recording_id,measurement_id,sample_index,time_seconds,gt_signal,predicted_signal
UBFC_PHYS_s15_T1_test,0,0,0.0,0.14103257656097412,0.0088700599995059
UBFC_PHYS_s15_T1_test,0,1,0.03333333333333333,0.14192090928554535,-0.10422515229842268
UBFC_PHYS_s15_T1_test,0,2,0.06666666666666667,0.1587410718202591,-0.23224404931818526
UBFC_PHYS_s15_T1_test,0,3,0.1,0.13211074471473694,-0.37398424473192254
UBFC_PHYS_s15_T1_test,0,4,0.13333333333333333,0.07593409717082977,-0.5033749431667993
UBFC_PHYS_s15_T1_test,0,5,0.16666666666666666,0.051910798996686935,-0.5787729543079873
UBFC_PHYS_s15_T1_test,0,6,0.2,0.08674843609333038,-0.5636644945746452
UBFC_PHYS_s15_T1_test,0,7,0.23333333333333334,0.1498192399740219,-0.4465329900258903
UBFC_PHYS_s15_T1_test,0,8,0.26666666666666666,0.18015733361244202,-0.24898227639164536
UBFC_PHYS_s15_T1_test,0,9,0.3,0.21599915623664856,-0.018637110862526517
UBFC_PHYS_s15_T1_test,0,10,0.3333333333333333,0.4575452506542206,0.1891952645367094
UBFC_PHYS_s15_T1_test,0,11,0.36666666666666664,1.00556218624115,0.3328154487609087
UBFC_PHYS_s15_T1_test,0,12,0.4,1.634281039237976,0.39947855254321524
UBFC_PHYS_s15_T1_test,0,13,0.43333333333333335,2.0102920532226562,0.40816915673727316
UBFC_PHYS_s15_T1_test,0,14,0.4666666666666667,2.043565273284912,0.39746920427376387
UBFC_PHYS_s15_T1_test,0,15,0.5,1.925978660583496,0.4026204221048587
UBFC_PHYS_s15_T1_test,0,16,0.5333333333333333,1.8971662521362305,0.4328526922488194
UBFC_PHYS_s15_T1_test,0,17,0.5666666666666667,1.9824836254119873,0.4621962892472027
UBFC_PHYS_s15_T1_test,0,18,0.6,2.0059854984283447,0.44067741317333803
UBFC_PHYS_s15_T1_test,0,19,0.6333333333333333,1.7856045961380005,0.3211847834790888
UBFC_PHYS_s15_T1_test,0,20,0.6666666666666666,1.240523099899292,0.08756806194908213
UBFC_PHYS_s15_T1_test,0,21,0.7,0.4125112295150757,-0.2314843891998844
UBFC_PHYS_s15_T1_test,0,22,0.7333333333333333,-0.4993310868740082,-0.569237726512068
UBFC_PHYS_s15_T1_test,0,23,0.7666666666666667,-1.2294344902038574,-0.843239098871542
UBFC_PHYS_s15_T1_test,0,24,0.8,-1.6893337965011597,-0.9821928444739029
UBFC_PHYS_s15_T1_test,0,25,0.8333333333333334,-2.0128564834594727,-0.94740726216598
UBFC_PHYS_s15_T1_test,0,26,0.8666666666666667,-2.309826135635376,-0.7432942768018733
UBFC_PHYS_s15_T1_test,0,27,0.9,-2.531867742538452,-0.4155588527751317
UBFC_PHYS_s15_T1_test,0,28,0.9333333333333333,-2.538684606552124,-0.03792702938336789
UBFC_PHYS_s15_T1_test,0,29,0.9666666666666667,-2.235496759414673,0.309707602209992
UBFC_PHYS_s15_T1_test,0,30,1.0,-1.685046672821045,0.5654137934049569
UBFC_PHYS_s15_T1_test,0,31,1.0333333333333334,-1.0947186946868896,0.7025856610171151
UBFC_PHYS_s15_T1_test,0,32,1.0666666666666667,-0.6402458548545837,0.7326682258326258
UBFC_PHYS_s15_T1_test,0,33,1.1,-0.3584742546081543,0.691599873318238
UBFC_PHYS_s15_T1_test,0,34,1.1333333333333333,-0.21736636757850647,0.6171281628555639
UBFC_PHYS_s15_T1_test,0,35,1.1666666666666667,-0.15848612785339355,0.529265475498402
UBFC_PHYS_s15_T1_test,0,36,1.2,-0.10570826381444931,0.42336123125841135
UBFC_PHYS_s15_T1_test,0,37,1.2333333333333334,-0.01728169061243534,0.2776061343050163
UBFC_PHYS_s15_T1_test,0,38,1.2666666666666666,0.0705462321639061,0.06992131217788533
UBFC_PHYS_s15_T1_test,0,39,1.3,0.10320168733596802,-0.20401522405330352
UBFC_PHYS_s15_T1_test,0,40,1.3333333333333333,0.08599529415369034,-0.5192632036366036
UBFC_PHYS_s15_T1_test,0,41,1.3666666666666667,0.04555737227201462,-0.8214030950565876
UBFC_PHYS_s15_T1_test,0,42,1.4,-0.03387012332677841,-1.0387360575314897
UBFC_PHYS_s15_T1_test,0,43,1.4333333333333333,-0.1743021011352539,-1.1039532627289896
UBFC_PHYS_s15_T1_test,0,44,1.4666666666666666,-0.35814595222473145,-0.9782388813519789
UBFC_PHYS_s15_T1_test,0,45,1.5,-0.5666310787200928,-0.6685591799394555
UBFC_PHYS_s15_T1_test,0,46,1.5333333333333334,-0.7676040530204773,-0.2304003858544374
UBFC_PHYS_s15_T1_test,0,47,1.5666666666666667,-0.845757007598877,0.24645741090653
UBFC_PHYS_s15_T1_test,0,48,1.6,-0.7065416574478149,0.6643934699813644
UBFC_PHYS_s15_T1_test,0,49,1.6333333333333333,-0.4388866126537323,0.9466407955797778
UBFC_PHYS_s15_T1_test,0,50,1.6666666666666667,-0.23109671473503113,1.0576947855485719
UBFC_PHYS_s15_T1_test,0,51,1.7,-0.15634256601333618,1.008579154187213
UBFC_PHYS_s15_T1_test,0,52,1.7333333333333334,-0.16302429139614105,0.8458142213582169
UBFC_PHYS_s15_T1_test,0,53,1.7666666666666666,-0.20674513280391693,0.6288353926831224
UBFC_PHYS_s15_T1_test,0,54,1.8,-0.2694876492023468,0.40508231299966413
UBFC_PHYS_s15_T1_test,0,55,1.8333333333333333,-0.31442511081695557,0.19331130653876863
UBFC_PHYS_s15_T1_test,0,56,1.8666666666666667,-0.2974311411380768,-0.017249609038026123
UBFC_PHYS_s15_T1_test,0,57,1.9,-0.20112554728984833,-0.2512999128910291
UBFC_PHYS_s15_T1_test,0,58,1.9333333333333333,-0.05403114855289459,-0.523368238257523
UBFC_PHYS_s15_T1_test,0,59,1.9666666666666666,0.08578287065029144,-0.8180794692920672
UBFC_PHYS_s15_T1_test,0,60,2.0,0.18969713151454926,-1.0853647435481533
UBFC_PHYS_s15_T1_test,0,61,2.033333333333333,0.27787265181541443,-1.2535433432036915
UBFC_PHYS_s15_T1_test,0,62,2.066666666666667,0.379450261592865,-1.2548222650862453
UBFC_PHYS_s15_T1_test,0,63,2.1,0.4969789981842041,-1.0525722865891265
UBFC_PHYS_s15_T1_test,0,64,2.1333333333333333,0.6091971397399902,-0.6595304264997357
UBFC_PHYS_s15_T1_test,0,65,2.1666666666666665,0.7301246523857117,-0.13981219556944055
UBFC_PHYS_s15_T1_test,0,66,2.2,0.9731384515762329,0.40681495546783863
UBFC_PHYS_s15_T1_test,0,67,2.2333333333333334,1.451576590538025,0.8738676290783383
UBFC_PHYS_s15_T1_test,0,68,2.2666666666666666,2.096961259841919,1.1804476005887943
UBFC_PHYS_s15_T1_test,0,69,2.3,2.6939516067504883,1.2945512884342334
UBFC_PHYS_s15_T1_test,0,70,2.3333333333333335,3.100010871887207,1.237299682405425
UBFC_PHYS_s15_T1_test,0,71,2.3666666666666667,3.3005011081695557,1.065836869600529
UBFC_PHYS_s15_T1_test,0,72,2.4,3.347041368484497,0.8434592467040454
UBFC_PHYS_s15_T1_test,0,73,2.433333333333333,3.309384346008301,0.6123500247221024
UBFC_PHYS_s15_T1_test,0,74,2.466666666666667,3.2367544174194336,0.38187223265256554
UBFC_PHYS_s15_T1_test,0,75,2.5,3.161421060562134,0.1358953460480761
UBFC_PHYS_s15_T1_test,0,76,2.533333333333333,3.108025074005127,-0.14750382210789456
UBFC_PHYS_s15_T1_test,0,77,2.566666666666667,2.977654457092285,-0.4754302880108112
UBFC_PHYS_s15_T1_test,0,78,2.6,2.544597864151001,-0.8276254861410383
UBFC_PHYS_s15_T1_test,0,79,2.6333333333333333,1.6818255186080933,-1.1552909780356262
UBFC_PHYS_s15_T1_test,0,80,2.6666666666666665,0.5130653381347656,-1.3906434864003203
UBFC_PHYS_s15_T1_test,0,81,2.7,-0.6889296770095825,-1.464737625650755
UBFC_PHYS_s15_T1_test,0,82,2.7333333333333334,-1.6916124820709229,-1.3295362905720827
UBFC_PHYS_s15_T1_test,0,83,2.7666666666666666,-2.4612655639648438,-0.9781011512509068
UBFC_PHYS_s15_T1_test,0,84,2.8,-3.1489226818084717,-0.455076188517207
UBFC_PHYS_s15_T1_test,0,85,2.8333333333333335,-3.7842845916748047,0.14906953162675576
UBFC_PHYS_s15_T1_test,0,86,2.8666666666666667,-4.1608171463012695,0.7208471808418249
UBFC_PHYS_s15_T1_test,0,87,2.9,-4.126211166381836,1.156462522930495
UBFC_PHYS_s15_T1_test,0,88,2.933333333333333,-3.777409791946411,1.3915292749369137
UBFC_PHYS_s15_T1_test,0,89,2.966666666666667,-3.312528133392334,1.415455524525525
UBFC_PHYS_s15_T1_test,0,90,3.0,-2.863424062728882,1.2657185815809044
UBFC_PHYS_s15_T1_test,0,91,3.033333333333333,-2.498845338821411,1.006584252558266
UBFC_PHYS_s15_T1_test,0,92,3.066666666666667,-2.234589099884033,0.7022749577491677
UBFC_PHYS_s15_T1_test,0,93,3.1,-2.0297539234161377,0.39522227506519253
UBFC_PHYS_s15_T1_test,0,94,3.1333333333333333,-1.8316196203231812,0.09734007030441479
UBFC_PHYS_s15_T1_test,0,95,3.1666666666666665,-1.624505639076233,-0.2029671481954512
UBFC_PHYS_s15_T1_test,0,96,3.2,-1.4244595766067505,-0.5219294182911849
UBFC_PHYS_s15_T1_test,0,97,3.2333333333333334,-1.25896155834198,-0.8588302264303099
UBFC_PHYS_s15_T1_test,0,98,3.2666666666666666,-1.168429970741272,-1.1823058102517283
UBFC_PHYS_s15_T1_test,0,99,3.3,-1.167406439781189,-1.4318633958495717
UBFC_PHYS_s15_T1_test,0,100,3.3333333333333335,-1.1757103204727173,-1.5352550358198824
UBFC_PHYS_s15_T1_test,0,101,3.3666666666666667,-1.0619473457336426,-1.435161224491311
UBFC_PHYS_s15_T1_test,0,102,3.4,-0.8004526495933533,-1.114247781215731
UBFC_PHYS_s15_T1_test,0,103,3.433333333333333,-0.521210789680481,-0.6080720856706403
UBFC_PHYS_s15_T1_test,0,104,3.466666666666667,-0.3395298421382904,-0.00030368891279618573
UBFC_PHYS_s15_T1_test,0,105,3.5,-0.18832212686538696,0.5985137592655947
UBFC_PHYS_s15_T1_test,0,106,3.533333333333333,0.08184336125850677,1.081872304397081
UBFC_PHYS_s15_T1_test,0,107,3.566666666666667,0.44420114159584045,1.37759517535001
UBFC_PHYS_s15_T1_test,0,108,3.6,0.7380422949790955,1.4662645380628585
UBFC_PHYS_s15_T1_test,0,109,3.6333333333333333,0.8856194615364075,1.3798617289334167
UBFC_PHYS_s15_T1_test,0,110,3.6666666666666665,0.918603241443634,1.180785261045165
UBFC_PHYS_s15_T1_test,0,111,3.7,0.8679882287979126,0.9309630565004835
UBFC_PHYS_s15_T1_test,0,112,3.7333333333333334,0.7770898342132568,0.6664861409485237
UBFC_PHYS_s15_T1_test,0,113,3.7666666666666666,0.7238484621047974,0.39036923465289103
UBFC_PHYS_s15_T1_test,0,114,3.8,0.7230953574180603,0.08504687612610745
UBFC_PHYS_s15_T1_test,0,115,3.8333333333333335,0.7249106168746948,-0.2648409343207638
UBFC_PHYS_s15_T1_test,0,116,3.8666666666666667,0.7178619503974915,-0.6521556695577931
UBFC_PHYS_s15_T1_test,0,117,3.9,0.703571617603302,-1.0383287222225126
UBFC_PHYS_s15_T1_test,0,118,3.933333333333333,0.6355571150779724,-1.358309311379957
UBFC_PHYS_s15_T1_test,0,119,3.966666666666667,0.4958396255970001,-1.5368745026439579
UBFC_PHYS_s15_T1_test,0,120,4.0,0.3374288082122803,-1.5113444086737367
UBFC_PHYS_s15_T1_test,0,121,4.033333333333333,0.19680370390415192,-1.2544799741999737
UBFC_PHYS_s15_T1_test,0,122,4.066666666666666,0.05778144299983978,-0.7900330160665219
UBFC_PHYS_s15_T1_test,0,123,4.1,-0.08612658083438873,-0.19371056316738633
UBFC_PHYS_s15_T1_test,0,124,4.133333333333334,-0.19608528912067413,0.4237366844111426
UBFC_PHYS_s15_T1_test,0,125,4.166666666666667,-0.19141194224357605,0.9473861091167032
UBFC_PHYS_s15_T1_test,0,126,4.2,-0.02923540212213993,1.2916784757247466
UBFC_PHYS_s15_T1_test,0,127,4.233333333333333,0.20640143752098083,1.4226913064470552
UBFC_PHYS_s15_T1_test,0,128,4.266666666666667,0.37444862723350525,1.3601448578934423
UBFC_PHYS_s15_T1_test,0,129,4.3,0.42201241850852966,1.1598790717592236
UBFC_PHYS_s15_T1_test,0,130,4.333333333333333,0.3888934850692749,0.8864910906282822
UBFC_PHYS_s15_T1_test,0,131,4.366666666666666,0.3213231563568115,0.5890953645185758
UBFC_PHYS_s15_T1_test,0,132,4.4,0.2620566785335541,0.2894405222526668
UBFC_PHYS_s15_T1_test,0,133,4.433333333333334,0.2552397847175598,-0.015293499297322466
UBFC_PHYS_s15_T1_test,0,134,4.466666666666667,0.2906760573387146,-0.338241492523249
UBFC_PHYS_s15_T1_test,0,135,4.5,0.3000613749027252,-0.6836968809437056
UBFC_PHYS_s15_T1_test,0,136,4.533333333333333,0.24179910123348236,-1.0313092017266765
UBFC_PHYS_s15_T1_test,0,137,4.566666666666666,0.1395069807767868,-1.33120693403745
UBFC_PHYS_s15_T1_test,0,138,4.6,0.03298569843173027,-1.5138108997695694
UBFC_PHYS_s15_T1_test,0,139,4.633333333333334,-0.04980196803808212,-1.5120858797737768
UBFC_PHYS_s15_T1_test,0,140,4.666666666666667,-0.12208427488803864,-1.288077037517968
UBFC_PHYS_s15_T1_test,0,141,4.7,-0.22713789343833923,-0.8527970542233041
UBFC_PHYS_s15_T1_test,0,142,4.733333333333333,-0.3702348470687866,-0.27064325218714125
UBFC_PHYS_s15_T1_test,0,143,4.766666666666667,-0.4850020706653595,0.35454046217525853
UBFC_PHYS_s15_T1_test,0,144,4.8,-0.4698812961578369,0.9075746517908467
UBFC_PHYS_s15_T1_test,0,145,4.833333333333333,-0.25900158286094666,1.2945061927164248
UBFC_PHYS_s15_T1_test,0,146,4.866666666666666,0.09731173515319824,1.4678746871224801
UBFC_PHYS_s15_T1_test,0,147,4.9,0.4305287003517151,1.4352848790904156
UBFC_PHYS_s15_T1_test,0,148,4.933333333333334,0.634842574596405,1.2481001814006336
UBFC_PHYS_s15_T1_test,0,149,4.966666666666667,0.7699446082115173,0.9752702955345075
UBFC_PHYS_s15_T1_test,0,150,5.0,0.8938847184181213,0.674241526173818
UBFC_PHYS_s15_T1_test,0,151,5.033333333333333,0.9860963225364685,0.3724749963506196
UBFC_PHYS_s15_T1_test,0,152,5.066666666666666,1.103142261505127,0.06749707820226518
UBFC_PHYS_s15_T1_test,0,153,5.1,1.3370797634124756,-0.2563830732626796
UBFC_PHYS_s15_T1_test,0,154,5.133333333333334,1.6405959129333496,-0.6050305320686987
UBFC_PHYS_s15_T1_test,0,155,5.166666666666667,1.862830638885498,-0.9577648786152143
UBFC_PHYS_s15_T1_test,0,156,5.2,1.8853669166564941,-1.264701872996987
UBFC_PHYS_s15_T1_test,0,157,5.233333333333333,1.676766037940979,-1.4583536270940043
UBFC_PHYS_s15_T1_test,0,158,5.266666666666667,1.312631607055664,-1.474606845722932
UBFC_PHYS_s15_T1_test,0,159,5.3,0.9486902952194214,-1.2760944429192926
UBFC_PHYS_s15_T1_test,0,160,5.333333333333333,0.6489205360412598,-0.8703359510732017
UBFC_PHYS_s15_T1_test,0,161,5.366666666666666,0.34526920318603516,-0.3156244925013777
UBFC_PHYS_s15_T1_test,0,162,5.4,0.024932874366641045,0.28970681286821337
UBFC_PHYS_s15_T1_test,0,163,5.433333333333334,-0.1828763335943222,0.8334219244823442
UBFC_PHYS_s15_T1_test,0,164,5.466666666666667,-0.1992330253124237,1.2223140342423982
UBFC_PHYS_s15_T1_test,0,165,5.5,-0.12575341761112213,1.408572252450109
UBFC_PHYS_s15_T1_test,0,166,5.533333333333333,-0.10366126149892807,1.3981492662011792
UBFC_PHYS_s15_T1_test,0,167,5.566666666666666,-0.16605617105960846,1.2381058991492218
UBFC_PHYS_s15_T1_test,0,168,5.6,-0.29949745535850525,0.990531196233547
UBFC_PHYS_s15_T1_test,0,169,5.633333333333334,-0.4876863360404968,0.7067302839371822
UBFC_PHYS_s15_T1_test,0,170,5.666666666666667,-0.6796988844871521,0.41299026819225965
UBFC_PHYS_s15_T1_test,0,171,5.7,-0.7977297306060791,0.11151384802024165
UBFC_PHYS_s15_T1_test,0,172,5.733333333333333,-0.8041217923164368,-0.2071386367172737
UBFC_PHYS_s15_T1_test,0,173,5.766666666666667,-0.7330560684204102,-0.5472757153289657
UBFC_PHYS_s15_T1_test,0,174,5.8,-0.6488394141197205,-0.8938213283955364
UBFC_PHYS_s15_T1_test,0,175,5.833333333333333,-0.5914461016654968,-1.2056280070404979
UBFC_PHYS_s15_T1_test,0,176,5.866666666666666,-0.5790868401527405,-1.4199136044210916
UBFC_PHYS_s15_T1_test,0,177,5.9,-0.5910791754722595,-1.46886990627894
UBFC_PHYS_s15_T1_test,0,178,5.933333333333334,-0.5821380615234375,-1.3046232349877718
UBFC_PHYS_s15_T1_test,0,179,5.966666666666667,-0.5904226303100586,-0.9233979761445086
UBFC_PHYS_s15_T1_test,0,180,6.0,-0.7470954060554504,-0.3774649975110967
UBFC_PHYS_s15_T1_test,0,181,6.033333333333333,-1.0670262575149536,0.23305759549222144
UBFC_PHYS_s15_T1_test,0,182,6.066666666666666,-1.325991153717041,0.7876613864748031
UBFC_PHYS_s15_T1_test,0,183,6.1,-1.3379641771316528,1.1819230620764887
UBFC_PHYS_s15_T1_test,0,184,6.133333333333334,-1.173856496810913,1.358333809780378
UBFC_PHYS_s15_T1_test,0,185,6.166666666666667,-1.06071138381958,1.3193633553214454
UBFC_PHYS_s15_T1_test,0,186,6.2,-1.1281851530075073,1.1185962110513328
UBFC_PHYS_s15_T1_test,0,187,6.233333333333333,-1.287986397743225,0.8349030781789313
UBFC_PHYS_s15_T1_test,0,188,6.266666666666667,-1.3232874870300293,0.5407404508332728
UBFC_PHYS_s15_T1_test,0,189,6.3,-1.1338047981262207,0.277302617642874
UBFC_PHYS_s15_T1_test,0,190,6.333333333333333,-0.8357344269752502,0.04643434951628867
UBFC_PHYS_s15_T1_test,0,191,6.366666666666666,-0.5708988904953003,-0.17785584405510024
UBFC_PHYS_s15_T1_test,0,192,6.4,-0.37429022789001465,-0.4247109428519542
UBFC_PHYS_s15_T1_test,0,193,6.433333333333334,-0.23192711174488068,-0.7013421931010189
UBFC_PHYS_s15_T1_test,0,194,6.466666666666667,-0.1419363170862198,-0.9797628344694058
UBFC_PHYS_s15_T1_test,0,195,6.5,-0.09475874155759811,-1.2012104561232824
UBFC_PHYS_s15_T1_test,0,196,6.533333333333333,-0.11238998174667358,-1.2960027797692146
UBFC_PHYS_s15_T1_test,0,197,6.566666666666666,-0.2774246037006378,-1.2104687108117158
UBFC_PHYS_s15_T1_test,0,198,6.6,-0.617207407951355,-0.9305844725261677
UBFC_PHYS_s15_T1_test,0,199,6.633333333333334,-0.9675149321556091,-0.49350911178622114
UBFC_PHYS_s15_T1_test,0,200,6.666666666666667,-1.036475658416748,0.018034600104324318
UBFC_PHYS_s15_T1_test,0,201,6.7,-0.6670306324958801,0.49816072426853797
UBFC_PHYS_s15_T1_test,0,202,6.733333333333333,-0.050458554178476334,0.8502696774169785
UBFC_PHYS_s15_T1_test,0,203,6.766666666666667,0.4273616671562195,1.0176793116626268
UBFC_PHYS_s15_T1_test,0,204,6.8,0.5982475876808167,0.9995277048721587
UBFC_PHYS_s15_T1_test,0,205,6.833333333333333,0.582489550113678,0.8444280502247298
UBFC_PHYS_s15_T1_test,0,206,6.866666666666666,0.5036414265632629,0.625064410146006
UBFC_PHYS_s15_T1_test,0,207,6.9,0.43029698729515076,0.40655397445842
UBFC_PHYS_s15_T1_test,0,208,6.933333333333334,0.44389215111732483,0.2236436628789673
UBFC_PHYS_s15_T1_test,0,209,6.966666666666667,0.5814467668533325,0.0758310126319947
UBFC_PHYS_s15_T1_test,0,210,7.0,0.7887345552444458,-0.0606030686175239
UBFC_PHYS_s15_T1_test,0,211,7.033333333333333,0.9825044274330139,-0.21213983961013538
UBFC_PHYS_s15_T1_test,0,212,7.066666666666666,1.1065410375595093,-0.3885078554138741
UBFC_PHYS_s15_T1_test,0,213,7.1,1.1362805366516113,-0.5707456770027576
UBFC_PHYS_s15_T1_test,0,214,7.133333333333334,1.0615264177322388,-0.7112802354854662
UBFC_PHYS_s15_T1_test,0,215,7.166666666666667,0.8919535875320435,-0.7479451893290948
UBFC_PHYS_s15_T1_test,0,216,7.2,0.6615115404129028,-0.6289838418953301
UBFC_PHYS_s15_T1_test,0,217,7.233333333333333,0.3878120481967926,-0.34000533838748104
UBFC_PHYS_s15_T1_test,0,218,7.266666666666667,0.10634943842887878,0.07987446433619809
UBFC_PHYS_s15_T1_test,0,219,7.3,-0.0305099505931139,0.5429790139251541
UBFC_PHYS_s15_T1_test,0,220,7.333333333333333,0.10984478890895844,0.9398966217471344
UBFC_PHYS_s15_T1_test,0,221,7.366666666666666,0.431919127702713,1.1774610211702223
UBFC_PHYS_s15_T1_test,0,222,7.4,0.7175916433334351,1.2106212846019735
UBFC_PHYS_s15_T1_test,0,223,7.433333333333334,0.8653233051300049,1.0539494636897853
UBFC_PHYS_s15_T1_test,0,224,7.466666666666667,0.9173673391342163,0.7698773703570367
UBFC_PHYS_s15_T1_test,0,225,7.5,0.9277760982513428,0.4420358199000384
UBFC_PHYS_s15_T1_test,0,226,7.533333333333333,0.9012616872787476,0.14588102771444697
UBFC_PHYS_s15_T1_test,0,227,7.566666666666666,0.8263723254203796,-0.07367860255963536
UBFC_PHYS_s15_T1_test,0,228,7.6,0.7087856531143188,-0.2120109191119177
UBFC_PHYS_s15_T1_test,0,229,7.633333333333334,0.584942102432251,-0.2999309210162504
UBFC_PHYS_s15_T1_test,0,230,7.666666666666667,0.48950549960136414,-0.38602541013019553
UBFC_PHYS_s15_T1_test,0,231,7.7,0.38215383887290955,-0.5120250215145189
UBFC_PHYS_s15_T1_test,0,232,7.733333333333333,0.17838069796562195,-0.6910263853584568
UBFC_PHYS_s15_T1_test,0,233,7.766666666666667,-0.10481994599103928,-0.8984850245072667
UBFC_PHYS_s15_T1_test,0,234,7.8,-0.3359379172325134,-1.0801897761653827
UBFC_PHYS_s15_T1_test,0,235,7.833333333333333,-0.4348312318325043,-1.1731576079688537
UBFC_PHYS_s15_T1_test,0,236,7.866666666666666,-0.4178565740585327,-1.12968328272139
UBFC_PHYS_s15_T1_test,0,237,7.9,-0.3170514404773712,-0.9344930212175865
UBFC_PHYS_s15_T1_test,0,238,7.933333333333334,-0.13859546184539795,-0.6096674440359818
UBFC_PHYS_s15_T1_test,0,239,7.966666666666667,0.08838990330696106,-0.2081668000036291
UBFC_PHYS_s15_T1_test,1,0,1.0,-1.685046672821045,-0.09871406210919528
UBFC_PHYS_s15_T1_test,1,1,1.0333333333333334,-1.0947186946868896,0.17373702944684385
UBFC_PHYS_s15_T1_test,1,2,1.0666666666666667,-0.6402458548545837,0.4360569658294153
UBFC_PHYS_s15_T1_test,1,3,1.1,-0.3584742546081543,0.6723496828453958
UBFC_PHYS_s15_T1_test,1,4,1.1333333333333333,-0.21736636757850647,0.8623396786848407
UBFC_PHYS_s15_T1_test,1,5,1.1666666666666667,-0.15848612785339355,0.9808881597802998
UBFC_PHYS_s15_T1_test,1,6,1.2,-0.10570826381444931,1.0000741816905783
UBFC_PHYS_s15_T1_test,1,7,1.2333333333333334,-0.01728169061243534,0.8957043054570758
UBFC_PHYS_s15_T1_test,1,8,1.2666666666666666,0.0705462321639061,0.6578558946035665
UBFC_PHYS_s15_T1_test,1,9,1.3,0.10320168733596802,0.30161724793045835
UBFC_PHYS_s15_T1_test,1,10,1.3333333333333333,0.08599529415369034,-0.12745534282951024
UBFC_PHYS_s15_T1_test,1,11,1.3666666666666667,0.04555737227201462,-0.557391099636108
UBFC_PHYS_s15_T1_test,1,12,1.4,-0.03387012332677841,-0.904090677430616
UBFC_PHYS_s15_T1_test,1,13,1.4333333333333333,-0.1743021011352539,-1.0924438049708292
UBFC_PHYS_s15_T1_test,1,14,1.4666666666666666,-0.35814595222473145,-1.0778868265144086
UBFC_PHYS_s15_T1_test,1,15,1.5,-0.5666310787200928,-0.8611321608167585
UBFC_PHYS_s15_T1_test,1,16,1.5333333333333334,-0.7676040530204773,-0.4903238228591953
UBFC_PHYS_s15_T1_test,1,17,1.5666666666666667,-0.845757007598877,-0.0485617235526538
UBFC_PHYS_s15_T1_test,1,18,1.6,-0.7065416574478149,0.37022538978664077
UBFC_PHYS_s15_T1_test,1,19,1.6333333333333333,-0.4388866126537323,0.6891078830957421
UBFC_PHYS_s15_T1_test,1,20,1.6666666666666667,-0.23109671473503113,0.8689707073671831
UBFC_PHYS_s15_T1_test,1,21,1.7,-0.15634256601333618,0.913636266289286
UBFC_PHYS_s15_T1_test,1,22,1.7333333333333334,-0.16302429139614105,0.8577698795656318
UBFC_PHYS_s15_T1_test,1,23,1.7666666666666666,-0.20674513280391693,0.7443269563560833
UBFC_PHYS_s15_T1_test,1,24,1.8,-0.2694876492023468,0.6028249609275741
UBFC_PHYS_s15_T1_test,1,25,1.8333333333333333,-0.31442511081695557,0.4384778504040319
UBFC_PHYS_s15_T1_test,1,26,1.8666666666666667,-0.2974311411380768,0.23628000647810865
UBFC_PHYS_s15_T1_test,1,27,1.9,-0.20112554728984833,-0.023179679272817343
UBFC_PHYS_s15_T1_test,1,28,1.9333333333333333,-0.05403114855289459,-0.3444462474091914
UBFC_PHYS_s15_T1_test,1,29,1.9666666666666666,0.08578287065029144,-0.7036789661506052
UBFC_PHYS_s15_T1_test,1,30,2.0,0.18969713151454926,-1.047080879746742
UBFC_PHYS_s15_T1_test,1,31,2.033333333333333,0.27787265181541443,-1.3023863079681022
UBFC_PHYS_s15_T1_test,1,32,2.066666666666667,0.379450261592865,-1.3996429412501035
UBFC_PHYS_s15_T1_test,1,33,2.1,0.4969789981842041,-1.2943215307683933
UBFC_PHYS_s15_T1_test,1,34,2.1333333333333333,0.6091971397399902,-0.9848512413394254
UBFC_PHYS_s15_T1_test,1,35,2.1666666666666665,0.7301246523857117,-0.5180118526311717
UBFC_PHYS_s15_T1_test,1,36,2.2,0.9731384515762329,0.021019895284648545
UBFC_PHYS_s15_T1_test,1,37,2.2333333333333334,1.451576590538025,0.5320244319459905
UBFC_PHYS_s15_T1_test,1,38,2.2666666666666666,2.096961259841919,0.9288293379338695
UBFC_PHYS_s15_T1_test,1,39,2.3,2.6939516067504883,1.1629840151364692
UBFC_PHYS_s15_T1_test,1,40,2.3333333333333335,3.100010871887207,1.2322059148225777
UBFC_PHYS_s15_T1_test,1,41,2.3666666666666667,3.3005011081695557,1.1703667565938851
UBFC_PHYS_s15_T1_test,1,42,2.4,3.347041368484497,1.0249395178633136
UBFC_PHYS_s15_T1_test,1,43,2.433333333333333,3.309384346008301,0.8339178114789597
UBFC_PHYS_s15_T1_test,1,44,2.466666666666667,3.2367544174194336,0.6131565299229682
UBFC_PHYS_s15_T1_test,1,45,2.5,3.161421060562134,0.3583399017275607
UBFC_PHYS_s15_T1_test,1,46,2.533333333333333,3.108025074005127,0.05801195024348599
UBFC_PHYS_s15_T1_test,1,47,2.566666666666667,2.977654457092285,-0.2903014259315962
UBFC_PHYS_s15_T1_test,1,48,2.6,2.544597864151001,-0.6681943143179527
UBFC_PHYS_s15_T1_test,1,49,2.6333333333333333,1.6818255186080933,-1.0326807221709804
UBFC_PHYS_s15_T1_test,1,50,2.6666666666666665,0.5130653381347656,-1.3217539180826732
UBFC_PHYS_s15_T1_test,1,51,2.7,-0.6889296770095825,-1.4682253228655093
UBFC_PHYS_s15_T1_test,1,52,2.7333333333333334,-1.6916124820709229,-1.4188316973146746
UBFC_PHYS_s15_T1_test,1,53,2.7666666666666666,-2.4612655639648438,-1.1533845934576663
UBFC_PHYS_s15_T1_test,1,54,2.8,-3.1489226818084717,-0.6971542024890003
UBFC_PHYS_s15_T1_test,1,55,2.8333333333333335,-3.7842845916748047,-0.12036504438512048
UBFC_PHYS_s15_T1_test,1,56,2.8666666666666667,-4.1608171463012695,0.47734758128784355
UBFC_PHYS_s15_T1_test,1,57,2.9,-4.126211166381836,0.9933837457810635
UBFC_PHYS_s15_T1_test,1,58,2.933333333333333,-3.777409791946411,1.3496845940667384
UBFC_PHYS_s15_T1_test,1,59,2.966666666666667,-3.312528133392334,1.51031880592299
UBFC_PHYS_s15_T1_test,1,60,3.0,-2.863424062728882,1.4831699414348403
UBFC_PHYS_s15_T1_test,1,61,3.033333333333333,-2.498845338821411,1.3072661963792473
UBFC_PHYS_s15_T1_test,1,62,3.066666666666667,-2.234589099884033,1.0326495449315203
UBFC_PHYS_s15_T1_test,1,63,3.1,-2.0297539234161377,0.7014864407958801
UBFC_PHYS_s15_T1_test,1,64,3.1333333333333333,-1.8316196203231812,0.33786718172680186
UBFC_PHYS_s15_T1_test,1,65,3.1666666666666665,-1.624505639076233,-0.05023611830849229
UBFC_PHYS_s15_T1_test,1,66,3.2,-1.4244595766067505,-0.45900987204214466
UBFC_PHYS_s15_T1_test,1,67,3.2333333333333334,-1.25896155834198,-0.8736515044904274
UBFC_PHYS_s15_T1_test,1,68,3.2666666666666666,-1.168429970741272,-1.2581687613842678
UBFC_PHYS_s15_T1_test,1,69,3.3,-1.167406439781189,-1.5559081250733011
UBFC_PHYS_s15_T1_test,1,70,3.3333333333333335,-1.1757103204727173,-1.7018745844570202
UBFC_PHYS_s15_T1_test,1,71,3.3666666666666667,-1.0619473457336426,-1.6429238991074024
UBFC_PHYS_s15_T1_test,1,72,3.4,-0.8004526495933533,-1.3585896205574572
UBFC_PHYS_s15_T1_test,1,73,3.433333333333333,-0.521210789680481,-0.8745337808060625
UBFC_PHYS_s15_T1_test,1,74,3.466666666666667,-0.3395298421382904,-0.2625098351883367
UBFC_PHYS_s15_T1_test,1,75,3.5,-0.18832212686538696,0.3749419005137393
UBFC_PHYS_s15_T1_test,1,76,3.533333333333333,0.08184336125850677,0.9311086740846273
UBFC_PHYS_s15_T1_test,1,77,3.566666666666667,0.44420114159584045,1.3240196001554634
UBFC_PHYS_s15_T1_test,1,78,3.6,0.7380422949790955,1.5166786240933865
UBFC_PHYS_s15_T1_test,1,79,3.6333333333333333,0.8856194615364075,1.5204334789966414
UBFC_PHYS_s15_T1_test,1,80,3.6666666666666665,0.918603241443634,1.380494707846693
UBFC_PHYS_s15_T1_test,1,81,3.7,0.8679882287979126,1.1509758260709935
UBFC_PHYS_s15_T1_test,1,82,3.7333333333333334,0.7770898342132568,0.8719296057005852
UBFC_PHYS_s15_T1_test,1,83,3.7666666666666666,0.7238484621047974,0.5593062568207416
UBFC_PHYS_s15_T1_test,1,84,3.8,0.7230953574180603,0.21087852323639472
UBFC_PHYS_s15_T1_test,1,85,3.8333333333333335,0.7249106168746948,-0.17751143843428346
UBFC_PHYS_s15_T1_test,1,86,3.8666666666666667,0.7178619503974915,-0.594946786486364
UBFC_PHYS_s15_T1_test,1,87,3.9,0.703571617603302,-1.0058157529552112
UBFC_PHYS_s15_T1_test,1,88,3.933333333333333,0.6355571150779724,-1.3514743725539011
UBFC_PHYS_s15_T1_test,1,89,3.966666666666667,0.4958396255970001,-1.5626360947778257
UBFC_PHYS_s15_T1_test,1,90,4.0,0.3374288082122803,-1.5787968145286504
UBFC_PHYS_s15_T1_test,1,91,4.033333333333333,0.19680370390415192,-1.3690471962684474
UBFC_PHYS_s15_T1_test,1,92,4.066666666666666,0.05778144299983978,-0.9474594893021143
UBFC_PHYS_s15_T1_test,1,93,4.1,-0.08612658083438873,-0.37664041801829184
UBFC_PHYS_s15_T1_test,1,94,4.133333333333334,-0.19608528912067413,0.24401412211569018
UBFC_PHYS_s15_T1_test,1,95,4.166666666666667,-0.19141194224357605,0.8034465007024416
UBFC_PHYS_s15_T1_test,1,96,4.2,-0.02923540212213993,1.2094298427445567
UBFC_PHYS_s15_T1_test,1,97,4.233333333333333,0.20640143752098083,1.4128634475593465
UBFC_PHYS_s15_T1_test,1,98,4.266666666666667,0.37444862723350525,1.4160066907768276
UBFC_PHYS_s15_T1_test,1,99,4.3,0.42201241850852966,1.26168219312049
UBFC_PHYS_s15_T1_test,1,100,4.333333333333333,0.3888934850692749,1.0095090646460747
UBFC_PHYS_s15_T1_test,1,101,4.366666666666666,0.3213231563568115,0.7110418654983793
UBFC_PHYS_s15_T1_test,1,102,4.4,0.2620566785335541,0.3947311916207598
UBFC_PHYS_s15_T1_test,1,103,4.433333333333334,0.2552397847175598,0.06560615868343972
UBFC_PHYS_s15_T1_test,1,104,4.466666666666667,0.2906760573387146,-0.2823941870134297
UBFC_PHYS_s15_T1_test,1,105,4.5,0.3000613749027252,-0.6485535816777248
UBFC_PHYS_s15_T1_test,1,106,4.533333333333333,0.24179910123348236,-1.0107981928681695
UBFC_PHYS_s15_T1_test,1,107,4.566666666666666,0.1395069807767868,-1.3214035996706268
UBFC_PHYS_s15_T1_test,1,108,4.6,0.03298569843173027,-1.5155922510907005
UBFC_PHYS_s15_T1_test,1,109,4.633333333333334,-0.04980196803808212,-1.530522676773702
UBFC_PHYS_s15_T1_test,1,110,4.666666666666667,-0.12208427488803864,-1.3282187446742377
UBFC_PHYS_s15_T1_test,1,111,4.7,-0.22713789343833923,-0.9141828463205955
UBFC_PHYS_s15_T1_test,1,112,4.733333333333333,-0.3702348470687866,-0.3441684730350436
UBFC_PHYS_s15_T1_test,1,113,4.766666666666667,-0.4850020706653595,0.28505661168089924
UBFC_PHYS_s15_T1_test,1,114,4.8,-0.4698812961578369,0.8596989916610197
UBFC_PHYS_s15_T1_test,1,115,4.833333333333333,-0.25900158286094666,1.2804287546824693
UBFC_PHYS_s15_T1_test,1,116,4.866666666666666,0.09731173515319824,1.4899284528755263
UBFC_PHYS_s15_T1_test,1,117,4.9,0.4305287003517151,1.4854235503866076
UBFC_PHYS_s15_T1_test,1,118,4.933333333333334,0.634842574596405,1.3110346343342973
UBFC_PHYS_s15_T1_test,1,119,4.966666666666667,0.7699446082115173,1.0338064021865374
UBFC_PHYS_s15_T1_test,1,120,5.0,0.8938847184181213,0.714925573843212
UBFC_PHYS_s15_T1_test,1,121,5.033333333333333,0.9860963225364685,0.3896749282677297
UBFC_PHYS_s15_T1_test,1,122,5.066666666666666,1.103142261505127,0.06455829663458584
UBFC_PHYS_s15_T1_test,1,123,5.1,1.3370797634124756,-0.2692836780574057
UBFC_PHYS_s15_T1_test,1,124,5.133333333333334,1.6405959129333496,-0.6155245617676823
UBFC_PHYS_s15_T1_test,1,125,5.166666666666667,1.862830638885498,-0.9567491589327942
UBFC_PHYS_s15_T1_test,1,126,5.2,1.8853669166564941,-1.2507974875433043
UBFC_PHYS_s15_T1_test,1,127,5.233333333333333,1.676766037940979,-1.439941469457041
UBFC_PHYS_s15_T1_test,1,128,5.266666666666667,1.312631607055664,-1.4684051074418907
UBFC_PHYS_s15_T1_test,1,129,5.3,0.9486902952194214,-1.301797184010697
UBFC_PHYS_s15_T1_test,1,130,5.333333333333333,0.6489205360412598,-0.9421992069619392
UBFC_PHYS_s15_T1_test,1,131,5.366666666666666,0.34526920318603516,-0.4339122490897189
UBFC_PHYS_s15_T1_test,1,132,5.4,0.024932874366641045,0.1431103865624794
UBFC_PHYS_s15_T1_test,1,133,5.433333333333334,-0.1828763335943222,0.6917555055610533
UBFC_PHYS_s15_T1_test,1,134,5.466666666666667,-0.1992330253124237,1.1231376952028043
UBFC_PHYS_s15_T1_test,1,135,5.5,-0.12575341761112213,1.379984244748979
UBFC_PHYS_s15_T1_test,1,136,5.533333333333333,-0.10366126149892807,1.4486727034003781
UBFC_PHYS_s15_T1_test,1,137,5.566666666666666,-0.16605617105960846,1.3549876521015112
UBFC_PHYS_s15_T1_test,1,138,5.6,-0.29949745535850525,1.1465237478332921
UBFC_PHYS_s15_T1_test,1,139,5.633333333333334,-0.4876863360404968,0.8710506438839655
UBFC_PHYS_s15_T1_test,1,140,5.666666666666667,-0.6796988844871521,0.5608893705386071
UBFC_PHYS_s15_T1_test,1,141,5.7,-0.7977297306060791,0.22900944714926802
UBFC_PHYS_s15_T1_test,1,142,5.733333333333333,-0.8041217923164368,-0.12355157991541844
UBFC_PHYS_s15_T1_test,1,143,5.766666666666667,-0.7330560684204102,-0.49409701935908085
UBFC_PHYS_s15_T1_test,1,144,5.8,-0.6488394141197205,-0.8653605703226628
UBFC_PHYS_s15_T1_test,1,145,5.833333333333333,-0.5914461016654968,-1.199134512022397
UBFC_PHYS_s15_T1_test,1,146,5.866666666666666,-0.5790868401527405,-1.4397819380126815
UBFC_PHYS_s15_T1_test,1,147,5.9,-0.5910791754722595,-1.5275897785434027
UBFC_PHYS_s15_T1_test,1,148,5.933333333333334,-0.5821380615234375,-1.4182189085566865
UBFC_PHYS_s15_T1_test,1,149,5.966666666666667,-0.5904226303100586,-1.1015845655977377
UBFC_PHYS_s15_T1_test,1,150,6.0,-0.7470954060554504,-0.6126147562791237
UBFC_PHYS_s15_T1_test,1,151,6.033333333333333,-1.0670262575149536,-0.028373489811603418
UBFC_PHYS_s15_T1_test,1,152,6.066666666666666,-1.325991153717041,0.5491992496863279
UBFC_PHYS_s15_T1_test,1,153,6.1,-1.3379641771316528,1.0199473166329622
UBFC_PHYS_s15_T1_test,1,154,6.133333333333334,-1.173856496810913,1.3123499353383694
UBFC_PHYS_s15_T1_test,1,155,6.166666666666667,-1.06071138381958,1.4007031574777513
UBFC_PHYS_s15_T1_test,1,156,6.2,-1.1281851530075073,1.306339906348932
UBFC_PHYS_s15_T1_test,1,157,6.233333333333333,-1.287986397743225,1.082967684305742
UBFC_PHYS_s15_T1_test,1,158,6.266666666666667,-1.3232874870300293,0.792704994838003
UBFC_PHYS_s15_T1_test,1,159,6.3,-1.1338047981262207,0.48329158310531833
UBFC_PHYS_s15_T1_test,1,160,6.333333333333333,-0.8357344269752502,0.17634046060026493
UBFC_PHYS_s15_T1_test,1,161,6.366666666666666,-0.5708988904953003,-0.12888751403178214
UBFC_PHYS_s15_T1_test,1,162,6.4,-0.37429022789001465,-0.439700931943189
UBFC_PHYS_s15_T1_test,1,163,6.433333333333334,-0.23192711174488068,-0.7516048655660836
UBFC_PHYS_s15_T1_test,1,164,6.466666666666667,-0.1419363170862198,-1.0370645843123176
UBFC_PHYS_s15_T1_test,1,165,6.5,-0.09475874155759811,-1.2468631975685645
UBFC_PHYS_s15_T1_test,1,166,6.533333333333333,-0.11238998174667358,-1.32379320435913
UBFC_PHYS_s15_T1_test,1,167,6.566666666666666,-0.2774246037006378,-1.2234961842887042
UBFC_PHYS_s15_T1_test,1,168,6.6,-0.617207407951355,-0.9344450253096672
UBFC_PHYS_s15_T1_test,1,169,6.633333333333334,-0.9675149321556091,-0.48911281812197377
UBFC_PHYS_s15_T1_test,1,170,6.666666666666667,-1.036475658416748,0.038761747989763215
UBFC_PHYS_s15_T1_test,1,171,6.7,-0.6670306324958801,0.551259281545896
UBFC_PHYS_s15_T1_test,1,172,6.733333333333333,-0.050458554178476334,0.9531259223002481
UBFC_PHYS_s15_T1_test,1,173,6.766666666666667,0.4273616671562195,1.1794810712657418
UBFC_PHYS_s15_T1_test,1,174,6.8,0.5982475876808167,1.213514240036929
UBFC_PHYS_s15_T1_test,1,175,6.833333333333333,0.582489550113678,1.0861769201981328
UBFC_PHYS_s15_T1_test,1,176,6.866666666666666,0.5036414265632629,0.8579373383281085
UBFC_PHYS_s15_T1_test,1,177,6.9,0.43029698729515076,0.591588980431147
UBFC_PHYS_s15_T1_test,1,178,6.933333333333334,0.44389215111732483,0.32937770219522083
UBFC_PHYS_s15_T1_test,1,179,6.966666666666667,0.5814467668533325,0.08464810199358418
UBFC_PHYS_s15_T1_test,1,180,7.0,0.7887345552444458,-0.15049118277777943
UBFC_PHYS_s15_T1_test,1,181,7.033333333333333,0.9825044274330139,-0.388170103274748
UBFC_PHYS_s15_T1_test,1,182,7.066666666666666,1.1065410375595093,-0.6277194384431836
UBFC_PHYS_s15_T1_test,1,183,7.1,1.1362805366516113,-0.8459285447531548
UBFC_PHYS_s15_T1_test,1,184,7.133333333333334,1.0615264177322388,-0.998621887770616
UBFC_PHYS_s15_T1_test,1,185,7.166666666666667,0.8919535875320435,-1.0337443088457623
UBFC_PHYS_s15_T1_test,1,186,7.2,0.6615115404129028,-0.9118174862332851
UBFC_PHYS_s15_T1_test,1,187,7.233333333333333,0.3878120481967926,-0.6260844084480683
UBFC_PHYS_s15_T1_test,1,188,7.266666666666667,0.10634943842887878,-0.2136160597875014
UBFC_PHYS_s15_T1_test,1,189,7.3,-0.0305099505931139,0.24886024076478483
UBFC_PHYS_s15_T1_test,1,190,7.333333333333333,0.10984478890895844,0.6649306520452897
UBFC_PHYS_s15_T1_test,1,191,7.366666666666666,0.431919127702713,0.9477628867319239
UBFC_PHYS_s15_T1_test,1,192,7.4,0.7175916433334351,1.0470579834265414
UBFC_PHYS_s15_T1_test,1,193,7.433333333333334,0.8653233051300049,0.9624186435961903
UBFC_PHYS_s15_T1_test,1,194,7.466666666666667,0.9173673391342163,0.7384178754296603
UBFC_PHYS_s15_T1_test,1,195,7.5,0.9277760982513428,0.4450360863176567
UBFC_PHYS_s15_T1_test,1,196,7.533333333333333,0.9012616872787476,0.15227857509166026
UBFC_PHYS_s15_T1_test,1,197,7.566666666666666,0.8263723254203796,-0.09152160743248572
UBFC_PHYS_s15_T1_test,1,198,7.6,0.7087856531143188,-0.27068249330993144
UBFC_PHYS_s15_T1_test,1,199,7.633333333333334,0.584942102432251,-0.39944705971339767
UBFC_PHYS_s15_T1_test,1,200,7.666666666666667,0.48950549960136414,-0.5070248413593483
UBFC_PHYS_s15_T1_test,1,201,7.7,0.38215383887290955,-0.6163250069899545
UBFC_PHYS_s15_T1_test,1,202,7.733333333333333,0.17838069796562195,-0.7257644958751276
UBFC_PHYS_s15_T1_test,1,203,7.766666666666667,-0.10481994599103928,-0.8034634456028711
UBFC_PHYS_s15_T1_test,1,204,7.8,-0.3359379172325134,-0.7980740216067383
UBFC_PHYS_s15_T1_test,1,205,7.833333333333333,-0.4348312318325043,-0.6625118475641852
UBFC_PHYS_s15_T1_test,1,206,7.866666666666666,-0.4178565740585327,-0.38005018757744097
UBFC_PHYS_s15_T1_test,1,207,7.9,-0.3170514404773712,0.019622147451850244
UBFC_PHYS_s15_T1_test,1,208,7.933333333333334,-0.13859546184539795,0.4624113172189808
UBFC_PHYS_s15_T1_test,1,209,7.966666666666667,0.08838990330696106,0.8500067092346801
UBFC_PHYS_s15_T1_test,1,210,8.0,0.27514976263046265,1.0909570057563958
UBFC_PHYS_s15_T1_test,1,211,8.033333333333333,0.31520146131515503,1.1310767409578961
UBFC_PHYS_s15_T1_test,1,212,8.066666666666666,0.170192688703537,0.9716009196443636
UBFC_PHYS_s15_T1_test,1,213,8.1,-0.14046865701675415,0.6677437777744405
UBFC_PHYS_s15_T1_test,1,214,8.133333333333333,-0.5307506322860718,0.307642473604283
UBFC_PHYS_s15_T1_test,1,215,8.166666666666666,-0.8208646774291992,-0.02026843024749985
UBFC_PHYS_s15_T1_test,1,216,8.2,-0.813256025314331,-0.2578590539093776
UBFC_PHYS_s15_T1_test,1,217,8.233333333333333,-0.47849416732788086,-0.3927698335540344
UBFC_PHYS_s15_T1_test,1,218,8.266666666666667,-0.025353824719786644,-0.4529469988661483
UBFC_PHYS_s15_T1_test,1,219,8.3,0.25921791791915894,-0.4845300329859415
UBFC_PHYS_s15_T1_test,1,220,8.333333333333334,0.2721565067768097,-0.5246205669411875
UBFC_PHYS_s15_T1_test,1,221,8.366666666666667,0.13745999336242676,-0.581672258810539
UBFC_PHYS_s15_T1_test,1,222,8.4,0.04271860793232918,-0.6314999440812372
UBFC_PHYS_s15_T1_test,1,223,8.433333333333334,0.052026670426130295,-0.6294409577892097
UBFC_PHYS_s15_T1_test,1,224,8.466666666666667,0.07066210359334946,-0.532799410858515
UBFC_PHYS_s15_T1_test,1,225,8.5,-0.01770653948187828,-0.32415324052538785
UBFC_PHYS_s15_T1_test,1,226,8.533333333333333,-0.184884712100029,-0.025817152336920685
UBFC_PHYS_s15_T1_test,1,227,8.566666666666666,-0.2825421094894409,0.30119716779102673
UBFC_PHYS_s15_T1_test,1,228,8.6,-0.26288315653800964,0.5746059913516579
UBFC_PHYS_s15_T1_test,1,229,8.633333333333333,-0.1920299082994461,0.7186920494041781
UBFC_PHYS_s15_T1_test,1,230,8.666666666666666,-0.10576619952917099,0.6913731735505897
UBFC_PHYS_s15_T1_test,1,231,8.7,-0.004497590474784374,0.4991113778198713
UBFC_PHYS_s15_T1_test,1,232,8.733333333333333,0.08080054819583893,0.19411689270577084
UBFC_PHYS_s15_T1_test,1,233,8.766666666666667,0.11951976269483566,-0.1433799664931695
UBFC_PHYS_s15_T1_test,1,234,8.8,0.11606303602457047,-0.4292097366975319
UBFC_PHYS_s15_T1_test,1,235,8.833333333333334,0.08831265568733215,-0.5965425367750379
UBFC_PHYS_s15_T1_test,1,236,8.866666666666667,0.06403831392526627,-0.6091918305493056
UBFC_PHYS_s15_T1_test,1,237,8.9,0.06432798504829407,-0.4663393751922614
UBFC_PHYS_s15_T1_test,1,238,8.933333333333334,0.07336568832397461,-0.19998181296437664
UBFC_PHYS_s15_T1_test,1,239,8.966666666666667,0.0555606409907341,0.1333439449737834
UBFC_PHYS_s15_T1_test,2,0,2.0,0.18969713151454926,0.048633046208107975
UBFC_PHYS_s15_T1_test,2,1,2.033333333333333,0.27787265181541443,0.4720161695192238
UBFC_PHYS_s15_T1_test,2,2,2.066666666666667,0.379450261592865,0.844408157148964
UBFC_PHYS_s15_T1_test,2,3,2.1,0.4969789981842041,1.125825130032506
UBFC_PHYS_s15_T1_test,2,4,2.1333333333333333,0.6091971397399902,1.2968016142560046
UBFC_PHYS_s15_T1_test,2,5,2.1666666666666665,0.7301246523857117,1.359437002262213
UBFC_PHYS_s15_T1_test,2,6,2.2,0.9731384515762329,1.330655429916722
UBFC_PHYS_s15_T1_test,2,7,2.2333333333333334,1.451576590538025,1.2324494987829673
UBFC_PHYS_s15_T1_test,2,8,2.2666666666666666,2.096961259841919,1.0855517931166954
UBFC_PHYS_s15_T1_test,2,9,2.3,2.6939516067504883,0.9092493303325608
UBFC_PHYS_s15_T1_test,2,10,2.3333333333333335,3.100010871887207,0.7234659552380633
UBFC_PHYS_s15_T1_test,2,11,2.3666666666666667,3.3005011081695557,0.5468300303497216
UBFC_PHYS_s15_T1_test,2,12,2.4,3.347041368484497,0.38980922772338844
UBFC_PHYS_s15_T1_test,2,13,2.433333333333333,3.309384346008301,0.24869371209401286
UBFC_PHYS_s15_T1_test,2,14,2.466666666666667,3.2367544174194336,0.10661003457769033
UBFC_PHYS_s15_T1_test,2,15,2.5,3.161421060562134,-0.05765531298902218
UBFC_PHYS_s15_T1_test,2,16,2.533333333333333,3.108025074005127,-0.2581001492603239
UBFC_PHYS_s15_T1_test,2,17,2.566666666666667,2.977654457092285,-0.4936167033771202
UBFC_PHYS_s15_T1_test,2,18,2.6,2.544597864151001,-0.7460542544418549
UBFC_PHYS_s15_T1_test,2,19,2.6333333333333333,1.6818255186080933,-0.9822266935039534
UBFC_PHYS_s15_T1_test,2,20,2.6666666666666665,0.5130653381347656,-1.1581243077326149
UBFC_PHYS_s15_T1_test,2,21,2.7,-0.6889296770095825,-1.226304883752992
UBFC_PHYS_s15_T1_test,2,22,2.7333333333333334,-1.6916124820709229,-1.148026137134308
UBFC_PHYS_s15_T1_test,2,23,2.7666666666666666,-2.4612655639648438,-0.908533485829865
UBFC_PHYS_s15_T1_test,2,24,2.8,-3.1489226818084717,-0.5291178865062302
UBFC_PHYS_s15_T1_test,2,25,2.8333333333333335,-3.7842845916748047,-0.06803213035844811
UBFC_PHYS_s15_T1_test,2,26,2.8666666666666667,-4.1608171463012695,0.3929371514705896
UBFC_PHYS_s15_T1_test,2,27,2.9,-4.126211166381836,0.7716310825912542
UBFC_PHYS_s15_T1_test,2,28,2.933333333333333,-3.777409791946411,1.0084540093294454
UBFC_PHYS_s15_T1_test,2,29,2.966666666666667,-3.312528133392334,1.07963228345956
UBFC_PHYS_s15_T1_test,2,30,3.0,-2.863424062728882,0.9971886093195826
UBFC_PHYS_s15_T1_test,2,31,3.033333333333333,-2.498845338821411,0.7984398897283718
UBFC_PHYS_s15_T1_test,2,32,3.066666666666667,-2.234589099884033,0.5305897821661036
UBFC_PHYS_s15_T1_test,2,33,3.1,-2.0297539234161377,0.23581807405144692
UBFC_PHYS_s15_T1_test,2,34,3.1333333333333333,-1.8316196203231812,-0.05854516698922789
UBFC_PHYS_s15_T1_test,2,35,3.1666666666666665,-1.624505639076233,-0.341658325138721
UBFC_PHYS_s15_T1_test,2,36,3.2,-1.4244595766067505,-0.6123809445766398
UBFC_PHYS_s15_T1_test,2,37,3.2333333333333334,-1.25896155834198,-0.8673628899939086
UBFC_PHYS_s15_T1_test,2,38,3.2666666666666666,-1.168429970741272,-1.0899592170706143
UBFC_PHYS_s15_T1_test,2,39,3.3,-1.167406439781189,-1.2461513556989054
UBFC_PHYS_s15_T1_test,2,40,3.3333333333333335,-1.1757103204727173,-1.2908773429465275
UBFC_PHYS_s15_T1_test,2,41,3.3666666666666667,-1.0619473457336426,-1.183379784875306
UBFC_PHYS_s15_T1_test,2,42,3.4,-0.8004526495933533,-0.9055386463730457
UBFC_PHYS_s15_T1_test,2,43,3.433333333333333,-0.521210789680481,-0.4751992430040404
UBFC_PHYS_s15_T1_test,2,44,3.466666666666667,-0.3395298421382904,0.05159658490265502
UBFC_PHYS_s15_T1_test,2,45,3.5,-0.18832212686538696,0.5913194461261019
UBFC_PHYS_s15_T1_test,2,46,3.533333333333333,0.08184336125850677,1.0539907459050242
UBFC_PHYS_s15_T1_test,2,47,3.566666666666667,0.44420114159584045,1.3679679743529982
UBFC_PHYS_s15_T1_test,2,48,3.6,0.7380422949790955,1.4991960393802812
UBFC_PHYS_s15_T1_test,2,49,3.6333333333333333,0.8856194615364075,1.4565546233328428
UBFC_PHYS_s15_T1_test,2,50,3.6666666666666665,0.918603241443634,1.2807033383625415
UBFC_PHYS_s15_T1_test,2,51,3.7,0.8679882287979126,1.0221536888636793
UBFC_PHYS_s15_T1_test,2,52,3.7333333333333334,0.7770898342132568,0.7204467248447806
UBFC_PHYS_s15_T1_test,2,53,3.7666666666666666,0.7238484621047974,0.3952681259579267
UBFC_PHYS_s15_T1_test,2,54,3.8,0.7230953574180603,0.0516915339350086
UBFC_PHYS_s15_T1_test,2,55,3.8333333333333335,0.7249106168746948,-0.30701194257666836
UBFC_PHYS_s15_T1_test,2,56,3.8666666666666667,0.7178619503974915,-0.6674403851524423
UBFC_PHYS_s15_T1_test,2,57,3.9,0.703571617603302,-1.0000555977334464
UBFC_PHYS_s15_T1_test,2,58,3.933333333333333,0.6355571150779724,-1.2604841909774995
UBFC_PHYS_s15_T1_test,2,59,3.966666666666667,0.4958396255970001,-1.3975096453904863
UBFC_PHYS_s15_T1_test,2,60,4.0,0.3374288082122803,-1.3662605721577992
UBFC_PHYS_s15_T1_test,2,61,4.033333333333333,0.19680370390415192,-1.1439215359093604
UBFC_PHYS_s15_T1_test,2,62,4.066666666666666,0.05778144299983978,-0.7432437313272092
UBFC_PHYS_s15_T1_test,2,63,4.1,-0.08612658083438873,-0.21775681594110152
UBFC_PHYS_s15_T1_test,2,64,4.133333333333334,-0.19608528912067413,0.3460295508278934
UBFC_PHYS_s15_T1_test,2,65,4.166666666666667,-0.19141194224357605,0.8493080147657172
UBFC_PHYS_s15_T1_test,2,66,4.2,-0.02923540212213993,1.2078278132422897
UBFC_PHYS_s15_T1_test,2,67,4.233333333333333,0.20640143752098083,1.3740667782960265
UBFC_PHYS_s15_T1_test,2,68,4.266666666666667,0.37444862723350525,1.3455322274130321
UBFC_PHYS_s15_T1_test,2,69,4.3,0.42201241850852966,1.1568531552689472
UBFC_PHYS_s15_T1_test,2,70,4.333333333333333,0.3888934850692749,0.8614205651915361
UBFC_PHYS_s15_T1_test,2,71,4.366666666666666,0.3213231563568115,0.51225461574902
UBFC_PHYS_s15_T1_test,2,72,4.4,0.2620566785335541,0.14919220268220254
UBFC_PHYS_s15_T1_test,2,73,4.433333333333334,0.2552397847175598,-0.20547938570468635
UBFC_PHYS_s15_T1_test,2,74,4.466666666666667,0.2906760573387146,-0.5435088301311577
UBFC_PHYS_s15_T1_test,2,75,4.5,0.3000613749027252,-0.861001225813493
UBFC_PHYS_s15_T1_test,2,76,4.533333333333333,0.24179910123348236,-1.1462121961816096
UBFC_PHYS_s15_T1_test,2,77,4.566666666666666,0.1395069807767868,-1.3705832146370012
UBFC_PHYS_s15_T1_test,2,78,4.6,0.03298569843173027,-1.4889627397301306
UBFC_PHYS_s15_T1_test,2,79,4.633333333333334,-0.04980196803808212,-1.4516029155366814
UBFC_PHYS_s15_T1_test,2,80,4.666666666666667,-0.12208427488803864,-1.2243169386164263
UBFC_PHYS_s15_T1_test,2,81,4.7,-0.22713789343833923,-0.807954378091915
UBFC_PHYS_s15_T1_test,2,82,4.733333333333333,-0.3702348470687866,-0.24777407590193473
UBFC_PHYS_s15_T1_test,2,83,4.766666666666667,-0.4850020706653595,0.372448667345218
UBFC_PHYS_s15_T1_test,2,84,4.8,-0.4698812961578369,0.9501266798255156
UBFC_PHYS_s15_T1_test,2,85,4.833333333333333,-0.25900158286094666,1.3903825683855464
UBFC_PHYS_s15_T1_test,2,86,4.866666666666666,0.09731173515319824,1.630292745530305
UBFC_PHYS_s15_T1_test,2,87,4.9,0.4305287003517151,1.6528070441206748
UBFC_PHYS_s15_T1_test,2,88,4.933333333333334,0.634842574596405,1.4854579590646826
UBFC_PHYS_s15_T1_test,2,89,4.966666666666667,0.7699446082115173,1.1844093277097272
UBFC_PHYS_s15_T1_test,2,90,5.0,0.8938847184181213,0.8110988234262773
UBFC_PHYS_s15_T1_test,2,91,5.033333333333333,0.9860963225364685,0.41252286265558585
UBFC_PHYS_s15_T1_test,2,92,5.066666666666666,1.103142261505127,0.013789961821325815
UBFC_PHYS_s15_T1_test,2,93,5.1,1.3370797634124756,-0.375587663901535
UBFC_PHYS_s15_T1_test,2,94,5.133333333333334,1.6405959129333496,-0.7476582412548305
UBFC_PHYS_s15_T1_test,2,95,5.166666666666667,1.862830638885498,-1.0835240551211303
UBFC_PHYS_s15_T1_test,2,96,5.2,1.8853669166564941,-1.3490694494759445
UBFC_PHYS_s15_T1_test,2,97,5.233333333333333,1.676766037940979,-1.5002239382321614
UBFC_PHYS_s15_T1_test,2,98,5.266666666666667,1.312631607055664,-1.4949104190713176
UBFC_PHYS_s15_T1_test,2,99,5.3,0.9486902952194214,-1.3072455425127345
UBFC_PHYS_s15_T1_test,2,100,5.333333333333333,0.6489205360412598,-0.9397520782724067
UBFC_PHYS_s15_T1_test,2,101,5.366666666666666,0.34526920318603516,-0.42991936341614545
UBFC_PHYS_s15_T1_test,2,102,5.4,0.024932874366641045,0.1521076782019889
UBFC_PHYS_s15_T1_test,2,103,5.433333333333334,-0.1828763335943222,0.716304386076867
UBFC_PHYS_s15_T1_test,2,104,5.466666666666667,-0.1992330253124237,1.1737928581905774
UBFC_PHYS_s15_T1_test,2,105,5.5,-0.12575341761112213,1.4593417828785815
UBFC_PHYS_s15_T1_test,2,106,5.533333333333333,-0.10366126149892807,1.5462115001040508
UBFC_PHYS_s15_T1_test,2,107,5.566666666666666,-0.16605617105960846,1.4469500648818794
UBFC_PHYS_s15_T1_test,2,108,5.6,-0.29949745535850525,1.2012085337594984
UBFC_PHYS_s15_T1_test,2,109,5.633333333333334,-0.4876863360404968,0.858259858179243
UBFC_PHYS_s15_T1_test,2,110,5.666666666666667,-0.6796988844871521,0.46267386920299775
UBFC_PHYS_s15_T1_test,2,111,5.7,-0.7977297306060791,0.04767115727898809
UBFC_PHYS_s15_T1_test,2,112,5.733333333333333,-0.8041217923164368,-0.36391362342030914
UBFC_PHYS_s15_T1_test,2,113,5.766666666666667,-0.7330560684204102,-0.7537361058125064
UBFC_PHYS_s15_T1_test,2,114,5.8,-0.6488394141197205,-1.1001423008197995
UBFC_PHYS_s15_T1_test,2,115,5.833333333333333,-0.5914461016654968,-1.371621323119488
UBFC_PHYS_s15_T1_test,2,116,5.866666666666666,-0.5790868401527405,-1.5256983612602015
UBFC_PHYS_s15_T1_test,2,117,5.9,-0.5910791754722595,-1.5169037647890717
UBFC_PHYS_s15_T1_test,2,118,5.933333333333334,-0.5821380615234375,-1.3132050146104897
UBFC_PHYS_s15_T1_test,2,119,5.966666666666667,-0.5904226303100586,-0.9145595484110877
UBFC_PHYS_s15_T1_test,2,120,6.0,-0.7470954060554504,-0.36412460752459197
UBFC_PHYS_s15_T1_test,2,121,6.033333333333333,-1.0670262575149536,0.2552055563232274
UBFC_PHYS_s15_T1_test,2,122,6.066666666666666,-1.325991153717041,0.8393940369836885
UBFC_PHYS_s15_T1_test,2,123,6.1,-1.3379641771316528,1.2901631624622243
UBFC_PHYS_s15_T1_test,2,124,6.133333333333334,-1.173856496810913,1.5400974666917844
UBFC_PHYS_s15_T1_test,2,125,6.166666666666667,-1.06071138381958,1.567339910610442
UBFC_PHYS_s15_T1_test,2,126,6.2,-1.1281851530075073,1.3958197752118522
UBFC_PHYS_s15_T1_test,2,127,6.233333333333333,-1.287986397743225,1.0822058069591731
UBFC_PHYS_s15_T1_test,2,128,6.266666666666667,-1.3232874870300293,0.6949016297637025
UBFC_PHYS_s15_T1_test,2,129,6.3,-1.1338047981262207,0.29279486009589994
UBFC_PHYS_s15_T1_test,2,130,6.333333333333333,-0.8357344269752502,-0.08824101412118081
UBFC_PHYS_s15_T1_test,2,131,6.366666666666666,-0.5708988904953003,-0.4360072196639809
UBFC_PHYS_s15_T1_test,2,132,6.4,-0.37429022789001465,-0.7506824324289335
UBFC_PHYS_s15_T1_test,2,133,6.433333333333334,-0.23192711174488068,-1.0283912585892105
UBFC_PHYS_s15_T1_test,2,134,6.466666666666667,-0.1419363170862198,-1.2488900625812793
UBFC_PHYS_s15_T1_test,2,135,6.5,-0.09475874155759811,-1.3743379343537205
UBFC_PHYS_s15_T1_test,2,136,6.533333333333333,-0.11238998174667358,-1.360401061661253
UBFC_PHYS_s15_T1_test,2,137,6.566666666666666,-0.2774246037006378,-1.1749209693581015
UBFC_PHYS_s15_T1_test,2,138,6.6,-0.617207407951355,-0.8160277856739272
UBFC_PHYS_s15_T1_test,2,139,6.633333333333334,-0.9675149321556091,-0.32178921412984296
UBFC_PHYS_s15_T1_test,2,140,6.666666666666667,-1.036475658416748,0.23338593808991548
UBFC_PHYS_s15_T1_test,2,141,6.7,-0.6670306324958801,0.7555423897568396
UBFC_PHYS_s15_T1_test,2,142,6.733333333333333,-0.050458554178476334,1.1560960781438203
UBFC_PHYS_s15_T1_test,2,143,6.766666666666667,0.4273616671562195,1.3761075045141247
UBFC_PHYS_s15_T1_test,2,144,6.8,0.5982475876808167,1.4003857142799587
UBFC_PHYS_s15_T1_test,2,145,6.833333333333333,0.582489550113678,1.2555712976282811
UBFC_PHYS_s15_T1_test,2,146,6.866666666666666,0.5036414265632629,0.9937991826184936
UBFC_PHYS_s15_T1_test,2,147,6.9,0.43029698729515076,0.6705633835912044
UBFC_PHYS_s15_T1_test,2,148,6.933333333333334,0.44389215111732483,0.327556932525198
UBFC_PHYS_s15_T1_test,2,149,6.966666666666667,0.5814467668533325,-0.012626400987948701
UBFC_PHYS_s15_T1_test,2,150,7.0,0.7887345552444458,-0.34045988123270915
UBFC_PHYS_s15_T1_test,2,151,7.033333333333333,0.9825044274330139,-0.6482943430035203
UBFC_PHYS_s15_T1_test,2,152,7.066666666666666,1.1065410375595093,-0.9205853645814875
UBFC_PHYS_s15_T1_test,2,153,7.1,1.1362805366516113,-1.1294958674209667
UBFC_PHYS_s15_T1_test,2,154,7.133333333333334,1.0615264177322388,-1.2376662028392145
UBFC_PHYS_s15_T1_test,2,155,7.166666666666667,0.8919535875320435,-1.2081584471107978
UBFC_PHYS_s15_T1_test,2,156,7.2,0.6615115404129028,-1.0189709098975608
UBFC_PHYS_s15_T1_test,2,157,7.233333333333333,0.3878120481967926,-0.6767000438248598
UBFC_PHYS_s15_T1_test,2,158,7.266666666666667,0.10634943842887878,-0.2227017223448833
UBFC_PHYS_s15_T1_test,2,159,7.3,-0.0305099505931139,0.2728010477742648
UBFC_PHYS_s15_T1_test,2,160,7.333333333333333,0.10984478890895844,0.7278374399434837
UBFC_PHYS_s15_T1_test,2,161,7.366666666666666,0.431919127702713,1.0704696474002509
UBFC_PHYS_s15_T1_test,2,162,7.4,0.7175916433334351,1.2561798863986318
UBFC_PHYS_s15_T1_test,2,163,7.433333333333334,0.8653233051300049,1.2743237129153062
UBFC_PHYS_s15_T1_test,2,164,7.466666666666667,0.9173673391342163,1.1432847682436322
UBFC_PHYS_s15_T1_test,2,165,7.5,0.9277760982513428,0.8991872421468969
UBFC_PHYS_s15_T1_test,2,166,7.533333333333333,0.9012616872787476,0.5837793008193982
UBFC_PHYS_s15_T1_test,2,167,7.566666666666666,0.8263723254203796,0.23486617423100473
UBFC_PHYS_s15_T1_test,2,168,7.6,0.7087856531143188,-0.11932152003818658
UBFC_PHYS_s15_T1_test,2,169,7.633333333333334,0.584942102432251,-0.46101889490349096
UBFC_PHYS_s15_T1_test,2,170,7.666666666666667,0.48950549960136414,-0.778381526516908
UBFC_PHYS_s15_T1_test,2,171,7.7,0.38215383887290955,-1.0565713759535886
UBFC_PHYS_s15_T1_test,2,172,7.733333333333333,0.17838069796562195,-1.2692598284247445
UBFC_PHYS_s15_T1_test,2,173,7.766666666666667,-0.10481994599103928,-1.3772706942647273
UBFC_PHYS_s15_T1_test,2,174,7.8,-0.3359379172325134,-1.3380017901266448
UBFC_PHYS_s15_T1_test,2,175,7.833333333333333,-0.4348312318325043,-1.1228909715277842
UBFC_PHYS_s15_T1_test,2,176,7.866666666666666,-0.4178565740585327,-0.7348435052667158
UBFC_PHYS_s15_T1_test,2,177,7.9,-0.3170514404773712,-0.21669815290848546
UBFC_PHYS_s15_T1_test,2,178,7.933333333333334,-0.13859546184539795,0.3539291188301316
UBFC_PHYS_s15_T1_test,2,179,7.966666666666667,0.08838990330696106,0.8820608583773899
UBFC_PHYS_s15_T1_test,2,180,8.0,0.27514976263046265,1.2794829467959148
UBFC_PHYS_s15_T1_test,2,181,8.033333333333333,0.31520146131515503,1.4879319888438853
UBFC_PHYS_s15_T1_test,2,182,8.066666666666666,0.170192688703537,1.4931458944094615
UBFC_PHYS_s15_T1_test,2,183,8.1,-0.14046865701675415,1.3239422415678193
UBFC_PHYS_s15_T1_test,2,184,8.133333333333333,-0.5307506322860718,1.0364611465212747
UBFC_PHYS_s15_T1_test,2,185,8.166666666666666,-0.8208646774291992,0.6907157099532941
UBFC_PHYS_s15_T1_test,2,186,8.2,-0.813256025314331,0.3306231494643855
UBFC_PHYS_s15_T1_test,2,187,8.233333333333333,-0.47849416732788086,-0.023219642067772186
UBFC_PHYS_s15_T1_test,2,188,8.266666666666667,-0.025353824719786644,-0.36621357282714107
UBFC_PHYS_s15_T1_test,2,189,8.3,0.25921791791915894,-0.6941685523672181
UBFC_PHYS_s15_T1_test,2,190,8.333333333333334,0.2721565067768097,-0.9892878672544518
UBFC_PHYS_s15_T1_test,2,191,8.366666666666667,0.13745999336242676,-1.2156026555840553
UBFC_PHYS_s15_T1_test,2,192,8.4,0.04271860793232918,-1.3263544385326715
UBFC_PHYS_s15_T1_test,2,193,8.433333333333334,0.052026670426130295,-1.2801555267868794
UBFC_PHYS_s15_T1_test,2,194,8.466666666666667,0.07066210359334946,-1.0592825337410339
UBFC_PHYS_s15_T1_test,2,195,8.5,-0.01770653948187828,-0.6827306033373013
UBFC_PHYS_s15_T1_test,2,196,8.533333333333333,-0.184884712100029,-0.2081872146910852
UBFC_PHYS_s15_T1_test,2,197,8.566666666666666,-0.2825421094894409,0.27952981821454514
UBFC_PHYS_s15_T1_test,2,198,8.6,-0.26288315653800964,0.6912576721476027
UBFC_PHYS_s15_T1_test,2,199,8.633333333333333,-0.1920299082994461,0.9599089311135233
UBFC_PHYS_s15_T1_test,2,200,8.666666666666666,-0.10576619952917099,1.0593905185934067
UBFC_PHYS_s15_T1_test,2,201,8.7,-0.004497590474784374,1.0069371764781305
UBFC_PHYS_s15_T1_test,2,202,8.733333333333333,0.08080054819583893,0.8483419256972768
UBFC_PHYS_s15_T1_test,2,203,8.766666666666667,0.11951976269483566,0.6349380422846513
UBFC_PHYS_s15_T1_test,2,204,8.8,0.11606303602457047,0.4046283064266611
UBFC_PHYS_s15_T1_test,2,205,8.833333333333334,0.08831265568733215,0.17505414740071396
UBFC_PHYS_s15_T1_test,2,206,8.866666666666667,0.06403831392526627,-0.05146327657473484
UBFC_PHYS_s15_T1_test,2,207,8.9,0.06432798504829407,-0.2775903988365689
UBFC_PHYS_s15_T1_test,2,208,8.933333333333334,0.07336568832397461,-0.5011998895756511
UBFC_PHYS_s15_T1_test,2,209,8.966666666666667,0.0555606409907341,-0.7087402029892299
UBFC_PHYS_s15_T1_test,2,210,9.0,-0.0072784218937158585,-0.8730056674118494
UBFC_PHYS_s15_T1_test,2,211,9.033333333333333,-0.10760077834129333,-0.95687278887016
UBFC_PHYS_s15_T1_test,2,212,9.066666666666666,-0.2376432567834854,-0.9238250168546909
UBFC_PHYS_s15_T1_test,2,213,9.1,-0.42307063937187195,-0.7530963108336167
UBFC_PHYS_s15_T1_test,2,214,9.133333333333333,-0.657143235206604,-0.4532936003594539
UBFC_PHYS_s15_T1_test,2,215,9.166666666666666,-0.8149747252464294,-0.06699228918807279
UBFC_PHYS_s15_T1_test,2,216,9.2,-0.7256598472595215,0.33765690820820415
UBFC_PHYS_s15_T1_test,2,217,9.233333333333333,-0.36911478638648987,0.6859982530854568
UBFC_PHYS_s15_T1_test,2,218,9.266666666666667,0.07769142091274261,0.919224818760618
UBFC_PHYS_s15_T1_test,2,219,9.3,0.42438772320747375,1.0110205359992215
UBFC_PHYS_s15_T1_test,2,220,9.333333333333334,0.6376234292984009,0.9718776829030689
UBFC_PHYS_s15_T1_test,2,221,9.366666666666667,0.7786926627159119,0.8399609258185696
UBFC_PHYS_s15_T1_test,2,222,9.4,0.8946378827095032,0.6635371770354619
UBFC_PHYS_s15_T1_test,2,223,9.433333333333334,0.9939753413200378,0.4831173170794719
UBFC_PHYS_s15_T1_test,2,224,9.466666666666667,1.0699654817581177,0.31983758995647293
UBFC_PHYS_s15_T1_test,2,225,9.5,1.1009987592697144,0.17298865400871247
UBFC_PHYS_s15_T1_test,2,226,9.533333333333333,1.0247576236724854,0.026934259006608084
UBFC_PHYS_s15_T1_test,2,227,9.566666666666666,0.7358601093292236,-0.13501285960668727
UBFC_PHYS_s15_T1_test,2,228,9.6,0.17938488721847534,-0.31584654339518226
UBFC_PHYS_s15_T1_test,2,229,9.633333333333333,-0.5382627248764038,-0.4970507456504122
UBFC_PHYS_s15_T1_test,2,230,9.666666666666666,-1.2068016529083252,-0.6425087332846221
UBFC_PHYS_s15_T1_test,2,231,9.7,-1.6636110544204712,-0.7128577191928349
UBFC_PHYS_s15_T1_test,2,232,9.733333333333333,-1.904133677482605,-0.6836167818533381
UBFC_PHYS_s15_T1_test,2,233,9.766666666666667,-2.071254014968872,-0.5585703525077336
UBFC_PHYS_s15_T1_test,2,234,9.8,-2.2342607975006104,-0.37228550254138587
UBFC_PHYS_s15_T1_test,2,235,9.833333333333334,-2.222287893295288,-0.18029974505430313
UBFC_PHYS_s15_T1_test,2,236,9.866666666666667,-1.8876417875289917,-0.040017531895695686
UBFC_PHYS_s15_T1_test,2,237,9.9,-1.3598052263259888,0.010956415766021856
UBFC_PHYS_s15_T1_test,2,238,9.933333333333334,-0.8656090497970581,-0.029894342990856863
UBFC_PHYS_s15_T1_test,2,239,9.966666666666667,-0.47862932085990906,-0.12841806423740162
UBFC_PHYS_s15_T1_test,3,0,3.0,-2.863424062728882,-0.048370239532576215
UBFC_PHYS_s15_T1_test,3,1,3.033333333333333,-2.498845338821411,0.5513760911613749
UBFC_PHYS_s15_T1_test,3,2,3.066666666666667,-2.234589099884033,1.0470730253693203
UBFC_PHYS_s15_T1_test,3,3,3.1,-2.0297539234161377,1.3556403842441964
UBFC_PHYS_s15_T1_test,3,4,3.1333333333333333,-1.8316196203231812,1.429847567418319
UBFC_PHYS_s15_T1_test,3,5,3.1666666666666665,-1.624505639076233,1.2663326781896131
UBFC_PHYS_s15_T1_test,3,6,3.2,-1.4244595766067505,0.9037716416920135
UBFC_PHYS_s15_T1_test,3,7,3.2333333333333334,-1.25896155834198,0.41303863531827467
UBFC_PHYS_s15_T1_test,3,8,3.2666666666666666,-1.168429970741272,-0.117180296370904
UBFC_PHYS_s15_T1_test,3,9,3.3,-1.167406439781189,-0.5963957020928637
UBFC_PHYS_s15_T1_test,3,10,3.3333333333333335,-1.1757103204727173,-0.9477631308556056
UBFC_PHYS_s15_T1_test,3,11,3.3666666666666667,-1.0619473457336426,-1.1209259739172106
UBFC_PHYS_s15_T1_test,3,12,3.4,-0.8004526495933533,-1.1000200477172721
UBFC_PHYS_s15_T1_test,3,13,3.433333333333333,-0.521210789680481,-0.9048929469052981
UBFC_PHYS_s15_T1_test,3,14,3.466666666666667,-0.3395298421382904,-0.5848467717616491
UBFC_PHYS_s15_T1_test,3,15,3.5,-0.18832212686538696,-0.20591769596999032
UBFC_PHYS_s15_T1_test,3,16,3.533333333333333,0.08184336125850677,0.16572094965716455
UBFC_PHYS_s15_T1_test,3,17,3.566666666666667,0.44420114159584045,0.4799058514785801
UBFC_PHYS_s15_T1_test,3,18,3.6,0.7380422949790955,0.7123664529214074
UBFC_PHYS_s15_T1_test,3,19,3.6333333333333333,0.8856194615364075,0.8636418805644206
UBFC_PHYS_s15_T1_test,3,20,3.6666666666666665,0.918603241443634,0.9472841771280651
UBFC_PHYS_s15_T1_test,3,21,3.7,0.8679882287979126,0.9737664522385158
UBFC_PHYS_s15_T1_test,3,22,3.7333333333333334,0.7770898342132568,0.9396203251988884
UBFC_PHYS_s15_T1_test,3,23,3.7666666666666666,0.7238484621047974,0.8284193127637114
UBFC_PHYS_s15_T1_test,3,24,3.8,0.7230953574180603,0.6223632717717301
UBFC_PHYS_s15_T1_test,3,25,3.8333333333333335,0.7249106168746948,0.31670334198481453
UBFC_PHYS_s15_T1_test,3,26,3.8666666666666667,0.7178619503974915,-0.07079495973788179
UBFC_PHYS_s15_T1_test,3,27,3.9,0.703571617603302,-0.498699348204706
UBFC_PHYS_s15_T1_test,3,28,3.933333333333333,0.6355571150779724,-0.9081966373618312
UBFC_PHYS_s15_T1_test,3,29,3.966666666666667,0.4958396255970001,-1.2341160129025455
UBFC_PHYS_s15_T1_test,3,30,4.0,0.3374288082122803,-1.4181708321904167
UBFC_PHYS_s15_T1_test,3,31,4.033333333333333,0.19680370390415192,-1.4222877574469224
UBFC_PHYS_s15_T1_test,3,32,4.066666666666666,0.05778144299983978,-1.239223063189346
UBFC_PHYS_s15_T1_test,3,33,4.1,-0.08612658083438873,-0.8968622106758611
UBFC_PHYS_s15_T1_test,3,34,4.133333333333334,-0.19608528912067413,-0.45332645846948855
UBFC_PHYS_s15_T1_test,3,35,4.166666666666667,-0.19141194224357605,0.017155833630301102
UBFC_PHYS_s15_T1_test,3,36,4.2,-0.02923540212213993,0.44358643036921375
UBFC_PHYS_s15_T1_test,3,37,4.233333333333333,0.20640143752098083,0.7755468959820324
UBFC_PHYS_s15_T1_test,3,38,4.266666666666667,0.37444862723350525,0.9913549806028734
UBFC_PHYS_s15_T1_test,3,39,4.3,0.42201241850852966,1.0940377256653837
UBFC_PHYS_s15_T1_test,3,40,4.333333333333333,0.3888934850692749,1.098866149303608
UBFC_PHYS_s15_T1_test,3,41,4.366666666666666,0.3213231563568115,1.0203929061226196
UBFC_PHYS_s15_T1_test,3,42,4.4,0.2620566785335541,0.8653186324520056
UBFC_PHYS_s15_T1_test,3,43,4.433333333333334,0.2552397847175598,0.6330611726444295
UBFC_PHYS_s15_T1_test,3,44,4.466666666666667,0.2906760573387146,0.32280584277000707
UBFC_PHYS_s15_T1_test,3,45,4.5,0.3000613749027252,-0.05587746323854451
UBFC_PHYS_s15_T1_test,3,46,4.533333333333333,0.24179910123348236,-0.4733496775956336
UBFC_PHYS_s15_T1_test,3,47,4.566666666666666,0.1395069807767868,-0.8764076282004882
UBFC_PHYS_s15_T1_test,3,48,4.6,0.03298569843173027,-1.19479884842631
UBFC_PHYS_s15_T1_test,3,49,4.633333333333334,-0.04980196803808212,-1.3577377154835275
UBFC_PHYS_s15_T1_test,3,50,4.666666666666667,-0.12208427488803864,-1.3155348394493487
UBFC_PHYS_s15_T1_test,3,51,4.7,-0.22713789343833923,-1.0582110465304901
UBFC_PHYS_s15_T1_test,3,52,4.733333333333333,-0.3702348470687866,-0.6234194784774414
UBFC_PHYS_s15_T1_test,3,53,4.766666666666667,-0.4850020706653595,-0.08971823716699064
UBFC_PHYS_s15_T1_test,3,54,4.8,-0.4698812961578369,0.44353913756874064
UBFC_PHYS_s15_T1_test,3,55,4.833333333333333,-0.25900158286094666,0.8833136234105157
UBFC_PHYS_s15_T1_test,3,56,4.866666666666666,0.09731173515319824,1.1673052873772505
UBFC_PHYS_s15_T1_test,3,57,4.9,0.4305287003517151,1.2764614286408176
UBFC_PHYS_s15_T1_test,3,58,4.933333333333334,0.634842574596405,1.2311780802811627
UBFC_PHYS_s15_T1_test,3,59,4.966666666666667,0.7699446082115173,1.0740328194328588
UBFC_PHYS_s15_T1_test,3,60,5.0,0.8938847184181213,0.8479874280729861
UBFC_PHYS_s15_T1_test,3,61,5.033333333333333,0.9860963225364685,0.5805861551641248
UBFC_PHYS_s15_T1_test,3,62,5.066666666666666,1.103142261505127,0.28065963775913066
UBFC_PHYS_s15_T1_test,3,63,5.1,1.3370797634124756,-0.0529111010269485
UBFC_PHYS_s15_T1_test,3,64,5.133333333333334,1.6405959129333496,-0.4166256800228346
UBFC_PHYS_s15_T1_test,3,65,5.166666666666667,1.862830638885498,-0.7901493986073396
UBFC_PHYS_s15_T1_test,3,66,5.2,1.8853669166564941,-1.1322749254365725
UBFC_PHYS_s15_T1_test,3,67,5.233333333333333,1.676766037940979,-1.3866401863364324
UBFC_PHYS_s15_T1_test,3,68,5.266666666666667,1.312631607055664,-1.4952800458643414
UBFC_PHYS_s15_T1_test,3,69,5.3,0.9486902952194214,-1.4159933127288327
UBFC_PHYS_s15_T1_test,3,70,5.333333333333333,0.6489205360412598,-1.1383782204143682
UBFC_PHYS_s15_T1_test,3,71,5.366666666666666,0.34526920318603516,-0.692997503582645
UBFC_PHYS_s15_T1_test,3,72,5.4,0.024932874366641045,-0.14894676907540003
UBFC_PHYS_s15_T1_test,3,73,5.433333333333334,-0.1828763335943222,0.401694825843303
UBFC_PHYS_s15_T1_test,3,74,5.466666666666667,-0.1992330253124237,0.8684973711626428
UBFC_PHYS_s15_T1_test,3,75,5.5,-0.12575341761112213,1.18729761421321
UBFC_PHYS_s15_T1_test,3,76,5.533333333333333,-0.10366126149892807,1.3345884314903833
UBFC_PHYS_s15_T1_test,3,77,5.566666666666666,-0.16605617105960846,1.3258075054978935
UBFC_PHYS_s15_T1_test,3,78,5.6,-0.29949745535850525,1.1997182777238669
UBFC_PHYS_s15_T1_test,3,79,5.633333333333334,-0.4876863360404968,0.9977406937090118
UBFC_PHYS_s15_T1_test,3,80,5.666666666666667,-0.6796988844871521,0.748128870908222
UBFC_PHYS_s15_T1_test,3,81,5.7,-0.7977297306060791,0.4609675935856877
UBFC_PHYS_s15_T1_test,3,82,5.733333333333333,-0.8041217923164368,0.13435120907819664
UBFC_PHYS_s15_T1_test,3,83,5.766666666666667,-0.7330560684204102,-0.2323730757887687
UBFC_PHYS_s15_T1_test,3,84,5.8,-0.6488394141197205,-0.6244452732483985
UBFC_PHYS_s15_T1_test,3,85,5.833333333333333,-0.5914461016654968,-1.002840662148506
UBFC_PHYS_s15_T1_test,3,86,5.866666666666666,-0.5790868401527405,-1.305757109333093
UBFC_PHYS_s15_T1_test,3,87,5.9,-0.5910791754722595,-1.4623683244473893
UBFC_PHYS_s15_T1_test,3,88,5.933333333333334,-0.5821380615234375,-1.4156277950549998
UBFC_PHYS_s15_T1_test,3,89,5.966666666666667,-0.5904226303100586,-1.145903724054819
UBFC_PHYS_s15_T1_test,3,90,6.0,-0.7470954060554504,-0.6852426862336205
UBFC_PHYS_s15_T1_test,3,91,6.033333333333333,-1.0670262575149536,-0.11469421497529485
UBFC_PHYS_s15_T1_test,3,92,6.066666666666666,-1.325991153717041,0.45618596723474447
UBFC_PHYS_s15_T1_test,3,93,6.1,-1.3379641771316528,0.9207779546820891
UBFC_PHYS_s15_T1_test,3,94,6.133333333333334,-1.173856496810913,1.2058231497242733
UBFC_PHYS_s15_T1_test,3,95,6.166666666666667,-1.06071138381958,1.2890336613116418
UBFC_PHYS_s15_T1_test,3,96,6.2,-1.1281851530075073,1.1976440026095225
UBFC_PHYS_s15_T1_test,3,97,6.233333333333333,-1.287986397743225,0.989769239130167
UBFC_PHYS_s15_T1_test,3,98,6.266666666666667,-1.3232874870300293,0.727299709353089
UBFC_PHYS_s15_T1_test,3,99,6.3,-1.1338047981262207,0.45222229527349295
UBFC_PHYS_s15_T1_test,3,100,6.333333333333333,-0.8357344269752502,0.17662748103525136
UBFC_PHYS_s15_T1_test,3,101,6.366666666666666,-0.5708988904953003,-0.10971198872074932
UBFC_PHYS_s15_T1_test,3,102,6.4,-0.37429022789001465,-0.4191606848711903
UBFC_PHYS_s15_T1_test,3,103,6.433333333333334,-0.23192711174488068,-0.7448282138067808
UBFC_PHYS_s15_T1_test,3,104,6.466666666666667,-0.1419363170862198,-1.0494897069235924
UBFC_PHYS_s15_T1_test,3,105,6.5,-0.09475874155759811,-1.2708432927959574
UBFC_PHYS_s15_T1_test,3,106,6.533333333333333,-0.11238998174667358,-1.341376987214181
UBFC_PHYS_s15_T1_test,3,107,6.566666666666666,-0.2774246037006378,-1.214649062129237
UBFC_PHYS_s15_T1_test,3,108,6.6,-0.617207407951355,-0.8870884149973046
UBFC_PHYS_s15_T1_test,3,109,6.633333333333334,-0.9675149321556091,-0.40615028685684756
UBFC_PHYS_s15_T1_test,3,110,6.666666666666667,-1.036475658416748,0.13914966256454767
UBFC_PHYS_s15_T1_test,3,111,6.7,-0.6670306324958801,0.6426827118900343
UBFC_PHYS_s15_T1_test,3,112,6.733333333333333,-0.050458554178476334,1.0122748649150792
UBFC_PHYS_s15_T1_test,3,113,6.766666666666667,0.4273616671562195,1.1960753173067746
UBFC_PHYS_s15_T1_test,3,114,6.8,0.5982475876808167,1.193980913963918
UBFC_PHYS_s15_T1_test,3,115,6.833333333333333,0.582489550113678,1.0495139426208633
UBFC_PHYS_s15_T1_test,3,116,6.866666666666666,0.5036414265632629,0.8262071874838054
UBFC_PHYS_s15_T1_test,3,117,6.9,0.43029698729515076,0.5798213400904506
UBFC_PHYS_s15_T1_test,3,118,6.933333333333334,0.44389215111732483,0.33933717636939587
UBFC_PHYS_s15_T1_test,3,119,6.966666666666667,0.5814467668533325,0.10456192518727252
UBFC_PHYS_s15_T1_test,3,120,7.0,0.7887345552444458,-0.14089379432386456
UBFC_PHYS_s15_T1_test,3,121,7.033333333333333,0.9825044274330139,-0.40968833520102077
UBFC_PHYS_s15_T1_test,3,122,7.066666666666666,1.1065410375595093,-0.6935016750143578
UBFC_PHYS_s15_T1_test,3,123,7.1,1.1362805366516113,-0.9553221725111584
UBFC_PHYS_s15_T1_test,3,124,7.133333333333334,1.0615264177322388,-1.134811309988034
UBFC_PHYS_s15_T1_test,3,125,7.166666666666667,0.8919535875320435,-1.1664966940447756
UBFC_PHYS_s15_T1_test,3,126,7.2,0.6615115404129028,-1.0055416289525705
UBFC_PHYS_s15_T1_test,3,127,7.233333333333333,0.3878120481967926,-0.6512393824836776
UBFC_PHYS_s15_T1_test,3,128,7.266666666666667,0.10634943842887878,-0.15704190521577552
UBFC_PHYS_s15_T1_test,3,129,7.3,-0.0305099505931139,0.37984900955296186
UBFC_PHYS_s15_T1_test,3,130,7.333333333333333,0.10984478890895844,0.8471186918081248
UBFC_PHYS_s15_T1_test,3,131,7.366666666666666,0.431919127702713,1.152748648196493
UBFC_PHYS_s15_T1_test,3,132,7.4,0.7175916433334351,1.252031584010341
UBFC_PHYS_s15_T1_test,3,133,7.433333333333334,0.8653233051300049,1.155178435461269
UBFC_PHYS_s15_T1_test,3,134,7.466666666666667,0.9173673391342163,0.9144065260807691
UBFC_PHYS_s15_T1_test,3,135,7.5,0.9277760982513428,0.5988115985462014
UBFC_PHYS_s15_T1_test,3,136,7.533333333333333,0.9012616872787476,0.26886086513839175
UBFC_PHYS_s15_T1_test,3,137,7.566666666666666,0.8263723254203796,-0.039967779524368204
UBFC_PHYS_s15_T1_test,3,138,7.6,0.7087856531143188,-0.3199976207229305
UBFC_PHYS_s15_T1_test,3,139,7.633333333333334,0.584942102432251,-0.5814605919538431
UBFC_PHYS_s15_T1_test,3,140,7.666666666666667,0.48950549960136414,-0.8347013834636466
UBFC_PHYS_s15_T1_test,3,141,7.7,0.38215383887290955,-1.0720097417977827
UBFC_PHYS_s15_T1_test,3,142,7.733333333333333,0.17838069796562195,-1.2578845517415878
UBFC_PHYS_s15_T1_test,3,143,7.766666666666667,-0.10481994599103928,-1.3343447403650035
UBFC_PHYS_s15_T1_test,3,144,7.8,-0.3359379172325134,-1.241399608234797
UBFC_PHYS_s15_T1_test,3,145,7.833333333333333,-0.4348312318325043,-0.9449765609012619
UBFC_PHYS_s15_T1_test,3,146,7.866666666666666,-0.4178565740585327,-0.4598598542702932
UBFC_PHYS_s15_T1_test,3,147,7.9,-0.3170514404773712,0.14378897488281275
UBFC_PHYS_s15_T1_test,3,148,7.933333333333334,-0.13859546184539795,0.7550677424718435
UBFC_PHYS_s15_T1_test,3,149,7.966666666666667,0.08838990330696106,1.2536356996771845
UBFC_PHYS_s15_T1_test,3,150,8.0,0.27514976263046265,1.5457924616719327
UBFC_PHYS_s15_T1_test,3,151,8.033333333333333,0.31520146131515503,1.5913131737355086
UBFC_PHYS_s15_T1_test,3,152,8.066666666666666,0.170192688703537,1.4111104437268258
UBFC_PHYS_s15_T1_test,3,153,8.1,-0.14046865701675415,1.0737712157693988
UBFC_PHYS_s15_T1_test,3,154,8.133333333333333,-0.5307506322860718,0.6672058275936928
UBFC_PHYS_s15_T1_test,3,155,8.166666666666666,-0.8208646774291992,0.2672501504955228
UBFC_PHYS_s15_T1_test,3,156,8.2,-0.813256025314331,-0.08381637740763827
UBFC_PHYS_s15_T1_test,3,157,8.233333333333333,-0.47849416732788086,-0.3803893643184198
UBFC_PHYS_s15_T1_test,3,158,8.266666666666667,-0.025353824719786644,-0.6387468116470492
UBFC_PHYS_s15_T1_test,3,159,8.3,0.25921791791915894,-0.8733854780885203
UBFC_PHYS_s15_T1_test,3,160,8.333333333333334,0.2721565067768097,-1.077110095572
UBFC_PHYS_s15_T1_test,3,161,8.366666666666667,0.13745999336242676,-1.2148630826301736
UBFC_PHYS_s15_T1_test,3,162,8.4,0.04271860793232918,-1.2342957020578857
UBFC_PHYS_s15_T1_test,3,163,8.433333333333334,0.052026670426130295,-1.0883674421220095
UBFC_PHYS_s15_T1_test,3,164,8.466666666666667,0.07066210359334946,-0.7602220676021012
UBFC_PHYS_s15_T1_test,3,165,8.5,-0.01770653948187828,-0.2796411662626399
UBFC_PHYS_s15_T1_test,3,166,8.533333333333333,-0.184884712100029,0.27665155412794956
UBFC_PHYS_s15_T1_test,3,167,8.566666666666666,-0.2825421094894409,0.8026498315851142
UBFC_PHYS_s15_T1_test,3,168,8.6,-0.26288315653800964,1.193418797437511
UBFC_PHYS_s15_T1_test,3,169,8.633333333333333,-0.1920299082994461,1.3770717310075202
UBFC_PHYS_s15_T1_test,3,170,8.666666666666666,-0.10576619952917099,1.3354243100338459
UBFC_PHYS_s15_T1_test,3,171,8.7,-0.004497590474784374,1.1045195674387913
UBFC_PHYS_s15_T1_test,3,172,8.733333333333333,0.08080054819583893,0.7555473928584143
UBFC_PHYS_s15_T1_test,3,173,8.766666666666667,0.11951976269483566,0.36599669480236563
UBFC_PHYS_s15_T1_test,3,174,8.8,0.11606303602457047,-0.005388342769806717
UBFC_PHYS_s15_T1_test,3,175,8.833333333333334,0.08831265568733215,-0.32982055973206936
UBFC_PHYS_s15_T1_test,3,176,8.866666666666667,0.06403831392526627,-0.6041245821493735
UBFC_PHYS_s15_T1_test,3,177,8.9,0.06432798504829407,-0.8365024993892081
UBFC_PHYS_s15_T1_test,3,178,8.933333333333334,0.07336568832397461,-1.0304208605727725
UBFC_PHYS_s15_T1_test,3,179,8.966666666666667,0.0555606409907341,-1.173230855026539
UBFC_PHYS_s15_T1_test,3,180,9.0,-0.0072784218937158585,-1.2339289015111936
UBFC_PHYS_s15_T1_test,3,181,9.033333333333333,-0.10760077834129333,-1.1717366186185085
UBFC_PHYS_s15_T1_test,3,182,9.066666666666666,-0.2376432567834854,-0.9533519976887053
UBFC_PHYS_s15_T1_test,3,183,9.1,-0.42307063937187195,-0.5726875441645383
UBFC_PHYS_s15_T1_test,3,184,9.133333333333333,-0.657143235206604,-0.06451969892106033
UBFC_PHYS_s15_T1_test,3,185,9.166666666666666,-0.8149747252464294,0.49545810459522877
UBFC_PHYS_s15_T1_test,3,186,9.2,-0.7256598472595215,1.0066899673020784
UBFC_PHYS_s15_T1_test,3,187,9.233333333333333,-0.36911478638648987,1.3713736497418016
UBFC_PHYS_s15_T1_test,3,188,9.266666666666667,0.07769142091274261,1.523293207249659
UBFC_PHYS_s15_T1_test,3,189,9.3,0.42438772320747375,1.446319939728568
UBFC_PHYS_s15_T1_test,3,190,9.333333333333334,0.6376234292984009,1.175570473207368
UBFC_PHYS_s15_T1_test,3,191,9.366666666666667,0.7786926627159119,0.7818640653518807
UBFC_PHYS_s15_T1_test,3,192,9.4,0.8946378827095032,0.3467941950191094
UBFC_PHYS_s15_T1_test,3,193,9.433333333333334,0.9939753413200378,-0.06142658904199004
UBFC_PHYS_s15_T1_test,3,194,9.466666666666667,1.0699654817581177,-0.40284819386884524
UBFC_PHYS_s15_T1_test,3,195,9.5,1.1009987592697144,-0.6673466455407803
UBFC_PHYS_s15_T1_test,3,196,9.533333333333333,1.0247576236724854,-0.8638543918933228
UBFC_PHYS_s15_T1_test,3,197,9.566666666666666,0.7358601093292236,-1.0029023224798523
UBFC_PHYS_s15_T1_test,3,198,9.6,0.17938488721847534,-1.0813689249542582
UBFC_PHYS_s15_T1_test,3,199,9.633333333333333,-0.5382627248764038,-1.077737774584659
UBFC_PHYS_s15_T1_test,3,200,9.666666666666666,-1.2068016529083252,-0.9607761874938251
UBFC_PHYS_s15_T1_test,3,201,9.7,-1.6636110544204712,-0.7074271764567627
UBFC_PHYS_s15_T1_test,3,202,9.733333333333333,-1.904133677482605,-0.32108567684367195
UBFC_PHYS_s15_T1_test,3,203,9.766666666666667,-2.071254014968872,0.15855991513169607
UBFC_PHYS_s15_T1_test,3,204,9.8,-2.2342607975006104,0.6588147311909961
UBFC_PHYS_s15_T1_test,3,205,9.833333333333334,-2.222287893295288,1.0896730000027315
UBFC_PHYS_s15_T1_test,3,206,9.866666666666667,-1.8876417875289917,1.3671541274090664
UBFC_PHYS_s15_T1_test,3,207,9.9,-1.3598052263259888,1.437074041815889
UBFC_PHYS_s15_T1_test,3,208,9.933333333333334,-0.8656090497970581,1.2910296004389858
UBFC_PHYS_s15_T1_test,3,209,9.966666666666667,-0.47862932085990906,0.9681640264714846
UBFC_PHYS_s15_T1_test,3,210,10.0,-0.1364712119102478,0.5415504662089639
UBFC_PHYS_s15_T1_test,3,211,10.033333333333333,0.22646589577198029,0.09449198843160636
UBFC_PHYS_s15_T1_test,3,212,10.066666666666666,0.5900595784187317,-0.30371877960134414
UBFC_PHYS_s15_T1_test,3,213,10.1,0.8708270192146301,-0.6132354817809811
UBFC_PHYS_s15_T1_test,3,214,10.133333333333333,1.0109885931015015,-0.8255584679921963
UBFC_PHYS_s15_T1_test,3,215,10.166666666666666,1.0194083452224731,-0.9535355768936882
UBFC_PHYS_s15_T1_test,3,216,10.2,0.9428389668464661,-1.0158597363229525
UBFC_PHYS_s15_T1_test,3,217,10.233333333333333,0.8408751487731934,-1.0236651408164457
UBFC_PHYS_s15_T1_test,3,218,10.266666666666667,0.7394713759422302,-0.974510794901105
UBFC_PHYS_s15_T1_test,3,219,10.3,0.6167285442352295,-0.855152477349068
UBFC_PHYS_s15_T1_test,3,220,10.333333333333334,0.4621799886226654,-0.6511789914122268
UBFC_PHYS_s15_T1_test,3,221,10.366666666666667,0.2875862419605255,-0.35952897125215627
UBFC_PHYS_s15_T1_test,3,222,10.4,0.09677101671695709,0.0010116470328019932
UBFC_PHYS_s15_T1_test,3,223,10.433333333333334,-0.06152394413948059,0.3860439902565296
UBFC_PHYS_s15_T1_test,3,224,10.466666666666667,-0.06519309431314468,0.7316634191484167
UBFC_PHYS_s15_T1_test,3,225,10.5,0.14450861513614655,0.9700920895038116
UBFC_PHYS_s15_T1_test,3,226,10.533333333333333,0.4479089081287384,1.0497768687332671
UBFC_PHYS_s15_T1_test,3,227,10.566666666666666,0.6546946167945862,0.9519126133046963
UBFC_PHYS_s15_T1_test,3,228,10.6,0.6933172941207886,0.6965911082102662
UBFC_PHYS_s15_T1_test,3,229,10.633333333333333,0.6131559610366821,0.3365659556074238
UBFC_PHYS_s15_T1_test,3,230,10.666666666666666,0.48622259497642517,-0.05789041904579513
UBFC_PHYS_s15_T1_test,3,231,10.7,0.3535923659801483,-0.4166830126181453
UBFC_PHYS_s15_T1_test,3,232,10.733333333333333,0.24156735837459564,-0.6848183296969335
UBFC_PHYS_s15_T1_test,3,233,10.766666666666667,0.16333717107772827,-0.8317892610947621
UBFC_PHYS_s15_T1_test,3,234,10.8,0.11623683571815491,-0.854141196081539
UBFC_PHYS_s15_T1_test,3,235,10.833333333333334,0.10192713886499405,-0.7709248294569082
UBFC_PHYS_s15_T1_test,3,236,10.866666666666667,0.11540644615888596,-0.6135894770335385
UBFC_PHYS_s15_T1_test,3,237,10.9,0.12052395194768906,-0.4139953123558667
UBFC_PHYS_s15_T1_test,3,238,10.933333333333334,0.08288617432117462,-0.19516088860424446
UBFC_PHYS_s15_T1_test,3,239,10.966666666666667,0.00803546141833067,0.0317051183530166
UBFC_PHYS_s15_T1_test,4,0,4.0,0.3374288082122803,0.09742338155797323
UBFC_PHYS_s15_T1_test,4,1,4.033333333333333,0.19680370390415192,0.2515938049108955
UBFC_PHYS_s15_T1_test,4,2,4.066666666666666,0.05778144299983978,0.41380391742292216
UBFC_PHYS_s15_T1_test,4,3,4.1,-0.08612658083438873,0.5900876100707314
UBFC_PHYS_s15_T1_test,4,4,4.133333333333334,-0.19608528912067413,0.7798076848625882
UBFC_PHYS_s15_T1_test,4,5,4.166666666666667,-0.19141194224357605,0.9743292415486176
UBFC_PHYS_s15_T1_test,4,6,4.2,-0.02923540212213993,1.1573025743907768
UBFC_PHYS_s15_T1_test,4,7,4.233333333333333,0.20640143752098083,1.307106286209702
UBFC_PHYS_s15_T1_test,4,8,4.266666666666667,0.37444862723350525,1.400948677554949
UBFC_PHYS_s15_T1_test,4,9,4.3,0.42201241850852966,1.4191384855929625
UBFC_PHYS_s15_T1_test,4,10,4.333333333333333,0.3888934850692749,1.3485296579118313
UBFC_PHYS_s15_T1_test,4,11,4.366666666666666,0.3213231563568115,1.184920675411818
UBFC_PHYS_s15_T1_test,4,12,4.4,0.2620566785335541,0.9339518775502194
UBFC_PHYS_s15_T1_test,4,13,4.433333333333334,0.2552397847175598,0.6099356818160415
UBFC_PHYS_s15_T1_test,4,14,4.466666666666667,0.2906760573387146,0.23324234904210553
UBFC_PHYS_s15_T1_test,4,15,4.5,0.3000613749027252,-0.17189808501949616
UBFC_PHYS_s15_T1_test,4,16,4.533333333333333,0.24179910123348236,-0.5776852244774446
UBFC_PHYS_s15_T1_test,4,17,4.566666666666666,0.1395069807767868,-0.9514587405497527
UBFC_PHYS_s15_T1_test,4,18,4.6,0.03298569843173027,-1.2550604651488864
UBFC_PHYS_s15_T1_test,4,19,4.633333333333334,-0.04980196803808212,-1.447537220378832
UBFC_PHYS_s15_T1_test,4,20,4.666666666666667,-0.12208427488803864,-1.4923090439975517
UBFC_PHYS_s15_T1_test,4,21,4.7,-0.22713789343833923,-1.3674471123344958
UBFC_PHYS_s15_T1_test,4,22,4.733333333333333,-0.3702348470687866,-1.0758081888007478
UBFC_PHYS_s15_T1_test,4,23,4.766666666666667,-0.4850020706653595,-0.6509432894879938
UBFC_PHYS_s15_T1_test,4,24,4.8,-0.4698812961578369,-0.15509513077898854
UBFC_PHYS_s15_T1_test,4,25,4.833333333333333,-0.25900158286094666,0.33221547088205866
UBFC_PHYS_s15_T1_test,4,26,4.866666666666666,0.09731173515319824,0.7326618155919881
UBFC_PHYS_s15_T1_test,4,27,4.9,0.4305287003517151,0.9885053874005764
UBFC_PHYS_s15_T1_test,4,28,4.933333333333334,0.634842574596405,1.0753674755390472
UBFC_PHYS_s15_T1_test,4,29,4.966666666666667,0.7699446082115173,1.0033234629296925
UBFC_PHYS_s15_T1_test,4,30,5.0,0.8938847184181213,0.8069393650859743
UBFC_PHYS_s15_T1_test,4,31,5.033333333333333,0.9860963225364685,0.5300870590263592
UBFC_PHYS_s15_T1_test,4,32,5.066666666666666,1.103142261505127,0.2127483920129981
UBFC_PHYS_s15_T1_test,4,33,5.1,1.3370797634124756,-0.11547864103866486
UBFC_PHYS_s15_T1_test,4,34,5.133333333333334,1.6405959129333496,-0.43462034067968724
UBFC_PHYS_s15_T1_test,4,35,5.166666666666667,1.862830638885498,-0.7290259656836225
UBFC_PHYS_s15_T1_test,4,36,5.2,1.8853669166564941,-0.9811847933721197
UBFC_PHYS_s15_T1_test,4,37,5.233333333333333,1.676766037940979,-1.1676751171509292
UBFC_PHYS_s15_T1_test,4,38,5.266666666666667,1.312631607055664,-1.259288462564072
UBFC_PHYS_s15_T1_test,4,39,5.3,0.9486902952194214,-1.2262078425903407
UBFC_PHYS_s15_T1_test,4,40,5.333333333333333,0.6489205360412598,-1.0474300334395452
UBFC_PHYS_s15_T1_test,4,41,5.366666666666666,0.34526920318603516,-0.7215738042865704
UBFC_PHYS_s15_T1_test,4,42,5.4,0.024932874366641045,-0.2746174080280334
UBFC_PHYS_s15_T1_test,4,43,5.433333333333334,-0.1828763335943222,0.23974934488318972
UBFC_PHYS_s15_T1_test,4,44,5.466666666666667,-0.1992330253124237,0.7489512288230125
UBFC_PHYS_s15_T1_test,4,45,5.5,-0.12575341761112213,1.1774252024699536
UBFC_PHYS_s15_T1_test,4,46,5.533333333333333,-0.10366126149892807,1.4641580932122926
UBFC_PHYS_s15_T1_test,4,47,5.566666666666666,-0.16605617105960846,1.5755407053471129
UBFC_PHYS_s15_T1_test,4,48,5.6,-0.29949745535850525,1.5093815604149563
UBFC_PHYS_s15_T1_test,4,49,5.633333333333334,-0.4876863360404968,1.289784884852036
UBFC_PHYS_s15_T1_test,4,50,5.666666666666667,-0.6796988844871521,0.9560913860852674
UBFC_PHYS_s15_T1_test,4,51,5.7,-0.7977297306060791,0.5509152913019308
UBFC_PHYS_s15_T1_test,4,52,5.733333333333333,-0.8041217923164368,0.11203713686486806
UBFC_PHYS_s15_T1_test,4,53,5.766666666666667,-0.7330560684204102,-0.32926937589168354
UBFC_PHYS_s15_T1_test,4,54,5.8,-0.6488394141197205,-0.7441511610246945
UBFC_PHYS_s15_T1_test,4,55,5.833333333333333,-0.5914461016654968,-1.0999952846927201
UBFC_PHYS_s15_T1_test,4,56,5.866666666666666,-0.5790868401527405,-1.3571839125850456
UBFC_PHYS_s15_T1_test,4,57,5.9,-0.5910791754722595,-1.4726750707415115
UBFC_PHYS_s15_T1_test,4,58,5.933333333333334,-0.5821380615234375,-1.4108673478316325
UBFC_PHYS_s15_T1_test,4,59,5.966666666666667,-0.5904226303100586,-1.1580863609161782
UBFC_PHYS_s15_T1_test,4,60,6.0,-0.7470954060554504,-0.7343253263011633
UBFC_PHYS_s15_T1_test,4,61,6.033333333333333,-1.0670262575149536,-0.19609305070837602
UBFC_PHYS_s15_T1_test,4,62,6.066666666666666,-1.325991153717041,0.37247460617384753
UBFC_PHYS_s15_T1_test,4,63,6.1,-1.3379641771316528,0.8782780342164523
UBFC_PHYS_s15_T1_test,4,64,6.133333333333334,-1.173856496810913,1.2416766753076918
UBFC_PHYS_s15_T1_test,4,65,6.166666666666667,-1.06071138381958,1.4150368456157272
UBFC_PHYS_s15_T1_test,4,66,6.2,-1.1281851530075073,1.3911992972044787
UBFC_PHYS_s15_T1_test,4,67,6.233333333333333,-1.287986397743225,1.1994748582361685
UBFC_PHYS_s15_T1_test,4,68,6.266666666666667,-1.3232874870300293,0.8914608496411108
UBFC_PHYS_s15_T1_test,4,69,6.3,-1.1338047981262207,0.5227646364015779
UBFC_PHYS_s15_T1_test,4,70,6.333333333333333,-0.8357344269752502,0.1380838888111504
UBFC_PHYS_s15_T1_test,4,71,6.366666666666666,-0.5708988904953003,-0.23483823120000666
UBFC_PHYS_s15_T1_test,4,72,6.4,-0.37429022789001465,-0.5814543588326196
UBFC_PHYS_s15_T1_test,4,73,6.433333333333334,-0.23192711174488068,-0.8906284638503509
UBFC_PHYS_s15_T1_test,4,74,6.466666666666667,-0.1419363170862198,-1.1449066195387059
UBFC_PHYS_s15_T1_test,4,75,6.5,-0.09475874155759811,-1.3162229409309354
UBFC_PHYS_s15_T1_test,4,76,6.533333333333333,-0.11238998174667358,-1.3695749073515748
UBFC_PHYS_s15_T1_test,4,77,6.566666666666666,-0.2774246037006378,-1.2736361301696069
UBFC_PHYS_s15_T1_test,4,78,6.6,-0.617207407951355,-1.0143677685049926
UBFC_PHYS_s15_T1_test,4,79,6.633333333333334,-0.9675149321556091,-0.606277004937976
UBFC_PHYS_s15_T1_test,4,80,6.666666666666667,-1.036475658416748,-0.09638236793160233
UBFC_PHYS_s15_T1_test,4,81,6.7,-0.6670306324958801,0.44185866169569
UBFC_PHYS_s15_T1_test,4,82,6.733333333333333,-0.050458554178476334,0.9239368862700417
UBFC_PHYS_s15_T1_test,4,83,6.766666666666667,0.4273616671562195,1.2745753658342651
UBFC_PHYS_s15_T1_test,4,84,6.8,0.5982475876808167,1.4460032231310898
UBFC_PHYS_s15_T1_test,4,85,6.833333333333333,0.582489550113678,1.427524660967152
UBFC_PHYS_s15_T1_test,4,86,6.866666666666666,0.5036414265632629,1.2430770699891318
UBFC_PHYS_s15_T1_test,4,87,6.9,0.43029698729515076,0.938639904717934
UBFC_PHYS_s15_T1_test,4,88,6.933333333333334,0.44389215111732483,0.5657579585919261
UBFC_PHYS_s15_T1_test,4,89,6.966666666666667,0.5814467668533325,0.16851771227972656
UBFC_PHYS_s15_T1_test,4,90,7.0,0.7887345552444458,-0.22162298727553317
UBFC_PHYS_s15_T1_test,4,91,7.033333333333333,0.9825044274330139,-0.5832469296420963
UBFC_PHYS_s15_T1_test,4,92,7.066666666666666,1.1065410375595093,-0.8978894164331537
UBFC_PHYS_s15_T1_test,4,93,7.1,1.1362805366516113,-1.142975610933202
UBFC_PHYS_s15_T1_test,4,94,7.133333333333334,1.0615264177322388,-1.2891257864289773
UBFC_PHYS_s15_T1_test,4,95,7.166666666666667,0.8919535875320435,-1.3043487050978402
UBFC_PHYS_s15_T1_test,4,96,7.2,0.6615115404129028,-1.164350412675137
UBFC_PHYS_s15_T1_test,4,97,7.233333333333333,0.3878120481967926,-0.8649360200338674
UBFC_PHYS_s15_T1_test,4,98,7.266666666666667,0.10634943842887878,-0.4309924858931864
UBFC_PHYS_s15_T1_test,4,99,7.3,-0.0305099505931139,0.08252865929825215
UBFC_PHYS_s15_T1_test,4,100,7.333333333333333,0.10984478890895844,0.5992771385809573
UBFC_PHYS_s15_T1_test,4,101,7.366666666666666,0.431919127702713,1.0377563131390601
UBFC_PHYS_s15_T1_test,4,102,7.4,0.7175916433334351,1.3301086806730107
UBFC_PHYS_s15_T1_test,4,103,7.433333333333334,0.8653233051300049,1.4372888722654802
UBFC_PHYS_s15_T1_test,4,104,7.466666666666667,0.9173673391342163,1.3557482892484258
UBFC_PHYS_s15_T1_test,4,105,7.5,0.9277760982513428,1.1138900841854034
UBFC_PHYS_s15_T1_test,4,106,7.533333333333333,0.9012616872787476,0.7603232265492649
UBFC_PHYS_s15_T1_test,4,107,7.566666666666666,0.8263723254203796,0.34878718642860906
UBFC_PHYS_s15_T1_test,4,108,7.6,0.7087856531143188,-0.07459098501826503
UBFC_PHYS_s15_T1_test,4,109,7.633333333333334,0.584942102432251,-0.477352152747705
UBFC_PHYS_s15_T1_test,4,110,7.666666666666667,0.48950549960136414,-0.8385461756568926
UBFC_PHYS_s15_T1_test,4,111,7.7,0.38215383887290955,-1.1405308358003878
UBFC_PHYS_s15_T1_test,4,112,7.733333333333333,0.17838069796562195,-1.3602041530046423
UBFC_PHYS_s15_T1_test,4,113,7.766666666666667,-0.10481994599103928,-1.4658543302301912
UBFC_PHYS_s15_T1_test,4,114,7.8,-0.3359379172325134,-1.4228472492293074
UBFC_PHYS_s15_T1_test,4,115,7.833333333333333,-0.4348312318325043,-1.2065245019490294
UBFC_PHYS_s15_T1_test,4,116,7.866666666666666,-0.4178565740585327,-0.8168084847881377
UBFC_PHYS_s15_T1_test,4,117,7.9,-0.3170514404773712,-0.28785868527813835
UBFC_PHYS_s15_T1_test,4,118,7.933333333333334,-0.13859546184539795,0.3120734383173895
UBFC_PHYS_s15_T1_test,4,119,7.966666666666667,0.08838990330696106,0.8918976188461688
UBFC_PHYS_s15_T1_test,4,120,8.0,0.27514976263046265,1.357591956104125
UBFC_PHYS_s15_T1_test,4,121,8.033333333333333,0.31520146131515503,1.6350827710401357
UBFC_PHYS_s15_T1_test,4,122,8.066666666666666,0.170192688703537,1.6884659690293162
UBFC_PHYS_s15_T1_test,4,123,8.1,-0.14046865701675415,1.5267158486853272
UBFC_PHYS_s15_T1_test,4,124,8.133333333333333,-0.5307506322860718,1.1962038596084466
UBFC_PHYS_s15_T1_test,4,125,8.166666666666666,-0.8208646774291992,0.7624316828137351
UBFC_PHYS_s15_T1_test,4,126,8.2,-0.813256025314331,0.2893868964420362
UBFC_PHYS_s15_T1_test,4,127,8.233333333333333,-0.47849416732788086,-0.17435982438340047
UBFC_PHYS_s15_T1_test,4,128,8.266666666666667,-0.025353824719786644,-0.5981865843737696
UBFC_PHYS_s15_T1_test,4,129,8.3,0.25921791791915894,-0.9624419140970901
UBFC_PHYS_s15_T1_test,4,130,8.333333333333334,0.2721565067768097,-1.24817139214323
UBFC_PHYS_s15_T1_test,4,131,8.366666666666667,0.13745999336242676,-1.4303480911476698
UBFC_PHYS_s15_T1_test,4,132,8.4,0.04271860793232918,-1.4787884246757954
UBFC_PHYS_s15_T1_test,4,133,8.433333333333334,0.052026670426130295,-1.3668426678421335
UBFC_PHYS_s15_T1_test,4,134,8.466666666666667,0.07066210359334946,-1.084292357154131
UBFC_PHYS_s15_T1_test,4,135,8.5,-0.01770653948187828,-0.6488604924266839
UBFC_PHYS_s15_T1_test,4,136,8.533333333333333,-0.184884712100029,-0.11081883801442406
UBFC_PHYS_s15_T1_test,4,137,8.566666666666666,-0.2825421094894409,0.45269778555324597
UBFC_PHYS_s15_T1_test,4,138,8.6,-0.26288315653800964,0.9534232700720615
UBFC_PHYS_s15_T1_test,4,139,8.633333333333333,-0.1920299082994461,1.3132862873547513
UBFC_PHYS_s15_T1_test,4,140,8.666666666666666,-0.10576619952917099,1.4836999582490165
UBFC_PHYS_s15_T1_test,4,141,8.7,-0.004497590474784374,1.455227678462846
UBFC_PHYS_s15_T1_test,4,142,8.733333333333333,0.08080054819583893,1.2541699999382656
UBFC_PHYS_s15_T1_test,4,143,8.766666666666667,0.11951976269483566,0.9287790368440418
UBFC_PHYS_s15_T1_test,4,144,8.8,0.11606303602457047,0.5324855136889074
UBFC_PHYS_s15_T1_test,4,145,8.833333333333334,0.08831265568733215,0.111772725361501
UBFC_PHYS_s15_T1_test,4,146,8.866666666666667,0.06403831392526627,-0.29798442880749976
UBFC_PHYS_s15_T1_test,4,147,8.9,0.06432798504829407,-0.670357650569689
UBFC_PHYS_s15_T1_test,4,148,8.933333333333334,0.07336568832397461,-0.9829537258685068
UBFC_PHYS_s15_T1_test,4,149,8.966666666666667,0.0555606409907341,-1.2128888851730038
UBFC_PHYS_s15_T1_test,4,150,9.0,-0.0072784218937158585,-1.3350743621738064
UBFC_PHYS_s15_T1_test,4,151,9.033333333333333,-0.10760077834129333,-1.3248810416724774
UBFC_PHYS_s15_T1_test,4,152,9.066666666666666,-0.2376432567834854,-1.1651340703814388
UBFC_PHYS_s15_T1_test,4,153,9.1,-0.42307063937187195,-0.8553093525825378
UBFC_PHYS_s15_T1_test,4,154,9.133333333333333,-0.657143235206604,-0.41918487028726165
UBFC_PHYS_s15_T1_test,4,155,9.166666666666666,-0.8149747252464294,0.09298355699990685
UBFC_PHYS_s15_T1_test,4,156,9.2,-0.7256598472595215,0.6100700223470314
UBFC_PHYS_s15_T1_test,4,157,9.233333333333333,-0.36911478638648987,1.0530888552069848
UBFC_PHYS_s15_T1_test,4,158,9.266666666666667,0.07769142091274261,1.3525494824177358
UBFC_PHYS_s15_T1_test,4,159,9.3,0.42438772320747375,1.465018909828513
UBFC_PHYS_s15_T1_test,4,160,9.333333333333334,0.6376234292984009,1.382994438608655
UBFC_PHYS_s15_T1_test,4,161,9.366666666666667,0.7786926627159119,1.1340773407318707
UBFC_PHYS_s15_T1_test,4,162,9.4,0.8946378827095032,0.7700006873466806
UBFC_PHYS_s15_T1_test,4,163,9.433333333333334,0.9939753413200378,0.3504975531390402
UBFC_PHYS_s15_T1_test,4,164,9.466666666666667,1.0699654817581177,-0.07152088234721504
UBFC_PHYS_s15_T1_test,4,165,9.5,1.1009987592697144,-0.45847361248506885
UBFC_PHYS_s15_T1_test,4,166,9.533333333333333,1.0247576236724854,-0.7883051778731787
UBFC_PHYS_s15_T1_test,4,167,9.566666666666666,0.7358601093292236,-1.0479149848553002
UBFC_PHYS_s15_T1_test,4,168,9.6,0.17938488721847534,-1.224408691222135
UBFC_PHYS_s15_T1_test,4,169,9.633333333333333,-0.5382627248764038,-1.2996962844993025
UBFC_PHYS_s15_T1_test,4,170,9.666666666666666,-1.2068016529083252,-1.2519924373053708
UBFC_PHYS_s15_T1_test,4,171,9.7,-1.6636110544204712,-1.0640641986903887
UBFC_PHYS_s15_T1_test,4,172,9.733333333333333,-1.904133677482605,-0.7346418356842084
UBFC_PHYS_s15_T1_test,4,173,9.766666666666667,-2.071254014968872,-0.2877757330738203
UBFC_PHYS_s15_T1_test,4,174,9.8,-2.2342607975006104,0.22442216880140367
UBFC_PHYS_s15_T1_test,4,175,9.833333333333334,-2.222287893295288,0.7279756970923812
UBFC_PHYS_s15_T1_test,4,176,9.866666666666667,-1.8876417875289917,1.141650777216606
UBFC_PHYS_s15_T1_test,4,177,9.9,-1.3598052263259888,1.3963119051999804
UBFC_PHYS_s15_T1_test,4,178,9.933333333333334,-0.8656090497970581,1.452670157550413
UBFC_PHYS_s15_T1_test,4,179,9.966666666666667,-0.47862932085990906,1.3106911161749761
UBFC_PHYS_s15_T1_test,4,180,10.0,-0.1364712119102478,1.0070199212909328
UBFC_PHYS_s15_T1_test,4,181,10.033333333333333,0.22646589577198029,0.6018823998876602
UBFC_PHYS_s15_T1_test,4,182,10.066666666666666,0.5900595784187317,0.1612909825474764
UBFC_PHYS_s15_T1_test,4,183,10.1,0.8708270192146301,-0.2582690992306832
UBFC_PHYS_s15_T1_test,4,184,10.133333333333333,1.0109885931015015,-0.6177695679473073
UBFC_PHYS_s15_T1_test,4,185,10.166666666666666,1.0194083452224731,-0.8953892016998669
UBFC_PHYS_s15_T1_test,4,186,10.2,0.9428389668464661,-1.0807770305507782
UBFC_PHYS_s15_T1_test,4,187,10.233333333333333,0.8408751487731934,-1.1681061107426556
UBFC_PHYS_s15_T1_test,4,188,10.266666666666667,0.7394713759422302,-1.1517396655277998
UBFC_PHYS_s15_T1_test,4,189,10.3,0.6167285442352295,-1.0264186207838812
UBFC_PHYS_s15_T1_test,4,190,10.333333333333334,0.4621799886226654,-0.7915114277956741
UBFC_PHYS_s15_T1_test,4,191,10.366666666666667,0.2875862419605255,-0.4571070513525829
UBFC_PHYS_s15_T1_test,4,192,10.4,0.09677101671695709,-0.04912431531305971
UBFC_PHYS_s15_T1_test,4,193,10.433333333333334,-0.06152394413948059,0.38919021862721476
UBFC_PHYS_s15_T1_test,4,194,10.466666666666667,-0.06519309431314468,0.8013326007465315
UBFC_PHYS_s15_T1_test,4,195,10.5,0.14450861513614655,1.1275180173863566
UBFC_PHYS_s15_T1_test,4,196,10.533333333333333,0.4479089081287384,1.3182189457101923
UBFC_PHYS_s15_T1_test,4,197,10.566666666666666,0.6546946167945862,1.3465029669921553
UBFC_PHYS_s15_T1_test,4,198,10.6,0.6933172941207886,1.214035936899587
UBFC_PHYS_s15_T1_test,4,199,10.633333333333333,0.6131559610366821,0.9482475662830016
UBFC_PHYS_s15_T1_test,4,200,10.666666666666666,0.48622259497642517,0.5927343086318808
UBFC_PHYS_s15_T1_test,4,201,10.7,0.3535923659801483,0.1959656155663351
UBFC_PHYS_s15_T1_test,4,202,10.733333333333333,0.24156735837459564,-0.1975654642123047
UBFC_PHYS_s15_T1_test,4,203,10.766666666666667,0.16333717107772827,-0.5523593210351765
UBFC_PHYS_s15_T1_test,4,204,10.8,0.11623683571815491,-0.8433297599613463
UBFC_PHYS_s15_T1_test,4,205,10.833333333333334,0.10192713886499405,-1.0543300999740193
UBFC_PHYS_s15_T1_test,4,206,10.866666666666667,0.11540644615888596,-1.1749570053515523
UBFC_PHYS_s15_T1_test,4,207,10.9,0.12052395194768906,-1.1973523785246676
UBFC_PHYS_s15_T1_test,4,208,10.933333333333334,0.08288617432117462,-1.1148479506755935
UBFC_PHYS_s15_T1_test,4,209,10.966666666666667,0.00803546141833067,-0.9237058257496413
UBFC_PHYS_s15_T1_test,4,210,11.0,-0.08085458725690842,-0.6279336714685313
UBFC_PHYS_s15_T1_test,4,211,11.033333333333333,-0.17860853672027588,-0.2455721244063711
UBFC_PHYS_s15_T1_test,4,212,11.066666666666666,-0.2885672450065613,0.18646323001104043
UBFC_PHYS_s15_T1_test,4,213,11.1,-0.3602702021598816,0.6124048204672845
UBFC_PHYS_s15_T1_test,4,214,11.133333333333333,-0.2852649986743927,0.9650573994383369
UBFC_PHYS_s15_T1_test,4,215,11.166666666666666,-0.02156880497932434,1.1803566250339699
UBFC_PHYS_s15_T1_test,4,216,11.2,0.31917959451675415,1.2147799037991853
UBFC_PHYS_s15_T1_test,4,217,11.233333333333333,0.5777775645256042,1.0588103503490416
UBFC_PHYS_s15_T1_test,4,218,11.266666666666667,0.6862686276435852,0.7408097938079221
UBFC_PHYS_s15_T1_test,4,219,11.3,0.6626701951026917,0.31969532346908514
UBFC_PHYS_s15_T1_test,4,220,11.333333333333334,0.5480188131332397,-0.13064587600105496
UBFC_PHYS_s15_T1_test,4,221,11.366666666666667,0.41940540075302124,-0.5393114270742542
UBFC_PHYS_s15_T1_test,4,222,11.4,0.35973337292671204,-0.8525703268939866
UBFC_PHYS_s15_T1_test,4,223,11.433333333333334,0.349479079246521,-1.0404496164500439
UBFC_PHYS_s15_T1_test,4,224,11.466666666666667,0.29077261686325073,-1.0954982057194347
UBFC_PHYS_s15_T1_test,4,225,11.5,0.1650751829147339,-1.026552694615663
UBFC_PHYS_s15_T1_test,4,226,11.533333333333333,0.05473025515675545,-0.851431590767554
UBFC_PHYS_s15_T1_test,4,227,11.566666666666666,0.0052546304650604725,-0.5916230486458145
UBFC_PHYS_s15_T1_test,4,228,11.6,-0.0007898154435679317,-0.2701382830803502
UBFC_PHYS_s15_T1_test,4,229,11.633333333333333,0.004134573508054018,0.08804677422733471
UBFC_PHYS_s15_T1_test,4,230,11.666666666666666,-0.021955031901597977,0.4544412036441098
UBFC_PHYS_s15_T1_test,4,231,11.7,-0.0847361609339714,0.7961554877612844
UBFC_PHYS_s15_T1_test,4,232,11.733333333333333,-0.0814918577671051,1.0774431821640367
UBFC_PHYS_s15_T1_test,4,233,11.766666666666667,0.10905302315950394,1.2645934649216524
UBFC_PHYS_s15_T1_test,4,234,11.8,0.4128009080886841,1.3331752261847727
UBFC_PHYS_s15_T1_test,4,235,11.833333333333334,0.6081736087799072,1.2745661994202413
UBFC_PHYS_s15_T1_test,4,236,11.866666666666667,0.6212667226791382,1.098057782817959
UBFC_PHYS_s15_T1_test,4,237,11.9,0.5827212929725647,0.8268645730784937
UBFC_PHYS_s15_T1_test,4,238,11.933333333333334,0.5766961574554443,0.49044360469717774
UBFC_PHYS_s15_T1_test,4,239,11.966666666666667,0.5546039938926697,0.11822052539835871
UBFC_PHYS_s15_T1_test,5,0,5.0,0.8938847184181213,-0.1376335591245293
UBFC_PHYS_s15_T1_test,5,1,5.033333333333333,0.9860963225364685,0.23984307617402112
UBFC_PHYS_s15_T1_test,5,2,5.066666666666666,1.103142261505127,0.4921912890367566
UBFC_PHYS_s15_T1_test,5,3,5.1,1.3370797634124756,0.5314310521565824
UBFC_PHYS_s15_T1_test,5,4,5.133333333333334,1.6405959129333496,0.33737348818229396
UBFC_PHYS_s15_T1_test,5,5,5.166666666666667,1.862830638885498,-0.040465571951700904
UBFC_PHYS_s15_T1_test,5,6,5.2,1.8853669166564941,-0.5046665175272181
UBFC_PHYS_s15_T1_test,5,7,5.233333333333333,1.676766037940979,-0.9437543084673796
UBFC_PHYS_s15_T1_test,5,8,5.266666666666667,1.312631607055664,-1.2632383953570763
UBFC_PHYS_s15_T1_test,5,9,5.3,0.9486902952194214,-1.4040438187246498
UBFC_PHYS_s15_T1_test,5,10,5.333333333333333,0.6489205360412598,-1.347049758438524
UBFC_PHYS_s15_T1_test,5,11,5.366666666666666,0.34526920318603516,-1.1084588733595158
UBFC_PHYS_s15_T1_test,5,12,5.4,0.024932874366641045,-0.731078801879443
UBFC_PHYS_s15_T1_test,5,13,5.433333333333334,-0.1828763335943222,-0.2737635806499413
UBFC_PHYS_s15_T1_test,5,14,5.466666666666667,-0.1992330253124237,0.20050293840203934
UBFC_PHYS_s15_T1_test,5,15,5.5,-0.12575341761112213,0.6364354714999783
UBFC_PHYS_s15_T1_test,5,16,5.533333333333333,-0.10366126149892807,0.9944934526419704
UBFC_PHYS_s15_T1_test,5,17,5.566666666666666,-0.16605617105960846,1.2516130804739642
UBFC_PHYS_s15_T1_test,5,18,5.6,-0.29949745535850525,1.3953709963155132
UBFC_PHYS_s15_T1_test,5,19,5.633333333333334,-0.4876863360404968,1.4169856768189444
UBFC_PHYS_s15_T1_test,5,20,5.666666666666667,-0.6796988844871521,1.3090641565754597
UBFC_PHYS_s15_T1_test,5,21,5.7,-0.7977297306060791,1.0700141635618772
UBFC_PHYS_s15_T1_test,5,22,5.733333333333333,-0.8041217923164368,0.7116667425977505
UBFC_PHYS_s15_T1_test,5,23,5.766666666666667,-0.7330560684204102,0.2643151377263056
UBFC_PHYS_s15_T1_test,5,24,5.8,-0.6488394141197205,-0.2240560340118358
UBFC_PHYS_s15_T1_test,5,25,5.833333333333333,-0.5914461016654968,-0.6936297118391179
UBFC_PHYS_s15_T1_test,5,26,5.866666666666666,-0.5790868401527405,-1.0816288292180902
UBFC_PHYS_s15_T1_test,5,27,5.9,-0.5910791754722595,-1.3327543303490226
UBFC_PHYS_s15_T1_test,5,28,5.933333333333334,-0.5821380615234375,-1.4099373979272676
UBFC_PHYS_s15_T1_test,5,29,5.966666666666667,-0.5904226303100586,-1.3032467005499957
UBFC_PHYS_s15_T1_test,5,30,6.0,-0.7470954060554504,-1.033721158467973
UBFC_PHYS_s15_T1_test,5,31,6.033333333333333,-1.0670262575149536,-0.6493534125751649
UBFC_PHYS_s15_T1_test,5,32,6.066666666666666,-1.325991153717041,-0.21325690021761598
UBFC_PHYS_s15_T1_test,5,33,6.1,-1.3379641771316528,0.21214370268882612
UBFC_PHYS_s15_T1_test,5,34,6.133333333333334,-1.173856496810913,0.5786674097976771
UBFC_PHYS_s15_T1_test,5,35,6.166666666666667,-1.06071138381958,0.8583631041008947
UBFC_PHYS_s15_T1_test,5,36,6.2,-1.1281851530075073,1.0407466141351325
UBFC_PHYS_s15_T1_test,5,37,6.233333333333333,-1.287986397743225,1.1245981578261566
UBFC_PHYS_s15_T1_test,5,38,6.266666666666667,-1.3232874870300293,1.1095947682664757
UBFC_PHYS_s15_T1_test,5,39,6.3,-1.1338047981262207,0.9923069451068639
UBFC_PHYS_s15_T1_test,5,40,6.333333333333333,-0.8357344269752502,0.7687731120318719
UBFC_PHYS_s15_T1_test,5,41,6.366666666666666,-0.5708988904953003,0.44267664896621134
UBFC_PHYS_s15_T1_test,5,42,6.4,-0.37429022789001465,0.03495781599445971
UBFC_PHYS_s15_T1_test,5,43,6.433333333333334,-0.23192711174488068,-0.4108372929556995
UBFC_PHYS_s15_T1_test,5,44,6.466666666666667,-0.1419363170862198,-0.8318060255409
UBFC_PHYS_s15_T1_test,5,45,6.5,-0.09475874155759811,-1.1580127897410333
UBFC_PHYS_s15_T1_test,5,46,6.533333333333333,-0.11238998174667358,-1.3298563964321088
UBFC_PHYS_s15_T1_test,5,47,6.566666666666666,-0.2774246037006378,-1.313929548225181
UBFC_PHYS_s15_T1_test,5,48,6.6,-0.617207407951355,-1.1117853347628794
UBFC_PHYS_s15_T1_test,5,49,6.633333333333334,-0.9675149321556091,-0.7593076999793482
UBFC_PHYS_s15_T1_test,5,50,6.666666666666667,-1.036475658416748,-0.3177297409965356
UBFC_PHYS_s15_T1_test,5,51,6.7,-0.6670306324958801,0.14067460588323216
UBFC_PHYS_s15_T1_test,5,52,6.733333333333333,-0.050458554178476334,0.5486762143413105
UBFC_PHYS_s15_T1_test,5,53,6.766666666666667,0.4273616671562195,0.8581414619541927
UBFC_PHYS_s15_T1_test,5,54,6.8,0.5982475876808167,1.0477248587172028
UBFC_PHYS_s15_T1_test,5,55,6.833333333333333,0.582489550113678,1.1208702518353069
UBFC_PHYS_s15_T1_test,5,56,6.866666666666666,0.5036414265632629,1.094668809473904
UBFC_PHYS_s15_T1_test,5,57,6.9,0.43029698729515076,0.9853277623838433
UBFC_PHYS_s15_T1_test,5,58,6.933333333333334,0.44389215111732483,0.7990270199335279
UBFC_PHYS_s15_T1_test,5,59,6.966666666666667,0.5814467668533325,0.534248213078775
UBFC_PHYS_s15_T1_test,5,60,7.0,0.7887345552444458,0.19360254715708108
UBFC_PHYS_s15_T1_test,5,61,7.033333333333333,0.9825044274330139,-0.20352678229346133
UBFC_PHYS_s15_T1_test,5,62,7.066666666666666,1.1065410375595093,-0.6157740254397982
UBFC_PHYS_s15_T1_test,5,63,7.1,1.1362805366516113,-0.9847227516604441
UBFC_PHYS_s15_T1_test,5,64,7.133333333333334,1.0615264177322388,-1.2473772256957496
UBFC_PHYS_s15_T1_test,5,65,7.166666666666667,0.8919535875320435,-1.351316598132548
UBFC_PHYS_s15_T1_test,5,66,7.2,0.6615115404129028,-1.268350405568112
UBFC_PHYS_s15_T1_test,5,67,7.233333333333333,0.3878120481967926,-1.0037585277585181
UBFC_PHYS_s15_T1_test,5,68,7.266666666666667,0.10634943842887878,-0.5983535263748546
UBFC_PHYS_s15_T1_test,5,69,7.3,-0.0305099505931139,-0.12101605880816435
UBFC_PHYS_s15_T1_test,5,70,7.333333333333333,0.10984478890895844,0.3480308689024116
UBFC_PHYS_s15_T1_test,5,71,7.366666666666666,0.431919127702713,0.7384415432527347
UBFC_PHYS_s15_T1_test,5,72,7.4,0.7175916433334351,1.0068832927092919
UBFC_PHYS_s15_T1_test,5,73,7.433333333333334,0.8653233051300049,1.142223806106638
UBFC_PHYS_s15_T1_test,5,74,7.466666666666667,0.9173673391342163,1.1573169721993466
UBFC_PHYS_s15_T1_test,5,75,7.5,0.9277760982513428,1.0735476578127847
UBFC_PHYS_s15_T1_test,5,76,7.533333333333333,0.9012616872787476,0.9075494849591262
UBFC_PHYS_s15_T1_test,5,77,7.566666666666666,0.8263723254203796,0.6668141998278027
UBFC_PHYS_s15_T1_test,5,78,7.6,0.7087856531143188,0.35462227299859783
UBFC_PHYS_s15_T1_test,5,79,7.633333333333334,0.584942102432251,-0.020320638046291972
UBFC_PHYS_s15_T1_test,5,80,7.666666666666667,0.48950549960136414,-0.4348415008987115
UBFC_PHYS_s15_T1_test,5,81,7.7,0.38215383887290955,-0.8464974837883059
UBFC_PHYS_s15_T1_test,5,82,7.733333333333333,0.17838069796562195,-1.1955848863498262
UBFC_PHYS_s15_T1_test,5,83,7.766666666666667,-0.10481994599103928,-1.4154078079858783
UBFC_PHYS_s15_T1_test,5,84,7.8,-0.3359379172325134,-1.4495205597166179
UBFC_PHYS_s15_T1_test,5,85,7.833333333333333,-0.4348312318325043,-1.270946852553636
UBFC_PHYS_s15_T1_test,5,86,7.866666666666666,-0.4178565740585327,-0.8957962162324842
UBFC_PHYS_s15_T1_test,5,87,7.9,-0.3170514404773712,-0.3844059169389116
UBFC_PHYS_s15_T1_test,5,88,7.933333333333334,-0.13859546184539795,0.1722605620179041
UBFC_PHYS_s15_T1_test,5,89,7.966666666666667,0.08838990330696106,0.6768468224877481
UBFC_PHYS_s15_T1_test,5,90,8.0,0.27514976263046265,1.05151645781039
UBFC_PHYS_s15_T1_test,5,91,8.033333333333333,0.31520146131515503,1.2558465120061886
UBFC_PHYS_s15_T1_test,5,92,8.066666666666666,0.170192688703537,1.2907777196402979
UBFC_PHYS_s15_T1_test,5,93,8.1,-0.14046865701675415,1.188598407154238
UBFC_PHYS_s15_T1_test,5,94,8.133333333333333,-0.5307506322860718,0.9940295315673355
UBFC_PHYS_s15_T1_test,5,95,8.166666666666666,-0.8208646774291992,0.7446079743462609
UBFC_PHYS_s15_T1_test,5,96,8.2,-0.813256025314331,0.45912999190131515
UBFC_PHYS_s15_T1_test,5,97,8.233333333333333,-0.47849416732788086,0.13955727560822406
UBFC_PHYS_s15_T1_test,5,98,8.266666666666667,-0.025353824719786644,-0.2152039740051994
UBFC_PHYS_s15_T1_test,5,99,8.3,0.25921791791915894,-0.5919455583023313
UBFC_PHYS_s15_T1_test,5,100,8.333333333333334,0.2721565067768097,-0.9526397608792556
UBFC_PHYS_s15_T1_test,5,101,8.366666666666667,0.13745999336242676,-1.2375421478028261
UBFC_PHYS_s15_T1_test,5,102,8.4,0.04271860793232918,-1.3813982725503182
UBFC_PHYS_s15_T1_test,5,103,8.433333333333334,0.052026670426130295,-1.3357390742553958
UBFC_PHYS_s15_T1_test,5,104,8.466666666666667,0.07066210359334946,-1.0880846790233096
UBFC_PHYS_s15_T1_test,5,105,8.5,-0.01770653948187828,-0.6707873841877234
UBFC_PHYS_s15_T1_test,5,106,8.533333333333333,-0.184884712100029,-0.15612459888647368
UBFC_PHYS_s15_T1_test,5,107,8.566666666666666,-0.2825421094894409,0.36139523286597103
UBFC_PHYS_s15_T1_test,5,108,8.6,-0.26288315653800964,0.7905398473690277
UBFC_PHYS_s15_T1_test,5,109,8.633333333333333,-0.1920299082994461,1.0685149476934754
UBFC_PHYS_s15_T1_test,5,110,8.666666666666666,-0.10576619952917099,1.1762961147337248
UBFC_PHYS_s15_T1_test,5,111,8.7,-0.004497590474784374,1.137235574657917
UBFC_PHYS_s15_T1_test,5,112,8.733333333333333,0.08080054819583893,0.9991304742933272
UBFC_PHYS_s15_T1_test,5,113,8.766666666666667,0.11951976269483566,0.8084448248596002
UBFC_PHYS_s15_T1_test,5,114,8.8,0.11606303602457047,0.5902946436049514
UBFC_PHYS_s15_T1_test,5,115,8.833333333333334,0.08831265568733215,0.34476849720066916
UBFC_PHYS_s15_T1_test,5,116,8.866666666666667,0.06403831392526627,0.05972619942537901
UBFC_PHYS_s15_T1_test,5,117,8.9,0.06432798504829407,-0.269557720379884
UBFC_PHYS_s15_T1_test,5,118,8.933333333333334,0.07336568832397461,-0.6253529277293118
UBFC_PHYS_s15_T1_test,5,119,8.966666666666667,0.0555606409907341,-0.9636549693072549
UBFC_PHYS_s15_T1_test,5,120,9.0,-0.0072784218937158585,-1.2221083955418148
UBFC_PHYS_s15_T1_test,5,121,9.033333333333333,-0.10760077834129333,-1.3362279027725137
UBFC_PHYS_s15_T1_test,5,122,9.066666666666666,-0.2376432567834854,-1.2591989817601172
UBFC_PHYS_s15_T1_test,5,123,9.1,-0.42307063937187195,-0.9800165375880644
UBFC_PHYS_s15_T1_test,5,124,9.133333333333333,-0.657143235206604,-0.5336713477054462
UBFC_PHYS_s15_T1_test,5,125,9.166666666666666,-0.8149747252464294,0.00241083346125528
UBFC_PHYS_s15_T1_test,5,126,9.2,-0.7256598472595215,0.527225585067627
UBFC_PHYS_s15_T1_test,5,127,9.233333333333333,-0.36911478638648987,0.9450127901147527
UBFC_PHYS_s15_T1_test,5,128,9.266666666666667,0.07769142091274261,1.1928330515347585
UBFC_PHYS_s15_T1_test,5,129,9.3,0.42438772320747375,1.2550335691329542
UBFC_PHYS_s15_T1_test,5,130,9.333333333333334,0.6376234292984009,1.1588944429670376
UBFC_PHYS_s15_T1_test,5,131,9.366666666666667,0.7786926627159119,0.9551422615792734
UBFC_PHYS_s15_T1_test,5,132,9.4,0.8946378827095032,0.6940345656857284
UBFC_PHYS_s15_T1_test,5,133,9.433333333333334,0.9939753413200378,0.40848976767385364
UBFC_PHYS_s15_T1_test,5,134,9.466666666666667,1.0699654817581177,0.11025271446264119
UBFC_PHYS_s15_T1_test,5,135,9.5,1.1009987592697144,-0.2020548118911647
UBFC_PHYS_s15_T1_test,5,136,9.533333333333333,1.0247576236724854,-0.5284183735088579
UBFC_PHYS_s15_T1_test,5,137,9.566666666666666,0.7358601093292236,-0.8532506377882899
UBFC_PHYS_s15_T1_test,5,138,9.6,0.17938488721847534,-1.1382798727377645
UBFC_PHYS_s15_T1_test,5,139,9.633333333333333,-0.5382627248764038,-1.3271132389720426
UBFC_PHYS_s15_T1_test,5,140,9.666666666666666,-1.2068016529083252,-1.3613488196114047
UBFC_PHYS_s15_T1_test,5,141,9.7,-1.6636110544204712,-1.2026189447478925
UBFC_PHYS_s15_T1_test,5,142,9.733333333333333,-1.904133677482605,-0.8515053084658915
UBFC_PHYS_s15_T1_test,5,143,9.766666666666667,-2.071254014968872,-0.3547827398894651
UBFC_PHYS_s15_T1_test,5,144,9.8,-2.2342607975006104,0.20300654353836767
UBFC_PHYS_s15_T1_test,5,145,9.833333333333334,-2.222287893295288,0.7212572096595496
UBFC_PHYS_s15_T1_test,5,146,9.866666666666667,-1.8876417875289917,1.1106322264302595
UBFC_PHYS_s15_T1_test,5,147,9.9,-1.3598052263259888,1.3163239405895233
UBFC_PHYS_s15_T1_test,5,148,9.933333333333334,-0.8656090497970581,1.32931400704273
UBFC_PHYS_s15_T1_test,5,149,9.966666666666667,-0.47862932085990906,1.1822116763612187
UBFC_PHYS_s15_T1_test,5,150,10.0,-0.1364712119102478,0.9317628416670624
UBFC_PHYS_s15_T1_test,5,151,10.033333333333333,0.22646589577198029,0.6352542176842902
UBFC_PHYS_s15_T1_test,5,152,10.066666666666666,0.5900595784187317,0.33107882752455475
UBFC_PHYS_s15_T1_test,5,153,10.1,0.8708270192146301,0.03218339678786144
UBFC_PHYS_s15_T1_test,5,154,10.133333333333333,1.0109885931015015,-0.2655130347519289
UBFC_PHYS_s15_T1_test,5,155,10.166666666666666,1.0194083452224731,-0.5656078347885864
UBFC_PHYS_s15_T1_test,5,156,10.2,0.9428389668464661,-0.8549608063266128
UBFC_PHYS_s15_T1_test,5,157,10.233333333333333,0.8408751487731934,-1.0976951670947508
UBFC_PHYS_s15_T1_test,5,158,10.266666666666667,0.7394713759422302,-1.2423606735606856
UBFC_PHYS_s15_T1_test,5,159,10.3,0.6167285442352295,-1.2385809124291607
UBFC_PHYS_s15_T1_test,5,160,10.333333333333334,0.4621799886226654,-1.0562345880167887
UBFC_PHYS_s15_T1_test,5,161,10.366666666666667,0.2875862419605255,-0.7003346126073802
UBFC_PHYS_s15_T1_test,5,162,10.4,0.09677101671695709,-0.21653045284702552
UBFC_PHYS_s15_T1_test,5,163,10.433333333333334,-0.06152394413948059,0.31548076543588555
UBFC_PHYS_s15_T1_test,5,164,10.466666666666667,-0.06519309431314468,0.8004049277554196
UBFC_PHYS_s15_T1_test,5,165,10.5,0.14450861513614655,1.1531747928239005
UBFC_PHYS_s15_T1_test,5,166,10.533333333333333,0.4479089081287384,1.322906594584306
UBFC_PHYS_s15_T1_test,5,167,10.566666666666666,0.6546946167945862,1.3044887207552174
UBFC_PHYS_s15_T1_test,5,168,10.6,0.6933172941207886,1.1323935086096528
UBFC_PHYS_s15_T1_test,5,169,10.633333333333333,0.6131559610366821,0.8603873337296507
UBFC_PHYS_s15_T1_test,5,170,10.666666666666666,0.48622259497642517,0.5383856452553397
UBFC_PHYS_s15_T1_test,5,171,10.7,0.3535923659801483,0.1984117685239811
UBFC_PHYS_s15_T1_test,5,172,10.733333333333333,0.24156735837459564,-0.14545937196403974
UBFC_PHYS_s15_T1_test,5,173,10.766666666666667,0.16333717107772827,-0.48699808644332027
UBFC_PHYS_s15_T1_test,5,174,10.8,0.11623683571815491,-0.8151967445640586
UBFC_PHYS_s15_T1_test,5,175,10.833333333333334,0.10192713886499405,-1.1055348856831921
UBFC_PHYS_s15_T1_test,5,176,10.866666666666667,0.11540644615888596,-1.3184576151723604
UBFC_PHYS_s15_T1_test,5,177,10.9,0.12052395194768906,-1.4057514939380302
UBFC_PHYS_s15_T1_test,5,178,10.933333333333334,0.08288617432117462,-1.323815130775162
UBFC_PHYS_s15_T1_test,5,179,10.966666666666667,0.00803546141833067,-1.0508459511380122
UBFC_PHYS_s15_T1_test,5,180,11.0,-0.08085458725690842,-0.6021159437699178
UBFC_PHYS_s15_T1_test,5,181,11.033333333333333,-0.17860853672027588,-0.03594830985293891
UBFC_PHYS_s15_T1_test,5,182,11.066666666666666,-0.2885672450065613,0.5548078837613528
UBFC_PHYS_s15_T1_test,5,183,11.1,-0.3602702021598816,1.0650870498182747
UBFC_PHYS_s15_T1_test,5,184,11.133333333333333,-0.2852649986743927,1.4060051886167961
UBFC_PHYS_s15_T1_test,5,185,11.166666666666666,-0.02156880497932434,1.5281595548623028
UBFC_PHYS_s15_T1_test,5,186,11.2,0.31917959451675415,1.4312955093163717
UBFC_PHYS_s15_T1_test,5,187,11.233333333333333,0.5777775645256042,1.1582369783910018
UBFC_PHYS_s15_T1_test,5,188,11.266666666666667,0.6862686276435852,0.7770211710565954
UBFC_PHYS_s15_T1_test,5,189,11.3,0.6626701951026917,0.3586237703506838
UBFC_PHYS_s15_T1_test,5,190,11.333333333333334,0.5480188131332397,-0.04186241737497423
UBFC_PHYS_s15_T1_test,5,191,11.366666666666667,0.41940540075302124,-0.39455412165736675
UBFC_PHYS_s15_T1_test,5,192,11.4,0.35973337292671204,-0.6919392194167503
UBFC_PHYS_s15_T1_test,5,193,11.433333333333334,0.349479079246521,-0.9360223249650694
UBFC_PHYS_s15_T1_test,5,194,11.466666666666667,0.29077261686325073,-1.1227205338084885
UBFC_PHYS_s15_T1_test,5,195,11.5,0.1650751829147339,-1.2326838207130948
UBFC_PHYS_s15_T1_test,5,196,11.533333333333333,0.05473025515675545,-1.2341556290408142
UBFC_PHYS_s15_T1_test,5,197,11.566666666666666,0.0052546304650604725,-1.0967580579623886
UBFC_PHYS_s15_T1_test,5,198,11.6,-0.0007898154435679317,-0.8093634848130636
UBFC_PHYS_s15_T1_test,5,199,11.633333333333333,0.004134573508054018,-0.39325129064807296
UBFC_PHYS_s15_T1_test,5,200,11.666666666666666,-0.021955031901597977,0.09589590605538215
UBFC_PHYS_s15_T1_test,5,201,11.7,-0.0847361609339714,0.5785783599085671
UBFC_PHYS_s15_T1_test,5,202,11.733333333333333,-0.0814918577671051,0.9709804751299776
UBFC_PHYS_s15_T1_test,5,203,11.766666666666667,0.10905302315950394,1.2066615540297225
UBFC_PHYS_s15_T1_test,5,204,11.8,0.4128009080886841,1.253456707369062
UBFC_PHYS_s15_T1_test,5,205,11.833333333333334,0.6081736087799072,1.1202709732973812
UBFC_PHYS_s15_T1_test,5,206,11.866666666666667,0.6212667226791382,0.8511571181866678
UBFC_PHYS_s15_T1_test,5,207,11.9,0.5827212929725647,0.5084065699688863
UBFC_PHYS_s15_T1_test,5,208,11.933333333333334,0.5766961574554443,0.1517487022157077
UBFC_PHYS_s15_T1_test,5,209,11.966666666666667,0.5546039938926697,-0.17684803165274687
UBFC_PHYS_s15_T1_test,5,210,12.0,0.5242658853530884,-0.4567433840569891
UBFC_PHYS_s15_T1_test,5,211,12.033333333333333,0.572100043296814,-0.681406063048683
UBFC_PHYS_s15_T1_test,5,212,12.066666666666666,0.6820587515830994,-0.8467980884969067
UBFC_PHYS_s15_T1_test,5,213,12.1,0.778364360332489,-0.9428267427810839
UBFC_PHYS_s15_T1_test,5,214,12.133333333333333,0.8384998440742493,-0.9518876756179661
UBFC_PHYS_s15_T1_test,5,215,12.166666666666666,0.852751612663269,-0.8539689064501461
UBFC_PHYS_s15_T1_test,5,216,12.2,0.794064462184906,-0.6354452478346878
UBFC_PHYS_s15_T1_test,5,217,12.233333333333333,0.6768447160720825,-0.29847338430797704
UBFC_PHYS_s15_T1_test,5,218,12.266666666666667,0.5426889061927795,0.13184593363268307
UBFC_PHYS_s15_T1_test,5,219,12.3,0.3674386143684387,0.6053806243287476
UBFC_PHYS_s15_T1_test,5,220,12.333333333333334,0.10936200618743896,1.0525699419483556
UBFC_PHYS_s15_T1_test,5,221,12.366666666666667,-0.14463990926742554,1.3984372656276418
UBFC_PHYS_s15_T1_test,5,222,12.4,-0.22823864221572876,1.581765665419239
UBFC_PHYS_s15_T1_test,5,223,12.433333333333334,-0.12366779893636703,1.5723683576406053
UBFC_PHYS_s15_T1_test,5,224,12.466666666666667,0.010063150897622108,1.3787346577069124
UBFC_PHYS_s15_T1_test,5,225,12.5,0.05268325284123421,1.0423935362024432
UBFC_PHYS_s15_T1_test,5,226,12.533333333333333,0.01303709577769041,0.6224274989366968
UBFC_PHYS_s15_T1_test,5,227,12.566666666666666,-0.07560190558433533,0.17821613110031162
UBFC_PHYS_s15_T1_test,5,228,12.6,-0.20222628116607666,-0.24297042833588398
UBFC_PHYS_s15_T1_test,5,229,12.633333333333333,-0.3295651972293854,-0.6114148407427673
UBFC_PHYS_s15_T1_test,5,230,12.666666666666666,-0.41716137528419495,-0.9142546178784011
UBFC_PHYS_s15_T1_test,5,231,12.7,-0.448909193277359,-1.1502849223807006
UBFC_PHYS_s15_T1_test,5,232,12.733333333333333,-0.4396011531352997,-1.3222231498885442
UBFC_PHYS_s15_T1_test,5,233,12.766666666666667,-0.46242713928222656,-1.4291405738367449
UBFC_PHYS_s15_T1_test,5,234,12.8,-0.5738728046417236,-1.4625303984421336
UBFC_PHYS_s15_T1_test,5,235,12.833333333333334,-0.7165835499763489,-1.4085544842033415
UBFC_PHYS_s15_T1_test,5,236,12.866666666666667,-0.8183928728103638,-1.2557022146933308
UBFC_PHYS_s15_T1_test,5,237,12.9,-0.9071090817451477,-1.0037097124206777
UBFC_PHYS_s15_T1_test,5,238,12.933333333333334,-1.0527551174163818,-0.6688793983470831
UBFC_PHYS_s15_T1_test,5,239,12.966666666666667,-1.2763803005218506,-0.28332959773098554
UBFC_PHYS_s15_T1_test,6,0,6.0,-0.7470954060554504,-0.004902775848261631
UBFC_PHYS_s15_T1_test,6,1,6.033333333333333,-1.0670262575149536,0.630518681143996
UBFC_PHYS_s15_T1_test,6,2,6.066666666666666,-1.325991153717041,1.1779029103639447
UBFC_PHYS_s15_T1_test,6,3,6.1,-1.3379641771316528,1.572178480457911
UBFC_PHYS_s15_T1_test,6,4,6.133333333333334,-1.173856496810913,1.7841525943464975
UBFC_PHYS_s15_T1_test,6,5,6.166666666666667,-1.06071138381958,1.8219565421478565
UBFC_PHYS_s15_T1_test,6,6,6.2,-1.1281851530075073,1.7194762895291877
UBFC_PHYS_s15_T1_test,6,7,6.233333333333333,-1.287986397743225,1.5185735176415267
UBFC_PHYS_s15_T1_test,6,8,6.266666666666667,-1.3232874870300293,1.253716635966967
UBFC_PHYS_s15_T1_test,6,9,6.3,-1.1338047981262207,0.9446774939846074
UBFC_PHYS_s15_T1_test,6,10,6.333333333333333,-0.8357344269752502,0.5987319308410731
UBFC_PHYS_s15_T1_test,6,11,6.366666666666666,-0.5708988904953003,0.2200380185397907
UBFC_PHYS_s15_T1_test,6,12,6.4,-0.37429022789001465,-0.17883805165507446
UBFC_PHYS_s15_T1_test,6,13,6.433333333333334,-0.23192711174488068,-0.5691532105317373
UBFC_PHYS_s15_T1_test,6,14,6.466666666666667,-0.1419363170862198,-0.9064331027921846
UBFC_PHYS_s15_T1_test,6,15,6.5,-0.09475874155759811,-1.1401045437491082
UBFC_PHYS_s15_T1_test,6,16,6.533333333333333,-0.11238998174667358,-1.2289703466544415
UBFC_PHYS_s15_T1_test,6,17,6.566666666666666,-0.2774246037006378,-1.1560411380817865
UBFC_PHYS_s15_T1_test,6,18,6.6,-0.617207407951355,-0.9360545149465027
UBFC_PHYS_s15_T1_test,6,19,6.633333333333334,-0.9675149321556091,-0.6122883897473407
UBFC_PHYS_s15_T1_test,6,20,6.666666666666667,-1.036475658416748,-0.24450700435531958
UBFC_PHYS_s15_T1_test,6,21,6.7,-0.6670306324958801,0.10650655381783704
UBFC_PHYS_s15_T1_test,6,22,6.733333333333333,-0.050458554178476334,0.39258658006802527
UBFC_PHYS_s15_T1_test,6,23,6.766666666666667,0.4273616671562195,0.5867417031610933
UBFC_PHYS_s15_T1_test,6,24,6.8,0.5982475876808167,0.6846672846317554
UBFC_PHYS_s15_T1_test,6,25,6.833333333333333,0.582489550113678,0.6986665992605008
UBFC_PHYS_s15_T1_test,6,26,6.866666666666666,0.5036414265632629,0.6463293391007245
UBFC_PHYS_s15_T1_test,6,27,6.9,0.43029698729515076,0.5393738264207165
UBFC_PHYS_s15_T1_test,6,28,6.933333333333334,0.44389215111732483,0.378824655092663
UBFC_PHYS_s15_T1_test,6,29,6.966666666666667,0.5814467668533325,0.15968644051870232
UBFC_PHYS_s15_T1_test,6,30,7.0,0.7887345552444458,-0.11747730787580858
UBFC_PHYS_s15_T1_test,6,31,7.033333333333333,0.9825044274330139,-0.4349580558683971
UBFC_PHYS_s15_T1_test,6,32,7.066666666666666,1.1065410375595093,-0.7528372569570109
UBFC_PHYS_s15_T1_test,6,33,7.1,1.1362805366516113,-1.0134058373055048
UBFC_PHYS_s15_T1_test,6,34,7.133333333333334,1.0615264177322388,-1.1543052526728979
UBFC_PHYS_s15_T1_test,6,35,7.166666666666667,0.8919535875320435,-1.1267044768731223
UBFC_PHYS_s15_T1_test,6,36,7.2,0.6615115404129028,-0.9127335478691013
UBFC_PHYS_s15_T1_test,6,37,7.233333333333333,0.3878120481967926,-0.5357565265123354
UBFC_PHYS_s15_T1_test,6,38,7.266666666666667,0.10634943842887878,-0.05860712018866078
UBFC_PHYS_s15_T1_test,6,39,7.3,-0.0305099505931139,0.43128937773846554
UBFC_PHYS_s15_T1_test,6,40,7.333333333333333,0.10984478890895844,0.8458433685216274
UBFC_PHYS_s15_T1_test,6,41,7.366666666666666,0.431919127702713,1.1207385849018408
UBFC_PHYS_s15_T1_test,6,42,7.4,0.7175916433334351,1.23049733618807
UBFC_PHYS_s15_T1_test,6,43,7.433333333333334,0.8653233051300049,1.1880364866025013
UBFC_PHYS_s15_T1_test,6,44,7.466666666666667,0.9173673391342163,1.0304700452038293
UBFC_PHYS_s15_T1_test,6,45,7.5,0.9277760982513428,0.7996774580922315
UBFC_PHYS_s15_T1_test,6,46,7.533333333333333,0.9012616872787476,0.5271415485305511
UBFC_PHYS_s15_T1_test,6,47,7.566666666666666,0.8263723254203796,0.22849706209727363
UBFC_PHYS_s15_T1_test,6,48,7.6,0.7087856531143188,-0.09223781354751337
UBFC_PHYS_s15_T1_test,6,49,7.633333333333334,0.584942102432251,-0.4325415344698061
UBFC_PHYS_s15_T1_test,6,50,7.666666666666667,0.48950549960136414,-0.7801178750277064
UBFC_PHYS_s15_T1_test,6,51,7.7,0.38215383887290955,-1.1047609145812751
UBFC_PHYS_s15_T1_test,6,52,7.733333333333333,0.17838069796562195,-1.3572477731651422
UBFC_PHYS_s15_T1_test,6,53,7.766666666666667,-0.10481994599103928,-1.4778782570953912
UBFC_PHYS_s15_T1_test,6,54,7.8,-0.3359379172325134,-1.413924586273459
UBFC_PHYS_s15_T1_test,6,55,7.833333333333333,-0.4348312318325043,-1.1406782992484783
UBFC_PHYS_s15_T1_test,6,56,7.866666666666666,-0.4178565740585327,-0.6773852524683535
UBFC_PHYS_s15_T1_test,6,57,7.9,-0.3170514404773712,-0.0898503720569977
UBFC_PHYS_s15_T1_test,6,58,7.933333333333334,-0.13859546184539795,0.5232870209174628
UBFC_PHYS_s15_T1_test,6,59,7.966666666666667,0.08838990330696106,1.0563086910447945
UBFC_PHYS_s15_T1_test,6,60,8.0,0.27514976263046265,1.4245251708322544
UBFC_PHYS_s15_T1_test,6,61,8.033333333333333,0.31520146131515503,1.5843064445270232
UBFC_PHYS_s15_T1_test,6,62,8.066666666666666,0.170192688703537,1.5386607104575167
UBFC_PHYS_s15_T1_test,6,63,8.1,-0.14046865701675415,1.328053433143543
UBFC_PHYS_s15_T1_test,6,64,8.133333333333333,-0.5307506322860718,1.0111401574799235
UBFC_PHYS_s15_T1_test,6,65,8.166666666666666,-0.8208646774291992,0.6431601228568611
UBFC_PHYS_s15_T1_test,6,66,8.2,-0.813256025314331,0.2607050633555033
UBFC_PHYS_s15_T1_test,6,67,8.233333333333333,-0.47849416732788086,-0.12090270960862848
UBFC_PHYS_s15_T1_test,6,68,8.266666666666667,-0.025353824719786644,-0.4974786751423514
UBFC_PHYS_s15_T1_test,6,69,8.3,0.25921791791915894,-0.8595342666815343
UBFC_PHYS_s15_T1_test,6,70,8.333333333333334,0.2721565067768097,-1.179222012934259
UBFC_PHYS_s15_T1_test,6,71,8.366666666666667,0.13745999336242676,-1.4086156377668202
UBFC_PHYS_s15_T1_test,6,72,8.4,0.04271860793232918,-1.491460517747254
UBFC_PHYS_s15_T1_test,6,73,8.433333333333334,0.052026670426130295,-1.3838250672121521
UBFC_PHYS_s15_T1_test,6,74,8.466666666666667,0.07066210359334946,-1.0748430152848911
UBFC_PHYS_s15_T1_test,6,75,8.5,-0.01770653948187828,-0.598458094426063
UBFC_PHYS_s15_T1_test,6,76,8.533333333333333,-0.184884712100029,-0.030477355359649523
UBFC_PHYS_s15_T1_test,6,77,8.566666666666666,-0.2825421094894409,0.5292001147596461
UBFC_PHYS_s15_T1_test,6,78,8.6,-0.26288315653800964,0.9836178997834119
UBFC_PHYS_s15_T1_test,6,79,8.633333333333333,-0.1920299082994461,1.2655053884329526
UBFC_PHYS_s15_T1_test,6,80,8.666666666666666,-0.10576619952917099,1.3534506734676226
UBFC_PHYS_s15_T1_test,6,81,8.7,-0.004497590474784374,1.2709456765067355
UBFC_PHYS_s15_T1_test,6,82,8.733333333333333,0.08080054819583893,1.0692166042175935
UBFC_PHYS_s15_T1_test,6,83,8.766666666666667,0.11951976269483566,0.8024160305670448
UBFC_PHYS_s15_T1_test,6,84,8.8,0.11606303602457047,0.5073388580412344
UBFC_PHYS_s15_T1_test,6,85,8.833333333333334,0.08831265568733215,0.19686103360917293
UBFC_PHYS_s15_T1_test,6,86,8.866666666666667,0.06403831392526627,-0.131908673702837
UBFC_PHYS_s15_T1_test,6,87,8.9,0.06432798504829407,-0.48143850241541963
UBFC_PHYS_s15_T1_test,6,88,8.933333333333334,0.07336568832397461,-0.8384526543304658
UBFC_PHYS_s15_T1_test,6,89,8.966666666666667,0.0555606409907341,-1.1661570372610799
UBFC_PHYS_s15_T1_test,6,90,9.0,-0.0072784218937158585,-1.4072506321937803
UBFC_PHYS_s15_T1_test,6,91,9.033333333333333,-0.10760077834129333,-1.497567269387702
UBFC_PHYS_s15_T1_test,6,92,9.066666666666666,-0.2376432567834854,-1.3868509392771204
UBFC_PHYS_s15_T1_test,6,93,9.1,-0.42307063937187195,-1.0600642393578907
UBFC_PHYS_s15_T1_test,6,94,9.133333333333333,-0.657143235206604,-0.5507540298105157
UBFC_PHYS_s15_T1_test,6,95,9.166666666666666,-0.8149747252464294,0.060698300865167525
UBFC_PHYS_s15_T1_test,6,96,9.2,-0.7256598472595215,0.6657351176327304
UBFC_PHYS_s15_T1_test,6,97,9.233333333333333,-0.36911478638648987,1.157507382719221
UBFC_PHYS_s15_T1_test,6,98,9.266666666666667,0.07769142091274261,1.4604923993116603
UBFC_PHYS_s15_T1_test,6,99,9.3,0.42438772320747375,1.5479212785857825
UBFC_PHYS_s15_T1_test,6,100,9.333333333333334,0.6376234292984009,1.4410032904480885
UBFC_PHYS_s15_T1_test,6,101,9.366666666666667,0.7786926627159119,1.192513399119498
UBFC_PHYS_s15_T1_test,6,102,9.4,0.8946378827095032,0.8635569750658433
UBFC_PHYS_s15_T1_test,6,103,9.433333333333334,0.9939753413200378,0.5036114468787539
UBFC_PHYS_s15_T1_test,6,104,9.466666666666667,1.0699654817581177,0.14061320352892184
UBFC_PHYS_s15_T1_test,6,105,9.5,1.1009987592697144,-0.2171907329253593
UBFC_PHYS_s15_T1_test,6,106,9.533333333333333,1.0247576236724854,-0.5699552242886409
UBFC_PHYS_s15_T1_test,6,107,9.566666666666666,0.7358601093292236,-0.9107860709174683
UBFC_PHYS_s15_T1_test,6,108,9.6,0.17938488721847534,-1.2135094524863528
UBFC_PHYS_s15_T1_test,6,109,9.633333333333333,-0.5382627248764038,-1.4306644778433542
UBFC_PHYS_s15_T1_test,6,110,9.666666666666666,-1.2068016529083252,-1.5046137736364038
UBFC_PHYS_s15_T1_test,6,111,9.7,-1.6636110544204712,-1.38845005819508
UBFC_PHYS_s15_T1_test,6,112,9.733333333333333,-1.904133677482605,-1.0681660275447478
UBFC_PHYS_s15_T1_test,6,113,9.766666666666667,-2.071254014968872,-0.5760459954261045
UBFC_PHYS_s15_T1_test,6,114,9.8,-2.2342607975006104,0.011548779573786368
UBFC_PHYS_s15_T1_test,6,115,9.833333333333334,-2.222287893295288,0.5923363408966821
UBFC_PHYS_s15_T1_test,6,116,9.866666666666667,-1.8876417875289917,1.0657695532318903
UBFC_PHYS_s15_T1_test,6,117,9.9,-1.3598052263259888,1.3598669757331818
UBFC_PHYS_s15_T1_test,6,118,9.933333333333334,-0.8656090497970581,1.4476420139175588
UBFC_PHYS_s15_T1_test,6,119,9.966666666666667,-0.47862932085990906,1.3480157807267763
UBFC_PHYS_s15_T1_test,6,120,10.0,-0.1364712119102478,1.1120335464419078
UBFC_PHYS_s15_T1_test,6,121,10.033333333333333,0.22646589577198029,0.8006261757003176
UBFC_PHYS_s15_T1_test,6,122,10.066666666666666,0.5900595784187317,0.46332334895818683
UBFC_PHYS_s15_T1_test,6,123,10.1,0.8708270192146301,0.12664336964940415
UBFC_PHYS_s15_T1_test,6,124,10.133333333333333,1.0109885931015015,-0.20382395535668124
UBFC_PHYS_s15_T1_test,6,125,10.166666666666666,1.0194083452224731,-0.5301732749368545
UBFC_PHYS_s15_T1_test,6,126,10.2,0.9428389668464661,-0.8455013566032897
UBFC_PHYS_s15_T1_test,6,127,10.233333333333333,0.8408751487731934,-1.1228142472957847
UBFC_PHYS_s15_T1_test,6,128,10.266666666666667,0.7394713759422302,-1.3154105966519167
UBFC_PHYS_s15_T1_test,6,129,10.3,0.6167285442352295,-1.369140189380765
UBFC_PHYS_s15_T1_test,6,130,10.333333333333334,0.4621799886226654,-1.2419537169499446
UBFC_PHYS_s15_T1_test,6,131,10.366666666666667,0.2875862419605255,-0.9232457491376245
UBFC_PHYS_s15_T1_test,6,132,10.4,0.09677101671695709,-0.44517885258517365
UBFC_PHYS_s15_T1_test,6,133,10.433333333333334,-0.06152394413948059,0.11947368640034109
UBFC_PHYS_s15_T1_test,6,134,10.466666666666667,-0.06519309431314468,0.6738666902743098
UBFC_PHYS_s15_T1_test,6,135,10.5,0.14450861513614655,1.123178594304002
UBFC_PHYS_s15_T1_test,6,136,10.533333333333333,0.4479089081287384,1.4006127706000575
UBFC_PHYS_s15_T1_test,6,137,10.566666666666666,0.6546946167945862,1.4827983293211837
UBFC_PHYS_s15_T1_test,6,138,10.6,0.6933172941207886,1.3887131536961552
UBFC_PHYS_s15_T1_test,6,139,10.633333333333333,0.6131559610366821,1.1641242758107626
UBFC_PHYS_s15_T1_test,6,140,10.666666666666666,0.48622259497642517,0.860301309155316
UBFC_PHYS_s15_T1_test,6,141,10.7,0.3535923659801483,0.5173379023962922
UBFC_PHYS_s15_T1_test,6,142,10.733333333333333,0.24156735837459564,0.15795472378006162
UBFC_PHYS_s15_T1_test,6,143,10.766666666666667,0.16333717107772827,-0.20869655485111707
UBFC_PHYS_s15_T1_test,6,144,10.8,0.11623683571815491,-0.5773915246320644
UBFC_PHYS_s15_T1_test,6,145,10.833333333333334,0.10192713886499405,-0.9361368928921447
UBFC_PHYS_s15_T1_test,6,146,10.866666666666667,0.11540644615888596,-1.2585160340855277
UBFC_PHYS_s15_T1_test,6,147,10.9,0.12052395194768906,-1.5022493072894074
UBFC_PHYS_s15_T1_test,6,148,10.933333333333334,0.08288617432117462,-1.6159327071184184
UBFC_PHYS_s15_T1_test,6,149,10.966666666666667,0.00803546141833067,-1.5534493344917508
UBFC_PHYS_s15_T1_test,6,150,11.0,-0.08085458725690842,-1.2917605830898606
UBFC_PHYS_s15_T1_test,6,151,11.033333333333333,-0.17860853672027588,-0.8450227835788131
UBFC_PHYS_s15_T1_test,6,152,11.066666666666666,-0.2885672450065613,-0.2685514211090026
UBFC_PHYS_s15_T1_test,6,153,11.1,-0.3602702021598816,0.3502009833826449
UBFC_PHYS_s15_T1_test,6,154,11.133333333333333,-0.2852649986743927,0.9115890033842832
UBFC_PHYS_s15_T1_test,6,155,11.166666666666666,-0.02156880497932434,1.3282711069738489
UBFC_PHYS_s15_T1_test,6,156,11.2,0.31917959451675415,1.545829205193905
UBFC_PHYS_s15_T1_test,6,157,11.233333333333333,0.5777775645256042,1.5525208733411164
UBFC_PHYS_s15_T1_test,6,158,11.266666666666667,0.6862686276435852,1.3757844386373612
UBFC_PHYS_s15_T1_test,6,159,11.3,0.6626701951026917,1.0682290158532457
UBFC_PHYS_s15_T1_test,6,160,11.333333333333334,0.5480188131332397,0.6889439607758822
UBFC_PHYS_s15_T1_test,6,161,11.366666666666667,0.41940540075302124,0.28704977800593795
UBFC_PHYS_s15_T1_test,6,162,11.4,0.35973337292671204,-0.1061332930157481
UBFC_PHYS_s15_T1_test,6,163,11.433333333333334,0.349479079246521,-0.47342270855957885
UBFC_PHYS_s15_T1_test,6,164,11.466666666666667,0.29077261686325073,-0.800071800094773
UBFC_PHYS_s15_T1_test,6,165,11.5,0.1650751829147339,-1.0623627405624732
UBFC_PHYS_s15_T1_test,6,166,11.533333333333333,0.05473025515675545,-1.22432603403351
UBFC_PHYS_s15_T1_test,6,167,11.566666666666666,0.0052546304650604725,-1.2454470345104893
UBFC_PHYS_s15_T1_test,6,168,11.6,-0.0007898154435679317,-1.0962744893799412
UBFC_PHYS_s15_T1_test,6,169,11.633333333333333,0.004134573508054018,-0.7748685937693537
UBFC_PHYS_s15_T1_test,6,170,11.666666666666666,-0.021955031901597977,-0.3165048050315831
UBFC_PHYS_s15_T1_test,6,171,11.7,-0.0847361609339714,0.20832988970140784
UBFC_PHYS_s15_T1_test,6,172,11.733333333333333,-0.0814918577671051,0.7082447960675163
UBFC_PHYS_s15_T1_test,6,173,11.766666666666667,0.10905302315950394,1.093581024003066
UBFC_PHYS_s15_T1_test,6,174,11.8,0.4128009080886841,1.3000586398885938
UBFC_PHYS_s15_T1_test,6,175,11.833333333333334,0.6081736087799072,1.3051821270033266
UBFC_PHYS_s15_T1_test,6,176,11.866666666666667,0.6212667226791382,1.131249644529856
UBFC_PHYS_s15_T1_test,6,177,11.9,0.5827212929725647,0.8337793730315016
UBFC_PHYS_s15_T1_test,6,178,11.933333333333334,0.5766961574554443,0.48036297082112217
UBFC_PHYS_s15_T1_test,6,179,11.966666666666667,0.5546039938926697,0.12905177635531026
UBFC_PHYS_s15_T1_test,6,180,12.0,0.5242658853530884,-0.18516103440676684
UBFC_PHYS_s15_T1_test,6,181,12.033333333333333,0.572100043296814,-0.45182032939015265
UBFC_PHYS_s15_T1_test,6,182,12.066666666666666,0.6820587515830994,-0.6764195277477454
UBFC_PHYS_s15_T1_test,6,183,12.1,0.778364360332489,-0.8674772681271841
UBFC_PHYS_s15_T1_test,6,184,12.133333333333333,0.8384998440742493,-1.024997122851192
UBFC_PHYS_s15_T1_test,6,185,12.166666666666666,0.852751612663269,-1.134085631816037
UBFC_PHYS_s15_T1_test,6,186,12.2,0.794064462184906,-1.1659161031854737
UBFC_PHYS_s15_T1_test,6,187,12.233333333333333,0.6768447160720825,-1.0865970050473173
UBFC_PHYS_s15_T1_test,6,188,12.266666666666667,0.5426889061927795,-0.8718082333584807
UBFC_PHYS_s15_T1_test,6,189,12.3,0.3674386143684387,-0.5220374521235759
UBFC_PHYS_s15_T1_test,6,190,12.333333333333334,0.10936200618743896,-0.07165502692716723
UBFC_PHYS_s15_T1_test,6,191,12.366666666666667,-0.14463990926742554,0.41352010021212476
UBFC_PHYS_s15_T1_test,6,192,12.4,-0.22823864221572876,0.8509658334534723
UBFC_PHYS_s15_T1_test,6,193,12.433333333333334,-0.12366779893636703,1.1637789638664984
UBFC_PHYS_s15_T1_test,6,194,12.466666666666667,0.010063150897622108,1.3022221445736595
UBFC_PHYS_s15_T1_test,6,195,12.5,0.05268325284123421,1.2563325438524167
UBFC_PHYS_s15_T1_test,6,196,12.533333333333333,0.01303709577769041,1.0553778610406608
UBFC_PHYS_s15_T1_test,6,197,12.566666666666666,-0.07560190558433533,0.7553651592872936
UBFC_PHYS_s15_T1_test,6,198,12.6,-0.20222628116607666,0.4199890154566731
UBFC_PHYS_s15_T1_test,6,199,12.633333333333333,-0.3295651972293854,0.10209326073435562
UBFC_PHYS_s15_T1_test,6,200,12.666666666666666,-0.41716137528419495,-0.1680918966384891
UBFC_PHYS_s15_T1_test,6,201,12.7,-0.448909193277359,-0.38433408205597375
UBFC_PHYS_s15_T1_test,6,202,12.733333333333333,-0.4396011531352997,-0.5555038097710494
UBFC_PHYS_s15_T1_test,6,203,12.766666666666667,-0.46242713928222656,-0.690668403611167
UBFC_PHYS_s15_T1_test,6,204,12.8,-0.5738728046417236,-0.7857877477452655
UBFC_PHYS_s15_T1_test,6,205,12.833333333333334,-0.7165835499763489,-0.8195404582746912
UBFC_PHYS_s15_T1_test,6,206,12.866666666666667,-0.8183928728103638,-0.7611737318272305
UBFC_PHYS_s15_T1_test,6,207,12.9,-0.9071090817451477,-0.5868482372638801
UBFC_PHYS_s15_T1_test,6,208,12.933333333333334,-1.0527551174163818,-0.2966508365261626
UBFC_PHYS_s15_T1_test,6,209,12.966666666666667,-1.2763803005218506,0.07582295598336668
UBFC_PHYS_s15_T1_test,6,210,13.0,-1.5051616430282593,0.46603020328716843
UBFC_PHYS_s15_T1_test,6,211,13.033333333333333,-1.5547531843185425,0.793023153087007
UBFC_PHYS_s15_T1_test,6,212,13.066666666666666,-1.347754955291748,0.9816687145416424
UBFC_PHYS_s15_T1_test,6,213,13.1,-1.0644577741622925,0.9855273202380281
UBFC_PHYS_s15_T1_test,6,214,13.133333333333333,-0.9350525736808777,0.8023467841513092
UBFC_PHYS_s15_T1_test,6,215,13.166666666666666,-1.0280752182006836,0.4757571928662286
UBFC_PHYS_s15_T1_test,6,216,13.2,-1.350825548171997,0.08146002779657392
UBFC_PHYS_s15_T1_test,6,217,13.233333333333333,-1.8720382452011108,-0.2974309367499466
UBFC_PHYS_s15_T1_test,6,218,13.266666666666667,-2.3748667240142822,-0.596074260825377
UBFC_PHYS_s15_T1_test,6,219,13.3,-2.598839521408081,-0.7841300721866904
UBFC_PHYS_s15_T1_test,6,220,13.333333333333334,-2.5204546451568604,-0.8669499021552138
UBFC_PHYS_s15_T1_test,6,221,13.366666666666667,-2.2748725414276123,-0.8733588139719115
UBFC_PHYS_s15_T1_test,6,222,13.4,-2.0066962242126465,-0.8369156046095412
UBFC_PHYS_s15_T1_test,6,223,13.433333333333334,-1.8428974151611328,-0.7790320666212495
UBFC_PHYS_s15_T1_test,6,224,13.466666666666667,-1.8520317077636719,-0.7004280661906469
UBFC_PHYS_s15_T1_test,6,225,13.5,-1.994703769683838,-0.5835606615833032
UBFC_PHYS_s15_T1_test,6,226,13.533333333333333,-2.165280818939209,-0.4045253837908597
UBFC_PHYS_s15_T1_test,6,227,13.566666666666666,-2.2793915271759033,-0.14948975398576078
UBFC_PHYS_s15_T1_test,6,228,13.6,-2.356849193572998,0.17129018827054207
UBFC_PHYS_s15_T1_test,6,229,13.633333333333333,-2.503615379333496,0.5185303544584876
UBFC_PHYS_s15_T1_test,6,230,13.666666666666666,-2.710767984390259,0.8316753276891075
UBFC_PHYS_s15_T1_test,6,231,13.7,-2.7059593200683594,1.0477501632756108
UBFC_PHYS_s15_T1_test,6,232,13.733333333333333,-2.186272144317627,1.1241727666337027
UBFC_PHYS_s15_T1_test,6,233,13.766666666666667,-1.199019193649292,1.055531917987522
UBFC_PHYS_s15_T1_test,6,234,13.8,-0.13450145721435547,0.8762827953135834
UBFC_PHYS_s15_T1_test,6,235,13.833333333333334,0.7020266652107239,0.6475195488029554
UBFC_PHYS_s15_T1_test,6,236,13.866666666666667,1.2484021186828613,0.43351076943003736
UBFC_PHYS_s15_T1_test,6,237,13.9,1.5543321371078491,0.278268227754934
UBFC_PHYS_s15_T1_test,6,238,13.933333333333334,1.7013107538223267,0.1915180218948437
UBFC_PHYS_s15_T1_test,6,239,13.966666666666667,1.7798305749893188,0.1486834831251153
UBFC_PHYS_s15_T1_test,7,0,7.0,0.7887345552444458,0.03098850677887918
UBFC_PHYS_s15_T1_test,7,1,7.033333333333333,0.9825044274330139,0.15348157183250719
UBFC_PHYS_s15_T1_test,7,2,7.066666666666666,1.1065410375595093,0.2550621137689638
UBFC_PHYS_s15_T1_test,7,3,7.1,1.1362805366516113,0.3258156404896881
UBFC_PHYS_s15_T1_test,7,4,7.133333333333334,1.0615264177322388,0.3727288970355078
UBFC_PHYS_s15_T1_test,7,5,7.166666666666667,0.8919535875320435,0.41342250254678925
UBFC_PHYS_s15_T1_test,7,6,7.2,0.6615115404129028,0.46198717393253386
UBFC_PHYS_s15_T1_test,7,7,7.233333333333333,0.3878120481967926,0.5161420094758423
UBFC_PHYS_s15_T1_test,7,8,7.266666666666667,0.10634943842887878,0.554411732249542
UBFC_PHYS_s15_T1_test,7,9,7.3,-0.0305099505931139,0.5457799173186509
UBFC_PHYS_s15_T1_test,7,10,7.333333333333333,0.10984478890895844,0.4667593203136138
UBFC_PHYS_s15_T1_test,7,11,7.366666666666666,0.431919127702713,0.3163506608567247
UBFC_PHYS_s15_T1_test,7,12,7.4,0.7175916433334351,0.12033831741781721
UBFC_PHYS_s15_T1_test,7,13,7.433333333333334,0.8653233051300049,-0.07784563039721301
UBFC_PHYS_s15_T1_test,7,14,7.466666666666667,0.9173673391342163,-0.23507799062545795
UBFC_PHYS_s15_T1_test,7,15,7.5,0.9277760982513428,-0.3262115611408363
UBFC_PHYS_s15_T1_test,7,16,7.533333333333333,0.9012616872787476,-0.3533299296820203
UBFC_PHYS_s15_T1_test,7,17,7.566666666666666,0.8263723254203796,-0.34320981870422995
UBFC_PHYS_s15_T1_test,7,18,7.6,0.7087856531143188,-0.33470314975582693
UBFC_PHYS_s15_T1_test,7,19,7.633333333333334,0.584942102432251,-0.3612376766957646
UBFC_PHYS_s15_T1_test,7,20,7.666666666666667,0.48950549960136414,-0.4349699888064603
UBFC_PHYS_s15_T1_test,7,21,7.7,0.38215383887290955,-0.5385565040115757
UBFC_PHYS_s15_T1_test,7,22,7.733333333333333,0.17838069796562195,-0.6283877175566271
UBFC_PHYS_s15_T1_test,7,23,7.766666666666667,-0.10481994599103928,-0.6493927373199244
UBFC_PHYS_s15_T1_test,7,24,7.8,-0.3359379172325134,-0.5567481540471463
UBFC_PHYS_s15_T1_test,7,25,7.833333333333333,-0.4348312318325043,-0.33615548681675783
UBFC_PHYS_s15_T1_test,7,26,7.866666666666666,-0.4178565740585327,-0.014001510446526528
UBFC_PHYS_s15_T1_test,7,27,7.9,-0.3170514404773712,0.34767353848266447
UBFC_PHYS_s15_T1_test,7,28,7.933333333333334,-0.13859546184539795,0.6701729917681644
UBFC_PHYS_s15_T1_test,7,29,7.966666666666667,0.08838990330696106,0.8838366905944794
UBFC_PHYS_s15_T1_test,7,30,8.0,0.27514976263046265,0.9503077615972796
UBFC_PHYS_s15_T1_test,7,31,8.033333333333333,0.31520146131515503,0.8727738649326151
UBFC_PHYS_s15_T1_test,7,32,8.066666666666666,0.170192688703537,0.6906906170901348
UBFC_PHYS_s15_T1_test,7,33,8.1,-0.14046865701675415,0.4617341288346487
UBFC_PHYS_s15_T1_test,7,34,8.133333333333333,-0.5307506322860718,0.23850422477838412
UBFC_PHYS_s15_T1_test,7,35,8.166666666666666,-0.8208646774291992,0.04952752484670562
UBFC_PHYS_s15_T1_test,7,36,8.2,-0.813256025314331,-0.10718599629089649
UBFC_PHYS_s15_T1_test,7,37,8.233333333333333,-0.47849416732788086,-0.25493197741715684
UBFC_PHYS_s15_T1_test,7,38,8.266666666666667,-0.025353824719786644,-0.4180551801806238
UBFC_PHYS_s15_T1_test,7,39,8.3,0.25921791791915894,-0.6011348107446889
UBFC_PHYS_s15_T1_test,7,40,8.333333333333334,0.2721565067768097,-0.7783207419721063
UBFC_PHYS_s15_T1_test,7,41,8.366666666666667,0.13745999336242676,-0.8983993194714975
UBFC_PHYS_s15_T1_test,7,42,8.4,0.04271860793232918,-0.9037346643876525
UBFC_PHYS_s15_T1_test,7,43,8.433333333333334,0.052026670426130295,-0.7550536729894423
UBFC_PHYS_s15_T1_test,7,44,8.466666666666667,0.07066210359334946,-0.45167157314986406
UBFC_PHYS_s15_T1_test,7,45,8.5,-0.01770653948187828,-0.03861607981193917
UBFC_PHYS_s15_T1_test,7,46,8.533333333333333,-0.184884712100029,0.4029362164547696
UBFC_PHYS_s15_T1_test,7,47,8.566666666666666,-0.2825421094894409,0.7792453256505216
UBFC_PHYS_s15_T1_test,7,48,8.6,-0.26288315653800964,1.0134261833014064
UBFC_PHYS_s15_T1_test,7,49,8.633333333333333,-0.1920299082994461,1.069568246744773
UBFC_PHYS_s15_T1_test,7,50,8.666666666666666,-0.10576619952917099,0.9615243937016899
UBFC_PHYS_s15_T1_test,7,51,8.7,-0.004497590474784374,0.7422358473984952
UBFC_PHYS_s15_T1_test,7,52,8.733333333333333,0.08080054819583893,0.47852577206648383
UBFC_PHYS_s15_T1_test,7,53,8.766666666666667,0.11951976269483566,0.22354609885730412
UBFC_PHYS_s15_T1_test,7,54,8.8,0.11606303602457047,-0.00011853692197281518
UBFC_PHYS_s15_T1_test,7,55,8.833333333333334,0.08831265568733215,-0.1998254999978178
UBFC_PHYS_s15_T1_test,7,56,8.866666666666667,0.06403831392526627,-0.3974568659926566
UBFC_PHYS_s15_T1_test,7,57,8.9,0.06432798504829407,-0.6088705244050557
UBFC_PHYS_s15_T1_test,7,58,8.933333333333334,0.07336568832397461,-0.8282038312674174
UBFC_PHYS_s15_T1_test,7,59,8.966666666666667,0.0555606409907341,-1.0228755732325288
UBFC_PHYS_s15_T1_test,7,60,9.0,-0.0072784218937158585,-1.1405973138299745
UBFC_PHYS_s15_T1_test,7,61,9.033333333333333,-0.10760077834129333,-1.1260795878520757
UBFC_PHYS_s15_T1_test,7,62,9.066666666666666,-0.2376432567834854,-0.9421956933262633
UBFC_PHYS_s15_T1_test,7,63,9.1,-0.42307063937187195,-0.5883906996056268
UBFC_PHYS_s15_T1_test,7,64,9.133333333333333,-0.657143235206604,-0.10889253318548132
UBFC_PHYS_s15_T1_test,7,65,9.166666666666666,-0.8149747252464294,0.4141706188429911
UBFC_PHYS_s15_T1_test,7,66,9.2,-0.7256598472595215,0.8822305645815998
UBFC_PHYS_s15_T1_test,7,67,9.233333333333333,-0.36911478638648987,1.209389757587805
UBFC_PHYS_s15_T1_test,7,68,9.266666666666667,0.07769142091274261,1.3478914272282436
UBFC_PHYS_s15_T1_test,7,69,9.3,0.42438772320747375,1.2992745223277862
UBFC_PHYS_s15_T1_test,7,70,9.333333333333334,0.6376234292984009,1.1067812603623282
UBFC_PHYS_s15_T1_test,7,71,9.366666666666667,0.7786926627159119,0.8332865892760913
UBFC_PHYS_s15_T1_test,7,72,9.4,0.8946378827095032,0.5354932621675722
UBFC_PHYS_s15_T1_test,7,73,9.433333333333334,0.9939753413200378,0.2460027857538706
UBFC_PHYS_s15_T1_test,7,74,9.466666666666667,1.0699654817581177,-0.03014713401981001
UBFC_PHYS_s15_T1_test,7,75,9.5,1.1009987592697144,-0.305189606847077
UBFC_PHYS_s15_T1_test,7,76,9.533333333333333,1.0247576236724854,-0.5907288814494284
UBFC_PHYS_s15_T1_test,7,77,9.566666666666666,0.7358601093292236,-0.8806310312706782
UBFC_PHYS_s15_T1_test,7,78,9.6,0.17938488721847534,-1.1424473791140888
UBFC_PHYS_s15_T1_test,7,79,9.633333333333333,-0.5382627248764038,-1.321749640428176
UBFC_PHYS_s15_T1_test,7,80,9.666666666666666,-1.2068016529083252,-1.3584967504006138
UBFC_PHYS_s15_T1_test,7,81,9.7,-1.6636110544204712,-1.2095290110589971
UBFC_PHYS_s15_T1_test,7,82,9.733333333333333,-1.904133677482605,-0.8686231214898494
UBFC_PHYS_s15_T1_test,7,83,9.766666666666667,-2.071254014968872,-0.3760187474406004
UBFC_PHYS_s15_T1_test,7,84,9.8,-2.2342607975006104,0.18730985620446464
UBFC_PHYS_s15_T1_test,7,85,9.833333333333334,-2.222287893295288,0.7198969159255257
UBFC_PHYS_s15_T1_test,7,86,9.866666666666667,-1.8876417875289917,1.1279097937289866
UBFC_PHYS_s15_T1_test,7,87,9.9,-1.3598052263259888,1.3509078227514135
UBFC_PHYS_s15_T1_test,7,88,9.933333333333334,-0.8656090497970581,1.3756734132531534
UBFC_PHYS_s15_T1_test,7,89,9.966666666666667,-0.47862932085990906,1.2332605424928003
UBFC_PHYS_s15_T1_test,7,90,10.0,-0.1364712119102478,0.9811566045190374
UBFC_PHYS_s15_T1_test,7,91,10.033333333333333,0.22646589577198029,0.678610744600129
UBFC_PHYS_s15_T1_test,7,92,10.066666666666666,0.5900595784187317,0.366118103608725
UBFC_PHYS_s15_T1_test,7,93,10.1,0.8708270192146301,0.05788214378550837
UBFC_PHYS_s15_T1_test,7,94,10.133333333333333,1.0109885931015015,-0.2506891360286133
UBFC_PHYS_s15_T1_test,7,95,10.166666666666666,1.0194083452224731,-0.5659160792675286
UBFC_PHYS_s15_T1_test,7,96,10.2,0.9428389668464661,-0.8787356096324356
UBFC_PHYS_s15_T1_test,7,97,10.233333333333333,0.8408751487731934,-1.1561937856091546
UBFC_PHYS_s15_T1_test,7,98,10.266666666666667,0.7394713759422302,-1.3455230394868898
UBFC_PHYS_s15_T1_test,7,99,10.3,0.6167285442352295,-1.3891756121918637
UBFC_PHYS_s15_T1_test,7,100,10.333333333333334,0.4621799886226654,-1.2452339733219924
UBFC_PHYS_s15_T1_test,7,101,10.366666666666667,0.2875862419605255,-0.9059665364976246
UBFC_PHYS_s15_T1_test,7,102,10.4,0.09677101671695709,-0.40762985166596444
UBFC_PHYS_s15_T1_test,7,103,10.433333333333334,-0.06152394413948059,0.17308285035248833
UBFC_PHYS_s15_T1_test,7,104,10.466666666666667,-0.06519309431314468,0.7363960893834389
UBFC_PHYS_s15_T1_test,7,105,10.5,0.14450861513614655,1.185837123199131
UBFC_PHYS_s15_T1_test,7,106,10.533333333333333,0.4479089081287384,1.4543910168701515
UBFC_PHYS_s15_T1_test,7,107,10.566666666666666,0.6546946167945862,1.5201635947226884
UBFC_PHYS_s15_T1_test,7,108,10.6,0.6933172941207886,1.405341677923257
UBFC_PHYS_s15_T1_test,7,109,10.633333333333333,0.6131559610366821,1.1598161541973189
UBFC_PHYS_s15_T1_test,7,110,10.666666666666666,0.48622259497642517,0.8381285905947438
UBFC_PHYS_s15_T1_test,7,111,10.7,0.3535923659801483,0.4809662596287583
UBFC_PHYS_s15_T1_test,7,112,10.733333333333333,0.24156735837459564,0.10852825126714657
UBFC_PHYS_s15_T1_test,7,113,10.766666666666667,0.16333717107772827,-0.27385639143527946
UBFC_PHYS_s15_T1_test,7,114,10.8,0.11623683571815491,-0.66278024592439
UBFC_PHYS_s15_T1_test,7,115,10.833333333333334,0.10192713886499405,-1.0433592919488714
UBFC_PHYS_s15_T1_test,7,116,10.866666666666667,0.11540644615888596,-1.381414042255287
UBFC_PHYS_s15_T1_test,7,117,10.9,0.12052395194768906,-1.6248142332457947
UBFC_PHYS_s15_T1_test,7,118,10.933333333333334,0.08288617432117462,-1.714577514191588
UBFC_PHYS_s15_T1_test,7,119,10.966666666666667,0.00803546141833067,-1.6030710135425679
UBFC_PHYS_s15_T1_test,7,120,11.0,-0.08085458725690842,-1.2735513858407979
UBFC_PHYS_s15_T1_test,7,121,11.033333333333333,-0.17860853672027588,-0.7535508347134293
UBFC_PHYS_s15_T1_test,7,122,11.066666666666666,-0.2885672450065613,-0.11558808442215276
UBFC_PHYS_s15_T1_test,7,123,11.1,-0.3602702021598816,0.5372987692006738
UBFC_PHYS_s15_T1_test,7,124,11.133333333333333,-0.2852649986743927,1.0976982347479873
UBFC_PHYS_s15_T1_test,7,125,11.166666666666666,-0.02156880497932434,1.482673902096817
UBFC_PHYS_s15_T1_test,7,126,11.2,0.31917959451675415,1.6542188492754615
UBFC_PHYS_s15_T1_test,7,127,11.233333333333333,0.5777775645256042,1.6232397673807422
UBFC_PHYS_s15_T1_test,7,128,11.266666666666667,0.6862686276435852,1.4363786231622024
UBFC_PHYS_s15_T1_test,7,129,11.3,0.6626701951026917,1.152650117349093
UBFC_PHYS_s15_T1_test,7,130,11.333333333333334,0.5480188131332397,0.8206438789856338
UBFC_PHYS_s15_T1_test,7,131,11.366666666666667,0.41940540075302124,0.46583130471912904
UBFC_PHYS_s15_T1_test,7,132,11.4,0.35973337292671204,0.09251131184300548
UBFC_PHYS_s15_T1_test,7,133,11.433333333333334,0.349479079246521,-0.301906020325238
UBFC_PHYS_s15_T1_test,7,134,11.466666666666667,0.29077261686325073,-0.7085319585618028
UBFC_PHYS_s15_T1_test,7,135,11.5,0.1650751829147339,-1.0946385102594591
UBFC_PHYS_s15_T1_test,7,136,11.533333333333333,0.05473025515675545,-1.4038740547505102
UBFC_PHYS_s15_T1_test,7,137,11.566666666666666,0.0052546304650604725,-1.5694151813895592
UBFC_PHYS_s15_T1_test,7,138,11.6,-0.0007898154435679317,-1.535173795830755
UBFC_PHYS_s15_T1_test,7,139,11.633333333333333,0.004134573508054018,-1.277406982769077
UBFC_PHYS_s15_T1_test,7,140,11.666666666666666,-0.021955031901597977,-0.8188233419821438
UBFC_PHYS_s15_T1_test,7,141,11.7,-0.0847361609339714,-0.229334142801991
UBFC_PHYS_s15_T1_test,7,142,11.733333333333333,-0.0814918577671051,0.3884132290900181
UBFC_PHYS_s15_T1_test,7,143,11.766666666666667,0.10905302315950394,0.9252922310185397
UBFC_PHYS_s15_T1_test,7,144,11.8,0.4128009080886841,1.2951969978530338
UBFC_PHYS_s15_T1_test,7,145,11.833333333333334,0.6081736087799072,1.4568683358370496
UBFC_PHYS_s15_T1_test,7,146,11.866666666666667,0.6212667226791382,1.4194909461205
UBFC_PHYS_s15_T1_test,7,147,11.9,0.5827212929725647,1.2302580287538898
UBFC_PHYS_s15_T1_test,7,148,11.933333333333334,0.5766961574554443,0.9503887321799096
UBFC_PHYS_s15_T1_test,7,149,11.966666666666667,0.5546039938926697,0.6311992431209268
UBFC_PHYS_s15_T1_test,7,150,12.0,0.5242658853530884,0.30059943044894427
UBFC_PHYS_s15_T1_test,7,151,12.033333333333333,0.572100043296814,-0.035871808037434484
UBFC_PHYS_s15_T1_test,7,152,12.066666666666666,0.6820587515830994,-0.3826869412752148
UBFC_PHYS_s15_T1_test,7,153,12.1,0.778364360332489,-0.7383222697368941
UBFC_PHYS_s15_T1_test,7,154,12.133333333333333,0.8384998440742493,-1.083145719233518
UBFC_PHYS_s15_T1_test,7,155,12.166666666666666,0.852751612663269,-1.3758095897406484
UBFC_PHYS_s15_T1_test,7,156,12.2,0.794064462184906,-1.5596153336353769
UBFC_PHYS_s15_T1_test,7,157,12.233333333333333,0.6768447160720825,-1.5775290618180144
UBFC_PHYS_s15_T1_test,7,158,12.266666666666667,0.5426889061927795,-1.3917806126338368
UBFC_PHYS_s15_T1_test,7,159,12.3,0.3674386143684387,-1.0016764137271137
UBFC_PHYS_s15_T1_test,7,160,12.333333333333334,0.10936200618743896,-0.4524322692326911
UBFC_PHYS_s15_T1_test,7,161,12.366666666666667,-0.14463990926742554,0.17032433448087111
UBFC_PHYS_s15_T1_test,7,162,12.4,-0.22823864221572876,0.7608752174203031
UBFC_PHYS_s15_T1_test,7,163,12.433333333333334,-0.12366779893636703,1.2225315089233795
UBFC_PHYS_s15_T1_test,7,164,12.466666666666667,0.010063150897622108,1.4943310954440274
UBFC_PHYS_s15_T1_test,7,165,12.5,0.05268325284123421,1.5640520015867967
UBFC_PHYS_s15_T1_test,7,166,12.533333333333333,0.01303709577769041,1.4626789624317704
UBFC_PHYS_s15_T1_test,7,167,12.566666666666666,-0.07560190558433533,1.2443775352337152
UBFC_PHYS_s15_T1_test,7,168,12.6,-0.20222628116607666,0.9621164059778062
UBFC_PHYS_s15_T1_test,7,169,12.633333333333333,-0.3295651972293854,0.6498029656965081
UBFC_PHYS_s15_T1_test,7,170,12.666666666666666,-0.41716137528419495,0.3176125443735035
UBFC_PHYS_s15_T1_test,7,171,12.7,-0.448909193277359,-0.03928181119323267
UBFC_PHYS_s15_T1_test,7,172,12.733333333333333,-0.4396011531352997,-0.42401770498386704
UBFC_PHYS_s15_T1_test,7,173,12.766666666666667,-0.46242713928222656,-0.8216990751600359
UBFC_PHYS_s15_T1_test,7,174,12.8,-0.5738728046417236,-1.1911930303611384
UBFC_PHYS_s15_T1_test,7,175,12.833333333333334,-0.7165835499763489,-1.4694549584728298
UBFC_PHYS_s15_T1_test,7,176,12.866666666666667,-0.8183928728103638,-1.587816168915783
UBFC_PHYS_s15_T1_test,7,177,12.9,-0.9071090817451477,-1.4949934654132258
UBFC_PHYS_s15_T1_test,7,178,12.933333333333334,-1.0527551174163818,-1.1787290904208858
UBFC_PHYS_s15_T1_test,7,179,12.966666666666667,-1.2763803005218506,-0.6775677510544251
UBFC_PHYS_s15_T1_test,7,180,13.0,-1.5051616430282593,-0.07659309926182234
UBFC_PHYS_s15_T1_test,7,181,13.033333333333333,-1.5547531843185425,0.5136488980086935
UBFC_PHYS_s15_T1_test,7,182,13.066666666666666,-1.347754955291748,0.9884782779823565
UBFC_PHYS_s15_T1_test,7,183,13.1,-1.0644577741622925,1.278700368940429
UBFC_PHYS_s15_T1_test,7,184,13.133333333333333,-0.9350525736808777,1.3666567437776427
UBFC_PHYS_s15_T1_test,7,185,13.166666666666666,-1.0280752182006836,1.2826437212509634
UBFC_PHYS_s15_T1_test,7,186,13.2,-1.350825548171997,1.0844154924665255
UBFC_PHYS_s15_T1_test,7,187,13.233333333333333,-1.8720382452011108,0.8300132046935446
UBFC_PHYS_s15_T1_test,7,188,13.266666666666667,-2.3748667240142822,0.5566583026587691
UBFC_PHYS_s15_T1_test,7,189,13.3,-2.598839521408081,0.2745188603149222
UBFC_PHYS_s15_T1_test,7,190,13.333333333333334,-2.5204546451568604,-0.02420745692754253
UBFC_PHYS_s15_T1_test,7,191,13.366666666666667,-2.2748725414276123,-0.3479254575076152
UBFC_PHYS_s15_T1_test,7,192,13.4,-2.0066962242126465,-0.6892978151675945
UBFC_PHYS_s15_T1_test,7,193,13.433333333333334,-1.8428974151611328,-1.0169176330313836
UBFC_PHYS_s15_T1_test,7,194,13.466666666666667,-1.8520317077636719,-1.2779844471383273
UBFC_PHYS_s15_T1_test,7,195,13.5,-1.994703769683838,-1.4111328839639419
UBFC_PHYS_s15_T1_test,7,196,13.533333333333333,-2.165280818939209,-1.365594878142848
UBFC_PHYS_s15_T1_test,7,197,13.566666666666666,-2.2793915271759033,-1.1207922497394036
UBFC_PHYS_s15_T1_test,7,198,13.6,-2.356849193572998,-0.6994031916433442
UBFC_PHYS_s15_T1_test,7,199,13.633333333333333,-2.503615379333496,-0.16783561098033778
UBFC_PHYS_s15_T1_test,7,200,13.666666666666666,-2.710767984390259,0.37836842779169394
UBFC_PHYS_s15_T1_test,7,201,13.7,-2.7059593200683594,0.8408434639893589
UBFC_PHYS_s15_T1_test,7,202,13.733333333333333,-2.186272144317627,1.1471440075381993
UBFC_PHYS_s15_T1_test,7,203,13.766666666666667,-1.199019193649292,1.2702279552212419
UBFC_PHYS_s15_T1_test,7,204,13.8,-0.13450145721435547,1.230458654614142
UBFC_PHYS_s15_T1_test,7,205,13.833333333333334,0.7020266652107239,1.079883949407951
UBFC_PHYS_s15_T1_test,7,206,13.866666666666667,1.2484021186828613,0.8769295448947677
UBFC_PHYS_s15_T1_test,7,207,13.9,1.5543321371078491,0.6635205862232935
UBFC_PHYS_s15_T1_test,7,208,13.933333333333334,1.7013107538223267,0.45379575108001313
UBFC_PHYS_s15_T1_test,7,209,13.966666666666667,1.7798305749893188,0.23700920146922755
UBFC_PHYS_s15_T1_test,7,210,14.0,1.8289393186569214,-0.008612559504616243
UBFC_PHYS_s15_T1_test,7,211,14.033333333333333,1.8155372142791748,-0.2975866274359698
UBFC_PHYS_s15_T1_test,7,212,14.066666666666666,1.7067950963974,-0.6218035476299174
UBFC_PHYS_s15_T1_test,7,213,14.1,1.5238009691238403,-0.9441165374184899
UBFC_PHYS_s15_T1_test,7,214,14.133333333333333,1.3259949684143066,-1.2039961772128334
UBFC_PHYS_s15_T1_test,7,215,14.166666666666666,1.1415525674819946,-1.3343076003325338
UBFC_PHYS_s15_T1_test,7,216,14.2,0.9489220380783081,-1.2840333090769402
UBFC_PHYS_s15_T1_test,7,217,14.233333333333333,0.7375209331512451,-1.0389050319940283
UBFC_PHYS_s15_T1_test,7,218,14.266666666666667,0.5160199403762817,-0.6318198125053891
UBFC_PHYS_s15_T1_test,7,219,14.3,0.2729482650756836,-0.13795671082323555
UBFC_PHYS_s15_T1_test,7,220,14.333333333333334,0.05326259508728981,0.3451124067179903
UBFC_PHYS_s15_T1_test,7,221,14.366666666666667,0.0012571853585541248,0.7261195143780991
UBFC_PHYS_s15_T1_test,7,222,14.4,0.17811033129692078,0.9472842667549799
UBFC_PHYS_s15_T1_test,7,223,14.433333333333334,0.45298779010772705,0.9994141990835885
UBFC_PHYS_s15_T1_test,7,224,14.466666666666667,0.6687532663345337,0.9187338302072692
UBFC_PHYS_s15_T1_test,7,225,14.5,0.7791754603385925,0.7668611311898931
UBFC_PHYS_s15_T1_test,7,226,14.533333333333333,0.7598061561584473,0.6029700265080913
UBFC_PHYS_s15_T1_test,7,227,14.566666666666666,0.5995801091194153,0.4607746534979061
UBFC_PHYS_s15_T1_test,7,228,14.6,0.39930230379104614,0.3402160199867659
UBFC_PHYS_s15_T1_test,7,229,14.633333333333333,0.3037305176258087,0.2160929922324232
UBFC_PHYS_s15_T1_test,7,230,14.666666666666666,0.3284490406513214,0.057499424917828335
UBFC_PHYS_s15_T1_test,7,231,14.7,0.38238558173179626,-0.15236714366297552
UBFC_PHYS_s15_T1_test,7,232,14.733333333333333,0.3897431790828705,-0.4045098596991968
UBFC_PHYS_s15_T1_test,7,233,14.766666666666667,0.3060092628002167,-0.6637206158248492
UBFC_PHYS_s15_T1_test,7,234,14.8,0.13767240941524506,-0.8780566936643441
UBFC_PHYS_s15_T1_test,7,235,14.833333333333334,-0.021665362641215324,-0.9942554154825028
UBFC_PHYS_s15_T1_test,7,236,14.866666666666667,-0.10265707224607468,-0.9741093571009579
UBFC_PHYS_s15_T1_test,7,237,14.9,-0.1624835729598999,-0.8069186664350978
UBFC_PHYS_s15_T1_test,7,238,14.933333333333334,-0.26778826117515564,-0.5142839560610704
UBFC_PHYS_s15_T1_test,7,239,14.966666666666667,-0.33358195424079895,-0.1459202785007168
UBFC_PHYS_s15_T1_test,8,0,8.0,0.27514976263046265,-0.11651275756485013
UBFC_PHYS_s15_T1_test,8,1,8.033333333333333,0.31520146131515503,0.2875259139127682
UBFC_PHYS_s15_T1_test,8,2,8.066666666666666,0.170192688703537,0.6171907512034376
UBFC_PHYS_s15_T1_test,8,3,8.1,-0.14046865701675415,0.8147339555379799
UBFC_PHYS_s15_T1_test,8,4,8.133333333333333,-0.5307506322860718,0.8575445546854148
UBFC_PHYS_s15_T1_test,8,5,8.166666666666666,-0.8208646774291992,0.7578647713728668
UBFC_PHYS_s15_T1_test,8,6,8.2,-0.813256025314331,0.5498726506223384
UBFC_PHYS_s15_T1_test,8,7,8.233333333333333,-0.47849416732788086,0.2730241365436026
UBFC_PHYS_s15_T1_test,8,8,8.266666666666667,-0.025353824719786644,-0.03793101330508083
UBFC_PHYS_s15_T1_test,8,9,8.3,0.25921791791915894,-0.351804783564566
UBFC_PHYS_s15_T1_test,8,10,8.333333333333334,0.2721565067768097,-0.6335511079281702
UBFC_PHYS_s15_T1_test,8,11,8.366666666666667,0.13745999336242676,-0.8404727220145023
UBFC_PHYS_s15_T1_test,8,12,8.4,0.04271860793232918,-0.9283253809382268
UBFC_PHYS_s15_T1_test,8,13,8.433333333333334,0.052026670426130295,-0.865474101534152
UBFC_PHYS_s15_T1_test,8,14,8.466666666666667,0.07066210359334946,-0.6475923635438068
UBFC_PHYS_s15_T1_test,8,15,8.5,-0.01770653948187828,-0.30502285561365566
UBFC_PHYS_s15_T1_test,8,16,8.533333333333333,-0.184884712100029,0.10117047942650749
UBFC_PHYS_s15_T1_test,8,17,8.566666666666666,-0.2825421094894409,0.49337978383772085
UBFC_PHYS_s15_T1_test,8,18,8.6,-0.26288315653800964,0.7973815197013302
UBFC_PHYS_s15_T1_test,8,19,8.633333333333333,-0.1920299082994461,0.9620510999048715
UBFC_PHYS_s15_T1_test,8,20,8.666666666666666,-0.10576619952917099,0.9726156320060505
UBFC_PHYS_s15_T1_test,8,21,8.7,-0.004497590474784374,0.8522785248799548
UBFC_PHYS_s15_T1_test,8,22,8.733333333333333,0.08080054819583893,0.65020854670878
UBFC_PHYS_s15_T1_test,8,23,8.766666666666667,0.11951976269483566,0.4195905194688035
UBFC_PHYS_s15_T1_test,8,24,8.8,0.11606303602457047,0.1957712532509164
UBFC_PHYS_s15_T1_test,8,25,8.833333333333334,0.08831265568733215,-0.013943493374733254
UBFC_PHYS_s15_T1_test,8,26,8.866666666666667,0.06403831392526627,-0.2236800740425544
UBFC_PHYS_s15_T1_test,8,27,8.9,0.06432798504829407,-0.4503098769520193
UBFC_PHYS_s15_T1_test,8,28,8.933333333333334,0.07336568832397461,-0.6938635238994997
UBFC_PHYS_s15_T1_test,8,29,8.966666666666667,0.0555606409907341,-0.9276857853802496
UBFC_PHYS_s15_T1_test,8,30,9.0,-0.0072784218937158585,-1.102516597728118
UBFC_PHYS_s15_T1_test,8,31,9.033333333333333,-0.10760077834129333,-1.1615177098154073
UBFC_PHYS_s15_T1_test,8,32,9.066666666666666,-0.2376432567834854,-1.0599256820351626
UBFC_PHYS_s15_T1_test,8,33,9.1,-0.42307063937187195,-0.7830255542870541
UBFC_PHYS_s15_T1_test,8,34,9.133333333333333,-0.657143235206604,-0.35703795569997776
UBFC_PHYS_s15_T1_test,8,35,9.166666666666666,-0.8149747252464294,0.15146354787727295
UBFC_PHYS_s15_T1_test,8,36,9.2,-0.7256598472595215,0.6499181030528267
UBFC_PHYS_s15_T1_test,8,37,9.233333333333333,-0.36911478638648987,1.0454820517133434
UBFC_PHYS_s15_T1_test,8,38,9.266666666666667,0.07769142091274261,1.2729510581149426
UBFC_PHYS_s15_T1_test,8,39,9.3,0.42438772320747375,1.312498510601555
UBFC_PHYS_s15_T1_test,8,40,9.333333333333334,0.6376234292984009,1.1891499307831608
UBFC_PHYS_s15_T1_test,8,41,9.366666666666667,0.7786926627159119,0.9554616856547427
UBFC_PHYS_s15_T1_test,8,42,9.4,0.8946378827095032,0.6675044327773418
UBFC_PHYS_s15_T1_test,8,43,9.433333333333334,0.9939753413200378,0.3662827366398669
UBFC_PHYS_s15_T1_test,8,44,9.466666666666667,1.0699654817581177,0.07104997663178009
UBFC_PHYS_s15_T1_test,8,45,9.5,1.1009987592697144,-0.21649709641927473
UBFC_PHYS_s15_T1_test,8,46,9.533333333333333,1.0247576236724854,-0.5015185575065831
UBFC_PHYS_s15_T1_test,8,47,9.566666666666666,0.7358601093292236,-0.7832848543428065
UBFC_PHYS_s15_T1_test,8,48,9.6,0.17938488721847534,-1.0448158678996546
UBFC_PHYS_s15_T1_test,8,49,9.633333333333333,-0.5382627248764038,-1.2493748174478625
UBFC_PHYS_s15_T1_test,8,50,9.666666666666666,-1.2068016529083252,-1.3469181695698131
UBFC_PHYS_s15_T1_test,8,51,9.7,-1.6636110544204712,-1.2899489427419757
UBFC_PHYS_s15_T1_test,8,52,9.733333333333333,-1.904133677482605,-1.0532273459979067
UBFC_PHYS_s15_T1_test,8,53,9.766666666666667,-2.071254014968872,-0.6487498568037363
UBFC_PHYS_s15_T1_test,8,54,9.8,-2.2342607975006104,-0.12893968117173887
UBFC_PHYS_s15_T1_test,8,55,9.833333333333334,-2.222287893295288,0.4238297742649006
UBFC_PHYS_s15_T1_test,8,56,9.866666666666667,-1.8876417875289917,0.9174748239893487
UBFC_PHYS_s15_T1_test,8,57,9.9,-1.3598052263259888,1.2729264121892805
UBFC_PHYS_s15_T1_test,8,58,9.933333333333334,-0.8656090497970581,1.442322101392624
UBFC_PHYS_s15_T1_test,8,59,9.966666666666667,-0.47862932085990906,1.4179170912376065
UBFC_PHYS_s15_T1_test,8,60,10.0,-0.1364712119102478,1.2293852781016104
UBFC_PHYS_s15_T1_test,8,61,10.033333333333333,0.22646589577198029,0.9301567911621236
UBFC_PHYS_s15_T1_test,8,62,10.066666666666666,0.5900595784187317,0.5774896455073834
UBFC_PHYS_s15_T1_test,8,63,10.1,0.8708270192146301,0.21444733557026746
UBFC_PHYS_s15_T1_test,8,64,10.133333333333333,1.0109885931015015,-0.1377940788889258
UBFC_PHYS_s15_T1_test,8,65,10.166666666666666,1.0194083452224731,-0.4737067443859211
UBFC_PHYS_s15_T1_test,8,66,10.2,0.9428389668464661,-0.7880209055433068
UBFC_PHYS_s15_T1_test,8,67,10.233333333333333,0.8408751487731934,-1.0616964196359948
UBFC_PHYS_s15_T1_test,8,68,10.266666666666667,0.7394713759422302,-1.258074042323706
UBFC_PHYS_s15_T1_test,8,69,10.3,0.6167285442352295,-1.3312525687644503
UBFC_PHYS_s15_T1_test,8,70,10.333333333333334,0.4621799886226654,-1.242286082221412
UBFC_PHYS_s15_T1_test,8,71,10.366666666666667,0.2875862419605255,-0.9759869880019594
UBFC_PHYS_s15_T1_test,8,72,10.4,0.09677101671695709,-0.5522010745732321
UBFC_PHYS_s15_T1_test,8,73,10.433333333333334,-0.06152394413948059,-0.027791854384397553
UBFC_PHYS_s15_T1_test,8,74,10.466666666666667,-0.06519309431314468,0.5127272790950764
UBFC_PHYS_s15_T1_test,8,75,10.5,0.14450861513614655,0.9772824150946479
UBFC_PHYS_s15_T1_test,8,76,10.533333333333333,0.4479089081287384,1.2914342373754635
UBFC_PHYS_s15_T1_test,8,77,10.566666666666666,0.6546946167945862,1.418741122105053
UBFC_PHYS_s15_T1_test,8,78,10.6,0.6933172941207886,1.3667727909449154
UBFC_PHYS_s15_T1_test,8,79,10.633333333333333,0.6131559610366821,1.1757943026886521
UBFC_PHYS_s15_T1_test,8,80,10.666666666666666,0.48622259497642517,0.8968568661482521
UBFC_PHYS_s15_T1_test,8,81,10.7,0.3535923659801483,0.5716814857455025
UBFC_PHYS_s15_T1_test,8,82,10.733333333333333,0.24156735837459564,0.22361762802103458
UBFC_PHYS_s15_T1_test,8,83,10.766666666666667,0.16333717107772827,-0.139061648410377
UBFC_PHYS_s15_T1_test,8,84,10.8,0.11623683571815491,-0.5125238773563453
UBFC_PHYS_s15_T1_test,8,85,10.833333333333334,0.10192713886499405,-0.8860014615447049
UBFC_PHYS_s15_T1_test,8,86,10.866666666666667,0.11540644615888596,-1.2341688642760114
UBFC_PHYS_s15_T1_test,8,87,10.9,0.12052395194768906,-1.5152196971578529
UBFC_PHYS_s15_T1_test,8,88,10.933333333333334,0.08288617432117462,-1.6758050606866555
UBFC_PHYS_s15_T1_test,8,89,10.966666666666667,0.00803546141833067,-1.663314224601808
UBFC_PHYS_s15_T1_test,8,90,11.0,-0.08085458725690842,-1.4433126890921615
UBFC_PHYS_s15_T1_test,8,91,11.033333333333333,-0.17860853672027588,-1.016414975226268
UBFC_PHYS_s15_T1_test,8,92,11.066666666666666,-0.2885672450065613,-0.42714713225559253
UBFC_PHYS_s15_T1_test,8,93,11.1,-0.3602702021598816,0.2406819863718186
UBFC_PHYS_s15_T1_test,8,94,11.133333333333333,-0.2852649986743927,0.8821340453341369
UBFC_PHYS_s15_T1_test,8,95,11.166666666666666,-0.02156880497932434,1.39677211579163
UBFC_PHYS_s15_T1_test,8,96,11.2,0.31917959451675415,1.7124657258288052
UBFC_PHYS_s15_T1_test,8,97,11.233333333333333,0.5777775645256042,1.7993979557501043
UBFC_PHYS_s15_T1_test,8,98,11.266666666666667,0.6862686276435852,1.6712490351742249
UBFC_PHYS_s15_T1_test,8,99,11.3,0.6626701951026917,1.375273142042725
UBFC_PHYS_s15_T1_test,8,100,11.333333333333334,0.5480188131332397,0.9749728489922103
UBFC_PHYS_s15_T1_test,8,101,11.366666666666667,0.41940540075302124,0.5304761242328883
UBFC_PHYS_s15_T1_test,8,102,11.4,0.35973337292671204,0.08411121117088242
UBFC_PHYS_s15_T1_test,8,103,11.433333333333334,0.349479079246521,-0.34187431469804963
UBFC_PHYS_s15_T1_test,8,104,11.466666666666667,0.29077261686325073,-0.7349555294938243
UBFC_PHYS_s15_T1_test,8,105,11.5,0.1650751829147339,-1.0768889885815136
UBFC_PHYS_s15_T1_test,8,106,11.533333333333333,0.05473025515675545,-1.334060118022686
UBFC_PHYS_s15_T1_test,8,107,11.566666666666666,0.0052546304650604725,-1.4608520356228356
UBFC_PHYS_s15_T1_test,8,108,11.6,-0.0007898154435679317,-1.4150443349882351
UBFC_PHYS_s15_T1_test,8,109,11.633333333333333,0.004134573508054018,-1.1772069212360905
UBFC_PHYS_s15_T1_test,8,110,11.666666666666666,-0.021955031901597977,-0.7646825591669306
UBFC_PHYS_s15_T1_test,8,111,11.7,-0.0847361609339714,-0.23414473423311444
UBFC_PHYS_s15_T1_test,8,112,11.733333333333333,-0.0814918577671051,0.3284940469255702
UBFC_PHYS_s15_T1_test,8,113,11.766666666666667,0.10905302315950394,0.8279866602045175
UBFC_PHYS_s15_T1_test,8,114,11.8,0.4128009080886841,1.1838885161771953
UBFC_PHYS_s15_T1_test,8,115,11.833333333333334,0.6081736087799072,1.3514415273772105
UBFC_PHYS_s15_T1_test,8,116,11.866666666666667,0.6212667226791382,1.3310377456090297
UBFC_PHYS_s15_T1_test,8,117,11.9,0.5827212929725647,1.1612625720472458
UBFC_PHYS_s15_T1_test,8,118,11.933333333333334,0.5766961574554443,0.8982677169345015
UBFC_PHYS_s15_T1_test,8,119,11.966666666666667,0.5546039938926697,0.5918443517573845
UBFC_PHYS_s15_T1_test,8,120,12.0,0.5242658853530884,0.27037165119007306
UBFC_PHYS_s15_T1_test,8,121,12.033333333333333,0.572100043296814,-0.058835047214942565
UBFC_PHYS_s15_T1_test,8,122,12.066666666666666,0.6820587515830994,-0.3970064122861358
UBFC_PHYS_s15_T1_test,8,123,12.1,0.778364360332489,-0.7388477743935407
UBFC_PHYS_s15_T1_test,8,124,12.133333333333333,0.8384998440742493,-1.062956823806594
UBFC_PHYS_s15_T1_test,8,125,12.166666666666666,0.852751612663269,-1.330358904951699
UBFC_PHYS_s15_T1_test,8,126,12.2,0.794064462184906,-1.4904990561974378
UBFC_PHYS_s15_T1_test,8,127,12.233333333333333,0.6768447160720825,-1.4932640387878613
UBFC_PHYS_s15_T1_test,8,128,12.266666666666667,0.5426889061927795,-1.304935652900842
UBFC_PHYS_s15_T1_test,8,129,12.3,0.3674386143684387,-0.9241143226090285
UBFC_PHYS_s15_T1_test,8,130,12.333333333333334,0.10936200618743896,-0.39135345185279674
UBFC_PHYS_s15_T1_test,8,131,12.366666666666667,-0.14463990926742554,0.2137733459869658
UBFC_PHYS_s15_T1_test,8,132,12.4,-0.22823864221572876,0.7902295109339943
UBFC_PHYS_s15_T1_test,8,133,12.433333333333334,-0.12366779893636703,1.2426764407628628
UBFC_PHYS_s15_T1_test,8,134,12.466666666666667,0.010063150897622108,1.5072652044365529
UBFC_PHYS_s15_T1_test,8,135,12.5,0.05268325284123421,1.5650319445914098
UBFC_PHYS_s15_T1_test,8,136,12.533333333333333,0.01303709577769041,1.4388647386888902
UBFC_PHYS_s15_T1_test,8,137,12.566666666666666,-0.07560190558433533,1.1784355207632717
UBFC_PHYS_s15_T1_test,8,138,12.6,-0.20222628116607666,0.8412224779288975
UBFC_PHYS_s15_T1_test,8,139,12.633333333333333,-0.3295651972293854,0.47651784957948723
UBFC_PHYS_s15_T1_test,8,140,12.666666666666666,-0.41716137528419495,0.11616882068089683
UBFC_PHYS_s15_T1_test,8,141,12.7,-0.448909193277359,-0.22665611018203793
UBFC_PHYS_s15_T1_test,8,142,12.733333333333333,-0.4396011531352997,-0.5506128019651388
UBFC_PHYS_s15_T1_test,8,143,12.766666666666667,-0.46242713928222656,-0.8533126847272567
UBFC_PHYS_s15_T1_test,8,144,12.8,-0.5738728046417236,-1.1184166403984173
UBFC_PHYS_s15_T1_test,8,145,12.833333333333334,-0.7165835499763489,-1.3105751087440776
UBFC_PHYS_s15_T1_test,8,146,12.866666666666667,-0.8183928728103638,-1.3826476079937073
UBFC_PHYS_s15_T1_test,8,147,12.9,-0.9071090817451477,-1.2929230725995302
UBFC_PHYS_s15_T1_test,8,148,12.933333333333334,-1.0527551174163818,-1.0246298939998297
UBFC_PHYS_s15_T1_test,8,149,12.966666666666667,-1.2763803005218506,-0.5989066743499154
UBFC_PHYS_s15_T1_test,8,150,13.0,-1.5051616430282593,-0.07577657985348758
UBFC_PHYS_s15_T1_test,8,151,13.033333333333333,-1.5547531843185425,0.457475073407654
UBFC_PHYS_s15_T1_test,8,152,13.066666666666666,-1.347754955291748,0.9075744638920875
UBFC_PHYS_s15_T1_test,8,153,13.1,-1.0644577741622925,1.2004902910595547
UBFC_PHYS_s15_T1_test,8,154,13.133333333333333,-0.9350525736808777,1.302250470758706
UBFC_PHYS_s15_T1_test,8,155,13.166666666666666,-1.0280752182006836,1.2265349014864986
UBFC_PHYS_s15_T1_test,8,156,13.2,-1.350825548171997,1.0243932079323885
UBFC_PHYS_s15_T1_test,8,157,13.233333333333333,-1.8720382452011108,0.7596532266364626
UBFC_PHYS_s15_T1_test,8,158,13.266666666666667,-2.3748667240142822,0.481955768868245
UBFC_PHYS_s15_T1_test,8,159,13.3,-2.598839521408081,0.21147308115491034
UBFC_PHYS_s15_T1_test,8,160,13.333333333333334,-2.5204546451568604,-0.057737126282610934
UBFC_PHYS_s15_T1_test,8,161,13.366666666666667,-2.2748725414276123,-0.33987889815298833
UBFC_PHYS_s15_T1_test,8,162,13.4,-2.0066962242126465,-0.6365260730900839
UBFC_PHYS_s15_T1_test,8,163,13.433333333333334,-1.8428974151611328,-0.9240570417173716
UBFC_PHYS_s15_T1_test,8,164,13.466666666666667,-1.8520317077636719,-1.1546027483586654
UBFC_PHYS_s15_T1_test,8,165,13.5,-1.994703769683838,-1.2687993796272068
UBFC_PHYS_s15_T1_test,8,166,13.533333333333333,-2.165280818939209,-1.2153554488891014
UBFC_PHYS_s15_T1_test,8,167,13.566666666666666,-2.2793915271759033,-0.9716318124210761
UBFC_PHYS_s15_T1_test,8,168,13.6,-2.356849193572998,-0.5585859169830361
UBFC_PHYS_s15_T1_test,8,169,13.633333333333333,-2.503615379333496,-0.04322983582245854
UBFC_PHYS_s15_T1_test,8,170,13.666666666666666,-2.710767984390259,0.4756378896957804
UBFC_PHYS_s15_T1_test,8,171,13.7,-2.7059593200683594,0.8961811889896222
UBFC_PHYS_s15_T1_test,8,172,13.733333333333333,-2.186272144317627,1.146194908999387
UBFC_PHYS_s15_T1_test,8,173,13.766666666666667,-1.199019193649292,1.204910221608537
UBFC_PHYS_s15_T1_test,8,174,13.8,-0.13450145721435547,1.1035236919127458
UBFC_PHYS_s15_T1_test,8,175,13.833333333333334,0.7020266652107239,0.9050375020041478
UBFC_PHYS_s15_T1_test,8,176,13.866666666666667,1.2484021186828613,0.6750175828110688
UBFC_PHYS_s15_T1_test,8,177,13.9,1.5543321371078491,0.4581821336237796
UBFC_PHYS_s15_T1_test,8,178,13.933333333333334,1.7013107538223267,0.26900063554918435
UBFC_PHYS_s15_T1_test,8,179,13.966666666666667,1.7798305749893188,0.09530407633281421
UBFC_PHYS_s15_T1_test,8,180,14.0,1.8289393186569214,-0.08978105833417993
UBFC_PHYS_s15_T1_test,8,181,14.033333333333333,1.8155372142791748,-0.31163441478716636
UBFC_PHYS_s15_T1_test,8,182,14.066666666666666,1.7067950963974,-0.5775081456102997
UBFC_PHYS_s15_T1_test,8,183,14.1,1.5238009691238403,-0.864722497432875
UBFC_PHYS_s15_T1_test,8,184,14.133333333333333,1.3259949684143066,-1.120026227417497
UBFC_PHYS_s15_T1_test,8,185,14.166666666666666,1.1415525674819946,-1.2735814055559853
UBFC_PHYS_s15_T1_test,8,186,14.2,0.9489220380783081,-1.2635519655865064
UBFC_PHYS_s15_T1_test,8,187,14.233333333333333,0.7375209331512451,-1.0608240023661293
UBFC_PHYS_s15_T1_test,8,188,14.266666666666667,0.5160199403762817,-0.6834019616337169
UBFC_PHYS_s15_T1_test,8,189,14.3,0.2729482650756836,-0.19524530495999648
UBFC_PHYS_s15_T1_test,8,190,14.333333333333334,0.05326259508728981,0.3095712175613501
UBFC_PHYS_s15_T1_test,8,191,14.366666666666667,0.0012571853585541248,0.7321371124975593
UBFC_PHYS_s15_T1_test,8,192,14.4,0.17811033129692078,0.9961525152094738
UBFC_PHYS_s15_T1_test,8,193,14.433333333333334,0.45298779010772705,1.0694542484960632
UBFC_PHYS_s15_T1_test,8,194,14.466666666666667,0.6687532663345337,0.9716379776638673
UBFC_PHYS_s15_T1_test,8,195,14.5,0.7791754603385925,0.7631547193812381
UBFC_PHYS_s15_T1_test,8,196,14.533333333333333,0.7598061561584473,0.5189855347728641
UBFC_PHYS_s15_T1_test,8,197,14.566666666666666,0.5995801091194153,0.2983571945782425
UBFC_PHYS_s15_T1_test,8,198,14.6,0.39930230379104614,0.12528971132489344
UBFC_PHYS_s15_T1_test,8,199,14.633333333333333,0.3037305176258087,-0.010657220061958602
UBFC_PHYS_s15_T1_test,8,200,14.666666666666666,0.3284490406513214,-0.13629707606627106
UBFC_PHYS_s15_T1_test,8,201,14.7,0.38238558173179626,-0.2719578081526939
UBFC_PHYS_s15_T1_test,8,202,14.733333333333333,0.3897431790828705,-0.41624412769176966
UBFC_PHYS_s15_T1_test,8,203,14.766666666666667,0.3060092628002167,-0.543866647629157
UBFC_PHYS_s15_T1_test,8,204,14.8,0.13767240941524506,-0.6152399666295224
UBFC_PHYS_s15_T1_test,8,205,14.833333333333334,-0.021665362641215324,-0.5929142582479979
UBFC_PHYS_s15_T1_test,8,206,14.866666666666667,-0.10265707224607468,-0.45889893689020006
UBFC_PHYS_s15_T1_test,8,207,14.9,-0.1624835729598999,-0.2268663958264266
UBFC_PHYS_s15_T1_test,8,208,14.933333333333334,-0.26778826117515564,0.056516023779707755
UBFC_PHYS_s15_T1_test,8,209,14.966666666666667,-0.33358195424079895,0.3241905177544773
UBFC_PHYS_s15_T1_test,8,210,15.0,-0.20193661749362946,0.5120314256167583
UBFC_PHYS_s15_T1_test,8,211,15.033333333333333,0.13587646186351776,0.5829605983863689
UBFC_PHYS_s15_T1_test,8,212,15.066666666666666,0.47424957156181335,0.5396789335856313
UBFC_PHYS_s15_T1_test,8,213,15.1,0.631791353225708,0.4191187222721327
UBFC_PHYS_s15_T1_test,8,214,15.133333333333333,0.6050258874893188,0.27257724161229413
UBFC_PHYS_s15_T1_test,8,215,15.166666666666666,0.487381249666214,0.14353394841017733
UBFC_PHYS_s15_T1_test,8,216,15.2,0.3432801365852356,0.05391513558177795
UBFC_PHYS_s15_T1_test,8,217,15.233333333333333,0.21808478236198425,0.0021478123463691953
UBFC_PHYS_s15_T1_test,8,218,15.266666666666667,0.15051443874835968,-0.03023084043750574
UBFC_PHYS_s15_T1_test,8,219,15.3,0.12817123532295227,-0.06843434122541886
UBFC_PHYS_s15_T1_test,8,220,15.333333333333334,0.12114191800355911,-0.13344267329239676
UBFC_PHYS_s15_T1_test,8,221,15.366666666666667,0.1231502890586853,-0.23118538831982013
UBFC_PHYS_s15_T1_test,8,222,15.4,0.12440552562475204,-0.3449934847496789
UBFC_PHYS_s15_T1_test,8,223,15.433333333333334,0.1222812831401825,-0.4366398126366071
UBFC_PHYS_s15_T1_test,8,224,15.466666666666667,0.1278236359357834,-0.4589672690299388
UBFC_PHYS_s15_T1_test,8,225,15.5,0.12075568735599518,-0.3767787927625963
UBFC_PHYS_s15_T1_test,8,226,15.533333333333333,0.044553183019161224,-0.18658831997933512
UBFC_PHYS_s15_T1_test,8,227,15.566666666666666,-0.1080835610628128,0.07504501320171665
UBFC_PHYS_s15_T1_test,8,228,15.6,-0.24034684896469116,0.3390624378978911
UBFC_PHYS_s15_T1_test,8,229,15.633333333333333,-0.20545127987861633,0.5241433939549961
UBFC_PHYS_s15_T1_test,8,230,15.666666666666666,0.036268625408411026,0.5623560000862029
UBFC_PHYS_s15_T1_test,8,231,15.7,0.3492473363876343,0.422452270311165
UBFC_PHYS_s15_T1_test,8,232,15.733333333333333,0.5694544315338135,0.12393824998765858
UBFC_PHYS_s15_T1_test,8,233,15.766666666666667,0.6462941765785217,-0.26326965470985947
UBFC_PHYS_s15_T1_test,8,234,15.8,0.6112248301506042,-0.6356431576239457
UBFC_PHYS_s15_T1_test,8,235,15.833333333333334,0.5109410881996155,-0.8858767355607867
UBFC_PHYS_s15_T1_test,8,236,15.866666666666667,0.417648047208786,-0.9358881766563266
UBFC_PHYS_s15_T1_test,8,237,15.9,0.38661473989486694,-0.7605817213435988
UBFC_PHYS_s15_T1_test,8,238,15.933333333333334,0.38526296615600586,-0.3944553347320699
UBFC_PHYS_s15_T1_test,8,239,15.966666666666667,0.3625721335411072,0.07897061831464035
UBFC_PHYS_s15_T1_test,9,0,9.0,-0.0072784218937158585,0.05372212459385071
UBFC_PHYS_s15_T1_test,9,1,9.033333333333333,-0.10760077834129333,0.5280051946320237
UBFC_PHYS_s15_T1_test,9,2,9.066666666666666,-0.2376432567834854,0.9644760739730449
UBFC_PHYS_s15_T1_test,9,3,9.1,-0.42307063937187195,1.3271860378825713
UBFC_PHYS_s15_T1_test,9,4,9.133333333333333,-0.657143235206604,1.5821606819122325
UBFC_PHYS_s15_T1_test,9,5,9.166666666666666,-0.8149747252464294,1.7015435608426142
UBFC_PHYS_s15_T1_test,9,6,9.2,-0.7256598472595215,1.6692550688755639
UBFC_PHYS_s15_T1_test,9,7,9.233333333333333,-0.36911478638648987,1.4873736891026237
UBFC_PHYS_s15_T1_test,9,8,9.266666666666667,0.07769142091274261,1.1804679456780738
UBFC_PHYS_s15_T1_test,9,9,9.3,0.42438772320747375,0.7939362883675832
UBFC_PHYS_s15_T1_test,9,10,9.333333333333334,0.6376234292984009,0.3847747547242109
UBFC_PHYS_s15_T1_test,9,11,9.366666666666667,0.7786926627159119,0.007496409233482019
UBFC_PHYS_s15_T1_test,9,12,9.4,0.8946378827095032,-0.2991851297184123
UBFC_PHYS_s15_T1_test,9,13,9.433333333333334,0.9939753413200378,-0.519662735109458
UBFC_PHYS_s15_T1_test,9,14,9.466666666666667,1.0699654817581177,-0.6606760177815281
UBFC_PHYS_s15_T1_test,9,15,9.5,1.1009987592697144,-0.7438150804693503
UBFC_PHYS_s15_T1_test,9,16,9.533333333333333,1.0247576236724854,-0.7940909787738004
UBFC_PHYS_s15_T1_test,9,17,9.566666666666666,0.7358601093292236,-0.8277206447362753
UBFC_PHYS_s15_T1_test,9,18,9.6,0.17938488721847534,-0.842883044977642
UBFC_PHYS_s15_T1_test,9,19,9.633333333333333,-0.5382627248764038,-0.8175898576078665
UBFC_PHYS_s15_T1_test,9,20,9.666666666666666,-1.2068016529083252,-0.7175424003594658
UBFC_PHYS_s15_T1_test,9,21,9.7,-1.6636110544204712,-0.5130081792201172
UBFC_PHYS_s15_T1_test,9,22,9.733333333333333,-1.904133677482605,-0.19838671780883874
UBFC_PHYS_s15_T1_test,9,23,9.766666666666667,-2.071254014968872,0.1950965399207696
UBFC_PHYS_s15_T1_test,9,24,9.8,-2.2342607975006104,0.6011645204802843
UBFC_PHYS_s15_T1_test,9,25,9.833333333333334,-2.222287893295288,0.9358454537061829
UBFC_PHYS_s15_T1_test,9,26,9.866666666666667,-1.8876417875289917,1.1239403310784684
UBFC_PHYS_s15_T1_test,9,27,9.9,-1.3598052263259888,1.1236252877157513
UBFC_PHYS_s15_T1_test,9,28,9.933333333333334,-0.8656090497970581,0.9392676242437021
UBFC_PHYS_s15_T1_test,9,29,9.966666666666667,-0.47862932085990906,0.6179777451492778
UBFC_PHYS_s15_T1_test,9,30,10.0,-0.1364712119102478,0.23214306219967162
UBFC_PHYS_s15_T1_test,9,31,10.033333333333333,0.22646589577198029,-0.14462432964688318
UBFC_PHYS_s15_T1_test,9,32,10.066666666666666,0.5900595784187317,-0.45880134483367113
UBFC_PHYS_s15_T1_test,9,33,10.1,0.8708270192146301,-0.6879173244103141
UBFC_PHYS_s15_T1_test,9,34,10.133333333333333,1.0109885931015015,-0.8380018594585023
UBFC_PHYS_s15_T1_test,9,35,10.166666666666666,1.0194083452224731,-0.929938105429611
UBFC_PHYS_s15_T1_test,9,36,10.2,0.9428389668464661,-0.9817669673702418
UBFC_PHYS_s15_T1_test,9,37,10.233333333333333,0.8408751487731934,-0.995385169905905
UBFC_PHYS_s15_T1_test,9,38,10.266666666666667,0.7394713759422302,-0.9534156611065723
UBFC_PHYS_s15_T1_test,9,39,10.3,0.6167285442352295,-0.8270940230321584
UBFC_PHYS_s15_T1_test,9,40,10.333333333333334,0.4621799886226654,-0.591480222276059
UBFC_PHYS_s15_T1_test,9,41,10.366666666666667,0.2875862419605255,-0.24176664580503038
UBFC_PHYS_s15_T1_test,9,42,10.4,0.09677101671695709,0.19572797971232475
UBFC_PHYS_s15_T1_test,9,43,10.433333333333334,-0.06152394413948059,0.662714693808985
UBFC_PHYS_s15_T1_test,9,44,10.466666666666667,-0.06519309431314468,1.0802832614655709
UBFC_PHYS_s15_T1_test,9,45,10.5,0.14450861513614655,1.3701673355541348
UBFC_PHYS_s15_T1_test,9,46,10.533333333333333,0.4479089081287384,1.4785361677733373
UBFC_PHYS_s15_T1_test,9,47,10.566666666666666,0.6546946167945862,1.392289963753222
UBFC_PHYS_s15_T1_test,9,48,10.6,0.6933172941207886,1.14044832520303
UBFC_PHYS_s15_T1_test,9,49,10.633333333333333,0.6131559610366821,0.7802666790092793
UBFC_PHYS_s15_T1_test,9,50,10.666666666666666,0.48622259497642517,0.3754407669277006
UBFC_PHYS_s15_T1_test,9,51,10.7,0.3535923659801483,-0.022825982409856276
UBFC_PHYS_s15_T1_test,9,52,10.733333333333333,0.24156735837459564,-0.3843621925554025
UBFC_PHYS_s15_T1_test,9,53,10.766666666666667,0.16333717107772827,-0.6973018920611486
UBFC_PHYS_s15_T1_test,9,54,10.8,0.11623683571815491,-0.9584129641989936
UBFC_PHYS_s15_T1_test,9,55,10.833333333333334,0.10192713886499405,-1.1624823584487216
UBFC_PHYS_s15_T1_test,9,56,10.866666666666667,0.11540644615888596,-1.2954540091308897
UBFC_PHYS_s15_T1_test,9,57,10.9,0.12052395194768906,-1.3336086798604103
UBFC_PHYS_s15_T1_test,9,58,10.933333333333334,0.08288617432117462,-1.249139871162803
UBFC_PHYS_s15_T1_test,9,59,10.966666666666667,0.00803546141833067,-1.0209090104511598
UBFC_PHYS_s15_T1_test,9,60,11.0,-0.08085458725690842,-0.6473417897828303
UBFC_PHYS_s15_T1_test,9,61,11.033333333333333,-0.17860853672027588,-0.156639459953038
UBFC_PHYS_s15_T1_test,9,62,11.066666666666666,-0.2885672450065613,0.39113159392443236
UBFC_PHYS_s15_T1_test,9,63,11.1,-0.3602702021598816,0.9134492356447552
UBFC_PHYS_s15_T1_test,9,64,11.133333333333333,-0.2852649986743927,1.3247564539272103
UBFC_PHYS_s15_T1_test,9,65,11.166666666666666,-0.02156880497932434,1.5592435259271502
UBFC_PHYS_s15_T1_test,9,66,11.2,0.31917959451675415,1.5880626526663983
UBFC_PHYS_s15_T1_test,9,67,11.233333333333333,0.5777775645256042,1.4242049971089277
UBFC_PHYS_s15_T1_test,9,68,11.266666666666667,0.6862686276435852,1.113929249226444
UBFC_PHYS_s15_T1_test,9,69,11.3,0.6626701951026917,0.7193214818941907
UBFC_PHYS_s15_T1_test,9,70,11.333333333333334,0.5480188131332397,0.29920717984944534
UBFC_PHYS_s15_T1_test,9,71,11.366666666666667,0.41940540075302124,-0.10476003065033264
UBFC_PHYS_s15_T1_test,9,72,11.4,0.35973337292671204,-0.4722325450542689
UBFC_PHYS_s15_T1_test,9,73,11.433333333333334,0.349479079246521,-0.7977527081082817
UBFC_PHYS_s15_T1_test,9,74,11.466666666666667,0.29077261686325073,-1.0777681596059707
UBFC_PHYS_s15_T1_test,9,75,11.5,0.1650751829147339,-1.298230608084255
UBFC_PHYS_s15_T1_test,9,76,11.533333333333333,0.05473025515675545,-1.429461003043144
UBFC_PHYS_s15_T1_test,9,77,11.566666666666666,0.0052546304650604725,-1.4314893161385038
UBFC_PHYS_s15_T1_test,9,78,11.6,-0.0007898154435679317,-1.2685533641451066
UBFC_PHYS_s15_T1_test,9,79,11.633333333333333,0.004134573508054018,-0.9274208711850068
UBFC_PHYS_s15_T1_test,9,80,11.666666666666666,-0.021955031901597977,-0.43190686601224126
UBFC_PHYS_s15_T1_test,9,81,11.7,-0.0847361609339714,0.1535178269335165
UBFC_PHYS_s15_T1_test,9,82,11.733333333333333,-0.0814918577671051,0.7345181103611057
UBFC_PHYS_s15_T1_test,9,83,11.766666666666667,0.10905302315950394,1.209986525647063
UBFC_PHYS_s15_T1_test,9,84,11.8,0.4128009080886841,1.4998850645022228
UBFC_PHYS_s15_T1_test,9,85,11.833333333333334,0.6081736087799072,1.5674039956062733
UBFC_PHYS_s15_T1_test,9,86,11.866666666666667,0.6212667226791382,1.426444558755045
UBFC_PHYS_s15_T1_test,9,87,11.9,0.5827212929725647,1.1313421371682113
UBFC_PHYS_s15_T1_test,9,88,11.933333333333334,0.5766961574554443,0.7539008406896669
UBFC_PHYS_s15_T1_test,9,89,11.966666666666667,0.5546039938926697,0.3585967790584791
UBFC_PHYS_s15_T1_test,9,90,12.0,0.5242658853530884,-0.013383160652199806
UBFC_PHYS_s15_T1_test,9,91,12.033333333333333,0.572100043296814,-0.34624628634267224
UBFC_PHYS_s15_T1_test,9,92,12.066666666666666,0.6820587515830994,-0.6403105750409663
UBFC_PHYS_s15_T1_test,9,93,12.1,0.778364360332489,-0.8984901392484684
UBFC_PHYS_s15_T1_test,9,94,12.133333333333333,0.8384998440742493,-1.1152560543950043
UBFC_PHYS_s15_T1_test,9,95,12.166666666666666,0.852751612663269,-1.2715499830041936
UBFC_PHYS_s15_T1_test,9,96,12.2,0.794064462184906,-1.3365358556250788
UBFC_PHYS_s15_T1_test,9,97,12.233333333333333,0.6768447160720825,-1.2756913763220463
UBFC_PHYS_s15_T1_test,9,98,12.266666666666667,0.5426889061927795,-1.0635322687231978
UBFC_PHYS_s15_T1_test,9,99,12.3,0.3674386143684387,-0.6975557150399275
UBFC_PHYS_s15_T1_test,9,100,12.333333333333334,0.10936200618743896,-0.20818478243522193
UBFC_PHYS_s15_T1_test,9,101,12.366666666666667,-0.14463990926742554,0.34075212599483484
UBFC_PHYS_s15_T1_test,9,102,12.4,-0.22823864221572876,0.8637634482910597
UBFC_PHYS_s15_T1_test,9,103,12.433333333333334,-0.12366779893636703,1.2751640986579518
UBFC_PHYS_s15_T1_test,9,104,12.466666666666667,0.010063150897622108,1.5123755436554096
UBFC_PHYS_s15_T1_test,9,105,12.5,0.05268325284123421,1.5513529115963
UBFC_PHYS_s15_T1_test,9,106,12.533333333333333,0.01303709577769041,1.4081589095969136
UBFC_PHYS_s15_T1_test,9,107,12.566666666666666,-0.07560190558433533,1.1274532917139015
UBFC_PHYS_s15_T1_test,9,108,12.6,-0.20222628116607666,0.764239735550712
UBFC_PHYS_s15_T1_test,9,109,12.633333333333333,-0.3295651972293854,0.36700768453010135
UBFC_PHYS_s15_T1_test,9,110,12.666666666666666,-0.41716137528419495,-0.03175880725270538
UBFC_PHYS_s15_T1_test,9,111,12.7,-0.448909193277359,-0.41567163686771985
UBFC_PHYS_s15_T1_test,9,112,12.733333333333333,-0.4396011531352997,-0.7765200562320163
UBFC_PHYS_s15_T1_test,9,113,12.766666666666667,-0.46242713928222656,-1.1023757224106232
UBFC_PHYS_s15_T1_test,9,114,12.8,-0.5738728046417236,-1.3676982079512838
UBFC_PHYS_s15_T1_test,9,115,12.833333333333334,-0.7165835499763489,-1.5313446321902493
UBFC_PHYS_s15_T1_test,9,116,12.866666666666667,-0.8183928728103638,-1.545305770835125
UBFC_PHYS_s15_T1_test,9,117,12.9,-0.9071090817451477,-1.3720346647035364
UBFC_PHYS_s15_T1_test,9,118,12.933333333333334,-1.0527551174163818,-1.003715775510152
UBFC_PHYS_s15_T1_test,9,119,12.966666666666667,-1.2763803005218506,-0.47487212352971425
UBFC_PHYS_s15_T1_test,9,120,13.0,-1.5051616430282593,0.1385209977087129
UBFC_PHYS_s15_T1_test,9,121,13.033333333333333,-1.5547531843185425,0.7351444643645634
UBFC_PHYS_s15_T1_test,9,122,13.066666666666666,-1.347754955291748,1.2148850231997514
UBFC_PHYS_s15_T1_test,9,123,13.1,-1.0644577741622925,1.5061383035694387
UBFC_PHYS_s15_T1_test,9,124,13.133333333333333,-0.9350525736808777,1.5833793824460602
UBFC_PHYS_s15_T1_test,9,125,13.166666666666666,-1.0280752182006836,1.4683192573322132
UBFC_PHYS_s15_T1_test,9,126,13.2,-1.350825548171997,1.214867951355633
UBFC_PHYS_s15_T1_test,9,127,13.233333333333333,-1.8720382452011108,0.8851759989396881
UBFC_PHYS_s15_T1_test,9,128,13.266666666666667,-2.3748667240142822,0.5279140381341733
UBFC_PHYS_s15_T1_test,9,129,13.3,-2.598839521408081,0.16826197664462073
UBFC_PHYS_s15_T1_test,9,130,13.333333333333334,-2.5204546451568604,-0.18774219447601664
UBFC_PHYS_s15_T1_test,9,131,13.366666666666667,-2.2748725414276123,-0.5394281891398294
UBFC_PHYS_s15_T1_test,9,132,13.4,-2.0066962242126465,-0.8769633503832757
UBFC_PHYS_s15_T1_test,9,133,13.433333333333334,-1.8428974151611328,-1.173489705572921
UBFC_PHYS_s15_T1_test,9,134,13.466666666666667,-1.8520317077636719,-1.3869166933954846
UBFC_PHYS_s15_T1_test,9,135,13.5,-1.994703769683838,-1.4699046150957984
UBFC_PHYS_s15_T1_test,9,136,13.533333333333333,-2.165280818939209,-1.384332350011418
UBFC_PHYS_s15_T1_test,9,137,13.566666666666666,-2.2793915271759033,-1.1160062712549672
UBFC_PHYS_s15_T1_test,9,138,13.6,-2.356849193572998,-0.6851887186322723
UBFC_PHYS_s15_T1_test,9,139,13.633333333333333,-2.503615379333496,-0.14866664712834965
UBFC_PHYS_s15_T1_test,9,140,13.666666666666666,-2.710767984390259,0.4095333003777256
UBFC_PHYS_s15_T1_test,9,141,13.7,-2.7059593200683594,0.8980792777100034
UBFC_PHYS_s15_T1_test,9,142,13.733333333333333,-2.186272144317627,1.2429791760806428
UBFC_PHYS_s15_T1_test,9,143,13.766666666666667,-1.199019193649292,1.4072547399898065
UBFC_PHYS_s15_T1_test,9,144,13.8,-0.13450145721435547,1.396909660205781
UBFC_PHYS_s15_T1_test,9,145,13.833333333333334,0.7020266652107239,1.2506424264003078
UBFC_PHYS_s15_T1_test,9,146,13.866666666666667,1.2484021186828613,1.0192718631228384
UBFC_PHYS_s15_T1_test,9,147,13.9,1.5543321371078491,0.7457581965922221
UBFC_PHYS_s15_T1_test,9,148,13.933333333333334,1.7013107538223267,0.4543869326077155
UBFC_PHYS_s15_T1_test,9,149,13.966666666666667,1.7798305749893188,0.1513198490494591
UBFC_PHYS_s15_T1_test,9,150,14.0,1.8289393186569214,-0.16646978400741175
UBFC_PHYS_s15_T1_test,9,151,14.033333333333333,1.8155372142791748,-0.49900357200928147
UBFC_PHYS_s15_T1_test,9,152,14.066666666666666,1.7067950963974,-0.832759494430907
UBFC_PHYS_s15_T1_test,9,153,14.1,1.5238009691238403,-1.135554297504966
UBFC_PHYS_s15_T1_test,9,154,14.133333333333333,1.3259949684143066,-1.3593478350142654
UBFC_PHYS_s15_T1_test,9,155,14.166666666666666,1.1415525674819946,-1.4514124211694401
UBFC_PHYS_s15_T1_test,9,156,14.2,0.9489220380783081,-1.3710401803649546
UBFC_PHYS_s15_T1_test,9,157,14.233333333333333,0.7375209331512451,-1.106026632926356
UBFC_PHYS_s15_T1_test,9,158,14.266666666666667,0.5160199403762817,-0.6824750209187133
UBFC_PHYS_s15_T1_test,9,159,14.3,0.2729482650756836,-0.1634298577279435
UBFC_PHYS_s15_T1_test,9,160,14.333333333333334,0.05326259508728981,0.36435784115865527
UBFC_PHYS_s15_T1_test,9,161,14.366666666666667,0.0012571853585541248,0.8120798735812298
UBFC_PHYS_s15_T1_test,9,162,14.4,0.17811033129692078,1.1123620965799528
UBFC_PHYS_s15_T1_test,9,163,14.433333333333334,0.45298779010772705,1.2366007926416247
UBFC_PHYS_s15_T1_test,9,164,14.466666666666667,0.6687532663345337,1.1990866462263234
UBFC_PHYS_s15_T1_test,9,165,14.5,0.7791754603385925,1.045359987190223
UBFC_PHYS_s15_T1_test,9,166,14.533333333333333,0.7598061561584473,0.8296551167898165
UBFC_PHYS_s15_T1_test,9,167,14.566666666666666,0.5995801091194153,0.5923235504640058
UBFC_PHYS_s15_T1_test,9,168,14.6,0.39930230379104614,0.3483794240110775
UBFC_PHYS_s15_T1_test,9,169,14.633333333333333,0.3037305176258087,0.09205122495100308
UBFC_PHYS_s15_T1_test,9,170,14.666666666666666,0.3284490406513214,-0.18714706519950516
UBFC_PHYS_s15_T1_test,9,171,14.7,0.38238558173179626,-0.4872569715384702
UBFC_PHYS_s15_T1_test,9,172,14.733333333333333,0.3897431790828705,-0.7845570269194878
UBFC_PHYS_s15_T1_test,9,173,14.766666666666667,0.3060092628002167,-1.0352509265663672
UBFC_PHYS_s15_T1_test,9,174,14.8,0.13767240941524506,-1.186488383134787
UBFC_PHYS_s15_T1_test,9,175,14.833333333333334,-0.021665362641215324,-1.1925058044219423
UBFC_PHYS_s15_T1_test,9,176,14.866666666666667,-0.10265707224607468,-1.0306441364563417
UBFC_PHYS_s15_T1_test,9,177,14.9,-0.1624835729598999,-0.7120540412952769
UBFC_PHYS_s15_T1_test,9,178,14.933333333333334,-0.26778826117515564,-0.2830502506519373
UBFC_PHYS_s15_T1_test,9,179,14.966666666666667,-0.33358195424079895,0.18450837670992812
UBFC_PHYS_s15_T1_test,9,180,15.0,-0.20193661749362946,0.6118300266843069
UBFC_PHYS_s15_T1_test,9,181,15.033333333333333,0.13587646186351776,0.9347253239550093
UBFC_PHYS_s15_T1_test,9,182,15.066666666666666,0.47424957156181335,1.1193457932595616
UBFC_PHYS_s15_T1_test,9,183,15.1,0.631791353225708,1.1652353715050419
UBFC_PHYS_s15_T1_test,9,184,15.133333333333333,0.6050258874893188,1.09562043735281
UBFC_PHYS_s15_T1_test,9,185,15.166666666666666,0.487381249666214,0.9417521199502858
UBFC_PHYS_s15_T1_test,9,186,15.2,0.3432801365852356,0.7299196946146452
UBFC_PHYS_s15_T1_test,9,187,15.233333333333333,0.21808478236198425,0.4763616135651334
UBFC_PHYS_s15_T1_test,9,188,15.266666666666667,0.15051443874835968,0.189936708720989
UBFC_PHYS_s15_T1_test,9,189,15.3,0.12817123532295227,-0.12124999243195299
UBFC_PHYS_s15_T1_test,9,190,15.333333333333334,0.12114191800355911,-0.44328131890214795
UBFC_PHYS_s15_T1_test,9,191,15.366666666666667,0.1231502890586853,-0.7523382189504215
UBFC_PHYS_s15_T1_test,9,192,15.4,0.12440552562475204,-1.0144109446908391
UBFC_PHYS_s15_T1_test,9,193,15.433333333333334,0.1222812831401825,-1.189625287920349
UBFC_PHYS_s15_T1_test,9,194,15.466666666666667,0.1278236359357834,-1.2410518345150232
UBFC_PHYS_s15_T1_test,9,195,15.5,0.12075568735599518,-1.1460488365207846
UBFC_PHYS_s15_T1_test,9,196,15.533333333333333,0.044553183019161224,-0.9061587254508013
UBFC_PHYS_s15_T1_test,9,197,15.566666666666666,-0.1080835610628128,-0.5511067965845101
UBFC_PHYS_s15_T1_test,9,198,15.6,-0.24034684896469116,-0.1345153024408269
UBFC_PHYS_s15_T1_test,9,199,15.633333333333333,-0.20545127987861633,0.27793885702717575
UBFC_PHYS_s15_T1_test,9,200,15.666666666666666,0.036268625408411026,0.624806503217082
UBFC_PHYS_s15_T1_test,9,201,15.7,0.3492473363876343,0.8646716813268378
UBFC_PHYS_s15_T1_test,9,202,15.733333333333333,0.5694544315338135,0.9853519774990184
UBFC_PHYS_s15_T1_test,9,203,15.766666666666667,0.6462941765785217,1.001791235079998
UBFC_PHYS_s15_T1_test,9,204,15.8,0.6112248301506042,0.9430608618728397
UBFC_PHYS_s15_T1_test,9,205,15.833333333333334,0.5109410881996155,0.8349452221970202
UBFC_PHYS_s15_T1_test,9,206,15.866666666666667,0.417648047208786,0.6875133654297328
UBFC_PHYS_s15_T1_test,9,207,15.9,0.38661473989486694,0.49457050126796326
UBFC_PHYS_s15_T1_test,9,208,15.933333333333334,0.38526296615600586,0.24489431014943783
UBFC_PHYS_s15_T1_test,9,209,15.966666666666667,0.3625721335411072,-0.06172651050508179
UBFC_PHYS_s15_T1_test,9,210,16.0,0.3290283679962158,-0.40294567727580993
UBFC_PHYS_s15_T1_test,9,211,16.033333333333335,0.2928389310836792,-0.7331473369207507
UBFC_PHYS_s15_T1_test,9,212,16.066666666666666,0.2077532261610031,-0.9940300565210428
UBFC_PHYS_s15_T1_test,9,213,16.1,0.04022744670510292,-1.1317075221408814
UBFC_PHYS_s15_T1_test,9,214,16.133333333333333,-0.17652291059494019,-1.1135350277012677
UBFC_PHYS_s15_T1_test,9,215,16.166666666666668,-0.375835120677948,-0.938932321479274
UBFC_PHYS_s15_T1_test,9,216,16.2,-0.5520896315574646,-0.6409910655803616
UBFC_PHYS_s15_T1_test,9,217,16.233333333333334,-0.7708869576454163,-0.2782593037915689
UBFC_PHYS_s15_T1_test,9,218,16.266666666666666,-1.016198754310608,0.08161408725497185
UBFC_PHYS_s15_T1_test,9,219,16.3,-1.119958519935608,0.38196146469732084
UBFC_PHYS_s15_T1_test,9,220,16.333333333333332,-0.9501540660858154,0.5935202364865432
UBFC_PHYS_s15_T1_test,9,221,16.366666666666667,-0.5596982836723328,0.7193910544105173
UBFC_PHYS_s15_T1_test,9,222,16.4,-0.13247376680374146,0.7851477534137975
UBFC_PHYS_s15_T1_test,9,223,16.433333333333334,0.19054682552814484,0.8186769492989688
UBFC_PHYS_s15_T1_test,9,224,16.466666666666665,0.3959614336490631,0.8312668452574591
UBFC_PHYS_s15_T1_test,9,225,16.5,0.506596028804779,0.8112957209900087
UBFC_PHYS_s15_T1_test,9,226,16.533333333333335,0.5219871401786804,0.7330878070673201
UBFC_PHYS_s15_T1_test,9,227,16.566666666666666,0.49363812804222107,0.5736726754348053
UBFC_PHYS_s15_T1_test,9,228,16.6,0.4963996410369873,0.32730729429035754
UBFC_PHYS_s15_T1_test,9,229,16.633333333333333,0.532511830329895,0.01139793479133177
UBFC_PHYS_s15_T1_test,9,230,16.666666666666668,0.5492740869522095,-0.3368462738386476
UBFC_PHYS_s15_T1_test,9,231,16.7,0.5317973494529724,-0.6697775794228257
UBFC_PHYS_s15_T1_test,9,232,16.733333333333334,0.5040469169616699,-0.9406060586514015
UBFC_PHYS_s15_T1_test,9,233,16.766666666666666,0.4495696723461151,-1.1134613542598129
UBFC_PHYS_s15_T1_test,9,234,16.8,0.3255523145198822,-1.1699363628846244
UBFC_PHYS_s15_T1_test,9,235,16.833333333333332,0.1559988558292389,-1.1106529948614667
UBFC_PHYS_s15_T1_test,9,236,16.866666666666667,-0.0012919100699946284,-0.9517746569558891
UBFC_PHYS_s15_T1_test,9,237,16.9,-0.1388465017080307,-0.7181374761654704
UBFC_PHYS_s15_T1_test,9,238,16.933333333333334,-0.2907301187515259,-0.4360155681664158
UBFC_PHYS_s15_T1_test,9,239,16.966666666666665,-0.4843454957008362,-0.12865287591140892
UBFC_PHYS_s15_T1_test,10,0,10.0,-0.1364712119102478,0.004959282732682726
UBFC_PHYS_s15_T1_test,10,1,10.033333333333333,0.22646589577198029,0.04002347033744668
UBFC_PHYS_s15_T1_test,10,2,10.066666666666666,0.5900595784187317,0.04053516613953077
UBFC_PHYS_s15_T1_test,10,3,10.1,0.8708270192146301,-0.01579307345794016
UBFC_PHYS_s15_T1_test,10,4,10.133333333333333,1.0109885931015015,-0.1295992774463792
UBFC_PHYS_s15_T1_test,10,5,10.166666666666666,1.0194083452224731,-0.27824110629993176
UBFC_PHYS_s15_T1_test,10,6,10.2,0.9428389668464661,-0.4217464528536415
UBFC_PHYS_s15_T1_test,10,7,10.233333333333333,0.8408751487731934,-0.5140191726247177
UBFC_PHYS_s15_T1_test,10,8,10.266666666666667,0.7394713759422302,-0.5155366544895698
UBFC_PHYS_s15_T1_test,10,9,10.3,0.6167285442352295,-0.40407621105056396
UBFC_PHYS_s15_T1_test,10,10,10.333333333333334,0.4621799886226654,-0.18131966339461453
UBFC_PHYS_s15_T1_test,10,11,10.366666666666667,0.2875862419605255,0.1255596831733061
UBFC_PHYS_s15_T1_test,10,12,10.4,0.09677101671695709,0.4676356536016966
UBFC_PHYS_s15_T1_test,10,13,10.433333333333334,-0.06152394413948059,0.783274950859724
UBFC_PHYS_s15_T1_test,10,14,10.466666666666667,-0.06519309431314468,1.0116077345504961
UBFC_PHYS_s15_T1_test,10,15,10.5,0.14450861513614655,1.1077524978555824
UBFC_PHYS_s15_T1_test,10,16,10.533333333333333,0.4479089081287384,1.0550749326926976
UBFC_PHYS_s15_T1_test,10,17,10.566666666666666,0.6546946167945862,0.8693322116423943
UBFC_PHYS_s15_T1_test,10,18,10.6,0.6933172941207886,0.5921202841587644
UBFC_PHYS_s15_T1_test,10,19,10.633333333333333,0.6131559610366821,0.27581393226927337
UBFC_PHYS_s15_T1_test,10,20,10.666666666666666,0.48622259497642517,-0.0333815972412485
UBFC_PHYS_s15_T1_test,10,21,10.7,0.3535923659801483,-0.30677767354456614
UBFC_PHYS_s15_T1_test,10,22,10.733333333333333,0.24156735837459564,-0.5351886485852876
UBFC_PHYS_s15_T1_test,10,23,10.766666666666667,0.16333717107772827,-0.7229154841636809
UBFC_PHYS_s15_T1_test,10,24,10.8,0.11623683571815491,-0.8778768952962026
UBFC_PHYS_s15_T1_test,10,25,10.833333333333334,0.10192713886499405,-1.002156199853965
UBFC_PHYS_s15_T1_test,10,26,10.866666666666667,0.11540644615888596,-1.086109536148982
UBFC_PHYS_s15_T1_test,10,27,10.9,0.12052395194768906,-1.1078041570923702
UBFC_PHYS_s15_T1_test,10,28,10.933333333333334,0.08288617432117462,-1.0382697767560212
UBFC_PHYS_s15_T1_test,10,29,10.966666666666667,0.00803546141833067,-0.8517448307615366
UBFC_PHYS_s15_T1_test,10,30,11.0,-0.08085458725690842,-0.5385591895552605
UBFC_PHYS_s15_T1_test,10,31,11.033333333333333,-0.17860853672027588,-0.11657474027104939
UBFC_PHYS_s15_T1_test,10,32,11.066666666666666,-0.2885672450065613,0.3640368676861684
UBFC_PHYS_s15_T1_test,10,33,11.1,-0.3602702021598816,0.8269567550218082
UBFC_PHYS_s15_T1_test,10,34,11.133333333333333,-0.2852649986743927,1.18728085952994
UBFC_PHYS_s15_T1_test,10,35,11.166666666666666,-0.02156880497932434,1.3755019623764106
UBFC_PHYS_s15_T1_test,10,36,11.2,0.31917959451675415,1.3586889506664823
UBFC_PHYS_s15_T1_test,10,37,11.233333333333333,0.5777775645256042,1.1498275616396065
UBFC_PHYS_s15_T1_test,10,38,11.266666666666667,0.6862686276435852,0.8016924947600068
UBFC_PHYS_s15_T1_test,10,39,11.3,0.6626701951026917,0.38851783439065113
UBFC_PHYS_s15_T1_test,10,40,11.333333333333334,0.5480188131332397,-0.017087080257520624
UBFC_PHYS_s15_T1_test,10,41,11.366666666666667,0.41940540075302124,-0.3636370007322197
UBFC_PHYS_s15_T1_test,10,42,11.4,0.35973337292671204,-0.6298157015933583
UBFC_PHYS_s15_T1_test,10,43,11.433333333333334,0.349479079246521,-0.8201642148941809
UBFC_PHYS_s15_T1_test,10,44,11.466666666666667,0.29077261686325073,-0.9504018166178215
UBFC_PHYS_s15_T1_test,10,45,11.5,0.1650751829147339,-1.0302168029084633
UBFC_PHYS_s15_T1_test,10,46,11.533333333333333,0.05473025515675545,-1.0522616604508812
UBFC_PHYS_s15_T1_test,10,47,11.566666666666666,0.0052546304650604725,-0.9927367443241858
UBFC_PHYS_s15_T1_test,10,48,11.6,-0.0007898154435679317,-0.8232045526176038
UBFC_PHYS_s15_T1_test,10,49,11.633333333333333,0.004134573508054018,-0.5280365961789739
UBFC_PHYS_s15_T1_test,10,50,11.666666666666666,-0.021955031901597977,-0.11953155978161208
UBFC_PHYS_s15_T1_test,10,51,11.7,-0.0847361609339714,0.35622093487542955
UBFC_PHYS_s15_T1_test,10,52,11.733333333333333,-0.0814918577671051,0.8260504068520478
UBFC_PHYS_s15_T1_test,10,53,11.766666666666667,0.10905302315950394,1.2074798990791227
UBFC_PHYS_s15_T1_test,10,54,11.8,0.4128009080886841,1.4316135617478554
UBFC_PHYS_s15_T1_test,10,55,11.833333333333334,0.6081736087799072,1.4627488576316798
UBFC_PHYS_s15_T1_test,10,56,11.866666666666667,0.6212667226791382,1.3070765523038004
UBFC_PHYS_s15_T1_test,10,57,11.9,0.5827212929725647,1.007080586331698
UBFC_PHYS_s15_T1_test,10,58,11.933333333333334,0.5766961574554443,0.6245980982742657
UBFC_PHYS_s15_T1_test,10,59,11.966666666666667,0.5546039938926697,0.22052136252194468
UBFC_PHYS_s15_T1_test,10,60,12.0,0.5242658853530884,-0.16016760806231872
UBFC_PHYS_s15_T1_test,10,61,12.033333333333333,0.572100043296814,-0.4931032429488728
UBFC_PHYS_s15_T1_test,10,62,12.066666666666666,0.6820587515830994,-0.7698816035331922
UBFC_PHYS_s15_T1_test,10,63,12.1,0.778364360332489,-0.9889557580369376
UBFC_PHYS_s15_T1_test,10,64,12.133333333333333,0.8384998440742493,-1.1470072586412114
UBFC_PHYS_s15_T1_test,10,65,12.166666666666666,0.852751612663269,-1.2336766586635113
UBFC_PHYS_s15_T1_test,10,66,12.2,0.794064462184906,-1.23111393227029
UBFC_PHYS_s15_T1_test,10,67,12.233333333333333,0.6768447160720825,-1.1188794087708485
UBFC_PHYS_s15_T1_test,10,68,12.266666666666667,0.5426889061927795,-0.8831851290827855
UBFC_PHYS_s15_T1_test,10,69,12.3,0.3674386143684387,-0.5275464389230261
UBFC_PHYS_s15_T1_test,10,70,12.333333333333334,0.10936200618743896,-0.08058180115364758
UBFC_PHYS_s15_T1_test,10,71,12.366666666666667,-0.14463990926742554,0.4032939985568671
UBFC_PHYS_s15_T1_test,10,72,12.4,-0.22823864221572876,0.8527093156476332
UBFC_PHYS_s15_T1_test,10,73,12.433333333333334,-0.12366779893636703,1.196336310381926
UBFC_PHYS_s15_T1_test,10,74,12.466666666666667,0.010063150897622108,1.3821431920089
UBFC_PHYS_s15_T1_test,10,75,12.5,0.05268325284123421,1.3908369310014153
UBFC_PHYS_s15_T1_test,10,76,12.533333333333333,0.01303709577769041,1.2378424896133908
UBFC_PHYS_s15_T1_test,10,77,12.566666666666666,-0.07560190558433533,0.9637238057385562
UBFC_PHYS_s15_T1_test,10,78,12.6,-0.20222628116607666,0.6183055764224658
UBFC_PHYS_s15_T1_test,10,79,12.633333333333333,-0.3295651972293854,0.24590497423261956
UBFC_PHYS_s15_T1_test,10,80,12.666666666666666,-0.41716137528419495,-0.12286176249451564
UBFC_PHYS_s15_T1_test,10,81,12.7,-0.448909193277359,-0.47106846279688164
UBFC_PHYS_s15_T1_test,10,82,12.733333333333333,-0.4396011531352997,-0.7887710462795103
UBFC_PHYS_s15_T1_test,10,83,12.766666666666667,-0.46242713928222656,-1.0632594690895638
UBFC_PHYS_s15_T1_test,10,84,12.8,-0.5738728046417236,-1.2713774763405026
UBFC_PHYS_s15_T1_test,10,85,12.833333333333334,-0.7165835499763489,-1.3787082355322686
UBFC_PHYS_s15_T1_test,10,86,12.866666666666667,-0.8183928728103638,-1.3475679959589821
UBFC_PHYS_s15_T1_test,10,87,12.9,-0.9071090817451477,-1.1515219631287752
UBFC_PHYS_s15_T1_test,10,88,12.933333333333334,-1.0527551174163818,-0.7906450572184092
UBFC_PHYS_s15_T1_test,10,89,12.966666666666667,-1.2763803005218506,-0.30066653822608513
UBFC_PHYS_s15_T1_test,10,90,13.0,-1.5051616430282593,0.24896024281310006
UBFC_PHYS_s15_T1_test,10,91,13.033333333333333,-1.5547531843185425,0.7690009593495791
UBFC_PHYS_s15_T1_test,10,92,13.066666666666666,-1.347754955291748,1.1727838000451183
UBFC_PHYS_s15_T1_test,10,93,13.1,-1.0644577741622925,1.3996945645368533
UBFC_PHYS_s15_T1_test,10,94,13.133333333333333,-0.9350525736808777,1.4311554168907414
UBFC_PHYS_s15_T1_test,10,95,13.166666666666666,-1.0280752182006836,1.2923443441548539
UBFC_PHYS_s15_T1_test,10,96,13.2,-1.350825548171997,1.0382582763946968
UBFC_PHYS_s15_T1_test,10,97,13.233333333333333,-1.8720382452011108,0.7298112096405537
UBFC_PHYS_s15_T1_test,10,98,13.266666666666667,-2.3748667240142822,0.4111647082937918
UBFC_PHYS_s15_T1_test,10,99,13.3,-2.598839521408081,0.09923598722089157
UBFC_PHYS_s15_T1_test,10,100,13.333333333333334,-2.5204546451568604,-0.21073996733417455
UBFC_PHYS_s15_T1_test,10,101,13.366666666666667,-2.2748725414276123,-0.5285819550870057
UBFC_PHYS_s15_T1_test,10,102,13.4,-2.0066962242126465,-0.8511598537161956
UBFC_PHYS_s15_T1_test,10,103,13.433333333333334,-1.8428974151611328,-1.1518012777153877
UBFC_PHYS_s15_T1_test,10,104,13.466666666666667,-1.8520317077636719,-1.3813501668841808
UBFC_PHYS_s15_T1_test,10,105,13.5,-1.994703769683838,-1.4800925506621199
UBFC_PHYS_s15_T1_test,10,106,13.533333333333333,-2.165280818939209,-1.3965104030940216
UBFC_PHYS_s15_T1_test,10,107,13.566666666666666,-2.2793915271759033,-1.1072015923052099
UBFC_PHYS_s15_T1_test,10,108,13.6,-2.356849193572998,-0.6315096836115275
UBFC_PHYS_s15_T1_test,10,109,13.633333333333333,-2.503615379333496,-0.03487947794897605
UBFC_PHYS_s15_T1_test,10,110,13.666666666666666,-2.710767984390259,0.5824353211114819
UBFC_PHYS_s15_T1_test,10,111,13.7,-2.7059593200683594,1.1098290997343458
UBFC_PHYS_s15_T1_test,10,112,13.733333333333333,-2.186272144317627,1.4567007529739122
UBFC_PHYS_s15_T1_test,10,113,13.766666666666667,-1.199019193649292,1.5776405154287123
UBFC_PHYS_s15_T1_test,10,114,13.8,-0.13450145721435547,1.4822675460438748
UBFC_PHYS_s15_T1_test,10,115,13.833333333333334,0.7020266652107239,1.225735577554689
UBFC_PHYS_s15_T1_test,10,116,13.866666666666667,1.2484021186828613,0.8848959318726514
UBFC_PHYS_s15_T1_test,10,117,13.9,1.5543321371078491,0.5311998351776915
UBFC_PHYS_s15_T1_test,10,118,13.933333333333334,1.7013107538223267,0.21080140280222126
UBFC_PHYS_s15_T1_test,10,119,13.966666666666667,1.7798305749893188,-0.06272729815011559
UBFC_PHYS_s15_T1_test,10,120,14.0,1.8289393186569214,-0.3028269093508041
UBFC_PHYS_s15_T1_test,10,121,14.033333333333333,1.8155372142791748,-0.5348952730706459
UBFC_PHYS_s15_T1_test,10,122,14.066666666666666,1.7067950963974,-0.7773280788064025
UBFC_PHYS_s15_T1_test,10,123,14.1,1.5238009691238403,-1.0254503786726703
UBFC_PHYS_s15_T1_test,10,124,14.133333333333333,1.3259949684143066,-1.245054559125428
UBFC_PHYS_s15_T1_test,10,125,14.166666666666666,1.1415525674819946,-1.3794929799789362
UBFC_PHYS_s15_T1_test,10,126,14.2,0.9489220380783081,-1.3686342217236322
UBFC_PHYS_s15_T1_test,10,127,14.233333333333333,0.7375209331512451,-1.1724958200746538
UBFC_PHYS_s15_T1_test,10,128,14.266666666666667,0.5160199403762817,-0.7903284085408705
UBFC_PHYS_s15_T1_test,10,129,14.3,0.2729482650756836,-0.2678793583118131
UBFC_PHYS_s15_T1_test,10,130,14.333333333333334,0.05326259508728981,0.3099870301534925
UBFC_PHYS_s15_T1_test,10,131,14.366666666666667,0.0012571853585541248,0.8393415324532771
UBFC_PHYS_s15_T1_test,10,132,14.4,0.17811033129692078,1.2243339120188386
UBFC_PHYS_s15_T1_test,10,133,14.433333333333334,0.45298779010772705,1.403436941416674
UBFC_PHYS_s15_T1_test,10,134,14.466666666666667,0.6687532663345337,1.3657789930857134
UBFC_PHYS_s15_T1_test,10,135,14.5,0.7791754603385925,1.1507530450174144
UBFC_PHYS_s15_T1_test,10,136,14.533333333333333,0.7598061561584473,0.8303654881685429
UBFC_PHYS_s15_T1_test,10,137,14.566666666666666,0.5995801091194153,0.48156091975447685
UBFC_PHYS_s15_T1_test,10,138,14.6,0.39930230379104614,0.1607348180711196
UBFC_PHYS_s15_T1_test,10,139,14.633333333333333,0.3037305176258087,-0.10871214139250869
UBFC_PHYS_s15_T1_test,10,140,14.666666666666666,0.3284490406513214,-0.3324605329158394
UBFC_PHYS_s15_T1_test,10,141,14.7,0.38238558173179626,-0.5298593463204908
UBFC_PHYS_s15_T1_test,10,142,14.733333333333333,0.3897431790828705,-0.7153982907061569
UBFC_PHYS_s15_T1_test,10,143,14.766666666666667,0.3060092628002167,-0.8846797786019154
UBFC_PHYS_s15_T1_test,10,144,14.8,0.13767240941524506,-1.0100705821191778
UBFC_PHYS_s15_T1_test,10,145,14.833333333333334,-0.021665362641215324,-1.0479090883856126
UBFC_PHYS_s15_T1_test,10,146,14.866666666666667,-0.10265707224607468,-0.9550613415732359
UBFC_PHYS_s15_T1_test,10,147,14.9,-0.1624835729598999,-0.7087618326235386
UBFC_PHYS_s15_T1_test,10,148,14.933333333333334,-0.26778826117515564,-0.3216296540396637
UBFC_PHYS_s15_T1_test,10,149,14.966666666666667,-0.33358195424079895,0.15498841009091227
UBFC_PHYS_s15_T1_test,10,150,15.0,-0.20193661749362946,0.6415204563118986
UBFC_PHYS_s15_T1_test,10,151,15.033333333333333,0.13587646186351776,1.05081530812514
UBFC_PHYS_s15_T1_test,10,152,15.066666666666666,0.47424957156181335,1.3111292416453941
UBFC_PHYS_s15_T1_test,10,153,15.1,0.631791353225708,1.3832239453045738
UBFC_PHYS_s15_T1_test,10,154,15.133333333333333,0.6050258874893188,1.266586138796384
UBFC_PHYS_s15_T1_test,10,155,15.166666666666666,0.487381249666214,0.9945432600917705
UBFC_PHYS_s15_T1_test,10,156,15.2,0.3432801365852356,0.6217576425293672
UBFC_PHYS_s15_T1_test,10,157,15.233333333333333,0.21808478236198425,0.20896750146723797
UBFC_PHYS_s15_T1_test,10,158,15.266666666666667,0.15051443874835968,-0.19079355983792062
UBFC_PHYS_s15_T1_test,10,159,15.3,0.12817123532295227,-0.5413838117421289
UBFC_PHYS_s15_T1_test,10,160,15.333333333333334,0.12114191800355911,-0.8257577454850505
UBFC_PHYS_s15_T1_test,10,161,15.366666666666667,0.1231502890586853,-1.0404145292140667
UBFC_PHYS_s15_T1_test,10,162,15.4,0.12440552562475204,-1.184708962844849
UBFC_PHYS_s15_T1_test,10,163,15.433333333333334,0.1222812831401825,-1.250842590132227
UBFC_PHYS_s15_T1_test,10,164,15.466666666666667,0.1278236359357834,-1.2207069249119655
UBFC_PHYS_s15_T1_test,10,165,15.5,0.12075568735599518,-1.0724795746631526
UBFC_PHYS_s15_T1_test,10,166,15.533333333333333,0.044553183019161224,-0.7944106735612715
UBFC_PHYS_s15_T1_test,10,167,15.566666666666666,-0.1080835610628128,-0.3987977766933399
UBFC_PHYS_s15_T1_test,10,168,15.6,-0.24034684896469116,0.07152653032743754
UBFC_PHYS_s15_T1_test,10,169,15.633333333333333,-0.20545127987861633,0.5486363252682174
UBFC_PHYS_s15_T1_test,10,170,15.666666666666666,0.036268625408411026,0.9559656336690165
UBFC_PHYS_s15_T1_test,10,171,15.7,0.3492473363876343,1.2298180467490354
UBFC_PHYS_s15_T1_test,10,172,15.733333333333333,0.5694544315338135,1.3374310083225314
UBFC_PHYS_s15_T1_test,10,173,15.766666666666667,0.6462941765785217,1.2840908638441084
UBFC_PHYS_s15_T1_test,10,174,15.8,0.6112248301506042,1.1061242280889725
UBFC_PHYS_s15_T1_test,10,175,15.833333333333334,0.5109410881996155,0.8528893216560587
UBFC_PHYS_s15_T1_test,10,176,15.866666666666667,0.417648047208786,0.5665051434244078
UBFC_PHYS_s15_T1_test,10,177,15.9,0.38661473989486694,0.2693712795460817
UBFC_PHYS_s15_T1_test,10,178,15.933333333333334,0.38526296615600586,-0.03502487389818132
UBFC_PHYS_s15_T1_test,10,179,15.966666666666667,0.3625721335411072,-0.35006451597008137
UBFC_PHYS_s15_T1_test,10,180,16.0,0.3290283679962158,-0.6706125737553769
UBFC_PHYS_s15_T1_test,10,181,16.033333333333335,0.2928389310836792,-0.9730778862373889
UBFC_PHYS_s15_T1_test,10,182,16.066666666666666,0.2077532261610031,-1.215577995722677
UBFC_PHYS_s15_T1_test,10,183,16.1,0.04022744670510292,-1.3474376024200925
UBFC_PHYS_s15_T1_test,10,184,16.133333333333333,-0.17652291059494019,-1.3241709256436498
UBFC_PHYS_s15_T1_test,10,185,16.166666666666668,-0.375835120677948,-1.1233160231925767
UBFC_PHYS_s15_T1_test,10,186,16.2,-0.5520896315574646,-0.756410340823047
UBFC_PHYS_s15_T1_test,10,187,16.233333333333334,-0.7708869576454163,-0.2726221832939595
UBFC_PHYS_s15_T1_test,10,188,16.266666666666666,-1.016198754310608,0.24917462432801332
UBFC_PHYS_s15_T1_test,10,189,16.3,-1.119958519935608,0.7196026956490723
UBFC_PHYS_s15_T1_test,10,190,16.333333333333332,-0.9501540660858154,1.0636069484680848
UBFC_PHYS_s15_T1_test,10,191,16.366666666666667,-0.5596982836723328,1.2412385593019974
UBFC_PHYS_s15_T1_test,10,192,16.4,-0.13247376680374146,1.2554058012033897
UBFC_PHYS_s15_T1_test,10,193,16.433333333333334,0.19054682552814484,1.1433552374593114
UBFC_PHYS_s15_T1_test,10,194,16.466666666666665,0.3959614336490631,0.9567019047540334
UBFC_PHYS_s15_T1_test,10,195,16.5,0.506596028804779,0.7401099074643739
UBFC_PHYS_s15_T1_test,10,196,16.533333333333335,0.5219871401786804,0.517846011652652
UBFC_PHYS_s15_T1_test,10,197,16.566666666666666,0.49363812804222107,0.2920748831818721
UBFC_PHYS_s15_T1_test,10,198,16.6,0.4963996410369873,0.05098742184936228
UBFC_PHYS_s15_T1_test,10,199,16.633333333333333,0.532511830329895,-0.21838878618743163
UBFC_PHYS_s15_T1_test,10,200,16.666666666666668,0.5492740869522095,-0.517854438695106
UBFC_PHYS_s15_T1_test,10,201,16.7,0.5317973494529724,-0.8298982156105931
UBFC_PHYS_s15_T1_test,10,202,16.733333333333334,0.5040469169616699,-1.1163681855569716
UBFC_PHYS_s15_T1_test,10,203,16.766666666666666,0.4495696723461151,-1.3252520205593217
UBFC_PHYS_s15_T1_test,10,204,16.8,0.3255523145198822,-1.4043540527428469
UBFC_PHYS_s15_T1_test,10,205,16.833333333333332,0.1559988558292389,-1.3177417987932543
UBFC_PHYS_s15_T1_test,10,206,16.866666666666667,-0.0012919100699946284,-1.0591701749406857
UBFC_PHYS_s15_T1_test,10,207,16.9,-0.1388465017080307,-0.65750137569687
UBFC_PHYS_s15_T1_test,10,208,16.933333333333334,-0.2907301187515259,-0.17224397415476464
UBFC_PHYS_s15_T1_test,10,209,16.966666666666665,-0.4843454957008362,0.3193512855350022
UBFC_PHYS_s15_T1_test,10,210,17.0,-0.6929271221160889,0.7403627408444997
UBFC_PHYS_s15_T1_test,10,211,17.033333333333335,-0.7630658745765686,1.033007039238279
UBFC_PHYS_s15_T1_test,10,212,17.066666666666666,-0.5320444703102112,1.1724802878950387
UBFC_PHYS_s15_T1_test,10,213,17.1,-0.0646330714225769,1.1702674988714046
UBFC_PHYS_s15_T1_test,10,214,17.133333333333333,0.38022270798683167,1.064631503319394
UBFC_PHYS_s15_T1_test,10,215,17.166666666666668,0.6487274169921875,0.9018324756328743
UBFC_PHYS_s15_T1_test,10,216,17.2,0.7820141911506653,0.7170444185261268
UBFC_PHYS_s15_T1_test,10,217,17.233333333333334,0.8314126133918762,0.5243793503301712
UBFC_PHYS_s15_T1_test,10,218,17.266666666666666,0.8064237236976624,0.319408864693793
UBFC_PHYS_s15_T1_test,10,219,17.3,0.7716439962387085,0.09018738554537029
UBFC_PHYS_s15_T1_test,10,220,17.333333333333332,0.7882517576217651,-0.170228775561447
UBFC_PHYS_s15_T1_test,10,221,17.366666666666667,0.8268358111381531,-0.45516831428282795
UBFC_PHYS_s15_T1_test,10,222,17.4,0.8305628895759583,-0.7417047693707871
UBFC_PHYS_s15_T1_test,10,223,17.433333333333334,0.7876724004745483,-0.9934721785171305
UBFC_PHYS_s15_T1_test,10,224,17.466666666666665,0.7076269388198853,-1.167551025381701
UBFC_PHYS_s15_T1_test,10,225,17.5,0.5827792286872864,-1.2239582067166566
UBFC_PHYS_s15_T1_test,10,226,17.533333333333335,0.3984139859676361,-1.1358135353952936
UBFC_PHYS_s15_T1_test,10,227,17.566666666666666,0.19128066301345825,-0.8976976835552564
UBFC_PHYS_s15_T1_test,10,228,17.6,0.032116688787937164,-0.5298597900951071
UBFC_PHYS_s15_T1_test,10,229,17.633333333333333,-0.07676058262586594,-0.07687603812101672
UBFC_PHYS_s15_T1_test,10,230,17.666666666666668,-0.2282000184059143,0.39927847361186797
UBFC_PHYS_s15_T1_test,10,231,17.7,-0.48251092433929443,0.8304876613415371
UBFC_PHYS_s15_T1_test,10,232,17.733333333333334,-0.7430786490440369,1.1558978696420021
UBFC_PHYS_s15_T1_test,10,233,17.766666666666666,-0.7987918257713318,1.334643106642708
UBFC_PHYS_s15_T1_test,10,234,17.8,-0.5550442337989807,1.3546021120496743
UBFC_PHYS_s15_T1_test,10,235,17.833333333333332,-0.1614793837070465,1.2337737350710385
UBFC_PHYS_s15_T1_test,10,236,17.866666666666667,0.176101952791214,1.0119630598865297
UBFC_PHYS_s15_T1_test,10,237,17.9,0.37114638090133667,0.7344090443422638
UBFC_PHYS_s15_T1_test,10,238,17.933333333333334,0.43232467770576477,0.43484277196879356
UBFC_PHYS_s15_T1_test,10,239,17.966666666666665,0.3969656229019165,0.1276157525039235
UBFC_PHYS_s15_T1_test,11,0,11.0,-0.08085458725690842,-0.06479783861065504
UBFC_PHYS_s15_T1_test,11,1,11.033333333333333,-0.17860853672027588,0.8076545528226787
UBFC_PHYS_s15_T1_test,11,2,11.066666666666666,-0.2885672450065613,1.5391871391539707
UBFC_PHYS_s15_T1_test,11,3,11.1,-0.3602702021598816,2.0232996546640534
UBFC_PHYS_s15_T1_test,11,4,11.133333333333333,-0.2852649986743927,2.212193173114096
UBFC_PHYS_s15_T1_test,11,5,11.166666666666666,-0.02156880497932434,2.12281986675775
UBFC_PHYS_s15_T1_test,11,6,11.2,0.31917959451675415,1.821961253576991
UBFC_PHYS_s15_T1_test,11,7,11.233333333333333,0.5777775645256042,1.3977554658466167
UBFC_PHYS_s15_T1_test,11,8,11.266666666666667,0.6862686276435852,0.9310483551523648
UBFC_PHYS_s15_T1_test,11,9,11.3,0.6626701951026917,0.4779962852276419
UBFC_PHYS_s15_T1_test,11,10,11.333333333333334,0.5480188131332397,0.06716251762474548
UBFC_PHYS_s15_T1_test,11,11,11.366666666666667,0.41940540075302124,-0.29339429095915015
UBFC_PHYS_s15_T1_test,11,12,11.4,0.35973337292671204,-0.6054485265019857
UBFC_PHYS_s15_T1_test,11,13,11.433333333333334,0.349479079246521,-0.8703802306896536
UBFC_PHYS_s15_T1_test,11,14,11.466666666666667,0.29077261686325073,-1.0811367123686026
UBFC_PHYS_s15_T1_test,11,15,11.5,0.1650751829147339,-1.2180415521338268
UBFC_PHYS_s15_T1_test,11,16,11.533333333333333,0.05473025515675545,-1.251230817780486
UBFC_PHYS_s15_T1_test,11,17,11.566666666666666,0.0052546304650604725,-1.1513781226239854
UBFC_PHYS_s15_T1_test,11,18,11.6,-0.0007898154435679317,-0.9054902451367967
UBFC_PHYS_s15_T1_test,11,19,11.633333333333333,0.004134573508054018,-0.5299241690034728
UBFC_PHYS_s15_T1_test,11,20,11.666666666666666,-0.021955031901597977,-0.07305908063428442
UBFC_PHYS_s15_T1_test,11,21,11.7,-0.0847361609339714,0.39469584580369976
UBFC_PHYS_s15_T1_test,11,22,11.733333333333333,-0.0814918577671051,0.7991363838874832
UBFC_PHYS_s15_T1_test,11,23,11.766666666666667,0.10905302315950394,1.0806669465111949
UBFC_PHYS_s15_T1_test,11,24,11.8,0.4128009080886841,1.2064361017243097
UBFC_PHYS_s15_T1_test,11,25,11.833333333333334,0.6081736087799072,1.1739462010473423
UBFC_PHYS_s15_T1_test,11,26,11.866666666666667,0.6212667226791382,1.006887107537936
UBFC_PHYS_s15_T1_test,11,27,11.9,0.5827212929725647,0.7453007062338967
UBFC_PHYS_s15_T1_test,11,28,11.933333333333334,0.5766961574554443,0.43306080438496886
UBFC_PHYS_s15_T1_test,11,29,11.966666666666667,0.5546039938926697,0.10659008978502517
UBFC_PHYS_s15_T1_test,11,30,12.0,0.5242658853530884,-0.21090678244695457
UBFC_PHYS_s15_T1_test,11,31,12.033333333333333,0.572100043296814,-0.5073626075451126
UBFC_PHYS_s15_T1_test,11,32,12.066666666666666,0.6820587515830994,-0.7740193623739261
UBFC_PHYS_s15_T1_test,11,33,12.1,0.778364360332489,-0.9974258544845717
UBFC_PHYS_s15_T1_test,11,34,12.133333333333333,0.8384998440742493,-1.1562459449436273
UBFC_PHYS_s15_T1_test,11,35,12.166666666666666,0.852751612663269,-1.2243246171546538
UBFC_PHYS_s15_T1_test,11,36,12.2,0.794064462184906,-1.1780199481154146
UBFC_PHYS_s15_T1_test,11,37,12.233333333333333,0.6768447160720825,-1.0044612835012396
UBFC_PHYS_s15_T1_test,11,38,12.266666666666667,0.5426889061927795,-0.7082311356882672
UBFC_PHYS_s15_T1_test,11,39,12.3,0.3674386143684387,-0.3151198644052875
UBFC_PHYS_s15_T1_test,11,40,12.333333333333334,0.10936200618743896,0.12842811294969345
UBFC_PHYS_s15_T1_test,11,41,12.366666666666667,-0.14463990926742554,0.561796299893763
UBFC_PHYS_s15_T1_test,11,42,12.4,-0.22823864221572876,0.9228934586341286
UBFC_PHYS_s15_T1_test,11,43,12.433333333333334,-0.12366779893636703,1.163941559262521
UBFC_PHYS_s15_T1_test,11,44,12.466666666666667,0.010063150897622108,1.2635553341892005
UBFC_PHYS_s15_T1_test,11,45,12.5,0.05268325284123421,1.2285557395429
UBFC_PHYS_s15_T1_test,11,46,12.533333333333333,0.01303709577769041,1.084820580783057
UBFC_PHYS_s15_T1_test,11,47,12.566666666666666,-0.07560190558433533,0.863226772847017
UBFC_PHYS_s15_T1_test,11,48,12.6,-0.20222628116607666,0.5887419258249906
UBFC_PHYS_s15_T1_test,11,49,12.633333333333333,-0.3295651972293854,0.2773420036535849
UBFC_PHYS_s15_T1_test,11,50,12.666666666666666,-0.41716137528419495,-0.060141781276030246
UBFC_PHYS_s15_T1_test,11,51,12.7,-0.448909193277359,-0.4115022669644452
UBFC_PHYS_s15_T1_test,11,52,12.733333333333333,-0.4396011531352997,-0.7573706961606693
UBFC_PHYS_s15_T1_test,11,53,12.766666666666667,-0.46242713928222656,-1.0675338512333739
UBFC_PHYS_s15_T1_test,11,54,12.8,-0.5738728046417236,-1.3007189441113056
UBFC_PHYS_s15_T1_test,11,55,12.833333333333334,-0.7165835499763489,-1.4099443641623306
UBFC_PHYS_s15_T1_test,11,56,12.866666666666667,-0.8183928728103638,-1.3543122905194502
UBFC_PHYS_s15_T1_test,11,57,12.9,-0.9071090817451477,-1.1146749596576686
UBFC_PHYS_s15_T1_test,11,58,12.933333333333334,-1.0527551174163818,-0.7068934991442909
UBFC_PHYS_s15_T1_test,11,59,12.966666666666667,-1.2763803005218506,-0.1854505276787463
UBFC_PHYS_s15_T1_test,11,60,13.0,-1.5051616430282593,0.36634477573313007
UBFC_PHYS_s15_T1_test,11,61,13.033333333333333,-1.5547531843185425,0.8570873082371883
UBFC_PHYS_s15_T1_test,11,62,13.066666666666666,-1.347754955291748,1.2110807035051725
UBFC_PHYS_s15_T1_test,11,63,13.1,-1.0644577741622925,1.3861682723032738
UBFC_PHYS_s15_T1_test,11,64,13.133333333333333,-0.9350525736808777,1.3802149936340633
UBFC_PHYS_s15_T1_test,11,65,13.166666666666666,-1.0280752182006836,1.2258404618041006
UBFC_PHYS_s15_T1_test,11,66,13.2,-1.350825548171997,0.9759347549413482
UBFC_PHYS_s15_T1_test,11,67,13.233333333333333,-1.8720382452011108,0.6843906581590206
UBFC_PHYS_s15_T1_test,11,68,13.266666666666667,-2.3748667240142822,0.3887983803675845
UBFC_PHYS_s15_T1_test,11,69,13.3,-2.598839521408081,0.1024053808941257
UBFC_PHYS_s15_T1_test,11,70,13.333333333333334,-2.5204546451568604,-0.180917955580061
UBFC_PHYS_s15_T1_test,11,71,13.366666666666667,-2.2748725414276123,-0.4714712459225991
UBFC_PHYS_s15_T1_test,11,72,13.4,-2.0066962242126465,-0.7668013071579328
UBFC_PHYS_s15_T1_test,11,73,13.433333333333334,-1.8428974151611328,-1.04244238274447
UBFC_PHYS_s15_T1_test,11,74,13.466666666666667,-1.8520317077636719,-1.2545733724307015
UBFC_PHYS_s15_T1_test,11,75,13.5,-1.994703769683838,-1.3522436475119215
UBFC_PHYS_s15_T1_test,11,76,13.533333333333333,-2.165280818939209,-1.2936242755349328
UBFC_PHYS_s15_T1_test,11,77,13.566666666666666,-2.2793915271759033,-1.0610072949812737
UBFC_PHYS_s15_T1_test,11,78,13.6,-2.356849193572998,-0.6706374507183839
UBFC_PHYS_s15_T1_test,11,79,13.633333333333333,-2.503615379333496,-0.17444950557107244
UBFC_PHYS_s15_T1_test,11,80,13.666666666666666,-2.710767984390259,0.34841439030301835
UBFC_PHYS_s15_T1_test,11,81,13.7,-2.7059593200683594,0.8100776946391524
UBFC_PHYS_s15_T1_test,11,82,13.733333333333333,-2.186272144317627,1.1375988689595968
UBFC_PHYS_s15_T1_test,11,83,13.766666666666667,-1.199019193649292,1.2929340256569222
UBFC_PHYS_s15_T1_test,11,84,13.8,-0.13450145721435547,1.2802270928504937
UBFC_PHYS_s15_T1_test,11,85,13.833333333333334,0.7020266652107239,1.1370076327608998
UBFC_PHYS_s15_T1_test,11,86,13.866666666666667,1.2484021186828613,0.9146549154761402
UBFC_PHYS_s15_T1_test,11,87,13.9,1.5543321371078491,0.6587426144350559
UBFC_PHYS_s15_T1_test,11,88,13.933333333333334,1.7013107538223267,0.39731647223724026
UBFC_PHYS_s15_T1_test,11,89,13.966666666666667,1.7798305749893188,0.13886554422083952
UBFC_PHYS_s15_T1_test,11,90,14.0,1.8289393186569214,-0.12223056033271187
UBFC_PHYS_s15_T1_test,11,91,14.033333333333333,1.8155372142791748,-0.39570363865185915
UBFC_PHYS_s15_T1_test,11,92,14.066666666666666,1.7067950963974,-0.6834286752043391
UBFC_PHYS_s15_T1_test,11,93,14.1,1.5238009691238403,-0.9688144844097027
UBFC_PHYS_s15_T1_test,11,94,14.133333333333333,1.3259949684143066,-1.2126385001372029
UBFC_PHYS_s15_T1_test,11,95,14.166666666666666,1.1415525674819946,-1.3597847183882141
UBFC_PHYS_s15_T1_test,11,96,14.2,0.9489220380783081,-1.3562828352813363
UBFC_PHYS_s15_T1_test,11,97,14.233333333333333,0.7375209331512451,-1.1700397886748906
UBFC_PHYS_s15_T1_test,11,98,14.266666666666667,0.5160199403762817,-0.8063804597593546
UBFC_PHYS_s15_T1_test,11,99,14.3,0.2729482650756836,-0.31195083359580045
UBFC_PHYS_s15_T1_test,11,100,14.333333333333334,0.05326259508728981,0.23430612596321163
UBFC_PHYS_s15_T1_test,11,101,14.366666666666667,0.0012571853585541248,0.7396974707220056
UBFC_PHYS_s15_T1_test,11,102,14.4,0.17811033129692078,1.1202866624589465
UBFC_PHYS_s15_T1_test,11,103,14.433333333333334,0.45298779010772705,1.321377036159609
UBFC_PHYS_s15_T1_test,11,104,14.466666666666667,0.6687532663345337,1.3300551837900467
UBFC_PHYS_s15_T1_test,11,105,14.5,0.7791754603385925,1.1751517107743428
UBFC_PHYS_s15_T1_test,11,106,14.533333333333333,0.7598061561584473,0.9136197675044809
UBFC_PHYS_s15_T1_test,11,107,14.566666666666666,0.5995801091194153,0.608002761496426
UBFC_PHYS_s15_T1_test,11,108,14.6,0.39930230379104614,0.30484929109852077
UBFC_PHYS_s15_T1_test,11,109,14.633333333333333,0.3037305176258087,0.0242159693852005
UBFC_PHYS_s15_T1_test,11,110,14.666666666666666,0.3284490406513214,-0.23596001189332705
UBFC_PHYS_s15_T1_test,11,111,14.7,0.38238558173179626,-0.48517246942431713
UBFC_PHYS_s15_T1_test,11,112,14.733333333333333,0.3897431790828705,-0.7243113814304082
UBFC_PHYS_s15_T1_test,11,113,14.766666666666667,0.3060092628002167,-0.9362167067697
UBFC_PHYS_s15_T1_test,11,114,14.8,0.13767240941524506,-1.086260068645031
UBFC_PHYS_s15_T1_test,11,115,14.833333333333334,-0.021665362641215324,-1.1318297172817642
UBFC_PHYS_s15_T1_test,11,116,14.866666666666667,-0.10265707224607468,-1.037193734771085
UBFC_PHYS_s15_T1_test,11,117,14.9,-0.1624835729598999,-0.7891194252284784
UBFC_PHYS_s15_T1_test,11,118,14.933333333333334,-0.26778826117515564,-0.40761977089382645
UBFC_PHYS_s15_T1_test,11,119,14.966666666666667,-0.33358195424079895,0.053512828422358404
UBFC_PHYS_s15_T1_test,11,120,15.0,-0.20193661749362946,0.5185453553104159
UBFC_PHYS_s15_T1_test,11,121,15.033333333333333,0.13587646186351776,0.9105211965247775
UBFC_PHYS_s15_T1_test,11,122,15.066666666666666,0.47424957156181335,1.1720350645567827
UBFC_PHYS_s15_T1_test,11,123,15.1,0.631791353225708,1.2768101556167568
UBFC_PHYS_s15_T1_test,11,124,15.133333333333333,0.6050258874893188,1.2288383589348517
UBFC_PHYS_s15_T1_test,11,125,15.166666666666666,0.487381249666214,1.0531553256280273
UBFC_PHYS_s15_T1_test,11,126,15.2,0.3432801365852356,0.7850152876400759
UBFC_PHYS_s15_T1_test,11,127,15.233333333333333,0.21808478236198425,0.4618514122031075
UBFC_PHYS_s15_T1_test,11,128,15.266666666666667,0.15051443874835968,0.11828710899106179
UBFC_PHYS_s15_T1_test,11,129,15.3,0.12817123532295227,-0.21740828187306993
UBFC_PHYS_s15_T1_test,11,130,15.333333333333334,0.12114191800355911,-0.5253237708900533
UBFC_PHYS_s15_T1_test,11,131,15.366666666666667,0.1231502890586853,-0.7924758907914147
UBFC_PHYS_s15_T1_test,11,132,15.4,0.12440552562475204,-1.007575759966321
UBFC_PHYS_s15_T1_test,11,133,15.433333333333334,0.1222812831401825,-1.1550358589545735
UBFC_PHYS_s15_T1_test,11,134,15.466666666666667,0.1278236359357834,-1.213012319878822
UBFC_PHYS_s15_T1_test,11,135,15.5,0.12075568735599518,-1.1584474024713822
UBFC_PHYS_s15_T1_test,11,136,15.533333333333333,0.044553183019161224,-0.9774618198747258
UBFC_PHYS_s15_T1_test,11,137,15.566666666666666,-0.1080835610628128,-0.675649192891744
UBFC_PHYS_s15_T1_test,11,138,15.6,-0.24034684896469116,-0.28283171539713164
UBFC_PHYS_s15_T1_test,11,139,15.633333333333333,-0.20545127987861633,0.15016297186125918
UBFC_PHYS_s15_T1_test,11,140,15.666666666666666,0.036268625408411026,0.5616999912123515
UBFC_PHYS_s15_T1_test,11,141,15.7,0.3492473363876343,0.8932680028712777
UBFC_PHYS_s15_T1_test,11,142,15.733333333333333,0.5694544315338135,1.103152655507312
UBFC_PHYS_s15_T1_test,11,143,15.766666666666667,0.6462941765785217,1.1756667318206846
UBFC_PHYS_s15_T1_test,11,144,15.8,0.6112248301506042,1.1219133456448063
UBFC_PHYS_s15_T1_test,11,145,15.833333333333334,0.5109410881996155,0.9706343860198978
UBFC_PHYS_s15_T1_test,11,146,15.866666666666667,0.417648047208786,0.753235577642102
UBFC_PHYS_s15_T1_test,11,147,15.9,0.38661473989486694,0.4914031264497928
UBFC_PHYS_s15_T1_test,11,148,15.933333333333334,0.38526296615600586,0.19453952911644687
UBFC_PHYS_s15_T1_test,11,149,15.966666666666667,0.3625721335411072,-0.1320458990212675
UBFC_PHYS_s15_T1_test,11,150,16.0,0.3290283679962158,-0.47451948263565813
UBFC_PHYS_s15_T1_test,11,151,16.033333333333335,0.2928389310836792,-0.8025714649931291
UBFC_PHYS_s15_T1_test,11,152,16.066666666666666,0.2077532261610031,-1.0712378037600265
UBFC_PHYS_s15_T1_test,11,153,16.1,0.04022744670510292,-1.2311721480705546
UBFC_PHYS_s15_T1_test,11,154,16.133333333333333,-0.17652291059494019,-1.2425299115399056
UBFC_PHYS_s15_T1_test,11,155,16.166666666666668,-0.375835120677948,-1.0876629734990149
UBFC_PHYS_s15_T1_test,11,156,16.2,-0.5520896315574646,-0.7792742276487549
UBFC_PHYS_s15_T1_test,11,157,16.233333333333334,-0.7708869576454163,-0.3616712955077753
UBFC_PHYS_s15_T1_test,11,158,16.266666666666666,-1.016198754310608,0.09685130598987832
UBFC_PHYS_s15_T1_test,11,159,16.3,-1.119958519935608,0.5205036069711415
UBFC_PHYS_s15_T1_test,11,160,16.333333333333332,-0.9501540660858154,0.8468018791922828
UBFC_PHYS_s15_T1_test,11,161,16.366666666666667,-0.5596982836723328,1.043132279894158
UBFC_PHYS_s15_T1_test,11,162,16.4,-0.13247376680374146,1.111117906452858
UBFC_PHYS_s15_T1_test,11,163,16.433333333333334,0.19054682552814484,1.0769115490867334
UBFC_PHYS_s15_T1_test,11,164,16.466666666666665,0.3959614336490631,0.9738924305077202
UBFC_PHYS_s15_T1_test,11,165,16.5,0.506596028804779,0.8280606501239228
UBFC_PHYS_s15_T1_test,11,166,16.533333333333335,0.5219871401786804,0.6521383771468715
UBFC_PHYS_s15_T1_test,11,167,16.566666666666666,0.49363812804222107,0.44732596556951665
UBFC_PHYS_s15_T1_test,11,168,16.6,0.4963996410369873,0.20862587011091005
UBFC_PHYS_s15_T1_test,11,169,16.633333333333333,0.532511830329895,-0.0689569692777159
UBFC_PHYS_s15_T1_test,11,170,16.666666666666668,0.5492740869522095,-0.38366212586982
UBFC_PHYS_s15_T1_test,11,171,16.7,0.5317973494529724,-0.7198710197238047
UBFC_PHYS_s15_T1_test,11,172,16.733333333333334,0.5040469169616699,-1.0434116192425695
UBFC_PHYS_s15_T1_test,11,173,16.766666666666666,0.4495696723461151,-1.3035964094905639
UBFC_PHYS_s15_T1_test,11,174,16.8,0.3255523145198822,-1.4437994336376612
UBFC_PHYS_s15_T1_test,11,175,16.833333333333332,0.1559988558292389,-1.4176863468602732
UBFC_PHYS_s15_T1_test,11,176,16.866666666666667,-0.0012919100699946284,-1.2050989055200774
UBFC_PHYS_s15_T1_test,11,177,16.9,-0.1388465017080307,-0.8217184815280402
UBFC_PHYS_s15_T1_test,11,178,16.933333333333334,-0.2907301187515259,-0.3193475669381697
UBFC_PHYS_s15_T1_test,11,179,16.966666666666665,-0.4843454957008362,0.2233408072979691
UBFC_PHYS_s15_T1_test,11,180,17.0,-0.6929271221160889,0.7179462227237592
UBFC_PHYS_s15_T1_test,11,181,17.033333333333335,-0.7630658745765686,1.087941089878838
UBFC_PHYS_s15_T1_test,11,182,17.066666666666666,-0.5320444703102112,1.2885157556017992
UBFC_PHYS_s15_T1_test,11,183,17.1,-0.0646330714225769,1.3168340572010964
UBFC_PHYS_s15_T1_test,11,184,17.133333333333333,0.38022270798683167,1.2071863070436857
UBFC_PHYS_s15_T1_test,11,185,17.166666666666668,0.6487274169921875,1.0122824664453198
UBFC_PHYS_s15_T1_test,11,186,17.2,0.7820141911506653,0.780004648781543
UBFC_PHYS_s15_T1_test,11,187,17.233333333333334,0.8314126133918762,0.5377387838019346
UBFC_PHYS_s15_T1_test,11,188,17.266666666666666,0.8064237236976624,0.29057304787612936
UBFC_PHYS_s15_T1_test,11,189,17.3,0.7716439962387085,0.030659181390158902
UBFC_PHYS_s15_T1_test,11,190,17.333333333333332,0.7882517576217651,-0.2497741205713019
UBFC_PHYS_s15_T1_test,11,191,17.366666666666667,0.8268358111381531,-0.5482711066666232
UBFC_PHYS_s15_T1_test,11,192,17.4,0.8305628895759583,-0.8473230722877637
UBFC_PHYS_s15_T1_test,11,193,17.433333333333334,0.7876724004745483,-1.1142735590795014
UBFC_PHYS_s15_T1_test,11,194,17.466666666666665,0.7076269388198853,-1.3054021819451906
UBFC_PHYS_s15_T1_test,11,195,17.5,0.5827792286872864,-1.3745688156506097
UBFC_PHYS_s15_T1_test,11,196,17.533333333333335,0.3984139859676361,-1.2857809111216294
UBFC_PHYS_s15_T1_test,11,197,17.566666666666666,0.19128066301345825,-1.0264794008563332
UBFC_PHYS_s15_T1_test,11,198,17.6,0.032116688787937164,-0.6164644252289303
UBFC_PHYS_s15_T1_test,11,199,17.633333333333333,-0.07676058262586594,-0.10804507991463716
UBFC_PHYS_s15_T1_test,11,200,17.666666666666668,-0.2282000184059143,0.4236176966263902
UBFC_PHYS_s15_T1_test,11,201,17.7,-0.48251092433929443,0.8970423066687693
UBFC_PHYS_s15_T1_test,11,202,17.733333333333334,-0.7430786490440369,1.2427283070350372
UBFC_PHYS_s15_T1_test,11,203,17.766666666666666,-0.7987918257713318,1.4181912346769812
UBFC_PHYS_s15_T1_test,11,204,17.8,-0.5550442337989807,1.416087199385546
UBFC_PHYS_s15_T1_test,11,205,17.833333333333332,-0.1614793837070465,1.2632843654310604
UBFC_PHYS_s15_T1_test,11,206,17.866666666666667,0.176101952791214,1.0101685439369634
UBFC_PHYS_s15_T1_test,11,207,17.9,0.37114638090133667,0.7124758684509603
UBFC_PHYS_s15_T1_test,11,208,17.933333333333334,0.43232467770576477,0.41256722065656415
UBFC_PHYS_s15_T1_test,11,209,17.966666666666665,0.3969656229019165,0.12898931455365134
UBFC_PHYS_s15_T1_test,11,210,18.0,0.3278696835041046,-0.14093238821465556
UBFC_PHYS_s15_T1_test,11,211,18.033333333333335,0.2918154299259186,-0.4081092014090028
UBFC_PHYS_s15_T1_test,11,212,18.066666666666666,0.3109915852546692,-0.6763378144542801
UBFC_PHYS_s15_T1_test,11,213,18.1,0.3639625608921051,-0.9326872762646835
UBFC_PHYS_s15_T1_test,11,214,18.133333333333333,0.4123953878879547,-1.146955203650176
UBFC_PHYS_s15_T1_test,11,215,18.166666666666668,0.412163645029068,-1.2784557133183845
UBFC_PHYS_s15_T1_test,11,216,18.2,0.33401069045066833,-1.2868908278372655
UBFC_PHYS_s15_T1_test,11,217,18.233333333333334,0.20605382323265076,-1.1448455492512946
UBFC_PHYS_s15_T1_test,11,218,18.266666666666666,0.08321446180343628,-0.8495560203181847
UBFC_PHYS_s15_T1_test,11,219,18.3,-0.022804729640483856,-0.4303809113038992
UBFC_PHYS_s15_T1_test,11,220,18.333333333333332,-0.14689932763576508,0.0525366007902091
UBFC_PHYS_s15_T1_test,11,221,18.366666666666667,-0.3222461938858032,0.5208815203742322
UBFC_PHYS_s15_T1_test,11,222,18.4,-0.4939239025115967,0.8988867480014177
UBFC_PHYS_s15_T1_test,11,223,18.433333333333334,-0.49015820026397705,1.133729348672028
UBFC_PHYS_s15_T1_test,11,224,18.466666666666665,-0.22196246683597565,1.20674728048031
UBFC_PHYS_s15_T1_test,11,225,18.5,0.154936745762825,1.1316452568277893
UBFC_PHYS_s15_T1_test,11,226,18.533333333333335,0.41660523414611816,0.9431321151219856
UBFC_PHYS_s15_T1_test,11,227,18.566666666666666,0.5141660571098328,0.6833956643762387
UBFC_PHYS_s15_T1_test,11,228,18.6,0.5048580169677734,0.3916993698652663
UBFC_PHYS_s15_T1_test,11,229,18.633333333333333,0.43093425035476685,0.09820855309944598
UBFC_PHYS_s15_T1_test,11,230,18.666666666666668,0.3312491774559021,-0.17830520780656986
UBFC_PHYS_s15_T1_test,11,231,18.7,0.26506924629211426,-0.42867784866585706
UBFC_PHYS_s15_T1_test,11,232,18.733333333333334,0.25670742988586426,-0.6476053112536803
UBFC_PHYS_s15_T1_test,11,233,18.766666666666666,0.272098571062088,-0.8261003416619997
UBFC_PHYS_s15_T1_test,11,234,18.8,0.2818121612071991,-0.9466494710746003
UBFC_PHYS_s15_T1_test,11,235,18.833333333333332,0.25863856077194214,-0.9852727356477818
UBFC_PHYS_s15_T1_test,11,236,18.866666666666667,0.15820035338401794,-0.9205979582602453
UBFC_PHYS_s15_T1_test,11,237,18.9,0.000252996280323714,-0.7453135954857515
UBFC_PHYS_s15_T1_test,11,238,18.933333333333334,-0.1320682317018509,-0.4738081375529863
UBFC_PHYS_s15_T1_test,11,239,18.966666666666665,-0.2178877741098404,-0.14208376311159815
UBFC_PHYS_s15_T1_test,12,0,12.0,0.5242658853530884,0.03537900574483646
UBFC_PHYS_s15_T1_test,12,1,12.033333333333333,0.572100043296814,-0.06392334539592359
UBFC_PHYS_s15_T1_test,12,2,12.066666666666666,0.6820587515830994,-0.1877784152255299
UBFC_PHYS_s15_T1_test,12,3,12.1,0.778364360332489,-0.34250712016398316
UBFC_PHYS_s15_T1_test,12,4,12.133333333333333,0.8384998440742493,-0.507509956294042
UBFC_PHYS_s15_T1_test,12,5,12.166666666666666,0.852751612663269,-0.6391893932827244
UBFC_PHYS_s15_T1_test,12,6,12.2,0.794064462184906,-0.6860094879238058
UBFC_PHYS_s15_T1_test,12,7,12.233333333333333,0.6768447160720825,-0.6076042006424521
UBFC_PHYS_s15_T1_test,12,8,12.266666666666667,0.5426889061927795,-0.3904941009759411
UBFC_PHYS_s15_T1_test,12,9,12.3,0.3674386143684387,-0.055836764347217495
UBFC_PHYS_s15_T1_test,12,10,12.333333333333334,0.10936200618743896,0.3425869096575103
UBFC_PHYS_s15_T1_test,12,11,12.366666666666667,-0.14463990926742554,0.7300393920927368
UBFC_PHYS_s15_T1_test,12,12,12.4,-0.22823864221572876,1.030087077084208
UBFC_PHYS_s15_T1_test,12,13,12.433333333333334,-0.12366779893636703,1.186467934291003
UBFC_PHYS_s15_T1_test,12,14,12.466666666666667,0.010063150897622108,1.179509999409209
UBFC_PHYS_s15_T1_test,12,15,12.5,0.05268325284123421,1.0294060454138976
UBFC_PHYS_s15_T1_test,12,16,12.533333333333333,0.01303709577769041,0.784425841048513
UBFC_PHYS_s15_T1_test,12,17,12.566666666666666,-0.07560190558433533,0.4998561750560775
UBFC_PHYS_s15_T1_test,12,18,12.6,-0.20222628116607666,0.21787328538697368
UBFC_PHYS_s15_T1_test,12,19,12.633333333333333,-0.3295651972293854,-0.042863219411689205
UBFC_PHYS_s15_T1_test,12,20,12.666666666666666,-0.41716137528419495,-0.28515686568537696
UBFC_PHYS_s15_T1_test,12,21,12.7,-0.448909193277359,-0.5220747667734948
UBFC_PHYS_s15_T1_test,12,22,12.733333333333333,-0.4396011531352997,-0.7622767096398246
UBFC_PHYS_s15_T1_test,12,23,12.766666666666667,-0.46242713928222656,-0.9973406884055076
UBFC_PHYS_s15_T1_test,12,24,12.8,-0.5738728046417236,-1.196029286891302
UBFC_PHYS_s15_T1_test,12,25,12.833333333333334,-0.7165835499763489,-1.3089898116370664
UBFC_PHYS_s15_T1_test,12,26,12.866666666666667,-0.8183928728103638,-1.2838325659700205
UBFC_PHYS_s15_T1_test,12,27,12.9,-0.9071090817451477,-1.0858796959198396
UBFC_PHYS_s15_T1_test,12,28,12.933333333333334,-1.0527551174163818,-0.716447623187302
UBFC_PHYS_s15_T1_test,12,29,12.966666666666667,-1.2763803005218506,-0.22055312402655056
UBFC_PHYS_s15_T1_test,12,30,13.0,-1.5051616430282593,0.32004469591592055
UBFC_PHYS_s15_T1_test,12,31,13.033333333333333,-1.5547531843185425,0.8067931693538747
UBFC_PHYS_s15_T1_test,12,32,13.066666666666666,-1.347754955291748,1.1509802333069052
UBFC_PHYS_s15_T1_test,12,33,13.1,-1.0644577741622925,1.2984159714247037
UBFC_PHYS_s15_T1_test,12,34,13.133333333333333,-0.9350525736808777,1.2437041760153482
UBFC_PHYS_s15_T1_test,12,35,13.166666666666666,-1.0280752182006836,1.0285783012233158
UBFC_PHYS_s15_T1_test,12,36,13.2,-1.350825548171997,0.7241991912156497
UBFC_PHYS_s15_T1_test,12,37,13.233333333333333,-1.8720382452011108,0.4038861066169422
UBFC_PHYS_s15_T1_test,12,38,13.266666666666667,-2.3748667240142822,0.11778122779538219
UBFC_PHYS_s15_T1_test,12,39,13.3,-2.598839521408081,-0.11929804859216543
UBFC_PHYS_s15_T1_test,12,40,13.333333333333334,-2.5204546451568604,-0.32228145366916156
UBFC_PHYS_s15_T1_test,12,41,13.366666666666667,-2.2748725414276123,-0.517035673295343
UBFC_PHYS_s15_T1_test,12,42,13.4,-2.0066962242126465,-0.7186137804394371
UBFC_PHYS_s15_T1_test,12,43,13.433333333333334,-1.8428974151611328,-0.9169329763771882
UBFC_PHYS_s15_T1_test,12,44,13.466666666666667,-1.8520317077636719,-1.0754880072273316
UBFC_PHYS_s15_T1_test,12,45,13.5,-1.994703769683838,-1.142539662357523
UBFC_PHYS_s15_T1_test,12,46,13.533333333333333,-2.165280818939209,-1.0699070343164656
UBFC_PHYS_s15_T1_test,12,47,13.566666666666666,-2.2793915271759033,-0.8326813009064505
UBFC_PHYS_s15_T1_test,12,48,13.6,-2.356849193572998,-0.44317765283015836
UBFC_PHYS_s15_T1_test,12,49,13.633333333333333,-2.503615379333496,0.04605784257677373
UBFC_PHYS_s15_T1_test,12,50,13.666666666666666,-2.710767984390259,0.5524067609864919
UBFC_PHYS_s15_T1_test,12,51,13.7,-2.7059593200683594,0.9845074583094304
UBFC_PHYS_s15_T1_test,12,52,13.733333333333333,-2.186272144317627,1.2682132158990418
UBFC_PHYS_s15_T1_test,12,53,13.766666666666667,-1.199019193649292,1.3676899452845706
UBFC_PHYS_s15_T1_test,12,54,13.8,-0.13450145721435547,1.2928834222742247
UBFC_PHYS_s15_T1_test,12,55,13.833333333333334,0.7020266652107239,1.0900349762561026
UBFC_PHYS_s15_T1_test,12,56,13.866666666666667,1.2484021186828613,0.8202659056073637
UBFC_PHYS_s15_T1_test,12,57,13.9,1.5543321371078491,0.5368618201247477
UBFC_PHYS_s15_T1_test,12,58,13.933333333333334,1.7013107538223267,0.2706954267900721
UBFC_PHYS_s15_T1_test,12,59,13.966666666666667,1.7798305749893188,0.02752472696004699
UBFC_PHYS_s15_T1_test,12,60,14.0,1.8289393186569214,-0.20457487560221554
UBFC_PHYS_s15_T1_test,12,61,14.033333333333333,1.8155372142791748,-0.4421852398348514
UBFC_PHYS_s15_T1_test,12,62,14.066666666666666,1.7067950963974,-0.692676151040632
UBFC_PHYS_s15_T1_test,12,63,14.1,1.5238009691238403,-0.9436951396678592
UBFC_PHYS_s15_T1_test,12,64,14.133333333333333,1.3259949684143066,-1.1600453240503592
UBFC_PHYS_s15_T1_test,12,65,14.166666666666666,1.1415525674819946,-1.2906139332039603
UBFC_PHYS_s15_T1_test,12,66,14.2,0.9489220380783081,-1.2841818269640222
UBFC_PHYS_s15_T1_test,12,67,14.233333333333333,0.7375209331512451,-1.1086290982065257
UBFC_PHYS_s15_T1_test,12,68,14.266666666666667,0.5160199403762817,-0.7661299118674199
UBFC_PHYS_s15_T1_test,12,69,14.3,0.2729482650756836,-0.2983753425444291
UBFC_PHYS_s15_T1_test,12,70,14.333333333333334,0.05326259508728981,0.22026955373839915
UBFC_PHYS_s15_T1_test,12,71,14.366666666666667,0.0012571853585541248,0.6997273746834141
UBFC_PHYS_s15_T1_test,12,72,14.4,0.17811033129692078,1.0567647169992382
UBFC_PHYS_s15_T1_test,12,73,14.433333333333334,0.45298779010772705,1.236969672031745
UBFC_PHYS_s15_T1_test,12,74,14.466666666666667,0.6687532663345337,1.2288452849809575
UBFC_PHYS_s15_T1_test,12,75,14.5,0.7791754603385925,1.0639320665422014
UBFC_PHYS_s15_T1_test,12,76,14.533333333333333,0.7598061561584473,0.8018583700551368
UBFC_PHYS_s15_T1_test,12,77,14.566666666666666,0.5995801091194153,0.5062588915412217
UBFC_PHYS_s15_T1_test,12,78,14.6,0.39930230379104614,0.2226999021250756
UBFC_PHYS_s15_T1_test,12,79,14.633333333333333,0.3037305176258087,-0.031096132986068715
UBFC_PHYS_s15_T1_test,12,80,14.666666666666666,0.3284490406513214,-0.2599005001466693
UBFC_PHYS_s15_T1_test,12,81,14.7,0.38238558173179626,-0.47603424801286026
UBFC_PHYS_s15_T1_test,12,82,14.733333333333333,0.3897431790828705,-0.6836594404672833
UBFC_PHYS_s15_T1_test,12,83,14.766666666666667,0.3060092628002167,-0.8692963599880914
UBFC_PHYS_s15_T1_test,12,84,14.8,0.13767240941524506,-1.001627918585265
UBFC_PHYS_s15_T1_test,12,85,14.833333333333334,-0.021665362641215324,-1.0399602200633968
UBFC_PHYS_s15_T1_test,12,86,14.866666666666667,-0.10265707224607468,-0.9482591442578967
UBFC_PHYS_s15_T1_test,12,87,14.9,-0.1624835729598999,-0.7102470068820425
UBFC_PHYS_s15_T1_test,12,88,14.933333333333334,-0.26778826117515564,-0.34031981205714734
UBFC_PHYS_s15_T1_test,12,89,14.966666666666667,-0.33358195424079895,0.11425448479812794
UBFC_PHYS_s15_T1_test,12,90,15.0,-0.20193661749362946,0.581690370042934
UBFC_PHYS_s15_T1_test,12,91,15.033333333333333,0.13587646186351776,0.982504174322701
UBFC_PHYS_s15_T1_test,12,92,15.066666666666666,0.47424957156181335,1.2492671097658943
UBFC_PHYS_s15_T1_test,12,93,15.1,0.631791353225708,1.342573731114348
UBFC_PHYS_s15_T1_test,12,94,15.133333333333333,0.6050258874893188,1.258291769684097
UBFC_PHYS_s15_T1_test,12,95,15.166666666666666,0.487381249666214,1.0247160710624108
UBFC_PHYS_s15_T1_test,12,96,15.2,0.3432801365852356,0.6916737416582885
UBFC_PHYS_s15_T1_test,12,97,15.233333333333333,0.21808478236198425,0.3156805268338434
UBFC_PHYS_s15_T1_test,12,98,15.266666666666667,0.15051443874835968,-0.054319447951214545
UBFC_PHYS_s15_T1_test,12,99,15.3,0.12817123532295227,-0.3865973980227921
UBFC_PHYS_s15_T1_test,12,100,15.333333333333334,0.12114191800355911,-0.6686411924749963
UBFC_PHYS_s15_T1_test,12,101,15.366666666666667,0.1231502890586853,-0.9007942835622984
UBFC_PHYS_s15_T1_test,12,102,15.4,0.12440552562475204,-1.084572094194624
UBFC_PHYS_s15_T1_test,12,103,15.433333333333334,0.1222812831401825,-1.2117691939920006
UBFC_PHYS_s15_T1_test,12,104,15.466666666666667,0.1278236359357834,-1.260493152023783
UBFC_PHYS_s15_T1_test,12,105,15.5,0.12075568735599518,-1.20091808069111
UBFC_PHYS_s15_T1_test,12,106,15.533333333333333,0.044553183019161224,-1.0085154004382553
UBFC_PHYS_s15_T1_test,12,107,15.566666666666666,-0.1080835610628128,-0.6787097645711931
UBFC_PHYS_s15_T1_test,12,108,15.6,-0.24034684896469116,-0.2364011241590348
UBFC_PHYS_s15_T1_test,12,109,15.633333333333333,-0.20545127987861633,0.2639538825496787
UBFC_PHYS_s15_T1_test,12,110,15.666666666666666,0.036268625408411026,0.7486042636956491
UBFC_PHYS_s15_T1_test,12,111,15.7,0.3492473363876343,1.142325082756816
UBFC_PHYS_s15_T1_test,12,112,15.733333333333333,0.5694544315338135,1.3878264184113422
UBFC_PHYS_s15_T1_test,12,113,15.766666666666667,0.6462941765785217,1.4595526977859725
UBFC_PHYS_s15_T1_test,12,114,15.8,0.6112248301506042,1.3665054220041035
UBFC_PHYS_s15_T1_test,12,115,15.833333333333334,0.5109410881996155,1.1433178088670155
UBFC_PHYS_s15_T1_test,12,116,15.866666666666667,0.417648047208786,0.8343002661340169
UBFC_PHYS_s15_T1_test,12,117,15.9,0.38661473989486694,0.47846693729739787
UBFC_PHYS_s15_T1_test,12,118,15.933333333333334,0.38526296615600586,0.10243475259574797
UBFC_PHYS_s15_T1_test,12,119,15.966666666666667,0.3625721335411072,-0.2768831444868283
UBFC_PHYS_s15_T1_test,12,120,16.0,0.3290283679962158,-0.643761362176918
UBFC_PHYS_s15_T1_test,12,121,16.033333333333335,0.2928389310836792,-0.9760477576999176
UBFC_PHYS_s15_T1_test,12,122,16.066666666666666,0.2077532261610031,-1.2429734671358654
UBFC_PHYS_s15_T1_test,12,123,16.1,0.04022744670510292,-1.4087345294313505
UBFC_PHYS_s15_T1_test,12,124,16.133333333333333,-0.17652291059494019,-1.4398101911610361
UBFC_PHYS_s15_T1_test,12,125,16.166666666666668,-0.375835120677948,-1.3137575178355823
UBFC_PHYS_s15_T1_test,12,126,16.2,-0.5520896315574646,-1.0276062423700079
UBFC_PHYS_s15_T1_test,12,127,16.233333333333334,-0.7708869576454163,-0.6037925704729548
UBFC_PHYS_s15_T1_test,12,128,16.266666666666666,-1.016198754310608,-0.09091033766680462
UBFC_PHYS_s15_T1_test,12,129,16.3,-1.119958519935608,0.442929755276087
UBFC_PHYS_s15_T1_test,12,130,16.333333333333332,-0.9501540660858154,0.9235819838527719
UBFC_PHYS_s15_T1_test,12,131,16.366666666666667,-0.5596982836723328,1.2870831444467599
UBFC_PHYS_s15_T1_test,12,132,16.4,-0.13247376680374146,1.4926587901174753
UBFC_PHYS_s15_T1_test,12,133,16.433333333333334,0.19054682552814484,1.528047764144621
UBFC_PHYS_s15_T1_test,12,134,16.466666666666665,0.3959614336490631,1.406819413123508
UBFC_PHYS_s15_T1_test,12,135,16.5,0.506596028804779,1.1607357916059697
UBFC_PHYS_s15_T1_test,12,136,16.533333333333335,0.5219871401786804,0.830349517648159
UBFC_PHYS_s15_T1_test,12,137,16.566666666666666,0.49363812804222107,0.4557292288088592
UBFC_PHYS_s15_T1_test,12,138,16.6,0.4963996410369873,0.06902532860756393
UBFC_PHYS_s15_T1_test,12,139,16.633333333333333,0.532511830329895,-0.3089183167105308
UBFC_PHYS_s15_T1_test,12,140,16.666666666666668,0.5492740869522095,-0.6662690923597419
UBFC_PHYS_s15_T1_test,12,141,16.7,0.5317973494529724,-0.9928975489215685
UBFC_PHYS_s15_T1_test,12,142,16.733333333333334,0.5040469169616699,-1.2718359979216518
UBFC_PHYS_s15_T1_test,12,143,16.766666666666666,0.4495696723461151,-1.4747378180297557
UBFC_PHYS_s15_T1_test,12,144,16.8,0.3255523145198822,-1.5647452939869053
UBFC_PHYS_s15_T1_test,12,145,16.833333333333332,0.1559988558292389,-1.5063587963656557
UBFC_PHYS_s15_T1_test,12,146,16.866666666666667,-0.0012919100699946284,-1.2785871069992165
UBFC_PHYS_s15_T1_test,12,147,16.9,-0.1388465017080307,-0.8864019853524886
UBFC_PHYS_s15_T1_test,12,148,16.933333333333334,-0.2907301187515259,-0.36642464375834194
UBFC_PHYS_s15_T1_test,12,149,16.966666666666665,-0.4843454957008362,0.21548132864566882
UBFC_PHYS_s15_T1_test,12,150,17.0,-0.6929271221160889,0.7754254093894454
UBFC_PHYS_s15_T1_test,12,151,17.033333333333335,-0.7630658745765686,1.2299148702709295
UBFC_PHYS_s15_T1_test,12,152,17.066666666666666,-0.5320444703102112,1.5164484413635158
UBFC_PHYS_s15_T1_test,12,153,17.1,-0.0646330714225769,1.6087487263654354
UBFC_PHYS_s15_T1_test,12,154,17.133333333333333,0.38022270798683167,1.5200884996778665
UBFC_PHYS_s15_T1_test,12,155,17.166666666666668,0.6487274169921875,1.2931770039285442
UBFC_PHYS_s15_T1_test,12,156,17.2,0.7820141911506653,0.9818758011335561
UBFC_PHYS_s15_T1_test,12,157,17.233333333333334,0.8314126133918762,0.6338112329682862
UBFC_PHYS_s15_T1_test,12,158,17.266666666666666,0.8064237236976624,0.28077828979775
UBFC_PHYS_s15_T1_test,12,159,17.3,0.7716439962387085,-0.06167915181208187
UBFC_PHYS_s15_T1_test,12,160,17.333333333333332,0.7882517576217651,-0.3884705940167405
UBFC_PHYS_s15_T1_test,12,161,17.366666666666667,0.8268358111381531,-0.6970446276317215
UBFC_PHYS_s15_T1_test,12,162,17.4,0.8305628895759583,-0.9800784788622103
UBFC_PHYS_s15_T1_test,12,163,17.433333333333334,0.7876724004745483,-1.220132390138642
UBFC_PHYS_s15_T1_test,12,164,17.466666666666665,0.7076269388198853,-1.3879204806014265
UBFC_PHYS_s15_T1_test,12,165,17.5,0.5827792286872864,-1.4462205502108167
UBFC_PHYS_s15_T1_test,12,166,17.533333333333335,0.3984139859676361,-1.3598804587686317
UBFC_PHYS_s15_T1_test,12,167,17.566666666666666,0.19128066301345825,-1.109405150009145
UBFC_PHYS_s15_T1_test,12,168,17.6,0.032116688787937164,-0.703164868176531
UBFC_PHYS_s15_T1_test,12,169,17.633333333333333,-0.07676058262586594,-0.18296878052129942
UBFC_PHYS_s15_T1_test,12,170,17.666666666666668,-0.2282000184059143,0.3800257522206864
UBFC_PHYS_s15_T1_test,12,171,17.7,-0.48251092433929443,0.8987238205250508
UBFC_PHYS_s15_T1_test,12,172,17.733333333333334,-0.7430786490440369,1.2896057913804724
UBFC_PHYS_s15_T1_test,12,173,17.766666666666666,-0.7987918257713318,1.4931878234715197
UBFC_PHYS_s15_T1_test,12,174,17.8,-0.5550442337989807,1.4892925477828387
UBFC_PHYS_s15_T1_test,12,175,17.833333333333332,-0.1614793837070465,1.301464633617532
UBFC_PHYS_s15_T1_test,12,176,17.866666666666667,0.176101952791214,0.9875509519297723
UBFC_PHYS_s15_T1_test,12,177,17.9,0.37114638090133667,0.6188307588116011
UBFC_PHYS_s15_T1_test,12,178,17.933333333333334,0.43232467770576477,0.2563726096493798
UBFC_PHYS_s15_T1_test,12,179,17.966666666666665,0.3969656229019165,-0.06451191399839852
UBFC_PHYS_s15_T1_test,12,180,18.0,0.3278696835041046,-0.335704982722507
UBFC_PHYS_s15_T1_test,12,181,18.033333333333335,0.2918154299259186,-0.5656821815262506
UBFC_PHYS_s15_T1_test,12,182,18.066666666666666,0.3109915852546692,-0.764397216391241
UBFC_PHYS_s15_T1_test,12,183,18.1,0.3639625608921051,-0.9315408554493991
UBFC_PHYS_s15_T1_test,12,184,18.133333333333333,0.4123953878879547,-1.052401000914097
UBFC_PHYS_s15_T1_test,12,185,18.166666666666668,0.412163645029068,-1.1012004607954082
UBFC_PHYS_s15_T1_test,12,186,18.2,0.33401069045066833,-1.0495447449644413
UBFC_PHYS_s15_T1_test,12,187,18.233333333333334,0.20605382323265076,-0.877267040215662
UBFC_PHYS_s15_T1_test,12,188,18.266666666666666,0.08321446180343628,-0.5829529311195905
UBFC_PHYS_s15_T1_test,12,189,18.3,-0.022804729640483856,-0.19101288906101854
UBFC_PHYS_s15_T1_test,12,190,18.333333333333332,-0.14689932763576508,0.24815350645008635
UBFC_PHYS_s15_T1_test,12,191,18.366666666666667,-0.3222461938858032,0.6670313741482566
UBFC_PHYS_s15_T1_test,12,192,18.4,-0.4939239025115967,0.9974029110419975
UBFC_PHYS_s15_T1_test,12,193,18.433333333333334,-0.49015820026397705,1.1887930523381054
UBFC_PHYS_s15_T1_test,12,194,18.466666666666665,-0.22196246683597565,1.221750563079808
UBFC_PHYS_s15_T1_test,12,195,18.5,0.154936745762825,1.1106509035598207
UBFC_PHYS_s15_T1_test,12,196,18.533333333333335,0.41660523414611816,0.8953912468066038
UBFC_PHYS_s15_T1_test,12,197,18.566666666666666,0.5141660571098328,0.6260786839852587
UBFC_PHYS_s15_T1_test,12,198,18.6,0.5048580169677734,0.34701165532167516
UBFC_PHYS_s15_T1_test,12,199,18.633333333333333,0.43093425035476685,0.08556889528656518
UBFC_PHYS_s15_T1_test,12,200,18.666666666666668,0.3312491774559021,-0.1508590610480717
UBFC_PHYS_s15_T1_test,12,201,18.7,0.26506924629211426,-0.3697169040500059
UBFC_PHYS_s15_T1_test,12,202,18.733333333333334,0.25670742988586426,-0.5822573564501242
UBFC_PHYS_s15_T1_test,12,203,18.766666666666666,0.272098571062088,-0.7909386921216641
UBFC_PHYS_s15_T1_test,12,204,18.8,0.2818121612071991,-0.9806404977273058
UBFC_PHYS_s15_T1_test,12,205,18.833333333333332,0.25863856077194214,-1.118150639749775
UBFC_PHYS_s15_T1_test,12,206,18.866666666666667,0.15820035338401794,-1.1609483518979897
UBFC_PHYS_s15_T1_test,12,207,18.9,0.000252996280323714,-1.07213779548887
UBFC_PHYS_s15_T1_test,12,208,18.933333333333334,-0.1320682317018509,-0.8358042772138373
UBFC_PHYS_s15_T1_test,12,209,18.966666666666665,-0.2178877741098404,-0.4671469815618174
UBFC_PHYS_s15_T1_test,12,210,19.0,-0.3125905394554138,-0.014018299828786732
UBFC_PHYS_s15_T1_test,12,211,19.033333333333335,-0.4502030611038208,0.4508160758396786
UBFC_PHYS_s15_T1_test,12,212,19.066666666666666,-0.5674228072166443,0.845503653473667
UBFC_PHYS_s15_T1_test,12,213,19.1,-0.5247448086738586,1.0998645239592668
UBFC_PHYS_s15_T1_test,12,214,19.133333333333333,-0.25805532932281494,1.1752014476248298
UBFC_PHYS_s15_T1_test,12,215,19.166666666666668,0.08821609616279602,1.0754997430575683
UBFC_PHYS_s15_T1_test,12,216,19.2,0.3107791543006897,0.8439893407195677
UBFC_PHYS_s15_T1_test,12,217,19.233333333333334,0.3620893657207489,0.5451140956664824
UBFC_PHYS_s15_T1_test,12,218,19.266666666666666,0.31867748498916626,0.24010407537663578
UBFC_PHYS_s15_T1_test,12,219,19.3,0.26153528690338135,-0.031819191241469674
UBFC_PHYS_s15_T1_test,12,220,19.333333333333332,0.23990657925605774,-0.2589248110081909
UBFC_PHYS_s15_T1_test,12,221,19.366666666666667,0.270495742559433,-0.449636132460599
UBFC_PHYS_s15_T1_test,12,222,19.4,0.3510432839393616,-0.6183833750427729
UBFC_PHYS_s15_T1_test,12,223,19.433333333333334,0.4736122786998749,-0.771698990769653
UBFC_PHYS_s15_T1_test,12,224,19.466666666666665,0.6035196185112,-0.8996834667330831
UBFC_PHYS_s15_T1_test,12,225,19.5,0.6815567016601562,-0.9752285305486514
UBFC_PHYS_s15_T1_test,12,226,19.533333333333335,0.6554091572761536,-0.9611789307822459
UBFC_PHYS_s15_T1_test,12,227,19.566666666666666,0.5198628902435303,-0.8235513790799657
UBFC_PHYS_s15_T1_test,12,228,19.6,0.327985554933548,-0.5465699083926702
UBFC_PHYS_s15_T1_test,12,229,19.633333333333333,0.14273197948932648,-0.1438373016002071
UBFC_PHYS_s15_T1_test,12,230,19.666666666666668,-0.04947367683053017,0.3391532873304279
UBFC_PHYS_s15_T1_test,12,231,19.7,-0.2952682673931122,0.8328455191440021
UBFC_PHYS_s15_T1_test,12,232,19.733333333333334,-0.5386489629745483,1.2594513987774159
UBFC_PHYS_s15_T1_test,12,233,19.766666666666666,-0.6066441535949707,1.5514639893089197
UBFC_PHYS_s15_T1_test,12,234,19.8,-0.4045897126197815,1.666865525189331
UBFC_PHYS_s15_T1_test,12,235,19.833333333333332,-0.07525429874658585,1.5963954515504242
UBFC_PHYS_s15_T1_test,12,236,19.866666666666667,0.1712934374809265,1.3608226751516073
UBFC_PHYS_s15_T1_test,12,237,19.9,0.27868372201919556,0.9998774256144138
UBFC_PHYS_s15_T1_test,12,238,19.933333333333334,0.30801764130592346,0.5584775943493463
UBFC_PHYS_s15_T1_test,12,239,19.966666666666665,0.2937658727169037,0.07733165291858175
UBFC_PHYS_s15_T1_test,13,0,13.0,-1.5051616430282593,-0.06224129334616722
UBFC_PHYS_s15_T1_test,13,1,13.033333333333333,-1.5547531843185425,0.6523381851117276
UBFC_PHYS_s15_T1_test,13,2,13.066666666666666,-1.347754955291748,1.2440678530957574
UBFC_PHYS_s15_T1_test,13,3,13.1,-1.0644577741622925,1.6222553185949327
UBFC_PHYS_s15_T1_test,13,4,13.133333333333333,-0.9350525736808777,1.7490322799812574
UBFC_PHYS_s15_T1_test,13,5,13.166666666666666,-1.0280752182006836,1.6435988497549907
UBFC_PHYS_s15_T1_test,13,6,13.2,-1.350825548171997,1.3675049061198292
UBFC_PHYS_s15_T1_test,13,7,13.233333333333333,-1.8720382452011108,0.9981786217116815
UBFC_PHYS_s15_T1_test,13,8,13.266666666666667,-2.3748667240142822,0.6026787221610235
UBFC_PHYS_s15_T1_test,13,9,13.3,-2.598839521408081,0.2220548844827625
UBFC_PHYS_s15_T1_test,13,10,13.333333333333334,-2.5204546451568604,-0.1294960268941315
UBFC_PHYS_s15_T1_test,13,11,13.366666666666667,-2.2748725414276123,-0.4535725286517163
UBFC_PHYS_s15_T1_test,13,12,13.4,-2.0066962242126465,-0.7519528234008047
UBFC_PHYS_s15_T1_test,13,13,13.433333333333334,-1.8428974151611328,-1.0142027736739496
UBFC_PHYS_s15_T1_test,13,14,13.466666666666667,-1.8520317077636719,-1.2134624190452907
UBFC_PHYS_s15_T1_test,13,15,13.5,-1.994703769683838,-1.3114312421473553
UBFC_PHYS_s15_T1_test,13,16,13.533333333333333,-2.165280818939209,-1.270458856178067
UBFC_PHYS_s15_T1_test,13,17,13.566666666666666,-2.2793915271759033,-1.0686683366575753
UBFC_PHYS_s15_T1_test,13,18,13.6,-2.356849193572998,-0.7128996781458184
UBFC_PHYS_s15_T1_test,13,19,13.633333333333333,-2.503615379333496,-0.24426255670149644
UBFC_PHYS_s15_T1_test,13,20,13.666666666666666,-2.710767984390259,0.26719926503250385
UBFC_PHYS_s15_T1_test,13,21,13.7,-2.7059593200683594,0.7385793948027908
UBFC_PHYS_s15_T1_test,13,22,13.733333333333333,-2.186272144317627,1.0960518222172528
UBFC_PHYS_s15_T1_test,13,23,13.766666666666667,-1.199019193649292,1.2944120538412671
UBFC_PHYS_s15_T1_test,13,24,13.8,-0.13450145721435547,1.3261798924189887
UBFC_PHYS_s15_T1_test,13,25,13.833333333333334,0.7020266652107239,1.2167750586112132
UBFC_PHYS_s15_T1_test,13,26,13.866666666666667,1.2484021186828613,1.0092020834993698
UBFC_PHYS_s15_T1_test,13,27,13.9,1.5543321371078491,0.7464275514928786
UBFC_PHYS_s15_T1_test,13,28,13.933333333333334,1.7013107538223267,0.45904631020025594
UBFC_PHYS_s15_T1_test,13,29,13.966666666666667,1.7798305749893188,0.1616820840609551
UBFC_PHYS_s15_T1_test,13,30,14.0,1.8289393186569214,-0.14258854114816052
UBFC_PHYS_s15_T1_test,13,31,14.033333333333333,1.8155372142791748,-0.45298902124071067
UBFC_PHYS_s15_T1_test,13,32,14.066666666666666,1.7067950963974,-0.7609902762379438
UBFC_PHYS_s15_T1_test,13,33,14.1,1.5238009691238403,-1.043349628317276
UBFC_PHYS_s15_T1_test,13,34,14.133333333333333,1.3259949684143066,-1.2615237435811741
UBFC_PHYS_s15_T1_test,13,35,14.166666666666666,1.1415525674819946,-1.3690246912258266
UBFC_PHYS_s15_T1_test,13,36,14.2,0.9489220380783081,-1.325197814527192
UBFC_PHYS_s15_T1_test,13,37,14.233333333333333,0.7375209331512451,-1.1108119860095338
UBFC_PHYS_s15_T1_test,13,38,14.266666666666667,0.5160199403762817,-0.7395145358029688
UBFC_PHYS_s15_T1_test,13,39,14.3,0.2729482650756836,-0.26023723500724877
UBFC_PHYS_s15_T1_test,13,40,14.333333333333334,0.05326259508728981,0.2513780759973473
UBFC_PHYS_s15_T1_test,13,41,14.366666666666667,0.0012571853585541248,0.7106463320165584
UBFC_PHYS_s15_T1_test,13,42,14.4,0.17811033129692078,1.0453598651847604
UBFC_PHYS_s15_T1_test,13,43,14.433333333333334,0.45298779010772705,1.2140410954240937
UBFC_PHYS_s15_T1_test,13,44,14.466666666666667,0.6687532663345337,1.214209151555894
UBFC_PHYS_s15_T1_test,13,45,14.5,0.7791754603385925,1.0773140730969435
UBFC_PHYS_s15_T1_test,13,46,14.533333333333333,0.7598061561584473,0.8526564540969351
UBFC_PHYS_s15_T1_test,13,47,14.566666666666666,0.5995801091194153,0.5876940624896214
UBFC_PHYS_s15_T1_test,13,48,14.6,0.39930230379104614,0.31361681946435016
UBFC_PHYS_s15_T1_test,13,49,14.633333333333333,0.3037305176258087,0.041970896441617674
UBFC_PHYS_s15_T1_test,13,50,14.666666666666666,0.3284490406513214,-0.22796556462861803
UBFC_PHYS_s15_T1_test,13,51,14.7,0.38238558173179626,-0.49654658642716465
UBFC_PHYS_s15_T1_test,13,52,14.733333333333333,0.3897431790828705,-0.752666810771212
UBFC_PHYS_s15_T1_test,13,53,14.766666666666667,0.3060092628002167,-0.9690758560263836
UBFC_PHYS_s15_T1_test,13,54,14.8,0.13767240941524506,-1.1059432178628443
UBFC_PHYS_s15_T1_test,13,55,14.833333333333334,-0.021665362641215324,-1.1216418134310167
UBFC_PHYS_s15_T1_test,13,56,14.866666666666667,-0.10265707224607468,-0.9873915811621378
UBFC_PHYS_s15_T1_test,13,57,14.9,-0.1624835729598999,-0.7008149509191013
UBFC_PHYS_s15_T1_test,13,58,14.933333333333334,-0.26778826117515564,-0.29299379226489497
UBFC_PHYS_s15_T1_test,13,59,14.966666666666667,-0.33358195424079895,0.17489912568753685
UBFC_PHYS_s15_T1_test,13,60,15.0,-0.20193661749362946,0.6256309926250964
UBFC_PHYS_s15_T1_test,13,61,15.033333333333333,0.13587646186351776,0.9861541938637105
UBFC_PHYS_s15_T1_test,13,62,15.066666666666666,0.47424957156181335,1.206233755171746
UBFC_PHYS_s15_T1_test,13,63,15.1,0.631791353225708,1.2680575427988074
UBFC_PHYS_s15_T1_test,13,64,15.133333333333333,0.6050258874893188,1.1841381425588917
UBFC_PHYS_s15_T1_test,13,65,15.166666666666666,0.487381249666214,0.9865805738196889
UBFC_PHYS_s15_T1_test,13,66,15.2,0.3432801365852356,0.7138494083069608
UBFC_PHYS_s15_T1_test,13,67,15.233333333333333,0.21808478236198425,0.4005147933469702
UBFC_PHYS_s15_T1_test,13,68,15.266666666666667,0.15051443874835968,0.07244234390206569
UBFC_PHYS_s15_T1_test,13,69,15.3,0.12817123532295227,-0.2530044101270614
UBFC_PHYS_s15_T1_test,13,70,15.333333333333334,0.12114191800355911,-0.5633167427112303
UBFC_PHYS_s15_T1_test,13,71,15.366666666666667,0.1231502890586853,-0.8454067206165394
UBFC_PHYS_s15_T1_test,13,72,15.4,0.12440552562475204,-1.0804020500154592
UBFC_PHYS_s15_T1_test,13,73,15.433333333333334,0.1222812831401825,-1.2412623989098976
UBFC_PHYS_s15_T1_test,13,74,15.466666666666667,0.1278236359357834,-1.295671427421681
UBFC_PHYS_s15_T1_test,13,75,15.5,0.12075568735599518,-1.214912595496879
UBFC_PHYS_s15_T1_test,13,76,15.533333333333333,0.044553183019161224,-0.9862562776183651
UBFC_PHYS_s15_T1_test,13,77,15.566666666666666,-0.1080835610628128,-0.6236441915580837
UBFC_PHYS_s15_T1_test,13,78,15.6,-0.24034684896469116,-0.17113029680312322
UBFC_PHYS_s15_T1_test,13,79,15.633333333333333,-0.20545127987861633,0.304006615515719
UBFC_PHYS_s15_T1_test,13,80,15.666666666666666,0.036268625408411026,0.7273373785823919
UBFC_PHYS_s15_T1_test,13,81,15.7,0.3492473363876343,1.037154709789694
UBFC_PHYS_s15_T1_test,13,82,15.733333333333333,0.5694544315338135,1.2004306121040111
UBFC_PHYS_s15_T1_test,13,83,15.766666666666667,0.6462941765785217,1.2182459103935113
UBFC_PHYS_s15_T1_test,13,84,15.8,0.6112248301506042,1.1186073254833537
UBFC_PHYS_s15_T1_test,13,85,15.833333333333334,0.5109410881996155,0.9403936402426597
UBFC_PHYS_s15_T1_test,13,86,15.866666666666667,0.417648047208786,0.7163106160608479
UBFC_PHYS_s15_T1_test,13,87,15.9,0.38661473989486694,0.4629346475556012
UBFC_PHYS_s15_T1_test,13,88,15.933333333333334,0.38526296615600586,0.18190791183694288
UBFC_PHYS_s15_T1_test,13,89,15.966666666666667,0.3625721335411072,-0.12956477883301204
UBFC_PHYS_s15_T1_test,13,90,16.0,0.3290283679962158,-0.4653052808277067
UBFC_PHYS_s15_T1_test,13,91,16.033333333333335,0.2928389310836792,-0.8011136528113447
UBFC_PHYS_s15_T1_test,13,92,16.066666666666666,0.2077532261610031,-1.0944339014564175
UBFC_PHYS_s15_T1_test,13,93,16.1,0.04022744670510292,-1.2927034490166436
UBFC_PHYS_s15_T1_test,13,94,16.133333333333333,-0.17652291059494019,-1.3471716180882705
UBFC_PHYS_s15_T1_test,13,95,16.166666666666668,-0.375835120677948,-1.2277416381399688
UBFC_PHYS_s15_T1_test,13,96,16.2,-0.5520896315574646,-0.9345393560346055
UBFC_PHYS_s15_T1_test,13,97,16.233333333333334,-0.7708869576454163,-0.502596489162414
UBFC_PHYS_s15_T1_test,13,98,16.266666666666666,-1.016198754310608,0.002923718376508876
UBFC_PHYS_s15_T1_test,13,99,16.3,-1.119958519935608,0.5011487510941677
UBFC_PHYS_s15_T1_test,13,100,16.333333333333332,-0.9501540660858154,0.9157809213165036
UBFC_PHYS_s15_T1_test,13,101,16.366666666666667,-0.5596982836723328,1.1940290429838034
UBFC_PHYS_s15_T1_test,13,102,16.4,-0.13247376680374146,1.316735580918738
UBFC_PHYS_s15_T1_test,13,103,16.433333333333334,0.19054682552814484,1.2961042339719384
UBFC_PHYS_s15_T1_test,13,104,16.466666666666665,0.3959614336490631,1.1636677966887214
UBFC_PHYS_s15_T1_test,13,105,16.5,0.506596028804779,0.9554575403634725
UBFC_PHYS_s15_T1_test,13,106,16.533333333333335,0.5219871401786804,0.7007900331481413
UBFC_PHYS_s15_T1_test,13,107,16.566666666666666,0.49363812804222107,0.41747157896306375
UBFC_PHYS_s15_T1_test,13,108,16.6,0.4963996410369873,0.1129718555411294
UBFC_PHYS_s15_T1_test,13,109,16.633333333333333,0.532511830329895,-0.21031573672957687
UBFC_PHYS_s15_T1_test,13,110,16.666666666666668,0.5492740869522095,-0.5476667967531615
UBFC_PHYS_s15_T1_test,13,111,16.7,0.5317973494529724,-0.8844981070825123
UBFC_PHYS_s15_T1_test,13,112,16.733333333333334,0.5040469169616699,-1.1915495720918265
UBFC_PHYS_s15_T1_test,13,113,16.766666666666666,0.4495696723461151,-1.4257974824416457
UBFC_PHYS_s15_T1_test,13,114,16.8,0.3255523145198822,-1.5383641644845143
UBFC_PHYS_s15_T1_test,13,115,16.833333333333332,0.1559988558292389,-1.4877360341283148
UBFC_PHYS_s15_T1_test,13,116,16.866666666666667,-0.0012919100699946284,-1.2541434695012295
UBFC_PHYS_s15_T1_test,13,117,16.9,-0.1388465017080307,-0.8501054169313265
UBFC_PHYS_s15_T1_test,13,118,16.933333333333334,-0.2907301187515259,-0.3231264783782182
UBFC_PHYS_s15_T1_test,13,119,16.966666666666665,-0.4843454957008362,0.2513306552438774
UBFC_PHYS_s15_T1_test,13,120,17.0,-0.6929271221160889,0.7858768855548587
UBFC_PHYS_s15_T1_test,13,121,17.033333333333335,-0.7630658745765686,1.2023689300747058
UBFC_PHYS_s15_T1_test,13,122,17.066666666666666,-0.5320444703102112,1.4512599312722383
UBFC_PHYS_s15_T1_test,13,123,17.1,-0.0646330714225769,1.5215121759402963
UBFC_PHYS_s15_T1_test,13,124,17.133333333333333,0.38022270798683167,1.4369587486189324
UBFC_PHYS_s15_T1_test,13,125,17.166666666666668,0.6487274169921875,1.24126667411923
UBFC_PHYS_s15_T1_test,13,126,17.2,0.7820141911506653,0.9792185335178184
UBFC_PHYS_s15_T1_test,13,127,17.233333333333334,0.8314126133918762,0.6831894425915899
UBFC_PHYS_s15_T1_test,13,128,17.266666666666666,0.8064237236976624,0.3694498933921536
UBFC_PHYS_s15_T1_test,13,129,17.3,0.7716439962387085,0.04297046783444024
UBFC_PHYS_s15_T1_test,13,130,17.333333333333332,0.7882517576217651,-0.29391063539502615
UBFC_PHYS_s15_T1_test,13,131,17.366666666666667,0.8268358111381531,-0.6334709287159653
UBFC_PHYS_s15_T1_test,13,132,17.4,0.8305628895759583,-0.9577840320012829
UBFC_PHYS_s15_T1_test,13,133,17.433333333333334,0.7876724004745483,-1.2377874488966278
UBFC_PHYS_s15_T1_test,13,134,17.466666666666665,0.7076269388198853,-1.4362281801952765
UBFC_PHYS_s15_T1_test,13,135,17.5,0.5827792286872864,-1.5142865054839239
UBFC_PHYS_s15_T1_test,13,136,17.533333333333335,0.3984139859676361,-1.4409782729063607
UBFC_PHYS_s15_T1_test,13,137,17.566666666666666,0.19128066301345825,-1.203295990356614
UBFC_PHYS_s15_T1_test,13,138,17.6,0.032116688787937164,-0.8141525456682495
UBFC_PHYS_s15_T1_test,13,139,17.633333333333333,-0.07676058262586594,-0.31507470341976285
UBFC_PHYS_s15_T1_test,13,140,17.666666666666668,-0.2282000184059143,0.2284423569119831
UBFC_PHYS_s15_T1_test,13,141,17.7,-0.48251092433929443,0.7389558209476822
UBFC_PHYS_s15_T1_test,13,142,17.733333333333334,-0.7430786490440369,1.1438561656360018
UBFC_PHYS_s15_T1_test,13,143,17.766666666666666,-0.7987918257713318,1.3920890874164065
UBFC_PHYS_s15_T1_test,13,144,17.8,-0.5550442337989807,1.4653220913189833
UBFC_PHYS_s15_T1_test,13,145,17.833333333333332,-0.1614793837070465,1.3794177357459734
UBFC_PHYS_s15_T1_test,13,146,17.866666666666667,0.176101952791214,1.1752942817139236
UBFC_PHYS_s15_T1_test,13,147,17.9,0.37114638090133667,0.9024863353336582
UBFC_PHYS_s15_T1_test,13,148,17.933333333333334,0.43232467770576477,0.6022694455186919
UBFC_PHYS_s15_T1_test,13,149,17.966666666666665,0.3969656229019165,0.2977093893697362
UBFC_PHYS_s15_T1_test,13,150,18.0,0.3278696835041046,-0.0055669786781152465
UBFC_PHYS_s15_T1_test,13,151,18.033333333333335,0.2918154299259186,-0.3096737130150233
UBFC_PHYS_s15_T1_test,13,152,18.066666666666666,0.3109915852546692,-0.6119380600595791
UBFC_PHYS_s15_T1_test,13,153,18.1,0.3639625608921051,-0.8962663196477778
UBFC_PHYS_s15_T1_test,13,154,18.133333333333333,0.4123953878879547,-1.1320000651469335
UBFC_PHYS_s15_T1_test,13,155,18.166666666666668,0.412163645029068,-1.2797867130443692
UBFC_PHYS_s15_T1_test,13,156,18.2,0.33401069045066833,-1.3017670630890241
UBFC_PHYS_s15_T1_test,13,157,18.233333333333334,0.20605382323265076,-1.1730310330288496
UBFC_PHYS_s15_T1_test,13,158,18.266666666666666,0.08321446180343628,-0.8915106292970363
UBFC_PHYS_s15_T1_test,13,159,18.3,-0.022804729640483856,-0.48359954001933003
UBFC_PHYS_s15_T1_test,13,160,18.333333333333332,-0.14689932763576508,-0.0030143688459282002
UBFC_PHYS_s15_T1_test,13,161,18.366666666666667,-0.3222461938858032,0.4784144309619134
UBFC_PHYS_s15_T1_test,13,162,18.4,-0.4939239025115967,0.8867205244495429
UBFC_PHYS_s15_T1_test,13,163,18.433333333333334,-0.49015820026397705,1.1639625301695287
UBFC_PHYS_s15_T1_test,13,164,18.466666666666665,-0.22196246683597565,1.281845335365776
UBFC_PHYS_s15_T1_test,13,165,18.5,0.154936745762825,1.2452544544097786
UBFC_PHYS_s15_T1_test,13,166,18.533333333333335,0.41660523414611816,1.0848988536424453
UBFC_PHYS_s15_T1_test,13,167,18.566666666666666,0.5141660571098328,0.8433049505710286
UBFC_PHYS_s15_T1_test,13,168,18.6,0.5048580169677734,0.5603788845998238
UBFC_PHYS_s15_T1_test,13,169,18.633333333333333,0.43093425035476685,0.2635951376163992
UBFC_PHYS_s15_T1_test,13,170,18.666666666666668,0.3312491774559021,-0.03469347132885705
UBFC_PHYS_s15_T1_test,13,171,18.7,0.26506924629211426,-0.33290066966844406
UBFC_PHYS_s15_T1_test,13,172,18.733333333333334,0.25670742988586426,-0.6308630551193616
UBFC_PHYS_s15_T1_test,13,173,18.766666666666666,0.272098571062088,-0.9191781088360075
UBFC_PHYS_s15_T1_test,13,174,18.8,0.2818121612071991,-1.1720658437165632
UBFC_PHYS_s15_T1_test,13,175,18.833333333333332,0.25863856077194214,-1.3480333223582819
UBFC_PHYS_s15_T1_test,13,176,18.866666666666667,0.15820035338401794,-1.3995567957946218
UBFC_PHYS_s15_T1_test,13,177,18.9,0.000252996280323714,-1.2888523965216738
UBFC_PHYS_s15_T1_test,13,178,18.933333333333334,-0.1320682317018509,-1.0038345822928394
UBFC_PHYS_s15_T1_test,13,179,18.966666666666665,-0.2178877741098404,-0.567957645049846
UBFC_PHYS_s15_T1_test,13,180,19.0,-0.3125905394554138,-0.03985695286833982
UBFC_PHYS_s15_T1_test,13,181,19.033333333333335,-0.4502030611038208,0.4977944018212317
UBFC_PHYS_s15_T1_test,13,182,19.066666666666666,-0.5674228072166443,0.9575188559924674
UBFC_PHYS_s15_T1_test,13,183,19.1,-0.5247448086738586,1.2690678509743138
UBFC_PHYS_s15_T1_test,13,184,19.133333333333333,-0.25805532932281494,1.3973453722518547
UBFC_PHYS_s15_T1_test,13,185,19.166666666666668,0.08821609616279602,1.3496493574779078
UBFC_PHYS_s15_T1_test,13,186,19.2,0.3107791543006897,1.1687837828606753
UBFC_PHYS_s15_T1_test,13,187,19.233333333333334,0.3620893657207489,0.9141765122751222
UBFC_PHYS_s15_T1_test,13,188,19.266666666666666,0.31867748498916626,0.6390215209458967
UBFC_PHYS_s15_T1_test,13,189,19.3,0.26153528690338135,0.3736970848033599
UBFC_PHYS_s15_T1_test,13,190,19.333333333333332,0.23990657925605774,0.12210288188072532
UBFC_PHYS_s15_T1_test,13,191,19.366666666666667,0.270495742559433,-0.12928413089277266
UBFC_PHYS_s15_T1_test,13,192,19.4,0.3510432839393616,-0.39549934225353256
UBFC_PHYS_s15_T1_test,13,193,19.433333333333334,0.4736122786998749,-0.6780396343251189
UBFC_PHYS_s15_T1_test,13,194,19.466666666666665,0.6035196185112,-0.9563930675675839
UBFC_PHYS_s15_T1_test,13,195,19.5,0.6815567016601562,-1.1884797533109182
UBFC_PHYS_s15_T1_test,13,196,19.533333333333335,0.6554091572761536,-1.3198221198645772
UBFC_PHYS_s15_T1_test,13,197,19.566666666666666,0.5198628902435303,-1.2993508472042548
UBFC_PHYS_s15_T1_test,13,198,19.6,0.327985554933548,-1.0975600518157893
UBFC_PHYS_s15_T1_test,13,199,19.633333333333333,0.14273197948932648,-0.7209723860657467
UBFC_PHYS_s15_T1_test,13,200,19.666666666666668,-0.04947367683053017,-0.21698106484550014
UBFC_PHYS_s15_T1_test,13,201,19.7,-0.2952682673931122,0.33412076424102344
UBFC_PHYS_s15_T1_test,13,202,19.733333333333334,-0.5386489629745483,0.8383313036464198
UBFC_PHYS_s15_T1_test,13,203,19.766666666666666,-0.6066441535949707,1.2122209686962435
UBFC_PHYS_s15_T1_test,13,204,19.8,-0.4045897126197815,1.404155061656706
UBFC_PHYS_s15_T1_test,13,205,19.833333333333332,-0.07525429874658585,1.4053789408336432
UBFC_PHYS_s15_T1_test,13,206,19.866666666666667,0.1712934374809265,1.247384148907535
UBFC_PHYS_s15_T1_test,13,207,19.9,0.27868372201919556,0.9868125223653526
UBFC_PHYS_s15_T1_test,13,208,19.933333333333334,0.30801764130592346,0.6838037079101151
UBFC_PHYS_s15_T1_test,13,209,19.966666666666665,0.2937658727169037,0.38224495531239305
UBFC_PHYS_s15_T1_test,13,210,20.0,0.24357573688030243,0.0995299616533124
UBFC_PHYS_s15_T1_test,13,211,20.033333333333335,0.18697422742843628,-0.17064318418988372
UBFC_PHYS_s15_T1_test,13,212,20.066666666666666,0.14394859969615936,-0.44458255207128194
UBFC_PHYS_s15_T1_test,13,213,20.1,0.11710584908723831,-0.7308253906984542
UBFC_PHYS_s15_T1_test,13,214,20.133333333333333,0.11559956520795822,-1.016539623042308
UBFC_PHYS_s15_T1_test,13,215,20.166666666666668,0.13572196662425995,-1.2642374532781693
UBFC_PHYS_s15_T1_test,13,216,20.2,0.13257421553134918,-1.420378562372711
UBFC_PHYS_s15_T1_test,13,217,20.233333333333334,0.06249340996146202,-1.4325755227695838
UBFC_PHYS_s15_T1_test,13,218,20.266666666666666,-0.043931324034929276,-1.2689380741009706
UBFC_PHYS_s15_T1_test,13,219,20.3,-0.11509357392787933,-0.9325247810846595
UBFC_PHYS_s15_T1_test,13,220,20.333333333333332,-0.15365830063819885,-0.46574865148487193
UBFC_PHYS_s15_T1_test,13,221,20.366666666666667,-0.22885660827159882,0.05706430352516808
UBFC_PHYS_s15_T1_test,13,222,20.4,-0.3668167293071747,0.5470930467750242
UBFC_PHYS_s15_T1_test,13,223,20.433333333333334,-0.4814874231815338,0.9233463131149537
UBFC_PHYS_s15_T1_test,13,224,20.466666666666665,-0.4279177784919739,1.132856805220969
UBFC_PHYS_s15_T1_test,13,225,20.5,-0.17210061848163605,1.1619878283365517
UBFC_PHYS_s15_T1_test,13,226,20.533333333333335,0.1088792234659195,1.0351191231057448
UBFC_PHYS_s15_T1_test,13,227,20.566666666666666,0.23113924264907837,0.8019492134063158
UBFC_PHYS_s15_T1_test,13,228,20.6,0.2226615697145462,0.5194583308439329
UBFC_PHYS_s15_T1_test,13,229,20.633333333333333,0.1941194236278534,0.23624828823632846
UBFC_PHYS_s15_T1_test,13,230,20.666666666666668,0.16913056373596191,-0.015710197406973474
UBFC_PHYS_s15_T1_test,13,231,20.7,0.13025686144828796,-0.22138104264420633
UBFC_PHYS_s15_T1_test,13,232,20.733333333333334,0.1010967567563057,-0.37753705992388537
UBFC_PHYS_s15_T1_test,13,233,20.766666666666666,0.11036619544029236,-0.4857045598782653
UBFC_PHYS_s15_T1_test,13,234,20.8,0.14085878431797028,-0.5463707454510999
UBFC_PHYS_s15_T1_test,13,235,20.833333333333332,0.16439929604530334,-0.5566261724176027
UBFC_PHYS_s15_T1_test,13,236,20.866666666666667,0.17335975170135498,-0.5119318991893147
UBFC_PHYS_s15_T1_test,13,237,20.9,0.14752118289470673,-0.4108400710599736
UBFC_PHYS_s15_T1_test,13,238,20.933333333333334,0.05670000985264778,-0.25978416263213744
UBFC_PHYS_s15_T1_test,13,239,20.966666666666665,-0.06424684077501297,-0.07487647957243973
UBFC_PHYS_s15_T1_test,14,0,14.0,1.8289393186569214,0.019945523668818823
UBFC_PHYS_s15_T1_test,14,1,14.033333333333333,1.8155372142791748,0.14973826864161466
UBFC_PHYS_s15_T1_test,14,2,14.066666666666666,1.7067950963974,0.2154059678726586
UBFC_PHYS_s15_T1_test,14,3,14.1,1.5238009691238403,0.1800431644672739
UBFC_PHYS_s15_T1_test,14,4,14.133333333333333,1.3259949684143066,0.051190889228997595
UBFC_PHYS_s15_T1_test,14,5,14.166666666666666,1.1415525674819946,-0.12119304560616603
UBFC_PHYS_s15_T1_test,14,6,14.2,0.9489220380783081,-0.26416167515712324
UBFC_PHYS_s15_T1_test,14,7,14.233333333333333,0.7375209331512451,-0.3091830706912804
UBFC_PHYS_s15_T1_test,14,8,14.266666666666667,0.5160199403762817,-0.21608223294430398
UBFC_PHYS_s15_T1_test,14,9,14.3,0.2729482650756836,0.014115292280499066
UBFC_PHYS_s15_T1_test,14,10,14.333333333333334,0.05326259508728981,0.33941889549482934
UBFC_PHYS_s15_T1_test,14,11,14.366666666666667,0.0012571853585541248,0.6881015726128676
UBFC_PHYS_s15_T1_test,14,12,14.4,0.17811033129692078,0.977466138511314
UBFC_PHYS_s15_T1_test,14,13,14.433333333333334,0.45298779010772705,1.1360763740933582
UBFC_PHYS_s15_T1_test,14,14,14.466666666666667,0.6687532663345337,1.1237620139097768
UBFC_PHYS_s15_T1_test,14,15,14.5,0.7791754603385925,0.9425693344449712
UBFC_PHYS_s15_T1_test,14,16,14.533333333333333,0.7598061561584473,0.6336770177895227
UBFC_PHYS_s15_T1_test,14,17,14.566666666666666,0.5995801091194153,0.26081777417593766
UBFC_PHYS_s15_T1_test,14,18,14.6,0.39930230379104614,-0.1122875916153653
UBFC_PHYS_s15_T1_test,14,19,14.633333333333333,0.3037305176258087,-0.4396651771776096
UBFC_PHYS_s15_T1_test,14,20,14.666666666666666,0.3284490406513214,-0.698716340830493
UBFC_PHYS_s15_T1_test,14,21,14.7,0.38238558173179626,-0.8839850314062361
UBFC_PHYS_s15_T1_test,14,22,14.733333333333333,0.3897431790828705,-0.9955008956867882
UBFC_PHYS_s15_T1_test,14,23,14.766666666666667,0.3060092628002167,-1.029742578452378
UBFC_PHYS_s15_T1_test,14,24,14.8,0.13767240941524506,-0.9781114942708893
UBFC_PHYS_s15_T1_test,14,25,14.833333333333334,-0.021665362641215324,-0.8326773988840092
UBFC_PHYS_s15_T1_test,14,26,14.866666666666667,-0.10265707224607468,-0.5951646722919289
UBFC_PHYS_s15_T1_test,14,27,14.9,-0.1624835729598999,-0.284035001005136
UBFC_PHYS_s15_T1_test,14,28,14.933333333333334,-0.26778826117515564,0.0642205917627205
UBFC_PHYS_s15_T1_test,14,29,14.966666666666667,-0.33358195424079895,0.4009012644843159
UBFC_PHYS_s15_T1_test,14,30,15.0,-0.20193661749362946,0.6765488033359506
UBFC_PHYS_s15_T1_test,14,31,15.033333333333333,0.13587646186351776,0.8540168374660094
UBFC_PHYS_s15_T1_test,14,32,15.066666666666666,0.47424957156181335,0.9176223454327895
UBFC_PHYS_s15_T1_test,14,33,15.1,0.631791353225708,0.874033191884293
UBFC_PHYS_s15_T1_test,14,34,15.133333333333333,0.6050258874893188,0.744845127154792
UBFC_PHYS_s15_T1_test,14,35,15.166666666666666,0.487381249666214,0.5554971942797311
UBFC_PHYS_s15_T1_test,14,36,15.2,0.3432801365852356,0.3268733649517759
UBFC_PHYS_s15_T1_test,14,37,15.233333333333333,0.21808478236198425,0.07333251772818396
UBFC_PHYS_s15_T1_test,14,38,15.266666666666667,0.15051443874835968,-0.19420578814124656
UBFC_PHYS_s15_T1_test,14,39,15.3,0.12817123532295227,-0.46437001940121414
UBFC_PHYS_s15_T1_test,14,40,15.333333333333334,0.12114191800355911,-0.7229247703042921
UBFC_PHYS_s15_T1_test,14,41,15.366666666666667,0.1231502890586853,-0.9510398071941949
UBFC_PHYS_s15_T1_test,14,42,15.4,0.12440552562475204,-1.1235656274217178
UBFC_PHYS_s15_T1_test,14,43,15.433333333333334,0.1222812831401825,-1.208974485956518
UBFC_PHYS_s15_T1_test,14,44,15.466666666666667,0.1278236359357834,-1.1738221915378695
UBFC_PHYS_s15_T1_test,14,45,15.5,0.12075568735599518,-0.9929396716877292
UBFC_PHYS_s15_T1_test,14,46,15.533333333333333,0.044553183019161224,-0.6626839224268731
UBFC_PHYS_s15_T1_test,14,47,15.566666666666666,-0.1080835610628128,-0.2111417707273528
UBFC_PHYS_s15_T1_test,14,48,15.6,-0.24034684896469116,0.3010991848529808
UBFC_PHYS_s15_T1_test,14,49,15.633333333333333,-0.20545127987861633,0.7924768166473714
UBFC_PHYS_s15_T1_test,14,50,15.666666666666666,0.036268625408411026,1.1813985121784696
UBFC_PHYS_s15_T1_test,14,51,15.7,0.3492473363876343,1.4089498750018947
UBFC_PHYS_s15_T1_test,14,52,15.733333333333333,0.5694544315338135,1.4545663476151045
UBFC_PHYS_s15_T1_test,14,53,15.766666666666667,0.6462941765785217,1.3384781154926353
UBFC_PHYS_s15_T1_test,14,54,15.8,0.6112248301506042,1.1097525322342883
UBFC_PHYS_s15_T1_test,14,55,15.833333333333334,0.5109410881996155,0.8247077187987203
UBFC_PHYS_s15_T1_test,14,56,15.866666666666667,0.417648047208786,0.5252489695484299
UBFC_PHYS_s15_T1_test,14,57,15.9,0.38661473989486694,0.2272425043743983
UBFC_PHYS_s15_T1_test,14,58,15.933333333333334,0.38526296615600586,-0.07593669947399649
UBFC_PHYS_s15_T1_test,14,59,15.966666666666667,0.3625721335411072,-0.39744892779189617
UBFC_PHYS_s15_T1_test,14,60,16.0,0.3290283679962158,-0.7377288391696963
UBFC_PHYS_s15_T1_test,14,61,16.033333333333335,0.2928389310836792,-1.0721651083826431
UBFC_PHYS_s15_T1_test,14,62,16.066666666666666,0.2077532261610031,-1.3513952323964107
UBFC_PHYS_s15_T1_test,14,63,16.1,0.04022744670510292,-1.5133788000836772
UBFC_PHYS_s15_T1_test,14,64,16.133333333333333,-0.17652291059494019,-1.5021693247903056
UBFC_PHYS_s15_T1_test,14,65,16.166666666666668,-0.375835120677948,-1.2871148566794828
UBFC_PHYS_s15_T1_test,14,66,16.2,-0.5520896315574646,-0.8768312676855747
UBFC_PHYS_s15_T1_test,14,67,16.233333333333334,-0.7708869576454163,-0.32355239738060865
UBFC_PHYS_s15_T1_test,14,68,16.266666666666666,-1.016198754310608,0.284859238118333
UBFC_PHYS_s15_T1_test,14,69,16.3,-1.119958519935608,0.8449074947005074
UBFC_PHYS_s15_T1_test,14,70,16.333333333333332,-0.9501540660858154,1.2644542469839173
UBFC_PHYS_s15_T1_test,14,71,16.366666666666667,-0.5596982836723328,1.487497730863666
UBFC_PHYS_s15_T1_test,14,72,16.4,-0.13247376680374146,1.50677322993337
UBFC_PHYS_s15_T1_test,14,73,16.433333333333334,0.19054682552814484,1.3587253168719222
UBFC_PHYS_s15_T1_test,14,74,16.466666666666665,0.3959614336490631,1.10383903918439
UBFC_PHYS_s15_T1_test,14,75,16.5,0.506596028804779,0.8022428761528496
UBFC_PHYS_s15_T1_test,14,76,16.533333333333335,0.5219871401786804,0.49523981458572364
UBFC_PHYS_s15_T1_test,14,77,16.566666666666666,0.49363812804222107,0.19870775293740747
UBFC_PHYS_s15_T1_test,14,78,16.6,0.4963996410369873,-0.09199559753048249
UBFC_PHYS_s15_T1_test,14,79,16.633333333333333,0.532511830329895,-0.3901743922073479
UBFC_PHYS_s15_T1_test,14,80,16.666666666666668,0.5492740869522095,-0.7041233213968654
UBFC_PHYS_s15_T1_test,14,81,16.7,0.5317973494529724,-1.0256431315497792
UBFC_PHYS_s15_T1_test,14,82,16.733333333333334,0.5040469169616699,-1.3240785995901219
UBFC_PHYS_s15_T1_test,14,83,16.766666666666666,0.4495696723461151,-1.5485893456071198
UBFC_PHYS_s15_T1_test,14,84,16.8,0.3255523145198822,-1.6394475455470758
UBFC_PHYS_s15_T1_test,14,85,16.833333333333332,0.1559988558292389,-1.5459621548122542
UBFC_PHYS_s15_T1_test,14,86,16.866666666666667,-0.0012919100699946284,-1.2454246594643126
UBFC_PHYS_s15_T1_test,14,87,16.9,-0.1388465017080307,-0.7561602996801619
UBFC_PHYS_s15_T1_test,14,88,16.933333333333334,-0.2907301187515259,-0.13943827091815714
UBFC_PHYS_s15_T1_test,14,89,16.966666666666665,-0.4843454957008362,0.5113274684197155
UBFC_PHYS_s15_T1_test,14,90,17.0,-0.6929271221160889,1.0916747632968653
UBFC_PHYS_s15_T1_test,14,91,17.033333333333335,-0.7630658745765686,1.5117509073854307
UBFC_PHYS_s15_T1_test,14,92,17.066666666666666,-0.5320444703102112,1.7187538959806024
UBFC_PHYS_s15_T1_test,14,93,17.1,-0.0646330714225769,1.7084286259353707
UBFC_PHYS_s15_T1_test,14,94,17.133333333333333,0.38022270798683167,1.5207777227332702
UBFC_PHYS_s15_T1_test,14,95,17.166666666666668,0.6487274169921875,1.221104899159567
UBFC_PHYS_s15_T1_test,14,96,17.2,0.7820141911506653,0.8746123722247576
UBFC_PHYS_s15_T1_test,14,97,17.233333333333334,0.8314126133918762,0.5261101741537632
UBFC_PHYS_s15_T1_test,14,98,17.266666666666666,0.8064237236976624,0.19283235199143337
UBFC_PHYS_s15_T1_test,14,99,17.3,0.7716439962387085,-0.12920553923413988
UBFC_PHYS_s15_T1_test,14,100,17.333333333333332,0.7882517576217651,-0.45114719583758184
UBFC_PHYS_s15_T1_test,14,101,17.366666666666667,0.8268358111381531,-0.7771567444235125
UBFC_PHYS_s15_T1_test,14,102,17.4,0.8305628895759583,-1.095237333839368
UBFC_PHYS_s15_T1_test,14,103,17.433333333333334,0.7876724004745483,-1.3745156075641736
UBFC_PHYS_s15_T1_test,14,104,17.466666666666665,0.7076269388198853,-1.5690168867465248
UBFC_PHYS_s15_T1_test,14,105,17.5,0.5827792286872864,-1.6276846462719474
UBFC_PHYS_s15_T1_test,14,106,17.533333333333335,0.3984139859676361,-1.5092465574512557
UBFC_PHYS_s15_T1_test,14,107,17.566666666666666,0.19128066301345825,-1.198249688299479
UBFC_PHYS_s15_T1_test,14,108,17.6,0.032116688787937164,-0.7165480986052583
UBFC_PHYS_s15_T1_test,14,109,17.633333333333333,-0.07676058262586594,-0.12473624153521604
UBFC_PHYS_s15_T1_test,14,110,17.666666666666668,-0.2282000184059143,0.4886323561055119
UBFC_PHYS_s15_T1_test,14,111,17.7,-0.48251092433929443,1.0273840362395938
UBFC_PHYS_s15_T1_test,14,112,17.733333333333334,-0.7430786490440369,1.411223128029003
UBFC_PHYS_s15_T1_test,14,113,17.766666666666666,-0.7987918257713318,1.594782318201063
UBFC_PHYS_s15_T1_test,14,114,17.8,-0.5550442337989807,1.5761612289637144
UBFC_PHYS_s15_T1_test,14,115,17.833333333333332,-0.1614793837070465,1.3923797730414398
UBFC_PHYS_s15_T1_test,14,116,17.866666666666667,0.176101952791214,1.1034310974182842
UBFC_PHYS_s15_T1_test,14,117,17.9,0.37114638090133667,0.7707020089789556
UBFC_PHYS_s15_T1_test,14,118,17.933333333333334,0.43232467770576477,0.43815560192676917
UBFC_PHYS_s15_T1_test,14,119,17.966666666666665,0.3969656229019165,0.12385163752853001
UBFC_PHYS_s15_T1_test,14,120,18.0,0.3278696835041046,-0.17546956888744397
UBFC_PHYS_s15_T1_test,14,121,18.033333333333335,0.2918154299259186,-0.4703092981171677
UBFC_PHYS_s15_T1_test,14,122,18.066666666666666,0.3109915852546692,-0.7625617773174077
UBFC_PHYS_s15_T1_test,14,123,18.1,0.3639625608921051,-1.0355765410841435
UBFC_PHYS_s15_T1_test,14,124,18.133333333333333,0.4123953878879547,-1.2539735631384108
UBFC_PHYS_s15_T1_test,14,125,18.166666666666668,0.412163645029068,-1.3723446947434679
UBFC_PHYS_s15_T1_test,14,126,18.2,0.33401069045066833,-1.3491693226111956
UBFC_PHYS_s15_T1_test,14,127,18.233333333333334,0.20605382323265076,-1.1614783476261223
UBFC_PHYS_s15_T1_test,14,128,18.266666666666666,0.08321446180343628,-0.815938370630503
UBFC_PHYS_s15_T1_test,14,129,18.3,-0.022804729640483856,-0.3527052900042777
UBFC_PHYS_s15_T1_test,14,130,18.333333333333332,-0.14689932763576508,0.16017972217920234
UBFC_PHYS_s15_T1_test,14,131,18.366666666666667,-0.3222461938858032,0.6415866133583423
UBFC_PHYS_s15_T1_test,14,132,18.4,-0.4939239025115967,1.0176547250156196
UBFC_PHYS_s15_T1_test,14,133,18.433333333333334,-0.49015820026397705,1.2410360330262384
UBFC_PHYS_s15_T1_test,14,134,18.466666666666665,-0.22196246683597565,1.301444175360538
UBFC_PHYS_s15_T1_test,14,135,18.5,0.154936745762825,1.222880456211612
UBFC_PHYS_s15_T1_test,14,136,18.533333333333335,0.41660523414611816,1.0492193082737027
UBFC_PHYS_s15_T1_test,14,137,18.566666666666666,0.5141660571098328,0.8254650492722946
UBFC_PHYS_s15_T1_test,14,138,18.6,0.5048580169677734,0.5830925717615595
UBFC_PHYS_s15_T1_test,14,139,18.633333333333333,0.43093425035476685,0.3345276420101712
UBFC_PHYS_s15_T1_test,14,140,18.666666666666668,0.3312491774559021,0.07675001848697924
UBFC_PHYS_s15_T1_test,14,141,18.7,0.26506924629211426,-0.19953442211675768
UBFC_PHYS_s15_T1_test,14,142,18.733333333333334,0.25670742988586426,-0.49916242193449195
UBFC_PHYS_s15_T1_test,14,143,18.766666666666666,0.272098571062088,-0.8132346759694697
UBFC_PHYS_s15_T1_test,14,144,18.8,0.2818121612071991,-1.1138756659959042
UBFC_PHYS_s15_T1_test,14,145,18.833333333333332,0.25863856077194214,-1.355374841962686
UBFC_PHYS_s15_T1_test,14,146,18.866666666666667,0.15820035338401794,-1.4827636559174793
UBFC_PHYS_s15_T1_test,14,147,18.9,0.000252996280323714,-1.4464985615969237
UBFC_PHYS_s15_T1_test,14,148,18.933333333333334,-0.1320682317018509,-1.2193379881640842
UBFC_PHYS_s15_T1_test,14,149,18.966666666666665,-0.2178877741098404,-0.8099541382356988
UBFC_PHYS_s15_T1_test,14,150,19.0,-0.3125905394554138,-0.26813307300647016
UBFC_PHYS_s15_T1_test,14,151,19.033333333333335,-0.4502030611038208,0.3216469828796577
UBFC_PHYS_s15_T1_test,14,152,19.066666666666666,-0.5674228072166443,0.8584374142412574
UBFC_PHYS_s15_T1_test,14,153,19.1,-0.5247448086738586,1.2509822898691503
UBFC_PHYS_s15_T1_test,14,154,19.133333333333333,-0.25805532932281494,1.4437059751672179
UBFC_PHYS_s15_T1_test,14,155,19.166666666666668,0.08821609616279602,1.4322755275495231
UBFC_PHYS_s15_T1_test,14,156,19.2,0.3107791543006897,1.260878872472303
UBFC_PHYS_s15_T1_test,14,157,19.233333333333334,0.3620893657207489,1.0009291441809598
UBFC_PHYS_s15_T1_test,14,158,19.266666666666666,0.31867748498916626,0.7207664947590376
UBFC_PHYS_s15_T1_test,14,159,19.3,0.26153528690338135,0.4611606500664519
UBFC_PHYS_s15_T1_test,14,160,19.333333333333332,0.23990657925605774,0.22744064965959393
UBFC_PHYS_s15_T1_test,14,161,19.366666666666667,0.270495742559433,-0.0006911651981419634
UBFC_PHYS_s15_T1_test,14,162,19.4,0.3510432839393616,-0.24928515460880482
UBFC_PHYS_s15_T1_test,14,163,19.433333333333334,0.4736122786998749,-0.5308026911108611
UBFC_PHYS_s15_T1_test,14,164,19.466666666666665,0.6035196185112,-0.8327178235277495
UBFC_PHYS_s15_T1_test,14,165,19.5,0.6815567016601562,-1.1162314345386197
UBFC_PHYS_s15_T1_test,14,166,19.533333333333335,0.6554091572761536,-1.3240997267951882
UBFC_PHYS_s15_T1_test,14,167,19.566666666666666,0.5198628902435303,-1.3954125988207626
UBFC_PHYS_s15_T1_test,14,168,19.6,0.327985554933548,-1.2841168144032715
UBFC_PHYS_s15_T1_test,14,169,19.633333333333333,0.14273197948932648,-0.9766379869180571
UBFC_PHYS_s15_T1_test,14,170,19.666666666666668,-0.04947367683053017,-0.5028730921271795
UBFC_PHYS_s15_T1_test,14,171,19.7,-0.2952682673931122,0.06457697999781865
UBFC_PHYS_s15_T1_test,14,172,19.733333333333334,-0.5386489629745483,0.6249771965463684
UBFC_PHYS_s15_T1_test,14,173,19.766666666666666,-0.6066441535949707,1.0749997320277997
UBFC_PHYS_s15_T1_test,14,174,19.8,-0.4045897126197815,1.3375867820712568
UBFC_PHYS_s15_T1_test,14,175,19.833333333333332,-0.07525429874658585,1.383900113644501
UBFC_PHYS_s15_T1_test,14,176,19.866666666666667,0.1712934374809265,1.2394633186591348
UBFC_PHYS_s15_T1_test,14,177,19.9,0.27868372201919556,0.9712267883745932
UBFC_PHYS_s15_T1_test,14,178,19.933333333333334,0.30801764130592346,0.6604076686818021
UBFC_PHYS_s15_T1_test,14,179,19.966666666666665,0.2937658727169037,0.37248994188613205
UBFC_PHYS_s15_T1_test,14,180,20.0,0.24357573688030243,0.13700690763335216
UBFC_PHYS_s15_T1_test,14,181,20.033333333333335,0.18697422742843628,-0.0549869237420342
UBFC_PHYS_s15_T1_test,14,182,20.066666666666666,0.14394859969615936,-0.2361998932619733
UBFC_PHYS_s15_T1_test,14,183,20.1,0.11710584908723831,-0.43927032964463814
UBFC_PHYS_s15_T1_test,14,184,20.133333333333333,0.11559956520795822,-0.675149440082593
UBFC_PHYS_s15_T1_test,14,185,20.166666666666668,0.13572196662425995,-0.9227570797882859
UBFC_PHYS_s15_T1_test,14,186,20.2,0.13257421553134918,-1.132974537721201
UBFC_PHYS_s15_T1_test,14,187,20.233333333333334,0.06249340996146202,-1.2439784281580815
UBFC_PHYS_s15_T1_test,14,188,20.266666666666666,-0.043931324034929276,-1.2017395591636404
UBFC_PHYS_s15_T1_test,14,189,20.3,-0.11509357392787933,-0.9792582077271913
UBFC_PHYS_s15_T1_test,14,190,20.333333333333332,-0.15365830063819885,-0.5893060255768844
UBFC_PHYS_s15_T1_test,14,191,20.366666666666667,-0.22885660827159882,-0.08694484571296462
UBFC_PHYS_s15_T1_test,14,192,20.4,-0.3668167293071747,0.44022409757494074
UBFC_PHYS_s15_T1_test,14,193,20.433333333333334,-0.4814874231815338,0.8932457999548007
UBFC_PHYS_s15_T1_test,14,194,20.466666666666665,-0.4279177784919739,1.1891696749669831
UBFC_PHYS_s15_T1_test,14,195,20.5,-0.17210061848163605,1.2852405930928004
UBFC_PHYS_s15_T1_test,14,196,20.533333333333335,0.1088792234659195,1.189819288214926
UBFC_PHYS_s15_T1_test,14,197,20.566666666666666,0.23113924264907837,0.9547017472128918
UBFC_PHYS_s15_T1_test,14,198,20.6,0.2226615697145462,0.6525731725583349
UBFC_PHYS_s15_T1_test,14,199,20.633333333333333,0.1941194236278534,0.350471257242023
UBFC_PHYS_s15_T1_test,14,200,20.666666666666668,0.16913056373596191,0.09026412883086404
UBFC_PHYS_s15_T1_test,14,201,20.7,0.13025686144828796,-0.11794702394871172
UBFC_PHYS_s15_T1_test,14,202,20.733333333333334,0.1010967567563057,-0.28939911974166804
UBFC_PHYS_s15_T1_test,14,203,20.766666666666666,0.11036619544029236,-0.4493792039290714
UBFC_PHYS_s15_T1_test,14,204,20.8,0.14085878431797028,-0.6155149069534743
UBFC_PHYS_s15_T1_test,14,205,20.833333333333332,0.16439929604530334,-0.7844300895493617
UBFC_PHYS_s15_T1_test,14,206,20.866666666666667,0.17335975170135498,-0.9280952680334251
UBFC_PHYS_s15_T1_test,14,207,20.9,0.14752118289470673,-1.0018037944486748
UBFC_PHYS_s15_T1_test,14,208,20.933333333333334,0.05670000985264778,-0.9609785657337856
UBFC_PHYS_s15_T1_test,14,209,20.966666666666665,-0.06424684077501297,-0.7801505698412645
UBFC_PHYS_s15_T1_test,14,210,21.0,-0.1515340507030487,-0.4665396280698087
UBFC_PHYS_s15_T1_test,14,211,21.033333333333335,-0.22765929996967316,-0.06297225010783747
UBFC_PHYS_s15_T1_test,14,212,21.066666666666666,-0.35273876786231995,0.3609275102124178
UBFC_PHYS_s15_T1_test,14,213,21.1,-0.49629920721054077,0.7264261538619217
UBFC_PHYS_s15_T1_test,14,214,21.133333333333333,-0.5513944029808044,0.96714790169713
UBFC_PHYS_s15_T1_test,14,215,21.166666666666668,-0.438403844833374,1.0479139195370188
UBFC_PHYS_s15_T1_test,14,216,21.2,-0.18809039890766144,0.9739294649310023
UBFC_PHYS_s15_T1_test,14,217,21.233333333333334,0.07234218716621399,0.785754023965785
UBFC_PHYS_s15_T1_test,14,218,21.266666666666666,0.23349522054195404,0.5419534003980935
UBFC_PHYS_s15_T1_test,14,219,21.3,0.27897340059280396,0.29759396303035385
UBFC_PHYS_s15_T1_test,14,220,21.333333333333332,0.2437688559293747,0.08809210266306979
UBFC_PHYS_s15_T1_test,14,221,21.366666666666667,0.16302818059921265,-0.07589639865156142
UBFC_PHYS_s15_T1_test,14,222,21.4,0.08031776547431946,-0.20294635259431204
UBFC_PHYS_s15_T1_test,14,223,21.433333333333334,0.04343312606215477,-0.3096581746645983
UBFC_PHYS_s15_T1_test,14,224,21.466666666666665,0.0627637654542923,-0.409512328756226
UBFC_PHYS_s15_T1_test,14,225,21.5,0.09671308100223541,-0.5054072823008053
UBFC_PHYS_s15_T1_test,14,226,21.533333333333335,0.10016980767250061,-0.5869101751625022
UBFC_PHYS_s15_T1_test,14,227,21.566666666666666,0.06479145586490631,-0.6318585151910338
UBFC_PHYS_s15_T1_test,14,228,21.6,0.006567800883203745,-0.6119493465761214
UBFC_PHYS_s15_T1_test,14,229,21.633333333333333,-0.05084478110074997,-0.5019023806731835
UBFC_PHYS_s15_T1_test,14,230,21.666666666666668,-0.11001469194889069,-0.2904821117226347
UBFC_PHYS_s15_T1_test,14,231,21.7,-0.20338496565818787,0.010123873369243554
UBFC_PHYS_s15_T1_test,14,232,21.733333333333334,-0.3324812054634094,0.3607533350148586
UBFC_PHYS_s15_T1_test,14,233,21.766666666666666,-0.4256197512149811,0.7004156105709958
UBFC_PHYS_s15_T1_test,14,234,21.8,-0.3854135572910309,0.9598783213317198
UBFC_PHYS_s15_T1_test,14,235,21.833333333333332,-0.1898670345544815,1.0797416439519623
UBFC_PHYS_s15_T1_test,14,236,21.866666666666667,0.06257065385580063,1.0266433625955014
UBFC_PHYS_s15_T1_test,14,237,21.9,0.23088820278644562,0.8018630697255711
UBFC_PHYS_s15_T1_test,14,238,21.933333333333334,0.2723882496356964,0.4403055274915118
UBFC_PHYS_s15_T1_test,14,239,21.966666666666665,0.24668486416339874,0.002007135745009204
UBFC_PHYS_s15_T1_test,15,0,15.0,-0.20193661749362946,-0.03551474577844155
UBFC_PHYS_s15_T1_test,15,1,15.033333333333333,0.13587646186351776,0.5333653040264253
UBFC_PHYS_s15_T1_test,15,2,15.066666666666666,0.47424957156181335,1.0298221152614828
UBFC_PHYS_s15_T1_test,15,3,15.1,0.631791353225708,1.3924542207968058
UBFC_PHYS_s15_T1_test,15,4,15.133333333333333,0.6050258874893188,1.5799069461112516
UBFC_PHYS_s15_T1_test,15,5,15.166666666666666,0.487381249666214,1.5769620321678122
UBFC_PHYS_s15_T1_test,15,6,15.2,0.3432801365852356,1.3958423766156782
UBFC_PHYS_s15_T1_test,15,7,15.233333333333333,0.21808478236198425,1.0730648704905676
UBFC_PHYS_s15_T1_test,15,8,15.266666666666667,0.15051443874835968,0.6622297631025319
UBFC_PHYS_s15_T1_test,15,9,15.3,0.12817123532295227,0.2231824301340355
UBFC_PHYS_s15_T1_test,15,10,15.333333333333334,0.12114191800355911,-0.18997611802008418
UBFC_PHYS_s15_T1_test,15,11,15.366666666666667,0.1231502890586853,-0.5377250286399783
UBFC_PHYS_s15_T1_test,15,12,15.4,0.12440552562475204,-0.7976550621867429
UBFC_PHYS_s15_T1_test,15,13,15.433333333333334,0.1222812831401825,-0.9610441235388612
UBFC_PHYS_s15_T1_test,15,14,15.466666666666667,0.1278236359357834,-1.0270365088264453
UBFC_PHYS_s15_T1_test,15,15,15.5,0.12075568735599518,-0.9984964386733431
UBFC_PHYS_s15_T1_test,15,16,15.533333333333333,0.044553183019161224,-0.881094536525825
UBFC_PHYS_s15_T1_test,15,17,15.566666666666666,-0.1080835610628128,-0.6844739232858346
UBFC_PHYS_s15_T1_test,15,18,15.6,-0.24034684896469116,-0.423894296883102
UBFC_PHYS_s15_T1_test,15,19,15.633333333333333,-0.20545127987861633,-0.12138665840829536
UBFC_PHYS_s15_T1_test,15,20,15.666666666666666,0.036268625408411026,0.19462246169021566
UBFC_PHYS_s15_T1_test,15,21,15.7,0.3492473363876343,0.49220047185960003
UBFC_PHYS_s15_T1_test,15,22,15.733333333333333,0.5694544315338135,0.7409121224494553
UBFC_PHYS_s15_T1_test,15,23,15.766666666666667,0.6462941765785217,0.9167648735517091
UBFC_PHYS_s15_T1_test,15,24,15.8,0.6112248301506042,1.0044780440242902
UBFC_PHYS_s15_T1_test,15,25,15.833333333333334,0.5109410881996155,0.9961068727554179
UBFC_PHYS_s15_T1_test,15,26,15.866666666666667,0.417648047208786,0.8879784084882325
UBFC_PHYS_s15_T1_test,15,27,15.9,0.38661473989486694,0.6796615024329458
UBFC_PHYS_s15_T1_test,15,28,15.933333333333334,0.38526296615600586,0.37740438032121854
UBFC_PHYS_s15_T1_test,15,29,15.966666666666667,0.3625721335411072,0.0007804907124391296
UBFC_PHYS_s15_T1_test,15,30,16.0,0.3290283679962158,-0.4122562749555533
UBFC_PHYS_s15_T1_test,15,31,16.033333333333335,0.2928389310836792,-0.8070179542665749
UBFC_PHYS_s15_T1_test,15,32,16.066666666666666,0.2077532261610031,-1.1217341698817889
UBFC_PHYS_s15_T1_test,15,33,16.1,0.04022744670510292,-1.3017737587843823
UBFC_PHYS_s15_T1_test,15,34,16.133333333333333,-0.17652291059494019,-1.313025190460785
UBFC_PHYS_s15_T1_test,15,35,16.166666666666668,-0.375835120677948,-1.150273096990209
UBFC_PHYS_s15_T1_test,15,36,16.2,-0.5520896315574646,-0.8390476381158404
UBFC_PHYS_s15_T1_test,15,37,16.233333333333334,-0.7708869576454163,-0.4311216361826996
UBFC_PHYS_s15_T1_test,15,38,16.266666666666666,-1.016198754310608,0.00610697494283479
UBFC_PHYS_s15_T1_test,15,39,16.3,-1.119958519935608,0.4053828959234635
UBFC_PHYS_s15_T1_test,15,40,16.333333333333332,-0.9501540660858154,0.7165486538325766
UBFC_PHYS_s15_T1_test,15,41,16.366666666666667,-0.5596982836723328,0.9179269843139214
UBFC_PHYS_s15_T1_test,15,42,16.4,-0.13247376680374146,1.0162684341000736
UBFC_PHYS_s15_T1_test,15,43,16.433333333333334,0.19054682552814484,1.0348743120848591
UBFC_PHYS_s15_T1_test,15,44,16.466666666666665,0.3959614336490631,0.9967670077981309
UBFC_PHYS_s15_T1_test,15,45,16.5,0.506596028804779,0.9127822678440289
UBFC_PHYS_s15_T1_test,15,46,16.533333333333335,0.5219871401786804,0.7799762355230666
UBFC_PHYS_s15_T1_test,15,47,16.566666666666666,0.49363812804222107,0.5884354588631767
UBFC_PHYS_s15_T1_test,15,48,16.6,0.4963996410369873,0.33079289846592
UBFC_PHYS_s15_T1_test,15,49,16.633333333333333,0.532511830329895,0.009729757636526032
UBFC_PHYS_s15_T1_test,15,50,16.666666666666668,0.5492740869522095,-0.35800571019646843
UBFC_PHYS_s15_T1_test,15,51,16.7,0.5317973494529724,-0.7403920548298092
UBFC_PHYS_s15_T1_test,15,52,16.733333333333334,0.5040469169616699,-1.0916583707347587
UBFC_PHYS_s15_T1_test,15,53,16.766666666666666,0.4495696723461151,-1.3577734892046265
UBFC_PHYS_s15_T1_test,15,54,16.8,0.3255523145198822,-1.4865836551893963
UBFC_PHYS_s15_T1_test,15,55,16.833333333333332,0.1559988558292389,-1.440901525037407
UBFC_PHYS_s15_T1_test,15,56,16.866666666666667,-0.0012919100699946284,-1.2104472723179063
UBFC_PHYS_s15_T1_test,15,57,16.9,-0.1388465017080307,-0.8180599413572567
UBFC_PHYS_s15_T1_test,15,58,16.933333333333334,-0.2907301187515259,-0.3176199478848747
UBFC_PHYS_s15_T1_test,15,59,16.966666666666665,-0.4843454957008362,0.21610832753084402
UBFC_PHYS_s15_T1_test,15,60,17.0,-0.6929271221160889,0.7036608182315871
UBFC_PHYS_s15_T1_test,15,61,17.033333333333335,-0.7630658745765686,1.0793903120188582
UBFC_PHYS_s15_T1_test,15,62,17.066666666666666,-0.5320444703102112,1.3066011625758154
UBFC_PHYS_s15_T1_test,15,63,17.1,-0.0646330714225769,1.38317582149951
UBFC_PHYS_s15_T1_test,15,64,17.133333333333333,0.38022270798683167,1.3347341843593417
UBFC_PHYS_s15_T1_test,15,65,17.166666666666668,0.6487274169921875,1.1983069889741975
UBFC_PHYS_s15_T1_test,15,66,17.2,0.7820141911506653,1.0049539569181378
UBFC_PHYS_s15_T1_test,15,67,17.233333333333334,0.8314126133918762,0.7703198559529724
UBFC_PHYS_s15_T1_test,15,68,17.266666666666666,0.8064237236976624,0.4964572724825019
UBFC_PHYS_s15_T1_test,15,69,17.3,0.7716439962387085,0.18118142768184056
UBFC_PHYS_s15_T1_test,15,70,17.333333333333332,0.7882517576217651,-0.17171115813580595
UBFC_PHYS_s15_T1_test,15,71,17.366666666666667,0.8268358111381531,-0.5462793494656646
UBFC_PHYS_s15_T1_test,15,72,17.4,0.8305628895759583,-0.9135305981500739
UBFC_PHYS_s15_T1_test,15,73,17.433333333333334,0.7876724004745483,-1.234335276918325
UBFC_PHYS_s15_T1_test,15,74,17.466666666666665,0.7076269388198853,-1.4646372004955492
UBFC_PHYS_s15_T1_test,15,75,17.5,0.5827792286872864,-1.562586356955532
UBFC_PHYS_s15_T1_test,15,76,17.533333333333335,0.3984139859676361,-1.497519816299468
UBFC_PHYS_s15_T1_test,15,77,17.566666666666666,0.19128066301345825,-1.2595567967778498
UBFC_PHYS_s15_T1_test,15,78,17.6,0.032116688787937164,-0.866821081526087
UBFC_PHYS_s15_T1_test,15,79,17.633333333333333,-0.07676058262586594,-0.36666057786318024
UBFC_PHYS_s15_T1_test,15,80,17.666666666666668,-0.2282000184059143,0.17122259839527318
UBFC_PHYS_s15_T1_test,15,81,17.7,-0.48251092433929443,0.6688924208097108
UBFC_PHYS_s15_T1_test,15,82,17.733333333333334,-0.7430786490440369,1.0579289511806564
UBFC_PHYS_s15_T1_test,15,83,17.766666666666666,-0.7987918257713318,1.2954051708812797
UBFC_PHYS_s15_T1_test,15,84,17.8,-0.5550442337989807,1.372453085762795
UBFC_PHYS_s15_T1_test,15,85,17.833333333333332,-0.1614793837070465,1.311739689244594
UBFC_PHYS_s15_T1_test,15,86,17.866666666666667,0.176101952791214,1.1542914608492016
UBFC_PHYS_s15_T1_test,15,87,17.9,0.37114638090133667,0.9410030143330006
UBFC_PHYS_s15_T1_test,15,88,17.933333333333334,0.43232467770576477,0.6974095566349979
UBFC_PHYS_s15_T1_test,15,89,17.966666666666665,0.3969656229019165,0.4291880037324137
UBFC_PHYS_s15_T1_test,15,90,18.0,0.3278696835041046,0.12998338648307245
UBFC_PHYS_s15_T1_test,15,91,18.033333333333335,0.2918154299259186,-0.2036974960067056
UBFC_PHYS_s15_T1_test,15,92,18.066666666666666,0.3109915852546692,-0.5591294129701307
UBFC_PHYS_s15_T1_test,15,93,18.1,0.3639625608921051,-0.9024777000727147
UBFC_PHYS_s15_T1_test,15,94,18.133333333333333,0.4123953878879547,-1.1841644233458353
UBFC_PHYS_s15_T1_test,15,95,18.166666666666668,0.412163645029068,-1.3513373246627254
UBFC_PHYS_s15_T1_test,15,96,18.2,0.33401069045066833,-1.3623960017579035
UBFC_PHYS_s15_T1_test,15,97,18.233333333333334,0.20605382323265076,-1.199292036798225
UBFC_PHYS_s15_T1_test,15,98,18.266666666666666,0.08321446180343628,-0.8748156098227868
UBFC_PHYS_s15_T1_test,15,99,18.3,-0.022804729640483856,-0.43312523416726173
UBFC_PHYS_s15_T1_test,15,100,18.333333333333332,-0.14689932763576508,0.0575604383924137
UBFC_PHYS_s15_T1_test,15,101,18.366666666666667,-0.3222461938858032,0.5196969026207061
UBFC_PHYS_s15_T1_test,15,102,18.4,-0.4939239025115967,0.8852273920231211
UBFC_PHYS_s15_T1_test,15,103,18.433333333333334,-0.49015820026397705,1.1122562755639573
UBFC_PHYS_s15_T1_test,15,104,18.466666666666665,-0.22196246683597565,1.1928781339201966
UBFC_PHYS_s15_T1_test,15,105,18.5,0.154936745762825,1.1487552097837668
UBFC_PHYS_s15_T1_test,15,106,18.533333333333335,0.41660523414611816,1.0170510379930253
UBFC_PHYS_s15_T1_test,15,107,18.566666666666666,0.5141660571098328,0.8338976265156102
UBFC_PHYS_s15_T1_test,15,108,18.6,0.5048580169677734,0.62244280134344
UBFC_PHYS_s15_T1_test,15,109,18.633333333333333,0.43093425035476685,0.3890360884509505
UBFC_PHYS_s15_T1_test,15,110,18.666666666666668,0.3312491774559021,0.12740989048418547
UBFC_PHYS_s15_T1_test,15,111,18.7,0.26506924629211426,-0.17162857757515745
UBFC_PHYS_s15_T1_test,15,112,18.733333333333334,0.25670742988586426,-0.5084342877128752
UBFC_PHYS_s15_T1_test,15,113,18.766666666666666,0.272098571062088,-0.8645178775705332
UBFC_PHYS_s15_T1_test,15,114,18.8,0.2818121612071991,-1.198346929753247
UBFC_PHYS_s15_T1_test,15,115,18.833333333333332,0.25863856077194214,-1.45008875216474
UBFC_PHYS_s15_T1_test,15,116,18.866666666666667,0.15820035338401794,-1.5555596464701622
UBFC_PHYS_s15_T1_test,15,117,18.9,0.000252996280323714,-1.4657795429129892
UBFC_PHYS_s15_T1_test,15,118,18.933333333333334,-0.1320682317018509,-1.165562635467305
UBFC_PHYS_s15_T1_test,15,119,18.966666666666665,-0.2178877741098404,-0.6841222567163312
UBFC_PHYS_s15_T1_test,15,120,19.0,-0.3125905394554138,-0.09315062823421545
UBFC_PHYS_s15_T1_test,15,121,19.033333333333335,-0.4502030611038208,0.5081067808840501
UBFC_PHYS_s15_T1_test,15,122,19.066666666666666,-0.5674228072166443,1.0172832801676237
UBFC_PHYS_s15_T1_test,15,123,19.1,-0.5247448086738586,1.355932876660028
UBFC_PHYS_s15_T1_test,15,124,19.133333333333333,-0.25805532932281494,1.490092358319782
UBFC_PHYS_s15_T1_test,15,125,19.166666666666668,0.08821609616279602,1.4361601088205482
UBFC_PHYS_s15_T1_test,15,126,19.2,0.3107791543006897,1.2489828720817502
UBFC_PHYS_s15_T1_test,15,127,19.233333333333334,0.3620893657207489,0.9967607722337545
UBFC_PHYS_s15_T1_test,15,128,19.266666666666666,0.31867748498916626,0.7339889095164955
UBFC_PHYS_s15_T1_test,15,129,19.3,0.26153528690338135,0.4846800747362726
UBFC_PHYS_s15_T1_test,15,130,19.333333333333332,0.23990657925605774,0.2421037150149664
UBFC_PHYS_s15_T1_test,15,131,19.366666666666667,0.270495742559433,-0.017424521921603334
UBFC_PHYS_s15_T1_test,15,132,19.4,0.3510432839393616,-0.31489089887491734
UBFC_PHYS_s15_T1_test,15,133,19.433333333333334,0.4736122786998749,-0.6518743300532924
UBFC_PHYS_s15_T1_test,15,134,19.466666666666665,0.6035196185112,-1.002316078375851
UBFC_PHYS_s15_T1_test,15,135,19.5,0.6815567016601562,-1.3143138530589387
UBFC_PHYS_s15_T1_test,15,136,19.533333333333335,0.6554091572761536,-1.521112489815027
UBFC_PHYS_s15_T1_test,15,137,19.566666666666666,0.5198628902435303,-1.5589959351228166
UBFC_PHYS_s15_T1_test,15,138,19.6,0.327985554933548,-1.3878237545587488
UBFC_PHYS_s15_T1_test,15,139,19.633333333333333,0.14273197948932648,-1.0080425592324789
UBFC_PHYS_s15_T1_test,15,140,19.666666666666668,-0.04947367683053017,-0.4676809999005911
UBFC_PHYS_s15_T1_test,15,141,19.7,-0.2952682673931122,0.1448518175972
UBFC_PHYS_s15_T1_test,15,142,19.733333333333334,-0.5386489629745483,0.7215861844189155
UBFC_PHYS_s15_T1_test,15,143,19.766666666666666,-0.6066441535949707,1.1634380624041227
UBFC_PHYS_s15_T1_test,15,144,19.8,-0.4045897126197815,1.4066936348477987
UBFC_PHYS_s15_T1_test,15,145,19.833333333333332,-0.07525429874658585,1.4380933614189877
UBFC_PHYS_s15_T1_test,15,146,19.866666666666667,0.1712934374809265,1.2932634470685702
UBFC_PHYS_s15_T1_test,15,147,19.9,0.27868372201919556,1.0394624291576273
UBFC_PHYS_s15_T1_test,15,148,19.933333333333334,0.30801764130592346,0.7492060960678742
UBFC_PHYS_s15_T1_test,15,149,19.966666666666665,0.2937658727169037,0.4747477355565554
UBFC_PHYS_s15_T1_test,15,150,20.0,0.24357573688030243,0.23356286749602426
UBFC_PHYS_s15_T1_test,15,151,20.033333333333335,0.18697422742843628,0.01074598981285303
UBFC_PHYS_s15_T1_test,15,152,20.066666666666666,0.14394859969615936,-0.2236118321981787
UBFC_PHYS_s15_T1_test,15,153,20.1,0.11710584908723831,-0.49107524110662437
UBFC_PHYS_s15_T1_test,15,154,20.133333333333333,0.11559956520795822,-0.786635819267636
UBFC_PHYS_s15_T1_test,15,155,20.166666666666668,0.13572196662425995,-1.0733205307480889
UBFC_PHYS_s15_T1_test,15,156,20.2,0.13257421553134918,-1.2910026170852453
UBFC_PHYS_s15_T1_test,15,157,20.233333333333334,0.06249340996146202,-1.375016296896343
UBFC_PHYS_s15_T1_test,15,158,20.266666666666666,-0.043931324034929276,-1.2775366853018706
UBFC_PHYS_s15_T1_test,15,159,20.3,-0.11509357392787933,-0.9850233808668556
UBFC_PHYS_s15_T1_test,15,160,20.333333333333332,-0.15365830063819885,-0.5268589412329021
UBFC_PHYS_s15_T1_test,15,161,20.366666666666667,-0.22885660827159882,0.02745964404932553
UBFC_PHYS_s15_T1_test,15,162,20.4,-0.3668167293071747,0.582837763460087
UBFC_PHYS_s15_T1_test,15,163,20.433333333333334,-0.4814874231815338,1.041954379630872
UBFC_PHYS_s15_T1_test,15,164,20.466666666666665,-0.4279177784919739,1.330892727699172
UBFC_PHYS_s15_T1_test,15,165,20.5,-0.17210061848163605,1.4180883326738059
UBFC_PHYS_s15_T1_test,15,166,20.533333333333335,0.1088792234659195,1.3189956373080847
UBFC_PHYS_s15_T1_test,15,167,20.566666666666666,0.23113924264907837,1.0845256015464626
UBFC_PHYS_s15_T1_test,15,168,20.6,0.2226615697145462,0.7790228055395026
UBFC_PHYS_s15_T1_test,15,169,20.633333333333333,0.1941194236278534,0.4580857066290224
UBFC_PHYS_s15_T1_test,15,170,20.666666666666668,0.16913056373596191,0.15462277109457553
UBFC_PHYS_s15_T1_test,15,171,20.7,0.13025686144828796,-0.12381444389159976
UBFC_PHYS_s15_T1_test,15,172,20.733333333333334,0.1010967567563057,-0.38765484985101284
UBFC_PHYS_s15_T1_test,15,173,20.766666666666666,0.11036619544029236,-0.6514536300598764
UBFC_PHYS_s15_T1_test,15,174,20.8,0.14085878431797028,-0.9185072166677644
UBFC_PHYS_s15_T1_test,15,175,20.833333333333332,0.16439929604530334,-1.1695899011755941
UBFC_PHYS_s15_T1_test,15,176,20.866666666666667,0.17335975170135498,-1.360968715262754
UBFC_PHYS_s15_T1_test,15,177,20.9,0.14752118289470673,-1.434264185115821
UBFC_PHYS_s15_T1_test,15,178,20.933333333333334,0.05670000985264778,-1.336074204259706
UBFC_PHYS_s15_T1_test,15,179,20.966666666666665,-0.06424684077501297,-1.040562010592243
UBFC_PHYS_s15_T1_test,15,180,21.0,-0.1515340507030487,-0.5659655412520889
UBFC_PHYS_s15_T1_test,15,181,21.033333333333335,-0.22765929996967316,0.02241721919646332
UBFC_PHYS_s15_T1_test,15,182,21.066666666666666,-0.35273876786231995,0.6252026890637253
UBFC_PHYS_s15_T1_test,15,183,21.1,-0.49629920721054077,1.1342097109175995
UBFC_PHYS_s15_T1_test,15,184,21.133333333333333,-0.5513944029808044,1.4618877927923013
UBFC_PHYS_s15_T1_test,15,185,21.166666666666668,-0.438403844833374,1.56499982646855
UBFC_PHYS_s15_T1_test,15,186,21.2,-0.18809039890766144,1.4541421970307564
UBFC_PHYS_s15_T1_test,15,187,21.233333333333334,0.07234218716621399,1.1854241973723352
UBFC_PHYS_s15_T1_test,15,188,21.266666666666666,0.23349522054195404,0.8375566528107382
UBFC_PHYS_s15_T1_test,15,189,21.3,0.27897340059280396,0.48381290990892384
UBFC_PHYS_s15_T1_test,15,190,21.333333333333332,0.2437688559293747,0.17057500423146982
UBFC_PHYS_s15_T1_test,15,191,21.366666666666667,0.16302818059921265,-0.08938071652194648
UBFC_PHYS_s15_T1_test,15,192,21.4,0.08031776547431946,-0.3086830643075897
UBFC_PHYS_s15_T1_test,15,193,21.433333333333334,0.04343312606215477,-0.509084275988467
UBFC_PHYS_s15_T1_test,15,194,21.466666666666665,0.0627637654542923,-0.7054996857167349
UBFC_PHYS_s15_T1_test,15,195,21.5,0.09671308100223541,-0.895880072037103
UBFC_PHYS_s15_T1_test,15,196,21.533333333333335,0.10016980767250061,-1.0586072317553723
UBFC_PHYS_s15_T1_test,15,197,21.566666666666666,0.06479145586490631,-1.1566816450789816
UBFC_PHYS_s15_T1_test,15,198,21.6,0.006567800883203745,-1.1473403401049636
UBFC_PHYS_s15_T1_test,15,199,21.633333333333333,-0.05084478110074997,-0.9955162698486283
UBFC_PHYS_s15_T1_test,15,200,21.666666666666668,-0.11001469194889069,-0.6883868991495804
UBFC_PHYS_s15_T1_test,15,201,21.7,-0.20338496565818787,-0.24661667987904665
UBFC_PHYS_s15_T1_test,15,202,21.733333333333334,-0.3324812054634094,0.27271488234528196
UBFC_PHYS_s15_T1_test,15,203,21.766666666666666,-0.4256197512149811,0.7847985921995303
UBFC_PHYS_s15_T1_test,15,204,21.8,-0.3854135572910309,1.1966002397686193
UBFC_PHYS_s15_T1_test,15,205,21.833333333333332,-0.1898670345544815,1.4317062904612656
UBFC_PHYS_s15_T1_test,15,206,21.866666666666667,0.06257065385580063,1.4521289062620422
UBFC_PHYS_s15_T1_test,15,207,21.9,0.23088820278644562,1.2689893341615088
UBFC_PHYS_s15_T1_test,15,208,21.933333333333334,0.2723882496356964,0.9376074701135507
UBFC_PHYS_s15_T1_test,15,209,21.966666666666665,0.24668486416339874,0.5381833875358744
UBFC_PHYS_s15_T1_test,15,210,22.0,0.20418062806129456,0.14890567488929196
UBFC_PHYS_s15_T1_test,15,211,22.033333333333335,0.15526503324508667,-0.17814151078690557
UBFC_PHYS_s15_T1_test,15,212,22.066666666666666,0.11836108565330505,-0.428278778036868
UBFC_PHYS_s15_T1_test,15,213,22.1,0.11142831295728683,-0.6181044995973001
UBFC_PHYS_s15_T1_test,15,214,22.133333333333333,0.12282200157642365,-0.7760180809446896
UBFC_PHYS_s15_T1_test,15,215,22.166666666666668,0.12683875858783722,-0.920124002599809
UBFC_PHYS_s15_T1_test,15,216,22.2,0.10690946131944656,-1.0443979439423507
UBFC_PHYS_s15_T1_test,15,217,22.233333333333334,0.05133146047592163,-1.1186428318568085
UBFC_PHYS_s15_T1_test,15,218,22.266666666666666,-0.035299159586429596,-1.1008920652932794
UBFC_PHYS_s15_T1_test,15,219,22.3,-0.11880134791135788,-0.9560877152106854
UBFC_PHYS_s15_T1_test,15,220,22.333333333333332,-0.18030792474746704,-0.6736648595688546
UBFC_PHYS_s15_T1_test,15,221,22.366666666666667,-0.24739548563957214,-0.27802301761928455
UBFC_PHYS_s15_T1_test,15,222,22.4,-0.3558672070503235,0.1719382956782857
UBFC_PHYS_s15_T1_test,15,223,22.433333333333334,-0.48851674795150757,0.5952224866705231
UBFC_PHYS_s15_T1_test,15,224,22.466666666666665,-0.5532289743423462,0.9103481174181712
UBFC_PHYS_s15_T1_test,15,225,22.5,-0.44728705286979675,1.0593237768339094
UBFC_PHYS_s15_T1_test,15,226,22.533333333333335,-0.1917402297258377,1.0245448766281073
UBFC_PHYS_s15_T1_test,15,227,22.566666666666666,0.05610135942697525,0.8312565946903455
UBFC_PHYS_s15_T1_test,15,228,22.6,0.1975182145833969,0.535486409184184
UBFC_PHYS_s15_T1_test,15,229,22.633333333333333,0.24853874742984772,0.20459399304090656
UBFC_PHYS_s15_T1_test,15,230,22.666666666666668,0.24569998681545258,-0.10057685204940789
UBFC_PHYS_s15_T1_test,15,231,22.7,0.20864154398441315,-0.3365366727801562
UBFC_PHYS_s15_T1_test,15,232,22.733333333333334,0.16851259768009186,-0.48090361679539867
UBFC_PHYS_s15_T1_test,15,233,22.766666666666666,0.14725083112716675,-0.5318200013031308
UBFC_PHYS_s15_T1_test,15,234,22.8,0.13228455185890198,-0.504581221265328
UBFC_PHYS_s15_T1_test,15,235,22.833333333333332,0.1188245564699173,-0.4251820108451126
UBFC_PHYS_s15_T1_test,15,236,22.866666666666667,0.11863144487142563,-0.3213735463812633
UBFC_PHYS_s15_T1_test,15,237,22.9,0.11513609439134598,-0.2139968819722284
UBFC_PHYS_s15_T1_test,15,238,22.933333333333334,0.07056554406881332,-0.1118927882272319
UBFC_PHYS_s15_T1_test,15,239,22.966666666666665,-0.0050576189532876015,-0.01219818898501191
UBFC_PHYS_s15_T1_test,16,0,16.0,0.3290283679962158,0.05401025023203517
UBFC_PHYS_s15_T1_test,16,1,16.033333333333335,0.2928389310836792,-0.053993900469792785
UBFC_PHYS_s15_T1_test,16,2,16.066666666666666,0.2077532261610031,-0.16071401795161697
UBFC_PHYS_s15_T1_test,16,3,16.1,0.04022744670510292,-0.2543932468238204
UBFC_PHYS_s15_T1_test,16,4,16.133333333333333,-0.17652291059494019,-0.30914255954626185
UBFC_PHYS_s15_T1_test,16,5,16.166666666666668,-0.375835120677948,-0.2912955035567775
UBFC_PHYS_s15_T1_test,16,6,16.2,-0.5520896315574646,-0.17403470874711796
UBFC_PHYS_s15_T1_test,16,7,16.233333333333334,-0.7708869576454163,0.04670679497184184
UBFC_PHYS_s15_T1_test,16,8,16.266666666666666,-1.016198754310608,0.3438591995291667
UBFC_PHYS_s15_T1_test,16,9,16.3,-1.119958519935608,0.6639681410526306
UBFC_PHYS_s15_T1_test,16,10,16.333333333333332,-0.9501540660858154,0.9438519543975395
UBFC_PHYS_s15_T1_test,16,11,16.366666666666667,-0.5596982836723328,1.1313282051976237
UBFC_PHYS_s15_T1_test,16,12,16.4,-0.13247376680374146,1.199936137684504
UBFC_PHYS_s15_T1_test,16,13,16.433333333333334,0.19054682552814484,1.1513468231447752
UBFC_PHYS_s15_T1_test,16,14,16.466666666666665,0.3959614336490631,1.0068093282224513
UBFC_PHYS_s15_T1_test,16,15,16.5,0.506596028804779,0.794711415705872
UBFC_PHYS_s15_T1_test,16,16,16.533333333333335,0.5219871401786804,0.540939612156796
UBFC_PHYS_s15_T1_test,16,17,16.566666666666666,0.49363812804222107,0.2642997879989714
UBFC_PHYS_s15_T1_test,16,18,16.6,0.4963996410369873,-0.024472394112029547
UBFC_PHYS_s15_T1_test,16,19,16.633333333333333,0.532511830329895,-0.32188207899850413
UBFC_PHYS_s15_T1_test,16,20,16.666666666666668,0.5492740869522095,-0.6283924555064182
UBFC_PHYS_s15_T1_test,16,21,16.7,0.5317973494529724,-0.9411398387889028
UBFC_PHYS_s15_T1_test,16,22,16.733333333333334,0.5040469169616699,-1.2443001453158835
UBFC_PHYS_s15_T1_test,16,23,16.766666666666666,0.4495696723461151,-1.5027693215115783
UBFC_PHYS_s15_T1_test,16,24,16.8,0.3255523145198822,-1.6650026712273962
UBFC_PHYS_s15_T1_test,16,25,16.833333333333332,0.1559988558292389,-1.6764962861544848
UBFC_PHYS_s15_T1_test,16,26,16.866666666666667,-0.0012919100699946284,-1.4992157926651437
UBFC_PHYS_s15_T1_test,16,27,16.9,-0.1388465017080307,-1.1286535549786607
UBFC_PHYS_s15_T1_test,16,28,16.933333333333334,-0.2907301187515259,-0.6015694949289228
UBFC_PHYS_s15_T1_test,16,29,16.966666666666665,-0.4843454957008362,0.008472891802168108
UBFC_PHYS_s15_T1_test,16,30,17.0,-0.6929271221160889,0.6070624702601307
UBFC_PHYS_s15_T1_test,16,31,17.033333333333335,-0.7630658745765686,1.1024248202891276
UBFC_PHYS_s15_T1_test,16,32,17.066666666666666,-0.5320444703102112,1.4290778135481996
UBFC_PHYS_s15_T1_test,16,33,17.1,-0.0646330714225769,1.5629005599758026
UBFC_PHYS_s15_T1_test,16,34,17.133333333333333,0.38022270798683167,1.5216194941162147
UBFC_PHYS_s15_T1_test,16,35,17.166666666666668,0.6487274169921875,1.3509852937969036
UBFC_PHYS_s15_T1_test,16,36,17.2,0.7820141911506653,1.1036350693203354
UBFC_PHYS_s15_T1_test,16,37,17.233333333333334,0.8314126133918762,0.8206478331343176
UBFC_PHYS_s15_T1_test,16,38,17.266666666666666,0.8064237236976624,0.5230186531100627
UBFC_PHYS_s15_T1_test,16,39,17.3,0.7716439962387085,0.2141653497891856
UBFC_PHYS_s15_T1_test,16,40,17.333333333333332,0.7882517576217651,-0.11060964983342
UBFC_PHYS_s15_T1_test,16,41,17.366666666666667,0.8268358111381531,-0.45336027725421507
UBFC_PHYS_s15_T1_test,16,42,17.4,0.8305628895759583,-0.8051586143674336
UBFC_PHYS_s15_T1_test,16,43,17.433333333333334,0.7876724004745483,-1.1414427507544114
UBFC_PHYS_s15_T1_test,16,44,17.466666666666665,0.7076269388198853,-1.421848352829892
UBFC_PHYS_s15_T1_test,16,45,17.5,0.5827792286872864,-1.595740853136563
UBFC_PHYS_s15_T1_test,16,46,17.533333333333335,0.3984139859676361,-1.6137712219910183
UBFC_PHYS_s15_T1_test,16,47,17.566666666666666,0.19128066301345825,-1.443260590250976
UBFC_PHYS_s15_T1_test,16,48,17.6,0.032116688787937164,-1.082441756198918
UBFC_PHYS_s15_T1_test,16,49,17.633333333333333,-0.07676058262586594,-0.5676522138162141
UBFC_PHYS_s15_T1_test,16,50,17.666666666666668,-0.2282000184059143,0.030340880942636417
UBFC_PHYS_s15_T1_test,16,51,17.7,-0.48251092433929443,0.6207412266591309
UBFC_PHYS_s15_T1_test,16,52,17.733333333333334,-0.7430786490440369,1.1138995480619764
UBFC_PHYS_s15_T1_test,16,53,17.766666666666666,-0.7987918257713318,1.4428933805553728
UBFC_PHYS_s15_T1_test,16,54,17.8,-0.5550442337989807,1.5786589046901567
UBFC_PHYS_s15_T1_test,16,55,17.833333333333332,-0.1614793837070465,1.533493421211231
UBFC_PHYS_s15_T1_test,16,56,17.866666666666667,0.176101952791214,1.351393232698536
UBFC_PHYS_s15_T1_test,16,57,17.9,0.37114638090133667,1.0886752768774934
UBFC_PHYS_s15_T1_test,16,58,17.933333333333334,0.43232467770576477,0.7929361506531475
UBFC_PHYS_s15_T1_test,16,59,17.966666666666665,0.3969656229019165,0.48964968567461936
UBFC_PHYS_s15_T1_test,16,60,18.0,0.3278696835041046,0.1819425063242298
UBFC_PHYS_s15_T1_test,16,61,18.033333333333335,0.2918154299259186,-0.1377351726341116
UBFC_PHYS_s15_T1_test,16,62,18.066666666666666,0.3109915852546692,-0.47131560564067176
UBFC_PHYS_s15_T1_test,16,63,18.1,0.3639625608921051,-0.8031317042762497
UBFC_PHYS_s15_T1_test,16,64,18.133333333333333,0.4123953878879547,-1.097684823272316
UBFC_PHYS_s15_T1_test,16,65,18.166666666666668,0.412163645029068,-1.307092559031208
UBFC_PHYS_s15_T1_test,16,66,18.2,0.33401069045066833,-1.3844183887669899
UBFC_PHYS_s15_T1_test,16,67,18.233333333333334,0.20605382323265076,-1.2981030855402202
UBFC_PHYS_s15_T1_test,16,68,18.266666666666666,0.08321446180343628,-1.0434684935294085
UBFC_PHYS_s15_T1_test,16,69,18.3,-0.022804729640483856,-0.648337694077757
UBFC_PHYS_s15_T1_test,16,70,18.333333333333332,-0.14689932763576508,-0.17058568393759813
UBFC_PHYS_s15_T1_test,16,71,18.366666666666667,-0.3222461938858032,0.31323087763184476
UBFC_PHYS_s15_T1_test,16,72,18.4,-0.4939239025115967,0.7262459422833345
UBFC_PHYS_s15_T1_test,16,73,18.433333333333334,-0.49015820026397705,1.0112181824554443
UBFC_PHYS_s15_T1_test,16,74,18.466666666666665,-0.22196246683597565,1.144355133664625
UBFC_PHYS_s15_T1_test,16,75,18.5,0.154936745762825,1.1369564073733152
UBFC_PHYS_s15_T1_test,16,76,18.533333333333335,0.41660523414611816,1.0245792884644993
UBFC_PHYS_s15_T1_test,16,77,18.566666666666666,0.5141660571098328,0.8495475170160672
UBFC_PHYS_s15_T1_test,16,78,18.6,0.5048580169677734,0.6449121094343624
UBFC_PHYS_s15_T1_test,16,79,18.633333333333333,0.43093425035476685,0.42588961546030996
UBFC_PHYS_s15_T1_test,16,80,18.666666666666668,0.3312491774559021,0.19050014203277074
UBFC_PHYS_s15_T1_test,16,81,18.7,0.26506924629211426,-0.07242532755211578
UBFC_PHYS_s15_T1_test,16,82,18.733333333333334,0.25670742988586426,-0.37101526544829955
UBFC_PHYS_s15_T1_test,16,83,18.766666666666666,0.272098571062088,-0.6977135600411764
UBFC_PHYS_s15_T1_test,16,84,18.8,0.2818121612071991,-1.0213195333442784
UBFC_PHYS_s15_T1_test,16,85,18.833333333333332,0.25863856077194214,-1.2885954963885353
UBFC_PHYS_s15_T1_test,16,86,18.866666666666667,0.15820035338401794,-1.4366678063847778
UBFC_PHYS_s15_T1_test,16,87,18.9,0.000252996280323714,-1.4122993570659146
UBFC_PHYS_s15_T1_test,16,88,18.933333333333334,-0.1320682317018509,-1.1908146507959254
UBFC_PHYS_s15_T1_test,16,89,18.966666666666665,-0.2178877741098404,-0.7876660885984589
UBFC_PHYS_s15_T1_test,16,90,19.0,-0.3125905394554138,-0.25882806461373875
UBFC_PHYS_s15_T1_test,16,91,19.033333333333335,-0.4502030611038208,0.3100125735619955
UBFC_PHYS_s15_T1_test,16,92,19.066666666666666,-0.5674228072166443,0.8229948688077325
UBFC_PHYS_s15_T1_test,16,93,19.1,-0.5247448086738586,1.1978878073446806
UBFC_PHYS_s15_T1_test,16,94,19.133333333333333,-0.25805532932281494,1.38738372147213
UBFC_PHYS_s15_T1_test,16,95,19.166666666666668,0.08821609616279602,1.3900485989932285
UBFC_PHYS_s15_T1_test,16,96,19.2,0.3107791543006897,1.245495456157658
UBFC_PHYS_s15_T1_test,16,97,19.233333333333334,0.3620893657207489,1.0147126590119537
UBFC_PHYS_s15_T1_test,16,98,19.266666666666666,0.31867748498916626,0.7543033866674895
UBFC_PHYS_s15_T1_test,16,99,19.3,0.26153528690338135,0.49697650269209864
UBFC_PHYS_s15_T1_test,16,100,19.333333333333332,0.23990657925605774,0.24652372683510215
UBFC_PHYS_s15_T1_test,16,101,19.366666666666667,0.270495742559433,-0.012750751386854959
UBFC_PHYS_s15_T1_test,16,102,19.4,0.3510432839393616,-0.2987182359561971
UBFC_PHYS_s15_T1_test,16,103,19.433333333333334,0.4736122786998749,-0.6147319472871452
UBFC_PHYS_s15_T1_test,16,104,19.466666666666665,0.6035196185112,-0.939816782617721
UBFC_PHYS_s15_T1_test,16,105,19.5,0.6815567016601562,-1.2283906905353943
UBFC_PHYS_s15_T1_test,16,106,19.533333333333335,0.6554091572761536,-1.4195382986876666
UBFC_PHYS_s15_T1_test,16,107,19.566666666666666,0.5198628902435303,-1.4538000069085664
UBFC_PHYS_s15_T1_test,16,108,19.6,0.327985554933548,-1.2929752452133947
UBFC_PHYS_s15_T1_test,16,109,19.633333333333333,0.14273197948932648,-0.9364978020494118
UBFC_PHYS_s15_T1_test,16,110,19.666666666666668,-0.04947367683053017,-0.42807723378393425
UBFC_PHYS_s15_T1_test,16,111,19.7,-0.2952682673931122,0.151003808920949
UBFC_PHYS_s15_T1_test,16,112,19.733333333333334,-0.5386489629745483,0.7009957095284212
UBFC_PHYS_s15_T1_test,16,113,19.766666666666666,-0.6066441535949707,1.129519172624801
UBFC_PHYS_s15_T1_test,16,114,19.8,-0.4045897126197815,1.3755259381200418
UBFC_PHYS_s15_T1_test,16,115,19.833333333333332,-0.07525429874658585,1.4231018085247797
UBFC_PHYS_s15_T1_test,16,116,19.866666666666667,0.1712934374809265,1.3005539562763246
UBFC_PHYS_s15_T1_test,16,117,19.9,0.27868372201919556,1.0656535184557896
UBFC_PHYS_s15_T1_test,16,118,19.933333333333334,0.30801764130592346,0.7827895703859095
UBFC_PHYS_s15_T1_test,16,119,19.966666666666665,0.2937658727169037,0.5006856257330742
UBFC_PHYS_s15_T1_test,16,120,20.0,0.24357573688030243,0.23932602048818538
UBFC_PHYS_s15_T1_test,16,121,20.033333333333335,0.18697422742843628,-0.008853473632816475
UBFC_PHYS_s15_T1_test,16,122,20.066666666666666,0.14394859969615936,-0.26483838874047344
UBFC_PHYS_s15_T1_test,16,123,20.1,0.11710584908723831,-0.5432852874440589
UBFC_PHYS_s15_T1_test,16,124,20.133333333333333,0.11559956520795822,-0.8367512844892001
UBFC_PHYS_s15_T1_test,16,125,20.166666666666668,0.13572196662425995,-1.111057314375163
UBFC_PHYS_s15_T1_test,16,126,20.2,0.13257421553134918,-1.313225078925628
UBFC_PHYS_s15_T1_test,16,127,20.233333333333334,0.06249340996146202,-1.3878896427809024
UBFC_PHYS_s15_T1_test,16,128,20.266666666666666,-0.043931324034929276,-1.295596329045102
UBFC_PHYS_s15_T1_test,16,129,20.3,-0.11509357392787933,-1.0269890953144676
UBFC_PHYS_s15_T1_test,16,130,20.333333333333332,-0.15365830063819885,-0.6090509704017374
UBFC_PHYS_s15_T1_test,16,131,20.366666666666667,-0.22885660827159882,-0.10187083618047363
UBFC_PHYS_s15_T1_test,16,132,20.4,-0.3668167293071747,0.41367545501357156
UBFC_PHYS_s15_T1_test,16,133,20.433333333333334,-0.4814874231815338,0.8549402226393386
UBFC_PHYS_s15_T1_test,16,134,20.466666666666665,-0.4279177784919739,1.1583497756857546
UBFC_PHYS_s15_T1_test,16,135,20.5,-0.17210061848163605,1.2950797788827209
UBFC_PHYS_s15_T1_test,16,136,20.533333333333335,0.1088792234659195,1.2746810022424553
UBFC_PHYS_s15_T1_test,16,137,20.566666666666666,0.23113924264907837,1.134428593638077
UBFC_PHYS_s15_T1_test,16,138,20.6,0.2226615697145462,0.9202525206505091
UBFC_PHYS_s15_T1_test,16,139,20.633333333333333,0.1941194236278534,0.6697143109704604
UBFC_PHYS_s15_T1_test,16,140,20.666666666666668,0.16913056373596191,0.4039723757035279
UBFC_PHYS_s15_T1_test,16,141,20.7,0.13025686144828796,0.12888395478795153
UBFC_PHYS_s15_T1_test,16,142,20.733333333333334,0.1010967567563057,-0.15802948616449122
UBFC_PHYS_s15_T1_test,16,143,20.766666666666666,0.11036619544029236,-0.4579476564653658
UBFC_PHYS_s15_T1_test,16,144,20.8,0.14085878431797028,-0.761079297148612
UBFC_PHYS_s15_T1_test,16,145,20.833333333333332,0.16439929604530334,-1.0400320810892325
UBFC_PHYS_s15_T1_test,16,146,20.866666666666667,0.17335975170135498,-1.2500944067596618
UBFC_PHYS_s15_T1_test,16,147,20.9,0.14752118289470673,-1.3390158094882745
UBFC_PHYS_s15_T1_test,16,148,20.933333333333334,0.05670000985264778,-1.2644066656333097
UBFC_PHYS_s15_T1_test,16,149,20.966666666666665,-0.06424684077501297,-1.0120177312139527
UBFC_PHYS_s15_T1_test,16,150,21.0,-0.1515340507030487,-0.6065879512660013
UBFC_PHYS_s15_T1_test,16,151,21.033333333333335,-0.22765929996967316,-0.10979184830935439
UBFC_PHYS_s15_T1_test,16,152,21.066666666666666,-0.35273876786231995,0.3944713790694057
UBFC_PHYS_s15_T1_test,16,153,21.1,-0.49629920721054077,0.8220426299623872
UBFC_PHYS_s15_T1_test,16,154,21.133333333333333,-0.5513944029808044,1.110303080074579
UBFC_PHYS_s15_T1_test,16,155,21.166666666666668,-0.438403844833374,1.2329967129124044
UBFC_PHYS_s15_T1_test,16,156,21.2,-0.18809039890766144,1.2031763270240845
UBFC_PHYS_s15_T1_test,16,157,21.233333333333334,0.07234218716621399,1.0629586196529348
UBFC_PHYS_s15_T1_test,16,158,21.266666666666666,0.23349522054195404,0.8640087998094471
UBFC_PHYS_s15_T1_test,16,159,21.3,0.27897340059280396,0.6471108193139131
UBFC_PHYS_s15_T1_test,16,160,21.333333333333332,0.2437688559293747,0.42988652785106474
UBFC_PHYS_s15_T1_test,16,161,21.366666666666667,0.16302818059921265,0.20760243075030482
UBFC_PHYS_s15_T1_test,16,162,21.4,0.08031776547431946,-0.03510905146252235
UBFC_PHYS_s15_T1_test,16,163,21.433333333333334,0.04343312606215477,-0.3089925402238593
UBFC_PHYS_s15_T1_test,16,164,21.466666666666665,0.0627637654542923,-0.6085910927053668
UBFC_PHYS_s15_T1_test,16,165,21.5,0.09671308100223541,-0.9079167800699428
UBFC_PHYS_s15_T1_test,16,166,21.533333333333335,0.10016980767250061,-1.1635445114922378
UBFC_PHYS_s15_T1_test,16,167,21.566666666666666,0.06479145586490631,-1.323612764348422
UBFC_PHYS_s15_T1_test,16,168,21.6,0.006567800883203745,-1.3407404040332238
UBFC_PHYS_s15_T1_test,16,169,21.633333333333333,-0.05084478110074997,-1.1863455094349862
UBFC_PHYS_s15_T1_test,16,170,21.666666666666668,-0.11001469194889069,-0.8626638716832208
UBFC_PHYS_s15_T1_test,16,171,21.7,-0.20338496565818787,-0.40801714607826484
UBFC_PHYS_s15_T1_test,16,172,21.733333333333334,-0.3324812054634094,0.10801391353652913
UBFC_PHYS_s15_T1_test,16,173,21.766666666666666,-0.4256197512149811,0.5998193685029963
UBFC_PHYS_s15_T1_test,16,174,21.8,-0.3854135572910309,0.987693378578865
UBFC_PHYS_s15_T1_test,16,175,21.833333333333332,-0.1898670345544815,1.2191542757627114
UBFC_PHYS_s15_T1_test,16,176,21.866666666666667,0.06257065385580063,1.2810426089540012
UBFC_PHYS_s15_T1_test,16,177,21.9,0.23088820278644562,1.1971287903773074
UBFC_PHYS_s15_T1_test,16,178,21.933333333333334,0.2723882496356964,1.0133766439643488
UBFC_PHYS_s15_T1_test,16,179,21.966666666666665,0.24668486416339874,0.7788319006343454
UBFC_PHYS_s15_T1_test,16,180,22.0,0.20418062806129456,0.5299304796831449
UBFC_PHYS_s15_T1_test,16,181,22.033333333333335,0.15526503324508667,0.28257987816902574
UBFC_PHYS_s15_T1_test,16,182,22.066666666666666,0.11836108565330505,0.03376493382062188
UBFC_PHYS_s15_T1_test,16,183,22.1,0.11142831295728683,-0.2279630559292484
UBFC_PHYS_s15_T1_test,16,184,22.133333333333333,0.12282200157642365,-0.5073893879676905
UBFC_PHYS_s15_T1_test,16,185,22.166666666666668,0.12683875858783722,-0.7900197982812959
UBFC_PHYS_s15_T1_test,16,186,22.2,0.10690946131944656,-1.0383925119807653
UBFC_PHYS_s15_T1_test,16,187,22.233333333333334,0.05133146047592163,-1.1998211275550985
UBFC_PHYS_s15_T1_test,16,188,22.266666666666666,-0.035299159586429596,-1.2229465942691047
UBFC_PHYS_s15_T1_test,16,189,22.3,-0.11880134791135788,-1.0767833453250453
UBFC_PHYS_s15_T1_test,16,190,22.333333333333332,-0.18030792474746704,-0.7652563967045215
UBFC_PHYS_s15_T1_test,16,191,22.366666666666667,-0.24739548563957214,-0.331944990224876
UBFC_PHYS_s15_T1_test,16,192,22.4,-0.3558672070503235,0.14743960900759584
UBFC_PHYS_s15_T1_test,16,193,22.433333333333334,-0.48851674795150757,0.5838853565038071
UBFC_PHYS_s15_T1_test,16,194,22.466666666666665,-0.5532289743423462,0.900364129346
UBFC_PHYS_s15_T1_test,16,195,22.5,-0.44728705286979675,1.0549230773157248
UBFC_PHYS_s15_T1_test,16,196,22.533333333333335,-0.1917402297258377,1.05127079444396
UBFC_PHYS_s15_T1_test,16,197,22.566666666666666,0.05610135942697525,0.9306792357161786
UBFC_PHYS_s15_T1_test,16,198,22.6,0.1975182145833969,0.7491068043677478
UBFC_PHYS_s15_T1_test,16,199,22.633333333333333,0.24853874742984772,0.5521679200861174
UBFC_PHYS_s15_T1_test,16,200,22.666666666666668,0.24569998681545258,0.36073308981873164
UBFC_PHYS_s15_T1_test,16,201,22.7,0.20864154398441315,0.17214963967599914
UBFC_PHYS_s15_T1_test,16,202,22.733333333333334,0.16851259768009186,-0.02766160562974196
UBFC_PHYS_s15_T1_test,16,203,22.766666666666666,0.14725083112716675,-0.2506267413228356
UBFC_PHYS_s15_T1_test,16,204,22.8,0.13228455185890198,-0.4976873127150384
UBFC_PHYS_s15_T1_test,16,205,22.833333333333332,0.1188245564699173,-0.7551379494047376
UBFC_PHYS_s15_T1_test,16,206,22.866666666666667,0.11863144487142563,-0.9942968270094172
UBFC_PHYS_s15_T1_test,16,207,22.9,0.11513609439134598,-1.174111056889381
UBFC_PHYS_s15_T1_test,16,208,22.933333333333334,0.07056554406881332,-1.2481060238621824
UBFC_PHYS_s15_T1_test,16,209,22.966666666666665,-0.0050576189532876015,-1.1765052430649328
UBFC_PHYS_s15_T1_test,16,210,23.0,-0.06695042550563812,-0.94102962173728
UBFC_PHYS_s15_T1_test,16,211,23.033333333333335,-0.11661916226148605,-0.5567136635487844
UBFC_PHYS_s15_T1_test,16,212,23.066666666666666,-0.19191403687000275,-0.07498757642287107
UBFC_PHYS_s15_T1_test,16,213,23.1,-0.302046537399292,0.42497047922156717
UBFC_PHYS_s15_T1_test,16,214,23.133333333333333,-0.41739311814308167,0.8556181907147872
UBFC_PHYS_s15_T1_test,16,215,23.166666666666668,-0.4602256417274475,1.1457201769841114
UBFC_PHYS_s15_T1_test,16,216,23.2,-0.3581266403198242,1.2612024898189402
UBFC_PHYS_s15_T1_test,16,217,23.233333333333334,-0.13741746544837952,1.2131080221059392
UBFC_PHYS_s15_T1_test,16,218,23.266666666666666,0.10882128775119781,1.0487680173592493
UBFC_PHYS_s15_T1_test,16,219,23.3,0.30794039368629456,0.83012018412765
UBFC_PHYS_s15_T1_test,16,220,23.333333333333332,0.4213365316390991,0.6091940221882791
UBFC_PHYS_s15_T1_test,16,221,23.366666666666667,0.44939589500427246,0.4119538787112752
UBFC_PHYS_s15_T1_test,16,222,23.4,0.4479668438434601,0.23714995091795651
UBFC_PHYS_s15_T1_test,16,223,23.433333333333334,0.4701941907405853,0.06872852606222957
UBFC_PHYS_s15_T1_test,16,224,23.466666666666665,0.5055339336395264,-0.10696112346059164
UBFC_PHYS_s15_T1_test,16,225,23.5,0.5086237192153931,-0.2894314098867411
UBFC_PHYS_s15_T1_test,16,226,23.533333333333335,0.47575584053993225,-0.4624666009729202
UBFC_PHYS_s15_T1_test,16,227,23.566666666666666,0.44773510098457336,-0.6001688553122638
UBFC_PHYS_s15_T1_test,16,228,23.6,0.43006524443626404,-0.6753593289752059
UBFC_PHYS_s15_T1_test,16,229,23.633333333333333,0.38101446628570557,-0.6668018627261254
UBFC_PHYS_s15_T1_test,16,230,23.666666666666668,0.28480541706085205,-0.5646840385092504
UBFC_PHYS_s15_T1_test,16,231,23.7,0.1845410019159317,-0.3750725850506988
UBFC_PHYS_s15_T1_test,16,232,23.733333333333334,0.1228606253862381,-0.12284231024475623
UBFC_PHYS_s15_T1_test,16,233,23.766666666666666,0.07805833965539932,0.1491109674457982
UBFC_PHYS_s15_T1_test,16,234,23.8,-0.010696527548134327,0.38635410595516506
UBFC_PHYS_s15_T1_test,16,235,23.833333333333332,-0.15278927981853485,0.5349020452221783
UBFC_PHYS_s15_T1_test,16,236,23.866666666666667,-0.28653955459594727,0.5557629188983098
UBFC_PHYS_s15_T1_test,16,237,23.9,-0.3306080102920532,0.437240014609188
UBFC_PHYS_s15_T1_test,16,238,23.933333333333334,-0.24042409658432007,0.200274473739148
UBFC_PHYS_s15_T1_test,16,239,23.966666666666665,-0.04800601303577423,-0.1055448123021061
UBFC_PHYS_s15_T1_test,17,0,17.0,-0.6929271221160889,-0.004150026570147989
UBFC_PHYS_s15_T1_test,17,1,17.033333333333335,-0.7630658745765686,0.7740184110884121
UBFC_PHYS_s15_T1_test,17,2,17.066666666666666,-0.5320444703102112,1.4294011491325485
UBFC_PHYS_s15_T1_test,17,3,17.1,-0.0646330714225769,1.8716075465530329
UBFC_PHYS_s15_T1_test,17,4,17.133333333333333,0.38022270798683167,2.0607177075472665
UBFC_PHYS_s15_T1_test,17,5,17.166666666666668,0.6487274169921875,2.0110740601755883
UBFC_PHYS_s15_T1_test,17,6,17.2,0.7820141911506653,1.7771519313870416
UBFC_PHYS_s15_T1_test,17,7,17.233333333333334,0.8314126133918762,1.429292393327684
UBFC_PHYS_s15_T1_test,17,8,17.266666666666666,0.8064237236976624,1.0306805142317534
UBFC_PHYS_s15_T1_test,17,9,17.3,0.7716439962387085,0.6239332368760546
UBFC_PHYS_s15_T1_test,17,10,17.333333333333332,0.7882517576217651,0.22933833444642146
UBFC_PHYS_s15_T1_test,17,11,17.366666666666667,0.8268358111381531,-0.14845257410881074
UBFC_PHYS_s15_T1_test,17,12,17.4,0.8305628895759583,-0.5100144160721927
UBFC_PHYS_s15_T1_test,17,13,17.433333333333334,0.7876724004745483,-0.8507694019498852
UBFC_PHYS_s15_T1_test,17,14,17.466666666666665,0.7076269388198853,-1.153322726967225
UBFC_PHYS_s15_T1_test,17,15,17.5,0.5827792286872864,-1.3849231555997477
UBFC_PHYS_s15_T1_test,17,16,17.533333333333335,0.3984139859676361,-1.502220575082426
UBFC_PHYS_s15_T1_test,17,17,17.566666666666666,0.19128066301345825,-1.4637058169759578
UBFC_PHYS_s15_T1_test,17,18,17.6,0.032116688787937164,-1.2464660735574673
UBFC_PHYS_s15_T1_test,17,19,17.633333333333333,-0.07676058262586594,-0.8604792582357227
UBFC_PHYS_s15_T1_test,17,20,17.666666666666668,-0.2282000184059143,-0.353394932970838
UBFC_PHYS_s15_T1_test,17,21,17.7,-0.48251092433929443,0.1976624990738058
UBFC_PHYS_s15_T1_test,17,22,17.733333333333334,-0.7430786490440369,0.704895291419313
UBFC_PHYS_s15_T1_test,17,23,17.766666666666666,-0.7987918257713318,1.0922072949310078
UBFC_PHYS_s15_T1_test,17,24,17.8,-0.5550442337989807,1.3132317242338702
UBFC_PHYS_s15_T1_test,17,25,17.833333333333332,-0.1614793837070465,1.359379703181412
UBFC_PHYS_s15_T1_test,17,26,17.866666666666667,0.176101952791214,1.2558923116733733
UBFC_PHYS_s15_T1_test,17,27,17.9,0.37114638090133667,1.047928671964784
UBFC_PHYS_s15_T1_test,17,28,17.933333333333334,0.43232467770576477,0.7824244245644051
UBFC_PHYS_s15_T1_test,17,29,17.966666666666665,0.3969656229019165,0.4931683070153369
UBFC_PHYS_s15_T1_test,17,30,18.0,0.3278696835041046,0.19501341858346127
UBFC_PHYS_s15_T1_test,17,31,18.033333333333335,0.2918154299259186,-0.11123735335829074
UBFC_PHYS_s15_T1_test,17,32,18.066666666666666,0.3109915852546692,-0.4269474017560595
UBFC_PHYS_s15_T1_test,17,33,18.1,0.3639625608921051,-0.7434518406367213
UBFC_PHYS_s15_T1_test,17,34,18.133333333333333,0.4123953878879547,-1.0353487783807462
UBFC_PHYS_s15_T1_test,17,35,18.166666666666668,0.412163645029068,-1.2618231499023307
UBFC_PHYS_s15_T1_test,17,36,18.2,0.33401069045066833,-1.37544210450531
UBFC_PHYS_s15_T1_test,17,37,18.233333333333334,0.20605382323265076,-1.335822819712558
UBFC_PHYS_s15_T1_test,17,38,18.266666666666666,0.08321446180343628,-1.124376815420311
UBFC_PHYS_s15_T1_test,17,39,18.3,-0.022804729640483856,-0.7555113764788246
UBFC_PHYS_s15_T1_test,17,40,18.333333333333332,-0.14689932763576508,-0.27940297537132086
UBFC_PHYS_s15_T1_test,17,41,18.366666666666667,-0.3222461938858032,0.22692489148832448
UBFC_PHYS_s15_T1_test,17,42,18.4,-0.4939239025115967,0.6792229916688126
UBFC_PHYS_s15_T1_test,17,43,18.433333333333334,-0.49015820026397705,1.0098509117059364
UBFC_PHYS_s15_T1_test,17,44,18.466666666666665,-0.22196246683597565,1.185736616802683
UBFC_PHYS_s15_T1_test,17,45,18.5,0.154936745762825,1.2121906353892122
UBFC_PHYS_s15_T1_test,17,46,18.533333333333335,0.41660523414611816,1.1218667933981818
UBFC_PHYS_s15_T1_test,17,47,18.566666666666666,0.5141660571098328,0.9560469699087047
UBFC_PHYS_s15_T1_test,17,48,18.6,0.5048580169677734,0.7479497772375578
UBFC_PHYS_s15_T1_test,17,49,18.633333333333333,0.43093425035476685,0.5145539799716576
UBFC_PHYS_s15_T1_test,17,50,18.666666666666668,0.3312491774559021,0.2578077365133765
UBFC_PHYS_s15_T1_test,17,51,18.7,0.26506924629211426,-0.02787414961074781
UBFC_PHYS_s15_T1_test,17,52,18.733333333333334,0.25670742988586426,-0.34537227662086034
UBFC_PHYS_s15_T1_test,17,53,18.766666666666666,0.272098571062088,-0.6846213013700453
UBFC_PHYS_s15_T1_test,17,54,18.8,0.2818121612071991,-1.0155459940573075
UBFC_PHYS_s15_T1_test,17,55,18.833333333333332,0.25863856077194214,-1.2879550542807847
UBFC_PHYS_s15_T1_test,17,56,18.866666666666667,0.15820035338401794,-1.4407562441867117
UBFC_PHYS_s15_T1_test,17,57,18.9,0.000252996280323714,-1.4192797428239559
UBFC_PHYS_s15_T1_test,17,58,18.933333333333334,-0.1320682317018509,-1.1953388717394735
UBFC_PHYS_s15_T1_test,17,59,18.966666666666665,-0.2178877741098404,-0.782231593138665
UBFC_PHYS_s15_T1_test,17,60,19.0,-0.3125905394554138,-0.2378652980967911
UBFC_PHYS_s15_T1_test,17,61,19.033333333333335,-0.4502030611038208,0.346636685208485
UBFC_PHYS_s15_T1_test,17,62,19.066666666666666,-0.5674228072166443,0.8698667445021349
UBFC_PHYS_s15_T1_test,17,63,19.1,-0.5247448086738586,1.2470547813849786
UBFC_PHYS_s15_T1_test,17,64,19.133333333333333,-0.25805532932281494,1.4318515920860486
UBFC_PHYS_s15_T1_test,17,65,19.166666666666668,0.08821609616279602,1.425480683069662
UBFC_PHYS_s15_T1_test,17,66,19.2,0.3107791543006897,1.2699183599771533
UBFC_PHYS_s15_T1_test,17,67,19.233333333333334,0.3620893657207489,1.0276995798563267
UBFC_PHYS_s15_T1_test,17,68,19.266666666666666,0.31867748498916626,0.7568634838175602
UBFC_PHYS_s15_T1_test,17,69,19.3,0.26153528690338135,0.49189857069880283
UBFC_PHYS_s15_T1_test,17,70,19.333333333333332,0.23990657925605774,0.23818644588165205
UBFC_PHYS_s15_T1_test,17,71,19.366666666666667,0.270495742559433,-0.01953374520846004
UBFC_PHYS_s15_T1_test,17,72,19.4,0.3510432839393616,-0.30057123355817866
UBFC_PHYS_s15_T1_test,17,73,19.433333333333334,0.4736122786998749,-0.6118705370904114
UBFC_PHYS_s15_T1_test,17,74,19.466666666666665,0.6035196185112,-0.9378423051154718
UBFC_PHYS_s15_T1_test,17,75,19.5,0.6815567016601562,-1.238651742232919
UBFC_PHYS_s15_T1_test,17,76,19.533333333333335,0.6554091572761536,-1.4568764693168077
UBFC_PHYS_s15_T1_test,17,77,19.566666666666666,0.5198628902435303,-1.5314175168026958
UBFC_PHYS_s15_T1_test,17,78,19.6,0.327985554933548,-1.4161112493553056
UBFC_PHYS_s15_T1_test,17,79,19.633333333333333,0.14273197948932648,-1.098187426684111
UBFC_PHYS_s15_T1_test,17,80,19.666666666666668,-0.04947367683053017,-0.6096774069681858
UBFC_PHYS_s15_T1_test,17,81,19.7,-0.2952682673931122,-0.025410285556023097
UBFC_PHYS_s15_T1_test,17,82,19.733333333333334,-0.5386489629745483,0.5542888188683751
UBFC_PHYS_s15_T1_test,17,83,19.766666666666666,-0.6066441535949707,1.031172133500531
UBFC_PHYS_s15_T1_test,17,84,19.8,-0.4045897126197815,1.336186445488892
UBFC_PHYS_s15_T1_test,17,85,19.833333333333332,-0.07525429874658585,1.4450883666643994
UBFC_PHYS_s15_T1_test,17,86,19.866666666666667,0.1712934374809265,1.3776133349881408
UBFC_PHYS_s15_T1_test,17,87,19.9,0.27868372201919556,1.1830646517267085
UBFC_PHYS_s15_T1_test,17,88,19.933333333333334,0.30801764130592346,0.9195236486089022
UBFC_PHYS_s15_T1_test,17,89,19.966666666666665,0.2937658727169037,0.6344033746491998
UBFC_PHYS_s15_T1_test,17,90,20.0,0.24357573688030243,0.3526229093131169
UBFC_PHYS_s15_T1_test,17,91,20.033333333333335,0.18697422742843628,0.0759047351091265
UBFC_PHYS_s15_T1_test,17,92,20.066666666666666,0.14394859969615936,-0.20723080021054494
UBFC_PHYS_s15_T1_test,17,93,20.1,0.11710584908723831,-0.5054068860837362
UBFC_PHYS_s15_T1_test,17,94,20.133333333333333,0.11559956520795822,-0.8097789744563898
UBFC_PHYS_s15_T1_test,17,95,20.166666666666668,0.13572196662425995,-1.087921376474586
UBFC_PHYS_s15_T1_test,17,96,20.2,0.13257421553134918,-1.2890798739881792
UBFC_PHYS_s15_T1_test,17,97,20.233333333333334,0.06249340996146202,-1.3585494374034046
UBFC_PHYS_s15_T1_test,17,98,20.266666666666666,-0.043931324034929276,-1.255912120488684
UBFC_PHYS_s15_T1_test,17,99,20.3,-0.11509357392787933,-0.9711931500702076
UBFC_PHYS_s15_T1_test,17,100,20.333333333333332,-0.15365830063819885,-0.533664238502355
UBFC_PHYS_s15_T1_test,17,101,20.366666666666667,-0.22885660827159882,-0.009672134461392493
UBFC_PHYS_s15_T1_test,17,102,20.4,-0.3668167293071747,0.5113859686841261
UBFC_PHYS_s15_T1_test,17,103,20.433333333333334,-0.4814874231815338,0.9399036713493951
UBFC_PHYS_s15_T1_test,17,104,20.466666666666665,-0.4279177784919739,1.2104961035051944
UBFC_PHYS_s15_T1_test,17,105,20.5,-0.17210061848163605,1.2987345757091828
UBFC_PHYS_s15_T1_test,17,106,20.533333333333335,0.1088792234659195,1.2230917568443191
UBFC_PHYS_s15_T1_test,17,107,20.566666666666666,0.23113924264907837,1.0313709490289757
UBFC_PHYS_s15_T1_test,17,108,20.6,0.2226615697145462,0.7785962677576502
UBFC_PHYS_s15_T1_test,17,109,20.633333333333333,0.1941194236278534,0.5072104524184127
UBFC_PHYS_s15_T1_test,17,110,20.666666666666668,0.16913056373596191,0.2375449991420499
UBFC_PHYS_s15_T1_test,17,111,20.7,0.13025686144828796,-0.029958130763452853
UBFC_PHYS_s15_T1_test,17,112,20.733333333333334,0.1010967567563057,-0.3044119060271274
UBFC_PHYS_s15_T1_test,17,113,20.766666666666666,0.11036619544029236,-0.5914338158760024
UBFC_PHYS_s15_T1_test,17,114,20.8,0.14085878431797028,-0.8819316816123266
UBFC_PHYS_s15_T1_test,17,115,20.833333333333332,0.16439929604530334,-1.146007376871275
UBFC_PHYS_s15_T1_test,17,116,20.866666666666667,0.17335975170135498,-1.3347823995232087
UBFC_PHYS_s15_T1_test,17,117,20.9,0.14752118289470673,-1.391713594239916
UBFC_PHYS_s15_T1_test,17,118,20.933333333333334,0.05670000985264778,-1.2714553989848185
UBFC_PHYS_s15_T1_test,17,119,20.966666666666665,-0.06424684077501297,-0.9599246501783454
UBFC_PHYS_s15_T1_test,17,120,21.0,-0.1515340507030487,-0.4868257474514507
UBFC_PHYS_s15_T1_test,17,121,21.033333333333335,-0.22765929996967316,0.07622866007301635
UBFC_PHYS_s15_T1_test,17,122,21.066666666666666,-0.35273876786231995,0.6327884895929184
UBFC_PHYS_s15_T1_test,17,123,21.1,-0.49629920721054077,1.0877297112276514
UBFC_PHYS_s15_T1_test,17,124,21.133333333333333,-0.5513944029808044,1.3726483813319705
UBFC_PHYS_s15_T1_test,17,125,21.166666666666668,-0.438403844833374,1.4614724737445988
UBFC_PHYS_s15_T1_test,17,126,21.2,-0.18809039890766144,1.3717841639677095
UBFC_PHYS_s15_T1_test,17,127,21.233333333333334,0.07234218716621399,1.152870360409582
UBFC_PHYS_s15_T1_test,17,128,21.266666666666666,0.23349522054195404,0.8656589063626013
UBFC_PHYS_s15_T1_test,17,129,21.3,0.27897340059280396,0.5619377047075472
UBFC_PHYS_s15_T1_test,17,130,21.333333333333332,0.2437688559293747,0.2705449285314505
UBFC_PHYS_s15_T1_test,17,131,21.366666666666667,0.16302818059921265,-0.004475735225706688
UBFC_PHYS_s15_T1_test,17,132,21.4,0.08031776547431946,-0.2743038687958166
UBFC_PHYS_s15_T1_test,17,133,21.433333333333334,0.04343312606215477,-0.5501039617411634
UBFC_PHYS_s15_T1_test,17,134,21.466666666666665,0.0627637654542923,-0.8295172984546266
UBFC_PHYS_s15_T1_test,17,135,21.5,0.09671308100223541,-1.090239960225814
UBFC_PHYS_s15_T1_test,17,136,21.533333333333335,0.10016980767250061,-1.2922742085005414
UBFC_PHYS_s15_T1_test,17,137,21.566666666666666,0.06479145586490631,-1.3873428767654075
UBFC_PHYS_s15_T1_test,17,138,21.6,0.006567800883203745,-1.3327134392510043
UBFC_PHYS_s15_T1_test,17,139,21.633333333333333,-0.05084478110074997,-1.1061925930648768
UBFC_PHYS_s15_T1_test,17,140,21.666666666666668,-0.11001469194889069,-0.7181087302612691
UBFC_PHYS_s15_T1_test,17,141,21.7,-0.20338496565818787,-0.21550074917931095
UBFC_PHYS_s15_T1_test,17,142,21.733333333333334,-0.3324812054634094,0.3249527788333844
UBFC_PHYS_s15_T1_test,17,143,21.766666666666666,-0.4256197512149811,0.8148750023928766
UBFC_PHYS_s15_T1_test,17,144,21.8,-0.3854135572910309,1.177430133442903
UBFC_PHYS_s15_T1_test,17,145,21.833333333333332,-0.1898670345544815,1.3670181100153511
UBFC_PHYS_s15_T1_test,17,146,21.866666666666667,0.06257065385580063,1.377824333825721
UBFC_PHYS_s15_T1_test,17,147,21.9,0.23088820278644562,1.2387763339425113
UBFC_PHYS_s15_T1_test,17,148,21.933333333333334,0.2723882496356964,0.9985892133752611
UBFC_PHYS_s15_T1_test,17,149,21.966666666666665,0.24668486416339874,0.7080957449392007
UBFC_PHYS_s15_T1_test,17,150,22.0,0.20418062806129456,0.4062884403878441
UBFC_PHYS_s15_T1_test,17,151,22.033333333333335,0.15526503324508667,0.11356433553321227
UBFC_PHYS_s15_T1_test,17,152,22.066666666666666,0.11836108565330505,-0.16678747025227214
UBFC_PHYS_s15_T1_test,17,153,22.1,0.11142831295728683,-0.439859912461975
UBFC_PHYS_s15_T1_test,17,154,22.133333333333333,0.12282200157642365,-0.7066066493678974
UBFC_PHYS_s15_T1_test,17,155,22.166666666666668,0.12683875858783722,-0.9529628911069354
UBFC_PHYS_s15_T1_test,17,156,22.2,0.10690946131944656,-1.1461182588538685
UBFC_PHYS_s15_T1_test,17,157,22.233333333333334,0.05133146047592163,-1.240882428532568
UBFC_PHYS_s15_T1_test,17,158,22.266666666666666,-0.035299159586429596,-1.1945771099447442
UBFC_PHYS_s15_T1_test,17,159,22.3,-0.11880134791135788,-0.984775363290798
UBFC_PHYS_s15_T1_test,17,160,22.333333333333332,-0.18030792474746704,-0.6227079413273323
UBFC_PHYS_s15_T1_test,17,161,22.366666666666667,-0.24739548563957214,-0.15663380433293442
UBFC_PHYS_s15_T1_test,17,162,22.4,-0.3558672070503235,0.3369956096028962
UBFC_PHYS_s15_T1_test,17,163,22.433333333333334,-0.48851674795150757,0.772475432328082
UBFC_PHYS_s15_T1_test,17,164,22.466666666666665,-0.5532289743423462,1.0780636582352634
UBFC_PHYS_s15_T1_test,17,165,22.5,-0.44728705286979675,1.21542864168333
UBFC_PHYS_s15_T1_test,17,166,22.533333333333335,-0.1917402297258377,1.1875761844782038
UBFC_PHYS_s15_T1_test,17,167,22.566666666666666,0.05610135942697525,1.0315640060014337
UBFC_PHYS_s15_T1_test,17,168,22.6,0.1975182145833969,0.7994479248670348
UBFC_PHYS_s15_T1_test,17,169,22.633333333333333,0.24853874742984772,0.5369154751423157
UBFC_PHYS_s15_T1_test,17,170,22.666666666666668,0.24569998681545258,0.26978002165502313
UBFC_PHYS_s15_T1_test,17,171,22.7,0.20864154398441315,0.003458137457366824
UBFC_PHYS_s15_T1_test,17,172,22.733333333333334,0.16851259768009186,-0.2671151945999247
UBFC_PHYS_s15_T1_test,17,173,22.766666666666666,0.14725083112716675,-0.5445425214151798
UBFC_PHYS_s15_T1_test,17,174,22.8,0.13228455185890198,-0.819399530229632
UBFC_PHYS_s15_T1_test,17,175,22.833333333333332,0.1188245564699173,-1.0665810741692643
UBFC_PHYS_s15_T1_test,17,176,22.866666666666667,0.11863144487142563,-1.247610474932356
UBFC_PHYS_s15_T1_test,17,177,22.9,0.11513609439134598,-1.3183414233467006
UBFC_PHYS_s15_T1_test,17,178,22.933333333333334,0.07056554406881332,-1.2410335927149834
UBFC_PHYS_s15_T1_test,17,179,22.966666666666665,-0.0050576189532876015,-0.9983274622827812
UBFC_PHYS_s15_T1_test,17,180,23.0,-0.06695042550563812,-0.6044860473725552
UBFC_PHYS_s15_T1_test,17,181,23.033333333333335,-0.11661916226148605,-0.10850482150257017
UBFC_PHYS_s15_T1_test,17,182,23.066666666666666,-0.19191403687000275,0.4139765852970438
UBFC_PHYS_s15_T1_test,17,183,23.1,-0.302046537399292,0.8784112125480549
UBFC_PHYS_s15_T1_test,17,184,23.133333333333333,-0.41739311814308167,1.212739884906414
UBFC_PHYS_s15_T1_test,17,185,23.166666666666668,-0.4602256417274475,1.374792508763166
UBFC_PHYS_s15_T1_test,17,186,23.2,-0.3581266403198242,1.3601296126257545
UBFC_PHYS_s15_T1_test,17,187,23.233333333333334,-0.13741746544837952,1.198700327652506
UBFC_PHYS_s15_T1_test,17,188,23.266666666666666,0.10882128775119781,0.9421190613853245
UBFC_PHYS_s15_T1_test,17,189,23.3,0.30794039368629456,0.645837693334697
UBFC_PHYS_s15_T1_test,17,190,23.333333333333332,0.4213365316390991,0.35221007877552163
UBFC_PHYS_s15_T1_test,17,191,23.366666666666667,0.44939589500427246,0.08070672511971237
UBFC_PHYS_s15_T1_test,17,192,23.4,0.4479668438434601,-0.17062023440766663
UBFC_PHYS_s15_T1_test,17,193,23.433333333333334,0.4701941907405853,-0.4131529006333125
UBFC_PHYS_s15_T1_test,17,194,23.466666666666665,0.5055339336395264,-0.6516952262014944
UBFC_PHYS_s15_T1_test,17,195,23.5,0.5086237192153931,-0.8733370783582083
UBFC_PHYS_s15_T1_test,17,196,23.533333333333335,0.47575584053993225,-1.0467118603172176
UBFC_PHYS_s15_T1_test,17,197,23.566666666666666,0.44773510098457336,-1.1310986991825367
UBFC_PHYS_s15_T1_test,17,198,23.6,0.43006524443626404,-1.0906157854636414
UBFC_PHYS_s15_T1_test,17,199,23.633333333333333,0.38101446628570557,-0.9077557473546477
UBFC_PHYS_s15_T1_test,17,200,23.666666666666668,0.28480541706085205,-0.5918192171166174
UBFC_PHYS_s15_T1_test,17,201,23.7,0.1845410019159317,-0.1800271207870249
UBFC_PHYS_s15_T1_test,17,202,23.733333333333334,0.1228606253862381,0.26883051538556096
UBFC_PHYS_s15_T1_test,17,203,23.766666666666666,0.07805833965539932,0.6866659370064085
UBFC_PHYS_s15_T1_test,17,204,23.8,-0.010696527548134327,1.0112906886629403
UBFC_PHYS_s15_T1_test,17,205,23.833333333333332,-0.15278927981853485,1.200360145348391
UBFC_PHYS_s15_T1_test,17,206,23.866666666666667,-0.28653955459594727,1.23952354295625
UBFC_PHYS_s15_T1_test,17,207,23.9,-0.3306080102920532,1.141774160365243
UBFC_PHYS_s15_T1_test,17,208,23.933333333333334,-0.24042409658432007,0.9386011337311978
UBFC_PHYS_s15_T1_test,17,209,23.966666666666665,-0.04800601303577423,0.667304404862679
UBFC_PHYS_s15_T1_test,17,210,24.0,0.14827433228492737,0.3603454325831004
UBFC_PHYS_s15_T1_test,17,211,24.033333333333335,0.2871420979499817,0.04082648647631327
UBFC_PHYS_s15_T1_test,17,212,24.066666666666666,0.3954979479312897,-0.2758281471049384
UBFC_PHYS_s15_T1_test,17,213,24.1,0.4842335283756256,-0.577039891917768
UBFC_PHYS_s15_T1_test,17,214,24.133333333333333,0.5396184325218201,-0.8482570419050613
UBFC_PHYS_s15_T1_test,17,215,24.166666666666668,0.5969730615615845,-1.0699749537430316
UBFC_PHYS_s15_T1_test,17,216,24.2,0.6825994849205017,-1.2178040598249777
UBFC_PHYS_s15_T1_test,17,217,24.233333333333334,0.7605206966400146,-1.2664711888571953
UBFC_PHYS_s15_T1_test,17,218,24.266666666666666,0.8043187856674194,-1.1973602193540285
UBFC_PHYS_s15_T1_test,17,219,24.3,0.8005530834197998,-1.007084161402833
UBFC_PHYS_s15_T1_test,17,220,24.333333333333332,0.6959435939788818,-0.7129587051635909
UBFC_PHYS_s15_T1_test,17,221,24.366666666666667,0.4520801603794098,-0.3519260158386629
UBFC_PHYS_s15_T1_test,17,222,24.4,0.10123193264007568,0.027159900864050863
UBFC_PHYS_s15_T1_test,17,223,24.433333333333334,-0.27839016914367676,0.3743805612656811
UBFC_PHYS_s15_T1_test,17,224,24.466666666666665,-0.6268051862716675,0.6481952287373268
UBFC_PHYS_s15_T1_test,17,225,24.5,-0.9530507326126099,0.82095570413173
UBFC_PHYS_s15_T1_test,17,226,24.533333333333335,-1.2836992740631104,0.8811639698622092
UBFC_PHYS_s15_T1_test,17,227,24.566666666666666,-1.5587892532348633,0.8341507564958142
UBFC_PHYS_s15_T1_test,17,228,24.6,-1.6689410209655762,0.7006309203954265
UBFC_PHYS_s15_T1_test,17,229,24.633333333333333,-1.5842994451522827,0.51121679570302
UBFC_PHYS_s15_T1_test,17,230,24.666666666666668,-1.3756791353225708,0.2976893100776852
UBFC_PHYS_s15_T1_test,17,231,24.7,-1.1314873695373535,0.08544957909005667
UBFC_PHYS_s15_T1_test,17,232,24.733333333333334,-0.9058538675308228,-0.10847750878385003
UBFC_PHYS_s15_T1_test,17,233,24.766666666666666,-0.72772616147995,-0.27151564676147816
UBFC_PHYS_s15_T1_test,17,234,24.8,-0.5838374495506287,-0.3900998764839397
UBFC_PHYS_s15_T1_test,17,235,24.833333333333332,-0.4244031310081482,-0.4483839535404055
UBFC_PHYS_s15_T1_test,17,236,24.866666666666667,-0.24588920176029205,-0.43285249716249924
UBFC_PHYS_s15_T1_test,17,237,24.9,-0.10142114758491516,-0.3395784546862233
UBFC_PHYS_s15_T1_test,17,238,24.933333333333334,-0.012318679131567478,-0.1793109328075435
UBFC_PHYS_s15_T1_test,17,239,24.966666666666665,0.03424093499779701,0.0225393824733509
UBFC_PHYS_s15_T1_test,18,0,18.0,0.3278696835041046,-0.04499461256473115
UBFC_PHYS_s15_T1_test,18,1,18.033333333333335,0.2918154299259186,0.0278626580291993
UBFC_PHYS_s15_T1_test,18,2,18.066666666666666,0.3109915852546692,0.034929682964151554
UBFC_PHYS_s15_T1_test,18,3,18.1,0.3639625608921051,-0.06517527326152935
UBFC_PHYS_s15_T1_test,18,4,18.133333333333333,0.4123953878879547,-0.27256198137336995
UBFC_PHYS_s15_T1_test,18,5,18.166666666666668,0.412163645029068,-0.5465771623224994
UBFC_PHYS_s15_T1_test,18,6,18.2,0.33401069045066833,-0.820565855490185
UBFC_PHYS_s15_T1_test,18,7,18.233333333333334,0.20605382323265076,-1.0230609936287216
UBFC_PHYS_s15_T1_test,18,8,18.266666666666666,0.08321446180343628,-1.0975826915284888
UBFC_PHYS_s15_T1_test,18,9,18.3,-0.022804729640483856,-1.0165891115439591
UBFC_PHYS_s15_T1_test,18,10,18.333333333333332,-0.14689932763576508,-0.787326413157057
UBFC_PHYS_s15_T1_test,18,11,18.366666666666667,-0.3222461938858032,-0.44842175524856187
UBFC_PHYS_s15_T1_test,18,12,18.4,-0.4939239025115967,-0.05797004640792311
UBFC_PHYS_s15_T1_test,18,13,18.433333333333334,-0.49015820026397705,0.3231980546461794
UBFC_PHYS_s15_T1_test,18,14,18.466666666666665,-0.22196246683597565,0.6468708884665186
UBFC_PHYS_s15_T1_test,18,15,18.5,0.154936745762825,0.8854853516676929
UBFC_PHYS_s15_T1_test,18,16,18.533333333333335,0.41660523414611816,1.030753917772992
UBFC_PHYS_s15_T1_test,18,17,18.566666666666666,0.5141660571098328,1.085837383246349
UBFC_PHYS_s15_T1_test,18,18,18.6,0.5048580169677734,1.0567925198209653
UBFC_PHYS_s15_T1_test,18,19,18.633333333333333,0.43093425035476685,0.947993206244839
UBFC_PHYS_s15_T1_test,18,20,18.666666666666668,0.3312491774559021,0.7624415915886374
UBFC_PHYS_s15_T1_test,18,21,18.7,0.26506924629211426,0.5048590459060796
UBFC_PHYS_s15_T1_test,18,22,18.733333333333334,0.25670742988586426,0.18550330610052249
UBFC_PHYS_s15_T1_test,18,23,18.766666666666666,0.272098571062088,-0.17612530736990395
UBFC_PHYS_s15_T1_test,18,24,18.8,0.2818121612071991,-0.5486881863919574
UBFC_PHYS_s15_T1_test,18,25,18.833333333333332,0.25863856077194214,-0.8893839738097329
UBFC_PHYS_s15_T1_test,18,26,18.866666666666667,0.15820035338401794,-1.1489110825171704
UBFC_PHYS_s15_T1_test,18,27,18.9,0.000252996280323714,-1.2809754041713455
UBFC_PHYS_s15_T1_test,18,28,18.933333333333334,-0.1320682317018509,-1.254104209211517
UBFC_PHYS_s15_T1_test,18,29,18.966666666666665,-0.2178877741098404,-1.0620496617488389
UBFC_PHYS_s15_T1_test,18,30,19.0,-0.3125905394554138,-0.7290840152611543
UBFC_PHYS_s15_T1_test,18,31,19.033333333333335,-0.4502030611038208,-0.3075977767069666
UBFC_PHYS_s15_T1_test,18,32,19.066666666666666,-0.5674228072166443,0.1328634818634914
UBFC_PHYS_s15_T1_test,18,33,19.1,-0.5247448086738586,0.5231745650664573
UBFC_PHYS_s15_T1_test,18,34,19.133333333333333,-0.25805532932281494,0.8132223798310088
UBFC_PHYS_s15_T1_test,18,35,19.166666666666668,0.08821609616279602,0.9838296840272373
UBFC_PHYS_s15_T1_test,18,36,19.2,0.3107791543006897,1.046158492514342
UBFC_PHYS_s15_T1_test,18,37,19.233333333333334,0.3620893657207489,1.0284845434473664
UBFC_PHYS_s15_T1_test,18,38,19.266666666666666,0.31867748498916626,0.9572225669635063
UBFC_PHYS_s15_T1_test,18,39,19.3,0.26153528690338135,0.8426780546436266
UBFC_PHYS_s15_T1_test,18,40,19.333333333333332,0.23990657925605774,0.6771730255188353
UBFC_PHYS_s15_T1_test,18,41,19.366666666666667,0.270495742559433,0.44561959357145436
UBFC_PHYS_s15_T1_test,18,42,19.4,0.3510432839393616,0.14113963464024765
UBFC_PHYS_s15_T1_test,18,43,19.433333333333334,0.4736122786998749,-0.22373855381336546
UBFC_PHYS_s15_T1_test,18,44,19.466666666666665,0.6035196185112,-0.6149965306385216
UBFC_PHYS_s15_T1_test,18,45,19.5,0.6815567016601562,-0.9825283881298847
UBFC_PHYS_s15_T1_test,18,46,19.533333333333335,0.6554091572761536,-1.2692142244764704
UBFC_PHYS_s15_T1_test,18,47,19.566666666666666,0.5198628902435303,-1.421406796985499
UBFC_PHYS_s15_T1_test,18,48,19.6,0.327985554933548,-1.40036575526732
UBFC_PHYS_s15_T1_test,18,49,19.633333333333333,0.14273197948932648,-1.1937230073300922
UBFC_PHYS_s15_T1_test,18,50,19.666666666666668,-0.04947367683053017,-0.823503254984319
UBFC_PHYS_s15_T1_test,18,51,19.7,-0.2952682673931122,-0.3457178643106294
UBFC_PHYS_s15_T1_test,18,52,19.733333333333334,-0.5386489629745483,0.16113522140699477
UBFC_PHYS_s15_T1_test,18,53,19.766666666666666,-0.6066441535949707,0.6161666472159222
UBFC_PHYS_s15_T1_test,18,54,19.8,-0.4045897126197815,0.9574955196720684
UBFC_PHYS_s15_T1_test,18,55,19.833333333333332,-0.07525429874658585,1.1563607100018314
UBFC_PHYS_s15_T1_test,18,56,19.866666666666667,0.1712934374809265,1.2186389709843772
UBFC_PHYS_s15_T1_test,18,57,19.9,0.27868372201919556,1.1742094669212966
UBFC_PHYS_s15_T1_test,18,58,19.933333333333334,0.30801764130592346,1.059560500458164
UBFC_PHYS_s15_T1_test,18,59,19.966666666666665,0.2937658727169037,0.901290458283659
UBFC_PHYS_s15_T1_test,18,60,20.0,0.24357573688030243,0.7072449229737285
UBFC_PHYS_s15_T1_test,18,61,20.033333333333335,0.18697422742843628,0.468585387136177
UBFC_PHYS_s15_T1_test,18,62,20.066666666666666,0.14394859969615936,0.17145820908575388
UBFC_PHYS_s15_T1_test,18,63,20.1,0.11710584908723831,-0.18725361903685467
UBFC_PHYS_s15_T1_test,18,64,20.133333333333333,0.11559956520795822,-0.5876741098461985
UBFC_PHYS_s15_T1_test,18,65,20.166666666666668,0.13572196662425995,-0.9842253485578648
UBFC_PHYS_s15_T1_test,18,66,20.2,0.13257421553134918,-1.3137582899997893
UBFC_PHYS_s15_T1_test,18,67,20.233333333333334,0.06249340996146202,-1.5110258315239018
UBFC_PHYS_s15_T1_test,18,68,20.266666666666666,-0.043931324034929276,-1.5260949031581559
UBFC_PHYS_s15_T1_test,18,69,20.3,-0.11509357392787933,-1.3389193159070518
UBFC_PHYS_s15_T1_test,18,70,20.333333333333332,-0.15365830063819885,-0.967605472045774
UBFC_PHYS_s15_T1_test,18,71,20.366666666666667,-0.22885660827159882,-0.46783928266508246
UBFC_PHYS_s15_T1_test,18,72,20.4,-0.3668167293071747,0.07810613637251092
UBFC_PHYS_s15_T1_test,18,73,20.433333333333334,-0.4814874231815338,0.581643342577306
UBFC_PHYS_s15_T1_test,18,74,20.466666666666665,-0.4279177784919739,0.9714960868427438
UBFC_PHYS_s15_T1_test,18,75,20.5,-0.17210061848163605,1.2112721059904243
UBFC_PHYS_s15_T1_test,18,76,20.533333333333335,0.1088792234659195,1.3030620355944047
UBFC_PHYS_s15_T1_test,18,77,20.566666666666666,0.23113924264907837,1.2757826717366332
UBFC_PHYS_s15_T1_test,18,78,20.6,0.2226615697145462,1.1653181494022689
UBFC_PHYS_s15_T1_test,18,79,20.633333333333333,0.1941194236278534,0.9976023612085817
UBFC_PHYS_s15_T1_test,18,80,20.666666666666668,0.16913056373596191,0.7823422270109188
UBFC_PHYS_s15_T1_test,18,81,20.7,0.13025686144828796,0.5176688122544286
UBFC_PHYS_s15_T1_test,18,82,20.733333333333334,0.1010967567563057,0.20045573420455984
UBFC_PHYS_s15_T1_test,18,83,20.766666666666666,0.11036619544029236,-0.16387558668359078
UBFC_PHYS_s15_T1_test,18,84,20.8,0.14085878431797028,-0.5554109735450056
UBFC_PHYS_s15_T1_test,18,85,20.833333333333332,0.16439929604530334,-0.9380687782489828
UBFC_PHYS_s15_T1_test,18,86,20.866666666666667,0.17335975170135498,-1.2622359531936747
UBFC_PHYS_s15_T1_test,18,87,20.9,0.14752118289470673,-1.4724404808188112
UBFC_PHYS_s15_T1_test,18,88,20.933333333333334,0.05670000985264778,-1.5199289600759003
UBFC_PHYS_s15_T1_test,18,89,20.966666666666665,-0.06424684077501297,-1.3775080996230646
UBFC_PHYS_s15_T1_test,18,90,21.0,-0.1515340507030487,-1.051543865490948
UBFC_PHYS_s15_T1_test,18,91,21.033333333333335,-0.22765929996967316,-0.5856334972879846
UBFC_PHYS_s15_T1_test,18,92,21.066666666666666,-0.35273876786231995,-0.05308495331373491
UBFC_PHYS_s15_T1_test,18,93,21.1,-0.49629920721054077,0.46037723697103516
UBFC_PHYS_s15_T1_test,18,94,21.133333333333333,-0.5513944029808044,0.878445151989368
UBFC_PHYS_s15_T1_test,18,95,21.166666666666668,-0.438403844833374,1.1532699118956848
UBFC_PHYS_s15_T1_test,18,96,21.2,-0.18809039890766144,1.274687588642512
UBFC_PHYS_s15_T1_test,18,97,21.233333333333334,0.07234218716621399,1.265821537939038
UBFC_PHYS_s15_T1_test,18,98,21.266666666666666,0.23349522054195404,1.1668295374606372
UBFC_PHYS_s15_T1_test,18,99,21.3,0.27897340059280396,1.0141885644484827
UBFC_PHYS_s15_T1_test,18,100,21.333333333333332,0.2437688559293747,0.8255536601094868
UBFC_PHYS_s15_T1_test,18,101,21.366666666666667,0.16302818059921265,0.5975514840443447
UBFC_PHYS_s15_T1_test,18,102,21.4,0.08031776547431946,0.3165056001406957
UBFC_PHYS_s15_T1_test,18,103,21.433333333333334,0.04343312606215477,-0.025058861667898825
UBFC_PHYS_s15_T1_test,18,104,21.466666666666665,0.0627637654542923,-0.41538454364304667
UBFC_PHYS_s15_T1_test,18,105,21.5,0.09671308100223541,-0.8197880127146371
UBFC_PHYS_s15_T1_test,18,106,21.533333333333335,0.10016980767250061,-1.1862970785721716
UBFC_PHYS_s15_T1_test,18,107,21.566666666666666,0.06479145586490631,-1.4565796063494119
UBFC_PHYS_s15_T1_test,18,108,21.6,0.006567800883203745,-1.5782088943269181
UBFC_PHYS_s15_T1_test,18,109,21.633333333333333,-0.05084478110074997,-1.5163301205835018
UBFC_PHYS_s15_T1_test,18,110,21.666666666666668,-0.11001469194889069,-1.2635423438239461
UBFC_PHYS_s15_T1_test,18,111,21.7,-0.20338496565818787,-0.845836785007711
UBFC_PHYS_s15_T1_test,18,112,21.733333333333334,-0.3324812054634094,-0.3213671437887901
UBFC_PHYS_s15_T1_test,18,113,21.766666666666666,-0.4256197512149811,0.23020872560534975
UBFC_PHYS_s15_T1_test,18,114,21.8,-0.3854135572910309,0.7263374151285875
UBFC_PHYS_s15_T1_test,18,115,21.833333333333332,-0.1898670345544815,1.1021182370320473
UBFC_PHYS_s15_T1_test,18,116,21.866666666666667,0.06257065385580063,1.3245862921831617
UBFC_PHYS_s15_T1_test,18,117,21.9,0.23088820278644562,1.3948324270300476
UBFC_PHYS_s15_T1_test,18,118,21.933333333333334,0.2723882496356964,1.338223163592493
UBFC_PHYS_s15_T1_test,18,119,21.966666666666665,0.24668486416339874,1.188684152287186
UBFC_PHYS_s15_T1_test,18,120,22.0,0.20418062806129456,0.974455221806156
UBFC_PHYS_s15_T1_test,18,121,22.033333333333335,0.15526503324508667,0.7105961033643103
UBFC_PHYS_s15_T1_test,18,122,22.066666666666666,0.11836108565330505,0.4002800746097866
UBFC_PHYS_s15_T1_test,18,123,22.1,0.11142831295728683,0.04355772701381404
UBFC_PHYS_s15_T1_test,18,124,22.133333333333333,0.12282200157642365,-0.35071853092925026
UBFC_PHYS_s15_T1_test,18,125,22.166666666666668,0.12683875858783722,-0.755555657576005
UBFC_PHYS_s15_T1_test,18,126,22.2,0.10690946131944656,-1.1238240655850367
UBFC_PHYS_s15_T1_test,18,127,22.233333333333334,0.05133146047592163,-1.3954385638060474
UBFC_PHYS_s15_T1_test,18,128,22.266666666666666,-0.035299159586429596,-1.5120019813910095
UBFC_PHYS_s15_T1_test,18,129,22.3,-0.11880134791135788,-1.434391229288357
UBFC_PHYS_s15_T1_test,18,130,22.333333333333332,-0.18030792474746704,-1.1575772788481127
UBFC_PHYS_s15_T1_test,18,131,22.366666666666667,-0.24739548563957214,-0.7174101410228725
UBFC_PHYS_s15_T1_test,18,132,22.4,-0.3558672070503235,-0.1859097088281143
UBFC_PHYS_s15_T1_test,18,133,22.433333333333334,-0.48851674795150757,0.34519835284574524
UBFC_PHYS_s15_T1_test,18,134,22.466666666666665,-0.5532289743423462,0.7887001697913765
UBFC_PHYS_s15_T1_test,18,135,22.5,-0.44728705286979675,1.0858004795585159
UBFC_PHYS_s15_T1_test,18,136,22.533333333333335,-0.1917402297258377,1.2199593265864068
UBFC_PHYS_s15_T1_test,18,137,22.566666666666666,0.05610135942697525,1.214087799963749
UBFC_PHYS_s15_T1_test,18,138,22.6,0.1975182145833969,1.1125483796348126
UBFC_PHYS_s15_T1_test,18,139,22.633333333333333,0.24853874742984772,0.9575139657744448
UBFC_PHYS_s15_T1_test,18,140,22.666666666666668,0.24569998681545258,0.7719464595233014
UBFC_PHYS_s15_T1_test,18,141,22.7,0.20864154398441315,0.5568293328729157
UBFC_PHYS_s15_T1_test,18,142,22.733333333333334,0.16851259768009186,0.3011164043479814
UBFC_PHYS_s15_T1_test,18,143,22.766666666666666,0.14725083112716675,-0.0038846724703676225
UBFC_PHYS_s15_T1_test,18,144,22.8,0.13228455185890198,-0.35350540795047247
UBFC_PHYS_s15_T1_test,18,145,22.833333333333332,0.1188245564699173,-0.7250874822175919
UBFC_PHYS_s15_T1_test,18,146,22.866666666666667,0.11863144487142563,-1.0789841967413087
UBFC_PHYS_s15_T1_test,18,147,22.9,0.11513609439134598,-1.3636913731086748
UBFC_PHYS_s15_T1_test,18,148,22.933333333333334,0.07056554406881332,-1.5246650595108493
UBFC_PHYS_s15_T1_test,18,149,22.966666666666665,-0.0050576189532876015,-1.5166389668737612
UBFC_PHYS_s15_T1_test,18,150,23.0,-0.06695042550563812,-1.317296794524149
UBFC_PHYS_s15_T1_test,18,151,23.033333333333335,-0.11661916226148605,-0.9378527321659462
UBFC_PHYS_s15_T1_test,18,152,23.066666666666666,-0.19191403687000275,-0.42592960804254765
UBFC_PHYS_s15_T1_test,18,153,23.1,-0.302046537399292,0.14177495025858208
UBFC_PHYS_s15_T1_test,18,154,23.133333333333333,-0.41739311814308167,0.676277808999192
UBFC_PHYS_s15_T1_test,18,155,23.166666666666668,-0.4602256417274475,1.0981686410010423
UBFC_PHYS_s15_T1_test,18,156,23.2,-0.3581266403198242,1.357272785173387
UBFC_PHYS_s15_T1_test,18,157,23.233333333333334,-0.13741746544837952,1.442635256442913
UBFC_PHYS_s15_T1_test,18,158,23.266666666666666,0.10882128775119781,1.3788129142818255
UBFC_PHYS_s15_T1_test,18,159,23.3,0.30794039368629456,1.2102604365579228
UBFC_PHYS_s15_T1_test,18,160,23.333333333333332,0.4213365316390991,0.9809573012552845
UBFC_PHYS_s15_T1_test,18,161,23.366666666666667,0.44939589500427246,0.7186495692645053
UBFC_PHYS_s15_T1_test,18,162,23.4,0.4479668438434601,0.4307455703756839
UBFC_PHYS_s15_T1_test,18,163,23.433333333333334,0.4701941907405853,0.11274055497730667
UBFC_PHYS_s15_T1_test,18,164,23.466666666666665,0.5055339336395264,-0.23690509212259772
UBFC_PHYS_s15_T1_test,18,165,23.5,0.5086237192153931,-0.6045366118588739
UBFC_PHYS_s15_T1_test,18,166,23.533333333333335,0.47575584053993225,-0.957695889359058
UBFC_PHYS_s15_T1_test,18,167,23.566666666666666,0.44773510098457336,-1.250315166892523
UBFC_PHYS_s15_T1_test,18,168,23.6,0.43006524443626404,-1.433202651074154
UBFC_PHYS_s15_T1_test,18,169,23.633333333333333,0.38101446628570557,-1.4658711645836129
UBFC_PHYS_s15_T1_test,18,170,23.666666666666668,0.28480541706085205,-1.327086838072892
UBFC_PHYS_s15_T1_test,18,171,23.7,0.1845410019159317,-1.022458483730366
UBFC_PHYS_s15_T1_test,18,172,23.733333333333334,0.1228606253862381,-0.5870364796376077
UBFC_PHYS_s15_T1_test,18,173,23.766666666666666,0.07805833965539932,-0.0808217461368462
UBFC_PHYS_s15_T1_test,18,174,23.8,-0.010696527548134327,0.42303948574408384
UBFC_PHYS_s15_T1_test,18,175,23.833333333333332,-0.15278927981853485,0.8545341506708514
UBFC_PHYS_s15_T1_test,18,176,23.866666666666667,-0.28653955459594727,1.162345288063806
UBFC_PHYS_s15_T1_test,18,177,23.9,-0.3306080102920532,1.323193997241382
UBFC_PHYS_s15_T1_test,18,178,23.933333333333334,-0.24042409658432007,1.3416324729072413
UBFC_PHYS_s15_T1_test,18,179,23.966666666666665,-0.04800601303577423,1.2412026036490846
UBFC_PHYS_s15_T1_test,18,180,24.0,0.14827433228492737,1.0522393917976653
UBFC_PHYS_s15_T1_test,18,181,24.033333333333335,0.2871420979499817,0.8025812901907392
UBFC_PHYS_s15_T1_test,18,182,24.066666666666666,0.3954979479312897,0.5138400776275034
UBFC_PHYS_s15_T1_test,18,183,24.1,0.4842335283756256,0.20177694535662646
UBFC_PHYS_s15_T1_test,18,184,24.133333333333333,0.5396184325218201,-0.12132316086148243
UBFC_PHYS_s15_T1_test,18,185,24.166666666666668,0.5969730615615845,-0.4431015295789779
UBFC_PHYS_s15_T1_test,18,186,24.2,0.6825994849205017,-0.7470458910270257
UBFC_PHYS_s15_T1_test,18,187,24.233333333333334,0.7605206966400146,-1.0095164284697613
UBFC_PHYS_s15_T1_test,18,188,24.266666666666666,0.8043187856674194,-1.2000841631422883
UBFC_PHYS_s15_T1_test,18,189,24.3,0.8005530834197998,-1.2864145207712423
UBFC_PHYS_s15_T1_test,18,190,24.333333333333332,0.6959435939788818,-1.2426039693464637
UBFC_PHYS_s15_T1_test,18,191,24.366666666666667,0.4520801603794098,-1.058044448007749
UBFC_PHYS_s15_T1_test,18,192,24.4,0.10123193264007568,-0.743942545511449
UBFC_PHYS_s15_T1_test,18,193,24.433333333333334,-0.27839016914367676,-0.33558530686882065
UBFC_PHYS_s15_T1_test,18,194,24.466666666666665,-0.6268051862716675,0.11100064684604188
UBFC_PHYS_s15_T1_test,18,195,24.5,-0.9530507326126099,0.528784487926497
UBFC_PHYS_s15_T1_test,18,196,24.533333333333335,-1.2836992740631104,0.8549527482023259
UBFC_PHYS_s15_T1_test,18,197,24.566666666666666,-1.5587892532348633,1.0474853379763176
UBFC_PHYS_s15_T1_test,18,198,24.6,-1.6689410209655762,1.095821341621914
UBFC_PHYS_s15_T1_test,18,199,24.633333333333333,-1.5842994451522827,1.019314423949676
UBFC_PHYS_s15_T1_test,18,200,24.666666666666668,-1.3756791353225708,0.8538251095196466
UBFC_PHYS_s15_T1_test,18,201,24.7,-1.1314873695373535,0.6343073476533394
UBFC_PHYS_s15_T1_test,18,202,24.733333333333334,-0.9058538675308228,0.38347889529013823
UBFC_PHYS_s15_T1_test,18,203,24.766666666666666,-0.72772616147995,0.11185560641499666
UBFC_PHYS_s15_T1_test,18,204,24.8,-0.5838374495506287,-0.17405582903601516
UBFC_PHYS_s15_T1_test,18,205,24.833333333333332,-0.4244031310081482,-0.4634741990223724
UBFC_PHYS_s15_T1_test,18,206,24.866666666666667,-0.24588920176029205,-0.738149341944045
UBFC_PHYS_s15_T1_test,18,207,24.9,-0.10142114758491516,-0.9736605480821594
UBFC_PHYS_s15_T1_test,18,208,24.933333333333334,-0.012318679131567478,-1.142382600601249
UBFC_PHYS_s15_T1_test,18,209,24.966666666666665,0.03424093499779701,-1.2167042368897676
UBFC_PHYS_s15_T1_test,18,210,25.0,0.018791871145367622,-1.1729587274578066
UBFC_PHYS_s15_T1_test,18,211,25.033333333333335,-0.06229639798402786,-0.9968523673193841
UBFC_PHYS_s15_T1_test,18,212,25.066666666666666,-0.13550564646720886,-0.6897728276000825
UBFC_PHYS_s15_T1_test,18,213,25.1,-0.16792936623096466,-0.2737385516298023
UBFC_PHYS_s15_T1_test,18,214,25.133333333333333,-0.21765603125095367,0.20757007629143437
UBFC_PHYS_s15_T1_test,18,215,25.166666666666668,-0.32176339626312256,0.6934295400843186
UBFC_PHYS_s15_T1_test,18,216,25.2,-0.4069649875164032,1.1167064501778967
UBFC_PHYS_s15_T1_test,18,217,25.233333333333334,-0.36249101161956787,1.4187015636597975
UBFC_PHYS_s15_T1_test,18,218,25.266666666666666,-0.1748041957616806,1.5636691666287097
UBFC_PHYS_s15_T1_test,18,219,25.3,0.04109645634889603,1.5471029030333494
UBFC_PHYS_s15_T1_test,18,220,25.333333333333332,0.1753101944923401,1.3936393694609965
UBFC_PHYS_s15_T1_test,18,221,25.366666666666667,0.2153039574623108,1.145037838730343
UBFC_PHYS_s15_T1_test,18,222,25.4,0.1839616596698761,0.8439188411865897
UBFC_PHYS_s15_T1_test,18,223,25.433333333333334,0.08406416326761246,0.5214504165058849
UBFC_PHYS_s15_T1_test,18,224,25.466666666666665,-0.04704044759273529,0.19483304287963799
UBFC_PHYS_s15_T1_test,18,225,25.5,-0.13907824456691742,-0.12568149644599597
UBFC_PHYS_s15_T1_test,18,226,25.533333333333335,-0.17117366194725037,-0.4266972795026287
UBFC_PHYS_s15_T1_test,18,227,25.566666666666666,-0.15835094451904297,-0.6864484371215919
UBFC_PHYS_s15_T1_test,18,228,25.6,-0.09406353533267975,-0.8776268593588562
UBFC_PHYS_s15_T1_test,18,229,25.633333333333333,-0.02852088399231434,-0.9753578484457336
UBFC_PHYS_s15_T1_test,18,230,25.666666666666668,-0.07071613520383835,-0.9653779556214378
UBFC_PHYS_s15_T1_test,18,231,25.7,-0.2441125512123108,-0.8493251620234532
UBFC_PHYS_s15_T1_test,18,232,25.733333333333334,-0.46391409635543823,-0.6466811898234602
UBFC_PHYS_s15_T1_test,18,233,25.766666666666666,-0.6587268114089966,-0.3939465572084058
UBFC_PHYS_s15_T1_test,18,234,25.8,-0.7883444428443909,-0.14069632111000518
UBFC_PHYS_s15_T1_test,18,235,25.833333333333332,-0.7897734642028809,0.05881815827788791
UBFC_PHYS_s15_T1_test,18,236,25.866666666666667,-0.6331006288528442,0.15877537838942707
UBFC_PHYS_s15_T1_test,18,237,25.9,-0.3790987432003021,0.1366191366381553
UBFC_PHYS_s15_T1_test,18,238,25.933333333333334,-0.08014006167650223,0.003347626763334343
UBFC_PHYS_s15_T1_test,18,239,25.966666666666665,0.25294172763824463,-0.19689931266197963
UBFC_PHYS_s15_T1_test,19,0,19.0,-0.3125905394554138,0.06928323993799833
UBFC_PHYS_s15_T1_test,19,1,19.033333333333335,-0.4502030611038208,0.9045810502799368
UBFC_PHYS_s15_T1_test,19,2,19.066666666666666,-0.5674228072166443,1.6169362496449158
UBFC_PHYS_s15_T1_test,19,3,19.1,-0.5247448086738586,2.1140284556061553
UBFC_PHYS_s15_T1_test,19,4,19.133333333333333,-0.25805532932281494,2.3493349282101494
UBFC_PHYS_s15_T1_test,19,5,19.166666666666668,0.08821609616279602,2.3295167669620818
UBFC_PHYS_s15_T1_test,19,6,19.2,0.3107791543006897,2.1059112069109864
UBFC_PHYS_s15_T1_test,19,7,19.233333333333334,0.3620893657207489,1.7536317429358759
UBFC_PHYS_s15_T1_test,19,8,19.266666666666666,0.31867748498916626,1.3468134367425368
UBFC_PHYS_s15_T1_test,19,9,19.3,0.26153528690338135,0.9391605174516912
UBFC_PHYS_s15_T1_test,19,10,19.333333333333332,0.23990657925605774,0.5556287953963656
UBFC_PHYS_s15_T1_test,19,11,19.366666666666667,0.270495742559433,0.1959917487126308
UBFC_PHYS_s15_T1_test,19,12,19.4,0.3510432839393616,-0.153257098661632
UBFC_PHYS_s15_T1_test,19,13,19.433333333333334,0.4736122786998749,-0.5041467354998066
UBFC_PHYS_s15_T1_test,19,14,19.466666666666665,0.6035196185112,-0.854604572872831
UBFC_PHYS_s15_T1_test,19,15,19.5,0.6815567016601562,-1.181478201985618
UBFC_PHYS_s15_T1_test,19,16,19.533333333333335,0.6554091572761536,-1.4414734172527397
UBFC_PHYS_s15_T1_test,19,17,19.566666666666666,0.5198628902435303,-1.5807721602169658
UBFC_PHYS_s15_T1_test,19,18,19.6,0.327985554933548,-1.551537497310777
UBFC_PHYS_s15_T1_test,19,19,19.633333333333333,0.14273197948932648,-1.330453837674159
UBFC_PHYS_s15_T1_test,19,20,19.666666666666668,-0.04947367683053017,-0.9323920241705232
UBFC_PHYS_s15_T1_test,19,21,19.7,-0.2952682673931122,-0.4128469165421869
UBFC_PHYS_s15_T1_test,19,22,19.733333333333334,-0.5386489629745483,0.14342158294351834
UBFC_PHYS_s15_T1_test,19,23,19.766666666666666,-0.6066441535949707,0.6443931788947217
UBFC_PHYS_s15_T1_test,19,24,19.8,-0.4045897126197815,1.0152825109512744
UBFC_PHYS_s15_T1_test,19,25,19.833333333333332,-0.07525429874658585,1.2160520214232773
UBFC_PHYS_s15_T1_test,19,26,19.866666666666667,0.1712934374809265,1.2459719572394983
UBFC_PHYS_s15_T1_test,19,27,19.9,0.27868372201919556,1.135280336560489
UBFC_PHYS_s15_T1_test,19,28,19.933333333333334,0.30801764130592346,0.929060773564335
UBFC_PHYS_s15_T1_test,19,29,19.966666666666665,0.2937658727169037,0.6704979554037354
UBFC_PHYS_s15_T1_test,19,30,20.0,0.24357573688030243,0.3894707236451616
UBFC_PHYS_s15_T1_test,19,31,20.033333333333335,0.18697422742843628,0.09941755271090262
UBFC_PHYS_s15_T1_test,19,32,20.066666666666666,0.14394859969615936,-0.19775140523658724
UBFC_PHYS_s15_T1_test,19,33,20.1,0.11710584908723831,-0.5015437147249335
UBFC_PHYS_s15_T1_test,19,34,20.133333333333333,0.11559956520795822,-0.8021983258659698
UBFC_PHYS_s15_T1_test,19,35,20.166666666666668,0.13572196662425995,-1.0742408338991265
UBFC_PHYS_s15_T1_test,19,36,20.2,0.13257421553134918,-1.2773787135141932
UBFC_PHYS_s15_T1_test,19,37,20.233333333333334,0.06249340996146202,-1.3650654726175764
UBFC_PHYS_s15_T1_test,19,38,20.266666666666666,-0.043931324034929276,-1.2983999273242781
UBFC_PHYS_s15_T1_test,19,39,20.3,-0.11509357392787933,-1.060986795731817
UBFC_PHYS_s15_T1_test,19,40,20.333333333333332,-0.15365830063819885,-0.669356558498979
UBFC_PHYS_s15_T1_test,19,41,20.366666666666667,-0.22885660827159882,-0.17429322967575972
UBFC_PHYS_s15_T1_test,19,42,20.4,-0.3668167293071747,0.3487124265531739
UBFC_PHYS_s15_T1_test,19,43,20.433333333333334,-0.4814874231815338,0.8175570713156799
UBFC_PHYS_s15_T1_test,19,44,20.466666666666665,-0.4279177784919739,1.1641647535339372
UBFC_PHYS_s15_T1_test,19,45,20.5,-0.17210061848163605,1.3502000251574704
UBFC_PHYS_s15_T1_test,19,46,20.533333333333335,0.1088792234659195,1.3721499222974074
UBFC_PHYS_s15_T1_test,19,47,20.566666666666666,0.23113924264907837,1.2546883495931533
UBFC_PHYS_s15_T1_test,19,48,20.6,0.2226615697145462,1.0366453553939852
UBFC_PHYS_s15_T1_test,19,49,20.633333333333333,0.1941194236278534,0.7566969232603783
UBFC_PHYS_s15_T1_test,19,50,20.666666666666668,0.16913056373596191,0.4442545112827932
UBFC_PHYS_s15_T1_test,19,51,20.7,0.13025686144828796,0.11713338722909385
UBFC_PHYS_s15_T1_test,19,52,20.733333333333334,0.1010967567563057,-0.21535490181061684
UBFC_PHYS_s15_T1_test,19,53,20.766666666666666,0.11036619544029236,-0.5461326187924742
UBFC_PHYS_s15_T1_test,19,54,20.8,0.14085878431797028,-0.862839815012175
UBFC_PHYS_s15_T1_test,19,55,20.833333333333332,0.16439929604530334,-1.141181998391598
UBFC_PHYS_s15_T1_test,19,56,20.866666666666667,0.17335975170135498,-1.342484221681717
UBFC_PHYS_s15_T1_test,19,57,20.9,0.14752118289470673,-1.4190568019337326
UBFC_PHYS_s15_T1_test,19,58,20.933333333333334,0.05670000985264778,-1.328263945200839
UBFC_PHYS_s15_T1_test,19,59,20.966666666666665,-0.06424684077501297,-1.0512184702984997
UBFC_PHYS_s15_T1_test,19,60,21.0,-0.1515340507030487,-0.6076996136778821
UBFC_PHYS_s15_T1_test,19,61,21.033333333333335,-0.22765929996967316,-0.058803917528925026
UBFC_PHYS_s15_T1_test,19,62,21.066666666666666,-0.35273876786231995,0.5057662828275568
UBFC_PHYS_s15_T1_test,19,63,21.1,-0.49629920721054077,0.9913936504523485
UBFC_PHYS_s15_T1_test,19,64,21.133333333333333,-0.5513944029808044,1.3239322066195889
UBFC_PHYS_s15_T1_test,19,65,21.166666666666668,-0.438403844833374,1.4672923349298785
UBFC_PHYS_s15_T1_test,19,66,21.2,-0.18809039890766144,1.4276584635557288
UBFC_PHYS_s15_T1_test,19,67,21.233333333333334,0.07234218716621399,1.2444306932562126
UBFC_PHYS_s15_T1_test,19,68,21.266666666666666,0.23349522054195404,0.9726853216200347
UBFC_PHYS_s15_T1_test,19,69,21.3,0.27897340059280396,0.6643031277113232
UBFC_PHYS_s15_T1_test,19,70,21.333333333333332,0.2437688559293747,0.3545649914985026
UBFC_PHYS_s15_T1_test,19,71,21.366666666666667,0.16302818059921265,0.058121992020721894
UBFC_PHYS_s15_T1_test,19,72,21.4,0.08031776547431946,-0.2260554363999635
UBFC_PHYS_s15_T1_test,19,73,21.433333333333334,0.04343312606215477,-0.504512460984796
UBFC_PHYS_s15_T1_test,19,74,21.466666666666665,0.0627637654542923,-0.7784957638342039
UBFC_PHYS_s15_T1_test,19,75,21.5,0.09671308100223541,-1.036028144490073
UBFC_PHYS_s15_T1_test,19,76,21.533333333333335,0.10016980767250061,-1.249083673045967
UBFC_PHYS_s15_T1_test,19,77,21.566666666666666,0.06479145586490631,-1.377020962459829
UBFC_PHYS_s15_T1_test,19,78,21.6,0.006567800883203745,-1.3763351723217012
UBFC_PHYS_s15_T1_test,19,79,21.633333333333333,-0.05084478110074997,-1.2149886796527778
UBFC_PHYS_s15_T1_test,19,80,21.666666666666668,-0.11001469194889069,-0.8871244790408179
UBFC_PHYS_s15_T1_test,19,81,21.7,-0.20338496565818787,-0.42236531094523494
UBFC_PHYS_s15_T1_test,19,82,21.733333333333334,-0.3324812054634094,0.11524790622500643
UBFC_PHYS_s15_T1_test,19,83,21.766666666666666,-0.4256197512149811,0.6401687706543967
UBFC_PHYS_s15_T1_test,19,84,21.8,-0.3854135572910309,1.066787078034743
UBFC_PHYS_s15_T1_test,19,85,21.833333333333332,-0.1898670345544815,1.3320669942802164
UBFC_PHYS_s15_T1_test,19,86,21.866666666666667,0.06257065385580063,1.4109300157480225
UBFC_PHYS_s15_T1_test,19,87,21.9,0.23088820278644562,1.3186789441264035
UBFC_PHYS_s15_T1_test,19,88,21.933333333333334,0.2723882496356964,1.1003875730186072
UBFC_PHYS_s15_T1_test,19,89,21.966666666666665,0.24668486416339874,0.8124912748253469
UBFC_PHYS_s15_T1_test,19,90,22.0,0.20418062806129456,0.5040073403142677
UBFC_PHYS_s15_T1_test,19,91,22.033333333333335,0.15526503324508667,0.20392285117010167
UBFC_PHYS_s15_T1_test,19,92,22.066666666666666,0.11836108565330505,-0.08135663664881287
UBFC_PHYS_s15_T1_test,19,93,22.1,0.11142831295728683,-0.36023874541909523
UBFC_PHYS_s15_T1_test,19,94,22.133333333333333,0.12282200157642365,-0.6414850895926277
UBFC_PHYS_s15_T1_test,19,95,22.166666666666668,0.12683875858783722,-0.9194444098919148
UBFC_PHYS_s15_T1_test,19,96,22.2,0.10690946131944656,-1.165722972323118
UBFC_PHYS_s15_T1_test,19,97,22.233333333333334,0.05133146047592163,-1.331717767520917
UBFC_PHYS_s15_T1_test,19,98,22.266666666666666,-0.035299159586429596,-1.3621853101427404
UBFC_PHYS_s15_T1_test,19,99,22.3,-0.11880134791135788,-1.2154411023119025
UBFC_PHYS_s15_T1_test,19,100,22.333333333333332,-0.18030792474746704,-0.8826765788263302
UBFC_PHYS_s15_T1_test,19,101,22.366666666666667,-0.24739548563957214,-0.39848246736485193
UBFC_PHYS_s15_T1_test,19,102,22.4,-0.3558672070503235,0.16266360969423868
UBFC_PHYS_s15_T1_test,19,103,22.433333333333334,-0.48851674795150757,0.7041574537727082
UBFC_PHYS_s15_T1_test,19,104,22.466666666666665,-0.5532289743423462,1.1337629673216596
UBFC_PHYS_s15_T1_test,19,105,22.5,-0.44728705286979675,1.3891877982854335
UBFC_PHYS_s15_T1_test,19,106,22.533333333333335,-0.1917402297258377,1.4526595481520521
UBFC_PHYS_s15_T1_test,19,107,22.566666666666666,0.05610135942697525,1.3488000039672319
UBFC_PHYS_s15_T1_test,19,108,22.6,0.1975182145833969,1.1279186044306826
UBFC_PHYS_s15_T1_test,19,109,22.633333333333333,0.24853874742984772,0.843644809266936
UBFC_PHYS_s15_T1_test,19,110,22.666666666666668,0.24569998681545258,0.5354182379391256
UBFC_PHYS_s15_T1_test,19,111,22.7,0.20864154398441315,0.22224513971478924
UBFC_PHYS_s15_T1_test,19,112,22.733333333333334,0.16851259768009186,-0.09277171578106234
UBFC_PHYS_s15_T1_test,19,113,22.766666666666666,0.14725083112716675,-0.4123831932334539
UBFC_PHYS_s15_T1_test,19,114,22.8,0.13228455185890198,-0.7347361697586298
UBFC_PHYS_s15_T1_test,19,115,22.833333333333332,0.1188245564699173,-1.0452423779101
UBFC_PHYS_s15_T1_test,19,116,22.866666666666667,0.11863144487142563,-1.3125140070524364
UBFC_PHYS_s15_T1_test,19,117,22.9,0.11513609439134598,-1.4903491557830024
UBFC_PHYS_s15_T1_test,19,118,22.933333333333334,0.07056554406881332,-1.5272152096253357
UBFC_PHYS_s15_T1_test,19,119,22.966666666666665,-0.0050576189532876015,-1.3822550165727394
UBFC_PHYS_s15_T1_test,19,120,23.0,-0.06695042550563812,-1.0431283429454377
UBFC_PHYS_s15_T1_test,19,121,23.033333333333335,-0.11661916226148605,-0.5384066147872019
UBFC_PHYS_s15_T1_test,19,122,23.066666666666666,-0.19191403687000275,0.061987640389977686
UBFC_PHYS_s15_T1_test,19,123,23.1,-0.302046537399292,0.6605918157001561
UBFC_PHYS_s15_T1_test,19,124,23.133333333333333,-0.41739311814308167,1.1568992328432703
UBFC_PHYS_s15_T1_test,19,125,23.166666666666668,-0.4602256417274475,1.4742075120254414
UBFC_PHYS_s15_T1_test,19,126,23.2,-0.3581266403198242,1.5791236597368725
UBFC_PHYS_s15_T1_test,19,127,23.233333333333334,-0.13741746544837952,1.486670195449615
UBFC_PHYS_s15_T1_test,19,128,23.266666666666666,0.10882128775119781,1.24950430230898
UBFC_PHYS_s15_T1_test,19,129,23.3,0.30794039368629456,0.9359726438097353
UBFC_PHYS_s15_T1_test,19,130,23.333333333333332,0.4213365316390991,0.6060134203406743
UBFC_PHYS_s15_T1_test,19,131,23.366666666666667,0.44939589500427246,0.2944434316461504
UBFC_PHYS_s15_T1_test,19,132,23.4,0.4479668438434601,0.0075738431042572186
UBFC_PHYS_s15_T1_test,19,133,23.433333333333334,0.4701941907405853,-0.26708566652371546
UBFC_PHYS_s15_T1_test,19,134,23.466666666666665,0.5055339336395264,-0.5441642855236781
UBFC_PHYS_s15_T1_test,19,135,23.5,0.5086237192153931,-0.8252508948027751
UBFC_PHYS_s15_T1_test,19,136,23.533333333333335,0.47575584053993225,-1.0912221073774266
UBFC_PHYS_s15_T1_test,19,137,23.566666666666666,0.44773510098457336,-1.3037271443710376
UBFC_PHYS_s15_T1_test,19,138,23.6,0.43006524443626404,-1.4144119037136231
UBFC_PHYS_s15_T1_test,19,139,23.633333333333333,0.38101446628570557,-1.3789887651972053
UBFC_PHYS_s15_T1_test,19,140,23.666666666666668,0.28480541706085205,-1.1723319226265674
UBFC_PHYS_s15_T1_test,19,141,23.7,0.1845410019159317,-0.8002151386325712
UBFC_PHYS_s15_T1_test,19,142,23.733333333333334,0.1228606253862381,-0.303595400616238
UBFC_PHYS_s15_T1_test,19,143,23.766666666666666,0.07805833965539932,0.2469605654280766
UBFC_PHYS_s15_T1_test,19,144,23.8,-0.010696527548134327,0.7660344694531405
UBFC_PHYS_s15_T1_test,19,145,23.833333333333332,-0.15278927981853485,1.1732868609149798
UBFC_PHYS_s15_T1_test,19,146,23.866666666666667,-0.28653955459594727,1.4124108928097312
UBFC_PHYS_s15_T1_test,19,147,23.9,-0.3306080102920532,1.4629413789303847
UBFC_PHYS_s15_T1_test,19,148,23.933333333333334,-0.24042409658432007,1.3410736932237843
UBFC_PHYS_s15_T1_test,19,149,23.966666666666665,-0.04800601303577423,1.0898282365320813
UBFC_PHYS_s15_T1_test,19,150,24.0,0.14827433228492737,0.7633170932923888
UBFC_PHYS_s15_T1_test,19,151,24.033333333333335,0.2871420979499817,0.4117388047910467
UBFC_PHYS_s15_T1_test,19,152,24.066666666666666,0.3954979479312897,0.07176360145472524
UBFC_PHYS_s15_T1_test,19,153,24.1,0.4842335283756256,-0.2364290963944492
UBFC_PHYS_s15_T1_test,19,154,24.133333333333333,0.5396184325218201,-0.5062616950365657
UBFC_PHYS_s15_T1_test,19,155,24.166666666666668,0.5969730615615845,-0.7377171197231701
UBFC_PHYS_s15_T1_test,19,156,24.2,0.6825994849205017,-0.9287680030064992
UBFC_PHYS_s15_T1_test,19,157,24.233333333333334,0.7605206966400146,-1.0687041789461265
UBFC_PHYS_s15_T1_test,19,158,24.266666666666666,0.8043187856674194,-1.1366070808164066
UBFC_PHYS_s15_T1_test,19,159,24.3,0.8005530834197998,-1.1064879097625304
UBFC_PHYS_s15_T1_test,19,160,24.333333333333332,0.6959435939788818,-0.9576410416820291
UBFC_PHYS_s15_T1_test,19,161,24.366666666666667,0.4520801603794098,-0.6860656698980576
UBFC_PHYS_s15_T1_test,19,162,24.4,0.10123193264007568,-0.31197612535977065
UBFC_PHYS_s15_T1_test,19,163,24.433333333333334,-0.27839016914367676,0.12001836212818313
UBFC_PHYS_s15_T1_test,19,164,24.466666666666665,-0.6268051862716675,0.5483751965751036
UBFC_PHYS_s15_T1_test,19,165,24.5,-0.9530507326126099,0.9074341884523208
UBFC_PHYS_s15_T1_test,19,166,24.533333333333335,-1.2836992740631104,1.1424218841904852
UBFC_PHYS_s15_T1_test,19,167,24.566666666666666,-1.5587892532348633,1.2230117702720744
UBFC_PHYS_s15_T1_test,19,168,24.6,-1.6689410209655762,1.1508383530566175
UBFC_PHYS_s15_T1_test,19,169,24.633333333333333,-1.5842994451522827,0.9570128232697416
UBFC_PHYS_s15_T1_test,19,170,24.666666666666668,-1.3756791353225708,0.6896614596389452
UBFC_PHYS_s15_T1_test,19,171,24.7,-1.1314873695373535,0.3966723302409538
UBFC_PHYS_s15_T1_test,19,172,24.733333333333334,-0.9058538675308228,0.1115554956839258
UBFC_PHYS_s15_T1_test,19,173,24.766666666666666,-0.72772616147995,-0.15153271316134484
UBFC_PHYS_s15_T1_test,19,174,24.8,-0.5838374495506287,-0.39308993438386264
UBFC_PHYS_s15_T1_test,19,175,24.833333333333332,-0.4244031310081482,-0.6182744238623112
UBFC_PHYS_s15_T1_test,19,176,24.866666666666667,-0.24588920176029205,-0.8268508587827929
UBFC_PHYS_s15_T1_test,19,177,24.9,-0.10142114758491516,-1.0065959767342822
UBFC_PHYS_s15_T1_test,19,178,24.933333333333334,-0.012318679131567478,-1.1321701742877819
UBFC_PHYS_s15_T1_test,19,179,24.966666666666665,0.03424093499779701,-1.1701993666479837
UBFC_PHYS_s15_T1_test,19,180,25.0,0.018791871145367622,-1.089450017253723
UBFC_PHYS_s15_T1_test,19,181,25.033333333333335,-0.06229639798402786,-0.8730217179590564
UBFC_PHYS_s15_T1_test,19,182,25.066666666666666,-0.13550564646720886,-0.5284372047204563
UBFC_PHYS_s15_T1_test,19,183,25.1,-0.16792936623096466,-0.09178725957632426
UBFC_PHYS_s15_T1_test,19,184,25.133333333333333,-0.21765603125095367,0.3763644386103919
UBFC_PHYS_s15_T1_test,19,185,25.166666666666668,-0.32176339626312256,0.8030752827551926
UBFC_PHYS_s15_T1_test,19,186,25.2,-0.4069649875164032,1.1200240117920115
UBFC_PHYS_s15_T1_test,19,187,25.233333333333334,-0.36249101161956787,1.2802906931055746
UBFC_PHYS_s15_T1_test,19,188,25.266666666666666,-0.1748041957616806,1.2695132647802343
UBFC_PHYS_s15_T1_test,19,189,25.3,0.04109645634889603,1.1075971168723342
UBFC_PHYS_s15_T1_test,19,190,25.333333333333332,0.1753101944923401,0.8401418067413493
UBFC_PHYS_s15_T1_test,19,191,25.366666666666667,0.2153039574623108,0.5225157916130388
UBFC_PHYS_s15_T1_test,19,192,25.4,0.1839616596698761,0.20282872500399957
UBFC_PHYS_s15_T1_test,19,193,25.433333333333334,0.08406416326761246,-0.08908957354850688
UBFC_PHYS_s15_T1_test,19,194,25.466666666666665,-0.04704044759273529,-0.3423678613178621
UBFC_PHYS_s15_T1_test,19,195,25.5,-0.13907824456691742,-0.5563772406032105
UBFC_PHYS_s15_T1_test,19,196,25.533333333333335,-0.17117366194725037,-0.7285843966447847
UBFC_PHYS_s15_T1_test,19,197,25.566666666666666,-0.15835094451904297,-0.846504744160346
UBFC_PHYS_s15_T1_test,19,198,25.6,-0.09406353533267975,-0.8882083799313343
UBFC_PHYS_s15_T1_test,19,199,25.633333333333333,-0.02852088399231434,-0.8306398293958674
UBFC_PHYS_s15_T1_test,19,200,25.666666666666668,-0.07071613520383835,-0.6611953314791469
UBFC_PHYS_s15_T1_test,19,201,25.7,-0.2441125512123108,-0.38697524689030915
UBFC_PHYS_s15_T1_test,19,202,25.733333333333334,-0.46391409635543823,-0.03764395972567469
UBFC_PHYS_s15_T1_test,19,203,25.766666666666666,-0.6587268114089966,0.3390507105934011
UBFC_PHYS_s15_T1_test,19,204,25.8,-0.7883444428443909,0.6868904157026178
UBFC_PHYS_s15_T1_test,19,205,25.833333333333332,-0.7897734642028809,0.9525266783590834
UBFC_PHYS_s15_T1_test,19,206,25.866666666666667,-0.6331006288528442,1.0962574241856058
UBFC_PHYS_s15_T1_test,19,207,25.9,-0.3790987432003021,1.1006634936259405
UBFC_PHYS_s15_T1_test,19,208,25.933333333333334,-0.08014006167650223,0.9742633730626342
UBFC_PHYS_s15_T1_test,19,209,25.966666666666665,0.25294172763824463,0.7472575631281748
UBFC_PHYS_s15_T1_test,19,210,26.0,0.5326663255691528,0.46014333574166916
UBFC_PHYS_s15_T1_test,19,211,26.033333333333335,0.6345915198326111,0.15042846080577957
UBFC_PHYS_s15_T1_test,19,212,26.066666666666666,0.5981317162513733,-0.15635340608407242
UBFC_PHYS_s15_T1_test,19,213,26.1,0.5360844135284424,-0.44792881092701303
UBFC_PHYS_s15_T1_test,19,214,26.133333333333333,0.4740564525127411,-0.7197425183300162
UBFC_PHYS_s15_T1_test,19,215,26.166666666666668,0.39323854446411133,-0.9664974326423185
UBFC_PHYS_s15_T1_test,19,216,26.2,0.3139655292034149,-1.1750855487568725
UBFC_PHYS_s15_T1_test,19,217,26.233333333333334,0.2622884213924408,-1.321942198374465
UBFC_PHYS_s15_T1_test,19,218,26.266666666666666,0.22976814210414886,-1.376337976136034
UBFC_PHYS_s15_T1_test,19,219,26.3,0.18819084763526917,-1.3093060122172677
UBFC_PHYS_s15_T1_test,19,220,26.333333333333332,0.10530662536621094,-1.105554490794078
UBFC_PHYS_s15_T1_test,19,221,26.366666666666667,-0.033194225281476974,-0.7738769498068974
UBFC_PHYS_s15_T1_test,19,222,26.4,-0.17598219215869904,-0.35147234944981487
UBFC_PHYS_s15_T1_test,19,223,26.433333333333334,-0.21516487002372742,0.10061817998959618
UBFC_PHYS_s15_T1_test,19,224,26.466666666666665,-0.08620382100343704,0.5106805447666505
UBFC_PHYS_s15_T1_test,19,225,26.5,0.14856399595737457,0.8143928842940646
UBFC_PHYS_s15_T1_test,19,226,26.533333333333335,0.36170312762260437,0.9715807972532223
UBFC_PHYS_s15_T1_test,19,227,26.566666666666666,0.4975583255290985,0.975503486868014
UBFC_PHYS_s15_T1_test,19,228,26.6,0.5709607005119324,0.8515901919160133
UBFC_PHYS_s15_T1_test,19,229,26.633333333333333,0.5921452045440674,0.646902038793738
UBFC_PHYS_s15_T1_test,19,230,26.666666666666668,0.5707096457481384,0.4148814893297578
UBFC_PHYS_s15_T1_test,19,231,26.7,0.5424571633338928,0.20105006560055422
UBFC_PHYS_s15_T1_test,19,232,26.733333333333334,0.5501816868782043,0.03420456317716551
UBFC_PHYS_s15_T1_test,19,233,26.766666666666666,0.6103751063346863,-0.07504089675547024
UBFC_PHYS_s15_T1_test,19,234,26.8,0.6970829963684082,-0.1296839471831781
UBFC_PHYS_s15_T1_test,19,235,26.833333333333332,0.7707750201225281,-0.13923974776495823
UBFC_PHYS_s15_T1_test,19,236,26.866666666666667,0.8282841444015503,-0.11385977401347258
UBFC_PHYS_s15_T1_test,19,237,26.9,0.8850208520889282,-0.06177102414455252
UBFC_PHYS_s15_T1_test,19,238,26.933333333333334,0.9426072239875793,0.010281638461831066
UBFC_PHYS_s15_T1_test,19,239,26.966666666666665,1.00040602684021,0.09551572432635917
UBFC_PHYS_s15_T1_test,20,0,20.0,0.24357573688030243,-0.10058182322574027
UBFC_PHYS_s15_T1_test,20,1,20.033333333333335,0.18697422742843628,0.11500348406294109
UBFC_PHYS_s15_T1_test,20,2,20.066666666666666,0.14394859969615936,0.22270392707458367
UBFC_PHYS_s15_T1_test,20,3,20.1,0.11710584908723831,0.15101339966147156
UBFC_PHYS_s15_T1_test,20,4,20.133333333333333,0.11559956520795822,-0.10726450813587408
UBFC_PHYS_s15_T1_test,20,5,20.166666666666668,0.13572196662425995,-0.49458865358241644
UBFC_PHYS_s15_T1_test,20,6,20.2,0.13257421553134918,-0.9109431411837174
UBFC_PHYS_s15_T1_test,20,7,20.233333333333334,0.06249340996146202,-1.2470854390866364
UBFC_PHYS_s15_T1_test,20,8,20.266666666666666,-0.043931324034929276,-1.41519322214548
UBFC_PHYS_s15_T1_test,20,9,20.3,-0.11509357392787933,-1.368534075327564
UBFC_PHYS_s15_T1_test,20,10,20.333333333333332,-0.15365830063819885,-1.108401797720247
UBFC_PHYS_s15_T1_test,20,11,20.366666666666667,-0.22885660827159882,-0.6803507436010345
UBFC_PHYS_s15_T1_test,20,12,20.4,-0.3668167293071747,-0.1618951520787627
UBFC_PHYS_s15_T1_test,20,13,20.433333333333334,-0.4814874231815338,0.3566323777118159
UBFC_PHYS_s15_T1_test,20,14,20.466666666666665,-0.4279177784919739,0.7945471342514958
UBFC_PHYS_s15_T1_test,20,15,20.5,-0.17210061848163605,1.1000664286029138
UBFC_PHYS_s15_T1_test,20,16,20.533333333333335,0.1088792234659195,1.2588687124759577
UBFC_PHYS_s15_T1_test,20,17,20.566666666666666,0.23113924264907837,1.2881819578439169
UBFC_PHYS_s15_T1_test,20,18,20.6,0.2226615697145462,1.2201694052185155
UBFC_PHYS_s15_T1_test,20,19,20.633333333333333,0.1941194236278534,1.0841319579887845
UBFC_PHYS_s15_T1_test,20,20,20.666666666666668,0.16913056373596191,0.8962468956800658
UBFC_PHYS_s15_T1_test,20,21,20.7,0.13025686144828796,0.6597484730731682
UBFC_PHYS_s15_T1_test,20,22,20.733333333333334,0.1010967567563057,0.37242448362425734
UBFC_PHYS_s15_T1_test,20,23,20.766666666666666,0.11036619544029236,0.03590735910834828
UBFC_PHYS_s15_T1_test,20,24,20.8,0.14085878431797028,-0.3369042055448205
UBFC_PHYS_s15_T1_test,20,25,20.833333333333332,0.16439929604530334,-0.717430926371921
UBFC_PHYS_s15_T1_test,20,26,20.866666666666667,0.17335975170135498,-1.0610905666244101
UBFC_PHYS_s15_T1_test,20,27,20.9,0.14752118289470673,-1.3129485416705122
UBFC_PHYS_s15_T1_test,20,28,20.933333333333334,0.05670000985264778,-1.4199886476777759
UBFC_PHYS_s15_T1_test,20,29,20.966666666666665,-0.06424684077501297,-1.3473435445416233
UBFC_PHYS_s15_T1_test,20,30,21.0,-0.1515340507030487,-1.0925282671814696
UBFC_PHYS_s15_T1_test,20,31,21.033333333333335,-0.22765929996967316,-0.6910265568012016
UBFC_PHYS_s15_T1_test,20,32,21.066666666666666,-0.35273876786231995,-0.20967863352462962
UBFC_PHYS_s15_T1_test,20,33,21.1,-0.49629920721054077,0.2704656896836274
UBFC_PHYS_s15_T1_test,20,34,21.133333333333333,-0.5513944029808044,0.6757102599277103
UBFC_PHYS_s15_T1_test,20,35,21.166666666666668,-0.438403844833374,0.9578926928561698
UBFC_PHYS_s15_T1_test,20,36,21.2,-0.18809039890766144,1.1029822830806524
UBFC_PHYS_s15_T1_test,20,37,21.233333333333334,0.07234218716621399,1.1276259289830972
UBFC_PHYS_s15_T1_test,20,38,21.266666666666666,0.23349522054195404,1.065440060751596
UBFC_PHYS_s15_T1_test,20,39,21.3,0.27897340059280396,0.9488306250418331
UBFC_PHYS_s15_T1_test,20,40,21.333333333333332,0.2437688559293747,0.794656361951479
UBFC_PHYS_s15_T1_test,20,41,21.366666666666667,0.16302818059921265,0.6007277697699501
UBFC_PHYS_s15_T1_test,20,42,21.4,0.08031776547431946,0.35430836034248503
UBFC_PHYS_s15_T1_test,20,43,21.433333333333334,0.04343312606215477,0.04706802362654066
UBFC_PHYS_s15_T1_test,20,44,21.466666666666665,0.0627637654542923,-0.3121291255206519
UBFC_PHYS_s15_T1_test,20,45,21.5,0.09671308100223541,-0.692894451028601
UBFC_PHYS_s15_T1_test,20,46,21.533333333333335,0.10016980767250061,-1.0478841490831408
UBFC_PHYS_s15_T1_test,20,47,21.566666666666666,0.06479145586490631,-1.3223132215355835
UBFC_PHYS_s15_T1_test,20,48,21.6,0.006567800883203745,-1.4647567500151975
UBFC_PHYS_s15_T1_test,20,49,21.633333333333333,-0.05084478110074997,-1.4380095107244812
UBFC_PHYS_s15_T1_test,20,50,21.666666666666668,-0.11001469194889069,-1.2293813152719217
UBFC_PHYS_s15_T1_test,20,51,21.7,-0.20338496565818787,-0.858164698503537
UBFC_PHYS_s15_T1_test,20,52,21.733333333333334,-0.3324812054634094,-0.3762718487381244
UBFC_PHYS_s15_T1_test,20,53,21.766666666666666,-0.4256197512149811,0.14117184882299805
UBFC_PHYS_s15_T1_test,20,54,21.8,-0.3854135572910309,0.6142621252075307
UBFC_PHYS_s15_T1_test,20,55,21.833333333333332,-0.1898670345544815,0.9794802104737093
UBFC_PHYS_s15_T1_test,20,56,21.866666666666667,0.06257065385580063,1.2046438187735349
UBFC_PHYS_s15_T1_test,20,57,21.9,0.23088820278644562,1.2911148370654448
UBFC_PHYS_s15_T1_test,20,58,21.933333333333334,0.2723882496356964,1.2634506706597286
UBFC_PHYS_s15_T1_test,20,59,21.966666666666665,0.24668486416339874,1.152981393039024
UBFC_PHYS_s15_T1_test,20,60,22.0,0.20418062806129456,0.9834308383844973
UBFC_PHYS_s15_T1_test,20,61,22.033333333333335,0.15526503324508667,0.7641675878358428
UBFC_PHYS_s15_T1_test,20,62,22.066666666666666,0.11836108565330505,0.49269557551370885
UBFC_PHYS_s15_T1_test,20,63,22.1,0.11142831295728683,0.16431910802920044
UBFC_PHYS_s15_T1_test,20,64,22.133333333333333,0.12282200157642365,-0.2155934888516662
UBFC_PHYS_s15_T1_test,20,65,22.166666666666668,0.12683875858783722,-0.6221472877193673
UBFC_PHYS_s15_T1_test,20,66,22.2,0.10690946131944656,-1.008660353910151
UBFC_PHYS_s15_T1_test,20,67,22.233333333333334,0.05133146047592163,-1.3134721157946638
UBFC_PHYS_s15_T1_test,20,68,22.266666666666666,-0.035299159586429596,-1.4743771142685254
UBFC_PHYS_s15_T1_test,20,69,22.3,-0.11880134791135788,-1.4463681760651879
UBFC_PHYS_s15_T1_test,20,70,22.333333333333332,-0.18030792474746704,-1.2169929696509134
UBFC_PHYS_s15_T1_test,20,71,22.366666666666667,-0.24739548563957214,-0.8140573695102777
UBFC_PHYS_s15_T1_test,20,72,22.4,-0.3558672070503235,-0.30241952571507313
UBFC_PHYS_s15_T1_test,20,73,22.433333333333334,-0.48851674795150757,0.23029743831991967
UBFC_PHYS_s15_T1_test,20,74,22.466666666666665,-0.5532289743423462,0.6957209054876153
UBFC_PHYS_s15_T1_test,20,75,22.5,-0.44728705286979675,1.027815608638843
UBFC_PHYS_s15_T1_test,20,76,22.533333333333335,-0.1917402297258377,1.1985770402315805
UBFC_PHYS_s15_T1_test,20,77,22.566666666666666,0.05610135942697525,1.2196551422212343
UBFC_PHYS_s15_T1_test,20,78,22.6,0.1975182145833969,1.1292227259327083
UBFC_PHYS_s15_T1_test,20,79,22.633333333333333,0.24853874742984772,0.9707647052416775
UBFC_PHYS_s15_T1_test,20,80,22.666666666666668,0.24569998681545258,0.7747625645986713
UBFC_PHYS_s15_T1_test,20,81,22.7,0.20864154398441315,0.551985286285862
UBFC_PHYS_s15_T1_test,20,82,22.733333333333334,0.16851259768009186,0.2990187272288638
UBFC_PHYS_s15_T1_test,20,83,22.766666666666666,0.14725083112716675,0.00954489602815754
UBFC_PHYS_s15_T1_test,20,84,22.8,0.13228455185890198,-0.31560940192545206
UBFC_PHYS_s15_T1_test,20,85,22.833333333333332,0.1188245564699173,-0.6625763211883472
UBFC_PHYS_s15_T1_test,20,86,22.866666666666667,0.11863144487142563,-1.002215925993253
UBFC_PHYS_s15_T1_test,20,87,22.9,0.11513609439134598,-1.2908475384743436
UBFC_PHYS_s15_T1_test,20,88,22.933333333333334,0.07056554406881332,-1.475279428318703
UBFC_PHYS_s15_T1_test,20,89,22.966666666666665,-0.0050576189532876015,-1.5040342871961865
UBFC_PHYS_s15_T1_test,20,90,23.0,-0.06695042550563812,-1.3434346303588938
UBFC_PHYS_s15_T1_test,20,91,23.033333333333335,-0.11661916226148605,-0.9928946365195495
UBFC_PHYS_s15_T1_test,20,92,23.066666666666666,-0.19191403687000275,-0.49235411597970774
UBFC_PHYS_s15_T1_test,20,93,23.1,-0.302046537399292,0.0827649865664531
UBFC_PHYS_s15_T1_test,20,94,23.133333333333333,-0.41739311814308167,0.6387967831995064
UBFC_PHYS_s15_T1_test,20,95,23.166666666666668,-0.4602256417274475,1.0878570645783052
UBFC_PHYS_s15_T1_test,20,96,23.2,-0.3581266403198242,1.3701689090001605
UBFC_PHYS_s15_T1_test,20,97,23.233333333333334,-0.13741746544837952,1.4666592546302994
UBFC_PHYS_s15_T1_test,20,98,23.266666666666666,0.10882128775119781,1.3977452182987073
UBFC_PHYS_s15_T1_test,20,99,23.3,0.30794039368629456,1.209713470515528
UBFC_PHYS_s15_T1_test,20,100,23.333333333333332,0.4213365316390991,0.9546893060685053
UBFC_PHYS_s15_T1_test,20,101,23.366666666666667,0.44939589500427246,0.6724920042823683
UBFC_PHYS_s15_T1_test,20,102,23.4,0.4479668438434601,0.3818881507016508
UBFC_PHYS_s15_T1_test,20,103,23.433333333333334,0.4701941907405853,0.08422977239784762
UBFC_PHYS_s15_T1_test,20,104,23.466666666666665,0.5055339336395264,-0.22433746994194007
UBFC_PHYS_s15_T1_test,20,105,23.5,0.5086237192153931,-0.54012758938062
UBFC_PHYS_s15_T1_test,20,106,23.533333333333335,0.47575584053993225,-0.845007347443884
UBFC_PHYS_s15_T1_test,20,107,23.566666666666666,0.44773510098457336,-1.1068970382510792
UBFC_PHYS_s15_T1_test,20,108,23.6,0.43006524443626404,-1.2857700183500134
UBFC_PHYS_s15_T1_test,20,109,23.633333333333333,0.38101446628570557,-1.3425578668620282
UBFC_PHYS_s15_T1_test,20,110,23.666666666666668,0.28480541706085205,-1.2493113640479196
UBFC_PHYS_s15_T1_test,20,111,23.7,0.1845410019159317,-0.9992497610020349
UBFC_PHYS_s15_T1_test,20,112,23.733333333333334,0.1228606253862381,-0.6139306356846033
UBFC_PHYS_s15_T1_test,20,113,23.766666666666666,0.07805833965539932,-0.14371299687890918
UBFC_PHYS_s15_T1_test,20,114,23.8,-0.010696527548134327,0.34076994299426955
UBFC_PHYS_s15_T1_test,20,115,23.833333333333332,-0.15278927981853485,0.7647427911448477
UBFC_PHYS_s15_T1_test,20,116,23.866666666666667,-0.28653955459594727,1.067929617709285
UBFC_PHYS_s15_T1_test,20,117,23.9,-0.3306080102920532,1.2187941864025384
UBFC_PHYS_s15_T1_test,20,118,23.933333333333334,-0.24042409658432007,1.2187526795711325
UBFC_PHYS_s15_T1_test,20,119,23.966666666666665,-0.04800601303577423,1.0951859590362203
UBFC_PHYS_s15_T1_test,20,120,24.0,0.14827433228492737,0.8877079820569318
UBFC_PHYS_s15_T1_test,20,121,24.033333333333335,0.2871420979499817,0.6347200475308925
UBFC_PHYS_s15_T1_test,20,122,24.066666666666666,0.3954979479312897,0.36475649726650095
UBFC_PHYS_s15_T1_test,20,123,24.1,0.4842335283756256,0.09326478894096837
UBFC_PHYS_s15_T1_test,20,124,24.133333333333333,0.5396184325218201,-0.17573274534188796
UBFC_PHYS_s15_T1_test,20,125,24.166666666666668,0.5969730615615845,-0.4434462222453491
UBFC_PHYS_s15_T1_test,20,126,24.2,0.6825994849205017,-0.707061881400719
UBFC_PHYS_s15_T1_test,20,127,24.233333333333334,0.7605206966400146,-0.9510361620346167
UBFC_PHYS_s15_T1_test,20,128,24.266666666666666,0.8043187856674194,-1.1437096436258147
UBFC_PHYS_s15_T1_test,20,129,24.3,0.8005530834197998,-1.242509711540269
UBFC_PHYS_s15_T1_test,20,130,24.333333333333332,0.6959435939788818,-1.2069164305959847
UBFC_PHYS_s15_T1_test,20,131,24.366666666666667,0.4520801603794098,-1.014216814950137
UBFC_PHYS_s15_T1_test,20,132,24.4,0.10123193264007568,-0.6715774360898268
UBFC_PHYS_s15_T1_test,20,133,24.433333333333334,-0.27839016914367676,-0.2196070920902504
UBFC_PHYS_s15_T1_test,20,134,24.466666666666665,-0.6268051862716675,0.27398771403594363
UBFC_PHYS_s15_T1_test,20,135,24.5,-0.9530507326126099,0.7289984954556907
UBFC_PHYS_s15_T1_test,20,136,24.533333333333335,-1.2836992740631104,1.0722584594177091
UBFC_PHYS_s15_T1_test,20,137,24.566666666666666,-1.5587892532348633,1.2570921043526717
UBFC_PHYS_s15_T1_test,20,138,24.6,-1.6689410209655762,1.2753600094345543
UBFC_PHYS_s15_T1_test,20,139,24.633333333333333,-1.5842994451522827,1.1556254276925706
UBFC_PHYS_s15_T1_test,20,140,24.666666666666668,-1.3756791353225708,0.9473162402133378
UBFC_PHYS_s15_T1_test,20,141,24.7,-1.1314873695373535,0.6987742442178885
UBFC_PHYS_s15_T1_test,20,142,24.733333333333334,-0.9058538675308228,0.4407426133651765
UBFC_PHYS_s15_T1_test,20,143,24.766666666666666,-0.72772616147995,0.1829565101253068
UBFC_PHYS_s15_T1_test,20,144,24.8,-0.5838374495506287,-0.07773543784883892
UBFC_PHYS_s15_T1_test,20,145,24.833333333333332,-0.4244031310081482,-0.3457951388862724
UBFC_PHYS_s15_T1_test,20,146,24.866666666666667,-0.24588920176029205,-0.6183676440321059
UBFC_PHYS_s15_T1_test,20,147,24.9,-0.10142114758491516,-0.8807708132351555
UBFC_PHYS_s15_T1_test,20,148,24.933333333333334,-0.012318679131567478,-1.1051971484478982
UBFC_PHYS_s15_T1_test,20,149,24.966666666666665,0.03424093499779701,-1.2529671972839607
UBFC_PHYS_s15_T1_test,20,150,25.0,0.018791871145367622,-1.2818535634457795
UBFC_PHYS_s15_T1_test,20,151,25.033333333333335,-0.06229639798402786,-1.1587471218361476
UBFC_PHYS_s15_T1_test,20,152,25.066666666666666,-0.13550564646720886,-0.8743429435542613
UBFC_PHYS_s15_T1_test,20,153,25.1,-0.16792936623096466,-0.4534894872424826
UBFC_PHYS_s15_T1_test,20,154,25.133333333333333,-0.21765603125095367,0.04469901956562752
UBFC_PHYS_s15_T1_test,20,155,25.166666666666668,-0.32176339626312256,0.5388569697728962
UBFC_PHYS_s15_T1_test,20,156,25.2,-0.4069649875164032,0.9459940534679346
UBFC_PHYS_s15_T1_test,20,157,25.233333333333334,-0.36249101161956787,1.2033743601459126
UBFC_PHYS_s15_T1_test,20,158,25.266666666666666,-0.1748041957616806,1.2839293097167304
UBFC_PHYS_s15_T1_test,20,159,25.3,0.04109645634889603,1.2000606536730385
UBFC_PHYS_s15_T1_test,20,160,25.333333333333332,0.1753101944923401,0.9946737725404798
UBFC_PHYS_s15_T1_test,20,161,25.366666666666667,0.2153039574623108,0.7228625011751276
UBFC_PHYS_s15_T1_test,20,162,25.4,0.1839616596698761,0.43175673075713106
UBFC_PHYS_s15_T1_test,20,163,25.433333333333334,0.08406416326761246,0.14736945740606328
UBFC_PHYS_s15_T1_test,20,164,25.466666666666665,-0.04704044759273529,-0.12577549317291925
UBFC_PHYS_s15_T1_test,20,165,25.5,-0.13907824456691742,-0.39303382392482206
UBFC_PHYS_s15_T1_test,20,166,25.533333333333335,-0.17117366194725037,-0.6536481007966232
UBFC_PHYS_s15_T1_test,20,167,25.566666666666666,-0.15835094451904297,-0.890169988059075
UBFC_PHYS_s15_T1_test,20,168,25.6,-0.09406353533267975,-1.068706150726506
UBFC_PHYS_s15_T1_test,20,169,25.633333333333333,-0.02852088399231434,-1.1486230837093103
UBFC_PHYS_s15_T1_test,20,170,25.666666666666668,-0.07071613520383835,-1.0964263331120474
UBFC_PHYS_s15_T1_test,20,171,25.7,-0.2441125512123108,-0.8983011394619436
UBFC_PHYS_s15_T1_test,20,172,25.733333333333334,-0.46391409635543823,-0.5675042109301024
UBFC_PHYS_s15_T1_test,20,173,25.766666666666666,-0.6587268114089966,-0.1448464188940497
UBFC_PHYS_s15_T1_test,20,174,25.8,-0.7883444428443909,0.3079213549694552
UBFC_PHYS_s15_T1_test,20,175,25.833333333333332,-0.7897734642028809,0.7208531482679578
UBFC_PHYS_s15_T1_test,20,176,25.866666666666667,-0.6331006288528442,1.032322951710797
UBFC_PHYS_s15_T1_test,20,177,25.9,-0.3790987432003021,1.2046136724293843
UBFC_PHYS_s15_T1_test,20,178,25.933333333333334,-0.08014006167650223,1.2317632211491816
UBFC_PHYS_s15_T1_test,20,179,25.966666666666665,0.25294172763824463,1.1349534273861703
UBFC_PHYS_s15_T1_test,20,180,26.0,0.5326663255691528,0.9481624778897325
UBFC_PHYS_s15_T1_test,20,181,26.033333333333335,0.6345915198326111,0.7030965797812191
UBFC_PHYS_s15_T1_test,20,182,26.066666666666666,0.5981317162513733,0.421419438028106
UBFC_PHYS_s15_T1_test,20,183,26.1,0.5360844135284424,0.11603907388666217
UBFC_PHYS_s15_T1_test,20,184,26.133333333333333,0.4740564525127411,-0.20250189192692816
UBFC_PHYS_s15_T1_test,20,185,26.166666666666668,0.39323854446411133,-0.5198968689337836
UBFC_PHYS_s15_T1_test,20,186,26.2,0.3139655292034149,-0.8147850581450093
UBFC_PHYS_s15_T1_test,20,187,26.233333333333334,0.2622884213924408,-1.0580905019014428
UBFC_PHYS_s15_T1_test,20,188,26.266666666666666,0.22976814210414886,-1.2151647216408568
UBFC_PHYS_s15_T1_test,20,189,26.3,0.18819084763526917,-1.2520607778343074
UBFC_PHYS_s15_T1_test,20,190,26.333333333333332,0.10530662536621094,-1.145852918105288
UBFC_PHYS_s15_T1_test,20,191,26.366666666666667,-0.033194225281476974,-0.895723742910552
UBFC_PHYS_s15_T1_test,20,192,26.4,-0.17598219215869904,-0.5294307091888111
UBFC_PHYS_s15_T1_test,20,193,26.433333333333334,-0.21516487002372742,-0.1006983052951445
UBFC_PHYS_s15_T1_test,20,194,26.466666666666665,-0.08620382100343704,0.3229354515592433
UBFC_PHYS_s15_T1_test,20,195,26.5,0.14856399595737457,0.6775768676604553
UBFC_PHYS_s15_T1_test,20,196,26.533333333333335,0.36170312762260437,0.9188638597196179
UBFC_PHYS_s15_T1_test,20,197,26.566666666666666,0.4975583255290985,1.0301416488049902
UBFC_PHYS_s15_T1_test,20,198,26.6,0.5709607005119324,1.0203886213997544
UBFC_PHYS_s15_T1_test,20,199,26.633333333333333,0.5921452045440674,0.9138411118755803
UBFC_PHYS_s15_T1_test,20,200,26.666666666666668,0.5707096457481384,0.7365117198560185
UBFC_PHYS_s15_T1_test,20,201,26.7,0.5424571633338928,0.5058502767180907
UBFC_PHYS_s15_T1_test,20,202,26.733333333333334,0.5501816868782043,0.22845105436076368
UBFC_PHYS_s15_T1_test,20,203,26.766666666666666,0.6103751063346863,-0.09307985135456269
UBFC_PHYS_s15_T1_test,20,204,26.8,0.6970829963684082,-0.4480522279160455
UBFC_PHYS_s15_T1_test,20,205,26.833333333333332,0.7707750201225281,-0.8076669706762122
UBFC_PHYS_s15_T1_test,20,206,26.866666666666667,0.8282841444015503,-1.123441984636726
UBFC_PHYS_s15_T1_test,20,207,26.9,0.8850208520889282,-1.3362045509873566
UBFC_PHYS_s15_T1_test,20,208,26.933333333333334,0.9426072239875793,-1.3926144573942563
UBFC_PHYS_s15_T1_test,20,209,26.966666666666665,1.00040602684021,-1.2627828709357891
UBFC_PHYS_s15_T1_test,20,210,27.0,1.032926321029663,-0.9522995912689458
UBFC_PHYS_s15_T1_test,20,211,27.033333333333335,0.9659739136695862,-0.5042369123415033
UBFC_PHYS_s15_T1_test,20,212,27.066666666666666,0.7901635766029358,0.00998306505460337
UBFC_PHYS_s15_T1_test,20,213,27.1,0.592628002166748,0.5084755407521051
UBFC_PHYS_s15_T1_test,20,214,27.133333333333333,0.4233255982398987,0.9201310094515845
UBFC_PHYS_s15_T1_test,20,215,27.166666666666668,0.22426441311836243,1.2021385690860162
UBFC_PHYS_s15_T1_test,20,216,27.2,-0.0696733221411705,1.3473263869653282
UBFC_PHYS_s15_T1_test,20,217,27.233333333333334,-0.42919233441352844,1.37822729231837
UBFC_PHYS_s15_T1_test,20,218,27.266666666666666,-0.7602464556694031,1.3303145958902736
UBFC_PHYS_s15_T1_test,20,219,27.3,-0.9852620363235474,1.232324991881998
UBFC_PHYS_s15_T1_test,20,220,27.333333333333332,-1.089581847190857,1.0938521394778922
UBFC_PHYS_s15_T1_test,20,221,27.366666666666667,-1.1041232347488403,0.9066008923538469
UBFC_PHYS_s15_T1_test,20,222,27.4,-1.0625460147857666,0.656894863662587
UBFC_PHYS_s15_T1_test,20,223,27.433333333333334,-0.981940507888794,0.34042378696301046
UBFC_PHYS_s15_T1_test,20,224,27.466666666666665,-0.8839161992073059,-0.02865242947649299
UBFC_PHYS_s15_T1_test,20,225,27.5,-0.7890975475311279,-0.41651142140766445
UBFC_PHYS_s15_T1_test,20,226,27.533333333333335,-0.7013468742370605,-0.7746045325664539
UBFC_PHYS_s15_T1_test,20,227,27.566666666666666,-0.633931040763855,-1.0483041805923394
UBFC_PHYS_s15_T1_test,20,228,27.6,-0.6077641844749451,-1.1880542024038017
UBFC_PHYS_s15_T1_test,20,229,27.633333333333333,-0.6011790037155151,-1.1620822447093544
UBFC_PHYS_s15_T1_test,20,230,27.666666666666668,-0.563348114490509,-0.9678144380736684
UBFC_PHYS_s15_T1_test,20,231,27.7,-0.49311283230781555,-0.6373464044456247
UBFC_PHYS_s15_T1_test,20,232,27.733333333333334,-0.4545094966888428,-0.2333957627284773
UBFC_PHYS_s15_T1_test,20,233,27.766666666666666,-0.48274263739585876,0.16418109447751755
UBFC_PHYS_s15_T1_test,20,234,27.8,-0.5031933188438416,0.47717851647755904
UBFC_PHYS_s15_T1_test,20,235,27.833333333333332,-0.41716137528419495,0.6468890248697147
UBFC_PHYS_s15_T1_test,20,236,27.866666666666667,-0.21902714669704437,0.6457038364198265
UBFC_PHYS_s15_T1_test,20,237,27.9,0.0062201968394219875,0.4802256104999583
UBFC_PHYS_s15_T1_test,20,238,27.933333333333334,0.17544537782669067,0.18691003097212155
UBFC_PHYS_s15_T1_test,20,239,27.966666666666665,0.26396849751472473,-0.17684007939528085
UBFC_PHYS_s15_T1_test,21,0,21.0,-0.1515340507030487,0.08773477596654863
UBFC_PHYS_s15_T1_test,21,1,21.033333333333335,-0.22765929996967316,0.9985622619211494
UBFC_PHYS_s15_T1_test,21,2,21.066666666666666,-0.35273876786231995,1.7877306434917153
UBFC_PHYS_s15_T1_test,21,3,21.1,-0.49629920721054077,2.360480288298467
UBFC_PHYS_s15_T1_test,21,4,21.133333333333333,-0.5513944029808044,2.6632033050331794
UBFC_PHYS_s15_T1_test,21,5,21.166666666666668,-0.438403844833374,2.6915694712537555
UBFC_PHYS_s15_T1_test,21,6,21.2,-0.18809039890766144,2.4855580430493474
UBFC_PHYS_s15_T1_test,21,7,21.233333333333334,0.07234218716621399,2.114248879047998
UBFC_PHYS_s15_T1_test,21,8,21.266666666666666,0.23349522054195404,1.6560531212845158
UBFC_PHYS_s15_T1_test,21,9,21.3,0.27897340059280396,1.1798720016734714
UBFC_PHYS_s15_T1_test,21,10,21.333333333333332,0.2437688559293747,0.7317156215801874
UBFC_PHYS_s15_T1_test,21,11,21.366666666666667,0.16302818059921265,0.32989493543740517
UBFC_PHYS_s15_T1_test,21,12,21.4,0.08031776547431946,-0.0304596956969881
UBFC_PHYS_s15_T1_test,21,13,21.433333333333334,0.04343312606215477,-0.3657080923499003
UBFC_PHYS_s15_T1_test,21,14,21.466666666666665,0.0627637654542923,-0.6893861922409565
UBFC_PHYS_s15_T1_test,21,15,21.5,0.09671308100223541,-1.0004592125628824
UBFC_PHYS_s15_T1_test,21,16,21.533333333333335,0.10016980767250061,-1.2778630322971072
UBFC_PHYS_s15_T1_test,21,17,21.566666666666666,0.06479145586490631,-1.4827716496533307
UBFC_PHYS_s15_T1_test,21,18,21.6,0.006567800883203745,-1.5682072277257695
UBFC_PHYS_s15_T1_test,21,19,21.633333333333333,-0.05084478110074997,-1.4939303991899953
UBFC_PHYS_s15_T1_test,21,20,21.666666666666668,-0.11001469194889069,-1.2425433091823674
UBFC_PHYS_s15_T1_test,21,21,21.7,-0.20338496565818787,-0.8312950409812614
UBFC_PHYS_s15_T1_test,21,22,21.733333333333334,-0.3324812054634094,-0.31449013653257263
UBFC_PHYS_s15_T1_test,21,23,21.766666666666666,-0.4256197512149811,0.22588679584001267
UBFC_PHYS_s15_T1_test,21,24,21.8,-0.3854135572910309,0.6994059621534511
UBFC_PHYS_s15_T1_test,21,25,21.833333333333332,-0.1898670345544815,1.0302603577324718
UBFC_PHYS_s15_T1_test,21,26,21.866666666666667,0.06257065385580063,1.1762245306042336
UBFC_PHYS_s15_T1_test,21,27,21.9,0.23088820278644562,1.136916549221142
UBFC_PHYS_s15_T1_test,21,28,21.933333333333334,0.2723882496356964,0.9489696307480807
UBFC_PHYS_s15_T1_test,21,29,21.966666666666665,0.24668486416339874,0.6706092024935103
UBFC_PHYS_s15_T1_test,21,30,22.0,0.20418062806129456,0.36151389454087196
UBFC_PHYS_s15_T1_test,21,31,22.033333333333335,0.15526503324508667,0.0650568994264199
UBFC_PHYS_s15_T1_test,21,32,22.066666666666666,0.11836108565330505,-0.2008271637841914
UBFC_PHYS_s15_T1_test,21,33,22.1,0.11142831295728683,-0.44091409799768766
UBFC_PHYS_s15_T1_test,21,34,22.133333333333333,0.12282200157642365,-0.6695368163980825
UBFC_PHYS_s15_T1_test,21,35,22.166666666666668,0.12683875858783722,-0.8929856338561458
UBFC_PHYS_s15_T1_test,21,36,22.2,0.10690946131944656,-1.0957409478681162
UBFC_PHYS_s15_T1_test,21,37,22.233333333333334,0.05133146047592163,-1.2376043481006693
UBFC_PHYS_s15_T1_test,21,38,22.266666666666666,-0.035299159586429596,-1.2642733355123414
UBFC_PHYS_s15_T1_test,21,39,22.3,-0.11880134791135788,-1.1280053568839277
UBFC_PHYS_s15_T1_test,21,40,22.333333333333332,-0.18030792474746704,-0.8103029402111117
UBFC_PHYS_s15_T1_test,21,41,22.366666666666667,-0.24739548563957214,-0.33694859182634146
UBFC_PHYS_s15_T1_test,21,42,22.4,-0.3558672070503235,0.2219617955552675
UBFC_PHYS_s15_T1_test,21,43,22.433333333333334,-0.48851674795150757,0.7686386669145693
UBFC_PHYS_s15_T1_test,21,44,22.466666666666665,-0.5532289743423462,1.205448315916225
UBFC_PHYS_s15_T1_test,21,45,22.5,-0.44728705286979675,1.4632955501822777
UBFC_PHYS_s15_T1_test,21,46,22.533333333333335,-0.1917402297258377,1.5191581671349907
UBFC_PHYS_s15_T1_test,21,47,22.566666666666666,0.05610135942697525,1.3961232111621122
UBFC_PHYS_s15_T1_test,21,48,22.6,0.1975182145833969,1.1474993592499076
UBFC_PHYS_s15_T1_test,21,49,22.633333333333333,0.24853874742984772,0.8336775571435076
UBFC_PHYS_s15_T1_test,21,50,22.666666666666668,0.24569998681545258,0.5023635088595647
UBFC_PHYS_s15_T1_test,21,51,22.7,0.20864154398441315,0.1792920340630581
UBFC_PHYS_s15_T1_test,21,52,22.733333333333334,0.16851259768009186,-0.12970993048792132
UBFC_PHYS_s15_T1_test,21,53,22.766666666666666,0.14725083112716675,-0.42928069761223575
UBFC_PHYS_s15_T1_test,21,54,22.8,0.13228455185890198,-0.722684198702625
UBFC_PHYS_s15_T1_test,21,55,22.833333333333332,0.1188245564699173,-1.0014050815065945
UBFC_PHYS_s15_T1_test,21,56,22.866666666666667,0.11863144487142563,-1.239233897807862
UBFC_PHYS_s15_T1_test,21,57,22.9,0.11513609439134598,-1.3935038837540268
UBFC_PHYS_s15_T1_test,21,58,22.933333333333334,0.07056554406881332,-1.4148304635179856
UBFC_PHYS_s15_T1_test,21,59,22.966666666666665,-0.0050576189532876015,-1.2637638614909978
UBFC_PHYS_s15_T1_test,21,60,23.0,-0.06695042550563812,-0.9289398098948726
UBFC_PHYS_s15_T1_test,21,61,23.033333333333335,-0.11661916226148605,-0.4390823014109556
UBFC_PHYS_s15_T1_test,21,62,23.066666666666666,-0.19191403687000275,0.13733708298652406
UBFC_PHYS_s15_T1_test,21,63,23.1,-0.302046537399292,0.7062594681285527
UBFC_PHYS_s15_T1_test,21,64,23.133333333333333,-0.41739311814308167,1.1717504084518606
UBFC_PHYS_s15_T1_test,21,65,23.166666666666668,-0.4602256417274475,1.4610250528752746
UBFC_PHYS_s15_T1_test,21,66,23.2,-0.3581266403198242,1.542188917322438
UBFC_PHYS_s15_T1_test,21,67,23.233333333333334,-0.13741746544837952,1.429003412188254
UBFC_PHYS_s15_T1_test,21,68,23.266666666666666,0.10882128775119781,1.1716178317840136
UBFC_PHYS_s15_T1_test,21,69,23.3,0.30794039368629456,0.8370643532170349
UBFC_PHYS_s15_T1_test,21,70,23.333333333333332,0.4213365316390991,0.48693624750232606
UBFC_PHYS_s15_T1_test,21,71,23.366666666666667,0.44939589500427246,0.16061494885953745
UBFC_PHYS_s15_T1_test,21,72,23.4,0.4479668438434601,-0.1300078419949925
UBFC_PHYS_s15_T1_test,21,73,23.433333333333334,0.4701941907405853,-0.3934148534630493
UBFC_PHYS_s15_T1_test,21,74,23.466666666666665,0.5055339336395264,-0.6435902393434213
UBFC_PHYS_s15_T1_test,21,75,23.5,0.5086237192153931,-0.8849562168025551
UBFC_PHYS_s15_T1_test,21,76,23.533333333333335,0.47575584053993225,-1.1034396542306333
UBFC_PHYS_s15_T1_test,21,77,23.566666666666666,0.44773510098457336,-1.2664395055736324
UBFC_PHYS_s15_T1_test,21,78,23.6,0.43006524443626404,-1.3312487562311466
UBFC_PHYS_s15_T1_test,21,79,23.633333333333333,0.38101446628570557,-1.2591617540031361
UBFC_PHYS_s15_T1_test,21,80,23.666666666666668,0.28480541706085205,-1.0307559796799963
UBFC_PHYS_s15_T1_test,21,81,23.7,0.1845410019159317,-0.6570538170922572
UBFC_PHYS_s15_T1_test,21,82,23.733333333333334,0.1228606253862381,-0.18210284542098903
UBFC_PHYS_s15_T1_test,21,83,23.766666666666666,0.07805833965539932,0.32477848146723304
UBFC_PHYS_s15_T1_test,21,84,23.8,-0.010696527548134327,0.7849624662681406
UBFC_PHYS_s15_T1_test,21,85,23.833333333333332,-0.15278927981853485,1.1294341714759122
UBFC_PHYS_s15_T1_test,21,86,23.866666666666667,-0.28653955459594727,1.3146453962409153
UBFC_PHYS_s15_T1_test,21,87,23.9,-0.3306080102920532,1.3305646444463357
UBFC_PHYS_s15_T1_test,21,88,23.933333333333334,-0.24042409658432007,1.1986616320408399
UBFC_PHYS_s15_T1_test,21,89,23.966666666666665,-0.04800601303577423,0.961004941785135
UBFC_PHYS_s15_T1_test,21,90,24.0,0.14827433228492737,0.6652760795548612
UBFC_PHYS_s15_T1_test,21,91,24.033333333333335,0.2871420979499817,0.35191531372725493
UBFC_PHYS_s15_T1_test,21,92,24.066666666666666,0.3954979479312897,0.047489789441416984
UBFC_PHYS_s15_T1_test,21,93,24.1,0.4842335283756256,-0.23516852290367665
UBFC_PHYS_s15_T1_test,21,94,24.133333333333333,0.5396184325218201,-0.49180445681359986
UBFC_PHYS_s15_T1_test,21,95,24.166666666666668,0.5969730615615845,-0.7191729405422909
UBFC_PHYS_s15_T1_test,21,96,24.2,0.6825994849205017,-0.9080183324932117
UBFC_PHYS_s15_T1_test,21,97,24.233333333333334,0.7605206966400146,-1.039589149080672
UBFC_PHYS_s15_T1_test,21,98,24.266666666666666,0.8043187856674194,-1.0879602636350751
UBFC_PHYS_s15_T1_test,21,99,24.3,0.8005530834197998,-1.0282994035108088
UBFC_PHYS_s15_T1_test,21,100,24.333333333333332,0.6959435939788818,-0.8479954285568112
UBFC_PHYS_s15_T1_test,21,101,24.366666666666667,0.4520801603794098,-0.5554428094268627
UBFC_PHYS_s15_T1_test,21,102,24.4,0.10123193264007568,-0.1821600663887381
UBFC_PHYS_s15_T1_test,21,103,24.433333333333334,-0.27839016914367676,0.2226518793819322
UBFC_PHYS_s15_T1_test,21,104,24.466666666666665,-0.6268051862716675,0.6022928442245948
UBFC_PHYS_s15_T1_test,21,105,24.5,-0.9530507326126099,0.9034874096563905
UBFC_PHYS_s15_T1_test,21,106,24.533333333333335,-1.2836992740631104,1.0860051165134883
UBFC_PHYS_s15_T1_test,21,107,24.566666666666666,-1.5587892532348633,1.130558686436597
UBFC_PHYS_s15_T1_test,21,108,24.6,-1.6689410209655762,1.0432713128821665
UBFC_PHYS_s15_T1_test,21,109,24.633333333333333,-1.5842994451522827,0.8535965808244509
UBFC_PHYS_s15_T1_test,21,110,24.666666666666668,-1.3756791353225708,0.6045133508724211
UBFC_PHYS_s15_T1_test,21,111,24.7,-1.1314873695373535,0.3381530459035366
UBFC_PHYS_s15_T1_test,21,112,24.733333333333334,-0.9058538675308228,0.08332317642669484
UBFC_PHYS_s15_T1_test,21,113,24.766666666666666,-0.72772616147995,-0.14923307546297793
UBFC_PHYS_s15_T1_test,21,114,24.8,-0.5838374495506287,-0.3626497876670472
UBFC_PHYS_s15_T1_test,21,115,24.833333333333332,-0.4244031310081482,-0.5643594881951195
UBFC_PHYS_s15_T1_test,21,116,24.866666666666667,-0.24588920176029205,-0.7559254619611716
UBFC_PHYS_s15_T1_test,21,117,24.9,-0.10142114758491516,-0.9259791552114902
UBFC_PHYS_s15_T1_test,21,118,24.933333333333334,-0.012318679131567478,-1.048810638167668
UBFC_PHYS_s15_T1_test,21,119,24.966666666666665,0.03424093499779701,-1.0898043854406747
UBFC_PHYS_s15_T1_test,21,120,25.0,0.018791871145367622,-1.0165364262956524
UBFC_PHYS_s15_T1_test,21,121,25.033333333333335,-0.06229639798402786,-0.8117482474777298
UBFC_PHYS_s15_T1_test,21,122,25.066666666666666,-0.13550564646720886,-0.48313220542339663
UBFC_PHYS_s15_T1_test,21,123,25.1,-0.16792936623096466,-0.06595691460428943
UBFC_PHYS_s15_T1_test,21,124,25.133333333333333,-0.21765603125095367,0.3823246892300512
UBFC_PHYS_s15_T1_test,21,125,25.166666666666668,-0.32176339626312256,0.7934096314681441
UBFC_PHYS_s15_T1_test,21,126,25.2,-0.4069649875164032,1.102335468559227
UBFC_PHYS_s15_T1_test,21,127,25.233333333333334,-0.36249101161956787,1.2615461114072273
UBFC_PHYS_s15_T1_test,21,128,25.266666666666666,-0.1748041957616806,1.25171240793453
UBFC_PHYS_s15_T1_test,21,129,25.3,0.04109645634889603,1.086039025468452
UBFC_PHYS_s15_T1_test,21,130,25.333333333333332,0.1753101944923401,0.8057201363272359
UBFC_PHYS_s15_T1_test,21,131,25.366666666666667,0.2153039574623108,0.46694258949895523
UBFC_PHYS_s15_T1_test,21,132,25.4,0.1839616596698761,0.12376336627111709
UBFC_PHYS_s15_T1_test,21,133,25.433333333333334,0.08406416326761246,-0.18611023916971497
UBFC_PHYS_s15_T1_test,21,134,25.466666666666665,-0.04704044759273529,-0.4464301331137598
UBFC_PHYS_s15_T1_test,21,135,25.5,-0.13907824456691742,-0.6567056895142349
UBFC_PHYS_s15_T1_test,21,136,25.533333333333335,-0.17117366194725037,-0.8199695202336703
UBFC_PHYS_s15_T1_test,21,137,25.566666666666666,-0.15835094451904297,-0.9317598761455592
UBFC_PHYS_s15_T1_test,21,138,25.6,-0.09406353533267975,-0.9765268527475892
UBFC_PHYS_s15_T1_test,21,139,25.633333333333333,-0.02852088399231434,-0.932833622113853
UBFC_PHYS_s15_T1_test,21,140,25.666666666666668,-0.07071613520383835,-0.7840903545678573
UBFC_PHYS_s15_T1_test,21,141,25.7,-0.2441125512123108,-0.5293835923091292
UBFC_PHYS_s15_T1_test,21,142,25.733333333333334,-0.46391409635543823,-0.18970247658445638
UBFC_PHYS_s15_T1_test,21,143,25.766666666666666,-0.6587268114089966,0.19270588472326677
UBFC_PHYS_s15_T1_test,21,144,25.8,-0.7883444428443909,0.561644686417302
UBFC_PHYS_s15_T1_test,21,145,25.833333333333332,-0.7897734642028809,0.8590089240425044
UBFC_PHYS_s15_T1_test,21,146,25.866666666666667,-0.6331006288528442,1.0385981979636956
UBFC_PHYS_s15_T1_test,21,147,25.9,-0.3790987432003021,1.0778542678207474
UBFC_PHYS_s15_T1_test,21,148,25.933333333333334,-0.08014006167650223,0.9831218732470882
UBFC_PHYS_s15_T1_test,21,149,25.966666666666665,0.25294172763824463,0.7855123931219541
UBFC_PHYS_s15_T1_test,21,150,26.0,0.5326663255691528,0.5286206088285748
UBFC_PHYS_s15_T1_test,21,151,26.033333333333335,0.6345915198326111,0.25355674533618683
UBFC_PHYS_s15_T1_test,21,152,26.066666666666666,0.5981317162513733,-0.01210153215007242
UBFC_PHYS_s15_T1_test,21,153,26.1,0.5360844135284424,-0.25724545313155767
UBFC_PHYS_s15_T1_test,21,154,26.133333333333333,0.4740564525127411,-0.48213629557484067
UBFC_PHYS_s15_T1_test,21,155,26.166666666666668,0.39323854446411133,-0.6887842243176622
UBFC_PHYS_s15_T1_test,21,156,26.2,0.3139655292034149,-0.8712698530477534
UBFC_PHYS_s15_T1_test,21,157,26.233333333333334,0.2622884213924408,-1.009881861159054
UBFC_PHYS_s15_T1_test,21,158,26.266666666666666,0.22976814210414886,-1.0720688816624244
UBFC_PHYS_s15_T1_test,21,159,26.3,0.18819084763526917,-1.0213633163164555
UBFC_PHYS_s15_T1_test,21,160,26.333333333333332,0.10530662536621094,-0.8320392478510081
UBFC_PHYS_s15_T1_test,21,161,26.366666666666667,-0.033194225281476974,-0.5039181594818535
UBFC_PHYS_s15_T1_test,21,162,26.4,-0.17598219215869904,-0.07062723152602067
UBFC_PHYS_s15_T1_test,21,163,26.433333333333334,-0.21516487002372742,0.4034018875404008
UBFC_PHYS_s15_T1_test,21,164,26.466666666666665,-0.08620382100343704,0.8374909047786565
UBFC_PHYS_s15_T1_test,21,165,26.5,0.14856399595737457,1.1561731907342883
UBFC_PHYS_s15_T1_test,21,166,26.533333333333335,0.36170312762260437,1.3096690337821775
UBFC_PHYS_s15_T1_test,21,167,26.566666666666666,0.4975583255290985,1.2856225448541967
UBFC_PHYS_s15_T1_test,21,168,26.6,0.5709607005119324,1.1079856757158506
UBFC_PHYS_s15_T1_test,21,169,26.633333333333333,0.5921452045440674,0.8243290815892997
UBFC_PHYS_s15_T1_test,21,170,26.666666666666668,0.5707096457481384,0.4874717067492376
UBFC_PHYS_s15_T1_test,21,171,26.7,0.5424571633338928,0.13918846489122552
UBFC_PHYS_s15_T1_test,21,172,26.733333333333334,0.5501816868782043,-0.19778121718079755
UBFC_PHYS_s15_T1_test,21,173,26.766666666666666,0.6103751063346863,-0.517148728203569
UBFC_PHYS_s15_T1_test,21,174,26.8,0.6970829963684082,-0.8181731002220128
UBFC_PHYS_s15_T1_test,21,175,26.833333333333332,0.7707750201225281,-1.092140429591351
UBFC_PHYS_s15_T1_test,21,176,26.866666666666667,0.8282841444015503,-1.3131047798082391
UBFC_PHYS_s15_T1_test,21,177,26.9,0.8850208520889282,-1.4382091841352898
UBFC_PHYS_s15_T1_test,21,178,26.933333333333334,0.9426072239875793,-1.4190201465950862
UBFC_PHYS_s15_T1_test,21,179,26.966666666666665,1.00040602684021,-1.220423023423937
UBFC_PHYS_s15_T1_test,21,180,27.0,1.032926321029663,-0.8396248442040795
UBFC_PHYS_s15_T1_test,21,181,27.033333333333335,0.9659739136695862,-0.316604805102486
UBFC_PHYS_s15_T1_test,21,182,27.066666666666666,0.7901635766029358,0.27002420799900323
UBFC_PHYS_s15_T1_test,21,183,27.1,0.592628002166748,0.8219243612840746
UBFC_PHYS_s15_T1_test,21,184,27.133333333333333,0.4233255982398987,1.2481448169854612
UBFC_PHYS_s15_T1_test,21,185,27.166666666666668,0.22426441311836243,1.4898564044422749
UBFC_PHYS_s15_T1_test,21,186,27.2,-0.0696733221411705,1.5332705510936422
UBFC_PHYS_s15_T1_test,21,187,27.233333333333334,-0.42919233441352844,1.406643748329415
UBFC_PHYS_s15_T1_test,21,188,27.266666666666666,-0.7602464556694031,1.1639247067113228
UBFC_PHYS_s15_T1_test,21,189,27.3,-0.9852620363235474,0.8627632570592795
UBFC_PHYS_s15_T1_test,21,190,27.333333333333332,-1.089581847190857,0.5462415281451165
UBFC_PHYS_s15_T1_test,21,191,27.366666666666667,-1.1041232347488403,0.235028052152087
UBFC_PHYS_s15_T1_test,21,192,27.4,-1.0625460147857666,-0.06901522474761355
UBFC_PHYS_s15_T1_test,21,193,27.433333333333334,-0.981940507888794,-0.3718467547662402
UBFC_PHYS_s15_T1_test,21,194,27.466666666666665,-0.8839161992073059,-0.6746561117461931
UBFC_PHYS_s15_T1_test,21,195,27.5,-0.7890975475311279,-0.9643462082442964
UBFC_PHYS_s15_T1_test,21,196,27.533333333333335,-0.7013468742370605,-1.2099085941018304
UBFC_PHYS_s15_T1_test,21,197,27.566666666666666,-0.633931040763855,-1.3659832440763326
UBFC_PHYS_s15_T1_test,21,198,27.6,-0.6077641844749451,-1.3835816234061893
UBFC_PHYS_s15_T1_test,21,199,27.633333333333333,-0.6011790037155151,-1.2259760054682243
UBFC_PHYS_s15_T1_test,21,200,27.666666666666668,-0.563348114490509,-0.8849929936311646
UBFC_PHYS_s15_T1_test,21,201,27.7,-0.49311283230781555,-0.39122088399144306
UBFC_PHYS_s15_T1_test,21,202,27.733333333333334,-0.4545094966888428,0.1871509415386511
UBFC_PHYS_s15_T1_test,21,203,27.766666666666666,-0.48274263739585876,0.7580703266434745
UBFC_PHYS_s15_T1_test,21,204,27.8,-0.5031933188438416,1.2279816310246299
UBFC_PHYS_s15_T1_test,21,205,27.833333333333332,-0.41716137528419495,1.525196189526051
UBFC_PHYS_s15_T1_test,21,206,27.866666666666667,-0.21902714669704437,1.6163784867652742
UBFC_PHYS_s15_T1_test,21,207,27.9,0.0062201968394219875,1.5110654757700492
UBFC_PHYS_s15_T1_test,21,208,27.933333333333334,0.17544537782669067,1.2535074649637912
UBFC_PHYS_s15_T1_test,21,209,27.966666666666665,0.26396849751472473,0.9054029202692085
UBFC_PHYS_s15_T1_test,21,210,28.0,0.2861572206020355,0.5259480348362963
UBFC_PHYS_s15_T1_test,21,211,28.033333333333335,0.2564757168292999,0.1562322801635496
UBFC_PHYS_s15_T1_test,21,212,28.066666666666666,0.20192120969295502,-0.18680594778789636
UBFC_PHYS_s15_T1_test,21,213,28.1,0.17028924822807312,-0.5054655247133963
UBFC_PHYS_s15_T1_test,21,214,28.133333333333333,0.1792883276939392,-0.8085498354523964
UBFC_PHYS_s15_T1_test,21,215,28.166666666666668,0.1909523606300354,-1.0970724968610783
UBFC_PHYS_s15_T1_test,21,216,28.2,0.1818760484457016,-1.3548213450577615
UBFC_PHYS_s15_T1_test,21,217,28.233333333333334,0.18191467225551605,-1.547779300831578
UBFC_PHYS_s15_T1_test,21,218,28.266666666666666,0.18990956246852875,-1.6327817549608288
UBFC_PHYS_s15_T1_test,21,219,28.3,0.14613077044487,-1.5722352867563674
UBFC_PHYS_s15_T1_test,21,220,28.333333333333332,0.047082968056201935,-1.3493440535047787
UBFC_PHYS_s15_T1_test,21,221,28.366666666666667,-0.040184926241636276,-0.9780987527045507
UBFC_PHYS_s15_T1_test,21,222,28.4,-0.08803839981555939,-0.5044062555469488
UBFC_PHYS_s15_T1_test,21,223,28.433333333333334,-0.13902030885219574,0.0021453560509907764
UBFC_PHYS_s15_T1_test,21,224,28.466666666666665,-0.22167278826236725,0.4637083490380918
UBFC_PHYS_s15_T1_test,21,225,28.5,-0.31288018822669983,0.8126085691279615
UBFC_PHYS_s15_T1_test,21,226,28.533333333333335,-0.3576052486896515,1.0073463802552827
UBFC_PHYS_s15_T1_test,21,227,28.566666666666666,-0.30005747079849243,1.0410025246914585
UBFC_PHYS_s15_T1_test,21,228,28.6,-0.13594980537891388,0.9393279622254598
UBFC_PHYS_s15_T1_test,21,229,28.633333333333333,0.058843567967414856,0.7497298469795648
UBFC_PHYS_s15_T1_test,21,230,28.666666666666668,0.20553241670131683,0.5260125956522229
UBFC_PHYS_s15_T1_test,21,231,28.7,0.2855778932571411,0.3147993975358906
UBFC_PHYS_s15_T1_test,21,232,28.733333333333334,0.3138110339641571,0.1473195635813824
UBFC_PHYS_s15_T1_test,21,233,28.766666666666666,0.30166420340538025,0.03708544302025466
UBFC_PHYS_s15_T1_test,21,234,28.8,0.2668072581291199,-0.01764001803838913
UBFC_PHYS_s15_T1_test,21,235,28.833333333333332,0.2446378618478775,-0.028191237090996725
UBFC_PHYS_s15_T1_test,21,236,28.866666666666667,0.25987449288368225,-0.008853848788319022
UBFC_PHYS_s15_T1_test,21,237,28.9,0.29142922163009644,0.028367596965461157
UBFC_PHYS_s15_T1_test,21,238,28.933333333333334,0.2982461154460907,0.07606369809548685
UBFC_PHYS_s15_T1_test,21,239,28.966666666666665,0.26893150806427,0.13086372876217878
UBFC_PHYS_s15_T1_test,22,0,22.0,0.20418062806129456,-0.06766880512806647
UBFC_PHYS_s15_T1_test,22,1,22.033333333333335,0.15526503324508667,0.15075165502021237
UBFC_PHYS_s15_T1_test,22,2,22.066666666666666,0.11836108565330505,0.2929454290323421
UBFC_PHYS_s15_T1_test,22,3,22.1,0.11142831295728683,0.30131642765605493
UBFC_PHYS_s15_T1_test,22,4,22.133333333333333,0.12282200157642365,0.15512054362027
UBFC_PHYS_s15_T1_test,22,5,22.166666666666668,0.12683875858783722,-0.12359744168721565
UBFC_PHYS_s15_T1_test,22,6,22.2,0.10690946131944656,-0.47542865896306236
UBFC_PHYS_s15_T1_test,22,7,22.233333333333334,0.05133146047592163,-0.8183784924403942
UBFC_PHYS_s15_T1_test,22,8,22.266666666666666,-0.035299159586429596,-1.0678257393598714
UBFC_PHYS_s15_T1_test,22,9,22.3,-0.11880134791135788,-1.1569409091261706
UBFC_PHYS_s15_T1_test,22,10,22.333333333333332,-0.18030792474746704,-1.053075171235807
UBFC_PHYS_s15_T1_test,22,11,22.366666666666667,-0.24739548563957214,-0.7663188546346309
UBFC_PHYS_s15_T1_test,22,12,22.4,-0.3558672070503235,-0.3477019437645798
UBFC_PHYS_s15_T1_test,22,13,22.433333333333334,-0.48851674795150757,0.12340064855184948
UBFC_PHYS_s15_T1_test,22,14,22.466666666666665,-0.5532289743423462,0.5601457271249062
UBFC_PHYS_s15_T1_test,22,15,22.5,-0.44728705286979675,0.8914843464389172
UBFC_PHYS_s15_T1_test,22,16,22.533333333333335,-0.1917402297258377,1.0795736769998425
UBFC_PHYS_s15_T1_test,22,17,22.566666666666666,0.05610135942697525,1.1243752652313566
UBFC_PHYS_s15_T1_test,22,18,22.6,0.1975182145833969,1.0541921658599513
UBFC_PHYS_s15_T1_test,22,19,22.633333333333333,0.24853874742984772,0.9078073659187295
UBFC_PHYS_s15_T1_test,22,20,22.666666666666668,0.24569998681545258,0.7175421598963125
UBFC_PHYS_s15_T1_test,22,21,22.7,0.20864154398441315,0.5006869634424433
UBFC_PHYS_s15_T1_test,22,22,22.733333333333334,0.16851259768009186,0.2606992811462272
UBFC_PHYS_s15_T1_test,22,23,22.766666666666666,0.14725083112716675,-0.005631321335488219
UBFC_PHYS_s15_T1_test,22,24,22.8,0.13228455185890198,-0.2994548621204685
UBFC_PHYS_s15_T1_test,22,25,22.833333333333332,0.1188245564699173,-0.6120101347066014
UBFC_PHYS_s15_T1_test,22,26,22.866666666666667,0.11863144487142563,-0.9191417499060173
UBFC_PHYS_s15_T1_test,22,27,22.9,0.11513609439134598,-1.1801283502761042
UBFC_PHYS_s15_T1_test,22,28,22.933333333333334,0.07056554406881332,-1.3430026359991927
UBFC_PHYS_s15_T1_test,22,29,22.966666666666665,-0.0050576189532876015,-1.3570397691067675
UBFC_PHYS_s15_T1_test,22,30,23.0,-0.06695042550563812,-1.189712264468794
UBFC_PHYS_s15_T1_test,22,31,23.033333333333335,-0.11661916226148605,-0.8421653537963876
UBFC_PHYS_s15_T1_test,22,32,23.066666666666666,-0.19191403687000275,-0.3564560909955735
UBFC_PHYS_s15_T1_test,22,33,23.1,-0.302046537399292,0.19002208598977685
UBFC_PHYS_s15_T1_test,22,34,23.133333333333333,-0.41739311814308167,0.703065300541549
UBFC_PHYS_s15_T1_test,22,35,23.166666666666668,-0.4602256417274475,1.0977705185333366
UBFC_PHYS_s15_T1_test,22,36,23.2,-0.3581266403198242,1.32243546584447
UBFC_PHYS_s15_T1_test,22,37,23.233333333333334,-0.13741746544837952,1.370202372502015
UBFC_PHYS_s15_T1_test,22,38,23.266666666666666,0.10882128775119781,1.273647708958046
UBFC_PHYS_s15_T1_test,22,39,23.3,0.30794039368629456,1.085460355457369
UBFC_PHYS_s15_T1_test,22,40,23.333333333333332,0.4213365316390991,0.8545821472696116
UBFC_PHYS_s15_T1_test,22,41,23.366666666666667,0.44939589500427246,0.6087655509374981
UBFC_PHYS_s15_T1_test,22,42,23.4,0.4479668438434601,0.3507970068711764
UBFC_PHYS_s15_T1_test,22,43,23.433333333333334,0.4701941907405853,0.06845674777802478
UBFC_PHYS_s15_T1_test,22,44,23.466666666666665,0.5055339336395264,-0.24870138453537433
UBFC_PHYS_s15_T1_test,22,45,23.5,0.5086237192153931,-0.595146847063973
UBFC_PHYS_s15_T1_test,22,46,23.533333333333335,0.47575584053993225,-0.9436686081594043
UBFC_PHYS_s15_T1_test,22,47,23.566666666666666,0.44773510098457336,-1.2485851147870013
UBFC_PHYS_s15_T1_test,22,48,23.6,0.43006524443626404,-1.4552563622736276
UBFC_PHYS_s15_T1_test,22,49,23.633333333333333,0.38101446628570557,-1.5130033841147899
UBFC_PHYS_s15_T1_test,22,50,23.666666666666668,0.28480541706085205,-1.3889539654333383
UBFC_PHYS_s15_T1_test,22,51,23.7,0.1845410019159317,-1.0799649533439137
UBFC_PHYS_s15_T1_test,22,52,23.733333333333334,0.1228606253862381,-0.6187376770733987
UBFC_PHYS_s15_T1_test,22,53,23.766666666666666,0.07805833965539932,-0.07050322828546304
UBFC_PHYS_s15_T1_test,22,54,23.8,-0.010696527548134327,0.48039738142001
UBFC_PHYS_s15_T1_test,22,55,23.833333333333332,-0.15278927981853485,0.9505098686851439
UBFC_PHYS_s15_T1_test,22,56,23.866666666666667,-0.28653955459594727,1.2773248100220393
UBFC_PHYS_s15_T1_test,22,57,23.9,-0.3306080102920532,1.43241307291027
UBFC_PHYS_s15_T1_test,22,58,23.933333333333334,-0.24042409658432007,1.4229823092231042
UBFC_PHYS_s15_T1_test,22,59,23.966666666666665,-0.04800601303577423,1.2819747648347972
UBFC_PHYS_s15_T1_test,22,60,24.0,0.14827433228492737,1.052180408758212
UBFC_PHYS_s15_T1_test,22,61,24.033333333333335,0.2871420979499817,0.7720116220518068
UBFC_PHYS_s15_T1_test,22,62,24.066666666666666,0.3954979479312897,0.4677756062566008
UBFC_PHYS_s15_T1_test,22,63,24.1,0.4842335283756256,0.15280601915630415
UBFC_PHYS_s15_T1_test,22,64,24.133333333333333,0.5396184325218201,-0.16842742596795185
UBFC_PHYS_s15_T1_test,22,65,24.166666666666668,0.5969730615615845,-0.49329959691462494
UBFC_PHYS_s15_T1_test,22,66,24.2,0.6825994849205017,-0.8131908898980458
UBFC_PHYS_s15_T1_test,22,67,24.233333333333334,0.7605206966400146,-1.1073333260671767
UBFC_PHYS_s15_T1_test,22,68,24.266666666666666,0.8043187856674194,-1.3411079558365908
UBFC_PHYS_s15_T1_test,22,69,24.3,0.8005530834197998,-1.4708004546831512
UBFC_PHYS_s15_T1_test,22,70,24.333333333333332,0.6959435939788818,-1.45466184813507
UBFC_PHYS_s15_T1_test,22,71,24.366666666666667,0.4520801603794098,-1.2673351378561388
UBFC_PHYS_s15_T1_test,22,72,24.4,0.10123193264007568,-0.9126279921923443
UBFC_PHYS_s15_T1_test,22,73,24.433333333333334,-0.27839016914367676,-0.42929553058902453
UBFC_PHYS_s15_T1_test,22,74,24.466666666666665,-0.6268051862716675,0.11364732724797963
UBFC_PHYS_s15_T1_test,22,75,24.5,-0.9530507326126099,0.6320220174028571
UBFC_PHYS_s15_T1_test,22,76,24.533333333333335,-1.2836992740631104,1.0478604432320864
UBFC_PHYS_s15_T1_test,22,77,24.566666666666666,-1.5587892532348633,1.3097845737341125
UBFC_PHYS_s15_T1_test,22,78,24.6,-1.6689410209655762,1.4044366481512112
UBFC_PHYS_s15_T1_test,22,79,24.633333333333333,-1.5842994451522827,1.3540235832726022
UBFC_PHYS_s15_T1_test,22,80,24.666666666666668,-1.3756791353225708,1.2012598504449052
UBFC_PHYS_s15_T1_test,22,81,24.7,-1.1314873695373535,0.9892306419267264
UBFC_PHYS_s15_T1_test,22,82,24.733333333333334,-0.9058538675308228,0.7461418600434123
UBFC_PHYS_s15_T1_test,22,83,24.766666666666666,-0.72772616147995,0.4815383816317883
UBFC_PHYS_s15_T1_test,22,84,24.8,-0.5838374495506287,0.19306754290819825
UBFC_PHYS_s15_T1_test,22,85,24.833333333333332,-0.4244031310081482,-0.12266589175815802
UBFC_PHYS_s15_T1_test,22,86,24.866666666666667,-0.24588920176029205,-0.4609532594187129
UBFC_PHYS_s15_T1_test,22,87,24.9,-0.10142114758491516,-0.8036515630826347
UBFC_PHYS_s15_T1_test,22,88,24.933333333333334,-0.012318679131567478,-1.1178695257081752
UBFC_PHYS_s15_T1_test,22,89,24.966666666666665,0.03424093499779701,-1.3590232862437293
UBFC_PHYS_s15_T1_test,22,90,25.0,0.018791871145367622,-1.4787455999470471
UBFC_PHYS_s15_T1_test,22,91,25.033333333333335,-0.06229639798402786,-1.4370350166510582
UBFC_PHYS_s15_T1_test,22,92,25.066666666666666,-0.13550564646720886,-1.215852105993508
UBFC_PHYS_s15_T1_test,22,93,25.1,-0.16792936623096466,-0.8294937878511002
UBFC_PHYS_s15_T1_test,22,94,25.133333333333333,-0.21765603125095367,-0.327028119069867
UBFC_PHYS_s15_T1_test,22,95,25.166666666666668,-0.32176339626312256,0.21570744247807033
UBFC_PHYS_s15_T1_test,22,96,25.2,-0.4069649875164032,0.7132416210958951
UBFC_PHYS_s15_T1_test,22,97,25.233333333333334,-0.36249101161956787,1.0915867866668862
UBFC_PHYS_s15_T1_test,22,98,25.266666666666666,-0.1748041957616806,1.3060470216824946
UBFC_PHYS_s15_T1_test,22,99,25.3,0.04109645634889603,1.3492525626204448
UBFC_PHYS_s15_T1_test,22,100,25.333333333333332,0.1753101944923401,1.246751667110226
UBFC_PHYS_s15_T1_test,22,101,25.366666666666667,0.2153039574623108,1.0425735557632103
UBFC_PHYS_s15_T1_test,22,102,25.4,0.1839616596698761,0.7812194291467282
UBFC_PHYS_s15_T1_test,22,103,25.433333333333334,0.08406416326761246,0.4938034795188338
UBFC_PHYS_s15_T1_test,22,104,25.466666666666665,-0.04704044759273529,0.19392632898543705
UBFC_PHYS_s15_T1_test,22,105,25.5,-0.13907824456691742,-0.11594093514882589
UBFC_PHYS_s15_T1_test,22,106,25.533333333333335,-0.17117366194725037,-0.43211710392168673
UBFC_PHYS_s15_T1_test,22,107,25.566666666666666,-0.15835094451904297,-0.7387083552377148
UBFC_PHYS_s15_T1_test,22,108,25.6,-0.09406353533267975,-1.0037202421367248
UBFC_PHYS_s15_T1_test,22,109,25.633333333333333,-0.02852088399231434,-1.184065843410534
UBFC_PHYS_s15_T1_test,22,110,25.666666666666668,-0.07071613520383835,-1.237528812291948
UBFC_PHYS_s15_T1_test,22,111,25.7,-0.2441125512123108,-1.1373333774766843
UBFC_PHYS_s15_T1_test,22,112,25.733333333333334,-0.46391409635543823,-0.8839735819676108
UBFC_PHYS_s15_T1_test,22,113,25.766666666666666,-0.6587268114089966,-0.5096149982178829
UBFC_PHYS_s15_T1_test,22,114,25.8,-0.7883444428443909,-0.07274125174618419
UBFC_PHYS_s15_T1_test,22,115,25.833333333333332,-0.7897734642028809,0.35586584519979875
UBFC_PHYS_s15_T1_test,22,116,25.866666666666667,-0.6331006288528442,0.7113587601928966
UBFC_PHYS_s15_T1_test,22,117,25.9,-0.3790987432003021,0.9507402498618563
UBFC_PHYS_s15_T1_test,22,118,25.933333333333334,-0.08014006167650223,1.0602954855002558
UBFC_PHYS_s15_T1_test,22,119,25.966666666666665,0.25294172763824463,1.0519000419827977
UBFC_PHYS_s15_T1_test,22,120,26.0,0.5326663255691528,0.9511651060015934
UBFC_PHYS_s15_T1_test,22,121,26.033333333333335,0.6345915198326111,0.7843533923431188
UBFC_PHYS_s15_T1_test,22,122,26.066666666666666,0.5981317162513733,0.5704206963513816
UBFC_PHYS_s15_T1_test,22,123,26.1,0.5360844135284424,0.3204316573169761
UBFC_PHYS_s15_T1_test,22,124,26.133333333333333,0.4740564525127411,0.042194780671320334
UBFC_PHYS_s15_T1_test,22,125,26.166666666666668,0.39323854446411133,-0.25381415451507183
UBFC_PHYS_s15_T1_test,22,126,26.2,0.3139655292034149,-0.5497629853488317
UBFC_PHYS_s15_T1_test,22,127,26.233333333333334,0.2622884213924408,-0.8178369763219908
UBFC_PHYS_s15_T1_test,22,128,26.266666666666666,0.22976814210414886,-1.020885891864031
UBFC_PHYS_s15_T1_test,22,129,26.3,0.18819084763526917,-1.118171128373574
UBFC_PHYS_s15_T1_test,22,130,26.333333333333332,0.10530662536621094,-1.0763754874208462
UBFC_PHYS_s15_T1_test,22,131,26.366666666666667,-0.033194225281476974,-0.8827700261022631
UBFC_PHYS_s15_T1_test,22,132,26.4,-0.17598219215869904,-0.5549459609430077
UBFC_PHYS_s15_T1_test,22,133,26.433333333333334,-0.21516487002372742,-0.1416844566562307
UBFC_PHYS_s15_T1_test,22,134,26.466666666666665,-0.08620382100343704,0.287204687510565
UBFC_PHYS_s15_T1_test,22,135,26.5,0.14856399595737457,0.6593331068411084
UBFC_PHYS_s15_T1_test,22,136,26.533333333333335,0.36170312762260437,0.9195952315826108
UBFC_PHYS_s15_T1_test,22,137,26.566666666666666,0.4975583255290985,1.0433852298005977
UBFC_PHYS_s15_T1_test,22,138,26.6,0.5709607005119324,1.0378061742494564
UBFC_PHYS_s15_T1_test,22,139,26.633333333333333,0.5921452045440674,0.9310326977134611
UBFC_PHYS_s15_T1_test,22,140,26.666666666666668,0.5707096457481384,0.7557359414484672
UBFC_PHYS_s15_T1_test,22,141,26.7,0.5424571633338928,0.5351653975226386
UBFC_PHYS_s15_T1_test,22,142,26.733333333333334,0.5501816868782043,0.2783752087660647
UBFC_PHYS_s15_T1_test,22,143,26.766666666666666,0.6103751063346863,-0.014247124678011284
UBFC_PHYS_s15_T1_test,22,144,26.8,0.6970829963684082,-0.33929881549235735
UBFC_PHYS_s15_T1_test,22,145,26.833333333333332,0.7707750201225281,-0.6791925188834933
UBFC_PHYS_s15_T1_test,22,146,26.866666666666667,0.8282841444015503,-0.9970347435429818
UBFC_PHYS_s15_T1_test,22,147,26.9,0.8850208520889282,-1.2400889225140004
UBFC_PHYS_s15_T1_test,22,148,26.933333333333334,0.9426072239875793,-1.351539103029312
UBFC_PHYS_s15_T1_test,22,149,26.966666666666665,1.00040602684021,-1.2876381235053007
UBFC_PHYS_s15_T1_test,22,150,27.0,1.032926321029663,-1.0346731095340245
UBFC_PHYS_s15_T1_test,22,151,27.033333333333335,0.9659739136695862,-0.6189902163484768
UBFC_PHYS_s15_T1_test,22,152,27.066666666666666,0.7901635766029358,-0.10505309230127581
UBFC_PHYS_s15_T1_test,22,153,27.1,0.592628002166748,0.4192593099526329
UBFC_PHYS_s15_T1_test,22,154,27.133333333333333,0.4233255982398987,0.8658978112262654
UBFC_PHYS_s15_T1_test,22,155,27.166666666666668,0.22426441311836243,1.1704304099662428
UBFC_PHYS_s15_T1_test,22,156,27.2,-0.0696733221411705,1.3075031391983154
UBFC_PHYS_s15_T1_test,22,157,27.233333333333334,-0.42919233441352844,1.2919178516264807
UBFC_PHYS_s15_T1_test,22,158,27.266666666666666,-0.7602464556694031,1.1651292757172682
UBFC_PHYS_s15_T1_test,22,159,27.3,-0.9852620363235474,0.9736726510255083
UBFC_PHYS_s15_T1_test,22,160,27.333333333333332,-1.089581847190857,0.750249264516485
UBFC_PHYS_s15_T1_test,22,161,27.366666666666667,-1.1041232347488403,0.5063649625896451
UBFC_PHYS_s15_T1_test,22,162,27.4,-1.0625460147857666,0.23767984103752632
UBFC_PHYS_s15_T1_test,22,163,27.433333333333334,-0.981940507888794,-0.06394781796610438
UBFC_PHYS_s15_T1_test,22,164,27.466666666666665,-0.8839161992073059,-0.39873665657334634
UBFC_PHYS_s15_T1_test,22,165,27.5,-0.7890975475311279,-0.7514125347208342
UBFC_PHYS_s15_T1_test,22,166,27.533333333333335,-0.7013468742370605,-1.0889022408844553
UBFC_PHYS_s15_T1_test,22,167,27.566666666666666,-0.633931040763855,-1.3634303098151281
UBFC_PHYS_s15_T1_test,22,168,27.6,-0.6077641844749451,-1.520935909687773
UBFC_PHYS_s15_T1_test,22,169,27.633333333333333,-0.6011790037155151,-1.5139581601011134
UBFC_PHYS_s15_T1_test,22,170,27.666666666666668,-0.563348114490509,-1.3163359679528845
UBFC_PHYS_s15_T1_test,22,171,27.7,-0.49311283230781555,-0.9352591121210017
UBFC_PHYS_s15_T1_test,22,172,27.733333333333334,-0.4545094966888428,-0.4158255803879111
UBFC_PHYS_s15_T1_test,22,173,27.766666666666666,-0.48274263739585876,0.16518740262211506
UBFC_PHYS_s15_T1_test,22,174,27.8,-0.5031933188438416,0.7163417641944272
UBFC_PHYS_s15_T1_test,22,175,27.833333333333332,-0.41716137528419495,1.1548489744199437
UBFC_PHYS_s15_T1_test,22,176,27.866666666666667,-0.21902714669704437,1.4276954717529695
UBFC_PHYS_s15_T1_test,22,177,27.9,0.0062201968394219875,1.5219465153539733
UBFC_PHYS_s15_T1_test,22,178,27.933333333333334,0.17544537782669067,1.4606363685956718
UBFC_PHYS_s15_T1_test,22,179,27.966666666666665,0.26396849751472473,1.2874687473304656
UBFC_PHYS_s15_T1_test,22,180,28.0,0.2861572206020355,1.0477573040523147
UBFC_PHYS_s15_T1_test,22,181,28.033333333333335,0.2564757168292999,0.7734709785694273
UBFC_PHYS_s15_T1_test,22,182,28.066666666666666,0.20192120969295502,0.4777320308650874
UBFC_PHYS_s15_T1_test,22,183,28.1,0.17028924822807312,0.1595757646111844
UBFC_PHYS_s15_T1_test,22,184,28.133333333333333,0.1792883276939392,-0.18505571754216435
UBFC_PHYS_s15_T1_test,22,185,28.166666666666668,0.1909523606300354,-0.5522344044839665
UBFC_PHYS_s15_T1_test,22,186,28.2,0.1818760484457016,-0.9231370741602603
UBFC_PHYS_s15_T1_test,22,187,28.233333333333334,0.18191467225551605,-1.2624615661244811
UBFC_PHYS_s15_T1_test,22,188,28.266666666666666,0.18990956246852875,-1.5220738641635716
UBFC_PHYS_s15_T1_test,22,189,28.3,0.14613077044487,-1.649842725347393
UBFC_PHYS_s15_T1_test,22,190,28.333333333333332,0.047082968056201935,-1.6029613568362164
UBFC_PHYS_s15_T1_test,22,191,28.366666666666667,-0.040184926241636276,-1.3629939263493003
UBFC_PHYS_s15_T1_test,22,192,28.4,-0.08803839981555939,-0.9474059747315088
UBFC_PHYS_s15_T1_test,22,193,28.433333333333334,-0.13902030885219574,-0.41172803324902835
UBFC_PHYS_s15_T1_test,22,194,28.466666666666665,-0.22167278826236725,0.16068969195815855
UBFC_PHYS_s15_T1_test,22,195,28.5,-0.31288018822669983,0.6791968629170378
UBFC_PHYS_s15_T1_test,22,196,28.533333333333335,-0.3576052486896515,1.069583194486816
UBFC_PHYS_s15_T1_test,22,197,28.566666666666666,-0.30005747079849243,1.2919256393656455
UBFC_PHYS_s15_T1_test,22,198,28.6,-0.13594980537891388,1.3456440203162605
UBFC_PHYS_s15_T1_test,22,199,28.633333333333333,0.058843567967414856,1.260727444297938
UBFC_PHYS_s15_T1_test,22,200,28.666666666666668,0.20553241670131683,1.0807716346183365
UBFC_PHYS_s15_T1_test,22,201,28.7,0.2855778932571411,0.8465360683014962
UBFC_PHYS_s15_T1_test,22,202,28.733333333333334,0.3138110339641571,0.5861096376109391
UBFC_PHYS_s15_T1_test,22,203,28.766666666666666,0.30166420340538025,0.3128276855667712
UBFC_PHYS_s15_T1_test,22,204,28.8,0.2668072581291199,0.029080020718692447
UBFC_PHYS_s15_T1_test,22,205,28.833333333333332,0.2446378618478775,-0.2664861521735352
UBFC_PHYS_s15_T1_test,22,206,28.866666666666667,0.25987449288368225,-0.5707045045961476
UBFC_PHYS_s15_T1_test,22,207,28.9,0.29142922163009644,-0.8688644603651391
UBFC_PHYS_s15_T1_test,22,208,28.933333333333334,0.2982461154460907,-1.1313370474683797
UBFC_PHYS_s15_T1_test,22,209,28.966666666666665,0.26893150806427,-1.3159559388054616
UBFC_PHYS_s15_T1_test,22,210,29.0,0.2122913897037506,-1.3768832772657
UBFC_PHYS_s15_T1_test,22,211,29.033333333333335,0.11938458681106567,-1.2782320412660868
UBFC_PHYS_s15_T1_test,22,212,29.066666666666666,0.01442751195281744,-1.0080557605565328
UBFC_PHYS_s15_T1_test,22,213,29.1,-0.05096064880490303,-0.5871510149110274
UBFC_PHYS_s15_T1_test,22,214,29.133333333333333,-0.09761682152748108,-0.06855755577398388
UBFC_PHYS_s15_T1_test,22,215,29.166666666666668,-0.19546732306480408,0.4730667034828659
UBFC_PHYS_s15_T1_test,22,216,29.2,-0.32614707946777344,0.9593999084172177
UBFC_PHYS_s15_T1_test,22,217,29.233333333333334,-0.397328644990921,1.3280139072431494
UBFC_PHYS_s15_T1_test,22,218,29.266666666666666,-0.3695589601993561,1.5464977931409236
UBFC_PHYS_s15_T1_test,22,219,29.3,-0.26201415061950684,1.6156455393251348
UBFC_PHYS_s15_T1_test,22,220,29.333333333333332,-0.10219360142946243,1.5607866029397155
UBFC_PHYS_s15_T1_test,22,221,29.366666666666667,0.05536752939224243,1.416016521181681
UBFC_PHYS_s15_T1_test,22,222,29.4,0.1561533510684967,1.2096852611161915
UBFC_PHYS_s15_T1_test,22,223,29.433333333333334,0.1941966712474823,0.9580722629533673
UBFC_PHYS_s15_T1_test,22,224,29.466666666666665,0.1890019178390503,0.6680314332982161
UBFC_PHYS_s15_T1_test,22,225,29.5,0.15870244801044464,0.3439728290070075
UBFC_PHYS_s15_T1_test,22,226,29.533333333333335,0.12471450865268707,-0.005675604884597462
UBFC_PHYS_s15_T1_test,22,227,29.566666666666666,0.10777847468852997,-0.3645960752409656
UBFC_PHYS_s15_T1_test,22,228,29.6,0.11641063541173935,-0.7076423199067213
UBFC_PHYS_s15_T1_test,22,229,29.633333333333333,0.13765309751033783,-1.0030424982757236
UBFC_PHYS_s15_T1_test,22,230,29.666666666666668,0.12645253539085388,-1.2179536806487765
UBFC_PHYS_s15_T1_test,22,231,29.7,0.058360785245895386,-1.3267257400715902
UBFC_PHYS_s15_T1_test,22,232,29.733333333333334,-0.031436894088983536,-1.3195628153797085
UBFC_PHYS_s15_T1_test,22,233,29.766666666666666,-0.1118299588561058,-1.2079580356860913
UBFC_PHYS_s15_T1_test,22,234,29.8,-0.18206526339054108,-1.0236406849017359
UBFC_PHYS_s15_T1_test,22,235,29.833333333333332,-0.23399342596530914,-0.8101594053212505
UBFC_PHYS_s15_T1_test,22,236,29.866666666666667,-0.2822331190109253,-0.6096830389627413
UBFC_PHYS_s15_T1_test,22,237,29.9,-0.3638620972633362,-0.45003618478235535
UBFC_PHYS_s15_T1_test,22,238,29.933333333333334,-0.4541618824005127,-0.33688201991449107
UBFC_PHYS_s15_T1_test,22,239,29.966666666666665,-0.46557489037513733,-0.2539206616242866
UBFC_PHYS_s15_T1_test,23,0,23.0,-0.06695042550563812,0.09536453129483015
UBFC_PHYS_s15_T1_test,23,1,23.033333333333335,-0.11661916226148605,1.024486374411028
UBFC_PHYS_s15_T1_test,23,2,23.066666666666666,-0.19191403687000275,1.8473090509086272
UBFC_PHYS_s15_T1_test,23,3,23.1,-0.302046537399292,2.4767029767976503
UBFC_PHYS_s15_T1_test,23,4,23.133333333333333,-0.41739311814308167,2.8554757912631943
UBFC_PHYS_s15_T1_test,23,5,23.166666666666668,-0.4602256417274475,2.9655341391081897
UBFC_PHYS_s15_T1_test,23,6,23.2,-0.3581266403198242,2.8283955890522776
UBFC_PHYS_s15_T1_test,23,7,23.233333333333334,-0.13741746544837952,2.497334187844197
UBFC_PHYS_s15_T1_test,23,8,23.266666666666666,0.10882128775119781,2.0437175125827567
UBFC_PHYS_s15_T1_test,23,9,23.3,0.30794039368629456,1.540611509183316
UBFC_PHYS_s15_T1_test,23,10,23.333333333333332,0.4213365316390991,1.0471132356303168
UBFC_PHYS_s15_T1_test,23,11,23.366666666666667,0.44939589500427246,0.597341330135054
UBFC_PHYS_s15_T1_test,23,12,23.4,0.4479668438434601,0.19770338887509342
UBFC_PHYS_s15_T1_test,23,13,23.433333333333334,0.4701941907405853,-0.1660834120347548
UBFC_PHYS_s15_T1_test,23,14,23.466666666666665,0.5055339336395264,-0.5146072279350196
UBFC_PHYS_s15_T1_test,23,15,23.5,0.5086237192153931,-0.8587775718557303
UBFC_PHYS_s15_T1_test,23,16,23.533333333333335,0.47575584053993225,-1.1886729908293363
UBFC_PHYS_s15_T1_test,23,17,23.566666666666666,0.44773510098457336,-1.4715239889697609
UBFC_PHYS_s15_T1_test,23,18,23.6,0.43006524443626404,-1.6595308107602669
UBFC_PHYS_s15_T1_test,23,19,23.633333333333333,0.38101446628570557,-1.7046751183363975
UBFC_PHYS_s15_T1_test,23,20,23.666666666666668,0.28480541706085205,-1.5754239147704152
UBFC_PHYS_s15_T1_test,23,21,23.7,0.1845410019159317,-1.269754879513679
UBFC_PHYS_s15_T1_test,23,22,23.733333333333334,0.1228606253862381,-0.82022501942736
UBFC_PHYS_s15_T1_test,23,23,23.766666666666666,0.07805833965539932,-0.28952906968605824
UBFC_PHYS_s15_T1_test,23,24,23.8,-0.010696527548134327,0.24181876062485366
UBFC_PHYS_s15_T1_test,23,25,23.833333333333332,-0.15278927981853485,0.6921729174914147
UBFC_PHYS_s15_T1_test,23,26,23.866666666666667,-0.28653955459594727,0.9963519225143959
UBFC_PHYS_s15_T1_test,23,27,23.9,-0.3306080102920532,1.1205679515608644
UBFC_PHYS_s15_T1_test,23,28,23.933333333333334,-0.24042409658432007,1.069824523859444
UBFC_PHYS_s15_T1_test,23,29,23.966666666666665,-0.04800601303577423,0.883620987418544
UBFC_PHYS_s15_T1_test,23,30,24.0,0.14827433228492737,0.6207181508278623
UBFC_PHYS_s15_T1_test,23,31,24.033333333333335,0.2871420979499817,0.33920026484339605
UBFC_PHYS_s15_T1_test,23,32,24.066666666666666,0.3954979479312897,0.07964626349154735
UBFC_PHYS_s15_T1_test,23,33,24.1,0.4842335283756256,-0.14297481529238448
UBFC_PHYS_s15_T1_test,23,34,24.133333333333333,0.5396184325218201,-0.33670794602008364
UBFC_PHYS_s15_T1_test,23,35,24.166666666666668,0.5969730615615845,-0.5210076284857106
UBFC_PHYS_s15_T1_test,23,36,24.2,0.6825994849205017,-0.7108060270834117
UBFC_PHYS_s15_T1_test,23,37,24.233333333333334,0.7605206966400146,-0.9026327752289215
UBFC_PHYS_s15_T1_test,23,38,24.266666666666666,0.8043187856674194,-1.0689124189030896
UBFC_PHYS_s15_T1_test,23,39,24.3,0.8005530834197998,-1.1636936013063377
UBFC_PHYS_s15_T1_test,23,40,24.333333333333332,0.6959435939788818,-1.138099131013668
UBFC_PHYS_s15_T1_test,23,41,24.366666666666667,0.4520801603794098,-0.9593155153256285
UBFC_PHYS_s15_T1_test,23,42,24.4,0.10123193264007568,-0.6255446481513187
UBFC_PHYS_s15_T1_test,23,43,24.433333333333334,-0.27839016914367676,-0.1714672054781849
UBFC_PHYS_s15_T1_test,23,44,24.466666666666665,-0.6268051862716675,0.3371064601587254
UBFC_PHYS_s15_T1_test,23,45,24.5,-0.9530507326126099,0.8172849933526619
UBFC_PHYS_s15_T1_test,23,46,24.533333333333335,-1.2836992740631104,1.1884343979248047
UBFC_PHYS_s15_T1_test,23,47,24.566666666666666,-1.5587892532348633,1.3926421267215714
UBFC_PHYS_s15_T1_test,23,48,24.6,-1.6689410209655762,1.4105256938558444
UBFC_PHYS_s15_T1_test,23,49,24.633333333333333,-1.5842994451522827,1.2659736838810385
UBFC_PHYS_s15_T1_test,23,50,24.666666666666668,-1.3756791353225708,1.0161980562754378
UBFC_PHYS_s15_T1_test,23,51,24.7,-1.1314873695373535,0.7296000202234648
UBFC_PHYS_s15_T1_test,23,52,24.733333333333334,-0.9058538675308228,0.4605323547896285
UBFC_PHYS_s15_T1_test,23,53,24.766666666666666,-0.72772616147995,0.23227457647384486
UBFC_PHYS_s15_T1_test,23,54,24.8,-0.5838374495506287,0.03505736145459577
UBFC_PHYS_s15_T1_test,23,55,24.833333333333332,-0.4244031310081482,-0.16158330490781658
UBFC_PHYS_s15_T1_test,23,56,24.866666666666667,-0.24588920176029205,-0.38841112839810793
UBFC_PHYS_s15_T1_test,23,57,24.9,-0.10142114758491516,-0.6564223012262438
UBFC_PHYS_s15_T1_test,23,58,24.933333333333334,-0.012318679131567478,-0.9447272288800256
UBFC_PHYS_s15_T1_test,23,59,24.966666666666665,0.03424093499779701,-1.2011018928939008
UBFC_PHYS_s15_T1_test,23,60,25.0,0.018791871145367622,-1.3556392839442817
UBFC_PHYS_s15_T1_test,23,61,25.033333333333335,-0.06229639798402786,-1.3433909995448925
UBFC_PHYS_s15_T1_test,23,62,25.066666666666666,-0.13550564646720886,-1.1284617969205866
UBFC_PHYS_s15_T1_test,23,63,25.1,-0.16792936623096466,-0.721047213209235
UBFC_PHYS_s15_T1_test,23,64,25.133333333333333,-0.21765603125095367,-0.18096551544712236
UBFC_PHYS_s15_T1_test,23,65,25.166666666666668,-0.32176339626312256,0.39447990587103327
UBFC_PHYS_s15_T1_test,23,66,25.2,-0.4069649875164032,0.8954295098183914
UBFC_PHYS_s15_T1_test,23,67,25.233333333333334,-0.36249101161956787,1.2298125021550814
UBFC_PHYS_s15_T1_test,23,68,25.266666666666666,-0.1748041957616806,1.3491001844980528
UBFC_PHYS_s15_T1_test,23,69,25.3,0.04109645634889603,1.260133653320543
UBFC_PHYS_s15_T1_test,23,70,25.333333333333332,0.1753101944923401,1.018231588118461
UBFC_PHYS_s15_T1_test,23,71,25.366666666666667,0.2153039574623108,0.703948734601682
UBFC_PHYS_s15_T1_test,23,72,25.4,0.1839616596698761,0.39284983602838264
UBFC_PHYS_s15_T1_test,23,73,25.433333333333334,0.08406416326761246,0.13091527850379395
UBFC_PHYS_s15_T1_test,23,74,25.466666666666665,-0.04704044759273529,-0.07447272025721915
UBFC_PHYS_s15_T1_test,23,75,25.5,-0.13907824456691742,-0.24551915911235578
UBFC_PHYS_s15_T1_test,23,76,25.533333333333335,-0.17117366194725037,-0.41315129815994384
UBFC_PHYS_s15_T1_test,23,77,25.566666666666666,-0.15835094451904297,-0.5952926049932656
UBFC_PHYS_s15_T1_test,23,78,25.6,-0.09406353533267975,-0.7837436625139775
UBFC_PHYS_s15_T1_test,23,79,25.633333333333333,-0.02852088399231434,-0.9437596963076629
UBFC_PHYS_s15_T1_test,23,80,25.666666666666668,-0.07071613520383835,-1.0251942953310091
UBFC_PHYS_s15_T1_test,23,81,25.7,-0.2441125512123108,-0.9806548932711278
UBFC_PHYS_s15_T1_test,23,82,25.733333333333334,-0.46391409635543823,-0.7844875290712101
UBFC_PHYS_s15_T1_test,23,83,25.766666666666666,-0.6587268114089966,-0.4463527495323321
UBFC_PHYS_s15_T1_test,23,84,25.8,-0.7883444428443909,-0.01449754063871464
UBFC_PHYS_s15_T1_test,23,85,25.833333333333332,-0.7897734642028809,0.4334992711746787
UBFC_PHYS_s15_T1_test,23,86,25.866666666666667,-0.6331006288528442,0.8108991625429849
UBFC_PHYS_s15_T1_test,23,87,25.9,-0.3790987432003021,1.0468787302377032
UBFC_PHYS_s15_T1_test,23,88,25.933333333333334,-0.08014006167650223,1.1071756689680066
UBFC_PHYS_s15_T1_test,23,89,25.966666666666665,0.25294172763824463,1.0016324043426141
UBFC_PHYS_s15_T1_test,23,90,26.0,0.5326663255691528,0.7756902727337309
UBFC_PHYS_s15_T1_test,23,91,26.033333333333335,0.6345915198326111,0.4904649997292746
UBFC_PHYS_s15_T1_test,23,92,26.066666666666666,0.5981317162513733,0.2008940663788458
UBFC_PHYS_s15_T1_test,23,93,26.1,0.5360844135284424,-0.05886399947785987
UBFC_PHYS_s15_T1_test,23,94,26.133333333333333,0.4740564525127411,-0.2784367934806784
UBFC_PHYS_s15_T1_test,23,95,26.166666666666668,0.39323854446411133,-0.464024485956446
UBFC_PHYS_s15_T1_test,23,96,26.2,0.3139655292034149,-0.6256215538723281
UBFC_PHYS_s15_T1_test,23,97,26.233333333333334,0.2622884213924408,-0.764277993305207
UBFC_PHYS_s15_T1_test,23,98,26.266666666666666,0.22976814210414886,-0.8647888225421383
UBFC_PHYS_s15_T1_test,23,99,26.3,0.18819084763526917,-0.8974311113603751
UBFC_PHYS_s15_T1_test,23,100,26.333333333333332,0.10530662536621094,-0.8287081047551705
UBFC_PHYS_s15_T1_test,23,101,26.366666666666667,-0.033194225281476974,-0.6370018203829055
UBFC_PHYS_s15_T1_test,23,102,26.4,-0.17598219215869904,-0.3266047693051809
UBFC_PHYS_s15_T1_test,23,103,26.433333333333334,-0.21516487002372742,0.06617749835179092
UBFC_PHYS_s15_T1_test,23,104,26.466666666666665,-0.08620382100343704,0.4783418929637384
UBFC_PHYS_s15_T1_test,23,105,26.5,0.14856399595737457,0.8359323687695717
UBFC_PHYS_s15_T1_test,23,106,26.533333333333335,0.36170312762260437,1.0747519252860103
UBFC_PHYS_s15_T1_test,23,107,26.566666666666666,0.4975583255290985,1.1581399662345255
UBFC_PHYS_s15_T1_test,23,108,26.6,0.5709607005119324,1.084875523845464
UBFC_PHYS_s15_T1_test,23,109,26.633333333333333,0.5921452045440674,0.8844378694542041
UBFC_PHYS_s15_T1_test,23,110,26.666666666666668,0.5707096457481384,0.6024748898031663
UBFC_PHYS_s15_T1_test,23,111,26.7,0.5424571633338928,0.2835344854623714
UBFC_PHYS_s15_T1_test,23,112,26.733333333333334,0.5501816868782043,-0.041273693755323644
UBFC_PHYS_s15_T1_test,23,113,26.766666666666666,0.6103751063346863,-0.3569149579728685
UBFC_PHYS_s15_T1_test,23,114,26.8,0.6970829963684082,-0.657354994303179
UBFC_PHYS_s15_T1_test,23,115,26.833333333333332,0.7707750201225281,-0.933323926565618
UBFC_PHYS_s15_T1_test,23,116,26.866666666666667,0.8282841444015503,-1.1619652720108156
UBFC_PHYS_s15_T1_test,23,117,26.9,0.8850208520889282,-1.304733793003968
UBFC_PHYS_s15_T1_test,23,118,26.933333333333334,0.9426072239875793,-1.3161521494866155
UBFC_PHYS_s15_T1_test,23,119,26.966666666666665,1.00040602684021,-1.1607259954425513
UBFC_PHYS_s15_T1_test,23,120,27.0,1.032926321029663,-0.8308450278793446
UBFC_PHYS_s15_T1_test,23,121,27.033333333333335,0.9659739136695862,-0.3573114025583171
UBFC_PHYS_s15_T1_test,23,122,27.066666666666666,0.7901635766029358,0.19285218774362933
UBFC_PHYS_s15_T1_test,23,123,27.1,0.592628002166748,0.7312293404760367
UBFC_PHYS_s15_T1_test,23,124,27.133333333333333,0.4233255982398987,1.1703611144140897
UBFC_PHYS_s15_T1_test,23,125,27.166666666666668,0.22426441311836243,1.4458640251388184
UBFC_PHYS_s15_T1_test,23,126,27.2,-0.0696733221411705,1.530971418305818
UBFC_PHYS_s15_T1_test,23,127,27.233333333333334,-0.42919233441352844,1.4390098962662075
UBFC_PHYS_s15_T1_test,23,128,27.266666666666666,-0.7602464556694031,1.2134599885343573
UBFC_PHYS_s15_T1_test,23,129,27.3,-0.9852620363235474,0.9097342844019854
UBFC_PHYS_s15_T1_test,23,130,27.333333333333332,-1.089581847190857,0.5762522222825304
UBFC_PHYS_s15_T1_test,23,131,27.366666666666667,-1.1041232347488403,0.2424936863817991
UBFC_PHYS_s15_T1_test,23,132,27.4,-1.0625460147857666,-0.08228344227174865
UBFC_PHYS_s15_T1_test,23,133,27.433333333333334,-0.981940507888794,-0.4012540159827525
UBFC_PHYS_s15_T1_test,23,134,27.466666666666665,-0.8839161992073059,-0.7179576867041741
UBFC_PHYS_s15_T1_test,23,135,27.5,-0.7890975475311279,-1.0251487969741908
UBFC_PHYS_s15_T1_test,23,136,27.533333333333335,-0.7013468742370605,-1.298428915183605
UBFC_PHYS_s15_T1_test,23,137,27.566666666666666,-0.633931040763855,-1.4968169942823277
UBFC_PHYS_s15_T1_test,23,138,27.6,-0.6077641844749451,-1.5709394435252346
UBFC_PHYS_s15_T1_test,23,139,27.633333333333333,-0.6011790037155151,-1.4775747794564513
UBFC_PHYS_s15_T1_test,23,140,27.666666666666668,-0.563348114490509,-1.196496817925876
UBFC_PHYS_s15_T1_test,23,141,27.7,-0.49311283230781555,-0.7434425840189938
UBFC_PHYS_s15_T1_test,23,142,27.733333333333334,-0.4545094966888428,-0.1733900238160897
UBFC_PHYS_s15_T1_test,23,143,27.766666666666666,-0.48274263739585876,0.4285811851896011
UBFC_PHYS_s15_T1_test,23,144,27.8,-0.5031933188438416,0.9669073728162869
UBFC_PHYS_s15_T1_test,23,145,27.833333333333332,-0.41716137528419495,1.3594321496733317
UBFC_PHYS_s15_T1_test,23,146,27.866666666666667,-0.21902714669704437,1.5574384740594762
UBFC_PHYS_s15_T1_test,23,147,27.9,0.0062201968394219875,1.555114738050153
UBFC_PHYS_s15_T1_test,23,148,27.933333333333334,0.17544537782669067,1.3859725337165516
UBFC_PHYS_s15_T1_test,23,149,27.966666666666665,0.26396849751472473,1.1084332990367103
UBFC_PHYS_s15_T1_test,23,150,28.0,0.2861572206020355,0.7858505254508518
UBFC_PHYS_s15_T1_test,23,151,28.033333333333335,0.2564757168292999,0.4675059126392073
UBFC_PHYS_s15_T1_test,23,152,28.066666666666666,0.20192120969295502,0.17695457681036575
UBFC_PHYS_s15_T1_test,23,153,28.1,0.17028924822807312,-0.08825802965678856
UBFC_PHYS_s15_T1_test,23,154,28.133333333333333,0.1792883276939392,-0.346064835820235
UBFC_PHYS_s15_T1_test,23,155,28.166666666666668,0.1909523606300354,-0.6135284393488158
UBFC_PHYS_s15_T1_test,23,156,28.2,0.1818760484457016,-0.8915118897161445
UBFC_PHYS_s15_T1_test,23,157,28.233333333333334,0.18191467225551605,-1.1562758589556599
UBFC_PHYS_s15_T1_test,23,158,28.266666666666666,0.18990956246852875,-1.3612822072716602
UBFC_PHYS_s15_T1_test,23,159,28.3,0.14613077044487,-1.4490903930725703
UBFC_PHYS_s15_T1_test,23,160,28.333333333333332,0.047082968056201935,-1.369880231009215
UBFC_PHYS_s15_T1_test,23,161,28.366666666666667,-0.040184926241636276,-1.1006862669682453
UBFC_PHYS_s15_T1_test,23,162,28.4,-0.08803839981555939,-0.6586586921093257
UBFC_PHYS_s15_T1_test,23,163,28.433333333333334,-0.13902030885219574,-0.10304498976667552
UBFC_PHYS_s15_T1_test,23,164,28.466666666666665,-0.22167278826236725,0.4760148450531679
UBFC_PHYS_s15_T1_test,23,165,28.5,-0.31288018822669983,0.9793364842015989
UBFC_PHYS_s15_T1_test,23,166,28.533333333333335,-0.3576052486896515,1.324612293954231
UBFC_PHYS_s15_T1_test,23,167,28.566666666666666,-0.30005747079849243,1.4677273008230056
UBFC_PHYS_s15_T1_test,23,168,28.6,-0.13594980537891388,1.4117837245281446
UBFC_PHYS_s15_T1_test,23,169,28.633333333333333,0.058843567967414856,1.2006936555805594
UBFC_PHYS_s15_T1_test,23,170,28.666666666666668,0.20553241670131683,0.9007901074213217
UBFC_PHYS_s15_T1_test,23,171,28.7,0.2855778932571411,0.5784626463843071
UBFC_PHYS_s15_T1_test,23,172,28.733333333333334,0.3138110339641571,0.28160300366536106
UBFC_PHYS_s15_T1_test,23,173,28.766666666666666,0.30166420340538025,0.029667354033725668
UBFC_PHYS_s15_T1_test,23,174,28.8,0.2668072581291199,-0.18559442641205834
UBFC_PHYS_s15_T1_test,23,175,28.833333333333332,0.2446378618478775,-0.38927119949863986
UBFC_PHYS_s15_T1_test,23,176,28.866666666666667,0.25987449288368225,-0.6060227989773345
UBFC_PHYS_s15_T1_test,23,177,28.9,0.29142922163009644,-0.8429007969184961
UBFC_PHYS_s15_T1_test,23,178,28.933333333333334,0.2982461154460907,-1.0793027623659028
UBFC_PHYS_s15_T1_test,23,179,28.966666666666665,0.26893150806427,-1.2687432451787435
UBFC_PHYS_s15_T1_test,23,180,29.0,0.2122913897037506,-1.3524963004749095
UBFC_PHYS_s15_T1_test,23,181,29.033333333333335,0.11938458681106567,-1.2802633661184668
UBFC_PHYS_s15_T1_test,23,182,29.066666666666666,0.01442751195281744,-1.030098564617396
UBFC_PHYS_s15_T1_test,23,183,29.1,-0.05096064880490303,-0.6201965575957389
UBFC_PHYS_s15_T1_test,23,184,29.133333333333333,-0.09761682152748108,-0.10850330383223374
UBFC_PHYS_s15_T1_test,23,185,29.166666666666668,-0.19546732306480408,0.4196993663941194
UBFC_PHYS_s15_T1_test,23,186,29.2,-0.32614707946777344,0.8729289429879269
UBFC_PHYS_s15_T1_test,23,187,29.233333333333334,-0.397328644990921,1.177665902030146
UBFC_PHYS_s15_T1_test,23,188,29.266666666666666,-0.3695589601993561,1.2979447327526392
UBFC_PHYS_s15_T1_test,23,189,29.3,-0.26201415061950684,1.2430332234798938
UBFC_PHYS_s15_T1_test,23,190,29.333333333333332,-0.10219360142946243,1.0597662460141188
UBFC_PHYS_s15_T1_test,23,191,29.366666666666667,0.05536752939224243,0.8125348161865035
UBFC_PHYS_s15_T1_test,23,192,29.4,0.1561533510684967,0.5597274297543889
UBFC_PHYS_s15_T1_test,23,193,29.433333333333334,0.1941966712474823,0.3367011524895372
UBFC_PHYS_s15_T1_test,23,194,29.466666666666665,0.1890019178390503,0.15089791454219756
UBFC_PHYS_s15_T1_test,23,195,29.5,0.15870244801044464,-0.01159664261141535
UBFC_PHYS_s15_T1_test,23,196,29.533333333333335,0.12471450865268707,-0.1725439768399756
UBFC_PHYS_s15_T1_test,23,197,29.566666666666666,0.10777847468852997,-0.34662329899862343
UBFC_PHYS_s15_T1_test,23,198,29.6,0.11641063541173935,-0.5303859395084148
UBFC_PHYS_s15_T1_test,23,199,29.633333333333333,0.13765309751033783,-0.6990499847648269
UBFC_PHYS_s15_T1_test,23,200,29.666666666666668,0.12645253539085388,-0.8124176579077736
UBFC_PHYS_s15_T1_test,23,201,29.7,0.058360785245895386,-0.827963249788383
UBFC_PHYS_s15_T1_test,23,202,29.733333333333334,-0.031436894088983536,-0.716560782988806
UBFC_PHYS_s15_T1_test,23,203,29.766666666666666,-0.1118299588561058,-0.4753684990492372
UBFC_PHYS_s15_T1_test,23,204,29.8,-0.18206526339054108,-0.1333952746333073
UBFC_PHYS_s15_T1_test,23,205,29.833333333333332,-0.23399342596530914,0.2523041058657804
UBFC_PHYS_s15_T1_test,23,206,29.866666666666667,-0.2822331190109253,0.6090112939123028
UBFC_PHYS_s15_T1_test,23,207,29.9,-0.3638620972633362,0.8661667870971492
UBFC_PHYS_s15_T1_test,23,208,29.933333333333334,-0.4541618824005127,0.9740326480990701
UBFC_PHYS_s15_T1_test,23,209,29.966666666666665,-0.46557489037513733,0.9175942920976556
UBFC_PHYS_s15_T1_test,23,210,30.0,-0.35691002011299133,0.7199374156674818
UBFC_PHYS_s15_T1_test,23,211,30.033333333333335,-0.17389656603336334,0.43229379260215595
UBFC_PHYS_s15_T1_test,23,212,30.066666666666666,0.005467054899781942,0.11446308451836934
UBFC_PHYS_s15_T1_test,23,213,30.1,0.14711564779281616,-0.18514426503020948
UBFC_PHYS_s15_T1_test,23,214,30.133333333333333,0.24857737123966217,-0.44068068389081716
UBFC_PHYS_s15_T1_test,23,215,30.166666666666668,0.2961025536060333,-0.6475200535112224
UBFC_PHYS_s15_T1_test,23,216,30.2,0.28372398018836975,-0.8117205862342093
UBFC_PHYS_s15_T1_test,23,217,30.233333333333334,0.24977467954158783,-0.9377988313519788
UBFC_PHYS_s15_T1_test,23,218,30.266666666666666,0.2390955090522766,-1.021340122942393
UBFC_PHYS_s15_T1_test,23,219,30.3,0.24282260239124298,-1.0487813191031055
UBFC_PHYS_s15_T1_test,23,220,30.333333333333332,0.229864701628685,-1.0028033762327389
UBFC_PHYS_s15_T1_test,23,221,30.366666666666667,0.20725113153457642,-0.8700179574336859
UBFC_PHYS_s15_T1_test,23,222,30.4,0.1860472857952118,-0.6480088069368737
UBFC_PHYS_s15_T1_test,23,223,30.433333333333334,0.14136087894439697,-0.3499503334221277
UBFC_PHYS_s15_T1_test,23,224,30.466666666666665,0.06347828358411789,-0.005722165302428748
UBFC_PHYS_s15_T1_test,23,225,30.5,-0.01596852019429207,0.3412081516385792
UBFC_PHYS_s15_T1_test,23,226,30.533333333333335,-0.0900660902261734,0.6411643958963119
UBFC_PHYS_s15_T1_test,23,227,30.566666666666666,-0.1875496804714203,0.848716374863376
UBFC_PHYS_s15_T1_test,23,228,30.6,-0.3032631576061249,0.9336527473391967
UBFC_PHYS_s15_T1_test,23,229,30.633333333333333,-0.39634376764297485,0.8890858507480909
UBFC_PHYS_s15_T1_test,23,230,30.666666666666668,-0.4189959466457367,0.7336859432292443
UBFC_PHYS_s15_T1_test,23,231,30.7,-0.3410361111164093,0.5068682327642234
UBFC_PHYS_s15_T1_test,23,232,30.733333333333334,-0.18249011039733887,0.2584535165972406
UBFC_PHYS_s15_T1_test,23,233,30.766666666666666,-0.002933372976258397,0.03642024210673777
UBFC_PHYS_s15_T1_test,23,234,30.8,0.13274802267551422,-0.12331689633995474
UBFC_PHYS_s15_T1_test,23,235,30.833333333333332,0.18322783708572388,-0.20240742160752745
UBFC_PHYS_s15_T1_test,23,236,30.866666666666667,0.1571575403213501,-0.20007684954112687
UBFC_PHYS_s15_T1_test,23,237,30.9,0.10841574519872665,-0.1288867203045129
UBFC_PHYS_s15_T1_test,23,238,30.933333333333334,0.08025982975959778,-0.008944171071017502
UBFC_PHYS_s15_T1_test,23,239,30.966666666666665,0.07290221750736237,0.13672497333410766
UBFC_PHYS_s15_T1_test,24,0,24.0,0.14827433228492737,-0.024356673016766542
UBFC_PHYS_s15_T1_test,24,1,24.033333333333335,0.2871420979499817,0.139272262234832
UBFC_PHYS_s15_T1_test,24,2,24.066666666666666,0.3954979479312897,0.24883452083039267
UBFC_PHYS_s15_T1_test,24,3,24.1,0.4842335283756256,0.26360531836988366
UBFC_PHYS_s15_T1_test,24,4,24.133333333333333,0.5396184325218201,0.16501940513371688
UBFC_PHYS_s15_T1_test,24,5,24.166666666666668,0.5969730615615845,-0.04044323585847297
UBFC_PHYS_s15_T1_test,24,6,24.2,0.6825994849205017,-0.32431932031231403
UBFC_PHYS_s15_T1_test,24,7,24.233333333333334,0.7605206966400146,-0.6425050556060949
UBFC_PHYS_s15_T1_test,24,8,24.266666666666666,0.8043187856674194,-0.9425351983779082
UBFC_PHYS_s15_T1_test,24,9,24.3,0.8005530834197998,-1.1711390930801382
UBFC_PHYS_s15_T1_test,24,10,24.333333333333332,0.6959435939788818,-1.28216745733527
UBFC_PHYS_s15_T1_test,24,11,24.366666666666667,0.4520801603794098,-1.2445548605036583
UBFC_PHYS_s15_T1_test,24,12,24.4,0.10123193264007568,-1.0492373558023802
UBFC_PHYS_s15_T1_test,24,13,24.433333333333334,-0.27839016914367676,-0.7134597296425363
UBFC_PHYS_s15_T1_test,24,14,24.466666666666665,-0.6268051862716675,-0.280830016054087
UBFC_PHYS_s15_T1_test,24,15,24.5,-0.9530507326126099,0.18441937449042062
UBFC_PHYS_s15_T1_test,24,16,24.533333333333335,-1.2836992740631104,0.6099286016249202
UBFC_PHYS_s15_T1_test,24,17,24.566666666666666,-1.5587892532348633,0.9329607881616043
UBFC_PHYS_s15_T1_test,24,18,24.6,-1.6689410209655762,1.1176384830075112
UBFC_PHYS_s15_T1_test,24,19,24.633333333333333,-1.5842994451522827,1.1634959246477363
UBFC_PHYS_s15_T1_test,24,20,24.666666666666668,-1.3756791353225708,1.1000039891480373
UBFC_PHYS_s15_T1_test,24,21,24.7,-1.1314873695373535,0.9689617498105678
UBFC_PHYS_s15_T1_test,24,22,24.733333333333334,-0.9058538675308228,0.8040066516725165
UBFC_PHYS_s15_T1_test,24,23,24.766666666666666,-0.72772616147995,0.6182979144480183
UBFC_PHYS_s15_T1_test,24,24,24.8,-0.5838374495506287,0.4056256932246145
UBFC_PHYS_s15_T1_test,24,25,24.833333333333332,-0.4244031310081482,0.1520772880798488
UBFC_PHYS_s15_T1_test,24,26,24.866666666666667,-0.24588920176029205,-0.14879114876558552
UBFC_PHYS_s15_T1_test,24,27,24.9,-0.10142114758491516,-0.4839578884654454
UBFC_PHYS_s15_T1_test,24,28,24.933333333333334,-0.012318679131567478,-0.8163438524687491
UBFC_PHYS_s15_T1_test,24,29,24.966666666666665,0.03424093499779701,-1.089201706485251
UBFC_PHYS_s15_T1_test,24,30,25.0,0.018791871145367622,-1.2388805920199542
UBFC_PHYS_s15_T1_test,24,31,25.033333333333335,-0.06229639798402786,-1.2132058765653528
UBFC_PHYS_s15_T1_test,24,32,25.066666666666666,-0.13550564646720886,-0.9903319494177177
UBFC_PHYS_s15_T1_test,24,33,25.1,-0.16792936623096466,-0.5914708547981338
UBFC_PHYS_s15_T1_test,24,34,25.133333333333333,-0.21765603125095367,-0.08175932323782703
UBFC_PHYS_s15_T1_test,24,35,25.166666666666668,-0.32176339626312256,0.44308685371369355
UBFC_PHYS_s15_T1_test,24,36,25.2,-0.4069649875164032,0.8816690748310734
UBFC_PHYS_s15_T1_test,24,37,25.233333333333334,-0.36249101161956787,1.155694673251378
UBFC_PHYS_s15_T1_test,24,38,25.266666666666666,-0.1748041957616806,1.2321511994889978
UBFC_PHYS_s15_T1_test,24,39,25.3,0.04109645634889603,1.1297429082115455
UBFC_PHYS_s15_T1_test,24,40,25.333333333333332,0.1753101944923401,0.9065108350389616
UBFC_PHYS_s15_T1_test,24,41,25.366666666666667,0.2153039574623108,0.6338147673835958
UBFC_PHYS_s15_T1_test,24,42,25.4,0.1839616596698761,0.36829637573579127
UBFC_PHYS_s15_T1_test,24,43,25.433333333333334,0.08406416326761246,0.1343529392133248
UBFC_PHYS_s15_T1_test,24,44,25.466666666666665,-0.04704044759273529,-0.07596549898648301
UBFC_PHYS_s15_T1_test,24,45,25.5,-0.13907824456691742,-0.2875539795122923
UBFC_PHYS_s15_T1_test,24,46,25.533333333333335,-0.17117366194725037,-0.520349835059468
UBFC_PHYS_s15_T1_test,24,47,25.566666666666666,-0.15835094451904297,-0.7718351666478453
UBFC_PHYS_s15_T1_test,24,48,25.6,-0.09406353533267975,-1.0111840902719242
UBFC_PHYS_s15_T1_test,24,49,25.633333333333333,-0.02852088399231434,-1.1862217486405533
UBFC_PHYS_s15_T1_test,24,50,25.666666666666668,-0.07071613520383835,-1.2395836163631022
UBFC_PHYS_s15_T1_test,24,51,25.7,-0.2441125512123108,-1.1282070314974493
UBFC_PHYS_s15_T1_test,24,52,25.733333333333334,-0.46391409635543823,-0.8400802227900269
UBFC_PHYS_s15_T1_test,24,53,25.766666666666666,-0.6587268114089966,-0.4032420822707273
UBFC_PHYS_s15_T1_test,24,54,25.8,-0.7883444428443909,0.11616765122326407
UBFC_PHYS_s15_T1_test,24,55,25.833333333333332,-0.7897734642028809,0.6275061400987706
UBFC_PHYS_s15_T1_test,24,56,25.866666666666667,-0.6331006288528442,1.0382659631823001
UBFC_PHYS_s15_T1_test,24,57,25.9,-0.3790987432003021,1.2792889884328045
UBFC_PHYS_s15_T1_test,24,58,25.933333333333334,-0.08014006167650223,1.3232485374110632
UBFC_PHYS_s15_T1_test,24,59,25.966666666666665,0.25294172763824463,1.188458822311442
UBFC_PHYS_s15_T1_test,24,60,26.0,0.5326663255691528,0.9267037498021679
UBFC_PHYS_s15_T1_test,24,61,26.033333333333335,0.6345915198326111,0.6015020447154253
UBFC_PHYS_s15_T1_test,24,62,26.066666666666666,0.5981317162513733,0.26691310024467535
UBFC_PHYS_s15_T1_test,24,63,26.1,0.5360844135284424,-0.04477792933018245
UBFC_PHYS_s15_T1_test,24,64,26.133333333333333,0.4740564525127411,-0.32352619904221147
UBFC_PHYS_s15_T1_test,24,65,26.166666666666668,0.39323854446411133,-0.5725990571389409
UBFC_PHYS_s15_T1_test,24,66,26.2,0.3139655292034149,-0.7955054379066594
UBFC_PHYS_s15_T1_test,24,67,26.233333333333334,0.2622884213924408,-0.9844693297890846
UBFC_PHYS_s15_T1_test,24,68,26.266666666666666,0.22976814210414886,-1.1153768344956752
UBFC_PHYS_s15_T1_test,24,69,26.3,0.18819084763526917,-1.1519975244558405
UBFC_PHYS_s15_T1_test,24,70,26.333333333333332,0.10530662536621094,-1.0586198066154178
UBFC_PHYS_s15_T1_test,24,71,26.366666666666667,-0.033194225281476974,-0.8164290311989548
UBFC_PHYS_s15_T1_test,24,72,26.4,-0.17598219215869904,-0.43684295345323004
UBFC_PHYS_s15_T1_test,24,73,26.433333333333334,-0.21516487002372742,0.03440039093497342
UBFC_PHYS_s15_T1_test,24,74,26.466666666666665,-0.08620382100343704,0.525334384053878
UBFC_PHYS_s15_T1_test,24,75,26.5,0.14856399595737457,0.9559341114477821
UBFC_PHYS_s15_T1_test,24,76,26.533333333333335,0.36170312762260437,1.2594619648737628
UBFC_PHYS_s15_T1_test,24,77,26.566666666666666,0.4975583255290985,1.3983239160410053
UBFC_PHYS_s15_T1_test,24,78,26.6,0.5709607005119324,1.3685535599087868
UBFC_PHYS_s15_T1_test,24,79,26.633333333333333,0.5921452045440674,1.192778768929842
UBFC_PHYS_s15_T1_test,24,80,26.666666666666668,0.5707096457481384,0.9069247700244595
UBFC_PHYS_s15_T1_test,24,81,26.7,0.5424571633338928,0.5479183998212748
UBFC_PHYS_s15_T1_test,24,82,26.733333333333334,0.5501816868782043,0.1473634560651946
UBFC_PHYS_s15_T1_test,24,83,26.766666666666666,0.6103751063346863,-0.2681014199889814
UBFC_PHYS_s15_T1_test,24,84,26.8,0.6970829963684082,-0.6722667742417311
UBFC_PHYS_s15_T1_test,24,85,26.833333333333332,0.7707750201225281,-1.0343673935479842
UBFC_PHYS_s15_T1_test,24,86,26.866666666666667,0.8282841444015503,-1.3170448079398618
UBFC_PHYS_s15_T1_test,24,87,26.9,0.8850208520889282,-1.4793870519108614
UBFC_PHYS_s15_T1_test,24,88,26.933333333333334,0.9426072239875793,-1.4853743484772508
UBFC_PHYS_s15_T1_test,24,89,26.966666666666665,1.00040602684021,-1.3157147963796247
UBFC_PHYS_s15_T1_test,24,90,27.0,1.032926321029663,-0.9786308405168546
UBFC_PHYS_s15_T1_test,24,91,27.033333333333335,0.9659739136695862,-0.5142804082754691
UBFC_PHYS_s15_T1_test,24,92,27.066666666666666,0.7901635766029358,0.010617321390058538
UBFC_PHYS_s15_T1_test,24,93,27.1,0.592628002166748,0.5174575174337911
UBFC_PHYS_s15_T1_test,24,94,27.133333333333333,0.4233255982398987,0.9351438179803182
UBFC_PHYS_s15_T1_test,24,95,27.166666666666668,0.22426441311836243,1.2172085258943455
UBFC_PHYS_s15_T1_test,24,96,27.2,-0.0696733221411705,1.3501255066443334
UBFC_PHYS_s15_T1_test,24,97,27.233333333333334,-0.42919233441352844,1.3496701134976121
UBFC_PHYS_s15_T1_test,24,98,27.266666666666666,-0.7602464556694031,1.247306549371583
UBFC_PHYS_s15_T1_test,24,99,27.3,-0.9852620363235474,1.073215272600333
UBFC_PHYS_s15_T1_test,24,100,27.333333333333332,-1.089581847190857,0.8443183226693641
UBFC_PHYS_s15_T1_test,24,101,27.366666666666667,-1.1041232347488403,0.5629911484649904
UBFC_PHYS_s15_T1_test,24,102,27.4,-1.0625460147857666,0.2259734768420381
UBFC_PHYS_s15_T1_test,24,103,27.433333333333334,-0.981940507888794,-0.16257483878968132
UBFC_PHYS_s15_T1_test,24,104,27.466666666666665,-0.8839161992073059,-0.5812054015339534
UBFC_PHYS_s15_T1_test,24,105,27.5,-0.7890975475311279,-0.9890597176208737
UBFC_PHYS_s15_T1_test,24,106,27.533333333333335,-0.7013468742370605,-1.3318239973448949
UBFC_PHYS_s15_T1_test,24,107,27.566666666666666,-0.633931040763855,-1.552997696756686
UBFC_PHYS_s15_T1_test,24,108,27.6,-0.6077641844749451,-1.606935269639887
UBFC_PHYS_s15_T1_test,24,109,27.633333333333333,-0.6011790037155151,-1.4706317802815425
UBFC_PHYS_s15_T1_test,24,110,27.666666666666668,-0.563348114490509,-1.1516008883020905
UBFC_PHYS_s15_T1_test,24,111,27.7,-0.49311283230781555,-0.6894822938849772
UBFC_PHYS_s15_T1_test,24,112,27.733333333333334,-0.4545094966888428,-0.14996307301567333
UBFC_PHYS_s15_T1_test,24,113,27.766666666666666,-0.48274263739585876,0.38848501089530013
UBFC_PHYS_s15_T1_test,24,114,27.8,-0.5031933188438416,0.8520099407576843
UBFC_PHYS_s15_T1_test,24,115,27.833333333333332,-0.41716137528419495,1.187707231234608
UBFC_PHYS_s15_T1_test,24,116,27.866666666666667,-0.21902714669704437,1.3731373935436904
UBFC_PHYS_s15_T1_test,24,117,27.9,0.0062201968394219875,1.4155047849760687
UBFC_PHYS_s15_T1_test,24,118,27.933333333333334,0.17544537782669067,1.3414823536055371
UBFC_PHYS_s15_T1_test,24,119,27.966666666666665,0.26396849751472473,1.1828364118189347
UBFC_PHYS_s15_T1_test,24,120,28.0,0.2861572206020355,0.9642646870639514
UBFC_PHYS_s15_T1_test,24,121,28.033333333333335,0.2564757168292999,0.6980412246773883
UBFC_PHYS_s15_T1_test,24,122,28.066666666666666,0.20192120969295502,0.38658943877520713
UBFC_PHYS_s15_T1_test,24,123,28.1,0.17028924822807312,0.030698169614280662
UBFC_PHYS_s15_T1_test,24,124,28.133333333333333,0.1792883276939392,-0.3608781272469081
UBFC_PHYS_s15_T1_test,24,125,28.166666666666668,0.1909523606300354,-0.764677773747691
UBFC_PHYS_s15_T1_test,24,126,28.2,0.1818760484457016,-1.1412594316705487
UBFC_PHYS_s15_T1_test,24,127,28.233333333333334,0.18191467225551605,-1.43991883610459
UBFC_PHYS_s15_T1_test,24,128,28.266666666666666,0.18990956246852875,-1.6083432820681334
UBFC_PHYS_s15_T1_test,24,129,28.3,0.14613077044487,-1.605089133590761
UBFC_PHYS_s15_T1_test,24,130,28.333333333333332,0.047082968056201935,-1.411889925030586
UBFC_PHYS_s15_T1_test,24,131,28.366666666666667,-0.040184926241636276,-1.0422604855255653
UBFC_PHYS_s15_T1_test,24,132,28.4,-0.08803839981555939,-0.5431022902575423
UBFC_PHYS_s15_T1_test,24,133,28.433333333333334,-0.13902030885219574,0.012603924723058926
UBFC_PHYS_s15_T1_test,24,134,28.466666666666665,-0.22167278826236725,0.5413735743932999
UBFC_PHYS_s15_T1_test,24,135,28.5,-0.31288018822669983,0.9691636973065971
UBFC_PHYS_s15_T1_test,24,136,28.533333333333335,-0.3576052486896515,1.2490858533966585
UBFC_PHYS_s15_T1_test,24,137,28.566666666666666,-0.30005747079849243,1.370034567257155
UBFC_PHYS_s15_T1_test,24,138,28.6,-0.13594980537891388,1.35266484101808
UBFC_PHYS_s15_T1_test,24,139,28.633333333333333,0.058843567967414856,1.2348850605866644
UBFC_PHYS_s15_T1_test,24,140,28.666666666666668,0.20553241670131683,1.0542854329655462
UBFC_PHYS_s15_T1_test,24,141,28.7,0.2855778932571411,0.8359638894331018
UBFC_PHYS_s15_T1_test,24,142,28.733333333333334,0.3138110339641571,0.5898683971850824
UBFC_PHYS_s15_T1_test,24,143,28.766666666666666,0.30166420340538025,0.3159127116252882
UBFC_PHYS_s15_T1_test,24,144,28.8,0.2668072581291199,0.01224308862297607
UBFC_PHYS_s15_T1_test,24,145,28.833333333333332,0.2446378618478775,-0.3172899478292646
UBFC_PHYS_s15_T1_test,24,146,28.866666666666667,0.25987449288368225,-0.6581897907599141
UBFC_PHYS_s15_T1_test,24,147,28.9,0.29142922163009644,-0.9831877228722021
UBFC_PHYS_s15_T1_test,24,148,28.933333333333334,0.2982461154460907,-1.2534516595684309
UBFC_PHYS_s15_T1_test,24,149,28.966666666666665,0.26893150806427,-1.4241189789781554
UBFC_PHYS_s15_T1_test,24,150,29.0,0.2122913897037506,-1.4541720100981865
UBFC_PHYS_s15_T1_test,24,151,29.033333333333335,0.11938458681106567,-1.3185856161787222
UBFC_PHYS_s15_T1_test,24,152,29.066666666666666,0.01442751195281744,-1.0188946172077253
UBFC_PHYS_s15_T1_test,24,153,29.1,-0.05096064880490303,-0.5880145701805286
UBFC_PHYS_s15_T1_test,24,154,29.133333333333333,-0.09761682152748108,-0.08665495865136344
UBFC_PHYS_s15_T1_test,24,155,29.166666666666668,-0.19546732306480408,0.40875058758162025
UBFC_PHYS_s15_T1_test,24,156,29.2,-0.32614707946777344,0.8239726835308335
UBFC_PHYS_s15_T1_test,24,157,29.233333333333334,-0.397328644990921,1.1056646298062613
UBFC_PHYS_s15_T1_test,24,158,29.266666666666666,-0.3695589601993561,1.2340946108568538
UBFC_PHYS_s15_T1_test,24,159,29.3,-0.26201415061950684,1.2243408209557247
UBFC_PHYS_s15_T1_test,24,160,29.333333333333332,-0.10219360142946243,1.1149707396099025
UBFC_PHYS_s15_T1_test,24,161,29.366666666666667,0.05536752939224243,0.9492858952778418
UBFC_PHYS_s15_T1_test,24,162,29.4,0.1561533510684967,0.7581736396768978
UBFC_PHYS_s15_T1_test,24,163,29.433333333333334,0.1941966712474823,0.5524483730082922
UBFC_PHYS_s15_T1_test,24,164,29.466666666666665,0.1890019178390503,0.32647304470914557
UBFC_PHYS_s15_T1_test,24,165,29.5,0.15870244801044464,0.06876831486327288
UBFC_PHYS_s15_T1_test,24,166,29.533333333333335,0.12471450865268707,-0.22629616256629934
UBFC_PHYS_s15_T1_test,24,167,29.566666666666666,0.10777847468852997,-0.549762422159874
UBFC_PHYS_s15_T1_test,24,168,29.6,0.11641063541173935,-0.8741608376859771
UBFC_PHYS_s15_T1_test,24,169,29.633333333333333,0.13765309751033783,-1.155154721570695
UBFC_PHYS_s15_T1_test,24,170,29.666666666666668,0.12645253539085388,-1.3390651327742307
UBFC_PHYS_s15_T1_test,24,171,29.7,0.058360785245895386,-1.3756033192005794
UBFC_PHYS_s15_T1_test,24,172,29.733333333333334,-0.031436894088983536,-1.2330353436164392
UBFC_PHYS_s15_T1_test,24,173,29.766666666666666,-0.1118299588561058,-0.9110451568030805
UBFC_PHYS_s15_T1_test,24,174,29.8,-0.18206526339054108,-0.4463905818896421
UBFC_PHYS_s15_T1_test,24,175,29.833333333333332,-0.23399342596530914,0.09160483943124882
UBFC_PHYS_s15_T1_test,24,176,29.866666666666667,-0.2822331190109253,0.6153901847880444
UBFC_PHYS_s15_T1_test,24,177,29.9,-0.3638620972633362,1.0397340169350535
UBFC_PHYS_s15_T1_test,24,178,29.933333333333334,-0.4541618824005127,1.3026977668708466
UBFC_PHYS_s15_T1_test,24,179,29.966666666666665,-0.46557489037513733,1.3804473902529226
UBFC_PHYS_s15_T1_test,24,180,30.0,-0.35691002011299133,1.2901941493919034
UBFC_PHYS_s15_T1_test,24,181,30.033333333333335,-0.17389656603336334,1.0793322957037492
UBFC_PHYS_s15_T1_test,24,182,30.066666666666666,0.005467054899781942,0.8051254906279561
UBFC_PHYS_s15_T1_test,24,183,30.1,0.14711564779281616,0.5141297643694791
UBFC_PHYS_s15_T1_test,24,184,30.133333333333333,0.24857737123966217,0.23024589935029624
UBFC_PHYS_s15_T1_test,24,185,30.166666666666668,0.2961025536060333,-0.04467940482204312
UBFC_PHYS_s15_T1_test,24,186,30.2,0.28372398018836975,-0.3201909709267435
UBFC_PHYS_s15_T1_test,24,187,30.233333333333334,0.24977467954158783,-0.6030878543641874
UBFC_PHYS_s15_T1_test,24,188,30.266666666666666,0.2390955090522766,-0.8862851068527388
UBFC_PHYS_s15_T1_test,24,189,30.3,0.24282260239124298,-1.1443605706072117
UBFC_PHYS_s15_T1_test,24,190,30.333333333333332,0.229864701628685,-1.3365989325196492
UBFC_PHYS_s15_T1_test,24,191,30.366666666666667,0.20725113153457642,-1.4163843844137616
UBFC_PHYS_s15_T1_test,24,192,30.4,0.1860472857952118,-1.3445448806625524
UBFC_PHYS_s15_T1_test,24,193,30.433333333333334,0.14136087894439697,-1.1032523083260841
UBFC_PHYS_s15_T1_test,24,194,30.466666666666665,0.06347828358411789,-0.7062902635839211
UBFC_PHYS_s15_T1_test,24,195,30.5,-0.01596852019429207,-0.20171131887966007
UBFC_PHYS_s15_T1_test,24,196,30.533333333333335,-0.0900660902261734,0.3352358298157256
UBFC_PHYS_s15_T1_test,24,197,30.566666666666666,-0.1875496804714203,0.8180635434861616
UBFC_PHYS_s15_T1_test,24,198,30.6,-0.3032631576061249,1.1700126019458998
UBFC_PHYS_s15_T1_test,24,199,30.633333333333333,-0.39634376764297485,1.3437832750075638
UBFC_PHYS_s15_T1_test,24,200,30.666666666666668,-0.4189959466457367,1.3329725057935637
UBFC_PHYS_s15_T1_test,24,201,30.7,-0.3410361111164093,1.1703251893577227
UBFC_PHYS_s15_T1_test,24,202,30.733333333333334,-0.18249011039733887,0.9131564256576198
UBFC_PHYS_s15_T1_test,24,203,30.766666666666666,-0.002933372976258397,0.6219644505011904
UBFC_PHYS_s15_T1_test,24,204,30.8,0.13274802267551422,0.3410886261513296
UBFC_PHYS_s15_T1_test,24,205,30.833333333333332,0.18322783708572388,0.08892459173362714
UBFC_PHYS_s15_T1_test,24,206,30.866666666666667,0.1571575403213501,-0.13951426480279838
UBFC_PHYS_s15_T1_test,24,207,30.9,0.10841574519872665,-0.36047430645347556
UBFC_PHYS_s15_T1_test,24,208,30.933333333333334,0.08025982975959778,-0.5862337555748269
UBFC_PHYS_s15_T1_test,24,209,30.966666666666665,0.07290221750736237,-0.8135333511889321
UBFC_PHYS_s15_T1_test,24,210,31.0,0.06948410719633102,-1.0197038376432042
UBFC_PHYS_s15_T1_test,24,211,31.033333333333335,0.06589220464229584,-1.166800800046452
UBFC_PHYS_s15_T1_test,24,212,31.066666666666666,0.06380657851696014,-1.2114267377698757
UBFC_PHYS_s15_T1_test,24,213,31.1,0.05268325284123421,-1.1170041088507847
UBFC_PHYS_s15_T1_test,24,214,31.133333333333333,0.010294887237250805,-0.8655255365776735
UBFC_PHYS_s15_T1_test,24,215,31.166666666666668,-0.061253584921360016,-0.4663117721670794
UBFC_PHYS_s15_T1_test,24,216,31.2,-0.1252899467945099,0.04050814720728216
UBFC_PHYS_s15_T1_test,24,217,31.233333333333334,-0.17345240712165833,0.5878690594026638
UBFC_PHYS_s15_T1_test,24,218,31.266666666666666,-0.25562211871147156,1.0939626610012754
UBFC_PHYS_s15_T1_test,24,219,31.3,-0.38286444544792175,1.4810114399531793
UBFC_PHYS_s15_T1_test,24,220,31.333333333333332,-0.4523079991340637,1.6951600176049155
UBFC_PHYS_s15_T1_test,24,221,31.366666666666667,-0.3685547709465027,1.7197788748912528
UBFC_PHYS_s15_T1_test,24,222,31.4,-0.17354896664619446,1.5761116025245006
UBFC_PHYS_s15_T1_test,24,223,31.433333333333334,0.019255343824625015,1.3108648522551332
UBFC_PHYS_s15_T1_test,24,224,31.466666666666665,0.15020546317100525,0.9772853962618965
UBFC_PHYS_s15_T1_test,24,225,31.5,0.21547774970531464,0.619257127030883
UBFC_PHYS_s15_T1_test,24,226,31.533333333333335,0.21642400324344635,0.2643184497240371
UBFC_PHYS_s15_T1_test,24,227,31.566666666666666,0.16835811734199524,-0.0747215332419709
UBFC_PHYS_s15_T1_test,24,228,31.6,0.11461468786001205,-0.3934346856601237
UBFC_PHYS_s15_T1_test,24,229,31.633333333333333,0.10526800155639648,-0.688744389663759
UBFC_PHYS_s15_T1_test,24,230,31.666666666666668,0.1395842283964157,-0.9539257639700983
UBFC_PHYS_s15_T1_test,24,231,31.7,0.16252608597278595,-1.176800226469853
UBFC_PHYS_s15_T1_test,24,232,31.733333333333334,0.14398722350597382,-1.3411038979927923
UBFC_PHYS_s15_T1_test,24,233,31.766666666666666,0.10239061713218689,-1.4301973997778072
UBFC_PHYS_s15_T1_test,24,234,31.8,0.046600185334682465,-1.431694562638515
UBFC_PHYS_s15_T1_test,24,235,31.833333333333332,-0.02562418393790722,-1.3413438818879222
UBFC_PHYS_s15_T1_test,24,236,31.866666666666667,-0.09688298404216766,-1.1647925642309953
UBFC_PHYS_s15_T1_test,24,237,31.9,-0.17210061848163605,-0.9166753821691531
UBFC_PHYS_s15_T1_test,24,238,31.933333333333334,-0.2787184715270996,-0.617589053495855
UBFC_PHYS_s15_T1_test,24,239,31.966666666666665,-0.3756999373435974,-0.29060924147654044
UBFC_PHYS_s15_T1_test,25,0,25.0,0.018791871145367622,0.024377248084103603
UBFC_PHYS_s15_T1_test,25,1,25.033333333333335,-0.06229639798402786,0.12766171073893962
UBFC_PHYS_s15_T1_test,25,2,25.066666666666666,-0.13550564646720886,0.22926718190418197
UBFC_PHYS_s15_T1_test,25,3,25.1,-0.16792936623096466,0.33231707170960806
UBFC_PHYS_s15_T1_test,25,4,25.133333333333333,-0.21765603125095367,0.444420365647151
UBFC_PHYS_s15_T1_test,25,5,25.166666666666668,-0.32176339626312256,0.5740497701537899
UBFC_PHYS_s15_T1_test,25,6,25.2,-0.4069649875164032,0.7230798621172839
UBFC_PHYS_s15_T1_test,25,7,25.233333333333334,-0.36249101161956787,0.8795681206445822
UBFC_PHYS_s15_T1_test,25,8,25.266666666666666,-0.1748041957616806,1.0161066534070307
UBFC_PHYS_s15_T1_test,25,9,25.3,0.04109645634889603,1.0964134719504894
UBFC_PHYS_s15_T1_test,25,10,25.333333333333332,0.1753101944923401,1.087388286428521
UBFC_PHYS_s15_T1_test,25,11,25.366666666666667,0.2153039574623108,0.9702781227903258
UBFC_PHYS_s15_T1_test,25,12,25.4,0.1839616596698761,0.7461878249328195
UBFC_PHYS_s15_T1_test,25,13,25.433333333333334,0.08406416326761246,0.43552333350590655
UBFC_PHYS_s15_T1_test,25,14,25.466666666666665,-0.04704044759273529,0.07382878651832701
UBFC_PHYS_s15_T1_test,25,15,25.5,-0.13907824456691742,-0.2936663864459672
UBFC_PHYS_s15_T1_test,25,16,25.533333333333335,-0.17117366194725037,-0.6184591233286129
UBFC_PHYS_s15_T1_test,25,17,25.566666666666666,-0.15835094451904297,-0.8568489900250148
UBFC_PHYS_s15_T1_test,25,18,25.6,-0.09406353533267975,-0.9788744862451844
UBFC_PHYS_s15_T1_test,25,19,25.633333333333333,-0.02852088399231434,-0.9750981898832597
UBFC_PHYS_s15_T1_test,25,20,25.666666666666668,-0.07071613520383835,-0.8579922928283809
UBFC_PHYS_s15_T1_test,25,21,25.7,-0.2441125512123108,-0.6568859390871798
UBFC_PHYS_s15_T1_test,25,22,25.733333333333334,-0.46391409635543823,-0.408701023985753
UBFC_PHYS_s15_T1_test,25,23,25.766666666666666,-0.6587268114089966,-0.14880411622946405
UBFC_PHYS_s15_T1_test,25,24,25.8,-0.7883444428443909,0.0943249253245444
UBFC_PHYS_s15_T1_test,25,25,25.833333333333332,-0.7897734642028809,0.29990357433917664
UBFC_PHYS_s15_T1_test,25,26,25.866666666666667,-0.6331006288528442,0.4536666696768892
UBFC_PHYS_s15_T1_test,25,27,25.9,-0.3790987432003021,0.5476202872293371
UBFC_PHYS_s15_T1_test,25,28,25.933333333333334,-0.08014006167650223,0.5805519193891564
UBFC_PHYS_s15_T1_test,25,29,25.966666666666665,0.25294172763824463,0.5566730733490379
UBFC_PHYS_s15_T1_test,25,30,26.0,0.5326663255691528,0.48148966228363427
UBFC_PHYS_s15_T1_test,25,31,26.033333333333335,0.6345915198326111,0.3575704074402753
UBFC_PHYS_s15_T1_test,25,32,26.066666666666666,0.5981317162513733,0.18414532003886772
UBFC_PHYS_s15_T1_test,25,33,26.1,0.5360844135284424,-0.037860088376239
UBFC_PHYS_s15_T1_test,25,34,26.133333333333333,0.4740564525127411,-0.2979631498163218
UBFC_PHYS_s15_T1_test,25,35,26.166666666666668,0.39323854446411133,-0.5705754700011162
UBFC_PHYS_s15_T1_test,25,36,26.2,0.3139655292034149,-0.8155635013457841
UBFC_PHYS_s15_T1_test,25,37,26.233333333333334,0.2622884213924408,-0.9853715854645414
UBFC_PHYS_s15_T1_test,25,38,26.266666666666666,0.22976814210414886,-1.0366505927808982
UBFC_PHYS_s15_T1_test,25,39,26.3,0.18819084763526917,-0.9430374303781576
UBFC_PHYS_s15_T1_test,25,40,26.333333333333332,0.10530662536621094,-0.7050717219277386
UBFC_PHYS_s15_T1_test,25,41,26.366666666666667,-0.033194225281476974,-0.3535562207934602
UBFC_PHYS_s15_T1_test,25,42,26.4,-0.17598219215869904,0.055586568409474645
UBFC_PHYS_s15_T1_test,25,43,26.433333333333334,-0.21516487002372742,0.45416999682263437
UBFC_PHYS_s15_T1_test,25,44,26.466666666666665,-0.08620382100343704,0.7787486129385918
UBFC_PHYS_s15_T1_test,25,45,26.5,0.14856399595737457,0.9863787597647304
UBFC_PHYS_s15_T1_test,25,46,26.533333333333335,0.36170312762260437,1.0636410393062072
UBFC_PHYS_s15_T1_test,25,47,26.566666666666666,0.4975583255290985,1.0254752531463438
UBFC_PHYS_s15_T1_test,25,48,26.6,0.5709607005119324,0.9041922033007799
UBFC_PHYS_s15_T1_test,25,49,26.633333333333333,0.5921452045440674,0.7332224751673292
UBFC_PHYS_s15_T1_test,25,50,26.666666666666668,0.5707096457481384,0.5328300015386441
UBFC_PHYS_s15_T1_test,25,51,26.7,0.5424571633338928,0.304456939070442
UBFC_PHYS_s15_T1_test,25,52,26.733333333333334,0.5501816868782043,0.036363664256397595
UBFC_PHYS_s15_T1_test,25,53,26.766666666666666,0.6103751063346863,-0.28208375481769793
UBFC_PHYS_s15_T1_test,25,54,26.8,0.6970829963684082,-0.6440255508227465
UBFC_PHYS_s15_T1_test,25,55,26.833333333333332,0.7707750201225281,-1.0142663116743487
UBFC_PHYS_s15_T1_test,25,56,26.866666666666667,0.8282841444015503,-1.3297932601651137
UBFC_PHYS_s15_T1_test,25,57,26.9,0.8850208520889282,-1.5134021787931458
UBFC_PHYS_s15_T1_test,25,58,26.933333333333334,0.9426072239875793,-1.4971421477382636
UBFC_PHYS_s15_T1_test,25,59,26.966666666666665,1.00040602684021,-1.2478088213993064
UBFC_PHYS_s15_T1_test,25,60,27.0,1.032926321029663,-0.7845096689911041
UBFC_PHYS_s15_T1_test,25,61,27.033333333333335,0.9659739136695862,-0.18006744661918694
UBFC_PHYS_s15_T1_test,25,62,27.066666666666666,0.7901635766029358,0.4560927337993911
UBFC_PHYS_s15_T1_test,25,63,27.1,0.592628002166748,1.008319120203553
UBFC_PHYS_s15_T1_test,25,64,27.133333333333333,0.4233255982398987,1.3873486254265404
UBFC_PHYS_s15_T1_test,25,65,27.166666666666668,0.22426441311836243,1.5530752856575472
UBFC_PHYS_s15_T1_test,25,66,27.2,-0.0696733221411705,1.519677540960003
UBFC_PHYS_s15_T1_test,25,67,27.233333333333334,-0.42919233441352844,1.3425061988988973
UBFC_PHYS_s15_T1_test,25,68,27.266666666666666,-0.7602464556694031,1.0928156960072868
UBFC_PHYS_s15_T1_test,25,69,27.3,-0.9852620363235474,0.830505954920078
UBFC_PHYS_s15_T1_test,25,70,27.333333333333332,-1.089581847190857,0.5854375136640303
UBFC_PHYS_s15_T1_test,25,71,27.366666666666667,-1.1041232347488403,0.35390392731299364
UBFC_PHYS_s15_T1_test,25,72,27.4,-1.0625460147857666,0.10973517136548341
UBFC_PHYS_s15_T1_test,25,73,27.433333333333334,-0.981940507888794,-0.1765675011917665
UBFC_PHYS_s15_T1_test,25,74,27.466666666666665,-0.8839161992073059,-0.5189110712376445
UBFC_PHYS_s15_T1_test,25,75,27.5,-0.7890975475311279,-0.9031582263676615
UBFC_PHYS_s15_T1_test,25,76,27.533333333333335,-0.7013468742370605,-1.2843563682826458
UBFC_PHYS_s15_T1_test,25,77,27.566666666666666,-0.633931040763855,-1.5942490391741726
UBFC_PHYS_s15_T1_test,25,78,27.6,-0.6077641844749451,-1.7576357936089106
UBFC_PHYS_s15_T1_test,25,79,27.633333333333333,-0.6011790037155151,-1.7139806878455022
UBFC_PHYS_s15_T1_test,25,80,27.666666666666668,-0.563348114490509,-1.438239453401181
UBFC_PHYS_s15_T1_test,25,81,27.7,-0.49311283230781555,-0.9537583846293486
UBFC_PHYS_s15_T1_test,25,82,27.733333333333334,-0.4545094966888428,-0.3318088952178466
UBFC_PHYS_s15_T1_test,25,83,27.766666666666666,-0.48274263739585876,0.32359297317533336
UBFC_PHYS_s15_T1_test,25,84,27.8,-0.5031933188438416,0.9019615577919977
UBFC_PHYS_s15_T1_test,25,85,27.833333333333332,-0.41716137528419495,1.3155453755385864
UBFC_PHYS_s15_T1_test,25,86,27.866666666666667,-0.21902714669704437,1.52093017077875
UBFC_PHYS_s15_T1_test,25,87,27.9,0.0062201968394219875,1.5248493223273432
UBFC_PHYS_s15_T1_test,25,88,27.933333333333334,0.17544537782669067,1.3731750427007927
UBFC_PHYS_s15_T1_test,25,89,27.966666666666665,0.26396849751472473,1.1293627095480465
UBFC_PHYS_s15_T1_test,25,90,28.0,0.2861572206020355,0.8514499175545924
UBFC_PHYS_s15_T1_test,25,91,28.033333333333335,0.2564757168292999,0.5754019294198447
UBFC_PHYS_s15_T1_test,25,92,28.066666666666666,0.20192120969295502,0.30951375397386316
UBFC_PHYS_s15_T1_test,25,93,28.1,0.17028924822807312,0.04062425447970106
UBFC_PHYS_s15_T1_test,25,94,28.133333333333333,0.1792883276939392,-0.25132496144633565
UBFC_PHYS_s15_T1_test,25,95,28.166666666666668,0.1909523606300354,-0.5765846126929587
UBFC_PHYS_s15_T1_test,25,96,28.2,0.1818760484457016,-0.9229433436666052
UBFC_PHYS_s15_T1_test,25,97,28.233333333333334,0.18191467225551605,-1.2514240205660458
UBFC_PHYS_s15_T1_test,25,98,28.266666666666666,0.18990956246852875,-1.5021705146211222
UBFC_PHYS_s15_T1_test,25,99,28.3,0.14613077044487,-1.6095349229974503
UBFC_PHYS_s15_T1_test,25,100,28.333333333333332,0.047082968056201935,-1.5222653689175472
UBFC_PHYS_s15_T1_test,25,101,28.366666666666667,-0.040184926241636276,-1.2224220481953765
UBFC_PHYS_s15_T1_test,25,102,28.4,-0.08803839981555939,-0.7364215798064868
UBFC_PHYS_s15_T1_test,25,103,28.433333333333334,-0.13902030885219574,-0.13363182652827474
UBFC_PHYS_s15_T1_test,25,104,28.466666666666665,-0.22167278826236725,0.4883285882680515
UBFC_PHYS_s15_T1_test,25,105,28.5,-0.31288018822669983,1.0278856056860342
UBFC_PHYS_s15_T1_test,25,106,28.533333333333335,-0.3576052486896515,1.4057282822278439
UBFC_PHYS_s15_T1_test,25,107,28.566666666666666,-0.30005747079849243,1.5837283868203578
UBFC_PHYS_s15_T1_test,25,108,28.6,-0.13594980537891388,1.5695675641065985
UBFC_PHYS_s15_T1_test,25,109,28.633333333333333,0.058843567967414856,1.405985076032689
UBFC_PHYS_s15_T1_test,25,110,28.666666666666668,0.20553241670131683,1.1506864266886385
UBFC_PHYS_s15_T1_test,25,111,28.7,0.2855778932571411,0.8564284584668543
UBFC_PHYS_s15_T1_test,25,112,28.733333333333334,0.3138110339641571,0.5581128615116607
UBFC_PHYS_s15_T1_test,25,113,28.766666666666666,0.30166420340538025,0.2686680897331273
UBFC_PHYS_s15_T1_test,25,114,28.8,0.2668072581291199,-0.017309053583936355
UBFC_PHYS_s15_T1_test,25,115,28.833333333333332,0.2446378618478775,-0.31394803265527516
UBFC_PHYS_s15_T1_test,25,116,28.866666666666667,0.25987449288368225,-0.6311828491925493
UBFC_PHYS_s15_T1_test,25,117,28.9,0.29142922163009644,-0.9624523865773064
UBFC_PHYS_s15_T1_test,25,118,28.933333333333334,0.2982461154460907,-1.2777245506167783
UBFC_PHYS_s15_T1_test,25,119,28.966666666666665,0.26893150806427,-1.5256102119829251
UBFC_PHYS_s15_T1_test,25,120,29.0,0.2122913897037506,-1.6453101736196312
UBFC_PHYS_s15_T1_test,25,121,29.033333333333335,0.11938458681106567,-1.585193623206496
UBFC_PHYS_s15_T1_test,25,122,29.066666666666666,0.01442751195281744,-1.3218019712022793
UBFC_PHYS_s15_T1_test,25,123,29.1,-0.05096064880490303,-0.8724386270913677
UBFC_PHYS_s15_T1_test,25,124,29.133333333333333,-0.09761682152748108,-0.2965364631474501
UBFC_PHYS_s15_T1_test,25,125,29.166666666666668,-0.19546732306480408,0.3155324855445185
UBFC_PHYS_s15_T1_test,25,126,29.2,-0.32614707946777344,0.8639613722967981
UBFC_PHYS_s15_T1_test,25,127,29.233333333333334,-0.397328644990921,1.265553367061504
UBFC_PHYS_s15_T1_test,25,128,29.266666666666666,-0.3695589601993561,1.47560729228438
UBFC_PHYS_s15_T1_test,25,129,29.3,-0.26201415061950684,1.4969246659647248
UBFC_PHYS_s15_T1_test,25,130,29.333333333333332,-0.10219360142946243,1.3717573742473352
UBFC_PHYS_s15_T1_test,25,131,29.366666666666667,0.05536752939224243,1.160216698809207
UBFC_PHYS_s15_T1_test,25,132,29.4,0.1561533510684967,0.9155642651057688
UBFC_PHYS_s15_T1_test,25,133,29.433333333333334,0.1941966712474823,0.6678642180262016
UBFC_PHYS_s15_T1_test,25,134,29.466666666666665,0.1890019178390503,0.4212791793244094
UBFC_PHYS_s15_T1_test,25,135,29.5,0.15870244801044464,0.16248011624852657
UBFC_PHYS_s15_T1_test,25,136,29.533333333333335,0.12471450865268707,-0.12576075700133169
UBFC_PHYS_s15_T1_test,25,137,29.566666666666666,0.10777847468852997,-0.45097954866502715
UBFC_PHYS_s15_T1_test,25,138,29.6,0.11641063541173935,-0.8009167359887613
UBFC_PHYS_s15_T1_test,25,139,29.633333333333333,0.13765309751033783,-1.1393779643588902
UBFC_PHYS_s15_T1_test,25,140,29.666666666666668,0.12645253539085388,-1.410049278737419
UBFC_PHYS_s15_T1_test,25,141,29.7,0.058360785245895386,-1.548899920232548
UBFC_PHYS_s15_T1_test,25,142,29.733333333333334,-0.031436894088983536,-1.5027970069576309
UBFC_PHYS_s15_T1_test,25,143,29.766666666666666,-0.1118299588561058,-1.248698876951645
UBFC_PHYS_s15_T1_test,25,144,29.8,-0.18206526339054108,-0.8064159044660645
UBFC_PHYS_s15_T1_test,25,145,29.833333333333332,-0.23399342596530914,-0.23944730136590417
UBFC_PHYS_s15_T1_test,25,146,29.866666666666667,-0.2822331190109253,0.35761957693511526
UBFC_PHYS_s15_T1_test,25,147,29.9,-0.3638620972633362,0.8820288426308578
UBFC_PHYS_s15_T1_test,25,148,29.933333333333334,-0.4541618824005127,1.2494878690703606
UBFC_PHYS_s15_T1_test,25,149,29.966666666666665,-0.46557489037513733,1.416057720112881
UBFC_PHYS_s15_T1_test,25,150,30.0,-0.35691002011299133,1.3871228591270848
UBFC_PHYS_s15_T1_test,25,151,30.033333333333335,-0.17389656603336334,1.2092069294323813
UBFC_PHYS_s15_T1_test,25,152,30.066666666666666,0.005467054899781942,0.947862457654035
UBFC_PHYS_s15_T1_test,25,153,30.1,0.14711564779281616,0.6616806545879215
UBFC_PHYS_s15_T1_test,25,154,30.133333333333333,0.24857737123966217,0.3840883921225126
UBFC_PHYS_s15_T1_test,25,155,30.166666666666668,0.2961025536060333,0.11996672385106999
UBFC_PHYS_s15_T1_test,25,156,30.2,0.28372398018836975,-0.14405203369962488
UBFC_PHYS_s15_T1_test,25,157,30.233333333333334,0.24977467954158783,-0.4230288888626292
UBFC_PHYS_s15_T1_test,25,158,30.266666666666666,0.2390955090522766,-0.7189914638278192
UBFC_PHYS_s15_T1_test,25,159,30.3,0.24282260239124298,-1.0129535840107147
UBFC_PHYS_s15_T1_test,25,160,30.333333333333332,0.229864701628685,-1.265245476274999
UBFC_PHYS_s15_T1_test,25,161,30.366666666666667,0.20725113153457642,-1.4235431086962889
UBFC_PHYS_s15_T1_test,25,162,30.4,0.1860472857952118,-1.4366143676038687
UBFC_PHYS_s15_T1_test,25,163,30.433333333333334,0.14136087894439697,-1.2704902487538436
UBFC_PHYS_s15_T1_test,25,164,30.466666666666665,0.06347828358411789,-0.9224065627032183
UBFC_PHYS_s15_T1_test,25,165,30.5,-0.01596852019429207,-0.4276102351281335
UBFC_PHYS_s15_T1_test,25,166,30.533333333333335,-0.0900660902261734,0.14407085091852548
UBFC_PHYS_s15_T1_test,25,167,30.566666666666666,-0.1875496804714203,0.7019287137120068
UBFC_PHYS_s15_T1_test,25,168,30.6,-0.3032631576061249,1.1553363808296486
UBFC_PHYS_s15_T1_test,25,169,30.633333333333333,-0.39634376764297485,1.4363452517060866
UBFC_PHYS_s15_T1_test,25,170,30.666666666666668,-0.4189959466457367,1.5166720101427238
UBFC_PHYS_s15_T1_test,25,171,30.7,-0.3410361111164093,1.4127915989398268
UBFC_PHYS_s15_T1_test,25,172,30.733333333333334,-0.18249011039733887,1.1770660055577704
UBFC_PHYS_s15_T1_test,25,173,30.766666666666666,-0.002933372976258397,0.8782590253268386
UBFC_PHYS_s15_T1_test,25,174,30.8,0.13274802267551422,0.578643285627373
UBFC_PHYS_s15_T1_test,25,175,30.833333333333332,0.18322783708572388,0.31592747793802417
UBFC_PHYS_s15_T1_test,25,176,30.866666666666667,0.1571575403213501,0.09631394570325331
UBFC_PHYS_s15_T1_test,25,177,30.9,0.10841574519872665,-0.09942687229033692
UBFC_PHYS_s15_T1_test,25,178,30.933333333333334,0.08025982975959778,-0.3004053549097508
UBFC_PHYS_s15_T1_test,25,179,30.966666666666665,0.07290221750736237,-0.5277296611717722
UBFC_PHYS_s15_T1_test,25,180,31.0,0.06948410719633102,-0.7813103741143632
UBFC_PHYS_s15_T1_test,25,181,31.033333333333335,0.06589220464229584,-1.0354862572029817
UBFC_PHYS_s15_T1_test,25,182,31.066666666666666,0.06380657851696014,-1.24410054160689
UBFC_PHYS_s15_T1_test,25,183,31.1,0.05268325284123421,-1.3528482407263338
UBFC_PHYS_s15_T1_test,25,184,31.133333333333333,0.010294887237250805,-1.315069134212154
UBFC_PHYS_s15_T1_test,25,185,31.166666666666668,-0.061253584921360016,-1.1066666977659347
UBFC_PHYS_s15_T1_test,25,186,31.2,-0.1252899467945099,-0.7362465353944856
UBFC_PHYS_s15_T1_test,25,187,31.233333333333334,-0.17345240712165833,-0.2476450461929598
UBFC_PHYS_s15_T1_test,25,188,31.266666666666666,-0.25562211871147156,0.286429292053821
UBFC_PHYS_s15_T1_test,25,189,31.3,-0.38286444544792175,0.7790917578276731
UBFC_PHYS_s15_T1_test,25,190,31.333333333333332,-0.4523079991340637,1.1496641341022849
UBFC_PHYS_s15_T1_test,25,191,31.366666666666667,-0.3685547709465027,1.344466595011479
UBFC_PHYS_s15_T1_test,25,192,31.4,-0.17354896664619446,1.3505442411238504
UBFC_PHYS_s15_T1_test,25,193,31.433333333333334,0.019255343824625015,1.1961297639076078
UBFC_PHYS_s15_T1_test,25,194,31.466666666666665,0.15020546317100525,0.9375101502878637
UBFC_PHYS_s15_T1_test,25,195,31.5,0.21547774970531464,0.6382336180502144
UBFC_PHYS_s15_T1_test,25,196,31.533333333333335,0.21642400324344635,0.34882161853610383
UBFC_PHYS_s15_T1_test,25,197,31.566666666666666,0.16835811734199524,0.09378979231749654
UBFC_PHYS_s15_T1_test,25,198,31.6,0.11461468786001205,-0.12994886182042503
UBFC_PHYS_s15_T1_test,25,199,31.633333333333333,0.10526800155639648,-0.34298636744438066
UBFC_PHYS_s15_T1_test,25,200,31.666666666666668,0.1395842283964157,-0.565895177888384
UBFC_PHYS_s15_T1_test,25,201,31.7,0.16252608597278595,-0.8019109063214384
UBFC_PHYS_s15_T1_test,25,202,31.733333333333334,0.14398722350597382,-1.0275493116112786
UBFC_PHYS_s15_T1_test,25,203,31.766666666666666,0.10239061713218689,-1.1955628608190165
UBFC_PHYS_s15_T1_test,25,204,31.8,0.046600185334682465,-1.2494314224916843
UBFC_PHYS_s15_T1_test,25,205,31.833333333333332,-0.02562418393790722,-1.1439211644562672
UBFC_PHYS_s15_T1_test,25,206,31.866666666666667,-0.09688298404216766,-0.8641264495556038
UBFC_PHYS_s15_T1_test,25,207,31.9,-0.17210061848163605,-0.4361875616933914
UBFC_PHYS_s15_T1_test,25,208,31.933333333333334,-0.2787184715270996,0.07427695782574928
UBFC_PHYS_s15_T1_test,25,209,31.966666666666665,-0.3756999373435974,0.5763432939552962
UBFC_PHYS_s15_T1_test,25,210,32.0,-0.36038607358932495,0.977337821733149
UBFC_PHYS_s15_T1_test,25,211,32.03333333333333,-0.21813881397247314,1.2091028062188642
UBFC_PHYS_s15_T1_test,25,212,32.06666666666667,-0.05603952705860138,1.2476614746395207
UBFC_PHYS_s15_T1_test,25,213,32.1,0.056854501366615295,1.1177953447360967
UBFC_PHYS_s15_T1_test,25,214,32.13333333333333,0.11415120959281921,0.879829725145894
UBFC_PHYS_s15_T1_test,25,215,32.166666666666664,0.11785899102687836,0.6041284462322868
UBFC_PHYS_s15_T1_test,25,216,32.2,0.08367794007062912,0.3448381968088484
UBFC_PHYS_s15_T1_test,25,217,32.233333333333334,0.053108103573322296,0.1244656866973316
UBFC_PHYS_s15_T1_test,25,218,32.266666666666666,0.05077143386006355,-0.06546445819285021
UBFC_PHYS_s15_T1_test,25,219,32.3,0.0657183974981308,-0.2505334703865516
UBFC_PHYS_s15_T1_test,25,220,32.333333333333336,0.07701552659273148,-0.45401226396126565
UBFC_PHYS_s15_T1_test,25,221,32.36666666666667,0.07218769937753677,-0.6801267020464281
UBFC_PHYS_s15_T1_test,25,222,32.4,0.04254480451345444,-0.9060133392131491
UBFC_PHYS_s15_T1_test,25,223,32.43333333333333,-0.01801552064716816,-1.0849784480697637
UBFC_PHYS_s15_T1_test,25,224,32.46666666666667,-0.0969795435667038,-1.1601422898254157
UBFC_PHYS_s15_T1_test,25,225,32.5,-0.17181093990802765,-1.0842633855388901
UBFC_PHYS_s15_T1_test,25,226,32.53333333333333,-0.24849623441696167,-0.8390110659232001
UBFC_PHYS_s15_T1_test,25,227,32.56666666666667,-0.3469453752040863,-0.4465507430101069
UBFC_PHYS_s15_T1_test,25,228,32.6,-0.43958184123039246,0.03121253562071721
UBFC_PHYS_s15_T1_test,25,229,32.63333333333333,-0.45966559648513794,0.5062362161478697
UBFC_PHYS_s15_T1_test,25,230,32.666666666666664,-0.3702348470687866,0.887237368725391
UBFC_PHYS_s15_T1_test,25,231,32.7,-0.20436984300613403,1.1051644642752048
UBFC_PHYS_s15_T1_test,25,232,32.733333333333334,-0.028501572087407112,1.1329139772354175
UBFC_PHYS_s15_T1_test,25,233,32.766666666666666,0.10739225149154663,0.9922864999866492
UBFC_PHYS_s15_T1_test,25,234,32.8,0.17457635700702667,0.7457124465553985
UBFC_PHYS_s15_T1_test,25,235,32.833333333333336,0.17086859047412872,0.47564583794152787
UBFC_PHYS_s15_T1_test,25,236,32.86666666666667,0.14070428907871246,0.25816348684334545
UBFC_PHYS_s15_T1_test,25,237,32.9,0.12678082287311554,0.1389388559255329
UBFC_PHYS_s15_T1_test,25,238,32.93333333333333,0.12475313246250153,0.11964057203290676
UBFC_PHYS_s15_T1_test,25,239,32.96666666666667,0.1233627200126648,0.15992834251979265
UBFC_PHYS_s15_T1_test,26,0,26.0,0.5326663255691528,-0.08701924849877715
UBFC_PHYS_s15_T1_test,26,1,26.033333333333335,0.6345915198326111,0.11014299892102575
UBFC_PHYS_s15_T1_test,26,2,26.066666666666666,0.5981317162513733,0.2211030213384075
UBFC_PHYS_s15_T1_test,26,3,26.1,0.5360844135284424,0.1876051386029263
UBFC_PHYS_s15_T1_test,26,4,26.133333333333333,0.4740564525127411,0.0009190188204459193
UBFC_PHYS_s15_T1_test,26,5,26.166666666666668,0.39323854446411133,-0.29820043845339833
UBFC_PHYS_s15_T1_test,26,6,26.2,0.3139655292034149,-0.6368121582476463
UBFC_PHYS_s15_T1_test,26,7,26.233333333333334,0.2622884213924408,-0.9345890623318401
UBFC_PHYS_s15_T1_test,26,8,26.266666666666666,0.22976814210414886,-1.1251206172579389
UBFC_PHYS_s15_T1_test,26,9,26.3,0.18819084763526917,-1.167821972071021
UBFC_PHYS_s15_T1_test,26,10,26.333333333333332,0.10530662536621094,-1.0511541950130912
UBFC_PHYS_s15_T1_test,26,11,26.366666666666667,-0.033194225281476974,-0.7910950006095082
UBFC_PHYS_s15_T1_test,26,12,26.4,-0.17598219215869904,-0.4270931153621519
UBFC_PHYS_s15_T1_test,26,13,26.433333333333334,-0.21516487002372742,-0.014710085854110877
UBFC_PHYS_s15_T1_test,26,14,26.466666666666665,-0.08620382100343704,0.3859508645638108
UBFC_PHYS_s15_T1_test,26,15,26.5,0.14856399595737457,0.7239821337745913
UBFC_PHYS_s15_T1_test,26,16,26.533333333333335,0.36170312762260437,0.9683583302961719
UBFC_PHYS_s15_T1_test,26,17,26.566666666666666,0.4975583255290985,1.1103285727902714
UBFC_PHYS_s15_T1_test,26,18,26.6,0.5709607005119324,1.1565332157610198
UBFC_PHYS_s15_T1_test,26,19,26.633333333333333,0.5921452045440674,1.117408956874631
UBFC_PHYS_s15_T1_test,26,20,26.666666666666668,0.5707096457481384,0.9981076230528364
UBFC_PHYS_s15_T1_test,26,21,26.7,0.5424571633338928,0.7970723041567536
UBFC_PHYS_s15_T1_test,26,22,26.733333333333334,0.5501816868782043,0.5120263381431908
UBFC_PHYS_s15_T1_test,26,23,26.766666666666666,0.6103751063346863,0.14893011989549357
UBFC_PHYS_s15_T1_test,26,24,26.8,0.6970829963684082,-0.27051745476522493
UBFC_PHYS_s15_T1_test,26,25,26.833333333333332,0.7707750201225281,-0.7053033364262629
UBFC_PHYS_s15_T1_test,26,26,26.866666666666667,0.8282841444015503,-1.097149598229911
UBFC_PHYS_s15_T1_test,26,27,26.9,0.8850208520889282,-1.3795091699284672
UBFC_PHYS_s15_T1_test,26,28,26.933333333333334,0.9426072239875793,-1.492899021096246
UBFC_PHYS_s15_T1_test,26,29,26.966666666666665,1.00040602684021,-1.402695041989609
UBFC_PHYS_s15_T1_test,26,30,27.0,1.032926321029663,-1.1128063421793666
UBFC_PHYS_s15_T1_test,26,31,27.033333333333335,0.9659739136695862,-0.6688346306685429
UBFC_PHYS_s15_T1_test,26,32,27.066666666666666,0.7901635766029358,-0.14821180283643556
UBFC_PHYS_s15_T1_test,26,33,27.1,0.592628002166748,0.3598150759356081
UBFC_PHYS_s15_T1_test,26,34,27.133333333333333,0.4233255982398987,0.7775940086784322
UBFC_PHYS_s15_T1_test,26,35,27.166666666666668,0.22426441311836243,1.0579660549298626
UBFC_PHYS_s15_T1_test,26,36,27.2,-0.0696733221411705,1.1922738268329047
UBFC_PHYS_s15_T1_test,26,37,27.233333333333334,-0.42919233441352844,1.2047438039663338
UBFC_PHYS_s15_T1_test,26,38,27.266666666666666,-0.7602464556694031,1.1353676958826016
UBFC_PHYS_s15_T1_test,26,39,27.3,-0.9852620363235474,1.0183963858103193
UBFC_PHYS_s15_T1_test,26,40,27.333333333333332,-1.089581847190857,0.866638006160424
UBFC_PHYS_s15_T1_test,26,41,27.366666666666667,-1.1041232347488403,0.6697013258518405
UBFC_PHYS_s15_T1_test,26,42,27.4,-1.0625460147857666,0.40662251456572246
UBFC_PHYS_s15_T1_test,26,43,27.433333333333334,-0.981940507888794,0.06515036546540741
UBFC_PHYS_s15_T1_test,26,44,27.466666666666665,-0.8839161992073059,-0.342884563455252
UBFC_PHYS_s15_T1_test,26,45,27.5,-0.7890975475311279,-0.7772688474829806
UBFC_PHYS_s15_T1_test,26,46,27.533333333333335,-0.7013468742370605,-1.1766657947747883
UBFC_PHYS_s15_T1_test,26,47,27.566666666666666,-0.633931040763855,-1.4728197704576629
UBFC_PHYS_s15_T1_test,26,48,27.6,-0.6077641844749451,-1.6063961038814154
UBFC_PHYS_s15_T1_test,26,49,27.633333333333333,-0.6011790037155151,-1.5409994450898319
UBFC_PHYS_s15_T1_test,26,50,27.666666666666668,-0.563348114490509,-1.2731638086117147
UBFC_PHYS_s15_T1_test,26,51,27.7,-0.49311283230781555,-0.8361796530242568
UBFC_PHYS_s15_T1_test,26,52,27.733333333333334,-0.4545094966888428,-0.2956948979396897
UBFC_PHYS_s15_T1_test,26,53,27.766666666666666,-0.48274263739585876,0.26360740942687316
UBFC_PHYS_s15_T1_test,26,54,27.8,-0.5031933188438416,0.7578761902837968
UBFC_PHYS_s15_T1_test,26,55,27.833333333333332,-0.41716137528419495,1.1244760219985483
UBFC_PHYS_s15_T1_test,26,56,27.866666666666667,-0.21902714669704437,1.3349803267856917
UBFC_PHYS_s15_T1_test,26,57,27.9,0.0062201968394219875,1.3953720129549334
UBFC_PHYS_s15_T1_test,26,58,27.933333333333334,0.17544537782669067,1.3346971322571186
UBFC_PHYS_s15_T1_test,26,59,27.966666666666665,0.26396849751472473,1.1890101797096388
UBFC_PHYS_s15_T1_test,26,60,28.0,0.2861572206020355,0.9876644809282209
UBFC_PHYS_s15_T1_test,26,61,28.033333333333335,0.2564757168292999,0.7458669204909486
UBFC_PHYS_s15_T1_test,26,62,28.066666666666666,0.20192120969295502,0.4647354680115842
UBFC_PHYS_s15_T1_test,26,63,28.1,0.17028924822807312,0.13830488662315676
UBFC_PHYS_s15_T1_test,26,64,28.133333333333333,0.1792883276939392,-0.23501231361337743
UBFC_PHYS_s15_T1_test,26,65,28.166666666666668,0.1909523606300354,-0.6409921815358611
UBFC_PHYS_s15_T1_test,26,66,28.2,0.1818760484457016,-1.0435963796538439
UBFC_PHYS_s15_T1_test,26,67,28.233333333333334,0.18191467225551605,-1.388161763683972
UBFC_PHYS_s15_T1_test,26,68,28.266666666666666,0.18990956246852875,-1.6133152744373278
UBFC_PHYS_s15_T1_test,26,69,28.3,0.14613077044487,-1.6671294976612605
UBFC_PHYS_s15_T1_test,26,70,28.333333333333332,0.047082968056201935,-1.521928270669988
UBFC_PHYS_s15_T1_test,26,71,28.366666666666667,-0.040184926241636276,-1.183663181020094
UBFC_PHYS_s15_T1_test,26,72,28.4,-0.08803839981555939,-0.6939932132243395
UBFC_PHYS_s15_T1_test,26,73,28.433333333333334,-0.13902030885219574,-0.12450371064221805
UBFC_PHYS_s15_T1_test,26,74,28.466666666666665,-0.22167278826236725,0.43709138295137084
UBFC_PHYS_s15_T1_test,26,75,28.5,-0.31288018822669983,0.9072439930784834
UBFC_PHYS_s15_T1_test,26,76,28.533333333333335,-0.3576052486896515,1.2279132424532306
UBFC_PHYS_s15_T1_test,26,77,28.566666666666666,-0.30005747079849243,1.3803499270167292
UBFC_PHYS_s15_T1_test,26,78,28.6,-0.13594980537891388,1.3841710304530672
UBFC_PHYS_s15_T1_test,26,79,28.633333333333333,0.058843567967414856,1.28150491062034
UBFC_PHYS_s15_T1_test,26,80,28.666666666666668,0.20553241670131683,1.1149412956846938
UBFC_PHYS_s15_T1_test,26,81,28.7,0.2855778932571411,0.911498484453658
UBFC_PHYS_s15_T1_test,26,82,28.733333333333334,0.3138110339641571,0.6790263271415804
UBFC_PHYS_s15_T1_test,26,83,28.766666666666666,0.30166420340538025,0.41267303378330034
UBFC_PHYS_s15_T1_test,26,84,28.8,0.2668072581291199,0.10514105603870191
UBFC_PHYS_s15_T1_test,26,85,28.833333333333332,0.2446378618478775,-0.2440405590120463
UBFC_PHYS_s15_T1_test,26,86,28.866666666666667,0.25987449288368225,-0.6218788320999733
UBFC_PHYS_s15_T1_test,26,87,28.9,0.29142922163009644,-0.9981547475236101
UBFC_PHYS_s15_T1_test,26,88,28.933333333333334,0.2982461154460907,-1.3258427755813416
UBFC_PHYS_s15_T1_test,26,89,28.966666666666665,0.26893150806427,-1.5478548463529538
UBFC_PHYS_s15_T1_test,26,90,29.0,0.2122913897037506,-1.6102978499532048
UBFC_PHYS_s15_T1_test,26,91,29.033333333333335,0.11938458681106567,-1.4788495081747632
UBFC_PHYS_s15_T1_test,26,92,29.066666666666666,0.01442751195281744,-1.1524328244132578
UBFC_PHYS_s15_T1_test,26,93,29.1,-0.05096064880490303,-0.6687374704417084
UBFC_PHYS_s15_T1_test,26,94,29.133333333333333,-0.09761682152748108,-0.09909550288455363
UBFC_PHYS_s15_T1_test,26,95,29.166666666666668,-0.19546732306480408,0.4662902041224342
UBFC_PHYS_s15_T1_test,26,96,29.2,-0.32614707946777344,0.9394184691464532
UBFC_PHYS_s15_T1_test,26,97,29.233333333333334,-0.397328644990921,1.2566320023197366
UBFC_PHYS_s15_T1_test,26,98,29.266666666666666,-0.3695589601993561,1.3946802938780465
UBFC_PHYS_s15_T1_test,26,99,29.3,-0.26201415061950684,1.3736674929998116
UBFC_PHYS_s15_T1_test,26,100,29.333333333333332,-0.10219360142946243,1.2440464710350245
UBFC_PHYS_s15_T1_test,26,101,29.366666666666667,0.05536752939224243,1.062331617410888
UBFC_PHYS_s15_T1_test,26,102,29.4,0.1561533510684967,0.8671633366010606
UBFC_PHYS_s15_T1_test,26,103,29.433333333333334,0.1941966712474823,0.6678172985612523
UBFC_PHYS_s15_T1_test,26,104,29.466666666666665,0.1890019178390503,0.4492599799214607
UBFC_PHYS_s15_T1_test,26,105,29.5,0.15870244801044464,0.18814314260015486
UBFC_PHYS_s15_T1_test,26,106,29.533333333333335,0.12471450865268707,-0.1297192921966375
UBFC_PHYS_s15_T1_test,26,107,29.566666666666666,0.10777847468852997,-0.4975103350014792
UBFC_PHYS_s15_T1_test,26,108,29.6,0.11641063541173935,-0.8837241075735114
UBFC_PHYS_s15_T1_test,26,109,29.633333333333333,0.13765309751033783,-1.2359047830260594
UBFC_PHYS_s15_T1_test,26,110,29.666666666666668,0.12645253539085388,-1.4904698063873039
UBFC_PHYS_s15_T1_test,26,111,29.7,0.058360785245895386,-1.5873729389194873
UBFC_PHYS_s15_T1_test,26,112,29.733333333333334,-0.031436894088983536,-1.4870137085884365
UBFC_PHYS_s15_T1_test,26,113,29.766666666666666,-0.1118299588561058,-1.1846771001601322
UBFC_PHYS_s15_T1_test,26,114,29.8,-0.18206526339054108,-0.7169751740559857
UBFC_PHYS_s15_T1_test,26,115,29.833333333333332,-0.23399342596530914,-0.15666501426923163
UBFC_PHYS_s15_T1_test,26,116,29.866666666666667,-0.2822331190109253,0.40349352794848703
UBFC_PHYS_s15_T1_test,26,117,29.9,-0.3638620972633362,0.8730033631974499
UBFC_PHYS_s15_T1_test,26,118,29.933333333333334,-0.4541618824005127,1.1853822050950256
UBFC_PHYS_s15_T1_test,26,119,29.966666666666665,-0.46557489037513733,1.313047906254886
UBFC_PHYS_s15_T1_test,26,120,30.0,-0.35691002011299133,1.2704591571020585
UBFC_PHYS_s15_T1_test,26,121,30.033333333333335,-0.17389656603336334,1.1038247148382443
UBFC_PHYS_s15_T1_test,26,122,30.066666666666666,0.005467054899781942,0.8707379132580227
UBFC_PHYS_s15_T1_test,26,123,30.1,0.14711564779281616,0.6179392383312724
UBFC_PHYS_s15_T1_test,26,124,30.133333333333333,0.24857737123966217,0.36710757326493665
UBFC_PHYS_s15_T1_test,26,125,30.166666666666668,0.2961025536060333,0.11507916915193178
UBFC_PHYS_s15_T1_test,26,126,30.2,0.28372398018836975,-0.15284943934709358
UBFC_PHYS_s15_T1_test,26,127,30.233333333333334,0.24977467954158783,-0.4447977376563168
UBFC_PHYS_s15_T1_test,26,128,30.266666666666666,0.2390955090522766,-0.7490488465347395
UBFC_PHYS_s15_T1_test,26,129,30.3,0.24282260239124298,-1.0314133977306874
UBFC_PHYS_s15_T1_test,26,130,30.333333333333332,0.229864701628685,-1.2429496980005097
UBFC_PHYS_s15_T1_test,26,131,30.366666666666667,0.20725113153457642,-1.3335624202745207
UBFC_PHYS_s15_T1_test,26,132,30.4,0.1860472857952118,-1.2664681766259143
UBFC_PHYS_s15_T1_test,26,133,30.433333333333334,0.14136087894439697,-1.0299878357905017
UBFC_PHYS_s15_T1_test,26,134,30.466666666666665,0.06347828358411789,-0.6441759240529054
UBFC_PHYS_s15_T1_test,26,135,30.5,-0.01596852019429207,-0.1602451662541297
UBFC_PHYS_s15_T1_test,26,136,30.533333333333335,-0.0900660902261734,0.34832403554887803
UBFC_PHYS_s15_T1_test,26,137,30.566666666666666,-0.1875496804714203,0.8019280218269444
UBFC_PHYS_s15_T1_test,26,138,30.6,-0.3032631576061249,1.134102437257129
UBFC_PHYS_s15_T1_test,26,139,30.633333333333333,-0.39634376764297485,1.30753174048563
UBFC_PHYS_s15_T1_test,26,140,30.666666666666668,-0.4189959466457367,1.320857940568257
UBFC_PHYS_s15_T1_test,26,141,30.7,-0.3410361111164093,1.2038424242425054
UBFC_PHYS_s15_T1_test,26,142,30.733333333333334,-0.18249011039733887,1.0035222708584974
UBFC_PHYS_s15_T1_test,26,143,30.766666666666666,-0.002933372976258397,0.7674282076498683
UBFC_PHYS_s15_T1_test,26,144,30.8,0.13274802267551422,0.5296877489812021
UBFC_PHYS_s15_T1_test,26,145,30.833333333333332,0.18322783708572388,0.303678288511547
UBFC_PHYS_s15_T1_test,26,146,30.866666666666667,0.1571575403213501,0.08306563012069461
UBFC_PHYS_s15_T1_test,26,147,30.9,0.10841574519872665,-0.1490064940641851
UBFC_PHYS_s15_T1_test,26,148,30.933333333333334,0.08025982975959778,-0.4059419812082653
UBFC_PHYS_s15_T1_test,26,149,30.966666666666665,0.07290221750736237,-0.6848327317549496
UBFC_PHYS_s15_T1_test,26,150,31.0,0.06948410719633102,-0.9604628851361633
UBFC_PHYS_s15_T1_test,26,151,31.033333333333335,0.06589220464229584,-1.1889354326766903
UBFC_PHYS_s15_T1_test,26,152,31.066666666666666,0.06380657851696014,-1.3193911741324018
UBFC_PHYS_s15_T1_test,26,153,31.1,0.05268325284123421,-1.3091287704275492
UBFC_PHYS_s15_T1_test,26,154,31.133333333333333,0.010294887237250805,-1.1369767093697885
UBFC_PHYS_s15_T1_test,26,155,31.166666666666668,-0.061253584921360016,-0.8113334574197865
UBFC_PHYS_s15_T1_test,26,156,31.2,-0.1252899467945099,-0.3712756662979311
UBFC_PHYS_s15_T1_test,26,157,31.233333333333334,-0.17345240712165833,0.119407732476924
UBFC_PHYS_s15_T1_test,26,158,31.266666666666666,-0.25562211871147156,0.5844611542920819
UBFC_PHYS_s15_T1_test,26,159,31.3,-0.38286444544792175,0.951696434926642
UBFC_PHYS_s15_T1_test,26,160,31.333333333333332,-0.4523079991340637,1.1699612596855529
UBFC_PHYS_s15_T1_test,26,161,31.366666666666667,-0.3685547709465027,1.221105613097509
UBFC_PHYS_s15_T1_test,26,162,31.4,-0.17354896664619446,1.1218923584840428
UBFC_PHYS_s15_T1_test,26,163,31.433333333333334,0.019255343824625015,0.9145115920720075
UBFC_PHYS_s15_T1_test,26,164,31.466666666666665,0.15020546317100525,0.6502424631395834
UBFC_PHYS_s15_T1_test,26,165,31.5,0.21547774970531464,0.3739355645156713
UBFC_PHYS_s15_T1_test,26,166,31.533333333333335,0.21642400324344635,0.11440464680107391
UBFC_PHYS_s15_T1_test,26,167,31.566666666666666,0.16835811734199524,-0.11848118663776808
UBFC_PHYS_s15_T1_test,26,168,31.6,0.11461468786001205,-0.3306328316685311
UBFC_PHYS_s15_T1_test,26,169,31.633333333333333,0.10526800155639648,-0.5349700864893439
UBFC_PHYS_s15_T1_test,26,170,31.666666666666668,0.1395842283964157,-0.738828060460984
UBFC_PHYS_s15_T1_test,26,171,31.7,0.16252608597278595,-0.9320527340606736
UBFC_PHYS_s15_T1_test,26,172,31.733333333333334,0.14398722350597382,-1.0821164299547046
UBFC_PHYS_s15_T1_test,26,173,31.766666666666666,0.10239061713218689,-1.1408670776849859
UBFC_PHYS_s15_T1_test,26,174,31.8,0.046600185334682465,-1.0618632255393998
UBFC_PHYS_s15_T1_test,26,175,31.833333333333332,-0.02562418393790722,-0.8211939476082558
UBFC_PHYS_s15_T1_test,26,176,31.866666666666667,-0.09688298404216766,-0.43240308652472925
UBFC_PHYS_s15_T1_test,26,177,31.9,-0.17210061848163605,0.05123823472960569
UBFC_PHYS_s15_T1_test,26,178,31.933333333333334,-0.2787184715270996,0.548129432093888
UBFC_PHYS_s15_T1_test,26,179,31.966666666666665,-0.3756999373435974,0.9691803437566863
UBFC_PHYS_s15_T1_test,26,180,32.0,-0.36038607358932495,1.2415863350145873
UBFC_PHYS_s15_T1_test,26,181,32.03333333333333,-0.21813881397247314,1.3286856841480919
UBFC_PHYS_s15_T1_test,26,182,32.06666666666667,-0.05603952705860138,1.239238639801528
UBFC_PHYS_s15_T1_test,26,183,32.1,0.056854501366615295,1.021559303926097
UBFC_PHYS_s15_T1_test,26,184,32.13333333333333,0.11415120959281921,0.7432894679692637
UBFC_PHYS_s15_T1_test,26,185,32.166666666666664,0.11785899102687836,0.46461905336862624
UBFC_PHYS_s15_T1_test,26,186,32.2,0.08367794007062912,0.21745693295090415
UBFC_PHYS_s15_T1_test,26,187,32.233333333333334,0.053108103573322296,0.000797079456146316
UBFC_PHYS_s15_T1_test,26,188,32.266666666666666,0.05077143386006355,-0.20702801442531052
UBFC_PHYS_s15_T1_test,26,189,32.3,0.0657183974981308,-0.4279260716171675
UBFC_PHYS_s15_T1_test,26,190,32.333333333333336,0.07701552659273148,-0.6663222434782381
UBFC_PHYS_s15_T1_test,26,191,32.36666666666667,0.07218769937753677,-0.901002956555149
UBFC_PHYS_s15_T1_test,26,192,32.4,0.04254480451345444,-1.0881582593022654
UBFC_PHYS_s15_T1_test,26,193,32.43333333333333,-0.01801552064716816,-1.1736952611906075
UBFC_PHYS_s15_T1_test,26,194,32.46666666666667,-0.0969795435667038,-1.1113192942450918
UBFC_PHYS_s15_T1_test,26,195,32.5,-0.17181093990802765,-0.8815855203264541
UBFC_PHYS_s15_T1_test,26,196,32.53333333333333,-0.24849623441696167,-0.5052670162231461
UBFC_PHYS_s15_T1_test,26,197,32.56666666666667,-0.3469453752040863,-0.04434052214129383
UBFC_PHYS_s15_T1_test,26,198,32.6,-0.43958184123039246,0.41211013379276795
UBFC_PHYS_s15_T1_test,26,199,32.63333333333333,-0.45966559648513794,0.7731468771456574
UBFC_PHYS_s15_T1_test,26,200,32.666666666666664,-0.3702348470687866,0.9728245331124707
UBFC_PHYS_s15_T1_test,26,201,32.7,-0.20436984300613403,0.9879107309828097
UBFC_PHYS_s15_T1_test,26,202,32.733333333333334,-0.028501572087407112,0.8401625762384384
UBFC_PHYS_s15_T1_test,26,203,32.766666666666666,0.10739225149154663,0.5840028119073674
UBFC_PHYS_s15_T1_test,26,204,32.8,0.17457635700702667,0.2861472126205298
UBFC_PHYS_s15_T1_test,26,205,32.833333333333336,0.17086859047412872,0.005332866236907302
UBFC_PHYS_s15_T1_test,26,206,32.86666666666667,0.14070428907871246,-0.22204374876268607
UBFC_PHYS_s15_T1_test,26,207,32.9,0.12678082287311554,-0.3875988477450646
UBFC_PHYS_s15_T1_test,26,208,32.93333333333333,0.12475313246250153,-0.5065981205937362
UBFC_PHYS_s15_T1_test,26,209,32.96666666666667,0.1233627200126648,-0.6041714464746545
UBFC_PHYS_s15_T1_test,26,210,33.0,0.12683875858783722,-0.6970229325155444
UBFC_PHYS_s15_T1_test,26,211,33.03333333333333,0.11222007870674133,-0.7791255743096543
UBFC_PHYS_s15_T1_test,26,212,33.06666666666667,0.05254807323217392,-0.8189254981642135
UBFC_PHYS_s15_T1_test,26,213,33.1,-0.03190036490559578,-0.7702064073480593
UBFC_PHYS_s15_T1_test,26,214,33.13333333333333,-0.10904912650585175,-0.592038985471026
UBFC_PHYS_s15_T1_test,26,215,33.166666666666664,-0.17866645753383636,-0.2690899510412277
UBFC_PHYS_s15_T1_test,26,216,33.2,-0.25963887572288513,0.17586716207102596
UBFC_PHYS_s15_T1_test,26,217,33.233333333333334,-0.3622206449508667,0.6817519942699453
UBFC_PHYS_s15_T1_test,26,218,33.266666666666666,-0.4583524465560913,1.1617596969771915
UBFC_PHYS_s15_T1_test,26,219,33.3,-0.4675060212612152,1.5255517489448598
UBFC_PHYS_s15_T1_test,26,220,33.333333333333336,-0.34078505635261536,1.704633641055896
UBFC_PHYS_s15_T1_test,26,221,33.36666666666667,-0.12652587890625,1.6723430478895887
UBFC_PHYS_s15_T1_test,26,222,33.4,0.07527750730514526,1.4502805378231867
UBFC_PHYS_s15_T1_test,26,223,33.43333333333333,0.20279021561145782,1.0977573712232669
UBFC_PHYS_s15_T1_test,26,224,33.46666666666667,0.25763437151908875,0.6890577964375152
UBFC_PHYS_s15_T1_test,26,225,33.5,0.25979724526405334,0.2895180256069882
UBFC_PHYS_s15_T1_test,26,226,33.53333333333333,0.21959106624126434,-0.059240945895450606
UBFC_PHYS_s15_T1_test,26,227,33.56666666666667,0.1784772425889969,-0.34115002972499703
UBFC_PHYS_s15_T1_test,26,228,33.6,0.18019595742225647,-0.5584365959879973
UBFC_PHYS_s15_T1_test,26,229,33.63333333333333,0.21117132902145386,-0.7224287223084834
UBFC_PHYS_s15_T1_test,26,230,33.666666666666664,0.22436097264289856,-0.8467680446311907
UBFC_PHYS_s15_T1_test,26,231,33.7,0.19763408601284027,-0.9428241493429438
UBFC_PHYS_s15_T1_test,26,232,33.733333333333334,0.13846418261528015,-1.0157989887348347
UBFC_PHYS_s15_T1_test,26,233,33.766666666666666,0.06869234889745712,-1.0619262186200398
UBFC_PHYS_s15_T1_test,26,234,33.8,0.01265086978673935,-1.0691655623035485
UBFC_PHYS_s15_T1_test,26,235,33.833333333333336,-0.021858474239706993,-1.0228488677406644
UBFC_PHYS_s15_T1_test,26,236,33.86666666666667,-0.049357809126377106,-0.9137784659662159
UBFC_PHYS_s15_T1_test,26,237,33.9,-0.0992196574807167,-0.7437518143451882
UBFC_PHYS_s15_T1_test,26,238,33.93333333333333,-0.20104829967021942,-0.5257745434873452
UBFC_PHYS_s15_T1_test,26,239,33.96666666666667,-0.329275518655777,-0.28048388644074673
UBFC_PHYS_s15_T1_test,27,0,27.0,1.032926321029663,0.07698068032032039
UBFC_PHYS_s15_T1_test,27,1,27.033333333333335,0.9659739136695862,0.5381031839365524
UBFC_PHYS_s15_T1_test,27,2,27.066666666666666,0.7901635766029358,0.9365591161339314
UBFC_PHYS_s15_T1_test,27,3,27.1,0.592628002166748,1.227614954671432
UBFC_PHYS_s15_T1_test,27,4,27.133333333333333,0.4233255982398987,1.3917447474074036
UBFC_PHYS_s15_T1_test,27,5,27.166666666666668,0.22426441311836243,1.43751742309014
UBFC_PHYS_s15_T1_test,27,6,27.2,-0.0696733221411705,1.394949181287369
UBFC_PHYS_s15_T1_test,27,7,27.233333333333334,-0.42919233441352844,1.301898407485849
UBFC_PHYS_s15_T1_test,27,8,27.266666666666666,-0.7602464556694031,1.1887997198198594
UBFC_PHYS_s15_T1_test,27,9,27.3,-0.9852620363235474,1.0674719078203556
UBFC_PHYS_s15_T1_test,27,10,27.333333333333332,-1.089581847190857,0.9284722661816921
UBFC_PHYS_s15_T1_test,27,11,27.366666666666667,-1.1041232347488403,0.7483336011685993
UBFC_PHYS_s15_T1_test,27,12,27.4,-1.0625460147857666,0.5035689060862052
UBFC_PHYS_s15_T1_test,27,13,27.433333333333334,-0.981940507888794,0.18516684368065187
UBFC_PHYS_s15_T1_test,27,14,27.466666666666665,-0.8839161992073059,-0.1924291540999137
UBFC_PHYS_s15_T1_test,27,15,27.5,-0.7890975475311279,-0.590895035590894
UBFC_PHYS_s15_T1_test,27,16,27.533333333333335,-0.7013468742370605,-0.9556579655927324
UBFC_PHYS_s15_T1_test,27,17,27.566666666666666,-0.633931040763855,-1.2286374227507582
UBFC_PHYS_s15_T1_test,27,18,27.6,-0.6077641844749451,-1.3623491665188923
UBFC_PHYS_s15_T1_test,27,19,27.633333333333333,-0.6011790037155151,-1.3318739819182386
UBFC_PHYS_s15_T1_test,27,20,27.666666666666668,-0.563348114490509,-1.141734818123773
UBFC_PHYS_s15_T1_test,27,21,27.7,-0.49311283230781555,-0.8256531350553329
UBFC_PHYS_s15_T1_test,27,22,27.733333333333334,-0.4545094966888428,-0.4388053491692886
UBFC_PHYS_s15_T1_test,27,23,27.766666666666666,-0.48274263739585876,-0.04437092274844247
UBFC_PHYS_s15_T1_test,27,24,27.8,-0.5031933188438416,0.3017959803233557
UBFC_PHYS_s15_T1_test,27,25,27.833333333333332,-0.41716137528419495,0.5634550112201587
UBFC_PHYS_s15_T1_test,27,26,27.866666666666667,-0.21902714669704437,0.7289624094907707
UBFC_PHYS_s15_T1_test,27,27,27.9,0.0062201968394219875,0.8074833591264249
UBFC_PHYS_s15_T1_test,27,28,27.933333333333334,0.17544537782669067,0.8189928686313673
UBFC_PHYS_s15_T1_test,27,29,27.966666666666665,0.26396849751472473,0.7830843458175067
UBFC_PHYS_s15_T1_test,27,30,28.0,0.2861572206020355,0.7107707543800111
UBFC_PHYS_s15_T1_test,27,31,28.033333333333335,0.2564757168292999,0.6011832315961353
UBFC_PHYS_s15_T1_test,27,32,28.066666666666666,0.20192120969295502,0.44366939427511587
UBFC_PHYS_s15_T1_test,27,33,28.1,0.17028924822807312,0.22487775102287907
UBFC_PHYS_s15_T1_test,27,34,28.133333333333333,0.1792883276939392,-0.06112357602678974
UBFC_PHYS_s15_T1_test,27,35,28.166666666666668,0.1909523606300354,-0.4033056241925692
UBFC_PHYS_s15_T1_test,27,36,28.2,0.1818760484457016,-0.7688643731598609
UBFC_PHYS_s15_T1_test,27,37,28.233333333333334,0.18191467225551605,-1.1059687170231491
UBFC_PHYS_s15_T1_test,27,38,28.266666666666666,0.18990956246852875,-1.3540251463960873
UBFC_PHYS_s15_T1_test,27,39,28.3,0.14613077044487,-1.4584410430854522
UBFC_PHYS_s15_T1_test,27,40,28.333333333333332,0.047082968056201935,-1.3853120226949294
UBFC_PHYS_s15_T1_test,27,41,28.366666666666667,-0.040184926241636276,-1.1316956558195073
UBFC_PHYS_s15_T1_test,27,42,28.4,-0.08803839981555939,-0.7286312290727563
UBFC_PHYS_s15_T1_test,27,43,28.433333333333334,-0.13902030885219574,-0.23587501988510948
UBFC_PHYS_s15_T1_test,27,44,28.466666666666665,-0.22167278826236725,0.27104243426188784
UBFC_PHYS_s15_T1_test,27,45,28.5,-0.31288018822669983,0.718803296650018
UBFC_PHYS_s15_T1_test,27,46,28.533333333333335,-0.3576052486896515,1.0541617616476016
UBFC_PHYS_s15_T1_test,27,47,28.566666666666666,-0.30005747079849243,1.255069688751651
UBFC_PHYS_s15_T1_test,27,48,28.6,-0.13594980537891388,1.330084236675927
UBFC_PHYS_s15_T1_test,27,49,28.633333333333333,0.058843567967414856,1.3063233659799436
UBFC_PHYS_s15_T1_test,27,50,28.666666666666668,0.20553241670131683,1.2128064242270684
UBFC_PHYS_s15_T1_test,27,51,28.7,0.2855778932571411,1.0683510201682616
UBFC_PHYS_s15_T1_test,27,52,28.733333333333334,0.3138110339641571,0.8785696539936196
UBFC_PHYS_s15_T1_test,27,53,28.766666666666666,0.30166420340538025,0.6400809634763183
UBFC_PHYS_s15_T1_test,27,54,28.8,0.2668072581291199,0.3477717083664324
UBFC_PHYS_s15_T1_test,27,55,28.833333333333332,0.2446378618478775,0.0022509078574715615
UBFC_PHYS_s15_T1_test,27,56,28.866666666666667,0.25987449288368225,-0.3838807531350292
UBFC_PHYS_s15_T1_test,27,57,28.9,0.29142922163009644,-0.7821208976787517
UBFC_PHYS_s15_T1_test,27,58,28.933333333333334,0.2982461154460907,-1.148271579126806
UBFC_PHYS_s15_T1_test,27,59,28.966666666666665,0.26893150806427,-1.428349200405547
UBFC_PHYS_s15_T1_test,27,60,29.0,0.2122913897037506,-1.5698927542777952
UBFC_PHYS_s15_T1_test,27,61,29.033333333333335,0.11938458681106567,-1.5357281661127673
UBFC_PHYS_s15_T1_test,27,62,29.066666666666666,0.01442751195281744,-1.315639735474506
UBFC_PHYS_s15_T1_test,27,63,29.1,-0.05096064880490303,-0.9318826570533872
UBFC_PHYS_s15_T1_test,27,64,29.133333333333333,-0.09761682152748108,-0.43677525313503285
UBFC_PHYS_s15_T1_test,27,65,29.166666666666668,-0.19546732306480408,0.0970085911193688
UBFC_PHYS_s15_T1_test,27,66,29.2,-0.32614707946777344,0.5915646514220927
UBFC_PHYS_s15_T1_test,27,67,29.233333333333334,-0.397328644990921,0.98121126641961
UBFC_PHYS_s15_T1_test,27,68,29.266666666666666,-0.3695589601993561,1.227249155121536
UBFC_PHYS_s15_T1_test,27,69,29.3,-0.26201415061950684,1.3242502956625593
UBFC_PHYS_s15_T1_test,27,70,29.333333333333332,-0.10219360142946243,1.2946387332452496
UBFC_PHYS_s15_T1_test,27,71,29.366666666666667,0.05536752939224243,1.173802904604217
UBFC_PHYS_s15_T1_test,27,72,29.4,0.1561533510684967,0.9934413088503239
UBFC_PHYS_s15_T1_test,27,73,29.433333333333334,0.1941966712474823,0.7717033725355339
UBFC_PHYS_s15_T1_test,27,74,29.466666666666665,0.1890019178390503,0.5133903595599861
UBFC_PHYS_s15_T1_test,27,75,29.5,0.15870244801044464,0.21707787848198914
UBFC_PHYS_s15_T1_test,27,76,29.533333333333335,0.12471450865268707,-0.11607705405645902
UBFC_PHYS_s15_T1_test,27,77,29.566666666666666,0.10777847468852997,-0.4754099462056551
UBFC_PHYS_s15_T1_test,27,78,29.6,0.11641063541173935,-0.8370734297505045
UBFC_PHYS_s15_T1_test,27,79,29.633333333333333,0.13765309751033783,-1.163958973623732
UBFC_PHYS_s15_T1_test,27,80,29.666666666666668,0.12645253539085388,-1.409625955857189
UBFC_PHYS_s15_T1_test,27,81,29.7,0.058360785245895386,-1.5265279940101288
UBFC_PHYS_s15_T1_test,27,82,29.733333333333334,-0.031436894088983536,-1.4775242507239783
UBFC_PHYS_s15_T1_test,27,83,29.766666666666666,-0.1118299588561058,-1.2477893952953831
UBFC_PHYS_s15_T1_test,27,84,29.8,-0.18206526339054108,-0.8531168113119614
UBFC_PHYS_s15_T1_test,27,85,29.833333333333332,-0.23399342596530914,-0.3410705586571034
UBFC_PHYS_s15_T1_test,27,86,29.866666666666667,-0.2822331190109253,0.21649192022409885
UBFC_PHYS_s15_T1_test,27,87,29.9,-0.3638620972633362,0.7381629804190349
UBFC_PHYS_s15_T1_test,27,88,29.933333333333334,-0.4541618824005127,1.151099333574105
UBFC_PHYS_s15_T1_test,27,89,29.966666666666665,-0.46557489037513733,1.4070816449928998
UBFC_PHYS_s15_T1_test,27,90,30.0,-0.35691002011299133,1.4911281755654473
UBFC_PHYS_s15_T1_test,27,91,30.033333333333335,-0.17389656603336334,1.4195362895061632
UBFC_PHYS_s15_T1_test,27,92,30.066666666666666,0.005467054899781942,1.2284600661023408
UBFC_PHYS_s15_T1_test,27,93,30.1,0.14711564779281616,0.9583695374370722
UBFC_PHYS_s15_T1_test,27,94,30.133333333333333,0.24857737123966217,0.6415402131097248
UBFC_PHYS_s15_T1_test,27,95,30.166666666666668,0.2961025536060333,0.29767358954762674
UBFC_PHYS_s15_T1_test,27,96,30.2,0.28372398018836975,-0.06226959447118701
UBFC_PHYS_s15_T1_test,27,97,30.233333333333334,0.24977467954158783,-0.4282642578563023
UBFC_PHYS_s15_T1_test,27,98,30.266666666666666,0.2390955090522766,-0.7843414016060155
UBFC_PHYS_s15_T1_test,27,99,30.3,0.24282260239124298,-1.105433862027349
UBFC_PHYS_s15_T1_test,27,100,30.333333333333332,0.229864701628685,-1.3584242986080814
UBFC_PHYS_s15_T1_test,27,101,30.366666666666667,0.20725113153457642,-1.506652590513174
UBFC_PHYS_s15_T1_test,27,102,30.4,0.1860472857952118,-1.5169654574969367
UBFC_PHYS_s15_T1_test,27,103,30.433333333333334,0.14136087894439697,-1.3682554027541425
UBFC_PHYS_s15_T1_test,27,104,30.466666666666665,0.06347828358411789,-1.0596348572151064
UBFC_PHYS_s15_T1_test,27,105,30.5,-0.01596852019429207,-0.6156049442585443
UBFC_PHYS_s15_T1_test,27,106,30.533333333333335,-0.0900660902261734,-0.08579042988128019
UBFC_PHYS_s15_T1_test,27,107,30.566666666666666,-0.1875496804714203,0.461942558418287
UBFC_PHYS_s15_T1_test,27,108,30.6,-0.3032631576061249,0.9542807939071133
UBFC_PHYS_s15_T1_test,27,109,30.633333333333333,-0.39634376764297485,1.3281125138181389
UBFC_PHYS_s15_T1_test,27,110,30.666666666666668,-0.4189959466457367,1.543930944745496
UBFC_PHYS_s15_T1_test,27,111,30.7,-0.3410361111164093,1.5920631313211129
UBFC_PHYS_s15_T1_test,27,112,30.733333333333334,-0.18249011039733887,1.489948893114857
UBFC_PHYS_s15_T1_test,27,113,30.766666666666666,-0.002933372976258397,1.272570988439459
UBFC_PHYS_s15_T1_test,27,114,30.8,0.13274802267551422,0.9801634251569502
UBFC_PHYS_s15_T1_test,27,115,30.833333333333332,0.18322783708572388,0.6474265355288257
UBFC_PHYS_s15_T1_test,27,116,30.866666666666667,0.1571575403213501,0.2975671454355879
UBFC_PHYS_s15_T1_test,27,117,30.9,0.10841574519872665,-0.05735897072888947
UBFC_PHYS_s15_T1_test,27,118,30.933333333333334,0.08025982975959778,-0.41091495592674526
UBFC_PHYS_s15_T1_test,27,119,30.966666666666665,0.07290221750736237,-0.7547374715893008
UBFC_PHYS_s15_T1_test,27,120,31.0,0.06948410719633102,-1.0725377620972991
UBFC_PHYS_s15_T1_test,27,121,31.033333333333335,0.06589220464229584,-1.3380848990520893
UBFC_PHYS_s15_T1_test,27,122,31.066666666666666,0.06380657851696014,-1.51786328820047
UBFC_PHYS_s15_T1_test,27,123,31.1,0.05268325284123421,-1.5775153676347622
UBFC_PHYS_s15_T1_test,27,124,31.133333333333333,0.010294887237250805,-1.4902186139498879
UBFC_PHYS_s15_T1_test,27,125,31.166666666666668,-0.061253584921360016,-1.2448742774068078
UBFC_PHYS_s15_T1_test,27,126,31.2,-0.1252899467945099,-0.8521810856257412
UBFC_PHYS_s15_T1_test,27,127,31.233333333333334,-0.17345240712165833,-0.34698194845724645
UBFC_PHYS_s15_T1_test,27,128,31.266666666666666,-0.25562211871147156,0.2143827170087019
UBFC_PHYS_s15_T1_test,27,129,31.3,-0.38286444544792175,0.7622070816442731
UBFC_PHYS_s15_T1_test,27,130,31.333333333333332,-0.4523079991340637,1.2259679650514608
UBFC_PHYS_s15_T1_test,27,131,31.366666666666667,-0.3685547709465027,1.5481066717490168
UBFC_PHYS_s15_T1_test,27,132,31.4,-0.17354896664619446,1.694380431252005
UBFC_PHYS_s15_T1_test,27,133,31.433333333333334,0.019255343824625015,1.6572960541470905
UBFC_PHYS_s15_T1_test,27,134,31.466666666666665,0.15020546317100525,1.4530875286529648
UBFC_PHYS_s15_T1_test,27,135,31.5,0.21547774970531464,1.1155765197557932
UBFC_PHYS_s15_T1_test,27,136,31.533333333333335,0.21642400324344635,0.6892644471656334
UBFC_PHYS_s15_T1_test,27,137,31.566666666666666,0.16835811734199524,0.2219614673654455
UBFC_PHYS_s15_T1_test,27,138,31.6,0.11461468786001205,-0.24243313553710308
UBFC_PHYS_s15_T1_test,27,139,31.633333333333333,0.10526800155639648,-0.668938669429329
UBFC_PHYS_s15_T1_test,27,140,31.666666666666668,0.1395842283964157,-1.0323377535288643
UBFC_PHYS_s15_T1_test,27,141,31.7,0.16252608597278595,-1.3139249677523084
UBFC_PHYS_s15_T1_test,27,142,31.733333333333334,0.14398722350597382,-1.4967307935549026
UBFC_PHYS_s15_T1_test,27,143,31.766666666666666,0.10239061713218689,-1.5628828618738424
UBFC_PHYS_s15_T1_test,27,144,31.8,0.046600185334682465,-1.495472121174762
UBFC_PHYS_s15_T1_test,27,145,31.833333333333332,-0.02562418393790722,-1.2846405971464614
UBFC_PHYS_s15_T1_test,27,146,31.866666666666667,-0.09688298404216766,-0.935337356133161
UBFC_PHYS_s15_T1_test,27,147,31.9,-0.17210061848163605,-0.4732297503230072
UBFC_PHYS_s15_T1_test,27,148,31.933333333333334,-0.2787184715270996,0.05428236934113632
UBFC_PHYS_s15_T1_test,27,149,31.966666666666665,-0.3756999373435974,0.5835561929046812
UBFC_PHYS_s15_T1_test,27,150,32.0,-0.36038607358932495,1.0463250274820508
UBFC_PHYS_s15_T1_test,27,151,32.03333333333333,-0.21813881397247314,1.384597863909565
UBFC_PHYS_s15_T1_test,27,152,32.06666666666667,-0.05603952705860138,1.5636436154137532
UBFC_PHYS_s15_T1_test,27,153,32.1,0.056854501366615295,1.577576406016136
UBFC_PHYS_s15_T1_test,27,154,32.13333333333333,0.11415120959281921,1.4450906490979816
UBFC_PHYS_s15_T1_test,27,155,32.166666666666664,0.11785899102687836,1.1979768520045768
UBFC_PHYS_s15_T1_test,27,156,32.2,0.08367794007062912,0.8691330262381429
UBFC_PHYS_s15_T1_test,27,157,32.233333333333334,0.053108103573322296,0.48651929992608006
UBFC_PHYS_s15_T1_test,27,158,32.266666666666666,0.05077143386006355,0.07444488441130805
UBFC_PHYS_s15_T1_test,27,159,32.3,0.0657183974981308,-0.34164700680379995
UBFC_PHYS_s15_T1_test,27,160,32.333333333333336,0.07701552659273148,-0.731687254376618
UBFC_PHYS_s15_T1_test,27,161,32.36666666666667,0.07218769937753677,-1.0611568816455994
UBFC_PHYS_s15_T1_test,27,162,32.4,0.04254480451345444,-1.2946978153251685
UBFC_PHYS_s15_T1_test,27,163,32.43333333333333,-0.01801552064716816,-1.401707186919773
UBFC_PHYS_s15_T1_test,27,164,32.46666666666667,-0.0969795435667038,-1.362543191558118
UBFC_PHYS_s15_T1_test,27,165,32.5,-0.17181093990802765,-1.1742438568383675
UBFC_PHYS_s15_T1_test,27,166,32.53333333333333,-0.24849623441696167,-0.8543254879278386
UBFC_PHYS_s15_T1_test,27,167,32.56666666666667,-0.3469453752040863,-0.4409075504820999
UBFC_PHYS_s15_T1_test,27,168,32.6,-0.43958184123039246,0.01199907418837063
UBFC_PHYS_s15_T1_test,27,169,32.63333333333333,-0.45966559648513794,0.44383939347349677
UBFC_PHYS_s15_T1_test,27,170,32.666666666666664,-0.3702348470687866,0.799678545359284
UBFC_PHYS_s15_T1_test,27,171,32.7,-0.20436984300613403,1.041631421059629
UBFC_PHYS_s15_T1_test,27,172,32.733333333333334,-0.028501572087407112,1.1549429582329072
UBFC_PHYS_s15_T1_test,27,173,32.766666666666666,0.10739225149154663,1.1458313626511154
UBFC_PHYS_s15_T1_test,27,174,32.8,0.17457635700702667,1.0329445353800215
UBFC_PHYS_s15_T1_test,27,175,32.833333333333336,0.17086859047412872,0.8378127193736605
UBFC_PHYS_s15_T1_test,27,176,32.86666666666667,0.14070428907871246,0.5786680470812335
UBFC_PHYS_s15_T1_test,27,177,32.9,0.12678082287311554,0.26896229050716514
UBFC_PHYS_s15_T1_test,27,178,32.93333333333333,0.12475313246250153,-0.07967764582293022
UBFC_PHYS_s15_T1_test,27,179,32.96666666666667,0.1233627200126648,-0.4512087103199112
UBFC_PHYS_s15_T1_test,27,180,33.0,0.12683875858783722,-0.8185585217370309
UBFC_PHYS_s15_T1_test,27,181,33.03333333333333,0.11222007870674133,-1.1408115269511336
UBFC_PHYS_s15_T1_test,27,182,33.06666666666667,0.05254807323217392,-1.3672471259473886
UBFC_PHYS_s15_T1_test,27,183,33.1,-0.03190036490559578,-1.4481816769462503
UBFC_PHYS_s15_T1_test,27,184,33.13333333333333,-0.10904912650585175,-1.3492889370392611
UBFC_PHYS_s15_T1_test,27,185,33.166666666666664,-0.17866645753383636,-1.0644446919528
UBFC_PHYS_s15_T1_test,27,186,33.2,-0.25963887572288513,-0.62278559242425
UBFC_PHYS_s15_T1_test,27,187,33.233333333333334,-0.3622206449508667,-0.08724222303569645
UBFC_PHYS_s15_T1_test,27,188,33.266666666666666,-0.4583524465560913,0.45675278528140345
UBFC_PHYS_s15_T1_test,27,189,33.3,-0.4675060212612152,0.9211390950291691
UBFC_PHYS_s15_T1_test,27,190,33.333333333333336,-0.34078505635261536,1.2382096563146925
UBFC_PHYS_s15_T1_test,27,191,33.36666666666667,-0.12652587890625,1.378049954433157
UBFC_PHYS_s15_T1_test,27,192,33.4,0.07527750730514526,1.3528287110874901
UBFC_PHYS_s15_T1_test,27,193,33.43333333333333,0.20279021561145782,1.2058515823969844
UBFC_PHYS_s15_T1_test,27,194,33.46666666666667,0.25763437151908875,0.9906712211228504
UBFC_PHYS_s15_T1_test,27,195,33.5,0.25979724526405334,0.750344899489503
UBFC_PHYS_s15_T1_test,27,196,33.53333333333333,0.21959106624126434,0.506011205491008
UBFC_PHYS_s15_T1_test,27,197,33.56666666666667,0.1784772425889969,0.25824317393042023
UBFC_PHYS_s15_T1_test,27,198,33.6,0.18019595742225647,-0.0021795680904821172
UBFC_PHYS_s15_T1_test,27,199,33.63333333333333,0.21117132902145386,-0.28110462398757763
UBFC_PHYS_s15_T1_test,27,200,33.666666666666664,0.22436097264289856,-0.5712391238210606
UBFC_PHYS_s15_T1_test,27,201,33.7,0.19763408601284027,-0.8482475164331925
UBFC_PHYS_s15_T1_test,27,202,33.733333333333334,0.13846418261528015,-1.073141757769276
UBFC_PHYS_s15_T1_test,27,203,33.766666666666666,0.06869234889745712,-1.2005370236839625
UBFC_PHYS_s15_T1_test,27,204,33.8,0.01265086978673935,-1.1911792778946189
UBFC_PHYS_s15_T1_test,27,205,33.833333333333336,-0.021858474239706993,-1.0254708288996195
UBFC_PHYS_s15_T1_test,27,206,33.86666666666667,-0.049357809126377106,-0.7134485332597382
UBFC_PHYS_s15_T1_test,27,207,33.9,-0.0992196574807167,-0.2971235678344215
UBFC_PHYS_s15_T1_test,27,208,33.93333333333333,-0.20104829967021942,0.156343492326963
UBFC_PHYS_s15_T1_test,27,209,33.96666666666667,-0.329275518655777,0.5690636883746925
UBFC_PHYS_s15_T1_test,27,210,34.0,-0.3936980962753296,0.8708212274891985
UBFC_PHYS_s15_T1_test,27,211,34.03333333333333,-0.3371545374393463,1.0165112730818762
UBFC_PHYS_s15_T1_test,27,212,34.06666666666667,-0.20674513280391693,0.996839409286326
UBFC_PHYS_s15_T1_test,27,213,34.1,-0.066139355301857,0.8379325952058829
UBFC_PHYS_s15_T1_test,27,214,34.13333333333333,0.047932665795087814,0.5899869792347764
UBFC_PHYS_s15_T1_test,27,215,34.166666666666664,0.11515539884567261,0.30975330478697105
UBFC_PHYS_s15_T1_test,27,216,34.2,0.13703513145446777,0.04343957252131314
UBFC_PHYS_s15_T1_test,27,217,34.233333333333334,0.13595370948314667,-0.18433530041695143
UBFC_PHYS_s15_T1_test,27,218,34.266666666666666,0.13674546778202057,-0.3721537474077667
UBFC_PHYS_s15_T1_test,27,219,34.3,0.15134483575820923,-0.5338497145830254
UBFC_PHYS_s15_T1_test,27,220,34.333333333333336,0.1707720309495926,-0.6847062968463227
UBFC_PHYS_s15_T1_test,27,221,34.36666666666667,0.18027320504188538,-0.8280896817731419
UBFC_PHYS_s15_T1_test,27,222,34.4,0.16953609883785248,-0.9484838580042186
UBFC_PHYS_s15_T1_test,27,223,34.43333333333333,0.13421568274497986,-1.0138707280367725
UBFC_PHYS_s15_T1_test,27,224,34.46666666666667,0.07664861530065536,-0.9863073141234755
UBFC_PHYS_s15_T1_test,27,225,34.5,0.004308375529944897,-0.8365386727753172
UBFC_PHYS_s15_T1_test,27,226,34.53333333333333,-0.0721258670091629,-0.5577129956926515
UBFC_PHYS_s15_T1_test,27,227,34.56666666666667,-0.1455475389957428,-0.17378957426404162
UBFC_PHYS_s15_T1_test,27,228,34.6,-0.23495899140834808,0.26097635050725204
UBFC_PHYS_s15_T1_test,27,229,34.63333333333333,-0.35405194759368896,0.673225911336832
UBFC_PHYS_s15_T1_test,27,230,34.666666666666664,-0.44390755891799927,0.9903680591355283
UBFC_PHYS_s15_T1_test,27,231,34.7,-0.4111362397670746,1.1625891790786664
UBFC_PHYS_s15_T1_test,27,232,34.733333333333334,-0.23824191093444824,1.1777762887891232
UBFC_PHYS_s15_T1_test,27,233,34.766666666666666,-0.011604159139096737,1.0623831151864043
UBFC_PHYS_s15_T1_test,27,234,34.8,0.17173759639263153,0.8685086718923151
UBFC_PHYS_s15_T1_test,27,235,34.833333333333336,0.287509024143219,0.6542993199801765
UBFC_PHYS_s15_T1_test,27,236,34.86666666666667,0.3446512222290039,0.4661639920845788
UBFC_PHYS_s15_T1_test,27,237,34.9,0.35283923149108887,0.3280937716298671
UBFC_PHYS_s15_T1_test,27,238,34.93333333333333,0.348339706659317,0.2392900091257597
UBFC_PHYS_s15_T1_test,27,239,34.96666666666667,0.378310889005661,0.17870195108146605
UBFC_PHYS_s15_T1_test,28,0,28.0,0.2861572206020355,-0.12116522729987562
UBFC_PHYS_s15_T1_test,28,1,28.033333333333335,0.2564757168292999,0.24364016149079273
UBFC_PHYS_s15_T1_test,28,2,28.066666666666666,0.20192120969295502,0.5138116657959133
UBFC_PHYS_s15_T1_test,28,3,28.1,0.17028924822807312,0.6176183350054281
UBFC_PHYS_s15_T1_test,28,4,28.133333333333333,0.1792883276939392,0.5266492379543801
UBFC_PHYS_s15_T1_test,28,5,28.166666666666668,0.1909523606300354,0.26115560070990407
UBFC_PHYS_s15_T1_test,28,6,28.2,0.1818760484457016,-0.11879979789227799
UBFC_PHYS_s15_T1_test,28,7,28.233333333333334,0.18191467225551605,-0.5322214321297771
UBFC_PHYS_s15_T1_test,28,8,28.266666666666666,0.18990956246852875,-0.8985688657280461
UBFC_PHYS_s15_T1_test,28,9,28.3,0.14613077044487,-1.1546648718219161
UBFC_PHYS_s15_T1_test,28,10,28.333333333333332,0.047082968056201935,-1.2636998680988818
UBFC_PHYS_s15_T1_test,28,11,28.366666666666667,-0.040184926241636276,-1.2168672095829542
UBFC_PHYS_s15_T1_test,28,12,28.4,-0.08803839981555939,-1.0301152907223958
UBFC_PHYS_s15_T1_test,28,13,28.433333333333334,-0.13902030885219574,-0.7381279417123365
UBFC_PHYS_s15_T1_test,28,14,28.466666666666665,-0.22167278826236725,-0.3862784571364516
UBFC_PHYS_s15_T1_test,28,15,28.5,-0.31288018822669983,-0.020875433216216332
UBFC_PHYS_s15_T1_test,28,16,28.533333333333335,-0.3576052486896515,0.3205990619349161
UBFC_PHYS_s15_T1_test,28,17,28.566666666666666,-0.30005747079849243,0.6157433480467737
UBFC_PHYS_s15_T1_test,28,18,28.6,-0.13594980537891388,0.8565271291168941
UBFC_PHYS_s15_T1_test,28,19,28.633333333333333,0.058843567967414856,1.0415669128734482
UBFC_PHYS_s15_T1_test,28,20,28.666666666666668,0.20553241670131683,1.1665931185803269
UBFC_PHYS_s15_T1_test,28,21,28.7,0.2855778932571411,1.2200971111435588
UBFC_PHYS_s15_T1_test,28,22,28.733333333333334,0.3138110339641571,1.1865751187839495
UBFC_PHYS_s15_T1_test,28,23,28.766666666666666,0.30166420340538025,1.0538454129603005
UBFC_PHYS_s15_T1_test,28,24,28.8,0.2668072581291199,0.8194764789381956
UBFC_PHYS_s15_T1_test,28,25,28.833333333333332,0.2446378618478775,0.49390003011302075
UBFC_PHYS_s15_T1_test,28,26,28.866666666666667,0.25987449288368225,0.10065832503658127
UBFC_PHYS_s15_T1_test,28,27,28.9,0.29142922163009644,-0.3247875652781427
UBFC_PHYS_s15_T1_test,28,28,28.933333333333334,0.2982461154460907,-0.7373094755941442
UBFC_PHYS_s15_T1_test,28,29,28.966666666666665,0.26893150806427,-1.0863403343105904
UBFC_PHYS_s15_T1_test,28,30,29.0,0.2122913897037506,-1.3228281085125428
UBFC_PHYS_s15_T1_test,28,31,29.033333333333335,0.11938458681106567,-1.408296555213722
UBFC_PHYS_s15_T1_test,28,32,29.066666666666666,0.01442751195281744,-1.3240147006783927
UBFC_PHYS_s15_T1_test,28,33,29.1,-0.05096064880490303,-1.0775946743998535
UBFC_PHYS_s15_T1_test,28,34,29.133333333333333,-0.09761682152748108,-0.7045190868899873
UBFC_PHYS_s15_T1_test,28,35,29.166666666666668,-0.19546732306480408,-0.2629163102642398
UBFC_PHYS_s15_T1_test,28,36,29.2,-0.32614707946777344,0.17867546638820392
UBFC_PHYS_s15_T1_test,28,37,29.233333333333334,-0.397328644990921,0.5582082024485088
UBFC_PHYS_s15_T1_test,28,38,29.266666666666666,-0.3695589601993561,0.8359893221840766
UBFC_PHYS_s15_T1_test,28,39,29.3,-0.26201415061950684,1.002381113557904
UBFC_PHYS_s15_T1_test,28,40,29.333333333333332,-0.10219360142946243,1.0730103860089608
UBFC_PHYS_s15_T1_test,28,41,29.366666666666667,0.05536752939224243,1.073577683746051
UBFC_PHYS_s15_T1_test,28,42,29.4,0.1561533510684967,1.0228228041467442
UBFC_PHYS_s15_T1_test,28,43,29.433333333333334,0.1941966712474823,0.9234496801290508
UBFC_PHYS_s15_T1_test,28,44,29.466666666666665,0.1890019178390503,0.7649221865501478
UBFC_PHYS_s15_T1_test,28,45,29.5,0.15870244801044464,0.5343351477947498
UBFC_PHYS_s15_T1_test,28,46,29.533333333333335,0.12471450865268707,0.22828133749887528
UBFC_PHYS_s15_T1_test,28,47,29.566666666666666,0.10777847468852997,-0.13966913298111244
UBFC_PHYS_s15_T1_test,28,48,29.6,0.11641063541173935,-0.5375487854991521
UBFC_PHYS_s15_T1_test,28,49,29.633333333333333,0.13765309751033783,-0.9185709991913721
UBFC_PHYS_s15_T1_test,28,50,29.666666666666668,0.12645253539085388,-1.2282055217064511
UBFC_PHYS_s15_T1_test,28,51,29.7,0.058360785245895386,-1.4138213562513695
UBFC_PHYS_s15_T1_test,28,52,29.733333333333334,-0.031436894088983536,-1.435769181478018
UBFC_PHYS_s15_T1_test,28,53,29.766666666666666,-0.1118299588561058,-1.2777810468771498
UBFC_PHYS_s15_T1_test,28,54,29.8,-0.18206526339054108,-0.9537635002528811
UBFC_PHYS_s15_T1_test,28,55,29.833333333333332,-0.23399342596530914,-0.5082575741189214
UBFC_PHYS_s15_T1_test,28,56,29.866666666666667,-0.2822331190109253,-0.009273472988481864
UBFC_PHYS_s15_T1_test,28,57,29.9,-0.3638620972633362,0.4656515687099174
UBFC_PHYS_s15_T1_test,28,58,29.933333333333334,-0.4541618824005127,0.8471619338574804
UBFC_PHYS_s15_T1_test,28,59,29.966666666666665,-0.46557489037513733,1.0905856623044679
UBFC_PHYS_s15_T1_test,28,60,30.0,-0.35691002011299133,1.1851772826839768
UBFC_PHYS_s15_T1_test,28,61,30.033333333333335,-0.17389656603336334,1.1516463998806756
UBFC_PHYS_s15_T1_test,28,62,30.066666666666666,0.005467054899781942,1.028427448143281
UBFC_PHYS_s15_T1_test,28,63,30.1,0.14711564779281616,0.852887731195731
UBFC_PHYS_s15_T1_test,28,64,30.133333333333333,0.24857737123966217,0.6466220414871425
UBFC_PHYS_s15_T1_test,28,65,30.166666666666668,0.2961025536060333,0.41187894457957064
UBFC_PHYS_s15_T1_test,28,66,30.2,0.28372398018836975,0.13975618382450106
UBFC_PHYS_s15_T1_test,28,67,30.233333333333334,0.24977467954158783,-0.1755236835510381
UBFC_PHYS_s15_T1_test,28,68,30.266666666666666,0.2390955090522766,-0.5240537028857928
UBFC_PHYS_s15_T1_test,28,69,30.3,0.24282260239124298,-0.8749510890440185
UBFC_PHYS_s15_T1_test,28,70,30.333333333333332,0.229864701628685,-1.1797322211595052
UBFC_PHYS_s15_T1_test,28,71,30.366666666666667,0.20725113153457642,-1.382394401734893
UBFC_PHYS_s15_T1_test,28,72,30.4,0.1860472857952118,-1.4330385891996988
UBFC_PHYS_s15_T1_test,28,73,30.433333333333334,0.14136087894439697,-1.3018461098349896
UBFC_PHYS_s15_T1_test,28,74,30.466666666666665,0.06347828358411789,-0.9900271431793116
UBFC_PHYS_s15_T1_test,28,75,30.5,-0.01596852019429207,-0.5342388191260392
UBFC_PHYS_s15_T1_test,28,76,30.533333333333335,-0.0900660902261734,-0.0018960220777739858
UBFC_PHYS_s15_T1_test,28,77,30.566666666666666,-0.1875496804714203,0.5228358132592974
UBFC_PHYS_s15_T1_test,28,78,30.6,-0.3032631576061249,0.9592081683095501
UBFC_PHYS_s15_T1_test,28,79,30.633333333333333,-0.39634376764297485,1.2499397740901945
UBFC_PHYS_s15_T1_test,28,80,30.666666666666668,-0.4189959466457367,1.3737539270090586
UBFC_PHYS_s15_T1_test,28,81,30.7,-0.3410361111164093,1.3455234455254892
UBFC_PHYS_s15_T1_test,28,82,30.733333333333334,-0.18249011039733887,1.204838605966972
UBFC_PHYS_s15_T1_test,28,83,30.766666666666666,-0.002933372976258397,0.9988633995673319
UBFC_PHYS_s15_T1_test,28,84,30.8,0.13274802267551422,0.7664337940399706
UBFC_PHYS_s15_T1_test,28,85,30.833333333333332,0.18322783708572388,0.5283403190019704
UBFC_PHYS_s15_T1_test,28,86,30.866666666666667,0.1571575403213501,0.2860187540010294
UBFC_PHYS_s15_T1_test,28,87,30.9,0.10841574519872665,0.0282631900927268
UBFC_PHYS_s15_T1_test,28,88,30.933333333333334,0.08025982975959778,-0.2568746808854063
UBFC_PHYS_s15_T1_test,28,89,30.966666666666665,0.07290221750736237,-0.5696265684737013
UBFC_PHYS_s15_T1_test,28,90,31.0,0.06948410719633102,-0.8904983301655252
UBFC_PHYS_s15_T1_test,28,91,31.033333333333335,0.06589220464229584,-1.1801179750206119
UBFC_PHYS_s15_T1_test,28,92,31.066666666666666,0.06380657851696014,-1.3871297743283286
UBFC_PHYS_s15_T1_test,28,93,31.1,0.05268325284123421,-1.4613043771595562
UBFC_PHYS_s15_T1_test,28,94,31.133333333333333,0.010294887237250805,-1.3677937051788716
UBFC_PHYS_s15_T1_test,28,95,31.166666666666668,-0.061253584921360016,-1.0987555797975952
UBFC_PHYS_s15_T1_test,28,96,31.2,-0.1252899467945099,-0.6794015854852783
UBFC_PHYS_s15_T1_test,28,97,31.233333333333334,-0.17345240712165833,-0.16639366415855394
UBFC_PHYS_s15_T1_test,28,98,31.266666666666666,-0.25562211871147156,0.36232091030624564
UBFC_PHYS_s15_T1_test,28,99,31.3,-0.38286444544792175,0.8248929730293275
UBFC_PHYS_s15_T1_test,28,100,31.333333333333332,-0.4523079991340637,1.1555215696175627
UBFC_PHYS_s15_T1_test,28,101,31.366666666666667,-0.3685547709465027,1.3198762939417896
UBFC_PHYS_s15_T1_test,28,102,31.4,-0.17354896664619446,1.3196079536276561
UBFC_PHYS_s15_T1_test,28,103,31.433333333333334,0.019255343824625015,1.1842531917327135
UBFC_PHYS_s15_T1_test,28,104,31.466666666666665,0.15020546317100525,0.9555149537377137
UBFC_PHYS_s15_T1_test,28,105,31.5,0.21547774970531464,0.6724491774201
UBFC_PHYS_s15_T1_test,28,106,31.533333333333335,0.21642400324344635,0.36345896609706724
UBFC_PHYS_s15_T1_test,28,107,31.566666666666666,0.16835811734199524,0.045642884611731355
UBFC_PHYS_s15_T1_test,28,108,31.6,0.11461468786001205,-0.27115108546445904
UBFC_PHYS_s15_T1_test,28,109,31.633333333333333,0.10526800155639648,-0.5784512976030639
UBFC_PHYS_s15_T1_test,28,110,31.666666666666668,0.1395842283964157,-0.8633813918919315
UBFC_PHYS_s15_T1_test,28,111,31.7,0.16252608597278595,-1.1044292353252874
UBFC_PHYS_s15_T1_test,28,112,31.733333333333334,0.14398722350597382,-1.2706993278602163
UBFC_PHYS_s15_T1_test,28,113,31.766666666666666,0.10239061713218689,-1.3264724595576585
UBFC_PHYS_s15_T1_test,28,114,31.8,0.046600185334682465,-1.240909075659865
UBFC_PHYS_s15_T1_test,28,115,31.833333333333332,-0.02562418393790722,-0.999919495105521
UBFC_PHYS_s15_T1_test,28,116,31.866666666666667,-0.09688298404216766,-0.6155551711634452
UBFC_PHYS_s15_T1_test,28,117,31.9,-0.17210061848163605,-0.12881145546476255
UBFC_PHYS_s15_T1_test,28,118,31.933333333333334,-0.2787184715270996,0.3957817263462774
UBFC_PHYS_s15_T1_test,28,119,31.966666666666665,-0.3756999373435974,0.8825000315683718
UBFC_PHYS_s15_T1_test,28,120,32.0,-0.36038607358932495,1.2604792526358448
UBFC_PHYS_s15_T1_test,28,121,32.03333333333333,-0.21813881397247314,1.479256961031867
UBFC_PHYS_s15_T1_test,28,122,32.06666666666667,-0.05603952705860138,1.5192050424053916
UBFC_PHYS_s15_T1_test,28,123,32.1,0.056854501366615295,1.39322085993352
UBFC_PHYS_s15_T1_test,28,124,32.13333333333333,0.11415120959281921,1.1388903088853821
UBFC_PHYS_s15_T1_test,28,125,32.166666666666664,0.11785899102687836,0.8042687452835835
UBFC_PHYS_s15_T1_test,28,126,32.2,0.08367794007062912,0.433525057685702
UBFC_PHYS_s15_T1_test,28,127,32.233333333333334,0.053108103573322296,0.05861092505268971
UBFC_PHYS_s15_T1_test,28,128,32.266666666666666,0.05077143386006355,-0.3007125764573096
UBFC_PHYS_s15_T1_test,28,129,32.3,0.0657183974981308,-0.6308897364504206
UBFC_PHYS_s15_T1_test,28,130,32.333333333333336,0.07701552659273148,-0.9173821839916925
UBFC_PHYS_s15_T1_test,28,131,32.36666666666667,0.07218769937753677,-1.1404164010221969
UBFC_PHYS_s15_T1_test,28,132,32.4,0.04254480451345444,-1.2754939833071133
UBFC_PHYS_s15_T1_test,28,133,32.43333333333333,-0.01801552064716816,-1.2981877151546093
UBFC_PHYS_s15_T1_test,28,134,32.46666666666667,-0.0969795435667038,-1.1914933070051452
UBFC_PHYS_s15_T1_test,28,135,32.5,-0.17181093990802765,-0.9534709295006801
UBFC_PHYS_s15_T1_test,28,136,32.53333333333333,-0.24849623441696167,-0.6025194022217141
UBFC_PHYS_s15_T1_test,28,137,32.56666666666667,-0.3469453752040863,-0.17774861110787032
UBFC_PHYS_s15_T1_test,28,138,32.6,-0.43958184123039246,0.2668244410257534
UBFC_PHYS_s15_T1_test,28,139,32.63333333333333,-0.45966559648513794,0.6731461070489819
UBFC_PHYS_s15_T1_test,28,140,32.666666666666664,-0.3702348470687866,0.9913757085942828
UBFC_PHYS_s15_T1_test,28,141,32.7,-0.20436984300613403,1.1888240973516149
UBFC_PHYS_s15_T1_test,28,142,32.733333333333334,-0.028501572087407112,1.2525560361154915
UBFC_PHYS_s15_T1_test,28,143,32.766666666666666,0.10739225149154663,1.1860484927440023
UBFC_PHYS_s15_T1_test,28,144,32.8,0.17457635700702667,1.0033094107067988
UBFC_PHYS_s15_T1_test,28,145,32.833333333333336,0.17086859047412872,0.7243007865016698
UBFC_PHYS_s15_T1_test,28,146,32.86666666666667,0.14070428907871246,0.37308739604808744
UBFC_PHYS_s15_T1_test,28,147,32.9,0.12678082287311554,-0.022385670376853697
UBFC_PHYS_s15_T1_test,28,148,32.93333333333333,0.12475313246250153,-0.43020096907056904
UBFC_PHYS_s15_T1_test,28,149,32.96666666666667,0.1233627200126648,-0.8144779622939861
UBFC_PHYS_s15_T1_test,28,150,33.0,0.12683875858783722,-1.1359207989687663
UBFC_PHYS_s15_T1_test,28,151,33.03333333333333,0.11222007870674133,-1.354109001047205
UBFC_PHYS_s15_T1_test,28,152,33.06666666666667,0.05254807323217392,-1.4329002003900908
UBFC_PHYS_s15_T1_test,28,153,33.1,-0.03190036490559578,-1.3489368470003473
UBFC_PHYS_s15_T1_test,28,154,33.13333333333333,-0.10904912650585175,-1.1006888903028353
UBFC_PHYS_s15_T1_test,28,155,33.166666666666664,-0.17866645753383636,-0.7137450977857852
UBFC_PHYS_s15_T1_test,28,156,33.2,-0.25963887572288513,-0.23889654800349783
UBFC_PHYS_s15_T1_test,28,157,33.233333333333334,-0.3622206449508667,0.2575780586567115
UBFC_PHYS_s15_T1_test,28,158,33.266666666666666,-0.4583524465560913,0.7087785248320059
UBFC_PHYS_s15_T1_test,28,159,33.3,-0.4675060212612152,1.0623000275521288
UBFC_PHYS_s15_T1_test,28,160,33.333333333333336,-0.34078505635261536,1.2902665612889925
UBFC_PHYS_s15_T1_test,28,161,33.36666666666667,-0.12652587890625,1.390606161400139
UBFC_PHYS_s15_T1_test,28,162,33.4,0.07527750730514526,1.3792621423917688
UBFC_PHYS_s15_T1_test,28,163,33.43333333333333,0.20279021561145782,1.2770889461379138
UBFC_PHYS_s15_T1_test,28,164,33.46666666666667,0.25763437151908875,1.0981488375772794
UBFC_PHYS_s15_T1_test,28,165,33.5,0.25979724526405334,0.8457038288325497
UBFC_PHYS_s15_T1_test,28,166,33.53333333333333,0.21959106624126434,0.5177747528630048
UBFC_PHYS_s15_T1_test,28,167,33.56666666666667,0.1784772425889969,0.11850293193952002
UBFC_PHYS_s15_T1_test,28,168,33.6,0.18019595742225647,-0.33159398484813773
UBFC_PHYS_s15_T1_test,28,169,33.63333333333333,0.21117132902145386,-0.7922365155934549
UBFC_PHYS_s15_T1_test,28,170,33.666666666666664,0.22436097264289856,-1.2081898285107617
UBFC_PHYS_s15_T1_test,28,171,33.7,0.19763408601284027,-1.5194851291305351
UBFC_PHYS_s15_T1_test,28,172,33.733333333333334,0.13846418261528015,-1.6733668405824118
UBFC_PHYS_s15_T1_test,28,173,33.766666666666666,0.06869234889745712,-1.63553329539038
UBFC_PHYS_s15_T1_test,28,174,33.8,0.01265086978673935,-1.3992108685784068
UBFC_PHYS_s15_T1_test,28,175,33.833333333333336,-0.021858474239706993,-0.9903436455587089
UBFC_PHYS_s15_T1_test,28,176,33.86666666666667,-0.049357809126377106,-0.4664008870047244
UBFC_PHYS_s15_T1_test,28,177,33.9,-0.0992196574807167,0.0932491469200756
UBFC_PHYS_s15_T1_test,28,178,33.93333333333333,-0.20104829967021942,0.6046868790099734
UBFC_PHYS_s15_T1_test,28,179,33.96666666666667,-0.329275518655777,0.9997701894440686
UBFC_PHYS_s15_T1_test,28,180,34.0,-0.3936980962753296,1.2418853186246979
UBFC_PHYS_s15_T1_test,28,181,34.03333333333333,-0.3371545374393463,1.330497375093015
UBFC_PHYS_s15_T1_test,28,182,34.06666666666667,-0.20674513280391693,1.2929724096487885
UBFC_PHYS_s15_T1_test,28,183,34.1,-0.066139355301857,1.1681546268942833
UBFC_PHYS_s15_T1_test,28,184,34.13333333333333,0.047932665795087814,0.9893383308219048
UBFC_PHYS_s15_T1_test,28,185,34.166666666666664,0.11515539884567261,0.7735617404212137
UBFC_PHYS_s15_T1_test,28,186,34.2,0.13703513145446777,0.5206968770097947
UBFC_PHYS_s15_T1_test,28,187,34.233333333333334,0.13595370948314667,0.22156602206176942
UBFC_PHYS_s15_T1_test,28,188,34.266666666666666,0.13674546778202057,-0.12895396455054506
UBFC_PHYS_s15_T1_test,28,189,34.3,0.15134483575820923,-0.5194017101164
UBFC_PHYS_s15_T1_test,28,190,34.333333333333336,0.1707720309495926,-0.9150343987450227
UBFC_PHYS_s15_T1_test,28,191,34.36666666666667,0.18027320504188538,-1.2602284163364101
UBFC_PHYS_s15_T1_test,28,192,34.4,0.16953609883785248,-1.490065403278321
UBFC_PHYS_s15_T1_test,28,193,34.43333333333333,0.13421568274497986,-1.5478656666622441
UBFC_PHYS_s15_T1_test,28,194,34.46666666666667,0.07664861530065536,-1.4031251301182974
UBFC_PHYS_s15_T1_test,28,195,34.5,0.004308375529944897,-1.063883755317297
UBFC_PHYS_s15_T1_test,28,196,34.53333333333333,-0.0721258670091629,-0.5791613681961599
UBFC_PHYS_s15_T1_test,28,197,34.56666666666667,-0.1455475389957428,-0.0299632574563795
UBFC_PHYS_s15_T1_test,28,198,34.6,-0.23495899140834808,0.4894670030334936
UBFC_PHYS_s15_T1_test,28,199,34.63333333333333,-0.35405194759368896,0.8954031846957669
UBFC_PHYS_s15_T1_test,28,200,34.666666666666664,-0.44390755891799927,1.1362242306888328
UBFC_PHYS_s15_T1_test,28,201,34.7,-0.4111362397670746,1.2040613737189994
UBFC_PHYS_s15_T1_test,28,202,34.733333333333334,-0.23824191093444824,1.1312293695166975
UBFC_PHYS_s15_T1_test,28,203,34.766666666666666,-0.011604159139096737,0.9722049347629758
UBFC_PHYS_s15_T1_test,28,204,34.8,0.17173759639263153,0.779370836051492
UBFC_PHYS_s15_T1_test,28,205,34.833333333333336,0.287509024143219,0.5841386350114662
UBFC_PHYS_s15_T1_test,28,206,34.86666666666667,0.3446512222290039,0.39108964371507965
UBFC_PHYS_s15_T1_test,28,207,34.9,0.35283923149108887,0.1851273485706984
UBFC_PHYS_s15_T1_test,28,208,34.93333333333333,0.348339706659317,-0.053950251029457476
UBFC_PHYS_s15_T1_test,28,209,34.96666666666667,0.378310889005661,-0.3364286313714743
UBFC_PHYS_s15_T1_test,28,210,35.0,0.44721370935440063,-0.6522970957185134
UBFC_PHYS_s15_T1_test,28,211,35.03333333333333,0.5391163229942322,-0.9678340710014754
UBFC_PHYS_s15_T1_test,28,212,35.06666666666667,0.6409835815429688,-1.2296747607907232
UBFC_PHYS_s15_T1_test,28,213,35.1,0.7034557461738586,-1.3758435191276372
UBFC_PHYS_s15_T1_test,28,214,35.13333333333333,0.6840671300888062,-1.3519181079168325
UBFC_PHYS_s15_T1_test,28,215,35.166666666666664,0.6298022866249084,-1.1285617965625587
UBFC_PHYS_s15_T1_test,28,216,35.2,0.6142953038215637,-0.7148735899121695
UBFC_PHYS_s15_T1_test,28,217,35.233333333333334,0.6292423009872437,-0.16207957971739398
UBFC_PHYS_s15_T1_test,28,218,35.266666666666666,0.6216143369674683,0.4450220512618408
UBFC_PHYS_s15_T1_test,28,219,35.3,0.5973206758499146,1.007064600374076
UBFC_PHYS_s15_T1_test,28,220,35.333333333333336,0.6270021796226501,1.4340459374957752
UBFC_PHYS_s15_T1_test,28,221,35.36666666666667,0.8001861572265625,1.6668931118259702
UBFC_PHYS_s15_T1_test,28,222,35.4,1.1458396911621094,1.6899406500014509
UBFC_PHYS_s15_T1_test,28,223,35.43333333333333,1.556958556175232,1.5303470986844838
UBFC_PHYS_s15_T1_test,28,224,35.46666666666667,1.8639893531799316,1.2447149472744101
UBFC_PHYS_s15_T1_test,28,225,35.5,2.0024516582489014,0.8979240415780461
UBFC_PHYS_s15_T1_test,28,226,35.53333333333333,2.007298707962036,0.5426925911984711
UBFC_PHYS_s15_T1_test,28,227,35.56666666666667,1.9092551469802856,0.20807149555071075
UBFC_PHYS_s15_T1_test,28,228,35.6,1.750612497329712,-0.09979889397780149
UBFC_PHYS_s15_T1_test,28,229,35.63333333333333,1.6077473163604736,-0.3876125102128285
UBFC_PHYS_s15_T1_test,28,230,35.666666666666664,1.489349603652954,-0.6621096386238992
UBFC_PHYS_s15_T1_test,28,231,35.7,1.326188087463379,-0.9207879878209473
UBFC_PHYS_s15_T1_test,28,232,35.733333333333334,1.0766278505325317,-1.1489692946556307
UBFC_PHYS_s15_T1_test,28,233,35.766666666666666,0.7505753636360168,-1.3225354470901574
UBFC_PHYS_s15_T1_test,28,234,35.8,0.38632509112358093,-1.4140960913313165
UBFC_PHYS_s15_T1_test,28,235,35.833333333333336,0.003922148607671261,-1.4004704718481285
UBFC_PHYS_s15_T1_test,28,236,35.86666666666667,-0.46839433908462524,-1.2697727371892427
UBFC_PHYS_s15_T1_test,28,237,35.9,-1.125809907913208,-1.0264375388491354
UBFC_PHYS_s15_T1_test,28,238,35.93333333333333,-1.8989002704620361,-0.6925326134619848
UBFC_PHYS_s15_T1_test,28,239,35.96666666666667,-2.518465757369995,-0.30470335745297117
UBFC_PHYS_s15_T1_test,29,0,29.0,0.2122913897037506,0.07868740219265417
UBFC_PHYS_s15_T1_test,29,1,29.033333333333335,0.11938458681106567,-0.08027163462065011
UBFC_PHYS_s15_T1_test,29,2,29.066666666666666,0.01442751195281744,-0.19535775657685098
UBFC_PHYS_s15_T1_test,29,3,29.1,-0.05096064880490303,-0.22825379298530807
UBFC_PHYS_s15_T1_test,29,4,29.133333333333333,-0.09761682152748108,-0.15227927635544194
UBFC_PHYS_s15_T1_test,29,5,29.166666666666668,-0.19546732306480408,0.04004323411811681
UBFC_PHYS_s15_T1_test,29,6,29.2,-0.32614707946777344,0.3309562218640105
UBFC_PHYS_s15_T1_test,29,7,29.233333333333334,-0.397328644990921,0.6772476099152701
UBFC_PHYS_s15_T1_test,29,8,29.266666666666666,-0.3695589601993561,1.0186054027505678
UBFC_PHYS_s15_T1_test,29,9,29.3,-0.26201415061950684,1.2929045933638763
UBFC_PHYS_s15_T1_test,29,10,29.333333333333332,-0.10219360142946243,1.452131458972494
UBFC_PHYS_s15_T1_test,29,11,29.366666666666667,0.05536752939224243,1.4720541904654945
UBFC_PHYS_s15_T1_test,29,12,29.4,0.1561533510684967,1.353495707568311
UBFC_PHYS_s15_T1_test,29,13,29.433333333333334,0.1941966712474823,1.117886873161367
UBFC_PHYS_s15_T1_test,29,14,29.466666666666665,0.1890019178390503,0.7999705496616291
UBFC_PHYS_s15_T1_test,29,15,29.5,0.15870244801044464,0.4387438999201392
UBFC_PHYS_s15_T1_test,29,16,29.533333333333335,0.12471450865268707,0.06809085636894352
UBFC_PHYS_s15_T1_test,29,17,29.566666666666666,0.10777847468852997,-0.2897946229534181
UBFC_PHYS_s15_T1_test,29,18,29.6,0.11641063541173935,-0.6250068837617451
UBFC_PHYS_s15_T1_test,29,19,29.633333333333333,0.13765309751033783,-0.9337332753556077
UBFC_PHYS_s15_T1_test,29,20,29.666666666666668,0.12645253539085388,-1.2081765743893198
UBFC_PHYS_s15_T1_test,29,21,29.7,0.058360785245895386,-1.428217173451293
UBFC_PHYS_s15_T1_test,29,22,29.733333333333334,-0.031436894088983536,-1.560163494547202
UBFC_PHYS_s15_T1_test,29,23,29.766666666666666,-0.1118299588561058,-1.5646857132232908
UBFC_PHYS_s15_T1_test,29,24,29.8,-0.18206526339054108,-1.4114420727792463
UBFC_PHYS_s15_T1_test,29,25,29.833333333333332,-0.23399342596530914,-1.0944091812784091
UBFC_PHYS_s15_T1_test,29,26,29.866666666666667,-0.2822331190109253,-0.641277490309032
UBFC_PHYS_s15_T1_test,29,27,29.9,-0.3638620972633362,-0.11236167168995265
UBFC_PHYS_s15_T1_test,29,28,29.933333333333334,-0.4541618824005127,0.41178960563135864
UBFC_PHYS_s15_T1_test,29,29,29.966666666666665,-0.46557489037513733,0.8505018711760407
UBFC_PHYS_s15_T1_test,29,30,30.0,-0.35691002011299133,1.1435776286735304
UBFC_PHYS_s15_T1_test,29,31,30.033333333333335,-0.17389656603336334,1.2645316422355675
UBFC_PHYS_s15_T1_test,29,32,30.066666666666666,0.005467054899781942,1.2219827063812716
UBFC_PHYS_s15_T1_test,29,33,30.1,0.14711564779281616,1.0501937399927
UBFC_PHYS_s15_T1_test,29,34,30.133333333333333,0.24857737123966217,0.7941656387703283
UBFC_PHYS_s15_T1_test,29,35,30.166666666666668,0.2961025536060333,0.4958881951741423
UBFC_PHYS_s15_T1_test,29,36,30.2,0.28372398018836975,0.18616920940411888
UBFC_PHYS_s15_T1_test,29,37,30.233333333333334,0.24977467954158783,-0.11694665365369077
UBFC_PHYS_s15_T1_test,29,38,30.266666666666666,0.2390955090522766,-0.40451274650361796
UBFC_PHYS_s15_T1_test,29,39,30.3,0.24282260239124298,-0.6701096873647127
UBFC_PHYS_s15_T1_test,29,40,30.333333333333332,0.229864701628685,-0.9030387630577058
UBFC_PHYS_s15_T1_test,29,41,30.366666666666667,0.20725113153457642,-1.0839265835105987
UBFC_PHYS_s15_T1_test,29,42,30.4,0.1860472857952118,-1.1848978825140293
UBFC_PHYS_s15_T1_test,29,43,30.433333333333334,0.14136087894439697,-1.175187524930722
UBFC_PHYS_s15_T1_test,29,44,30.466666666666665,0.06347828358411789,-1.0310093233308228
UBFC_PHYS_s15_T1_test,29,45,30.5,-0.01596852019429207,-0.7465337472395732
UBFC_PHYS_s15_T1_test,29,46,30.533333333333335,-0.0900660902261734,-0.341902370057846
UBFC_PHYS_s15_T1_test,29,47,30.566666666666666,-0.1875496804714203,0.1354220118003851
UBFC_PHYS_s15_T1_test,29,48,30.6,-0.3032631576061249,0.618007171289118
UBFC_PHYS_s15_T1_test,29,49,30.633333333333333,-0.39634376764297485,1.0334213617846184
UBFC_PHYS_s15_T1_test,29,50,30.666666666666668,-0.4189959466457367,1.3219794744744442
UBFC_PHYS_s15_T1_test,29,51,30.7,-0.3410361111164093,1.4506274566114075
UBFC_PHYS_s15_T1_test,29,52,30.733333333333334,-0.18249011039733887,1.4181851555647864
UBFC_PHYS_s15_T1_test,29,53,30.766666666666666,-0.002933372976258397,1.25103603912461
UBFC_PHYS_s15_T1_test,29,54,30.8,0.13274802267551422,0.9916762414142726
UBFC_PHYS_s15_T1_test,29,55,30.833333333333332,0.18322783708572388,0.6845280518076877
UBFC_PHYS_s15_T1_test,29,56,30.866666666666667,0.1571575403213501,0.36409410660038033
UBFC_PHYS_s15_T1_test,29,57,30.9,0.10841574519872665,0.04944007102874457
UBFC_PHYS_s15_T1_test,29,58,30.933333333333334,0.08025982975959778,-0.25380935465426385
UBFC_PHYS_s15_T1_test,29,59,30.966666666666665,0.07290221750736237,-0.5458841846747821
UBFC_PHYS_s15_T1_test,29,60,31.0,0.06948410719633102,-0.8234813997281679
UBFC_PHYS_s15_T1_test,29,61,31.033333333333335,0.06589220464229584,-1.0725646566506646
UBFC_PHYS_s15_T1_test,29,62,31.066666666666666,0.06380657851696014,-1.266238262195129
UBFC_PHYS_s15_T1_test,29,63,31.1,0.05268325284123421,-1.3687615618346196
UBFC_PHYS_s15_T1_test,29,64,31.133333333333333,0.010294887237250805,-1.3447975620932064
UBFC_PHYS_s15_T1_test,29,65,31.166666666666668,-0.061253584921360016,-1.1712741704326148
UBFC_PHYS_s15_T1_test,29,66,31.2,-0.1252899467945099,-0.8481317621707817
UBFC_PHYS_s15_T1_test,29,67,31.233333333333334,-0.17345240712165833,-0.40413698377581203
UBFC_PHYS_s15_T1_test,29,68,31.266666666666666,-0.25562211871147156,0.10492022284146756
UBFC_PHYS_s15_T1_test,29,69,31.3,-0.38286444544792175,0.6061751717573707
UBFC_PHYS_s15_T1_test,29,70,31.333333333333332,-0.4523079991340637,1.025642513781638
UBFC_PHYS_s15_T1_test,29,71,31.366666666666667,-0.3685547709465027,1.305462947178136
UBFC_PHYS_s15_T1_test,29,72,31.4,-0.17354896664619446,1.4163633105013214
UBFC_PHYS_s15_T1_test,29,73,31.433333333333334,0.019255343824625015,1.3608063693710506
UBFC_PHYS_s15_T1_test,29,74,31.466666666666665,0.15020546317100525,1.1668102478654576
UBFC_PHYS_s15_T1_test,29,75,31.5,0.21547774970531464,0.876476029212644
UBFC_PHYS_s15_T1_test,29,76,31.533333333333335,0.21642400324344635,0.5339477904970672
UBFC_PHYS_s15_T1_test,29,77,31.566666666666666,0.16835811734199524,0.1760624549728086
UBFC_PHYS_s15_T1_test,29,78,31.6,0.11461468786001205,-0.1723504349386875
UBFC_PHYS_s15_T1_test,29,79,31.633333333333333,0.10526800155639648,-0.49764811968234013
UBFC_PHYS_s15_T1_test,29,80,31.666666666666668,0.1395842283964157,-0.7918022393655292
UBFC_PHYS_s15_T1_test,29,81,31.7,0.16252608597278595,-1.0446920804209967
UBFC_PHYS_s15_T1_test,29,82,31.733333333333334,0.14398722350597382,-1.2380037798941759
UBFC_PHYS_s15_T1_test,29,83,31.766666666666666,0.10239061713218689,-1.344152360837612
UBFC_PHYS_s15_T1_test,29,84,31.8,0.046600185334682465,-1.3317366519078921
UBFC_PHYS_s15_T1_test,29,85,31.833333333333332,-0.02562418393790722,-1.1762212219752906
UBFC_PHYS_s15_T1_test,29,86,31.866666666666667,-0.09688298404216766,-0.8719939222067298
UBFC_PHYS_s15_T1_test,29,87,31.9,-0.17210061848163605,-0.4408832281976483
UBFC_PHYS_s15_T1_test,29,88,31.933333333333334,-0.2787184715270996,0.0667858522277293
UBFC_PHYS_s15_T1_test,29,89,31.966666666666665,-0.3756999373435974,0.5800201703700407
UBFC_PHYS_s15_T1_test,29,90,32.0,-0.36038607358932495,1.0223122725919718
UBFC_PHYS_s15_T1_test,29,91,32.03333333333333,-0.21813881397247314,1.3298402060602559
UBFC_PHYS_s15_T1_test,29,92,32.06666666666667,-0.05603952705860138,1.466734530637424
UBFC_PHYS_s15_T1_test,29,93,32.1,0.056854501366615295,1.4317794186989279
UBFC_PHYS_s15_T1_test,29,94,32.13333333333333,0.11415120959281921,1.2538294170244426
UBFC_PHYS_s15_T1_test,29,95,32.166666666666664,0.11785899102687836,0.9779929456463426
UBFC_PHYS_s15_T1_test,29,96,32.2,0.08367794007062912,0.6491423747455028
UBFC_PHYS_s15_T1_test,29,97,32.233333333333334,0.053108103573322296,0.3004169898506782
UBFC_PHYS_s15_T1_test,29,98,32.266666666666666,0.05077143386006355,-0.04916779934043991
UBFC_PHYS_s15_T1_test,29,99,32.3,0.0657183974981308,-0.389183870965474
UBFC_PHYS_s15_T1_test,29,100,32.333333333333336,0.07701552659273148,-0.7088324295088614
UBFC_PHYS_s15_T1_test,29,101,32.36666666666667,0.07218769937753677,-0.9895534474352796
UBFC_PHYS_s15_T1_test,29,102,32.4,0.04254480451345444,-1.2027439500236419
UBFC_PHYS_s15_T1_test,29,103,32.43333333333333,-0.01801552064716816,-1.313787417546768
UBFC_PHYS_s15_T1_test,29,104,32.46666666666667,-0.0969795435667038,-1.2912116241445983
UBFC_PHYS_s15_T1_test,29,105,32.5,-0.17181093990802765,-1.1179087961838923
UBFC_PHYS_s15_T1_test,29,106,32.53333333333333,-0.24849623441696167,-0.8003730014318902
UBFC_PHYS_s15_T1_test,29,107,32.56666666666667,-0.3469453752040863,-0.3722666264508146
UBFC_PHYS_s15_T1_test,29,108,32.6,-0.43958184123039246,0.1096066740837604
UBFC_PHYS_s15_T1_test,29,109,32.63333333333333,-0.45966559648513794,0.5763115115293956
UBFC_PHYS_s15_T1_test,29,110,32.666666666666664,-0.3702348470687866,0.9617606918043671
UBFC_PHYS_s15_T1_test,29,111,32.7,-0.20436984300613403,1.2170430882976042
UBFC_PHYS_s15_T1_test,29,112,32.733333333333334,-0.028501572087407112,1.3192985174589176
UBFC_PHYS_s15_T1_test,29,113,32.766666666666666,0.10739225149154663,1.2723538106859582
UBFC_PHYS_s15_T1_test,29,114,32.8,0.17457635700702667,1.1000739342355863
UBFC_PHYS_s15_T1_test,29,115,32.833333333333336,0.17086859047412872,0.8361971037969074
UBFC_PHYS_s15_T1_test,29,116,32.86666666666667,0.14070428907871246,0.5144660417711275
UBFC_PHYS_s15_T1_test,29,117,32.9,0.12678082287311554,0.16174865040892586
UBFC_PHYS_s15_T1_test,29,118,32.93333333333333,0.12475313246250153,-0.2036815966780192
UBFC_PHYS_s15_T1_test,29,119,32.96666666666667,0.1233627200126648,-0.5678056719576117
UBFC_PHYS_s15_T1_test,29,120,33.0,0.12683875858783722,-0.9127338841326555
UBFC_PHYS_s15_T1_test,29,121,33.03333333333333,0.11222007870674133,-1.209840663597967
UBFC_PHYS_s15_T1_test,29,122,33.06666666666667,0.05254807323217392,-1.4189266247285606
UBFC_PHYS_s15_T1_test,29,123,33.1,-0.03190036490559578,-1.4952257261754653
UBFC_PHYS_s15_T1_test,29,124,33.13333333333333,-0.10904912650585175,-1.4024285491866169
UBFC_PHYS_s15_T1_test,29,125,33.166666666666664,-0.17866645753383636,-1.1271482527307484
UBFC_PHYS_s15_T1_test,29,126,33.2,-0.25963887572288513,-0.6892975879166819
UBFC_PHYS_s15_T1_test,29,127,33.233333333333334,-0.3622206449508667,-0.1437777820040807
UBFC_PHYS_s15_T1_test,29,128,33.266666666666666,-0.4583524465560913,0.4286040687662657
UBFC_PHYS_s15_T1_test,29,129,33.3,-0.4675060212612152,0.9393271819984095
UBFC_PHYS_s15_T1_test,29,130,33.333333333333336,-0.34078505635261536,1.313841170457012
UBFC_PHYS_s15_T1_test,29,131,33.36666666666667,-0.12652587890625,1.509043100141119
UBFC_PHYS_s15_T1_test,29,132,33.4,0.07527750730514526,1.520212493849717
UBFC_PHYS_s15_T1_test,29,133,33.43333333333333,0.20279021561145782,1.3754049613152048
UBFC_PHYS_s15_T1_test,29,134,33.46666666666667,0.25763437151908875,1.1205942594234075
UBFC_PHYS_s15_T1_test,29,135,33.5,0.25979724526405334,0.8025117865233566
UBFC_PHYS_s15_T1_test,29,136,33.53333333333333,0.21959106624126434,0.45634707956372256
UBFC_PHYS_s15_T1_test,29,137,33.56666666666667,0.1784772425889969,0.10230559730246568
UBFC_PHYS_s15_T1_test,29,138,33.6,0.18019595742225647,-0.24971971311289665
UBFC_PHYS_s15_T1_test,29,139,33.63333333333333,0.21117132902145386,-0.5915369346665638
UBFC_PHYS_s15_T1_test,29,140,33.666666666666664,0.22436097264289856,-0.9086720371050151
UBFC_PHYS_s15_T1_test,29,141,33.7,0.19763408601284027,-1.1761217652792626
UBFC_PHYS_s15_T1_test,29,142,33.733333333333334,0.13846418261528015,-1.359472011609885
UBFC_PHYS_s15_T1_test,29,143,33.766666666666666,0.06869234889745712,-1.4216211577410092
UBFC_PHYS_s15_T1_test,29,144,33.8,0.01265086978673935,-1.3335648655009553
UBFC_PHYS_s15_T1_test,29,145,33.833333333333336,-0.021858474239706993,-1.0859077100615429
UBFC_PHYS_s15_T1_test,29,146,33.86666666666667,-0.049357809126377106,-0.6968381483468233
UBFC_PHYS_s15_T1_test,29,147,33.9,-0.0992196574807167,-0.21294649027215326
UBFC_PHYS_s15_T1_test,29,148,33.93333333333333,-0.20104829967021942,0.2984340472904828
UBFC_PHYS_s15_T1_test,29,149,33.96666666666667,-0.329275518655777,0.763580748098655
UBFC_PHYS_s15_T1_test,29,150,34.0,-0.3936980962753296,1.1190387066351948
UBFC_PHYS_s15_T1_test,29,151,34.03333333333333,-0.3371545374393463,1.3251696834266495
UBFC_PHYS_s15_T1_test,29,152,34.06666666666667,-0.20674513280391693,1.3722496793590337
UBFC_PHYS_s15_T1_test,29,153,34.1,-0.066139355301857,1.2775937107785615
UBFC_PHYS_s15_T1_test,29,154,34.13333333333333,0.047932665795087814,1.0756231770319635
UBFC_PHYS_s15_T1_test,29,155,34.166666666666664,0.11515539884567261,0.8051786409320719
UBFC_PHYS_s15_T1_test,29,156,34.2,0.13703513145446777,0.4986897376173104
UBFC_PHYS_s15_T1_test,29,157,34.233333333333334,0.13595370948314667,0.17659560327797588
UBFC_PHYS_s15_T1_test,29,158,34.266666666666666,0.13674546778202057,-0.15143940482595994
UBFC_PHYS_s15_T1_test,29,159,34.3,0.15134483575820923,-0.4794444640066028
UBFC_PHYS_s15_T1_test,29,160,34.333333333333336,0.1707720309495926,-0.7958921026400704
UBFC_PHYS_s15_T1_test,29,161,34.36666666666667,0.18027320504188538,-1.0772519465990351
UBFC_PHYS_s15_T1_test,29,162,34.4,0.16953609883785248,-1.2878676489799499
UBFC_PHYS_s15_T1_test,29,163,34.43333333333333,0.13421568274497986,-1.38667165480106
UBFC_PHYS_s15_T1_test,29,164,34.46666666666667,0.07664861530065536,-1.3386064047284425
UBFC_PHYS_s15_T1_test,29,165,34.5,0.004308375529944897,-1.1270738492988563
UBFC_PHYS_s15_T1_test,29,166,34.53333333333333,-0.0721258670091629,-0.763295430691423
UBFC_PHYS_s15_T1_test,29,167,34.56666666666667,-0.1455475389957428,-0.2891067099250002
UBFC_PHYS_s15_T1_test,29,168,34.6,-0.23495899140834808,0.22865291289016473
UBFC_PHYS_s15_T1_test,29,169,34.63333333333333,-0.35405194759368896,0.7116420601646516
UBFC_PHYS_s15_T1_test,29,170,34.666666666666664,-0.44390755891799927,1.088253266349843
UBFC_PHYS_s15_T1_test,29,171,34.7,-0.4111362397670746,1.3110237240586295
UBFC_PHYS_s15_T1_test,29,172,34.733333333333334,-0.23824191093444824,1.366647236865492
UBFC_PHYS_s15_T1_test,29,173,34.766666666666666,-0.011604159139096737,1.2742776239739901
UBFC_PHYS_s15_T1_test,29,174,34.8,0.17173759639263153,1.0733947509963864
UBFC_PHYS_s15_T1_test,29,175,34.833333333333336,0.287509024143219,0.8076009442246562
UBFC_PHYS_s15_T1_test,29,176,34.86666666666667,0.3446512222290039,0.511619668807491
UBFC_PHYS_s15_T1_test,29,177,34.9,0.35283923149108887,0.20580439258847782
UBFC_PHYS_s15_T1_test,29,178,34.93333333333333,0.348339706659317,-0.10172154730020436
UBFC_PHYS_s15_T1_test,29,179,34.96666666666667,0.378310889005661,-0.40812697889027905
UBFC_PHYS_s15_T1_test,29,180,35.0,0.44721370935440063,-0.7076594651566224
UBFC_PHYS_s15_T1_test,29,181,35.03333333333333,0.5391163229942322,-0.9851066641644538
UBFC_PHYS_s15_T1_test,29,182,35.06666666666667,0.6409835815429688,-1.2132931199476713
UBFC_PHYS_s15_T1_test,29,183,35.1,0.7034557461738586,-1.3560819434524796
UBFC_PHYS_s15_T1_test,29,184,35.13333333333333,0.6840671300888062,-1.3765892603084644
UBFC_PHYS_s15_T1_test,29,185,35.166666666666664,0.6298022866249084,-1.2482716027124396
UBFC_PHYS_s15_T1_test,29,186,35.2,0.6142953038215637,-0.9652681030347685
UBFC_PHYS_s15_T1_test,29,187,35.233333333333334,0.6292423009872437,-0.5484926132130198
UBFC_PHYS_s15_T1_test,29,188,35.266666666666666,0.6216143369674683,-0.045365699463906374
UBFC_PHYS_s15_T1_test,29,189,35.3,0.5973206758499146,0.477161614412203
UBFC_PHYS_s15_T1_test,29,190,35.333333333333336,0.6270021796226501,0.9452114641763287
UBFC_PHYS_s15_T1_test,29,191,35.36666666666667,0.8001861572265625,1.2936614714850154
UBFC_PHYS_s15_T1_test,29,192,35.4,1.1458396911621094,1.4806533329500438
UBFC_PHYS_s15_T1_test,29,193,35.43333333333333,1.556958556175232,1.4958633900039924
UBFC_PHYS_s15_T1_test,29,194,35.46666666666667,1.8639893531799316,1.358936483819606
UBFC_PHYS_s15_T1_test,29,195,35.5,2.0024516582489014,1.10855180299437
UBFC_PHYS_s15_T1_test,29,196,35.53333333333333,2.007298707962036,0.7875654201941275
UBFC_PHYS_s15_T1_test,29,197,35.56666666666667,1.9092551469802856,0.4316751171225555
UBFC_PHYS_s15_T1_test,29,198,35.6,1.750612497329712,0.06593942460694573
UBFC_PHYS_s15_T1_test,29,199,35.63333333333333,1.6077473163604736,-0.29179877732772447
UBFC_PHYS_s15_T1_test,29,200,35.666666666666664,1.489349603652954,-0.6247922122795253
UBFC_PHYS_s15_T1_test,29,201,35.7,1.326188087463379,-0.9128374858501663
UBFC_PHYS_s15_T1_test,29,202,35.733333333333334,1.0766278505325317,-1.1315174618103685
UBFC_PHYS_s15_T1_test,29,203,35.766666666666666,0.7505753636360168,-1.255128902251628
UBFC_PHYS_s15_T1_test,29,204,35.8,0.38632509112358093,-1.2618939724714935
UBFC_PHYS_s15_T1_test,29,205,35.833333333333336,0.003922148607671261,-1.1398080300278648
UBFC_PHYS_s15_T1_test,29,206,35.86666666666667,-0.46839433908462524,-0.8916493098308578
UBFC_PHYS_s15_T1_test,29,207,35.9,-1.125809907913208,-0.5379320851713161
UBFC_PHYS_s15_T1_test,29,208,35.93333333333333,-1.8989002704620361,-0.11685579397216261
UBFC_PHYS_s15_T1_test,29,209,35.96666666666667,-2.518465757369995,0.31939084293375253
UBFC_PHYS_s15_T1_test,29,210,36.0,-2.69773268699646,0.7121201840474963
UBFC_PHYS_s15_T1_test,29,211,36.03333333333333,-2.3386964797973633,1.0066616357979903
UBFC_PHYS_s15_T1_test,29,212,36.06666666666667,-1.6416734457015991,1.163791017318109
UBFC_PHYS_s15_T1_test,29,213,36.1,-0.8827188611030579,1.1686886762590833
UBFC_PHYS_s15_T1_test,29,214,36.13333333333333,-0.25857675075531006,1.0337545519384042
UBFC_PHYS_s15_T1_test,29,215,36.166666666666664,0.1682615578174591,0.7933227014415577
UBFC_PHYS_s15_T1_test,29,216,36.2,0.4597274363040924,0.4918882914246531
UBFC_PHYS_s15_T1_test,29,217,36.233333333333334,0.7624518275260925,0.1707081129941282
UBFC_PHYS_s15_T1_test,29,218,36.266666666666666,1.189019799232483,-0.14165559647362236
UBFC_PHYS_s15_T1_test,29,219,36.3,1.6550793647766113,-0.43130750878369295
UBFC_PHYS_s15_T1_test,29,220,36.333333333333336,1.8714241981506348,-0.6935138631964131
UBFC_PHYS_s15_T1_test,29,221,36.36666666666667,1.5987675189971924,-0.9231919491944431
UBFC_PHYS_s15_T1_test,29,222,36.4,0.9484585523605347,-1.1067341292165416
UBFC_PHYS_s15_T1_test,29,223,36.43333333333333,0.3191989064216614,-1.219755157889093
UBFC_PHYS_s15_T1_test,29,224,36.46666666666667,0.017324211075901985,-1.2322183645257845
UBFC_PHYS_s15_T1_test,29,225,36.5,0.06861510127782822,-1.1187553009760365
UBFC_PHYS_s15_T1_test,29,226,36.53333333333333,0.3634411692619324,-0.8698565951803235
UBFC_PHYS_s15_T1_test,29,227,36.56666666666667,0.7538389563560486,-0.4996128192270973
UBFC_PHYS_s15_T1_test,29,228,36.6,1.0533190965652466,-0.04728354846770397
UBFC_PHYS_s15_T1_test,29,229,36.63333333333333,1.0751022100448608,0.4279570475030206
UBFC_PHYS_s15_T1_test,29,230,36.666666666666664,0.7795616388320923,0.8581004915408128
UBFC_PHYS_s15_T1_test,29,231,36.7,0.34188970923423767,1.1810028470466998
UBFC_PHYS_s15_T1_test,29,232,36.733333333333334,-0.05590434744954109,1.3553679566766377
UBFC_PHYS_s15_T1_test,29,233,36.766666666666666,-0.5185651779174805,1.3715504635989026
UBFC_PHYS_s15_T1_test,29,234,36.8,-1.2712241411209106,1.2534087266266025
UBFC_PHYS_s15_T1_test,29,235,36.833333333333336,-2.131234884262085,1.048843805994357
UBFC_PHYS_s15_T1_test,29,236,36.86666666666667,-2.5947840213775635,0.8119618255978424
UBFC_PHYS_s15_T1_test,29,237,36.9,-2.4114229679107666,0.5843148456529377
UBFC_PHYS_s15_T1_test,29,238,36.93333333333333,-1.7834571599960327,0.38289746638528904
UBFC_PHYS_s15_T1_test,29,239,36.96666666666667,-1.06837797164917,0.19919166405399918
UBFC_PHYS_s15_T1_test,30,0,30.0,-0.35691002011299133,-0.11980959159949336
UBFC_PHYS_s15_T1_test,30,1,30.033333333333335,-0.17389656603336334,0.20874580897811537
UBFC_PHYS_s15_T1_test,30,2,30.066666666666666,0.005467054899781942,0.473681847651278
UBFC_PHYS_s15_T1_test,30,3,30.1,0.14711564779281616,0.6256161060207955
UBFC_PHYS_s15_T1_test,30,4,30.133333333333333,0.24857737123966217,0.6421825307194209
UBFC_PHYS_s15_T1_test,30,5,30.166666666666668,0.2961025536060333,0.5298252356164205
UBFC_PHYS_s15_T1_test,30,6,30.2,0.28372398018836975,0.31671725303235226
UBFC_PHYS_s15_T1_test,30,7,30.233333333333334,0.24977467954158783,0.04122662842072987
UBFC_PHYS_s15_T1_test,30,8,30.266666666666666,0.2390955090522766,-0.2586728990579902
UBFC_PHYS_s15_T1_test,30,9,30.3,0.24282260239124298,-0.5514591137799191
UBFC_PHYS_s15_T1_test,30,10,30.333333333333332,0.229864701628685,-0.8124778564424858
UBFC_PHYS_s15_T1_test,30,11,30.366666666666667,0.20725113153457642,-1.0201132676125133
UBFC_PHYS_s15_T1_test,30,12,30.4,0.1860472857952118,-1.15131505363535
UBFC_PHYS_s15_T1_test,30,13,30.433333333333334,0.14136087894439697,-1.1806840799233285
UBFC_PHYS_s15_T1_test,30,14,30.466666666666665,0.06347828358411789,-1.0854124169136836
UBFC_PHYS_s15_T1_test,30,15,30.5,-0.01596852019429207,-0.8548772529863534
UBFC_PHYS_s15_T1_test,30,16,30.533333333333335,-0.0900660902261734,-0.5004875077381228
UBFC_PHYS_s15_T1_test,30,17,30.566666666666666,-0.1875496804714203,-0.06016911830180815
UBFC_PHYS_s15_T1_test,30,18,30.6,-0.3032631576061249,0.406444283953579
UBFC_PHYS_s15_T1_test,30,19,30.633333333333333,-0.39634376764297485,0.8317527321347228
UBFC_PHYS_s15_T1_test,30,20,30.666666666666668,-0.4189959466457367,1.157545691395485
UBFC_PHYS_s15_T1_test,30,21,30.7,-0.3410361111164093,1.3485640282172349
UBFC_PHYS_s15_T1_test,30,22,30.733333333333334,-0.18249011039733887,1.3974307307201517
UBFC_PHYS_s15_T1_test,30,23,30.766666666666666,-0.002933372976258397,1.3207144611087993
UBFC_PHYS_s15_T1_test,30,24,30.8,0.13274802267551422,1.1490397736985116
UBFC_PHYS_s15_T1_test,30,25,30.833333333333332,0.18322783708572388,0.9153151134202607
UBFC_PHYS_s15_T1_test,30,26,30.866666666666667,0.1571575403213501,0.6451648997995603
UBFC_PHYS_s15_T1_test,30,27,30.9,0.10841574519872665,0.3526966503429743
UBFC_PHYS_s15_T1_test,30,28,30.933333333333334,0.08025982975959778,0.0427558154950521
UBFC_PHYS_s15_T1_test,30,29,30.966666666666665,0.07290221750736237,-0.281762958293426
UBFC_PHYS_s15_T1_test,30,30,31.0,0.06948410719633102,-0.6112203755776682
UBFC_PHYS_s15_T1_test,30,31,31.033333333333335,0.06589220464229584,-0.9233944836492651
UBFC_PHYS_s15_T1_test,30,32,31.066666666666666,0.06380657851696014,-1.1831661962639515
UBFC_PHYS_s15_T1_test,30,33,31.1,0.05268325284123421,-1.3480264582792827
UBFC_PHYS_s15_T1_test,30,34,31.133333333333333,0.010294887237250805,-1.37802463293148
UBFC_PHYS_s15_T1_test,30,35,31.166666666666668,-0.061253584921360016,-1.247728518567516
UBFC_PHYS_s15_T1_test,30,36,31.2,-0.1252899467945099,-0.95685753333881
UBFC_PHYS_s15_T1_test,30,37,31.233333333333334,-0.17345240712165833,-0.5358320483522403
UBFC_PHYS_s15_T1_test,30,38,31.266666666666666,-0.25562211871147156,-0.04323640587499953
UBFC_PHYS_s15_T1_test,30,39,31.3,-0.38286444544792175,0.44561373641129265
UBFC_PHYS_s15_T1_test,30,40,31.333333333333332,-0.4523079991340637,0.8565360363750423
UBFC_PHYS_s15_T1_test,30,41,31.366666666666667,-0.3685547709465027,1.134981878144137
UBFC_PHYS_s15_T1_test,30,42,31.4,-0.17354896664619446,1.2577938149329475
UBFC_PHYS_s15_T1_test,30,43,31.433333333333334,0.019255343824625015,1.2333082259678811
UBFC_PHYS_s15_T1_test,30,44,31.466666666666665,0.15020546317100525,1.0911574579456167
UBFC_PHYS_s15_T1_test,30,45,31.5,0.21547774970531464,0.8682490872582361
UBFC_PHYS_s15_T1_test,30,46,31.533333333333335,0.21642400324344635,0.5972847907583165
UBFC_PHYS_s15_T1_test,30,47,31.566666666666666,0.16835811734199524,0.3007901319749061
UBFC_PHYS_s15_T1_test,30,48,31.6,0.11461468786001205,-0.009168500382709733
UBFC_PHYS_s15_T1_test,30,49,31.633333333333333,0.10526800155639648,-0.3266140798892855
UBFC_PHYS_s15_T1_test,30,50,31.666666666666668,0.1395842283964157,-0.6442263752537166
UBFC_PHYS_s15_T1_test,30,51,31.7,0.16252608597278595,-0.9453647541441842
UBFC_PHYS_s15_T1_test,30,52,31.733333333333334,0.14398722350597382,-1.1993277589867384
UBFC_PHYS_s15_T1_test,30,53,31.766666666666666,0.10239061713218689,-1.363500858163015
UBFC_PHYS_s15_T1_test,30,54,31.8,0.046600185334682465,-1.393318187049231
UBFC_PHYS_s15_T1_test,30,55,31.833333333333332,-0.02562418393790722,-1.2570664129760103
UBFC_PHYS_s15_T1_test,30,56,31.866666666666667,-0.09688298404216766,-0.9498850249705094
UBFC_PHYS_s15_T1_test,30,57,31.9,-0.17210061848163605,-0.5011905888450046
UBFC_PHYS_s15_T1_test,30,58,31.933333333333334,-0.2787184715270996,0.02788216251927798
UBFC_PHYS_s15_T1_test,30,59,31.966666666666665,-0.3756999373435974,0.5568700666916678
UBFC_PHYS_s15_T1_test,30,60,32.0,-0.36038607358932495,1.0047934999370156
UBFC_PHYS_s15_T1_test,30,61,32.03333333333333,-0.21813881397247314,1.3097152629687256
UBFC_PHYS_s15_T1_test,30,62,32.06666666666667,-0.05603952705860138,1.4425568633900745
UBFC_PHYS_s15_T1_test,30,63,32.1,0.056854501366615295,1.4101468334274092
UBFC_PHYS_s15_T1_test,30,64,32.13333333333333,0.11415120959281921,1.246431104002873
UBFC_PHYS_s15_T1_test,30,65,32.166666666666664,0.11785899102687836,0.9959036070184896
UBFC_PHYS_s15_T1_test,30,66,32.2,0.08367794007062912,0.6971306967066394
UBFC_PHYS_s15_T1_test,30,67,32.233333333333334,0.053108103573322296,0.3739494523011356
UBFC_PHYS_s15_T1_test,30,68,32.266666666666666,0.05077143386006355,0.0370260159523936
UBFC_PHYS_s15_T1_test,30,69,32.3,0.0657183974981308,-0.3073667658927183
UBFC_PHYS_s15_T1_test,30,70,32.333333333333336,0.07701552659273148,-0.6472422170802368
UBFC_PHYS_s15_T1_test,30,71,32.36666666666667,0.07218769937753677,-0.9585578384357284
UBFC_PHYS_s15_T1_test,30,72,32.4,0.04254480451345444,-1.2051414225306378
UBFC_PHYS_s15_T1_test,30,73,32.43333333333333,-0.01801552064716816,-1.344850028460209
UBFC_PHYS_s15_T1_test,30,74,32.46666666666667,-0.0969795435667038,-1.3403546291887902
UBFC_PHYS_s15_T1_test,30,75,32.5,-0.17181093990802765,-1.171776961670126
UBFC_PHYS_s15_T1_test,30,76,32.53333333333333,-0.24849623441696167,-0.8471233573854422
UBFC_PHYS_s15_T1_test,30,77,32.56666666666667,-0.3469453752040863,-0.4060231221050891
UBFC_PHYS_s15_T1_test,30,78,32.6,-0.43958184123039246,0.08612837216193764
UBFC_PHYS_s15_T1_test,30,79,32.63333333333333,-0.45966559648513794,0.5529710698399529
UBFC_PHYS_s15_T1_test,30,80,32.666666666666664,-0.3702348470687866,0.9261630373563218
UBFC_PHYS_s15_T1_test,30,81,32.7,-0.20436984300613403,1.1614090829821047
UBFC_PHYS_s15_T1_test,30,82,32.733333333333334,-0.028501572087407112,1.2454703182934552
UBFC_PHYS_s15_T1_test,30,83,32.766666666666666,0.10739225149154663,1.1923207830567544
UBFC_PHYS_s15_T1_test,30,84,32.8,0.17457635700702667,1.031815466126466
UBFC_PHYS_s15_T1_test,30,85,32.833333333333336,0.17086859047412872,0.797030006756175
UBFC_PHYS_s15_T1_test,30,86,32.86666666666667,0.14070428907871246,0.5151788288865518
UBFC_PHYS_s15_T1_test,30,87,32.9,0.12678082287311554,0.2040383884515701
UBFC_PHYS_s15_T1_test,30,88,32.93333333333333,0.12475313246250153,-0.12611098912391333
UBFC_PHYS_s15_T1_test,30,89,32.96666666666667,0.1233627200126648,-0.46614133968626137
UBFC_PHYS_s15_T1_test,30,90,33.0,0.12683875858783722,-0.7999496884778718
UBFC_PHYS_s15_T1_test,30,91,33.03333333333333,0.11222007870674133,-1.098475526827796
UBFC_PHYS_s15_T1_test,30,92,33.06666666666667,0.05254807323217392,-1.319667505053558
UBFC_PHYS_s15_T1_test,30,93,33.1,-0.03190036490559578,-1.4161531398559333
UBFC_PHYS_s15_T1_test,30,94,33.13333333333333,-0.10904912650585175,-1.3489766866969803
UBFC_PHYS_s15_T1_test,30,95,33.166666666666664,-0.17866645753383636,-1.1026852740782915
UBFC_PHYS_s15_T1_test,30,96,33.2,-0.25963887572288513,-0.6958384782896785
UBFC_PHYS_s15_T1_test,30,97,33.233333333333334,-0.3622206449508667,-0.18207894876250008
UBFC_PHYS_s15_T1_test,30,98,33.266666666666666,-0.4583524465560913,0.36013307502028613
UBFC_PHYS_s15_T1_test,30,99,33.3,-0.4675060212612152,0.8466928718676717
UBFC_PHYS_s15_T1_test,30,100,33.333333333333336,-0.34078505635261536,1.209235969021712
UBFC_PHYS_s15_T1_test,30,101,33.36666666666667,-0.12652587890625,1.4105056696437301
UBFC_PHYS_s15_T1_test,30,102,33.4,0.07527750730514526,1.4482207618706242
UBFC_PHYS_s15_T1_test,30,103,33.43333333333333,0.20279021561145782,1.3472929073496824
UBFC_PHYS_s15_T1_test,30,104,33.46666666666667,0.25763437151908875,1.1451028256618994
UBFC_PHYS_s15_T1_test,30,105,33.5,0.25979724526405334,0.8768099309689141
UBFC_PHYS_s15_T1_test,30,106,33.53333333333333,0.21959106624126434,0.5666413000988821
UBFC_PHYS_s15_T1_test,30,107,33.56666666666667,0.1784772425889969,0.22752352630097886
UBFC_PHYS_s15_T1_test,30,108,33.6,0.18019595742225647,-0.13282408695307404
UBFC_PHYS_s15_T1_test,30,109,33.63333333333333,0.21117132902145386,-0.5036926241249245
UBFC_PHYS_s15_T1_test,30,110,33.666666666666664,0.22436097264289856,-0.8650099306160054
UBFC_PHYS_s15_T1_test,30,111,33.7,0.19763408601284027,-1.1848751054607387
UBFC_PHYS_s15_T1_test,30,112,33.733333333333334,0.13846418261528015,-1.4217700473402872
UBFC_PHYS_s15_T1_test,30,113,33.766666666666666,0.06869234889745712,-1.531545688416384
UBFC_PHYS_s15_T1_test,30,114,33.8,0.01265086978673935,-1.4784024513655478
UBFC_PHYS_s15_T1_test,30,115,33.833333333333336,-0.021858474239706993,-1.2474787140123684
UBFC_PHYS_s15_T1_test,30,116,33.86666666666667,-0.049357809126377106,-0.8547563322195886
UBFC_PHYS_s15_T1_test,30,117,33.9,-0.0992196574807167,-0.34935210046058157
UBFC_PHYS_s15_T1_test,30,118,33.93333333333333,-0.20104829967021942,0.1947569096721402
UBFC_PHYS_s15_T1_test,30,119,33.96666666666667,-0.329275518655777,0.6961664757453794
UBFC_PHYS_s15_T1_test,30,120,34.0,-0.3936980962753296,1.0864715486419734
UBFC_PHYS_s15_T1_test,30,121,34.03333333333333,-0.3371545374393463,1.3255763049934444
UBFC_PHYS_s15_T1_test,30,122,34.06666666666667,-0.20674513280391693,1.4063919600288481
UBFC_PHYS_s15_T1_test,30,123,34.1,-0.066139355301857,1.3486363885725678
UBFC_PHYS_s15_T1_test,30,124,34.13333333333333,0.047932665795087814,1.1859236191150397
UBFC_PHYS_s15_T1_test,30,125,34.166666666666664,0.11515539884567261,0.952131640299125
UBFC_PHYS_s15_T1_test,30,126,34.2,0.13703513145446777,0.6720137042680608
UBFC_PHYS_s15_T1_test,30,127,34.233333333333334,0.13595370948314667,0.35854848020024416
UBFC_PHYS_s15_T1_test,30,128,34.266666666666666,0.13674546778202057,0.01706713063385847
UBFC_PHYS_s15_T1_test,30,129,34.3,0.15134483575820923,-0.34602348974984626
UBFC_PHYS_s15_T1_test,30,130,34.333333333333336,0.1707720309495926,-0.714009021062526
UBFC_PHYS_s15_T1_test,30,131,34.36666666666667,0.18027320504188538,-1.0547492738112818
UBFC_PHYS_s15_T1_test,30,132,34.4,0.16953609883785248,-1.3226866229296348
UBFC_PHYS_s15_T1_test,30,133,34.43333333333333,0.13421568274497986,-1.468041089068938
UBFC_PHYS_s15_T1_test,30,134,34.46666666666667,0.07664861530065536,-1.4504209113157904
UBFC_PHYS_s15_T1_test,30,135,34.5,0.004308375529944897,-1.2523971840833488
UBFC_PHYS_s15_T1_test,30,136,34.53333333333333,-0.0721258670091629,-0.8884618334608765
UBFC_PHYS_s15_T1_test,30,137,34.56666666666667,-0.1455475389957428,-0.405990331450963
UBFC_PHYS_s15_T1_test,30,138,34.6,-0.23495899140834808,0.12305812072944815
UBFC_PHYS_s15_T1_test,30,139,34.63333333333333,-0.35405194759368896,0.6182099961506773
UBFC_PHYS_s15_T1_test,30,140,34.666666666666664,-0.44390755891799927,1.009891781305965
UBFC_PHYS_s15_T1_test,30,141,34.7,-0.4111362397670746,1.2556918658127467
UBFC_PHYS_s15_T1_test,30,142,34.733333333333334,-0.23824191093444824,1.3471345272242357
UBFC_PHYS_s15_T1_test,30,143,34.766666666666666,-0.011604159139096737,1.304245694538078
UBFC_PHYS_s15_T1_test,30,144,34.8,0.17173759639263153,1.1613168620823688
UBFC_PHYS_s15_T1_test,30,145,34.833333333333336,0.287509024143219,0.9515649774001335
UBFC_PHYS_s15_T1_test,30,146,34.86666666666667,0.3446512222290039,0.6974873663708783
UBFC_PHYS_s15_T1_test,30,147,34.9,0.35283923149108887,0.4093341919209338
UBFC_PHYS_s15_T1_test,30,148,34.93333333333333,0.348339706659317,0.0900075645035098
UBFC_PHYS_s15_T1_test,30,149,34.96666666666667,0.378310889005661,-0.2571077407309745
UBFC_PHYS_s15_T1_test,30,150,35.0,0.44721370935440063,-0.620438377347765
UBFC_PHYS_s15_T1_test,30,151,35.03333333333333,0.5391163229942322,-0.9747373850379365
UBFC_PHYS_s15_T1_test,30,152,35.06666666666667,0.6409835815429688,-1.2797796311558256
UBFC_PHYS_s15_T1_test,30,153,35.1,0.7034557461738586,-1.485092145926717
UBFC_PHYS_s15_T1_test,30,154,35.13333333333333,0.6840671300888062,-1.5411425628888262
UBFC_PHYS_s15_T1_test,30,155,35.166666666666664,0.6298022866249084,-1.4146087921280952
UBFC_PHYS_s15_T1_test,30,156,35.2,0.6142953038215637,-1.1024781385511957
UBFC_PHYS_s15_T1_test,30,157,35.233333333333334,0.6292423009872437,-0.6388605279676348
UBFC_PHYS_s15_T1_test,30,158,35.266666666666666,0.6216143369674683,-0.09072960237948888
UBFC_PHYS_s15_T1_test,30,159,35.3,0.5973206758499146,0.45684699021475395
UBFC_PHYS_s15_T1_test,30,160,35.333333333333336,0.6270021796226501,0.9213153234293877
UBFC_PHYS_s15_T1_test,30,161,35.36666666666667,0.8001861572265625,1.242245270192181
UBFC_PHYS_s15_T1_test,30,162,35.4,1.1458396911621094,1.39358670189737
UBFC_PHYS_s15_T1_test,30,163,35.43333333333333,1.556958556175232,1.3848511580617493
UBFC_PHYS_s15_T1_test,30,164,35.46666666666667,1.8639893531799316,1.2512729364068444
UBFC_PHYS_s15_T1_test,30,165,35.5,2.0024516582489014,1.0370452977633435
UBFC_PHYS_s15_T1_test,30,166,35.53333333333333,2.007298707962036,0.7787579541836249
UBFC_PHYS_s15_T1_test,30,167,35.56666666666667,1.9092551469802856,0.4961319451786137
UBFC_PHYS_s15_T1_test,30,168,35.6,1.750612497329712,0.19330563111887045
UBFC_PHYS_s15_T1_test,30,169,35.63333333333333,1.6077473163604736,-0.1314536558913368
UBFC_PHYS_s15_T1_test,30,170,35.666666666666664,1.489349603652954,-0.4734520778233311
UBFC_PHYS_s15_T1_test,30,171,35.7,1.326188087463379,-0.8128647728881802
UBFC_PHYS_s15_T1_test,30,172,35.733333333333334,1.0766278505325317,-1.1131360000086141
UBFC_PHYS_s15_T1_test,30,173,35.766666666666666,0.7505753636360168,-1.326629654812032
UBFC_PHYS_s15_T1_test,30,174,35.8,0.38632509112358093,-1.4056385114838452
UBFC_PHYS_s15_T1_test,30,175,35.833333333333336,0.003922148607671261,-1.315916180238852
UBFC_PHYS_s15_T1_test,30,176,35.86666666666667,-0.46839433908462524,-1.049131375275889
UBFC_PHYS_s15_T1_test,30,177,35.9,-1.125809907913208,-0.6302912773132919
UBFC_PHYS_s15_T1_test,30,178,35.93333333333333,-1.8989002704620361,-0.11692222848987517
UBFC_PHYS_s15_T1_test,30,179,35.96666666666667,-2.518465757369995,0.4112280730835632
UBFC_PHYS_s15_T1_test,30,180,36.0,-2.69773268699646,0.8702746074253409
UBFC_PHYS_s15_T1_test,30,181,36.03333333333333,-2.3386964797973633,1.192995912673744
UBFC_PHYS_s15_T1_test,30,182,36.06666666666667,-1.6416734457015991,1.3448549338161178
UBFC_PHYS_s15_T1_test,30,183,36.1,-0.8827188611030579,1.3287952410522197
UBFC_PHYS_s15_T1_test,30,184,36.13333333333333,-0.25857675075531006,1.1775706704351034
UBFC_PHYS_s15_T1_test,30,185,36.166666666666664,0.1682615578174591,0.938129410053992
UBFC_PHYS_s15_T1_test,30,186,36.2,0.4597274363040924,0.6550042301414561
UBFC_PHYS_s15_T1_test,30,187,36.233333333333334,0.7624518275260925,0.3586177082240421
UBFC_PHYS_s15_T1_test,30,188,36.266666666666666,1.189019799232483,0.061705465959974344
UBFC_PHYS_s15_T1_test,30,189,36.3,1.6550793647766113,-0.23598953709642165
UBFC_PHYS_s15_T1_test,30,190,36.333333333333336,1.8714241981506348,-0.5372769841033963
UBFC_PHYS_s15_T1_test,30,191,36.36666666666667,1.5987675189971924,-0.8357926955495311
UBFC_PHYS_s15_T1_test,30,192,36.4,0.9484585523605347,-1.1082157097478167
UBFC_PHYS_s15_T1_test,30,193,36.43333333333333,0.3191989064216614,-1.3145260601145836
UBFC_PHYS_s15_T1_test,30,194,36.46666666666667,0.017324211075901985,-1.4072329497524596
UBFC_PHYS_s15_T1_test,30,195,36.5,0.06861510127782822,-1.3466097022606334
UBFC_PHYS_s15_T1_test,30,196,36.53333333333333,0.3634411692619324,-1.1162126767994316
UBFC_PHYS_s15_T1_test,30,197,36.56666666666667,0.7538389563560486,-0.7326460189846206
UBFC_PHYS_s15_T1_test,30,198,36.6,1.0533190965652466,-0.24578348316287937
UBFC_PHYS_s15_T1_test,30,199,36.63333333333333,1.0751022100448608,0.2708835646141449
UBFC_PHYS_s15_T1_test,30,200,36.666666666666664,0.7795616388320923,0.7370295216933245
UBFC_PHYS_s15_T1_test,30,201,36.7,0.34188970923423767,1.084584910236687
UBFC_PHYS_s15_T1_test,30,202,36.733333333333334,-0.05590434744954109,1.273387819807433
UBFC_PHYS_s15_T1_test,30,203,36.766666666666666,-0.5185651779174805,1.2982848019197624
UBFC_PHYS_s15_T1_test,30,204,36.8,-1.2712241411209106,1.185087277480043
UBFC_PHYS_s15_T1_test,30,205,36.833333333333336,-2.131234884262085,0.9770027811392816
UBFC_PHYS_s15_T1_test,30,206,36.86666666666667,-2.5947840213775635,0.7175869143626026
UBFC_PHYS_s15_T1_test,30,207,36.9,-2.4114229679107666,0.43784437100193635
UBFC_PHYS_s15_T1_test,30,208,36.93333333333333,-1.7834571599960327,0.15223947377660185
UBFC_PHYS_s15_T1_test,30,209,36.96666666666667,-1.06837797164917,-0.13651866152325434
UBFC_PHYS_s15_T1_test,30,210,37.0,-0.5498301982879639,-0.4275872714062755
UBFC_PHYS_s15_T1_test,30,211,37.03333333333333,-0.3909558951854706,-0.7118391818160463
UBFC_PHYS_s15_T1_test,30,212,37.06666666666667,-0.5411787033081055,-0.9656827878931125
UBFC_PHYS_s15_T1_test,30,213,37.1,-0.8648751974105835,-1.1514994992313212
UBFC_PHYS_s15_T1_test,30,214,37.13333333333333,-1.2841434478759766,-1.2253320542863633
UBFC_PHYS_s15_T1_test,30,215,37.166666666666664,-1.6714321374893188,-1.1500950708865798
UBFC_PHYS_s15_T1_test,30,216,37.2,-1.70549738407135,-0.9101418283416631
UBFC_PHYS_s15_T1_test,30,217,37.233333333333334,-1.1735281944274902,-0.5215769194391748
UBFC_PHYS_s15_T1_test,30,218,37.266666666666666,-0.4594918191432953,-0.03342395426681237
UBFC_PHYS_s15_T1_test,30,219,37.3,-0.27557072043418884,0.4819555281703384
UBFC_PHYS_s15_T1_test,30,220,37.333333333333336,-0.7398536801338196,0.9460577347315696
UBFC_PHYS_s15_T1_test,30,221,37.36666666666667,-1.3480446338653564,1.2925940845596378
UBFC_PHYS_s15_T1_test,30,222,37.4,-1.6475054025650024,1.4808054696246205
UBFC_PHYS_s15_T1_test,30,223,37.43333333333333,-1.4937100410461426,1.5005093545013044
UBFC_PHYS_s15_T1_test,30,224,37.46666666666667,-0.8716341853141785,1.3690749796549107
UBFC_PHYS_s15_T1_test,30,225,37.5,0.125680074095726,1.122602718942188
UBFC_PHYS_s15_T1_test,30,226,37.53333333333333,1.2939189672470093,0.8040381677034513
UBFC_PHYS_s15_T1_test,30,227,37.56666666666667,2.334876775741577,0.45129888810153634
UBFC_PHYS_s15_T1_test,30,228,37.6,2.7370545864105225,0.08946581040496779
UBFC_PHYS_s15_T1_test,30,229,37.63333333333333,2.072223424911499,-0.2695106220726476
UBFC_PHYS_s15_T1_test,30,230,37.666666666666664,0.7114892601966858,-0.6198374135298681
UBFC_PHYS_s15_T1_test,30,231,37.7,-0.36930790543556213,-0.9520783467153153
UBFC_PHYS_s15_T1_test,30,232,37.733333333333334,-0.6688845157623291,-1.2462754491783465
UBFC_PHYS_s15_T1_test,30,233,37.766666666666666,-0.4654010832309723,-1.4717351285670444
UBFC_PHYS_s15_T1_test,30,234,37.8,-0.14133766293525696,-1.5935542372534368
UBFC_PHYS_s15_T1_test,30,235,37.833333333333336,0.10501695424318314,-1.582800730761659
UBFC_PHYS_s15_T1_test,30,236,37.86666666666667,0.04206202179193497,-1.426107444840346
UBFC_PHYS_s15_T1_test,30,237,37.9,-0.4001867175102234,-1.1312392459215908
UBFC_PHYS_s15_T1_test,30,238,37.93333333333333,-0.900137722492218,-0.7271016957875538
UBFC_PHYS_s15_T1_test,30,239,37.96666666666667,-1.1123305559158325,-0.2589602673194705
UBFC_PHYS_s15_T1_test,31,0,31.0,0.06948410719633102,0.05674373150191578
UBFC_PHYS_s15_T1_test,31,1,31.033333333333335,0.06589220464229584,-0.11435197053557547
UBFC_PHYS_s15_T1_test,31,2,31.066666666666666,0.06380657851696014,-0.27509656669515437
UBFC_PHYS_s15_T1_test,31,3,31.1,0.05268325284123421,-0.40721868577475673
UBFC_PHYS_s15_T1_test,31,4,31.133333333333333,0.010294887237250805,-0.4816683988871095
UBFC_PHYS_s15_T1_test,31,5,31.166666666666668,-0.061253584921360016,-0.4646771195840548
UBFC_PHYS_s15_T1_test,31,6,31.2,-0.1252899467945099,-0.33056726312627305
UBFC_PHYS_s15_T1_test,31,7,31.233333333333334,-0.17345240712165833,-0.07538468430152677
UBFC_PHYS_s15_T1_test,31,8,31.266666666666666,-0.25562211871147156,0.2753078782556039
UBFC_PHYS_s15_T1_test,31,9,31.3,-0.38286444544792175,0.6685654604696337
UBFC_PHYS_s15_T1_test,31,10,31.333333333333332,-0.4523079991340637,1.0360133140904668
UBFC_PHYS_s15_T1_test,31,11,31.366666666666667,-0.3685547709465027,1.3113622606941207
UBFC_PHYS_s15_T1_test,31,12,31.4,-0.17354896664619446,1.4468006713433317
UBFC_PHYS_s15_T1_test,31,13,31.433333333333334,0.019255343824625015,1.4224741426677305
UBFC_PHYS_s15_T1_test,31,14,31.466666666666665,0.15020546317100525,1.247241289563007
UBFC_PHYS_s15_T1_test,31,15,31.5,0.21547774970531464,0.9526287995632543
UBFC_PHYS_s15_T1_test,31,16,31.533333333333335,0.21642400324344635,0.5828112938424179
UBFC_PHYS_s15_T1_test,31,17,31.566666666666666,0.16835811734199524,0.1830877829575025
UBFC_PHYS_s15_T1_test,31,18,31.6,0.11461468786001205,-0.2101120046189989
UBFC_PHYS_s15_T1_test,31,19,31.633333333333333,0.10526800155639648,-0.5741584754871906
UBFC_PHYS_s15_T1_test,31,20,31.666666666666668,0.1395842283964157,-0.8979833760663974
UBFC_PHYS_s15_T1_test,31,21,31.7,0.16252608597278595,-1.1739135707096362
UBFC_PHYS_s15_T1_test,31,22,31.733333333333334,0.14398722350597382,-1.3883673542424178
UBFC_PHYS_s15_T1_test,31,23,31.766666666666666,0.10239061713218689,-1.517353218591372
UBFC_PHYS_s15_T1_test,31,24,31.8,0.046600185334682465,-1.5301687101005585
UBFC_PHYS_s15_T1_test,31,25,31.833333333333332,-0.02562418393790722,-1.4002224367019405
UBFC_PHYS_s15_T1_test,31,26,31.866666666666667,-0.09688298404216766,-1.1183216278305737
UBFC_PHYS_s15_T1_test,31,27,31.9,-0.17210061848163605,-0.7026339689270473
UBFC_PHYS_s15_T1_test,31,28,31.933333333333334,-0.2787184715270996,-0.20091808650841272
UBFC_PHYS_s15_T1_test,31,29,31.966666666666665,-0.3756999373435974,0.3165832888641344
UBFC_PHYS_s15_T1_test,31,30,32.0,-0.36038607358932495,0.7722193610248514
UBFC_PHYS_s15_T1_test,31,31,32.03333333333333,-0.21813881397247314,1.0998851233544553
UBFC_PHYS_s15_T1_test,31,32,32.06666666666667,-0.05603952705860138,1.261715237627163
UBFC_PHYS_s15_T1_test,31,33,32.1,0.056854501366615295,1.2562181388933762
UBFC_PHYS_s15_T1_test,31,34,32.13333333333333,0.11415120959281921,1.1142179073269758
UBFC_PHYS_s15_T1_test,31,35,32.166666666666664,0.11785899102687836,0.8840205880128487
UBFC_PHYS_s15_T1_test,31,36,32.2,0.08367794007062912,0.612521524833512
UBFC_PHYS_s15_T1_test,31,37,32.233333333333334,0.053108103573322296,0.3310447278409032
UBFC_PHYS_s15_T1_test,31,38,32.266666666666666,0.05077143386006355,0.051701740589648826
UBFC_PHYS_s15_T1_test,31,39,32.3,0.0657183974981308,-0.2257809906932488
UBFC_PHYS_s15_T1_test,31,40,32.333333333333336,0.07701552659273148,-0.5017272632967752
UBFC_PHYS_s15_T1_test,31,41,32.36666666666667,0.07218769937753677,-0.7653889877166313
UBFC_PHYS_s15_T1_test,31,42,32.4,0.04254480451345444,-0.9901863753137616
UBFC_PHYS_s15_T1_test,31,43,32.43333333333333,-0.01801552064716816,-1.1371898978362456
UBFC_PHYS_s15_T1_test,31,44,32.46666666666667,-0.0969795435667038,-1.1656198574748966
UBFC_PHYS_s15_T1_test,31,45,32.5,-0.17181093990802765,-1.0468044797642764
UBFC_PHYS_s15_T1_test,31,46,32.53333333333333,-0.24849623441696167,-0.7766213437945323
UBFC_PHYS_s15_T1_test,31,47,32.56666666666667,-0.3469453752040863,-0.38161368235665966
UBFC_PHYS_s15_T1_test,31,48,32.6,-0.43958184123039246,0.08393149843078547
UBFC_PHYS_s15_T1_test,31,49,32.63333333333333,-0.45966559648513794,0.549455257494852
UBFC_PHYS_s15_T1_test,31,50,32.666666666666664,-0.3702348470687866,0.9446339976793776
UBFC_PHYS_s15_T1_test,31,51,32.7,-0.20436984300613403,1.2154683075088486
UBFC_PHYS_s15_T1_test,31,52,32.733333333333334,-0.028501572087407112,1.3344130223388928
UBFC_PHYS_s15_T1_test,31,53,32.766666666666666,0.10739225149154663,1.301564840791421
UBFC_PHYS_s15_T1_test,31,54,32.8,0.17457635700702667,1.138343503456564
UBFC_PHYS_s15_T1_test,31,55,32.833333333333336,0.17086859047412872,0.8779723463186287
UBFC_PHYS_s15_T1_test,31,56,32.86666666666667,0.14070428907871246,0.5562673663089585
UBFC_PHYS_s15_T1_test,31,57,32.9,0.12678082287311554,0.20436718650561927
UBFC_PHYS_s15_T1_test,31,58,32.93333333333333,0.12475313246250153,-0.1551133048992294
UBFC_PHYS_s15_T1_test,31,59,32.96666666666667,0.1233627200126648,-0.5068885040975755
UBFC_PHYS_s15_T1_test,31,60,33.0,0.12683875858783722,-0.8369649239306232
UBFC_PHYS_s15_T1_test,31,61,33.03333333333333,0.11222007870674133,-1.1248903230481273
UBFC_PHYS_s15_T1_test,31,62,33.06666666666667,0.05254807323217392,-1.3391772727980682
UBFC_PHYS_s15_T1_test,31,63,33.1,-0.03190036490559578,-1.4399055368921314
UBFC_PHYS_s15_T1_test,31,64,33.13333333333333,-0.10904912650585175,-1.389090143862333
UBFC_PHYS_s15_T1_test,31,65,33.166666666666664,-0.17866645753383636,-1.1653602893789081
UBFC_PHYS_s15_T1_test,31,66,33.2,-0.25963887572288513,-0.7770333858601516
UBFC_PHYS_s15_T1_test,31,67,33.233333333333334,-0.3622206449508667,-0.26769387170234543
UBFC_PHYS_s15_T1_test,31,68,33.266666666666666,-0.4583524465560913,0.28925052954685415
UBFC_PHYS_s15_T1_test,31,69,33.3,-0.4675060212612152,0.8065430326664924
UBFC_PHYS_s15_T1_test,31,70,33.333333333333336,-0.34078505635261536,1.2047453284177359
UBFC_PHYS_s15_T1_test,31,71,33.36666666666667,-0.12652587890625,1.4320282775591897
UBFC_PHYS_s15_T1_test,31,72,33.4,0.07527750730514526,1.4748796654033305
UBFC_PHYS_s15_T1_test,31,73,33.43333333333333,0.20279021561145782,1.3560050775541304
UBFC_PHYS_s15_T1_test,31,74,33.46666666666667,0.25763437151908875,1.1209395515223235
UBFC_PHYS_s15_T1_test,31,75,33.5,0.25979724526405334,0.8196089674572102
UBFC_PHYS_s15_T1_test,31,76,33.53333333333333,0.21959106624126434,0.4909967584007608
UBFC_PHYS_s15_T1_test,31,77,33.56666666666667,0.1784772425889969,0.15687339856437565
UBFC_PHYS_s15_T1_test,31,78,33.6,0.18019595742225647,-0.17479847737754511
UBFC_PHYS_s15_T1_test,31,79,33.63333333333333,0.21117132902145386,-0.500856048955723
UBFC_PHYS_s15_T1_test,31,80,33.666666666666664,0.22436097264289856,-0.813435548792089
UBFC_PHYS_s15_T1_test,31,81,33.7,0.19763408601284027,-1.0935899111612775
UBFC_PHYS_s15_T1_test,31,82,33.733333333333334,0.13846418261528015,-1.310014773408621
UBFC_PHYS_s15_T1_test,31,83,33.766666666666666,0.06869234889745712,-1.4236420567533654
UBFC_PHYS_s15_T1_test,31,84,33.8,0.01265086978673935,-1.397468037500942
UBFC_PHYS_s15_T1_test,31,85,33.833333333333336,-0.021858474239706993,-1.2091824536840527
UBFC_PHYS_s15_T1_test,31,86,33.86666666666667,-0.049357809126377106,-0.8624227191635438
UBFC_PHYS_s15_T1_test,31,87,33.9,-0.0992196574807167,-0.3920381529168954
UBFC_PHYS_s15_T1_test,31,88,33.93333333333333,-0.20104829967021942,0.13954191583538028
UBFC_PHYS_s15_T1_test,31,89,33.96666666666667,-0.329275518655777,0.6545636041946877
UBFC_PHYS_s15_T1_test,31,90,34.0,-0.3936980962753296,1.0773639909621546
UBFC_PHYS_s15_T1_test,31,91,34.03333333333333,-0.3371545374393463,1.351524284290226
UBFC_PHYS_s15_T1_test,31,92,34.06666666666667,-0.20674513280391693,1.4513482022809367
UBFC_PHYS_s15_T1_test,31,93,34.1,-0.066139355301857,1.3842910752897681
UBFC_PHYS_s15_T1_test,31,94,34.13333333333333,0.047932665795087814,1.1842572609277888
UBFC_PHYS_s15_T1_test,31,95,34.166666666666664,0.11515539884567261,0.8986727702431353
UBFC_PHYS_s15_T1_test,31,96,34.2,0.13703513145446777,0.5737675785358248
UBFC_PHYS_s15_T1_test,31,97,34.233333333333334,0.13595370948314667,0.24280691056787002
UBFC_PHYS_s15_T1_test,31,98,34.266666666666666,0.13674546778202057,-0.07859420665757562
UBFC_PHYS_s15_T1_test,31,99,34.3,0.15134483575820923,-0.38828216602100496
UBFC_PHYS_s15_T1_test,31,100,34.333333333333336,0.1707720309495926,-0.6868088301531727
UBFC_PHYS_s15_T1_test,31,101,34.36666666666667,0.18027320504188538,-0.9657495537723505
UBFC_PHYS_s15_T1_test,31,102,34.4,0.16953609883785248,-1.2009227717932607
UBFC_PHYS_s15_T1_test,31,103,34.43333333333333,0.13421568274497986,-1.3538159233832014
UBFC_PHYS_s15_T1_test,31,104,34.46666666666667,0.07664861530065536,-1.3811018772461312
UBFC_PHYS_s15_T1_test,31,105,34.5,0.004308375529944897,-1.2491252576748393
UBFC_PHYS_s15_T1_test,31,106,34.53333333333333,-0.0721258670091629,-0.9484026946515637
UBFC_PHYS_s15_T1_test,31,107,34.56666666666667,-0.1455475389957428,-0.5028990744338712
UBFC_PHYS_s15_T1_test,31,108,34.6,-0.23495899140834808,0.029846777546980115
UBFC_PHYS_s15_T1_test,31,109,34.63333333333333,-0.35405194759368896,0.5690498393118023
UBFC_PHYS_s15_T1_test,31,110,34.666666666666664,-0.44390755891799927,1.0293598452133426
UBFC_PHYS_s15_T1_test,31,111,34.7,-0.4111362397670746,1.3423490884513627
UBFC_PHYS_s15_T1_test,31,112,34.733333333333334,-0.23824191093444824,1.4731235136598808
UBFC_PHYS_s15_T1_test,31,113,34.766666666666666,-0.011604159139096737,1.4255916910522295
UBFC_PHYS_s15_T1_test,31,114,34.8,0.17173759639263153,1.2349377963462258
UBFC_PHYS_s15_T1_test,31,115,34.833333333333336,0.287509024143219,0.9516452938064983
UBFC_PHYS_s15_T1_test,31,116,34.86666666666667,0.3446512222290039,0.6244119216328635
UBFC_PHYS_s15_T1_test,31,117,34.9,0.35283923149108887,0.2883721402227162
UBFC_PHYS_s15_T1_test,31,118,34.93333333333333,0.348339706659317,-0.038561661100815166
UBFC_PHYS_s15_T1_test,31,119,34.96666666666667,0.378310889005661,-0.3520672418779179
UBFC_PHYS_s15_T1_test,31,120,35.0,0.44721370935440063,-0.6530929506850213
UBFC_PHYS_s15_T1_test,31,121,35.03333333333333,0.5391163229942322,-0.9379534033131526
UBFC_PHYS_s15_T1_test,31,122,35.06666666666667,0.6409835815429688,-1.1903323174626894
UBFC_PHYS_s15_T1_test,31,123,35.1,0.7034557461738586,-1.3786279412075426
UBFC_PHYS_s15_T1_test,31,124,35.13333333333333,0.6840671300888062,-1.4607485583039166
UBFC_PHYS_s15_T1_test,31,125,35.166666666666664,0.6298022866249084,-1.395879848802287
UBFC_PHYS_s15_T1_test,31,126,35.2,0.6142953038215637,-1.1597601813664737
UBFC_PHYS_s15_T1_test,31,127,35.233333333333334,0.6292423009872437,-0.7580115819002665
UBFC_PHYS_s15_T1_test,31,128,35.266666666666666,0.6216143369674683,-0.23217164041006544
UBFC_PHYS_s15_T1_test,31,129,35.3,0.5973206758499146,0.3447705378608304
UBFC_PHYS_s15_T1_test,31,130,35.333333333333336,0.6270021796226501,0.8831236942741926
UBFC_PHYS_s15_T1_test,31,131,35.36666666666667,0.8001861572265625,1.297749707050453
UBFC_PHYS_s15_T1_test,31,132,35.4,1.1458396911621094,1.5294182329238144
UBFC_PHYS_s15_T1_test,31,133,35.43333333333333,1.556958556175232,1.5590284972134019
UBFC_PHYS_s15_T1_test,31,134,35.46666666666667,1.8639893531799316,1.4091273326964617
UBFC_PHYS_s15_T1_test,31,135,35.5,2.0024516582489014,1.1317538447597932
UBFC_PHYS_s15_T1_test,31,136,35.53333333333333,2.007298707962036,0.7879176649189398
UBFC_PHYS_s15_T1_test,31,137,35.56666666666667,1.9092551469802856,0.4280820773698004
UBFC_PHYS_s15_T1_test,31,138,35.6,1.750612497329712,0.08180702759906057
UBFC_PHYS_s15_T1_test,31,139,35.63333333333333,1.6077473163604736,-0.24077802751869298
UBFC_PHYS_s15_T1_test,31,140,35.666666666666664,1.489349603652954,-0.5391883160172197
UBFC_PHYS_s15_T1_test,31,141,35.7,1.326188087463379,-0.8111687278189418
UBFC_PHYS_s15_T1_test,31,142,35.733333333333334,1.0766278505325317,-1.0450465780371823
UBFC_PHYS_s15_T1_test,31,143,35.766666666666666,0.7505753636360168,-1.2179193186900013
UBFC_PHYS_s15_T1_test,31,144,35.8,0.38632509112358093,-1.2993923834372314
UBFC_PHYS_s15_T1_test,31,145,35.833333333333336,0.003922148607671261,-1.259517990287776
UBFC_PHYS_s15_T1_test,31,146,35.86666666666667,-0.46839433908462524,-1.0788557547891635
UBFC_PHYS_s15_T1_test,31,147,35.9,-1.125809907913208,-0.7579480354999681
UBFC_PHYS_s15_T1_test,31,148,35.93333333333333,-1.8989002704620361,-0.3232487462466702
UBFC_PHYS_s15_T1_test,31,149,35.96666666666667,-2.518465757369995,0.17306559266640084
UBFC_PHYS_s15_T1_test,31,150,36.0,-2.69773268699646,0.6607119078631186
UBFC_PHYS_s15_T1_test,31,151,36.03333333333333,-2.3386964797973633,1.0654343952910008
UBFC_PHYS_s15_T1_test,31,152,36.06666666666667,-1.6416734457015991,1.3260769819178087
UBFC_PHYS_s15_T1_test,31,153,36.1,-0.8827188611030579,1.40922920839581
UBFC_PHYS_s15_T1_test,31,154,36.13333333333333,-0.25857675075531006,1.3163806520716852
UBFC_PHYS_s15_T1_test,31,155,36.166666666666664,0.1682615578174591,1.0809750385405366
UBFC_PHYS_s15_T1_test,31,156,36.2,0.4597274363040924,0.7564197128019874
UBFC_PHYS_s15_T1_test,31,157,36.233333333333334,0.7624518275260925,0.3994239208621127
UBFC_PHYS_s15_T1_test,31,158,36.266666666666666,1.189019799232483,0.05463418317423907
UBFC_PHYS_s15_T1_test,31,159,36.3,1.6550793647766113,-0.2540573254569167
UBFC_PHYS_s15_T1_test,31,160,36.333333333333336,1.8714241981506348,-0.5226774844370601
UBFC_PHYS_s15_T1_test,31,161,36.36666666666667,1.5987675189971924,-0.7577465141183797
UBFC_PHYS_s15_T1_test,31,162,36.4,0.9484585523605347,-0.9629724743979635
UBFC_PHYS_s15_T1_test,31,163,36.43333333333333,0.3191989064216614,-1.1285920631265316
UBFC_PHYS_s15_T1_test,31,164,36.46666666666667,0.017324211075901985,-1.228555534731133
UBFC_PHYS_s15_T1_test,31,165,36.5,0.06861510127782822,-1.2270910266553878
UBFC_PHYS_s15_T1_test,31,166,36.53333333333333,0.3634411692619324,-1.0920978273775965
UBFC_PHYS_s15_T1_test,31,167,36.56666666666667,0.7538389563560486,-0.8101093568262622
UBFC_PHYS_s15_T1_test,31,168,36.6,1.0533190965652466,-0.39716481566630796
UBFC_PHYS_s15_T1_test,31,169,36.63333333333333,1.0751022100448608,0.0985592298260578
UBFC_PHYS_s15_T1_test,31,170,36.666666666666664,0.7795616388320923,0.604011335540024
UBFC_PHYS_s15_T1_test,31,171,36.7,0.34188970923423767,1.0372239997675465
UBFC_PHYS_s15_T1_test,31,172,36.733333333333334,-0.05590434744954109,1.3279403060293704
UBFC_PHYS_s15_T1_test,31,173,36.766666666666666,-0.5185651779174805,1.4364347006500777
UBFC_PHYS_s15_T1_test,31,174,36.8,-1.2712241411209106,1.363115597158125
UBFC_PHYS_s15_T1_test,31,175,36.833333333333336,-2.131234884262085,1.1442505868264363
UBFC_PHYS_s15_T1_test,31,176,36.86666666666667,-2.5947840213775635,0.8357337056579193
UBFC_PHYS_s15_T1_test,31,177,36.9,-2.4114229679107666,0.4928564168812038
UBFC_PHYS_s15_T1_test,31,178,36.93333333333333,-1.7834571599960327,0.15512979903972166
UBFC_PHYS_s15_T1_test,31,179,36.96666666666667,-1.06837797164917,-0.15861002733070695
UBFC_PHYS_s15_T1_test,31,180,37.0,-0.5498301982879639,-0.4452660888253041
UBFC_PHYS_s15_T1_test,31,181,37.03333333333333,-0.3909558951854706,-0.7072410580762342
UBFC_PHYS_s15_T1_test,31,182,37.06666666666667,-0.5411787033081055,-0.9420839868513038
UBFC_PHYS_s15_T1_test,31,183,37.1,-0.8648751974105835,-1.1357519629446782
UBFC_PHYS_s15_T1_test,31,184,37.13333333333333,-1.2841434478759766,-1.2616183983906413
UBFC_PHYS_s15_T1_test,31,185,37.166666666666664,-1.6714321374893188,-1.2858053499550757
UBFC_PHYS_s15_T1_test,31,186,37.2,-1.70549738407135,-1.1774919335712088
UBFC_PHYS_s15_T1_test,31,187,37.233333333333334,-1.1735281944274902,-0.9210863769424508
UBFC_PHYS_s15_T1_test,31,188,37.266666666666666,-0.4594918191432953,-0.5263445759276756
UBFC_PHYS_s15_T1_test,31,189,37.3,-0.27557072043418884,-0.03289552070348516
UBFC_PHYS_s15_T1_test,31,190,37.333333333333336,-0.7398536801338196,0.49302468323853027
UBFC_PHYS_s15_T1_test,31,191,37.36666666666667,-1.3480446338653564,0.9699537239747341
UBFC_PHYS_s15_T1_test,31,192,37.4,-1.6475054025650024,1.3189217110394529
UBFC_PHYS_s15_T1_test,31,193,37.43333333333333,-1.4937100410461426,1.4833827550768433
UBFC_PHYS_s15_T1_test,31,194,37.46666666666667,-0.8716341853141785,1.445107836441604
UBFC_PHYS_s15_T1_test,31,195,37.5,0.125680074095726,1.2294092046327105
UBFC_PHYS_s15_T1_test,31,196,37.53333333333333,1.2939189672470093,0.895896904891618
UBFC_PHYS_s15_T1_test,31,197,37.56666666666667,2.334876775741577,0.5170933168667801
UBFC_PHYS_s15_T1_test,31,198,37.6,2.7370545864105225,0.15411725136084553
UBFC_PHYS_s15_T1_test,31,199,37.63333333333333,2.072223424911499,-0.15907590038393757
UBFC_PHYS_s15_T1_test,31,200,37.666666666666664,0.7114892601966858,-0.41662962538684206
UBFC_PHYS_s15_T1_test,31,201,37.7,-0.36930790543556213,-0.6292087939793763
UBFC_PHYS_s15_T1_test,31,202,37.733333333333334,-0.6688845157623291,-0.8079952654401882
UBFC_PHYS_s15_T1_test,31,203,37.766666666666666,-0.4654010832309723,-0.9527903702489334
UBFC_PHYS_s15_T1_test,31,204,37.8,-0.14133766293525696,-1.0488668871470368
UBFC_PHYS_s15_T1_test,31,205,37.833333333333336,0.10501695424318314,-1.072070205852009
UBFC_PHYS_s15_T1_test,31,206,37.86666666666667,0.04206202179193497,-0.9983339056240204
UBFC_PHYS_s15_T1_test,31,207,37.9,-0.4001867175102234,-0.813321648372987
UBFC_PHYS_s15_T1_test,31,208,37.93333333333333,-0.900137722492218,-0.519520951356896
UBFC_PHYS_s15_T1_test,31,209,37.96666666666667,-1.1123305559158325,-0.1398806746773485
UBFC_PHYS_s15_T1_test,31,210,38.0,-1.0399516820907593,0.28240841145375023
UBFC_PHYS_s15_T1_test,31,211,38.03333333333333,-0.8702244758605957,0.688742533818551
UBFC_PHYS_s15_T1_test,31,212,38.06666666666667,-0.8250938653945923,1.0151488937568234
UBFC_PHYS_s15_T1_test,31,213,38.1,-1.0407048463821411,1.2064608017188174
UBFC_PHYS_s15_T1_test,31,214,38.13333333333333,-1.2369658946990967,1.2306953929374658
UBFC_PHYS_s15_T1_test,31,215,38.166666666666664,-0.961933970451355,1.088041769960419
UBFC_PHYS_s15_T1_test,31,216,38.2,-0.32730576395988464,0.8103521671430985
UBFC_PHYS_s15_T1_test,31,217,38.233333333333334,0.12554489076137543,0.4509956541001859
UBFC_PHYS_s15_T1_test,31,218,38.266666666666666,0.1735914796590805,0.06912838843756972
UBFC_PHYS_s15_T1_test,31,219,38.3,0.02273138239979744,-0.2853751325597017
UBFC_PHYS_s15_T1_test,31,220,38.333333333333336,-0.02176191844046116,-0.5809581624127735
UBFC_PHYS_s15_T1_test,31,221,38.36666666666667,0.26089799404144287,-0.8050821757880151
UBFC_PHYS_s15_T1_test,31,222,38.4,0.708206295967102,-0.9578221595236283
UBFC_PHYS_s15_T1_test,31,223,38.43333333333333,0.7742896676063538,-1.0422578095808108
UBFC_PHYS_s15_T1_test,31,224,38.46666666666667,0.1672573685646057,-1.0565630514284894
UBFC_PHYS_s15_T1_test,31,225,38.5,-0.7612892389297485,-0.9916769927062807
UBFC_PHYS_s15_T1_test,31,226,38.53333333333333,-1.3902978897094727,-0.8357399868588581
UBFC_PHYS_s15_T1_test,31,227,38.56666666666667,-1.4473434686660767,-0.5832317197906618
UBFC_PHYS_s15_T1_test,31,228,38.6,-1.0664855241775513,-0.24438300888605502
UBFC_PHYS_s15_T1_test,31,229,38.63333333333333,-0.5120958685874939,0.14991705804049796
UBFC_PHYS_s15_T1_test,31,230,38.666666666666664,0.009232764132320881,0.5506231130907641
UBFC_PHYS_s15_T1_test,31,231,38.7,0.3381819427013397,0.9003345603266829
UBFC_PHYS_s15_T1_test,31,232,38.733333333333334,0.4076254665851593,1.1475239067410716
UBFC_PHYS_s15_T1_test,31,233,38.766666666666666,0.32184454798698425,1.260499173912044
UBFC_PHYS_s15_T1_test,31,234,38.8,0.20812013745307922,1.235905151125347
UBFC_PHYS_s15_T1_test,31,235,38.833333333333336,0.03269602730870247,1.0979057361927342
UBFC_PHYS_s15_T1_test,31,236,38.86666666666667,-0.3112773597240448,0.8874983260659581
UBFC_PHYS_s15_T1_test,31,237,38.9,-0.8606460690498352,0.6458959868846272
UBFC_PHYS_s15_T1_test,31,238,38.93333333333333,-1.5106267929077148,0.39959844534936967
UBFC_PHYS_s15_T1_test,31,239,38.96666666666667,-2.0445656776428223,0.1547517380631181
UBFC_PHYS_s15_T1_test,32,0,32.0,-0.36038607358932495,-0.06412083161533526
UBFC_PHYS_s15_T1_test,32,1,32.03333333333333,-0.21813881397247314,0.6712635168094625
UBFC_PHYS_s15_T1_test,32,2,32.06666666666667,-0.05603952705860138,1.291482576265995
UBFC_PHYS_s15_T1_test,32,3,32.1,0.056854501366615295,1.7060005992460703
UBFC_PHYS_s15_T1_test,32,4,32.13333333333333,0.11415120959281921,1.8682580774860331
UBFC_PHYS_s15_T1_test,32,5,32.166666666666664,0.11785899102687836,1.7803929801267577
UBFC_PHYS_s15_T1_test,32,6,32.2,0.08367794007062912,1.4840671057006625
UBFC_PHYS_s15_T1_test,32,7,32.233333333333334,0.053108103573322296,1.0440450155042802
UBFC_PHYS_s15_T1_test,32,8,32.266666666666666,0.05077143386006355,0.5323438804727106
UBFC_PHYS_s15_T1_test,32,9,32.3,0.0657183974981308,0.01703649904240786
UBFC_PHYS_s15_T1_test,32,10,32.333333333333336,0.07701552659273148,-0.4442976331851814
UBFC_PHYS_s15_T1_test,32,11,32.36666666666667,0.07218769937753677,-0.8082740028810702
UBFC_PHYS_s15_T1_test,32,12,32.4,0.04254480451345444,-1.0477252798520773
UBFC_PHYS_s15_T1_test,32,13,32.43333333333333,-0.01801552064716816,-1.152016072998805
UBFC_PHYS_s15_T1_test,32,14,32.46666666666667,-0.0969795435667038,-1.125561748615013
UBFC_PHYS_s15_T1_test,32,15,32.5,-0.17181093990802765,-0.9850460762690696
UBFC_PHYS_s15_T1_test,32,16,32.53333333333333,-0.24849623441696167,-0.7559418557930218
UBFC_PHYS_s15_T1_test,32,17,32.56666666666667,-0.3469453752040863,-0.46865794745437983
UBFC_PHYS_s15_T1_test,32,18,32.6,-0.43958184123039246,-0.15454757869693647
UBFC_PHYS_s15_T1_test,32,19,32.63333333333333,-0.45966559648513794,0.15772605361983902
UBFC_PHYS_s15_T1_test,32,20,32.666666666666664,-0.3702348470687866,0.44460615043810664
UBFC_PHYS_s15_T1_test,32,21,32.7,-0.20436984300613403,0.6879597926700222
UBFC_PHYS_s15_T1_test,32,22,32.733333333333334,-0.028501572087407112,0.8731259632249001
UBFC_PHYS_s15_T1_test,32,23,32.766666666666666,0.10739225149154663,0.9860157934939026
UBFC_PHYS_s15_T1_test,32,24,32.8,0.17457635700702667,1.011970265005128
UBFC_PHYS_s15_T1_test,32,25,32.833333333333336,0.17086859047412872,0.938332251433041
UBFC_PHYS_s15_T1_test,32,26,32.86666666666667,0.14070428907871246,0.7594946654013307
UBFC_PHYS_s15_T1_test,32,27,32.9,0.12678082287311554,0.4811046712685557
UBFC_PHYS_s15_T1_test,32,28,32.93333333333333,0.12475313246250153,0.12174004018783871
UBFC_PHYS_s15_T1_test,32,29,32.96666666666667,0.1233627200126648,-0.2870679827143932
UBFC_PHYS_s15_T1_test,32,30,33.0,0.12683875858783722,-0.7016083356670045
UBFC_PHYS_s15_T1_test,32,31,33.03333333333333,0.11222007870674133,-1.0685292460763491
UBFC_PHYS_s15_T1_test,32,32,33.06666666666667,0.05254807323217392,-1.331089422499944
UBFC_PHYS_s15_T1_test,32,33,33.1,-0.03190036490559578,-1.4398382342410432
UBFC_PHYS_s15_T1_test,32,34,33.13333333333333,-0.10904912650585175,-1.3655209703002191
UBFC_PHYS_s15_T1_test,32,35,33.166666666666664,-0.17866645753383636,-1.1096035170324658
UBFC_PHYS_s15_T1_test,32,36,33.2,-0.25963887572288513,-0.7078338641610915
UBFC_PHYS_s15_T1_test,32,37,33.233333333333334,-0.3622206449508667,-0.22440446190350688
UBFC_PHYS_s15_T1_test,32,38,33.266666666666666,-0.4583524465560913,0.2626817091927203
UBFC_PHYS_s15_T1_test,32,39,33.3,-0.4675060212612152,0.6811394640183124
UBFC_PHYS_s15_T1_test,32,40,33.333333333333336,-0.34078505635261536,0.982227716637901
UBFC_PHYS_s15_T1_test,32,41,33.36666666666667,-0.12652587890625,1.150015673124543
UBFC_PHYS_s15_T1_test,32,42,33.4,0.07527750730514526,1.1984484043264045
UBFC_PHYS_s15_T1_test,32,43,33.43333333333333,0.20279021561145782,1.1579177296901295
UBFC_PHYS_s15_T1_test,32,44,33.46666666666667,0.25763437151908875,1.057835146979175
UBFC_PHYS_s15_T1_test,32,45,33.5,0.25979724526405334,0.9134525633905014
UBFC_PHYS_s15_T1_test,32,46,33.53333333333333,0.21959106624126434,0.7228100068938097
UBFC_PHYS_s15_T1_test,32,47,33.56666666666667,0.1784772425889969,0.4743548401786392
UBFC_PHYS_s15_T1_test,32,48,33.6,0.18019595742225647,0.1602886450143843
UBFC_PHYS_s15_T1_test,32,49,33.63333333333333,0.21117132902145386,-0.21156724449752634
UBFC_PHYS_s15_T1_test,32,50,33.666666666666664,0.22436097264289856,-0.6123713816926419
UBFC_PHYS_s15_T1_test,32,51,33.7,0.19763408601284027,-0.9943460570622104
UBFC_PHYS_s15_T1_test,32,52,33.733333333333334,0.13846418261528015,-1.2989400852953463
UBFC_PHYS_s15_T1_test,32,53,33.766666666666666,0.06869234889745712,-1.4690239810858188
UBFC_PHYS_s15_T1_test,32,54,33.8,0.01265086978673935,-1.4628348240249276
UBFC_PHYS_s15_T1_test,32,55,33.833333333333336,-0.021858474239706993,-1.26664402030367
UBFC_PHYS_s15_T1_test,32,56,33.86666666666667,-0.049357809126377106,-0.9021271729884389
UBFC_PHYS_s15_T1_test,32,57,33.9,-0.0992196574807167,-0.42472536104576747
UBFC_PHYS_s15_T1_test,32,58,33.93333333333333,-0.20104829967021942,0.0880250216682921
UBFC_PHYS_s15_T1_test,32,59,33.96666666666667,-0.329275518655777,0.5552338295080884
UBFC_PHYS_s15_T1_test,32,60,34.0,-0.3936980962753296,0.9123661571069915
UBFC_PHYS_s15_T1_test,32,61,34.03333333333333,-0.3371545374393463,1.125169749984377
UBFC_PHYS_s15_T1_test,32,62,34.06666666666667,-0.20674513280391693,1.1933531623334697
UBFC_PHYS_s15_T1_test,32,63,34.1,-0.066139355301857,1.1435563019461215
UBFC_PHYS_s15_T1_test,32,64,34.13333333333333,0.047932665795087814,1.0150075092786237
UBFC_PHYS_s15_T1_test,32,65,34.166666666666664,0.11515539884567261,0.8434884985508435
UBFC_PHYS_s15_T1_test,32,66,34.2,0.13703513145446777,0.6492801955053765
UBFC_PHYS_s15_T1_test,32,67,34.233333333333334,0.13595370948314667,0.4332054017587076
UBFC_PHYS_s15_T1_test,32,68,34.266666666666666,0.13674546778202057,0.18239060310876107
UBFC_PHYS_s15_T1_test,32,69,34.3,0.15134483575820923,-0.11615668814490347
UBFC_PHYS_s15_T1_test,32,70,34.333333333333336,0.1707720309495926,-0.459972243998802
UBFC_PHYS_s15_T1_test,32,71,34.36666666666667,0.18027320504188538,-0.8210640027121009
UBFC_PHYS_s15_T1_test,32,72,34.4,0.16953609883785248,-1.146501567471138
UBFC_PHYS_s15_T1_test,32,73,34.43333333333333,0.13421568274497986,-1.370057548223191
UBFC_PHYS_s15_T1_test,32,74,34.46666666666667,0.07664861530065536,-1.4309791412907593
UBFC_PHYS_s15_T1_test,32,75,34.5,0.004308375529944897,-1.2936757555667593
UBFC_PHYS_s15_T1_test,32,76,34.53333333333333,-0.0721258670091629,-0.9620366424893958
UBFC_PHYS_s15_T1_test,32,77,34.56666666666667,-0.1455475389957428,-0.4835050932729265
UBFC_PHYS_s15_T1_test,32,78,34.6,-0.23495899140834808,0.05965696347363657
UBFC_PHYS_s15_T1_test,32,79,34.63333333333333,-0.35405194759368896,0.570900073825388
UBFC_PHYS_s15_T1_test,32,80,34.666666666666664,-0.44390755891799927,0.9659979212186349
UBFC_PHYS_s15_T1_test,32,81,34.7,-0.4111362397670746,1.196235196192137
UBFC_PHYS_s15_T1_test,32,82,34.733333333333334,-0.23824191093444824,1.2585014007826507
UBFC_PHYS_s15_T1_test,32,83,34.766666666666666,-0.011604159139096737,1.1877316289727764
UBFC_PHYS_s15_T1_test,32,84,34.8,0.17173759639263153,1.0359606848258305
UBFC_PHYS_s15_T1_test,32,85,34.833333333333336,0.287509024143219,0.848922069442478
UBFC_PHYS_s15_T1_test,32,86,34.86666666666667,0.3446512222290039,0.6508276368457984
UBFC_PHYS_s15_T1_test,32,87,34.9,0.35283923149108887,0.44202961714427697
UBFC_PHYS_s15_T1_test,32,88,34.93333333333333,0.348339706659317,0.20739620296700287
UBFC_PHYS_s15_T1_test,32,89,34.96666666666667,0.378310889005661,-0.07039757135907827
UBFC_PHYS_s15_T1_test,32,90,35.0,0.44721370935440063,-0.39769523895136644
UBFC_PHYS_s15_T1_test,32,91,35.03333333333333,0.5391163229942322,-0.7597746018919516
UBFC_PHYS_s15_T1_test,32,92,35.06666666666667,0.6409835815429688,-1.1164884036269038
UBFC_PHYS_s15_T1_test,32,93,35.1,0.7034557461738586,-1.4064080728637924
UBFC_PHYS_s15_T1_test,32,94,35.13333333333333,0.6840671300888062,-1.5604419618869885
UBFC_PHYS_s15_T1_test,32,95,35.166666666666664,0.6298022866249084,-1.5221577439894745
UBFC_PHYS_s15_T1_test,32,96,35.2,0.6142953038215637,-1.2682686532796235
UBFC_PHYS_s15_T1_test,32,97,35.233333333333334,0.6292423009872437,-0.8213868380816844
UBFC_PHYS_s15_T1_test,32,98,35.266666666666666,0.6216143369674683,-0.249464112459351
UBFC_PHYS_s15_T1_test,32,99,35.3,0.5973206758499146,0.3489629500736961
UBFC_PHYS_s15_T1_test,32,100,35.333333333333336,0.6270021796226501,0.8697718676641842
UBFC_PHYS_s15_T1_test,32,101,35.36666666666667,0.8001861572265625,1.230925076093486
UBFC_PHYS_s15_T1_test,32,102,35.4,1.1458396911621094,1.3936837878297408
UBFC_PHYS_s15_T1_test,32,103,35.43333333333333,1.556958556175232,1.3695934814453585
UBFC_PHYS_s15_T1_test,32,104,35.46666666666667,1.8639893531799316,1.2100395485897786
UBFC_PHYS_s15_T1_test,32,105,35.5,2.0024516582489014,0.982090015397381
UBFC_PHYS_s15_T1_test,32,106,35.53333333333333,2.007298707962036,0.7409820841580816
UBFC_PHYS_s15_T1_test,32,107,35.56666666666667,1.9092551469802856,0.5116561123247265
UBFC_PHYS_s15_T1_test,32,108,35.6,1.750612497329712,0.28694619114500064
UBFC_PHYS_s15_T1_test,32,109,35.63333333333333,1.6077473163604736,0.04139908498632895
UBFC_PHYS_s15_T1_test,32,110,35.666666666666664,1.489349603652954,-0.24753399549340388
UBFC_PHYS_s15_T1_test,32,111,35.7,1.326188087463379,-0.5812524204673093
UBFC_PHYS_s15_T1_test,32,112,35.733333333333334,1.0766278505325317,-0.9315666370629863
UBFC_PHYS_s15_T1_test,32,113,35.766666666666666,0.7505753636360168,-1.2436292828504067
UBFC_PHYS_s15_T1_test,32,114,35.8,0.38632509112358093,-1.4484229430659068
UBFC_PHYS_s15_T1_test,32,115,35.833333333333336,0.003922148607671261,-1.481519903091091
UBFC_PHYS_s15_T1_test,32,116,35.86666666666667,-0.46839433908462524,-1.303673570201225
UBFC_PHYS_s15_T1_test,32,117,35.9,-1.125809907913208,-0.9175809259153942
UBFC_PHYS_s15_T1_test,32,118,35.93333333333333,-1.8989002704620361,-0.37468963885031265
UBFC_PHYS_s15_T1_test,32,119,35.96666666666667,-2.518465757369995,0.23243678314824828
UBFC_PHYS_s15_T1_test,32,120,36.0,-2.69773268699646,0.7922549881455044
UBFC_PHYS_s15_T1_test,32,121,36.03333333333333,-2.3386964797973633,1.2048020100517207
UBFC_PHYS_s15_T1_test,32,122,36.06666666666667,-1.6416734457015991,1.4095998300530344
UBFC_PHYS_s15_T1_test,32,123,36.1,-0.8827188611030579,1.399800101542921
UBFC_PHYS_s15_T1_test,32,124,36.13333333333333,-0.25857675075531006,1.2176643072287197
UBFC_PHYS_s15_T1_test,32,125,36.166666666666664,0.1682615578174591,0.93474844956988
UBFC_PHYS_s15_T1_test,32,126,36.2,0.4597274363040924,0.6254319199233889
UBFC_PHYS_s15_T1_test,32,127,36.233333333333334,0.7624518275260925,0.3434111684894631
UBFC_PHYS_s15_T1_test,32,128,36.266666666666666,1.189019799232483,0.10861248990306563
UBFC_PHYS_s15_T1_test,32,129,36.3,1.6550793647766113,-0.09193166772280184
UBFC_PHYS_s15_T1_test,32,130,36.333333333333336,1.8714241981506348,-0.29021611086614296
UBFC_PHYS_s15_T1_test,32,131,36.36666666666667,1.5987675189971924,-0.5158069402779744
UBFC_PHYS_s15_T1_test,32,132,36.4,0.9484585523605347,-0.7754646085783576
UBFC_PHYS_s15_T1_test,32,133,36.43333333333333,0.3191989064216614,-1.0425789085118653
UBFC_PHYS_s15_T1_test,32,134,36.46666666666667,0.017324211075901985,-1.261094023696751
UBFC_PHYS_s15_T1_test,32,135,36.5,0.06861510127782822,-1.362510679753092
UBFC_PHYS_s15_T1_test,32,136,36.53333333333333,0.3634411692619324,-1.28954766539999
UBFC_PHYS_s15_T1_test,32,137,36.56666666666667,0.7538389563560486,-1.0180096734922868
UBFC_PHYS_s15_T1_test,32,138,36.6,1.0533190965652466,-0.5695731027185854
UBFC_PHYS_s15_T1_test,32,139,36.63333333333333,1.0751022100448608,-0.011269867769645298
UBFC_PHYS_s15_T1_test,32,140,36.666666666666664,0.7795616388320923,0.5589641513871415
UBFC_PHYS_s15_T1_test,32,141,36.7,0.34188970923423767,1.0374264652338572
UBFC_PHYS_s15_T1_test,32,142,36.733333333333334,-0.05590434744954109,1.3432603375194732
UBFC_PHYS_s15_T1_test,32,143,36.766666666666666,-0.5185651779174805,1.440700753301166
UBFC_PHYS_s15_T1_test,32,144,36.8,-1.2712241411209106,1.345856681768546
UBFC_PHYS_s15_T1_test,32,145,36.833333333333336,-2.131234884262085,1.1146637888527697
UBFC_PHYS_s15_T1_test,32,146,36.86666666666667,-2.5947840213775635,0.8178144614392677
UBFC_PHYS_s15_T1_test,32,147,36.9,-2.4114229679107666,0.5147699579136891
UBFC_PHYS_s15_T1_test,32,148,36.93333333333333,-1.7834571599960327,0.23758411649711378
UBFC_PHYS_s15_T1_test,32,149,36.96666666666667,-1.06837797164917,-0.011255675275851841
UBFC_PHYS_s15_T1_test,32,150,37.0,-0.5498301982879639,-0.24910032898272938
UBFC_PHYS_s15_T1_test,32,151,37.03333333333333,-0.3909558951854706,-0.49707462082933473
UBFC_PHYS_s15_T1_test,32,152,37.06666666666667,-0.5411787033081055,-0.7636975363748001
UBFC_PHYS_s15_T1_test,32,153,37.1,-0.8648751974105835,-1.0333474233866053
UBFC_PHYS_s15_T1_test,32,154,37.13333333333333,-1.2841434478759766,-1.2637612501840276
UBFC_PHYS_s15_T1_test,32,155,37.166666666666664,-1.6714321374893188,-1.3948240517507016
UBFC_PHYS_s15_T1_test,32,156,37.2,-1.70549738407135,-1.3671348605399565
UBFC_PHYS_s15_T1_test,32,157,37.233333333333334,-1.1735281944274902,-1.144516926507843
UBFC_PHYS_s15_T1_test,32,158,37.266666666666666,-0.4594918191432953,-0.7320682164931503
UBFC_PHYS_s15_T1_test,32,159,37.3,-0.27557072043418884,-0.1821852372602785
UBFC_PHYS_s15_T1_test,32,160,37.333333333333336,-0.7398536801338196,0.41469886676569123
UBFC_PHYS_s15_T1_test,32,161,37.36666666666667,-1.3480446338653564,0.9521912247432748
UBFC_PHYS_s15_T1_test,32,162,37.4,-1.6475054025650024,1.3358276407910028
UBFC_PHYS_s15_T1_test,32,163,37.43333333333333,-1.4937100410461426,1.5079397877997034
UBFC_PHYS_s15_T1_test,32,164,37.46666666666667,-0.8716341853141785,1.4617423616786018
UBFC_PHYS_s15_T1_test,32,165,37.5,0.125680074095726,1.239934416569198
UBFC_PHYS_s15_T1_test,32,166,37.53333333333333,1.2939189672470093,0.917357987404898
UBFC_PHYS_s15_T1_test,32,167,37.56666666666667,2.334876775741577,0.573005180181681
UBFC_PHYS_s15_T1_test,32,168,37.6,2.7370545864105225,0.26258374928312617
UBFC_PHYS_s15_T1_test,32,169,37.63333333333333,2.072223424911499,0.003970733715557031
UBFC_PHYS_s15_T1_test,32,170,37.666666666666664,0.7114892601966858,-0.21865927285856387
UBFC_PHYS_s15_T1_test,32,171,37.7,-0.36930790543556213,-0.4360265232787669
UBFC_PHYS_s15_T1_test,32,172,37.733333333333334,-0.6688845157623291,-0.6706846457437323
UBFC_PHYS_s15_T1_test,32,173,37.766666666666666,-0.4654010832309723,-0.9203583245455432
UBFC_PHYS_s15_T1_test,32,174,37.8,-0.14133766293525696,-1.1534997451507814
UBFC_PHYS_s15_T1_test,32,175,37.833333333333336,0.10501695424318314,-1.3169464093371335
UBFC_PHYS_s15_T1_test,32,176,37.86666666666667,0.04206202179193497,-1.3519681365711715
UBFC_PHYS_s15_T1_test,32,177,37.9,-0.4001867175102234,-1.2137583235987435
UBFC_PHYS_s15_T1_test,32,178,37.93333333333333,-0.900137722492218,-0.88906644889817
UBFC_PHYS_s15_T1_test,32,179,37.96666666666667,-1.1123305559158325,-0.4066473357692612
UBFC_PHYS_s15_T1_test,32,180,38.0,-1.0399516820907593,0.1639143408563095
UBFC_PHYS_s15_T1_test,32,181,38.03333333333333,-0.8702244758605957,0.7264760462249055
UBFC_PHYS_s15_T1_test,32,182,38.06666666666667,-0.8250938653945923,1.1821653542103128
UBFC_PHYS_s15_T1_test,32,183,38.1,-1.0407048463821411,1.4548665797095803
UBFC_PHYS_s15_T1_test,32,184,38.13333333333333,-1.2369658946990967,1.5096334194317202
UBFC_PHYS_s15_T1_test,32,185,38.166666666666664,-0.961933970451355,1.358353879617077
UBFC_PHYS_s15_T1_test,32,186,38.2,-0.32730576395988464,1.0521540448755498
UBFC_PHYS_s15_T1_test,32,187,38.233333333333334,0.12554489076137543,0.6643606925262158
UBFC_PHYS_s15_T1_test,32,188,38.266666666666666,0.1735914796590805,0.26954638671533165
UBFC_PHYS_s15_T1_test,32,189,38.3,0.02273138239979744,-0.07567810338933299
UBFC_PHYS_s15_T1_test,32,190,38.333333333333336,-0.02176191844046116,-0.3445835198157552
UBFC_PHYS_s15_T1_test,32,191,38.36666666666667,0.26089799404144287,-0.5408508919791802
UBFC_PHYS_s15_T1_test,32,192,38.4,0.708206295967102,-0.6874612185493937
UBFC_PHYS_s15_T1_test,32,193,38.43333333333333,0.7742896676063538,-0.808649486222928
UBFC_PHYS_s15_T1_test,32,194,38.46666666666667,0.1672573685646057,-0.9130513042867608
UBFC_PHYS_s15_T1_test,32,195,38.5,-0.7612892389297485,-0.9858406756325993
UBFC_PHYS_s15_T1_test,32,196,38.53333333333333,-1.3902978897094727,-0.9932843492100385
UBFC_PHYS_s15_T1_test,32,197,38.56666666666667,-1.4473434686660767,-0.8973129027130542
UBFC_PHYS_s15_T1_test,32,198,38.6,-1.0664855241775513,-0.6736511440764341
UBFC_PHYS_s15_T1_test,32,199,38.63333333333333,-0.5120958685874939,-0.32619094652471986
UBFC_PHYS_s15_T1_test,32,200,38.666666666666664,0.009232764132320881,0.10768731257274268
UBFC_PHYS_s15_T1_test,32,201,38.7,0.3381819427013397,0.5626853326904443
UBFC_PHYS_s15_T1_test,32,202,38.733333333333334,0.4076254665851593,0.9604941257416757
UBFC_PHYS_s15_T1_test,32,203,38.766666666666666,0.32184454798698425,1.229718512808478
UBFC_PHYS_s15_T1_test,32,204,38.8,0.20812013745307922,1.3246625084072896
UBFC_PHYS_s15_T1_test,32,205,38.833333333333336,0.03269602730870247,1.236632608704642
UBFC_PHYS_s15_T1_test,32,206,38.86666666666667,-0.3112773597240448,0.9935781533252996
UBFC_PHYS_s15_T1_test,32,207,38.9,-0.8606460690498352,0.648431140914714
UBFC_PHYS_s15_T1_test,32,208,38.93333333333333,-1.5106267929077148,0.26174415835531123
UBFC_PHYS_s15_T1_test,32,209,38.96666666666667,-2.0445656776428223,-0.11366218730344049
UBFC_PHYS_s15_T1_test,32,210,39.0,-2.2623589038848877,-0.4412443621097354
UBFC_PHYS_s15_T1_test,32,211,39.03333333333333,-2.052811622619629,-0.7022275278544696
UBFC_PHYS_s15_T1_test,32,212,39.06666666666667,-1.4603979587554932,-0.8920082723081011
UBFC_PHYS_s15_T1_test,32,213,39.1,-0.6921740174293518,-1.01354859123478
UBFC_PHYS_s15_T1_test,32,214,39.13333333333333,-0.068302221596241,-1.0698515256754118
UBFC_PHYS_s15_T1_test,32,215,39.166666666666664,0.20582209527492523,-1.0580627696012614
UBFC_PHYS_s15_T1_test,32,216,39.2,0.1715058535337448,-0.9679570048380823
UBFC_PHYS_s15_T1_test,32,217,39.233333333333334,-0.050323374569416046,-0.7864533304590038
UBFC_PHYS_s15_T1_test,32,218,39.266666666666666,-0.4797300696372986,-0.5070569503922604
UBFC_PHYS_s15_T1_test,32,219,39.3,-1.1804416179656982,-0.14015063169976935
UBFC_PHYS_s15_T1_test,32,220,39.333333333333336,-2.0532171726226807,0.2811730808313141
UBFC_PHYS_s15_T1_test,32,221,39.36666666666667,-2.846796989440918,0.703439380793577
UBFC_PHYS_s15_T1_test,32,222,39.4,-3.2460780143737793,1.0631248595568819
UBFC_PHYS_s15_T1_test,32,223,39.43333333333333,-3.055436372756958,1.3012812919845498
UBFC_PHYS_s15_T1_test,32,224,39.46666666666667,-2.4232029914855957,1.3776000659460423
UBFC_PHYS_s15_T1_test,32,225,39.5,-1.7392148971557617,1.2799393270465729
UBFC_PHYS_s15_T1_test,32,226,39.53333333333333,-1.25631582736969,1.0268697958613373
UBFC_PHYS_s15_T1_test,32,227,39.56666666666667,-0.9340291023254395,0.6626284717670522
UBFC_PHYS_s15_T1_test,32,228,39.6,-0.6729978322982788,0.24600149445033645
UBFC_PHYS_s15_T1_test,32,229,39.63333333333333,-0.45082101225852966,-0.1634030702587916
UBFC_PHYS_s15_T1_test,32,230,39.666666666666664,-0.2699124813079834,-0.5171113644317709
UBFC_PHYS_s15_T1_test,32,231,39.7,-0.1075042188167572,-0.7844872156131807
UBFC_PHYS_s15_T1_test,32,232,39.733333333333334,0.04959344118833542,-0.9532938703603545
UBFC_PHYS_s15_T1_test,32,233,39.766666666666666,0.19176344573497772,-1.025835131442709
UBFC_PHYS_s15_T1_test,32,234,39.8,0.29612186551094055,-1.0134126088308688
UBFC_PHYS_s15_T1_test,32,235,39.833333333333336,0.3193727135658264,-0.9312766519634804
UBFC_PHYS_s15_T1_test,32,236,39.86666666666667,0.26153528690338135,-0.795063345868645
UBFC_PHYS_s15_T1_test,32,237,39.9,0.20418062806129456,-0.6187544298092904
UBFC_PHYS_s15_T1_test,32,238,39.93333333333333,0.17376528680324554,-0.41388810470662674
UBFC_PHYS_s15_T1_test,32,239,39.96666666666667,0.06876958906650543,-0.18993330391458854
UBFC_PHYS_s15_T1_test,33,0,33.0,0.12683875858783722,0.07757903201010266
UBFC_PHYS_s15_T1_test,33,1,33.03333333333333,0.11222007870674133,-0.1647045628980944
UBFC_PHYS_s15_T1_test,33,2,33.06666666666667,0.05254807323217392,-0.3761766462046755
UBFC_PHYS_s15_T1_test,33,3,33.1,-0.03190036490559578,-0.5222053722833205
UBFC_PHYS_s15_T1_test,33,4,33.13333333333333,-0.10904912650585175,-0.5660982499592054
UBFC_PHYS_s15_T1_test,33,5,33.166666666666664,-0.17866645753383636,-0.4774365811921475
UBFC_PHYS_s15_T1_test,33,6,33.2,-0.25963887572288513,-0.24467817188717178
UBFC_PHYS_s15_T1_test,33,7,33.233333333333334,-0.3622206449508667,0.11421033660148006
UBFC_PHYS_s15_T1_test,33,8,33.266666666666666,-0.4583524465560913,0.5493094263014793
UBFC_PHYS_s15_T1_test,33,9,33.3,-0.4675060212612152,0.9873567284936188
UBFC_PHYS_s15_T1_test,33,10,33.333333333333336,-0.34078505635261536,1.3495563893868452
UBFC_PHYS_s15_T1_test,33,11,33.36666666666667,-0.12652587890625,1.5725240273446526
UBFC_PHYS_s15_T1_test,33,12,33.4,0.07527750730514526,1.6243071716340047
UBFC_PHYS_s15_T1_test,33,13,33.43333333333333,0.20279021561145782,1.5090957198068167
UBFC_PHYS_s15_T1_test,33,14,33.46666666666667,0.25763437151908875,1.2594089605754075
UBFC_PHYS_s15_T1_test,33,15,33.5,0.25979724526405334,0.9204674311947657
UBFC_PHYS_s15_T1_test,33,16,33.53333333333333,0.21959106624126434,0.5347087069693065
UBFC_PHYS_s15_T1_test,33,17,33.56666666666667,0.1784772425889969,0.13306651577151526
UBFC_PHYS_s15_T1_test,33,18,33.6,0.18019595742225647,-0.26537007218039094
UBFC_PHYS_s15_T1_test,33,19,33.63333333333333,0.21117132902145386,-0.6482443287075677
UBFC_PHYS_s15_T1_test,33,20,33.666666666666664,0.22436097264289856,-1.0032111942965891
UBFC_PHYS_s15_T1_test,33,21,33.7,0.19763408601284027,-1.3122141458631922
UBFC_PHYS_s15_T1_test,33,22,33.733333333333334,0.13846418261528015,-1.5486339868469872
UBFC_PHYS_s15_T1_test,33,23,33.766666666666666,0.06869234889745712,-1.678982979439285
UBFC_PHYS_s15_T1_test,33,24,33.8,0.01265086978673935,-1.669930717847246
UBFC_PHYS_s15_T1_test,33,25,33.833333333333336,-0.021858474239706993,-1.499430684687254
UBFC_PHYS_s15_T1_test,33,26,33.86666666666667,-0.049357809126377106,-1.1682273104136256
UBFC_PHYS_s15_T1_test,33,27,33.9,-0.0992196574807167,-0.7066895889148871
UBFC_PHYS_s15_T1_test,33,28,33.93333333333333,-0.20104829967021942,-0.1730366567545668
UBFC_PHYS_s15_T1_test,33,29,33.96666666666667,-0.329275518655777,0.3576985371511628
UBFC_PHYS_s15_T1_test,33,30,34.0,-0.3936980962753296,0.8107075455177545
UBFC_PHYS_s15_T1_test,33,31,34.03333333333333,-0.3371545374393463,1.128636851613
UBFC_PHYS_s15_T1_test,33,32,34.06666666666667,-0.20674513280391693,1.2832862283660755
UBFC_PHYS_s15_T1_test,33,33,34.1,-0.066139355301857,1.278351889167044
UBFC_PHYS_s15_T1_test,33,34,34.13333333333333,0.047932665795087814,1.1430081178284253
UBFC_PHYS_s15_T1_test,33,35,34.166666666666664,0.11515539884567261,0.9190966296933029
UBFC_PHYS_s15_T1_test,33,36,34.2,0.13703513145446777,0.6466462716611326
UBFC_PHYS_s15_T1_test,33,37,34.233333333333334,0.13595370948314667,0.35302911721974933
UBFC_PHYS_s15_T1_test,33,38,34.266666666666666,0.13674546778202057,0.04999791393409109
UBFC_PHYS_s15_T1_test,33,39,34.3,0.15134483575820923,-0.2602923432020728
UBFC_PHYS_s15_T1_test,33,40,34.333333333333336,0.1707720309495926,-0.5736768971572525
UBFC_PHYS_s15_T1_test,33,41,34.36666666666667,0.18027320504188538,-0.8732229980778456
UBFC_PHYS_s15_T1_test,33,42,34.4,0.16953609883785248,-1.125095900922096
UBFC_PHYS_s15_T1_test,33,43,34.43333333333333,0.13421568274497986,-1.2833656546947096
UBFC_PHYS_s15_T1_test,33,44,34.46666666666667,0.07664861530065536,-1.3021656332265488
UBFC_PHYS_s15_T1_test,33,45,34.5,0.004308375529944897,-1.150927424063895
UBFC_PHYS_s15_T1_test,33,46,34.53333333333333,-0.0721258670091629,-0.8275767347267186
UBFC_PHYS_s15_T1_test,33,47,34.56666666666667,-0.1455475389957428,-0.3652309837961565
UBFC_PHYS_s15_T1_test,33,48,34.6,-0.23495899140834808,0.17050460796927452
UBFC_PHYS_s15_T1_test,33,49,34.63333333333333,-0.35405194759368896,0.6942476821522142
UBFC_PHYS_s15_T1_test,33,50,34.666666666666664,-0.44390755891799927,1.1211300109622913
UBFC_PHYS_s15_T1_test,33,51,34.7,-0.4111362397670746,1.3887933859787647
UBFC_PHYS_s15_T1_test,33,52,34.733333333333334,-0.23824191093444824,1.472816075048095
UBFC_PHYS_s15_T1_test,33,53,34.766666666666666,-0.011604159139096737,1.3888401628436224
UBFC_PHYS_s15_T1_test,33,54,34.8,0.17173759639263153,1.1809312521863111
UBFC_PHYS_s15_T1_test,33,55,34.833333333333336,0.287509024143219,0.9024761048162259
UBFC_PHYS_s15_T1_test,33,56,34.86666666666667,0.3446512222290039,0.5984462164612069
UBFC_PHYS_s15_T1_test,33,57,34.9,0.35283923149108887,0.29545971513640323
UBFC_PHYS_s15_T1_test,33,58,34.93333333333333,0.348339706659317,0.0012055739664241483
UBFC_PHYS_s15_T1_test,33,59,34.96666666666667,0.378310889005661,-0.28907789955260554
UBFC_PHYS_s15_T1_test,33,60,35.0,0.44721370935440063,-0.5823781969595139
UBFC_PHYS_s15_T1_test,33,61,35.03333333333333,0.5391163229942322,-0.8769566127897576
UBFC_PHYS_s15_T1_test,33,62,35.06666666666667,0.6409835815429688,-1.1540678114792602
UBFC_PHYS_s15_T1_test,33,63,35.1,0.7034557461738586,-1.375990455550445
UBFC_PHYS_s15_T1_test,33,64,35.13333333333333,0.6840671300888062,-1.4925510992533493
UBFC_PHYS_s15_T1_test,33,65,35.166666666666664,0.6298022866249084,-1.45529628808584
UBFC_PHYS_s15_T1_test,33,66,35.2,0.6142953038215637,-1.2351598581628105
UBFC_PHYS_s15_T1_test,33,67,35.233333333333334,0.6292423009872437,-0.8373632684853467
UBFC_PHYS_s15_T1_test,33,68,35.266666666666666,0.6216143369674683,-0.30745304713875066
UBFC_PHYS_s15_T1_test,33,69,35.3,0.5973206758499146,0.27502920073571047
UBFC_PHYS_s15_T1_test,33,70,35.333333333333336,0.6270021796226501,0.8145100542136592
UBFC_PHYS_s15_T1_test,33,71,35.36666666666667,0.8001861572265625,1.223853666067049
UBFC_PHYS_s15_T1_test,33,72,35.4,1.1458396911621094,1.4472985397299751
UBFC_PHYS_s15_T1_test,33,73,35.43333333333333,1.556958556175232,1.4735333491502305
UBFC_PHYS_s15_T1_test,33,74,35.46666666666667,1.8639893531799316,1.33349997586578
UBFC_PHYS_s15_T1_test,33,75,35.5,2.0024516582489014,1.0835852372434163
UBFC_PHYS_s15_T1_test,33,76,35.53333333333333,2.007298707962036,0.7820202394841886
UBFC_PHYS_s15_T1_test,33,77,35.56666666666667,1.9092551469802856,0.4697829623229908
UBFC_PHYS_s15_T1_test,33,78,35.6,1.750612497329712,0.16402984284231142
UBFC_PHYS_s15_T1_test,33,79,35.63333333333333,1.6077473163604736,-0.13539391706473194
UBFC_PHYS_s15_T1_test,33,80,35.666666666666664,1.489349603652954,-0.43242419490818107
UBFC_PHYS_s15_T1_test,33,81,35.7,1.326188087463379,-0.7223646027698055
UBFC_PHYS_s15_T1_test,33,82,35.733333333333334,1.0766278505325317,-0.9858509987788802
UBFC_PHYS_s15_T1_test,33,83,35.766666666666666,0.7505753636360168,-1.1900500270141152
UBFC_PHYS_s15_T1_test,33,84,35.8,0.38632509112358093,-1.295510306605705
UBFC_PHYS_s15_T1_test,33,85,35.833333333333336,0.003922148607671261,-1.266553073953664
UBFC_PHYS_s15_T1_test,33,86,35.86666666666667,-0.46839433908462524,-1.082842146157231
UBFC_PHYS_s15_T1_test,33,87,35.9,-1.125809907913208,-0.7492525618643643
UBFC_PHYS_s15_T1_test,33,88,35.93333333333333,-1.8989002704620361,-0.30076545586817294
UBFC_PHYS_s15_T1_test,33,89,35.96666666666667,-2.518465757369995,0.200378541061112
UBFC_PHYS_s15_T1_test,33,90,36.0,-2.69773268699646,0.6761106658927343
UBFC_PHYS_s15_T1_test,33,91,36.03333333333333,-2.3386964797973633,1.0503596247383062
UBFC_PHYS_s15_T1_test,33,92,36.06666666666667,-1.6416734457015991,1.2680679063683087
UBFC_PHYS_s15_T1_test,33,93,36.1,-0.8827188611030579,1.3088218353577696
UBFC_PHYS_s15_T1_test,33,94,36.13333333333333,-0.25857675075531006,1.189902306253216
UBFC_PHYS_s15_T1_test,33,95,36.166666666666664,0.1682615578174591,0.9574016586876097
UBFC_PHYS_s15_T1_test,33,96,36.2,0.4597274363040924,0.668801979093052
UBFC_PHYS_s15_T1_test,33,97,36.233333333333334,0.7624518275260925,0.3738466108395092
UBFC_PHYS_s15_T1_test,33,98,36.266666666666666,1.189019799232483,0.10099400460641776
UBFC_PHYS_s15_T1_test,33,99,36.3,1.6550793647766113,-0.14579011341924142
UBFC_PHYS_s15_T1_test,33,100,36.333333333333336,1.8714241981506348,-0.37942500343721547
UBFC_PHYS_s15_T1_test,33,101,36.36666666666667,1.5987675189971924,-0.6150579970267451
UBFC_PHYS_s15_T1_test,33,102,36.4,0.9484585523605347,-0.8547290668580503
UBFC_PHYS_s15_T1_test,33,103,36.43333333333333,0.3191989064216614,-1.0778836404014234
UBFC_PHYS_s15_T1_test,33,104,36.46666666666667,0.017324211075901985,-1.2420247973191358
UBFC_PHYS_s15_T1_test,33,105,36.5,0.06861510127782822,-1.293983555908175
UBFC_PHYS_s15_T1_test,33,106,36.53333333333333,0.3634411692619324,-1.1882203659992083
UBFC_PHYS_s15_T1_test,33,107,36.56666666666667,0.7538389563560486,-0.9057474804619255
UBFC_PHYS_s15_T1_test,33,108,36.6,1.0533190965652466,-0.46673264624102073
UBFC_PHYS_s15_T1_test,33,109,36.63333333333333,1.0751022100448608,0.06830761389717496
UBFC_PHYS_s15_T1_test,33,110,36.666666666666664,0.7795616388320923,0.6102584528914741
UBFC_PHYS_s15_T1_test,33,111,36.7,0.34188970923423767,1.0634423853598185
UBFC_PHYS_s15_T1_test,33,112,36.733333333333334,-0.05590434744954109,1.351577891541826
UBFC_PHYS_s15_T1_test,33,113,36.766666666666666,-0.5185651779174805,1.438930253516378
UBFC_PHYS_s15_T1_test,33,114,36.8,-1.2712241411209106,1.3381055054778914
UBFC_PHYS_s15_T1_test,33,115,36.833333333333336,-2.131234884262085,1.1005276747293673
UBFC_PHYS_s15_T1_test,33,116,36.86666666666667,-2.5947840213775635,0.7939426756017524
UBFC_PHYS_s15_T1_test,33,117,36.9,-2.4114229679107666,0.47772578634874535
UBFC_PHYS_s15_T1_test,33,118,36.93333333333333,-1.7834571599960327,0.18650896720148563
UBFC_PHYS_s15_T1_test,33,119,36.96666666666667,-1.06837797164917,-0.07291709270305588
UBFC_PHYS_s15_T1_test,33,120,37.0,-0.5498301982879639,-0.31292196692592844
UBFC_PHYS_s15_T1_test,33,121,37.03333333333333,-0.3909558951854706,-0.5501855063163784
UBFC_PHYS_s15_T1_test,33,122,37.06666666666667,-0.5411787033081055,-0.7910294073934717
UBFC_PHYS_s15_T1_test,33,123,37.1,-0.8648751974105835,-1.0218875758892063
UBFC_PHYS_s15_T1_test,33,124,37.13333333333333,-1.2841434478759766,-1.2079778643482906
UBFC_PHYS_s15_T1_test,33,125,37.166666666666664,-1.6714321374893188,-1.3010239308970546
UBFC_PHYS_s15_T1_test,33,126,37.2,-1.70549738407135,-1.2541138742987872
UBFC_PHYS_s15_T1_test,33,127,37.233333333333334,-1.1735281944274902,-1.0391361191111597
UBFC_PHYS_s15_T1_test,33,128,37.266666666666666,-0.4594918191432953,-0.6608291999060782
UBFC_PHYS_s15_T1_test,33,129,37.3,-0.27557072043418884,-0.16221118814452043
UBFC_PHYS_s15_T1_test,33,130,37.333333333333336,-0.7398536801338196,0.3810511959756853
UBFC_PHYS_s15_T1_test,33,131,37.36666666666667,-1.3480446338653564,0.8764036393573714
UBFC_PHYS_s15_T1_test,33,132,37.4,-1.6475054025650024,1.2367423021625088
UBFC_PHYS_s15_T1_test,33,133,37.43333333333333,-1.4937100410461426,1.4036267739287969
UBFC_PHYS_s15_T1_test,33,134,37.46666666666667,-0.8716341853141785,1.363900277671288
UBFC_PHYS_s15_T1_test,33,135,37.5,0.125680074095726,1.1525728254635614
UBFC_PHYS_s15_T1_test,33,136,37.53333333333333,1.2939189672470093,0.8388921550085741
UBFC_PHYS_s15_T1_test,33,137,37.56666666666667,2.334876775741577,0.4998789905797343
UBFC_PHYS_s15_T1_test,33,138,37.6,2.7370545864105225,0.19290631045532897
UBFC_PHYS_s15_T1_test,33,139,37.63333333333333,2.072223424911499,-0.05962198380211039
UBFC_PHYS_s15_T1_test,33,140,37.666666666666664,0.7114892601966858,-0.26738840698093774
UBFC_PHYS_s15_T1_test,33,141,37.7,-0.36930790543556213,-0.4551697525314585
UBFC_PHYS_s15_T1_test,33,142,37.733333333333334,-0.6688845157623291,-0.6421312088913579
UBFC_PHYS_s15_T1_test,33,143,37.766666666666666,-0.4654010832309723,-0.8275796358626004
UBFC_PHYS_s15_T1_test,33,144,37.8,-0.14133766293525696,-0.9881854434010537
UBFC_PHYS_s15_T1_test,33,145,37.833333333333336,0.10501695424318314,-1.0855490395385234
UBFC_PHYS_s15_T1_test,33,146,37.86666666666667,0.04206202179193497,-1.0794178625599016
UBFC_PHYS_s15_T1_test,33,147,37.9,-0.4001867175102234,-0.9414815178317711
UBFC_PHYS_s15_T1_test,33,148,37.93333333333333,-0.900137722492218,-0.6661228890368812
UBFC_PHYS_s15_T1_test,33,149,37.96666666666667,-1.1123305559158325,-0.2760487267297552
UBFC_PHYS_s15_T1_test,33,150,38.0,-1.0399516820907593,0.1785293903640488
UBFC_PHYS_s15_T1_test,33,151,38.03333333333333,-0.8702244758605957,0.6278597315480328
UBFC_PHYS_s15_T1_test,33,152,38.06666666666667,-0.8250938653945923,0.9969604916197755
UBFC_PHYS_s15_T1_test,33,153,38.1,-1.0407048463821411,1.2232791606630604
UBFC_PHYS_s15_T1_test,33,154,38.13333333333333,-1.2369658946990967,1.272788237293678
UBFC_PHYS_s15_T1_test,33,155,38.166666666666664,-0.961933970451355,1.1490687848159848
UBFC_PHYS_s15_T1_test,33,156,38.2,-0.32730576395988464,0.8915085033992383
UBFC_PHYS_s15_T1_test,33,157,38.233333333333334,0.12554489076137543,0.5623169425295576
UBFC_PHYS_s15_T1_test,33,158,38.266666666666666,0.1735914796590805,0.2265023768411967
UBFC_PHYS_s15_T1_test,33,159,38.3,0.02273138239979744,-0.06776415448050518
UBFC_PHYS_s15_T1_test,33,160,38.333333333333336,-0.02176191844046116,-0.30067675771380037
UBFC_PHYS_s15_T1_test,33,161,38.36666666666667,0.26089799404144287,-0.4796790096924044
UBFC_PHYS_s15_T1_test,33,162,38.4,0.708206295967102,-0.6266970437355324
UBFC_PHYS_s15_T1_test,33,163,38.43333333333333,0.7742896676063538,-0.7599783852745556
UBFC_PHYS_s15_T1_test,33,164,38.46666666666667,0.1672573685646057,-0.8791777375000623
UBFC_PHYS_s15_T1_test,33,165,38.5,-0.7612892389297485,-0.9606993518497117
UBFC_PHYS_s15_T1_test,33,166,38.53333333333333,-1.3902978897094727,-0.9654283947316232
UBFC_PHYS_s15_T1_test,33,167,38.56666666666667,-1.4473434686660767,-0.8554039574600368
UBFC_PHYS_s15_T1_test,33,168,38.6,-1.0664855241775513,-0.6123757620011531
UBFC_PHYS_s15_T1_test,33,169,38.63333333333333,-0.5120958685874939,-0.2507150790546128
UBFC_PHYS_s15_T1_test,33,170,38.666666666666664,0.009232764132320881,0.18047367196069242
UBFC_PHYS_s15_T1_test,33,171,38.7,0.3381819427013397,0.6072656709871388
UBFC_PHYS_s15_T1_test,33,172,38.733333333333334,0.4076254665851593,0.9500613641145049
UBFC_PHYS_s15_T1_test,33,173,38.766666666666666,0.32184454798698425,1.1459640576880852
UBFC_PHYS_s15_T1_test,33,174,38.8,0.20812013745307922,1.1667258632500779
UBFC_PHYS_s15_T1_test,33,175,38.833333333333336,0.03269602730870247,1.0254675087161294
UBFC_PHYS_s15_T1_test,33,176,38.86666666666667,-0.3112773597240448,0.7692147793877447
UBFC_PHYS_s15_T1_test,33,177,38.9,-0.8606460690498352,0.46018696422752614
UBFC_PHYS_s15_T1_test,33,178,38.93333333333333,-1.5106267929077148,0.15419573546277765
UBFC_PHYS_s15_T1_test,33,179,38.96666666666667,-2.0445656776428223,-0.11430506788361751
UBFC_PHYS_s15_T1_test,33,180,39.0,-2.2623589038848877,-0.33546125418068645
UBFC_PHYS_s15_T1_test,33,181,39.03333333333333,-2.052811622619629,-0.5168925269666274
UBFC_PHYS_s15_T1_test,33,182,39.06666666666667,-1.4603979587554932,-0.671335320768825
UBFC_PHYS_s15_T1_test,33,183,39.1,-0.6921740174293518,-0.804685470051704
UBFC_PHYS_s15_T1_test,33,184,39.13333333333333,-0.068302221596241,-0.9087084743091984
UBFC_PHYS_s15_T1_test,33,185,39.166666666666664,0.20582209527492523,-0.9605903778747209
UBFC_PHYS_s15_T1_test,33,186,39.2,0.1715058535337448,-0.9293225434670775
UBFC_PHYS_s15_T1_test,33,187,39.233333333333334,-0.050323374569416046,-0.7869980825370003
UBFC_PHYS_s15_T1_test,33,188,39.266666666666666,-0.4797300696372986,-0.5216236567891092
UBFC_PHYS_s15_T1_test,33,189,39.3,-1.1804416179656982,-0.14721184233099013
UBFC_PHYS_s15_T1_test,33,190,39.333333333333336,-2.0532171726226807,0.29292369234385385
UBFC_PHYS_s15_T1_test,33,191,39.36666666666667,-2.846796989440918,0.7320904524107728
UBFC_PHYS_s15_T1_test,33,192,39.4,-3.2460780143737793,1.094685984018068
UBFC_PHYS_s15_T1_test,33,193,39.43333333333333,-3.055436372756958,1.3152435809285559
UBFC_PHYS_s15_T1_test,33,194,39.46666666666667,-2.4232029914855957,1.3560611609843902
UBFC_PHYS_s15_T1_test,33,195,39.5,-1.7392148971557617,1.2173891221561142
UBFC_PHYS_s15_T1_test,33,196,39.53333333333333,-1.25631582736969,0.9362114678186697
UBFC_PHYS_s15_T1_test,33,197,39.56666666666667,-0.9340291023254395,0.5735109912679275
UBFC_PHYS_s15_T1_test,33,198,39.6,-0.6729978322982788,0.19447290997032735
UBFC_PHYS_s15_T1_test,33,199,39.63333333333333,-0.45082101225852966,-0.15073281222877627
UBFC_PHYS_s15_T1_test,33,200,39.666666666666664,-0.2699124813079834,-0.43797719689448217
UBFC_PHYS_s15_T1_test,33,201,39.7,-0.1075042188167572,-0.6679428344208262
UBFC_PHYS_s15_T1_test,33,202,39.733333333333334,0.04959344118833542,-0.8542024823692413
UBFC_PHYS_s15_T1_test,33,203,39.766666666666666,0.19176344573497772,-1.0069670329444027
UBFC_PHYS_s15_T1_test,33,204,39.8,0.29612186551094055,-1.1203823367557884
UBFC_PHYS_s15_T1_test,33,205,39.833333333333336,0.3193727135658264,-1.1692552140577923
UBFC_PHYS_s15_T1_test,33,206,39.86666666666667,0.26153528690338135,-1.1168895465166135
UBFC_PHYS_s15_T1_test,33,207,39.9,0.20418062806129456,-0.931099332744359
UBFC_PHYS_s15_T1_test,33,208,39.93333333333333,0.17376528680324554,-0.6020969254196425
UBFC_PHYS_s15_T1_test,33,209,39.96666666666667,0.06876958906650543,-0.154887808675514
UBFC_PHYS_s15_T1_test,33,210,40.0,-0.15587909519672394,0.34962067900202914
UBFC_PHYS_s15_T1_test,33,211,40.03333333333333,-0.2998064160346985,0.8267445695070778
UBFC_PHYS_s15_T1_test,33,212,40.06666666666667,-0.08844393491744995,1.1902918912405025
UBFC_PHYS_s15_T1_test,33,213,40.1,0.48736196756362915,1.3773020380836924
UBFC_PHYS_s15_T1_test,33,214,40.13333333333333,1.1563836336135864,1.3655188279763777
UBFC_PHYS_s15_T1_test,33,215,40.166666666666664,1.6908632516860962,1.176340973183075
UBFC_PHYS_s15_T1_test,33,216,40.2,2.075737953186035,0.8627765801171012
UBFC_PHYS_s15_T1_test,33,217,40.233333333333334,2.32614803314209,0.4889510703711059
UBFC_PHYS_s15_T1_test,33,218,40.266666666666666,2.358842134475708,0.1106324937943766
UBFC_PHYS_s15_T1_test,33,219,40.3,2.1383068561553955,-0.2359321655941871
UBFC_PHYS_s15_T1_test,33,220,40.333333333333336,1.807020902633667,-0.5348329146917143
UBFC_PHYS_s15_T1_test,33,221,40.36666666666667,1.5799583196640015,-0.7837022127053247
UBFC_PHYS_s15_T1_test,33,222,40.4,1.5651079416275024,-0.9838422860349851
UBFC_PHYS_s15_T1_test,33,223,40.43333333333333,1.6904963254928589,-1.1313120347886143
UBFC_PHYS_s15_T1_test,33,224,40.46666666666667,1.7916491031646729,-1.2119920833633633
UBFC_PHYS_s15_T1_test,33,225,40.5,1.7206027507781982,-1.2025187373279247
UBFC_PHYS_s15_T1_test,33,226,40.53333333333333,1.3624740839004517,-1.0773878370995622
UBFC_PHYS_s15_T1_test,33,227,40.56666666666667,0.689049482345581,-0.8203678139185739
UBFC_PHYS_s15_T1_test,33,228,40.6,-0.21224886178970337,-0.4361635102524816
UBFC_PHYS_s15_T1_test,33,229,40.63333333333333,-1.1515904664993286,0.042660035195293725
UBFC_PHYS_s15_T1_test,33,230,40.666666666666664,-1.9514464139938354,0.5572235745277214
UBFC_PHYS_s15_T1_test,33,231,40.7,-2.4799587726593018,1.0331609351811937
UBFC_PHYS_s15_T1_test,33,232,40.733333333333334,-2.548243761062622,1.398165137596346
UBFC_PHYS_s15_T1_test,33,233,40.766666666666666,-1.9784051179885864,1.6007634849243733
UBFC_PHYS_s15_T1_test,33,234,40.8,-0.9486477375030518,1.623351623115353
UBFC_PHYS_s15_T1_test,33,235,40.833333333333336,0.051910798996686935,1.483868087973541
UBFC_PHYS_s15_T1_test,33,236,40.86666666666667,0.7071248888969421,1.2250251187290129
UBFC_PHYS_s15_T1_test,33,237,40.9,1.0544776916503906,0.8958510091290627
UBFC_PHYS_s15_T1_test,33,238,40.93333333333333,1.2212311029434204,0.5343913935785526
UBFC_PHYS_s15_T1_test,33,239,40.96666666666667,1.251916766166687,0.16007045176024443
UBFC_PHYS_s15_T1_test,34,0,34.0,-0.3936980962753296,-0.11229350881315786
UBFC_PHYS_s15_T1_test,34,1,34.03333333333333,-0.3371545374393463,0.5363046321161689
UBFC_PHYS_s15_T1_test,34,2,34.06666666666667,-0.20674513280391693,1.0747975072729095
UBFC_PHYS_s15_T1_test,34,3,34.1,-0.066139355301857,1.4188732521980252
UBFC_PHYS_s15_T1_test,34,4,34.13333333333333,0.047932665795087814,1.5310229085278453
UBFC_PHYS_s15_T1_test,34,5,34.166666666666664,0.11515539884567261,1.424590989947836
UBFC_PHYS_s15_T1_test,34,6,34.2,0.13703513145446777,1.1512928766028998
UBFC_PHYS_s15_T1_test,34,7,34.233333333333334,0.13595370948314667,0.7787327007514824
UBFC_PHYS_s15_T1_test,34,8,34.266666666666666,0.13674546778202057,0.36851079626580985
UBFC_PHYS_s15_T1_test,34,9,34.3,0.15134483575820923,-0.036280034711906266
UBFC_PHYS_s15_T1_test,34,10,34.333333333333336,0.1707720309495926,-0.4112858938242558
UBFC_PHYS_s15_T1_test,34,11,34.36666666666667,0.18027320504188538,-0.7423131203002786
UBFC_PHYS_s15_T1_test,34,12,34.4,0.16953609883785248,-1.0147865664797853
UBFC_PHYS_s15_T1_test,34,13,34.43333333333333,0.13421568274497986,-1.2074873076468755
UBFC_PHYS_s15_T1_test,34,14,34.46666666666667,0.07664861530065536,-1.2934082929116626
UBFC_PHYS_s15_T1_test,34,15,34.5,0.004308375529944897,-1.2468895225952477
UBFC_PHYS_s15_T1_test,34,16,34.53333333333333,-0.0721258670091629,-1.0540993077124494
UBFC_PHYS_s15_T1_test,34,17,34.56666666666667,-0.1455475389957428,-0.7229862113860827
UBFC_PHYS_s15_T1_test,34,18,34.6,-0.23495899140834808,-0.2883062362267485
UBFC_PHYS_s15_T1_test,34,19,34.63333333333333,-0.35405194759368896,0.1917929967306807
UBFC_PHYS_s15_T1_test,34,20,34.666666666666664,-0.44390755891799927,0.6480038643616094
UBFC_PHYS_s15_T1_test,34,21,34.7,-0.4111362397670746,1.0170180409801637
UBFC_PHYS_s15_T1_test,34,22,34.733333333333334,-0.23824191093444824,1.2567340799381737
UBFC_PHYS_s15_T1_test,34,23,34.766666666666666,-0.011604159139096737,1.3531996848287644
UBFC_PHYS_s15_T1_test,34,24,34.8,0.17173759639263153,1.3173504571600714
UBFC_PHYS_s15_T1_test,34,25,34.833333333333336,0.287509024143219,1.1747506205575045
UBFC_PHYS_s15_T1_test,34,26,34.86666666666667,0.3446512222290039,0.9540368318423222
UBFC_PHYS_s15_T1_test,34,27,34.9,0.35283923149108887,0.6788501257631234
UBFC_PHYS_s15_T1_test,34,28,34.93333333333333,0.348339706659317,0.36511998601193274
UBFC_PHYS_s15_T1_test,34,29,34.96666666666667,0.378310889005661,0.022960161583883233
UBFC_PHYS_s15_T1_test,34,30,35.0,0.44721370935440063,-0.33844619520698
UBFC_PHYS_s15_T1_test,34,31,35.03333333333333,0.5391163229942322,-0.7046329033038272
UBFC_PHYS_s15_T1_test,34,32,35.06666666666667,0.6409835815429688,-1.0504370832812109
UBFC_PHYS_s15_T1_test,34,33,35.1,0.7034557461738586,-1.3380724615568726
UBFC_PHYS_s15_T1_test,34,34,35.13333333333333,0.6840671300888062,-1.5209787937256354
UBFC_PHYS_s15_T1_test,34,35,35.166666666666664,0.6298022866249084,-1.5539039036524276
UBFC_PHYS_s15_T1_test,34,36,35.2,0.6142953038215637,-1.4068684922387857
UBFC_PHYS_s15_T1_test,34,37,35.233333333333334,0.6292423009872437,-1.0783139343754786
UBFC_PHYS_s15_T1_test,34,38,35.266666666666666,0.6216143369674683,-0.6021878885486424
UBFC_PHYS_s15_T1_test,34,39,35.3,0.5973206758499146,-0.04518065642448487
UBFC_PHYS_s15_T1_test,34,40,35.333333333333336,0.6270021796226501,0.5066893170431706
UBFC_PHYS_s15_T1_test,34,41,35.36666666666667,0.8001861572265625,0.9689805605842994
UBFC_PHYS_s15_T1_test,34,42,35.4,1.1458396911621094,1.2803397460343584
UBFC_PHYS_s15_T1_test,34,43,35.43333333333333,1.556958556175232,1.416464074815193
UBFC_PHYS_s15_T1_test,34,44,35.46666666666667,1.8639893531799316,1.3909980522325742
UBFC_PHYS_s15_T1_test,34,45,35.5,2.0024516582489014,1.2434377823533822
UBFC_PHYS_s15_T1_test,34,46,35.53333333333333,2.007298707962036,1.0199778850179941
UBFC_PHYS_s15_T1_test,34,47,35.56666666666667,1.9092551469802856,0.7562358600792537
UBFC_PHYS_s15_T1_test,34,48,35.6,1.750612497329712,0.4691776902145234
UBFC_PHYS_s15_T1_test,34,49,35.63333333333333,1.6077473163604736,0.16041191358650614
UBFC_PHYS_s15_T1_test,34,50,35.666666666666664,1.489349603652954,-0.17272005502167462
UBFC_PHYS_s15_T1_test,34,51,35.7,1.326188087463379,-0.5248137147582814
UBFC_PHYS_s15_T1_test,34,52,35.733333333333334,1.0766278505325317,-0.8742679059945184
UBFC_PHYS_s15_T1_test,34,53,35.766666666666666,0.7505753636360168,-1.1818113436073012
UBFC_PHYS_s15_T1_test,34,54,35.8,0.38632509112358093,-1.3960367980274142
UBFC_PHYS_s15_T1_test,34,55,35.833333333333336,0.003922148607671261,-1.465034273925672
UBFC_PHYS_s15_T1_test,34,56,35.86666666666667,-0.46839433908462524,-1.3517391712520022
UBFC_PHYS_s15_T1_test,34,57,35.9,-1.125809907913208,-1.0488684695138573
UBFC_PHYS_s15_T1_test,34,58,35.93333333333333,-1.8989002704620361,-0.5881187472349706
UBFC_PHYS_s15_T1_test,34,59,35.96666666666667,-2.518465757369995,-0.03870332448282053
UBFC_PHYS_s15_T1_test,34,60,36.0,-2.69773268699646,0.5068974786502757
UBFC_PHYS_s15_T1_test,34,61,36.03333333333333,-2.3386964797973633,0.9569517957383719
UBFC_PHYS_s15_T1_test,34,62,36.06666666666667,-1.6416734457015991,1.245679654689468
UBFC_PHYS_s15_T1_test,34,63,36.1,-0.8827188611030579,1.3492493206182998
UBFC_PHYS_s15_T1_test,34,64,36.13333333333333,-0.25857675075531006,1.2864165278348063
UBFC_PHYS_s15_T1_test,34,65,36.166666666666664,0.1682615578174591,1.1049690063144448
UBFC_PHYS_s15_T1_test,34,66,36.2,0.4597274363040924,0.8608220384004328
UBFC_PHYS_s15_T1_test,34,67,36.233333333333334,0.7624518275260925,0.5984398403374703
UBFC_PHYS_s15_T1_test,34,68,36.266666666666666,1.189019799232483,0.3394210121972758
UBFC_PHYS_s15_T1_test,34,69,36.3,1.6550793647766113,0.08227864432991851
UBFC_PHYS_s15_T1_test,34,70,36.333333333333336,1.8714241981506348,-0.1875252788877296
UBFC_PHYS_s15_T1_test,34,71,36.36666666666667,1.5987675189971924,-0.4816606176175302
UBFC_PHYS_s15_T1_test,34,72,36.4,0.9484585523605347,-0.7938504399867191
UBFC_PHYS_s15_T1_test,34,73,36.43333333333333,0.3191989064216614,-1.0923228709001056
UBFC_PHYS_s15_T1_test,34,74,36.46666666666667,0.017324211075901985,-1.3234643214426345
UBFC_PHYS_s15_T1_test,34,75,36.5,0.06861510127782822,-1.4258849216759295
UBFC_PHYS_s15_T1_test,34,76,36.53333333333333,0.3634411692619324,-1.350332185840332
UBFC_PHYS_s15_T1_test,34,77,36.56666666666667,0.7538389563560486,-1.0788156732403262
UBFC_PHYS_s15_T1_test,34,78,36.6,1.0533190965652466,-0.636187347355092
UBFC_PHYS_s15_T1_test,34,79,36.63333333333333,1.0751022100448608,-0.08930423180457853
UBFC_PHYS_s15_T1_test,34,80,36.666666666666664,0.7795616388320923,0.46745525527175685
UBFC_PHYS_s15_T1_test,34,81,36.7,0.34188970923423767,0.9368235660941616
UBFC_PHYS_s15_T1_test,34,82,36.733333333333334,-0.05590434744954109,1.2455122173680357
UBFC_PHYS_s15_T1_test,34,83,36.766666666666666,-0.5185651779174805,1.363410456464978
UBFC_PHYS_s15_T1_test,34,84,36.8,-1.2712241411209106,1.3073255657631577
UBFC_PHYS_s15_T1_test,34,85,36.833333333333336,-2.131234884262085,1.127759613163065
UBFC_PHYS_s15_T1_test,34,86,36.86666666666667,-2.5947840213775635,0.8852233749211637
UBFC_PHYS_s15_T1_test,34,87,36.9,-2.4114229679107666,0.6273557248711145
UBFC_PHYS_s15_T1_test,34,88,36.93333333333333,-1.7834571599960327,0.37634606647251984
UBFC_PHYS_s15_T1_test,34,89,36.96666666666667,-1.06837797164917,0.12986934485512225
UBFC_PHYS_s15_T1_test,34,90,37.0,-0.5498301982879639,-0.1276186780569533
UBFC_PHYS_s15_T1_test,34,91,37.03333333333333,-0.3909558951854706,-0.4096193996216909
UBFC_PHYS_s15_T1_test,34,92,37.06666666666667,-0.5411787033081055,-0.7142450356784491
UBFC_PHYS_s15_T1_test,34,93,37.1,-0.8648751974105835,-1.0166282584940907
UBFC_PHYS_s15_T1_test,34,94,37.13333333333333,-1.2841434478759766,-1.269509858932671
UBFC_PHYS_s15_T1_test,34,95,37.166666666666664,-1.6714321374893188,-1.413022414477891
UBFC_PHYS_s15_T1_test,34,96,37.2,-1.70549738407135,-1.392044837989038
UBFC_PHYS_s15_T1_test,34,97,37.233333333333334,-1.1735281944274902,-1.176195968242652
UBFC_PHYS_s15_T1_test,34,98,37.266666666666666,-0.4594918191432953,-0.7752889617200616
UBFC_PHYS_s15_T1_test,34,99,37.3,-0.27557072043418884,-0.24352447511334022
UBFC_PHYS_s15_T1_test,34,100,37.333333333333336,-0.7398536801338196,0.3306381376840294
UBFC_PHYS_s15_T1_test,34,101,37.36666666666667,-1.3480446338653564,0.8465312860916536
UBFC_PHYS_s15_T1_test,34,102,37.4,-1.6475054025650024,1.2180215343602123
UBFC_PHYS_s15_T1_test,34,103,37.43333333333333,-1.4937100410461426,1.395748339455788
UBFC_PHYS_s15_T1_test,34,104,37.46666666666667,-0.8716341853141785,1.3774343278139625
UBFC_PHYS_s15_T1_test,34,105,37.5,0.125680074095726,1.203094003017973
UBFC_PHYS_s15_T1_test,34,106,37.53333333333333,1.2939189672470093,0.9368923237198155
UBFC_PHYS_s15_T1_test,34,107,37.56666666666667,2.334876775741577,0.6422180330908422
UBFC_PHYS_s15_T1_test,34,108,37.6,2.7370545864105225,0.3600372410896081
UBFC_PHYS_s15_T1_test,34,109,37.63333333333333,2.072223424911499,0.09996021487545242
UBFC_PHYS_s15_T1_test,34,110,37.666666666666664,0.7114892601966858,-0.1525386019900399
UBFC_PHYS_s15_T1_test,34,111,37.7,-0.36930790543556213,-0.41745326328749444
UBFC_PHYS_s15_T1_test,34,112,37.733333333333334,-0.6688845157623291,-0.7002959320456841
UBFC_PHYS_s15_T1_test,34,113,37.766666666666666,-0.4654010832309723,-0.9807528069129403
UBFC_PHYS_s15_T1_test,34,114,37.8,-0.14133766293525696,-1.2142638171054048
UBFC_PHYS_s15_T1_test,34,115,37.833333333333336,0.10501695424318314,-1.3443708085595234
UBFC_PHYS_s15_T1_test,34,116,37.86666666666667,0.04206202179193497,-1.3204180930127911
UBFC_PHYS_s15_T1_test,34,117,37.9,-0.4001867175102234,-1.1149891717311402
UBFC_PHYS_s15_T1_test,34,118,37.93333333333333,-0.900137722492218,-0.7362986528784402
UBFC_PHYS_s15_T1_test,34,119,37.96666666666667,-1.1123305559158325,-0.23177042308202914
UBFC_PHYS_s15_T1_test,34,120,38.0,-1.0399516820907593,0.3194501651023602
UBFC_PHYS_s15_T1_test,34,121,38.03333333333333,-0.8702244758605957,0.8244189430158035
UBFC_PHYS_s15_T1_test,34,122,38.06666666666667,-0.8250938653945923,1.1999640661528328
UBFC_PHYS_s15_T1_test,34,123,38.1,-1.0407048463821411,1.3938787770567176
UBFC_PHYS_s15_T1_test,34,124,38.13333333333333,-1.2369658946990967,1.3958380716949024
UBFC_PHYS_s15_T1_test,34,125,38.166666666666664,-0.961933970451355,1.2342791943699445
UBFC_PHYS_s15_T1_test,34,126,38.2,-0.32730576395988464,0.9618462133888848
UBFC_PHYS_s15_T1_test,34,127,38.233333333333334,0.12554489076137543,0.6365962260702409
UBFC_PHYS_s15_T1_test,34,128,38.266666666666666,0.1735914796590805,0.30622117111144614
UBFC_PHYS_s15_T1_test,34,129,38.3,0.02273138239979744,-0.0005546659582187324
UBFC_PHYS_s15_T1_test,34,130,38.333333333333336,-0.02176191844046116,-0.27455036860272075
UBFC_PHYS_s15_T1_test,34,131,38.36666666666667,0.26089799404144287,-0.5199532380100522
UBFC_PHYS_s15_T1_test,34,132,38.4,0.708206295967102,-0.7437675578438357
UBFC_PHYS_s15_T1_test,34,133,38.43333333333333,0.7742896676063538,-0.9443440881623846
UBFC_PHYS_s15_T1_test,34,134,38.46666666666667,0.1672573685646057,-1.1037326074679241
UBFC_PHYS_s15_T1_test,34,135,38.5,-0.7612892389297485,-1.1883016531804405
UBFC_PHYS_s15_T1_test,34,136,38.53333333333333,-1.3902978897094727,-1.1588553075927868
UBFC_PHYS_s15_T1_test,34,137,38.56666666666667,-1.4473434686660767,-0.9868751251917498
UBFC_PHYS_s15_T1_test,34,138,38.6,-1.0664855241775513,-0.6702042472783798
UBFC_PHYS_s15_T1_test,34,139,38.63333333333333,-0.5120958685874939,-0.24112487342498085
UBFC_PHYS_s15_T1_test,34,140,38.666666666666664,0.009232764132320881,0.2374028094832428
UBFC_PHYS_s15_T1_test,34,141,38.7,0.3381819427013397,0.686729065209428
UBFC_PHYS_s15_T1_test,34,142,38.733333333333334,0.4076254665851593,1.0333554560959657
UBFC_PHYS_s15_T1_test,34,143,38.766666666666666,0.32184454798698425,1.227902596675944
UBFC_PHYS_s15_T1_test,34,144,38.8,0.20812013745307922,1.2556635949396349
UBFC_PHYS_s15_T1_test,34,145,38.833333333333336,0.03269602730870247,1.1357568813876335
UBFC_PHYS_s15_T1_test,34,146,38.86666666666667,-0.3112773597240448,0.9099577824984746
UBFC_PHYS_s15_T1_test,34,147,38.9,-0.8606460690498352,0.6259910942532629
UBFC_PHYS_s15_T1_test,34,148,38.93333333333333,-1.5106267929077148,0.32246996051306015
UBFC_PHYS_s15_T1_test,34,149,38.96666666666667,-2.0445656776428223,0.02179431913081338
UBFC_PHYS_s15_T1_test,34,150,39.0,-2.2623589038848877,-0.2672813064134856
UBFC_PHYS_s15_T1_test,34,151,39.03333333333333,-2.052811622619629,-0.5408497709242105
UBFC_PHYS_s15_T1_test,34,152,39.06666666666667,-1.4603979587554932,-0.7904757043394582
UBFC_PHYS_s15_T1_test,34,153,39.1,-0.6921740174293518,-0.9978364448057695
UBFC_PHYS_s15_T1_test,34,154,39.13333333333333,-0.068302221596241,-1.1352828983720513
UBFC_PHYS_s15_T1_test,34,155,39.166666666666664,0.20582209527492523,-1.1716652102981742
UBFC_PHYS_s15_T1_test,34,156,39.2,0.1715058535337448,-1.0813629370736477
UBFC_PHYS_s15_T1_test,34,157,39.233333333333334,-0.050323374569416046,-0.8540068494735964
UBFC_PHYS_s15_T1_test,34,158,39.266666666666666,-0.4797300696372986,-0.5022115004014884
UBFC_PHYS_s15_T1_test,34,159,39.3,-1.1804416179656982,-0.06451244632413916
UBFC_PHYS_s15_T1_test,34,160,39.333333333333336,-2.0532171726226807,0.3989154903881611
UBFC_PHYS_s15_T1_test,34,161,39.36666666666667,-2.846796989440918,0.8182324459961581
UBFC_PHYS_s15_T1_test,34,162,39.4,-3.2460780143737793,1.1305343011155087
UBFC_PHYS_s15_T1_test,34,163,39.43333333333333,-3.055436372756958,1.2951562803688728
UBFC_PHYS_s15_T1_test,34,164,39.46666666666667,-2.4232029914855957,1.3018840840327721
UBFC_PHYS_s15_T1_test,34,165,39.5,-1.7392148971557617,1.1693668524418928
UBFC_PHYS_s15_T1_test,34,166,39.53333333333333,-1.25631582736969,0.935282041909467
UBFC_PHYS_s15_T1_test,34,167,39.56666666666667,-0.9340291023254395,0.6428241817914826
UBFC_PHYS_s15_T1_test,34,168,39.6,-0.6729978322982788,0.3284978633073772
UBFC_PHYS_s15_T1_test,34,169,39.63333333333333,-0.45082101225852966,0.014849512401940346
UBFC_PHYS_s15_T1_test,34,170,39.666666666666664,-0.2699124813079834,-0.2899440210779316
UBFC_PHYS_s15_T1_test,34,171,39.7,-0.1075042188167572,-0.5856794431546556
UBFC_PHYS_s15_T1_test,34,172,39.733333333333334,0.04959344118833542,-0.8693858429647954
UBFC_PHYS_s15_T1_test,34,173,39.766666666666666,0.19176344573497772,-1.1249162678104698
UBFC_PHYS_s15_T1_test,34,174,39.8,0.29612186551094055,-1.3183790728227107
UBFC_PHYS_s15_T1_test,34,175,39.833333333333336,0.3193727135658264,-1.4032351809073031
UBFC_PHYS_s15_T1_test,34,176,39.86666666666667,0.26153528690338135,-1.3347385557853928
UBFC_PHYS_s15_T1_test,34,177,39.9,0.20418062806129456,-1.0887536304406862
UBFC_PHYS_s15_T1_test,34,178,39.93333333333333,0.17376528680324554,-0.6772664007170877
UBFC_PHYS_s15_T1_test,34,179,39.96666666666667,0.06876958906650543,-0.1533121307417319
UBFC_PHYS_s15_T1_test,34,180,40.0,-0.15587909519672394,0.39844970408487307
UBFC_PHYS_s15_T1_test,34,181,40.03333333333333,-0.2998064160346985,0.8836204666741776
UBFC_PHYS_s15_T1_test,34,182,40.06666666666667,-0.08844393491744995,1.2247582367632641
UBFC_PHYS_s15_T1_test,34,183,40.1,0.48736196756362915,1.3823947053174923
UBFC_PHYS_s15_T1_test,34,184,40.13333333333333,1.1563836336135864,1.3619523622837928
UBFC_PHYS_s15_T1_test,34,185,40.166666666666664,1.6908632516860962,1.2043324977244065
UBFC_PHYS_s15_T1_test,34,186,40.2,2.075737953186035,0.9653105984692802
UBFC_PHYS_s15_T1_test,34,187,40.233333333333334,2.32614803314209,0.6936105339884017
UBFC_PHYS_s15_T1_test,34,188,40.266666666666666,2.358842134475708,0.4171211549442294
UBFC_PHYS_s15_T1_test,34,189,40.3,2.1383068561553955,0.14171384612737073
UBFC_PHYS_s15_T1_test,34,190,40.333333333333336,1.807020902633667,-0.139496411698711
UBFC_PHYS_s15_T1_test,34,191,40.36666666666667,1.5799583196640015,-0.4327940046681323
UBFC_PHYS_s15_T1_test,34,192,40.4,1.5651079416275024,-0.7324650673497538
UBFC_PHYS_s15_T1_test,34,193,40.43333333333333,1.6904963254928589,-1.0148039543385163
UBFC_PHYS_s15_T1_test,34,194,40.46666666666667,1.7916491031646729,-1.2389840987120861
UBFC_PHYS_s15_T1_test,34,195,40.5,1.7206027507781982,-1.3550358817951567
UBFC_PHYS_s15_T1_test,34,196,40.53333333333333,1.3624740839004517,-1.317619639028946
UBFC_PHYS_s15_T1_test,34,197,40.56666666666667,0.689049482345581,-1.102191202696225
UBFC_PHYS_s15_T1_test,34,198,40.6,-0.21224886178970337,-0.718276640839528
UBFC_PHYS_s15_T1_test,34,199,40.63333333333333,-1.1515904664993286,-0.21418166337474878
UBFC_PHYS_s15_T1_test,34,200,40.666666666666664,-1.9514464139938354,0.3304517448650566
UBFC_PHYS_s15_T1_test,34,201,40.7,-2.4799587726593018,0.8234152193242781
UBFC_PHYS_s15_T1_test,34,202,40.733333333333334,-2.548243761062622,1.1840964917825836
UBFC_PHYS_s15_T1_test,34,203,40.766666666666666,-1.9784051179885864,1.3642233846832401
UBFC_PHYS_s15_T1_test,34,204,40.8,-0.9486477375030518,1.357712250656133
UBFC_PHYS_s15_T1_test,34,205,40.833333333333336,0.051910798996686935,1.1967297168307565
UBFC_PHYS_s15_T1_test,34,206,40.86666666666667,0.7071248888969421,0.9364230217244266
UBFC_PHYS_s15_T1_test,34,207,40.9,1.0544776916503906,0.634704979721672
UBFC_PHYS_s15_T1_test,34,208,40.93333333333333,1.2212311029434204,0.33471545784946144
UBFC_PHYS_s15_T1_test,34,209,40.96666666666667,1.251916766166687,0.05600300953148294
UBFC_PHYS_s15_T1_test,34,210,41.0,1.2058593034744263,-0.2031506561007874
UBFC_PHYS_s15_T1_test,34,211,41.03333333333333,1.117007851600647,-0.45425705467711625
UBFC_PHYS_s15_T1_test,34,212,41.06666666666667,0.9116511344909668,-0.7036404097201744
UBFC_PHYS_s15_T1_test,34,213,41.1,0.6215370893478394,-0.9408270964827686
UBFC_PHYS_s15_T1_test,34,214,41.13333333333333,0.42857825756073,-1.135366978267502
UBFC_PHYS_s15_T1_test,34,215,41.166666666666664,0.3752790093421936,-1.2434915807052207
UBFC_PHYS_s15_T1_test,34,216,41.2,0.31240132451057434,-1.222302286688419
UBFC_PHYS_s15_T1_test,34,217,41.233333333333334,0.1415926069021225,-1.0464250963798982
UBFC_PHYS_s15_T1_test,34,218,41.266666666666666,-0.09595604240894318,-0.7208707654377302
UBFC_PHYS_s15_T1_test,34,219,41.3,-0.33286741375923157,-0.2848746364821815
UBFC_PHYS_s15_T1_test,34,220,41.333333333333336,-0.5477059483528137,0.19525893355214463
UBFC_PHYS_s15_T1_test,34,221,41.36666666666667,-0.6838508248329163,0.642183863018841
UBFC_PHYS_s15_T1_test,34,222,41.4,-0.6119354367256165,0.9870646811757539
UBFC_PHYS_s15_T1_test,34,223,41.43333333333333,-0.29237157106399536,1.1859566656144322
UBFC_PHYS_s15_T1_test,34,224,41.46666666666667,0.13738274574279785,1.227318661902519
UBFC_PHYS_s15_T1_test,34,225,41.5,0.5228175520896912,1.1285473546115188
UBFC_PHYS_s15_T1_test,34,226,41.53333333333333,0.7846598625183105,0.9244802028188388
UBFC_PHYS_s15_T1_test,34,227,41.56666666666667,0.8704794049263,0.6542324737546844
UBFC_PHYS_s15_T1_test,34,228,41.6,0.7962659597396851,0.3521432601172763
UBFC_PHYS_s15_T1_test,34,229,41.63333333333333,0.7221104502677917,0.04492377686315376
UBFC_PHYS_s15_T1_test,34,230,41.666666666666664,0.7683610916137695,-0.24685103717330784
UBFC_PHYS_s15_T1_test,34,231,41.7,0.8247115612030029,-0.5063127468013169
UBFC_PHYS_s15_T1_test,34,232,41.733333333333334,0.7368063926696777,-0.718836528973276
UBFC_PHYS_s15_T1_test,34,233,41.766666666666666,0.5513597130775452,-0.8713683769434855
UBFC_PHYS_s15_T1_test,34,234,41.8,0.3350535035133362,-0.9521343571019395
UBFC_PHYS_s15_T1_test,34,235,41.833333333333336,-0.007954318076372147,-0.9512914648169106
UBFC_PHYS_s15_T1_test,34,236,41.86666666666667,-0.5226784944534302,-0.8633584906390678
UBFC_PHYS_s15_T1_test,34,237,41.9,-1.0774929523468018,-0.6911099215069998
UBFC_PHYS_s15_T1_test,34,238,41.93333333333333,-1.50048828125,-0.44881688225478283
UBFC_PHYS_s15_T1_test,34,239,41.96666666666667,-1.6808174848556519,-0.16233421526471942
UBFC_PHYS_s15_T1_test,35,0,35.0,0.44721370935440063,0.027784692081277818
UBFC_PHYS_s15_T1_test,35,1,35.03333333333333,0.5391163229942322,-0.04064978263742507
UBFC_PHYS_s15_T1_test,35,2,35.06666666666667,0.6409835815429688,-0.1565800371675319
UBFC_PHYS_s15_T1_test,35,3,35.1,0.7034557461738586,-0.3369998803598337
UBFC_PHYS_s15_T1_test,35,4,35.13333333333333,0.6840671300888062,-0.5517935077465218
UBFC_PHYS_s15_T1_test,35,5,35.166666666666664,0.6298022866249084,-0.7297744693647218
UBFC_PHYS_s15_T1_test,35,6,35.2,0.6142953038215637,-0.7852617080353645
UBFC_PHYS_s15_T1_test,35,7,35.233333333333334,0.6292423009872437,-0.6533671391763026
UBFC_PHYS_s15_T1_test,35,8,35.266666666666666,0.6216143369674683,-0.31895290209514077
UBFC_PHYS_s15_T1_test,35,9,35.3,0.5973206758499146,0.172155131842483
UBFC_PHYS_s15_T1_test,35,10,35.333333333333336,0.6270021796226501,0.7238528753200065
UBFC_PHYS_s15_T1_test,35,11,35.36666666666667,0.8001861572265625,1.218395864071024
UBFC_PHYS_s15_T1_test,35,12,35.4,1.1458396911621094,1.552458828439514
UBFC_PHYS_s15_T1_test,35,13,35.43333333333333,1.556958556175232,1.6672956007734887
UBFC_PHYS_s15_T1_test,35,14,35.46666666666667,1.8639893531799316,1.561975783933792
UBFC_PHYS_s15_T1_test,35,15,35.5,2.0024516582489014,1.2855615305050843
UBFC_PHYS_s15_T1_test,35,16,35.53333333333333,2.007298707962036,0.9130157024870006
UBFC_PHYS_s15_T1_test,35,17,35.56666666666667,1.9092551469802856,0.5163103442577506
UBFC_PHYS_s15_T1_test,35,18,35.6,1.750612497329712,0.14314980496581295
UBFC_PHYS_s15_T1_test,35,19,35.63333333333333,1.6077473163604736,-0.18936003117673905
UBFC_PHYS_s15_T1_test,35,20,35.666666666666664,1.489349603652954,-0.4869196148121578
UBFC_PHYS_s15_T1_test,35,21,35.7,1.326188087463379,-0.7629387753259731
UBFC_PHYS_s15_T1_test,35,22,35.733333333333334,1.0766278505325317,-1.0235599773845985
UBFC_PHYS_s15_T1_test,35,23,35.766666666666666,0.7505753636360168,-1.257661802586205
UBFC_PHYS_s15_T1_test,35,24,35.8,0.38632509112358093,-1.4344731733685745
UBFC_PHYS_s15_T1_test,35,25,35.833333333333336,0.003922148607671261,-1.5098577826618722
UBFC_PHYS_s15_T1_test,35,26,35.86666666666667,-0.46839433908462524,-1.4402598941656595
UBFC_PHYS_s15_T1_test,35,27,35.9,-1.125809907913208,-1.2005376099620186
UBFC_PHYS_s15_T1_test,35,28,35.93333333333333,-1.8989002704620361,-0.7994014156966965
UBFC_PHYS_s15_T1_test,35,29,35.96666666666667,-2.518465757369995,-0.28568251359551283
UBFC_PHYS_s15_T1_test,35,30,36.0,-2.69773268699646,0.25871160112701463
UBFC_PHYS_s15_T1_test,35,31,36.03333333333333,-2.3386964797973633,0.7384199703517561
UBFC_PHYS_s15_T1_test,35,32,36.06666666666667,-1.6416734457015991,1.0709999251319253
UBFC_PHYS_s15_T1_test,35,33,36.1,-0.8827188611030579,1.210867474877174
UBFC_PHYS_s15_T1_test,35,34,36.13333333333333,-0.25857675075531006,1.1615454766152233
UBFC_PHYS_s15_T1_test,35,35,36.166666666666664,0.1682615578174591,0.9708860756784758
UBFC_PHYS_s15_T1_test,35,36,36.2,0.4597274363040924,0.7108270179086846
UBFC_PHYS_s15_T1_test,35,37,36.233333333333334,0.7624518275260925,0.4497722090766665
UBFC_PHYS_s15_T1_test,35,38,36.266666666666666,1.189019799232483,0.22861978057553023
UBFC_PHYS_s15_T1_test,35,39,36.3,1.6550793647766113,0.050027157613541845
UBFC_PHYS_s15_T1_test,35,40,36.333333333333336,1.8714241981506348,-0.11452220966051035
UBFC_PHYS_s15_T1_test,35,41,36.36666666666667,1.5987675189971924,-0.3028200014531022
UBFC_PHYS_s15_T1_test,35,42,36.4,0.9484585523605347,-0.5356065926608479
UBFC_PHYS_s15_T1_test,35,43,36.43333333333333,0.3191989064216614,-0.7987298472809122
UBFC_PHYS_s15_T1_test,35,44,36.46666666666667,0.017324211075901985,-1.0418617483137103
UBFC_PHYS_s15_T1_test,35,45,36.5,0.06861510127782822,-1.193545908683953
UBFC_PHYS_s15_T1_test,35,46,36.53333333333333,0.3634411692619324,-1.1860126750169042
UBFC_PHYS_s15_T1_test,35,47,36.56666666666667,0.7538389563560486,-0.9805849951030278
UBFC_PHYS_s15_T1_test,35,48,36.6,1.0533190965652466,-0.585007332769258
UBFC_PHYS_s15_T1_test,35,49,36.63333333333333,1.0751022100448608,-0.056840845688768224
UBFC_PHYS_s15_T1_test,35,50,36.666666666666664,0.7795616388320923,0.508696798477842
UBFC_PHYS_s15_T1_test,35,51,36.7,0.34188970923423767,1.0034290832073745
UBFC_PHYS_s15_T1_test,35,52,36.733333333333334,-0.05590434744954109,1.3363631060463947
UBFC_PHYS_s15_T1_test,35,53,36.766666666666666,-0.5185651779174805,1.4594751063597873
UBFC_PHYS_s15_T1_test,35,54,36.8,-1.2712241411209106,1.3792692655085586
UBFC_PHYS_s15_T1_test,35,55,36.833333333333336,-2.131234884262085,1.1487765447841005
UBFC_PHYS_s15_T1_test,35,56,36.86666666666667,-2.5947840213775635,0.8433716917235954
UBFC_PHYS_s15_T1_test,35,57,36.9,-2.4114229679107666,0.531513741494473
UBFC_PHYS_s15_T1_test,35,58,36.93333333333333,-1.7834571599960327,0.2530987161175149
UBFC_PHYS_s15_T1_test,35,59,36.96666666666667,-1.06837797164917,0.013238526659279302
UBFC_PHYS_s15_T1_test,35,60,37.0,-0.5498301982879639,-0.2086348131007602
UBFC_PHYS_s15_T1_test,35,61,37.03333333333333,-0.3909558951854706,-0.4406114321699615
UBFC_PHYS_s15_T1_test,35,62,37.06666666666667,-0.5411787033081055,-0.6989642583686191
UBFC_PHYS_s15_T1_test,35,63,37.1,-0.8648751974105835,-0.9741248477186207
UBFC_PHYS_s15_T1_test,35,64,37.13333333333333,-1.2841434478759766,-1.226637723342995
UBFC_PHYS_s15_T1_test,35,65,37.166666666666664,-1.6714321374893188,-1.3952585550527412
UBFC_PHYS_s15_T1_test,35,66,37.2,-1.70549738407135,-1.4154430955062143
UBFC_PHYS_s15_T1_test,35,67,37.233333333333334,-1.1735281944274902,-1.2423858026722745
UBFC_PHYS_s15_T1_test,35,68,37.266666666666666,-0.4594918191432953,-0.8705427897466916
UBFC_PHYS_s15_T1_test,35,69,37.3,-0.27557072043418884,-0.3423976040905791
UBFC_PHYS_s15_T1_test,35,70,37.333333333333336,-0.7398536801338196,0.25714166736709226
UBFC_PHYS_s15_T1_test,35,71,37.36666666666667,-1.3480446338653564,0.819732814551914
UBFC_PHYS_s15_T1_test,35,72,37.4,-1.6475054025650024,1.2412132124142194
UBFC_PHYS_s15_T1_test,35,73,37.43333333333333,-1.4937100410461426,1.450281206566312
UBFC_PHYS_s15_T1_test,35,74,37.46666666666667,-0.8716341853141785,1.4289978891449224
UBFC_PHYS_s15_T1_test,35,75,37.5,0.125680074095726,1.216731894969514
UBFC_PHYS_s15_T1_test,35,76,37.53333333333333,1.2939189672470093,0.893986540155448
UBFC_PHYS_s15_T1_test,35,77,37.56666666666667,2.334876775741577,0.5509204007978348
UBFC_PHYS_s15_T1_test,35,78,37.6,2.7370545864105225,0.2539036496616991
UBFC_PHYS_s15_T1_test,35,79,37.63333333333333,2.072223424911499,0.025726266300847175
UBFC_PHYS_s15_T1_test,35,80,37.666666666666664,0.7114892601966858,-0.15221547304093802
UBFC_PHYS_s15_T1_test,35,81,37.7,-0.36930790543556213,-0.31928475066997825
UBFC_PHYS_s15_T1_test,35,82,37.733333333333334,-0.6688845157623291,-0.508631995500522
UBFC_PHYS_s15_T1_test,35,83,37.766666666666666,-0.4654010832309723,-0.7270555223675045
UBFC_PHYS_s15_T1_test,35,84,37.8,-0.14133766293525696,-0.9490353908022204
UBFC_PHYS_s15_T1_test,35,85,37.833333333333336,0.10501695424318314,-1.124565945362961
UBFC_PHYS_s15_T1_test,35,86,37.86666666666667,0.04206202179193497,-1.1957156114257186
UBFC_PHYS_s15_T1_test,35,87,37.9,-0.4001867175102234,-1.115761714043681
UBFC_PHYS_s15_T1_test,35,88,37.93333333333333,-0.900137722492218,-0.8655382378046048
UBFC_PHYS_s15_T1_test,35,89,37.96666666666667,-1.1123305559158325,-0.4630144594842541
UBFC_PHYS_s15_T1_test,35,90,38.0,-1.0399516820907593,0.036406294021465606
UBFC_PHYS_s15_T1_test,35,91,38.03333333333333,-0.8702244758605957,0.5497160847003136
UBFC_PHYS_s15_T1_test,35,92,38.06666666666667,-0.8250938653945923,0.9848953412267066
UBFC_PHYS_s15_T1_test,35,93,38.1,-1.0407048463821411,1.2640308187876892
UBFC_PHYS_s15_T1_test,35,94,38.13333333333333,-1.2369658946990967,1.344030816737693
UBFC_PHYS_s15_T1_test,35,95,38.166666666666664,-0.961933970451355,1.2275669305994181
UBFC_PHYS_s15_T1_test,35,96,38.2,-0.32730576395988464,0.959939546422749
UBFC_PHYS_s15_T1_test,35,97,38.233333333333334,0.12554489076137543,0.612754308070779
UBFC_PHYS_s15_T1_test,35,98,38.266666666666666,0.1735914796590805,0.2601364689965122
UBFC_PHYS_s15_T1_test,35,99,38.3,0.02273138239979744,-0.043952046656203246
UBFC_PHYS_s15_T1_test,35,100,38.333333333333336,-0.02176191844046116,-0.278808386745883
UBFC_PHYS_s15_T1_test,35,101,38.36666666666667,0.26089799404144287,-0.4554343861094335
UBFC_PHYS_s15_T1_test,35,102,38.4,0.708206295967102,-0.6012791853794792
UBFC_PHYS_s15_T1_test,35,103,38.43333333333333,0.7742896676063538,-0.7384514184173712
UBFC_PHYS_s15_T1_test,35,104,38.46666666666667,0.1672573685646057,-0.866013327932061
UBFC_PHYS_s15_T1_test,35,105,38.5,-0.7612892389297485,-0.9553013706195004
UBFC_PHYS_s15_T1_test,35,106,38.53333333333333,-1.3902978897094727,-0.9606619246798537
UBFC_PHYS_s15_T1_test,35,107,38.56666666666667,-1.4473434686660767,-0.8403981071681688
UBFC_PHYS_s15_T1_test,35,108,38.6,-1.0664855241775513,-0.5783662231743099
UBFC_PHYS_s15_T1_test,35,109,38.63333333333333,-0.5120958685874939,-0.19691324395765866
UBFC_PHYS_s15_T1_test,35,110,38.666666666666664,0.009232764132320881,0.24423491267222128
UBFC_PHYS_s15_T1_test,35,111,38.7,0.3381819427013397,0.6629193068979787
UBFC_PHYS_s15_T1_test,35,112,38.733333333333334,0.4076254665851593,0.9780111173140994
UBFC_PHYS_s15_T1_test,35,113,38.766666666666666,0.32184454798698425,1.133142266667527
UBFC_PHYS_s15_T1_test,35,114,38.8,0.20812013745307922,1.1124504916492006
UBFC_PHYS_s15_T1_test,35,115,38.833333333333336,0.03269602730870247,0.9427148612318028
UBFC_PHYS_s15_T1_test,35,116,38.86666666666667,-0.3112773597240448,0.680776792308291
UBFC_PHYS_s15_T1_test,35,117,38.9,-0.8606460690498352,0.3908991804005687
UBFC_PHYS_s15_T1_test,35,118,38.93333333333333,-1.5106267929077148,0.12183064959404828
UBFC_PHYS_s15_T1_test,35,119,38.96666666666667,-2.0445656776428223,-0.10610083500426531
UBFC_PHYS_s15_T1_test,35,120,39.0,-2.2623589038848877,-0.2992250867436087
UBFC_PHYS_s15_T1_test,35,121,39.03333333333333,-2.052811622619629,-0.47724252718618737
UBFC_PHYS_s15_T1_test,35,122,39.06666666666667,-1.4603979587554932,-0.6561287028480983
UBFC_PHYS_s15_T1_test,35,123,39.1,-0.6921740174293518,-0.8348505773848737
UBFC_PHYS_s15_T1_test,35,124,39.13333333333333,-0.068302221596241,-0.9903374554163152
UBFC_PHYS_s15_T1_test,35,125,39.166666666666664,0.20582209527492523,-1.0815973237997396
UBFC_PHYS_s15_T1_test,35,126,39.2,0.1715058535337448,-1.061670832435268
UBFC_PHYS_s15_T1_test,35,127,39.233333333333334,-0.050323374569416046,-0.894499589398402
UBFC_PHYS_s15_T1_test,35,128,39.266666666666666,-0.4797300696372986,-0.5717502429890128
UBFC_PHYS_s15_T1_test,35,129,39.3,-1.1804416179656982,-0.12326891098175817
UBFC_PHYS_s15_T1_test,35,130,39.333333333333336,-2.0532171726226807,0.38415820733000594
UBFC_PHYS_s15_T1_test,35,131,39.36666666666667,-2.846796989440918,0.8612775577664976
UBFC_PHYS_s15_T1_test,35,132,39.4,-3.2460780143737793,1.2202190532305677
UBFC_PHYS_s15_T1_test,35,133,39.43333333333333,-3.055436372756958,1.3993996111050617
UBFC_PHYS_s15_T1_test,35,134,39.46666666666667,-2.4232029914855957,1.3800727334877174
UBFC_PHYS_s15_T1_test,35,135,39.5,-1.7392148971557617,1.1883085942011729
UBFC_PHYS_s15_T1_test,35,136,39.53333333333333,-1.25631582736969,0.8823683917733579
UBFC_PHYS_s15_T1_test,35,137,39.56666666666667,-0.9340291023254395,0.531227729296322
UBFC_PHYS_s15_T1_test,35,138,39.6,-0.6729978322982788,0.19254346365721317
UBFC_PHYS_s15_T1_test,35,139,39.63333333333333,-0.45082101225852966,-0.10233021362988694
UBFC_PHYS_s15_T1_test,35,140,39.666666666666664,-0.2699124813079834,-0.351359298923571
UBFC_PHYS_s15_T1_test,35,141,39.7,-0.1075042188167572,-0.5721654064072772
UBFC_PHYS_s15_T1_test,35,142,39.733333333333334,0.04959344118833542,-0.7839579694307315
UBFC_PHYS_s15_T1_test,35,143,39.766666666666666,0.19176344573497772,-0.9891460175987535
UBFC_PHYS_s15_T1_test,35,144,39.8,0.29612186551094055,-1.1632963620953198
UBFC_PHYS_s15_T1_test,35,145,39.833333333333336,0.3193727135658264,-1.2587791491772329
UBFC_PHYS_s15_T1_test,35,146,39.86666666666667,0.26153528690338135,-1.2213820035330256
UBFC_PHYS_s15_T1_test,35,147,39.9,0.20418062806129456,-1.0134029559886981
UBFC_PHYS_s15_T1_test,35,148,39.93333333333333,0.17376528680324554,-0.6340107119195807
UBFC_PHYS_s15_T1_test,35,149,39.96666666666667,0.06876958906650543,-0.1284838080143135
UBFC_PHYS_s15_T1_test,35,150,40.0,-0.15587909519672394,0.41847781026271214
UBFC_PHYS_s15_T1_test,35,151,40.03333333333333,-0.2998064160346985,0.9046464236095993
UBFC_PHYS_s15_T1_test,35,152,40.06666666666667,-0.08844393491744995,1.2405182011895173
UBFC_PHYS_s15_T1_test,35,153,40.1,0.48736196756362915,1.3766936761899604
UBFC_PHYS_s15_T1_test,35,154,40.13333333333333,1.1563836336135864,1.316959859963883
UBFC_PHYS_s15_T1_test,35,155,40.166666666666664,1.6908632516860962,1.1110230010359543
UBFC_PHYS_s15_T1_test,35,156,40.2,2.075737953186035,0.8303179131012814
UBFC_PHYS_s15_T1_test,35,157,40.233333333333334,2.32614803314209,0.5386368220297427
UBFC_PHYS_s15_T1_test,35,158,40.266666666666666,2.358842134475708,0.27129116371862294
UBFC_PHYS_s15_T1_test,35,159,40.3,2.1383068561553955,0.030988456677354774
UBFC_PHYS_s15_T1_test,35,160,40.333333333333336,1.807020902633667,-0.2010472057397435
UBFC_PHYS_s15_T1_test,35,161,40.36666666666667,1.5799583196640015,-0.4471068901645633
UBFC_PHYS_s15_T1_test,35,162,40.4,1.5651079416275024,-0.7165102401567405
UBFC_PHYS_s15_T1_test,35,163,40.43333333333333,1.6904963254928589,-0.9951762784732759
UBFC_PHYS_s15_T1_test,35,164,40.46666666666667,1.7916491031646729,-1.2433373624286463
UBFC_PHYS_s15_T1_test,35,165,40.5,1.7206027507781982,-1.4024829432691508
UBFC_PHYS_s15_T1_test,35,166,40.53333333333333,1.3624740839004517,-1.4110701743347869
UBFC_PHYS_s15_T1_test,35,167,40.56666666666667,0.689049482345581,-1.2256439805850987
UBFC_PHYS_s15_T1_test,35,168,40.6,-0.21224886178970337,-0.8407033805407357
UBFC_PHYS_s15_T1_test,35,169,40.63333333333333,-1.1515904664993286,-0.2992942925454808
UBFC_PHYS_s15_T1_test,35,170,40.666666666666664,-1.9514464139938354,0.31136137026924987
UBFC_PHYS_s15_T1_test,35,171,40.7,-2.4799587726593018,0.879715907952927
UBFC_PHYS_s15_T1_test,35,172,40.733333333333334,-2.548243761062622,1.299934723033406
UBFC_PHYS_s15_T1_test,35,173,40.766666666666666,-1.9784051179885864,1.5023673686703742
UBFC_PHYS_s15_T1_test,35,174,40.8,-0.9486477375030518,1.4732857243012512
UBFC_PHYS_s15_T1_test,35,175,40.833333333333336,0.051910798996686935,1.255791344164688
UBFC_PHYS_s15_T1_test,35,176,40.86666666666667,0.7071248888969421,0.9310083639018467
UBFC_PHYS_s15_T1_test,35,177,40.9,1.0544776916503906,0.58692730071467
UBFC_PHYS_s15_T1_test,35,178,40.93333333333333,1.2212311029434204,0.28758590021503844
UBFC_PHYS_s15_T1_test,35,179,40.96666666666667,1.251916766166687,0.05512708902958394
UBFC_PHYS_s15_T1_test,35,180,41.0,1.2058593034744263,-0.128502101127766
UBFC_PHYS_s15_T1_test,35,181,41.03333333333333,1.117007851600647,-0.30232408076776124
UBFC_PHYS_s15_T1_test,35,182,41.06666666666667,0.9116511344909668,-0.499548611104937
UBFC_PHYS_s15_T1_test,35,183,41.1,0.6215370893478394,-0.725927432703382
UBFC_PHYS_s15_T1_test,35,184,41.13333333333333,0.42857825756073,-0.9521364899250506
UBFC_PHYS_s15_T1_test,35,185,41.166666666666664,0.3752790093421936,-1.121964167424694
UBFC_PHYS_s15_T1_test,35,186,41.2,0.31240132451057434,-1.172008109155978
UBFC_PHYS_s15_T1_test,35,187,41.233333333333334,0.1415926069021225,-1.055350511461814
UBFC_PHYS_s15_T1_test,35,188,41.266666666666666,-0.09595604240894318,-0.7611912011334233
UBFC_PHYS_s15_T1_test,35,189,41.3,-0.33286741375923157,-0.3239920620984555
UBFC_PHYS_s15_T1_test,35,190,41.333333333333336,-0.5477059483528137,0.18137394048011568
UBFC_PHYS_s15_T1_test,35,191,41.36666666666667,-0.6838508248329163,0.6580783946542965
UBFC_PHYS_s15_T1_test,35,192,41.4,-0.6119354367256165,1.0145830402977596
UBFC_PHYS_s15_T1_test,35,193,41.43333333333333,-0.29237157106399536,1.1917836182230392
UBFC_PHYS_s15_T1_test,35,194,41.46666666666667,0.13738274574279785,1.1793209772219797
UBFC_PHYS_s15_T1_test,35,195,41.5,0.5228175520896912,1.013610562382942
UBFC_PHYS_s15_T1_test,35,196,41.53333333333333,0.7846598625183105,0.7587178747975211
UBFC_PHYS_s15_T1_test,35,197,41.56666666666667,0.8704794049263,0.47969409346454994
UBFC_PHYS_s15_T1_test,35,198,41.6,0.7962659597396851,0.2206214705169083
UBFC_PHYS_s15_T1_test,35,199,41.63333333333333,0.7221104502677917,-0.0043419769770654155
UBFC_PHYS_s15_T1_test,35,200,41.666666666666664,0.7683610916137695,-0.20596316832809813
UBFC_PHYS_s15_T1_test,35,201,41.7,0.8247115612030029,-0.40596198439680925
UBFC_PHYS_s15_T1_test,35,202,41.733333333333334,0.7368063926696777,-0.6206741468650265
UBFC_PHYS_s15_T1_test,35,203,41.766666666666666,0.5513597130775452,-0.8477717770428878
UBFC_PHYS_s15_T1_test,35,204,41.8,0.3350535035133362,-1.0600796244730317
UBFC_PHYS_s15_T1_test,35,205,41.833333333333336,-0.007954318076372147,-1.2090842902945385
UBFC_PHYS_s15_T1_test,35,206,41.86666666666667,-0.5226784944534302,-1.2382910008023336
UBFC_PHYS_s15_T1_test,35,207,41.9,-1.0774929523468018,-1.1030794864425377
UBFC_PHYS_s15_T1_test,35,208,41.93333333333333,-1.50048828125,-0.7903139185250124
UBFC_PHYS_s15_T1_test,35,209,41.96666666666667,-1.6808174848556519,-0.3298591125118935
UBFC_PHYS_s15_T1_test,35,210,42.0,-1.652024269104004,0.20732784994740422
UBFC_PHYS_s15_T1_test,35,211,42.03333333333333,-1.599342942237854,0.7249558059578243
UBFC_PHYS_s15_T1_test,35,212,42.06666666666667,-1.5553903579711914,1.1264821120666284
UBFC_PHYS_s15_T1_test,35,213,42.1,-1.2970048189163208,1.3416919964730405
UBFC_PHYS_s15_T1_test,35,214,42.13333333333333,-0.7708097100257874,1.3461364202301171
UBFC_PHYS_s15_T1_test,35,215,42.166666666666664,-0.24644923210144043,1.1665224103434766
UBFC_PHYS_s15_T1_test,35,216,42.2,0.07962255924940109,0.8691972896184594
UBFC_PHYS_s15_T1_test,35,217,42.233333333333334,0.265764445066452,0.5350808714397229
UBFC_PHYS_s15_T1_test,35,218,42.266666666666666,0.392697811126709,0.23099599590230058
UBFC_PHYS_s15_T1_test,35,219,42.3,0.4955306351184845,-0.010165996318549256
UBFC_PHYS_s15_T1_test,35,220,42.333333333333336,0.6560657024383545,-0.19246250368900397
UBFC_PHYS_s15_T1_test,35,221,42.36666666666667,0.8863533139228821,-0.34371364325399134
UBFC_PHYS_s15_T1_test,35,222,42.4,1.0720317363739014,-0.4941595873948992
UBFC_PHYS_s15_T1_test,35,223,42.43333333333333,1.16360604763031,-0.6574480535967256
UBFC_PHYS_s15_T1_test,35,224,42.46666666666667,1.2495994567871094,-0.8213024864930702
UBFC_PHYS_s15_T1_test,35,225,42.5,1.3785024881362915,-0.9497676870718544
UBFC_PHYS_s15_T1_test,35,226,42.53333333333333,1.4827643632888794,-0.9948183778253785
UBFC_PHYS_s15_T1_test,35,227,42.56666666666667,1.5217925310134888,-0.913028149537974
UBFC_PHYS_s15_T1_test,35,228,42.6,1.509433388710022,-0.6821194845408958
UBFC_PHYS_s15_T1_test,35,229,42.63333333333333,1.4279974699020386,-0.31230495304672384
UBFC_PHYS_s15_T1_test,35,230,42.666666666666664,1.2197633981704712,0.15144738078866762
UBFC_PHYS_s15_T1_test,35,231,42.7,0.8613837957382202,0.6376531274818562
UBFC_PHYS_s15_T1_test,35,232,42.733333333333334,0.4301811158657074,1.0651553539949585
UBFC_PHYS_s15_T1_test,35,233,42.766666666666666,0.11975149810314178,1.3634341894241098
UBFC_PHYS_s15_T1_test,35,234,42.8,0.10134780406951904,1.4894616786020762
UBFC_PHYS_s15_T1_test,35,235,42.833333333333336,0.3076893389225006,1.4351169045932073
UBFC_PHYS_s15_T1_test,35,236,42.86666666666667,0.49348363280296326,1.2230084363587097
UBFC_PHYS_s15_T1_test,35,237,42.9,0.528205394744873,0.8936614795940521
UBFC_PHYS_s15_T1_test,35,238,42.93333333333333,0.5025985836982727,0.49088501992548034
UBFC_PHYS_s15_T1_test,35,239,42.96666666666667,0.5324732065200806,0.05252138263750162
UBFC_PHYS_s15_T1_test,36,0,36.0,-2.69773268699646,-0.05225351832892787
UBFC_PHYS_s15_T1_test,36,1,36.03333333333333,-2.3386964797973633,0.6237539947051068
UBFC_PHYS_s15_T1_test,36,2,36.06666666666667,-1.6416734457015991,1.177313389434457
UBFC_PHYS_s15_T1_test,36,3,36.1,-0.8827188611030579,1.5208646155905883
UBFC_PHYS_s15_T1_test,36,4,36.13333333333333,-0.25857675075531006,1.6222412384732632
UBFC_PHYS_s15_T1_test,36,5,36.166666666666664,0.1682615578174591,1.5073668461486887
UBFC_PHYS_s15_T1_test,36,6,36.2,0.4597274363040924,1.2428640971047287
UBFC_PHYS_s15_T1_test,36,7,36.233333333333334,0.7624518275260925,0.9073317740807733
UBFC_PHYS_s15_T1_test,36,8,36.266666666666666,1.189019799232483,0.5640742705507998
UBFC_PHYS_s15_T1_test,36,9,36.3,1.6550793647766113,0.24553582970031274
UBFC_PHYS_s15_T1_test,36,10,36.333333333333336,1.8714241981506348,-0.0464876163054397
UBFC_PHYS_s15_T1_test,36,11,36.36666666666667,1.5987675189971924,-0.3274954264040106
UBFC_PHYS_s15_T1_test,36,12,36.4,0.9484585523605347,-0.6111521281478464
UBFC_PHYS_s15_T1_test,36,13,36.43333333333333,0.3191989064216614,-0.8929976377068162
UBFC_PHYS_s15_T1_test,36,14,36.46666666666667,0.017324211075901985,-1.143424407137349
UBFC_PHYS_s15_T1_test,36,15,36.5,0.06861510127782822,-1.3123540460334606
UBFC_PHYS_s15_T1_test,36,16,36.53333333333333,0.3634411692619324,-1.344086693780472
UBFC_PHYS_s15_T1_test,36,17,36.56666666666667,0.7538389563560486,-1.1976041660274677
UBFC_PHYS_s15_T1_test,36,18,36.6,1.0533190965652466,-0.8654734106047123
UBFC_PHYS_s15_T1_test,36,19,36.63333333333333,1.0751022100448608,-0.38408074476179943
UBFC_PHYS_s15_T1_test,36,20,36.666666666666664,0.7795616388320923,0.17006544960808398
UBFC_PHYS_s15_T1_test,36,21,36.7,0.34188970923423767,0.6986060231836339
UBFC_PHYS_s15_T1_test,36,22,36.733333333333334,-0.05590434744954109,1.1087323024042106
UBFC_PHYS_s15_T1_test,36,23,36.766666666666666,-0.5185651779174805,1.3396071243430738
UBFC_PHYS_s15_T1_test,36,24,36.8,-1.2712241411209106,1.3772896605571483
UBFC_PHYS_s15_T1_test,36,25,36.833333333333336,-2.131234884262085,1.252357988025964
UBFC_PHYS_s15_T1_test,36,26,36.86666666666667,-2.5947840213775635,1.0223469242393126
UBFC_PHYS_s15_T1_test,36,27,36.9,-2.4114229679107666,0.7477060703663992
UBFC_PHYS_s15_T1_test,36,28,36.93333333333333,-1.7834571599960327,0.4715276537182649
UBFC_PHYS_s15_T1_test,36,29,36.96666666666667,-1.06837797164917,0.21012256936424611
UBFC_PHYS_s15_T1_test,36,30,37.0,-0.5498301982879639,-0.043735593551913
UBFC_PHYS_s15_T1_test,36,31,37.03333333333333,-0.3909558951854706,-0.30791228769259177
UBFC_PHYS_s15_T1_test,36,32,37.06666666666667,-0.5411787033081055,-0.5942164616482343
UBFC_PHYS_s15_T1_test,36,33,37.1,-0.8648751974105835,-0.8943625201747042
UBFC_PHYS_s15_T1_test,36,34,37.13333333333333,-1.2841434478759766,-1.1738739776988032
UBFC_PHYS_s15_T1_test,36,35,37.166666666666664,-1.6714321374893188,-1.376775250680959
UBFC_PHYS_s15_T1_test,36,36,37.2,-1.70549738407135,-1.4406454189459625
UBFC_PHYS_s15_T1_test,36,37,37.233333333333334,-1.1735281944274902,-1.3179622033646345
UBFC_PHYS_s15_T1_test,36,38,37.266666666666666,-0.4594918191432953,-0.996565204844213
UBFC_PHYS_s15_T1_test,36,39,37.3,-0.27557072043418884,-0.5111118528531537
UBFC_PHYS_s15_T1_test,36,40,37.333333333333336,-0.7398536801338196,0.06026103999189583
UBFC_PHYS_s15_T1_test,36,41,37.36666666666667,-1.3480446338653564,0.6146605531892697
UBFC_PHYS_s15_T1_test,36,42,37.4,-1.6475054025650024,1.0529492780313559
UBFC_PHYS_s15_T1_test,36,43,37.43333333333333,-1.4937100410461426,1.3079711816997948
UBFC_PHYS_s15_T1_test,36,44,37.46666666666667,-0.8716341853141785,1.3618744662744184
UBFC_PHYS_s15_T1_test,36,45,37.5,0.125680074095726,1.2457961441403766
UBFC_PHYS_s15_T1_test,36,46,37.53333333333333,1.2939189672470093,1.0221731536935044
UBFC_PHYS_s15_T1_test,36,47,37.56666666666667,2.334876775741577,0.7573402966689217
UBFC_PHYS_s15_T1_test,36,48,37.6,2.7370545864105225,0.4965561344745105
UBFC_PHYS_s15_T1_test,36,49,37.63333333333333,2.072223424911499,0.252366973170443
UBFC_PHYS_s15_T1_test,36,50,37.666666666666664,0.7114892601966858,0.010236706555044717
UBFC_PHYS_s15_T1_test,36,51,37.7,-0.36930790543556213,-0.25321586866662066
UBFC_PHYS_s15_T1_test,36,52,37.733333333333334,-0.6688845157623291,-0.5492743249543955
UBFC_PHYS_s15_T1_test,36,53,37.766666666666666,-0.4654010832309723,-0.8631616539675725
UBFC_PHYS_s15_T1_test,36,54,37.8,-0.14133766293525696,-1.1521182166022554
UBFC_PHYS_s15_T1_test,36,55,37.833333333333336,0.10501695424318314,-1.3550453541752276
UBFC_PHYS_s15_T1_test,36,56,37.86666666666667,0.04206202179193497,-1.4098338455248183
UBFC_PHYS_s15_T1_test,36,57,37.9,-0.4001867175102234,-1.2732768736221072
UBFC_PHYS_s15_T1_test,36,58,37.93333333333333,-0.900137722492218,-0.9381435875436754
UBFC_PHYS_s15_T1_test,36,59,37.96666666666667,-1.1123305559158325,-0.4420374897511148
UBFC_PHYS_s15_T1_test,36,60,38.0,-1.0399516820907593,0.13635891693467364
UBFC_PHYS_s15_T1_test,36,61,38.03333333333333,-0.8702244758605957,0.6948301098184201
UBFC_PHYS_s15_T1_test,36,62,38.06666666666667,-0.8250938653945923,1.1346288529698447
UBFC_PHYS_s15_T1_test,36,63,38.1,-1.0407048463821411,1.3876243618802222
UBFC_PHYS_s15_T1_test,36,64,38.13333333333333,-1.2369658946990967,1.4332125121997688
UBFC_PHYS_s15_T1_test,36,65,38.166666666666664,-0.961933970451355,1.298603962008186
UBFC_PHYS_s15_T1_test,36,66,38.2,-0.32730576395988464,1.0434958531426717
UBFC_PHYS_s15_T1_test,36,67,38.233333333333334,0.12554489076137543,0.7366114252663997
UBFC_PHYS_s15_T1_test,36,68,38.266666666666666,0.1735914796590805,0.43360208868902206
UBFC_PHYS_s15_T1_test,36,69,38.3,0.02273138239979744,0.16359295547538008
UBFC_PHYS_s15_T1_test,36,70,38.333333333333336,-0.02176191844046116,-0.07249815125269292
UBFC_PHYS_s15_T1_test,36,71,38.36666666666667,0.26089799404144287,-0.29286042665690054
UBFC_PHYS_s15_T1_test,36,72,38.4,0.708206295967102,-0.518914737402214
UBFC_PHYS_s15_T1_test,36,73,38.43333333333333,0.7742896676063538,-0.758464964309075
UBFC_PHYS_s15_T1_test,36,74,38.46666666666667,0.1672573685646057,-0.9942698352766262
UBFC_PHYS_s15_T1_test,36,75,38.5,-0.7612892389297485,-1.1831907016997576
UBFC_PHYS_s15_T1_test,36,76,38.53333333333333,-1.3902978897094727,-1.2676185484241245
UBFC_PHYS_s15_T1_test,36,77,38.56666666666667,-1.4473434686660767,-1.1960525293987296
UBFC_PHYS_s15_T1_test,36,78,38.6,-1.0664855241775513,-0.9453259213376776
UBFC_PHYS_s15_T1_test,36,79,38.63333333333333,-0.5120958685874939,-0.5352854522567684
UBFC_PHYS_s15_T1_test,36,80,38.666666666666664,0.009232764132320881,-0.02905344794781915
UBFC_PHYS_s15_T1_test,36,81,38.7,0.3381819427013397,0.4823757226629102
UBFC_PHYS_s15_T1_test,36,82,38.733333333333334,0.4076254665851593,0.9058962924635883
UBFC_PHYS_s15_T1_test,36,83,38.766666666666666,0.32184454798698425,1.1727249736761693
UBFC_PHYS_s15_T1_test,36,84,38.8,0.20812013745307922,1.2557508555710322
UBFC_PHYS_s15_T1_test,36,85,38.833333333333336,0.03269602730870247,1.171922509671364
UBFC_PHYS_s15_T1_test,36,86,38.86666666666667,-0.3112773597240448,0.9697287206574405
UBFC_PHYS_s15_T1_test,36,87,38.9,-0.8606460690498352,0.7076707925598138
UBFC_PHYS_s15_T1_test,36,88,38.93333333333333,-1.5106267929077148,0.4331653219688548
UBFC_PHYS_s15_T1_test,36,89,38.96666666666667,-2.0445656776428223,0.1705314327802601
UBFC_PHYS_s15_T1_test,36,90,39.0,-2.2623589038848877,-0.07839765964548603
UBFC_PHYS_s15_T1_test,36,91,39.03333333333333,-2.052811622619629,-0.32366489349425837
UBFC_PHYS_s15_T1_test,36,92,39.06666666666667,-1.4603979587554932,-0.5728207907720491
UBFC_PHYS_s15_T1_test,36,93,39.1,-0.6921740174293518,-0.8191645507239722
UBFC_PHYS_s15_T1_test,36,94,39.13333333333333,-0.068302221596241,-1.0367303971218969
UBFC_PHYS_s15_T1_test,36,95,39.166666666666664,0.20582209527492523,-1.1834144241632212
UBFC_PHYS_s15_T1_test,36,96,39.2,0.1715058535337448,-1.2115951902093516
UBFC_PHYS_s15_T1_test,36,97,39.233333333333334,-0.050323374569416046,-1.0838493286225672
UBFC_PHYS_s15_T1_test,36,98,39.266666666666666,-0.4797300696372986,-0.7893120370159398
UBFC_PHYS_s15_T1_test,36,99,39.3,-1.1804416179656982,-0.3546062455564413
UBFC_PHYS_s15_T1_test,36,100,39.333333333333336,-2.0532171726226807,0.15643162108115402
UBFC_PHYS_s15_T1_test,36,101,39.36666666666667,-2.846796989440918,0.6564960970992256
UBFC_PHYS_s15_T1_test,36,102,39.4,-3.2460780143737793,1.0582302733870312
UBFC_PHYS_s15_T1_test,36,103,39.43333333333333,-3.055436372756958,1.2984749018020225
UBFC_PHYS_s15_T1_test,36,104,39.46666666666667,-2.4232029914855957,1.3539019559812029
UBFC_PHYS_s15_T1_test,36,105,39.5,-1.7392148971557617,1.2425466987518237
UBFC_PHYS_s15_T1_test,36,106,39.53333333333333,-1.25631582736969,1.011936759271305
UBFC_PHYS_s15_T1_test,36,107,39.56666666666667,-0.9340291023254395,0.7197257922210806
UBFC_PHYS_s15_T1_test,36,108,39.6,-0.6729978322982788,0.4146812253813442
UBFC_PHYS_s15_T1_test,36,109,39.63333333333333,-0.45082101225852966,0.12455017228487474
UBFC_PHYS_s15_T1_test,36,110,39.666666666666664,-0.2699124813079834,-0.1458982950316197
UBFC_PHYS_s15_T1_test,36,111,39.7,-0.1075042188167572,-0.4070234546120435
UBFC_PHYS_s15_T1_test,36,112,39.733333333333334,0.04959344118833542,-0.6701107030348432
UBFC_PHYS_s15_T1_test,36,113,39.766666666666666,0.19176344573497772,-0.9324258073498319
UBFC_PHYS_s15_T1_test,36,114,39.8,0.29612186551094055,-1.167977008693673
UBFC_PHYS_s15_T1_test,36,115,39.833333333333336,0.3193727135658264,-1.3289836467264073
UBFC_PHYS_s15_T1_test,36,116,39.86666666666667,0.26153528690338135,-1.359018841666262
UBFC_PHYS_s15_T1_test,36,117,39.9,0.20418062806129456,-1.2137992111774865
UBFC_PHYS_s15_T1_test,36,118,39.93333333333333,0.17376528680324554,-0.8819141654394713
UBFC_PHYS_s15_T1_test,36,119,39.96666666666667,0.06876958906650543,-0.3968766553755526
UBFC_PHYS_s15_T1_test,36,120,40.0,-0.15587909519672394,0.16571772698101403
UBFC_PHYS_s15_T1_test,36,121,40.03333333333333,-0.2998064160346985,0.7067077263809873
UBFC_PHYS_s15_T1_test,36,122,40.06666666666667,-0.08844393491744995,1.1315822641156081
UBFC_PHYS_s15_T1_test,36,123,40.1,0.48736196756362915,1.3775721104882028
UBFC_PHYS_s15_T1_test,36,124,40.13333333333333,1.1563836336135864,1.4287197950890398
UBFC_PHYS_s15_T1_test,36,125,40.166666666666664,1.6908632516860962,1.3132184180315871
UBFC_PHYS_s15_T1_test,36,126,40.2,2.075737953186035,1.0855291424730873
UBFC_PHYS_s15_T1_test,36,127,40.233333333333334,2.32614803314209,0.8025704772586095
UBFC_PHYS_s15_T1_test,36,128,40.266666666666666,2.358842134475708,0.5048643482433051
UBFC_PHYS_s15_T1_test,36,129,40.3,2.1383068561553955,0.20960725640921823
UBFC_PHYS_s15_T1_test,36,130,40.333333333333336,1.807020902633667,-0.08412446904835907
UBFC_PHYS_s15_T1_test,36,131,40.36666666666667,1.5799583196640015,-0.38319674016928573
UBFC_PHYS_s15_T1_test,36,132,40.4,1.5651079416275024,-0.6876542005433051
UBFC_PHYS_s15_T1_test,36,133,40.43333333333333,1.6904963254928589,-0.9819580242963087
UBFC_PHYS_s15_T1_test,36,134,40.46666666666667,1.7916491031646729,-1.232547135543055
UBFC_PHYS_s15_T1_test,36,135,40.5,1.7206027507781982,-1.3924634631523582
UBFC_PHYS_s15_T1_test,36,136,40.53333333333333,1.3624740839004517,-1.4126403718548994
UBFC_PHYS_s15_T1_test,36,137,40.56666666666667,0.689049482345581,-1.257818112023757
UBFC_PHYS_s15_T1_test,36,138,40.6,-0.21224886178970337,-0.9226209383363475
UBFC_PHYS_s15_T1_test,36,139,40.63333333333333,-1.1515904664993286,-0.44147731913659727
UBFC_PHYS_s15_T1_test,36,140,40.666666666666664,-1.9514464139938354,0.113354520167673
UBFC_PHYS_s15_T1_test,36,141,40.7,-2.4799587726593018,0.6475546125950752
UBFC_PHYS_s15_T1_test,36,142,40.733333333333334,-2.548243761062622,1.0701490753875995
UBFC_PHYS_s15_T1_test,36,143,40.766666666666666,-1.9784051179885864,1.3192558399138146
UBFC_PHYS_s15_T1_test,36,144,40.8,-0.9486477375030518,1.3777865950627908
UBFC_PHYS_s15_T1_test,36,145,40.833333333333336,0.051910798996686935,1.2727538273811292
UBFC_PHYS_s15_T1_test,36,146,40.86666666666667,0.7071248888969421,1.0592860727849123
UBFC_PHYS_s15_T1_test,36,147,40.9,1.0544776916503906,0.7971797021914994
UBFC_PHYS_s15_T1_test,36,148,40.93333333333333,1.2212311029434204,0.530162227330703
UBFC_PHYS_s15_T1_test,36,149,40.96666666666667,1.251916766166687,0.2756459068829489
UBFC_PHYS_s15_T1_test,36,150,41.0,1.2058593034744263,0.027544597338095052
UBFC_PHYS_s15_T1_test,36,151,41.03333333333333,1.117007851600647,-0.2307263238659215
UBFC_PHYS_s15_T1_test,36,152,41.06666666666667,0.9116511344909668,-0.5094956838418776
UBFC_PHYS_s15_T1_test,36,153,41.1,0.6215370893478394,-0.7994422830201358
UBFC_PHYS_s15_T1_test,36,154,41.13333333333333,0.42857825756073,-1.0667712899855977
UBFC_PHYS_s15_T1_test,36,155,41.166666666666664,0.3752790093421936,-1.258893480987241
UBFC_PHYS_s15_T1_test,36,156,41.2,0.31240132451057434,-1.319151041648258
UBFC_PHYS_s15_T1_test,36,157,41.233333333333334,0.1415926069021225,-1.2061967000336844
UBFC_PHYS_s15_T1_test,36,158,41.266666666666666,-0.09595604240894318,-0.9115823170174181
UBFC_PHYS_s15_T1_test,36,159,41.3,-0.33286741375923157,-0.468845263492489
UBFC_PHYS_s15_T1_test,36,160,41.333333333333336,-0.5477059483528137,0.050434887168761426
UBFC_PHYS_s15_T1_test,36,161,41.36666666666667,-0.6838508248329163,0.5538428422085336
UBFC_PHYS_s15_T1_test,36,162,41.4,-0.6119354367256165,0.9536837608965288
UBFC_PHYS_s15_T1_test,36,163,41.43333333333333,-0.29237157106399536,1.191803830302772
UBFC_PHYS_s15_T1_test,36,164,41.46666666666667,0.13738274574279785,1.2535644463506679
UBFC_PHYS_s15_T1_test,36,165,41.5,0.5228175520896912,1.164958094709279
UBFC_PHYS_s15_T1_test,36,166,41.53333333333333,0.7846598625183105,0.9752119482699272
UBFC_PHYS_s15_T1_test,36,167,41.56666666666667,0.8704794049263,0.7344129561303497
UBFC_PHYS_s15_T1_test,36,168,41.6,0.7962659597396851,0.4767360165214198
UBFC_PHYS_s15_T1_test,36,169,41.63333333333333,0.7221104502677917,0.21516476513511643
UBFC_PHYS_s15_T1_test,36,170,41.666666666666664,0.7683610916137695,-0.0530034258385863
UBFC_PHYS_s15_T1_test,36,171,41.7,0.8247115612030029,-0.33492753833596905
UBFC_PHYS_s15_T1_test,36,172,41.733333333333334,0.7368063926696777,-0.6305660376815097
UBFC_PHYS_s15_T1_test,36,173,41.766666666666666,0.5513597130775452,-0.9240668865409999
UBFC_PHYS_s15_T1_test,36,174,41.8,0.3350535035133362,-1.1805083053422838
UBFC_PHYS_s15_T1_test,36,175,41.833333333333336,-0.007954318076372147,-1.3497984212997953
UBFC_PHYS_s15_T1_test,36,176,41.86666666666667,-0.5226784944534302,-1.3783657242775855
UBFC_PHYS_s15_T1_test,36,177,41.9,-1.0774929523468018,-1.2266779683396138
UBFC_PHYS_s15_T1_test,36,178,41.93333333333333,-1.50048828125,-0.887223232334474
UBFC_PHYS_s15_T1_test,36,179,41.96666666666667,-1.6808174848556519,-0.3954903111602628
UBFC_PHYS_s15_T1_test,36,180,42.0,-1.652024269104004,0.1722974530285114
UBFC_PHYS_s15_T1_test,36,181,42.03333333333333,-1.599342942237854,0.7162374278253166
UBFC_PHYS_s15_T1_test,36,182,42.06666666666667,-1.5553903579711914,1.1397389355251706
UBFC_PHYS_s15_T1_test,36,183,42.1,-1.2970048189163208,1.3767497557827244
UBFC_PHYS_s15_T1_test,36,184,42.13333333333333,-0.7708097100257874,1.4089132199456684
UBFC_PHYS_s15_T1_test,36,185,42.166666666666664,-0.24644923210144043,1.2662554622164846
UBFC_PHYS_s15_T1_test,36,186,42.2,0.07962255924940109,1.0116331651978592
UBFC_PHYS_s15_T1_test,36,187,42.233333333333334,0.265764445066452,0.7156564888305949
UBFC_PHYS_s15_T1_test,36,188,42.266666666666666,0.392697811126709,0.43236771837616567
UBFC_PHYS_s15_T1_test,36,189,42.3,0.4955306351184845,0.18508666712682512
UBFC_PHYS_s15_T1_test,36,190,42.333333333333336,0.6560657024383545,-0.03306900033980187
UBFC_PHYS_s15_T1_test,36,191,42.36666666666667,0.8863533139228821,-0.2459430244599129
UBFC_PHYS_s15_T1_test,36,192,42.4,1.0720317363739014,-0.47529775681780745
UBFC_PHYS_s15_T1_test,36,193,42.43333333333333,1.16360604763031,-0.7243224894450788
UBFC_PHYS_s15_T1_test,36,194,42.46666666666667,1.2495994567871094,-0.9698184475223676
UBFC_PHYS_s15_T1_test,36,195,42.5,1.3785024881362915,-1.165317913616875
UBFC_PHYS_s15_T1_test,36,196,42.53333333333333,1.4827643632888794,-1.2539884536099968
UBFC_PHYS_s15_T1_test,36,197,42.56666666666667,1.5217925310134888,-1.1874908189001754
UBFC_PHYS_s15_T1_test,36,198,42.6,1.509433388710022,-0.9448048187682923
UBFC_PHYS_s15_T1_test,36,199,42.63333333333333,1.4279974699020386,-0.5443003621812701
UBFC_PHYS_s15_T1_test,36,200,42.666666666666664,1.2197633981704712,-0.04397694532053267
UBFC_PHYS_s15_T1_test,36,201,42.7,0.8613837957382202,0.4713576096260789
UBFC_PHYS_s15_T1_test,36,202,42.733333333333334,0.4301811158657074,0.9123709435914326
UBFC_PHYS_s15_T1_test,36,203,42.766666666666666,0.11975149810314178,1.2094002532874046
UBFC_PHYS_s15_T1_test,36,204,42.8,0.10134780406951904,1.329749580934142
UBFC_PHYS_s15_T1_test,36,205,42.833333333333336,0.3076893389225006,1.2817723849086429
UBFC_PHYS_s15_T1_test,36,206,42.86666666666667,0.49348363280296326,1.1050095254100332
UBFC_PHYS_s15_T1_test,36,207,42.9,0.528205394744873,0.8515616670235537
UBFC_PHYS_s15_T1_test,36,208,42.93333333333333,0.5025985836982727,0.5670733278517378
UBFC_PHYS_s15_T1_test,36,209,42.96666666666667,0.5324732065200806,0.27888464651570843
UBFC_PHYS_s15_T1_test,36,210,43.0,0.6514310240745544,-0.005202703795141067
UBFC_PHYS_s15_T1_test,36,211,43.03333333333333,0.8779914975166321,-0.289037185857814
UBFC_PHYS_s15_T1_test,36,212,43.06666666666667,1.1981346607208252,-0.5758986408623789
UBFC_PHYS_s15_T1_test,36,213,43.1,1.525944471359253,-0.8575536384429842
UBFC_PHYS_s15_T1_test,36,214,43.13333333333333,1.7467695474624634,-1.108943869511551
UBFC_PHYS_s15_T1_test,36,215,43.166666666666664,1.8149385452270508,-1.2905340645482604
UBFC_PHYS_s15_T1_test,36,216,43.2,1.7685720920562744,-1.3578448759800827
UBFC_PHYS_s15_T1_test,36,217,43.233333333333334,1.6727299690246582,-1.2754573895594212
UBFC_PHYS_s15_T1_test,36,218,43.266666666666666,1.6138496398925781,-1.0310989300164608
UBFC_PHYS_s15_T1_test,36,219,43.3,1.6559484004974365,-0.6448684270732755
UBFC_PHYS_s15_T1_test,36,220,43.333333333333336,1.7069882154464722,-0.1696889877317791
UBFC_PHYS_s15_T1_test,36,221,43.36666666666667,1.5762698650360107,0.31842115911857677
UBFC_PHYS_s15_T1_test,36,222,43.4,1.1536028385162354,0.7382931759958506
UBFC_PHYS_s15_T1_test,36,223,43.43333333333333,0.4465377926826477,1.0244951561385582
UBFC_PHYS_s15_T1_test,36,224,43.46666666666667,-0.41876420378685,1.1439499582620334
UBFC_PHYS_s15_T1_test,36,225,43.5,-1.1871041059494019,1.1019625429536615
UBFC_PHYS_s15_T1_test,36,226,43.53333333333333,-1.6630316972732544,0.935432850979453
UBFC_PHYS_s15_T1_test,36,227,43.56666666666667,-1.9262452125549316,0.6966002733381853
UBFC_PHYS_s15_T1_test,36,228,43.6,-2.128067970275879,0.43485952315870346
UBFC_PHYS_s15_T1_test,36,229,43.63333333333333,-2.2884483337402344,0.184454191765835
UBFC_PHYS_s15_T1_test,36,230,43.666666666666664,-2.355729103088379,-0.038185231268509555
UBFC_PHYS_s15_T1_test,36,231,43.7,-2.3395848274230957,-0.22908117945237974
UBFC_PHYS_s15_T1_test,36,232,43.733333333333334,-2.2816314697265625,-0.3881977800146663
UBFC_PHYS_s15_T1_test,36,233,43.766666666666666,-2.156069278717041,-0.5126608714314721
UBFC_PHYS_s15_T1_test,36,234,43.8,-1.9211856126785278,-0.5943259717197108
UBFC_PHYS_s15_T1_test,36,235,43.833333333333336,-1.6442031860351562,-0.6217167556195377
UBFC_PHYS_s15_T1_test,36,236,43.86666666666667,-1.4530210494995117,-0.5848706118979294
UBFC_PHYS_s15_T1_test,36,237,43.9,-1.3779386281967163,-0.48099349945013276
UBFC_PHYS_s15_T1_test,36,238,43.93333333333333,-1.3211439847946167,-0.3184704051750763
UBFC_PHYS_s15_T1_test,36,239,43.96666666666667,-1.221632719039917,-0.11726047677283537
UBFC_PHYS_s15_T1_test,37,0,37.0,-0.5498301982879639,-0.0766384566978078
UBFC_PHYS_s15_T1_test,37,1,37.03333333333333,-0.3909558951854706,-0.01423511921879542
UBFC_PHYS_s15_T1_test,37,2,37.06666666666667,-0.5411787033081055,-0.032579919827794644
UBFC_PHYS_s15_T1_test,37,3,37.1,-0.8648751974105835,-0.17842925189141098
UBFC_PHYS_s15_T1_test,37,4,37.13333333333333,-1.2841434478759766,-0.4382546320816599
UBFC_PHYS_s15_T1_test,37,5,37.166666666666664,-1.6714321374893188,-0.739209988154011
UBFC_PHYS_s15_T1_test,37,6,37.2,-1.70549738407135,-0.9739133893750315
UBFC_PHYS_s15_T1_test,37,7,37.233333333333334,-1.1735281944274902,-1.0388683971411934
UBFC_PHYS_s15_T1_test,37,8,37.266666666666666,-0.4594918191432953,-0.8716487009785296
UBFC_PHYS_s15_T1_test,37,9,37.3,-0.27557072043418884,-0.4739967443595783
UBFC_PHYS_s15_T1_test,37,10,37.333333333333336,-0.7398536801338196,0.08567393366990124
UBFC_PHYS_s15_T1_test,37,11,37.36666666666667,-1.3480446338653564,0.6900516978244684
UBFC_PHYS_s15_T1_test,37,12,37.4,-1.6475054025650024,1.2058239461754117
UBFC_PHYS_s15_T1_test,37,13,37.43333333333333,-1.4937100410461426,1.5229413640030216
UBFC_PHYS_s15_T1_test,37,14,37.46666666666667,-0.8716341853141785,1.5882396371401937
UBFC_PHYS_s15_T1_test,37,15,37.5,0.125680074095726,1.4206161129004735
UBFC_PHYS_s15_T1_test,37,16,37.53333333333333,1.2939189672470093,1.0995601857958135
UBFC_PHYS_s15_T1_test,37,17,37.56666666666667,2.334876775741577,0.7296906618271201
UBFC_PHYS_s15_T1_test,37,18,37.6,2.7370545864105225,0.3970821766545325
UBFC_PHYS_s15_T1_test,37,19,37.63333333333333,2.072223424911499,0.1388677927827386
UBFC_PHYS_s15_T1_test,37,20,37.666666666666664,0.7114892601966858,-0.06019676835316959
UBFC_PHYS_s15_T1_test,37,21,37.7,-0.36930790543556213,-0.24604036958263048
UBFC_PHYS_s15_T1_test,37,22,37.733333333333334,-0.6688845157623291,-0.46283245137789464
UBFC_PHYS_s15_T1_test,37,23,37.766666666666666,-0.4654010832309723,-0.7268511846991559
UBFC_PHYS_s15_T1_test,37,24,37.8,-0.14133766293525696,-1.0164850279247681
UBFC_PHYS_s15_T1_test,37,25,37.833333333333336,0.10501695424318314,-1.2782364184514392
UBFC_PHYS_s15_T1_test,37,26,37.86666666666667,0.04206202179193497,-1.4431962473117628
UBFC_PHYS_s15_T1_test,37,27,37.9,-0.4001867175102234,-1.447976852260571
UBFC_PHYS_s15_T1_test,37,28,37.93333333333333,-0.900137722492218,-1.2552244208134602
UBFC_PHYS_s15_T1_test,37,29,37.96666666666667,-1.1123305559158325,-0.8692405639274898
UBFC_PHYS_s15_T1_test,37,30,38.0,-1.0399516820907593,-0.3417938409904617
UBFC_PHYS_s15_T1_test,37,31,38.03333333333333,-0.8702244758605957,0.23591507077430504
UBFC_PHYS_s15_T1_test,37,32,38.06666666666667,-0.8250938653945923,0.7551674328449828
UBFC_PHYS_s15_T1_test,37,33,38.1,-1.0407048463821411,1.1197143740689488
UBFC_PHYS_s15_T1_test,37,34,38.13333333333333,-1.2369658946990967,1.2734914811060918
UBFC_PHYS_s15_T1_test,37,35,38.166666666666664,-0.961933970451355,1.2154237302546103
UBFC_PHYS_s15_T1_test,37,36,38.2,-0.32730576395988464,0.995518439851502
UBFC_PHYS_s15_T1_test,37,37,38.233333333333334,0.12554489076137543,0.6938904145593626
UBFC_PHYS_s15_T1_test,37,38,38.266666666666666,0.1735914796590805,0.39081850614554603
UBFC_PHYS_s15_T1_test,37,39,38.3,0.02273138239979744,0.13926877376810717
UBFC_PHYS_s15_T1_test,37,40,38.333333333333336,-0.02176191844046116,-0.049383374456066956
UBFC_PHYS_s15_T1_test,37,41,38.36666666666667,0.26089799404144287,-0.20070120265178842
UBFC_PHYS_s15_T1_test,37,42,38.4,0.708206295967102,-0.35588666490193843
UBFC_PHYS_s15_T1_test,37,43,38.43333333333333,0.7742896676063538,-0.5437406268282049
UBFC_PHYS_s15_T1_test,37,44,38.46666666666667,0.1672573685646057,-0.759229658884739
UBFC_PHYS_s15_T1_test,37,45,38.5,-0.7612892389297485,-0.9590192611458415
UBFC_PHYS_s15_T1_test,37,46,38.53333333333333,-1.3902978897094727,-1.07593694459407
UBFC_PHYS_s15_T1_test,37,47,38.56666666666667,-1.4473434686660767,-1.045474624265032
UBFC_PHYS_s15_T1_test,37,48,38.6,-1.0664855241775513,-0.8330041660346307
UBFC_PHYS_s15_T1_test,37,49,38.63333333333333,-0.5120958685874939,-0.45124449537459865
UBFC_PHYS_s15_T1_test,37,50,38.666666666666664,0.009232764132320881,0.03811393364057323
UBFC_PHYS_s15_T1_test,37,51,38.7,0.3381819427013397,0.5391926975322611
UBFC_PHYS_s15_T1_test,37,52,38.733333333333334,0.4076254665851593,0.9487694277338752
UBFC_PHYS_s15_T1_test,37,53,38.766666666666666,0.32184454798698425,1.1870905895067594
UBFC_PHYS_s15_T1_test,37,54,38.8,0.20812013745307922,1.2223873171809756
UBFC_PHYS_s15_T1_test,37,55,38.833333333333336,0.03269602730870247,1.0794851032903727
UBFC_PHYS_s15_T1_test,37,56,38.86666666666667,-0.3112773597240448,0.8275640899049538
UBFC_PHYS_s15_T1_test,37,57,38.9,-0.8606460690498352,0.5506601253791713
UBFC_PHYS_s15_T1_test,37,58,38.93333333333333,-1.5106267929077148,0.3137381484944174
UBFC_PHYS_s15_T1_test,37,59,38.96666666666667,-2.0445656776428223,0.14042318009059043
UBFC_PHYS_s15_T1_test,37,60,39.0,-2.2623589038848877,0.01195382229409612
UBFC_PHYS_s15_T1_test,37,61,39.03333333333333,-2.052811622619629,-0.11466728580152932
UBFC_PHYS_s15_T1_test,37,62,39.06666666666667,-1.4603979587554932,-0.280196037099452
UBFC_PHYS_s15_T1_test,37,63,39.1,-0.6921740174293518,-0.5008426469382179
UBFC_PHYS_s15_T1_test,37,64,39.13333333333333,-0.068302221596241,-0.7576391126213724
UBFC_PHYS_s15_T1_test,37,65,39.166666666666664,0.20582209527492523,-0.998794182080665
UBFC_PHYS_s15_T1_test,37,66,39.2,0.1715058535337448,-1.1534463885697244
UBFC_PHYS_s15_T1_test,37,67,39.233333333333334,-0.050323374569416046,-1.1538856007347917
UBFC_PHYS_s15_T1_test,37,68,39.266666666666666,-0.4797300696372986,-0.9605811162915288
UBFC_PHYS_s15_T1_test,37,69,39.3,-1.1804416179656982,-0.5814429346994705
UBFC_PHYS_s15_T1_test,37,70,39.333333333333336,-2.0532171726226807,-0.07671724975700717
UBFC_PHYS_s15_T1_test,37,71,39.36666666666667,-2.846796989440918,0.45461791106512184
UBFC_PHYS_s15_T1_test,37,72,39.4,-3.2460780143737793,0.903296386584158
UBFC_PHYS_s15_T1_test,37,73,39.43333333333333,-3.055436372756958,1.1825310837122633
UBFC_PHYS_s15_T1_test,37,74,39.46666666666667,-2.4232029914855957,1.2527160252826652
UBFC_PHYS_s15_T1_test,37,75,39.5,-1.7392148971557617,1.1292718032332771
UBFC_PHYS_s15_T1_test,37,76,39.53333333333333,-1.25631582736969,0.8717319048845441
UBFC_PHYS_s15_T1_test,37,77,39.56666666666667,-0.9340291023254395,0.5591826222994665
UBFC_PHYS_s15_T1_test,37,78,39.6,-0.6729978322982788,0.26163359308049405
UBFC_PHYS_s15_T1_test,37,79,39.63333333333333,-0.45082101225852966,0.017813436234939334
UBFC_PHYS_s15_T1_test,37,80,39.666666666666664,-0.2699124813079834,-0.17260155766877208
UBFC_PHYS_s15_T1_test,37,81,39.7,-0.1075042188167572,-0.3396606618574004
UBFC_PHYS_s15_T1_test,37,82,39.733333333333334,0.04959344118833542,-0.5208327506809303
UBFC_PHYS_s15_T1_test,37,83,39.766666666666666,0.19176344573497772,-0.7354445498069686
UBFC_PHYS_s15_T1_test,37,84,39.8,0.29612186551094055,-0.967376758982278
UBFC_PHYS_s15_T1_test,37,85,39.833333333333336,0.3193727135658264,-1.1641966559323238
UBFC_PHYS_s15_T1_test,37,86,39.86666666666667,0.26153528690338135,-1.253568940670574
UBFC_PHYS_s15_T1_test,37,87,39.9,0.20418062806129456,-1.170407919221106
UBFC_PHYS_s15_T1_test,37,88,39.93333333333333,0.17376528680324554,-0.8844575754701384
UBFC_PHYS_s15_T1_test,37,89,39.96666666666667,0.06876958906650543,-0.4181620574877295
UBFC_PHYS_s15_T1_test,37,90,40.0,-0.15587909519672394,0.15237177231260504
UBFC_PHYS_s15_T1_test,37,91,40.03333333333333,-0.2998064160346985,0.7154319992439876
UBFC_PHYS_s15_T1_test,37,92,40.06666666666667,-0.08844393491744995,1.1563342760460715
UBFC_PHYS_s15_T1_test,37,93,40.1,0.48736196756362915,1.3937463090057154
UBFC_PHYS_s15_T1_test,37,94,40.13333333333333,1.1563836336135864,1.4052507485891965
UBFC_PHYS_s15_T1_test,37,95,40.166666666666664,1.6908632516860962,1.2304866718364198
UBFC_PHYS_s15_T1_test,37,96,40.2,2.075737953186035,0.9500097899534712
UBFC_PHYS_s15_T1_test,37,97,40.233333333333334,2.32614803314209,0.6497901156348286
UBFC_PHYS_s15_T1_test,37,98,40.266666666666666,2.358842134475708,0.38813253356234434
UBFC_PHYS_s15_T1_test,37,99,40.3,2.1383068561553955,0.17958882426874992
UBFC_PHYS_s15_T1_test,37,100,40.333333333333336,1.807020902633667,0.0003173002737421205
UBFC_PHYS_s15_T1_test,37,101,40.36666666666667,1.5799583196640015,-0.191299013519266
UBFC_PHYS_s15_T1_test,37,102,40.4,1.5651079416275024,-0.42944348911862756
UBFC_PHYS_s15_T1_test,37,103,40.43333333333333,1.6904963254928589,-0.7204191962335339
UBFC_PHYS_s15_T1_test,37,104,40.46666666666667,1.7916491031646729,-1.0329426124506786
UBFC_PHYS_s15_T1_test,37,105,40.5,1.7206027507781982,-1.3019703804394158
UBFC_PHYS_s15_T1_test,37,106,40.53333333333333,1.3624740839004517,-1.4460321647619605
UBFC_PHYS_s15_T1_test,37,107,40.56666666666667,0.689049482345581,-1.3942153548363574
UBFC_PHYS_s15_T1_test,37,108,40.6,-0.21224886178970337,-1.1140857948463132
UBFC_PHYS_s15_T1_test,37,109,40.63333333333333,-1.1515904664993286,-0.6295394752030437
UBFC_PHYS_s15_T1_test,37,110,40.666666666666664,-1.9514464139938354,-0.020799861223371078
UBFC_PHYS_s15_T1_test,37,111,40.7,-2.4799587726593018,0.5944850495278405
UBFC_PHYS_s15_T1_test,37,112,40.733333333333334,-2.548243761062622,1.0935418451711156
UBFC_PHYS_s15_T1_test,37,113,40.766666666666666,-1.9784051179885864,1.3840127335109569
UBFC_PHYS_s15_T1_test,37,114,40.8,-0.9486477375030518,1.4306511018034305
UBFC_PHYS_s15_T1_test,37,115,40.833333333333336,0.051910798996686935,1.263147018133877
UBFC_PHYS_s15_T1_test,37,116,40.86666666666667,0.7071248888969421,0.9614521450584701
UBFC_PHYS_s15_T1_test,37,117,40.9,1.0544776916503906,0.6237137571343837
UBFC_PHYS_s15_T1_test,37,118,40.93333333333333,1.2212311029434204,0.329482136818444
UBFC_PHYS_s15_T1_test,37,119,40.96666666666667,1.251916766166687,0.11348030383409309
UBFC_PHYS_s15_T1_test,37,120,41.0,1.2058593034744263,-0.039090536069680194
UBFC_PHYS_s15_T1_test,37,121,41.03333333333333,1.117007851600647,-0.1746725539373971
UBFC_PHYS_s15_T1_test,37,122,41.06666666666667,0.9116511344909668,-0.3408500882720952
UBFC_PHYS_s15_T1_test,37,123,41.1,0.6215370893478394,-0.5585672007098852
UBFC_PHYS_s15_T1_test,37,124,41.13333333333333,0.42857825756073,-0.8088224369757646
UBFC_PHYS_s15_T1_test,37,125,41.166666666666664,0.3752790093421936,-1.0371695701154815
UBFC_PHYS_s15_T1_test,37,126,41.2,0.31240132451057434,-1.172239707930158
UBFC_PHYS_s15_T1_test,37,127,41.233333333333334,0.1415926069021225,-1.1509059266007302
UBFC_PHYS_s15_T1_test,37,128,41.266666666666666,-0.09595604240894318,-0.9419872038237971
UBFC_PHYS_s15_T1_test,37,129,41.3,-0.33286741375923157,-0.5612720387987888
UBFC_PHYS_s15_T1_test,37,130,41.333333333333336,-0.5477059483528137,-0.07245632520365346
UBFC_PHYS_s15_T1_test,37,131,41.36666666666667,-0.6838508248329163,0.4280766742076522
UBFC_PHYS_s15_T1_test,37,132,41.4,-0.6119354367256165,0.8394019483142316
UBFC_PHYS_s15_T1_test,37,133,41.43333333333333,-0.29237157106399536,1.087813157545847
UBFC_PHYS_s15_T1_test,37,134,41.46666666666667,0.13738274574279785,1.1490904432135745
UBFC_PHYS_s15_T1_test,37,135,41.5,0.5228175520896912,1.0508549117020907
UBFC_PHYS_s15_T1_test,37,136,41.53333333333333,0.7846598625183105,0.854416097970824
UBFC_PHYS_s15_T1_test,37,137,41.56666666666667,0.8704794049263,0.6260563835220082
UBFC_PHYS_s15_T1_test,37,138,41.6,0.7962659597396851,0.4117255371308082
UBFC_PHYS_s15_T1_test,37,139,41.63333333333333,0.7221104502677917,0.22526969748642642
UBFC_PHYS_s15_T1_test,37,140,41.666666666666664,0.7683610916137695,0.052122299708996254
UBFC_PHYS_s15_T1_test,37,141,41.7,0.8247115612030029,-0.13640059587257777
UBFC_PHYS_s15_T1_test,37,142,41.733333333333334,0.7368063926696777,-0.36487835994668744
UBFC_PHYS_s15_T1_test,37,143,41.766666666666666,0.5513597130775452,-0.6372252954032153
UBFC_PHYS_s15_T1_test,37,144,41.8,0.3350535035133362,-0.92665144352038
UBFC_PHYS_s15_T1_test,37,145,41.833333333333336,-0.007954318076372147,-1.1764209132013173
UBFC_PHYS_s15_T1_test,37,146,41.86666666666667,-0.5226784944534302,-1.3134243416858138
UBFC_PHYS_s15_T1_test,37,147,41.9,-1.0774929523468018,-1.2719662148891258
UBFC_PHYS_s15_T1_test,37,148,41.93333333333333,-1.50048828125,-1.0197052345502546
UBFC_PHYS_s15_T1_test,37,149,41.96666666666667,-1.6808174848556519,-0.5752156034008414
UBFC_PHYS_s15_T1_test,37,150,42.0,-1.652024269104004,-0.009607422896877594
UBFC_PHYS_s15_T1_test,37,151,42.03333333333333,-1.599342942237854,0.5692173893896919
UBFC_PHYS_s15_T1_test,37,152,42.06666666666667,-1.5553903579711914,1.0453639894934708
UBFC_PHYS_s15_T1_test,37,153,42.1,-1.2970048189163208,1.3282850931832568
UBFC_PHYS_s15_T1_test,37,154,42.13333333333333,-0.7708097100257874,1.3797380283808907
UBFC_PHYS_s15_T1_test,37,155,42.166666666666664,-0.24644923210144043,1.2240749521069594
UBFC_PHYS_s15_T1_test,37,156,42.2,0.07962255924940109,0.9364300126557574
UBFC_PHYS_s15_T1_test,37,157,42.233333333333334,0.265764445066452,0.6120420720113263
UBFC_PHYS_s15_T1_test,37,158,42.266666666666666,0.392697811126709,0.32932633029229613
UBFC_PHYS_s15_T1_test,37,159,42.3,0.4955306351184845,0.12332292764888415
UBFC_PHYS_s15_T1_test,37,160,42.333333333333336,0.6560657024383545,-0.019025043891034044
UBFC_PHYS_s15_T1_test,37,161,42.36666666666667,0.8863533139228821,-0.1416860573994197
UBFC_PHYS_s15_T1_test,37,162,42.4,1.0720317363739014,-0.29111248204274
UBFC_PHYS_s15_T1_test,37,163,42.43333333333333,1.16360604763031,-0.49100534964552994
UBFC_PHYS_s15_T1_test,37,164,42.46666666666667,1.2495994567871094,-0.7298711632788486
UBFC_PHYS_s15_T1_test,37,165,42.5,1.3785024881362915,-0.9631081672567071
UBFC_PHYS_s15_T1_test,37,166,42.53333333333333,1.4827643632888794,-1.1265970402805012
UBFC_PHYS_s15_T1_test,37,167,42.56666666666667,1.5217925310134888,-1.1571936042153892
UBFC_PHYS_s15_T1_test,37,168,42.6,1.509433388710022,-1.0146229773077182
UBFC_PHYS_s15_T1_test,37,169,42.63333333333333,1.4279974699020386,-0.6984407388823942
UBFC_PHYS_s15_T1_test,37,170,42.666666666666664,1.2197633981704712,-0.2539008673994987
UBFC_PHYS_s15_T1_test,37,171,42.7,0.8613837957382202,0.23693823141928438
UBFC_PHYS_s15_T1_test,37,172,42.733333333333334,0.4301811158657074,0.6774873848078318
UBFC_PHYS_s15_T1_test,37,173,42.766666666666666,0.11975149810314178,0.9852484923322009
UBFC_PHYS_s15_T1_test,37,174,42.8,0.10134780406951904,1.116336787507412
UBFC_PHYS_s15_T1_test,37,175,42.833333333333336,0.3076893389225006,1.0762341951749972
UBFC_PHYS_s15_T1_test,37,176,42.86666666666667,0.49348363280296326,0.9122923322509207
UBFC_PHYS_s15_T1_test,37,177,42.9,0.528205394744873,0.6911344286103046
UBFC_PHYS_s15_T1_test,37,178,42.93333333333333,0.5025985836982727,0.4708310868807992
UBFC_PHYS_s15_T1_test,37,179,42.96666666666667,0.5324732065200806,0.2800746786484285
UBFC_PHYS_s15_T1_test,37,180,43.0,0.6514310240745544,0.11302111589055205
UBFC_PHYS_s15_T1_test,37,181,43.03333333333333,0.8779914975166321,-0.0590517930011913
UBFC_PHYS_s15_T1_test,37,182,43.06666666666667,1.1981346607208252,-0.26576607918293427
UBFC_PHYS_s15_T1_test,37,183,43.1,1.525944471359253,-0.5160150266274558
UBFC_PHYS_s15_T1_test,37,184,43.13333333333333,1.7467695474624634,-0.7863223914558743
UBFC_PHYS_s15_T1_test,37,185,43.166666666666664,1.8149385452270508,-1.0237558387983459
UBFC_PHYS_s15_T1_test,37,186,43.2,1.7685720920562744,-1.1616763392969516
UBFC_PHYS_s15_T1_test,37,187,43.233333333333334,1.6727299690246582,-1.1419456209683867
UBFC_PHYS_s15_T1_test,37,188,43.266666666666666,1.6138496398925781,-0.9357742089621466
UBFC_PHYS_s15_T1_test,37,189,43.3,1.6559484004974365,-0.5567545584622822
UBFC_PHYS_s15_T1_test,37,190,43.333333333333336,1.7069882154464722,-0.062330502974137524
UBFC_PHYS_s15_T1_test,37,191,43.36666666666667,1.5762698650360107,0.4572905054624255
UBFC_PHYS_s15_T1_test,37,192,43.4,1.1536028385162354,0.901220187510175
UBFC_PHYS_s15_T1_test,37,193,43.43333333333333,0.4465377926826477,1.185940526026826
UBFC_PHYS_s15_T1_test,37,194,43.46666666666667,-0.41876420378685,1.2701264640408658
UBFC_PHYS_s15_T1_test,37,195,43.5,-1.1871041059494019,1.1657405276820452
UBFC_PHYS_s15_T1_test,37,196,43.53333333333333,-1.6630316972732544,0.9294879005466051
UBFC_PHYS_s15_T1_test,37,197,43.56666666666667,-1.9262452125549316,0.6377081739518323
UBFC_PHYS_s15_T1_test,37,198,43.6,-2.128067970275879,0.35631209714925816
UBFC_PHYS_s15_T1_test,37,199,43.63333333333333,-2.2884483337402344,0.11968388745093768
UBFC_PHYS_s15_T1_test,37,200,43.666666666666664,-2.355729103088379,-0.07350550859658322
UBFC_PHYS_s15_T1_test,37,201,43.7,-2.3395848274230957,-0.24892018596708415
UBFC_PHYS_s15_T1_test,37,202,43.733333333333334,-2.2816314697265625,-0.4371268268874498
UBFC_PHYS_s15_T1_test,37,203,43.766666666666666,-2.156069278717041,-0.6547092602092978
UBFC_PHYS_s15_T1_test,37,204,43.8,-1.9211856126785278,-0.8921273793355046
UBFC_PHYS_s15_T1_test,37,205,43.833333333333336,-1.6442031860351562,-1.1114461088423706
UBFC_PHYS_s15_T1_test,37,206,43.86666666666667,-1.4530210494995117,-1.2549465057039204
UBFC_PHYS_s15_T1_test,37,207,43.9,-1.3779386281967163,-1.2631883869447733
UBFC_PHYS_s15_T1_test,37,208,43.93333333333333,-1.3211439847946167,-1.0972616477948494
UBFC_PHYS_s15_T1_test,37,209,43.96666666666667,-1.221632719039917,-0.7569657316338394
UBFC_PHYS_s15_T1_test,37,210,44.0,-1.139887809753418,-0.28723527538079174
UBFC_PHYS_s15_T1_test,37,211,44.03333333333333,-1.0897363424301147,0.23060950185379472
UBFC_PHYS_s15_T1_test,37,212,44.06666666666667,-0.9257831573486328,0.7003015589464061
UBFC_PHYS_s15_T1_test,37,213,44.1,-0.4468235671520233,1.0376756436596826
UBFC_PHYS_s15_T1_test,37,214,44.13333333333333,0.5114625096321106,1.1947554360595534
UBFC_PHYS_s15_T1_test,37,215,44.166666666666664,1.9082123041152954,1.1729028689806555
UBFC_PHYS_s15_T1_test,37,216,44.2,3.34200119972229,1.0189921810430833
UBFC_PHYS_s15_T1_test,37,217,44.233333333333334,4.289588928222656,0.8040526884445078
UBFC_PHYS_s15_T1_test,37,218,44.266666666666666,4.494694232940674,0.5928679875251274
UBFC_PHYS_s15_T1_test,37,219,44.3,3.998335361480713,0.4191068967016479
UBFC_PHYS_s15_T1_test,37,220,44.333333333333336,2.964348793029785,0.27782254767111775
UBFC_PHYS_s15_T1_test,37,221,44.36666666666667,1.7627207040786743,0.137556270006851
UBFC_PHYS_s15_T1_test,37,222,44.4,0.932874321937561,-0.035825973256578936
UBFC_PHYS_s15_T1_test,37,223,44.43333333333333,0.684646487236023,-0.25632909521971226
UBFC_PHYS_s15_T1_test,37,224,44.46666666666667,0.7215697765350342,-0.5063165213974522
UBFC_PHYS_s15_T1_test,37,225,44.5,0.8014800548553467,-0.7396284453868361
UBFC_PHYS_s15_T1_test,37,226,44.53333333333333,1.0112782716751099,-0.8961542548983203
UBFC_PHYS_s15_T1_test,37,227,44.56666666666667,1.2647974491119385,-0.9214546226254693
UBFC_PHYS_s15_T1_test,37,228,44.6,1.2682541608810425,-0.7852476540264071
UBFC_PHYS_s15_T1_test,37,229,44.63333333333333,1.0143873691558838,-0.4939918905129053
UBFC_PHYS_s15_T1_test,37,230,44.666666666666664,0.7060820460319519,-0.0936730872994561
UBFC_PHYS_s15_T1_test,37,231,44.7,0.28731590509414673,0.3395186918904572
UBFC_PHYS_s15_T1_test,37,232,44.733333333333334,-0.40470555424690247,0.7191773556229759
UBFC_PHYS_s15_T1_test,37,233,44.766666666666666,-1.1337661743164062,0.9732394659225015
UBFC_PHYS_s15_T1_test,37,234,44.8,-1.4016915559768677,1.0641040912017834
UBFC_PHYS_s15_T1_test,37,235,44.833333333333336,-1.0746155977249146,0.9960575788259224
UBFC_PHYS_s15_T1_test,37,236,44.86666666666667,-0.44411998987197876,0.8066210033477588
UBFC_PHYS_s15_T1_test,37,237,44.9,0.11148624867200851,0.5459921832695875
UBFC_PHYS_s15_T1_test,37,238,44.93333333333333,0.4199461042881012,0.25544691123698476
UBFC_PHYS_s15_T1_test,37,239,44.96666666666667,0.6064355969429016,-0.04363218179566915
UBFC_PHYS_s15_T1_test,38,0,38.0,-1.0399516820907593,-0.011570848803853458
UBFC_PHYS_s15_T1_test,38,1,38.03333333333333,-0.8702244758605957,0.8287080267009592
UBFC_PHYS_s15_T1_test,38,2,38.06666666666667,-0.8250938653945923,1.5251384167635884
UBFC_PHYS_s15_T1_test,38,3,38.1,-1.0407048463821411,1.9724681368462225
UBFC_PHYS_s15_T1_test,38,4,38.13333333333333,-1.2369658946990967,2.1270480482185024
UBFC_PHYS_s15_T1_test,38,5,38.166666666666664,-0.961933970451355,2.012008095207211
UBFC_PHYS_s15_T1_test,38,6,38.2,-0.32730576395988464,1.7009006302119796
UBFC_PHYS_s15_T1_test,38,7,38.233333333333334,0.12554489076137543,1.2881760882792517
UBFC_PHYS_s15_T1_test,38,8,38.266666666666666,0.1735914796590805,0.859033750428231
UBFC_PHYS_s15_T1_test,38,9,38.3,0.02273138239979744,0.4687807280330316
UBFC_PHYS_s15_T1_test,38,10,38.333333333333336,-0.02176191844046116,0.1363137180739452
UBFC_PHYS_s15_T1_test,38,11,38.36666666666667,0.26089799404144287,-0.1490110887725747
UBFC_PHYS_s15_T1_test,38,12,38.4,0.708206295967102,-0.41130416201906
UBFC_PHYS_s15_T1_test,38,13,38.43333333333333,0.7742896676063538,-0.668936908147154
UBFC_PHYS_s15_T1_test,38,14,38.46666666666667,0.1672573685646057,-0.9192046451482714
UBFC_PHYS_s15_T1_test,38,15,38.5,-0.7612892389297485,-1.1329307911759727
UBFC_PHYS_s15_T1_test,38,16,38.53333333333333,-1.3902978897094727,-1.261571458196684
UBFC_PHYS_s15_T1_test,38,17,38.56666666666667,-1.4473434686660767,-1.2545244948879353
UBFC_PHYS_s15_T1_test,38,18,38.6,-1.0664855241775513,-1.0802465172902418
UBFC_PHYS_s15_T1_test,38,19,38.63333333333333,-0.5120958685874939,-0.7429641029488189
UBFC_PHYS_s15_T1_test,38,20,38.666666666666664,0.009232764132320881,-0.2879714678374896
UBFC_PHYS_s15_T1_test,38,21,38.7,0.3381819427013397,0.2073796347157635
UBFC_PHYS_s15_T1_test,38,22,38.733333333333334,0.4076254665851593,0.65420836118807
UBFC_PHYS_s15_T1_test,38,23,38.766666666666666,0.32184454798698425,0.9767158295540413
UBFC_PHYS_s15_T1_test,38,24,38.8,0.20812013745307922,1.1320212418517561
UBFC_PHYS_s15_T1_test,38,25,38.833333333333336,0.03269602730870247,1.1183456136859862
UBFC_PHYS_s15_T1_test,38,26,38.86666666666667,-0.3112773597240448,0.9690257658393612
UBFC_PHYS_s15_T1_test,38,27,38.9,-0.8606460690498352,0.7354126434118844
UBFC_PHYS_s15_T1_test,38,28,38.93333333333333,-1.5106267929077148,0.46656459594232946
UBFC_PHYS_s15_T1_test,38,29,38.96666666666667,-2.0445656776428223,0.1947576753632858
UBFC_PHYS_s15_T1_test,38,30,39.0,-2.2623589038848877,-0.06805165024963115
UBFC_PHYS_s15_T1_test,38,31,39.03333333333333,-2.052811622619629,-0.3236738611562198
UBFC_PHYS_s15_T1_test,38,32,39.06666666666667,-1.4603979587554932,-0.5760688151179599
UBFC_PHYS_s15_T1_test,38,33,39.1,-0.6921740174293518,-0.8204079927705001
UBFC_PHYS_s15_T1_test,38,34,39.13333333333333,-0.068302221596241,-1.0366413339738705
UBFC_PHYS_s15_T1_test,38,35,39.166666666666664,0.20582209527492523,-1.1892172486110735
UBFC_PHYS_s15_T1_test,38,36,39.2,0.1715058535337448,-1.2336854766910215
UBFC_PHYS_s15_T1_test,38,37,39.233333333333334,-0.050323374569416046,-1.1299492314912354
UBFC_PHYS_s15_T1_test,38,38,39.266666666666666,-0.4797300696372986,-0.8593336456423522
UBFC_PHYS_s15_T1_test,38,39,39.3,-1.1804416179656982,-0.43920583521654505
UBFC_PHYS_s15_T1_test,38,40,39.333333333333336,-2.0532171726226807,0.07280335298380629
UBFC_PHYS_s15_T1_test,38,41,39.36666666666667,-2.846796989440918,0.5900019700879403
UBFC_PHYS_s15_T1_test,38,42,39.4,-3.2460780143737793,1.0207163991841441
UBFC_PHYS_s15_T1_test,38,43,39.43333333333333,-3.055436372756958,1.2953796328327438
UBFC_PHYS_s15_T1_test,38,44,39.46666666666667,-2.4232029914855957,1.3849676845205803
UBFC_PHYS_s15_T1_test,38,45,39.5,-1.7392148971557617,1.303695064108446
UBFC_PHYS_s15_T1_test,38,46,39.53333333333333,-1.25631582736969,1.0968037204257377
UBFC_PHYS_s15_T1_test,38,47,39.56666666666667,-0.9340291023254395,0.8206102943639091
UBFC_PHYS_s15_T1_test,38,48,39.6,-0.6729978322982788,0.5233814788002616
UBFC_PHYS_s15_T1_test,38,49,39.63333333333333,-0.45082101225852966,0.23322340497004865
UBFC_PHYS_s15_T1_test,38,50,39.666666666666664,-0.2699124813079834,-0.044196770926188504
UBFC_PHYS_s15_T1_test,38,51,39.7,-0.1075042188167572,-0.31841130931233136
UBFC_PHYS_s15_T1_test,38,52,39.733333333333334,0.04959344118833542,-0.6004540562647803
UBFC_PHYS_s15_T1_test,38,53,39.766666666666666,0.19176344573497772,-0.887963989348587
UBFC_PHYS_s15_T1_test,38,54,39.8,0.29612186551094055,-1.1554116289632195
UBFC_PHYS_s15_T1_test,38,55,39.833333333333336,0.3193727135658264,-1.3545403260416427
UBFC_PHYS_s15_T1_test,38,56,39.86666666666667,0.26153528690338135,-1.4262765740016392
UBFC_PHYS_s15_T1_test,38,57,39.9,0.20418062806129456,-1.3206552979339412
UBFC_PHYS_s15_T1_test,38,58,39.93333333333333,0.17376528680324554,-1.0179129290801656
UBFC_PHYS_s15_T1_test,38,59,39.96666666666667,0.06876958906650543,-0.5427051743122814
UBFC_PHYS_s15_T1_test,38,60,40.0,-0.15587909519672394,0.035278846262706866
UBFC_PHYS_s15_T1_test,38,61,40.03333333333333,-0.2998064160346985,0.6166884490124483
UBFC_PHYS_s15_T1_test,38,62,40.06666666666667,-0.08844393491744995,1.099621928630184
UBFC_PHYS_s15_T1_test,38,63,40.1,0.48736196756362915,1.4084775660094817
UBFC_PHYS_s15_T1_test,38,64,40.13333333333333,1.1563836336135864,1.5130886872850913
UBFC_PHYS_s15_T1_test,38,65,40.166666666666664,1.6908632516860962,1.4307773291613461
UBFC_PHYS_s15_T1_test,38,66,40.2,2.075737953186035,1.211920524121711
UBFC_PHYS_s15_T1_test,38,67,40.233333333333334,2.32614803314209,0.9169833370253749
UBFC_PHYS_s15_T1_test,38,68,40.266666666666666,2.358842134475708,0.5956299167552263
UBFC_PHYS_s15_T1_test,38,69,40.3,2.1383068561553955,0.27576008060242196
UBFC_PHYS_s15_T1_test,38,70,40.333333333333336,1.807020902633667,-0.03562433523695889
UBFC_PHYS_s15_T1_test,38,71,40.36666666666667,1.5799583196640015,-0.34312794510893785
UBFC_PHYS_s15_T1_test,38,72,40.4,1.5651079416275024,-0.6506277923883581
UBFC_PHYS_s15_T1_test,38,73,40.43333333333333,1.6904963254928589,-0.9505008367215567
UBFC_PHYS_s15_T1_test,38,74,40.46666666666667,1.7916491031646729,-1.2175017178872476
UBFC_PHYS_s15_T1_test,38,75,40.5,1.7206027507781982,-1.4093121533226967
UBFC_PHYS_s15_T1_test,38,76,40.53333333333333,1.3624740839004517,-1.4749892827394433
UBFC_PHYS_s15_T1_test,38,77,40.56666666666667,0.689049482345581,-1.370652339580949
UBFC_PHYS_s15_T1_test,38,78,40.6,-0.21224886178970337,-1.0782166287593413
UBFC_PHYS_s15_T1_test,38,79,40.63333333333333,-1.1515904664993286,-0.6197758805492598
UBFC_PHYS_s15_T1_test,38,80,40.666666666666664,-1.9514464139938354,-0.060036991336772635
UBFC_PHYS_s15_T1_test,38,81,40.7,-2.4799587726593018,0.5067914373427974
UBFC_PHYS_s15_T1_test,38,82,40.733333333333334,-2.548243761062622,0.9823122862508061
UBFC_PHYS_s15_T1_test,38,83,40.766666666666666,-1.9784051179885864,1.292008371922079
UBFC_PHYS_s15_T1_test,38,84,40.8,-0.9486477375030518,1.4049897281259334
UBFC_PHYS_s15_T1_test,38,85,40.833333333333336,0.051910798996686935,1.337944840984913
UBFC_PHYS_s15_T1_test,38,86,40.86666666666667,0.7071248888969421,1.1427431906515855
UBFC_PHYS_s15_T1_test,38,87,40.9,1.0544776916503906,0.8838216744557434
UBFC_PHYS_s15_T1_test,38,88,40.93333333333333,1.2212311029434204,0.6148456137508921
UBFC_PHYS_s15_T1_test,38,89,40.96666666666667,1.251916766166687,0.3634309113242905
UBFC_PHYS_s15_T1_test,38,90,41.0,1.2058593034744263,0.12889657046752925
UBFC_PHYS_s15_T1_test,38,91,41.03333333333333,1.117007851600647,-0.10738015791316456
UBFC_PHYS_s15_T1_test,38,92,41.06666666666667,0.9116511344909668,-0.3644582112397035
UBFC_PHYS_s15_T1_test,38,93,41.1,0.6215370893478394,-0.6451109263397502
UBFC_PHYS_s15_T1_test,38,94,41.13333333333333,0.42857825756073,-0.9267221124527115
UBFC_PHYS_s15_T1_test,38,95,41.166666666666664,0.3752790093421936,-1.1630788361020086
UBFC_PHYS_s15_T1_test,38,96,41.2,0.31240132451057434,-1.2963088402484506
UBFC_PHYS_s15_T1_test,38,97,41.233333333333334,0.1415926069021225,-1.275055008763263
UBFC_PHYS_s15_T1_test,38,98,41.266666666666666,-0.09595604240894318,-1.0732428198977906
UBFC_PHYS_s15_T1_test,38,99,41.3,-0.33286741375923157,-0.703370189646372
UBFC_PHYS_s15_T1_test,38,100,41.333333333333336,-0.5477059483528137,-0.21907640803170628
UBFC_PHYS_s15_T1_test,38,101,41.36666666666667,-0.6838508248329163,0.2956603684150419
UBFC_PHYS_s15_T1_test,38,102,41.4,-0.6119354367256165,0.7488121277803744
UBFC_PHYS_s15_T1_test,38,103,41.43333333333333,-0.29237157106399536,1.0668023426470625
UBFC_PHYS_s15_T1_test,38,104,41.46666666666667,0.13738274574279785,1.2143628325316824
UBFC_PHYS_s15_T1_test,38,105,41.5,0.5228175520896912,1.1988944463415994
UBFC_PHYS_s15_T1_test,38,106,41.53333333333333,0.7846598625183105,1.0586513294062079
UBFC_PHYS_s15_T1_test,38,107,41.56666666666667,0.8704794049263,0.8425284763798535
UBFC_PHYS_s15_T1_test,38,108,41.6,0.7962659597396851,0.5917972809806687
UBFC_PHYS_s15_T1_test,38,109,41.63333333333333,0.7221104502677917,0.33059383519744534
UBFC_PHYS_s15_T1_test,38,110,41.666666666666664,0.7683610916137695,0.06605768069954915
UBFC_PHYS_s15_T1_test,38,111,41.7,0.8247115612030029,-0.20501063979378578
UBFC_PHYS_s15_T1_test,38,112,41.733333333333334,0.7368063926696777,-0.48642702107153946
UBFC_PHYS_s15_T1_test,38,113,41.766666666666666,0.5513597130775452,-0.7723198748971313
UBFC_PHYS_s15_T1_test,38,114,41.8,0.3350535035133362,-1.0391921632172463
UBFC_PHYS_s15_T1_test,38,115,41.833333333333336,-0.007954318076372147,-1.244281935501655
UBFC_PHYS_s15_T1_test,38,116,41.86666666666667,-0.5226784944534302,-1.3333201574040099
UBFC_PHYS_s15_T1_test,38,117,41.9,-1.0774929523468018,-1.2572903395571662
UBFC_PHYS_s15_T1_test,38,118,41.93333333333333,-1.50048828125,-0.9928775516565994
UBFC_PHYS_s15_T1_test,38,119,41.96666666666667,-1.6808174848556519,-0.5580371754975063
UBFC_PHYS_s15_T1_test,38,120,42.0,-1.652024269104004,-0.01502589931880749
UBFC_PHYS_s15_T1_test,38,121,42.03333333333333,-1.599342942237854,0.5420549706690527
UBFC_PHYS_s15_T1_test,38,122,42.06666666666667,-1.5553903579711914,1.0119264344911858
UBFC_PHYS_s15_T1_test,38,123,42.1,-1.2970048189163208,1.3145983166346589
UBFC_PHYS_s15_T1_test,38,124,42.13333333333333,-0.7708097100257874,1.4133018354345377
UBFC_PHYS_s15_T1_test,38,125,42.166666666666664,-0.24644923210144043,1.3217578664455139
UBFC_PHYS_s15_T1_test,38,126,42.2,0.07962255924940109,1.094293240553871
UBFC_PHYS_s15_T1_test,38,127,42.233333333333334,0.265764445066452,0.8030820283837066
UBFC_PHYS_s15_T1_test,38,128,42.266666666666666,0.392697811126709,0.5118077323567163
UBFC_PHYS_s15_T1_test,38,129,42.3,0.4955306351184845,0.25614264184609264
UBFC_PHYS_s15_T1_test,38,130,42.333333333333336,0.6560657024383545,0.03808004263480088
UBFC_PHYS_s15_T1_test,38,131,42.36666666666667,0.8863533139228821,-0.16505791974706988
UBFC_PHYS_s15_T1_test,38,132,42.4,1.0720317363739014,-0.3822669013095983
UBFC_PHYS_s15_T1_test,38,133,42.43333333333333,1.16360604763031,-0.629578713748165
UBFC_PHYS_s15_T1_test,38,134,42.46666666666667,1.2495994567871094,-0.897133447871938
UBFC_PHYS_s15_T1_test,38,135,42.5,1.3785024881362915,-1.1465274334536106
UBFC_PHYS_s15_T1_test,38,136,42.53333333333333,1.4827643632888794,-1.3191965496739637
UBFC_PHYS_s15_T1_test,38,137,42.56666666666667,1.5217925310134888,-1.3537874986139538
UBFC_PHYS_s15_T1_test,38,138,42.6,1.509433388710022,-1.2075658890519185
UBFC_PHYS_s15_T1_test,38,139,42.63333333333333,1.4279974699020386,-0.8747901535258481
UBFC_PHYS_s15_T1_test,38,140,42.666666666666664,1.2197633981704712,-0.3949857633070144
UBFC_PHYS_s15_T1_test,38,141,42.7,0.8613837957382202,0.1532359952172091
UBFC_PHYS_s15_T1_test,38,142,42.733333333333334,0.4301811158657074,0.6721977202636655
UBFC_PHYS_s15_T1_test,38,143,42.766666666666666,0.11975149810314178,1.0726535851509198
UBFC_PHYS_s15_T1_test,38,144,42.8,0.10134780406951904,1.298370088797253
UBFC_PHYS_s15_T1_test,38,145,42.833333333333336,0.3076893389225006,1.3380260033407962
UBFC_PHYS_s15_T1_test,38,146,42.86666666666667,0.49348363280296326,1.220638707087052
UBFC_PHYS_s15_T1_test,38,147,42.9,0.528205394744873,0.9983471578502986
UBFC_PHYS_s15_T1_test,38,148,42.93333333333333,0.5025985836982727,0.7251133905240047
UBFC_PHYS_s15_T1_test,38,149,42.96666666666667,0.5324732065200806,0.4401164663649959
UBFC_PHYS_s15_T1_test,38,150,43.0,0.6514310240745544,0.1612003008325673
UBFC_PHYS_s15_T1_test,38,151,43.03333333333333,0.8779914975166321,-0.11110613921704367
UBFC_PHYS_s15_T1_test,38,152,43.06666666666667,1.1981346607208252,-0.3824985691439716
UBFC_PHYS_s15_T1_test,38,153,43.1,1.525944471359253,-0.6522244613119929
UBFC_PHYS_s15_T1_test,38,154,43.13333333333333,1.7467695474624634,-0.9041234928941242
UBFC_PHYS_s15_T1_test,38,155,43.166666666666664,1.8149385452270508,-1.10493137459685
UBFC_PHYS_s15_T1_test,38,156,43.2,1.7685720920562744,-1.210889513239682
UBFC_PHYS_s15_T1_test,38,157,43.233333333333334,1.6727299690246582,-1.1809008485610504
UBFC_PHYS_s15_T1_test,38,158,43.266666666666666,1.6138496398925781,-0.9919340805768625
UBFC_PHYS_s15_T1_test,38,159,43.3,1.6559484004974365,-0.6511583321267097
UBFC_PHYS_s15_T1_test,38,160,43.333333333333336,1.7069882154464722,-0.20009758685123774
UBFC_PHYS_s15_T1_test,38,161,43.36666666666667,1.5762698650360107,0.2915202438033499
UBFC_PHYS_s15_T1_test,38,162,43.4,1.1536028385162354,0.7414336202087515
UBFC_PHYS_s15_T1_test,38,163,43.43333333333333,0.4465377926826477,1.0758859771783076
UBFC_PHYS_s15_T1_test,38,164,43.46666666666667,-0.41876420378685,1.2490931425003275
UBFC_PHYS_s15_T1_test,38,165,43.5,-1.1871041059494019,1.2537481183293089
UBFC_PHYS_s15_T1_test,38,166,43.53333333333333,-1.6630316972732544,1.1182270911472652
UBFC_PHYS_s15_T1_test,38,167,43.56666666666667,-1.9262452125549316,0.8918234073698676
UBFC_PHYS_s15_T1_test,38,168,43.6,-2.128067970275879,0.6249264326376753
UBFC_PHYS_s15_T1_test,38,169,43.63333333333333,-2.2884483337402344,0.35306300485589104
UBFC_PHYS_s15_T1_test,38,170,43.666666666666664,-2.355729103088379,0.09064638027704199
UBFC_PHYS_s15_T1_test,38,171,43.7,-2.3395848274230957,-0.16512665106834173
UBFC_PHYS_s15_T1_test,38,172,43.733333333333334,-2.2816314697265625,-0.4237819883516311
UBFC_PHYS_s15_T1_test,38,173,43.766666666666666,-2.156069278717041,-0.6893518693834068
UBFC_PHYS_s15_T1_test,38,174,43.8,-1.9211856126785278,-0.950686739767856
UBFC_PHYS_s15_T1_test,38,175,43.833333333333336,-1.6442031860351562,-1.1774177304046665
UBFC_PHYS_s15_T1_test,38,176,43.86666666666667,-1.4530210494995117,-1.3237643343489387
UBFC_PHYS_s15_T1_test,38,177,43.9,-1.3779386281967163,-1.3406351903652183
UBFC_PHYS_s15_T1_test,38,178,43.93333333333333,-1.3211439847946167,-1.1931535650350056
UBFC_PHYS_s15_T1_test,38,179,43.96666666666667,-1.221632719039917,-0.877316774349938
UBFC_PHYS_s15_T1_test,38,180,44.0,-1.139887809753418,-0.4283369751548711
UBFC_PHYS_s15_T1_test,38,181,44.03333333333333,-1.0897363424301147,0.08421515059473732
UBFC_PHYS_s15_T1_test,38,182,44.06666666666667,-0.9257831573486328,0.5736866732151598
UBFC_PHYS_s15_T1_test,38,183,44.1,-0.4468235671520233,0.9598381107282756
UBFC_PHYS_s15_T1_test,38,184,44.13333333333333,0.5114625096321106,1.1902081878571131
UBFC_PHYS_s15_T1_test,38,185,44.166666666666664,1.9082123041152954,1.2520739830524874
UBFC_PHYS_s15_T1_test,38,186,44.2,3.34200119972229,1.1708095291122897
UBFC_PHYS_s15_T1_test,38,187,44.233333333333334,4.289588928222656,0.9952775784305364
UBFC_PHYS_s15_T1_test,38,188,44.266666666666666,4.494694232940674,0.7765187747849214
UBFC_PHYS_s15_T1_test,38,189,44.3,3.998335361480713,0.549243444200888
UBFC_PHYS_s15_T1_test,38,190,44.333333333333336,2.964348793029785,0.32397784543107205
UBFC_PHYS_s15_T1_test,38,191,44.36666666666667,1.7627207040786743,0.0921688927641603
UBFC_PHYS_s15_T1_test,38,192,44.4,0.932874321937561,-0.1596991296150054
UBFC_PHYS_s15_T1_test,38,193,44.43333333333333,0.684646487236023,-0.4345287422314889
UBFC_PHYS_s15_T1_test,38,194,44.46666666666667,0.7215697765350342,-0.7145254065488666
UBFC_PHYS_s15_T1_test,38,195,44.5,0.8014800548553467,-0.9602477298545271
UBFC_PHYS_s15_T1_test,38,196,44.53333333333333,1.0112782716751099,-1.1188862298559243
UBFC_PHYS_s15_T1_test,38,197,44.56666666666667,1.2647974491119385,-1.1392155801239616
UBFC_PHYS_s15_T1_test,38,198,44.6,1.2682541608810425,-0.9889699153278433
UBFC_PHYS_s15_T1_test,38,199,44.63333333333333,1.0143873691558838,-0.6693568959976797
UBFC_PHYS_s15_T1_test,38,200,44.666666666666664,0.7060820460319519,-0.22121513755543765
UBFC_PHYS_s15_T1_test,38,201,44.7,0.28731590509414673,0.28098072355494635
UBFC_PHYS_s15_T1_test,38,202,44.733333333333334,-0.40470555424690247,0.7469453896310838
UBFC_PHYS_s15_T1_test,38,203,44.766666666666666,-1.1337661743164062,1.094877432424811
UBFC_PHYS_s15_T1_test,38,204,44.8,-1.4016915559768677,1.2734285970684436
UBFC_PHYS_s15_T1_test,38,205,44.833333333333336,-1.0746155977249146,1.2728588149308406
UBFC_PHYS_s15_T1_test,38,206,44.86666666666667,-0.44411998987197876,1.1213730142014164
UBFC_PHYS_s15_T1_test,38,207,44.9,0.11148624867200851,0.8692234682715738
UBFC_PHYS_s15_T1_test,38,208,44.93333333333333,0.4199461042881012,0.5684706346171584
UBFC_PHYS_s15_T1_test,38,209,44.96666666666667,0.6064355969429016,0.2573110452349272
UBFC_PHYS_s15_T1_test,38,210,45.0,0.8863533139228821,-0.04589679605326025
UBFC_PHYS_s15_T1_test,38,211,45.03333333333333,1.2159397602081299,-0.33903690670412395
UBFC_PHYS_s15_T1_test,38,212,45.06666666666667,1.3386245965957642,-0.6264120667867709
UBFC_PHYS_s15_T1_test,38,213,45.1,1.1563256978988647,-0.906986068671459
UBFC_PHYS_s15_T1_test,38,214,45.13333333333333,0.7890435457229614,-1.1649825863553476
UBFC_PHYS_s15_T1_test,38,215,45.166666666666664,0.37373408675193787,-1.366637498174171
UBFC_PHYS_s15_T1_test,38,216,45.2,-0.10147908329963684,-1.46558811695128
UBFC_PHYS_s15_T1_test,38,217,45.233333333333334,-0.7911059260368347,-1.416658118186113
UBFC_PHYS_s15_T1_test,38,218,45.266666666666666,-1.7323400974273682,-1.1939481612795415
UBFC_PHYS_s15_T1_test,38,219,45.3,-2.6104841232299805,-0.8061665083399306
UBFC_PHYS_s15_T1_test,38,220,45.333333333333336,-3.0488126277923584,-0.302103720514211
UBFC_PHYS_s15_T1_test,38,221,45.36666666666667,-3.024905204772949,0.2375670003597487
UBFC_PHYS_s15_T1_test,38,222,45.4,-2.827678680419922,0.7205940980252875
UBFC_PHYS_s15_T1_test,38,223,45.43333333333333,-2.6852190494537354,1.0686410444318102
UBFC_PHYS_s15_T1_test,38,224,45.46666666666667,-2.5340306758880615,1.2382051885086889
UBFC_PHYS_s15_T1_test,38,225,45.5,-2.1630020141601562,1.2287784062774052
UBFC_PHYS_s15_T1_test,38,226,45.53333333333333,-1.545831322669983,1.0759130938460721
UBFC_PHYS_s15_T1_test,38,227,45.56666666666667,-0.9389534592628479,0.833757685886344
UBFC_PHYS_s15_T1_test,38,228,45.6,-0.566225528717041,0.5557245238823142
UBFC_PHYS_s15_T1_test,38,229,45.63333333333333,-0.4862186908721924,0.2813830613219589
UBFC_PHYS_s15_T1_test,38,230,45.666666666666664,-0.6418486833572388,0.03314278032746938
UBFC_PHYS_s15_T1_test,38,231,45.7,-0.8752453923225403,-0.17916807948859104
UBFC_PHYS_s15_T1_test,38,232,45.733333333333334,-1.0179368257522583,-0.35092723687294564
UBFC_PHYS_s15_T1_test,38,233,45.766666666666666,-1.061136245727539,-0.4773949836033863
UBFC_PHYS_s15_T1_test,38,234,45.8,-1.0904122591018677,-0.5524786204218305
UBFC_PHYS_s15_T1_test,38,235,45.833333333333336,-1.0837883949279785,-0.570622702628038
UBFC_PHYS_s15_T1_test,38,236,45.86666666666667,-1.0006531476974487,-0.5296484821366119
UBFC_PHYS_s15_T1_test,38,237,45.9,-0.9068194031715393,-0.43285081290172045
UBFC_PHYS_s15_T1_test,38,238,45.93333333333333,-0.875303328037262,-0.2897064361970783
UBFC_PHYS_s15_T1_test,38,239,45.96666666666667,-0.8977044820785522,-0.11533270797725141
UBFC_PHYS_s15_T1_test,39,0,39.0,-2.2623589038848877,0.002139066503890593
UBFC_PHYS_s15_T1_test,39,1,39.03333333333333,-2.052811622619629,0.033422334739915564
UBFC_PHYS_s15_T1_test,39,2,39.06666666666667,-1.4603979587554932,0.0009815689451351962
UBFC_PHYS_s15_T1_test,39,3,39.1,-0.6921740174293518,-0.13128827161280932
UBFC_PHYS_s15_T1_test,39,4,39.13333333333333,-0.068302221596241,-0.35429697952516426
UBFC_PHYS_s15_T1_test,39,5,39.166666666666664,0.20582209527492523,-0.6119845666047785
UBFC_PHYS_s15_T1_test,39,6,39.2,0.1715058535337448,-0.8171624081452034
UBFC_PHYS_s15_T1_test,39,7,39.233333333333334,-0.050323374569416046,-0.8803063004654129
UBFC_PHYS_s15_T1_test,39,8,39.266666666666666,-0.4797300696372986,-0.7417614184104803
UBFC_PHYS_s15_T1_test,39,9,39.3,-1.1804416179656982,-0.39611302436542495
UBFC_PHYS_s15_T1_test,39,10,39.333333333333336,-2.0532171726226807,0.10048038804681167
UBFC_PHYS_s15_T1_test,39,11,39.36666666666667,-2.846796989440918,0.6437702014721947
UBFC_PHYS_s15_T1_test,39,12,39.4,-3.2460780143737793,1.1121380792467976
UBFC_PHYS_s15_T1_test,39,13,39.43333333333333,-3.055436372756958,1.4041698756628285
UBFC_PHYS_s15_T1_test,39,14,39.46666666666667,-2.4232029914855957,1.4692744941738372
UBFC_PHYS_s15_T1_test,39,15,39.5,-1.7392148971557617,1.3197110624038346
UBFC_PHYS_s15_T1_test,39,16,39.53333333333333,-1.25631582736969,1.0199876453421999
UBFC_PHYS_s15_T1_test,39,17,39.56666666666667,-0.9340291023254395,0.658913789423512
UBFC_PHYS_s15_T1_test,39,18,39.6,-0.6729978322982788,0.3161068917628191
UBFC_PHYS_s15_T1_test,39,19,39.63333333333333,-0.45082101225852966,0.03609713236083036
UBFC_PHYS_s15_T1_test,39,20,39.666666666666664,-0.2699124813079834,-0.18065723964317928
UBFC_PHYS_s15_T1_test,39,21,39.7,-0.1075042188167572,-0.3676287447696252
UBFC_PHYS_s15_T1_test,39,22,39.733333333333334,0.04959344118833542,-0.5682287286800929
UBFC_PHYS_s15_T1_test,39,23,39.766666666666666,0.19176344573497772,-0.8083898572801345
UBFC_PHYS_s15_T1_test,39,24,39.8,0.29612186551094055,-1.0771695647755832
UBFC_PHYS_s15_T1_test,39,25,39.833333333333336,0.3193727135658264,-1.3234473747477562
UBFC_PHYS_s15_T1_test,39,26,39.86666666666667,0.26153528690338135,-1.4703731858191906
UBFC_PHYS_s15_T1_test,39,27,39.9,0.20418062806129456,-1.4424819645615308
UBFC_PHYS_s15_T1_test,39,28,39.93333333333333,0.17376528680324554,-1.195876194736687
UBFC_PHYS_s15_T1_test,39,29,39.96666666666667,0.06876958906650543,-0.7405816462925708
UBFC_PHYS_s15_T1_test,39,30,40.0,-0.15587909519672394,-0.14613263803031137
UBFC_PHYS_s15_T1_test,39,31,40.03333333333333,-0.2998064160346985,0.47356267862649604
UBFC_PHYS_s15_T1_test,39,32,40.06666666666667,-0.08844393491744995,0.9928332043685238
UBFC_PHYS_s15_T1_test,39,33,40.1,0.48736196756362915,1.3136101020652386
UBFC_PHYS_s15_T1_test,39,34,40.13333333333333,1.1563836336135864,1.396158817144616
UBFC_PHYS_s15_T1_test,39,35,40.166666666666664,1.6908632516860962,1.2677153912842791
UBFC_PHYS_s15_T1_test,39,36,40.2,2.075737953186035,1.0050228269370538
UBFC_PHYS_s15_T1_test,39,37,40.233333333333334,2.32614803314209,0.699094318061532
UBFC_PHYS_s15_T1_test,39,38,40.266666666666666,2.358842134475708,0.41888159953135234
UBFC_PHYS_s15_T1_test,39,39,40.3,2.1383068561553955,0.19011188068626067
UBFC_PHYS_s15_T1_test,39,40,40.333333333333336,1.807020902633667,-0.003489271087454177
UBFC_PHYS_s15_T1_test,39,41,40.36666666666667,1.5799583196640015,-0.20076419131128814
UBFC_PHYS_s15_T1_test,39,42,40.4,1.5651079416275024,-0.43651081302467826
UBFC_PHYS_s15_T1_test,39,43,40.43333333333333,1.6904963254928589,-0.719160050555568
UBFC_PHYS_s15_T1_test,39,44,40.46666666666667,1.7916491031646729,-1.020214392125282
UBFC_PHYS_s15_T1_test,39,45,40.5,1.7206027507781982,-1.2778899849639478
UBFC_PHYS_s15_T1_test,39,46,40.53333333333333,1.3624740839004517,-1.4136764327894233
UBFC_PHYS_s15_T1_test,39,47,40.56666666666667,0.689049482345581,-1.357598284465154
UBFC_PHYS_s15_T1_test,39,48,40.6,-0.21224886178970337,-1.0749194686026222
UBFC_PHYS_s15_T1_test,39,49,40.63333333333333,-1.1515904664993286,-0.5851161968379425
UBFC_PHYS_s15_T1_test,39,50,40.666666666666664,-1.9514464139938354,0.034984103609428774
UBFC_PHYS_s15_T1_test,39,51,40.7,-2.4799587726593018,0.6674687940347818
UBFC_PHYS_s15_T1_test,39,52,40.733333333333334,-2.548243761062622,1.1856621862527774
UBFC_PHYS_s15_T1_test,39,53,40.766666666666666,-1.9784051179885864,1.4921916664930897
UBFC_PHYS_s15_T1_test,39,54,40.8,-0.9486477375030518,1.5485650012933032
UBFC_PHYS_s15_T1_test,39,55,40.833333333333336,0.051910798996686935,1.3840379370346845
UBFC_PHYS_s15_T1_test,39,56,40.86666666666667,0.7071248888969421,1.0798205839647013
UBFC_PHYS_s15_T1_test,39,57,40.9,1.0544776916503906,0.7352692048351516
UBFC_PHYS_s15_T1_test,39,58,40.93333333333333,1.2212311029434204,0.4303236862412291
UBFC_PHYS_s15_T1_test,39,59,40.96666666666667,1.251916766166687,0.1997264975354679
UBFC_PHYS_s15_T1_test,39,60,41.0,1.2058593034744263,0.029001421261035623
UBFC_PHYS_s15_T1_test,39,61,41.03333333333333,1.117007851600647,-0.12775147448593602
UBFC_PHYS_s15_T1_test,39,62,41.06666666666667,0.9116511344909668,-0.3179546831611155
UBFC_PHYS_s15_T1_test,39,63,41.1,0.6215370893478394,-0.5627986576656835
UBFC_PHYS_s15_T1_test,39,64,41.13333333333333,0.42857825756073,-0.8429931980824935
UBFC_PHYS_s15_T1_test,39,65,41.166666666666664,0.3752790093421936,-1.1021735174063279
UBFC_PHYS_s15_T1_test,39,66,41.2,0.31240132451057434,-1.2652543872895463
UBFC_PHYS_s15_T1_test,39,67,41.233333333333334,0.1415926069021225,-1.2646518005699683
UBFC_PHYS_s15_T1_test,39,68,41.266666666666666,-0.09595604240894318,-1.0655828786535013
UBFC_PHYS_s15_T1_test,39,69,41.3,-0.33286741375923157,-0.682219708947032
UBFC_PHYS_s15_T1_test,39,70,41.333333333333336,-0.5477059483528137,-0.178885962849819
UBFC_PHYS_s15_T1_test,39,71,41.36666666666667,-0.6838508248329163,0.34543047846303415
UBFC_PHYS_s15_T1_test,39,72,41.4,-0.6119354367256165,0.7855820434585141
UBFC_PHYS_s15_T1_test,39,73,41.43333333333333,-0.29237157106399536,1.0624960569230433
UBFC_PHYS_s15_T1_test,39,74,41.46666666666667,0.13738274574279785,1.146426609107472
UBFC_PHYS_s15_T1_test,39,75,41.5,0.5228175520896912,1.0609517996950961
UBFC_PHYS_s15_T1_test,39,76,41.53333333333333,0.7846598625183105,0.8664597196022433
UBFC_PHYS_s15_T1_test,39,77,41.56666666666667,0.8704794049263,0.6318897808541493
UBFC_PHYS_s15_T1_test,39,78,41.6,0.7962659597396851,0.4080532210932518
UBFC_PHYS_s15_T1_test,39,79,41.63333333333333,0.7221104502677917,0.21330336928011784
UBFC_PHYS_s15_T1_test,39,80,41.666666666666664,0.7683610916137695,0.035196436909890105
UBFC_PHYS_s15_T1_test,39,81,41.7,0.8247115612030029,-0.15528155989838416
UBFC_PHYS_s15_T1_test,39,82,41.733333333333334,0.7368063926696777,-0.38387731486931237
UBFC_PHYS_s15_T1_test,39,83,41.766666666666666,0.5513597130775452,-0.6549234308603792
UBFC_PHYS_s15_T1_test,39,84,41.8,0.3350535035133362,-0.9411105345273968
UBFC_PHYS_s15_T1_test,39,85,41.833333333333336,-0.007954318076372147,-1.1853090395674992
UBFC_PHYS_s15_T1_test,39,86,41.86666666666667,-0.5226784944534302,-1.3151744512968944
UBFC_PHYS_s15_T1_test,39,87,41.9,-1.0774929523468018,-1.2668235380110224
UBFC_PHYS_s15_T1_test,39,88,41.93333333333333,-1.50048828125,-1.0096626769962858
UBFC_PHYS_s15_T1_test,39,89,41.96666666666667,-1.6808174848556519,-0.5628899730462729
UBFC_PHYS_s15_T1_test,39,90,42.0,-1.652024269104004,0.0032463548389083463
UBFC_PHYS_s15_T1_test,39,91,42.03333333333333,-1.599342942237854,0.5829913853733207
UBFC_PHYS_s15_T1_test,39,92,42.06666666666667,-1.5553903579711914,1.0632609566945828
UBFC_PHYS_s15_T1_test,39,93,42.1,-1.2970048189163208,1.3557818687027576
UBFC_PHYS_s15_T1_test,39,94,42.13333333333333,-0.7708097100257874,1.4223841858965054
UBFC_PHYS_s15_T1_test,39,95,42.166666666666664,-0.24644923210144043,1.2840411034219459
UBFC_PHYS_s15_T1_test,39,96,42.2,0.07962255924940109,1.0095531228030497
UBFC_PHYS_s15_T1_test,39,97,42.233333333333334,0.265764445066452,0.687639036908831
UBFC_PHYS_s15_T1_test,39,98,42.266666666666666,0.392697811126709,0.39360006109003537
UBFC_PHYS_s15_T1_test,39,99,42.3,0.4955306351184845,0.16454293232999576
UBFC_PHYS_s15_T1_test,39,100,42.333333333333336,0.6560657024383545,-0.006874635230913851
UBFC_PHYS_s15_T1_test,39,101,42.36666666666667,0.8863533139228821,-0.15897141082676108
UBFC_PHYS_s15_T1_test,39,102,42.4,1.0720317363739014,-0.33549026427032397
UBFC_PHYS_s15_T1_test,39,103,42.43333333333333,1.16360604763031,-0.5600131626952961
UBFC_PHYS_s15_T1_test,39,104,42.46666666666667,1.2495994567871094,-0.8205426336688919
UBFC_PHYS_s15_T1_test,39,105,42.5,1.3785024881362915,-1.0689934749439218
UBFC_PHYS_s15_T1_test,39,106,42.53333333333333,1.4827643632888794,-1.234967170769565
UBFC_PHYS_s15_T1_test,39,107,42.56666666666667,1.5217925310134888,-1.2491121490195334
UBFC_PHYS_s15_T1_test,39,108,42.6,1.509433388710022,-1.068598297342453
UBFC_PHYS_s15_T1_test,39,109,42.63333333333333,1.4279974699020386,-0.6962815032549451
UBFC_PHYS_s15_T1_test,39,110,42.666666666666664,1.2197633981704712,-0.18656840446433823
UBFC_PHYS_s15_T1_test,39,111,42.7,0.8613837957382202,0.3653263259986259
UBFC_PHYS_s15_T1_test,39,112,42.733333333333334,0.4301811158657074,0.8488260937836389
UBFC_PHYS_s15_T1_test,39,113,42.766666666666666,0.11975149810314178,1.1706262536168601
UBFC_PHYS_s15_T1_test,39,114,42.8,0.10134780406951904,1.2829337085737702
UBFC_PHYS_s15_T1_test,39,115,42.833333333333336,0.3076893389225006,1.1959711092397012
UBFC_PHYS_s15_T1_test,39,116,42.86666666666667,0.49348363280296326,0.9692010476754908
UBFC_PHYS_s15_T1_test,39,117,42.9,0.528205394744873,0.6847832096805684
UBFC_PHYS_s15_T1_test,39,118,42.93333333333333,0.5025985836982727,0.41475445715292497
UBFC_PHYS_s15_T1_test,39,119,42.96666666666667,0.5324732065200806,0.19614785297523832
UBFC_PHYS_s15_T1_test,39,120,43.0,0.6514310240745544,0.02407243884757626
UBFC_PHYS_s15_T1_test,39,121,43.03333333333333,0.8779914975166321,-0.13590733364881155
UBFC_PHYS_s15_T1_test,39,122,43.06666666666667,1.1981346607208252,-0.3233618916256246
UBFC_PHYS_s15_T1_test,39,123,43.1,1.525944471359253,-0.5582526491704503
UBFC_PHYS_s15_T1_test,39,124,43.13333333333333,1.7467695474624634,-0.8261407873215352
UBFC_PHYS_s15_T1_test,39,125,43.166666666666664,1.8149385452270508,-1.0783483677449446
UBFC_PHYS_s15_T1_test,39,126,43.2,1.7685720920562744,-1.2461576982319453
UBFC_PHYS_s15_T1_test,39,127,43.233333333333334,1.6727299690246582,-1.263582830090488
UBFC_PHYS_s15_T1_test,39,128,43.266666666666666,1.6138496398925781,-1.0908999624519071
UBFC_PHYS_s15_T1_test,39,129,43.3,1.6559484004974365,-0.7312599783668203
UBFC_PHYS_s15_T1_test,39,130,43.333333333333336,1.7069882154464722,-0.23499498406915448
UBFC_PHYS_s15_T1_test,39,131,43.36666666666667,1.5762698650360107,0.31028603542739036
UBFC_PHYS_s15_T1_test,39,132,43.4,1.1536028385162354,0.8018750328354504
UBFC_PHYS_s15_T1_test,39,133,43.43333333333333,0.4465377926826477,1.1504568006513547
UBFC_PHYS_s15_T1_test,39,134,43.46666666666667,-0.41876420378685,1.305546875593707
UBFC_PHYS_s15_T1_test,39,135,43.5,-1.1871041059494019,1.2680707286673218
UBFC_PHYS_s15_T1_test,39,136,43.53333333333333,-1.6630316972732544,1.0845376817792785
UBFC_PHYS_s15_T1_test,39,137,43.56666666666667,-1.9262452125549316,0.8250848791566889
UBFC_PHYS_s15_T1_test,39,138,43.6,-2.128067970275879,0.5553763481619841
UBFC_PHYS_s15_T1_test,39,139,43.63333333333333,-2.2884483337402344,0.31498283720690434
UBFC_PHYS_s15_T1_test,39,140,43.666666666666664,-2.355729103088379,0.11031382305195507
UBFC_PHYS_s15_T1_test,39,141,43.7,-2.3395848274230957,-0.07769037476256269
UBFC_PHYS_s15_T1_test,39,142,43.733333333333334,-2.2816314697265625,-0.276724785592506
UBFC_PHYS_s15_T1_test,39,143,43.766666666666666,-2.156069278717041,-0.5046902944932817
UBFC_PHYS_s15_T1_test,39,144,43.8,-1.9211856126785278,-0.7561162397885154
UBFC_PHYS_s15_T1_test,39,145,43.833333333333336,-1.6442031860351562,-0.9975935037155872
UBFC_PHYS_s15_T1_test,39,146,43.86666666666667,-1.4530210494995117,-1.1741024911863454
UBFC_PHYS_s15_T1_test,39,147,43.9,-1.3779386281967163,-1.2253368528221633
UBFC_PHYS_s15_T1_test,39,148,43.93333333333333,-1.3211439847946167,-1.1074400609881223
UBFC_PHYS_s15_T1_test,39,149,43.96666666666667,-1.221632719039917,-0.8125870542550699
UBFC_PHYS_s15_T1_test,39,150,44.0,-1.139887809753418,-0.3785522663313356
UBFC_PHYS_s15_T1_test,39,151,44.03333333333333,-1.0897363424301147,0.11669914231424539
UBFC_PHYS_s15_T1_test,39,152,44.06666666666667,-0.9257831573486328,0.5751830622886651
UBFC_PHYS_s15_T1_test,39,153,44.1,-0.4468235671520233,0.9079808603313064
UBFC_PHYS_s15_T1_test,39,154,44.13333333333333,0.5114625096321106,1.0633027213985193
UBFC_PHYS_s15_T1_test,39,155,44.166666666666664,1.9082123041152954,1.042487507116717
UBFC_PHYS_s15_T1_test,39,156,44.2,3.34200119972229,0.8958821770962323
UBFC_PHYS_s15_T1_test,39,157,44.233333333333334,4.289588928222656,0.698534550051417
UBFC_PHYS_s15_T1_test,39,158,44.266666666666666,4.494694232940674,0.5163302440167584
UBFC_PHYS_s15_T1_test,39,159,44.3,3.998335361480713,0.37924496958840664
UBFC_PHYS_s15_T1_test,39,160,44.333333333333336,2.964348793029785,0.27436153107056604
UBFC_PHYS_s15_T1_test,39,161,44.36666666666667,1.7627207040786743,0.16028331348368163
UBFC_PHYS_s15_T1_test,39,162,44.4,0.932874321937561,-0.006144263379944916
UBFC_PHYS_s15_T1_test,39,163,44.43333333333333,0.684646487236023,-0.24450142975732406
UBFC_PHYS_s15_T1_test,39,164,44.46666666666667,0.7215697765350342,-0.5374385552393864
UBFC_PHYS_s15_T1_test,39,165,44.5,0.8014800548553467,-0.8328294004260399
UBFC_PHYS_s15_T1_test,39,166,44.53333333333333,1.0112782716751099,-1.0589056005012945
UBFC_PHYS_s15_T1_test,39,167,44.56666666666667,1.2647974491119385,-1.1465235962629339
UBFC_PHYS_s15_T1_test,39,168,44.6,1.2682541608810425,-1.0516556104534844
UBFC_PHYS_s15_T1_test,39,169,44.63333333333333,1.0143873691558838,-0.7715671877173562
UBFC_PHYS_s15_T1_test,39,170,44.666666666666664,0.7060820460319519,-0.3495360180077296
UBFC_PHYS_s15_T1_test,39,171,44.7,0.28731590509414673,0.13423633020068845
UBFC_PHYS_s15_T1_test,39,172,44.733333333333334,-0.40470555424690247,0.5836256531315045
UBFC_PHYS_s15_T1_test,39,173,44.766666666666666,-1.1337661743164062,0.9133425615812032
UBFC_PHYS_s15_T1_test,39,174,44.8,-1.4016915559768677,1.0728044530931125
UBFC_PHYS_s15_T1_test,39,175,44.833333333333336,-1.0746155977249146,1.0586441583868227
UBFC_PHYS_s15_T1_test,39,176,44.86666666666667,-0.44411998987197876,0.91053805291856
UBFC_PHYS_s15_T1_test,39,177,44.9,0.11148624867200851,0.6913839382615169
UBFC_PHYS_s15_T1_test,39,178,44.93333333333333,0.4199461042881012,0.4604870507403447
UBFC_PHYS_s15_T1_test,39,179,44.96666666666667,0.6064355969429016,0.25213696090741416
UBFC_PHYS_s15_T1_test,39,180,45.0,0.8863533139228821,0.06844247204547042
UBFC_PHYS_s15_T1_test,39,181,45.03333333333333,1.2159397602081299,-0.11236348146868651
UBFC_PHYS_s15_T1_test,39,182,45.06666666666667,1.3386245965957642,-0.3174989778644046
UBFC_PHYS_s15_T1_test,39,183,45.1,1.1563256978988647,-0.5595091497227993
UBFC_PHYS_s15_T1_test,39,184,45.13333333333333,0.7890435457229614,-0.8224587022651052
UBFC_PHYS_s15_T1_test,39,185,45.166666666666664,0.37373408675193787,-1.059687072522782
UBFC_PHYS_s15_T1_test,39,186,45.2,-0.10147908329963684,-1.2045447067822999
UBFC_PHYS_s15_T1_test,39,187,45.233333333333334,-0.7911059260368347,-1.1914184668694676
UBFC_PHYS_s15_T1_test,39,188,45.266666666666666,-1.7323400974273682,-0.9806265937871566
UBFC_PHYS_s15_T1_test,39,189,45.3,-2.6104841232299805,-0.5784884601563871
UBFC_PHYS_s15_T1_test,39,190,45.333333333333336,-3.0488126277923584,-0.04419324463934572
UBFC_PHYS_s15_T1_test,39,191,45.36666666666667,-3.024905204772949,0.5213329972859492
UBFC_PHYS_s15_T1_test,39,192,45.4,-2.827678680419922,1.0029748081823058
UBFC_PHYS_s15_T1_test,39,193,45.43333333333333,-2.6852190494537354,1.3065690283544715
UBFC_PHYS_s15_T1_test,39,194,45.46666666666667,-2.5340306758880615,1.387972155561484
UBFC_PHYS_s15_T1_test,39,195,45.5,-2.1630020141601562,1.2635654327561947
UBFC_PHYS_s15_T1_test,39,196,45.53333333333333,-1.545831322669983,0.9977987739329048
UBFC_PHYS_s15_T1_test,39,197,45.56666666666667,-0.9389534592628479,0.674087466907971
UBFC_PHYS_s15_T1_test,39,198,45.6,-0.566225528717041,0.3626999232841036
UBFC_PHYS_s15_T1_test,39,199,45.63333333333333,-0.4862186908721924,0.09953110276909369
UBFC_PHYS_s15_T1_test,39,200,45.666666666666664,-0.6418486833572388,-0.11696599804998346
UBFC_PHYS_s15_T1_test,39,201,45.7,-0.8752453923225403,-0.3125832337958128
UBFC_PHYS_s15_T1_test,39,202,45.733333333333334,-1.0179368257522583,-0.5163361847622819
UBFC_PHYS_s15_T1_test,39,203,45.766666666666666,-1.061136245727539,-0.7414758882524313
UBFC_PHYS_s15_T1_test,39,204,45.8,-1.0904122591018677,-0.9752456089083545
UBFC_PHYS_s15_T1_test,39,205,45.833333333333336,-1.0837883949279785,-1.179436562922867
UBFC_PHYS_s15_T1_test,39,206,45.86666666666667,-1.0006531476974487,-1.3004432622735869
UBFC_PHYS_s15_T1_test,39,207,45.9,-0.9068194031715393,-1.2856704739658573
UBFC_PHYS_s15_T1_test,39,208,45.93333333333333,-0.875303328037262,-1.1018627585620884
UBFC_PHYS_s15_T1_test,39,209,45.96666666666667,-0.8977044820785522,-0.7500647787571136
UBFC_PHYS_s15_T1_test,39,210,46.0,-0.9353808760643005,-0.27198756310986477
UBFC_PHYS_s15_T1_test,39,211,46.03333333333333,-0.9792562127113342,0.25581748563705425
UBFC_PHYS_s15_T1_test,39,212,46.06666666666667,-1.0588382482528687,0.740114989293382
UBFC_PHYS_s15_T1_test,39,213,46.1,-1.1650891304016113,1.0968708568196344
UBFC_PHYS_s15_T1_test,39,214,46.13333333333333,-1.158581256866455,1.2759618626724047
UBFC_PHYS_s15_T1_test,39,215,46.166666666666664,-0.8863301277160645,1.2746669574870253
UBFC_PHYS_s15_T1_test,39,216,46.2,-0.4033730924129486,1.133663262838766
UBFC_PHYS_s15_T1_test,39,217,46.233333333333334,0.05650689825415611,0.9168205128662509
UBFC_PHYS_s15_T1_test,39,218,46.266666666666666,0.32344740629196167,0.6839465495814876
UBFC_PHYS_s15_T1_test,39,219,46.3,0.40521156787872314,0.4691251920491736
UBFC_PHYS_s15_T1_test,39,220,46.333333333333336,0.37653422355651855,0.27392454483458367
UBFC_PHYS_s15_T1_test,39,221,46.36666666666667,0.3075927793979645,0.07689011331540507
UBFC_PHYS_s15_T1_test,39,222,46.4,0.26773419976234436,-0.14693641880597827
UBFC_PHYS_s15_T1_test,39,223,46.43333333333333,0.28343433141708374,-0.40641165632142146
UBFC_PHYS_s15_T1_test,39,224,46.46666666666667,0.32337015867233276,-0.6829951543162532
UBFC_PHYS_s15_T1_test,39,225,46.5,0.3519122898578644,-0.9315081657147772
UBFC_PHYS_s15_T1_test,39,226,46.53333333333333,0.34735482931137085,-1.0919546579625414
UBFC_PHYS_s15_T1_test,39,227,46.56666666666667,0.27240756154060364,-1.107993498518861
UBFC_PHYS_s15_T1_test,39,228,46.6,0.11826452612876892,-0.9458880506046059
UBFC_PHYS_s15_T1_test,39,229,46.63333333333333,-0.050323374569416046,-0.6079260174262333
UBFC_PHYS_s15_T1_test,39,230,46.666666666666664,-0.17239028215408325,-0.1362551976032387
UBFC_PHYS_s15_T1_test,39,231,46.7,-0.2762659192085266,0.39409595483508175
UBFC_PHYS_s15_T1_test,39,232,46.733333333333334,-0.42940476536750793,0.8914573435553116
UBFC_PHYS_s15_T1_test,39,233,46.766666666666666,-0.6134803295135498,1.2689408938149633
UBFC_PHYS_s15_T1_test,39,234,46.8,-0.6763001084327698,1.4649566144456057
UBFC_PHYS_s15_T1_test,39,235,46.833333333333336,-0.4845579266548157,1.4560933831988534
UBFC_PHYS_s15_T1_test,39,236,46.86666666666667,-0.09599466621875763,1.257524495764876
UBFC_PHYS_s15_T1_test,39,237,46.9,0.2759028971195221,0.9112148031000246
UBFC_PHYS_s15_T1_test,39,238,46.93333333333333,0.485527366399765,0.46882546119439017
UBFC_PHYS_s15_T1_test,39,239,46.96666666666667,0.5444655418395996,-0.020890500715804554
UBFC_PHYS_s15_T1_test,40,0,40.0,-0.15587909519672394,-0.0069935966915884605
UBFC_PHYS_s15_T1_test,40,1,40.03333333333333,-0.2998064160346985,0.8141116845088465
UBFC_PHYS_s15_T1_test,40,2,40.06666666666667,-0.08844393491744995,1.4918912602184673
UBFC_PHYS_s15_T1_test,40,3,40.1,0.48736196756362915,1.924010826555749
UBFC_PHYS_s15_T1_test,40,4,40.13333333333333,1.1563836336135864,2.0716516209186095
UBFC_PHYS_s15_T1_test,40,5,40.166666666666664,1.6908632516860962,1.963461713961296
UBFC_PHYS_s15_T1_test,40,6,40.2,2.075737953186035,1.6761194673286157
UBFC_PHYS_s15_T1_test,40,7,40.233333333333334,2.32614803314209,1.3010491036118481
UBFC_PHYS_s15_T1_test,40,8,40.266666666666666,2.358842134475708,0.9127335766988409
UBFC_PHYS_s15_T1_test,40,9,40.3,2.1383068561553955,0.5512811329724969
UBFC_PHYS_s15_T1_test,40,10,40.333333333333336,1.807020902633667,0.22287662785175563
UBFC_PHYS_s15_T1_test,40,11,40.36666666666667,1.5799583196640015,-0.08700513182051854
UBFC_PHYS_s15_T1_test,40,12,40.4,1.5651079416275024,-0.39597723279958247
UBFC_PHYS_s15_T1_test,40,13,40.43333333333333,1.6904963254928589,-0.7094232105072942
UBFC_PHYS_s15_T1_test,40,14,40.46666666666667,1.7916491031646729,-1.0112202973713338
UBFC_PHYS_s15_T1_test,40,15,40.5,1.7206027507781982,-1.2623229243662066
UBFC_PHYS_s15_T1_test,40,16,40.53333333333333,1.3624740839004517,-1.408345217512014
UBFC_PHYS_s15_T1_test,40,17,40.56666666666667,0.689049482345581,-1.3957834585110138
UBFC_PHYS_s15_T1_test,40,18,40.6,-0.21224886178970337,-1.1928794228766062
UBFC_PHYS_s15_T1_test,40,19,40.63333333333333,-1.1515904664993286,-0.8074029706566394
UBFC_PHYS_s15_T1_test,40,20,40.666666666666664,-1.9514464139938354,-0.29294900013965713
UBFC_PHYS_s15_T1_test,40,21,40.7,-2.4799587726593018,0.2610144804690068
UBFC_PHYS_s15_T1_test,40,22,40.733333333333334,-2.548243761062622,0.7532620590466674
UBFC_PHYS_s15_T1_test,40,23,40.766666666666666,-1.9784051179885864,1.100250866097076
UBFC_PHYS_s15_T1_test,40,24,40.8,-0.9486477375030518,1.2590565723233382
UBFC_PHYS_s15_T1_test,40,25,40.833333333333336,0.051910798996686935,1.2347683071395104
UBFC_PHYS_s15_T1_test,40,26,40.86666666666667,0.7071248888969421,1.070777003322552
UBFC_PHYS_s15_T1_test,40,27,40.9,1.0544776916503906,0.8278738735257826
UBFC_PHYS_s15_T1_test,40,28,40.93333333333333,1.2212311029434204,0.5613648784694917
UBFC_PHYS_s15_T1_test,40,29,40.96666666666667,1.251916766166687,0.3045461230132266
UBFC_PHYS_s15_T1_test,40,30,41.0,1.2058593034744263,0.06378858571552559
UBFC_PHYS_s15_T1_test,40,31,41.03333333333333,1.117007851600647,-0.17396155153546433
UBFC_PHYS_s15_T1_test,40,32,41.06666666666667,0.9116511344909668,-0.42535830330801255
UBFC_PHYS_s15_T1_test,40,33,41.1,0.6215370893478394,-0.6938717004525531
UBFC_PHYS_s15_T1_test,40,34,41.13333333333333,0.42857825756073,-0.9593863719671312
UBFC_PHYS_s15_T1_test,40,35,41.166666666666664,0.3752790093421936,-1.1785111473932384
UBFC_PHYS_s15_T1_test,40,36,41.2,0.31240132451057434,-1.295561833973785
UBFC_PHYS_s15_T1_test,40,37,41.233333333333334,0.1415926069021225,-1.2604312877545456
UBFC_PHYS_s15_T1_test,40,38,41.266666666666666,-0.09595604240894318,-1.047622852883212
UBFC_PHYS_s15_T1_test,40,39,41.3,-0.33286741375923157,-0.6702485436556672
UBFC_PHYS_s15_T1_test,40,40,41.333333333333336,-0.5477059483528137,-0.18332649649765137
UBFC_PHYS_s15_T1_test,40,41,41.36666666666667,-0.6838508248329163,0.32700269326061676
UBFC_PHYS_s15_T1_test,40,42,41.4,-0.6119354367256165,0.7670118617175079
UBFC_PHYS_s15_T1_test,40,43,41.43333333333333,-0.29237157106399536,1.0640534388669203
UBFC_PHYS_s15_T1_test,40,44,41.46666666666667,0.13738274574279785,1.1879584686339233
UBFC_PHYS_s15_T1_test,40,45,41.5,0.5228175520896912,1.1545801888067098
UBFC_PHYS_s15_T1_test,40,46,41.53333333333333,0.7846598625183105,1.0105549855968983
UBFC_PHYS_s15_T1_test,40,47,41.56666666666667,0.8704794049263,0.8088455048330693
UBFC_PHYS_s15_T1_test,40,48,41.6,0.7962659597396851,0.5880586182354708
UBFC_PHYS_s15_T1_test,40,49,41.63333333333333,0.7221104502677917,0.3639133703209802
UBFC_PHYS_s15_T1_test,40,50,41.666666666666664,0.7683610916137695,0.13298065215608346
UBFC_PHYS_s15_T1_test,40,51,41.7,0.8247115612030029,-0.11676286990717029
UBFC_PHYS_s15_T1_test,40,52,41.733333333333334,0.7368063926696777,-0.39375846113564655
UBFC_PHYS_s15_T1_test,40,53,41.766666666666666,0.5513597130775452,-0.6917653397432102
UBFC_PHYS_s15_T1_test,40,54,41.8,0.3350535035133362,-0.9822938914097571
UBFC_PHYS_s15_T1_test,40,55,41.833333333333336,-0.007954318076372147,-1.2142501842331166
UBFC_PHYS_s15_T1_test,40,56,41.86666666666667,-0.5226784944534302,-1.3239885626792502
UBFC_PHYS_s15_T1_test,40,57,41.9,-1.0774929523468018,-1.255254157577
UBFC_PHYS_s15_T1_test,40,58,41.93333333333333,-1.50048828125,-0.982731651305398
UBFC_PHYS_s15_T1_test,40,59,41.96666666666667,-1.6808174848556519,-0.5289847965616593
UBFC_PHYS_s15_T1_test,40,60,42.0,-1.652024269104004,0.03413221537790166
UBFC_PHYS_s15_T1_test,40,61,42.03333333333333,-1.599342942237854,0.6022314063608789
UBFC_PHYS_s15_T1_test,40,62,42.06666666666667,-1.5553903579711914,1.0678334052711838
UBFC_PHYS_s15_T1_test,40,63,42.1,-1.2970048189163208,1.35135421712031
UBFC_PHYS_s15_T1_test,40,64,42.13333333333333,-0.7708097100257874,1.4221771457106511
UBFC_PHYS_s15_T1_test,40,65,42.166666666666664,-0.24644923210144043,1.3027048214596044
UBFC_PHYS_s15_T1_test,40,66,42.2,0.07962255924940109,1.0547800058428753
UBFC_PHYS_s15_T1_test,40,67,42.233333333333334,0.265764445066452,0.7542355343521612
UBFC_PHYS_s15_T1_test,40,68,42.266666666666666,0.392697811126709,0.46363820077946677
UBFC_PHYS_s15_T1_test,40,69,42.3,0.4955306351184845,0.2137861554255183
UBFC_PHYS_s15_T1_test,40,70,42.333333333333336,0.6560657024383545,0.0006393699801226058
UBFC_PHYS_s15_T1_test,40,71,42.36666666666667,0.8863533139228821,-0.20248846253655747
UBFC_PHYS_s15_T1_test,40,72,42.4,1.0720317363739014,-0.424419192388013
UBFC_PHYS_s15_T1_test,40,73,42.43333333333333,1.16360604763031,-0.6770703612883597
UBFC_PHYS_s15_T1_test,40,74,42.46666666666667,1.2495994567871094,-0.9450818481172124
UBFC_PHYS_s15_T1_test,40,75,42.5,1.3785024881362915,-1.1863995328386496
UBFC_PHYS_s15_T1_test,40,76,42.53333333333333,1.4827643632888794,-1.3426369991807747
UBFC_PHYS_s15_T1_test,40,77,42.56666666666667,1.5217925310134888,-1.356279824720828
UBFC_PHYS_s15_T1_test,40,78,42.6,1.509433388710022,-1.1904113760140116
UBFC_PHYS_s15_T1_test,40,79,42.63333333333333,1.4279974699020386,-0.8451886079861672
UBFC_PHYS_s15_T1_test,40,80,42.666666666666664,1.2197633981704712,-0.36460977798145056
UBFC_PHYS_s15_T1_test,40,81,42.7,0.8613837957382202,0.17104199136839537
UBFC_PHYS_s15_T1_test,40,82,42.733333333333334,0.4301811158657074,0.6665349200263105
UBFC_PHYS_s15_T1_test,40,83,42.766666666666666,0.11975149810314178,1.0396524074352484
UBFC_PHYS_s15_T1_test,40,84,42.8,0.10134780406951904,1.2442354536930493
UBFC_PHYS_s15_T1_test,40,85,42.833333333333336,0.3076893389225006,1.2783375316412209
UBFC_PHYS_s15_T1_test,40,86,42.86666666666667,0.49348363280296326,1.175383768652445
UBFC_PHYS_s15_T1_test,40,87,42.9,0.528205394744873,0.9847658754971897
UBFC_PHYS_s15_T1_test,40,88,42.93333333333333,0.5025985836982727,0.7517132617505726
UBFC_PHYS_s15_T1_test,40,89,42.96666666666667,0.5324732065200806,0.5042327752799277
UBFC_PHYS_s15_T1_test,40,90,43.0,0.6514310240745544,0.25032908842752183
UBFC_PHYS_s15_T1_test,40,91,43.03333333333333,0.8779914975166321,-0.015569509440359928
UBFC_PHYS_s15_T1_test,40,92,43.06666666666667,1.1981346607208252,-0.300573483818888
UBFC_PHYS_s15_T1_test,40,93,43.1,1.525944471359253,-0.6004483069165927
UBFC_PHYS_s15_T1_test,40,94,43.13333333333333,1.7467695474624634,-0.8911167300416796
UBFC_PHYS_s15_T1_test,40,95,43.166666666666664,1.8149385452270508,-1.1287567733424781
UBFC_PHYS_s15_T1_test,40,96,43.2,1.7685720920562744,-1.2595841610294487
UBFC_PHYS_s15_T1_test,40,97,43.233333333333334,1.6727299690246582,-1.236435139786961
UBFC_PHYS_s15_T1_test,40,98,43.266666666666666,1.6138496398925781,-1.0363645125976149
UBFC_PHYS_s15_T1_test,40,99,43.3,1.6559484004974365,-0.6727981108958668
UBFC_PHYS_s15_T1_test,40,100,43.333333333333336,1.7069882154464722,-0.19746116012926201
UBFC_PHYS_s15_T1_test,40,101,43.36666666666667,1.5762698650360107,0.309513014644765
UBFC_PHYS_s15_T1_test,40,102,43.4,1.1536028385162354,0.7592533892750467
UBFC_PHYS_s15_T1_test,40,103,43.43333333333333,0.4465377926826477,1.0779866902889503
UBFC_PHYS_s15_T1_test,40,104,43.46666666666667,-0.41876420378685,1.2268198379660307
UBFC_PHYS_s15_T1_test,40,105,43.5,-1.1871041059494019,1.2096128243355158
UBFC_PHYS_s15_T1_test,40,106,43.53333333333333,-1.6630316972732544,1.0654990239026696
UBFC_PHYS_s15_T1_test,40,107,43.56666666666667,-1.9262452125549316,0.8493898826257039
UBFC_PHYS_s15_T1_test,40,108,43.6,-2.128067970275879,0.6094958807588802
UBFC_PHYS_s15_T1_test,40,109,43.63333333333333,-2.2884483337402344,0.3719704073300605
UBFC_PHYS_s15_T1_test,40,110,43.666666666666664,-2.355729103088379,0.13827242898034212
UBFC_PHYS_s15_T1_test,40,111,43.7,-2.3395848274230957,-0.1058377402921273
UBFC_PHYS_s15_T1_test,40,112,43.733333333333334,-2.2816314697265625,-0.3753060769020363
UBFC_PHYS_s15_T1_test,40,113,43.766666666666666,-2.156069278717041,-0.6713762019286946
UBFC_PHYS_s15_T1_test,40,114,43.8,-1.9211856126785278,-0.9726397719555967
UBFC_PHYS_s15_T1_test,40,115,43.833333333333336,-1.6442031860351562,-1.2341760164526114
UBFC_PHYS_s15_T1_test,40,116,43.86666666666667,-1.4530210494995117,-1.395892832394122
UBFC_PHYS_s15_T1_test,40,117,43.9,-1.3779386281967163,-1.3993520251006475
UBFC_PHYS_s15_T1_test,40,118,43.93333333333333,-1.3211439847946167,-1.209100225982705
UBFC_PHYS_s15_T1_test,40,119,43.96666666666667,-1.221632719039917,-0.8309426651875189
UBFC_PHYS_s15_T1_test,40,120,44.0,-1.139887809753418,-0.31828679182729924
UBFC_PHYS_s15_T1_test,40,121,44.03333333333333,-1.0897363424301147,0.23878096609322372
UBFC_PHYS_s15_T1_test,40,122,44.06666666666667,-0.9257831573486328,0.7389661535273974
UBFC_PHYS_s15_T1_test,40,123,44.1,-0.4468235671520233,1.09959469552613
UBFC_PHYS_s15_T1_test,40,124,44.13333333333333,0.5114625096321106,1.2788012321873117
UBFC_PHYS_s15_T1_test,40,125,44.166666666666664,1.9082123041152954,1.2821263600894683
UBFC_PHYS_s15_T1_test,40,126,44.2,3.34200119972229,1.1525112478863084
UBFC_PHYS_s15_T1_test,40,127,44.233333333333334,4.289588928222656,0.9491463040616614
UBFC_PHYS_s15_T1_test,40,128,44.266666666666666,4.494694232940674,0.7241571525626164
UBFC_PHYS_s15_T1_test,40,129,44.3,3.998335361480713,0.5059854749132527
UBFC_PHYS_s15_T1_test,40,130,44.333333333333336,2.964348793029785,0.29513372562735246
UBFC_PHYS_s15_T1_test,40,131,44.36666666666667,1.7627207040786743,0.07285102261522165
UBFC_PHYS_s15_T1_test,40,132,44.4,0.932874321937561,-0.18189645597411336
UBFC_PHYS_s15_T1_test,40,133,44.43333333333333,0.684646487236023,-0.47490518812337174
UBFC_PHYS_s15_T1_test,40,134,44.46666666666667,0.7215697765350342,-0.7859418546956977
UBFC_PHYS_s15_T1_test,40,135,44.5,0.8014800548553467,-1.0687181532448329
UBFC_PHYS_s15_T1_test,40,136,44.53333333333333,1.0112782716751099,-1.261523864277893
UBFC_PHYS_s15_T1_test,40,137,44.56666666666667,1.2647974491119385,-1.3050531862014592
UBFC_PHYS_s15_T1_test,40,138,44.6,1.2682541608810425,-1.1621869832978615
UBFC_PHYS_s15_T1_test,40,139,44.63333333333333,1.0143873691558838,-0.8338420190341866
UBFC_PHYS_s15_T1_test,40,140,44.666666666666664,0.7060820460319519,-0.3651245590176123
UBFC_PHYS_s15_T1_test,40,141,44.7,0.28731590509414673,0.1621247707515325
UBFC_PHYS_s15_T1_test,40,142,44.733333333333334,-0.40470555424690247,0.6500017131726867
UBFC_PHYS_s15_T1_test,40,143,44.766666666666666,-1.1337661743164062,1.012339814078913
UBFC_PHYS_s15_T1_test,40,144,44.8,-1.4016915559768677,1.1991508996919789
UBFC_PHYS_s15_T1_test,40,145,44.833333333333336,-1.0746155977249146,1.207446152998827
UBFC_PHYS_s15_T1_test,40,146,44.86666666666667,-0.44411998987197876,1.0742168636424936
UBFC_PHYS_s15_T1_test,40,147,44.9,0.11148624867200851,0.8559257193111169
UBFC_PHYS_s15_T1_test,40,148,44.93333333333333,0.4199461042881012,0.6049417735429601
UBFC_PHYS_s15_T1_test,40,149,44.96666666666667,0.6064355969429016,0.35349557939715626
UBFC_PHYS_s15_T1_test,40,150,45.0,0.8863533139228821,0.11013059804663303
UBFC_PHYS_s15_T1_test,40,151,45.03333333333333,1.2159397602081299,-0.1330786635225072
UBFC_PHYS_s15_T1_test,40,152,45.06666666666667,1.3386245965957642,-0.3876281036878846
UBFC_PHYS_s15_T1_test,40,153,45.1,1.1563256978988647,-0.6552205645895588
UBFC_PHYS_s15_T1_test,40,154,45.13333333333333,0.7890435457229614,-0.9182519581291787
UBFC_PHYS_s15_T1_test,40,155,45.166666666666664,0.37373408675193787,-1.1375591889667889
UBFC_PHYS_s15_T1_test,40,156,45.2,-0.10147908329963684,-1.259605588995336
UBFC_PHYS_s15_T1_test,40,157,45.233333333333334,-0.7911059260368347,-1.2325635022604706
UBFC_PHYS_s15_T1_test,40,158,45.266666666666666,-1.7323400974273682,-1.0265126687334325
UBFC_PHYS_s15_T1_test,40,159,45.3,-2.6104841232299805,-0.6497528608791853
UBFC_PHYS_s15_T1_test,40,160,45.333333333333336,-3.0488126277923584,-0.15366134676577317
UBFC_PHYS_s15_T1_test,40,161,45.36666666666667,-3.024905204772949,0.377352323420055
UBFC_PHYS_s15_T1_test,40,162,45.4,-2.827678680419922,0.8482774148670285
UBFC_PHYS_s15_T1_test,40,163,45.43333333333333,-2.6852190494537354,1.1804353387563347
UBFC_PHYS_s15_T1_test,40,164,45.46666666666667,-2.5340306758880615,1.3326219401848347
UBFC_PHYS_s15_T1_test,40,165,45.5,-2.1630020141601562,1.3082879357071608
UBFC_PHYS_s15_T1_test,40,166,45.53333333333333,-1.545831322669983,1.1467561533723232
UBFC_PHYS_s15_T1_test,40,167,45.56666666666667,-0.9389534592628479,0.9034452776719151
UBFC_PHYS_s15_T1_test,40,168,45.6,-0.566225528717041,0.6282100137021358
UBFC_PHYS_s15_T1_test,40,169,45.63333333333333,-0.4862186908721924,0.3506827467579416
UBFC_PHYS_s15_T1_test,40,170,45.666666666666664,-0.6418486833572388,0.0775102554394642
UBFC_PHYS_s15_T1_test,40,171,45.7,-0.8752453923225403,-0.19925167813305816
UBFC_PHYS_s15_T1_test,40,172,45.733333333333334,-1.0179368257522583,-0.48795625303962936
UBFC_PHYS_s15_T1_test,40,173,45.766666666666666,-1.061136245727539,-0.7843537464437393
UBFC_PHYS_s15_T1_test,40,174,45.8,-1.0904122591018677,-1.064896164446737
UBFC_PHYS_s15_T1_test,40,175,45.833333333333336,-1.0837883949279785,-1.2881889690059571
UBFC_PHYS_s15_T1_test,40,176,45.86666666666667,-1.0006531476974487,-1.4037856472551766
UBFC_PHYS_s15_T1_test,40,177,45.9,-0.9068194031715393,-1.3661176668425177
UBFC_PHYS_s15_T1_test,40,178,45.93333333333333,-0.875303328037262,-1.1504992543160155
UBFC_PHYS_s15_T1_test,40,179,45.96666666666667,-0.8977044820785522,-0.7668559141423812
UBFC_PHYS_s15_T1_test,40,180,46.0,-0.9353808760643005,-0.26534826862731475
UBFC_PHYS_s15_T1_test,40,181,46.03333333333333,-0.9792562127113342,0.2711958014206461
UBFC_PHYS_s15_T1_test,40,182,46.06666666666667,-1.0588382482528687,0.7484131879712934
UBFC_PHYS_s15_T1_test,40,183,46.1,-1.1650891304016113,1.0884004096904387
UBFC_PHYS_s15_T1_test,40,184,46.13333333333333,-1.158581256866455,1.2525766834230425
UBFC_PHYS_s15_T1_test,40,185,46.166666666666664,-0.8863301277160645,1.2486348735959307
UBFC_PHYS_s15_T1_test,40,186,46.2,-0.4033730924129486,1.1193266836156004
UBFC_PHYS_s15_T1_test,40,187,46.233333333333334,0.05650689825415611,0.9203921139065315
UBFC_PHYS_s15_T1_test,40,188,46.266666666666666,0.32344740629196167,0.6987325502301734
UBFC_PHYS_s15_T1_test,40,189,46.3,0.40521156787872314,0.4793050579821752
UBFC_PHYS_s15_T1_test,40,190,46.333333333333336,0.37653422355651855,0.2635697340107369
UBFC_PHYS_s15_T1_test,40,191,46.36666666666667,0.3075927793979645,0.03749238885196078
UBFC_PHYS_s15_T1_test,40,192,46.4,0.26773419976234436,-0.21492768384796535
UBFC_PHYS_s15_T1_test,40,193,46.43333333333333,0.28343433141708374,-0.4971442849919134
UBFC_PHYS_s15_T1_test,40,194,46.46666666666667,0.32337015867233276,-0.78968261905459
UBFC_PHYS_s15_T1_test,40,195,46.5,0.3519122898578644,-1.0486342825498052
UBFC_PHYS_s15_T1_test,40,196,46.53333333333333,0.34735482931137085,-1.215025227233697
UBFC_PHYS_s15_T1_test,40,197,46.56666666666667,0.27240756154060364,-1.2326380706984075
UBFC_PHYS_s15_T1_test,40,198,46.6,0.11826452612876892,-1.0679185878141282
UBFC_PHYS_s15_T1_test,40,199,46.63333333333333,-0.050323374569416046,-0.724368810516892
UBFC_PHYS_s15_T1_test,40,200,46.666666666666664,-0.17239028215408325,-0.2461483601097891
UBFC_PHYS_s15_T1_test,40,201,46.7,-0.2762659192085266,0.2902633121048679
UBFC_PHYS_s15_T1_test,40,202,46.733333333333334,-0.42940476536750793,0.7938279605725808
UBFC_PHYS_s15_T1_test,40,203,46.766666666666666,-0.6134803295135498,1.1811577945794847
UBFC_PHYS_s15_T1_test,40,204,46.8,-0.6763001084327698,1.3968710270762277
UBFC_PHYS_s15_T1_test,40,205,46.833333333333336,-0.4845579266548157,1.4257457305888033
UBFC_PHYS_s15_T1_test,40,206,46.86666666666667,-0.09599466621875763,1.292113910723046
UBFC_PHYS_s15_T1_test,40,207,46.9,0.2759028971195221,1.0463325047239298
UBFC_PHYS_s15_T1_test,40,208,46.93333333333333,0.485527366399765,0.74417362767111
UBFC_PHYS_s15_T1_test,40,209,46.96666666666667,0.5444655418395996,0.4285025301529285
UBFC_PHYS_s15_T1_test,40,210,47.0,0.5112307667732239,0.12059556309714885
UBFC_PHYS_s15_T1_test,40,211,47.03333333333333,0.4346999526023865,-0.17728124543959634
UBFC_PHYS_s15_T1_test,40,212,47.06666666666667,0.3801840841770172,-0.4717816463321382
UBFC_PHYS_s15_T1_test,40,213,47.1,0.3705090880393982,-0.7667163439922458
UBFC_PHYS_s15_T1_test,40,214,47.13333333333333,0.37618663907051086,-1.0539709204258667
UBFC_PHYS_s15_T1_test,40,215,47.166666666666664,0.3823276460170746,-1.3091309218675709
UBFC_PHYS_s15_T1_test,40,216,47.2,0.374970018863678,-1.4930496299719676
UBFC_PHYS_s15_T1_test,40,217,47.233333333333334,0.31087571382522583,-1.5602523271878612
UBFC_PHYS_s15_T1_test,40,218,47.266666666666666,0.18805566430091858,-1.4732133003110905
UBFC_PHYS_s15_T1_test,40,219,47.3,0.05500061437487602,-1.218333858466661
UBFC_PHYS_s15_T1_test,40,220,47.333333333333336,-0.06965401023626328,-0.8168664234424057
UBFC_PHYS_s15_T1_test,40,221,47.36666666666667,-0.19593079388141632,-0.32470901915832523
UBFC_PHYS_s15_T1_test,40,222,47.4,-0.35326018929481506,0.1802502657783681
UBFC_PHYS_s15_T1_test,40,223,47.43333333333333,-0.5745100975036621,0.6186269601138338
UBFC_PHYS_s15_T1_test,40,224,47.46666666666667,-0.7794418931007385,0.9299186940192835
UBFC_PHYS_s15_T1_test,40,225,47.5,-0.7534681558609009,1.0855238737848802
UBFC_PHYS_s15_T1_test,40,226,47.53333333333333,-0.3715094029903412,1.090977217159807
UBFC_PHYS_s15_T1_test,40,227,47.56666666666667,0.21397146582603455,0.9783040033688809
UBFC_PHYS_s15_T1_test,40,228,47.6,0.7705432772636414,0.7921082329943299
UBFC_PHYS_s15_T1_test,40,229,47.63333333333333,1.1349480152130127,0.574321187813927
UBFC_PHYS_s15_T1_test,40,230,47.666666666666664,1.2571308612823486,0.353087427790509
UBFC_PHYS_s15_T1_test,40,231,47.7,1.2066702842712402,0.1401661508235436
UBFC_PHYS_s15_T1_test,40,232,47.733333333333334,1.1039340496063232,-0.062328224656457
UBFC_PHYS_s15_T1_test,40,233,47.766666666666666,1.0086712837219238,-0.24998678281758638
UBFC_PHYS_s15_T1_test,40,234,47.8,0.8990408778190613,-0.4068010766654315
UBFC_PHYS_s15_T1_test,40,235,47.833333333333336,0.7529120445251465,-0.5053559023763922
UBFC_PHYS_s15_T1_test,40,236,47.86666666666667,0.5963550806045532,-0.5171698598970297
UBFC_PHYS_s15_T1_test,40,237,47.9,0.4676643908023834,-0.4271427898979734
UBFC_PHYS_s15_T1_test,40,238,47.93333333333333,0.34944045543670654,-0.2439926964547809
UBFC_PHYS_s15_T1_test,40,239,47.96666666666667,0.17743444442749023,-0.0013740715756288928
UBFC_PHYS_s15_T1_test,41,0,41.0,1.2058593034744263,0.01037737605406109
UBFC_PHYS_s15_T1_test,41,1,41.03333333333333,1.117007851600647,0.12146600691761121
UBFC_PHYS_s15_T1_test,41,2,41.06666666666667,0.9116511344909668,0.14576159136251926
UBFC_PHYS_s15_T1_test,41,3,41.1,0.6215370893478394,0.03356645813667615
UBFC_PHYS_s15_T1_test,41,4,41.13333333333333,0.42857825756073,-0.20554025950891983
UBFC_PHYS_s15_T1_test,41,5,41.166666666666664,0.3752790093421936,-0.5051514218016063
UBFC_PHYS_s15_T1_test,41,6,41.2,0.31240132451057434,-0.7666329583560516
UBFC_PHYS_s15_T1_test,41,7,41.233333333333334,0.1415926069021225,-0.8938276231468735
UBFC_PHYS_s15_T1_test,41,8,41.266666666666666,-0.09595604240894318,-0.8246507151646401
UBFC_PHYS_s15_T1_test,41,9,41.3,-0.33286741375923157,-0.5509723824101074
UBFC_PHYS_s15_T1_test,41,10,41.333333333333336,-0.5477059483528137,-0.12253293270805549
UBFC_PHYS_s15_T1_test,41,11,41.36666666666667,-0.6838508248329163,0.36629553946159876
UBFC_PHYS_s15_T1_test,41,12,41.4,-0.6119354367256165,0.8044594006703937
UBFC_PHYS_s15_T1_test,41,13,41.43333333333333,-0.29237157106399536,1.0990560931528748
UBFC_PHYS_s15_T1_test,41,14,41.46666666666667,0.13738274574279785,1.2038802915546805
UBFC_PHYS_s15_T1_test,41,15,41.5,0.5228175520896912,1.1289677072131614
UBFC_PHYS_s15_T1_test,41,16,41.53333333333333,0.7846598625183105,0.9275105044464872
UBFC_PHYS_s15_T1_test,41,17,41.56666666666667,0.8704794049263,0.668230951553206
UBFC_PHYS_s15_T1_test,41,18,41.6,0.7962659597396851,0.4074411026527331
UBFC_PHYS_s15_T1_test,41,19,41.63333333333333,0.7221104502677917,0.17275726584923679
UBFC_PHYS_s15_T1_test,41,20,41.666666666666664,0.7683610916137695,-0.03763323031528451
UBFC_PHYS_s15_T1_test,41,21,41.7,0.8247115612030029,-0.244022678917668
UBFC_PHYS_s15_T1_test,41,22,41.733333333333334,0.7368063926696777,-0.4692317205226359
UBFC_PHYS_s15_T1_test,41,23,41.766666666666666,0.5513597130775452,-0.7232303997312953
UBFC_PHYS_s15_T1_test,41,24,41.8,0.3350535035133362,-0.9922215546533341
UBFC_PHYS_s15_T1_test,41,25,41.833333333333336,-0.007954318076372147,-1.2352788325883737
UBFC_PHYS_s15_T1_test,41,26,41.86666666666667,-0.5226784944534302,-1.391080363004619
UBFC_PHYS_s15_T1_test,41,27,41.9,-1.0774929523468018,-1.3950440969576237
UBFC_PHYS_s15_T1_test,41,28,41.93333333333333,-1.50048828125,-1.2026159610984648
UBFC_PHYS_s15_T1_test,41,29,41.96666666666667,-1.6808174848556519,-0.810327997390721
UBFC_PHYS_s15_T1_test,41,30,42.0,-1.652024269104004,-0.2657107920960331
UBFC_PHYS_s15_T1_test,41,31,42.03333333333333,-1.599342942237854,0.33940327527819836
UBFC_PHYS_s15_T1_test,41,32,42.06666666666667,-1.5553903579711914,0.89175215290001
UBFC_PHYS_s15_T1_test,41,33,42.1,-1.2970048189163208,1.288940384513441
UBFC_PHYS_s15_T1_test,41,34,42.13333333333333,-0.7708097100257874,1.46992191095335
UBFC_PHYS_s15_T1_test,41,35,42.166666666666664,-0.24644923210144043,1.43191463959847
UBFC_PHYS_s15_T1_test,41,36,42.2,0.07962255924940109,1.2264321072788447
UBFC_PHYS_s15_T1_test,41,37,42.233333333333334,0.265764445066452,0.9354605813110944
UBFC_PHYS_s15_T1_test,41,38,42.266666666666666,0.392697811126709,0.637828744186604
UBFC_PHYS_s15_T1_test,41,39,42.3,0.4955306351184845,0.3806955717921291
UBFC_PHYS_s15_T1_test,41,40,42.333333333333336,0.6560657024383545,0.16853331244773423
UBFC_PHYS_s15_T1_test,41,41,42.36666666666667,0.8863533139228821,-0.0269688505587314
UBFC_PHYS_s15_T1_test,41,42,42.4,1.0720317363739014,-0.2432869577941121
UBFC_PHYS_s15_T1_test,41,43,42.43333333333333,1.16360604763031,-0.5026855683667932
UBFC_PHYS_s15_T1_test,41,44,42.46666666666667,1.2495994567871094,-0.797562323793962
UBFC_PHYS_s15_T1_test,41,45,42.5,1.3785024881362915,-1.0890697051953862
UBFC_PHYS_s15_T1_test,41,46,42.53333333333333,1.4827643632888794,-1.316949205162497
UBFC_PHYS_s15_T1_test,41,47,42.56666666666667,1.5217925310134888,-1.41624752829406
UBFC_PHYS_s15_T1_test,41,48,42.6,1.509433388710022,-1.336641066364127
UBFC_PHYS_s15_T1_test,41,49,42.63333333333333,1.4279974699020386,-1.0602534962462684
UBFC_PHYS_s15_T1_test,41,50,42.666666666666664,1.2197633981704712,-0.6129744557117921
UBFC_PHYS_s15_T1_test,41,51,42.7,0.8613837957382202,-0.06398387972299481
UBFC_PHYS_s15_T1_test,41,52,42.733333333333334,0.4301811158657074,0.4892989553101956
UBFC_PHYS_s15_T1_test,41,53,42.766666666666666,0.11975149810314178,0.9479429182579524
UBFC_PHYS_s15_T1_test,41,54,42.8,0.10134780406951904,1.2404752154276224
UBFC_PHYS_s15_T1_test,41,55,42.833333333333336,0.3076893389225006,1.3419267175995568
UBFC_PHYS_s15_T1_test,41,56,42.86666666666667,0.49348363280296326,1.2748401873048743
UBFC_PHYS_s15_T1_test,41,57,42.9,0.528205394744873,1.0927231893992455
UBFC_PHYS_s15_T1_test,41,58,42.93333333333333,0.5025985836982727,0.8545671186665683
UBFC_PHYS_s15_T1_test,41,59,42.96666666666667,0.5324732065200806,0.6024456936883384
UBFC_PHYS_s15_T1_test,41,60,43.0,0.6514310240745544,0.35134044814958043
UBFC_PHYS_s15_T1_test,41,61,43.03333333333333,0.8779914975166321,0.09362786314630593
UBFC_PHYS_s15_T1_test,41,62,43.06666666666667,1.1981346607208252,-0.1859430882415688
UBFC_PHYS_s15_T1_test,41,63,43.1,1.525944471359253,-0.49271068083965186
UBFC_PHYS_s15_T1_test,41,64,43.13333333333333,1.7467695474624634,-0.8098815991121017
UBFC_PHYS_s15_T1_test,41,65,43.166666666666664,1.8149385452270508,-1.0964573170759417
UBFC_PHYS_s15_T1_test,41,66,43.2,1.7685720920562744,-1.2958220309101276
UBFC_PHYS_s15_T1_test,41,67,43.233333333333334,1.6727299690246582,-1.3517870874869746
UBFC_PHYS_s15_T1_test,41,68,43.266666666666666,1.6138496398925781,-1.2268811572220002
UBFC_PHYS_s15_T1_test,41,69,43.3,1.6559484004974365,-0.9173589013833102
UBFC_PHYS_s15_T1_test,41,70,43.333333333333336,1.7069882154464722,-0.46021042741052465
UBFC_PHYS_s15_T1_test,41,71,43.36666666666667,1.5762698650360107,0.07100636302273639
UBFC_PHYS_s15_T1_test,41,72,43.4,1.1536028385162354,0.5822794425466188
UBFC_PHYS_s15_T1_test,41,73,43.43333333333333,0.4465377926826477,0.9840340186318082
UBFC_PHYS_s15_T1_test,41,74,43.46666666666667,-0.41876420378685,1.2168238917242136
UBFC_PHYS_s15_T1_test,41,75,43.5,-1.1871041059494019,1.2674324498410192
UBFC_PHYS_s15_T1_test,41,76,43.53333333333333,-1.6630316972732544,1.1678647463545007
UBFC_PHYS_s15_T1_test,41,77,43.56666666666667,-1.9262452125549316,0.9772963193613908
UBFC_PHYS_s15_T1_test,41,78,43.6,-2.128067970275879,0.7555998003101241
UBFC_PHYS_s15_T1_test,41,79,43.63333333333333,-2.2884483337402344,0.5411356270594693
UBFC_PHYS_s15_T1_test,41,80,43.666666666666664,-2.355729103088379,0.3421052847439824
UBFC_PHYS_s15_T1_test,41,81,43.7,-2.3395848274230957,0.142856851573927
UBFC_PHYS_s15_T1_test,41,82,43.733333333333334,-2.2816314697265625,-0.08050825308701919
UBFC_PHYS_s15_T1_test,41,83,43.766666666666666,-2.156069278717041,-0.3434377823040244
UBFC_PHYS_s15_T1_test,41,84,43.8,-1.9211856126785278,-0.6411630224897015
UBFC_PHYS_s15_T1_test,41,85,43.833333333333336,-1.6442031860351562,-0.9443200961429806
UBFC_PHYS_s15_T1_test,41,86,43.86666666666667,-1.4530210494995117,-1.2025771238509295
UBFC_PHYS_s15_T1_test,41,87,43.9,-1.3779386281967163,-1.3560526242705255
UBFC_PHYS_s15_T1_test,41,88,43.93333333333333,-1.3211439847946167,-1.3525522005581645
UBFC_PHYS_s15_T1_test,41,89,43.96666666666667,-1.221632719039917,-1.1660174441595215
UBFC_PHYS_s15_T1_test,41,90,44.0,-1.139887809753418,-0.8096256972047322
UBFC_PHYS_s15_T1_test,41,91,44.03333333333333,-1.0897363424301147,-0.33756463167827405
UBFC_PHYS_s15_T1_test,41,92,44.06666666666667,-0.9257831573486328,0.1667422272479742
UBFC_PHYS_s15_T1_test,41,93,44.1,-0.4468235671520233,0.6130590788010817
UBFC_PHYS_s15_T1_test,41,94,44.13333333333333,0.5114625096321106,0.9303557087914773
UBFC_PHYS_s15_T1_test,41,95,44.166666666666664,1.9082123041152954,1.087050914079625
UBFC_PHYS_s15_T1_test,41,96,44.2,3.34200119972229,1.0965388718410287
UBFC_PHYS_s15_T1_test,41,97,44.233333333333334,4.289588928222656,1.0044043139739354
UBFC_PHYS_s15_T1_test,41,98,44.266666666666666,4.494694232940674,0.8633370218614226
UBFC_PHYS_s15_T1_test,41,99,44.3,3.998335361480713,0.7089301458236912
UBFC_PHYS_s15_T1_test,41,100,44.333333333333336,2.964348793029785,0.5483583266057129
UBFC_PHYS_s15_T1_test,41,101,44.36666666666667,1.7627207040786743,0.36585755224183364
UBFC_PHYS_s15_T1_test,41,102,44.4,0.932874321937561,0.13974712694374614
UBFC_PHYS_s15_T1_test,41,103,44.43333333333333,0.684646487236023,-0.1390980999676968
UBFC_PHYS_s15_T1_test,41,104,44.46666666666667,0.7215697765350342,-0.4557850512341264
UBFC_PHYS_s15_T1_test,41,105,44.5,0.8014800548553467,-0.7702602883799811
UBFC_PHYS_s15_T1_test,41,106,44.53333333333333,1.0112782716751099,-1.0254301554506693
UBFC_PHYS_s15_T1_test,41,107,44.56666666666667,1.2647974491119385,-1.1615133268953828
UBFC_PHYS_s15_T1_test,41,108,44.6,1.2682541608810425,-1.133246229114893
UBFC_PHYS_s15_T1_test,41,109,44.63333333333333,1.0143873691558838,-0.9259657661664564
UBFC_PHYS_s15_T1_test,41,110,44.666666666666664,0.7060820460319519,-0.5651725404393182
UBFC_PHYS_s15_T1_test,41,111,44.7,0.28731590509414673,-0.11434809835507376
UBFC_PHYS_s15_T1_test,41,112,44.733333333333334,-0.40470555424690247,0.3403919001683936
UBFC_PHYS_s15_T1_test,41,113,44.766666666666666,-1.1337661743164062,0.7144641642326367
UBFC_PHYS_s15_T1_test,41,114,44.8,-1.4016915559768677,0.9490671281729516
UBFC_PHYS_s15_T1_test,41,115,44.833333333333336,-1.0746155977249146,1.0259662260552098
UBFC_PHYS_s15_T1_test,41,116,44.86666666666667,-0.44411998987197876,0.9667130084483603
UBFC_PHYS_s15_T1_test,41,117,44.9,0.11148624867200851,0.8170066760670501
UBFC_PHYS_s15_T1_test,41,118,44.93333333333333,0.4199461042881012,0.6241974481231528
UBFC_PHYS_s15_T1_test,41,119,44.96666666666667,0.6064355969429016,0.41906778367337594
UBFC_PHYS_s15_T1_test,41,120,45.0,0.8863533139228821,0.20955989781266912
UBFC_PHYS_s15_T1_test,41,121,45.03333333333333,1.2159397602081299,-0.012978637604889673
UBFC_PHYS_s15_T1_test,41,122,45.06666666666667,1.3386245965957642,-0.26027586863725644
UBFC_PHYS_s15_T1_test,41,123,45.1,1.1563256978988647,-0.5333861659896352
UBFC_PHYS_s15_T1_test,41,124,45.13333333333333,0.7890435457229614,-0.8137869894344435
UBFC_PHYS_s15_T1_test,41,125,45.166666666666664,0.37373408675193787,-1.0615798028211116
UBFC_PHYS_s15_T1_test,41,126,45.2,-0.10147908329963684,-1.2216864896675845
UBFC_PHYS_s15_T1_test,41,127,45.233333333333334,-0.7911059260368347,-1.2378724031082526
UBFC_PHYS_s15_T1_test,41,128,45.266666666666666,-1.7323400974273682,-1.0718998890977687
UBFC_PHYS_s15_T1_test,41,129,45.3,-2.6104841232299805,-0.7218437472552767
UBFC_PHYS_s15_T1_test,41,130,45.333333333333336,-3.0488126277923584,-0.2317562796249081
UBFC_PHYS_s15_T1_test,41,131,45.36666666666667,-3.024905204772949,0.31367186410622294
UBFC_PHYS_s15_T1_test,41,132,45.4,-2.827678680419922,0.8105518653999201
UBFC_PHYS_s15_T1_test,41,133,45.43333333333333,-2.6852190494537354,1.1669859295057912
UBFC_PHYS_s15_T1_test,41,134,45.46666666666667,-2.5340306758880615,1.3315367462608694
UBFC_PHYS_s15_T1_test,41,135,45.5,-2.1630020141601562,1.306192406860011
UBFC_PHYS_s15_T1_test,41,136,45.53333333333333,-1.545831322669983,1.1381527945185872
UBFC_PHYS_s15_T1_test,41,137,45.56666666666667,-0.9389534592628479,0.8951466454254278
UBFC_PHYS_s15_T1_test,41,138,45.6,-0.566225528717041,0.6365027180464361
UBFC_PHYS_s15_T1_test,41,139,45.63333333333333,-0.4862186908721924,0.3931983316107735
UBFC_PHYS_s15_T1_test,41,140,45.666666666666664,-0.6418486833572388,0.1645334914405666
UBFC_PHYS_s15_T1_test,41,141,45.7,-0.8752453923225403,-0.06962925481328522
UBFC_PHYS_s15_T1_test,41,142,45.733333333333334,-1.0179368257522583,-0.3292265308933071
UBFC_PHYS_s15_T1_test,41,143,45.766666666666666,-1.061136245727539,-0.6171413461321116
UBFC_PHYS_s15_T1_test,41,144,45.8,-1.0904122591018677,-0.9118025201050323
UBFC_PHYS_s15_T1_test,41,145,45.833333333333336,-1.0837883949279785,-1.1702059796723892
UBFC_PHYS_s15_T1_test,41,146,45.86666666666667,-1.0006531476974487,-1.3383936868884183
UBFC_PHYS_s15_T1_test,41,147,45.9,-0.9068194031715393,-1.365522869085268
UBFC_PHYS_s15_T1_test,41,148,45.93333333333333,-0.875303328037262,-1.2186165614151792
UBFC_PHYS_s15_T1_test,41,149,45.96666666666667,-0.8977044820785522,-0.8955039175584517
UBFC_PHYS_s15_T1_test,41,150,46.0,-0.9353808760643005,-0.43222514024229086
UBFC_PHYS_s15_T1_test,41,151,46.03333333333333,-0.9792562127113342,0.09964655833696015
UBFC_PHYS_s15_T1_test,41,152,46.06666666666667,-1.0588382482528687,0.6081416275463177
UBFC_PHYS_s15_T1_test,41,153,46.1,-1.1650891304016113,1.00558317709536
UBFC_PHYS_s15_T1_test,41,154,46.13333333333333,-1.158581256866455,1.234056207288048
UBFC_PHYS_s15_T1_test,41,155,46.166666666666664,-0.8863301277160645,1.280706902523349
UBFC_PHYS_s15_T1_test,41,156,46.2,-0.4033730924129486,1.1759751800256557
UBFC_PHYS_s15_T1_test,41,157,46.233333333333334,0.05650689825415611,0.975983739638789
UBFC_PHYS_s15_T1_test,41,158,46.266666666666666,0.32344740629196167,0.7377962447040753
UBFC_PHYS_s15_T1_test,41,159,46.3,0.40521156787872314,0.49895210702161513
UBFC_PHYS_s15_T1_test,41,160,46.333333333333336,0.37653422355651855,0.26928141755330703
UBFC_PHYS_s15_T1_test,41,161,46.36666666666667,0.3075927793979645,0.036401287701186336
UBFC_PHYS_s15_T1_test,41,162,46.4,0.26773419976234436,-0.21941109322932287
UBFC_PHYS_s15_T1_test,41,163,46.43333333333333,0.28343433141708374,-0.5080693989843417
UBFC_PHYS_s15_T1_test,41,164,46.46666666666667,0.32337015867233276,-0.8171167812098217
UBFC_PHYS_s15_T1_test,41,165,46.5,0.3519122898578644,-1.1082394533061397
UBFC_PHYS_s15_T1_test,41,166,46.53333333333333,0.34735482931137085,-1.3240695740593722
UBFC_PHYS_s15_T1_test,41,167,46.56666666666667,0.27240756154060364,-1.4033140623931102
UBFC_PHYS_s15_T1_test,41,168,46.6,0.11826452612876892,-1.299818598906288
UBFC_PHYS_s15_T1_test,41,169,46.63333333333333,-0.050323374569416046,-0.9999054412823002
UBFC_PHYS_s15_T1_test,41,170,46.666666666666664,-0.17239028215408325,-0.5324023252646214
UBFC_PHYS_s15_T1_test,41,171,46.7,-0.2762659192085266,0.032807146353140006
UBFC_PHYS_s15_T1_test,41,172,46.733333333333334,-0.42940476536750793,0.5991384760431221
UBFC_PHYS_s15_T1_test,41,173,46.766666666666666,-0.6134803295135498,1.067869073196766
UBFC_PHYS_s15_T1_test,41,174,46.8,-0.6763001084327698,1.365554875979458
UBFC_PHYS_s15_T1_test,41,175,46.833333333333336,-0.4845579266548157,1.4641375305587967
UBFC_PHYS_s15_T1_test,41,176,46.86666666666667,-0.09599466621875763,1.3850116773021723
UBFC_PHYS_s15_T1_test,41,177,46.9,0.2759028971195221,1.1846569554580724
UBFC_PHYS_s15_T1_test,41,178,46.93333333333333,0.485527366399765,0.9283781609247357
UBFC_PHYS_s15_T1_test,41,179,46.96666666666667,0.5444655418395996,0.6647794672155363
UBFC_PHYS_s15_T1_test,41,180,47.0,0.5112307667732239,0.41251971544593286
UBFC_PHYS_s15_T1_test,41,181,47.03333333333333,0.4346999526023865,0.1635350456771621
UBFC_PHYS_s15_T1_test,41,182,47.06666666666667,0.3801840841770172,-0.102013463175251
UBFC_PHYS_s15_T1_test,41,183,47.1,0.3705090880393982,-0.39843824857508003
UBFC_PHYS_s15_T1_test,41,184,47.13333333333333,0.37618663907051086,-0.7221008939507201
UBFC_PHYS_s15_T1_test,41,185,47.166666666666664,0.3823276460170746,-1.0463313134528323
UBFC_PHYS_s15_T1_test,41,186,47.2,0.374970018863678,-1.323711287230991
UBFC_PHYS_s15_T1_test,41,187,47.233333333333334,0.31087571382522583,-1.4954273618661444
UBFC_PHYS_s15_T1_test,41,188,47.266666666666666,0.18805566430091858,-1.506683941303085
UBFC_PHYS_s15_T1_test,41,189,47.3,0.05500061437487602,-1.3250030258213472
UBFC_PHYS_s15_T1_test,41,190,47.333333333333336,-0.06965401023626328,-0.9555117341702648
UBFC_PHYS_s15_T1_test,41,191,47.36666666666667,-0.19593079388141632,-0.4464410095014523
UBFC_PHYS_s15_T1_test,41,192,47.4,-0.35326018929481506,0.11920989425080235
UBFC_PHYS_s15_T1_test,41,193,47.43333333333333,-0.5745100975036621,0.6444772863005797
UBFC_PHYS_s15_T1_test,41,194,47.46666666666667,-0.7794418931007385,1.0448669163637547
UBFC_PHYS_s15_T1_test,41,195,47.5,-0.7534681558609009,1.2707528389201523
UBFC_PHYS_s15_T1_test,41,196,47.53333333333333,-0.3715094029903412,1.317402883200235
UBFC_PHYS_s15_T1_test,41,197,47.56666666666667,0.21397146582603455,1.219121331127327
UBFC_PHYS_s15_T1_test,41,198,47.6,0.7705432772636414,1.0302874652434157
UBFC_PHYS_s15_T1_test,41,199,47.63333333333333,1.1349480152130127,0.8014824051713979
UBFC_PHYS_s15_T1_test,41,200,47.666666666666664,1.2571308612823486,0.561204400072107
UBFC_PHYS_s15_T1_test,41,201,47.7,1.2066702842712402,0.3111850541902555
UBFC_PHYS_s15_T1_test,41,202,47.733333333333334,1.1039340496063232,0.03651790783210593
UBFC_PHYS_s15_T1_test,41,203,47.766666666666666,1.0086712837219238,-0.27562800165985807
UBFC_PHYS_s15_T1_test,41,204,47.8,0.8990408778190613,-0.6187922385222601
UBFC_PHYS_s15_T1_test,41,205,47.833333333333336,0.7529120445251465,-0.9599570937308183
UBFC_PHYS_s15_T1_test,41,206,47.86666666666667,0.5963550806045532,-1.2448239507305607
UBFC_PHYS_s15_T1_test,41,207,47.9,0.4676643908023834,-1.412323404354854
UBFC_PHYS_s15_T1_test,41,208,47.93333333333333,0.34944045543670654,-1.4125702779014009
UBFC_PHYS_s15_T1_test,41,209,47.96666666666667,0.17743444442749023,-1.2228872324177114
UBFC_PHYS_s15_T1_test,41,210,48.0,-0.054494619369506836,-0.8577051249653221
UBFC_PHYS_s15_T1_test,41,211,48.03333333333333,-0.26549020409584045,-0.3693032749483723
UBFC_PHYS_s15_T1_test,41,212,48.06666666666667,-0.399607390165329,0.1621070807386208
UBFC_PHYS_s15_T1_test,41,213,48.1,-0.49844276905059814,0.6476636067231568
UBFC_PHYS_s15_T1_test,41,214,48.13333333333333,-0.6340276002883911,1.013236150804154
UBFC_PHYS_s15_T1_test,41,215,48.166666666666664,-0.7848490476608276,1.2185265441021402
UBFC_PHYS_s15_T1_test,41,216,48.2,-0.8003947138786316,1.2638193876593382
UBFC_PHYS_s15_T1_test,41,217,48.233333333333334,-0.5520316958427429,1.1814563796371598
UBFC_PHYS_s15_T1_test,41,218,48.266666666666666,-0.1421680599451065,1.0171945901379797
UBFC_PHYS_s15_T1_test,41,219,48.3,0.17521363496780396,0.8117053756632685
UBFC_PHYS_s15_T1_test,41,220,48.333333333333336,0.31116539239883423,0.5903715112906933
UBFC_PHYS_s15_T1_test,41,221,48.36666666666667,0.338375061750412,0.3630008928779019
UBFC_PHYS_s15_T1_test,41,222,48.4,0.3140234649181366,0.1296823631021829
UBFC_PHYS_s15_T1_test,41,223,48.43333333333333,0.27804645895957947,-0.11195173621388654
UBFC_PHYS_s15_T1_test,41,224,48.46666666666667,0.27974584698677063,-0.3599778633867352
UBFC_PHYS_s15_T1_test,41,225,48.5,0.31657254695892334,-0.6019045862538677
UBFC_PHYS_s15_T1_test,41,226,48.53333333333333,0.34928596019744873,-0.8106442205419054
UBFC_PHYS_s15_T1_test,41,227,48.56666666666667,0.3698525130748749,-0.94653509094024
UBFC_PHYS_s15_T1_test,41,228,48.6,0.3784460723400116,-0.9672279828764616
UBFC_PHYS_s15_T1_test,41,229,48.63333333333333,0.34584853053092957,-0.8426058669971878
UBFC_PHYS_s15_T1_test,41,230,48.666666666666664,0.247148334980011,-0.5685391601909603
UBFC_PHYS_s15_T1_test,41,231,48.7,0.11026963591575623,-0.17361374686403327
UBFC_PHYS_s15_T1_test,41,232,48.733333333333334,-0.0066411481238901615,0.28333982547772385
UBFC_PHYS_s15_T1_test,41,233,48.766666666666666,-0.08606864511966705,0.7233588922843454
UBFC_PHYS_s15_T1_test,41,234,48.8,-0.16943565011024475,1.0624147937784163
UBFC_PHYS_s15_T1_test,41,235,48.833333333333336,-0.291830837726593,1.2288822933679033
UBFC_PHYS_s15_T1_test,41,236,48.86666666666667,-0.40959134697914124,1.180155958493679
UBFC_PHYS_s15_T1_test,41,237,48.9,-0.3989121615886688,0.9141596072017826
UBFC_PHYS_s15_T1_test,41,238,48.93333333333333,-0.18606270849704742,0.471902821996116
UBFC_PHYS_s15_T1_test,41,239,48.96666666666667,0.13941043615341187,-0.07022325306994914
UBFC_PHYS_s15_T1_test,42,0,42.0,-1.652024269104004,0.06379110437946883
UBFC_PHYS_s15_T1_test,42,1,42.03333333333333,-1.599342942237854,0.8863300881626349
UBFC_PHYS_s15_T1_test,42,2,42.06666666666667,-1.5553903579711914,1.5718374545737275
UBFC_PHYS_s15_T1_test,42,3,42.1,-1.2970048189163208,2.0211875142952187
UBFC_PHYS_s15_T1_test,42,4,42.13333333333333,-0.7708097100257874,2.192134395765386
UBFC_PHYS_s15_T1_test,42,5,42.166666666666664,-0.24644923210144043,2.105991921532401
UBFC_PHYS_s15_T1_test,42,6,42.2,0.07962255924940109,1.8339281281143616
UBFC_PHYS_s15_T1_test,42,7,42.233333333333334,0.265764445066452,1.4684894241455773
UBFC_PHYS_s15_T1_test,42,8,42.266666666666666,0.392697811126709,1.0918801076254818
UBFC_PHYS_s15_T1_test,42,9,42.3,0.4955306351184845,0.7528898883476844
UBFC_PHYS_s15_T1_test,42,10,42.333333333333336,0.6560657024383545,0.45991650291550795
UBFC_PHYS_s15_T1_test,42,11,42.36666666666667,0.8863533139228821,0.190527347058118
UBFC_PHYS_s15_T1_test,42,12,42.4,1.0720317363739014,-0.08851039673514749
UBFC_PHYS_s15_T1_test,42,13,42.43333333333333,1.16360604763031,-0.3998400604458147
UBFC_PHYS_s15_T1_test,42,14,42.46666666666667,1.2495994567871094,-0.7404385285739004
UBFC_PHYS_s15_T1_test,42,15,42.5,1.3785024881362915,-1.0768629434405848
UBFC_PHYS_s15_T1_test,42,16,42.53333333333333,1.4827643632888794,-1.3516128356235355
UBFC_PHYS_s15_T1_test,42,17,42.56666666666667,1.5217925310134888,-1.4989190184710603
UBFC_PHYS_s15_T1_test,42,18,42.6,1.509433388710022,-1.4658512440003622
UBFC_PHYS_s15_T1_test,42,19,42.63333333333333,1.4279974699020386,-1.2324672960818852
UBFC_PHYS_s15_T1_test,42,20,42.666666666666664,1.2197633981704712,-0.8237905902814222
UBFC_PHYS_s15_T1_test,42,21,42.7,0.8613837957382202,-0.3079399598782053
UBFC_PHYS_s15_T1_test,42,22,42.733333333333334,0.4301811158657074,0.22079095707454446
UBFC_PHYS_s15_T1_test,42,23,42.766666666666666,0.11975149810314178,0.6689133689089195
UBFC_PHYS_s15_T1_test,42,24,42.8,0.10134780406951904,0.9705888065814695
UBFC_PHYS_s15_T1_test,42,25,42.833333333333336,0.3076893389225006,1.1033478690017529
UBFC_PHYS_s15_T1_test,42,26,42.86666666666667,0.49348363280296326,1.0866956284978473
UBFC_PHYS_s15_T1_test,42,27,42.9,0.528205394744873,0.9656785715611845
UBFC_PHYS_s15_T1_test,42,28,42.93333333333333,0.5025985836982727,0.7881073969121858
UBFC_PHYS_s15_T1_test,42,29,42.96666666666667,0.5324732065200806,0.5860488294802098
UBFC_PHYS_s15_T1_test,42,30,43.0,0.6514310240745544,0.3688064746411621
UBFC_PHYS_s15_T1_test,42,31,43.03333333333333,0.8779914975166321,0.12847083185451538
UBFC_PHYS_s15_T1_test,42,32,43.06666666666667,1.1981346607208252,-0.14626488847775973
UBFC_PHYS_s15_T1_test,42,33,43.1,1.525944471359253,-0.4549304017240079
UBFC_PHYS_s15_T1_test,42,34,43.13333333333333,1.7467695474624634,-0.7751767111080803
UBFC_PHYS_s15_T1_test,42,35,43.166666666666664,1.8149385452270508,-1.0616800962622892
UBFC_PHYS_s15_T1_test,42,36,43.2,1.7685720920562744,-1.2548514706818574
UBFC_PHYS_s15_T1_test,42,37,43.233333333333334,1.6727299690246582,-1.2971361474932106
UBFC_PHYS_s15_T1_test,42,38,43.266666666666666,1.6138496398925781,-1.152187437768031
UBFC_PHYS_s15_T1_test,42,39,43.3,1.6559484004974365,-0.8207015341085246
UBFC_PHYS_s15_T1_test,42,40,43.333333333333336,1.7069882154464722,-0.34682152168674746
UBFC_PHYS_s15_T1_test,42,41,43.36666666666667,1.5762698650360107,0.18868594951442805
UBFC_PHYS_s15_T1_test,42,42,43.4,1.1536028385162354,0.6879264938691044
UBFC_PHYS_s15_T1_test,42,43,43.43333333333333,0.4465377926826477,1.0624033436637568
UBFC_PHYS_s15_T1_test,42,44,43.46666666666667,-0.41876420378685,1.257270593345427
UBFC_PHYS_s15_T1_test,42,45,43.5,-1.1871041059494019,1.2640680585993878
UBFC_PHYS_s15_T1_test,42,46,43.53333333333333,-1.6630316972732544,1.1171978975404226
UBFC_PHYS_s15_T1_test,42,47,43.56666666666667,-1.9262452125549316,0.8762760025244984
UBFC_PHYS_s15_T1_test,42,48,43.6,-2.128067970275879,0.6023100819798975
UBFC_PHYS_s15_T1_test,42,49,43.63333333333333,-2.2884483337402344,0.3375918561498758
UBFC_PHYS_s15_T1_test,42,50,43.666666666666664,-2.355729103088379,0.09647010618333016
UBFC_PHYS_s15_T1_test,42,51,43.7,-2.3395848274230957,-0.1311084487814276
UBFC_PHYS_s15_T1_test,42,52,43.733333333333334,-2.2816314697265625,-0.36628914863227197
UBFC_PHYS_s15_T1_test,42,53,43.766666666666666,-2.156069278717041,-0.6240802013884226
UBFC_PHYS_s15_T1_test,42,54,43.8,-1.9211856126785278,-0.8986215160591338
UBFC_PHYS_s15_T1_test,42,55,43.833333333333336,-1.6442031860351562,-1.15635687688831
UBFC_PHYS_s15_T1_test,42,56,43.86666666666667,-1.4530210494995117,-1.340528385472664
UBFC_PHYS_s15_T1_test,42,57,43.9,-1.3779386281967163,-1.3871475688359842
UBFC_PHYS_s15_T1_test,42,58,43.93333333333333,-1.3211439847946167,-1.24812782973109
UBFC_PHYS_s15_T1_test,42,59,43.96666666666667,-1.221632719039917,-0.9132699786615288
UBFC_PHYS_s15_T1_test,42,60,44.0,-1.139887809753418,-0.4215903294231226
UBFC_PHYS_s15_T1_test,42,61,44.03333333333333,-1.0897363424301147,0.14436822719813455
UBFC_PHYS_s15_T1_test,42,62,44.06666666666667,-0.9257831573486328,0.6806590408095317
UBFC_PHYS_s15_T1_test,42,63,44.1,-0.4468235671520233,1.0925963597918837
UBFC_PHYS_s15_T1_test,42,64,44.13333333333333,0.5114625096321106,1.3222297809822356
UBFC_PHYS_s15_T1_test,42,65,44.166666666666664,1.9082123041152954,1.3621318627750734
UBFC_PHYS_s15_T1_test,42,66,44.2,3.34200119972229,1.2506419523977004
UBFC_PHYS_s15_T1_test,42,67,44.233333333333334,4.289588928222656,1.0513825691554146
UBFC_PHYS_s15_T1_test,42,68,44.266666666666666,4.494694232940674,0.8263283787055299
UBFC_PHYS_s15_T1_test,42,69,44.3,3.998335361480713,0.61390187206346
UBFC_PHYS_s15_T1_test,42,70,44.333333333333336,2.964348793029785,0.42037142279868267
UBFC_PHYS_s15_T1_test,42,71,44.36666666666667,1.7627207040786743,0.22626144396213804
UBFC_PHYS_s15_T1_test,42,72,44.4,0.932874321937561,0.0030649501569750114
UBFC_PHYS_s15_T1_test,42,73,44.43333333333333,0.684646487236023,-0.26778205042223147
UBFC_PHYS_s15_T1_test,42,74,44.46666666666667,0.7215697765350342,-0.5809699391090238
UBFC_PHYS_s15_T1_test,42,75,44.5,0.8014800548553467,-0.9026112630100929
UBFC_PHYS_s15_T1_test,42,76,44.53333333333333,1.0112782716751099,-1.1757308161667606
UBFC_PHYS_s15_T1_test,42,77,44.56666666666667,1.2647974491119385,-1.3344426333032027
UBFC_PHYS_s15_T1_test,42,78,44.6,1.2682541608810425,-1.3233564933740678
UBFC_PHYS_s15_T1_test,42,79,44.63333333333333,1.0143873691558838,-1.1169750817414568
UBFC_PHYS_s15_T1_test,42,80,44.666666666666664,0.7060820460319519,-0.7325879932140973
UBFC_PHYS_s15_T1_test,42,81,44.7,0.28731590509414673,-0.23095573106286632
UBFC_PHYS_s15_T1_test,42,82,44.733333333333334,-0.40470555424690247,0.29715718950592745
UBFC_PHYS_s15_T1_test,42,83,44.766666666666666,-1.1337661743164062,0.7551091195221997
UBFC_PHYS_s15_T1_test,42,84,44.8,-1.4016915559768677,1.06705892209167
UBFC_PHYS_s15_T1_test,42,85,44.833333333333336,-1.0746155977249146,1.1974036838361417
UBFC_PHYS_s15_T1_test,42,86,44.86666666666667,-0.44411998987197876,1.1555577956585068
UBFC_PHYS_s15_T1_test,42,87,44.9,0.11148624867200851,0.9847302274138303
UBFC_PHYS_s15_T1_test,42,88,44.93333333333333,0.4199461042881012,0.7407030278805765
UBFC_PHYS_s15_T1_test,42,89,44.96666666666667,0.6064355969429016,0.4707850498866494
UBFC_PHYS_s15_T1_test,42,90,45.0,0.8863533139228821,0.20141278036657198
UBFC_PHYS_s15_T1_test,42,91,45.03333333333333,1.2159397602081299,-0.062465596260587244
UBFC_PHYS_s15_T1_test,42,92,45.06666666666667,1.3386245965957642,-0.3281739669502993
UBFC_PHYS_s15_T1_test,42,93,45.1,1.1563256978988647,-0.6012750220596802
UBFC_PHYS_s15_T1_test,42,94,45.13333333333333,0.7890435457229614,-0.8726682076789174
UBFC_PHYS_s15_T1_test,42,95,45.166666666666664,0.37373408675193787,-1.1120199914454636
UBFC_PHYS_s15_T1_test,42,96,45.2,-0.10147908329963684,-1.2707694901653177
UBFC_PHYS_s15_T1_test,42,97,45.233333333333334,-0.7911059260368347,-1.2949228110083495
UBFC_PHYS_s15_T1_test,42,98,45.266666666666666,-1.7323400974273682,-1.1441509089814543
UBFC_PHYS_s15_T1_test,42,99,45.3,-2.6104841232299805,-0.810583617646122
UBFC_PHYS_s15_T1_test,42,100,45.333333333333336,-3.0488126277923584,-0.3296018617664064
UBFC_PHYS_s15_T1_test,42,101,45.36666666666667,-3.024905204772949,0.22328515290094877
UBFC_PHYS_s15_T1_test,42,102,45.4,-2.827678680419922,0.7507209264104944
UBFC_PHYS_s15_T1_test,42,103,45.43333333333333,-2.6852190494537354,1.1615666569163088
UBFC_PHYS_s15_T1_test,42,104,45.46666666666667,-2.5340306758880615,1.3975251922596732
UBFC_PHYS_s15_T1_test,42,105,45.5,-2.1630020141601562,1.4465952720883093
UBFC_PHYS_s15_T1_test,42,106,45.53333333333333,-1.545831322669983,1.338317915097804
UBFC_PHYS_s15_T1_test,42,107,45.56666666666667,-0.9389534592628479,1.1250172616373666
UBFC_PHYS_s15_T1_test,42,108,45.6,-0.566225528717041,0.8589170649673125
UBFC_PHYS_s15_T1_test,42,109,45.63333333333333,-0.4862186908721924,0.5750665045846458
UBFC_PHYS_s15_T1_test,42,110,45.666666666666664,-0.6418486833572388,0.28574663353930807
UBFC_PHYS_s15_T1_test,42,111,45.7,-0.8752453923225403,-0.01369504087597037
UBFC_PHYS_s15_T1_test,42,112,45.733333333333334,-1.0179368257522583,-0.3320270003412564
UBFC_PHYS_s15_T1_test,42,113,45.766666666666666,-1.061136245727539,-0.6684998131485951
UBFC_PHYS_s15_T1_test,42,114,45.8,-1.0904122591018677,-1.003727668939394
UBFC_PHYS_s15_T1_test,42,115,45.833333333333336,-1.0837883949279785,-1.2981218010357793
UBFC_PHYS_s15_T1_test,42,116,45.86666666666667,-1.0006531476974487,-1.4984119288329127
UBFC_PHYS_s15_T1_test,42,117,45.9,-0.9068194031715393,-1.550771197603674
UBFC_PHYS_s15_T1_test,42,118,45.93333333333333,-0.875303328037262,-1.4175241192775923
UBFC_PHYS_s15_T1_test,42,119,45.96666666666667,-0.8977044820785522,-1.0928952330795005
UBFC_PHYS_s15_T1_test,42,120,46.0,-0.9353808760643005,-0.6119618288546408
UBFC_PHYS_s15_T1_test,42,121,46.03333333333333,-0.9792562127113342,-0.04758339865189112
UBFC_PHYS_s15_T1_test,42,122,46.06666666666667,-1.0588382482528687,0.506142802662245
UBFC_PHYS_s15_T1_test,42,123,46.1,-1.1650891304016113,0.9594368151935829
UBFC_PHYS_s15_T1_test,42,124,46.13333333333333,-1.158581256866455,1.2517889613113606
UBFC_PHYS_s15_T1_test,42,125,46.166666666666664,-0.8863301277160645,1.3658969659626454
UBFC_PHYS_s15_T1_test,42,126,46.2,-0.4033730924129486,1.3251455551069329
UBFC_PHYS_s15_T1_test,42,127,46.233333333333334,0.05650689825415611,1.1770064930847572
UBFC_PHYS_s15_T1_test,42,128,46.266666666666666,0.32344740629196167,0.9708455019446681
UBFC_PHYS_s15_T1_test,42,129,46.3,0.40521156787872314,0.7400916846829583
UBFC_PHYS_s15_T1_test,42,130,46.333333333333336,0.37653422355651855,0.4953217873584321
UBFC_PHYS_s15_T1_test,42,131,46.36666666666667,0.3075927793979645,0.22915114956093674
UBFC_PHYS_s15_T1_test,42,132,46.4,0.26773419976234436,-0.07088388991836517
UBFC_PHYS_s15_T1_test,42,133,46.43333333333333,0.28343433141708374,-0.40751936863954724
UBFC_PHYS_s15_T1_test,42,134,46.46666666666667,0.32337015867233276,-0.762900203742593
UBFC_PHYS_s15_T1_test,42,135,46.5,0.3519122898578644,-1.095651563774942
UBFC_PHYS_s15_T1_test,42,136,46.53333333333333,0.34735482931137085,-1.3472581120719083
UBFC_PHYS_s15_T1_test,42,137,46.56666666666667,0.27240756154060364,-1.4563520277353064
UBFC_PHYS_s15_T1_test,42,138,46.6,0.11826452612876892,-1.37702555845188
UBFC_PHYS_s15_T1_test,42,139,46.63333333333333,-0.050323374569416046,-1.0956706994186194
UBFC_PHYS_s15_T1_test,42,140,46.666666666666664,-0.17239028215408325,-0.6406577625569596
UBFC_PHYS_s15_T1_test,42,141,46.7,-0.2762659192085266,-0.08064074361073537
UBFC_PHYS_s15_T1_test,42,142,46.733333333333334,-0.42940476536750793,0.48964062035485884
UBFC_PHYS_s15_T1_test,42,143,46.766666666666666,-0.6134803295135498,0.9729089857637329
UBFC_PHYS_s15_T1_test,42,144,46.8,-0.6763001084327698,1.294874383856554
UBFC_PHYS_s15_T1_test,42,145,46.833333333333336,-0.4845579266548157,1.4225175871289981
UBFC_PHYS_s15_T1_test,42,146,46.86666666666667,-0.09599466621875763,1.3681424090663186
UBFC_PHYS_s15_T1_test,42,147,46.9,0.2759028971195221,1.177978483438689
UBFC_PHYS_s15_T1_test,42,148,46.93333333333333,0.485527366399765,0.9108889935994114
UBFC_PHYS_s15_T1_test,42,149,46.96666666666667,0.5444655418395996,0.6168528552530215
UBFC_PHYS_s15_T1_test,42,150,47.0,0.5112307667732239,0.32397029167337726
UBFC_PHYS_s15_T1_test,42,151,47.03333333333333,0.4346999526023865,0.037710940399905614
UBFC_PHYS_s15_T1_test,42,152,47.06666666666667,0.3801840841770172,-0.24990946221619822
UBFC_PHYS_s15_T1_test,42,153,47.1,0.3705090880393982,-0.5471029735458095
UBFC_PHYS_s15_T1_test,42,154,47.13333333333333,0.37618663907051086,-0.8505598487138362
UBFC_PHYS_s15_T1_test,42,155,47.166666666666664,0.3823276460170746,-1.1385780795399798
UBFC_PHYS_s15_T1_test,42,156,47.2,0.374970018863678,-1.3710711561701996
UBFC_PHYS_s15_T1_test,42,157,47.233333333333334,0.31087571382522583,-1.497370644320932
UBFC_PHYS_s15_T1_test,42,158,47.266666666666666,0.18805566430091858,-1.4706659694235533
UBFC_PHYS_s15_T1_test,42,159,47.3,0.05500061437487602,-1.2650667137999478
UBFC_PHYS_s15_T1_test,42,160,47.333333333333336,-0.06965401023626328,-0.889038847441509
UBFC_PHYS_s15_T1_test,42,161,47.36666666666667,-0.19593079388141632,-0.38907378207540605
UBFC_PHYS_s15_T1_test,42,162,47.4,-0.35326018929481506,0.1593080217633565
UBFC_PHYS_s15_T1_test,42,163,47.43333333333333,-0.5745100975036621,0.6708869974980948
UBFC_PHYS_s15_T1_test,42,164,47.46666666666667,-0.7794418931007385,1.0733327580920793
UBFC_PHYS_s15_T1_test,42,165,47.5,-0.7534681558609009,1.3244181793606304
UBFC_PHYS_s15_T1_test,42,166,47.53333333333333,-0.3715094029903412,1.41791133485515
UBFC_PHYS_s15_T1_test,42,167,47.56666666666667,0.21397146582603455,1.3771765826582618
UBFC_PHYS_s15_T1_test,42,168,47.6,0.7705432772636414,1.240048128816882
UBFC_PHYS_s15_T1_test,42,169,47.63333333333333,1.1349480152130127,1.041451528756958
UBFC_PHYS_s15_T1_test,42,170,47.666666666666664,1.2571308612823486,0.8010794639423348
UBFC_PHYS_s15_T1_test,42,171,47.7,1.2066702842712402,0.521375621494556
UBFC_PHYS_s15_T1_test,42,172,47.733333333333334,1.1039340496063232,0.19628784220365747
UBFC_PHYS_s15_T1_test,42,173,47.766666666666666,1.0086712837219238,-0.17407574146150034
UBFC_PHYS_s15_T1_test,42,174,47.8,0.8990408778190613,-0.5707569403573581
UBFC_PHYS_s15_T1_test,42,175,47.833333333333336,0.7529120445251465,-0.9519564828370068
UBFC_PHYS_s15_T1_test,42,176,47.86666666666667,0.5963550806045532,-1.259722312348991
UBFC_PHYS_s15_T1_test,42,177,47.9,0.4676643908023834,-1.434316709139479
UBFC_PHYS_s15_T1_test,42,178,47.93333333333333,0.34944045543670654,-1.4310479614462133
UBFC_PHYS_s15_T1_test,42,179,47.96666666666667,0.17743444442749023,-1.2345028680938321
UBFC_PHYS_s15_T1_test,42,180,48.0,-0.054494619369506836,-0.8660428774283464
UBFC_PHYS_s15_T1_test,42,181,48.03333333333333,-0.26549020409584045,-0.381928519434997
UBFC_PHYS_s15_T1_test,42,182,48.06666666666667,-0.399607390165329,0.1381603322934151
UBFC_PHYS_s15_T1_test,42,183,48.1,-0.49844276905059814,0.6095053749501949
UBFC_PHYS_s15_T1_test,42,184,48.13333333333333,-0.6340276002883911,0.9623698388645159
UBFC_PHYS_s15_T1_test,42,185,48.166666666666664,-0.7848490476608276,1.1572768132067441
UBFC_PHYS_s15_T1_test,42,186,48.2,-0.8003947138786316,1.1903519805258698
UBFC_PHYS_s15_T1_test,42,187,48.233333333333334,-0.5520316958427429,1.0872692519406937
UBFC_PHYS_s15_T1_test,42,188,48.266666666666666,-0.1421680599451065,0.8893482387230021
UBFC_PHYS_s15_T1_test,42,189,48.3,0.17521363496780396,0.6384920487847926
UBFC_PHYS_s15_T1_test,42,190,48.333333333333336,0.31116539239883423,0.3667729874458685
UBFC_PHYS_s15_T1_test,42,191,48.36666666666667,0.338375061750412,0.09298170330556346
UBFC_PHYS_s15_T1_test,42,192,48.4,0.3140234649181366,-0.17485444014371776
UBFC_PHYS_s15_T1_test,42,193,48.43333333333333,0.27804645895957947,-0.43353925830216283
UBFC_PHYS_s15_T1_test,42,194,48.46666666666667,0.27974584698677063,-0.6777829594147579
UBFC_PHYS_s15_T1_test,42,195,48.5,0.31657254695892334,-0.894263997100469
UBFC_PHYS_s15_T1_test,42,196,48.53333333333333,0.34928596019744873,-1.058887430322953
UBFC_PHYS_s15_T1_test,42,197,48.56666666666667,0.3698525130748749,-1.1394382013666904
UBFC_PHYS_s15_T1_test,42,198,48.6,0.3784460723400116,-1.1042797223245309
UBFC_PHYS_s15_T1_test,42,199,48.63333333333333,0.34584853053092957,-0.9347391995647119
UBFC_PHYS_s15_T1_test,42,200,48.666666666666664,0.247148334980011,-0.6358954039724328
UBFC_PHYS_s15_T1_test,42,201,48.7,0.11026963591575623,-0.24012732035466747
UBFC_PHYS_s15_T1_test,42,202,48.733333333333334,-0.0066411481238901615,0.19892429585076554
UBFC_PHYS_s15_T1_test,42,203,48.766666666666666,-0.08606864511966705,0.6195963456622473
UBFC_PHYS_s15_T1_test,42,204,48.8,-0.16943565011024475,0.9672068250965661
UBFC_PHYS_s15_T1_test,42,205,48.833333333333336,-0.291830837726593,1.2053500267265669
UBFC_PHYS_s15_T1_test,42,206,48.86666666666667,-0.40959134697914124,1.3203955593958268
UBFC_PHYS_s15_T1_test,42,207,48.9,-0.3989121615886688,1.3189309006838554
UBFC_PHYS_s15_T1_test,42,208,48.93333333333333,-0.18606270849704742,1.2197243480117677
UBFC_PHYS_s15_T1_test,42,209,48.96666666666667,0.13941043615341187,1.0433136568972687
UBFC_PHYS_s15_T1_test,42,210,49.0,0.40637025237083435,0.8039348779562016
UBFC_PHYS_s15_T1_test,42,211,49.03333333333333,0.5260232090950012,0.5080788640992406
UBFC_PHYS_s15_T1_test,42,212,49.06666666666667,0.5261197686195374,0.16020116208861923
UBFC_PHYS_s15_T1_test,42,213,49.1,0.45833703875541687,-0.2283421453516637
UBFC_PHYS_s15_T1_test,42,214,49.13333333333333,0.3726719617843628,-0.632766121753437
UBFC_PHYS_s15_T1_test,42,215,49.166666666666664,0.3151242136955261,-1.0145890885209923
UBFC_PHYS_s15_T1_test,42,216,49.2,0.3169201612472534,-1.3277838329667595
UBFC_PHYS_s15_T1_test,42,217,49.233333333333334,0.359984427690506,-1.5285562656745353
UBFC_PHYS_s15_T1_test,42,218,49.266666666666666,0.3863057792186737,-1.5854014054669054
UBFC_PHYS_s15_T1_test,42,219,49.3,0.357416033744812,-1.4869226304461445
UBFC_PHYS_s15_T1_test,42,220,49.333333333333336,0.2800741493701935,-1.2455747180465933
UBFC_PHYS_s15_T1_test,42,221,49.36666666666667,0.17169897258281708,-0.8961117320155034
UBFC_PHYS_s15_T1_test,42,222,49.4,0.05459507554769516,-0.4887698372688831
UBFC_PHYS_s15_T1_test,42,223,49.43333333333333,-0.0522351935505867,-0.0789529143127127
UBFC_PHYS_s15_T1_test,42,224,49.46666666666667,-0.1701115518808365,0.2834211720103504
UBFC_PHYS_s15_T1_test,42,225,49.5,-0.3241773247718811,0.5618019323592132
UBFC_PHYS_s15_T1_test,42,226,49.53333333333333,-0.4414936602115631,0.7367120754118738
UBFC_PHYS_s15_T1_test,42,227,49.56666666666667,-0.3854135572910309,0.8057887611542128
UBFC_PHYS_s15_T1_test,42,228,49.6,-0.13450145721435547,0.7813427548356969
UBFC_PHYS_s15_T1_test,42,229,49.63333333333333,0.16940093040466309,0.6862646976136153
UBFC_PHYS_s15_T1_test,42,230,49.666666666666664,0.38281041383743286,0.5487478712623134
UBFC_PHYS_s15_T1_test,42,231,49.7,0.4703293740749359,0.39656902271127936
UBFC_PHYS_s15_T1_test,42,232,49.733333333333334,0.44773510098457336,0.25238615849266643
UBFC_PHYS_s15_T1_test,42,233,49.766666666666666,0.34598371386528015,0.13159200318191988
UBFC_PHYS_s15_T1_test,42,234,49.8,0.24647243320941925,0.04302417359448947
UBFC_PHYS_s15_T1_test,42,235,49.833333333333336,0.22860945761203766,-0.008840024575951393
UBFC_PHYS_s15_T1_test,42,236,49.86666666666667,0.2730834484100342,-0.02229769471449575
UBFC_PHYS_s15_T1_test,42,237,49.9,0.3033636212348938,0.0013088960977760238
UBFC_PHYS_s15_T1_test,42,238,49.93333333333333,0.30728381872177124,0.05609552179454681
UBFC_PHYS_s15_T1_test,42,239,49.96666666666667,0.3143710792064667,0.13083098758888262
UBFC_PHYS_s15_T1_test,43,0,43.0,0.6514310240745544,-0.05556133169989252
UBFC_PHYS_s15_T1_test,43,1,43.03333333333333,0.8779914975166321,0.22777469761736957
UBFC_PHYS_s15_T1_test,43,2,43.06666666666667,1.1981346607208252,0.4157948275199946
UBFC_PHYS_s15_T1_test,43,3,43.1,1.525944471359253,0.44236818028250113
UBFC_PHYS_s15_T1_test,43,4,43.13333333333333,1.7467695474624634,0.2934186003977958
UBFC_PHYS_s15_T1_test,43,5,43.166666666666664,1.8149385452270508,0.009355198289686137
UBFC_PHYS_s15_T1_test,43,6,43.2,1.7685720920562744,-0.3303946905615418
UBFC_PHYS_s15_T1_test,43,7,43.233333333333334,1.6727299690246582,-0.6328268866990453
UBFC_PHYS_s15_T1_test,43,8,43.266666666666666,1.6138496398925781,-0.8170182780311137
UBFC_PHYS_s15_T1_test,43,9,43.3,1.6559484004974365,-0.8333149193243927
UBFC_PHYS_s15_T1_test,43,10,43.333333333333336,1.7069882154464722,-0.6732842586673441
UBFC_PHYS_s15_T1_test,43,11,43.36666666666667,1.5762698650360107,-0.3699986190917722
UBFC_PHYS_s15_T1_test,43,12,43.4,1.1536028385162354,0.011117735415001358
UBFC_PHYS_s15_T1_test,43,13,43.43333333333333,0.4465377926826477,0.38974269141716394
UBFC_PHYS_s15_T1_test,43,14,43.46666666666667,-0.41876420378685,0.6926727765950578
UBFC_PHYS_s15_T1_test,43,15,43.5,-1.1871041059494019,0.8735581383393106
UBFC_PHYS_s15_T1_test,43,16,43.53333333333333,-1.6630316972732544,0.922602890205248
UBFC_PHYS_s15_T1_test,43,17,43.56666666666667,-1.9262452125549316,0.8620347173633066
UBFC_PHYS_s15_T1_test,43,18,43.6,-2.128067970275879,0.7304164618975713
UBFC_PHYS_s15_T1_test,43,19,43.63333333333333,-2.2884483337402344,0.5645814153220652
UBFC_PHYS_s15_T1_test,43,20,43.666666666666664,-2.355729103088379,0.38762852335672393
UBFC_PHYS_s15_T1_test,43,21,43.7,-2.3395848274230957,0.20635232316925856
UBFC_PHYS_s15_T1_test,43,22,43.733333333333334,-2.2816314697265625,0.016077923523789533
UBFC_PHYS_s15_T1_test,43,23,43.766666666666666,-2.156069278717041,-0.19135147440872305
UBFC_PHYS_s15_T1_test,43,24,43.8,-1.9211856126785278,-0.4192287677999247
UBFC_PHYS_s15_T1_test,43,25,43.833333333333336,-1.6442031860351562,-0.6583692330498506
UBFC_PHYS_s15_T1_test,43,26,43.86666666666667,-1.4530210494995117,-0.882207333494739
UBFC_PHYS_s15_T1_test,43,27,43.9,-1.3779386281967163,-1.048124907232624
UBFC_PHYS_s15_T1_test,43,28,43.93333333333333,-1.3211439847946167,-1.1074796052749638
UBFC_PHYS_s15_T1_test,43,29,43.96666666666667,-1.221632719039917,-1.0226972225872912
UBFC_PHYS_s15_T1_test,43,30,44.0,-1.139887809753418,-0.7848612760115312
UBFC_PHYS_s15_T1_test,43,31,44.03333333333333,-1.0897363424301147,-0.42319017557600525
UBFC_PHYS_s15_T1_test,43,32,44.06666666666667,-0.9257831573486328,-0.0007947063743233319
UBFC_PHYS_s15_T1_test,43,33,44.1,-0.4468235671520233,0.40278346605322596
UBFC_PHYS_s15_T1_test,43,34,44.13333333333333,0.5114625096321106,0.7160167893614753
UBFC_PHYS_s15_T1_test,43,35,44.166666666666664,1.9082123041152954,0.8972124252485004
UBFC_PHYS_s15_T1_test,43,36,44.2,3.34200119972229,0.9442676429789274
UBFC_PHYS_s15_T1_test,43,37,44.233333333333334,4.289588928222656,0.8878249804951126
UBFC_PHYS_s15_T1_test,43,38,44.266666666666666,4.494694232940674,0.7717384386301448
UBFC_PHYS_s15_T1_test,43,39,44.3,3.998335361480713,0.631470820900235
UBFC_PHYS_s15_T1_test,43,40,44.333333333333336,2.964348793029785,0.48128341545005876
UBFC_PHYS_s15_T1_test,43,41,44.36666666666667,1.7627207040786743,0.31520370239445794
UBFC_PHYS_s15_T1_test,43,42,44.4,0.932874321937561,0.11880416987980257
UBFC_PHYS_s15_T1_test,43,43,44.43333333333333,0.684646487236023,-0.11614391822714476
UBFC_PHYS_s15_T1_test,43,44,44.46666666666667,0.7215697765350342,-0.38140211116194767
UBFC_PHYS_s15_T1_test,43,45,44.5,0.8014800548553467,-0.649526183177857
UBFC_PHYS_s15_T1_test,43,46,44.53333333333333,1.0112782716751099,-0.878109533604987
UBFC_PHYS_s15_T1_test,43,47,44.56666666666667,1.2647974491119385,-1.01901439007116
UBFC_PHYS_s15_T1_test,43,48,44.6,1.2682541608810425,-1.0308381620195877
UBFC_PHYS_s15_T1_test,43,49,44.63333333333333,1.0143873691558838,-0.8925419357482685
UBFC_PHYS_s15_T1_test,43,50,44.666666666666664,0.7060820460319519,-0.6141906294244792
UBFC_PHYS_s15_T1_test,43,51,44.7,0.28731590509414673,-0.2394614052268746
UBFC_PHYS_s15_T1_test,43,52,44.733333333333334,-0.40470555424690247,0.16339105499337514
UBFC_PHYS_s15_T1_test,43,53,44.766666666666666,-1.1337661743164062,0.5205149684917163
UBFC_PHYS_s15_T1_test,43,54,44.8,-1.4016915559768677,0.7745899130984621
UBFC_PHYS_s15_T1_test,43,55,44.833333333333336,-1.0746155977249146,0.9007636893837234
UBFC_PHYS_s15_T1_test,43,56,44.86666666666667,-0.44411998987197876,0.9091028741169898
UBFC_PHYS_s15_T1_test,43,57,44.9,0.11148624867200851,0.8326507965072274
UBFC_PHYS_s15_T1_test,43,58,44.93333333333333,0.4199461042881012,0.70792920791594
UBFC_PHYS_s15_T1_test,43,59,44.96666666666667,0.6064355969429016,0.5584803427495513
UBFC_PHYS_s15_T1_test,43,60,45.0,0.8863533139228821,0.3888804011490667
UBFC_PHYS_s15_T1_test,43,61,45.03333333333333,1.2159397602081299,0.1899244965680256
UBFC_PHYS_s15_T1_test,43,62,45.06666666666667,1.3386245965957642,-0.04944473577509543
UBFC_PHYS_s15_T1_test,43,63,45.1,1.1563256978988647,-0.3294942040245047
UBFC_PHYS_s15_T1_test,43,64,45.13333333333333,0.7890435457229614,-0.6311898304839159
UBFC_PHYS_s15_T1_test,43,65,45.166666666666664,0.37373408675193787,-0.9144962637887364
UBFC_PHYS_s15_T1_test,43,66,45.2,-0.10147908329963684,-1.1243796077211194
UBFC_PHYS_s15_T1_test,43,67,45.233333333333334,-0.7911059260368347,-1.2038149136764251
UBFC_PHYS_s15_T1_test,43,68,45.266666666666666,-1.7323400974273682,-1.1110675521582507
UBFC_PHYS_s15_T1_test,43,69,45.3,-2.6104841232299805,-0.8362956571034289
UBFC_PHYS_s15_T1_test,43,70,45.333333333333336,-3.0488126277923584,-0.41117370580577306
UBFC_PHYS_s15_T1_test,43,71,45.36666666666667,-3.024905204772949,0.09386101758773177
UBFC_PHYS_s15_T1_test,43,72,45.4,-2.827678680419922,0.5862737177066494
UBFC_PHYS_s15_T1_test,43,73,45.43333333333333,-2.6852190494537354,0.9775486968043527
UBFC_PHYS_s15_T1_test,43,74,45.46666666666667,-2.5340306758880615,1.208811586116791
UBFC_PHYS_s15_T1_test,43,75,45.5,-2.1630020141601562,1.2650208135707968
UBFC_PHYS_s15_T1_test,43,76,45.53333333333333,-1.545831322669983,1.1720995546037187
UBFC_PHYS_s15_T1_test,43,77,45.56666666666667,-0.9389534592628479,0.9797281990928713
UBFC_PHYS_s15_T1_test,43,78,45.6,-0.566225528717041,0.7388373032457145
UBFC_PHYS_s15_T1_test,43,79,45.63333333333333,-0.4862186908721924,0.48411729940161446
UBFC_PHYS_s15_T1_test,43,80,45.666666666666664,-0.6418486833572388,0.22799584918408142
UBFC_PHYS_s15_T1_test,43,81,45.7,-0.8752453923225403,-0.033777700004553594
UBFC_PHYS_s15_T1_test,43,82,45.733333333333334,-1.0179368257522583,-0.3099717613822049
UBFC_PHYS_s15_T1_test,43,83,45.766666666666666,-1.061136245727539,-0.6018093775089003
UBFC_PHYS_s15_T1_test,43,84,45.8,-1.0904122591018677,-0.8956523507882918
UBFC_PHYS_s15_T1_test,43,85,45.833333333333336,-1.0837883949279785,-1.161745536923925
UBFC_PHYS_s15_T1_test,43,86,45.86666666666667,-1.0006531476974487,-1.3582342961540521
UBFC_PHYS_s15_T1_test,43,87,45.9,-0.9068194031715393,-1.4393116661587881
UBFC_PHYS_s15_T1_test,43,88,45.93333333333333,-0.875303328037262,-1.366623368670179
UBFC_PHYS_s15_T1_test,43,89,45.96666666666667,-0.8977044820785522,-1.1223194240383694
UBFC_PHYS_s15_T1_test,43,90,46.0,-0.9353808760643005,-0.719993891088205
UBFC_PHYS_s15_T1_test,43,91,46.03333333333333,-0.9792562127113342,-0.20824913568651443
UBFC_PHYS_s15_T1_test,43,92,46.06666666666667,-1.0588382482528687,0.3369604694401182
UBFC_PHYS_s15_T1_test,43,93,46.1,-1.1650891304016113,0.8306189823732438
UBFC_PHYS_s15_T1_test,43,94,46.13333333333333,-1.158581256866455,1.2015628178779525
UBFC_PHYS_s15_T1_test,43,95,46.166666666666664,-0.8863301277160645,1.4108473858782948
UBFC_PHYS_s15_T1_test,43,96,46.2,-0.4033730924129486,1.4578553246978827
UBFC_PHYS_s15_T1_test,43,97,46.233333333333334,0.05650689825415611,1.3720459540780634
UBFC_PHYS_s15_T1_test,43,98,46.266666666666666,0.32344740629196167,1.1951532069523914
UBFC_PHYS_s15_T1_test,43,99,46.3,0.40521156787872314,0.9628424260197108
UBFC_PHYS_s15_T1_test,43,100,46.333333333333336,0.37653422355651855,0.6939325652649454
UBFC_PHYS_s15_T1_test,43,101,46.36666666666667,0.3075927793979645,0.39067502200833926
UBFC_PHYS_s15_T1_test,43,102,46.4,0.26773419976234436,0.048334061529593325
UBFC_PHYS_s15_T1_test,43,103,46.43333333333333,0.28343433141708374,-0.3313832335619196
UBFC_PHYS_s15_T1_test,43,104,46.46666666666667,0.32337015867233276,-0.7295758450479948
UBFC_PHYS_s15_T1_test,43,105,46.5,0.3519122898578644,-1.1068851262516772
UBFC_PHYS_s15_T1_test,43,106,46.53333333333333,0.34735482931137085,-1.4089546463368046
UBFC_PHYS_s15_T1_test,43,107,46.56666666666667,0.27240756154060364,-1.578434142968764
UBFC_PHYS_s15_T1_test,43,108,46.6,0.11826452612876892,-1.5696747908945292
UBFC_PHYS_s15_T1_test,43,109,46.63333333333333,-0.050323374569416046,-1.3622159117875388
UBFC_PHYS_s15_T1_test,43,110,46.666666666666664,-0.17239028215408325,-0.969790649963615
UBFC_PHYS_s15_T1_test,43,111,46.7,-0.2762659192085266,-0.4422135180496354
UBFC_PHYS_s15_T1_test,43,112,46.733333333333334,-0.42940476536750793,0.14173267320299046
UBFC_PHYS_s15_T1_test,43,113,46.766666666666666,-0.6134803295135498,0.690467804419605
UBFC_PHYS_s15_T1_test,43,114,46.8,-0.6763001084327698,1.1215551940069004
UBFC_PHYS_s15_T1_test,43,115,46.833333333333336,-0.4845579266548157,1.3825043169029387
UBFC_PHYS_s15_T1_test,43,116,46.86666666666667,-0.09599466621875763,1.4620222778432008
UBFC_PHYS_s15_T1_test,43,117,46.9,0.2759028971195221,1.3862910233030714
UBFC_PHYS_s15_T1_test,43,118,46.93333333333333,0.485527366399765,1.2020848389133711
UBFC_PHYS_s15_T1_test,43,119,46.96666666666667,0.5444655418395996,0.955416415249074
UBFC_PHYS_s15_T1_test,43,120,47.0,0.5112307667732239,0.6760691943007171
UBFC_PHYS_s15_T1_test,43,121,47.03333333333333,0.4346999526023865,0.3740698887032416
UBFC_PHYS_s15_T1_test,43,122,47.06666666666667,0.3801840841770172,0.04691960138329083
UBFC_PHYS_s15_T1_test,43,123,47.1,0.3705090880393982,-0.30852972385755095
UBFC_PHYS_s15_T1_test,43,124,47.13333333333333,0.37618663907051086,-0.6853181012556312
UBFC_PHYS_s15_T1_test,43,125,47.166666666666664,0.3823276460170746,-1.0596537434595004
UBFC_PHYS_s15_T1_test,43,126,47.2,0.374970018863678,-1.3896144100234322
UBFC_PHYS_s15_T1_test,43,127,47.233333333333334,0.31087571382522583,-1.620374242437737
UBFC_PHYS_s15_T1_test,43,128,47.266666666666666,0.18805566430091858,-1.69611251026641
UBFC_PHYS_s15_T1_test,43,129,47.3,0.05500061437487602,-1.576459163954929
UBFC_PHYS_s15_T1_test,43,130,47.333333333333336,-0.06965401023626328,-1.2524691449512584
UBFC_PHYS_s15_T1_test,43,131,47.36666666666667,-0.19593079388141632,-0.7556554938911039
UBFC_PHYS_s15_T1_test,43,132,47.4,-0.35326018929481506,-0.15516999076962137
UBFC_PHYS_s15_T1_test,43,133,47.43333333333333,-0.5745100975036621,0.45742085692882495
UBFC_PHYS_s15_T1_test,43,134,47.46666666666667,-0.7794418931007385,0.9910368984249623
UBFC_PHYS_s15_T1_test,43,135,47.5,-0.7534681558609009,1.377524946769411
UBFC_PHYS_s15_T1_test,43,136,47.53333333333333,-0.3715094029903412,1.5858059677029914
UBFC_PHYS_s15_T1_test,43,137,47.56666666666667,0.21397146582603455,1.6232423767370796
UBFC_PHYS_s15_T1_test,43,138,47.6,0.7705432772636414,1.5243901208822912
UBFC_PHYS_s15_T1_test,43,139,47.63333333333333,1.1349480152130127,1.332119299487607
UBFC_PHYS_s15_T1_test,43,140,47.666666666666664,1.2571308612823486,1.079637520869357
UBFC_PHYS_s15_T1_test,43,141,47.7,1.2066702842712402,0.7817367602093271
UBFC_PHYS_s15_T1_test,43,142,47.733333333333334,1.1039340496063232,0.43863225999094213
UBFC_PHYS_s15_T1_test,43,143,47.766666666666666,1.0086712837219238,0.0488175744999188
UBFC_PHYS_s15_T1_test,43,144,47.8,0.8990408778190613,-0.3773163610492658
UBFC_PHYS_s15_T1_test,43,145,47.833333333333336,0.7529120445251465,-0.8107723361728164
UBFC_PHYS_s15_T1_test,43,146,47.86666666666667,0.5963550806045532,-1.206441081646864
UBFC_PHYS_s15_T1_test,43,147,47.9,0.4676643908023834,-1.5117135621304878
UBFC_PHYS_s15_T1_test,43,148,47.93333333333333,0.34944045543670654,-1.67693624863374
UBFC_PHYS_s15_T1_test,43,149,47.96666666666667,0.17743444442749023,-1.6653569252617382
UBFC_PHYS_s15_T1_test,43,150,48.0,-0.054494619369506836,-1.4619358019252207
UBFC_PHYS_s15_T1_test,43,151,48.03333333333333,-0.26549020409584045,-1.080256574472128
UBFC_PHYS_s15_T1_test,43,152,48.06666666666667,-0.399607390165329,-0.5652161193439692
UBFC_PHYS_s15_T1_test,43,153,48.1,-0.49844276905059814,0.011676536270509725
UBFC_PHYS_s15_T1_test,43,154,48.13333333333333,-0.6340276002883911,0.5657953089739276
UBFC_PHYS_s15_T1_test,43,155,48.166666666666664,-0.7848490476608276,1.0188796885108364
UBFC_PHYS_s15_T1_test,43,156,48.2,-0.8003947138786316,1.317427324026376
UBFC_PHYS_s15_T1_test,43,157,48.233333333333334,-0.5520316958427429,1.4424013050526177
UBFC_PHYS_s15_T1_test,43,158,48.266666666666666,-0.1421680599451065,1.407298577434008
UBFC_PHYS_s15_T1_test,43,159,48.3,0.17521363496780396,1.2474388293178211
UBFC_PHYS_s15_T1_test,43,160,48.333333333333336,0.31116539239883423,1.0058617815339699
UBFC_PHYS_s15_T1_test,43,161,48.36666666666667,0.338375061750412,0.7205810109381485
UBFC_PHYS_s15_T1_test,43,162,48.4,0.3140234649181366,0.4163658371972026
UBFC_PHYS_s15_T1_test,43,163,48.43333333333333,0.27804645895957947,0.10283119745352623
UBFC_PHYS_s15_T1_test,43,164,48.46666666666667,0.27974584698677063,-0.22068669405799618
UBFC_PHYS_s15_T1_test,43,165,48.5,0.31657254695892334,-0.5549812187462722
UBFC_PHYS_s15_T1_test,43,166,48.53333333333333,0.34928596019744873,-0.8897205564967827
UBFC_PHYS_s15_T1_test,43,167,48.56666666666667,0.3698525130748749,-1.196621566668596
UBFC_PHYS_s15_T1_test,43,168,48.6,0.3784460723400116,-1.4309884364848853
UBFC_PHYS_s15_T1_test,43,169,48.63333333333333,0.34584853053092957,-1.541806465754228
UBFC_PHYS_s15_T1_test,43,170,48.666666666666664,0.247148334980011,-1.4868422313639218
UBFC_PHYS_s15_T1_test,43,171,48.7,0.11026963591575623,-1.247333536830478
UBFC_PHYS_s15_T1_test,43,172,48.733333333333334,-0.0066411481238901615,-0.8374521825384734
UBFC_PHYS_s15_T1_test,43,173,48.766666666666666,-0.08606864511966705,-0.3056001175750677
UBFC_PHYS_s15_T1_test,43,174,48.8,-0.16943565011024475,0.2735062238947642
UBFC_PHYS_s15_T1_test,43,175,48.833333333333336,-0.291830837726593,0.8148338178411901
UBFC_PHYS_s15_T1_test,43,176,48.86666666666667,-0.40959134697914124,1.2431162333252572
UBFC_PHYS_s15_T1_test,43,177,48.9,-0.3989121615886688,1.510393751384014
UBFC_PHYS_s15_T1_test,43,178,48.93333333333333,-0.18606270849704742,1.6039412311089816
UBFC_PHYS_s15_T1_test,43,179,48.96666666666667,0.13941043615341187,1.5413410190923593
UBFC_PHYS_s15_T1_test,43,180,49.0,0.40637025237083435,1.3566432931270889
UBFC_PHYS_s15_T1_test,43,181,49.03333333333333,0.5260232090950012,1.0862063477703958
UBFC_PHYS_s15_T1_test,43,182,49.06666666666667,0.5261197686195374,0.7606054919766078
UBFC_PHYS_s15_T1_test,43,183,49.1,0.45833703875541687,0.40320043267367217
UBFC_PHYS_s15_T1_test,43,184,49.13333333333333,0.3726719617843628,0.03217831692096059
UBFC_PHYS_s15_T1_test,43,185,49.166666666666664,0.3151242136955261,-0.3369411666829177
UBFC_PHYS_s15_T1_test,43,186,49.2,0.3169201612472534,-0.6888402914898322
UBFC_PHYS_s15_T1_test,43,187,49.233333333333334,0.359984427690506,-1.0051040591251077
UBFC_PHYS_s15_T1_test,43,188,49.266666666666666,0.3863057792186737,-1.2608608285611553
UBFC_PHYS_s15_T1_test,43,189,49.3,0.357416033744812,-1.424351002297677
UBFC_PHYS_s15_T1_test,43,190,49.333333333333336,0.2800741493701935,-1.4620257508106898
UBFC_PHYS_s15_T1_test,43,191,49.36666666666667,0.17169897258281708,-1.348856783892217
UBFC_PHYS_s15_T1_test,43,192,49.4,0.05459507554769516,-1.0801827913780302
UBFC_PHYS_s15_T1_test,43,193,49.43333333333333,-0.0522351935505867,-0.6797563790582634
UBFC_PHYS_s15_T1_test,43,194,49.46666666666667,-0.1701115518808365,-0.19973157087536164
UBFC_PHYS_s15_T1_test,43,195,49.5,-0.3241773247718811,0.28862217076293983
UBFC_PHYS_s15_T1_test,43,196,49.53333333333333,-0.4414936602115631,0.7112282707713251
UBFC_PHYS_s15_T1_test,43,197,49.56666666666667,-0.3854135572910309,1.0095074413472271
UBFC_PHYS_s15_T1_test,43,198,49.6,-0.13450145721435547,1.1543601623333657
UBFC_PHYS_s15_T1_test,43,199,49.63333333333333,0.16940093040466309,1.150387559811353
UBFC_PHYS_s15_T1_test,43,200,49.666666666666664,0.38281041383743286,1.028240855554029
UBFC_PHYS_s15_T1_test,43,201,49.7,0.4703293740749359,0.8283086401756187
UBFC_PHYS_s15_T1_test,43,202,49.733333333333334,0.44773510098457336,0.5840301672068139
UBFC_PHYS_s15_T1_test,43,203,49.766666666666666,0.34598371386528015,0.313663454780505
UBFC_PHYS_s15_T1_test,43,204,49.8,0.24647243320941925,0.02359862782969749
UBFC_PHYS_s15_T1_test,43,205,49.833333333333336,0.22860945761203766,-0.2811163311503854
UBFC_PHYS_s15_T1_test,43,206,49.86666666666667,0.2730834484100342,-0.586751242314409
UBFC_PHYS_s15_T1_test,43,207,49.9,0.3033636212348938,-0.8671762724366239
UBFC_PHYS_s15_T1_test,43,208,49.93333333333333,0.30728381872177124,-1.0874246381858925
UBFC_PHYS_s15_T1_test,43,209,49.96666666666667,0.3143710792064667,-1.2115275915609425
UBFC_PHYS_s15_T1_test,43,210,50.0,0.2838398516178131,-1.2109187220007132
UBFC_PHYS_s15_T1_test,43,211,50.03333333333333,0.1519048660993576,-1.0712684205108094
UBFC_PHYS_s15_T1_test,43,212,50.06666666666667,-0.0337156318128109,-0.7970685857323312
UBFC_PHYS_s15_T1_test,43,213,50.1,-0.19017601013183594,-0.4135261837849269
UBFC_PHYS_s15_T1_test,43,214,50.13333333333333,-0.3125712275505066,0.03528672861942558
UBFC_PHYS_s15_T1_test,43,215,50.166666666666664,-0.4429419934749603,0.49310805257234186
UBFC_PHYS_s15_T1_test,43,216,50.2,-0.5710919499397278,0.9024762239422266
UBFC_PHYS_s15_T1_test,43,217,50.233333333333334,-0.6030715107917786,1.216979784852993
UBFC_PHYS_s15_T1_test,43,218,50.266666666666666,-0.4466111361980438,1.4100510063747966
UBFC_PHYS_s15_T1_test,43,219,50.3,-0.1397734433412552,1.47678974504181
UBFC_PHYS_s15_T1_test,43,220,50.333333333333336,0.16324061155319214,1.4292631434966525
UBFC_PHYS_s15_T1_test,43,221,50.36666666666667,0.333894819021225,1.2888529652863876
UBFC_PHYS_s15_T1_test,43,222,50.4,0.36170312762260437,1.0788346410755223
UBFC_PHYS_s15_T1_test,43,223,50.43333333333333,0.31788572669029236,0.8187060264507399
UBFC_PHYS_s15_T1_test,43,224,50.46666666666667,0.254370778799057,0.5216117860299376
UBFC_PHYS_s15_T1_test,43,225,50.5,0.1954905241727829,0.19632326266585504
UBFC_PHYS_s15_T1_test,43,226,50.53333333333333,0.17946211993694305,-0.14646564336492865
UBFC_PHYS_s15_T1_test,43,227,50.56666666666667,0.21175067126750946,-0.4867301298240584
UBFC_PHYS_s15_T1_test,43,228,50.6,0.24647243320941925,-0.7917692049203744
UBFC_PHYS_s15_T1_test,43,229,50.63333333333333,0.2570357322692871,-1.0208295271587366
UBFC_PHYS_s15_T1_test,43,230,50.666666666666664,0.2409687042236328,-1.1369822056806667
UBFC_PHYS_s15_T1_test,43,231,50.7,0.17318594455718994,-1.120941991407022
UBFC_PHYS_s15_T1_test,43,232,50.733333333333334,0.04493940994143486,-0.9804095997670168
UBFC_PHYS_s15_T1_test,43,233,50.766666666666666,-0.08390577137470245,-0.7509669690396623
UBFC_PHYS_s15_T1_test,43,234,50.8,-0.1544886827468872,-0.48838827530459367
UBFC_PHYS_s15_T1_test,43,235,50.833333333333336,-0.20676444470882416,-0.2549606059268026
UBFC_PHYS_s15_T1_test,43,236,50.86666666666667,-0.3162596821784973,-0.10310243177229428
UBFC_PHYS_s15_T1_test,43,237,50.9,-0.4600904583930969,-0.05999578775651585
UBFC_PHYS_s15_T1_test,43,238,50.93333333333333,-0.5112075209617615,-0.11824366997057133
UBFC_PHYS_s15_T1_test,43,239,50.96666666666667,-0.37579649686813354,-0.23726689922234526
UBFC_PHYS_s15_T1_test,44,0,44.0,-1.139887809753418,0.015223321656918715
UBFC_PHYS_s15_T1_test,44,1,44.03333333333333,-1.0897363424301147,0.6738852560026761
UBFC_PHYS_s15_T1_test,44,2,44.06666666666667,-0.9257831573486328,1.236287229628719
UBFC_PHYS_s15_T1_test,44,3,44.1,-0.4468235671520233,1.6333348751530896
UBFC_PHYS_s15_T1_test,44,4,44.13333333333333,0.5114625096321106,1.8372952677802805
UBFC_PHYS_s15_T1_test,44,5,44.166666666666664,1.9082123041152954,1.8637902419711931
UBFC_PHYS_s15_T1_test,44,6,44.2,3.34200119972229,1.7583256174610462
UBFC_PHYS_s15_T1_test,44,7,44.233333333333334,4.289588928222656,1.5743641173960552
UBFC_PHYS_s15_T1_test,44,8,44.266666666666666,4.494694232940674,1.353195161428088
UBFC_PHYS_s15_T1_test,44,9,44.3,3.998335361480713,1.113424808160581
UBFC_PHYS_s15_T1_test,44,10,44.333333333333336,2.964348793029785,0.8525098303220245
UBFC_PHYS_s15_T1_test,44,11,44.36666666666667,1.7627207040786743,0.5574748046659579
UBFC_PHYS_s15_T1_test,44,12,44.4,0.932874321937561,0.21899736630076522
UBFC_PHYS_s15_T1_test,44,13,44.43333333333333,0.684646487236023,-0.15700822313533364
UBFC_PHYS_s15_T1_test,44,14,44.46666666666667,0.7215697765350342,-0.5441426107516312
UBFC_PHYS_s15_T1_test,44,15,44.5,0.8014800548553467,-0.8978170507850323
UBFC_PHYS_s15_T1_test,44,16,44.53333333333333,1.0112782716751099,-1.1642727626121687
UBFC_PHYS_s15_T1_test,44,17,44.56666666666667,1.2647974491119385,-1.2941626297795303
UBFC_PHYS_s15_T1_test,44,18,44.6,1.2682541608810425,-1.2574264412166842
UBFC_PHYS_s15_T1_test,44,19,44.63333333333333,1.0143873691558838,-1.0550673680725862
UBFC_PHYS_s15_T1_test,44,20,44.666666666666664,0.7060820460319519,-0.7229189658556889
UBFC_PHYS_s15_T1_test,44,21,44.7,0.28731590509414673,-0.3242579032380996
UBFC_PHYS_s15_T1_test,44,22,44.733333333333334,-0.40470555424690247,0.06732174138398163
UBFC_PHYS_s15_T1_test,44,23,44.766666666666666,-1.1337661743164062,0.3885259867128441
UBFC_PHYS_s15_T1_test,44,24,44.8,-1.4016915559768677,0.6022794730754625
UBFC_PHYS_s15_T1_test,44,25,44.833333333333336,-1.0746155977249146,0.7027677676985447
UBFC_PHYS_s15_T1_test,44,26,44.86666666666667,-0.44411998987197876,0.7083963735205516
UBFC_PHYS_s15_T1_test,44,27,44.9,0.11148624867200851,0.6469772097869985
UBFC_PHYS_s15_T1_test,44,28,44.93333333333333,0.4199461042881012,0.5407955820209264
UBFC_PHYS_s15_T1_test,44,29,44.96666666666667,0.6064355969429016,0.3985365414490433
UBFC_PHYS_s15_T1_test,44,30,45.0,0.8863533139228821,0.21669081299472306
UBFC_PHYS_s15_T1_test,44,31,45.03333333333333,1.2159397602081299,-0.011890934714366034
UBFC_PHYS_s15_T1_test,44,32,45.06666666666667,1.3386245965957642,-0.2871252926884234
UBFC_PHYS_s15_T1_test,44,33,45.1,1.1563256978988647,-0.5930893997677767
UBFC_PHYS_s15_T1_test,44,34,45.13333333333333,0.7890435457229614,-0.8946424747366196
UBFC_PHYS_s15_T1_test,44,35,45.166666666666664,0.37373408675193787,-1.1405912366615352
UBFC_PHYS_s15_T1_test,44,36,45.2,-0.10147908329963684,-1.2735297622376116
UBFC_PHYS_s15_T1_test,44,37,45.233333333333334,-0.7911059260368347,-1.2450002789399002
UBFC_PHYS_s15_T1_test,44,38,45.266666666666666,-1.7323400974273682,-1.032289521724278
UBFC_PHYS_s15_T1_test,44,39,45.3,-2.6104841232299805,-0.6510333477567166
UBFC_PHYS_s15_T1_test,44,40,45.333333333333336,-3.0488126277923584,-0.15755273662980723
UBFC_PHYS_s15_T1_test,44,41,45.36666666666667,-3.024905204772949,0.3624589251547347
UBFC_PHYS_s15_T1_test,44,42,45.4,-2.827678680419922,0.8169660072825305
UBFC_PHYS_s15_T1_test,44,43,45.43333333333333,-2.6852190494537354,1.134533166300326
UBFC_PHYS_s15_T1_test,44,44,45.46666666666667,-2.5340306758880615,1.284066399704902
UBFC_PHYS_s15_T1_test,44,45,45.5,-2.1630020141601562,1.2785294557418962
UBFC_PHYS_s15_T1_test,44,46,45.53333333333333,-1.545831322669983,1.1616768577639962
UBFC_PHYS_s15_T1_test,44,47,45.56666666666667,-0.9389534592628479,0.9852216082193888
UBFC_PHYS_s15_T1_test,44,48,45.6,-0.566225528717041,0.7873734804382024
UBFC_PHYS_s15_T1_test,44,49,45.63333333333333,-0.4862186908721924,0.5814932660305442
UBFC_PHYS_s15_T1_test,44,50,45.666666666666664,-0.6418486833572388,0.3580305308678511
UBFC_PHYS_s15_T1_test,44,51,45.7,-0.8752453923225403,0.09704639845607665
UBFC_PHYS_s15_T1_test,44,52,45.733333333333334,-1.0179368257522583,-0.21503354417125095
UBFC_PHYS_s15_T1_test,44,53,45.766666666666666,-1.061136245727539,-0.5713560545183294
UBFC_PHYS_s15_T1_test,44,54,45.8,-1.0904122591018677,-0.9382446393683401
UBFC_PHYS_s15_T1_test,44,55,45.833333333333336,-1.0837883949279785,-1.2584728879512401
UBFC_PHYS_s15_T1_test,44,56,45.86666666666667,-1.0006531476974487,-1.463519937431073
UBFC_PHYS_s15_T1_test,44,57,45.9,-0.9068194031715393,-1.4920676802249184
UBFC_PHYS_s15_T1_test,44,58,45.93333333333333,-0.875303328037262,-1.310286556406379
UBFC_PHYS_s15_T1_test,44,59,45.96666666666667,-0.8977044820785522,-0.9277579680970833
UBFC_PHYS_s15_T1_test,44,60,46.0,-0.9353808760643005,-0.40199214453419707
UBFC_PHYS_s15_T1_test,44,61,46.03333333333333,-0.9792562127113342,0.17312530045922564
UBFC_PHYS_s15_T1_test,44,62,46.06666666666667,-1.0588382482528687,0.6930727477034667
UBFC_PHYS_s15_T1_test,44,63,46.1,-1.1650891304016113,1.0733801688957372
UBFC_PHYS_s15_T1_test,44,64,46.13333333333333,-1.158581256866455,1.272627278790119
UBFC_PHYS_s15_T1_test,44,65,46.166666666666664,-0.8863301277160645,1.2982207697203467
UBFC_PHYS_s15_T1_test,44,66,46.2,-0.4033730924129486,1.1938555177515344
UBFC_PHYS_s15_T1_test,44,67,46.233333333333334,0.05650689825415611,1.0161403077436622
UBFC_PHYS_s15_T1_test,44,68,46.266666666666666,0.32344740629196167,0.8115217392137147
UBFC_PHYS_s15_T1_test,44,69,46.3,0.40521156787872314,0.6024924728378479
UBFC_PHYS_s15_T1_test,44,70,46.333333333333336,0.37653422355651855,0.3864561142130536
UBFC_PHYS_s15_T1_test,44,71,46.36666666666667,0.3075927793979645,0.14506316418102225
UBFC_PHYS_s15_T1_test,44,72,46.4,0.26773419976234436,-0.14110020788582547
UBFC_PHYS_s15_T1_test,44,73,46.43333333333333,0.28343433141708374,-0.47790444898583817
UBFC_PHYS_s15_T1_test,44,74,46.46666666666667,0.32337015867233276,-0.8475682443573616
UBFC_PHYS_s15_T1_test,44,75,46.5,0.3519122898578644,-1.206000567628849
UBFC_PHYS_s15_T1_test,44,76,46.53333333333333,0.34735482931137085,-1.4889151565836003
UBFC_PHYS_s15_T1_test,44,77,46.56666666666667,0.27240756154060364,-1.6261451952971542
UBFC_PHYS_s15_T1_test,44,78,46.6,0.11826452612876892,-1.561314288244443
UBFC_PHYS_s15_T1_test,44,79,46.63333333333333,-0.050323374569416046,-1.2716707468567552
UBFC_PHYS_s15_T1_test,44,80,46.666666666666664,-0.17239028215408325,-0.7813544111116988
UBFC_PHYS_s15_T1_test,44,81,46.7,-0.2762659192085266,-0.16197209471572052
UBFC_PHYS_s15_T1_test,44,82,46.733333333333334,-0.42940476536750793,0.48209966157651385
UBFC_PHYS_s15_T1_test,44,83,46.766666666666666,-0.6134803295135498,1.0404926313729146
UBFC_PHYS_s15_T1_test,44,84,46.8,-0.6763001084327698,1.4267847353337308
UBFC_PHYS_s15_T1_test,44,85,46.833333333333336,-0.4845579266548157,1.6003178969197116
UBFC_PHYS_s15_T1_test,44,86,46.86666666666667,-0.09599466621875763,1.571637436430643
UBFC_PHYS_s15_T1_test,44,87,46.9,0.2759028971195221,1.3903268769939852
UBFC_PHYS_s15_T1_test,44,88,46.93333333333333,0.485527366399765,1.1215346222952776
UBFC_PHYS_s15_T1_test,44,89,46.96666666666667,0.5444655418395996,0.8217425234802321
UBFC_PHYS_s15_T1_test,44,90,47.0,0.5112307667732239,0.5232923585595733
UBFC_PHYS_s15_T1_test,44,91,47.03333333333333,0.4346999526023865,0.23200931102117356
UBFC_PHYS_s15_T1_test,44,92,47.06666666666667,0.3801840841770172,-0.06392633612474088
UBFC_PHYS_s15_T1_test,44,93,47.1,0.3705090880393982,-0.37954382843561113
UBFC_PHYS_s15_T1_test,44,94,47.13333333333333,0.37618663907051086,-0.7188456200867865
UBFC_PHYS_s15_T1_test,44,95,47.166666666666664,0.3823276460170746,-1.0648057966528237
UBFC_PHYS_s15_T1_test,44,96,47.2,0.374970018863678,-1.3764250297379153
UBFC_PHYS_s15_T1_test,44,97,47.233333333333334,0.31087571382522583,-1.594674947971701
UBFC_PHYS_s15_T1_test,44,98,47.266666666666666,0.18805566430091858,-1.6571480820786972
UBFC_PHYS_s15_T1_test,44,99,47.3,0.05500061437487602,-1.5181112706468982
UBFC_PHYS_s15_T1_test,44,100,47.333333333333336,-0.06965401023626328,-1.167578519355254
UBFC_PHYS_s15_T1_test,44,101,47.36666666666667,-0.19593079388141632,-0.6418245844944082
UBFC_PHYS_s15_T1_test,44,102,47.4,-0.35326018929481506,-0.019820769895003674
UBFC_PHYS_s15_T1_test,44,103,47.43333333333333,-0.5745100975036621,0.5948917802966693
UBFC_PHYS_s15_T1_test,44,104,47.46666666666667,-0.7794418931007385,1.1013166449121272
UBFC_PHYS_s15_T1_test,44,105,47.5,-0.7534681558609009,1.427525572836657
UBFC_PHYS_s15_T1_test,44,106,47.53333333333333,-0.3715094029903412,1.547234543735898
UBFC_PHYS_s15_T1_test,44,107,47.56666666666667,0.21397146582603455,1.4809895709140226
UBFC_PHYS_s15_T1_test,44,108,47.6,0.7705432772636414,1.282159900071229
UBFC_PHYS_s15_T1_test,44,109,47.63333333333333,1.1349480152130127,1.0135241110262818
UBFC_PHYS_s15_T1_test,44,110,47.666666666666664,1.2571308612823486,0.7239962518932547
UBFC_PHYS_s15_T1_test,44,111,47.7,1.2066702842712402,0.43503184569644887
UBFC_PHYS_s15_T1_test,44,112,47.733333333333334,1.1039340496063232,0.14184280795506707
UBFC_PHYS_s15_T1_test,44,113,47.766666666666666,1.0086712837219238,-0.17237269989991794
UBFC_PHYS_s15_T1_test,44,114,47.8,0.8990408778190613,-0.5170157851568684
UBFC_PHYS_s15_T1_test,44,115,47.833333333333336,0.7529120445251465,-0.8790947080294294
UBFC_PHYS_s15_T1_test,44,116,47.86666666666667,0.5963550806045532,-1.2188613679550817
UBFC_PHYS_s15_T1_test,44,117,47.9,0.4676643908023834,-1.4768441025248147
UBFC_PHYS_s15_T1_test,44,118,47.93333333333333,0.34944045543670654,-1.5892177515955959
UBFC_PHYS_s15_T1_test,44,119,47.96666666666667,0.17743444442749023,-1.506817278019474
UBFC_PHYS_s15_T1_test,44,120,48.0,-0.054494619369506836,-1.2126020777384983
UBFC_PHYS_s15_T1_test,44,121,48.03333333333333,-0.26549020409584045,-0.7323799808055462
UBFC_PHYS_s15_T1_test,44,122,48.06666666666667,-0.399607390165329,-0.13436463122343514
UBFC_PHYS_s15_T1_test,44,123,48.1,-0.49844276905059814,0.4842536164655057
UBFC_PHYS_s15_T1_test,44,124,48.13333333333333,-0.6340276002883911,1.0208778489634687
UBFC_PHYS_s15_T1_test,44,125,48.166666666666664,-0.7848490476608276,1.3937239059666084
UBFC_PHYS_s15_T1_test,44,126,48.2,-0.8003947138786316,1.561347008336228
UBFC_PHYS_s15_T1_test,44,127,48.233333333333334,-0.5520316958427429,1.5285744815220492
UBFC_PHYS_s15_T1_test,44,128,48.266666666666666,-0.1421680599451065,1.337838887260498
UBFC_PHYS_s15_T1_test,44,129,48.3,0.17521363496780396,1.05079121546725
UBFC_PHYS_s15_T1_test,44,130,48.333333333333336,0.31116539239883423,0.7277327391897399
UBFC_PHYS_s15_T1_test,44,131,48.36666666666667,0.338375061750412,0.4116107529937214
UBFC_PHYS_s15_T1_test,44,132,48.4,0.3140234649181366,0.12061749892885633
UBFC_PHYS_s15_T1_test,44,133,48.43333333333333,0.27804645895957947,-0.14964987118925197
UBFC_PHYS_s15_T1_test,44,134,48.46666666666667,0.27974584698677063,-0.41605371067329716
UBFC_PHYS_s15_T1_test,44,135,48.5,0.31657254695892334,-0.6933348783431651
UBFC_PHYS_s15_T1_test,44,136,48.53333333333333,0.34928596019744873,-0.9800377243931255
UBFC_PHYS_s15_T1_test,44,137,48.56666666666667,0.3698525130748749,-1.2502785573919968
UBFC_PHYS_s15_T1_test,44,138,48.6,0.3784460723400116,-1.4553763067726753
UBFC_PHYS_s15_T1_test,44,139,48.63333333333333,0.34584853053092957,-1.5361549577803055
UBFC_PHYS_s15_T1_test,44,140,48.666666666666664,0.247148334980011,-1.4424444442440292
UBFC_PHYS_s15_T1_test,44,141,48.7,0.11026963591575623,-1.152968652763284
UBFC_PHYS_s15_T1_test,44,142,48.733333333333334,-0.0066411481238901615,-0.6881917438707318
UBFC_PHYS_s15_T1_test,44,143,48.766666666666666,-0.08606864511966705,-0.1108986178481383
UBFC_PHYS_s15_T1_test,44,144,48.8,-0.16943565011024475,0.4866912149687742
UBFC_PHYS_s15_T1_test,44,145,48.833333333333336,-0.291830837726593,1.0059145610011933
UBFC_PHYS_s15_T1_test,44,146,48.86666666666667,-0.40959134697914124,1.3676270144327567
UBFC_PHYS_s15_T1_test,44,147,48.9,-0.3989121615886688,1.5322117953177505
UBFC_PHYS_s15_T1_test,44,148,48.93333333333333,-0.18606270849704742,1.505976084730682
UBFC_PHYS_s15_T1_test,44,149,48.96666666666667,0.13941043615341187,1.331419579365837
UBFC_PHYS_s15_T1_test,44,150,49.0,0.40637025237083435,1.0664578090803651
UBFC_PHYS_s15_T1_test,44,151,49.03333333333333,0.5260232090950012,0.7628385124687616
UBFC_PHYS_s15_T1_test,44,152,49.06666666666667,0.5261197686195374,0.45291130943330643
UBFC_PHYS_s15_T1_test,44,153,49.1,0.45833703875541687,0.1481791782761789
UBFC_PHYS_s15_T1_test,44,154,49.13333333333333,0.3726719617843628,-0.15302898211740396
UBFC_PHYS_s15_T1_test,44,155,49.166666666666664,0.3151242136955261,-0.4544321541783085
UBFC_PHYS_s15_T1_test,44,156,49.2,0.3169201612472534,-0.7519868253372819
UBFC_PHYS_s15_T1_test,44,157,49.233333333333334,0.359984427690506,-1.0278566458139216
UBFC_PHYS_s15_T1_test,44,158,49.266666666666666,0.3863057792186737,-1.249489118793405
UBFC_PHYS_s15_T1_test,44,159,49.3,0.357416033744812,-1.3746943239478606
UBFC_PHYS_s15_T1_test,44,160,49.333333333333336,0.2800741493701935,-1.3623790436449228
UBFC_PHYS_s15_T1_test,44,161,49.36666666666667,0.17169897258281708,-1.1864491222387463
UBFC_PHYS_s15_T1_test,44,162,49.4,0.05459507554769516,-0.8483914112305959
UBFC_PHYS_s15_T1_test,44,163,49.43333333333333,-0.0522351935505867,-0.3835432695067647
UBFC_PHYS_s15_T1_test,44,164,49.46666666666667,-0.1701115518808365,0.14224925802371546
UBFC_PHYS_s15_T1_test,44,165,49.5,-0.3241773247718811,0.6457639409043091
UBFC_PHYS_s15_T1_test,44,166,49.53333333333333,-0.4414936602115631,1.0462344496180063
UBFC_PHYS_s15_T1_test,44,167,49.56666666666667,-0.3854135572910309,1.2860811350860442
UBFC_PHYS_s15_T1_test,44,168,49.6,-0.13450145721435547,1.3453588660876865
UBFC_PHYS_s15_T1_test,44,169,49.63333333333333,0.16940093040466309,1.244029952237398
UBFC_PHYS_s15_T1_test,44,170,49.666666666666664,0.38281041383743286,1.0306221212756745
UBFC_PHYS_s15_T1_test,44,171,49.7,0.4703293740749359,0.7618051430559372
UBFC_PHYS_s15_T1_test,44,172,49.733333333333334,0.44773510098457336,0.48194373788897993
UBFC_PHYS_s15_T1_test,44,173,49.766666666666666,0.34598371386528015,0.21180037331494292
UBFC_PHYS_s15_T1_test,44,174,49.8,0.24647243320941925,-0.04944799902028839
UBFC_PHYS_s15_T1_test,44,175,49.833333333333336,0.22860945761203766,-0.3117890803846758
UBFC_PHYS_s15_T1_test,44,176,49.86666666666667,0.2730834484100342,-0.5793086145804035
UBFC_PHYS_s15_T1_test,44,177,49.9,0.3033636212348938,-0.840309772429667
UBFC_PHYS_s15_T1_test,44,178,49.93333333333333,0.30728381872177124,-1.0662072372864488
UBFC_PHYS_s15_T1_test,44,179,49.96666666666667,0.3143710792064667,-1.2178940698823573
UBFC_PHYS_s15_T1_test,44,180,50.0,0.2838398516178131,-1.256107311666398
UBFC_PHYS_s15_T1_test,44,181,50.03333333333333,0.1519048660993576,-1.1526595243690672
UBFC_PHYS_s15_T1_test,44,182,50.06666666666667,-0.0337156318128109,-0.9002985292922498
UBFC_PHYS_s15_T1_test,44,183,50.1,-0.19017601013183594,-0.5191639927123668
UBFC_PHYS_s15_T1_test,44,184,50.13333333333333,-0.3125712275505066,-0.05741374546143619
UBFC_PHYS_s15_T1_test,44,185,50.166666666666664,-0.4429419934749603,0.4160231807763766
UBFC_PHYS_s15_T1_test,44,186,50.2,-0.5710919499397278,0.8263068367374566
UBFC_PHYS_s15_T1_test,44,187,50.233333333333334,-0.6030715107917786,1.1112836200938727
UBFC_PHYS_s15_T1_test,44,188,50.266666666666666,-0.4466111361980438,1.237071941165558
UBFC_PHYS_s15_T1_test,44,189,50.3,-0.1397734433412552,1.204339038526858
UBFC_PHYS_s15_T1_test,44,190,50.333333333333336,0.16324061155319214,1.0433459532557139
UBFC_PHYS_s15_T1_test,44,191,50.36666666666667,0.333894819021225,0.8009258599802522
UBFC_PHYS_s15_T1_test,44,192,50.4,0.36170312762260437,0.5249510997479726
UBFC_PHYS_s15_T1_test,44,193,50.43333333333333,0.31788572669029236,0.25155086106120533
UBFC_PHYS_s15_T1_test,44,194,50.46666666666667,0.254370778799057,-0.0011653415471320667
UBFC_PHYS_s15_T1_test,44,195,50.5,0.1954905241727829,-0.2313570781141358
UBFC_PHYS_s15_T1_test,44,196,50.53333333333333,0.17946211993694305,-0.44496003007838913
UBFC_PHYS_s15_T1_test,44,197,50.56666666666667,0.21175067126750946,-0.6443682041734721
UBFC_PHYS_s15_T1_test,44,198,50.6,0.24647243320941925,-0.81955794423618
UBFC_PHYS_s15_T1_test,44,199,50.63333333333333,0.2570357322692871,-0.9459519833077623
UBFC_PHYS_s15_T1_test,44,200,50.666666666666664,0.2409687042236328,-0.9901170422805794
UBFC_PHYS_s15_T1_test,44,201,50.7,0.17318594455718994,-0.9208530267635885
UBFC_PHYS_s15_T1_test,44,202,50.733333333333334,0.04493940994143486,-0.7213825737829311
UBFC_PHYS_s15_T1_test,44,203,50.766666666666666,-0.08390577137470245,-0.3985811326152541
UBFC_PHYS_s15_T1_test,44,204,50.8,-0.1544886827468872,0.013363089093041073
UBFC_PHYS_s15_T1_test,44,205,50.833333333333336,-0.20676444470882416,0.45612759921626844
UBFC_PHYS_s15_T1_test,44,206,50.86666666666667,-0.3162596821784973,0.8577122537813449
UBFC_PHYS_s15_T1_test,44,207,50.9,-0.4600904583930969,1.1488981674693988
UBFC_PHYS_s15_T1_test,44,208,50.93333333333333,-0.5112075209617615,1.2812130546659632
UBFC_PHYS_s15_T1_test,44,209,50.96666666666667,-0.37579649686813354,1.2396174930698887
UBFC_PHYS_s15_T1_test,44,210,51.0,-0.09736577421426773,1.0444282681120902
UBFC_PHYS_s15_T1_test,44,211,51.03333333333333,0.17702889442443848,0.7417104887350021
UBFC_PHYS_s15_T1_test,44,212,51.06666666666667,0.33920544385910034,0.3869318163248738
UBFC_PHYS_s15_T1_test,44,213,51.1,0.39101773500442505,0.029458773564616333
UBFC_PHYS_s15_T1_test,44,214,51.13333333333333,0.36788275837898254,-0.2964084958979315
UBFC_PHYS_s15_T1_test,44,215,51.166666666666664,0.29243341088294983,-0.5727168388528608
UBFC_PHYS_s15_T1_test,44,216,51.2,0.21049542725086212,-0.794072358082382
UBFC_PHYS_s15_T1_test,44,217,51.233333333333334,0.18262918293476105,-0.9623844566561234
UBFC_PHYS_s15_T1_test,44,218,51.266666666666666,0.20964573323726654,-1.0821491294182324
UBFC_PHYS_s15_T1_test,44,219,51.3,0.23957829177379608,-1.1563685548106024
UBFC_PHYS_s15_T1_test,44,220,51.333333333333336,0.247148334980011,-1.1830032248735547
UBFC_PHYS_s15_T1_test,44,221,51.36666666666667,0.23185376822948456,-1.1530344039000082
UBFC_PHYS_s15_T1_test,44,222,51.4,0.1874956339597702,-1.0520905815805561
UBFC_PHYS_s15_T1_test,44,223,51.43333333333333,0.11250974982976913,-0.8666860677459663
UBFC_PHYS_s15_T1_test,44,224,51.46666666666667,0.02114785462617874,-0.5934143870242622
UBFC_PHYS_s15_T1_test,44,225,51.5,-0.06550207734107971,-0.24703689522586092
UBFC_PHYS_s15_T1_test,44,226,51.53333333333333,-0.14297913014888763,0.1367013134901544
UBFC_PHYS_s15_T1_test,44,227,51.56666666666667,-0.25374892354011536,0.5058468528862652
UBFC_PHYS_s15_T1_test,44,228,51.6,-0.42608320713043213,0.8043110764881206
UBFC_PHYS_s15_T1_test,44,229,51.63333333333333,-0.5716906189918518,0.987921554443431
UBFC_PHYS_s15_T1_test,44,230,51.666666666666664,-0.5427815914154053,1.038396075581763
UBFC_PHYS_s15_T1_test,44,231,51.7,-0.3144444227218628,0.9688373188528754
UBFC_PHYS_s15_T1_test,44,232,51.733333333333334,-0.015871962532401085,0.8177441026137989
UBFC_PHYS_s15_T1_test,44,233,51.766666666666666,0.20460547506809235,0.6342510934055041
UBFC_PHYS_s15_T1_test,44,234,51.8,0.28789523243904114,0.4619997525586222
UBFC_PHYS_s15_T1_test,44,235,51.833333333333336,0.26607343554496765,0.32907233895977356
UBFC_PHYS_s15_T1_test,44,236,51.86666666666667,0.20951054990291595,0.24628266511976574
UBFC_PHYS_s15_T1_test,44,237,51.9,0.16774015128612518,0.21071853468778956
UBFC_PHYS_s15_T1_test,44,238,51.93333333333333,0.15308284759521484,0.21040283287248815
UBFC_PHYS_s15_T1_test,44,239,51.96666666666667,0.16687114536762238,0.22813795377038756
UBFC_PHYS_s15_T1_test,45,0,45.0,0.8863533139228821,-0.08884767383293946
UBFC_PHYS_s15_T1_test,45,1,45.03333333333333,1.2159397602081299,-0.22042241230606163
UBFC_PHYS_s15_T1_test,45,2,45.06666666666667,1.3386245965957642,-0.36129197306847977
UBFC_PHYS_s15_T1_test,45,3,45.1,1.1563256978988647,-0.5116098472313415
UBFC_PHYS_s15_T1_test,45,4,45.13333333333333,0.7890435457229614,-0.6524693070371855
UBFC_PHYS_s15_T1_test,45,5,45.166666666666664,0.37373408675193787,-0.750198938003414
UBFC_PHYS_s15_T1_test,45,6,45.2,-0.10147908329963684,-0.7695061433132293
UBFC_PHYS_s15_T1_test,45,7,45.233333333333334,-0.7911059260368347,-0.6895028213882676
UBFC_PHYS_s15_T1_test,45,8,45.266666666666666,-1.7323400974273682,-0.5153091844333321
UBFC_PHYS_s15_T1_test,45,9,45.3,-2.6104841232299805,-0.2798470940252584
UBFC_PHYS_s15_T1_test,45,10,45.333333333333336,-3.0488126277923584,-0.03433183723393668
UBFC_PHYS_s15_T1_test,45,11,45.36666666666667,-3.024905204772949,0.16955963644834798
UBFC_PHYS_s15_T1_test,45,12,45.4,-2.827678680419922,0.2991943450268229
UBFC_PHYS_s15_T1_test,45,13,45.43333333333333,-2.6852190494537354,0.35387295864004503
UBFC_PHYS_s15_T1_test,45,14,45.46666666666667,-2.5340306758880615,0.3642659125280521
UBFC_PHYS_s15_T1_test,45,15,45.5,-2.1630020141601562,0.3768025739132466
UBFC_PHYS_s15_T1_test,45,16,45.53333333333333,-1.545831322669983,0.4290964366444222
UBFC_PHYS_s15_T1_test,45,17,45.56666666666667,-0.9389534592628479,0.5281489534994971
UBFC_PHYS_s15_T1_test,45,18,45.6,-0.566225528717041,0.6426563011739863
UBFC_PHYS_s15_T1_test,45,19,45.63333333333333,-0.4862186908721924,0.7140813612165873
UBFC_PHYS_s15_T1_test,45,20,45.666666666666664,-0.6418486833572388,0.6816414269805108
UBFC_PHYS_s15_T1_test,45,21,45.7,-0.8752453923225403,0.509427310479625
UBFC_PHYS_s15_T1_test,45,22,45.733333333333334,-1.0179368257522583,0.20346102422716217
UBFC_PHYS_s15_T1_test,45,23,45.766666666666666,-1.061136245727539,-0.18792664601797193
UBFC_PHYS_s15_T1_test,45,24,45.8,-1.0904122591018677,-0.5890476771574379
UBFC_PHYS_s15_T1_test,45,25,45.833333333333336,-1.0837883949279785,-0.9196630715060984
UBFC_PHYS_s15_T1_test,45,26,45.86666666666667,-1.0006531476974487,-1.1166064580649437
UBFC_PHYS_s15_T1_test,45,27,45.9,-0.9068194031715393,-1.1478025255650162
UBFC_PHYS_s15_T1_test,45,28,45.93333333333333,-0.875303328037262,-1.0166196346147238
UBFC_PHYS_s15_T1_test,45,29,45.96666666666667,-0.8977044820785522,-0.7577850329141256
UBFC_PHYS_s15_T1_test,45,30,46.0,-0.9353808760643005,-0.4270077420421604
UBFC_PHYS_s15_T1_test,45,31,46.03333333333333,-0.9792562127113342,-0.08642010291104778
UBFC_PHYS_s15_T1_test,45,32,46.06666666666667,-1.0588382482528687,0.21125855242114544
UBFC_PHYS_s15_T1_test,45,33,46.1,-1.1650891304016113,0.4356272657320129
UBFC_PHYS_s15_T1_test,45,34,46.13333333333333,-1.158581256866455,0.5840230661540438
UBFC_PHYS_s15_T1_test,45,35,46.166666666666664,-0.8863301277160645,0.6766349801468164
UBFC_PHYS_s15_T1_test,45,36,46.2,-0.4033730924129486,0.7423427007883129
UBFC_PHYS_s15_T1_test,45,37,46.233333333333334,0.05650689825415611,0.8008253758928044
UBFC_PHYS_s15_T1_test,45,38,46.266666666666666,0.32344740629196167,0.8492512709641069
UBFC_PHYS_s15_T1_test,45,39,46.3,0.40521156787872314,0.8604621373781639
UBFC_PHYS_s15_T1_test,45,40,46.333333333333336,0.37653422355651855,0.7938848112427641
UBFC_PHYS_s15_T1_test,45,41,46.36666666666667,0.3075927793979645,0.6141463119692598
UBFC_PHYS_s15_T1_test,45,42,46.4,0.26773419976234436,0.30943873902326363
UBFC_PHYS_s15_T1_test,45,43,46.43333333333333,0.28343433141708374,-0.09750715131255022
UBFC_PHYS_s15_T1_test,45,44,46.46666666666667,0.32337015867233276,-0.5499139567240602
UBFC_PHYS_s15_T1_test,45,45,46.5,0.3519122898578644,-0.9688948503000195
UBFC_PHYS_s15_T1_test,45,46,46.53333333333333,0.34735482931137085,-1.2728906594059046
UBFC_PHYS_s15_T1_test,45,47,46.56666666666667,0.27240756154060364,-1.3984481131372608
UBFC_PHYS_s15_T1_test,45,48,46.6,0.11826452612876892,-1.3164653760328069
UBFC_PHYS_s15_T1_test,45,49,46.63333333333333,-0.050323374569416046,-1.0399488868806719
UBFC_PHYS_s15_T1_test,45,50,46.666666666666664,-0.17239028215408325,-0.6215691520855189
UBFC_PHYS_s15_T1_test,45,51,46.7,-0.2762659192085266,-0.14136800611556824
UBFC_PHYS_s15_T1_test,45,52,46.733333333333334,-0.42940476536750793,0.31300573026621276
UBFC_PHYS_s15_T1_test,45,53,46.766666666666666,-0.6134803295135498,0.6688816939787701
UBFC_PHYS_s15_T1_test,45,54,46.8,-0.6763001084327698,0.8872274408099193
UBFC_PHYS_s15_T1_test,45,55,46.833333333333336,-0.4845579266548157,0.9703570981442802
UBFC_PHYS_s15_T1_test,45,56,46.86666666666667,-0.09599466621875763,0.9546520104124451
UBFC_PHYS_s15_T1_test,45,57,46.9,0.2759028971195221,0.8902310770790403
UBFC_PHYS_s15_T1_test,45,58,46.93333333333333,0.485527366399765,0.8160896177401948
UBFC_PHYS_s15_T1_test,45,59,46.96666666666667,0.5444655418395996,0.742338189862935
UBFC_PHYS_s15_T1_test,45,60,47.0,0.5112307667732239,0.648079165913177
UBFC_PHYS_s15_T1_test,45,61,47.03333333333333,0.4346999526023865,0.495478525941693
UBFC_PHYS_s15_T1_test,45,62,47.06666666666667,0.3801840841770172,0.25214731292537557
UBFC_PHYS_s15_T1_test,45,63,47.1,0.3705090880393982,-0.08948433811843072
UBFC_PHYS_s15_T1_test,45,64,47.13333333333333,0.37618663907051086,-0.5034086974753782
UBFC_PHYS_s15_T1_test,45,65,47.166666666666664,0.3823276460170746,-0.9330469028806543
UBFC_PHYS_s15_T1_test,45,66,47.2,0.374970018863678,-1.3032586234543462
UBFC_PHYS_s15_T1_test,45,67,47.233333333333334,0.31087571382522583,-1.5376585385851325
UBFC_PHYS_s15_T1_test,45,68,47.266666666666666,0.18805566430091858,-1.5775235896765527
UBFC_PHYS_s15_T1_test,45,69,47.3,0.05500061437487602,-1.398295941094404
UBFC_PHYS_s15_T1_test,45,70,47.333333333333336,-0.06965401023626328,-1.0192399723469012
UBFC_PHYS_s15_T1_test,45,71,47.36666666666667,-0.19593079388141632,-0.5022694012326191
UBFC_PHYS_s15_T1_test,45,72,47.4,-0.35326018929481506,0.061640530425946354
UBFC_PHYS_s15_T1_test,45,73,47.43333333333333,-0.5745100975036621,0.5758125097830862
UBFC_PHYS_s15_T1_test,45,74,47.46666666666667,-0.7794418931007385,0.963829734160734
UBFC_PHYS_s15_T1_test,45,75,47.5,-0.7534681558609009,1.1887793326709395
UBFC_PHYS_s15_T1_test,45,76,47.53333333333333,-0.3715094029903412,1.2584785494847042
UBFC_PHYS_s15_T1_test,45,77,47.56666666666667,0.21397146582603455,1.2147114599983202
UBFC_PHYS_s15_T1_test,45,78,47.6,0.7705432772636414,1.1107677727237941
UBFC_PHYS_s15_T1_test,45,79,47.63333333333333,1.1349480152130127,0.9865337376201245
UBFC_PHYS_s15_T1_test,45,80,47.666666666666664,1.2571308612823486,0.852036783144924
UBFC_PHYS_s15_T1_test,45,81,47.7,1.2066702842712402,0.6870781849228769
UBFC_PHYS_s15_T1_test,45,82,47.733333333333334,1.1039340496063232,0.4569665025635871
UBFC_PHYS_s15_T1_test,45,83,47.766666666666666,1.0086712837219238,0.1363221233680454
UBFC_PHYS_s15_T1_test,45,84,47.8,0.8990408778190613,-0.2709311010610451
UBFC_PHYS_s15_T1_test,45,85,47.833333333333336,0.7529120445251465,-0.7246608310503755
UBFC_PHYS_s15_T1_test,45,86,47.86666666666667,0.5963550806045532,-1.156444645687163
UBFC_PHYS_s15_T1_test,45,87,47.9,0.4676643908023834,-1.4871198050560699
UBFC_PHYS_s15_T1_test,45,88,47.93333333333333,0.34944045543670654,-1.6468676853130526
UBFC_PHYS_s15_T1_test,45,89,47.96666666666667,0.17743444442749023,-1.5925777254993418
UBFC_PHYS_s15_T1_test,45,90,48.0,-0.054494619369506836,-1.3193724572608254
UBFC_PHYS_s15_T1_test,45,91,48.03333333333333,-0.26549020409584045,-0.8642362713873168
UBFC_PHYS_s15_T1_test,45,92,48.06666666666667,-0.399607390165329,-0.30021834871029507
UBFC_PHYS_s15_T1_test,45,93,48.1,-0.49844276905059814,0.2789575916906515
UBFC_PHYS_s15_T1_test,45,94,48.13333333333333,-0.6340276002883911,0.7810848262595926
UBFC_PHYS_s15_T1_test,45,95,48.166666666666664,-0.7848490476608276,1.138163987008963
UBFC_PHYS_s15_T1_test,45,96,48.2,-0.8003947138786316,1.3214670563447921
UBFC_PHYS_s15_T1_test,45,97,48.233333333333334,-0.5520316958427429,1.3429408383116466
UBFC_PHYS_s15_T1_test,45,98,48.266666666666666,-0.1421680599451065,1.2429227170672994
UBFC_PHYS_s15_T1_test,45,99,48.3,0.17521363496780396,1.0703672050690929
UBFC_PHYS_s15_T1_test,45,100,48.333333333333336,0.31116539239883423,0.8642708643469037
UBFC_PHYS_s15_T1_test,45,101,48.36666666666667,0.338375061750412,0.6430768201442788
UBFC_PHYS_s15_T1_test,45,102,48.4,0.3140234649181366,0.4044189384419377
UBFC_PHYS_s15_T1_test,45,103,48.43333333333333,0.27804645895957947,0.1334410210762897
UBFC_PHYS_s15_T1_test,45,104,48.46666666666667,0.27974584698677063,-0.18410209157898524
UBFC_PHYS_s15_T1_test,45,105,48.5,0.31657254695892334,-0.548322059912905
UBFC_PHYS_s15_T1_test,45,106,48.53333333333333,0.34928596019744873,-0.935804543618176
UBFC_PHYS_s15_T1_test,45,107,48.56666666666667,0.3698525130748749,-1.2981898289521472
UBFC_PHYS_s15_T1_test,45,108,48.6,0.3784460723400116,-1.5702574697515184
UBFC_PHYS_s15_T1_test,45,109,48.63333333333333,0.34584853053092957,-1.6858764515314946
UBFC_PHYS_s15_T1_test,45,110,48.666666666666664,0.247148334980011,-1.5974504071163256
UBFC_PHYS_s15_T1_test,45,111,48.7,0.11026963591575623,-1.2929343460268996
UBFC_PHYS_s15_T1_test,45,112,48.733333333333334,-0.0066411481238901615,-0.8045196454954847
UBFC_PHYS_s15_T1_test,45,113,48.766666666666666,-0.08606864511966705,-0.20497083821912201
UBFC_PHYS_s15_T1_test,45,114,48.8,-0.16943565011024475,0.4087547178868222
UBFC_PHYS_s15_T1_test,45,115,48.833333333333336,-0.291830837726593,0.9403770157240399
UBFC_PHYS_s15_T1_test,45,116,48.86666666666667,-0.40959134697914124,1.3194532026649102
UBFC_PHYS_s15_T1_test,45,117,48.9,-0.3989121615886688,1.5173575548576719
UBFC_PHYS_s15_T1_test,45,118,48.93333333333333,-0.18606270849704742,1.547527110934748
UBFC_PHYS_s15_T1_test,45,119,48.96666666666667,0.13941043615341187,1.4502878565534014
UBFC_PHYS_s15_T1_test,45,120,49.0,0.40637025237083435,1.27049756276443
UBFC_PHYS_s15_T1_test,45,121,49.03333333333333,0.5260232090950012,1.0396533913924328
UBFC_PHYS_s15_T1_test,45,122,49.06666666666667,0.5261197686195374,0.7699748205153834
UBFC_PHYS_s15_T1_test,45,123,49.1,0.45833703875541687,0.4601109985425006
UBFC_PHYS_s15_T1_test,45,124,49.13333333333333,0.3726719617843628,0.10651633566514117
UBFC_PHYS_s15_T1_test,45,125,49.166666666666664,0.3151242136955261,-0.28611071253420167
UBFC_PHYS_s15_T1_test,45,126,49.2,0.3169201612472534,-0.6986861645112707
UBFC_PHYS_s15_T1_test,45,127,49.233333333333334,0.359984427690506,-1.0959707961699343
UBFC_PHYS_s15_T1_test,45,128,49.266666666666666,0.3863057792186737,-1.4287860977140339
UBFC_PHYS_s15_T1_test,45,129,49.3,0.357416033744812,-1.640845490225274
UBFC_PHYS_s15_T1_test,45,130,49.333333333333336,0.2800741493701935,-1.6806141165033426
UBFC_PHYS_s15_T1_test,45,131,49.36666666666667,0.17169897258281708,-1.5165189028584827
UBFC_PHYS_s15_T1_test,45,132,49.4,0.05459507554769516,-1.1510517891573901
UBFC_PHYS_s15_T1_test,45,133,49.43333333333333,-0.0522351935505867,-0.627851515799839
UBFC_PHYS_s15_T1_test,45,134,49.46666666666667,-0.1701115518808365,-0.027170937277940947
UBFC_PHYS_s15_T1_test,45,135,49.5,-0.3241773247718811,0.5510930918265904
UBFC_PHYS_s15_T1_test,45,136,49.53333333333333,-0.4414936602115631,1.0128584075965634
UBFC_PHYS_s15_T1_test,45,137,49.56666666666667,-0.3854135572910309,1.2956544365923113
UBFC_PHYS_s15_T1_test,45,138,49.6,-0.13450145721435547,1.3847831555474774
UBFC_PHYS_s15_T1_test,45,139,49.63333333333333,0.16940093040466309,1.312372106513291
UBFC_PHYS_s15_T1_test,45,140,49.666666666666664,0.38281041383743286,1.1388524834412623
UBFC_PHYS_s15_T1_test,45,141,49.7,0.4703293740749359,0.9248413574609794
UBFC_PHYS_s15_T1_test,45,142,49.733333333333334,0.44773510098457336,0.70668853324644
UBFC_PHYS_s15_T1_test,45,143,49.766666666666666,0.34598371386528015,0.48727865133181164
UBFC_PHYS_s15_T1_test,45,144,49.8,0.24647243320941925,0.2451345463560036
UBFC_PHYS_s15_T1_test,45,145,49.833333333333336,0.22860945761203766,-0.044836494979199254
UBFC_PHYS_s15_T1_test,45,146,49.86666666666667,0.2730834484100342,-0.39025765306860594
UBFC_PHYS_s15_T1_test,45,147,49.9,0.3033636212348938,-0.7692951119593039
UBFC_PHYS_s15_T1_test,45,148,49.93333333333333,0.30728381872177124,-1.1313394416131093
UBFC_PHYS_s15_T1_test,45,149,49.96666666666667,0.3143710792064667,-1.4083758470404037
UBFC_PHYS_s15_T1_test,45,150,50.0,0.2838398516178131,-1.5327020932240896
UBFC_PHYS_s15_T1_test,45,151,50.03333333333333,0.1519048660993576,-1.4564365800561143
UBFC_PHYS_s15_T1_test,45,152,50.06666666666667,-0.0337156318128109,-1.1680644101672633
UBFC_PHYS_s15_T1_test,45,153,50.1,-0.19017601013183594,-0.7010671155803342
UBFC_PHYS_s15_T1_test,45,154,50.13333333333333,-0.3125712275505066,-0.1306228950673633
UBFC_PHYS_s15_T1_test,45,155,50.166666666666664,-0.4429419934749603,0.44278340255424725
UBFC_PHYS_s15_T1_test,45,156,50.2,-0.5710919499397278,0.9194319731696641
UBFC_PHYS_s15_T1_test,45,157,50.233333333333334,-0.6030715107917786,1.2278676383052938
UBFC_PHYS_s15_T1_test,45,158,50.266666666666666,-0.4466111361980438,1.3430641104812202
UBFC_PHYS_s15_T1_test,45,159,50.3,-0.1397734433412552,1.2874113131041758
UBFC_PHYS_s15_T1_test,45,160,50.333333333333336,0.16324061155319214,1.1149940251608654
UBFC_PHYS_s15_T1_test,45,161,50.36666666666667,0.333894819021225,0.8875776571951957
UBFC_PHYS_s15_T1_test,45,162,50.4,0.36170312762260437,0.6527962362688363
UBFC_PHYS_s15_T1_test,45,163,50.43333333333333,0.31788572669029236,0.43184934705005545
UBFC_PHYS_s15_T1_test,45,164,50.46666666666667,0.254370778799057,0.21914431334249598
UBFC_PHYS_s15_T1_test,45,165,50.5,0.1954905241727829,-0.00777369674934502
UBFC_PHYS_s15_T1_test,45,166,50.53333333333333,0.17946211993694305,-0.2721327577281326
UBFC_PHYS_s15_T1_test,45,167,50.56666666666667,0.21175067126750946,-0.5811332827328634
UBFC_PHYS_s15_T1_test,45,168,50.6,0.24647243320941925,-0.9144184589612601
UBFC_PHYS_s15_T1_test,45,169,50.63333333333333,0.2570357322692871,-1.2226140564539982
UBFC_PHYS_s15_T1_test,45,170,50.666666666666664,0.2409687042236328,-1.4373138241046082
UBFC_PHYS_s15_T1_test,45,171,50.7,0.17318594455718994,-1.4898593421549216
UBFC_PHYS_s15_T1_test,45,172,50.733333333333334,0.04493940994143486,-1.3335357079078745
UBFC_PHYS_s15_T1_test,45,173,50.766666666666666,-0.08390577137470245,-0.9626077740212431
UBFC_PHYS_s15_T1_test,45,174,50.8,-0.1544886827468872,-0.4216529752400813
UBFC_PHYS_s15_T1_test,45,175,50.833333333333336,-0.20676444470882416,0.19969226927863543
UBFC_PHYS_s15_T1_test,45,176,50.86666666666667,-0.3162596821784973,0.7875872187366267
UBFC_PHYS_s15_T1_test,45,177,50.9,-0.4600904583930969,1.2354492209351962
UBFC_PHYS_s15_T1_test,45,178,50.93333333333333,-0.5112075209617615,1.4749149697496855
UBFC_PHYS_s15_T1_test,45,179,50.96666666666667,-0.37579649686813354,1.4934649500610497
UBFC_PHYS_s15_T1_test,45,180,51.0,-0.09736577421426773,1.331292212200381
UBFC_PHYS_s15_T1_test,45,181,51.03333333333333,0.17702889442443848,1.0597798146017439
UBFC_PHYS_s15_T1_test,45,182,51.06666666666667,0.33920544385910034,0.7524127378687893
UBFC_PHYS_s15_T1_test,45,183,51.1,0.39101773500442505,0.461168792440437
UBFC_PHYS_s15_T1_test,45,184,51.13333333333333,0.36788275837898254,0.20636828416755407
UBFC_PHYS_s15_T1_test,45,185,51.166666666666664,0.29243341088294983,-0.019796273055437408
UBFC_PHYS_s15_T1_test,45,186,51.2,0.21049542725086212,-0.240850189686246
UBFC_PHYS_s15_T1_test,45,187,51.233333333333334,0.18262918293476105,-0.4804754270909447
UBFC_PHYS_s15_T1_test,45,188,51.266666666666666,0.20964573323726654,-0.748081176684517
UBFC_PHYS_s15_T1_test,45,189,51.3,0.23957829177379608,-1.0285638079467914
UBFC_PHYS_s15_T1_test,45,190,51.333333333333336,0.247148334980011,-1.2794703205657123
UBFC_PHYS_s15_T1_test,45,191,51.36666666666667,0.23185376822948456,-1.4384885896791018
UBFC_PHYS_s15_T1_test,45,192,51.4,0.1874956339597702,-1.4413887499304787
UBFC_PHYS_s15_T1_test,45,193,51.43333333333333,0.11250974982976913,-1.2458839676310598
UBFC_PHYS_s15_T1_test,45,194,51.46666666666667,0.02114785462617874,-0.8528220421480699
UBFC_PHYS_s15_T1_test,45,195,51.5,-0.06550207734107971,-0.31525032051316837
UBFC_PHYS_s15_T1_test,45,196,51.53333333333333,-0.14297913014888763,0.27048388563682607
UBFC_PHYS_s15_T1_test,45,197,51.56666666666667,-0.25374892354011536,0.790421360437802
UBFC_PHYS_s15_T1_test,45,198,51.6,-0.42608320713043213,1.1468467378490692
UBFC_PHYS_s15_T1_test,45,199,51.63333333333333,-0.5716906189918518,1.2875061976881006
UBFC_PHYS_s15_T1_test,45,200,51.666666666666664,-0.5427815914154053,1.2188278982846164
UBFC_PHYS_s15_T1_test,45,201,51.7,-0.3144444227218628,0.9981904513792331
UBFC_PHYS_s15_T1_test,45,202,51.733333333333334,-0.015871962532401085,0.7088199546448988
UBFC_PHYS_s15_T1_test,45,203,51.766666666666666,0.20460547506809235,0.4280480075592243
UBFC_PHYS_s15_T1_test,45,204,51.8,0.28789523243904114,0.20227047437796705
UBFC_PHYS_s15_T1_test,45,205,51.833333333333336,0.26607343554496765,0.038212751247610366
UBFC_PHYS_s15_T1_test,45,206,51.86666666666667,0.20951054990291595,-0.0885189293946347
UBFC_PHYS_s15_T1_test,45,207,51.9,0.16774015128612518,-0.2145658519391588
UBFC_PHYS_s15_T1_test,45,208,51.93333333333333,0.15308284759521484,-0.3690163415017128
UBFC_PHYS_s15_T1_test,45,209,51.96666666666667,0.16687114536762238,-0.5594037775380504
UBFC_PHYS_s15_T1_test,45,210,52.0,0.19230416417121887,-0.765948140274756
UBFC_PHYS_s15_T1_test,45,211,52.03333333333333,0.20236536860466003,-0.9438303464406883
UBFC_PHYS_s15_T1_test,45,212,52.06666666666667,0.1985996514558792,-1.0331367819752038
UBFC_PHYS_s15_T1_test,45,213,52.1,0.17503982782363892,-0.9759346561962966
UBFC_PHYS_s15_T1_test,45,214,52.13333333333333,0.09482057392597198,-0.7373906857995348
UBFC_PHYS_s15_T1_test,45,215,52.166666666666664,-0.02707253396511078,-0.32425451189285526
UBFC_PHYS_s15_T1_test,45,216,52.2,-0.1208290383219719,0.20753718398095178
UBFC_PHYS_s15_T1_test,45,217,52.233333333333334,-0.18370671570301056,0.7618773784152816
UBFC_PHYS_s15_T1_test,45,218,52.266666666666666,-0.2915991246700287,1.2274916570103012
UBFC_PHYS_s15_T1_test,45,219,52.3,-0.4450855553150177,1.510957176187756
UBFC_PHYS_s15_T1_test,45,220,52.333333333333336,-0.5269463062286377,1.565333460700017
UBFC_PHYS_s15_T1_test,45,221,52.36666666666667,-0.43739965558052063,1.403096542829845
UBFC_PHYS_s15_T1_test,45,222,52.4,-0.20071999728679657,1.0886049802134943
UBFC_PHYS_s15_T1_test,45,223,52.43333333333333,0.057646267116069794,0.7138267664300084
UBFC_PHYS_s15_T1_test,45,224,52.46666666666667,0.22731560468673706,0.36723786542285386
UBFC_PHYS_s15_T1_test,45,225,52.5,0.29050227999687195,0.10736552140415459
UBFC_PHYS_s15_T1_test,45,226,52.53333333333333,0.2797844707965851,-0.050599750443179735
UBFC_PHYS_s15_T1_test,45,227,52.56666666666667,0.22202429175376892,-0.13241782667157947
UBFC_PHYS_s15_T1_test,45,228,52.6,0.16513311862945557,-0.18963130275650356
UBFC_PHYS_s15_T1_test,45,229,52.63333333333333,0.17440256476402283,-0.27812131097203313
UBFC_PHYS_s15_T1_test,45,230,52.666666666666664,0.24878980219364166,-0.4374248620706121
UBFC_PHYS_s15_T1_test,45,231,52.7,0.3210334777832031,-0.6763534755864544
UBFC_PHYS_s15_T1_test,45,232,52.733333333333334,0.33893507719039917,-0.9682772857440087
UBFC_PHYS_s15_T1_test,45,233,52.766666666666666,0.29308998584747314,-1.2570438028782056
UBFC_PHYS_s15_T1_test,45,234,52.8,0.2002411186695099,-1.4719131944384851
UBFC_PHYS_s15_T1_test,45,235,52.833333333333336,0.10308582335710526,-1.5474432593088112
UBFC_PHYS_s15_T1_test,45,236,52.86666666666667,0.027462659403681755,-1.442602524086818
UBFC_PHYS_s15_T1_test,45,237,52.9,-0.06822497397661209,-1.1533349749329453
UBFC_PHYS_s15_T1_test,45,238,52.93333333333333,-0.22489778697490692,-0.7148197890074732
UBFC_PHYS_s15_T1_test,45,239,52.96666666666667,-0.3708721101284027,-0.1934074054209773
UBFC_PHYS_s15_T1_test,46,0,46.0,-0.9353808760643005,-0.005681178295663447
UBFC_PHYS_s15_T1_test,46,1,46.03333333333333,-0.9792562127113342,0.48078232990548286
UBFC_PHYS_s15_T1_test,46,2,46.06666666666667,-1.0588382482528687,0.8656816611473103
UBFC_PHYS_s15_T1_test,46,3,46.1,-1.1650891304016113,1.0859607771326574
UBFC_PHYS_s15_T1_test,46,4,46.13333333333333,-1.158581256866455,1.1362464828346852
UBFC_PHYS_s15_T1_test,46,5,46.166666666666664,-0.8863301277160645,1.064056193672606
UBFC_PHYS_s15_T1_test,46,6,46.2,-0.4033730924129486,0.9419228627570359
UBFC_PHYS_s15_T1_test,46,7,46.233333333333334,0.05650689825415611,0.8319292307330073
UBFC_PHYS_s15_T1_test,46,8,46.266666666666666,0.32344740629196167,0.7606030883552043
UBFC_PHYS_s15_T1_test,46,9,46.3,0.40521156787872314,0.7140017408410234
UBFC_PHYS_s15_T1_test,46,10,46.333333333333336,0.37653422355651855,0.6509815012459079
UBFC_PHYS_s15_T1_test,46,11,46.36666666666667,0.3075927793979645,0.5250429550663331
UBFC_PHYS_s15_T1_test,46,12,46.4,0.26773419976234436,0.30539561682754335
UBFC_PHYS_s15_T1_test,46,13,46.43333333333333,0.28343433141708374,-0.008206256579931041
UBFC_PHYS_s15_T1_test,46,14,46.46666666666667,0.32337015867233276,-0.38004365662589074
UBFC_PHYS_s15_T1_test,46,15,46.5,0.3519122898578644,-0.7445070089630399
UBFC_PHYS_s15_T1_test,46,16,46.53333333333333,0.34735482931137085,-1.0231775518021624
UBFC_PHYS_s15_T1_test,46,17,46.56666666666667,0.27240756154060364,-1.1483818367732979
UBFC_PHYS_s15_T1_test,46,18,46.6,0.11826452612876892,-1.0851859743652523
UBFC_PHYS_s15_T1_test,46,19,46.63333333333333,-0.050323374569416046,-0.843458067432207
UBFC_PHYS_s15_T1_test,46,20,46.666666666666664,-0.17239028215408325,-0.4754832032078699
UBFC_PHYS_s15_T1_test,46,21,46.7,-0.2762659192085266,-0.060426051181708774
UBFC_PHYS_s15_T1_test,46,22,46.733333333333334,-0.42940476536750793,0.318499733846867
UBFC_PHYS_s15_T1_test,46,23,46.766666666666666,-0.6134803295135498,0.5965449016857794
UBFC_PHYS_s15_T1_test,46,24,46.8,-0.6763001084327698,0.7429574228698588
UBFC_PHYS_s15_T1_test,46,25,46.833333333333336,-0.4845579266548157,0.7652472599730368
UBFC_PHYS_s15_T1_test,46,26,46.86666666666667,-0.09599466621875763,0.7007668589656056
UBFC_PHYS_s15_T1_test,46,27,46.9,0.2759028971195221,0.5980914126193463
UBFC_PHYS_s15_T1_test,46,28,46.93333333333333,0.485527366399765,0.4953354017217547
UBFC_PHYS_s15_T1_test,46,29,46.96666666666667,0.5444655418395996,0.40489740331948737
UBFC_PHYS_s15_T1_test,46,30,47.0,0.5112307667732239,0.3115258593841745
UBFC_PHYS_s15_T1_test,46,31,47.03333333333333,0.4346999526023865,0.18400507075615874
UBFC_PHYS_s15_T1_test,46,32,47.06666666666667,0.3801840841770172,-0.006129453103239161
UBFC_PHYS_s15_T1_test,46,33,47.1,0.3705090880393982,-0.2680779584616348
UBFC_PHYS_s15_T1_test,46,34,47.13333333333333,0.37618663907051086,-0.5834922840780499
UBFC_PHYS_s15_T1_test,46,35,47.166666666666664,0.3823276460170746,-0.9074517885674596
UBFC_PHYS_s15_T1_test,46,36,47.2,0.374970018863678,-1.1773278764219504
UBFC_PHYS_s15_T1_test,46,37,47.233333333333334,0.31087571382522583,-1.3277805406226975
UBFC_PHYS_s15_T1_test,46,38,47.266666666666666,0.18805566430091858,-1.3092218015706698
UBFC_PHYS_s15_T1_test,46,39,47.3,0.05500061437487602,-1.1049615199812803
UBFC_PHYS_s15_T1_test,46,40,47.333333333333336,-0.06965401023626328,-0.7403810343387697
UBFC_PHYS_s15_T1_test,46,41,47.36666666666667,-0.19593079388141632,-0.2787325157134848
UBFC_PHYS_s15_T1_test,46,42,47.4,-0.35326018929481506,0.19636195301752113
UBFC_PHYS_s15_T1_test,46,43,47.43333333333333,-0.5745100975036621,0.6052079466886043
UBFC_PHYS_s15_T1_test,46,44,47.46666666666667,-0.7794418931007385,0.8935546059417177
UBFC_PHYS_s15_T1_test,46,45,47.5,-0.7534681558609009,1.0435908438378976
UBFC_PHYS_s15_T1_test,46,46,47.53333333333333,-0.3715094029903412,1.0719910232345895
UBFC_PHYS_s15_T1_test,46,47,47.56666666666667,0.21397146582603455,1.0176792965797825
UBFC_PHYS_s15_T1_test,46,48,47.6,0.7705432772636414,0.9242210397087088
UBFC_PHYS_s15_T1_test,46,49,47.63333333333333,1.1349480152130127,0.8222090370184179
UBFC_PHYS_s15_T1_test,46,50,47.666666666666664,1.2571308612823486,0.7173843671604292
UBFC_PHYS_s15_T1_test,46,51,47.7,1.2066702842712402,0.5895827893822781
UBFC_PHYS_s15_T1_test,46,52,47.733333333333334,1.1039340496063232,0.404356851550054
UBFC_PHYS_s15_T1_test,46,53,47.766666666666666,1.0086712837219238,0.13354891624325987
UBFC_PHYS_s15_T1_test,46,54,47.8,0.8990408778190613,-0.22429657137041215
UBFC_PHYS_s15_T1_test,46,55,47.833333333333336,0.7529120445251465,-0.6337175196033114
UBFC_PHYS_s15_T1_test,46,56,47.86666666666667,0.5963550806045532,-1.027086182645697
UBFC_PHYS_s15_T1_test,46,57,47.9,0.4676643908023834,-1.3219178741462896
UBFC_PHYS_s15_T1_test,46,58,47.93333333333333,0.34944045543670654,-1.4442453086591955
UBFC_PHYS_s15_T1_test,46,59,47.96666666666667,0.17743444442749023,-1.3509220966055997
UBFC_PHYS_s15_T1_test,46,60,48.0,-0.054494619369506836,-1.044606785152636
UBFC_PHYS_s15_T1_test,46,61,48.03333333333333,-0.26549020409584045,-0.5767116056320349
UBFC_PHYS_s15_T1_test,46,62,48.06666666666667,-0.399607390165329,-0.036039903746563726
UBFC_PHYS_s15_T1_test,46,63,48.1,-0.49844276905059814,0.4749752671895329
UBFC_PHYS_s15_T1_test,46,64,48.13333333333333,-0.6340276002883911,0.8690955397939986
UBFC_PHYS_s15_T1_test,46,65,48.166666666666664,-0.7848490476608276,1.0974465749873312
UBFC_PHYS_s15_T1_test,46,66,48.2,-0.8003947138786316,1.1580287853335423
UBFC_PHYS_s15_T1_test,46,67,48.233333333333334,-0.5520316958427429,1.0870986135536074
UBFC_PHYS_s15_T1_test,46,68,48.266666666666666,-0.1421680599451065,0.9389653525979088
UBFC_PHYS_s15_T1_test,46,69,48.3,0.17521363496780396,0.7642121273143391
UBFC_PHYS_s15_T1_test,46,70,48.333333333333336,0.31116539239883423,0.5945576246651588
UBFC_PHYS_s15_T1_test,46,71,48.36666666666667,0.338375061750412,0.43734264857070776
UBFC_PHYS_s15_T1_test,46,72,48.4,0.3140234649181366,0.2784534340241612
UBFC_PHYS_s15_T1_test,46,73,48.43333333333333,0.27804645895957947,0.09123625649306677
UBFC_PHYS_s15_T1_test,46,74,48.46666666666667,0.27974584698677063,-0.1504028585882164
UBFC_PHYS_s15_T1_test,46,75,48.5,0.31657254695892334,-0.4568812095804307
UBFC_PHYS_s15_T1_test,46,76,48.53333333333333,0.34928596019744873,-0.810544138052029
UBFC_PHYS_s15_T1_test,46,77,48.56666666666667,0.3698525130748749,-1.1622626597634693
UBFC_PHYS_s15_T1_test,46,78,48.6,0.3784460723400116,-1.4405760182133254
UBFC_PHYS_s15_T1_test,46,79,48.63333333333333,0.34584853053092957,-1.5713849471810193
UBFC_PHYS_s15_T1_test,46,80,48.666666666666664,0.247148334980011,-1.5013986966949986
UBFC_PHYS_s15_T1_test,46,81,48.7,0.11026963591575623,-1.216873182141078
UBFC_PHYS_s15_T1_test,46,82,48.733333333333334,-0.0066411481238901615,-0.7511266350332774
UBFC_PHYS_s15_T1_test,46,83,48.766666666666666,-0.08606864511966705,-0.17836423560431908
UBFC_PHYS_s15_T1_test,46,84,48.8,-0.16943565011024475,0.40448168875516166
UBFC_PHYS_s15_T1_test,46,85,48.833333333333336,-0.291830837726593,0.9027598017772265
UBFC_PHYS_s15_T1_test,46,86,48.86666666666667,-0.40959134697914124,1.2484767844015308
UBFC_PHYS_s15_T1_test,46,87,48.9,-0.3989121615886688,1.4158655451460689
UBFC_PHYS_s15_T1_test,46,88,48.93333333333333,-0.18606270849704742,1.4218865597751504
UBFC_PHYS_s15_T1_test,46,89,48.96666666666667,0.13941043615341187,1.3110970840496565
UBFC_PHYS_s15_T1_test,46,90,49.0,0.40637025237083435,1.1323390516419742
UBFC_PHYS_s15_T1_test,46,91,49.03333333333333,0.5260232090950012,0.9191546071649713
UBFC_PHYS_s15_T1_test,46,92,49.06666666666667,0.5261197686195374,0.6825267532826312
UBFC_PHYS_s15_T1_test,46,93,49.1,0.45833703875541687,0.41653643951979336
UBFC_PHYS_s15_T1_test,46,94,49.13333333333333,0.3726719617843628,0.11093360093474804
UBFC_PHYS_s15_T1_test,46,95,49.166666666666664,0.3151242136955261,-0.23675989279562087
UBFC_PHYS_s15_T1_test,46,96,49.2,0.3169201612472534,-0.6135158555117395
UBFC_PHYS_s15_T1_test,46,97,49.233333333333334,0.359984427690506,-0.9877110240363194
UBFC_PHYS_s15_T1_test,46,98,49.266666666666666,0.3863057792186737,-1.3108395050003436
UBFC_PHYS_s15_T1_test,46,99,49.3,0.357416033744812,-1.5252929473299575
UBFC_PHYS_s15_T1_test,46,100,49.333333333333336,0.2800741493701935,-1.5782261792087644
UBFC_PHYS_s15_T1_test,46,101,49.36666666666667,0.17169897258281708,-1.4381687205486366
UBFC_PHYS_s15_T1_test,46,102,49.4,0.05459507554769516,-1.1082244829896781
UBFC_PHYS_s15_T1_test,46,103,49.43333333333333,-0.0522351935505867,-0.6299655064269372
UBFC_PHYS_s15_T1_test,46,104,49.46666666666667,-0.1701115518808365,-0.0759458469794135
UBFC_PHYS_s15_T1_test,46,105,49.5,-0.3241773247718811,0.4666671890787401
UBFC_PHYS_s15_T1_test,46,106,49.53333333333333,-0.4414936602115631,0.9164144537675695
UBFC_PHYS_s15_T1_test,46,107,49.56666666666667,-0.3854135572910309,1.2164115645709581
UBFC_PHYS_s15_T1_test,46,108,49.6,-0.13450145721435547,1.346574831112503
UBFC_PHYS_s15_T1_test,46,109,49.63333333333333,0.16940093040466309,1.3249520809539344
UBFC_PHYS_s15_T1_test,46,110,49.666666666666664,0.38281041383743286,1.1964040545402173
UBFC_PHYS_s15_T1_test,46,111,49.7,0.4703293740749359,1.0116884519891056
UBFC_PHYS_s15_T1_test,46,112,49.733333333333334,0.44773510098457336,0.8057224910759183
UBFC_PHYS_s15_T1_test,46,113,49.766666666666666,0.34598371386528015,0.5858013507903795
UBFC_PHYS_s15_T1_test,46,114,49.8,0.24647243320941925,0.3357470355766206
UBFC_PHYS_s15_T1_test,46,115,49.833333333333336,0.22860945761203766,0.03323835139656881
UBFC_PHYS_s15_T1_test,46,116,49.86666666666667,0.2730834484100342,-0.329392424662533
UBFC_PHYS_s15_T1_test,46,117,49.9,0.3033636212348938,-0.7315601576605232
UBFC_PHYS_s15_T1_test,46,118,49.93333333333333,0.30728381872177124,-1.123403212455517
UBFC_PHYS_s15_T1_test,46,119,49.96666666666667,0.3143710792064667,-1.4361499407886709
UBFC_PHYS_s15_T1_test,46,120,50.0,0.2838398516178131,-1.5995498769096448
UBFC_PHYS_s15_T1_test,46,121,50.03333333333333,0.1519048660993576,-1.5616396271591437
UBFC_PHYS_s15_T1_test,46,122,50.06666666666667,-0.0337156318128109,-1.3058870090787982
UBFC_PHYS_s15_T1_test,46,123,50.1,-0.19017601013183594,-0.8604946629696011
UBFC_PHYS_s15_T1_test,46,124,50.13333333333333,-0.3125712275505066,-0.2956107796994931
UBFC_PHYS_s15_T1_test,46,125,50.166666666666664,-0.4429419934749603,0.292537047185966
UBFC_PHYS_s15_T1_test,46,126,50.2,-0.5710919499397278,0.8064164209918786
UBFC_PHYS_s15_T1_test,46,127,50.233333333333334,-0.6030715107917786,1.1723436749627938
UBFC_PHYS_s15_T1_test,46,128,50.266666666666666,-0.4466111361980438,1.3568060520312464
UBFC_PHYS_s15_T1_test,46,129,50.3,-0.1397734433412552,1.368583945994363
UBFC_PHYS_s15_T1_test,46,130,50.333333333333336,0.16324061155319214,1.2478084653598946
UBFC_PHYS_s15_T1_test,46,131,50.36666666666667,0.333894819021225,1.0479582192683219
UBFC_PHYS_s15_T1_test,46,132,50.4,0.36170312762260437,0.8173005672495888
UBFC_PHYS_s15_T1_test,46,133,50.43333333333333,0.31788572669029236,0.5845947165769673
UBFC_PHYS_s15_T1_test,46,134,50.46666666666667,0.254370778799057,0.3528537665555177
UBFC_PHYS_s15_T1_test,46,135,50.5,0.1954905241727829,0.1038114385895355
UBFC_PHYS_s15_T1_test,46,136,50.53333333333333,0.17946211993694305,-0.1873605056100536
UBFC_PHYS_s15_T1_test,46,137,50.56666666666667,0.21175067126750946,-0.5322123743695694
UBFC_PHYS_s15_T1_test,46,138,50.6,0.24647243320941925,-0.9129799220138294
UBFC_PHYS_s15_T1_test,46,139,50.63333333333333,0.2570357322692871,-1.2787246349070363
UBFC_PHYS_s15_T1_test,46,140,50.666666666666664,0.2409687042236328,-1.5561564174814904
UBFC_PHYS_s15_T1_test,46,141,50.7,0.17318594455718994,-1.6706895881635222
UBFC_PHYS_s15_T1_test,46,142,50.733333333333334,0.04493940994143486,-1.5698943148110358
UBFC_PHYS_s15_T1_test,46,143,50.766666666666666,-0.08390577137470245,-1.2418828621566103
UBFC_PHYS_s15_T1_test,46,144,50.8,-0.1544886827468872,-0.7232965909213032
UBFC_PHYS_s15_T1_test,46,145,50.833333333333336,-0.20676444470882416,-0.09418564572794214
UBFC_PHYS_s15_T1_test,46,146,50.86666666666667,-0.3162596821784973,0.5399746716233526
UBFC_PHYS_s15_T1_test,46,147,50.9,-0.4600904583930969,1.075044877177384
UBFC_PHYS_s15_T1_test,46,148,50.93333333333333,-0.5112075209617615,1.4354274189373566
UBFC_PHYS_s15_T1_test,46,149,50.96666666666667,-0.37579649686813354,1.5915898395764592
UBFC_PHYS_s15_T1_test,46,150,51.0,-0.09736577421426773,1.5609409150398772
UBFC_PHYS_s15_T1_test,46,151,51.03333333333333,0.17702889442443848,1.3925582012090767
UBFC_PHYS_s15_T1_test,46,152,51.06666666666667,0.33920544385910034,1.1442220519471467
UBFC_PHYS_s15_T1_test,46,153,51.1,0.39101773500442505,0.8629315149983444
UBFC_PHYS_s15_T1_test,46,154,51.13333333333333,0.36788275837898254,0.5753159088386749
UBFC_PHYS_s15_T1_test,46,155,51.166666666666664,0.29243341088294983,0.28749359209605707
UBFC_PHYS_s15_T1_test,46,156,51.2,0.21049542725086212,-0.008938809695266996
UBFC_PHYS_s15_T1_test,46,157,51.233333333333334,0.18262918293476105,-0.32721280548002496
UBFC_PHYS_s15_T1_test,46,158,51.266666666666666,0.20964573323726654,-0.6733043596322167
UBFC_PHYS_s15_T1_test,46,159,51.3,0.23957829177379608,-1.0339047568608948
UBFC_PHYS_s15_T1_test,46,160,51.333333333333336,0.247148334980011,-1.3697097888816236
UBFC_PHYS_s15_T1_test,46,161,51.36666666666667,0.23185376822948456,-1.6196625645485863
UBFC_PHYS_s15_T1_test,46,162,51.4,0.1874956339597702,-1.7170548203272353
UBFC_PHYS_s15_T1_test,46,163,51.43333333333333,0.11250974982976913,-1.611943467881327
UBFC_PHYS_s15_T1_test,46,164,51.46666666666667,0.02114785462617874,-1.2910553590154545
UBFC_PHYS_s15_T1_test,46,165,51.5,-0.06550207734107971,-0.7874585810925091
UBFC_PHYS_s15_T1_test,46,166,51.53333333333333,-0.14297913014888763,-0.17631676736840338
UBFC_PHYS_s15_T1_test,46,167,51.56666666666667,-0.25374892354011536,0.44222071925492873
UBFC_PHYS_s15_T1_test,46,168,51.6,-0.42608320713043213,0.9681897603622021
UBFC_PHYS_s15_T1_test,46,169,51.63333333333333,-0.5716906189918518,1.3276637638249214
UBFC_PHYS_s15_T1_test,46,170,51.666666666666664,-0.5427815914154053,1.490668218956192
UBFC_PHYS_s15_T1_test,46,171,51.7,-0.3144444227218628,1.4741202135954485
UBFC_PHYS_s15_T1_test,46,172,51.733333333333334,-0.015871962532401085,1.3280933812377491
UBFC_PHYS_s15_T1_test,46,173,51.766666666666666,0.20460547506809235,1.1112796073631679
UBFC_PHYS_s15_T1_test,46,174,51.8,0.28789523243904114,0.8674981057136213
UBFC_PHYS_s15_T1_test,46,175,51.833333333333336,0.26607343554496765,0.6145019120267501
UBFC_PHYS_s15_T1_test,46,176,51.86666666666667,0.20951054990291595,0.3481516841503328
UBFC_PHYS_s15_T1_test,46,177,51.9,0.16774015128612518,0.05602722991333678
UBFC_PHYS_s15_T1_test,46,178,51.93333333333333,0.15308284759521484,-0.26826871365863286
UBFC_PHYS_s15_T1_test,46,179,51.96666666666667,0.16687114536762238,-0.6157925313919402
UBFC_PHYS_s15_T1_test,46,180,52.0,0.19230416417121887,-0.9590758959733785
UBFC_PHYS_s15_T1_test,46,181,52.03333333333333,0.20236536860466003,-1.254052616224647
UBFC_PHYS_s15_T1_test,46,182,52.06666666666667,0.1985996514558792,-1.4469976468684949
UBFC_PHYS_s15_T1_test,46,183,52.1,0.17503982782363892,-1.4869737392718918
UBFC_PHYS_s15_T1_test,46,184,52.13333333333333,0.09482057392597198,-1.3417385924803265
UBFC_PHYS_s15_T1_test,46,185,52.166666666666664,-0.02707253396511078,-1.011693324777329
UBFC_PHYS_s15_T1_test,46,186,52.2,-0.1208290383219719,-0.5358717929464571
UBFC_PHYS_s15_T1_test,46,187,52.233333333333334,-0.18370671570301056,0.013309453662326732
UBFC_PHYS_s15_T1_test,46,188,52.266666666666666,-0.2915991246700287,0.5455445512526645
UBFC_PHYS_s15_T1_test,46,189,52.3,-0.4450855553150177,0.9738684063669045
UBFC_PHYS_s15_T1_test,46,190,52.333333333333336,-0.5269463062286377,1.2357430111021233
UBFC_PHYS_s15_T1_test,46,191,52.36666666666667,-0.43739965558052063,1.3081953314789432
UBFC_PHYS_s15_T1_test,46,192,52.4,-0.20071999728679657,1.2119617736470254
UBFC_PHYS_s15_T1_test,46,193,52.43333333333333,0.057646267116069794,1.0020343569978953
UBFC_PHYS_s15_T1_test,46,194,52.46666666666667,0.22731560468673706,0.7467877285111119
UBFC_PHYS_s15_T1_test,46,195,52.5,0.29050227999687195,0.5032068253887538
UBFC_PHYS_s15_T1_test,46,196,52.53333333333333,0.2797844707965851,0.2985543277633258
UBFC_PHYS_s15_T1_test,46,197,52.56666666666667,0.22202429175376892,0.12654436700996602
UBFC_PHYS_s15_T1_test,46,198,52.6,0.16513311862945557,-0.04104058524677792
UBFC_PHYS_s15_T1_test,46,199,52.63333333333333,0.17440256476402283,-0.23391262723814346
UBFC_PHYS_s15_T1_test,46,200,52.666666666666664,0.24878980219364166,-0.4639425389121811
UBFC_PHYS_s15_T1_test,46,201,52.7,0.3210334777832031,-0.7149433496830814
UBFC_PHYS_s15_T1_test,46,202,52.733333333333334,0.33893507719039917,-0.9445360758536692
UBFC_PHYS_s15_T1_test,46,203,52.766666666666666,0.29308998584747314,-1.096126103087428
UBFC_PHYS_s15_T1_test,46,204,52.8,0.2002411186695099,-1.1164782084168574
UBFC_PHYS_s15_T1_test,46,205,52.833333333333336,0.10308582335710526,-0.9738097528332145
UBFC_PHYS_s15_T1_test,46,206,52.86666666666667,0.027462659403681755,-0.6714051092969029
UBFC_PHYS_s15_T1_test,46,207,52.9,-0.06822497397661209,-0.2523183776286989
UBFC_PHYS_s15_T1_test,46,208,52.93333333333333,-0.22489778697490692,0.20763264040794382
UBFC_PHYS_s15_T1_test,46,209,52.96666666666667,-0.3708721101284027,0.6181805520529645
UBFC_PHYS_s15_T1_test,46,210,53.0,-0.35980671644210815,0.8994907932622932
UBFC_PHYS_s15_T1_test,46,211,53.03333333333333,-0.1469958871603012,1.0052220993136094
UBFC_PHYS_s15_T1_test,46,212,53.06666666666667,0.12363307923078537,0.934763615035111
UBFC_PHYS_s15_T1_test,46,213,53.1,0.3015676736831665,0.7296856620097664
UBFC_PHYS_s15_T1_test,46,214,53.13333333333333,0.3612782955169678,0.4568255648798174
UBFC_PHYS_s15_T1_test,46,215,53.166666666666664,0.34611889719963074,0.1857910107634884
UBFC_PHYS_s15_T1_test,46,216,53.2,0.2814066410064697,-0.03160477432351216
UBFC_PHYS_s15_T1_test,46,217,53.233333333333334,0.19496911764144897,-0.175088117127881
UBFC_PHYS_s15_T1_test,46,218,53.266666666666666,0.14197884500026703,-0.2590556533688361
UBFC_PHYS_s15_T1_test,46,219,53.3,0.152909055352211,-0.3226505099975767
UBFC_PHYS_s15_T1_test,46,220,53.333333333333336,0.18651075661182404,-0.40875416997854785
UBFC_PHYS_s15_T1_test,46,221,53.36666666666667,0.179713174700737,-0.5398654652108955
UBFC_PHYS_s15_T1_test,46,222,53.4,0.11930733919143677,-0.7023648220666873
UBFC_PHYS_s15_T1_test,46,223,53.43333333333333,0.03354572877287865,-0.8479344029525903
UBFC_PHYS_s15_T1_test,46,224,53.46666666666667,-0.06009490787982941,-0.9120133456915983
UBFC_PHYS_s15_T1_test,46,225,53.5,-0.16051381826400757,-0.8403031143683143
UBFC_PHYS_s15_T1_test,46,226,53.53333333333333,-0.27910467982292175,-0.6116075540045268
UBFC_PHYS_s15_T1_test,46,227,53.56666666666667,-0.42739638686180115,-0.24857280880603003
UBFC_PHYS_s15_T1_test,46,228,53.6,-0.5457748174667358,0.1864113644104781
UBFC_PHYS_s15_T1_test,46,229,53.63333333333333,-0.5000069737434387,0.6079201627945663
UBFC_PHYS_s15_T1_test,46,230,53.666666666666664,-0.24799413979053497,0.9316703891589921
UBFC_PHYS_s15_T1_test,46,231,53.7,0.04833820462226868,1.099203023814825
UBFC_PHYS_s15_T1_test,46,232,53.733333333333334,0.2061503827571869,1.0948348332154783
UBFC_PHYS_s15_T1_test,46,233,53.766666666666666,0.23430630564689636,0.9481228807660063
UBFC_PHYS_s15_T1_test,46,234,53.8,0.23262621462345123,0.7207189064036178
UBFC_PHYS_s15_T1_test,46,235,53.833333333333336,0.21074648201465607,0.48339623013101185
UBFC_PHYS_s15_T1_test,46,236,53.86666666666667,0.15379737317562103,0.29294630489082174
UBFC_PHYS_s15_T1_test,46,237,53.9,0.10036292672157288,0.17740711320393573
UBFC_PHYS_s15_T1_test,46,238,53.93333333333333,0.09563165158033371,0.13276369075973324
UBFC_PHYS_s15_T1_test,46,239,53.96666666666667,0.13782690465450287,0.12912016433360318
UBFC_PHYS_s15_T1_test,47,0,47.0,0.5112307667732239,-0.09501465655953409
UBFC_PHYS_s15_T1_test,47,1,47.03333333333333,0.4346999526023865,0.0314254498601098
UBFC_PHYS_s15_T1_test,47,2,47.06666666666667,0.3801840841770172,0.0987171078690722
UBFC_PHYS_s15_T1_test,47,3,47.1,0.3705090880393982,0.06215992388327191
UBFC_PHYS_s15_T1_test,47,4,47.13333333333333,0.37618663907051086,-0.09484327399114438
UBFC_PHYS_s15_T1_test,47,5,47.166666666666664,0.3823276460170746,-0.3566847939908666
UBFC_PHYS_s15_T1_test,47,6,47.2,0.374970018863678,-0.6795702544894545
UBFC_PHYS_s15_T1_test,47,7,47.233333333333334,0.31087571382522583,-1.0015759041895276
UBFC_PHYS_s15_T1_test,47,8,47.266666666666666,0.18805566430091858,-1.255906909413947
UBFC_PHYS_s15_T1_test,47,9,47.3,0.05500061437487602,-1.3848136542728846
UBFC_PHYS_s15_T1_test,47,10,47.333333333333336,-0.06965401023626328,-1.3516034086637718
UBFC_PHYS_s15_T1_test,47,11,47.36666666666667,-0.19593079388141632,-1.1482211728392122
UBFC_PHYS_s15_T1_test,47,12,47.4,-0.35326018929481506,-0.7967613756275259
UBFC_PHYS_s15_T1_test,47,13,47.43333333333333,-0.5745100975036621,-0.3446704398999286
UBFC_PHYS_s15_T1_test,47,14,47.46666666666667,-0.7794418931007385,0.1453211070521812
UBFC_PHYS_s15_T1_test,47,15,47.5,-0.7534681558609009,0.6083203810167828
UBFC_PHYS_s15_T1_test,47,16,47.53333333333333,-0.3715094029903412,0.990138460298254
UBFC_PHYS_s15_T1_test,47,17,47.56666666666667,0.21397146582603455,1.2562072326316567
UBFC_PHYS_s15_T1_test,47,18,47.6,0.7705432772636414,1.3938754489159422
UBFC_PHYS_s15_T1_test,47,19,47.63333333333333,1.1349480152130127,1.4079264319569649
UBFC_PHYS_s15_T1_test,47,20,47.666666666666664,1.2571308612823486,1.3122404949429969
UBFC_PHYS_s15_T1_test,47,21,47.7,1.2066702842712402,1.1222151110190441
UBFC_PHYS_s15_T1_test,47,22,47.733333333333334,1.1039340496063232,0.8515299574637818
UBFC_PHYS_s15_T1_test,47,23,47.766666666666666,1.0086712837219238,0.5138954248698249
UBFC_PHYS_s15_T1_test,47,24,47.8,0.8990408778190613,0.12750451624302572
UBFC_PHYS_s15_T1_test,47,25,47.833333333333336,0.7529120445251465,-0.2812279902061222
UBFC_PHYS_s15_T1_test,47,26,47.86666666666667,0.5963550806045532,-0.6769460464309468
UBFC_PHYS_s15_T1_test,47,27,47.9,0.4676643908023834,-1.0180323589729654
UBFC_PHYS_s15_T1_test,47,28,47.93333333333333,0.34944045543670654,-1.2619482067607093
UBFC_PHYS_s15_T1_test,47,29,47.96666666666667,0.17743444442749023,-1.3723019752759777
UBFC_PHYS_s15_T1_test,47,30,48.0,-0.054494619369506836,-1.3266837040272452
UBFC_PHYS_s15_T1_test,47,31,48.03333333333333,-0.26549020409584045,-1.1237600425474283
UBFC_PHYS_s15_T1_test,47,32,48.06666666666667,-0.399607390165329,-0.7871613026947202
UBFC_PHYS_s15_T1_test,47,33,48.1,-0.49844276905059814,-0.36347114816197895
UBFC_PHYS_s15_T1_test,47,34,48.13333333333333,-0.6340276002883911,0.0867757325468469
UBFC_PHYS_s15_T1_test,47,35,48.166666666666664,-0.7848490476608276,0.5029837230692115
UBFC_PHYS_s15_T1_test,47,36,48.2,-0.8003947138786316,0.8380408134044685
UBFC_PHYS_s15_T1_test,47,37,48.233333333333334,-0.5520316958427429,1.0659308206956426
UBFC_PHYS_s15_T1_test,47,38,48.266666666666666,-0.1421680599451065,1.1812422683756136
UBFC_PHYS_s15_T1_test,47,39,48.3,0.17521363496780396,1.1927203551709928
UBFC_PHYS_s15_T1_test,47,40,48.333333333333336,0.31116539239883423,1.1149346797147217
UBFC_PHYS_s15_T1_test,47,41,48.36666666666667,0.338375061750412,0.9615084306794075
UBFC_PHYS_s15_T1_test,47,42,48.4,0.3140234649181366,0.7417311971371405
UBFC_PHYS_s15_T1_test,47,43,48.43333333333333,0.27804645895957947,0.4609905661569012
UBFC_PHYS_s15_T1_test,47,44,48.46666666666667,0.27974584698677063,0.12466447505072661
UBFC_PHYS_s15_T1_test,47,45,48.5,0.31657254695892334,-0.2557052644758586
UBFC_PHYS_s15_T1_test,47,46,48.53333333333333,0.34928596019744873,-0.6563837536004651
UBFC_PHYS_s15_T1_test,47,47,48.56666666666667,0.3698525130748749,-1.0387366885151954
UBFC_PHYS_s15_T1_test,47,48,48.6,0.3784460723400116,-1.3522477527517522
UBFC_PHYS_s15_T1_test,47,49,48.63333333333333,0.34584853053092957,-1.5435112791695669
UBFC_PHYS_s15_T1_test,47,50,48.666666666666664,0.247148334980011,-1.5689511125344278
UBFC_PHYS_s15_T1_test,47,51,48.7,0.11026963591575623,-1.4074039130759166
UBFC_PHYS_s15_T1_test,47,52,48.733333333333334,-0.0066411481238901615,-1.0686455445775989
UBFC_PHYS_s15_T1_test,47,53,48.766666666666666,-0.08606864511966705,-0.594931020926016
UBFC_PHYS_s15_T1_test,47,54,48.8,-0.16943565011024475,-0.054073531349579894
UBFC_PHYS_s15_T1_test,47,55,48.833333333333336,-0.291830837726593,0.47517031926257214
UBFC_PHYS_s15_T1_test,47,56,48.86666666666667,-0.40959134697914124,0.9215804743363616
UBFC_PHYS_s15_T1_test,47,57,48.9,-0.3989121615886688,1.237500905451797
UBFC_PHYS_s15_T1_test,47,58,48.93333333333333,-0.18606270849704742,1.4060903555279463
UBFC_PHYS_s15_T1_test,47,59,48.96666666666667,0.13941043615341187,1.4371151712760848
UBFC_PHYS_s15_T1_test,47,60,49.0,0.40637025237083435,1.354649411528147
UBFC_PHYS_s15_T1_test,47,61,49.03333333333333,0.5260232090950012,1.1840390516173502
UBFC_PHYS_s15_T1_test,47,62,49.06666666666667,0.5261197686195374,0.9442186335335527
UBFC_PHYS_s15_T1_test,47,63,49.1,0.45833703875541687,0.6470140668777368
UBFC_PHYS_s15_T1_test,47,64,49.13333333333333,0.3726719617843628,0.30134333224302756
UBFC_PHYS_s15_T1_test,47,65,49.166666666666664,0.3151242136955261,-0.08105401363321948
UBFC_PHYS_s15_T1_test,47,66,49.2,0.3169201612472534,-0.48094228989245186
UBFC_PHYS_s15_T1_test,47,67,49.233333333333334,0.359984427690506,-0.8691889974468597
UBFC_PHYS_s15_T1_test,47,68,49.266666666666666,0.3863057792186737,-1.2071859853199136
UBFC_PHYS_s15_T1_test,47,69,49.3,0.357416033744812,-1.450583474930283
UBFC_PHYS_s15_T1_test,47,70,49.333333333333336,0.2800741493701935,-1.5565779069412642
UBFC_PHYS_s15_T1_test,47,71,49.36666666666667,0.17169897258281708,-1.4939688775071283
UBFC_PHYS_s15_T1_test,47,72,49.4,0.05459507554769516,-1.2535583511573891
UBFC_PHYS_s15_T1_test,47,73,49.43333333333333,-0.0522351935505867,-0.8553119832023336
UBFC_PHYS_s15_T1_test,47,74,49.46666666666667,-0.1701115518808365,-0.34902519749499367
UBFC_PHYS_s15_T1_test,47,75,49.5,-0.3241773247718811,0.19315890666762545
UBFC_PHYS_s15_T1_test,47,76,49.53333333333333,-0.4414936602115631,0.6917156202748501
UBFC_PHYS_s15_T1_test,47,77,49.56666666666667,-0.3854135572910309,1.0785791577266166
UBFC_PHYS_s15_T1_test,47,78,49.6,-0.13450145721435547,1.313436290583624
UBFC_PHYS_s15_T1_test,47,79,49.63333333333333,0.16940093040466309,1.39067428611267
UBFC_PHYS_s15_T1_test,47,80,49.666666666666664,0.38281041383743286,1.3337367964621105
UBFC_PHYS_s15_T1_test,47,81,49.7,0.4703293740749359,1.1796126751978344
UBFC_PHYS_s15_T1_test,47,82,49.733333333333334,0.44773510098457336,0.9612572980126527
UBFC_PHYS_s15_T1_test,47,83,49.766666666666666,0.34598371386528015,0.6966969066339976
UBFC_PHYS_s15_T1_test,47,84,49.8,0.24647243320941925,0.38944535872029756
UBFC_PHYS_s15_T1_test,47,85,49.833333333333336,0.22860945761203766,0.038442721230722204
UBFC_PHYS_s15_T1_test,47,86,49.86666666666667,0.2730834484100342,-0.34898730362095703
UBFC_PHYS_s15_T1_test,47,87,49.9,0.3033636212348938,-0.7483129594659238
UBFC_PHYS_s15_T1_test,47,88,49.93333333333333,0.30728381872177124,-1.1170488361680073
UBFC_PHYS_s15_T1_test,47,89,49.96666666666667,0.3143710792064667,-1.401750800135777
UBFC_PHYS_s15_T1_test,47,90,50.0,0.2838398516178131,-1.5498266326054329
UBFC_PHYS_s15_T1_test,47,91,50.03333333333333,0.1519048660993576,-1.5226836272646205
UBFC_PHYS_s15_T1_test,47,92,50.06666666666667,-0.0337156318128109,-1.3071218587104818
UBFC_PHYS_s15_T1_test,47,93,50.1,-0.19017601013183594,-0.9222395470089798
UBFC_PHYS_s15_T1_test,47,94,50.13333333333333,-0.3125712275505066,-0.419305788069218
UBFC_PHYS_s15_T1_test,47,95,50.166666666666664,-0.4429419934749603,0.12697356598749843
UBFC_PHYS_s15_T1_test,47,96,50.2,-0.5710919499397278,0.6348341843784305
UBFC_PHYS_s15_T1_test,47,97,50.233333333333334,-0.6030715107917786,1.0350511259644302
UBFC_PHYS_s15_T1_test,47,98,50.266666666666666,-0.4466111361980438,1.2867939723502935
UBFC_PHYS_s15_T1_test,47,99,50.3,-0.1397734433412552,1.3834500986394962
UBFC_PHYS_s15_T1_test,47,100,50.333333333333336,0.16324061155319214,1.3465763622575082
UBFC_PHYS_s15_T1_test,47,101,50.36666666666667,0.333894819021225,1.211596548750991
UBFC_PHYS_s15_T1_test,47,102,50.4,0.36170312762260437,1.0119707810404446
UBFC_PHYS_s15_T1_test,47,103,50.43333333333333,0.31788572669029236,0.7683249942358629
UBFC_PHYS_s15_T1_test,47,104,50.46666666666667,0.254370778799057,0.4862496147486179
UBFC_PHYS_s15_T1_test,47,105,50.5,0.1954905241727829,0.16263522117526782
UBFC_PHYS_s15_T1_test,47,106,50.53333333333333,0.17946211993694305,-0.20294306650150376
UBFC_PHYS_s15_T1_test,47,107,50.56666666666667,0.21175067126750946,-0.5970464738698716
UBFC_PHYS_s15_T1_test,47,108,50.6,0.24647243320941925,-0.9863736344353169
UBFC_PHYS_s15_T1_test,47,109,50.63333333333333,0.2570357322692871,-1.3198311401654248
UBFC_PHYS_s15_T1_test,47,110,50.666666666666664,0.2409687042236328,-1.5385056371391148
UBFC_PHYS_s15_T1_test,47,111,50.7,0.17318594455718994,-1.5905683187992716
UBFC_PHYS_s15_T1_test,47,112,50.733333333333334,0.04493940994143486,-1.4465947537604842
UBFC_PHYS_s15_T1_test,47,113,50.766666666666666,-0.08390577137470245,-1.110725666295793
UBFC_PHYS_s15_T1_test,47,114,50.8,-0.1544886827468872,-0.6241883305282513
UBFC_PHYS_s15_T1_test,47,115,50.833333333333336,-0.20676444470882416,-0.05934040504045238
UBFC_PHYS_s15_T1_test,47,116,50.86666666666667,-0.3162596821784973,0.49558157043769097
UBFC_PHYS_s15_T1_test,47,117,50.9,-0.4600904583930969,0.9577708231493391
UBFC_PHYS_s15_T1_test,47,118,50.93333333333333,-0.5112075209617615,1.270333513006396
UBFC_PHYS_s15_T1_test,47,119,50.96666666666667,-0.37579649686813354,1.4138328518613859
UBFC_PHYS_s15_T1_test,47,120,51.0,-0.09736577421426773,1.404215258651497
UBFC_PHYS_s15_T1_test,47,121,51.03333333333333,0.17702889442443848,1.278851448089495
UBFC_PHYS_s15_T1_test,47,122,51.06666666666667,0.33920544385910034,1.0780110975639956
UBFC_PHYS_s15_T1_test,47,123,51.1,0.39101773500442505,0.8305482315276533
UBFC_PHYS_s15_T1_test,47,124,51.13333333333333,0.36788275837898254,0.5491219629380646
UBFC_PHYS_s15_T1_test,47,125,51.166666666666664,0.29243341088294983,0.23478747844277736
UBFC_PHYS_s15_T1_test,47,126,51.2,0.21049542725086212,-0.11310882717559287
UBFC_PHYS_s15_T1_test,47,127,51.233333333333334,0.18262918293476105,-0.4867981691020805
UBFC_PHYS_s15_T1_test,47,128,51.266666666666666,0.20964573323726654,-0.8635519668564717
UBFC_PHYS_s15_T1_test,47,129,51.3,0.23957829177379608,-1.2046430172921077
UBFC_PHYS_s15_T1_test,47,130,51.333333333333336,0.247148334980011,-1.4602679037502933
UBFC_PHYS_s15_T1_test,47,131,51.36666666666667,0.23185376822948456,-1.5797332211027875
UBFC_PHYS_s15_T1_test,47,132,51.4,0.1874956339597702,-1.5247725845403528
UBFC_PHYS_s15_T1_test,47,133,51.43333333333333,0.11250974982976913,-1.2824111957675024
UBFC_PHYS_s15_T1_test,47,134,51.46666666666667,0.02114785462617874,-0.8730909399520678
UBFC_PHYS_s15_T1_test,47,135,51.5,-0.06550207734107971,-0.3504787658952356
UBFC_PHYS_s15_T1_test,47,136,51.53333333333333,-0.14297913014888763,0.20831377703524714
UBFC_PHYS_s15_T1_test,47,137,51.56666666666667,-0.25374892354011536,0.7200763074517912
UBFC_PHYS_s15_T1_test,47,138,51.6,-0.42608320713043213,1.1153021584084808
UBFC_PHYS_s15_T1_test,47,139,51.63333333333333,-0.5716906189918518,1.3538632698233135
UBFC_PHYS_s15_T1_test,47,140,51.666666666666664,-0.5427815914154053,1.431026165844177
UBFC_PHYS_s15_T1_test,47,141,51.7,-0.3144444227218628,1.371687587504707
UBFC_PHYS_s15_T1_test,47,142,51.733333333333334,-0.015871962532401085,1.2153338842977164
UBFC_PHYS_s15_T1_test,47,143,51.766666666666666,0.20460547506809235,0.9983267830145329
UBFC_PHYS_s15_T1_test,47,144,51.8,0.28789523243904114,0.7416892031352889
UBFC_PHYS_s15_T1_test,47,145,51.833333333333336,0.26607343554496765,0.4498966910519174
UBFC_PHYS_s15_T1_test,47,146,51.86666666666667,0.20951054990291595,0.11992848282295523
UBFC_PHYS_s15_T1_test,47,147,51.9,0.16774015128612518,-0.24568067230205862
UBFC_PHYS_s15_T1_test,47,148,51.93333333333333,0.15308284759521484,-0.6289861726471807
UBFC_PHYS_s15_T1_test,47,149,51.96666666666667,0.16687114536762238,-0.9941675058056021
UBFC_PHYS_s15_T1_test,47,150,52.0,0.19230416417121887,-1.2926361807782973
UBFC_PHYS_s15_T1_test,47,151,52.03333333333333,0.20236536860466003,-1.4732417749665623
UBFC_PHYS_s15_T1_test,47,152,52.06666666666667,0.1985996514558792,-1.4945219513074142
UBFC_PHYS_s15_T1_test,47,153,52.1,0.17503982782363892,-1.3363037457836424
UBFC_PHYS_s15_T1_test,47,154,52.13333333333333,0.09482057392597198,-1.0079805465700349
UBFC_PHYS_s15_T1_test,47,155,52.166666666666664,-0.02707253396511078,-0.5507423524335318
UBFC_PHYS_s15_T1_test,47,156,52.2,-0.1208290383219719,-0.0318726653178769
UBFC_PHYS_s15_T1_test,47,157,52.233333333333334,-0.18370671570301056,0.46870235100168595
UBFC_PHYS_s15_T1_test,47,158,52.266666666666666,-0.2915991246700287,0.8765875852307808
UBFC_PHYS_s15_T1_test,47,159,52.3,-0.4450855553150177,1.1404074586348523
UBFC_PHYS_s15_T1_test,47,160,52.333333333333336,-0.5269463062286377,1.2426199202979047
UBFC_PHYS_s15_T1_test,47,161,52.36666666666667,-0.43739965558052063,1.1995979849451548
UBFC_PHYS_s15_T1_test,47,162,52.4,-0.20071999728679657,1.050955927196078
UBFC_PHYS_s15_T1_test,47,163,52.43333333333333,0.057646267116069794,0.8425296843699578
UBFC_PHYS_s15_T1_test,47,164,52.46666666666667,0.22731560468673706,0.610126238501579
UBFC_PHYS_s15_T1_test,47,165,52.5,0.29050227999687195,0.3706520372580383
UBFC_PHYS_s15_T1_test,47,166,52.53333333333333,0.2797844707965851,0.12355915285685659
UBFC_PHYS_s15_T1_test,47,167,52.56666666666667,0.22202429175376892,-0.13928083426345345
UBFC_PHYS_s15_T1_test,47,168,52.6,0.16513311862945557,-0.420638619647585
UBFC_PHYS_s15_T1_test,47,169,52.63333333333333,0.17440256476402283,-0.7079854463034536
UBFC_PHYS_s15_T1_test,47,170,52.666666666666664,0.24878980219364166,-0.9706047312580284
UBFC_PHYS_s15_T1_test,47,171,52.7,0.3210334777832031,-1.1645994624623108
UBFC_PHYS_s15_T1_test,47,172,52.733333333333334,0.33893507719039917,-1.2438868539254178
UBFC_PHYS_s15_T1_test,47,173,52.766666666666666,0.29308998584747314,-1.1736550248739166
UBFC_PHYS_s15_T1_test,47,174,52.8,0.2002411186695099,-0.9422706089177856
UBFC_PHYS_s15_T1_test,47,175,52.833333333333336,0.10308582335710526,-0.5681539434085717
UBFC_PHYS_s15_T1_test,47,176,52.86666666666667,0.027462659403681755,-0.09944721830852811
UBFC_PHYS_s15_T1_test,47,177,52.9,-0.06822497397661209,0.394022299921608
UBFC_PHYS_s15_T1_test,47,178,52.93333333333333,-0.22489778697490692,0.8352057918734768
UBFC_PHYS_s15_T1_test,47,179,52.96666666666667,-0.3708721101284027,1.1574943560708655
UBFC_PHYS_s15_T1_test,47,180,53.0,-0.35980671644210815,1.3205223625870666
UBFC_PHYS_s15_T1_test,47,181,53.03333333333333,-0.1469958871603012,1.3185533440470456
UBFC_PHYS_s15_T1_test,47,182,53.06666666666667,0.12363307923078537,1.1778333680815105
UBFC_PHYS_s15_T1_test,47,183,53.1,0.3015676736831665,0.9436337794945792
UBFC_PHYS_s15_T1_test,47,184,53.13333333333333,0.3612782955169678,0.6626714673325728
UBFC_PHYS_s15_T1_test,47,185,53.166666666666664,0.34611889719963074,0.36883013024513617
UBFC_PHYS_s15_T1_test,47,186,53.2,0.2814066410064697,0.07770392940022446
UBFC_PHYS_s15_T1_test,47,187,53.233333333333334,0.19496911764144897,-0.2094187680471341
UBFC_PHYS_s15_T1_test,47,188,53.266666666666666,0.14197884500026703,-0.495521838522839
UBFC_PHYS_s15_T1_test,47,189,53.3,0.152909055352211,-0.7767866715284034
UBFC_PHYS_s15_T1_test,47,190,53.333333333333336,0.18651075661182404,-1.0349449824394974
UBFC_PHYS_s15_T1_test,47,191,53.36666666666667,0.179713174700737,-1.2359548916213872
UBFC_PHYS_s15_T1_test,47,192,53.4,0.11930733919143677,-1.3361729162469314
UBFC_PHYS_s15_T1_test,47,193,53.43333333333333,0.03354572877287865,-1.2950820119304145
UBFC_PHYS_s15_T1_test,47,194,53.46666666666667,-0.06009490787982941,-1.0909825171047347
UBFC_PHYS_s15_T1_test,47,195,53.5,-0.16051381826400757,-0.7340039923590346
UBFC_PHYS_s15_T1_test,47,196,53.53333333333333,-0.27910467982292175,-0.27074009432538565
UBFC_PHYS_s15_T1_test,47,197,53.56666666666667,-0.42739638686180115,0.22288488897014536
UBFC_PHYS_s15_T1_test,47,198,53.6,-0.5457748174667358,0.659805914267276
UBFC_PHYS_s15_T1_test,47,199,53.63333333333333,-0.5000069737434387,0.9656420475984495
UBFC_PHYS_s15_T1_test,47,200,53.666666666666664,-0.24799413979053497,1.0993351345649045
UBFC_PHYS_s15_T1_test,47,201,53.7,0.04833820462226868,1.0621053949066102
UBFC_PHYS_s15_T1_test,47,202,53.733333333333334,0.2061503827571869,0.8911174956210218
UBFC_PHYS_s15_T1_test,47,203,53.766666666666666,0.23430630564689636,0.6413127294259169
UBFC_PHYS_s15_T1_test,47,204,53.8,0.23262621462345123,0.36425228231466006
UBFC_PHYS_s15_T1_test,47,205,53.833333333333336,0.21074648201465607,0.09355270069369957
UBFC_PHYS_s15_T1_test,47,206,53.86666666666667,0.15379737317562103,-0.1578547557813257
UBFC_PHYS_s15_T1_test,47,207,53.9,0.10036292672157288,-0.3898738542741653
UBFC_PHYS_s15_T1_test,47,208,53.93333333333333,0.09563165158033371,-0.6027604521883266
UBFC_PHYS_s15_T1_test,47,209,53.96666666666667,0.13782690465450287,-0.7869552864125231
UBFC_PHYS_s15_T1_test,47,210,54.0,0.17666198313236237,-0.9197100997061963
UBFC_PHYS_s15_T1_test,47,211,54.03333333333333,0.15142208337783813,-0.9692156275749737
UBFC_PHYS_s15_T1_test,47,212,54.06666666666667,0.05863114446401596,-0.904118819692327
UBFC_PHYS_s15_T1_test,47,213,54.1,-0.06596554815769196,-0.7050782619189065
UBFC_PHYS_s15_T1_test,47,214,54.13333333333333,-0.19436657428741455,-0.37485988292043315
UBFC_PHYS_s15_T1_test,47,215,54.166666666666664,-0.3250463306903839,0.056288537923844216
UBFC_PHYS_s15_T1_test,47,216,54.2,-0.47272005677223206,0.5327295685642836
UBFC_PHYS_s15_T1_test,47,217,54.233333333333334,-0.617806077003479,0.9840000630618595
UBFC_PHYS_s15_T1_test,47,218,54.266666666666666,-0.6552314162254333,1.3415154706004029
UBFC_PHYS_s15_T1_test,47,219,54.3,-0.48986852169036865,1.5558097674542226
UBFC_PHYS_s15_T1_test,47,220,54.333333333333336,-0.19459831714630127,1.6077139533726512
UBFC_PHYS_s15_T1_test,47,221,54.36666666666667,0.07261254638433456,1.5091550304528378
UBFC_PHYS_s15_T1_test,47,222,54.4,0.23992589116096497,1.2939803771749423
UBFC_PHYS_s15_T1_test,47,223,54.43333333333333,0.3204541504383087,1.0037389385613333
UBFC_PHYS_s15_T1_test,47,224,54.46666666666667,0.33113330602645874,0.6750644000115029
UBFC_PHYS_s15_T1_test,47,225,54.5,0.2939783036708832,0.3334604464929069
UBFC_PHYS_s15_T1_test,47,226,54.53333333333333,0.24819114804267883,-0.005820339063749316
UBFC_PHYS_s15_T1_test,47,227,54.56666666666667,0.2266203910112381,-0.33266054433001246
UBFC_PHYS_s15_T1_test,47,228,54.6,0.23610225319862366,-0.6365045986889408
UBFC_PHYS_s15_T1_test,47,229,54.63333333333333,0.25554877519607544,-0.9030380916844734
UBFC_PHYS_s15_T1_test,47,230,54.666666666666664,0.2559349834918976,-1.114359460168129
UBFC_PHYS_s15_T1_test,47,231,54.7,0.2099740207195282,-1.2525393069317283
UBFC_PHYS_s15_T1_test,47,232,54.733333333333334,0.10459210723638535,-1.3052054243877722
UBFC_PHYS_s15_T1_test,47,233,54.766666666666666,-0.03193898871541023,-1.2708102469925286
UBFC_PHYS_s15_T1_test,47,234,54.8,-0.15871785581111908,-1.1609565823897028
UBFC_PHYS_s15_T1_test,47,235,54.833333333333336,-0.28903070092201233,-0.9980867125459065
UBFC_PHYS_s15_T1_test,47,236,54.86666666666667,-0.44684287905693054,-0.8089210222438066
UBFC_PHYS_s15_T1_test,47,237,54.9,-0.5932806730270386,-0.6161505581234653
UBFC_PHYS_s15_T1_test,47,238,54.93333333333333,-0.6175163984298706,-0.4318458968823624
UBFC_PHYS_s15_T1_test,47,239,54.96666666666667,-0.429153710603714,-0.2555780295339308
UBFC_PHYS_s15_T1_test,48,0,48.0,-0.054494619369506836,0.11205852954482391
UBFC_PHYS_s15_T1_test,48,1,48.03333333333333,-0.26549020409584045,0.5550321869512261
UBFC_PHYS_s15_T1_test,48,2,48.06666666666667,-0.399607390165329,0.9645630464259733
UBFC_PHYS_s15_T1_test,48,3,48.1,-0.49844276905059814,1.3117676523797772
UBFC_PHYS_s15_T1_test,48,4,48.13333333333333,-0.6340276002883911,1.5745536229380035
UBFC_PHYS_s15_T1_test,48,5,48.166666666666664,-0.7848490476608276,1.7414645420307078
UBFC_PHYS_s15_T1_test,48,6,48.2,-0.8003947138786316,1.8126339381706773
UBFC_PHYS_s15_T1_test,48,7,48.233333333333334,-0.5520316958427429,1.7969058437062488
UBFC_PHYS_s15_T1_test,48,8,48.266666666666666,-0.1421680599451065,1.7069452609841786
UBFC_PHYS_s15_T1_test,48,9,48.3,0.17521363496780396,1.5553292495185662
UBFC_PHYS_s15_T1_test,48,10,48.333333333333336,0.31116539239883423,1.3529980929147056
UBFC_PHYS_s15_T1_test,48,11,48.36666666666667,0.338375061750412,1.1090359844745146
UBFC_PHYS_s15_T1_test,48,12,48.4,0.3140234649181366,0.830134857595239
UBFC_PHYS_s15_T1_test,48,13,48.43333333333333,0.27804645895957947,0.5196967600031159
UBFC_PHYS_s15_T1_test,48,14,48.46666666666667,0.27974584698677063,0.17865135260631299
UBFC_PHYS_s15_T1_test,48,15,48.5,0.31657254695892334,-0.1901767614754455
UBFC_PHYS_s15_T1_test,48,16,48.53333333333333,0.34928596019744873,-0.5756825913454472
UBFC_PHYS_s15_T1_test,48,17,48.56666666666667,0.3698525130748749,-0.954307200087824
UBFC_PHYS_s15_T1_test,48,18,48.6,0.3784460723400116,-1.29100273588767
UBFC_PHYS_s15_T1_test,48,19,48.63333333333333,0.34584853053092957,-1.544930055468791
UBFC_PHYS_s15_T1_test,48,20,48.666666666666664,0.247148334980011,-1.6775836548604073
UBFC_PHYS_s15_T1_test,48,21,48.7,0.11026963591575623,-1.6611432245962796
UBFC_PHYS_s15_T1_test,48,22,48.733333333333334,-0.0066411481238901615,-1.485696574158455
UBFC_PHYS_s15_T1_test,48,23,48.766666666666666,-0.08606864511966705,-1.1642809239061325
UBFC_PHYS_s15_T1_test,48,24,48.8,-0.16943565011024475,-0.7341021422145575
UBFC_PHYS_s15_T1_test,48,25,48.833333333333336,-0.291830837726593,-0.25191474235880296
UBFC_PHYS_s15_T1_test,48,26,48.86666666666667,-0.40959134697914124,0.21718919973624587
UBFC_PHYS_s15_T1_test,48,27,48.9,-0.3989121615886688,0.6149851282097075
UBFC_PHYS_s15_T1_test,48,28,48.93333333333333,-0.18606270849704742,0.9030079860345995
UBFC_PHYS_s15_T1_test,48,29,48.96666666666667,0.13941043615341187,1.0668825733103255
UBFC_PHYS_s15_T1_test,48,30,49.0,0.40637025237083435,1.1112889136776647
UBFC_PHYS_s15_T1_test,48,31,49.03333333333333,0.5260232090950012,1.0506904018082075
UBFC_PHYS_s15_T1_test,48,32,49.06666666666667,0.5261197686195374,0.9019902475792246
UBFC_PHYS_s15_T1_test,48,33,49.1,0.45833703875541687,0.6818063289908698
UBFC_PHYS_s15_T1_test,48,34,49.13333333333333,0.3726719617843628,0.40686809618112274
UBFC_PHYS_s15_T1_test,48,35,49.166666666666664,0.3151242136955261,0.09470677537886239
UBFC_PHYS_s15_T1_test,48,36,49.2,0.3169201612472534,-0.2360167460183928
UBFC_PHYS_s15_T1_test,48,37,49.233333333333334,0.359984427690506,-0.564217406910179
UBFC_PHYS_s15_T1_test,48,38,49.266666666666666,0.3863057792186737,-0.8640739471798314
UBFC_PHYS_s15_T1_test,48,39,49.3,0.357416033744812,-1.1039895026627553
UBFC_PHYS_s15_T1_test,48,40,49.333333333333336,0.2800741493701935,-1.2491928624966835
UBFC_PHYS_s15_T1_test,48,41,49.36666666666667,0.17169897258281708,-1.2683451758334385
UBFC_PHYS_s15_T1_test,48,42,49.4,0.05459507554769516,-1.1423392336100533
UBFC_PHYS_s15_T1_test,48,43,49.43333333333333,-0.0522351935505867,-0.8722845902410055
UBFC_PHYS_s15_T1_test,48,44,49.46666666666667,-0.1701115518808365,-0.48373118334356513
UBFC_PHYS_s15_T1_test,48,45,49.5,-0.3241773247718811,-0.025097513603411167
UBFC_PHYS_s15_T1_test,48,46,49.53333333333333,-0.4414936602115631,0.44039111593760066
UBFC_PHYS_s15_T1_test,48,47,49.56666666666667,-0.3854135572910309,0.8480870911143863
UBFC_PHYS_s15_T1_test,48,48,49.6,-0.13450145721435547,1.1471274987994229
UBFC_PHYS_s15_T1_test,48,49,49.63333333333333,0.16940093040466309,1.3120067773015367
UBFC_PHYS_s15_T1_test,48,50,49.666666666666664,0.38281041383743286,1.3450361126778023
UBFC_PHYS_s15_T1_test,48,51,49.7,0.4703293740749359,1.2678725739237253
UBFC_PHYS_s15_T1_test,48,52,49.733333333333334,0.44773510098457336,1.1068212193198306
UBFC_PHYS_s15_T1_test,48,53,49.766666666666666,0.34598371386528015,0.8807849243122041
UBFC_PHYS_s15_T1_test,48,54,49.8,0.24647243320941925,0.5984539247203251
UBFC_PHYS_s15_T1_test,48,55,49.833333333333336,0.22860945761203766,0.26474864531409037
UBFC_PHYS_s15_T1_test,48,56,49.86666666666667,0.2730834484100342,-0.10919987621038454
UBFC_PHYS_s15_T1_test,48,57,49.9,0.3033636212348938,-0.4993844392374819
UBFC_PHYS_s15_T1_test,48,58,49.93333333333333,0.30728381872177124,-0.8687626193216227
UBFC_PHYS_s15_T1_test,48,59,49.96666666666667,0.3143710792064667,-1.1724298988945427
UBFC_PHYS_s15_T1_test,48,60,50.0,0.2838398516178131,-1.3656216896786473
UBFC_PHYS_s15_T1_test,48,61,50.03333333333333,0.1519048660993576,-1.4127648219079785
UBFC_PHYS_s15_T1_test,48,62,50.06666666666667,-0.0337156318128109,-1.296084288112392
UBFC_PHYS_s15_T1_test,48,63,50.1,-0.19017601013183594,-1.021912113855929
UBFC_PHYS_s15_T1_test,48,64,50.13333333333333,-0.3125712275505066,-0.6227241370169698
UBFC_PHYS_s15_T1_test,48,65,50.166666666666664,-0.4429419934749603,-0.1532992111149402
UBFC_PHYS_s15_T1_test,48,66,50.2,-0.5710919499397278,0.31953133318161286
UBFC_PHYS_s15_T1_test,48,67,50.233333333333334,-0.6030715107917786,0.7315685565660629
UBFC_PHYS_s15_T1_test,48,68,50.266666666666666,-0.4466111361980438,1.035162801717773
UBFC_PHYS_s15_T1_test,48,69,50.3,-0.1397734433412552,1.206716132863271
UBFC_PHYS_s15_T1_test,48,70,50.333333333333336,0.16324061155319214,1.2461100494773558
UBFC_PHYS_s15_T1_test,48,71,50.36666666666667,0.333894819021225,1.1706366971878803
UBFC_PHYS_s15_T1_test,48,72,50.4,0.36170312762260437,1.0065153947720649
UBFC_PHYS_s15_T1_test,48,73,50.43333333333333,0.31788572669029236,0.7799287695176566
UBFC_PHYS_s15_T1_test,48,74,50.46666666666667,0.254370778799057,0.5098787268911702
UBFC_PHYS_s15_T1_test,48,75,50.5,0.1954905241727829,0.20590839327741003
UBFC_PHYS_s15_T1_test,48,76,50.53333333333333,0.17946211993694305,-0.12757213934156603
UBFC_PHYS_s15_T1_test,48,77,50.56666666666667,0.21175067126750946,-0.4820563113730323
UBFC_PHYS_s15_T1_test,48,78,50.6,0.24647243320941925,-0.8360249779197755
UBFC_PHYS_s15_T1_test,48,79,50.63333333333333,0.2570357322692871,-1.1521136055888463
UBFC_PHYS_s15_T1_test,48,80,50.666666666666664,0.2409687042236328,-1.3826036925314142
UBFC_PHYS_s15_T1_test,48,81,50.7,0.17318594455718994,-1.4809043157352846
UBFC_PHYS_s15_T1_test,48,82,50.733333333333334,0.04493940994143486,-1.4145426241596242
UBFC_PHYS_s15_T1_test,48,83,50.766666666666666,-0.08390577137470245,-1.1755448103225457
UBFC_PHYS_s15_T1_test,48,84,50.8,-0.1544886827468872,-0.7853986383711632
UBFC_PHYS_s15_T1_test,48,85,50.833333333333336,-0.20676444470882416,-0.29317560808307225
UBFC_PHYS_s15_T1_test,48,86,50.86666666666667,-0.3162596821784973,0.23324823587798074
UBFC_PHYS_s15_T1_test,48,87,50.9,-0.4600904583930969,0.7212926804000594
UBFC_PHYS_s15_T1_test,48,88,50.93333333333333,-0.5112075209617615,1.1095298921977315
UBFC_PHYS_s15_T1_test,48,89,50.96666666666667,-0.37579649686813354,1.3601354120698939
UBFC_PHYS_s15_T1_test,48,90,51.0,-0.09736577421426773,1.4629609809790947
UBFC_PHYS_s15_T1_test,48,91,51.03333333333333,0.17702889442443848,1.4297537877223727
UBFC_PHYS_s15_T1_test,48,92,51.06666666666667,0.33920544385910034,1.2828547939675772
UBFC_PHYS_s15_T1_test,48,93,51.1,0.39101773500442505,1.0456370077875021
UBFC_PHYS_s15_T1_test,48,94,51.13333333333333,0.36788275837898254,0.7387349098820817
UBFC_PHYS_s15_T1_test,48,95,51.166666666666664,0.29243341088294983,0.3808609418876727
UBFC_PHYS_s15_T1_test,48,96,51.2,0.21049542725086212,-0.00896123430817608
UBFC_PHYS_s15_T1_test,48,97,51.233333333333334,0.18262918293476105,-0.4095532716345543
UBFC_PHYS_s15_T1_test,48,98,51.266666666666666,0.20964573323726654,-0.7960697358349349
UBFC_PHYS_s15_T1_test,48,99,51.3,0.23957829177379608,-1.1384994021374601
UBFC_PHYS_s15_T1_test,48,100,51.333333333333336,0.247148334980011,-1.4013478670097106
UBFC_PHYS_s15_T1_test,48,101,51.36666666666667,0.23185376822948456,-1.54669131272
UBFC_PHYS_s15_T1_test,48,102,51.4,0.1874956339597702,-1.54149477450171
UBFC_PHYS_s15_T1_test,48,103,51.43333333333333,0.11250974982976913,-1.3675277960043877
UBFC_PHYS_s15_T1_test,48,104,51.46666666666667,0.02114785462617874,-1.0304254483850905
UBFC_PHYS_s15_T1_test,48,105,51.5,-0.06550207734107971,-0.5641426023421315
UBFC_PHYS_s15_T1_test,48,106,51.53333333333333,-0.14297913014888763,-0.02810363384432129
UBFC_PHYS_s15_T1_test,48,107,51.56666666666667,-0.25374892354011536,0.5034461083927901
UBFC_PHYS_s15_T1_test,48,108,51.6,-0.42608320713043213,0.9575415261403444
UBFC_PHYS_s15_T1_test,48,109,51.63333333333333,-0.5716906189918518,1.2792591591853308
UBFC_PHYS_s15_T1_test,48,110,51.666666666666664,-0.5427815914154053,1.4433761430667915
UBFC_PHYS_s15_T1_test,48,111,51.7,-0.3144444227218628,1.4562741150900247
UBFC_PHYS_s15_T1_test,48,112,51.733333333333334,-0.015871962532401085,1.346754059183702
UBFC_PHYS_s15_T1_test,48,113,51.766666666666666,0.20460547506809235,1.1496247718207928
UBFC_PHYS_s15_T1_test,48,114,51.8,0.28789523243904114,0.8907734512412777
UBFC_PHYS_s15_T1_test,48,115,51.833333333333336,0.26607343554496765,0.582161576593031
UBFC_PHYS_s15_T1_test,48,116,51.86666666666667,0.20951054990291595,0.22818981238037075
UBFC_PHYS_s15_T1_test,48,117,51.9,0.16774015128612518,-0.16277074404608327
UBFC_PHYS_s15_T1_test,48,118,51.93333333333333,0.15308284759521484,-0.5696512386851053
UBFC_PHYS_s15_T1_test,48,119,51.96666666666667,0.16687114536762238,-0.9570859061939818
UBFC_PHYS_s15_T1_test,48,120,52.0,0.19230416417121887,-1.2804227000875006
UBFC_PHYS_s15_T1_test,48,121,52.03333333333333,0.20236536860466003,-1.49412039359065
UBFC_PHYS_s15_T1_test,48,122,52.06666666666667,0.1985996514558792,-1.5606649411003952
UBFC_PHYS_s15_T1_test,48,123,52.1,0.17503982782363892,-1.4585945144555852
UBFC_PHYS_s15_T1_test,48,124,52.13333333333333,0.09482057392597198,-1.1886220892345156
UBFC_PHYS_s15_T1_test,48,125,52.166666666666664,-0.02707253396511078,-0.7764950526360018
UBFC_PHYS_s15_T1_test,48,126,52.2,-0.1208290383219719,-0.2713468602932915
UBFC_PHYS_s15_T1_test,48,127,52.233333333333334,-0.18370671570301056,0.26097398307911585
UBFC_PHYS_s15_T1_test,48,128,52.266666666666666,-0.2915991246700287,0.7490509473665127
UBFC_PHYS_s15_T1_test,48,129,52.3,-0.4450855553150177,1.1295087816006553
UBFC_PHYS_s15_T1_test,48,130,52.333333333333336,-0.5269463062286377,1.359513024092809
UBFC_PHYS_s15_T1_test,48,131,52.36666666666667,-0.43739965558052063,1.4242192780671585
UBFC_PHYS_s15_T1_test,48,132,52.4,-0.20071999728679657,1.3368375473249783
UBFC_PHYS_s15_T1_test,48,133,52.43333333333333,0.057646267116069794,1.1315014666027534
UBFC_PHYS_s15_T1_test,48,134,52.46666666666667,0.22731560468673706,0.8512498537300401
UBFC_PHYS_s15_T1_test,48,135,52.5,0.29050227999687195,0.535147969881189
UBFC_PHYS_s15_T1_test,48,136,52.53333333333333,0.2797844707965851,0.2096717457794531
UBFC_PHYS_s15_T1_test,48,137,52.56666666666667,0.22202429175376892,-0.11190571602330467
UBFC_PHYS_s15_T1_test,48,138,52.6,0.16513311862945557,-0.4228053119288382
UBFC_PHYS_s15_T1_test,48,139,52.63333333333333,0.17440256476402283,-0.7135797732407975
UBFC_PHYS_s15_T1_test,48,140,52.666666666666664,0.24878980219364166,-0.9659971058396754
UBFC_PHYS_s15_T1_test,48,141,52.7,0.3210334777832031,-1.1529643743350102
UBFC_PHYS_s15_T1_test,48,142,52.733333333333334,0.33893507719039917,-1.2441710659019183
UBFC_PHYS_s15_T1_test,48,143,52.766666666666666,0.29308998584747314,-1.2147109736720432
UBFC_PHYS_s15_T1_test,48,144,52.8,0.2002411186695099,-1.0532073270565325
UBFC_PHYS_s15_T1_test,48,145,52.833333333333336,0.10308582335710526,-0.7668851199013759
UBFC_PHYS_s15_T1_test,48,146,52.86666666666667,0.027462659403681755,-0.38275406299385434
UBFC_PHYS_s15_T1_test,48,147,52.9,-0.06822497397661209,0.05483769620933705
UBFC_PHYS_s15_T1_test,48,148,52.93333333333333,-0.22489778697490692,0.4901435907131637
UBFC_PHYS_s15_T1_test,48,149,52.96666666666667,-0.3708721101284027,0.8654202067488251
UBFC_PHYS_s15_T1_test,48,150,53.0,-0.35980671644210815,1.1325276254099068
UBFC_PHYS_s15_T1_test,48,151,53.03333333333333,-0.1469958871603012,1.2633280193643097
UBFC_PHYS_s15_T1_test,48,152,53.06666666666667,0.12363307923078537,1.2542915456025245
UBFC_PHYS_s15_T1_test,48,153,53.1,0.3015676736831665,1.1227742433288501
UBFC_PHYS_s15_T1_test,48,154,53.13333333333333,0.3612782955169678,0.8974902959952734
UBFC_PHYS_s15_T1_test,48,155,53.166666666666664,0.34611889719963074,0.608977411947319
UBFC_PHYS_s15_T1_test,48,156,53.2,0.2814066410064697,0.28395193153485404
UBFC_PHYS_s15_T1_test,48,157,53.233333333333334,0.19496911764144897,-0.05625663500837399
UBFC_PHYS_s15_T1_test,48,158,53.266666666666666,0.14197884500026703,-0.39424584032357085
UBFC_PHYS_s15_T1_test,48,159,53.3,0.152909055352211,-0.7128749713423784
UBFC_PHYS_s15_T1_test,48,160,53.333333333333336,0.18651075661182404,-0.9909163423173899
UBFC_PHYS_s15_T1_test,48,161,53.36666666666667,0.179713174700737,-1.2006075153564701
UBFC_PHYS_s15_T1_test,48,162,53.4,0.11930733919143677,-1.3094813306957542
UBFC_PHYS_s15_T1_test,48,163,53.43333333333333,0.03354572877287865,-1.2871611552904692
UBFC_PHYS_s15_T1_test,48,164,53.46666666666667,-0.06009490787982941,-1.115467387609401
UBFC_PHYS_s15_T1_test,48,165,53.5,-0.16051381826400757,-0.7982966411165209
UBFC_PHYS_s15_T1_test,48,166,53.53333333333333,-0.27910467982292175,-0.36719002901878117
UBFC_PHYS_s15_T1_test,48,167,53.56666666666667,-0.42739638686180115,0.12048183049494197
UBFC_PHYS_s15_T1_test,48,168,53.6,-0.5457748174667358,0.5915472400085415
UBFC_PHYS_s15_T1_test,48,169,53.63333333333333,-0.5000069737434387,0.9732670211939763
UBFC_PHYS_s15_T1_test,48,170,53.666666666666664,-0.24799413979053497,1.2111659439354414
UBFC_PHYS_s15_T1_test,48,171,53.7,0.04833820462226868,1.2823795786126866
UBFC_PHYS_s15_T1_test,48,172,53.733333333333334,0.2061503827571869,1.1990244596030588
UBFC_PHYS_s15_T1_test,48,173,53.766666666666666,0.23430630564689636,0.9995909083716049
UBFC_PHYS_s15_T1_test,48,174,53.8,0.23262621462345123,0.7319904545504538
UBFC_PHYS_s15_T1_test,48,175,53.833333333333336,0.21074648201465607,0.43633754445763095
UBFC_PHYS_s15_T1_test,48,176,53.86666666666667,0.15379737317562103,0.13560711483668103
UBFC_PHYS_s15_T1_test,48,177,53.9,0.10036292672157288,-0.16232657315694404
UBFC_PHYS_s15_T1_test,48,178,53.93333333333333,0.09563165158033371,-0.45444641165648664
UBFC_PHYS_s15_T1_test,48,179,53.96666666666667,0.13782690465450287,-0.7314049685772082
UBFC_PHYS_s15_T1_test,48,180,54.0,0.17666198313236237,-0.9714651652850393
UBFC_PHYS_s15_T1_test,48,181,54.03333333333333,0.15142208337783813,-1.1416708216680442
UBFC_PHYS_s15_T1_test,48,182,54.06666666666667,0.05863114446401596,-1.205275301059615
UBFC_PHYS_s15_T1_test,48,183,54.1,-0.06596554815769196,-1.1328525878351492
UBFC_PHYS_s15_T1_test,48,184,54.13333333333333,-0.19436657428741455,-0.9135629068800883
UBFC_PHYS_s15_T1_test,48,185,54.166666666666664,-0.3250463306903839,-0.562832193060889
UBFC_PHYS_s15_T1_test,48,186,54.2,-0.47272005677223206,-0.123553120673195
UBFC_PHYS_s15_T1_test,48,187,54.233333333333334,-0.617806077003479,0.340508514499244
UBFC_PHYS_s15_T1_test,48,188,54.266666666666666,-0.6552314162254333,0.7584057100581648
UBFC_PHYS_s15_T1_test,48,189,54.3,-0.48986852169036865,1.0693174592212127
UBFC_PHYS_s15_T1_test,48,190,54.333333333333336,-0.19459831714630127,1.2371560485343245
UBFC_PHYS_s15_T1_test,48,191,54.36666666666667,0.07261254638433456,1.2562810827082793
UBFC_PHYS_s15_T1_test,48,192,54.4,0.23992589116096497,1.1466576752679645
UBFC_PHYS_s15_T1_test,48,193,54.43333333333333,0.3204541504383087,0.9423140232370482
UBFC_PHYS_s15_T1_test,48,194,54.46666666666667,0.33113330602645874,0.6792265409088208
UBFC_PHYS_s15_T1_test,48,195,54.5,0.2939783036708832,0.3871333162182465
UBFC_PHYS_s15_T1_test,48,196,54.53333333333333,0.24819114804267883,0.08635779085734592
UBFC_PHYS_s15_T1_test,48,197,54.56666666666667,0.2266203910112381,-0.21145929633773394
UBFC_PHYS_s15_T1_test,48,198,54.6,0.23610225319862366,-0.49952934047100095
UBFC_PHYS_s15_T1_test,48,199,54.63333333333333,0.25554877519607544,-0.7694489059831305
UBFC_PHYS_s15_T1_test,48,200,54.666666666666664,0.2559349834918976,-1.0042817842976421
UBFC_PHYS_s15_T1_test,48,201,54.7,0.2099740207195282,-1.1752073254118873
UBFC_PHYS_s15_T1_test,48,202,54.733333333333334,0.10459210723638535,-1.2449742995143245
UBFC_PHYS_s15_T1_test,48,203,54.766666666666666,-0.03193898871541023,-1.1782677742235623
UBFC_PHYS_s15_T1_test,48,204,54.8,-0.15871785581111908,-0.9556011548503445
UBFC_PHYS_s15_T1_test,48,205,54.833333333333336,-0.28903070092201233,-0.585307768895884
UBFC_PHYS_s15_T1_test,48,206,54.86666666666667,-0.44684287905693054,-0.10854121234667147
UBFC_PHYS_s15_T1_test,48,207,54.9,-0.5932806730270386,0.4055138016212436
UBFC_PHYS_s15_T1_test,48,208,54.93333333333333,-0.6175163984298706,0.8738128864430883
UBFC_PHYS_s15_T1_test,48,209,54.96666666666667,-0.429153710603714,1.2193464858909444
UBFC_PHYS_s15_T1_test,48,210,55.0,-0.09157237410545349,1.3906287319127637
UBFC_PHYS_s15_T1_test,48,211,55.03333333333333,0.21348868310451508,1.3739191348264752
UBFC_PHYS_s15_T1_test,48,212,55.06666666666667,0.39598074555397034,1.1931729201588595
UBFC_PHYS_s15_T1_test,48,213,55.1,0.4777449071407318,0.89753379260332
UBFC_PHYS_s15_T1_test,48,214,55.13333333333333,0.47135287523269653,0.5423454618216358
UBFC_PHYS_s15_T1_test,48,215,55.166666666666664,0.39893537759780884,0.17278284212538988
UBFC_PHYS_s15_T1_test,48,216,55.2,0.3433380722999573,-0.18349698721355842
UBFC_PHYS_s15_T1_test,48,217,55.233333333333334,0.3511977791786194,-0.514145313451034
UBFC_PHYS_s15_T1_test,48,218,55.266666666666666,0.3738113343715668,-0.814323070342083
UBFC_PHYS_s15_T1_test,48,219,55.3,0.37242093682289124,-1.0783006899956618
UBFC_PHYS_s15_T1_test,48,220,55.333333333333336,0.35239508748054504,-1.2936098961130966
UBFC_PHYS_s15_T1_test,48,221,55.36666666666667,0.2936306893825531,-1.4389235283559367
UBFC_PHYS_s15_T1_test,48,222,55.4,0.17961661517620087,-1.486489537767897
UBFC_PHYS_s15_T1_test,48,223,55.43333333333333,0.04959344118833542,-1.4095666836996519
UBFC_PHYS_s15_T1_test,48,224,55.46666666666667,-0.05833757668733597,-1.1931472490319002
UBFC_PHYS_s15_T1_test,48,225,55.5,-0.1657278686761856,-0.8438385512364427
UBFC_PHYS_s15_T1_test,48,226,55.53333333333333,-0.31318917870521545,-0.3944082010273259
UBFC_PHYS_s15_T1_test,48,227,55.56666666666667,-0.47884175181388855,0.09966864888314686
UBFC_PHYS_s15_T1_test,48,228,55.6,-0.5574195384979248,0.5713384346822248
UBFC_PHYS_s15_T1_test,48,229,55.63333333333333,-0.43734171986579895,0.9572417388622023
UBFC_PHYS_s15_T1_test,48,230,55.666666666666664,-0.13202960789203644,1.2115003369931785
UBFC_PHYS_s15_T1_test,48,231,55.7,0.20099425315856934,1.3135200182713456
UBFC_PHYS_s15_T1_test,48,232,55.733333333333334,0.41341888904571533,1.2695161768888434
UBFC_PHYS_s15_T1_test,48,233,55.766666666666666,0.4806222915649414,1.1101472155262078
UBFC_PHYS_s15_T1_test,48,234,55.8,0.4534705579280853,0.884853339072454
UBFC_PHYS_s15_T1_test,48,235,55.833333333333336,0.38165172934532166,0.6513618129530422
UBFC_PHYS_s15_T1_test,48,236,55.86666666666667,0.31736433506011963,0.46077806190752935
UBFC_PHYS_s15_T1_test,48,237,55.9,0.3031318783760071,0.34264523506456723
UBFC_PHYS_s15_T1_test,48,238,55.93333333333333,0.32912492752075195,0.2960352666510114
UBFC_PHYS_s15_T1_test,48,239,55.96666666666667,0.3618576228618622,0.2909455591878025
UBFC_PHYS_s15_T1_test,49,0,49.0,0.40637025237083435,-0.0721195852264844
UBFC_PHYS_s15_T1_test,49,1,49.03333333333333,0.5260232090950012,0.33978192082591524
UBFC_PHYS_s15_T1_test,49,2,49.06666666666667,0.5261197686195374,0.6621413964147748
UBFC_PHYS_s15_T1_test,49,3,49.1,0.45833703875541687,0.8252090459018059
UBFC_PHYS_s15_T1_test,49,4,49.13333333333333,0.3726719617843628,0.7951450395926307
UBFC_PHYS_s15_T1_test,49,5,49.166666666666664,0.3151242136955261,0.5781474819711286
UBFC_PHYS_s15_T1_test,49,6,49.2,0.3169201612472534,0.21427297672297252
UBFC_PHYS_s15_T1_test,49,7,49.233333333333334,0.359984427690506,-0.23389782820565175
UBFC_PHYS_s15_T1_test,49,8,49.266666666666666,0.3863057792186737,-0.692755292368828
UBFC_PHYS_s15_T1_test,49,9,49.3,0.357416033744812,-1.0877139035302021
UBFC_PHYS_s15_T1_test,49,10,49.333333333333336,0.2800741493701935,-1.352690216652732
UBFC_PHYS_s15_T1_test,49,11,49.36666666666667,0.17169897258281708,-1.4398035528877147
UBFC_PHYS_s15_T1_test,49,12,49.4,0.05459507554769516,-1.3282734554147588
UBFC_PHYS_s15_T1_test,49,13,49.43333333333333,-0.0522351935505867,-1.029937201553638
UBFC_PHYS_s15_T1_test,49,14,49.46666666666667,-0.1701115518808365,-0.5890061558797828
UBFC_PHYS_s15_T1_test,49,15,49.5,-0.3241773247718811,-0.0749963127435946
UBFC_PHYS_s15_T1_test,49,16,49.53333333333333,-0.4414936602115631,0.43082952877062597
UBFC_PHYS_s15_T1_test,49,17,49.56666666666667,-0.3854135572910309,0.8533507767068155
UBFC_PHYS_s15_T1_test,49,18,49.6,-0.13450145721435547,1.1411968073586418
UBFC_PHYS_s15_T1_test,49,19,49.63333333333333,0.16940093040466309,1.2777270910075655
UBFC_PHYS_s15_T1_test,49,20,49.666666666666664,0.38281041383743286,1.2799797332085554
UBFC_PHYS_s15_T1_test,49,21,49.7,0.4703293740749359,1.1849640454480759
UBFC_PHYS_s15_T1_test,49,22,49.733333333333334,0.44773510098457336,1.0297085102787715
UBFC_PHYS_s15_T1_test,49,23,49.766666666666666,0.34598371386528015,0.8355294152905951
UBFC_PHYS_s15_T1_test,49,24,49.8,0.24647243320941925,0.604233592073672
UBFC_PHYS_s15_T1_test,49,25,49.833333333333336,0.22860945761203766,0.3266602137718711
UBFC_PHYS_s15_T1_test,49,26,49.86666666666667,0.2730834484100342,-0.002711592059617341
UBFC_PHYS_s15_T1_test,49,27,49.9,0.3033636212348938,-0.37347238192842735
UBFC_PHYS_s15_T1_test,49,28,49.93333333333333,0.30728381872177124,-0.7546081704172632
UBFC_PHYS_s15_T1_test,49,29,49.96666666666667,0.3143710792064667,-1.0979564355967772
UBFC_PHYS_s15_T1_test,49,30,50.0,0.2838398516178131,-1.3475719926642726
UBFC_PHYS_s15_T1_test,49,31,50.03333333333333,0.1519048660993576,-1.452308636234197
UBFC_PHYS_s15_T1_test,49,32,50.06666666666667,-0.0337156318128109,-1.379060421571298
UBFC_PHYS_s15_T1_test,49,33,50.1,-0.19017601013183594,-1.1237707447269987
UBFC_PHYS_s15_T1_test,49,34,50.13333333333333,-0.3125712275505066,-0.71664395360382
UBFC_PHYS_s15_T1_test,49,35,50.166666666666664,-0.4429419934749603,-0.2183854890313883
UBFC_PHYS_s15_T1_test,49,36,50.2,-0.5710919499397278,0.2930947000103643
UBFC_PHYS_s15_T1_test,49,37,50.233333333333334,-0.6030715107917786,0.7418625507038014
UBFC_PHYS_s15_T1_test,49,38,50.266666666666666,-0.4466111361980438,1.071828536106313
UBFC_PHYS_s15_T1_test,49,39,50.3,-0.1397734433412552,1.2563979951035031
UBFC_PHYS_s15_T1_test,49,40,50.333333333333336,0.16324061155319214,1.2977778328215253
UBFC_PHYS_s15_T1_test,49,41,50.36666666666667,0.333894819021225,1.2187790794756577
UBFC_PHYS_s15_T1_test,49,42,50.4,0.36170312762260437,1.0512323489953936
UBFC_PHYS_s15_T1_test,49,43,50.43333333333333,0.31788572669029236,0.8244351777188765
UBFC_PHYS_s15_T1_test,49,44,50.46666666666667,0.254370778799057,0.557125492687203
UBFC_PHYS_s15_T1_test,49,45,50.5,0.1954905241727829,0.2562378095347255
UBFC_PHYS_s15_T1_test,49,46,50.53333333333333,0.17946211993694305,-0.07675250962618531
UBFC_PHYS_s15_T1_test,49,47,50.56666666666667,0.21175067126750946,-0.4349694334920036
UBFC_PHYS_s15_T1_test,49,48,50.6,0.24647243320941925,-0.7967129217356768
UBFC_PHYS_s15_T1_test,49,49,50.63333333333333,0.2570357322692871,-1.1230100004120354
UBFC_PHYS_s15_T1_test,49,50,50.666666666666664,0.2409687042236328,-1.363761809843061
UBFC_PHYS_s15_T1_test,49,51,50.7,0.17318594455718994,-1.469785330004796
UBFC_PHYS_s15_T1_test,49,52,50.733333333333334,0.04493940994143486,-1.4063536811360846
UBFC_PHYS_s15_T1_test,49,53,50.766666666666666,-0.08390577137470245,-1.1644609126293624
UBFC_PHYS_s15_T1_test,49,54,50.8,-0.1544886827468872,-0.7671293867343296
UBFC_PHYS_s15_T1_test,49,55,50.833333333333336,-0.20676444470882416,-0.26862193487612707
UBFC_PHYS_s15_T1_test,49,56,50.86666666666667,-0.3162596821784973,0.255103803308654
UBFC_PHYS_s15_T1_test,49,57,50.9,-0.4600904583930969,0.7240602337997977
UBFC_PHYS_s15_T1_test,49,58,50.93333333333333,-0.5112075209617615,1.0748538667055965
UBFC_PHYS_s15_T1_test,49,59,50.96666666666667,-0.37579649686813354,1.275788970189304
UBFC_PHYS_s15_T1_test,49,60,51.0,-0.09736577421426773,1.3294740808374128
UBFC_PHYS_s15_T1_test,49,61,51.03333333333333,0.17702889442443848,1.2622266901883494
UBFC_PHYS_s15_T1_test,49,62,51.06666666666667,0.33920544385910034,1.107031565905758
UBFC_PHYS_s15_T1_test,49,63,51.1,0.39101773500442505,0.8898387436295768
UBFC_PHYS_s15_T1_test,49,64,51.13333333333333,0.36788275837898254,0.624990291066603
UBFC_PHYS_s15_T1_test,49,65,51.166666666666664,0.29243341088294983,0.3189047528623235
UBFC_PHYS_s15_T1_test,49,66,51.2,0.21049542725086212,-0.02249866975304359
UBFC_PHYS_s15_T1_test,49,67,51.233333333333334,0.18262918293476105,-0.3868422034321697
UBFC_PHYS_s15_T1_test,49,68,51.266666666666666,0.20964573323726654,-0.7509031336252884
UBFC_PHYS_s15_T1_test,49,69,51.3,0.23957829177379608,-1.079460692454568
UBFC_PHYS_s15_T1_test,49,70,51.333333333333336,0.247148334980011,-1.328164401074527
UBFC_PHYS_s15_T1_test,49,71,51.36666666666667,0.23185376822948456,-1.4512345014543944
UBFC_PHYS_s15_T1_test,49,72,51.4,0.1874956339597702,-1.4130830414701054
UBFC_PHYS_s15_T1_test,49,73,51.43333333333333,0.11250974982976913,-1.2004872745839472
UBFC_PHYS_s15_T1_test,49,74,51.46666666666667,0.02114785462617874,-0.8307329519566049
UBFC_PHYS_s15_T1_test,49,75,51.5,-0.06550207734107971,-0.3519938982295794
UBFC_PHYS_s15_T1_test,49,76,51.53333333333333,-0.14297913014888763,0.16521383730407363
UBFC_PHYS_s15_T1_test,49,77,51.56666666666667,-0.25374892354011536,0.6434919511518526
UBFC_PHYS_s15_T1_test,49,78,51.6,-0.42608320713043213,1.0164323580712442
UBFC_PHYS_s15_T1_test,49,79,51.63333333333333,-0.5716906189918518,1.2433990039527492
UBFC_PHYS_s15_T1_test,49,80,51.666666666666664,-0.5427815914154053,1.3164605671509495
UBFC_PHYS_s15_T1_test,49,81,51.7,-0.3144444227218628,1.256958815981764
UBFC_PHYS_s15_T1_test,49,82,51.733333333333334,-0.015871962532401085,1.1025575004878447
UBFC_PHYS_s15_T1_test,49,83,51.766666666666666,0.20460547506809235,0.8898418856637643
UBFC_PHYS_s15_T1_test,49,84,51.8,0.28789523243904114,0.6409679306780341
UBFC_PHYS_s15_T1_test,49,85,51.833333333333336,0.26607343554496765,0.3615441338291886
UBFC_PHYS_s15_T1_test,49,86,51.86666666666667,0.20951054990291595,0.04975976676420833
UBFC_PHYS_s15_T1_test,49,87,51.9,0.16774015128612518,-0.2903671720340956
UBFC_PHYS_s15_T1_test,49,88,51.93333333333333,0.15308284759521484,-0.6398488066437564
UBFC_PHYS_s15_T1_test,49,89,51.96666666666667,0.16687114536762238,-0.9637697564058505
UBFC_PHYS_s15_T1_test,49,90,52.0,0.19230416417121887,-1.217531298168446
UBFC_PHYS_s15_T1_test,49,91,52.03333333333333,0.20236536860466003,-1.3566834489947754
UBFC_PHYS_s15_T1_test,49,92,52.06666666666667,0.1985996514558792,-1.3472817395207768
UBFC_PHYS_s15_T1_test,49,93,52.1,0.17503982782363892,-1.1751566851626898
UBFC_PHYS_s15_T1_test,49,94,52.13333333333333,0.09482057392597198,-0.8525211443339004
UBFC_PHYS_s15_T1_test,49,95,52.166666666666664,-0.02707253396511078,-0.41953168679531083
UBFC_PHYS_s15_T1_test,49,96,52.2,-0.1208290383219719,0.06138171575787752
UBFC_PHYS_s15_T1_test,49,97,52.233333333333334,-0.18370671570301056,0.5184585970602149
UBFC_PHYS_s15_T1_test,49,98,52.266666666666666,-0.2915991246700287,0.8874057058997094
UBFC_PHYS_s15_T1_test,49,99,52.3,-0.4450855553150177,1.1260981044013505
UBFC_PHYS_s15_T1_test,49,100,52.333333333333336,-0.5269463062286377,1.2216417049805475
UBFC_PHYS_s15_T1_test,49,101,52.36666666666667,-0.43739965558052063,1.1875811720495462
UBFC_PHYS_s15_T1_test,49,102,52.4,-0.20071999728679657,1.0535001634042025
UBFC_PHYS_s15_T1_test,49,103,52.43333333333333,0.057646267116069794,0.8522224335896983
UBFC_PHYS_s15_T1_test,49,104,52.46666666666667,0.22731560468673706,0.6097266219632363
UBFC_PHYS_s15_T1_test,49,105,52.5,0.29050227999687195,0.34079457873092844
UBFC_PHYS_s15_T1_test,49,106,52.53333333333333,0.2797844707965851,0.05108837754204194
UBFC_PHYS_s15_T1_test,49,107,52.56666666666667,0.22202429175376892,-0.2557880144821216
UBFC_PHYS_s15_T1_test,49,108,52.6,0.16513311862945557,-0.5695998703711127
UBFC_PHYS_s15_T1_test,49,109,52.63333333333333,0.17440256476402283,-0.8673914102943269
UBFC_PHYS_s15_T1_test,49,110,52.666666666666664,0.24878980219364166,-1.113293230876755
UBFC_PHYS_s15_T1_test,49,111,52.7,0.3210334777832031,-1.2650596994389471
UBFC_PHYS_s15_T1_test,49,112,52.733333333333334,0.33893507719039917,-1.2852364833235579
UBFC_PHYS_s15_T1_test,49,113,52.766666666666666,0.29308998584747314,-1.1529113688341697
UBFC_PHYS_s15_T1_test,49,114,52.8,0.2002411186695099,-0.8719660650610915
UBFC_PHYS_s15_T1_test,49,115,52.833333333333336,0.10308582335710526,-0.4732920601063195
UBFC_PHYS_s15_T1_test,49,116,52.86666666666667,0.027462659403681755,-0.01048645651731422
UBFC_PHYS_s15_T1_test,49,117,52.9,-0.06822497397661209,0.44998657972445877
UBFC_PHYS_s15_T1_test,49,118,52.93333333333333,-0.22489778697490692,0.8424857591212926
UBFC_PHYS_s15_T1_test,49,119,52.96666666666667,-0.3708721101284027,1.1169150734251785
UBFC_PHYS_s15_T1_test,49,120,53.0,-0.35980671644210815,1.2497488832968224
UBFC_PHYS_s15_T1_test,49,121,53.03333333333333,-0.1469958871603012,1.2463287616242107
UBFC_PHYS_s15_T1_test,49,122,53.06666666666667,0.12363307923078537,1.1327391781620029
UBFC_PHYS_s15_T1_test,49,123,53.1,0.3015676736831665,0.9411427170001395
UBFC_PHYS_s15_T1_test,49,124,53.13333333333333,0.3612782955169678,0.6966221585859386
UBFC_PHYS_s15_T1_test,49,125,53.166666666666664,0.34611889719963074,0.412597292635368
UBFC_PHYS_s15_T1_test,49,126,53.2,0.2814066410064697,0.0955634119421781
UBFC_PHYS_s15_T1_test,49,127,53.233333333333334,0.19496911764144897,-0.24608618385437858
UBFC_PHYS_s15_T1_test,49,128,53.266666666666666,0.14197884500026703,-0.5949634734374326
UBFC_PHYS_s15_T1_test,49,129,53.3,0.152909055352211,-0.9219955808182896
UBFC_PHYS_s15_T1_test,49,130,53.333333333333336,0.18651075661182404,-1.1881803000916735
UBFC_PHYS_s15_T1_test,49,131,53.36666666666667,0.179713174700737,-1.350121275228946
UBFC_PHYS_s15_T1_test,49,132,53.4,0.11930733919143677,-1.3689818205026953
UBFC_PHYS_s15_T1_test,49,133,53.43333333333333,0.03354572877287865,-1.2219320594227598
UBFC_PHYS_s15_T1_test,49,134,53.46666666666667,-0.06009490787982941,-0.9129901731347845
UBFC_PHYS_s15_T1_test,49,135,53.5,-0.16051381826400757,-0.47834813871096177
UBFC_PHYS_s15_T1_test,49,136,53.53333333333333,-0.27910467982292175,0.017845591034551148
UBFC_PHYS_s15_T1_test,49,137,53.56666666666667,-0.42739638686180115,0.4976137402935643
UBFC_PHYS_s15_T1_test,49,138,53.6,-0.5457748174667358,0.8889063348979713
UBFC_PHYS_s15_T1_test,49,139,53.63333333333333,-0.5000069737434387,1.1436718905330372
UBFC_PHYS_s15_T1_test,49,140,53.666666666666664,-0.24799413979053497,1.247346155332733
UBFC_PHYS_s15_T1_test,49,141,53.7,0.04833820462226868,1.2164069719789998
UBFC_PHYS_s15_T1_test,49,142,53.733333333333334,0.2061503827571869,1.0855930146539052
UBFC_PHYS_s15_T1_test,49,143,53.766666666666666,0.23430630564689636,0.8907278425027675
UBFC_PHYS_s15_T1_test,49,144,53.8,0.23262621462345123,0.6550199462820006
UBFC_PHYS_s15_T1_test,49,145,53.833333333333336,0.21074648201465607,0.38505958299213133
UBFC_PHYS_s15_T1_test,49,146,53.86666666666667,0.15379737317562103,0.07786251235748103
UBFC_PHYS_s15_T1_test,49,147,53.9,0.10036292672157288,-0.2654222123041946
UBFC_PHYS_s15_T1_test,49,148,53.93333333333333,0.09563165158033371,-0.6270562408045988
UBFC_PHYS_s15_T1_test,49,149,53.96666666666667,0.13782690465450287,-0.9685644281083896
UBFC_PHYS_s15_T1_test,49,150,54.0,0.17666198313236237,-1.2370316282005984
UBFC_PHYS_s15_T1_test,49,151,54.03333333333333,0.15142208337783813,-1.3786533432354289
UBFC_PHYS_s15_T1_test,49,152,54.06666666666667,0.05863114446401596,-1.3540818148552234
UBFC_PHYS_s15_T1_test,49,153,54.1,-0.06596554815769196,-1.1508040388771115
UBFC_PHYS_s15_T1_test,49,154,54.13333333333333,-0.19436657428741455,-0.7895226234516718
UBFC_PHYS_s15_T1_test,49,155,54.166666666666664,-0.3250463306903839,-0.3229011419548468
UBFC_PHYS_s15_T1_test,49,156,54.2,-0.47272005677223206,0.1740520464046697
UBFC_PHYS_s15_T1_test,49,157,54.233333333333334,-0.617806077003479,0.6210732204972261
UBFC_PHYS_s15_T1_test,49,158,54.266666666666666,-0.6552314162254333,0.9532549933757959
UBFC_PHYS_s15_T1_test,49,159,54.3,-0.48986852169036865,1.1379997620569604
UBFC_PHYS_s15_T1_test,49,160,54.333333333333336,-0.19459831714630127,1.1803853895271852
UBFC_PHYS_s15_T1_test,49,161,54.36666666666667,0.07261254638433456,1.113368475019574
UBFC_PHYS_s15_T1_test,49,162,54.4,0.23992589116096497,0.977812481057539
UBFC_PHYS_s15_T1_test,49,163,54.43333333333333,0.3204541504383087,0.803485883487971
UBFC_PHYS_s15_T1_test,49,164,54.46666666666667,0.33113330602645874,0.6004888929320553
UBFC_PHYS_s15_T1_test,49,165,54.5,0.2939783036708832,0.36330117814617674
UBFC_PHYS_s15_T1_test,49,166,54.53333333333333,0.24819114804267883,0.08268659631302742
UBFC_PHYS_s15_T1_test,49,167,54.56666666666667,0.2266203910112381,-0.24182572394419685
UBFC_PHYS_s15_T1_test,49,168,54.6,0.23610225319862366,-0.59380824727046
UBFC_PHYS_s15_T1_test,49,169,54.63333333333333,0.25554877519607544,-0.9375647188672221
UBFC_PHYS_s15_T1_test,49,170,54.666666666666664,0.2559349834918976,-1.2216918481534262
UBFC_PHYS_s15_T1_test,49,171,54.7,0.2099740207195282,-1.3887202559957896
UBFC_PHYS_s15_T1_test,49,172,54.733333333333334,0.10459210723638535,-1.3897673344029817
UBFC_PHYS_s15_T1_test,49,173,54.766666666666666,-0.03193898871541023,-1.2006186054998285
UBFC_PHYS_s15_T1_test,49,174,54.8,-0.15871785581111908,-0.8334875277202984
UBFC_PHYS_s15_T1_test,49,175,54.833333333333336,-0.28903070092201233,-0.3389429401981835
UBFC_PHYS_s15_T1_test,49,176,54.86666666666667,-0.44684287905693054,0.2040691073259641
UBFC_PHYS_s15_T1_test,49,177,54.9,-0.5932806730270386,0.7072937648494286
UBFC_PHYS_s15_T1_test,49,178,54.93333333333333,-0.6175163984298706,1.094859038514613
UBFC_PHYS_s15_T1_test,49,179,54.96666666666667,-0.429153710603714,1.3203988813861982
UBFC_PHYS_s15_T1_test,49,180,55.0,-0.09157237410545349,1.3746317291534664
UBFC_PHYS_s15_T1_test,49,181,55.03333333333333,0.21348868310451508,1.2817896386860679
UBFC_PHYS_s15_T1_test,49,182,55.06666666666667,0.39598074555397034,1.0862950329717203
UBFC_PHYS_s15_T1_test,49,183,55.1,0.4777449071407318,0.8342275527431282
UBFC_PHYS_s15_T1_test,49,184,55.13333333333333,0.47135287523269653,0.557241944944646
UBFC_PHYS_s15_T1_test,49,185,55.166666666666664,0.39893537759780884,0.266467537741835
UBFC_PHYS_s15_T1_test,49,186,55.2,0.3433380722999573,-0.04132704696376664
UBFC_PHYS_s15_T1_test,49,187,55.233333333333334,0.3511977791786194,-0.36983870151976156
UBFC_PHYS_s15_T1_test,49,188,55.266666666666666,0.3738113343715668,-0.7096846251799488
UBFC_PHYS_s15_T1_test,49,189,55.3,0.37242093682289124,-1.0320460212831057
UBFC_PHYS_s15_T1_test,49,190,55.333333333333336,0.35239508748054504,-1.2918783825443214
UBFC_PHYS_s15_T1_test,49,191,55.36666666666667,0.2936306893825531,-1.4386833522003357
UBFC_PHYS_s15_T1_test,49,192,55.4,0.17961661517620087,-1.4309146926888219
UBFC_PHYS_s15_T1_test,49,193,55.43333333333333,0.04959344118833542,-1.2499352956852687
UBFC_PHYS_s15_T1_test,49,194,55.46666666666667,-0.05833757668733597,-0.9094989078511462
UBFC_PHYS_s15_T1_test,49,195,55.5,-0.1657278686761856,-0.45705263857720246
UBFC_PHYS_s15_T1_test,49,196,55.53333333333333,-0.31318917870521545,0.0352914587534031
UBFC_PHYS_s15_T1_test,49,197,55.56666666666667,-0.47884175181388855,0.4888375798542667
UBFC_PHYS_s15_T1_test,49,198,55.6,-0.5574195384979248,0.8396394111702958
UBFC_PHYS_s15_T1_test,49,199,55.63333333333333,-0.43734171986579895,1.0544466101693357
UBFC_PHYS_s15_T1_test,49,200,55.666666666666664,-0.13202960789203644,1.1341070986021022
UBFC_PHYS_s15_T1_test,49,201,55.7,0.20099425315856934,1.1032995761335656
UBFC_PHYS_s15_T1_test,49,202,55.733333333333334,0.41341888904571533,0.9931082008880878
UBFC_PHYS_s15_T1_test,49,203,55.766666666666666,0.4806222915649414,0.8264824932842276
UBFC_PHYS_s15_T1_test,49,204,55.8,0.4534705579280853,0.613019738922753
UBFC_PHYS_s15_T1_test,49,205,55.833333333333336,0.38165172934532166,0.3528957806881026
UBFC_PHYS_s15_T1_test,49,206,55.86666666666667,0.31736433506011963,0.04577439343055198
UBFC_PHYS_s15_T1_test,49,207,55.9,0.3031318783760071,-0.29986479525069615
UBFC_PHYS_s15_T1_test,49,208,55.93333333333333,0.32912492752075195,-0.6601892035397796
UBFC_PHYS_s15_T1_test,49,209,55.96666666666667,0.3618576228618622,-0.9942032978366464
UBFC_PHYS_s15_T1_test,49,210,56.0,0.37914127111434937,-1.2480272250289925
UBFC_PHYS_s15_T1_test,49,211,56.03333333333333,0.3512943387031555,-1.3656624931392443
UBFC_PHYS_s15_T1_test,49,212,56.06666666666667,0.2740876376628876,-1.304315870448852
UBFC_PHYS_s15_T1_test,49,213,56.1,0.18946538865566254,-1.0496012904843435
UBFC_PHYS_s15_T1_test,49,214,56.13333333333333,0.11895973235368729,-0.6246351175577385
UBFC_PHYS_s15_T1_test,49,215,56.166666666666664,0.04293103143572807,-0.08853913104917649
UBFC_PHYS_s15_T1_test,49,216,56.2,-0.057101648300886154,0.47606853274594035
UBFC_PHYS_s15_T1_test,49,217,56.233333333333334,-0.18225836753845215,0.9827627731537888
UBFC_PHYS_s15_T1_test,49,218,56.266666666666666,-0.26535502076148987,1.3621523985966446
UBFC_PHYS_s15_T1_test,49,219,56.3,-0.16555407643318176,1.5776083308369657
UBFC_PHYS_s15_T1_test,49,220,56.333333333333336,0.12983201444149017,1.6306405627651421
UBFC_PHYS_s15_T1_test,49,221,56.36666666666667,0.4662160575389862,1.5534759640287747
UBFC_PHYS_s15_T1_test,49,222,56.4,0.7177074551582336,1.3911821630699865
UBFC_PHYS_s15_T1_test,49,223,56.43333333333333,0.8666557669639587,1.1809098916212712
UBFC_PHYS_s15_T1_test,49,224,56.46666666666667,0.9237207174301147,0.9384751250863484
UBFC_PHYS_s15_T1_test,49,225,56.5,0.9144513010978699,0.6592109983822632
UBFC_PHYS_s15_T1_test,49,226,56.53333333333333,0.9006823301315308,0.33119550702047185
UBFC_PHYS_s15_T1_test,49,227,56.56666666666667,0.9394015073776245,-0.04843671747890034
UBFC_PHYS_s15_T1_test,49,228,56.6,1.036112666130066,-0.4633322635600381
UBFC_PHYS_s15_T1_test,49,229,56.63333333333333,1.1434450149536133,-0.8776689268371218
UBFC_PHYS_s15_T1_test,49,230,56.666666666666664,1.2031556367874146,-1.244118637718007
UBFC_PHYS_s15_T1_test,49,231,56.7,1.1551669836044312,-1.5157911866183535
UBFC_PHYS_s15_T1_test,49,232,56.733333333333334,0.9052591323852539,-1.6582871149878886
UBFC_PHYS_s15_T1_test,49,233,56.766666666666666,0.4120863974094391,-1.6590582577502004
UBFC_PHYS_s15_T1_test,49,234,56.8,-0.18061691522598267,-1.5313952511555626
UBFC_PHYS_s15_T1_test,49,235,56.833333333333336,-0.6878096461296082,-1.3107019919073302
UBFC_PHYS_s15_T1_test,49,236,56.86666666666667,-1.0779950618743896,-1.0429504238228535
UBFC_PHYS_s15_T1_test,49,237,56.9,-1.42787766456604,-0.7688845857640478
UBFC_PHYS_s15_T1_test,49,238,56.93333333333333,-1.7480401992797852,-0.5106110347086652
UBFC_PHYS_s15_T1_test,49,239,56.96666666666667,-1.9141756296157837,-0.2672487584413429
UBFC_PHYS_s15_T1_test,50,0,50.0,0.2838398516178131,0.11694986605553798
UBFC_PHYS_s15_T1_test,50,1,50.03333333333333,0.1519048660993576,0.11536218078117741
UBFC_PHYS_s15_T1_test,50,2,50.06666666666667,-0.0337156318128109,0.15491388720476262
UBFC_PHYS_s15_T1_test,50,3,50.1,-0.19017601013183594,0.26678431626354127
UBFC_PHYS_s15_T1_test,50,4,50.13333333333333,-0.3125712275505066,0.4623902681924483
UBFC_PHYS_s15_T1_test,50,5,50.166666666666664,-0.4429419934749603,0.7289083211632101
UBFC_PHYS_s15_T1_test,50,6,50.2,-0.5710919499397278,1.0304538496785667
UBFC_PHYS_s15_T1_test,50,7,50.233333333333334,-0.6030715107917786,1.3157706114247427
UBFC_PHYS_s15_T1_test,50,8,50.266666666666666,-0.4466111361980438,1.531131873087878
UBFC_PHYS_s15_T1_test,50,9,50.3,-0.1397734433412552,1.6345755164928801
UBFC_PHYS_s15_T1_test,50,10,50.333333333333336,0.16324061155319214,1.6063898422345748
UBFC_PHYS_s15_T1_test,50,11,50.36666666666667,0.333894819021225,1.4519106576490783
UBFC_PHYS_s15_T1_test,50,12,50.4,0.36170312762260437,1.1959048650055295
UBFC_PHYS_s15_T1_test,50,13,50.43333333333333,0.31788572669029236,0.8715308441742707
UBFC_PHYS_s15_T1_test,50,14,50.46666666666667,0.254370778799057,0.5091495424798171
UBFC_PHYS_s15_T1_test,50,15,50.5,0.1954905241727829,0.12988454034499394
UBFC_PHYS_s15_T1_test,50,16,50.53333333333333,0.17946211993694305,-0.2540343443299648
UBFC_PHYS_s15_T1_test,50,17,50.56666666666667,0.21175067126750946,-0.6336389893003573
UBFC_PHYS_s15_T1_test,50,18,50.6,0.24647243320941925,-0.9959713246957976
UBFC_PHYS_s15_T1_test,50,19,50.63333333333333,0.2570357322692871,-1.3189559294312725
UBFC_PHYS_s15_T1_test,50,20,50.666666666666664,0.2409687042236328,-1.5706339888660645
UBFC_PHYS_s15_T1_test,50,21,50.7,0.17318594455718994,-1.7132311231619257
UBFC_PHYS_s15_T1_test,50,22,50.733333333333334,0.04493940994143486,-1.7114130315727691
UBFC_PHYS_s15_T1_test,50,23,50.766666666666666,-0.08390577137470245,-1.5431274410741116
UBFC_PHYS_s15_T1_test,50,24,50.8,-0.1544886827468872,-1.210079807704206
UBFC_PHYS_s15_T1_test,50,25,50.833333333333336,-0.20676444470882416,-0.7438394409841625
UBFC_PHYS_s15_T1_test,50,26,50.86666666666667,-0.3162596821784973,-0.20397149765569994
UBFC_PHYS_s15_T1_test,50,27,50.9,-0.4600904583930969,0.333046092260046
UBFC_PHYS_s15_T1_test,50,28,50.93333333333333,-0.5112075209617615,0.7915755160947282
UBFC_PHYS_s15_T1_test,50,29,50.96666666666667,-0.37579649686813354,1.1151694171180364
UBFC_PHYS_s15_T1_test,50,30,51.0,-0.09736577421426773,1.278266690321207
UBFC_PHYS_s15_T1_test,50,31,51.03333333333333,0.17702889442443848,1.2866560469519932
UBFC_PHYS_s15_T1_test,50,32,51.06666666666667,0.33920544385910034,1.1678709635562332
UBFC_PHYS_s15_T1_test,50,33,51.1,0.39101773500442505,0.957479345381876
UBFC_PHYS_s15_T1_test,50,34,51.13333333333333,0.36788275837898254,0.6877157006264543
UBFC_PHYS_s15_T1_test,50,35,51.166666666666664,0.29243341088294983,0.381955576873249
UBFC_PHYS_s15_T1_test,50,36,51.2,0.21049542725086212,0.05505597931607814
UBFC_PHYS_s15_T1_test,50,37,51.233333333333334,0.18262918293476105,-0.2824145600906714
UBFC_PHYS_s15_T1_test,50,38,51.266666666666666,0.20964573323726654,-0.6182236589553699
UBFC_PHYS_s15_T1_test,50,39,51.3,0.23957829177379608,-0.9327230342825974
UBFC_PHYS_s15_T1_test,50,40,51.333333333333336,0.247148334980011,-1.1956262131294475
UBFC_PHYS_s15_T1_test,50,41,51.36666666666667,0.23185376822948456,-1.3677212037134376
UBFC_PHYS_s15_T1_test,50,42,51.4,0.1874956339597702,-1.408437075934308
UBFC_PHYS_s15_T1_test,50,43,51.43333333333333,0.11250974982976913,-1.2876559321675383
UBFC_PHYS_s15_T1_test,50,44,51.46666666666667,0.02114785462617874,-0.9979698796893848
UBFC_PHYS_s15_T1_test,50,45,51.5,-0.06550207734107971,-0.56272032625963
UBFC_PHYS_s15_T1_test,50,46,51.53333333333333,-0.14297913014888763,-0.03603775419129556
UBFC_PHYS_s15_T1_test,50,47,51.56666666666667,-0.25374892354011536,0.5064886361488848
UBFC_PHYS_s15_T1_test,50,48,51.6,-0.42608320713043213,0.9846332205742194
UBFC_PHYS_s15_T1_test,50,49,51.63333333333333,-0.5716906189918518,1.3328312198541221
UBFC_PHYS_s15_T1_test,50,50,51.666666666666664,-0.5427815914154053,1.5151593338085636
UBFC_PHYS_s15_T1_test,50,51,51.7,-0.3144444227218628,1.5302254927433243
UBFC_PHYS_s15_T1_test,50,52,51.733333333333334,-0.015871962532401085,1.4043256197447813
UBFC_PHYS_s15_T1_test,50,53,51.766666666666666,0.20460547506809235,1.176675229264351
UBFC_PHYS_s15_T1_test,50,54,51.8,0.28789523243904114,0.8843111038753818
UBFC_PHYS_s15_T1_test,50,55,51.833333333333336,0.26607343554496765,0.5536389464421948
UBFC_PHYS_s15_T1_test,50,56,51.86666666666667,0.20951054990291595,0.2005874216728785
UBFC_PHYS_s15_T1_test,50,57,51.9,0.16774015128612518,-0.163769226734652
UBFC_PHYS_s15_T1_test,50,58,51.93333333333333,0.15308284759521484,-0.5265310309873971
UBFC_PHYS_s15_T1_test,50,59,51.96666666666667,0.16687114536762238,-0.8680661930754091
UBFC_PHYS_s15_T1_test,50,60,52.0,0.19230416417121887,-1.1601049061847781
UBFC_PHYS_s15_T1_test,50,61,52.03333333333333,0.20236536860466003,-1.367412494156105
UBFC_PHYS_s15_T1_test,50,62,52.06666666666667,0.1985996514558792,-1.4533978625937893
UBFC_PHYS_s15_T1_test,50,63,52.1,0.17503982782363892,-1.3891885016561225
UBFC_PHYS_s15_T1_test,50,64,52.13333333333333,0.09482057392597198,-1.1639469900472428
UBFC_PHYS_s15_T1_test,50,65,52.166666666666664,-0.02707253396511078,-0.792757403485419
UBFC_PHYS_s15_T1_test,50,66,52.2,-0.1208290383219719,-0.3186116832174059
UBFC_PHYS_s15_T1_test,50,67,52.233333333333334,-0.18370671570301056,0.1932578408202005
UBFC_PHYS_s15_T1_test,50,68,52.266666666666666,-0.2915991246700287,0.6680661803484901
UBFC_PHYS_s15_T1_test,50,69,52.3,-0.4450855553150177,1.038077768157883
UBFC_PHYS_s15_T1_test,50,70,52.333333333333336,-0.5269463062286377,1.2581134138242183
UBFC_PHYS_s15_T1_test,50,71,52.36666666666667,-0.43739965558052063,1.314631560956486
UBFC_PHYS_s15_T1_test,50,72,52.4,-0.20071999728679657,1.2249871114150757
UBFC_PHYS_s15_T1_test,50,73,52.43333333333333,0.057646267116069794,1.0272819083282732
UBFC_PHYS_s15_T1_test,50,74,52.46666666666667,0.22731560468673706,0.7653492863426882
UBFC_PHYS_s15_T1_test,50,75,52.5,0.29050227999687195,0.47540478870294667
UBFC_PHYS_s15_T1_test,50,76,52.53333333333333,0.2797844707965851,0.17936980416708664
UBFC_PHYS_s15_T1_test,50,77,52.56666666666667,0.22202429175376892,-0.11381643102419438
UBFC_PHYS_s15_T1_test,50,78,52.6,0.16513311862945557,-0.40106934867484473
UBFC_PHYS_s15_T1_test,50,79,52.63333333333333,0.17440256476402283,-0.6762840698677615
UBFC_PHYS_s15_T1_test,50,80,52.666666666666664,0.24878980219364166,-0.9237957003142769
UBFC_PHYS_s15_T1_test,50,81,52.7,0.3210334777832031,-1.1169209762274577
UBFC_PHYS_s15_T1_test,50,82,52.733333333333334,0.33893507719039917,-1.222387896332899
UBFC_PHYS_s15_T1_test,50,83,52.766666666666666,0.29308998584747314,-1.2093318252894156
UBFC_PHYS_s15_T1_test,50,84,52.8,0.2002411186695099,-1.059701529513133
UBFC_PHYS_s15_T1_test,50,85,52.833333333333336,0.10308582335710526,-0.7763156907474523
UBFC_PHYS_s15_T1_test,50,86,52.86666666666667,0.027462659403681755,-0.3858848495806903
UBFC_PHYS_s15_T1_test,50,87,52.9,-0.06822497397661209,0.0638148203118263
UBFC_PHYS_s15_T1_test,50,88,52.93333333333333,-0.22489778697490692,0.5118994875660794
UBFC_PHYS_s15_T1_test,50,89,52.96666666666667,-0.3708721101284027,0.8958500945115605
UBFC_PHYS_s15_T1_test,50,90,53.0,-0.35980671644210815,1.1642420514995737
UBFC_PHYS_s15_T1_test,50,91,53.03333333333333,-0.1469958871603012,1.2875457964376869
UBFC_PHYS_s15_T1_test,50,92,53.06666666666667,0.12363307923078537,1.2630411400490533
UBFC_PHYS_s15_T1_test,50,93,53.1,0.3015676736831665,1.111390215589587
UBFC_PHYS_s15_T1_test,50,94,53.13333333333333,0.3612782955169678,0.8667167627372031
UBFC_PHYS_s15_T1_test,50,95,53.166666666666664,0.34611889719963074,0.5654209851715136
UBFC_PHYS_s15_T1_test,50,96,53.2,0.2814066410064697,0.23823276723038325
UBFC_PHYS_s15_T1_test,50,97,53.233333333333334,0.19496911764144897,-0.09287319251031873
UBFC_PHYS_s15_T1_test,50,98,53.266666666666666,0.14197884500026703,-0.4131633332025522
UBFC_PHYS_s15_T1_test,50,99,53.3,0.152909055352211,-0.710192429727934
UBFC_PHYS_s15_T1_test,50,100,53.333333333333336,0.18651075661182404,-0.9676224112234033
UBFC_PHYS_s15_T1_test,50,101,53.36666666666667,0.179713174700737,-1.1609965988179427
UBFC_PHYS_s15_T1_test,50,102,53.4,0.11930733919143677,-1.2585844476405552
UBFC_PHYS_s15_T1_test,50,103,53.43333333333333,0.03354572877287865,-1.2286446198228815
UBFC_PHYS_s15_T1_test,50,104,53.46666666666667,-0.06009490787982941,-1.0513118588297838
UBFC_PHYS_s15_T1_test,50,105,53.5,-0.16051381826400757,-0.730438912833121
UBFC_PHYS_s15_T1_test,50,106,53.53333333333333,-0.27910467982292175,-0.299861539927776
UBFC_PHYS_s15_T1_test,50,107,53.56666666666667,-0.42739638686180115,0.1797650713840765
UBFC_PHYS_s15_T1_test,50,108,53.6,-0.5457748174667358,0.633815556039653
UBFC_PHYS_s15_T1_test,50,109,53.63333333333333,-0.5000069737434387,0.9923919744242656
UBFC_PHYS_s15_T1_test,50,110,53.666666666666664,-0.24799413979053497,1.208165890552436
UBFC_PHYS_s15_T1_test,50,111,53.7,0.04833820462226868,1.2664767543595867
UBFC_PHYS_s15_T1_test,50,112,53.733333333333334,0.2061503827571869,1.183780669637636
UBFC_PHYS_s15_T1_test,50,113,53.766666666666666,0.23430630564689636,0.9957145807647038
UBFC_PHYS_s15_T1_test,50,114,53.8,0.23262621462345123,0.7410442267980258
UBFC_PHYS_s15_T1_test,50,115,53.833333333333336,0.21074648201465607,0.44943464242694725
UBFC_PHYS_s15_T1_test,50,116,53.86666666666667,0.15379737317562103,0.13794532443211932
UBFC_PHYS_s15_T1_test,50,117,53.9,0.10036292672157288,-0.18415182120944695
UBFC_PHYS_s15_T1_test,50,118,53.93333333333333,0.09563165158033371,-0.5066068606603803
UBFC_PHYS_s15_T1_test,50,119,53.96666666666667,0.13782690465450287,-0.8107519923927796
UBFC_PHYS_s15_T1_test,50,120,54.0,0.17666198313236237,-1.0668508087658963
UBFC_PHYS_s15_T1_test,50,121,54.03333333333333,0.15142208337783813,-1.237131901461898
UBFC_PHYS_s15_T1_test,50,122,54.06666666666667,0.05863114446401596,-1.283722764663391
UBFC_PHYS_s15_T1_test,50,123,54.1,-0.06596554815769196,-1.1796192326919468
UBFC_PHYS_s15_T1_test,50,124,54.13333333333333,-0.19436657428741455,-0.9196176436866315
UBFC_PHYS_s15_T1_test,50,125,54.166666666666664,-0.3250463306903839,-0.527305910182048
UBFC_PHYS_s15_T1_test,50,126,54.2,-0.47272005677223206,-0.054675014896972074
UBFC_PHYS_s15_T1_test,50,127,54.233333333333334,-0.617806077003479,0.4270812280638194
UBFC_PHYS_s15_T1_test,50,128,54.266666666666666,-0.6552314162254333,0.8438901205880875
UBFC_PHYS_s15_T1_test,50,129,54.3,-0.48986852169036865,1.1372401464749053
UBFC_PHYS_s15_T1_test,50,130,54.333333333333336,-0.19459831714630127,1.277757702442303
UBFC_PHYS_s15_T1_test,50,131,54.36666666666667,0.07261254638433456,1.2683172534299296
UBFC_PHYS_s15_T1_test,50,132,54.4,0.23992589116096497,1.1360639652471987
UBFC_PHYS_s15_T1_test,50,133,54.43333333333333,0.3204541504383087,0.9181804372639875
UBFC_PHYS_s15_T1_test,50,134,54.46666666666667,0.33113330602645874,0.648534149451667
UBFC_PHYS_s15_T1_test,50,135,54.5,0.2939783036708832,0.35051485116286485
UBFC_PHYS_s15_T1_test,50,136,54.53333333333333,0.24819114804267883,0.037069874349727916
UBFC_PHYS_s15_T1_test,50,137,54.56666666666667,0.2266203910112381,-0.2844597567805826
UBFC_PHYS_s15_T1_test,50,138,54.6,0.23610225319862366,-0.6055715007306222
UBFC_PHYS_s15_T1_test,50,139,54.63333333333333,0.25554877519607544,-0.9100296383975687
UBFC_PHYS_s15_T1_test,50,140,54.666666666666664,0.2559349834918976,-1.169810125062565
UBFC_PHYS_s15_T1_test,50,141,54.7,0.2099740207195282,-1.346163389538996
UBFC_PHYS_s15_T1_test,50,142,54.733333333333334,0.10459210723638535,-1.3971091299696539
UBFC_PHYS_s15_T1_test,50,143,54.766666666666666,-0.03193898871541023,-1.289963979343136
UBFC_PHYS_s15_T1_test,50,144,54.8,-0.15871785581111908,-1.014753953476653
UBFC_PHYS_s15_T1_test,50,145,54.833333333333336,-0.28903070092201233,-0.5931542127757932
UBFC_PHYS_s15_T1_test,50,146,54.86666666666667,-0.44684287905693054,-0.07877288150977826
UBFC_PHYS_s15_T1_test,50,147,54.9,-0.5932806730270386,0.4524420509152908
UBFC_PHYS_s15_T1_test,50,148,54.93333333333333,-0.6175163984298706,0.9194143070734243
UBFC_PHYS_s15_T1_test,50,149,54.96666666666667,-0.429153710603714,1.255542355173505
UBFC_PHYS_s15_T1_test,50,150,55.0,-0.09157237410545349,1.4239912269248505
UBFC_PHYS_s15_T1_test,50,151,55.03333333333333,0.21348868310451508,1.4230804403065576
UBFC_PHYS_s15_T1_test,50,152,55.06666666666667,0.39598074555397034,1.280052248216995
UBFC_PHYS_s15_T1_test,50,153,55.1,0.4777449071407318,1.0365791721434632
UBFC_PHYS_s15_T1_test,50,154,55.13333333333333,0.47135287523269653,0.7330827213124513
UBFC_PHYS_s15_T1_test,50,155,55.166666666666664,0.39893537759780884,0.39888855973478554
UBFC_PHYS_s15_T1_test,50,156,55.2,0.3433380722999573,0.051168738999059195
UBFC_PHYS_s15_T1_test,50,157,55.233333333333334,0.3511977791786194,-0.299360912303954
UBFC_PHYS_s15_T1_test,50,158,55.266666666666666,0.3738113343715668,-0.6405310447737784
UBFC_PHYS_s15_T1_test,50,159,55.3,0.37242093682289124,-0.9526979528003998
UBFC_PHYS_s15_T1_test,50,160,55.333333333333336,0.35239508748054504,-1.2067827348857656
UBFC_PHYS_s15_T1_test,50,161,55.36666666666667,0.2936306893825531,-1.3668702666124701
UBFC_PHYS_s15_T1_test,50,162,55.4,0.17961661517620087,-1.3971743084452604
UBFC_PHYS_s15_T1_test,50,163,55.43333333333333,0.04959344118833542,-1.272365611973777
UBFC_PHYS_s15_T1_test,50,164,55.46666666666667,-0.05833757668733597,-0.9884686995919872
UBFC_PHYS_s15_T1_test,50,165,55.5,-0.1657278686761856,-0.5700520486279477
UBFC_PHYS_s15_T1_test,50,166,55.53333333333333,-0.31318917870521545,-0.06991017407149062
UBFC_PHYS_s15_T1_test,50,167,55.56666666666667,-0.47884175181388855,0.440176698875813
UBFC_PHYS_s15_T1_test,50,168,55.6,-0.5574195384979248,0.8857180268433349
UBFC_PHYS_s15_T1_test,50,169,55.63333333333333,-0.43734171986579895,1.2076555832009146
UBFC_PHYS_s15_T1_test,50,170,55.666666666666664,-0.13202960789203644,1.3753449565977829
UBFC_PHYS_s15_T1_test,50,171,55.7,0.20099425315856934,1.3890369204253334
UBFC_PHYS_s15_T1_test,50,172,55.733333333333334,0.41341888904571533,1.2719186423334534
UBFC_PHYS_s15_T1_test,50,173,55.766666666666666,0.4806222915649414,1.0570149665448274
UBFC_PHYS_s15_T1_test,50,174,55.8,0.4534705579280853,0.7755123452386542
UBFC_PHYS_s15_T1_test,50,175,55.833333333333336,0.38165172934532166,0.4506488037167368
UBFC_PHYS_s15_T1_test,50,176,55.86666666666667,0.31736433506011963,0.09777155224807682
UBFC_PHYS_s15_T1_test,50,177,55.9,0.3031318783760071,-0.2713214779427055
UBFC_PHYS_s15_T1_test,50,178,55.93333333333333,0.32912492752075195,-0.6422751040289462
UBFC_PHYS_s15_T1_test,50,179,55.96666666666667,0.3618576228618622,-0.9925767696938833
UBFC_PHYS_s15_T1_test,50,180,56.0,0.37914127111434937,-1.2887139161895456
UBFC_PHYS_s15_T1_test,50,181,56.03333333333333,0.3512943387031555,-1.4882073063367773
UBFC_PHYS_s15_T1_test,50,182,56.06666666666667,0.2740876376628876,-1.5475284144173334
UBFC_PHYS_s15_T1_test,50,183,56.1,0.18946538865566254,-1.4346535290674172
UBFC_PHYS_s15_T1_test,50,184,56.13333333333333,0.11895973235368729,-1.1423674525052983
UBFC_PHYS_s15_T1_test,50,185,56.166666666666664,0.04293103143572807,-0.6969539952812054
UBFC_PHYS_s15_T1_test,50,186,56.2,-0.057101648300886154,-0.15778541486860592
UBFC_PHYS_s15_T1_test,50,187,56.233333333333334,-0.18225836753845215,0.39372368210532244
UBFC_PHYS_s15_T1_test,50,188,56.266666666666666,-0.26535502076148987,0.8734242013022394
UBFC_PHYS_s15_T1_test,50,189,56.3,-0.16555407643318176,1.2159162712872957
UBFC_PHYS_s15_T1_test,50,190,56.333333333333336,0.12983201444149017,1.3901074147416668
UBFC_PHYS_s15_T1_test,50,191,56.36666666666667,0.4662160575389862,1.4023785505756479
UBFC_PHYS_s15_T1_test,50,192,56.4,0.7177074551582336,1.286465752341671
UBFC_PHYS_s15_T1_test,50,193,56.43333333333333,0.8666557669639587,1.0856546311339184
UBFC_PHYS_s15_T1_test,50,194,56.46666666666667,0.9237207174301147,0.8363061481361075
UBFC_PHYS_s15_T1_test,50,195,56.5,0.9144513010978699,0.5599168320175618
UBFC_PHYS_s15_T1_test,50,196,56.53333333333333,0.9006823301315308,0.26498880137444103
UBFC_PHYS_s15_T1_test,50,197,56.56666666666667,0.9394015073776245,-0.04531116328842068
UBFC_PHYS_s15_T1_test,50,198,56.6,1.036112666130066,-0.36467361767992784
UBFC_PHYS_s15_T1_test,50,199,56.63333333333333,1.1434450149536133,-0.6773923075826325
UBFC_PHYS_s15_T1_test,50,200,56.666666666666664,1.2031556367874146,-0.9557361507325964
UBFC_PHYS_s15_T1_test,50,201,56.7,1.1551669836044312,-1.161781827294408
UBFC_PHYS_s15_T1_test,50,202,56.733333333333334,0.9052591323852539,-1.254179377679118
UBFC_PHYS_s15_T1_test,50,203,56.766666666666666,0.4120863974094391,-1.199144064631214
UBFC_PHYS_s15_T1_test,50,204,56.8,-0.18061691522598267,-0.9828456823841802
UBFC_PHYS_s15_T1_test,50,205,56.833333333333336,-0.6878096461296082,-0.6207349902091961
UBFC_PHYS_s15_T1_test,50,206,56.86666666666667,-1.0779950618743896,-0.15965035768137953
UBFC_PHYS_s15_T1_test,50,207,56.9,-1.42787766456604,0.3293781679748814
UBFC_PHYS_s15_T1_test,50,208,56.93333333333333,-1.7480401992797852,0.76673505547032
UBFC_PHYS_s15_T1_test,50,209,56.96666666666667,-1.9141756296157837,1.0839676325019272
UBFC_PHYS_s15_T1_test,50,210,57.0,-1.7939625978469849,1.2407040358982202
UBFC_PHYS_s15_T1_test,50,211,57.03333333333333,-1.4272983074188232,1.2320523901866545
UBFC_PHYS_s15_T1_test,50,212,57.06666666666667,-1.0074121952056885,1.0840119825243375
UBFC_PHYS_s15_T1_test,50,213,57.1,-0.671665370464325,0.839924877302636
UBFC_PHYS_s15_T1_test,50,214,57.13333333333333,-0.4681432843208313,0.5443306793369153
UBFC_PHYS_s15_T1_test,50,215,57.166666666666664,-0.37969738245010376,0.23062000270090416
UBFC_PHYS_s15_T1_test,50,216,57.2,-0.341094046831131,-0.08365389755277888
UBFC_PHYS_s15_T1_test,50,217,57.233333333333334,-0.2926226258277893,-0.39350287651157373
UBFC_PHYS_s15_T1_test,50,218,57.266666666666666,-0.22010858356952667,-0.6979645853218059
UBFC_PHYS_s15_T1_test,50,219,57.3,-0.13044607639312744,-0.9904839608862118
UBFC_PHYS_s15_T1_test,50,220,57.333333333333336,-0.03788687661290169,-1.252245242482291
UBFC_PHYS_s15_T1_test,50,221,57.36666666666667,0.03051384910941124,-1.4512091542382728
UBFC_PHYS_s15_T1_test,50,222,57.4,0.051003169268369675,-1.5478029091408032
UBFC_PHYS_s15_T1_test,50,223,57.43333333333333,0.015759993344545364,-1.5059771176926846
UBFC_PHYS_s15_T1_test,50,224,57.46666666666667,-0.06349369883537292,-1.306046382327555
UBFC_PHYS_s15_T1_test,50,225,57.5,-0.1353125274181366,-0.9546382436389581
UBFC_PHYS_s15_T1_test,50,226,57.53333333333333,-0.12517409026622772,-0.4880306516888272
UBFC_PHYS_s15_T1_test,50,227,57.56666666666667,-0.009595781564712524,0.03267126361254392
UBFC_PHYS_s15_T1_test,50,228,57.6,0.18176017701625824,0.5338284292869044
UBFC_PHYS_s15_T1_test,50,229,57.63333333333333,0.45341262221336365,0.9461054561986852
UBFC_PHYS_s15_T1_test,50,230,57.666666666666664,0.8978435397148132,1.2208461890554474
UBFC_PHYS_s15_T1_test,50,231,57.7,1.6173064708709717,1.3403793687156174
UBFC_PHYS_s15_T1_test,50,232,57.733333333333334,2.56620717048645,1.3186495991760527
UBFC_PHYS_s15_T1_test,50,233,57.766666666666666,3.484344959259033,1.1926514825569285
UBFC_PHYS_s15_T1_test,50,234,57.8,4.0119500160217285,1.0092059193367575
UBFC_PHYS_s15_T1_test,50,235,57.833333333333336,3.9309773445129395,0.8126558016944672
UBFC_PHYS_s15_T1_test,50,236,57.86666666666667,3.311972141265869,0.6362568141914853
UBFC_PHYS_s15_T1_test,50,237,57.9,2.5273334980010986,0.4970249499535582
UBFC_PHYS_s15_T1_test,50,238,57.93333333333333,2.0430054664611816,0.39380567455964
UBFC_PHYS_s15_T1_test,50,239,57.96666666666667,2.158236026763916,0.3095898690660874
UBFC_PHYS_s15_T1_test,51,0,51.0,-0.09736577421426773,-0.16237811089754584
UBFC_PHYS_s15_T1_test,51,1,51.03333333333333,0.17702889442443848,0.342696566529264
UBFC_PHYS_s15_T1_test,51,2,51.06666666666667,0.33920544385910034,0.7397379631474306
UBFC_PHYS_s15_T1_test,51,3,51.1,0.39101773500442505,0.94464275211486
UBFC_PHYS_s15_T1_test,51,4,51.13333333333333,0.36788275837898254,0.9220010112442812
UBFC_PHYS_s15_T1_test,51,5,51.166666666666664,0.29243341088294983,0.6897145753550902
UBFC_PHYS_s15_T1_test,51,6,51.2,0.21049542725086212,0.3068228720626762
UBFC_PHYS_s15_T1_test,51,7,51.233333333333334,0.18262918293476105,-0.1488071595582815
UBFC_PHYS_s15_T1_test,51,8,51.266666666666666,0.20964573323726654,-0.6019062257220418
UBFC_PHYS_s15_T1_test,51,9,51.3,0.23957829177379608,-0.9917290699843002
UBFC_PHYS_s15_T1_test,51,10,51.333333333333336,0.247148334980011,-1.2736348475330614
UBFC_PHYS_s15_T1_test,51,11,51.36666666666667,0.23185376822948456,-1.4162141438831395
UBFC_PHYS_s15_T1_test,51,12,51.4,0.1874956339597702,-1.4003189860226597
UBFC_PHYS_s15_T1_test,51,13,51.43333333333333,0.11250974982976913,-1.2220333664209835
UBFC_PHYS_s15_T1_test,51,14,51.46666666666667,0.02114785462617874,-0.8971191020282714
UBFC_PHYS_s15_T1_test,51,15,51.5,-0.06550207734107971,-0.46272330173804854
UBFC_PHYS_s15_T1_test,51,16,51.53333333333333,-0.14297913014888763,0.026388840541106174
UBFC_PHYS_s15_T1_test,51,17,51.56666666666667,-0.25374892354011536,0.5068967740023549
UBFC_PHYS_s15_T1_test,51,18,51.6,-0.42608320713043213,0.9189076925795948
UBFC_PHYS_s15_T1_test,51,19,51.63333333333333,-0.5716906189918518,1.217608246955184
UBFC_PHYS_s15_T1_test,51,20,51.666666666666664,-0.5427815914154053,1.3813601492276302
UBFC_PHYS_s15_T1_test,51,21,51.7,-0.3144444227218628,1.4134453969897138
UBFC_PHYS_s15_T1_test,51,22,51.733333333333334,-0.015871962532401085,1.3357904984493114
UBFC_PHYS_s15_T1_test,51,23,51.766666666666666,0.20460547506809235,1.1762931025169996
UBFC_PHYS_s15_T1_test,51,24,51.8,0.28789523243904114,0.9561998826013574
UBFC_PHYS_s15_T1_test,51,25,51.833333333333336,0.26607343554496765,0.6851733114865757
UBFC_PHYS_s15_T1_test,51,26,51.86666666666667,0.20951054990291595,0.3662245087199503
UBFC_PHYS_s15_T1_test,51,27,51.9,0.16774015128612518,0.005669434890452031
UBFC_PHYS_s15_T1_test,51,28,51.93333333333333,0.15308284759521484,-0.3789370056832595
UBFC_PHYS_s15_T1_test,51,29,51.96666666666667,0.16687114536762238,-0.7569829351254383
UBFC_PHYS_s15_T1_test,51,30,52.0,0.19230416417121887,-1.0885963374414003
UBFC_PHYS_s15_T1_test,51,31,52.03333333333333,0.20236536860466003,-1.3310055353089685
UBFC_PHYS_s15_T1_test,51,32,52.06666666666667,0.1985996514558792,-1.4453279568602857
UBFC_PHYS_s15_T1_test,51,33,52.1,0.17503982782363892,-1.4037289062185743
UBFC_PHYS_s15_T1_test,51,34,52.13333333333333,0.09482057392597198,-1.19717841539215
UBFC_PHYS_s15_T1_test,51,35,52.166666666666664,-0.02707253396511078,-0.8422213555142183
UBFC_PHYS_s15_T1_test,51,36,52.2,-0.1208290383219719,-0.38309464782276126
UBFC_PHYS_s15_T1_test,51,37,52.233333333333334,-0.18370671570301056,0.11427675857055392
UBFC_PHYS_s15_T1_test,51,38,52.266666666666666,-0.2915991246700287,0.576377368049992
UBFC_PHYS_s15_T1_test,51,39,52.3,-0.4450855553150177,0.9396661846282209
UBFC_PHYS_s15_T1_test,51,40,52.333333333333336,-0.5269463062286377,1.1646070044719374
UBFC_PHYS_s15_T1_test,51,41,52.36666666666667,-0.43739965558052063,1.2408839431674437
UBFC_PHYS_s15_T1_test,51,42,52.4,-0.20071999728679657,1.183423927812262
UBFC_PHYS_s15_T1_test,51,43,52.43333333333333,0.057646267116069794,1.022889390821143
UBFC_PHYS_s15_T1_test,51,44,52.46666666666667,0.22731560468673706,0.7946415072948201
UBFC_PHYS_s15_T1_test,51,45,52.5,0.29050227999687195,0.5289258519965713
UBFC_PHYS_s15_T1_test,51,46,52.53333333333333,0.2797844707965851,0.24489503884278332
UBFC_PHYS_s15_T1_test,51,47,52.56666666666667,0.22202429175376892,-0.049177711663257885
UBFC_PHYS_s15_T1_test,51,48,52.6,0.16513311862945557,-0.34945323809394824
UBFC_PHYS_s15_T1_test,51,49,52.63333333333333,0.17440256476402283,-0.6471670302079237
UBFC_PHYS_s15_T1_test,51,50,52.666666666666664,0.24878980219364166,-0.9216581630301455
UBFC_PHYS_s15_T1_test,51,51,52.7,0.3210334777832031,-1.140032899346348
UBFC_PHYS_s15_T1_test,51,52,52.733333333333334,0.33893507719039917,-1.263925200088189
UBFC_PHYS_s15_T1_test,51,53,52.766666666666666,0.29308998584747314,-1.2601123821809663
UBFC_PHYS_s15_T1_test,51,54,52.8,0.2002411186695099,-1.110691563797149
UBFC_PHYS_s15_T1_test,51,55,52.833333333333336,0.10308582335710526,-0.819842718574497
UBFC_PHYS_s15_T1_test,51,56,52.86666666666667,0.027462659403681755,-0.4160603741672159
UBFC_PHYS_s15_T1_test,51,57,52.9,-0.06822497397661209,0.050414229854344364
UBFC_PHYS_s15_T1_test,51,58,52.93333333333333,-0.22489778697490692,0.5154356900742622
UBFC_PHYS_s15_T1_test,51,59,52.96666666666667,-0.3708721101284027,0.9138643796174746
UBFC_PHYS_s15_T1_test,51,60,53.0,-0.35980671644210815,1.1945823271588676
UBFC_PHYS_s15_T1_test,51,61,53.03333333333333,-0.1469958871603012,1.331857984765066
UBFC_PHYS_s15_T1_test,51,62,53.06666666666667,0.12363307923078537,1.327507007305546
UBFC_PHYS_s15_T1_test,51,63,53.1,0.3015676736831665,1.2028031935962633
UBFC_PHYS_s15_T1_test,51,64,53.13333333333333,0.3612782955169678,0.9856986074256866
UBFC_PHYS_s15_T1_test,51,65,53.166666666666664,0.34611889719963074,0.7015211162445529
UBFC_PHYS_s15_T1_test,51,66,53.2,0.2814066410064697,0.3707994470584893
UBFC_PHYS_s15_T1_test,51,67,53.233333333333334,0.19496911764144897,0.011767368967352304
UBFC_PHYS_s15_T1_test,51,68,53.266666666666666,0.14197884500026703,-0.3562877613001958
UBFC_PHYS_s15_T1_test,51,69,53.3,0.152909055352211,-0.7104511757701966
UBFC_PHYS_s15_T1_test,51,70,53.333333333333336,0.18651075661182404,-1.0223441343636317
UBFC_PHYS_s15_T1_test,51,71,53.36666666666667,0.179713174700737,-1.257520759270758
UBFC_PHYS_s15_T1_test,51,72,53.4,0.11930733919143677,-1.3782085574095166
UBFC_PHYS_s15_T1_test,51,73,53.43333333333333,0.03354572877287865,-1.3513639296374251
UBFC_PHYS_s15_T1_test,51,74,53.46666666666667,-0.06009490787982941,-1.1607197191769547
UBFC_PHYS_s15_T1_test,51,75,53.5,-0.16051381826400757,-0.8176676928008554
UBFC_PHYS_s15_T1_test,51,76,53.53333333333333,-0.27910467982292175,-0.3649214677584545
UBFC_PHYS_s15_T1_test,51,77,53.56666666666667,-0.42739638686180115,0.13028181377720333
UBFC_PHYS_s15_T1_test,51,78,53.6,-0.5457748174667358,0.5917936330928371
UBFC_PHYS_s15_T1_test,51,79,53.63333333333333,-0.5000069737434387,0.953246269955471
UBFC_PHYS_s15_T1_test,51,80,53.666666666666664,-0.24799413979053497,1.1730370637662146
UBFC_PHYS_s15_T1_test,51,81,53.7,0.04833820462226868,1.2407323957017045
UBFC_PHYS_s15_T1_test,51,82,53.733333333333334,0.2061503827571869,1.1734930973931013
UBFC_PHYS_s15_T1_test,51,83,53.766666666666666,0.23430630564689636,1.0047141968890527
UBFC_PHYS_s15_T1_test,51,84,53.8,0.23262621462345123,0.7696964897069438
UBFC_PHYS_s15_T1_test,51,85,53.833333333333336,0.21074648201465607,0.4942773750404368
UBFC_PHYS_s15_T1_test,51,86,53.86666666666667,0.15379737317562103,0.19144346857282982
UBFC_PHYS_s15_T1_test,51,87,53.9,0.10036292672157288,-0.1327593760168161
UBFC_PHYS_s15_T1_test,51,88,53.93333333333333,0.09563165158033371,-0.46823332396083545
UBFC_PHYS_s15_T1_test,51,89,53.96666666666667,0.13782690465450287,-0.7921482847440102
UBFC_PHYS_s15_T1_test,51,90,54.0,0.17666198313236237,-1.0678710598392995
UBFC_PHYS_s15_T1_test,51,91,54.03333333333333,0.15142208337783813,-1.2517794901577377
UBFC_PHYS_s15_T1_test,51,92,54.06666666666667,0.05863114446401596,-1.3044234271044055
UBFC_PHYS_s15_T1_test,51,93,54.1,-0.06596554815769196,-1.201668574419116
UBFC_PHYS_s15_T1_test,51,94,54.13333333333333,-0.19436657428741455,-0.9429275186596628
UBFC_PHYS_s15_T1_test,51,95,54.166666666666664,-0.3250463306903839,-0.5550391748838962
UBFC_PHYS_s15_T1_test,51,96,54.2,-0.47272005677223206,-0.09037236772347043
UBFC_PHYS_s15_T1_test,51,97,54.233333333333334,-0.617806077003479,0.3822466386713346
UBFC_PHYS_s15_T1_test,51,98,54.266666666666666,-0.6552314162254333,0.7931781757272724
UBFC_PHYS_s15_T1_test,51,99,54.3,-0.48986852169036865,1.0897519196346037
UBFC_PHYS_s15_T1_test,51,100,54.333333333333336,-0.19459831714630127,1.248544716152953
UBFC_PHYS_s15_T1_test,51,101,54.36666666666667,0.07261254638433456,1.2757707521381252
UBFC_PHYS_s15_T1_test,51,102,54.4,0.23992589116096497,1.1961076316586576
UBFC_PHYS_s15_T1_test,51,103,54.43333333333333,0.3204541504383087,1.0372626500086801
UBFC_PHYS_s15_T1_test,51,104,54.46666666666667,0.33113330602645874,0.8191087664629325
UBFC_PHYS_s15_T1_test,51,105,54.5,0.2939783036708832,0.5518549002709804
UBFC_PHYS_s15_T1_test,51,106,54.53333333333333,0.24819114804267883,0.24122013914315854
UBFC_PHYS_s15_T1_test,51,107,54.56666666666667,0.2266203910112381,-0.10476616242798154
UBFC_PHYS_s15_T1_test,51,108,54.6,0.23610225319862366,-0.47071644019485526
UBFC_PHYS_s15_T1_test,51,109,54.63333333333333,0.25554877519607544,-0.8307929358469774
UBFC_PHYS_s15_T1_test,51,110,54.666666666666664,0.2559349834918976,-1.147783480818592
UBFC_PHYS_s15_T1_test,51,111,54.7,0.2099740207195282,-1.3761358396495817
UBFC_PHYS_s15_T1_test,51,112,54.733333333333334,0.10459210723638535,-1.4704018115656814
UBFC_PHYS_s15_T1_test,51,113,54.766666666666666,-0.03193898871541023,-1.397840553601585
UBFC_PHYS_s15_T1_test,51,114,54.8,-0.15871785581111908,-1.15077340494913
UBFC_PHYS_s15_T1_test,51,115,54.833333333333336,-0.28903070092201233,-0.7532335030414216
UBFC_PHYS_s15_T1_test,51,116,54.86666666666667,-0.44684287905693054,-0.25869925040587605
UBFC_PHYS_s15_T1_test,51,117,54.9,-0.5932806730270386,0.2604923694530566
UBFC_PHYS_s15_T1_test,51,118,54.93333333333333,-0.6175163984298706,0.7286144116246457
UBFC_PHYS_s15_T1_test,51,119,54.96666666666667,-0.429153710603714,1.0825310001194262
UBFC_PHYS_s15_T1_test,51,120,55.0,-0.09157237410545349,1.284316014197448
UBFC_PHYS_s15_T1_test,51,121,55.03333333333333,0.21348868310451508,1.327332507566781
UBFC_PHYS_s15_T1_test,51,122,55.06666666666667,0.39598074555397034,1.2332585342469176
UBFC_PHYS_s15_T1_test,51,123,55.1,0.4777449071407318,1.0400780673833432
UBFC_PHYS_s15_T1_test,51,124,55.13333333333333,0.47135287523269653,0.785927337306195
UBFC_PHYS_s15_T1_test,51,125,55.166666666666664,0.39893537759780884,0.496903224979343
UBFC_PHYS_s15_T1_test,51,126,55.2,0.3433380722999573,0.18479740104886658
UBFC_PHYS_s15_T1_test,51,127,55.233333333333334,0.3511977791786194,-0.14540390275590628
UBFC_PHYS_s15_T1_test,51,128,55.266666666666666,0.3738113343715668,-0.48420565546513017
UBFC_PHYS_s15_T1_test,51,129,55.3,0.37242093682289124,-0.8099005916060885
UBFC_PHYS_s15_T1_test,51,130,55.333333333333336,0.35239508748054504,-1.0882329325757591
UBFC_PHYS_s15_T1_test,51,131,55.36666666666667,0.2936306893825531,-1.2783314512198003
UBFC_PHYS_s15_T1_test,51,132,55.4,0.17961661517620087,-1.3418656110566831
UBFC_PHYS_s15_T1_test,51,133,55.43333333333333,0.04959344118833542,-1.252977786054009
UBFC_PHYS_s15_T1_test,51,134,55.46666666666667,-0.05833757668733597,-1.0072663891321116
UBFC_PHYS_s15_T1_test,51,135,55.5,-0.1657278686761856,-0.6276470351715698
UBFC_PHYS_s15_T1_test,51,136,55.53333333333333,-0.31318917870521545,-0.1639086616170222
UBFC_PHYS_s15_T1_test,51,137,55.56666666666667,-0.47884175181388855,0.3164148341880254
UBFC_PHYS_s15_T1_test,51,138,55.6,-0.5574195384979248,0.7443425891157348
UBFC_PHYS_s15_T1_test,51,139,55.63333333333333,-0.43734171986579895,1.0667248692936742
UBFC_PHYS_s15_T1_test,51,140,55.666666666666664,-0.13202960789203644,1.2566028017216446
UBFC_PHYS_s15_T1_test,51,141,55.7,0.20099425315856934,1.3123491787286252
UBFC_PHYS_s15_T1_test,51,142,55.733333333333334,0.41341888904571533,1.2485873639453628
UBFC_PHYS_s15_T1_test,51,143,55.766666666666666,0.4806222915649414,1.086292199636322
UBFC_PHYS_s15_T1_test,51,144,55.8,0.4534705579280853,0.8468234794535464
UBFC_PHYS_s15_T1_test,51,145,55.833333333333336,0.38165172934532166,0.5496115084917009
UBFC_PHYS_s15_T1_test,51,146,55.86666666666667,0.31736433506011963,0.21178158110777492
UBFC_PHYS_s15_T1_test,51,147,55.9,0.3031318783760071,-0.1505375513272721
UBFC_PHYS_s15_T1_test,51,148,55.93333333333333,0.32912492752075195,-0.518718754743959
UBFC_PHYS_s15_T1_test,51,149,55.96666666666667,0.3618576228618622,-0.8668485648074208
UBFC_PHYS_s15_T1_test,51,150,56.0,0.37914127111434937,-1.1589805792523844
UBFC_PHYS_s15_T1_test,51,151,56.03333333333333,0.3512943387031555,-1.3522932850644978
UBFC_PHYS_s15_T1_test,51,152,56.06666666666667,0.2740876376628876,-1.4069592813733887
UBFC_PHYS_s15_T1_test,51,153,56.1,0.18946538865566254,-1.2991677190203277
UBFC_PHYS_s15_T1_test,51,154,56.13333333333333,0.11895973235368729,-1.0314919351322172
UBFC_PHYS_s15_T1_test,51,155,56.166666666666664,0.04293103143572807,-0.6359606623049588
UBFC_PHYS_s15_T1_test,51,156,56.2,-0.057101648300886154,-0.16873427492506451
UBFC_PHYS_s15_T1_test,51,157,56.233333333333334,-0.18225836753845215,0.3015289118948572
UBFC_PHYS_s15_T1_test,51,158,56.266666666666666,-0.26535502076148987,0.7084922020160027
UBFC_PHYS_s15_T1_test,51,159,56.3,-0.16555407643318176,1.0027852670253452
UBFC_PHYS_s15_T1_test,51,160,56.333333333333336,0.12983201444149017,1.1622360905942573
UBFC_PHYS_s15_T1_test,51,161,56.36666666666667,0.4662160575389862,1.1933698868548672
UBFC_PHYS_s15_T1_test,51,162,56.4,0.7177074551582336,1.122536995482097
UBFC_PHYS_s15_T1_test,51,163,56.43333333333333,0.8666557669639587,0.9802491402943022
UBFC_PHYS_s15_T1_test,51,164,56.46666666666667,0.9237207174301147,0.7871668831712227
UBFC_PHYS_s15_T1_test,51,165,56.5,0.9144513010978699,0.5498216065559279
UBFC_PHYS_s15_T1_test,51,166,56.53333333333333,0.9006823301315308,0.26718846492291387
UBFC_PHYS_s15_T1_test,51,167,56.56666666666667,0.9394015073776245,-0.05805284434539441
UBFC_PHYS_s15_T1_test,51,168,56.6,1.036112666130066,-0.4109221046003215
UBFC_PHYS_s15_T1_test,51,169,56.63333333333333,1.1434450149536133,-0.7617386639164401
UBFC_PHYS_s15_T1_test,51,170,56.666666666666664,1.2031556367874146,-1.069258612439852
UBFC_PHYS_s15_T1_test,51,171,56.7,1.1551669836044312,-1.2870770302699042
UBFC_PHYS_s15_T1_test,51,172,56.733333333333334,0.9052591323852539,-1.3720580796767015
UBFC_PHYS_s15_T1_test,51,173,56.766666666666666,0.4120863974094391,-1.2945099973830856
UBFC_PHYS_s15_T1_test,51,174,56.8,-0.18061691522598267,-1.0484923962932542
UBFC_PHYS_s15_T1_test,51,175,56.833333333333336,-0.6878096461296082,-0.6583980128698684
UBFC_PHYS_s15_T1_test,51,176,56.86666666666667,-1.0779950618743896,-0.17754457014532457
UBFC_PHYS_s15_T1_test,51,177,56.9,-1.42787766456604,0.3227500204133531
UBFC_PHYS_s15_T1_test,51,178,56.93333333333333,-1.7480401992797852,0.7703067121635265
UBFC_PHYS_s15_T1_test,51,179,56.96666666666667,-1.9141756296157837,1.1086275393425693
UBFC_PHYS_s15_T1_test,51,180,57.0,-1.7939625978469849,1.3066202425560274
UBFC_PHYS_s15_T1_test,51,181,57.03333333333333,-1.4272983074188232,1.3593082730607675
UBFC_PHYS_s15_T1_test,51,182,57.06666666666667,-1.0074121952056885,1.281864685788099
UBFC_PHYS_s15_T1_test,51,183,57.1,-0.671665370464325,1.1011777907016809
UBFC_PHYS_s15_T1_test,51,184,57.13333333333333,-0.4681432843208313,0.8475946708999651
UBFC_PHYS_s15_T1_test,51,185,57.166666666666664,-0.37969738245010376,0.5478181417211215
UBFC_PHYS_s15_T1_test,51,186,57.2,-0.341094046831131,0.22070289028730045
UBFC_PHYS_s15_T1_test,51,187,57.233333333333334,-0.2926226258277893,-0.12174226441343453
UBFC_PHYS_s15_T1_test,51,188,57.266666666666666,-0.22010858356952667,-0.46834188989279923
UBFC_PHYS_s15_T1_test,51,189,57.3,-0.13044607639312744,-0.8014210930357012
UBFC_PHYS_s15_T1_test,51,190,57.333333333333336,-0.03788687661290169,-1.0928938208905665
UBFC_PHYS_s15_T1_test,51,191,57.36666666666667,0.03051384910941124,-1.3065163910438558
UBFC_PHYS_s15_T1_test,51,192,57.4,0.051003169268369675,-1.405615434622599
UBFC_PHYS_s15_T1_test,51,193,57.43333333333333,0.015759993344545364,-1.3631082052476682
UBFC_PHYS_s15_T1_test,51,194,57.46666666666667,-0.06349369883537292,-1.1704394450734952
UBFC_PHYS_s15_T1_test,51,195,57.5,-0.1353125274181366,-0.8431357858153307
UBFC_PHYS_s15_T1_test,51,196,57.53333333333333,-0.12517409026622772,-0.4214353109143764
UBFC_PHYS_s15_T1_test,51,197,57.56666666666667,-0.009595781564712524,0.03529983882036999
UBFC_PHYS_s15_T1_test,51,198,57.6,0.18176017701625824,0.4608786837377162
UBFC_PHYS_s15_T1_test,51,199,57.63333333333333,0.45341262221336365,0.7988975064093705
UBFC_PHYS_s15_T1_test,51,200,57.666666666666664,0.8978435397148132,1.01703993803676
UBFC_PHYS_s15_T1_test,51,201,57.7,1.6173064708709717,1.1114669301186701
UBFC_PHYS_s15_T1_test,51,202,57.733333333333334,2.56620717048645,1.099013504398698
UBFC_PHYS_s15_T1_test,51,203,57.766666666666666,3.484344959259033,1.0026482411289404
UBFC_PHYS_s15_T1_test,51,204,57.8,4.0119500160217285,0.839634340695535
UBFC_PHYS_s15_T1_test,51,205,57.833333333333336,3.9309773445129395,0.6189820884969648
UBFC_PHYS_s15_T1_test,51,206,57.86666666666667,3.311972141265869,0.3470795495269079
UBFC_PHYS_s15_T1_test,51,207,57.9,2.5273334980010986,0.03487582925748316
UBFC_PHYS_s15_T1_test,51,208,57.93333333333333,2.0430054664611816,-0.29848452392626207
UBFC_PHYS_s15_T1_test,51,209,57.96666666666667,2.158236026763916,-0.6257978649095101
UBFC_PHYS_s15_T1_test,51,210,58.0,2.881889581680298,-0.9135718137416384
UBFC_PHYS_s15_T1_test,51,211,58.03333333333333,3.91738224029541,-1.124398466894143
UBFC_PHYS_s15_T1_test,51,212,58.06666666666667,4.730563163757324,-1.2210318577209875
UBFC_PHYS_s15_T1_test,51,213,58.1,4.9246416091918945,-1.1735908107603443
UBFC_PHYS_s15_T1_test,51,214,58.13333333333333,4.486680030822754,-0.9688824060245314
UBFC_PHYS_s15_T1_test,51,215,58.166666666666664,3.619582176208496,-0.6181328247776579
UBFC_PHYS_s15_T1_test,51,216,58.2,2.4926888942718506,-0.15920923255948352
UBFC_PHYS_s15_T1_test,51,217,58.233333333333334,1.3048105239868164,0.348389438435971
UBFC_PHYS_s15_T1_test,51,218,58.266666666666666,0.32450953125953674,0.8346576842944796
UBFC_PHYS_s15_T1_test,51,219,58.3,-0.3282906413078308,1.233272758397962
UBFC_PHYS_s15_T1_test,51,220,58.333333333333336,-0.739467442035675,1.4952887107720843
UBFC_PHYS_s15_T1_test,51,221,58.36666666666667,-1.0108882188796997,1.5988453782789662
UBFC_PHYS_s15_T1_test,51,222,58.4,-1.1873936653137207,1.5515612942142298
UBFC_PHYS_s15_T1_test,51,223,58.43333333333333,-1.2675549983978271,1.3838757130728092
UBFC_PHYS_s15_T1_test,51,224,58.46666666666667,-1.2383756637573242,1.1354164632177794
UBFC_PHYS_s15_T1_test,51,225,58.5,-1.1329357624053955,0.8404345513288336
UBFC_PHYS_s15_T1_test,51,226,58.53333333333333,-1.0442581176757812,0.5194025110576137
UBFC_PHYS_s15_T1_test,51,227,58.56666666666667,-1.0333086252212524,0.1803281942436477
UBFC_PHYS_s15_T1_test,51,228,58.6,-1.0705409049987793,-0.17318824840610167
UBFC_PHYS_s15_T1_test,51,229,58.63333333333333,-1.081741452217102,-0.5339920976359401
UBFC_PHYS_s15_T1_test,51,230,58.666666666666664,-1.0059638023376465,-0.8879488052850864
UBFC_PHYS_s15_T1_test,51,231,58.7,-0.8310996890068054,-1.2145286943060705
UBFC_PHYS_s15_T1_test,51,232,58.733333333333334,-0.6158942580223083,-1.488668470924447
UBFC_PHYS_s15_T1_test,51,233,58.766666666666666,-0.437515527009964,-1.682490269761066
UBFC_PHYS_s15_T1_test,51,234,58.8,-0.31589275598526,-1.76788744036141
UBFC_PHYS_s15_T1_test,51,235,58.833333333333336,-0.2352486550807953,-1.7216818749595042
UBFC_PHYS_s15_T1_test,51,236,58.86666666666667,-0.19175954163074493,-1.5329631709153593
UBFC_PHYS_s15_T1_test,51,237,58.9,-0.17911063134670258,-1.209534128641351
UBFC_PHYS_s15_T1_test,51,238,58.93333333333333,-0.1930340975522995,-0.7799231687746996
UBFC_PHYS_s15_T1_test,51,239,58.96666666666667,-0.24843829870224,-0.2897001068754151
UBFC_PHYS_s15_T1_test,52,0,52.0,0.19230416417121887,0.05727907222034038
UBFC_PHYS_s15_T1_test,52,1,52.03333333333333,0.20236536860466003,-0.16346784500707467
UBFC_PHYS_s15_T1_test,52,2,52.06666666666667,0.1985996514558792,-0.3470958642865385
UBFC_PHYS_s15_T1_test,52,3,52.1,0.17503982782363892,-0.4558374084593283
UBFC_PHYS_s15_T1_test,52,4,52.13333333333333,0.09482057392597198,-0.4545894122173085
UBFC_PHYS_s15_T1_test,52,5,52.166666666666664,-0.02707253396511078,-0.3198430437746899
UBFC_PHYS_s15_T1_test,52,6,52.2,-0.1208290383219719,-0.051093227207221696
UBFC_PHYS_s15_T1_test,52,7,52.233333333333334,-0.18370671570301056,0.32142606961313636
UBFC_PHYS_s15_T1_test,52,8,52.266666666666666,-0.2915991246700287,0.7379925150116996
UBFC_PHYS_s15_T1_test,52,9,52.3,-0.4450855553150177,1.1211206379880372
UBFC_PHYS_s15_T1_test,52,10,52.333333333333336,-0.5269463062286377,1.3949067743836727
UBFC_PHYS_s15_T1_test,52,11,52.36666666666667,-0.43739965558052063,1.5057802515309366
UBFC_PHYS_s15_T1_test,52,12,52.4,-0.20071999728679657,1.437075519903192
UBFC_PHYS_s15_T1_test,52,13,52.43333333333333,0.057646267116069794,1.2115563088087584
UBFC_PHYS_s15_T1_test,52,14,52.46666666666667,0.22731560468673706,0.8807944159985195
UBFC_PHYS_s15_T1_test,52,15,52.5,0.29050227999687195,0.5059770738049836
UBFC_PHYS_s15_T1_test,52,16,52.53333333333333,0.2797844707965851,0.1383793224293546
UBFC_PHYS_s15_T1_test,52,17,52.56666666666667,0.22202429175376892,-0.19260020109587955
UBFC_PHYS_s15_T1_test,52,18,52.6,0.16513311862945557,-0.4801672415300145
UBFC_PHYS_s15_T1_test,52,19,52.63333333333333,0.17440256476402283,-0.7313229570554904
UBFC_PHYS_s15_T1_test,52,20,52.666666666666664,0.24878980219364166,-0.9537464793427934
UBFC_PHYS_s15_T1_test,52,21,52.7,0.3210334777832031,-1.1444205359446782
UBFC_PHYS_s15_T1_test,52,22,52.733333333333334,0.33893507719039917,-1.2846884517763564
UBFC_PHYS_s15_T1_test,52,23,52.766666666666666,0.29308998584747314,-1.343610401984245
UBFC_PHYS_s15_T1_test,52,24,52.8,0.2002411186695099,-1.2882015716176765
UBFC_PHYS_s15_T1_test,52,25,52.833333333333336,0.10308582335710526,-1.0967273747128177
UBFC_PHYS_s15_T1_test,52,26,52.86666666666667,0.027462659403681755,-0.7704992965158244
UBFC_PHYS_s15_T1_test,52,27,52.9,-0.06822497397661209,-0.34010992801274176
UBFC_PHYS_s15_T1_test,52,28,52.93333333333333,-0.22489778697490692,0.13679344365400747
UBFC_PHYS_s15_T1_test,52,29,52.96666666666667,-0.3708721101284027,0.5868964326077147
UBFC_PHYS_s15_T1_test,52,30,53.0,-0.35980671644210815,0.9391006120126153
UBFC_PHYS_s15_T1_test,52,31,53.03333333333333,-0.1469958871603012,1.1430047099689224
UBFC_PHYS_s15_T1_test,52,32,53.06666666666667,0.12363307923078537,1.1809249608869257
UBFC_PHYS_s15_T1_test,52,33,53.1,0.3015676736831665,1.0687260872325521
UBFC_PHYS_s15_T1_test,52,34,53.13333333333333,0.3612782955169678,0.8459679304813582
UBFC_PHYS_s15_T1_test,52,35,53.166666666666664,0.34611889719963074,0.5605835405480625
UBFC_PHYS_s15_T1_test,52,36,53.2,0.2814066410064697,0.25452403662878004
UBFC_PHYS_s15_T1_test,52,37,53.233333333333334,0.19496911764144897,-0.04487033839632462
UBFC_PHYS_s15_T1_test,52,38,53.266666666666666,0.14197884500026703,-0.3256257485944698
UBFC_PHYS_s15_T1_test,52,39,53.3,0.152909055352211,-0.5846907408434582
UBFC_PHYS_s15_T1_test,52,40,53.333333333333336,0.18651075661182404,-0.8176954409121776
UBFC_PHYS_s15_T1_test,52,41,53.36666666666667,0.179713174700737,-1.0100145730972325
UBFC_PHYS_s15_T1_test,52,42,53.4,0.11930733919143677,-1.133944871063099
UBFC_PHYS_s15_T1_test,52,43,53.43333333333333,0.03354572877287865,-1.1543058161933433
UBFC_PHYS_s15_T1_test,52,44,53.46666666666667,-0.06009490787982941,-1.0408784751828501
UBFC_PHYS_s15_T1_test,52,45,53.5,-0.16051381826400757,-0.7826788969091443
UBFC_PHYS_s15_T1_test,52,46,53.53333333333333,-0.27910467982292175,-0.397875728578748
UBFC_PHYS_s15_T1_test,52,47,53.56666666666667,-0.42739638686180115,0.06531017532422984
UBFC_PHYS_s15_T1_test,52,48,53.6,-0.5457748174667358,0.5378721144851565
UBFC_PHYS_s15_T1_test,52,49,53.63333333333333,-0.5000069737434387,0.9466446529663688
UBFC_PHYS_s15_T1_test,52,50,53.666666666666664,-0.24799413979053497,1.2326731067307943
UBFC_PHYS_s15_T1_test,52,51,53.7,0.04833820462226868,1.3648909448745261
UBFC_PHYS_s15_T1_test,52,52,53.733333333333334,0.2061503827571869,1.3441525006251844
UBFC_PHYS_s15_T1_test,52,53,53.766666666666666,0.23430630564689636,1.1964197731050918
UBFC_PHYS_s15_T1_test,52,54,53.8,0.23262621462345123,0.9587815736608761
UBFC_PHYS_s15_T1_test,52,55,53.833333333333336,0.21074648201465607,0.6652842276345416
UBFC_PHYS_s15_T1_test,52,56,53.86666666666667,0.15379737317562103,0.3390901678017161
UBFC_PHYS_s15_T1_test,52,57,53.9,0.10036292672157288,-0.006420521928973794
UBFC_PHYS_s15_T1_test,52,58,53.93333333333333,0.09563165158033371,-0.36002664362667436
UBFC_PHYS_s15_T1_test,52,59,53.96666666666667,0.13782690465450287,-0.7040268550798315
UBFC_PHYS_s15_T1_test,52,60,54.0,0.17666198313236237,-1.0095576688570556
UBFC_PHYS_s15_T1_test,52,61,54.03333333333333,0.15142208337783813,-1.2380961790760365
UBFC_PHYS_s15_T1_test,52,62,54.06666666666667,0.05863114446401596,-1.3487247729236873
UBFC_PHYS_s15_T1_test,52,63,54.1,-0.06596554815769196,-1.3089779562595487
UBFC_PHYS_s15_T1_test,52,64,54.13333333333333,-0.19436657428741455,-1.1060804566024924
UBFC_PHYS_s15_T1_test,52,65,54.166666666666664,-0.3250463306903839,-0.7549951073570893
UBFC_PHYS_s15_T1_test,52,66,54.2,-0.47272005677223206,-0.30002006197779985
UBFC_PHYS_s15_T1_test,52,67,54.233333333333334,-0.617806077003479,0.19198294138243172
UBFC_PHYS_s15_T1_test,52,68,54.266666666666666,-0.6552314162254333,0.6461023543771994
UBFC_PHYS_s15_T1_test,52,69,54.3,-0.48986852169036865,0.9976016983880025
UBFC_PHYS_s15_T1_test,52,70,54.333333333333336,-0.19459831714630127,1.2070448944313699
UBFC_PHYS_s15_T1_test,52,71,54.36666666666667,0.07261254638433456,1.2660709771423186
UBFC_PHYS_s15_T1_test,52,72,54.4,0.23992589116096497,1.192315329390147
UBFC_PHYS_s15_T1_test,52,73,54.43333333333333,0.3204541504383087,1.017408720274638
UBFC_PHYS_s15_T1_test,52,74,54.46666666666667,0.33113330602645874,0.7741916325335672
UBFC_PHYS_s15_T1_test,52,75,54.5,0.2939783036708832,0.48801441214926483
UBFC_PHYS_s15_T1_test,52,76,54.53333333333333,0.24819114804267883,0.17418134039598135
UBFC_PHYS_s15_T1_test,52,77,54.56666666666667,0.2266203910112381,-0.15892191740689177
UBFC_PHYS_s15_T1_test,52,78,54.6,0.23610225319862366,-0.5028822306968179
UBFC_PHYS_s15_T1_test,52,79,54.63333333333333,0.25554877519607544,-0.8412564116842689
UBFC_PHYS_s15_T1_test,52,80,54.666666666666664,0.2559349834918976,-1.1441639382177757
UBFC_PHYS_s15_T1_test,52,81,54.7,0.2099740207195282,-1.3689806393755701
UBFC_PHYS_s15_T1_test,52,82,54.733333333333334,0.10459210723638535,-1.4684910347135474
UBFC_PHYS_s15_T1_test,52,83,54.766666666666666,-0.03193898871541023,-1.4044836326455177
UBFC_PHYS_s15_T1_test,52,84,54.8,-0.15871785581111908,-1.1619280145265207
UBFC_PHYS_s15_T1_test,52,85,54.833333333333336,-0.28903070092201233,-0.7581333621987251
UBFC_PHYS_s15_T1_test,52,86,54.86666666666667,-0.44684287905693054,-0.24312543933030822
UBFC_PHYS_s15_T1_test,52,87,54.9,-0.5932806730270386,0.3093318401165042
UBFC_PHYS_s15_T1_test,52,88,54.93333333333333,-0.6175163984298706,0.8176877813996783
UBFC_PHYS_s15_T1_test,52,89,54.96666666666667,-0.429153710603714,1.210998796156675
UBFC_PHYS_s15_T1_test,52,90,55.0,-0.09157237410545349,1.444149142815329
UBFC_PHYS_s15_T1_test,52,91,55.03333333333333,0.21348868310451508,1.5049552976913816
UBFC_PHYS_s15_T1_test,52,92,55.06666666666667,0.39598074555397034,1.4109876200581668
UBFC_PHYS_s15_T1_test,52,93,55.1,0.4777449071407318,1.1980087097138714
UBFC_PHYS_s15_T1_test,52,94,55.13333333333333,0.47135287523269653,0.9055102647824739
UBFC_PHYS_s15_T1_test,52,95,55.166666666666664,0.39893537759780884,0.565769198341783
UBFC_PHYS_s15_T1_test,52,96,55.2,0.3433380722999573,0.20031638951705358
UBFC_PHYS_s15_T1_test,52,97,55.233333333333334,0.3511977791786194,-0.17645360444273891
UBFC_PHYS_s15_T1_test,52,98,55.266666666666666,0.3738113343715668,-0.5499958418905382
UBFC_PHYS_s15_T1_test,52,99,55.3,0.37242093682289124,-0.8990388408547535
UBFC_PHYS_s15_T1_test,52,100,55.333333333333336,0.35239508748054504,-1.192935795980248
UBFC_PHYS_s15_T1_test,52,101,55.36666666666667,0.2936306893825531,-1.3941648273426928
UBFC_PHYS_s15_T1_test,52,102,55.4,0.17961661517620087,-1.4655343826646556
UBFC_PHYS_s15_T1_test,52,103,55.43333333333333,0.04959344118833542,-1.380301768660547
UBFC_PHYS_s15_T1_test,52,104,55.46666666666667,-0.05833757668733597,-1.1321605748641308
UBFC_PHYS_s15_T1_test,52,105,55.5,-0.1657278686761856,-0.7414980941489439
UBFC_PHYS_s15_T1_test,52,106,55.53333333333333,-0.31318917870521545,-0.2551053477171391
UBFC_PHYS_s15_T1_test,52,107,55.56666666666667,-0.47884175181388855,0.2615772236402514
UBFC_PHYS_s15_T1_test,52,108,55.6,-0.5574195384979248,0.7381627566089439
UBFC_PHYS_s15_T1_test,52,109,55.63333333333333,-0.43734171986579895,1.1148920862180074
UBFC_PHYS_s15_T1_test,52,110,55.666666666666664,-0.13202960789203644,1.3543289201438777
UBFC_PHYS_s15_T1_test,52,111,55.7,0.20099425315856934,1.444755728851643
UBFC_PHYS_s15_T1_test,52,112,55.733333333333334,0.41341888904571533,1.395454015854962
UBFC_PHYS_s15_T1_test,52,113,55.766666666666666,0.4806222915649414,1.228065200810974
UBFC_PHYS_s15_T1_test,52,114,55.8,0.4534705579280853,0.9683345052841426
UBFC_PHYS_s15_T1_test,52,115,55.833333333333336,0.38165172934532166,0.6404326375845127
UBFC_PHYS_s15_T1_test,52,116,55.86666666666667,0.31736433506011963,0.2646905203530105
UBFC_PHYS_s15_T1_test,52,117,55.9,0.3031318783760071,-0.14096160121487888
UBFC_PHYS_s15_T1_test,52,118,55.93333333333333,0.32912492752075195,-0.5564715083049228
UBFC_PHYS_s15_T1_test,52,119,55.96666666666667,0.3618576228618622,-0.954168538971544
UBFC_PHYS_s15_T1_test,52,120,56.0,0.37914127111434937,-1.2956911854830109
UBFC_PHYS_s15_T1_test,52,121,56.03333333333333,0.3512943387031555,-1.5345160107126963
UBFC_PHYS_s15_T1_test,52,122,56.06666666666667,0.2740876376628876,-1.6249430662167217
UBFC_PHYS_s15_T1_test,52,123,56.1,0.18946538865566254,-1.5351293384280174
UBFC_PHYS_s15_T1_test,52,124,56.13333333333333,0.11895973235368729,-1.2594019281187154
UBFC_PHYS_s15_T1_test,52,125,56.166666666666664,0.04293103143572807,-0.8248267368794703
UBFC_PHYS_s15_T1_test,52,126,56.2,-0.057101648300886154,-0.2889643623900895
UBFC_PHYS_s15_T1_test,52,127,56.233333333333334,-0.18225836753845215,0.2711794063731598
UBFC_PHYS_s15_T1_test,52,128,56.266666666666666,-0.26535502076148987,0.776124923196717
UBFC_PHYS_s15_T1_test,52,129,56.3,-0.16555407643318176,1.1618343156091626
UBFC_PHYS_s15_T1_test,52,130,56.333333333333336,0.12983201444149017,1.392729395967202
UBFC_PHYS_s15_T1_test,52,131,56.36666666666667,0.4662160575389862,1.4652236353560093
UBFC_PHYS_s15_T1_test,52,132,56.4,0.7177074551582336,1.4008046170133839
UBFC_PHYS_s15_T1_test,52,133,56.43333333333333,0.8666557669639587,1.2323267971932466
UBFC_PHYS_s15_T1_test,52,134,56.46666666666667,0.9237207174301147,0.9903946122432609
UBFC_PHYS_s15_T1_test,52,135,56.5,0.9144513010978699,0.6961333922442329
UBFC_PHYS_s15_T1_test,52,136,56.53333333333333,0.9006823301315308,0.36214106301490323
UBFC_PHYS_s15_T1_test,52,137,56.56666666666667,0.9394015073776245,-0.0013582746952461272
UBFC_PHYS_s15_T1_test,52,138,56.6,1.036112666130066,-0.37965876444781493
UBFC_PHYS_s15_T1_test,52,139,56.63333333333333,1.1434450149536133,-0.7492034260155455
UBFC_PHYS_s15_T1_test,52,140,56.666666666666664,1.2031556367874146,-1.0769708823698574
UBFC_PHYS_s15_T1_test,52,141,56.7,1.1551669836044312,-1.3236212402530518
UBFC_PHYS_s15_T1_test,52,142,56.733333333333334,0.9052591323852539,-1.4498895387696196
UBFC_PHYS_s15_T1_test,52,143,56.766666666666666,0.4120863974094391,-1.4252584282691605
UBFC_PHYS_s15_T1_test,52,144,56.8,-0.18061691522598267,-1.237027144182623
UBFC_PHYS_s15_T1_test,52,145,56.833333333333336,-0.6878096461296082,-0.8970537044245205
UBFC_PHYS_s15_T1_test,52,146,56.86666666666667,-1.0779950618743896,-0.4434915857883859
UBFC_PHYS_s15_T1_test,52,147,56.9,-1.42787766456604,0.06407675400237577
UBFC_PHYS_s15_T1_test,52,148,56.93333333333333,-1.7480401992797852,0.5558186144638355
UBFC_PHYS_s15_T1_test,52,149,56.96666666666667,-1.9141756296157837,0.966407664285283
UBFC_PHYS_s15_T1_test,52,150,57.0,-1.7939625978469849,1.2485130569227398
UBFC_PHYS_s15_T1_test,52,151,57.03333333333333,-1.4272983074188232,1.3802493805995273
UBFC_PHYS_s15_T1_test,52,152,57.06666666666667,-1.0074121952056885,1.3647508787510427
UBFC_PHYS_s15_T1_test,52,153,57.1,-0.671665370464325,1.2235643932765898
UBFC_PHYS_s15_T1_test,52,154,57.13333333333333,-0.4681432843208313,0.9872375784867335
UBFC_PHYS_s15_T1_test,52,155,57.166666666666664,-0.37969738245010376,0.6864743943390421
UBFC_PHYS_s15_T1_test,52,156,57.2,-0.341094046831131,0.3465970862817811
UBFC_PHYS_s15_T1_test,52,157,57.233333333333334,-0.2926226258277893,-0.013249439304086045
UBFC_PHYS_s15_T1_test,52,158,57.266666666666666,-0.22010858356952667,-0.3767841030657064
UBFC_PHYS_s15_T1_test,52,159,57.3,-0.13044607639312744,-0.7256252608024578
UBFC_PHYS_s15_T1_test,52,160,57.333333333333336,-0.03788687661290169,-1.0356305361346418
UBFC_PHYS_s15_T1_test,52,161,57.36666666666667,0.03051384910941124,-1.2766046514185605
UBFC_PHYS_s15_T1_test,52,162,57.4,0.051003169268369675,-1.4158311607410357
UBFC_PHYS_s15_T1_test,52,163,57.43333333333333,0.015759993344545364,-1.4244388463378888
UBFC_PHYS_s15_T1_test,52,164,57.46666666666667,-0.06349369883537292,-1.28489065154318
UBFC_PHYS_s15_T1_test,52,165,57.5,-0.1353125274181366,-0.9977490210505298
UBFC_PHYS_s15_T1_test,52,166,57.53333333333333,-0.12517409026622772,-0.5859250276294985
UBFC_PHYS_s15_T1_test,52,167,57.56666666666667,-0.009595781564712524,-0.0946875430328078
UBFC_PHYS_s15_T1_test,52,168,57.6,0.18176017701625824,0.41391390087670477
UBFC_PHYS_s15_T1_test,52,169,57.63333333333333,0.45341262221336365,0.8721358870893655
UBFC_PHYS_s15_T1_test,52,170,57.666666666666664,0.8978435397148132,1.22055842495855
UBFC_PHYS_s15_T1_test,52,171,57.7,1.6173064708709717,1.4204290417365937
UBFC_PHYS_s15_T1_test,52,172,57.733333333333334,2.56620717048645,1.4598817671887556
UBFC_PHYS_s15_T1_test,52,173,57.766666666666666,3.484344959259033,1.3521600743773365
UBFC_PHYS_s15_T1_test,52,174,57.8,4.0119500160217285,1.1276566218392123
UBFC_PHYS_s15_T1_test,52,175,57.833333333333336,3.9309773445129395,0.8238959351271294
UBFC_PHYS_s15_T1_test,52,176,57.86666666666667,3.311972141265869,0.4770927655341108
UBFC_PHYS_s15_T1_test,52,177,57.9,2.5273334980010986,0.11700313349924006
UBFC_PHYS_s15_T1_test,52,178,57.93333333333333,2.0430054664611816,-0.23459846764030515
UBFC_PHYS_s15_T1_test,52,179,57.96666666666667,2.158236026763916,-0.5621970974345581
UBFC_PHYS_s15_T1_test,52,180,58.0,2.881889581680298,-0.8526481789720705
UBFC_PHYS_s15_T1_test,52,181,58.03333333333333,3.91738224029541,-1.090929861354101
UBFC_PHYS_s15_T1_test,52,182,58.06666666666667,4.730563163757324,-1.257693630394654
UBFC_PHYS_s15_T1_test,52,183,58.1,4.9246416091918945,-1.3302193832434266
UBFC_PHYS_s15_T1_test,52,184,58.13333333333333,4.486680030822754,-1.2869155218448751
UBFC_PHYS_s15_T1_test,52,185,58.166666666666664,3.619582176208496,-1.11403856991717
UBFC_PHYS_s15_T1_test,52,186,58.2,2.4926888942718506,-0.8126661104334914
UBFC_PHYS_s15_T1_test,52,187,58.233333333333334,1.3048105239868164,-0.4039048130352971
UBFC_PHYS_s15_T1_test,52,188,58.266666666666666,0.32450953125953674,0.06965502278968752
UBFC_PHYS_s15_T1_test,52,189,58.3,-0.3282906413078308,0.5480281798411063
UBFC_PHYS_s15_T1_test,52,190,58.333333333333336,-0.739467442035675,0.9642875631613125
UBFC_PHYS_s15_T1_test,52,191,58.36666666666667,-1.0108882188796997,1.2597300018311952
UBFC_PHYS_s15_T1_test,52,192,58.4,-1.1873936653137207,1.39872474909266
UBFC_PHYS_s15_T1_test,52,193,58.43333333333333,-1.2675549983978271,1.37677668474915
UBFC_PHYS_s15_T1_test,52,194,58.46666666666667,-1.2383756637573242,1.2179724358420163
UBFC_PHYS_s15_T1_test,52,195,58.5,-1.1329357624053955,0.9633000926658439
UBFC_PHYS_s15_T1_test,52,196,58.53333333333333,-1.0442581176757812,0.6559449455468674
UBFC_PHYS_s15_T1_test,52,197,58.56666666666667,-1.0333086252212524,0.33044091595019287
UBFC_PHYS_s15_T1_test,52,198,58.6,-1.0705409049987793,0.008985930690759312
UBFC_PHYS_s15_T1_test,52,199,58.63333333333333,-1.081741452217102,-0.2962184670406292
UBFC_PHYS_s15_T1_test,52,200,58.666666666666664,-1.0059638023376465,-0.5775971656562793
UBFC_PHYS_s15_T1_test,52,201,58.7,-0.8310996890068054,-0.8264670857205081
UBFC_PHYS_s15_T1_test,52,202,58.733333333333334,-0.6158942580223083,-1.028965316426552
UBFC_PHYS_s15_T1_test,52,203,58.766666666666666,-0.437515527009964,-1.1650896138125413
UBFC_PHYS_s15_T1_test,52,204,58.8,-0.31589275598526,-1.211426459634799
UBFC_PHYS_s15_T1_test,52,205,58.833333333333336,-0.2352486550807953,-1.147036471847375
UBFC_PHYS_s15_T1_test,52,206,58.86666666666667,-0.19175954163074493,-0.9609367633888409
UBFC_PHYS_s15_T1_test,52,207,58.9,-0.17911063134670258,-0.6589228051697235
UBFC_PHYS_s15_T1_test,52,208,58.93333333333333,-0.1930340975522995,-0.26734619071464666
UBFC_PHYS_s15_T1_test,52,209,58.96666666666667,-0.24843829870224,0.16787693218397243
UBFC_PHYS_s15_T1_test,52,210,59.0,-0.34503355622291565,0.5874483900347893
UBFC_PHYS_s15_T1_test,52,211,59.03333333333333,-0.46457070112228394,0.9292605529552469
UBFC_PHYS_s15_T1_test,52,212,59.06666666666667,-0.6042881608009338,1.1417142527170183
UBFC_PHYS_s15_T1_test,52,213,59.1,-0.7425765991210938,1.196745797595501
UBFC_PHYS_s15_T1_test,52,214,59.13333333333333,-0.815708577632904,1.097620330003735
UBFC_PHYS_s15_T1_test,52,215,59.166666666666664,-0.7974014282226562,0.8768411885969183
UBFC_PHYS_s15_T1_test,52,216,59.2,-0.7334809303283691,0.5838066395689898
UBFC_PHYS_s15_T1_test,52,217,59.233333333333334,-0.6795443892478943,0.2676172686263556
UBFC_PHYS_s15_T1_test,52,218,59.266666666666666,-0.6816107034683228,-0.03650116640385593
UBFC_PHYS_s15_T1_test,52,219,59.3,-0.793326735496521,-0.3109106186540628
UBFC_PHYS_s15_T1_test,52,220,59.333333333333336,-1.0069293975830078,-0.5496684883612966
UBFC_PHYS_s15_T1_test,52,221,59.36666666666667,-1.2339533567428589,-0.7489312638559408
UBFC_PHYS_s15_T1_test,52,222,59.4,-1.3877294063568115,-0.9000520632413468
UBFC_PHYS_s15_T1_test,52,223,59.43333333333333,-1.4466676712036133,-0.988396121060684
UBFC_PHYS_s15_T1_test,52,224,59.46666666666667,-1.4471503496170044,-0.9972437111273038
UBFC_PHYS_s15_T1_test,52,225,59.5,-1.456497073173523,-0.9140842235130648
UBFC_PHYS_s15_T1_test,52,226,59.53333333333333,-1.5211514234542847,-0.7363596793899201
UBFC_PHYS_s15_T1_test,52,227,59.56666666666667,-1.6319791078567505,-0.4746695340059213
UBFC_PHYS_s15_T1_test,52,228,59.6,-1.7758291959762573,-0.15271862045183765
UBFC_PHYS_s15_T1_test,52,229,59.63333333333333,-1.9274424314498901,0.19567450374408418
UBFC_PHYS_s15_T1_test,52,230,59.666666666666664,-2.023477792739868,0.5315980498180488
UBFC_PHYS_s15_T1_test,52,231,59.7,-2.0716402530670166,0.8170469103716108
UBFC_PHYS_s15_T1_test,52,232,59.733333333333334,-2.1783738136291504,1.0209652881433222
UBFC_PHYS_s15_T1_test,52,233,59.766666666666666,-2.3555166721343994,1.1243806794400026
UBFC_PHYS_s15_T1_test,52,234,59.8,-2.472890853881836,1.1234181153172578
UBFC_PHYS_s15_T1_test,52,235,59.833333333333336,-2.4677348136901855,1.0289275776156113
UBFC_PHYS_s15_T1_test,52,236,59.86666666666667,-2.375523328781128,0.8621725416120959
UBFC_PHYS_s15_T1_test,52,237,59.9,-2.231074571609497,0.6476609066489657
UBFC_PHYS_s15_T1_test,52,238,59.93333333333333,-2.0674495697021484,0.40608108758872685
UBFC_PHYS_s15_T1_test,52,239,59.96666666666667,-1.9157204627990723,0.15088724733199835
UBFC_PHYS_s15_T1_test,53,0,53.0,-0.35980671644210815,-0.07520189302961404
UBFC_PHYS_s15_T1_test,53,1,53.03333333333333,-0.1469958871603012,0.48270228385492064
UBFC_PHYS_s15_T1_test,53,2,53.06666666666667,0.12363307923078537,0.9531236204716605
UBFC_PHYS_s15_T1_test,53,3,53.1,0.3015676736831665,1.2642217860540277
UBFC_PHYS_s15_T1_test,53,4,53.13333333333333,0.3612782955169678,1.3753437544434477
UBFC_PHYS_s15_T1_test,53,5,53.166666666666664,0.34611889719963074,1.2839821355031547
UBFC_PHYS_s15_T1_test,53,6,53.2,0.2814066410064697,1.0229498512147615
UBFC_PHYS_s15_T1_test,53,7,53.233333333333334,0.19496911764144897,0.6489247657283621
UBFC_PHYS_s15_T1_test,53,8,53.266666666666666,0.14197884500026703,0.22693489140409184
UBFC_PHYS_s15_T1_test,53,9,53.3,0.152909055352211,-0.18353357429976674
UBFC_PHYS_s15_T1_test,53,10,53.333333333333336,0.18651075661182404,-0.5366502813953902
UBFC_PHYS_s15_T1_test,53,11,53.36666666666667,0.179713174700737,-0.8017161267080615
UBFC_PHYS_s15_T1_test,53,12,53.4,0.11930733919143677,-0.9604668509195766
UBFC_PHYS_s15_T1_test,53,13,53.43333333333333,0.03354572877287865,-1.0040312605355854
UBFC_PHYS_s15_T1_test,53,14,53.46666666666667,-0.06009490787982941,-0.932013087492635
UBFC_PHYS_s15_T1_test,53,15,53.5,-0.16051381826400757,-0.7536609310831576
UBFC_PHYS_s15_T1_test,53,16,53.53333333333333,-0.27910467982292175,-0.489446402090729
UBFC_PHYS_s15_T1_test,53,17,53.56666666666667,-0.42739638686180115,-0.1710468015842737
UBFC_PHYS_s15_T1_test,53,18,53.6,-0.5457748174667358,0.16165762800546485
UBFC_PHYS_s15_T1_test,53,19,53.63333333333333,-0.5000069737434387,0.4666294063099978
UBFC_PHYS_s15_T1_test,53,20,53.666666666666664,-0.24799413979053497,0.7071705862884523
UBFC_PHYS_s15_T1_test,53,21,53.7,0.04833820462226868,0.8582265364100289
UBFC_PHYS_s15_T1_test,53,22,53.733333333333334,0.2061503827571869,0.9091478621345311
UBFC_PHYS_s15_T1_test,53,23,53.766666666666666,0.23430630564689636,0.8621302576993913
UBFC_PHYS_s15_T1_test,53,24,53.8,0.23262621462345123,0.7276419001933394
UBFC_PHYS_s15_T1_test,53,25,53.833333333333336,0.21074648201465607,0.5196903559702704
UBFC_PHYS_s15_T1_test,53,26,53.86666666666667,0.15379737317562103,0.25382268617929193
UBFC_PHYS_s15_T1_test,53,27,53.9,0.10036292672157288,-0.05111169379570943
UBFC_PHYS_s15_T1_test,53,28,53.93333333333333,0.09563165158033371,-0.3693656997780212
UBFC_PHYS_s15_T1_test,53,29,53.96666666666667,0.13782690465450287,-0.6665944082584347
UBFC_PHYS_s15_T1_test,53,30,54.0,0.17666198313236237,-0.9027933900880332
UBFC_PHYS_s15_T1_test,53,31,54.03333333333333,0.15142208337783813,-1.0397499192774207
UBFC_PHYS_s15_T1_test,53,32,54.06666666666667,0.05863114446401596,-1.0502419811528887
UBFC_PHYS_s15_T1_test,53,33,54.1,-0.06596554815769196,-0.9254036494698008
UBFC_PHYS_s15_T1_test,53,34,54.13333333333333,-0.19436657428741455,-0.6779177281124231
UBFC_PHYS_s15_T1_test,53,35,54.166666666666664,-0.3250463306903839,-0.3405559200453159
UBFC_PHYS_s15_T1_test,53,36,54.2,-0.47272005677223206,0.039375984906229344
UBFC_PHYS_s15_T1_test,53,37,54.233333333333334,-0.617806077003479,0.408748933045699
UBFC_PHYS_s15_T1_test,53,38,54.266666666666666,-0.6552314162254333,0.7189781307036667
UBFC_PHYS_s15_T1_test,53,39,54.3,-0.48986852169036865,0.9355269366418176
UBFC_PHYS_s15_T1_test,53,40,54.333333333333336,-0.19459831714630127,1.043227495301746
UBFC_PHYS_s15_T1_test,53,41,54.36666666666667,0.07261254638433456,1.0451064924988287
UBFC_PHYS_s15_T1_test,53,42,54.4,0.23992589116096497,0.9556442230015499
UBFC_PHYS_s15_T1_test,53,43,54.43333333333333,0.3204541504383087,0.7924783804617477
UBFC_PHYS_s15_T1_test,53,44,54.46666666666667,0.33113330602645874,0.5709141627362027
UBFC_PHYS_s15_T1_test,53,45,54.5,0.2939783036708832,0.3031993733305378
UBFC_PHYS_s15_T1_test,53,46,54.53333333333333,0.24819114804267883,0.0012850143731404488
UBFC_PHYS_s15_T1_test,53,47,54.56666666666667,0.2266203910112381,-0.3197677385102973
UBFC_PHYS_s15_T1_test,53,48,54.6,0.23610225319862366,-0.6394991914249539
UBFC_PHYS_s15_T1_test,53,49,54.63333333333333,0.25554877519607544,-0.9310487604950552
UBFC_PHYS_s15_T1_test,53,50,54.666666666666664,0.2559349834918976,-1.1616216472002738
UBFC_PHYS_s15_T1_test,53,51,54.7,0.2099740207195282,-1.2954097939286677
UBFC_PHYS_s15_T1_test,53,52,54.733333333333334,0.10459210723638535,-1.2997571683962463
UBFC_PHYS_s15_T1_test,53,53,54.766666666666666,-0.03193898871541023,-1.153860077421464
UBFC_PHYS_s15_T1_test,53,54,54.8,-0.15871785581111908,-0.8574115023926002
UBFC_PHYS_s15_T1_test,53,55,54.833333333333336,-0.28903070092201233,-0.43572164012804526
UBFC_PHYS_s15_T1_test,53,56,54.86666666666667,-0.44684287905693054,0.0612360330608897
UBFC_PHYS_s15_T1_test,53,57,54.9,-0.5932806730270386,0.5663653160416392
UBFC_PHYS_s15_T1_test,53,58,54.93333333333333,-0.6175163984298706,1.0080475487853764
UBFC_PHYS_s15_T1_test,53,59,54.96666666666667,-0.429153710603714,1.3246808482292465
UBFC_PHYS_s15_T1_test,53,60,55.0,-0.09157237410545349,1.4771143611403832
UBFC_PHYS_s15_T1_test,53,61,55.03333333333333,0.21348868310451508,1.4552029740369745
UBFC_PHYS_s15_T1_test,53,62,55.06666666666667,0.39598074555397034,1.2764745887116142
UBFC_PHYS_s15_T1_test,53,63,55.1,0.4777449071407318,0.9777105587879715
UBFC_PHYS_s15_T1_test,53,64,55.13333333333333,0.47135287523269653,0.6029989499251832
UBFC_PHYS_s15_T1_test,53,65,55.166666666666664,0.39893537759780884,0.19314635615279463
UBFC_PHYS_s15_T1_test,53,66,55.2,0.3433380722999573,-0.21963006975593552
UBFC_PHYS_s15_T1_test,53,67,55.233333333333334,0.3511977791786194,-0.6106894402431434
UBFC_PHYS_s15_T1_test,53,68,55.266666666666666,0.3738113343715668,-0.9579412865655903
UBFC_PHYS_s15_T1_test,53,69,55.3,0.37242093682289124,-1.2369200204891406
UBFC_PHYS_s15_T1_test,53,70,55.333333333333336,0.35239508748054504,-1.419311211769013
UBFC_PHYS_s15_T1_test,53,71,55.36666666666667,0.2936306893825531,-1.4761255760205223
UBFC_PHYS_s15_T1_test,53,72,55.4,0.17961661517620087,-1.3847943973963108
UBFC_PHYS_s15_T1_test,53,73,55.43333333333333,0.04959344118833542,-1.1380340838620011
UBFC_PHYS_s15_T1_test,53,74,55.46666666666667,-0.05833757668733597,-0.7512309366645753
UBFC_PHYS_s15_T1_test,53,75,55.5,-0.1657278686761856,-0.2648415924918165
UBFC_PHYS_s15_T1_test,53,76,55.53333333333333,-0.31318917870521545,0.2604895635586163
UBFC_PHYS_s15_T1_test,53,77,55.56666666666667,-0.47884175181388855,0.7557274895790518
UBFC_PHYS_s15_T1_test,53,78,55.6,-0.5574195384979248,1.1585711894544413
UBFC_PHYS_s15_T1_test,53,79,55.63333333333333,-0.43734171986579895,1.4263375983915783
UBFC_PHYS_s15_T1_test,53,80,55.666666666666664,-0.13202960789203644,1.5417627767389905
UBFC_PHYS_s15_T1_test,53,81,55.7,0.20099425315856934,1.510295237809844
UBFC_PHYS_s15_T1_test,53,82,55.733333333333334,0.41341888904571533,1.351815981692548
UBFC_PHYS_s15_T1_test,53,83,55.766666666666666,0.4806222915649414,1.0919217763014657
UBFC_PHYS_s15_T1_test,53,84,55.8,0.4534705579280853,0.7563509122270807
UBFC_PHYS_s15_T1_test,53,85,55.833333333333336,0.38165172934532166,0.3690051301282833
UBFC_PHYS_s15_T1_test,53,86,55.86666666666667,0.31736433506011963,-0.04770987107325878
UBFC_PHYS_s15_T1_test,53,87,55.9,0.3031318783760071,-0.4713576329008552
UBFC_PHYS_s15_T1_test,53,88,55.93333333333333,0.32912492752075195,-0.877123500939283
UBFC_PHYS_s15_T1_test,53,89,55.96666666666667,0.3618576228618622,-1.2351516178642543
UBFC_PHYS_s15_T1_test,53,90,56.0,0.37914127111434937,-1.5094145911163892
UBFC_PHYS_s15_T1_test,53,91,56.03333333333333,0.3512943387031555,-1.6606372458246048
UBFC_PHYS_s15_T1_test,53,92,56.06666666666667,0.2740876376628876,-1.654184486681833
UBFC_PHYS_s15_T1_test,53,93,56.1,0.18946538865566254,-1.4709421675665895
UBFC_PHYS_s15_T1_test,53,94,56.13333333333333,0.11895973235368729,-1.1171171974110816
UBFC_PHYS_s15_T1_test,53,95,56.166666666666664,0.04293103143572807,-0.6286302002418537
UBFC_PHYS_s15_T1_test,53,96,56.2,-0.057101648300886154,-0.0674084389581772
UBFC_PHYS_s15_T1_test,53,97,56.233333333333334,-0.18225836753845215,0.4903071292562179
UBFC_PHYS_s15_T1_test,53,98,56.266666666666666,-0.26535502076148987,0.9705931424095385
UBFC_PHYS_s15_T1_test,53,99,56.3,-0.16555407643318176,1.318212005832342
UBFC_PHYS_s15_T1_test,53,100,56.333333333333336,0.12983201444149017,1.5069927115599278
UBFC_PHYS_s15_T1_test,53,101,56.36666666666667,0.4662160575389862,1.5404184576385909
UBFC_PHYS_s15_T1_test,53,102,56.4,0.7177074551582336,1.4427458777236333
UBFC_PHYS_s15_T1_test,53,103,56.43333333333333,0.8666557669639587,1.2453289532554674
UBFC_PHYS_s15_T1_test,53,104,56.46666666666667,0.9237207174301147,0.9749076997992873
UBFC_PHYS_s15_T1_test,53,105,56.5,0.9144513010978699,0.6490010910518117
UBFC_PHYS_s15_T1_test,53,106,56.53333333333333,0.9006823301315308,0.27896097148453014
UBFC_PHYS_s15_T1_test,53,107,56.56666666666667,0.9394015073776245,-0.12295234076144022
UBFC_PHYS_s15_T1_test,53,108,56.6,1.036112666130066,-0.5370804926815648
UBFC_PHYS_s15_T1_test,53,109,56.63333333333333,1.1434450149536133,-0.9333569638285203
UBFC_PHYS_s15_T1_test,53,110,56.666666666666664,1.2031556367874146,-1.2724466265437597
UBFC_PHYS_s15_T1_test,53,111,56.7,1.1551669836044312,-1.5104533239161186
UBFC_PHYS_s15_T1_test,53,112,56.733333333333334,0.9052591323852539,-1.6064828826093758
UBFC_PHYS_s15_T1_test,53,113,56.766666666666666,0.4120863974094391,-1.5321307114492544
UBFC_PHYS_s15_T1_test,53,114,56.8,-0.18061691522598267,-1.28080463892592
UBFC_PHYS_s15_T1_test,53,115,56.833333333333336,-0.6878096461296082,-0.8737271904270708
UBFC_PHYS_s15_T1_test,53,116,56.86666666666667,-1.0779950618743896,-0.3598154559401987
UBFC_PHYS_s15_T1_test,53,117,56.9,-1.42787766456604,0.1917312326239711
UBFC_PHYS_s15_T1_test,53,118,56.93333333333333,-1.7480401992797852,0.7051262978892843
UBFC_PHYS_s15_T1_test,53,119,56.96666666666667,-1.9141756296157837,1.114507803140376
UBFC_PHYS_s15_T1_test,53,120,57.0,-1.7939625978469849,1.3777972134228067
UBFC_PHYS_s15_T1_test,53,121,57.03333333333333,-1.4272983074188232,1.4827687689153721
UBFC_PHYS_s15_T1_test,53,122,57.06666666666667,-1.0074121952056885,1.4436265316179997
UBFC_PHYS_s15_T1_test,53,123,57.1,-0.671665370464325,1.290602455782551
UBFC_PHYS_s15_T1_test,53,124,57.13333333333333,-0.4681432843208313,1.0573563567010185
UBFC_PHYS_s15_T1_test,53,125,57.166666666666664,-0.37969738245010376,0.7709239274955906
UBFC_PHYS_s15_T1_test,53,126,57.2,-0.341094046831131,0.44747940177529744
UBFC_PHYS_s15_T1_test,53,127,57.233333333333334,-0.2926226258277893,0.09477385954912063
UBFC_PHYS_s15_T1_test,53,128,57.266666666666666,-0.22010858356952667,-0.2806166448534692
UBFC_PHYS_s15_T1_test,53,129,57.3,-0.13044607639312744,-0.664965297723252
UBFC_PHYS_s15_T1_test,53,130,57.333333333333336,-0.03788687661290169,-1.0318576813091993
UBFC_PHYS_s15_T1_test,53,131,57.36666666666667,0.03051384910941124,-1.3419712478787382
UBFC_PHYS_s15_T1_test,53,132,57.4,0.051003169268369675,-1.548729386349033
UBFC_PHYS_s15_T1_test,53,133,57.43333333333333,0.015759993344545364,-1.6085336468276539
UBFC_PHYS_s15_T1_test,53,134,57.46666666666667,-0.06349369883537292,-1.492958708380504
UBFC_PHYS_s15_T1_test,53,135,57.5,-0.1353125274181366,-1.199547589668694
UBFC_PHYS_s15_T1_test,53,136,57.53333333333333,-0.12517409026622772,-0.7576502149699326
UBFC_PHYS_s15_T1_test,53,137,57.56666666666667,-0.009595781564712524,-0.22631869451550835
UBFC_PHYS_s15_T1_test,53,138,57.6,0.18176017701625824,0.3169657983090538
UBFC_PHYS_s15_T1_test,53,139,57.63333333333333,0.45341262221336365,0.7945920403648364
UBFC_PHYS_s15_T1_test,53,140,57.666666666666664,0.8978435397148132,1.147976858958043
UBFC_PHYS_s15_T1_test,53,141,57.7,1.6173064708709717,1.3498473593164473
UBFC_PHYS_s15_T1_test,53,142,57.733333333333334,2.56620717048645,1.404903883894367
UBFC_PHYS_s15_T1_test,53,143,57.766666666666666,3.484344959259033,1.339844359482644
UBFC_PHYS_s15_T1_test,53,144,57.8,4.0119500160217285,1.1885554615313552
UBFC_PHYS_s15_T1_test,53,145,57.833333333333336,3.9309773445129395,0.9795430606805938
UBFC_PHYS_s15_T1_test,53,146,57.86666666666667,3.311972141265869,0.7300246201510144
UBFC_PHYS_s15_T1_test,53,147,57.9,2.5273334980010986,0.4469802349582128
UBFC_PHYS_s15_T1_test,53,148,57.93333333333333,2.0430054664611816,0.1326914527550766
UBFC_PHYS_s15_T1_test,53,149,57.96666666666667,2.158236026763916,-0.2083243179595394
UBFC_PHYS_s15_T1_test,53,150,58.0,2.881889581680298,-0.5633318707056689
UBFC_PHYS_s15_T1_test,53,151,58.03333333333333,3.91738224029541,-0.9078582530554159
UBFC_PHYS_s15_T1_test,53,152,58.06666666666667,4.730563163757324,-1.2058679773450365
UBFC_PHYS_s15_T1_test,53,153,58.1,4.9246416091918945,-1.4144363997163671
UBFC_PHYS_s15_T1_test,53,154,58.13333333333333,4.486680030822754,-1.4924089067353001
UBFC_PHYS_s15_T1_test,53,155,58.166666666666664,3.619582176208496,-1.4109730748217055
UBFC_PHYS_s15_T1_test,53,156,58.2,2.4926888942718506,-1.1632457224138884
UBFC_PHYS_s15_T1_test,53,157,58.233333333333334,1.3048105239868164,-0.770017280217579
UBFC_PHYS_s15_T1_test,53,158,58.266666666666666,0.32450953125953674,-0.27943071065152214
UBFC_PHYS_s15_T1_test,53,159,58.3,-0.3282906413078308,0.24051535594520437
UBFC_PHYS_s15_T1_test,53,160,58.333333333333336,-0.739467442035675,0.7160214712006134
UBFC_PHYS_s15_T1_test,53,161,58.36666666666667,-1.0108882188796997,1.0848407323865272
UBFC_PHYS_s15_T1_test,53,162,58.4,-1.1873936653137207,1.3109038179325445
UBFC_PHYS_s15_T1_test,53,163,58.43333333333333,-1.2675549983978271,1.3899286165969384
UBFC_PHYS_s15_T1_test,53,164,58.46666666666667,-1.2383756637573242,1.3435540204952312
UBFC_PHYS_s15_T1_test,53,165,58.5,-1.1329357624053955,1.2053493522063319
UBFC_PHYS_s15_T1_test,53,166,58.53333333333333,-1.0442581176757812,1.00607758843118
UBFC_PHYS_s15_T1_test,53,167,58.56666666666667,-1.0333086252212524,0.7650733020096395
UBFC_PHYS_s15_T1_test,53,168,58.6,-1.0705409049987793,0.4898304742489744
UBFC_PHYS_s15_T1_test,53,169,58.63333333333333,-1.081741452217102,0.18115653962940237
UBFC_PHYS_s15_T1_test,53,170,58.666666666666664,-1.0059638023376465,-0.15979831230785546
UBFC_PHYS_s15_T1_test,53,171,58.7,-0.8310996890068054,-0.5248890058110138
UBFC_PHYS_s15_T1_test,53,172,58.733333333333334,-0.6158942580223083,-0.8939164506465209
UBFC_PHYS_s15_T1_test,53,173,58.766666666666666,-0.437515527009964,-1.2325059087816206
UBFC_PHYS_s15_T1_test,53,174,58.8,-0.31589275598526,-1.4946470924487059
UBFC_PHYS_s15_T1_test,53,175,58.833333333333336,-0.2352486550807953,-1.6308820169907017
UBFC_PHYS_s15_T1_test,53,176,58.86666666666667,-0.19175954163074493,-1.6008163170121767
UBFC_PHYS_s15_T1_test,53,177,58.9,-0.17911063134670258,-1.38621536065879
UBFC_PHYS_s15_T1_test,53,178,58.93333333333333,-0.1930340975522995,-1.000149090028774
UBFC_PHYS_s15_T1_test,53,179,58.96666666666667,-0.24843829870224,-0.48864254877712043
UBFC_PHYS_s15_T1_test,53,180,59.0,-0.34503355622291565,0.07659996252893334
UBFC_PHYS_s15_T1_test,53,181,59.03333333333333,-0.46457070112228394,0.6131756093150452
UBFC_PHYS_s15_T1_test,53,182,59.06666666666667,-0.6042881608009338,1.0468256786200185
UBFC_PHYS_s15_T1_test,53,183,59.1,-0.7425765991210938,1.3284406980889663
UBFC_PHYS_s15_T1_test,53,184,59.13333333333333,-0.815708577632904,1.4433274068074924
UBFC_PHYS_s15_T1_test,53,185,59.166666666666664,-0.7974014282226562,1.4091560279073796
UBFC_PHYS_s15_T1_test,53,186,59.2,-0.7334809303283691,1.2636048367631774
UBFC_PHYS_s15_T1_test,53,187,59.233333333333334,-0.6795443892478943,1.0474676339576545
UBFC_PHYS_s15_T1_test,53,188,59.266666666666666,-0.6816107034683228,0.791132914652168
UBFC_PHYS_s15_T1_test,53,189,59.3,-0.793326735496521,0.510083112439666
UBFC_PHYS_s15_T1_test,53,190,59.333333333333336,-1.0069293975830078,0.20933200041196462
UBFC_PHYS_s15_T1_test,53,191,59.36666666666667,-1.2339533567428589,-0.10799873252807504
UBFC_PHYS_s15_T1_test,53,192,59.4,-1.3877294063568115,-0.43300614720483954
UBFC_PHYS_s15_T1_test,53,193,59.43333333333333,-1.4466676712036133,-0.7467437954548192
UBFC_PHYS_s15_T1_test,53,194,59.46666666666667,-1.4471503496170044,-1.019873417919434
UBFC_PHYS_s15_T1_test,53,195,59.5,-1.456497073173523,-1.2160883985560995
UBFC_PHYS_s15_T1_test,53,196,59.53333333333333,-1.5211514234542847,-1.299011078294623
UBFC_PHYS_s15_T1_test,53,197,59.56666666666667,-1.6319791078567505,-1.2415693222467348
UBFC_PHYS_s15_T1_test,53,198,59.6,-1.7758291959762573,-1.0354131717518242
UBFC_PHYS_s15_T1_test,53,199,59.63333333333333,-1.9274424314498901,-0.6969569659871869
UBFC_PHYS_s15_T1_test,53,200,59.666666666666664,-2.023477792739868,-0.2673400804774651
UBFC_PHYS_s15_T1_test,53,201,59.7,-2.0716402530670166,0.19428454574434156
UBFC_PHYS_s15_T1_test,53,202,59.733333333333334,-2.1783738136291504,0.6223674994441774
UBFC_PHYS_s15_T1_test,53,203,59.766666666666666,-2.3555166721343994,0.9582669269087289
UBFC_PHYS_s15_T1_test,53,204,59.8,-2.472890853881836,1.1619178076519925
UBFC_PHYS_s15_T1_test,53,205,59.833333333333336,-2.4677348136901855,1.2191183682717461
UBFC_PHYS_s15_T1_test,53,206,59.86666666666667,-2.375523328781128,1.1423542823898154
UBFC_PHYS_s15_T1_test,53,207,59.9,-2.231074571609497,0.964425939446492
UBFC_PHYS_s15_T1_test,53,208,59.93333333333333,-2.0674495697021484,0.7265972253557333
UBFC_PHYS_s15_T1_test,53,209,59.96666666666667,-1.9157204627990723,0.46551808136356615
UBFC_PHYS_s15_T1_test,53,210,60.0,-1.7733960151672363,0.20415874466490033
UBFC_PHYS_s15_T1_test,53,211,60.03333333333333,-1.6210682392120361,-0.04962033413008695
UBFC_PHYS_s15_T1_test,53,212,60.06666666666667,-1.4179517030715942,-0.2970262053050589
UBFC_PHYS_s15_T1_test,53,213,60.1,-1.1089510917663574,-0.5386290196064086
UBFC_PHYS_s15_T1_test,53,214,60.13333333333333,-0.7362424731254578,-0.7660744410141735
UBFC_PHYS_s15_T1_test,53,215,60.166666666666664,-0.4428454339504242,-0.9589577902126765
UBFC_PHYS_s15_T1_test,53,216,60.2,-0.27933642268180847,-1.087868430510574
UBFC_PHYS_s15_T1_test,53,217,60.233333333333334,-0.1573660671710968,-1.122046639348321
UBFC_PHYS_s15_T1_test,53,218,60.266666666666666,-0.07110236585140228,-1.03880445727308
UBFC_PHYS_s15_T1_test,53,219,60.3,-0.15031743049621582,-0.8318803659794671
UBFC_PHYS_s15_T1_test,53,220,60.333333333333336,-0.4169682562351227,-0.5166204462420071
UBFC_PHYS_s15_T1_test,53,221,60.36666666666667,-0.7228596806526184,-0.13068582637942402
UBFC_PHYS_s15_T1_test,53,222,60.4,-0.9435495734214783,0.27038549645324406
UBFC_PHYS_s15_T1_test,53,223,60.43333333333333,-1.0788447856903076,0.6227278343497262
UBFC_PHYS_s15_T1_test,53,224,60.46666666666667,-1.1529422998428345,0.8675743600036981
UBFC_PHYS_s15_T1_test,53,225,60.5,-1.1338047981262207,0.9655220847206043
UBFC_PHYS_s15_T1_test,53,226,60.53333333333333,-0.9850689172744751,0.9069673058183549
UBFC_PHYS_s15_T1_test,53,227,60.56666666666667,-0.7463036775588989,0.7144452659106563
UBFC_PHYS_s15_T1_test,53,228,60.6,-0.5005863308906555,0.4357769717838038
UBFC_PHYS_s15_T1_test,53,229,60.63333333333333,-0.33711591362953186,0.13065221854515482
UBFC_PHYS_s15_T1_test,53,230,60.666666666666664,-0.3250463306903839,-0.14486775022395354
UBFC_PHYS_s15_T1_test,53,231,60.7,-0.46866467595100403,-0.3513261331282165
UBFC_PHYS_s15_T1_test,53,232,60.733333333333334,-0.6912084221839905,-0.4724673501993286
UBFC_PHYS_s15_T1_test,53,233,60.766666666666666,-0.9190434813499451,-0.5136087428853146
UBFC_PHYS_s15_T1_test,53,234,60.8,-1.1524595022201538,-0.49331663119127334
UBFC_PHYS_s15_T1_test,53,235,60.833333333333336,-1.381376028060913,-0.4328682807074701
UBFC_PHYS_s15_T1_test,53,236,60.86666666666667,-1.5026512145996094,-0.34850065673930897
UBFC_PHYS_s15_T1_test,53,237,60.9,-1.4121196269989014,-0.2491299648327866
UBFC_PHYS_s15_T1_test,53,238,60.93333333333333,-1.1350407600402832,-0.13852086873943106
UBFC_PHYS_s15_T1_test,53,239,60.96666666666667,-0.8107648491859436,-0.01866996986646531
UBFC_PHYS_s15_T1_test,54,0,54.0,0.17666198313236237,0.053462039599912185
UBFC_PHYS_s15_T1_test,54,1,54.03333333333333,0.15142208337783813,0.6031931938345512
UBFC_PHYS_s15_T1_test,54,2,54.06666666666667,0.05863114446401596,1.0874744416662863
UBFC_PHYS_s15_T1_test,54,3,54.1,-0.06596554815769196,1.4518852498214676
UBFC_PHYS_s15_T1_test,54,4,54.13333333333333,-0.19436657428741455,1.6613468414024468
UBFC_PHYS_s15_T1_test,54,5,54.166666666666664,-0.3250463306903839,1.7044440134675245
UBFC_PHYS_s15_T1_test,54,6,54.2,-0.47272005677223206,1.591899574422865
UBFC_PHYS_s15_T1_test,54,7,54.233333333333334,-0.617806077003479,1.3514056863827868
UBFC_PHYS_s15_T1_test,54,8,54.266666666666666,-0.6552314162254333,1.0223862814951254
UBFC_PHYS_s15_T1_test,54,9,54.3,-0.48986852169036865,0.6521649554140216
UBFC_PHYS_s15_T1_test,54,10,54.333333333333336,-0.19459831714630127,0.2912965821806942
UBFC_PHYS_s15_T1_test,54,11,54.36666666666667,0.07261254638433456,-0.015049636673894546
UBFC_PHYS_s15_T1_test,54,12,54.4,0.23992589116096497,-0.23866426739808141
UBFC_PHYS_s15_T1_test,54,13,54.43333333333333,0.3204541504383087,-0.376970354108167
UBFC_PHYS_s15_T1_test,54,14,54.46666666666667,0.33113330602645874,-0.45257915818584776
UBFC_PHYS_s15_T1_test,54,15,54.5,0.2939783036708832,-0.5022340536006933
UBFC_PHYS_s15_T1_test,54,16,54.53333333333333,0.24819114804267883,-0.5600729393300451
UBFC_PHYS_s15_T1_test,54,17,54.56666666666667,0.2266203910112381,-0.6432575043436123
UBFC_PHYS_s15_T1_test,54,18,54.6,0.23610225319862366,-0.7454343376907623
UBFC_PHYS_s15_T1_test,54,19,54.63333333333333,0.25554877519607544,-0.8386652358655948
UBFC_PHYS_s15_T1_test,54,20,54.666666666666664,0.2559349834918976,-0.8817804776769234
UBFC_PHYS_s15_T1_test,54,21,54.7,0.2099740207195282,-0.8327336293620646
UBFC_PHYS_s15_T1_test,54,22,54.733333333333334,0.10459210723638535,-0.6625411065224356
UBFC_PHYS_s15_T1_test,54,23,54.766666666666666,-0.03193898871541023,-0.36774626081667733
UBFC_PHYS_s15_T1_test,54,24,54.8,-0.15871785581111908,0.022589882861156093
UBFC_PHYS_s15_T1_test,54,25,54.833333333333336,-0.28903070092201233,0.44906300802752014
UBFC_PHYS_s15_T1_test,54,26,54.86666666666667,-0.44684287905693054,0.8343384114429828
UBFC_PHYS_s15_T1_test,54,27,54.9,-0.5932806730270386,1.1028987459566246
UBFC_PHYS_s15_T1_test,54,28,54.93333333333333,-0.6175163984298706,1.2019139865135662
UBFC_PHYS_s15_T1_test,54,29,54.96666666666667,-0.429153710603714,1.116106470902176
UBFC_PHYS_s15_T1_test,54,30,55.0,-0.09157237410545349,0.8715086400352291
UBFC_PHYS_s15_T1_test,54,31,55.03333333333333,0.21348868310451508,0.5268060994331988
UBFC_PHYS_s15_T1_test,54,32,55.06666666666667,0.39598074555397034,0.15489961355353432
UBFC_PHYS_s15_T1_test,54,33,55.1,0.4777449071407318,-0.1793804422355442
UBFC_PHYS_s15_T1_test,54,34,55.13333333333333,0.47135287523269653,-0.4375388520953157
UBFC_PHYS_s15_T1_test,54,35,55.166666666666664,0.39893537759780884,-0.6146108863785867
UBFC_PHYS_s15_T1_test,54,36,55.2,0.3433380722999573,-0.7324399865453107
UBFC_PHYS_s15_T1_test,54,37,55.233333333333334,0.3511977791786194,-0.8222878916542675
UBFC_PHYS_s15_T1_test,54,38,55.266666666666666,0.3738113343715668,-0.9050967110563136
UBFC_PHYS_s15_T1_test,54,39,55.3,0.37242093682289124,-0.9786140036485008
UBFC_PHYS_s15_T1_test,54,40,55.333333333333336,0.35239508748054504,-1.0164552482697182
UBFC_PHYS_s15_T1_test,54,41,55.36666666666667,0.2936306893825531,-0.9782332463072777
UBFC_PHYS_s15_T1_test,54,42,55.4,0.17961661517620087,-0.8259359606907039
UBFC_PHYS_s15_T1_test,54,43,55.43333333333333,0.04959344118833542,-0.5405878814635365
UBFC_PHYS_s15_T1_test,54,44,55.46666666666667,-0.05833757668733597,-0.13391118572324923
UBFC_PHYS_s15_T1_test,54,45,55.5,-0.1657278686761856,0.34868837136085135
UBFC_PHYS_s15_T1_test,54,46,55.53333333333333,-0.31318917870521545,0.8353716840868393
UBFC_PHYS_s15_T1_test,54,47,55.56666666666667,-0.47884175181388855,1.24420840207909
UBFC_PHYS_s15_T1_test,54,48,55.6,-0.5574195384979248,1.5043233213493226
UBFC_PHYS_s15_T1_test,54,49,55.63333333333333,-0.43734171986579895,1.575055390868595
UBFC_PHYS_s15_T1_test,54,50,55.666666666666664,-0.13202960789203644,1.4560245782591363
UBFC_PHYS_s15_T1_test,54,51,55.7,0.20099425315856934,1.1841152744710914
UBFC_PHYS_s15_T1_test,54,52,55.733333333333334,0.41341888904571533,0.8191704788028233
UBFC_PHYS_s15_T1_test,54,53,55.766666666666666,0.4806222915649414,0.4248974344021441
UBFC_PHYS_s15_T1_test,54,54,55.8,0.4534705579280853,0.05206348414253304
UBFC_PHYS_s15_T1_test,54,55,55.833333333333336,0.38165172934532166,-0.27139035155183444
UBFC_PHYS_s15_T1_test,54,56,55.86666666666667,0.31736433506011963,-0.5415436399542536
UBFC_PHYS_s15_T1_test,54,57,55.9,0.3031318783760071,-0.7714061084596833
UBFC_PHYS_s15_T1_test,54,58,55.93333333333333,0.32912492752075195,-0.9777164537670844
UBFC_PHYS_s15_T1_test,54,59,55.96666666666667,0.3618576228618622,-1.1658685540347764
UBFC_PHYS_s15_T1_test,54,60,56.0,0.37914127111434937,-1.3192418762781388
UBFC_PHYS_s15_T1_test,54,61,56.03333333333333,0.3512943387031555,-1.398901106649127
UBFC_PHYS_s15_T1_test,54,62,56.06666666666667,0.2740876376628876,-1.3555093398783848
UBFC_PHYS_s15_T1_test,54,63,56.1,0.18946538865566254,-1.149457421275504
UBFC_PHYS_s15_T1_test,54,64,56.13333333333333,0.11895973235368729,-0.7710668425474161
UBFC_PHYS_s15_T1_test,54,65,56.166666666666664,0.04293103143572807,-0.2522855997003356
UBFC_PHYS_s15_T1_test,54,66,56.2,-0.057101648300886154,0.33537403450397224
UBFC_PHYS_s15_T1_test,54,67,56.233333333333334,-0.18225836753845215,0.8966303171725492
UBFC_PHYS_s15_T1_test,54,68,56.266666666666666,-0.26535502076148987,1.3370334472787606
UBFC_PHYS_s15_T1_test,54,69,56.3,-0.16555407643318176,1.5883293411475348
UBFC_PHYS_s15_T1_test,54,70,56.333333333333336,0.12983201444149017,1.6259381833920163
UBFC_PHYS_s15_T1_test,54,71,56.36666666666667,0.4662160575389862,1.4722629696239329
UBFC_PHYS_s15_T1_test,54,72,56.4,0.7177074551582336,1.1845677581282825
UBFC_PHYS_s15_T1_test,54,73,56.43333333333333,0.8666557669639587,0.83236919416786
UBFC_PHYS_s15_T1_test,54,74,56.46666666666667,0.9237207174301147,0.4740427051229996
UBFC_PHYS_s15_T1_test,54,75,56.5,0.9144513010978699,0.1424010883388827
UBFC_PHYS_s15_T1_test,54,76,56.53333333333333,0.9006823301315308,-0.15640879580457742
UBFC_PHYS_s15_T1_test,54,77,56.56666666666667,0.9394015073776245,-0.4331736856695358
UBFC_PHYS_s15_T1_test,54,78,56.6,1.036112666130066,-0.7012097220558297
UBFC_PHYS_s15_T1_test,54,79,56.63333333333333,1.1434450149536133,-0.9633217536465887
UBFC_PHYS_s15_T1_test,54,80,56.666666666666664,1.2031556367874146,-1.204034797659905
UBFC_PHYS_s15_T1_test,54,81,56.7,1.1551669836044312,-1.3888501888622113
UBFC_PHYS_s15_T1_test,54,82,56.733333333333334,0.9052591323852539,-1.4709604842206077
UBFC_PHYS_s15_T1_test,54,83,56.766666666666666,0.4120863974094391,-1.4044887172923017
UBFC_PHYS_s15_T1_test,54,84,56.8,-0.18061691522598267,-1.1610696474872348
UBFC_PHYS_s15_T1_test,54,85,56.833333333333336,-0.6878096461296082,-0.7444807998503215
UBFC_PHYS_s15_T1_test,54,86,56.86666666666667,-1.0779950618743896,-0.19762900031251227
UBFC_PHYS_s15_T1_test,54,87,56.9,-1.42787766456604,0.4019929777501115
UBFC_PHYS_s15_T1_test,54,88,56.93333333333333,-1.7480401992797852,0.9586334892876208
UBFC_PHYS_s15_T1_test,54,89,56.96666666666667,-1.9141756296157837,1.3820802202526317
UBFC_PHYS_s15_T1_test,54,90,57.0,-1.7939625978469849,1.6108568058475816
UBFC_PHYS_s15_T1_test,54,91,57.03333333333333,-1.4272983074188232,1.6263834046683143
UBFC_PHYS_s15_T1_test,54,92,57.06666666666667,-1.0074121952056885,1.453620480979414
UBFC_PHYS_s15_T1_test,54,93,57.1,-0.671665370464325,1.1491978552523847
UBFC_PHYS_s15_T1_test,54,94,57.13333333333333,-0.4681432843208313,0.7818139489366055
UBFC_PHYS_s15_T1_test,54,95,57.166666666666664,-0.37969738245010376,0.41141655743785555
UBFC_PHYS_s15_T1_test,54,96,57.2,-0.341094046831131,0.07397086456571617
UBFC_PHYS_s15_T1_test,54,97,57.233333333333334,-0.2926226258277893,-0.22308857997473236
UBFC_PHYS_s15_T1_test,54,98,57.266666666666666,-0.22010858356952667,-0.4936054734447479
UBFC_PHYS_s15_T1_test,54,99,57.3,-0.13044607639312744,-0.7571698578757777
UBFC_PHYS_s15_T1_test,54,100,57.333333333333336,-0.03788687661290169,-1.0219410270361484
UBFC_PHYS_s15_T1_test,54,101,57.36666666666667,0.03051384910941124,-1.2728433189817232
UBFC_PHYS_s15_T1_test,54,102,57.4,0.051003169268369675,-1.4698536566855824
UBFC_PHYS_s15_T1_test,54,103,57.43333333333333,0.015759993344545364,-1.557342511745915
UBFC_PHYS_s15_T1_test,54,104,57.46666666666667,-0.06349369883537292,-1.4817164087950685
UBFC_PHYS_s15_T1_test,54,105,57.5,-0.1353125274181366,-1.2118425762553073
UBFC_PHYS_s15_T1_test,54,106,57.53333333333333,-0.12517409026622772,-0.7554064892598356
UBFC_PHYS_s15_T1_test,54,107,57.56666666666667,-0.009595781564712524,-0.16483621794748532
UBFC_PHYS_s15_T1_test,54,108,57.6,0.18176017701625824,0.47096779954886153
UBFC_PHYS_s15_T1_test,54,109,57.63333333333333,0.45341262221336365,1.0480267566707644
UBFC_PHYS_s15_T1_test,54,110,57.666666666666664,0.8978435397148132,1.4749365871207558
UBFC_PHYS_s15_T1_test,54,111,57.7,1.6173064708709717,1.6964860251722051
UBFC_PHYS_s15_T1_test,54,112,57.733333333333334,2.56620717048645,1.7044963625134042
UBFC_PHYS_s15_T1_test,54,113,57.766666666666666,3.484344959259033,1.532904812876635
UBFC_PHYS_s15_T1_test,54,114,57.8,4.0119500160217285,1.2409305105593447
UBFC_PHYS_s15_T1_test,54,115,57.833333333333336,3.9309773445129395,0.8922515774329409
UBFC_PHYS_s15_T1_test,54,116,57.86666666666667,3.311972141265869,0.5376323680861395
UBFC_PHYS_s15_T1_test,54,117,57.9,2.5273334980010986,0.20527128198438932
UBFC_PHYS_s15_T1_test,54,118,57.93333333333333,2.0430054664611816,-0.09989563663277898
UBFC_PHYS_s15_T1_test,54,119,57.96666666666667,2.158236026763916,-0.3888836239907809
UBFC_PHYS_s15_T1_test,54,120,58.0,2.881889581680298,-0.6760640203734564
UBFC_PHYS_s15_T1_test,54,121,58.03333333333333,3.91738224029541,-0.965509986811805
UBFC_PHYS_s15_T1_test,54,122,58.06666666666667,4.730563163757324,-1.2412943571896145
UBFC_PHYS_s15_T1_test,54,123,58.1,4.9246416091918945,-1.4658808341443859
UBFC_PHYS_s15_T1_test,54,124,58.13333333333333,4.486680030822754,-1.5879133880114806
UBFC_PHYS_s15_T1_test,54,125,58.166666666666664,3.619582176208496,-1.5572170570687838
UBFC_PHYS_s15_T1_test,54,126,58.2,2.4926888942718506,-1.3423251181031624
UBFC_PHYS_s15_T1_test,54,127,58.233333333333334,1.3048105239868164,-0.9449400922493382
UBFC_PHYS_s15_T1_test,54,128,58.266666666666666,0.32450953125953674,-0.4063274322922211
UBFC_PHYS_s15_T1_test,54,129,58.3,-0.3282906413078308,0.19750977845164575
UBFC_PHYS_s15_T1_test,54,130,58.333333333333336,-0.739467442035675,0.7720787724015244
UBFC_PHYS_s15_T1_test,54,131,58.36666666666667,-1.0108882188796997,1.228270139146368
UBFC_PHYS_s15_T1_test,54,132,58.4,-1.1873936653137207,1.5060276415260565
UBFC_PHYS_s15_T1_test,54,133,58.43333333333333,-1.2675549983978271,1.5886098853724462
UBFC_PHYS_s15_T1_test,54,134,58.46666666666667,-1.2383756637573242,1.501496261605803
UBFC_PHYS_s15_T1_test,54,135,58.5,-1.1329357624053955,1.2968529802550484
UBFC_PHYS_s15_T1_test,54,136,58.53333333333333,-1.0442581176757812,1.031407748392788
UBFC_PHYS_s15_T1_test,54,137,58.56666666666667,-1.0333086252212524,0.747966369121907
UBFC_PHYS_s15_T1_test,54,138,58.6,-1.0705409049987793,0.4669103490066142
UBFC_PHYS_s15_T1_test,54,139,58.63333333333333,-1.081741452217102,0.18793928564761886
UBFC_PHYS_s15_T1_test,54,140,58.666666666666664,-1.0059638023376465,-0.10114402368152663
UBFC_PHYS_s15_T1_test,54,141,58.7,-0.8310996890068054,-0.41242777299699546
UBFC_PHYS_s15_T1_test,54,142,58.733333333333334,-0.6158942580223083,-0.7462122520429508
UBFC_PHYS_s15_T1_test,54,143,58.766666666666666,-0.437515527009964,-1.0829568242210463
UBFC_PHYS_s15_T1_test,54,144,58.8,-0.31589275598526,-1.3817590151402979
UBFC_PHYS_s15_T1_test,54,145,58.833333333333336,-0.2352486550807953,-1.587009483396677
UBFC_PHYS_s15_T1_test,54,146,58.86666666666667,-0.19175954163074493,-1.64237537152913
UBFC_PHYS_s15_T1_test,54,147,58.9,-0.17911063134670258,-1.5083835570282491
UBFC_PHYS_s15_T1_test,54,148,58.93333333333333,-0.1930340975522995,-1.1779750236922222
UBFC_PHYS_s15_T1_test,54,149,58.96666666666667,-0.24843829870224,-0.6844697185433876
UBFC_PHYS_s15_T1_test,54,150,59.0,-0.34503355622291565,-0.09851577264944257
UBFC_PHYS_s15_T1_test,54,151,59.03333333333333,-0.46457070112228394,0.4862605325180384
UBFC_PHYS_s15_T1_test,54,152,59.06666666666667,-0.6042881608009338,0.9760306702795656
UBFC_PHYS_s15_T1_test,54,153,59.1,-0.7425765991210938,1.3017825511468835
UBFC_PHYS_s15_T1_test,54,154,59.13333333333333,-0.815708577632904,1.4376091479499817
UBFC_PHYS_s15_T1_test,54,155,59.166666666666664,-0.7974014282226562,1.4040205034992264
UBFC_PHYS_s15_T1_test,54,156,59.2,-0.7334809303283691,1.2540290824390878
UBFC_PHYS_s15_T1_test,54,157,59.233333333333334,-0.6795443892478943,1.0482240312635318
UBFC_PHYS_s15_T1_test,54,158,59.266666666666666,-0.6816107034683228,0.83087273918027
UBFC_PHYS_s15_T1_test,54,159,59.3,-0.793326735496521,0.6180501971292909
UBFC_PHYS_s15_T1_test,54,160,59.333333333333336,-1.0069293975830078,0.4009793871449662
UBFC_PHYS_s15_T1_test,54,161,59.36666666666667,-1.2339533567428589,0.15943995128587343
UBFC_PHYS_s15_T1_test,54,162,59.4,-1.3877294063568115,-0.12273505785253677
UBFC_PHYS_s15_T1_test,54,163,59.43333333333333,-1.4466676712036133,-0.445928413826739
UBFC_PHYS_s15_T1_test,54,164,59.46666666666667,-1.4471503496170044,-0.7892454529691503
UBFC_PHYS_s15_T1_test,54,165,59.5,-1.456497073173523,-1.1115013003405978
UBFC_PHYS_s15_T1_test,54,166,59.53333333333333,-1.5211514234542847,-1.3582693617688293
UBFC_PHYS_s15_T1_test,54,167,59.56666666666667,-1.6319791078567505,-1.4741418222631075
UBFC_PHYS_s15_T1_test,54,168,59.6,-1.7758291959762573,-1.4179288700856088
UBFC_PHYS_s15_T1_test,54,169,59.63333333333333,-1.9274424314498901,-1.176758066902676
UBFC_PHYS_s15_T1_test,54,170,59.666666666666664,-2.023477792739868,-0.774342514809959
UBFC_PHYS_s15_T1_test,54,171,59.7,-2.0716402530670166,-0.2697423148528794
UBFC_PHYS_s15_T1_test,54,172,59.733333333333334,-2.1783738136291504,0.25439605566633294
UBFC_PHYS_s15_T1_test,54,173,59.766666666666666,-2.3555166721343994,0.7116895286801587
UBFC_PHYS_s15_T1_test,54,174,59.8,-2.472890853881836,1.0344147731688762
UBFC_PHYS_s15_T1_test,54,175,59.833333333333336,-2.4677348136901855,1.1911337329187395
UBFC_PHYS_s15_T1_test,54,176,59.86666666666667,-2.375523328781128,1.1927339754519721
UBFC_PHYS_s15_T1_test,54,177,59.9,-2.231074571609497,1.083677830832361
UBFC_PHYS_s15_T1_test,54,178,59.93333333333333,-2.0674495697021484,0.921374121898455
UBFC_PHYS_s15_T1_test,54,179,59.96666666666667,-1.9157204627990723,0.7522951540965628
UBFC_PHYS_s15_T1_test,54,180,60.0,-1.7733960151672363,0.5953981760884716
UBFC_PHYS_s15_T1_test,54,181,60.03333333333333,-1.6210682392120361,0.43995311491834543
UBFC_PHYS_s15_T1_test,54,182,60.06666666666667,-1.4179517030715942,0.25744308747783634
UBFC_PHYS_s15_T1_test,54,183,60.1,-1.1089510917663574,0.020538488312467473
UBFC_PHYS_s15_T1_test,54,184,60.13333333333333,-0.7362424731254578,-0.2797006185385501
UBFC_PHYS_s15_T1_test,54,185,60.166666666666664,-0.4428454339504242,-0.6246521669400222
UBFC_PHYS_s15_T1_test,54,186,60.2,-0.27933642268180847,-0.9690354207771866
UBFC_PHYS_s15_T1_test,54,187,60.233333333333334,-0.1573660671710968,-1.250523686856682
UBFC_PHYS_s15_T1_test,54,188,60.266666666666666,-0.07110236585140228,-1.4050927866554317
UBFC_PHYS_s15_T1_test,54,189,60.3,-0.15031743049621582,-1.3845491785829358
UBFC_PHYS_s15_T1_test,54,190,60.333333333333336,-0.4169682562351227,-1.172071809723748
UBFC_PHYS_s15_T1_test,54,191,60.36666666666667,-0.7228596806526184,-0.7911744671285067
UBFC_PHYS_s15_T1_test,54,192,60.4,-0.9435495734214783,-0.3041812391533992
UBFC_PHYS_s15_T1_test,54,193,60.43333333333333,-1.0788447856903076,0.20120586936246349
UBFC_PHYS_s15_T1_test,54,194,60.46666666666667,-1.1529422998428345,0.634580136112515
UBFC_PHYS_s15_T1_test,54,195,60.5,-1.1338047981262207,0.927850512505681
UBFC_PHYS_s15_T1_test,54,196,60.53333333333333,-0.9850689172744751,1.0535290528389376
UBFC_PHYS_s15_T1_test,54,197,60.56666666666667,-0.7463036775588989,1.0290248498376153
UBFC_PHYS_s15_T1_test,54,198,60.6,-0.5005863308906555,0.9054361104358899
UBFC_PHYS_s15_T1_test,54,199,60.63333333333333,-0.33711591362953186,0.7456999369710404
UBFC_PHYS_s15_T1_test,54,200,60.666666666666664,-0.3250463306903839,0.6005214422736622
UBFC_PHYS_s15_T1_test,54,201,60.7,-0.46866467595100403,0.49085629118892393
UBFC_PHYS_s15_T1_test,54,202,60.733333333333334,-0.6912084221839905,0.40358308304063956
UBFC_PHYS_s15_T1_test,54,203,60.766666666666666,-0.9190434813499451,0.3020981947735188
UBFC_PHYS_s15_T1_test,54,204,60.8,-1.1524595022201538,0.14683226208826486
UBFC_PHYS_s15_T1_test,54,205,60.833333333333336,-1.381376028060913,-0.08384413132802915
UBFC_PHYS_s15_T1_test,54,206,60.86666666666667,-1.5026512145996094,-0.38101946932813635
UBFC_PHYS_s15_T1_test,54,207,60.9,-1.4121196269989014,-0.7048761224524234
UBFC_PHYS_s15_T1_test,54,208,60.93333333333333,-1.1350407600402832,-0.9952838767476464
UBFC_PHYS_s15_T1_test,54,209,60.96666666666667,-0.8107648491859436,-1.1887205850311715
UBFC_PHYS_s15_T1_test,54,210,61.0,-0.5938600301742554,-1.2360345867546763
UBFC_PHYS_s15_T1_test,54,211,61.03333333333333,-0.5501971244812012,-1.1164125871141788
UBFC_PHYS_s15_T1_test,54,212,61.06666666666667,-0.584629237651825,-0.8442806228302718
UBFC_PHYS_s15_T1_test,54,213,61.1,-0.6282148957252502,-0.4672254967846225
UBFC_PHYS_s15_T1_test,54,214,61.13333333333333,-0.8060915470123291,-0.054595742673401775
UBFC_PHYS_s15_T1_test,54,215,61.166666666666664,-1.243396520614624,0.32116404914407115
UBFC_PHYS_s15_T1_test,54,216,61.2,-1.7988289594650269,0.6052460613852693
UBFC_PHYS_s15_T1_test,54,217,61.233333333333334,-2.1673858165740967,0.7757408116987117
UBFC_PHYS_s15_T1_test,54,218,61.266666666666666,-2.150855302810669,0.8464856677798034
UBFC_PHYS_s15_T1_test,54,219,61.3,-1.777509331703186,0.8554641718874672
UBFC_PHYS_s15_T1_test,54,220,61.333333333333336,-1.2264991998672485,0.8443380116004409
UBFC_PHYS_s15_T1_test,54,221,61.36666666666667,-0.6692321300506592,0.8393396669376457
UBFC_PHYS_s15_T1_test,54,222,61.4,-0.20558646321296692,0.8415377420772746
UBFC_PHYS_s15_T1_test,54,223,61.43333333333333,0.09624961018562317,0.8285747178086373
UBFC_PHYS_s15_T1_test,54,224,61.46666666666667,0.2047985941171646,0.7654273081719968
UBFC_PHYS_s15_T1_test,54,225,61.5,0.16275782883167267,0.6197570308004221
UBFC_PHYS_s15_T1_test,54,226,61.53333333333333,0.10335618257522583,0.3769429848015729
UBFC_PHYS_s15_T1_test,54,227,61.56666666666667,0.22814598679542542,0.05011139963307121
UBFC_PHYS_s15_T1_test,54,228,61.6,0.6429147124290466,-0.31863932812579543
UBFC_PHYS_s15_T1_test,54,229,61.63333333333333,1.1950255632400513,-0.6673226666735615
UBFC_PHYS_s15_T1_test,54,230,61.666666666666664,1.6080176830291748,-0.9311652810911794
UBFC_PHYS_s15_T1_test,54,231,61.7,1.7357814311981201,-1.0619781724418074
UBFC_PHYS_s15_T1_test,54,232,61.733333333333334,1.5878952741622925,-1.0430030944936224
UBFC_PHYS_s15_T1_test,54,233,61.766666666666666,1.2637739181518555,-0.8942299960324975
UBFC_PHYS_s15_T1_test,54,234,61.8,0.8845573663711548,-0.6667219893617007
UBFC_PHYS_s15_T1_test,54,235,61.833333333333336,0.43446820974349976,-0.42777486022796135
UBFC_PHYS_s15_T1_test,54,236,61.86666666666667,-0.16754314303398132,-0.24065591659787008
UBFC_PHYS_s15_T1_test,54,237,61.9,-0.7740926742553711,-0.14431274640935457
UBFC_PHYS_s15_T1_test,54,238,61.93333333333333,-1.031647801399231,-0.14021008430783014
UBFC_PHYS_s15_T1_test,54,239,61.96666666666667,-0.7757920622825623,-0.19252187106283958
UBFC_PHYS_s15_T1_test,55,0,55.0,-0.09157237410545349,-0.0009742261356230891
UBFC_PHYS_s15_T1_test,55,1,55.03333333333333,0.21348868310451508,0.29219371160200824
UBFC_PHYS_s15_T1_test,55,2,55.06666666666667,0.39598074555397034,0.5423499516616894
UBFC_PHYS_s15_T1_test,55,3,55.1,0.4777449071407318,0.7134830039107377
UBFC_PHYS_s15_T1_test,55,4,55.13333333333333,0.47135287523269653,0.7807626878446896
UBFC_PHYS_s15_T1_test,55,5,55.166666666666664,0.39893537759780884,0.7345989823695823
UBFC_PHYS_s15_T1_test,55,6,55.2,0.3433380722999573,0.5828871608562307
UBFC_PHYS_s15_T1_test,55,7,55.233333333333334,0.3511977791786194,0.3515995980490179
UBFC_PHYS_s15_T1_test,55,8,55.266666666666666,0.3738113343715668,0.0829299085661659
UBFC_PHYS_s15_T1_test,55,9,55.3,0.37242093682289124,-0.1706033049213729
UBFC_PHYS_s15_T1_test,55,10,55.333333333333336,0.35239508748054504,-0.35626565036536256
UBFC_PHYS_s15_T1_test,55,11,55.36666666666667,0.2936306893825531,-0.4333054781500437
UBFC_PHYS_s15_T1_test,55,12,55.4,0.17961661517620087,-0.3840220163013058
UBFC_PHYS_s15_T1_test,55,13,55.43333333333333,0.04959344118833542,-0.22042531609413274
UBFC_PHYS_s15_T1_test,55,14,55.46666666666667,-0.05833757668733597,0.016487735151088985
UBFC_PHYS_s15_T1_test,55,15,55.5,-0.1657278686761856,0.26647714893854196
UBFC_PHYS_s15_T1_test,55,16,55.53333333333333,-0.31318917870521545,0.46743440166041894
UBFC_PHYS_s15_T1_test,55,17,55.56666666666667,-0.47884175181388855,0.5751644695429584
UBFC_PHYS_s15_T1_test,55,18,55.6,-0.5574195384979248,0.5777334980126827
UBFC_PHYS_s15_T1_test,55,19,55.63333333333333,-0.43734171986579895,0.4974075583645359
UBFC_PHYS_s15_T1_test,55,20,55.666666666666664,-0.13202960789203644,0.37830986954808143
UBFC_PHYS_s15_T1_test,55,21,55.7,0.20099425315856934,0.265132234565885
UBFC_PHYS_s15_T1_test,55,22,55.733333333333334,0.41341888904571533,0.18349761429823164
UBFC_PHYS_s15_T1_test,55,23,55.766666666666666,0.4806222915649414,0.13165233707149476
UBFC_PHYS_s15_T1_test,55,24,55.8,0.4534705579280853,0.08572677099272058
UBFC_PHYS_s15_T1_test,55,25,55.833333333333336,0.38165172934532166,0.013085065820149518
UBFC_PHYS_s15_T1_test,55,26,55.86666666666667,0.31736433506011963,-0.11364863183195827
UBFC_PHYS_s15_T1_test,55,27,55.9,0.3031318783760071,-0.3061923435571104
UBFC_PHYS_s15_T1_test,55,28,55.93333333333333,0.32912492752075195,-0.5543826927588845
UBFC_PHYS_s15_T1_test,55,29,55.96666666666667,0.3618576228618622,-0.8237560998316624
UBFC_PHYS_s15_T1_test,55,30,56.0,0.37914127111434937,-1.0586690977062012
UBFC_PHYS_s15_T1_test,55,31,56.03333333333333,0.3512943387031555,-1.1937187518248038
UBFC_PHYS_s15_T1_test,55,32,56.06666666666667,0.2740876376628876,-1.1728883002034687
UBFC_PHYS_s15_T1_test,55,33,56.1,0.18946538865566254,-0.9704426097580282
UBFC_PHYS_s15_T1_test,55,34,56.13333333333333,0.11895973235368729,-0.6046543981836068
UBFC_PHYS_s15_T1_test,55,35,56.166666666666664,0.04293103143572807,-0.13736953181435055
UBFC_PHYS_s15_T1_test,55,36,56.2,-0.057101648300886154,0.3415579609845298
UBFC_PHYS_s15_T1_test,55,37,56.233333333333334,-0.18225836753845215,0.7397157406262795
UBFC_PHYS_s15_T1_test,55,38,56.266666666666666,-0.26535502076148987,0.9891491370154919
UBFC_PHYS_s15_T1_test,55,39,56.3,-0.16555407643318176,1.0660879205309477
UBFC_PHYS_s15_T1_test,55,40,56.333333333333336,0.12983201444149017,0.9955096991234019
UBFC_PHYS_s15_T1_test,55,41,56.36666666666667,0.4662160575389862,0.8371726750110962
UBFC_PHYS_s15_T1_test,55,42,56.4,0.7177074551582336,0.6582818416238161
UBFC_PHYS_s15_T1_test,55,43,56.43333333333333,0.8666557669639587,0.5053603590571838
UBFC_PHYS_s15_T1_test,55,44,56.46666666666667,0.9237207174301147,0.388501298206373
UBFC_PHYS_s15_T1_test,55,45,56.5,0.9144513010978699,0.284298755007657
UBFC_PHYS_s15_T1_test,55,46,56.53333333333333,0.9006823301315308,0.1535187231653734
UBFC_PHYS_s15_T1_test,55,47,56.56666666666667,0.9394015073776245,-0.03704113787620286
UBFC_PHYS_s15_T1_test,55,48,56.6,1.036112666130066,-0.2979472791203555
UBFC_PHYS_s15_T1_test,55,49,56.63333333333333,1.1434450149536133,-0.6098370278261344
UBFC_PHYS_s15_T1_test,55,50,56.666666666666664,1.2031556367874146,-0.9253261717686879
UBFC_PHYS_s15_T1_test,55,51,56.7,1.1551669836044312,-1.178575572416807
UBFC_PHYS_s15_T1_test,55,52,56.733333333333334,0.9052591323852539,-1.3008677531548036
UBFC_PHYS_s15_T1_test,55,53,56.766666666666666,0.4120863974094391,-1.2397738804097915
UBFC_PHYS_s15_T1_test,55,54,56.8,-0.18061691522598267,-0.9773378702504019
UBFC_PHYS_s15_T1_test,55,55,56.833333333333336,-0.6878096461296082,-0.5409477212817235
UBFC_PHYS_s15_T1_test,55,56,56.86666666666667,-1.0779950618743896,-0.001460691673700598
UBFC_PHYS_s15_T1_test,55,57,56.9,-1.42787766456604,0.5429109082391891
UBFC_PHYS_s15_T1_test,55,58,56.93333333333333,-1.7480401992797852,0.9928631015309237
UBFC_PHYS_s15_T1_test,55,59,56.96666666666667,-1.9141756296157837,1.2756021861667481
UBFC_PHYS_s15_T1_test,55,60,57.0,-1.7939625978469849,1.3635888489914079
UBFC_PHYS_s15_T1_test,55,61,57.03333333333333,-1.4272983074188232,1.2773811592424866
UBFC_PHYS_s15_T1_test,55,62,57.06666666666667,-1.0074121952056885,1.0722063816427723
UBFC_PHYS_s15_T1_test,55,63,57.1,-0.671665370464325,0.8145482526204156
UBFC_PHYS_s15_T1_test,55,64,57.13333333333333,-0.4681432843208313,0.5582782916824568
UBFC_PHYS_s15_T1_test,55,65,57.166666666666664,-0.37969738245010376,0.3290091567956253
UBFC_PHYS_s15_T1_test,55,66,57.2,-0.341094046831131,0.12155017160919049
UBFC_PHYS_s15_T1_test,55,67,57.233333333333334,-0.2926226258277893,-0.08982848947330446
UBFC_PHYS_s15_T1_test,55,68,57.266666666666666,-0.22010858356952667,-0.33335429542237105
UBFC_PHYS_s15_T1_test,55,69,57.3,-0.13044607639312744,-0.6213626204174298
UBFC_PHYS_s15_T1_test,55,70,57.333333333333336,-0.03788687661290169,-0.9382262350173413
UBFC_PHYS_s15_T1_test,55,71,57.36666666666667,0.03051384910941124,-1.2384831318506084
UBFC_PHYS_s15_T1_test,55,72,57.4,0.051003169268369675,-1.455871901171577
UBFC_PHYS_s15_T1_test,55,73,57.43333333333333,0.015759993344545364,-1.521119998479701
UBFC_PHYS_s15_T1_test,55,74,57.46666666666667,-0.06349369883537292,-1.3839198380324977
UBFC_PHYS_s15_T1_test,55,75,57.5,-0.1353125274181366,-1.0328532665526267
UBFC_PHYS_s15_T1_test,55,76,57.53333333333333,-0.12517409026622772,-0.5065575403713202
UBFC_PHYS_s15_T1_test,55,77,57.56666666666667,-0.009595781564712524,0.10932150507522909
UBFC_PHYS_s15_T1_test,55,78,57.6,0.18176017701625824,0.7013655742191328
UBFC_PHYS_s15_T1_test,55,79,57.63333333333333,0.45341262221336365,1.159841113591443
UBFC_PHYS_s15_T1_test,55,80,57.666666666666664,0.8978435397148132,1.411690051127705
UBFC_PHYS_s15_T1_test,55,81,57.7,1.6173064708709717,1.4414049471797687
UBFC_PHYS_s15_T1_test,55,82,57.733333333333334,2.56620717048645,1.2903543421096781
UBFC_PHYS_s15_T1_test,55,83,57.766666666666666,3.484344959259033,1.0350165437757308
UBFC_PHYS_s15_T1_test,55,84,57.8,4.0119500160217285,0.7548718789315232
UBFC_PHYS_s15_T1_test,55,85,57.833333333333336,3.9309773445129395,0.5048485741803779
UBFC_PHYS_s15_T1_test,55,86,57.86666666666667,3.311972141265869,0.30250435695957495
UBFC_PHYS_s15_T1_test,55,87,57.9,2.5273334980010986,0.13143071858932245
UBFC_PHYS_s15_T1_test,55,88,57.93333333333333,2.0430054664611816,-0.04385589760128064
UBFC_PHYS_s15_T1_test,55,89,57.96666666666667,2.158236026763916,-0.25837493603464734
UBFC_PHYS_s15_T1_test,55,90,58.0,2.881889581680298,-0.5287930645033728
UBFC_PHYS_s15_T1_test,55,91,58.03333333333333,3.91738224029541,-0.8420035949447189
UBFC_PHYS_s15_T1_test,55,92,58.06666666666667,4.730563163757324,-1.1534244894330519
UBFC_PHYS_s15_T1_test,55,93,58.1,4.9246416091918945,-1.396118562355555
UBFC_PHYS_s15_T1_test,55,94,58.13333333333333,4.486680030822754,-1.4987170662967522
UBFC_PHYS_s15_T1_test,55,95,58.166666666666664,3.619582176208496,-1.407201675078353
UBFC_PHYS_s15_T1_test,55,96,58.2,2.4926888942718506,-1.104249141445961
UBFC_PHYS_s15_T1_test,55,97,58.233333333333334,1.3048105239868164,-0.620152940671219
UBFC_PHYS_s15_T1_test,55,98,58.266666666666666,0.32450953125953674,-0.030919745842867302
UBFC_PHYS_s15_T1_test,55,99,58.3,-0.3282906413078308,0.5579955308700542
UBFC_PHYS_s15_T1_test,55,100,58.333333333333336,-0.739467442035675,1.0396108845848029
UBFC_PHYS_s15_T1_test,55,101,58.36666666666667,-1.0108882188796997,1.3370041244620527
UBFC_PHYS_s15_T1_test,55,102,58.4,-1.1873936653137207,1.4263309674841413
UBFC_PHYS_s15_T1_test,55,103,58.43333333333333,-1.2675549983978271,1.3401643513336263
UBFC_PHYS_s15_T1_test,55,104,58.46666666666667,-1.2383756637573242,1.1484959943832882
UBFC_PHYS_s15_T1_test,55,105,58.5,-1.1329357624053955,0.9261365490592398
UBFC_PHYS_s15_T1_test,55,106,58.53333333333333,-1.0442581176757812,0.7224834862837126
UBFC_PHYS_s15_T1_test,55,107,58.56666666666667,-1.0333086252212524,0.547608109146418
UBFC_PHYS_s15_T1_test,55,108,58.6,-1.0705409049987793,0.3781243411528129
UBFC_PHYS_s15_T1_test,55,109,58.63333333333333,-1.081741452217102,0.175755807323777
UBFC_PHYS_s15_T1_test,55,110,58.666666666666664,-1.0059638023376465,-0.09156359362689875
UBFC_PHYS_s15_T1_test,55,111,58.7,-0.8310996890068054,-0.4332352296743957
UBFC_PHYS_s15_T1_test,55,112,58.733333333333334,-0.6158942580223083,-0.8274781493308858
UBFC_PHYS_s15_T1_test,55,113,58.766666666666666,-0.437515527009964,-1.2216948751730785
UBFC_PHYS_s15_T1_test,55,114,58.8,-0.31589275598526,-1.541713625103689
UBFC_PHYS_s15_T1_test,55,115,58.833333333333336,-0.2352486550807953,-1.70893183488485
UBFC_PHYS_s15_T1_test,55,116,58.86666666666667,-0.19175954163074493,-1.6622756738389268
UBFC_PHYS_s15_T1_test,55,117,58.9,-0.17911063134670258,-1.3791724268099212
UBFC_PHYS_s15_T1_test,55,118,58.93333333333333,-0.1930340975522995,-0.888147719504998
UBFC_PHYS_s15_T1_test,55,119,58.96666666666667,-0.24843829870224,-0.2671045446423376
UBFC_PHYS_s15_T1_test,55,120,59.0,-0.34503355622291565,0.3738756358529568
UBFC_PHYS_s15_T1_test,55,121,59.03333333333333,-0.46457070112228394,0.9207791723361703
UBFC_PHYS_s15_T1_test,55,122,59.06666666666667,-0.6042881608009338,1.286785602273375
UBFC_PHYS_s15_T1_test,55,123,59.1,-0.7425765991210938,1.4363137403621316
UBFC_PHYS_s15_T1_test,55,124,59.13333333333333,-0.815708577632904,1.3923103749341936
UBFC_PHYS_s15_T1_test,55,125,59.166666666666664,-0.7974014282226562,1.221939094911834
UBFC_PHYS_s15_T1_test,55,126,59.2,-0.7334809303283691,1.0055972473980563
UBFC_PHYS_s15_T1_test,55,127,59.233333333333334,-0.6795443892478943,0.803299985936134
UBFC_PHYS_s15_T1_test,55,128,59.266666666666666,-0.6816107034683228,0.6343354559472372
UBFC_PHYS_s15_T1_test,55,129,59.3,-0.793326735496521,0.4787357307064926
UBFC_PHYS_s15_T1_test,55,130,59.333333333333336,-1.0069293975830078,0.2965213823280412
UBFC_PHYS_s15_T1_test,55,131,59.36666666666667,-1.2339533567428589,0.05206274364087796
UBFC_PHYS_s15_T1_test,55,132,59.4,-1.3877294063568115,-0.2677465501140853
UBFC_PHYS_s15_T1_test,55,133,59.43333333333333,-1.4466676712036133,-0.6458302316782428
UBFC_PHYS_s15_T1_test,55,134,59.46666666666667,-1.4471503496170044,-1.0368346879306487
UBFC_PHYS_s15_T1_test,55,135,59.5,-1.456497073173523,-1.3760857432476643
UBFC_PHYS_s15_T1_test,55,136,59.53333333333333,-1.5211514234542847,-1.5935136746124094
UBFC_PHYS_s15_T1_test,55,137,59.56666666666667,-1.6319791078567505,-1.6306161989079495
UBFC_PHYS_s15_T1_test,55,138,59.6,-1.7758291959762573,-1.45725605663327
UBFC_PHYS_s15_T1_test,55,139,59.63333333333333,-1.9274424314498901,-1.083457383749265
UBFC_PHYS_s15_T1_test,55,140,59.666666666666664,-2.023477792739868,-0.5613272460942148
UBFC_PHYS_s15_T1_test,55,141,59.7,-2.0716402530670166,0.0251535611208156
UBFC_PHYS_s15_T1_test,55,142,59.733333333333334,-2.1783738136291504,0.5801540255257309
UBFC_PHYS_s15_T1_test,55,143,59.766666666666666,-2.3555166721343994,1.0196823884311244
UBFC_PHYS_s15_T1_test,55,144,59.8,-2.472890853881836,1.2918172507627308
UBFC_PHYS_s15_T1_test,55,145,59.833333333333336,-2.4677348136901855,1.3874169720444602
UBFC_PHYS_s15_T1_test,55,146,59.86666666666667,-2.375523328781128,1.3372181797025078
UBFC_PHYS_s15_T1_test,55,147,59.9,-2.231074571609497,1.1952381181565652
UBFC_PHYS_s15_T1_test,55,148,59.93333333333333,-2.0674495697021484,1.0145789103678098
UBFC_PHYS_s15_T1_test,55,149,59.96666666666667,-1.9157204627990723,0.8263531434463096
UBFC_PHYS_s15_T1_test,55,150,60.0,-1.7733960151672363,0.6315363803808334
UBFC_PHYS_s15_T1_test,55,151,60.03333333333333,-1.6210682392120361,0.4088711519815106
UBFC_PHYS_s15_T1_test,55,152,60.06666666666667,-1.4179517030715942,0.13313834319820486
UBFC_PHYS_s15_T1_test,55,153,60.1,-1.1089510917663574,-0.20659394133997613
UBFC_PHYS_s15_T1_test,55,154,60.13333333333333,-0.7362424731254578,-0.5964555945485817
UBFC_PHYS_s15_T1_test,55,155,60.166666666666664,-0.4428454339504242,-0.9967353704400147
UBFC_PHYS_s15_T1_test,55,156,60.2,-0.27933642268180847,-1.3484029228580476
UBFC_PHYS_s15_T1_test,55,157,60.233333333333334,-0.1573660671710968,-1.5847670728420382
UBFC_PHYS_s15_T1_test,55,158,60.266666666666666,-0.07110236585140228,-1.6464103219780142
UBFC_PHYS_s15_T1_test,55,159,60.3,-0.15031743049621582,-1.4972862932914341
UBFC_PHYS_s15_T1_test,55,160,60.333333333333336,-0.4169682562351227,-1.1383180655222371
UBFC_PHYS_s15_T1_test,55,161,60.36666666666667,-0.7228596806526184,-0.6134933393925998
UBFC_PHYS_s15_T1_test,55,162,60.4,-0.9435495734214783,-0.00428875332260322
UBFC_PHYS_s15_T1_test,55,163,60.43333333333333,-1.0788447856903076,0.5880875028136578
UBFC_PHYS_s15_T1_test,55,164,60.46666666666667,-1.1529422998428345,1.067913112600887
UBFC_PHYS_s15_T1_test,55,165,60.5,-1.1338047981262207,1.3690972984891456
UBFC_PHYS_s15_T1_test,55,166,60.53333333333333,-0.9850689172744751,1.4697881248080022
UBFC_PHYS_s15_T1_test,55,167,60.56666666666667,-0.7463036775588989,1.3926423168331372
UBFC_PHYS_s15_T1_test,55,168,60.6,-0.5005863308906555,1.1913008880684293
UBFC_PHYS_s15_T1_test,55,169,60.63333333333333,-0.33711591362953186,0.9285847683255019
UBFC_PHYS_s15_T1_test,55,170,60.666666666666664,-0.3250463306903839,0.654805864726913
UBFC_PHYS_s15_T1_test,55,171,60.7,-0.46866467595100403,0.3943041809983071
UBFC_PHYS_s15_T1_test,55,172,60.733333333333334,-0.6912084221839905,0.14480907819821476
UBFC_PHYS_s15_T1_test,55,173,60.766666666666666,-0.9190434813499451,-0.11136249198054268
UBFC_PHYS_s15_T1_test,55,174,60.8,-1.1524595022201538,-0.39054753732309205
UBFC_PHYS_s15_T1_test,55,175,60.833333333333336,-1.381376028060913,-0.6935173357323711
UBFC_PHYS_s15_T1_test,55,176,60.86666666666667,-1.5026512145996094,-0.9990842631046215
UBFC_PHYS_s15_T1_test,55,177,60.9,-1.4121196269989014,-1.26634954611141
UBFC_PHYS_s15_T1_test,55,178,60.93333333333333,-1.1350407600402832,-1.4436971220663797
UBFC_PHYS_s15_T1_test,55,179,60.96666666666667,-0.8107648491859436,-1.4818479269538896
UBFC_PHYS_s15_T1_test,55,180,61.0,-0.5938600301742554,-1.3480181484905307
UBFC_PHYS_s15_T1_test,55,181,61.03333333333333,-0.5501971244812012,-1.0378594846756513
UBFC_PHYS_s15_T1_test,55,182,61.06666666666667,-0.584629237651825,-0.5816274657993837
UBFC_PHYS_s15_T1_test,55,183,61.1,-0.6282148957252502,-0.04160327809873943
UBFC_PHYS_s15_T1_test,55,184,61.13333333333333,-0.8060915470123291,0.5002083409555972
UBFC_PHYS_s15_T1_test,55,185,61.166666666666664,-1.243396520614624,0.9617173773255829
UBFC_PHYS_s15_T1_test,55,186,61.2,-1.7988289594650269,1.2816794284703565
UBFC_PHYS_s15_T1_test,55,187,61.233333333333334,-2.1673858165740967,1.4340056774713814
UBFC_PHYS_s15_T1_test,55,188,61.266666666666666,-2.150855302810669,1.429294923308843
UBFC_PHYS_s15_T1_test,55,189,61.3,-1.777509331703186,1.3030938709189765
UBFC_PHYS_s15_T1_test,55,190,61.333333333333336,-1.2264991998672485,1.0975068773190486
UBFC_PHYS_s15_T1_test,55,191,61.36666666666667,-0.6692321300506592,0.8459953802699203
UBFC_PHYS_s15_T1_test,55,192,61.4,-0.20558646321296692,0.5675671656527717
UBFC_PHYS_s15_T1_test,55,193,61.43333333333333,0.09624961018562317,0.26992304471059914
UBFC_PHYS_s15_T1_test,55,194,61.46666666666667,0.2047985941171646,-0.04298811858033041
UBFC_PHYS_s15_T1_test,55,195,61.5,0.16275782883167267,-0.36372534976720394
UBFC_PHYS_s15_T1_test,55,196,61.53333333333333,0.10335618257522583,-0.6769527424776616
UBFC_PHYS_s15_T1_test,55,197,61.56666666666667,0.22814598679542542,-0.9582303190887475
UBFC_PHYS_s15_T1_test,55,198,61.6,0.6429147124290466,-1.175695362207531
UBFC_PHYS_s15_T1_test,55,199,61.63333333333333,1.1950255632400513,-1.2946721588269443
UBFC_PHYS_s15_T1_test,55,200,61.666666666666664,1.6080176830291748,-1.2852020195726068
UBFC_PHYS_s15_T1_test,55,201,61.7,1.7357814311981201,-1.1313380681373009
UBFC_PHYS_s15_T1_test,55,202,61.733333333333334,1.5878952741622925,-0.8392941446927049
UBFC_PHYS_s15_T1_test,55,203,61.766666666666666,1.2637739181518555,-0.44088486894735746
UBFC_PHYS_s15_T1_test,55,204,61.8,0.8845573663711548,0.009852260077417043
UBFC_PHYS_s15_T1_test,55,205,61.833333333333336,0.43446820974349976,0.4467835483356383
UBFC_PHYS_s15_T1_test,55,206,61.86666666666667,-0.16754314303398132,0.8068902876098342
UBFC_PHYS_s15_T1_test,55,207,61.9,-0.7740926742553711,1.0467863295526012
UBFC_PHYS_s15_T1_test,55,208,61.93333333333333,-1.031647801399231,1.1539268010645791
UBFC_PHYS_s15_T1_test,55,209,61.96666666666667,-0.7757920622825623,1.145899865906396
UBFC_PHYS_s15_T1_test,55,210,62.0,-0.20483331382274628,1.056676673990221
UBFC_PHYS_s15_T1_test,55,211,62.03333333333333,0.3466789126396179,0.9168124048305077
UBFC_PHYS_s15_T1_test,55,212,62.06666666666667,0.6848589181900024,0.7394910575513679
UBFC_PHYS_s15_T1_test,55,213,62.1,0.7947017550468445,0.520906981105735
UBFC_PHYS_s15_T1_test,55,214,62.13333333333333,0.7723199129104614,0.2526770019059585
UBFC_PHYS_s15_T1_test,55,215,62.166666666666664,0.7756028175354004,-0.06439096363998388
UBFC_PHYS_s15_T1_test,55,216,62.2,0.9026327729225159,-0.4139646174838855
UBFC_PHYS_s15_T1_test,55,217,62.233333333333334,1.0795631408691406,-0.7662770528999586
UBFC_PHYS_s15_T1_test,55,218,62.266666666666666,1.1796923875808716,-1.0842879516451338
UBFC_PHYS_s15_T1_test,55,219,62.3,1.238302230834961,-1.329543661063799
UBFC_PHYS_s15_T1_test,55,220,62.333333333333336,1.3287758827209473,-1.4667464067221099
UBFC_PHYS_s15_T1_test,55,221,62.36666666666667,1.3369252681732178,-1.4688705995431768
UBFC_PHYS_s15_T1_test,55,222,62.4,1.1038954257965088,-1.3241309357715316
UBFC_PHYS_s15_T1_test,55,223,62.43333333333333,0.6630757451057434,-1.0431967715598265
UBFC_PHYS_s15_T1_test,55,224,62.46666666666667,0.15850932896137238,-0.6626282513976679
UBFC_PHYS_s15_T1_test,55,225,62.5,-0.3537236452102661,-0.24067883113011954
UBFC_PHYS_s15_T1_test,55,226,62.53333333333333,-0.9140225648880005,0.15533579811026632
UBFC_PHYS_s15_T1_test,55,227,62.56666666666667,-1.5418918132781982,0.4668209972327389
UBFC_PHYS_s15_T1_test,55,228,62.6,-2.1025190353393555,0.6607389372770193
UBFC_PHYS_s15_T1_test,55,229,62.63333333333333,-2.2972543239593506,0.7387106087723379
UBFC_PHYS_s15_T1_test,55,230,62.666666666666664,-1.9695991277694702,0.7334094731997837
UBFC_PHYS_s15_T1_test,55,231,62.7,-1.3825154304504395,0.692379279566516
UBFC_PHYS_s15_T1_test,55,232,62.733333333333334,-0.953997015953064,0.6564736640806643
UBFC_PHYS_s15_T1_test,55,233,62.766666666666666,-0.8048748970031738,0.6438682503585974
UBFC_PHYS_s15_T1_test,55,234,62.8,-0.7670246958732605,0.6471960849589543
UBFC_PHYS_s15_T1_test,55,235,62.833333333333336,-0.6860716342926025,0.6433718554222914
UBFC_PHYS_s15_T1_test,55,236,62.86666666666667,-0.4940204620361328,0.6087736144488878
UBFC_PHYS_s15_T1_test,55,237,62.9,-0.19967718422412872,0.5309833083022768
UBFC_PHYS_s15_T1_test,55,238,62.93333333333333,0.08676774799823761,0.41268684060233857
UBFC_PHYS_s15_T1_test,55,239,62.96666666666667,0.2679659426212311,0.26904229829739107
UBFC_PHYS_s15_T1_test,56,0,56.0,0.37914127111434937,0.04655234360878784
UBFC_PHYS_s15_T1_test,56,1,56.03333333333333,0.3512943387031555,0.36590270295597677
UBFC_PHYS_s15_T1_test,56,2,56.06666666666667,0.2740876376628876,0.6946743493767452
UBFC_PHYS_s15_T1_test,56,3,56.1,0.18946538865566254,1.0276510146875357
UBFC_PHYS_s15_T1_test,56,4,56.13333333333333,0.11895973235368729,1.3383434037003967
UBFC_PHYS_s15_T1_test,56,5,56.166666666666664,0.04293103143572807,1.582782201109932
UBFC_PHYS_s15_T1_test,56,6,56.2,-0.057101648300886154,1.7122488090016472
UBFC_PHYS_s15_T1_test,56,7,56.233333333333334,-0.18225836753845215,1.6897496620386645
UBFC_PHYS_s15_T1_test,56,8,56.266666666666666,-0.26535502076148987,1.5042513771848958
UBFC_PHYS_s15_T1_test,56,9,56.3,-0.16555407643318176,1.17775736154858
UBFC_PHYS_s15_T1_test,56,10,56.333333333333336,0.12983201444149017,0.7621570710732043
UBFC_PHYS_s15_T1_test,56,11,56.36666666666667,0.4662160575389862,0.32582802685359447
UBFC_PHYS_s15_T1_test,56,12,56.4,0.7177074551582336,-0.06580109349521947
UBFC_PHYS_s15_T1_test,56,13,56.43333333333333,0.8666557669639587,-0.36837556924448445
UBFC_PHYS_s15_T1_test,56,14,56.46666666666667,0.9237207174301147,-0.5683700854598716
UBFC_PHYS_s15_T1_test,56,15,56.5,0.9144513010978699,-0.6812389950507357
UBFC_PHYS_s15_T1_test,56,16,56.53333333333333,0.9006823301315308,-0.7400644888763688
UBFC_PHYS_s15_T1_test,56,17,56.56666666666667,0.9394015073776245,-0.7804068645878753
UBFC_PHYS_s15_T1_test,56,18,56.6,1.036112666130066,-0.8269605263782173
UBFC_PHYS_s15_T1_test,56,19,56.63333333333333,1.1434450149536133,-0.885177603523965
UBFC_PHYS_s15_T1_test,56,20,56.666666666666664,1.2031556367874146,-0.9387875802688226
UBFC_PHYS_s15_T1_test,56,21,56.7,1.1551669836044312,-0.9533572502161486
UBFC_PHYS_s15_T1_test,56,22,56.733333333333334,0.9052591323852539,-0.8861617489422023
UBFC_PHYS_s15_T1_test,56,23,56.766666666666666,0.4120863974094391,-0.7016837236243095
UBFC_PHYS_s15_T1_test,56,24,56.8,-0.18061691522598267,-0.38900894742488445
UBFC_PHYS_s15_T1_test,56,25,56.833333333333336,-0.6878096461296082,0.025774660359544368
UBFC_PHYS_s15_T1_test,56,26,56.86666666666667,-1.0779950618743896,0.4793296128382567
UBFC_PHYS_s15_T1_test,56,27,56.9,-1.42787766456604,0.8859706638522536
UBFC_PHYS_s15_T1_test,56,28,56.93333333333333,-1.7480401992797852,1.163415997166917
UBFC_PHYS_s15_T1_test,56,29,56.96666666666667,-1.9141756296157837,1.2590405227012245
UBFC_PHYS_s15_T1_test,56,30,57.0,-1.7939625978469849,1.1655725029393562
UBFC_PHYS_s15_T1_test,56,31,57.03333333333333,-1.4272983074188232,0.9201758832643633
UBFC_PHYS_s15_T1_test,56,32,57.06666666666667,-1.0074121952056885,0.5886880027016134
UBFC_PHYS_s15_T1_test,56,33,57.1,-0.671665370464325,0.24281985191804703
UBFC_PHYS_s15_T1_test,56,34,57.13333333333333,-0.4681432843208313,-0.06071997212781391
UBFC_PHYS_s15_T1_test,56,35,57.166666666666664,-0.37969738245010376,-0.2928806353550619
UBFC_PHYS_s15_T1_test,56,36,57.2,-0.341094046831131,-0.4541897400567961
UBFC_PHYS_s15_T1_test,56,37,57.233333333333334,-0.2926226258277893,-0.5669480077555475
UBFC_PHYS_s15_T1_test,56,38,57.266666666666666,-0.22010858356952667,-0.6614106202028475
UBFC_PHYS_s15_T1_test,56,39,57.3,-0.13044607639312744,-0.7608930791494715
UBFC_PHYS_s15_T1_test,56,40,57.333333333333336,-0.03788687661290169,-0.8702903406147577
UBFC_PHYS_s15_T1_test,56,41,57.36666666666667,0.03051384910941124,-0.9711326009591534
UBFC_PHYS_s15_T1_test,56,42,57.4,0.051003169268369675,-1.0247881383688557
UBFC_PHYS_s15_T1_test,56,43,57.43333333333333,0.015759993344545364,-0.983710441400977
UBFC_PHYS_s15_T1_test,56,44,57.46666666666667,-0.06349369883537292,-0.8084314986846545
UBFC_PHYS_s15_T1_test,56,45,57.5,-0.1353125274181366,-0.48555615087263504
UBFC_PHYS_s15_T1_test,56,46,57.53333333333333,-0.12517409026622772,-0.04021820672671882
UBFC_PHYS_s15_T1_test,56,47,57.56666666666667,-0.009595781564712524,0.4632866463458866
UBFC_PHYS_s15_T1_test,56,48,57.6,0.18176017701625824,0.9356524100663175
UBFC_PHYS_s15_T1_test,56,49,57.63333333333333,0.45341262221336365,1.2883315183977224
UBFC_PHYS_s15_T1_test,56,50,57.666666666666664,0.8978435397148132,1.4612272634871943
UBFC_PHYS_s15_T1_test,56,51,57.7,1.6173064708709717,1.4402656247529473
UBFC_PHYS_s15_T1_test,56,52,57.733333333333334,2.56620717048645,1.2573273087475572
UBFC_PHYS_s15_T1_test,56,53,57.766666666666666,3.484344959259033,0.9737263050469532
UBFC_PHYS_s15_T1_test,56,54,57.8,4.0119500160217285,0.6559943288640929
UBFC_PHYS_s15_T1_test,56,55,57.833333333333336,3.9309773445129395,0.3549399653407855
UBFC_PHYS_s15_T1_test,56,56,57.86666666666667,3.311972141265869,0.09504435120075425
UBFC_PHYS_s15_T1_test,56,57,57.9,2.5273334980010986,-0.12489623807311814
UBFC_PHYS_s15_T1_test,56,58,57.93333333333333,2.0430054664611816,-0.3229915292941806
UBFC_PHYS_s15_T1_test,56,59,57.96666666666667,2.158236026763916,-0.5215874067443608
UBFC_PHYS_s15_T1_test,56,60,58.0,2.881889581680298,-0.7345720463638303
UBFC_PHYS_s15_T1_test,56,61,58.03333333333333,3.91738224029541,-0.9578282266977008
UBFC_PHYS_s15_T1_test,56,62,58.06666666666667,4.730563163757324,-1.1654156474275248
UBFC_PHYS_s15_T1_test,56,63,58.1,4.9246416091918945,-1.3131252837083116
UBFC_PHYS_s15_T1_test,56,64,58.13333333333333,4.486680030822754,-1.3492763072376734
UBFC_PHYS_s15_T1_test,56,65,58.166666666666664,3.619582176208496,-1.2304825521545124
UBFC_PHYS_s15_T1_test,56,66,58.2,2.4926888942718506,-0.9383332807067084
UBFC_PHYS_s15_T1_test,56,67,58.233333333333334,1.3048105239868164,-0.49175561046813143
UBFC_PHYS_s15_T1_test,56,68,58.266666666666666,0.32450953125953674,0.050332566523791554
UBFC_PHYS_s15_T1_test,56,69,58.3,-0.3282906413078308,0.5995387829952988
UBFC_PHYS_s15_T1_test,56,70,58.333333333333336,-0.739467442035675,1.060626114971714
UBFC_PHYS_s15_T1_test,56,71,58.36666666666667,-1.0108882188796997,1.3593586416448498
UBFC_PHYS_s15_T1_test,56,72,58.4,-1.1873936653137207,1.4643992390004097
UBFC_PHYS_s15_T1_test,56,73,58.43333333333333,-1.2675549983978271,1.393129969951732
UBFC_PHYS_s15_T1_test,56,74,58.46666666666667,-1.2383756637573242,1.1986666149093828
UBFC_PHYS_s15_T1_test,56,75,58.5,-1.1329357624053955,0.9448741715768779
UBFC_PHYS_s15_T1_test,56,76,58.53333333333333,-1.0442581176757812,0.6818817143472604
UBFC_PHYS_s15_T1_test,56,77,58.56666666666667,-1.0333086252212524,0.43297322895085916
UBFC_PHYS_s15_T1_test,56,78,58.6,-1.0705409049987793,0.19593392038991633
UBFC_PHYS_s15_T1_test,56,79,58.63333333333333,-1.081741452217102,-0.045826121151395026
UBFC_PHYS_s15_T1_test,56,80,58.666666666666664,-1.0059638023376465,-0.30941029007202
UBFC_PHYS_s15_T1_test,56,81,58.7,-0.8310996890068054,-0.6008091646136877
UBFC_PHYS_s15_T1_test,56,82,58.733333333333334,-0.6158942580223083,-0.9077383504014402
UBFC_PHYS_s15_T1_test,56,83,58.766666666666666,-0.437515527009964,-1.1977442987291846
UBFC_PHYS_s15_T1_test,56,84,58.8,-0.31589275598526,-1.4222242509052019
UBFC_PHYS_s15_T1_test,56,85,58.833333333333336,-0.2352486550807953,-1.5266775331066418
UBFC_PHYS_s15_T1_test,56,86,58.86666666666667,-0.19175954163074493,-1.4658066684349824
UBFC_PHYS_s15_T1_test,56,87,58.9,-0.17911063134670258,-1.219579237268076
UBFC_PHYS_s15_T1_test,56,88,58.93333333333333,-0.1930340975522995,-0.8046389695012905
UBFC_PHYS_s15_T1_test,56,89,58.96666666666667,-0.24843829870224,-0.27594436421820306
UBFC_PHYS_s15_T1_test,56,90,59.0,-0.34503355622291565,0.28346223579714214
UBFC_PHYS_s15_T1_test,56,91,59.03333333333333,-0.46457070112228394,0.7824826907088849
UBFC_PHYS_s15_T1_test,56,92,59.06666666666667,-0.6042881608009338,1.1461431594593263
UBFC_PHYS_s15_T1_test,56,93,59.1,-0.7425765991210938,1.3359785607771402
UBFC_PHYS_s15_T1_test,56,94,59.13333333333333,-0.815708577632904,1.3584089858224624
UBFC_PHYS_s15_T1_test,56,95,59.166666666666664,-0.7974014282226562,1.2564844293644055
UBFC_PHYS_s15_T1_test,56,96,59.2,-0.7334809303283691,1.08787155520962
UBFC_PHYS_s15_T1_test,56,97,59.233333333333334,-0.6795443892478943,0.8993444402880798
UBFC_PHYS_s15_T1_test,56,98,59.266666666666666,-0.6816107034683228,0.7103305583094013
UBFC_PHYS_s15_T1_test,56,99,59.3,-0.793326735496521,0.5129328424604994
UBFC_PHYS_s15_T1_test,56,100,59.333333333333336,-1.0069293975830078,0.28577125814303367
UBFC_PHYS_s15_T1_test,56,101,59.36666666666667,-1.2339533567428589,0.011636407583494861
UBFC_PHYS_s15_T1_test,56,102,59.4,-1.3877294063568115,-0.3101594922457392
UBFC_PHYS_s15_T1_test,56,103,59.43333333333333,-1.4466676712036133,-0.659857238487674
UBFC_PHYS_s15_T1_test,56,104,59.46666666666667,-1.4471503496170044,-0.9999783012163072
UBFC_PHYS_s15_T1_test,56,105,59.5,-1.456497073173523,-1.2817175493703161
UBFC_PHYS_s15_T1_test,56,106,59.53333333333333,-1.5211514234542847,-1.4535410079464197
UBFC_PHYS_s15_T1_test,56,107,59.56666666666667,-1.6319791078567505,-1.4719125578185979
UBFC_PHYS_s15_T1_test,56,108,59.6,-1.7758291959762573,-1.3132035113523606
UBFC_PHYS_s15_T1_test,56,109,59.63333333333333,-1.9274424314498901,-0.9837050267881197
UBFC_PHYS_s15_T1_test,56,110,59.666666666666664,-2.023477792739868,-0.5235294050709047
UBFC_PHYS_s15_T1_test,56,111,59.7,-2.0716402530670166,-0.0012128604545301167
UBFC_PHYS_s15_T1_test,56,112,59.733333333333334,-2.1783738136291504,0.5011129299028045
UBFC_PHYS_s15_T1_test,56,113,59.766666666666666,-2.3555166721343994,0.9082020615105566
UBFC_PHYS_s15_T1_test,56,114,59.8,-2.472890853881836,1.1710236310265505
UBFC_PHYS_s15_T1_test,56,115,59.833333333333336,-2.4677348136901855,1.2776185165542844
UBFC_PHYS_s15_T1_test,56,116,59.86666666666667,-2.375523328781128,1.2509111335949747
UBFC_PHYS_s15_T1_test,56,117,59.9,-2.231074571609497,1.1342067365582416
UBFC_PHYS_s15_T1_test,56,118,59.93333333333333,-2.0674495697021484,0.9707963007327931
UBFC_PHYS_s15_T1_test,56,119,59.96666666666667,-1.9157204627990723,0.7870350563617684
UBFC_PHYS_s15_T1_test,56,120,60.0,-1.7733960151672363,0.5863890830905774
UBFC_PHYS_s15_T1_test,56,121,60.03333333333333,-1.6210682392120361,0.35604014467959333
UBFC_PHYS_s15_T1_test,56,122,60.06666666666667,-1.4179517030715942,0.08094818097501946
UBFC_PHYS_s15_T1_test,56,123,60.1,-1.1089510917663574,-0.2427403242492571
UBFC_PHYS_s15_T1_test,56,124,60.13333333333333,-0.7362424731254578,-0.6004581900911424
UBFC_PHYS_s15_T1_test,56,125,60.166666666666664,-0.4428454339504242,-0.958919521322832
UBFC_PHYS_s15_T1_test,56,126,60.2,-0.27933642268180847,-1.2709220704245623
UBFC_PHYS_s15_T1_test,56,127,60.233333333333334,-0.1573660671710968,-1.4835027620921375
UBFC_PHYS_s15_T1_test,56,128,60.266666666666666,-0.07110236585140228,-1.5486066937586458
UBFC_PHYS_s15_T1_test,56,129,60.3,-0.15031743049621582,-1.4352882565424987
UBFC_PHYS_s15_T1_test,56,130,60.333333333333336,-0.4169682562351227,-1.140803412041165
UBFC_PHYS_s15_T1_test,56,131,60.36666666666667,-0.7228596806526184,-0.6964660798565419
UBFC_PHYS_s15_T1_test,56,132,60.4,-0.9435495734214783,-0.16472778891993198
UBFC_PHYS_s15_T1_test,56,133,60.43333333333333,-1.0788447856903076,0.37339068667756997
UBFC_PHYS_s15_T1_test,56,134,60.46666666666667,-1.1529422998428345,0.8377717455601731
UBFC_PHYS_s15_T1_test,56,135,60.5,-1.1338047981262207,1.1694421967781408
UBFC_PHYS_s15_T1_test,56,136,60.53333333333333,-0.9850689172744751,1.3438239583277984
UBFC_PHYS_s15_T1_test,56,137,60.56666666666667,-0.7463036775588989,1.371400004903713
UBFC_PHYS_s15_T1_test,56,138,60.6,-0.5005863308906555,1.2861569457410817
UBFC_PHYS_s15_T1_test,56,139,60.63333333333333,-0.33711591362953186,1.1280346374595092
UBFC_PHYS_s15_T1_test,56,140,60.666666666666664,-0.3250463306903839,0.927478601286043
UBFC_PHYS_s15_T1_test,56,141,60.7,-0.46866467595100403,0.6979647836744468
UBFC_PHYS_s15_T1_test,56,142,60.733333333333334,-0.6912084221839905,0.43817292480189923
UBFC_PHYS_s15_T1_test,56,143,60.766666666666666,-0.9190434813499451,0.14133184733016818
UBFC_PHYS_s15_T1_test,56,144,60.8,-1.1524595022201538,-0.19332892556606582
UBFC_PHYS_s15_T1_test,56,145,60.833333333333336,-1.381376028060913,-0.5521767461202123
UBFC_PHYS_s15_T1_test,56,146,60.86666666666667,-1.5026512145996094,-0.9048026079637795
UBFC_PHYS_s15_T1_test,56,147,60.9,-1.4121196269989014,-1.2078590580866733
UBFC_PHYS_s15_T1_test,56,148,60.93333333333333,-1.1350407600402832,-1.4134719568594138
UBFC_PHYS_s15_T1_test,56,149,60.96666666666667,-0.8107648491859436,-1.479957265178834
UBFC_PHYS_s15_T1_test,56,150,61.0,-0.5938600301742554,-1.3825173754450626
UBFC_PHYS_s15_T1_test,56,151,61.03333333333333,-0.5501971244812012,-1.1215506722858026
UBFC_PHYS_s15_T1_test,56,152,61.06666666666667,-0.584629237651825,-0.7261114490750329
UBFC_PHYS_s15_T1_test,56,153,61.1,-0.6282148957252502,-0.25048192360813354
UBFC_PHYS_s15_T1_test,56,154,61.13333333333333,-0.8060915470123291,0.2366258454562243
UBFC_PHYS_s15_T1_test,56,155,61.166666666666664,-1.243396520614624,0.6680880784933027
UBFC_PHYS_s15_T1_test,56,156,61.2,-1.7988289594650269,0.9946530583192599
UBFC_PHYS_s15_T1_test,56,157,61.233333333333334,-2.1673858165740967,1.195158329926853
UBFC_PHYS_s15_T1_test,56,158,61.266666666666666,-2.150855302810669,1.2758998008621074
UBFC_PHYS_s15_T1_test,56,159,61.3,-1.777509331703186,1.2593446421390202
UBFC_PHYS_s15_T1_test,56,160,61.333333333333336,-1.2264991998672485,1.1687019800933707
UBFC_PHYS_s15_T1_test,56,161,61.36666666666667,-0.6692321300506592,1.0173195715691181
UBFC_PHYS_s15_T1_test,56,162,61.4,-0.20558646321296692,0.8076246111073494
UBFC_PHYS_s15_T1_test,56,163,61.43333333333333,0.09624961018562317,0.5376058298875874
UBFC_PHYS_s15_T1_test,56,164,61.46666666666667,0.2047985941171646,0.20936685450077216
UBFC_PHYS_s15_T1_test,56,165,61.5,0.16275782883167267,-0.16480824646409237
UBFC_PHYS_s15_T1_test,56,166,61.53333333333333,0.10335618257522583,-0.5603442156744235
UBFC_PHYS_s15_T1_test,56,167,61.56666666666667,0.22814598679542542,-0.941366738999692
UBFC_PHYS_s15_T1_test,56,168,61.6,0.6429147124290466,-1.2639582362040382
UBFC_PHYS_s15_T1_test,56,169,61.63333333333333,1.1950255632400513,-1.4818594350259224
UBFC_PHYS_s15_T1_test,56,170,61.666666666666664,1.6080176830291748,-1.554813934767846
UBFC_PHYS_s15_T1_test,56,171,61.7,1.7357814311981201,-1.458502965037438
UBFC_PHYS_s15_T1_test,56,172,61.733333333333334,1.5878952741622925,-1.193441496442192
UBFC_PHYS_s15_T1_test,56,173,61.766666666666666,1.2637739181518555,-0.7893778383558653
UBFC_PHYS_s15_T1_test,56,174,61.8,0.8845573663711548,-0.3023650824418671
UBFC_PHYS_s15_T1_test,56,175,61.833333333333336,0.43446820974349976,0.19629850018488193
UBFC_PHYS_s15_T1_test,56,176,61.86666666666667,-0.16754314303398132,0.6371484963898273
UBFC_PHYS_s15_T1_test,56,177,61.9,-0.7740926742553711,0.9703362769597621
UBFC_PHYS_s15_T1_test,56,178,61.93333333333333,-1.031647801399231,1.1767244035035564
UBFC_PHYS_s15_T1_test,56,179,61.96666666666667,-0.7757920622825623,1.266543166162838
UBFC_PHYS_s15_T1_test,56,180,62.0,-0.20483331382274628,1.2659611199474363
UBFC_PHYS_s15_T1_test,56,181,62.03333333333333,0.3466789126396179,1.199005851871135
UBFC_PHYS_s15_T1_test,56,182,62.06666666666667,0.6848589181900024,1.0753707795155374
UBFC_PHYS_s15_T1_test,56,183,62.1,0.7947017550468445,0.8907829136517548
UBFC_PHYS_s15_T1_test,56,184,62.13333333333333,0.7723199129104614,0.637599346837923
UBFC_PHYS_s15_T1_test,56,185,62.166666666666664,0.7756028175354004,0.3167833565836556
UBFC_PHYS_s15_T1_test,56,186,62.2,0.9026327729225159,-0.05601181006797693
UBFC_PHYS_s15_T1_test,56,187,62.233333333333334,1.0795631408691406,-0.4513253907430661
UBFC_PHYS_s15_T1_test,56,188,62.266666666666666,1.1796923875808716,-0.8304925030911812
UBFC_PHYS_s15_T1_test,56,189,62.3,1.238302230834961,-1.1506633190776219
UBFC_PHYS_s15_T1_test,56,190,62.333333333333336,1.3287758827209473,-1.3696570535578743
UBFC_PHYS_s15_T1_test,56,191,62.36666666666667,1.3369252681732178,-1.4521009430392051
UBFC_PHYS_s15_T1_test,56,192,62.4,1.1038954257965088,-1.3773275244578114
UBFC_PHYS_s15_T1_test,56,193,62.43333333333333,0.6630757451057434,-1.146981103755795
UBFC_PHYS_s15_T1_test,56,194,62.46666666666667,0.15850932896137238,-0.7888784526334991
UBFC_PHYS_s15_T1_test,56,195,62.5,-0.3537236452102661,-0.35418718496228746
UBFC_PHYS_s15_T1_test,56,196,62.53333333333333,-0.9140225648880005,0.09295015255531423
UBFC_PHYS_s15_T1_test,56,197,62.56666666666667,-1.5418918132781982,0.4910888990202976
UBFC_PHYS_s15_T1_test,56,198,62.6,-2.1025190353393555,0.7970680068370002
UBFC_PHYS_s15_T1_test,56,199,62.63333333333333,-2.2972543239593506,0.9949388793861715
UBFC_PHYS_s15_T1_test,56,200,62.666666666666664,-1.9695991277694702,1.0938762214638944
UBFC_PHYS_s15_T1_test,56,201,62.7,-1.3825154304504395,1.1159570426800232
UBFC_PHYS_s15_T1_test,56,202,62.733333333333334,-0.953997015953064,1.0804859302405132
UBFC_PHYS_s15_T1_test,56,203,62.766666666666666,-0.8048748970031738,0.9937207955942013
UBFC_PHYS_s15_T1_test,56,204,62.8,-0.7670246958732605,0.8492009543533111
UBFC_PHYS_s15_T1_test,56,205,62.833333333333336,-0.6860716342926025,0.6371197981026276
UBFC_PHYS_s15_T1_test,56,206,62.86666666666667,-0.4940204620361328,0.3560529655515389
UBFC_PHYS_s15_T1_test,56,207,62.9,-0.19967718422412872,0.019957049498891835
UBFC_PHYS_s15_T1_test,56,208,62.93333333333333,0.08676774799823761,-0.34242915751129877
UBFC_PHYS_s15_T1_test,56,209,62.96666666666667,0.2679659426212311,-0.6935792342677546
UBFC_PHYS_s15_T1_test,56,210,63.0,0.3713201880455017,-0.9943048584111571
UBFC_PHYS_s15_T1_test,56,211,63.03333333333333,0.46963414549827576,-1.2091605014561715
UBFC_PHYS_s15_T1_test,56,212,63.06666666666667,0.5663452744483948,-1.3101307028627829
UBFC_PHYS_s15_T1_test,56,213,63.1,0.6078646183013916,-1.2802068642517144
UBFC_PHYS_s15_T1_test,56,214,63.13333333333333,0.546358048915863,-1.1174832380398534
UBFC_PHYS_s15_T1_test,56,215,63.166666666666664,0.3845484256744385,-0.838317265594283
UBFC_PHYS_s15_T1_test,56,216,63.2,0.13564471900463104,-0.477110451911444
UBFC_PHYS_s15_T1_test,56,217,63.233333333333334,-0.23235195875167847,-0.08096182943498999
UBFC_PHYS_s15_T1_test,56,218,63.266666666666666,-0.6564287543296814,0.3005825317260731
UBFC_PHYS_s15_T1_test,56,219,63.3,-0.8318528532981873,0.6276618776751919
UBFC_PHYS_s15_T1_test,56,220,63.333333333333336,-0.5290704965591431,0.8787399644468832
UBFC_PHYS_s15_T1_test,56,221,63.36666666666667,0.04505527764558792,1.0509976164723214
UBFC_PHYS_s15_T1_test,56,222,63.4,0.4739212691783905,1.1522125890228467
UBFC_PHYS_s15_T1_test,56,223,63.43333333333333,0.6154926419258118,1.1891101877262813
UBFC_PHYS_s15_T1_test,56,224,63.46666666666667,0.5945977568626404,1.1592641362624343
UBFC_PHYS_s15_T1_test,56,225,63.5,0.521948516368866,1.0513759045840418
UBFC_PHYS_s15_T1_test,56,226,63.53333333333333,0.5035834908485413,0.8536507475991119
UBFC_PHYS_s15_T1_test,56,227,63.56666666666667,0.685998260974884,0.5652102204902336
UBFC_PHYS_s15_T1_test,56,228,63.6,1.037734866142273,0.20389348084422945
UBFC_PHYS_s15_T1_test,56,229,63.63333333333333,1.3286793231964111,-0.19396006195837742
UBFC_PHYS_s15_T1_test,56,230,63.666666666666664,1.4535270929336548,-0.5815827959763777
UBFC_PHYS_s15_T1_test,56,231,63.7,1.5021915435791016,-0.913473442002659
UBFC_PHYS_s15_T1_test,56,232,63.733333333333334,1.4809298515319824,-1.1552804166589414
UBFC_PHYS_s15_T1_test,56,233,63.766666666666666,1.272946834564209,-1.2883869980561564
UBFC_PHYS_s15_T1_test,56,234,63.8,0.8928998708724976,-1.3092162046504514
UBFC_PHYS_s15_T1_test,56,235,63.833333333333336,0.4666215777397156,-1.2257286354770751
UBFC_PHYS_s15_T1_test,56,236,63.86666666666667,0.026921940967440605,-1.053484990602295
UBFC_PHYS_s15_T1_test,56,237,63.9,-0.48899951577186584,-0.8122222327388321
UBFC_PHYS_s15_T1_test,56,238,63.93333333333333,-1.0972291231155396,-0.5230847382477462
UBFC_PHYS_s15_T1_test,56,239,63.96666666666667,-1.5962724685668945,-0.2068294501270557
UBFC_PHYS_s15_T1_test,57,0,57.0,-1.7939625978469849,-0.12493702733272177
UBFC_PHYS_s15_T1_test,57,1,57.03333333333333,-1.4272983074188232,0.06010388731269909
UBFC_PHYS_s15_T1_test,57,2,57.06666666666667,-1.0074121952056885,0.2017964886719774
UBFC_PHYS_s15_T1_test,57,3,57.1,-0.671665370464325,0.2702246216764084
UBFC_PHYS_s15_T1_test,57,4,57.13333333333333,-0.4681432843208313,0.26071484195127015
UBFC_PHYS_s15_T1_test,57,5,57.166666666666664,-0.37969738245010376,0.18855714002367588
UBFC_PHYS_s15_T1_test,57,6,57.2,-0.341094046831131,0.07467862279865146
UBFC_PHYS_s15_T1_test,57,7,57.233333333333334,-0.2926226258277893,-0.06689807260962406
UBFC_PHYS_s15_T1_test,57,8,57.266666666666666,-0.22010858356952667,-0.23170621887168552
UBFC_PHYS_s15_T1_test,57,9,57.3,-0.13044607639312744,-0.417695159374724
UBFC_PHYS_s15_T1_test,57,10,57.333333333333336,-0.03788687661290169,-0.6145969049032399
UBFC_PHYS_s15_T1_test,57,11,57.36666666666667,0.03051384910941124,-0.7970915954173441
UBFC_PHYS_s15_T1_test,57,12,57.4,0.051003169268369675,-0.9258016837792792
UBFC_PHYS_s15_T1_test,57,13,57.43333333333333,0.015759993344545364,-0.9559445969326935
UBFC_PHYS_s15_T1_test,57,14,57.46666666666667,-0.06349369883537292,-0.8510309250099709
UBFC_PHYS_s15_T1_test,57,15,57.5,-0.1353125274181366,-0.5978275469062939
UBFC_PHYS_s15_T1_test,57,16,57.53333333333333,-0.12517409026622772,-0.21760806730269652
UBFC_PHYS_s15_T1_test,57,17,57.56666666666667,-0.009595781564712524,0.2319942668858849
UBFC_PHYS_s15_T1_test,57,18,57.6,0.18176017701625824,0.6686693511924943
UBFC_PHYS_s15_T1_test,57,19,57.63333333333333,0.45341262221336365,1.0092909718870564
UBFC_PHYS_s15_T1_test,57,20,57.666666666666664,0.8978435397148132,1.196704764905631
UBFC_PHYS_s15_T1_test,57,21,57.7,1.6173064708709717,1.2165838968878018
UBFC_PHYS_s15_T1_test,57,22,57.733333333333334,2.56620717048645,1.096710631541674
UBFC_PHYS_s15_T1_test,57,23,57.766666666666666,3.484344959259033,0.8908676970734838
UBFC_PHYS_s15_T1_test,57,24,57.8,4.0119500160217285,0.6566153044220046
UBFC_PHYS_s15_T1_test,57,25,57.833333333333336,3.9309773445129395,0.4369035165067166
UBFC_PHYS_s15_T1_test,57,26,57.86666666666667,3.311972141265869,0.2507270313618076
UBFC_PHYS_s15_T1_test,57,27,57.9,2.5273334980010986,0.09280628100593957
UBFC_PHYS_s15_T1_test,57,28,57.93333333333333,2.0430054664611816,-0.059558369648448586
UBFC_PHYS_s15_T1_test,57,29,57.96666666666667,2.158236026763916,-0.23432727870994874
UBFC_PHYS_s15_T1_test,57,30,58.0,2.881889581680298,-0.4501789447025091
UBFC_PHYS_s15_T1_test,57,31,58.03333333333333,3.91738224029541,-0.7041338701066178
UBFC_PHYS_s15_T1_test,57,32,58.06666666666667,4.730563163757324,-0.9661497080553999
UBFC_PHYS_s15_T1_test,57,33,58.1,4.9246416091918945,-1.1835345174837029
UBFC_PHYS_s15_T1_test,57,34,58.13333333333333,4.486680030822754,-1.294459736728056
UBFC_PHYS_s15_T1_test,57,35,58.166666666666664,3.619582176208496,-1.2465593946465068
UBFC_PHYS_s15_T1_test,57,36,58.2,2.4926888942718506,-1.0151261397224243
UBFC_PHYS_s15_T1_test,57,37,58.233333333333334,1.3048105239868164,-0.6155206849221734
UBFC_PHYS_s15_T1_test,57,38,58.266666666666666,0.32450953125953674,-0.1053418271347544
UBFC_PHYS_s15_T1_test,57,39,58.3,-0.3282906413078308,0.42626740992511825
UBFC_PHYS_s15_T1_test,57,40,58.333333333333336,-0.739467442035675,0.8814709373860157
UBFC_PHYS_s15_T1_test,57,41,58.36666666666667,-1.0108882188796997,1.1827665947240726
UBFC_PHYS_s15_T1_test,57,42,58.4,-1.1873936653137207,1.296827665763477
UBFC_PHYS_s15_T1_test,57,43,58.43333333333333,-1.2675549983978271,1.2415343087456367
UBFC_PHYS_s15_T1_test,57,44,58.46666666666667,-1.2383756637573242,1.072278052799253
UBFC_PHYS_s15_T1_test,57,45,58.5,-1.1329357624053955,0.8547115403946222
UBFC_PHYS_s15_T1_test,57,46,58.53333333333333,-1.0442581176757812,0.6380926663225365
UBFC_PHYS_s15_T1_test,57,47,58.56666666666667,-1.0333086252212524,0.44155335946383123
UBFC_PHYS_s15_T1_test,57,48,58.6,-1.0705409049987793,0.25625985806457907
UBFC_PHYS_s15_T1_test,57,49,58.63333333333333,-1.081741452217102,0.0576619376554822
UBFC_PHYS_s15_T1_test,57,50,58.666666666666664,-1.0059638023376465,-0.179533273073468
UBFC_PHYS_s15_T1_test,57,51,58.7,-0.8310996890068054,-0.4679418228424587
UBFC_PHYS_s15_T1_test,57,52,58.733333333333334,-0.6158942580223083,-0.7977163778697004
UBFC_PHYS_s15_T1_test,57,53,58.766666666666666,-0.437515527009964,-1.1323955012357856
UBFC_PHYS_s15_T1_test,57,54,58.8,-0.31589275598526,-1.412725295151407
UBFC_PHYS_s15_T1_test,57,55,58.833333333333336,-0.2352486550807953,-1.5695587905403339
UBFC_PHYS_s15_T1_test,57,56,58.86666666666667,-0.19175954163074493,-1.5435560042918115
UBFC_PHYS_s15_T1_test,57,57,58.9,-0.17911063134670258,-1.3057566335202981
UBFC_PHYS_s15_T1_test,57,58,58.93333333333333,-0.1930340975522995,-0.8716395093851589
UBFC_PHYS_s15_T1_test,57,59,58.96666666666667,-0.24843829870224,-0.3028756732370104
UBFC_PHYS_s15_T1_test,57,60,59.0,-0.34503355622291565,0.3050572877055389
UBFC_PHYS_s15_T1_test,57,61,59.03333333333333,-0.46457070112228394,0.8465959304079506
UBFC_PHYS_s15_T1_test,57,62,59.06666666666667,-0.6042881608009338,1.2345878976012672
UBFC_PHYS_s15_T1_test,57,63,59.1,-0.7425765991210938,1.4245553146940346
UBFC_PHYS_s15_T1_test,57,64,59.13333333333333,-0.815708577632904,1.4252867327845442
UBFC_PHYS_s15_T1_test,57,65,59.166666666666664,-0.7974014282226562,1.2900333605530487
UBFC_PHYS_s15_T1_test,57,66,59.2,-0.7334809303283691,1.0908349601470657
UBFC_PHYS_s15_T1_test,57,67,59.233333333333334,-0.6795443892478943,0.8872726430688368
UBFC_PHYS_s15_T1_test,57,68,59.266666666666666,-0.6816107034683228,0.7046408559745143
UBFC_PHYS_s15_T1_test,57,69,59.3,-0.793326735496521,0.531586524111297
UBFC_PHYS_s15_T1_test,57,70,59.333333333333336,-1.0069293975830078,0.3355995693715743
UBFC_PHYS_s15_T1_test,57,71,59.36666666666667,-1.2339533567428589,0.08525906683620252
UBFC_PHYS_s15_T1_test,57,72,59.4,-1.3877294063568115,-0.23208546954757817
UBFC_PHYS_s15_T1_test,57,73,59.43333333333333,-1.4466676712036133,-0.6023232974915254
UBFC_PHYS_s15_T1_test,57,74,59.46666666666667,-1.4471503496170044,-0.9855636275945283
UBFC_PHYS_s15_T1_test,57,75,59.5,-1.456497073173523,-1.3232385064763488
UBFC_PHYS_s15_T1_test,57,76,59.53333333333333,-1.5211514234542847,-1.54953722648348
UBFC_PHYS_s15_T1_test,57,77,59.56666666666667,-1.6319791078567505,-1.6064317818850808
UBFC_PHYS_s15_T1_test,57,78,59.6,-1.7758291959762573,-1.4601422870255183
UBFC_PHYS_s15_T1_test,57,79,59.63333333333333,-1.9274424314498901,-1.114349491585058
UBFC_PHYS_s15_T1_test,57,80,59.666666666666664,-2.023477792739868,-0.6146072439148323
UBFC_PHYS_s15_T1_test,57,81,59.7,-2.0716402530670166,-0.04057368282351071
UBFC_PHYS_s15_T1_test,57,82,59.733333333333334,-2.1783738136291504,0.5127808001069596
UBFC_PHYS_s15_T1_test,57,83,59.766666666666666,-2.3555166721343994,0.9593268955168124
UBFC_PHYS_s15_T1_test,57,84,59.8,-2.472890853881836,1.2434704625765918
UBFC_PHYS_s15_T1_test,57,85,59.833333333333336,-2.4677348136901855,1.352145616597601
UBFC_PHYS_s15_T1_test,57,86,59.86666666666667,-2.375523328781128,1.312671089583764
UBFC_PHYS_s15_T1_test,57,87,59.9,-2.231074571609497,1.1768272164635674
UBFC_PHYS_s15_T1_test,57,88,59.93333333333333,-2.0674495697021484,0.9972657229021687
UBFC_PHYS_s15_T1_test,57,89,59.96666666666667,-1.9157204627990723,0.8064047369728378
UBFC_PHYS_s15_T1_test,57,90,60.0,-1.7733960151672363,0.6075199447923834
UBFC_PHYS_s15_T1_test,57,91,60.03333333333333,-1.6210682392120361,0.3817759470871211
UBFC_PHYS_s15_T1_test,57,92,60.06666666666667,-1.4179517030715942,0.10596983832868184
UBFC_PHYS_s15_T1_test,57,93,60.1,-1.1089510917663574,-0.2295676857842948
UBFC_PHYS_s15_T1_test,57,94,60.13333333333333,-0.7362424731254578,-0.6109639975130918
UBFC_PHYS_s15_T1_test,57,95,60.166666666666664,-0.4428454339504242,-1.0003702750353627
UBFC_PHYS_s15_T1_test,57,96,60.2,-0.27933642268180847,-1.3426201132499338
UBFC_PHYS_s15_T1_test,57,97,60.233333333333334,-0.1573660671710968,-1.5759925341579355
UBFC_PHYS_s15_T1_test,57,98,60.266666666666666,-0.07110236585140228,-1.645347635291113
UBFC_PHYS_s15_T1_test,57,99,60.3,-0.15031743049621582,-1.516358335371577
UBFC_PHYS_s15_T1_test,57,100,60.333333333333336,-0.4169682562351227,-1.1880565778334438
UBFC_PHYS_s15_T1_test,57,101,60.36666666666667,-0.7228596806526184,-0.6991022521510947
UBFC_PHYS_s15_T1_test,57,102,60.4,-0.9435495734214783,-0.12349349074722552
UBFC_PHYS_s15_T1_test,57,103,60.43333333333333,-1.0788447856903076,0.44537252347275386
UBFC_PHYS_s15_T1_test,57,104,60.46666666666667,-1.1529422998428345,0.9184206196409161
UBFC_PHYS_s15_T1_test,57,105,60.5,-1.1338047981262207,1.2343200157826648
UBFC_PHYS_s15_T1_test,57,106,60.53333333333333,-0.9850689172744751,1.3736037684125746
UBFC_PHYS_s15_T1_test,57,107,60.56666666666667,-0.7463036775588989,1.3579355990024808
UBFC_PHYS_s15_T1_test,57,108,60.6,-0.5005863308906555,1.2355173479336818
UBFC_PHYS_s15_T1_test,57,109,60.63333333333333,-0.33711591362953186,1.0594346328846707
UBFC_PHYS_s15_T1_test,57,110,60.666666666666664,-0.3250463306903839,0.8676537493238891
UBFC_PHYS_s15_T1_test,57,111,60.7,-0.46866467595100403,0.6718712960879163
UBFC_PHYS_s15_T1_test,57,112,60.733333333333334,-0.6912084221839905,0.4591337241334277
UBFC_PHYS_s15_T1_test,57,113,60.766666666666666,-0.9190434813499451,0.20527695660990383
UBFC_PHYS_s15_T1_test,57,114,60.8,-1.1524595022201538,-0.10630011678474455
UBFC_PHYS_s15_T1_test,57,115,60.833333333333336,-1.381376028060913,-0.4695963734182996
UBFC_PHYS_s15_T1_test,57,116,60.86666666666667,-1.5026512145996094,-0.8510382622000703
UBFC_PHYS_s15_T1_test,57,117,60.9,-1.4121196269989014,-1.1954058437157546
UBFC_PHYS_s15_T1_test,57,118,60.93333333333333,-1.1350407600402832,-1.439222967480626
UBFC_PHYS_s15_T1_test,57,119,60.96666666666667,-0.8107648491859436,-1.5267843201822697
UBFC_PHYS_s15_T1_test,57,120,61.0,-0.5938600301742554,-1.424829014961289
UBFC_PHYS_s15_T1_test,57,121,61.03333333333333,-0.5501971244812012,-1.1330993580328328
UBFC_PHYS_s15_T1_test,57,122,61.06666666666667,-0.584629237651825,-0.6883543635317807
UBFC_PHYS_s15_T1_test,57,123,61.1,-0.6282148957252502,-0.1595056418488063
UBFC_PHYS_s15_T1_test,57,124,61.13333333333333,-0.8060915470123291,0.36706186999174845
UBFC_PHYS_s15_T1_test,57,125,61.166666666666664,-1.243396520614624,0.8093737936067591
UBFC_PHYS_s15_T1_test,57,126,61.2,-1.7988289594650269,1.1117633128789512
UBFC_PHYS_s15_T1_test,57,127,61.233333333333334,-2.1673858165740967,1.2575533121307534
UBFC_PHYS_s15_T1_test,57,128,61.266666666666666,-2.150855302810669,1.26658357608573
UBFC_PHYS_s15_T1_test,57,129,61.3,-1.777509331703186,1.1791077408990667
UBFC_PHYS_s15_T1_test,57,130,61.333333333333336,-1.2264991998672485,1.0349372111324646
UBFC_PHYS_s15_T1_test,57,131,61.36666666666667,-0.6692321300506592,0.8585111664478561
UBFC_PHYS_s15_T1_test,57,132,61.4,-0.20558646321296692,0.655137565224774
UBFC_PHYS_s15_T1_test,57,133,61.43333333333333,0.09624961018562317,0.4165728159105694
UBFC_PHYS_s15_T1_test,57,134,61.46666666666667,0.2047985941171646,0.13128895870652052
UBFC_PHYS_s15_T1_test,57,135,61.5,0.16275782883167267,-0.20451216508083045
UBFC_PHYS_s15_T1_test,57,136,61.53333333333333,0.10335618257522583,-0.5781266992920064
UBFC_PHYS_s15_T1_test,57,137,61.56666666666667,0.22814598679542542,-0.9564197865127992
UBFC_PHYS_s15_T1_test,57,138,61.6,0.6429147124290466,-1.2886961302316156
UBFC_PHYS_s15_T1_test,57,139,61.63333333333333,1.1950255632400513,-1.5166533321157354
UBFC_PHYS_s15_T1_test,57,140,61.666666666666664,1.6080176830291748,-1.5890829119712635
UBFC_PHYS_s15_T1_test,57,141,61.7,1.7357814311981201,-1.47682263774024
UBFC_PHYS_s15_T1_test,57,142,61.733333333333334,1.5878952741622925,-1.1831273946563725
UBFC_PHYS_s15_T1_test,57,143,61.766666666666666,1.2637739181518555,-0.7460525704624587
UBFC_PHYS_s15_T1_test,57,144,61.8,0.8845573663711548,-0.23173612357921192
UBFC_PHYS_s15_T1_test,57,145,61.833333333333336,0.43446820974349976,0.280279546861503
UBFC_PHYS_s15_T1_test,57,146,61.86666666666667,-0.16754314303398132,0.7165924478405407
UBFC_PHYS_s15_T1_test,57,147,61.9,-0.7740926742553711,1.0289341659177724
UBFC_PHYS_s15_T1_test,57,148,61.93333333333333,-1.031647801399231,1.205061607803892
UBFC_PHYS_s15_T1_test,57,149,61.96666666666667,-0.7757920622825623,1.265412346135103
UBFC_PHYS_s15_T1_test,57,150,62.0,-0.20483331382274628,1.2460774672651131
UBFC_PHYS_s15_T1_test,57,151,62.03333333333333,0.3466789126396179,1.1767595727982811
UBFC_PHYS_s15_T1_test,57,152,62.06666666666667,0.6848589181900024,1.0660207613378778
UBFC_PHYS_s15_T1_test,57,153,62.1,0.7947017550468445,0.9018007967187108
UBFC_PHYS_s15_T1_test,57,154,62.13333333333333,0.7723199129104614,0.6648982591872862
UBFC_PHYS_s15_T1_test,57,155,62.166666666666664,0.7756028175354004,0.34537860792699815
UBFC_PHYS_s15_T1_test,57,156,62.2,0.9026327729225159,-0.04696017967684322
UBFC_PHYS_s15_T1_test,57,157,62.233333333333334,1.0795631408691406,-0.48054074209729003
UBFC_PHYS_s15_T1_test,57,158,62.266666666666666,1.1796923875808716,-0.9061805568697899
UBFC_PHYS_s15_T1_test,57,159,62.3,1.238302230834961,-1.2646680044783285
UBFC_PHYS_s15_T1_test,57,160,62.333333333333336,1.3287758827209473,-1.496725750431778
UBFC_PHYS_s15_T1_test,57,161,62.36666666666667,1.3369252681732178,-1.5553162235316969
UBFC_PHYS_s15_T1_test,57,162,62.4,1.1038954257965088,-1.418532979604861
UBFC_PHYS_s15_T1_test,57,163,62.43333333333333,0.6630757451057434,-1.0988831849195804
UBFC_PHYS_s15_T1_test,57,164,62.46666666666667,0.15850932896137238,-0.644465812391981
UBFC_PHYS_s15_T1_test,57,165,62.5,-0.3537236452102661,-0.12986134600003993
UBFC_PHYS_s15_T1_test,57,166,62.53333333333333,-0.9140225648880005,0.36170124558742317
UBFC_PHYS_s15_T1_test,57,167,62.56666666666667,-1.5418918132781982,0.7596386135422095
UBFC_PHYS_s15_T1_test,57,168,62.6,-2.1025190353393555,1.0233892492668444
UBFC_PHYS_s15_T1_test,57,169,62.63333333333333,-2.2972543239593506,1.1491907141498308
UBFC_PHYS_s15_T1_test,57,170,62.666666666666664,-1.9695991277694702,1.1633680944871914
UBFC_PHYS_s15_T1_test,57,171,62.7,-1.3825154304504395,1.1049594454879652
UBFC_PHYS_s15_T1_test,57,172,62.733333333333334,-0.953997015953064,1.0056993385329827
UBFC_PHYS_s15_T1_test,57,173,62.766666666666666,-0.8048748970031738,0.8769728959860215
UBFC_PHYS_s15_T1_test,57,174,62.8,-0.7670246958732605,0.7097622732020281
UBFC_PHYS_s15_T1_test,57,175,62.833333333333336,-0.6860716342926025,0.48652048137966175
UBFC_PHYS_s15_T1_test,57,176,62.86666666666667,-0.4940204620361328,0.19730692052310714
UBFC_PHYS_s15_T1_test,57,177,62.9,-0.19967718422412872,-0.14910749510900095
UBFC_PHYS_s15_T1_test,57,178,62.93333333333333,0.08676774799823761,-0.5238056230013656
UBFC_PHYS_s15_T1_test,57,179,62.96666666666667,0.2679659426212311,-0.8840948303408218
UBFC_PHYS_s15_T1_test,57,180,63.0,0.3713201880455017,-1.1827082736941714
UBFC_PHYS_s15_T1_test,57,181,63.03333333333333,0.46963414549827576,-1.3760856717901315
UBFC_PHYS_s15_T1_test,57,182,63.06666666666667,0.5663452744483948,-1.431163781338634
UBFC_PHYS_s15_T1_test,57,183,63.1,0.6078646183013916,-1.331835686223511
UBFC_PHYS_s15_T1_test,57,184,63.13333333333333,0.546358048915863,-1.084831814948899
UBFC_PHYS_s15_T1_test,57,185,63.166666666666664,0.3845484256744385,-0.7222684572564875
UBFC_PHYS_s15_T1_test,57,186,63.2,0.13564471900463104,-0.29755183893379117
UBFC_PHYS_s15_T1_test,57,187,63.233333333333334,-0.23235195875167847,0.12634446615713948
UBFC_PHYS_s15_T1_test,57,188,63.266666666666666,-0.6564287543296814,0.49317342496295796
UBFC_PHYS_s15_T1_test,57,189,63.3,-0.8318528532981873,0.7679708178520563
UBFC_PHYS_s15_T1_test,57,190,63.333333333333336,-0.5290704965591431,0.9433810592424424
UBFC_PHYS_s15_T1_test,57,191,63.36666666666667,0.04505527764558792,1.0347187023416717
UBFC_PHYS_s15_T1_test,57,192,63.4,0.4739212691783905,1.0662875535637715
UBFC_PHYS_s15_T1_test,57,193,63.43333333333333,0.6154926419258118,1.0557764380573618
UBFC_PHYS_s15_T1_test,57,194,63.46666666666667,0.5945977568626404,1.0040388856466471
UBFC_PHYS_s15_T1_test,57,195,63.5,0.521948516368866,0.8948273788878157
UBFC_PHYS_s15_T1_test,57,196,63.53333333333333,0.5035834908485413,0.7049294847720134
UBFC_PHYS_s15_T1_test,57,197,63.56666666666667,0.685998260974884,0.4205570847702371
UBFC_PHYS_s15_T1_test,57,198,63.6,1.037734866142273,0.0520881894158818
UBFC_PHYS_s15_T1_test,57,199,63.63333333333333,1.3286793231964111,-0.36076171283561526
UBFC_PHYS_s15_T1_test,57,200,63.666666666666664,1.4535270929336548,-0.7563604647731541
UBFC_PHYS_s15_T1_test,57,201,63.7,1.5021915435791016,-1.0676470831899054
UBFC_PHYS_s15_T1_test,57,202,63.733333333333334,1.4809298515319824,-1.2403730271902857
UBFC_PHYS_s15_T1_test,57,203,63.766666666666666,1.272946834564209,-1.246520824635658
UBFC_PHYS_s15_T1_test,57,204,63.8,0.8928998708724976,-1.090226367988604
UBFC_PHYS_s15_T1_test,57,205,63.833333333333336,0.4666215777397156,-0.8067725644047941
UBFC_PHYS_s15_T1_test,57,206,63.86666666666667,0.026921940967440605,-0.4553735395707097
UBFC_PHYS_s15_T1_test,57,207,63.9,-0.48899951577186584,-0.1056730998704796
UBFC_PHYS_s15_T1_test,57,208,63.93333333333333,-1.0972291231155396,0.18074456938074776
UBFC_PHYS_s15_T1_test,57,209,63.96666666666667,-1.5962724685668945,0.36891217600676995
UBFC_PHYS_s15_T1_test,57,210,64.0,-1.6149464845657349,0.4610105598323279
UBFC_PHYS_s15_T1_test,57,211,64.03333333333333,-1.0269359350204468,0.49200804701864703
UBFC_PHYS_s15_T1_test,57,212,64.06666666666666,-0.2250329703092575,0.5105435941281401
UBFC_PHYS_s15_T1_test,57,213,64.1,0.37856191396713257,0.5537852759350463
UBFC_PHYS_s15_T1_test,57,214,64.13333333333334,0.6848589181900024,0.6291111408846752
UBFC_PHYS_s15_T1_test,57,215,64.16666666666667,0.7681679725646973,0.7116204467820875
UBFC_PHYS_s15_T1_test,57,216,64.2,0.7046144008636475,0.7566463151703898
UBFC_PHYS_s15_T1_test,57,217,64.23333333333333,0.5917204022407532,0.7188239399923315
UBFC_PHYS_s15_T1_test,57,218,64.26666666666667,0.5333036184310913,0.5696530545313974
UBFC_PHYS_s15_T1_test,57,219,64.3,0.5535225868225098,0.30958593672269796
UBFC_PHYS_s15_T1_test,57,220,64.33333333333333,0.5990973114967346,-0.027636692475036778
UBFC_PHYS_s15_T1_test,57,221,64.36666666666666,0.6400179862976074,-0.3805146119504094
UBFC_PHYS_s15_T1_test,57,222,64.4,0.6950553059577942,-0.6752909834658417
UBFC_PHYS_s15_T1_test,57,223,64.43333333333334,0.7396837472915649,-0.8475115263546598
UBFC_PHYS_s15_T1_test,57,224,64.46666666666667,0.6954222321510315,-0.8620541694828293
UBFC_PHYS_s15_T1_test,57,225,64.5,0.563081681728363,-0.7239140265650645
UBFC_PHYS_s15_T1_test,57,226,64.53333333333333,0.42359593510627747,-0.47634737771465685
UBFC_PHYS_s15_T1_test,57,227,64.56666666666666,0.24990984797477722,-0.1881161593272884
UBFC_PHYS_s15_T1_test,57,228,64.6,-0.09377386420965195,0.06602025111595185
UBFC_PHYS_s15_T1_test,57,229,64.63333333333334,-0.616203248500824,0.2267466334276892
UBFC_PHYS_s15_T1_test,57,230,64.66666666666667,-1.0350273847579956,0.2677585396719181
UBFC_PHYS_s15_T1_test,57,231,64.7,-0.9560633301734924,0.2031001386408474
UBFC_PHYS_s15_T1_test,57,232,64.73333333333333,-0.3212226927280426,0.07990307433409494
UBFC_PHYS_s15_T1_test,57,233,64.76666666666667,0.42776718735694885,-0.04218315306598443
UBFC_PHYS_s15_T1_test,57,234,64.8,0.8272027373313904,-0.1160599663179703
UBFC_PHYS_s15_T1_test,57,235,64.83333333333333,0.8463788628578186,-0.12420448353338281
UBFC_PHYS_s15_T1_test,57,236,64.86666666666666,0.6735424995422363,-0.07928548774592442
UBFC_PHYS_s15_T1_test,57,237,64.9,0.44657641649246216,-0.009739708297512542
UBFC_PHYS_s15_T1_test,57,238,64.93333333333334,0.28206321597099304,0.059345236483272605
UBFC_PHYS_s15_T1_test,57,239,64.96666666666667,0.32653722167015076,0.11772932861654291
UBFC_PHYS_s15_T1_test,58,0,58.0,2.881889581680298,-0.0528603620044902
UBFC_PHYS_s15_T1_test,58,1,58.03333333333333,3.91738224029541,-0.26036880122690154
UBFC_PHYS_s15_T1_test,58,2,58.06666666666667,4.730563163757324,-0.4527402923541918
UBFC_PHYS_s15_T1_test,58,3,58.1,4.9246416091918945,-0.6093940111342436
UBFC_PHYS_s15_T1_test,58,4,58.13333333333333,4.486680030822754,-0.7017364596679394
UBFC_PHYS_s15_T1_test,58,5,58.166666666666664,3.619582176208496,-0.7010598508358558
UBFC_PHYS_s15_T1_test,58,6,58.2,2.4926888942718506,-0.5920685010688558
UBFC_PHYS_s15_T1_test,58,7,58.233333333333334,1.3048105239868164,-0.385077255937732
UBFC_PHYS_s15_T1_test,58,8,58.266666666666666,0.32450953125953674,-0.12003052115568064
UBFC_PHYS_s15_T1_test,58,9,58.3,-0.3282906413078308,0.14116540765656105
UBFC_PHYS_s15_T1_test,58,10,58.333333333333336,-0.739467442035675,0.33300548924919854
UBFC_PHYS_s15_T1_test,58,11,58.36666666666667,-1.0108882188796997,0.40974898851688524
UBFC_PHYS_s15_T1_test,58,12,58.4,-1.1873936653137207,0.36437852676568033
UBFC_PHYS_s15_T1_test,58,13,58.43333333333333,-1.2675549983978271,0.23376387465286713
UBFC_PHYS_s15_T1_test,58,14,58.46666666666667,-1.2383756637573242,0.08587950746898064
UBFC_PHYS_s15_T1_test,58,15,58.5,-1.1329357624053955,-0.006843218718928439
UBFC_PHYS_s15_T1_test,58,16,58.53333333333333,-1.0442581176757812,0.0029669611727411995
UBFC_PHYS_s15_T1_test,58,17,58.56666666666667,-1.0333086252212524,0.11789286322348362
UBFC_PHYS_s15_T1_test,58,18,58.6,-1.0705409049987793,0.29373025262391506
UBFC_PHYS_s15_T1_test,58,19,58.63333333333333,-1.081741452217102,0.45529965960442115
UBFC_PHYS_s15_T1_test,58,20,58.666666666666664,-1.0059638023376465,0.5235302549233144
UBFC_PHYS_s15_T1_test,58,21,58.7,-0.8310996890068054,0.44398045755319765
UBFC_PHYS_s15_T1_test,58,22,58.733333333333334,-0.6158942580223083,0.20717457141283827
UBFC_PHYS_s15_T1_test,58,23,58.766666666666666,-0.437515527009964,-0.14579844209866266
UBFC_PHYS_s15_T1_test,58,24,58.8,-0.31589275598526,-0.5341578998254437
UBFC_PHYS_s15_T1_test,58,25,58.833333333333336,-0.2352486550807953,-0.8611741920799887
UBFC_PHYS_s15_T1_test,58,26,58.86666666666667,-0.19175954163074493,-1.0428349340140035
UBFC_PHYS_s15_T1_test,58,27,58.9,-0.17911063134670258,-1.0319596227636614
UBFC_PHYS_s15_T1_test,58,28,58.93333333333333,-0.1930340975522995,-0.8304262799563339
UBFC_PHYS_s15_T1_test,58,29,58.96666666666667,-0.24843829870224,-0.4867474785041217
UBFC_PHYS_s15_T1_test,58,30,59.0,-0.34503355622291565,-0.08098041767492505
UBFC_PHYS_s15_T1_test,58,31,59.03333333333333,-0.46457070112228394,0.29810828430289205
UBFC_PHYS_s15_T1_test,58,32,59.06666666666667,-0.6042881608009338,0.5779280039938945
UBFC_PHYS_s15_T1_test,58,33,59.1,-0.7425765991210938,0.7227222294511491
UBFC_PHYS_s15_T1_test,58,34,59.13333333333333,-0.815708577632904,0.7426190710641324
UBFC_PHYS_s15_T1_test,58,35,59.166666666666664,-0.7974014282226562,0.6854769141151927
UBFC_PHYS_s15_T1_test,58,36,59.2,-0.7334809303283691,0.6129656378822487
UBFC_PHYS_s15_T1_test,58,37,59.233333333333334,-0.6795443892478943,0.5710073031262873
UBFC_PHYS_s15_T1_test,58,38,59.266666666666666,-0.6816107034683228,0.56894414492049
UBFC_PHYS_s15_T1_test,58,39,59.3,-0.793326735496521,0.5776961455138662
UBFC_PHYS_s15_T1_test,58,40,59.333333333333336,-1.0069293975830078,0.5462366730519564
UBFC_PHYS_s15_T1_test,58,41,59.36666666666667,-1.2339533567428589,0.4262097595703534
UBFC_PHYS_s15_T1_test,58,42,59.4,-1.3877294063568115,0.19322634787251772
UBFC_PHYS_s15_T1_test,58,43,59.43333333333333,-1.4466676712036133,-0.14194305875814425
UBFC_PHYS_s15_T1_test,58,44,59.46666666666667,-1.4471503496170044,-0.5339837730034167
UBFC_PHYS_s15_T1_test,58,45,59.5,-1.456497073173523,-0.9137579420860934
UBFC_PHYS_s15_T1_test,58,46,59.53333333333333,-1.5211514234542847,-1.205444602429139
UBFC_PHYS_s15_T1_test,58,47,59.56666666666667,-1.6319791078567505,-1.3455308982934804
UBFC_PHYS_s15_T1_test,58,48,59.6,-1.7758291959762573,-1.2990677975218412
UBFC_PHYS_s15_T1_test,58,49,59.63333333333333,-1.9274424314498901,-1.0692619591919068
UBFC_PHYS_s15_T1_test,58,50,59.666666666666664,-2.023477792739868,-0.6977762136071193
UBFC_PHYS_s15_T1_test,58,51,59.7,-2.0716402530670166,-0.25509217265583817
UBFC_PHYS_s15_T1_test,58,52,59.733333333333334,-2.1783738136291504,0.1771986408797204
UBFC_PHYS_s15_T1_test,58,53,59.766666666666666,-2.3555166721343994,0.5278423269307031
UBFC_PHYS_s15_T1_test,58,54,59.8,-2.472890853881836,0.755057217750407
UBFC_PHYS_s15_T1_test,58,55,59.833333333333336,-2.4677348136901855,0.8567698799702241
UBFC_PHYS_s15_T1_test,58,56,59.86666666666667,-2.375523328781128,0.8667814164418245
UBFC_PHYS_s15_T1_test,58,57,59.9,-2.231074571609497,0.8364120395720506
UBFC_PHYS_s15_T1_test,58,58,59.93333333333333,-2.0674495697021484,0.8084980720654004
UBFC_PHYS_s15_T1_test,58,59,59.96666666666667,-1.9157204627990723,0.7958766318768254
UBFC_PHYS_s15_T1_test,58,60,60.0,-1.7733960151672363,0.7752414665990124
UBFC_PHYS_s15_T1_test,58,61,60.03333333333333,-1.6210682392120361,0.6995915551408165
UBFC_PHYS_s15_T1_test,58,62,60.06666666666667,-1.4179517030715942,0.5226275783038733
UBFC_PHYS_s15_T1_test,58,63,60.1,-1.1089510917663574,0.22277666349529143
UBFC_PHYS_s15_T1_test,58,64,60.13333333333333,-0.7362424731254578,-0.18337608659734006
UBFC_PHYS_s15_T1_test,58,65,60.166666666666664,-0.4428454339504242,-0.6418114567921384
UBFC_PHYS_s15_T1_test,58,66,60.2,-0.27933642268180847,-1.073646801728893
UBFC_PHYS_s15_T1_test,58,67,60.233333333333334,-0.1573660671710968,-1.39438165038282
UBFC_PHYS_s15_T1_test,58,68,60.266666666666666,-0.07110236585140228,-1.5343977761693994
UBFC_PHYS_s15_T1_test,58,69,60.3,-0.15031743049621582,-1.4562388161116073
UBFC_PHYS_s15_T1_test,58,70,60.333333333333336,-0.4169682562351227,-1.1651103338387203
UBFC_PHYS_s15_T1_test,58,71,60.36666666666667,-0.7228596806526184,-0.7098697136012907
UBFC_PHYS_s15_T1_test,58,72,60.4,-0.9435495734214783,-0.17316078699691093
UBFC_PHYS_s15_T1_test,58,73,60.43333333333333,-1.0788447856903076,0.3482099519441486
UBFC_PHYS_s15_T1_test,58,74,60.46666666666667,-1.1529422998428345,0.7682300830471928
UBFC_PHYS_s15_T1_test,58,75,60.5,-1.1338047981262207,1.034453521288665
UBFC_PHYS_s15_T1_test,58,76,60.53333333333333,-0.9850689172744751,1.1400424424645303
UBFC_PHYS_s15_T1_test,58,77,60.56666666666667,-0.7463036775588989,1.1194274916184992
UBFC_PHYS_s15_T1_test,58,78,60.6,-0.5005863308906555,1.0286736103106762
UBFC_PHYS_s15_T1_test,58,79,60.63333333333333,-0.33711591362953186,0.9188155287579639
UBFC_PHYS_s15_T1_test,58,80,60.666666666666664,-0.3250463306903839,0.8139086608187676
UBFC_PHYS_s15_T1_test,58,81,60.7,-0.46866467595100403,0.7034141853936775
UBFC_PHYS_s15_T1_test,58,82,60.733333333333334,-0.6912084221839905,0.551724074484754
UBFC_PHYS_s15_T1_test,58,83,60.766666666666666,-0.9190434813499451,0.3196386274368844
UBFC_PHYS_s15_T1_test,58,84,60.8,-1.1524595022201538,-0.012495736007419711
UBFC_PHYS_s15_T1_test,58,85,60.833333333333336,-1.381376028060913,-0.43004940645764866
UBFC_PHYS_s15_T1_test,58,86,60.86666666666667,-1.5026512145996094,-0.882760493623278
UBFC_PHYS_s15_T1_test,58,87,60.9,-1.4121196269989014,-1.2956390692927384
UBFC_PHYS_s15_T1_test,58,88,60.93333333333333,-1.1350407600402832,-1.5874325954671302
UBFC_PHYS_s15_T1_test,58,89,60.96666666666667,-0.8107648491859436,-1.6911442291619827
UBFC_PHYS_s15_T1_test,58,90,61.0,-0.5938600301742554,-1.571553771272754
UBFC_PHYS_s15_T1_test,58,91,61.03333333333333,-0.5501971244812012,-1.2356698769965895
UBFC_PHYS_s15_T1_test,58,92,61.06666666666667,-0.584629237651825,-0.7334231576546248
UBFC_PHYS_s15_T1_test,58,93,61.1,-0.6282148957252502,-0.14771359748057422
UBFC_PHYS_s15_T1_test,58,94,61.13333333333333,-0.8060915470123291,0.4247321783011082
UBFC_PHYS_s15_T1_test,58,95,61.166666666666664,-1.243396520614624,0.8972995249949257
UBFC_PHYS_s15_T1_test,58,96,61.2,-1.7988289594650269,1.215019833463444
UBFC_PHYS_s15_T1_test,58,97,61.233333333333334,-2.1673858165740967,1.365708030913042
UBFC_PHYS_s15_T1_test,58,98,61.266666666666666,-2.150855302810669,1.375604490914431
UBFC_PHYS_s15_T1_test,58,99,61.3,-1.777509331703186,1.290960076659329
UBFC_PHYS_s15_T1_test,58,100,61.333333333333336,-1.2264991998672485,1.1544166473931572
UBFC_PHYS_s15_T1_test,58,101,61.36666666666667,-0.6692321300506592,0.9878531591443258
UBFC_PHYS_s15_T1_test,58,102,61.4,-0.20558646321296692,0.788730727050455
UBFC_PHYS_s15_T1_test,58,103,61.43333333333333,0.09624961018562317,0.5390782943539856
UBFC_PHYS_s15_T1_test,58,104,61.46666666666667,0.2047985941171646,0.22098707944174178
UBFC_PHYS_s15_T1_test,58,105,61.5,0.16275782883167267,-0.1685291601143275
UBFC_PHYS_s15_T1_test,58,106,61.53333333333333,0.10335618257522583,-0.6085171628063224
UBFC_PHYS_s15_T1_test,58,107,61.56666666666667,0.22814598679542542,-1.0531490559149688
UBFC_PHYS_s15_T1_test,58,108,61.6,0.6429147124290466,-1.4386113395241698
UBFC_PHYS_s15_T1_test,58,109,61.63333333333333,1.1950255632400513,-1.696006130144388
UBFC_PHYS_s15_T1_test,58,110,61.666666666666664,1.6080176830291748,-1.7675181006561862
UBFC_PHYS_s15_T1_test,58,111,61.7,1.7357814311981201,-1.622244067810433
UBFC_PHYS_s15_T1_test,58,112,61.733333333333334,1.5878952741622925,-1.2673154126958364
UBFC_PHYS_s15_T1_test,58,113,61.766666666666666,1.2637739181518555,-0.7502851182186593
UBFC_PHYS_s15_T1_test,58,114,61.8,0.8845573663711548,-0.15092105141032733
UBFC_PHYS_s15_T1_test,58,115,61.833333333333336,0.43446820974349976,0.4363179059350248
UBFC_PHYS_s15_T1_test,58,116,61.86666666666667,-0.16754314303398132,0.9249508007491455
UBFC_PHYS_s15_T1_test,58,117,61.9,-0.7740926742553711,1.2576919415643004
UBFC_PHYS_s15_T1_test,58,118,61.93333333333333,-1.031647801399231,1.418379122349811
UBFC_PHYS_s15_T1_test,58,119,61.96666666666667,-0.7757920622825623,1.4290414602412727
UBFC_PHYS_s15_T1_test,58,120,62.0,-0.20483331382274628,1.3330607668628467
UBFC_PHYS_s15_T1_test,58,121,62.03333333333333,0.3466789126396179,1.172596267607769
UBFC_PHYS_s15_T1_test,58,122,62.06666666666667,0.6848589181900024,0.9715249747266238
UBFC_PHYS_s15_T1_test,58,123,62.1,0.7947017550468445,0.7316824013336934
UBFC_PHYS_s15_T1_test,58,124,62.13333333333333,0.7723199129104614,0.4419550868199246
UBFC_PHYS_s15_T1_test,58,125,62.166666666666664,0.7756028175354004,0.09305769185465954
UBFC_PHYS_s15_T1_test,58,126,62.2,0.9026327729225159,-0.30964915468137005
UBFC_PHYS_s15_T1_test,58,127,62.233333333333334,1.0795631408691406,-0.7393853250149968
UBFC_PHYS_s15_T1_test,58,128,62.266666666666666,1.1796923875808716,-1.1481856415339786
UBFC_PHYS_s15_T1_test,58,129,62.3,1.238302230834961,-1.4737418892220957
UBFC_PHYS_s15_T1_test,58,130,62.333333333333336,1.3287758827209473,-1.6519087923667368
UBFC_PHYS_s15_T1_test,58,131,62.36666666666667,1.3369252681732178,-1.6329315929406532
UBFC_PHYS_s15_T1_test,58,132,62.4,1.1038954257965088,-1.3975735228956392
UBFC_PHYS_s15_T1_test,58,133,62.43333333333333,0.6630757451057434,-0.9677688944345909
UBFC_PHYS_s15_T1_test,58,134,62.46666666666667,0.15850932896137238,-0.40680973665013487
UBFC_PHYS_s15_T1_test,58,135,62.5,-0.3537236452102661,0.19309840222734323
UBFC_PHYS_s15_T1_test,58,136,62.53333333333333,-0.9140225648880005,0.7335180036442293
UBFC_PHYS_s15_T1_test,58,137,62.56666666666667,-1.5418918132781982,1.1357125962102235
UBFC_PHYS_s15_T1_test,58,138,62.6,-2.1025190353393555,1.3603764122933255
UBFC_PHYS_s15_T1_test,58,139,62.63333333333333,-2.2972543239593506,1.4132076750733629
UBFC_PHYS_s15_T1_test,58,140,62.666666666666664,-1.9695991277694702,1.3340376003466823
UBFC_PHYS_s15_T1_test,58,141,62.7,-1.3825154304504395,1.1746704375745396
UBFC_PHYS_s15_T1_test,58,142,62.733333333333334,-0.953997015953064,0.9760214267149746
UBFC_PHYS_s15_T1_test,58,143,62.766666666666666,-0.8048748970031738,0.755087706545671
UBFC_PHYS_s15_T1_test,58,144,62.8,-0.7670246958732605,0.5062820833847491
UBFC_PHYS_s15_T1_test,58,145,62.833333333333336,-0.6860716342926025,0.21394027155274362
UBFC_PHYS_s15_T1_test,58,146,62.86666666666667,-0.4940204620361328,-0.13165115739833586
UBFC_PHYS_s15_T1_test,58,147,62.9,-0.19967718422412872,-0.5220318219723217
UBFC_PHYS_s15_T1_test,58,148,62.93333333333333,0.08676774799823761,-0.9259053826263401
UBFC_PHYS_s15_T1_test,58,149,62.96666666666667,0.2679659426212311,-1.2921521579039514
UBFC_PHYS_s15_T1_test,58,150,63.0,0.3713201880455017,-1.559095581334155
UBFC_PHYS_s15_T1_test,58,151,63.03333333333333,0.46963414549827576,-1.6682968309363668
UBFC_PHYS_s15_T1_test,58,152,63.06666666666667,0.5663452744483948,-1.5803407824010223
UBFC_PHYS_s15_T1_test,58,153,63.1,0.6078646183013916,-1.28868025798258
UBFC_PHYS_s15_T1_test,58,154,63.13333333333333,0.546358048915863,-0.8267292746187915
UBFC_PHYS_s15_T1_test,58,155,63.166666666666664,0.3845484256744385,-0.264272140090754
UBFC_PHYS_s15_T1_test,58,156,63.2,0.13564471900463104,0.30762180230484293
UBFC_PHYS_s15_T1_test,58,157,63.233333333333334,-0.23235195875167847,0.7995405293962183
UBFC_PHYS_s15_T1_test,58,158,63.266666666666666,-0.6564287543296814,1.147032974216667
UBFC_PHYS_s15_T1_test,58,159,63.3,-0.8318528532981873,1.3256006571777978
UBFC_PHYS_s15_T1_test,58,160,63.333333333333336,-0.5290704965591431,1.351365130234908
UBFC_PHYS_s15_T1_test,58,161,63.36666666666667,0.04505527764558792,1.2671894566133404
UBFC_PHYS_s15_T1_test,58,162,63.4,0.4739212691783905,1.120530872166637
UBFC_PHYS_s15_T1_test,58,163,63.43333333333333,0.6154926419258118,0.9430875101614863
UBFC_PHYS_s15_T1_test,58,164,63.46666666666667,0.5945977568626404,0.7411147613555596
UBFC_PHYS_s15_T1_test,58,165,63.5,0.521948516368866,0.4998843637039936
UBFC_PHYS_s15_T1_test,58,166,63.53333333333333,0.5035834908485413,0.19902582697724144
UBFC_PHYS_s15_T1_test,58,167,63.56666666666667,0.685998260974884,-0.16910635151741793
UBFC_PHYS_s15_T1_test,58,168,63.6,1.037734866142273,-0.58625638255477
UBFC_PHYS_s15_T1_test,58,169,63.63333333333333,1.3286793231964111,-1.0053563822236742
UBFC_PHYS_s15_T1_test,58,170,63.666666666666664,1.4535270929336548,-1.3585732633909564
UBFC_PHYS_s15_T1_test,58,171,63.7,1.5021915435791016,-1.5734581946362531
UBFC_PHYS_s15_T1_test,58,172,63.733333333333334,1.4809298515319824,-1.5925854897239176
UBFC_PHYS_s15_T1_test,58,173,63.766666666666666,1.272946834564209,-1.3915088494404997
UBFC_PHYS_s15_T1_test,58,174,63.8,0.8928998708724976,-0.9897853018974324
UBFC_PHYS_s15_T1_test,58,175,63.833333333333336,0.4666215777397156,-0.4507131062143965
UBFC_PHYS_s15_T1_test,58,176,63.86666666666667,0.026921940967440605,0.1319140217820824
UBFC_PHYS_s15_T1_test,58,177,63.9,-0.48899951577186584,0.6574346566629531
UBFC_PHYS_s15_T1_test,58,178,63.93333333333333,-1.0972291231155396,1.0451645737642101
UBFC_PHYS_s15_T1_test,58,179,63.96666666666667,-1.5962724685668945,1.2549749822604443
UBFC_PHYS_s15_T1_test,58,180,64.0,-1.6149464845657349,1.2938741198678008
UBFC_PHYS_s15_T1_test,58,181,64.03333333333333,-1.0269359350204468,1.2061239049435757
UBFC_PHYS_s15_T1_test,58,182,64.06666666666666,-0.2250329703092575,1.0509861196564305
UBFC_PHYS_s15_T1_test,58,183,64.1,0.37856191396713257,0.877431367002288
UBFC_PHYS_s15_T1_test,58,184,64.13333333333334,0.6848589181900024,0.7066567907124393
UBFC_PHYS_s15_T1_test,58,185,64.16666666666667,0.7681679725646973,0.5295454639730475
UBFC_PHYS_s15_T1_test,58,186,64.2,0.7046144008636475,0.31851774071836053
UBFC_PHYS_s15_T1_test,58,187,64.23333333333333,0.5917204022407532,0.04656830411297256
UBFC_PHYS_s15_T1_test,58,188,64.26666666666667,0.5333036184310913,-0.29518681630732574
UBFC_PHYS_s15_T1_test,58,189,64.3,0.5535225868225098,-0.6873235975118932
UBFC_PHYS_s15_T1_test,58,190,64.33333333333333,0.5990973114967346,-1.0813755740615485
UBFC_PHYS_s15_T1_test,58,191,64.36666666666666,0.6400179862976074,-1.4081138248731007
UBFC_PHYS_s15_T1_test,58,192,64.4,0.6950553059577942,-1.5933675792548976
UBFC_PHYS_s15_T1_test,58,193,64.43333333333334,0.7396837472915649,-1.5786688797174846
UBFC_PHYS_s15_T1_test,58,194,64.46666666666667,0.6954222321510315,-1.3414898472794206
UBFC_PHYS_s15_T1_test,58,195,64.5,0.563081681728363,-0.9078790762149896
UBFC_PHYS_s15_T1_test,58,196,64.53333333333333,0.42359593510627747,-0.3513150313148022
UBFC_PHYS_s15_T1_test,58,197,64.56666666666666,0.24990984797477722,0.2240998021245814
UBFC_PHYS_s15_T1_test,58,198,64.6,-0.09377386420965195,0.7119281459339143
UBFC_PHYS_s15_T1_test,58,199,64.63333333333334,-0.616203248500824,1.0337615836896996
UBFC_PHYS_s15_T1_test,58,200,64.66666666666667,-1.0350273847579956,1.160381898441287
UBFC_PHYS_s15_T1_test,58,201,64.7,-0.9560633301734924,1.1153356434830477
UBFC_PHYS_s15_T1_test,58,202,64.73333333333333,-0.3212226927280426,0.959558007244273
UBFC_PHYS_s15_T1_test,58,203,64.76666666666667,0.42776718735694885,0.7638253817106664
UBFC_PHYS_s15_T1_test,58,204,64.8,0.8272027373313904,0.5811554246820448
UBFC_PHYS_s15_T1_test,58,205,64.83333333333333,0.8463788628578186,0.43077841373534187
UBFC_PHYS_s15_T1_test,58,206,64.86666666666666,0.6735424995422363,0.298910436404179
UBFC_PHYS_s15_T1_test,58,207,64.9,0.44657641649246216,0.15332650341554097
UBFC_PHYS_s15_T1_test,58,208,64.93333333333334,0.28206321597099304,-0.03653767192291801
UBFC_PHYS_s15_T1_test,58,209,64.96666666666667,0.32653722167015076,-0.28254520374972725
UBFC_PHYS_s15_T1_test,58,210,65.0,0.6436099410057068,-0.5689332005637514
UBFC_PHYS_s15_T1_test,58,211,65.03333333333333,1.1125082969665527,-0.8525303395631371
UBFC_PHYS_s15_T1_test,58,212,65.06666666666666,1.4875149726867676,-1.0712310177346092
UBFC_PHYS_s15_T1_test,58,213,65.1,1.5874124765396118,-1.1593482705219402
UBFC_PHYS_s15_T1_test,58,214,65.13333333333334,1.400594711303711,-1.0674105331777728
UBFC_PHYS_s15_T1_test,58,215,65.16666666666667,1.0632450580596924,-0.7816116584386419
UBFC_PHYS_s15_T1_test,58,216,65.2,0.6976044178009033,-0.3356658872453439
UBFC_PHYS_s15_T1_test,58,217,65.23333333333333,0.25952690839767456,0.19183971020460477
UBFC_PHYS_s15_T1_test,58,218,65.26666666666667,-0.3650207817554474,0.6966245751003264
UBFC_PHYS_s15_T1_test,58,219,65.3,-1.0614452362060547,1.079035764840325
UBFC_PHYS_s15_T1_test,58,220,65.33333333333333,-1.4552417993545532,1.2742275175906412
UBFC_PHYS_s15_T1_test,58,221,65.36666666666666,-1.2808798551559448,1.2701934263928056
UBFC_PHYS_s15_T1_test,58,222,65.4,-0.6780960559844971,1.1069652948785786
UBFC_PHYS_s15_T1_test,58,223,65.43333333333334,-0.018170012161135674,0.858284847477248
UBFC_PHYS_s15_T1_test,58,224,65.46666666666667,0.5135095119476318,0.603392051386805
UBFC_PHYS_s15_T1_test,58,225,65.5,0.9680402278900146,0.3994581999851543
UBFC_PHYS_s15_T1_test,58,226,65.53333333333333,1.3125157356262207,0.2644821319591663
UBFC_PHYS_s15_T1_test,58,227,65.56666666666666,1.427785038948059,0.17632417731187025
UBFC_PHYS_s15_T1_test,58,228,65.6,1.353590965270996,0.08713063748854813
UBFC_PHYS_s15_T1_test,58,229,65.63333333333334,1.2062454223632812,-0.05357735396290875
UBFC_PHYS_s15_T1_test,58,230,65.66666666666667,1.0000004768371582,-0.2766714048394514
UBFC_PHYS_s15_T1_test,58,231,65.7,0.7295260429382324,-0.58001234337417
UBFC_PHYS_s15_T1_test,58,232,65.73333333333333,0.4262995421886444,-0.9270459742898005
UBFC_PHYS_s15_T1_test,58,233,65.76666666666667,0.05922979488968849,-1.2558165042712304
UBFC_PHYS_s15_T1_test,58,234,65.8,-0.3759703040122986,-1.494664634327456
UBFC_PHYS_s15_T1_test,58,235,65.83333333333333,-0.709148645401001,-1.5805665234184603
UBFC_PHYS_s15_T1_test,58,236,65.86666666666666,-0.7731077671051025,-1.475893716731833
UBFC_PHYS_s15_T1_test,58,237,65.9,-0.6706805229187012,-1.1793391959742745
UBFC_PHYS_s15_T1_test,58,238,65.93333333333334,-0.6948968768119812,-0.727814111638498
UBFC_PHYS_s15_T1_test,58,239,65.96666666666667,-0.9500188827514648,-0.188868251669575
UBFC_PHYS_s15_T1_test,59,0,59.0,-0.34503355622291565,0.002673106525884332
UBFC_PHYS_s15_T1_test,59,1,59.03333333333333,-0.46457070112228394,0.47329546451501237
UBFC_PHYS_s15_T1_test,59,2,59.06666666666667,-0.6042881608009338,0.84146752111047
UBFC_PHYS_s15_T1_test,59,3,59.1,-0.7425765991210938,1.0429700097440133
UBFC_PHYS_s15_T1_test,59,4,59.13333333333333,-0.815708577632904,1.0730936916467952
UBFC_PHYS_s15_T1_test,59,5,59.166666666666664,-0.7974014282226562,0.9842556529353899
UBFC_PHYS_s15_T1_test,59,6,59.2,-0.7334809303283691,0.8584314816299904
UBFC_PHYS_s15_T1_test,59,7,59.233333333333334,-0.6795443892478943,0.7673205889904119
UBFC_PHYS_s15_T1_test,59,8,59.266666666666666,-0.6816107034683228,0.7405099694391244
UBFC_PHYS_s15_T1_test,59,9,59.3,-0.793326735496521,0.7573243165683491
UBFC_PHYS_s15_T1_test,59,10,59.333333333333336,-1.0069293975830078,0.7632780172105341
UBFC_PHYS_s15_T1_test,59,11,59.36666666666667,-1.2339533567428589,0.6985603964578201
UBFC_PHYS_s15_T1_test,59,12,59.4,-1.3877294063568115,0.5236832004129707
UBFC_PHYS_s15_T1_test,59,13,59.43333333333333,-1.4466676712036133,0.23397558299542343
UBFC_PHYS_s15_T1_test,59,14,59.46666666666667,-1.4471503496170044,-0.13793320044540525
UBFC_PHYS_s15_T1_test,59,15,59.5,-1.456497073173523,-0.5291607358591784
UBFC_PHYS_s15_T1_test,59,16,59.53333333333333,-1.5211514234542847,-0.8614714436339477
UBFC_PHYS_s15_T1_test,59,17,59.56666666666667,-1.6319791078567505,-1.0625626864386022
UBFC_PHYS_s15_T1_test,59,18,59.6,-1.7758291959762573,-1.0886529491449466
UBFC_PHYS_s15_T1_test,59,19,59.63333333333333,-1.9274424314498901,-0.9396737811366715
UBFC_PHYS_s15_T1_test,59,20,59.666666666666664,-2.023477792739868,-0.6598125398634134
UBFC_PHYS_s15_T1_test,59,21,59.7,-2.0716402530670166,-0.32243175964111076
UBFC_PHYS_s15_T1_test,59,22,59.733333333333334,-2.1783738136291504,-0.005639147404590788
UBFC_PHYS_s15_T1_test,59,23,59.766666666666666,-2.3555166721343994,0.23146119129536954
UBFC_PHYS_s15_T1_test,59,24,59.8,-2.472890853881836,0.3635807632464802
UBFC_PHYS_s15_T1_test,59,25,59.833333333333336,-2.4677348136901855,0.4016680134471305
UBFC_PHYS_s15_T1_test,59,26,59.86666666666667,-2.375523328781128,0.3837074485887902
UBFC_PHYS_s15_T1_test,59,27,59.9,-2.231074571609497,0.357277289846737
UBFC_PHYS_s15_T1_test,59,28,59.93333333333333,-2.0674495697021484,0.3589583995644959
UBFC_PHYS_s15_T1_test,59,29,59.96666666666667,-1.9157204627990723,0.39736130419451154
UBFC_PHYS_s15_T1_test,59,30,60.0,-1.7733960151672363,0.4474131197371926
UBFC_PHYS_s15_T1_test,59,31,60.03333333333333,-1.6210682392120361,0.46035153169321524
UBFC_PHYS_s15_T1_test,59,32,60.06666666666667,-1.4179517030715942,0.3858294739529581
UBFC_PHYS_s15_T1_test,59,33,60.1,-1.1089510917663574,0.19548953670051628
UBFC_PHYS_s15_T1_test,59,34,60.13333333333333,-0.7362424731254578,-0.10278771223996505
UBFC_PHYS_s15_T1_test,59,35,60.166666666666664,-0.4428454339504242,-0.46481557980742044
UBFC_PHYS_s15_T1_test,59,36,60.2,-0.27933642268180847,-0.8218585568795396
UBFC_PHYS_s15_T1_test,59,37,60.233333333333334,-0.1573660671710968,-1.0981421733481915
UBFC_PHYS_s15_T1_test,59,38,60.266666666666666,-0.07110236585140228,-1.229187312043846
UBFC_PHYS_s15_T1_test,59,39,60.3,-0.15031743049621582,-1.1781471355157012
UBFC_PHYS_s15_T1_test,59,40,60.333333333333336,-0.4169682562351227,-0.9468373839148368
UBFC_PHYS_s15_T1_test,59,41,60.36666666666667,-0.7228596806526184,-0.5771735909572125
UBFC_PHYS_s15_T1_test,59,42,60.4,-0.9435495734214783,-0.14068030031960538
UBFC_PHYS_s15_T1_test,59,43,60.43333333333333,-1.0788447856903076,0.2816578489342029
UBFC_PHYS_s15_T1_test,59,44,60.46666666666667,-1.1529422998428345,0.6223403097562686
UBFC_PHYS_s15_T1_test,59,45,60.5,-1.1338047981262207,0.8444131913314693
UBFC_PHYS_s15_T1_test,59,46,60.53333333333333,-0.9850689172744751,0.9463522449030622
UBFC_PHYS_s15_T1_test,59,47,60.56666666666667,-0.7463036775588989,0.9540426766116356
UBFC_PHYS_s15_T1_test,59,48,60.6,-0.5005863308906555,0.9049535077231553
UBFC_PHYS_s15_T1_test,59,49,60.63333333333333,-0.33711591362953186,0.8319074880217913
UBFC_PHYS_s15_T1_test,59,50,60.666666666666664,-0.3250463306903839,0.7515038332605769
UBFC_PHYS_s15_T1_test,59,51,60.7,-0.46866467595100403,0.6592080252343674
UBFC_PHYS_s15_T1_test,59,52,60.733333333333334,-0.6912084221839905,0.5325898044987395
UBFC_PHYS_s15_T1_test,59,53,60.766666666666666,-0.9190434813499451,0.3433113895635037
UBFC_PHYS_s15_T1_test,59,54,60.8,-1.1524595022201538,0.0743427773538703
UBFC_PHYS_s15_T1_test,59,55,60.833333333333336,-1.381376028060913,-0.2653469875715093
UBFC_PHYS_s15_T1_test,59,56,60.86666666666667,-1.5026512145996094,-0.6362363807628886
UBFC_PHYS_s15_T1_test,59,57,60.9,-1.4121196269989014,-0.9765820197959338
UBFC_PHYS_s15_T1_test,59,58,60.93333333333333,-1.1350407600402832,-1.2198168846775221
UBFC_PHYS_s15_T1_test,59,59,60.96666666666667,-0.8107648491859436,-1.3133947467081013
UBFC_PHYS_s15_T1_test,59,60,61.0,-0.5938600301742554,-1.2326770065522843
UBFC_PHYS_s15_T1_test,59,61,61.03333333333333,-0.5501971244812012,-0.9870267147566718
UBFC_PHYS_s15_T1_test,59,62,61.06666666666667,-0.584629237651825,-0.6176686695853991
UBFC_PHYS_s15_T1_test,59,63,61.1,-0.6282148957252502,-0.18797578721251382
UBFC_PHYS_s15_T1_test,59,64,61.13333333333333,-0.8060915470123291,0.23193127755658613
UBFC_PHYS_s15_T1_test,59,65,61.166666666666664,-1.243396520614624,0.5826321328487569
UBFC_PHYS_s15_T1_test,59,66,61.2,-1.7988289594650269,0.8296439130823523
UBFC_PHYS_s15_T1_test,59,67,61.233333333333334,-2.1673858165740967,0.9689422287706143
UBFC_PHYS_s15_T1_test,59,68,61.266666666666666,-2.150855302810669,1.0206220886632127
UBFC_PHYS_s15_T1_test,59,69,61.3,-1.777509331703186,1.013011071059868
UBFC_PHYS_s15_T1_test,59,70,61.333333333333336,-1.2264991998672485,0.9657738841663036
UBFC_PHYS_s15_T1_test,59,71,61.36666666666667,-0.6692321300506592,0.8815121015521561
UBFC_PHYS_s15_T1_test,59,72,61.4,-0.20558646321296692,0.7485961114000964
UBFC_PHYS_s15_T1_test,59,73,61.43333333333333,0.09624961018562317,0.5505292056841747
UBFC_PHYS_s15_T1_test,59,74,61.46666666666667,0.2047985941171646,0.27613126838308943
UBFC_PHYS_s15_T1_test,59,75,61.5,0.16275782883167267,-0.07206102746944171
UBFC_PHYS_s15_T1_test,59,76,61.53333333333333,0.10335618257522583,-0.47199029010408955
UBFC_PHYS_s15_T1_test,59,77,61.56666666666667,0.22814598679542542,-0.8803196116569748
UBFC_PHYS_s15_T1_test,59,78,61.6,0.6429147124290466,-1.2371583585270447
UBFC_PHYS_s15_T1_test,59,79,61.63333333333333,1.1950255632400513,-1.478401128427134
UBFC_PHYS_s15_T1_test,59,80,61.666666666666664,1.6080176830291748,-1.5526920055685316
UBFC_PHYS_s15_T1_test,59,81,61.7,1.7357814311981201,-1.4365945659000798
UBFC_PHYS_s15_T1_test,59,82,61.733333333333334,1.5878952741622925,-1.1421364485402803
UBFC_PHYS_s15_T1_test,59,83,61.766666666666666,1.2637739181518555,-0.7145320664501368
UBFC_PHYS_s15_T1_test,59,84,61.8,0.8845573663711548,-0.22160455961044914
UBFC_PHYS_s15_T1_test,59,85,61.833333333333336,0.43446820974349976,0.2616937617243266
UBFC_PHYS_s15_T1_test,59,86,61.86666666666667,-0.16754314303398132,0.6702241739048458
UBFC_PHYS_s15_T1_test,59,87,61.9,-0.7740926742553711,0.9634478534137393
UBFC_PHYS_s15_T1_test,59,88,61.93333333333333,-1.031647801399231,1.1331830475506846
UBFC_PHYS_s15_T1_test,59,89,61.96666666666667,-0.7757920622825623,1.1997295923856572
UBFC_PHYS_s15_T1_test,59,90,62.0,-0.20483331382274628,1.1960740446021434
UBFC_PHYS_s15_T1_test,59,91,62.03333333333333,0.3466789126396179,1.1469725963361626
UBFC_PHYS_s15_T1_test,59,92,62.06666666666667,0.6848589181900024,1.0548752320398609
UBFC_PHYS_s15_T1_test,59,93,62.1,0.7947017550468445,0.901734577824708
UBFC_PHYS_s15_T1_test,59,94,62.13333333333333,0.7723199129104614,0.6644122146535464
UBFC_PHYS_s15_T1_test,59,95,62.166666666666664,0.7756028175354004,0.3322924364238157
UBFC_PHYS_s15_T1_test,59,96,62.2,0.9026327729225159,-0.08237495555265582
UBFC_PHYS_s15_T1_test,59,97,62.233333333333334,1.0795631408691406,-0.5430936194202318
UBFC_PHYS_s15_T1_test,59,98,62.266666666666666,1.1796923875808716,-0.9938556205710461
UBFC_PHYS_s15_T1_test,59,99,62.3,1.238302230834961,-1.3675754568284486
UBFC_PHYS_s15_T1_test,59,100,62.333333333333336,1.3287758827209473,-1.5979276053886424
UBFC_PHYS_s15_T1_test,59,101,62.36666666666667,1.3369252681732178,-1.634390687071265
UBFC_PHYS_s15_T1_test,59,102,62.4,1.1038954257965088,-1.4572759458350946
UBFC_PHYS_s15_T1_test,59,103,62.43333333333333,0.6630757451057434,-1.0867556393227435
UBFC_PHYS_s15_T1_test,59,104,62.46666666666667,0.15850932896137238,-0.5810111040422584
UBFC_PHYS_s15_T1_test,59,105,62.5,-0.3537236452102661,-0.02297730643716537
UBFC_PHYS_s15_T1_test,59,106,62.53333333333333,-0.9140225648880005,0.5001294143022418
UBFC_PHYS_s15_T1_test,59,107,62.56666666666667,-1.5418918132781982,0.9176538135835364
UBFC_PHYS_s15_T1_test,59,108,62.6,-2.1025190353393555,1.1902029307801612
UBFC_PHYS_s15_T1_test,59,109,62.63333333333333,-2.2972543239593506,1.3140913791150581
UBFC_PHYS_s15_T1_test,59,110,62.666666666666664,-1.9695991277694702,1.314520425848234
UBFC_PHYS_s15_T1_test,59,111,62.7,-1.3825154304504395,1.229951774211832
UBFC_PHYS_s15_T1_test,59,112,62.733333333333334,-0.953997015953064,1.0935927117611086
UBFC_PHYS_s15_T1_test,59,113,62.766666666666666,-0.8048748970031738,0.9198482138207458
UBFC_PHYS_s15_T1_test,59,114,62.8,-0.7670246958732605,0.7022705071492323
UBFC_PHYS_s15_T1_test,59,115,62.833333333333336,-0.6860716342926025,0.424142734057139
UBFC_PHYS_s15_T1_test,59,116,62.86666666666667,-0.4940204620361328,0.07543555658188189
UBFC_PHYS_s15_T1_test,59,117,62.9,-0.19967718422412872,-0.3337355743256522
UBFC_PHYS_s15_T1_test,59,118,62.93333333333333,0.08676774799823761,-0.7694072229290614
UBFC_PHYS_s15_T1_test,59,119,62.96666666666667,0.2679659426212311,-1.1793823272792814
UBFC_PHYS_s15_T1_test,59,120,63.0,0.3713201880455017,-1.5038923564951245
UBFC_PHYS_s15_T1_test,59,121,63.03333333333333,0.46963414549827576,-1.6873548060659898
UBFC_PHYS_s15_T1_test,59,122,63.06666666666667,0.5663452744483948,-1.6895438142419863
UBFC_PHYS_s15_T1_test,59,123,63.1,0.6078646183013916,-1.4955789791802216
UBFC_PHYS_s15_T1_test,59,124,63.13333333333333,0.546358048915863,-1.1227214941140893
UBFC_PHYS_s15_T1_test,59,125,63.166666666666664,0.3845484256744385,-0.6204457860806469
UBFC_PHYS_s15_T1_test,59,126,63.2,0.13564471900463104,-0.061474067302988405
UBFC_PHYS_s15_T1_test,59,127,63.233333333333334,-0.23235195875167847,0.4747963084699051
UBFC_PHYS_s15_T1_test,59,128,63.266666666666666,-0.6564287543296814,0.9210756880947361
UBFC_PHYS_s15_T1_test,59,129,63.3,-0.8318528532981873,1.236152747866778
UBFC_PHYS_s15_T1_test,59,130,63.333333333333336,-0.5290704965591431,1.4090499430910526
UBFC_PHYS_s15_T1_test,59,131,63.36666666666667,0.04505527764558792,1.4529353134235359
UBFC_PHYS_s15_T1_test,59,132,63.4,0.4739212691783905,1.3928834040207265
UBFC_PHYS_s15_T1_test,59,133,63.43333333333333,0.6154926419258118,1.2533102993696166
UBFC_PHYS_s15_T1_test,59,134,63.46666666666667,0.5945977568626404,1.0492396348322814
UBFC_PHYS_s15_T1_test,59,135,63.5,0.521948516368866,0.7834321109680271
UBFC_PHYS_s15_T1_test,59,136,63.53333333333333,0.5035834908485413,0.4508668403744788
UBFC_PHYS_s15_T1_test,59,137,63.56666666666667,0.685998260974884,0.05031254254083671
UBFC_PHYS_s15_T1_test,59,138,63.6,1.037734866142273,-0.4020272838321363
UBFC_PHYS_s15_T1_test,59,139,63.63333333333333,1.3286793231964111,-0.8649585575878292
UBFC_PHYS_s15_T1_test,59,140,63.666666666666664,1.4535270929336548,-1.2761288085989269
UBFC_PHYS_s15_T1_test,59,141,63.7,1.5021915435791016,-1.5661598397631669
UBFC_PHYS_s15_T1_test,59,142,63.733333333333334,1.4809298515319824,-1.6771562325948335
UBFC_PHYS_s15_T1_test,59,143,63.766666666666666,1.272946834564209,-1.5787291956182294
UBFC_PHYS_s15_T1_test,59,144,63.8,0.8928998708724976,-1.277053206358779
UBFC_PHYS_s15_T1_test,59,145,63.833333333333336,0.4666215777397156,-0.8155438253120657
UBFC_PHYS_s15_T1_test,59,146,63.86666666666667,0.026921940967440605,-0.2673428530167241
UBFC_PHYS_s15_T1_test,59,147,63.9,-0.48899951577186584,0.2796368347456655
UBFC_PHYS_s15_T1_test,59,148,63.93333333333333,-1.0972291231155396,0.7431159560094182
UBFC_PHYS_s15_T1_test,59,149,63.96666666666667,-1.5962724685668945,1.067342113194571
UBFC_PHYS_s15_T1_test,59,150,64.0,-1.6149464845657349,1.23620437836555
UBFC_PHYS_s15_T1_test,59,151,64.03333333333333,-1.0269359350204468,1.2711834732320044
UBFC_PHYS_s15_T1_test,59,152,64.06666666666666,-0.2250329703092575,1.2140667267331713
UBFC_PHYS_s15_T1_test,59,153,64.1,0.37856191396713257,1.103398692131819
UBFC_PHYS_s15_T1_test,59,154,64.13333333333334,0.6848589181900024,0.9575094903264055
UBFC_PHYS_s15_T1_test,59,155,64.16666666666667,0.7681679725646973,0.7723194224835638
UBFC_PHYS_s15_T1_test,59,156,64.2,0.7046144008636475,0.5317715876076368
UBFC_PHYS_s15_T1_test,59,157,64.23333333333333,0.5917204022407532,0.2219375469970972
UBFC_PHYS_s15_T1_test,59,158,64.26666666666667,0.5333036184310913,-0.15770825772235247
UBFC_PHYS_s15_T1_test,59,159,64.3,0.5535225868225098,-0.5869126678356194
UBFC_PHYS_s15_T1_test,59,160,64.33333333333333,0.5990973114967346,-1.021497156808915
UBFC_PHYS_s15_T1_test,59,161,64.36666666666666,0.6400179862976074,-1.3968515161538686
UBFC_PHYS_s15_T1_test,59,162,64.4,0.6950553059577942,-1.640125647858337
UBFC_PHYS_s15_T1_test,59,163,64.43333333333334,0.7396837472915649,-1.689469522137116
UBFC_PHYS_s15_T1_test,59,164,64.46666666666667,0.6954222321510315,-1.514125258769477
UBFC_PHYS_s15_T1_test,59,165,64.5,0.563081681728363,-1.1273798246543796
UBFC_PHYS_s15_T1_test,59,166,64.53333333333333,0.42359593510627747,-0.5871116038214778
UBFC_PHYS_s15_T1_test,59,167,64.56666666666666,0.24990984797477722,0.016383274260501252
UBFC_PHYS_s15_T1_test,59,168,64.6,-0.09377386420965195,0.5816608541359444
UBFC_PHYS_s15_T1_test,59,169,64.63333333333334,-0.616203248500824,1.020779659108481
UBFC_PHYS_s15_T1_test,59,170,64.66666666666667,-1.0350273847579956,1.280770687768909
UBFC_PHYS_s15_T1_test,59,171,64.7,-0.9560633301734924,1.3552677808719924
UBFC_PHYS_s15_T1_test,59,172,64.73333333333333,-0.3212226927280426,1.280937531104606
UBFC_PHYS_s15_T1_test,59,173,64.76666666666667,0.42776718735694885,1.1181779706284873
UBFC_PHYS_s15_T1_test,59,174,64.8,0.8272027373313904,0.9236455443124605
UBFC_PHYS_s15_T1_test,59,175,64.83333333333333,0.8463788628578186,0.7278393024504571
UBFC_PHYS_s15_T1_test,59,176,64.86666666666666,0.6735424995422363,0.5288281894684719
UBFC_PHYS_s15_T1_test,59,177,64.9,0.44657641649246216,0.3039810160780461
UBFC_PHYS_s15_T1_test,59,178,64.93333333333334,0.28206321597099304,0.0310176822987789
UBFC_PHYS_s15_T1_test,59,179,64.96666666666667,0.32653722167015076,-0.29431859151594114
UBFC_PHYS_s15_T1_test,59,180,65.0,0.6436099410057068,-0.6511833892692365
UBFC_PHYS_s15_T1_test,59,181,65.03333333333333,1.1125082969665527,-0.9963094392357061
UBFC_PHYS_s15_T1_test,59,182,65.06666666666666,1.4875149726867676,-1.2726677141461005
UBFC_PHYS_s15_T1_test,59,183,65.1,1.5874124765396118,-1.421694873821719
UBFC_PHYS_s15_T1_test,59,184,65.13333333333334,1.400594711303711,-1.3978028267659328
UBFC_PHYS_s15_T1_test,59,185,65.16666666666667,1.0632450580596924,-1.1829037406912952
UBFC_PHYS_s15_T1_test,59,186,65.2,0.6976044178009033,-0.7965295413507604
UBFC_PHYS_s15_T1_test,59,187,65.23333333333333,0.25952690839767456,-0.29648708045835187
UBFC_PHYS_s15_T1_test,59,188,65.26666666666667,-0.3650207817554474,0.2322868155841587
UBFC_PHYS_s15_T1_test,59,189,65.3,-1.0614452362060547,0.6982420149253198
UBFC_PHYS_s15_T1_test,59,190,65.33333333333333,-1.4552417993545532,1.0266556452885667
UBFC_PHYS_s15_T1_test,59,191,65.36666666666666,-1.2808798551559448,1.1782710209818652
UBFC_PHYS_s15_T1_test,59,192,65.4,-0.6780960559844971,1.1572685582062447
UBFC_PHYS_s15_T1_test,59,193,65.43333333333334,-0.018170012161135674,1.006212736776931
UBFC_PHYS_s15_T1_test,59,194,65.46666666666667,0.5135095119476318,0.7892072818507402
UBFC_PHYS_s15_T1_test,59,195,65.5,0.9680402278900146,0.5681346351307855
UBFC_PHYS_s15_T1_test,59,196,65.53333333333333,1.3125157356262207,0.3803066033472852
UBFC_PHYS_s15_T1_test,59,197,65.56666666666666,1.427785038948059,0.22697713517876708
UBFC_PHYS_s15_T1_test,59,198,65.6,1.353590965270996,0.07885470817737966
UBFC_PHYS_s15_T1_test,59,199,65.63333333333334,1.2062454223632812,-0.10291092128886176
UBFC_PHYS_s15_T1_test,59,200,65.66666666666667,1.0000004768371582,-0.340492537558135
UBFC_PHYS_s15_T1_test,59,201,65.7,0.7295260429382324,-0.6215321814433904
UBFC_PHYS_s15_T1_test,59,202,65.73333333333333,0.4262995421886444,-0.8980603495132078
UBFC_PHYS_s15_T1_test,59,203,65.76666666666667,0.05922979488968849,-1.1013041782130213
UBFC_PHYS_s15_T1_test,59,204,65.8,-0.3759703040122986,-1.1649433557651268
UBFC_PHYS_s15_T1_test,59,205,65.83333333333333,-0.709148645401001,-1.0478773324963762
UBFC_PHYS_s15_T1_test,59,206,65.86666666666666,-0.7731077671051025,-0.7498015835370324
UBFC_PHYS_s15_T1_test,59,207,65.9,-0.6706805229187012,-0.31595247932929454
UBFC_PHYS_s15_T1_test,59,208,65.93333333333334,-0.6948968768119812,0.17063934464707753
UBFC_PHYS_s15_T1_test,59,209,65.96666666666667,-0.9500188827514648,0.6091485755914625
UBFC_PHYS_s15_T1_test,59,210,66.0,-1.1320667266845703,0.9094431539985477
UBFC_PHYS_s15_T1_test,59,211,66.03333333333333,-0.7887885570526123,1.0202989468491765
UBFC_PHYS_s15_T1_test,59,212,66.06666666666666,0.058669764548540115,0.945120164515553
UBFC_PHYS_s15_T1_test,59,213,66.1,0.9343805909156799,0.7364882489453618
UBFC_PHYS_s15_T1_test,59,214,66.13333333333334,1.4386379718780518,0.4722421609731383
UBFC_PHYS_s15_T1_test,59,215,66.16666666666667,1.5460282564163208,0.22579679181147252
UBFC_PHYS_s15_T1_test,59,216,66.2,1.4046307802200317,0.04358271708857801
UBFC_PHYS_s15_T1_test,59,217,66.23333333333333,1.1821835041046143,-0.06429053907541357
UBFC_PHYS_s15_T1_test,59,218,66.26666666666667,1.0840047597885132,-0.12052197633065403
UBFC_PHYS_s15_T1_test,59,219,66.3,1.1907384395599365,-0.1676269332036683
UBFC_PHYS_s15_T1_test,59,220,66.33333333333333,1.3242377042770386,-0.24916439636340162
UBFC_PHYS_s15_T1_test,59,221,66.36666666666666,1.287874460220337,-0.38950127322237243
UBFC_PHYS_s15_T1_test,59,222,66.4,1.0813591480255127,-0.5787085181826254
UBFC_PHYS_s15_T1_test,59,223,66.43333333333334,0.808586597442627,-0.770011507314947
UBFC_PHYS_s15_T1_test,59,224,66.46666666666667,0.5378610491752625,-0.8933445276892048
UBFC_PHYS_s15_T1_test,59,225,66.5,0.2812328338623047,-0.8811902074392901
UBFC_PHYS_s15_T1_test,59,226,66.53333333333333,-0.012646971270442009,-0.6962524170505238
UBFC_PHYS_s15_T1_test,59,227,66.56666666666666,-0.40874162316322327,-0.349224265670893
UBFC_PHYS_s15_T1_test,59,228,66.6,-0.9196807742118835,0.09981150091283597
UBFC_PHYS_s15_T1_test,59,229,66.63333333333334,-1.4475752115249634,0.5557185485989936
UBFC_PHYS_s15_T1_test,59,230,66.66666666666667,-1.7190345525741577,0.913719026477281
UBFC_PHYS_s15_T1_test,59,231,66.7,-1.4749201536178589,1.0895994034452474
UBFC_PHYS_s15_T1_test,59,232,66.73333333333333,-0.8239931464195251,1.0468150012612896
UBFC_PHYS_s15_T1_test,59,233,66.76666666666667,-0.1472855508327484,0.8113045336265996
UBFC_PHYS_s15_T1_test,59,234,66.8,0.34820452332496643,0.4661597517463004
UBFC_PHYS_s15_T1_test,59,235,66.83333333333333,0.6655282974243164,0.12471928620131494
UBFC_PHYS_s15_T1_test,59,236,66.86666666666666,0.7567743062973022,-0.1089787759735648
UBFC_PHYS_s15_T1_test,59,237,66.9,0.6042147874832153,-0.1763169307134696
UBFC_PHYS_s15_T1_test,59,238,66.93333333333334,0.39368268847465515,-0.0826615535133096
UBFC_PHYS_s15_T1_test,59,239,66.96666666666667,0.3357680141925812,0.10726286100929004
UBFC_PHYS_s15_T1_test,60,0,60.0,-1.7733960151672363,-0.0758760352161305
UBFC_PHYS_s15_T1_test,60,1,60.03333333333333,-1.6210682392120361,0.278018735094936
UBFC_PHYS_s15_T1_test,60,2,60.06666666666667,-1.4179517030715942,0.5311439538640644
UBFC_PHYS_s15_T1_test,60,3,60.1,-1.1089510917663574,0.6124852831920345
UBFC_PHYS_s15_T1_test,60,4,60.13333333333333,-0.7362424731254578,0.5001920024088616
UBFC_PHYS_s15_T1_test,60,5,60.166666666666664,-0.4428454339504242,0.2238875688135879
UBFC_PHYS_s15_T1_test,60,6,60.2,-0.27933642268180847,-0.14925197609106067
UBFC_PHYS_s15_T1_test,60,7,60.233333333333334,-0.1573660671710968,-0.5367265863361215
UBFC_PHYS_s15_T1_test,60,8,60.266666666666666,-0.07110236585140228,-0.8621937123925735
UBFC_PHYS_s15_T1_test,60,9,60.3,-0.15031743049621582,-1.0706766240097256
UBFC_PHYS_s15_T1_test,60,10,60.333333333333336,-0.4169682562351227,-1.1358235106480377
UBFC_PHYS_s15_T1_test,60,11,60.36666666666667,-0.7228596806526184,-1.0598504715379578
UBFC_PHYS_s15_T1_test,60,12,60.4,-0.9435495734214783,-0.8677441855781647
UBFC_PHYS_s15_T1_test,60,13,60.43333333333333,-1.0788447856903076,-0.5977206024232532
UBFC_PHYS_s15_T1_test,60,14,60.46666666666667,-1.1529422998428345,-0.290469725746411
UBFC_PHYS_s15_T1_test,60,15,60.5,-1.1338047981262207,0.01991889662110613
UBFC_PHYS_s15_T1_test,60,16,60.53333333333333,-0.9850689172744751,0.31087688860130863
UBFC_PHYS_s15_T1_test,60,17,60.56666666666667,-0.7463036775588989,0.5710192971105612
UBFC_PHYS_s15_T1_test,60,18,60.6,-0.5005863308906555,0.7953569915397587
UBFC_PHYS_s15_T1_test,60,19,60.63333333333333,-0.33711591362953186,0.9784420369669801
UBFC_PHYS_s15_T1_test,60,20,60.666666666666664,-0.3250463306903839,1.108439839317781
UBFC_PHYS_s15_T1_test,60,21,60.7,-0.46866467595100403,1.1650468377967655
UBFC_PHYS_s15_T1_test,60,22,60.733333333333334,-0.6912084221839905,1.1234729062214794
UBFC_PHYS_s15_T1_test,60,23,60.766666666666666,-0.9190434813499451,0.9643105833588456
UBFC_PHYS_s15_T1_test,60,24,60.8,-1.1524595022201538,0.6851827767963669
UBFC_PHYS_s15_T1_test,60,25,60.833333333333336,-1.381376028060913,0.3078974521503653
UBFC_PHYS_s15_T1_test,60,26,60.86666666666667,-1.5026512145996094,-0.12296409580060945
UBFC_PHYS_s15_T1_test,60,27,60.9,-1.4121196269989014,-0.5493233203636767
UBFC_PHYS_s15_T1_test,60,28,60.93333333333333,-1.1350407600402832,-0.9123071641414418
UBFC_PHYS_s15_T1_test,60,29,60.96666666666667,-0.8107648491859436,-1.1634626985385566
UBFC_PHYS_s15_T1_test,60,30,61.0,-0.5938600301742554,-1.272088128011785
UBFC_PHYS_s15_T1_test,60,31,61.03333333333333,-0.5501971244812012,-1.2289326533597231
UBFC_PHYS_s15_T1_test,60,32,61.06666666666667,-0.584629237651825,-1.0468990556450153
UBFC_PHYS_s15_T1_test,60,33,61.1,-0.6282148957252502,-0.7583746602942272
UBFC_PHYS_s15_T1_test,60,34,61.13333333333333,-0.8060915470123291,-0.40852837723891516
UBFC_PHYS_s15_T1_test,60,35,61.166666666666664,-1.243396520614624,-0.04513775200814066
UBFC_PHYS_s15_T1_test,60,36,61.2,-1.7988289594650269,0.29233597726626104
UBFC_PHYS_s15_T1_test,60,37,61.233333333333334,-2.1673858165740967,0.5800827440832942
UBFC_PHYS_s15_T1_test,60,38,61.266666666666666,-2.150855302810669,0.8098816323516205
UBFC_PHYS_s15_T1_test,60,39,61.3,-1.777509331703186,0.9814710079569806
UBFC_PHYS_s15_T1_test,60,40,61.333333333333336,-1.2264991998672485,1.0923889625998129
UBFC_PHYS_s15_T1_test,60,41,61.36666666666667,-0.6692321300506592,1.1322991166506222
UBFC_PHYS_s15_T1_test,60,42,61.4,-0.20558646321296692,1.0849531052150765
UBFC_PHYS_s15_T1_test,60,43,61.43333333333333,0.09624961018562317,0.9354918254049286
UBFC_PHYS_s15_T1_test,60,44,61.46666666666667,0.2047985941171646,0.6788187146970243
UBFC_PHYS_s15_T1_test,60,45,61.5,0.16275782883167267,0.325862084955519
UBFC_PHYS_s15_T1_test,60,46,61.53333333333333,0.10335618257522583,-0.09399956049931804
UBFC_PHYS_s15_T1_test,60,47,61.56666666666667,0.22814598679542542,-0.535074696591335
UBFC_PHYS_s15_T1_test,60,48,61.6,0.6429147124290466,-0.9418822543954921
UBFC_PHYS_s15_T1_test,60,49,61.63333333333333,1.1950255632400513,-1.2587922738820068
UBFC_PHYS_s15_T1_test,60,50,61.666666666666664,1.6080176830291748,-1.440410725916199
UBFC_PHYS_s15_T1_test,60,51,61.7,1.7357814311981201,-1.4600437347940611
UBFC_PHYS_s15_T1_test,60,52,61.733333333333334,1.5878952741622925,-1.3145128377463782
UBFC_PHYS_s15_T1_test,60,53,61.766666666666666,1.2637739181518555,-1.024836143280151
UBFC_PHYS_s15_T1_test,60,54,61.8,0.8845573663711548,-0.6328313769817259
UBFC_PHYS_s15_T1_test,60,55,61.833333333333336,0.43446820974349976,-0.1936942459656183
UBFC_PHYS_s15_T1_test,60,56,61.86666666666667,-0.16754314303398132,0.23501872070442903
UBFC_PHYS_s15_T1_test,60,57,61.9,-0.7740926742553711,0.6058866334827571
UBFC_PHYS_s15_T1_test,60,58,61.93333333333333,-1.031647801399231,0.8910387747758369
UBFC_PHYS_s15_T1_test,60,59,61.96666666666667,-0.7757920622825623,1.0836036989785751
UBFC_PHYS_s15_T1_test,60,60,62.0,-0.20483331382274628,1.1900138312190165
UBFC_PHYS_s15_T1_test,60,61,62.03333333333333,0.3466789126396179,1.2176171182221702
UBFC_PHYS_s15_T1_test,60,62,62.06666666666667,0.6848589181900024,1.1655102028242181
UBFC_PHYS_s15_T1_test,60,63,62.1,0.7947017550468445,1.0245790236471335
UBFC_PHYS_s15_T1_test,60,64,62.13333333333333,0.7723199129104614,0.7860044198182553
UBFC_PHYS_s15_T1_test,60,65,62.166666666666664,0.7756028175354004,0.45188380982453813
UBFC_PHYS_s15_T1_test,60,66,62.2,0.9026327729225159,0.04194998224998515
UBFC_PHYS_s15_T1_test,60,67,62.233333333333334,1.0795631408691406,-0.4056265698057985
UBFC_PHYS_s15_T1_test,60,68,62.266666666666666,1.1796923875808716,-0.838334798772318
UBFC_PHYS_s15_T1_test,60,69,62.3,1.238302230834961,-1.1967399590867183
UBFC_PHYS_s15_T1_test,60,70,62.333333333333336,1.3287758827209473,-1.4244197673629613
UBFC_PHYS_s15_T1_test,60,71,62.36666666666667,1.3369252681732178,-1.4796650130269877
UBFC_PHYS_s15_T1_test,60,72,62.4,1.1038954257965088,-1.346564337038739
UBFC_PHYS_s15_T1_test,60,73,62.43333333333333,0.6630757451057434,-1.0415535136953888
UBFC_PHYS_s15_T1_test,60,74,62.46666666666667,0.15850932896137238,-0.6121156763375164
UBFC_PHYS_s15_T1_test,60,75,62.5,-0.3537236452102661,-0.12685830673847254
UBFC_PHYS_s15_T1_test,60,76,62.53333333333333,-0.9140225648880005,0.3407194760591025
UBFC_PHYS_s15_T1_test,60,77,62.56666666666667,-1.5418918132781982,0.7298715622944403
UBFC_PHYS_s15_T1_test,60,78,62.6,-2.1025190353393555,1.005591525572844
UBFC_PHYS_s15_T1_test,60,79,62.63333333333333,-2.2972543239593506,1.1620781815973653
UBFC_PHYS_s15_T1_test,60,80,62.666666666666664,-1.9695991277694702,1.215521699141008
UBFC_PHYS_s15_T1_test,60,81,62.7,-1.3825154304504395,1.1897941577861393
UBFC_PHYS_s15_T1_test,60,82,62.733333333333334,-0.953997015953064,1.1020760748272662
UBFC_PHYS_s15_T1_test,60,83,62.766666666666666,-0.8048748970031738,0.9554572104540249
UBFC_PHYS_s15_T1_test,60,84,62.8,-0.7670246958732605,0.7416731182734647
UBFC_PHYS_s15_T1_test,60,85,62.833333333333336,-0.6860716342926025,0.4516411013198265
UBFC_PHYS_s15_T1_test,60,86,62.86666666666667,-0.4940204620361328,0.08758665609108776
UBFC_PHYS_s15_T1_test,60,87,62.9,-0.19967718422412872,-0.3295272985540905
UBFC_PHYS_s15_T1_test,60,88,62.93333333333333,0.08676774799823761,-0.7600432365024922
UBFC_PHYS_s15_T1_test,60,89,62.96666666666667,0.2679659426212311,-1.1518227502653517
UBFC_PHYS_s15_T1_test,60,90,63.0,0.3713201880455017,-1.4495970882731295
UBFC_PHYS_s15_T1_test,60,91,63.03333333333333,0.46963414549827576,-1.6050011091207645
UBFC_PHYS_s15_T1_test,60,92,63.06666666666667,0.5663452744483948,-1.586020712086178
UBFC_PHYS_s15_T1_test,60,93,63.1,0.6078646183013916,-1.3848695196176566
UBFC_PHYS_s15_T1_test,60,94,63.13333333333333,0.546358048915863,-1.0224376873587133
UBFC_PHYS_s15_T1_test,60,95,63.166666666666664,0.3845484256744385,-0.5468593019032156
UBFC_PHYS_s15_T1_test,60,96,63.2,0.13564471900463104,-0.024896375108117517
UBFC_PHYS_s15_T1_test,60,97,63.233333333333334,-0.23235195875167847,0.47247245243152425
UBFC_PHYS_s15_T1_test,60,98,63.266666666666666,-0.6564287543296814,0.8860174010126493
UBFC_PHYS_s15_T1_test,60,99,63.3,-0.8318528532981873,1.1800929218651404
UBFC_PHYS_s15_T1_test,60,100,63.333333333333336,-0.5290704965591431,1.345741564799759
UBFC_PHYS_s15_T1_test,60,101,63.36666666666667,0.04505527764558792,1.3941556086451479
UBFC_PHYS_s15_T1_test,60,102,63.4,0.4739212691783905,1.3443636658343097
UBFC_PHYS_s15_T1_test,60,103,63.43333333333333,0.6154926419258118,1.21174278136554
UBFC_PHYS_s15_T1_test,60,104,63.46666666666667,0.5945977568626404,1.002665082399166
UBFC_PHYS_s15_T1_test,60,105,63.5,0.521948516368866,0.7168242958253201
UBFC_PHYS_s15_T1_test,60,106,63.53333333333333,0.5035834908485413,0.3552729857687351
UBFC_PHYS_s15_T1_test,60,107,63.56666666666667,0.685998260974884,-0.06987688510218254
UBFC_PHYS_s15_T1_test,60,108,63.6,1.037734866142273,-0.5286170225244156
UBFC_PHYS_s15_T1_test,60,109,63.63333333333333,1.3286793231964111,-0.9724428090280277
UBFC_PHYS_s15_T1_test,60,110,63.666666666666664,1.4535270929336548,-1.3409532282354422
UBFC_PHYS_s15_T1_test,60,111,63.7,1.5021915435791016,-1.5739884583667412
UBFC_PHYS_s15_T1_test,60,112,63.733333333333334,1.4809298515319824,-1.6258525835130957
UBFC_PHYS_s15_T1_test,60,113,63.766666666666666,1.272946834564209,-1.4776352596849212
UBFC_PHYS_s15_T1_test,60,114,63.8,0.8928998708724976,-1.1442260611252635
UBFC_PHYS_s15_T1_test,60,115,63.833333333333336,0.4666215777397156,-0.6738154996194231
UBFC_PHYS_s15_T1_test,60,116,63.86666666666667,0.026921940967440605,-0.1391616207995114
UBFC_PHYS_s15_T1_test,60,117,63.9,-0.48899951577186584,0.3781651368245738
UBFC_PHYS_s15_T1_test,60,118,63.93333333333333,-1.0972291231155396,0.8069194705237636
UBFC_PHYS_s15_T1_test,60,119,63.96666666666667,-1.5962724685668945,1.1028237788468729
UBFC_PHYS_s15_T1_test,60,120,64.0,-1.6149464845657349,1.2562123198102488
UBFC_PHYS_s15_T1_test,60,121,64.03333333333333,-1.0269359350204468,1.286908216165825
UBFC_PHYS_s15_T1_test,60,122,64.06666666666666,-0.2250329703092575,1.2285351537786893
UBFC_PHYS_s15_T1_test,60,123,64.1,0.37856191396713257,1.1100889783601802
UBFC_PHYS_s15_T1_test,60,124,64.13333333333334,0.6848589181900024,0.943932464743439
UBFC_PHYS_s15_T1_test,60,125,64.16666666666667,0.7681679725646973,0.7254736533414634
UBFC_PHYS_s15_T1_test,60,126,64.2,0.7046144008636475,0.44298194969778476
UBFC_PHYS_s15_T1_test,60,127,64.23333333333333,0.5917204022407532,0.09106561883720886
UBFC_PHYS_s15_T1_test,60,128,64.26666666666667,0.5333036184310913,-0.3186046177896481
UBFC_PHYS_s15_T1_test,60,129,64.3,0.5535225868225098,-0.752657775177411
UBFC_PHYS_s15_T1_test,60,130,64.33333333333333,0.5990973114967346,-1.1581749965870274
UBFC_PHYS_s15_T1_test,60,131,64.36666666666666,0.6400179862976074,-1.471117189643202
UBFC_PHYS_s15_T1_test,60,132,64.4,0.6950553059577942,-1.6298330786455395
UBFC_PHYS_s15_T1_test,60,133,64.43333333333334,0.7396837472915649,-1.5911517977795893
UBFC_PHYS_s15_T1_test,60,134,64.46666666666667,0.6954222321510315,-1.3445552659465327
UBFC_PHYS_s15_T1_test,60,135,64.5,0.563081681728363,-0.9190492970649901
UBFC_PHYS_s15_T1_test,60,136,64.53333333333333,0.42359593510627747,-0.3792238734776018
UBFC_PHYS_s15_T1_test,60,137,64.56666666666666,0.24990984797477722,0.18917060557820128
UBFC_PHYS_s15_T1_test,60,138,64.6,-0.09377386420965195,0.6999476030784081
UBFC_PHYS_s15_T1_test,60,139,64.63333333333334,-0.616203248500824,1.0869218900382962
UBFC_PHYS_s15_T1_test,60,140,64.66666666666667,-1.0350273847579956,1.317334215789536
UBFC_PHYS_s15_T1_test,60,141,64.7,-0.9560633301734924,1.3938056013966935
UBFC_PHYS_s15_T1_test,60,142,64.73333333333333,-0.3212226927280426,1.3444867771104378
UBFC_PHYS_s15_T1_test,60,143,64.76666666666667,0.42776718735694885,1.2058631253859362
UBFC_PHYS_s15_T1_test,60,144,64.8,0.8272027373313904,1.006201062028298
UBFC_PHYS_s15_T1_test,60,145,64.83333333333333,0.8463788628578186,0.7573822302219649
UBFC_PHYS_s15_T1_test,60,146,64.86666666666666,0.6735424995422363,0.4581679238981738
UBFC_PHYS_s15_T1_test,60,147,64.9,0.44657641649246216,0.10568967173165122
UBFC_PHYS_s15_T1_test,60,148,64.93333333333334,0.28206321597099304,-0.29189125246867637
UBFC_PHYS_s15_T1_test,60,149,64.96666666666667,0.32653722167015076,-0.7080934902337173
UBFC_PHYS_s15_T1_test,60,150,65.0,0.6436099410057068,-1.098701923115357
UBFC_PHYS_s15_T1_test,60,151,65.03333333333333,1.1125082969665527,-1.408756847751108
UBFC_PHYS_s15_T1_test,60,152,65.06666666666666,1.4875149726867676,-1.5833188153270072
UBFC_PHYS_s15_T1_test,60,153,65.1,1.5874124765396118,-1.5799921135853154
UBFC_PHYS_s15_T1_test,60,154,65.13333333333334,1.400594711303711,-1.3812289987126274
UBFC_PHYS_s15_T1_test,60,155,65.16666666666667,1.0632450580596924,-1.0033512575001617
UBFC_PHYS_s15_T1_test,60,156,65.2,0.6976044178009033,-0.49818812409629926
UBFC_PHYS_s15_T1_test,60,157,65.23333333333333,0.25952690839767456,0.055726540543588485
UBFC_PHYS_s15_T1_test,60,158,65.26666666666667,-0.3650207817554474,0.5715000967828533
UBFC_PHYS_s15_T1_test,60,159,65.3,-1.0614452362060547,0.9760414441469072
UBFC_PHYS_s15_T1_test,60,160,65.33333333333333,-1.4552417993545532,1.2276908312186687
UBFC_PHYS_s15_T1_test,60,161,65.36666666666666,-1.2808798551559448,1.3224338966201794
UBFC_PHYS_s15_T1_test,60,162,65.4,-0.6780960559844971,1.2869314845715594
UBFC_PHYS_s15_T1_test,60,163,65.43333333333334,-0.018170012161135674,1.162366801863801
UBFC_PHYS_s15_T1_test,60,164,65.46666666666667,0.5135095119476318,0.9863771593136518
UBFC_PHYS_s15_T1_test,60,165,65.5,0.9680402278900146,0.7802234979890106
UBFC_PHYS_s15_T1_test,60,166,65.53333333333333,1.3125157356262207,0.5456253642406863
UBFC_PHYS_s15_T1_test,60,167,65.56666666666666,1.427785038948059,0.27163647180436734
UBFC_PHYS_s15_T1_test,60,168,65.6,1.353590965270996,-0.05197670734269303
UBFC_PHYS_s15_T1_test,60,169,65.63333333333334,1.2062454223632812,-0.4207867353814798
UBFC_PHYS_s15_T1_test,60,170,65.66666666666667,1.0000004768371582,-0.8071626681345082
UBFC_PHYS_s15_T1_test,60,171,65.7,0.7295260429382324,-1.1608355517917879
UBFC_PHYS_s15_T1_test,60,172,65.73333333333333,0.4262995421886444,-1.418662040845582
UBFC_PHYS_s15_T1_test,60,173,65.76666666666667,0.05922979488968849,-1.5204662701607765
UBFC_PHYS_s15_T1_test,60,174,65.8,-0.3759703040122986,-1.4263018418134328
UBFC_PHYS_s15_T1_test,60,175,65.83333333333333,-0.709148645401001,-1.1303760823365798
UBFC_PHYS_s15_T1_test,60,176,65.86666666666666,-0.7731077671051025,-0.6675086481120969
UBFC_PHYS_s15_T1_test,60,177,65.9,-0.6706805229187012,-0.10927815749070552
UBFC_PHYS_s15_T1_test,60,178,65.93333333333334,-0.6948968768119812,0.45073126781240935
UBFC_PHYS_s15_T1_test,60,179,65.96666666666667,-0.9500188827514648,0.9197385489284038
UBFC_PHYS_s15_T1_test,60,180,66.0,-1.1320667266845703,1.229922759891398
UBFC_PHYS_s15_T1_test,60,181,66.03333333333333,-0.7887885570526123,1.355063353572885
UBFC_PHYS_s15_T1_test,60,182,66.06666666666666,0.058669764548540115,1.3124830318792877
UBFC_PHYS_s15_T1_test,60,183,66.1,0.9343805909156799,1.149203832017984
UBFC_PHYS_s15_T1_test,60,184,66.13333333333334,1.4386379718780518,0.919306841628657
UBFC_PHYS_s15_T1_test,60,185,66.16666666666667,1.5460282564163208,0.6638480759015669
UBFC_PHYS_s15_T1_test,60,186,66.2,1.4046307802200317,0.401721527443767
UBFC_PHYS_s15_T1_test,60,187,66.23333333333333,1.1821835041046143,0.13276182150928958
UBFC_PHYS_s15_T1_test,60,188,66.26666666666667,1.0840047597885132,-0.15135200706191582
UBFC_PHYS_s15_T1_test,60,189,66.3,1.1907384395599365,-0.454607155480305
UBFC_PHYS_s15_T1_test,60,190,66.33333333333333,1.3242377042770386,-0.7671620565623752
UBFC_PHYS_s15_T1_test,60,191,66.36666666666666,1.287874460220337,-1.0610235745465715
UBFC_PHYS_s15_T1_test,60,192,66.4,1.0813591480255127,-1.2919819226495035
UBFC_PHYS_s15_T1_test,60,193,66.43333333333334,0.808586597442627,-1.4083408716707164
UBFC_PHYS_s15_T1_test,60,194,66.46666666666667,0.5378610491752625,-1.3653837016040486
UBFC_PHYS_s15_T1_test,60,195,66.5,0.2812328338623047,-1.141849197361888
UBFC_PHYS_s15_T1_test,60,196,66.53333333333333,-0.012646971270442009,-0.7523738844317983
UBFC_PHYS_s15_T1_test,60,197,66.56666666666666,-0.40874162316322327,-0.24994567379494903
UBFC_PHYS_s15_T1_test,60,198,66.6,-0.9196807742118835,0.28415648222629347
UBFC_PHYS_s15_T1_test,60,199,66.63333333333334,-1.4475752115249634,0.7603330159339
UBFC_PHYS_s15_T1_test,60,200,66.66666666666667,-1.7190345525741577,1.1038013507607682
UBFC_PHYS_s15_T1_test,60,201,66.7,-1.4749201536178589,1.272854207433142
UBFC_PHYS_s15_T1_test,60,202,66.73333333333333,-0.8239931464195251,1.2661635827234343
UBFC_PHYS_s15_T1_test,60,203,66.76666666666667,-0.1472855508327484,1.1171947258132942
UBFC_PHYS_s15_T1_test,60,204,66.8,0.34820452332496643,0.8783854053926535
UBFC_PHYS_s15_T1_test,60,205,66.83333333333333,0.6655282974243164,0.6014694790689848
UBFC_PHYS_s15_T1_test,60,206,66.86666666666666,0.7567743062973022,0.3219347376026558
UBFC_PHYS_s15_T1_test,60,207,66.9,0.6042147874832153,0.053669668130398945
UBFC_PHYS_s15_T1_test,60,208,66.93333333333334,0.39368268847465515,-0.20539982672852314
UBFC_PHYS_s15_T1_test,60,209,66.96666666666667,0.3357680141925812,-0.4611924206676877
UBFC_PHYS_s15_T1_test,60,210,67.0,0.41940540075302124,-0.7114507379887272
UBFC_PHYS_s15_T1_test,60,211,67.03333333333333,0.500686764717102,-0.938905250229162
UBFC_PHYS_s15_T1_test,60,212,67.06666666666666,0.5092610120773315,-1.111453117676605
UBFC_PHYS_s15_T1_test,60,213,67.1,0.4370173215866089,-1.1884934455334415
UBFC_PHYS_s15_T1_test,60,214,67.13333333333334,0.28069210052490234,-1.131615968956103
UBFC_PHYS_s15_T1_test,60,215,67.16666666666667,0.06880821287631989,-0.9175311147988788
UBFC_PHYS_s15_T1_test,60,216,67.2,-0.1447557657957077,-0.5500998994879082
UBFC_PHYS_s15_T1_test,60,217,67.23333333333333,-0.33244258165359497,-0.0670647255605249
UBFC_PHYS_s15_T1_test,60,218,67.26666666666667,-0.5168657898902893,0.4628268983314735
UBFC_PHYS_s15_T1_test,60,219,67.3,-0.7344658374786377,0.9538461613613426
UBFC_PHYS_s15_T1_test,60,220,67.33333333333333,-0.9557543396949768,1.3249447860326085
UBFC_PHYS_s15_T1_test,60,221,67.36666666666666,-1.033270001411438,1.5211861075874664
UBFC_PHYS_s15_T1_test,60,222,67.4,-0.7942537069320679,1.526510932167052
UBFC_PHYS_s15_T1_test,60,223,67.43333333333334,-0.25512000918388367,1.3632567842798686
UBFC_PHYS_s15_T1_test,60,224,67.46666666666667,0.3579953610897064,1.080104602611824
UBFC_PHYS_s15_T1_test,60,225,67.5,0.8547793030738831,0.7348667892375365
UBFC_PHYS_s15_T1_test,60,226,67.53333333333333,1.178707480430603,0.3790383704663216
UBFC_PHYS_s15_T1_test,60,227,67.56666666666666,1.2742406129837036,0.04842332035468706
UBFC_PHYS_s15_T1_test,60,228,67.6,1.1187844276428223,-0.23900304234473674
UBFC_PHYS_s15_T1_test,60,229,67.63333333333334,0.910666286945343,-0.4792786307969552
UBFC_PHYS_s15_T1_test,60,230,67.66666666666667,0.9026713967323303,-0.6754510487125023
UBFC_PHYS_s15_T1_test,60,231,67.7,1.0693668127059937,-0.8306138809029308
UBFC_PHYS_s15_T1_test,60,232,67.73333333333333,1.1818166971206665,-0.943675866620111
UBFC_PHYS_s15_T1_test,60,233,67.76666666666667,1.125891089439392,-1.0090767835934187
UBFC_PHYS_s15_T1_test,60,234,67.8,0.9493275880813599,-1.0196893513922958
UBFC_PHYS_s15_T1_test,60,235,67.83333333333333,0.6926606893539429,-0.9707842682552636
UBFC_PHYS_s15_T1_test,60,236,67.86666666666666,0.4012720584869385,-0.8629752068568902
UBFC_PHYS_s15_T1_test,60,237,67.9,0.1717955321073532,-0.7030998654207324
UBFC_PHYS_s15_T1_test,60,238,67.93333333333334,0.00927138701081276,-0.5031796346667865
UBFC_PHYS_s15_T1_test,60,239,67.96666666666667,-0.22997666895389557,-0.27849969528194063
UBFC_PHYS_s15_T1_test,61,0,61.0,-0.5938600301742554,0.11148758697008741
UBFC_PHYS_s15_T1_test,61,1,61.03333333333333,-0.5501971244812012,0.3021597578460871
UBFC_PHYS_s15_T1_test,61,2,61.06666666666667,-0.584629237651825,0.46675772715094266
UBFC_PHYS_s15_T1_test,61,3,61.1,-0.6282148957252502,0.5892246775625396
UBFC_PHYS_s15_T1_test,61,4,61.13333333333333,-0.8060915470123291,0.6674755064428225
UBFC_PHYS_s15_T1_test,61,5,61.166666666666664,-1.243396520614624,0.7141941827013759
UBFC_PHYS_s15_T1_test,61,6,61.2,-1.7988289594650269,0.7514854788261598
UBFC_PHYS_s15_T1_test,61,7,61.233333333333334,-2.1673858165740967,0.8009085030059608
UBFC_PHYS_s15_T1_test,61,8,61.266666666666666,-2.150855302810669,0.8724266837358193
UBFC_PHYS_s15_T1_test,61,9,61.3,-1.777509331703186,0.9567763534840205
UBFC_PHYS_s15_T1_test,61,10,61.333333333333336,-1.2264991998672485,1.025468289702006
UBFC_PHYS_s15_T1_test,61,11,61.36666666666667,-0.6692321300506592,1.039828574309242
UBFC_PHYS_s15_T1_test,61,12,61.4,-0.20558646321296692,0.9654521140261031
UBFC_PHYS_s15_T1_test,61,13,61.43333333333333,0.09624961018562317,0.7851011060231242
UBFC_PHYS_s15_T1_test,61,14,61.46666666666667,0.2047985941171646,0.5045562538182966
UBFC_PHYS_s15_T1_test,61,15,61.5,0.16275782883167267,0.15036670983338482
UBFC_PHYS_s15_T1_test,61,16,61.53333333333333,0.10335618257522583,-0.2378344442877971
UBFC_PHYS_s15_T1_test,61,17,61.56666666666667,0.22814598679542542,-0.6164962336580462
UBFC_PHYS_s15_T1_test,61,18,61.6,0.6429147124290466,-0.9457656246513423
UBFC_PHYS_s15_T1_test,61,19,61.63333333333333,1.1950255632400513,-1.1942644080198486
UBFC_PHYS_s15_T1_test,61,20,61.666666666666664,1.6080176830291748,-1.3410224444032273
UBFC_PHYS_s15_T1_test,61,21,61.7,1.7357814311981201,-1.375319869435666
UBFC_PHYS_s15_T1_test,61,22,61.733333333333334,1.5878952741622925,-1.295715559955799
UBFC_PHYS_s15_T1_test,61,23,61.766666666666666,1.2637739181518555,-1.109497473283901
UBFC_PHYS_s15_T1_test,61,24,61.8,0.8845573663711548,-0.8328943020637433
UBFC_PHYS_s15_T1_test,61,25,61.833333333333336,0.43446820974349976,-0.49110755094929126
UBFC_PHYS_s15_T1_test,61,26,61.86666666666667,-0.16754314303398132,-0.11652811925944094
UBFC_PHYS_s15_T1_test,61,27,61.9,-0.7740926742553711,0.25562244040087323
UBFC_PHYS_s15_T1_test,61,28,61.93333333333333,-1.031647801399231,0.5927450000279262
UBFC_PHYS_s15_T1_test,61,29,61.96666666666667,-0.7757920622825623,0.8684673923077251
UBFC_PHYS_s15_T1_test,61,30,62.0,-0.20483331382274628,1.0626153866779056
UBFC_PHYS_s15_T1_test,61,31,62.03333333333333,0.3466789126396179,1.1589130089303188
UBFC_PHYS_s15_T1_test,61,32,62.06666666666667,0.6848589181900024,1.1443424765534451
UBFC_PHYS_s15_T1_test,61,33,62.1,0.7947017550468445,1.0129138793424002
UBFC_PHYS_s15_T1_test,61,34,62.13333333333333,0.7723199129104614,0.7716250810673033
UBFC_PHYS_s15_T1_test,61,35,62.166666666666664,0.7756028175354004,0.44318379217697973
UBFC_PHYS_s15_T1_test,61,36,62.2,0.9026327729225159,0.0627865369326388
UBFC_PHYS_s15_T1_test,61,37,62.233333333333334,1.0795631408691406,-0.3287402017167768
UBFC_PHYS_s15_T1_test,61,38,62.266666666666666,1.1796923875808716,-0.6912789807381307
UBFC_PHYS_s15_T1_test,61,39,62.3,1.238302230834961,-0.988917986906469
UBFC_PHYS_s15_T1_test,61,40,62.333333333333336,1.3287758827209473,-1.1912568008836937
UBFC_PHYS_s15_T1_test,61,41,62.36666666666667,1.3369252681732178,-1.2747304159218547
UBFC_PHYS_s15_T1_test,61,42,62.4,1.1038954257965088,-1.2252948026794652
UBFC_PHYS_s15_T1_test,61,43,62.43333333333333,0.6630757451057434,-1.0419527773875175
UBFC_PHYS_s15_T1_test,61,44,62.46666666666667,0.15850932896137238,-0.7395736657863938
UBFC_PHYS_s15_T1_test,61,45,62.5,-0.3537236452102661,-0.34939666003186776
UBFC_PHYS_s15_T1_test,61,46,62.53333333333333,-0.9140225648880005,0.08400820422641667
UBFC_PHYS_s15_T1_test,61,47,62.56666666666667,-1.5418918132781982,0.5095564536692542
UBFC_PHYS_s15_T1_test,61,48,62.6,-2.1025190353393555,0.8788127511885999
UBFC_PHYS_s15_T1_test,61,49,62.63333333333333,-2.2972543239593506,1.154541618796957
UBFC_PHYS_s15_T1_test,61,50,62.666666666666664,-1.9695991277694702,1.3154250170043895
UBFC_PHYS_s15_T1_test,61,51,62.7,-1.3825154304504395,1.3554480321384865
UBFC_PHYS_s15_T1_test,61,52,62.733333333333334,-0.953997015953064,1.2795116674078615
UBFC_PHYS_s15_T1_test,61,53,62.766666666666666,-0.8048748970031738,1.0987855448694233
UBFC_PHYS_s15_T1_test,61,54,62.8,-0.7670246958732605,0.8284210469893931
UBFC_PHYS_s15_T1_test,61,55,62.833333333333336,-0.6860716342926025,0.48770548846055223
UBFC_PHYS_s15_T1_test,61,56,62.86666666666667,-0.4940204620361328,0.10086297416451423
UBFC_PHYS_s15_T1_test,61,57,62.9,-0.19967718422412872,-0.30331059546895406
UBFC_PHYS_s15_T1_test,61,58,62.93333333333333,0.08676774799823761,-0.6932828655730625
UBFC_PHYS_s15_T1_test,61,59,62.96666666666667,0.2679659426212311,-1.037006803854612
UBFC_PHYS_s15_T1_test,61,60,63.0,0.3713201880455017,-1.3035540195415165
UBFC_PHYS_s15_T1_test,61,61,63.03333333333333,0.46963414549827576,-1.4644479461321667
UBFC_PHYS_s15_T1_test,61,62,63.06666666666667,0.5663452744483948,-1.4960474999029687
UBFC_PHYS_s15_T1_test,61,63,63.1,0.6078646183013916,-1.38394755172255
UBFC_PHYS_s15_T1_test,61,64,63.13333333333333,0.546358048915863,-1.1284793420685757
UBFC_PHYS_s15_T1_test,61,65,63.166666666666664,0.3845484256744385,-0.7487579124220022
UBFC_PHYS_s15_T1_test,61,66,63.2,0.13564471900463104,-0.2828959635840295
UBFC_PHYS_s15_T1_test,61,67,63.233333333333334,-0.23235195875167847,0.2165552091450929
UBFC_PHYS_s15_T1_test,61,68,63.266666666666666,-0.6564287543296814,0.691325963423299
UBFC_PHYS_s15_T1_test,61,69,63.3,-0.8318528532981873,1.088147724412928
UBFC_PHYS_s15_T1_test,61,70,63.333333333333336,-0.5290704965591431,1.367962322359108
UBFC_PHYS_s15_T1_test,61,71,63.36666666666667,0.04505527764558792,1.5103488201537714
UBFC_PHYS_s15_T1_test,61,72,63.4,0.4739212691783905,1.512340354114579
UBFC_PHYS_s15_T1_test,61,73,63.43333333333333,0.6154926419258118,1.3836082486588535
UBFC_PHYS_s15_T1_test,61,74,63.46666666666667,0.5945977568626404,1.1410694742754994
UBFC_PHYS_s15_T1_test,61,75,63.5,0.521948516368866,0.8053221363502354
UBFC_PHYS_s15_T1_test,61,76,63.53333333333333,0.5035834908485413,0.39991249260955863
UBFC_PHYS_s15_T1_test,61,77,63.56666666666667,0.685998260974884,-0.04717576045685069
UBFC_PHYS_s15_T1_test,61,78,63.6,1.037734866142273,-0.5017685834559087
UBFC_PHYS_s15_T1_test,61,79,63.63333333333333,1.3286793231964111,-0.9236787572283345
UBFC_PHYS_s15_T1_test,61,80,63.666666666666664,1.4535270929336548,-1.269829450051931
UBFC_PHYS_s15_T1_test,61,81,63.7,1.5021915435791016,-1.4997645900682546
UBFC_PHYS_s15_T1_test,61,82,63.733333333333334,1.4809298515319824,-1.5821528547392294
UBFC_PHYS_s15_T1_test,61,83,63.766666666666666,1.272946834564209,-1.5008613795764032
UBFC_PHYS_s15_T1_test,61,84,63.8,0.8928998708724976,-1.2594214120470235
UBFC_PHYS_s15_T1_test,61,85,63.833333333333336,0.4666215777397156,-0.8828326994256436
UBFC_PHYS_s15_T1_test,61,86,63.86666666666667,0.026921940967440605,-0.4156582297424432
UBFC_PHYS_s15_T1_test,61,87,63.9,-0.48899951577186584,0.08428554376382327
UBFC_PHYS_s15_T1_test,61,88,63.93333333333333,-1.0972291231155396,0.5561784307903134
UBFC_PHYS_s15_T1_test,61,89,63.96666666666667,-1.5962724685668945,0.9480225740239699
UBFC_PHYS_s15_T1_test,61,90,64.0,-1.6149464845657349,1.2259670016092736
UBFC_PHYS_s15_T1_test,61,91,64.03333333333333,-1.0269359350204468,1.377257873318394
UBFC_PHYS_s15_T1_test,61,92,64.06666666666666,-0.2250329703092575,1.4058565349084033
UBFC_PHYS_s15_T1_test,61,93,64.1,0.37856191396713257,1.3237666131226316
UBFC_PHYS_s15_T1_test,61,94,64.13333333333334,0.6848589181900024,1.1434845012877195
UBFC_PHYS_s15_T1_test,61,95,64.16666666666667,0.7681679725646973,0.8757294437199521
UBFC_PHYS_s15_T1_test,61,96,64.2,0.7046144008636475,0.5322790538181044
UBFC_PHYS_s15_T1_test,61,97,64.23333333333333,0.5917204022407532,0.1303556126986112
UBFC_PHYS_s15_T1_test,61,98,64.26666666666667,0.5333036184310913,-0.30445646556046124
UBFC_PHYS_s15_T1_test,61,99,64.3,0.5535225868225098,-0.7374794585992667
UBFC_PHYS_s15_T1_test,61,100,64.33333333333333,0.5990973114967346,-1.1262590954449843
UBFC_PHYS_s15_T1_test,61,101,64.36666666666666,0.6400179862976074,-1.4242418932964125
UBFC_PHYS_s15_T1_test,61,102,64.4,0.6950553059577942,-1.587226164829497
UBFC_PHYS_s15_T1_test,61,103,64.43333333333334,0.7396837472915649,-1.5820786181683522
UBFC_PHYS_s15_T1_test,61,104,64.46666666666667,0.6954222321510315,-1.395697674097389
UBFC_PHYS_s15_T1_test,61,105,64.5,0.563081681728363,-1.0412767388332687
UBFC_PHYS_s15_T1_test,61,106,64.53333333333333,0.42359593510627747,-0.5594002107915425
UBFC_PHYS_s15_T1_test,61,107,64.56666666666666,0.24990984797477722,-0.012893362856054132
UBFC_PHYS_s15_T1_test,61,108,64.6,-0.09377386420965195,0.5241380126947734
UBFC_PHYS_s15_T1_test,61,109,64.63333333333334,-0.616203248500824,0.9809832039201762
UBFC_PHYS_s15_T1_test,61,110,64.66666666666667,-1.0350273847579956,1.3048573861517896
UBFC_PHYS_s15_T1_test,61,111,64.7,-0.9560633301734924,1.4704896621374086
UBFC_PHYS_s15_T1_test,61,112,64.73333333333333,-0.3212226927280426,1.4810111676933109
UBFC_PHYS_s15_T1_test,61,113,64.76666666666667,0.42776718735694885,1.3598781829480717
UBFC_PHYS_s15_T1_test,61,114,64.8,0.8272027373313904,1.1382147787297148
UBFC_PHYS_s15_T1_test,61,115,64.83333333333333,0.8463788628578186,0.8442841075850063
UBFC_PHYS_s15_T1_test,61,116,64.86666666666666,0.6735424995422363,0.49958114977200807
UBFC_PHYS_s15_T1_test,61,117,64.9,0.44657641649246216,0.12137687807459216
UBFC_PHYS_s15_T1_test,61,118,64.93333333333334,0.28206321597099304,-0.27192850550961
UBFC_PHYS_s15_T1_test,61,119,64.96666666666667,0.32653722167015076,-0.6566991169104088
UBFC_PHYS_s15_T1_test,61,120,65.0,0.6436099410057068,-1.003098000956288
UBFC_PHYS_s15_T1_test,61,121,65.03333333333333,1.1125082969665527,-1.2769231743815617
UBFC_PHYS_s15_T1_test,61,122,65.06666666666666,1.4875149726867676,-1.4435111330577566
UBFC_PHYS_s15_T1_test,61,123,65.1,1.5874124765396118,-1.473459325615748
UBFC_PHYS_s15_T1_test,61,124,65.13333333333334,1.400594711303711,-1.349614479774196
UBFC_PHYS_s15_T1_test,61,125,65.16666666666667,1.0632450580596924,-1.0737421857086151
UBFC_PHYS_s15_T1_test,61,126,65.2,0.6976044178009033,-0.6705259760769815
UBFC_PHYS_s15_T1_test,61,127,65.23333333333333,0.25952690839767456,-0.186734316876924
UBFC_PHYS_s15_T1_test,61,128,65.26666666666667,-0.3650207817554474,0.3153321060596246
UBFC_PHYS_s15_T1_test,61,129,65.3,-1.0614452362060547,0.7691608824450671
UBFC_PHYS_s15_T1_test,61,130,65.33333333333333,-1.4552417993545532,1.1174658787702916
UBFC_PHYS_s15_T1_test,61,131,65.36666666666666,-1.2808798551559448,1.3239359073617507
UBFC_PHYS_s15_T1_test,61,132,65.4,-0.6780960559844971,1.3793065714291366
UBFC_PHYS_s15_T1_test,61,133,65.43333333333334,-0.018170012161135674,1.2992822735770595
UBFC_PHYS_s15_T1_test,61,134,65.46666666666667,0.5135095119476318,1.1150373654927623
UBFC_PHYS_s15_T1_test,61,135,65.5,0.9680402278900146,0.8603590559400076
UBFC_PHYS_s15_T1_test,61,136,65.53333333333333,1.3125157356262207,0.5610636590281197
UBFC_PHYS_s15_T1_test,61,137,65.56666666666666,1.427785038948059,0.23126320886249674
UBFC_PHYS_s15_T1_test,61,138,65.6,1.353590965270996,-0.12223507274761303
UBFC_PHYS_s15_T1_test,61,139,65.63333333333334,1.2062454223632812,-0.4901791840928648
UBFC_PHYS_s15_T1_test,61,140,65.66666666666667,1.0000004768371582,-0.8514124124681559
UBFC_PHYS_s15_T1_test,61,141,65.7,0.7295260429382324,-1.1692637575157576
UBFC_PHYS_s15_T1_test,61,142,65.73333333333333,0.4262995421886444,-1.3961778321822973
UBFC_PHYS_s15_T1_test,61,143,65.76666666666667,0.05922979488968849,-1.484940384334753
UBFC_PHYS_s15_T1_test,61,144,65.8,-0.3759703040122986,-1.4023970199831683
UBFC_PHYS_s15_T1_test,61,145,65.83333333333333,-0.709148645401001,-1.141126939659188
UBFC_PHYS_s15_T1_test,61,146,65.86666666666666,-0.7731077671051025,-0.7254312312512176
UBFC_PHYS_s15_T1_test,61,147,65.9,-0.6706805229187012,-0.20962354601163494
UBFC_PHYS_s15_T1_test,61,148,65.93333333333334,-0.6948968768119812,0.3314495321967082
UBFC_PHYS_s15_T1_test,61,149,65.96666666666667,-0.9500188827514648,0.8178095331098386
UBFC_PHYS_s15_T1_test,61,150,66.0,-1.1320667266845703,1.1820874138814375
UBFC_PHYS_s15_T1_test,61,151,66.03333333333333,-0.7887885570526123,1.3845086275300702
UBFC_PHYS_s15_T1_test,61,152,66.06666666666666,0.058669764548540115,1.4195234008978383
UBFC_PHYS_s15_T1_test,61,153,66.1,0.9343805909156799,1.3110237221971528
UBFC_PHYS_s15_T1_test,61,154,66.13333333333334,1.4386379718780518,1.0987586423726259
UBFC_PHYS_s15_T1_test,61,155,66.16666666666667,1.5460282564163208,0.8230213479525629
UBFC_PHYS_s15_T1_test,61,156,66.2,1.4046307802200317,0.51416050761156
UBFC_PHYS_s15_T1_test,61,157,66.23333333333333,1.1821835041046143,0.1895813494903431
UBFC_PHYS_s15_T1_test,61,158,66.26666666666667,1.0840047597885132,-0.14273706914402534
UBFC_PHYS_s15_T1_test,61,159,66.3,1.1907384395599365,-0.4770358455742687
UBFC_PHYS_s15_T1_test,61,160,66.33333333333333,1.3242377042770386,-0.8020027757029975
UBFC_PHYS_s15_T1_test,61,161,66.36666666666666,1.287874460220337,-1.0952115523839474
UBFC_PHYS_s15_T1_test,61,162,66.4,1.0813591480255127,-1.322162150494951
UBFC_PHYS_s15_T1_test,61,163,66.43333333333334,0.808586597442627,-1.4413335166761643
UBFC_PHYS_s15_T1_test,61,164,66.46666666666667,0.5378610491752625,-1.414608038143987
UBFC_PHYS_s15_T1_test,61,165,66.5,0.2812328338623047,-1.2200736810340813
UBFC_PHYS_s15_T1_test,61,166,66.53333333333333,-0.012646971270442009,-0.8628047900754248
UBFC_PHYS_s15_T1_test,61,167,66.56666666666666,-0.40874162316322327,-0.3794862211337379
UBFC_PHYS_s15_T1_test,61,168,66.6,-0.9196807742118835,0.16539442992261505
UBFC_PHYS_s15_T1_test,61,169,66.63333333333334,-1.4475752115249634,0.6915044865417446
UBFC_PHYS_s15_T1_test,61,170,66.66666666666667,-1.7190345525741577,1.1201376674902428
UBFC_PHYS_s15_T1_test,61,171,66.7,-1.4749201536178589,1.3925695320747409
UBFC_PHYS_s15_T1_test,61,172,66.73333333333333,-0.8239931464195251,1.4833834941304065
UBFC_PHYS_s15_T1_test,61,173,66.76666666666667,-0.1472855508327484,1.4036057319784436
UBFC_PHYS_s15_T1_test,61,174,66.8,0.34820452332496643,1.192066027009415
UBFC_PHYS_s15_T1_test,61,175,66.83333333333333,0.6655282974243164,0.8986001931459987
UBFC_PHYS_s15_T1_test,61,176,66.86666666666666,0.7567743062973022,0.5668393885314371
UBFC_PHYS_s15_T1_test,61,177,66.9,0.6042147874832153,0.2243491111681279
UBFC_PHYS_s15_T1_test,61,178,66.93333333333334,0.39368268847465515,-0.1168605073445351
UBFC_PHYS_s15_T1_test,61,179,66.96666666666667,0.3357680141925812,-0.45224075824566706
UBFC_PHYS_s15_T1_test,61,180,67.0,0.41940540075302124,-0.7746040592621244
UBFC_PHYS_s15_T1_test,61,181,67.03333333333333,0.500686764717102,-1.0669050230618247
UBFC_PHYS_s15_T1_test,61,182,67.06666666666666,0.5092610120773315,-1.3003868813010577
UBFC_PHYS_s15_T1_test,61,183,67.1,0.4370173215866089,-1.4382498813574882
UBFC_PHYS_s15_T1_test,61,184,67.13333333333334,0.28069210052490234,-1.4436768489200362
UBFC_PHYS_s15_T1_test,61,185,67.16666666666667,0.06880821287631989,-1.2903780971184595
UBFC_PHYS_s15_T1_test,61,186,67.2,-0.1447557657957077,-0.9731367212323767
UBFC_PHYS_s15_T1_test,61,187,67.23333333333333,-0.33244258165359497,-0.515264030021831
UBFC_PHYS_s15_T1_test,61,188,67.26666666666667,-0.5168657898902893,0.030069911860953438
UBFC_PHYS_s15_T1_test,61,189,67.3,-0.7344658374786377,0.5866802292678261
UBFC_PHYS_s15_T1_test,61,190,67.33333333333333,-0.9557543396949768,1.0703534939945027
UBFC_PHYS_s15_T1_test,61,191,67.36666666666666,-1.033270001411438,1.4086991983328851
UBFC_PHYS_s15_T1_test,61,192,67.4,-0.7942537069320679,1.559268425413806
UBFC_PHYS_s15_T1_test,61,193,67.43333333333334,-0.25512000918388367,1.5187462050354572
UBFC_PHYS_s15_T1_test,61,194,67.46666666666667,0.3579953610897064,1.3196728238945397
UBFC_PHYS_s15_T1_test,61,195,67.5,0.8547793030738831,1.0166476272733385
UBFC_PHYS_s15_T1_test,61,196,67.53333333333333,1.178707480430603,0.6678838592113805
UBFC_PHYS_s15_T1_test,61,197,67.56666666666666,1.2742406129837036,0.31906193236027025
UBFC_PHYS_s15_T1_test,61,198,67.6,1.1187844276428223,-0.005054606304506031
UBFC_PHYS_s15_T1_test,61,199,67.63333333333334,0.910666286945343,-0.29916189199472537
UBFC_PHYS_s15_T1_test,61,200,67.66666666666667,0.9026713967323303,-0.5681288424356434
UBFC_PHYS_s15_T1_test,61,201,67.7,1.0693668127059937,-0.8148575906929759
UBFC_PHYS_s15_T1_test,61,202,67.73333333333333,1.1818166971206665,-1.0307986964077809
UBFC_PHYS_s15_T1_test,61,203,67.76666666666667,1.125891089439392,-1.19292930741248
UBFC_PHYS_s15_T1_test,61,204,67.8,0.9493275880813599,-1.268191879688039
UBFC_PHYS_s15_T1_test,61,205,67.83333333333333,0.6926606893539429,-1.2236686386624107
UBFC_PHYS_s15_T1_test,61,206,67.86666666666666,0.4012720584869385,-1.0389957048940917
UBFC_PHYS_s15_T1_test,61,207,67.9,0.1717955321073532,-0.7169837138817842
UBFC_PHYS_s15_T1_test,61,208,67.93333333333334,0.00927138701081276,-0.2889577244976492
UBFC_PHYS_s15_T1_test,61,209,67.96666666666667,-0.22997666895389557,0.1873953603918259
UBFC_PHYS_s15_T1_test,61,210,68.0,-0.6257237195968628,0.6381482304290592
UBFC_PHYS_s15_T1_test,61,211,68.03333333333333,-1.0140745639801025,0.9895398938393901
UBFC_PHYS_s15_T1_test,61,212,68.06666666666666,-1.1169846057891846,1.1865733663417253
UBFC_PHYS_s15_T1_test,61,213,68.1,-0.8436713814735413,1.2077042415973902
UBFC_PHYS_s15_T1_test,61,214,68.13333333333334,-0.4126618206501007,1.069317843688521
UBFC_PHYS_s15_T1_test,61,215,68.16666666666667,-0.09562774747610092,0.8172386113203509
UBFC_PHYS_s15_T1_test,61,216,68.2,0.07446642965078354,0.5092228086055222
UBFC_PHYS_s15_T1_test,61,217,68.23333333333333,0.17003819346427917,0.19698437643254163
UBFC_PHYS_s15_T1_test,61,218,68.26666666666667,0.14997373521327972,-0.0852159959861677
UBFC_PHYS_s15_T1_test,61,219,68.3,0.010217641480267048,-0.3232641431286365
UBFC_PHYS_s15_T1_test,61,220,68.33333333333333,-0.0824960470199585,-0.5186500352122602
UBFC_PHYS_s15_T1_test,61,221,68.36666666666666,0.00027230760315433145,-0.679672370212786
UBFC_PHYS_s15_T1_test,61,222,68.4,0.1949111968278885,-0.811803273913483
UBFC_PHYS_s15_T1_test,61,223,68.43333333333334,0.37545281648635864,-0.9104631352889734
UBFC_PHYS_s15_T1_test,61,224,68.46666666666667,0.48031333088874817,-0.958711802087349
UBFC_PHYS_s15_T1_test,61,225,68.5,0.4672009348869324,-0.9310354785412923
UBFC_PHYS_s15_T1_test,61,226,68.53333333333333,0.31580010056495667,-0.8025771629988638
UBFC_PHYS_s15_T1_test,61,227,68.56666666666666,0.13191764056682587,-0.561106865955323
UBFC_PHYS_s15_T1_test,61,228,68.6,0.04260274022817612,-0.2173975883371033
UBFC_PHYS_s15_T1_test,61,229,68.63333333333334,0.0217658169567585,0.19055688979542035
UBFC_PHYS_s15_T1_test,61,230,68.66666666666667,-0.08500652015209198,0.6023433437266458
UBFC_PHYS_s15_T1_test,61,231,68.7,-0.3700610399246216,0.9488007023056334
UBFC_PHYS_s15_T1_test,61,232,68.73333333333333,-0.7665805816650391,1.1711354658198774
UBFC_PHYS_s15_T1_test,61,233,68.76666666666667,-1.0625267028808594,1.2391434270644377
UBFC_PHYS_s15_T1_test,61,234,68.8,-0.9800480008125305,1.1607806749748215
UBFC_PHYS_s15_T1_test,61,235,68.83333333333333,-0.46939852833747864,0.9775942963135583
UBFC_PHYS_s15_T1_test,61,236,68.86666666666666,0.1384255588054657,0.7469125392861442
UBFC_PHYS_s15_T1_test,61,237,68.9,0.47965672612190247,0.5185654692486185
UBFC_PHYS_s15_T1_test,61,238,68.93333333333334,0.5526149272918701,0.31684683413800946
UBFC_PHYS_s15_T1_test,61,239,68.96666666666667,0.5598180294036865,0.1359155584829605
UBFC_PHYS_s15_T1_test,62,0,62.0,-0.20483331382274628,-0.07340862412990225
UBFC_PHYS_s15_T1_test,62,1,62.03333333333333,0.3466789126396179,0.594433087041964
UBFC_PHYS_s15_T1_test,62,2,62.06666666666667,0.6848589181900024,1.1321828462139354
UBFC_PHYS_s15_T1_test,62,3,62.1,0.7947017550468445,1.4437056892621187
UBFC_PHYS_s15_T1_test,62,4,62.13333333333333,0.7723199129104614,1.4900819397944007
UBFC_PHYS_s15_T1_test,62,5,62.166666666666664,0.7756028175354004,1.2928552013055858
UBFC_PHYS_s15_T1_test,62,6,62.2,0.9026327729225159,0.9180283233052899
UBFC_PHYS_s15_T1_test,62,7,62.233333333333334,1.0795631408691406,0.4507121033534996
UBFC_PHYS_s15_T1_test,62,8,62.266666666666666,1.1796923875808716,-0.02754347632849575
UBFC_PHYS_s15_T1_test,62,9,62.3,1.238302230834961,-0.45182906756894975
UBFC_PHYS_s15_T1_test,62,10,62.333333333333336,1.3287758827209473,-0.7775696571562734
UBFC_PHYS_s15_T1_test,62,11,62.36666666666667,1.3369252681732178,-0.9792364702156616
UBFC_PHYS_s15_T1_test,62,12,62.4,1.1038954257965088,-1.047945885457784
UBFC_PHYS_s15_T1_test,62,13,62.43333333333333,0.6630757451057434,-0.9891435052122919
UBFC_PHYS_s15_T1_test,62,14,62.46666666666667,0.15850932896137238,-0.8201151613669
UBFC_PHYS_s15_T1_test,62,15,62.5,-0.3537236452102661,-0.5670770675256024
UBFC_PHYS_s15_T1_test,62,16,62.53333333333333,-0.9140225648880005,-0.2618470862227484
UBFC_PHYS_s15_T1_test,62,17,62.56666666666667,-1.5418918132781982,0.061869879467084325
UBFC_PHYS_s15_T1_test,62,18,62.6,-2.1025190353393555,0.3724847726864884
UBFC_PHYS_s15_T1_test,62,19,62.63333333333333,-2.2972543239593506,0.6440690946409648
UBFC_PHYS_s15_T1_test,62,20,62.666666666666664,-1.9695991277694702,0.8577539874377227
UBFC_PHYS_s15_T1_test,62,21,62.7,-1.3825154304504395,0.9999506043488996
UBFC_PHYS_s15_T1_test,62,22,62.733333333333334,-0.953997015953064,1.059179978938095
UBFC_PHYS_s15_T1_test,62,23,62.766666666666666,-0.8048748970031738,1.0251577624532162
UBFC_PHYS_s15_T1_test,62,24,62.8,-0.7670246958732605,0.8919709844730506
UBFC_PHYS_s15_T1_test,62,25,62.833333333333336,-0.6860716342926025,0.6634506276850805
UBFC_PHYS_s15_T1_test,62,26,62.86666666666667,-0.4940204620361328,0.3566551992046027
UBFC_PHYS_s15_T1_test,62,27,62.9,-0.19967718422412872,0.0005137551112701646
UBFC_PHYS_s15_T1_test,62,28,62.93333333333333,0.08676774799823761,-0.3696716585533256
UBFC_PHYS_s15_T1_test,62,29,62.96666666666667,0.2679659426212311,-0.7182595969130735
UBFC_PHYS_s15_T1_test,62,30,63.0,0.3713201880455017,-1.012691383843872
UBFC_PHYS_s15_T1_test,62,31,63.03333333333333,0.46963414549827576,-1.2240900200535483
UBFC_PHYS_s15_T1_test,62,32,63.06666666666667,0.5663452744483948,-1.327505507857439
UBFC_PHYS_s15_T1_test,62,33,63.1,0.6078646183013916,-1.304479836127363
UBFC_PHYS_s15_T1_test,62,34,63.13333333333333,0.546358048915863,-1.148099759635585
UBFC_PHYS_s15_T1_test,62,35,63.166666666666664,0.3845484256744385,-0.8679469182774551
UBFC_PHYS_s15_T1_test,62,36,63.2,0.13564471900463104,-0.4918223193697142
UBFC_PHYS_s15_T1_test,62,37,63.233333333333334,-0.23235195875167847,-0.06267097884417641
UBFC_PHYS_s15_T1_test,62,38,63.266666666666666,-0.6564287543296814,0.3687212526661744
UBFC_PHYS_s15_T1_test,62,39,63.3,-0.8318528532981873,0.7529996162649587
UBFC_PHYS_s15_T1_test,62,40,63.333333333333336,-0.5290704965591431,1.0505618007513382
UBFC_PHYS_s15_T1_test,62,41,63.36666666666667,0.04505527764558792,1.2366008686895187
UBFC_PHYS_s15_T1_test,62,42,63.4,0.4739212691783905,1.3020409607821288
UBFC_PHYS_s15_T1_test,62,43,63.43333333333333,0.6154926419258118,1.2509616940715547
UBFC_PHYS_s15_T1_test,62,44,63.46666666666667,0.5945977568626404,1.0958419541322029
UBFC_PHYS_s15_T1_test,62,45,63.5,0.521948516368866,0.8525619773901554
UBFC_PHYS_s15_T1_test,62,46,63.53333333333333,0.5035834908485413,0.5377403345233737
UBFC_PHYS_s15_T1_test,62,47,63.56666666666667,0.685998260974884,0.17004719215401348
UBFC_PHYS_s15_T1_test,62,48,63.6,1.037734866142273,-0.22594062644693313
UBFC_PHYS_s15_T1_test,62,49,63.63333333333333,1.3286793231964111,-0.6171077165052147
UBFC_PHYS_s15_T1_test,62,50,63.666666666666664,1.4535270929336548,-0.9631755841460187
UBFC_PHYS_s15_T1_test,62,51,63.7,1.5021915435791016,-1.2220197333732323
UBFC_PHYS_s15_T1_test,62,52,63.733333333333334,1.4809298515319824,-1.356916513694418
UBFC_PHYS_s15_T1_test,62,53,63.766666666666666,1.272946834564209,-1.3435941755567609
UBFC_PHYS_s15_T1_test,62,54,63.8,0.8928998708724976,-1.1759319431379698
UBFC_PHYS_s15_T1_test,62,55,63.833333333333336,0.4666215777397156,-0.8696346585072771
UBFC_PHYS_s15_T1_test,62,56,63.86666666666667,0.026921940967440605,-0.4625046224897682
UBFC_PHYS_s15_T1_test,62,57,63.9,-0.48899951577186584,-0.009466256182303665
UBFC_PHYS_s15_T1_test,62,58,63.93333333333333,-1.0972291231155396,0.4280868656572345
UBFC_PHYS_s15_T1_test,62,59,63.96666666666667,-1.5962724685668945,0.7959748388770167
UBFC_PHYS_s15_T1_test,62,60,64.0,-1.6149464845657349,1.0585195832994136
UBFC_PHYS_s15_T1_test,62,61,64.03333333333333,-1.0269359350204468,1.2023928339657755
UBFC_PHYS_s15_T1_test,62,62,64.06666666666666,-0.2250329703092575,1.232285268603359
UBFC_PHYS_s15_T1_test,62,63,64.1,0.37856191396713257,1.162363182381235
UBFC_PHYS_s15_T1_test,62,64,64.13333333333334,0.6848589181900024,1.0087201041896905
UBFC_PHYS_s15_T1_test,62,65,64.16666666666667,0.7681679725646973,0.7857115300531637
UBFC_PHYS_s15_T1_test,62,66,64.2,0.7046144008636475,0.5056969648783216
UBFC_PHYS_s15_T1_test,62,67,64.23333333333333,0.5917204022407532,0.1802830460750029
UBFC_PHYS_s15_T1_test,62,68,64.26666666666667,0.5333036184310913,-0.17748928654397042
UBFC_PHYS_s15_T1_test,62,69,64.3,0.5535225868225098,-0.5493933235797755
UBFC_PHYS_s15_T1_test,62,70,64.33333333333333,0.5990973114967346,-0.9076005758154477
UBFC_PHYS_s15_T1_test,62,71,64.36666666666666,0.6400179862976074,-1.2128034540473447
UBFC_PHYS_s15_T1_test,62,72,64.4,0.6950553059577942,-1.4180981411039684
UBFC_PHYS_s15_T1_test,62,73,64.43333333333334,0.7396837472915649,-1.4791786004820935
UBFC_PHYS_s15_T1_test,62,74,64.46666666666667,0.6954222321510315,-1.3677466035051629
UBFC_PHYS_s15_T1_test,62,75,64.5,0.563081681728363,-1.082871481028892
UBFC_PHYS_s15_T1_test,62,76,64.53333333333333,0.42359593510627747,-0.6557311137196185
UBFC_PHYS_s15_T1_test,62,77,64.56666666666666,0.24990984797477722,-0.14566901266242124
UBFC_PHYS_s15_T1_test,62,78,64.6,-0.09377386420965195,0.3718731402799163
UBFC_PHYS_s15_T1_test,62,79,64.63333333333334,-0.616203248500824,0.8225898740058255
UBFC_PHYS_s15_T1_test,62,80,64.66666666666667,-1.0350273847579956,1.1506218961831463
UBFC_PHYS_s15_T1_test,62,81,64.7,-0.9560633301734924,1.3298748500303204
UBFC_PHYS_s15_T1_test,62,82,64.73333333333333,-0.3212226927280426,1.3646854907431787
UBFC_PHYS_s15_T1_test,62,83,64.76666666666667,0.42776718735694885,1.279665361851412
UBFC_PHYS_s15_T1_test,62,84,64.8,0.8272027373313904,1.1045612350417802
UBFC_PHYS_s15_T1_test,62,85,64.83333333333333,0.8463788628578186,0.8627650444700476
UBFC_PHYS_s15_T1_test,62,86,64.86666666666666,0.6735424995422363,0.568704051827719
UBFC_PHYS_s15_T1_test,62,87,64.9,0.44657641649246216,0.2328657550046876
UBFC_PHYS_s15_T1_test,62,88,64.93333333333334,0.28206321597099304,-0.13109978286156193
UBFC_PHYS_s15_T1_test,62,89,64.96666666666667,0.32653722167015076,-0.5023133847311904
UBFC_PHYS_s15_T1_test,62,90,65.0,0.6436099410057068,-0.8526813401772252
UBFC_PHYS_s15_T1_test,62,91,65.03333333333333,1.1125082969665527,-1.1488179923534902
UBFC_PHYS_s15_T1_test,62,92,65.06666666666666,1.4875149726867676,-1.354475805385555
UBFC_PHYS_s15_T1_test,62,93,65.1,1.5874124765396118,-1.4346070497763357
UBFC_PHYS_s15_T1_test,62,94,65.13333333333334,1.400594711303711,-1.3626773879696648
UBFC_PHYS_s15_T1_test,62,95,65.16666666666667,1.0632450580596924,-1.130465910052768
UBFC_PHYS_s15_T1_test,62,96,65.2,0.6976044178009033,-0.7562073356957697
UBFC_PHYS_s15_T1_test,62,97,65.23333333333333,0.25952690839767456,-0.2858549189419043
UBFC_PHYS_s15_T1_test,62,98,65.26666666666667,-0.3650207817554474,0.2148234725503425
UBFC_PHYS_s15_T1_test,62,99,65.3,-1.0614452362060547,0.674942312766505
UBFC_PHYS_s15_T1_test,62,100,65.33333333333333,-1.4552417993545532,1.0346247251749547
UBFC_PHYS_s15_T1_test,62,101,65.36666666666666,-1.2808798551559448,1.2571082881350266
UBFC_PHYS_s15_T1_test,62,102,65.4,-0.6780960559844971,1.3335129648869375
UBFC_PHYS_s15_T1_test,62,103,65.43333333333334,-0.018170012161135674,1.279642171631542
UBFC_PHYS_s15_T1_test,62,104,65.46666666666667,0.5135095119476318,1.1262424901300927
UBFC_PHYS_s15_T1_test,62,105,65.5,0.9680402278900146,0.9059766079651943
UBFC_PHYS_s15_T1_test,62,106,65.53333333333333,1.3125157356262207,0.6421645962485766
UBFC_PHYS_s15_T1_test,62,107,65.56666666666666,1.427785038948059,0.3444378367197448
UBFC_PHYS_s15_T1_test,62,108,65.6,1.353590965270996,0.013495301694094788
UBFC_PHYS_s15_T1_test,62,109,65.63333333333334,1.2062454223632812,-0.34758389336511514
UBFC_PHYS_s15_T1_test,62,110,65.66666666666667,1.0000004768371582,-0.7217820151799651
UBFC_PHYS_s15_T1_test,62,111,65.7,0.7295260429382324,-1.072899654973321
UBFC_PHYS_s15_T1_test,62,112,65.73333333333333,0.4262995421886444,-1.3495411271211935
UBFC_PHYS_s15_T1_test,62,113,65.76666666666667,0.05922979488968849,-1.496656344563938
UBFC_PHYS_s15_T1_test,62,114,65.8,-0.3759703040122986,-1.4705279415263097
UBFC_PHYS_s15_T1_test,62,115,65.83333333333333,-0.709148645401001,-1.2528184254556043
UBFC_PHYS_s15_T1_test,62,116,65.86666666666666,-0.7731077671051025,-0.8598107315327409
UBFC_PHYS_s15_T1_test,62,117,65.9,-0.6706805229187012,-0.3436869694676715
UBFC_PHYS_s15_T1_test,62,118,65.93333333333334,-0.6948968768119812,0.2160779987497625
UBFC_PHYS_s15_T1_test,62,119,65.96666666666667,-0.9500188827514648,0.7305008719716148
UBFC_PHYS_s15_T1_test,62,120,66.0,-1.1320667266845703,1.123349198557934
UBFC_PHYS_s15_T1_test,62,121,66.03333333333333,-0.7887885570526123,1.3498896467267882
UBFC_PHYS_s15_T1_test,62,122,66.06666666666666,0.058669764548540115,1.4042507514036404
UBFC_PHYS_s15_T1_test,62,123,66.1,0.9343805909156799,1.3124603119508405
UBFC_PHYS_s15_T1_test,62,124,66.13333333333334,1.4386379718780518,1.1160385305632508
UBFC_PHYS_s15_T1_test,62,125,66.16666666666667,1.5460282564163208,0.8555691525286493
UBFC_PHYS_s15_T1_test,62,126,66.2,1.4046307802200317,0.5610113882084754
UBFC_PHYS_s15_T1_test,62,127,66.23333333333333,1.1821835041046143,0.24962325175091046
UBFC_PHYS_s15_T1_test,62,128,66.26666666666667,1.0840047597885132,-0.07099544777522021
UBFC_PHYS_s15_T1_test,62,129,66.3,1.1907384395599365,-0.39718821508698254
UBFC_PHYS_s15_T1_test,62,130,66.33333333333333,1.3242377042770386,-0.7221147334327064
UBFC_PHYS_s15_T1_test,62,131,66.36666666666666,1.287874460220337,-1.0284902508893239
UBFC_PHYS_s15_T1_test,62,132,66.4,1.0813591480255127,-1.2841697906956482
UBFC_PHYS_s15_T1_test,62,133,66.43333333333334,0.808586597442627,-1.444440884248526
UBFC_PHYS_s15_T1_test,62,134,66.46666666666667,0.5378610491752625,-1.462638309815608
UBFC_PHYS_s15_T1_test,62,135,66.5,0.2812328338623047,-1.3063067975930864
UBFC_PHYS_s15_T1_test,62,136,66.53333333333333,-0.012646971270442009,-0.97245748977712
UBFC_PHYS_s15_T1_test,62,137,66.56666666666666,-0.40874162316322327,-0.4949561267337133
UBFC_PHYS_s15_T1_test,62,138,66.6,-0.9196807742118835,0.059666864665996404
UBFC_PHYS_s15_T1_test,62,139,66.63333333333334,-1.4475752115249634,0.606832214369169
UBFC_PHYS_s15_T1_test,62,140,66.66666666666667,-1.7190345525741577,1.0640768035478703
UBFC_PHYS_s15_T1_test,62,141,66.7,-1.4749201536178589,1.370373456198766
UBFC_PHYS_s15_T1_test,62,142,66.73333333333333,-0.8239931464195251,1.4987391974944038
UBFC_PHYS_s15_T1_test,62,143,66.76666666666667,-0.1472855508327484,1.458293754648653
UBFC_PHYS_s15_T1_test,62,144,66.8,0.34820452332496643,1.2850645559742273
UBFC_PHYS_s15_T1_test,62,145,66.83333333333333,0.6655282974243164,1.025104314528557
UBFC_PHYS_s15_T1_test,62,146,66.86666666666666,0.7567743062973022,0.7176215247417427
UBFC_PHYS_s15_T1_test,62,147,66.9,0.6042147874832153,0.3860975748457671
UBFC_PHYS_s15_T1_test,62,148,66.93333333333334,0.39368268847465515,0.040141235649404
UBFC_PHYS_s15_T1_test,62,149,66.96666666666667,0.3357680141925812,-0.3155630731306852
UBFC_PHYS_s15_T1_test,62,150,67.0,0.41940540075302124,-0.671387408076522
UBFC_PHYS_s15_T1_test,62,151,67.03333333333333,0.500686764717102,-1.0065601655522756
UBFC_PHYS_s15_T1_test,62,152,67.06666666666666,0.5092610120773315,-1.2881497594185949
UBFC_PHYS_s15_T1_test,62,153,67.1,0.4370173215866089,-1.4747385902987353
UBFC_PHYS_s15_T1_test,62,154,67.13333333333334,0.28069210052490234,-1.5241660491387403
UBFC_PHYS_s15_T1_test,62,155,67.16666666666667,0.06880821287631989,-1.404741304850218
UBFC_PHYS_s15_T1_test,62,156,67.2,-0.1447557657957077,-1.1077855057179462
UBFC_PHYS_s15_T1_test,62,157,67.23333333333333,-0.33244258165359497,-0.657107090622971
UBFC_PHYS_s15_T1_test,62,158,67.26666666666667,-0.5168657898902893,-0.11021459147302948
UBFC_PHYS_s15_T1_test,62,159,67.3,-0.7344658374786377,0.4516543441710812
UBFC_PHYS_s15_T1_test,62,160,67.33333333333333,-0.9557543396949768,0.9426032881833573
UBFC_PHYS_s15_T1_test,62,161,67.36666666666666,-1.033270001411438,1.2934339137343709
UBFC_PHYS_s15_T1_test,62,162,67.4,-0.7942537069320679,1.4671996951361508
UBFC_PHYS_s15_T1_test,62,163,67.43333333333334,-0.25512000918388367,1.4637520203187264
UBFC_PHYS_s15_T1_test,62,164,67.46666666666667,0.3579953610897064,1.3133073362044532
UBFC_PHYS_s15_T1_test,62,165,67.5,0.8547793030738831,1.0631128682607944
UBFC_PHYS_s15_T1_test,62,166,67.53333333333333,1.178707480430603,0.7620516315693753
UBFC_PHYS_s15_T1_test,62,167,67.56666666666666,1.2742406129837036,0.44734337761897547
UBFC_PHYS_s15_T1_test,62,168,67.6,1.1187844276428223,0.13735755765793722
UBFC_PHYS_s15_T1_test,62,169,67.63333333333334,0.910666286945343,-0.166595560462211
UBFC_PHYS_s15_T1_test,62,170,67.66666666666667,0.9026713967323303,-0.4703225470919573
UBFC_PHYS_s15_T1_test,62,171,67.7,1.0693668127059937,-0.7735539575706709
UBFC_PHYS_s15_T1_test,62,172,67.73333333333333,1.1818166971206665,-1.059862836971609
UBFC_PHYS_s15_T1_test,62,173,67.76666666666667,1.125891089439392,-1.2943504643345312
UBFC_PHYS_s15_T1_test,62,174,67.8,0.9493275880813599,-1.4301984231416933
UBFC_PHYS_s15_T1_test,62,175,67.83333333333333,0.6926606893539429,-1.4217615355133304
UBFC_PHYS_s15_T1_test,62,176,67.86666666666666,0.4012720584869385,-1.2399951318117288
UBFC_PHYS_s15_T1_test,62,177,67.9,0.1717955321073532,-0.8855676256947456
UBFC_PHYS_s15_T1_test,62,178,67.93333333333334,0.00927138701081276,-0.3953661250592054
UBFC_PHYS_s15_T1_test,62,179,67.96666666666667,-0.22997666895389557,0.1608190939740136
UBFC_PHYS_s15_T1_test,62,180,68.0,-0.6257237195968628,0.6944186603889733
UBFC_PHYS_s15_T1_test,62,181,68.03333333333333,-1.0140745639801025,1.1201154312167638
UBFC_PHYS_s15_T1_test,62,182,68.06666666666666,-1.1169846057891846,1.3783275909864747
UBFC_PHYS_s15_T1_test,62,183,68.1,-0.8436713814735413,1.448944298207687
UBFC_PHYS_s15_T1_test,62,184,68.13333333333334,-0.4126618206501007,1.3506921171760098
UBFC_PHYS_s15_T1_test,62,185,68.16666666666667,-0.09562774747610092,1.1276950178349159
UBFC_PHYS_s15_T1_test,62,186,68.2,0.07446642965078354,0.8311627425124266
UBFC_PHYS_s15_T1_test,62,187,68.23333333333333,0.17003819346427917,0.5051312217344872
UBFC_PHYS_s15_T1_test,62,188,68.26666666666667,0.14997373521327972,0.18005552346791945
UBFC_PHYS_s15_T1_test,62,189,68.3,0.010217641480267048,-0.12751937305002037
UBFC_PHYS_s15_T1_test,62,190,68.33333333333333,-0.0824960470199585,-0.41187620940465686
UBFC_PHYS_s15_T1_test,62,191,68.36666666666666,0.00027230760315433145,-0.6724635525391497
UBFC_PHYS_s15_T1_test,62,192,68.4,0.1949111968278885,-0.9061211268782774
UBFC_PHYS_s15_T1_test,62,193,68.43333333333334,0.37545281648635864,-1.0994426007212101
UBFC_PHYS_s15_T1_test,62,194,68.46666666666667,0.48031333088874817,-1.2254655368886596
UBFC_PHYS_s15_T1_test,62,195,68.5,0.4672009348869324,-1.248348250772702
UBFC_PHYS_s15_T1_test,62,196,68.53333333333333,0.31580010056495667,-1.135812596831501
UBFC_PHYS_s15_T1_test,62,197,68.56666666666666,0.13191764056682587,-0.8744888386925358
UBFC_PHYS_s15_T1_test,62,198,68.6,0.04260274022817612,-0.4812224096387913
UBFC_PHYS_s15_T1_test,62,199,68.63333333333334,0.0217658169567585,-0.004915500945283341
UBFC_PHYS_s15_T1_test,62,200,68.66666666666667,-0.08500652015209198,0.4824944406178384
UBFC_PHYS_s15_T1_test,62,201,68.7,-0.3700610399246216,0.9030240490905576
UBFC_PHYS_s15_T1_test,62,202,68.73333333333333,-0.7665805816650391,1.1920721423095093
UBFC_PHYS_s15_T1_test,62,203,68.76666666666667,-1.0625267028808594,1.3140781136184503
UBFC_PHYS_s15_T1_test,62,204,68.8,-0.9800480008125305,1.2691703940348975
UBFC_PHYS_s15_T1_test,62,205,68.83333333333333,-0.46939852833747864,1.0883885878569795
UBFC_PHYS_s15_T1_test,62,206,68.86666666666666,0.1384255588054657,0.8194751841368496
UBFC_PHYS_s15_T1_test,62,207,68.9,0.47965672612190247,0.5095360980021655
UBFC_PHYS_s15_T1_test,62,208,68.93333333333334,0.5526149272918701,0.1926067471950745
UBFC_PHYS_s15_T1_test,62,209,68.96666666666667,0.5598180294036865,-0.11279059471676378
UBFC_PHYS_s15_T1_test,62,210,69.0,0.5680060386657715,-0.39768905737437044
UBFC_PHYS_s15_T1_test,62,211,69.03333333333333,0.5315462946891785,-0.6546276780358045
UBFC_PHYS_s15_T1_test,62,212,69.06666666666666,0.46407249569892883,-0.8724859332306002
UBFC_PHYS_s15_T1_test,62,213,69.1,0.40399494767189026,-1.0349735578981867
UBFC_PHYS_s15_T1_test,62,214,69.13333333333334,0.3573194742202759,-1.1214621591555018
UBFC_PHYS_s15_T1_test,62,215,69.16666666666667,0.31058603525161743,-1.1095833298234574
UBFC_PHYS_s15_T1_test,62,216,69.2,0.23673953115940094,-0.9804028015405896
UBFC_PHYS_s15_T1_test,62,217,69.23333333333333,0.11125451326370239,-0.7265944583131997
UBFC_PHYS_s15_T1_test,62,218,69.26666666666667,-0.04698251560330391,-0.36130293560971455
UBFC_PHYS_s15_T1_test,62,219,69.3,-0.20048826932907104,0.07715157980474452
UBFC_PHYS_s15_T1_test,62,220,69.33333333333333,-0.3312259614467621,0.5290041073216813
UBFC_PHYS_s15_T1_test,62,221,69.36666666666666,-0.41571301221847534,0.9255522428844415
UBFC_PHYS_s15_T1_test,62,222,69.4,-0.46003252267837524,1.205808345293464
UBFC_PHYS_s15_T1_test,62,223,69.43333333333334,-0.5488646626472473,1.3305303399241406
UBFC_PHYS_s15_T1_test,62,224,69.46666666666667,-0.7757341265678406,1.2893316065285523
UBFC_PHYS_s15_T1_test,62,225,69.5,-1.10252046585083,1.100438053627401
UBFC_PHYS_s15_T1_test,62,226,69.53333333333333,-1.297622799873352,0.8043713957673869
UBFC_PHYS_s15_T1_test,62,227,69.56666666666666,-1.113315463066101,0.45310489412429633
UBFC_PHYS_s15_T1_test,62,228,69.6,-0.5577092170715332,0.09713036140533107
UBFC_PHYS_s15_T1_test,62,229,69.63333333333334,0.08037570118904114,-0.22566165419328835
UBFC_PHYS_s15_T1_test,62,230,69.66666666666667,0.5272591710090637,-0.49495583085295364
UBFC_PHYS_s15_T1_test,62,231,69.7,0.739027202129364,-0.7049097036852902
UBFC_PHYS_s15_T1_test,62,232,69.73333333333333,0.7970191240310669,-0.8558926013347409
UBFC_PHYS_s15_T1_test,62,233,69.76666666666667,0.75515216588974,-0.947163757122765
UBFC_PHYS_s15_T1_test,62,234,69.8,0.6531690359115601,-0.9748760726852874
UBFC_PHYS_s15_T1_test,62,235,69.83333333333333,0.5539087653160095,-0.935184563021162
UBFC_PHYS_s15_T1_test,62,236,69.86666666666666,0.5083726644515991,-0.828796946758734
UBFC_PHYS_s15_T1_test,62,237,69.9,0.5189939141273499,-0.6632266753789998
UBFC_PHYS_s15_T1_test,62,238,69.93333333333334,0.5372624397277832,-0.45182683826489195
UBFC_PHYS_s15_T1_test,62,239,69.96666666666667,0.48917722702026367,-0.21150740163938506
UBFC_PHYS_s15_T1_test,63,0,63.0,0.3713201880455017,0.10586583247466534
UBFC_PHYS_s15_T1_test,63,1,63.03333333333333,0.46963414549827576,0.17922660659285589
UBFC_PHYS_s15_T1_test,63,2,63.06666666666667,0.5663452744483948,0.28344108057261497
UBFC_PHYS_s15_T1_test,63,3,63.1,0.6078646183013916,0.43752757766713307
UBFC_PHYS_s15_T1_test,63,4,63.13333333333333,0.546358048915863,0.6386818243842256
UBFC_PHYS_s15_T1_test,63,5,63.166666666666664,0.3845484256744385,0.8612107302552247
UBFC_PHYS_s15_T1_test,63,6,63.2,0.13564471900463104,1.0634625256755876
UBFC_PHYS_s15_T1_test,63,7,63.233333333333334,-0.23235195875167847,1.2007732914622358
UBFC_PHYS_s15_T1_test,63,8,63.266666666666666,-0.6564287543296814,1.2399765548296262
UBFC_PHYS_s15_T1_test,63,9,63.3,-0.8318528532981873,1.1699817818792968
UBFC_PHYS_s15_T1_test,63,10,63.333333333333336,-0.5290704965591431,1.0043449387491832
UBFC_PHYS_s15_T1_test,63,11,63.36666666666667,0.04505527764558792,0.7750433494189205
UBFC_PHYS_s15_T1_test,63,12,63.4,0.4739212691783905,0.5202469699307887
UBFC_PHYS_s15_T1_test,63,13,63.43333333333333,0.6154926419258118,0.271105829987148
UBFC_PHYS_s15_T1_test,63,14,63.46666666666667,0.5945977568626404,0.04258791596388868
UBFC_PHYS_s15_T1_test,63,15,63.5,0.521948516368866,-0.1682933105095072
UBFC_PHYS_s15_T1_test,63,16,63.53333333333333,0.5035834908485413,-0.3760702034204424
UBFC_PHYS_s15_T1_test,63,17,63.56666666666667,0.685998260974884,-0.5946269302765587
UBFC_PHYS_s15_T1_test,63,18,63.6,1.037734866142273,-0.8246651676770125
UBFC_PHYS_s15_T1_test,63,19,63.63333333333333,1.3286793231964111,-1.0468619715945402
UBFC_PHYS_s15_T1_test,63,20,63.666666666666664,1.4535270929336548,-1.2237534465746227
UBFC_PHYS_s15_T1_test,63,21,63.7,1.5021915435791016,-1.3092539632495706
UBFC_PHYS_s15_T1_test,63,22,63.733333333333334,1.4809298515319824,-1.2623748391248222
UBFC_PHYS_s15_T1_test,63,23,63.766666666666666,1.272946834564209,-1.0612347839935343
UBFC_PHYS_s15_T1_test,63,24,63.8,0.8928998708724976,-0.7136510208760932
UBFC_PHYS_s15_T1_test,63,25,63.833333333333336,0.4666215777397156,-0.26094134429457294
UBFC_PHYS_s15_T1_test,63,26,63.86666666666667,0.026921940967440605,0.22761990558236975
UBFC_PHYS_s15_T1_test,63,27,63.9,-0.48899951577186584,0.6701051061644282
UBFC_PHYS_s15_T1_test,63,28,63.93333333333333,-1.0972291231155396,0.9937010294315561
UBFC_PHYS_s15_T1_test,63,29,63.96666666666667,-1.5962724685668945,1.1557441308934164
UBFC_PHYS_s15_T1_test,63,30,64.0,-1.6149464845657349,1.1551406731651155
UBFC_PHYS_s15_T1_test,63,31,64.03333333333333,-1.0269359350204468,1.0281565761837563
UBFC_PHYS_s15_T1_test,63,32,64.06666666666666,-0.2250329703092575,0.8298729782606982
UBFC_PHYS_s15_T1_test,63,33,64.1,0.37856191396713257,0.6102098660780038
UBFC_PHYS_s15_T1_test,63,34,64.13333333333334,0.6848589181900024,0.39631878810596477
UBFC_PHYS_s15_T1_test,63,35,64.16666666666667,0.7681679725646973,0.18909081266675942
UBFC_PHYS_s15_T1_test,63,36,64.2,0.7046144008636475,-0.02723808305187796
UBFC_PHYS_s15_T1_test,63,37,64.23333333333333,0.5917204022407532,-0.2700158448735544
UBFC_PHYS_s15_T1_test,63,38,64.26666666666667,0.5333036184310913,-0.5449899571263935
UBFC_PHYS_s15_T1_test,63,39,64.3,0.5535225868225098,-0.8383983568907105
UBFC_PHYS_s15_T1_test,63,40,64.33333333333333,0.5990973114967346,-1.1152275025539893
UBFC_PHYS_s15_T1_test,63,41,64.36666666666666,0.6400179862976074,-1.3239738634650573
UBFC_PHYS_s15_T1_test,63,42,64.4,0.6950553059577942,-1.407703539775489
UBFC_PHYS_s15_T1_test,63,43,64.43333333333334,0.7396837472915649,-1.3197051820092365
UBFC_PHYS_s15_T1_test,63,44,64.46666666666667,0.6954222321510315,-1.0398792003695785
UBFC_PHYS_s15_T1_test,63,45,64.5,0.563081681728363,-0.5865255083710996
UBFC_PHYS_s15_T1_test,63,46,64.53333333333333,0.42359593510627747,-0.01864903234069125
UBFC_PHYS_s15_T1_test,63,47,64.56666666666666,0.24990984797477722,0.5736298493610019
UBFC_PHYS_s15_T1_test,63,48,64.6,-0.09377386420965195,1.089276845456881
UBFC_PHYS_s15_T1_test,63,49,64.63333333333334,-0.616203248500824,1.4420290409381327
UBFC_PHYS_s15_T1_test,63,50,64.66666666666667,-1.0350273847579956,1.583662489094205
UBFC_PHYS_s15_T1_test,63,51,64.7,-0.9560633301734924,1.516380945613762
UBFC_PHYS_s15_T1_test,63,52,64.73333333333333,-0.3212226927280426,1.2884728280131739
UBFC_PHYS_s15_T1_test,63,53,64.76666666666667,0.42776718735694885,0.9736503955628061
UBFC_PHYS_s15_T1_test,63,54,64.8,0.8272027373313904,0.642530709722216
UBFC_PHYS_s15_T1_test,63,55,64.83333333333333,0.8463788628578186,0.33923608035527963
UBFC_PHYS_s15_T1_test,63,56,64.86666666666666,0.6735424995422363,0.07316485347700201
UBFC_PHYS_s15_T1_test,63,57,64.9,0.44657641649246216,-0.17243489153077743
UBFC_PHYS_s15_T1_test,63,58,64.93333333333334,0.28206321597099304,-0.4219481881810059
UBFC_PHYS_s15_T1_test,63,59,64.96666666666667,0.32653722167015076,-0.6891051918721898
UBFC_PHYS_s15_T1_test,63,60,65.0,0.6436099410057068,-0.9658267985216473
UBFC_PHYS_s15_T1_test,63,61,65.03333333333333,1.1125082969665527,-1.2199146554629086
UBFC_PHYS_s15_T1_test,63,62,65.06666666666666,1.4875149726867676,-1.400915200060872
UBFC_PHYS_s15_T1_test,63,63,65.1,1.5874124765396118,-1.4529506697315648
UBFC_PHYS_s15_T1_test,63,64,65.13333333333334,1.400594711303711,-1.3319013446715884
UBFC_PHYS_s15_T1_test,63,65,65.16666666666667,1.0632450580596924,-1.0222695530647332
UBFC_PHYS_s15_T1_test,63,66,65.2,0.6976044178009033,-0.5480587921949645
UBFC_PHYS_s15_T1_test,63,67,65.23333333333333,0.25952690839767456,0.026961305398907526
UBFC_PHYS_s15_T1_test,63,68,65.26666666666667,-0.3650207817554474,0.6111601858059086
UBFC_PHYS_s15_T1_test,63,69,65.3,-1.0614452362060547,1.1065168971733599
UBFC_PHYS_s15_T1_test,63,70,65.33333333333333,-1.4552417993545532,1.4333556285899018
UBFC_PHYS_s15_T1_test,63,71,65.36666666666666,-1.2808798551559448,1.550427114381387
UBFC_PHYS_s15_T1_test,63,72,65.4,-0.6780960559844971,1.4637004469262138
UBFC_PHYS_s15_T1_test,63,73,65.43333333333334,-0.018170012161135674,1.2207837387458234
UBFC_PHYS_s15_T1_test,63,74,65.46666666666667,0.5135095119476318,0.8924779939100391
UBFC_PHYS_s15_T1_test,63,75,65.5,0.9680402278900146,0.5476489375571976
UBFC_PHYS_s15_T1_test,63,76,65.53333333333333,1.3125157356262207,0.2309818289635851
UBFC_PHYS_s15_T1_test,63,77,65.56666666666666,1.427785038948059,-0.04710486050064305
UBFC_PHYS_s15_T1_test,63,78,65.6,1.353590965270996,-0.30416357430629853
UBFC_PHYS_s15_T1_test,63,79,65.63333333333334,1.2062454223632812,-0.5664523843633483
UBFC_PHYS_s15_T1_test,63,80,65.66666666666667,1.0000004768371582,-0.8463660952964553
UBFC_PHYS_s15_T1_test,63,81,65.7,0.7295260429382324,-1.1274934755495019
UBFC_PHYS_s15_T1_test,63,82,65.73333333333333,0.4262995421886444,-1.3636968961072033
UBFC_PHYS_s15_T1_test,63,83,65.76666666666667,0.05922979488968849,-1.4917820678206282
UBFC_PHYS_s15_T1_test,63,84,65.8,-0.3759703040122986,-1.452380868523779
UBFC_PHYS_s15_T1_test,63,85,65.83333333333333,-0.709148645401001,-1.2117391302641678
UBFC_PHYS_s15_T1_test,63,86,65.86666666666666,-0.7731077671051025,-0.7774467043684489
UBFC_PHYS_s15_T1_test,63,87,65.9,-0.6706805229187012,-0.2030010138980814
UBFC_PHYS_s15_T1_test,63,88,65.93333333333334,-0.6948968768119812,0.42104006188809506
UBFC_PHYS_s15_T1_test,63,89,65.96666666666667,-0.9500188827514648,0.9879436415711051
UBFC_PHYS_s15_T1_test,63,90,66.0,-1.1320667266845703,1.4023847781156096
UBFC_PHYS_s15_T1_test,63,91,66.03333333333333,-0.7887885570526123,1.6059988683656403
UBFC_PHYS_s15_T1_test,63,92,66.06666666666666,0.058669764548540115,1.5911594303153749
UBFC_PHYS_s15_T1_test,63,93,66.1,0.9343805909156799,1.3970189130491655
UBFC_PHYS_s15_T1_test,63,94,66.13333333333334,1.4386379718780518,1.0901163347136875
UBFC_PHYS_s15_T1_test,63,95,66.16666666666667,1.5460282564163208,0.7390852315022944
UBFC_PHYS_s15_T1_test,63,96,66.2,1.4046307802200317,0.3940945622416226
UBFC_PHYS_s15_T1_test,63,97,66.23333333333333,1.1821835041046143,0.07748141932614912
UBFC_PHYS_s15_T1_test,63,98,66.26666666666667,1.0840047597885132,-0.21354500905910734
UBFC_PHYS_s15_T1_test,63,99,66.3,1.1907384395599365,-0.49529981378086924
UBFC_PHYS_s15_T1_test,63,100,66.33333333333333,1.3242377042770386,-0.7818809481198752
UBFC_PHYS_s15_T1_test,63,101,66.36666666666666,1.287874460220337,-1.0704090218531706
UBFC_PHYS_s15_T1_test,63,102,66.4,1.0813591480255127,-1.3325785200681257
UBFC_PHYS_s15_T1_test,63,103,66.43333333333334,0.808586597442627,-1.5167863073704861
UBFC_PHYS_s15_T1_test,63,104,66.46666666666667,0.5378610491752625,-1.5616285361294329
UBFC_PHYS_s15_T1_test,63,105,66.5,0.2812328338623047,-1.4169032092166445
UBFC_PHYS_s15_T1_test,63,106,66.53333333333333,-0.012646971270442009,-1.0647492779344425
UBFC_PHYS_s15_T1_test,63,107,66.56666666666666,-0.40874162316322327,-0.5328888198895473
UBFC_PHYS_s15_T1_test,63,108,66.6,-0.9196807742118835,0.1055163916588713
UBFC_PHYS_s15_T1_test,63,109,66.63333333333334,-1.4475752115249634,0.7464098186227182
UBFC_PHYS_s15_T1_test,63,110,66.66666666666667,-1.7190345525741577,1.2801614299454174
UBFC_PHYS_s15_T1_test,63,111,66.7,-1.4749201536178589,1.620270768766215
UBFC_PHYS_s15_T1_test,63,112,66.73333333333333,-0.8239931464195251,1.7260511340038296
UBFC_PHYS_s15_T1_test,63,113,66.76666666666667,-0.1472855508327484,1.6109355754219226
UBFC_PHYS_s15_T1_test,63,114,66.8,0.34820452332496643,1.3327538947207667
UBFC_PHYS_s15_T1_test,63,115,66.83333333333333,0.6655282974243164,0.9695942354916608
UBFC_PHYS_s15_T1_test,63,116,66.86666666666666,0.7567743062973022,0.5916244077731032
UBFC_PHYS_s15_T1_test,63,117,66.9,0.6042147874832153,0.24103512510389405
UBFC_PHYS_s15_T1_test,63,118,66.93333333333334,0.39368268847465515,-0.07279713089973425
UBFC_PHYS_s15_T1_test,63,119,66.96666666666667,0.3357680141925812,-0.3638337731988927
UBFC_PHYS_s15_T1_test,63,120,67.0,0.41940540075302124,-0.6521156327396074
UBFC_PHYS_s15_T1_test,63,121,67.03333333333333,0.500686764717102,-0.946566513332272
UBFC_PHYS_s15_T1_test,63,122,67.06666666666666,0.5092610120773315,-1.2336934055885305
UBFC_PHYS_s15_T1_test,63,123,67.1,0.4370173215866089,-1.4750626650149723
UBFC_PHYS_s15_T1_test,63,124,67.13333333333334,0.28069210052490234,-1.6142678726229307
UBFC_PHYS_s15_T1_test,63,125,67.16666666666667,0.06880821287631989,-1.5922703570866028
UBFC_PHYS_s15_T1_test,63,126,67.2,-0.1447557657957077,-1.3675689495856045
UBFC_PHYS_s15_T1_test,63,127,67.23333333333333,-0.33244258165359497,-0.9352228233201824
UBFC_PHYS_s15_T1_test,63,128,67.26666666666667,-0.5168657898902893,-0.337702690816459
UBFC_PHYS_s15_T1_test,63,129,67.3,-0.7344658374786377,0.33805187252549657
UBFC_PHYS_s15_T1_test,63,130,67.33333333333333,-0.9557543396949768,0.9788751751237544
UBFC_PHYS_s15_T1_test,63,131,67.36666666666666,-1.033270001411438,1.4744759262756926
UBFC_PHYS_s15_T1_test,63,132,67.4,-0.7942537069320679,1.7475085355276534
UBFC_PHYS_s15_T1_test,63,133,67.43333333333334,-0.25512000918388367,1.7733129386149131
UBFC_PHYS_s15_T1_test,63,134,67.46666666666667,0.3579953610897064,1.5822836833011829
UBFC_PHYS_s15_T1_test,63,135,67.5,0.8547793030738831,1.245006505609282
UBFC_PHYS_s15_T1_test,63,136,67.53333333333333,1.178707480430603,0.8464024068685619
UBFC_PHYS_s15_T1_test,63,137,67.56666666666666,1.2742406129837036,0.45842965515422374
UBFC_PHYS_s15_T1_test,63,138,67.6,1.1187844276428223,0.12104708080713533
UBFC_PHYS_s15_T1_test,63,139,67.63333333333334,0.910666286945343,-0.16220205107120658
UBFC_PHYS_s15_T1_test,63,140,67.66666666666667,0.9026713967323303,-0.4136857421957758
UBFC_PHYS_s15_T1_test,63,141,67.7,1.0693668127059937,-0.6619221036221872
UBFC_PHYS_s15_T1_test,63,142,67.73333333333333,1.1818166971206665,-0.9212580068399489
UBFC_PHYS_s15_T1_test,63,143,67.76666666666667,1.125891089439392,-1.178955783225519
UBFC_PHYS_s15_T1_test,63,144,67.8,0.9493275880813599,-1.3940929356868967
UBFC_PHYS_s15_T1_test,63,145,67.83333333333333,0.6926606893539429,-1.5082176711652813
UBFC_PHYS_s15_T1_test,63,146,67.86666666666666,0.4012720584869385,-1.4640947792984484
UBFC_PHYS_s15_T1_test,63,147,67.9,0.1717955321073532,-1.2267100284314794
UBFC_PHYS_s15_T1_test,63,148,67.93333333333334,0.00927138701081276,-0.7999478506267856
UBFC_PHYS_s15_T1_test,63,149,67.96666666666667,-0.22997666895389557,-0.2330786266936385
UBFC_PHYS_s15_T1_test,63,150,68.0,-0.6257237195968628,0.38643352475881054
UBFC_PHYS_s15_T1_test,63,151,68.03333333333333,-1.0140745639801025,0.9531907063827495
UBFC_PHYS_s15_T1_test,63,152,68.06666666666666,-1.1169846057891846,1.3715417738900748
UBFC_PHYS_s15_T1_test,63,153,68.1,-0.8436713814735413,1.581218182885684
UBFC_PHYS_s15_T1_test,63,154,68.13333333333334,-0.4126618206501007,1.5712403651497162
UBFC_PHYS_s15_T1_test,63,155,68.16666666666667,-0.09562774747610092,1.3769921683416213
UBFC_PHYS_s15_T1_test,63,156,68.2,0.07446642965078354,1.0631235307717875
UBFC_PHYS_s15_T1_test,63,157,68.23333333333333,0.17003819346427917,0.7007463205756164
UBFC_PHYS_s15_T1_test,63,158,68.26666666666667,0.14997373521327972,0.3475168455106181
UBFC_PHYS_s15_T1_test,63,159,68.3,0.010217641480267048,0.0357497768382887
UBFC_PHYS_s15_T1_test,63,160,68.33333333333333,-0.0824960470199585,-0.22957663552134874
UBFC_PHYS_s15_T1_test,63,161,68.36666666666666,0.00027230760315433145,-0.4634364423610745
UBFC_PHYS_s15_T1_test,63,162,68.4,0.1949111968278885,-0.6867103576789938
UBFC_PHYS_s15_T1_test,63,163,68.43333333333334,0.37545281648635864,-0.9102655664715755
UBFC_PHYS_s15_T1_test,63,164,68.46666666666667,0.48031333088874817,-1.1231386041290732
UBFC_PHYS_s15_T1_test,63,165,68.5,0.4672009348869324,-1.2899678078286119
UBFC_PHYS_s15_T1_test,63,166,68.53333333333333,0.31580010056495667,-1.3595643659784156
UBFC_PHYS_s15_T1_test,63,167,68.56666666666666,0.13191764056682587,-1.282144178299075
UBFC_PHYS_s15_T1_test,63,168,68.6,0.04260274022817612,-1.0292587086652518
UBFC_PHYS_s15_T1_test,63,169,68.63333333333334,0.0217658169567585,-0.6092473025050105
UBFC_PHYS_s15_T1_test,63,170,68.66666666666667,-0.08500652015209198,-0.0724048970467788
UBFC_PHYS_s15_T1_test,63,171,68.7,-0.3700610399246216,0.49688783831593714
UBFC_PHYS_s15_T1_test,63,172,68.73333333333333,-0.7665805816650391,1.0000900839123124
UBFC_PHYS_s15_T1_test,63,173,68.76666666666667,-1.0625267028808594,1.3511994310340791
UBFC_PHYS_s15_T1_test,63,174,68.8,-0.9800480008125305,1.5009853004622096
UBFC_PHYS_s15_T1_test,63,175,68.83333333333333,-0.46939852833747864,1.4489270982665325
UBFC_PHYS_s15_T1_test,63,176,68.86666666666666,0.1384255588054657,1.2377924003342737
UBFC_PHYS_s15_T1_test,63,177,68.9,0.47965672612190247,0.9339035739163348
UBFC_PHYS_s15_T1_test,63,178,68.93333333333334,0.5526149272918701,0.603005714115231
UBFC_PHYS_s15_T1_test,63,179,68.96666666666667,0.5598180294036865,0.2925003308053092
UBFC_PHYS_s15_T1_test,63,180,69.0,0.5680060386657715,0.02487326852857983
UBFC_PHYS_s15_T1_test,63,181,69.03333333333333,0.5315462946891785,-0.19965428278471364
UBFC_PHYS_s15_T1_test,63,182,69.06666666666666,0.46407249569892883,-0.3952564531456635
UBFC_PHYS_s15_T1_test,63,183,69.1,0.40399494767189026,-0.5800745806894098
UBFC_PHYS_s15_T1_test,63,184,69.13333333333334,0.3573194742202759,-0.7650851002589513
UBFC_PHYS_s15_T1_test,63,185,69.16666666666667,0.31058603525161743,-0.9448436065320753
UBFC_PHYS_s15_T1_test,63,186,69.2,0.23673953115940094,-1.0936651298747235
UBFC_PHYS_s15_T1_test,63,187,69.23333333333333,0.11125451326370239,-1.170211279467177
UBFC_PHYS_s15_T1_test,63,188,69.26666666666667,-0.04698251560330391,-1.1304927785739085
UBFC_PHYS_s15_T1_test,63,189,69.3,-0.20048826932907104,-0.9453838729875086
UBFC_PHYS_s15_T1_test,63,190,69.33333333333333,-0.3312259614467621,-0.6161318533230178
UBFC_PHYS_s15_T1_test,63,191,69.36666666666666,-0.41571301221847534,-0.18136361186248756
UBFC_PHYS_s15_T1_test,63,192,69.4,-0.46003252267837524,0.28819139538510913
UBFC_PHYS_s15_T1_test,63,193,69.43333333333334,-0.5488646626472473,0.7068078208911562
UBFC_PHYS_s15_T1_test,63,194,69.46666666666667,-0.7757341265678406,0.997993402266606
UBFC_PHYS_s15_T1_test,63,195,69.5,-1.10252046585083,1.1177498416876954
UBFC_PHYS_s15_T1_test,63,196,69.53333333333333,-1.297622799873352,1.0675019890068016
UBFC_PHYS_s15_T1_test,63,197,69.56666666666666,-1.113315463066101,0.8904184304189567
UBFC_PHYS_s15_T1_test,63,198,69.6,-0.5577092170715332,0.6524323487083811
UBFC_PHYS_s15_T1_test,63,199,69.63333333333334,0.08037570118904114,0.4168876517652019
UBFC_PHYS_s15_T1_test,63,200,69.66666666666667,0.5272591710090637,0.22431285081336305
UBFC_PHYS_s15_T1_test,63,201,69.7,0.739027202129364,0.08502365256227236
UBFC_PHYS_s15_T1_test,63,202,69.73333333333333,0.7970191240310669,-0.015339120237767439
UBFC_PHYS_s15_T1_test,63,203,69.76666666666667,0.75515216588974,-0.1032755977502934
UBFC_PHYS_s15_T1_test,63,204,69.8,0.6531690359115601,-0.20458940619348048
UBFC_PHYS_s15_T1_test,63,205,69.83333333333333,0.5539087653160095,-0.33491450972319203
UBFC_PHYS_s15_T1_test,63,206,69.86666666666666,0.5083726644515991,-0.49419076875242757
UBFC_PHYS_s15_T1_test,63,207,69.9,0.5189939141273499,-0.6646504775381877
UBFC_PHYS_s15_T1_test,63,208,69.93333333333334,0.5372624397277832,-0.8127596562385571
UBFC_PHYS_s15_T1_test,63,209,69.96666666666667,0.48917722702026367,-0.8962291250570492
UBFC_PHYS_s15_T1_test,63,210,70.0,0.3249729871749878,-0.8758809154111599
UBFC_PHYS_s15_T1_test,63,211,70.03333333333333,0.057511087507009506,-0.729490802202458
UBFC_PHYS_s15_T1_test,63,212,70.06666666666666,-0.21898852288722992,-0.46269782959445227
UBFC_PHYS_s15_T1_test,63,213,70.1,-0.38402312994003296,-0.11224351985777192
UBFC_PHYS_s15_T1_test,63,214,70.13333333333334,-0.39252012968063354,0.26060408489354875
UBFC_PHYS_s15_T1_test,63,215,70.16666666666667,-0.3487992584705353,0.5851835148588109
UBFC_PHYS_s15_T1_test,63,216,70.2,-0.3983328342437744,0.8012536025305388
UBFC_PHYS_s15_T1_test,63,217,70.23333333333333,-0.5553532242774963,0.8776135084194114
UBFC_PHYS_s15_T1_test,63,218,70.26666666666667,-0.6881765723228455,0.822381855383905
UBFC_PHYS_s15_T1_test,63,219,70.3,-0.6161066889762878,0.6794128376138696
UBFC_PHYS_s15_T1_test,63,220,70.33333333333333,-0.23283474147319794,0.5109640435483674
UBFC_PHYS_s15_T1_test,63,221,70.36666666666666,0.3630935549736023,0.37353480016683127
UBFC_PHYS_s15_T1_test,63,222,70.4,0.8588926196098328,0.29750597015876834
UBFC_PHYS_s15_T1_test,63,223,70.43333333333334,1.010428547859192,0.2793336344911465
UBFC_PHYS_s15_T1_test,63,224,70.46666666666667,0.8779721856117249,0.2883359211438182
UBFC_PHYS_s15_T1_test,63,225,70.5,0.6569347381591797,0.282970784838253
UBFC_PHYS_s15_T1_test,63,226,70.53333333333333,0.43301987648010254,0.22831442496184085
UBFC_PHYS_s15_T1_test,63,227,70.56666666666666,0.24274535477161407,0.10796496305412402
UBFC_PHYS_s15_T1_test,63,228,70.6,0.16536486148834229,-0.07224084231638161
UBFC_PHYS_s15_T1_test,63,229,70.63333333333334,0.2141645848751068,-0.28756735259776794
UBFC_PHYS_s15_T1_test,63,230,70.66666666666667,0.33057326078414917,-0.5022445723347526
UBFC_PHYS_s15_T1_test,63,231,70.7,0.48058366775512695,-0.6794570296866528
UBFC_PHYS_s15_T1_test,63,232,70.73333333333333,0.6041182279586792,-0.791094888874073
UBFC_PHYS_s15_T1_test,63,233,70.76666666666667,0.5733360052108765,-0.8245857294967618
UBFC_PHYS_s15_T1_test,63,234,70.8,0.3562573492527008,-0.7843105255515818
UBFC_PHYS_s15_T1_test,63,235,70.83333333333333,0.05306947976350784,-0.6869795601937733
UBFC_PHYS_s15_T1_test,63,236,70.86666666666666,-0.28686782717704773,-0.5536134305018353
UBFC_PHYS_s15_T1_test,63,237,70.9,-0.6867861747741699,-0.40248002821282336
UBFC_PHYS_s15_T1_test,63,238,70.93333333333334,-1.118124008178711,-0.24557838755791542
UBFC_PHYS_s15_T1_test,63,239,70.96666666666667,-1.4640864133834839,-0.0885329130608038
UBFC_PHYS_s15_T1_test,64,0,64.0,-1.6149464845657349,-0.14523137421774124
UBFC_PHYS_s15_T1_test,64,1,64.03333333333333,-1.0269359350204468,0.28411529662393975
UBFC_PHYS_s15_T1_test,64,2,64.06666666666666,-0.2250329703092575,0.651592069836127
UBFC_PHYS_s15_T1_test,64,3,64.1,0.37856191396713257,0.9027562316247452
UBFC_PHYS_s15_T1_test,64,4,64.13333333333334,0.6848589181900024,1.0064037739489213
UBFC_PHYS_s15_T1_test,64,5,64.16666666666667,0.7681679725646973,0.9598055172132813
UBFC_PHYS_s15_T1_test,64,6,64.2,0.7046144008636475,0.7855121813308408
UBFC_PHYS_s15_T1_test,64,7,64.23333333333333,0.5917204022407532,0.5207751872341337
UBFC_PHYS_s15_T1_test,64,8,64.26666666666667,0.5333036184310913,0.2055142524142383
UBFC_PHYS_s15_T1_test,64,9,64.3,0.5535225868225098,-0.12422183921106149
UBFC_PHYS_s15_T1_test,64,10,64.33333333333333,0.5990973114967346,-0.43528900427539424
UBFC_PHYS_s15_T1_test,64,11,64.36666666666666,0.6400179862976074,-0.693334737415495
UBFC_PHYS_s15_T1_test,64,12,64.4,0.6950553059577942,-0.8620092634818035
UBFC_PHYS_s15_T1_test,64,13,64.43333333333334,0.7396837472915649,-0.9088274794311604
UBFC_PHYS_s15_T1_test,64,14,64.46666666666667,0.6954222321510315,-0.8155050130311092
UBFC_PHYS_s15_T1_test,64,15,64.5,0.563081681728363,-0.5872304867844854
UBFC_PHYS_s15_T1_test,64,16,64.53333333333333,0.42359593510627747,-0.25640189760652
UBFC_PHYS_s15_T1_test,64,17,64.56666666666666,0.24990984797477722,0.1209570195632518
UBFC_PHYS_s15_T1_test,64,18,64.6,-0.09377386420965195,0.4765214389419656
UBFC_PHYS_s15_T1_test,64,19,64.63333333333334,-0.616203248500824,0.7473672864738483
UBFC_PHYS_s15_T1_test,64,20,64.66666666666667,-1.0350273847579956,0.8947260325079979
UBFC_PHYS_s15_T1_test,64,21,64.7,-0.9560633301734924,0.9153043283423983
UBFC_PHYS_s15_T1_test,64,22,64.73333333333333,-0.3212226927280426,0.8382721297238147
UBFC_PHYS_s15_T1_test,64,23,64.76666666666667,0.42776718735694885,0.7079446102077858
UBFC_PHYS_s15_T1_test,64,24,64.8,0.8272027373313904,0.5609648070556339
UBFC_PHYS_s15_T1_test,64,25,64.83333333333333,0.8463788628578186,0.4108245000334108
UBFC_PHYS_s15_T1_test,64,26,64.86666666666666,0.6735424995422363,0.24785608840677484
UBFC_PHYS_s15_T1_test,64,27,64.9,0.44657641649246216,0.052936962876118356
UBFC_PHYS_s15_T1_test,64,28,64.93333333333334,0.28206321597099304,-0.18485937550333117
UBFC_PHYS_s15_T1_test,64,29,64.96666666666667,0.32653722167015076,-0.457267646763982
UBFC_PHYS_s15_T1_test,64,30,65.0,0.6436099410057068,-0.7365991495646451
UBFC_PHYS_s15_T1_test,64,31,65.03333333333333,1.1125082969665527,-0.9829360371262819
UBFC_PHYS_s15_T1_test,64,32,65.06666666666666,1.4875149726867676,-1.1532230859686337
UBFC_PHYS_s15_T1_test,64,33,65.1,1.5874124765396118,-1.2093391359621186
UBFC_PHYS_s15_T1_test,64,34,65.13333333333334,1.400594711303711,-1.1255059092352158
UBFC_PHYS_s15_T1_test,64,35,65.16666666666667,1.0632450580596924,-0.8959310247131883
UBFC_PHYS_s15_T1_test,64,36,65.2,0.6976044178009033,-0.5409605341138872
UBFC_PHYS_s15_T1_test,64,37,65.23333333333333,0.25952690839767456,-0.10773280058910734
UBFC_PHYS_s15_T1_test,64,38,65.26666666666667,-0.3650207817554474,0.33738788909908035
UBFC_PHYS_s15_T1_test,64,39,65.3,-1.0614452362060547,0.7235892932330765
UBFC_PHYS_s15_T1_test,64,40,65.33333333333333,-1.4552417993545532,0.9932926973484655
UBFC_PHYS_s15_T1_test,64,41,65.36666666666666,-1.2808798551559448,1.116910554749732
UBFC_PHYS_s15_T1_test,64,42,65.4,-0.6780960559844971,1.099332975887456
UBFC_PHYS_s15_T1_test,64,43,65.43333333333334,-0.018170012161135674,0.9751533076195429
UBFC_PHYS_s15_T1_test,64,44,65.46666666666667,0.5135095119476318,0.7934362218192966
UBFC_PHYS_s15_T1_test,64,45,65.5,0.9680402278900146,0.5972694326729437
UBFC_PHYS_s15_T1_test,64,46,65.53333333333333,1.3125157356262207,0.40677081241413576
UBFC_PHYS_s15_T1_test,64,47,65.56666666666666,1.427785038948059,0.21401707069150494
UBFC_PHYS_s15_T1_test,64,48,65.6,1.353590965270996,-0.006749406925348039
UBFC_PHYS_s15_T1_test,64,49,65.63333333333334,1.2062454223632812,-0.2781653239359115
UBFC_PHYS_s15_T1_test,64,50,65.66666666666667,1.0000004768371582,-0.5989029503069915
UBFC_PHYS_s15_T1_test,64,51,65.7,0.7295260429382324,-0.9340912562746314
UBFC_PHYS_s15_T1_test,64,52,65.73333333333333,0.4262995421886444,-1.221518060808256
UBFC_PHYS_s15_T1_test,64,53,65.76666666666667,0.05922979488968849,-1.3897692010062574
UBFC_PHYS_s15_T1_test,64,54,65.8,-0.3759703040122986,-1.3802053362609121
UBFC_PHYS_s15_T1_test,64,55,65.83333333333333,-0.709148645401001,-1.1653718136102258
UBFC_PHYS_s15_T1_test,64,56,65.86666666666666,-0.7731077671051025,-0.7595548312497791
UBFC_PHYS_s15_T1_test,64,57,65.9,-0.6706805229187012,-0.21968795169347596
UBFC_PHYS_s15_T1_test,64,58,65.93333333333334,-0.6948968768119812,0.3644497744896943
UBFC_PHYS_s15_T1_test,64,59,65.96666666666667,-0.9500188827514648,0.8905536234480196
UBFC_PHYS_s15_T1_test,64,60,66.0,-1.1320667266845703,1.2705843609676264
UBFC_PHYS_s15_T1_test,64,61,66.03333333333333,-0.7887885570526123,1.45512628385419
UBFC_PHYS_s15_T1_test,64,62,66.06666666666666,0.058669764548540115,1.444507708557509
UBFC_PHYS_s15_T1_test,64,63,66.1,0.9343805909156799,1.2807385022617697
UBFC_PHYS_s15_T1_test,64,64,66.13333333333334,1.4386379718780518,1.0249707278612175
UBFC_PHYS_s15_T1_test,64,65,66.16666666666667,1.5460282564163208,0.7330680014410196
UBFC_PHYS_s15_T1_test,64,66,66.2,1.4046307802200317,0.44017495113192706
UBFC_PHYS_s15_T1_test,64,67,66.23333333333333,1.1821835041046143,0.1576041627218029
UBFC_PHYS_s15_T1_test,64,68,66.26666666666667,1.0840047597885132,-0.12077394611344293
UBFC_PHYS_s15_T1_test,64,69,66.3,1.1907384395599365,-0.4073263082587607
UBFC_PHYS_s15_T1_test,64,70,66.33333333333333,1.3242377042770386,-0.7082128976309812
UBFC_PHYS_s15_T1_test,64,71,66.36666666666666,1.287874460220337,-1.012407064299677
UBFC_PHYS_s15_T1_test,64,72,66.4,1.0813591480255127,-1.2859276562596562
UBFC_PHYS_s15_T1_test,64,73,66.43333333333334,0.808586597442627,-1.4754139343667934
UBFC_PHYS_s15_T1_test,64,74,66.46666666666667,0.5378610491752625,-1.5221328914164713
UBFC_PHYS_s15_T1_test,64,75,66.5,0.2812328338623047,-1.38232493667969
UBFC_PHYS_s15_T1_test,64,76,66.53333333333333,-0.012646971270442009,-1.0458982084858033
UBFC_PHYS_s15_T1_test,64,77,66.56666666666666,-0.40874162316322327,-0.5456354084096816
UBFC_PHYS_s15_T1_test,64,78,66.6,-0.9196807742118835,0.046586639828269216
UBFC_PHYS_s15_T1_test,64,79,66.63333333333334,-1.4475752115249634,0.6350621427197597
UBFC_PHYS_s15_T1_test,64,80,66.66666666666667,-1.7190345525741577,1.1228950566969593
UBFC_PHYS_s15_T1_test,64,81,66.7,-1.4749201536178589,1.4365091314060345
UBFC_PHYS_s15_T1_test,64,82,66.73333333333333,-0.8239931464195251,1.5447305328543892
UBFC_PHYS_s15_T1_test,64,83,66.76666666666667,-0.1472855508327484,1.4647523443935466
UBFC_PHYS_s15_T1_test,64,84,66.8,0.34820452332496643,1.2508777878440491
UBFC_PHYS_s15_T1_test,64,85,66.83333333333333,0.6655282974243164,0.9695907877707132
UBFC_PHYS_s15_T1_test,64,86,66.86666666666666,0.7567743062973022,0.6726856729564954
UBFC_PHYS_s15_T1_test,64,87,66.9,0.6042147874832153,0.38210432177270426
UBFC_PHYS_s15_T1_test,64,88,66.93333333333334,0.39368268847465515,0.09262120311193006
UBFC_PHYS_s15_T1_test,64,89,66.96666666666667,0.3357680141925812,-0.21225603082866562
UBFC_PHYS_s15_T1_test,64,90,67.0,0.41940540075302124,-0.5416306046869465
UBFC_PHYS_s15_T1_test,64,91,67.03333333333333,0.500686764717102,-0.8848755849127468
UBFC_PHYS_s15_T1_test,64,92,67.06666666666666,0.5092610120773315,-1.2089138225147622
UBFC_PHYS_s15_T1_test,64,93,67.1,0.4370173215866089,-1.4635049823548205
UBFC_PHYS_s15_T1_test,64,94,67.13333333333334,0.28069210052490234,-1.592025480348828
UBFC_PHYS_s15_T1_test,64,95,67.16666666666667,0.06880821287631989,-1.546073478887095
UBFC_PHYS_s15_T1_test,64,96,67.2,-0.1447557657957077,-1.301451735955581
UBFC_PHYS_s15_T1_test,64,97,67.23333333333333,-0.33244258165359497,-0.870944172188073
UBFC_PHYS_s15_T1_test,64,98,67.26666666666667,-0.5168657898902893,-0.3081973205377105
UBFC_PHYS_s15_T1_test,64,99,67.3,-0.7344658374786377,0.3010605117628722
UBFC_PHYS_s15_T1_test,64,100,67.33333333333333,-0.9557543396949768,0.8592158021805617
UBFC_PHYS_s15_T1_test,64,101,67.36666666666666,-1.033270001411438,1.281741707948462
UBFC_PHYS_s15_T1_test,64,102,67.4,-0.7942537069320679,1.5178424968276085
UBFC_PHYS_s15_T1_test,64,103,67.43333333333334,-0.25512000918388367,1.5595830212174397
UBFC_PHYS_s15_T1_test,64,104,67.46666666666667,0.3579953610897064,1.4375078612542789
UBFC_PHYS_s15_T1_test,64,105,67.5,0.8547793030738831,1.2057477113278465
UBFC_PHYS_s15_T1_test,64,106,67.53333333333333,1.178707480430603,0.9219117839958687
UBFC_PHYS_s15_T1_test,64,107,67.56666666666666,1.2742406129837036,0.628011894933336
UBFC_PHYS_s15_T1_test,64,108,67.6,1.1187844276428223,0.3394918922088846
UBFC_PHYS_s15_T1_test,64,109,67.63333333333334,0.910666286945343,0.04756592687965655
UBFC_PHYS_s15_T1_test,64,110,67.66666666666667,0.9026713967323303,-0.2661200474253785
UBFC_PHYS_s15_T1_test,64,111,67.7,1.0693668127059937,-0.6100818599927181
UBFC_PHYS_s15_T1_test,64,112,67.73333333333333,1.1818166971206665,-0.9685457008475821
UBFC_PHYS_s15_T1_test,64,113,67.76666666666667,1.125891089439392,-1.298516121288628
UBFC_PHYS_s15_T1_test,64,114,67.8,0.9493275880813599,-1.5389999748041134
UBFC_PHYS_s15_T1_test,64,115,67.83333333333333,0.6926606893539429,-1.6280430607198868
UBFC_PHYS_s15_T1_test,64,116,67.86666666666666,0.4012720584869385,-1.5216149576651574
UBFC_PHYS_s15_T1_test,64,117,67.9,0.1717955321073532,-1.2091988741380175
UBFC_PHYS_s15_T1_test,64,118,67.93333333333334,0.00927138701081276,-0.7221309502262299
UBFC_PHYS_s15_T1_test,64,119,67.96666666666667,-0.22997666895389557,-0.13155019481089192
UBFC_PHYS_s15_T1_test,64,120,68.0,-0.6257237195968628,0.4658652115750345
UBFC_PHYS_s15_T1_test,64,121,68.03333333333333,-1.0140745639801025,0.9724794103880285
UBFC_PHYS_s15_T1_test,64,122,68.06666666666666,-1.1169846057891846,1.3167619987455317
UBFC_PHYS_s15_T1_test,64,123,68.1,-0.8436713814735413,1.471392131661707
UBFC_PHYS_s15_T1_test,64,124,68.13333333333334,-0.4126618206501007,1.4539671435456822
UBFC_PHYS_s15_T1_test,64,125,68.16666666666667,-0.09562774747610092,1.310698180308677
UBFC_PHYS_s15_T1_test,64,126,68.2,0.07446642965078354,1.092911597242216
UBFC_PHYS_s15_T1_test,64,127,68.23333333333333,0.17003819346427917,0.8389858327504918
UBFC_PHYS_s15_T1_test,64,128,68.26666666666667,0.14997373521327972,0.5679942982452008
UBFC_PHYS_s15_T1_test,64,129,68.3,0.010217641480267048,0.2829289423054833
UBFC_PHYS_s15_T1_test,64,130,68.33333333333333,-0.0824960470199585,-0.021427874638443305
UBFC_PHYS_s15_T1_test,64,131,68.36666666666666,0.00027230760315433145,-0.34922220649479907
UBFC_PHYS_s15_T1_test,64,132,68.4,0.1949111968278885,-0.6945366078479136
UBFC_PHYS_s15_T1_test,64,133,68.43333333333334,0.37545281648635864,-1.0346625230221391
UBFC_PHYS_s15_T1_test,64,134,68.46666666666667,0.48031333088874817,-1.328635354765873
UBFC_PHYS_s15_T1_test,64,135,68.5,0.4672009348869324,-1.523522763331741
UBFC_PHYS_s15_T1_test,64,136,68.53333333333333,0.31580010056495667,-1.5678505188481782
UBFC_PHYS_s15_T1_test,64,137,68.56666666666666,0.13191764056682587,-1.4279375387862965
UBFC_PHYS_s15_T1_test,64,138,68.6,0.04260274022817612,-1.101430276414516
UBFC_PHYS_s15_T1_test,64,139,68.63333333333334,0.0217658169567585,-0.6233048897488614
UBFC_PHYS_s15_T1_test,64,140,68.66666666666667,-0.08500652015209198,-0.061946341051535514
UBFC_PHYS_s15_T1_test,64,141,68.7,-0.3700610399246216,0.4945486474486237
UBFC_PHYS_s15_T1_test,64,142,68.73333333333333,-0.7665805816650391,0.959360696142351
UBFC_PHYS_s15_T1_test,64,143,68.76666666666667,-1.0625267028808594,1.2698409106484894
UBFC_PHYS_s15_T1_test,64,144,68.8,-0.9800480008125305,1.4038986279371721
UBFC_PHYS_s15_T1_test,64,145,68.83333333333333,-0.46939852833747864,1.3817824356510717
UBFC_PHYS_s15_T1_test,64,146,68.86666666666666,0.1384255588054657,1.2511519289219
UBFC_PHYS_s15_T1_test,64,147,68.9,0.47965672612190247,1.0624098895795349
UBFC_PHYS_s15_T1_test,64,148,68.93333333333334,0.5526149272918701,0.8476204737810447
UBFC_PHYS_s15_T1_test,64,149,68.96666666666667,0.5598180294036865,0.6141776487797396
UBFC_PHYS_s15_T1_test,64,150,69.0,0.5680060386657715,0.3537128823815886
UBFC_PHYS_s15_T1_test,64,151,69.03333333333333,0.5315462946891785,0.057027868973846686
UBFC_PHYS_s15_T1_test,64,152,69.06666666666666,0.46407249569892883,-0.2745342929283849
UBFC_PHYS_s15_T1_test,64,153,69.1,0.40399494767189026,-0.624784297432516
UBFC_PHYS_s15_T1_test,64,154,69.13333333333334,0.3573194742202759,-0.963728640800444
UBFC_PHYS_s15_T1_test,64,155,69.16666666666667,0.31058603525161743,-1.251175152460685
UBFC_PHYS_s15_T1_test,64,156,69.2,0.23673953115940094,-1.4422450082545375
UBFC_PHYS_s15_T1_test,64,157,69.23333333333333,0.11125451326370239,-1.4957703900414656
UBFC_PHYS_s15_T1_test,64,158,69.26666666666667,-0.04698251560330391,-1.3851231440206397
UBFC_PHYS_s15_T1_test,64,159,69.3,-0.20048826932907104,-1.1083088535076107
UBFC_PHYS_s15_T1_test,64,160,69.33333333333333,-0.3312259614467621,-0.6931947200799514
UBFC_PHYS_s15_T1_test,64,161,69.36666666666666,-0.41571301221847534,-0.19510192462696216
UBFC_PHYS_s15_T1_test,64,162,69.4,-0.46003252267837524,0.31340326319237927
UBFC_PHYS_s15_T1_test,64,163,69.43333333333334,-0.5488646626472473,0.7582039011429905
UBFC_PHYS_s15_T1_test,64,164,69.46666666666667,-0.7757341265678406,1.080918029058944
UBFC_PHYS_s15_T1_test,64,165,69.5,-1.10252046585083,1.2528405614693114
UBFC_PHYS_s15_T1_test,64,166,69.53333333333333,-1.297622799873352,1.2801626895220708
UBFC_PHYS_s15_T1_test,64,167,69.56666666666666,-1.113315463066101,1.1969956797792516
UBFC_PHYS_s15_T1_test,64,168,69.6,-0.5577092170715332,1.0478991860966314
UBFC_PHYS_s15_T1_test,64,169,69.63333333333334,0.08037570118904114,0.867785395050696
UBFC_PHYS_s15_T1_test,64,170,69.66666666666667,0.5272591710090637,0.6700314481164837
UBFC_PHYS_s15_T1_test,64,171,69.7,0.739027202129364,0.44941999379385994
UBFC_PHYS_s15_T1_test,64,172,69.73333333333333,0.7970191240310669,0.19620799688122562
UBFC_PHYS_s15_T1_test,64,173,69.76666666666667,0.75515216588974,-0.08979701751591286
UBFC_PHYS_s15_T1_test,64,174,69.8,0.6531690359115601,-0.39380107437538137
UBFC_PHYS_s15_T1_test,64,175,69.83333333333333,0.5539087653160095,-0.6897232301513353
UBFC_PHYS_s15_T1_test,64,176,69.86666666666666,0.5083726644515991,-0.9477566873923711
UBFC_PHYS_s15_T1_test,64,177,69.9,0.5189939141273499,-1.140270581938461
UBFC_PHYS_s15_T1_test,64,178,69.93333333333334,0.5372624397277832,-1.2442824060193975
UBFC_PHYS_s15_T1_test,64,179,69.96666666666667,0.48917722702026367,-1.2424398033476254
UBFC_PHYS_s15_T1_test,64,180,70.0,0.3249729871749878,-1.1249665228918058
UBFC_PHYS_s15_T1_test,64,181,70.03333333333333,0.057511087507009506,-0.8930201935241084
UBFC_PHYS_s15_T1_test,64,182,70.06666666666666,-0.21898852288722992,-0.5618856127569133
UBFC_PHYS_s15_T1_test,64,183,70.1,-0.38402312994003296,-0.16204231728184879
UBFC_PHYS_s15_T1_test,64,184,70.13333333333334,-0.39252012968063354,0.2626739276385775
UBFC_PHYS_s15_T1_test,64,185,70.16666666666667,-0.3487992584705353,0.6597905605015109
UBFC_PHYS_s15_T1_test,64,186,70.2,-0.3983328342437744,0.9763144558739981
UBFC_PHYS_s15_T1_test,64,187,70.23333333333333,-0.5553532242774963,1.1702905121687952
UBFC_PHYS_s15_T1_test,64,188,70.26666666666667,-0.6881765723228455,1.2227090220699526
UBFC_PHYS_s15_T1_test,64,189,70.3,-0.6161066889762878,1.1436663035494135
UBFC_PHYS_s15_T1_test,64,190,70.33333333333333,-0.23283474147319794,0.967648586810295
UBFC_PHYS_s15_T1_test,64,191,70.36666666666666,0.3630935549736023,0.7385842308203296
UBFC_PHYS_s15_T1_test,64,192,70.4,0.8588926196098328,0.49264340745442226
UBFC_PHYS_s15_T1_test,64,193,70.43333333333334,1.010428547859192,0.24886048689967671
UBFC_PHYS_s15_T1_test,64,194,70.46666666666667,0.8779721856117249,0.011343365158996976
UBFC_PHYS_s15_T1_test,64,195,70.5,0.6569347381591797,-0.2215971597962032
UBFC_PHYS_s15_T1_test,64,196,70.53333333333333,0.43301987648010254,-0.4489411213028675
UBFC_PHYS_s15_T1_test,64,197,70.56666666666666,0.24274535477161407,-0.6634446292151556
UBFC_PHYS_s15_T1_test,64,198,70.6,0.16536486148834229,-0.8523864979637734
UBFC_PHYS_s15_T1_test,64,199,70.63333333333334,0.2141645848751068,-0.9992254610138465
UBFC_PHYS_s15_T1_test,64,200,70.66666666666667,0.33057326078414917,-1.0844123823505185
UBFC_PHYS_s15_T1_test,64,201,70.7,0.48058366775512695,-1.086703606023735
UBFC_PHYS_s15_T1_test,64,202,70.73333333333333,0.6041182279586792,-0.9872655719254635
UBFC_PHYS_s15_T1_test,64,203,70.76666666666667,0.5733360052108765,-0.7768633358035046
UBFC_PHYS_s15_T1_test,64,204,70.8,0.3562573492527008,-0.46331549718231424
UBFC_PHYS_s15_T1_test,64,205,70.83333333333333,0.05306947976350784,-0.07527595199289178
UBFC_PHYS_s15_T1_test,64,206,70.86666666666666,-0.28686782717704773,0.3394887258445002
UBFC_PHYS_s15_T1_test,64,207,70.9,-0.6867861747741699,0.7207981493414418
UBFC_PHYS_s15_T1_test,64,208,70.93333333333334,-1.118124008178711,1.007148156882917
UBFC_PHYS_s15_T1_test,64,209,70.96666666666667,-1.4640864133834839,1.1505911955750223
UBFC_PHYS_s15_T1_test,64,210,71.0,-1.5949592590332031,1.1322147880371471
UBFC_PHYS_s15_T1_test,64,211,71.03333333333333,-1.4803465604782104,0.9715245486396589
UBFC_PHYS_s15_T1_test,64,212,71.06666666666666,-1.2539598941802979,0.7225119173881789
UBFC_PHYS_s15_T1_test,64,213,71.1,-1.0657323598861694,0.4545756398454069
UBFC_PHYS_s15_T1_test,64,214,71.13333333333334,-0.9632857441902161,0.22613163620287643
UBFC_PHYS_s15_T1_test,64,215,71.16666666666667,-0.9189662337303162,0.06462234367076253
UBFC_PHYS_s15_T1_test,64,216,71.2,-0.9181745052337646,-0.03732914384617829
UBFC_PHYS_s15_T1_test,64,217,71.23333333333333,-0.9642706513404846,-0.10992120002198848
UBFC_PHYS_s15_T1_test,64,218,71.26666666666667,-1.0118730068206787,-0.18689813115565224
UBFC_PHYS_s15_T1_test,64,219,71.3,-0.9820177555084229,-0.28929934106358085
UBFC_PHYS_s15_T1_test,64,220,71.33333333333333,-0.8821781873703003,-0.4179117018050942
UBFC_PHYS_s15_T1_test,64,221,71.36666666666666,-0.7862974405288696,-0.554111148922087
UBFC_PHYS_s15_T1_test,64,222,71.4,-0.7048615217208862,-0.6661522655663434
UBFC_PHYS_s15_T1_test,64,223,71.43333333333334,-0.6008893847465515,-0.7184037084973254
UBFC_PHYS_s15_T1_test,64,224,71.46666666666667,-0.5136986970901489,-0.6818776715761103
UBFC_PHYS_s15_T1_test,64,225,71.5,-0.4976896047592163,-0.5442488285936082
UBFC_PHYS_s15_T1_test,64,226,71.53333333333333,-0.4852917492389679,-0.3166700218449465
UBFC_PHYS_s15_T1_test,64,227,71.56666666666666,-0.38473764061927795,-0.03466182740897571
UBFC_PHYS_s15_T1_test,64,228,71.6,-0.24712511897087097,0.2478315563808145
UBFC_PHYS_s15_T1_test,64,229,71.63333333333334,-0.19604666531085968,0.4697984276009612
UBFC_PHYS_s15_T1_test,64,230,71.66666666666667,-0.24567677080631256,0.5773644930428267
UBFC_PHYS_s15_T1_test,64,231,71.7,-0.24156346917152405,0.5383126332915145
UBFC_PHYS_s15_T1_test,64,232,71.73333333333333,0.0014309873804450035,0.3544193923684158
UBFC_PHYS_s15_T1_test,64,233,71.76666666666667,0.4988521933555603,0.0678850190917305
UBFC_PHYS_s15_T1_test,64,234,71.8,1.0566213130950928,-0.24351282333870092
UBFC_PHYS_s15_T1_test,64,235,71.83333333333333,1.4469611644744873,-0.48582557666207005
UBFC_PHYS_s15_T1_test,64,236,71.86666666666666,1.5670583248138428,-0.5786703639175754
UBFC_PHYS_s15_T1_test,64,237,71.9,1.4967458248138428,-0.48376669494939817
UBFC_PHYS_s15_T1_test,64,238,71.93333333333334,1.422455072402954,-0.2200455919280297
UBFC_PHYS_s15_T1_test,64,239,71.96666666666667,1.4753488302230835,0.14089265843400545
UBFC_PHYS_s15_T1_test,65,0,65.0,0.6436099410057068,0.0823062234847664
UBFC_PHYS_s15_T1_test,65,1,65.03333333333333,1.1125082969665527,0.4854867337894337
UBFC_PHYS_s15_T1_test,65,2,65.06666666666666,1.4875149726867676,0.8226375805387697
UBFC_PHYS_s15_T1_test,65,3,65.1,1.5874124765396118,1.0545952868812474
UBFC_PHYS_s15_T1_test,65,4,65.13333333333334,1.400594711303711,1.180270342101857
UBFC_PHYS_s15_T1_test,65,5,65.16666666666667,1.0632450580596924,1.2299611311566812
UBFC_PHYS_s15_T1_test,65,6,65.2,0.6976044178009033,1.2435574121926471
UBFC_PHYS_s15_T1_test,65,7,65.23333333333333,0.25952690839767456,1.2476306354622066
UBFC_PHYS_s15_T1_test,65,8,65.26666666666667,-0.3650207817554474,1.2436122643551377
UBFC_PHYS_s15_T1_test,65,9,65.3,-1.0614452362060547,1.210188158091749
UBFC_PHYS_s15_T1_test,65,10,65.33333333333333,-1.4552417993545532,1.1156155355885191
UBFC_PHYS_s15_T1_test,65,11,65.36666666666666,-1.2808798551559448,0.9332294812205041
UBFC_PHYS_s15_T1_test,65,12,65.4,-0.6780960559844971,0.6546332997591452
UBFC_PHYS_s15_T1_test,65,13,65.43333333333334,-0.018170012161135674,0.2968839474654073
UBFC_PHYS_s15_T1_test,65,14,65.46666666666667,0.5135095119476318,-0.09919083029220044
UBFC_PHYS_s15_T1_test,65,15,65.5,0.9680402278900146,-0.480280059374121
UBFC_PHYS_s15_T1_test,65,16,65.53333333333333,1.3125157356262207,-0.7973395247598735
UBFC_PHYS_s15_T1_test,65,17,65.56666666666666,1.427785038948059,-1.0198422487835372
UBFC_PHYS_s15_T1_test,65,18,65.6,1.353590965270996,-1.1408731181217016
UBFC_PHYS_s15_T1_test,65,19,65.63333333333334,1.2062454223632812,-1.1718941363593345
UBFC_PHYS_s15_T1_test,65,20,65.66666666666667,1.0000004768371582,-1.1317474556063774
UBFC_PHYS_s15_T1_test,65,21,65.7,0.7295260429382324,-1.0367272875672242
UBFC_PHYS_s15_T1_test,65,22,65.73333333333333,0.4262995421886444,-0.8961255124263481
UBFC_PHYS_s15_T1_test,65,23,65.76666666666667,0.05922979488968849,-0.7132251828613763
UBFC_PHYS_s15_T1_test,65,24,65.8,-0.3759703040122986,-0.4889680459776061
UBFC_PHYS_s15_T1_test,65,25,65.83333333333333,-0.709148645401001,-0.22594266672031343
UBFC_PHYS_s15_T1_test,65,26,65.86666666666666,-0.7731077671051025,0.06743708535207715
UBFC_PHYS_s15_T1_test,65,27,65.9,-0.6706805229187012,0.3723627186112756
UBFC_PHYS_s15_T1_test,65,28,65.93333333333334,-0.6948968768119812,0.657393170436474
UBFC_PHYS_s15_T1_test,65,29,65.96666666666667,-0.9500188827514648,0.8828528220270587
UBFC_PHYS_s15_T1_test,65,30,66.0,-1.1320667266845703,1.012427542214179
UBFC_PHYS_s15_T1_test,65,31,66.03333333333333,-0.7887885570526123,1.0264688592287454
UBFC_PHYS_s15_T1_test,65,32,66.06666666666666,0.058669764548540115,0.9288699133926805
UBFC_PHYS_s15_T1_test,65,33,66.1,0.9343805909156799,0.7430578632312456
UBFC_PHYS_s15_T1_test,65,34,66.13333333333334,1.4386379718780518,0.500552993722639
UBFC_PHYS_s15_T1_test,65,35,66.16666666666667,1.5460282564163208,0.2302894903328754
UBFC_PHYS_s15_T1_test,65,36,66.2,1.4046307802200317,-0.046178429857669026
UBFC_PHYS_s15_T1_test,65,37,66.23333333333333,1.1821835041046143,-0.31436688858728146
UBFC_PHYS_s15_T1_test,65,38,66.26666666666667,1.0840047597885132,-0.5643512448762104
UBFC_PHYS_s15_T1_test,65,39,66.3,1.1907384395599365,-0.7875837258744853
UBFC_PHYS_s15_T1_test,65,40,66.33333333333333,1.3242377042770386,-0.9732220054916734
UBFC_PHYS_s15_T1_test,65,41,66.36666666666666,1.287874460220337,-1.1045383190819493
UBFC_PHYS_s15_T1_test,65,42,66.4,1.0813591480255127,-1.1575797726897428
UBFC_PHYS_s15_T1_test,65,43,66.43333333333334,0.808586597442627,-1.104887585776941
UBFC_PHYS_s15_T1_test,65,44,66.46666666666667,0.5378610491752625,-0.9250663421928655
UBFC_PHYS_s15_T1_test,65,45,66.5,0.2812328338623047,-0.6151161089040872
UBFC_PHYS_s15_T1_test,65,46,66.53333333333333,-0.012646971270442009,-0.19930563243969374
UBFC_PHYS_s15_T1_test,65,47,66.56666666666666,-0.40874162316322327,0.27104421933331857
UBFC_PHYS_s15_T1_test,65,48,66.6,-0.9196807742118835,0.7277180807925185
UBFC_PHYS_s15_T1_test,65,49,66.63333333333334,-1.4475752115249634,1.1016176693298207
UBFC_PHYS_s15_T1_test,65,50,66.66666666666667,-1.7190345525741577,1.3391846851577622
UBFC_PHYS_s15_T1_test,65,51,66.7,-1.4749201536178589,1.414865116720833
UBFC_PHYS_s15_T1_test,65,52,66.73333333333333,-0.8239931464195251,1.3362438067185884
UBFC_PHYS_s15_T1_test,65,53,66.76666666666667,-0.1472855508327484,1.1395389679413956
UBFC_PHYS_s15_T1_test,65,54,66.8,0.34820452332496643,0.8756058192401034
UBFC_PHYS_s15_T1_test,65,55,66.83333333333333,0.6655282974243164,0.5908957994305267
UBFC_PHYS_s15_T1_test,65,56,66.86666666666666,0.7567743062973022,0.3120370730148277
UBFC_PHYS_s15_T1_test,65,57,66.9,0.6042147874832153,0.04217549912351468
UBFC_PHYS_s15_T1_test,65,58,66.93333333333334,0.39368268847465515,-0.22982498073203705
UBFC_PHYS_s15_T1_test,65,59,66.96666666666667,0.3357680141925812,-0.5140007408026414
UBFC_PHYS_s15_T1_test,65,60,67.0,0.41940540075302124,-0.8065006462997887
UBFC_PHYS_s15_T1_test,65,61,67.03333333333333,0.500686764717102,-1.0846874222716967
UBFC_PHYS_s15_T1_test,65,62,67.06666666666666,0.5092610120773315,-1.310309107815838
UBFC_PHYS_s15_T1_test,65,63,67.1,0.4370173215866089,-1.4378476368099713
UBFC_PHYS_s15_T1_test,65,64,67.13333333333334,0.28069210052490234,-1.425371476385926
UBFC_PHYS_s15_T1_test,65,65,67.16666666666667,0.06880821287631989,-1.2464820146914135
UBFC_PHYS_s15_T1_test,65,66,67.2,-0.1447557657957077,-0.9015930034263175
UBFC_PHYS_s15_T1_test,65,67,67.23333333333333,-0.33244258165359497,-0.4249501071434531
UBFC_PHYS_s15_T1_test,65,68,67.26666666666667,-0.5168657898902893,0.1173150018624721
UBFC_PHYS_s15_T1_test,65,69,67.3,-0.7344658374786377,0.640594864701356
UBFC_PHYS_s15_T1_test,65,70,67.33333333333333,-0.9557543396949768,1.0634578293896584
UBFC_PHYS_s15_T1_test,65,71,67.36666666666666,-1.033270001411438,1.3291803677128653
UBFC_PHYS_s15_T1_test,65,72,67.4,-0.7942537069320679,1.4184583763781538
UBFC_PHYS_s15_T1_test,65,73,67.43333333333334,-0.25512000918388367,1.3490577826525134
UBFC_PHYS_s15_T1_test,65,74,67.46666666666667,0.3579953610897064,1.164338330932213
UBFC_PHYS_s15_T1_test,65,75,67.5,0.8547793030738831,0.9164925072722414
UBFC_PHYS_s15_T1_test,65,76,67.53333333333333,1.178707480430603,0.6502049528970733
UBFC_PHYS_s15_T1_test,65,77,67.56666666666666,1.2742406129837036,0.39083444388182104
UBFC_PHYS_s15_T1_test,65,78,67.6,1.1187844276428223,0.1406307996996878
UBFC_PHYS_s15_T1_test,65,79,67.63333333333334,0.910666286945343,-0.11491858390629088
UBFC_PHYS_s15_T1_test,65,80,67.66666666666667,0.9026713967323303,-0.39265422825489005
UBFC_PHYS_s15_T1_test,65,81,67.7,1.0693668127059937,-0.6956569748397724
UBFC_PHYS_s15_T1_test,65,82,67.73333333333333,1.1818166971206665,-1.0030833055271815
UBFC_PHYS_s15_T1_test,65,83,67.76666666666667,1.125891089439392,-1.270676177287543
UBFC_PHYS_s15_T1_test,65,84,67.8,0.9493275880813599,-1.441672533913448
UBFC_PHYS_s15_T1_test,65,85,67.83333333333333,0.6926606893539429,-1.4636221017447
UBFC_PHYS_s15_T1_test,65,86,67.86666666666666,0.4012720584869385,-1.3053430325796958
UBFC_PHYS_s15_T1_test,65,87,67.9,0.1717955321073532,-0.9692158707471792
UBFC_PHYS_s15_T1_test,65,88,67.93333333333334,0.00927138701081276,-0.49554122845440907
UBFC_PHYS_s15_T1_test,65,89,67.96666666666667,-0.22997666895389557,0.043039842035983995
UBFC_PHYS_s15_T1_test,65,90,68.0,-0.6257237195968628,0.5575157786001315
UBFC_PHYS_s15_T1_test,65,91,68.03333333333333,-1.0140745639801025,0.9659353681915652
UBFC_PHYS_s15_T1_test,65,92,68.06666666666666,-1.1169846057891846,1.2164340029771763
UBFC_PHYS_s15_T1_test,65,93,68.1,-0.8436713814735413,1.2997104437015787
UBFC_PHYS_s15_T1_test,65,94,68.13333333333334,-0.4126618206501007,1.2447709697828764
UBFC_PHYS_s15_T1_test,65,95,68.16666666666667,-0.09562774747610092,1.1003814060096424
UBFC_PHYS_s15_T1_test,65,96,68.2,0.07446642965078354,0.9126215796172602
UBFC_PHYS_s15_T1_test,65,97,68.23333333333333,0.17003819346427917,0.7100284470993435
UBFC_PHYS_s15_T1_test,65,98,68.26666666666667,0.14997373521327972,0.5007136585008429
UBFC_PHYS_s15_T1_test,65,99,68.3,0.010217641480267048,0.2779837621546183
UBFC_PHYS_s15_T1_test,65,100,68.33333333333333,-0.0824960470199585,0.029406164026302684
UBFC_PHYS_s15_T1_test,65,101,68.36666666666666,0.00027230760315433145,-0.25327979173233456
UBFC_PHYS_s15_T1_test,65,102,68.4,0.1949111968278885,-0.5648054050676864
UBFC_PHYS_s15_T1_test,65,103,68.43333333333334,0.37545281648635864,-0.87999872345727
UBFC_PHYS_s15_T1_test,65,104,68.46666666666667,0.48031333088874817,-1.1539857166369316
UBFC_PHYS_s15_T1_test,65,105,68.5,0.4672009348869324,-1.3313146100263469
UBFC_PHYS_s15_T1_test,65,106,68.53333333333333,0.31580010056495667,-1.3621423648369557
UBFC_PHYS_s15_T1_test,65,107,68.56666666666666,0.13191764056682587,-1.2194881259391184
UBFC_PHYS_s15_T1_test,65,108,68.6,0.04260274022817612,-0.9107604663403859
UBFC_PHYS_s15_T1_test,65,109,68.63333333333334,0.0217658169567585,-0.47927004486397773
UBFC_PHYS_s15_T1_test,65,110,68.66666666666667,-0.08500652015209198,0.0047518279594230255
UBFC_PHYS_s15_T1_test,65,111,68.7,-0.3700610399246216,0.46096128534197117
UBFC_PHYS_s15_T1_test,65,112,68.73333333333333,-0.7665805816650391,0.8191735739950045
UBFC_PHYS_s15_T1_test,65,113,68.76666666666667,-1.0625267028808594,1.037517156076264
UBFC_PHYS_s15_T1_test,65,114,68.8,-0.9800480008125305,1.1118781413483116
UBFC_PHYS_s15_T1_test,65,115,68.83333333333333,-0.46939852833747864,1.0716932053728763
UBFC_PHYS_s15_T1_test,65,116,68.86666666666666,0.1384255588054657,0.962962211302603
UBFC_PHYS_s15_T1_test,65,117,68.9,0.47965672612190247,0.8263975632936494
UBFC_PHYS_s15_T1_test,65,118,68.93333333333334,0.5526149272918701,0.6819942983583455
UBFC_PHYS_s15_T1_test,65,119,68.96666666666667,0.5598180294036865,0.5274778754237717
UBFC_PHYS_s15_T1_test,65,120,69.0,0.5680060386657715,0.3485635411936542
UBFC_PHYS_s15_T1_test,65,121,69.03333333333333,0.5315462946891785,0.132006702634185
UBFC_PHYS_s15_T1_test,65,122,69.06666666666666,0.46407249569892883,-0.12585864442269948
UBFC_PHYS_s15_T1_test,65,123,69.1,0.40399494767189026,-0.41611943387263695
UBFC_PHYS_s15_T1_test,65,124,69.13333333333334,0.3573194742202759,-0.7171635383448681
UBFC_PHYS_s15_T1_test,65,125,69.16666666666667,0.31058603525161743,-0.9956015978167637
UBFC_PHYS_s15_T1_test,65,126,69.2,0.23673953115940094,-1.2093364997980078
UBFC_PHYS_s15_T1_test,65,127,69.23333333333333,0.11125451326370239,-1.3150506308160483
UBFC_PHYS_s15_T1_test,65,128,69.26666666666667,-0.04698251560330391,-1.2798043691172056
UBFC_PHYS_s15_T1_test,65,129,69.3,-0.20048826932907104,-1.0927373294128202
UBFC_PHYS_s15_T1_test,65,130,69.33333333333333,-0.3312259614467621,-0.7716534956168059
UBFC_PHYS_s15_T1_test,65,131,69.36666666666666,-0.41571301221847534,-0.36117753741999636
UBFC_PHYS_s15_T1_test,65,132,69.4,-0.46003252267837524,0.0773092211999856
UBFC_PHYS_s15_T1_test,65,133,69.43333333333334,-0.5488646626472473,0.48059004808331623
UBFC_PHYS_s15_T1_test,65,134,69.46666666666667,-0.7757341265678406,0.7985966679810022
UBFC_PHYS_s15_T1_test,65,135,69.5,-1.10252046585083,1.0048719012684695
UBFC_PHYS_s15_T1_test,65,136,69.53333333333333,-1.297622799873352,1.0992170429269206
UBFC_PHYS_s15_T1_test,65,137,69.56666666666666,-1.113315463066101,1.1015712245702436
UBFC_PHYS_s15_T1_test,65,138,69.6,-0.5577092170715332,1.0394428448993485
UBFC_PHYS_s15_T1_test,65,139,69.63333333333334,0.08037570118904114,0.9345011707677795
UBFC_PHYS_s15_T1_test,65,140,69.66666666666667,0.5272591710090637,0.7953026833084806
UBFC_PHYS_s15_T1_test,65,141,69.7,0.739027202129364,0.6199411055206672
UBFC_PHYS_s15_T1_test,65,142,69.73333333333333,0.7970191240310669,0.40526336783501554
UBFC_PHYS_s15_T1_test,65,143,69.76666666666667,0.75515216588974,0.15470828739954298
UBFC_PHYS_s15_T1_test,65,144,69.8,0.6531690359115601,-0.12031366758970231
UBFC_PHYS_s15_T1_test,65,145,69.83333333333333,0.5539087653160095,-0.4040014850348434
UBFC_PHYS_s15_T1_test,65,146,69.86666666666666,0.5083726644515991,-0.6794733500219221
UBFC_PHYS_s15_T1_test,65,147,69.9,0.5189939141273499,-0.9282055387589337
UBFC_PHYS_s15_T1_test,65,148,69.93333333333334,0.5372624397277832,-1.127040315565492
UBFC_PHYS_s15_T1_test,65,149,69.96666666666667,0.48917722702026367,-1.2475665776093736
UBFC_PHYS_s15_T1_test,65,150,70.0,0.3249729871749878,-1.2609618651063386
UBFC_PHYS_s15_T1_test,65,151,70.03333333333333,0.057511087507009506,-1.1469541051239691
UBFC_PHYS_s15_T1_test,65,152,70.06666666666666,-0.21898852288722992,-0.9026641626779566
UBFC_PHYS_s15_T1_test,65,153,70.1,-0.38402312994003296,-0.5472686365531442
UBFC_PHYS_s15_T1_test,65,154,70.13333333333334,-0.39252012968063354,-0.12076958438354776
UBFC_PHYS_s15_T1_test,65,155,70.16666666666667,-0.3487992584705353,0.3224653096839131
UBFC_PHYS_s15_T1_test,65,156,70.2,-0.3983328342437744,0.7237948728948186
UBFC_PHYS_s15_T1_test,65,157,70.23333333333333,-0.5553532242774963,1.032212430547597
UBFC_PHYS_s15_T1_test,65,158,70.26666666666667,-0.6881765723228455,1.215513772031456
UBFC_PHYS_s15_T1_test,65,159,70.3,-0.6161066889762878,1.2670496616892595
UBFC_PHYS_s15_T1_test,65,160,70.33333333333333,-0.23283474147319794,1.204349553979125
UBFC_PHYS_s15_T1_test,65,161,70.36666666666666,0.3630935549736023,1.0590018762844078
UBFC_PHYS_s15_T1_test,65,162,70.4,0.8588926196098328,0.8628055783239436
UBFC_PHYS_s15_T1_test,65,163,70.43333333333334,1.010428547859192,0.6379164669266175
UBFC_PHYS_s15_T1_test,65,164,70.46666666666667,0.8779721856117249,0.3949007419310454
UBFC_PHYS_s15_T1_test,65,165,70.5,0.6569347381591797,0.13656933189638612
UBFC_PHYS_s15_T1_test,65,166,70.53333333333333,0.43301987648010254,-0.1368944611130723
UBFC_PHYS_s15_T1_test,65,167,70.56666666666666,0.24274535477161407,-0.4240511710171258
UBFC_PHYS_s15_T1_test,65,168,70.6,0.16536486148834229,-0.7188887152561094
UBFC_PHYS_s15_T1_test,65,169,70.63333333333334,0.2141645848751068,-1.0065718618932018
UBFC_PHYS_s15_T1_test,65,170,70.66666666666667,0.33057326078414917,-1.2594440523451225
UBFC_PHYS_s15_T1_test,65,171,70.7,0.48058366775512695,-1.4372243211271019
UBFC_PHYS_s15_T1_test,65,172,70.73333333333333,0.6041182279586792,-1.4944541217715608
UBFC_PHYS_s15_T1_test,65,173,70.76666666666667,0.5733360052108765,-1.3941764853585696
UBFC_PHYS_s15_T1_test,65,174,70.8,0.3562573492527008,-1.1226444471983754
UBFC_PHYS_s15_T1_test,65,175,70.83333333333333,0.05306947976350784,-0.6986351761671505
UBFC_PHYS_s15_T1_test,65,176,70.86666666666666,-0.28686782717704773,-0.17358273230161753
UBFC_PHYS_s15_T1_test,65,177,70.9,-0.6867861747741699,0.3774233765565947
UBFC_PHYS_s15_T1_test,65,178,70.93333333333334,-1.118124008178711,0.8714657767084538
UBFC_PHYS_s15_T1_test,65,179,70.96666666666667,-1.4640864133834839,1.236983073357105
UBFC_PHYS_s15_T1_test,65,180,71.0,-1.5949592590332031,1.4314248223289097
UBFC_PHYS_s15_T1_test,65,181,71.03333333333333,-1.4803465604782104,1.4513000262655296
UBFC_PHYS_s15_T1_test,65,182,71.06666666666666,-1.2539598941802979,1.3293854037338702
UBFC_PHYS_s15_T1_test,65,183,71.1,-1.0657323598861694,1.1186415841038237
UBFC_PHYS_s15_T1_test,65,184,71.13333333333334,-0.9632857441902161,0.869944388681152
UBFC_PHYS_s15_T1_test,65,185,71.16666666666667,-0.9189662337303162,0.6148928631587007
UBFC_PHYS_s15_T1_test,65,186,71.2,-0.9181745052337646,0.361243733596086
UBFC_PHYS_s15_T1_test,65,187,71.23333333333333,-0.9642706513404846,0.10041439654112178
UBFC_PHYS_s15_T1_test,65,188,71.26666666666667,-1.0118730068206787,-0.17953210012097556
UBFC_PHYS_s15_T1_test,65,189,71.3,-0.9820177555084229,-0.482510860999418
UBFC_PHYS_s15_T1_test,65,190,71.33333333333333,-0.8821781873703003,-0.7976847160967275
UBFC_PHYS_s15_T1_test,65,191,71.36666666666666,-0.7862974405288696,-1.0968258270651179
UBFC_PHYS_s15_T1_test,65,192,71.4,-0.7048615217208862,-1.335663150793776
UBFC_PHYS_s15_T1_test,65,193,71.43333333333334,-0.6008893847465515,-1.4609581482856153
UBFC_PHYS_s15_T1_test,65,194,71.46666666666667,-0.5136986970901489,-1.4242057238055643
UBFC_PHYS_s15_T1_test,65,195,71.5,-0.4976896047592163,-1.1991481983701688
UBFC_PHYS_s15_T1_test,65,196,71.53333333333333,-0.4852917492389679,-0.7964114320247405
UBFC_PHYS_s15_T1_test,65,197,71.56666666666666,-0.38473764061927795,-0.2677999358129589
UBFC_PHYS_s15_T1_test,65,198,71.6,-0.24712511897087097,0.3033947313777492
UBFC_PHYS_s15_T1_test,65,199,71.63333333333334,-0.19604666531085968,0.8233967332484735
UBFC_PHYS_s15_T1_test,65,200,71.66666666666667,-0.24567677080631256,1.2124794180832132
UBFC_PHYS_s15_T1_test,65,201,71.7,-0.24156346917152405,1.424187451496978
UBFC_PHYS_s15_T1_test,65,202,71.73333333333333,0.0014309873804450035,1.4536233839670394
UBFC_PHYS_s15_T1_test,65,203,71.76666666666667,0.4988521933555603,1.333536789746821
UBFC_PHYS_s15_T1_test,65,204,71.8,1.0566213130950928,1.1197863365000584
UBFC_PHYS_s15_T1_test,65,205,71.83333333333333,1.4469611644744873,0.8702726188972897
UBFC_PHYS_s15_T1_test,65,206,71.86666666666666,1.5670583248138428,0.6247544710468733
UBFC_PHYS_s15_T1_test,65,207,71.9,1.4967458248138428,0.394098651866184
UBFC_PHYS_s15_T1_test,65,208,71.93333333333334,1.422455072402954,0.16366034823536066
UBFC_PHYS_s15_T1_test,65,209,71.96666666666667,1.4753488302230835,-0.09161878923493606
UBFC_PHYS_s15_T1_test,65,210,72.0,1.673386573791504,-0.38876557583588167
UBFC_PHYS_s15_T1_test,65,211,72.03333333333333,1.9784668684005737,-0.7239905166745942
UBFC_PHYS_s15_T1_test,65,212,72.06666666666666,2.3175158500671387,-1.0694358167775782
UBFC_PHYS_s15_T1_test,65,213,72.1,2.639667510986328,-1.3777743175051704
UBFC_PHYS_s15_T1_test,65,214,72.13333333333334,2.9473161697387695,-1.591801477920947
UBFC_PHYS_s15_T1_test,65,215,72.16666666666667,3.1618072986602783,-1.6576068436062108
UBFC_PHYS_s15_T1_test,65,216,72.2,3.0697693824768066,-1.5400150447639647
UBFC_PHYS_s15_T1_test,65,217,72.23333333333333,2.636326551437378,-1.2368222088030059
UBFC_PHYS_s15_T1_test,65,218,72.26666666666667,2.1818151473999023,-0.7858576820829534
UBFC_PHYS_s15_T1_test,65,219,72.3,1.9733686447143555,-0.2594081029907617
UBFC_PHYS_s15_T1_test,65,220,72.33333333333333,1.8892872333526611,0.2543717785170201
UBFC_PHYS_s15_T1_test,65,221,72.36666666666666,1.695420742034912,0.6765136368104435
UBFC_PHYS_s15_T1_test,65,222,72.4,1.350172758102417,0.9581032158935524
UBFC_PHYS_s15_T1_test,65,223,72.43333333333334,1.0203739404678345,1.0883563902440299
UBFC_PHYS_s15_T1_test,65,224,72.46666666666667,0.86354660987854,1.0887569097831231
UBFC_PHYS_s15_T1_test,65,225,72.5,0.8014800548553467,0.998884411929993
UBFC_PHYS_s15_T1_test,65,226,72.53333333333333,0.5796121954917908,0.8607310290180111
UBFC_PHYS_s15_T1_test,65,227,72.56666666666666,0.04905272275209427,0.7060807354901177
UBFC_PHYS_s15_T1_test,65,228,72.6,-0.7430400252342224,0.5498968504268825
UBFC_PHYS_s15_T1_test,65,229,72.63333333333334,-1.5797805786132812,0.3914792569222302
UBFC_PHYS_s15_T1_test,65,230,72.66666666666667,-2.1939001083374023,0.2227598496387374
UBFC_PHYS_s15_T1_test,65,231,72.7,-2.4567272663116455,0.03974829445527907
UBFC_PHYS_s15_T1_test,65,232,72.73333333333333,-2.4427073001861572,-0.1491966265506432
UBFC_PHYS_s15_T1_test,65,233,72.76666666666667,-2.359301805496216,-0.3231784935952172
UBFC_PHYS_s15_T1_test,65,234,72.8,-2.365886926651001,-0.4561580227711805
UBFC_PHYS_s15_T1_test,65,235,72.83333333333333,-2.3626811504364014,-0.5266271121335082
UBFC_PHYS_s15_T1_test,65,236,72.86666666666666,-2.1663429737091064,-0.5242298647080375
UBFC_PHYS_s15_T1_test,65,237,72.9,-1.8215970993041992,-0.45140057742744505
UBFC_PHYS_s15_T1_test,65,238,72.93333333333334,-1.5359245538711548,-0.32128691484369415
UBFC_PHYS_s15_T1_test,65,239,72.96666666666667,-1.4603593349456787,-0.15436178028370764
UBFC_PHYS_s15_T1_test,66,0,66.0,-1.1320667266845703,-0.12082825725331756
UBFC_PHYS_s15_T1_test,66,1,66.03333333333333,-0.7887885570526123,0.09029067943327283
UBFC_PHYS_s15_T1_test,66,2,66.06666666666666,0.058669764548540115,0.2547603239320312
UBFC_PHYS_s15_T1_test,66,3,66.1,0.9343805909156799,0.3323956903148615
UBFC_PHYS_s15_T1_test,66,4,66.13333333333334,1.4386379718780518,0.2999032392532814
UBFC_PHYS_s15_T1_test,66,5,66.16666666666667,1.5460282564163208,0.1546331333750083
UBFC_PHYS_s15_T1_test,66,6,66.2,1.4046307802200317,-0.08603144125872794
UBFC_PHYS_s15_T1_test,66,7,66.23333333333333,1.1821835041046143,-0.38860099737838183
UBFC_PHYS_s15_T1_test,66,8,66.26666666666667,1.0840047597885132,-0.70904668630355
UBFC_PHYS_s15_T1_test,66,9,66.3,1.1907384395599365,-0.9987795185689593
UBFC_PHYS_s15_T1_test,66,10,66.33333333333333,1.3242377042770386,-1.210563986579598
UBFC_PHYS_s15_T1_test,66,11,66.36666666666666,1.287874460220337,-1.3044224738124008
UBFC_PHYS_s15_T1_test,66,12,66.4,1.0813591480255127,-1.2536491182458536
UBFC_PHYS_s15_T1_test,66,13,66.43333333333334,0.808586597442627,-1.0505317503656018
UBFC_PHYS_s15_T1_test,66,14,66.46666666666667,0.5378610491752625,-0.7104833825139208
UBFC_PHYS_s15_T1_test,66,15,66.5,0.2812328338623047,-0.2725917908410537
UBFC_PHYS_s15_T1_test,66,16,66.53333333333333,-0.012646971270442009,0.20521325911452307
UBFC_PHYS_s15_T1_test,66,17,66.56666666666666,-0.40874162316322327,0.6566805634704611
UBFC_PHYS_s15_T1_test,66,18,66.6,-0.9196807742118835,1.0213001980332195
UBFC_PHYS_s15_T1_test,66,19,66.63333333333334,-1.4475752115249634,1.2577147084303624
UBFC_PHYS_s15_T1_test,66,20,66.66666666666667,-1.7190345525741577,1.3519749534879577
UBFC_PHYS_s15_T1_test,66,21,66.7,-1.4749201536178589,1.3177995799751197
UBFC_PHYS_s15_T1_test,66,22,66.73333333333333,-0.8239931464195251,1.1888639684505464
UBFC_PHYS_s15_T1_test,66,23,66.76666666666667,-0.1472855508327484,1.0058451405136943
UBFC_PHYS_s15_T1_test,66,24,66.8,0.34820452332496643,0.8024622910742215
UBFC_PHYS_s15_T1_test,66,25,66.83333333333333,0.6655282974243164,0.5951885524538046
UBFC_PHYS_s15_T1_test,66,26,66.86666666666666,0.7567743062973022,0.3807427584142108
UBFC_PHYS_s15_T1_test,66,27,66.9,0.6042147874832153,0.14292279884049006
UBFC_PHYS_s15_T1_test,66,28,66.93333333333334,0.39368268847465515,-0.13408526241268945
UBFC_PHYS_s15_T1_test,66,29,66.96666666666667,0.3357680141925812,-0.45213569121165254
UBFC_PHYS_s15_T1_test,66,30,67.0,0.41940540075302124,-0.7911773371729662
UBFC_PHYS_s15_T1_test,66,31,67.03333333333333,0.500686764717102,-1.1097553466702466
UBFC_PHYS_s15_T1_test,66,32,67.06666666666666,0.5092610120773315,-1.353396769218104
UBFC_PHYS_s15_T1_test,66,33,67.1,0.4370173215866089,-1.468011558595038
UBFC_PHYS_s15_T1_test,66,34,67.13333333333334,0.28069210052490234,-1.414520602033835
UBFC_PHYS_s15_T1_test,66,35,67.16666666666667,0.06880821287631989,-1.1809925034606341
UBFC_PHYS_s15_T1_test,66,36,67.2,-0.1447557657957077,-0.7891344874587035
UBFC_PHYS_s15_T1_test,66,37,67.23333333333333,-0.33244258165359497,-0.29297279123277137
UBFC_PHYS_s15_T1_test,66,38,67.26666666666667,-0.5168657898902893,0.23088562929241038
UBFC_PHYS_s15_T1_test,66,39,67.3,-0.7344658374786377,0.6999399722544696
UBFC_PHYS_s15_T1_test,66,40,67.33333333333333,-0.9557543396949768,1.0456319673626135
UBFC_PHYS_s15_T1_test,66,41,67.36666666666666,-1.033270001411438,1.2304281272825788
UBFC_PHYS_s15_T1_test,66,42,67.4,-0.7942537069320679,1.2555592306012349
UBFC_PHYS_s15_T1_test,66,43,67.43333333333334,-0.25512000918388367,1.1555687202815412
UBFC_PHYS_s15_T1_test,66,44,67.46666666666667,0.3579953610897064,0.9819192506648794
UBFC_PHYS_s15_T1_test,66,45,67.5,0.8547793030738831,0.7830489016295831
UBFC_PHYS_s15_T1_test,66,46,67.53333333333333,1.178707480430603,0.5886734655278182
UBFC_PHYS_s15_T1_test,66,47,67.56666666666666,1.2742406129837036,0.4031496069245772
UBFC_PHYS_s15_T1_test,66,48,67.6,1.1187844276428223,0.2093207656178999
UBFC_PHYS_s15_T1_test,66,49,67.63333333333334,0.910666286945343,-0.018920211955290065
UBFC_PHYS_s15_T1_test,66,50,67.66666666666667,0.9026713967323303,-0.3001430251925875
UBFC_PHYS_s15_T1_test,66,51,67.7,1.0693668127059937,-0.6312859369587497
UBFC_PHYS_s15_T1_test,66,52,67.73333333333333,1.1818166971206665,-0.9812014967447373
UBFC_PHYS_s15_T1_test,66,53,67.76666666666667,1.125891089439392,-1.2941988563658717
UBFC_PHYS_s15_T1_test,66,54,67.8,0.9493275880813599,-1.5027322337220232
UBFC_PHYS_s15_T1_test,66,55,67.83333333333333,0.6926606893539429,-1.5457182501691318
UBFC_PHYS_s15_T1_test,66,56,67.86666666666666,0.4012720584869385,-1.3872807973998278
UBFC_PHYS_s15_T1_test,66,57,67.9,0.1717955321073532,-1.0304270224133822
UBFC_PHYS_s15_T1_test,66,58,67.93333333333334,0.00927138701081276,-0.5213255566476594
UBFC_PHYS_s15_T1_test,66,59,67.96666666666667,-0.22997666895389557,0.05806090569206314
UBFC_PHYS_s15_T1_test,66,60,68.0,-0.6257237195968628,0.6085916471433008
UBFC_PHYS_s15_T1_test,66,61,68.03333333333333,-1.0140745639801025,1.0397555023605842
UBFC_PHYS_s15_T1_test,66,62,68.06666666666666,-1.1169846057891846,1.2944933581518423
UBFC_PHYS_s15_T1_test,66,63,68.1,-0.8436713814735413,1.363217008763879
UBFC_PHYS_s15_T1_test,66,64,68.13333333333334,-0.4126618206501007,1.2805949660740679
UBFC_PHYS_s15_T1_test,66,65,68.16666666666667,-0.09562774747610092,1.1064079170486956
UBFC_PHYS_s15_T1_test,66,66,68.2,0.07446642965078354,0.8999227552482097
UBFC_PHYS_s15_T1_test,66,67,68.23333333333333,0.17003819346427917,0.6998657367450101
UBFC_PHYS_s15_T1_test,66,68,68.26666666666667,0.14997373521327972,0.5168400985417301
UBFC_PHYS_s15_T1_test,66,69,68.3,0.010217641480267048,0.3374489203711496
UBFC_PHYS_s15_T1_test,66,70,68.33333333333333,-0.0824960470199585,0.13572258298259254
UBFC_PHYS_s15_T1_test,66,71,68.36666666666666,0.00027230760315433145,-0.11249962874219192
UBFC_PHYS_s15_T1_test,66,72,68.4,0.1949111968278885,-0.4158867304436882
UBFC_PHYS_s15_T1_test,66,73,68.43333333333334,0.37545281648635864,-0.7581156511217917
UBFC_PHYS_s15_T1_test,66,74,68.46666666666667,0.48031333088874817,-1.0958755129238213
UBFC_PHYS_s15_T1_test,66,75,68.5,0.4672009348869324,-1.3663861539260187
UBFC_PHYS_s15_T1_test,66,76,68.53333333333333,0.31580010056495667,-1.5034396268775037
UBFC_PHYS_s15_T1_test,66,77,68.56666666666666,0.13191764056682587,-1.4574365559338174
UBFC_PHYS_s15_T1_test,66,78,68.6,0.04260274022817612,-1.2127059059405536
UBFC_PHYS_s15_T1_test,66,79,68.63333333333334,0.0217658169567585,-0.7959003057036835
UBFC_PHYS_s15_T1_test,66,80,68.66666666666667,-0.08500652015209198,-0.2723814210780206
UBFC_PHYS_s15_T1_test,66,81,68.7,-0.3700610399246216,0.2686314162525583
UBFC_PHYS_s15_T1_test,66,82,68.73333333333333,-0.7665805816650391,0.7364556800468461
UBFC_PHYS_s15_T1_test,66,83,68.76666666666667,-1.0625267028808594,1.0628531747148606
UBFC_PHYS_s15_T1_test,66,84,68.8,-0.9800480008125305,1.2195276498145102
UBFC_PHYS_s15_T1_test,66,85,68.83333333333333,-0.46939852833747864,1.221962837762899
UBFC_PHYS_s15_T1_test,66,86,68.86666666666666,0.1384255588054657,1.1172547235130608
UBFC_PHYS_s15_T1_test,66,87,68.9,0.47965672612190247,0.9611476023220098
UBFC_PHYS_s15_T1_test,66,88,68.93333333333334,0.5526149272918701,0.7954930460459111
UBFC_PHYS_s15_T1_test,66,89,68.96666666666667,0.5598180294036865,0.6367212981553348
UBFC_PHYS_s15_T1_test,66,90,69.0,0.5680060386657715,0.4779276960727101
UBFC_PHYS_s15_T1_test,66,91,69.03333333333333,0.5315462946891785,0.2991763493114574
UBFC_PHYS_s15_T1_test,66,92,69.06666666666666,0.46407249569892883,0.07938277806632113
UBFC_PHYS_s15_T1_test,66,93,69.1,0.40399494767189026,-0.19345549613002075
UBFC_PHYS_s15_T1_test,66,94,69.13333333333334,0.3573194742202759,-0.5142996985849277
UBFC_PHYS_s15_T1_test,66,95,69.16666666666667,0.31058603525161743,-0.8561490265591994
UBFC_PHYS_s15_T1_test,66,96,69.2,0.23673953115940094,-1.1705218699317785
UBFC_PHYS_s15_T1_test,66,97,69.23333333333333,0.11125451326370239,-1.395822511566255
UBFC_PHYS_s15_T1_test,66,98,69.26666666666667,-0.04698251560330391,-1.4730873613641124
UBFC_PHYS_s15_T1_test,66,99,69.3,-0.20048826932907104,-1.3645489700482785
UBFC_PHYS_s15_T1_test,66,100,69.33333333333333,-0.3312259614467621,-1.0683819480383316
UBFC_PHYS_s15_T1_test,66,101,69.36666666666666,-0.41571301221847534,-0.6238572742321726
UBFC_PHYS_s15_T1_test,66,102,69.4,-0.46003252267837524,-0.10425382976428654
UBFC_PHYS_s15_T1_test,66,103,69.43333333333334,-0.5488646626472473,0.4010580601779
UBFC_PHYS_s15_T1_test,66,104,69.46666666666667,-0.7757341265678406,0.8102719203273951
UBFC_PHYS_s15_T1_test,66,105,69.5,-1.10252046585083,1.0709996688241321
UBFC_PHYS_s15_T1_test,66,106,69.53333333333333,-1.297622799873352,1.1723860733736653
UBFC_PHYS_s15_T1_test,66,107,69.56666666666666,-1.113315463066101,1.1423636550253433
UBFC_PHYS_s15_T1_test,66,108,69.6,-0.5577092170715332,1.0309417053039271
UBFC_PHYS_s15_T1_test,66,109,69.63333333333334,0.08037570118904114,0.8871328343790152
UBFC_PHYS_s15_T1_test,66,110,69.66666666666667,0.5272591710090637,0.7406833532942024
UBFC_PHYS_s15_T1_test,66,111,69.7,0.739027202129364,0.5967692212388724
UBFC_PHYS_s15_T1_test,66,112,69.73333333333333,0.7970191240310669,0.44309150315051493
UBFC_PHYS_s15_T1_test,66,113,69.76666666666667,0.75515216588974,0.2617739949727886
UBFC_PHYS_s15_T1_test,66,114,69.8,0.6531690359115601,0.03905657958415696
UBFC_PHYS_s15_T1_test,66,115,69.83333333333333,0.5539087653160095,-0.2290304460375824
UBFC_PHYS_s15_T1_test,66,116,69.86666666666666,0.5083726644515991,-0.5332254224269629
UBFC_PHYS_s15_T1_test,66,117,69.9,0.5189939141273499,-0.848444679805689
UBFC_PHYS_s15_T1_test,66,118,69.93333333333334,0.5372624397277832,-1.1335801704439934
UBFC_PHYS_s15_T1_test,66,119,69.96666666666667,0.48917722702026367,-1.3368131537001093
UBFC_PHYS_s15_T1_test,66,120,70.0,0.3249729871749878,-1.407350878319271
UBFC_PHYS_s15_T1_test,66,121,70.03333333333333,0.057511087507009506,-1.3105061816941388
UBFC_PHYS_s15_T1_test,66,122,70.06666666666666,-0.21898852288722992,-1.040706677792586
UBFC_PHYS_s15_T1_test,66,123,70.1,-0.38402312994003296,-0.6274429705292289
UBFC_PHYS_s15_T1_test,66,124,70.13333333333334,-0.39252012968063354,-0.13160336908693498
UBFC_PHYS_s15_T1_test,66,125,70.16666666666667,-0.3487992584705353,0.367347015657451
UBFC_PHYS_s15_T1_test,66,126,70.2,-0.3983328342437744,0.7903780938540036
UBFC_PHYS_s15_T1_test,66,127,70.23333333333333,-0.5553532242774963,1.0790349711529934
UBFC_PHYS_s15_T1_test,66,128,70.26666666666667,-0.6881765723228455,1.2100962231980141
UBFC_PHYS_s15_T1_test,66,129,70.3,-0.6161066889762878,1.1987427383119622
UBFC_PHYS_s15_T1_test,66,130,70.33333333333333,-0.23283474147319794,1.0881754453711552
UBFC_PHYS_s15_T1_test,66,131,70.36666666666666,0.3630935549736023,0.9297891243340652
UBFC_PHYS_s15_T1_test,66,132,70.4,0.8588926196098328,0.7631693513056578
UBFC_PHYS_s15_T1_test,66,133,70.43333333333334,1.010428547859192,0.6050681218744813
UBFC_PHYS_s15_T1_test,66,134,70.46666666666667,0.8779721856117249,0.4502233913586315
UBFC_PHYS_s15_T1_test,66,135,70.5,0.6569347381591797,0.28006004467215934
UBFC_PHYS_s15_T1_test,66,136,70.53333333333333,0.43301987648010254,0.07354905453810832
UBFC_PHYS_s15_T1_test,66,137,70.56666666666666,0.24274535477161407,-0.18312060582235712
UBFC_PHYS_s15_T1_test,66,138,70.6,0.16536486148834229,-0.48884677412191774
UBFC_PHYS_s15_T1_test,66,139,70.63333333333334,0.2141645848751068,-0.8222879589674132
UBFC_PHYS_s15_T1_test,66,140,70.66666666666667,0.33057326078414917,-1.1408032552489102
UBFC_PHYS_s15_T1_test,66,141,70.7,0.48058366775512695,-1.386298840919877
UBFC_PHYS_s15_T1_test,66,142,70.73333333333333,0.6041182279586792,-1.4985118910976225
UBFC_PHYS_s15_T1_test,66,143,70.76666666666667,0.5733360052108765,-1.4325406355525223
UBFC_PHYS_s15_T1_test,66,144,70.8,0.3562573492527008,-1.1747530160613255
UBFC_PHYS_s15_T1_test,66,145,70.83333333333333,0.05306947976350784,-0.7511514523240249
UBFC_PHYS_s15_T1_test,66,146,70.86666666666666,-0.28686782717704773,-0.22481093653576611
UBFC_PHYS_s15_T1_test,66,147,70.9,-0.6867861747741699,0.31745637916123715
UBFC_PHYS_s15_T1_test,66,148,70.93333333333334,-1.118124008178711,0.7860800221569729
UBFC_PHYS_s15_T1_test,66,149,70.96666666666667,-1.4640864133834839,1.1118443312840707
UBFC_PHYS_s15_T1_test,66,150,71.0,-1.5949592590332031,1.2638599774602641
UBFC_PHYS_s15_T1_test,66,151,71.03333333333333,-1.4803465604782104,1.2553799256058236
UBFC_PHYS_s15_T1_test,66,152,71.06666666666666,-1.2539598941802979,1.134078700814145
UBFC_PHYS_s15_T1_test,66,153,71.1,-1.0657323598861694,0.9600025320335316
UBFC_PHYS_s15_T1_test,66,154,71.13333333333334,-0.9632857441902161,0.7810417290393289
UBFC_PHYS_s15_T1_test,66,155,71.16666666666667,-0.9189662337303162,0.6173572492010398
UBFC_PHYS_s15_T1_test,66,156,71.2,-0.9181745052337646,0.4604653462782061
UBFC_PHYS_s15_T1_test,66,157,71.23333333333333,-0.9642706513404846,0.28441070590273476
UBFC_PHYS_s15_T1_test,66,158,71.26666666666667,-1.0118730068206787,0.061805771959323234
UBFC_PHYS_s15_T1_test,66,159,71.3,-0.9820177555084229,-0.2220079523841096
UBFC_PHYS_s15_T1_test,66,160,71.33333333333333,-0.8821781873703003,-0.560010783013216
UBFC_PHYS_s15_T1_test,66,161,71.36666666666666,-0.7862974405288696,-0.9203158527690722
UBFC_PHYS_s15_T1_test,66,162,71.4,-0.7048615217208862,-1.2490506350592374
UBFC_PHYS_s15_T1_test,66,163,71.43333333333334,-0.6008893847465515,-1.480054073592769
UBFC_PHYS_s15_T1_test,66,164,71.46666666666667,-0.5136986970901489,-1.5507532308964493
UBFC_PHYS_s15_T1_test,66,165,71.5,-0.4976896047592163,-1.4207331701475994
UBFC_PHYS_s15_T1_test,66,166,71.53333333333333,-0.4852917492389679,-1.087174356562138
UBFC_PHYS_s15_T1_test,66,167,71.56666666666666,-0.38473764061927795,-0.5911943674392336
UBFC_PHYS_s15_T1_test,66,168,71.6,-0.24712511897087097,-0.011716915109270462
UBFC_PHYS_s15_T1_test,66,169,71.63333333333334,-0.19604666531085968,0.5523636522547971
UBFC_PHYS_s15_T1_test,66,170,71.66666666666667,-0.24567677080631256,1.0070075750866225
UBFC_PHYS_s15_T1_test,66,171,71.7,-0.24156346917152405,1.2875000722662622
UBFC_PHYS_s15_T1_test,66,172,71.73333333333333,0.0014309873804450035,1.3745951635905242
UBFC_PHYS_s15_T1_test,66,173,71.76666666666667,0.4988521933555603,1.2962650639310669
UBFC_PHYS_s15_T1_test,66,174,71.8,1.0566213130950928,1.1134956901729114
UBFC_PHYS_s15_T1_test,66,175,71.83333333333333,1.4469611644744873,0.8949428362089071
UBFC_PHYS_s15_T1_test,66,176,71.86666666666666,1.5670583248138428,0.6910349091856295
UBFC_PHYS_s15_T1_test,66,177,71.9,1.4967458248138428,0.5188794316046932
UBFC_PHYS_s15_T1_test,66,178,71.93333333333334,1.422455072402954,0.36328464234645513
UBFC_PHYS_s15_T1_test,66,179,71.96666666666667,1.4753488302230835,0.19081510963109244
UBFC_PHYS_s15_T1_test,66,180,72.0,1.673386573791504,-0.031137284830286376
UBFC_PHYS_s15_T1_test,66,181,72.03333333333333,1.9784668684005737,-0.3180305167452358
UBFC_PHYS_s15_T1_test,66,182,72.06666666666666,2.3175158500671387,-0.6587602193964914
UBFC_PHYS_s15_T1_test,66,183,72.1,2.639667510986328,-1.0139976967906632
UBFC_PHYS_s15_T1_test,66,184,72.13333333333334,2.9473161697387695,-1.3222353120922288
UBFC_PHYS_s15_T1_test,66,185,72.16666666666667,3.1618072986602783,-1.5132834670493465
UBFC_PHYS_s15_T1_test,66,186,72.2,3.0697693824768066,-1.527101446790076
UBFC_PHYS_s15_T1_test,66,187,72.23333333333333,2.636326551437378,-1.3330745196008893
UBFC_PHYS_s15_T1_test,66,188,72.26666666666667,2.1818151473999023,-0.9433224103957811
UBFC_PHYS_s15_T1_test,66,189,72.3,1.9733686447143555,-0.41458347954332186
UBFC_PHYS_s15_T1_test,66,190,72.33333333333333,1.8892872333526611,0.16334037291412698
UBFC_PHYS_s15_T1_test,66,191,72.36666666666666,1.695420742034912,0.6898931402956018
UBFC_PHYS_s15_T1_test,66,192,72.4,1.350172758102417,1.0800368256294686
UBFC_PHYS_s15_T1_test,66,193,72.43333333333334,1.0203739404678345,1.285881084926672
UBFC_PHYS_s15_T1_test,66,194,72.46666666666667,0.86354660987854,1.306405779587279
UBFC_PHYS_s15_T1_test,66,195,72.5,0.8014800548553467,1.182015197845661
UBFC_PHYS_s15_T1_test,66,196,72.53333333333333,0.5796121954917908,0.9759602443639868
UBFC_PHYS_s15_T1_test,66,197,72.56666666666666,0.04905272275209427,0.7496393543877353
UBFC_PHYS_s15_T1_test,66,198,72.6,-0.7430400252342224,0.5415436574928767
UBFC_PHYS_s15_T1_test,66,199,72.63333333333334,-1.5797805786132812,0.35813126309943516
UBFC_PHYS_s15_T1_test,66,200,72.66666666666667,-2.1939001083374023,0.17914793765808845
UBFC_PHYS_s15_T1_test,66,201,72.7,-2.4567272663116455,-0.026704623005968407
UBFC_PHYS_s15_T1_test,66,202,72.73333333333333,-2.4427073001861572,-0.28343720588837346
UBFC_PHYS_s15_T1_test,66,203,72.76666666666667,-2.359301805496216,-0.5938802151235009
UBFC_PHYS_s15_T1_test,66,204,72.8,-2.365886926651001,-0.933948519521644
UBFC_PHYS_s15_T1_test,66,205,72.83333333333333,-2.3626811504364014,-1.2553702873021118
UBFC_PHYS_s15_T1_test,66,206,72.86666666666666,-2.1663429737091064,-1.49558533301946
UBFC_PHYS_s15_T1_test,66,207,72.9,-1.8215970993041992,-1.592822885894331
UBFC_PHYS_s15_T1_test,66,208,72.93333333333334,-1.5359245538711548,-1.5031578011445297
UBFC_PHYS_s15_T1_test,66,209,72.96666666666667,-1.4603593349456787,-1.2150915947929488
UBFC_PHYS_s15_T1_test,66,210,73.0,-1.6728805303573608,-0.7570871066682936
UBFC_PHYS_s15_T1_test,66,211,73.03333333333333,-2.1776206493377686,-0.19480659061991074
UBFC_PHYS_s15_T1_test,66,212,73.06666666666666,-2.816091775894165,0.3826410482152223
UBFC_PHYS_s15_T1_test,66,213,73.1,-3.363278388977051,0.884594273801055
UBFC_PHYS_s15_T1_test,66,214,73.13333333333334,-3.6069486141204834,1.2424043931540192
UBFC_PHYS_s15_T1_test,66,215,73.16666666666667,-3.461688995361328,1.4264552175563876
UBFC_PHYS_s15_T1_test,66,216,73.2,-3.0543744564056396,1.4501355058686352
UBFC_PHYS_s15_T1_test,66,217,73.23333333333333,-2.590400457382202,1.3592419496538903
UBFC_PHYS_s15_T1_test,66,218,73.26666666666667,-2.1656863689422607,1.2114649374124946
UBFC_PHYS_s15_T1_test,66,219,73.3,-1.8222343921661377,1.0545877780471005
UBFC_PHYS_s15_T1_test,66,220,73.33333333333333,-1.608477234840393,0.9115988764263664
UBFC_PHYS_s15_T1_test,66,221,73.36666666666666,-1.4812928438186646,0.7771648173125536
UBFC_PHYS_s15_T1_test,66,222,73.4,-1.3269567489624023,0.6253459508753408
UBFC_PHYS_s15_T1_test,66,223,73.43333333333334,-1.0933668613433838,0.4247214169848344
UBFC_PHYS_s15_T1_test,66,224,73.46666666666667,-0.784964919090271,0.15507867555259247
UBFC_PHYS_s15_T1_test,66,225,73.5,-0.421216756105423,-0.18008224582946844
UBFC_PHYS_s15_T1_test,66,226,73.53333333333333,-0.0866093635559082,-0.5490477345215525
UBFC_PHYS_s15_T1_test,66,227,73.56666666666666,0.1318017691373825,-0.8965024995181007
UBFC_PHYS_s15_T1_test,66,228,73.6,0.26987776160240173,-1.1559446133530333
UBFC_PHYS_s15_T1_test,66,229,73.63333333333334,0.39650213718414307,-1.2668445521639478
UBFC_PHYS_s15_T1_test,66,230,73.66666666666667,0.4755047857761383,-1.1923997075878003
UBFC_PHYS_s15_T1_test,66,231,73.7,0.44866204261779785,-0.9333283863882587
UBFC_PHYS_s15_T1_test,66,232,73.73333333333333,0.36494743824005127,-0.5335034805628285
UBFC_PHYS_s15_T1_test,66,233,73.76666666666667,0.3435504734516144,-0.07439072635974715
UBFC_PHYS_s15_T1_test,66,234,73.8,0.4659843146800995,0.3424375788428597
UBFC_PHYS_s15_T1_test,66,235,73.83333333333333,0.6944952607154846,0.621307576437566
UBFC_PHYS_s15_T1_test,66,236,73.86666666666666,0.8746313452720642,0.698691019401899
UBFC_PHYS_s15_T1_test,66,237,73.9,0.8931316137313843,0.5600673497644326
UBFC_PHYS_s15_T1_test,66,238,73.93333333333334,0.8203085660934448,0.24231955642423056
UBFC_PHYS_s15_T1_test,66,239,73.96666666666667,0.7819948792457581,-0.17692686920934353
UBFC_PHYS_s15_T1_test,67,0,67.0,0.41940540075302124,0.03858960965688833
UBFC_PHYS_s15_T1_test,67,1,67.03333333333333,0.500686764717102,0.08401567888904342
UBFC_PHYS_s15_T1_test,67,2,67.06666666666666,0.5092610120773315,0.1055025973393021
UBFC_PHYS_s15_T1_test,67,3,67.1,0.4370173215866089,0.09593661637469288
UBFC_PHYS_s15_T1_test,67,4,67.13333333333334,0.28069210052490234,0.07440111843701543
UBFC_PHYS_s15_T1_test,67,5,67.16666666666667,0.06880821287631989,0.0808441883254844
UBFC_PHYS_s15_T1_test,67,6,67.2,-0.1447557657957077,0.15806619157549748
UBFC_PHYS_s15_T1_test,67,7,67.23333333333333,-0.33244258165359497,0.3296073084293823
UBFC_PHYS_s15_T1_test,67,8,67.26666666666667,-0.5168657898902893,0.5848513384344907
UBFC_PHYS_s15_T1_test,67,9,67.3,-0.7344658374786377,0.8790445643652248
UBFC_PHYS_s15_T1_test,67,10,67.33333333333333,-0.9557543396949768,1.1479060388216433
UBFC_PHYS_s15_T1_test,67,11,67.36666666666666,-1.033270001411438,1.3290960335894524
UBFC_PHYS_s15_T1_test,67,12,67.4,-0.7942537069320679,1.3805487170144721
UBFC_PHYS_s15_T1_test,67,13,67.43333333333334,-0.25512000918388367,1.2892580494689838
UBFC_PHYS_s15_T1_test,67,14,67.46666666666667,0.3579953610897064,1.0704556175561588
UBFC_PHYS_s15_T1_test,67,15,67.5,0.8547793030738831,0.7608071527179185
UBFC_PHYS_s15_T1_test,67,16,67.53333333333333,1.178707480430603,0.40793713363860745
UBFC_PHYS_s15_T1_test,67,17,67.56666666666666,1.2742406129837036,0.057082401850650874
UBFC_PHYS_s15_T1_test,67,18,67.6,1.1187844276428223,-0.2618108204403073
UBFC_PHYS_s15_T1_test,67,19,67.63333333333334,0.910666286945343,-0.5404945041513852
UBFC_PHYS_s15_T1_test,67,20,67.66666666666667,0.9026713967323303,-0.7883333550427558
UBFC_PHYS_s15_T1_test,67,21,67.7,1.0693668127059937,-1.0193773925082459
UBFC_PHYS_s15_T1_test,67,22,67.73333333333333,1.1818166971206665,-1.237200190689676
UBFC_PHYS_s15_T1_test,67,23,67.76666666666667,1.125891089439392,-1.4253730162128018
UBFC_PHYS_s15_T1_test,67,24,67.8,0.9493275880813599,-1.548418422283666
UBFC_PHYS_s15_T1_test,67,25,67.83333333333333,0.6926606893539429,-1.5628392550834667
UBFC_PHYS_s15_T1_test,67,26,67.86666666666666,0.4012720584869385,-1.4333731748556398
UBFC_PHYS_s15_T1_test,67,27,67.9,0.1717955321073532,-1.1479916192270447
UBFC_PHYS_s15_T1_test,67,28,67.93333333333334,0.00927138701081276,-0.7265155760621047
UBFC_PHYS_s15_T1_test,67,29,67.96666666666667,-0.22997666895389557,-0.22021590042688752
UBFC_PHYS_s15_T1_test,67,30,68.0,-0.6257237195968628,0.29816941994402907
UBFC_PHYS_s15_T1_test,67,31,68.03333333333333,-1.0140745639801025,0.7522403071119825
UBFC_PHYS_s15_T1_test,67,32,68.06666666666666,-1.1169846057891846,1.082475090581539
UBFC_PHYS_s15_T1_test,67,33,68.1,-0.8436713814735413,1.2615995795446806
UBFC_PHYS_s15_T1_test,67,34,68.13333333333334,-0.4126618206501007,1.2973016505296688
UBFC_PHYS_s15_T1_test,67,35,68.16666666666667,-0.09562774747610092,1.2207112559580058
UBFC_PHYS_s15_T1_test,67,36,68.2,0.07446642965078354,1.068265812268423
UBFC_PHYS_s15_T1_test,67,37,68.23333333333333,0.17003819346427917,0.8683052915059604
UBFC_PHYS_s15_T1_test,67,38,68.26666666666667,0.14997373521327972,0.6372569836338664
UBFC_PHYS_s15_T1_test,67,39,68.3,0.010217641480267048,0.3819713124448366
UBFC_PHYS_s15_T1_test,67,40,68.33333333333333,-0.0824960470199585,0.10377944551135553
UBFC_PHYS_s15_T1_test,67,41,68.36666666666666,0.00027230760315433145,-0.1965644175193618
UBFC_PHYS_s15_T1_test,67,42,68.4,0.1949111968278885,-0.5124264926406682
UBFC_PHYS_s15_T1_test,67,43,68.43333333333334,0.37545281648635864,-0.8245585779001
UBFC_PHYS_s15_T1_test,67,44,68.46666666666667,0.48031333088874817,-1.0978714615577778
UBFC_PHYS_s15_T1_test,67,45,68.5,0.4672009348869324,-1.2855823716403127
UBFC_PHYS_s15_T1_test,67,46,68.53333333333333,0.31580010056495667,-1.3410719464795764
UBFC_PHYS_s15_T1_test,67,47,68.56666666666666,0.13191764056682587,-1.2332547197588006
UBFC_PHYS_s15_T1_test,67,48,68.6,0.04260274022817612,-0.9591611584752088
UBFC_PHYS_s15_T1_test,67,49,68.63333333333334,0.0217658169567585,-0.5487348983061018
UBFC_PHYS_s15_T1_test,67,50,68.66666666666667,-0.08500652015209198,-0.06031594487839089
UBFC_PHYS_s15_T1_test,67,51,68.7,-0.3700610399246216,0.43156892232067773
UBFC_PHYS_s15_T1_test,67,52,68.73333333333333,-0.7665805816650391,0.8531145904516444
UBFC_PHYS_s15_T1_test,67,53,68.76666666666667,-1.0625267028808594,1.148968638774252
UBFC_PHYS_s15_T1_test,67,54,68.8,-0.9800480008125305,1.2953867575903084
UBFC_PHYS_s15_T1_test,67,55,68.83333333333333,-0.46939852833747864,1.3030360549203013
UBFC_PHYS_s15_T1_test,67,56,68.86666666666666,0.1384255588054657,1.2067751868714163
UBFC_PHYS_s15_T1_test,67,57,68.9,0.47965672612190247,1.0464294522165334
UBFC_PHYS_s15_T1_test,67,58,68.93333333333334,0.5526149272918701,0.8492692936363874
UBFC_PHYS_s15_T1_test,67,59,68.96666666666667,0.5598180294036865,0.624454788187974
UBFC_PHYS_s15_T1_test,67,60,69.0,0.5680060386657715,0.37005652471934947
UBFC_PHYS_s15_T1_test,67,61,69.03333333333333,0.5315462946891785,0.0841223272210586
UBFC_PHYS_s15_T1_test,67,62,69.06666666666666,0.46407249569892883,-0.22824558315758162
UBFC_PHYS_s15_T1_test,67,63,69.1,0.40399494767189026,-0.5532898770712712
UBFC_PHYS_s15_T1_test,67,64,69.13333333333334,0.3573194742202759,-0.8694807369357329
UBFC_PHYS_s15_T1_test,67,65,69.16666666666667,0.31058603525161743,-1.1482237148722876
UBFC_PHYS_s15_T1_test,67,66,69.2,0.23673953115940094,-1.3549455019916647
UBFC_PHYS_s15_T1_test,67,67,69.23333333333333,0.11125451326370239,-1.4532365793652253
UBFC_PHYS_s15_T1_test,67,68,69.26666666666667,-0.04698251560330391,-1.4132276460907978
UBFC_PHYS_s15_T1_test,67,69,69.3,-0.20048826932907104,-1.2219187082623575
UBFC_PHYS_s15_T1_test,67,70,69.33333333333333,-0.3312259614467621,-0.8909840653279468
UBFC_PHYS_s15_T1_test,67,71,69.36666666666666,-0.41571301221847534,-0.45812270841035774
UBFC_PHYS_s15_T1_test,67,72,69.4,-0.46003252267837524,0.019200555374422015
UBFC_PHYS_s15_T1_test,67,73,69.43333333333334,-0.5488646626472473,0.4757784225130628
UBFC_PHYS_s15_T1_test,67,74,69.46666666666667,-0.7757341265678406,0.853032915933478
UBFC_PHYS_s15_T1_test,67,75,69.5,-1.10252046585083,1.1118439054828202
UBFC_PHYS_s15_T1_test,67,76,69.53333333333333,-1.297622799873352,1.2398531084259916
UBFC_PHYS_s15_T1_test,67,77,69.56666666666666,-1.113315463066101,1.2501531986942989
UBFC_PHYS_s15_T1_test,67,78,69.6,-0.5577092170715332,1.1710448028522618
UBFC_PHYS_s15_T1_test,67,79,69.63333333333334,0.08037570118904114,1.0311307089431523
UBFC_PHYS_s15_T1_test,67,80,69.66666666666667,0.5272591710090637,0.8480403217806075
UBFC_PHYS_s15_T1_test,67,81,69.7,0.739027202129364,0.6275532540376612
UBFC_PHYS_s15_T1_test,67,82,69.73333333333333,0.7970191240310669,0.3717404002723337
UBFC_PHYS_s15_T1_test,67,83,69.76666666666667,0.75515216588974,0.08784651503145233
UBFC_PHYS_s15_T1_test,67,84,69.8,0.6531690359115601,-0.20890038824682733
UBFC_PHYS_s15_T1_test,67,85,69.83333333333333,0.5539087653160095,-0.4986982637062707
UBFC_PHYS_s15_T1_test,67,86,69.86666666666666,0.5083726644515991,-0.762119162691963
UBFC_PHYS_s15_T1_test,67,87,69.9,0.5189939141273499,-0.9820465545842514
UBFC_PHYS_s15_T1_test,67,88,69.93333333333334,0.5372624397277832,-1.1419956607507296
UBFC_PHYS_s15_T1_test,67,89,69.96666666666667,0.48917722702026367,-1.2239846439433515
UBFC_PHYS_s15_T1_test,67,90,70.0,0.3249729871749878,-1.2094453912048184
UBFC_PHYS_s15_T1_test,67,91,70.03333333333333,0.057511087507009506,-1.084130588282665
UBFC_PHYS_s15_T1_test,67,92,70.06666666666666,-0.21898852288722992,-0.8451105909411734
UBFC_PHYS_s15_T1_test,67,93,70.1,-0.38402312994003296,-0.5065307706337837
UBFC_PHYS_s15_T1_test,67,94,70.13333333333334,-0.39252012968063354,-0.10129739412432759
UBFC_PHYS_s15_T1_test,67,95,70.16666666666667,-0.3487992584705353,0.3225488536823689
UBFC_PHYS_s15_T1_test,67,96,70.2,-0.3983328342437744,0.7103841259095247
UBFC_PHYS_s15_T1_test,67,97,70.23333333333333,-0.5553532242774963,1.0126373077658024
UBFC_PHYS_s15_T1_test,67,98,70.26666666666667,-0.6881765723228455,1.1963076470621588
UBFC_PHYS_s15_T1_test,67,99,70.3,-0.6161066889762878,1.2521839144549294
UBFC_PHYS_s15_T1_test,67,100,70.33333333333333,-0.23283474147319794,1.193994981367982
UBFC_PHYS_s15_T1_test,67,101,70.36666666666666,0.3630935549736023,1.04912111810665
UBFC_PHYS_s15_T1_test,67,102,70.4,0.8588926196098328,0.8460461002483484
UBFC_PHYS_s15_T1_test,67,103,70.43333333333334,1.010428547859192,0.6060821614586277
UBFC_PHYS_s15_T1_test,67,104,70.46666666666667,0.8779721856117249,0.34271362272350175
UBFC_PHYS_s15_T1_test,67,105,70.5,0.6569347381591797,0.06566311272325416
UBFC_PHYS_s15_T1_test,67,106,70.53333333333333,0.43301987648010254,-0.2154562212188888
UBFC_PHYS_s15_T1_test,67,107,70.56666666666666,0.24274535477161407,-0.49050019212741003
UBFC_PHYS_s15_T1_test,67,108,70.6,0.16536486148834229,-0.7495781069759564
UBFC_PHYS_s15_T1_test,67,109,70.63333333333334,0.2141645848751068,-0.9819662644773728
UBFC_PHYS_s15_T1_test,67,110,70.66666666666667,0.33057326078414917,-1.1723826881351669
UBFC_PHYS_s15_T1_test,67,111,70.7,0.48058366775512695,-1.2976716823704504
UBFC_PHYS_s15_T1_test,67,112,70.73333333333333,0.6041182279586792,-1.328080783268075
UBFC_PHYS_s15_T1_test,67,113,70.76666666666667,0.5733360052108765,-1.2348710516869223
UBFC_PHYS_s15_T1_test,67,114,70.8,0.3562573492527008,-1.001829895680967
UBFC_PHYS_s15_T1_test,67,115,70.83333333333333,0.05306947976350784,-0.6355343873693822
UBFC_PHYS_s15_T1_test,67,116,70.86666666666666,-0.28686782717704773,-0.169862509833811
UBFC_PHYS_s15_T1_test,67,117,70.9,-0.6867861747741699,0.33715992328673094
UBFC_PHYS_s15_T1_test,67,118,70.93333333333334,-1.118124008178711,0.8137971807856054
UBFC_PHYS_s15_T1_test,67,119,70.96666666666667,-1.4640864133834839,1.1902542878833857
UBFC_PHYS_s15_T1_test,67,120,71.0,-1.5949592590332031,1.415775742878257
UBFC_PHYS_s15_T1_test,67,121,71.03333333333333,-1.4803465604782104,1.4716870682154386
UBFC_PHYS_s15_T1_test,67,122,71.06666666666666,-1.2539598941802979,1.3743569693694626
UBFC_PHYS_s15_T1_test,67,123,71.1,-1.0657323598861694,1.1654078693596908
UBFC_PHYS_s15_T1_test,67,124,71.13333333333334,-0.9632857441902161,0.8936617879991271
UBFC_PHYS_s15_T1_test,67,125,71.16666666666667,-0.9189662337303162,0.5984488473593784
UBFC_PHYS_s15_T1_test,67,126,71.2,-0.9181745052337646,0.3020110825156026
UBFC_PHYS_s15_T1_test,67,127,71.23333333333333,-0.9642706513404846,0.011981929641272435
UBFC_PHYS_s15_T1_test,67,128,71.26666666666667,-1.0118730068206787,-0.2710126841794134
UBFC_PHYS_s15_T1_test,67,129,71.3,-0.9820177555084229,-0.5465403934881732
UBFC_PHYS_s15_T1_test,67,130,71.33333333333333,-0.8821781873703003,-0.8102661995205056
UBFC_PHYS_s15_T1_test,67,131,71.36666666666666,-0.7862974405288696,-1.0508479965722173
UBFC_PHYS_s15_T1_test,67,132,71.4,-0.7048615217208862,-1.2470285162502186
UBFC_PHYS_s15_T1_test,67,133,71.43333333333334,-0.6008893847465515,-1.3672286061937897
UBFC_PHYS_s15_T1_test,67,134,71.46666666666667,-0.5136986970901489,-1.3747306450080956
UBFC_PHYS_s15_T1_test,67,135,71.5,-0.4976896047592163,-1.2389402354901669
UBFC_PHYS_s15_T1_test,67,136,71.53333333333333,-0.4852917492389679,-0.9491040569365358
UBFC_PHYS_s15_T1_test,67,137,71.56666666666666,-0.38473764061927795,-0.5243869525034934
UBFC_PHYS_s15_T1_test,67,138,71.6,-0.24712511897087097,-0.015357435152434368
UBFC_PHYS_s15_T1_test,67,139,71.63333333333334,-0.19604666531085968,0.5044780438172953
UBFC_PHYS_s15_T1_test,67,140,71.66666666666667,-0.24567677080631256,0.9548336836783826
UBFC_PHYS_s15_T1_test,67,141,71.7,-0.24156346917152405,1.2679504471749312
UBFC_PHYS_s15_T1_test,67,142,71.73333333333333,0.0014309873804450035,1.4057024019236626
UBFC_PHYS_s15_T1_test,67,143,71.76666666666667,0.4988521933555603,1.3691340323517505
UBFC_PHYS_s15_T1_test,67,144,71.8,1.0566213130950928,1.1958987540461994
UBFC_PHYS_s15_T1_test,67,145,71.83333333333333,1.4469611644744873,0.9447581415706676
UBFC_PHYS_s15_T1_test,67,146,71.86666666666666,1.5670583248138428,0.6729487430490426
UBFC_PHYS_s15_T1_test,67,147,71.9,1.4967458248138428,0.4169514540156167
UBFC_PHYS_s15_T1_test,67,148,71.93333333333334,1.422455072402954,0.18544092513956986
UBFC_PHYS_s15_T1_test,67,149,71.96666666666667,1.4753488302230835,-0.0339480789657377
UBFC_PHYS_s15_T1_test,67,150,72.0,1.673386573791504,-0.2600290236674066
UBFC_PHYS_s15_T1_test,67,151,72.03333333333333,1.9784668684005737,-0.5043575692648579
UBFC_PHYS_s15_T1_test,67,152,72.06666666666666,2.3175158500671387,-0.7633686366799259
UBFC_PHYS_s15_T1_test,67,153,72.1,2.639667510986328,-1.0161947452707385
UBFC_PHYS_s15_T1_test,67,154,72.13333333333334,2.9473161697387695,-1.2267166048264009
UBFC_PHYS_s15_T1_test,67,155,72.16666666666667,3.1618072986602783,-1.3497684185014758
UBFC_PHYS_s15_T1_test,67,156,72.2,3.0697693824768066,-1.341810909073859
UBFC_PHYS_s15_T1_test,67,157,72.23333333333333,2.636326551437378,-1.1746218632195535
UBFC_PHYS_s15_T1_test,67,158,72.26666666666667,2.1818151473999023,-0.8478250230086709
UBFC_PHYS_s15_T1_test,67,159,72.3,1.9733686447143555,-0.39479655369721384
UBFC_PHYS_s15_T1_test,67,160,72.33333333333333,1.8892872333526611,0.1216732511850768
UBFC_PHYS_s15_T1_test,67,161,72.36666666666666,1.695420742034912,0.6234379370663816
UBFC_PHYS_s15_T1_test,67,162,72.4,1.350172758102417,1.0360916022632887
UBFC_PHYS_s15_T1_test,67,163,72.43333333333334,1.0203739404678345,1.3065201740996868
UBFC_PHYS_s15_T1_test,67,164,72.46666666666667,0.86354660987854,1.4135122911116322
UBFC_PHYS_s15_T1_test,67,165,72.5,0.8014800548553467,1.3688515297359867
UBFC_PHYS_s15_T1_test,67,166,72.53333333333333,0.5796121954917908,1.2090125840669665
UBFC_PHYS_s15_T1_test,67,167,72.56666666666666,0.04905272275209427,0.9801265413382738
UBFC_PHYS_s15_T1_test,67,168,72.6,-0.7430400252342224,0.7214319760504914
UBFC_PHYS_s15_T1_test,67,169,72.63333333333334,-1.5797805786132812,0.45378051654072193
UBFC_PHYS_s15_T1_test,67,170,72.66666666666667,-2.1939001083374023,0.17835713620488772
UBFC_PHYS_s15_T1_test,67,171,72.7,-2.4567272663116455,-0.11394612260088939
UBFC_PHYS_s15_T1_test,67,172,72.73333333333333,-2.4427073001861572,-0.42818177330060175
UBFC_PHYS_s15_T1_test,67,173,72.76666666666667,-2.359301805496216,-0.7543099996945162
UBFC_PHYS_s15_T1_test,67,174,72.8,-2.365886926651001,-1.064262477774276
UBFC_PHYS_s15_T1_test,67,175,72.83333333333333,-2.3626811504364014,-1.3164754192517192
UBFC_PHYS_s15_T1_test,67,176,72.86666666666666,-2.1663429737091064,-1.4649301697091428
UBFC_PHYS_s15_T1_test,67,177,72.9,-1.8215970993041992,-1.4701859567308475
UBFC_PHYS_s15_T1_test,67,178,72.93333333333334,-1.5359245538711548,-1.3104764209629578
UBFC_PHYS_s15_T1_test,67,179,72.96666666666667,-1.4603593349456787,-0.9906495302185638
UBFC_PHYS_s15_T1_test,67,180,73.0,-1.6728805303573608,-0.546045657132463
UBFC_PHYS_s15_T1_test,67,181,73.03333333333333,-2.1776206493377686,-0.0384949680022861
UBFC_PHYS_s15_T1_test,67,182,73.06666666666666,-2.816091775894165,0.4564827135902062
UBFC_PHYS_s15_T1_test,67,183,73.1,-3.363278388977051,0.8683774198381619
UBFC_PHYS_s15_T1_test,67,184,73.13333333333334,-3.6069486141204834,1.1493638140692046
UBFC_PHYS_s15_T1_test,67,185,73.16666666666667,-3.461688995361328,1.2833896255933739
UBFC_PHYS_s15_T1_test,67,186,73.2,-3.0543744564056396,1.2835572807495352
UBFC_PHYS_s15_T1_test,67,187,73.23333333333333,-2.590400457382202,1.1808007863011434
UBFC_PHYS_s15_T1_test,67,188,73.26666666666667,-2.1656863689422607,1.010149317640107
UBFC_PHYS_s15_T1_test,67,189,73.3,-1.8222343921661377,0.8000668873914575
UBFC_PHYS_s15_T1_test,67,190,73.33333333333333,-1.608477234840393,0.5671410642520323
UBFC_PHYS_s15_T1_test,67,191,73.36666666666666,-1.4812928438186646,0.31594945262740864
UBFC_PHYS_s15_T1_test,67,192,73.4,-1.3269567489624023,0.043759747357757804
UBFC_PHYS_s15_T1_test,67,193,73.43333333333334,-1.0933668613433838,-0.2507398316099958
UBFC_PHYS_s15_T1_test,67,194,73.46666666666667,-0.784964919090271,-0.5581309564374409
UBFC_PHYS_s15_T1_test,67,195,73.5,-0.421216756105423,-0.8535204909096005
UBFC_PHYS_s15_T1_test,67,196,73.53333333333333,-0.0866093635559082,-1.099160825509666
UBFC_PHYS_s15_T1_test,67,197,73.56666666666666,0.1318017691373825,-1.253027670326804
UBFC_PHYS_s15_T1_test,67,198,73.6,0.26987776160240173,-1.2795680992017004
UBFC_PHYS_s15_T1_test,67,199,73.63333333333334,0.39650213718414307,-1.1591554593576936
UBFC_PHYS_s15_T1_test,67,200,73.66666666666667,0.4755047857761383,-0.8945015988483718
UBFC_PHYS_s15_T1_test,67,201,73.7,0.44866204261779785,-0.5133697300822042
UBFC_PHYS_s15_T1_test,67,202,73.73333333333333,0.36494743824005127,-0.06649353038553357
UBFC_PHYS_s15_T1_test,67,203,73.76666666666667,0.3435504734516144,0.3808990568144613
UBFC_PHYS_s15_T1_test,67,204,73.8,0.4659843146800995,0.7640590363350751
UBFC_PHYS_s15_T1_test,67,205,73.83333333333333,0.6944952607154846,1.036169643756576
UBFC_PHYS_s15_T1_test,67,206,73.86666666666666,0.8746313452720642,1.1799348446686055
UBFC_PHYS_s15_T1_test,67,207,73.9,0.8931316137313843,1.206075433483719
UBFC_PHYS_s15_T1_test,67,208,73.93333333333334,0.8203085660934448,1.1399566466762232
UBFC_PHYS_s15_T1_test,67,209,73.96666666666667,0.7819948792457581,1.005865868366939
UBFC_PHYS_s15_T1_test,67,210,74.0,0.7803341150283813,0.8187007784260747
UBFC_PHYS_s15_T1_test,67,211,74.03333333333333,0.7795809507369995,0.585927663377503
UBFC_PHYS_s15_T1_test,67,212,74.06666666666666,0.8217182755470276,0.314909311259129
UBFC_PHYS_s15_T1_test,67,213,74.1,0.8989829421043396,0.01823564179485771
UBFC_PHYS_s15_T1_test,67,214,74.13333333333334,0.9064177870750427,-0.28600502816827117
UBFC_PHYS_s15_T1_test,67,215,74.16666666666667,0.8212741613388062,-0.5768348926745753
UBFC_PHYS_s15_T1_test,67,216,74.2,0.7524099349975586,-0.833125270474209
UBFC_PHYS_s15_T1_test,67,217,74.23333333333333,0.751521646976471,-1.035883562438252
UBFC_PHYS_s15_T1_test,67,218,74.26666666666667,0.7681679725646973,-1.1703080175319673
UBFC_PHYS_s15_T1_test,67,219,74.3,0.7695004940032959,-1.2271920542200376
UBFC_PHYS_s15_T1_test,67,220,74.33333333333333,0.6983575224876404,-1.2029887459814426
UBFC_PHYS_s15_T1_test,67,221,74.36666666666666,0.46890032291412354,-1.098613609380457
UBFC_PHYS_s15_T1_test,67,222,74.4,0.1803697645664215,-0.9183334128203199
UBFC_PHYS_s15_T1_test,67,223,74.43333333333334,0.09387432038784027,-0.6705696574714106
UBFC_PHYS_s15_T1_test,67,224,74.46666666666667,0.3017607629299164,-0.37113027472102483
UBFC_PHYS_s15_T1_test,67,225,74.5,0.6331818103790283,-0.04652212470671254
UBFC_PHYS_s15_T1_test,67,226,74.53333333333333,0.8920694589614868,0.2672586822411073
UBFC_PHYS_s15_T1_test,67,227,74.56666666666666,1.0534542798995972,0.532862450208892
UBFC_PHYS_s15_T1_test,67,228,74.6,1.1877259016036987,0.722352674941493
UBFC_PHYS_s15_T1_test,67,229,74.63333333333334,1.3165518045425415,0.8228354183205266
UBFC_PHYS_s15_T1_test,67,230,74.66666666666667,1.3867098093032837,0.8343061534232495
UBFC_PHYS_s15_T1_test,67,231,74.7,1.337369441986084,0.7645810028299821
UBFC_PHYS_s15_T1_test,67,232,74.73333333333333,1.1726630926132202,0.6276208929484186
UBFC_PHYS_s15_T1_test,67,233,74.76666666666667,1.0007729530334473,0.44648218823328717
UBFC_PHYS_s15_T1_test,67,234,74.8,0.9566272497177124,0.25578634326968525
UBFC_PHYS_s15_T1_test,67,235,74.83333333333333,1.028774380683899,0.09730429707071882
UBFC_PHYS_s15_T1_test,67,236,74.86666666666666,1.0976579189300537,0.007963620310675133
UBFC_PHYS_s15_T1_test,67,237,74.9,1.1113688945770264,0.006284315416186489
UBFC_PHYS_s15_T1_test,67,238,74.93333333333334,1.0936990976333618,0.08445498078448113
UBFC_PHYS_s15_T1_test,67,239,74.96666666666667,1.009366512298584,0.20971501130862213
UBFC_PHYS_s15_T1_test,68,0,68.0,-0.6257237195968628,-0.05732184690161911
UBFC_PHYS_s15_T1_test,68,1,68.03333333333333,-1.0140745639801025,0.2120878670206894
UBFC_PHYS_s15_T1_test,68,2,68.06666666666666,-1.1169846057891846,0.4168075349781035
UBFC_PHYS_s15_T1_test,68,3,68.1,-0.8436713814735413,0.5167261276814261
UBFC_PHYS_s15_T1_test,68,4,68.13333333333334,-0.4126618206501007,0.5083114876031354
UBFC_PHYS_s15_T1_test,68,5,68.16666666666667,-0.09562774747610092,0.41992852691764204
UBFC_PHYS_s15_T1_test,68,6,68.2,0.07446642965078354,0.2937941263570059
UBFC_PHYS_s15_T1_test,68,7,68.23333333333333,0.17003819346427917,0.16594574200633688
UBFC_PHYS_s15_T1_test,68,8,68.26666666666667,0.14997373521327972,0.053621185731944354
UBFC_PHYS_s15_T1_test,68,9,68.3,0.010217641480267048,-0.047316076401718955
UBFC_PHYS_s15_T1_test,68,10,68.33333333333333,-0.0824960470199585,-0.15632762212321405
UBFC_PHYS_s15_T1_test,68,11,68.36666666666666,0.00027230760315433145,-0.295994723847862
UBFC_PHYS_s15_T1_test,68,12,68.4,0.1949111968278885,-0.47710801271165315
UBFC_PHYS_s15_T1_test,68,13,68.43333333333334,0.37545281648635864,-0.6862704557010253
UBFC_PHYS_s15_T1_test,68,14,68.46666666666667,0.48031333088874817,-0.8823650980202389
UBFC_PHYS_s15_T1_test,68,15,68.5,0.4672009348869324,-1.0060243515114227
UBFC_PHYS_s15_T1_test,68,16,68.53333333333333,0.31580010056495667,-0.999995718373589
UBFC_PHYS_s15_T1_test,68,17,68.56666666666666,0.13191764056682587,-0.8320100796474812
UBFC_PHYS_s15_T1_test,68,18,68.6,0.04260274022817612,-0.5099934110575761
UBFC_PHYS_s15_T1_test,68,19,68.63333333333334,0.0217658169567585,-0.08299236747757868
UBFC_PHYS_s15_T1_test,68,20,68.66666666666667,-0.08500652015209198,0.3723201702943171
UBFC_PHYS_s15_T1_test,68,21,68.7,-0.3700610399246216,0.7739122297605876
UBFC_PHYS_s15_T1_test,68,22,68.73333333333333,-0.7665805816650391,1.0573786326295291
UBFC_PHYS_s15_T1_test,68,23,68.76666666666667,-1.0625267028808594,1.1922958142794688
UBFC_PHYS_s15_T1_test,68,24,68.8,-0.9800480008125305,1.1869865198272584
UBFC_PHYS_s15_T1_test,68,25,68.83333333333333,-0.46939852833747864,1.0802478335268373
UBFC_PHYS_s15_T1_test,68,26,68.86666666666666,0.1384255588054657,0.9229457828077858
UBFC_PHYS_s15_T1_test,68,27,68.9,0.47965672612190247,0.7566946071118617
UBFC_PHYS_s15_T1_test,68,28,68.93333333333334,0.5526149272918701,0.599110149398222
UBFC_PHYS_s15_T1_test,68,29,68.96666666666667,0.5598180294036865,0.4422811719966135
UBFC_PHYS_s15_T1_test,68,30,69.0,0.5680060386657715,0.26326406986571294
UBFC_PHYS_s15_T1_test,68,31,69.03333333333333,0.5315462946891785,0.03903774677753851
UBFC_PHYS_s15_T1_test,68,32,69.06666666666666,0.46407249569892883,-0.24119838757637366
UBFC_PHYS_s15_T1_test,68,33,69.1,0.40399494767189026,-0.5690297788695075
UBFC_PHYS_s15_T1_test,68,34,69.13333333333334,0.3573194742202759,-0.9147203513048277
UBFC_PHYS_s15_T1_test,68,35,69.16666666666667,0.31058603525161743,-1.2295570952744865
UBFC_PHYS_s15_T1_test,68,36,69.2,0.23673953115940094,-1.453573534448697
UBFC_PHYS_s15_T1_test,68,37,69.23333333333333,0.11125451326370239,-1.5293455058571048
UBFC_PHYS_s15_T1_test,68,38,69.26666666666667,-0.04698251560330391,-1.4193743017280227
UBFC_PHYS_s15_T1_test,68,39,69.3,-0.20048826932907104,-1.121023533778946
UBFC_PHYS_s15_T1_test,68,40,69.33333333333333,-0.3312259614467621,-0.6723856857129057
UBFC_PHYS_s15_T1_test,68,41,69.36666666666666,-0.41571301221847534,-0.14536685239593106
UBFC_PHYS_s15_T1_test,68,42,69.4,-0.46003252267837524,0.37278348506861936
UBFC_PHYS_s15_T1_test,68,43,69.43333333333334,-0.5488646626472473,0.8033642163019588
UBFC_PHYS_s15_T1_test,68,44,69.46666666666667,-0.7757341265678406,1.096673987339284
UBFC_PHYS_s15_T1_test,68,45,69.5,-1.10252046585083,1.2412959107462533
UBFC_PHYS_s15_T1_test,68,46,69.53333333333333,-1.297622799873352,1.2593674673430948
UBFC_PHYS_s15_T1_test,68,47,69.56666666666666,-1.113315463066101,1.1908486194393753
UBFC_PHYS_s15_T1_test,68,48,69.6,-0.5577092170715332,1.0737138967527755
UBFC_PHYS_s15_T1_test,68,49,69.63333333333334,0.08037570118904114,0.9282966340797663
UBFC_PHYS_s15_T1_test,68,50,69.66666666666667,0.5272591710090637,0.7526922467530944
UBFC_PHYS_s15_T1_test,68,51,69.7,0.739027202129364,0.5311544514450591
UBFC_PHYS_s15_T1_test,68,52,69.73333333333333,0.7970191240310669,0.24994083829165917
UBFC_PHYS_s15_T1_test,68,53,69.76666666666667,0.75515216588974,-0.08914957460828446
UBFC_PHYS_s15_T1_test,68,54,69.8,0.6531690359115601,-0.4642403256493621
UBFC_PHYS_s15_T1_test,68,55,69.83333333333333,0.5539087653160095,-0.8377423695253889
UBFC_PHYS_s15_T1_test,68,56,69.86666666666666,0.5083726644515991,-1.1649501585999271
UBFC_PHYS_s15_T1_test,68,57,69.9,0.5189939141273499,-1.4022052616578133
UBFC_PHYS_s15_T1_test,68,58,69.93333333333334,0.5372624397277832,-1.5131674924745768
UBFC_PHYS_s15_T1_test,68,59,69.96666666666667,0.48917722702026367,-1.474392725772282
UBFC_PHYS_s15_T1_test,68,60,70.0,0.3249729871749878,-1.2808825611687493
UBFC_PHYS_s15_T1_test,68,61,70.03333333333333,0.057511087507009506,-0.9499147588098477
UBFC_PHYS_s15_T1_test,68,62,70.06666666666666,-0.21898852288722992,-0.5202534506538793
UBFC_PHYS_s15_T1_test,68,63,70.1,-0.38402312994003296,-0.04526041932422494
UBFC_PHYS_s15_T1_test,68,64,70.13333333333334,-0.39252012968063354,0.4182429036291914
UBFC_PHYS_s15_T1_test,68,65,70.16666666666667,-0.3487992584705353,0.8210582162149919
UBFC_PHYS_s15_T1_test,68,66,70.2,-0.3983328342437744,1.12887984414446
UBFC_PHYS_s15_T1_test,68,67,70.23333333333333,-0.5553532242774963,1.324557075206027
UBFC_PHYS_s15_T1_test,68,68,70.26666666666667,-0.6881765723228455,1.4064160670042634
UBFC_PHYS_s15_T1_test,68,69,70.3,-0.6161066889762878,1.3842619190866536
UBFC_PHYS_s15_T1_test,68,70,70.33333333333333,-0.23283474147319794,1.2738892230898549
UBFC_PHYS_s15_T1_test,68,71,70.36666666666666,0.3630935549736023,1.0910055791791955
UBFC_PHYS_s15_T1_test,68,72,70.4,0.8588926196098328,0.8472113888421416
UBFC_PHYS_s15_T1_test,68,73,70.43333333333334,1.010428547859192,0.5508479529556978
UBFC_PHYS_s15_T1_test,68,74,70.46666666666667,0.8779721856117249,0.21197190316372128
UBFC_PHYS_s15_T1_test,68,75,70.5,0.6569347381591797,-0.15292610392944758
UBFC_PHYS_s15_T1_test,68,76,70.53333333333333,0.43301987648010254,-0.5203840393827845
UBFC_PHYS_s15_T1_test,68,77,70.56666666666666,0.24274535477161407,-0.8637832088750398
UBFC_PHYS_s15_T1_test,68,78,70.6,0.16536486148834229,-1.1581568257108978
UBFC_PHYS_s15_T1_test,68,79,70.63333333333334,0.2141645848751068,-1.382239930320398
UBFC_PHYS_s15_T1_test,68,80,70.66666666666667,0.33057326078414917,-1.517119261756427
UBFC_PHYS_s15_T1_test,68,81,70.7,0.48058366775512695,-1.544376888083198
UBFC_PHYS_s15_T1_test,68,82,70.73333333333333,0.6041182279586792,-1.447281140656328
UBFC_PHYS_s15_T1_test,68,83,70.76666666666667,0.5733360052108765,-1.2161475699617093
UBFC_PHYS_s15_T1_test,68,84,70.8,0.3562573492527008,-0.8555803834649031
UBFC_PHYS_s15_T1_test,68,85,70.83333333333333,0.05306947976350784,-0.38968562246799776
UBFC_PHYS_s15_T1_test,68,86,70.86666666666666,-0.28686782717704773,0.1373314423002252
UBFC_PHYS_s15_T1_test,68,87,70.9,-0.6867861747741699,0.6656162798742478
UBFC_PHYS_s15_T1_test,68,88,70.93333333333334,-1.118124008178711,1.1287438256755915
UBFC_PHYS_s15_T1_test,68,89,70.96666666666667,-1.4640864133834839,1.4664991789797466
UBFC_PHYS_s15_T1_test,68,90,71.0,-1.5949592590332031,1.638733594490787
UBFC_PHYS_s15_T1_test,68,91,71.03333333333333,-1.4803465604782104,1.635471423844029
UBFC_PHYS_s15_T1_test,68,92,71.06666666666666,-1.2539598941802979,1.4779401538496875
UBFC_PHYS_s15_T1_test,68,93,71.1,-1.0657323598861694,1.2085891401390072
UBFC_PHYS_s15_T1_test,68,94,71.13333333333334,-0.9632857441902161,0.8747002634643264
UBFC_PHYS_s15_T1_test,68,95,71.16666666666667,-0.9189662337303162,0.514340783714582
UBFC_PHYS_s15_T1_test,68,96,71.2,-0.9181745052337646,0.15093816936672289
UBFC_PHYS_s15_T1_test,68,97,71.23333333333333,-0.9642706513404846,-0.20358582821282703
UBFC_PHYS_s15_T1_test,68,98,71.26666666666667,-1.0118730068206787,-0.541924592691482
UBFC_PHYS_s15_T1_test,68,99,71.3,-0.9820177555084229,-0.8557373629313587
UBFC_PHYS_s15_T1_test,68,100,71.33333333333333,-0.8821781873703003,-1.1327085884987724
UBFC_PHYS_s15_T1_test,68,101,71.36666666666666,-0.7862974405288696,-1.3548330771920902
UBFC_PHYS_s15_T1_test,68,102,71.4,-0.7048615217208862,-1.4972492379397129
UBFC_PHYS_s15_T1_test,68,103,71.43333333333334,-0.6008893847465515,-1.5294770226852161
UBFC_PHYS_s15_T1_test,68,104,71.46666666666667,-0.5136986970901489,-1.4215208928238672
UBFC_PHYS_s15_T1_test,68,105,71.5,-0.4976896047592163,-1.1549305153712537
UBFC_PHYS_s15_T1_test,68,106,71.53333333333333,-0.4852917492389679,-0.7351000407323097
UBFC_PHYS_s15_T1_test,68,107,71.56666666666666,-0.38473764061927795,-0.19882931347224264
UBFC_PHYS_s15_T1_test,68,108,71.6,-0.24712511897087097,0.38748417435417604
UBFC_PHYS_s15_T1_test,68,109,71.63333333333334,-0.19604666531085968,0.9397032428271198
UBFC_PHYS_s15_T1_test,68,110,71.66666666666667,-0.24567677080631256,1.3744802815257002
UBFC_PHYS_s15_T1_test,68,111,71.7,-0.24156346917152405,1.6288529564684198
UBFC_PHYS_s15_T1_test,68,112,71.73333333333333,0.0014309873804450035,1.6753847141308047
UBFC_PHYS_s15_T1_test,68,113,71.76666666666667,0.4988521933555603,1.5283913452748268
UBFC_PHYS_s15_T1_test,68,114,71.8,1.0566213130950928,1.2381186834826112
UBFC_PHYS_s15_T1_test,68,115,71.83333333333333,1.4469611644744873,0.8731769761756785
UBFC_PHYS_s15_T1_test,68,116,71.86666666666666,1.5670583248138428,0.49749023183390806
UBFC_PHYS_s15_T1_test,68,117,71.9,1.4967458248138428,0.15192581226557472
UBFC_PHYS_s15_T1_test,68,118,71.93333333333334,1.422455072402954,-0.151558289080628
UBFC_PHYS_s15_T1_test,68,119,71.96666666666667,1.4753488302230835,-0.4224246989671366
UBFC_PHYS_s15_T1_test,68,120,72.0,1.673386573791504,-0.6767511024229758
UBFC_PHYS_s15_T1_test,68,121,72.03333333333333,1.9784668684005737,-0.9233283070747647
UBFC_PHYS_s15_T1_test,68,122,72.06666666666666,2.3175158500671387,-1.1555027077999909
UBFC_PHYS_s15_T1_test,68,123,72.1,2.639667510986328,-1.349108362883883
UBFC_PHYS_s15_T1_test,68,124,72.13333333333334,2.9473161697387695,-1.4655688705732217
UBFC_PHYS_s15_T1_test,68,125,72.16666666666667,3.1618072986602783,-1.4601510642356528
UBFC_PHYS_s15_T1_test,68,126,72.2,3.0697693824768066,-1.2952269864176371
UBFC_PHYS_s15_T1_test,68,127,72.23333333333333,2.636326551437378,-0.9561048442402744
UBFC_PHYS_s15_T1_test,68,128,72.26666666666667,2.1818151473999023,-0.46380409044640075
UBFC_PHYS_s15_T1_test,68,129,72.3,1.9733686447143555,0.12191387383834414
UBFC_PHYS_s15_T1_test,68,130,72.33333333333333,1.8892872333526611,0.7128432305548434
UBFC_PHYS_s15_T1_test,68,131,72.36666666666666,1.695420742034912,1.2136204528800647
UBFC_PHYS_s15_T1_test,68,132,72.4,1.350172758102417,1.5463404904884683
UBFC_PHYS_s15_T1_test,68,133,72.43333333333334,1.0203739404678345,1.6694977559284865
UBFC_PHYS_s15_T1_test,68,134,72.46666666666667,0.86354660987854,1.5856443115940113
UBFC_PHYS_s15_T1_test,68,135,72.5,0.8014800548553467,1.336830552558599
UBFC_PHYS_s15_T1_test,68,136,72.53333333333333,0.5796121954917908,0.9896521630631941
UBFC_PHYS_s15_T1_test,68,137,72.56666666666666,0.04905272275209427,0.613859132326971
UBFC_PHYS_s15_T1_test,68,138,72.6,-0.7430400252342224,0.26149385860730573
UBFC_PHYS_s15_T1_test,68,139,72.63333333333334,-1.5797805786132812,-0.045163346888776455
UBFC_PHYS_s15_T1_test,68,140,72.66666666666667,-2.1939001083374023,-0.31178102864871826
UBFC_PHYS_s15_T1_test,68,141,72.7,-2.4567272663116455,-0.5578846837500235
UBFC_PHYS_s15_T1_test,68,142,72.73333333333333,-2.4427073001861572,-0.7983401317200925
UBFC_PHYS_s15_T1_test,68,143,72.76666666666667,-2.359301805496216,-1.029884329692497
UBFC_PHYS_s15_T1_test,68,144,72.8,-2.365886926651001,-1.2279043944235344
UBFC_PHYS_s15_T1_test,68,145,72.83333333333333,-2.3626811504364014,-1.3526605428657517
UBFC_PHYS_s15_T1_test,68,146,72.86666666666666,-2.1663429737091064,-1.3610674537860707
UBFC_PHYS_s15_T1_test,68,147,72.9,-1.8215970993041992,-1.220190328732208
UBFC_PHYS_s15_T1_test,68,148,72.93333333333334,-1.5359245538711548,-0.9195715874078676
UBFC_PHYS_s15_T1_test,68,149,72.96666666666667,-1.4603593349456787,-0.47976099273128103
UBFC_PHYS_s15_T1_test,68,150,73.0,-1.6728805303573608,0.04607846433758296
UBFC_PHYS_s15_T1_test,68,151,73.03333333333333,-2.1776206493377686,0.5801541909284251
UBFC_PHYS_s15_T1_test,68,152,73.06666666666666,-2.816091775894165,1.037394590267192
UBFC_PHYS_s15_T1_test,68,153,73.1,-3.363278388977051,1.3474360110696302
UBFC_PHYS_s15_T1_test,68,154,73.13333333333334,-3.6069486141204834,1.4730017485306948
UBFC_PHYS_s15_T1_test,68,155,73.16666666666667,-3.461688995361328,1.4170800617009642
UBFC_PHYS_s15_T1_test,68,156,73.2,-3.0543744564056396,1.216767763826224
UBFC_PHYS_s15_T1_test,68,157,73.23333333333333,-2.590400457382202,0.9278169382703987
UBFC_PHYS_s15_T1_test,68,158,73.26666666666667,-2.1656863689422607,0.606534051394192
UBFC_PHYS_s15_T1_test,68,159,73.3,-1.8222343921661377,0.2948630638990691
UBFC_PHYS_s15_T1_test,68,160,73.33333333333333,-1.608477234840393,0.012437026714905545
UBFC_PHYS_s15_T1_test,68,161,73.36666666666666,-1.4812928438186646,-0.24266667095215474
UBFC_PHYS_s15_T1_test,68,162,73.4,-1.3269567489624023,-0.4847680717099353
UBFC_PHYS_s15_T1_test,68,163,73.43333333333334,-1.0933668613433838,-0.7261188919975379
UBFC_PHYS_s15_T1_test,68,164,73.46666666666667,-0.784964919090271,-0.9633861125584396
UBFC_PHYS_s15_T1_test,68,165,73.5,-0.421216756105423,-1.1719002567327352
UBFC_PHYS_s15_T1_test,68,166,73.53333333333333,-0.0866093635559082,-1.3106254539201374
UBFC_PHYS_s15_T1_test,68,167,73.56666666666666,0.1318017691373825,-1.335293639556998
UBFC_PHYS_s15_T1_test,68,168,73.6,0.26987776160240173,-1.2138779860408897
UBFC_PHYS_s15_T1_test,68,169,73.63333333333334,0.39650213718414307,-0.9387564864871836
UBFC_PHYS_s15_T1_test,68,170,73.66666666666667,0.4755047857761383,-0.5323559878268772
UBFC_PHYS_s15_T1_test,68,171,73.7,0.44866204261779785,-0.045424961376625425
UBFC_PHYS_s15_T1_test,68,172,73.73333333333333,0.36494743824005127,0.45195763250222526
UBFC_PHYS_s15_T1_test,68,173,73.76666666666667,0.3435504734516144,0.8856198333287427
UBFC_PHYS_s15_T1_test,68,174,73.8,0.4659843146800995,1.1954192722348895
UBFC_PHYS_s15_T1_test,68,175,73.83333333333333,0.6944952607154846,1.3500970983459368
UBFC_PHYS_s15_T1_test,68,176,73.86666666666666,0.8746313452720642,1.3520588279533974
UBFC_PHYS_s15_T1_test,68,177,73.9,0.8931316137313843,1.2292813013204642
UBFC_PHYS_s15_T1_test,68,178,73.93333333333334,0.8203085660934448,1.01922974090882
UBFC_PHYS_s15_T1_test,68,179,73.96666666666667,0.7819948792457581,0.754504608377127
UBFC_PHYS_s15_T1_test,68,180,74.0,0.7803341150283813,0.45708614590633234
UBFC_PHYS_s15_T1_test,68,181,74.03333333333333,0.7795809507369995,0.14102669358418918
UBFC_PHYS_s15_T1_test,68,182,74.06666666666666,0.8217182755470276,-0.181372688012341
UBFC_PHYS_s15_T1_test,68,183,74.1,0.8989829421043396,-0.49481486136458647
UBFC_PHYS_s15_T1_test,68,184,74.13333333333334,0.9064177870750427,-0.7791398278933643
UBFC_PHYS_s15_T1_test,68,185,74.16666666666667,0.8212741613388062,-1.0092193045317015
UBFC_PHYS_s15_T1_test,68,186,74.2,0.7524099349975586,-1.1564374952251681
UBFC_PHYS_s15_T1_test,68,187,74.23333333333333,0.751521646976471,-1.1932546845565961
UBFC_PHYS_s15_T1_test,68,188,74.26666666666667,0.7681679725646973,-1.101269043419576
UBFC_PHYS_s15_T1_test,68,189,74.3,0.7695004940032959,-0.8801903325426651
UBFC_PHYS_s15_T1_test,68,190,74.33333333333333,0.6983575224876404,-0.5531241995670639
UBFC_PHYS_s15_T1_test,68,191,74.36666666666666,0.46890032291412354,-0.16437939531533075
UBFC_PHYS_s15_T1_test,68,192,74.4,0.1803697645664215,0.23044719451192738
UBFC_PHYS_s15_T1_test,68,193,74.43333333333334,0.09387432038784027,0.5782825078161764
UBFC_PHYS_s15_T1_test,68,194,74.46666666666667,0.3017607629299164,0.8405051374131427
UBFC_PHYS_s15_T1_test,68,195,74.5,0.6331818103790283,0.9986096296897236
UBFC_PHYS_s15_T1_test,68,196,74.53333333333333,0.8920694589614868,1.0530084355502711
UBFC_PHYS_s15_T1_test,68,197,74.56666666666666,1.0534542798995972,1.0173121243615035
UBFC_PHYS_s15_T1_test,68,198,74.6,1.1877259016036987,0.9105439405379501
UBFC_PHYS_s15_T1_test,68,199,74.63333333333334,1.3165518045425415,0.749195919855
UBFC_PHYS_s15_T1_test,68,200,74.66666666666667,1.3867098093032837,0.5419441316571509
UBFC_PHYS_s15_T1_test,68,201,74.7,1.337369441986084,0.29021806777106224
UBFC_PHYS_s15_T1_test,68,202,74.73333333333333,1.1726630926132202,-0.004731975263902829
UBFC_PHYS_s15_T1_test,68,203,74.76666666666667,1.0007729530334473,-0.3319102372201347
UBFC_PHYS_s15_T1_test,68,204,74.8,0.9566272497177124,-0.6642295111770825
UBFC_PHYS_s15_T1_test,68,205,74.83333333333333,1.028774380683899,-0.9606923220466839
UBFC_PHYS_s15_T1_test,68,206,74.86666666666666,1.0976579189300537,-1.1765169883143147
UBFC_PHYS_s15_T1_test,68,207,74.9,1.1113688945770264,-1.2757904275771392
UBFC_PHYS_s15_T1_test,68,208,74.93333333333334,1.0936990976333618,-1.2411198546800284
UBFC_PHYS_s15_T1_test,68,209,74.96666666666667,1.009366512298584,-1.077790257337406
UBFC_PHYS_s15_T1_test,68,210,75.0,0.7675886154174805,-0.8124908034805702
UBFC_PHYS_s15_T1_test,68,211,75.03333333333333,0.3676510155200958,-0.4873903721260896
UBFC_PHYS_s15_T1_test,68,212,75.06666666666666,0.002608978422358632,-0.15012645292794996
UBFC_PHYS_s15_T1_test,68,213,75.1,-0.07929036766290665,0.15871194632580585
UBFC_PHYS_s15_T1_test,68,214,75.13333333333334,0.16824224591255188,0.41621647602937184
UBFC_PHYS_s15_T1_test,68,215,75.16666666666667,0.4942367970943451,0.6200898196332393
UBFC_PHYS_s15_T1_test,68,216,75.2,0.5899630188941956,0.7810949394311005
UBFC_PHYS_s15_T1_test,68,217,75.23333333333333,0.3634411692619324,0.9087747284969101
UBFC_PHYS_s15_T1_test,68,218,75.26666666666667,-0.04348716512322426,0.9998081853477432
UBFC_PHYS_s15_T1_test,68,219,75.3,-0.39143869280815125,1.0372791391892042
UBFC_PHYS_s15_T1_test,68,220,75.33333333333333,-0.5182561874389648,1.0004702166253712
UBFC_PHYS_s15_T1_test,68,221,75.36666666666666,-0.4240362048149109,0.8770334349614021
UBFC_PHYS_s15_T1_test,68,222,75.4,-0.2428959459066391,0.6700951831910082
UBFC_PHYS_s15_T1_test,68,223,75.43333333333334,-0.13050401210784912,0.3988175848913397
UBFC_PHYS_s15_T1_test,68,224,75.46666666666667,-0.14326879382133484,0.09510591966194237
UBFC_PHYS_s15_T1_test,68,225,75.5,-0.22771723568439484,-0.20098307976279842
UBFC_PHYS_s15_T1_test,68,226,75.53333333333333,-0.36357244849205017,-0.447172312900713
UBFC_PHYS_s15_T1_test,68,227,75.56666666666666,-0.586830735206604,-0.6071900315465321
UBFC_PHYS_s15_T1_test,68,228,75.6,-0.8209612369537354,-0.6595802195178619
UBFC_PHYS_s15_T1_test,68,229,75.63333333333334,-0.9211870431900024,-0.6030046206450894
UBFC_PHYS_s15_T1_test,68,230,75.66666666666667,-0.8975306749343872,-0.45563260931233657
UBFC_PHYS_s15_T1_test,68,231,75.7,-0.8912351727485657,-0.24985910230197925
UBFC_PHYS_s15_T1_test,68,232,75.73333333333333,-0.9522590041160583,-0.02534397712477885
UBFC_PHYS_s15_T1_test,68,233,75.76666666666667,-0.9705467820167542,0.17746238765717107
UBFC_PHYS_s15_T1_test,68,234,75.8,-0.8026541471481323,0.32297386263795763
UBFC_PHYS_s15_T1_test,68,235,75.83333333333333,-0.436665803194046,0.3857587269754968
UBFC_PHYS_s15_T1_test,68,236,75.86666666666666,-0.05291109159588814,0.35492718017018104
UBFC_PHYS_s15_T1_test,68,237,75.9,0.06913650780916214,0.23604988784806322
UBFC_PHYS_s15_T1_test,68,238,75.93333333333334,-0.22294734418392181,0.049707241320278324
UBFC_PHYS_s15_T1_test,68,239,75.96666666666667,-0.8342088460922241,-0.17265401563136717
UBFC_PHYS_s15_T1_test,69,0,69.0,0.5680060386657715,-0.05112172915537652
UBFC_PHYS_s15_T1_test,69,1,69.03333333333333,0.5315462946891785,0.3060347399848228
UBFC_PHYS_s15_T1_test,69,2,69.06666666666666,0.46407249569892883,0.5758161275873873
UBFC_PHYS_s15_T1_test,69,3,69.1,0.40399494767189026,0.6942731410669314
UBFC_PHYS_s15_T1_test,69,4,69.13333333333334,0.3573194742202759,0.6401917452035338
UBFC_PHYS_s15_T1_test,69,5,69.16666666666667,0.31058603525161743,0.44214953229288384
UBFC_PHYS_s15_T1_test,69,6,69.2,0.23673953115940094,0.1703140675432777
UBFC_PHYS_s15_T1_test,69,7,69.23333333333333,0.11125451326370239,-0.08580817235356147
UBFC_PHYS_s15_T1_test,69,8,69.26666666666667,-0.04698251560330391,-0.2464773546969946
UBFC_PHYS_s15_T1_test,69,9,69.3,-0.20048826932907104,-0.2671087366237705
UBFC_PHYS_s15_T1_test,69,10,69.33333333333333,-0.3312259614467621,-0.15086253675917452
UBFC_PHYS_s15_T1_test,69,11,69.36666666666666,-0.41571301221847534,0.05531874670703791
UBFC_PHYS_s15_T1_test,69,12,69.4,-0.46003252267837524,0.278728979885739
UBFC_PHYS_s15_T1_test,69,13,69.43333333333334,-0.5488646626472473,0.4461410759720694
UBFC_PHYS_s15_T1_test,69,14,69.46666666666667,-0.7757341265678406,0.5082423869866625
UBFC_PHYS_s15_T1_test,69,15,69.5,-1.10252046585083,0.45587823544960715
UBFC_PHYS_s15_T1_test,69,16,69.53333333333333,-1.297622799873352,0.3221442322451793
UBFC_PHYS_s15_T1_test,69,17,69.56666666666666,-1.113315463066101,0.16811065760608485
UBFC_PHYS_s15_T1_test,69,18,69.6,-0.5577092170715332,0.05672913818051277
UBFC_PHYS_s15_T1_test,69,19,69.63333333333334,0.08037570118904114,0.025872193129151986
UBFC_PHYS_s15_T1_test,69,20,69.66666666666667,0.5272591710090637,0.07298715154732863
UBFC_PHYS_s15_T1_test,69,21,69.7,0.739027202129364,0.1585282267925474
UBFC_PHYS_s15_T1_test,69,22,69.73333333333333,0.7970191240310669,0.22533572435391874
UBFC_PHYS_s15_T1_test,69,23,69.76666666666667,0.75515216588974,0.2229735898188392
UBFC_PHYS_s15_T1_test,69,24,69.8,0.6531690359115601,0.1252246436148943
UBFC_PHYS_s15_T1_test,69,25,69.83333333333333,0.5539087653160095,-0.06503623973841602
UBFC_PHYS_s15_T1_test,69,26,69.86666666666666,0.5083726644515991,-0.3213110087822068
UBFC_PHYS_s15_T1_test,69,27,69.9,0.5189939141273499,-0.6027348477351725
UBFC_PHYS_s15_T1_test,69,28,69.93333333333334,0.5372624397277832,-0.8625005636072827
UBFC_PHYS_s15_T1_test,69,29,69.96666666666667,0.48917722702026367,-1.054974589926234
UBFC_PHYS_s15_T1_test,69,30,70.0,0.3249729871749878,-1.142530835513823
UBFC_PHYS_s15_T1_test,69,31,70.03333333333333,0.057511087507009506,-1.1020722260295757
UBFC_PHYS_s15_T1_test,69,32,70.06666666666666,-0.21898852288722992,-0.9299810606257916
UBFC_PHYS_s15_T1_test,69,33,70.1,-0.38402312994003296,-0.6439481916311313
UBFC_PHYS_s15_T1_test,69,34,70.13333333333334,-0.39252012968063354,-0.28072124399740817
UBFC_PHYS_s15_T1_test,69,35,70.16666666666667,-0.3487992584705353,0.1103145535033354
UBFC_PHYS_s15_T1_test,69,36,70.2,-0.3983328342437744,0.4770280907696253
UBFC_PHYS_s15_T1_test,69,37,70.23333333333333,-0.5553532242774963,0.7760621604513384
UBFC_PHYS_s15_T1_test,69,38,70.26666666666667,-0.6881765723228455,0.9825237386119245
UBFC_PHYS_s15_T1_test,69,39,70.3,-0.6161066889762878,1.0936216872732916
UBFC_PHYS_s15_T1_test,69,40,70.33333333333333,-0.23283474147319794,1.1236403686567105
UBFC_PHYS_s15_T1_test,69,41,70.36666666666666,0.3630935549736023,1.091965810562632
UBFC_PHYS_s15_T1_test,69,42,70.4,0.8588926196098328,1.0108565752203782
UBFC_PHYS_s15_T1_test,69,43,70.43333333333334,1.010428547859192,0.880562339818283
UBFC_PHYS_s15_T1_test,69,44,70.46666666666667,0.8779721856117249,0.6940720486544366
UBFC_PHYS_s15_T1_test,69,45,70.5,0.6569347381591797,0.4468860600132195
UBFC_PHYS_s15_T1_test,69,46,70.53333333333333,0.43301987648010254,0.14468415248387884
UBFC_PHYS_s15_T1_test,69,47,70.56666666666666,0.24274535477161407,-0.19526596446701056
UBFC_PHYS_s15_T1_test,69,48,70.6,0.16536486148834229,-0.5476353725359794
UBFC_PHYS_s15_T1_test,69,49,70.63333333333334,0.2141645848751068,-0.8830260036250005
UBFC_PHYS_s15_T1_test,69,50,70.66666666666667,0.33057326078414917,-1.1697187472682
UBFC_PHYS_s15_T1_test,69,51,70.7,0.48058366775512695,-1.3742747750557651
UBFC_PHYS_s15_T1_test,69,52,70.73333333333333,0.6041182279586792,-1.4637988576778667
UBFC_PHYS_s15_T1_test,69,53,70.76666666666667,0.5733360052108765,-1.4114768125432082
UBFC_PHYS_s15_T1_test,69,54,70.8,0.3562573492527008,-1.2044436385824644
UBFC_PHYS_s15_T1_test,69,55,70.83333333333333,0.05306947976350784,-0.8511301291683196
UBFC_PHYS_s15_T1_test,69,56,70.86666666666666,-0.28686782717704773,-0.385076939170747
UBFC_PHYS_s15_T1_test,69,57,70.9,-0.6867861747741699,0.13695639561993775
UBFC_PHYS_s15_T1_test,69,58,70.93333333333334,-1.118124008178711,0.643769196250468
UBFC_PHYS_s15_T1_test,69,59,70.96666666666667,-1.4640864133834839,1.0646651926876718
UBFC_PHYS_s15_T1_test,69,60,71.0,-1.5949592590332031,1.3466529244320422
UBFC_PHYS_s15_T1_test,69,61,71.03333333333333,-1.4803465604782104,1.4673673232586393
UBFC_PHYS_s15_T1_test,69,62,71.06666666666666,-1.2539598941802979,1.4375770217559862
UBFC_PHYS_s15_T1_test,69,63,71.1,-1.0657323598861694,1.2915256029927475
UBFC_PHYS_s15_T1_test,69,64,71.13333333333334,-0.9632857441902161,1.069965053790194
UBFC_PHYS_s15_T1_test,69,65,71.16666666666667,-0.9189662337303162,0.8048496010650452
UBFC_PHYS_s15_T1_test,69,66,71.2,-0.9181745052337646,0.5128373479171914
UBFC_PHYS_s15_T1_test,69,67,71.23333333333333,-0.9642706513404846,0.1987178088983337
UBFC_PHYS_s15_T1_test,69,68,71.26666666666667,-1.0118730068206787,-0.13584615599425712
UBFC_PHYS_s15_T1_test,69,69,71.3,-0.9820177555084229,-0.48438487194626273
UBFC_PHYS_s15_T1_test,69,70,71.33333333333333,-0.8821781873703003,-0.8313878790204023
UBFC_PHYS_s15_T1_test,69,71,71.36666666666666,-0.7862974405288696,-1.1510136701165319
UBFC_PHYS_s15_T1_test,69,72,71.4,-0.7048615217208862,-1.4078184199039132
UBFC_PHYS_s15_T1_test,69,73,71.43333333333334,-0.6008893847465515,-1.5603444015000116
UBFC_PHYS_s15_T1_test,69,74,71.46666666666667,-0.5136986970901489,-1.5687807511406837
UBFC_PHYS_s15_T1_test,69,75,71.5,-0.4976896047592163,-1.4061704040587384
UBFC_PHYS_s15_T1_test,69,76,71.53333333333333,-0.4852917492389679,-1.070074699865566
UBFC_PHYS_s15_T1_test,69,77,71.56666666666666,-0.38473764061927795,-0.5900661690629343
UBFC_PHYS_s15_T1_test,69,78,71.6,-0.24712511897087097,-0.02711444942904274
UBFC_PHYS_s15_T1_test,69,79,71.63333333333334,-0.19604666531085968,0.5365315528759712
UBFC_PHYS_s15_T1_test,69,80,71.66666666666667,-0.24567677080631256,1.0151694643909706
UBFC_PHYS_s15_T1_test,69,81,71.7,-0.24156346917152405,1.3404979913559754
UBFC_PHYS_s15_T1_test,69,82,71.73333333333333,0.0014309873804450035,1.4790346939664212
UBFC_PHYS_s15_T1_test,69,83,71.76666666666667,0.4988521933555603,1.4396544936184321
UBFC_PHYS_s15_T1_test,69,84,71.8,1.0566213130950928,1.267250898694192
UBFC_PHYS_s15_T1_test,69,85,71.83333333333333,1.4469611644744873,1.0237093559636385
UBFC_PHYS_s15_T1_test,69,86,71.86666666666666,1.5670583248138428,0.7637806502887262
UBFC_PHYS_s15_T1_test,69,87,71.9,1.4967458248138428,0.516784939532298
UBFC_PHYS_s15_T1_test,69,88,71.93333333333334,1.422455072402954,0.28222593176890665
UBFC_PHYS_s15_T1_test,69,89,71.96666666666667,1.4753488302230835,0.03995822377905935
UBFC_PHYS_s15_T1_test,69,90,72.0,1.673386573791504,-0.23187239823625957
UBFC_PHYS_s15_T1_test,69,91,72.03333333333333,1.9784668684005737,-0.5405467936112416
UBFC_PHYS_s15_T1_test,69,92,72.06666666666666,2.3175158500671387,-0.8701394170000001
UBFC_PHYS_s15_T1_test,69,93,72.1,2.639667510986328,-1.1814154065807767
UBFC_PHYS_s15_T1_test,69,94,72.13333333333334,2.9473161697387695,-1.418918171323203
UBFC_PHYS_s15_T1_test,69,95,72.16666666666667,3.1618072986602783,-1.5237994120968879
UBFC_PHYS_s15_T1_test,69,96,72.2,3.0697693824768066,-1.450237910036699
UBFC_PHYS_s15_T1_test,69,97,72.23333333333333,2.636326551437378,-1.1815533483128962
UBFC_PHYS_s15_T1_test,69,98,72.26666666666667,2.1818151473999023,-0.7406420484748667
UBFC_PHYS_s15_T1_test,69,99,72.3,1.9733686447143555,-0.18980648854196833
UBFC_PHYS_s15_T1_test,69,100,72.33333333333333,1.8892872333526611,0.38179049099644896
UBFC_PHYS_s15_T1_test,69,101,72.36666666666666,1.695420742034912,0.8800312238651693
UBFC_PHYS_s15_T1_test,69,102,72.4,1.350172758102417,1.2299503743449878
UBFC_PHYS_s15_T1_test,69,103,72.43333333333334,1.0203739404678345,1.3936828899982772
UBFC_PHYS_s15_T1_test,69,104,72.46666666666667,0.86354660987854,1.376436442194453
UBFC_PHYS_s15_T1_test,69,105,72.5,0.8014800548553467,1.2192114331841248
UBFC_PHYS_s15_T1_test,69,106,72.53333333333333,0.5796121954917908,0.9812265859159699
UBFC_PHYS_s15_T1_test,69,107,72.56666666666666,0.04905272275209427,0.7181601311707675
UBFC_PHYS_s15_T1_test,69,108,72.6,-0.7430400252342224,0.46404340277197126
UBFC_PHYS_s15_T1_test,69,109,72.63333333333334,-1.5797805786132812,0.2238488838844353
UBFC_PHYS_s15_T1_test,69,110,72.66666666666667,-2.1939001083374023,-0.02012974410712486
UBFC_PHYS_s15_T1_test,69,111,72.7,-2.4567272663116455,-0.2909899604396563
UBFC_PHYS_s15_T1_test,69,112,72.73333333333333,-2.4427073001861572,-0.5972651229338503
UBFC_PHYS_s15_T1_test,69,113,72.76666666666667,-2.359301805496216,-0.9198413771659336
UBFC_PHYS_s15_T1_test,69,114,72.8,-2.365886926651001,-1.2113184996696629
UBFC_PHYS_s15_T1_test,69,115,72.83333333333333,-2.3626811504364014,-1.407418340766779
UBFC_PHYS_s15_T1_test,69,116,72.86666666666666,-2.1663429737091064,-1.4459764905941097
UBFC_PHYS_s15_T1_test,69,117,72.9,-1.8215970993041992,-1.287465708294256
UBFC_PHYS_s15_T1_test,69,118,72.93333333333334,-1.5359245538711548,-0.9308849861237088
UBFC_PHYS_s15_T1_test,69,119,72.96666666666667,-1.4603593349456787,-0.41990242962718677
UBFC_PHYS_s15_T1_test,69,120,73.0,-1.6728805303573608,0.16355102487331807
UBFC_PHYS_s15_T1_test,69,121,73.03333333333333,-2.1776206493377686,0.7176757938441231
UBFC_PHYS_s15_T1_test,69,122,73.06666666666666,-2.816091775894165,1.1467455527109653
UBFC_PHYS_s15_T1_test,69,123,73.1,-3.363278388977051,1.3866429747136055
UBFC_PHYS_s15_T1_test,69,124,73.13333333333334,-3.6069486141204834,1.4205525251942808
UBFC_PHYS_s15_T1_test,69,125,73.16666666666667,-3.461688995361328,1.278341597277505
UBFC_PHYS_s15_T1_test,69,126,73.2,-3.0543744564056396,1.0205643352481135
UBFC_PHYS_s15_T1_test,69,127,73.23333333333333,-2.590400457382202,0.7150040864590168
UBFC_PHYS_s15_T1_test,69,128,73.26666666666667,-2.1656863689422607,0.4155040536474519
UBFC_PHYS_s15_T1_test,69,129,73.3,-1.8222343921661377,0.14987363018894181
UBFC_PHYS_s15_T1_test,69,130,73.33333333333333,-1.608477234840393,-0.08100668130111767
UBFC_PHYS_s15_T1_test,69,131,73.36666666666666,-1.4812928438186646,-0.29454155016936123
UBFC_PHYS_s15_T1_test,69,132,73.4,-1.3269567489624023,-0.5118489380469518
UBFC_PHYS_s15_T1_test,69,133,73.43333333333334,-1.0933668613433838,-0.7420120707583704
UBFC_PHYS_s15_T1_test,69,134,73.46666666666667,-0.784964919090271,-0.9709610032677962
UBFC_PHYS_s15_T1_test,69,135,73.5,-0.421216756105423,-1.1601636826514665
UBFC_PHYS_s15_T1_test,69,136,73.53333333333333,-0.0866093635559082,-1.2566975632358122
UBFC_PHYS_s15_T1_test,69,137,73.56666666666666,0.1318017691373825,-1.21131617471509
UBFC_PHYS_s15_T1_test,69,138,73.6,0.26987776160240173,-0.9976183709748955
UBFC_PHYS_s15_T1_test,69,139,73.63333333333334,0.39650213718414307,-0.625084857934027
UBFC_PHYS_s15_T1_test,69,140,73.66666666666667,0.4755047857761383,-0.14149802636875036
UBFC_PHYS_s15_T1_test,69,141,73.7,0.44866204261779785,0.37585728237144506
UBFC_PHYS_s15_T1_test,69,142,73.73333333333333,0.36494743824005127,0.8377735318318575
UBFC_PHYS_s15_T1_test,69,143,73.76666666666667,0.3435504734516144,1.1650652292571346
UBFC_PHYS_s15_T1_test,69,144,73.8,0.4659843146800995,1.309055069348759
UBFC_PHYS_s15_T1_test,69,145,73.83333333333333,0.6944952607154846,1.2640133642046338
UBFC_PHYS_s15_T1_test,69,146,73.86666666666666,0.8746313452720642,1.0659340469509018
UBFC_PHYS_s15_T1_test,69,147,73.9,0.8931316137313843,0.7766604069469346
UBFC_PHYS_s15_T1_test,69,148,73.93333333333334,0.8203085660934448,0.45996988433518404
UBFC_PHYS_s15_T1_test,69,149,73.96666666666667,0.7819948792457581,0.16102005487468646
UBFC_PHYS_s15_T1_test,69,150,74.0,0.7803341150283813,-0.1020422632887498
UBFC_PHYS_s15_T1_test,69,151,74.03333333333333,0.7795809507369995,-0.33295727197257996
UBFC_PHYS_s15_T1_test,69,152,74.06666666666666,0.8217182755470276,-0.5440312662050307
UBFC_PHYS_s15_T1_test,69,153,74.1,0.8989829421043396,-0.742241711978666
UBFC_PHYS_s15_T1_test,69,154,74.13333333333334,0.9064177870750427,-0.920162660182809
UBFC_PHYS_s15_T1_test,69,155,74.16666666666667,0.8212741613388062,-1.0536054805202724
UBFC_PHYS_s15_T1_test,69,156,74.2,0.7524099349975586,-1.1060726747573946
UBFC_PHYS_s15_T1_test,69,157,74.23333333333333,0.751521646976471,-1.0392924321656323
UBFC_PHYS_s15_T1_test,69,158,74.26666666666667,0.7681679725646973,-0.8274812932498663
UBFC_PHYS_s15_T1_test,69,159,74.3,0.7695004940032959,-0.4709202171338063
UBFC_PHYS_s15_T1_test,69,160,74.33333333333333,0.6983575224876404,-0.0034551766601700054
UBFC_PHYS_s15_T1_test,69,161,74.36666666666666,0.46890032291412354,0.5101595480376755
UBFC_PHYS_s15_T1_test,69,162,74.4,0.1803697645664215,0.9875199837563425
UBFC_PHYS_s15_T1_test,69,163,74.43333333333334,0.09387432038784027,1.348467847213119
UBFC_PHYS_s15_T1_test,69,164,74.46666666666667,0.3017607629299164,1.534725189907599
UBFC_PHYS_s15_T1_test,69,165,74.5,0.6331818103790283,1.5226570518426235
UBFC_PHYS_s15_T1_test,69,166,74.53333333333333,0.8920694589614868,1.3259390925885568
UBFC_PHYS_s15_T1_test,69,167,74.56666666666666,1.0534542798995972,0.9886923417051283
UBFC_PHYS_s15_T1_test,69,168,74.6,1.1877259016036987,0.5716315119471742
UBFC_PHYS_s15_T1_test,69,169,74.63333333333334,1.3165518045425415,0.13503476256121189
UBFC_PHYS_s15_T1_test,69,170,74.66666666666667,1.3867098093032837,-0.2759650108637404
UBFC_PHYS_s15_T1_test,69,171,74.7,1.337369441986084,-0.6380688529838617
UBFC_PHYS_s15_T1_test,69,172,74.73333333333333,1.1726630926132202,-0.9459734006198793
UBFC_PHYS_s15_T1_test,69,173,74.76666666666667,1.0007729530334473,-1.200675051924795
UBFC_PHYS_s15_T1_test,69,174,74.8,0.9566272497177124,-1.3966389645989024
UBFC_PHYS_s15_T1_test,69,175,74.83333333333333,1.028774380683899,-1.5149547339718819
UBFC_PHYS_s15_T1_test,69,176,74.86666666666666,1.0976579189300537,-1.5259769511560874
UBFC_PHYS_s15_T1_test,69,177,74.9,1.1113688945770264,-1.3999337669880505
UBFC_PHYS_s15_T1_test,69,178,74.93333333333334,1.0936990976333618,-1.1206686578807152
UBFC_PHYS_s15_T1_test,69,179,74.96666666666667,1.009366512298584,-0.6969773933492505
UBFC_PHYS_s15_T1_test,69,180,75.0,0.7675886154174805,-0.16727306394070074
UBFC_PHYS_s15_T1_test,69,181,75.03333333333333,0.3676510155200958,0.40449556457152447
UBFC_PHYS_s15_T1_test,69,182,75.06666666666666,0.002608978422358632,0.9413013777938368
UBFC_PHYS_s15_T1_test,69,183,75.1,-0.07929036766290665,1.3706087426605251
UBFC_PHYS_s15_T1_test,69,184,75.13333333333334,0.16824224591255188,1.6409458176503826
UBFC_PHYS_s15_T1_test,69,185,75.16666666666667,0.4942367970943451,1.7309708717338776
UBFC_PHYS_s15_T1_test,69,186,75.2,0.5899630188941956,1.6480750724944895
UBFC_PHYS_s15_T1_test,69,187,75.23333333333333,0.3634411692619324,1.4190454904601022
UBFC_PHYS_s15_T1_test,69,188,75.26666666666667,-0.04348716512322426,1.0790730688222754
UBFC_PHYS_s15_T1_test,69,189,75.3,-0.39143869280815125,0.6646879765023057
UBFC_PHYS_s15_T1_test,69,190,75.33333333333333,-0.5182561874389648,0.21152334014106325
UBFC_PHYS_s15_T1_test,69,191,75.36666666666666,-0.4240362048149109,-0.24604342460314588
UBFC_PHYS_s15_T1_test,69,192,75.4,-0.2428959459066391,-0.6756794335771511
UBFC_PHYS_s15_T1_test,69,193,75.43333333333334,-0.13050401210784912,-1.0479053488768282
UBFC_PHYS_s15_T1_test,69,194,75.46666666666667,-0.14326879382133484,-1.3357273135809422
UBFC_PHYS_s15_T1_test,69,195,75.5,-0.22771723568439484,-1.5135098844124661
UBFC_PHYS_s15_T1_test,69,196,75.53333333333333,-0.36357244849205017,-1.5574851557166758
UBFC_PHYS_s15_T1_test,69,197,75.56666666666666,-0.586830735206604,-1.450176268412503
UBFC_PHYS_s15_T1_test,69,198,75.6,-0.8209612369537354,-1.1881016679548229
UBFC_PHYS_s15_T1_test,69,199,75.63333333333334,-0.9211870431900024,-0.7889395872407333
UBFC_PHYS_s15_T1_test,69,200,75.66666666666667,-0.8975306749343872,-0.2937311099204193
UBFC_PHYS_s15_T1_test,69,201,75.7,-0.8912351727485657,0.23814890517298964
UBFC_PHYS_s15_T1_test,69,202,75.73333333333333,-0.9522590041160583,0.7402091247509236
UBFC_PHYS_s15_T1_test,69,203,75.76666666666667,-0.9705467820167542,1.1525015831238963
UBFC_PHYS_s15_T1_test,69,204,75.8,-0.8026541471481323,1.4330973255665376
UBFC_PHYS_s15_T1_test,69,205,75.83333333333333,-0.436665803194046,1.5638051529665566
UBFC_PHYS_s15_T1_test,69,206,75.86666666666666,-0.05291109159588814,1.5488671844045836
UBFC_PHYS_s15_T1_test,69,207,75.9,0.06913650780916214,1.4079401533790026
UBFC_PHYS_s15_T1_test,69,208,75.93333333333334,-0.22294734418392181,1.1666305415870792
UBFC_PHYS_s15_T1_test,69,209,75.96666666666667,-0.8342088460922241,0.8487212642971026
UBFC_PHYS_s15_T1_test,69,210,76.0,-1.5121136903762817,0.4735964203744134
UBFC_PHYS_s15_T1_test,69,211,76.03333333333333,-2.003509759902954,0.05963523623120513
UBFC_PHYS_s15_T1_test,69,212,76.06666666666666,-2.2006397247314453,-0.3696794913756492
UBFC_PHYS_s15_T1_test,69,213,76.1,-2.13942289352417,-0.7821869113198766
UBFC_PHYS_s15_T1_test,69,214,76.13333333333334,-1.9144846200942993,-1.1390845839985355
UBFC_PHYS_s15_T1_test,69,215,76.16666666666667,-1.6149464845657349,-1.4016633372260592
UBFC_PHYS_s15_T1_test,69,216,76.2,-1.32962167263031,-1.5394893435909498
UBFC_PHYS_s15_T1_test,69,217,76.23333333333333,-1.127007246017456,-1.5369328341692317
UBFC_PHYS_s15_T1_test,69,218,76.26666666666667,-1.013089656829834,-1.3965067260565052
UBFC_PHYS_s15_T1_test,69,219,76.3,-0.9527031183242798,-1.138924582374648
UBFC_PHYS_s15_T1_test,69,220,76.33333333333333,-0.9306495785713196,-0.8001815154024021
UBFC_PHYS_s15_T1_test,69,221,76.36666666666666,-0.9573185443878174,-0.42570605588903704
UBFC_PHYS_s15_T1_test,69,222,76.4,-1.0093625783920288,-0.06180427737043847
UBFC_PHYS_s15_T1_test,69,223,76.43333333333334,-0.9852234125137329,0.2539753762839896
UBFC_PHYS_s15_T1_test,69,224,76.46666666666667,-0.7650935649871826,0.4999092956349638
UBFC_PHYS_s15_T1_test,69,225,76.5,-0.36125507950782776,0.6708913909422205
UBFC_PHYS_s15_T1_test,69,226,76.53333333333333,0.047372639179229736,0.7725513624348157
UBFC_PHYS_s15_T1_test,69,227,76.56666666666666,0.3047347068786621,0.8124965991584698
UBFC_PHYS_s15_T1_test,69,228,76.6,0.40515363216400146,0.7941052460331105
UBFC_PHYS_s15_T1_test,69,229,76.63333333333334,0.40378251671791077,0.7162383329489035
UBFC_PHYS_s15_T1_test,69,230,76.66666666666667,0.3510432839393616,0.5780287673897194
UBFC_PHYS_s15_T1_test,69,231,76.7,0.31054744124412537,0.38505797548358267
UBFC_PHYS_s15_T1_test,69,232,76.73333333333333,0.3303994834423065,0.1538142079741594
UBFC_PHYS_s15_T1_test,69,233,76.76666666666667,0.3876575529575348,-0.08683754994216675
UBFC_PHYS_s15_T1_test,69,234,76.8,0.427863746881485,-0.29796860123359314
UBFC_PHYS_s15_T1_test,69,235,76.83333333333333,0.43591657280921936,-0.437513631176313
UBFC_PHYS_s15_T1_test,69,236,76.86666666666666,0.404690146446228,-0.4713328746409564
UBFC_PHYS_s15_T1_test,69,237,76.9,0.3145448863506317,-0.38534073012702513
UBFC_PHYS_s15_T1_test,69,238,76.93333333333334,0.18772737681865692,-0.1934788919466537
UBFC_PHYS_s15_T1_test,69,239,76.96666666666667,0.07848318666219711,0.06306428987827162
UBFC_PHYS_s15_T1_test,70,0,70.0,0.3249729871749878,0.08907238108557071
UBFC_PHYS_s15_T1_test,70,1,70.03333333333333,0.057511087507009506,0.5102317980137429
UBFC_PHYS_s15_T1_test,70,2,70.06666666666666,-0.21898852288722992,0.8518979444301482
UBFC_PHYS_s15_T1_test,70,3,70.1,-0.38402312994003296,1.0624579727469736
UBFC_PHYS_s15_T1_test,70,4,70.13333333333334,-0.39252012968063354,1.1341255853696919
UBFC_PHYS_s15_T1_test,70,5,70.16666666666667,-0.3487992584705353,1.1010314350498995
UBFC_PHYS_s15_T1_test,70,6,70.2,-0.3983328342437744,1.0204884906375808
UBFC_PHYS_s15_T1_test,70,7,70.23333333333333,-0.5553532242774963,0.947886013812088
UBFC_PHYS_s15_T1_test,70,8,70.26666666666667,-0.6881765723228455,0.916874192263935
UBFC_PHYS_s15_T1_test,70,9,70.3,-0.6161066889762878,0.9310513878481105
UBFC_PHYS_s15_T1_test,70,10,70.33333333333333,-0.23283474147319794,0.9668551463150741
UBFC_PHYS_s15_T1_test,70,11,70.36666666666666,0.3630935549736023,0.9838898811363477
UBFC_PHYS_s15_T1_test,70,12,70.4,0.8588926196098328,0.9391297931348646
UBFC_PHYS_s15_T1_test,70,13,70.43333333333334,1.010428547859192,0.8020249686159239
UBFC_PHYS_s15_T1_test,70,14,70.46666666666667,0.8779721856117249,0.5660785052703078
UBFC_PHYS_s15_T1_test,70,15,70.5,0.6569347381591797,0.2516441509960965
UBFC_PHYS_s15_T1_test,70,16,70.53333333333333,0.43301987648010254,-0.1022250082007954
UBFC_PHYS_s15_T1_test,70,17,70.56666666666666,0.24274535477161407,-0.4531883537105558
UBFC_PHYS_s15_T1_test,70,18,70.6,0.16536486148834229,-0.7699087201249313
UBFC_PHYS_s15_T1_test,70,19,70.63333333333334,0.2141645848751068,-1.0373160592695685
UBFC_PHYS_s15_T1_test,70,20,70.66666666666667,0.33057326078414917,-1.2511744871560069
UBFC_PHYS_s15_T1_test,70,21,70.7,0.48058366775512695,-1.407236870892049
UBFC_PHYS_s15_T1_test,70,22,70.73333333333333,0.6041182279586792,-1.4926069070506878
UBFC_PHYS_s15_T1_test,70,23,70.76666666666667,0.5733360052108765,-1.4844483383205118
UBFC_PHYS_s15_T1_test,70,24,70.8,0.3562573492527008,-1.3567378138012463
UBFC_PHYS_s15_T1_test,70,25,70.83333333333333,0.05306947976350784,-1.0920854802723166
UBFC_PHYS_s15_T1_test,70,26,70.86666666666666,-0.28686782717704773,-0.694069952299163
UBFC_PHYS_s15_T1_test,70,27,70.9,-0.6867861747741699,-0.19534733030118376
UBFC_PHYS_s15_T1_test,70,28,70.93333333333334,-1.118124008178711,0.34275848458745145
UBFC_PHYS_s15_T1_test,70,29,70.96666666666667,-1.4640864133834839,0.8413626867981124
UBFC_PHYS_s15_T1_test,70,30,71.0,-1.5949592590332031,1.2236016900055307
UBFC_PHYS_s15_T1_test,70,31,71.03333333333333,-1.4803465604782104,1.435747671651684
UBFC_PHYS_s15_T1_test,70,32,71.06666666666666,-1.2539598941802979,1.4609568074177333
UBFC_PHYS_s15_T1_test,70,33,71.1,-1.0657323598861694,1.3197268149613115
UBFC_PHYS_s15_T1_test,70,34,71.13333333333334,-0.9632857441902161,1.058123952920583
UBFC_PHYS_s15_T1_test,70,35,71.16666666666667,-0.9189662337303162,0.7307477290086405
UBFC_PHYS_s15_T1_test,70,36,71.2,-0.9181745052337646,0.38594242958441755
UBFC_PHYS_s15_T1_test,70,37,71.23333333333333,-0.9642706513404846,0.05709876264152555
UBFC_PHYS_s15_T1_test,70,38,71.26666666666667,-1.0118730068206787,-0.24006564258812724
UBFC_PHYS_s15_T1_test,70,39,71.3,-0.9820177555084229,-0.5056125147191931
UBFC_PHYS_s15_T1_test,70,40,71.33333333333333,-0.8821781873703003,-0.7488586670428136
UBFC_PHYS_s15_T1_test,70,41,71.36666666666666,-0.7862974405288696,-0.9770794699116343
UBFC_PHYS_s15_T1_test,70,42,71.4,-0.7048615217208862,-1.1828288461951266
UBFC_PHYS_s15_T1_test,70,43,71.43333333333334,-0.6008893847465515,-1.3366790636514494
UBFC_PHYS_s15_T1_test,70,44,71.46666666666667,-0.5136986970901489,-1.3909689728234413
UBFC_PHYS_s15_T1_test,70,45,71.5,-0.4976896047592163,-1.2948968851415632
UBFC_PHYS_s15_T1_test,70,46,71.53333333333333,-0.4852917492389679,-1.0155442477883947
UBFC_PHYS_s15_T1_test,70,47,71.56666666666666,-0.38473764061927795,-0.5563799590376552
UBFC_PHYS_s15_T1_test,70,48,71.6,-0.24712511897087097,0.034205510911928756
UBFC_PHYS_s15_T1_test,70,49,71.63333333333334,-0.19604666531085968,0.6681847630590614
UBFC_PHYS_s15_T1_test,70,50,71.66666666666667,-0.24567677080631256,1.2367004573286289
UBFC_PHYS_s15_T1_test,70,51,71.7,-0.24156346917152405,1.6379422604669
UBFC_PHYS_s15_T1_test,70,52,71.73333333333333,0.0014309873804450035,1.8058063079629532
UBFC_PHYS_s15_T1_test,70,53,71.76666666666667,0.4988521933555603,1.7291000035531288
UBFC_PHYS_s15_T1_test,70,54,71.8,1.0566213130950928,1.45288199593533
UBFC_PHYS_s15_T1_test,70,55,71.83333333333333,1.4469611644744873,1.0600339890998403
UBFC_PHYS_s15_T1_test,70,56,71.86666666666666,1.5670583248138428,0.6403962023265376
UBFC_PHYS_s15_T1_test,70,57,71.9,1.4967458248138428,0.26108025259530104
UBFC_PHYS_s15_T1_test,70,58,71.93333333333334,1.422455072402954,-0.04968675021643377
UBFC_PHYS_s15_T1_test,70,59,71.96666666666667,1.4753488302230835,-0.3005476311027607
UBFC_PHYS_s15_T1_test,70,60,72.0,1.673386573791504,-0.5213484963879168
UBFC_PHYS_s15_T1_test,70,61,72.03333333333333,1.9784668684005737,-0.7431114049798966
UBFC_PHYS_s15_T1_test,70,62,72.06666666666666,2.3175158500671387,-0.9811130203675945
UBFC_PHYS_s15_T1_test,70,63,72.1,2.639667510986328,-1.2245008075056016
UBFC_PHYS_s15_T1_test,70,64,72.13333333333334,2.9473161697387695,-1.4343147121266606
UBFC_PHYS_s15_T1_test,70,65,72.16666666666667,3.1618072986602783,-1.551467811757015
UBFC_PHYS_s15_T1_test,70,66,72.2,3.0697693824768066,-1.5141428477808556
UBFC_PHYS_s15_T1_test,70,67,72.23333333333333,2.636326551437378,-1.2802778586399317
UBFC_PHYS_s15_T1_test,70,68,72.26666666666667,2.1818151473999023,-0.8475333686869213
UBFC_PHYS_s15_T1_test,70,69,72.3,1.9733686447143555,-0.2626683059544818
UBFC_PHYS_s15_T1_test,70,70,72.33333333333333,1.8892872333526611,0.3844561714398347
UBFC_PHYS_s15_T1_test,70,71,72.36666666666666,1.695420742034912,0.9814996573409558
UBFC_PHYS_s15_T1_test,70,72,72.4,1.350172758102417,1.4229046647831978
UBFC_PHYS_s15_T1_test,70,73,72.43333333333334,1.0203739404678345,1.6386190237815974
UBFC_PHYS_s15_T1_test,70,74,72.46666666666667,0.86354660987854,1.6128267852968687
UBFC_PHYS_s15_T1_test,70,75,72.5,0.8014800548553467,1.3859352527134978
UBFC_PHYS_s15_T1_test,70,76,72.53333333333333,0.5796121954917908,1.0382333037261453
UBFC_PHYS_s15_T1_test,70,77,72.56666666666666,0.04905272275209427,0.6604090595056114
UBFC_PHYS_s15_T1_test,70,78,72.6,-0.7430400252342224,0.3223256852519269
UBFC_PHYS_s15_T1_test,70,79,72.63333333333334,-1.5797805786132812,0.05320343255788068
UBFC_PHYS_s15_T1_test,70,80,72.66666666666667,-2.1939001083374023,-0.1586757970168608
UBFC_PHYS_s15_T1_test,70,81,72.7,-2.4567272663116455,-0.3481894841564072
UBFC_PHYS_s15_T1_test,70,82,72.73333333333333,-2.4427073001861572,-0.5478355051520942
UBFC_PHYS_s15_T1_test,70,83,72.76666666666667,-2.359301805496216,-0.7673634738353907
UBFC_PHYS_s15_T1_test,70,84,72.8,-2.365886926651001,-0.9863221043335525
UBFC_PHYS_s15_T1_test,70,85,72.83333333333333,-2.3626811504364014,-1.1596277310769654
UBFC_PHYS_s15_T1_test,70,86,72.86666666666666,-2.1663429737091064,-1.2320141342265176
UBFC_PHYS_s15_T1_test,70,87,72.9,-1.8215970993041992,-1.1563659156186072
UBFC_PHYS_s15_T1_test,70,88,72.93333333333334,-1.5359245538711548,-0.9109629724626622
UBFC_PHYS_s15_T1_test,70,89,72.96666666666667,-1.4603593349456787,-0.5108922316340203
UBFC_PHYS_s15_T1_test,70,90,73.0,-1.6728805303573608,-0.009836846482491978
UBFC_PHYS_s15_T1_test,70,91,73.03333333333333,-2.1776206493377686,0.50944874975724
UBFC_PHYS_s15_T1_test,70,92,73.06666666666666,-2.816091775894165,0.9544556334797105
UBFC_PHYS_s15_T1_test,70,93,73.1,-3.363278388977051,1.2468958238509065
UBFC_PHYS_s15_T1_test,70,94,73.13333333333334,-3.6069486141204834,1.3436226081311757
UBFC_PHYS_s15_T1_test,70,95,73.16666666666667,-3.461688995361328,1.2470423360253637
UBFC_PHYS_s15_T1_test,70,96,73.2,-3.0543744564056396,1.0012929660433245
UBFC_PHYS_s15_T1_test,70,97,73.23333333333333,-2.590400457382202,0.6758355076741027
UBFC_PHYS_s15_T1_test,70,98,73.26666666666667,-2.1656863689422607,0.3425069927063426
UBFC_PHYS_s15_T1_test,70,99,73.3,-1.8222343921661377,0.054020376781228355
UBFC_PHYS_s15_T1_test,70,100,73.33333333333333,-1.608477234840393,-0.1689310476247261
UBFC_PHYS_s15_T1_test,70,101,73.36666666666666,-1.4812928438186646,-0.33776644801703387
UBFC_PHYS_s15_T1_test,70,102,73.4,-1.3269567489624023,-0.48331804565891556
UBFC_PHYS_s15_T1_test,70,103,73.43333333333334,-1.0933668613433838,-0.6352375678349814
UBFC_PHYS_s15_T1_test,70,104,73.46666666666667,-0.784964919090271,-0.8025141951275624
UBFC_PHYS_s15_T1_test,70,105,73.5,-0.421216756105423,-0.9642929088081034
UBFC_PHYS_s15_T1_test,70,106,73.53333333333333,-0.0866093635559082,-1.0750907112613017
UBFC_PHYS_s15_T1_test,70,107,73.56666666666666,0.1318017691373825,-1.0815614062111145
UBFC_PHYS_s15_T1_test,70,108,73.6,0.26987776160240173,-0.9435546283537583
UBFC_PHYS_s15_T1_test,70,109,73.63333333333334,0.39650213718414307,-0.6516266000416457
UBFC_PHYS_s15_T1_test,70,110,73.66666666666667,0.4755047857761383,-0.23533320758383924
UBFC_PHYS_s15_T1_test,70,111,73.7,0.44866204261779785,0.24021628295831823
UBFC_PHYS_s15_T1_test,70,112,73.73333333333333,0.36494743824005127,0.6891515785243452
UBFC_PHYS_s15_T1_test,70,113,73.76666666666667,0.3435504734516144,1.0276569735390455
UBFC_PHYS_s15_T1_test,70,114,73.8,0.4659843146800995,1.1982733833569288
UBFC_PHYS_s15_T1_test,70,115,73.83333333333333,0.6944952607154846,1.1868015667305514
UBFC_PHYS_s15_T1_test,70,116,73.86666666666666,0.8746313452720642,1.0236795018407063
UBFC_PHYS_s15_T1_test,70,117,73.9,0.8931316137313843,0.7678732508895814
UBFC_PHYS_s15_T1_test,70,118,73.93333333333334,0.8203085660934448,0.4812699021266077
UBFC_PHYS_s15_T1_test,70,119,73.96666666666667,0.7819948792457581,0.207239204525042
UBFC_PHYS_s15_T1_test,70,120,74.0,0.7803341150283813,-0.03719871384362695
UBFC_PHYS_s15_T1_test,70,121,74.03333333333333,0.7795809507369995,-0.2554741578908258
UBFC_PHYS_s15_T1_test,70,122,74.06666666666666,0.8217182755470276,-0.4581838143651682
UBFC_PHYS_s15_T1_test,70,123,74.1,0.8989829421043396,-0.6498151840354189
UBFC_PHYS_s15_T1_test,70,124,74.13333333333334,0.9064177870750427,-0.8202530989283776
UBFC_PHYS_s15_T1_test,70,125,74.16666666666667,0.8212741613388062,-0.9429487541286068
UBFC_PHYS_s15_T1_test,70,126,74.2,0.7524099349975586,-0.9804411381111238
UBFC_PHYS_s15_T1_test,70,127,74.23333333333333,0.751521646976471,-0.8967424755762433
UBFC_PHYS_s15_T1_test,70,128,74.26666666666667,0.7681679725646973,-0.673183649069958
UBFC_PHYS_s15_T1_test,70,129,74.3,0.7695004940032959,-0.3214936533453972
UBFC_PHYS_s15_T1_test,70,130,74.33333333333333,0.6983575224876404,0.11214002994156609
UBFC_PHYS_s15_T1_test,70,131,74.36666666666666,0.46890032291412354,0.5551434791726508
UBFC_PHYS_s15_T1_test,70,132,74.4,0.1803697645664215,0.9269781544911402
UBFC_PHYS_s15_T1_test,70,133,74.43333333333334,0.09387432038784027,1.1615356825157397
UBFC_PHYS_s15_T1_test,70,134,74.46666666666667,0.3017607629299164,1.2249776660330158
UBFC_PHYS_s15_T1_test,70,135,74.5,0.6331818103790283,1.1223596502132465
UBFC_PHYS_s15_T1_test,70,136,74.53333333333333,0.8920694589614868,0.8916621642243369
UBFC_PHYS_s15_T1_test,70,137,74.56666666666666,1.0534542798995972,0.5888616989417619
UBFC_PHYS_s15_T1_test,70,138,74.6,1.1877259016036987,0.26953476339021126
UBFC_PHYS_s15_T1_test,70,139,74.63333333333334,1.3165518045425415,-0.027369784705011387
UBFC_PHYS_s15_T1_test,70,140,74.66666666666667,1.3867098093032837,-0.2878233588295334
UBFC_PHYS_s15_T1_test,70,141,74.7,1.337369441986084,-0.5191770605390269
UBFC_PHYS_s15_T1_test,70,142,74.73333333333333,1.1726630926132202,-0.7362351686061603
UBFC_PHYS_s15_T1_test,70,143,74.76666666666667,1.0007729530334473,-0.9440026770808975
UBFC_PHYS_s15_T1_test,70,144,74.8,0.9566272497177124,-1.1259370849888566
UBFC_PHYS_s15_T1_test,70,145,74.83333333333333,1.028774380683899,-1.2436944541032744
UBFC_PHYS_s15_T1_test,70,146,74.86666666666666,1.0976579189300537,-1.2488082383302819
UBFC_PHYS_s15_T1_test,70,147,74.9,1.1113688945770264,-1.1014697127216966
UBFC_PHYS_s15_T1_test,70,148,74.93333333333334,1.0936990976333618,-0.7889771970530239
UBFC_PHYS_s15_T1_test,70,149,74.96666666666667,1.009366512298584,-0.3368600750583259
UBFC_PHYS_s15_T1_test,70,150,75.0,0.7675886154174805,0.19173907083032682
UBFC_PHYS_s15_T1_test,70,151,75.03333333333333,0.3676510155200958,0.709235270091413
UBFC_PHYS_s15_T1_test,70,152,75.06666666666666,0.002608978422358632,1.1262980842885253
UBFC_PHYS_s15_T1_test,70,153,75.1,-0.07929036766290665,1.377230250656737
UBFC_PHYS_s15_T1_test,70,154,75.13333333333334,0.16824224591255188,1.4384515219583218
UBFC_PHYS_s15_T1_test,70,155,75.16666666666667,0.4942367970943451,1.3316488420694867
UBFC_PHYS_s15_T1_test,70,156,75.2,0.5899630188941956,1.1095533196564729
UBFC_PHYS_s15_T1_test,70,157,75.23333333333333,0.3634411692619324,0.8311454424383209
UBFC_PHYS_s15_T1_test,70,158,75.26666666666667,-0.04348716512322426,0.5390884695479349
UBFC_PHYS_s15_T1_test,70,159,75.3,-0.39143869280815125,0.25039033784975173
UBFC_PHYS_s15_T1_test,70,160,75.33333333333333,-0.5182561874389648,-0.03808846867513532
UBFC_PHYS_s15_T1_test,70,161,75.36666666666666,-0.4240362048149109,-0.336280337659301
UBFC_PHYS_s15_T1_test,70,162,75.4,-0.2428959459066391,-0.6475379298688743
UBFC_PHYS_s15_T1_test,70,163,75.43333333333334,-0.13050401210784912,-0.9592504158217995
UBFC_PHYS_s15_T1_test,70,164,75.46666666666667,-0.14326879382133484,-1.2390404938745712
UBFC_PHYS_s15_T1_test,70,165,75.5,-0.22771723568439484,-1.4378377145078662
UBFC_PHYS_s15_T1_test,70,166,75.53333333333333,-0.36357244849205017,-1.5006423340754877
UBFC_PHYS_s15_T1_test,70,167,75.56666666666666,-0.586830735206604,-1.3835293970685731
UBFC_PHYS_s15_T1_test,70,168,75.6,-0.8209612369537354,-1.071802367878379
UBFC_PHYS_s15_T1_test,70,169,75.63333333333334,-0.9211870431900024,-0.5920257889067122
UBFC_PHYS_s15_T1_test,70,170,75.66666666666667,-0.8975306749343872,-0.01223703152909824
UBFC_PHYS_s15_T1_test,70,171,75.7,-0.8912351727485657,0.5711601205600874
UBFC_PHYS_s15_T1_test,70,172,75.73333333333333,-0.9522590041160583,1.0568349897521254
UBFC_PHYS_s15_T1_test,70,173,75.76666666666667,-0.9705467820167542,1.3656114959765921
UBFC_PHYS_s15_T1_test,70,174,75.8,-0.8026541471481323,1.4622677421935983
UBFC_PHYS_s15_T1_test,70,175,75.83333333333333,-0.436665803194046,1.3637400992548343
UBFC_PHYS_s15_T1_test,70,176,75.86666666666666,-0.05291109159588814,1.1296617395208
UBFC_PHYS_s15_T1_test,70,177,75.9,0.06913650780916214,0.8379706175426685
UBFC_PHYS_s15_T1_test,70,178,75.93333333333334,-0.22294734418392181,0.5550607333844828
UBFC_PHYS_s15_T1_test,70,179,75.96666666666667,-0.8342088460922241,0.31328688353484446
UBFC_PHYS_s15_T1_test,70,180,76.0,-1.5121136903762817,0.10610029626918549
UBFC_PHYS_s15_T1_test,70,181,76.03333333333333,-2.003509759902954,-0.09739312163432082
UBFC_PHYS_s15_T1_test,70,182,76.06666666666666,-2.2006397247314453,-0.32734021025741505
UBFC_PHYS_s15_T1_test,70,183,76.1,-2.13942289352417,-0.5915907655298641
UBFC_PHYS_s15_T1_test,70,184,76.13333333333334,-1.9144846200942993,-0.8672661141503657
UBFC_PHYS_s15_T1_test,70,185,76.16666666666667,-1.6149464845657349,-1.1062884342121555
UBFC_PHYS_s15_T1_test,70,186,76.2,-1.32962167263031,-1.2501681158502642
UBFC_PHYS_s15_T1_test,70,187,76.23333333333333,-1.127007246017456,-1.2481151232708403
UBFC_PHYS_s15_T1_test,70,188,76.26666666666667,-1.013089656829834,-1.0733165700291243
UBFC_PHYS_s15_T1_test,70,189,76.3,-0.9527031183242798,-0.7334841887124266
UBFC_PHYS_s15_T1_test,70,190,76.33333333333333,-0.9306495785713196,-0.2730368822165561
UBFC_PHYS_s15_T1_test,70,191,76.36666666666666,-0.9573185443878174,0.23427547282375802
UBFC_PHYS_s15_T1_test,70,192,76.4,-1.0093625783920288,0.7014619309188163
UBFC_PHYS_s15_T1_test,70,193,76.43333333333334,-0.9852234125137329,1.0495391559966831
UBFC_PHYS_s15_T1_test,70,194,76.46666666666667,-0.7650935649871826,1.2277632228017838
UBFC_PHYS_s15_T1_test,70,195,76.5,-0.36125507950782776,1.2258408367867755
UBFC_PHYS_s15_T1_test,70,196,76.53333333333333,0.047372639179229736,1.073346403075525
UBFC_PHYS_s15_T1_test,70,197,76.56666666666666,0.3047347068786621,0.8263218003409419
UBFC_PHYS_s15_T1_test,70,198,76.6,0.40515363216400146,0.5462657284187329
UBFC_PHYS_s15_T1_test,70,199,76.63333333333334,0.40378251671791077,0.2796997308877248
UBFC_PHYS_s15_T1_test,70,200,76.66666666666667,0.3510432839393616,0.04572093746434922
UBFC_PHYS_s15_T1_test,70,201,76.7,0.31054744124412537,-0.16434880767974627
UBFC_PHYS_s15_T1_test,70,202,76.73333333333333,0.3303994834423065,-0.37510767193934763
UBFC_PHYS_s15_T1_test,70,203,76.76666666666667,0.3876575529575348,-0.6073565671124258
UBFC_PHYS_s15_T1_test,70,204,76.8,0.427863746881485,-0.8590532398390418
UBFC_PHYS_s15_T1_test,70,205,76.83333333333333,0.43591657280921936,-1.0963553539229391
UBFC_PHYS_s15_T1_test,70,206,76.86666666666666,0.404690146446228,-1.2598615089403171
UBFC_PHYS_s15_T1_test,70,207,76.9,0.3145448863506317,-1.284165017864842
UBFC_PHYS_s15_T1_test,70,208,76.93333333333334,0.18772737681865692,-1.1231894963614641
UBFC_PHYS_s15_T1_test,70,209,76.96666666666667,0.07848318666219711,-0.7716591629809112
UBFC_PHYS_s15_T1_test,70,210,77.0,-0.01596852019429207,-0.2746376101052478
UBFC_PHYS_s15_T1_test,70,211,77.03333333333333,-0.16462713479995728,0.2789938199347849
UBFC_PHYS_s15_T1_test,70,212,77.06666666666666,-0.3690761625766754,0.7784767710387978
UBFC_PHYS_s15_T1_test,70,213,77.1,-0.4843648076057434,1.122858128476625
UBFC_PHYS_s15_T1_test,70,214,77.13333333333334,-0.3592660129070282,1.2522225633089354
UBFC_PHYS_s15_T1_test,70,215,77.16666666666667,-0.045997634530067444,1.166388431340863
UBFC_PHYS_s15_T1_test,70,216,77.2,0.25330865383148193,0.9219645724326283
UBFC_PHYS_s15_T1_test,70,217,77.23333333333333,0.42264968156814575,0.6074108524773996
UBFC_PHYS_s15_T1_test,70,218,77.26666666666667,0.4848514795303345,0.3072322541239328
UBFC_PHYS_s15_T1_test,70,219,77.3,0.4921704828739166,0.07265827631816585
UBFC_PHYS_s15_T1_test,70,220,77.33333333333333,0.4857397973537445,-0.08838947890121207
UBFC_PHYS_s15_T1_test,70,221,77.36666666666666,0.49947014451026917,-0.20080534658798477
UBFC_PHYS_s15_T1_test,70,222,77.4,0.5408929586410522,-0.30049496696595096
UBFC_PHYS_s15_T1_test,70,223,77.43333333333334,0.6006035804748535,-0.41369312833532934
UBFC_PHYS_s15_T1_test,70,224,77.46666666666667,0.6640799045562744,-0.5451008435237803
UBFC_PHYS_s15_T1_test,70,225,77.5,0.7160273790359497,-0.675745793512538
UBFC_PHYS_s15_T1_test,70,226,77.53333333333333,0.7330600023269653,-0.7684393549646
UBFC_PHYS_s15_T1_test,70,227,77.56666666666666,0.6786020398139954,-0.7787191390518935
UBFC_PHYS_s15_T1_test,70,228,77.6,0.5427468419075012,-0.6689995600050206
UBFC_PHYS_s15_T1_test,70,229,77.63333333333334,0.38497328758239746,-0.4225893379096677
UBFC_PHYS_s15_T1_test,70,230,77.66666666666667,0.2565143406391144,-0.053328115461388485
UBFC_PHYS_s15_T1_test,70,231,77.7,0.11780105531215668,0.3929341831846986
UBFC_PHYS_s15_T1_test,70,232,77.73333333333333,-0.10341021418571472,0.8463867000447289
UBFC_PHYS_s15_T1_test,70,233,77.76666666666667,-0.37479230761528015,1.2286230548259192
UBFC_PHYS_s15_T1_test,70,234,77.8,-0.4912589490413666,1.4701142905741496
UBFC_PHYS_s15_T1_test,70,235,77.83333333333333,-0.28545811772346497,1.5242477291703753
UBFC_PHYS_s15_T1_test,70,236,77.86666666666666,0.12197230011224747,1.37507538238154
UBFC_PHYS_s15_T1_test,70,237,77.9,0.45926398038864136,1.0388400245511962
UBFC_PHYS_s15_T1_test,70,238,77.93333333333334,0.6407132148742676,0.5601831758942346
UBFC_PHYS_s15_T1_test,70,239,77.96666666666667,0.7704080939292908,0.00411692633630456
UBFC_PHYS_s15_T1_test,71,0,71.0,-1.5949592590332031,-0.06655510843185099
UBFC_PHYS_s15_T1_test,71,1,71.03333333333333,-1.4803465604782104,0.5302618345200547
UBFC_PHYS_s15_T1_test,71,2,71.06666666666666,-1.2539598941802979,1.03111510582451
UBFC_PHYS_s15_T1_test,71,3,71.1,-1.0657323598861694,1.363601793162878
UBFC_PHYS_s15_T1_test,71,4,71.13333333333334,-0.9632857441902161,1.494102269103007
UBFC_PHYS_s15_T1_test,71,5,71.16666666666667,-0.9189662337303162,1.4318179630020724
UBFC_PHYS_s15_T1_test,71,6,71.2,-0.9181745052337646,1.2194256946343656
UBFC_PHYS_s15_T1_test,71,7,71.23333333333333,-0.9642706513404846,0.9149255927823297
UBFC_PHYS_s15_T1_test,71,8,71.26666666666667,-1.0118730068206787,0.5722119326757676
UBFC_PHYS_s15_T1_test,71,9,71.3,-0.9820177555084229,0.22736163676385573
UBFC_PHYS_s15_T1_test,71,10,71.33333333333333,-0.8821781873703003,-0.10483672031605745
UBFC_PHYS_s15_T1_test,71,11,71.36666666666666,-0.7862974405288696,-0.42359502696923074
UBFC_PHYS_s15_T1_test,71,12,71.4,-0.7048615217208862,-0.7283611498495769
UBFC_PHYS_s15_T1_test,71,13,71.43333333333334,-0.6008893847465515,-1.0059075585351498
UBFC_PHYS_s15_T1_test,71,14,71.46666666666667,-0.5136986970901489,-1.2248776418592522
UBFC_PHYS_s15_T1_test,71,15,71.5,-0.4976896047592163,-1.340669195231471
UBFC_PHYS_s15_T1_test,71,16,71.53333333333333,-0.4852917492389679,-1.3090352924611306
UBFC_PHYS_s15_T1_test,71,17,71.56666666666666,-0.38473764061927795,-1.1034184120250718
UBFC_PHYS_s15_T1_test,71,18,71.6,-0.24712511897087097,-0.729730814886529
UBFC_PHYS_s15_T1_test,71,19,71.63333333333334,-0.19604666531085968,-0.23272656936455793
UBFC_PHYS_s15_T1_test,71,20,71.66666666666667,-0.24567677080631256,0.3100512807738877
UBFC_PHYS_s15_T1_test,71,21,71.7,-0.24156346917152405,0.80681199965654
UBFC_PHYS_s15_T1_test,71,22,71.73333333333333,0.0014309873804450035,1.176903050453525
UBFC_PHYS_s15_T1_test,71,23,71.76666666666667,0.4988521933555603,1.3731414835631512
UBFC_PHYS_s15_T1_test,71,24,71.8,1.0566213130950928,1.3916680332104687
UBFC_PHYS_s15_T1_test,71,25,71.83333333333333,1.4469611644744873,1.265470650113932
UBFC_PHYS_s15_T1_test,71,26,71.86666666666666,1.5670583248138428,1.0456976616438103
UBFC_PHYS_s15_T1_test,71,27,71.9,1.4967458248138428,0.7804319843680877
UBFC_PHYS_s15_T1_test,71,28,71.93333333333334,1.422455072402954,0.5003334303389825
UBFC_PHYS_s15_T1_test,71,29,71.96666666666667,1.4753488302230835,0.21559393486411152
UBFC_PHYS_s15_T1_test,71,30,72.0,1.673386573791504,-0.07733809846778941
UBFC_PHYS_s15_T1_test,71,31,72.03333333333333,1.9784668684005737,-0.38438064330133775
UBFC_PHYS_s15_T1_test,71,32,72.06666666666666,2.3175158500671387,-0.7028047665578686
UBFC_PHYS_s15_T1_test,71,33,72.1,2.639667510986328,-1.013813784186661
UBFC_PHYS_s15_T1_test,71,34,72.13333333333334,2.9473161697387695,-1.280790045297994
UBFC_PHYS_s15_T1_test,71,35,72.16666666666667,3.1618072986602783,-1.4545458666414373
UBFC_PHYS_s15_T1_test,71,36,72.2,3.0697693824768066,-1.4853755729022728
UBFC_PHYS_s15_T1_test,71,37,72.23333333333333,2.636326551437378,-1.3391964795013391
UBFC_PHYS_s15_T1_test,71,38,72.26666666666667,2.1818151473999023,-1.0125322745406171
UBFC_PHYS_s15_T1_test,71,39,72.3,1.9733686447143555,-0.5401633568458336
UBFC_PHYS_s15_T1_test,71,40,72.33333333333333,1.8892872333526611,0.008873655007648099
UBFC_PHYS_s15_T1_test,71,41,72.36666666666666,1.695420742034912,0.5469685674980289
UBFC_PHYS_s15_T1_test,71,42,72.4,1.350172758102417,0.990378185388238
UBFC_PHYS_s15_T1_test,71,43,72.43333333333334,1.0203739404678345,1.2804276424165297
UBFC_PHYS_s15_T1_test,71,44,72.46666666666667,0.86354660987854,1.3959856111662696
UBFC_PHYS_s15_T1_test,71,45,72.5,0.8014800548553467,1.353258768966216
UBFC_PHYS_s15_T1_test,71,46,72.53333333333333,0.5796121954917908,1.1937256045230604
UBFC_PHYS_s15_T1_test,71,47,72.56666666666666,0.04905272275209427,0.9653900210037829
UBFC_PHYS_s15_T1_test,71,48,72.6,-0.7430400252342224,0.7050513659119911
UBFC_PHYS_s15_T1_test,71,49,72.63333333333334,-1.5797805786132812,0.4287862306872976
UBFC_PHYS_s15_T1_test,71,50,72.66666666666667,-2.1939001083374023,0.13416871057967955
UBFC_PHYS_s15_T1_test,71,51,72.7,-2.4567272663116455,-0.1876348040724543
UBFC_PHYS_s15_T1_test,71,52,72.73333333333333,-2.4427073001861572,-0.5363783354066297
UBFC_PHYS_s15_T1_test,71,53,72.76666666666667,-2.359301805496216,-0.8915482165679885
UBFC_PHYS_s15_T1_test,71,54,72.8,-2.365886926651001,-1.2102726170847715
UBFC_PHYS_s15_T1_test,71,55,72.83333333333333,-2.3626811504364014,-1.4348124944738836
UBFC_PHYS_s15_T1_test,71,56,72.86666666666666,-2.1663429737091064,-1.5072396295262085
UBFC_PHYS_s15_T1_test,71,57,72.9,-1.8215970993041992,-1.3873753991955893
UBFC_PHYS_s15_T1_test,71,58,72.93333333333334,-1.5359245538711548,-1.068837781347946
UBFC_PHYS_s15_T1_test,71,59,72.96666666666667,-1.4603593349456787,-0.5874842879827822
UBFC_PHYS_s15_T1_test,71,60,73.0,-1.6728805303573608,-0.01774068288497839
UBFC_PHYS_s15_T1_test,71,61,73.03333333333333,-2.1776206493377686,0.5440499482123428
UBFC_PHYS_s15_T1_test,71,62,73.06666666666666,-2.816091775894165,1.004770780614516
UBFC_PHYS_s15_T1_test,71,63,73.1,-3.363278388977051,1.2992931265139442
UBFC_PHYS_s15_T1_test,71,64,73.13333333333334,-3.6069486141204834,1.4053500889899735
UBFC_PHYS_s15_T1_test,71,65,73.16666666666667,-3.461688995361328,1.3430404404556004
UBFC_PHYS_s15_T1_test,71,66,73.2,-3.0543744564056396,1.160486272571442
UBFC_PHYS_s15_T1_test,71,67,73.23333333333333,-2.590400457382202,0.9130472630559503
UBFC_PHYS_s15_T1_test,71,68,73.26666666666667,-2.1656863689422607,0.6449072258056658
UBFC_PHYS_s15_T1_test,71,69,73.3,-1.8222343921661377,0.37913026879193107
UBFC_PHYS_s15_T1_test,71,70,73.33333333333333,-1.608477234840393,0.1178939799981951
UBFC_PHYS_s15_T1_test,71,71,73.36666666666666,-1.4812928438186646,-0.14908055546137175
UBFC_PHYS_s15_T1_test,71,72,73.4,-1.3269567489624023,-0.43173466039064223
UBFC_PHYS_s15_T1_test,71,73,73.43333333333334,-1.0933668613433838,-0.7270323828894603
UBFC_PHYS_s15_T1_test,71,74,73.46666666666667,-0.784964919090271,-1.0112421033557237
UBFC_PHYS_s15_T1_test,71,75,73.5,-0.421216756105423,-1.2408736853161562
UBFC_PHYS_s15_T1_test,71,76,73.53333333333333,-0.0866093635559082,-1.3629795986619124
UBFC_PHYS_s15_T1_test,71,77,73.56666666666666,0.1318017691373825,-1.3317181644001284
UBFC_PHYS_s15_T1_test,71,78,73.6,0.26987776160240173,-1.1253965056472715
UBFC_PHYS_s15_T1_test,71,79,73.63333333333334,0.39650213718414307,-0.7577733321064102
UBFC_PHYS_s15_T1_test,71,80,73.66666666666667,0.4755047857761383,-0.2792768649070601
UBFC_PHYS_s15_T1_test,71,81,73.7,0.44866204261779785,0.2329425517195175
UBFC_PHYS_s15_T1_test,71,82,73.73333333333333,0.36494743824005127,0.6937119042342603
UBFC_PHYS_s15_T1_test,71,83,73.76666666666667,0.3435504734516144,1.031828007600976
UBFC_PHYS_s15_T1_test,71,84,73.8,0.4659843146800995,1.2080224762659355
UBFC_PHYS_s15_T1_test,71,85,73.83333333333333,0.6944952607154846,1.2221473585480331
UBFC_PHYS_s15_T1_test,71,86,73.86666666666666,0.8746313452720642,1.1065291679304403
UBFC_PHYS_s15_T1_test,71,87,73.9,0.8931316137313843,0.9083710492225952
UBFC_PHYS_s15_T1_test,71,88,73.93333333333334,0.8203085660934448,0.6696152859699642
UBFC_PHYS_s15_T1_test,71,89,73.96666666666667,0.7819948792457581,0.413984582785555
UBFC_PHYS_s15_T1_test,71,90,74.0,0.7803341150283813,0.1463889515559173
UBFC_PHYS_s15_T1_test,71,91,74.03333333333333,0.7795809507369995,-0.13717046773084016
UBFC_PHYS_s15_T1_test,71,92,74.06666666666666,0.8217182755470276,-0.43592287897783805
UBFC_PHYS_s15_T1_test,71,93,74.1,0.8989829421043396,-0.7340876594822772
UBFC_PHYS_s15_T1_test,71,94,74.13333333333334,0.9064177870750427,-0.9981724416842848
UBFC_PHYS_s15_T1_test,71,95,74.16666666666667,0.8212741613388062,-1.1821568191622578
UBFC_PHYS_s15_T1_test,71,96,74.2,0.7524099349975586,-1.2388503980391916
UBFC_PHYS_s15_T1_test,71,97,74.23333333333333,0.751521646976471,-1.1346330762835788
UBFC_PHYS_s15_T1_test,71,98,74.26666666666667,0.7681679725646973,-0.863362789310813
UBFC_PHYS_s15_T1_test,71,99,74.3,0.7695004940032959,-0.4542043258451525
UBFC_PHYS_s15_T1_test,71,100,74.33333333333333,0.6983575224876404,0.03096390470298221
UBFC_PHYS_s15_T1_test,71,101,74.36666666666666,0.46890032291412354,0.5114478608490242
UBFC_PHYS_s15_T1_test,71,102,74.4,0.1803697645664215,0.9088270206872765
UBFC_PHYS_s15_T1_test,71,103,74.43333333333334,0.09387432038784027,1.1673875855821443
UBFC_PHYS_s15_T1_test,71,104,74.46666666666667,0.3017607629299164,1.2660707229199835
UBFC_PHYS_s15_T1_test,71,105,74.5,0.6331818103790283,1.2179813384161176
UBFC_PHYS_s15_T1_test,71,106,74.53333333333333,0.8920694589614868,1.0591740418395186
UBFC_PHYS_s15_T1_test,71,107,74.56666666666666,1.0534542798995972,0.8326077280643013
UBFC_PHYS_s15_T1_test,71,108,74.6,1.1877259016036987,0.573737441571969
UBFC_PHYS_s15_T1_test,71,109,74.63333333333334,1.3165518045425415,0.3022374462054855
UBFC_PHYS_s15_T1_test,71,110,74.66666666666667,1.3867098093032837,0.02182034107615065
UBFC_PHYS_s15_T1_test,71,111,74.7,1.337369441986084,-0.27242187842356813
UBFC_PHYS_s15_T1_test,71,112,74.73333333333333,1.1726630926132202,-0.5822579161799083
UBFC_PHYS_s15_T1_test,71,113,74.76666666666667,1.0007729530334473,-0.8950474322521655
UBFC_PHYS_s15_T1_test,71,114,74.8,0.9566272497177124,-1.1780679940725387
UBFC_PHYS_s15_T1_test,71,115,74.83333333333333,1.028774380683899,-1.3817783266031591
UBFC_PHYS_s15_T1_test,71,116,74.86666666666666,1.0976579189300537,-1.4520408720383657
UBFC_PHYS_s15_T1_test,71,117,74.9,1.1113688945770264,-1.3477050332913532
UBFC_PHYS_s15_T1_test,71,118,74.93333333333334,1.0936990976333618,-1.0574714430301064
UBFC_PHYS_s15_T1_test,71,119,74.96666666666667,1.009366512298584,-0.6095587475623915
UBFC_PHYS_s15_T1_test,71,120,75.0,0.7675886154174805,-0.06964021913509783
UBFC_PHYS_s15_T1_test,71,121,75.03333333333333,0.3676510155200958,0.47366799601488235
UBFC_PHYS_s15_T1_test,71,122,75.06666666666666,0.002608978422358632,0.9318927562404957
UBFC_PHYS_s15_T1_test,71,123,75.1,-0.07929036766290665,1.2405888308144473
UBFC_PHYS_s15_T1_test,71,124,75.13333333333334,0.16824224591255188,1.3748079942069535
UBFC_PHYS_s15_T1_test,71,125,75.16666666666667,0.4942367970943451,1.3496992440439655
UBFC_PHYS_s15_T1_test,71,126,75.2,0.5899630188941956,1.2065242941488226
UBFC_PHYS_s15_T1_test,71,127,75.23333333333333,0.3634411692619324,0.9915196565594654
UBFC_PHYS_s15_T1_test,71,128,75.26666666666667,-0.04348716512322426,0.738256631380405
UBFC_PHYS_s15_T1_test,71,129,75.3,-0.39143869280815125,0.4612698228783181
UBFC_PHYS_s15_T1_test,71,130,75.33333333333333,-0.5182561874389648,0.1613497540265712
UBFC_PHYS_s15_T1_test,71,131,75.36666666666666,-0.4240362048149109,-0.16329700109961198
UBFC_PHYS_s15_T1_test,71,132,75.4,-0.2428959459066391,-0.5065071048462931
UBFC_PHYS_s15_T1_test,71,133,75.43333333333334,-0.13050401210784912,-0.8477817978786625
UBFC_PHYS_s15_T1_test,71,134,75.46666666666667,-0.14326879382133484,-1.1510421148411718
UBFC_PHYS_s15_T1_test,71,135,75.5,-0.22771723568439484,-1.3686656175175678
UBFC_PHYS_s15_T1_test,71,136,75.53333333333333,-0.36357244849205017,-1.450948832112004
UBFC_PHYS_s15_T1_test,71,137,75.56666666666666,-0.586830735206604,-1.360111417091746
UBFC_PHYS_s15_T1_test,71,138,75.6,-0.8209612369537354,-1.0852321520321377
UBFC_PHYS_s15_T1_test,71,139,75.63333333333334,-0.9211870431900024,-0.6521575480122279
UBFC_PHYS_s15_T1_test,71,140,75.66666666666667,-0.8975306749343872,-0.12294462676247547
UBFC_PHYS_s15_T1_test,71,141,75.7,-0.8912351727485657,0.41690543732196017
UBFC_PHYS_s15_T1_test,71,142,75.73333333333333,-0.9522590041160583,0.8799449404023025
UBFC_PHYS_s15_T1_test,71,143,75.76666666666667,-0.9705467820167542,1.1994652951875466
UBFC_PHYS_s15_T1_test,71,144,75.8,-0.8026541471481323,1.3450921930222748
UBFC_PHYS_s15_T1_test,71,145,75.83333333333333,-0.436665803194046,1.3258640989203438
UBFC_PHYS_s15_T1_test,71,146,75.86666666666666,-0.05291109159588814,1.1804295427670024
UBFC_PHYS_s15_T1_test,71,147,75.9,0.06913650780916214,0.9589932521274523
UBFC_PHYS_s15_T1_test,71,148,75.93333333333334,-0.22294734418392181,0.704504300852228
UBFC_PHYS_s15_T1_test,71,149,75.96666666666667,-0.8342088460922241,0.4404606726055138
UBFC_PHYS_s15_T1_test,71,150,76.0,-1.5121136903762817,0.16978032110265395
UBFC_PHYS_s15_T1_test,71,151,76.03333333333333,-2.003509759902954,-0.11572630048004269
UBFC_PHYS_s15_T1_test,71,152,76.06666666666666,-2.2006397247314453,-0.4207734660169928
UBFC_PHYS_s15_T1_test,71,153,76.1,-2.13942289352417,-0.7345019914494316
UBFC_PHYS_s15_T1_test,71,154,76.13333333333334,-1.9144846200942993,-1.0261968849699772
UBFC_PHYS_s15_T1_test,71,155,76.16666666666667,-1.6149464845657349,-1.2498924747879248
UBFC_PHYS_s15_T1_test,71,156,76.2,-1.32962167263031,-1.355771116725525
UBFC_PHYS_s15_T1_test,71,157,76.23333333333333,-1.127007246017456,-1.3047515444509734
UBFC_PHYS_s15_T1_test,71,158,76.26666666666667,-1.013089656829834,-1.082080099440679
UBFC_PHYS_s15_T1_test,71,159,76.3,-0.9527031183242798,-0.7058061460270771
UBFC_PHYS_s15_T1_test,71,160,76.33333333333333,-0.9306495785713196,-0.22689993793251437
UBFC_PHYS_s15_T1_test,71,161,76.36666666666666,-0.9573185443878174,0.2802867346742132
UBFC_PHYS_s15_T1_test,71,162,76.4,-1.0093625783920288,0.7355109515814803
UBFC_PHYS_s15_T1_test,71,163,76.43333333333334,-0.9852234125137329,1.0729077152274618
UBFC_PHYS_s15_T1_test,71,164,76.46666666666667,-0.7650935649871826,1.2565074451789253
UBFC_PHYS_s15_T1_test,71,165,76.5,-0.36125507950782776,1.2846460213661695
UBFC_PHYS_s15_T1_test,71,166,76.53333333333333,0.047372639179229736,1.1822066260120616
UBFC_PHYS_s15_T1_test,71,167,76.56666666666666,0.3047347068786621,0.9856841924753932
UBFC_PHYS_s15_T1_test,71,168,76.6,0.40515363216400146,0.7288096773096008
UBFC_PHYS_s15_T1_test,71,169,76.63333333333334,0.40378251671791077,0.4346954671469609
UBFC_PHYS_s15_T1_test,71,170,76.66666666666667,0.3510432839393616,0.11585231988220451
UBFC_PHYS_s15_T1_test,71,171,76.7,0.31054744124412537,-0.22040364594171152
UBFC_PHYS_s15_T1_test,71,172,76.73333333333333,0.3303994834423065,-0.5643879293646447
UBFC_PHYS_s15_T1_test,71,173,76.76666666666667,0.3876575529575348,-0.8968658124977033
UBFC_PHYS_s15_T1_test,71,174,76.8,0.427863746881485,-1.1848702911149045
UBFC_PHYS_s15_T1_test,71,175,76.83333333333333,0.43591657280921936,-1.3833368954097807
UBFC_PHYS_s15_T1_test,71,176,76.86666666666666,0.404690146446228,-1.4440650863029303
UBFC_PHYS_s15_T1_test,71,177,76.9,0.3145448863506317,-1.3305531943907334
UBFC_PHYS_s15_T1_test,71,178,76.93333333333334,0.18772737681865692,-1.0338646974198555
UBFC_PHYS_s15_T1_test,71,179,76.96666666666667,0.07848318666219711,-0.58282457919691
UBFC_PHYS_s15_T1_test,71,180,77.0,-0.01596852019429207,-0.04299837720871549
UBFC_PHYS_s15_T1_test,71,181,77.03333333333333,-0.16462713479995728,0.49704964460685014
UBFC_PHYS_s15_T1_test,71,182,77.06666666666666,-0.3690761625766754,0.9484077377833251
UBFC_PHYS_s15_T1_test,71,183,77.1,-0.4843648076057434,1.2455145560764085
UBFC_PHYS_s15_T1_test,71,184,77.13333333333334,-0.3592660129070282,1.3622742074391285
UBFC_PHYS_s15_T1_test,71,185,77.16666666666667,-0.045997634530067444,1.3146759399953627
UBFC_PHYS_s15_T1_test,71,186,77.2,0.25330865383148193,1.1490757324594452
UBFC_PHYS_s15_T1_test,71,187,77.23333333333333,0.42264968156814575,0.9210544893406402
UBFC_PHYS_s15_T1_test,71,188,77.26666666666667,0.4848514795303345,0.6740073273670155
UBFC_PHYS_s15_T1_test,71,189,77.3,0.4921704828739166,0.4268005061107797
UBFC_PHYS_s15_T1_test,71,190,77.33333333333333,0.4857397973537445,0.17516744850250304
UBFC_PHYS_s15_T1_test,71,191,77.36666666666666,0.49947014451026917,-0.09541675591039105
UBFC_PHYS_s15_T1_test,71,192,77.4,0.5408929586410522,-0.39291561207376086
UBFC_PHYS_s15_T1_test,71,193,77.43333333333334,0.6006035804748535,-0.7063209793780539
UBFC_PHYS_s15_T1_test,71,194,77.46666666666667,0.6640799045562744,-1.002362043161231
UBFC_PHYS_s15_T1_test,71,195,77.5,0.7160273790359497,-1.231355665633659
UBFC_PHYS_s15_T1_test,71,196,77.53333333333333,0.7330600023269653,-1.3396768898933875
UBFC_PHYS_s15_T1_test,71,197,77.56666666666666,0.6786020398139954,-1.285457274080758
UBFC_PHYS_s15_T1_test,71,198,77.6,0.5427468419075012,-1.0533158739491
UBFC_PHYS_s15_T1_test,71,199,77.63333333333334,0.38497328758239746,-0.6633985826744583
UBFC_PHYS_s15_T1_test,71,200,77.66666666666667,0.2565143406391144,-0.17082655599861443
UBFC_PHYS_s15_T1_test,71,201,77.7,0.11780105531215668,0.3456592870286249
UBFC_PHYS_s15_T1_test,71,202,77.73333333333333,-0.10341021418571472,0.8030650235770479
UBFC_PHYS_s15_T1_test,71,203,77.76666666666667,-0.37479230761528015,1.135124664593633
UBFC_PHYS_s15_T1_test,71,204,77.8,-0.4912589490413666,1.3072891266399016
UBFC_PHYS_s15_T1_test,71,205,77.83333333333333,-0.28545811772346497,1.3204644067058426
UBFC_PHYS_s15_T1_test,71,206,77.86666666666666,0.12197230011224747,1.2033690547632394
UBFC_PHYS_s15_T1_test,71,207,77.9,0.45926398038864136,0.9981003691721735
UBFC_PHYS_s15_T1_test,71,208,77.93333333333334,0.6407132148742676,0.7450628219646415
UBFC_PHYS_s15_T1_test,71,209,77.96666666666667,0.7704080939292908,0.47218708978833845
UBFC_PHYS_s15_T1_test,71,210,78.0,0.9046025276184082,0.19111740461291377
UBFC_PHYS_s15_T1_test,71,211,78.03333333333333,0.9963506460189819,-0.0992082577545183
UBFC_PHYS_s15_T1_test,71,212,78.06666666666666,0.9971810579299927,-0.40318667444742173
UBFC_PHYS_s15_T1_test,71,213,78.1,0.9059929251670837,-0.7169683656898755
UBFC_PHYS_s15_T1_test,71,214,78.13333333333334,0.7894877195358276,-1.0198146854459955
UBFC_PHYS_s15_T1_test,71,215,78.16666666666667,0.7167998552322388,-1.273115333338944
UBFC_PHYS_s15_T1_test,71,216,78.2,0.649692952632904,-1.4285731358795357
UBFC_PHYS_s15_T1_test,71,217,78.23333333333333,0.494314044713974,-1.4428379349570506
UBFC_PHYS_s15_T1_test,71,218,78.26666666666667,0.24662692844867706,-1.2930876002469984
UBFC_PHYS_s15_T1_test,71,219,78.3,-0.025875231251120567,-0.9876777161027189
UBFC_PHYS_s15_T1_test,71,220,78.33333333333333,-0.2914446294307709,-0.5677775049448566
UBFC_PHYS_s15_T1_test,71,221,78.36666666666666,-0.534052848815918,-0.09908743514556158
UBFC_PHYS_s15_T1_test,71,222,78.4,-0.7382315397262573,0.3438403280709536
UBFC_PHYS_s15_T1_test,71,223,78.43333333333334,-0.9387796521186829,0.6957290673376737
UBFC_PHYS_s15_T1_test,71,224,78.46666666666667,-1.187509536743164,0.9155430341453837
UBFC_PHYS_s15_T1_test,71,225,78.5,-1.4414342641830444,0.9936396023666272
UBFC_PHYS_s15_T1_test,71,226,78.53333333333333,-1.5146242380142212,0.948737681586582
UBFC_PHYS_s15_T1_test,71,227,78.56666666666666,-1.243299961090088,0.8161637640308664
UBFC_PHYS_s15_T1_test,71,228,78.6,-0.6825569868087769,0.6332086720758786
UBFC_PHYS_s15_T1_test,71,229,78.63333333333334,-0.08954468369483948,0.42881936668980025
UBFC_PHYS_s15_T1_test,71,230,78.66666666666667,0.33337342739105225,0.22128033614598078
UBFC_PHYS_s15_T1_test,71,231,78.7,0.594481885433197,0.022134666971764538
UBFC_PHYS_s15_T1_test,71,232,78.73333333333333,0.8055933117866516,-0.15832463633227178
UBFC_PHYS_s15_T1_test,71,233,78.76666666666667,1.0455752611160278,-0.30792430074710825
UBFC_PHYS_s15_T1_test,71,234,78.8,1.352721929550171,-0.41290117457526637
UBFC_PHYS_s15_T1_test,71,235,78.83333333333333,1.7190577983856201,-0.4604080018195432
UBFC_PHYS_s15_T1_test,71,236,78.86666666666666,2.080063819885254,-0.4419185338922337
UBFC_PHYS_s15_T1_test,71,237,78.9,2.3835413455963135,-0.3567836838617025
UBFC_PHYS_s15_T1_test,71,238,78.93333333333334,2.6340672969818115,-0.21477163826440984
UBFC_PHYS_s15_T1_test,71,239,78.96666666666667,2.842494249343872,-0.03602466305727953
UBFC_PHYS_s15_T1_test,72,0,72.0,1.673386573791504,-0.09767781649043024
UBFC_PHYS_s15_T1_test,72,1,72.03333333333333,1.9784668684005737,-0.10282527260490061
UBFC_PHYS_s15_T1_test,72,2,72.06666666666666,2.3175158500671387,-0.18011313040970864
UBFC_PHYS_s15_T1_test,72,3,72.1,2.639667510986328,-0.36987675538776094
UBFC_PHYS_s15_T1_test,72,4,72.13333333333334,2.9473161697387695,-0.6557889102795701
UBFC_PHYS_s15_T1_test,72,5,72.16666666666667,3.1618072986602783,-0.9675972120989265
UBFC_PHYS_s15_T1_test,72,6,72.2,3.0697693824768066,-1.2062263228038639
UBFC_PHYS_s15_T1_test,72,7,72.23333333333333,2.636326551437378,-1.2800009059534199
UBFC_PHYS_s15_T1_test,72,8,72.26666666666667,2.1818151473999023,-1.1372455445766436
UBFC_PHYS_s15_T1_test,72,9,72.3,1.9733686447143555,-0.7839152123742638
UBFC_PHYS_s15_T1_test,72,10,72.33333333333333,1.8892872333526611,-0.28189191720066015
UBFC_PHYS_s15_T1_test,72,11,72.36666666666666,1.695420742034912,0.26967661591754155
UBFC_PHYS_s15_T1_test,72,12,72.4,1.350172758102417,0.7634127751260374
UBFC_PHYS_s15_T1_test,72,13,72.43333333333334,1.0203739404678345,1.114378908226622
UBFC_PHYS_s15_T1_test,72,14,72.46666666666667,0.86354660987854,1.2827275740573876
UBFC_PHYS_s15_T1_test,72,15,72.5,0.8014800548553467,1.2802555644391198
UBFC_PHYS_s15_T1_test,72,16,72.53333333333333,0.5796121954917908,1.158030338713657
UBFC_PHYS_s15_T1_test,72,17,72.56666666666666,0.04905272275209427,0.9798919182084744
UBFC_PHYS_s15_T1_test,72,18,72.6,-0.7430400252342224,0.7933983461967589
UBFC_PHYS_s15_T1_test,72,19,72.63333333333334,-1.5797805786132812,0.6117074931702757
UBFC_PHYS_s15_T1_test,72,20,72.66666666666667,-2.1939001083374023,0.41489266656558155
UBFC_PHYS_s15_T1_test,72,21,72.7,-2.4567272663116455,0.16924057376070795
UBFC_PHYS_s15_T1_test,72,22,72.73333333333333,-2.4427073001861572,-0.14662020347776297
UBFC_PHYS_s15_T1_test,72,23,72.76666666666667,-2.359301805496216,-0.5229010139258791
UBFC_PHYS_s15_T1_test,72,24,72.8,-2.365886926651001,-0.915276298628698
UBFC_PHYS_s15_T1_test,72,25,72.83333333333333,-2.3626811504364014,-1.2559248968651089
UBFC_PHYS_s15_T1_test,72,26,72.86666666666666,-2.1663429737091064,-1.4726701099401458
UBFC_PHYS_s15_T1_test,72,27,72.9,-1.8215970993041992,-1.5093728800228088
UBFC_PHYS_s15_T1_test,72,28,72.93333333333334,-1.5359245538711548,-1.3423726344079867
UBFC_PHYS_s15_T1_test,72,29,72.96666666666667,-1.4603593349456787,-0.9893760654239998
UBFC_PHYS_s15_T1_test,72,30,73.0,-1.6728805303573608,-0.5081378103629407
UBFC_PHYS_s15_T1_test,72,31,73.03333333333333,-2.1776206493377686,0.016182025917267407
UBFC_PHYS_s15_T1_test,72,32,73.06666666666666,-2.816091775894165,0.4927894583418956
UBFC_PHYS_s15_T1_test,72,33,73.1,-3.363278388977051,0.84980680864458
UBFC_PHYS_s15_T1_test,72,34,73.13333333333334,-3.6069486141204834,1.0526393721114884
UBFC_PHYS_s15_T1_test,72,35,73.16666666666667,-3.461688995361328,1.1086680360760197
UBFC_PHYS_s15_T1_test,72,36,73.2,-3.0543744564056396,1.0566821472516434
UBFC_PHYS_s15_T1_test,72,37,73.23333333333333,-2.590400457382202,0.9463273824619457
UBFC_PHYS_s15_T1_test,72,38,73.26666666666667,-2.1656863689422607,0.8166020597898752
UBFC_PHYS_s15_T1_test,72,39,73.3,-1.8222343921661377,0.6819034501061136
UBFC_PHYS_s15_T1_test,72,40,73.33333333333333,-1.608477234840393,0.53038301941151
UBFC_PHYS_s15_T1_test,72,41,73.36666666666666,-1.4812928438186646,0.33444676028676473
UBFC_PHYS_s15_T1_test,72,42,73.4,-1.3269567489624023,0.06898105954485702
UBFC_PHYS_s15_T1_test,72,43,73.43333333333334,-1.0933668613433838,-0.26993225853022873
UBFC_PHYS_s15_T1_test,72,44,73.46666666666667,-0.784964919090271,-0.6538263981355087
UBFC_PHYS_s15_T1_test,72,45,73.5,-0.421216756105423,-1.0236875053642736
UBFC_PHYS_s15_T1_test,72,46,73.53333333333333,-0.0866093635559082,-1.3046787780703222
UBFC_PHYS_s15_T1_test,72,47,73.56666666666666,0.1318017691373825,-1.428103638171062
UBFC_PHYS_s15_T1_test,72,48,73.6,0.26987776160240173,-1.3527755458548558
UBFC_PHYS_s15_T1_test,72,49,73.63333333333334,0.39650213718414307,-1.0790336641338028
UBFC_PHYS_s15_T1_test,72,50,73.66666666666667,0.4755047857761383,-0.6513085334625471
UBFC_PHYS_s15_T1_test,72,51,73.7,0.44866204261779785,-0.14825776699528706
UBFC_PHYS_s15_T1_test,72,52,73.73333333333333,0.36494743824005127,0.3373954574703742
UBFC_PHYS_s15_T1_test,72,53,73.76666666666667,0.3435504734516144,0.7241088189186377
UBFC_PHYS_s15_T1_test,72,54,73.8,0.4659843146800995,0.9640034598044923
UBFC_PHYS_s15_T1_test,72,55,73.83333333333333,0.6944952607154846,1.053917504976744
UBFC_PHYS_s15_T1_test,72,56,73.86666666666666,0.8746313452720642,1.0290993790707972
UBFC_PHYS_s15_T1_test,72,57,73.9,0.8931316137313843,0.9409518386916672
UBFC_PHYS_s15_T1_test,72,58,73.93333333333334,0.8203085660934448,0.8296951174037824
UBFC_PHYS_s15_T1_test,72,59,73.96666666666667,0.7819948792457581,0.706851080056939
UBFC_PHYS_s15_T1_test,72,60,74.0,0.7803341150283813,0.5562758427609471
UBFC_PHYS_s15_T1_test,72,61,74.03333333333333,0.7795809507369995,0.3510088618274795
UBFC_PHYS_s15_T1_test,72,62,74.06666666666666,0.8217182755470276,0.07493349860810025
UBFC_PHYS_s15_T1_test,72,63,74.1,0.8989829421043396,-0.262276417905598
UBFC_PHYS_s15_T1_test,72,64,74.13333333333334,0.9064177870750427,-0.6222357939770186
UBFC_PHYS_s15_T1_test,72,65,74.16666666666667,0.8212741613388062,-0.9454872314860971
UBFC_PHYS_s15_T1_test,72,66,74.2,0.7524099349975586,-1.1659097306344557
UBFC_PHYS_s15_T1_test,72,67,74.23333333333333,0.751521646976471,-1.2284924189251807
UBFC_PHYS_s15_T1_test,72,68,74.26666666666667,0.7681679725646973,-1.1065425593206004
UBFC_PHYS_s15_T1_test,72,69,74.3,0.7695004940032959,-0.8130460328669225
UBFC_PHYS_s15_T1_test,72,70,74.33333333333333,0.6983575224876404,-0.40091930318368296
UBFC_PHYS_s15_T1_test,72,71,74.36666666666666,0.46890032291412354,0.05005889462379161
UBFC_PHYS_s15_T1_test,72,72,74.4,0.1803697645664215,0.45617338018612286
UBFC_PHYS_s15_T1_test,72,73,74.43333333333334,0.09387432038784027,0.7540204573453942
UBFC_PHYS_s15_T1_test,72,74,74.46666666666667,0.3017607629299164,0.9164643822390193
UBFC_PHYS_s15_T1_test,72,75,74.5,0.6331818103790283,0.9543371347345955
UBFC_PHYS_s15_T1_test,72,76,74.53333333333333,0.8920694589614868,0.9043819025070435
UBFC_PHYS_s15_T1_test,72,77,74.56666666666666,1.0534542798995972,0.8095591807317942
UBFC_PHYS_s15_T1_test,72,78,74.6,1.1877259016036987,0.6998748971688733
UBFC_PHYS_s15_T1_test,72,79,74.63333333333334,1.3165518045425415,0.5808378527105561
UBFC_PHYS_s15_T1_test,72,80,74.66666666666667,1.3867098093032837,0.4339682754862684
UBFC_PHYS_s15_T1_test,72,81,74.7,1.337369441986084,0.22949242653899074
UBFC_PHYS_s15_T1_test,72,82,74.73333333333333,1.1726630926132202,-0.05400130000719541
UBFC_PHYS_s15_T1_test,72,83,74.76666666666667,1.0007729530334473,-0.4117290862627313
UBFC_PHYS_s15_T1_test,72,84,74.8,0.9566272497177124,-0.8047513321801888
UBFC_PHYS_s15_T1_test,72,85,74.83333333333333,1.028774380683899,-1.1655228944894493
UBFC_PHYS_s15_T1_test,72,86,74.86666666666666,1.0976579189300537,-1.4150255514571226
UBFC_PHYS_s15_T1_test,72,87,74.9,1.1113688945770264,-1.4854722561665463
UBFC_PHYS_s15_T1_test,72,88,74.93333333333334,1.0936990976333618,-1.341379162997419
UBFC_PHYS_s15_T1_test,72,89,74.96666666666667,1.009366512298584,-0.9928125536462633
UBFC_PHYS_s15_T1_test,72,90,75.0,0.7675886154174805,-0.4965764689644467
UBFC_PHYS_s15_T1_test,72,91,75.03333333333333,0.3676510155200958,0.05626189182058925
UBFC_PHYS_s15_T1_test,72,92,75.06666666666666,0.002608978422358632,0.5645032955179135
UBFC_PHYS_s15_T1_test,72,93,75.1,-0.07929036766290665,0.9459277412960995
UBFC_PHYS_s15_T1_test,72,94,75.13333333333334,0.16824224591255188,1.160545609289195
UBFC_PHYS_s15_T1_test,72,95,75.16666666666667,0.4942367970943451,1.2173682775944943
UBFC_PHYS_s15_T1_test,72,96,75.2,0.5899630188941956,1.1609040973470808
UBFC_PHYS_s15_T1_test,72,97,75.23333333333333,0.3634411692619324,1.0439966277787864
UBFC_PHYS_s15_T1_test,72,98,75.26666666666667,-0.04348716512322426,0.9014422083995688
UBFC_PHYS_s15_T1_test,72,99,75.3,-0.39143869280815125,0.7380988266890579
UBFC_PHYS_s15_T1_test,72,100,75.33333333333333,-0.5182561874389648,0.5353814372058797
UBFC_PHYS_s15_T1_test,72,101,75.36666666666666,-0.4240362048149109,0.26925966520614014
UBFC_PHYS_s15_T1_test,72,102,75.4,-0.2428959459066391,-0.07078019975400014
UBFC_PHYS_s15_T1_test,72,103,75.43333333333334,-0.13050401210784912,-0.46940673468528926
UBFC_PHYS_s15_T1_test,72,104,75.46666666666667,-0.14326879382133484,-0.8826511176089922
UBFC_PHYS_s15_T1_test,72,105,75.5,-0.22771723568439484,-1.2443856276693626
UBFC_PHYS_s15_T1_test,72,106,75.53333333333333,-0.36357244849205017,-1.480695994441646
UBFC_PHYS_s15_T1_test,72,107,75.56666666666666,-0.586830735206604,-1.529614579988411
UBFC_PHYS_s15_T1_test,72,108,75.6,-0.8209612369537354,-1.3610582245889986
UBFC_PHYS_s15_T1_test,72,109,75.63333333333334,-0.9211870431900024,-0.9899272001405526
UBFC_PHYS_s15_T1_test,72,110,75.66666666666667,-0.8975306749343872,-0.4767390350766605
UBFC_PHYS_s15_T1_test,72,111,75.7,-0.8912351727485657,0.08572747620200061
UBFC_PHYS_s15_T1_test,72,112,75.73333333333333,-0.9522590041160583,0.5965721224125723
UBFC_PHYS_s15_T1_test,72,113,75.76666666666667,-0.9705467820167542,0.9744091207543518
UBFC_PHYS_s15_T1_test,72,114,75.8,-0.8026541471481323,1.1789363937900645
UBFC_PHYS_s15_T1_test,72,115,75.83333333333333,-0.436665803194046,1.2180846069698068
UBFC_PHYS_s15_T1_test,72,116,75.86666666666666,-0.05291109159588814,1.137638050880296
UBFC_PHYS_s15_T1_test,72,117,75.9,0.06913650780916214,0.9974801377104952
UBFC_PHYS_s15_T1_test,72,118,75.93333333333334,-0.22294734418392181,0.8445897802435655
UBFC_PHYS_s15_T1_test,72,119,75.96666666666667,-0.8342088460922241,0.6947695861897247
UBFC_PHYS_s15_T1_test,72,120,76.0,-1.5121136903762817,0.5314673917150897
UBFC_PHYS_s15_T1_test,72,121,76.03333333333333,-2.003509759902954,0.3217761431796485
UBFC_PHYS_s15_T1_test,72,122,76.06666666666666,-2.2006397247314453,0.040478898941306615
UBFC_PHYS_s15_T1_test,72,123,76.1,-2.13942289352417,-0.3108310820424146
UBFC_PHYS_s15_T1_test,72,124,76.13333333333334,-1.9144846200942993,-0.6979011519229648
UBFC_PHYS_s15_T1_test,72,125,76.16666666666667,-1.6149464845657349,-1.0613948374970104
UBFC_PHYS_s15_T1_test,72,126,76.2,-1.32962167263031,-1.3327988517787523
UBFC_PHYS_s15_T1_test,72,127,76.23333333333333,-1.127007246017456,-1.4525955521804168
UBFC_PHYS_s15_T1_test,72,128,76.26666666666667,-1.013089656829834,-1.3859698476412181
UBFC_PHYS_s15_T1_test,72,129,76.3,-0.9527031183242798,-1.1328698754725381
UBFC_PHYS_s15_T1_test,72,130,76.33333333333333,-0.9306495785713196,-0.7300791378724137
UBFC_PHYS_s15_T1_test,72,131,76.36666666666666,-0.9573185443878174,-0.2439485338848098
UBFC_PHYS_s15_T1_test,72,132,76.4,-1.0093625783920288,0.2453167415632822
UBFC_PHYS_s15_T1_test,72,133,76.43333333333334,-0.9852234125137329,0.6637828800009515
UBFC_PHYS_s15_T1_test,72,134,76.46666666666667,-0.7650935649871826,0.9617575396251561
UBFC_PHYS_s15_T1_test,72,135,76.5,-0.36125507950782776,1.122872073604864
UBFC_PHYS_s15_T1_test,72,136,76.53333333333333,0.047372639179229736,1.160678742773551
UBFC_PHYS_s15_T1_test,72,137,76.56666666666666,0.3047347068786621,1.1047358525773143
UBFC_PHYS_s15_T1_test,72,138,76.6,0.40515363216400146,0.9834825066630463
UBFC_PHYS_s15_T1_test,72,139,76.63333333333334,0.40378251671791077,0.8124747281370005
UBFC_PHYS_s15_T1_test,72,140,76.66666666666667,0.3510432839393616,0.5924409541914368
UBFC_PHYS_s15_T1_test,72,141,76.7,0.31054744124412537,0.31604837570590216
UBFC_PHYS_s15_T1_test,72,142,76.73333333333333,0.3303994834423065,-0.02053919383763499
UBFC_PHYS_s15_T1_test,72,143,76.76666666666667,0.3876575529575348,-0.4057548278286935
UBFC_PHYS_s15_T1_test,72,144,76.8,0.427863746881485,-0.8049760591809062
UBFC_PHYS_s15_T1_test,72,145,76.83333333333333,0.43591657280921936,-1.1611633965196173
UBFC_PHYS_s15_T1_test,72,146,76.86666666666666,0.404690146446228,-1.405491845147711
UBFC_PHYS_s15_T1_test,72,147,76.9,0.3145448863506317,-1.4759096042958797
UBFC_PHYS_s15_T1_test,72,148,76.93333333333334,0.18772737681865692,-1.3378136900265059
UBFC_PHYS_s15_T1_test,72,149,76.96666666666667,0.07848318666219711,-0.9991894255228873
UBFC_PHYS_s15_T1_test,72,150,77.0,-0.01596852019429207,-0.5138039713327345
UBFC_PHYS_s15_T1_test,72,151,77.03333333333333,-0.16462713479995728,0.03010860194715853
UBFC_PHYS_s15_T1_test,72,152,77.06666666666666,-0.3690761625766754,0.53321518144714
UBFC_PHYS_s15_T1_test,72,153,77.1,-0.4843648076057434,0.9133244891124918
UBFC_PHYS_s15_T1_test,72,154,77.13333333333334,-0.3592660129070282,1.1284449884516936
UBFC_PHYS_s15_T1_test,72,155,77.16666666666667,-0.045997634530067444,1.1851894281689852
UBFC_PHYS_s15_T1_test,72,156,77.2,0.25330865383148193,1.1279712590471795
UBFC_PHYS_s15_T1_test,72,157,77.23333333333333,0.42264968156814575,1.0129926237507083
UBFC_PHYS_s15_T1_test,72,158,77.26666666666667,0.4848514795303345,0.8797127054391337
UBFC_PHYS_s15_T1_test,72,159,77.3,0.4921704828739166,0.7348327560468687
UBFC_PHYS_s15_T1_test,72,160,77.33333333333333,0.4857397973537445,0.5565297430903335
UBFC_PHYS_s15_T1_test,72,161,77.36666666666666,0.49947014451026917,0.3147420381758996
UBFC_PHYS_s15_T1_test,72,162,77.4,0.5408929586410522,-0.005106484265976395
UBFC_PHYS_s15_T1_test,72,163,77.43333333333334,0.6006035804748535,-0.38758467516352785
UBFC_PHYS_s15_T1_test,72,164,77.46666666666667,0.6640799045562744,-0.7870502956919639
UBFC_PHYS_s15_T1_test,72,165,77.5,0.7160273790359497,-1.1387074263526997
UBFC_PHYS_s15_T1_test,72,166,77.53333333333333,0.7330600023269653,-1.3750536294742906
UBFC_PHYS_s15_T1_test,72,167,77.56666666666666,0.6786020398139954,-1.4430939523109696
UBFC_PHYS_s15_T1_test,72,168,77.6,0.5427468419075012,-1.318966616872911
UBFC_PHYS_s15_T1_test,72,169,77.63333333333334,0.38497328758239746,-1.0166788475260455
UBFC_PHYS_s15_T1_test,72,170,77.66666666666667,0.2565143406391144,-0.5875722145766411
UBFC_PHYS_s15_T1_test,72,171,77.7,0.11780105531215668,-0.10870530772947412
UBFC_PHYS_s15_T1_test,72,172,77.73333333333333,-0.10341021418571472,0.3377295241041202
UBFC_PHYS_s15_T1_test,72,173,77.76666666666667,-0.37479230761528015,0.6872896814190785
UBFC_PHYS_s15_T1_test,72,174,77.8,-0.4912589490413666,0.9095262069352605
UBFC_PHYS_s15_T1_test,72,175,77.83333333333333,-0.28545811772346497,1.0108389790443197
UBFC_PHYS_s15_T1_test,72,176,77.86666666666666,0.12197230011224747,1.0234496014517316
UBFC_PHYS_s15_T1_test,72,177,77.9,0.45926398038864136,0.9863115391497769
UBFC_PHYS_s15_T1_test,72,178,77.93333333333334,0.6407132148742676,0.9263259429885854
UBFC_PHYS_s15_T1_test,72,179,77.96666666666667,0.7704080939292908,0.8470639702798906
UBFC_PHYS_s15_T1_test,72,180,78.0,0.9046025276184082,0.7290827932092666
UBFC_PHYS_s15_T1_test,72,181,78.03333333333333,0.9963506460189819,0.5417185894773288
UBFC_PHYS_s15_T1_test,72,182,78.06666666666666,0.9971810579299927,0.26171499350276417
UBFC_PHYS_s15_T1_test,72,183,78.1,0.9059929251670837,-0.10911077226322662
UBFC_PHYS_s15_T1_test,72,184,78.13333333333334,0.7894877195358276,-0.5350667466397397
UBFC_PHYS_s15_T1_test,72,185,78.16666666666667,0.7167998552322388,-0.9510165437315802
UBFC_PHYS_s15_T1_test,72,186,78.2,0.649692952632904,-1.2785362228736512
UBFC_PHYS_s15_T1_test,72,187,78.23333333333333,0.494314044713974,-1.4474973455332167
UBFC_PHYS_s15_T1_test,72,188,78.26666666666667,0.24662692844867706,-1.4156864851864037
UBFC_PHYS_s15_T1_test,72,189,78.3,-0.025875231251120567,-1.1809462570403062
UBFC_PHYS_s15_T1_test,72,190,78.33333333333333,-0.2914446294307709,-0.783037540952047
UBFC_PHYS_s15_T1_test,72,191,78.36666666666666,-0.534052848815918,-0.2948505264875182
UBFC_PHYS_s15_T1_test,72,192,78.4,-0.7382315397262573,0.19531907485842337
UBFC_PHYS_s15_T1_test,72,193,78.43333333333334,-0.9387796521186829,0.6064200277120799
UBFC_PHYS_s15_T1_test,72,194,78.46666666666667,-1.187509536743164,0.8857112808946012
UBFC_PHYS_s15_T1_test,72,195,78.5,-1.4414342641830444,1.0204113224973
UBFC_PHYS_s15_T1_test,72,196,78.53333333333333,-1.5146242380142212,1.0340029787983849
UBFC_PHYS_s15_T1_test,72,197,78.56666666666666,-1.243299961090088,0.96785195649313
UBFC_PHYS_s15_T1_test,72,198,78.6,-0.6825569868087769,0.857774344710043
UBFC_PHYS_s15_T1_test,72,199,78.63333333333334,-0.08954468369483948,0.7188289348399629
UBFC_PHYS_s15_T1_test,72,200,78.66666666666667,0.33337342739105225,0.5452936415314479
UBFC_PHYS_s15_T1_test,72,201,78.7,0.594481885433197,0.322484688956277
UBFC_PHYS_s15_T1_test,72,202,78.73333333333333,0.8055933117866516,0.04141889185290821
UBFC_PHYS_s15_T1_test,72,203,78.76666666666667,1.0455752611160278,-0.29132108400834
UBFC_PHYS_s15_T1_test,72,204,78.8,1.352721929550171,-0.650760638789374
UBFC_PHYS_s15_T1_test,72,205,78.83333333333333,1.7190577983856201,-0.9959158610742187
UBFC_PHYS_s15_T1_test,72,206,78.86666666666666,2.080063819885254,-1.275797777369015
UBFC_PHYS_s15_T1_test,72,207,78.9,2.3835413455963135,-1.4390037241963174
UBFC_PHYS_s15_T1_test,72,208,78.93333333333334,2.6340672969818115,-1.4459568895023536
UBFC_PHYS_s15_T1_test,72,209,78.96666666666667,2.842494249343872,-1.2804661517422598
UBFC_PHYS_s15_T1_test,72,210,79.0,3.016875743865967,-0.9562752220106584
UBFC_PHYS_s15_T1_test,72,211,79.03333333333333,3.1463193893432617,-0.5157202083160547
UBFC_PHYS_s15_T1_test,72,212,79.06666666666666,3.07218337059021,-0.020707890875276917
UBFC_PHYS_s15_T1_test,72,213,79.1,2.576345682144165,0.46107803206769693
UBFC_PHYS_s15_T1_test,72,214,79.13333333333334,1.73508620262146,0.87092806330331
UBFC_PHYS_s15_T1_test,72,215,79.16666666666667,0.9442873001098633,1.1710387018294157
UBFC_PHYS_s15_T1_test,72,216,79.2,0.4999915659427643,1.349915935492612
UBFC_PHYS_s15_T1_test,72,217,79.23333333333333,0.32846835255622864,1.4187296610512223
UBFC_PHYS_s15_T1_test,72,218,79.26666666666667,0.1583934724330902,1.3995090387537643
UBFC_PHYS_s15_T1_test,72,219,79.3,-0.10078387707471848,1.3106798042599266
UBFC_PHYS_s15_T1_test,72,220,79.33333333333333,-0.2558152377605438,1.1583162916234095
UBFC_PHYS_s15_T1_test,72,221,79.36666666666666,-0.17613668739795685,0.9388605689062208
UBFC_PHYS_s15_T1_test,72,222,79.4,-0.0350867360830307,0.6509604563328814
UBFC_PHYS_s15_T1_test,72,223,79.43333333333334,-0.06032664328813553,0.30746045594768867
UBFC_PHYS_s15_T1_test,72,224,79.46666666666667,-0.21261578798294067,-0.06045458810340108
UBFC_PHYS_s15_T1_test,72,225,79.5,-0.28709957003593445,-0.40869552263496056
UBFC_PHYS_s15_T1_test,72,226,79.53333333333333,-0.20962251722812653,-0.6913443343892255
UBFC_PHYS_s15_T1_test,72,227,79.56666666666666,-0.055885035544633865,-0.8717625425774219
UBFC_PHYS_s15_T1_test,72,228,79.6,0.1469997763633728,-0.9303373505739346
UBFC_PHYS_s15_T1_test,72,229,79.63333333333334,0.35598698258399963,-0.8682802669863475
UBFC_PHYS_s15_T1_test,72,230,79.66666666666667,0.46961483359336853,-0.7075378312075556
UBFC_PHYS_s15_T1_test,72,231,79.7,0.5065380930900574,-0.4864188514615387
UBFC_PHYS_s15_T1_test,72,232,79.73333333333333,0.5276067852973938,-0.2511553655309419
UBFC_PHYS_s15_T1_test,72,233,79.76666666666667,0.35787948966026306,-0.045369777556855735
UBFC_PHYS_s15_T1_test,72,234,79.8,-0.1464937925338745,0.09907314571779535
UBFC_PHYS_s15_T1_test,72,235,79.83333333333333,-0.7105004787445068,0.16666148854759918
UBFC_PHYS_s15_T1_test,72,236,79.86666666666666,-0.9965977668762207,0.1575435026867092
UBFC_PHYS_s15_T1_test,72,237,79.9,-0.9644637703895569,0.08343415230040582
UBFC_PHYS_s15_T1_test,72,238,79.93333333333334,-0.713802695274353,-0.03717931872789383
UBFC_PHYS_s15_T1_test,72,239,79.96666666666667,-0.35619550943374634,-0.18271302441508389
UBFC_PHYS_s15_T1_test,73,0,73.0,-1.6728805303573608,0.044639151086611935
UBFC_PHYS_s15_T1_test,73,1,73.03333333333333,-2.1776206493377686,0.8770678634555993
UBFC_PHYS_s15_T1_test,73,2,73.06666666666666,-2.816091775894165,1.5858835651356633
UBFC_PHYS_s15_T1_test,73,3,73.1,-3.363278388977051,2.078762288259538
UBFC_PHYS_s15_T1_test,73,4,73.13333333333334,-3.6069486141204834,2.3107097148876607
UBFC_PHYS_s15_T1_test,73,5,73.16666666666667,-3.461688995361328,2.2896439355814033
UBFC_PHYS_s15_T1_test,73,6,73.2,-3.0543744564056396,2.0659846213571442
UBFC_PHYS_s15_T1_test,73,7,73.23333333333333,-2.590400457382202,1.7120109606839193
UBFC_PHYS_s15_T1_test,73,8,73.26666666666667,-2.1656863689422607,1.2996769057286737
UBFC_PHYS_s15_T1_test,73,9,73.3,-1.8222343921661377,0.8836826558391728
UBFC_PHYS_s15_T1_test,73,10,73.33333333333333,-1.608477234840393,0.49316412370938784
UBFC_PHYS_s15_T1_test,73,11,73.36666666666666,-1.4812928438186646,0.13262862935897607
UBFC_PHYS_s15_T1_test,73,12,73.4,-1.3269567489624023,-0.20885603906617295
UBFC_PHYS_s15_T1_test,73,13,73.43333333333334,-1.0933668613433838,-0.5430568659536426
UBFC_PHYS_s15_T1_test,73,14,73.46666666666667,-0.784964919090271,-0.8680166268655152
UBFC_PHYS_s15_T1_test,73,15,73.5,-0.421216756105423,-1.1600485434734995
UBFC_PHYS_s15_T1_test,73,16,73.53333333333333,-0.0866093635559082,-1.3762313537924205
UBFC_PHYS_s15_T1_test,73,17,73.56666666666666,0.1318017691373825,-1.4667330424356635
UBFC_PHYS_s15_T1_test,73,18,73.6,0.26987776160240173,-1.3924219751907616
UBFC_PHYS_s15_T1_test,73,19,73.63333333333334,0.39650213718414307,-1.1414074511962375
UBFC_PHYS_s15_T1_test,73,20,73.66666666666667,0.4755047857761383,-0.7384995174048812
UBFC_PHYS_s15_T1_test,73,21,73.7,0.44866204261779785,-0.2437192253734926
UBFC_PHYS_s15_T1_test,73,22,73.73333333333333,0.36494743824005127,0.26065061901976677
UBFC_PHYS_s15_T1_test,73,23,73.76666666666667,0.3435504734516144,0.6910160240382822
UBFC_PHYS_s15_T1_test,73,24,73.8,0.4659843146800995,0.9844663816949033
UBFC_PHYS_s15_T1_test,73,25,73.83333333333333,0.6944952607154846,1.1136267925820729
UBFC_PHYS_s15_T1_test,73,26,73.86666666666666,0.8746313452720642,1.0885462882508143
UBFC_PHYS_s15_T1_test,73,27,73.9,0.8931316137313843,0.945386675979505
UBFC_PHYS_s15_T1_test,73,28,73.93333333333334,0.8203085660934448,0.7280697616097782
UBFC_PHYS_s15_T1_test,73,29,73.96666666666667,0.7819948792457581,0.4721526248870099
UBFC_PHYS_s15_T1_test,73,30,74.0,0.7803341150283813,0.19771210656981866
UBFC_PHYS_s15_T1_test,73,31,74.03333333333333,0.7795809507369995,-0.08775132348460346
UBFC_PHYS_s15_T1_test,73,32,74.06666666666666,0.8217182755470276,-0.380326214535652
UBFC_PHYS_s15_T1_test,73,33,74.1,0.8989829421043396,-0.670205310551379
UBFC_PHYS_s15_T1_test,73,34,74.13333333333334,0.9064177870750427,-0.9357111204067254
UBFC_PHYS_s15_T1_test,73,35,74.16666666666667,0.8212741613388062,-1.1425527265599422
UBFC_PHYS_s15_T1_test,73,36,74.2,0.7524099349975586,-1.2490197994120418
UBFC_PHYS_s15_T1_test,73,37,74.23333333333333,0.751521646976471,-1.216906410393628
UBFC_PHYS_s15_T1_test,73,38,74.26666666666667,0.7681679725646973,-1.025613011867046
UBFC_PHYS_s15_T1_test,73,39,74.3,0.7695004940032959,-0.6841796097193262
UBFC_PHYS_s15_T1_test,73,40,74.33333333333333,0.6983575224876404,-0.23522889860060114
UBFC_PHYS_s15_T1_test,73,41,74.36666666666666,0.46890032291412354,0.2526192994426767
UBFC_PHYS_s15_T1_test,73,42,74.4,0.1803697645664215,0.701988154578031
UBFC_PHYS_s15_T1_test,73,43,74.43333333333334,0.09387432038784027,1.046916811476253
UBFC_PHYS_s15_T1_test,73,44,74.46666666666667,0.3017607629299164,1.248025461189318
UBFC_PHYS_s15_T1_test,73,45,74.5,0.6331818103790283,1.297630057599833
UBFC_PHYS_s15_T1_test,73,46,74.53333333333333,0.8920694589614868,1.2148108286623587
UBFC_PHYS_s15_T1_test,73,47,74.56666666666666,1.0534542798995972,1.0342626268621462
UBFC_PHYS_s15_T1_test,73,48,74.6,1.1877259016036987,0.7933989932576863
UBFC_PHYS_s15_T1_test,73,49,74.63333333333334,1.3165518045425415,0.5212923112043607
UBFC_PHYS_s15_T1_test,73,50,74.66666666666667,1.3867098093032837,0.2326334797455403
UBFC_PHYS_s15_T1_test,73,51,74.7,1.337369441986084,-0.07086048762613485
UBFC_PHYS_s15_T1_test,73,52,74.73333333333333,1.1726630926132202,-0.39166777498730854
UBFC_PHYS_s15_T1_test,73,53,74.76666666666667,1.0007729530334473,-0.7239199993201595
UBFC_PHYS_s15_T1_test,73,54,74.8,0.9566272497177124,-1.043252160437724
UBFC_PHYS_s15_T1_test,73,55,74.83333333333333,1.028774380683899,-1.3048737807595179
UBFC_PHYS_s15_T1_test,73,56,74.86666666666666,1.0976579189300537,-1.4521398772424545
UBFC_PHYS_s15_T1_test,73,57,74.9,1.1113688945770264,-1.433227337502375
UBFC_PHYS_s15_T1_test,73,58,74.93333333333334,1.0936990976333618,-1.2202124961046326
UBFC_PHYS_s15_T1_test,73,59,74.96666666666667,1.009366512298584,-0.8236150057070764
UBFC_PHYS_s15_T1_test,73,60,75.0,0.7675886154174805,-0.296254180098094
UBFC_PHYS_s15_T1_test,73,61,75.03333333333333,0.3676510155200958,0.27663418042321397
UBFC_PHYS_s15_T1_test,73,62,75.06666666666666,0.002608978422358632,0.7989784873044996
UBFC_PHYS_s15_T1_test,73,63,75.1,-0.07929036766290665,1.1899317679291237
UBFC_PHYS_s15_T1_test,73,64,75.13333333333334,0.16824224591255188,1.404508352508263
UBFC_PHYS_s15_T1_test,73,65,75.16666666666667,0.4942367970943451,1.4406581152688636
UBFC_PHYS_s15_T1_test,73,66,75.2,0.5899630188941956,1.3307277595154
UBFC_PHYS_s15_T1_test,73,67,75.23333333333333,0.3634411692619324,1.122580965071369
UBFC_PHYS_s15_T1_test,73,68,75.26666666666667,-0.04348716512322426,0.8601101268220397
UBFC_PHYS_s15_T1_test,73,69,75.3,-0.39143869280815125,0.5717220975273128
UBFC_PHYS_s15_T1_test,73,70,75.33333333333333,-0.5182561874389648,0.2693385101506715
UBFC_PHYS_s15_T1_test,73,71,75.36666666666666,-0.4240362048149109,-0.04538478553162578
UBFC_PHYS_s15_T1_test,73,72,75.4,-0.2428959459066391,-0.3723009425672229
UBFC_PHYS_s15_T1_test,73,73,75.43333333333334,-0.13050401210784912,-0.7044920116873645
UBFC_PHYS_s15_T1_test,73,74,75.46666666666667,-0.14326879382133484,-1.0221494450061375
UBFC_PHYS_s15_T1_test,73,75,75.5,-0.22771723568439484,-1.2903282426688694
UBFC_PHYS_s15_T1_test,73,76,75.53333333333333,-0.36357244849205017,-1.462648515825278
UBFC_PHYS_s15_T1_test,73,77,75.56666666666666,-0.586830735206604,-1.491909767759115
UBFC_PHYS_s15_T1_test,73,78,75.6,-0.8209612369537354,-1.3454012792710388
UBFC_PHYS_s15_T1_test,73,79,75.63333333333334,-0.9211870431900024,-1.0195247539698047
UBFC_PHYS_s15_T1_test,73,80,75.66666666666667,-0.8975306749343872,-0.5476324840874532
UBFC_PHYS_s15_T1_test,73,81,75.7,-0.8912351727485657,0.0030237966792773046
UBFC_PHYS_s15_T1_test,73,82,75.73333333333333,-0.9522590041160583,0.5456572682067402
UBFC_PHYS_s15_T1_test,73,83,75.76666666666667,-0.9705467820167542,0.9956731947779714
UBFC_PHYS_s15_T1_test,73,84,75.8,-0.8026541471481323,1.292221630119298
UBFC_PHYS_s15_T1_test,73,85,75.83333333333333,-0.436665803194046,1.4115247781311302
UBFC_PHYS_s15_T1_test,73,86,75.86666666666666,-0.05291109159588814,1.3674496952728805
UBFC_PHYS_s15_T1_test,73,87,75.9,0.06913650780916214,1.2002100770074973
UBFC_PHYS_s15_T1_test,73,88,75.93333333333334,-0.22294734418392181,0.9584459545351904
UBFC_PHYS_s15_T1_test,73,89,75.96666666666667,-0.8342088460922241,0.6820258679796826
UBFC_PHYS_s15_T1_test,73,90,76.0,-1.5121136903762817,0.39242782483925076
UBFC_PHYS_s15_T1_test,73,91,76.03333333333333,-2.003509759902954,0.09404149387791533
UBFC_PHYS_s15_T1_test,73,92,76.06666666666666,-2.2006397247314453,-0.21582013614051912
UBFC_PHYS_s15_T1_test,73,93,76.1,-2.13942289352417,-0.5344516370467782
UBFC_PHYS_s15_T1_test,73,94,76.13333333333334,-1.9144846200942993,-0.8449490735992086
UBFC_PHYS_s15_T1_test,73,95,76.16666666666667,-1.6149464845657349,-1.1142787951110895
UBFC_PHYS_s15_T1_test,73,96,76.2,-1.32962167263031,-1.298505556641177
UBFC_PHYS_s15_T1_test,73,97,76.23333333333333,-1.127007246017456,-1.3535440803283987
UBFC_PHYS_s15_T1_test,73,98,76.26666666666667,-1.013089656829834,-1.2486233893342837
UBFC_PHYS_s15_T1_test,73,99,76.3,-0.9527031183242798,-0.9787012434829583
UBFC_PHYS_s15_T1_test,73,100,76.33333333333333,-0.9306495785713196,-0.5713864012662141
UBFC_PHYS_s15_T1_test,73,101,76.36666666666666,-0.9573185443878174,-0.08463417738907157
UBFC_PHYS_s15_T1_test,73,102,76.4,-1.0093625783920288,0.40561014441970844
UBFC_PHYS_s15_T1_test,73,103,76.43333333333334,-0.9852234125137329,0.8243932314720215
UBFC_PHYS_s15_T1_test,73,104,76.46666666666667,-0.7650935649871826,1.1164352325611375
UBFC_PHYS_s15_T1_test,73,105,76.5,-0.36125507950782776,1.2572252561388755
UBFC_PHYS_s15_T1_test,73,106,76.53333333333333,0.047372639179229736,1.252844345349894
UBFC_PHYS_s15_T1_test,73,107,76.56666666666666,0.3047347068786621,1.1302601641071837
UBFC_PHYS_s15_T1_test,73,108,76.6,0.40515363216400146,0.9238365745716757
UBFC_PHYS_s15_T1_test,73,109,76.63333333333334,0.40378251671791077,0.6641768718332436
UBFC_PHYS_s15_T1_test,73,110,76.66666666666667,0.3510432839393616,0.3724319008590738
UBFC_PHYS_s15_T1_test,73,111,76.7,0.31054744124412537,0.060046026950508036
UBFC_PHYS_s15_T1_test,73,112,76.73333333333333,0.3303994834423065,-0.2669825249841416
UBFC_PHYS_s15_T1_test,73,113,76.76666666666667,0.3876575529575348,-0.6004683514377719
UBFC_PHYS_s15_T1_test,73,114,76.8,0.427863746881485,-0.9217229018282834
UBFC_PHYS_s15_T1_test,73,115,76.83333333333333,0.43591657280921936,-1.1968201098835913
UBFC_PHYS_s15_T1_test,73,116,76.86666666666666,0.404690146446228,-1.3791357666162833
UBFC_PHYS_s15_T1_test,73,117,76.9,0.3145448863506317,-1.4200177710385093
UBFC_PHYS_s15_T1_test,73,118,76.93333333333334,0.18772737681865692,-1.2847199739391286
UBFC_PHYS_s15_T1_test,73,119,76.96666666666667,0.07848318666219711,-0.9678776322364174
UBFC_PHYS_s15_T1_test,73,120,77.0,-0.01596852019429207,-0.5021747485939124
UBFC_PHYS_s15_T1_test,73,121,77.03333333333333,-0.16462713479995728,0.04427091306112258
UBFC_PHYS_s15_T1_test,73,122,77.06666666666666,-0.3690761625766754,0.5825006805088372
UBFC_PHYS_s15_T1_test,73,123,77.1,-0.4843648076057434,1.0253950593041536
UBFC_PHYS_s15_T1_test,73,124,77.13333333333334,-0.3592660129070282,1.3107626531700067
UBFC_PHYS_s15_T1_test,73,125,77.16666666666667,-0.045997634530067444,1.416115686662856
UBFC_PHYS_s15_T1_test,73,126,77.2,0.25330865383148193,1.359240968689834
UBFC_PHYS_s15_T1_test,73,127,77.23333333333333,0.42264968156814575,1.1846541634930459
UBFC_PHYS_s15_T1_test,73,128,77.26666666666667,0.4848514795303345,0.9425840334151622
UBFC_PHYS_s15_T1_test,73,129,77.3,0.4921704828739166,0.6705019171866359
UBFC_PHYS_s15_T1_test,73,130,77.33333333333333,0.4857397973537445,0.38510560664031235
UBFC_PHYS_s15_T1_test,73,131,77.36666666666666,0.49947014451026917,0.08654644867438566
UBFC_PHYS_s15_T1_test,73,132,77.4,0.5408929586410522,-0.2296741973306988
UBFC_PHYS_s15_T1_test,73,133,77.43333333333334,0.6006035804748535,-0.5604422093878789
UBFC_PHYS_s15_T1_test,73,134,77.46666666666667,0.6640799045562744,-0.8875993739539673
UBFC_PHYS_s15_T1_test,73,135,77.5,0.7160273790359497,-1.1768302596589433
UBFC_PHYS_s15_T1_test,73,136,77.53333333333333,0.7330600023269653,-1.3824997697670864
UBFC_PHYS_s15_T1_test,73,137,77.56666666666666,0.6786020398139954,-1.4576408676569597
UBFC_PHYS_s15_T1_test,73,138,77.6,0.5427468419075012,-1.3673670486821152
UBFC_PHYS_s15_T1_test,73,139,77.63333333333334,0.38497328758239746,-1.1022307937994142
UBFC_PHYS_s15_T1_test,73,140,77.66666666666667,0.2565143406391144,-0.6865618269779511
UBFC_PHYS_s15_T1_test,73,141,77.7,0.11780105531215668,-0.17729379124915676
UBFC_PHYS_s15_T1_test,73,142,77.73333333333333,-0.10341021418571472,0.3479480618705104
UBFC_PHYS_s15_T1_test,73,143,77.76666666666667,-0.37479230761528015,0.8099514516962103
UBFC_PHYS_s15_T1_test,73,144,77.8,-0.4912589490413666,1.1470107045445581
UBFC_PHYS_s15_T1_test,73,145,77.83333333333333,-0.28545811772346497,1.3269318296286763
UBFC_PHYS_s15_T1_test,73,146,77.86666666666666,0.12197230011224747,1.349063346793304
UBFC_PHYS_s15_T1_test,73,147,77.9,0.45926398038864136,1.2380490961731363
UBFC_PHYS_s15_T1_test,73,148,77.93333333333334,0.6407132148742676,1.0326583483224736
UBFC_PHYS_s15_T1_test,73,149,77.96666666666667,0.7704080939292908,0.772911175237048
UBFC_PHYS_s15_T1_test,73,150,78.0,0.9046025276184082,0.4889985102389644
UBFC_PHYS_s15_T1_test,73,151,78.03333333333333,0.9963506460189819,0.1957736507689837
UBFC_PHYS_s15_T1_test,73,152,78.06666666666666,0.9971810579299927,-0.1046817881964843
UBFC_PHYS_s15_T1_test,73,153,78.1,0.9059929251670837,-0.41328180165090017
UBFC_PHYS_s15_T1_test,73,154,78.13333333333334,0.7894877195358276,-0.7219650778546036
UBFC_PHYS_s15_T1_test,73,155,78.16666666666667,0.7167998552322388,-1.0062225654258625
UBFC_PHYS_s15_T1_test,73,156,78.2,0.649692952632904,-1.2261720641357252
UBFC_PHYS_s15_T1_test,73,157,78.23333333333333,0.494314044713974,-1.3357024549940346
UBFC_PHYS_s15_T1_test,73,158,78.26666666666667,0.24662692844867706,-1.2961537805116305
UBFC_PHYS_s15_T1_test,73,159,78.3,-0.025875231251120567,-1.0900197156710993
UBFC_PHYS_s15_T1_test,73,160,78.33333333333333,-0.2914446294307709,-0.7303933590386811
UBFC_PHYS_s15_T1_test,73,161,78.36666666666666,-0.534052848815918,-0.2628144964661315
UBFC_PHYS_s15_T1_test,73,162,78.4,-0.7382315397262573,0.24218691441479182
UBFC_PHYS_s15_T1_test,73,163,78.43333333333334,-0.9387796521186829,0.7049225066371507
UBFC_PHYS_s15_T1_test,73,164,78.46666666666667,-1.187509536743164,1.0564420658793308
UBFC_PHYS_s15_T1_test,73,165,78.5,-1.4414342641830444,1.255518670530885
UBFC_PHYS_s15_T1_test,73,166,78.53333333333333,-1.5146242380142212,1.2957604892763177
UBFC_PHYS_s15_T1_test,73,167,78.56666666666666,-1.243299961090088,1.1999686538091654
UBFC_PHYS_s15_T1_test,73,168,78.6,-0.6825569868087769,1.005679481154683
UBFC_PHYS_s15_T1_test,73,169,78.63333333333334,-0.08954468369483948,0.7501871176257056
UBFC_PHYS_s15_T1_test,73,170,78.66666666666667,0.33337342739105225,0.4615754780614612
UBFC_PHYS_s15_T1_test,73,171,78.7,0.594481885433197,0.15712824226259467
UBFC_PHYS_s15_T1_test,73,172,78.73333333333333,0.8055933117866516,-0.15330155063239156
UBFC_PHYS_s15_T1_test,73,173,78.76666666666667,1.0455752611160278,-0.46205525919148127
UBFC_PHYS_s15_T1_test,73,174,78.8,1.352721929550171,-0.7583030125610343
UBFC_PHYS_s15_T1_test,73,175,78.83333333333333,1.7190577983856201,-1.023435524508352
UBFC_PHYS_s15_T1_test,73,176,78.86666666666666,2.080063819885254,-1.2290267178461327
UBFC_PHYS_s15_T1_test,73,177,78.9,2.3835413455963135,-1.3398014190396814
UBFC_PHYS_s15_T1_test,73,178,78.93333333333334,2.6340672969818115,-1.3221979478732488
UBFC_PHYS_s15_T1_test,73,179,78.96666666666667,2.842494249343872,-1.1559268518187416
UBFC_PHYS_s15_T1_test,73,180,79.0,3.016875743865967,-0.8438845395878835
UBFC_PHYS_s15_T1_test,73,181,79.03333333333333,3.1463193893432617,-0.416245845036053
UBFC_PHYS_s15_T1_test,73,182,79.06666666666666,3.07218337059021,0.072842311599102
UBFC_PHYS_s15_T1_test,73,183,79.1,2.576345682144165,0.5548928095048502
UBFC_PHYS_s15_T1_test,73,184,79.13333333333334,1.73508620262146,0.9608013682244331
UBFC_PHYS_s15_T1_test,73,185,79.16666666666667,0.9442873001098633,1.2358178521827525
UBFC_PHYS_s15_T1_test,73,186,79.2,0.4999915659427643,1.351789766605836
UBFC_PHYS_s15_T1_test,73,187,79.23333333333333,0.32846835255622864,1.3121732482166
UBFC_PHYS_s15_T1_test,73,188,79.26666666666667,0.1583934724330902,1.147060423753674
UBFC_PHYS_s15_T1_test,73,189,79.3,-0.10078387707471848,0.899701868982262
UBFC_PHYS_s15_T1_test,73,190,79.33333333333333,-0.2558152377605438,0.6107750960665902
UBFC_PHYS_s15_T1_test,73,191,79.36666666666666,-0.17613668739795685,0.30811773694542033
UBFC_PHYS_s15_T1_test,73,192,79.4,-0.0350867360830307,0.005872143764365348
UBFC_PHYS_s15_T1_test,73,193,79.43333333333334,-0.06032664328813553,-0.28886610168222504
UBFC_PHYS_s15_T1_test,73,194,79.46666666666667,-0.21261578798294067,-0.5672976935126554
UBFC_PHYS_s15_T1_test,73,195,79.5,-0.28709957003593445,-0.8131318336452916
UBFC_PHYS_s15_T1_test,73,196,79.53333333333333,-0.20962251722812653,-1.0019063528269565
UBFC_PHYS_s15_T1_test,73,197,79.56666666666666,-0.055885035544633865,-1.1047563842643149
UBFC_PHYS_s15_T1_test,73,198,79.6,0.1469997763633728,-1.0950883031592502
UBFC_PHYS_s15_T1_test,73,199,79.63333333333334,0.35598698258399963,-0.9566966747566868
UBFC_PHYS_s15_T1_test,73,200,79.66666666666667,0.46961483359336853,-0.6913803301702847
UBFC_PHYS_s15_T1_test,73,201,79.7,0.5065380930900574,-0.32335482564438306
UBFC_PHYS_s15_T1_test,73,202,79.73333333333333,0.5276067852973938,0.10209053203082386
UBFC_PHYS_s15_T1_test,73,203,79.76666666666667,0.35787948966026306,0.5264644169896721
UBFC_PHYS_s15_T1_test,73,204,79.8,-0.1464937925338745,0.8903220051859776
UBFC_PHYS_s15_T1_test,73,205,79.83333333333333,-0.7105004787445068,1.1456188044101747
UBFC_PHYS_s15_T1_test,73,206,79.86666666666666,-0.9965977668762207,1.2641676657927186
UBFC_PHYS_s15_T1_test,73,207,79.9,-0.9644637703895569,1.2403288476586807
UBFC_PHYS_s15_T1_test,73,208,79.93333333333334,-0.713802695274353,1.0884392393691735
UBFC_PHYS_s15_T1_test,73,209,79.96666666666667,-0.35619550943374634,0.8367805347118599
UBFC_PHYS_s15_T1_test,73,210,80.0,-0.08693765103816986,0.519869825141903
UBFC_PHYS_s15_T1_test,73,211,80.03333333333333,-0.06009490787982941,0.1707392869237277
UBFC_PHYS_s15_T1_test,73,212,80.06666666666666,-0.22209765017032623,-0.1845499058762587
UBFC_PHYS_s15_T1_test,73,213,80.1,-0.46362441778182983,-0.5278709175725609
UBFC_PHYS_s15_T1_test,73,214,80.13333333333334,-0.7055181264877319,-0.8449784319615022
UBFC_PHYS_s15_T1_test,73,215,80.16666666666667,-0.8921235203742981,-1.118898129533905
UBFC_PHYS_s15_T1_test,73,216,80.2,-1.020601749420166,-1.3253748565777195
UBFC_PHYS_s15_T1_test,73,217,80.23333333333333,-1.1499683856964111,-1.4344072803688155
UBFC_PHYS_s15_T1_test,73,218,80.26666666666667,-1.3304520845413208,-1.4183141768250989
UBFC_PHYS_s15_T1_test,73,219,80.3,-1.5455416440963745,-1.2627650428560289
UBFC_PHYS_s15_T1_test,73,220,80.33333333333333,-1.7453945875167847,-0.9755892759704919
UBFC_PHYS_s15_T1_test,73,221,80.36666666666666,-1.8726369142532349,-0.5893927402460997
UBFC_PHYS_s15_T1_test,73,222,80.4,-1.9091932773590088,-0.1567984081939871
UBFC_PHYS_s15_T1_test,73,223,80.43333333333334,-2.0023317337036133,0.2601993435838166
UBFC_PHYS_s15_T1_test,73,224,80.46666666666667,-2.3579113483428955,0.6037742011462034
UBFC_PHYS_s15_T1_test,73,225,80.5,-2.8764591217041016,0.8330640917376975
UBFC_PHYS_s15_T1_test,73,226,80.53333333333333,-3.1823699474334717,0.9323716843981541
UBFC_PHYS_s15_T1_test,73,227,80.56666666666666,-3.141700267791748,0.9117898010828831
UBFC_PHYS_s15_T1_test,73,228,80.6,-2.9062371253967285,0.799863548537704
UBFC_PHYS_s15_T1_test,73,229,80.63333333333334,-2.573560953140259,0.6315767892583369
UBFC_PHYS_s15_T1_test,73,230,80.66666666666667,-2.1404078006744385,0.4377163085025892
UBFC_PHYS_s15_T1_test,73,231,80.7,-1.6822658777236938,0.24067720521692856
UBFC_PHYS_s15_T1_test,73,232,80.73333333333333,-1.3109090328216553,0.05670960500842733
UBFC_PHYS_s15_T1_test,73,233,80.76666666666667,-1.0177630186080933,-0.09986687062716483
UBFC_PHYS_s15_T1_test,73,234,80.8,-0.7307580709457397,-0.21473098538825702
UBFC_PHYS_s15_T1_test,73,235,80.83333333333333,-0.44468000531196594,-0.2749900967343484
UBFC_PHYS_s15_T1_test,73,236,80.86666666666666,-0.18473021686077118,-0.27262401127055436
UBFC_PHYS_s15_T1_test,73,237,80.9,0.03843149170279503,-0.20790699015951397
UBFC_PHYS_s15_T1_test,73,238,80.93333333333334,0.20477928221225739,-0.09115345570765432
UBFC_PHYS_s15_T1_test,73,239,80.96666666666667,0.2836274206638336,0.058051291744935826
UBFC_PHYS_s15_T1_test,74,0,74.0,0.7803341150283813,-0.048003959724572526
UBFC_PHYS_s15_T1_test,74,1,74.03333333333333,0.7795809507369995,-0.06512468320718692
UBFC_PHYS_s15_T1_test,74,2,74.06666666666666,0.8217182755470276,-0.13332531227761163
UBFC_PHYS_s15_T1_test,74,3,74.1,0.8989829421043396,-0.28395859574648674
UBFC_PHYS_s15_T1_test,74,4,74.13333333333334,0.9064177870750427,-0.5130667214107124
UBFC_PHYS_s15_T1_test,74,5,74.16666666666667,0.8212741613388062,-0.7800318434437234
UBFC_PHYS_s15_T1_test,74,6,74.2,0.7524099349975586,-1.0191073950490632
UBFC_PHYS_s15_T1_test,74,7,74.23333333333333,0.751521646976471,-1.159639367446336
UBFC_PHYS_s15_T1_test,74,8,74.26666666666667,0.7681679725646973,-1.1481479063452393
UBFC_PHYS_s15_T1_test,74,9,74.3,0.7695004940032959,-0.9652966962115479
UBFC_PHYS_s15_T1_test,74,10,74.33333333333333,0.6983575224876404,-0.632538623275012
UBFC_PHYS_s15_T1_test,74,11,74.36666666666666,0.46890032291412354,-0.20630694852175707
UBFC_PHYS_s15_T1_test,74,12,74.4,0.1803697645664215,0.23854226840190718
UBFC_PHYS_s15_T1_test,74,13,74.43333333333334,0.09387432038784027,0.6304430526114072
UBFC_PHYS_s15_T1_test,74,14,74.46666666666667,0.3017607629299164,0.9198385712880878
UBFC_PHYS_s15_T1_test,74,15,74.5,0.6331818103790283,1.0877705522390597
UBFC_PHYS_s15_T1_test,74,16,74.53333333333333,0.8920694589614868,1.1422569632581248
UBFC_PHYS_s15_T1_test,74,17,74.56666666666666,1.0534542798995972,1.1060847639459743
UBFC_PHYS_s15_T1_test,74,18,74.6,1.1877259016036987,1.0024078809088939
UBFC_PHYS_s15_T1_test,74,19,74.63333333333334,1.3165518045425415,0.844218197364432
UBFC_PHYS_s15_T1_test,74,20,74.66666666666667,1.3867098093032837,0.6317220538536192
UBFC_PHYS_s15_T1_test,74,21,74.7,1.337369441986084,0.3583895243239863
UBFC_PHYS_s15_T1_test,74,22,74.73333333333333,1.1726630926132202,0.02256101016792708
UBFC_PHYS_s15_T1_test,74,23,74.76666666666667,1.0007729530334473,-0.36116601381158275
UBFC_PHYS_s15_T1_test,74,24,74.8,0.9566272497177124,-0.7564304550622152
UBFC_PHYS_s15_T1_test,74,25,74.83333333333333,1.028774380683899,-1.1084679571171687
UBFC_PHYS_s15_T1_test,74,26,74.86666666666666,1.0976579189300537,-1.3555666683345406
UBFC_PHYS_s15_T1_test,74,27,74.9,1.1113688945770264,-1.4448249820207835
UBFC_PHYS_s15_T1_test,74,28,74.93333333333334,1.0936990976333618,-1.3472845804280782
UBFC_PHYS_s15_T1_test,74,29,74.96666666666667,1.009366512298584,-1.068008881575128
UBFC_PHYS_s15_T1_test,74,30,75.0,0.7675886154174805,-0.6479826377600252
UBFC_PHYS_s15_T1_test,74,31,75.03333333333333,0.3676510155200958,-0.15639377335822996
UBFC_PHYS_s15_T1_test,74,32,75.06666666666666,0.002608978422358632,0.32591837616580116
UBFC_PHYS_s15_T1_test,74,33,75.1,-0.07929036766290665,0.7277287460973981
UBFC_PHYS_s15_T1_test,74,34,75.13333333333334,0.16824224591255188,1.0056721530949624
UBFC_PHYS_s15_T1_test,74,35,75.16666666666667,0.4942367970943451,1.1512714806835596
UBFC_PHYS_s15_T1_test,74,36,75.2,0.5899630188941956,1.183455866704739
UBFC_PHYS_s15_T1_test,74,37,75.23333333333333,0.3634411692619324,1.131025120365723
UBFC_PHYS_s15_T1_test,74,38,75.26666666666667,-0.04348716512322426,1.0151506844501375
UBFC_PHYS_s15_T1_test,74,39,75.3,-0.39143869280815125,0.841417532242424
UBFC_PHYS_s15_T1_test,74,40,75.33333333333333,-0.5182561874389648,0.6040433508975945
UBFC_PHYS_s15_T1_test,74,41,75.36666666666666,-0.4240362048149109,0.2974759477878068
UBFC_PHYS_s15_T1_test,74,42,75.4,-0.2428959459066391,-0.07187658489430127
UBFC_PHYS_s15_T1_test,74,43,75.43333333333334,-0.13050401210784912,-0.4788675979287764
UBFC_PHYS_s15_T1_test,74,44,75.46666666666667,-0.14326879382133484,-0.8794798967018225
UBFC_PHYS_s15_T1_test,74,45,75.5,-0.22771723568439484,-1.2167657553903883
UBFC_PHYS_s15_T1_test,74,46,75.53333333333333,-0.36357244849205017,-1.4316097731514852
UBFC_PHYS_s15_T1_test,74,47,75.56666666666666,-0.586830735206604,-1.4766140060970585
UBFC_PHYS_s15_T1_test,74,48,75.6,-0.8209612369537354,-1.3300025152445294
UBFC_PHYS_s15_T1_test,74,49,75.63333333333334,-0.9211870431900024,-1.0050151120990496
UBFC_PHYS_s15_T1_test,74,50,75.66666666666667,-0.8975306749343872,-0.550471852248219
UBFC_PHYS_s15_T1_test,74,51,75.7,-0.8912351727485657,-0.04067608801711441
UBFC_PHYS_s15_T1_test,74,52,75.73333333333333,-0.9522590041160583,0.44309830063532
UBFC_PHYS_s15_T1_test,74,53,75.76666666666667,-0.9705467820167542,0.8334671865951452
UBFC_PHYS_s15_T1_test,74,54,75.8,-0.8026541471481323,1.0925321655795655
UBFC_PHYS_s15_T1_test,74,55,75.83333333333333,-0.436665803194046,1.2164186584672039
UBFC_PHYS_s15_T1_test,74,56,75.86666666666666,-0.05291109159588814,1.227614233662782
UBFC_PHYS_s15_T1_test,74,57,75.9,0.06913650780916214,1.1591113508929247
UBFC_PHYS_s15_T1_test,74,58,75.93333333333334,-0.22294734418392181,1.037502985378431
UBFC_PHYS_s15_T1_test,74,59,75.96666666666667,-0.8342088460922241,0.8723473858431777
UBFC_PHYS_s15_T1_test,74,60,76.0,-1.5121136903762817,0.6564201015548399
UBFC_PHYS_s15_T1_test,74,61,76.03333333333333,-2.003509759902954,0.3764315812960403
UBFC_PHYS_s15_T1_test,74,62,76.06666666666666,-2.2006397247314453,0.028274333640752193
UBFC_PHYS_s15_T1_test,74,63,76.1,-2.13942289352417,-0.37143415021307763
UBFC_PHYS_s15_T1_test,74,64,76.13333333333334,-1.9144846200942993,-0.7828811189145792
UBFC_PHYS_s15_T1_test,74,65,76.16666666666667,-1.6149464845657349,-1.149800616549844
UBFC_PHYS_s15_T1_test,74,66,76.2,-1.32962167263031,-1.4119452449797023
UBFC_PHYS_s15_T1_test,74,67,76.23333333333333,-1.127007246017456,-1.519000295886124
UBFC_PHYS_s15_T1_test,74,68,76.26666666666667,-1.013089656829834,-1.4426921444678955
UBFC_PHYS_s15_T1_test,74,69,76.3,-0.9527031183242798,-1.1849921412740854
UBFC_PHYS_s15_T1_test,74,70,76.33333333333333,-0.9306495785713196,-0.7805501769226787
UBFC_PHYS_s15_T1_test,74,71,76.36666666666666,-0.9573185443878174,-0.2915532714259802
UBFC_PHYS_s15_T1_test,74,72,76.4,-1.0093625783920288,0.20551007086618142
UBFC_PHYS_s15_T1_test,74,73,76.43333333333334,-0.9852234125137329,0.6385993245663355
UBFC_PHYS_s15_T1_test,74,74,76.46666666666667,-0.7650935649871826,0.9580557882567492
UBFC_PHYS_s15_T1_test,74,75,76.5,-0.36125507950782776,1.1461195316158679
UBFC_PHYS_s15_T1_test,74,76,76.53333333333333,0.047372639179229736,1.2137590593950938
UBFC_PHYS_s15_T1_test,74,77,76.56666666666666,0.3047347068786621,1.186882672860368
UBFC_PHYS_s15_T1_test,74,78,76.6,0.40515363216400146,1.0895467751121486
UBFC_PHYS_s15_T1_test,74,79,76.63333333333334,0.40378251671791077,0.9328723967650058
UBFC_PHYS_s15_T1_test,74,80,76.66666666666667,0.3510432839393616,0.7141904706736513
UBFC_PHYS_s15_T1_test,74,81,76.7,0.31054744124412537,0.425117351666243
UBFC_PHYS_s15_T1_test,74,82,76.73333333333333,0.3303994834423065,0.06386356538237786
UBFC_PHYS_s15_T1_test,74,83,76.76666666666667,0.3876575529575348,-0.3535824139224298
UBFC_PHYS_s15_T1_test,74,84,76.8,0.427863746881485,-0.7880048463263137
UBFC_PHYS_s15_T1_test,74,85,76.83333333333333,0.43591657280921936,-1.180012607848482
UBFC_PHYS_s15_T1_test,74,86,76.86666666666666,0.404690146446228,-1.4615079044637282
UBFC_PHYS_s15_T1_test,74,87,76.9,0.3145448863506317,-1.572521072161581
UBFC_PHYS_s15_T1_test,74,88,76.93333333333334,0.18772737681865692,-1.4783722603552
UBFC_PHYS_s15_T1_test,74,89,76.96666666666667,0.07848318666219711,-1.1817002470004456
UBFC_PHYS_s15_T1_test,74,90,77.0,-0.01596852019429207,-0.7251404459848113
UBFC_PHYS_s15_T1_test,74,91,77.03333333333333,-0.16462713479995728,-0.18302047341924538
UBFC_PHYS_s15_T1_test,74,92,77.06666666666666,-0.3690761625766754,0.35624716645251703
UBFC_PHYS_s15_T1_test,74,93,77.1,-0.4843648076057434,0.8121695924978586
UBFC_PHYS_s15_T1_test,74,94,77.13333333333334,-0.3592660129070282,1.1315513797441785
UBFC_PHYS_s15_T1_test,74,95,77.16666666666667,-0.045997634530067444,1.298338892079285
UBFC_PHYS_s15_T1_test,74,96,77.2,0.25330865383148193,1.330028884469023
UBFC_PHYS_s15_T1_test,74,97,77.23333333333333,0.42264968156814575,1.2622151526695038
UBFC_PHYS_s15_T1_test,74,98,77.26666666666667,0.4848514795303345,1.1286945309631917
UBFC_PHYS_s15_T1_test,74,99,77.3,0.4921704828739166,0.9469919596257086
UBFC_PHYS_s15_T1_test,74,100,77.33333333333333,0.4857397973537445,0.7159390082750258
UBFC_PHYS_s15_T1_test,74,101,77.36666666666666,0.49947014451026917,0.42510605587871014
UBFC_PHYS_s15_T1_test,74,102,77.4,0.5408929586410522,0.06971474671317064
UBFC_PHYS_s15_T1_test,74,103,77.43333333333334,0.6006035804748535,-0.3372373236651628
UBFC_PHYS_s15_T1_test,74,104,77.46666666666667,0.6640799045562744,-0.7608066623013839
UBFC_PHYS_s15_T1_test,74,105,77.5,0.7160273790359497,-1.1483254003450079
UBFC_PHYS_s15_T1_test,74,106,77.53333333333333,0.7330600023269653,-1.4397130069525181
UBFC_PHYS_s15_T1_test,74,107,77.56666666666666,0.6786020398139954,-1.5809356810660788
UBFC_PHYS_s15_T1_test,74,108,77.6,0.5427468419075012,-1.537582169474208
UBFC_PHYS_s15_T1_test,74,109,77.63333333333334,0.38497328758239746,-1.305310250059014
UBFC_PHYS_s15_T1_test,74,110,77.66666666666667,0.2565143406391144,-0.9138682864502239
UBFC_PHYS_s15_T1_test,74,111,77.7,0.11780105531215668,-0.42235622195238964
UBFC_PHYS_s15_T1_test,74,112,77.73333333333333,-0.10341021418571472,0.09410072943723337
UBFC_PHYS_s15_T1_test,74,113,77.76666666666667,-0.37479230761528015,0.5626204322324536
UBFC_PHYS_s15_T1_test,74,114,77.8,-0.4912589490413666,0.9293598855284652
UBFC_PHYS_s15_T1_test,74,115,77.83333333333333,-0.28545811772346497,1.1685846765755554
UBFC_PHYS_s15_T1_test,74,116,77.86666666666666,0.12197230011224747,1.2814830875968353
UBFC_PHYS_s15_T1_test,74,117,77.9,0.45926398038864136,1.2868930726584196
UBFC_PHYS_s15_T1_test,74,118,77.93333333333334,0.6407132148742676,1.2087821589682972
UBFC_PHYS_s15_T1_test,74,119,77.96666666666667,0.7704080939292908,1.065496164217442
UBFC_PHYS_s15_T1_test,74,120,78.0,0.9046025276184082,0.8644211378202667
UBFC_PHYS_s15_T1_test,74,121,78.03333333333333,0.9963506460189819,0.6035731679529875
UBFC_PHYS_s15_T1_test,74,122,78.06666666666666,0.9971810579299927,0.2792389528237471
UBFC_PHYS_s15_T1_test,74,123,78.1,0.9059929251670837,-0.1035420388261304
UBFC_PHYS_s15_T1_test,74,124,78.13333333333334,0.7894877195358276,-0.5224706748436463
UBFC_PHYS_s15_T1_test,74,125,78.16666666666667,0.7167998552322388,-0.9358230621769135
UBFC_PHYS_s15_T1_test,74,126,78.2,0.649692952632904,-1.2880999304861027
UBFC_PHYS_s15_T1_test,74,127,78.23333333333333,0.494314044713974,-1.5215372927887232
UBFC_PHYS_s15_T1_test,74,128,78.26666666666667,0.24662692844867706,-1.589697838342523
UBFC_PHYS_s15_T1_test,74,129,78.3,-0.025875231251120567,-1.4693504751216686
UBFC_PHYS_s15_T1_test,74,130,78.33333333333333,-0.2914446294307709,-1.167773623740195
UBFC_PHYS_s15_T1_test,74,131,78.36666666666666,-0.534052848815918,-0.7237138787953171
UBFC_PHYS_s15_T1_test,74,132,78.4,-0.7382315397262573,-0.20122935101227912
UBFC_PHYS_s15_T1_test,74,133,78.43333333333334,-0.9387796521186829,0.3231107039616256
UBFC_PHYS_s15_T1_test,74,134,78.46666666666667,-1.187509536743164,0.7772844472686226
UBFC_PHYS_s15_T1_test,74,135,78.5,-1.4414342641830444,1.1102501157226035
UBFC_PHYS_s15_T1_test,74,136,78.53333333333333,-1.5146242380142212,1.3012266488143294
UBFC_PHYS_s15_T1_test,74,137,78.56666666666666,-1.243299961090088,1.3574750258995893
UBFC_PHYS_s15_T1_test,74,138,78.6,-0.6825569868087769,1.3026287277451596
UBFC_PHYS_s15_T1_test,74,139,78.63333333333334,-0.08954468369483948,1.1629056693089126
UBFC_PHYS_s15_T1_test,74,140,78.66666666666667,0.33337342739105225,0.9579707406565825
UBFC_PHYS_s15_T1_test,74,141,78.7,0.594481885433197,0.6987918661011283
UBFC_PHYS_s15_T1_test,74,142,78.73333333333333,0.8055933117866516,0.3910114370800887
UBFC_PHYS_s15_T1_test,74,143,78.76666666666667,1.0455752611160278,0.04096880238541089
UBFC_PHYS_s15_T1_test,74,144,78.8,1.352721929550171,-0.3380147397304587
UBFC_PHYS_s15_T1_test,74,145,78.83333333333333,1.7190577983856201,-0.7208618380836882
UBFC_PHYS_s15_T1_test,74,146,78.86666666666666,2.080063819885254,-1.0694720096157109
UBFC_PHYS_s15_T1_test,74,147,78.9,2.3835413455963135,-1.3367762025600398
UBFC_PHYS_s15_T1_test,74,148,78.93333333333334,2.6340672969818115,-1.4760791814129632
UBFC_PHYS_s15_T1_test,74,149,78.96666666666667,2.842494249343872,-1.4531179091831772
UBFC_PHYS_s15_T1_test,74,150,79.0,3.016875743865967,-1.256800304637697
UBFC_PHYS_s15_T1_test,74,151,79.03333333333333,3.1463193893432617,-0.9049483728599143
UBFC_PHYS_s15_T1_test,74,152,79.06666666666666,3.07218337059021,-0.44317295329614004
UBFC_PHYS_s15_T1_test,74,153,79.1,2.576345682144165,0.06297859439327834
UBFC_PHYS_s15_T1_test,74,154,79.13333333333334,1.73508620262146,0.5410948801733393
UBFC_PHYS_s15_T1_test,74,155,79.16666666666667,0.9442873001098633,0.9274574807577107
UBFC_PHYS_s15_T1_test,74,156,79.2,0.4999915659427643,1.180840179762472
UBFC_PHYS_s15_T1_test,74,157,79.23333333333333,0.32846835255622864,1.2896003053903755
UBFC_PHYS_s15_T1_test,74,158,79.26666666666667,0.1583934724330902,1.268688814050031
UBFC_PHYS_s15_T1_test,74,159,79.3,-0.10078387707471848,1.1475593926530263
UBFC_PHYS_s15_T1_test,74,160,79.33333333333333,-0.2558152377605438,0.9552868890834653
UBFC_PHYS_s15_T1_test,74,161,79.36666666666666,-0.17613668739795685,0.7110327557054867
UBFC_PHYS_s15_T1_test,74,162,79.4,-0.0350867360830307,0.4239068751148242
UBFC_PHYS_s15_T1_test,74,163,79.43333333333334,-0.06032664328813553,0.09996379829730813
UBFC_PHYS_s15_T1_test,74,164,79.46666666666667,-0.21261578798294067,-0.24935597169338164
UBFC_PHYS_s15_T1_test,74,165,79.5,-0.28709957003593445,-0.6022437613523584
UBFC_PHYS_s15_T1_test,74,166,79.53333333333333,-0.20962251722812653,-0.9266474445238986
UBFC_PHYS_s15_T1_test,74,167,79.56666666666666,-0.055885035544633865,-1.1843595980279331
UBFC_PHYS_s15_T1_test,74,168,79.6,0.1469997763633728,-1.3373915298689336
UBFC_PHYS_s15_T1_test,74,169,79.63333333333334,0.35598698258399963,-1.3555560854743518
UBFC_PHYS_s15_T1_test,74,170,79.66666666666667,0.46961483359336853,-1.224121646311371
UBFC_PHYS_s15_T1_test,74,171,79.7,0.5065380930900574,-0.9496836921138033
UBFC_PHYS_s15_T1_test,74,172,79.73333333333333,0.5276067852973938,-0.5620255036697674
UBFC_PHYS_s15_T1_test,74,173,79.76666666666667,0.35787948966026306,-0.1104199706549795
UBFC_PHYS_s15_T1_test,74,174,79.8,-0.1464937925338745,0.34540281926101307
UBFC_PHYS_s15_T1_test,74,175,79.83333333333333,-0.7105004787445068,0.7473268083205752
UBFC_PHYS_s15_T1_test,74,176,79.86666666666666,-0.9965977668762207,1.0503500329282893
UBFC_PHYS_s15_T1_test,74,177,79.9,-0.9644637703895569,1.2299783737894097
UBFC_PHYS_s15_T1_test,74,178,79.93333333333334,-0.713802695274353,1.283438713622552
UBFC_PHYS_s15_T1_test,74,179,79.96666666666667,-0.35619550943374634,1.2248041158954368
UBFC_PHYS_s15_T1_test,74,180,80.0,-0.08693765103816986,1.0761782894726086
UBFC_PHYS_s15_T1_test,74,181,80.03333333333333,-0.06009490787982941,0.858600433718031
UBFC_PHYS_s15_T1_test,74,182,80.06666666666666,-0.22209765017032623,0.586793190104545
UBFC_PHYS_s15_T1_test,74,183,80.1,-0.46362441778182983,0.2703286673121867
UBFC_PHYS_s15_T1_test,74,184,80.13333333333334,-0.7055181264877319,-0.07973664232711994
UBFC_PHYS_s15_T1_test,74,185,80.16666666666667,-0.8921235203742981,-0.4430469088659233
UBFC_PHYS_s15_T1_test,74,186,80.2,-1.020601749420166,-0.7860772195417811
UBFC_PHYS_s15_T1_test,74,187,80.23333333333333,-1.1499683856964111,-1.0652671998755363
UBFC_PHYS_s15_T1_test,74,188,80.26666666666667,-1.3304520845413208,-1.2365256834324485
UBFC_PHYS_s15_T1_test,74,189,80.3,-1.5455416440963745,-1.2673136032183552
UBFC_PHYS_s15_T1_test,74,190,80.33333333333333,-1.7453945875167847,-1.146561874309858
UBFC_PHYS_s15_T1_test,74,191,80.36666666666666,-1.8726369142532349,-0.8889934412961187
UBFC_PHYS_s15_T1_test,74,192,80.4,-1.9091932773590088,-0.5328566836505677
UBFC_PHYS_s15_T1_test,74,193,80.43333333333334,-2.0023317337036133,-0.1321260022214164
UBFC_PHYS_s15_T1_test,74,194,80.46666666666667,-2.3579113483428955,0.2548754160127723
UBFC_PHYS_s15_T1_test,74,195,80.5,-2.8764591217041016,0.5779633619662985
UBFC_PHYS_s15_T1_test,74,196,80.53333333333333,-3.1823699474334717,0.8053546496197568
UBFC_PHYS_s15_T1_test,74,197,80.56666666666666,-3.141700267791748,0.9278985395817204
UBFC_PHYS_s15_T1_test,74,198,80.6,-2.9062371253967285,0.9548218804322987
UBFC_PHYS_s15_T1_test,74,199,80.63333333333334,-2.573560953140259,0.9025288930959675
UBFC_PHYS_s15_T1_test,74,200,80.66666666666667,-2.1404078006744385,0.7829856251339962
UBFC_PHYS_s15_T1_test,74,201,80.7,-1.6822658777236938,0.5991977338901338
UBFC_PHYS_s15_T1_test,74,202,80.73333333333333,-1.3109090328216553,0.3498775002855519
UBFC_PHYS_s15_T1_test,74,203,80.76666666666667,-1.0177630186080933,0.038856264192350956
UBFC_PHYS_s15_T1_test,74,204,80.8,-0.7307580709457397,-0.31692329712241096
UBFC_PHYS_s15_T1_test,74,205,80.83333333333333,-0.44468000531196594,-0.6844787520140069
UBFC_PHYS_s15_T1_test,74,206,80.86666666666666,-0.18473021686077118,-1.0174394134202196
UBFC_PHYS_s15_T1_test,74,207,80.9,0.03843149170279503,-1.2631473138823763
UBFC_PHYS_s15_T1_test,74,208,80.93333333333334,0.20477928221225739,-1.3729328842304107
UBFC_PHYS_s15_T1_test,74,209,80.96666666666667,0.2836274206638336,-1.314033204124225
UBFC_PHYS_s15_T1_test,74,210,81.0,0.267328679561615,-1.0802203771599441
UBFC_PHYS_s15_T1_test,74,211,81.03333333333333,0.1907399445772171,-0.6971346951409927
UBFC_PHYS_s15_T1_test,74,212,81.06666666666666,0.08392898738384247,-0.2193419249231058
UBFC_PHYS_s15_T1_test,74,213,81.1,-0.07610400021076202,0.28108238806935815
UBFC_PHYS_s15_T1_test,74,214,81.13333333333334,-0.24915280938148499,0.7315165773842532
UBFC_PHYS_s15_T1_test,74,215,81.16666666666667,-0.2415248453617096,1.0760151595534524
UBFC_PHYS_s15_T1_test,74,216,81.2,0.10123193264007568,1.286802774735949
UBFC_PHYS_s15_T1_test,74,217,81.23333333333333,0.6814215183258057,1.3658849319366921
UBFC_PHYS_s15_T1_test,74,218,81.26666666666667,1.2578647136688232,1.336723895711716
UBFC_PHYS_s15_T1_test,74,219,81.3,1.6271551847457886,1.2301487436882048
UBFC_PHYS_s15_T1_test,74,220,81.33333333333333,1.6289705038070679,1.0707482644969382
UBFC_PHYS_s15_T1_test,74,221,81.36666666666666,1.2259624004364014,0.8694022437744553
UBFC_PHYS_s15_T1_test,74,222,81.4,0.6152802109718323,0.6248830698335127
UBFC_PHYS_s15_T1_test,74,223,81.43333333333334,0.039841219782829285,0.3333043935266686
UBFC_PHYS_s15_T1_test,74,224,81.46666666666667,-0.4492568075656891,0.00011626361084674918
UBFC_PHYS_s15_T1_test,74,225,81.5,-0.8742605447769165,-0.3519472462399739
UBFC_PHYS_s15_T1_test,74,226,81.53333333333333,-1.12461256980896,-0.6828468431866717
UBFC_PHYS_s15_T1_test,74,227,81.56666666666666,-1.1174674034118652,-0.9427592785345943
UBFC_PHYS_s15_T1_test,74,228,81.6,-0.9423329830169678,-1.084047471562939
UBFC_PHYS_s15_T1_test,74,229,81.63333333333334,-0.7217203378677368,-1.0739640325410316
UBFC_PHYS_s15_T1_test,74,230,81.66666666666667,-0.5088902115821838,-0.9048853488092888
UBFC_PHYS_s15_T1_test,74,231,81.7,-0.3646731972694397,-0.5997164601756666
UBFC_PHYS_s15_T1_test,74,232,81.73333333333333,-0.33450889587402344,-0.21090429975447397
UBFC_PHYS_s15_T1_test,74,233,81.76666666666667,-0.382169246673584,0.18769872282030314
UBFC_PHYS_s15_T1_test,74,234,81.8,-0.4398135542869568,0.5156155391643727
UBFC_PHYS_s15_T1_test,74,235,81.83333333333333,-0.3931187689304352,0.7043411202287211
UBFC_PHYS_s15_T1_test,74,236,81.86666666666666,-0.09292416274547577,0.7142041627943534
UBFC_PHYS_s15_T1_test,74,237,81.9,0.4234607517719269,0.5435908648515957
UBFC_PHYS_s15_T1_test,74,238,81.93333333333334,0.867022693157196,0.22808903794003996
UBFC_PHYS_s15_T1_test,74,239,81.96666666666667,1.010872721672058,-0.16850408210126552
UBFC_PHYS_s15_T1_test,75,0,75.0,0.7675886154174805,0.044843841621794556
UBFC_PHYS_s15_T1_test,75,1,75.03333333333333,0.3676510155200958,0.8897912978406467
UBFC_PHYS_s15_T1_test,75,2,75.06666666666666,0.002608978422358632,1.6131873517805044
UBFC_PHYS_s15_T1_test,75,3,75.1,-0.07929036766290665,2.12360557470513
UBFC_PHYS_s15_T1_test,75,4,75.13333333333334,0.16824224591255188,2.37572738478975
UBFC_PHYS_s15_T1_test,75,5,75.16666666666667,0.4942367970943451,2.377386031493309
UBFC_PHYS_s15_T1_test,75,6,75.2,0.5899630188941956,2.179525962548271
UBFC_PHYS_s15_T1_test,75,7,75.23333333333333,0.3634411692619324,1.8529482613416586
UBFC_PHYS_s15_T1_test,75,8,75.26666666666667,-0.04348716512322426,1.462939006772011
UBFC_PHYS_s15_T1_test,75,9,75.3,-0.39143869280815125,1.0534032284657815
UBFC_PHYS_s15_T1_test,75,10,75.33333333333333,-0.5182561874389648,0.6448365900356492
UBFC_PHYS_s15_T1_test,75,11,75.36666666666666,-0.4240362048149109,0.24199886318851568
UBFC_PHYS_s15_T1_test,75,12,75.4,-0.2428959459066391,-0.15562242743412008
UBFC_PHYS_s15_T1_test,75,13,75.43333333333334,-0.13050401210784912,-0.544954232555056
UBFC_PHYS_s15_T1_test,75,14,75.46666666666667,-0.14326879382133484,-0.9130220453014627
UBFC_PHYS_s15_T1_test,75,15,75.5,-0.22771723568439484,-1.2331581644659
UBFC_PHYS_s15_T1_test,75,16,75.53333333333333,-0.36357244849205017,-1.4655415462514678
UBFC_PHYS_s15_T1_test,75,17,75.56666666666666,-0.586830735206604,-1.5647231102716896
UBFC_PHYS_s15_T1_test,75,18,75.6,-0.8209612369537354,-1.4937456641766422
UBFC_PHYS_s15_T1_test,75,19,75.63333333333334,-0.9211870431900024,-1.2399990131365015
UBFC_PHYS_s15_T1_test,75,20,75.66666666666667,-0.8975306749343872,-0.8260068628823319
UBFC_PHYS_s15_T1_test,75,21,75.7,-0.8912351727485657,-0.3098120736104173
UBFC_PHYS_s15_T1_test,75,22,75.73333333333333,-0.9522590041160583,0.2265759038693796
UBFC_PHYS_s15_T1_test,75,23,75.76666666666667,-0.9705467820167542,0.6973988483307524
UBFC_PHYS_s15_T1_test,75,24,75.8,-0.8026541471481323,1.0347681808946838
UBFC_PHYS_s15_T1_test,75,25,75.83333333333333,-0.436665803194046,1.2037060003965045
UBFC_PHYS_s15_T1_test,75,26,75.86666666666666,-0.05291109159588814,1.2059828163771538
UBFC_PHYS_s15_T1_test,75,27,75.9,0.06913650780916214,1.0728591046253277
UBFC_PHYS_s15_T1_test,75,28,75.93333333333334,-0.22294734418392181,0.850126172915534
UBFC_PHYS_s15_T1_test,75,29,75.96666666666667,-0.8342088460922241,0.580957038177841
UBFC_PHYS_s15_T1_test,75,30,76.0,-1.5121136903762817,0.2934759476459055
UBFC_PHYS_s15_T1_test,75,31,76.03333333333333,-2.003509759902954,-0.001598028339257207
UBFC_PHYS_s15_T1_test,75,32,76.06666666666666,-2.2006397247314453,-0.3033413340378171
UBFC_PHYS_s15_T1_test,75,33,76.1,-2.13942289352417,-0.6085901232284654
UBFC_PHYS_s15_T1_test,75,34,76.13333333333334,-1.9144846200942993,-0.9022643599975586
UBFC_PHYS_s15_T1_test,75,35,76.16666666666667,-1.6149464845657349,-1.154334983986692
UBFC_PHYS_s15_T1_test,75,36,76.2,-1.32962167263031,-1.3241957839332987
UBFC_PHYS_s15_T1_test,75,37,76.23333333333333,-1.127007246017456,-1.370589156158068
UBFC_PHYS_s15_T1_test,75,38,76.26666666666667,-1.013089656829834,-1.2640781507773216
UBFC_PHYS_s15_T1_test,75,39,76.3,-0.9527031183242798,-0.9985852536484627
UBFC_PHYS_s15_T1_test,75,40,76.33333333333333,-0.9306495785713196,-0.5981156970250817
UBFC_PHYS_s15_T1_test,75,41,76.36666666666666,-0.9573185443878174,-0.11529431649172829
UBFC_PHYS_s15_T1_test,75,42,76.4,-1.0093625783920288,0.37928827022329226
UBFC_PHYS_s15_T1_test,75,43,76.43333333333334,-0.9852234125137329,0.8141909296959758
UBFC_PHYS_s15_T1_test,75,44,76.46666666666667,-0.7650935649871826,1.134581353805007
UBFC_PHYS_s15_T1_test,75,45,76.5,-0.36125507950782776,1.3131033306706967
UBFC_PHYS_s15_T1_test,75,46,76.53333333333333,0.047372639179229736,1.3501226160527537
UBFC_PHYS_s15_T1_test,75,47,76.56666666666666,0.3047347068786621,1.2647339573931689
UBFC_PHYS_s15_T1_test,75,48,76.6,0.40515363216400146,1.0827262759636382
UBFC_PHYS_s15_T1_test,75,49,76.63333333333334,0.40378251671791077,0.8281497451070787
UBFC_PHYS_s15_T1_test,75,50,76.66666666666667,0.3510432839393616,0.520608614903476
UBFC_PHYS_s15_T1_test,75,51,76.7,0.31054744124412537,0.17612554340203615
UBFC_PHYS_s15_T1_test,75,52,76.73333333333333,0.3303994834423065,-0.1903247097883354
UBFC_PHYS_s15_T1_test,75,53,76.76666666666667,0.3876575529575348,-0.5606174818098448
UBFC_PHYS_s15_T1_test,75,54,76.8,0.427863746881485,-0.9082780065349247
UBFC_PHYS_s15_T1_test,75,55,76.83333333333333,0.43591657280921936,-1.1952816489340048
UBFC_PHYS_s15_T1_test,75,56,76.86666666666666,0.404690146446228,-1.3747530167221835
UBFC_PHYS_s15_T1_test,75,57,76.9,0.3145448863506317,-1.4013543480652715
UBFC_PHYS_s15_T1_test,75,58,76.93333333333334,0.18772737681865692,-1.246773960727687
UBFC_PHYS_s15_T1_test,75,59,76.96666666666667,0.07848318666219711,-0.9139267088437981
UBFC_PHYS_s15_T1_test,75,60,77.0,-0.01596852019429207,-0.44299059403823665
UBFC_PHYS_s15_T1_test,75,61,77.03333333333333,-0.16462713479995728,0.09441604128237606
UBFC_PHYS_s15_T1_test,75,62,77.06666666666666,-0.3690761625766754,0.6115095385890961
UBFC_PHYS_s15_T1_test,75,63,77.1,-0.4843648076057434,1.027508868833472
UBFC_PHYS_s15_T1_test,75,64,77.13333333333334,-0.3592660129070282,1.2868852175756467
UBFC_PHYS_s15_T1_test,75,65,77.16666666666667,-0.045997634530067444,1.3708882371988345
UBFC_PHYS_s15_T1_test,75,66,77.2,0.25330865383148193,1.297620808249504
UBFC_PHYS_s15_T1_test,75,67,77.23333333333333,0.42264968156814575,1.1104153688786735
UBFC_PHYS_s15_T1_test,75,68,77.26666666666667,0.4848514795303345,0.8590407452629808
UBFC_PHYS_s15_T1_test,75,69,77.3,0.4921704828739166,0.5818917183294712
UBFC_PHYS_s15_T1_test,75,70,77.33333333333333,0.4857397973537445,0.29707155860891066
UBFC_PHYS_s15_T1_test,75,71,77.36666666666666,0.49947014451026917,0.00554538460186481
UBFC_PHYS_s15_T1_test,75,72,77.4,0.5408929586410522,-0.29733616501660637
UBFC_PHYS_s15_T1_test,75,73,77.43333333333334,0.6006035804748535,-0.6095459136986343
UBFC_PHYS_s15_T1_test,75,74,77.46666666666667,0.6640799045562744,-0.9149796028985827
UBFC_PHYS_s15_T1_test,75,75,77.5,0.7160273790359497,-1.1823467816534214
UBFC_PHYS_s15_T1_test,75,76,77.53333333333333,0.7330600023269653,-1.3696561180898588
UBFC_PHYS_s15_T1_test,75,77,77.56666666666666,0.6786020398139954,-1.4333603872864369
UBFC_PHYS_s15_T1_test,75,78,77.6,0.5427468419075012,-1.340622255728954
UBFC_PHYS_s15_T1_test,75,79,77.63333333333334,0.38497328758239746,-1.081705272902407
UBFC_PHYS_s15_T1_test,75,80,77.66666666666667,0.2565143406391144,-0.6781323245419983
UBFC_PHYS_s15_T1_test,75,81,77.7,0.11780105531215668,-0.1823787264166209
UBFC_PHYS_s15_T1_test,75,82,77.73333333333333,-0.10341021418571472,0.3326102853077016
UBFC_PHYS_s15_T1_test,75,83,77.76666666666667,-0.37479230761528015,0.7912854987877341
UBFC_PHYS_s15_T1_test,75,84,77.8,-0.4912589490413666,1.1336896304794757
UBFC_PHYS_s15_T1_test,75,85,77.83333333333333,-0.28545811772346497,1.32666337869646
UBFC_PHYS_s15_T1_test,75,86,77.86666666666666,0.12197230011224747,1.3655616498901115
UBFC_PHYS_s15_T1_test,75,87,77.9,0.45926398038864136,1.2690841281781016
UBFC_PHYS_s15_T1_test,75,88,77.93333333333334,0.6407132148742676,1.070704757412091
UBFC_PHYS_s15_T1_test,75,89,77.96666666666667,0.7704080939292908,0.8086151686955688
UBFC_PHYS_s15_T1_test,75,90,78.0,0.9046025276184082,0.5157320789819717
UBFC_PHYS_s15_T1_test,75,91,78.03333333333333,0.9963506460189819,0.21256316564413089
UBFC_PHYS_s15_T1_test,75,92,78.06666666666666,0.9971810579299927,-0.09346978481902654
UBFC_PHYS_s15_T1_test,75,93,78.1,0.9059929251670837,-0.4008526163529413
UBFC_PHYS_s15_T1_test,75,94,78.13333333333334,0.7894877195358276,-0.7026949784908122
UBFC_PHYS_s15_T1_test,75,95,78.16666666666667,0.7167998552322388,-0.9784263728233696
UBFC_PHYS_s15_T1_test,75,96,78.2,0.649692952632904,-1.1933842827950896
UBFC_PHYS_s15_T1_test,75,97,78.23333333333333,0.494314044713974,-1.306287846319146
UBFC_PHYS_s15_T1_test,75,98,78.26666666666667,0.24662692844867706,-1.281331517787063
UBFC_PHYS_s15_T1_test,75,99,78.3,-0.025875231251120567,-1.1006962024623625
UBFC_PHYS_s15_T1_test,75,100,78.33333333333333,-0.2914446294307709,-0.7734841111137677
UBFC_PHYS_s15_T1_test,75,101,78.36666666666666,-0.534052848815918,-0.3380469452140454
UBFC_PHYS_s15_T1_test,75,102,78.4,-0.7382315397262573,0.1436272801798211
UBFC_PHYS_s15_T1_test,75,103,78.43333333333334,-0.9387796521186829,0.5987381953144313
UBFC_PHYS_s15_T1_test,75,104,78.46666666666667,-1.187509536743164,0.9608387999107003
UBFC_PHYS_s15_T1_test,75,105,78.5,-1.4414342641830444,1.1861646980868694
UBFC_PHYS_s15_T1_test,75,106,78.53333333333333,-1.5146242380142212,1.2624542535032353
UBFC_PHYS_s15_T1_test,75,107,78.56666666666666,-1.243299961090088,1.2058818744621884
UBFC_PHYS_s15_T1_test,75,108,78.6,-0.6825569868087769,1.0483590470720028
UBFC_PHYS_s15_T1_test,75,109,78.63333333333334,-0.08954468369483948,0.8229990322303516
UBFC_PHYS_s15_T1_test,75,110,78.66666666666667,0.33337342739105225,0.5549786916619611
UBFC_PHYS_s15_T1_test,75,111,78.7,0.594481885433197,0.2600631744852556
UBFC_PHYS_s15_T1_test,75,112,78.73333333333333,0.8055933117866516,-0.0515972066670281
UBFC_PHYS_s15_T1_test,75,113,78.76666666666667,1.0455752611160278,-0.3702039888991205
UBFC_PHYS_s15_T1_test,75,114,78.8,1.352721929550171,-0.6816848632616445
UBFC_PHYS_s15_T1_test,75,115,78.83333333333333,1.7190577983856201,-0.9641542258847335
UBFC_PHYS_s15_T1_test,75,116,78.86666666666666,2.080063819885254,-1.186602126188906
UBFC_PHYS_s15_T1_test,75,117,78.9,2.3835413455963135,-1.311980991324489
UBFC_PHYS_s15_T1_test,75,118,78.93333333333334,2.6340672969818115,-1.3055571486735185
UBFC_PHYS_s15_T1_test,75,119,78.96666666666667,2.842494249343872,-1.146426771143267
UBFC_PHYS_s15_T1_test,75,120,79.0,3.016875743865967,-0.8377650450918024
UBFC_PHYS_s15_T1_test,75,121,79.03333333333333,3.1463193893432617,-0.4112370314618363
UBFC_PHYS_s15_T1_test,75,122,79.06666666666666,3.07218337059021,0.07676553003472503
UBFC_PHYS_s15_T1_test,75,123,79.1,2.576345682144165,0.5561105775074617
UBFC_PHYS_s15_T1_test,75,124,79.13333333333334,1.73508620262146,0.9576513704373113
UBFC_PHYS_s15_T1_test,75,125,79.16666666666667,0.9442873001098633,1.2275452920007566
UBFC_PHYS_s15_T1_test,75,126,79.2,0.4999915659427643,1.3379828031353436
UBFC_PHYS_s15_T1_test,75,127,79.23333333333333,0.32846835255622864,1.2919609330374302
UBFC_PHYS_s15_T1_test,75,128,79.26666666666667,0.1583934724330902,1.1197875524953254
UBFC_PHYS_s15_T1_test,75,129,79.3,-0.10078387707471848,0.8668849043764987
UBFC_PHYS_s15_T1_test,75,130,79.33333333333333,-0.2558152377605438,0.5773348734273253
UBFC_PHYS_s15_T1_test,75,131,79.36666666666666,-0.17613668739795685,0.2811115727317415
UBFC_PHYS_s15_T1_test,75,132,79.4,-0.0350867360830307,-0.009125237332268157
UBFC_PHYS_s15_T1_test,75,133,79.43333333333334,-0.06032664328813553,-0.2917339017148447
UBFC_PHYS_s15_T1_test,75,134,79.46666666666667,-0.21261578798294067,-0.5655501794288699
UBFC_PHYS_s15_T1_test,75,135,79.5,-0.28709957003593445,-0.8215074876024127
UBFC_PHYS_s15_T1_test,75,136,79.53333333333333,-0.20962251722812653,-1.039734049372089
UBFC_PHYS_s15_T1_test,75,137,79.56666666666666,-0.055885035544633865,-1.1917209223408451
UBFC_PHYS_s15_T1_test,75,138,79.6,0.1469997763633728,-1.246022101146969
UBFC_PHYS_s15_T1_test,75,139,79.63333333333334,0.35598698258399963,-1.176358487114193
UBFC_PHYS_s15_T1_test,75,140,79.66666666666667,0.46961483359336853,-0.9706695824917955
UBFC_PHYS_s15_T1_test,75,141,79.7,0.5065380930900574,-0.6385926615745534
UBFC_PHYS_s15_T1_test,75,142,79.73333333333333,0.5276067852973938,-0.21431462874857166
UBFC_PHYS_s15_T1_test,75,143,79.76666666666667,0.35787948966026306,0.24735700255782794
UBFC_PHYS_s15_T1_test,75,144,79.8,-0.1464937925338745,0.681483103091745
UBFC_PHYS_s15_T1_test,75,145,79.83333333333333,-0.7105004787445068,1.0270157086253695
UBFC_PHYS_s15_T1_test,75,146,79.86666666666666,-0.9965977668762207,1.2396481812013305
UBFC_PHYS_s15_T1_test,75,147,79.9,-0.9644637703895569,1.299503901313105
UBFC_PHYS_s15_T1_test,75,148,79.93333333333334,-0.713802695274353,1.2124696921686704
UBFC_PHYS_s15_T1_test,75,149,79.96666666666667,-0.35619550943374634,1.0062031618771794
UBFC_PHYS_s15_T1_test,75,150,80.0,-0.08693765103816986,0.7218722304755733
UBFC_PHYS_s15_T1_test,75,151,80.03333333333333,-0.06009490787982941,0.40279003406595604
UBFC_PHYS_s15_T1_test,75,152,80.06666666666666,-0.22209765017032623,0.0832339629644608
UBFC_PHYS_s15_T1_test,75,153,80.1,-0.46362441778182983,-0.21754325541173888
UBFC_PHYS_s15_T1_test,75,154,80.13333333333334,-0.7055181264877319,-0.4928311727561306
UBFC_PHYS_s15_T1_test,75,155,80.16666666666667,-0.8921235203742981,-0.7389191025256295
UBFC_PHYS_s15_T1_test,75,156,80.2,-1.020601749420166,-0.9445243342058419
UBFC_PHYS_s15_T1_test,75,157,80.23333333333333,-1.1499683856964111,-1.0862018998806697
UBFC_PHYS_s15_T1_test,75,158,80.26666666666667,-1.3304520845413208,-1.1328860137824446
UBFC_PHYS_s15_T1_test,75,159,80.3,-1.5455416440963745,-1.0572304665152776
UBFC_PHYS_s15_T1_test,75,160,80.33333333333333,-1.7453945875167847,-0.8482753411404553
UBFC_PHYS_s15_T1_test,75,161,80.36666666666666,-1.8726369142532349,-0.5199945106700207
UBFC_PHYS_s15_T1_test,75,162,80.4,-1.9091932773590088,-0.11232976723622876
UBFC_PHYS_s15_T1_test,75,163,80.43333333333334,-2.0023317337036133,0.31585175387604525
UBFC_PHYS_s15_T1_test,75,164,80.46666666666667,-2.3579113483428955,0.6998205047921439
UBFC_PHYS_s15_T1_test,75,165,80.5,-2.8764591217041016,0.9842136622932827
UBFC_PHYS_s15_T1_test,75,166,80.53333333333333,-3.1823699474334717,1.135827583372605
UBFC_PHYS_s15_T1_test,75,167,80.56666666666666,-3.141700267791748,1.1496187330621375
UBFC_PHYS_s15_T1_test,75,168,80.6,-2.9062371253967285,1.0451269573915074
UBFC_PHYS_s15_T1_test,75,169,80.63333333333334,-2.573560953140259,0.854454527706625
UBFC_PHYS_s15_T1_test,75,170,80.66666666666667,-2.1404078006744385,0.6081748109549274
UBFC_PHYS_s15_T1_test,75,171,80.7,-1.6822658777236938,0.3270855388116121
UBFC_PHYS_s15_T1_test,75,172,80.73333333333333,-1.3109090328216553,0.022843817659082992
UBFC_PHYS_s15_T1_test,75,173,80.76666666666667,-1.0177630186080933,-0.2957139630463601
UBFC_PHYS_s15_T1_test,75,174,80.8,-0.7307580709457397,-0.6155652010896286
UBFC_PHYS_s15_T1_test,75,175,80.83333333333333,-0.44468000531196594,-0.9149442755390144
UBFC_PHYS_s15_T1_test,75,176,80.86666666666666,-0.18473021686077118,-1.162366398676017
UBFC_PHYS_s15_T1_test,75,177,80.9,0.03843149170279503,-1.3195995865837769
UBFC_PHYS_s15_T1_test,75,178,80.93333333333334,0.20477928221225739,-1.3488525497605175
UBFC_PHYS_s15_T1_test,75,179,80.96666666666667,0.2836274206638336,-1.2235384103227926
UBFC_PHYS_s15_T1_test,75,180,81.0,0.267328679561615,-0.9396962321093099
UBFC_PHYS_s15_T1_test,75,181,81.03333333333333,0.1907399445772171,-0.5232546582053076
UBFC_PHYS_s15_T1_test,75,182,81.06666666666666,0.08392898738384247,-0.02888360665499155
UBFC_PHYS_s15_T1_test,75,183,81.1,-0.07610400021076202,0.470602634114171
UBFC_PHYS_s15_T1_test,75,184,81.13333333333334,-0.24915280938148499,0.9010415377618838
UBFC_PHYS_s15_T1_test,75,185,81.16666666666667,-0.2415248453617096,1.2039326219156221
UBFC_PHYS_s15_T1_test,75,186,81.2,0.10123193264007568,1.3481374984487013
UBFC_PHYS_s15_T1_test,75,187,81.23333333333333,0.6814215183258057,1.33340999983443
UBFC_PHYS_s15_T1_test,75,188,81.26666666666667,1.2578647136688232,1.1857762746038805
UBFC_PHYS_s15_T1_test,75,189,81.3,1.6271551847457886,0.9468085975991113
UBFC_PHYS_s15_T1_test,75,190,81.33333333333333,1.6289705038070679,0.6600009913026627
UBFC_PHYS_s15_T1_test,75,191,81.36666666666666,1.2259624004364014,0.3584925429645936
UBFC_PHYS_s15_T1_test,75,192,81.4,0.6152802109718323,0.059092593358148066
UBFC_PHYS_s15_T1_test,75,193,81.43333333333334,0.039841219782829285,-0.23434550004307025
UBFC_PHYS_s15_T1_test,75,194,81.46666666666667,-0.4492568075656891,-0.5203475977622448
UBFC_PHYS_s15_T1_test,75,195,81.5,-0.8742605447769165,-0.788576651273849
UBFC_PHYS_s15_T1_test,75,196,81.53333333333333,-1.12461256980896,-1.0141866077889057
UBFC_PHYS_s15_T1_test,75,197,81.56666666666666,-1.1174674034118652,-1.1603856662667784
UBFC_PHYS_s15_T1_test,75,198,81.6,-0.9423329830169678,-1.1880827935437346
UBFC_PHYS_s15_T1_test,75,199,81.63333333333334,-0.7217203378677368,-1.0690687011922233
UBFC_PHYS_s15_T1_test,75,200,81.66666666666667,-0.5088902115821838,-0.7981741428393365
UBFC_PHYS_s15_T1_test,75,201,81.7,-0.3646731972694397,-0.4001569628952669
UBFC_PHYS_s15_T1_test,75,202,81.73333333333333,-0.33450889587402344,0.07152273232710246
UBFC_PHYS_s15_T1_test,75,203,81.76666666666667,-0.382169246673584,0.5447295492641335
UBFC_PHYS_s15_T1_test,75,204,81.8,-0.4398135542869568,0.9455457477637491
UBFC_PHYS_s15_T1_test,75,205,81.83333333333333,-0.3931187689304352,1.2170749401973924
UBFC_PHYS_s15_T1_test,75,206,81.86666666666666,-0.09292416274547577,1.3328891745402667
UBFC_PHYS_s15_T1_test,75,207,81.9,0.4234607517719269,1.2990519034410426
UBFC_PHYS_s15_T1_test,75,208,81.93333333333334,0.867022693157196,1.1443501490049104
UBFC_PHYS_s15_T1_test,75,209,81.96666666666667,1.010872721672058,0.9047867236271651
UBFC_PHYS_s15_T1_test,75,210,82.0,0.9312521815299988,0.6107919600640096
UBFC_PHYS_s15_T1_test,75,211,82.03333333333333,0.834676206111908,0.28260118392380446
UBFC_PHYS_s15_T1_test,75,212,82.06666666666666,0.8168518543243408,-0.06683971389705902
UBFC_PHYS_s15_T1_test,75,213,82.1,0.90500807762146,-0.4260639386350692
UBFC_PHYS_s15_T1_test,75,214,82.13333333333334,1.1181086301803589,-0.7799405205453926
UBFC_PHYS_s15_T1_test,75,215,82.16666666666667,1.3717435598373413,-1.106055138829433
UBFC_PHYS_s15_T1_test,75,216,82.2,1.4999321699142456,-1.3731713597364623
UBFC_PHYS_s15_T1_test,75,217,82.23333333333333,1.4153485298156738,-1.543427889451698
UBFC_PHYS_s15_T1_test,75,218,82.26666666666667,1.1562098264694214,-1.5796015755167336
UBFC_PHYS_s15_T1_test,75,219,82.3,0.8391371369361877,-1.456477428151331
UBFC_PHYS_s15_T1_test,75,220,82.33333333333333,0.5697441101074219,-1.172482825098131
UBFC_PHYS_s15_T1_test,75,221,82.36666666666666,0.35195091366767883,-0.756348701405819
UBFC_PHYS_s15_T1_test,75,222,82.4,0.11959701031446457,-0.26498967108820776
UBFC_PHYS_s15_T1_test,75,223,82.43333333333334,-0.11061333864927292,0.2276142912716154
UBFC_PHYS_s15_T1_test,75,224,82.46666666666667,-0.207092747092247,0.646972405488102
UBFC_PHYS_s15_T1_test,75,225,82.5,-0.05072891339659691,0.9346867156982342
UBFC_PHYS_s15_T1_test,75,226,82.53333333333333,0.33986201882362366,1.060586529739008
UBFC_PHYS_s15_T1_test,75,227,82.56666666666666,0.7525451183319092,1.0277225980143474
UBFC_PHYS_s15_T1_test,75,228,82.6,0.9665918946266174,0.8688527988700818
UBFC_PHYS_s15_T1_test,75,229,82.63333333333334,0.9355971813201904,0.6349007589987447
UBFC_PHYS_s15_T1_test,75,230,82.66666666666667,0.7844860553741455,0.37913676831399645
UBFC_PHYS_s15_T1_test,75,231,82.7,0.6708968281745911,0.14338739238589798
UBFC_PHYS_s15_T1_test,75,232,82.73333333333333,0.6833333373069763,-0.048172163391385865
UBFC_PHYS_s15_T1_test,75,233,82.76666666666667,0.7994909882545471,-0.18634645920620385
UBFC_PHYS_s15_T1_test,75,234,82.8,0.9114387035369873,-0.2694281005501647
UBFC_PHYS_s15_T1_test,75,235,82.83333333333333,0.9226586222648621,-0.2971792294698041
UBFC_PHYS_s15_T1_test,75,236,82.86666666666666,0.8125840425491333,-0.26969356998958394
UBFC_PHYS_s15_T1_test,75,237,82.9,0.6109351515769958,-0.18995578296357907
UBFC_PHYS_s15_T1_test,75,238,82.93333333333334,0.3528006076812744,-0.06686491329594238
UBFC_PHYS_s15_T1_test,75,239,82.96666666666667,0.09901113063097,0.08377943379529663
UBFC_PHYS_s15_T1_test,76,0,76.0,-1.5121136903762817,-0.03293573296718391
UBFC_PHYS_s15_T1_test,76,1,76.03333333333333,-2.003509759902954,0.043177090550014945
UBFC_PHYS_s15_T1_test,76,2,76.06666666666666,-2.2006397247314453,0.038490877480749135
UBFC_PHYS_s15_T1_test,76,3,76.1,-2.13942289352417,-0.09660819104613064
UBFC_PHYS_s15_T1_test,76,4,76.13333333333334,-1.9144846200942993,-0.36127395432009923
UBFC_PHYS_s15_T1_test,76,5,76.16666666666667,-1.6149464845657349,-0.7057054863228884
UBFC_PHYS_s15_T1_test,76,6,76.2,-1.32962167263031,-1.0497592067467278
UBFC_PHYS_s15_T1_test,76,7,76.23333333333333,-1.127007246017456,-1.30797174406607
UBFC_PHYS_s15_T1_test,76,8,76.26666666666667,-1.013089656829834,-1.4114722161525965
UBFC_PHYS_s15_T1_test,76,9,76.3,-0.9527031183242798,-1.3230135671401055
UBFC_PHYS_s15_T1_test,76,10,76.33333333333333,-0.9306495785713196,-1.044628176845517
UBFC_PHYS_s15_T1_test,76,11,76.36666666666666,-0.9573185443878174,-0.6173730734185365
UBFC_PHYS_s15_T1_test,76,12,76.4,-1.0093625783920288,-0.11216965584921802
UBFC_PHYS_s15_T1_test,76,13,76.43333333333334,-0.9852234125137329,0.3876295478672582
UBFC_PHYS_s15_T1_test,76,14,76.46666666666667,-0.7650935649871826,0.8074282533348445
UBFC_PHYS_s15_T1_test,76,15,76.5,-0.36125507950782776,1.0987634301048388
UBFC_PHYS_s15_T1_test,76,16,76.53333333333333,0.047372639179229736,1.2462741730230613
UBFC_PHYS_s15_T1_test,76,17,76.56666666666666,0.3047347068786621,1.2625417842889812
UBFC_PHYS_s15_T1_test,76,18,76.6,0.40515363216400146,1.1750197046557949
UBFC_PHYS_s15_T1_test,76,19,76.63333333333334,0.40378251671791077,1.0122261921510363
UBFC_PHYS_s15_T1_test,76,20,76.66666666666667,0.3510432839393616,0.7945570718120043
UBFC_PHYS_s15_T1_test,76,21,76.7,0.31054744124412537,0.5315558976538339
UBFC_PHYS_s15_T1_test,76,22,76.73333333333333,0.3303994834423065,0.2255757586001479
UBFC_PHYS_s15_T1_test,76,23,76.76666666666667,0.3876575529575348,-0.11947090603590986
UBFC_PHYS_s15_T1_test,76,24,76.8,0.427863746881485,-0.4878222028179921
UBFC_PHYS_s15_T1_test,76,25,76.83333333333333,0.43591657280921936,-0.8453589874234495
UBFC_PHYS_s15_T1_test,76,26,76.86666666666666,0.404690146446228,-1.1413285877043142
UBFC_PHYS_s15_T1_test,76,27,76.9,0.3145448863506317,-1.3192259293520998
UBFC_PHYS_s15_T1_test,76,28,76.93333333333334,0.18772737681865692,-1.333352372168851
UBFC_PHYS_s15_T1_test,76,29,76.96666666666667,0.07848318666219711,-1.1647684440047807
UBFC_PHYS_s15_T1_test,76,30,77.0,-0.01596852019429207,-0.8306229355518058
UBFC_PHYS_s15_T1_test,76,31,77.03333333333333,-0.16462713479995728,-0.3832562630193239
UBFC_PHYS_s15_T1_test,76,32,77.06666666666666,-0.3690761625766754,0.1014777048893502
UBFC_PHYS_s15_T1_test,76,33,77.1,-0.4843648076057434,0.5438063846857366
UBFC_PHYS_s15_T1_test,76,34,77.13333333333334,-0.3592660129070282,0.8812474008727652
UBFC_PHYS_s15_T1_test,76,35,77.16666666666667,-0.045997634530067444,1.0834846861395746
UBFC_PHYS_s15_T1_test,76,36,77.2,0.25330865383148193,1.1548075750864184
UBFC_PHYS_s15_T1_test,76,37,77.23333333333333,0.42264968156814575,1.1231971534781513
UBFC_PHYS_s15_T1_test,76,38,77.26666666666667,0.4848514795303345,1.0215852715539273
UBFC_PHYS_s15_T1_test,76,39,77.3,0.4921704828739166,0.8710065245430115
UBFC_PHYS_s15_T1_test,76,40,77.33333333333333,0.4857397973537445,0.6744492857802958
UBFC_PHYS_s15_T1_test,76,41,77.36666666666666,0.49947014451026917,0.42392356465425274
UBFC_PHYS_s15_T1_test,76,42,77.4,0.5408929586410522,0.11488500644828144
UBFC_PHYS_s15_T1_test,76,43,77.43333333333334,0.6006035804748535,-0.24181682604199684
UBFC_PHYS_s15_T1_test,76,44,77.46666666666667,0.6640799045562744,-0.6164945528937086
UBFC_PHYS_s15_T1_test,76,45,77.5,0.7160273790359497,-0.9650624367358065
UBFC_PHYS_s15_T1_test,76,46,77.53333333333333,0.7330600023269653,-1.2375868446137388
UBFC_PHYS_s15_T1_test,76,47,77.56666666666666,0.6786020398139954,-1.3879759717350006
UBFC_PHYS_s15_T1_test,76,48,77.6,0.5427468419075012,-1.3836424678535502
UBFC_PHYS_s15_T1_test,76,49,77.63333333333334,0.38497328758239746,-1.214303263086141
UBFC_PHYS_s15_T1_test,76,50,77.66666666666667,0.2565143406391144,-0.8975591719956746
UBFC_PHYS_s15_T1_test,76,51,77.7,0.11780105531215668,-0.47791138126058297
UBFC_PHYS_s15_T1_test,76,52,77.73333333333333,-0.10341021418571472,-0.017681625140279177
UBFC_PHYS_s15_T1_test,76,53,77.76666666666667,-0.37479230761528015,0.41785760095809127
UBFC_PHYS_s15_T1_test,76,54,77.8,-0.4912589490413666,0.7755727240892863
UBFC_PHYS_s15_T1_test,76,55,77.83333333333333,-0.28545811772346497,1.0240225898389743
UBFC_PHYS_s15_T1_test,76,56,77.86666666666666,0.12197230011224747,1.1550191172313249
UBFC_PHYS_s15_T1_test,76,57,77.9,0.45926398038864136,1.178612126508151
UBFC_PHYS_s15_T1_test,76,58,77.93333333333334,0.6407132148742676,1.1145205492878356
UBFC_PHYS_s15_T1_test,76,59,77.96666666666667,0.7704080939292908,0.9828735980994382
UBFC_PHYS_s15_T1_test,76,60,78.0,0.9046025276184082,0.796904250082357
UBFC_PHYS_s15_T1_test,76,61,78.03333333333333,0.9963506460189819,0.5602616157574879
UBFC_PHYS_s15_T1_test,76,62,78.06666666666666,0.9971810579299927,0.2709348833495247
UBFC_PHYS_s15_T1_test,76,63,78.1,0.9059929251670837,-0.06899251132436846
UBFC_PHYS_s15_T1_test,76,64,78.13333333333334,0.7894877195358276,-0.44283344109965683
UBFC_PHYS_s15_T1_test,76,65,78.16666666666667,0.7167998552322388,-0.8147414916669781
UBFC_PHYS_s15_T1_test,76,66,78.2,0.649692952632904,-1.1341793198391341
UBFC_PHYS_s15_T1_test,76,67,78.23333333333333,0.494314044713974,-1.3471515706231616
UBFC_PHYS_s15_T1_test,76,68,78.26666666666667,0.24662692844867706,-1.409552170211469
UBFC_PHYS_s15_T1_test,76,69,78.3,-0.025875231251120567,-1.2986823621640184
UBFC_PHYS_s15_T1_test,76,70,78.33333333333333,-0.2914446294307709,-1.0205744012519145
UBFC_PHYS_s15_T1_test,76,71,78.36666666666666,-0.534052848815918,-0.6116054902351953
UBFC_PHYS_s15_T1_test,76,72,78.4,-0.7382315397262573,-0.1329799981469336
UBFC_PHYS_s15_T1_test,76,73,78.43333333333334,-0.9387796521186829,0.3422813808867741
UBFC_PHYS_s15_T1_test,76,74,78.46666666666667,-1.187509536743164,0.7470910188833133
UBFC_PHYS_s15_T1_test,76,75,78.5,-1.4414342641830444,1.0365591098224787
UBFC_PHYS_s15_T1_test,76,76,78.53333333333333,-1.5146242380142212,1.1956614309838376
UBFC_PHYS_s15_T1_test,76,77,78.56666666666666,-1.243299961090088,1.2348590603868999
UBFC_PHYS_s15_T1_test,76,78,78.6,-0.6825569868087769,1.1771847229726735
UBFC_PHYS_s15_T1_test,76,79,78.63333333333334,-0.08954468369483948,1.0450636664805841
UBFC_PHYS_s15_T1_test,76,80,78.66666666666667,0.33337342739105225,0.8535235055444929
UBFC_PHYS_s15_T1_test,76,81,78.7,0.594481885433197,0.6108304285096916
UBFC_PHYS_s15_T1_test,76,82,78.73333333333333,0.8055933117866516,0.3230361403868457
UBFC_PHYS_s15_T1_test,76,83,78.76666666666667,1.0455752611160278,-0.0015998296603934438
UBFC_PHYS_s15_T1_test,76,84,78.8,1.352721929550171,-0.3494504376417161
UBFC_PHYS_s15_T1_test,76,85,78.83333333333333,1.7190577983856201,-0.6986658412119243
UBFC_PHYS_s15_T1_test,76,86,78.86666666666666,2.080063819885254,-1.0171706522198283
UBFC_PHYS_s15_T1_test,76,87,78.9,2.3835413455963135,-1.2642099424016964
UBFC_PHYS_s15_T1_test,76,88,78.93333333333334,2.6340672969818115,-1.3972151806123836
UBFC_PHYS_s15_T1_test,76,89,78.96666666666667,2.842494249343872,-1.3826382630469602
UBFC_PHYS_s15_T1_test,76,90,79.0,3.016875743865967,-1.2069394458071918
UBFC_PHYS_s15_T1_test,76,91,79.03333333333333,3.1463193893432617,-0.8835306318812132
UBFC_PHYS_s15_T1_test,76,92,79.06666666666666,3.07218337059021,-0.4530176722853483
UBFC_PHYS_s15_T1_test,76,93,79.1,2.576345682144165,0.02369494747871945
UBFC_PHYS_s15_T1_test,76,94,79.13333333333334,1.73508620262146,0.4780600628932482
UBFC_PHYS_s15_T1_test,76,95,79.16666666666667,0.9442873001098633,0.849345360554645
UBFC_PHYS_s15_T1_test,76,96,79.2,0.4999915659427643,1.0983661759727756
UBFC_PHYS_s15_T1_test,76,97,79.23333333333333,0.32846835255622864,1.2143629643568814
UBFC_PHYS_s15_T1_test,76,98,79.26666666666667,0.1583934724330902,1.211580440178694
UBFC_PHYS_s15_T1_test,76,99,79.3,-0.10078387707471848,1.1166863117169277
UBFC_PHYS_s15_T1_test,76,100,79.33333333333333,-0.2558152377605438,0.9538572056652836
UBFC_PHYS_s15_T1_test,76,101,79.36666666666666,-0.17613668739795685,0.7362785073355975
UBFC_PHYS_s15_T1_test,76,102,79.4,-0.0350867360830307,0.46816597536415905
UBFC_PHYS_s15_T1_test,76,103,79.43333333333334,-0.06032664328813553,0.15402218456870376
UBFC_PHYS_s15_T1_test,76,104,79.46666666666667,-0.21261578798294067,-0.19239558405042076
UBFC_PHYS_s15_T1_test,76,105,79.5,-0.28709957003593445,-0.5452644711062065
UBFC_PHYS_s15_T1_test,76,106,79.53333333333333,-0.20962251722812653,-0.8701084321500039
UBFC_PHYS_s15_T1_test,76,107,79.56666666666666,-0.055885035544633865,-1.1293347351825838
UBFC_PHYS_s15_T1_test,76,108,79.6,0.1469997763633728,-1.287082022514781
UBFC_PHYS_s15_T1_test,76,109,79.63333333333334,0.35598698258399963,-1.3140189171392471
UBFC_PHYS_s15_T1_test,76,110,79.66666666666667,0.46961483359336853,-1.1935046686908786
UBFC_PHYS_s15_T1_test,76,111,79.7,0.5065380930900574,-0.928350255052641
UBFC_PHYS_s15_T1_test,76,112,79.73333333333333,0.5276067852973938,-0.5449293385959201
UBFC_PHYS_s15_T1_test,76,113,79.76666666666667,0.35787948966026306,-0.09120113351917608
UBFC_PHYS_s15_T1_test,76,114,79.8,-0.1464937925338745,0.371966279505093
UBFC_PHYS_s15_T1_test,76,115,79.83333333333333,-0.7105004787445068,0.7832725606240092
UBFC_PHYS_s15_T1_test,76,116,79.86666666666666,-0.9965977668762207,1.0928992257133143
UBFC_PHYS_s15_T1_test,76,117,79.9,-0.9644637703895569,1.2704417519801257
UBFC_PHYS_s15_T1_test,76,118,79.93333333333334,-0.713802695274353,1.307533218679231
UBFC_PHYS_s15_T1_test,76,119,79.96666666666667,-0.35619550943374634,1.215555560820863
UBFC_PHYS_s15_T1_test,76,120,80.0,-0.08693765103816986,1.019524288577715
UBFC_PHYS_s15_T1_test,76,121,80.03333333333333,-0.06009490787982941,0.7497844875890199
UBFC_PHYS_s15_T1_test,76,122,80.06666666666666,-0.22209765017032623,0.4342575386603131
UBFC_PHYS_s15_T1_test,76,123,80.1,-0.46362441778182983,0.0944735994475873
UBFC_PHYS_s15_T1_test,76,124,80.13333333333334,-0.7055181264877319,-0.2528322009138244
UBFC_PHYS_s15_T1_test,76,125,80.16666666666667,-0.8921235203742981,-0.5898999687084128
UBFC_PHYS_s15_T1_test,76,126,80.2,-1.020601749420166,-0.8922325178629222
UBFC_PHYS_s15_T1_test,76,127,80.23333333333333,-1.1499683856964111,-1.1276546650852612
UBFC_PHYS_s15_T1_test,76,128,80.26666666666667,-1.3304520845413208,-1.2616671391857766
UBFC_PHYS_s15_T1_test,76,129,80.3,-1.5455416440963745,-1.2667319227766531
UBFC_PHYS_s15_T1_test,76,130,80.33333333333333,-1.7453945875167847,-1.1315029780740518
UBFC_PHYS_s15_T1_test,76,131,80.36666666666666,-1.8726369142532349,-0.8666027768871148
UBFC_PHYS_s15_T1_test,76,132,80.4,-1.9091932773590088,-0.5049163325999128
UBFC_PHYS_s15_T1_test,76,133,80.43333333333334,-2.0023317337036133,-0.09590542090417452
UBFC_PHYS_s15_T1_test,76,134,80.46666666666667,-2.3579113483428955,0.3049274864055652
UBFC_PHYS_s15_T1_test,76,135,80.5,-2.8764591217041016,0.6486377885599904
UBFC_PHYS_s15_T1_test,76,136,80.53333333333333,-3.1823699474334717,0.9033766199241362
UBFC_PHYS_s15_T1_test,76,137,80.56666666666666,-3.141700267791748,1.0585089575342925
UBFC_PHYS_s15_T1_test,76,138,80.6,-2.9062371253967285,1.1197947063105806
UBFC_PHYS_s15_T1_test,76,139,80.63333333333334,-2.573560953140259,1.0977524627237714
UBFC_PHYS_s15_T1_test,76,140,80.66666666666667,-2.1404078006744385,0.9968194787359635
UBFC_PHYS_s15_T1_test,76,141,80.7,-1.6822658777236938,0.813390245881592
UBFC_PHYS_s15_T1_test,76,142,80.73333333333333,-1.3109090328216553,0.5437371569711423
UBFC_PHYS_s15_T1_test,76,143,80.76666666666667,-1.0177630186080933,0.19509976696884182
UBFC_PHYS_s15_T1_test,76,144,80.8,-0.7307580709457397,-0.20769327246931527
UBFC_PHYS_s15_T1_test,76,145,80.83333333333333,-0.44468000531196594,-0.6229954984101721
UBFC_PHYS_s15_T1_test,76,146,80.86666666666666,-0.18473021686077118,-0.9985022486082827
UBFC_PHYS_s15_T1_test,76,147,80.9,0.03843149170279503,-1.2793209416812705
UBFC_PHYS_s15_T1_test,76,148,80.93333333333334,0.20477928221225739,-1.4165708622089055
UBFC_PHYS_s15_T1_test,76,149,80.96666666666667,0.2836274206638336,-1.3770316137650742
UBFC_PHYS_s15_T1_test,76,150,81.0,0.267328679561615,-1.1530203478637118
UBFC_PHYS_s15_T1_test,76,151,81.03333333333333,0.1907399445772171,-0.7690060629251413
UBFC_PHYS_s15_T1_test,76,152,81.06666666666666,0.08392898738384247,-0.2808533855896075
UBFC_PHYS_s15_T1_test,76,153,81.1,-0.07610400021076202,0.23422302659551808
UBFC_PHYS_s15_T1_test,76,154,81.13333333333334,-0.24915280938148499,0.6951632047930851
UBFC_PHYS_s15_T1_test,76,155,81.16666666666667,-0.2415248453617096,1.0367272106288286
UBFC_PHYS_s15_T1_test,76,156,81.2,0.10123193264007568,1.224527181544354
UBFC_PHYS_s15_T1_test,76,157,81.23333333333333,0.6814215183258057,1.2599453506088278
UBFC_PHYS_s15_T1_test,76,158,81.26666666666667,1.2578647136688232,1.1732025032762983
UBFC_PHYS_s15_T1_test,76,159,81.3,1.6271551847457886,1.0073926419381174
UBFC_PHYS_s15_T1_test,76,160,81.33333333333333,1.6289705038070679,0.799823953183812
UBFC_PHYS_s15_T1_test,76,161,81.36666666666666,1.2259624004364014,0.5685230653381999
UBFC_PHYS_s15_T1_test,76,162,81.4,0.6152802109718323,0.3104741740623968
UBFC_PHYS_s15_T1_test,76,163,81.43333333333334,0.039841219782829285,0.012939334164585021
UBFC_PHYS_s15_T1_test,76,164,81.46666666666667,-0.4492568075656891,-0.3285303576188543
UBFC_PHYS_s15_T1_test,76,165,81.5,-0.8742605447769165,-0.6960506144928659
UBFC_PHYS_s15_T1_test,76,166,81.53333333333333,-1.12461256980896,-1.0467283600557205
UBFC_PHYS_s15_T1_test,76,167,81.56666666666666,-1.1174674034118652,-1.3216885100638944
UBFC_PHYS_s15_T1_test,76,168,81.6,-0.9423329830169678,-1.4621190826270691
UBFC_PHYS_s15_T1_test,76,169,81.63333333333334,-0.7217203378677368,-1.426359900669444
UBFC_PHYS_s15_T1_test,76,170,81.66666666666667,-0.5088902115821838,-1.2031735880973566
UBFC_PHYS_s15_T1_test,76,171,81.7,-0.3646731972694397,-0.8178988423025777
UBFC_PHYS_s15_T1_test,76,172,81.73333333333333,-0.33450889587402344,-0.329256683447602
UBFC_PHYS_s15_T1_test,76,173,81.76666666666667,-0.382169246673584,0.18371927028628204
UBFC_PHYS_s15_T1_test,76,174,81.8,-0.4398135542869568,0.6418070942486571
UBFC_PHYS_s15_T1_test,76,175,81.83333333333333,-0.3931187689304352,0.9862141116695649
UBFC_PHYS_s15_T1_test,76,176,81.86666666666666,-0.09292416274547577,1.191486669785616
UBFC_PHYS_s15_T1_test,76,177,81.9,0.4234607517719269,1.265012244614499
UBFC_PHYS_s15_T1_test,76,178,81.93333333333334,0.867022693157196,1.2338384439176395
UBFC_PHYS_s15_T1_test,76,179,81.96666666666667,1.010872721672058,1.1263263894451936
UBFC_PHYS_s15_T1_test,76,180,82.0,0.9312521815299988,0.958894639077301
UBFC_PHYS_s15_T1_test,76,181,82.03333333333333,0.834676206111908,0.7343978623314773
UBFC_PHYS_s15_T1_test,76,182,82.06666666666666,0.8168518543243408,0.45045366015786337
UBFC_PHYS_s15_T1_test,76,183,82.1,0.90500807762146,0.11026059634997697
UBFC_PHYS_s15_T1_test,76,184,82.13333333333334,1.1181086301803589,-0.27014314479062124
UBFC_PHYS_s15_T1_test,76,185,82.16666666666667,1.3717435598373413,-0.6595663587379894
UBFC_PHYS_s15_T1_test,76,186,82.2,1.4999321699142456,-1.0135140397974665
UBFC_PHYS_s15_T1_test,76,187,82.23333333333333,1.4153485298156738,-1.2799266326079624
UBFC_PHYS_s15_T1_test,76,188,82.26666666666667,1.1562098264694214,-1.409009441478605
UBFC_PHYS_s15_T1_test,76,189,82.3,0.8391371369361877,-1.3661042144892626
UBFC_PHYS_s15_T1_test,76,190,82.33333333333333,0.5697441101074219,-1.1439397493917298
UBFC_PHYS_s15_T1_test,76,191,82.36666666666666,0.35195091366767883,-0.7691082095990635
UBFC_PHYS_s15_T1_test,76,192,82.4,0.11959701031446457,-0.2992079693752909
UBFC_PHYS_s15_T1_test,76,193,82.43333333333334,-0.11061333864927292,0.18932449024345288
UBFC_PHYS_s15_T1_test,76,194,82.46666666666667,-0.207092747092247,0.6193284484051211
UBFC_PHYS_s15_T1_test,76,195,82.5,-0.05072891339659691,0.9315623853308954
UBFC_PHYS_s15_T1_test,76,196,82.53333333333333,0.33986201882362366,1.0979716137066733
UBFC_PHYS_s15_T1_test,76,197,82.56666666666666,0.7525451183319092,1.1248906521126403
UBFC_PHYS_s15_T1_test,76,198,82.6,0.9665918946266174,1.0444636889251717
UBFC_PHYS_s15_T1_test,76,199,82.63333333333334,0.9355971813201904,0.8971345410792931
UBFC_PHYS_s15_T1_test,76,200,82.66666666666667,0.7844860553741455,0.7128175147160872
UBFC_PHYS_s15_T1_test,76,201,82.7,0.6708968281745911,0.5001244452214575
UBFC_PHYS_s15_T1_test,76,202,82.73333333333333,0.6833333373069763,0.2495019598930197
UBFC_PHYS_s15_T1_test,76,203,82.76666666666667,0.7994909882545471,-0.051511210014291625
UBFC_PHYS_s15_T1_test,76,204,82.8,0.9114387035369873,-0.4002094833555206
UBFC_PHYS_s15_T1_test,76,205,82.83333333333333,0.9226586222648621,-0.768709854937421
UBFC_PHYS_s15_T1_test,76,206,82.86666666666666,0.8125840425491333,-1.1066907267929817
UBFC_PHYS_s15_T1_test,76,207,82.9,0.6109351515769958,-1.3537728416913746
UBFC_PHYS_s15_T1_test,76,208,82.93333333333334,0.3528006076812744,-1.4555589007237977
UBFC_PHYS_s15_T1_test,76,209,82.96666666666667,0.09901113063097,-1.3785561764880514
UBFC_PHYS_s15_T1_test,76,210,83.0,-0.07679920643568039,-1.120723200896458
UBFC_PHYS_s15_T1_test,76,211,83.03333333333333,-0.20655202865600586,-0.715003541478032
UBFC_PHYS_s15_T1_test,76,212,83.06666666666666,-0.40180885791778564,-0.22380772687182254
UBFC_PHYS_s15_T1_test,76,213,83.1,-0.6546907424926758,0.27559675507399695
UBFC_PHYS_s15_T1_test,76,214,83.13333333333334,-0.7991394400596619,0.7110807001725559
UBFC_PHYS_s15_T1_test,76,215,83.16666666666667,-0.6718778014183044,1.0337766745291987
UBFC_PHYS_s15_T1_test,76,216,83.2,-0.3070867955684662,1.2265461109893867
UBFC_PHYS_s15_T1_test,76,217,83.23333333333333,0.048531319946050644,1.2992918794887671
UBFC_PHYS_s15_T1_test,76,218,83.26666666666667,0.19912105798721313,1.2751651729038695
UBFC_PHYS_s15_T1_test,76,219,83.3,0.20070458948612213,1.1765532540488028
UBFC_PHYS_s15_T1_test,76,220,83.33333333333333,0.17811033129692078,1.017664119332065
UBFC_PHYS_s15_T1_test,76,221,83.36666666666666,0.1655193418264389,0.8046624263110063
UBFC_PHYS_s15_T1_test,76,222,83.4,0.20099425315856934,0.5401839761286339
UBFC_PHYS_s15_T1_test,76,223,83.43333333333334,0.3351500630378723,0.22883689241302665
UBFC_PHYS_s15_T1_test,76,224,83.46666666666667,0.5104003548622131,-0.11742157210775686
UBFC_PHYS_s15_T1_test,76,225,83.5,0.6166706085205078,-0.4740983233858952
UBFC_PHYS_s15_T1_test,76,226,83.53333333333333,0.6397862434387207,-0.8012451780257829
UBFC_PHYS_s15_T1_test,76,227,83.56666666666666,0.5967413187026978,-1.0465124095584828
UBFC_PHYS_s15_T1_test,76,228,83.6,0.4432162642478943,-1.1556879977861634
UBFC_PHYS_s15_T1_test,76,229,83.63333333333334,0.20676834881305695,-1.0881028622942137
UBFC_PHYS_s15_T1_test,76,230,83.66666666666667,-0.0085336584597826,-0.8317486916307449
UBFC_PHYS_s15_T1_test,76,231,83.7,-0.1964908242225647,-0.41288592094995136
UBFC_PHYS_s15_T1_test,76,232,83.73333333333333,-0.43807554244995117,0.10346605680789264
UBFC_PHYS_s15_T1_test,76,233,83.76666666666667,-0.7469988465309143,0.6232741183266989
UBFC_PHYS_s15_T1_test,76,234,83.8,-1.028364896774292,1.0418912409878094
UBFC_PHYS_s15_T1_test,76,235,83.83333333333333,-1.1231836080551147,1.2671649895483725
UBFC_PHYS_s15_T1_test,76,236,83.86666666666666,-0.9336428642272949,1.2417188313526526
UBFC_PHYS_s15_T1_test,76,237,83.9,-0.5942076444625854,0.9584320633164691
UBFC_PHYS_s15_T1_test,76,238,83.93333333333334,-0.37471505999565125,0.4643045081375972
UBFC_PHYS_s15_T1_test,76,239,83.96666666666667,-0.366469144821167,-0.148880549364752
UBFC_PHYS_s15_T1_test,77,0,77.0,-0.01596852019429207,0.07501726339236581
UBFC_PHYS_s15_T1_test,77,1,77.03333333333333,-0.16462713479995728,0.9407363473191144
UBFC_PHYS_s15_T1_test,77,2,77.06666666666666,-0.3690761625766754,1.6845642427935505
UBFC_PHYS_s15_T1_test,77,3,77.1,-0.4843648076057434,2.2131433784600225
UBFC_PHYS_s15_T1_test,77,4,77.13333333333334,-0.3592660129070282,2.4758024101766067
UBFC_PHYS_s15_T1_test,77,5,77.16666666666667,-0.045997634530067444,2.473572789523343
UBFC_PHYS_s15_T1_test,77,6,77.2,0.25330865383148193,2.253772570027866
UBFC_PHYS_s15_T1_test,77,7,77.23333333333333,0.42264968156814575,1.8916370882732696
UBFC_PHYS_s15_T1_test,77,8,77.26666666666667,0.4848514795303345,1.4657712455222693
UBFC_PHYS_s15_T1_test,77,9,77.3,0.4921704828739166,1.036408160927546
UBFC_PHYS_s15_T1_test,77,10,77.33333333333333,0.4857397973537445,0.6339934348203309
UBFC_PHYS_s15_T1_test,77,11,77.36666666666666,0.49947014451026917,0.2609723596436748
UBFC_PHYS_s15_T1_test,77,12,77.4,0.5408929586410522,-0.09618187437166034
UBFC_PHYS_s15_T1_test,77,13,77.43333333333334,0.6006035804748535,-0.4512681911380005
UBFC_PHYS_s15_T1_test,77,14,77.46666666666667,0.6640799045562744,-0.8050482160254546
UBFC_PHYS_s15_T1_test,77,15,77.5,0.7160273790359497,-1.13785403942015
UBFC_PHYS_s15_T1_test,77,16,77.53333333333333,0.7330600023269653,-1.4097993651195795
UBFC_PHYS_s15_T1_test,77,17,77.56666666666666,0.6786020398139954,-1.5690695702498776
UBFC_PHYS_s15_T1_test,77,18,77.6,0.5427468419075012,-1.5669759847404112
UBFC_PHYS_s15_T1_test,77,19,77.63333333333334,0.38497328758239746,-1.3759334248649977
UBFC_PHYS_s15_T1_test,77,20,77.66666666666667,0.2565143406391144,-1.0042300606741539
UBFC_PHYS_s15_T1_test,77,21,77.7,0.11780105531215668,-0.5010523387981315
UBFC_PHYS_s15_T1_test,77,22,77.73333333333333,-0.10341021418571472,0.052086111501217815
UBFC_PHYS_s15_T1_test,77,23,77.76666666666667,-0.37479230761528015,0.5619183061245625
UBFC_PHYS_s15_T1_test,77,24,77.8,-0.4912589490413666,0.9485021280770709
UBFC_PHYS_s15_T1_test,77,25,77.83333333333333,-0.28545811772346497,1.1648798284900022
UBFC_PHYS_s15_T1_test,77,26,77.86666666666666,0.12197230011224747,1.2045169631923223
UBFC_PHYS_s15_T1_test,77,27,77.9,0.45926398038864136,1.0956564602816394
UBFC_PHYS_s15_T1_test,77,28,77.93333333333334,0.6407132148742676,0.8864860089173787
UBFC_PHYS_s15_T1_test,77,29,77.96666666666667,0.7704080939292908,0.6272302354634052
UBFC_PHYS_s15_T1_test,77,30,78.0,0.9046025276184082,0.3553066675401603
UBFC_PHYS_s15_T1_test,77,31,78.03333333333333,0.9963506460189819,0.08810688288576227
UBFC_PHYS_s15_T1_test,77,32,78.06666666666666,0.9971810579299927,-0.17472025073310565
UBFC_PHYS_s15_T1_test,77,33,78.1,0.9059929251670837,-0.44104208616206453
UBFC_PHYS_s15_T1_test,77,34,78.13333333333334,0.7894877195358276,-0.7129289908730411
UBFC_PHYS_s15_T1_test,77,35,78.16666666666667,0.7167998552322388,-0.9763668680596964
UBFC_PHYS_s15_T1_test,77,36,78.2,0.649692952632904,-1.1983318684592073
UBFC_PHYS_s15_T1_test,77,37,78.23333333333333,0.494314044713974,-1.3323557894570206
UBFC_PHYS_s15_T1_test,77,38,78.26666666666667,0.24662692844867706,-1.331064813498685
UBFC_PHYS_s15_T1_test,77,39,78.3,-0.025875231251120567,-1.1622417732744776
UBFC_PHYS_s15_T1_test,77,40,78.33333333333333,-0.2914446294307709,-0.8234008732923443
UBFC_PHYS_s15_T1_test,77,41,78.36666666666666,-0.534052848815918,-0.34936756822804743
UBFC_PHYS_s15_T1_test,77,42,78.4,-0.7382315397262573,0.19116364210346826
UBFC_PHYS_s15_T1_test,77,43,78.43333333333334,-0.9387796521186829,0.7106041802834392
UBFC_PHYS_s15_T1_test,77,44,78.46666666666667,-1.187509536743164,1.1249185498275545
UBFC_PHYS_s15_T1_test,77,45,78.5,-1.4414342641830444,1.375747968843413
UBFC_PHYS_s15_T1_test,77,46,78.53333333333333,-1.5146242380142212,1.4436041982927903
UBFC_PHYS_s15_T1_test,77,47,78.56666666666666,-1.243299961090088,1.3470040603712767
UBFC_PHYS_s15_T1_test,77,48,78.6,-0.6825569868087769,1.12916526754739
UBFC_PHYS_s15_T1_test,77,49,78.63333333333334,-0.08954468369483948,0.8396418115344813
UBFC_PHYS_s15_T1_test,77,50,78.66666666666667,0.33337342739105225,0.5192806407353749
UBFC_PHYS_s15_T1_test,77,51,78.7,0.594481885433197,0.19347087968824025
UBFC_PHYS_s15_T1_test,77,52,78.73333333333333,0.8055933117866516,-0.1262360247089248
UBFC_PHYS_s15_T1_test,77,53,78.76666666666667,1.0455752611160278,-0.4352989388266711
UBFC_PHYS_s15_T1_test,77,54,78.8,1.352721929550171,-0.7276429016185849
UBFC_PHYS_s15_T1_test,77,55,78.83333333333333,1.7190577983856201,-0.9881514985798575
UBFC_PHYS_s15_T1_test,77,56,78.86666666666666,2.080063819885254,-1.1890310846141858
UBFC_PHYS_s15_T1_test,77,57,78.9,2.3835413455963135,-1.29272214806467
UBFC_PHYS_s15_T1_test,77,58,78.93333333333334,2.6340672969818115,-1.2619845177349454
UBFC_PHYS_s15_T1_test,77,59,78.96666666666667,2.842494249343872,-1.0743216785506888
UBFC_PHYS_s15_T1_test,77,60,79.0,3.016875743865967,-0.7349492381552687
UBFC_PHYS_s15_T1_test,77,61,79.03333333333333,3.1463193893432617,-0.28210699287127583
UBFC_PHYS_s15_T1_test,77,62,79.06666666666666,3.07218337059021,0.2185605909603385
UBFC_PHYS_s15_T1_test,77,63,79.1,2.576345682144165,0.6891055228669173
UBFC_PHYS_s15_T1_test,77,64,79.13333333333334,1.73508620262146,1.058434852530953
UBFC_PHYS_s15_T1_test,77,65,79.16666666666667,0.9442873001098633,1.278820903009378
UBFC_PHYS_s15_T1_test,77,66,79.2,0.4999915659427643,1.3348062123479105
UBFC_PHYS_s15_T1_test,77,67,79.23333333333333,0.32846835255622864,1.2426093543195362
UBFC_PHYS_s15_T1_test,77,68,79.26666666666667,0.1583934724330902,1.040807529558358
UBFC_PHYS_s15_T1_test,77,69,79.3,-0.10078387707471848,0.7755453258316733
UBFC_PHYS_s15_T1_test,77,70,79.33333333333333,-0.2558152377605438,0.4858794951413127
UBFC_PHYS_s15_T1_test,77,71,79.36666666666666,-0.17613668739795685,0.19515088330932504
UBFC_PHYS_s15_T1_test,77,72,79.4,-0.0350867360830307,-0.08881983157435486
UBFC_PHYS_s15_T1_test,77,73,79.43333333333334,-0.06032664328813553,-0.3664080000044146
UBFC_PHYS_s15_T1_test,77,74,79.46666666666667,-0.21261578798294067,-0.6363627670538163
UBFC_PHYS_s15_T1_test,77,75,79.5,-0.28709957003593445,-0.8882211937386778
UBFC_PHYS_s15_T1_test,77,76,79.53333333333333,-0.20962251722812653,-1.099583947754972
UBFC_PHYS_s15_T1_test,77,77,79.56666666666666,-0.055885035544633865,-1.2385833242817788
UBFC_PHYS_s15_T1_test,77,78,79.6,0.1469997763633728,-1.2708290689067294
UBFC_PHYS_s15_T1_test,77,79,79.63333333333334,0.35598698258399963,-1.1695036997139998
UBFC_PHYS_s15_T1_test,77,80,79.66666666666667,0.46961483359336853,-0.9260200706477479
UBFC_PHYS_s15_T1_test,77,81,79.7,0.5065380930900574,-0.5574959981184147
UBFC_PHYS_s15_T1_test,77,82,79.73333333333333,0.5276067852973938,-0.10757823703809022
UBFC_PHYS_s15_T1_test,77,83,79.76666666666667,0.35787948966026306,0.36078690282716197
UBFC_PHYS_s15_T1_test,77,84,79.8,-0.1464937925338745,0.7789225482598061
UBFC_PHYS_s15_T1_test,77,85,79.83333333333333,-0.7105004787445068,1.088002136965962
UBFC_PHYS_s15_T1_test,77,86,79.86666666666666,-0.9965977668762207,1.2515712609947882
UBFC_PHYS_s15_T1_test,77,87,79.9,-0.9644637703895569,1.2612835803370013
UBFC_PHYS_s15_T1_test,77,88,79.93333333333334,-0.713802695274353,1.134779206217733
UBFC_PHYS_s15_T1_test,77,89,79.96666666666667,-0.35619550943374634,0.9072771133852162
UBFC_PHYS_s15_T1_test,77,90,80.0,-0.08693765103816986,0.6200672097101995
UBFC_PHYS_s15_T1_test,77,91,80.03333333333333,-0.06009490787982941,0.30964864875002124
UBFC_PHYS_s15_T1_test,77,92,80.06666666666666,-0.22209765017032623,0.0010043996388889222
UBFC_PHYS_s15_T1_test,77,93,80.1,-0.46362441778182983,-0.29282398860229825
UBFC_PHYS_s15_T1_test,77,94,80.13333333333334,-0.7055181264877319,-0.565151193881473
UBFC_PHYS_s15_T1_test,77,95,80.16666666666667,-0.8921235203742981,-0.8070814926966924
UBFC_PHYS_s15_T1_test,77,96,80.2,-1.020601749420166,-1.0006891641221158
UBFC_PHYS_s15_T1_test,77,97,80.23333333333333,-1.1499683856964111,-1.1181699378497083
UBFC_PHYS_s15_T1_test,77,98,80.26666666666667,-1.3304520845413208,-1.1283463351698961
UBFC_PHYS_s15_T1_test,77,99,80.3,-1.5455416440963745,-1.0082024477043516
UBFC_PHYS_s15_T1_test,77,100,80.33333333333333,-1.7453945875167847,-0.7545305280830664
UBFC_PHYS_s15_T1_test,77,101,80.36666666666666,-1.8726369142532349,-0.39051377312468444
UBFC_PHYS_s15_T1_test,77,102,80.4,-1.9091932773590088,0.03583553911837002
UBFC_PHYS_s15_T1_test,77,103,80.43333333333334,-2.0023317337036133,0.4612719869067498
UBFC_PHYS_s15_T1_test,77,104,80.46666666666667,-2.3579113483428955,0.8220369785469105
UBFC_PHYS_s15_T1_test,77,105,80.5,-2.8764591217041016,1.0690688351584463
UBFC_PHYS_s15_T1_test,77,106,80.53333333333333,-3.1823699474334717,1.1786737333147428
UBFC_PHYS_s15_T1_test,77,107,80.56666666666666,-3.141700267791748,1.1548607060138427
UBFC_PHYS_s15_T1_test,77,108,80.6,-2.9062371253967285,1.0224453218391718
UBFC_PHYS_s15_T1_test,77,109,80.63333333333334,-2.573560953140259,0.8140198701657034
UBFC_PHYS_s15_T1_test,77,110,80.66666666666667,-2.1404078006744385,0.5572542540974703
UBFC_PHYS_s15_T1_test,77,111,80.7,-1.6822658777236938,0.26883611166960425
UBFC_PHYS_s15_T1_test,77,112,80.73333333333333,-1.3109090328216553,-0.04313011902401313
UBFC_PHYS_s15_T1_test,77,113,80.76666666666667,-1.0177630186080933,-0.3714453888874747
UBFC_PHYS_s15_T1_test,77,114,80.8,-0.7307580709457397,-0.7016521419105018
UBFC_PHYS_s15_T1_test,77,115,80.83333333333333,-0.44468000531196594,-1.0069621782361649
UBFC_PHYS_s15_T1_test,77,116,80.86666666666666,-0.18473021686077118,-1.2481872937853484
UBFC_PHYS_s15_T1_test,77,117,80.9,0.03843149170279503,-1.379362225483267
UBFC_PHYS_s15_T1_test,77,118,80.93333333333334,0.20477928221225739,-1.3586297413320254
UBFC_PHYS_s15_T1_test,77,119,80.96666666666667,0.2836274206638336,-1.1622127855086266
UBFC_PHYS_s15_T1_test,77,120,81.0,0.267328679561615,-0.7969959157052142
UBFC_PHYS_s15_T1_test,77,121,81.03333333333333,0.1907399445772171,-0.30605742220772625
UBFC_PHYS_s15_T1_test,77,122,81.06666666666666,0.08392898738384247,0.2369092727301649
UBFC_PHYS_s15_T1_test,77,123,81.1,-0.07610400021076202,0.7440989746497585
UBFC_PHYS_s15_T1_test,77,124,81.13333333333334,-0.24915280938148499,1.1358034854790358
UBFC_PHYS_s15_T1_test,77,125,81.16666666666667,-0.2415248453617096,1.360210165673661
UBFC_PHYS_s15_T1_test,77,126,81.2,0.10123193264007568,1.4037740481758814
UBFC_PHYS_s15_T1_test,77,127,81.23333333333333,0.6814215183258057,1.2892300589392527
UBFC_PHYS_s15_T1_test,77,128,81.26666666666667,1.2578647136688232,1.0630259818105068
UBFC_PHYS_s15_T1_test,77,129,81.3,1.6271551847457886,0.777508927987604
UBFC_PHYS_s15_T1_test,77,130,81.33333333333333,1.6289705038070679,0.47459618396349673
UBFC_PHYS_s15_T1_test,77,131,81.36666666666666,1.2259624004364014,0.1766595432683422
UBFC_PHYS_s15_T1_test,77,132,81.4,0.6152802109718323,-0.11263972990656923
UBFC_PHYS_s15_T1_test,77,133,81.43333333333334,0.039841219782829285,-0.39890323617758644
UBFC_PHYS_s15_T1_test,77,134,81.46666666666667,-0.4492568075656891,-0.6839427366981577
UBFC_PHYS_s15_T1_test,77,135,81.5,-0.8742605447769165,-0.9554231249429163
UBFC_PHYS_s15_T1_test,77,136,81.53333333333333,-1.12461256980896,-1.1836272998647828
UBFC_PHYS_s15_T1_test,77,137,81.56666666666666,-1.1174674034118652,-1.3264219326883706
UBFC_PHYS_s15_T1_test,77,138,81.6,-0.9423329830169678,-1.3407504559084973
UBFC_PHYS_s15_T1_test,77,139,81.63333333333334,-0.7217203378677368,-1.1971230487554905
UBFC_PHYS_s15_T1_test,77,140,81.66666666666667,-0.5088902115821838,-0.8923748772344056
UBFC_PHYS_s15_T1_test,77,141,81.7,-0.3646731972694397,-0.4560569946342773
UBFC_PHYS_s15_T1_test,77,142,81.73333333333333,-0.33450889587402344,0.052321020510296884
UBFC_PHYS_s15_T1_test,77,143,81.76666666666667,-0.382169246673584,0.5551604046628281
UBFC_PHYS_s15_T1_test,77,144,81.8,-0.4398135542869568,0.9749668428970324
UBFC_PHYS_s15_T1_test,77,145,81.83333333333333,-0.3931187689304352,1.2536039102124759
UBFC_PHYS_s15_T1_test,77,146,81.86666666666666,-0.09292416274547577,1.3657543272031036
UBFC_PHYS_s15_T1_test,77,147,81.9,0.4234607517719269,1.321026486155087
UBFC_PHYS_s15_T1_test,77,148,81.93333333333334,0.867022693157196,1.1540737784155901
UBFC_PHYS_s15_T1_test,77,149,81.96666666666667,1.010872721672058,0.9079259974471596
UBFC_PHYS_s15_T1_test,77,150,82.0,0.9312521815299988,0.6187244876682287
UBFC_PHYS_s15_T1_test,77,151,82.03333333333333,0.834676206111908,0.3083979176665068
UBFC_PHYS_s15_T1_test,77,152,82.06666666666666,0.8168518543243408,-0.013380187623946894
UBFC_PHYS_s15_T1_test,77,153,82.1,0.90500807762146,-0.3413741139756887
UBFC_PHYS_s15_T1_test,77,154,82.13333333333334,1.1181086301803589,-0.6657802229348219
UBFC_PHYS_s15_T1_test,77,155,82.16666666666667,1.3717435598373413,-0.9655753614087141
UBFC_PHYS_s15_T1_test,77,156,82.2,1.4999321699142456,-1.2066200371901747
UBFC_PHYS_s15_T1_test,77,157,82.23333333333333,1.4153485298156738,-1.3459846146921481
UBFC_PHYS_s15_T1_test,77,158,82.26666666666667,1.1562098264694214,-1.3424262733449543
UBFC_PHYS_s15_T1_test,77,159,82.3,0.8391371369361877,-1.1705808283698778
UBFC_PHYS_s15_T1_test,77,160,82.33333333333333,0.5697441101074219,-0.8339917568220375
UBFC_PHYS_s15_T1_test,77,161,82.36666666666666,0.35195091366767883,-0.37121534837336956
UBFC_PHYS_s15_T1_test,77,162,82.4,0.11959701031446457,0.1488771172276672
UBFC_PHYS_s15_T1_test,77,163,82.43333333333334,-0.11061333864927292,0.6423317946433997
UBFC_PHYS_s15_T1_test,77,164,82.46666666666667,-0.207092747092247,1.0310594388873784
UBFC_PHYS_s15_T1_test,77,165,82.5,-0.05072891339659691,1.2621285990534399
UBFC_PHYS_s15_T1_test,77,166,82.53333333333333,0.33986201882362366,1.3188586474752555
UBFC_PHYS_s15_T1_test,77,167,82.56666666666666,0.7525451183319092,1.2204274086578744
UBFC_PHYS_s15_T1_test,77,168,82.6,0.9665918946266174,1.010656580442276
UBFC_PHYS_s15_T1_test,77,169,82.63333333333334,0.9355971813201904,0.7403383769208645
UBFC_PHYS_s15_T1_test,77,170,82.66666666666667,0.7844860553741455,0.4500649658475834
UBFC_PHYS_s15_T1_test,77,171,82.7,0.6708968281745911,0.1604973982711204
UBFC_PHYS_s15_T1_test,77,172,82.73333333333333,0.6833333373069763,-0.12633466471455482
UBFC_PHYS_s15_T1_test,77,173,82.76666666666667,0.7994909882545471,-0.41629340434138973
UBFC_PHYS_s15_T1_test,77,174,82.8,0.9114387035369873,-0.7089206801797665
UBFC_PHYS_s15_T1_test,77,175,82.83333333333333,0.9226586222648621,-0.9869177929700171
UBFC_PHYS_s15_T1_test,77,176,82.86666666666666,0.8125840425491333,-1.2139844432875981
UBFC_PHYS_s15_T1_test,77,177,82.9,0.6109351515769958,-1.3417908141857127
UBFC_PHYS_s15_T1_test,77,178,82.93333333333334,0.3528006076812744,-1.3239650777407335
UBFC_PHYS_s15_T1_test,77,179,82.96666666666667,0.09901113063097,-1.1329834156952172
UBFC_PHYS_s15_T1_test,77,180,83.0,-0.07679920643568039,-0.774194706862648
UBFC_PHYS_s15_T1_test,77,181,83.03333333333333,-0.20655202865600586,-0.29107825593351344
UBFC_PHYS_s15_T1_test,77,182,83.06666666666666,-0.40180885791778564,0.24160524285092413
UBFC_PHYS_s15_T1_test,77,183,83.1,-0.6546907424926758,0.735608909239357
UBFC_PHYS_s15_T1_test,77,184,83.13333333333334,-0.7991394400596619,1.11226813337277
UBFC_PHYS_s15_T1_test,77,185,83.16666666666667,-0.6718778014183044,1.322574394096856
UBFC_PHYS_s15_T1_test,77,186,83.2,-0.3070867955684662,1.3566997949536153
UBFC_PHYS_s15_T1_test,77,187,83.23333333333333,0.048531319946050644,1.2398098908452333
UBFC_PHYS_s15_T1_test,77,188,83.26666666666667,0.19912105798721313,1.0174018918631729
UBFC_PHYS_s15_T1_test,77,189,83.3,0.20070458948612213,0.7377421448988013
UBFC_PHYS_s15_T1_test,77,190,83.33333333333333,0.17811033129692078,0.4384597419460623
UBFC_PHYS_s15_T1_test,77,191,83.36666666666666,0.1655193418264389,0.14069595854444814
UBFC_PHYS_s15_T1_test,77,192,83.4,0.20099425315856934,-0.14930127182461386
UBFC_PHYS_s15_T1_test,77,193,83.43333333333334,0.3351500630378723,-0.43316115206264977
UBFC_PHYS_s15_T1_test,77,194,83.46666666666667,0.5104003548622131,-0.7105732709024958
UBFC_PHYS_s15_T1_test,77,195,83.5,0.6166706085205078,-0.9697359829525727
UBFC_PHYS_s15_T1_test,77,196,83.53333333333333,0.6397862434387207,-1.18191643233195
UBFC_PHYS_s15_T1_test,77,197,83.56666666666666,0.5967413187026978,-1.303738708873837
UBFC_PHYS_s15_T1_test,77,198,83.6,0.4432162642478943,-1.2883096224238362
UBFC_PHYS_s15_T1_test,77,199,83.63333333333334,0.20676834881305695,-1.1023195872662797
UBFC_PHYS_s15_T1_test,77,200,83.66666666666667,-0.0085336584597826,-0.7428276189973997
UBFC_PHYS_s15_T1_test,77,201,83.7,-0.1964908242225647,-0.24639834114985207
UBFC_PHYS_s15_T1_test,77,202,83.73333333333333,-0.43807554244995117,0.314501072967349
UBFC_PHYS_s15_T1_test,77,203,83.76666666666667,-0.7469988465309143,0.8480297488408627
UBFC_PHYS_s15_T1_test,77,204,83.8,-1.028364896774292,1.2670428487297045
UBFC_PHYS_s15_T1_test,77,205,83.83333333333333,-1.1231836080551147,1.5119129777306353
UBFC_PHYS_s15_T1_test,77,206,83.86666666666666,-0.9336428642272949,1.5638993367691194
UBFC_PHYS_s15_T1_test,77,207,83.9,-0.5942076444625854,1.4446994577239127
UBFC_PHYS_s15_T1_test,77,208,83.93333333333334,-0.37471505999565125,1.2029887300133508
UBFC_PHYS_s15_T1_test,77,209,83.96666666666667,-0.366469144821167,0.8937739411722883
UBFC_PHYS_s15_T1_test,77,210,84.0,-0.4284585118293762,0.5595744265796218
UBFC_PHYS_s15_T1_test,77,211,84.03333333333333,-0.4163503050804138,0.22139269378597265
UBFC_PHYS_s15_T1_test,77,212,84.06666666666666,-0.33466339111328125,-0.11817464277061282
UBFC_PHYS_s15_T1_test,77,213,84.1,-0.24944248795509338,-0.4635593758110161
UBFC_PHYS_s15_T1_test,77,214,84.13333333333334,-0.19701223075389862,-0.8131673119199292
UBFC_PHYS_s15_T1_test,77,215,84.16666666666667,-0.16331395506858826,-1.1502524124233293
UBFC_PHYS_s15_T1_test,77,216,84.2,-0.11700539290904999,-1.4406846440646186
UBFC_PHYS_s15_T1_test,77,217,84.23333333333333,-0.055827103555202484,-1.6380904303900414
UBFC_PHYS_s15_T1_test,77,218,84.26666666666667,-0.025720741599798203,-1.6952142611757368
UBFC_PHYS_s15_T1_test,77,219,84.3,-0.08056491613388062,-1.5788809872553151
UBFC_PHYS_s15_T1_test,77,220,84.33333333333333,-0.21728911995887756,-1.2841294059079806
UBFC_PHYS_s15_T1_test,77,221,84.36666666666666,-0.36585116386413574,-0.8420956159162915
UBFC_PHYS_s15_T1_test,77,222,84.4,-0.44554904103279114,-0.3174630643061343
UBFC_PHYS_s15_T1_test,77,223,84.43333333333334,-0.467061847448349,0.20520733161833318
UBFC_PHYS_s15_T1_test,77,224,84.46666666666667,-0.5185844898223877,0.6424783961802768
UBFC_PHYS_s15_T1_test,77,225,84.5,-0.6074745059013367,0.9331923316209645
UBFC_PHYS_s15_T1_test,77,226,84.53333333333333,-0.593917965888977,1.0521532806087392
UBFC_PHYS_s15_T1_test,77,227,84.56666666666666,-0.3469260632991791,1.0118134022986978
UBFC_PHYS_s15_T1_test,77,228,84.6,0.08280892670154572,0.8528160156443862
UBFC_PHYS_s15_T1_test,77,229,84.63333333333334,0.46884238719940186,0.6286561270712813
UBFC_PHYS_s15_T1_test,77,230,84.66666666666667,0.6265193819999695,0.39066067189661074
UBFC_PHYS_s15_T1_test,77,231,84.7,0.5952929854393005,0.1776377965383247
UBFC_PHYS_s15_T1_test,77,232,84.73333333333333,0.5267763733863831,0.011887435481678303
UBFC_PHYS_s15_T1_test,77,233,84.76666666666667,0.4940436780452728,-0.0991090176082811
UBFC_PHYS_s15_T1_test,77,234,84.8,0.503815233707428,-0.15765272233224525
UBFC_PHYS_s15_T1_test,77,235,84.83333333333333,0.5442531108856201,-0.1703265125319409
UBFC_PHYS_s15_T1_test,77,236,84.86666666666666,0.563912034034729,-0.14427250719419982
UBFC_PHYS_s15_T1_test,77,237,84.9,0.5423412919044495,-0.08607296036844059
UBFC_PHYS_s15_T1_test,77,238,84.93333333333334,0.5302717089653015,-0.002564365118766924
UBFC_PHYS_s15_T1_test,77,239,84.96666666666667,0.5211374759674072,0.09791285628792397
UBFC_PHYS_s15_T1_test,78,0,78.0,0.9046025276184082,-0.10837238110402747
UBFC_PHYS_s15_T1_test,78,1,78.03333333333333,0.9963506460189819,0.12912719411459853
UBFC_PHYS_s15_T1_test,78,2,78.06666666666666,0.9971810579299927,0.26731302182432226
UBFC_PHYS_s15_T1_test,78,3,78.1,0.9059929251670837,0.23664715136920988
UBFC_PHYS_s15_T1_test,78,4,78.13333333333334,0.7894877195358276,0.022645432169931076
UBFC_PHYS_s15_T1_test,78,5,78.16666666666667,0.7167998552322388,-0.3313113132244261
UBFC_PHYS_s15_T1_test,78,6,78.2,0.649692952632904,-0.7398950435876863
UBFC_PHYS_s15_T1_test,78,7,78.23333333333333,0.494314044713974,-1.1022789221153686
UBFC_PHYS_s15_T1_test,78,8,78.26666666666667,0.24662692844867706,-1.328668283716205
UBFC_PHYS_s15_T1_test,78,9,78.3,-0.025875231251120567,-1.3597610443742707
UBFC_PHYS_s15_T1_test,78,10,78.33333333333333,-0.2914446294307709,-1.1770399722620457
UBFC_PHYS_s15_T1_test,78,11,78.36666666666666,-0.534052848815918,-0.8048688456213209
UBFC_PHYS_s15_T1_test,78,12,78.4,-0.7382315397262573,-0.3051367310615286
UBFC_PHYS_s15_T1_test,78,13,78.43333333333334,-0.9387796521186829,0.2359110115762521
UBFC_PHYS_s15_T1_test,78,14,78.46666666666667,-1.187509536743164,0.727904760661192
UBFC_PHYS_s15_T1_test,78,15,78.5,-1.4414342641830444,1.099117205960097
UBFC_PHYS_s15_T1_test,78,16,78.53333333333333,-1.5146242380142212,1.3133519943743408
UBFC_PHYS_s15_T1_test,78,17,78.56666666666666,-1.243299961090088,1.3731605218500533
UBFC_PHYS_s15_T1_test,78,18,78.6,-0.6825569868087769,1.3084517146706414
UBFC_PHYS_s15_T1_test,78,19,78.63333333333334,-0.08954468369483948,1.1576236245011111
UBFC_PHYS_s15_T1_test,78,20,78.66666666666667,0.33337342739105225,0.9513776799957768
UBFC_PHYS_s15_T1_test,78,21,78.7,0.594481885433197,0.7060151800649981
UBFC_PHYS_s15_T1_test,78,22,78.73333333333333,0.8055933117866516,0.42626408739997734
UBFC_PHYS_s15_T1_test,78,23,78.76666666666667,1.0455752611160278,0.11279061404133997
UBFC_PHYS_s15_T1_test,78,24,78.8,1.352721929550171,-0.2303212800292325
UBFC_PHYS_s15_T1_test,78,25,78.83333333333333,1.7190577983856201,-0.5900221755758092
UBFC_PHYS_s15_T1_test,78,26,78.86666666666666,2.080063819885254,-0.9409230588697833
UBFC_PHYS_s15_T1_test,78,27,78.9,2.3835413455963135,-1.2447118672461233
UBFC_PHYS_s15_T1_test,78,28,78.93333333333334,2.6340672969818115,-1.453973297137827
UBFC_PHYS_s15_T1_test,78,29,78.96666666666667,2.842494249343872,-1.521631458414452
UBFC_PHYS_s15_T1_test,78,30,79.0,3.016875743865967,-1.41464454885869
UBFC_PHYS_s15_T1_test,78,31,79.03333333333333,3.1463193893432617,-1.1274925086962015
UBFC_PHYS_s15_T1_test,78,32,79.06666666666666,3.07218337059021,-0.6897746636411388
UBFC_PHYS_s15_T1_test,78,33,79.1,2.576345682144165,-0.16374493563868694
UBFC_PHYS_s15_T1_test,78,34,79.13333333333334,1.73508620262146,0.3687548263287058
UBFC_PHYS_s15_T1_test,78,35,79.16666666666667,0.9442873001098633,0.8263556820526943
UBFC_PHYS_s15_T1_test,78,36,79.2,0.4999915659427643,1.1486677561325793
UBFC_PHYS_s15_T1_test,78,37,79.23333333333333,0.32846835255622864,1.3098908717766249
UBFC_PHYS_s15_T1_test,78,38,79.26666666666667,0.1583934724330902,1.3200592998711949
UBFC_PHYS_s15_T1_test,78,39,79.3,-0.10078387707471848,1.2133875126666258
UBFC_PHYS_s15_T1_test,78,40,79.33333333333333,-0.2558152377605438,1.0297204504468276
UBFC_PHYS_s15_T1_test,78,41,79.36666666666666,-0.17613668739795685,0.7987752986955627
UBFC_PHYS_s15_T1_test,78,42,79.4,-0.0350867360830307,0.5344614914347223
UBFC_PHYS_s15_T1_test,78,43,79.43333333333334,-0.06032664328813553,0.23995385834549007
UBFC_PHYS_s15_T1_test,78,44,79.46666666666667,-0.21261578798294067,-0.08196471785908621
UBFC_PHYS_s15_T1_test,78,45,79.5,-0.28709957003593445,-0.42034504743592555
UBFC_PHYS_s15_T1_test,78,46,79.53333333333333,-0.20962251722812653,-0.7527230377425189
UBFC_PHYS_s15_T1_test,78,47,79.56666666666666,-0.055885035544633865,-1.0461151751026436
UBFC_PHYS_s15_T1_test,78,48,79.6,0.1469997763633728,-1.2607605699559092
UBFC_PHYS_s15_T1_test,78,49,79.63333333333334,0.35598698258399963,-1.3565327534710179
UBFC_PHYS_s15_T1_test,78,50,79.66666666666667,0.46961483359336853,-1.3023532445083363
UBFC_PHYS_s15_T1_test,78,51,79.7,0.5065380930900574,-1.0871336765404085
UBFC_PHYS_s15_T1_test,78,52,79.73333333333333,0.5276067852973938,-0.7280772044199674
UBFC_PHYS_s15_T1_test,78,53,79.76666666666667,0.35787948966026306,-0.27143682359744203
UBFC_PHYS_s15_T1_test,78,54,79.8,-0.1464937925338745,0.21628093207596816
UBFC_PHYS_s15_T1_test,78,55,79.83333333333333,-0.7105004787445068,0.6640092441935952
UBFC_PHYS_s15_T1_test,78,56,79.86666666666666,-0.9965977668762207,1.012759377024783
UBFC_PHYS_s15_T1_test,78,57,79.9,-0.9644637703895569,1.227094286536447
UBFC_PHYS_s15_T1_test,78,58,79.93333333333334,-0.713802695274353,1.2981596166565539
UBFC_PHYS_s15_T1_test,78,59,79.96666666666667,-0.35619550943374634,1.2389065639618502
UBFC_PHYS_s15_T1_test,78,60,80.0,-0.08693765103816986,1.0749295335252038
UBFC_PHYS_s15_T1_test,78,61,80.03333333333333,-0.06009490787982941,0.8350041724659658
UBFC_PHYS_s15_T1_test,78,62,80.06666666666666,-0.22209765017032623,0.5442904714746452
UBFC_PHYS_s15_T1_test,78,63,80.1,-0.46362441778182983,0.22161096218443183
UBFC_PHYS_s15_T1_test,78,64,80.13333333333334,-0.7055181264877319,-0.11885174115096332
UBFC_PHYS_s15_T1_test,78,65,80.16666666666667,-0.8921235203742981,-0.4623241469310445
UBFC_PHYS_s15_T1_test,78,66,80.2,-1.020601749420166,-0.7874123141987032
UBFC_PHYS_s15_T1_test,78,67,80.23333333333333,-1.1499683856964111,-1.0630384624192735
UBFC_PHYS_s15_T1_test,78,68,80.26666666666667,-1.3304520845413208,-1.2509567245548814
UBFC_PHYS_s15_T1_test,78,69,80.3,-1.5455416440963745,-1.3138526085137847
UBFC_PHYS_s15_T1_test,78,70,80.33333333333333,-1.7453945875167847,-1.226549763177184
UBFC_PHYS_s15_T1_test,78,71,80.36666666666666,-1.8726369142532349,-0.9864092050664323
UBFC_PHYS_s15_T1_test,78,72,80.4,-1.9091932773590088,-0.6189005487367623
UBFC_PHYS_s15_T1_test,78,73,80.43333333333334,-2.0023317337036133,-0.17547263119672882
UBFC_PHYS_s15_T1_test,78,74,80.46666666666667,-2.3579113483428955,0.27694847267844214
UBFC_PHYS_s15_T1_test,78,75,80.5,-2.8764591217041016,0.6724104455372303
UBFC_PHYS_s15_T1_test,78,76,80.53333333333333,-3.1823699474334717,0.9627295812155389
UBFC_PHYS_s15_T1_test,78,77,80.56666666666666,-3.141700267791748,1.127660428080195
UBFC_PHYS_s15_T1_test,78,78,80.6,-2.9062371253967285,1.1736046155539908
UBFC_PHYS_s15_T1_test,78,79,80.63333333333334,-2.573560953140259,1.1216949973650125
UBFC_PHYS_s15_T1_test,78,80,80.66666666666667,-2.1404078006744385,0.992629433436104
UBFC_PHYS_s15_T1_test,78,81,80.7,-1.6822658777236938,0.7976248175169398
UBFC_PHYS_s15_T1_test,78,82,80.73333333333333,-1.3109090328216553,0.5397341313709001
UBFC_PHYS_s15_T1_test,78,83,80.76666666666667,-1.0177630186080933,0.22232735443368232
UBFC_PHYS_s15_T1_test,78,84,80.8,-0.7307580709457397,-0.1419608559261015
UBFC_PHYS_s15_T1_test,78,85,80.83333333333333,-0.44468000531196594,-0.5268147262656198
UBFC_PHYS_s15_T1_test,78,86,80.86666666666666,-0.18473021686077118,-0.8931454906837782
UBFC_PHYS_s15_T1_test,78,87,80.9,0.03843149170279503,-1.1934564285503246
UBFC_PHYS_s15_T1_test,78,88,80.93333333333334,0.20477928221225739,-1.3785835627468386
UBFC_PHYS_s15_T1_test,78,89,80.96666666666667,0.2836274206638336,-1.407200778162845
UBFC_PHYS_s15_T1_test,78,90,81.0,0.267328679561615,-1.2574472095758447
UBFC_PHYS_s15_T1_test,78,91,81.03333333333333,0.1907399445772171,-0.9372903787250959
UBFC_PHYS_s15_T1_test,78,92,81.06666666666666,0.08392898738384247,-0.48853975873026706
UBFC_PHYS_s15_T1_test,78,93,81.1,-0.07610400021076202,0.019371387679668464
UBFC_PHYS_s15_T1_test,78,94,81.13333333333334,-0.24915280938148499,0.5055844691494178
UBFC_PHYS_s15_T1_test,78,95,81.16666666666667,-0.2415248453617096,0.8987575907472998
UBFC_PHYS_s15_T1_test,78,96,81.2,0.10123193264007568,1.1545681626109823
UBFC_PHYS_s15_T1_test,78,97,81.23333333333333,0.6814215183258057,1.2627481465352592
UBFC_PHYS_s15_T1_test,78,98,81.26666666666667,1.2578647136688232,1.2416706665321156
UBFC_PHYS_s15_T1_test,78,99,81.3,1.6271551847457886,1.1242618320420732
UBFC_PHYS_s15_T1_test,78,100,81.33333333333333,1.6289705038070679,0.9421305920795249
UBFC_PHYS_s15_T1_test,78,101,81.36666666666666,1.2259624004364014,0.7146003657926442
UBFC_PHYS_s15_T1_test,78,102,81.4,0.6152802109718323,0.4466940710718998
UBFC_PHYS_s15_T1_test,78,103,81.43333333333334,0.039841219782829285,0.1360435575033703
UBFC_PHYS_s15_T1_test,78,104,81.46666666666667,-0.4492568075656891,-0.2154154236542934
UBFC_PHYS_s15_T1_test,78,105,81.5,-0.8742605447769165,-0.5910685111801998
UBFC_PHYS_s15_T1_test,78,106,81.53333333333333,-1.12461256980896,-0.9553792388540839
UBFC_PHYS_s15_T1_test,78,107,81.56666666666666,-1.1174674034118652,-1.2574530915331448
UBFC_PHYS_s15_T1_test,78,108,81.6,-0.9423329830169678,-1.4412527106355022
UBFC_PHYS_s15_T1_test,78,109,81.63333333333334,-0.7217203378677368,-1.459647107949223
UBFC_PHYS_s15_T1_test,78,110,81.66666666666667,-0.5088902115821838,-1.288776987568677
UBFC_PHYS_s15_T1_test,78,111,81.7,-0.3646731972694397,-0.9388191967959049
UBFC_PHYS_s15_T1_test,78,112,81.73333333333333,-0.33450889587402344,-0.4570338032676807
UBFC_PHYS_s15_T1_test,78,113,81.76666666666667,-0.382169246673584,0.07991044180514466
UBFC_PHYS_s15_T1_test,78,114,81.8,-0.4398135542869568,0.584010923359176
UBFC_PHYS_s15_T1_test,78,115,81.83333333333333,-0.3931187689304352,0.9793235028447659
UBFC_PHYS_s15_T1_test,78,116,81.86666666666666,-0.09292416274547577,1.2217520157744262
UBFC_PHYS_s15_T1_test,78,117,81.9,0.4234607517719269,1.3065517282488484
UBFC_PHYS_s15_T1_test,78,118,81.93333333333334,0.867022693157196,1.2603905037685426
UBFC_PHYS_s15_T1_test,78,119,81.96666666666667,1.010872721672058,1.1227426528297857
UBFC_PHYS_s15_T1_test,78,120,82.0,0.9312521815299988,0.9269037076625158
UBFC_PHYS_s15_T1_test,78,121,82.03333333333333,0.834676206111908,0.6901777889410912
UBFC_PHYS_s15_T1_test,78,122,82.06666666666666,0.8168518543243408,0.4159564814363227
UBFC_PHYS_s15_T1_test,78,123,82.1,0.90500807762146,0.10319247886227559
UBFC_PHYS_s15_T1_test,78,124,82.13333333333334,1.1181086301803589,-0.24340865984573887
UBFC_PHYS_s15_T1_test,78,125,82.16666666666667,1.3717435598373413,-0.6068201809704319
UBFC_PHYS_s15_T1_test,78,126,82.2,1.4999321699142456,-0.9558119221511158
UBFC_PHYS_s15_T1_test,78,127,82.23333333333333,1.4153485298156738,-1.2472055970677896
UBFC_PHYS_s15_T1_test,78,128,82.26666666666667,1.1562098264694214,-1.4321347601509793
UBFC_PHYS_s15_T1_test,78,129,82.3,0.8391371369361877,-1.4664628980533057
UBFC_PHYS_s15_T1_test,78,130,82.33333333333333,0.5697441101074219,-1.3238271157773236
UBFC_PHYS_s15_T1_test,78,131,82.36666666666666,0.35195091366767883,-1.0072632758057316
UBFC_PHYS_s15_T1_test,78,132,82.4,0.11959701031446457,-0.5543309886732566
UBFC_PHYS_s15_T1_test,78,133,82.43333333333334,-0.11061333864927292,-0.03217501507201177
UBFC_PHYS_s15_T1_test,78,134,82.46666666666667,-0.207092747092247,0.4773556423904836
UBFC_PHYS_s15_T1_test,78,135,82.5,-0.05072891339659691,0.8981781671324298
UBFC_PHYS_s15_T1_test,78,136,82.53333333333333,0.33986201882362366,1.17890637042352
UBFC_PHYS_s15_T1_test,78,137,82.56666666666666,0.7525451183319092,1.3031761952255827
UBFC_PHYS_s15_T1_test,78,138,82.6,0.9665918946266174,1.2874742138191735
UBFC_PHYS_s15_T1_test,78,139,82.63333333333334,0.9355971813201904,1.1677667724849439
UBFC_PHYS_s15_T1_test,78,140,82.66666666666667,0.7844860553741455,0.9812816164821961
UBFC_PHYS_s15_T1_test,78,141,82.7,0.6708968281745911,0.7521319490725499
UBFC_PHYS_s15_T1_test,78,142,82.73333333333333,0.6833333373069763,0.48748127932455654
UBFC_PHYS_s15_T1_test,78,143,82.76666666666667,0.7994909882545471,0.18517126232869097
UBFC_PHYS_s15_T1_test,78,144,82.8,0.9114387035369873,-0.1528882551558475
UBFC_PHYS_s15_T1_test,78,145,82.83333333333333,0.9226586222648621,-0.5100202907874162
UBFC_PHYS_s15_T1_test,78,146,82.86666666666666,0.8125840425491333,-0.8519912857527329
UBFC_PHYS_s15_T1_test,78,147,82.9,0.6109351515769958,-1.1320363465315086
UBFC_PHYS_s15_T1_test,78,148,82.93333333333334,0.3528006076812744,-1.3008984750139543
UBFC_PHYS_s15_T1_test,78,149,82.96666666666667,0.09901113063097,-1.3190215349224714
UBFC_PHYS_s15_T1_test,78,150,83.0,-0.07679920643568039,-1.1683996839305666
UBFC_PHYS_s15_T1_test,78,151,83.03333333333333,-0.20655202865600586,-0.861182175572702
UBFC_PHYS_s15_T1_test,78,152,83.06666666666666,-0.40180885791778564,-0.4414015603298651
UBFC_PHYS_s15_T1_test,78,153,83.1,-0.6546907424926758,0.02299910011467581
UBFC_PHYS_s15_T1_test,78,154,83.13333333333334,-0.7991394400596619,0.45711259930117487
UBFC_PHYS_s15_T1_test,78,155,83.16666666666667,-0.6718778014183044,0.7993296601178975
UBFC_PHYS_s15_T1_test,78,156,83.2,-0.3070867955684662,1.0161108144165691
UBFC_PHYS_s15_T1_test,78,157,83.23333333333333,0.048531319946050644,1.1044626271237394
UBFC_PHYS_s15_T1_test,78,158,83.26666666666667,0.19912105798721313,1.0824942880299786
UBFC_PHYS_s15_T1_test,78,159,83.3,0.20070458948612213,0.9751478882957911
UBFC_PHYS_s15_T1_test,78,160,83.33333333333333,0.17811033129692078,0.8031068284907481
UBFC_PHYS_s15_T1_test,78,161,83.36666666666666,0.1655193418264389,0.5788216774394948
UBFC_PHYS_s15_T1_test,78,162,83.4,0.20099425315856934,0.30869968012622856
UBFC_PHYS_s15_T1_test,78,163,83.43333333333334,0.3351500630378723,-0.0018133843573211747
UBFC_PHYS_s15_T1_test,78,164,83.46666666666667,0.5104003548622131,-0.34257639904914206
UBFC_PHYS_s15_T1_test,78,165,83.5,0.6166706085205078,-0.6934216240782247
UBFC_PHYS_s15_T1_test,78,166,83.53333333333333,0.6397862434387207,-1.0206480668262723
UBFC_PHYS_s15_T1_test,78,167,83.56666666666666,0.5967413187026978,-1.2780012026219902
UBFC_PHYS_s15_T1_test,78,168,83.6,0.4432162642478943,-1.414077006580332
UBFC_PHYS_s15_T1_test,78,169,83.63333333333334,0.20676834881305695,-1.3854395083107864
UBFC_PHYS_s15_T1_test,78,170,83.66666666666667,-0.0085336584597826,-1.1716775251687976
UBFC_PHYS_s15_T1_test,78,171,83.7,-0.1964908242225647,-0.7867290667466696
UBFC_PHYS_s15_T1_test,78,172,83.73333333333333,-0.43807554244995117,-0.28117600440695933
UBFC_PHYS_s15_T1_test,78,173,83.76666666666667,-0.7469988465309143,0.26694877359668234
UBFC_PHYS_s15_T1_test,78,174,83.8,-1.028364896774292,0.7709000155044882
UBFC_PHYS_s15_T1_test,78,175,83.83333333333333,-1.1231836080551147,1.1574942715242638
UBFC_PHYS_s15_T1_test,78,176,83.86666666666666,-0.9336428642272949,1.38503458385973
UBFC_PHYS_s15_T1_test,78,177,83.9,-0.5942076444625854,1.4501121507947148
UBFC_PHYS_s15_T1_test,78,178,83.93333333333334,-0.37471505999565125,1.3804866161496034
UBFC_PHYS_s15_T1_test,78,179,83.96666666666667,-0.366469144821167,1.2173428027252673
UBFC_PHYS_s15_T1_test,78,180,84.0,-0.4284585118293762,0.9959953036770874
UBFC_PHYS_s15_T1_test,78,181,84.03333333333333,-0.4163503050804138,0.7350078281440354
UBFC_PHYS_s15_T1_test,78,182,84.06666666666666,-0.33466339111328125,0.4378495620593025
UBFC_PHYS_s15_T1_test,78,183,84.1,-0.24944248795509338,0.10338015217205052
UBFC_PHYS_s15_T1_test,78,184,84.13333333333334,-0.19701223075389862,-0.2623992299527669
UBFC_PHYS_s15_T1_test,78,185,84.16666666666667,-0.16331395506858826,-0.6394215721159974
UBFC_PHYS_s15_T1_test,78,186,84.2,-0.11700539290904999,-0.9931746602229591
UBFC_PHYS_s15_T1_test,78,187,84.23333333333333,-0.055827103555202484,-1.2792277396880485
UBFC_PHYS_s15_T1_test,78,188,84.26666666666667,-0.025720741599798203,-1.4508796297589415
UBFC_PHYS_s15_T1_test,78,189,84.3,-0.08056491613388062,-1.469263006962664
UBFC_PHYS_s15_T1_test,78,190,84.33333333333333,-0.21728911995887756,-1.3148344126183182
UBFC_PHYS_s15_T1_test,78,191,84.36666666666666,-0.36585116386413574,-0.9972228365630739
UBFC_PHYS_s15_T1_test,78,192,84.4,-0.44554904103279114,-0.5588048849091923
UBFC_PHYS_s15_T1_test,78,193,84.43333333333334,-0.467061847448349,-0.06825322283652335
UBFC_PHYS_s15_T1_test,78,194,84.46666666666667,-0.5185844898223877,0.3956824656150483
UBFC_PHYS_s15_T1_test,78,195,84.5,-0.6074745059013367,0.7647893846170506
UBFC_PHYS_s15_T1_test,78,196,84.53333333333333,-0.593917965888977,0.998030558720056
UBFC_PHYS_s15_T1_test,78,197,84.56666666666666,-0.3469260632991791,1.08734219477315
UBFC_PHYS_s15_T1_test,78,198,84.6,0.08280892670154572,1.0514056060236303
UBFC_PHYS_s15_T1_test,78,199,84.63333333333334,0.46884238719940186,0.9221025996182842
UBFC_PHYS_s15_T1_test,78,200,84.66666666666667,0.6265193819999695,0.7306051649993628
UBFC_PHYS_s15_T1_test,78,201,84.7,0.5952929854393005,0.49856001267031536
UBFC_PHYS_s15_T1_test,78,202,84.73333333333333,0.5267763733863831,0.23660735643182199
UBFC_PHYS_s15_T1_test,78,203,84.76666666666667,0.4940436780452728,-0.05077852446132601
UBFC_PHYS_s15_T1_test,78,204,84.8,0.503815233707428,-0.3573438260521763
UBFC_PHYS_s15_T1_test,78,205,84.83333333333333,0.5442531108856201,-0.6678989138661893
UBFC_PHYS_s15_T1_test,78,206,84.86666666666666,0.563912034034729,-0.955074702811718
UBFC_PHYS_s15_T1_test,78,207,84.9,0.5423412919044495,-1.1813722025784625
UBFC_PHYS_s15_T1_test,78,208,84.93333333333334,0.5302717089653015,-1.3059115605470062
UBFC_PHYS_s15_T1_test,78,209,84.96666666666667,0.5211374759674072,-1.2939334174142485
UBFC_PHYS_s15_T1_test,78,210,85.0,0.42172273993492126,-1.1266994173796694
UBFC_PHYS_s15_T1_test,78,211,85.03333333333333,0.21974556148052216,-0.809358110767463
UBFC_PHYS_s15_T1_test,78,212,85.06666666666666,0.025357723236083984,-0.3741421715688636
UBFC_PHYS_s15_T1_test,78,213,85.1,-0.10252189636230469,0.12333872432480222
UBFC_PHYS_s15_T1_test,78,214,85.13333333333334,-0.23269955813884735,0.6151354374324858
UBFC_PHYS_s15_T1_test,78,215,85.16666666666667,-0.4868752658367157,1.0368202165885114
UBFC_PHYS_s15_T1_test,78,216,85.2,-0.8776206970214844,1.3428926750798647
UBFC_PHYS_s15_T1_test,78,217,85.23333333333333,-1.201201319694519,1.5156130693379017
UBFC_PHYS_s15_T1_test,78,218,85.26666666666667,-1.1756523847579956,1.5634069021970054
UBFC_PHYS_s15_T1_test,78,219,85.3,-0.7902562618255615,1.509928025685276
UBFC_PHYS_s15_T1_test,78,220,85.33333333333333,-0.3491854965686798,1.3800791667573615
UBFC_PHYS_s15_T1_test,78,221,85.36666666666666,-0.10848909616470337,1.1907225978037357
UBFC_PHYS_s15_T1_test,78,222,85.4,-0.058492064476013184,0.9497506419425608
UBFC_PHYS_s15_T1_test,78,223,85.43333333333334,-0.06395716965198517,0.6613804825234804
UBFC_PHYS_s15_T1_test,78,224,85.46666666666667,-0.03981801122426987,0.33275703431811976
UBFC_PHYS_s15_T1_test,78,225,85.5,0.06166302040219307,-0.021830550087856455
UBFC_PHYS_s15_T1_test,78,226,85.53333333333333,0.25894755125045776,-0.37970520608574215
UBFC_PHYS_s15_T1_test,78,227,85.56666666666666,0.4733419418334961,-0.7104337228808016
UBFC_PHYS_s15_T1_test,78,228,85.6,0.6006228923797607,-0.978396986898317
UBFC_PHYS_s15_T1_test,78,229,85.63333333333334,0.6150484681129456,-1.1486708050195875
UBFC_PHYS_s15_T1_test,78,230,85.66666666666667,0.5593159794807434,-1.1962361796657695
UBFC_PHYS_s15_T1_test,78,231,85.7,0.48203203082084656,-1.1156421626827837
UBFC_PHYS_s15_T1_test,78,232,85.73333333333333,0.4091510772705078,-0.9265961756040054
UBFC_PHYS_s15_T1_test,78,233,85.76666666666667,0.32790830731391907,-0.6720277680495877
UBFC_PHYS_s15_T1_test,78,234,85.8,0.19630160927772522,-0.4084963481116181
UBFC_PHYS_s15_T1_test,78,235,85.83333333333333,-0.01191314123570919,-0.19209416352918987
UBFC_PHYS_s15_T1_test,78,236,85.86666666666666,-0.2527061104774475,-0.06423892896322381
UBFC_PHYS_s15_T1_test,78,237,85.9,-0.3894689381122589,-0.0412446409189635
UBFC_PHYS_s15_T1_test,78,238,85.93333333333334,-0.3019113540649414,-0.11041213822902801
UBFC_PHYS_s15_T1_test,78,239,85.96666666666667,-0.03945109620690346,-0.2338251998899581
UBFC_PHYS_s15_T1_test,79,0,79.0,3.016875743865967,0.1202151960667088
UBFC_PHYS_s15_T1_test,79,1,79.03333333333333,3.1463193893432617,0.951258958059177
UBFC_PHYS_s15_T1_test,79,2,79.06666666666666,3.07218337059021,1.692283845228805
UBFC_PHYS_s15_T1_test,79,3,79.1,2.576345682144165,2.2689111956408192
UBFC_PHYS_s15_T1_test,79,4,79.13333333333334,1.73508620262146,2.629976289277978
UBFC_PHYS_s15_T1_test,79,5,79.16666666666667,0.9442873001098633,2.7554927658187323
UBFC_PHYS_s15_T1_test,79,6,79.2,0.4999915659427643,2.6583817644785377
UBFC_PHYS_s15_T1_test,79,7,79.23333333333333,0.32846835255622864,2.379864929846744
UBFC_PHYS_s15_T1_test,79,8,79.26666666666667,0.1583934724330902,1.979516675687899
UBFC_PHYS_s15_T1_test,79,9,79.3,-0.10078387707471848,1.521422327049126
UBFC_PHYS_s15_T1_test,79,10,79.33333333333333,-0.2558152377605438,1.0596300052657435
UBFC_PHYS_s15_T1_test,79,11,79.36666666666666,-0.17613668739795685,0.6275979699790553
UBFC_PHYS_s15_T1_test,79,12,79.4,-0.0350867360830307,0.23540987221941242
UBFC_PHYS_s15_T1_test,79,13,79.43333333333334,-0.06032664328813553,-0.12459053275893785
UBFC_PHYS_s15_T1_test,79,14,79.46666666666667,-0.21261578798294067,-0.4665642357575039
UBFC_PHYS_s15_T1_test,79,15,79.5,-0.28709957003593445,-0.7990232857028481
UBFC_PHYS_s15_T1_test,79,16,79.53333333333333,-0.20962251722812653,-1.115901335504069
UBFC_PHYS_s15_T1_test,79,17,79.56666666666666,-0.055885035544633865,-1.3932595485441008
UBFC_PHYS_s15_T1_test,79,18,79.6,0.1469997763633728,-1.5925599390260943
UBFC_PHYS_s15_T1_test,79,19,79.63333333333334,0.35598698258399963,-1.6701428273954433
UBFC_PHYS_s15_T1_test,79,20,79.66666666666667,0.46961483359336853,-1.5908652328573416
UBFC_PHYS_s15_T1_test,79,21,79.7,0.5065380930900574,-1.3419905523061937
UBFC_PHYS_s15_T1_test,79,22,79.73333333333333,0.5276067852973938,-0.9423237085072164
UBFC_PHYS_s15_T1_test,79,23,79.76666666666667,0.35787948966026306,-0.44257481679919236
UBFC_PHYS_s15_T1_test,79,24,79.8,-0.1464937925338745,0.08378924462411635
UBFC_PHYS_s15_T1_test,79,25,79.83333333333333,-0.7105004787445068,0.5564119055797817
UBFC_PHYS_s15_T1_test,79,26,79.86666666666666,-0.9965977668762207,0.9060621397008468
UBFC_PHYS_s15_T1_test,79,27,79.9,-0.9644637703895569,1.089997586649908
UBFC_PHYS_s15_T1_test,79,28,79.93333333333334,-0.713802695274353,1.1003579890103201
UBFC_PHYS_s15_T1_test,79,29,79.96666666666667,-0.35619550943374634,0.962754966610973
UBFC_PHYS_s15_T1_test,79,30,80.0,-0.08693765103816986,0.7251326158206473
UBFC_PHYS_s15_T1_test,79,31,80.03333333333333,-0.06009490787982941,0.4406814255781116
UBFC_PHYS_s15_T1_test,79,32,80.06666666666666,-0.22209765017032623,0.15151001028218763
UBFC_PHYS_s15_T1_test,79,33,80.1,-0.46362441778182983,-0.12011453320083215
UBFC_PHYS_s15_T1_test,79,34,80.13333333333334,-0.7055181264877319,-0.3696700745585456
UBFC_PHYS_s15_T1_test,79,35,80.16666666666667,-0.8921235203742981,-0.5995518894183604
UBFC_PHYS_s15_T1_test,79,36,80.2,-1.020601749420166,-0.8059723271256904
UBFC_PHYS_s15_T1_test,79,37,80.23333333333333,-1.1499683856964111,-0.9708659997152506
UBFC_PHYS_s15_T1_test,79,38,80.26666666666667,-1.3304520845413208,-1.0629312395961135
UBFC_PHYS_s15_T1_test,79,39,80.3,-1.5455416440963745,-1.047132459217824
UBFC_PHYS_s15_T1_test,79,40,80.33333333333333,-1.7453945875167847,-0.8984007014739644
UBFC_PHYS_s15_T1_test,79,41,80.36666666666666,-1.8726369142532349,-0.6140398001982487
UBFC_PHYS_s15_T1_test,79,42,80.4,-1.9091932773590088,-0.22020445868354496
UBFC_PHYS_s15_T1_test,79,43,80.43333333333334,-2.0023317337036133,0.23009791808811203
UBFC_PHYS_s15_T1_test,79,44,80.46666666666667,-2.3579113483428955,0.6675242055855816
UBFC_PHYS_s15_T1_test,79,45,80.5,-2.8764591217041016,1.0228282711017984
UBFC_PHYS_s15_T1_test,79,46,80.53333333333333,-3.1823699474334717,1.244195716333966
UBFC_PHYS_s15_T1_test,79,47,80.56666666666666,-3.141700267791748,1.3093465608698966
UBFC_PHYS_s15_T1_test,79,48,80.6,-2.9062371253967285,1.2275664274280058
UBFC_PHYS_s15_T1_test,79,49,80.63333333333334,-2.573560953140259,1.0309252292028739
UBFC_PHYS_s15_T1_test,79,50,80.66666666666667,-2.1404078006744385,0.7593645560977322
UBFC_PHYS_s15_T1_test,79,51,80.7,-1.6822658777236938,0.4472773956321286
UBFC_PHYS_s15_T1_test,79,52,80.73333333333333,-1.3109090328216553,0.11723655809299482
UBFC_PHYS_s15_T1_test,79,53,80.76666666666667,-1.0177630186080933,-0.21815929527441486
UBFC_PHYS_s15_T1_test,79,54,80.8,-0.7307580709457397,-0.5491325075173547
UBFC_PHYS_s15_T1_test,79,55,80.83333333333333,-0.44468000531196594,-0.8605169613131837
UBFC_PHYS_s15_T1_test,79,56,80.86666666666666,-0.18473021686077118,-1.1262601542099497
UBFC_PHYS_s15_T1_test,79,57,80.9,0.03843149170279503,-1.3091844682622167
UBFC_PHYS_s15_T1_test,79,58,80.93333333333334,0.20477928221225739,-1.3673044122793958
UBFC_PHYS_s15_T1_test,79,59,80.96666666666667,0.2836274206638336,-1.2660398249081313
UBFC_PHYS_s15_T1_test,79,60,81.0,0.267328679561615,-0.9927053978655337
UBFC_PHYS_s15_T1_test,79,61,81.03333333333333,0.1907399445772171,-0.5674129314714131
UBFC_PHYS_s15_T1_test,79,62,81.06666666666666,0.08392898738384247,-0.044923216873417
UBFC_PHYS_s15_T1_test,79,63,81.1,-0.07610400021076202,0.49484032363563224
UBFC_PHYS_s15_T1_test,79,64,81.13333333333334,-0.24915280938148499,0.9653428606252517
UBFC_PHYS_s15_T1_test,79,65,81.16666666666667,-0.2415248453617096,1.2949679379088976
UBFC_PHYS_s15_T1_test,79,66,81.2,0.10123193264007568,1.4441481323898593
UBFC_PHYS_s15_T1_test,79,67,81.23333333333333,0.6814215183258057,1.4123564529681778
UBFC_PHYS_s15_T1_test,79,68,81.26666666666667,1.2578647136688232,1.2329965075405314
UBFC_PHYS_s15_T1_test,79,69,81.3,1.6271551847457886,0.9586298470072214
UBFC_PHYS_s15_T1_test,79,70,81.33333333333333,1.6289705038070679,0.6423658292341693
UBFC_PHYS_s15_T1_test,79,71,81.36666666666666,1.2259624004364014,0.32246057880551077
UBFC_PHYS_s15_T1_test,79,72,81.4,0.6152802109718323,0.015740718683420585
UBFC_PHYS_s15_T1_test,79,73,81.43333333333334,0.039841219782829285,-0.278355463441517
UBFC_PHYS_s15_T1_test,79,74,81.46666666666667,-0.4492568075656891,-0.5661273239967601
UBFC_PHYS_s15_T1_test,79,75,81.5,-0.8742605447769165,-0.8464984834524784
UBFC_PHYS_s15_T1_test,79,76,81.53333333333333,-1.12461256980896,-1.1023420803364228
UBFC_PHYS_s15_T1_test,79,77,81.56666666666666,-1.1174674034118652,-1.2995492838737983
UBFC_PHYS_s15_T1_test,79,78,81.6,-0.9423329830169678,-1.3941702947154857
UBFC_PHYS_s15_T1_test,79,79,81.63333333333334,-0.7217203378677368,-1.3454696668486048
UBFC_PHYS_s15_T1_test,79,80,81.66666666666667,-0.5088902115821838,-1.1309180644091925
UBFC_PHYS_s15_T1_test,79,81,81.7,-0.3646731972694397,-0.7582170380481648
UBFC_PHYS_s15_T1_test,79,82,81.73333333333333,-0.33450889587402344,-0.26974415201551216
UBFC_PHYS_s15_T1_test,79,83,81.76666666666667,-0.382169246673584,0.2633835200409143
UBFC_PHYS_s15_T1_test,79,84,81.8,-0.4398135542869568,0.7571575433307985
UBFC_PHYS_s15_T1_test,79,85,81.83333333333333,-0.3931187689304352,1.135986168283596
UBFC_PHYS_s15_T1_test,79,86,81.86666666666666,-0.09292416274547577,1.3519181083404963
UBFC_PHYS_s15_T1_test,79,87,81.9,0.4234607517719269,1.39425644815843
UBFC_PHYS_s15_T1_test,79,88,81.93333333333334,0.867022693157196,1.2860689183091183
UBFC_PHYS_s15_T1_test,79,89,81.96666666666667,1.010872721672058,1.0701283248170514
UBFC_PHYS_s15_T1_test,79,90,82.0,0.9312521815299988,0.7914641304209794
UBFC_PHYS_s15_T1_test,79,91,82.03333333333333,0.834676206111908,0.4842968244551228
UBFC_PHYS_s15_T1_test,79,92,82.06666666666666,0.8168518543243408,0.16746483651886512
UBFC_PHYS_s15_T1_test,79,93,82.1,0.90500807762146,-0.15225931296076115
UBFC_PHYS_s15_T1_test,79,94,82.13333333333334,1.1181086301803589,-0.47211505192960845
UBFC_PHYS_s15_T1_test,79,95,82.16666666666667,1.3717435598373413,-0.7841271930563597
UBFC_PHYS_s15_T1_test,79,96,82.2,1.4999321699142456,-1.0680038446015951
UBFC_PHYS_s15_T1_test,79,97,82.23333333333333,1.4153485298156738,-1.2890350113296336
UBFC_PHYS_s15_T1_test,79,98,82.26666666666667,1.1562098264694214,-1.4029556471422153
UBFC_PHYS_s15_T1_test,79,99,82.3,0.8391371369361877,-1.3676724543507301
UBFC_PHYS_s15_T1_test,79,100,82.33333333333333,0.5697441101074219,-1.158654251748386
UBFC_PHYS_s15_T1_test,79,101,82.36666666666666,0.35195091366767883,-0.782359415366913
UBFC_PHYS_s15_T1_test,79,102,82.4,0.11959701031446457,-0.2820039369156543
UBFC_PHYS_s15_T1_test,79,103,82.43333333333334,-0.11061333864927292,0.26777033504771874
UBFC_PHYS_s15_T1_test,79,104,82.46666666666667,-0.207092747092247,0.7771363104513008
UBFC_PHYS_s15_T1_test,79,105,82.5,-0.05072891339659691,1.1638896541171646
UBFC_PHYS_s15_T1_test,79,106,82.53333333333333,0.33986201882362366,1.375100874538696
UBFC_PHYS_s15_T1_test,79,107,82.56666666666666,0.7525451183319092,1.3993425270580797
UBFC_PHYS_s15_T1_test,79,108,82.6,0.9665918946266174,1.2646408681065315
UBFC_PHYS_s15_T1_test,79,109,82.63333333333334,0.9355971813201904,1.0233200689619522
UBFC_PHYS_s15_T1_test,79,110,82.66666666666667,0.7844860553741455,0.7306439449564381
UBFC_PHYS_s15_T1_test,79,111,82.7,0.6708968281745911,0.4266998002545324
UBFC_PHYS_s15_T1_test,79,112,82.73333333333333,0.6833333373069763,0.12888565166359947
UBFC_PHYS_s15_T1_test,79,113,82.76666666666667,0.7994909882545471,-0.1631857523981697
UBFC_PHYS_s15_T1_test,79,114,82.8,0.9114387035369873,-0.4546144619211619
UBFC_PHYS_s15_T1_test,79,115,82.83333333333333,0.9226586222648621,-0.7414033770535632
UBFC_PHYS_s15_T1_test,79,116,82.86666666666666,0.8125840425491333,-1.0021866486851259
UBFC_PHYS_s15_T1_test,79,117,82.9,0.6109351515769958,-1.198421689273395
UBFC_PHYS_s15_T1_test,79,118,82.93333333333334,0.3528006076812744,-1.2830871624487072
UBFC_PHYS_s15_T1_test,79,119,82.96666666666667,0.09901113063097,-1.2155967635572487
UBFC_PHYS_s15_T1_test,79,120,83.0,-0.07679920643568039,-0.978250659095896
UBFC_PHYS_s15_T1_test,79,121,83.03333333333333,-0.20655202865600586,-0.5880088937997078
UBFC_PHYS_s15_T1_test,79,122,83.06666666666666,-0.40180885791778564,-0.09807448582858838
UBFC_PHYS_s15_T1_test,79,123,83.1,-0.6546907424926758,0.41280081766363347
UBFC_PHYS_s15_T1_test,79,124,83.13333333333334,-0.7991394400596619,0.860231692410234
UBFC_PHYS_s15_T1_test,79,125,83.16666666666667,-0.6718778014183044,1.1759994025897524
UBFC_PHYS_s15_T1_test,79,126,83.2,-0.3070867955684662,1.3234873644505538
UBFC_PHYS_s15_T1_test,79,127,83.23333333333333,0.048531319946050644,1.3016545127125567
UBFC_PHYS_s15_T1_test,79,128,83.26666666666667,0.19912105798721313,1.1380601021934544
UBFC_PHYS_s15_T1_test,79,129,83.3,0.20070458948612213,0.8758693117566757
UBFC_PHYS_s15_T1_test,79,130,83.33333333333333,0.17811033129692078,0.5604101172796981
UBFC_PHYS_s15_T1_test,79,131,83.36666666666666,0.1655193418264389,0.2288923389333289
UBFC_PHYS_s15_T1_test,79,132,83.4,0.20099425315856934,-0.09511968135476363
UBFC_PHYS_s15_T1_test,79,133,83.43333333333334,0.3351500630378723,-0.4018775486903722
UBFC_PHYS_s15_T1_test,79,134,83.46666666666667,0.5104003548622131,-0.6901042008844889
UBFC_PHYS_s15_T1_test,79,135,83.5,0.6166706085205078,-0.9573340706393327
UBFC_PHYS_s15_T1_test,79,136,83.53333333333333,0.6397862434387207,-1.1897942502603556
UBFC_PHYS_s15_T1_test,79,137,83.56666666666666,0.5967413187026978,-1.3573845556320103
UBFC_PHYS_s15_T1_test,79,138,83.6,0.4432162642478943,-1.417819628862592
UBFC_PHYS_s15_T1_test,79,139,83.63333333333334,0.20676834881305695,-1.329834201800809
UBFC_PHYS_s15_T1_test,79,140,83.66666666666667,-0.0085336584597826,-1.0707756283786618
UBFC_PHYS_s15_T1_test,79,141,83.7,-0.1964908242225647,-0.6512226143017772
UBFC_PHYS_s15_T1_test,79,142,83.73333333333333,-0.43807554244995117,-0.11985861541409704
UBFC_PHYS_s15_T1_test,79,143,83.76666666666667,-0.7469988465309143,0.4445550280497527
UBFC_PHYS_s15_T1_test,79,144,83.8,-1.028364896774292,0.9521494628937694
UBFC_PHYS_s15_T1_test,79,145,83.83333333333333,-1.1231836080551147,1.32543146571259
UBFC_PHYS_s15_T1_test,79,146,83.86666666666666,-0.9336428642272949,1.51887820170774
UBFC_PHYS_s15_T1_test,79,147,83.9,-0.5942076444625854,1.5275717663207249
UBFC_PHYS_s15_T1_test,79,148,83.93333333333334,-0.37471505999565125,1.3820354365871739
UBFC_PHYS_s15_T1_test,79,149,83.96666666666667,-0.366469144821167,1.132113191202206
UBFC_PHYS_s15_T1_test,79,150,84.0,-0.4284585118293762,0.8274852743949732
UBFC_PHYS_s15_T1_test,79,151,84.03333333333333,-0.4163503050804138,0.5034148834496499
UBFC_PHYS_s15_T1_test,79,152,84.06666666666666,-0.33466339111328125,0.17665818261413405
UBFC_PHYS_s15_T1_test,79,153,84.1,-0.24944248795509338,-0.14910732302431026
UBFC_PHYS_s15_T1_test,79,154,84.13333333333334,-0.19701223075389862,-0.4728727368845754
UBFC_PHYS_s15_T1_test,79,155,84.16666666666667,-0.16331395506858826,-0.7862470958636538
UBFC_PHYS_s15_T1_test,79,156,84.2,-0.11700539290904999,-1.0675189210881322
UBFC_PHYS_s15_T1_test,79,157,84.23333333333333,-0.055827103555202484,-1.2815188728784441
UBFC_PHYS_s15_T1_test,79,158,84.26666666666667,-0.025720741599798203,-1.3857215742993372
UBFC_PHYS_s15_T1_test,79,159,84.3,-0.08056491613388062,-1.3417975419137258
UBFC_PHYS_s15_T1_test,79,160,84.33333333333333,-0.21728911995887756,-1.129708580767013
UBFC_PHYS_s15_T1_test,79,161,84.36666666666666,-0.36585116386413574,-0.7594119107874747
UBFC_PHYS_s15_T1_test,79,162,84.4,-0.44554904103279114,-0.2749594673260079
UBFC_PHYS_s15_T1_test,79,163,84.43333333333334,-0.467061847448349,0.2520100584670206
UBFC_PHYS_s15_T1_test,79,164,84.46666666666667,-0.5185844898223877,0.7382777387088402
UBFC_PHYS_s15_T1_test,79,165,84.5,-0.6074745059013367,1.10933751130805
UBFC_PHYS_s15_T1_test,79,166,84.53333333333333,-0.593917965888977,1.3167980350746118
UBFC_PHYS_s15_T1_test,79,167,84.56666666666666,-0.3469260632991791,1.3470170086975142
UBFC_PHYS_s15_T1_test,79,168,84.6,0.08280892670154572,1.2190779353877526
UBFC_PHYS_s15_T1_test,79,169,84.63333333333334,0.46884238719940186,0.9744173735888552
UBFC_PHYS_s15_T1_test,79,170,84.66666666666667,0.6265193819999695,0.6626045878195909
UBFC_PHYS_s15_T1_test,79,171,84.7,0.5952929854393005,0.3279848774193512
UBFC_PHYS_s15_T1_test,79,172,84.73333333333333,0.5267763733863831,0.0010374745495049264
UBFC_PHYS_s15_T1_test,79,173,84.76666666666667,0.4940436780452728,-0.3034106263015772
UBFC_PHYS_s15_T1_test,79,174,84.8,0.503815233707428,-0.5814089436060006
UBFC_PHYS_s15_T1_test,79,175,84.83333333333333,0.5442531108856201,-0.8312196481951816
UBFC_PHYS_s15_T1_test,79,176,84.86666666666666,0.563912034034729,-1.0448080515352505
UBFC_PHYS_s15_T1_test,79,177,84.9,0.5423412919044495,-1.2033411679995951
UBFC_PHYS_s15_T1_test,79,178,84.93333333333334,0.5302717089653015,-1.2788609848404475
UBFC_PHYS_s15_T1_test,79,179,84.96666666666667,0.5211374759674072,-1.2418332175730182
UBFC_PHYS_s15_T1_test,79,180,85.0,0.42172273993492126,-1.0719998224001797
UBFC_PHYS_s15_T1_test,79,181,85.03333333333333,0.21974556148052216,-0.7686574244321899
UBFC_PHYS_s15_T1_test,79,182,85.06666666666666,0.025357723236083984,-0.35652556302258964
UBFC_PHYS_s15_T1_test,79,183,85.1,-0.10252189636230469,0.11534910456285329
UBFC_PHYS_s15_T1_test,79,184,85.13333333333334,-0.23269955813884735,0.5820889969635404
UBFC_PHYS_s15_T1_test,79,185,85.16666666666667,-0.4868752658367157,0.9768663247917546
UBFC_PHYS_s15_T1_test,79,186,85.2,-0.8776206970214844,1.2460631419770316
UBFC_PHYS_s15_T1_test,79,187,85.23333333333333,-1.201201319694519,1.3608069503641276
UBFC_PHYS_s15_T1_test,79,188,85.26666666666667,-1.1756523847579956,1.3210981885163056
UBFC_PHYS_s15_T1_test,79,189,85.3,-0.7902562618255615,1.151587769168506
UBFC_PHYS_s15_T1_test,79,190,85.33333333333333,-0.3491854965686798,0.8914597296144625
UBFC_PHYS_s15_T1_test,79,191,85.36666666666666,-0.10848909616470337,0.5828624523698764
UBFC_PHYS_s15_T1_test,79,192,85.4,-0.058492064476013184,0.26180373467068335
UBFC_PHYS_s15_T1_test,79,193,85.43333333333334,-0.06395716965198517,-0.046517102510180444
UBFC_PHYS_s15_T1_test,79,194,85.46666666666667,-0.03981801122426987,-0.327670364206967
UBFC_PHYS_s15_T1_test,79,195,85.5,0.06166302040219307,-0.5740305196661197
UBFC_PHYS_s15_T1_test,79,196,85.53333333333333,0.25894755125045776,-0.7784696877782619
UBFC_PHYS_s15_T1_test,79,197,85.56666666666666,0.4733419418334961,-0.9283047581282357
UBFC_PHYS_s15_T1_test,79,198,85.6,0.6006228923797607,-1.0029557933920055
UBFC_PHYS_s15_T1_test,79,199,85.63333333333334,0.6150484681129456,-0.9779145000251392
UBFC_PHYS_s15_T1_test,79,200,85.66666666666667,0.5593159794807434,-0.8343659648670511
UBFC_PHYS_s15_T1_test,79,201,85.7,0.48203203082084656,-0.5702223629264521
UBFC_PHYS_s15_T1_test,79,202,85.73333333333333,0.4091510772705078,-0.20708433820877856
UBFC_PHYS_s15_T1_test,79,203,85.76666666666667,0.32790830731391907,0.2104124057376544
UBFC_PHYS_s15_T1_test,79,204,85.8,0.19630160927772522,0.6225546901164404
UBFC_PHYS_s15_T1_test,79,205,85.83333333333333,-0.01191314123570919,0.9666506278899637
UBFC_PHYS_s15_T1_test,79,206,85.86666666666666,-0.2527061104774475,1.1899666387683043
UBFC_PHYS_s15_T1_test,79,207,85.9,-0.3894689381122589,1.260976394085881
UBFC_PHYS_s15_T1_test,79,208,85.93333333333334,-0.3019113540649414,1.1761520672163226
UBFC_PHYS_s15_T1_test,79,209,85.96666666666667,-0.03945109620690346,0.9595177055269212
UBFC_PHYS_s15_T1_test,79,210,86.0,0.2259058654308319,0.6542156791540087
UBFC_PHYS_s15_T1_test,79,211,86.03333333333333,0.4065247178077698,0.3088087765696742
UBFC_PHYS_s15_T1_test,79,212,86.06666666666666,0.5559557676315308,-0.036174196375565085
UBFC_PHYS_s15_T1_test,79,213,86.1,0.6777330040931702,-0.35595316588315457
UBFC_PHYS_s15_T1_test,79,214,86.13333333333334,0.7060241103172302,-0.6411992599904683
UBFC_PHYS_s15_T1_test,79,215,86.16666666666667,0.6849361658096313,-0.8915110846769724
UBFC_PHYS_s15_T1_test,79,216,86.2,0.7363622188568115,-1.1066744626118512
UBFC_PHYS_s15_T1_test,79,217,86.23333333333333,0.8447953462600708,-1.2796951465037019
UBFC_PHYS_s15_T1_test,79,218,86.26666666666667,0.8804054260253906,-1.3942385214301223
UBFC_PHYS_s15_T1_test,79,219,86.3,0.774135172367096,-1.4272510808645549
UBFC_PHYS_s15_T1_test,79,220,86.33333333333333,0.5322800874710083,-1.3557800857301343
UBFC_PHYS_s15_T1_test,79,221,86.36666666666666,0.247148334980011,-1.1657622378798316
UBFC_PHYS_s15_T1_test,79,222,86.4,0.10551904886960983,-0.8600098567539297
UBFC_PHYS_s15_T1_test,79,223,86.43333333333334,0.2206338793039322,-0.4627835845052564
UBFC_PHYS_s15_T1_test,79,224,86.46666666666667,0.5016137361526489,-0.01909542619761877
UBFC_PHYS_s15_T1_test,79,225,86.5,0.7461530566215515,0.4119281608891502
UBFC_PHYS_s15_T1_test,79,226,86.53333333333333,0.8224135041236877,0.768785576387539
UBFC_PHYS_s15_T1_test,79,227,86.56666666666666,0.7938327193260193,1.001802935597474
UBFC_PHYS_s15_T1_test,79,228,86.6,0.8070417046546936,1.0855550480514435
UBFC_PHYS_s15_T1_test,79,229,86.63333333333334,0.9169811010360718,1.02511638777964
UBFC_PHYS_s15_T1_test,79,230,86.66666666666667,1.0572586059570312,0.8537749548936435
UBFC_PHYS_s15_T1_test,79,231,86.7,1.114786982536316,0.62293605657928
UBFC_PHYS_s15_T1_test,79,232,86.73333333333333,0.9989963173866272,0.3875505555991812
UBFC_PHYS_s15_T1_test,79,233,86.76666666666667,0.7244664430618286,0.19194199305117254
UBFC_PHYS_s15_T1_test,79,234,86.8,0.3754914104938507,0.06100889597426679
UBFC_PHYS_s15_T1_test,79,235,86.83333333333333,-0.0489908903837204,-0.00046986487512270213
UBFC_PHYS_s15_T1_test,79,236,86.86666666666666,-0.5601231455802917,-0.0019148075606746275
UBFC_PHYS_s15_T1_test,79,237,86.9,-1.045687198638916,0.04101353092601047
UBFC_PHYS_s15_T1_test,79,238,86.93333333333334,-1.3797152042388916,0.11231352835325029
UBFC_PHYS_s15_T1_test,79,239,86.96666666666667,-1.5417759418487549,0.19805183416763594
UBFC_PHYS_s15_T1_test,80,0,80.0,-0.08693765103816986,-0.07355660467640841
UBFC_PHYS_s15_T1_test,80,1,80.03333333333333,-0.06009490787982941,0.07989459262688875
UBFC_PHYS_s15_T1_test,80,2,80.06666666666666,-0.22209765017032623,0.17594643288310724
UBFC_PHYS_s15_T1_test,80,3,80.1,-0.46362441778182983,0.1688698353728094
UBFC_PHYS_s15_T1_test,80,4,80.13333333333334,-0.7055181264877319,0.03783769615182004
UBFC_PHYS_s15_T1_test,80,5,80.16666666666667,-0.8921235203742981,-0.20778013884903593
UBFC_PHYS_s15_T1_test,80,6,80.2,-1.020601749420166,-0.529915670517602
UBFC_PHYS_s15_T1_test,80,7,80.23333333333333,-1.1499683856964111,-0.8693732836950012
UBFC_PHYS_s15_T1_test,80,8,80.26666666666667,-1.3304520845413208,-1.1574989493884456
UBFC_PHYS_s15_T1_test,80,9,80.3,-1.5455416440963745,-1.3296594672646946
UBFC_PHYS_s15_T1_test,80,10,80.33333333333333,-1.7453945875167847,-1.3383995218404336
UBFC_PHYS_s15_T1_test,80,11,80.36666666666666,-1.8726369142532349,-1.1641882029340054
UBFC_PHYS_s15_T1_test,80,12,80.4,-1.9091932773590088,-0.8214426782716184
UBFC_PHYS_s15_T1_test,80,13,80.43333333333334,-2.0023317337036133,-0.35761939907159557
UBFC_PHYS_s15_T1_test,80,14,80.46666666666667,-2.3579113483428955,0.1557027524275472
UBFC_PHYS_s15_T1_test,80,15,80.5,-2.8764591217041016,0.6385874775562347
UBFC_PHYS_s15_T1_test,80,16,80.53333333333333,-3.1823699474334717,1.0214634477284263
UBFC_PHYS_s15_T1_test,80,17,80.56666666666666,-3.141700267791748,1.2607701707463088
UBFC_PHYS_s15_T1_test,80,18,80.6,-2.9062371253967285,1.3454379358680764
UBFC_PHYS_s15_T1_test,80,19,80.63333333333334,-2.573560953140259,1.291697980854917
UBFC_PHYS_s15_T1_test,80,20,80.66666666666667,-2.1404078006744385,1.130002332909801
UBFC_PHYS_s15_T1_test,80,21,80.7,-1.6822658777236938,0.8917414572890685
UBFC_PHYS_s15_T1_test,80,22,80.73333333333333,-1.3109090328216553,0.6014695611689128
UBFC_PHYS_s15_T1_test,80,23,80.76666666666667,-1.0177630186080933,0.2756533362296975
UBFC_PHYS_s15_T1_test,80,24,80.8,-0.7307580709457397,-0.0738205519136624
UBFC_PHYS_s15_T1_test,80,25,80.83333333333333,-0.44468000531196594,-0.4336146891548702
UBFC_PHYS_s15_T1_test,80,26,80.86666666666666,-0.18473021686077118,-0.7825560670162413
UBFC_PHYS_s15_T1_test,80,27,80.9,0.03843149170279503,-1.0874352655615394
UBFC_PHYS_s15_T1_test,80,28,80.93333333333334,0.20477928221225739,-1.3039818192018475
UBFC_PHYS_s15_T1_test,80,29,80.96666666666667,0.2836274206638336,-1.3850193159915976
UBFC_PHYS_s15_T1_test,80,30,81.0,0.267328679561615,-1.2946111285702977
UBFC_PHYS_s15_T1_test,80,31,81.03333333333333,0.1907399445772171,-1.0233153904452266
UBFC_PHYS_s15_T1_test,80,32,81.06666666666666,0.08392898738384247,-0.5979207584322592
UBFC_PHYS_s15_T1_test,80,33,81.1,-0.07610400021076202,-0.08034428912274034
UBFC_PHYS_s15_T1_test,80,34,81.13333333333334,-0.24915280938148499,0.44561927781722716
UBFC_PHYS_s15_T1_test,80,35,81.16666666666667,-0.2415248453617096,0.895834524353579
UBFC_PHYS_s15_T1_test,80,36,81.2,0.10123193264007568,1.2077404224049053
UBFC_PHYS_s15_T1_test,80,37,81.23333333333333,0.6814215183258057,1.3541746280588405
UBFC_PHYS_s15_T1_test,80,38,81.26666666666667,1.2578647136688232,1.3442854732628018
UBFC_PHYS_s15_T1_test,80,39,81.3,1.6271551847457886,1.212419603167335
UBFC_PHYS_s15_T1_test,80,40,81.33333333333333,1.6289705038070679,1.0006130648602258
UBFC_PHYS_s15_T1_test,80,41,81.36666666666666,1.2259624004364014,0.7423814862624776
UBFC_PHYS_s15_T1_test,80,42,81.4,0.6152802109718323,0.454441548933671
UBFC_PHYS_s15_T1_test,80,43,81.43333333333334,0.039841219782829285,0.13914123774518955
UBFC_PHYS_s15_T1_test,80,44,81.46666666666667,-0.4492568075656891,-0.204775885082222
UBFC_PHYS_s15_T1_test,80,45,81.5,-0.8742605447769165,-0.5691870469949776
UBFC_PHYS_s15_T1_test,80,46,81.53333333333333,-1.12461256980896,-0.9278804613772672
UBFC_PHYS_s15_T1_test,80,47,81.56666666666666,-1.1174674034118652,-1.2361706261062597
UBFC_PHYS_s15_T1_test,80,48,81.6,-0.9423329830169678,-1.4393888990402945
UBFC_PHYS_s15_T1_test,80,49,81.63333333333334,-0.7217203378677368,-1.4876244428089889
UBFC_PHYS_s15_T1_test,80,50,81.66666666666667,-0.5088902115821838,-1.3520091941070478
UBFC_PHYS_s15_T1_test,80,51,81.7,-0.3646731972694397,-1.0370568141131922
UBFC_PHYS_s15_T1_test,80,52,81.73333333333333,-0.33450889587402344,-0.5841920568946525
UBFC_PHYS_s15_T1_test,80,53,81.76666666666667,-0.382169246673584,-0.06402770082675836
UBFC_PHYS_s15_T1_test,80,54,81.8,-0.4398135542869568,0.44102724551550443
UBFC_PHYS_s15_T1_test,80,55,81.83333333333333,-0.3931187689304352,0.8581214225040064
UBFC_PHYS_s15_T1_test,80,56,81.86666666666666,-0.09292416274547577,1.1413733997052904
UBFC_PHYS_s15_T1_test,80,57,81.9,0.4234607517719269,1.2786235458029143
UBFC_PHYS_s15_T1_test,80,58,81.93333333333334,0.867022693157196,1.2853974109456014
UBFC_PHYS_s15_T1_test,80,59,81.96666666666667,1.010872721672058,1.190046860650876
UBFC_PHYS_s15_T1_test,80,60,82.0,0.9312521815299988,1.0184466648475035
UBFC_PHYS_s15_T1_test,80,61,82.03333333333333,0.834676206111908,0.7860389616484229
UBFC_PHYS_s15_T1_test,80,62,82.06666666666666,0.8168518543243408,0.499267326283769
UBFC_PHYS_s15_T1_test,80,63,82.1,0.90500807762146,0.16266138362676524
UBFC_PHYS_s15_T1_test,80,64,82.13333333333334,1.1181086301803589,-0.21334570475341047
UBFC_PHYS_s15_T1_test,80,65,82.16666666666667,1.3717435598373413,-0.606758484871056
UBFC_PHYS_s15_T1_test,80,66,82.2,1.4999321699142456,-0.9817219414271307
UBFC_PHYS_s15_T1_test,80,67,82.23333333333333,1.4153485298156738,-1.2904531125640517
UBFC_PHYS_s15_T1_test,80,68,82.26666666666667,1.1562098264694214,-1.480319619728835
UBFC_PHYS_s15_T1_test,80,69,82.3,0.8391371369361877,-1.5059281231340507
UBFC_PHYS_s15_T1_test,80,70,82.33333333333333,0.5697441101074219,-1.3434747865227132
UBFC_PHYS_s15_T1_test,80,71,82.36666666666666,0.35195091366767883,-1.0021643065260695
UBFC_PHYS_s15_T1_test,80,72,82.4,0.11959701031446457,-0.5273356016991506
UBFC_PHYS_s15_T1_test,80,73,82.43333333333334,-0.11061333864927292,0.007476911080199552
UBFC_PHYS_s15_T1_test,80,74,82.46666666666667,-0.207092747092247,0.5179967411307796
UBFC_PHYS_s15_T1_test,80,75,82.5,-0.05072891339659691,0.9305042952858016
UBFC_PHYS_s15_T1_test,80,76,82.53333333333333,0.33986201882362366,1.1993476225436672
UBFC_PHYS_s15_T1_test,80,77,82.56666666666666,0.7525451183319092,1.314275907245586
UBFC_PHYS_s15_T1_test,80,78,82.6,0.9665918946266174,1.2953304001645023
UBFC_PHYS_s15_T1_test,80,79,82.63333333333334,0.9355971813201904,1.1781944442075696
UBFC_PHYS_s15_T1_test,80,80,82.66666666666667,0.7844860553741455,0.9968021019417471
UBFC_PHYS_s15_T1_test,80,81,82.7,0.6708968281745911,0.7710065403270852
UBFC_PHYS_s15_T1_test,80,82,82.73333333333333,0.6833333373069763,0.504656121311344
UBFC_PHYS_s15_T1_test,80,83,82.76666666666667,0.7994909882545471,0.19417488488709628
UBFC_PHYS_s15_T1_test,80,84,82.8,0.9114387035369873,-0.15796804839642217
UBFC_PHYS_s15_T1_test,80,85,82.83333333333333,0.9226586222648621,-0.5327832233132979
UBFC_PHYS_s15_T1_test,80,86,82.86666666666666,0.8125840425491333,-0.8922322588310886
UBFC_PHYS_s15_T1_test,80,87,82.9,0.6109351515769958,-1.1848276632902701
UBFC_PHYS_s15_T1_test,80,88,82.93333333333334,0.3528006076812744,-1.3568972691881387
UBFC_PHYS_s15_T1_test,80,89,82.96666666666667,0.09901113063097,-1.3664883530643814
UBFC_PHYS_s15_T1_test,80,90,83.0,-0.07679920643568039,-1.1966120597322907
UBFC_PHYS_s15_T1_test,80,91,83.03333333333333,-0.20655202865600586,-0.8639402527496339
UBFC_PHYS_s15_T1_test,80,92,83.06666666666666,-0.40180885791778564,-0.4189261345089595
UBFC_PHYS_s15_T1_test,80,93,83.1,-0.6546907424926758,0.06479039389787918
UBFC_PHYS_s15_T1_test,80,94,83.13333333333334,-0.7991394400596619,0.5094516529394103
UBFC_PHYS_s15_T1_test,80,95,83.16666666666667,-0.6718778014183044,0.853853342901958
UBFC_PHYS_s15_T1_test,80,96,83.2,-0.3070867955684662,1.06702096117197
UBFC_PHYS_s15_T1_test,80,97,83.23333333333333,0.048531319946050644,1.1492963539178995
UBFC_PHYS_s15_T1_test,80,98,83.26666666666667,0.19912105798721313,1.121889994533015
UBFC_PHYS_s15_T1_test,80,99,83.3,0.20070458948612213,1.011723314146379
UBFC_PHYS_s15_T1_test,80,100,83.33333333333333,0.17811033129692078,0.8393623060145358
UBFC_PHYS_s15_T1_test,80,101,83.36666666666666,0.1655193418264389,0.6145790471689195
UBFC_PHYS_s15_T1_test,80,102,83.4,0.20099425315856934,0.3395632149331097
UBFC_PHYS_s15_T1_test,80,103,83.43333333333334,0.3351500630378723,0.016633819132336445
UBFC_PHYS_s15_T1_test,80,104,83.46666666666667,0.5104003548622131,-0.3434515177079141
UBFC_PHYS_s15_T1_test,80,105,83.5,0.6166706085205078,-0.7157174702673047
UBFC_PHYS_s15_T1_test,80,106,83.53333333333333,0.6397862434387207,-1.0598583492026785
UBFC_PHYS_s15_T1_test,80,107,83.56666666666666,0.5967413187026978,-1.3248566694143846
UBFC_PHYS_s15_T1_test,80,108,83.6,0.4432162642478943,-1.458921516801675
UBFC_PHYS_s15_T1_test,80,109,83.63333333333334,0.20676834881305695,-1.4226435458090823
UBFC_PHYS_s15_T1_test,80,110,83.66666666666667,-0.0085336584597826,-1.2018400574649493
UBFC_PHYS_s15_T1_test,80,111,83.7,-0.1964908242225647,-0.8158300999833497
UBFC_PHYS_s15_T1_test,80,112,83.73333333333333,-0.43807554244995117,-0.3173332337247944
UBFC_PHYS_s15_T1_test,80,113,83.76666666666667,-0.7469988465309143,0.21759169597001288
UBFC_PHYS_s15_T1_test,80,114,83.8,-1.028364896774292,0.7074023038001186
UBFC_PHYS_s15_T1_test,80,115,83.83333333333333,-1.1231836080551147,1.0850208355728082
UBFC_PHYS_s15_T1_test,80,116,83.86666666666666,-0.9336428642272949,1.3128174794201486
UBFC_PHYS_s15_T1_test,80,117,83.9,-0.5942076444625854,1.3871744973403175
UBFC_PHYS_s15_T1_test,80,118,83.93333333333334,-0.37471505999565125,1.3312699036725146
UBFC_PHYS_s15_T1_test,80,119,83.96666666666667,-0.366469144821167,1.179856907680915
UBFC_PHYS_s15_T1_test,80,120,84.0,-0.4284585118293762,0.9636813535122013
UBFC_PHYS_s15_T1_test,80,121,84.03333333333333,-0.4163503050804138,0.7010412807965881
UBFC_PHYS_s15_T1_test,80,122,84.06666666666666,-0.33466339111328125,0.3992633031942363
UBFC_PHYS_s15_T1_test,80,123,84.1,-0.24944248795509338,0.06298115991646257
UBFC_PHYS_s15_T1_test,80,124,84.13333333333334,-0.19701223075389862,-0.2968540763658732
UBFC_PHYS_s15_T1_test,80,125,84.16666666666667,-0.16331395506858826,-0.6581437995942166
UBFC_PHYS_s15_T1_test,80,126,84.2,-0.11700539290904999,-0.9882302110813268
UBFC_PHYS_s15_T1_test,80,127,84.23333333333333,-0.055827103555202484,-1.2481825295859097
UBFC_PHYS_s15_T1_test,80,128,84.26666666666667,-0.025720741599798203,-1.39887340977903
UBFC_PHYS_s15_T1_test,80,129,84.3,-0.08056491613388062,-1.408166249719696
UBFC_PHYS_s15_T1_test,80,130,84.33333333333333,-0.21728911995887756,-1.2588751269675968
UBFC_PHYS_s15_T1_test,80,131,84.36666666666666,-0.36585116386413574,-0.9561798948757948
UBFC_PHYS_s15_T1_test,80,132,84.4,-0.44554904103279114,-0.5318367822267763
UBFC_PHYS_s15_T1_test,80,133,84.43333333333334,-0.467061847448349,-0.04208364291977391
UBFC_PHYS_s15_T1_test,80,134,84.46666666666667,-0.5185844898223877,0.44242062604010646
UBFC_PHYS_s15_T1_test,80,135,84.5,-0.6074745059013367,0.8528095152785836
UBFC_PHYS_s15_T1_test,80,136,84.53333333333333,-0.593917965888977,1.1385707981229418
UBFC_PHYS_s15_T1_test,80,137,84.56666666666666,-0.3469260632991791,1.2774947771606577
UBFC_PHYS_s15_T1_test,80,138,84.6,0.08280892670154572,1.2754664913258105
UBFC_PHYS_s15_T1_test,80,139,84.63333333333334,0.46884238719940186,1.157779673055828
UBFC_PHYS_s15_T1_test,80,140,84.66666666666667,0.6265193819999695,0.9568950404642729
UBFC_PHYS_s15_T1_test,80,141,84.7,0.5952929854393005,0.701908255015331
UBFC_PHYS_s15_T1_test,80,142,84.73333333333333,0.5267763733863831,0.4132956575498353
UBFC_PHYS_s15_T1_test,80,143,84.76666666666667,0.4940436780452728,0.10373256264309737
UBFC_PHYS_s15_T1_test,80,144,84.8,0.503815233707428,-0.21696871700508633
UBFC_PHYS_s15_T1_test,80,145,84.83333333333333,0.5442531108856201,-0.5361443189329311
UBFC_PHYS_s15_T1_test,80,146,84.86666666666666,0.563912034034729,-0.8345801993753155
UBFC_PHYS_s15_T1_test,80,147,84.9,0.5423412919044495,-1.0860226210905168
UBFC_PHYS_s15_T1_test,80,148,84.93333333333334,0.5302717089653015,-1.2597453597963437
UBFC_PHYS_s15_T1_test,80,149,84.96666666666667,0.5211374759674072,-1.3254774699105778
UBFC_PHYS_s15_T1_test,80,150,85.0,0.42172273993492126,-1.259997242762381
UBFC_PHYS_s15_T1_test,80,151,85.03333333333333,0.21974556148052216,-1.054476903942798
UBFC_PHYS_s15_T1_test,80,152,85.06666666666666,0.025357723236083984,-0.7207990529585481
UBFC_PHYS_s15_T1_test,80,153,85.1,-0.10252189636230469,-0.29418379714742776
UBFC_PHYS_s15_T1_test,80,154,85.13333333333334,-0.23269955813884735,0.17036443413505042
UBFC_PHYS_s15_T1_test,80,155,85.16666666666667,-0.4868752658367157,0.6083830457610095
UBFC_PHYS_s15_T1_test,80,156,85.2,-0.8776206970214844,0.9604666789847223
UBFC_PHYS_s15_T1_test,80,157,85.23333333333333,-1.201201319694519,1.1858346238731798
UBFC_PHYS_s15_T1_test,80,158,85.26666666666667,-1.1756523847579956,1.269761641021682
UBFC_PHYS_s15_T1_test,80,159,85.3,-0.7902562618255615,1.2224532478026011
UBFC_PHYS_s15_T1_test,80,160,85.33333333333333,-0.3491854965686798,1.0710822590152553
UBFC_PHYS_s15_T1_test,80,161,85.36666666666666,-0.10848909616470337,0.8493869893684068
UBFC_PHYS_s15_T1_test,80,162,85.4,-0.058492064476013184,0.5887721283486207
UBFC_PHYS_s15_T1_test,80,163,85.43333333333334,-0.06395716965198517,0.31273722257929126
UBFC_PHYS_s15_T1_test,80,164,85.46666666666667,-0.03981801122426987,0.03497636101107878
UBFC_PHYS_s15_T1_test,80,165,85.5,0.06166302040219307,-0.23886654567219429
UBFC_PHYS_s15_T1_test,80,166,85.53333333333333,0.25894755125045776,-0.5059234604096893
UBFC_PHYS_s15_T1_test,80,167,85.56666666666666,0.4733419418334961,-0.7585363794080918
UBFC_PHYS_s15_T1_test,80,168,85.6,0.6006228923797607,-0.977712219376645
UBFC_PHYS_s15_T1_test,80,169,85.63333333333334,0.6150484681129456,-1.131848772821188
UBFC_PHYS_s15_T1_test,80,170,85.66666666666667,0.5593159794807434,-1.1830084427666845
UBFC_PHYS_s15_T1_test,80,171,85.7,0.48203203082084656,-1.0992160230042396
UBFC_PHYS_s15_T1_test,80,172,85.73333333333333,0.4091510772705078,-0.8680403120043444
UBFC_PHYS_s15_T1_test,80,173,85.76666666666667,0.32790830731391907,-0.5057944082760201
UBFC_PHYS_s15_T1_test,80,174,85.8,0.19630160927772522,-0.05839659071495363
UBFC_PHYS_s15_T1_test,80,175,85.83333333333333,-0.01191314123570919,0.4069522665005847
UBFC_PHYS_s15_T1_test,80,176,85.86666666666666,-0.2527061104774475,0.8171107165819007
UBFC_PHYS_s15_T1_test,80,177,85.9,-0.3894689381122589,1.1108264709871256
UBFC_PHYS_s15_T1_test,80,178,85.93333333333334,-0.3019113540649414,1.2531720146126908
UBFC_PHYS_s15_T1_test,80,179,85.96666666666667,-0.03945109620690346,1.2414189899096253
UBFC_PHYS_s15_T1_test,80,180,86.0,0.2259058654308319,1.1004348051667243
UBFC_PHYS_s15_T1_test,80,181,86.03333333333333,0.4065247178077698,0.870183242446476
UBFC_PHYS_s15_T1_test,80,182,86.06666666666666,0.5559557676315308,0.5913243007180885
UBFC_PHYS_s15_T1_test,80,183,86.1,0.6777330040931702,0.2949899676257429
UBFC_PHYS_s15_T1_test,80,184,86.13333333333334,0.7060241103172302,-0.000612362244241468
UBFC_PHYS_s15_T1_test,80,185,86.16666666666667,0.6849361658096313,-0.28789026039562204
UBFC_PHYS_s15_T1_test,80,186,86.2,0.7363622188568115,-0.564223531771507
UBFC_PHYS_s15_T1_test,80,187,86.23333333333333,0.8447953462600708,-0.8249291957342627
UBFC_PHYS_s15_T1_test,80,188,86.26666666666667,0.8804054260253906,-1.0567004015600308
UBFC_PHYS_s15_T1_test,80,189,86.3,0.774135172367096,-1.2339565961899162
UBFC_PHYS_s15_T1_test,80,190,86.33333333333333,0.5322800874710083,-1.3207652068936226
UBFC_PHYS_s15_T1_test,80,191,86.36666666666666,0.247148334980011,-1.2796879125275165
UBFC_PHYS_s15_T1_test,80,192,86.4,0.10551904886960983,-1.0858316572481006
UBFC_PHYS_s15_T1_test,80,193,86.43333333333334,0.2206338793039322,-0.7410587661328538
UBFC_PHYS_s15_T1_test,80,194,86.46666666666667,0.5016137361526489,-0.2818367680736394
UBFC_PHYS_s15_T1_test,80,195,86.5,0.7461530566215515,0.22416986372303746
UBFC_PHYS_s15_T1_test,80,196,86.53333333333333,0.8224135041236877,0.6932298415448058
UBFC_PHYS_s15_T1_test,80,197,86.56666666666666,0.7938327193260193,1.0476289133590124
UBFC_PHYS_s15_T1_test,80,198,86.6,0.8070417046546936,1.2365322473144233
UBFC_PHYS_s15_T1_test,80,199,86.63333333333334,0.9169811010360718,1.2477364440586627
UBFC_PHYS_s15_T1_test,80,200,86.66666666666667,1.0572586059570312,1.1064106977137578
UBFC_PHYS_s15_T1_test,80,201,86.7,1.114786982536316,0.8622262917551257
UBFC_PHYS_s15_T1_test,80,202,86.73333333333333,0.9989963173866272,0.5702697528626106
UBFC_PHYS_s15_T1_test,80,203,86.76666666666667,0.7244664430618286,0.27312874801015014
UBFC_PHYS_s15_T1_test,80,204,86.8,0.3754914104938507,-0.008651330872283907
UBFC_PHYS_s15_T1_test,80,205,86.83333333333333,-0.0489908903837204,-0.2740257664157582
UBFC_PHYS_s15_T1_test,80,206,86.86666666666666,-0.5601231455802917,-0.5293605167153859
UBFC_PHYS_s15_T1_test,80,207,86.9,-1.045687198638916,-0.7741246339010018
UBFC_PHYS_s15_T1_test,80,208,86.93333333333334,-1.3797152042388916,-0.9915722650121823
UBFC_PHYS_s15_T1_test,80,209,86.96666666666667,-1.5417759418487549,-1.1481000920325604
UBFC_PHYS_s15_T1_test,80,210,87.0,-1.5685993432998657,-1.2012518800210312
UBFC_PHYS_s15_T1_test,80,211,87.03333333333333,-1.5157055854797363,-1.1135175303944638
UBFC_PHYS_s15_T1_test,80,212,87.06666666666666,-1.4401403665542603,-0.8671529884254413
UBFC_PHYS_s15_T1_test,80,213,87.1,-1.3493192195892334,-0.4747006790885683
UBFC_PHYS_s15_T1_test,80,214,87.13333333333334,-1.2480698823928833,0.018900003712936222
UBFC_PHYS_s15_T1_test,80,215,87.16666666666667,-1.1927043199539185,0.5441277710028104
UBFC_PHYS_s15_T1_test,80,216,87.2,-1.232176661491394,1.0229230182683617
UBFC_PHYS_s15_T1_test,80,217,87.23333333333333,-1.302701711654663,1.3881896715085786
UBFC_PHYS_s15_T1_test,80,218,87.26666666666667,-1.2311532497406006,1.6000409178215973
UBFC_PHYS_s15_T1_test,80,219,87.3,-0.9249527454376221,1.652576537373175
UBFC_PHYS_s15_T1_test,80,220,87.33333333333333,-0.49237900972366333,1.5685358322245684
UBFC_PHYS_s15_T1_test,80,221,87.36666666666666,-0.10169150680303574,1.3847328282950182
UBFC_PHYS_s15_T1_test,80,222,87.4,0.16953609883785248,1.1359915941585255
UBFC_PHYS_s15_T1_test,80,223,87.43333333333334,0.33437761664390564,0.8455232578792187
UBFC_PHYS_s15_T1_test,80,224,87.46666666666667,0.4316873848438263,0.5244571339807836
UBFC_PHYS_s15_T1_test,80,225,87.5,0.5013819932937622,0.177643463596397
UBFC_PHYS_s15_T1_test,80,226,87.53333333333333,0.594732940196991,-0.18841103032659148
UBFC_PHYS_s15_T1_test,80,227,87.56666666666666,0.7468096613883972,-0.558290762856842
UBFC_PHYS_s15_T1_test,80,228,87.6,0.9424334168434143,-0.9034658932512405
UBFC_PHYS_s15_T1_test,80,229,87.63333333333334,1.1413787603378296,-1.1836705262873264
UBFC_PHYS_s15_T1_test,80,230,87.66666666666667,1.3209547996520996,-1.3553436528944056
UBFC_PHYS_s15_T1_test,80,231,87.7,1.4469804763793945,-1.385744932677904
UBFC_PHYS_s15_T1_test,80,232,87.73333333333333,1.4676436185836792,-1.2677541616324126
UBFC_PHYS_s15_T1_test,80,233,87.76666666666667,1.4022940397262573,-1.0284423537286915
UBFC_PHYS_s15_T1_test,80,234,87.8,1.3630341291427612,-0.726106501474026
UBFC_PHYS_s15_T1_test,80,235,87.83333333333333,1.419249415397644,-0.4350428794220383
UBFC_PHYS_s15_T1_test,80,236,87.86666666666666,1.544888973236084,-0.22271451647527737
UBFC_PHYS_s15_T1_test,80,237,87.9,1.677673578262329,-0.12762258871262225
UBFC_PHYS_s15_T1_test,80,238,87.93333333333334,1.7570239305496216,-0.14638501628176312
UBFC_PHYS_s15_T1_test,80,239,87.96666666666667,1.7487393617630005,-0.23523238945033878
UBFC_PHYS_s15_T1_test,81,0,81.0,0.267328679561615,0.0812199367305778
UBFC_PHYS_s15_T1_test,81,1,81.03333333333333,0.1907399445772171,0.8721420671464855
UBFC_PHYS_s15_T1_test,81,2,81.06666666666666,0.08392898738384247,1.5766657377470519
UBFC_PHYS_s15_T1_test,81,3,81.1,-0.07610400021076202,2.1254723770024198
UBFC_PHYS_s15_T1_test,81,4,81.13333333333334,-0.24915280938148499,2.4750517485255537
UBFC_PHYS_s15_T1_test,81,5,81.16666666666667,-0.2415248453617096,2.6132573880696945
UBFC_PHYS_s15_T1_test,81,6,81.2,0.10123193264007568,2.556527135148111
UBFC_PHYS_s15_T1_test,81,7,81.23333333333333,0.6814215183258057,2.340995654975782
UBFC_PHYS_s15_T1_test,81,8,81.26666666666667,1.2578647136688232,2.0115581454624665
UBFC_PHYS_s15_T1_test,81,9,81.3,1.6271551847457886,1.6120044261519455
UBFC_PHYS_s15_T1_test,81,10,81.33333333333333,1.6289705038070679,1.1778422829572948
UBFC_PHYS_s15_T1_test,81,11,81.36666666666666,1.2259624004364014,0.7326426469805484
UBFC_PHYS_s15_T1_test,81,12,81.4,0.6152802109718323,0.2886145009576925
UBFC_PHYS_s15_T1_test,81,13,81.43333333333334,0.039841219782829285,-0.1484744110027656
UBFC_PHYS_s15_T1_test,81,14,81.46666666666667,-0.4492568075656891,-0.5716313134457117
UBFC_PHYS_s15_T1_test,81,15,81.5,-0.8742605447769165,-0.9655034597705954
UBFC_PHYS_s15_T1_test,81,16,81.53333333333333,-1.12461256980896,-1.3032035982478898
UBFC_PHYS_s15_T1_test,81,17,81.56666666666666,-1.1174674034118652,-1.549029837383347
UBFC_PHYS_s15_T1_test,81,18,81.6,-0.9423329830169678,-1.666655402406314
UBFC_PHYS_s15_T1_test,81,19,81.63333333333334,-0.7217203378677368,-1.6300822111535707
UBFC_PHYS_s15_T1_test,81,20,81.66666666666667,-0.5088902115821838,-1.4333598876269145
UBFC_PHYS_s15_T1_test,81,21,81.7,-0.3646731972694397,-1.0954728163171252
UBFC_PHYS_s15_T1_test,81,22,81.73333333333333,-0.33450889587402344,-0.6587769585145902
UBFC_PHYS_s15_T1_test,81,23,81.76666666666667,-0.382169246673584,-0.1816202423674692
UBFC_PHYS_s15_T1_test,81,24,81.8,-0.4398135542869568,0.27284841366455614
UBFC_PHYS_s15_T1_test,81,25,81.83333333333333,-0.3931187689304352,0.6489633726927079
UBFC_PHYS_s15_T1_test,81,26,81.86666666666666,-0.09292416274547577,0.9086878796983534
UBFC_PHYS_s15_T1_test,81,27,81.9,0.4234607517719269,1.0365655987858438
UBFC_PHYS_s15_T1_test,81,28,81.93333333333334,0.867022693157196,1.037945974350463
UBFC_PHYS_s15_T1_test,81,29,81.96666666666667,1.010872721672058,0.9316811569861594
UBFC_PHYS_s15_T1_test,81,30,82.0,0.9312521815299988,0.7411894318847302
UBFC_PHYS_s15_T1_test,81,31,82.03333333333333,0.834676206111908,0.4882537276077381
UBFC_PHYS_s15_T1_test,81,32,82.06666666666666,0.8168518543243408,0.19140295241547256
UBFC_PHYS_s15_T1_test,81,33,82.1,0.90500807762146,-0.132276398486695
UBFC_PHYS_s15_T1_test,81,34,82.13333333333334,1.1181086301803589,-0.4639634594283464
UBFC_PHYS_s15_T1_test,81,35,82.16666666666667,1.3717435598373413,-0.7800340413334399
UBFC_PHYS_s15_T1_test,81,36,82.2,1.4999321699142456,-1.0502087536114113
UBFC_PHYS_s15_T1_test,81,37,82.23333333333333,1.4153485298156738,-1.238328385827737
UBFC_PHYS_s15_T1_test,81,38,82.26666666666667,1.1562098264694214,-1.3073368369914975
UBFC_PHYS_s15_T1_test,81,39,82.3,0.8391371369361877,-1.2287176128080206
UBFC_PHYS_s15_T1_test,81,40,82.33333333333333,0.5697441101074219,-0.9936493444096459
UBFC_PHYS_s15_T1_test,81,41,82.36666666666666,0.35195091366767883,-0.6209261586196254
UBFC_PHYS_s15_T1_test,81,42,82.4,0.11959701031446457,-0.1574386999916415
UBFC_PHYS_s15_T1_test,81,43,82.43333333333334,-0.11061333864927292,0.32999357841998084
UBFC_PHYS_s15_T1_test,81,44,82.46666666666667,-0.207092747092247,0.7693729143330538
UBFC_PHYS_s15_T1_test,81,45,82.5,-0.05072891339659691,1.1003384195679389
UBFC_PHYS_s15_T1_test,81,46,82.53333333333333,0.33986201882362366,1.2874881264728573
UBFC_PHYS_s15_T1_test,81,47,82.56666666666666,0.7525451183319092,1.325620698178707
UBFC_PHYS_s15_T1_test,81,48,82.6,0.9665918946266174,1.2352833651405972
UBFC_PHYS_s15_T1_test,81,49,82.63333333333334,0.9355971813201904,1.0508492238181093
UBFC_PHYS_s15_T1_test,81,50,82.66666666666667,0.7844860553741455,0.8063878567537565
UBFC_PHYS_s15_T1_test,81,51,82.7,0.6708968281745911,0.5254537254836206
UBFC_PHYS_s15_T1_test,81,52,82.73333333333333,0.6833333373069763,0.21903518249396367
UBFC_PHYS_s15_T1_test,81,53,82.76666666666667,0.7994909882545471,-0.10809364585068729
UBFC_PHYS_s15_T1_test,81,54,82.8,0.9114387035369873,-0.4466996645672957
UBFC_PHYS_s15_T1_test,81,55,82.83333333333333,0.9226586222648621,-0.7742515679895479
UBFC_PHYS_s15_T1_test,81,56,82.86666666666666,0.8125840425491333,-1.052629557304431
UBFC_PHYS_s15_T1_test,81,57,82.9,0.6109351515769958,-1.2338332457641266
UBFC_PHYS_s15_T1_test,81,58,82.93333333333334,0.3528006076812744,-1.2722739294190049
UBFC_PHYS_s15_T1_test,81,59,82.96666666666667,0.09901113063097,-1.1400557178668063
UBFC_PHYS_s15_T1_test,81,60,83.0,-0.07679920643568039,-0.8399601386378859
UBFC_PHYS_s15_T1_test,81,61,83.03333333333333,-0.20655202865600586,-0.4106445211283376
UBFC_PHYS_s15_T1_test,81,62,83.06666666666666,-0.40180885791778564,0.07923155194276121
UBFC_PHYS_s15_T1_test,81,63,83.1,-0.6546907424926758,0.5471691565055311
UBFC_PHYS_s15_T1_test,81,64,83.13333333333334,-0.7991394400596619,0.9181925751797997
UBFC_PHYS_s15_T1_test,81,65,83.16666666666667,-0.6718778014183044,1.143730822906185
UBFC_PHYS_s15_T1_test,81,66,83.2,-0.3070867955684662,1.2109419483113324
UBFC_PHYS_s15_T1_test,81,67,83.23333333333333,0.048531319946050644,1.1394509662108927
UBFC_PHYS_s15_T1_test,81,68,83.26666666666667,0.19912105798721313,0.9683007661351604
UBFC_PHYS_s15_T1_test,81,69,83.3,0.20070458948612213,0.7399012929138868
UBFC_PHYS_s15_T1_test,81,70,83.33333333333333,0.17811033129692078,0.48743180152680105
UBFC_PHYS_s15_T1_test,81,71,83.36666666666666,0.1655193418264389,0.22888562398264312
UBFC_PHYS_s15_T1_test,81,72,83.4,0.20099425315856934,-0.03230651978891298
UBFC_PHYS_s15_T1_test,81,73,83.43333333333334,0.3351500630378723,-0.3016545672666525
UBFC_PHYS_s15_T1_test,81,74,83.46666666666667,0.5104003548622131,-0.584537178349341
UBFC_PHYS_s15_T1_test,81,75,83.5,0.6166706085205078,-0.8756128637637552
UBFC_PHYS_s15_T1_test,81,76,83.53333333333333,0.6397862434387207,-1.1504788287246583
UBFC_PHYS_s15_T1_test,81,77,83.56666666666666,0.5967413187026978,-1.3644760930877387
UBFC_PHYS_s15_T1_test,81,78,83.6,0.4432162642478943,-1.461599587189203
UBFC_PHYS_s15_T1_test,81,79,83.63333333333334,0.20676834881305695,-1.392008710475167
UBFC_PHYS_s15_T1_test,81,80,83.66666666666667,-0.0085336584597826,-1.132054603948075
UBFC_PHYS_s15_T1_test,81,81,83.7,-0.1964908242225647,-0.698527747310621
UBFC_PHYS_s15_T1_test,81,82,83.73333333333333,-0.43807554244995117,-0.15039324520477565
UBFC_PHYS_s15_T1_test,81,83,83.76666666666667,-0.7469988465309143,0.42389500468357655
UBFC_PHYS_s15_T1_test,81,84,83.8,-1.028364896774292,0.9294388431652634
UBFC_PHYS_s15_T1_test,81,85,83.83333333333333,-1.1231836080551147,1.2900185945873337
UBFC_PHYS_s15_T1_test,81,86,83.86666666666666,-0.9336428642272949,1.4665067872481643
UBFC_PHYS_s15_T1_test,81,87,83.9,-0.5942076444625854,1.4625739439015553
UBFC_PHYS_s15_T1_test,81,88,83.93333333333334,-0.37471505999565125,1.3162650621586387
UBFC_PHYS_s15_T1_test,81,89,83.96666666666667,-0.366469144821167,1.0812758055182443
UBFC_PHYS_s15_T1_test,81,90,84.0,-0.4284585118293762,0.8061040779062295
UBFC_PHYS_s15_T1_test,81,91,84.03333333333333,-0.4163503050804138,0.5199755923131173
UBFC_PHYS_s15_T1_test,81,92,84.06666666666666,-0.33466339111328125,0.2304073302642859
UBFC_PHYS_s15_T1_test,81,93,84.1,-0.24944248795509338,-0.06876672660188322
UBFC_PHYS_s15_T1_test,81,94,84.13333333333334,-0.19701223075389862,-0.38432499618041005
UBFC_PHYS_s15_T1_test,81,95,84.16666666666667,-0.16331395506858826,-0.7117150379472554
UBFC_PHYS_s15_T1_test,81,96,84.2,-0.11700539290904999,-1.028329593607534
UBFC_PHYS_s15_T1_test,81,97,84.23333333333333,-0.055827103555202484,-1.2935420210023292
UBFC_PHYS_s15_T1_test,81,98,84.26666666666667,-0.025720741599798203,-1.4557042115059287
UBFC_PHYS_s15_T1_test,81,99,84.3,-0.08056491613388062,-1.4652358732762645
UBFC_PHYS_s15_T1_test,81,100,84.33333333333333,-0.21728911995887756,-1.2908634916173451
UBFC_PHYS_s15_T1_test,81,101,84.36666666666666,-0.36585116386413574,-0.9339015482316834
UBFC_PHYS_s15_T1_test,81,102,84.4,-0.44554904103279114,-0.4349054672318069
UBFC_PHYS_s15_T1_test,81,103,84.43333333333334,-0.467061847448349,0.13123231395937215
UBFC_PHYS_s15_T1_test,81,104,84.46666666666667,-0.5185844898223877,0.6719004187063758
UBFC_PHYS_s15_T1_test,81,105,84.5,-0.6074745059013367,1.1004399982205681
UBFC_PHYS_s15_T1_test,81,106,84.53333333333333,-0.593917965888977,1.358354129111344
UBFC_PHYS_s15_T1_test,81,107,84.56666666666666,-0.3469260632991791,1.427568123171895
UBFC_PHYS_s15_T1_test,81,108,84.6,0.08280892670154572,1.3290510461775051
UBFC_PHYS_s15_T1_test,81,109,84.63333333333334,0.46884238719940186,1.1102184662784602
UBFC_PHYS_s15_T1_test,81,110,84.66666666666667,0.6265193819999695,0.8270390167570014
UBFC_PHYS_s15_T1_test,81,111,84.7,0.5952929854393005,0.5272504096032472
UBFC_PHYS_s15_T1_test,81,112,84.73333333333333,0.5267763733863831,0.23979740806623692
UBFC_PHYS_s15_T1_test,81,113,84.76666666666667,0.4940436780452728,-0.026956223936585713
UBFC_PHYS_s15_T1_test,81,114,84.8,0.503815233707428,-0.2790077009121972
UBFC_PHYS_s15_T1_test,81,115,84.83333333333333,0.5442531108856201,-0.525925857349193
UBFC_PHYS_s15_T1_test,81,116,84.86666666666666,0.563912034034729,-0.7698361655919129
UBFC_PHYS_s15_T1_test,81,117,84.9,0.5423412919044495,-0.9979109279166202
UBFC_PHYS_s15_T1_test,81,118,84.93333333333334,0.5302717089653015,-1.1807930200839456
UBFC_PHYS_s15_T1_test,81,119,84.96666666666667,0.5211374759674072,-1.277872390895943
UBFC_PHYS_s15_T1_test,81,120,85.0,0.42172273993492126,-1.2486543309138276
UBFC_PHYS_s15_T1_test,81,121,85.03333333333333,0.21974556148052216,-1.067364697476166
UBFC_PHYS_s15_T1_test,81,122,85.06666666666666,0.025357723236083984,-0.7358273391021465
UBFC_PHYS_s15_T1_test,81,123,85.1,-0.10252189636230469,-0.2891776522901399
UBFC_PHYS_s15_T1_test,81,124,85.13333333333334,-0.23269955813884735,0.2087386781467449
UBFC_PHYS_s15_T1_test,81,125,85.16666666666667,-0.4868752658367157,0.6795131514187313
UBFC_PHYS_s15_T1_test,81,126,85.2,-0.8776206970214844,1.049524098428697
UBFC_PHYS_s15_T1_test,81,127,85.23333333333333,-1.201201319694519,1.268093862998302
UBFC_PHYS_s15_T1_test,81,128,85.26666666666667,-1.1756523847579956,1.3181825034739967
UBFC_PHYS_s15_T1_test,81,129,85.3,-0.7902562618255615,1.2161318374837853
UBFC_PHYS_s15_T1_test,81,130,85.33333333333333,-0.3491854965686798,1.0016555587457123
UBFC_PHYS_s15_T1_test,81,131,85.36666666666666,-0.10848909616470337,0.7231038480574086
UBFC_PHYS_s15_T1_test,81,132,85.4,-0.058492064476013184,0.42375435439073655
UBFC_PHYS_s15_T1_test,81,133,85.43333333333334,-0.06395716965198517,0.13302486319457923
UBFC_PHYS_s15_T1_test,81,134,85.46666666666667,-0.03981801122426987,-0.13603277150163726
UBFC_PHYS_s15_T1_test,81,135,85.5,0.06166302040219307,-0.38339146843091787
UBFC_PHYS_s15_T1_test,81,136,85.53333333333333,0.25894755125045776,-0.6141274886163699
UBFC_PHYS_s15_T1_test,81,137,85.56666666666666,0.4733419418334961,-0.8281960589506941
UBFC_PHYS_s15_T1_test,81,138,85.6,0.6006228923797607,-1.011883804846036
UBFC_PHYS_s15_T1_test,81,139,85.63333333333334,0.6150484681129456,-1.1355409624923392
UBFC_PHYS_s15_T1_test,81,140,85.66666666666667,0.5593159794807434,-1.1600669622347084
UBFC_PHYS_s15_T1_test,81,141,85.7,0.48203203082084656,-1.0506273009163634
UBFC_PHYS_s15_T1_test,81,142,85.73333333333333,0.4091510772705078,-0.7924590276103965
UBFC_PHYS_s15_T1_test,81,143,85.76666666666667,0.32790830731391907,-0.40225309794221414
UBFC_PHYS_s15_T1_test,81,144,85.8,0.19630160927772522,0.06985664118694004
UBFC_PHYS_s15_T1_test,81,145,85.83333333333333,-0.01191314123570919,0.5492384284916206
UBFC_PHYS_s15_T1_test,81,146,85.86666666666666,-0.2527061104774475,0.9544488495406664
UBFC_PHYS_s15_T1_test,81,147,85.9,-0.3894689381122589,1.2183779490229552
UBFC_PHYS_s15_T1_test,81,148,85.93333333333334,-0.3019113540649414,1.3058532932549827
UBFC_PHYS_s15_T1_test,81,149,85.96666666666667,-0.03945109620690346,1.2213248932138172
UBFC_PHYS_s15_T1_test,81,150,86.0,0.2259058654308319,1.0036202635477733
UBFC_PHYS_s15_T1_test,81,151,86.03333333333333,0.4065247178077698,0.7099395875170434
UBFC_PHYS_s15_T1_test,81,152,86.06666666666666,0.5559557676315308,0.39602787599589284
UBFC_PHYS_s15_T1_test,81,153,86.1,0.6777330040931702,0.10082054768704471
UBFC_PHYS_s15_T1_test,81,154,86.13333333333334,0.7060241103172302,-0.15933870690295157
UBFC_PHYS_s15_T1_test,81,155,86.16666666666667,0.6849361658096313,-0.38685233986433615
UBFC_PHYS_s15_T1_test,81,156,86.2,0.7363622188568115,-0.5928080344521482
UBFC_PHYS_s15_T1_test,81,157,86.23333333333333,0.8447953462600708,-0.7851870716073878
UBFC_PHYS_s15_T1_test,81,158,86.26666666666667,0.8804054260253906,-0.9593572933406547
UBFC_PHYS_s15_T1_test,81,159,86.3,0.774135172367096,-1.0938305275398965
UBFC_PHYS_s15_T1_test,81,160,86.33333333333333,0.5322800874710083,-1.1531001691055442
UBFC_PHYS_s15_T1_test,81,161,86.36666666666666,0.247148334980011,-1.0976849952388463
UBFC_PHYS_s15_T1_test,81,162,86.4,0.10551904886960983,-0.8990254574348516
UBFC_PHYS_s15_T1_test,81,163,86.43333333333334,0.2206338793039322,-0.554434410258997
UBFC_PHYS_s15_T1_test,81,164,86.46666666666667,0.5016137361526489,-0.09619829959175302
UBFC_PHYS_s15_T1_test,81,165,86.5,0.7461530566215515,0.40994538241593803
UBFC_PHYS_s15_T1_test,81,166,86.53333333333333,0.8224135041236877,0.8782943986651018
UBFC_PHYS_s15_T1_test,81,167,86.56666666666666,0.7938327193260193,1.22523596044723
UBFC_PHYS_s15_T1_test,81,168,86.6,0.8070417046546936,1.392363569757558
UBFC_PHYS_s15_T1_test,81,169,86.63333333333334,0.9169811010360718,1.3620246958731455
UBFC_PHYS_s15_T1_test,81,170,86.66666666666667,1.0572586059570312,1.1595785043888283
UBFC_PHYS_s15_T1_test,81,171,86.7,1.114786982536316,0.841960370294773
UBFC_PHYS_s15_T1_test,81,172,86.73333333333333,0.9989963173866272,0.4772597842696801
UBFC_PHYS_s15_T1_test,81,173,86.76666666666667,0.7244664430618286,0.12327119321229653
UBFC_PHYS_s15_T1_test,81,174,86.8,0.3754914104938507,-0.18663450066635948
UBFC_PHYS_s15_T1_test,81,175,86.83333333333333,-0.0489908903837204,-0.44526248802776647
UBFC_PHYS_s15_T1_test,81,176,86.86666666666666,-0.5601231455802917,-0.6619809448008188
UBFC_PHYS_s15_T1_test,81,177,86.9,-1.045687198638916,-0.8479228992336085
UBFC_PHYS_s15_T1_test,81,178,86.93333333333334,-1.3797152042388916,-1.003336748966889
UBFC_PHYS_s15_T1_test,81,179,86.96666666666667,-1.5417759418487549,-1.112092479898956
UBFC_PHYS_s15_T1_test,81,180,87.0,-1.5685993432998657,-1.1448276600905847
UBFC_PHYS_s15_T1_test,81,181,87.03333333333333,-1.5157055854797363,-1.0690799474817059
UBFC_PHYS_s15_T1_test,81,182,87.06666666666666,-1.4401403665542603,-0.8627280747556803
UBFC_PHYS_s15_T1_test,81,183,87.1,-1.3493192195892334,-0.5262898209417683
UBFC_PHYS_s15_T1_test,81,184,87.13333333333334,-1.2480698823928833,-0.08990646163560624
UBFC_PHYS_s15_T1_test,81,185,87.16666666666667,-1.1927043199539185,0.3880702939388382
UBFC_PHYS_s15_T1_test,81,186,87.2,-1.232176661491394,0.8320489407835373
UBFC_PHYS_s15_T1_test,81,187,87.23333333333333,-1.302701711654663,1.1677315891012596
UBFC_PHYS_s15_T1_test,81,188,87.26666666666667,-1.2311532497406006,1.3423775265872542
UBFC_PHYS_s15_T1_test,81,189,87.3,-0.9249527454376221,1.3388681323233627
UBFC_PHYS_s15_T1_test,81,190,87.33333333333333,-0.49237900972366333,1.1774854189104647
UBFC_PHYS_s15_T1_test,81,191,87.36666666666666,-0.10169150680303574,0.9048682660773381
UBFC_PHYS_s15_T1_test,81,192,87.4,0.16953609883785248,0.5760726548123212
UBFC_PHYS_s15_T1_test,81,193,87.43333333333334,0.33437761664390564,0.2384619585017845
UBFC_PHYS_s15_T1_test,81,194,87.46666666666667,0.4316873848438263,-0.07684418145170832
UBFC_PHYS_s15_T1_test,81,195,87.5,0.5013819932937622,-0.3554020151139696
UBFC_PHYS_s15_T1_test,81,196,87.53333333333333,0.594732940196991,-0.5941160875383786
UBFC_PHYS_s15_T1_test,81,197,87.56666666666666,0.7468096613883972,-0.7931075895010123
UBFC_PHYS_s15_T1_test,81,198,87.6,0.9424334168434143,-0.9477852533755081
UBFC_PHYS_s15_T1_test,81,199,87.63333333333334,1.1413787603378296,-1.0440345717123163
UBFC_PHYS_s15_T1_test,81,200,87.66666666666667,1.3209547996520996,-1.0587519840235715
UBFC_PHYS_s15_T1_test,81,201,87.7,1.4469804763793945,-0.966344031318379
UBFC_PHYS_s15_T1_test,81,202,87.73333333333333,1.4676436185836792,-0.7495024953066398
UBFC_PHYS_s15_T1_test,81,203,87.76666666666667,1.4022940397262573,-0.4105230526327649
UBFC_PHYS_s15_T1_test,81,204,87.8,1.3630341291427612,0.021325946030690667
UBFC_PHYS_s15_T1_test,81,205,87.83333333333333,1.419249415397644,0.4900555492090229
UBFC_PHYS_s15_T1_test,81,206,87.86666666666666,1.544888973236084,0.9222990544518845
UBFC_PHYS_s15_T1_test,81,207,87.9,1.677673578262329,1.2440517109385003
UBFC_PHYS_s15_T1_test,81,208,87.93333333333334,1.7570239305496216,1.399872300401823
UBFC_PHYS_s15_T1_test,81,209,87.96666666666667,1.7487393617630005,1.3677631358617333
UBFC_PHYS_s15_T1_test,81,210,88.0,1.6681724786758423,1.1637977425010027
UBFC_PHYS_s15_T1_test,81,211,88.03333333333333,1.5246120691299438,0.8344382212781181
UBFC_PHYS_s15_T1_test,81,212,88.06666666666666,1.2798023223876953,0.4400196563380477
UBFC_PHYS_s15_T1_test,81,213,88.1,0.9079047441482544,0.03690533040344833
UBFC_PHYS_s15_T1_test,81,214,88.13333333333334,0.44808271527290344,-0.334304044343008
UBFC_PHYS_s15_T1_test,81,215,88.16666666666667,-0.041942257434129715,-0.6512589205511572
UBFC_PHYS_s15_T1_test,81,216,88.2,-0.5308278799057007,-0.9053072521325553
UBFC_PHYS_s15_T1_test,81,217,88.23333333333333,-0.9819018840789795,-1.0950311592977722
UBFC_PHYS_s15_T1_test,81,218,88.26666666666667,-1.3397407531738281,-1.2213721416626728
UBFC_PHYS_s15_T1_test,81,219,88.3,-1.6056771278381348,-1.2846177915845942
UBFC_PHYS_s15_T1_test,81,220,88.33333333333333,-1.822736382484436,-1.2823523857093182
UBFC_PHYS_s15_T1_test,81,221,88.36666666666666,-1.9825955629348755,-1.2084676862053279
UBFC_PHYS_s15_T1_test,81,222,88.4,-2.0588366985321045,-1.0545491446303283
UBFC_PHYS_s15_T1_test,81,223,88.43333333333334,-2.0872244834899902,-0.8147538172187804
UBFC_PHYS_s15_T1_test,81,224,88.46666666666667,-2.1038708686828613,-0.4933171028925312
UBFC_PHYS_s15_T1_test,81,225,88.5,-2.0714664459228516,-0.11143989549280758
UBFC_PHYS_s15_T1_test,81,226,88.53333333333333,-1.965273380279541,0.2906090395417461
UBFC_PHYS_s15_T1_test,81,227,88.56666666666666,-1.837799310684204,0.6588763777101798
UBFC_PHYS_s15_T1_test,81,228,88.6,-1.695590615272522,0.9379345961697253
UBFC_PHYS_s15_T1_test,81,229,88.63333333333334,-1.4605717658996582,1.0858482667351226
UBFC_PHYS_s15_T1_test,81,230,88.66666666666667,-1.080891728401184,1.086302741666573
UBFC_PHYS_s15_T1_test,81,231,88.7,-0.6115878224372864,0.9534044182980566
UBFC_PHYS_s15_T1_test,81,232,88.73333333333333,-0.173066183924675,0.7277395168900765
UBFC_PHYS_s15_T1_test,81,233,88.76666666666667,0.14842882752418518,0.46555456760686353
UBFC_PHYS_s15_T1_test,81,234,88.8,0.3579953610897064,0.224806789391081
UBFC_PHYS_s15_T1_test,81,235,88.83333333333333,0.49838870763778687,0.05210977173672567
UBFC_PHYS_s15_T1_test,81,236,88.86666666666666,0.5966640710830688,-0.026241973952895032
UBFC_PHYS_s15_T1_test,81,237,88.9,0.6786020398139954,-0.007610402157856298
UBFC_PHYS_s15_T1_test,81,238,88.93333333333334,0.7630118727684021,0.08893538803163274
UBFC_PHYS_s15_T1_test,81,239,88.96666666666667,0.8418213725090027,0.22828854133035162
UBFC_PHYS_s15_T1_test,82,0,82.0,0.9312521815299988,-0.0745984367345228
UBFC_PHYS_s15_T1_test,82,1,82.03333333333333,0.834676206111908,-0.014509124305616742
UBFC_PHYS_s15_T1_test,82,2,82.06666666666666,0.8168518543243408,-0.004390595251801917
UBFC_PHYS_s15_T1_test,82,3,82.1,0.90500807762146,-0.08095343435268694
UBFC_PHYS_s15_T1_test,82,4,82.13333333333334,1.1181086301803589,-0.2561051606866307
UBFC_PHYS_s15_T1_test,82,5,82.16666666666667,1.3717435598373413,-0.5142264249900834
UBFC_PHYS_s15_T1_test,82,6,82.2,1.4999321699142456,-0.8163715959757462
UBFC_PHYS_s15_T1_test,82,7,82.23333333333333,1.4153485298156738,-1.108657357559505
UBFC_PHYS_s15_T1_test,82,8,82.26666666666667,1.1562098264694214,-1.3324506582443167
UBFC_PHYS_s15_T1_test,82,9,82.3,0.8391371369361877,-1.4352657343389736
UBFC_PHYS_s15_T1_test,82,10,82.33333333333333,0.5697441101074219,-1.3812372224187464
UBFC_PHYS_s15_T1_test,82,11,82.36666666666666,0.35195091366767883,-1.159233578734828
UBFC_PHYS_s15_T1_test,82,12,82.4,0.11959701031446457,-0.7866256477870399
UBFC_PHYS_s15_T1_test,82,13,82.43333333333334,-0.11061333864927292,-0.307510559359316
UBFC_PHYS_s15_T1_test,82,14,82.46666666666667,-0.207092747092247,0.21472736809599893
UBFC_PHYS_s15_T1_test,82,15,82.5,-0.05072891339659691,0.7093738493645201
UBFC_PHYS_s15_T1_test,82,16,82.53333333333333,0.33986201882362366,1.1123404898700735
UBFC_PHYS_s15_T1_test,82,17,82.56666666666666,0.7525451183319092,1.3785617915225976
UBFC_PHYS_s15_T1_test,82,18,82.6,0.9665918946266174,1.4891946983184088
UBFC_PHYS_s15_T1_test,82,19,82.63333333333334,0.9355971813201904,1.4513044569501274
UBFC_PHYS_s15_T1_test,82,20,82.66666666666667,0.7844860553741455,1.2903447886565662
UBFC_PHYS_s15_T1_test,82,21,82.7,0.6708968281745911,1.0387686648350953
UBFC_PHYS_s15_T1_test,82,22,82.73333333333333,0.6833333373069763,0.7260306149566006
UBFC_PHYS_s15_T1_test,82,23,82.76666666666667,0.7994909882545471,0.37441342419842033
UBFC_PHYS_s15_T1_test,82,24,82.8,0.9114387035369873,0.001462543295171409
UBFC_PHYS_s15_T1_test,82,25,82.83333333333333,0.9226586222648621,-0.37395559168964304
UBFC_PHYS_s15_T1_test,82,26,82.86666666666666,0.8125840425491333,-0.726209690946014
UBFC_PHYS_s15_T1_test,82,27,82.9,0.6109351515769958,-1.0212885524523654
UBFC_PHYS_s15_T1_test,82,28,82.93333333333334,0.3528006076812744,-1.2203975160583014
UBFC_PHYS_s15_T1_test,82,29,82.96666666666667,0.09901113063097,-1.2881880206558909
UBFC_PHYS_s15_T1_test,82,30,83.0,-0.07679920643568039,-1.203207589129386
UBFC_PHYS_s15_T1_test,82,31,83.03333333333333,-0.20655202865600586,-0.9668978770267725
UBFC_PHYS_s15_T1_test,82,32,83.06666666666666,-0.40180885791778564,-0.6073342994145062
UBFC_PHYS_s15_T1_test,82,33,83.1,-0.6546907424926758,-0.1753319731557447
UBFC_PHYS_s15_T1_test,82,34,83.13333333333334,-0.7991394400596619,0.26659516321973453
UBFC_PHYS_s15_T1_test,82,35,83.16666666666667,-0.6718778014183044,0.6586888038380513
UBFC_PHYS_s15_T1_test,82,36,83.2,-0.3070867955684662,0.9561630852473566
UBFC_PHYS_s15_T1_test,82,37,83.23333333333333,0.048531319946050644,1.1347587050709567
UBFC_PHYS_s15_T1_test,82,38,83.26666666666667,0.19912105798721313,1.1893709470829046
UBFC_PHYS_s15_T1_test,82,39,83.3,0.20070458948612213,1.1289461998273147
UBFC_PHYS_s15_T1_test,82,40,83.33333333333333,0.17811033129692078,0.9707347006742054
UBFC_PHYS_s15_T1_test,82,41,83.36666666666666,0.1655193418264389,0.7350978942680199
UBFC_PHYS_s15_T1_test,82,42,83.4,0.20099425315856934,0.44133163812199316
UBFC_PHYS_s15_T1_test,82,43,83.43333333333334,0.3351500630378723,0.10556393626004507
UBFC_PHYS_s15_T1_test,82,44,83.46666666666667,0.5104003548622131,-0.2578172462686685
UBFC_PHYS_s15_T1_test,82,45,83.5,0.6166706085205078,-0.6309963325901969
UBFC_PHYS_s15_T1_test,82,46,83.53333333333333,0.6397862434387207,-0.9864230159579419
UBFC_PHYS_s15_T1_test,82,47,83.56666666666666,0.5967413187026978,-1.283944185176909
UBFC_PHYS_s15_T1_test,82,48,83.6,0.4432162642478943,-1.4749222686085246
UBFC_PHYS_s15_T1_test,82,49,83.63333333333334,0.20676834881305695,-1.5134067848919066
UBFC_PHYS_s15_T1_test,82,50,83.66666666666667,-0.0085336584597826,-1.3706703404663108
UBFC_PHYS_s15_T1_test,82,51,83.7,-0.1964908242225647,-1.0474678634418972
UBFC_PHYS_s15_T1_test,82,52,83.73333333333333,-0.43807554244995117,-0.5791217309237968
UBFC_PHYS_s15_T1_test,82,53,83.76666666666667,-0.7469988465309143,-0.03101926011189825
UBFC_PHYS_s15_T1_test,82,54,83.8,-1.028364896774292,0.5150011232874321
UBFC_PHYS_s15_T1_test,82,55,83.83333333333333,-1.1231836080551147,0.9798449059794653
UBFC_PHYS_s15_T1_test,82,56,83.86666666666666,-0.9336428642272949,1.3056647460152413
UBFC_PHYS_s15_T1_test,82,57,83.9,-0.5942076444625854,1.4668897429442274
UBFC_PHYS_s15_T1_test,82,58,83.93333333333334,-0.37471505999565125,1.469992975949943
UBFC_PHYS_s15_T1_test,82,59,83.96666666666667,-0.366469144821167,1.3433097979447821
UBFC_PHYS_s15_T1_test,82,60,84.0,-0.4284585118293762,1.1225896675580158
UBFC_PHYS_s15_T1_test,82,61,84.03333333333333,-0.4163503050804138,0.8390877983819555
UBFC_PHYS_s15_T1_test,82,62,84.06666666666666,-0.33466339111328125,0.5143285268346174
UBFC_PHYS_s15_T1_test,82,63,84.1,-0.24944248795509338,0.16158023095946009
UBFC_PHYS_s15_T1_test,82,64,84.13333333333334,-0.19701223075389862,-0.20859076736774906
UBFC_PHYS_s15_T1_test,82,65,84.16666666666667,-0.16331395506858826,-0.58182813538375
UBFC_PHYS_s15_T1_test,82,66,84.2,-0.11700539290904999,-0.9349020998197359
UBFC_PHYS_s15_T1_test,82,67,84.23333333333333,-0.055827103555202484,-1.2336494092130639
UBFC_PHYS_s15_T1_test,82,68,84.26666666666667,-0.025720741599798203,-1.4354528718875437
UBFC_PHYS_s15_T1_test,82,69,84.3,-0.08056491613388062,-1.4972198418377083
UBFC_PHYS_s15_T1_test,82,70,84.33333333333333,-0.21728911995887756,-1.3877971763792551
UBFC_PHYS_s15_T1_test,82,71,84.36666666666666,-0.36585116386413574,-1.1011079745613164
UBFC_PHYS_s15_T1_test,82,72,84.4,-0.44554904103279114,-0.6646876180600573
UBFC_PHYS_s15_T1_test,82,73,84.43333333333334,-0.467061847448349,-0.13885985486754954
UBFC_PHYS_s15_T1_test,82,74,84.46666666666667,-0.5185844898223877,0.39521091516009227
UBFC_PHYS_s15_T1_test,82,75,84.5,-0.6074745059013367,0.8556391622617583
UBFC_PHYS_s15_T1_test,82,76,84.53333333333333,-0.593917965888977,1.1807292878817877
UBFC_PHYS_s15_T1_test,82,77,84.56666666666666,-0.3469260632991791,1.3422815627745477
UBFC_PHYS_s15_T1_test,82,78,84.6,0.08280892670154572,1.3466738882864104
UBFC_PHYS_s15_T1_test,82,79,84.63333333333334,0.46884238719940186,1.2249887237526
UBFC_PHYS_s15_T1_test,82,80,84.66666666666667,0.6265193819999695,1.0176934089292538
UBFC_PHYS_s15_T1_test,82,81,84.7,0.5952929854393005,0.7604526629057371
UBFC_PHYS_s15_T1_test,82,82,84.73333333333333,0.5267763733863831,0.47595137742206206
UBFC_PHYS_s15_T1_test,82,83,84.76666666666667,0.4940436780452728,0.17345760443196134
UBFC_PHYS_s15_T1_test,82,84,84.8,0.503815233707428,-0.14522367408594983
UBFC_PHYS_s15_T1_test,82,85,84.83333333333333,0.5442531108856201,-0.47671934914704694
UBFC_PHYS_s15_T1_test,82,86,84.86666666666666,0.563912034034729,-0.8077898815921543
UBFC_PHYS_s15_T1_test,82,87,84.9,0.5423412919044495,-1.1109241682953805
UBFC_PHYS_s15_T1_test,82,88,84.93333333333334,0.5302717089653015,-1.3457193398794054
UBFC_PHYS_s15_T1_test,82,89,84.96666666666667,0.5211374759674072,-1.4663496505909848
UBFC_PHYS_s15_T1_test,82,90,85.0,0.42172273993492126,-1.4336636032528003
UBFC_PHYS_s15_T1_test,82,91,85.03333333333333,0.21974556148052216,-1.2286864054788755
UBFC_PHYS_s15_T1_test,82,92,85.06666666666666,0.025357723236083984,-0.8630092214453552
UBFC_PHYS_s15_T1_test,82,93,85.1,-0.10252189636230469,-0.38154974079628096
UBFC_PHYS_s15_T1_test,82,94,85.13333333333334,-0.23269955813884735,0.14489576520278244
UBFC_PHYS_s15_T1_test,82,95,85.16666666666667,-0.4868752658367157,0.6362030631862858
UBFC_PHYS_s15_T1_test,82,96,85.2,-0.8776206970214844,1.0233188182023587
UBFC_PHYS_s15_T1_test,82,97,85.23333333333333,-1.201201319694519,1.2649274656169025
UBFC_PHYS_s15_T1_test,82,98,85.26666666666667,-1.1756523847579956,1.3540220900027735
UBFC_PHYS_s15_T1_test,82,99,85.3,-0.7902562618255615,1.3124469751956975
UBFC_PHYS_s15_T1_test,82,100,85.33333333333333,-0.3491854965686798,1.176951244316907
UBFC_PHYS_s15_T1_test,82,101,85.36666666666666,-0.10848909616470337,0.9835951565749702
UBFC_PHYS_s15_T1_test,82,102,85.4,-0.058492064476013184,0.7566632766829074
UBFC_PHYS_s15_T1_test,82,103,85.43333333333334,-0.06395716965198517,0.5050586998996496
UBFC_PHYS_s15_T1_test,82,104,85.46666666666667,-0.03981801122426987,0.2260233620687473
UBFC_PHYS_s15_T1_test,82,105,85.5,0.06166302040219307,-0.08599693714344185
UBFC_PHYS_s15_T1_test,82,106,85.53333333333333,0.25894755125045776,-0.4285747694282957
UBFC_PHYS_s15_T1_test,82,107,85.56666666666666,0.4733419418334961,-0.7823986389527092
UBFC_PHYS_s15_T1_test,82,108,85.6,0.6006228923797607,-1.1081323252841122
UBFC_PHYS_s15_T1_test,82,109,85.63333333333334,0.6150484681129456,-1.351658508194871
UBFC_PHYS_s15_T1_test,82,110,85.66666666666667,0.5593159794807434,-1.457261751169482
UBFC_PHYS_s15_T1_test,82,111,85.7,0.48203203082084656,-1.3847749957382673
UBFC_PHYS_s15_T1_test,82,112,85.73333333333333,0.4091510772705078,-1.1246366554171727
UBFC_PHYS_s15_T1_test,82,113,85.76666666666667,0.32790830731391907,-0.7052113448096693
UBFC_PHYS_s15_T1_test,82,114,85.8,0.19630160927772522,-0.18940180147983146
UBFC_PHYS_s15_T1_test,82,115,85.83333333333333,-0.01191314123570919,0.338917128125243
UBFC_PHYS_s15_T1_test,82,116,85.86666666666666,-0.2527061104774475,0.7951382386246358
UBFC_PHYS_s15_T1_test,82,117,85.9,-0.3894689381122589,1.1150017715939484
UBFC_PHYS_s15_T1_test,82,118,85.93333333333334,-0.3019113540649414,1.2693259589901105
UBFC_PHYS_s15_T1_test,82,119,85.96666666666667,-0.03945109620690346,1.2666249641788652
UBFC_PHYS_s15_T1_test,82,120,86.0,0.2259058654308319,1.1428148800622813
UBFC_PHYS_s15_T1_test,82,121,86.03333333333333,0.4065247178077698,0.9431211271573667
UBFC_PHYS_s15_T1_test,82,122,86.06666666666666,0.5559557676315308,0.7045938658452092
UBFC_PHYS_s15_T1_test,82,123,86.1,0.6777330040931702,0.4465486446149043
UBFC_PHYS_s15_T1_test,82,124,86.13333333333334,0.7060241103172302,0.17154128526380108
UBFC_PHYS_s15_T1_test,82,125,86.16666666666667,0.6849361658096313,-0.12567630685556577
UBFC_PHYS_s15_T1_test,82,126,86.2,0.7363622188568115,-0.4464072995802764
UBFC_PHYS_s15_T1_test,82,127,86.23333333333333,0.8447953462600708,-0.7783904965635816
UBFC_PHYS_s15_T1_test,82,128,86.26666666666667,0.8804054260253906,-1.0914020911245625
UBFC_PHYS_s15_T1_test,82,129,86.3,0.774135172367096,-1.3393315939194175
UBFC_PHYS_s15_T1_test,82,130,86.33333333333333,0.5322800874710083,-1.4688231167298482
UBFC_PHYS_s15_T1_test,82,131,86.36666666666666,0.247148334980011,-1.4332852545166104
UBFC_PHYS_s15_T1_test,82,132,86.4,0.10551904886960983,-1.2089498744471312
UBFC_PHYS_s15_T1_test,82,133,86.43333333333334,0.2206338793039322,-0.8076325717068588
UBFC_PHYS_s15_T1_test,82,134,86.46666666666667,0.5016137361526489,-0.2805244657294468
UBFC_PHYS_s15_T1_test,82,135,86.5,0.7461530566215515,0.2903334595909577
UBFC_PHYS_s15_T1_test,82,136,86.53333333333333,0.8224135041236877,0.8116470069899578
UBFC_PHYS_s15_T1_test,82,137,86.56666666666666,0.7938327193260193,1.20334929486113
UBFC_PHYS_s15_T1_test,82,138,86.6,0.8070417046546936,1.4189939347328768
UBFC_PHYS_s15_T1_test,82,139,86.63333333333334,0.9169811010360718,1.4542774447838362
UBFC_PHYS_s15_T1_test,82,140,86.66666666666667,1.0572586059570312,1.3409670054680505
UBFC_PHYS_s15_T1_test,82,141,86.7,1.114786982536316,1.1297578459539166
UBFC_PHYS_s15_T1_test,82,142,86.73333333333333,0.9989963173866272,0.8697986485500587
UBFC_PHYS_s15_T1_test,82,143,86.76666666666667,0.7244664430618286,0.5932336199512366
UBFC_PHYS_s15_T1_test,82,144,86.8,0.3754914104938507,0.310262462119204
UBFC_PHYS_s15_T1_test,82,145,86.83333333333333,-0.0489908903837204,0.015337620486273573
UBFC_PHYS_s15_T1_test,82,146,86.86666666666666,-0.5601231455802917,-0.2996388833868907
UBFC_PHYS_s15_T1_test,82,147,86.9,-1.045687198638916,-0.6316884146692271
UBFC_PHYS_s15_T1_test,82,148,86.93333333333334,-1.3797152042388916,-0.9584553699477482
UBFC_PHYS_s15_T1_test,82,149,86.96666666666667,-1.5417759418487549,-1.238198490658206
UBFC_PHYS_s15_T1_test,82,150,87.0,-1.5685993432998657,-1.4180966460249183
UBFC_PHYS_s15_T1_test,82,151,87.03333333333333,-1.5157055854797363,-1.4485053232018523
UBFC_PHYS_s15_T1_test,82,152,87.06666666666666,-1.4401403665542603,-1.2990630980815934
UBFC_PHYS_s15_T1_test,82,153,87.1,-1.3493192195892334,-0.9717200114715157
UBFC_PHYS_s15_T1_test,82,154,87.13333333333334,-1.2480698823928833,-0.5061207343682498
UBFC_PHYS_s15_T1_test,82,155,87.16666666666667,-1.1927043199539185,0.0256497400158407
UBFC_PHYS_s15_T1_test,82,156,87.2,-1.232176661491394,0.5351635651792752
UBFC_PHYS_s15_T1_test,82,157,87.23333333333333,-1.302701711654663,0.9407351756266863
UBFC_PHYS_s15_T1_test,82,158,87.26666666666667,-1.2311532497406006,1.1894584359383942
UBFC_PHYS_s15_T1_test,82,159,87.3,-0.9249527454376221,1.269003528581673
UBFC_PHYS_s15_T1_test,82,160,87.33333333333333,-0.49237900972366333,1.2039886292442548
UBFC_PHYS_s15_T1_test,82,161,87.36666666666666,-0.10169150680303574,1.0392417927404807
UBFC_PHYS_s15_T1_test,82,162,87.4,0.16953609883785248,0.8189976575621075
UBFC_PHYS_s15_T1_test,82,163,87.43333333333334,0.33437761664390564,0.5723815827937986
UBFC_PHYS_s15_T1_test,82,164,87.46666666666667,0.4316873848438263,0.31024208413119564
UBFC_PHYS_s15_T1_test,82,165,87.5,0.5013819932937622,0.03141119697664258
UBFC_PHYS_s15_T1_test,82,166,87.53333333333333,0.594732940196991,-0.26683063235936016
UBFC_PHYS_s15_T1_test,82,167,87.56666666666666,0.7468096613883972,-0.5787831420751203
UBFC_PHYS_s15_T1_test,82,168,87.6,0.9424334168434143,-0.8837700951100242
UBFC_PHYS_s15_T1_test,82,169,87.63333333333334,1.1413787603378296,-1.1446801460589076
UBFC_PHYS_s15_T1_test,82,170,87.66666666666667,1.3209547996520996,-1.3128124337171245
UBFC_PHYS_s15_T1_test,82,171,87.7,1.4469804763793945,-1.3392157573051369
UBFC_PHYS_s15_T1_test,82,172,87.73333333333333,1.4676436185836792,-1.1902291423089595
UBFC_PHYS_s15_T1_test,82,173,87.76666666666667,1.4022940397262573,-0.8622500373499509
UBFC_PHYS_s15_T1_test,82,174,87.8,1.3630341291427612,-0.3898153535090455
UBFC_PHYS_s15_T1_test,82,175,87.83333333333333,1.419249415397644,0.1573513600979723
UBFC_PHYS_s15_T1_test,82,176,87.86666666666666,1.544888973236084,0.6890056908308195
UBFC_PHYS_s15_T1_test,82,177,87.9,1.677673578262329,1.1169287611658603
UBFC_PHYS_s15_T1_test,82,178,87.93333333333334,1.7570239305496216,1.3779409527692577
UBFC_PHYS_s15_T1_test,82,179,87.96666666666667,1.7487393617630005,1.4490979512477642
UBFC_PHYS_s15_T1_test,82,180,88.0,1.6681724786758423,1.34944226591251
UBFC_PHYS_s15_T1_test,82,181,88.03333333333333,1.5246120691299438,1.1279624724728725
UBFC_PHYS_s15_T1_test,82,182,88.06666666666666,1.2798023223876953,0.8431047920530352
UBFC_PHYS_s15_T1_test,82,183,88.1,0.9079047441482544,0.5426021829735874
UBFC_PHYS_s15_T1_test,82,184,88.13333333333334,0.44808271527290344,0.2517354536080036
UBFC_PHYS_s15_T1_test,82,185,88.16666666666667,-0.041942257434129715,-0.026341862757201358
UBFC_PHYS_s15_T1_test,82,186,88.2,-0.5308278799057007,-0.30061480585190165
UBFC_PHYS_s15_T1_test,82,187,88.23333333333333,-0.9819018840789795,-0.5788517162461001
UBFC_PHYS_s15_T1_test,82,188,88.26666666666667,-1.3397407531738281,-0.8568254218881647
UBFC_PHYS_s15_T1_test,82,189,88.3,-1.6056771278381348,-1.1132626955007683
UBFC_PHYS_s15_T1_test,82,190,88.33333333333333,-1.822736382484436,-1.3113018960398437
UBFC_PHYS_s15_T1_test,82,191,88.36666666666666,-1.9825955629348755,-1.4060207713794453
UBFC_PHYS_s15_T1_test,82,192,88.4,-2.0588366985321045,-1.3567829051603093
UBFC_PHYS_s15_T1_test,82,193,88.43333333333334,-2.0872244834899902,-1.1418179281162137
UBFC_PHYS_s15_T1_test,82,194,88.46666666666667,-2.1038708686828613,-0.7705732640328044
UBFC_PHYS_s15_T1_test,82,195,88.5,-2.0714664459228516,-0.2884739881372627
UBFC_PHYS_s15_T1_test,82,196,88.53333333333333,-1.965273380279541,0.22962991268810357
UBFC_PHYS_s15_T1_test,82,197,88.56666666666666,-1.837799310684204,0.6968923155691443
UBFC_PHYS_s15_T1_test,82,198,88.6,-1.695590615272522,1.0373500612752637
UBFC_PHYS_s15_T1_test,82,199,88.63333333333334,-1.4605717658996582,1.2057971483922951
UBFC_PHYS_s15_T1_test,82,200,88.66666666666667,-1.080891728401184,1.1971487140512316
UBFC_PHYS_s15_T1_test,82,201,88.7,-0.6115878224372864,1.042266016031595
UBFC_PHYS_s15_T1_test,82,202,88.73333333333333,-0.173066183924675,0.7929609855798115
UBFC_PHYS_s15_T1_test,82,203,88.76666666666667,0.14842882752418518,0.5030834884932279
UBFC_PHYS_s15_T1_test,82,204,88.8,0.3579953610897064,0.21330238994180112
UBFC_PHYS_s15_T1_test,82,205,88.83333333333333,0.49838870763778687,-0.05538793895034875
UBFC_PHYS_s15_T1_test,82,206,88.86666666666666,0.5966640710830688,-0.29864795556120455
UBFC_PHYS_s15_T1_test,82,207,88.9,0.6786020398139954,-0.5193779480131879
UBFC_PHYS_s15_T1_test,82,208,88.93333333333334,0.7630118727684021,-0.7170338177253905
UBFC_PHYS_s15_T1_test,82,209,88.96666666666667,0.8418213725090027,-0.880413923740193
UBFC_PHYS_s15_T1_test,82,210,89.0,0.897071123123169,-0.9864673737112185
UBFC_PHYS_s15_T1_test,82,211,89.03333333333333,0.9235662221908569,-1.0050758135477025
UBFC_PHYS_s15_T1_test,82,212,89.06666666666666,0.914721667766571,-0.9079712010713773
UBFC_PHYS_s15_T1_test,82,213,89.1,0.8526936769485474,-0.6791746601733833
UBFC_PHYS_s15_T1_test,82,214,89.13333333333334,0.7446660995483398,-0.324160276933299
UBFC_PHYS_s15_T1_test,82,215,89.16666666666667,0.6041182279586792,0.12506350676551103
UBFC_PHYS_s15_T1_test,82,216,89.2,0.39339303970336914,0.6115601982226608
UBFC_PHYS_s15_T1_test,82,217,89.23333333333333,0.059152547270059586,1.0632376094326943
UBFC_PHYS_s15_T1_test,82,218,89.26666666666667,-0.35326018929481506,1.409634202047369
UBFC_PHYS_s15_T1_test,82,219,89.3,-0.6896249055862427,1.600826124254067
UBFC_PHYS_s15_T1_test,82,220,89.33333333333333,-0.8418174982070923,1.6206511102548038
UBFC_PHYS_s15_T1_test,82,221,89.36666666666666,-0.8420878648757935,1.487719452269424
UBFC_PHYS_s15_T1_test,82,222,89.4,-0.7832462191581726,1.2440147574402782
UBFC_PHYS_s15_T1_test,82,223,89.43333333333334,-0.6969825029373169,0.9376252971102633
UBFC_PHYS_s15_T1_test,82,224,89.46666666666667,-0.5614749193191528,0.6081436882056698
UBFC_PHYS_s15_T1_test,82,225,89.5,-0.38761505484580994,0.28013932865888763
UBFC_PHYS_s15_T1_test,82,226,89.53333333333333,-0.22016650438308716,-0.03519923372403599
UBFC_PHYS_s15_T1_test,82,227,89.56666666666666,-0.07094787061214447,-0.3339510521969014
UBFC_PHYS_s15_T1_test,82,228,89.6,0.07649412006139755,-0.6129168526309533
UBFC_PHYS_s15_T1_test,82,229,89.63333333333334,0.2130059003829956,-0.8650523962936686
UBFC_PHYS_s15_T1_test,82,230,89.66666666666667,0.30064070224761963,-1.0779690366231631
UBFC_PHYS_s15_T1_test,82,231,89.7,0.3210334777832031,-1.2357580703124875
UBFC_PHYS_s15_T1_test,82,232,89.73333333333333,0.2730255126953125,-1.3233920244021398
UBFC_PHYS_s15_T1_test,82,233,89.76666666666667,0.1401635706424713,-1.3318894980585898
UBFC_PHYS_s15_T1_test,82,234,89.8,-0.04974403232336044,-1.261907305612366
UBFC_PHYS_s15_T1_test,82,235,89.83333333333333,-0.20212972164154053,-1.1240117638189682
UBFC_PHYS_s15_T1_test,82,236,89.86666666666666,-0.2848980724811554,-0.9355201112978582
UBFC_PHYS_s15_T1_test,82,237,89.9,-0.3667008578777313,-0.7154255593237204
UBFC_PHYS_s15_T1_test,82,238,89.93333333333334,-0.48590970039367676,-0.4795705939951555
UBFC_PHYS_s15_T1_test,82,239,89.96666666666667,-0.5827174186706543,-0.23813294682416064
UBFC_PHYS_s15_T1_test,83,0,83.0,-0.07679920643568039,0.10550617315410545
UBFC_PHYS_s15_T1_test,83,1,83.03333333333333,-0.20655202865600586,0.7440335810067311
UBFC_PHYS_s15_T1_test,83,2,83.06666666666666,-0.40180885791778564,1.2883758167172275
UBFC_PHYS_s15_T1_test,83,3,83.1,-0.6546907424926758,1.6708457106475765
UBFC_PHYS_s15_T1_test,83,4,83.13333333333334,-0.7991394400596619,1.8627656587884793
UBFC_PHYS_s15_T1_test,83,5,83.16666666666667,-0.6718778014183044,1.8785896574635188
UBFC_PHYS_s15_T1_test,83,6,83.2,-0.3070867955684662,1.7648999350258008
UBFC_PHYS_s15_T1_test,83,7,83.23333333333333,0.048531319946050644,1.578809802069037
UBFC_PHYS_s15_T1_test,83,8,83.26666666666667,0.19912105798721313,1.3658379133153753
UBFC_PHYS_s15_T1_test,83,9,83.3,0.20070458948612213,1.1471018197471912
UBFC_PHYS_s15_T1_test,83,10,83.33333333333333,0.17811033129692078,0.9195941584735126
UBFC_PHYS_s15_T1_test,83,11,83.36666666666666,0.1655193418264389,0.6661595938129125
UBFC_PHYS_s15_T1_test,83,12,83.4,0.20099425315856934,0.36860504110889736
UBFC_PHYS_s15_T1_test,83,13,83.43333333333334,0.3351500630378723,0.01869026939201838
UBFC_PHYS_s15_T1_test,83,14,83.46666666666667,0.5104003548622131,-0.3750099155047151
UBFC_PHYS_s15_T1_test,83,15,83.5,0.6166706085205078,-0.7843644063401132
UBFC_PHYS_s15_T1_test,83,16,83.53333333333333,0.6397862434387207,-1.1635147361475424
UBFC_PHYS_s15_T1_test,83,17,83.56666666666666,0.5967413187026978,-1.4563859317473118
UBFC_PHYS_s15_T1_test,83,18,83.6,0.4432162642478943,-1.609461906620959
UBFC_PHYS_s15_T1_test,83,19,83.63333333333334,0.20676834881305695,-1.5865937790260833
UBFC_PHYS_s15_T1_test,83,20,83.66666666666667,-0.0085336584597826,-1.3808459516448581
UBFC_PHYS_s15_T1_test,83,21,83.7,-0.1964908242225647,-1.0189341928271873
UBFC_PHYS_s15_T1_test,83,22,83.73333333333333,-0.43807554244995117,-0.5564644687154068
UBFC_PHYS_s15_T1_test,83,23,83.76666666666667,-0.7469988465309143,-0.06538236241311947
UBFC_PHYS_s15_T1_test,83,24,83.8,-1.028364896774292,0.3827326395251125
UBFC_PHYS_s15_T1_test,83,25,83.83333333333333,-1.1231836080551147,0.732831575779515
UBFC_PHYS_s15_T1_test,83,26,83.86666666666666,-0.9336428642272949,0.9571941237413734
UBFC_PHYS_s15_T1_test,83,27,83.9,-0.5942076444625854,1.0572014268753804
UBFC_PHYS_s15_T1_test,83,28,83.93333333333334,-0.37471505999565125,1.0552481031120626
UBFC_PHYS_s15_T1_test,83,29,83.96666666666667,-0.366469144821167,0.9800556411898826
UBFC_PHYS_s15_T1_test,83,30,84.0,-0.4284585118293762,0.8523261405007613
UBFC_PHYS_s15_T1_test,83,31,84.03333333333333,-0.4163503050804138,0.677917009994734
UBFC_PHYS_s15_T1_test,83,32,84.06666666666666,-0.33466339111328125,0.451318571565053
UBFC_PHYS_s15_T1_test,83,33,84.1,-0.24944248795509338,0.16633638071027937
UBFC_PHYS_s15_T1_test,83,34,84.13333333333334,-0.19701223075389862,-0.1723454737337198
UBFC_PHYS_s15_T1_test,83,35,84.16666666666667,-0.16331395506858826,-0.5422404804174753
UBFC_PHYS_s15_T1_test,83,36,84.2,-0.11700539290904999,-0.9028486166071357
UBFC_PHYS_s15_T1_test,83,37,84.23333333333333,-0.055827103555202484,-1.201264617230419
UBFC_PHYS_s15_T1_test,83,38,84.26666666666667,-0.025720741599798203,-1.3821217376956358
UBFC_PHYS_s15_T1_test,83,39,84.3,-0.08056491613388062,-1.4004867584726381
UBFC_PHYS_s15_T1_test,83,40,84.33333333333333,-0.21728911995887756,-1.2350977957915552
UBFC_PHYS_s15_T1_test,83,41,84.36666666666666,-0.36585116386413574,-0.8977966337637346
UBFC_PHYS_s15_T1_test,83,42,84.4,-0.44554904103279114,-0.4350915496576969
UBFC_PHYS_s15_T1_test,83,43,84.43333333333334,-0.467061847448349,0.08019957393001516
UBFC_PHYS_s15_T1_test,83,44,84.46666666666667,-0.5185844898223877,0.5660213732799828
UBFC_PHYS_s15_T1_test,83,45,84.5,-0.6074745059013367,0.9519022478276884
UBFC_PHYS_s15_T1_test,83,46,84.53333333333333,-0.593917965888977,1.1958151952014031
UBFC_PHYS_s15_T1_test,83,47,84.56666666666666,-0.3469260632991791,1.2903313590071175
UBFC_PHYS_s15_T1_test,83,48,84.6,0.08280892670154572,1.2566331204531584
UBFC_PHYS_s15_T1_test,83,49,84.63333333333334,0.46884238719940186,1.1306778981976566
UBFC_PHYS_s15_T1_test,83,50,84.66666666666667,0.6265193819999695,0.9479300442879846
UBFC_PHYS_s15_T1_test,83,51,84.7,0.5952929854393005,0.7320323418406303
UBFC_PHYS_s15_T1_test,83,52,84.73333333333333,0.5267763733863831,0.49071090988305366
UBFC_PHYS_s15_T1_test,83,53,84.76666666666667,0.4940436780452728,0.2196801802711242
UBFC_PHYS_s15_T1_test,83,54,84.8,0.503815233707428,-0.08756982584838499
UBFC_PHYS_s15_T1_test,83,55,84.83333333333333,0.5442531108856201,-0.4284709376903593
UBFC_PHYS_s15_T1_test,83,56,84.86666666666666,0.563912034034729,-0.7834434165274395
UBFC_PHYS_s15_T1_test,83,57,84.9,0.5423412919044495,-1.1147273399312854
UBFC_PHYS_s15_T1_test,83,58,84.93333333333334,0.5302717089653015,-1.3725580767753387
UBFC_PHYS_s15_T1_test,83,59,84.96666666666667,0.5211374759674072,-1.5066076780451203
UBFC_PHYS_s15_T1_test,83,60,85.0,0.42172273993492126,-1.4792608482160678
UBFC_PHYS_s15_T1_test,83,61,85.03333333333333,0.21974556148052216,-1.277067337528782
UBFC_PHYS_s15_T1_test,83,62,85.06666666666666,0.025357723236083984,-0.9170661339937015
UBFC_PHYS_s15_T1_test,83,63,85.1,-0.10252189636230469,-0.445713592545784
UBFC_PHYS_s15_T1_test,83,64,85.13333333333334,-0.23269955813884735,0.06995574192682322
UBFC_PHYS_s15_T1_test,83,65,85.16666666666667,-0.4868752658367157,0.557001272417845
UBFC_PHYS_s15_T1_test,83,66,85.2,-0.8776206970214844,0.9531348521036328
UBFC_PHYS_s15_T1_test,83,67,85.23333333333333,-1.201201319694519,1.2199878060840472
UBFC_PHYS_s15_T1_test,83,68,85.26666666666667,-1.1756523847579956,1.348191465061052
UBFC_PHYS_s15_T1_test,83,69,85.3,-0.7902562618255615,1.352380466558073
UBFC_PHYS_s15_T1_test,83,70,85.33333333333333,-0.3491854965686798,1.2593547893494548
UBFC_PHYS_s15_T1_test,83,71,85.36666666666666,-0.10848909616470337,1.095852507443999
UBFC_PHYS_s15_T1_test,83,72,85.4,-0.058492064476013184,0.8808556240384077
UBFC_PHYS_s15_T1_test,83,73,85.43333333333334,-0.06395716965198517,0.6236478600821325
UBFC_PHYS_s15_T1_test,83,74,85.46666666666667,-0.03981801122426987,0.32667217559314227
UBFC_PHYS_s15_T1_test,83,75,85.5,0.06166302040219307,-0.008188324891820312
UBFC_PHYS_s15_T1_test,83,76,85.53333333333333,0.25894755125045776,-0.37154734069930795
UBFC_PHYS_s15_T1_test,83,77,85.56666666666666,0.4733419418334961,-0.7393457101170652
UBFC_PHYS_s15_T1_test,83,78,85.6,0.6006228923797607,-1.070497285547224
UBFC_PHYS_s15_T1_test,83,79,85.63333333333334,0.6150484681129456,-1.3125783192763913
UBFC_PHYS_s15_T1_test,83,80,85.66666666666667,0.5593159794807434,-1.4151001969055665
UBFC_PHYS_s15_T1_test,83,81,85.7,0.48203203082084656,-1.3456006903651445
UBFC_PHYS_s15_T1_test,83,82,85.73333333333333,0.4091510772705078,-1.1019958015661695
UBFC_PHYS_s15_T1_test,83,83,85.76666666666667,0.32790830731391907,-0.71621349775514
UBFC_PHYS_s15_T1_test,83,84,85.8,0.19630160927772522,-0.24790899763754162
UBFC_PHYS_s15_T1_test,83,85,85.83333333333333,-0.01191314123570919,0.2292360373965928
UBFC_PHYS_s15_T1_test,83,86,85.86666666666666,-0.2527061104774475,0.6442534384369991
UBFC_PHYS_s15_T1_test,83,87,85.9,-0.3894689381122589,0.9441250020100036
UBFC_PHYS_s15_T1_test,83,88,85.93333333333334,-0.3019113540649414,1.1036379414895585
UBFC_PHYS_s15_T1_test,83,89,85.96666666666667,-0.03945109620690346,1.1271562859509232
UBFC_PHYS_s15_T1_test,83,90,86.0,0.2259058654308319,1.0415381692414898
UBFC_PHYS_s15_T1_test,83,91,86.03333333333333,0.4065247178077698,0.8825770607454144
UBFC_PHYS_s15_T1_test,83,92,86.06666666666666,0.5559557676315308,0.6808232084792151
UBFC_PHYS_s15_T1_test,83,93,86.1,0.6777330040931702,0.4532556772923837
UBFC_PHYS_s15_T1_test,83,94,86.13333333333334,0.7060241103172302,0.20347154432368383
UBFC_PHYS_s15_T1_test,83,95,86.16666666666667,0.6849361658096313,-0.07167344906094975
UBFC_PHYS_s15_T1_test,83,96,86.2,0.7363622188568115,-0.3728541589197585
UBFC_PHYS_s15_T1_test,83,97,86.23333333333333,0.8447953462600708,-0.6898422673644036
UBFC_PHYS_s15_T1_test,83,98,86.26666666666667,0.8804054260253906,-0.9964726591766442
UBFC_PHYS_s15_T1_test,83,99,86.3,0.774135172367096,-1.2510710276094024
UBFC_PHYS_s15_T1_test,83,100,86.33333333333333,0.5322800874710083,-1.403341983816926
UBFC_PHYS_s15_T1_test,83,101,86.36666666666666,0.247148334980011,-1.4068103213240606
UBFC_PHYS_s15_T1_test,83,102,86.4,0.10551904886960983,-1.2335389260392613
UBFC_PHYS_s15_T1_test,83,103,86.43333333333334,0.2206338793039322,-0.8862408004523659
UBFC_PHYS_s15_T1_test,83,104,86.46666666666667,0.5016137361526489,-0.40313664874850424
UBFC_PHYS_s15_T1_test,83,105,86.5,0.7461530566215515,0.14709752367872755
UBFC_PHYS_s15_T1_test,83,106,86.53333333333333,0.8224135041236877,0.6799035243273802
UBFC_PHYS_s15_T1_test,83,107,86.56666666666666,0.7938327193260193,1.1151225306533064
UBFC_PHYS_s15_T1_test,83,108,86.6,0.8070417046546936,1.3964442875857712
UBFC_PHYS_s15_T1_test,83,109,86.63333333333334,0.9169811010360718,1.5031774817501422
UBFC_PHYS_s15_T1_test,83,110,86.66666666666667,1.0572586059570312,1.4503848833173572
UBFC_PHYS_s15_T1_test,83,111,86.7,1.114786982536316,1.2779425144767442
UBFC_PHYS_s15_T1_test,83,112,86.73333333333333,0.9989963173866272,1.0330313729843779
UBFC_PHYS_s15_T1_test,83,113,86.76666666666667,0.7244664430618286,0.7530023601956038
UBFC_PHYS_s15_T1_test,83,114,86.8,0.3754914104938507,0.45581793144557387
UBFC_PHYS_s15_T1_test,83,115,86.83333333333333,-0.0489908903837204,0.14209086728754772
UBFC_PHYS_s15_T1_test,83,116,86.86666666666666,-0.5601231455802917,-0.19337485503166946
UBFC_PHYS_s15_T1_test,83,117,86.9,-1.045687198638916,-0.547524172507792
UBFC_PHYS_s15_T1_test,83,118,86.93333333333334,-1.3797152042388916,-0.8996103919450902
UBFC_PHYS_s15_T1_test,83,119,86.96666666666667,-1.5417759418487549,-1.2101724257865074
UBFC_PHYS_s15_T1_test,83,120,87.0,-1.5685993432998657,-1.4284701654433611
UBFC_PHYS_s15_T1_test,83,121,87.03333333333333,-1.5157055854797363,-1.505672980810498
UBFC_PHYS_s15_T1_test,83,122,87.06666666666666,-1.4401403665542603,-1.409585544775402
UBFC_PHYS_s15_T1_test,83,123,87.1,-1.3493192195892334,-1.1364054734431321
UBFC_PHYS_s15_T1_test,83,124,87.13333333333334,-1.2480698823928833,-0.7157966896398759
UBFC_PHYS_s15_T1_test,83,125,87.16666666666667,-1.1927043199539185,-0.20718857813995395
UBFC_PHYS_s15_T1_test,83,126,87.2,-1.232176661491394,0.3125351626531388
UBFC_PHYS_s15_T1_test,83,127,87.23333333333333,-1.302701711654663,0.7670767416772545
UBFC_PHYS_s15_T1_test,83,128,87.26666666666667,-1.2311532497406006,1.099023555566688
UBFC_PHYS_s15_T1_test,83,129,87.3,-0.9249527454376221,1.2817881523199075
UBFC_PHYS_s15_T1_test,83,130,87.33333333333333,-0.49237900972366333,1.3202284322571705
UBFC_PHYS_s15_T1_test,83,131,87.36666666666666,-0.10169150680303574,1.24000093493518
UBFC_PHYS_s15_T1_test,83,132,87.4,0.16953609883785248,1.072036819461068
UBFC_PHYS_s15_T1_test,83,133,87.43333333333334,0.33437761664390564,0.8408114511394637
UBFC_PHYS_s15_T1_test,83,134,87.46666666666667,0.4316873848438263,0.5606802104850822
UBFC_PHYS_s15_T1_test,83,135,87.5,0.5013819932937622,0.23869429064644043
UBFC_PHYS_s15_T1_test,83,136,87.53333333333333,0.594732940196991,-0.11935662155969169
UBFC_PHYS_s15_T1_test,83,137,87.56666666666666,0.7468096613883972,-0.5017850676363348
UBFC_PHYS_s15_T1_test,83,138,87.6,0.9424334168434143,-0.8845445796241554
UBFC_PHYS_s15_T1_test,83,139,87.63333333333334,1.1413787603378296,-1.228101659997598
UBFC_PHYS_s15_T1_test,83,140,87.66666666666667,1.3209547996520996,-1.4805016725957716
UBFC_PHYS_s15_T1_test,83,141,87.7,1.4469804763793945,-1.587779462971709
UBFC_PHYS_s15_T1_test,83,142,87.73333333333333,1.4676436185836792,-1.5093845395744265
UBFC_PHYS_s15_T1_test,83,143,87.76666666666667,1.4022940397262573,-1.2332550899119297
UBFC_PHYS_s15_T1_test,83,144,87.8,1.3630341291427612,-0.7846996153287575
UBFC_PHYS_s15_T1_test,83,145,87.83333333333333,1.419249415397644,-0.22518357238236664
UBFC_PHYS_s15_T1_test,83,146,87.86666666666666,1.544888973236084,0.35972375302081655
UBFC_PHYS_s15_T1_test,83,147,87.9,1.677673578262329,0.8803628534173661
UBFC_PHYS_s15_T1_test,83,148,87.93333333333334,1.7570239305496216,1.2648433465743414
UBFC_PHYS_s15_T1_test,83,149,87.96666666666667,1.7487393617630005,1.4752842387579608
UBFC_PHYS_s15_T1_test,83,150,88.0,1.6681724786758423,1.512619848178634
UBFC_PHYS_s15_T1_test,83,151,88.03333333333333,1.5246120691299438,1.4084899674022047
UBFC_PHYS_s15_T1_test,83,152,88.06666666666666,1.2798023223876953,1.2081045880672696
UBFC_PHYS_s15_T1_test,83,153,88.1,0.9079047441482544,0.951904412443577
UBFC_PHYS_s15_T1_test,83,154,88.13333333333334,0.44808271527290344,0.664158526896781
UBFC_PHYS_s15_T1_test,83,155,88.16666666666667,-0.041942257434129715,0.3526329461625601
UBFC_PHYS_s15_T1_test,83,156,88.2,-0.5308278799057007,0.01702935158812482
UBFC_PHYS_s15_T1_test,83,157,88.23333333333333,-0.9819018840789795,-0.3401863841389815
UBFC_PHYS_s15_T1_test,83,158,88.26666666666667,-1.3397407531738281,-0.7057704898852695
UBFC_PHYS_s15_T1_test,83,159,88.3,-1.6056771278381348,-1.0522711130336506
UBFC_PHYS_s15_T1_test,83,160,88.33333333333333,-1.822736382484436,-1.3392720017010717
UBFC_PHYS_s15_T1_test,83,161,88.36666666666666,-1.9825955629348755,-1.5193602688859473
UBFC_PHYS_s15_T1_test,83,162,88.4,-2.0588366985321045,-1.548484342699462
UBFC_PHYS_s15_T1_test,83,163,88.43333333333334,-2.0872244834899902,-1.3988883429846273
UBFC_PHYS_s15_T1_test,83,164,88.46666666666667,-2.1038708686828613,-1.070869190124902
UBFC_PHYS_s15_T1_test,83,165,88.5,-2.0714664459228516,-0.5987570013736677
UBFC_PHYS_s15_T1_test,83,166,88.53333333333333,-1.965273380279541,-0.04786953037198583
UBFC_PHYS_s15_T1_test,83,167,88.56666666666666,-1.837799310684204,0.49787609526517407
UBFC_PHYS_s15_T1_test,83,168,88.6,-1.695590615272522,0.9548351705063113
UBFC_PHYS_s15_T1_test,83,169,88.63333333333334,-1.4605717658996582,1.2595796871471128
UBFC_PHYS_s15_T1_test,83,170,88.66666666666667,-1.080891728401184,1.383375506833222
UBFC_PHYS_s15_T1_test,83,171,88.7,-0.6115878224372864,1.3360383862280074
UBFC_PHYS_s15_T1_test,83,172,88.73333333333333,-0.173066183924675,1.1579866171546658
UBFC_PHYS_s15_T1_test,83,173,88.76666666666667,0.14842882752418518,0.9038579621252937
UBFC_PHYS_s15_T1_test,83,174,88.8,0.3579953610897064,0.6239146641904213
UBFC_PHYS_s15_T1_test,83,175,88.83333333333333,0.49838870763778687,0.3499775473030271
UBFC_PHYS_s15_T1_test,83,176,88.86666666666666,0.5966640710830688,0.09096612459364029
UBFC_PHYS_s15_T1_test,83,177,88.9,0.6786020398139954,-0.16074227701350519
UBFC_PHYS_s15_T1_test,83,178,88.93333333333334,0.7630118727684021,-0.41593196472628174
UBFC_PHYS_s15_T1_test,83,179,88.96666666666667,0.8418213725090027,-0.6750457516202321
UBFC_PHYS_s15_T1_test,83,180,89.0,0.897071123123169,-0.9205404275429789
UBFC_PHYS_s15_T1_test,83,181,89.03333333333333,0.9235662221908569,-1.1176436541098664
UBFC_PHYS_s15_T1_test,83,182,89.06666666666666,0.914721667766571,-1.2227409077974747
UBFC_PHYS_s15_T1_test,83,183,89.1,0.8526936769485474,-1.1964410448725467
UBFC_PHYS_s15_T1_test,83,184,89.13333333333334,0.7446660995483398,-1.0172761950338491
UBFC_PHYS_s15_T1_test,83,185,89.16666666666667,0.6041182279586792,-0.6918996055644894
UBFC_PHYS_s15_T1_test,83,186,89.2,0.39339303970336914,-0.2584515889523383
UBFC_PHYS_s15_T1_test,83,187,89.23333333333333,0.059152547270059586,0.2187403866627666
UBFC_PHYS_s15_T1_test,83,188,89.26666666666667,-0.35326018929481506,0.6628276793385921
UBFC_PHYS_s15_T1_test,83,189,89.3,-0.6896249055862427,1.0032010064538408
UBFC_PHYS_s15_T1_test,83,190,89.33333333333333,-0.8418174982070923,1.1930747189397526
UBFC_PHYS_s15_T1_test,83,191,89.36666666666666,-0.8420878648757935,1.2192281294860263
UBFC_PHYS_s15_T1_test,83,192,89.4,-0.7832462191581726,1.1008266043144113
UBFC_PHYS_s15_T1_test,83,193,89.43333333333334,-0.6969825029373169,0.879245287818976
UBFC_PHYS_s15_T1_test,83,194,89.46666666666667,-0.5614749193191528,0.6037944056922357
UBFC_PHYS_s15_T1_test,83,195,89.5,-0.38761505484580994,0.3182929544843578
UBFC_PHYS_s15_T1_test,83,196,89.53333333333333,-0.22016650438308716,0.051702943877179795
UBFC_PHYS_s15_T1_test,83,197,89.56666666666666,-0.07094787061214447,-0.18552801826871876
UBFC_PHYS_s15_T1_test,83,198,89.6,0.07649412006139755,-0.3983502105965899
UBFC_PHYS_s15_T1_test,83,199,89.63333333333334,0.2130059003829956,-0.5974284977465925
UBFC_PHYS_s15_T1_test,83,200,89.66666666666667,0.30064070224761963,-0.786199373384287
UBFC_PHYS_s15_T1_test,83,201,89.7,0.3210334777832031,-0.9506901348771272
UBFC_PHYS_s15_T1_test,83,202,89.73333333333333,0.2730255126953125,-1.0577327636696647
UBFC_PHYS_s15_T1_test,83,203,89.76666666666667,0.1401635706424713,-1.0636544553536171
UBFC_PHYS_s15_T1_test,83,204,89.8,-0.04974403232336044,-0.9307146772322787
UBFC_PHYS_s15_T1_test,83,205,89.83333333333333,-0.20212972164154053,-0.6449528712795806
UBFC_PHYS_s15_T1_test,83,206,89.86666666666666,-0.2848980724811554,-0.22836596299260714
UBFC_PHYS_s15_T1_test,83,207,89.9,-0.3667008578777313,0.2597960657545595
UBFC_PHYS_s15_T1_test,83,208,89.93333333333334,-0.48590970039367676,0.7344122888290656
UBFC_PHYS_s15_T1_test,83,209,89.96666666666667,-0.5827174186706543,1.10605857337338
UBFC_PHYS_s15_T1_test,83,210,90.0,-0.5672103762626648,1.3060448238224023
UBFC_PHYS_s15_T1_test,83,211,90.03333333333333,-0.4161764979362488,1.3058530337047773
UBFC_PHYS_s15_T1_test,83,212,90.06666666666666,-0.2315795123577118,1.1231608848195342
UBFC_PHYS_s15_T1_test,83,213,90.1,-0.13189442455768585,0.812022962427217
UBFC_PHYS_s15_T1_test,83,214,90.13333333333334,-0.12577272951602936,0.4422911841671503
UBFC_PHYS_s15_T1_test,83,215,90.16666666666667,-0.15288583934307098,0.07798585277507628
UBFC_PHYS_s15_T1_test,83,216,90.2,-0.19370998442173004,-0.2372423033031028
UBFC_PHYS_s15_T1_test,83,217,90.23333333333333,-0.2446918934583664,-0.4847305202543948
UBFC_PHYS_s15_T1_test,83,218,90.26666666666667,-0.26597297191619873,-0.6672334067477717
UBFC_PHYS_s15_T1_test,83,219,90.3,-0.23356857895851135,-0.8005744845931168
UBFC_PHYS_s15_T1_test,83,220,90.33333333333333,-0.1778940111398697,-0.9032420022350088
UBFC_PHYS_s15_T1_test,83,221,90.36666666666666,-0.1346752643585205,-0.9859102197780883
UBFC_PHYS_s15_T1_test,83,222,90.4,-0.10727248340845108,-1.04360431186684
UBFC_PHYS_s15_T1_test,83,223,90.43333333333334,-0.09398628771305084,-1.0540239243584388
UBFC_PHYS_s15_T1_test,83,224,90.46666666666667,-0.12065523117780685,-0.9842938594650266
UBFC_PHYS_s15_T1_test,83,225,90.5,-0.18977047502994537,-0.8049647775856579
UBFC_PHYS_s15_T1_test,83,226,90.53333333333333,-0.2508136034011841,-0.5061100388773727
UBFC_PHYS_s15_T1_test,83,227,90.56666666666666,-0.27954885363578796,-0.10849368038527095
UBFC_PHYS_s15_T1_test,83,228,90.6,-0.3203536868095398,0.3354582217263263
UBFC_PHYS_s15_T1_test,83,229,90.63333333333334,-0.41976839303970337,0.7520906547627398
UBFC_PHYS_s15_T1_test,83,230,90.66666666666667,-0.5534027814865112,1.0655088589592958
UBFC_PHYS_s15_T1_test,83,231,90.7,-0.6121671795845032,1.2193836167304195
UBFC_PHYS_s15_T1_test,83,232,90.73333333333333,-0.5000842213630676,1.1945563811416362
UBFC_PHYS_s15_T1_test,83,233,90.76666666666667,-0.24726030230522156,1.0161840426265443
UBFC_PHYS_s15_T1_test,83,234,90.8,0.007031272631138563,0.7470742300027735
UBFC_PHYS_s15_T1_test,83,235,90.83333333333333,0.17405495047569275,0.4684075491402309
UBFC_PHYS_s15_T1_test,83,236,90.86666666666666,0.2657258212566376,0.25385880475852785
UBFC_PHYS_s15_T1_test,83,237,90.9,0.3093308210372925,0.1460700649130132
UBFC_PHYS_s15_T1_test,83,238,90.93333333333334,0.30050554871559143,0.14388008187446716
UBFC_PHYS_s15_T1_test,83,239,90.96666666666667,0.2597779333591461,0.20484704555297484
UBFC_PHYS_s15_T1_test,84,0,84.0,-0.4284585118293762,-0.09714818882489633
UBFC_PHYS_s15_T1_test,84,1,84.03333333333333,-0.4163503050804138,0.23782359179185758
UBFC_PHYS_s15_T1_test,84,2,84.06666666666666,-0.33466339111328125,0.4665817191712738
UBFC_PHYS_s15_T1_test,84,3,84.1,-0.24944248795509338,0.514514109992529
UBFC_PHYS_s15_T1_test,84,4,84.13333333333334,-0.19701223075389862,0.36184381322767745
UBFC_PHYS_s15_T1_test,84,5,84.16666666666667,-0.16331395506858826,0.044912782558142066
UBFC_PHYS_s15_T1_test,84,6,84.2,-0.11700539290904999,-0.36078473062813443
UBFC_PHYS_s15_T1_test,84,7,84.23333333333333,-0.055827103555202484,-0.7656855146315801
UBFC_PHYS_s15_T1_test,84,8,84.26666666666667,-0.025720741599798203,-1.0887020553236653
UBFC_PHYS_s15_T1_test,84,9,84.3,-0.08056491613388062,-1.2718934675718907
UBFC_PHYS_s15_T1_test,84,10,84.33333333333333,-0.21728911995887756,-1.2871562184621508
UBFC_PHYS_s15_T1_test,84,11,84.36666666666666,-0.36585116386413574,-1.1369894244656473
UBFC_PHYS_s15_T1_test,84,12,84.4,-0.44554904103279114,-0.850732425846681
UBFC_PHYS_s15_T1_test,84,13,84.43333333333334,-0.467061847448349,-0.4765379119494604
UBFC_PHYS_s15_T1_test,84,14,84.46666666666667,-0.5185844898223877,-0.06984589513708904
UBFC_PHYS_s15_T1_test,84,15,84.5,-0.6074745059013367,0.31899600637620495
UBFC_PHYS_s15_T1_test,84,16,84.53333333333333,-0.593917965888977,0.6538720334298825
UBFC_PHYS_s15_T1_test,84,17,84.56666666666666,-0.3469260632991791,0.9155420367353612
UBFC_PHYS_s15_T1_test,84,18,84.6,0.08280892670154572,1.0978452308209001
UBFC_PHYS_s15_T1_test,84,19,84.63333333333334,0.46884238719940186,1.2007330167306067
UBFC_PHYS_s15_T1_test,84,20,84.66666666666667,0.6265193819999695,1.2240657480261559
UBFC_PHYS_s15_T1_test,84,21,84.7,0.5952929854393005,1.1647195233352734
UBFC_PHYS_s15_T1_test,84,22,84.73333333333333,0.5267763733863831,1.0177654793310194
UBFC_PHYS_s15_T1_test,84,23,84.76666666666667,0.4940436780452728,0.7809674251551256
UBFC_PHYS_s15_T1_test,84,24,84.8,0.503815233707428,0.460662978153634
UBFC_PHYS_s15_T1_test,84,25,84.83333333333333,0.5442531108856201,0.07642054913780746
UBFC_PHYS_s15_T1_test,84,26,84.86666666666666,0.563912034034729,-0.3379738699758904
UBFC_PHYS_s15_T1_test,84,27,84.9,0.5423412919044495,-0.7382606856444005
UBFC_PHYS_s15_T1_test,84,28,84.93333333333334,0.5302717089653015,-1.0769949262649954
UBFC_PHYS_s15_T1_test,84,29,84.96666666666667,0.5211374759674072,-1.3117507783595743
UBFC_PHYS_s15_T1_test,84,30,85.0,0.42172273993492126,-1.4120970931730423
UBFC_PHYS_s15_T1_test,84,31,85.03333333333333,0.21974556148052216,-1.3645220727811809
UBFC_PHYS_s15_T1_test,84,32,85.06666666666666,0.025357723236083984,-1.1750685598245283
UBFC_PHYS_s15_T1_test,84,33,85.1,-0.10252189636230469,-0.8690738121080196
UBFC_PHYS_s15_T1_test,84,34,85.13333333333334,-0.23269955813884735,-0.48700064667538584
UBFC_PHYS_s15_T1_test,84,35,85.16666666666667,-0.4868752658367157,-0.07618517951273579
UBFC_PHYS_s15_T1_test,84,36,85.2,-0.8776206970214844,0.31935734427295315
UBFC_PHYS_s15_T1_test,84,37,85.23333333333333,-1.201201319694519,0.6669530552377514
UBFC_PHYS_s15_T1_test,84,38,85.26666666666667,-1.1756523847579956,0.9474502588027592
UBFC_PHYS_s15_T1_test,84,39,85.3,-0.7902562618255615,1.1511338665071502
UBFC_PHYS_s15_T1_test,84,40,85.33333333333333,-0.3491854965686798,1.2711307948694575
UBFC_PHYS_s15_T1_test,84,41,85.36666666666666,-0.10848909616470337,1.299506285818432
UBFC_PHYS_s15_T1_test,84,42,85.4,-0.058492064476013184,1.228259772670631
UBFC_PHYS_s15_T1_test,84,43,85.43333333333334,-0.06395716965198517,1.0533808449913205
UBFC_PHYS_s15_T1_test,84,44,85.46666666666667,-0.03981801122426987,0.7789526925013803
UBFC_PHYS_s15_T1_test,84,45,85.5,0.06166302040219307,0.419787715472165
UBFC_PHYS_s15_T1_test,84,46,85.53333333333333,0.25894755125045776,0.0027968481960050943
UBFC_PHYS_s15_T1_test,84,47,85.56666666666666,0.4733419418334961,-0.4326753987778724
UBFC_PHYS_s15_T1_test,84,48,85.6,0.6006228923797607,-0.8369139178809004
UBFC_PHYS_s15_T1_test,84,49,85.63333333333334,0.6150484681129456,-1.156300143025944
UBFC_PHYS_s15_T1_test,84,50,85.66666666666667,0.5593159794807434,-1.344021765853342
UBFC_PHYS_s15_T1_test,84,51,85.7,0.48203203082084656,-1.3717140578283913
UBFC_PHYS_s15_T1_test,84,52,85.73333333333333,0.4091510772705078,-1.237437143355003
UBFC_PHYS_s15_T1_test,84,53,85.76666666666667,0.32790830731391907,-0.966729370249952
UBFC_PHYS_s15_T1_test,84,54,85.8,0.19630160927772522,-0.6063813207228779
UBFC_PHYS_s15_T1_test,84,55,85.83333333333333,-0.01191314123570919,-0.2131371636634238
UBFC_PHYS_s15_T1_test,84,56,85.86666666666666,-0.2527061104774475,0.15944103301645368
UBFC_PHYS_s15_T1_test,84,57,85.9,-0.3894689381122589,0.4724551097798243
UBFC_PHYS_s15_T1_test,84,58,85.93333333333334,-0.3019113540649414,0.7077988353600849
UBFC_PHYS_s15_T1_test,84,59,85.96666666666667,-0.03945109620690346,0.8662440332321872
UBFC_PHYS_s15_T1_test,84,60,86.0,0.2259058654308319,0.9580224275610395
UBFC_PHYS_s15_T1_test,84,61,86.03333333333333,0.4065247178077698,0.990560670942404
UBFC_PHYS_s15_T1_test,84,62,86.06666666666666,0.5559557676315308,0.9603527217148313
UBFC_PHYS_s15_T1_test,84,63,86.1,0.6777330040931702,0.8540129898955029
UBFC_PHYS_s15_T1_test,84,64,86.13333333333334,0.7060241103172302,0.6576595084900947
UBFC_PHYS_s15_T1_test,84,65,86.16666666666667,0.6849361658096313,0.36860023902568334
UBFC_PHYS_s15_T1_test,84,66,86.2,0.7363622188568115,0.0030016274531209516
UBFC_PHYS_s15_T1_test,84,67,86.23333333333333,0.8447953462600708,-0.4032101622769411
UBFC_PHYS_s15_T1_test,84,68,86.26666666666667,0.8804054260253906,-0.7991290432404553
UBFC_PHYS_s15_T1_test,84,69,86.3,0.774135172367096,-1.1267884732558056
UBFC_PHYS_s15_T1_test,84,70,86.33333333333333,0.5322800874710083,-1.3308195114167256
UBFC_PHYS_s15_T1_test,84,71,86.36666666666666,0.247148334980011,-1.3695285852949404
UBFC_PHYS_s15_T1_test,84,72,86.4,0.10551904886960983,-1.225911359562161
UBFC_PHYS_s15_T1_test,84,73,86.43333333333334,0.2206338793039322,-0.9150667850078964
UBFC_PHYS_s15_T1_test,84,74,86.46666666666667,0.5016137361526489,-0.4840916161306889
UBFC_PHYS_s15_T1_test,84,75,86.5,0.7461530566215515,-0.0026695594964578793
UBFC_PHYS_s15_T1_test,84,76,86.53333333333333,0.8224135041236877,0.4536488263518682
UBFC_PHYS_s15_T1_test,84,77,86.56666666666666,0.7938327193260193,0.8220160557823506
UBFC_PHYS_s15_T1_test,84,78,86.6,0.8070417046546936,1.066048760814347
UBFC_PHYS_s15_T1_test,84,79,86.63333333333334,0.9169811010360718,1.1799587394933329
UBFC_PHYS_s15_T1_test,84,80,86.66666666666667,1.0572586059570312,1.182322807290107
UBFC_PHYS_s15_T1_test,84,81,86.7,1.114786982536316,1.1028552280829378
UBFC_PHYS_s15_T1_test,84,82,86.73333333333333,0.9989963173866272,0.96771214552444
UBFC_PHYS_s15_T1_test,84,83,86.76666666666667,0.7244664430618286,0.7890768713804132
UBFC_PHYS_s15_T1_test,84,84,86.8,0.3754914104938507,0.5634881469220132
UBFC_PHYS_s15_T1_test,84,85,86.83333333333333,-0.0489908903837204,0.280001385519598
UBFC_PHYS_s15_T1_test,84,86,86.86666666666666,-0.5601231455802917,-0.06572936572611743
UBFC_PHYS_s15_T1_test,84,87,86.9,-1.045687198638916,-0.458762426498452
UBFC_PHYS_s15_T1_test,84,88,86.93333333333334,-1.3797152042388916,-0.8599907244324981
UBFC_PHYS_s15_T1_test,84,89,86.96666666666667,-1.5417759418487549,-1.2113507504168166
UBFC_PHYS_s15_T1_test,84,90,87.0,-1.5685993432998657,-1.4489266746843261
UBFC_PHYS_s15_T1_test,84,91,87.03333333333333,-1.5157055854797363,-1.5192629162767244
UBFC_PHYS_s15_T1_test,84,92,87.06666666666666,-1.4401403665542603,-1.394257443022775
UBFC_PHYS_s15_T1_test,84,93,87.1,-1.3493192195892334,-1.0810970780678755
UBFC_PHYS_s15_T1_test,84,94,87.13333333333334,-1.2480698823928833,-0.6243526177664818
UBFC_PHYS_s15_T1_test,84,95,87.16666666666667,-1.1927043199539185,-0.09818031766021842
UBFC_PHYS_s15_T1_test,84,96,87.2,-1.232176661491394,0.4111155905515153
UBFC_PHYS_s15_T1_test,84,97,87.23333333333333,-1.302701711654663,0.8278769085345019
UBFC_PHYS_s15_T1_test,84,98,87.26666666666667,-1.2311532497406006,1.1068869717384058
UBFC_PHYS_s15_T1_test,84,99,87.3,-0.9249527454376221,1.2412924459415198
UBFC_PHYS_s15_T1_test,84,100,87.33333333333333,-0.49237900972366333,1.2548774197100958
UBFC_PHYS_s15_T1_test,84,101,87.36666666666666,-0.10169150680303574,1.1831311020170399
UBFC_PHYS_s15_T1_test,84,102,87.4,0.16953609883785248,1.053775065224465
UBFC_PHYS_s15_T1_test,84,103,87.43333333333334,0.33437761664390564,0.8769638733589836
UBFC_PHYS_s15_T1_test,84,104,87.46666666666667,0.4316873848438263,0.6480072391706311
UBFC_PHYS_s15_T1_test,84,105,87.5,0.5013819932937622,0.3578039399985475
UBFC_PHYS_s15_T1_test,84,106,87.53333333333333,0.594732940196991,0.0043448114323187586
UBFC_PHYS_s15_T1_test,84,107,87.56666666666666,0.7468096613883972,-0.39880346502603686
UBFC_PHYS_s15_T1_test,84,108,87.6,0.9424334168434143,-0.818581540658694
UBFC_PHYS_s15_T1_test,84,109,87.63333333333334,1.1413787603378296,-1.2037932520137704
UBFC_PHYS_s15_T1_test,84,110,87.66666666666667,1.3209547996520996,-1.4925007866645343
UBFC_PHYS_s15_T1_test,84,111,87.7,1.4469804763793945,-1.6252983238325973
UBFC_PHYS_s15_T1_test,84,112,87.73333333333333,1.4676436185836792,-1.5615947409400472
UBFC_PHYS_s15_T1_test,84,113,87.76666666666667,1.4022940397262573,-1.2935686310387977
UBFC_PHYS_s15_T1_test,84,114,87.8,1.3630341291427612,-0.8525120731020376
UBFC_PHYS_s15_T1_test,84,115,87.83333333333333,1.419249415397644,-0.3046549505647155
UBFC_PHYS_s15_T1_test,84,116,87.86666666666666,1.544888973236084,0.26313142419338964
UBFC_PHYS_s15_T1_test,84,117,87.9,1.677673578262329,0.7640442627165039
UBFC_PHYS_s15_T1_test,84,118,87.93333333333334,1.7570239305496216,1.132247863352105
UBFC_PHYS_s15_T1_test,84,119,87.96666666666667,1.7487393617630005,1.3370545277465813
UBFC_PHYS_s15_T1_test,84,120,88.0,1.6681724786758423,1.385353804784643
UBFC_PHYS_s15_T1_test,84,121,88.03333333333333,1.5246120691299438,1.3114398166083097
UBFC_PHYS_s15_T1_test,84,122,88.06666666666666,1.2798023223876953,1.1585315667228477
UBFC_PHYS_s15_T1_test,84,123,88.1,0.9079047441482544,0.960104003981501
UBFC_PHYS_s15_T1_test,84,124,88.13333333333334,0.44808271527290344,0.7294746288529251
UBFC_PHYS_s15_T1_test,84,125,88.16666666666667,-0.041942257434129715,0.4619996032510839
UBFC_PHYS_s15_T1_test,84,126,88.2,-0.5308278799057007,0.1473576980435852
UBFC_PHYS_s15_T1_test,84,127,88.23333333333333,-0.9819018840789795,-0.21562770304526505
UBFC_PHYS_s15_T1_test,84,128,88.26666666666667,-1.3397407531738281,-0.6089450437518666
UBFC_PHYS_s15_T1_test,84,129,88.3,-1.6056771278381348,-0.9935289387834141
UBFC_PHYS_s15_T1_test,84,130,88.33333333333333,-1.822736382484436,-1.3150289464694136
UBFC_PHYS_s15_T1_test,84,131,88.36666666666666,-1.9825955629348755,-1.5148379627329327
UBFC_PHYS_s15_T1_test,84,132,88.4,-2.0588366985321045,-1.5441314084386775
UBFC_PHYS_s15_T1_test,84,133,88.43333333333334,-2.0872244834899902,-1.378529049117254
UBFC_PHYS_s15_T1_test,84,134,88.46666666666667,-2.1038708686828613,-1.0292910392700914
UBFC_PHYS_s15_T1_test,84,135,88.5,-2.0714664459228516,-0.5458488547864876
UBFC_PHYS_s15_T1_test,84,136,88.53333333333333,-1.965273380279541,-0.0065093799078392
UBFC_PHYS_s15_T1_test,84,137,88.56666666666666,-1.837799310684204,0.5010103905588078
UBFC_PHYS_s15_T1_test,84,138,88.6,-1.695590615272522,0.902530330218625
UBFC_PHYS_s15_T1_test,84,139,88.63333333333334,-1.4605717658996582,1.1550906442145272
UBFC_PHYS_s15_T1_test,84,140,88.66666666666667,-1.080891728401184,1.253091585623813
UBFC_PHYS_s15_T1_test,84,141,88.7,-0.6115878224372864,1.2217914758050423
UBFC_PHYS_s15_T1_test,84,142,88.73333333333333,-0.173066183924675,1.1019330675543237
UBFC_PHYS_s15_T1_test,84,143,88.76666666666667,0.14842882752418518,0.9320311821299216
UBFC_PHYS_s15_T1_test,84,144,88.8,0.3579953610897064,0.7350245493040832
UBFC_PHYS_s15_T1_test,84,145,88.83333333333333,0.49838870763778687,0.5139925217585932
UBFC_PHYS_s15_T1_test,84,146,88.86666666666666,0.5966640710830688,0.25823549269528406
UBFC_PHYS_s15_T1_test,84,147,88.9,0.6786020398139954,-0.04314566759381277
UBFC_PHYS_s15_T1_test,84,148,88.93333333333334,0.7630118727684021,-0.38666764482158955
UBFC_PHYS_s15_T1_test,84,149,88.96666666666667,0.8418213725090027,-0.7459999983112271
UBFC_PHYS_s15_T1_test,84,150,89.0,0.897071123123169,-1.0733472800057215
UBFC_PHYS_s15_T1_test,84,151,89.03333333333333,0.9235662221908569,-1.3096850752636233
UBFC_PHYS_s15_T1_test,84,152,89.06666666666666,0.914721667766571,-1.3999934752087093
UBFC_PHYS_s15_T1_test,84,153,89.1,0.8526936769485474,-1.3090339817171999
UBFC_PHYS_s15_T1_test,84,154,89.13333333333334,0.7446660995483398,-1.0337039526517346
UBFC_PHYS_s15_T1_test,84,155,89.16666666666667,0.6041182279586792,-0.6085929131440009
UBFC_PHYS_s15_T1_test,84,156,89.2,0.39339303970336914,-0.10198638647105326
UBFC_PHYS_s15_T1_test,84,157,89.23333333333333,0.059152547270059586,0.39874236746988795
UBFC_PHYS_s15_T1_test,84,158,89.26666666666667,-0.35326018929481506,0.8098316719400172
UBFC_PHYS_s15_T1_test,84,159,89.3,-0.6896249055862427,1.0746961531251402
UBFC_PHYS_s15_T1_test,84,160,89.33333333333333,-0.8418174982070923,1.178074466777018
UBFC_PHYS_s15_T1_test,84,161,89.36666666666666,-0.8420878648757935,1.1433219545652995
UBFC_PHYS_s15_T1_test,84,162,89.4,-0.7832462191581726,1.0146836191470745
UBFC_PHYS_s15_T1_test,84,163,89.43333333333334,-0.6969825029373169,0.8349991117199554
UBFC_PHYS_s15_T1_test,84,164,89.46666666666667,-0.5614749193191528,0.6302391436599211
UBFC_PHYS_s15_T1_test,84,165,89.5,-0.38761505484580994,0.4063406136446883
UBFC_PHYS_s15_T1_test,84,166,89.53333333333333,-0.22016650438308716,0.15633715873431658
UBFC_PHYS_s15_T1_test,84,167,89.56666666666666,-0.07094787061214447,-0.1282319782594258
UBFC_PHYS_s15_T1_test,84,168,89.6,0.07649412006139755,-0.4466238380606807
UBFC_PHYS_s15_T1_test,84,169,89.63333333333334,0.2130059003829956,-0.7812686455479968
UBFC_PHYS_s15_T1_test,84,170,89.66666666666667,0.30064070224761963,-1.0949294884730503
UBFC_PHYS_s15_T1_test,84,171,89.7,0.3210334777832031,-1.3345637426179826
UBFC_PHYS_s15_T1_test,84,172,89.73333333333333,0.2730255126953125,-1.442436572332662
UBFC_PHYS_s15_T1_test,84,173,89.76666666666667,0.1401635706424713,-1.372245740433387
UBFC_PHYS_s15_T1_test,84,174,89.8,-0.04974403232336044,-1.1054553348216658
UBFC_PHYS_s15_T1_test,84,175,89.83333333333333,-0.20212972164154053,-0.6620951506749495
UBFC_PHYS_s15_T1_test,84,176,89.86666666666666,-0.2848980724811554,-0.10155873727541466
UBFC_PHYS_s15_T1_test,84,177,89.9,-0.3667008578777313,0.4880762466629802
UBFC_PHYS_s15_T1_test,84,178,89.93333333333334,-0.48590970039367676,1.0100424163979418
UBFC_PHYS_s15_T1_test,84,179,89.96666666666667,-0.5827174186706543,1.3827327467183756
UBFC_PHYS_s15_T1_test,84,180,90.0,-0.5672103762626648,1.5599525168157085
UBFC_PHYS_s15_T1_test,84,181,90.03333333333333,-0.4161764979362488,1.5403602494905395
UBFC_PHYS_s15_T1_test,84,182,90.06666666666666,-0.2315795123577118,1.361988409046278
UBFC_PHYS_s15_T1_test,84,183,90.1,-0.13189442455768585,1.0836309078676247
UBFC_PHYS_s15_T1_test,84,184,90.13333333333334,-0.12577272951602936,0.7614798010917838
UBFC_PHYS_s15_T1_test,84,185,90.16666666666667,-0.15288583934307098,0.4320087405551002
UBFC_PHYS_s15_T1_test,84,186,90.2,-0.19370998442173004,0.1079836771882123
UBFC_PHYS_s15_T1_test,84,187,90.23333333333333,-0.2446918934583664,-0.21325224918159966
UBFC_PHYS_s15_T1_test,84,188,90.26666666666667,-0.26597297191619873,-0.5360416356595273
UBFC_PHYS_s15_T1_test,84,189,90.3,-0.23356857895851135,-0.8550009966282426
UBFC_PHYS_s15_T1_test,84,190,90.33333333333333,-0.1778940111398697,-1.1500061029364244
UBFC_PHYS_s15_T1_test,84,191,90.36666666666666,-0.1346752643585205,-1.3873407981844132
UBFC_PHYS_s15_T1_test,84,192,90.4,-0.10727248340845108,-1.5253943328206283
UBFC_PHYS_s15_T1_test,84,193,90.43333333333334,-0.09398628771305084,-1.5239437340795736
UBFC_PHYS_s15_T1_test,84,194,90.46666666666667,-0.12065523117780685,-1.3561036997202172
UBFC_PHYS_s15_T1_test,84,195,90.5,-0.18977047502994537,-1.0204601592780955
UBFC_PHYS_s15_T1_test,84,196,90.53333333333333,-0.2508136034011841,-0.5487350810196555
UBFC_PHYS_s15_T1_test,84,197,90.56666666666666,-0.27954885363578796,-0.0040626142520202154
UBFC_PHYS_s15_T1_test,84,198,90.6,-0.3203536868095398,0.5318112478443646
UBFC_PHYS_s15_T1_test,84,199,90.63333333333334,-0.41976839303970337,0.9788046027839784
UBFC_PHYS_s15_T1_test,84,200,90.66666666666667,-0.5534027814865112,1.278500027002936
UBFC_PHYS_s15_T1_test,84,201,90.7,-0.6121671795845032,1.4060536413167188
UBFC_PHYS_s15_T1_test,84,202,90.73333333333333,-0.5000842213630676,1.3706232114383103
UBFC_PHYS_s15_T1_test,84,203,90.76666666666667,-0.24726030230522156,1.2062998197637713
UBFC_PHYS_s15_T1_test,84,204,90.8,0.007031272631138563,0.9582409539392743
UBFC_PHYS_s15_T1_test,84,205,90.83333333333333,0.17405495047569275,0.6688815835208859
UBFC_PHYS_s15_T1_test,84,206,90.86666666666666,0.2657258212566376,0.3683241813938962
UBFC_PHYS_s15_T1_test,84,207,90.9,0.3093308210372925,0.07154382572652945
UBFC_PHYS_s15_T1_test,84,208,90.93333333333334,0.30050554871559143,-0.21732928164603293
UBFC_PHYS_s15_T1_test,84,209,90.96666666666667,0.2597779333591461,-0.4961959479791714
UBFC_PHYS_s15_T1_test,84,210,91.0,0.24415507912635803,-0.7562524742905713
UBFC_PHYS_s15_T1_test,84,211,91.03333333333333,0.2708047032356262,-0.9776935646679177
UBFC_PHYS_s15_T1_test,84,212,91.06666666666666,0.3065306842327118,-1.131405206467588
UBFC_PHYS_s15_T1_test,84,213,91.1,0.3335472047328949,-1.1851789786329623
UBFC_PHYS_s15_T1_test,84,214,91.13333333333334,0.34447744488716125,-1.1119991070168014
UBFC_PHYS_s15_T1_test,84,215,91.16666666666667,0.3151242136955261,-0.8985600703196396
UBFC_PHYS_s15_T1_test,84,216,91.2,0.22955571115016937,-0.552682453415315
UBFC_PHYS_s15_T1_test,84,217,91.23333333333333,0.11509747058153152,-0.10774632739656527
UBFC_PHYS_s15_T1_test,84,218,91.26666666666667,0.015817927196621895,0.3787796530563034
UBFC_PHYS_s15_T1_test,84,219,91.3,-0.05379941314458847,0.8349783631677199
UBFC_PHYS_s15_T1_test,84,220,91.33333333333333,-0.12053936719894409,1.191012009516053
UBFC_PHYS_s15_T1_test,84,221,91.36666666666666,-0.2167290896177292,1.3969100465534483
UBFC_PHYS_s15_T1_test,84,222,91.4,-0.30662333965301514,1.4341705570314627
UBFC_PHYS_s15_T1_test,84,223,91.43333333333334,-0.27945229411125183,1.3163731348755177
UBFC_PHYS_s15_T1_test,84,224,91.46666666666667,-0.08519963175058365,1.080000880039461
UBFC_PHYS_s15_T1_test,84,225,91.5,0.17984835803508759,0.7713313594681666
UBFC_PHYS_s15_T1_test,84,226,91.53333333333333,0.3832932114601135,0.43502413614461344
UBFC_PHYS_s15_T1_test,84,227,91.56666666666666,0.48655086755752563,0.10674274572777512
UBFC_PHYS_s15_T1_test,84,228,91.6,0.5049738883972168,-0.19044928885641138
UBFC_PHYS_s15_T1_test,84,229,91.63333333333334,0.4721832573413849,-0.44657857764596115
UBFC_PHYS_s15_T1_test,84,230,91.66666666666667,0.43755802512168884,-0.6618911073098066
UBFC_PHYS_s15_T1_test,84,231,91.7,0.4119319021701813,-0.8405604217895735
UBFC_PHYS_s15_T1_test,84,232,91.73333333333333,0.3627459406852722,-0.9832276270742352
UBFC_PHYS_s15_T1_test,84,233,91.76666666666667,0.303382933139801,-1.0824619932860393
UBFC_PHYS_s15_T1_test,84,234,91.8,0.28638896346092224,-1.1239310447736963
UBFC_PHYS_s15_T1_test,84,235,91.83333333333333,0.29224029183387756,-1.0925893259516581
UBFC_PHYS_s15_T1_test,84,236,91.86666666666666,0.25707435607910156,-0.980259873755872
UBFC_PHYS_s15_T1_test,84,237,91.9,0.1682615578174591,-0.7905386900881463
UBFC_PHYS_s15_T1_test,84,238,91.93333333333334,0.06075539067387581,-0.5391690039870417
UBFC_PHYS_s15_T1_test,84,239,91.96666666666667,-0.037655141204595566,-0.25096817322294573
UBFC_PHYS_s15_T1_test,85,0,85.0,0.42172273993492126,0.06554797487998282
UBFC_PHYS_s15_T1_test,85,1,85.03333333333333,0.21974556148052216,0.1378641966018986
UBFC_PHYS_s15_T1_test,85,2,85.06666666666666,0.025357723236083984,0.20842570952318812
UBFC_PHYS_s15_T1_test,85,3,85.1,-0.10252189636230469,0.27972536306758977
UBFC_PHYS_s15_T1_test,85,4,85.13333333333334,-0.23269955813884735,0.35874155874390623
UBFC_PHYS_s15_T1_test,85,5,85.16666666666667,-0.4868752658367157,0.45565658600206654
UBFC_PHYS_s15_T1_test,85,6,85.2,-0.8776206970214844,0.5790316979651746
UBFC_PHYS_s15_T1_test,85,7,85.23333333333333,-1.201201319694519,0.7288610270456357
UBFC_PHYS_s15_T1_test,85,8,85.26666666666667,-1.1756523847579956,0.8909746475804838
UBFC_PHYS_s15_T1_test,85,9,85.3,-0.7902562618255615,1.0366005424849725
UBFC_PHYS_s15_T1_test,85,10,85.33333333333333,-0.3491854965686798,1.1287372812368768
UBFC_PHYS_s15_T1_test,85,11,85.36666666666666,-0.10848909616470337,1.1334251722360367
UBFC_PHYS_s15_T1_test,85,12,85.4,-0.058492064476013184,1.0311381785436455
UBFC_PHYS_s15_T1_test,85,13,85.43333333333334,-0.06395716965198517,0.8232178601250967
UBFC_PHYS_s15_T1_test,85,14,85.46666666666667,-0.03981801122426987,0.5309430725181582
UBFC_PHYS_s15_T1_test,85,15,85.5,0.06166302040219307,0.18869403145409056
UBFC_PHYS_s15_T1_test,85,16,85.53333333333333,0.25894755125045776,-0.16476915755612237
UBFC_PHYS_s15_T1_test,85,17,85.56666666666666,0.4733419418334961,-0.49312634363854135
UBFC_PHYS_s15_T1_test,85,18,85.6,0.6006228923797607,-0.7662104015613569
UBFC_PHYS_s15_T1_test,85,19,85.63333333333334,0.6150484681129456,-0.9617460287582426
UBFC_PHYS_s15_T1_test,85,20,85.66666666666667,0.5593159794807434,-1.0663456695017948
UBFC_PHYS_s15_T1_test,85,21,85.7,0.48203203082084656,-1.0759065077692394
UBFC_PHYS_s15_T1_test,85,22,85.73333333333333,0.4091510772705078,-0.9951289007711854
UBFC_PHYS_s15_T1_test,85,23,85.76666666666667,0.32790830731391907,-0.8362196627616936
UBFC_PHYS_s15_T1_test,85,24,85.8,0.19630160927772522,-0.6171771513371167
UBFC_PHYS_s15_T1_test,85,25,85.83333333333333,-0.01191314123570919,-0.35997815998000665
UBFC_PHYS_s15_T1_test,85,26,85.86666666666666,-0.2527061104774475,-0.08862605530234119
UBFC_PHYS_s15_T1_test,85,27,85.9,-0.3894689381122589,0.17305257772837201
UBFC_PHYS_s15_T1_test,85,28,85.93333333333334,-0.3019113540649414,0.4034968841162502
UBFC_PHYS_s15_T1_test,85,29,85.96666666666667,-0.03945109620690346,0.5846578437036055
UBFC_PHYS_s15_T1_test,85,30,86.0,0.2259058654308319,0.7021015717579985
UBFC_PHYS_s15_T1_test,85,31,86.03333333333333,0.4065247178077698,0.7446323459056716
UBFC_PHYS_s15_T1_test,85,32,86.06666666666666,0.5559557676315308,0.704744357961389
UBFC_PHYS_s15_T1_test,85,33,86.1,0.6777330040931702,0.5806948895929682
UBFC_PHYS_s15_T1_test,85,34,86.13333333333334,0.7060241103172302,0.3793836357687072
UBFC_PHYS_s15_T1_test,85,35,86.16666666666667,0.6849361658096313,0.11806534265754258
UBFC_PHYS_s15_T1_test,85,36,86.2,0.7363622188568115,-0.17653398219270802
UBFC_PHYS_s15_T1_test,85,37,86.23333333333333,0.8447953462600708,-0.4715835000762249
UBFC_PHYS_s15_T1_test,85,38,86.26666666666667,0.8804054260253906,-0.7327392287691815
UBFC_PHYS_s15_T1_test,85,39,86.3,0.774135172367096,-0.9285484568898268
UBFC_PHYS_s15_T1_test,85,40,86.33333333333333,0.5322800874710083,-1.0338919424299826
UBFC_PHYS_s15_T1_test,85,41,86.36666666666666,0.247148334980011,-1.032474365520991
UBFC_PHYS_s15_T1_test,85,42,86.4,0.10551904886960983,-0.918711627667362
UBFC_PHYS_s15_T1_test,85,43,86.43333333333334,0.2206338793039322,-0.6991616042413387
UBFC_PHYS_s15_T1_test,85,44,86.46666666666667,0.5016137361526489,-0.3931538580309424
UBFC_PHYS_s15_T1_test,85,45,86.5,0.7461530566215515,-0.03180382839170313
UBFC_PHYS_s15_T1_test,85,46,86.53333333333333,0.8224135041236877,0.34545443676897103
UBFC_PHYS_s15_T1_test,85,47,86.56666666666666,0.7938327193260193,0.6968534792608644
UBFC_PHYS_s15_T1_test,85,48,86.6,0.8070417046546936,0.9852970991687848
UBFC_PHYS_s15_T1_test,85,49,86.63333333333334,0.9169811010360718,1.1839173799121405
UBFC_PHYS_s15_T1_test,85,50,86.66666666666667,1.0572586059570312,1.2783284572455464
UBFC_PHYS_s15_T1_test,85,51,86.7,1.114786982536316,1.2653850233106678
UBFC_PHYS_s15_T1_test,85,52,86.73333333333333,0.9989963173866272,1.1498086112204078
UBFC_PHYS_s15_T1_test,85,53,86.76666666666667,0.7244664430618286,0.940824590530897
UBFC_PHYS_s15_T1_test,85,54,86.8,0.3754914104938507,0.6507194703147939
UBFC_PHYS_s15_T1_test,85,55,86.83333333333333,-0.0489908903837204,0.29596497477773537
UBFC_PHYS_s15_T1_test,85,56,86.86666666666666,-0.5601231455802917,-0.10022026840638891
UBFC_PHYS_s15_T1_test,85,57,86.9,-1.045687198638916,-0.5060933010792381
UBFC_PHYS_s15_T1_test,85,58,86.93333333333334,-1.3797152042388916,-0.882233595448815
UBFC_PHYS_s15_T1_test,85,59,86.96666666666667,-1.5417759418487549,-1.185552208749439
UBFC_PHYS_s15_T1_test,85,60,87.0,-1.5685993432998657,-1.3757761889206632
UBFC_PHYS_s15_T1_test,85,61,87.03333333333333,-1.5157055854797363,-1.4229725823891826
UBFC_PHYS_s15_T1_test,85,62,87.06666666666666,-1.4401403665542603,-1.3143730913270406
UBFC_PHYS_s15_T1_test,85,63,87.1,-1.3493192195892334,-1.0587775095295173
UBFC_PHYS_s15_T1_test,85,64,87.13333333333334,-1.2480698823928833,-0.6870733434871494
UBFC_PHYS_s15_T1_test,85,65,87.16666666666667,-1.1927043199539185,-0.24795152225719183
UBFC_PHYS_s15_T1_test,85,66,87.2,-1.232176661491394,0.20109072391461935
UBFC_PHYS_s15_T1_test,85,67,87.23333333333333,-1.302701711654663,0.6056466517175539
UBFC_PHYS_s15_T1_test,85,68,87.26666666666667,-1.2311532497406006,0.9254032354973042
UBFC_PHYS_s15_T1_test,85,69,87.3,-0.9249527454376221,1.1398227153292635
UBFC_PHYS_s15_T1_test,85,70,87.33333333333333,-0.49237900972366333,1.2460646121953343
UBFC_PHYS_s15_T1_test,85,71,87.36666666666666,-0.10169150680303574,1.250822682359671
UBFC_PHYS_s15_T1_test,85,72,87.4,0.16953609883785248,1.1616227837105757
UBFC_PHYS_s15_T1_test,85,73,87.43333333333334,0.33437761664390564,0.9832141523763085
UBFC_PHYS_s15_T1_test,85,74,87.46666666666667,0.4316873848438263,0.7201124560217594
UBFC_PHYS_s15_T1_test,85,75,87.5,0.5013819932937622,0.3817611595113975
UBFC_PHYS_s15_T1_test,85,76,87.53333333333333,0.594732940196991,-0.0134778126630721
UBFC_PHYS_s15_T1_test,85,77,87.56666666666666,0.7468096613883972,-0.43679482904104155
UBFC_PHYS_s15_T1_test,85,78,87.6,0.9424334168434143,-0.8495067998165806
UBFC_PHYS_s15_T1_test,85,79,87.63333333333334,1.1413787603378296,-1.2055167605405666
UBFC_PHYS_s15_T1_test,85,80,87.66666666666667,1.3209547996520996,-1.4562787494590703
UBFC_PHYS_s15_T1_test,85,81,87.7,1.4469804763793945,-1.55883119542063
UBFC_PHYS_s15_T1_test,85,82,87.73333333333333,1.4676436185836792,-1.4858416943447874
UBFC_PHYS_s15_T1_test,85,83,87.76666666666667,1.4022940397262573,-1.2347089446643291
UBFC_PHYS_s15_T1_test,85,84,87.8,1.3630341291427612,-0.8322128673339394
UBFC_PHYS_s15_T1_test,85,85,87.83333333333333,1.419249415397644,-0.3321652929744264
UBFC_PHYS_s15_T1_test,85,86,87.86666666666666,1.544888973236084,0.19453732291716713
UBFC_PHYS_s15_T1_test,85,87,87.9,1.677673578262329,0.675409208969304
UBFC_PHYS_s15_T1_test,85,88,87.93333333333334,1.7570239305496216,1.0526994337297204
UBFC_PHYS_s15_T1_test,85,89,87.96666666666667,1.7487393617630005,1.2947019378788587
UBFC_PHYS_s15_T1_test,85,90,88.0,1.6681724786758423,1.3978213810512392
UBFC_PHYS_s15_T1_test,85,91,88.03333333333333,1.5246120691299438,1.3790835683229696
UBFC_PHYS_s15_T1_test,85,92,88.06666666666666,1.2798023223876953,1.2631983996155973
UBFC_PHYS_s15_T1_test,85,93,88.1,0.9079047441482544,1.070739767690065
UBFC_PHYS_s15_T1_test,85,94,88.13333333333334,0.44808271527290344,0.8129311459363708
UBFC_PHYS_s15_T1_test,85,95,88.16666666666667,-0.041942257434129715,0.49454020860848896
UBFC_PHYS_s15_T1_test,85,96,88.2,-0.5308278799057007,0.12182754541528806
UBFC_PHYS_s15_T1_test,85,97,88.23333333333333,-0.9819018840789795,-0.28964605981848723
UBFC_PHYS_s15_T1_test,85,98,88.26666666666667,-1.3397407531738281,-0.7110551724618982
UBFC_PHYS_s15_T1_test,85,99,88.3,-1.6056771278381348,-1.1010666253573533
UBFC_PHYS_s15_T1_test,85,100,88.33333333333333,-1.822736382484436,-1.4107256676827309
UBFC_PHYS_s15_T1_test,85,101,88.36666666666666,-1.9825955629348755,-1.591623109071612
UBFC_PHYS_s15_T1_test,85,102,88.4,-2.0588366985321045,-1.6061208780073961
UBFC_PHYS_s15_T1_test,85,103,88.43333333333334,-2.0872244834899902,-1.4375208572996465
UBFC_PHYS_s15_T1_test,85,104,88.46666666666667,-2.1038708686828613,-1.0971710477393188
UBFC_PHYS_s15_T1_test,85,105,88.5,-2.0714664459228516,-0.6255990803193631
UBFC_PHYS_s15_T1_test,85,106,88.53333333333333,-1.965273380279541,-0.08635950144876922
UBFC_PHYS_s15_T1_test,85,107,88.56666666666666,-1.837799310684204,0.44638310871822257
UBFC_PHYS_s15_T1_test,85,108,88.6,-1.695590615272522,0.9034935313916347
UBFC_PHYS_s15_T1_test,85,109,88.63333333333334,-1.4605717658996582,1.2352770987448685
UBFC_PHYS_s15_T1_test,85,110,88.66666666666667,-1.080891728401184,1.4197957506875558
UBFC_PHYS_s15_T1_test,85,111,88.7,-0.6115878224372864,1.4619916425742419
UBFC_PHYS_s15_T1_test,85,112,88.73333333333333,-0.173066183924675,1.3845763122411299
UBFC_PHYS_s15_T1_test,85,113,88.76666666666667,0.14842882752418518,1.2154172090955888
UBFC_PHYS_s15_T1_test,85,114,88.8,0.3579953610897064,0.9770904017551715
UBFC_PHYS_s15_T1_test,85,115,88.83333333333333,0.49838870763778687,0.6825308304113943
UBFC_PHYS_s15_T1_test,85,116,88.86666666666666,0.5966640710830688,0.33780143636220755
UBFC_PHYS_s15_T1_test,85,117,88.9,0.6786020398139954,-0.05002445182883244
UBFC_PHYS_s15_T1_test,85,118,88.93333333333334,0.7630118727684021,-0.46411487296505616
UBFC_PHYS_s15_T1_test,85,119,88.96666666666667,0.8418213725090027,-0.8728289543701381
UBFC_PHYS_s15_T1_test,85,120,89.0,0.897071123123169,-1.2310015432343486
UBFC_PHYS_s15_T1_test,85,121,89.03333333333333,0.9235662221908569,-1.4873758999360946
UBFC_PHYS_s15_T1_test,85,122,89.06666666666666,0.914721667766571,-1.5958778896685468
UBFC_PHYS_s15_T1_test,85,123,89.1,0.8526936769485474,-1.527424433388608
UBFC_PHYS_s15_T1_test,85,124,89.13333333333334,0.7446660995483398,-1.2788717304316934
UBFC_PHYS_s15_T1_test,85,125,89.16666666666667,0.6041182279586792,-0.8764758543298016
UBFC_PHYS_s15_T1_test,85,126,89.2,0.39339303970336914,-0.3726983078288961
UBFC_PHYS_s15_T1_test,85,127,89.23333333333333,0.059152547270059586,0.16322176860983215
UBFC_PHYS_s15_T1_test,85,128,89.26666666666667,-0.35326018929481506,0.6591305066345693
UBFC_PHYS_s15_T1_test,85,129,89.3,-0.6896249055862427,1.054927048447124
UBFC_PHYS_s15_T1_test,85,130,89.33333333333333,-0.8418174982070923,1.3138707116579027
UBFC_PHYS_s15_T1_test,85,131,89.36666666666666,-0.8420878648757935,1.426004267712134
UBFC_PHYS_s15_T1_test,85,132,89.4,-0.7832462191581726,1.4029578088430292
UBFC_PHYS_s15_T1_test,85,133,89.43333333333334,-0.6969825029373169,1.2676035992869927
UBFC_PHYS_s15_T1_test,85,134,89.46666666666667,-0.5614749193191528,1.0439796378038493
UBFC_PHYS_s15_T1_test,85,135,89.5,-0.38761505484580994,0.7516281168331951
UBFC_PHYS_s15_T1_test,85,136,89.53333333333333,-0.22016650438308716,0.4052109807607095
UBFC_PHYS_s15_T1_test,85,137,89.56666666666666,-0.07094787061214447,0.017699921736998008
UBFC_PHYS_s15_T1_test,85,138,89.6,0.07649412006139755,-0.394790469931612
UBFC_PHYS_s15_T1_test,85,139,89.63333333333334,0.2130059003829956,-0.8079651801055164
UBFC_PHYS_s15_T1_test,85,140,89.66666666666667,0.30064070224761963,-1.1861173226496717
UBFC_PHYS_s15_T1_test,85,141,89.7,0.3210334777832031,-1.4832351370584849
UBFC_PHYS_s15_T1_test,85,142,89.73333333333333,0.2730255126953125,-1.649792164609355
UBFC_PHYS_s15_T1_test,85,143,89.76666666666667,0.1401635706424713,-1.6441194022106913
UBFC_PHYS_s15_T1_test,85,144,89.8,-0.04974403232336044,-1.4450476184700336
UBFC_PHYS_s15_T1_test,85,145,89.83333333333333,-0.20212972164154053,-1.0615818264971382
UBFC_PHYS_s15_T1_test,85,146,89.86666666666666,-0.2848980724811554,-0.5360234593450028
UBFC_PHYS_s15_T1_test,85,147,89.9,-0.3667008578777313,0.06132844737462399
UBFC_PHYS_s15_T1_test,85,148,89.93333333333334,-0.48590970039367676,0.6455790146595674
UBFC_PHYS_s15_T1_test,85,149,89.96666666666667,-0.5827174186706543,1.1357799163523024
UBFC_PHYS_s15_T1_test,85,150,90.0,-0.5672103762626648,1.473022742729417
UBFC_PHYS_s15_T1_test,85,151,90.03333333333333,-0.4161764979362488,1.6316568352672327
UBFC_PHYS_s15_T1_test,85,152,90.06666666666666,-0.2315795123577118,1.6195183029288118
UBFC_PHYS_s15_T1_test,85,153,90.1,-0.13189442455768585,1.467758443452317
UBFC_PHYS_s15_T1_test,85,154,90.13333333333334,-0.12577272951602936,1.2155938640304549
UBFC_PHYS_s15_T1_test,85,155,90.16666666666667,-0.15288583934307098,0.8972228830494772
UBFC_PHYS_s15_T1_test,85,156,90.2,-0.19370998442173004,0.5359754287700629
UBFC_PHYS_s15_T1_test,85,157,90.23333333333333,-0.2446918934583664,0.14628952750947846
UBFC_PHYS_s15_T1_test,85,158,90.26666666666667,-0.26597297191619873,-0.2596790373344061
UBFC_PHYS_s15_T1_test,85,159,90.3,-0.23356857895851135,-0.6652146536630906
UBFC_PHYS_s15_T1_test,85,160,90.33333333333333,-0.1778940111398697,-1.0449760320308723
UBFC_PHYS_s15_T1_test,85,161,90.36666666666666,-0.1346752643585205,-1.3646403589055784
UBFC_PHYS_s15_T1_test,85,162,90.4,-0.10727248340845108,-1.5841951091786377
UBFC_PHYS_s15_T1_test,85,163,90.43333333333334,-0.09398628771305084,-1.664578105511049
UBFC_PHYS_s15_T1_test,85,164,90.46666666666667,-0.12065523117780685,-1.5768058738169481
UBFC_PHYS_s15_T1_test,85,165,90.5,-0.18977047502994537,-1.3116447331175243
UBFC_PHYS_s15_T1_test,85,166,90.53333333333333,-0.2508136034011841,-0.8868339363934187
UBFC_PHYS_s15_T1_test,85,167,90.56666666666666,-0.27954885363578796,-0.34872640553556516
UBFC_PHYS_s15_T1_test,85,168,90.6,-0.3203536868095398,0.23349600990165031
UBFC_PHYS_s15_T1_test,85,169,90.63333333333334,-0.41976839303970337,0.7804993105274158
UBFC_PHYS_s15_T1_test,85,170,90.66666666666667,-0.5534027814865112,1.2192789119979068
UBFC_PHYS_s15_T1_test,85,171,90.7,-0.6121671795845032,1.4985911439069595
UBFC_PHYS_s15_T1_test,85,172,90.73333333333333,-0.5000842213630676,1.5983168085330048
UBFC_PHYS_s15_T1_test,85,173,90.76666666666667,-0.24726030230522156,1.52963212004568
UBFC_PHYS_s15_T1_test,85,174,90.8,0.007031272631138563,1.3263762483015413
UBFC_PHYS_s15_T1_test,85,175,90.83333333333333,0.17405495047569275,1.0315291422783566
UBFC_PHYS_s15_T1_test,85,176,90.86666666666666,0.2657258212566376,0.6844652486728745
UBFC_PHYS_s15_T1_test,85,177,90.9,0.3093308210372925,0.31376576707113185
UBFC_PHYS_s15_T1_test,85,178,90.93333333333334,0.30050554871559143,-0.06270292505061466
UBFC_PHYS_s15_T1_test,85,179,90.96666666666667,0.2597779333591461,-0.43226453412058835
UBFC_PHYS_s15_T1_test,85,180,91.0,0.24415507912635803,-0.7804054690023773
UBFC_PHYS_s15_T1_test,85,181,91.03333333333333,0.2708047032356262,-1.086121752264925
UBFC_PHYS_s15_T1_test,85,182,91.06666666666666,0.3065306842327118,-1.3216689942802613
UBFC_PHYS_s15_T1_test,85,183,91.1,0.3335472047328949,-1.456455528817885
UBFC_PHYS_s15_T1_test,85,184,91.13333333333334,0.34447744488716125,-1.4633774255965712
UBFC_PHYS_s15_T1_test,85,185,91.16666666666667,0.3151242136955261,-1.325632476326214
UBFC_PHYS_s15_T1_test,85,186,91.2,0.22955571115016937,-1.0425346591387883
UBFC_PHYS_s15_T1_test,85,187,91.23333333333333,0.11509747058153152,-0.6333463339176226
UBFC_PHYS_s15_T1_test,85,188,91.26666666666667,0.015817927196621895,-0.13819005024425246
UBFC_PHYS_s15_T1_test,85,189,91.3,-0.05379941314458847,0.38507514746575816
UBFC_PHYS_s15_T1_test,85,190,91.33333333333333,-0.12053936719894409,0.8688391438376234
UBFC_PHYS_s15_T1_test,85,191,91.36666666666666,-0.2167290896177292,1.247972421165724
UBFC_PHYS_s15_T1_test,85,192,91.4,-0.30662333965301514,1.473350308157562
UBFC_PHYS_s15_T1_test,85,193,91.43333333333334,-0.27945229411125183,1.5222447590475963
UBFC_PHYS_s15_T1_test,85,194,91.46666666666667,-0.08519963175058365,1.4020015211612458
UBFC_PHYS_s15_T1_test,85,195,91.5,0.17984835803508759,1.1459487512728364
UBFC_PHYS_s15_T1_test,85,196,91.53333333333333,0.3832932114601135,0.8031527738601543
UBFC_PHYS_s15_T1_test,85,197,91.56666666666666,0.48655086755752563,0.42544395048570544
UBFC_PHYS_s15_T1_test,85,198,91.6,0.5049738883972168,0.05571145296434016
UBFC_PHYS_s15_T1_test,85,199,91.63333333333334,0.4721832573413849,-0.27906946294502705
UBFC_PHYS_s15_T1_test,85,200,91.66666666666667,0.43755802512168884,-0.5680522485719819
UBFC_PHYS_s15_T1_test,85,201,91.7,0.4119319021701813,-0.8103095089175876
UBFC_PHYS_s15_T1_test,85,202,91.73333333333333,0.3627459406852722,-1.0053231756533152
UBFC_PHYS_s15_T1_test,85,203,91.76666666666667,0.303382933139801,-1.144953816899096
UBFC_PHYS_s15_T1_test,85,204,91.8,0.28638896346092224,-1.2109415296786912
UBFC_PHYS_s15_T1_test,85,205,91.83333333333333,0.29224029183387756,-1.1793122731748467
UBFC_PHYS_s15_T1_test,85,206,91.86666666666666,0.25707435607910156,-1.029906589006664
UBFC_PHYS_s15_T1_test,85,207,91.9,0.1682615578174591,-0.7571601112385409
UBFC_PHYS_s15_T1_test,85,208,91.93333333333334,0.06075539067387581,-0.37803966848264997
UBFC_PHYS_s15_T1_test,85,209,91.96666666666667,-0.037655141204595566,0.06583555173983069
UBFC_PHYS_s15_T1_test,85,210,92.0,-0.12488441169261932,0.5132636934009737
UBFC_PHYS_s15_T1_test,85,211,92.03333333333333,-0.2250329703092575,0.8953172804515874
UBFC_PHYS_s15_T1_test,85,212,92.06666666666666,-0.34991931915283203,1.151543143047254
UBFC_PHYS_s15_T1_test,85,213,92.1,-0.44496968388557434,1.2457739933857315
UBFC_PHYS_s15_T1_test,85,214,92.13333333333334,-0.39829421043395996,1.175327437297424
UBFC_PHYS_s15_T1_test,85,215,92.16666666666667,-0.17345240712165833,0.9691323741353894
UBFC_PHYS_s15_T1_test,85,216,92.2,0.10992202907800674,0.6758409053413141
UBFC_PHYS_s15_T1_test,85,217,92.23333333333333,0.3116481602191925,0.3480723549943759
UBFC_PHYS_s15_T1_test,85,218,92.26666666666667,0.41451960802078247,0.0295133050587531
UBFC_PHYS_s15_T1_test,85,219,92.3,0.45277535915374756,-0.2515380138047744
UBFC_PHYS_s15_T1_test,85,220,92.33333333333333,0.4266471266746521,-0.48228509407805914
UBFC_PHYS_s15_T1_test,85,221,92.36666666666666,0.370663583278656,-0.6613902207973834
UBFC_PHYS_s15_T1_test,85,222,92.4,0.37363752722740173,-0.7930170025840632
UBFC_PHYS_s15_T1_test,85,223,92.43333333333334,0.4672974944114685,-0.8805320762417134
UBFC_PHYS_s15_T1_test,85,224,92.46666666666667,0.5704585909843445,-0.9213889677721384
UBFC_PHYS_s15_T1_test,85,225,92.5,0.5934970378875732,-0.9050385764313859
UBFC_PHYS_s15_T1_test,85,226,92.53333333333333,0.5240148305892944,-0.8154030932938605
UBFC_PHYS_s15_T1_test,85,227,92.56666666666666,0.3803772032260895,-0.6379559923869662
UBFC_PHYS_s15_T1_test,85,228,92.6,0.18315058946609497,-0.36914642553533494
UBFC_PHYS_s15_T1_test,85,229,92.63333333333334,0.006625734735280275,-0.02422605811257659
UBFC_PHYS_s15_T1_test,85,230,92.66666666666667,-0.08375128358602524,0.3602995308048092
UBFC_PHYS_s15_T1_test,85,231,92.7,-0.10536065697669983,0.7315912663648679
UBFC_PHYS_s15_T1_test,85,232,92.73333333333333,-0.11679296940565109,1.032227855208759
UBFC_PHYS_s15_T1_test,85,233,92.76666666666667,-0.17613668739795685,1.2154849386823359
UBFC_PHYS_s15_T1_test,85,234,92.8,-0.29891809821128845,1.2585997383451957
UBFC_PHYS_s15_T1_test,85,235,92.83333333333333,-0.396015465259552,1.1681769575194707
UBFC_PHYS_s15_T1_test,85,236,92.86666666666666,-0.36167994141578674,0.9745755428042518
UBFC_PHYS_s15_T1_test,85,237,92.9,-0.20471744239330292,0.7173999355303535
UBFC_PHYS_s15_T1_test,85,238,92.93333333333334,-0.004729326348751783,0.4296756587521103
UBFC_PHYS_s15_T1_test,85,239,92.96666666666667,0.18170224130153656,0.1296379513600536
UBFC_PHYS_s15_T1_test,86,0,86.0,0.2259058654308319,-0.07170283344790387
UBFC_PHYS_s15_T1_test,86,1,86.03333333333333,0.4065247178077698,0.40850170933572677
UBFC_PHYS_s15_T1_test,86,2,86.06666666666666,0.5559557676315308,0.8025767452419462
UBFC_PHYS_s15_T1_test,86,3,86.1,0.6777330040931702,1.043328678062138
UBFC_PHYS_s15_T1_test,86,4,86.13333333333334,0.7060241103172302,1.0999690554393984
UBFC_PHYS_s15_T1_test,86,5,86.16666666666667,0.6849361658096313,0.9829790839685374
UBFC_PHYS_s15_T1_test,86,6,86.2,0.7363622188568115,0.7365815142149009
UBFC_PHYS_s15_T1_test,86,7,86.23333333333333,0.8447953462600708,0.4226506115779149
UBFC_PHYS_s15_T1_test,86,8,86.26666666666667,0.8804054260253906,0.10334805864746656
UBFC_PHYS_s15_T1_test,86,9,86.3,0.774135172367096,-0.17113757640996055
UBFC_PHYS_s15_T1_test,86,10,86.33333333333333,0.5322800874710083,-0.3677745245164167
UBFC_PHYS_s15_T1_test,86,11,86.36666666666666,0.247148334980011,-0.47102157403449046
UBFC_PHYS_s15_T1_test,86,12,86.4,0.10551904886960983,-0.4813986142070304
UBFC_PHYS_s15_T1_test,86,13,86.43333333333334,0.2206338793039322,-0.4134237503265685
UBFC_PHYS_s15_T1_test,86,14,86.46666666666667,0.5016137361526489,-0.2918940863803968
UBFC_PHYS_s15_T1_test,86,15,86.5,0.7461530566215515,-0.14548489160665323
UBFC_PHYS_s15_T1_test,86,16,86.53333333333333,0.8224135041236877,0.0009371218594430072
UBFC_PHYS_s15_T1_test,86,17,86.56666666666666,0.7938327193260193,0.13177109884716176
UBFC_PHYS_s15_T1_test,86,18,86.6,0.8070417046546936,0.241182056719099
UBFC_PHYS_s15_T1_test,86,19,86.63333333333334,0.9169811010360718,0.32900377341647963
UBFC_PHYS_s15_T1_test,86,20,86.66666666666667,1.0572586059570312,0.3952528381384432
UBFC_PHYS_s15_T1_test,86,21,86.7,1.114786982536316,0.4366488830977476
UBFC_PHYS_s15_T1_test,86,22,86.73333333333333,0.9989963173866272,0.44592996765147747
UBFC_PHYS_s15_T1_test,86,23,86.76666666666667,0.7244664430618286,0.4127576944641229
UBFC_PHYS_s15_T1_test,86,24,86.8,0.3754914104938507,0.32598818657295353
UBFC_PHYS_s15_T1_test,86,25,86.83333333333333,-0.0489908903837204,0.1782830744776121
UBFC_PHYS_s15_T1_test,86,26,86.86666666666666,-0.5601231455802917,-0.027530035951620714
UBFC_PHYS_s15_T1_test,86,27,86.9,-1.045687198638916,-0.2734675056092525
UBFC_PHYS_s15_T1_test,86,28,86.93333333333334,-1.3797152042388916,-0.5262534313516919
UBFC_PHYS_s15_T1_test,86,29,86.96666666666667,-1.5417759418487549,-0.7433105199458029
UBFC_PHYS_s15_T1_test,86,30,87.0,-1.5685993432998657,-0.8829798050382486
UBFC_PHYS_s15_T1_test,86,31,87.03333333333333,-1.5157055854797363,-0.9150776863826219
UBFC_PHYS_s15_T1_test,86,32,87.06666666666666,-1.4401403665542603,-0.8282698154462319
UBFC_PHYS_s15_T1_test,86,33,87.1,-1.3493192195892334,-0.632602253782665
UBFC_PHYS_s15_T1_test,86,34,87.13333333333334,-1.2480698823928833,-0.3572602332755325
UBFC_PHYS_s15_T1_test,86,35,87.16666666666667,-1.1927043199539185,-0.044394937228843245
UBFC_PHYS_s15_T1_test,86,36,87.2,-1.232176661491394,0.26003770882135807
UBFC_PHYS_s15_T1_test,86,37,87.23333333333333,-1.302701711654663,0.5167960027951175
UBFC_PHYS_s15_T1_test,86,38,87.26666666666667,-1.2311532497406006,0.70194756988658
UBFC_PHYS_s15_T1_test,86,39,87.3,-0.9249527454376221,0.8095444542365041
UBFC_PHYS_s15_T1_test,86,40,87.33333333333333,-0.49237900972366333,0.8465378522817506
UBFC_PHYS_s15_T1_test,86,41,87.36666666666666,-0.10169150680303574,0.8227002263745824
UBFC_PHYS_s15_T1_test,86,42,87.4,0.16953609883785248,0.7424272401664694
UBFC_PHYS_s15_T1_test,86,43,87.43333333333334,0.33437761664390564,0.6042975818665419
UBFC_PHYS_s15_T1_test,86,44,87.46666666666667,0.4316873848438263,0.40742298392941634
UBFC_PHYS_s15_T1_test,86,45,87.5,0.5013819932937622,0.15801729900760744
UBFC_PHYS_s15_T1_test,86,46,87.53333333333333,0.594732940196991,-0.1286835554858508
UBFC_PHYS_s15_T1_test,86,47,87.56666666666666,0.7468096613883972,-0.430436989961481
UBFC_PHYS_s15_T1_test,86,48,87.6,0.9424334168434143,-0.7202703516104697
UBFC_PHYS_s15_T1_test,86,49,87.63333333333334,1.1413787603378296,-0.9669543048514639
UBFC_PHYS_s15_T1_test,86,50,87.66666666666667,1.3209547996520996,-1.1355094577053764
UBFC_PHYS_s15_T1_test,86,51,87.7,1.4469804763793945,-1.1913478385020735
UBFC_PHYS_s15_T1_test,86,52,87.73333333333333,1.4676436185836792,-1.1089186142450016
UBFC_PHYS_s15_T1_test,86,53,87.76666666666667,1.4022940397262573,-0.8815477926762701
UBFC_PHYS_s15_T1_test,86,54,87.8,1.3630341291427612,-0.5276614851810314
UBFC_PHYS_s15_T1_test,86,55,87.83333333333333,1.419249415397644,-0.09021160878785059
UBFC_PHYS_s15_T1_test,86,56,87.86666666666666,1.544888973236084,0.3709177879714956
UBFC_PHYS_s15_T1_test,86,57,87.9,1.677673578262329,0.7912303708942949
UBFC_PHYS_s15_T1_test,86,58,87.93333333333334,1.7570239305496216,1.1152017025208767
UBFC_PHYS_s15_T1_test,86,59,87.96666666666667,1.7487393617630005,1.307443617207278
UBFC_PHYS_s15_T1_test,86,60,88.0,1.6681724786758423,1.3580459874098632
UBFC_PHYS_s15_T1_test,86,61,88.03333333333333,1.5246120691299438,1.2801592882169446
UBFC_PHYS_s15_T1_test,86,62,88.06666666666666,1.2798023223876953,1.1008961858800985
UBFC_PHYS_s15_T1_test,86,63,88.1,0.9079047441482544,0.8498273756157726
UBFC_PHYS_s15_T1_test,86,64,88.13333333333334,0.44808271527290344,0.5506426636553327
UBFC_PHYS_s15_T1_test,86,65,88.16666666666667,-0.041942257434129715,0.21952173320815505
UBFC_PHYS_s15_T1_test,86,66,88.2,-0.5308278799057007,-0.1307901193355717
UBFC_PHYS_s15_T1_test,86,67,88.23333333333333,-0.9819018840789795,-0.4855073712412768
UBFC_PHYS_s15_T1_test,86,68,88.26666666666667,-1.3397407531738281,-0.8245360550257844
UBFC_PHYS_s15_T1_test,86,69,88.3,-1.6056771278381348,-1.1221558766039552
UBFC_PHYS_s15_T1_test,86,70,88.33333333333333,-1.822736382484436,-1.3486290737221223
UBFC_PHYS_s15_T1_test,86,71,88.36666666666666,-1.9825955629348755,-1.4730119307597167
UBFC_PHYS_s15_T1_test,86,72,88.4,-2.0588366985321045,-1.4677029918839566
UBFC_PHYS_s15_T1_test,86,73,88.43333333333334,-2.0872244834899902,-1.3153737548197755
UBFC_PHYS_s15_T1_test,86,74,88.46666666666667,-2.1038708686828613,-1.0169447112917505
UBFC_PHYS_s15_T1_test,86,75,88.5,-2.0714664459228516,-0.5970599296172486
UBFC_PHYS_s15_T1_test,86,76,88.53333333333333,-1.965273380279541,-0.10344202260857621
UBFC_PHYS_s15_T1_test,86,77,88.56666666666666,-1.837799310684204,0.4011280029072903
UBFC_PHYS_s15_T1_test,86,78,88.6,-1.695590615272522,0.8520299674042967
UBFC_PHYS_s15_T1_test,86,79,88.63333333333334,-1.4605717658996582,1.196550485152718
UBFC_PHYS_s15_T1_test,86,80,88.66666666666667,-1.080891728401184,1.4033666874890653
UBFC_PHYS_s15_T1_test,86,81,88.7,-0.6115878224372864,1.465116098217712
UBFC_PHYS_s15_T1_test,86,82,88.73333333333333,-0.173066183924675,1.3944571963103656
UBFC_PHYS_s15_T1_test,86,83,88.76666666666667,0.14842882752418518,1.2162002793014426
UBFC_PHYS_s15_T1_test,86,84,88.8,0.3579953610897064,0.9584989725263109
UBFC_PHYS_s15_T1_test,86,85,88.83333333333333,0.49838870763778687,0.6457590365258323
UBFC_PHYS_s15_T1_test,86,86,88.86666666666666,0.5966640710830688,0.2957153779344186
UBFC_PHYS_s15_T1_test,86,87,88.9,0.6786020398139954,-0.07810633686298042
UBFC_PHYS_s15_T1_test,86,88,88.93333333333334,0.7630118727684021,-0.46023738736224334
UBFC_PHYS_s15_T1_test,86,89,88.96666666666667,0.8418213725090027,-0.8274537796215493
UBFC_PHYS_s15_T1_test,86,90,89.0,0.897071123123169,-1.1469017793129168
UBFC_PHYS_s15_T1_test,86,91,89.03333333333333,0.9235662221908569,-1.3793999281867946
UBFC_PHYS_s15_T1_test,86,92,89.06666666666666,0.914721667766571,-1.4868819460238425
UBFC_PHYS_s15_T1_test,86,93,89.1,0.8526936769485474,-1.4416541875513282
UBFC_PHYS_s15_T1_test,86,94,89.13333333333334,0.7446660995483398,-1.23482544433029
UBFC_PHYS_s15_T1_test,86,95,89.16666666666667,0.6041182279586792,-0.881587362375291
UBFC_PHYS_s15_T1_test,86,96,89.2,0.39339303970336914,-0.42163079993860253
UBFC_PHYS_s15_T1_test,86,97,89.23333333333333,0.059152547270059586,0.08623867665324643
UBFC_PHYS_s15_T1_test,86,98,89.26666666666667,-0.35326018929481506,0.5750279763124677
UBFC_PHYS_s15_T1_test,86,99,89.3,-0.6896249055862427,0.9836376177976548
UBFC_PHYS_s15_T1_test,86,100,89.33333333333333,-0.8418174982070923,1.2692478861700438
UBFC_PHYS_s15_T1_test,86,101,89.36666666666666,-0.8420878648757935,1.412995654252257
UBFC_PHYS_s15_T1_test,86,102,89.4,-0.7832462191581726,1.4174510372469358
UBFC_PHYS_s15_T1_test,86,103,89.43333333333334,-0.6969825029373169,1.2989219139222485
UBFC_PHYS_s15_T1_test,86,104,89.46666666666667,-0.5614749193191528,1.0795353831223988
UBFC_PHYS_s15_T1_test,86,105,89.5,-0.38761505484580994,0.7824300993830501
UBFC_PHYS_s15_T1_test,86,106,89.53333333333333,-0.22016650438308716,0.4299857099417805
UBFC_PHYS_s15_T1_test,86,107,89.56666666666666,-0.07094787061214447,0.04323295470378794
UBFC_PHYS_s15_T1_test,86,108,89.6,0.07649412006139755,-0.3579964622925614
UBFC_PHYS_s15_T1_test,86,109,89.63333333333334,0.2130059003829956,-0.7529861223755152
UBFC_PHYS_s15_T1_test,86,110,89.66666666666667,0.30064070224761963,-1.1161042679333386
UBFC_PHYS_s15_T1_test,86,111,89.7,0.3210334777832031,-1.413401764699582
UBFC_PHYS_s15_T1_test,86,112,89.73333333333333,0.2730255126953125,-1.6034177651349864
UBFC_PHYS_s15_T1_test,86,113,89.76666666666667,0.1401635706424713,-1.6441706859219216
UBFC_PHYS_s15_T1_test,86,114,89.8,-0.04974403232336044,-1.5050259664383963
UBFC_PHYS_s15_T1_test,86,115,89.83333333333333,-0.20212972164154053,-1.179246524658521
UBFC_PHYS_s15_T1_test,86,116,89.86666666666666,-0.2848980724811554,-0.6922495370357015
UBFC_PHYS_s15_T1_test,86,117,89.9,-0.3667008578777313,-0.10184080056292749
UBFC_PHYS_s15_T1_test,86,118,89.93333333333334,-0.48590970039367676,0.5109122952379328
UBFC_PHYS_s15_T1_test,86,119,89.96666666666667,-0.5827174186706543,1.0585183394083673
UBFC_PHYS_s15_T1_test,86,120,90.0,-0.5672103762626648,1.4669685375826373
UBFC_PHYS_s15_T1_test,86,121,90.03333333333333,-0.4161764979362488,1.6921754657423795
UBFC_PHYS_s15_T1_test,86,122,90.06666666666666,-0.2315795123577118,1.7268361657061164
UBFC_PHYS_s15_T1_test,86,123,90.1,-0.13189442455768585,1.5951575635258322
UBFC_PHYS_s15_T1_test,86,124,90.13333333333334,-0.12577272951602936,1.3385530315921272
UBFC_PHYS_s15_T1_test,86,125,90.16666666666667,-0.15288583934307098,0.9996879817818841
UBFC_PHYS_s15_T1_test,86,126,90.2,-0.19370998442173004,0.6120912713350636
UBFC_PHYS_s15_T1_test,86,127,90.23333333333333,-0.2446918934583664,0.1983560499015194
UBFC_PHYS_s15_T1_test,86,128,90.26666666666667,-0.26597297191619873,-0.2253026257029236
UBFC_PHYS_s15_T1_test,86,129,90.3,-0.23356857895851135,-0.6429146143504019
UBFC_PHYS_s15_T1_test,86,130,90.33333333333333,-0.1778940111398697,-1.0342261415943725
UBFC_PHYS_s15_T1_test,86,131,90.36666666666666,-0.1346752643585205,-1.3722769440955003
UBFC_PHYS_s15_T1_test,86,132,90.4,-0.10727248340845108,-1.6231290424547453
UBFC_PHYS_s15_T1_test,86,133,90.43333333333334,-0.09398628771305084,-1.7488152386590354
UBFC_PHYS_s15_T1_test,86,134,90.46666666666667,-0.12065523117780685,-1.714654378994821
UBFC_PHYS_s15_T1_test,86,135,90.5,-0.18977047502994537,-1.5002320635212054
UBFC_PHYS_s15_T1_test,86,136,90.53333333333333,-0.2508136034011841,-1.1104273591702776
UBFC_PHYS_s15_T1_test,86,137,90.56666666666666,-0.27954885363578796,-0.5812087268070913
UBFC_PHYS_s15_T1_test,86,138,90.6,-0.3203536868095398,0.023654668282064684
UBFC_PHYS_s15_T1_test,86,139,90.63333333333334,-0.41976839303970337,0.6248693194777014
UBFC_PHYS_s15_T1_test,86,140,90.66666666666667,-0.5534027814865112,1.144582897758858
UBFC_PHYS_s15_T1_test,86,141,90.7,-0.6121671795845032,1.5220057547489816
UBFC_PHYS_s15_T1_test,86,142,90.73333333333333,-0.5000842213630676,1.7233637558601105
UBFC_PHYS_s15_T1_test,86,143,90.76666666666667,-0.24726030230522156,1.744709354714488
UBFC_PHYS_s15_T1_test,86,144,90.8,0.007031272631138563,1.607759443927694
UBFC_PHYS_s15_T1_test,86,145,90.83333333333333,0.17405495047569275,1.350065481362649
UBFC_PHYS_s15_T1_test,86,146,90.86666666666666,0.2657258212566376,1.0126531273686397
UBFC_PHYS_s15_T1_test,86,147,90.9,0.3093308210372925,0.6297142425411613
UBFC_PHYS_s15_T1_test,86,148,90.93333333333334,0.30050554871559143,0.22431493105531294
UBFC_PHYS_s15_T1_test,86,149,90.96666666666667,0.2597779333591461,-0.1888222984072364
UBFC_PHYS_s15_T1_test,86,150,91.0,0.24415507912635803,-0.5961761064412763
UBFC_PHYS_s15_T1_test,86,151,91.03333333333333,0.2708047032356262,-0.9786442053673957
UBFC_PHYS_s15_T1_test,86,152,91.06666666666666,0.3065306842327118,-1.3086396864261953
UBFC_PHYS_s15_T1_test,86,153,91.1,0.3335472047328949,-1.5518787860923
UBFC_PHYS_s15_T1_test,86,154,91.13333333333334,0.34447744488716125,-1.67285478095981
UBFC_PHYS_s15_T1_test,86,155,91.16666666666667,0.3151242136955261,-1.6424752397302278
UBFC_PHYS_s15_T1_test,86,156,91.2,0.22955571115016937,-1.4463261116732264
UBFC_PHYS_s15_T1_test,86,157,91.23333333333333,0.11509747058153152,-1.0917751032006895
UBFC_PHYS_s15_T1_test,86,158,91.26666666666667,0.015817927196621895,-0.6115560123013206
UBFC_PHYS_s15_T1_test,86,159,91.3,-0.05379941314458847,-0.0614304812926571
UBFC_PHYS_s15_T1_test,86,160,91.33333333333333,-0.12053936719894409,0.4890664141141622
UBFC_PHYS_s15_T1_test,86,161,91.36666666666666,-0.2167290896177292,0.9708652837616516
UBFC_PHYS_s15_T1_test,86,162,91.4,-0.30662333965301514,1.3295958671906425
UBFC_PHYS_s15_T1_test,86,163,91.43333333333334,-0.27945229411125183,1.5344207644931425
UBFC_PHYS_s15_T1_test,86,164,91.46666666666667,-0.08519963175058365,1.579401014823007
UBFC_PHYS_s15_T1_test,86,165,91.5,0.17984835803508759,1.4792260983351457
UBFC_PHYS_s15_T1_test,86,166,91.53333333333333,0.3832932114601135,1.2622815411380814
UBFC_PHYS_s15_T1_test,86,167,91.56666666666666,0.48655086755752563,0.9629613827740218
UBFC_PHYS_s15_T1_test,86,168,91.6,0.5049738883972168,0.6141808317433913
UBFC_PHYS_s15_T1_test,86,169,91.63333333333334,0.4721832573413849,0.24147471177082308
UBFC_PHYS_s15_T1_test,86,170,91.66666666666667,0.43755802512168884,-0.1387840792683866
UBFC_PHYS_s15_T1_test,86,171,91.7,0.4119319021701813,-0.5152329584143539
UBFC_PHYS_s15_T1_test,86,172,91.73333333333333,0.3627459406852722,-0.8732930992097586
UBFC_PHYS_s15_T1_test,86,173,91.76666666666667,0.303382933139801,-1.1880832284536509
UBFC_PHYS_s15_T1_test,86,174,91.8,0.28638896346092224,-1.4233108479753835
UBFC_PHYS_s15_T1_test,86,175,91.83333333333333,0.29224029183387756,-1.5375988654856847
UBFC_PHYS_s15_T1_test,86,176,91.86666666666666,0.25707435607910156,-1.496050874080297
UBFC_PHYS_s15_T1_test,86,177,91.9,0.1682615578174591,-1.2827544148477328
UBFC_PHYS_s15_T1_test,86,178,91.93333333333334,0.06075539067387581,-0.9098459668907867
UBFC_PHYS_s15_T1_test,86,179,91.96666666666667,-0.037655141204595566,-0.4199364100248365
UBFC_PHYS_s15_T1_test,86,180,92.0,-0.12488441169261932,0.11972996381491305
UBFC_PHYS_s15_T1_test,86,181,92.03333333333333,-0.2250329703092575,0.6308905772063756
UBFC_PHYS_s15_T1_test,86,182,92.06666666666666,-0.34991931915283203,1.0423414092046923
UBFC_PHYS_s15_T1_test,86,183,92.1,-0.44496968388557434,1.306530986053831
UBFC_PHYS_s15_T1_test,86,184,92.13333333333334,-0.39829421043395996,1.408031088185599
UBFC_PHYS_s15_T1_test,86,185,92.16666666666667,-0.17345240712165833,1.3604138685397313
UBFC_PHYS_s15_T1_test,86,186,92.2,0.10992202907800674,1.1944404801337445
UBFC_PHYS_s15_T1_test,86,187,92.23333333333333,0.3116481602191925,0.9449662421691097
UBFC_PHYS_s15_T1_test,86,188,92.26666666666667,0.41451960802078247,0.6426335293560049
UBFC_PHYS_s15_T1_test,86,189,92.3,0.45277535915374756,0.3115734380981461
UBFC_PHYS_s15_T1_test,86,190,92.33333333333333,0.4266471266746521,-0.029360305795356544
UBFC_PHYS_s15_T1_test,86,191,92.36666666666666,0.370663583278656,-0.36460646050471435
UBFC_PHYS_s15_T1_test,86,192,92.4,0.37363752722740173,-0.6797174730586611
UBFC_PHYS_s15_T1_test,86,193,92.43333333333334,0.4672974944114685,-0.9581482596416071
UBFC_PHYS_s15_T1_test,86,194,92.46666666666667,0.5704585909843445,-1.1777296334771257
UBFC_PHYS_s15_T1_test,86,195,92.5,0.5934970378875732,-1.3097808566393914
UBFC_PHYS_s15_T1_test,86,196,92.53333333333333,0.5240148305892944,-1.3235701767945227
UBFC_PHYS_s15_T1_test,86,197,92.56666666666666,0.3803772032260895,-1.1959473789016224
UBFC_PHYS_s15_T1_test,86,198,92.6,0.18315058946609497,-0.9224709980689034
UBFC_PHYS_s15_T1_test,86,199,92.63333333333334,0.006625734735280275,-0.5247349261519151
UBFC_PHYS_s15_T1_test,86,200,92.66666666666667,-0.08375128358602524,-0.050108842398522466
UBFC_PHYS_s15_T1_test,86,201,92.7,-0.10536065697669983,0.43654699727665536
UBFC_PHYS_s15_T1_test,86,202,92.73333333333333,-0.11679296940565109,0.8666223403640201
UBFC_PHYS_s15_T1_test,86,203,92.76666666666667,-0.17613668739795685,1.18284914334692
UBFC_PHYS_s15_T1_test,86,204,92.8,-0.29891809821128845,1.3515863465917695
UBFC_PHYS_s15_T1_test,86,205,92.83333333333333,-0.396015465259552,1.3687575952900601
UBFC_PHYS_s15_T1_test,86,206,92.86666666666666,-0.36167994141578674,1.2569594909062611
UBFC_PHYS_s15_T1_test,86,207,92.9,-0.20471744239330292,1.0540627461216179
UBFC_PHYS_s15_T1_test,86,208,92.93333333333334,-0.004729326348751783,0.7981644150999342
UBFC_PHYS_s15_T1_test,86,209,92.96666666666667,0.18170224130153656,0.5163108624511038
UBFC_PHYS_s15_T1_test,86,210,93.0,0.3090411424636841,0.2219737465790146
UBFC_PHYS_s15_T1_test,86,211,93.03333333333333,0.3387998938560486,-0.07928360809493487
UBFC_PHYS_s15_T1_test,86,212,93.06666666666666,0.2873545289039612,-0.3810323709439246
UBFC_PHYS_s15_T1_test,86,213,93.1,0.181296706199646,-0.6698214871220233
UBFC_PHYS_s15_T1_test,86,214,93.13333333333334,0.03976397588849068,-0.9241609979048514
UBFC_PHYS_s15_T1_test,86,215,93.16666666666667,-0.10518685728311539,-1.1175494044966363
UBFC_PHYS_s15_T1_test,86,216,93.2,-0.2242991328239441,-1.2234740326898403
UBFC_PHYS_s15_T1_test,86,217,93.23333333333333,-0.3184804916381836,-1.2211706130878839
UBFC_PHYS_s15_T1_test,86,218,93.26666666666667,-0.41326048970222473,-1.1014222554682265
UBFC_PHYS_s15_T1_test,86,219,93.3,-0.5458327531814575,-0.8712527855354772
UBFC_PHYS_s15_T1_test,86,220,93.33333333333333,-0.7283634543418884,-0.5557571875879411
UBFC_PHYS_s15_T1_test,86,221,93.36666666666666,-0.9096968173980713,-0.1955886306764281
UBFC_PHYS_s15_T1_test,86,222,93.4,-1.0055968761444092,0.15984170791539795
UBFC_PHYS_s15_T1_test,86,223,93.43333333333334,-0.9821529388427734,0.4617080353026634
UBFC_PHYS_s15_T1_test,86,224,93.46666666666667,-0.8866004943847656,0.6712736785243066
UBFC_PHYS_s15_T1_test,86,225,93.5,-0.7447780966758728,0.7674502593624172
UBFC_PHYS_s15_T1_test,86,226,93.53333333333333,-0.48310956358909607,0.7507871233198185
UBFC_PHYS_s15_T1_test,86,227,93.56666666666666,-0.07732061296701431,0.6425998106616991
UBFC_PHYS_s15_T1_test,86,228,93.6,0.363151490688324,0.47847052112136607
UBFC_PHYS_s15_T1_test,86,229,93.63333333333334,0.7264168858528137,0.29704685644994633
UBFC_PHYS_s15_T1_test,86,230,93.66666666666667,0.9818478226661682,0.12794472724846476
UBFC_PHYS_s15_T1_test,86,231,93.7,1.101056694984436,-0.01553628940214593
UBFC_PHYS_s15_T1_test,86,232,93.73333333333333,1.0805480480194092,-0.13460474969860453
UBFC_PHYS_s15_T1_test,86,233,93.76666666666667,1.0668948888778687,-0.2348857131325228
UBFC_PHYS_s15_T1_test,86,234,93.8,1.2343627214431763,-0.31493567003596856
UBFC_PHYS_s15_T1_test,86,235,93.83333333333333,1.5108816623687744,-0.3618642865945256
UBFC_PHYS_s15_T1_test,86,236,93.86666666666666,1.6122275590896606,-0.35714093249747636
UBFC_PHYS_s15_T1_test,86,237,93.9,1.2789719104766846,-0.2881892397788049
UBFC_PHYS_s15_T1_test,86,238,93.93333333333334,0.489408940076828,-0.15816871548829878
UBFC_PHYS_s15_T1_test,86,239,93.96666666666667,-0.4480594992637634,0.011611711802420596
UBFC_PHYS_s15_T1_test,87,0,87.0,-1.5685993432998657,0.09661815356176288
UBFC_PHYS_s15_T1_test,87,1,87.03333333333333,-1.5157055854797363,0.5197925530406159
UBFC_PHYS_s15_T1_test,87,2,87.06666666666666,-1.4401403665542603,0.9019817975244705
UBFC_PHYS_s15_T1_test,87,3,87.1,-1.3493192195892334,1.20760750188094
UBFC_PHYS_s15_T1_test,87,4,87.13333333333334,-1.2480698823928833,1.4097442567462963
UBFC_PHYS_s15_T1_test,87,5,87.16666666666667,-1.1927043199539185,1.4943990326567698
UBFC_PHYS_s15_T1_test,87,6,87.2,-1.232176661491394,1.463033569231628
UBFC_PHYS_s15_T1_test,87,7,87.23333333333333,-1.302701711654663,1.3329004738386934
UBFC_PHYS_s15_T1_test,87,8,87.26666666666667,-1.2311532497406006,1.1344940219436197
UBFC_PHYS_s15_T1_test,87,9,87.3,-0.9249527454376221,0.9050331458563492
UBFC_PHYS_s15_T1_test,87,10,87.33333333333333,-0.49237900972366333,0.6782114366121696
UBFC_PHYS_s15_T1_test,87,11,87.36666666666666,-0.10169150680303574,0.4734984806597864
UBFC_PHYS_s15_T1_test,87,12,87.4,0.16953609883785248,0.2908620982299473
UBFC_PHYS_s15_T1_test,87,13,87.43333333333334,0.33437761664390564,0.11503904232493106
UBFC_PHYS_s15_T1_test,87,14,87.46666666666667,0.4316873848438263,-0.07310918537371479
UBFC_PHYS_s15_T1_test,87,15,87.5,0.5013819932937622,-0.2855287502133486
UBFC_PHYS_s15_T1_test,87,16,87.53333333333333,0.594732940196991,-0.5214349592960378
UBFC_PHYS_s15_T1_test,87,17,87.56666666666666,0.7468096613883972,-0.766960320463933
UBFC_PHYS_s15_T1_test,87,18,87.6,0.9424334168434143,-0.9968270929710591
UBFC_PHYS_s15_T1_test,87,19,87.63333333333334,1.1413787603378296,-1.17632321300747
UBFC_PHYS_s15_T1_test,87,20,87.66666666666667,1.3209547996520996,-1.265128004300867
UBFC_PHYS_s15_T1_test,87,21,87.7,1.4469804763793945,-1.2256812812711222
UBFC_PHYS_s15_T1_test,87,22,87.73333333333333,1.4676436185836792,-1.035859127186733
UBFC_PHYS_s15_T1_test,87,23,87.76666666666667,1.4022940397262573,-0.7014160112964901
UBFC_PHYS_s15_T1_test,87,24,87.8,1.3630341291427612,-0.2618970449922667
UBFC_PHYS_s15_T1_test,87,25,87.83333333333333,1.419249415397644,0.21429764099172355
UBFC_PHYS_s15_T1_test,87,26,87.86666666666666,1.544888973236084,0.6455271038094125
UBFC_PHYS_s15_T1_test,87,27,87.9,1.677673578262329,0.9584853239634795
UBFC_PHYS_s15_T1_test,87,28,87.93333333333334,1.7570239305496216,1.1085296679606862
UBFC_PHYS_s15_T1_test,87,29,87.96666666666667,1.7487393617630005,1.091525752156752
UBFC_PHYS_s15_T1_test,87,30,88.0,1.6681724786758423,0.9421810346467783
UBFC_PHYS_s15_T1_test,87,31,88.03333333333333,1.5246120691299438,0.7185392984820894
UBFC_PHYS_s15_T1_test,87,32,88.06666666666666,1.2798023223876953,0.47857207336427066
UBFC_PHYS_s15_T1_test,87,33,88.1,0.9079047441482544,0.25920214110628015
UBFC_PHYS_s15_T1_test,87,34,88.13333333333334,0.44808271527290344,0.0673435991825106
UBFC_PHYS_s15_T1_test,87,35,88.16666666666667,-0.041942257434129715,-0.11370842550807646
UBFC_PHYS_s15_T1_test,87,36,88.2,-0.5308278799057007,-0.30773846355051726
UBFC_PHYS_s15_T1_test,87,37,88.23333333333333,-0.9819018840789795,-0.5287920910011109
UBFC_PHYS_s15_T1_test,87,38,88.26666666666667,-1.3397407531738281,-0.7713547059423921
UBFC_PHYS_s15_T1_test,87,39,88.3,-1.6056771278381348,-1.0089258630286524
UBFC_PHYS_s15_T1_test,87,40,88.33333333333333,-1.822736382484436,-1.1988582367781635
UBFC_PHYS_s15_T1_test,87,41,88.36666666666666,-1.9825955629348755,-1.2912111802959094
UBFC_PHYS_s15_T1_test,87,42,88.4,-2.0588366985321045,-1.2405709051798195
UBFC_PHYS_s15_T1_test,87,43,88.43333333333334,-2.0872244834899902,-1.019807782760938
UBFC_PHYS_s15_T1_test,87,44,88.46666666666667,-2.1038708686828613,-0.6327125184402419
UBFC_PHYS_s15_T1_test,87,45,88.5,-2.0714664459228516,-0.1204565797954121
UBFC_PHYS_s15_T1_test,87,46,88.53333333333333,-1.965273380279541,0.44255729548888867
UBFC_PHYS_s15_T1_test,87,47,88.56666666666666,-1.837799310684204,0.9642878318564119
UBFC_PHYS_s15_T1_test,87,48,88.6,-1.695590615272522,1.3579743473807058
UBFC_PHYS_s15_T1_test,87,49,88.63333333333334,-1.4605717658996582,1.5646354322302818
UBFC_PHYS_s15_T1_test,87,50,88.66666666666667,-1.080891728401184,1.5671699155081285
UBFC_PHYS_s15_T1_test,87,51,88.7,-0.6115878224372864,1.391268109938837
UBFC_PHYS_s15_T1_test,87,52,88.73333333333333,-0.173066183924675,1.0933749830501278
UBFC_PHYS_s15_T1_test,87,53,88.76666666666667,0.14842882752418518,0.7406062129552394
UBFC_PHYS_s15_T1_test,87,54,88.8,0.3579953610897064,0.3900039660190858
UBFC_PHYS_s15_T1_test,87,55,88.83333333333333,0.49838870763778687,0.07434998962951063
UBFC_PHYS_s15_T1_test,87,56,88.86666666666666,0.5966640710830688,-0.20076552917841298
UBFC_PHYS_s15_T1_test,87,57,88.9,0.6786020398139954,-0.44833573137967747
UBFC_PHYS_s15_T1_test,87,58,88.93333333333334,0.7630118727684021,-0.6844657767307549
UBFC_PHYS_s15_T1_test,87,59,88.96666666666667,0.8418213725090027,-0.9134814460236568
UBFC_PHYS_s15_T1_test,87,60,89.0,0.897071123123169,-1.119887199721077
UBFC_PHYS_s15_T1_test,87,61,89.03333333333333,0.9235662221908569,-1.2696748594765834
UBFC_PHYS_s15_T1_test,87,62,89.06666666666666,0.914721667766571,-1.3196783048769425
UBFC_PHYS_s15_T1_test,87,63,89.1,0.8526936769485474,-1.2313708309108247
UBFC_PHYS_s15_T1_test,87,64,89.13333333333334,0.7446660995483398,-0.9849522440780438
UBFC_PHYS_s15_T1_test,87,65,89.16666666666667,0.6041182279586792,-0.5899520919440147
UBFC_PHYS_s15_T1_test,87,66,89.2,0.39339303970336914,-0.0891019340126656
UBFC_PHYS_s15_T1_test,87,67,89.23333333333333,0.059152547270059586,0.44687576014956165
UBFC_PHYS_s15_T1_test,87,68,89.26666666666667,-0.35326018929481506,0.9339036391001035
UBFC_PHYS_s15_T1_test,87,69,89.3,-0.6896249055862427,1.2953588997321104
UBFC_PHYS_s15_T1_test,87,70,89.33333333333333,-0.8418174982070923,1.4818241441631694
UBFC_PHYS_s15_T1_test,87,71,89.36666666666666,-0.8420878648757935,1.4816969668669093
UBFC_PHYS_s15_T1_test,87,72,89.4,-0.7832462191581726,1.3188340122936795
UBFC_PHYS_s15_T1_test,87,73,89.43333333333334,-0.6969825029373169,1.0398111957187073
UBFC_PHYS_s15_T1_test,87,74,89.46666666666667,-0.5614749193191528,0.6974643597619152
UBFC_PHYS_s15_T1_test,87,75,89.5,-0.38761505484580994,0.33714524095329623
UBFC_PHYS_s15_T1_test,87,76,89.53333333333333,-0.22016650438308716,-0.011278499577870449
UBFC_PHYS_s15_T1_test,87,77,89.56666666666666,-0.07094787061214447,-0.3355132067609644
UBFC_PHYS_s15_T1_test,87,78,89.6,0.07649412006139755,-0.6369868751414313
UBFC_PHYS_s15_T1_test,87,79,89.63333333333334,0.2130059003829956,-0.9211211415177566
UBFC_PHYS_s15_T1_test,87,80,89.66666666666667,0.30064070224761963,-1.1845388739563467
UBFC_PHYS_s15_T1_test,87,81,89.7,0.3210334777832031,-1.4051921496389643
UBFC_PHYS_s15_T1_test,87,82,89.73333333333333,0.2730255126953125,-1.5414452428292238
UBFC_PHYS_s15_T1_test,87,83,89.76666666666667,0.1401635706424713,-1.5424239027514954
UBFC_PHYS_s15_T1_test,87,84,89.8,-0.04974403232336044,-1.3664032805149733
UBFC_PHYS_s15_T1_test,87,85,89.83333333333333,-0.20212972164154053,-0.9999548305336132
UBFC_PHYS_s15_T1_test,87,86,89.86666666666666,-0.2848980724811554,-0.47024524803788614
UBFC_PHYS_s15_T1_test,87,87,89.9,-0.3667008578777313,0.15456333857873913
UBFC_PHYS_s15_T1_test,87,88,89.93333333333334,-0.48590970039367676,0.7782266530656056
UBFC_PHYS_s15_T1_test,87,89,89.96666666666667,-0.5827174186706543,1.299816026809436
UBFC_PHYS_s15_T1_test,87,90,90.0,-0.5672103762626648,1.6404366149039584
UBFC_PHYS_s15_T1_test,87,91,90.03333333333333,-0.4161764979362488,1.7636567280288487
UBFC_PHYS_s15_T1_test,87,92,90.06666666666666,-0.2315795123577118,1.6814938591896536
UBFC_PHYS_s15_T1_test,87,93,90.1,-0.13189442455768585,1.44351678964465
UBFC_PHYS_s15_T1_test,87,94,90.13333333333334,-0.12577272951602936,1.114450289017562
UBFC_PHYS_s15_T1_test,87,95,90.16666666666667,-0.15288583934307098,0.7509562722213607
UBFC_PHYS_s15_T1_test,87,96,90.2,-0.19370998442173004,0.3874831302890654
UBFC_PHYS_s15_T1_test,87,97,90.23333333333333,-0.2446918934583664,0.03513923584610479
UBFC_PHYS_s15_T1_test,87,98,90.26666666666667,-0.26597297191619873,-0.3095211057303395
UBFC_PHYS_s15_T1_test,87,99,90.3,-0.23356857895851135,-0.6523914389579202
UBFC_PHYS_s15_T1_test,87,100,90.33333333333333,-0.1778940111398697,-0.9912057610295165
UBFC_PHYS_s15_T1_test,87,101,90.36666666666666,-0.1346752643585205,-1.3081236613333933
UBFC_PHYS_s15_T1_test,87,102,90.4,-0.10727248340845108,-1.5667425370158288
UBFC_PHYS_s15_T1_test,87,103,90.43333333333334,-0.09398628771305084,-1.715763691884986
UBFC_PHYS_s15_T1_test,87,104,90.46666666666667,-0.12065523117780685,-1.7008475453054814
UBFC_PHYS_s15_T1_test,87,105,90.5,-0.18977047502994537,-1.482949496223852
UBFC_PHYS_s15_T1_test,87,106,90.53333333333333,-0.2508136034011841,-1.0571505489330935
UBFC_PHYS_s15_T1_test,87,107,90.56666666666666,-0.27954885363578796,-0.463713175718595
UBFC_PHYS_s15_T1_test,87,108,90.6,-0.3203536868095398,0.21493322436088488
UBFC_PHYS_s15_T1_test,87,109,90.63333333333334,-0.41976839303970337,0.8719449854347616
UBFC_PHYS_s15_T1_test,87,110,90.66666666666667,-0.5534027814865112,1.4027593606916804
UBFC_PHYS_s15_T1_test,87,111,90.7,-0.6121671795845032,1.7312509180931115
UBFC_PHYS_s15_T1_test,87,112,90.73333333333333,-0.5000842213630676,1.8268356467493043
UBFC_PHYS_s15_T1_test,87,113,90.76666666666667,-0.24726030230522156,1.70784342702435
UBFC_PHYS_s15_T1_test,87,114,90.8,0.007031272631138563,1.4306507968019464
UBFC_PHYS_s15_T1_test,87,115,90.83333333333333,0.17405495047569275,1.0682794545832779
UBFC_PHYS_s15_T1_test,87,116,90.86666666666666,0.2657258212566376,0.6862155519747831
UBFC_PHYS_s15_T1_test,87,117,90.9,0.3093308210372925,0.32477291490895344
UBFC_PHYS_s15_T1_test,87,118,90.93333333333334,0.30050554871559143,-0.00551231957185935
UBFC_PHYS_s15_T1_test,87,119,90.96666666666667,0.2597779333591461,-0.31514340379648575
UBFC_PHYS_s15_T1_test,87,120,91.0,0.24415507912635803,-0.6195251188130955
UBFC_PHYS_s15_T1_test,87,121,91.03333333333333,0.2708047032356262,-0.9238342401074207
UBFC_PHYS_s15_T1_test,87,122,91.06666666666666,0.3065306842327118,-1.2146033508791731
UBFC_PHYS_s15_T1_test,87,123,91.1,0.3335472047328949,-1.4591861724180675
UBFC_PHYS_s15_T1_test,87,124,91.13333333333334,0.34447744488716125,-1.6117587038729149
UBFC_PHYS_s15_T1_test,87,125,91.16666666666667,0.3151242136955261,-1.624156764109344
UBFC_PHYS_s15_T1_test,87,126,91.2,0.22955571115016937,-1.459824021187955
UBFC_PHYS_s15_T1_test,87,127,91.23333333333333,0.11509747058153152,-1.1082076290157443
UBFC_PHYS_s15_T1_test,87,128,91.26666666666667,0.015817927196621895,-0.5952518281570701
UBFC_PHYS_s15_T1_test,87,129,91.3,-0.05379941314458847,0.015092226723506118
UBFC_PHYS_s15_T1_test,87,130,91.33333333333333,-0.12053936719894409,0.6314853835525891
UBFC_PHYS_s15_T1_test,87,131,91.36666666666666,-0.2167290896177292,1.1564229695760866
UBFC_PHYS_s15_T1_test,87,132,91.4,-0.30662333965301514,1.5111493152872677
UBFC_PHYS_s15_T1_test,87,133,91.43333333333334,-0.27945229411125183,1.654972702838674
UBFC_PHYS_s15_T1_test,87,134,91.46666666666667,-0.08519963175058365,1.5923886198982014
UBFC_PHYS_s15_T1_test,87,135,91.5,0.17984835803508759,1.3667979199485414
UBFC_PHYS_s15_T1_test,87,136,91.53333333333333,0.3832932114601135,1.044074523419992
UBFC_PHYS_s15_T1_test,87,137,91.56666666666666,0.48655086755752563,0.6916210998831153
UBFC_PHYS_s15_T1_test,87,138,91.6,0.5049738883972168,0.3592586448884265
UBFC_PHYS_s15_T1_test,87,139,91.63333333333334,0.4721832573413849,0.06787295167470433
UBFC_PHYS_s15_T1_test,87,140,91.66666666666667,0.43755802512168884,-0.18993837851406759
UBFC_PHYS_s15_T1_test,87,141,91.7,0.4119319021701813,-0.4370139381181794
UBFC_PHYS_s15_T1_test,87,142,91.73333333333333,0.3627459406852722,-0.6922577871078684
UBFC_PHYS_s15_T1_test,87,143,91.76666666666667,0.303382933139801,-0.9540596334945014
UBFC_PHYS_s15_T1_test,87,144,91.8,0.28638896346092224,-1.1939472658253045
UBFC_PHYS_s15_T1_test,87,145,91.83333333333333,0.29224029183387756,-1.3625139155351147
UBFC_PHYS_s15_T1_test,87,146,91.86666666666666,0.25707435607910156,-1.4046432284176242
UBFC_PHYS_s15_T1_test,87,147,91.9,0.1682615578174591,-1.2783983610886511
UBFC_PHYS_s15_T1_test,87,148,91.93333333333334,0.06075539067387581,-0.9716832049022656
UBFC_PHYS_s15_T1_test,87,149,91.96666666666667,-0.037655141204595566,-0.511754485609121
UBFC_PHYS_s15_T1_test,87,150,92.0,-0.12488441169261932,0.036015782140022976
UBFC_PHYS_s15_T1_test,87,151,92.03333333333333,-0.2250329703092575,0.5814653638864445
UBFC_PHYS_s15_T1_test,87,152,92.06666666666666,-0.34991931915283203,1.032536685697514
UBFC_PHYS_s15_T1_test,87,153,92.1,-0.44496968388557434,1.320622840360851
UBFC_PHYS_s15_T1_test,87,154,92.13333333333334,-0.39829421043395996,1.4183597543398234
UBFC_PHYS_s15_T1_test,87,155,92.16666666666667,-0.17345240712165833,1.3420823162013944
UBFC_PHYS_s15_T1_test,87,156,92.2,0.10992202907800674,1.138893850435696
UBFC_PHYS_s15_T1_test,87,157,92.23333333333333,0.3116481602191925,0.8660272106450335
UBFC_PHYS_s15_T1_test,87,158,92.26666666666667,0.41451960802078247,0.5722392500623407
UBFC_PHYS_s15_T1_test,87,159,92.3,0.45277535915374756,0.2874039547845407
UBFC_PHYS_s15_T1_test,87,160,92.33333333333333,0.4266471266746521,0.02099952400132515
UBFC_PHYS_s15_T1_test,87,161,92.36666666666666,0.370663583278656,-0.23302400580321286
UBFC_PHYS_s15_T1_test,87,162,92.4,0.37363752722740173,-0.48709497009888375
UBFC_PHYS_s15_T1_test,87,163,92.43333333333334,0.4672974944114685,-0.7480257098746266
UBFC_PHYS_s15_T1_test,87,164,92.46666666666667,0.5704585909843445,-1.005598751139513
UBFC_PHYS_s15_T1_test,87,165,92.5,0.5934970378875732,-1.2272719234415375
UBFC_PHYS_s15_T1_test,87,166,92.53333333333333,0.5240148305892944,-1.3631924327459681
UBFC_PHYS_s15_T1_test,87,167,92.56666666666666,0.3803772032260895,-1.3611678266524228
UBFC_PHYS_s15_T1_test,87,168,92.6,0.18315058946609497,-1.1862743834804441
UBFC_PHYS_s15_T1_test,87,169,92.63333333333334,0.006625734735280275,-0.8373267471954201
UBFC_PHYS_s15_T1_test,87,170,92.66666666666667,-0.08375128358602524,-0.35378146757282497
UBFC_PHYS_s15_T1_test,87,171,92.7,-0.10536065697669983,0.18976849932611498
UBFC_PHYS_s15_T1_test,87,172,92.73333333333333,-0.11679296940565109,0.7006557107651281
UBFC_PHYS_s15_T1_test,87,173,92.76666666666667,-0.17613668739795685,1.0924328847181675
UBFC_PHYS_s15_T1_test,87,174,92.8,-0.29891809821128845,1.3089206259258537
UBFC_PHYS_s15_T1_test,87,175,92.83333333333333,-0.396015465259552,1.3391784135014702
UBFC_PHYS_s15_T1_test,87,176,92.86666666666666,-0.36167994141578674,1.216758124470748
UBFC_PHYS_s15_T1_test,87,177,92.9,-0.20471744239330292,1.0027941526065176
UBFC_PHYS_s15_T1_test,87,178,92.93333333333334,-0.004729326348751783,0.7604650730361616
UBFC_PHYS_s15_T1_test,87,179,92.96666666666667,0.18170224130153656,0.532783381937786
UBFC_PHYS_s15_T1_test,87,180,93.0,0.3090411424636841,0.33291181022433036
UBFC_PHYS_s15_T1_test,87,181,93.03333333333333,0.3387998938560486,0.14871088855480583
UBFC_PHYS_s15_T1_test,87,182,93.06666666666666,0.2873545289039612,-0.043704344018665076
UBFC_PHYS_s15_T1_test,87,183,93.1,0.181296706199646,-0.2650068690418055
UBFC_PHYS_s15_T1_test,87,184,93.13333333333334,0.03976397588849068,-0.521329022470407
UBFC_PHYS_s15_T1_test,87,185,93.16666666666667,-0.10518685728311539,-0.7980015876492749
UBFC_PHYS_s15_T1_test,87,186,93.2,-0.2242991328239441,-1.0588169848546203
UBFC_PHYS_s15_T1_test,87,187,93.23333333333333,-0.3184804916381836,-1.2517788516863937
UBFC_PHYS_s15_T1_test,87,188,93.26666666666667,-0.41326048970222473,-1.3215680561801586
UBFC_PHYS_s15_T1_test,87,189,93.3,-0.5458327531814575,-1.2264842865565984
UBFC_PHYS_s15_T1_test,87,190,93.33333333333333,-0.7283634543418884,-0.9547852711698471
UBFC_PHYS_s15_T1_test,87,191,93.36666666666666,-0.9096968173980713,-0.5342198930195383
UBFC_PHYS_s15_T1_test,87,192,93.4,-1.0055968761444092,-0.030327008098108316
UBFC_PHYS_s15_T1_test,87,193,93.43333333333334,-0.9821529388427734,0.4672728177934977
UBFC_PHYS_s15_T1_test,87,194,93.46666666666667,-0.8866004943847656,0.867539623926752
UBFC_PHYS_s15_T1_test,87,195,93.5,-0.7447780966758728,1.1033048105575305
UBFC_PHYS_s15_T1_test,87,196,93.53333333333333,-0.48310956358909607,1.1507975051951715
UBFC_PHYS_s15_T1_test,87,197,93.56666666666666,-0.07732061296701431,1.0356109034348775
UBFC_PHYS_s15_T1_test,87,198,93.6,0.363151490688324,0.8215112858784599
UBFC_PHYS_s15_T1_test,87,199,93.63333333333334,0.7264168858528137,0.5853375102115306
UBFC_PHYS_s15_T1_test,87,200,93.66666666666667,0.9818478226661682,0.38793632459834465
UBFC_PHYS_s15_T1_test,87,201,93.7,1.101056694984436,0.2537315908182942
UBFC_PHYS_s15_T1_test,87,202,93.73333333333333,1.0805480480194092,0.16778022726003444
UBFC_PHYS_s15_T1_test,87,203,93.76666666666667,1.0668948888778687,0.09050855445162166
UBFC_PHYS_s15_T1_test,87,204,93.8,1.2343627214431763,-0.018661332841188885
UBFC_PHYS_s15_T1_test,87,205,93.83333333333333,1.5108816623687744,-0.18103044292565035
UBFC_PHYS_s15_T1_test,87,206,93.86666666666666,1.6122275590896606,-0.3895518777970109
UBFC_PHYS_s15_T1_test,87,207,93.9,1.2789719104766846,-0.6115330102126949
UBFC_PHYS_s15_T1_test,87,208,93.93333333333334,0.489408940076828,-0.7993753088179323
UBFC_PHYS_s15_T1_test,87,209,93.96666666666667,-0.4480594992637634,-0.904979483703501
UBFC_PHYS_s15_T1_test,87,210,94.0,-1.1155555248260498,-0.8941849744389051
UBFC_PHYS_s15_T1_test,87,211,94.03333333333333,-1.364304780960083,-0.7580059238114113
UBFC_PHYS_s15_T1_test,87,212,94.06666666666666,-1.3683022260665894,-0.5172990780681255
UBFC_PHYS_s15_T1_test,87,213,94.1,-1.2900527715682983,-0.21842619830805615
UBFC_PHYS_s15_T1_test,87,214,94.13333333333334,-1.1917966604232788,0.0794770917674614
UBFC_PHYS_s15_T1_test,87,215,94.16666666666667,-1.041979432106018,0.32138774524215236
UBFC_PHYS_s15_T1_test,87,216,94.2,-0.7359141707420349,0.47138335017303085
UBFC_PHYS_s15_T1_test,87,217,94.23333333333333,-0.25403857231140137,0.520742782823367
UBFC_PHYS_s15_T1_test,87,218,94.26666666666667,0.2249596118927002,0.4873985425876994
UBFC_PHYS_s15_T1_test,87,219,94.3,0.49651551246643066,0.4080223913441923
UBFC_PHYS_s15_T1_test,87,220,94.33333333333333,0.5414530038833618,0.3252432352662745
UBFC_PHYS_s15_T1_test,87,221,94.36666666666666,0.45362505316734314,0.27293343918978885
UBFC_PHYS_s15_T1_test,87,222,94.4,0.3314616084098816,0.263564654398635
UBFC_PHYS_s15_T1_test,87,223,94.43333333333334,0.2650885581970215,0.28267531390493894
UBFC_PHYS_s15_T1_test,87,224,94.46666666666667,0.2978212535381317,0.29460626502147436
UBFC_PHYS_s15_T1_test,87,225,94.5,0.38783136010169983,0.25918812901384064
UBFC_PHYS_s15_T1_test,87,226,94.53333333333333,0.46200618147850037,0.1522692331802749
UBFC_PHYS_s15_T1_test,87,227,94.56666666666666,0.4845618009567261,-0.02043170474700075
UBFC_PHYS_s15_T1_test,87,228,94.6,0.4520801603794098,-0.22281693250999912
UBFC_PHYS_s15_T1_test,87,229,94.63333333333334,0.3674193024635315,-0.4005030915740719
UBFC_PHYS_s15_T1_test,87,230,94.66666666666667,0.2335338443517685,-0.4996073972597541
UBFC_PHYS_s15_T1_test,87,231,94.7,0.07713139802217484,-0.48516423426315214
UBFC_PHYS_s15_T1_test,87,232,94.73333333333333,-0.0647682473063469,-0.35371676675766334
UBFC_PHYS_s15_T1_test,87,233,94.76666666666667,-0.1849619597196579,-0.13688825644027042
UBFC_PHYS_s15_T1_test,87,234,94.8,-0.25129637122154236,0.10551741168124364
UBFC_PHYS_s15_T1_test,87,235,94.83333333333333,-0.16263806819915771,0.30213846017355167
UBFC_PHYS_s15_T1_test,87,236,94.86666666666666,0.11581198871135712,0.3921963417102125
UBFC_PHYS_s15_T1_test,87,237,94.9,0.4543975293636322,0.34585674412662304
UBFC_PHYS_s15_T1_test,87,238,94.93333333333334,0.6923903226852417,0.17512824043595582
UBFC_PHYS_s15_T1_test,87,239,94.96666666666667,0.8034111857414246,-0.06913679226546887
UBFC_PHYS_s15_T1_test,88,0,88.0,1.6681724786758423,-0.05486462263601465
UBFC_PHYS_s15_T1_test,88,1,88.03333333333333,1.5246120691299438,0.505306520302882
UBFC_PHYS_s15_T1_test,88,2,88.06666666666666,1.2798023223876953,0.9943831295177494
UBFC_PHYS_s15_T1_test,88,3,88.1,0.9079047441482544,1.3490343498977335
UBFC_PHYS_s15_T1_test,88,4,88.13333333333334,0.44808271527290344,1.5232008546882712
UBFC_PHYS_s15_T1_test,88,5,88.16666666666667,-0.041942257434129715,1.4967613620493543
UBFC_PHYS_s15_T1_test,88,6,88.2,-0.5308278799057007,1.2802678775819427
UBFC_PHYS_s15_T1_test,88,7,88.23333333333333,-0.9819018840789795,0.9133373708526352
UBFC_PHYS_s15_T1_test,88,8,88.26666666666667,-1.3397407531738281,0.4567505726458198
UBFC_PHYS_s15_T1_test,88,9,88.3,-1.6056771278381348,-0.01932369652575179
UBFC_PHYS_s15_T1_test,88,10,88.33333333333333,-1.822736382484436,-0.44747286254879653
UBFC_PHYS_s15_T1_test,88,11,88.36666666666666,-1.9825955629348755,-0.7727782486947411
UBFC_PHYS_s15_T1_test,88,12,88.4,-2.0588366985321045,-0.9593133602897912
UBFC_PHYS_s15_T1_test,88,13,88.43333333333334,-2.0872244834899902,-0.9938804442175533
UBFC_PHYS_s15_T1_test,88,14,88.46666666666667,-2.1038708686828613,-0.8870167526232696
UBFC_PHYS_s15_T1_test,88,15,88.5,-2.0714664459228516,-0.6703310371495542
UBFC_PHYS_s15_T1_test,88,16,88.53333333333333,-1.965273380279541,-0.38944835508347403
UBFC_PHYS_s15_T1_test,88,17,88.56666666666666,-1.837799310684204,-0.09336474984055432
UBFC_PHYS_s15_T1_test,88,18,88.6,-1.695590615272522,0.17708613158108594
UBFC_PHYS_s15_T1_test,88,19,88.63333333333334,-1.4605717658996582,0.39768296341606063
UBFC_PHYS_s15_T1_test,88,20,88.66666666666667,-1.080891728401184,0.5625430092462538
UBFC_PHYS_s15_T1_test,88,21,88.7,-0.6115878224372864,0.678171311687925
UBFC_PHYS_s15_T1_test,88,22,88.73333333333333,-0.173066183924675,0.753074042171125
UBFC_PHYS_s15_T1_test,88,23,88.76666666666667,0.14842882752418518,0.788631552198715
UBFC_PHYS_s15_T1_test,88,24,88.8,0.3579953610897064,0.7754758296916159
UBFC_PHYS_s15_T1_test,88,25,88.83333333333333,0.49838870763778687,0.6962836549031445
UBFC_PHYS_s15_T1_test,88,26,88.86666666666666,0.5966640710830688,0.5335506935634303
UBFC_PHYS_s15_T1_test,88,27,88.9,0.6786020398139954,0.2796949508203479
UBFC_PHYS_s15_T1_test,88,28,88.93333333333334,0.7630118727684021,-0.05405254247463839
UBFC_PHYS_s15_T1_test,88,29,88.96666666666667,0.8418213725090027,-0.43366323258232065
UBFC_PHYS_s15_T1_test,88,30,89.0,0.897071123123169,-0.8056393352689961
UBFC_PHYS_s15_T1_test,88,31,89.03333333333333,0.9235662221908569,-1.1075268993789982
UBFC_PHYS_s15_T1_test,88,32,89.06666666666666,0.914721667766571,-1.282681494572345
UBFC_PHYS_s15_T1_test,88,33,89.1,0.8526936769485474,-1.2946672391651382
UBFC_PHYS_s15_T1_test,88,34,89.13333333333334,0.7446660995483398,-1.1369386465275386
UBFC_PHYS_s15_T1_test,88,35,89.16666666666667,0.6041182279586792,-0.8351746485001451
UBFC_PHYS_s15_T1_test,88,36,89.2,0.39339303970336914,-0.44173385999279136
UBFC_PHYS_s15_T1_test,88,37,89.23333333333333,0.059152547270059586,-0.023447722108538765
UBFC_PHYS_s15_T1_test,88,38,89.26666666666667,-0.35326018929481506,0.35467454990530883
UBFC_PHYS_s15_T1_test,88,39,89.3,-0.6896249055862427,0.6456124326425993
UBFC_PHYS_s15_T1_test,88,40,89.33333333333333,-0.8418174982070923,0.8305521950209271
UBFC_PHYS_s15_T1_test,88,41,89.36666666666666,-0.8420878648757935,0.9183002618708842
UBFC_PHYS_s15_T1_test,88,42,89.4,-0.7832462191581726,0.9338954016987838
UBFC_PHYS_s15_T1_test,88,43,89.43333333333334,-0.6969825029373169,0.902256725193481
UBFC_PHYS_s15_T1_test,88,44,89.46666666666667,-0.5614749193191528,0.8353178422241943
UBFC_PHYS_s15_T1_test,88,45,89.5,-0.38761505484580994,0.7285823476952774
UBFC_PHYS_s15_T1_test,88,46,89.53333333333333,-0.22016650438308716,0.5669768314961786
UBFC_PHYS_s15_T1_test,88,47,89.56666666666666,-0.07094787061214447,0.3352769055059158
UBFC_PHYS_s15_T1_test,88,48,89.6,0.07649412006139755,0.02857137337873753
UBFC_PHYS_s15_T1_test,88,49,89.63333333333334,0.2130059003829956,-0.3394804557110201
UBFC_PHYS_s15_T1_test,88,50,89.66666666666667,0.30064070224761963,-0.7322274463800476
UBFC_PHYS_s15_T1_test,88,51,89.7,0.3210334777832031,-1.091712267670715
UBFC_PHYS_s15_T1_test,88,52,89.73333333333333,0.2730255126953125,-1.3483163140088852
UBFC_PHYS_s15_T1_test,88,53,89.76666666666667,0.1401635706424713,-1.437692971463617
UBFC_PHYS_s15_T1_test,88,54,89.8,-0.04974403232336044,-1.3205089768819822
UBFC_PHYS_s15_T1_test,88,55,89.83333333333333,-0.20212972164154053,-0.9979247819426391
UBFC_PHYS_s15_T1_test,88,56,89.86666666666666,-0.2848980724811554,-0.5164259311500672
UBFC_PHYS_s15_T1_test,88,57,89.9,-0.3667008578777313,0.04089084009059782
UBFC_PHYS_s15_T1_test,88,58,89.93333333333334,-0.48590970039367676,0.5748821270543047
UBFC_PHYS_s15_T1_test,88,59,89.96666666666667,-0.5827174186706543,0.9967512742310374
UBFC_PHYS_s15_T1_test,88,60,90.0,-0.5672103762626648,1.2514623853838913
UBFC_PHYS_s15_T1_test,88,61,90.03333333333333,-0.4161764979362488,1.3295811824730583
UBFC_PHYS_s15_T1_test,88,62,90.06666666666666,-0.2315795123577118,1.2628477207789763
UBFC_PHYS_s15_T1_test,88,63,90.1,-0.13189442455768585,1.1053715231059442
UBFC_PHYS_s15_T1_test,88,64,90.13333333333334,-0.12577272951602936,0.9089190132269923
UBFC_PHYS_s15_T1_test,88,65,90.16666666666667,-0.15288583934307098,0.7035311025011313
UBFC_PHYS_s15_T1_test,88,66,90.2,-0.19370998442173004,0.4915414789023555
UBFC_PHYS_s15_T1_test,88,67,90.23333333333333,-0.2446918934583664,0.2558555512535007
UBFC_PHYS_s15_T1_test,88,68,90.26666666666667,-0.26597297191619873,-0.023645865592504277
UBFC_PHYS_s15_T1_test,88,69,90.3,-0.23356857895851135,-0.35431987564896433
UBFC_PHYS_s15_T1_test,88,70,90.33333333333333,-0.1778940111398697,-0.7214544762261613
UBFC_PHYS_s15_T1_test,88,71,90.36666666666666,-0.1346752643585205,-1.08676988740205
UBFC_PHYS_s15_T1_test,88,72,90.4,-0.10727248340845108,-1.3938889555110305
UBFC_PHYS_s15_T1_test,88,73,90.43333333333334,-0.09398628771305084,-1.5797098678339074
UBFC_PHYS_s15_T1_test,88,74,90.46666666666667,-0.12065523117780685,-1.590066180970301
UBFC_PHYS_s15_T1_test,88,75,90.5,-0.18977047502994537,-1.3964730519668196
UBFC_PHYS_s15_T1_test,88,76,90.53333333333333,-0.2508136034011841,-1.0089478032105756
UBFC_PHYS_s15_T1_test,88,77,90.56666666666666,-0.27954885363578796,-0.4794731781466102
UBFC_PHYS_s15_T1_test,88,78,90.6,-0.3203536868095398,0.10712811484235354
UBFC_PHYS_s15_T1_test,88,79,90.63333333333334,-0.41976839303970337,0.6536289384615436
UBFC_PHYS_s15_T1_test,88,80,90.66666666666667,-0.5534027814865112,1.0758518743673164
UBFC_PHYS_s15_T1_test,88,81,90.7,-0.6121671795845032,1.3240550034909961
UBFC_PHYS_s15_T1_test,88,82,90.73333333333333,-0.5000842213630676,1.3924356022981095
UBFC_PHYS_s15_T1_test,88,83,90.76666666666667,-0.24726030230522156,1.3136810136647845
UBFC_PHYS_s15_T1_test,88,84,90.8,0.007031272631138563,1.1414563712971362
UBFC_PHYS_s15_T1_test,88,85,90.83333333333333,0.17405495047569275,0.9282687582214911
UBFC_PHYS_s15_T1_test,88,86,90.86666666666666,0.2657258212566376,0.7074345322541539
UBFC_PHYS_s15_T1_test,88,87,90.9,0.3093308210372925,0.4857231555453266
UBFC_PHYS_s15_T1_test,88,88,90.93333333333334,0.30050554871559143,0.24872548846183157
UBFC_PHYS_s15_T1_test,88,89,90.96666666666667,0.2597779333591461,-0.02428004177760781
UBFC_PHYS_s15_T1_test,88,90,91.0,0.24415507912635803,-0.34317002917461076
UBFC_PHYS_s15_T1_test,88,91,91.03333333333333,0.2708047032356262,-0.6952236643927554
UBFC_PHYS_s15_T1_test,88,92,91.06666666666666,0.3065306842327118,-1.0430341296843433
UBFC_PHYS_s15_T1_test,88,93,91.1,0.3335472047328949,-1.3316733120427153
UBFC_PHYS_s15_T1_test,88,94,91.13333333333334,0.34447744488716125,-1.5018065380551857
UBFC_PHYS_s15_T1_test,88,95,91.16666666666667,0.3151242136955261,-1.5048226749348987
UBFC_PHYS_s15_T1_test,88,96,91.2,0.22955571115016937,-1.3165682035744737
UBFC_PHYS_s15_T1_test,88,97,91.23333333333333,0.11509747058153152,-0.9467798231030107
UBFC_PHYS_s15_T1_test,88,98,91.26666666666667,0.015817927196621895,-0.4414508307142361
UBFC_PHYS_s15_T1_test,88,99,91.3,-0.05379941314458847,0.12394629388467697
UBFC_PHYS_s15_T1_test,88,100,91.33333333333333,-0.12053936719894409,0.6602500216612467
UBFC_PHYS_s15_T1_test,88,101,91.36666666666666,-0.2167290896177292,1.0858135803690236
UBFC_PHYS_s15_T1_test,88,102,91.4,-0.30662333965301514,1.3463618697665696
UBFC_PHYS_s15_T1_test,88,103,91.43333333333334,-0.27945229411125183,1.4262578977526725
UBFC_PHYS_s15_T1_test,88,104,91.46666666666667,-0.08519963175058365,1.3472384145368783
UBFC_PHYS_s15_T1_test,88,105,91.5,0.17984835803508759,1.155900856349479
UBFC_PHYS_s15_T1_test,88,106,91.53333333333333,0.3832932114601135,0.9054239887957564
UBFC_PHYS_s15_T1_test,88,107,91.56666666666666,0.48655086755752563,0.6384198469848548
UBFC_PHYS_s15_T1_test,88,108,91.6,0.5049738883972168,0.3763741952697519
UBFC_PHYS_s15_T1_test,88,109,91.63333333333334,0.4721832573413849,0.11838850294440695
UBFC_PHYS_s15_T1_test,88,110,91.66666666666667,0.43755802512168884,-0.15071054761803646
UBFC_PHYS_s15_T1_test,88,111,91.7,0.4119319021701813,-0.44565866710603924
UBFC_PHYS_s15_T1_test,88,112,91.73333333333333,0.3627459406852722,-0.7652300460329787
UBFC_PHYS_s15_T1_test,88,113,91.76666666666667,0.303382933139801,-1.0828319072205403
UBFC_PHYS_s15_T1_test,88,114,91.8,0.28638896346092224,-1.3477900377291
UBFC_PHYS_s15_T1_test,88,115,91.83333333333333,0.29224029183387756,-1.4974547754371754
UBFC_PHYS_s15_T1_test,88,116,91.86666666666666,0.25707435607910156,-1.476219150063513
UBFC_PHYS_s15_T1_test,88,117,91.9,0.1682615578174591,-1.2552045300576333
UBFC_PHYS_s15_T1_test,88,118,91.93333333333334,0.06075539067387581,-0.8460353760490223
UBFC_PHYS_s15_T1_test,88,119,91.96666666666667,-0.037655141204595566,-0.3036318014825989
UBFC_PHYS_s15_T1_test,88,120,92.0,-0.12488441169261932,0.2840672901881834
UBFC_PHYS_s15_T1_test,88,121,92.03333333333333,-0.2250329703092575,0.8174968868856577
UBFC_PHYS_s15_T1_test,88,122,92.06666666666666,-0.34991931915283203,1.2117915898999108
UBFC_PHYS_s15_T1_test,88,123,92.1,-0.44496968388557434,1.4190330997822733
UBFC_PHYS_s15_T1_test,88,124,92.13333333333334,-0.39829421043395996,1.4377642496069813
UBFC_PHYS_s15_T1_test,88,125,92.16666666666667,-0.17345240712165833,1.305828736964418
UBFC_PHYS_s15_T1_test,88,126,92.2,0.10992202907800674,1.0803703815309331
UBFC_PHYS_s15_T1_test,88,127,92.23333333333333,0.3116481602191925,0.8148481086936364
UBFC_PHYS_s15_T1_test,88,128,92.26666666666667,0.41451960802078247,0.5430852270177735
UBFC_PHYS_s15_T1_test,88,129,92.3,0.45277535915374756,0.27531509911264046
UBFC_PHYS_s15_T1_test,88,130,92.33333333333333,0.4266471266746521,0.004663006549550007
UBFC_PHYS_s15_T1_test,88,131,92.36666666666666,0.370663583278656,-0.281320359375378
UBFC_PHYS_s15_T1_test,88,132,92.4,0.37363752722740173,-0.5889225278276564
UBFC_PHYS_s15_T1_test,88,133,92.43333333333334,0.4672974944114685,-0.9089915181857795
UBFC_PHYS_s15_T1_test,88,134,92.46666666666667,0.5704585909843445,-1.212042880546876
UBFC_PHYS_s15_T1_test,88,135,92.5,0.5934970378875732,-1.4498991152623488
UBFC_PHYS_s15_T1_test,88,136,92.53333333333333,0.5240148305892944,-1.5651907206532871
UBFC_PHYS_s15_T1_test,88,137,92.56666666666666,0.3803772032260895,-1.5074953800075435
UBFC_PHYS_s15_T1_test,88,138,92.6,0.18315058946609497,-1.2515141986043283
UBFC_PHYS_s15_T1_test,88,139,92.63333333333334,0.006625734735280275,-0.8106301322323516
UBFC_PHYS_s15_T1_test,88,140,92.66666666666667,-0.08375128358602524,-0.24010261657770318
UBFC_PHYS_s15_T1_test,88,141,92.7,-0.10536065697669983,0.37248583246620054
UBFC_PHYS_s15_T1_test,88,142,92.73333333333333,-0.11679296940565109,0.9276506396701062
UBFC_PHYS_s15_T1_test,88,143,92.76666666666667,-0.17613668739795685,1.339456567051059
UBFC_PHYS_s15_T1_test,88,144,92.8,-0.29891809821128845,1.5576470461159655
UBFC_PHYS_s15_T1_test,88,145,92.83333333333333,-0.396015465259552,1.5783432872626726
UBFC_PHYS_s15_T1_test,88,146,92.86666666666666,-0.36167994141578674,1.4388952318853065
UBFC_PHYS_s15_T1_test,88,147,92.9,-0.20471744239330292,1.198850747811769
UBFC_PHYS_s15_T1_test,88,148,92.93333333333334,-0.004729326348751783,0.9155376694806568
UBFC_PHYS_s15_T1_test,88,149,92.96666666666667,0.18170224130153656,0.6253706054356805
UBFC_PHYS_s15_T1_test,88,150,93.0,0.3090411424636841,0.33843300092524536
UBFC_PHYS_s15_T1_test,88,151,93.03333333333333,0.3387998938560486,0.04645113876995312
UBFC_PHYS_s15_T1_test,88,152,93.06666666666666,0.2873545289039612,-0.2623639726205803
UBFC_PHYS_s15_T1_test,88,153,93.1,0.181296706199646,-0.5899842190129522
UBFC_PHYS_s15_T1_test,88,154,93.13333333333334,0.03976397588849068,-0.9215880938268545
UBFC_PHYS_s15_T1_test,88,155,93.16666666666667,-0.10518685728311539,-1.2251206024999755
UBFC_PHYS_s15_T1_test,88,156,93.2,-0.2242991328239441,-1.4558813524285636
UBFC_PHYS_s15_T1_test,88,157,93.23333333333333,-0.3184804916381836,-1.5651346643416226
UBFC_PHYS_s15_T1_test,88,158,93.26666666666667,-0.41326048970222473,-1.511799110546637
UBFC_PHYS_s15_T1_test,88,159,93.3,-0.5458327531814575,-1.2752369272363289
UBFC_PHYS_s15_T1_test,88,160,93.33333333333333,-0.7283634543418884,-0.8658023301587888
UBFC_PHYS_s15_T1_test,88,161,93.36666666666666,-0.9096968173980713,-0.3291532295903394
UBFC_PHYS_s15_T1_test,88,162,93.4,-1.0055968761444092,0.2587795585864215
UBFC_PHYS_s15_T1_test,88,163,93.43333333333334,-0.9821529388427734,0.8066312035726895
UBFC_PHYS_s15_T1_test,88,164,93.46666666666667,-0.8866004943847656,1.2290105428607692
UBFC_PHYS_s15_T1_test,88,165,93.5,-0.7447780966758728,1.4680295448814784
UBFC_PHYS_s15_T1_test,88,166,93.53333333333333,-0.48310956358909607,1.5074398257048678
UBFC_PHYS_s15_T1_test,88,167,93.56666666666666,-0.07732061296701431,1.3737507837493883
UBFC_PHYS_s15_T1_test,88,168,93.6,0.363151490688324,1.12325869150176
UBFC_PHYS_s15_T1_test,88,169,93.63333333333334,0.7264168858528137,0.8196990911258875
UBFC_PHYS_s15_T1_test,88,170,93.66666666666667,0.9818478226661682,0.5118249325367029
UBFC_PHYS_s15_T1_test,88,171,93.7,1.101056694984436,0.22075673326251452
UBFC_PHYS_s15_T1_test,88,172,93.73333333333333,1.0805480480194092,-0.05770907322827767
UBFC_PHYS_s15_T1_test,88,173,93.76666666666667,1.0668948888778687,-0.3382830417324268
UBFC_PHYS_s15_T1_test,88,174,93.8,1.2343627214431763,-0.6277076192285067
UBFC_PHYS_s15_T1_test,88,175,93.83333333333333,1.5108816623687744,-0.9125739567393562
UBFC_PHYS_s15_T1_test,88,176,93.86666666666666,1.6122275590896606,-1.1584137859904968
UBFC_PHYS_s15_T1_test,88,177,93.9,1.2789719104766846,-1.318554420198097
UBFC_PHYS_s15_T1_test,88,178,93.93333333333334,0.489408940076828,-1.347985163277785
UBFC_PHYS_s15_T1_test,88,179,93.96666666666667,-0.4480594992637634,-1.2175239122662582
UBFC_PHYS_s15_T1_test,88,180,94.0,-1.1155555248260498,-0.9246678867297964
UBFC_PHYS_s15_T1_test,88,181,94.03333333333333,-1.364304780960083,-0.49852673143372006
UBFC_PHYS_s15_T1_test,88,182,94.06666666666666,-1.3683022260665894,0.0028414091837459495
UBFC_PHYS_s15_T1_test,88,183,94.1,-1.2900527715682983,0.502998673317121
UBFC_PHYS_s15_T1_test,88,184,94.13333333333334,-1.1917966604232788,0.9237207127393017
UBFC_PHYS_s15_T1_test,88,185,94.16666666666667,-1.041979432106018,1.2032236261730833
UBFC_PHYS_s15_T1_test,88,186,94.2,-0.7359141707420349,1.3100811985446834
UBFC_PHYS_s15_T1_test,88,187,94.23333333333333,-0.25403857231140137,1.2478884078337094
UBFC_PHYS_s15_T1_test,88,188,94.26666666666667,0.2249596118927002,1.0495335812137987
UBFC_PHYS_s15_T1_test,88,189,94.3,0.49651551246643066,0.7642339087508059
UBFC_PHYS_s15_T1_test,88,190,94.33333333333333,0.5414530038833618,0.4426705118176252
UBFC_PHYS_s15_T1_test,88,191,94.36666666666666,0.45362505316734314,0.12514787262111687
UBFC_PHYS_s15_T1_test,88,192,94.4,0.3314616084098816,-0.16430481296194893
UBFC_PHYS_s15_T1_test,88,193,94.43333333333334,0.2650885581970215,-0.4172266960562684
UBFC_PHYS_s15_T1_test,88,194,94.46666666666667,0.2978212535381317,-0.6344486702653968
UBFC_PHYS_s15_T1_test,88,195,94.5,0.38783136010169983,-0.8167444010025856
UBFC_PHYS_s15_T1_test,88,196,94.53333333333333,0.46200618147850037,-0.9563117889092102
UBFC_PHYS_s15_T1_test,88,197,94.56666666666666,0.4845618009567261,-1.033234443411863
UBFC_PHYS_s15_T1_test,88,198,94.6,0.4520801603794098,-1.0192288671429417
UBFC_PHYS_s15_T1_test,88,199,94.63333333333334,0.3674193024635315,-0.887790551254754
UBFC_PHYS_s15_T1_test,88,200,94.66666666666667,0.2335338443517685,-0.6269321736713345
UBFC_PHYS_s15_T1_test,88,201,94.7,0.07713139802217484,-0.2494480993695456
UBFC_PHYS_s15_T1_test,88,202,94.73333333333333,-0.0647682473063469,0.2034736618736082
UBFC_PHYS_s15_T1_test,88,203,94.76666666666667,-0.1849619597196579,0.6672382443686455
UBFC_PHYS_s15_T1_test,88,204,94.8,-0.25129637122154236,1.0668500533127192
UBFC_PHYS_s15_T1_test,88,205,94.83333333333333,-0.16263806819915771,1.3348371713623823
UBFC_PHYS_s15_T1_test,88,206,94.86666666666666,0.11581198871135712,1.4287606623290172
UBFC_PHYS_s15_T1_test,88,207,94.9,0.4543975293636322,1.3420519967809705
UBFC_PHYS_s15_T1_test,88,208,94.93333333333334,0.6923903226852417,1.10346407667007
UBFC_PHYS_s15_T1_test,88,209,94.96666666666667,0.8034111857414246,0.7648910895533432
UBFC_PHYS_s15_T1_test,88,210,95.0,0.8623107075691223,0.38314419374557196
UBFC_PHYS_s15_T1_test,88,211,95.03333333333333,0.8973801136016846,0.004288702462536395
UBFC_PHYS_s15_T1_test,88,212,95.06666666666666,0.887280285358429,-0.3433459239864824
UBFC_PHYS_s15_T1_test,88,213,95.1,0.8687993288040161,-0.6469849520368415
UBFC_PHYS_s15_T1_test,88,214,95.13333333333334,0.9307114481925964,-0.9020187226025759
UBFC_PHYS_s15_T1_test,88,215,95.16666666666667,1.1148062944412231,-1.104390504449264
UBFC_PHYS_s15_T1_test,88,216,95.2,1.3463491201400757,-1.2457173878343157
UBFC_PHYS_s15_T1_test,88,217,95.23333333333333,1.445435643196106,-1.3117078163558091
UBFC_PHYS_s15_T1_test,88,218,95.26666666666667,1.2663229703903198,-1.2838454853194659
UBFC_PHYS_s15_T1_test,88,219,95.3,0.8530412912368774,-1.1446316293520762
UBFC_PHYS_s15_T1_test,88,220,95.33333333333333,0.3582850396633148,-0.8860712825978277
UBFC_PHYS_s15_T1_test,88,221,95.36666666666666,-0.11559566855430603,-0.5192403048256722
UBFC_PHYS_s15_T1_test,88,222,95.4,-0.5218480825424194,-0.08077168975079486
UBFC_PHYS_s15_T1_test,88,223,95.43333333333334,-0.8150519728660583,0.36829357364542015
UBFC_PHYS_s15_T1_test,88,224,95.46666666666667,-0.9521624445915222,0.7535149727144884
UBFC_PHYS_s15_T1_test,88,225,95.5,-0.9171316623687744,1.005750622134022
UBFC_PHYS_s15_T1_test,88,226,95.53333333333333,-0.7319360375404358,1.0810990337554969
UBFC_PHYS_s15_T1_test,88,227,95.56666666666666,-0.5002580285072327,0.9743313864718807
UBFC_PHYS_s15_T1_test,88,228,95.6,-0.3534919321537018,0.7208701490444165
UBFC_PHYS_s15_T1_test,88,229,95.63333333333334,-0.3429672420024872,0.38692402277324406
UBFC_PHYS_s15_T1_test,88,230,95.66666666666667,-0.4131059944629669,0.05090011192066754
UBFC_PHYS_s15_T1_test,88,231,95.7,-0.5061479806900024,-0.21840630529661814
UBFC_PHYS_s15_T1_test,88,232,95.73333333333333,-0.623715341091156,-0.37973185306257073
UBFC_PHYS_s15_T1_test,88,233,95.76666666666667,-0.7848490476608276,-0.4269557706351332
UBFC_PHYS_s15_T1_test,88,234,95.8,-0.9746021628379822,-0.38402983300136606
UBFC_PHYS_s15_T1_test,88,235,95.83333333333333,-1.129942536354065,-0.29041210313517807
UBFC_PHYS_s15_T1_test,88,236,95.86666666666666,-1.1901166439056396,-0.18412020753141015
UBFC_PHYS_s15_T1_test,88,237,95.9,-1.1384974718093872,-0.0895281198728147
UBFC_PHYS_s15_T1_test,88,238,95.93333333333334,-0.9758381247520447,-0.01322958114176287
UBFC_PHYS_s15_T1_test,88,239,95.96666666666667,-0.6987012624740601,0.05305852908354451
UBFC_PHYS_s15_T1_test,89,0,89.0,0.897071123123169,0.07402571680925146
UBFC_PHYS_s15_T1_test,89,1,89.03333333333333,0.9235662221908569,0.19667655955754634
UBFC_PHYS_s15_T1_test,89,2,89.06666666666666,0.914721667766571,0.30070342161729907
UBFC_PHYS_s15_T1_test,89,3,89.1,0.8526936769485474,0.3777976408441976
UBFC_PHYS_s15_T1_test,89,4,89.13333333333334,0.7446660995483398,0.4359341413183568
UBFC_PHYS_s15_T1_test,89,5,89.16666666666667,0.6041182279586792,0.49541675129946905
UBFC_PHYS_s15_T1_test,89,6,89.2,0.39339303970336914,0.5768509347798036
UBFC_PHYS_s15_T1_test,89,7,89.23333333333333,0.059152547270059586,0.6876563834944144
UBFC_PHYS_s15_T1_test,89,8,89.26666666666667,-0.35326018929481506,0.8151460104108798
UBFC_PHYS_s15_T1_test,89,9,89.3,-0.6896249055862427,0.9302956808270587
UBFC_PHYS_s15_T1_test,89,10,89.33333333333333,-0.8418174982070923,0.9993979559986392
UBFC_PHYS_s15_T1_test,89,11,89.36666666666666,-0.8420878648757935,0.9961671173571841
UBFC_PHYS_s15_T1_test,89,12,89.4,-0.7832462191581726,0.9082105364611102
UBFC_PHYS_s15_T1_test,89,13,89.43333333333334,-0.6969825029373169,0.7370272032830093
UBFC_PHYS_s15_T1_test,89,14,89.46666666666667,-0.5614749193191528,0.49502743150881034
UBFC_PHYS_s15_T1_test,89,15,89.5,-0.38761505484580994,0.2029726714966451
UBFC_PHYS_s15_T1_test,89,16,89.53333333333333,-0.22016650438308716,-0.11269285365916475
UBFC_PHYS_s15_T1_test,89,17,89.56666666666666,-0.07094787061214447,-0.42508986626764417
UBFC_PHYS_s15_T1_test,89,18,89.6,0.07649412006139755,-0.7135875078459001
UBFC_PHYS_s15_T1_test,89,19,89.63333333333334,0.2130059003829956,-0.9667570974247301
UBFC_PHYS_s15_T1_test,89,20,89.66666666666667,0.30064070224761963,-1.1780353404668569
UBFC_PHYS_s15_T1_test,89,21,89.7,0.3210334777832031,-1.3364110051903073
UBFC_PHYS_s15_T1_test,89,22,89.73333333333333,0.2730255126953125,-1.4193055391026217
UBFC_PHYS_s15_T1_test,89,23,89.76666666666667,0.1401635706424713,-1.3945210982367655
UBFC_PHYS_s15_T1_test,89,24,89.8,-0.04974403232336044,-1.2322907519179978
UBFC_PHYS_s15_T1_test,89,25,89.83333333333333,-0.20212972164154053,-0.9216135247259302
UBFC_PHYS_s15_T1_test,89,26,89.86666666666666,-0.2848980724811554,-0.4822612291063384
UBFC_PHYS_s15_T1_test,89,27,89.9,-0.3667008578777313,0.03383824024555791
UBFC_PHYS_s15_T1_test,89,28,89.93333333333334,-0.48590970039367676,0.5528370979811108
UBFC_PHYS_s15_T1_test,89,29,89.96666666666667,-0.5827174186706543,0.9969114900296842
UBFC_PHYS_s15_T1_test,89,30,90.0,-0.5672103762626648,1.3037934704903948
UBFC_PHYS_s15_T1_test,89,31,90.03333333333333,-0.4161764979362488,1.4417300529916774
UBFC_PHYS_s15_T1_test,89,32,90.06666666666666,-0.2315795123577118,1.414751875366074
UBFC_PHYS_s15_T1_test,89,33,90.1,-0.13189442455768585,1.2559676365056063
UBFC_PHYS_s15_T1_test,89,34,90.13333333333334,-0.12577272951602936,1.0115174268362292
UBFC_PHYS_s15_T1_test,89,35,90.16666666666667,-0.15288583934307098,0.7225114332889522
UBFC_PHYS_s15_T1_test,89,36,90.2,-0.19370998442173004,0.4135893246219281
UBFC_PHYS_s15_T1_test,89,37,90.23333333333333,-0.2446918934583664,0.09287953832039082
UBFC_PHYS_s15_T1_test,89,38,90.26666666666667,-0.26597297191619873,-0.23915197921426679
UBFC_PHYS_s15_T1_test,89,39,90.3,-0.23356857895851135,-0.5791118276099644
UBFC_PHYS_s15_T1_test,89,40,90.33333333333333,-0.1778940111398697,-0.9136042365237235
UBFC_PHYS_s15_T1_test,89,41,90.36666666666666,-0.1346752643585205,-1.216510160601588
UBFC_PHYS_s15_T1_test,89,42,90.4,-0.10727248340845108,-1.449890363842926
UBFC_PHYS_s15_T1_test,89,43,90.43333333333334,-0.09398628771305084,-1.5688492363887294
UBFC_PHYS_s15_T1_test,89,44,90.46666666666667,-0.12065523117780685,-1.5313246874018105
UBFC_PHYS_s15_T1_test,89,45,90.5,-0.18977047502994537,-1.3119912954848056
UBFC_PHYS_s15_T1_test,89,46,90.53333333333333,-0.2508136034011841,-0.915789375246174
UBFC_PHYS_s15_T1_test,89,47,90.56666666666666,-0.27954885363578796,-0.38432124039953414
UBFC_PHYS_s15_T1_test,89,48,90.6,-0.3203536868095398,0.20966365956763997
UBFC_PHYS_s15_T1_test,89,49,90.63333333333334,-0.41976839303970337,0.779010957231596
UBFC_PHYS_s15_T1_test,89,50,90.66666666666667,-0.5534027814865112,1.243775614345848
UBFC_PHYS_s15_T1_test,89,51,90.7,-0.6121671795845032,1.549183588038096
UBFC_PHYS_s15_T1_test,89,52,90.73333333333333,-0.5000842213630676,1.6741718091028892
UBFC_PHYS_s15_T1_test,89,53,90.76666666666667,-0.24726030230522156,1.6296434877625976
UBFC_PHYS_s15_T1_test,89,54,90.8,0.007031272631138563,1.4490762838779485
UBFC_PHYS_s15_T1_test,89,55,90.83333333333333,0.17405495047569275,1.1754558783391633
UBFC_PHYS_s15_T1_test,89,56,90.86666666666666,0.2657258212566376,0.8485822488557053
UBFC_PHYS_s15_T1_test,89,57,90.9,0.3093308210372925,0.49640142232020606
UBFC_PHYS_s15_T1_test,89,58,90.93333333333334,0.30050554871559143,0.1331344724343459
UBFC_PHYS_s15_T1_test,89,59,90.96666666666667,0.2597779333591461,-0.23541404864852009
UBFC_PHYS_s15_T1_test,89,60,91.0,0.24415507912635803,-0.6027242567378512
UBFC_PHYS_s15_T1_test,89,61,91.03333333333333,0.2708047032356262,-0.953976544009252
UBFC_PHYS_s15_T1_test,89,62,91.06666666666666,0.3065306842327118,-1.2635092996877801
UBFC_PHYS_s15_T1_test,89,63,91.1,0.3335472047328949,-1.4973118351376902
UBFC_PHYS_s15_T1_test,89,64,91.13333333333334,0.34447744488716125,-1.6186913034098784
UBFC_PHYS_s15_T1_test,89,65,91.16666666666667,0.3151242136955261,-1.595547923239132
UBFC_PHYS_s15_T1_test,89,66,91.2,0.22955571115016937,-1.4086737166972696
UBFC_PHYS_s15_T1_test,89,67,91.23333333333333,0.11509747058153152,-1.0603401724334496
UBFC_PHYS_s15_T1_test,89,68,91.26666666666667,0.015817927196621895,-0.5806449614240752
UBFC_PHYS_s15_T1_test,89,69,91.3,-0.05379941314458847,-0.027508764655809297
UBFC_PHYS_s15_T1_test,89,70,91.33333333333333,-0.12053936719894409,0.522779692704203
UBFC_PHYS_s15_T1_test,89,71,91.36666666666666,-0.2167290896177292,0.9932737575223024
UBFC_PHYS_s15_T1_test,89,72,91.4,-0.30662333965301514,1.3256133285186693
UBFC_PHYS_s15_T1_test,89,73,91.43333333333334,-0.27945229411125183,1.4921600970638373
UBFC_PHYS_s15_T1_test,89,74,91.46666666666667,-0.08519963175058365,1.4966547106319668
UBFC_PHYS_s15_T1_test,89,75,91.5,0.17984835803508759,1.3656513828140076
UBFC_PHYS_s15_T1_test,89,76,91.53333333333333,0.3832932114601135,1.1365785163691657
UBFC_PHYS_s15_T1_test,89,77,91.56666666666666,0.48655086755752563,0.847381793468014
UBFC_PHYS_s15_T1_test,89,78,91.6,0.5049738883972168,0.5293905433699425
UBFC_PHYS_s15_T1_test,89,79,91.63333333333334,0.4721832573413849,0.2030996488020023
UBFC_PHYS_s15_T1_test,89,80,91.66666666666667,0.43755802512168884,-0.12236054079955323
UBFC_PHYS_s15_T1_test,89,81,91.7,0.4119319021701813,-0.44451288465440786
UBFC_PHYS_s15_T1_test,89,82,91.73333333333333,0.3627459406852722,-0.7585679902595128
UBFC_PHYS_s15_T1_test,89,83,91.76666666666667,0.303382933139801,-1.0486021773520062
UBFC_PHYS_s15_T1_test,89,84,91.8,0.28638896346092224,-1.28385554876535
UBFC_PHYS_s15_T1_test,89,85,91.83333333333333,0.29224029183387756,-1.422728084569336
UBFC_PHYS_s15_T1_test,89,86,91.86666666666666,0.25707435607910156,-1.4236021375082104
UBFC_PHYS_s15_T1_test,89,87,91.9,0.1682615578174591,-1.2588702862872936
UBFC_PHYS_s15_T1_test,89,88,91.93333333333334,0.06075539067387581,-0.9274442594570405
UBFC_PHYS_s15_T1_test,89,89,91.96666666666667,-0.037655141204595566,-0.46142569246515736
UBFC_PHYS_s15_T1_test,89,90,92.0,-0.12488441169261932,0.0760262175924211
UBFC_PHYS_s15_T1_test,89,91,92.03333333333333,-0.2250329703092575,0.6025644065582648
UBFC_PHYS_s15_T1_test,89,92,92.06666666666666,-0.34991931915283203,1.0363976439238225
UBFC_PHYS_s15_T1_test,89,93,92.1,-0.44496968388557434,1.318225399427294
UBFC_PHYS_s15_T1_test,89,94,92.13333333333334,-0.39829421043395996,1.42631091630614
UBFC_PHYS_s15_T1_test,89,95,92.16666666666667,-0.17345240712165833,1.3769862385316038
UBFC_PHYS_s15_T1_test,89,96,92.2,0.10992202907800674,1.2105782799129867
UBFC_PHYS_s15_T1_test,89,97,92.23333333333333,0.3116481602191925,0.9712204866948846
UBFC_PHYS_s15_T1_test,89,98,92.26666666666667,0.41451960802078247,0.6915453125380184
UBFC_PHYS_s15_T1_test,89,99,92.3,0.45277535915374756,0.38853330464222396
UBFC_PHYS_s15_T1_test,89,100,92.33333333333333,0.4266471266746521,0.0686647300566324
UBFC_PHYS_s15_T1_test,89,101,92.36666666666666,0.370663583278656,-0.2642399473941927
UBFC_PHYS_s15_T1_test,89,102,92.4,0.37363752722740173,-0.6029928733177765
UBFC_PHYS_s15_T1_test,89,103,92.43333333333334,0.4672974944114685,-0.9329592360064346
UBFC_PHYS_s15_T1_test,89,104,92.46666666666667,0.5704585909843445,-1.229128830343253
UBFC_PHYS_s15_T1_test,89,105,92.5,0.5934970378875732,-1.4554635828972757
UBFC_PHYS_s15_T1_test,89,106,92.53333333333333,0.5240148305892944,-1.568901400180235
UBFC_PHYS_s15_T1_test,89,107,92.56666666666666,0.3803772032260895,-1.5291381907983004
UBFC_PHYS_s15_T1_test,89,108,92.6,0.18315058946609497,-1.3120335378852999
UBFC_PHYS_s15_T1_test,89,109,92.63333333333334,0.006625734735280275,-0.9217325761020133
UBFC_PHYS_s15_T1_test,89,110,92.66666666666667,-0.08375128358602524,-0.3965016521551649
UBFC_PHYS_s15_T1_test,89,111,92.7,-0.10536065697669983,0.19473587227988237
UBFC_PHYS_s15_T1_test,89,112,92.73333333333333,-0.11679296940565109,0.7655259978009781
UBFC_PHYS_s15_T1_test,89,113,92.76666666666667,-0.17613668739795685,1.2319173656528628
UBFC_PHYS_s15_T1_test,89,114,92.8,-0.29891809821128845,1.5333724125317447
UBFC_PHYS_s15_T1_test,89,115,92.83333333333333,-0.396015465259552,1.6468482666145672
UBFC_PHYS_s15_T1_test,89,116,92.86666666666666,-0.36167994141578674,1.588048123273692
UBFC_PHYS_s15_T1_test,89,117,92.9,-0.20471744239330292,1.3991608201741792
UBFC_PHYS_s15_T1_test,89,118,92.93333333333334,-0.004729326348751783,1.129185201089468
UBFC_PHYS_s15_T1_test,89,119,92.96666666666667,0.18170224130153656,0.8167243249503725
UBFC_PHYS_s15_T1_test,89,120,93.0,0.3090411424636841,0.4828941155601212
UBFC_PHYS_s15_T1_test,89,121,93.03333333333333,0.3387998938560486,0.1354038824393797
UBFC_PHYS_s15_T1_test,89,122,93.06666666666666,0.2873545289039612,-0.2215643797336383
UBFC_PHYS_s15_T1_test,89,123,93.1,0.181296706199646,-0.5789110642349594
UBFC_PHYS_s15_T1_test,89,124,93.13333333333334,0.03976397588849068,-0.9191688929953092
UBFC_PHYS_s15_T1_test,89,125,93.16666666666667,-0.10518685728311539,-1.2169186955362796
UBFC_PHYS_s15_T1_test,89,126,93.2,-0.2242991328239441,-1.4408264228469028
UBFC_PHYS_s15_T1_test,89,127,93.23333333333333,-0.3184804916381836,-1.556859479037109
UBFC_PHYS_s15_T1_test,89,128,93.26666666666667,-0.41326048970222473,-1.5338281392882533
UBFC_PHYS_s15_T1_test,89,129,93.3,-0.5458327531814575,-1.351931311113899
UBFC_PHYS_s15_T1_test,89,130,93.33333333333333,-0.7283634543418884,-1.0125908155559955
UBFC_PHYS_s15_T1_test,89,131,93.36666666666666,-0.9096968173980713,-0.5454698302669195
UBFC_PHYS_s15_T1_test,89,132,93.4,-1.0055968761444092,-0.008264266506374438
UBFC_PHYS_s15_T1_test,89,133,93.43333333333334,-0.9821529388427734,0.5229079098232181
UBFC_PHYS_s15_T1_test,89,134,93.46666666666667,-0.8866004943847656,0.9708379425166863
UBFC_PHYS_s15_T1_test,89,135,93.5,-0.7447780966758728,1.276746154638099
UBFC_PHYS_s15_T1_test,89,136,93.53333333333333,-0.48310956358909607,1.414507920695873
UBFC_PHYS_s15_T1_test,89,137,93.56666666666666,-0.07732061296701431,1.3936266302823526
UBFC_PHYS_s15_T1_test,89,138,93.6,0.363151490688324,1.2498885564789366
UBFC_PHYS_s15_T1_test,89,139,93.63333333333334,0.7264168858528137,1.0282560362726914
UBFC_PHYS_s15_T1_test,89,140,93.66666666666667,0.9818478226661682,0.7658241482335426
UBFC_PHYS_s15_T1_test,89,141,93.7,1.101056694984436,0.48231886524283807
UBFC_PHYS_s15_T1_test,89,142,93.73333333333333,1.0805480480194092,0.18194249202547383
UBFC_PHYS_s15_T1_test,89,143,93.76666666666667,1.0668948888778687,-0.13545657104375425
UBFC_PHYS_s15_T1_test,89,144,93.8,1.2343627214431763,-0.4613062416124983
UBFC_PHYS_s15_T1_test,89,145,93.83333333333333,1.5108816623687744,-0.7716524807215445
UBFC_PHYS_s15_T1_test,89,146,93.86666666666666,1.6122275590896606,-1.0302751647156152
UBFC_PHYS_s15_T1_test,89,147,93.9,1.2789719104766846,-1.1985206840831835
UBFC_PHYS_s15_T1_test,89,148,93.93333333333334,0.489408940076828,-1.2460845670545406
UBFC_PHYS_s15_T1_test,89,149,93.96666666666667,-0.4480594992637634,-1.158463483500476
UBFC_PHYS_s15_T1_test,89,150,94.0,-1.1155555248260498,-0.9399919309764458
UBFC_PHYS_s15_T1_test,89,151,94.03333333333333,-1.364304780960083,-0.6136135409015053
UBFC_PHYS_s15_T1_test,89,152,94.06666666666666,-1.3683022260665894,-0.21849277756770874
UBFC_PHYS_s15_T1_test,89,153,94.1,-1.2900527715682983,0.19479932457905696
UBFC_PHYS_s15_T1_test,89,154,94.13333333333334,-1.1917966604232788,0.5724398982220029
UBFC_PHYS_s15_T1_test,89,155,94.16666666666667,-1.041979432106018,0.8681444087932665
UBFC_PHYS_s15_T1_test,89,156,94.2,-0.7359141707420349,1.052725037722916
UBFC_PHYS_s15_T1_test,89,157,94.23333333333333,-0.25403857231140137,1.1176333849858098
UBFC_PHYS_s15_T1_test,89,158,94.26666666666667,0.2249596118927002,1.0712541642266047
UBFC_PHYS_s15_T1_test,89,159,94.3,0.49651551246643066,0.9313400352277932
UBFC_PHYS_s15_T1_test,89,160,94.33333333333333,0.5414530038833618,0.7183384355829465
UBFC_PHYS_s15_T1_test,89,161,94.36666666666666,0.45362505316734314,0.45223904006719484
UBFC_PHYS_s15_T1_test,89,162,94.4,0.3314616084098816,0.15242710431938675
UBFC_PHYS_s15_T1_test,89,163,94.43333333333334,0.2650885581970215,-0.16146734498496765
UBFC_PHYS_s15_T1_test,89,164,94.46666666666667,0.2978212535381317,-0.4687532007545338
UBFC_PHYS_s15_T1_test,89,165,94.5,0.38783136010169983,-0.7467211788881231
UBFC_PHYS_s15_T1_test,89,166,94.53333333333333,0.46200618147850037,-0.9699939699160295
UBFC_PHYS_s15_T1_test,89,167,94.56666666666666,0.4845618009567261,-1.1117563468264882
UBFC_PHYS_s15_T1_test,89,168,94.6,0.4520801603794098,-1.1479813141931363
UBFC_PHYS_s15_T1_test,89,169,94.63333333333334,0.3674193024635315,-1.0638405233112147
UBFC_PHYS_s15_T1_test,89,170,94.66666666666667,0.2335338443517685,-0.859631661569796
UBFC_PHYS_s15_T1_test,89,171,94.7,0.07713139802217484,-0.5533843656448934
UBFC_PHYS_s15_T1_test,89,172,94.73333333333333,-0.0647682473063469,-0.17913417588789315
UBFC_PHYS_s15_T1_test,89,173,94.76666666666667,-0.1849619597196579,0.21816578973391518
UBFC_PHYS_s15_T1_test,89,174,94.8,-0.25129637122154236,0.5896835284233506
UBFC_PHYS_s15_T1_test,89,175,94.83333333333333,-0.16263806819915771,0.890699298558374
UBFC_PHYS_s15_T1_test,89,176,94.86666666666666,0.11581198871135712,1.0883975255318818
UBFC_PHYS_s15_T1_test,89,177,94.9,0.4543975293636322,1.1673471517627
UBFC_PHYS_s15_T1_test,89,178,94.93333333333334,0.6923903226852417,1.1299398156229579
UBFC_PHYS_s15_T1_test,89,179,94.96666666666667,0.8034111857414246,0.990859919826613
UBFC_PHYS_s15_T1_test,89,180,95.0,0.8623107075691223,0.7688953106217403
UBFC_PHYS_s15_T1_test,89,181,95.03333333333333,0.8973801136016846,0.48182637777182863
UBFC_PHYS_s15_T1_test,89,182,95.06666666666666,0.887280285358429,0.14746752031261784
UBFC_PHYS_s15_T1_test,89,183,95.1,0.8687993288040161,-0.21127196216520144
UBFC_PHYS_s15_T1_test,89,184,95.13333333333334,0.9307114481925964,-0.5625459960757795
UBFC_PHYS_s15_T1_test,89,185,95.16666666666667,1.1148062944412231,-0.8670293500074807
UBFC_PHYS_s15_T1_test,89,186,95.2,1.3463491201400757,-1.0844989531051454
UBFC_PHYS_s15_T1_test,89,187,95.23333333333333,1.445435643196106,-1.1820442318817903
UBFC_PHYS_s15_T1_test,89,188,95.26666666666667,1.2663229703903198,-1.1408344898253029
UBFC_PHYS_s15_T1_test,89,189,95.3,0.8530412912368774,-0.9605609522219113
UBFC_PHYS_s15_T1_test,89,190,95.33333333333333,0.3582850396633148,-0.6615181323458966
UBFC_PHYS_s15_T1_test,89,191,95.36666666666666,-0.11559566855430603,-0.2835976806189569
UBFC_PHYS_s15_T1_test,89,192,95.4,-0.5218480825424194,0.11916524568908198
UBFC_PHYS_s15_T1_test,89,193,95.43333333333334,-0.8150519728660583,0.48895157957415303
UBFC_PHYS_s15_T1_test,89,194,95.46666666666667,-0.9521624445915222,0.7772443728564182
UBFC_PHYS_s15_T1_test,89,195,95.5,-0.9171316623687744,0.9558008755182661
UBFC_PHYS_s15_T1_test,89,196,95.53333333333333,-0.7319360375404358,1.02033938753931
UBFC_PHYS_s15_T1_test,89,197,95.56666666666666,-0.5002580285072327,0.9851352536997618
UBFC_PHYS_s15_T1_test,89,198,95.6,-0.3534919321537018,0.8723229786619668
UBFC_PHYS_s15_T1_test,89,199,95.63333333333334,-0.3429672420024872,0.7025075886938095
UBFC_PHYS_s15_T1_test,89,200,95.66666666666667,-0.4131059944629669,0.490417177986714
UBFC_PHYS_s15_T1_test,89,201,95.7,-0.5061479806900024,0.24494223567273388
UBFC_PHYS_s15_T1_test,89,202,95.73333333333333,-0.623715341091156,-0.028193200034305668
UBFC_PHYS_s15_T1_test,89,203,95.76666666666667,-0.7848490476608276,-0.32182747072123724
UBFC_PHYS_s15_T1_test,89,204,95.8,-0.9746021628379822,-0.6215133535658076
UBFC_PHYS_s15_T1_test,89,205,95.83333333333333,-1.129942536354065,-0.9007015905570452
UBFC_PHYS_s15_T1_test,89,206,95.86666666666666,-1.1901166439056396,-1.1207229575855766
UBFC_PHYS_s15_T1_test,89,207,95.9,-1.1384974718093872,-1.2382405032665886
UBFC_PHYS_s15_T1_test,89,208,95.93333333333334,-0.9758381247520447,-1.2185729450144667
UBFC_PHYS_s15_T1_test,89,209,95.96666666666667,-0.6987012624740601,-1.0491406024565029
UBFC_PHYS_s15_T1_test,89,210,96.0,-0.3957257866859436,-0.7467757370384316
UBFC_PHYS_s15_T1_test,89,211,96.03333333333333,-0.31081387400627136,-0.3557107620787004
UBFC_PHYS_s15_T1_test,89,212,96.06666666666666,-0.5720768570899963,0.0626733670331132
UBFC_PHYS_s15_T1_test,89,213,96.1,-0.9426805377006531,0.44441187296374374
UBFC_PHYS_s15_T1_test,89,214,96.13333333333334,-1.0345832109451294,0.7375967683712127
UBFC_PHYS_s15_T1_test,89,215,96.16666666666667,-0.7509576678276062,0.9135761034063614
UBFC_PHYS_s15_T1_test,89,216,96.2,-0.30563846230506897,0.9715078147003581
UBFC_PHYS_s15_T1_test,89,217,96.23333333333333,0.11181454360485077,0.9341156669623749
UBFC_PHYS_s15_T1_test,89,218,96.26666666666667,0.48979517817497253,0.8356159945882591
UBFC_PHYS_s15_T1_test,89,219,96.3,0.9361765384674072,0.706905152259726
UBFC_PHYS_s15_T1_test,89,220,96.33333333333333,1.49997079372406,0.5654606276660149
UBFC_PHYS_s15_T1_test,89,221,96.36666666666666,1.9817111492156982,0.41507652269137096
UBFC_PHYS_s15_T1_test,89,222,96.4,2.0843701362609863,0.2538393409707972
UBFC_PHYS_s15_T1_test,89,223,96.43333333333334,1.7905869483947754,0.08344038492399049
UBFC_PHYS_s15_T1_test,89,224,96.46666666666667,1.3425641059875488,-0.08618864655506721
UBFC_PHYS_s15_T1_test,89,225,96.5,0.8883810043334961,-0.2381305434538725
UBFC_PHYS_s15_T1_test,89,226,96.53333333333333,0.3990705609321594,-0.35310011973965305
UBFC_PHYS_s15_T1_test,89,227,96.56666666666666,-0.13117991387844086,-0.4144606287364715
UBFC_PHYS_s15_T1_test,89,228,96.6,-0.636383593082428,-0.412664495241746
UBFC_PHYS_s15_T1_test,89,229,96.63333333333334,-1.0557290315628052,-0.3494485177573733
UBFC_PHYS_s15_T1_test,89,230,96.66666666666667,-1.3231523036956787,-0.24079340443036976
UBFC_PHYS_s15_T1_test,89,231,96.7,-1.3873238563537598,-0.11578479138307522
UBFC_PHYS_s15_T1_test,89,232,96.73333333333333,-1.354533314704895,-0.00913244475643208
UBFC_PHYS_s15_T1_test,89,233,96.76666666666667,-1.4182606935501099,0.05127113007324025
UBFC_PHYS_s15_T1_test,89,234,96.8,-1.5223101377487183,0.05593728092885125
UBFC_PHYS_s15_T1_test,89,235,96.83333333333333,-1.4277231693267822,0.01741646542798273
UBFC_PHYS_s15_T1_test,89,236,96.86666666666666,-1.1111526489257812,-0.0370910123999885
UBFC_PHYS_s15_T1_test,89,237,96.9,-0.7750195860862732,-0.08052461770519773
UBFC_PHYS_s15_T1_test,89,238,96.93333333333334,-0.5474162697792053,-0.09983386633856345
UBFC_PHYS_s15_T1_test,89,239,96.96666666666667,-0.42032843828201294,-0.10110571807593263
UBFC_PHYS_s15_T1_test,90,0,90.0,-0.5672103762626648,-0.07742356974648835
UBFC_PHYS_s15_T1_test,90,1,90.03333333333333,-0.4161764979362488,0.6051087976676417
UBFC_PHYS_s15_T1_test,90,2,90.06666666666666,-0.2315795123577118,1.1820007151980312
UBFC_PHYS_s15_T1_test,90,3,90.1,-0.13189442455768585,1.571086773427903
UBFC_PHYS_s15_T1_test,90,4,90.13333333333334,-0.12577272951602936,1.7305894063889131
UBFC_PHYS_s15_T1_test,90,5,90.16666666666667,-0.15288583934307098,1.664274611258034
UBFC_PHYS_s15_T1_test,90,6,90.2,-0.19370998442173004,1.4133049152232688
UBFC_PHYS_s15_T1_test,90,7,90.23333333333333,-0.2446918934583664,1.0394235451688274
UBFC_PHYS_s15_T1_test,90,8,90.26666666666667,-0.26597297191619873,0.6066518467339052
UBFC_PHYS_s15_T1_test,90,9,90.3,-0.23356857895851135,0.16744985734617912
UBFC_PHYS_s15_T1_test,90,10,90.33333333333333,-0.1778940111398697,-0.2433970262016211
UBFC_PHYS_s15_T1_test,90,11,90.36666666666666,-0.1346752643585205,-0.6068077992001674
UBFC_PHYS_s15_T1_test,90,12,90.4,-0.10727248340845108,-0.9116640784555865
UBFC_PHYS_s15_T1_test,90,13,90.43333333333334,-0.09398628771305084,-1.1456079671088188
UBFC_PHYS_s15_T1_test,90,14,90.46666666666667,-0.12065523117780685,-1.2893739972163694
UBFC_PHYS_s15_T1_test,90,15,90.5,-0.18977047502994537,-1.3181202617786438
UBFC_PHYS_s15_T1_test,90,16,90.53333333333333,-0.2508136034011841,-1.2096128873381322
UBFC_PHYS_s15_T1_test,90,17,90.56666666666666,-0.27954885363578796,-0.9555689096820029
UBFC_PHYS_s15_T1_test,90,18,90.6,-0.3203536868095398,-0.5710711047435179
UBFC_PHYS_s15_T1_test,90,19,90.63333333333334,-0.41976839303970337,-0.09773989872183378
UBFC_PHYS_s15_T1_test,90,20,90.66666666666667,-0.5534027814865112,0.40158461565269493
UBFC_PHYS_s15_T1_test,90,21,90.7,-0.6121671795845032,0.8558386061112137
UBFC_PHYS_s15_T1_test,90,22,90.73333333333333,-0.5000842213630676,1.202216265252952
UBFC_PHYS_s15_T1_test,90,23,90.76666666666667,-0.24726030230522156,1.4001227076584382
UBFC_PHYS_s15_T1_test,90,24,90.8,0.007031272631138563,1.4376960380310098
UBFC_PHYS_s15_T1_test,90,25,90.83333333333333,0.17405495047569275,1.3292953413944089
UBFC_PHYS_s15_T1_test,90,26,90.86666666666666,0.2657258212566376,1.1060188513713272
UBFC_PHYS_s15_T1_test,90,27,90.9,0.3093308210372925,0.8038435946492523
UBFC_PHYS_s15_T1_test,90,28,90.93333333333334,0.30050554871559143,0.4544213276056832
UBFC_PHYS_s15_T1_test,90,29,90.96666666666667,0.2597779333591461,0.08163333015952388
UBFC_PHYS_s15_T1_test,90,30,91.0,0.24415507912635803,-0.2963872434787297
UBFC_PHYS_s15_T1_test,90,31,91.03333333333333,0.2708047032356262,-0.6626067767043248
UBFC_PHYS_s15_T1_test,90,32,91.06666666666666,0.3065306842327118,-0.9967955790459593
UBFC_PHYS_s15_T1_test,90,33,91.1,0.3335472047328949,-1.2732839041954387
UBFC_PHYS_s15_T1_test,90,34,91.13333333333334,0.34447744488716125,-1.4614857463724924
UBFC_PHYS_s15_T1_test,90,35,91.16666666666667,0.3151242136955261,-1.5295983724507516
UBFC_PHYS_s15_T1_test,90,36,91.2,0.22955571115016937,-1.4516047394424452
UBFC_PHYS_s15_T1_test,90,37,91.23333333333333,0.11509747058153152,-1.21657529434241
UBFC_PHYS_s15_T1_test,90,38,91.26666666666667,0.015817927196621895,-0.8372659720045242
UBFC_PHYS_s15_T1_test,90,39,91.3,-0.05379941314458847,-0.35369977030111915
UBFC_PHYS_s15_T1_test,90,40,91.33333333333333,-0.12053936719894409,0.17156751388033323
UBFC_PHYS_s15_T1_test,90,41,91.36666666666666,-0.2167290896177292,0.6663854629501716
UBFC_PHYS_s15_T1_test,90,42,91.4,-0.30662333965301514,1.0658462605963417
UBFC_PHYS_s15_T1_test,90,43,91.43333333333334,-0.27945229411125183,1.3265497935767265
UBFC_PHYS_s15_T1_test,90,44,91.46666666666667,-0.08519963175058365,1.4333369922005077
UBFC_PHYS_s15_T1_test,90,45,91.5,0.17984835803508759,1.3972491094780106
UBFC_PHYS_s15_T1_test,90,46,91.53333333333333,0.3832932114601135,1.2468250889708434
UBFC_PHYS_s15_T1_test,90,47,91.56666666666666,0.48655086755752563,1.0165310899760276
UBFC_PHYS_s15_T1_test,90,48,91.6,0.5049738883972168,0.7361617241376185
UBFC_PHYS_s15_T1_test,90,49,91.63333333333334,0.4721832573413849,0.42439817472769953
UBFC_PHYS_s15_T1_test,90,50,91.66666666666667,0.43755802512168884,0.08885699797150776
UBFC_PHYS_s15_T1_test,90,51,91.7,0.4119319021701813,-0.2670290865016336
UBFC_PHYS_s15_T1_test,90,52,91.73333333333333,0.3627459406852722,-0.6333641990518664
UBFC_PHYS_s15_T1_test,90,53,91.76666666666667,0.303382933139801,-0.9849751728165838
UBFC_PHYS_s15_T1_test,90,54,91.8,0.28638896346092224,-1.2794716272884603
UBFC_PHYS_s15_T1_test,90,55,91.83333333333333,0.29224029183387756,-1.4641260838698464
UBFC_PHYS_s15_T1_test,90,56,91.86666666666666,0.25707435607910156,-1.4898317861337171
UBFC_PHYS_s15_T1_test,90,57,91.9,0.1682615578174591,-1.3276193847390185
UBFC_PHYS_s15_T1_test,90,58,91.93333333333334,0.06075539067387581,-0.9820869330754672
UBFC_PHYS_s15_T1_test,90,59,91.96666666666667,-0.037655141204595566,-0.4965697936108799
UBFC_PHYS_s15_T1_test,90,60,92.0,-0.12488441169261932,0.053221805594117544
UBFC_PHYS_s15_T1_test,90,61,92.03333333333333,-0.2250329703092575,0.5767878754854152
UBFC_PHYS_s15_T1_test,90,62,92.06666666666666,-0.34991931915283203,0.9926045040792957
UBFC_PHYS_s15_T1_test,90,63,92.1,-0.44496968388557434,1.2494359976902378
UBFC_PHYS_s15_T1_test,90,64,92.13333333333334,-0.39829421043395996,1.3366096246949668
UBFC_PHYS_s15_T1_test,90,65,92.16666666666667,-0.17345240712165833,1.2792775599693067
UBFC_PHYS_s15_T1_test,90,66,92.2,0.10992202907800674,1.1220365050704617
UBFC_PHYS_s15_T1_test,90,67,92.23333333333333,0.3116481602191925,0.9095974439402352
UBFC_PHYS_s15_T1_test,90,68,92.26666666666667,0.41451960802078247,0.6729269305195955
UBFC_PHYS_s15_T1_test,90,69,92.3,0.45277535915374756,0.4247656867974409
UBFC_PHYS_s15_T1_test,90,70,92.33333333333333,0.4266471266746521,0.16343337834143357
UBFC_PHYS_s15_T1_test,90,71,92.36666666666666,0.370663583278656,-0.11877719759954845
UBFC_PHYS_s15_T1_test,90,72,92.4,0.37363752722740173,-0.42595433521523446
UBFC_PHYS_s15_T1_test,90,73,92.43333333333334,0.4672974944114685,-0.7498498017260138
UBFC_PHYS_s15_T1_test,90,74,92.46666666666667,0.5704585909843445,-1.0643158925818945
UBFC_PHYS_s15_T1_test,90,75,92.5,0.5934970378875732,-1.3255013154325948
UBFC_PHYS_s15_T1_test,90,76,92.53333333333333,0.5240148305892944,-1.479393381569471
UBFC_PHYS_s15_T1_test,90,77,92.56666666666666,0.3803772032260895,-1.4757615234082935
UBFC_PHYS_s15_T1_test,90,78,92.6,0.18315058946609497,-1.2846564516154593
UBFC_PHYS_s15_T1_test,90,79,92.63333333333334,0.006625734735280275,-0.9099218304980113
UBFC_PHYS_s15_T1_test,90,80,92.66666666666667,-0.08375128358602524,-0.39464950503826146
UBFC_PHYS_s15_T1_test,90,81,92.7,-0.10536065697669983,0.18433108164193054
UBFC_PHYS_s15_T1_test,90,82,92.73333333333333,-0.11679296940565109,0.7328361901450557
UBFC_PHYS_s15_T1_test,90,83,92.76666666666667,-0.17613668739795685,1.1627557809077673
UBFC_PHYS_s15_T1_test,90,84,92.8,-0.29891809821128845,1.414989775561805
UBFC_PHYS_s15_T1_test,90,85,92.83333333333333,-0.396015465259552,1.4731922596450138
UBFC_PHYS_s15_T1_test,90,86,92.86666666666666,-0.36167994141578674,1.3628255032198782
UBFC_PHYS_s15_T1_test,90,87,92.9,-0.20471744239330292,1.1363327414179178
UBFC_PHYS_s15_T1_test,90,88,92.93333333333334,-0.004729326348751783,0.8514207347864411
UBFC_PHYS_s15_T1_test,90,89,92.96666666666667,0.18170224130153656,0.5521125633507414
UBFC_PHYS_s15_T1_test,90,90,93.0,0.3090411424636841,0.2598641554044876
UBFC_PHYS_s15_T1_test,90,91,93.03333333333333,0.3387998938560486,-0.02359666243271825
UBFC_PHYS_s15_T1_test,90,92,93.06666666666666,0.2873545289039612,-0.3055442101537421
UBFC_PHYS_s15_T1_test,90,93,93.1,0.181296706199646,-0.5899340296089073
UBFC_PHYS_s15_T1_test,90,94,93.13333333333334,0.03976397588849068,-0.8684668475612809
UBFC_PHYS_s15_T1_test,90,95,93.16666666666667,-0.10518685728311539,-1.1172115843213404
UBFC_PHYS_s15_T1_test,90,96,93.2,-0.2242991328239441,-1.2991383073826857
UBFC_PHYS_s15_T1_test,90,97,93.23333333333333,-0.3184804916381836,-1.3720154177326043
UBFC_PHYS_s15_T1_test,90,98,93.26666666666667,-0.41326048970222473,-1.3000866236223783
UBFC_PHYS_s15_T1_test,90,99,93.3,-0.5458327531814575,-1.0666429627640694
UBFC_PHYS_s15_T1_test,90,100,93.33333333333333,-0.7283634543418884,-0.6836484768040357
UBFC_PHYS_s15_T1_test,90,101,93.36666666666666,-0.9096968173980713,-0.19470431417421594
UBFC_PHYS_s15_T1_test,90,102,93.4,-1.0055968761444092,0.33076728453985005
UBFC_PHYS_s15_T1_test,90,103,93.43333333333334,-0.9821529388427734,0.8115642664493566
UBFC_PHYS_s15_T1_test,90,104,93.46666666666667,-0.8866004943847656,1.1735481421682004
UBFC_PHYS_s15_T1_test,90,105,93.5,-0.7447780966758728,1.3677410209503236
UBFC_PHYS_s15_T1_test,90,106,93.53333333333333,-0.48310956358909607,1.3816298552279076
UBFC_PHYS_s15_T1_test,90,107,93.56666666666666,-0.07732061296701431,1.239414758020065
UBFC_PHYS_s15_T1_test,90,108,93.6,0.363151490688324,0.9908173078490906
UBFC_PHYS_s15_T1_test,90,109,93.63333333333334,0.7264168858528137,0.692584483780897
UBFC_PHYS_s15_T1_test,90,110,93.66666666666667,0.9818478226661682,0.38998821897764735
UBFC_PHYS_s15_T1_test,90,111,93.7,1.101056694984436,0.10583970787528138
UBFC_PHYS_s15_T1_test,90,112,93.73333333333333,1.0805480480194092,-0.15867545112188372
UBFC_PHYS_s15_T1_test,90,113,93.76666666666667,1.0668948888778687,-0.4126139285366683
UBFC_PHYS_s15_T1_test,90,114,93.8,1.2343627214431763,-0.6599925628342199
UBFC_PHYS_s15_T1_test,90,115,93.83333333333333,1.5108816623687744,-0.8889461093282092
UBFC_PHYS_s15_T1_test,90,116,93.86666666666666,1.6122275590896606,-1.0702991754504931
UBFC_PHYS_s15_T1_test,90,117,93.9,1.2789719104766846,-1.1651866176941006
UBFC_PHYS_s15_T1_test,90,118,93.93333333333334,0.489408940076828,-1.1378667421483624
UBFC_PHYS_s15_T1_test,90,119,93.96666666666667,-0.4480594992637634,-0.9689404270843894
UBFC_PHYS_s15_T1_test,90,120,94.0,-1.1155555248260498,-0.6647703553480401
UBFC_PHYS_s15_T1_test,90,121,94.03333333333333,-1.364304780960083,-0.26019722102205317
UBFC_PHYS_s15_T1_test,90,122,94.06666666666666,-1.3683022260665894,0.1866581470154443
UBFC_PHYS_s15_T1_test,90,123,94.1,-1.2900527715682983,0.6066454195678812
UBFC_PHYS_s15_T1_test,90,124,94.13333333333334,-1.1917966604232788,0.9357178000627782
UBFC_PHYS_s15_T1_test,90,125,94.16666666666667,-1.041979432106018,1.1299406370486942
UBFC_PHYS_s15_T1_test,90,126,94.2,-0.7359141707420349,1.17408635146591
UBFC_PHYS_s15_T1_test,90,127,94.23333333333333,-0.25403857231140137,1.0807956448940224
UBFC_PHYS_s15_T1_test,90,128,94.26666666666667,0.2249596118927002,0.8816303509835289
UBFC_PHYS_s15_T1_test,90,129,94.3,0.49651551246643066,0.6149183218586696
UBFC_PHYS_s15_T1_test,90,130,94.33333333333333,0.5414530038833618,0.3156301485110169
UBFC_PHYS_s15_T1_test,90,131,94.36666666666666,0.45362505316734314,0.010182273480184321
UBFC_PHYS_s15_T1_test,90,132,94.4,0.3314616084098816,-0.28382784003149514
UBFC_PHYS_s15_T1_test,90,133,94.43333333333334,0.2650885581970215,-0.5546178446276443
UBFC_PHYS_s15_T1_test,90,134,94.46666666666667,0.2978212535381317,-0.7916587298989116
UBFC_PHYS_s15_T1_test,90,135,94.5,0.38783136010169983,-0.9810382421557101
UBFC_PHYS_s15_T1_test,90,136,94.53333333333333,0.46200618147850037,-1.1027730913817266
UBFC_PHYS_s15_T1_test,90,137,94.56666666666666,0.4845618009567261,-1.1322869587105822
UBFC_PHYS_s15_T1_test,90,138,94.6,0.4520801603794098,-1.0467950752571935
UBFC_PHYS_s15_T1_test,90,139,94.63333333333334,0.3674193024635315,-0.834765964363384
UBFC_PHYS_s15_T1_test,90,140,94.66666666666667,0.2335338443517685,-0.5045769819802121
UBFC_PHYS_s15_T1_test,90,141,94.7,0.07713139802217484,-0.08829009147778558
UBFC_PHYS_s15_T1_test,90,142,94.73333333333333,-0.0647682473063469,0.36159947117707625
UBFC_PHYS_s15_T1_test,90,143,94.76666666666667,-0.1849619597196579,0.7818510004105432
UBFC_PHYS_s15_T1_test,90,144,94.8,-0.25129637122154236,1.1119274781025172
UBFC_PHYS_s15_T1_test,90,145,94.83333333333333,-0.16263806819915771,1.3073373697177253
UBFC_PHYS_s15_T1_test,90,146,94.86666666666666,0.11581198871135712,1.3486328524457911
UBFC_PHYS_s15_T1_test,90,147,94.9,0.4543975293636322,1.2429001157220425
UBFC_PHYS_s15_T1_test,90,148,94.93333333333334,0.6923903226852417,1.01737356068682
UBFC_PHYS_s15_T1_test,90,149,94.96666666666667,0.8034111857414246,0.7082809078467678
UBFC_PHYS_s15_T1_test,90,150,95.0,0.8623107075691223,0.3503305956109511
UBFC_PHYS_s15_T1_test,90,151,95.03333333333333,0.8973801136016846,-0.028387844532710475
UBFC_PHYS_s15_T1_test,90,152,95.06666666666666,0.887280285358429,-0.4049826627456931
UBFC_PHYS_s15_T1_test,90,153,95.1,0.8687993288040161,-0.756724648466359
UBFC_PHYS_s15_T1_test,90,154,95.13333333333334,0.9307114481925964,-1.0568438711197614
UBFC_PHYS_s15_T1_test,90,155,95.16666666666667,1.1148062944412231,-1.274319066381543
UBFC_PHYS_s15_T1_test,90,156,95.2,1.3463491201400757,-1.3781426854933565
UBFC_PHYS_s15_T1_test,90,157,95.23333333333333,1.445435643196106,-1.3443615652036511
UBFC_PHYS_s15_T1_test,90,158,95.26666666666667,1.2663229703903198,-1.1635500764462632
UBFC_PHYS_s15_T1_test,90,159,95.3,0.8530412912368774,-0.8465743434166855
UBFC_PHYS_s15_T1_test,90,160,95.33333333333333,0.3582850396633148,-0.42661329653358193
UBFC_PHYS_s15_T1_test,90,161,95.36666666666666,-0.11559566855430603,0.044241809865911357
UBFC_PHYS_s15_T1_test,90,162,95.4,-0.5218480825424194,0.5041477470989321
UBFC_PHYS_s15_T1_test,90,163,95.43333333333334,-0.8150519728660583,0.8944495745439013
UBFC_PHYS_s15_T1_test,90,164,95.46666666666667,-0.9521624445915222,1.172112318254447
UBFC_PHYS_s15_T1_test,90,165,95.5,-0.9171316623687744,1.3168479287312702
UBFC_PHYS_s15_T1_test,90,166,95.53333333333333,-0.7319360375404358,1.330418315291785
UBFC_PHYS_s15_T1_test,90,167,95.56666666666666,-0.5002580285072327,1.2294431163385238
UBFC_PHYS_s15_T1_test,90,168,95.6,-0.3534919321537018,1.036091238948915
UBFC_PHYS_s15_T1_test,90,169,95.63333333333334,-0.3429672420024872,0.7712449895239762
UBFC_PHYS_s15_T1_test,90,170,95.66666666666667,-0.4131059944629669,0.452047944382769
UBFC_PHYS_s15_T1_test,90,171,95.7,-0.5061479806900024,0.09305718952203396
UBFC_PHYS_s15_T1_test,90,172,95.73333333333333,-0.623715341091156,-0.29021559999938906
UBFC_PHYS_s15_T1_test,90,173,95.76666666666667,-0.7848490476608276,-0.676307764732485
UBFC_PHYS_s15_T1_test,90,174,95.8,-0.9746021628379822,-1.0332900093496846
UBFC_PHYS_s15_T1_test,90,175,95.83333333333333,-1.129942536354065,-1.3179187502244034
UBFC_PHYS_s15_T1_test,90,176,95.86666666666666,-1.1901166439056396,-1.481152417728712
UBFC_PHYS_s15_T1_test,90,177,95.9,-1.1384974718093872,-1.4801201217065776
UBFC_PHYS_s15_T1_test,90,178,95.93333333333334,-0.9758381247520447,-1.2930743388031765
UBFC_PHYS_s15_T1_test,90,179,95.96666666666667,-0.6987012624740601,-0.9313966123707416
UBFC_PHYS_s15_T1_test,90,180,96.0,-0.3957257866859436,-0.4429776486175864
UBFC_PHYS_s15_T1_test,90,181,96.03333333333333,-0.31081387400627136,0.09574584881917447
UBFC_PHYS_s15_T1_test,90,182,96.06666666666666,-0.5720768570899963,0.5974401587643645
UBFC_PHYS_s15_T1_test,90,183,96.1,-0.9426805377006531,0.9856283540298173
UBFC_PHYS_s15_T1_test,90,184,96.13333333333334,-1.0345832109451294,1.2131617969525141
UBFC_PHYS_s15_T1_test,90,185,96.16666666666667,-0.7509576678276062,1.2710779564986985
UBFC_PHYS_s15_T1_test,90,186,96.2,-0.30563846230506897,1.1850692871019803
UBFC_PHYS_s15_T1_test,90,187,96.23333333333333,0.11181454360485077,1.0014460694794312
UBFC_PHYS_s15_T1_test,90,188,96.26666666666667,0.48979517817497253,0.7684175367814848
UBFC_PHYS_s15_T1_test,90,189,96.3,0.9361765384674072,0.5202121696551286
UBFC_PHYS_s15_T1_test,90,190,96.33333333333333,1.49997079372406,0.27021281225793886
UBFC_PHYS_s15_T1_test,90,191,96.36666666666666,1.9817111492156982,0.015141471115184981
UBFC_PHYS_s15_T1_test,90,192,96.4,2.0843701362609863,-0.2529293940989502
UBFC_PHYS_s15_T1_test,90,193,96.43333333333334,1.7905869483947754,-0.5332794500852845
UBFC_PHYS_s15_T1_test,90,194,96.46666666666667,1.3425641059875488,-0.8079744942364617
UBFC_PHYS_s15_T1_test,90,195,96.5,0.8883810043334961,-1.041085209558379
UBFC_PHYS_s15_T1_test,90,196,96.53333333333333,0.3990705609321594,-1.1857366827572855
UBFC_PHYS_s15_T1_test,90,197,96.56666666666666,-0.13117991387844086,-1.1968340648111544
UBFC_PHYS_s15_T1_test,90,198,96.6,-0.636383593082428,-1.0458227613485538
UBFC_PHYS_s15_T1_test,90,199,96.63333333333334,-1.0557290315628052,-0.7330546585314319
UBFC_PHYS_s15_T1_test,90,200,96.66666666666667,-1.3231523036956787,-0.29344722608617646
UBFC_PHYS_s15_T1_test,90,201,96.7,-1.3873238563537598,0.20751123148963163
UBFC_PHYS_s15_T1_test,90,202,96.73333333333333,-1.354533314704895,0.687599845286899
UBFC_PHYS_s15_T1_test,90,203,96.76666666666667,-1.4182606935501099,1.0680537857564345
UBFC_PHYS_s15_T1_test,90,204,96.8,-1.5223101377487183,1.29337832218372
UBFC_PHYS_s15_T1_test,90,205,96.83333333333333,-1.4277231693267822,1.343491174293301
UBFC_PHYS_s15_T1_test,90,206,96.86666666666666,-1.1111526489257812,1.234054935278651
UBFC_PHYS_s15_T1_test,90,207,96.9,-0.7750195860862732,1.0060138402023528
UBFC_PHYS_s15_T1_test,90,208,96.93333333333334,-0.5474162697792053,0.7095819908754154
UBFC_PHYS_s15_T1_test,90,209,96.96666666666667,-0.42032843828201294,0.3891854550189072
UBFC_PHYS_s15_T1_test,90,210,97.0,-0.38587701320648193,0.07398926809025844
UBFC_PHYS_s15_T1_test,90,211,97.03333333333333,-0.42573559284210205,-0.22422541494710366
UBFC_PHYS_s15_T1_test,90,212,97.06666666666666,-0.4477311968803406,-0.5060445696988884
UBFC_PHYS_s15_T1_test,90,213,97.1,-0.38964274525642395,-0.7741971278212592
UBFC_PHYS_s15_T1_test,90,214,97.13333333333334,-0.2960600256919861,-1.0222869494829132
UBFC_PHYS_s15_T1_test,90,215,97.16666666666667,-0.23602111637592316,-1.2278439706079398
UBFC_PHYS_s15_T1_test,90,216,97.2,-0.20900456607341766,-1.353589063705125
UBFC_PHYS_s15_T1_test,90,217,97.23333333333333,-0.1820073276758194,-1.357327474624674
UBFC_PHYS_s15_T1_test,90,218,97.26666666666667,-0.1569991558790207,-1.2072285943747079
UBFC_PHYS_s15_T1_test,90,219,97.3,-0.15344586968421936,-0.8969111086725103
UBFC_PHYS_s15_T1_test,90,220,97.33333333333333,-0.16621065139770508,-0.4545117745939934
UBFC_PHYS_s15_T1_test,90,221,97.36666666666666,-0.19006015360355377,0.058314213593493244
UBFC_PHYS_s15_T1_test,90,222,97.4,-0.20251595973968506,0.558359658510197
UBFC_PHYS_s15_T1_test,90,223,97.43333333333334,-0.12117663770914078,0.9609465874598706
UBFC_PHYS_s15_T1_test,90,224,97.46666666666667,0.08730846643447876,1.2019667262396383
UBFC_PHYS_s15_T1_test,90,225,97.5,0.2965853214263916,1.2541934199626028
UBFC_PHYS_s15_T1_test,90,226,97.53333333333333,0.37062495946884155,1.131572342391599
UBFC_PHYS_s15_T1_test,90,227,97.56666666666666,0.3545772433280945,0.8799348053026285
UBFC_PHYS_s15_T1_test,90,228,97.6,0.3207437992095947,0.5590221837700162
UBFC_PHYS_s15_T1_test,90,229,97.63333333333334,0.26557135581970215,0.22458769183336852
UBFC_PHYS_s15_T1_test,90,230,97.66666666666667,0.21209827065467834,-0.08232116604859198
UBFC_PHYS_s15_T1_test,90,231,97.7,0.21843238174915314,-0.33713085666888853
UBFC_PHYS_s15_T1_test,90,232,97.73333333333333,0.27630844712257385,-0.5277147985968402
UBFC_PHYS_s15_T1_test,90,233,97.76666666666667,0.3308822512626648,-0.6493251894790812
UBFC_PHYS_s15_T1_test,90,234,97.8,0.3468720316886902,-0.7012732708218288
UBFC_PHYS_s15_T1_test,90,235,97.83333333333333,0.3012200593948364,-0.6854790969587142
UBFC_PHYS_s15_T1_test,90,236,97.86666666666666,0.19624367356300354,-0.6062366914486189
UBFC_PHYS_s15_T1_test,90,237,97.9,0.07875354588031769,-0.470850889281151
UBFC_PHYS_s15_T1_test,90,238,97.93333333333334,-0.009093686938285828,-0.2905696896041514
UBFC_PHYS_s15_T1_test,90,239,97.96666666666667,-0.07139203697443008,-0.08091640136306856
UBFC_PHYS_s15_T1_test,91,0,91.0,0.24415507912635803,-0.07537916319067689
UBFC_PHYS_s15_T1_test,91,1,91.03333333333333,0.2708047032356262,-0.3242646951107987
UBFC_PHYS_s15_T1_test,91,2,91.06666666666666,0.3065306842327118,-0.5871292024009032
UBFC_PHYS_s15_T1_test,91,3,91.1,0.3335472047328949,-0.8638842398862309
UBFC_PHYS_s15_T1_test,91,4,91.13333333333334,0.34447744488716125,-1.1274965825624268
UBFC_PHYS_s15_T1_test,91,5,91.16666666666667,0.3151242136955261,-1.3264076188478553
UBFC_PHYS_s15_T1_test,91,6,91.2,0.22955571115016937,-1.3990991879027395
UBFC_PHYS_s15_T1_test,91,7,91.23333333333333,0.11509747058153152,-1.2961793843320575
UBFC_PHYS_s15_T1_test,91,8,91.26666666666667,0.015817927196621895,-1.0018009083109982
UBFC_PHYS_s15_T1_test,91,9,91.3,-0.05379941314458847,-0.5456193659377618
UBFC_PHYS_s15_T1_test,91,10,91.33333333333333,-0.12053936719894409,0.000353863492082912
UBFC_PHYS_s15_T1_test,91,11,91.36666666666666,-0.2167290896177292,0.5399865015601419
UBFC_PHYS_s15_T1_test,91,12,91.4,-0.30662333965301514,0.9804492500406015
UBFC_PHYS_s15_T1_test,91,13,91.43333333333334,-0.27945229411125183,1.2589413365030022
UBFC_PHYS_s15_T1_test,91,14,91.46666666666667,-0.08519963175058365,1.3583993774590708
UBFC_PHYS_s15_T1_test,91,15,91.5,0.17984835803508759,1.3059714245641496
UBFC_PHYS_s15_T1_test,91,16,91.53333333333333,0.3832932114601135,1.155544665986522
UBFC_PHYS_s15_T1_test,91,17,91.56666666666666,0.48655086755752563,0.9624934118554486
UBFC_PHYS_s15_T1_test,91,18,91.6,0.5049738883972168,0.7614090084289422
UBFC_PHYS_s15_T1_test,91,19,91.63333333333334,0.4721832573413849,0.5557693619709376
UBFC_PHYS_s15_T1_test,91,20,91.66666666666667,0.43755802512168884,0.32378019577608624
UBFC_PHYS_s15_T1_test,91,21,91.7,0.4119319021701813,0.037757728455539825
UBFC_PHYS_s15_T1_test,91,22,91.73333333333333,0.3627459406852722,-0.3125592113505497
UBFC_PHYS_s15_T1_test,91,23,91.76666666666667,0.303382933139801,-0.7047173722413251
UBFC_PHYS_s15_T1_test,91,24,91.8,0.28638896346092224,-1.083396166707259
UBFC_PHYS_s15_T1_test,91,25,91.83333333333333,0.29224029183387756,-1.3745457789717388
UBFC_PHYS_s15_T1_test,91,26,91.86666666666666,0.25707435607910156,-1.5074377859442596
UBFC_PHYS_s15_T1_test,91,27,91.9,0.1682615578174591,-1.4367837019915948
UBFC_PHYS_s15_T1_test,91,28,91.93333333333334,0.06075539067387581,-1.158443488639965
UBFC_PHYS_s15_T1_test,91,29,91.96666666666667,-0.037655141204595566,-0.7145018346625348
UBFC_PHYS_s15_T1_test,91,30,92.0,-0.12488441169261932,-0.18556680366122844
UBFC_PHYS_s15_T1_test,91,31,92.03333333333333,-0.2250329703092575,0.32915035047321495
UBFC_PHYS_s15_T1_test,91,32,92.06666666666666,-0.34991931915283203,0.7393009246956278
UBFC_PHYS_s15_T1_test,91,33,92.1,-0.44496968388557434,0.9894128782082501
UBFC_PHYS_s15_T1_test,91,34,92.13333333333334,-0.39829421043395996,1.072676748773361
UBFC_PHYS_s15_T1_test,91,35,92.16666666666667,-0.17345240712165833,1.0255420993504694
UBFC_PHYS_s15_T1_test,91,36,92.2,0.10992202907800674,0.9054380508407501
UBFC_PHYS_s15_T1_test,91,37,92.23333333333333,0.3116481602191925,0.762923794048499
UBFC_PHYS_s15_T1_test,91,38,92.26666666666667,0.41451960802078247,0.6220035400710013
UBFC_PHYS_s15_T1_test,91,39,92.3,0.45277535915374756,0.4767778839373809
UBFC_PHYS_s15_T1_test,91,40,92.33333333333333,0.4266471266746521,0.3027541223741908
UBFC_PHYS_s15_T1_test,91,41,92.36666666666666,0.370663583278656,0.0742822375362197
UBFC_PHYS_s15_T1_test,91,42,92.4,0.37363752722740173,-0.21988754811331787
UBFC_PHYS_s15_T1_test,91,43,92.43333333333334,0.4672974944114685,-0.5667619045111416
UBFC_PHYS_s15_T1_test,91,44,92.46666666666667,0.5704585909843445,-0.9264061967896599
UBFC_PHYS_s15_T1_test,91,45,92.5,0.5934970378875732,-1.237282127659352
UBFC_PHYS_s15_T1_test,91,46,92.53333333333333,0.5240148305892944,-1.429515497126439
UBFC_PHYS_s15_T1_test,91,47,92.56666666666666,0.3803772032260895,-1.4437436049020549
UBFC_PHYS_s15_T1_test,91,48,92.6,0.18315058946609497,-1.250469975919864
UBFC_PHYS_s15_T1_test,91,49,92.63333333333334,0.006625734735280275,-0.863310406578404
UBFC_PHYS_s15_T1_test,91,50,92.66666666666667,-0.08375128358602524,-0.34052712732954554
UBFC_PHYS_s15_T1_test,91,51,92.7,-0.10536065697669983,0.22724356227761167
UBFC_PHYS_s15_T1_test,91,52,92.73333333333333,-0.11679296940565109,0.7403479551954681
UBFC_PHYS_s15_T1_test,91,53,92.76666666666667,-0.17613668739795685,1.1173970201395766
UBFC_PHYS_s15_T1_test,91,54,92.8,-0.29891809821128845,1.3170100831321683
UBFC_PHYS_s15_T1_test,91,55,92.83333333333333,-0.396015465259552,1.3456719215492565
UBFC_PHYS_s15_T1_test,91,56,92.86666666666666,-0.36167994141578674,1.2481453249707497
UBFC_PHYS_s15_T1_test,91,57,92.9,-0.20471744239330292,1.0841420189967022
UBFC_PHYS_s15_T1_test,91,58,92.93333333333334,-0.004729326348751783,0.9017358233086377
UBFC_PHYS_s15_T1_test,91,59,92.96666666666667,0.18170224130153656,0.7199714457104257
UBFC_PHYS_s15_T1_test,91,60,93.0,0.3090411424636841,0.5281255868139292
UBFC_PHYS_s15_T1_test,91,61,93.03333333333333,0.3387998938560486,0.3000853350119865
UBFC_PHYS_s15_T1_test,91,62,93.06666666666666,0.2873545289039612,0.014773264184976605
UBFC_PHYS_s15_T1_test,91,63,93.1,0.181296706199646,-0.3281133136532708
UBFC_PHYS_s15_T1_test,91,64,93.13333333333334,0.03976397588849068,-0.7029872375883585
UBFC_PHYS_s15_T1_test,91,65,93.16666666666667,-0.10518685728311539,-1.0632355490936825
UBFC_PHYS_s15_T1_test,91,66,93.2,-0.2242991328239441,-1.3520088988649739
UBFC_PHYS_s15_T1_test,91,67,93.23333333333333,-0.3184804916381836,-1.51501014322525
UBFC_PHYS_s15_T1_test,91,68,93.26666666666667,-0.41326048970222473,-1.512773191164306
UBFC_PHYS_s15_T1_test,91,69,93.3,-0.5458327531814575,-1.3307667995471066
UBFC_PHYS_s15_T1_test,91,70,93.33333333333333,-0.7283634543418884,-0.9853875382034497
UBFC_PHYS_s15_T1_test,91,71,93.36666666666666,-0.9096968173980713,-0.5235867061802993
UBFC_PHYS_s15_T1_test,91,72,93.4,-1.0055968761444092,-0.014807903513631744
UBFC_PHYS_s15_T1_test,91,73,93.43333333333334,-0.9821529388427734,0.46387010480393254
UBFC_PHYS_s15_T1_test,91,74,93.46666666666667,-0.8866004943847656,0.8458440538172288
UBFC_PHYS_s15_T1_test,91,75,93.5,-0.7447780966758728,1.090774922008064
UBFC_PHYS_s15_T1_test,91,76,93.53333333333333,-0.48310956358909607,1.1921836361198892
UBFC_PHYS_s15_T1_test,91,77,93.56666666666666,-0.07732061296701431,1.1734119439134048
UBFC_PHYS_s15_T1_test,91,78,93.6,0.363151490688324,1.0733315917378872
UBFC_PHYS_s15_T1_test,91,79,93.63333333333334,0.7264168858528137,0.927972139204335
UBFC_PHYS_s15_T1_test,91,80,93.66666666666667,0.9818478226661682,0.7562810489936178
UBFC_PHYS_s15_T1_test,91,81,93.7,1.101056694984436,0.5565361229464617
UBFC_PHYS_s15_T1_test,91,82,93.73333333333333,1.0805480480194092,0.3151221569292856
UBFC_PHYS_s15_T1_test,91,83,93.76666666666667,1.0668948888778687,0.023168126159667318
UBFC_PHYS_s15_T1_test,91,84,93.8,1.2343627214431763,-0.3082147083242556
UBFC_PHYS_s15_T1_test,91,85,93.83333333333333,1.5108816623687744,-0.6430095869558441
UBFC_PHYS_s15_T1_test,91,86,93.86666666666666,1.6122275590896606,-0.9283802566685206
UBFC_PHYS_s15_T1_test,91,87,93.9,1.2789719104766846,-1.1111313145256172
UBFC_PHYS_s15_T1_test,91,88,93.93333333333334,0.489408940076828,-1.1546775950009742
UBFC_PHYS_s15_T1_test,91,89,93.96666666666667,-0.4480594992637634,-1.0499520308945598
UBFC_PHYS_s15_T1_test,91,90,94.0,-1.1155555248260498,-0.8171975693062419
UBFC_PHYS_s15_T1_test,91,91,94.03333333333333,-1.364304780960083,-0.4992863160945815
UBFC_PHYS_s15_T1_test,91,92,94.06666666666666,-1.3683022260665894,-0.14975693096242995
UBFC_PHYS_s15_T1_test,91,93,94.1,-1.2900527715682983,0.18042767462627698
UBFC_PHYS_s15_T1_test,91,94,94.13333333333334,-1.1917966604232788,0.4539543991237043
UBFC_PHYS_s15_T1_test,91,95,94.16666666666667,-1.041979432106018,0.6533062438132077
UBFC_PHYS_s15_T1_test,91,96,94.2,-0.7359141707420349,0.779712507885102
UBFC_PHYS_s15_T1_test,91,97,94.23333333333333,-0.25403857231140137,0.8447465609904306
UBFC_PHYS_s15_T1_test,91,98,94.26666666666667,0.2249596118927002,0.858657904029527
UBFC_PHYS_s15_T1_test,91,99,94.3,0.49651551246643066,0.8221591491052078
UBFC_PHYS_s15_T1_test,91,100,94.33333333333333,0.5414530038833618,0.7261728343122102
UBFC_PHYS_s15_T1_test,91,101,94.36666666666666,0.45362505316734314,0.5589064804356019
UBFC_PHYS_s15_T1_test,91,102,94.4,0.3314616084098816,0.3156452388934251
UBFC_PHYS_s15_T1_test,91,103,94.43333333333334,0.2650885581970215,0.006219796268554824
UBFC_PHYS_s15_T1_test,91,104,94.46666666666667,0.2978212535381317,-0.34220530139092525
UBFC_PHYS_s15_T1_test,91,105,94.5,0.38783136010169983,-0.6868398091479077
UBFC_PHYS_s15_T1_test,91,106,94.53333333333333,0.46200618147850037,-0.9751906000946362
UBFC_PHYS_s15_T1_test,91,107,94.56666666666666,0.4845618009567261,-1.1552635973080776
UBFC_PHYS_s15_T1_test,91,108,94.6,0.4520801603794098,-1.1884861663387283
UBFC_PHYS_s15_T1_test,91,109,94.63333333333334,0.3674193024635315,-1.061402424684599
UBFC_PHYS_s15_T1_test,91,110,94.66666666666667,0.2335338443517685,-0.7915012739882626
UBFC_PHYS_s15_T1_test,91,111,94.7,0.07713139802217484,-0.42430368728931656
UBFC_PHYS_s15_T1_test,91,112,94.73333333333333,-0.0647682473063469,-0.022201452831691372
UBFC_PHYS_s15_T1_test,91,113,94.76666666666667,-0.1849619597196579,0.35131974197523147
UBFC_PHYS_s15_T1_test,91,114,94.8,-0.25129637122154236,0.6470056234827096
UBFC_PHYS_s15_T1_test,91,115,94.83333333333333,-0.16263806819915771,0.8398998462130899
UBFC_PHYS_s15_T1_test,91,116,94.86666666666666,0.11581198871135712,0.9307981921865347
UBFC_PHYS_s15_T1_test,91,117,94.9,0.4543975293636322,0.9384577422241361
UBFC_PHYS_s15_T1_test,91,118,94.93333333333334,0.6923903226852417,0.8856689602000207
UBFC_PHYS_s15_T1_test,91,119,94.96666666666667,0.8034111857414246,0.7856183619213398
UBFC_PHYS_s15_T1_test,91,120,95.0,0.8623107075691223,0.6358213689637834
UBFC_PHYS_s15_T1_test,91,121,95.03333333333333,0.8973801136016846,0.4236025307105634
UBFC_PHYS_s15_T1_test,91,122,95.06666666666666,0.887280285358429,0.1404268494018617
UBFC_PHYS_s15_T1_test,91,123,95.1,0.8687993288040161,-0.20314340182178636
UBFC_PHYS_s15_T1_test,91,124,95.13333333333334,0.9307114481925964,-0.5703769723308715
UBFC_PHYS_s15_T1_test,91,125,95.16666666666667,1.1148062944412231,-0.9031100606961264
UBFC_PHYS_s15_T1_test,91,126,95.2,1.3463491201400757,-1.136114795106495
UBFC_PHYS_s15_T1_test,91,127,95.23333333333333,1.445435643196106,-1.2151368162992429
UBFC_PHYS_s15_T1_test,91,128,95.26666666666667,1.2663229703903198,-1.1128137771909394
UBFC_PHYS_s15_T1_test,91,129,95.3,0.8530412912368774,-0.8385642546639082
UBFC_PHYS_s15_T1_test,91,130,95.33333333333333,0.3582850396633148,-0.43959895370699004
UBFC_PHYS_s15_T1_test,91,131,95.36666666666666,-0.11559566855430603,0.008742766233789149
UBFC_PHYS_s15_T1_test,91,132,95.4,-0.5218480825424194,0.4223738148646503
UBFC_PHYS_s15_T1_test,91,133,95.43333333333334,-0.8150519728660583,0.7324261883299024
UBFC_PHYS_s15_T1_test,91,134,95.46666666666667,-0.9521624445915222,0.9051145450930695
UBFC_PHYS_s15_T1_test,91,135,95.5,-0.9171316623687744,0.9486241761404562
UBFC_PHYS_s15_T1_test,91,136,95.53333333333333,-0.7319360375404358,0.9028816487461906
UBFC_PHYS_s15_T1_test,91,137,95.56666666666666,-0.5002580285072327,0.8163488520565674
UBFC_PHYS_s15_T1_test,91,138,95.6,-0.3534919321537018,0.7215727951683321
UBFC_PHYS_s15_T1_test,91,139,95.63333333333334,-0.3429672420024872,0.6221636075868467
UBFC_PHYS_s15_T1_test,91,140,95.66666666666667,-0.4131059944629669,0.4962907588930827
UBFC_PHYS_s15_T1_test,91,141,95.7,-0.5061479806900024,0.3122811336477579
UBFC_PHYS_s15_T1_test,91,142,95.73333333333333,-0.623715341091156,0.04773662390464782
UBFC_PHYS_s15_T1_test,91,143,95.76666666666667,-0.7848490476608276,-0.29524063707126713
UBFC_PHYS_s15_T1_test,91,144,95.8,-0.9746021628379822,-0.6831734088298558
UBFC_PHYS_s15_T1_test,91,145,95.83333333333333,-1.129942536354065,-1.054496623387564
UBFC_PHYS_s15_T1_test,91,146,95.86666666666666,-1.1901166439056396,-1.3327656123053064
UBFC_PHYS_s15_T1_test,91,147,95.9,-1.1384974718093872,-1.4471683472024535
UBFC_PHYS_s15_T1_test,91,148,95.93333333333334,-0.9758381247520447,-1.354704211353787
UBFC_PHYS_s15_T1_test,91,149,95.96666666666667,-0.6987012624740601,-1.0565098598822413
UBFC_PHYS_s15_T1_test,91,150,96.0,-0.3957257866859436,-0.6019200803295455
UBFC_PHYS_s15_T1_test,91,151,96.03333333333333,-0.31081387400627136,-0.07764628951545874
UBFC_PHYS_s15_T1_test,91,152,96.06666666666666,-0.5720768570899963,0.4155681803823694
UBFC_PHYS_s15_T1_test,91,153,96.1,-0.9426805377006531,0.791728463941276
UBFC_PHYS_s15_T1_test,91,154,96.13333333333334,-1.0345832109451294,1.0037996663613558
UBFC_PHYS_s15_T1_test,91,155,96.16666666666667,-0.7509576678276062,1.054035842980679
UBFC_PHYS_s15_T1_test,91,156,96.2,-0.30563846230506897,0.9860378938033967
UBFC_PHYS_s15_T1_test,91,157,96.23333333333333,0.11181454360485077,0.8615627635602257
UBFC_PHYS_s15_T1_test,91,158,96.26666666666667,0.48979517817497253,0.7318679441138649
UBFC_PHYS_s15_T1_test,91,159,96.3,0.9361765384674072,0.6164106321169742
UBFC_PHYS_s15_T1_test,91,160,96.33333333333333,1.49997079372406,0.49904104292602497
UBFC_PHYS_s15_T1_test,91,161,96.36666666666666,1.9817111492156982,0.3434165952987159
UBFC_PHYS_s15_T1_test,91,162,96.4,2.0843701362609863,0.1187481663981363
UBFC_PHYS_s15_T1_test,91,163,96.43333333333334,1.7905869483947754,-0.17841595040619904
UBFC_PHYS_s15_T1_test,91,164,96.46666666666667,1.3425641059875488,-0.5165403712803608
UBFC_PHYS_s15_T1_test,91,165,96.5,0.8883810043334961,-0.8367997812565493
UBFC_PHYS_s15_T1_test,91,166,96.53333333333333,0.3990705609321594,-1.0707117891265687
UBFC_PHYS_s15_T1_test,91,167,96.56666666666666,-0.13117991387844086,-1.1603643296671364
UBFC_PHYS_s15_T1_test,91,168,96.6,-0.636383593082428,-1.0753022625411752
UBFC_PHYS_s15_T1_test,91,169,96.63333333333334,-1.0557290315628052,-0.8223658645999128
UBFC_PHYS_s15_T1_test,91,170,96.66666666666667,-1.3231523036956787,-0.4461757747496182
UBFC_PHYS_s15_T1_test,91,171,96.7,-1.3873238563537598,-0.019198943108833404
UBFC_PHYS_s15_T1_test,91,172,96.73333333333333,-1.354533314704895,0.37724552628525565
UBFC_PHYS_s15_T1_test,91,173,96.76666666666667,-1.4182606935501099,0.6760324743842415
UBFC_PHYS_s15_T1_test,91,174,96.8,-1.5223101377487183,0.8430704583506766
UBFC_PHYS_s15_T1_test,91,175,96.83333333333333,-1.4277231693267822,0.8837096041862414
UBFC_PHYS_s15_T1_test,91,176,96.86666666666666,-1.1111526489257812,0.8333627718545541
UBFC_PHYS_s15_T1_test,91,177,96.9,-0.7750195860862732,0.7366587318364157
UBFC_PHYS_s15_T1_test,91,178,96.93333333333334,-0.5474162697792053,0.6256013778953989
UBFC_PHYS_s15_T1_test,91,179,96.96666666666667,-0.42032843828201294,0.5074521565889698
UBFC_PHYS_s15_T1_test,91,180,97.0,-0.38587701320648193,0.3666800169784483
UBFC_PHYS_s15_T1_test,91,181,97.03333333333333,-0.42573559284210205,0.177785751180662
UBFC_PHYS_s15_T1_test,91,182,97.06666666666666,-0.4477311968803406,-0.07751555551585664
UBFC_PHYS_s15_T1_test,91,183,97.1,-0.38964274525642395,-0.39512131264554645
UBFC_PHYS_s15_T1_test,91,184,97.13333333333334,-0.2960600256919861,-0.7408258061108637
UBFC_PHYS_s15_T1_test,91,185,97.16666666666667,-0.23602111637592316,-1.0536712789844576
UBFC_PHYS_s15_T1_test,91,186,97.2,-0.20900456607341766,-1.260408387696309
UBFC_PHYS_s15_T1_test,91,187,97.23333333333333,-0.1820073276758194,-1.2970158015278448
UBFC_PHYS_s15_T1_test,91,188,97.26666666666667,-0.1569991558790207,-1.1304638590705876
UBFC_PHYS_s15_T1_test,91,189,97.3,-0.15344586968421936,-0.7733312535859337
UBFC_PHYS_s15_T1_test,91,190,97.33333333333333,-0.16621065139770508,-0.28557507234177115
UBFC_PHYS_s15_T1_test,91,191,97.36666666666666,-0.19006015360355377,0.23862447325354683
UBFC_PHYS_s15_T1_test,91,192,97.4,-0.20251595973968506,0.6962225727756731
UBFC_PHYS_s15_T1_test,91,193,97.43333333333334,-0.12117663770914078,1.0053352271648284
UBFC_PHYS_s15_T1_test,91,194,97.46666666666667,0.08730846643447876,1.1292670494748387
UBFC_PHYS_s15_T1_test,91,195,97.5,0.2965853214263916,1.0844896143685838
UBFC_PHYS_s15_T1_test,91,196,97.53333333333333,0.37062495946884155,0.9279670855123876
UBFC_PHYS_s15_T1_test,91,197,97.56666666666666,0.3545772433280945,0.7284024098108117
UBFC_PHYS_s15_T1_test,91,198,97.6,0.3207437992095947,0.5349272920598428
UBFC_PHYS_s15_T1_test,91,199,97.63333333333334,0.26557135581970215,0.3591404602469873
UBFC_PHYS_s15_T1_test,91,200,97.66666666666667,0.21209827065467834,0.1790617667756215
UBFC_PHYS_s15_T1_test,91,201,97.7,0.21843238174915314,-0.03881504287733839
UBFC_PHYS_s15_T1_test,91,202,97.73333333333333,0.27630844712257385,-0.3126680506854089
UBFC_PHYS_s15_T1_test,91,203,97.76666666666667,0.3308822512626648,-0.6280467140826644
UBFC_PHYS_s15_T1_test,91,204,97.8,0.3468720316886902,-0.9371122327609149
UBFC_PHYS_s15_T1_test,91,205,97.83333333333333,0.3012200593948364,-1.1722017988014177
UBFC_PHYS_s15_T1_test,91,206,97.86666666666666,0.19624367356300354,-1.2668786231134428
UBFC_PHYS_s15_T1_test,91,207,97.9,0.07875354588031769,-1.1773820340132755
UBFC_PHYS_s15_T1_test,91,208,97.93333333333334,-0.009093686938285828,-0.8984825302012065
UBFC_PHYS_s15_T1_test,91,209,97.96666666666667,-0.07139203697443008,-0.46913014006129555
UBFC_PHYS_s15_T1_test,91,210,98.0,-0.13936790823936462,0.034647932402746065
UBFC_PHYS_s15_T1_test,91,211,98.03333333333333,-0.20278631150722504,0.5189400454750381
UBFC_PHYS_s15_T1_test,91,212,98.06666666666666,-0.1624835729598999,0.8983493168745341
UBFC_PHYS_s15_T1_test,91,213,98.1,0.048280272632837296,1.1206181905488501
UBFC_PHYS_s15_T1_test,91,214,98.13333333333334,0.3298780620098114,1.1789725552256443
UBFC_PHYS_s15_T1_test,91,215,98.16666666666667,0.5079478025436401,1.1060181264439708
UBFC_PHYS_s15_T1_test,91,216,98.2,0.5379382967948914,0.9528235741088714
UBFC_PHYS_s15_T1_test,91,217,98.23333333333333,0.5454697608947754,0.7647650639193224
UBFC_PHYS_s15_T1_test,91,218,98.26666666666667,0.637121319770813,0.5654668800697669
UBFC_PHYS_s15_T1_test,91,219,98.3,0.7284252643585205,0.3540458829889181
UBFC_PHYS_s15_T1_test,91,220,98.33333333333333,0.694012463092804,0.11449286306305437
UBFC_PHYS_s15_T1_test,91,221,98.36666666666666,0.5830689072608948,-0.16799353546662843
UBFC_PHYS_s15_T1_test,91,222,98.4,0.5170820951461792,-0.4904378930912347
UBFC_PHYS_s15_T1_test,91,223,98.43333333333334,0.49881356954574585,-0.8217796605092478
UBFC_PHYS_s15_T1_test,91,224,98.46666666666667,0.47739729285240173,-1.103802851539185
UBFC_PHYS_s15_T1_test,91,225,98.5,0.46633192896842957,-1.2648864888556008
UBFC_PHYS_s15_T1_test,91,226,98.53333333333333,0.4766634702682495,-1.2430275971958833
UBFC_PHYS_s15_T1_test,91,227,98.56666666666666,0.46625468134880066,-1.0101775880919268
UBFC_PHYS_s15_T1_test,91,228,98.6,0.40700751543045044,-0.5887238184599937
UBFC_PHYS_s15_T1_test,91,229,98.63333333333334,0.26551342010498047,-0.05305247009747393
UBFC_PHYS_s15_T1_test,91,230,98.66666666666667,-0.005250732414424419,0.48648764926316734
UBFC_PHYS_s15_T1_test,91,231,98.7,-0.364441454410553,0.9139719859467749
UBFC_PHYS_s15_T1_test,91,232,98.73333333333333,-0.6913436055183411,1.1433034215950906
UBFC_PHYS_s15_T1_test,91,233,98.76666666666667,-0.9265170097351074,1.1458749683232738
UBFC_PHYS_s15_T1_test,91,234,98.8,-1.0838656425476074,0.9592824239009895
UBFC_PHYS_s15_T1_test,91,235,98.83333333333333,-1.1524401903152466,0.6721897146533952
UBFC_PHYS_s15_T1_test,91,236,98.86666666666666,-1.0994691848754883,0.3894586624747122
UBFC_PHYS_s15_T1_test,91,237,98.9,-0.9221140146255493,0.1905185390559067
UBFC_PHYS_s15_T1_test,91,238,98.93333333333334,-0.653937578201294,0.09883365020062461
UBFC_PHYS_s15_T1_test,91,239,98.96666666666667,-0.3468681275844574,0.07674369279103758
UBFC_PHYS_s15_T1_test,92,0,92.0,-0.12488441169261932,-0.021588596607117917
UBFC_PHYS_s15_T1_test,92,1,92.03333333333333,-0.2250329703092575,0.7309711327041468
UBFC_PHYS_s15_T1_test,92,2,92.06666666666666,-0.34991931915283203,1.358931235679721
UBFC_PHYS_s15_T1_test,92,3,92.1,-0.44496968388557434,1.771050929450553
UBFC_PHYS_s15_T1_test,92,4,92.13333333333334,-0.39829421043395996,1.9293912668384876
UBFC_PHYS_s15_T1_test,92,5,92.16666666666667,-0.17345240712165833,1.852362905267224
UBFC_PHYS_s15_T1_test,92,6,92.2,0.10992202907800674,1.5987023906879654
UBFC_PHYS_s15_T1_test,92,7,92.23333333333333,0.3116481602191925,1.2414338241269673
UBFC_PHYS_s15_T1_test,92,8,92.26666666666667,0.41451960802078247,0.8444770854538197
UBFC_PHYS_s15_T1_test,92,9,92.3,0.45277535915374756,0.4504535654792457
UBFC_PHYS_s15_T1_test,92,10,92.33333333333333,0.4266471266746521,0.08030402206165933
UBFC_PHYS_s15_T1_test,92,11,92.36666666666666,0.370663583278656,-0.2602146498579388
UBFC_PHYS_s15_T1_test,92,12,92.4,0.37363752722740173,-0.5718592680050286
UBFC_PHYS_s15_T1_test,92,13,92.43333333333334,0.4672974944114685,-0.8530945634830909
UBFC_PHYS_s15_T1_test,92,14,92.46666666666667,0.5704585909843445,-1.0925827461094482
UBFC_PHYS_s15_T1_test,92,15,92.5,0.5934970378875732,-1.2656183148034745
UBFC_PHYS_s15_T1_test,92,16,92.53333333333333,0.5240148305892944,-1.3374975884944182
UBFC_PHYS_s15_T1_test,92,17,92.56666666666666,0.3803772032260895,-1.2744943059931257
UBFC_PHYS_s15_T1_test,92,18,92.6,0.18315058946609497,-1.0587114944403737
UBFC_PHYS_s15_T1_test,92,19,92.63333333333334,0.006625734735280275,-0.699990070946427
UBFC_PHYS_s15_T1_test,92,20,92.66666666666667,-0.08375128358602524,-0.23910507025756794
UBFC_PHYS_s15_T1_test,92,21,92.7,-0.10536065697669983,0.25930483192692616
UBFC_PHYS_s15_T1_test,92,22,92.73333333333333,-0.11679296940565109,0.7212016599660999
UBFC_PHYS_s15_T1_test,92,23,92.76666666666667,-0.17613668739795685,1.0798990890184115
UBFC_PHYS_s15_T1_test,92,24,92.8,-0.29891809821128845,1.2904786078733392
UBFC_PHYS_s15_T1_test,92,25,92.83333333333333,-0.396015465259552,1.338529895667065
UBFC_PHYS_s15_T1_test,92,26,92.86666666666666,-0.36167994141578674,1.240526000605451
UBFC_PHYS_s15_T1_test,92,27,92.9,-0.20471744239330292,1.034829225888262
UBFC_PHYS_s15_T1_test,92,28,92.93333333333334,-0.004729326348751783,0.7663133990086551
UBFC_PHYS_s15_T1_test,92,29,92.96666666666667,0.18170224130153656,0.4713709418468699
UBFC_PHYS_s15_T1_test,92,30,93.0,0.3090411424636841,0.17028086116739183
UBFC_PHYS_s15_T1_test,92,31,93.03333333333333,0.3387998938560486,-0.1302624548947539
UBFC_PHYS_s15_T1_test,92,32,93.06666666666666,0.2873545289039612,-0.42789193024400957
UBFC_PHYS_s15_T1_test,92,33,93.1,0.181296706199646,-0.7154376987399048
UBFC_PHYS_s15_T1_test,92,34,93.13333333333334,0.03976397588849068,-0.9766536723972585
UBFC_PHYS_s15_T1_test,92,35,93.16666666666667,-0.10518685728311539,-1.1870759470083232
UBFC_PHYS_s15_T1_test,92,36,93.2,-0.2242991328239441,-1.3179498399020615
UBFC_PHYS_s15_T1_test,92,37,93.23333333333333,-0.3184804916381836,-1.3414797566376433
UBFC_PHYS_s15_T1_test,92,38,93.26666666666667,-0.41326048970222473,-1.2368259064545635
UBFC_PHYS_s15_T1_test,92,39,93.3,-0.5458327531814575,-0.9966677251088103
UBFC_PHYS_s15_T1_test,92,40,93.33333333333333,-0.7283634543418884,-0.6332339703833786
UBFC_PHYS_s15_T1_test,92,41,93.36666666666666,-0.9096968173980713,-0.1814153008132865
UBFC_PHYS_s15_T1_test,92,42,93.4,-1.0055968761444092,0.30364269533259747
UBFC_PHYS_s15_T1_test,92,43,93.43333333333334,-0.9821529388427734,0.7555466626455769
UBFC_PHYS_s15_T1_test,92,44,93.46666666666667,-0.8866004943847656,1.1105461677894328
UBFC_PHYS_s15_T1_test,92,45,93.5,-0.7447780966758728,1.3220845548865598
UBFC_PHYS_s15_T1_test,92,46,93.53333333333333,-0.48310956358909607,1.3710729173459695
UBFC_PHYS_s15_T1_test,92,47,93.56666666666666,-0.07732061296701431,1.2682944612986227
UBFC_PHYS_s15_T1_test,92,48,93.6,0.363151490688324,1.048094093587378
UBFC_PHYS_s15_T1_test,92,49,93.63333333333334,0.7264168858528137,0.7556526319893047
UBFC_PHYS_s15_T1_test,92,50,93.66666666666667,0.9818478226661682,0.43264011613258047
UBFC_PHYS_s15_T1_test,92,51,93.7,1.101056694984436,0.10708862830687171
UBFC_PHYS_s15_T1_test,92,52,93.73333333333333,1.0805480480194092,-0.20786065526564435
UBFC_PHYS_s15_T1_test,92,53,93.76666666666667,1.0668948888778687,-0.5059302222169835
UBFC_PHYS_s15_T1_test,92,54,93.8,1.2343627214431763,-0.775967156013727
UBFC_PHYS_s15_T1_test,92,55,93.83333333333333,1.5108816623687744,-0.9948477992828997
UBFC_PHYS_s15_T1_test,92,56,93.86666666666666,1.6122275590896606,-1.129850904890791
UBFC_PHYS_s15_T1_test,92,57,93.9,1.2789719104766846,-1.1488917913835028
UBFC_PHYS_s15_T1_test,92,58,93.93333333333334,0.489408940076828,-1.0329187125652133
UBFC_PHYS_s15_T1_test,92,59,93.96666666666667,-0.4480594992637634,-0.7847213698744908
UBFC_PHYS_s15_T1_test,92,60,94.0,-1.1155555248260498,-0.43117356846159866
UBFC_PHYS_s15_T1_test,92,61,94.03333333333333,-1.364304780960083,-0.01912519396901962
UBFC_PHYS_s15_T1_test,92,62,94.06666666666666,-1.3683022260665894,0.3931608726171657
UBFC_PHYS_s15_T1_test,92,63,94.1,-1.2900527715682983,0.7470810153718441
UBFC_PHYS_s15_T1_test,92,64,94.13333333333334,-1.1917966604232788,0.995654015248247
UBFC_PHYS_s15_T1_test,92,65,94.16666666666667,-1.041979432106018,1.1138355065834717
UBFC_PHYS_s15_T1_test,92,66,94.2,-0.7359141707420349,1.1028205934810007
UBFC_PHYS_s15_T1_test,92,67,94.23333333333333,-0.25403857231140137,0.984985467617923
UBFC_PHYS_s15_T1_test,92,68,94.26666666666667,0.2249596118927002,0.7916456871148537
UBFC_PHYS_s15_T1_test,92,69,94.3,0.49651551246643066,0.5507812662811439
UBFC_PHYS_s15_T1_test,92,70,94.33333333333333,0.5414530038833618,0.2811045713745389
UBFC_PHYS_s15_T1_test,92,71,94.36666666666666,0.45362505316734314,-0.006240518942786668
UBFC_PHYS_s15_T1_test,92,72,94.4,0.3314616084098816,-0.3018139436676921
UBFC_PHYS_s15_T1_test,92,73,94.43333333333334,0.2650885581970215,-0.5925170753594262
UBFC_PHYS_s15_T1_test,92,74,94.46666666666667,0.2978212535381317,-0.8589583758686132
UBFC_PHYS_s15_T1_test,92,75,94.5,0.38783136010169983,-1.0751439642277272
UBFC_PHYS_s15_T1_test,92,76,94.53333333333333,0.46200618147850037,-1.2101553297965524
UBFC_PHYS_s15_T1_test,92,77,94.56666666666666,0.4845618009567261,-1.2327505017887812
UBFC_PHYS_s15_T1_test,92,78,94.6,0.4520801603794098,-1.1195256633170099
UBFC_PHYS_s15_T1_test,92,79,94.63333333333334,0.3674193024635315,-0.8649536195622741
UBFC_PHYS_s15_T1_test,92,80,94.66666666666667,0.2335338443517685,-0.4889575994317252
UBFC_PHYS_s15_T1_test,92,81,94.7,0.07713139802217484,-0.037376292958469975
UBFC_PHYS_s15_T1_test,92,82,94.73333333333333,-0.0647682473063469,0.426153940422769
UBFC_PHYS_s15_T1_test,92,83,94.76666666666667,-0.1849619597196579,0.8342017337284882
UBFC_PHYS_s15_T1_test,92,84,94.8,-0.25129637122154236,1.130593322524877
UBFC_PHYS_s15_T1_test,92,85,94.83333333333333,-0.16263806819915771,1.2819692658258681
UBFC_PHYS_s15_T1_test,92,86,94.86666666666666,0.11581198871135712,1.282870239890835
UBFC_PHYS_s15_T1_test,92,87,94.9,0.4543975293636322,1.1532001373161145
UBFC_PHYS_s15_T1_test,92,88,94.93333333333334,0.6923903226852417,0.9287062460629034
UBFC_PHYS_s15_T1_test,92,89,94.96666666666667,0.8034111857414246,0.6475301412159534
UBFC_PHYS_s15_T1_test,92,90,95.0,0.8623107075691223,0.3385658547354685
UBFC_PHYS_s15_T1_test,92,91,95.03333333333333,0.8973801136016846,0.017480613150169234
UBFC_PHYS_s15_T1_test,92,92,95.06666666666666,0.887280285358429,-0.30791611604971864
UBFC_PHYS_s15_T1_test,92,93,95.1,0.8687993288040161,-0.6270493562994371
UBFC_PHYS_s15_T1_test,92,94,95.13333333333334,0.9307114481925964,-0.9179917967023868
UBFC_PHYS_s15_T1_test,92,95,95.16666666666667,1.1148062944412231,-1.1466238593628584
UBFC_PHYS_s15_T1_test,92,96,95.2,1.3463491201400757,-1.2739530399040706
UBFC_PHYS_s15_T1_test,92,97,95.23333333333333,1.445435643196106,-1.2673535177967994
UBFC_PHYS_s15_T1_test,92,98,95.26666666666667,1.2663229703903198,-1.1108859640987792
UBFC_PHYS_s15_T1_test,92,99,95.3,0.8530412912368774,-0.8119269746574853
UBFC_PHYS_s15_T1_test,92,100,95.33333333333333,0.3582850396633148,-0.40305582953074964
UBFC_PHYS_s15_T1_test,92,101,95.36666666666666,-0.11559566855430603,0.061437202138801536
UBFC_PHYS_s15_T1_test,92,102,95.4,-0.5218480825424194,0.5150021622116032
UBFC_PHYS_s15_T1_test,92,103,95.43333333333334,-0.8150519728660583,0.8933529991206592
UBFC_PHYS_s15_T1_test,92,104,95.46666666666667,-0.9521624445915222,1.1499303099827967
UBFC_PHYS_s15_T1_test,92,105,95.5,-0.9171316623687744,1.2658419213245582
UBFC_PHYS_s15_T1_test,92,106,95.53333333333333,-0.7319360375404358,1.2493267471601404
UBFC_PHYS_s15_T1_test,92,107,95.56666666666666,-0.5002580285072327,1.1251982862343624
UBFC_PHYS_s15_T1_test,92,108,95.6,-0.3534919321537018,0.9209182354156196
UBFC_PHYS_s15_T1_test,92,109,95.63333333333334,-0.3429672420024872,0.6575395710290372
UBFC_PHYS_s15_T1_test,92,110,95.66666666666667,-0.4131059944629669,0.34870719346243223
UBFC_PHYS_s15_T1_test,92,111,95.7,-0.5061479806900024,0.004879529372576908
UBFC_PHYS_s15_T1_test,92,112,95.73333333333333,-0.623715341091156,-0.36123771620119854
UBFC_PHYS_s15_T1_test,92,113,95.76666666666667,-0.7848490476608276,-0.7298999002855411
UBFC_PHYS_s15_T1_test,92,114,95.8,-0.9746021628379822,-1.070760698856535
UBFC_PHYS_s15_T1_test,92,115,95.83333333333333,-1.129942536354065,-1.3419188096680723
UBFC_PHYS_s15_T1_test,92,116,95.86666666666666,-1.1901166439056396,-1.4942605667233033
UBFC_PHYS_s15_T1_test,92,117,95.9,-1.1384974718093872,-1.4828822415917065
UBFC_PHYS_s15_T1_test,92,118,95.93333333333334,-0.9758381247520447,-1.2832631905615548
UBFC_PHYS_s15_T1_test,92,119,95.96666666666667,-0.6987012624740601,-0.9054750433106589
UBFC_PHYS_s15_T1_test,92,120,96.0,-0.3957257866859436,-0.39881647162142564
UBFC_PHYS_s15_T1_test,92,121,96.03333333333333,-0.31081387400627136,0.15708533601329752
UBFC_PHYS_s15_T1_test,92,122,96.06666666666666,-0.5720768570899963,0.6722921010541133
UBFC_PHYS_s15_T1_test,92,123,96.1,-0.9426805377006531,1.0700411034687685
UBFC_PHYS_s15_T1_test,92,124,96.13333333333334,-1.0345832109451294,1.3049977783957278
UBFC_PHYS_s15_T1_test,92,125,96.16666666666667,-0.7509576678276062,1.3703792075308039
UBFC_PHYS_s15_T1_test,92,126,96.2,-0.30563846230506897,1.2925741338581547
UBFC_PHYS_s15_T1_test,92,127,96.23333333333333,0.11181454360485077,1.116202593832162
UBFC_PHYS_s15_T1_test,92,128,96.26666666666667,0.48979517817497253,0.8855117577938721
UBFC_PHYS_s15_T1_test,92,129,96.3,0.9361765384674072,0.6293222654001875
UBFC_PHYS_s15_T1_test,92,130,96.33333333333333,1.49997079372406,0.35598205118574894
UBFC_PHYS_s15_T1_test,92,131,96.36666666666666,1.9817111492156982,0.060574979684314724
UBFC_PHYS_s15_T1_test,92,132,96.4,2.0843701362609863,-0.2602725310936083
UBFC_PHYS_s15_T1_test,92,133,96.43333333333334,1.7905869483947754,-0.5950208595694173
UBFC_PHYS_s15_T1_test,92,134,96.46666666666667,1.3425641059875488,-0.9122732250310768
UBFC_PHYS_s15_T1_test,92,135,96.5,0.8883810043334961,-1.165589028001543
UBFC_PHYS_s15_T1_test,92,136,96.53333333333333,0.3990705609321594,-1.3050126896724952
UBFC_PHYS_s15_T1_test,92,137,96.56666666666666,-0.13117991387844086,-1.2908922568158447
UBFC_PHYS_s15_T1_test,92,138,96.6,-0.636383593082428,-1.1062757338761633
UBFC_PHYS_s15_T1_test,92,139,96.63333333333334,-1.0557290315628052,-0.7651656866939291
UBFC_PHYS_s15_T1_test,92,140,96.66666666666667,-1.3231523036956787,-0.31412001186211397
UBFC_PHYS_s15_T1_test,92,141,96.7,-1.3873238563537598,0.17496582645103098
UBFC_PHYS_s15_T1_test,92,142,96.73333333333333,-1.354533314704895,0.6210472905111735
UBFC_PHYS_s15_T1_test,92,143,96.76666666666667,-1.4182606935501099,0.9551741449297021
UBFC_PHYS_s15_T1_test,92,144,96.8,-1.5223101377487183,1.1386053568415917
UBFC_PHYS_s15_T1_test,92,145,96.83333333333333,-1.4277231693267822,1.1693793447627916
UBFC_PHYS_s15_T1_test,92,146,96.86666666666666,-1.1111526489257812,1.0747288975860694
UBFC_PHYS_s15_T1_test,92,147,96.9,-0.7750195860862732,0.8944649052868143
UBFC_PHYS_s15_T1_test,92,148,96.93333333333334,-0.5474162697792053,0.6644429965580326
UBFC_PHYS_s15_T1_test,92,149,96.96666666666667,-0.42032843828201294,0.4073981538778492
UBFC_PHYS_s15_T1_test,92,150,97.0,-0.38587701320648193,0.13274607299266014
UBFC_PHYS_s15_T1_test,92,151,97.03333333333333,-0.42573559284210205,-0.1576579782922853
UBFC_PHYS_s15_T1_test,92,152,97.06666666666666,-0.4477311968803406,-0.46122012899822007
UBFC_PHYS_s15_T1_test,92,153,97.1,-0.38964274525642395,-0.7660148095381858
UBFC_PHYS_s15_T1_test,92,154,97.13333333333334,-0.2960600256919861,-1.0446652404202608
UBFC_PHYS_s15_T1_test,92,155,97.16666666666667,-0.23602111637592316,-1.2543448417297287
UBFC_PHYS_s15_T1_test,92,156,97.2,-0.20900456607341766,-1.345142072305257
UBFC_PHYS_s15_T1_test,92,157,97.23333333333333,-0.1820073276758194,-1.2753591857179423
UBFC_PHYS_s15_T1_test,92,158,97.26666666666667,-0.1569991558790207,-1.0283662580830535
UBFC_PHYS_s15_T1_test,92,159,97.3,-0.15344586968421936,-0.62387796210043
UBFC_PHYS_s15_T1_test,92,160,97.33333333333333,-0.16621065139770508,-0.11831043172161132
UBFC_PHYS_s15_T1_test,92,161,97.36666666666666,-0.19006015360355377,0.40682914300232453
UBFC_PHYS_s15_T1_test,92,162,97.4,-0.20251595973968506,0.8649920546519163
UBFC_PHYS_s15_T1_test,92,163,97.43333333333334,-0.12117663770914078,1.1865590151323477
UBFC_PHYS_s15_T1_test,92,164,97.46666666666667,0.08730846643447876,1.3356784973333429
UBFC_PHYS_s15_T1_test,92,165,97.5,0.2965853214263916,1.31641269369019
UBFC_PHYS_s15_T1_test,92,166,97.53333333333333,0.37062495946884155,1.1656171246253602
UBFC_PHYS_s15_T1_test,92,167,97.56666666666666,0.3545772433280945,0.9347937024775654
UBFC_PHYS_s15_T1_test,92,168,97.6,0.3207437992095947,0.668794069285919
UBFC_PHYS_s15_T1_test,92,169,97.63333333333334,0.26557135581970215,0.39165798149099396
UBFC_PHYS_s15_T1_test,92,170,97.66666666666667,0.21209827065467834,0.10612643575344467
UBFC_PHYS_s15_T1_test,92,171,97.7,0.21843238174915314,-0.19437675631015638
UBFC_PHYS_s15_T1_test,92,172,97.73333333333333,0.27630844712257385,-0.5093256277713119
UBFC_PHYS_s15_T1_test,92,173,97.76666666666667,0.3308822512626648,-0.8198065025002789
UBFC_PHYS_s15_T1_test,92,174,97.8,0.3468720316886902,-1.087435982701157
UBFC_PHYS_s15_T1_test,92,175,97.83333333333333,0.3012200593948364,-1.2625642269254413
UBFC_PHYS_s15_T1_test,92,176,97.86666666666666,0.19624367356300354,-1.2979804959615702
UBFC_PHYS_s15_T1_test,92,177,97.9,0.07875354588031769,-1.1641444853424607
UBFC_PHYS_s15_T1_test,92,178,97.93333333333334,-0.009093686938285828,-0.8619989612898159
UBFC_PHYS_s15_T1_test,92,179,97.96666666666667,-0.07139203697443008,-0.42906769255961036
UBFC_PHYS_s15_T1_test,92,180,98.0,-0.13936790823936462,0.06510404914066784
UBFC_PHYS_s15_T1_test,92,181,98.03333333333333,-0.20278631150722504,0.5352852143868425
UBFC_PHYS_s15_T1_test,92,182,98.06666666666666,-0.1624835729598999,0.9043114775614919
UBFC_PHYS_s15_T1_test,92,183,98.1,0.048280272632837296,1.1248544114209453
UBFC_PHYS_s15_T1_test,92,184,98.13333333333334,0.3298780620098114,1.1891734295897953
UBFC_PHYS_s15_T1_test,92,185,98.16666666666667,0.5079478025436401,1.122505249103203
UBFC_PHYS_s15_T1_test,92,186,98.2,0.5379382967948914,0.9652589022810364
UBFC_PHYS_s15_T1_test,92,187,98.23333333333333,0.5454697608947754,0.7548912583337116
UBFC_PHYS_s15_T1_test,92,188,98.26666666666667,0.637121319770813,0.5154177396302234
UBFC_PHYS_s15_T1_test,92,189,98.3,0.7284252643585205,0.2558234453138688
UBFC_PHYS_s15_T1_test,92,190,98.33333333333333,0.694012463092804,-0.025024526176956257
UBFC_PHYS_s15_T1_test,92,191,98.36666666666666,0.5830689072608948,-0.3296146736345493
UBFC_PHYS_s15_T1_test,92,192,98.4,0.5170820951461792,-0.6515397091225512
UBFC_PHYS_s15_T1_test,92,193,98.43333333333334,0.49881356954574585,-0.9668993495391429
UBFC_PHYS_s15_T1_test,92,194,98.46666666666667,0.47739729285240173,-1.2317956422106902
UBFC_PHYS_s15_T1_test,92,195,98.5,0.46633192896842957,-1.3895721798506058
UBFC_PHYS_s15_T1_test,92,196,98.53333333333333,0.4766634702682495,-1.387177386865471
UBFC_PHYS_s15_T1_test,92,197,98.56666666666666,0.46625468134880066,-1.194899808802104
UBFC_PHYS_s15_T1_test,92,198,98.6,0.40700751543045044,-0.8213354950364378
UBFC_PHYS_s15_T1_test,92,199,98.63333333333334,0.26551342010498047,-0.31691265536555374
UBFC_PHYS_s15_T1_test,92,200,98.66666666666667,-0.005250732414424419,0.23633691637647822
UBFC_PHYS_s15_T1_test,92,201,98.7,-0.364441454410553,0.745730681879409
UBFC_PHYS_s15_T1_test,92,202,98.73333333333333,-0.6913436055183411,1.1324178357768315
UBFC_PHYS_s15_T1_test,92,203,98.76666666666667,-0.9265170097351074,1.3508249385136801
UBFC_PHYS_s15_T1_test,92,204,98.8,-1.0838656425476074,1.3964296541034495
UBFC_PHYS_s15_T1_test,92,205,98.83333333333333,-1.1524401903152466,1.2995448076837643
UBFC_PHYS_s15_T1_test,92,206,98.86666666666666,-1.0994691848754883,1.1079464788787712
UBFC_PHYS_s15_T1_test,92,207,98.9,-0.9221140146255493,0.8658297748615057
UBFC_PHYS_s15_T1_test,92,208,98.93333333333334,-0.653937578201294,0.5988668751284045
UBFC_PHYS_s15_T1_test,92,209,98.96666666666667,-0.3468681275844574,0.31229863599493923
UBFC_PHYS_s15_T1_test,92,210,99.0,-0.03595574572682381,0.0011651852996850069
UBFC_PHYS_s15_T1_test,92,211,99.03333333333333,0.2655327320098877,-0.3350804061582916
UBFC_PHYS_s15_T1_test,92,212,99.06666666666666,0.5444076061248779,-0.6819035069167587
UBFC_PHYS_s15_T1_test,92,213,99.1,0.7619110941886902,-1.0070636304155665
UBFC_PHYS_s15_T1_test,92,214,99.13333333333334,0.8743996024131775,-1.2655808829199324
UBFC_PHYS_s15_T1_test,92,215,99.16666666666667,0.9059543013572693,-1.409553346736878
UBFC_PHYS_s15_T1_test,92,216,99.2,0.9370455741882324,-1.4001554356106656
UBFC_PHYS_s15_T1_test,92,217,99.23333333333333,0.9926042556762695,-1.219637142438543
UBFC_PHYS_s15_T1_test,92,218,99.26666666666667,1.0155847072601318,-0.8804515718754966
UBFC_PHYS_s15_T1_test,92,219,99.3,0.9461411833763123,-0.42761946773214954
UBFC_PHYS_s15_T1_test,92,220,99.33333333333333,0.7833274006843567,0.06886786326114629
UBFC_PHYS_s15_T1_test,92,221,99.36666666666666,0.6369861364364624,0.5310678541964264
UBFC_PHYS_s15_T1_test,92,222,99.4,0.6801083087921143,0.8934220463537932
UBFC_PHYS_s15_T1_test,92,223,99.43333333333334,0.974490225315094,1.1174951885526365
UBFC_PHYS_s15_T1_test,92,224,99.46666666666667,1.4050170183181763,1.195378867162296
UBFC_PHYS_s15_T1_test,92,225,99.5,1.7851991653442383,1.1426890093923705
UBFC_PHYS_s15_T1_test,92,226,99.53333333333333,1.9912703037261963,0.9872365736482088
UBFC_PHYS_s15_T1_test,92,227,99.56666666666666,2.0447819232940674,0.7596632660290759
UBFC_PHYS_s15_T1_test,92,228,99.6,1.9838547706604004,0.48809220856783964
UBFC_PHYS_s15_T1_test,92,229,99.63333333333334,1.7604420185089111,0.19530602582570822
UBFC_PHYS_s15_T1_test,92,230,99.66666666666667,1.333410620689392,-0.1022040296206365
UBFC_PHYS_s15_T1_test,92,231,99.7,0.7570446729660034,-0.3920451074969342
UBFC_PHYS_s15_T1_test,92,232,99.73333333333333,0.11142831295728683,-0.6605071932056298
UBFC_PHYS_s15_T1_test,92,233,99.76666666666667,-0.5369881987571716,-0.8869622289692309
UBFC_PHYS_s15_T1_test,92,234,99.8,-1.1123112440109253,-1.0426045829821715
UBFC_PHYS_s15_T1_test,92,235,99.83333333333333,-1.5652198791503906,-1.0961470835802871
UBFC_PHYS_s15_T1_test,92,236,99.86666666666666,-1.909985065460205,-1.024661988441757
UBFC_PHYS_s15_T1_test,92,237,99.9,-2.1952133178710938,-0.8242219793916262
UBFC_PHYS_s15_T1_test,92,238,99.93333333333334,-2.445430278778076,-0.5151420576328465
UBFC_PHYS_s15_T1_test,92,239,99.96666666666667,-2.610368251800537,-0.13972233181922028
UBFC_PHYS_s15_T1_test,93,0,93.0,0.3090411424636841,-0.022646944164341706
UBFC_PHYS_s15_T1_test,93,1,93.03333333333333,0.3387998938560486,0.13173355630007097
UBFC_PHYS_s15_T1_test,93,2,93.06666666666666,0.2873545289039612,0.22953928209578361
UBFC_PHYS_s15_T1_test,93,3,93.1,0.181296706199646,0.23263059056825885
UBFC_PHYS_s15_T1_test,93,4,93.13333333333334,0.03976397588849068,0.13127863474069068
UBFC_PHYS_s15_T1_test,93,5,93.16666666666667,-0.10518685728311539,-0.05400990118447606
UBFC_PHYS_s15_T1_test,93,6,93.2,-0.2242991328239441,-0.2791097397209205
UBFC_PHYS_s15_T1_test,93,7,93.23333333333333,-0.3184804916381836,-0.48710848214846714
UBFC_PHYS_s15_T1_test,93,8,93.26666666666667,-0.41326048970222473,-0.620226920311845
UBFC_PHYS_s15_T1_test,93,9,93.3,-0.5458327531814575,-0.6322959730611978
UBFC_PHYS_s15_T1_test,93,10,93.33333333333333,-0.7283634543418884,-0.5011606058572017
UBFC_PHYS_s15_T1_test,93,11,93.36666666666666,-0.9096968173980713,-0.23808854114114153
UBFC_PHYS_s15_T1_test,93,12,93.4,-1.0055968761444092,0.11034247323622041
UBFC_PHYS_s15_T1_test,93,13,93.43333333333334,-0.9821529388427734,0.4713859870608278
UBFC_PHYS_s15_T1_test,93,14,93.46666666666667,-0.8866004943847656,0.7658920425084493
UBFC_PHYS_s15_T1_test,93,15,93.5,-0.7447780966758728,0.9330071457195678
UBFC_PHYS_s15_T1_test,93,16,93.53333333333333,-0.48310956358909607,0.9501925164550793
UBFC_PHYS_s15_T1_test,93,17,93.56666666666666,-0.07732061296701431,0.839227883099968
UBFC_PHYS_s15_T1_test,93,18,93.6,0.363151490688324,0.6543854528486458
UBFC_PHYS_s15_T1_test,93,19,93.63333333333334,0.7264168858528137,0.4574339282474188
UBFC_PHYS_s15_T1_test,93,20,93.66666666666667,0.9818478226661682,0.2912091167155694
UBFC_PHYS_s15_T1_test,93,21,93.7,1.101056694984436,0.16472627285213828
UBFC_PHYS_s15_T1_test,93,22,93.73333333333333,1.0805480480194092,0.05665671859029929
UBFC_PHYS_s15_T1_test,93,23,93.76666666666667,1.0668948888778687,-0.06612285325896879
UBFC_PHYS_s15_T1_test,93,24,93.8,1.2343627214431763,-0.2262759336400591
UBFC_PHYS_s15_T1_test,93,25,93.83333333333333,1.5108816623687744,-0.42221642770065276
UBFC_PHYS_s15_T1_test,93,26,93.86666666666666,1.6122275590896606,-0.6279364954261666
UBFC_PHYS_s15_T1_test,93,27,93.9,1.2789719104766846,-0.8031543912606912
UBFC_PHYS_s15_T1_test,93,28,93.93333333333334,0.489408940076828,-0.9070593197506429
UBFC_PHYS_s15_T1_test,93,29,93.96666666666667,-0.4480594992637634,-0.9103381561561642
UBFC_PHYS_s15_T1_test,93,30,94.0,-1.1155555248260498,-0.8029187598012714
UBFC_PHYS_s15_T1_test,93,31,94.03333333333333,-1.364304780960083,-0.5967378854720573
UBFC_PHYS_s15_T1_test,93,32,94.06666666666666,-1.3683022260665894,-0.3233933018220993
UBFC_PHYS_s15_T1_test,93,33,94.1,-1.2900527715682983,-0.026735925688891476
UBFC_PHYS_s15_T1_test,93,34,94.13333333333334,-1.1917966604232788,0.24847216715929346
UBFC_PHYS_s15_T1_test,93,35,94.16666666666667,-1.041979432106018,0.468524376227669
UBFC_PHYS_s15_T1_test,93,36,94.2,-0.7359141707420349,0.6181316500393109
UBFC_PHYS_s15_T1_test,93,37,94.23333333333333,-0.25403857231140137,0.6991684476539565
UBFC_PHYS_s15_T1_test,93,38,94.26666666666667,0.2249596118927002,0.7219250460398494
UBFC_PHYS_s15_T1_test,93,39,94.3,0.49651551246643066,0.6948946916252433
UBFC_PHYS_s15_T1_test,93,40,94.33333333333333,0.5414530038833618,0.6194275479208915
UBFC_PHYS_s15_T1_test,93,41,94.36666666666666,0.45362505316734314,0.49152251331580504
UBFC_PHYS_s15_T1_test,93,42,94.4,0.3314616084098816,0.3080332284516809
UBFC_PHYS_s15_T1_test,93,43,94.43333333333334,0.2650885581970215,0.0726242268072441
UBFC_PHYS_s15_T1_test,93,44,94.46666666666667,0.2978212535381317,-0.20086875520738534
UBFC_PHYS_s15_T1_test,93,45,94.5,0.38783136010169983,-0.4872168303758422
UBFC_PHYS_s15_T1_test,93,46,94.53333333333333,0.46200618147850037,-0.7505062792648579
UBFC_PHYS_s15_T1_test,93,47,94.56666666666666,0.4845618009567261,-0.948148400657981
UBFC_PHYS_s15_T1_test,93,48,94.6,0.4520801603794098,-1.0392565114799068
UBFC_PHYS_s15_T1_test,93,49,94.63333333333334,0.3674193024635315,-0.9959797242960352
UBFC_PHYS_s15_T1_test,93,50,94.66666666666667,0.2335338443517685,-0.8136309127006566
UBFC_PHYS_s15_T1_test,93,51,94.7,0.07713139802217484,-0.5148125671397423
UBFC_PHYS_s15_T1_test,93,52,94.73333333333333,-0.0647682473063469,-0.14519328000019346
UBFC_PHYS_s15_T1_test,93,53,94.76666666666667,-0.1849619597196579,0.23775838426459506
UBFC_PHYS_s15_T1_test,93,54,94.8,-0.25129637122154236,0.5792670508829602
UBFC_PHYS_s15_T1_test,93,55,94.83333333333333,-0.16263806819915771,0.8401291575850933
UBFC_PHYS_s15_T1_test,93,56,94.86666666666666,0.11581198871135712,1.0032958965396275
UBFC_PHYS_s15_T1_test,93,57,94.9,0.4543975293636322,1.0714385253002376
UBFC_PHYS_s15_T1_test,93,58,94.93333333333334,0.6923903226852417,1.0567164592978255
UBFC_PHYS_s15_T1_test,93,59,94.96666666666667,0.8034111857414246,0.9683320452370305
UBFC_PHYS_s15_T1_test,93,60,95.0,0.8623107075691223,0.8055683612674707
UBFC_PHYS_s15_T1_test,93,61,95.03333333333333,0.8973801136016846,0.5612720315646287
UBFC_PHYS_s15_T1_test,93,62,95.06666666666666,0.887280285358429,0.23369284919913777
UBFC_PHYS_s15_T1_test,93,63,95.1,0.8687993288040161,-0.16118916715181691
UBFC_PHYS_s15_T1_test,93,64,95.13333333333334,0.9307114481925964,-0.5843960979821421
UBFC_PHYS_s15_T1_test,93,65,95.16666666666667,1.1148062944412231,-0.9783266404234295
UBFC_PHYS_s15_T1_test,93,66,95.2,1.3463491201400757,-1.2782467688289476
UBFC_PHYS_s15_T1_test,93,67,95.23333333333333,1.445435643196106,-1.4262888629778017
UBFC_PHYS_s15_T1_test,93,68,95.26666666666667,1.2663229703903198,-1.3846000575590567
UBFC_PHYS_s15_T1_test,93,69,95.3,0.8530412912368774,-1.1459441868300708
UBFC_PHYS_s15_T1_test,93,70,95.33333333333333,0.3582850396633148,-0.739654241936851
UBFC_PHYS_s15_T1_test,93,71,95.36666666666666,-0.11559566855430603,-0.22965423942748034
UBFC_PHYS_s15_T1_test,93,72,95.4,-0.5218480825424194,0.29794495551654376
UBFC_PHYS_s15_T1_test,93,73,95.43333333333334,-0.8150519728660583,0.7562990018146165
UBFC_PHYS_s15_T1_test,93,74,95.46666666666667,-0.9521624445915222,1.081446149204483
UBFC_PHYS_s15_T1_test,93,75,95.5,-0.9171316623687744,1.2479994869510036
UBFC_PHYS_s15_T1_test,93,76,95.53333333333333,-0.7319360375404358,1.2692653319828
UBFC_PHYS_s15_T1_test,93,77,95.56666666666666,-0.5002580285072327,1.1818555153415782
UBFC_PHYS_s15_T1_test,93,78,95.6,-0.3534919321537018,1.0237114622608792
UBFC_PHYS_s15_T1_test,93,79,95.63333333333334,-0.3429672420024872,0.8178159374994164
UBFC_PHYS_s15_T1_test,93,80,95.66666666666667,-0.4131059944629669,0.5686731220188826
UBFC_PHYS_s15_T1_test,93,81,95.7,-0.5061479806900024,0.2701485074352233
UBFC_PHYS_s15_T1_test,93,82,95.73333333333333,-0.623715341091156,-0.08164373993845166
UBFC_PHYS_s15_T1_test,93,83,95.76666666666667,-0.7848490476608276,-0.4767233007359644
UBFC_PHYS_s15_T1_test,93,84,95.8,-0.9746021628379822,-0.8847069325311897
UBFC_PHYS_s15_T1_test,93,85,95.83333333333333,-1.129942536354065,-1.2549393307221794
UBFC_PHYS_s15_T1_test,93,86,95.86666666666666,-1.1901166439056396,-1.5240661902960684
UBFC_PHYS_s15_T1_test,93,87,95.9,-1.1384974718093872,-1.6306864522452478
UBFC_PHYS_s15_T1_test,93,88,95.93333333333334,-0.9758381247520447,-1.53377045569218
UBFC_PHYS_s15_T1_test,93,89,95.96666666666667,-0.6987012624740601,-1.2285484704752283
UBFC_PHYS_s15_T1_test,93,90,96.0,-0.3957257866859436,-0.7532220085120229
UBFC_PHYS_s15_T1_test,93,91,96.03333333333333,-0.31081387400627136,-0.18280362099574848
UBFC_PHYS_s15_T1_test,93,92,96.06666666666666,-0.5720768570899963,0.388641574445325
UBFC_PHYS_s15_T1_test,93,93,96.1,-0.9426805377006531,0.871664506965156
UBFC_PHYS_s15_T1_test,93,94,96.13333333333334,-1.0345832109451294,1.203457908529427
UBFC_PHYS_s15_T1_test,93,95,96.16666666666667,-0.7509576678276062,1.3611917657342392
UBFC_PHYS_s15_T1_test,93,96,96.2,-0.30563846230506897,1.3618270123434726
UBFC_PHYS_s15_T1_test,93,97,96.23333333333333,0.11181454360485077,1.2480310474081642
UBFC_PHYS_s15_T1_test,93,98,96.26666666666667,0.48979517817497253,1.0660240537935828
UBFC_PHYS_s15_T1_test,93,99,96.3,0.9361765384674072,0.8457132970586475
UBFC_PHYS_s15_T1_test,93,100,96.33333333333333,1.49997079372406,0.5928322570822997
UBFC_PHYS_s15_T1_test,93,101,96.36666666666666,1.9817111492156982,0.2965465430928025
UBFC_PHYS_s15_T1_test,93,102,96.4,2.0843701362609863,-0.05275728204674571
UBFC_PHYS_s15_T1_test,93,103,96.43333333333334,1.7905869483947754,-0.446071055352928
UBFC_PHYS_s15_T1_test,93,104,96.46666666666667,1.3425641059875488,-0.8475285528350083
UBFC_PHYS_s15_T1_test,93,105,96.5,0.8883810043334961,-1.198232800908011
UBFC_PHYS_s15_T1_test,93,106,96.53333333333333,0.3990705609321594,-1.430005838587456
UBFC_PHYS_s15_T1_test,93,107,96.56666666666666,-0.13117991387844086,-1.4842834634597122
UBFC_PHYS_s15_T1_test,93,108,96.6,-0.636383593082428,-1.3305235340536112
UBFC_PHYS_s15_T1_test,93,109,96.63333333333334,-1.0557290315628052,-0.9786693974662117
UBFC_PHYS_s15_T1_test,93,110,96.66666666666667,-1.3231523036956787,-0.48120110032002156
UBFC_PHYS_s15_T1_test,93,111,96.7,-1.3873238563537598,0.07729112855257567
UBFC_PHYS_s15_T1_test,93,112,96.73333333333333,-1.354533314704895,0.6010348453376806
UBFC_PHYS_s15_T1_test,93,113,96.76666666666667,-1.4182606935501099,1.0081201890275133
UBFC_PHYS_s15_T1_test,93,114,96.8,-1.5223101377487183,1.2506696098416308
UBFC_PHYS_s15_T1_test,93,115,96.83333333333333,-1.4277231693267822,1.322340488861229
UBFC_PHYS_s15_T1_test,93,116,96.86666666666666,-1.1111526489257812,1.2506868037809802
UBFC_PHYS_s15_T1_test,93,117,96.9,-0.7750195860862732,1.0788871048593565
UBFC_PHYS_s15_T1_test,93,118,96.93333333333334,-0.5474162697792053,0.8462107281492807
UBFC_PHYS_s15_T1_test,93,119,96.96666666666667,-0.42032843828201294,0.5761993580868774
UBFC_PHYS_s15_T1_test,93,120,97.0,-0.38587701320648193,0.27596112245484167
UBFC_PHYS_s15_T1_test,93,121,97.03333333333333,-0.42573559284210205,-0.05603795999569011
UBFC_PHYS_s15_T1_test,93,122,97.06666666666666,-0.4477311968803406,-0.4184925617329843
UBFC_PHYS_s15_T1_test,93,123,97.1,-0.38964274525642395,-0.7963651976218654
UBFC_PHYS_s15_T1_test,93,124,97.13333333333334,-0.2960600256919861,-1.1543355481831743
UBFC_PHYS_s15_T1_test,93,125,97.16666666666667,-0.23602111637592316,-1.437889554624062
UBFC_PHYS_s15_T1_test,93,126,97.2,-0.20900456607341766,-1.5837213961402357
UBFC_PHYS_s15_T1_test,93,127,97.23333333333333,-0.1820073276758194,-1.5378469423729983
UBFC_PHYS_s15_T1_test,93,128,97.26666666666667,-0.1569991558790207,-1.2758223023157598
UBFC_PHYS_s15_T1_test,93,129,97.3,-0.15344586968421936,-0.8171249051896347
UBFC_PHYS_s15_T1_test,93,130,97.33333333333333,-0.16621065139770508,-0.22701883075543333
UBFC_PHYS_s15_T1_test,93,131,97.36666666666666,-0.19006015360355377,0.39634444085299997
UBFC_PHYS_s15_T1_test,93,132,97.4,-0.20251595973968506,0.9462457042489546
UBFC_PHYS_s15_T1_test,93,133,97.43333333333334,-0.12117663770914078,1.3353318624122443
UBFC_PHYS_s15_T1_test,93,134,97.46666666666667,0.08730846643447876,1.517711969408206
UBFC_PHYS_s15_T1_test,93,135,97.5,0.2965853214263916,1.4972978911649317
UBFC_PHYS_s15_T1_test,93,136,97.53333333333333,0.37062495946884155,1.3188692535128648
UBFC_PHYS_s15_T1_test,93,137,97.56666666666666,0.3545772433280945,1.0452318229838078
UBFC_PHYS_s15_T1_test,93,138,97.6,0.3207437992095947,0.7309985048951358
UBFC_PHYS_s15_T1_test,93,139,97.63333333333334,0.26557135581970215,0.4057896021963549
UBFC_PHYS_s15_T1_test,93,140,97.66666666666667,0.21209827065467834,0.0740919838571663
UBFC_PHYS_s15_T1_test,93,141,97.7,0.21843238174915314,-0.27052168942395055
UBFC_PHYS_s15_T1_test,93,142,97.73333333333333,0.27630844712257385,-0.6262954356182143
UBFC_PHYS_s15_T1_test,93,143,97.76666666666667,0.3308822512626648,-0.9699497519737201
UBFC_PHYS_s15_T1_test,93,144,97.8,0.3468720316886902,-1.255159316566856
UBFC_PHYS_s15_T1_test,93,145,97.83333333333333,0.3012200593948364,-1.4227458227583165
UBFC_PHYS_s15_T1_test,93,146,97.86666666666666,0.19624367356300354,-1.4186061688948814
UBFC_PHYS_s15_T1_test,93,147,97.9,0.07875354588031769,-1.213639780280612
UBFC_PHYS_s15_T1_test,93,148,97.93333333333334,-0.009093686938285828,-0.8189407263369272
UBFC_PHYS_s15_T1_test,93,149,97.96666666666667,-0.07139203697443008,-0.28996175162920557
UBFC_PHYS_s15_T1_test,93,150,98.0,-0.13936790823936462,0.28364289102394724
UBFC_PHYS_s15_T1_test,93,151,98.03333333333333,-0.20278631150722504,0.8006935114678362
UBFC_PHYS_s15_T1_test,93,152,98.06666666666666,-0.1624835729598999,1.17646499641531
UBFC_PHYS_s15_T1_test,93,153,98.1,0.048280272632837296,1.36538717557004
UBFC_PHYS_s15_T1_test,93,154,98.13333333333334,0.3298780620098114,1.3687897088481944
UBFC_PHYS_s15_T1_test,93,155,98.16666666666667,0.5079478025436401,1.224412872425537
UBFC_PHYS_s15_T1_test,93,156,98.2,0.5379382967948914,0.9840599572472923
UBFC_PHYS_s15_T1_test,93,157,98.23333333333333,0.5454697608947754,0.6917885908080642
UBFC_PHYS_s15_T1_test,93,158,98.26666666666667,0.637121319770813,0.37261515428465725
UBFC_PHYS_s15_T1_test,93,159,98.3,0.7284252643585205,0.03414156509580945
UBFC_PHYS_s15_T1_test,93,160,98.33333333333333,0.694012463092804,-0.3229654943935575
UBFC_PHYS_s15_T1_test,93,161,98.36666666666666,0.5830689072608948,-0.6921182812101844
UBFC_PHYS_s15_T1_test,93,162,98.4,0.5170820951461792,-1.050847285691549
UBFC_PHYS_s15_T1_test,93,163,98.43333333333334,0.49881356954574585,-1.3569372468556606
UBFC_PHYS_s15_T1_test,93,164,98.46666666666667,0.47739729285240173,-1.5528469015578197
UBFC_PHYS_s15_T1_test,93,165,98.5,0.46633192896842957,-1.579213651210307
UBFC_PHYS_s15_T1_test,93,166,98.53333333333333,0.4766634702682495,-1.3948165264963346
UBFC_PHYS_s15_T1_test,93,167,98.56666666666666,0.46625468134880066,-0.9962790215429416
UBFC_PHYS_s15_T1_test,93,168,98.6,0.40700751543045044,-0.4288536220920497
UBFC_PHYS_s15_T1_test,93,169,98.63333333333334,0.26551342010498047,0.21822224462914222
UBFC_PHYS_s15_T1_test,93,170,98.66666666666667,-0.005250732414424419,0.8322921012344601
UBFC_PHYS_s15_T1_test,93,171,98.7,-0.364441454410553,1.3073417024127794
UBFC_PHYS_s15_T1_test,93,172,98.73333333333333,-0.6913436055183411,1.5728448861400262
UBFC_PHYS_s15_T1_test,93,173,98.76666666666667,-0.9265170097351074,1.6107579759312216
UBFC_PHYS_s15_T1_test,93,174,98.8,-1.0838656425476074,1.4543637850487126
UBFC_PHYS_s15_T1_test,93,175,98.83333333333333,-1.1524401903152466,1.1698044362213311
UBFC_PHYS_s15_T1_test,93,176,98.86666666666666,-1.0994691848754883,0.8284207821113092
UBFC_PHYS_s15_T1_test,93,177,98.9,-0.9221140146255493,0.4820557196570031
UBFC_PHYS_s15_T1_test,93,178,98.93333333333334,-0.653937578201294,0.15188415304675698
UBFC_PHYS_s15_T1_test,93,179,98.96666666666667,-0.3468681275844574,-0.16575317581361126
UBFC_PHYS_s15_T1_test,93,180,99.0,-0.03595574572682381,-0.48221030208238386
UBFC_PHYS_s15_T1_test,93,181,99.03333333333333,0.2655327320098877,-0.7987867692374199
UBFC_PHYS_s15_T1_test,93,182,99.06666666666666,0.5444076061248779,-1.096545641220748
UBFC_PHYS_s15_T1_test,93,183,99.1,0.7619110941886902,-1.3361338005331806
UBFC_PHYS_s15_T1_test,93,184,99.13333333333334,0.8743996024131775,-1.4665124916784142
UBFC_PHYS_s15_T1_test,93,185,99.16666666666667,0.9059543013572693,-1.4400582898850234
UBFC_PHYS_s15_T1_test,93,186,99.2,0.9370455741882324,-1.2299344671248496
UBFC_PHYS_s15_T1_test,93,187,99.23333333333333,0.9926042556762695,-0.8441017818429715
UBFC_PHYS_s15_T1_test,93,188,99.26666666666667,1.0155847072601318,-0.33023436505884435
UBFC_PHYS_s15_T1_test,93,189,99.3,0.9461411833763123,0.23198107545184224
UBFC_PHYS_s15_T1_test,93,190,99.33333333333333,0.7833274006843567,0.7502687525083366
UBFC_PHYS_s15_T1_test,93,191,99.36666666666666,0.6369861364364624,1.1447368938905444
UBFC_PHYS_s15_T1_test,93,192,99.4,0.6801083087921143,1.3685845023681804
UBFC_PHYS_s15_T1_test,93,193,99.43333333333334,0.974490225315094,1.4157798289402885
UBFC_PHYS_s15_T1_test,93,194,99.46666666666667,1.4050170183181763,1.3133974265256603
UBFC_PHYS_s15_T1_test,93,195,99.5,1.7851991653442383,1.1042769078783667
UBFC_PHYS_s15_T1_test,93,196,99.53333333333333,1.9912703037261963,0.8299467438341722
UBFC_PHYS_s15_T1_test,93,197,99.56666666666666,2.0447819232940674,0.5215197640288555
UBFC_PHYS_s15_T1_test,93,198,99.6,1.9838547706604004,0.199228176079885
UBFC_PHYS_s15_T1_test,93,199,99.63333333333334,1.7604420185089111,-0.1238789453853394
UBFC_PHYS_s15_T1_test,93,200,99.66666666666667,1.333410620689392,-0.43742981666110137
UBFC_PHYS_s15_T1_test,93,201,99.7,0.7570446729660034,-0.7285903933098762
UBFC_PHYS_s15_T1_test,93,202,99.73333333333333,0.11142831295728683,-0.9766794592399753
UBFC_PHYS_s15_T1_test,93,203,99.76666666666667,-0.5369881987571716,-1.1504449419358669
UBFC_PHYS_s15_T1_test,93,204,99.8,-1.1123112440109253,-1.2118050244149097
UBFC_PHYS_s15_T1_test,93,205,99.83333333333333,-1.5652198791503906,-1.1273401766436657
UBFC_PHYS_s15_T1_test,93,206,99.86666666666666,-1.909985065460205,-0.8839560600588252
UBFC_PHYS_s15_T1_test,93,207,99.9,-2.1952133178710938,-0.5014257271128021
UBFC_PHYS_s15_T1_test,93,208,99.93333333333334,-2.445430278778076,-0.034931528622814574
UBFC_PHYS_s15_T1_test,93,209,99.96666666666667,-2.610368251800537,0.43512841151553544
UBFC_PHYS_s15_T1_test,93,210,100.0,-2.595768928527832,0.8233461534415097
UBFC_PHYS_s15_T1_test,93,211,100.03333333333333,-2.3901419639587402,1.0624830287704996
UBFC_PHYS_s15_T1_test,93,212,100.06666666666666,-2.0994677543640137,1.121167943226229
UBFC_PHYS_s15_T1_test,93,213,100.1,-1.777161717414856,1.0097162828556976
UBFC_PHYS_s15_T1_test,93,214,100.13333333333334,-1.4229340553283691,0.7723919373960912
UBFC_PHYS_s15_T1_test,93,215,100.16666666666667,-1.0963407754898071,0.4697929569068451
UBFC_PHYS_s15_T1_test,93,216,100.2,-0.8718273043632507,0.1587126684714492
UBFC_PHYS_s15_T1_test,93,217,100.23333333333333,-0.7271661162376404,-0.12279341056479012
UBFC_PHYS_s15_T1_test,93,218,100.26666666666667,-0.5870431065559387,-0.36041113452365314
UBFC_PHYS_s15_T1_test,93,219,100.3,-0.3907434642314911,-0.5585199063831486
UBFC_PHYS_s15_T1_test,93,220,100.33333333333333,-0.1020970493555069,-0.7288426313234792
UBFC_PHYS_s15_T1_test,93,221,100.36666666666666,0.23971347510814667,-0.878262411003259
UBFC_PHYS_s15_T1_test,93,222,100.4,0.5127370357513428,-1.0006490568911293
UBFC_PHYS_s15_T1_test,93,223,100.43333333333334,0.6298022866249084,-1.0755067271092917
UBFC_PHYS_s15_T1_test,93,224,100.46666666666667,0.6011636257171631,-1.0738769707327762
UBFC_PHYS_s15_T1_test,93,225,100.5,0.4561934769153595,-0.9694809164701504
UBFC_PHYS_s15_T1_test,93,226,100.53333333333333,0.2201317846775055,-0.7508402775485845
UBFC_PHYS_s15_T1_test,93,227,100.56666666666666,-0.03713373467326164,-0.42917016197921337
UBFC_PHYS_s15_T1_test,93,228,100.6,-0.24011510610580444,-0.03817062792326145
UBFC_PHYS_s15_T1_test,93,229,100.63333333333334,-0.3468681275844574,0.37468136776658556
UBFC_PHYS_s15_T1_test,93,230,100.66666666666667,-0.34445422887802124,0.7614979412614512
UBFC_PHYS_s15_T1_test,93,231,100.7,-0.2680392861366272,1.0854644963094486
UBFC_PHYS_s15_T1_test,93,232,100.73333333333333,-0.179419606924057,1.324764844616075
UBFC_PHYS_s15_T1_test,93,233,100.76666666666667,-0.08593346178531647,1.4681767991259573
UBFC_PHYS_s15_T1_test,93,234,100.8,0.06224236264824867,1.5079260975806
UBFC_PHYS_s15_T1_test,93,235,100.83333333333333,0.28113627433776855,1.4371698413231806
UBFC_PHYS_s15_T1_test,93,236,100.86666666666666,0.5108059048652649,1.2540298873605618
UBFC_PHYS_s15_T1_test,93,237,100.9,0.6619749665260315,0.9676308037747556
UBFC_PHYS_s15_T1_test,93,238,100.93333333333334,0.7035329937934875,0.6008628167158176
UBFC_PHYS_s15_T1_test,93,239,100.96666666666667,0.6838740110397339,0.18834476436638217
UBFC_PHYS_s15_T1_test,94,0,94.0,-1.1155555248260498,0.014389898300468974
UBFC_PHYS_s15_T1_test,94,1,94.03333333333333,-1.364304780960083,0.8272870151247853
UBFC_PHYS_s15_T1_test,94,2,94.06666666666666,-1.3683022260665894,1.5287770631557087
UBFC_PHYS_s15_T1_test,94,3,94.1,-1.2900527715682983,2.026509982194159
UBFC_PHYS_s15_T1_test,94,4,94.13333333333334,-1.1917966604232788,2.261712978011703
UBFC_PHYS_s15_T1_test,94,5,94.16666666666667,-1.041979432106018,2.221101363724684
UBFC_PHYS_s15_T1_test,94,6,94.2,-0.7359141707420349,1.9385815816341079
UBFC_PHYS_s15_T1_test,94,7,94.23333333333333,-0.25403857231140137,1.4845103037087484
UBFC_PHYS_s15_T1_test,94,8,94.26666666666667,0.2249596118927002,0.9462021249232669
UBFC_PHYS_s15_T1_test,94,9,94.3,0.49651551246643066,0.4072957109406348
UBFC_PHYS_s15_T1_test,94,10,94.33333333333333,0.5414530038833618,-0.0674322554509436
UBFC_PHYS_s15_T1_test,94,11,94.36666666666666,0.45362505316734314,-0.4393296719527048
UBFC_PHYS_s15_T1_test,94,12,94.4,0.3314616084098816,-0.6962747528048928
UBFC_PHYS_s15_T1_test,94,13,94.43333333333334,0.2650885581970215,-0.8483410806691892
UBFC_PHYS_s15_T1_test,94,14,94.46666666666667,0.2978212535381317,-0.9198533615196303
UBFC_PHYS_s15_T1_test,94,15,94.5,0.38783136010169983,-0.9384174475632463
UBFC_PHYS_s15_T1_test,94,16,94.53333333333333,0.46200618147850037,-0.9230885295662166
UBFC_PHYS_s15_T1_test,94,17,94.56666666666666,0.4845618009567261,-0.8760418107107987
UBFC_PHYS_s15_T1_test,94,18,94.6,0.4520801603794098,-0.7822831889669425
UBFC_PHYS_s15_T1_test,94,19,94.63333333333334,0.3674193024635315,-0.6189090021384241
UBFC_PHYS_s15_T1_test,94,20,94.66666666666667,0.2335338443517685,-0.3703690710670559
UBFC_PHYS_s15_T1_test,94,21,94.7,0.07713139802217484,-0.042613999426951175
UBFC_PHYS_s15_T1_test,94,22,94.73333333333333,-0.0647682473063469,0.33044515939240077
UBFC_PHYS_s15_T1_test,94,23,94.76666666666667,-0.1849619597196579,0.6912097545801564
UBFC_PHYS_s15_T1_test,94,24,94.8,-0.25129637122154236,0.9724234827850209
UBFC_PHYS_s15_T1_test,94,25,94.83333333333333,-0.16263806819915771,1.1164937826157206
UBFC_PHYS_s15_T1_test,94,26,94.86666666666666,0.11581198871135712,1.0932238643805179
UBFC_PHYS_s15_T1_test,94,27,94.9,0.4543975293636322,0.9089792299357207
UBFC_PHYS_s15_T1_test,94,28,94.93333333333334,0.6923903226852417,0.6033524237746819
UBFC_PHYS_s15_T1_test,94,29,94.96666666666667,0.8034111857414246,0.23477624314889442
UBFC_PHYS_s15_T1_test,94,30,95.0,0.8623107075691223,-0.13816971876626483
UBFC_PHYS_s15_T1_test,94,31,95.03333333333333,0.8973801136016846,-0.47133179202707043
UBFC_PHYS_s15_T1_test,94,32,95.06666666666666,0.887280285358429,-0.740402682299193
UBFC_PHYS_s15_T1_test,94,33,95.1,0.8687993288040161,-0.9375937377864727
UBFC_PHYS_s15_T1_test,94,34,95.13333333333334,0.9307114481925964,-1.0634922888705474
UBFC_PHYS_s15_T1_test,94,35,95.16666666666667,1.1148062944412231,-1.1186497844045133
UBFC_PHYS_s15_T1_test,94,36,95.2,1.3463491201400757,-1.0981995182884985
UBFC_PHYS_s15_T1_test,94,37,95.23333333333333,1.445435643196106,-0.9911742383282227
UBFC_PHYS_s15_T1_test,94,38,95.26666666666667,1.2663229703903198,-0.7850033688927144
UBFC_PHYS_s15_T1_test,94,39,95.3,0.8530412912368774,-0.4744027433272153
UBFC_PHYS_s15_T1_test,94,40,95.33333333333333,0.3582850396633148,-0.0719096643211933
UBFC_PHYS_s15_T1_test,94,41,95.36666666666666,-0.11559566855430603,0.38476165611540275
UBFC_PHYS_s15_T1_test,94,42,95.4,-0.5218480825424194,0.8339732487373095
UBFC_PHYS_s15_T1_test,94,43,95.43333333333334,-0.8150519728660583,1.2026932437523916
UBFC_PHYS_s15_T1_test,94,44,95.46666666666667,-0.9521624445915222,1.4269884215358823
UBFC_PHYS_s15_T1_test,94,45,95.5,-0.9171316623687744,1.4717670606855033
UBFC_PHYS_s15_T1_test,94,46,95.53333333333333,-0.7319360375404358,1.340403714271703
UBFC_PHYS_s15_T1_test,94,47,95.56666666666666,-0.5002580285072327,1.0699035450114636
UBFC_PHYS_s15_T1_test,94,48,95.6,-0.3534919321537018,0.7151505881617621
UBFC_PHYS_s15_T1_test,94,49,95.63333333333334,-0.3429672420024872,0.3307717946989788
UBFC_PHYS_s15_T1_test,94,50,95.66666666666667,-0.4131059944629669,-0.04216503310207971
UBFC_PHYS_s15_T1_test,94,51,95.7,-0.5061479806900024,-0.38169866962960974
UBFC_PHYS_s15_T1_test,94,52,95.73333333333333,-0.623715341091156,-0.6826288492473176
UBFC_PHYS_s15_T1_test,94,53,95.76666666666667,-0.7848490476608276,-0.9475492379342743
UBFC_PHYS_s15_T1_test,94,54,95.8,-0.9746021628379822,-1.1743941289374105
UBFC_PHYS_s15_T1_test,94,55,95.83333333333333,-1.129942536354065,-1.3457484739971228
UBFC_PHYS_s15_T1_test,94,56,95.86666666666666,-1.1901166439056396,-1.4259393367159208
UBFC_PHYS_s15_T1_test,94,57,95.9,-1.1384974718093872,-1.3697195045798085
UBFC_PHYS_s15_T1_test,94,58,95.93333333333334,-0.9758381247520447,-1.1410536501410338
UBFC_PHYS_s15_T1_test,94,59,95.96666666666667,-0.6987012624740601,-0.7345968851275849
UBFC_PHYS_s15_T1_test,94,60,96.0,-0.3957257866859436,-0.1894151798793122
UBFC_PHYS_s15_T1_test,94,61,96.03333333333333,-0.31081387400627136,0.4131867975357869
UBFC_PHYS_s15_T1_test,94,62,96.06666666666666,-0.5720768570899963,0.968645185812898
UBFC_PHYS_s15_T1_test,94,63,96.1,-0.9426805377006531,1.378050140014995
UBFC_PHYS_s15_T1_test,94,64,96.13333333333334,-1.0345832109451294,1.5762046286888334
UBFC_PHYS_s15_T1_test,94,65,96.16666666666667,-0.7509576678276062,1.5487803436281895
UBFC_PHYS_s15_T1_test,94,66,96.2,-0.30563846230506897,1.3325871762194959
UBFC_PHYS_s15_T1_test,94,67,96.23333333333333,0.11181454360485077,0.9990640101816791
UBFC_PHYS_s15_T1_test,94,68,96.26666666666667,0.48979517817497253,0.6275234755394479
UBFC_PHYS_s15_T1_test,94,69,96.3,0.9361765384674072,0.2789017744149649
UBFC_PHYS_s15_T1_test,94,70,96.33333333333333,1.49997079372406,-0.01941442480464709
UBFC_PHYS_s15_T1_test,94,71,96.36666666666666,1.9817111492156982,-0.27226104933045137
UBFC_PHYS_s15_T1_test,94,72,96.4,2.0843701362609863,-0.5015088355368409
UBFC_PHYS_s15_T1_test,94,73,96.43333333333334,1.7905869483947754,-0.7257637342523067
UBFC_PHYS_s15_T1_test,94,74,96.46666666666667,1.3425641059875488,-0.9443094371415904
UBFC_PHYS_s15_T1_test,94,75,96.5,0.8883810043334961,-1.1311437625115786
UBFC_PHYS_s15_T1_test,94,76,96.53333333333333,0.3990705609321594,-1.2406122773792094
UBFC_PHYS_s15_T1_test,94,77,96.56666666666666,-0.13117991387844086,-1.2224636091652035
UBFC_PHYS_s15_T1_test,94,78,96.6,-0.636383593082428,-1.0414230962099364
UBFC_PHYS_s15_T1_test,94,79,96.63333333333334,-1.0557290315628052,-0.6947562896953462
UBFC_PHYS_s15_T1_test,94,80,96.66666666666667,-1.3231523036956787,-0.22113407668583085
UBFC_PHYS_s15_T1_test,94,81,96.7,-1.3873238563537598,0.3039176215571755
UBFC_PHYS_s15_T1_test,94,82,96.73333333333333,-1.354533314704895,0.7863574130222944
UBFC_PHYS_s15_T1_test,94,83,96.76666666666667,-1.4182606935501099,1.1403529965210875
UBFC_PHYS_s15_T1_test,94,84,96.8,-1.5223101377487183,1.3131811864100416
UBFC_PHYS_s15_T1_test,94,85,96.83333333333333,-1.4277231693267822,1.2978006194734375
UBFC_PHYS_s15_T1_test,94,86,96.86666666666666,-1.1111526489257812,1.1282539190565488
UBFC_PHYS_s15_T1_test,94,87,96.9,-0.7750195860862732,0.8613785199769685
UBFC_PHYS_s15_T1_test,94,88,96.93333333333334,-0.5474162697792053,0.5542581219829303
UBFC_PHYS_s15_T1_test,94,89,96.96666666666667,-0.42032843828201294,0.24726835950956413
UBFC_PHYS_s15_T1_test,94,90,97.0,-0.38587701320648193,-0.04216078036234279
UBFC_PHYS_s15_T1_test,94,91,97.03333333333333,-0.42573559284210205,-0.3155024731885112
UBFC_PHYS_s15_T1_test,94,92,97.06666666666666,-0.4477311968803406,-0.5819555113796329
UBFC_PHYS_s15_T1_test,94,93,97.1,-0.38964274525642395,-0.8442389207832408
UBFC_PHYS_s15_T1_test,94,94,97.13333333333334,-0.2960600256919861,-1.086724601920395
UBFC_PHYS_s15_T1_test,94,95,97.16666666666667,-0.23602111637592316,-1.271659606460368
UBFC_PHYS_s15_T1_test,94,96,97.2,-0.20900456607341766,-1.346845278777028
UBFC_PHYS_s15_T1_test,94,97,97.23333333333333,-0.1820073276758194,-1.2633456663682316
UBFC_PHYS_s15_T1_test,94,98,97.26666666666667,-0.1569991558790207,-0.9967487561429196
UBFC_PHYS_s15_T1_test,94,99,97.3,-0.15344586968421936,-0.5630046292123424
UBFC_PHYS_s15_T1_test,94,100,97.33333333333333,-0.16621065139770508,-0.02156199249156159
UBFC_PHYS_s15_T1_test,94,101,97.36666666666666,-0.19006015360355377,0.5365740383403543
UBFC_PHYS_s15_T1_test,94,102,97.4,-0.20251595973968506,1.0124884939497938
UBFC_PHYS_s15_T1_test,94,103,97.43333333333334,-0.12117663770914078,1.326810008111458
UBFC_PHYS_s15_T1_test,94,104,97.46666666666667,0.08730846643447876,1.4412525200746862
UBFC_PHYS_s15_T1_test,94,105,97.5,0.2965853214263916,1.3661218747982862
UBFC_PHYS_s15_T1_test,94,106,97.53333333333333,0.37062495946884155,1.150540874117044
UBFC_PHYS_s15_T1_test,94,107,97.56666666666666,0.3545772433280945,0.8592795744976263
UBFC_PHYS_s15_T1_test,94,108,97.6,0.3207437992095947,0.5467798201157168
UBFC_PHYS_s15_T1_test,94,109,97.63333333333334,0.26557135581970215,0.2407454001201997
UBFC_PHYS_s15_T1_test,94,110,97.66666666666667,0.21209827065467834,-0.05770738180797746
UBFC_PHYS_s15_T1_test,94,111,97.7,0.21843238174915314,-0.35945407110309263
UBFC_PHYS_s15_T1_test,94,112,97.73333333333333,0.27630844712257385,-0.6676073321766339
UBFC_PHYS_s15_T1_test,94,113,97.76666666666667,0.3308822512626648,-0.9633898837089809
UBFC_PHYS_s15_T1_test,94,114,97.8,0.3468720316886902,-1.2041074503754847
UBFC_PHYS_s15_T1_test,94,115,97.83333333333333,0.3012200593948364,-1.3333719648076636
UBFC_PHYS_s15_T1_test,94,116,97.86666666666666,0.19624367356300354,-1.299359472962938
UBFC_PHYS_s15_T1_test,94,117,97.9,0.07875354588031769,-1.0749555487610938
UBFC_PHYS_s15_T1_test,94,118,97.93333333333334,-0.009093686938285828,-0.673058697891349
UBFC_PHYS_s15_T1_test,94,119,97.96666666666667,-0.07139203697443008,-0.15091236565388136
UBFC_PHYS_s15_T1_test,94,120,98.0,-0.13936790823936462,0.40025831538320567
UBFC_PHYS_s15_T1_test,94,121,98.03333333333333,-0.20278631150722504,0.8791066384611745
UBFC_PHYS_s15_T1_test,94,122,98.06666666666666,-0.1624835729598999,1.2038306686961535
UBFC_PHYS_s15_T1_test,94,123,98.1,0.048280272632837296,1.3356410990580965
UBFC_PHYS_s15_T1_test,94,124,98.13333333333334,0.3298780620098114,1.2855269841728587
UBFC_PHYS_s15_T1_test,94,125,98.16666666666667,0.5079478025436401,1.1015415533706745
UBFC_PHYS_s15_T1_test,94,126,98.2,0.5379382967948914,0.8440905711015315
UBFC_PHYS_s15_T1_test,94,127,98.23333333333333,0.5454697608947754,0.5623194602211741
UBFC_PHYS_s15_T1_test,94,128,98.26666666666667,0.637121319770813,0.2815148414630616
UBFC_PHYS_s15_T1_test,94,129,98.3,0.7284252643585205,0.00377552988847868
UBFC_PHYS_s15_T1_test,94,130,98.33333333333333,0.694012463092804,-0.28148577177221223
UBFC_PHYS_s15_T1_test,94,131,98.36666666666666,0.5830689072608948,-0.5827473914317077
UBFC_PHYS_s15_T1_test,94,132,98.4,0.5170820951461792,-0.8927558737940959
UBFC_PHYS_s15_T1_test,94,133,98.43333333333334,0.49881356954574585,-1.1807789785656848
UBFC_PHYS_s15_T1_test,94,134,98.46666666666667,0.47739729285240173,-1.394419026781935
UBFC_PHYS_s15_T1_test,94,135,98.5,0.46633192896842957,-1.4723332009773977
UBFC_PHYS_s15_T1_test,94,136,98.53333333333333,0.4766634702682495,-1.364981712194671
UBFC_PHYS_s15_T1_test,94,137,98.56666666666666,0.46625468134880066,-1.056215392148052
UBFC_PHYS_s15_T1_test,94,138,98.6,0.40700751543045044,-0.5767012692776273
UBFC_PHYS_s15_T1_test,94,139,98.63333333333334,0.26551342010498047,-0.002209027047159929
UBFC_PHYS_s15_T1_test,94,140,98.66666666666667,-0.005250732414424419,0.5646890366933753
UBFC_PHYS_s15_T1_test,94,141,98.7,-0.364441454410553,1.0239070151588558
UBFC_PHYS_s15_T1_test,94,142,98.73333333333333,-0.6913436055183411,1.3070454337659971
UBFC_PHYS_s15_T1_test,94,143,98.76666666666667,-0.9265170097351074,1.3946929375052328
UBFC_PHYS_s15_T1_test,94,144,98.8,-1.0838656425476074,1.3151001637085873
UBFC_PHYS_s15_T1_test,94,145,98.83333333333333,-1.1524401903152466,1.12568296459309
UBFC_PHYS_s15_T1_test,94,146,98.86666666666666,-1.0994691848754883,0.8860111169926631
UBFC_PHYS_s15_T1_test,94,147,98.9,-0.9221140146255493,0.6344269432631111
UBFC_PHYS_s15_T1_test,94,148,98.93333333333334,-0.653937578201294,0.3788568532435882
UBFC_PHYS_s15_T1_test,94,149,98.96666666666667,-0.3468681275844574,0.10542510846974848
UBFC_PHYS_s15_T1_test,94,150,99.0,-0.03595574572682381,-0.20123014929882843
UBFC_PHYS_s15_T1_test,94,151,99.03333333333333,0.2655327320098877,-0.538048323785885
UBFC_PHYS_s15_T1_test,94,152,99.06666666666666,0.5444076061248779,-0.8741727132624566
UBFC_PHYS_s15_T1_test,94,153,99.1,0.7619110941886902,-1.1553978572792414
UBFC_PHYS_s15_T1_test,94,154,99.13333333333334,0.8743996024131775,-1.3195547532050382
UBFC_PHYS_s15_T1_test,94,155,99.16666666666667,0.9059543013572693,-1.316632412926198
UBFC_PHYS_s15_T1_test,94,156,99.2,0.9370455741882324,-1.1267140293091684
UBFC_PHYS_s15_T1_test,94,157,99.23333333333333,0.9926042556762695,-0.7699030035918171
UBFC_PHYS_s15_T1_test,94,158,99.26666666666667,1.0155847072601318,-0.30463722713373764
UBFC_PHYS_s15_T1_test,94,159,99.3,0.9461411833763123,0.1861120272079051
UBFC_PHYS_s15_T1_test,94,160,99.33333333333333,0.7833274006843567,0.6174319690453648
UBFC_PHYS_s15_T1_test,94,161,99.36666666666666,0.6369861364364624,0.9265021768936973
UBFC_PHYS_s15_T1_test,94,162,99.4,0.6801083087921143,1.0882887900897187
UBFC_PHYS_s15_T1_test,94,163,99.43333333333334,0.974490225315094,1.115516109943536
UBFC_PHYS_s15_T1_test,94,164,99.46666666666667,1.4050170183181763,1.043454457209116
UBFC_PHYS_s15_T1_test,94,165,99.5,1.7851991653442383,0.9084522075069699
UBFC_PHYS_s15_T1_test,94,166,99.53333333333333,1.9912703037261963,0.7319741723800358
UBFC_PHYS_s15_T1_test,94,167,99.56666666666666,2.0447819232940674,0.5174452569803777
UBFC_PHYS_s15_T1_test,94,168,99.6,1.9838547706604004,0.2585635111301473
UBFC_PHYS_s15_T1_test,94,169,99.63333333333334,1.7604420185089111,-0.048250778793086715
UBFC_PHYS_s15_T1_test,94,170,99.66666666666667,1.333410620689392,-0.39378376437587215
UBFC_PHYS_s15_T1_test,94,171,99.7,0.7570446729660034,-0.7508563903270805
UBFC_PHYS_s15_T1_test,94,172,99.73333333333333,0.11142831295728683,-1.0745979380052633
UBFC_PHYS_s15_T1_test,94,173,99.76666666666667,-0.5369881987571716,-1.3087378991786356
UBFC_PHYS_s15_T1_test,94,174,99.8,-1.1123112440109253,-1.3980114756714739
UBFC_PHYS_s15_T1_test,94,175,99.83333333333333,-1.5652198791503906,-1.3046046929133295
UBFC_PHYS_s15_T1_test,94,176,99.86666666666666,-1.909985065460205,-1.0234744508921843
UBFC_PHYS_s15_T1_test,94,177,99.9,-2.1952133178710938,-0.5898613070887642
UBFC_PHYS_s15_T1_test,94,178,99.93333333333334,-2.445430278778076,-0.0743356486497151
UBFC_PHYS_s15_T1_test,94,179,99.96666666666667,-2.610368251800537,0.4344386914802521
UBFC_PHYS_s15_T1_test,94,180,100.0,-2.595768928527832,0.8537480610272271
UBFC_PHYS_s15_T1_test,94,181,100.03333333333333,-2.3901419639587402,1.1288923666894846
UBFC_PHYS_s15_T1_test,94,182,100.06666666666666,-2.0994677543640137,1.2447830445168238
UBFC_PHYS_s15_T1_test,94,183,100.1,-1.777161717414856,1.2226934820463338
UBFC_PHYS_s15_T1_test,94,184,100.13333333333334,-1.4229340553283691,1.1041819748013781
UBFC_PHYS_s15_T1_test,94,185,100.16666666666667,-1.0963407754898071,0.9299425689489379
UBFC_PHYS_s15_T1_test,94,186,100.2,-0.8718273043632507,0.7235109351888315
UBFC_PHYS_s15_T1_test,94,187,100.23333333333333,-0.7271661162376404,0.48710869670588186
UBFC_PHYS_s15_T1_test,94,188,100.26666666666667,-0.5870431065559387,0.21054755315002643
UBFC_PHYS_s15_T1_test,94,189,100.3,-0.3907434642314911,-0.1125173426966761
UBFC_PHYS_s15_T1_test,94,190,100.33333333333333,-0.1020970493555069,-0.4700003011064962
UBFC_PHYS_s15_T1_test,94,191,100.36666666666666,0.23971347510814667,-0.8259620116072589
UBFC_PHYS_s15_T1_test,94,192,100.4,0.5127370357513428,-1.1266558062792604
UBFC_PHYS_s15_T1_test,94,193,100.43333333333334,0.6298022866249084,-1.3149542185715581
UBFC_PHYS_s15_T1_test,94,194,100.46666666666667,0.6011636257171631,-1.3474258067600609
UBFC_PHYS_s15_T1_test,94,195,100.5,0.4561934769153595,-1.2083470842930146
UBFC_PHYS_s15_T1_test,94,196,100.53333333333333,0.2201317846775055,-0.916229545465646
UBFC_PHYS_s15_T1_test,94,197,100.56666666666666,-0.03713373467326164,-0.5205146608467941
UBFC_PHYS_s15_T1_test,94,198,100.6,-0.24011510610580444,-0.08889541522945617
UBFC_PHYS_s15_T1_test,94,199,100.63333333333334,-0.3468681275844574,0.3110857720618586
UBFC_PHYS_s15_T1_test,94,200,100.66666666666667,-0.34445422887802124,0.6298308436053469
UBFC_PHYS_s15_T1_test,94,201,100.7,-0.2680392861366272,0.845801185612176
UBFC_PHYS_s15_T1_test,94,202,100.73333333333333,-0.179419606924057,0.9633687625032891
UBFC_PHYS_s15_T1_test,94,203,100.76666666666667,-0.08593346178531647,0.9998094845666702
UBFC_PHYS_s15_T1_test,94,204,100.8,0.06224236264824867,0.9697581990925873
UBFC_PHYS_s15_T1_test,94,205,100.83333333333333,0.28113627433776855,0.8770952980380061
UBFC_PHYS_s15_T1_test,94,206,100.86666666666666,0.5108059048652649,0.7178174623676057
UBFC_PHYS_s15_T1_test,94,207,100.9,0.6619749665260315,0.48930063486289266
UBFC_PHYS_s15_T1_test,94,208,100.93333333333334,0.7035329937934875,0.19884467319570837
UBFC_PHYS_s15_T1_test,94,209,100.96666666666667,0.6838740110397339,-0.13261593390583606
UBFC_PHYS_s15_T1_test,94,210,101.0,0.6612797975540161,-0.47153370332140127
UBFC_PHYS_s15_T1_test,94,211,101.03333333333333,0.6474528908729553,-0.7755302499951084
UBFC_PHYS_s15_T1_test,94,212,101.06666666666666,0.6012022495269775,-0.9991820279677297
UBFC_PHYS_s15_T1_test,94,213,101.1,0.4795987904071808,-1.1024113006778373
UBFC_PHYS_s15_T1_test,94,214,101.13333333333334,0.3019345700740814,-1.0608283607440239
UBFC_PHYS_s15_T1_test,94,215,101.16666666666667,0.12983201444149017,-0.874677164416722
UBFC_PHYS_s15_T1_test,94,216,101.2,0.0011220060987398028,-0.5717769406207465
UBFC_PHYS_s15_T1_test,94,217,101.23333333333333,-0.09037507325410843,-0.20160422907987544
UBFC_PHYS_s15_T1_test,94,218,101.26666666666667,-0.18399639427661896,0.17809507620537163
UBFC_PHYS_s15_T1_test,94,219,101.3,-0.2938199043273926,0.5166709547642419
UBFC_PHYS_s15_T1_test,94,220,101.33333333333333,-0.3448404371738434,0.7812643870756893
UBFC_PHYS_s15_T1_test,94,221,101.36666666666666,-0.2703566551208496,0.9588982334634168
UBFC_PHYS_s15_T1_test,94,222,101.4,-0.11659985035657883,1.0510466556896658
UBFC_PHYS_s15_T1_test,94,223,101.43333333333334,0.019081542268395424,1.065328293318574
UBFC_PHYS_s15_T1_test,94,224,101.46666666666667,0.07942944765090942,1.0086739097266546
UBFC_PHYS_s15_T1_test,94,225,101.5,0.05847665295004845,0.8841058367539107
UBFC_PHYS_s15_T1_test,94,226,101.53333333333333,-0.00874608289450407,0.6917796083754272
UBFC_PHYS_s15_T1_test,94,227,101.56666666666666,-0.0677228793501854,0.43373992927514865
UBFC_PHYS_s15_T1_test,94,228,101.6,-0.08299814164638519,0.11998835461467912
UBFC_PHYS_s15_T1_test,94,229,101.63333333333334,-0.0654248297214508,-0.22768555036491564
UBFC_PHYS_s15_T1_test,94,230,101.66666666666667,-0.03865933045744896,-0.5766015850820921
UBFC_PHYS_s15_T1_test,94,231,101.7,0.012187397107481956,-0.8887643861335827
UBFC_PHYS_s15_T1_test,94,232,101.73333333333333,0.09070725739002228,-1.1287779056409102
UBFC_PHYS_s15_T1_test,94,233,101.76666666666667,0.14479829370975494,-1.2709266782671373
UBFC_PHYS_s15_T1_test,94,234,101.8,0.1336749643087387,-1.303105790852512
UBFC_PHYS_s15_T1_test,94,235,101.83333333333333,0.06282170116901398,-1.2270057176449911
UBFC_PHYS_s15_T1_test,94,236,101.86666666666666,-0.05260211229324341,-1.0554398111137278
UBFC_PHYS_s15_T1_test,94,237,101.9,-0.18530955910682678,-0.8083415646028116
UBFC_PHYS_s15_T1_test,94,238,101.93333333333334,-0.32348212599754333,-0.5088231306858702
UBFC_PHYS_s15_T1_test,94,239,101.96666666666667,-0.4796141982078552,-0.18040094101943474
UBFC_PHYS_s15_T1_test,95,0,95.0,0.8623107075691223,0.05020295934302877
UBFC_PHYS_s15_T1_test,95,1,95.03333333333333,0.8973801136016846,0.05502064607683653
UBFC_PHYS_s15_T1_test,95,2,95.06666666666666,0.887280285358429,0.043682230835227875
UBFC_PHYS_s15_T1_test,95,3,95.1,0.8687993288040161,0.010949567159739047
UBFC_PHYS_s15_T1_test,95,4,95.13333333333334,0.9307114481925964,-0.03282569589272578
UBFC_PHYS_s15_T1_test,95,5,95.16666666666667,1.1148062944412231,-0.06490231071022001
UBFC_PHYS_s15_T1_test,95,6,95.2,1.3463491201400757,-0.059456266333282284
UBFC_PHYS_s15_T1_test,95,7,95.23333333333333,1.445435643196106,0.0026985715505922873
UBFC_PHYS_s15_T1_test,95,8,95.26666666666667,1.2663229703903198,0.12824480974713348
UBFC_PHYS_s15_T1_test,95,9,95.3,0.8530412912368774,0.3096460742737519
UBFC_PHYS_s15_T1_test,95,10,95.33333333333333,0.3582850396633148,0.5256721198051088
UBFC_PHYS_s15_T1_test,95,11,95.36666666666666,-0.11559566855430603,0.7431358943727278
UBFC_PHYS_s15_T1_test,95,12,95.4,-0.5218480825424194,0.9211314497463146
UBFC_PHYS_s15_T1_test,95,13,95.43333333333334,-0.8150519728660583,1.019481156374843
UBFC_PHYS_s15_T1_test,95,14,95.46666666666667,-0.9521624445915222,1.010057173943761
UBFC_PHYS_s15_T1_test,95,15,95.5,-0.9171316623687744,0.8860564147843872
UBFC_PHYS_s15_T1_test,95,16,95.53333333333333,-0.7319360375404358,0.6640275430497722
UBFC_PHYS_s15_T1_test,95,17,95.56666666666666,-0.5002580285072327,0.37724355698230067
UBFC_PHYS_s15_T1_test,95,18,95.6,-0.3534919321537018,0.06437661721005422
UBFC_PHYS_s15_T1_test,95,19,95.63333333333334,-0.3429672420024872,-0.24033119832819347
UBFC_PHYS_s15_T1_test,95,20,95.66666666666667,-0.4131059944629669,-0.5122077809710793
UBFC_PHYS_s15_T1_test,95,21,95.7,-0.5061479806900024,-0.7374329502264106
UBFC_PHYS_s15_T1_test,95,22,95.73333333333333,-0.623715341091156,-0.9119026831985259
UBFC_PHYS_s15_T1_test,95,23,95.76666666666667,-0.7848490476608276,-1.037734789883601
UBFC_PHYS_s15_T1_test,95,24,95.8,-0.9746021628379822,-1.1174238860614352
UBFC_PHYS_s15_T1_test,95,25,95.83333333333333,-1.129942536354065,-1.1473777639583091
UBFC_PHYS_s15_T1_test,95,26,95.86666666666666,-1.1901166439056396,-1.1143865602289214
UBFC_PHYS_s15_T1_test,95,27,95.9,-1.1384974718093872,-0.998375513459549
UBFC_PHYS_s15_T1_test,95,28,95.93333333333334,-0.9758381247520447,-0.7818013535071581
UBFC_PHYS_s15_T1_test,95,29,95.96666666666667,-0.6987012624740601,-0.46213642781587067
UBFC_PHYS_s15_T1_test,95,30,96.0,-0.3957257866859436,-0.061636119172027666
UBFC_PHYS_s15_T1_test,95,31,96.03333333333333,-0.31081387400627136,0.3708730189145348
UBFC_PHYS_s15_T1_test,95,32,96.06666666666666,-0.5720768570899963,0.7684464043250817
UBFC_PHYS_s15_T1_test,95,33,96.1,-0.9426805377006531,1.0628337537759995
UBFC_PHYS_s15_T1_test,95,34,96.13333333333334,-1.0345832109451294,1.2041394450835174
UBFC_PHYS_s15_T1_test,95,35,96.16666666666667,-0.7509576678276062,1.176012742857105
UBFC_PHYS_s15_T1_test,95,36,96.2,-0.30563846230506897,0.9999491804717795
UBFC_PHYS_s15_T1_test,95,37,96.23333333333333,0.11181454360485077,0.7262898122824595
UBFC_PHYS_s15_T1_test,95,38,96.26666666666667,0.48979517817497253,0.4155038831888012
UBFC_PHYS_s15_T1_test,95,39,96.3,0.9361765384674072,0.11813166963134963
UBFC_PHYS_s15_T1_test,95,40,96.33333333333333,1.49997079372406,-0.13770569432923865
UBFC_PHYS_s15_T1_test,95,41,96.36666666666666,1.9817111492156982,-0.34666018878833527
UBFC_PHYS_s15_T1_test,95,42,96.4,2.0843701362609863,-0.516662395359827
UBFC_PHYS_s15_T1_test,95,43,96.43333333333334,1.7905869483947754,-0.6564538182487525
UBFC_PHYS_s15_T1_test,95,44,96.46666666666667,1.3425641059875488,-0.766350012429881
UBFC_PHYS_s15_T1_test,95,45,96.5,0.8883810043334961,-0.8348463724184751
UBFC_PHYS_s15_T1_test,95,46,96.53333333333333,0.3990705609321594,-0.8409259307331749
UBFC_PHYS_s15_T1_test,95,47,96.56666666666666,-0.13117991387844086,-0.7608683054227139
UBFC_PHYS_s15_T1_test,95,48,96.6,-0.636383593082428,-0.5779675222242724
UBFC_PHYS_s15_T1_test,95,49,96.63333333333334,-1.0557290315628052,-0.2927956900184782
UBFC_PHYS_s15_T1_test,95,50,96.66666666666667,-1.3231523036956787,0.0696114046144897
UBFC_PHYS_s15_T1_test,95,51,96.7,-1.3873238563537598,0.4596993991701743
UBFC_PHYS_s15_T1_test,95,52,96.73333333333333,-1.354533314704895,0.8127236728208593
UBFC_PHYS_s15_T1_test,95,53,96.76666666666667,-1.4182606935501099,1.0657152913047847
UBFC_PHYS_s15_T1_test,95,54,96.8,-1.5223101377487183,1.175900734710821
UBFC_PHYS_s15_T1_test,95,55,96.83333333333333,-1.4277231693267822,1.1326181132569644
UBFC_PHYS_s15_T1_test,95,56,96.86666666666666,-1.1111526489257812,0.9575459341855661
UBFC_PHYS_s15_T1_test,95,57,96.9,-0.7750195860862732,0.6938128717679669
UBFC_PHYS_s15_T1_test,95,58,96.93333333333334,-0.5474162697792053,0.38980136488899225
UBFC_PHYS_s15_T1_test,95,59,96.96666666666667,-0.42032843828201294,0.08500394047219545
UBFC_PHYS_s15_T1_test,95,60,97.0,-0.38587701320648193,-0.19747752231111637
UBFC_PHYS_s15_T1_test,95,61,97.03333333333333,-0.42573559284210205,-0.4510047373704874
UBFC_PHYS_s15_T1_test,95,62,97.06666666666666,-0.4477311968803406,-0.6791105656756419
UBFC_PHYS_s15_T1_test,95,63,97.1,-0.38964274525642395,-0.8849792592434285
UBFC_PHYS_s15_T1_test,95,64,97.13333333333334,-0.2960600256919861,-1.0608268480209477
UBFC_PHYS_s15_T1_test,95,65,97.16666666666667,-0.23602111637592316,-1.1825327746287
UBFC_PHYS_s15_T1_test,95,66,97.2,-0.20900456607341766,-1.2131843705832972
UBFC_PHYS_s15_T1_test,95,67,97.23333333333333,-0.1820073276758194,-1.1152204960803118
UBFC_PHYS_s15_T1_test,95,68,97.26666666666667,-0.1569991558790207,-0.8667978296835936
UBFC_PHYS_s15_T1_test,95,69,97.3,-0.15344586968421936,-0.47583677225903726
UBFC_PHYS_s15_T1_test,95,70,97.33333333333333,-0.16621065139770508,0.014151317567204315
UBFC_PHYS_s15_T1_test,95,71,97.36666666666666,-0.19006015360355377,0.5295565177734817
UBFC_PHYS_s15_T1_test,95,72,97.4,-0.20251595973968506,0.9829022108093215
UBFC_PHYS_s15_T1_test,95,73,97.43333333333334,-0.12117663770914078,1.2955128031429952
UBFC_PHYS_s15_T1_test,95,74,97.46666666666667,0.08730846643447876,1.419376320247021
UBFC_PHYS_s15_T1_test,95,75,97.5,0.2965853214263916,1.3500464341393452
UBFC_PHYS_s15_T1_test,95,76,97.53333333333333,0.37062495946884155,1.1247055534529244
UBFC_PHYS_s15_T1_test,95,77,97.56666666666666,0.3545772433280945,0.8053945950876212
UBFC_PHYS_s15_T1_test,95,78,97.6,0.3207437992095947,0.4549399306104634
UBFC_PHYS_s15_T1_test,95,79,97.63333333333334,0.26557135581970215,0.11716063150422985
UBFC_PHYS_s15_T1_test,95,80,97.66666666666667,0.21209827065467834,-0.19001256249534387
UBFC_PHYS_s15_T1_test,95,81,97.7,0.21843238174915314,-0.46749885509398564
UBFC_PHYS_s15_T1_test,95,82,97.73333333333333,0.27630844712257385,-0.7202333043694469
UBFC_PHYS_s15_T1_test,95,83,97.76666666666667,0.3308822512626648,-0.9433144219733812
UBFC_PHYS_s15_T1_test,95,84,97.8,0.3468720316886902,-1.1153466562536338
UBFC_PHYS_s15_T1_test,95,85,97.83333333333333,0.3012200593948364,-1.2007483516565272
UBFC_PHYS_s15_T1_test,95,86,97.86666666666666,0.19624367356300354,-1.1598928154253012
UBFC_PHYS_s15_T1_test,95,87,97.9,0.07875354588031769,-0.9642629480732401
UBFC_PHYS_s15_T1_test,95,88,97.93333333333334,-0.009093686938285828,-0.6119414561142585
UBFC_PHYS_s15_T1_test,95,89,97.96666666666667,-0.07139203697443008,-0.13738990528638256
UBFC_PHYS_s15_T1_test,95,90,98.0,-0.13936790823936462,0.3898541648365287
UBFC_PHYS_s15_T1_test,95,91,98.03333333333333,-0.20278631150722504,0.8794643133268647
UBFC_PHYS_s15_T1_test,95,92,98.06666666666666,-0.1624835729598999,1.244004913980873
UBFC_PHYS_s15_T1_test,95,93,98.1,0.048280272632837296,1.4233923602062213
UBFC_PHYS_s15_T1_test,95,94,98.13333333333334,0.3298780620098114,1.4000082722330984
UBFC_PHYS_s15_T1_test,95,95,98.16666666666667,0.5079478025436401,1.198320777727073
UBFC_PHYS_s15_T1_test,95,96,98.2,0.5379382967948914,0.87096369627915
UBFC_PHYS_s15_T1_test,95,97,98.23333333333333,0.5454697608947754,0.47944285315433827
UBFC_PHYS_s15_T1_test,95,98,98.26666666666667,0.637121319770813,0.07753866970583312
UBFC_PHYS_s15_T1_test,95,99,98.3,0.7284252643585205,-0.2983426087749464
UBFC_PHYS_s15_T1_test,95,100,98.33333333333333,0.694012463092804,-0.630705995991079
UBFC_PHYS_s15_T1_test,95,101,98.36666666666666,0.5830689072608948,-0.9150674286039409
UBFC_PHYS_s15_T1_test,95,102,98.4,0.5170820951461792,-1.1491624405751646
UBFC_PHYS_s15_T1_test,95,103,98.43333333333334,0.49881356954574585,-1.3218682792574028
UBFC_PHYS_s15_T1_test,95,104,98.46666666666667,0.47739729285240173,-1.4076112381382324
UBFC_PHYS_s15_T1_test,95,105,98.5,0.46633192896842957,-1.3705547707085213
UBFC_PHYS_s15_T1_test,95,106,98.53333333333333,0.4766634702682495,-1.1783127606774877
UBFC_PHYS_s15_T1_test,95,107,98.56666666666666,0.46625468134880066,-0.8197919539601708
UBFC_PHYS_s15_T1_test,95,108,98.6,0.40700751543045044,-0.31913304851522983
UBFC_PHYS_s15_T1_test,95,109,98.63333333333334,0.26551342010498047,0.26127688324234855
UBFC_PHYS_s15_T1_test,95,110,98.66666666666667,-0.005250732414424419,0.8316809037247346
UBFC_PHYS_s15_T1_test,95,111,98.7,-0.364441454410553,1.2970771611453877
UBFC_PHYS_s15_T1_test,95,112,98.73333333333333,-0.6913436055183411,1.5829921930751238
UBFC_PHYS_s15_T1_test,95,113,98.76666666666667,-0.9265170097351074,1.6553206166401222
UBFC_PHYS_s15_T1_test,95,114,98.8,-1.0838656425476074,1.526797606069276
UBFC_PHYS_s15_T1_test,95,115,98.83333333333333,-1.1524401903152466,1.2478549101617649
UBFC_PHYS_s15_T1_test,95,116,98.86666666666666,-1.0994691848754883,0.8856461562365808
UBFC_PHYS_s15_T1_test,95,117,98.9,-0.9221140146255493,0.5000211455477926
UBFC_PHYS_s15_T1_test,95,118,98.93333333333334,-0.653937578201294,0.12712754199493342
UBFC_PHYS_s15_T1_test,95,119,98.96666666666667,-0.3468681275844574,-0.2223398701964386
UBFC_PHYS_s15_T1_test,95,120,99.0,-0.03595574572682381,-0.5517361843357539
UBFC_PHYS_s15_T1_test,95,121,99.03333333333333,0.2655327320098877,-0.8623922600530249
UBFC_PHYS_s15_T1_test,95,122,99.06666666666666,0.5444076061248779,-1.1415656348235583
UBFC_PHYS_s15_T1_test,95,123,99.1,0.7619110941886902,-1.3588052261036858
UBFC_PHYS_s15_T1_test,95,124,99.13333333333334,0.8743996024131775,-1.4710699650215464
UBFC_PHYS_s15_T1_test,95,125,99.16666666666667,0.9059543013572693,-1.4346437730386523
UBFC_PHYS_s15_T1_test,95,126,99.2,0.9370455741882324,-1.2206134087532812
UBFC_PHYS_s15_T1_test,95,127,99.23333333333333,0.9926042556762695,-0.8295362984676264
UBFC_PHYS_s15_T1_test,95,128,99.26666666666667,1.0155847072601318,-0.2999293363407529
UBFC_PHYS_s15_T1_test,95,129,99.3,0.9461411833763123,0.2941992805658606
UBFC_PHYS_s15_T1_test,95,130,99.33333333333333,0.7833274006843567,0.8582044094724451
UBFC_PHYS_s15_T1_test,95,131,99.36666666666666,0.6369861364364624,1.3002253909615968
UBFC_PHYS_s15_T1_test,95,132,99.4,0.6801083087921143,1.5547474452086334
UBFC_PHYS_s15_T1_test,95,133,99.43333333333334,0.974490225315094,1.5970930574663207
UBFC_PHYS_s15_T1_test,95,134,99.46666666666667,1.4050170183181763,1.4439183610858979
UBFC_PHYS_s15_T1_test,95,135,99.5,1.7851991653442383,1.1414498448813846
UBFC_PHYS_s15_T1_test,95,136,99.53333333333333,1.9912703037261963,0.7481270827917621
UBFC_PHYS_s15_T1_test,95,137,99.56666666666666,2.0447819232940674,0.31900142206453574
UBFC_PHYS_s15_T1_test,95,138,99.6,1.9838547706604004,-0.10392437482976144
UBFC_PHYS_s15_T1_test,95,139,99.63333333333334,1.7604420185089111,-0.49468665553043145
UBFC_PHYS_s15_T1_test,95,140,99.66666666666667,1.333410620689392,-0.8400902128364474
UBFC_PHYS_s15_T1_test,95,141,99.7,0.7570446729660034,-1.131297552791869
UBFC_PHYS_s15_T1_test,95,142,99.73333333333333,0.11142831295728683,-1.3538113295894016
UBFC_PHYS_s15_T1_test,95,143,99.76666666666667,-0.5369881987571716,-1.481500062296996
UBFC_PHYS_s15_T1_test,95,144,99.8,-1.1123112440109253,-1.4792917727147572
UBFC_PHYS_s15_T1_test,95,145,99.83333333333333,-1.5652198791503906,-1.3150582727871525
UBFC_PHYS_s15_T1_test,95,146,99.86666666666666,-1.909985065460205,-0.9762428980029546
UBFC_PHYS_s15_T1_test,95,147,99.9,-2.1952133178710938,-0.4837283538825813
UBFC_PHYS_s15_T1_test,95,148,99.93333333333334,-2.445430278778076,0.10395146084324905
UBFC_PHYS_s15_T1_test,95,149,99.96666666666667,-2.610368251800537,0.699241208575638
UBFC_PHYS_s15_T1_test,95,150,100.0,-2.595768928527832,1.205280852674599
UBFC_PHYS_s15_T1_test,95,151,100.03333333333333,-2.3901419639587402,1.5406322322333155
UBFC_PHYS_s15_T1_test,95,152,100.06666666666666,-2.0994677543640137,1.6606709275424267
UBFC_PHYS_s15_T1_test,95,153,100.1,-1.777161717414856,1.5678750031903839
UBFC_PHYS_s15_T1_test,95,154,100.13333333333334,-1.4229340553283691,1.3067670763263743
UBFC_PHYS_s15_T1_test,95,155,100.16666666666667,-1.0963407754898071,0.9451554140674716
UBFC_PHYS_s15_T1_test,95,156,100.2,-0.8718273043632507,0.5495690267670792
UBFC_PHYS_s15_T1_test,95,157,100.23333333333333,-0.7271661162376404,0.16572446104604613
UBFC_PHYS_s15_T1_test,95,158,100.26666666666667,-0.5870431065559387,-0.18791252809909287
UBFC_PHYS_s15_T1_test,95,159,100.3,-0.3907434642314911,-0.5124233570228824
UBFC_PHYS_s15_T1_test,95,160,100.33333333333333,-0.1020970493555069,-0.8127627195917159
UBFC_PHYS_s15_T1_test,95,161,100.36666666666666,0.23971347510814667,-1.0833111948423286
UBFC_PHYS_s15_T1_test,95,162,100.4,0.5127370357513428,-1.3011558054350483
UBFC_PHYS_s15_T1_test,95,163,100.43333333333334,0.6298022866249084,-1.4286918637109085
UBFC_PHYS_s15_T1_test,95,164,100.46666666666667,0.6011636257171631,-1.4239762101730302
UBFC_PHYS_s15_T1_test,95,165,100.5,0.4561934769153595,-1.255686382232872
UBFC_PHYS_s15_T1_test,95,166,100.53333333333333,0.2201317846775055,-0.9180557783229404
UBFC_PHYS_s15_T1_test,95,167,100.56666666666666,-0.03713373467326164,-0.4402398609195275
UBFC_PHYS_s15_T1_test,95,168,100.6,-0.24011510610580444,0.1144898455804649
UBFC_PHYS_s15_T1_test,95,169,100.63333333333334,-0.3468681275844574,0.6611089047064438
UBFC_PHYS_s15_T1_test,95,170,100.66666666666667,-0.34445422887802124,1.1134813296706783
UBFC_PHYS_s15_T1_test,95,171,100.7,-0.2680392861366272,1.4059488867830063
UBFC_PHYS_s15_T1_test,95,172,100.73333333333333,-0.179419606924057,1.5074821786615658
UBFC_PHYS_s15_T1_test,95,173,100.76666666666667,-0.08593346178531647,1.4234996820863062
UBFC_PHYS_s15_T1_test,95,174,100.8,0.06224236264824867,1.187139231169876
UBFC_PHYS_s15_T1_test,95,175,100.83333333333333,0.28113627433776855,0.8463039600637698
UBFC_PHYS_s15_T1_test,95,176,100.86666666666666,0.5108059048652649,0.4516991593313264
UBFC_PHYS_s15_T1_test,95,177,100.9,0.6619749665260315,0.047699092727572924
UBFC_PHYS_s15_T1_test,95,178,100.93333333333334,0.7035329937934875,-0.3332750784517604
UBFC_PHYS_s15_T1_test,95,179,100.96666666666667,0.6838740110397339,-0.6716002277537941
UBFC_PHYS_s15_T1_test,95,180,101.0,0.6612797975540161,-0.955640474655617
UBFC_PHYS_s15_T1_test,95,181,101.03333333333333,0.6474528908729553,-1.1729733227216386
UBFC_PHYS_s15_T1_test,95,182,101.06666666666666,0.6012022495269775,-1.3028614415531663
UBFC_PHYS_s15_T1_test,95,183,101.1,0.4795987904071808,-1.3160729089648613
UBFC_PHYS_s15_T1_test,95,184,101.13333333333334,0.3019345700740814,-1.1842955277472704
UBFC_PHYS_s15_T1_test,95,185,101.16666666666667,0.12983201444149017,-0.8953870787968077
UBFC_PHYS_s15_T1_test,95,186,101.2,0.0011220060987398028,-0.46679261599029775
UBFC_PHYS_s15_T1_test,95,187,101.23333333333333,-0.09037507325410843,0.050218962570758696
UBFC_PHYS_s15_T1_test,95,188,101.26666666666667,-0.18399639427661896,0.5786581503674518
UBFC_PHYS_s15_T1_test,95,189,101.3,-0.2938199043273926,1.0337756388857318
UBFC_PHYS_s15_T1_test,95,190,101.33333333333333,-0.3448404371738434,1.3442511781695594
UBFC_PHYS_s15_T1_test,95,191,101.36666666666666,-0.2703566551208496,1.4691687229149142
UBFC_PHYS_s15_T1_test,95,192,101.4,-0.11659985035657883,1.405787743667625
UBFC_PHYS_s15_T1_test,95,193,101.43333333333334,0.019081542268395424,1.1866834728381708
UBFC_PHYS_s15_T1_test,95,194,101.46666666666667,0.07942944765090942,0.8676020464226779
UBFC_PHYS_s15_T1_test,95,195,101.5,0.05847665295004845,0.5097706196944759
UBFC_PHYS_s15_T1_test,95,196,101.53333333333333,-0.00874608289450407,0.1627507612819012
UBFC_PHYS_s15_T1_test,95,197,101.56666666666666,-0.0677228793501854,-0.145821102021336
UBFC_PHYS_s15_T1_test,95,198,101.6,-0.08299814164638519,-0.4105031102052229
UBFC_PHYS_s15_T1_test,95,199,101.63333333333334,-0.0654248297214508,-0.6397928546544981
UBFC_PHYS_s15_T1_test,95,200,101.66666666666667,-0.03865933045744896,-0.8437697942719147
UBFC_PHYS_s15_T1_test,95,201,101.7,0.012187397107481956,-1.0227454720538134
UBFC_PHYS_s15_T1_test,95,202,101.73333333333333,0.09070725739002228,-1.1611336235592336
UBFC_PHYS_s15_T1_test,95,203,101.76666666666667,0.14479829370975494,-1.2288860975527183
UBFC_PHYS_s15_T1_test,95,204,101.8,0.1336749643087387,-1.1904336963610787
UBFC_PHYS_s15_T1_test,95,205,101.83333333333333,0.06282170116901398,-1.018453557570917
UBFC_PHYS_s15_T1_test,95,206,101.86666666666666,-0.05260211229324341,-0.7075788965239023
UBFC_PHYS_s15_T1_test,95,207,101.9,-0.18530955910682678,-0.2825432734027988
UBFC_PHYS_s15_T1_test,95,208,101.93333333333334,-0.32348212599754333,0.20302010173822715
UBFC_PHYS_s15_T1_test,95,209,101.96666666666667,-0.4796141982078552,0.6773770960828229
UBFC_PHYS_s15_T1_test,95,210,102.0,-0.5990740656852722,1.0675342769505072
UBFC_PHYS_s15_T1_test,95,211,102.03333333333333,-0.5748770236968994,1.316288305241113
UBFC_PHYS_s15_T1_test,95,212,102.06666666666666,-0.4283812642097473,1.3940029699049346
UBFC_PHYS_s15_T1_test,95,213,102.1,-0.2772507965564728,1.3022275386647704
UBFC_PHYS_s15_T1_test,95,214,102.13333333333334,-0.17968995869159698,1.0695512397259948
UBFC_PHYS_s15_T1_test,95,215,102.16666666666667,-0.14313362538814545,0.7420521378832453
UBFC_PHYS_s15_T1_test,95,216,102.2,-0.18519368767738342,0.37077677125546527
UBFC_PHYS_s15_T1_test,95,217,102.23333333333333,-0.27304092049598694,-0.0009854870249932438
UBFC_PHYS_s15_T1_test,95,218,102.26666666666667,-0.31923362612724304,-0.3461909134650656
UBFC_PHYS_s15_T1_test,95,219,102.3,-0.2914446294307709,-0.653954551068928
UBFC_PHYS_s15_T1_test,95,220,102.33333333333333,-0.24558022618293762,-0.920854345509806
UBFC_PHYS_s15_T1_test,95,221,102.36666666666666,-0.24824517965316772,-1.1390224786227772
UBFC_PHYS_s15_T1_test,95,222,102.4,-0.3152554929256439,-1.288491191308947
UBFC_PHYS_s15_T1_test,95,223,102.43333333333334,-0.40375930070877075,-1.3387944598569417
UBFC_PHYS_s15_T1_test,95,224,102.46666666666667,-0.4652079641819,-1.2595779401168268
UBFC_PHYS_s15_T1_test,95,225,102.5,-0.482047438621521,-1.0351974881005002
UBFC_PHYS_s15_T1_test,95,226,102.53333333333333,-0.4739946126937866,-0.6765940899646311
UBFC_PHYS_s15_T1_test,95,227,102.56666666666666,-0.47704580426216125,-0.22520043387922906
UBFC_PHYS_s15_T1_test,95,228,102.6,-0.46825915575027466,0.25317418882712706
UBFC_PHYS_s15_T1_test,95,229,102.63333333333334,-0.36621809005737305,0.6831172461166912
UBFC_PHYS_s15_T1_test,95,230,102.66666666666667,-0.14902357757091522,0.9989605374091202
UBFC_PHYS_s15_T1_test,95,231,102.7,0.11403534561395645,1.162635037679954
UBFC_PHYS_s15_T1_test,95,232,102.73333333333333,0.35189297795295715,1.1732076189868894
UBFC_PHYS_s15_T1_test,95,233,102.76666666666667,0.5235320925712585,1.0636633015418
UBFC_PHYS_s15_T1_test,95,234,102.8,0.615511953830719,0.8863595856747964
UBFC_PHYS_s15_T1_test,95,235,102.83333333333333,0.6445754766464233,0.6941013970415346
UBFC_PHYS_s15_T1_test,95,236,102.86666666666666,0.6241440773010254,0.5249398842226356
UBFC_PHYS_s15_T1_test,95,237,102.9,0.5731621980667114,0.3954314543925216
UBFC_PHYS_s15_T1_test,95,238,102.93333333333334,0.5340374112129211,0.3019821839052275
UBFC_PHYS_s15_T1_test,95,239,102.96666666666667,0.5176228284835815,0.2267661285345625
UBFC_PHYS_s15_T1_test,96,0,96.0,-0.3957257866859436,-0.03640662934871181
UBFC_PHYS_s15_T1_test,96,1,96.03333333333333,-0.31081387400627136,0.6486458659682223
UBFC_PHYS_s15_T1_test,96,2,96.06666666666666,-0.5720768570899963,1.224210445065879
UBFC_PHYS_s15_T1_test,96,3,96.1,-0.9426805377006531,1.604812369452049
UBFC_PHYS_s15_T1_test,96,4,96.13333333333334,-1.0345832109451294,1.744739181335519
UBFC_PHYS_s15_T1_test,96,5,96.16666666666667,-0.7509576678276062,1.64571555165656
UBFC_PHYS_s15_T1_test,96,6,96.2,-0.30563846230506897,1.3520815123310579
UBFC_PHYS_s15_T1_test,96,7,96.23333333333333,0.11181454360485077,0.9356585629256489
UBFC_PHYS_s15_T1_test,96,8,96.26666666666667,0.48979517817497253,0.4758378255382344
UBFC_PHYS_s15_T1_test,96,9,96.3,0.9361765384674072,0.04109209764439095
UBFC_PHYS_s15_T1_test,96,10,96.33333333333333,1.49997079372406,-0.3231492231137782
UBFC_PHYS_s15_T1_test,96,11,96.36666666666666,1.9817111492156982,-0.597826096268573
UBFC_PHYS_s15_T1_test,96,12,96.4,2.0843701362609863,-0.7853274939178589
UBFC_PHYS_s15_T1_test,96,13,96.43333333333334,1.7905869483947754,-0.8992923073478146
UBFC_PHYS_s15_T1_test,96,14,96.46666666666667,1.3425641059875488,-0.9531989972665083
UBFC_PHYS_s15_T1_test,96,15,96.5,0.8883810043334961,-0.951693832334547
UBFC_PHYS_s15_T1_test,96,16,96.53333333333333,0.3990705609321594,-0.8876458549832831
UBFC_PHYS_s15_T1_test,96,17,96.56666666666666,-0.13117991387844086,-0.7461974543463262
UBFC_PHYS_s15_T1_test,96,18,96.6,-0.636383593082428,-0.5146978417183337
UBFC_PHYS_s15_T1_test,96,19,96.63333333333334,-1.0557290315628052,-0.19485057389465665
UBFC_PHYS_s15_T1_test,96,20,96.66666666666667,-1.3231523036956787,0.1883320741634823
UBFC_PHYS_s15_T1_test,96,21,96.7,-1.3873238563537598,0.5857413889980415
UBFC_PHYS_s15_T1_test,96,22,96.73333333333333,-1.354533314704895,0.9334038613188133
UBFC_PHYS_s15_T1_test,96,23,96.76666666666667,-1.4182606935501099,1.1691063667088775
UBFC_PHYS_s15_T1_test,96,24,96.8,-1.5223101377487183,1.2501938134399657
UBFC_PHYS_s15_T1_test,96,25,96.83333333333333,-1.4277231693267822,1.1654904562336375
UBFC_PHYS_s15_T1_test,96,26,96.86666666666666,-1.1111526489257812,0.9368148248568354
UBFC_PHYS_s15_T1_test,96,27,96.9,-0.7750195860862732,0.610124925257783
UBFC_PHYS_s15_T1_test,96,28,96.93333333333334,-0.5474162697792053,0.24061834251302647
UBFC_PHYS_s15_T1_test,96,29,96.96666666666667,-0.42032843828201294,-0.12207253328152258
UBFC_PHYS_s15_T1_test,96,30,97.0,-0.38587701320648193,-0.44376238836803056
UBFC_PHYS_s15_T1_test,96,31,97.03333333333333,-0.42573559284210205,-0.7085377023506042
UBFC_PHYS_s15_T1_test,96,32,97.06666666666666,-0.4477311968803406,-0.9145940928432897
UBFC_PHYS_s15_T1_test,96,33,97.1,-0.38964274525642395,-1.065055076357778
UBFC_PHYS_s15_T1_test,96,34,97.13333333333334,-0.2960600256919861,-1.1577977377013347
UBFC_PHYS_s15_T1_test,96,35,97.16666666666667,-0.23602111637592316,-1.1793729065380456
UBFC_PHYS_s15_T1_test,96,36,97.2,-0.20900456607341766,-1.1068238275839448
UBFC_PHYS_s15_T1_test,96,37,97.23333333333333,-0.1820073276758194,-0.9176706102184351
UBFC_PHYS_s15_T1_test,96,38,97.26666666666667,-0.1569991558790207,-0.6040505583737144
UBFC_PHYS_s15_T1_test,96,39,97.3,-0.15344586968421936,-0.18439207374078911
UBFC_PHYS_s15_T1_test,96,40,97.33333333333333,-0.16621065139770508,0.2932917238909707
UBFC_PHYS_s15_T1_test,96,41,97.36666666666666,-0.19006015360355377,0.7589026785233114
UBFC_PHYS_s15_T1_test,96,42,97.4,-0.20251595973968506,1.1365383540403833
UBFC_PHYS_s15_T1_test,96,43,97.43333333333334,-0.12117663770914078,1.3641592000086555
UBFC_PHYS_s15_T1_test,96,44,97.46666666666667,0.08730846643447876,1.4100874665183618
UBFC_PHYS_s15_T1_test,96,45,97.5,0.2965853214263916,1.2806501067484228
UBFC_PHYS_s15_T1_test,96,46,97.53333333333333,0.37062495946884155,1.0157170271860714
UBFC_PHYS_s15_T1_test,96,47,97.56666666666666,0.3545772433280945,0.6731954852626668
UBFC_PHYS_s15_T1_test,96,48,97.6,0.3207437992095947,0.3088468079584707
UBFC_PHYS_s15_T1_test,96,49,97.63333333333334,0.26557135581970215,-0.03946615207251158
UBFC_PHYS_s15_T1_test,96,50,97.66666666666667,0.21209827065467834,-0.35644843657529396
UBFC_PHYS_s15_T1_test,96,51,97.7,0.21843238174915314,-0.642259118391168
UBFC_PHYS_s15_T1_test,96,52,97.73333333333333,0.27630844712257385,-0.898607240150737
UBFC_PHYS_s15_T1_test,96,53,97.76666666666667,0.3308822512626648,-1.115656916478739
UBFC_PHYS_s15_T1_test,96,54,97.8,0.3468720316886902,-1.2660715654438046
UBFC_PHYS_s15_T1_test,96,55,97.83333333333333,0.3012200593948364,-1.309003924404904
UBFC_PHYS_s15_T1_test,96,56,97.86666666666666,0.19624367356300354,-1.2031524202376727
UBFC_PHYS_s15_T1_test,96,57,97.9,0.07875354588031769,-0.9247873365902319
UBFC_PHYS_s15_T1_test,96,58,97.93333333333334,-0.009093686938285828,-0.48414349468991796
UBFC_PHYS_s15_T1_test,96,59,97.96666666666667,-0.07139203697443008,0.06714644667638181
UBFC_PHYS_s15_T1_test,96,60,98.0,-0.13936790823936462,0.6427159847899826
UBFC_PHYS_s15_T1_test,96,61,98.03333333333333,-0.20278631150722504,1.142109246439095
UBFC_PHYS_s15_T1_test,96,62,98.06666666666666,-0.1624835729598999,1.478651640366527
UBFC_PHYS_s15_T1_test,96,63,98.1,0.048280272632837296,1.6035294397977173
UBFC_PHYS_s15_T1_test,96,64,98.13333333333334,0.3298780620098114,1.5162336565505394
UBFC_PHYS_s15_T1_test,96,65,98.16666666666667,0.5079478025436401,1.2578173290206114
UBFC_PHYS_s15_T1_test,96,66,98.2,0.5379382967948914,0.8915501617501975
UBFC_PHYS_s15_T1_test,96,67,98.23333333333333,0.5454697608947754,0.48069093257597234
UBFC_PHYS_s15_T1_test,96,68,98.26666666666667,0.637121319770813,0.07237516393576876
UBFC_PHYS_s15_T1_test,96,69,98.3,0.7284252643585205,-0.3080310323675907
UBFC_PHYS_s15_T1_test,96,70,98.33333333333333,0.694012463092804,-0.6526265378118086
UBFC_PHYS_s15_T1_test,96,71,98.36666666666666,0.5830689072608948,-0.9603690182820626
UBFC_PHYS_s15_T1_test,96,72,98.4,0.5170820951461792,-1.2250001676539117
UBFC_PHYS_s15_T1_test,96,73,98.43333333333334,0.49881356954574585,-1.4263389423354047
UBFC_PHYS_s15_T1_test,96,74,98.46666666666667,0.47739729285240173,-1.5290950991436754
UBFC_PHYS_s15_T1_test,96,75,98.5,0.46633192896842957,-1.491235345786994
UBFC_PHYS_s15_T1_test,96,76,98.53333333333333,0.4766634702682495,-1.2800440270598088
UBFC_PHYS_s15_T1_test,96,77,98.56666666666666,0.46625468134880066,-0.8900414662746536
UBFC_PHYS_s15_T1_test,96,78,98.6,0.40700751543045044,-0.355069652705085
UBFC_PHYS_s15_T1_test,96,79,98.63333333333334,0.26551342010498047,0.2518948770608758
UBFC_PHYS_s15_T1_test,96,80,98.66666666666667,-0.005250732414424419,0.8334789271691634
UBFC_PHYS_s15_T1_test,96,81,98.7,-0.364441454410553,1.293436454640821
UBFC_PHYS_s15_T1_test,96,82,98.73333333333333,-0.6913436055183411,1.5635795527028071
UBFC_PHYS_s15_T1_test,96,83,98.76666666666667,-0.9265170097351074,1.621103964799472
UBFC_PHYS_s15_T1_test,96,84,98.8,-1.0838656425476074,1.4894602496996459
UBFC_PHYS_s15_T1_test,96,85,98.83333333333333,-1.1524401903152466,1.2234548680509383
UBFC_PHYS_s15_T1_test,96,86,98.86666666666666,-1.0994691848754883,0.8859786074631101
UBFC_PHYS_s15_T1_test,96,87,98.9,-0.9221140146255493,0.5267400631056068
UBFC_PHYS_s15_T1_test,96,88,98.93333333333334,-0.653937578201294,0.17161974648360473
UBFC_PHYS_s15_T1_test,96,89,98.96666666666667,-0.3468681275844574,-0.17431370462075363
UBFC_PHYS_s15_T1_test,96,90,99.0,-0.03595574572682381,-0.513809623959465
UBFC_PHYS_s15_T1_test,96,91,99.03333333333333,0.2655327320098877,-0.8423290085554527
UBFC_PHYS_s15_T1_test,96,92,99.06666666666666,0.5444076061248779,-1.1382352164153027
UBFC_PHYS_s15_T1_test,96,93,99.1,0.7619110941886902,-1.3621804625410552
UBFC_PHYS_s15_T1_test,96,94,99.13333333333334,0.8743996024131775,-1.465762609261977
UBFC_PHYS_s15_T1_test,96,95,99.16666666666667,0.9059543013572693,-1.4065084473605165
UBFC_PHYS_s15_T1_test,96,96,99.2,0.9370455741882324,-1.1642064360366753
UBFC_PHYS_s15_T1_test,96,97,99.23333333333333,0.9926042556762695,-0.7528983963001242
UBFC_PHYS_s15_T1_test,96,98,99.26666666666667,1.0155847072601318,-0.22376491359878076
UBFC_PHYS_s15_T1_test,96,99,99.3,0.9461411833763123,0.34331699679078426
UBFC_PHYS_s15_T1_test,96,100,99.33333333333333,0.7833274006843567,0.8580434372471328
UBFC_PHYS_s15_T1_test,96,101,99.36666666666666,0.6369861364364624,1.2422878755514803
UBFC_PHYS_s15_T1_test,96,102,99.4,0.6801083087921143,1.448905787912359
UBFC_PHYS_s15_T1_test,96,103,99.43333333333334,0.974490225315094,1.469531964247545
UBFC_PHYS_s15_T1_test,96,104,99.46666666666667,1.4050170183181763,1.3291839981767133
UBFC_PHYS_s15_T1_test,96,105,99.5,1.7851991653442383,1.0716349327751649
UBFC_PHYS_s15_T1_test,96,106,99.53333333333333,1.9912703037261963,0.7430196544125698
UBFC_PHYS_s15_T1_test,96,107,99.56666666666666,2.0447819232940674,0.38039239180237955
UBFC_PHYS_s15_T1_test,96,108,99.6,1.9838547706604004,0.007998870748911997
UBFC_PHYS_s15_T1_test,96,109,99.63333333333334,1.7604420185089111,-0.3599085309612568
UBFC_PHYS_s15_T1_test,96,110,99.66666666666667,1.333410620689392,-0.7123896861567578
UBFC_PHYS_s15_T1_test,96,111,99.7,0.7570446729660034,-1.0339778412505067
UBFC_PHYS_s15_T1_test,96,112,99.73333333333333,0.11142831295728683,-1.298682997025449
UBFC_PHYS_s15_T1_test,96,113,99.76666666666667,-0.5369881987571716,-1.4690676790602446
UBFC_PHYS_s15_T1_test,96,114,99.8,-1.1123112440109253,-1.5025879412776615
UBFC_PHYS_s15_T1_test,96,115,99.83333333333333,-1.5652198791503906,-1.3646617458765904
UBFC_PHYS_s15_T1_test,96,116,99.86666666666666,-1.909985065460205,-1.0443236488259315
UBFC_PHYS_s15_T1_test,96,117,99.9,-2.1952133178710938,-0.565906515174823
UBFC_PHYS_s15_T1_test,96,118,99.93333333333334,-2.445430278778076,0.009259019710390597
UBFC_PHYS_s15_T1_test,96,119,99.96666666666667,-2.610368251800537,0.5936177707728583
UBFC_PHYS_s15_T1_test,96,120,100.0,-2.595768928527832,1.0940989854406689
UBFC_PHYS_s15_T1_test,96,121,100.03333333333333,-2.3901419639587402,1.435847385561213
UBFC_PHYS_s15_T1_test,96,122,100.06666666666666,-2.0994677543640137,1.5803521760189276
UBFC_PHYS_s15_T1_test,96,123,100.1,-1.777161717414856,1.5313315886936862
UBFC_PHYS_s15_T1_test,96,124,100.13333333333334,-1.4229340553283691,1.326803469639863
UBFC_PHYS_s15_T1_test,96,125,100.16666666666667,-1.0963407754898071,1.0215122564383268
UBFC_PHYS_s15_T1_test,96,126,100.2,-0.8718273043632507,0.6675302563230325
UBFC_PHYS_s15_T1_test,96,127,100.23333333333333,-0.7271661162376404,0.3009015187211899
UBFC_PHYS_s15_T1_test,96,128,100.26666666666667,-0.5870431065559387,-0.061196839082358644
UBFC_PHYS_s15_T1_test,96,129,100.3,-0.3907434642314911,-0.41339404026284005
UBFC_PHYS_s15_T1_test,96,130,100.33333333333333,-0.1020970493555069,-0.7501406910976457
UBFC_PHYS_s15_T1_test,96,131,100.36666666666666,0.23971347510814667,-1.0553354075114625
UBFC_PHYS_s15_T1_test,96,132,100.4,0.5127370357513428,-1.2983779780501192
UBFC_PHYS_s15_T1_test,96,133,100.43333333333334,0.6298022866249084,-1.43822000982305
UBFC_PHYS_s15_T1_test,96,134,100.46666666666667,0.6011636257171631,-1.4342030320407024
UBFC_PHYS_s15_T1_test,96,135,100.5,0.4561934769153595,-1.2604092325653042
UBFC_PHYS_s15_T1_test,96,136,100.53333333333333,0.2201317846775055,-0.9186736309849358
UBFC_PHYS_s15_T1_test,96,137,100.56666666666666,-0.03713373467326164,-0.44503659958103015
UBFC_PHYS_s15_T1_test,96,138,100.6,-0.24011510610580444,0.0939438295504525
UBFC_PHYS_s15_T1_test,96,139,100.63333333333334,-0.3468681275844574,0.6151131213074196
UBFC_PHYS_s15_T1_test,96,140,100.66666666666667,-0.34445422887802124,1.0388019463003464
UBFC_PHYS_s15_T1_test,96,141,100.7,-0.2680392861366272,1.3080336633626035
UBFC_PHYS_s15_T1_test,96,142,100.73333333333333,-0.179419606924057,1.3997838625972219
UBFC_PHYS_s15_T1_test,96,143,100.76666666666667,-0.08593346178531647,1.324718715531313
UBFC_PHYS_s15_T1_test,96,144,100.8,0.06224236264824867,1.117406350559057
UBFC_PHYS_s15_T1_test,96,145,100.83333333333333,0.28113627433776855,0.8227896116491589
UBFC_PHYS_s15_T1_test,96,146,100.86666666666666,0.5108059048652649,0.4842325040161478
UBFC_PHYS_s15_T1_test,96,147,100.9,0.6619749665260315,0.13574306111273254
UBFC_PHYS_s15_T1_test,96,148,100.93333333333334,0.7035329937934875,-0.20088720306331023
UBFC_PHYS_s15_T1_test,96,149,100.96666666666667,0.6838740110397339,-0.513965700368022
UBFC_PHYS_s15_T1_test,96,150,101.0,0.6612797975540161,-0.7954581435660452
UBFC_PHYS_s15_T1_test,96,151,101.03333333333333,0.6474528908729553,-1.0325214116664254
UBFC_PHYS_s15_T1_test,96,152,101.06666666666666,0.6012022495269775,-1.2013936914446128
UBFC_PHYS_s15_T1_test,96,153,101.1,0.4795987904071808,-1.2683151885034472
UBFC_PHYS_s15_T1_test,96,154,101.13333333333334,0.3019345700740814,-1.1991378461649551
UBFC_PHYS_s15_T1_test,96,155,101.16666666666667,0.12983201444149017,-0.974509640354551
UBFC_PHYS_s15_T1_test,96,156,101.2,0.0011220060987398028,-0.6038879899058315
UBFC_PHYS_s15_T1_test,96,157,101.23333333333333,-0.09037507325410843,-0.13117174994444153
UBFC_PHYS_s15_T1_test,96,158,101.26666666666667,-0.18399639427661896,0.3720775264603891
UBFC_PHYS_s15_T1_test,96,159,101.3,-0.2938199043273926,0.8242980959295846
UBFC_PHYS_s15_T1_test,96,160,101.33333333333333,-0.3448404371738434,1.1556639475338109
UBFC_PHYS_s15_T1_test,96,161,101.36666666666666,-0.2703566551208496,1.3252558230505256
UBFC_PHYS_s15_T1_test,96,162,101.4,-0.11659985035657883,1.327868450794589
UBFC_PHYS_s15_T1_test,96,163,101.43333333333334,0.019081542268395424,1.1895532504249036
UBFC_PHYS_s15_T1_test,96,164,101.46666666666667,0.07942944765090942,0.9547533959259131
UBFC_PHYS_s15_T1_test,96,165,101.5,0.05847665295004845,0.670017626029878
UBFC_PHYS_s15_T1_test,96,166,101.53333333333333,-0.00874608289450407,0.3702232912850861
UBFC_PHYS_s15_T1_test,96,167,101.56666666666666,-0.0677228793501854,0.0722770721676851
UBFC_PHYS_s15_T1_test,96,168,101.6,-0.08299814164638519,-0.22197096721895532
UBFC_PHYS_s15_T1_test,96,169,101.63333333333334,-0.0654248297214508,-0.5158201097333149
UBFC_PHYS_s15_T1_test,96,170,101.66666666666667,-0.03865933045744896,-0.8057167485528275
UBFC_PHYS_s15_T1_test,96,171,101.7,0.012187397107481956,-1.072618083431082
UBFC_PHYS_s15_T1_test,96,172,101.73333333333333,0.09070725739002228,-1.2807426193656277
UBFC_PHYS_s15_T1_test,96,173,101.76666666666667,0.14479829370975494,-1.3848732262528547
UBFC_PHYS_s15_T1_test,96,174,101.8,0.1336749643087387,-1.3440685913940622
UBFC_PHYS_s15_T1_test,96,175,101.83333333333333,0.06282170116901398,-1.137071629982643
UBFC_PHYS_s15_T1_test,96,176,101.86666666666666,-0.05260211229324341,-0.773808874480429
UBFC_PHYS_s15_T1_test,96,177,101.9,-0.18530955910682678,-0.29836523080300564
UBFC_PHYS_s15_T1_test,96,178,101.93333333333334,-0.32348212599754333,0.218598671753037
UBFC_PHYS_s15_T1_test,96,179,101.96666666666667,-0.4796141982078552,0.6963817347486966
UBFC_PHYS_s15_T1_test,96,180,102.0,-0.5990740656852722,1.0645006671109372
UBFC_PHYS_s15_T1_test,96,181,102.03333333333333,-0.5748770236968994,1.2795483603503577
UBFC_PHYS_s15_T1_test,96,182,102.06666666666666,-0.4283812642097473,1.3326451687551477
UBFC_PHYS_s15_T1_test,96,183,102.1,-0.2772507965564728,1.2453741100761722
UBFC_PHYS_s15_T1_test,96,184,102.13333333333334,-0.17968995869159698,1.0570307927464677
UBFC_PHYS_s15_T1_test,96,185,102.16666666666667,-0.14313362538814545,0.8092211782387957
UBFC_PHYS_s15_T1_test,96,186,102.2,-0.18519368767738342,0.5336692711095317
UBFC_PHYS_s15_T1_test,96,187,102.23333333333333,-0.27304092049598694,0.24682680143077815
UBFC_PHYS_s15_T1_test,96,188,102.26666666666667,-0.31923362612724304,-0.04759054473380821
UBFC_PHYS_s15_T1_test,96,189,102.3,-0.2914446294307709,-0.3495229126199254
UBFC_PHYS_s15_T1_test,96,190,102.33333333333333,-0.24558022618293762,-0.651006153551094
UBFC_PHYS_s15_T1_test,96,191,102.36666666666666,-0.24824517965316772,-0.9278625394927308
UBFC_PHYS_s15_T1_test,96,192,102.4,-0.3152554929256439,-1.1396370887985594
UBFC_PHYS_s15_T1_test,96,193,102.43333333333334,-0.40375930070877075,-1.2394028823086545
UBFC_PHYS_s15_T1_test,96,194,102.46666666666667,-0.4652079641819,-1.1902678056844322
UBFC_PHYS_s15_T1_test,96,195,102.5,-0.482047438621521,-0.9816886467477801
UBFC_PHYS_s15_T1_test,96,196,102.53333333333333,-0.4739946126937866,-0.6381869355556484
UBFC_PHYS_s15_T1_test,96,197,102.56666666666666,-0.47704580426216125,-0.21603112546570613
UBFC_PHYS_s15_T1_test,96,198,102.6,-0.46825915575027466,0.21149265343003076
UBFC_PHYS_s15_T1_test,96,199,102.63333333333334,-0.36621809005737305,0.5747998176141059
UBFC_PHYS_s15_T1_test,96,200,102.66666666666667,-0.14902357757091522,0.8268670149701929
UBFC_PHYS_s15_T1_test,96,201,102.7,0.11403534561395645,0.9531141273520864
UBFC_PHYS_s15_T1_test,96,202,102.73333333333333,0.35189297795295715,0.9687342680320452
UBFC_PHYS_s15_T1_test,96,203,102.76666666666667,0.5235320925712585,0.9051986389193198
UBFC_PHYS_s15_T1_test,96,204,102.8,0.615511953830719,0.7927110673796748
UBFC_PHYS_s15_T1_test,96,205,102.83333333333333,0.6445754766464233,0.6472758401155929
UBFC_PHYS_s15_T1_test,96,206,102.86666666666666,0.6241440773010254,0.46822798400630355
UBFC_PHYS_s15_T1_test,96,207,102.9,0.5731621980667114,0.24626722747163332
UBFC_PHYS_s15_T1_test,96,208,102.93333333333334,0.5340374112129211,-0.02334881039999788
UBFC_PHYS_s15_T1_test,96,209,102.96666666666667,0.5176228284835815,-0.32975487161336536
UBFC_PHYS_s15_T1_test,96,210,103.0,0.4871881604194641,-0.6426193223490727
UBFC_PHYS_s15_T1_test,96,211,103.03333333333333,0.4259133040904999,-0.9164988020353287
UBFC_PHYS_s15_T1_test,96,212,103.06666666666666,0.3636728823184967,-1.1014662385899632
UBFC_PHYS_s15_T1_test,96,213,103.1,0.31327033042907715,-1.1565549370521382
UBFC_PHYS_s15_T1_test,96,214,103.13333333333334,0.24328607320785522,-1.061844785267236
UBFC_PHYS_s15_T1_test,96,215,103.16666666666667,0.1185348853468895,-0.8252387469713448
UBFC_PHYS_s15_T1_test,96,216,103.2,-0.05524776130914688,-0.48146039163203247
UBFC_PHYS_s15_T1_test,96,217,103.23333333333333,-0.22594060003757477,-0.0832373548742171
UBFC_PHYS_s15_T1_test,96,218,103.26666666666667,-0.32363662123680115,0.31264906265971787
UBFC_PHYS_s15_T1_test,96,219,103.3,-0.3097517788410187,0.659452869362713
UBFC_PHYS_s15_T1_test,96,220,103.33333333333333,-0.22269628942012787,0.9289064425275195
UBFC_PHYS_s15_T1_test,96,221,103.36666666666666,-0.1428825706243515,1.1106828651017486
UBFC_PHYS_s15_T1_test,96,222,103.4,-0.10402818024158478,1.2048933297260935
UBFC_PHYS_s15_T1_test,96,223,103.43333333333334,-0.08097045123577118,1.213585051910732
UBFC_PHYS_s15_T1_test,96,224,103.46666666666667,-0.05157861113548279,1.136314620256226
UBFC_PHYS_s15_T1_test,96,225,103.5,-0.019734229892492294,0.9710860903691294
UBFC_PHYS_s15_T1_test,96,226,103.53333333333333,0.016764182597398758,0.7189580068906333
UBFC_PHYS_s15_T1_test,96,227,103.56666666666666,0.07006344944238663,0.38964454409739235
UBFC_PHYS_s15_T1_test,96,228,103.6,0.13807794451713562,0.005783224370851816
UBFC_PHYS_s15_T1_test,96,229,103.63333333333334,0.19869621098041534,-0.39596024299162347
UBFC_PHYS_s15_T1_test,96,230,103.66666666666667,0.22098147869110107,-0.768562691150901
UBFC_PHYS_s15_T1_test,96,231,103.7,0.19265176355838776,-1.063637105355422
UBFC_PHYS_s15_T1_test,96,232,103.73333333333333,0.13925594091415405,-1.2436810096133368
UBFC_PHYS_s15_T1_test,96,233,103.76666666666667,0.09565096348524094,-1.2929303542767356
UBFC_PHYS_s15_T1_test,96,234,103.8,0.06004086881875992,-1.2217574415709767
UBFC_PHYS_s15_T1_test,96,235,103.83333333333333,0.0016047892859205604,-1.0619518017072909
UBFC_PHYS_s15_T1_test,96,236,103.86666666666666,-0.09271173924207687,-0.8544062812237414
UBFC_PHYS_s15_T1_test,96,237,103.9,-0.17627185583114624,-0.6343854573302644
UBFC_PHYS_s15_T1_test,96,238,103.93333333333334,-0.1652837097644806,-0.4206496507550993
UBFC_PHYS_s15_T1_test,96,239,103.96666666666667,-0.02977612055838108,-0.21297240031912262
UBFC_PHYS_s15_T1_test,97,0,97.0,-0.38587701320648193,0.019457207144864742
UBFC_PHYS_s15_T1_test,97,1,97.03333333333333,-0.42573559284210205,0.06342954960695663
UBFC_PHYS_s15_T1_test,97,2,97.06666666666666,-0.4477311968803406,0.08129853132300933
UBFC_PHYS_s15_T1_test,97,3,97.1,-0.38964274525642395,0.05844898982280398
UBFC_PHYS_s15_T1_test,97,4,97.13333333333334,-0.2960600256919861,0.0003818447885266013
UBFC_PHYS_s15_T1_test,97,5,97.16666666666667,-0.23602111637592316,-0.06753512306448073
UBFC_PHYS_s15_T1_test,97,6,97.2,-0.20900456607341766,-0.10837964260824948
UBFC_PHYS_s15_T1_test,97,7,97.23333333333333,-0.1820073276758194,-0.08661433941466556
UBFC_PHYS_s15_T1_test,97,8,97.26666666666667,-0.1569991558790207,0.01927841210066424
UBFC_PHYS_s15_T1_test,97,9,97.3,-0.15344586968421936,0.2085497929157985
UBFC_PHYS_s15_T1_test,97,10,97.33333333333333,-0.16621065139770508,0.4563291762115493
UBFC_PHYS_s15_T1_test,97,11,97.36666666666666,-0.19006015360355377,0.7181688003540965
UBFC_PHYS_s15_T1_test,97,12,97.4,-0.20251595973968506,0.9398144108808614
UBFC_PHYS_s15_T1_test,97,13,97.43333333333334,-0.12117663770914078,1.0703050875922344
UBFC_PHYS_s15_T1_test,97,14,97.46666666666667,0.08730846643447876,1.0755563210511385
UBFC_PHYS_s15_T1_test,97,15,97.5,0.2965853214263916,0.9482499756447764
UBFC_PHYS_s15_T1_test,97,16,97.53333333333333,0.37062495946884155,0.7093020161237144
UBFC_PHYS_s15_T1_test,97,17,97.56666666666666,0.3545772433280945,0.398985949717235
UBFC_PHYS_s15_T1_test,97,18,97.6,0.3207437992095947,0.06197796309546798
UBFC_PHYS_s15_T1_test,97,19,97.63333333333334,0.26557135581970215,-0.26537692160510873
UBFC_PHYS_s15_T1_test,97,20,97.66666666666667,0.21209827065467834,-0.5598067475204298
UBFC_PHYS_s15_T1_test,97,21,97.7,0.21843238174915314,-0.8081313384345389
UBFC_PHYS_s15_T1_test,97,22,97.73333333333333,0.27630844712257385,-1.000945690255402
UBFC_PHYS_s15_T1_test,97,23,97.76666666666667,0.3308822512626648,-1.127690237634193
UBFC_PHYS_s15_T1_test,97,24,97.8,0.3468720316886902,-1.1754908859650717
UBFC_PHYS_s15_T1_test,97,25,97.83333333333333,0.3012200593948364,-1.131464174398021
UBFC_PHYS_s15_T1_test,97,26,97.86666666666666,0.19624367356300354,-0.9869624858354606
UBFC_PHYS_s15_T1_test,97,27,97.9,0.07875354588031769,-0.742378435973443
UBFC_PHYS_s15_T1_test,97,28,97.93333333333334,-0.009093686938285828,-0.41152122339467523
UBFC_PHYS_s15_T1_test,97,29,97.96666666666667,-0.07139203697443008,-0.024386511452489736
UBFC_PHYS_s15_T1_test,97,30,98.0,-0.13936790823936462,0.37356319518926684
UBFC_PHYS_s15_T1_test,97,31,98.03333333333333,-0.20278631150722504,0.727531463513874
UBFC_PHYS_s15_T1_test,97,32,98.06666666666666,-0.1624835729598999,0.9850823570493914
UBFC_PHYS_s15_T1_test,97,33,98.1,0.048280272632837296,1.1100191668871515
UBFC_PHYS_s15_T1_test,97,34,98.13333333333334,0.3298780620098114,1.0918782365158197
UBFC_PHYS_s15_T1_test,97,35,98.16666666666667,0.5079478025436401,0.9456180707378443
UBFC_PHYS_s15_T1_test,97,36,98.2,0.5379382967948914,0.7024671939309329
UBFC_PHYS_s15_T1_test,97,37,98.23333333333333,0.5454697608947754,0.39842089071451176
UBFC_PHYS_s15_T1_test,97,38,98.26666666666667,0.637121319770813,0.06617266927811895
UBFC_PHYS_s15_T1_test,97,39,98.3,0.7284252643585205,-0.267915620315441
UBFC_PHYS_s15_T1_test,97,40,98.33333333333333,0.694012463092804,-0.5828716748906045
UBFC_PHYS_s15_T1_test,97,41,98.36666666666666,0.5830689072608948,-0.8598918213155572
UBFC_PHYS_s15_T1_test,97,42,98.4,0.5170820951461792,-1.078704355145266
UBFC_PHYS_s15_T1_test,97,43,98.43333333333334,0.49881356954574585,-1.2155551439416752
UBFC_PHYS_s15_T1_test,97,44,98.46666666666667,0.47739729285240173,-1.244643779532998
UBFC_PHYS_s15_T1_test,97,45,98.5,0.46633192896842957,-1.1437359789991026
UBFC_PHYS_s15_T1_test,97,46,98.53333333333333,0.4766634702682495,-0.9026984586105056
UBFC_PHYS_s15_T1_test,97,47,98.56666666666666,0.46625468134880066,-0.5318503593338098
UBFC_PHYS_s15_T1_test,97,48,98.6,0.40700751543045044,-0.06640944688037313
UBFC_PHYS_s15_T1_test,97,49,98.63333333333334,0.26551342010498047,0.4358134761380103
UBFC_PHYS_s15_T1_test,97,50,98.66666666666667,-0.005250732414424419,0.9042523939608618
UBFC_PHYS_s15_T1_test,97,51,98.7,-0.364441454410553,1.2709122696668043
UBFC_PHYS_s15_T1_test,97,52,98.73333333333333,-0.6913436055183411,1.486453031344809
UBFC_PHYS_s15_T1_test,97,53,98.76666666666667,-0.9265170097351074,1.5312759556180753
UBFC_PHYS_s15_T1_test,97,54,98.8,-1.0838656425476074,1.417442681124347
UBFC_PHYS_s15_T1_test,97,55,98.83333333333333,-1.1524401903152466,1.180731726797604
UBFC_PHYS_s15_T1_test,97,56,98.86666666666666,-1.0994691848754883,0.8660127619611013
UBFC_PHYS_s15_T1_test,97,57,98.9,-0.9221140146255493,0.5122341424432003
UBFC_PHYS_s15_T1_test,97,58,98.93333333333334,-0.653937578201294,0.14423377765508258
UBFC_PHYS_s15_T1_test,97,59,98.96666666666667,-0.3468681275844574,-0.22478867988580783
UBFC_PHYS_s15_T1_test,97,60,99.0,-0.03595574572682381,-0.5833010036196326
UBFC_PHYS_s15_T1_test,97,61,99.03333333333333,0.2655327320098877,-0.9119484177807884
UBFC_PHYS_s15_T1_test,97,62,99.06666666666666,0.5444076061248779,-1.1807339874957528
UBFC_PHYS_s15_T1_test,97,63,99.1,0.7619110941886902,-1.353674389630641
UBFC_PHYS_s15_T1_test,97,64,99.13333333333334,0.8743996024131775,-1.3979278298114763
UBFC_PHYS_s15_T1_test,97,65,99.16666666666667,0.9059543013572693,-1.2934650764356288
UBFC_PHYS_s15_T1_test,97,66,99.2,0.9370455741882324,-1.0401949971992956
UBFC_PHYS_s15_T1_test,97,67,99.23333333333333,0.9926042556762695,-0.6609388163543257
UBFC_PHYS_s15_T1_test,97,68,99.26666666666667,1.0155847072601318,-0.19990637405150238
UBFC_PHYS_s15_T1_test,97,69,99.3,0.9461411833763123,0.28319858152577665
UBFC_PHYS_s15_T1_test,97,70,99.33333333333333,0.7833274006843567,0.7232536693130613
UBFC_PHYS_s15_T1_test,97,71,99.36666666666666,0.6369861364364624,1.0626044323592918
UBFC_PHYS_s15_T1_test,97,72,99.4,0.6801083087921143,1.2628595513180112
UBFC_PHYS_s15_T1_test,97,73,99.43333333333334,0.974490225315094,1.310720417093444
UBFC_PHYS_s15_T1_test,97,74,99.46666666666667,1.4050170183181763,1.2157784680427688
UBFC_PHYS_s15_T1_test,97,75,99.5,1.7851991653442383,1.0026556906945232
UBFC_PHYS_s15_T1_test,97,76,99.53333333333333,1.9912703037261963,0.702343829685115
UBFC_PHYS_s15_T1_test,97,77,99.56666666666666,2.0447819232940674,0.3465708690900008
UBFC_PHYS_s15_T1_test,97,78,99.6,1.9838547706604004,-0.034364599964608
UBFC_PHYS_s15_T1_test,97,79,99.63333333333334,1.7604420185089111,-0.41216442723498237
UBFC_PHYS_s15_T1_test,97,80,99.66666666666667,1.333410620689392,-0.7605881754696415
UBFC_PHYS_s15_T1_test,97,81,99.7,0.7570446729660034,-1.0546038736756722
UBFC_PHYS_s15_T1_test,97,82,99.73333333333333,0.11142831295728683,-1.2688450874037351
UBFC_PHYS_s15_T1_test,97,83,99.76666666666667,-0.5369881987571716,-1.3771405774706942
UBFC_PHYS_s15_T1_test,97,84,99.8,-1.1123112440109253,-1.3550731846763977
UBFC_PHYS_s15_T1_test,97,85,99.83333333333333,-1.5652198791503906,-1.1861010933504534
UBFC_PHYS_s15_T1_test,97,86,99.86666666666666,-1.909985065460205,-0.8697394304003037
UBFC_PHYS_s15_T1_test,97,87,99.9,-2.1952133178710938,-0.4286109492651986
UBFC_PHYS_s15_T1_test,97,88,99.93333333333334,-2.445430278778076,0.08937278508966452
UBFC_PHYS_s15_T1_test,97,89,99.96666666666667,-2.610368251800537,0.616284801200796
UBFC_PHYS_s15_T1_test,97,90,100.0,-2.595768928527832,1.0767891797035398
UBFC_PHYS_s15_T1_test,97,91,100.03333333333333,-2.3901419639587402,1.4048410248478813
UBFC_PHYS_s15_T1_test,97,92,100.06666666666666,-2.0994677543640137,1.5591339736382916
UBFC_PHYS_s15_T1_test,97,93,100.1,-1.777161717414856,1.531736539435855
UBFC_PHYS_s15_T1_test,97,94,100.13333333333334,-1.4229340553283691,1.3463701670959125
UBFC_PHYS_s15_T1_test,97,95,100.16666666666667,-1.0963407754898071,1.0468562267403094
UBFC_PHYS_s15_T1_test,97,96,100.2,-0.8718273043632507,0.6809734457868444
UBFC_PHYS_s15_T1_test,97,97,100.23333333333333,-0.7271661162376404,0.28730675836220654
UBFC_PHYS_s15_T1_test,97,98,100.26666666666667,-0.5870431065559387,-0.1093735641513622
UBFC_PHYS_s15_T1_test,97,99,100.3,-0.3907434642314911,-0.4937513059342282
UBFC_PHYS_s15_T1_test,97,100,100.33333333333333,-0.1020970493555069,-0.8510819036953106
UBFC_PHYS_s15_T1_test,97,101,100.36666666666666,0.23971347510814667,-1.1599892726791485
UBFC_PHYS_s15_T1_test,97,102,100.4,0.5127370357513428,-1.390899575682859
UBFC_PHYS_s15_T1_test,97,103,100.43333333333334,0.6298022866249084,-1.510343609288762
UBFC_PHYS_s15_T1_test,97,104,100.46666666666667,0.6011636257171631,-1.4890266819429752
UBFC_PHYS_s15_T1_test,97,105,100.5,0.4561934769153595,-1.310904487982446
UBFC_PHYS_s15_T1_test,97,106,100.53333333333333,0.2201317846775055,-0.9805669486859665
UBFC_PHYS_s15_T1_test,97,107,100.56666666666666,-0.03713373467326164,-0.5266800859568634
UBFC_PHYS_s15_T1_test,97,108,100.6,-0.24011510610580444,-9.108377145216088e-05
UBFC_PHYS_s15_T1_test,97,109,100.63333333333334,-0.3468681275844574,0.5336448572288331
UBFC_PHYS_s15_T1_test,97,110,100.66666666666667,-0.34445422887802124,1.0061337902072776
UBFC_PHYS_s15_T1_test,97,111,100.7,-0.2680392861366272,1.3593493974208888
UBFC_PHYS_s15_T1_test,97,112,100.73333333333333,-0.179419606924057,1.5555657311211601
UBFC_PHYS_s15_T1_test,97,113,100.76666666666667,-0.08593346178531647,1.580623162291097
UBFC_PHYS_s15_T1_test,97,114,100.8,0.06224236264824867,1.4414896396602437
UBFC_PHYS_s15_T1_test,97,115,100.83333333333333,0.28113627433776855,1.1619155527671154
UBFC_PHYS_s15_T1_test,97,116,100.86666666666666,0.5108059048652649,0.7780362084479078
UBFC_PHYS_s15_T1_test,97,117,100.9,0.6619749665260315,0.3330250948230653
UBFC_PHYS_s15_T1_test,97,118,100.93333333333334,0.7035329937934875,-0.12924830142035007
UBFC_PHYS_s15_T1_test,97,119,100.96666666666667,0.6838740110397339,-0.5692479445254083
UBFC_PHYS_s15_T1_test,97,120,101.0,0.6612797975540161,-0.9531960719881472
UBFC_PHYS_s15_T1_test,97,121,101.03333333333333,0.6474528908729553,-1.2511228116696007
UBFC_PHYS_s15_T1_test,97,122,101.06666666666666,0.6012022495269775,-1.4345272668543874
UBFC_PHYS_s15_T1_test,97,123,101.1,0.4795987904071808,-1.4772984714086008
UBFC_PHYS_s15_T1_test,97,124,101.13333333333334,0.3019345700740814,-1.3613187629005206
UBFC_PHYS_s15_T1_test,97,125,101.16666666666667,0.12983201444149017,-1.0848197059435565
UBFC_PHYS_s15_T1_test,97,126,101.2,0.0011220060987398028,-0.6694638429707496
UBFC_PHYS_s15_T1_test,97,127,101.23333333333333,-0.09037507325410843,-0.16214767380618966
UBFC_PHYS_s15_T1_test,97,128,101.26666666666667,-0.18399639427661896,0.3706238762709611
UBFC_PHYS_s15_T1_test,97,129,101.3,-0.2938199043273926,0.8549483594002746
UBFC_PHYS_s15_T1_test,97,130,101.33333333333333,-0.3448404371738434,1.224585580065325
UBFC_PHYS_s15_T1_test,97,131,101.36666666666666,-0.2703566551208496,1.4340888953552267
UBFC_PHYS_s15_T1_test,97,132,101.4,-0.11659985035657883,1.4666147903234674
UBFC_PHYS_s15_T1_test,97,133,101.43333333333334,0.019081542268395424,1.3349378856816227
UBFC_PHYS_s15_T1_test,97,134,101.46666666666667,0.07942944765090942,1.0752078776135663
UBFC_PHYS_s15_T1_test,97,135,101.5,0.05847665295004845,0.7346722417733386
UBFC_PHYS_s15_T1_test,97,136,101.53333333333333,-0.00874608289450407,0.3578519238681681
UBFC_PHYS_s15_T1_test,97,137,101.56666666666666,-0.0677228793501854,-0.02272963601018105
UBFC_PHYS_s15_T1_test,97,138,101.6,-0.08299814164638519,-0.3878870196922919
UBFC_PHYS_s15_T1_test,97,139,101.63333333333334,-0.0654248297214508,-0.7264409198000565
UBFC_PHYS_s15_T1_test,97,140,101.66666666666667,-0.03865933045744896,-1.0272759777556737
UBFC_PHYS_s15_T1_test,97,141,101.7,0.012187397107481956,-1.2730392507240664
UBFC_PHYS_s15_T1_test,97,142,101.73333333333333,0.09070725739002228,-1.4383165120406811
UBFC_PHYS_s15_T1_test,97,143,101.76666666666667,0.14479829370975494,-1.4930914999529996
UBFC_PHYS_s15_T1_test,97,144,101.8,0.1336749643087387,-1.4103834429599706
UBFC_PHYS_s15_T1_test,97,145,101.83333333333333,0.06282170116901398,-1.1756596626379507
UBFC_PHYS_s15_T1_test,97,146,101.86666666666666,-0.05260211229324341,-0.79510587213683
UBFC_PHYS_s15_T1_test,97,147,101.9,-0.18530955910682678,-0.29999863106619984
UBFC_PHYS_s15_T1_test,97,148,101.93333333333334,-0.32348212599754333,0.25483105191611943
UBFC_PHYS_s15_T1_test,97,149,101.96666666666667,-0.4796141982078552,0.7990008623745887
UBFC_PHYS_s15_T1_test,97,150,102.0,-0.5990740656852722,1.259535179525298
UBFC_PHYS_s15_T1_test,97,151,102.03333333333333,-0.5748770236968994,1.5752932026058175
UBFC_PHYS_s15_T1_test,97,152,102.06666666666666,-0.4283812642097473,1.70853491560673
UBFC_PHYS_s15_T1_test,97,153,102.1,-0.2772507965564728,1.6504206291396948
UBFC_PHYS_s15_T1_test,97,154,102.13333333333334,-0.17968995869159698,1.4199424783088679
UBFC_PHYS_s15_T1_test,97,155,102.16666666666667,-0.14313362538814545,1.0577753633135356
UBFC_PHYS_s15_T1_test,97,156,102.2,-0.18519368767738342,0.6165507074134459
UBFC_PHYS_s15_T1_test,97,157,102.23333333333333,-0.27304092049598694,0.14930783043555368
UBFC_PHYS_s15_T1_test,97,158,102.26666666666667,-0.31923362612724304,-0.3001686180330816
UBFC_PHYS_s15_T1_test,97,159,102.3,-0.2914446294307709,-0.7008699178478587
UBFC_PHYS_s15_T1_test,97,160,102.33333333333333,-0.24558022618293762,-1.031137160379871
UBFC_PHYS_s15_T1_test,97,161,102.36666666666666,-0.24824517965316772,-1.2720121968270097
UBFC_PHYS_s15_T1_test,97,162,102.4,-0.3152554929256439,-1.4026461981134637
UBFC_PHYS_s15_T1_test,97,163,102.43333333333334,-0.40375930070877075,-1.4012822674974796
UBFC_PHYS_s15_T1_test,97,164,102.46666666666667,-0.4652079641819,-1.25207014923717
UBFC_PHYS_s15_T1_test,97,165,102.5,-0.482047438621521,-0.9548915292708997
UBFC_PHYS_s15_T1_test,97,166,102.53333333333333,-0.4739946126937866,-0.5336284699070739
UBFC_PHYS_s15_T1_test,97,167,102.56666666666666,-0.47704580426216125,-0.03842276547675372
UBFC_PHYS_s15_T1_test,97,168,102.6,-0.46825915575027466,0.4606256884034231
UBFC_PHYS_s15_T1_test,97,169,102.63333333333334,-0.36621809005737305,0.8877374945516993
UBFC_PHYS_s15_T1_test,97,170,102.66666666666667,-0.14902357757091522,1.179734961583597
UBFC_PHYS_s15_T1_test,97,171,102.7,0.11403534561395645,1.3019871224829036
UBFC_PHYS_s15_T1_test,97,172,102.73333333333333,0.35189297795295715,1.2556195314929308
UBFC_PHYS_s15_T1_test,97,173,102.76666666666667,0.5235320925712585,1.0726834798030491
UBFC_PHYS_s15_T1_test,97,174,102.8,0.615511953830719,0.8014647092132909
UBFC_PHYS_s15_T1_test,97,175,102.83333333333333,0.6445754766464233,0.48892991011414455
UBFC_PHYS_s15_T1_test,97,176,102.86666666666666,0.6241440773010254,0.16837853012997897
UBFC_PHYS_s15_T1_test,97,177,102.9,0.5731621980667114,-0.1430516635474544
UBFC_PHYS_s15_T1_test,97,178,102.93333333333334,0.5340374112129211,-0.4382784040046344
UBFC_PHYS_s15_T1_test,97,179,102.96666666666667,0.5176228284835815,-0.7110059579609971
UBFC_PHYS_s15_T1_test,97,180,103.0,0.4871881604194641,-0.9485197582417756
UBFC_PHYS_s15_T1_test,97,181,103.03333333333333,0.4259133040904999,-1.1290932796988447
UBFC_PHYS_s15_T1_test,97,182,103.06666666666666,0.3636728823184967,-1.2244447515759238
UBFC_PHYS_s15_T1_test,97,183,103.1,0.31327033042907715,-1.2064600718019143
UBFC_PHYS_s15_T1_test,97,184,103.13333333333334,0.24328607320785522,-1.0562726061953598
UBFC_PHYS_s15_T1_test,97,185,103.16666666666667,0.1185348853468895,-0.7729437339981687
UBFC_PHYS_s15_T1_test,97,186,103.2,-0.05524776130914688,-0.37889067339633736
UBFC_PHYS_s15_T1_test,97,187,103.23333333333333,-0.22594060003757477,0.08026282009958606
UBFC_PHYS_s15_T1_test,97,188,103.26666666666667,-0.32363662123680115,0.5426278796570874
UBFC_PHYS_s15_T1_test,97,189,103.3,-0.3097517788410187,0.9427268087188454
UBFC_PHYS_s15_T1_test,97,190,103.33333333333333,-0.22269628942012787,1.225831776049472
UBFC_PHYS_s15_T1_test,97,191,103.36666666666666,-0.1428825706243515,1.3587819510776378
UBFC_PHYS_s15_T1_test,97,192,103.4,-0.10402818024158478,1.3343949882231174
UBFC_PHYS_s15_T1_test,97,193,103.43333333333334,-0.08097045123577118,1.1696904454263304
UBFC_PHYS_s15_T1_test,97,194,103.46666666666667,-0.05157861113548279,0.899285275152958
UBFC_PHYS_s15_T1_test,97,195,103.5,-0.019734229892492294,0.5655411834089066
UBFC_PHYS_s15_T1_test,97,196,103.53333333333333,0.016764182597398758,0.20811624218379143
UBFC_PHYS_s15_T1_test,97,197,103.56666666666666,0.07006344944238663,-0.14333461180649706
UBFC_PHYS_s15_T1_test,97,198,103.6,0.13807794451713562,-0.4702148922161907
UBFC_PHYS_s15_T1_test,97,199,103.63333333333334,0.19869621098041534,-0.759597882450908
UBFC_PHYS_s15_T1_test,97,200,103.66666666666667,0.22098147869110107,-0.9960716368549264
UBFC_PHYS_s15_T1_test,97,201,103.7,0.19265176355838776,-1.1565007750659693
UBFC_PHYS_s15_T1_test,97,202,103.73333333333333,0.13925594091415405,-1.2116852946951628
UBFC_PHYS_s15_T1_test,97,203,103.76666666666667,0.09565096348524094,-1.134943905675178
UBFC_PHYS_s15_T1_test,97,204,103.8,0.06004086881875992,-0.9141161073118755
UBFC_PHYS_s15_T1_test,97,205,103.83333333333333,0.0016047892859205604,-0.561766862917951
UBFC_PHYS_s15_T1_test,97,206,103.86666666666666,-0.09271173924207687,-0.1188110462618443
UBFC_PHYS_s15_T1_test,97,207,103.9,-0.17627185583114624,0.35085788465006046
UBFC_PHYS_s15_T1_test,97,208,103.93333333333334,-0.1652837097644806,0.7737135830333801
UBFC_PHYS_s15_T1_test,97,209,103.96666666666667,-0.02977612055838108,1.0839062028262398
UBFC_PHYS_s15_T1_test,97,210,104.0,0.15783344209194183,1.2391511153356831
UBFC_PHYS_s15_T1_test,97,211,104.03333333333333,0.30794039368629456,1.23000335631734
UBFC_PHYS_s15_T1_test,97,212,104.06666666666666,0.41538864374160767,1.0789052951674014
UBFC_PHYS_s15_T1_test,97,213,104.1,0.5144171118736267,0.8290419274217518
UBFC_PHYS_s15_T1_test,97,214,104.13333333333334,0.6180030703544617,0.5280564326297216
UBFC_PHYS_s15_T1_test,97,215,104.16666666666667,0.7180550694465637,0.2142796740243186
UBFC_PHYS_s15_T1_test,97,216,104.2,0.8084321022033691,-0.08929609843106305
UBFC_PHYS_s15_T1_test,97,217,104.23333333333333,0.8830704092979431,-0.3730207772345998
UBFC_PHYS_s15_T1_test,97,218,104.26666666666667,0.9254007935523987,-0.6338077780492475
UBFC_PHYS_s15_T1_test,97,219,104.3,0.9158416986465454,-0.867604215947299
UBFC_PHYS_s15_T1_test,97,220,104.33333333333333,0.8537171483039856,-1.0640221297206864
UBFC_PHYS_s15_T1_test,97,221,104.36666666666666,0.7414025068283081,-1.2045760555192246
UBFC_PHYS_s15_T1_test,97,222,104.4,0.5707868933677673,-1.2651221592499815
UBFC_PHYS_s15_T1_test,97,223,104.43333333333334,0.35874849557876587,-1.222259081417953
UBFC_PHYS_s15_T1_test,97,224,104.46666666666667,0.1640709936618805,-1.061956484920729
UBFC_PHYS_s15_T1_test,97,225,104.5,0.016184842213988304,-0.7873116186384376
UBFC_PHYS_s15_T1_test,97,226,104.53333333333333,-0.15603359043598175,-0.42224772252200543
UBFC_PHYS_s15_T1_test,97,227,104.56666666666666,-0.4436371922492981,-0.009361447255024568
UBFC_PHYS_s15_T1_test,97,228,104.6,-0.8068832755088806,0.39763441125214777
UBFC_PHYS_s15_T1_test,97,229,104.63333333333334,-1.0608272552490234,0.7444203087804036
UBFC_PHYS_s15_T1_test,97,230,104.66666666666667,-1.0609045028686523,0.9863558730571583
UBFC_PHYS_s15_T1_test,97,231,104.7,-0.8853259086608887,1.0964640332979732
UBFC_PHYS_s15_T1_test,97,232,104.73333333333333,-0.7340216636657715,1.0709882364730618
UBFC_PHYS_s15_T1_test,97,233,104.76666666666667,-0.6771690845489502,0.9323441387452545
UBFC_PHYS_s15_T1_test,97,234,104.8,-0.6234063506126404,0.7266386843991907
UBFC_PHYS_s15_T1_test,97,235,104.83333333333333,-0.5314844250679016,0.5125428011063805
UBFC_PHYS_s15_T1_test,97,236,104.86666666666666,-0.4472484290599823,0.34336022645469433
UBFC_PHYS_s15_T1_test,97,237,104.9,-0.37110385298728943,0.2496620117145983
UBFC_PHYS_s15_T1_test,97,238,104.93333333333334,-0.2640611529350281,0.23002488214538389
UBFC_PHYS_s15_T1_test,97,239,104.96666666666667,-0.16128626465797424,0.25324909486828523
UBFC_PHYS_s15_T1_test,98,0,98.0,-0.13936790823936462,-0.11848191300048025
UBFC_PHYS_s15_T1_test,98,1,98.03333333333333,-0.20278631150722504,0.33323432853652596
UBFC_PHYS_s15_T1_test,98,2,98.06666666666666,-0.1624835729598999,0.6946660415648326
UBFC_PHYS_s15_T1_test,98,3,98.1,0.048280272632837296,0.8989994333337947
UBFC_PHYS_s15_T1_test,98,4,98.13333333333334,0.3298780620098114,0.9209421998415391
UBFC_PHYS_s15_T1_test,98,5,98.16666666666667,0.5079478025436401,0.7764260454396883
UBFC_PHYS_s15_T1_test,98,6,98.2,0.5379382967948914,0.5085190976767322
UBFC_PHYS_s15_T1_test,98,7,98.23333333333333,0.5454697608947754,0.16932177219045066
UBFC_PHYS_s15_T1_test,98,8,98.26666666666667,0.637121319770813,-0.19308207392165802
UBFC_PHYS_s15_T1_test,98,9,98.3,0.7284252643585205,-0.5396711489860766
UBFC_PHYS_s15_T1_test,98,10,98.33333333333333,0.694012463092804,-0.8396726670347013
UBFC_PHYS_s15_T1_test,98,11,98.36666666666666,0.5830689072608948,-1.0676333546224996
UBFC_PHYS_s15_T1_test,98,12,98.4,0.5170820951461792,-1.2011349233254884
UBFC_PHYS_s15_T1_test,98,13,98.43333333333334,0.49881356954574585,-1.220533058340923
UBFC_PHYS_s15_T1_test,98,14,98.46666666666667,0.47739729285240173,-1.1116440182307896
UBFC_PHYS_s15_T1_test,98,15,98.5,0.46633192896842957,-0.8715675711025593
UBFC_PHYS_s15_T1_test,98,16,98.53333333333333,0.4766634702682495,-0.5156464988488574
UBFC_PHYS_s15_T1_test,98,17,98.56666666666666,0.46625468134880066,-0.08135510484377731
UBFC_PHYS_s15_T1_test,98,18,98.6,0.40700751543045044,0.37504327084634603
UBFC_PHYS_s15_T1_test,98,19,98.63333333333334,0.26551342010498047,0.7900301734844862
UBFC_PHYS_s15_T1_test,98,20,98.66666666666667,-0.005250732414424419,1.1085680261363506
UBFC_PHYS_s15_T1_test,98,21,98.7,-0.364441454410553,1.297093280698475
UBFC_PHYS_s15_T1_test,98,22,98.73333333333333,-0.6913436055183411,1.3484348031552154
UBFC_PHYS_s15_T1_test,98,23,98.76666666666667,-0.9265170097351074,1.2777927688045054
UBFC_PHYS_s15_T1_test,98,24,98.8,-1.0838656425476074,1.1128703437251084
UBFC_PHYS_s15_T1_test,98,25,98.83333333333333,-1.1524401903152466,0.8828759222760346
UBFC_PHYS_s15_T1_test,98,26,98.86666666666666,-1.0994691848754883,0.6103956937134708
UBFC_PHYS_s15_T1_test,98,27,98.9,-0.9221140146255493,0.30843326139073984
UBFC_PHYS_s15_T1_test,98,28,98.93333333333334,-0.653937578201294,-0.01666083163991521
UBFC_PHYS_s15_T1_test,98,29,98.96666666666667,-0.3468681275844574,-0.3575857620753696
UBFC_PHYS_s15_T1_test,98,30,99.0,-0.03595574572682381,-0.6975364777396257
UBFC_PHYS_s15_T1_test,98,31,99.03333333333333,0.2655327320098877,-1.0056227278252021
UBFC_PHYS_s15_T1_test,98,32,99.06666666666666,0.5444076061248779,-1.2394905279137434
UBFC_PHYS_s15_T1_test,98,33,99.1,0.7619110941886902,-1.3548507303817054
UBFC_PHYS_s15_T1_test,98,34,99.13333333333334,0.8743996024131775,-1.318459580874562
UBFC_PHYS_s15_T1_test,98,35,99.16666666666667,0.9059543013572693,-1.119711718079285
UBFC_PHYS_s15_T1_test,98,36,99.2,0.9370455741882324,-0.7767200146482338
UBFC_PHYS_s15_T1_test,98,37,99.23333333333333,0.9926042556762695,-0.33487876911201664
UBFC_PHYS_s15_T1_test,98,38,99.26666666666667,1.0155847072601318,0.14168111190180163
UBFC_PHYS_s15_T1_test,98,39,99.3,0.9461411833763123,0.5835333874736872
UBFC_PHYS_s15_T1_test,98,40,99.33333333333333,0.7833274006843567,0.9310903074603092
UBFC_PHYS_s15_T1_test,98,41,99.36666666666666,0.6369861364364624,1.1473726282955818
UBFC_PHYS_s15_T1_test,98,42,99.4,0.6801083087921143,1.223764129681598
UBFC_PHYS_s15_T1_test,98,43,99.43333333333334,0.974490225315094,1.175876590684353
UBFC_PHYS_s15_T1_test,98,44,99.46666666666667,1.4050170183181763,1.031559551304558
UBFC_PHYS_s15_T1_test,98,45,99.5,1.7851991653442383,0.8176233382987796
UBFC_PHYS_s15_T1_test,98,46,99.53333333333333,1.9912703037261963,0.5521433616291707
UBFC_PHYS_s15_T1_test,98,47,99.56666666666666,2.0447819232940674,0.2452060456327536
UBFC_PHYS_s15_T1_test,98,48,99.6,1.9838547706604004,-0.0944430853260398
UBFC_PHYS_s15_T1_test,98,49,99.63333333333334,1.7604420185089111,-0.45218643006011205
UBFC_PHYS_s15_T1_test,98,50,99.66666666666667,1.333410620689392,-0.8035059249892635
UBFC_PHYS_s15_T1_test,98,51,99.7,0.7570446729660034,-1.1137395460475596
UBFC_PHYS_s15_T1_test,98,52,99.73333333333333,0.11142831295728683,-1.3409721677133073
UBFC_PHYS_s15_T1_test,98,53,99.76666666666667,-0.5369881987571716,-1.4420219997201236
UBFC_PHYS_s15_T1_test,98,54,99.8,-1.1123112440109253,-1.3819143169232655
UBFC_PHYS_s15_T1_test,98,55,99.83333333333333,-1.5652198791503906,-1.1457881529230376
UBFC_PHYS_s15_T1_test,98,56,99.86666666666666,-1.909985065460205,-0.7491274939429508
UBFC_PHYS_s15_T1_test,98,57,99.9,-2.1952133178710938,-0.24054587244656286
UBFC_PHYS_s15_T1_test,98,58,99.93333333333334,-2.445430278778076,0.3063541544772668
UBFC_PHYS_s15_T1_test,98,59,99.96666666666667,-2.610368251800537,0.8102490281557934
UBFC_PHYS_s15_T1_test,98,60,100.0,-2.595768928527832,1.2017443554151186
UBFC_PHYS_s15_T1_test,98,61,100.03333333333333,-2.3901419639587402,1.437581407480298
UBFC_PHYS_s15_T1_test,98,62,100.06666666666666,-2.0994677543640137,1.5052879174655192
UBFC_PHYS_s15_T1_test,98,63,100.1,-1.777161717414856,1.4190981193384238
UBFC_PHYS_s15_T1_test,98,64,100.13333333333334,-1.4229340553283691,1.2103995114440131
UBFC_PHYS_s15_T1_test,98,65,100.16666666666667,-1.0963407754898071,0.9162846577528402
UBFC_PHYS_s15_T1_test,98,66,100.2,-0.8718273043632507,0.5697730441345349
UBFC_PHYS_s15_T1_test,98,67,100.23333333333333,-0.7271661162376404,0.1948452643302966
UBFC_PHYS_s15_T1_test,98,68,100.26666666666667,-0.5870431065559387,-0.19219408383088857
UBFC_PHYS_s15_T1_test,98,69,100.3,-0.3907434642314911,-0.576274324066083
UBFC_PHYS_s15_T1_test,98,70,100.33333333333333,-0.1020970493555069,-0.936045637459221
UBFC_PHYS_s15_T1_test,98,71,100.36666666666666,0.23971347510814667,-1.240045157192208
UBFC_PHYS_s15_T1_test,98,72,100.4,0.5127370357513428,-1.449115067368301
UBFC_PHYS_s15_T1_test,98,73,100.43333333333334,0.6298022866249084,-1.5243610248974997
UBFC_PHYS_s15_T1_test,98,74,100.46666666666667,0.6011636257171631,-1.437832181311487
UBFC_PHYS_s15_T1_test,98,75,100.5,0.4561934769153595,-1.1825645594628216
UBFC_PHYS_s15_T1_test,98,76,100.53333333333333,0.2201317846775055,-0.7789658548271603
UBFC_PHYS_s15_T1_test,98,77,100.56666666666666,-0.03713373467326164,-0.2751692114442274
UBFC_PHYS_s15_T1_test,98,78,100.6,-0.24011510610580444,0.2600380383874828
UBFC_PHYS_s15_T1_test,98,79,100.63333333333334,-0.3468681275844574,0.7511074999605004
UBFC_PHYS_s15_T1_test,98,80,100.66666666666667,-0.34445422887802124,1.1327808952316607
UBFC_PHYS_s15_T1_test,98,81,100.7,-0.2680392861366272,1.3641994572912504
UBFC_PHYS_s15_T1_test,98,82,100.73333333333333,-0.179419606924057,1.4342917630726573
UBFC_PHYS_s15_T1_test,98,83,100.76666666666667,-0.08593346178531647,1.356703072870823
UBFC_PHYS_s15_T1_test,98,84,100.8,0.06224236264824867,1.158537437586706
UBFC_PHYS_s15_T1_test,98,85,100.83333333333333,0.28113627433776855,0.8701484777016625
UBFC_PHYS_s15_T1_test,98,86,100.86666666666666,0.5108059048652649,0.5202540050049729
UBFC_PHYS_s15_T1_test,98,87,100.9,0.6619749665260315,0.13559215463542634
UBFC_PHYS_s15_T1_test,98,88,100.93333333333334,0.7035329937934875,-0.2577827092462218
UBFC_PHYS_s15_T1_test,98,89,100.96666666666667,0.6838740110397339,-0.6333133957303608
UBFC_PHYS_s15_T1_test,98,90,101.0,0.6612797975540161,-0.9627611366645326
UBFC_PHYS_s15_T1_test,98,91,101.03333333333333,0.6474528908729553,-1.2148815696521624
UBFC_PHYS_s15_T1_test,98,92,101.06666666666666,0.6012022495269775,-1.3558359024168178
UBFC_PHYS_s15_T1_test,98,93,101.1,0.4795987904071808,-1.3542646772364275
UBFC_PHYS_s15_T1_test,98,94,101.13333333333334,0.3019345700740814,-1.1914635173135766
UBFC_PHYS_s15_T1_test,98,95,101.16666666666667,0.12983201444149017,-0.8727653531661936
UBFC_PHYS_s15_T1_test,98,96,101.2,0.0011220060987398028,-0.4336455756138771
UBFC_PHYS_s15_T1_test,98,97,101.23333333333333,-0.09037507325410843,0.0644258097339875
UBFC_PHYS_s15_T1_test,98,98,101.26666666666667,-0.18399639427661896,0.5480945320113628
UBFC_PHYS_s15_T1_test,98,99,101.3,-0.2938199043273926,0.9503709446829388
UBFC_PHYS_s15_T1_test,98,100,101.33333333333333,-0.3448404371738434,1.2251961861843266
UBFC_PHYS_s15_T1_test,98,101,101.36666666666666,-0.2703566551208496,1.3531741731190106
UBFC_PHYS_s15_T1_test,98,102,101.4,-0.11659985035657883,1.3387098898520704
UBFC_PHYS_s15_T1_test,98,103,101.43333333333334,0.019081542268395424,1.202595251382221
UBFC_PHYS_s15_T1_test,98,104,101.46666666666667,0.07942944765090942,0.9737221350357019
UBFC_PHYS_s15_T1_test,98,105,101.5,0.05847665295004845,0.6815980481931947
UBFC_PHYS_s15_T1_test,98,106,101.53333333333333,-0.00874608289450407,0.3508737941926219
UBFC_PHYS_s15_T1_test,98,107,101.56666666666666,-0.0677228793501854,-0.0005895105003071612
UBFC_PHYS_s15_T1_test,98,108,101.6,-0.08299814164638519,-0.3594422287606511
UBFC_PHYS_s15_T1_test,98,109,101.63333333333334,-0.0654248297214508,-0.7115803184970075
UBFC_PHYS_s15_T1_test,98,110,101.66666666666667,-0.03865933045744896,-1.0367196237180407
UBFC_PHYS_s15_T1_test,98,111,101.7,0.012187397107481956,-1.3058413920407146
UBFC_PHYS_s15_T1_test,98,112,101.73333333333333,0.09070725739002228,-1.483145278967197
UBFC_PHYS_s15_T1_test,98,113,101.76666666666667,0.14479829370975494,-1.5322351960996443
UBFC_PHYS_s15_T1_test,98,114,101.8,0.1336749643087387,-1.4249989802781375
UBFC_PHYS_s15_T1_test,98,115,101.83333333333333,0.06282170116901398,-1.1510878081990903
UBFC_PHYS_s15_T1_test,98,116,101.86666666666666,-0.05260211229324341,-0.7255819568031163
UBFC_PHYS_s15_T1_test,98,117,101.9,-0.18530955910682678,-0.19210216471181096
UBFC_PHYS_s15_T1_test,98,118,101.93333333333334,-0.32348212599754333,0.38126821607183614
UBFC_PHYS_s15_T1_test,98,119,101.96666666666667,-0.4796141982078552,0.9141391526066324
UBFC_PHYS_s15_T1_test,98,120,102.0,-0.5990740656852722,1.3313355547187014
UBFC_PHYS_s15_T1_test,98,121,102.03333333333333,-0.5748770236968994,1.5798034433396253
UBFC_PHYS_s15_T1_test,98,122,102.06666666666666,-0.4283812642097473,1.6385432864913152
UBFC_PHYS_s15_T1_test,98,123,102.1,-0.2772507965564728,1.518383966083907
UBFC_PHYS_s15_T1_test,98,124,102.13333333333334,-0.17968995869159698,1.2534251145543027
UBFC_PHYS_s15_T1_test,98,125,102.16666666666667,-0.14313362538814545,0.8891717915076798
UBFC_PHYS_s15_T1_test,98,126,102.2,-0.18519368767738342,0.4717034653253463
UBFC_PHYS_s15_T1_test,98,127,102.23333333333333,-0.27304092049598694,0.04010502507847448
UBFC_PHYS_s15_T1_test,98,128,102.26666666666667,-0.31923362612724304,-0.37642700720458433
UBFC_PHYS_s15_T1_test,98,129,102.3,-0.2914446294307709,-0.7560900877278686
UBFC_PHYS_s15_T1_test,98,130,102.33333333333333,-0.24558022618293762,-1.0782027393524343
UBFC_PHYS_s15_T1_test,98,131,102.36666666666666,-0.24824517965316772,-1.317341502195329
UBFC_PHYS_s15_T1_test,98,132,102.4,-0.3152554929256439,-1.4425325217955653
UBFC_PHYS_s15_T1_test,98,133,102.43333333333334,-0.40375930070877075,-1.4236936414709962
UBFC_PHYS_s15_T1_test,98,134,102.46666666666667,-0.4652079641819,-1.2432776383937127
UBFC_PHYS_s15_T1_test,98,135,102.5,-0.482047438621521,-0.90763967000534
UBFC_PHYS_s15_T1_test,98,136,102.53333333333333,-0.4739946126937866,-0.45227983007465966
UBFC_PHYS_s15_T1_test,98,137,102.56666666666666,-0.47704580426216125,0.06211991415496371
UBFC_PHYS_s15_T1_test,98,138,102.6,-0.46825915575027466,0.5617553542878736
UBFC_PHYS_s15_T1_test,98,139,102.63333333333334,-0.36621809005737305,0.97570517890304
UBFC_PHYS_s15_T1_test,98,140,102.66666666666667,-0.14902357757091522,1.251217159864167
UBFC_PHYS_s15_T1_test,98,141,102.7,0.11403534561395645,1.3642857491628975
UBFC_PHYS_s15_T1_test,98,142,102.73333333333333,0.35189297795295715,1.3221154760981304
UBFC_PHYS_s15_T1_test,98,143,102.76666666666667,0.5235320925712585,1.155943853385407
UBFC_PHYS_s15_T1_test,98,144,102.8,0.615511953830719,0.9068230054011898
UBFC_PHYS_s15_T1_test,98,145,102.83333333333333,0.6445754766464233,0.610826268417502
UBFC_PHYS_s15_T1_test,98,146,102.86666666666666,0.6241440773010254,0.2905960682412766
UBFC_PHYS_s15_T1_test,98,147,102.9,0.5731621980667114,-0.04344257548238194
UBFC_PHYS_s15_T1_test,98,148,102.93333333333334,0.5340374112129211,-0.3844795797721575
UBFC_PHYS_s15_T1_test,98,149,102.96666666666667,0.5176228284835815,-0.7193594349227896
UBFC_PHYS_s15_T1_test,98,150,103.0,0.4871881604194641,-1.0227590910972209
UBFC_PHYS_s15_T1_test,98,151,103.03333333333333,0.4259133040904999,-1.257832469066643
UBFC_PHYS_s15_T1_test,98,152,103.06666666666666,0.3636728823184967,-1.3827911376425894
UBFC_PHYS_s15_T1_test,98,153,103.1,0.31327033042907715,-1.3613687331278377
UBFC_PHYS_s15_T1_test,98,154,103.13333333333334,0.24328607320785522,-1.174510197125466
UBFC_PHYS_s15_T1_test,98,155,103.16666666666667,0.1185348853468895,-0.8301571585436054
UBFC_PHYS_s15_T1_test,98,156,103.2,-0.05524776130914688,-0.36748507603744535
UBFC_PHYS_s15_T1_test,98,157,103.23333333333333,-0.22594060003757477,0.1475911101658366
UBFC_PHYS_s15_T1_test,98,158,103.26666666666667,-0.32363662123680115,0.6363240773867385
UBFC_PHYS_s15_T1_test,98,159,103.3,-0.3097517788410187,1.0267914294919211
UBFC_PHYS_s15_T1_test,98,160,103.33333333333333,-0.22269628942012787,1.2715650149573614
UBFC_PHYS_s15_T1_test,98,161,103.36666666666666,-0.1428825706243515,1.355693455746708
UBFC_PHYS_s15_T1_test,98,162,103.4,-0.10402818024158478,1.2927959126843946
UBFC_PHYS_s15_T1_test,98,163,103.43333333333334,-0.08097045123577118,1.1134813776898984
UBFC_PHYS_s15_T1_test,98,164,103.46666666666667,-0.05157861113548279,0.8526222396313597
UBFC_PHYS_s15_T1_test,98,165,103.5,-0.019734229892492294,0.540265799573958
UBFC_PHYS_s15_T1_test,98,166,103.53333333333333,0.016764182597398758,0.19795411532205764
UBFC_PHYS_s15_T1_test,98,167,103.56666666666666,0.07006344944238663,-0.1598422195030378
UBFC_PHYS_s15_T1_test,98,168,103.6,0.13807794451713562,-0.5201439475796877
UBFC_PHYS_s15_T1_test,98,169,103.63333333333334,0.19869621098041534,-0.8636634285761975
UBFC_PHYS_s15_T1_test,98,170,103.66666666666667,0.22098147869110107,-1.1588178620174938
UBFC_PHYS_s15_T1_test,98,171,103.7,0.19265176355838776,-1.3623539260803201
UBFC_PHYS_s15_T1_test,98,172,103.73333333333333,0.13925594091415405,-1.4285637933576874
UBFC_PHYS_s15_T1_test,98,173,103.76666666666667,0.09565096348524094,-1.324283413306249
UBFC_PHYS_s15_T1_test,98,174,103.8,0.06004086881875992,-1.0433563241801531
UBFC_PHYS_s15_T1_test,98,175,103.83333333333333,0.0016047892859205604,-0.6140320835251132
UBFC_PHYS_s15_T1_test,98,176,103.86666666666666,-0.09271173924207687,-0.09587323151794212
UBFC_PHYS_s15_T1_test,98,177,103.9,-0.17627185583114624,0.43285548711787103
UBFC_PHYS_s15_T1_test,98,178,103.93333333333334,-0.1652837097644806,0.8930395763765404
UBFC_PHYS_s15_T1_test,98,179,103.96666666666667,-0.02977612055838108,1.2223617070966215
UBFC_PHYS_s15_T1_test,98,180,104.0,0.15783344209194183,1.387963212853598
UBFC_PHYS_s15_T1_test,98,181,104.03333333333333,0.30794039368629456,1.390721145288283
UBFC_PHYS_s15_T1_test,98,182,104.06666666666666,0.41538864374160767,1.2594017473391534
UBFC_PHYS_s15_T1_test,98,183,104.1,0.5144171118736267,1.03620410676514
UBFC_PHYS_s15_T1_test,98,184,104.13333333333334,0.6180030703544617,0.7599420977950405
UBFC_PHYS_s15_T1_test,98,185,104.16666666666667,0.7180550694465637,0.45519984825504156
UBFC_PHYS_s15_T1_test,98,186,104.2,0.8084321022033691,0.13216924920984646
UBFC_PHYS_s15_T1_test,98,187,104.23333333333333,0.8830704092979431,-0.2046486915036504
UBFC_PHYS_s15_T1_test,98,188,104.26666666666667,0.9254007935523987,-0.5452450322164705
UBFC_PHYS_s15_T1_test,98,189,104.3,0.9158416986465454,-0.8669882171218037
UBFC_PHYS_s15_T1_test,98,190,104.33333333333333,0.8537171483039856,-1.13474970948797
UBFC_PHYS_s15_T1_test,98,191,104.36666666666666,0.7414025068283081,-1.307481361465834
UBFC_PHYS_s15_T1_test,98,192,104.4,0.5707868933677673,-1.3486027498169642
UBFC_PHYS_s15_T1_test,98,193,104.43333333333334,0.35874849557876587,-1.2372945111632885
UBFC_PHYS_s15_T1_test,98,194,104.46666666666667,0.1640709936618805,-0.9775949123867191
UBFC_PHYS_s15_T1_test,98,195,104.5,0.016184842213988304,-0.6019587058646345
UBFC_PHYS_s15_T1_test,98,196,104.53333333333333,-0.15603359043598175,-0.16659569893523157
UBFC_PHYS_s15_T1_test,98,197,104.56666666666666,-0.4436371922492981,0.2615121298694768
UBFC_PHYS_s15_T1_test,98,198,104.6,-0.8068832755088806,0.6218715744619309
UBFC_PHYS_s15_T1_test,98,199,104.63333333333334,-1.0608272552490234,0.8749643534364993
UBFC_PHYS_s15_T1_test,98,200,104.66666666666667,-1.0609045028686523,1.0077151912962143
UBFC_PHYS_s15_T1_test,98,201,104.7,-0.8853259086608887,1.02851413320804
UBFC_PHYS_s15_T1_test,98,202,104.73333333333333,-0.7340216636657715,0.9564578406466047
UBFC_PHYS_s15_T1_test,98,203,104.76666666666667,-0.6771690845489502,0.811882226965891
UBFC_PHYS_s15_T1_test,98,204,104.8,-0.6234063506126404,0.6118350369502543
UBFC_PHYS_s15_T1_test,98,205,104.83333333333333,-0.5314844250679016,0.36950595971634287
UBFC_PHYS_s15_T1_test,98,206,104.86666666666666,-0.4472484290599823,0.09568861705409988
UBFC_PHYS_s15_T1_test,98,207,104.9,-0.37110385298728943,-0.19824225722938987
UBFC_PHYS_s15_T1_test,98,208,104.93333333333334,-0.2640611529350281,-0.49604628346961216
UBFC_PHYS_s15_T1_test,98,209,104.96666666666667,-0.16128626465797424,-0.7726080640002951
UBFC_PHYS_s15_T1_test,98,210,105.0,-0.12720178067684174,-0.993245186437986
UBFC_PHYS_s15_T1_test,98,211,105.03333333333333,-0.13759127259254456,-1.1188113568378073
UBFC_PHYS_s15_T1_test,98,212,105.06666666666666,-0.12604309618473053,-1.115912117979418
UBFC_PHYS_s15_T1_test,98,213,105.1,-0.10107354819774628,-0.9682151504800645
UBFC_PHYS_s15_T1_test,98,214,105.13333333333334,-0.1085856556892395,-0.6840192873550432
UBFC_PHYS_s15_T1_test,98,215,105.16666666666667,-0.1642795205116272,-0.2970600327196465
UBFC_PHYS_s15_T1_test,98,216,105.2,-0.2535558044910431,0.13960011555283205
UBFC_PHYS_s15_T1_test,98,217,105.23333333333333,-0.3320370316505432,0.5645931334278936
UBFC_PHYS_s15_T1_test,98,218,105.26666666666667,-0.31382644176483154,0.9214463644479198
UBFC_PHYS_s15_T1_test,98,219,105.3,-0.1430177539587021,1.1708073844280074
UBFC_PHYS_s15_T1_test,98,220,105.33333333333333,0.10183058679103851,1.2977460489882162
UBFC_PHYS_s15_T1_test,98,221,105.36666666666666,0.27934032678604126,1.3107940571135415
UBFC_PHYS_s15_T1_test,98,222,105.4,0.3304767310619354,1.2327874465105308
UBFC_PHYS_s15_T1_test,98,223,105.43333333333334,0.2934955358505249,1.088035323092799
UBFC_PHYS_s15_T1_test,98,224,105.46666666666667,0.2190503478050232,0.8926820712617043
UBFC_PHYS_s15_T1_test,98,225,105.5,0.14132225513458252,0.6531402705187175
UBFC_PHYS_s15_T1_test,98,226,105.53333333333333,0.09246458858251572,0.3718981371170639
UBFC_PHYS_s15_T1_test,98,227,105.56666666666666,0.08221027255058289,0.05549734281806196
UBFC_PHYS_s15_T1_test,98,228,105.6,0.09248390048742294,-0.280300102503807
UBFC_PHYS_s15_T1_test,98,229,105.63333333333334,0.09020516276359558,-0.6099741146525549
UBFC_PHYS_s15_T1_test,98,230,105.66666666666667,0.055290281772613525,-0.9016505041692477
UBFC_PHYS_s15_T1_test,98,231,105.7,0.010101773776113987,-1.123034572398437
UBFC_PHYS_s15_T1_test,98,232,105.73333333333333,-0.012878707610070705,-1.2486891567450842
UBFC_PHYS_s15_T1_test,98,233,105.76666666666667,-0.03408254683017731,-1.2672375611767974
UBFC_PHYS_s15_T1_test,98,234,105.8,-0.10541859269142151,-1.1859288218095532
UBFC_PHYS_s15_T1_test,98,235,105.83333333333333,-0.22752413153648376,-1.0295475406130796
UBFC_PHYS_s15_T1_test,98,236,105.86666666666666,-0.33804285526275635,-0.8324830690255525
UBFC_PHYS_s15_T1_test,98,237,105.9,-0.358705997467041,-0.6263716751129861
UBFC_PHYS_s15_T1_test,98,238,105.93333333333334,-0.2573794424533844,-0.42896400009747104
UBFC_PHYS_s15_T1_test,98,239,105.96666666666667,-0.08147254586219788,-0.24019758489267723
UBFC_PHYS_s15_T1_test,99,0,99.0,-0.03595574572682381,0.08687436341602468
UBFC_PHYS_s15_T1_test,99,1,99.03333333333333,0.2655327320098877,-0.03602477465530813
UBFC_PHYS_s15_T1_test,99,2,99.06666666666666,0.5444076061248779,-0.13454853352686688
UBFC_PHYS_s15_T1_test,99,3,99.1,0.7619110941886902,-0.1840767189204907
UBFC_PHYS_s15_T1_test,99,4,99.13333333333334,0.8743996024131775,-0.16263682952140374
UBFC_PHYS_s15_T1_test,99,5,99.16666666666667,0.9059543013572693,-0.055418035658799054
UBFC_PHYS_s15_T1_test,99,6,99.2,0.9370455741882324,0.13945408696065997
UBFC_PHYS_s15_T1_test,99,7,99.23333333333333,0.9926042556762695,0.4063922873557445
UBFC_PHYS_s15_T1_test,99,8,99.26666666666667,1.0155847072601318,0.7115522364667566
UBFC_PHYS_s15_T1_test,99,9,99.3,0.9461411833763123,1.0071278324611097
UBFC_PHYS_s15_T1_test,99,10,99.33333333333333,0.7833274006843567,1.2406152116911753
UBFC_PHYS_s15_T1_test,99,11,99.36666666666666,0.6369861364364624,1.3670232005115597
UBFC_PHYS_s15_T1_test,99,12,99.4,0.6801083087921143,1.3600118702321469
UBFC_PHYS_s15_T1_test,99,13,99.43333333333334,0.974490225315094,1.2175443483649633
UBFC_PHYS_s15_T1_test,99,14,99.46666666666667,1.4050170183181763,0.9599248366296105
UBFC_PHYS_s15_T1_test,99,15,99.5,1.7851991653442383,0.6216960030147082
UBFC_PHYS_s15_T1_test,99,16,99.53333333333333,1.9912703037261963,0.24145253099261096
UBFC_PHYS_s15_T1_test,99,17,99.56666666666666,2.0447819232940674,-0.14623051807793602
UBFC_PHYS_s15_T1_test,99,18,99.6,1.9838547706604004,-0.5146447626090823
UBFC_PHYS_s15_T1_test,99,19,99.63333333333334,1.7604420185089111,-0.8447982967104626
UBFC_PHYS_s15_T1_test,99,20,99.66666666666667,1.333410620689392,-1.122471551573247
UBFC_PHYS_s15_T1_test,99,21,99.7,0.7570446729660034,-1.3339718791916269
UBFC_PHYS_s15_T1_test,99,22,99.73333333333333,0.11142831295728683,-1.462690174715271
UBFC_PHYS_s15_T1_test,99,23,99.76666666666667,-0.5369881987571716,-1.4887849339952217
UBFC_PHYS_s15_T1_test,99,24,99.8,-1.1123112440109253,-1.3932004140386895
UBFC_PHYS_s15_T1_test,99,25,99.83333333333333,-1.5652198791503906,-1.1652247567506138
UBFC_PHYS_s15_T1_test,99,26,99.86666666666666,-1.909985065460205,-0.8109906164854335
UBFC_PHYS_s15_T1_test,99,27,99.9,-2.1952133178710938,-0.3593917442276337
UBFC_PHYS_s15_T1_test,99,28,99.93333333333334,-2.445430278778076,0.13783271108538925
UBFC_PHYS_s15_T1_test,99,29,99.96666666666667,-2.610368251800537,0.6134805128530564
UBFC_PHYS_s15_T1_test,99,30,100.0,-2.595768928527832,0.9987176230260423
UBFC_PHYS_s15_T1_test,99,31,100.03333333333333,-2.3901419639587402,1.2395214649833748
UBFC_PHYS_s15_T1_test,99,32,100.06666666666666,-2.0994677543640137,1.3101190919872
UBFC_PHYS_s15_T1_test,99,33,100.1,-1.777161717414856,1.2182005308771164
UBFC_PHYS_s15_T1_test,99,34,100.13333333333334,-1.4229340553283691,0.9995731857204722
UBFC_PHYS_s15_T1_test,99,35,100.16666666666667,-1.0963407754898071,0.7042081694155399
UBFC_PHYS_s15_T1_test,99,36,100.2,-0.8718273043632507,0.37940849255092074
UBFC_PHYS_s15_T1_test,99,37,100.23333333333333,-0.7271661162376404,0.05724110121046614
UBFC_PHYS_s15_T1_test,99,38,100.26666666666667,-0.5870431065559387,-0.2485430028064147
UBFC_PHYS_s15_T1_test,99,39,100.3,-0.3907434642314911,-0.5355392713179958
UBFC_PHYS_s15_T1_test,99,40,100.33333333333333,-0.1020970493555069,-0.8003668474656694
UBFC_PHYS_s15_T1_test,99,41,100.36666666666666,0.23971347510814667,-1.028326986469768
UBFC_PHYS_s15_T1_test,99,42,100.4,0.5127370357513428,-1.190643304511
UBFC_PHYS_s15_T1_test,99,43,100.43333333333334,0.6298022866249084,-1.2505253834853722
UBFC_PHYS_s15_T1_test,99,44,100.46666666666667,0.6011636257171631,-1.1752750960952087
UBFC_PHYS_s15_T1_test,99,45,100.5,0.4561934769153595,-0.9495145015558715
UBFC_PHYS_s15_T1_test,99,46,100.53333333333333,0.2201317846775055,-0.5845773000241415
UBFC_PHYS_s15_T1_test,99,47,100.56666666666666,-0.03713373467326164,-0.1206605817623943
UBFC_PHYS_s15_T1_test,99,48,100.6,-0.24011510610580444,0.37931688741561775
UBFC_PHYS_s15_T1_test,99,49,100.63333333333334,-0.3468681275844574,0.8427286536381308
UBFC_PHYS_s15_T1_test,99,50,100.66666666666667,-0.34445422887802124,1.2035713632118008
UBFC_PHYS_s15_T1_test,99,51,100.7,-0.2680392861366272,1.4170757801419755
UBFC_PHYS_s15_T1_test,99,52,100.73333333333333,-0.179419606924057,1.4674266780812273
UBFC_PHYS_s15_T1_test,99,53,100.76666666666667,-0.08593346178531647,1.3659521272372939
UBFC_PHYS_s15_T1_test,99,54,100.8,0.06224236264824867,1.141967881763919
UBFC_PHYS_s15_T1_test,99,55,100.83333333333333,0.28113627433776855,0.8317903298707127
UBFC_PHYS_s15_T1_test,99,56,100.86666666666666,0.5108059048652649,0.47044731282728
UBFC_PHYS_s15_T1_test,99,57,100.9,0.6619749665260315,0.08752143078376681
UBFC_PHYS_s15_T1_test,99,58,100.93333333333334,0.7035329937934875,-0.29330422013577134
UBFC_PHYS_s15_T1_test,99,59,100.96666666666667,0.6838740110397339,-0.6518243957398635
UBFC_PHYS_s15_T1_test,99,60,101.0,0.6612797975540161,-0.9671149256109699
UBFC_PHYS_s15_T1_test,99,61,101.03333333333333,0.6474528908729553,-1.2135376876527746
UBFC_PHYS_s15_T1_test,99,62,101.06666666666666,0.6012022495269775,-1.3599315308188633
UBFC_PHYS_s15_T1_test,99,63,101.1,0.4795987904071808,-1.3744498159439449
UBFC_PHYS_s15_T1_test,99,64,101.13333333333334,0.3019345700740814,-1.2346392308465406
UBFC_PHYS_s15_T1_test,99,65,101.16666666666667,0.12983201444149017,-0.9389463542719652
UBFC_PHYS_s15_T1_test,99,66,101.2,0.0011220060987398028,-0.5143089178407072
UBFC_PHYS_s15_T1_test,99,67,101.23333333333333,-0.09037507325410843,-0.015611529400803572
UBFC_PHYS_s15_T1_test,99,68,101.26666666666667,-0.18399639427661896,0.4840814735309783
UBFC_PHYS_s15_T1_test,99,69,101.3,-0.2938199043273926,0.9098351228293889
UBFC_PHYS_s15_T1_test,99,70,101.33333333333333,-0.3448404371738434,1.2022474439514235
UBFC_PHYS_s15_T1_test,99,71,101.36666666666666,-0.2703566551208496,1.3300949017007324
UBFC_PHYS_s15_T1_test,99,72,101.4,-0.11659985035657883,1.2945098843286014
UBFC_PHYS_s15_T1_test,99,73,101.43333333333334,0.019081542268395424,1.1241418159698133
UBFC_PHYS_s15_T1_test,99,74,101.46666666666667,0.07942944765090942,0.8633457565783638
UBFC_PHYS_s15_T1_test,99,75,101.5,0.05847665295004845,0.557385693135972
UBFC_PHYS_s15_T1_test,99,76,101.53333333333333,-0.00874608289450407,0.23997309726473612
UBFC_PHYS_s15_T1_test,99,77,101.56666666666666,-0.0677228793501854,-0.07203306111162615
UBFC_PHYS_s15_T1_test,99,78,101.6,-0.08299814164638519,-0.37500057256602226
UBFC_PHYS_s15_T1_test,99,79,101.63333333333334,-0.0654248297214508,-0.6684037547981496
UBFC_PHYS_s15_T1_test,99,80,101.66666666666667,-0.03865933045744896,-0.9436626334381996
UBFC_PHYS_s15_T1_test,99,81,101.7,0.012187397107481956,-1.1777042122267205
UBFC_PHYS_s15_T1_test,99,82,101.73333333333333,0.09070725739002228,-1.3344985687759572
UBFC_PHYS_s15_T1_test,99,83,101.76666666666667,0.14479829370975494,-1.374039334202073
UBFC_PHYS_s15_T1_test,99,84,101.8,0.1336749643087387,-1.2651849943422693
UBFC_PHYS_s15_T1_test,99,85,101.83333333333333,0.06282170116901398,-0.997626318900044
UBFC_PHYS_s15_T1_test,99,86,101.86666666666666,-0.05260211229324341,-0.5890539804009995
UBFC_PHYS_s15_T1_test,99,87,101.9,-0.18530955910682678,-0.08540726582095536
UBFC_PHYS_s15_T1_test,99,88,101.93333333333334,-0.32348212599754333,0.4461091347385967
UBFC_PHYS_s15_T1_test,99,89,101.96666666666667,-0.4796141982078552,0.9299037349319507
UBFC_PHYS_s15_T1_test,99,90,102.0,-0.5990740656852722,1.2978053469030715
UBFC_PHYS_s15_T1_test,99,91,102.03333333333333,-0.5748770236968994,1.5034802664916025
UBFC_PHYS_s15_T1_test,99,92,102.06666666666666,-0.4283812642097473,1.5308367502649596
UBFC_PHYS_s15_T1_test,99,93,102.1,-0.2772507965564728,1.393610271729577
UBFC_PHYS_s15_T1_test,99,94,102.13333333333334,-0.17968995869159698,1.127082175048427
UBFC_PHYS_s15_T1_test,99,95,102.16666666666667,-0.14313362538814545,0.7760215269515799
UBFC_PHYS_s15_T1_test,99,96,102.2,-0.18519368767738342,0.3833547073751231
UBFC_PHYS_s15_T1_test,99,97,102.23333333333333,-0.27304092049598694,-0.017203777034964677
UBFC_PHYS_s15_T1_test,99,98,102.26666666666667,-0.31923362612724304,-0.4026572534017036
UBFC_PHYS_s15_T1_test,99,99,102.3,-0.2914446294307709,-0.7563103827969277
UBFC_PHYS_s15_T1_test,99,100,102.33333333333333,-0.24558022618293762,-1.0601733069355914
UBFC_PHYS_s15_T1_test,99,101,102.36666666666666,-0.24824517965316772,-1.2889967592716223
UBFC_PHYS_s15_T1_test,99,102,102.4,-0.3152554929256439,-1.4102428567458523
UBFC_PHYS_s15_T1_test,99,103,102.43333333333334,-0.40375930070877075,-1.3914005121280995
UBFC_PHYS_s15_T1_test,99,104,102.46666666666667,-0.4652079641819,-1.2123107101864377
UBFC_PHYS_s15_T1_test,99,105,102.5,-0.482047438621521,-0.8773607358017421
UBFC_PHYS_s15_T1_test,99,106,102.53333333333333,-0.4739946126937866,-0.4218538424120889
UBFC_PHYS_s15_T1_test,99,107,102.56666666666666,-0.47704580426216125,0.09116380540496577
UBFC_PHYS_s15_T1_test,99,108,102.6,-0.46825915575027466,0.5836452140560529
UBFC_PHYS_s15_T1_test,99,109,102.63333333333334,-0.36621809005737305,0.9811243584794156
UBFC_PHYS_s15_T1_test,99,110,102.66666666666667,-0.14902357757091522,1.2311185072899073
UBFC_PHYS_s15_T1_test,99,111,102.7,0.11403534561395645,1.315019891876376
UBFC_PHYS_s15_T1_test,99,112,102.73333333333333,0.35189297795295715,1.2488816506086535
UBFC_PHYS_s15_T1_test,99,113,102.76666666666667,0.5235320925712585,1.0724911173816822
UBFC_PHYS_s15_T1_test,99,114,102.8,0.615511953830719,0.8314230029890576
UBFC_PHYS_s15_T1_test,99,115,102.83333333333333,0.6445754766464233,0.5603643921101067
UBFC_PHYS_s15_T1_test,99,116,102.86666666666666,0.6241440773010254,0.2752902868562784
UBFC_PHYS_s15_T1_test,99,117,102.9,0.5731621980667114,-0.02271525951703364
UBFC_PHYS_s15_T1_test,99,118,102.93333333333334,0.5340374112129211,-0.33541404418164483
UBFC_PHYS_s15_T1_test,99,119,102.96666666666667,0.5176228284835815,-0.654456512392041
UBFC_PHYS_s15_T1_test,99,120,103.0,0.4871881604194641,-0.954192766717248
UBFC_PHYS_s15_T1_test,99,121,103.03333333333333,0.4259133040904999,-1.1932589292263578
UBFC_PHYS_s15_T1_test,99,122,103.06666666666666,0.3636728823184967,-1.3240500183236836
UBFC_PHYS_s15_T1_test,99,123,103.1,0.31327033042907715,-1.3065267331819577
UBFC_PHYS_s15_T1_test,99,124,103.13333333333334,0.24328607320785522,-1.1216978691994914
UBFC_PHYS_s15_T1_test,99,125,103.16666666666667,0.1185348853468895,-0.7804708276545613
UBFC_PHYS_s15_T1_test,99,126,103.2,-0.05524776130914688,-0.3249873145070977
UBFC_PHYS_s15_T1_test,99,127,103.23333333333333,-0.22594060003757477,0.17848096119043558
UBFC_PHYS_s15_T1_test,99,128,103.26666666666667,-0.32363662123680115,0.6538206712950085
UBFC_PHYS_s15_T1_test,99,129,103.3,-0.3097517788410187,1.0327696314452768
UBFC_PHYS_s15_T1_test,99,130,103.33333333333333,-0.22269628942012787,1.2700329243381088
UBFC_PHYS_s15_T1_test,99,131,103.36666666666666,-0.1428825706243515,1.3502376778295357
UBFC_PHYS_s15_T1_test,99,132,103.4,-0.10402818024158478,1.285083961689011
UBFC_PHYS_s15_T1_test,99,133,103.43333333333334,-0.08097045123577118,1.103627399346082
UBFC_PHYS_s15_T1_test,99,134,103.46666666666667,-0.05157861113548279,0.8405743139761703
UBFC_PHYS_s15_T1_test,99,135,103.5,-0.019734229892492294,0.5267694527264382
UBFC_PHYS_s15_T1_test,99,136,103.53333333333333,0.016764182597398758,0.18433880148986748
UBFC_PHYS_s15_T1_test,99,137,103.56666666666666,0.07006344944238663,-0.17270160737341744
UBFC_PHYS_s15_T1_test,99,138,103.6,0.13807794451713562,-0.5329522013848415
UBFC_PHYS_s15_T1_test,99,139,103.63333333333334,0.19869621098041534,-0.8795268508748716
UBFC_PHYS_s15_T1_test,99,140,103.66666666666667,0.22098147869110107,-1.1835300751643265
UBFC_PHYS_s15_T1_test,99,141,103.7,0.19265176355838776,-1.4036314816076205
UBFC_PHYS_s15_T1_test,99,142,103.73333333333333,0.13925594091415405,-1.493713829420718
UBFC_PHYS_s15_T1_test,99,143,103.76666666666667,0.09565096348524094,-1.416566859474114
UBFC_PHYS_s15_T1_test,99,144,103.8,0.06004086881875992,-1.1585320100767402
UBFC_PHYS_s15_T1_test,99,145,103.83333333333333,0.0016047892859205604,-0.7392129396992708
UBFC_PHYS_s15_T1_test,99,146,103.86666666666666,-0.09271173924207687,-0.21199539778507465
UBFC_PHYS_s15_T1_test,99,147,103.9,-0.17627185583114624,0.3456491639363655
UBFC_PHYS_s15_T1_test,99,148,103.93333333333334,-0.1652837097644806,0.8495339768905654
UBFC_PHYS_s15_T1_test,99,149,103.96666666666667,-0.02977612055838108,1.2285052959612324
UBFC_PHYS_s15_T1_test,99,150,104.0,0.15783344209194183,1.4402030541124948
UBFC_PHYS_s15_T1_test,99,151,104.03333333333333,0.30794039368629456,1.4775564523970315
UBFC_PHYS_s15_T1_test,99,152,104.06666666666666,0.41538864374160767,1.3639140840843964
UBFC_PHYS_s15_T1_test,99,153,104.1,0.5144171118736267,1.1392487590717588
UBFC_PHYS_s15_T1_test,99,154,104.13333333333334,0.6180030703544617,0.8440098517537642
UBFC_PHYS_s15_T1_test,99,155,104.16666666666667,0.7180550694465637,0.50811566577715
UBFC_PHYS_s15_T1_test,99,156,104.2,0.8084321022033691,0.14910453102827506
UBFC_PHYS_s15_T1_test,99,157,104.23333333333333,0.8830704092979431,-0.22180097908245525
UBFC_PHYS_s15_T1_test,99,158,104.26666666666667,0.9254007935523987,-0.5904969639925661
UBFC_PHYS_s15_T1_test,99,159,104.3,0.9158416986465454,-0.932963910718328
UBFC_PHYS_s15_T1_test,99,160,104.33333333333333,0.8537171483039856,-1.2138239561989432
UBFC_PHYS_s15_T1_test,99,161,104.36666666666666,0.7414025068283081,-1.3912390936837287
UBFC_PHYS_s15_T1_test,99,162,104.4,0.5707868933677673,-1.4267384576788784
UBFC_PHYS_s15_T1_test,99,163,104.43333333333334,0.35874849557876587,-1.2970644045351745
UBFC_PHYS_s15_T1_test,99,164,104.46666666666667,0.1640709936618805,-1.0041403436635932
UBFC_PHYS_s15_T1_test,99,165,104.5,0.016184842213988304,-0.5793118486111227
UBFC_PHYS_s15_T1_test,99,166,104.53333333333333,-0.15603359043598175,-0.07957825834905258
UBFC_PHYS_s15_T1_test,99,167,104.56666666666666,-0.4436371922492981,0.4237658119907863
UBFC_PHYS_s15_T1_test,99,168,104.6,-0.8068832755088806,0.8608049555908297
UBFC_PHYS_s15_T1_test,99,169,104.63333333333334,-1.0608272552490234,1.1778485006461858
UBFC_PHYS_s15_T1_test,99,170,104.66666666666667,-1.0609045028686523,1.346414811643038
UBFC_PHYS_s15_T1_test,99,171,104.7,-0.8853259086608887,1.3639466659941577
UBFC_PHYS_s15_T1_test,99,172,104.73333333333333,-0.7340216636657715,1.247937194662218
UBFC_PHYS_s15_T1_test,99,173,104.76666666666667,-0.6771690845489502,1.0275146946168496
UBFC_PHYS_s15_T1_test,99,174,104.8,-0.6234063506126404,0.7354273242082525
UBFC_PHYS_s15_T1_test,99,175,104.83333333333333,-0.5314844250679016,0.4014348079073405
UBFC_PHYS_s15_T1_test,99,176,104.86666666666666,-0.4472484290599823,0.048135004117024954
UBFC_PHYS_s15_T1_test,99,177,104.9,-0.37110385298728943,-0.30910459236009724
UBFC_PHYS_s15_T1_test,99,178,104.93333333333334,-0.2640611529350281,-0.6575300469648055
UBFC_PHYS_s15_T1_test,99,179,104.96666666666667,-0.16128626465797424,-0.97973686776778
UBFC_PHYS_s15_T1_test,99,180,105.0,-0.12720178067684174,-1.2480640344991814
UBFC_PHYS_s15_T1_test,99,181,105.03333333333333,-0.13759127259254456,-1.4249209823018354
UBFC_PHYS_s15_T1_test,99,182,105.06666666666666,-0.12604309618473053,-1.470463737620084
UBFC_PHYS_s15_T1_test,99,183,105.1,-0.10107354819774628,-1.355227145575724
UBFC_PHYS_s15_T1_test,99,184,105.13333333333334,-0.1085856556892395,-1.0729097309721876
UBFC_PHYS_s15_T1_test,99,185,105.16666666666667,-0.1642795205116272,-0.6482359991953862
UBFC_PHYS_s15_T1_test,99,186,105.2,-0.2535558044910431,-0.13632511727949312
UBFC_PHYS_s15_T1_test,99,187,105.23333333333333,-0.3320370316505432,0.3873425942449891
UBFC_PHYS_s15_T1_test,99,188,105.26666666666667,-0.31382644176483154,0.8441402317859966
UBFC_PHYS_s15_T1_test,99,189,105.3,-0.1430177539587021,1.1715524951529988
UBFC_PHYS_s15_T1_test,99,190,105.33333333333333,0.10183058679103851,1.3376850841689856
UBFC_PHYS_s15_T1_test,99,191,105.36666666666666,0.27934032678604126,1.3454035887836377
UBFC_PHYS_s15_T1_test,99,192,105.4,0.3304767310619354,1.224843423008126
UBFC_PHYS_s15_T1_test,99,193,105.43333333333334,0.2934955358505249,1.018353873405051
UBFC_PHYS_s15_T1_test,99,194,105.46666666666667,0.2190503478050232,0.7651261601607994
UBFC_PHYS_s15_T1_test,99,195,105.5,0.14132225513458252,0.49194832984482423
UBFC_PHYS_s15_T1_test,99,196,105.53333333333333,0.09246458858251572,0.21228467716136934
UBFC_PHYS_s15_T1_test,99,197,105.56666666666666,0.08221027255058289,-0.06848813506419477
UBFC_PHYS_s15_T1_test,99,198,105.6,0.09248390048742294,-0.34547892940141894
UBFC_PHYS_s15_T1_test,99,199,105.63333333333334,0.09020516276359558,-0.607527323320741
UBFC_PHYS_s15_T1_test,99,200,105.66666666666667,0.055290281772613525,-0.833558444770658
UBFC_PHYS_s15_T1_test,99,201,105.7,0.010101773776113987,-0.9935323501422672
UBFC_PHYS_s15_T1_test,99,202,105.73333333333333,-0.012878707610070705,-1.0544888982146199
UBFC_PHYS_s15_T1_test,99,203,105.76666666666667,-0.03408254683017731,-0.9905127298716978
UBFC_PHYS_s15_T1_test,99,204,105.8,-0.10541859269142151,-0.7933278201161249
UBFC_PHYS_s15_T1_test,99,205,105.83333333333333,-0.22752413153648376,-0.479185095903037
UBFC_PHYS_s15_T1_test,99,206,105.86666666666666,-0.33804285526275635,-0.08888034158921146
UBFC_PHYS_s15_T1_test,99,207,105.9,-0.358705997467041,0.3196245864319202
UBFC_PHYS_s15_T1_test,99,208,105.93333333333334,-0.2573794424533844,0.68388580548102
UBFC_PHYS_s15_T1_test,99,209,105.96666666666667,-0.08147254586219788,0.9510721095957703
UBFC_PHYS_s15_T1_test,99,210,106.0,0.08831265568733215,1.088986736953989
UBFC_PHYS_s15_T1_test,99,211,106.03333333333333,0.1993914246559143,1.090557097022178
UBFC_PHYS_s15_T1_test,99,212,106.06666666666666,0.2358512133359909,0.970814885273177
UBFC_PHYS_s15_T1_test,99,213,106.1,0.21310245990753174,0.7581649999739886
UBFC_PHYS_s15_T1_test,99,214,106.13333333333334,0.17405495047569275,0.48358427217640265
UBFC_PHYS_s15_T1_test,99,215,106.16666666666667,0.13601163029670715,0.17194665687434355
UBFC_PHYS_s15_T1_test,99,216,106.2,0.09219422936439514,-0.16109437940980192
UBFC_PHYS_s15_T1_test,99,217,106.23333333333333,0.06286032497882843,-0.505613233320597
UBFC_PHYS_s15_T1_test,99,218,106.26666666666667,0.06131541728973389,-0.849701582261016
UBFC_PHYS_s15_T1_test,99,219,106.3,0.048280272632837296,-1.1722361300867166
UBFC_PHYS_s15_T1_test,99,220,106.33333333333333,-0.0109475739300251,-1.4402940693377713
UBFC_PHYS_s15_T1_test,99,221,106.36666666666666,-0.10561170428991318,-1.6128945228753369
UBFC_PHYS_s15_T1_test,99,222,106.4,-0.20494918525218964,-1.6501225217447457
UBFC_PHYS_s15_T1_test,99,223,106.43333333333334,-0.2990919053554535,-1.5248595106966971
UBFC_PHYS_s15_T1_test,99,224,106.46666666666667,-0.41017067432403564,-1.2334699158638143
UBFC_PHYS_s15_T1_test,99,225,106.5,-0.5327396988868713,-0.8017696032556381
UBFC_PHYS_s15_T1_test,99,226,106.53333333333333,-0.5689484477043152,-0.28343174009554245
UBFC_PHYS_s15_T1_test,99,227,106.56666666666666,-0.43626028299331665,0.24999665458333603
UBFC_PHYS_s15_T1_test,99,228,106.6,-0.186468243598938,0.7252019486253112
UBFC_PHYS_s15_T1_test,99,229,106.63333333333334,0.05237427353858948,1.084142982859089
UBFC_PHYS_s15_T1_test,99,230,106.66666666666667,0.20582209527492523,1.2958294549744187
UBFC_PHYS_s15_T1_test,99,231,106.7,0.27787265181541443,1.3589398939280315
UBFC_PHYS_s15_T1_test,99,232,106.73333333333333,0.2991730570793152,1.296226113232179
UBFC_PHYS_s15_T1_test,99,233,106.76666666666667,0.290965735912323,1.1452361305583774
UBFC_PHYS_s15_T1_test,99,234,106.8,0.2633891701698303,0.9493500595494238
UBFC_PHYS_s15_T1_test,99,235,106.83333333333333,0.22803011536598206,0.7502134143504985
UBFC_PHYS_s15_T1_test,99,236,106.86666666666666,0.2154584378004074,0.5807616545790415
UBFC_PHYS_s15_T1_test,99,237,106.9,0.24560342729091644,0.4586171255113086
UBFC_PHYS_s15_T1_test,99,238,106.93333333333334,0.270495742559433,0.381816704445367
UBFC_PHYS_s15_T1_test,99,239,106.96666666666667,0.21462805569171906,0.3299354515122844
UBFC_PHYS_s15_T1_test,100,0,100.0,-2.595768928527832,-0.16167980440277138
UBFC_PHYS_s15_T1_test,100,1,100.03333333333333,-2.3901419639587402,0.3699342972191025
UBFC_PHYS_s15_T1_test,100,2,100.06666666666666,-2.0994677543640137,0.7766421851285785
UBFC_PHYS_s15_T1_test,100,3,100.1,-1.777161717414856,0.9660389926455708
UBFC_PHYS_s15_T1_test,100,4,100.13333333333334,-1.4229340553283691,0.9077656105771288
UBFC_PHYS_s15_T1_test,100,5,100.16666666666667,-1.0963407754898071,0.6359911556010677
UBFC_PHYS_s15_T1_test,100,6,100.2,-0.8718273043632507,0.22958270062378183
UBFC_PHYS_s15_T1_test,100,7,100.23333333333333,-0.7271661162376404,-0.21926625558932755
UBFC_PHYS_s15_T1_test,100,8,100.26666666666667,-0.5870431065559387,-0.6325413101134956
UBFC_PHYS_s15_T1_test,100,9,100.3,-0.3907434642314911,-0.9592314540049791
UBFC_PHYS_s15_T1_test,100,10,100.33333333333333,-0.1020970493555069,-1.1732330069628576
UBFC_PHYS_s15_T1_test,100,11,100.36666666666666,0.23971347510814667,-1.2644312668974593
UBFC_PHYS_s15_T1_test,100,12,100.4,0.5127370357513428,-1.231282610657722
UBFC_PHYS_s15_T1_test,100,13,100.43333333333334,0.6298022866249084,-1.0781155410959347
UBFC_PHYS_s15_T1_test,100,14,100.46666666666667,0.6011636257171631,-0.8159139226853259
UBFC_PHYS_s15_T1_test,100,15,100.5,0.4561934769153595,-0.4641398033687911
UBFC_PHYS_s15_T1_test,100,16,100.53333333333333,0.2201317846775055,-0.052343030736122
UBFC_PHYS_s15_T1_test,100,17,100.56666666666666,-0.03713373467326164,0.3790032764889062
UBFC_PHYS_s15_T1_test,100,18,100.6,-0.24011510610580444,0.7802966019761143
UBFC_PHYS_s15_T1_test,100,19,100.63333333333334,-0.3468681275844574,1.099699809928705
UBFC_PHYS_s15_T1_test,100,20,100.66666666666667,-0.34445422887802124,1.2949029304390196
UBFC_PHYS_s15_T1_test,100,21,100.7,-0.2680392861366272,1.3451053596840958
UBFC_PHYS_s15_T1_test,100,22,100.73333333333333,-0.179419606924057,1.256320656697999
UBFC_PHYS_s15_T1_test,100,23,100.76666666666667,-0.08593346178531647,1.0561126416528237
UBFC_PHYS_s15_T1_test,100,24,100.8,0.06224236264824867,0.7811473151785108
UBFC_PHYS_s15_T1_test,100,25,100.83333333333333,0.28113627433776855,0.46569617113632095
UBFC_PHYS_s15_T1_test,100,26,100.86666666666666,0.5108059048652649,0.13656684839209382
UBFC_PHYS_s15_T1_test,100,27,100.9,0.6619749665260315,-0.18613307773694943
UBFC_PHYS_s15_T1_test,100,28,100.93333333333334,0.7035329937934875,-0.48613857377549263
UBFC_PHYS_s15_T1_test,100,29,100.96666666666667,0.6838740110397339,-0.7487761511112686
UBFC_PHYS_s15_T1_test,100,30,101.0,0.6612797975540161,-0.959301133397954
UBFC_PHYS_s15_T1_test,100,31,101.03333333333333,0.6474528908729553,-1.1008162193874107
UBFC_PHYS_s15_T1_test,100,32,101.06666666666666,0.6012022495269775,-1.152771121855682
UBFC_PHYS_s15_T1_test,100,33,101.1,0.4795987904071808,-1.0930776930653865
UBFC_PHYS_s15_T1_test,100,34,101.13333333333334,0.3019345700740814,-0.9056750426350434
UBFC_PHYS_s15_T1_test,100,35,101.16666666666667,0.12983201444149017,-0.591483358030485
UBFC_PHYS_s15_T1_test,100,36,101.2,0.0011220060987398028,-0.17707689863305817
UBFC_PHYS_s15_T1_test,100,37,101.23333333333333,-0.09037507325410843,0.2848531227382271
UBFC_PHYS_s15_T1_test,100,38,101.26666666666667,-0.18399639427661896,0.7252108168090186
UBFC_PHYS_s15_T1_test,100,39,101.3,-0.2938199043273926,1.0749455494360465
UBFC_PHYS_s15_T1_test,100,40,101.33333333333333,-0.3448404371738434,1.2816902203361062
UBFC_PHYS_s15_T1_test,100,41,101.36666666666666,-0.2703566551208496,1.3208280263653425
UBFC_PHYS_s15_T1_test,100,42,101.4,-0.11659985035657883,1.1987857366754398
UBFC_PHYS_s15_T1_test,100,43,101.43333333333334,0.019081542268395424,0.9491970792690371
UBFC_PHYS_s15_T1_test,100,44,101.46666666666667,0.07942944765090942,0.6228389760012194
UBFC_PHYS_s15_T1_test,100,45,101.5,0.05847665295004845,0.2728126901513738
UBFC_PHYS_s15_T1_test,100,46,101.53333333333333,-0.00874608289450407,-0.06042622484200326
UBFC_PHYS_s15_T1_test,100,47,101.56666666666666,-0.0677228793501854,-0.3573838141520649
UBFC_PHYS_s15_T1_test,100,48,101.6,-0.08299814164638519,-0.6169956666297517
UBFC_PHYS_s15_T1_test,100,49,101.63333333333334,-0.0654248297214508,-0.8450694031037359
UBFC_PHYS_s15_T1_test,100,50,101.66666666666667,-0.03865933045744896,-1.0406859768168077
UBFC_PHYS_s15_T1_test,100,51,101.7,0.012187397107481956,-1.188321949847251
UBFC_PHYS_s15_T1_test,100,52,101.73333333333333,0.09070725739002228,-1.2593369807665882
UBFC_PHYS_s15_T1_test,100,53,101.76666666666667,0.14479829370975494,-1.2211339822996152
UBFC_PHYS_s15_T1_test,100,54,101.8,0.1336749643087387,-1.0496261189199596
UBFC_PHYS_s15_T1_test,100,55,101.83333333333333,0.06282170116901398,-0.7407726426597638
UBFC_PHYS_s15_T1_test,100,56,101.86666666666666,-0.05260211229324341,-0.31800776073065357
UBFC_PHYS_s15_T1_test,100,57,101.9,-0.18530955910682678,0.16699435162218768
UBFC_PHYS_s15_T1_test,100,58,101.93333333333334,-0.32348212599754333,0.6423813687818783
UBFC_PHYS_s15_T1_test,100,59,101.96666666666667,-0.4796141982078552,1.03290064498912
UBFC_PHYS_s15_T1_test,100,60,102.0,-0.5990740656852722,1.2804693144605128
UBFC_PHYS_s15_T1_test,100,61,102.03333333333333,-0.5748770236968994,1.3598158589336258
UBFC_PHYS_s15_T1_test,100,62,102.06666666666666,-0.4283812642097473,1.2816625521751102
UBFC_PHYS_s15_T1_test,100,63,102.1,-0.2772507965564728,1.0823350461394805
UBFC_PHYS_s15_T1_test,100,64,102.13333333333334,-0.17968995869159698,0.8065869032135986
UBFC_PHYS_s15_T1_test,100,65,102.16666666666667,-0.14313362538814545,0.49337659594851324
UBFC_PHYS_s15_T1_test,100,66,102.2,-0.18519368767738342,0.16963423305191308
UBFC_PHYS_s15_T1_test,100,67,102.23333333333333,-0.27304092049598694,-0.14926254374299636
UBFC_PHYS_s15_T1_test,100,68,102.26666666666667,-0.31923362612724304,-0.4551704052982343
UBFC_PHYS_s15_T1_test,100,69,102.3,-0.2914446294307709,-0.7404667105831089
UBFC_PHYS_s15_T1_test,100,70,102.33333333333333,-0.24558022618293762,-0.9903324660432046
UBFC_PHYS_s15_T1_test,100,71,102.36666666666666,-0.24824517965316772,-1.1772447230266823
UBFC_PHYS_s15_T1_test,100,72,102.4,-0.3152554929256439,-1.2622647126525914
UBFC_PHYS_s15_T1_test,100,73,102.43333333333334,-0.40375930070877075,-1.2058220352153255
UBFC_PHYS_s15_T1_test,100,74,102.46666666666667,-0.4652079641819,-0.9851313821564628
UBFC_PHYS_s15_T1_test,100,75,102.5,-0.482047438621521,-0.6100815407689153
UBFC_PHYS_s15_T1_test,100,76,102.53333333333333,-0.4739946126937866,-0.12880875457410276
UBFC_PHYS_s15_T1_test,100,77,102.56666666666666,-0.47704580426216125,0.38112403880822204
UBFC_PHYS_s15_T1_test,100,78,102.6,-0.46825915575027466,0.8327762686821363
UBFC_PHYS_s15_T1_test,100,79,102.63333333333334,-0.36621809005737305,1.1529219504827664
UBFC_PHYS_s15_T1_test,100,80,102.66666666666667,-0.14902357757091522,1.3000804751711574
UBFC_PHYS_s15_T1_test,100,81,102.7,0.11403534561395645,1.2724631306999652
UBFC_PHYS_s15_T1_test,100,82,102.73333333333333,0.35189297795295715,1.1038436638478697
UBFC_PHYS_s15_T1_test,100,83,102.76666666666667,0.5235320925712585,0.8485131455385448
UBFC_PHYS_s15_T1_test,100,84,102.8,0.615511953830719,0.5605076200534611
UBFC_PHYS_s15_T1_test,100,85,102.83333333333333,0.6445754766464233,0.2755691043918345
UBFC_PHYS_s15_T1_test,100,86,102.86666666666666,0.6241440773010254,0.004180164425054296
UBFC_PHYS_s15_T1_test,100,87,102.9,0.5731621980667114,-0.2611213638638141
UBFC_PHYS_s15_T1_test,100,88,102.93333333333334,0.5340374112129211,-0.5292852299434979
UBFC_PHYS_s15_T1_test,100,89,102.96666666666667,0.5176228284835815,-0.795466078161576
UBFC_PHYS_s15_T1_test,100,90,103.0,0.4871881604194641,-1.0348555825277228
UBFC_PHYS_s15_T1_test,100,91,103.03333333333333,0.4259133040904999,-1.2070872027488608
UBFC_PHYS_s15_T1_test,100,92,103.06666666666666,0.3636728823184967,-1.2678391911457534
UBFC_PHYS_s15_T1_test,100,93,103.1,0.31327033042907715,-1.18284652138487
UBFC_PHYS_s15_T1_test,100,94,103.13333333333334,0.24328607320785522,-0.940336519359389
UBFC_PHYS_s15_T1_test,100,95,103.16666666666667,0.1185348853468895,-0.5589916866015056
UBFC_PHYS_s15_T1_test,100,96,103.2,-0.05524776130914688,-0.08885670609281145
UBFC_PHYS_s15_T1_test,100,97,103.23333333333333,-0.22594060003757477,0.39694222292751236
UBFC_PHYS_s15_T1_test,100,98,103.26666666666667,-0.32363662123680115,0.8196000746649866
UBFC_PHYS_s15_T1_test,100,99,103.3,-0.3097517788410187,1.1165161168907862
UBFC_PHYS_s15_T1_test,100,100,103.33333333333333,-0.22269628942012787,1.2582250649124402
UBFC_PHYS_s15_T1_test,100,101,103.36666666666666,-0.1428825706243515,1.2514772573412103
UBFC_PHYS_s15_T1_test,100,102,103.4,-0.10402818024158478,1.1276268347817884
UBFC_PHYS_s15_T1_test,100,103,103.43333333333334,-0.08097045123577118,0.9243929590691525
UBFC_PHYS_s15_T1_test,100,104,103.46666666666667,-0.05157861113548279,0.6712749731598981
UBFC_PHYS_s15_T1_test,100,105,103.5,-0.019734229892492294,0.38440801037814476
UBFC_PHYS_s15_T1_test,100,106,103.53333333333333,0.016764182597398758,0.07013120146936906
UBFC_PHYS_s15_T1_test,100,107,103.56666666666666,0.07006344944238663,-0.2671591324203632
UBFC_PHYS_s15_T1_test,100,108,103.6,0.13807794451713562,-0.6165550604712207
UBFC_PHYS_s15_T1_test,100,109,103.63333333333334,0.19869621098041534,-0.9535965989404008
UBFC_PHYS_s15_T1_test,100,110,103.66666666666667,0.22098147869110107,-1.2373118318162992
UBFC_PHYS_s15_T1_test,100,111,103.7,0.19265176355838776,-1.4147812159186488
UBFC_PHYS_s15_T1_test,100,112,103.73333333333333,0.13925594091415405,-1.4343609925148233
UBFC_PHYS_s15_T1_test,100,113,103.76666666666667,0.09565096348524094,-1.264037747167777
UBFC_PHYS_s15_T1_test,100,114,103.8,0.06004086881875992,-0.9074682235124563
UBFC_PHYS_s15_T1_test,100,115,103.83333333333333,0.0016047892859205604,-0.4099675383902397
UBFC_PHYS_s15_T1_test,100,116,103.86666666666666,-0.09271173924207687,0.14919954508848413
UBFC_PHYS_s15_T1_test,100,117,103.9,-0.17627185583114624,0.6759583161172709
UBFC_PHYS_s15_T1_test,100,118,103.93333333333334,-0.1652837097644806,1.0853907240308263
UBFC_PHYS_s15_T1_test,100,119,103.96666666666667,-0.02977612055838108,1.3226592358825962
UBFC_PHYS_s15_T1_test,100,120,104.0,0.15783344209194183,1.3745293087487807
UBFC_PHYS_s15_T1_test,100,121,104.03333333333333,0.30794039368629456,1.2680291329920317
UBFC_PHYS_s15_T1_test,100,122,104.06666666666666,0.41538864374160767,1.0561674666081264
UBFC_PHYS_s15_T1_test,100,123,104.1,0.5144171118736267,0.795234096712776
UBFC_PHYS_s15_T1_test,100,124,104.13333333333334,0.6180030703544617,0.5233281174480463
UBFC_PHYS_s15_T1_test,100,125,104.16666666666667,0.7180550694465637,0.25080917429836824
UBFC_PHYS_s15_T1_test,100,126,104.2,0.8084321022033691,-0.03266764930894506
UBFC_PHYS_s15_T1_test,100,127,104.23333333333333,0.8830704092979431,-0.3393434598221941
UBFC_PHYS_s15_T1_test,100,128,104.26666666666667,0.9254007935523987,-0.6641196009287881
UBFC_PHYS_s15_T1_test,100,129,104.3,0.9158416986465454,-0.9757516204789146
UBFC_PHYS_s15_T1_test,100,130,104.33333333333333,0.8537171483039856,-1.2223076965669328
UBFC_PHYS_s15_T1_test,100,131,104.36666666666666,0.7414025068283081,-1.3468812372993293
UBFC_PHYS_s15_T1_test,100,132,104.4,0.5707868933677673,-1.306249434652069
UBFC_PHYS_s15_T1_test,100,133,104.43333333333334,0.35874849557876587,-1.0861608182562001
UBFC_PHYS_s15_T1_test,100,134,104.46666666666667,0.1640709936618805,-0.7092303039454904
UBFC_PHYS_s15_T1_test,100,135,104.5,0.016184842213988304,-0.23317568269793848
UBFC_PHYS_s15_T1_test,100,136,104.53333333333333,-0.15603359043598175,0.2615307035058921
UBFC_PHYS_s15_T1_test,100,137,104.56666666666666,-0.4436371922492981,0.6926847290796839
UBFC_PHYS_s15_T1_test,100,138,104.6,-0.8068832755088806,0.9993492282642386
UBFC_PHYS_s15_T1_test,100,139,104.63333333333334,-1.0608272552490234,1.157024550575723
UBFC_PHYS_s15_T1_test,100,140,104.66666666666667,-1.0609045028686523,1.1776215649396777
UBFC_PHYS_s15_T1_test,100,141,104.7,-0.8853259086608887,1.0947352512028516
UBFC_PHYS_s15_T1_test,100,142,104.73333333333333,-0.7340216636657715,0.9435760634270295
UBFC_PHYS_s15_T1_test,100,143,104.76666666666667,-0.6771690845489502,0.7473269710874323
UBFC_PHYS_s15_T1_test,100,144,104.8,-0.6234063506126404,0.5148431159541068
UBFC_PHYS_s15_T1_test,100,145,104.83333333333333,-0.5314844250679016,0.2461911603237991
UBFC_PHYS_s15_T1_test,100,146,104.86666666666666,-0.4472484290599823,-0.05941918746655366
UBFC_PHYS_s15_T1_test,100,147,104.9,-0.37110385298728943,-0.3959883304599169
UBFC_PHYS_s15_T1_test,100,148,104.93333333333334,-0.2640611529350281,-0.7441293720570531
UBFC_PHYS_s15_T1_test,100,149,104.96666666666667,-0.16128626465797424,-1.067116602845878
UBFC_PHYS_s15_T1_test,100,150,105.0,-0.12720178067684174,-1.3130373900772063
UBFC_PHYS_s15_T1_test,100,151,105.03333333333333,-0.13759127259254456,-1.425799636102843
UBFC_PHYS_s15_T1_test,100,152,105.06666666666666,-0.12604309618473053,-1.3629572114873756
UBFC_PHYS_s15_T1_test,100,153,105.1,-0.10107354819774628,-1.1131379299222486
UBFC_PHYS_s15_T1_test,100,154,105.13333333333334,-0.1085856556892395,-0.7048358439933833
UBFC_PHYS_s15_T1_test,100,155,105.16666666666667,-0.1642795205116272,-0.2020638884273913
UBFC_PHYS_s15_T1_test,100,156,105.2,-0.2535558044910431,0.31163714793014713
UBFC_PHYS_s15_T1_test,100,157,105.23333333333333,-0.3320370316505432,0.7546977698931623
UBFC_PHYS_s15_T1_test,100,158,105.26666666666667,-0.31382644176483154,1.0673474394114502
UBFC_PHYS_s15_T1_test,100,159,105.3,-0.1430177539587021,1.2240505369654953
UBFC_PHYS_s15_T1_test,100,160,105.33333333333333,0.10183058679103851,1.2349677877710346
UBFC_PHYS_s15_T1_test,100,161,105.36666666666666,0.27934032678604126,1.1358057052377988
UBFC_PHYS_s15_T1_test,100,162,105.4,0.3304767310619354,0.9695861433555569
UBFC_PHYS_s15_T1_test,100,163,105.43333333333334,0.2934955358505249,0.7680411586789214
UBFC_PHYS_s15_T1_test,100,164,105.46666666666667,0.2190503478050232,0.5419051468133464
UBFC_PHYS_s15_T1_test,100,165,105.5,0.14132225513458252,0.2853377932116343
UBFC_PHYS_s15_T1_test,100,166,105.53333333333333,0.09246458858251572,-0.009195998048497318
UBFC_PHYS_s15_T1_test,100,167,105.56666666666666,0.08221027255058289,-0.3358029457759944
UBFC_PHYS_s15_T1_test,100,168,105.6,0.09248390048742294,-0.6683942358582098
UBFC_PHYS_s15_T1_test,100,169,105.63333333333334,0.09020516276359558,-0.9642084540084719
UBFC_PHYS_s15_T1_test,100,170,105.66666666666667,0.055290281772613525,-1.1741624173463014
UBFC_PHYS_s15_T1_test,100,171,105.7,0.010101773776113987,-1.2551554301322405
UBFC_PHYS_s15_T1_test,100,172,105.73333333333333,-0.012878707610070705,-1.1811155690893826
UBFC_PHYS_s15_T1_test,100,173,105.76666666666667,-0.03408254683017731,-0.9512578019693498
UBFC_PHYS_s15_T1_test,100,174,105.8,-0.10541859269142151,-0.5936938994470811
UBFC_PHYS_s15_T1_test,100,175,105.83333333333333,-0.22752413153648376,-0.16180543704375389
UBFC_PHYS_s15_T1_test,100,176,105.86666666666666,-0.33804285526275635,0.2777453219696707
UBFC_PHYS_s15_T1_test,100,177,105.9,-0.358705997467041,0.6624165807886262
UBFC_PHYS_s15_T1_test,100,178,105.93333333333334,-0.2573794424533844,0.9492848134038434
UBFC_PHYS_s15_T1_test,100,179,105.96666666666667,-0.08147254586219788,1.1211215752001595
UBFC_PHYS_s15_T1_test,100,180,106.0,0.08831265568733215,1.181276102939783
UBFC_PHYS_s15_T1_test,100,181,106.03333333333333,0.1993914246559143,1.142545747067012
UBFC_PHYS_s15_T1_test,100,182,106.06666666666666,0.2358512133359909,1.0176197492041454
UBFC_PHYS_s15_T1_test,100,183,106.1,0.21310245990753174,0.8156468901090552
UBFC_PHYS_s15_T1_test,100,184,106.13333333333334,0.17405495047569275,0.5441565880556722
UBFC_PHYS_s15_T1_test,100,185,106.16666666666667,0.13601163029670715,0.2127643483976876
UBFC_PHYS_s15_T1_test,100,186,106.2,0.09219422936439514,-0.16320111541931895
UBFC_PHYS_s15_T1_test,100,187,106.23333333333333,0.06286032497882843,-0.558888653900392
UBFC_PHYS_s15_T1_test,100,188,106.26666666666667,0.06131541728973389,-0.9369837693611331
UBFC_PHYS_s15_T1_test,100,189,106.3,0.048280272632837296,-1.2489126045019605
UBFC_PHYS_s15_T1_test,100,190,106.33333333333333,-0.0109475739300251,-1.4426578287215437
UBFC_PHYS_s15_T1_test,100,191,106.36666666666666,-0.10561170428991318,-1.4760311393631276
UBFC_PHYS_s15_T1_test,100,192,106.4,-0.20494918525218964,-1.3305661064530576
UBFC_PHYS_s15_T1_test,100,193,106.43333333333334,-0.2990919053554535,-1.0200547142324616
UBFC_PHYS_s15_T1_test,100,194,106.46666666666667,-0.41017067432403564,-0.5899934843048278
UBFC_PHYS_s15_T1_test,100,195,106.5,-0.5327396988868713,-0.10795921834334408
UBFC_PHYS_s15_T1_test,100,196,106.53333333333333,-0.5689484477043152,0.35213863047991734
UBFC_PHYS_s15_T1_test,100,197,106.56666666666666,-0.43626028299331665,0.7273680311713417
UBFC_PHYS_s15_T1_test,100,198,106.6,-0.186468243598938,0.9794406940723139
UBFC_PHYS_s15_T1_test,100,199,106.63333333333334,0.05237427353858948,1.0999895413638952
UBFC_PHYS_s15_T1_test,100,200,106.66666666666667,0.20582209527492523,1.1049096919430026
UBFC_PHYS_s15_T1_test,100,201,106.7,0.27787265181541443,1.0198798879955102
UBFC_PHYS_s15_T1_test,100,202,106.73333333333333,0.2991730570793152,0.8648624397868706
UBFC_PHYS_s15_T1_test,100,203,106.76666666666667,0.290965735912323,0.6470529711613885
UBFC_PHYS_s15_T1_test,100,204,106.8,0.2633891701698303,0.36635925699879157
UBFC_PHYS_s15_T1_test,100,205,106.83333333333333,0.22803011536598206,0.028888559410006114
UBFC_PHYS_s15_T1_test,100,206,106.86666666666666,0.2154584378004074,-0.3414255357060039
UBFC_PHYS_s15_T1_test,100,207,106.9,0.24560342729091644,-0.701303538721205
UBFC_PHYS_s15_T1_test,100,208,106.93333333333334,0.270495742559433,-0.9975251059497668
UBFC_PHYS_s15_T1_test,100,209,106.96666666666667,0.21462805569171906,-1.1812023223634387
UBFC_PHYS_s15_T1_test,100,210,107.0,0.09816143661737442,-1.2198979585567
UBFC_PHYS_s15_T1_test,100,211,107.03333333333333,0.009715547785162926,-1.1041165602352465
UBFC_PHYS_s15_T1_test,100,212,107.06666666666666,-0.054977402091026306,-0.8483571687134883
UBFC_PHYS_s15_T1_test,100,213,107.1,-0.15611083805561066,-0.48808240263404207
UBFC_PHYS_s15_T1_test,100,214,107.13333333333334,-0.2916956841945648,-0.07289202471444453
UBFC_PHYS_s15_T1_test,100,215,107.16666666666667,-0.4031606614589691,0.3441797372785488
UBFC_PHYS_s15_T1_test,100,216,107.2,-0.42098501324653625,0.7190034620957559
UBFC_PHYS_s15_T1_test,100,217,107.23333333333333,-0.3083034157752991,1.0252073812112052
UBFC_PHYS_s15_T1_test,100,218,107.26666666666667,-0.11532530933618546,1.2545174742129461
UBFC_PHYS_s15_T1_test,100,219,107.3,0.04596291109919548,1.4081888410636343
UBFC_PHYS_s15_T1_test,100,220,107.33333333333333,0.11583130061626434,1.4858816651434485
UBFC_PHYS_s15_T1_test,100,221,107.36666666666666,0.11650719493627548,1.4804539630291336
UBFC_PHYS_s15_T1_test,100,222,107.4,0.10604045540094376,1.3813227427367867
UBFC_PHYS_s15_T1_test,100,223,107.43333333333334,0.11984805762767792,1.1818730926335022
UBFC_PHYS_s15_T1_test,100,224,107.46666666666667,0.14869917929172516,0.8852564022008483
UBFC_PHYS_s15_T1_test,100,225,107.5,0.1807173639535904,0.5066261834076137
UBFC_PHYS_s15_T1_test,100,226,107.53333333333333,0.23032817244529724,0.073226692458453
UBFC_PHYS_s15_T1_test,100,227,107.56666666666666,0.2756904661655426,-0.3762382925134846
UBFC_PHYS_s15_T1_test,100,228,107.6,0.2545832097530365,-0.7942377704102421
UBFC_PHYS_s15_T1_test,100,229,107.63333333333334,0.16729599237442017,-1.1315822473543207
UBFC_PHYS_s15_T1_test,100,230,107.66666666666667,0.08203647285699844,-1.348728733374969
UBFC_PHYS_s15_T1_test,100,231,107.7,0.0255122147500515,-1.426774124148398
UBFC_PHYS_s15_T1_test,100,232,107.73333333333333,-0.02591385506093502,-1.3728473932534888
UBFC_PHYS_s15_T1_test,100,233,107.76666666666667,-0.07197137176990509,-1.2174156001044403
UBFC_PHYS_s15_T1_test,100,234,107.8,-0.09105096757411957,-1.0051010101087614
UBFC_PHYS_s15_T1_test,100,235,107.83333333333333,-0.06067424640059471,-0.7829465415548812
UBFC_PHYS_s15_T1_test,100,236,107.86666666666666,0.04088403284549713,-0.5894031238002772
UBFC_PHYS_s15_T1_test,100,237,107.9,0.2179109901189804,-0.44580835625978715
UBFC_PHYS_s15_T1_test,100,238,107.93333333333334,0.4419996440410614,-0.35199948432105144
UBFC_PHYS_s15_T1_test,100,239,107.96666666666667,0.6514117121696472,-0.2879346350855061
UBFC_PHYS_s15_T1_test,101,0,101.0,0.6612797975540161,0.0725967566382138
UBFC_PHYS_s15_T1_test,101,1,101.03333333333333,0.6474528908729553,0.017944389187583117
UBFC_PHYS_s15_T1_test,101,2,101.06666666666666,0.6012022495269775,-0.024400652626050665
UBFC_PHYS_s15_T1_test,101,3,101.1,0.4795987904071808,-0.03610965951898263
UBFC_PHYS_s15_T1_test,101,4,101.13333333333334,0.3019345700740814,0.006384968041581448
UBFC_PHYS_s15_T1_test,101,5,101.16666666666667,0.12983201444149017,0.1242354044226941
UBFC_PHYS_s15_T1_test,101,6,101.2,0.0011220060987398028,0.3241766468797676
UBFC_PHYS_s15_T1_test,101,7,101.23333333333333,-0.09037507325410843,0.5892393997307527
UBFC_PHYS_s15_T1_test,101,8,101.26666666666667,-0.18399639427661896,0.8777468215767275
UBFC_PHYS_s15_T1_test,101,9,101.3,-0.2938199043273926,1.1315041689184064
UBFC_PHYS_s15_T1_test,101,10,101.33333333333333,-0.3448404371738434,1.2903282287736653
UBFC_PHYS_s15_T1_test,101,11,101.36666666666666,-0.2703566551208496,1.3085007045323027
UBFC_PHYS_s15_T1_test,101,12,101.4,-0.11659985035657883,1.1686422314601232
UBFC_PHYS_s15_T1_test,101,13,101.43333333333334,0.019081542268395424,0.8887126235246631
UBFC_PHYS_s15_T1_test,101,14,101.46666666666667,0.07942944765090942,0.5183540975085495
UBFC_PHYS_s15_T1_test,101,15,101.5,0.05847665295004845,0.12375548818235424
UBFC_PHYS_s15_T1_test,101,16,101.53333333333333,-0.00874608289450407,-0.23391106670824643
UBFC_PHYS_s15_T1_test,101,17,101.56666666666666,-0.0677228793501854,-0.5170718584179228
UBFC_PHYS_s15_T1_test,101,18,101.6,-0.08299814164638519,-0.7192660103062665
UBFC_PHYS_s15_T1_test,101,19,101.63333333333334,-0.0654248297214508,-0.8592186972661152
UBFC_PHYS_s15_T1_test,101,20,101.66666666666667,-0.03865933045744896,-0.9652341016864283
UBFC_PHYS_s15_T1_test,101,21,101.7,0.012187397107481956,-1.0572985489936524
UBFC_PHYS_s15_T1_test,101,22,101.73333333333333,0.09070725739002228,-1.134346161433968
UBFC_PHYS_s15_T1_test,101,23,101.76666666666667,0.14479829370975494,-1.1715512863924178
UBFC_PHYS_s15_T1_test,101,24,101.8,0.1336749643087387,-1.128825203247682
UBFC_PHYS_s15_T1_test,101,25,101.83333333333333,0.06282170116901398,-0.9677202348178187
UBFC_PHYS_s15_T1_test,101,26,101.86666666666666,-0.05260211229324341,-0.6704800331782612
UBFC_PHYS_s15_T1_test,101,27,101.9,-0.18530955910682678,-0.25357360421416175
UBFC_PHYS_s15_T1_test,101,28,101.93333333333334,-0.32348212599754333,0.23021291646336958
UBFC_PHYS_s15_T1_test,101,29,101.96666666666667,-0.4796141982078552,0.702805991109174
UBFC_PHYS_s15_T1_test,101,30,102.0,-0.5990740656852722,1.0816148191217596
UBFC_PHYS_s15_T1_test,101,31,102.03333333333333,-0.5748770236968994,1.3026400007693328
UBFC_PHYS_s15_T1_test,101,32,102.06666666666666,-0.4283812642097473,1.3372483393530574
UBFC_PHYS_s15_T1_test,101,33,102.1,-0.2772507965564728,1.1966417260888509
UBFC_PHYS_s15_T1_test,101,34,102.13333333333334,-0.17968995869159698,0.9238285628139952
UBFC_PHYS_s15_T1_test,101,35,102.16666666666667,-0.14313362538814545,0.5778116628155664
UBFC_PHYS_s15_T1_test,101,36,102.2,-0.18519368767738342,0.21585516064299284
UBFC_PHYS_s15_T1_test,101,37,102.23333333333333,-0.27304092049598694,-0.12106703985087644
UBFC_PHYS_s15_T1_test,101,38,102.26666666666667,-0.31923362612724304,-0.4149470225883226
UBFC_PHYS_s15_T1_test,101,39,102.3,-0.2914446294307709,-0.666544488473716
UBFC_PHYS_s15_T1_test,101,40,102.33333333333333,-0.24558022618293762,-0.8819759426214696
UBFC_PHYS_s15_T1_test,101,41,102.36666666666666,-0.24824517965316772,-1.0570522293784992
UBFC_PHYS_s15_T1_test,101,42,102.4,-0.3152554929256439,-1.1684596461694392
UBFC_PHYS_s15_T1_test,101,43,102.43333333333334,-0.40375930070877075,-1.1778150876708857
UBFC_PHYS_s15_T1_test,101,44,102.46666666666667,-0.4652079641819,-1.0475096621711248
UBFC_PHYS_s15_T1_test,101,45,102.5,-0.482047438621521,-0.7607216641103346
UBFC_PHYS_s15_T1_test,101,46,102.53333333333333,-0.4739946126937866,-0.33616320764087926
UBFC_PHYS_s15_T1_test,101,47,102.56666666666666,-0.47704580426216125,0.16912543991211162
UBFC_PHYS_s15_T1_test,101,48,102.6,-0.46825915575027466,0.6707609242073432
UBFC_PHYS_s15_T1_test,101,49,102.63333333333334,-0.36621809005737305,1.0787172373281129
UBFC_PHYS_s15_T1_test,101,50,102.66666666666667,-0.14902357757091522,1.3229692690156887
UBFC_PHYS_s15_T1_test,101,51,102.7,0.11403534561395645,1.3741218900464196
UBFC_PHYS_s15_T1_test,101,52,102.73333333333333,0.35189297795295715,1.2502105722614794
UBFC_PHYS_s15_T1_test,101,53,102.76666666666667,0.5235320925712585,1.0055074120558867
UBFC_PHYS_s15_T1_test,101,54,102.8,0.615511953830719,0.7060414802178424
UBFC_PHYS_s15_T1_test,101,55,102.83333333333333,0.6445754766464233,0.40388704382623153
UBFC_PHYS_s15_T1_test,101,56,102.86666666666666,0.6241440773010254,0.12248164146128454
UBFC_PHYS_s15_T1_test,101,57,102.9,0.5731621980667114,-0.14141383377529088
UBFC_PHYS_s15_T1_test,101,58,102.93333333333334,0.5340374112129211,-0.40256644529734403
UBFC_PHYS_s15_T1_test,101,59,102.96666666666667,0.5176228284835815,-0.6684237733216419
UBFC_PHYS_s15_T1_test,101,60,103.0,0.4871881604194641,-0.9260131649751945
UBFC_PHYS_s15_T1_test,101,61,103.03333333333333,0.4259133040904999,-1.1397025847043165
UBFC_PHYS_s15_T1_test,101,62,103.06666666666666,0.3636728823184967,-1.2599386945068904
UBFC_PHYS_s15_T1_test,101,63,103.1,0.31327033042907715,-1.239344827992382
UBFC_PHYS_s15_T1_test,101,64,103.13333333333334,0.24328607320785522,-1.0505637782523665
UBFC_PHYS_s15_T1_test,101,65,103.16666666666667,0.1185348853468895,-0.6998337671171823
UBFC_PHYS_s15_T1_test,101,66,103.2,-0.05524776130914688,-0.23126830180443445
UBFC_PHYS_s15_T1_test,101,67,103.23333333333333,-0.22594060003757477,0.2807696393313502
UBFC_PHYS_s15_T1_test,101,68,103.26666666666667,-0.32363662123680115,0.7500173360564742
UBFC_PHYS_s15_T1_test,101,69,103.3,-0.3097517788410187,1.1017428893205463
UBFC_PHYS_s15_T1_test,101,70,103.33333333333333,-0.22269628942012787,1.2923223846892715
UBFC_PHYS_s15_T1_test,101,71,103.36666666666666,-0.1428825706243515,1.3168485323022852
UBFC_PHYS_s15_T1_test,101,72,103.4,-0.10402818024158478,1.20242246477417
UBFC_PHYS_s15_T1_test,101,73,103.43333333333334,-0.08097045123577118,0.9916745901349252
UBFC_PHYS_s15_T1_test,101,74,103.46666666666667,-0.05157861113548279,0.724615835325913
UBFC_PHYS_s15_T1_test,101,75,103.5,-0.019734229892492294,0.4262510212456717
UBFC_PHYS_s15_T1_test,101,76,103.53333333333333,0.016764182597398758,0.1040352573666738
UBFC_PHYS_s15_T1_test,101,77,103.56666666666666,0.07006344944238663,-0.24476927036192642
UBFC_PHYS_s15_T1_test,101,78,103.6,0.13807794451713562,-0.6191298192219913
UBFC_PHYS_s15_T1_test,101,79,103.63333333333334,0.19869621098041534,-0.9996508632208303
UBFC_PHYS_s15_T1_test,101,80,103.66666666666667,0.22098147869110107,-1.340965137959794
UBFC_PHYS_s15_T1_test,101,81,103.7,0.19265176355838776,-1.5770818066415453
UBFC_PHYS_s15_T1_test,101,82,103.73333333333333,0.13925594091415405,-1.6398135882088924
UBFC_PHYS_s15_T1_test,101,83,103.76666666666667,0.09565096348524094,-1.483489775618781
UBFC_PHYS_s15_T1_test,101,84,103.8,0.06004086881875992,-1.1054791910026298
UBFC_PHYS_s15_T1_test,101,85,103.83333333333333,0.0016047892859205604,-0.5535882363756243
UBFC_PHYS_s15_T1_test,101,86,103.86666666666666,-0.09271173924207687,0.08281148013362512
UBFC_PHYS_s15_T1_test,101,87,103.9,-0.17627185583114624,0.6946573420562865
UBFC_PHYS_s15_T1_test,101,88,103.93333333333334,-0.1652837097644806,1.1809746615663406
UBFC_PHYS_s15_T1_test,101,89,103.96666666666667,-0.02977612055838108,1.474255058485309
UBFC_PHYS_s15_T1_test,101,90,104.0,0.15783344209194183,1.55554178806517
UBFC_PHYS_s15_T1_test,101,91,104.03333333333333,0.30794039368629456,1.4537145171040164
UBFC_PHYS_s15_T1_test,101,92,104.06666666666666,0.41538864374160767,1.2284246710199966
UBFC_PHYS_s15_T1_test,101,93,104.1,0.5144171118736267,0.9430405092794987
UBFC_PHYS_s15_T1_test,101,94,104.13333333333334,0.6180030703544617,0.6399464215970931
UBFC_PHYS_s15_T1_test,101,95,104.16666666666667,0.7180550694465637,0.3304492905303912
UBFC_PHYS_s15_T1_test,101,96,104.2,0.8084321022033691,0.0034051455719926907
UBFC_PHYS_s15_T1_test,101,97,104.23333333333333,0.8830704092979431,-0.35383366768476304
UBFC_PHYS_s15_T1_test,101,98,104.26666666666667,0.9254007935523987,-0.7342318156930779
UBFC_PHYS_s15_T1_test,101,99,104.3,0.9158416986465454,-1.1005012427271272
UBFC_PHYS_s15_T1_test,101,100,104.33333333333333,0.8537171483039856,-1.3899469184860145
UBFC_PHYS_s15_T1_test,101,101,104.36666666666666,0.7414025068283081,-1.5324382346381977
UBFC_PHYS_s15_T1_test,101,102,104.4,0.5707868933677673,-1.4743809443897828
UBFC_PHYS_s15_T1_test,101,103,104.43333333333334,0.35874849557876587,-1.1999003125424015
UBFC_PHYS_s15_T1_test,101,104,104.46666666666667,0.1640709936618805,-0.7414809131425392
UBFC_PHYS_s15_T1_test,101,105,104.5,0.016184842213988304,-0.1755314014279934
UBFC_PHYS_s15_T1_test,101,106,104.53333333333333,-0.15603359043598175,0.3968355548870851
UBFC_PHYS_s15_T1_test,101,107,104.56666666666666,-0.4436371922492981,0.878025285462609
UBFC_PHYS_s15_T1_test,101,108,104.6,-0.8068832755088806,1.2010057577580793
UBFC_PHYS_s15_T1_test,101,109,104.63333333333334,-1.0608272552490234,1.344423497795308
UBFC_PHYS_s15_T1_test,101,110,104.66666666666667,-1.0609045028686523,1.3297925094007546
UBFC_PHYS_s15_T1_test,101,111,104.7,-0.8853259086608887,1.2031277471804736
UBFC_PHYS_s15_T1_test,101,112,104.73333333333333,-0.7340216636657715,1.0111002782101848
UBFC_PHYS_s15_T1_test,101,113,104.76666666666667,-0.6771690845489502,0.7835769388648793
UBFC_PHYS_s15_T1_test,101,114,104.8,-0.6234063506126404,0.5287329518336112
UBFC_PHYS_s15_T1_test,101,115,104.83333333333333,-0.5314844250679016,0.23934396355833112
UBFC_PHYS_s15_T1_test,101,116,104.86666666666666,-0.4472484290599823,-0.09471260336362107
UBFC_PHYS_s15_T1_test,101,117,104.9,-0.37110385298728943,-0.47271053460403717
UBFC_PHYS_s15_T1_test,101,118,104.93333333333334,-0.2640611529350281,-0.8724415643604702
UBFC_PHYS_s15_T1_test,101,119,104.96666666666667,-0.16128626465797424,-1.2466613326514286
UBFC_PHYS_s15_T1_test,101,120,105.0,-0.12720178067684174,-1.5295158838107168
UBFC_PHYS_s15_T1_test,101,121,105.03333333333333,-0.13759127259254456,-1.6529297264093437
UBFC_PHYS_s15_T1_test,101,122,105.06666666666666,-0.12604309618473053,-1.5683565808930735
UBFC_PHYS_s15_T1_test,101,123,105.1,-0.10107354819774628,-1.2657924065670032
UBFC_PHYS_s15_T1_test,101,124,105.13333333333334,-0.1085856556892395,-0.7822075501590917
UBFC_PHYS_s15_T1_test,101,125,105.16666666666667,-0.1642795205116272,-0.19549071023550904
UBFC_PHYS_s15_T1_test,101,126,105.2,-0.2535558044910431,0.39445338377918115
UBFC_PHYS_s15_T1_test,101,127,105.23333333333333,-0.3320370316505432,0.8912871552307912
UBFC_PHYS_s15_T1_test,101,128,105.26666666666667,-0.31382644176483154,1.226515043584603
UBFC_PHYS_s15_T1_test,101,129,105.3,-0.1430177539587021,1.374904350639346
UBFC_PHYS_s15_T1_test,101,130,105.33333333333333,0.10183058679103851,1.3555468172761187
UBFC_PHYS_s15_T1_test,101,131,105.36666666666666,0.27934032678604126,1.2175059964950852
UBFC_PHYS_s15_T1_test,101,132,105.4,0.3304767310619354,1.0156515457578426
UBFC_PHYS_s15_T1_test,101,133,105.43333333333334,0.2934955358505249,0.7876851821568053
UBFC_PHYS_s15_T1_test,101,134,105.46666666666667,0.2190503478050232,0.5435408595487685
UBFC_PHYS_s15_T1_test,101,135,105.5,0.14132225513458252,0.27197273427127916
UBFC_PHYS_s15_T1_test,101,136,105.53333333333333,0.09246458858251572,-0.040855596294894776
UBFC_PHYS_s15_T1_test,101,137,105.56666666666666,0.08221027255058289,-0.3923802160074888
UBFC_PHYS_s15_T1_test,101,138,105.6,0.09248390048742294,-0.7539417531988223
UBFC_PHYS_s15_T1_test,101,139,105.63333333333334,0.09020516276359558,-1.0734916487007555
UBFC_PHYS_s15_T1_test,101,140,105.66666666666667,0.055290281772613525,-1.2884653957613466
UBFC_PHYS_s15_T1_test,101,141,105.7,0.010101773776113987,-1.3440174454462215
UBFC_PHYS_s15_T1_test,101,142,105.73333333333333,-0.012878707610070705,-1.21095350096426
UBFC_PHYS_s15_T1_test,101,143,105.76666666666667,-0.03408254683017731,-0.8978340966592636
UBFC_PHYS_s15_T1_test,101,144,105.8,-0.10541859269142151,-0.45282733048383605
UBFC_PHYS_s15_T1_test,101,145,105.83333333333333,-0.22752413153648376,0.04654194991956824
UBFC_PHYS_s15_T1_test,101,146,105.86666666666666,-0.33804285526275635,0.5135199861585517
UBFC_PHYS_s15_T1_test,101,147,105.9,-0.358705997467041,0.8756416084765376
UBFC_PHYS_s15_T1_test,101,148,105.93333333333334,-0.2573794424533844,1.092838351567032
UBFC_PHYS_s15_T1_test,101,149,105.96666666666667,-0.08147254586219788,1.162920439543241
UBFC_PHYS_s15_T1_test,101,150,106.0,0.08831265568733215,1.1127917663710631
UBFC_PHYS_s15_T1_test,101,151,106.03333333333333,0.1993914246559143,0.9804553398727622
UBFC_PHYS_s15_T1_test,101,152,106.06666666666666,0.2358512133359909,0.796914380605797
UBFC_PHYS_s15_T1_test,101,153,106.1,0.21310245990753174,0.5762187024191419
UBFC_PHYS_s15_T1_test,101,154,106.13333333333334,0.17405495047569275,0.31675655656128465
UBFC_PHYS_s15_T1_test,101,155,106.16666666666667,0.13601163029670715,0.011292148835279915
UBFC_PHYS_s15_T1_test,101,156,106.2,0.09219422936439514,-0.3394629707191898
UBFC_PHYS_s15_T1_test,101,157,106.23333333333333,0.06286032497882843,-0.7153562029432011
UBFC_PHYS_s15_T1_test,101,158,106.26666666666667,0.06131541728973389,-1.072594314935007
UBFC_PHYS_s15_T1_test,101,159,106.3,0.048280272632837296,-1.3501137644761592
UBFC_PHYS_s15_T1_test,101,160,106.33333333333333,-0.0109475739300251,-1.4855893799685764
UBFC_PHYS_s15_T1_test,101,161,106.36666666666666,-0.10561170428991318,-1.4354491693714848
UBFC_PHYS_s15_T1_test,101,162,106.4,-0.20494918525218964,-1.1908278496100928
UBFC_PHYS_s15_T1_test,101,163,106.43333333333334,-0.2990919053554535,-0.7829795638826333
UBFC_PHYS_s15_T1_test,101,164,106.46666666666667,-0.41017067432403564,-0.2766199588535626
UBFC_PHYS_s15_T1_test,101,165,106.5,-0.5327396988868713,0.2456893593646602
UBFC_PHYS_s15_T1_test,101,166,106.53333333333333,-0.5689484477043152,0.7034010281485698
UBFC_PHYS_s15_T1_test,101,167,106.56666666666666,-0.43626028299331665,1.0371504090085804
UBFC_PHYS_s15_T1_test,101,168,106.6,-0.186468243598938,1.2214790025483087
UBFC_PHYS_s15_T1_test,101,169,106.63333333333334,0.05237427353858948,1.265769262464218
UBFC_PHYS_s15_T1_test,101,170,106.66666666666667,0.20582209527492523,1.2020011306281912
UBFC_PHYS_s15_T1_test,101,171,106.7,0.27787265181541443,1.0645401437454989
UBFC_PHYS_s15_T1_test,101,172,106.73333333333333,0.2991730570793152,0.8726875676806359
UBFC_PHYS_s15_T1_test,101,173,106.76666666666667,0.290965735912323,0.6262220135421233
UBFC_PHYS_s15_T1_test,101,174,106.8,0.2633891701698303,0.31623510011316475
UBFC_PHYS_s15_T1_test,101,175,106.83333333333333,0.22803011536598206,-0.056104154699234604
UBFC_PHYS_s15_T1_test,101,176,106.86666666666666,0.2154584378004074,-0.46463389968081
UBFC_PHYS_s15_T1_test,101,177,106.9,0.24560342729091644,-0.8560417817244393
UBFC_PHYS_s15_T1_test,101,178,106.93333333333334,0.270495742559433,-1.1618033701683577
UBFC_PHYS_s15_T1_test,101,179,106.96666666666667,0.21462805569171906,-1.318464708617539
UBFC_PHYS_s15_T1_test,101,180,107.0,0.09816143661737442,-1.2878757076899716
UBFC_PHYS_s15_T1_test,101,181,107.03333333333333,0.009715547785162926,-1.0703281070582047
UBFC_PHYS_s15_T1_test,101,182,107.06666666666666,-0.054977402091026306,-0.7065044112073829
UBFC_PHYS_s15_T1_test,101,183,107.1,-0.15611083805561066,-0.26747261423456997
UBFC_PHYS_s15_T1_test,101,184,107.13333333333334,-0.2916956841945648,0.16467239237497394
UBFC_PHYS_s15_T1_test,101,185,107.16666666666667,-0.4031606614589691,0.519754656382232
UBFC_PHYS_s15_T1_test,101,186,107.2,-0.42098501324653625,0.7581162030760932
UBFC_PHYS_s15_T1_test,101,187,107.23333333333333,-0.3083034157752991,0.8774458480139834
UBFC_PHYS_s15_T1_test,101,188,107.26666666666667,-0.11532530933618546,0.9046667745743584
UBFC_PHYS_s15_T1_test,101,189,107.3,0.04596291109919548,0.8766603544489848
UBFC_PHYS_s15_T1_test,101,190,107.33333333333333,0.11583130061626434,0.8198591539162419
UBFC_PHYS_s15_T1_test,101,191,107.36666666666666,0.11650719493627548,0.739286554671636
UBFC_PHYS_s15_T1_test,101,192,107.4,0.10604045540094376,0.6209598580605913
UBFC_PHYS_s15_T1_test,101,193,107.43333333333334,0.11984805762767792,0.44365765372076416
UBFC_PHYS_s15_T1_test,101,194,107.46666666666667,0.14869917929172516,0.19315174533784435
UBFC_PHYS_s15_T1_test,101,195,107.5,0.1807173639535904,-0.12643230368719618
UBFC_PHYS_s15_T1_test,101,196,107.53333333333333,0.23032817244529724,-0.48704755335587047
UBFC_PHYS_s15_T1_test,101,197,107.56666666666666,0.2756904661655426,-0.8383915771933935
UBFC_PHYS_s15_T1_test,101,198,107.6,0.2545832097530365,-1.1173947355890874
UBFC_PHYS_s15_T1_test,101,199,107.63333333333334,0.16729599237442017,-1.264271662875061
UBFC_PHYS_s15_T1_test,101,200,107.66666666666667,0.08203647285699844,-1.2405312750677697
UBFC_PHYS_s15_T1_test,101,201,107.7,0.0255122147500515,-1.0420750760376876
UBFC_PHYS_s15_T1_test,101,202,107.73333333333333,-0.02591385506093502,-0.7018683495219916
UBFC_PHYS_s15_T1_test,101,203,107.76666666666667,-0.07197137176990509,-0.280916447073751
UBFC_PHYS_s15_T1_test,101,204,107.8,-0.09105096757411957,0.1490504805847182
UBFC_PHYS_s15_T1_test,101,205,107.83333333333333,-0.06067424640059471,0.5247725971224095
UBFC_PHYS_s15_T1_test,101,206,107.86666666666666,0.04088403284549713,0.805838832476515
UBFC_PHYS_s15_T1_test,101,207,107.9,0.2179109901189804,0.9797395079324024
UBFC_PHYS_s15_T1_test,101,208,107.93333333333334,0.4419996440410614,1.0566894629900925
UBFC_PHYS_s15_T1_test,101,209,107.96666666666667,0.6514117121696472,1.0571323430275532
UBFC_PHYS_s15_T1_test,101,210,108.0,0.7777270674705505,0.997682749081558
UBFC_PHYS_s15_T1_test,101,211,108.03333333333333,0.8144765496253967,0.882139000308314
UBFC_PHYS_s15_T1_test,101,212,108.06666666666666,0.8187443614006042,0.7023536760498402
UBFC_PHYS_s15_T1_test,101,213,108.1,0.7967873811721802,0.44885205577093207
UBFC_PHYS_s15_T1_test,101,214,108.13333333333334,0.7064103484153748,0.12491699171840893
UBFC_PHYS_s15_T1_test,101,215,108.16666666666667,0.5267763733863831,-0.24479877912961298
UBFC_PHYS_s15_T1_test,101,216,108.2,0.2764243185520172,-0.6163583149398314
UBFC_PHYS_s15_T1_test,101,217,108.23333333333333,0.025531524792313576,-0.9378493246643766
UBFC_PHYS_s15_T1_test,101,218,108.26666666666667,-0.13428902626037598,-1.1639492764607466
UBFC_PHYS_s15_T1_test,101,219,108.3,-0.23449552059173584,-1.2674416230038352
UBFC_PHYS_s15_T1_test,101,220,108.33333333333333,-0.4159061312675476,-1.2441879877659052
UBFC_PHYS_s15_T1_test,101,221,108.36666666666666,-0.6776711940765381,-1.111468179582269
UBFC_PHYS_s15_T1_test,101,222,108.4,-0.8305783271789551,-0.9014869469818293
UBFC_PHYS_s15_T1_test,101,223,108.43333333333334,-0.7661557197570801,-0.6522010160444319
UBFC_PHYS_s15_T1_test,101,224,108.46666666666667,-0.5612045526504517,-0.39757183306069893
UBFC_PHYS_s15_T1_test,101,225,108.5,-0.27464377880096436,-0.15976828571505167
UBFC_PHYS_s15_T1_test,101,226,108.53333333333333,0.15171174705028534,0.053619379042384244
UBFC_PHYS_s15_T1_test,101,227,108.56666666666666,0.7051358222961426,0.24555548046112144
UBFC_PHYS_s15_T1_test,101,228,108.6,1.2315819263458252,0.4206991237443523
UBFC_PHYS_s15_T1_test,101,229,108.63333333333334,1.5644127130508423,0.5771389509162393
UBFC_PHYS_s15_T1_test,101,230,108.66666666666667,1.6479921340942383,0.7040388168664747
UBFC_PHYS_s15_T1_test,101,231,108.7,1.5457000732421875,0.7865355080751932
UBFC_PHYS_s15_T1_test,101,232,108.73333333333333,1.369117259979248,0.8140255108031006
UBFC_PHYS_s15_T1_test,101,233,108.76666666666667,1.2162680625915527,0.7859379848394012
UBFC_PHYS_s15_T1_test,101,234,108.8,1.1623507738113403,0.7121106266265106
UBFC_PHYS_s15_T1_test,101,235,108.83333333333333,1.2432266473770142,0.6090836237773058
UBFC_PHYS_s15_T1_test,101,236,108.86666666666666,1.407508134841919,0.4948106319903696
UBFC_PHYS_s15_T1_test,101,237,108.9,1.5664403438568115,0.3834410043158893
UBFC_PHYS_s15_T1_test,101,238,108.93333333333334,1.701252818107605,0.28151536283162576
UBFC_PHYS_s15_T1_test,101,239,108.96666666666667,1.8352926969528198,0.18705296503447066
UBFC_PHYS_s15_T1_test,102,0,102.0,-0.5990740656852722,-0.168855068570107
UBFC_PHYS_s15_T1_test,102,1,102.03333333333333,-0.5748770236968994,0.03603187942234104
UBFC_PHYS_s15_T1_test,102,2,102.06666666666666,-0.4283812642097473,0.1745226990942475
UBFC_PHYS_s15_T1_test,102,3,102.1,-0.2772507965564728,0.19810162681262655
UBFC_PHYS_s15_T1_test,102,4,102.13333333333334,-0.17968995869159698,0.09719186048230857
UBFC_PHYS_s15_T1_test,102,5,102.16666666666667,-0.14313362538814545,-0.0996911294602546
UBFC_PHYS_s15_T1_test,102,6,102.2,-0.18519368767738342,-0.3416007566027382
UBFC_PHYS_s15_T1_test,102,7,102.23333333333333,-0.27304092049598694,-0.5772573996468335
UBFC_PHYS_s15_T1_test,102,8,102.26666666666667,-0.31923362612724304,-0.7723003843497749
UBFC_PHYS_s15_T1_test,102,9,102.3,-0.2914446294307709,-0.9137437900567482
UBFC_PHYS_s15_T1_test,102,10,102.33333333333333,-0.24558022618293762,-1.0012940979123603
UBFC_PHYS_s15_T1_test,102,11,102.36666666666666,-0.24824517965316772,-1.0326423271616891
UBFC_PHYS_s15_T1_test,102,12,102.4,-0.3152554929256439,-0.9929347900297264
UBFC_PHYS_s15_T1_test,102,13,102.43333333333334,-0.40375930070877075,-0.8559448016139009
UBFC_PHYS_s15_T1_test,102,14,102.46666666666667,-0.4652079641819,-0.5975945722610112
UBFC_PHYS_s15_T1_test,102,15,102.5,-0.482047438621521,-0.21523258832601955
UBFC_PHYS_s15_T1_test,102,16,102.53333333333333,-0.4739946126937866,0.2576976619412421
UBFC_PHYS_s15_T1_test,102,17,102.56666666666666,-0.47704580426216125,0.75057349104395
UBFC_PHYS_s15_T1_test,102,18,102.6,-0.46825915575027466,1.171213903631021
UBFC_PHYS_s15_T1_test,102,19,102.63333333333334,-0.36621809005737305,1.4336007602657213
UBFC_PHYS_s15_T1_test,102,20,102.66666666666667,-0.14902357757091522,1.486914235096342
UBFC_PHYS_s15_T1_test,102,21,102.7,0.11403534561395645,1.3333739875364428
UBFC_PHYS_s15_T1_test,102,22,102.73333333333333,0.35189297795295715,1.0263857908983993
UBFC_PHYS_s15_T1_test,102,23,102.76666666666667,0.5235320925712585,0.649079447503974
UBFC_PHYS_s15_T1_test,102,24,102.8,0.615511953830719,0.2828048316158636
UBFC_PHYS_s15_T1_test,102,25,102.83333333333333,0.6445754766464233,-0.01995861128206731
UBFC_PHYS_s15_T1_test,102,26,102.86666666666666,0.6241440773010254,-0.2468245519794824
UBFC_PHYS_s15_T1_test,102,27,102.9,0.5731621980667114,-0.4180444707229139
UBFC_PHYS_s15_T1_test,102,28,102.93333333333334,0.5340374112129211,-0.5665585031682692
UBFC_PHYS_s15_T1_test,102,29,102.96666666666667,0.5176228284835815,-0.7162164090497186
UBFC_PHYS_s15_T1_test,102,30,103.0,0.4871881604194641,-0.8671217990409023
UBFC_PHYS_s15_T1_test,102,31,103.03333333333333,0.4259133040904999,-0.9922261159300082
UBFC_PHYS_s15_T1_test,102,32,103.06666666666666,0.3636728823184967,-1.0452100614860984
UBFC_PHYS_s15_T1_test,102,33,103.1,0.31327033042907715,-0.9769499128434433
UBFC_PHYS_s15_T1_test,102,34,103.13333333333334,0.24328607320785522,-0.7556386537471158
UBFC_PHYS_s15_T1_test,102,35,103.16666666666667,0.1185348853468895,-0.3840594264757468
UBFC_PHYS_s15_T1_test,102,36,103.2,-0.05524776130914688,0.09262329248465612
UBFC_PHYS_s15_T1_test,102,37,103.23333333333333,-0.22594060003757477,0.5932211362555524
UBFC_PHYS_s15_T1_test,102,38,103.26666666666667,-0.32363662123680115,1.0213246142906338
UBFC_PHYS_s15_T1_test,102,39,103.3,-0.3097517788410187,1.2944265716769146
UBFC_PHYS_s15_T1_test,102,40,103.33333333333333,-0.22269628942012787,1.3693799067771877
UBFC_PHYS_s15_T1_test,102,41,103.36666666666666,-0.1428825706243515,1.252396460399113
UBFC_PHYS_s15_T1_test,102,42,103.4,-0.10402818024158478,0.9901259029708614
UBFC_PHYS_s15_T1_test,102,43,103.43333333333334,-0.08097045123577118,0.6483255181282306
UBFC_PHYS_s15_T1_test,102,44,103.46666666666667,-0.05157861113548279,0.2888013931319244
UBFC_PHYS_s15_T1_test,102,45,103.5,-0.019734229892492294,-0.046766356226548386
UBFC_PHYS_s15_T1_test,102,46,103.53333333333333,0.016764182597398758,-0.34222739106751354
UBFC_PHYS_s15_T1_test,102,47,103.56666666666666,0.07006344944238663,-0.601924682687969
UBFC_PHYS_s15_T1_test,102,48,103.6,0.13807794451713562,-0.8379804249235854
UBFC_PHYS_s15_T1_test,102,49,103.63333333333334,0.19869621098041534,-1.054429365582673
UBFC_PHYS_s15_T1_test,102,50,103.66666666666667,0.22098147869110107,-1.2346557052855263
UBFC_PHYS_s15_T1_test,102,51,103.7,0.19265176355838776,-1.3388069278828691
UBFC_PHYS_s15_T1_test,102,52,103.73333333333333,0.13925594091415405,-1.3144589113832938
UBFC_PHYS_s15_T1_test,102,53,103.76666666666667,0.09565096348524094,-1.1177875324393596
UBFC_PHYS_s15_T1_test,102,54,103.8,0.06004086881875992,-0.7368259863708049
UBFC_PHYS_s15_T1_test,102,55,103.83333333333333,0.0016047892859205604,-0.20629441898502118
UBFC_PHYS_s15_T1_test,102,56,103.86666666666666,-0.09271173924207687,0.3935029262155698
UBFC_PHYS_s15_T1_test,102,57,103.9,-0.17627185583114624,0.9548082878882654
UBFC_PHYS_s15_T1_test,102,58,103.93333333333334,-0.1652837097644806,1.37197787042199
UBFC_PHYS_s15_T1_test,102,59,103.96666666666667,-0.02977612055838108,1.5723173863084647
UBFC_PHYS_s15_T1_test,102,60,104.0,0.15783344209194183,1.536977642289289
UBFC_PHYS_s15_T1_test,102,61,104.03333333333333,0.30794039368629456,1.3037249173993197
UBFC_PHYS_s15_T1_test,102,62,104.06666666666666,0.41538864374160767,0.9498878482278719
UBFC_PHYS_s15_T1_test,102,63,104.1,0.5144171118736267,0.5619227260908268
UBFC_PHYS_s15_T1_test,102,64,104.13333333333334,0.6180030703544617,0.2046049222196001
UBFC_PHYS_s15_T1_test,102,65,104.16666666666667,0.7180550694465637,-0.09642953733854788
UBFC_PHYS_s15_T1_test,102,66,104.2,0.8084321022033691,-0.35185458594048835
UBFC_PHYS_s15_T1_test,102,67,104.23333333333333,0.8830704092979431,-0.5889751936889787
UBFC_PHYS_s15_T1_test,102,68,104.26666666666667,0.9254007935523987,-0.8265406872230424
UBFC_PHYS_s15_T1_test,102,69,104.3,0.9158416986465454,-1.0567651041734727
UBFC_PHYS_s15_T1_test,102,70,104.33333333333333,0.8537171483039856,-1.2420004061207162
UBFC_PHYS_s15_T1_test,102,71,104.36666666666666,0.7414025068283081,-1.326007599075496
UBFC_PHYS_s15_T1_test,102,72,104.4,0.5707868933677673,-1.254634223807034
UBFC_PHYS_s15_T1_test,102,73,104.43333333333334,0.35874849557876587,-0.9985465177498238
UBFC_PHYS_s15_T1_test,102,74,104.46666666666667,0.1640709936618805,-0.5702515560222029
UBFC_PHYS_s15_T1_test,102,75,104.5,0.016184842213988304,-0.02869514514320663
UBFC_PHYS_s15_T1_test,102,76,104.53333333333333,-0.15603359043598175,0.5322327568180739
UBFC_PHYS_s15_T1_test,102,77,104.56666666666666,-0.4436371922492981,1.0093145544292128
UBFC_PHYS_s15_T1_test,102,78,104.6,-0.8068832755088806,1.3208215862943122
UBFC_PHYS_s15_T1_test,102,79,104.63333333333334,-1.0608272552490234,1.4297332829197065
UBFC_PHYS_s15_T1_test,102,80,104.66666666666667,-1.0609045028686523,1.3493793302759547
UBFC_PHYS_s15_T1_test,102,81,104.7,-0.8853259086608887,1.1300526235647654
UBFC_PHYS_s15_T1_test,102,82,104.73333333333333,-0.7340216636657715,0.8346752955466923
UBFC_PHYS_s15_T1_test,102,83,104.76666666666667,-0.6771690845489502,0.5159392052192208
UBFC_PHYS_s15_T1_test,102,84,104.8,-0.6234063506126404,0.20377737533049217
UBFC_PHYS_s15_T1_test,102,85,104.83333333333333,-0.5314844250679016,-0.09494654337909329
UBFC_PHYS_s15_T1_test,102,86,104.86666666666666,-0.4472484290599823,-0.3873195892600198
UBFC_PHYS_s15_T1_test,102,87,104.9,-0.37110385298728943,-0.680357596364847
UBFC_PHYS_s15_T1_test,102,88,104.93333333333334,-0.2640611529350281,-0.9672080895062498
UBFC_PHYS_s15_T1_test,102,89,104.96666666666667,-0.16128626465797424,-1.2188366824985801
UBFC_PHYS_s15_T1_test,102,90,105.0,-0.12720178067684174,-1.3856063426618068
UBFC_PHYS_s15_T1_test,102,91,105.03333333333333,-0.13759127259254456,-1.4103089915927438
UBFC_PHYS_s15_T1_test,102,92,105.06666666666666,-0.12604309618473053,-1.2493522510613295
UBFC_PHYS_s15_T1_test,102,93,105.1,-0.10107354819774628,-0.8941628961383703
UBFC_PHYS_s15_T1_test,102,94,105.13333333333334,-0.1085856556892395,-0.38327118200244936
UBFC_PHYS_s15_T1_test,102,95,105.16666666666667,-0.1642795205116272,0.20156143497202772
UBFC_PHYS_s15_T1_test,102,96,105.2,-0.2535558044910431,0.7552648661045362
UBFC_PHYS_s15_T1_test,102,97,105.23333333333333,-0.3320370316505432,1.1787036005269054
UBFC_PHYS_s15_T1_test,102,98,105.26666666666667,-0.31382644176483154,1.4067932508665846
UBFC_PHYS_s15_T1_test,102,99,105.3,-0.1430177539587021,1.425356876706819
UBFC_PHYS_s15_T1_test,102,100,105.33333333333333,0.10183058679103851,1.2703549375875713
UBFC_PHYS_s15_T1_test,102,101,105.36666666666666,0.27934032678604126,1.0095487730326234
UBFC_PHYS_s15_T1_test,102,102,105.4,0.3304767310619354,0.7139768865735213
UBFC_PHYS_s15_T1_test,102,103,105.43333333333334,0.2934955358505249,0.43155655222409733
UBFC_PHYS_s15_T1_test,102,104,105.46666666666667,0.2190503478050232,0.1746433575769594
UBFC_PHYS_s15_T1_test,102,105,105.5,0.14132225513458252,-0.07337242175558467
UBFC_PHYS_s15_T1_test,102,106,105.53333333333333,0.09246458858251572,-0.3375394165900771
UBFC_PHYS_s15_T1_test,102,107,105.56666666666666,0.08221027255058289,-0.6287927664121632
UBFC_PHYS_s15_T1_test,102,108,105.6,0.09248390048742294,-0.9301003392650048
UBFC_PHYS_s15_T1_test,102,109,105.63333333333334,0.09020516276359558,-1.1959193172839502
UBFC_PHYS_s15_T1_test,102,110,105.66666666666667,0.055290281772613525,-1.3639293065816707
UBFC_PHYS_s15_T1_test,102,111,105.7,0.010101773776113987,-1.3746224087330874
UBFC_PHYS_s15_T1_test,102,112,105.73333333333333,-0.012878707610070705,-1.192646091587083
UBFC_PHYS_s15_T1_test,102,113,105.76666666666667,-0.03408254683017731,-0.8231666943568959
UBFC_PHYS_s15_T1_test,102,114,105.8,-0.10541859269142151,-0.3170023840016227
UBFC_PHYS_s15_T1_test,102,115,105.83333333333333,-0.22752413153648376,0.239112278729679
UBFC_PHYS_s15_T1_test,102,116,105.86666666666666,-0.33804285526275635,0.7455822972590203
UBFC_PHYS_s15_T1_test,102,117,105.9,-0.358705997467041,1.1186609090849013
UBFC_PHYS_s15_T1_test,102,118,105.93333333333334,-0.2573794424533844,1.3132700143156133
UBFC_PHYS_s15_T1_test,102,119,105.96666666666667,-0.08147254586219788,1.3302231428234719
UBFC_PHYS_s15_T1_test,102,120,106.0,0.08831265568733215,1.2059876169214085
UBFC_PHYS_s15_T1_test,102,121,106.03333333333333,0.1993914246559143,0.991742627558151
UBFC_PHYS_s15_T1_test,102,122,106.06666666666666,0.2358512133359909,0.7322237940135823
UBFC_PHYS_s15_T1_test,102,123,106.1,0.21310245990753174,0.45287332897050386
UBFC_PHYS_s15_T1_test,102,124,106.13333333333334,0.17405495047569275,0.15868001217109334
UBFC_PHYS_s15_T1_test,102,125,106.16666666666667,0.13601163029670715,-0.15692786986379748
UBFC_PHYS_s15_T1_test,102,126,106.2,0.09219422936439514,-0.497645057393339
UBFC_PHYS_s15_T1_test,102,127,106.23333333333333,0.06286032497882843,-0.8500575490829506
UBFC_PHYS_s15_T1_test,102,128,106.26666666666667,0.06131541728973389,-1.1758233602193782
UBFC_PHYS_s15_T1_test,102,129,106.3,0.048280272632837296,-1.415099586633369
UBFC_PHYS_s15_T1_test,102,130,106.33333333333333,-0.0109475739300251,-1.50195873392544
UBFC_PHYS_s15_T1_test,102,131,106.36666666666666,-0.10561170428991318,-1.3871764946173952
UBFC_PHYS_s15_T1_test,102,132,106.4,-0.20494918525218964,-1.0597493188612153
UBFC_PHYS_s15_T1_test,102,133,106.43333333333334,-0.2990919053554535,-0.5579205207467324
UBFC_PHYS_s15_T1_test,102,134,106.46666666666667,-0.41017067432403564,0.035976060571378844
UBFC_PHYS_s15_T1_test,102,135,106.5,-0.5327396988868713,0.6162561512828574
UBFC_PHYS_s15_T1_test,102,136,106.53333333333333,-0.5689484477043152,1.0831985330872116
UBFC_PHYS_s15_T1_test,102,137,106.56666666666666,-0.43626028299331665,1.370211421976042
UBFC_PHYS_s15_T1_test,102,138,106.6,-0.186468243598938,1.4588320611830339
UBFC_PHYS_s15_T1_test,102,139,106.63333333333334,0.05237427353858948,1.3762244150213967
UBFC_PHYS_s15_T1_test,102,140,106.66666666666667,0.20582209527492523,1.176696613548671
UBFC_PHYS_s15_T1_test,102,141,106.7,0.27787265181541443,0.9156195185324592
UBFC_PHYS_s15_T1_test,102,142,106.73333333333333,0.2991730570793152,0.6281588158194551
UBFC_PHYS_s15_T1_test,102,143,106.76666666666667,0.290965735912323,0.32299383835520756
UBFC_PHYS_s15_T1_test,102,144,106.8,0.2633891701698303,-0.007483832219789353
UBFC_PHYS_s15_T1_test,102,145,106.83333333333333,0.22803011536598206,-0.3681688105317834
UBFC_PHYS_s15_T1_test,102,146,106.86666666666666,0.2154584378004074,-0.7445630585141026
UBFC_PHYS_s15_T1_test,102,147,106.9,0.24560342729091644,-1.0967442993660825
UBFC_PHYS_s15_T1_test,102,148,106.93333333333334,0.270495742559433,-1.3663444329491847
UBFC_PHYS_s15_T1_test,102,149,106.96666666666667,0.21462805569171906,-1.4931981877846694
UBFC_PHYS_s15_T1_test,102,150,107.0,0.09816143661737442,-1.4351499250373525
UBFC_PHYS_s15_T1_test,102,151,107.03333333333333,0.009715547785162926,-1.1840990454957219
UBFC_PHYS_s15_T1_test,102,152,107.06666666666666,-0.054977402091026306,-0.7728359635104088
UBFC_PHYS_s15_T1_test,102,153,107.1,-0.15611083805561066,-0.26975789409234235
UBFC_PHYS_s15_T1_test,102,154,107.13333333333334,-0.2916956841945648,0.23817419029874995
UBFC_PHYS_s15_T1_test,102,155,107.16666666666667,-0.4031606614589691,0.6696999886156095
UBFC_PHYS_s15_T1_test,102,156,107.2,-0.42098501324653625,0.9720345763471308
UBFC_PHYS_s15_T1_test,102,157,107.23333333333333,-0.3083034157752991,1.1323487018801202
UBFC_PHYS_s15_T1_test,102,158,107.26666666666667,-0.11532530933618546,1.1724477987115116
UBFC_PHYS_s15_T1_test,102,159,107.3,0.04596291109919548,1.129485426584706
UBFC_PHYS_s15_T1_test,102,160,107.33333333333333,0.11583130061626434,1.0334507974125744
UBFC_PHYS_s15_T1_test,102,161,107.36666666666666,0.11650719493627548,0.8937557542089423
UBFC_PHYS_s15_T1_test,102,162,107.4,0.10604045540094376,0.7005547638931399
UBFC_PHYS_s15_T1_test,102,163,107.43333333333334,0.11984805762767792,0.43736183419388686
UBFC_PHYS_s15_T1_test,102,164,107.46666666666667,0.14869917929172516,0.09698790933330713
UBFC_PHYS_s15_T1_test,102,165,107.5,0.1807173639535904,-0.30638798607942525
UBFC_PHYS_s15_T1_test,102,166,107.53333333333333,0.23032817244529724,-0.7329314794660181
UBFC_PHYS_s15_T1_test,102,167,107.56666666666666,0.2756904661655426,-1.1215157054838845
UBFC_PHYS_s15_T1_test,102,168,107.6,0.2545832097530365,-1.4018809105388466
UBFC_PHYS_s15_T1_test,102,169,107.63333333333334,0.16729599237442017,-1.512286352205889
UBFC_PHYS_s15_T1_test,102,170,107.66666666666667,0.08203647285699844,-1.4181363901999047
UBFC_PHYS_s15_T1_test,102,171,107.7,0.0255122147500515,-1.1252467778391377
UBFC_PHYS_s15_T1_test,102,172,107.73333333333333,-0.02591385506093502,-0.6819024099625447
UBFC_PHYS_s15_T1_test,102,173,107.76666666666667,-0.07197137176990509,-0.16738391191639712
UBFC_PHYS_s15_T1_test,102,174,107.8,-0.09105096757411957,0.32983787251989155
UBFC_PHYS_s15_T1_test,102,175,107.83333333333333,-0.06067424640059471,0.7363699531847432
UBFC_PHYS_s15_T1_test,102,176,107.86666666666666,0.04088403284549713,1.0115789267071202
UBFC_PHYS_s15_T1_test,102,177,107.9,0.2179109901189804,1.1523796704810865
UBFC_PHYS_s15_T1_test,102,178,107.93333333333334,0.4419996440410614,1.1841246521212085
UBFC_PHYS_s15_T1_test,102,179,107.96666666666667,0.6514117121696472,1.1422069166742443
UBFC_PHYS_s15_T1_test,102,180,108.0,0.7777270674705505,1.0527035008460492
UBFC_PHYS_s15_T1_test,102,181,108.03333333333333,0.8144765496253967,0.9208270246051219
UBFC_PHYS_s15_T1_test,102,182,108.06666666666666,0.8187443614006042,0.7327201378425564
UBFC_PHYS_s15_T1_test,102,183,108.1,0.7967873811721802,0.46975665407398426
UBFC_PHYS_s15_T1_test,102,184,108.13333333333334,0.7064103484153748,0.12751173470031843
UBFC_PHYS_s15_T1_test,102,185,108.16666666666667,0.5267763733863831,-0.271252823694545
UBFC_PHYS_s15_T1_test,102,186,108.2,0.2764243185520172,-0.676307311553776
UBFC_PHYS_s15_T1_test,102,187,108.23333333333333,0.025531524792313576,-1.0219267085254615
UBFC_PHYS_s15_T1_test,102,188,108.26666666666667,-0.13428902626037598,-1.2454283615517578
UBFC_PHYS_s15_T1_test,102,189,108.3,-0.23449552059173584,-1.3051467314505203
UBFC_PHYS_s15_T1_test,102,190,108.33333333333333,-0.4159061312675476,-1.1922492121981947
UBFC_PHYS_s15_T1_test,102,191,108.36666666666666,-0.6776711940765381,-0.9333847798865641
UBFC_PHYS_s15_T1_test,102,192,108.4,-0.8305783271789551,-0.5834247667547352
UBFC_PHYS_s15_T1_test,102,193,108.43333333333334,-0.7661557197570801,-0.2098700728683985
UBFC_PHYS_s15_T1_test,102,194,108.46666666666667,-0.5612045526504517,0.12660527686160838
UBFC_PHYS_s15_T1_test,102,195,108.5,-0.27464377880096436,0.38850419083941445
UBFC_PHYS_s15_T1_test,102,196,108.53333333333333,0.15171174705028534,0.5676106980754416
UBFC_PHYS_s15_T1_test,102,197,108.56666666666666,0.7051358222961426,0.677642769200894
UBFC_PHYS_s15_T1_test,102,198,108.6,1.2315819263458252,0.737509977231147
UBFC_PHYS_s15_T1_test,102,199,108.63333333333334,1.5644127130508423,0.7550050311444603
UBFC_PHYS_s15_T1_test,102,200,108.66666666666667,1.6479921340942383,0.7204702474309603
UBFC_PHYS_s15_T1_test,102,201,108.7,1.5457000732421875,0.6136314197598377
UBFC_PHYS_s15_T1_test,102,202,108.73333333333333,1.369117259979248,0.4184513173142625
UBFC_PHYS_s15_T1_test,102,203,108.76666666666667,1.2162680625915527,0.13666906837403006
UBFC_PHYS_s15_T1_test,102,204,108.8,1.1623507738113403,-0.20642372470225523
UBFC_PHYS_s15_T1_test,102,205,108.83333333333333,1.2432266473770142,-0.5648231426959417
UBFC_PHYS_s15_T1_test,102,206,108.86666666666666,1.407508134841919,-0.8811499531681327
UBFC_PHYS_s15_T1_test,102,207,108.9,1.5664403438568115,-1.0998196006519514
UBFC_PHYS_s15_T1_test,102,208,108.93333333333334,1.701252818107605,-1.1808780946217619
UBFC_PHYS_s15_T1_test,102,209,108.96666666666667,1.8352926969528198,-1.1105379089302283
UBFC_PHYS_s15_T1_test,102,210,109.0,1.97319495677948,-0.9044400930839613
UBFC_PHYS_s15_T1_test,102,211,109.03333333333333,2.175732135772705,-0.6015940217935022
UBFC_PHYS_s15_T1_test,102,212,109.06666666666666,2.57045578956604,-0.25082112609425816
UBFC_PHYS_s15_T1_test,102,213,109.1,3.2213246822357178,0.10455897811332907
UBFC_PHYS_s15_T1_test,102,214,109.13333333333334,4.08170223236084,0.43670101419579765
UBFC_PHYS_s15_T1_test,102,215,109.16666666666667,5.068124771118164,0.7336056819215201
UBFC_PHYS_s15_T1_test,102,216,109.2,6.070228576660156,0.9915615764876472
UBFC_PHYS_s15_T1_test,102,217,109.23333333333333,6.871590614318848,1.2056631329308372
UBFC_PHYS_s15_T1_test,102,218,109.26666666666667,7.153111457824707,1.363788911461955
UBFC_PHYS_s15_T1_test,102,219,109.3,6.6009039878845215,1.4461882766771612
UBFC_PHYS_s15_T1_test,102,220,109.33333333333333,5.042247772216797,1.4305225919934483
UBFC_PHYS_s15_T1_test,102,221,109.36666666666666,2.676783800125122,1.3007569773996712
UBFC_PHYS_s15_T1_test,102,222,109.4,0.2412583827972412,1.056594121745907
UBFC_PHYS_s15_T1_test,102,223,109.43333333333334,-1.44139564037323,0.7191143106737087
UBFC_PHYS_s15_T1_test,102,224,109.46666666666667,-2.172947406768799,0.3293228508130948
UBFC_PHYS_s15_T1_test,102,225,109.5,-2.408062696456909,-0.06065977304581051
UBFC_PHYS_s15_T1_test,102,226,109.53333333333333,-2.6267635822296143,-0.4004838338359363
UBFC_PHYS_s15_T1_test,102,227,109.56666666666666,-2.903475522994995,-0.6535299939121959
UBFC_PHYS_s15_T1_test,102,228,109.6,-3.107152223587036,-0.8041808579815602
UBFC_PHYS_s15_T1_test,102,229,109.63333333333334,-3.201932191848755,-0.8591646917653867
UBFC_PHYS_s15_T1_test,102,230,109.66666666666667,-3.235456705093384,-0.843404807024147
UBFC_PHYS_s15_T1_test,102,231,109.7,-3.2293930053710938,-0.7915081306480649
UBFC_PHYS_s15_T1_test,102,232,109.73333333333333,-3.278907299041748,-0.7366483729117783
UBFC_PHYS_s15_T1_test,102,233,109.76666666666667,-3.5854358673095703,-0.6996329744486252
UBFC_PHYS_s15_T1_test,102,234,109.8,-4.113813400268555,-0.6819931348538493
UBFC_PHYS_s15_T1_test,102,235,109.83333333333333,-4.518984317779541,-0.6666777919668874
UBFC_PHYS_s15_T1_test,102,236,109.86666666666666,-4.60422420501709,-0.6273463339509407
UBFC_PHYS_s15_T1_test,102,237,109.9,-4.472830295562744,-0.542854770523663
UBFC_PHYS_s15_T1_test,102,238,109.93333333333334,-4.226649284362793,-0.40965824575989496
UBFC_PHYS_s15_T1_test,102,239,109.96666666666667,-3.8636155128479004,-0.24519741835256118
UBFC_PHYS_s15_T1_test,103,0,103.0,0.4871881604194641,0.01628213635349159
UBFC_PHYS_s15_T1_test,103,1,103.03333333333333,0.4259133040904999,0.2389569080844347
UBFC_PHYS_s15_T1_test,103,2,103.06666666666666,0.3636728823184967,0.43953952953598185
UBFC_PHYS_s15_T1_test,103,3,103.1,0.31327033042907715,0.6054590220154153
UBFC_PHYS_s15_T1_test,103,4,103.13333333333334,0.24328607320785522,0.7409672924602512
UBFC_PHYS_s15_T1_test,103,5,103.16666666666667,0.1185348853468895,0.8595411067622944
UBFC_PHYS_s15_T1_test,103,6,103.2,-0.05524776130914688,0.968467903431647
UBFC_PHYS_s15_T1_test,103,7,103.23333333333333,-0.22594060003757477,1.056848733007114
UBFC_PHYS_s15_T1_test,103,8,103.26666666666667,-0.32363662123680115,1.096048460782263
UBFC_PHYS_s15_T1_test,103,9,103.3,-0.3097517788410187,1.0527831782332415
UBFC_PHYS_s15_T1_test,103,10,103.33333333333333,-0.22269628942012787,0.9067683007863705
UBFC_PHYS_s15_T1_test,103,11,103.36666666666666,-0.1428825706243515,0.6626650009814705
UBFC_PHYS_s15_T1_test,103,12,103.4,-0.10402818024158478,0.3508309827394163
UBFC_PHYS_s15_T1_test,103,13,103.43333333333334,-0.08097045123577118,0.018207091381464594
UBFC_PHYS_s15_T1_test,103,14,103.46666666666667,-0.05157861113548279,-0.2857350615210691
UBFC_PHYS_s15_T1_test,103,15,103.5,-0.019734229892492294,-0.5230293704937126
UBFC_PHYS_s15_T1_test,103,16,103.53333333333333,0.016764182597398758,-0.6774789339934325
UBFC_PHYS_s15_T1_test,103,17,103.56666666666666,0.07006344944238663,-0.7581285867263979
UBFC_PHYS_s15_T1_test,103,18,103.6,0.13807794451713562,-0.7933811401704238
UBFC_PHYS_s15_T1_test,103,19,103.63333333333334,0.19869621098041534,-0.815662509460374
UBFC_PHYS_s15_T1_test,103,20,103.66666666666667,0.22098147869110107,-0.841906577387225
UBFC_PHYS_s15_T1_test,103,21,103.7,0.19265176355838776,-0.8598345468668003
UBFC_PHYS_s15_T1_test,103,22,103.73333333333333,0.13925594091415405,-0.8294826315699751
UBFC_PHYS_s15_T1_test,103,23,103.76666666666667,0.09565096348524094,-0.7021737779367724
UBFC_PHYS_s15_T1_test,103,24,103.8,0.06004086881875992,-0.4483799034070123
UBFC_PHYS_s15_T1_test,103,25,103.83333333333333,0.0016047892859205604,-0.07960811401855489
UBFC_PHYS_s15_T1_test,103,26,103.86666666666666,-0.09271173924207687,0.3471283164035928
UBFC_PHYS_s15_T1_test,103,27,103.9,-0.17627185583114624,0.7442558592476871
UBFC_PHYS_s15_T1_test,103,28,103.93333333333334,-0.1652837097644806,1.0214853869099338
UBFC_PHYS_s15_T1_test,103,29,103.96666666666667,-0.02977612055838108,1.1157018511497203
UBFC_PHYS_s15_T1_test,103,30,104.0,0.15783344209194183,1.0120795928160422
UBFC_PHYS_s15_T1_test,103,31,104.03333333333333,0.30794039368629456,0.748864199983386
UBFC_PHYS_s15_T1_test,103,32,104.06666666666666,0.41538864374160767,0.4034819793526869
UBFC_PHYS_s15_T1_test,103,33,104.1,0.5144171118736267,0.06431674361487816
UBFC_PHYS_s15_T1_test,103,34,104.13333333333334,0.6180030703544617,-0.20088324225679827
UBFC_PHYS_s15_T1_test,103,35,104.16666666666667,0.7180550694465637,-0.36636618363639256
UBFC_PHYS_s15_T1_test,103,36,104.2,0.8084321022033691,-0.45011172325218235
UBFC_PHYS_s15_T1_test,103,37,104.23333333333333,0.8830704092979431,-0.49602117992144873
UBFC_PHYS_s15_T1_test,103,38,104.26666666666667,0.9254007935523987,-0.5464318025961648
UBFC_PHYS_s15_T1_test,103,39,104.3,0.9158416986465454,-0.618865878233959
UBFC_PHYS_s15_T1_test,103,40,104.33333333333333,0.8537171483039856,-0.6967461479029711
UBFC_PHYS_s15_T1_test,103,41,104.36666666666666,0.7414025068283081,-0.7359376719482633
UBFC_PHYS_s15_T1_test,103,42,104.4,0.5707868933677673,-0.6831443400545802
UBFC_PHYS_s15_T1_test,103,43,104.43333333333334,0.35874849557876587,-0.49931414778520755
UBFC_PHYS_s15_T1_test,103,44,104.46666666666667,0.1640709936618805,-0.17996809265114883
UBFC_PHYS_s15_T1_test,103,45,104.5,0.016184842213988304,0.23536517100885385
UBFC_PHYS_s15_T1_test,103,46,104.53333333333333,-0.15603359043598175,0.6698432516704945
UBFC_PHYS_s15_T1_test,103,47,104.56666666666666,-0.4436371922492981,1.031667930514372
UBFC_PHYS_s15_T1_test,103,48,104.6,-0.8068832755088806,1.2440799257812114
UBFC_PHYS_s15_T1_test,103,49,104.63333333333334,-1.0608272552490234,1.2701380483860965
UBFC_PHYS_s15_T1_test,103,50,104.66666666666667,-1.0609045028686523,1.121355615477433
UBFC_PHYS_s15_T1_test,103,51,104.7,-0.8853259086608887,0.8474224718374725
UBFC_PHYS_s15_T1_test,103,52,104.73333333333333,-0.7340216636657715,0.5140199375831906
UBFC_PHYS_s15_T1_test,103,53,104.76666666666667,-0.6771690845489502,0.180365311853846
UBFC_PHYS_s15_T1_test,103,54,104.8,-0.6234063506126404,-0.1153665392132511
UBFC_PHYS_s15_T1_test,103,55,104.83333333333333,-0.5314844250679016,-0.36085234901465
UBFC_PHYS_s15_T1_test,103,56,104.86666666666666,-0.4472484290599823,-0.5656926575063648
UBFC_PHYS_s15_T1_test,103,57,104.9,-0.37110385298728943,-0.7501768792099577
UBFC_PHYS_s15_T1_test,103,58,104.93333333333334,-0.2640611529350281,-0.929429912854273
UBFC_PHYS_s15_T1_test,103,59,104.96666666666667,-0.16128626465797424,-1.0982981191082044
UBFC_PHYS_s15_T1_test,103,60,105.0,-0.12720178067684174,-1.224386841256846
UBFC_PHYS_s15_T1_test,103,61,105.03333333333333,-0.13759127259254456,-1.2549997714668077
UBFC_PHYS_s15_T1_test,103,62,105.06666666666666,-0.12604309618473053,-1.137367408929355
UBFC_PHYS_s15_T1_test,103,63,105.1,-0.10107354819774628,-0.8441070375101303
UBFC_PHYS_s15_T1_test,103,64,105.13333333333334,-0.1085856556892395,-0.39220320916557805
UBFC_PHYS_s15_T1_test,103,65,105.16666666666667,-0.1642795205116272,0.15384562063911514
UBFC_PHYS_s15_T1_test,103,66,105.2,-0.2535558044910431,0.6969001565808964
UBFC_PHYS_s15_T1_test,103,67,105.23333333333333,-0.3320370316505432,1.134519409028297
UBFC_PHYS_s15_T1_test,103,68,105.26666666666667,-0.31382644176483154,1.3888386945795188
UBFC_PHYS_s15_T1_test,103,69,105.3,-0.1430177539587021,1.4285670880997816
UBFC_PHYS_s15_T1_test,103,70,105.33333333333333,0.10183058679103851,1.275153061758877
UBFC_PHYS_s15_T1_test,103,71,105.36666666666666,0.27934032678604126,0.9905351394860806
UBFC_PHYS_s15_T1_test,103,72,105.4,0.3304767310619354,0.6513168283940323
UBFC_PHYS_s15_T1_test,103,73,105.43333333333334,0.2934955358505249,0.3204832907034514
UBFC_PHYS_s15_T1_test,103,74,105.46666666666667,0.2190503478050232,0.029274872132226508
UBFC_PHYS_s15_T1_test,103,75,105.5,0.14132225513458252,-0.22323622487186837
UBFC_PHYS_s15_T1_test,103,76,105.53333333333333,0.09246458858251572,-0.4549567108012403
UBFC_PHYS_s15_T1_test,103,77,105.56666666666666,0.08221027255058289,-0.679818816849244
UBFC_PHYS_s15_T1_test,103,78,105.6,0.09248390048742294,-0.8917588370536721
UBFC_PHYS_s15_T1_test,103,79,105.63333333333334,0.09020516276359558,-1.0599621549898661
UBFC_PHYS_s15_T1_test,103,80,105.66666666666667,0.055290281772613525,-1.1364590107818686
UBFC_PHYS_s15_T1_test,103,81,105.7,0.010101773776113987,-1.0730412790696622
UBFC_PHYS_s15_T1_test,103,82,105.73333333333333,-0.012878707610070705,-0.8417486079630876
UBFC_PHYS_s15_T1_test,103,83,105.76666666666667,-0.03408254683017731,-0.45168090460331184
UBFC_PHYS_s15_T1_test,103,84,105.8,-0.10541859269142151,0.045057896569322686
UBFC_PHYS_s15_T1_test,103,85,105.83333333333333,-0.22752413153648376,0.5626301897667787
UBFC_PHYS_s15_T1_test,103,86,105.86666666666666,-0.33804285526275635,1.0043734062851586
UBFC_PHYS_s15_T1_test,103,87,105.9,-0.358705997467041,1.291243868914951
UBFC_PHYS_s15_T1_test,103,88,105.93333333333334,-0.2573794424533844,1.3842053207811311
UBFC_PHYS_s15_T1_test,103,89,105.96666666666667,-0.08147254586219788,1.2912253599287664
UBFC_PHYS_s15_T1_test,103,90,106.0,0.08831265568733215,1.0571126203962926
UBFC_PHYS_s15_T1_test,103,91,106.03333333333333,0.1993914246559143,0.7425912930899968
UBFC_PHYS_s15_T1_test,103,92,106.06666666666666,0.2358512133359909,0.402750158989492
UBFC_PHYS_s15_T1_test,103,93,106.1,0.21310245990753174,0.0730949969903102
UBFC_PHYS_s15_T1_test,103,94,106.13333333333334,0.17405495047569275,-0.23385805819100727
UBFC_PHYS_s15_T1_test,103,95,106.16666666666667,0.13601163029670715,-0.5229487274221462
UBFC_PHYS_s15_T1_test,103,96,106.2,0.09219422936439514,-0.8044417834621076
UBFC_PHYS_s15_T1_test,103,97,106.23333333333333,0.06286032497882843,-1.0790750181691615
UBFC_PHYS_s15_T1_test,103,98,106.26666666666667,0.06131541728973389,-1.3255936394337207
UBFC_PHYS_s15_T1_test,103,99,106.3,0.048280272632837296,-1.4977692373479148
UBFC_PHYS_s15_T1_test,103,100,106.33333333333333,-0.0109475739300251,-1.5352768098511511
UBFC_PHYS_s15_T1_test,103,101,106.36666666666666,-0.10561170428991318,-1.3862718069480267
UBFC_PHYS_s15_T1_test,103,102,106.4,-0.20494918525218964,-1.0324544835548484
UBFC_PHYS_s15_T1_test,103,103,106.43333333333334,-0.2990919053554535,-0.5047216077445351
UBFC_PHYS_s15_T1_test,103,104,106.46666666666667,-0.41017067432403564,0.11837547241324155
UBFC_PHYS_s15_T1_test,103,105,106.5,-0.5327396988868713,0.7293882654571581
UBFC_PHYS_s15_T1_test,103,106,106.53333333333333,-0.5689484477043152,1.2213369276519728
UBFC_PHYS_s15_T1_test,103,107,106.56666666666666,-0.43626028299331665,1.5175131528165715
UBFC_PHYS_s15_T1_test,103,108,106.6,-0.186468243598938,1.5912516308347349
UBFC_PHYS_s15_T1_test,103,109,106.63333333333334,0.05237427353858948,1.468312842918637
UBFC_PHYS_s15_T1_test,103,110,106.66666666666667,0.20582209527492523,1.2106825773296437
UBFC_PHYS_s15_T1_test,103,111,106.7,0.27787265181541443,0.8883740468067347
UBFC_PHYS_s15_T1_test,103,112,106.73333333333333,0.2991730570793152,0.5521493647520815
UBFC_PHYS_s15_T1_test,103,113,106.76666666666667,0.290965735912323,0.220392216863201
UBFC_PHYS_s15_T1_test,103,114,106.8,0.2633891701698303,-0.11416377748064839
UBFC_PHYS_s15_T1_test,103,115,106.83333333333333,0.22803011536598206,-0.46313679471658636
UBFC_PHYS_s15_T1_test,103,116,106.86666666666666,0.2154584378004074,-0.8196138237585768
UBFC_PHYS_s15_T1_test,103,117,106.9,0.24560342729091644,-1.1466547250957775
UBFC_PHYS_s15_T1_test,103,118,106.93333333333334,0.270495742559433,-1.3827452481104274
UBFC_PHYS_s15_T1_test,103,119,106.96666666666667,0.21462805569171906,-1.4607578218896975
UBFC_PHYS_s15_T1_test,103,120,107.0,0.09816143661737442,-1.3321149120593205
UBFC_PHYS_s15_T1_test,103,121,107.03333333333333,0.009715547785162926,-0.9874555716585878
UBFC_PHYS_s15_T1_test,103,122,107.06666666666666,-0.054977402091026306,-0.46689036566818515
UBFC_PHYS_s15_T1_test,103,123,107.1,-0.15611083805561066,0.1443507851876736
UBFC_PHYS_s15_T1_test,103,124,107.13333333333334,-0.2916956841945648,0.7354413832427594
UBFC_PHYS_s15_T1_test,103,125,107.16666666666667,-0.4031606614589691,1.2000744379568697
UBFC_PHYS_s15_T1_test,103,126,107.2,-0.42098501324653625,1.4668917727119686
UBFC_PHYS_s15_T1_test,103,127,107.23333333333333,-0.3083034157752991,1.517672525176837
UBFC_PHYS_s15_T1_test,103,128,107.26666666666667,-0.11532530933618546,1.385107828666578
UBFC_PHYS_s15_T1_test,103,129,107.3,0.04596291109919548,1.131678965153461
UBFC_PHYS_s15_T1_test,103,130,107.33333333333333,0.11583130061626434,0.8209730781714323
UBFC_PHYS_s15_T1_test,103,131,107.36666666666666,0.11650719493627548,0.4958762250869199
UBFC_PHYS_s15_T1_test,103,132,107.4,0.10604045540094376,0.17188283998037157
UBFC_PHYS_s15_T1_test,103,133,107.43333333333334,0.11984805762767792,-0.1557071957928363
UBFC_PHYS_s15_T1_test,103,134,107.46666666666667,0.14869917929172516,-0.4972906985567758
UBFC_PHYS_s15_T1_test,103,135,107.5,0.1807173639535904,-0.8539120704288619
UBFC_PHYS_s15_T1_test,103,136,107.53333333333333,0.23032817244529724,-1.2062411720352038
UBFC_PHYS_s15_T1_test,103,137,107.56666666666666,0.2756904661655426,-1.5105865813404498
UBFC_PHYS_s15_T1_test,103,138,107.6,0.2545832097530365,-1.7046757694249568
UBFC_PHYS_s15_T1_test,103,139,107.63333333333334,0.16729599237442017,-1.7242288722751031
UBFC_PHYS_s15_T1_test,103,140,107.66666666666667,0.08203647285699844,-1.5263906198304766
UBFC_PHYS_s15_T1_test,103,141,107.7,0.0255122147500515,-1.1109183312362376
UBFC_PHYS_s15_T1_test,103,142,107.73333333333333,-0.02591385506093502,-0.5290017149395382
UBFC_PHYS_s15_T1_test,103,143,107.76666666666667,-0.07197137176990509,0.12591454262055135
UBFC_PHYS_s15_T1_test,103,144,107.8,-0.09105096757411957,0.7428728102797051
UBFC_PHYS_s15_T1_test,103,145,107.83333333333333,-0.06067424640059471,1.224125561729627
UBFC_PHYS_s15_T1_test,103,146,107.86666666666666,0.04088403284549713,1.5099939912772178
UBFC_PHYS_s15_T1_test,103,147,107.9,0.2179109901189804,1.5892575037191845
UBFC_PHYS_s15_T1_test,103,148,107.93333333333334,0.4419996440410614,1.493029517914394
UBFC_PHYS_s15_T1_test,103,149,107.96666666666667,0.6514117121696472,1.2764008190762817
UBFC_PHYS_s15_T1_test,103,150,108.0,0.7777270674705505,0.9956141936955138
UBFC_PHYS_s15_T1_test,103,151,108.03333333333333,0.8144765496253967,0.6893358884282825
UBFC_PHYS_s15_T1_test,103,152,108.06666666666666,0.8187443614006042,0.37135617984735025
UBFC_PHYS_s15_T1_test,103,153,108.1,0.7967873811721802,0.03767988705742075
UBFC_PHYS_s15_T1_test,103,154,108.13333333333334,0.7064103484153748,-0.31623491704221196
UBFC_PHYS_s15_T1_test,103,155,108.16666666666667,0.5267763733863831,-0.6778779339348595
UBFC_PHYS_s15_T1_test,103,156,108.2,0.2764243185520172,-1.0093140479336764
UBFC_PHYS_s15_T1_test,103,157,108.23333333333333,0.025531524792313576,-1.252536315047587
UBFC_PHYS_s15_T1_test,103,158,108.26666666666667,-0.13428902626037598,-1.3465832831847897
UBFC_PHYS_s15_T1_test,103,159,108.3,-0.23449552059173584,-1.249631373427252
UBFC_PHYS_s15_T1_test,103,160,108.33333333333333,-0.4159061312675476,-0.9576061208583357
UBFC_PHYS_s15_T1_test,103,161,108.36666666666666,-0.6776711940765381,-0.512037659046865
UBFC_PHYS_s15_T1_test,103,162,108.4,-0.8305783271789551,0.0069559120778443515
UBFC_PHYS_s15_T1_test,103,163,108.43333333333334,-0.7661557197570801,0.5017255326923827
UBFC_PHYS_s15_T1_test,103,164,108.46666666666667,-0.5612045526504517,0.8854358784938666
UBFC_PHYS_s15_T1_test,103,165,108.5,-0.27464377880096436,1.1066828350384597
UBFC_PHYS_s15_T1_test,103,166,108.53333333333333,0.15171174705028534,1.1596994279853763
UBFC_PHYS_s15_T1_test,103,167,108.56666666666666,0.7051358222961426,1.075748816292748
UBFC_PHYS_s15_T1_test,103,168,108.6,1.2315819263458252,0.9012855064017273
UBFC_PHYS_s15_T1_test,103,169,108.63333333333334,1.5644127130508423,0.6754954754535166
UBFC_PHYS_s15_T1_test,103,170,108.66666666666667,1.6479921340942383,0.4186345492823584
UBFC_PHYS_s15_T1_test,103,171,108.7,1.5457000732421875,0.13466904231381654
UBFC_PHYS_s15_T1_test,103,172,108.73333333333333,1.369117259979248,-0.17708452932737112
UBFC_PHYS_s15_T1_test,103,173,108.76666666666667,1.2162680625915527,-0.5101370579250861
UBFC_PHYS_s15_T1_test,103,174,108.8,1.1623507738113403,-0.8440824601646367
UBFC_PHYS_s15_T1_test,103,175,108.83333333333333,1.2432266473770142,-1.1431978942319976
UBFC_PHYS_s15_T1_test,103,176,108.86666666666666,1.407508134841919,-1.3597747656913337
UBFC_PHYS_s15_T1_test,103,177,108.9,1.5664403438568115,-1.4430034115263695
UBFC_PHYS_s15_T1_test,103,178,108.93333333333334,1.701252818107605,-1.3536155278915585
UBFC_PHYS_s15_T1_test,103,179,108.96666666666667,1.8352926969528198,-1.0807616387328893
UBFC_PHYS_s15_T1_test,103,180,109.0,1.97319495677948,-0.653291805875374
UBFC_PHYS_s15_T1_test,103,181,109.03333333333333,2.175732135772705,-0.1375000215351491
UBFC_PHYS_s15_T1_test,103,182,109.06666666666666,2.57045578956604,0.38026437723165896
UBFC_PHYS_s15_T1_test,103,183,109.1,3.2213246822357178,0.8191250666429201
UBFC_PHYS_s15_T1_test,103,184,109.13333333333334,4.08170223236084,1.1257332154773865
UBFC_PHYS_s15_T1_test,103,185,109.16666666666667,5.068124771118164,1.2835427125312493
UBFC_PHYS_s15_T1_test,103,186,109.2,6.070228576660156,1.307612718730631
UBFC_PHYS_s15_T1_test,103,187,109.23333333333333,6.871590614318848,1.2302837978396777
UBFC_PHYS_s15_T1_test,103,188,109.26666666666667,7.153111457824707,1.0849846945259594
UBFC_PHYS_s15_T1_test,103,189,109.3,6.6009039878845215,0.8938914707554929
UBFC_PHYS_s15_T1_test,103,190,109.33333333333333,5.042247772216797,0.6634020618425716
UBFC_PHYS_s15_T1_test,103,191,109.36666666666666,2.676783800125122,0.3890435530834692
UBFC_PHYS_s15_T1_test,103,192,109.4,0.2412583827972412,0.0675214262159452
UBFC_PHYS_s15_T1_test,103,193,109.43333333333334,-1.44139564037323,-0.2900574718803597
UBFC_PHYS_s15_T1_test,103,194,109.46666666666667,-2.172947406768799,-0.6507109763619902
UBFC_PHYS_s15_T1_test,103,195,109.5,-2.408062696456909,-0.9622922236018079
UBFC_PHYS_s15_T1_test,103,196,109.53333333333333,-2.6267635822296143,-1.1660944804808775
UBFC_PHYS_s15_T1_test,103,197,109.56666666666666,-2.903475522994995,-1.2147348782646614
UBFC_PHYS_s15_T1_test,103,198,109.6,-3.107152223587036,-1.0888855519442575
UBFC_PHYS_s15_T1_test,103,199,109.63333333333334,-3.201932191848755,-0.8069586072788495
UBFC_PHYS_s15_T1_test,103,200,109.66666666666667,-3.235456705093384,-0.42375779815453724
UBFC_PHYS_s15_T1_test,103,201,109.7,-3.2293930053710938,-0.017166323377251713
UBFC_PHYS_s15_T1_test,103,202,109.73333333333333,-3.278907299041748,0.33400019456979113
UBFC_PHYS_s15_T1_test,103,203,109.76666666666667,-3.5854358673095703,0.5737298426031063
UBFC_PHYS_s15_T1_test,103,204,109.8,-4.113813400268555,0.6846021541487324
UBFC_PHYS_s15_T1_test,103,205,109.83333333333333,-4.518984317779541,0.6880702962596957
UBFC_PHYS_s15_T1_test,103,206,109.86666666666666,-4.60422420501709,0.6284974923944993
UBFC_PHYS_s15_T1_test,103,207,109.9,-4.472830295562744,0.5486059067333247
UBFC_PHYS_s15_T1_test,103,208,109.93333333333334,-4.226649284362793,0.46900611406425957
UBFC_PHYS_s15_T1_test,103,209,109.96666666666667,-3.8636155128479004,0.3822587051117439
UBFC_PHYS_s15_T1_test,103,210,110.0,-3.4584059715270996,0.26301077071129003
UBFC_PHYS_s15_T1_test,103,211,110.03333333333333,-3.1480536460876465,0.08678131136724326
UBFC_PHYS_s15_T1_test,103,212,110.06666666666666,-2.9290244579315186,-0.15277338771861743
UBFC_PHYS_s15_T1_test,103,213,110.1,-2.684929370880127,-0.4351088675639449
UBFC_PHYS_s15_T1_test,103,214,110.13333333333334,-2.357119560241699,-0.7144564696275519
UBFC_PHYS_s15_T1_test,103,215,110.16666666666667,-1.997021198272705,-0.9302732568223794
UBFC_PHYS_s15_T1_test,103,216,110.2,-1.6656967401504517,-1.023852969098509
UBFC_PHYS_s15_T1_test,103,217,110.23333333333333,-1.377822756767273,-0.9576425774601542
UBFC_PHYS_s15_T1_test,103,218,110.26666666666667,-1.1628104448318481,-0.7313755537685308
UBFC_PHYS_s15_T1_test,103,219,110.3,-1.0598809719085693,-0.3875148077643864
UBFC_PHYS_s15_T1_test,103,220,110.33333333333333,-1.0464210510253906,-0.0009946032846751907
UBFC_PHYS_s15_T1_test,103,221,110.36666666666666,-1.0898908376693726,0.34484389507510704
UBFC_PHYS_s15_T1_test,103,222,110.4,-1.1922601461410522,0.5862252849051456
UBFC_PHYS_s15_T1_test,103,223,110.43333333333334,-1.2694475650787354,0.6979029092228379
UBFC_PHYS_s15_T1_test,103,224,110.46666666666667,-1.152305006980896,0.6953612092999941
UBFC_PHYS_s15_T1_test,103,225,110.5,-0.8218302726745605,0.6214987101710832
UBFC_PHYS_s15_T1_test,103,226,110.53333333333333,-0.4472677409648895,0.525434844307978
UBFC_PHYS_s15_T1_test,103,227,110.56666666666666,-0.11484252661466599,0.44259315619016365
UBFC_PHYS_s15_T1_test,103,228,110.6,0.2710943818092346,0.38290074874329777
UBFC_PHYS_s15_T1_test,103,229,110.63333333333334,0.8212162256240845,0.33026353568216327
UBFC_PHYS_s15_T1_test,103,230,110.66666666666667,1.5264272689819336,0.2531592634489366
UBFC_PHYS_s15_T1_test,103,231,110.7,2.2099132537841797,0.12269183340582052
UBFC_PHYS_s15_T1_test,103,232,110.73333333333333,2.632483720779419,-0.06931704456870783
UBFC_PHYS_s15_T1_test,103,233,110.76666666666667,2.720292329788208,-0.3007862904723504
UBFC_PHYS_s15_T1_test,103,234,110.8,2.581385850906372,-0.5233163047724899
UBFC_PHYS_s15_T1_test,103,235,110.83333333333333,2.2096621990203857,-0.6780891547155256
UBFC_PHYS_s15_T1_test,103,236,110.86666666666666,1.4926711320877075,-0.7168087759152951
UBFC_PHYS_s15_T1_test,103,237,110.9,0.5254825353622437,-0.6190690401590868
UBFC_PHYS_s15_T1_test,103,238,110.93333333333334,-0.4013647139072418,-0.3999803073801005
UBFC_PHYS_s15_T1_test,103,239,110.96666666666667,-1.114590048789978,-0.10644453860084609
UBFC_PHYS_s15_T1_test,104,0,104.0,0.15783344209194183,-0.04576005951601357
UBFC_PHYS_s15_T1_test,104,1,104.03333333333333,0.30794039368629456,-0.09795293184199724
UBFC_PHYS_s15_T1_test,104,2,104.06666666666666,0.41538864374160767,-0.13800356622461243
UBFC_PHYS_s15_T1_test,104,3,104.1,0.5144171118736267,-0.16058531312990593
UBFC_PHYS_s15_T1_test,104,4,104.13333333333334,0.6180030703544617,-0.17112749949030148
UBFC_PHYS_s15_T1_test,104,5,104.16666666666667,0.7180550694465637,-0.18712782185593127
UBFC_PHYS_s15_T1_test,104,6,104.2,0.8084321022033691,-0.23383523808025214
UBFC_PHYS_s15_T1_test,104,7,104.23333333333333,0.8830704092979431,-0.3337043165855787
UBFC_PHYS_s15_T1_test,104,8,104.26666666666667,0.9254007935523987,-0.4931259849277851
UBFC_PHYS_s15_T1_test,104,9,104.3,0.9158416986465454,-0.6928976538154473
UBFC_PHYS_s15_T1_test,104,10,104.33333333333333,0.8537171483039856,-0.8875708418184279
UBFC_PHYS_s15_T1_test,104,11,104.36666666666666,0.7414025068283081,-1.0148265971213066
UBFC_PHYS_s15_T1_test,104,12,104.4,0.5707868933677673,-1.0125373940689615
UBFC_PHYS_s15_T1_test,104,13,104.43333333333334,0.35874849557876587,-0.8391412524661259
UBFC_PHYS_s15_T1_test,104,14,104.46666666666667,0.1640709936618805,-0.4918092872357359
UBFC_PHYS_s15_T1_test,104,15,104.5,0.016184842213988304,-0.01584199157823759
UBFC_PHYS_s15_T1_test,104,16,104.53333333333333,-0.15603359043598175,0.5013646778698694
UBFC_PHYS_s15_T1_test,104,17,104.56666666666666,-0.4436371922492981,0.9541361169413226
UBFC_PHYS_s15_T1_test,104,18,104.6,-0.8068832755088806,1.2530589862491746
UBFC_PHYS_s15_T1_test,104,19,104.63333333333334,-1.0608272552490234,1.3550709396040979
UBFC_PHYS_s15_T1_test,104,20,104.66666666666667,-1.0609045028686523,1.2742613976901542
UBFC_PHYS_s15_T1_test,104,21,104.7,-0.8853259086608887,1.0682881995196267
UBFC_PHYS_s15_T1_test,104,22,104.73333333333333,-0.7340216636657715,0.8089710213784294
UBFC_PHYS_s15_T1_test,104,23,104.76666666666667,-0.6771690845489502,0.5533502157109252
UBFC_PHYS_s15_T1_test,104,24,104.8,-0.6234063506126404,0.32770515566386427
UBFC_PHYS_s15_T1_test,104,25,104.83333333333333,-0.5314844250679016,0.12735147192925825
UBFC_PHYS_s15_T1_test,104,26,104.86666666666666,-0.4472484290599823,-0.07194644884428764
UBFC_PHYS_s15_T1_test,104,27,104.9,-0.37110385298728943,-0.29709551142247115
UBFC_PHYS_s15_T1_test,104,28,104.93333333333334,-0.2640611529350281,-0.5605952073636588
UBFC_PHYS_s15_T1_test,104,29,104.96666666666667,-0.16128626465797424,-0.8477202137052455
UBFC_PHYS_s15_T1_test,104,30,105.0,-0.12720178067684174,-1.1127496282123261
UBFC_PHYS_s15_T1_test,104,31,105.03333333333333,-0.13759127259254456,-1.2880218951247195
UBFC_PHYS_s15_T1_test,104,32,105.06666666666666,-0.12604309618473053,-1.3050878045787584
UBFC_PHYS_s15_T1_test,104,33,105.1,-0.10107354819774628,-1.1211827115822572
UBFC_PHYS_s15_T1_test,104,34,105.13333333333334,-0.1085856556892395,-0.7404324632401674
UBFC_PHYS_s15_T1_test,104,35,105.16666666666667,-0.1642795205116272,-0.22015848724459947
UBFC_PHYS_s15_T1_test,104,36,105.2,-0.2535558044910431,0.34161624253894424
UBFC_PHYS_s15_T1_test,104,37,105.23333333333333,-0.3320370316505432,0.8337275641421893
UBFC_PHYS_s15_T1_test,104,38,105.26666666666667,-0.31382644176483154,1.1648219244544282
UBFC_PHYS_s15_T1_test,104,39,105.3,-0.1430177539587021,1.2896693814326732
UBFC_PHYS_s15_T1_test,104,40,105.33333333333333,0.10183058679103851,1.2187007183507823
UBFC_PHYS_s15_T1_test,104,41,105.36666666666666,0.27934032678604126,1.006886941799627
UBFC_PHYS_s15_T1_test,104,42,105.4,0.3304767310619354,0.7270175591346699
UBFC_PHYS_s15_T1_test,104,43,105.43333333333334,0.2934955358505249,0.43978857060163934
UBFC_PHYS_s15_T1_test,104,44,105.46666666666667,0.2190503478050232,0.17459186362288176
UBFC_PHYS_s15_T1_test,104,45,105.5,0.14132225513458252,-0.07104707131504628
UBFC_PHYS_s15_T1_test,104,46,105.53333333333333,0.09246458858251572,-0.31601876704168064
UBFC_PHYS_s15_T1_test,104,47,105.56666666666666,0.08221027255058289,-0.5747643638059399
UBFC_PHYS_s15_T1_test,104,48,105.6,0.09248390048742294,-0.8416869834196404
UBFC_PHYS_s15_T1_test,104,49,105.63333333333334,0.09020516276359558,-1.0862188880209411
UBFC_PHYS_s15_T1_test,104,50,105.66666666666667,0.055290281772613525,-1.2585684429386823
UBFC_PHYS_s15_T1_test,104,51,105.7,0.010101773776113987,-1.3033061528415986
UBFC_PHYS_s15_T1_test,104,52,105.73333333333333,-0.012878707610070705,-1.1771995345782917
UBFC_PHYS_s15_T1_test,104,53,105.76666666666667,-0.03408254683017731,-0.8670003375251966
UBFC_PHYS_s15_T1_test,104,54,105.8,-0.10541859269142151,-0.4012200809509129
UBFC_PHYS_s15_T1_test,104,55,105.83333333333333,-0.22752413153648376,0.15046025049419337
UBFC_PHYS_s15_T1_test,104,56,105.86666666666666,-0.33804285526275635,0.6930272136743488
UBFC_PHYS_s15_T1_test,104,57,105.9,-0.358705997467041,1.1330701899522173
UBFC_PHYS_s15_T1_test,104,58,105.93333333333334,-0.2573794424533844,1.4056631936757347
UBFC_PHYS_s15_T1_test,104,59,105.96666666666667,-0.08147254586219788,1.4889440131596352
UBFC_PHYS_s15_T1_test,104,60,106.0,0.08831265568733215,1.4012976722741501
UBFC_PHYS_s15_T1_test,104,61,106.03333333333333,0.1993914246559143,1.1856563638526514
UBFC_PHYS_s15_T1_test,104,62,106.06666666666666,0.2358512133359909,0.8902914966489239
UBFC_PHYS_s15_T1_test,104,63,106.1,0.21310245990753174,0.5542418488946942
UBFC_PHYS_s15_T1_test,104,64,106.13333333333334,0.17405495047569275,0.20103750736691625
UBFC_PHYS_s15_T1_test,104,65,106.16666666666667,0.13601163029670715,-0.15951403057205277
UBFC_PHYS_s15_T1_test,104,66,106.2,0.09219422936439514,-0.5231372201463471
UBFC_PHYS_s15_T1_test,104,67,106.23333333333333,0.06286032497882843,-0.8791596059108698
UBFC_PHYS_s15_T1_test,104,68,106.26666666666667,0.06131541728973389,-1.199924556731465
UBFC_PHYS_s15_T1_test,104,69,106.3,0.048280272632837296,-1.4380376323043433
UBFC_PHYS_s15_T1_test,104,70,106.33333333333333,-0.0109475739300251,-1.53545306048556
UBFC_PHYS_s15_T1_test,104,71,106.36666666666666,-0.10561170428991318,-1.4427588421038602
UBFC_PHYS_s15_T1_test,104,72,106.4,-0.20494918525218964,-1.1413054829665963
UBFC_PHYS_s15_T1_test,104,73,106.43333333333334,-0.2990919053554535,-0.6583230861796232
UBFC_PHYS_s15_T1_test,104,74,106.46666666666667,-0.41017067432403564,-0.06747289143985463
UBFC_PHYS_s15_T1_test,104,75,106.5,-0.5327396988868713,0.5270626004615434
UBFC_PHYS_s15_T1_test,104,76,106.53333333333333,-0.5689484477043152,1.01853352659426
UBFC_PHYS_s15_T1_test,104,77,106.56666666666666,-0.43626028299331665,1.3281307582688706
UBFC_PHYS_s15_T1_test,104,78,106.6,-0.186468243598938,1.426355770403484
UBFC_PHYS_s15_T1_test,104,79,106.63333333333334,0.05237427353858948,1.3361183306915605
UBFC_PHYS_s15_T1_test,104,80,106.66666666666667,0.20582209527492523,1.1159569031509093
UBFC_PHYS_s15_T1_test,104,81,106.7,0.27787265181541443,0.8312030735252793
UBFC_PHYS_s15_T1_test,104,82,106.73333333333333,0.2991730570793152,0.5273392947049115
UBFC_PHYS_s15_T1_test,104,83,106.76666666666667,0.290965735912323,0.21873142268480691
UBFC_PHYS_s15_T1_test,104,84,106.8,0.2633891701698303,-0.10308843723262126
UBFC_PHYS_s15_T1_test,104,85,106.83333333333333,0.22803011536598206,-0.4483987702636385
UBFC_PHYS_s15_T1_test,104,86,106.86666666666666,0.2154584378004074,-0.8082660329969431
UBFC_PHYS_s15_T1_test,104,87,106.9,0.24560342729091644,-1.1447006245299816
UBFC_PHYS_s15_T1_test,104,88,106.93333333333334,0.270495742559433,-1.3961893366737455
UBFC_PHYS_s15_T1_test,104,89,106.96666666666667,0.21462805569171906,-1.495352641081497
UBFC_PHYS_s15_T1_test,104,90,107.0,0.09816143661737442,-1.3916109829830758
UBFC_PHYS_s15_T1_test,104,91,107.03333333333333,0.009715547785162926,-1.0714025688701398
UBFC_PHYS_s15_T1_test,104,92,107.06666666666666,-0.054977402091026306,-0.5696577177957629
UBFC_PHYS_s15_T1_test,104,93,107.1,-0.15611083805561066,0.03227063779006524
UBFC_PHYS_s15_T1_test,104,94,107.13333333333334,-0.2916956841945648,0.6246431977550945
UBFC_PHYS_s15_T1_test,104,95,107.16666666666667,-0.4031606614589691,1.1003261983006425
UBFC_PHYS_s15_T1_test,104,96,107.2,-0.42098501324653625,1.387725025878722
UBFC_PHYS_s15_T1_test,104,97,107.23333333333333,-0.3083034157752991,1.4704196539844814
UBFC_PHYS_s15_T1_test,104,98,107.26666666666667,-0.11532530933618546,1.3833217242750218
UBFC_PHYS_s15_T1_test,104,99,107.3,0.04596291109919548,1.1874952215803767
UBFC_PHYS_s15_T1_test,104,100,107.33333333333333,0.11583130061626434,0.9379589782475526
UBFC_PHYS_s15_T1_test,104,101,107.36666666666666,0.11650719493627548,0.6622313213675274
UBFC_PHYS_s15_T1_test,104,102,107.4,0.10604045540094376,0.3590566958044908
UBFC_PHYS_s15_T1_test,104,103,107.43333333333334,0.11984805762767792,0.013961194838374002
UBFC_PHYS_s15_T1_test,104,104,107.46666666666667,0.14869917929172516,-0.3795184815943848
UBFC_PHYS_s15_T1_test,104,105,107.5,0.1807173639535904,-0.8040562383717238
UBFC_PHYS_s15_T1_test,104,106,107.53333333333333,0.23032817244529724,-1.2140381993367961
UBFC_PHYS_s15_T1_test,104,107,107.56666666666666,0.2756904661655426,-1.5423931864921225
UBFC_PHYS_s15_T1_test,104,108,107.6,0.2545832097530365,-1.715907473502853
UBFC_PHYS_s15_T1_test,104,109,107.63333333333334,0.16729599237442017,-1.6753772968215792
UBFC_PHYS_s15_T1_test,104,110,107.66666666666667,0.08203647285699844,-1.3959904921029513
UBFC_PHYS_s15_T1_test,104,111,107.7,0.0255122147500515,-0.9017628957676352
UBFC_PHYS_s15_T1_test,104,112,107.73333333333333,-0.02591385506093502,-0.2672047550873286
UBFC_PHYS_s15_T1_test,104,113,107.76666666666667,-0.07197137176990509,0.3977091338462116
UBFC_PHYS_s15_T1_test,104,114,107.8,-0.09105096757411957,0.9762080134392239
UBFC_PHYS_s15_T1_test,104,115,107.83333333333333,-0.06067424640059471,1.3769638625113554
UBFC_PHYS_s15_T1_test,104,116,107.86666666666666,0.04088403284549713,1.5575253010634145
UBFC_PHYS_s15_T1_test,104,117,107.9,0.2179109901189804,1.5300841471599815
UBFC_PHYS_s15_T1_test,104,118,107.93333333333334,0.4419996440410614,1.348125534498375
UBFC_PHYS_s15_T1_test,104,119,107.96666666666667,0.6514117121696472,1.0804117778852407
UBFC_PHYS_s15_T1_test,104,120,108.0,0.7777270674705505,0.7837172956908113
UBFC_PHYS_s15_T1_test,104,121,108.03333333333333,0.8144765496253967,0.48578447190612045
UBFC_PHYS_s15_T1_test,104,122,108.06666666666666,0.8187443614006042,0.18506458539073822
UBFC_PHYS_s15_T1_test,104,123,108.1,0.7967873811721802,-0.13412549199586465
UBFC_PHYS_s15_T1_test,104,124,108.13333333333334,0.7064103484153748,-0.479850504165996
UBFC_PHYS_s15_T1_test,104,125,108.16666666666667,0.5267763733863831,-0.8357921691016693
UBFC_PHYS_s15_T1_test,104,126,108.2,0.2764243185520172,-1.1574084067582227
UBFC_PHYS_s15_T1_test,104,127,108.23333333333333,0.025531524792313576,-1.3820167885428618
UBFC_PHYS_s15_T1_test,104,128,108.26666666666667,-0.13428902626037598,-1.4480661943217001
UBFC_PHYS_s15_T1_test,104,129,108.3,-0.23449552059173584,-1.3163292159517794
UBFC_PHYS_s15_T1_test,104,130,108.33333333333333,-0.4159061312675476,-0.9861581504579818
UBFC_PHYS_s15_T1_test,104,131,108.36666666666666,-0.6776711940765381,-0.5018278304698551
UBFC_PHYS_s15_T1_test,104,132,108.4,-0.8305783271789551,0.05384147479454898
UBFC_PHYS_s15_T1_test,104,133,108.43333333333334,-0.7661557197570801,0.5786574031683329
UBFC_PHYS_s15_T1_test,104,134,108.46666666666667,-0.5612045526504517,0.9790949837857906
UBFC_PHYS_s15_T1_test,104,135,108.5,-0.27464377880096436,1.1981428570231547
UBFC_PHYS_s15_T1_test,104,136,108.53333333333333,0.15171174705028534,1.2303329082684402
UBFC_PHYS_s15_T1_test,104,137,108.56666666666666,0.7051358222961426,1.114971961240077
UBFC_PHYS_s15_T1_test,104,138,108.6,1.2315819263458252,0.9107006702666608
UBFC_PHYS_s15_T1_test,104,139,108.63333333333334,1.5644127130508423,0.6661382866270928
UBFC_PHYS_s15_T1_test,104,140,108.66666666666667,1.6479921340942383,0.4029075751742807
UBFC_PHYS_s15_T1_test,104,141,108.7,1.5457000732421875,0.11839529239270001
UBFC_PHYS_s15_T1_test,104,142,108.73333333333333,1.369117259979248,-0.19707372923289987
UBFC_PHYS_s15_T1_test,104,143,108.76666666666667,1.2162680625915527,-0.5412898549781223
UBFC_PHYS_s15_T1_test,104,144,108.8,1.1623507738113403,-0.8895433684617285
UBFC_PHYS_s15_T1_test,104,145,108.83333333333333,1.2432266473770142,-1.1952506397218543
UBFC_PHYS_s15_T1_test,104,146,108.86666666666666,1.407508134841919,-1.3999668092321162
UBFC_PHYS_s15_T1_test,104,147,108.9,1.5664403438568115,-1.4492852101971465
UBFC_PHYS_s15_T1_test,104,148,108.93333333333334,1.701252818107605,-1.3102502030347294
UBFC_PHYS_s15_T1_test,104,149,108.96666666666667,1.8352926969528198,-0.9850560145184124
UBFC_PHYS_s15_T1_test,104,150,109.0,1.97319495677948,-0.5157091972523971
UBFC_PHYS_s15_T1_test,104,151,109.03333333333333,2.175732135772705,0.02369277593392826
UBFC_PHYS_s15_T1_test,104,152,109.06666666666666,2.57045578956604,0.5459421625236062
UBFC_PHYS_s15_T1_test,104,153,109.1,3.2213246822357178,0.9745479255134228
UBFC_PHYS_s15_T1_test,104,154,109.13333333333334,4.08170223236084,1.2628470434088268
UBFC_PHYS_s15_T1_test,104,155,109.16666666666667,5.068124771118164,1.4006259910512535
UBFC_PHYS_s15_T1_test,104,156,109.2,6.070228576660156,1.4070634045049961
UBFC_PHYS_s15_T1_test,104,157,109.23333333333333,6.871590614318848,1.3153331986476808
UBFC_PHYS_s15_T1_test,104,158,109.26666666666667,7.153111457824707,1.1563073504002697
UBFC_PHYS_s15_T1_test,104,159,109.3,6.6009039878845215,0.9475209227890324
UBFC_PHYS_s15_T1_test,104,160,109.33333333333333,5.042247772216797,0.6914139934078612
UBFC_PHYS_s15_T1_test,104,161,109.36666666666666,2.676783800125122,0.38344722673208786
UBFC_PHYS_s15_T1_test,104,162,109.4,0.2412583827972412,0.025772663594609335
UBFC_PHYS_s15_T1_test,104,163,109.43333333333334,-1.44139564037323,-0.3611917438270243
UBFC_PHYS_s15_T1_test,104,164,109.46666666666667,-2.172947406768799,-0.7358222934389639
UBFC_PHYS_s15_T1_test,104,165,109.5,-2.408062696456909,-1.0429055872559587
UBFC_PHYS_s15_T1_test,104,166,109.53333333333333,-2.6267635822296143,-1.2286414453413246
UBFC_PHYS_s15_T1_test,104,167,109.56666666666666,-2.903475522994995,-1.2569875056561877
UBFC_PHYS_s15_T1_test,104,168,109.6,-3.107152223587036,-1.12165693122701
UBFC_PHYS_s15_T1_test,104,169,109.63333333333334,-3.201932191848755,-0.8503365307852605
UBFC_PHYS_s15_T1_test,104,170,109.66666666666667,-3.235456705093384,-0.49996133268017734
UBFC_PHYS_s15_T1_test,104,171,109.7,-3.2293930053710938,-0.14359257565811662
UBFC_PHYS_s15_T1_test,104,172,109.73333333333333,-3.278907299041748,0.1488625751388758
UBFC_PHYS_s15_T1_test,104,173,109.76666666666667,-3.5854358673095703,0.3312750168568044
UBFC_PHYS_s15_T1_test,104,174,109.8,-4.113813400268555,0.39555178611076997
UBFC_PHYS_s15_T1_test,104,175,109.83333333333333,-4.518984317779541,0.37177730509583934
UBFC_PHYS_s15_T1_test,104,176,109.86666666666666,-4.60422420501709,0.3117039302191128
UBFC_PHYS_s15_T1_test,104,177,109.9,-4.472830295562744,0.2618711210207556
UBFC_PHYS_s15_T1_test,104,178,109.93333333333334,-4.226649284362793,0.24003398570303042
UBFC_PHYS_s15_T1_test,104,179,109.96666666666667,-3.8636155128479004,0.22833114044248268
UBFC_PHYS_s15_T1_test,104,180,110.0,-3.4584059715270996,0.18697038104852112
UBFC_PHYS_s15_T1_test,104,181,110.03333333333333,-3.1480536460876465,0.08009816710555576
UBFC_PHYS_s15_T1_test,104,182,110.06666666666666,-2.9290244579315186,-0.10048826138247045
UBFC_PHYS_s15_T1_test,104,183,110.1,-2.684929370880127,-0.32548826282235177
UBFC_PHYS_s15_T1_test,104,184,110.13333333333334,-2.357119560241699,-0.5354746787791779
UBFC_PHYS_s15_T1_test,104,185,110.16666666666667,-1.997021198272705,-0.6608054497241066
UBFC_PHYS_s15_T1_test,104,186,110.2,-1.6656967401504517,-0.6459528371039375
UBFC_PHYS_s15_T1_test,104,187,110.23333333333333,-1.377822756767273,-0.47037905643695405
UBFC_PHYS_s15_T1_test,104,188,110.26666666666667,-1.1628104448318481,-0.1593526738725781
UBFC_PHYS_s15_T1_test,104,189,110.3,-1.0598809719085693,0.21979263126551649
UBFC_PHYS_s15_T1_test,104,190,110.33333333333333,-1.0464210510253906,0.5765490300223084
UBFC_PHYS_s15_T1_test,104,191,110.36666666666666,-1.0898908376693726,0.8261257422292589
UBFC_PHYS_s15_T1_test,104,192,110.4,-1.1922601461410522,0.917625269598071
UBFC_PHYS_s15_T1_test,104,193,110.43333333333334,-1.2694475650787354,0.8496894084513278
UBFC_PHYS_s15_T1_test,104,194,110.46666666666667,-1.152305006980896,0.66734087505198
UBFC_PHYS_s15_T1_test,104,195,110.5,-0.8218302726745605,0.4422053541983305
UBFC_PHYS_s15_T1_test,104,196,110.53333333333333,-0.4472677409648895,0.2445055268483378
UBFC_PHYS_s15_T1_test,104,197,110.56666666666666,-0.11484252661466599,0.11744397948891566
UBFC_PHYS_s15_T1_test,104,198,110.6,0.2710943818092346,0.06329895592148377
UBFC_PHYS_s15_T1_test,104,199,110.63333333333334,0.8212162256240845,0.04644032450152393
UBFC_PHYS_s15_T1_test,104,200,110.66666666666667,1.5264272689819336,0.012438241029618954
UBFC_PHYS_s15_T1_test,104,201,110.7,2.2099132537841797,-0.08419632165043155
UBFC_PHYS_s15_T1_test,104,202,110.73333333333333,2.632483720779419,-0.25592373226919957
UBFC_PHYS_s15_T1_test,104,203,110.76666666666667,2.720292329788208,-0.47338856618929115
UBFC_PHYS_s15_T1_test,104,204,110.8,2.581385850906372,-0.6762651290573546
UBFC_PHYS_s15_T1_test,104,205,110.83333333333333,2.2096621990203857,-0.798289843377683
UBFC_PHYS_s15_T1_test,104,206,110.86666666666666,1.4926711320877075,-0.7946156087563211
UBFC_PHYS_s15_T1_test,104,207,110.9,0.5254825353622437,-0.6595753854407974
UBFC_PHYS_s15_T1_test,104,208,110.93333333333334,-0.4013647139072418,-0.42857348011867147
UBFC_PHYS_s15_T1_test,104,209,110.96666666666667,-1.114590048789978,-0.1650911607139735
UBFC_PHYS_s15_T1_test,104,210,111.0,-1.607704758644104,0.06133838336437933
UBFC_PHYS_s15_T1_test,104,211,111.03333333333333,-1.8224468231201172,0.19873954636849953
UBFC_PHYS_s15_T1_test,104,212,111.06666666666666,-1.7012488842010498,0.23085772754658704
UBFC_PHYS_s15_T1_test,104,213,111.1,-1.3738253116607666,0.18363488111741127
UBFC_PHYS_s15_T1_test,104,214,111.13333333333334,-1.0933282375335693,0.11518432832190866
UBFC_PHYS_s15_T1_test,104,215,111.16666666666667,-0.9919630885124207,0.08987194522451805
UBFC_PHYS_s15_T1_test,104,216,111.2,-1.040531039237976,0.14678351849222718
UBFC_PHYS_s15_T1_test,104,217,111.23333333333333,-1.1668658256530762,0.2789870991647506
UBFC_PHYS_s15_T1_test,104,218,111.26666666666667,-1.287213921546936,0.43556249710462674
UBFC_PHYS_s15_T1_test,104,219,111.3,-1.3282312154769897,0.5459558005984729
UBFC_PHYS_s15_T1_test,104,220,111.33333333333333,-1.2865574359893799,0.5539229137475338
UBFC_PHYS_s15_T1_test,104,221,111.36666666666666,-1.204986333847046,0.4436164368951745
UBFC_PHYS_s15_T1_test,104,222,111.4,-1.1235504150390625,0.24589817360522456
UBFC_PHYS_s15_T1_test,104,223,111.43333333333334,-1.0607500076293945,0.02410102118596262
UBFC_PHYS_s15_T1_test,104,224,111.46666666666667,-0.993932843208313,-0.15206004951013802
UBFC_PHYS_s15_T1_test,104,225,111.5,-0.9026481509208679,-0.2324562857229866
UBFC_PHYS_s15_T1_test,104,226,111.53333333333333,-0.8459694385528564,-0.20346531719067992
UBFC_PHYS_s15_T1_test,104,227,111.56666666666666,-0.8760371804237366,-0.09194317036028542
UBFC_PHYS_s15_T1_test,104,228,111.6,-0.8900185823440552,0.044397942205335564
UBFC_PHYS_s15_T1_test,104,229,111.63333333333334,-0.7472885251045227,0.13808332725488048
UBFC_PHYS_s15_T1_test,104,230,111.66666666666667,-0.4738401174545288,0.13802495152170033
UBFC_PHYS_s15_T1_test,104,231,111.7,-0.20969976484775543,0.03042056645897742
UBFC_PHYS_s15_T1_test,104,232,111.73333333333333,-0.039644207805395126,-0.15569274777345646
UBFC_PHYS_s15_T1_test,104,233,111.76666666666667,0.019255343824625015,-0.36173623553457257
UBFC_PHYS_s15_T1_test,104,234,111.8,-0.013129754923284054,-0.5245554483793301
UBFC_PHYS_s15_T1_test,104,235,111.83333333333333,-0.05314282700419426,-0.5993629574264383
UBFC_PHYS_s15_T1_test,104,236,111.86666666666666,-0.005598336458206177,-0.5704285437557285
UBFC_PHYS_s15_T1_test,104,237,111.9,0.13083620369434357,-0.44839619122234536
UBFC_PHYS_s15_T1_test,104,238,111.93333333333334,0.2557225525379181,-0.26012620225253924
UBFC_PHYS_s15_T1_test,104,239,111.96666666666667,0.28804972767829895,-0.03862587122379068
UBFC_PHYS_s15_T1_test,105,0,105.0,-0.12720178067684174,0.011475826661633833
UBFC_PHYS_s15_T1_test,105,1,105.03333333333333,-0.13759127259254456,0.28680477977886426
UBFC_PHYS_s15_T1_test,105,2,105.06666666666666,-0.12604309618473053,0.5778153928806468
UBFC_PHYS_s15_T1_test,105,3,105.1,-0.10107354819774628,0.8832469981292358
UBFC_PHYS_s15_T1_test,105,4,105.13333333333334,-0.1085856556892395,1.1782386745368225
UBFC_PHYS_s15_T1_test,105,5,105.16666666666667,-0.1642795205116272,1.4173652402063424
UBFC_PHYS_s15_T1_test,105,6,105.2,-0.2535558044910431,1.5471489805430978
UBFC_PHYS_s15_T1_test,105,7,105.23333333333333,-0.3320370316505432,1.5234801123532056
UBFC_PHYS_s15_T1_test,105,8,105.26666666666667,-0.31382644176483154,1.3286730988124857
UBFC_PHYS_s15_T1_test,105,9,105.3,-0.1430177539587021,0.9829831232979348
UBFC_PHYS_s15_T1_test,105,10,105.33333333333333,0.10183058679103851,0.5452679568188853
UBFC_PHYS_s15_T1_test,105,11,105.36666666666666,0.27934032678604126,0.09950591203486871
UBFC_PHYS_s15_T1_test,105,12,105.4,0.3304767310619354,-0.27026338794696597
UBFC_PHYS_s15_T1_test,105,13,105.43333333333334,0.2934955358505249,-0.5074239128777717
UBFC_PHYS_s15_T1_test,105,14,105.46666666666667,0.2190503478050232,-0.6008643794958268
UBFC_PHYS_s15_T1_test,105,15,105.5,0.14132225513458252,-0.5852382118059293
UBFC_PHYS_s15_T1_test,105,16,105.53333333333333,0.09246458858251572,-0.5231598678135431
UBFC_PHYS_s15_T1_test,105,17,105.56666666666666,0.08221027255058289,-0.4773157744966883
UBFC_PHYS_s15_T1_test,105,18,105.6,0.09248390048742294,-0.4842091640610169
UBFC_PHYS_s15_T1_test,105,19,105.63333333333334,0.09020516276359558,-0.5396612581439658
UBFC_PHYS_s15_T1_test,105,20,105.66666666666667,0.055290281772613525,-0.6010596149216972
UBFC_PHYS_s15_T1_test,105,21,105.7,0.010101773776113987,-0.6053319655680826
UBFC_PHYS_s15_T1_test,105,22,105.73333333333333,-0.012878707610070705,-0.4966753577531136
UBFC_PHYS_s15_T1_test,105,23,105.76666666666667,-0.03408254683017731,-0.25435262706285017
UBFC_PHYS_s15_T1_test,105,24,105.8,-0.10541859269142151,0.09107004618492329
UBFC_PHYS_s15_T1_test,105,25,105.83333333333333,-0.22752413153648376,0.4620968917203231
UBFC_PHYS_s15_T1_test,105,26,105.86666666666666,-0.33804285526275635,0.7599739224378161
UBFC_PHYS_s15_T1_test,105,27,105.9,-0.358705997467041,0.9017446197837915
UBFC_PHYS_s15_T1_test,105,28,105.93333333333334,-0.2573794424533844,0.8519457468421463
UBFC_PHYS_s15_T1_test,105,29,105.96666666666667,-0.08147254586219788,0.6341239904866781
UBFC_PHYS_s15_T1_test,105,30,106.0,0.08831265568733215,0.3180486618113981
UBFC_PHYS_s15_T1_test,105,31,106.03333333333333,0.1993914246559143,-0.009302674282599564
UBFC_PHYS_s15_T1_test,105,32,106.06666666666666,0.2358512133359909,-0.27501055461478074
UBFC_PHYS_s15_T1_test,105,33,106.1,0.21310245990753174,-0.44167716731634465
UBFC_PHYS_s15_T1_test,105,34,106.13333333333334,0.17405495047569275,-0.5135358257582907
UBFC_PHYS_s15_T1_test,105,35,106.16666666666667,0.13601163029670715,-0.5279481453234712
UBFC_PHYS_s15_T1_test,105,36,106.2,0.09219422936439514,-0.5362392371825347
UBFC_PHYS_s15_T1_test,105,37,106.23333333333333,0.06286032497882843,-0.5794447372409461
UBFC_PHYS_s15_T1_test,105,38,106.26666666666667,0.06131541728973389,-0.6666662567212914
UBFC_PHYS_s15_T1_test,105,39,106.3,0.048280272632837296,-0.7651058736260297
UBFC_PHYS_s15_T1_test,105,40,106.33333333333333,-0.0109475739300251,-0.8087072566732655
UBFC_PHYS_s15_T1_test,105,41,106.36666666666666,-0.10561170428991318,-0.7251147505749995
UBFC_PHYS_s15_T1_test,105,42,106.4,-0.20494918525218964,-0.4705429285318486
UBFC_PHYS_s15_T1_test,105,43,106.43333333333334,-0.2990919053554535,-0.056118369465261005
UBFC_PHYS_s15_T1_test,105,44,106.46666666666667,-0.41017067432403564,0.4473990549114858
UBFC_PHYS_s15_T1_test,105,45,106.5,-0.5327396988868713,0.9293916814540569
UBFC_PHYS_s15_T1_test,105,46,106.53333333333333,-0.5689484477043152,1.2757382939232174
UBFC_PHYS_s15_T1_test,105,47,106.56666666666666,-0.43626028299331665,1.4072924060003715
UBFC_PHYS_s15_T1_test,105,48,106.6,-0.186468243598938,1.3057992728167451
UBFC_PHYS_s15_T1_test,105,49,106.63333333333334,0.05237427353858948,1.0175732008655478
UBFC_PHYS_s15_T1_test,105,50,106.66666666666667,0.20582209527492523,0.6332206040107108
UBFC_PHYS_s15_T1_test,105,51,106.7,0.27787265181541443,0.25105901849880136
UBFC_PHYS_s15_T1_test,105,52,106.73333333333333,0.2991730570793152,-0.060069119491658426
UBFC_PHYS_s15_T1_test,105,53,106.76666666666667,0.290965735912323,-0.2814574934685906
UBFC_PHYS_s15_T1_test,105,54,106.8,0.2633891701698303,-0.43954785255746764
UBFC_PHYS_s15_T1_test,105,55,106.83333333333333,0.22803011536598206,-0.5794503828324187
UBFC_PHYS_s15_T1_test,105,56,106.86666666666666,0.2154584378004074,-0.7320549105950942
UBFC_PHYS_s15_T1_test,105,57,106.9,0.24560342729091644,-0.8920526144038466
UBFC_PHYS_s15_T1_test,105,58,106.93333333333334,0.270495742559433,-1.0165998946124082
UBFC_PHYS_s15_T1_test,105,59,106.96666666666667,0.21462805569171906,-1.0431029066723638
UBFC_PHYS_s15_T1_test,105,60,107.0,0.09816143661737442,-0.9169080597778873
UBFC_PHYS_s15_T1_test,105,61,107.03333333333333,0.009715547785162926,-0.617465966943503
UBFC_PHYS_s15_T1_test,105,62,107.06666666666666,-0.054977402091026306,-0.1733065010124858
UBFC_PHYS_s15_T1_test,105,63,107.1,-0.15611083805561066,0.33986608464267143
UBFC_PHYS_s15_T1_test,105,64,107.13333333333334,-0.2916956841945648,0.8186041495919975
UBFC_PHYS_s15_T1_test,105,65,107.16666666666667,-0.4031606614589691,1.1633334900584043
UBFC_PHYS_s15_T1_test,105,66,107.2,-0.42098501324653625,1.3109057322772875
UBFC_PHYS_s15_T1_test,105,67,107.23333333333333,-0.3083034157752991,1.2544176841536794
UBFC_PHYS_s15_T1_test,105,68,107.26666666666667,-0.11532530933618546,1.0407049603803329
UBFC_PHYS_s15_T1_test,105,69,107.3,0.04596291109919548,0.7460719597076335
UBFC_PHYS_s15_T1_test,105,70,107.33333333333333,0.11583130061626434,0.44243388571056286
UBFC_PHYS_s15_T1_test,105,71,107.36666666666666,0.11650719493627548,0.17106497545386862
UBFC_PHYS_s15_T1_test,105,72,107.4,0.10604045540094376,-0.06473997884108423
UBFC_PHYS_s15_T1_test,105,73,107.43333333333334,0.11984805762767792,-0.2882137969774469
UBFC_PHYS_s15_T1_test,105,74,107.46666666666667,0.14869917929172516,-0.5275949815739897
UBFC_PHYS_s15_T1_test,105,75,107.5,0.1807173639535904,-0.7952633801511
UBFC_PHYS_s15_T1_test,105,76,107.53333333333333,0.23032817244529724,-1.074847973884629
UBFC_PHYS_s15_T1_test,105,77,107.56666666666666,0.2756904661655426,-1.319296682813928
UBFC_PHYS_s15_T1_test,105,78,107.6,0.2545832097530365,-1.4608010073180804
UBFC_PHYS_s15_T1_test,105,79,107.63333333333334,0.16729599237442017,-1.4315128617152035
UBFC_PHYS_s15_T1_test,105,80,107.66666666666667,0.08203647285699844,-1.1897255237370612
UBFC_PHYS_s15_T1_test,105,81,107.7,0.0255122147500515,-0.7418401991934541
UBFC_PHYS_s15_T1_test,105,82,107.73333333333333,-0.02591385506093502,-0.14987733732946665
UBFC_PHYS_s15_T1_test,105,83,107.76666666666667,-0.07197137176990509,0.480882034936644
UBFC_PHYS_s15_T1_test,105,84,107.8,-0.09105096757411957,1.0309658743343255
UBFC_PHYS_s15_T1_test,105,85,107.83333333333333,-0.06067424640059471,1.4017467111600523
UBFC_PHYS_s15_T1_test,105,86,107.86666666666666,0.04088403284549713,1.5433358181802386
UBFC_PHYS_s15_T1_test,105,87,107.9,0.2179109901189804,1.4653751233829548
UBFC_PHYS_s15_T1_test,105,88,107.93333333333334,0.4419996440410614,1.2272957420849675
UBFC_PHYS_s15_T1_test,105,89,107.96666666666667,0.6514117121696472,0.9121705843905261
UBFC_PHYS_s15_T1_test,105,90,108.0,0.7777270674705505,0.5945253931007503
UBFC_PHYS_s15_T1_test,105,91,108.03333333333333,0.8144765496253967,0.3151472112194956
UBFC_PHYS_s15_T1_test,105,92,108.06666666666666,0.8187443614006042,0.0735085856498188
UBFC_PHYS_s15_T1_test,105,93,108.1,0.7967873811721802,-0.15927666332602897
UBFC_PHYS_s15_T1_test,105,94,108.13333333333334,0.7064103484153748,-0.4142869601199672
UBFC_PHYS_s15_T1_test,105,95,108.16666666666667,0.5267763733863831,-0.6991987630398195
UBFC_PHYS_s15_T1_test,105,96,108.2,0.2764243185520172,-0.9853937940044875
UBFC_PHYS_s15_T1_test,105,97,108.23333333333333,0.025531524792313576,-1.2126608551942493
UBFC_PHYS_s15_T1_test,105,98,108.26666666666667,-0.13428902626037598,-1.308795133947285
UBFC_PHYS_s15_T1_test,105,99,108.3,-0.23449552059173584,-1.2163979697677274
UBFC_PHYS_s15_T1_test,105,100,108.33333333333333,-0.4159061312675476,-0.9174212032795392
UBFC_PHYS_s15_T1_test,105,101,108.36666666666666,-0.6776711940765381,-0.4467651700406248
UBFC_PHYS_s15_T1_test,105,102,108.4,-0.8305783271789551,0.1111446113488436
UBFC_PHYS_s15_T1_test,105,103,108.43333333333334,-0.7661557197570801,0.6439551372455053
UBFC_PHYS_s15_T1_test,105,104,108.46666666666667,-0.5612045526504517,1.0452701063786791
UBFC_PHYS_s15_T1_test,105,105,108.5,-0.27464377880096436,1.2482960857881251
UBFC_PHYS_s15_T1_test,105,106,108.53333333333333,0.15171174705028534,1.2444272244269283
UBFC_PHYS_s15_T1_test,105,107,108.56666666666666,0.7051358222961426,1.0775810812744406
UBFC_PHYS_s15_T1_test,105,108,108.6,1.2315819263458252,0.8177015746647779
UBFC_PHYS_s15_T1_test,105,109,108.63333333333334,1.5644127130508423,0.528186287561621
UBFC_PHYS_s15_T1_test,105,110,108.66666666666667,1.6479921340942383,0.24397022623888107
UBFC_PHYS_s15_T1_test,105,111,108.7,1.5457000732421875,-0.03090566212211996
UBFC_PHYS_s15_T1_test,105,112,108.73333333333333,1.369117259979248,-0.30943137267458454
UBFC_PHYS_s15_T1_test,105,113,108.76666666666667,1.2162680625915527,-0.6022999864763772
UBFC_PHYS_s15_T1_test,105,114,108.8,1.1623507738113403,-0.9027519230222061
UBFC_PHYS_s15_T1_test,105,115,108.83333333333333,1.2432266473770142,-1.1798793553089388
UBFC_PHYS_s15_T1_test,105,116,108.86666666666666,1.407508134841919,-1.3814602528774633
UBFC_PHYS_s15_T1_test,105,117,108.9,1.5664403438568115,-1.4462958163905284
UBFC_PHYS_s15_T1_test,105,118,108.93333333333334,1.701252818107605,-1.3241734505278486
UBFC_PHYS_s15_T1_test,105,119,108.96666666666667,1.8352926969528198,-0.9979499383056402
UBFC_PHYS_s15_T1_test,105,120,109.0,1.97319495677948,-0.4985527611057064
UBFC_PHYS_s15_T1_test,105,121,109.03333333333333,2.175732135772705,0.09604077296455552
UBFC_PHYS_s15_T1_test,105,122,109.06666666666666,2.57045578956604,0.6803692983419811
UBFC_PHYS_s15_T1_test,105,123,109.1,3.2213246822357178,1.152812474364358
UBFC_PHYS_s15_T1_test,105,124,109.13333333333334,4.08170223236084,1.4454251220819307
UBFC_PHYS_s15_T1_test,105,125,109.16666666666667,5.068124771118164,1.5396177719653135
UBFC_PHYS_s15_T1_test,105,126,109.2,6.070228576660156,1.4626339050784976
UBFC_PHYS_s15_T1_test,105,127,109.23333333333333,6.871590614318848,1.2688946677251356
UBFC_PHYS_s15_T1_test,105,128,109.26666666666667,7.153111457824707,1.0153582771255707
UBFC_PHYS_s15_T1_test,105,129,109.3,6.6009039878845215,0.7407820740545921
UBFC_PHYS_s15_T1_test,105,130,109.33333333333333,5.042247772216797,0.4568517717044821
UBFC_PHYS_s15_T1_test,105,131,109.36666666666666,2.676783800125122,0.1543414493837098
UBFC_PHYS_s15_T1_test,105,132,109.4,0.2412583827972412,-0.17962865114804255
UBFC_PHYS_s15_T1_test,105,133,109.43333333333334,-1.44139564037323,-0.5425900500179577
UBFC_PHYS_s15_T1_test,105,134,109.46666666666667,-2.172947406768799,-0.9055355357887966
UBFC_PHYS_s15_T1_test,105,135,109.5,-2.408062696456909,-1.2147479952995834
UBFC_PHYS_s15_T1_test,105,136,109.53333333333333,-2.6267635822296143,-1.4059325704916839
UBFC_PHYS_s15_T1_test,105,137,109.56666666666666,-2.903475522994995,-1.4251052926033747
UBFC_PHYS_s15_T1_test,105,138,109.6,-3.107152223587036,-1.2485328003629443
UBFC_PHYS_s15_T1_test,105,139,109.63333333333334,-3.201932191848755,-0.8946997604217771
UBFC_PHYS_s15_T1_test,105,140,109.66666666666667,-3.235456705093384,-0.42399122822113505
UBFC_PHYS_s15_T1_test,105,141,109.7,-3.2293930053710938,0.07465518555902342
UBFC_PHYS_s15_T1_test,105,142,109.73333333333333,-3.278907299041748,0.5072354620265884
UBFC_PHYS_s15_T1_test,105,143,109.76666666666667,-3.5854358673095703,0.8016776884856324
UBFC_PHYS_s15_T1_test,105,144,109.8,-4.113813400268555,0.928656553553733
UBFC_PHYS_s15_T1_test,105,145,109.83333333333333,-4.518984317779541,0.9068497728958048
UBFC_PHYS_s15_T1_test,105,146,109.86666666666666,-4.60422420501709,0.7889033019043636
UBFC_PHYS_s15_T1_test,105,147,109.9,-4.472830295562744,0.6337108967364318
UBFC_PHYS_s15_T1_test,105,148,109.93333333333334,-4.226649284362793,0.47883587329031346
UBFC_PHYS_s15_T1_test,105,149,109.96666666666667,-3.8636155128479004,0.32764852591984045
UBFC_PHYS_s15_T1_test,105,150,110.0,-3.4584059715270996,0.156922903697717
UBFC_PHYS_s15_T1_test,105,151,110.03333333333333,-3.1480536460876465,-0.06122221563117653
UBFC_PHYS_s15_T1_test,105,152,110.06666666666666,-2.9290244579315186,-0.3357352986299029
UBFC_PHYS_s15_T1_test,105,153,110.1,-2.684929370880127,-0.6428123283969533
UBFC_PHYS_s15_T1_test,105,154,110.13333333333334,-2.357119560241699,-0.9267082512990288
UBFC_PHYS_s15_T1_test,105,155,110.16666666666667,-1.997021198272705,-1.1135757328197062
UBFC_PHYS_s15_T1_test,105,156,110.2,-1.6656967401504517,-1.1338354913370965
UBFC_PHYS_s15_T1_test,105,157,110.23333333333333,-1.377822756767273,-0.9472604510424998
UBFC_PHYS_s15_T1_test,105,158,110.26666666666667,-1.1628104448318481,-0.5627570563273457
UBFC_PHYS_s15_T1_test,105,159,110.3,-1.0598809719085693,-0.0439650660658641
UBFC_PHYS_s15_T1_test,105,160,110.33333333333333,-1.0464210510253906,0.5045519164956348
UBFC_PHYS_s15_T1_test,105,161,110.36666666666666,-1.0898908376693726,0.9678360120609771
UBFC_PHYS_s15_T1_test,105,162,110.4,-1.1922601461410522,1.256504012962685
UBFC_PHYS_s15_T1_test,105,163,110.43333333333334,-1.2694475650787354,1.333155378099433
UBFC_PHYS_s15_T1_test,105,164,110.46666666666667,-1.152305006980896,1.2185391241302228
UBFC_PHYS_s15_T1_test,105,165,110.5,-0.8218302726745605,0.976318334224619
UBFC_PHYS_s15_T1_test,105,166,110.53333333333333,-0.4472677409648895,0.6844109784959539
UBFC_PHYS_s15_T1_test,105,167,110.56666666666666,-0.11484252661466599,0.4054683444862548
UBFC_PHYS_s15_T1_test,105,168,110.6,0.2710943818092346,0.16775270238811296
UBFC_PHYS_s15_T1_test,105,169,110.63333333333334,0.8212162256240845,-0.03752926362443561
UBFC_PHYS_s15_T1_test,105,170,110.66666666666667,1.5264272689819336,-0.24260323359649955
UBFC_PHYS_s15_T1_test,105,171,110.7,2.2099132537841797,-0.47923783583795787
UBFC_PHYS_s15_T1_test,105,172,110.73333333333333,2.632483720779419,-0.7549441027996664
UBFC_PHYS_s15_T1_test,105,173,110.76666666666667,2.720292329788208,-1.0401193855731488
UBFC_PHYS_s15_T1_test,105,174,110.8,2.581385850906372,-1.272458429299154
UBFC_PHYS_s15_T1_test,105,175,110.83333333333333,2.2096621990203857,-1.3773926241789851
UBFC_PHYS_s15_T1_test,105,176,110.86666666666666,1.4926711320877075,-1.2963710136984514
UBFC_PHYS_s15_T1_test,105,177,110.9,0.5254825353622437,-1.0116489122811005
UBFC_PHYS_s15_T1_test,105,178,110.93333333333334,-0.4013647139072418,-0.5580682561212216
UBFC_PHYS_s15_T1_test,105,179,110.96666666666667,-1.114590048789978,-0.01732317165850525
UBFC_PHYS_s15_T1_test,105,180,111.0,-1.607704758644104,0.5040983350999991
UBFC_PHYS_s15_T1_test,105,181,111.03333333333333,-1.8224468231201172,0.9067266179879583
UBFC_PHYS_s15_T1_test,105,182,111.06666666666666,-1.7012488842010498,1.1288183989610474
UBFC_PHYS_s15_T1_test,105,183,111.1,-1.3738253116607666,1.1637908063311828
UBFC_PHYS_s15_T1_test,105,184,111.13333333333334,-1.0933282375335693,1.0558461565959638
UBFC_PHYS_s15_T1_test,105,185,111.16666666666667,-0.9919630885124207,0.874451479014436
UBFC_PHYS_s15_T1_test,105,186,111.2,-1.040531039237976,0.6799149851598124
UBFC_PHYS_s15_T1_test,105,187,111.23333333333333,-1.1668658256530762,0.49821679796027785
UBFC_PHYS_s15_T1_test,105,188,111.26666666666667,-1.287213921546936,0.31789335089958193
UBFC_PHYS_s15_T1_test,105,189,111.3,-1.3282312154769897,0.10860566078953153
UBFC_PHYS_s15_T1_test,105,190,111.33333333333333,-1.2865574359893799,-0.15134468902760068
UBFC_PHYS_s15_T1_test,105,191,111.36666666666666,-1.204986333847046,-0.45487067426702255
UBFC_PHYS_s15_T1_test,105,192,111.4,-1.1235504150390625,-0.7625067257764194
UBFC_PHYS_s15_T1_test,105,193,111.43333333333334,-1.0607500076293945,-1.0139649498176049
UBFC_PHYS_s15_T1_test,105,194,111.46666666666667,-0.993932843208313,-1.1476250947718283
UBFC_PHYS_s15_T1_test,105,195,111.5,-0.9026481509208679,-1.1204793442585428
UBFC_PHYS_s15_T1_test,105,196,111.53333333333333,-0.8459694385528564,-0.9230366537690772
UBFC_PHYS_s15_T1_test,105,197,111.56666666666666,-0.8760371804237366,-0.5854477470970895
UBFC_PHYS_s15_T1_test,105,198,111.6,-0.8900185823440552,-0.17221309162929244
UBFC_PHYS_s15_T1_test,105,199,111.63333333333334,-0.7472885251045227,0.23497058538083257
UBFC_PHYS_s15_T1_test,105,200,111.66666666666667,-0.4738401174545288,0.5621281248955197
UBFC_PHYS_s15_T1_test,105,201,111.7,-0.20969976484775543,0.7664665817488276
UBFC_PHYS_s15_T1_test,105,202,111.73333333333333,-0.039644207805395126,0.8471979177086177
UBFC_PHYS_s15_T1_test,105,203,111.76666666666667,0.019255343824625015,0.8374281723421453
UBFC_PHYS_s15_T1_test,105,204,111.8,-0.013129754923284054,0.7816456087038389
UBFC_PHYS_s15_T1_test,105,205,111.83333333333333,-0.05314282700419426,0.7117867634920351
UBFC_PHYS_s15_T1_test,105,206,111.86666666666666,-0.005598336458206177,0.6339267456382734
UBFC_PHYS_s15_T1_test,105,207,111.9,0.13083620369434357,0.5299707530678386
UBFC_PHYS_s15_T1_test,105,208,111.93333333333334,0.2557225525379181,0.3710393498381113
UBFC_PHYS_s15_T1_test,105,209,111.96666666666667,0.28804972767829895,0.13536938451987057
UBFC_PHYS_s15_T1_test,105,210,112.0,0.24154804646968842,-0.17619377547166523
UBFC_PHYS_s15_T1_test,105,211,112.03333333333333,0.16154120862483978,-0.5320338114475373
UBFC_PHYS_s15_T1_test,105,212,112.06666666666666,0.07431194186210632,-0.8721361545526395
UBFC_PHYS_s15_T1_test,105,213,112.1,0.017227653414011,-1.1218400123361458
UBFC_PHYS_s15_T1_test,105,214,112.13333333333334,0.02085818350315094,-1.213740839441396
UBFC_PHYS_s15_T1_test,105,215,112.16666666666667,0.060600899159908295,-1.1105168353138661
UBFC_PHYS_s15_T1_test,105,216,112.2,0.08628496527671814,-0.8201193077968747
UBFC_PHYS_s15_T1_test,105,217,112.23333333333333,0.06791989505290985,-0.39698304263506357
UBFC_PHYS_s15_T1_test,105,218,112.26666666666667,0.0158565491437912,0.0721630409091634
UBFC_PHYS_s15_T1_test,105,219,112.3,0.005467054899781942,0.49376072689205924
UBFC_PHYS_s15_T1_test,105,220,112.33333333333333,0.10955511778593063,0.7959122895518956
UBFC_PHYS_s15_T1_test,105,221,112.36666666666666,0.2855006456375122,0.9497231829533803
UBFC_PHYS_s15_T1_test,105,222,112.4,0.4130326509475708,0.9743022168605031
UBFC_PHYS_s15_T1_test,105,223,112.43333333333334,0.4444328546524048,0.9216360400573155
UBFC_PHYS_s15_T1_test,105,224,112.46666666666667,0.4534319341182709,0.8469605407259695
UBFC_PHYS_s15_T1_test,105,225,112.5,0.5236865878105164,0.7789537900734645
UBFC_PHYS_s15_T1_test,105,226,112.53333333333333,0.6340121626853943,0.7060951862379787
UBFC_PHYS_s15_T1_test,105,227,112.56666666666666,0.7300280928611755,0.5873670278467965
UBFC_PHYS_s15_T1_test,105,228,112.6,0.8542578816413879,0.38027397889900333
UBFC_PHYS_s15_T1_test,105,229,112.63333333333334,1.1083177328109741,0.06852612814316521
UBFC_PHYS_s15_T1_test,105,230,112.66666666666667,1.5202476978302002,-0.3256023005310166
UBFC_PHYS_s15_T1_test,105,231,112.7,1.954771876335144,-0.7477198149388834
UBFC_PHYS_s15_T1_test,105,232,112.73333333333333,2.188863754272461,-1.1296217505350912
UBFC_PHYS_s15_T1_test,105,233,112.76666666666667,2.1193816661834717,-1.408895963146175
UBFC_PHYS_s15_T1_test,105,234,112.8,1.8485209941864014,-1.5425814496237154
UBFC_PHYS_s15_T1_test,105,235,112.83333333333333,1.5269100666046143,-1.5130731377316629
UBFC_PHYS_s15_T1_test,105,236,112.86666666666666,1.2552382946014404,-1.3274293962998769
UBFC_PHYS_s15_T1_test,105,237,112.9,1.0873262882232666,-1.011969540265821
UBFC_PHYS_s15_T1_test,105,238,112.93333333333334,0.9789125323295593,-0.6046221644021217
UBFC_PHYS_s15_T1_test,105,239,112.96666666666667,0.8035269975662231,-0.14803945077058306
UBFC_PHYS_s15_T1_test,106,0,106.0,0.08831265568733215,-0.012611605462656494
UBFC_PHYS_s15_T1_test,106,1,106.03333333333333,0.1993914246559143,0.7117647778847868
UBFC_PHYS_s15_T1_test,106,2,106.06666666666666,0.2358512133359909,1.315320382282565
UBFC_PHYS_s15_T1_test,106,3,106.1,0.21310245990753174,1.7022286771811064
UBFC_PHYS_s15_T1_test,106,4,106.13333333333334,0.17405495047569275,1.8172924720645776
UBFC_PHYS_s15_T1_test,106,5,106.16666666666667,0.13601163029670715,1.6524992350362682
UBFC_PHYS_s15_T1_test,106,6,106.2,0.09219422936439514,1.243663144946672
UBFC_PHYS_s15_T1_test,106,7,106.23333333333333,0.06286032497882843,0.6628106176046655
UBFC_PHYS_s15_T1_test,106,8,106.26666666666667,0.06131541728973389,0.009333300608804877
UBFC_PHYS_s15_T1_test,106,9,106.3,0.048280272632837296,-0.6025330928040261
UBFC_PHYS_s15_T1_test,106,10,106.33333333333333,-0.0109475739300251,-1.062948692202112
UBFC_PHYS_s15_T1_test,106,11,106.36666666666666,-0.10561170428991318,-1.2906387696841524
UBFC_PHYS_s15_T1_test,106,12,106.4,-0.20494918525218964,-1.2543130011056338
UBFC_PHYS_s15_T1_test,106,13,106.43333333333334,-0.2990919053554535,-0.981819539003165
UBFC_PHYS_s15_T1_test,106,14,106.46666666666667,-0.41017067432403564,-0.5519185687501726
UBFC_PHYS_s15_T1_test,106,15,106.5,-0.5327396988868713,-0.07088366224534444
UBFC_PHYS_s15_T1_test,106,16,106.53333333333333,-0.5689484477043152,0.3583044141435835
UBFC_PHYS_s15_T1_test,106,17,106.56666666666666,-0.43626028299331665,0.6641687233990353
UBFC_PHYS_s15_T1_test,106,18,106.6,-0.186468243598938,0.8230925739786912
UBFC_PHYS_s15_T1_test,106,19,106.63333333333334,0.05237427353858948,0.857933602682143
UBFC_PHYS_s15_T1_test,106,20,106.66666666666667,0.20582209527492523,0.8187191649565084
UBFC_PHYS_s15_T1_test,106,21,106.7,0.27787265181541443,0.7528015782703166
UBFC_PHYS_s15_T1_test,106,22,106.73333333333333,0.2991730570793152,0.6786061721832147
UBFC_PHYS_s15_T1_test,106,23,106.76666666666667,0.290965735912323,0.5772737414158923
UBFC_PHYS_s15_T1_test,106,24,106.8,0.2633891701698303,0.4072932492228048
UBFC_PHYS_s15_T1_test,106,25,106.83333333333333,0.22803011536598206,0.13414246622052936
UBFC_PHYS_s15_T1_test,106,26,106.86666666666666,0.2154584378004074,-0.24149114397568852
UBFC_PHYS_s15_T1_test,106,27,106.9,0.24560342729091644,-0.6720979376321536
UBFC_PHYS_s15_T1_test,106,28,106.93333333333334,0.270495742559433,-1.0735757888928616
UBFC_PHYS_s15_T1_test,106,29,106.96666666666667,0.21462805569171906,-1.3513025548681263
UBFC_PHYS_s15_T1_test,106,30,107.0,0.09816143661737442,-1.4306589532769285
UBFC_PHYS_s15_T1_test,106,31,107.03333333333333,0.009715547785162926,-1.2813933466010166
UBFC_PHYS_s15_T1_test,106,32,107.06666666666666,-0.054977402091026306,-0.9288425554284344
UBFC_PHYS_s15_T1_test,106,33,107.1,-0.15611083805561066,-0.4488360585671264
UBFC_PHYS_s15_T1_test,106,34,107.13333333333334,-0.2916956841945648,0.05348855638360092
UBFC_PHYS_s15_T1_test,106,35,107.16666666666667,-0.4031606614589691,0.4760851998185594
UBFC_PHYS_s15_T1_test,106,36,107.2,-0.42098501324653625,0.752671715911336
UBFC_PHYS_s15_T1_test,106,37,107.23333333333333,-0.3083034157752991,0.8716281751280818
UBFC_PHYS_s15_T1_test,106,38,107.26666666666667,-0.11532530933618546,0.8713631860382187
UBFC_PHYS_s15_T1_test,106,39,107.3,0.04596291109919548,0.8136443502846984
UBFC_PHYS_s15_T1_test,106,40,107.33333333333333,0.11583130061626434,0.7489432100399562
UBFC_PHYS_s15_T1_test,106,41,107.36666666666666,0.11650719493627548,0.6924345625153767
UBFC_PHYS_s15_T1_test,106,42,107.4,0.10604045540094376,0.6214883949023458
UBFC_PHYS_s15_T1_test,106,43,107.43333333333334,0.11984805762767792,0.4924716257185644
UBFC_PHYS_s15_T1_test,106,44,107.46666666666667,0.14869917929172516,0.2663165976746006
UBFC_PHYS_s15_T1_test,106,45,107.5,0.1807173639535904,-0.06853390676604738
UBFC_PHYS_s15_T1_test,106,46,107.53333333333333,0.23032817244529724,-0.48320801022607435
UBFC_PHYS_s15_T1_test,106,47,107.56666666666666,0.2756904661655426,-0.9086960251962983
UBFC_PHYS_s15_T1_test,106,48,107.6,0.2545832097530365,-1.2504241935873524
UBFC_PHYS_s15_T1_test,106,49,107.63333333333334,0.16729599237442017,-1.4153309792517046
UBFC_PHYS_s15_T1_test,106,50,107.66666666666667,0.08203647285699844,-1.343822564598323
UBFC_PHYS_s15_T1_test,106,51,107.7,0.0255122147500515,-1.0340516941201614
UBFC_PHYS_s15_T1_test,106,52,107.73333333333333,-0.02591385506093502,-0.5470523736055395
UBFC_PHYS_s15_T1_test,106,53,107.76666666666667,-0.07197137176990509,0.01102652535195645
UBFC_PHYS_s15_T1_test,106,54,107.8,-0.09105096757411957,0.5227591406171161
UBFC_PHYS_s15_T1_test,106,55,107.83333333333333,-0.06067424640059471,0.895423956245608
UBFC_PHYS_s15_T1_test,106,56,107.86666666666666,0.04088403284549713,1.0856856550234413
UBFC_PHYS_s15_T1_test,106,57,107.9,0.2179109901189804,1.105352785615055
UBFC_PHYS_s15_T1_test,106,58,107.93333333333334,0.4419996440410614,1.007493439967467
UBFC_PHYS_s15_T1_test,106,59,107.96666666666667,0.6514117121696472,0.8587412825586106
UBFC_PHYS_s15_T1_test,106,60,108.0,0.7777270674705505,0.709056879479867
UBFC_PHYS_s15_T1_test,106,61,108.03333333333333,0.8144765496253967,0.5720024070115254
UBFC_PHYS_s15_T1_test,106,62,108.06666666666666,0.8187443614006042,0.4246409832913772
UBFC_PHYS_s15_T1_test,106,63,108.1,0.7967873811721802,0.22719360725278662
UBFC_PHYS_s15_T1_test,106,64,108.13333333333334,0.7064103484153748,-0.04761020417024529
UBFC_PHYS_s15_T1_test,106,65,108.16666666666667,0.5267763733863831,-0.3908393064077959
UBFC_PHYS_s15_T1_test,106,66,108.2,0.2764243185520172,-0.7513008875382702
UBFC_PHYS_s15_T1_test,106,67,108.23333333333333,0.025531524792313576,-1.0496552166825535
UBFC_PHYS_s15_T1_test,106,68,108.26666666666667,-0.13428902626037598,-1.2056163579269163
UBFC_PHYS_s15_T1_test,106,69,108.3,-0.23449552059173584,-1.1662921507221347
UBFC_PHYS_s15_T1_test,106,70,108.33333333333333,-0.4159061312675476,-0.9252482927952194
UBFC_PHYS_s15_T1_test,106,71,108.36666666666666,-0.6776711940765381,-0.5268575831333157
UBFC_PHYS_s15_T1_test,106,72,108.4,-0.8305783271789551,-0.055185779156388406
UBFC_PHYS_s15_T1_test,106,73,108.43333333333334,-0.7661557197570801,0.38965923012549347
UBFC_PHYS_s15_T1_test,106,74,108.46666666666667,-0.5612045526504517,0.7213105296676591
UBFC_PHYS_s15_T1_test,106,75,108.5,-0.27464377880096436,0.8931821412491437
UBFC_PHYS_s15_T1_test,106,76,108.53333333333333,0.15171174705028534,0.9093801295978383
UBFC_PHYS_s15_T1_test,106,77,108.56666666666666,0.7051358222961426,0.8139962695569897
UBFC_PHYS_s15_T1_test,106,78,108.6,1.2315819263458252,0.6640381622659838
UBFC_PHYS_s15_T1_test,106,79,108.63333333333334,1.5644127130508423,0.501175283670886
UBFC_PHYS_s15_T1_test,106,80,108.66666666666667,1.6479921340942383,0.3371208875607979
UBFC_PHYS_s15_T1_test,106,81,108.7,1.5457000732421875,0.15795312847891374
UBFC_PHYS_s15_T1_test,106,82,108.73333333333333,1.369117259979248,-0.058666661540824575
UBFC_PHYS_s15_T1_test,106,83,108.76666666666667,1.2162680625915527,-0.3247375694685638
UBFC_PHYS_s15_T1_test,106,84,108.8,1.1623507738113403,-0.6296087633647577
UBFC_PHYS_s15_T1_test,106,85,108.83333333333333,1.2432266473770142,-0.9361807839048671
UBFC_PHYS_s15_T1_test,106,86,108.86666666666666,1.407508134841919,-1.1856441091376022
UBFC_PHYS_s15_T1_test,106,87,108.9,1.5664403438568115,-1.310933541008303
UBFC_PHYS_s15_T1_test,106,88,108.93333333333334,1.701252818107605,-1.2571725168235004
UBFC_PHYS_s15_T1_test,106,89,108.96666666666667,1.8352926969528198,-1.0032828026853458
UBFC_PHYS_s15_T1_test,106,90,109.0,1.97319495677948,-0.5756172656354814
UBFC_PHYS_s15_T1_test,106,91,109.03333333333333,2.175732135772705,-0.04558805190048815
UBFC_PHYS_s15_T1_test,106,92,109.06666666666666,2.57045578956604,0.4899923914762605
UBFC_PHYS_s15_T1_test,106,93,109.1,3.2213246822357178,0.9383493167037124
UBFC_PHYS_s15_T1_test,106,94,109.13333333333334,4.08170223236084,1.2371193807999177
UBFC_PHYS_s15_T1_test,106,95,109.16666666666667,5.068124771118164,1.3666873012454002
UBFC_PHYS_s15_T1_test,106,96,109.2,6.070228576660156,1.345762063701776
UBFC_PHYS_s15_T1_test,106,97,109.23333333333333,6.871590614318848,1.2154893558343363
UBFC_PHYS_s15_T1_test,106,98,109.26666666666667,7.153111457824707,1.01981679804207
UBFC_PHYS_s15_T1_test,106,99,109.3,6.6009039878845215,0.7888856158165433
UBFC_PHYS_s15_T1_test,106,100,109.33333333333333,5.042247772216797,0.5314559339120255
UBFC_PHYS_s15_T1_test,106,101,109.36666666666666,2.676783800125122,0.24000980231983773
UBFC_PHYS_s15_T1_test,106,102,109.4,0.2412583827972412,-0.09370899757701324
UBFC_PHYS_s15_T1_test,106,103,109.43333333333334,-1.44139564037323,-0.461009675955665
UBFC_PHYS_s15_T1_test,106,104,109.46666666666667,-2.172947406768799,-0.8263545324588941
UBFC_PHYS_s15_T1_test,106,105,109.5,-2.408062696456909,-1.1313105372933185
UBFC_PHYS_s15_T1_test,106,106,109.53333333333333,-2.6267635822296143,-1.3112653547477442
UBFC_PHYS_s15_T1_test,106,107,109.56666666666666,-2.903475522994995,-1.317588926184812
UBFC_PHYS_s15_T1_test,106,108,109.6,-3.107152223587036,-1.1359942012467192
UBFC_PHYS_s15_T1_test,106,109,109.63333333333334,-3.201932191848755,-0.7943002863413136
UBFC_PHYS_s15_T1_test,106,110,109.66666666666667,-3.235456705093384,-0.3574464904908786
UBFC_PHYS_s15_T1_test,106,111,109.7,-3.2293930053710938,0.0882343635962172
UBFC_PHYS_s15_T1_test,106,112,109.73333333333333,-3.278907299041748,0.45721394059059833
UBFC_PHYS_s15_T1_test,106,113,109.76666666666667,-3.5854358673095703,0.6878178318324586
UBFC_PHYS_s15_T1_test,106,114,109.8,-4.113813400268555,0.7591260233994133
UBFC_PHYS_s15_T1_test,106,115,109.83333333333333,-4.518984317779541,0.6947283991656402
UBFC_PHYS_s15_T1_test,106,116,109.86666666666666,-4.60422420501709,0.5497915639524089
UBFC_PHYS_s15_T1_test,106,117,109.9,-4.472830295562744,0.3852748504690251
UBFC_PHYS_s15_T1_test,106,118,109.93333333333334,-4.226649284362793,0.2413685064703725
UBFC_PHYS_s15_T1_test,106,119,109.96666666666667,-3.8636155128479004,0.12417160378385544
UBFC_PHYS_s15_T1_test,106,120,110.0,-3.4584059715270996,0.01168600209996515
UBFC_PHYS_s15_T1_test,106,121,110.03333333333333,-3.1480536460876465,-0.1262294170082707
UBFC_PHYS_s15_T1_test,106,122,110.06666666666666,-2.9290244579315186,-0.305572347261693
UBFC_PHYS_s15_T1_test,106,123,110.1,-2.684929370880127,-0.5139539633902456
UBFC_PHYS_s15_T1_test,106,124,110.13333333333334,-2.357119560241699,-0.7089084165264588
UBFC_PHYS_s15_T1_test,106,125,110.16666666666667,-1.997021198272705,-0.8279946337145176
UBFC_PHYS_s15_T1_test,106,126,110.2,-1.6656967401504517,-0.8080819185383644
UBFC_PHYS_s15_T1_test,106,127,110.23333333333333,-1.377822756767273,-0.6097634250840492
UBFC_PHYS_s15_T1_test,106,128,110.26666666666667,-1.1628104448318481,-0.239056491960983
UBFC_PHYS_s15_T1_test,106,129,110.3,-1.0598809719085693,0.24410753863608564
UBFC_PHYS_s15_T1_test,106,130,110.33333333333333,-1.0464210510253906,0.7379384656818467
UBFC_PHYS_s15_T1_test,106,131,110.36666666666666,-1.0898908376693726,1.1296092087946783
UBFC_PHYS_s15_T1_test,106,132,110.4,-1.1922601461410522,1.3325618310697203
UBFC_PHYS_s15_T1_test,106,133,110.43333333333334,-1.2694475650787354,1.313651662906251
UBFC_PHYS_s15_T1_test,106,134,110.46666666666667,-1.152305006980896,1.099192100935277
UBFC_PHYS_s15_T1_test,106,135,110.5,-0.8218302726745605,0.7597079497755735
UBFC_PHYS_s15_T1_test,106,136,110.53333333333333,-0.4472677409648895,0.38155392367892016
UBFC_PHYS_s15_T1_test,106,137,110.56666666666666,-0.11484252661466599,0.03694142815381706
UBFC_PHYS_s15_T1_test,106,138,110.6,0.2710943818092346,-0.23693145773504934
UBFC_PHYS_s15_T1_test,106,139,110.63333333333334,0.8212162256240845,-0.44278511530475173
UBFC_PHYS_s15_T1_test,106,140,110.66666666666667,1.5264272689819336,-0.6109707606795157
UBFC_PHYS_s15_T1_test,106,141,110.7,2.2099132537841797,-0.7752703519388969
UBFC_PHYS_s15_T1_test,106,142,110.73333333333333,2.632483720779419,-0.9477004576120052
UBFC_PHYS_s15_T1_test,106,143,110.76666666666667,2.720292329788208,-1.1046933859074353
UBFC_PHYS_s15_T1_test,106,144,110.8,2.581385850906372,-1.1922591225213257
UBFC_PHYS_s15_T1_test,106,145,110.83333333333333,2.2096621990203857,-1.1485819679752698
UBFC_PHYS_s15_T1_test,106,146,110.86666666666666,1.4926711320877075,-0.9335735600193473
UBFC_PHYS_s15_T1_test,106,147,110.9,0.5254825353622437,-0.5514217323228103
UBFC_PHYS_s15_T1_test,106,148,110.93333333333334,-0.4013647139072418,-0.056308797775426224
UBFC_PHYS_s15_T1_test,106,149,110.96666666666667,-1.114590048789978,0.46036319916248436
UBFC_PHYS_s15_T1_test,106,150,111.0,-1.607704758644104,0.895897622720035
UBFC_PHYS_s15_T1_test,106,151,111.03333333333333,-1.8224468231201172,1.1664418469209394
UBFC_PHYS_s15_T1_test,106,152,111.06666666666666,-1.7012488842010498,1.2319127437072537
UBFC_PHYS_s15_T1_test,106,153,111.1,-1.3738253116607666,1.1073905904145647
UBFC_PHYS_s15_T1_test,106,154,111.13333333333334,-1.0933282375335693,0.8551549148220968
UBFC_PHYS_s15_T1_test,106,155,111.16666666666667,-0.9919630885124207,0.5580875410838747
UBFC_PHYS_s15_T1_test,106,156,111.2,-1.040531039237976,0.28548483610276637
UBFC_PHYS_s15_T1_test,106,157,111.23333333333333,-1.1668658256530762,0.06840585765541844
UBFC_PHYS_s15_T1_test,106,158,111.26666666666667,-1.287213921546936,-0.10323258967721724
UBFC_PHYS_s15_T1_test,106,159,111.3,-1.3282312154769897,-0.2622905374172337
UBFC_PHYS_s15_T1_test,106,160,111.33333333333333,-1.2865574359893799,-0.437031792011564
UBFC_PHYS_s15_T1_test,106,161,111.36666666666666,-1.204986333847046,-0.6303528902526286
UBFC_PHYS_s15_T1_test,106,162,111.4,-1.1235504150390625,-0.8145246041399871
UBFC_PHYS_s15_T1_test,106,163,111.43333333333334,-1.0607500076293945,-0.9405119946393412
UBFC_PHYS_s15_T1_test,106,164,111.46666666666667,-0.993932843208313,-0.9555935101340218
UBFC_PHYS_s15_T1_test,106,165,111.5,-0.9026481509208679,-0.8227491596413699
UBFC_PHYS_s15_T1_test,106,166,111.53333333333333,-0.8459694385528564,-0.5368069556182223
UBFC_PHYS_s15_T1_test,106,167,111.56666666666666,-0.8760371804237366,-0.13303052651162095
UBFC_PHYS_s15_T1_test,106,168,111.6,-0.8900185823440552,0.31631759401359744
UBFC_PHYS_s15_T1_test,106,169,111.63333333333334,-0.7472885251045227,0.7197899547892272
UBFC_PHYS_s15_T1_test,106,170,111.66666666666667,-0.4738401174545288,0.9950271576381522
UBFC_PHYS_s15_T1_test,106,171,111.7,-0.20969976484775543,1.0963885459864886
UBFC_PHYS_s15_T1_test,106,172,111.73333333333333,-0.039644207805395126,1.028335423653091
UBFC_PHYS_s15_T1_test,106,173,111.76666666666667,0.019255343824625015,0.8371009460979373
UBFC_PHYS_s15_T1_test,106,174,111.8,-0.013129754923284054,0.5859489518112531
UBFC_PHYS_s15_T1_test,106,175,111.83333333333333,-0.05314282700419426,0.32859009375897513
UBFC_PHYS_s15_T1_test,106,176,111.86666666666666,-0.005598336458206177,0.09338138940641169
UBFC_PHYS_s15_T1_test,106,177,111.9,0.13083620369434357,-0.11785658278225954
UBFC_PHYS_s15_T1_test,106,178,111.93333333333334,0.2557225525379181,-0.3197937992219932
UBFC_PHYS_s15_T1_test,106,179,111.96666666666667,0.28804972767829895,-0.5282739229090833
UBFC_PHYS_s15_T1_test,106,180,112.0,0.24154804646968842,-0.7450438647486611
UBFC_PHYS_s15_T1_test,106,181,112.03333333333333,0.16154120862483978,-0.9472643067935586
UBFC_PHYS_s15_T1_test,106,182,112.06666666666666,0.07431194186210632,-1.087193679236327
UBFC_PHYS_s15_T1_test,106,183,112.1,0.017227653414011,-1.1056567339579928
UBFC_PHYS_s15_T1_test,106,184,112.13333333333334,0.02085818350315094,-0.9562034035456716
UBFC_PHYS_s15_T1_test,106,185,112.16666666666667,0.060600899159908295,-0.6296455462313373
UBFC_PHYS_s15_T1_test,106,186,112.2,0.08628496527671814,-0.1668763248950416
UBFC_PHYS_s15_T1_test,106,187,112.23333333333333,0.06791989505290985,0.3471241788477649
UBFC_PHYS_s15_T1_test,106,188,112.26666666666667,0.0158565491437912,0.8063665330946999
UBFC_PHYS_s15_T1_test,106,189,112.3,0.005467054899781942,1.115054827973114
UBFC_PHYS_s15_T1_test,106,190,112.33333333333333,0.10955511778593063,1.2159921488336207
UBFC_PHYS_s15_T1_test,106,191,112.36666666666666,0.2855006456375122,1.106983644500352
UBFC_PHYS_s15_T1_test,106,192,112.4,0.4130326509475708,0.8390055974223455
UBFC_PHYS_s15_T1_test,106,193,112.43333333333334,0.4444328546524048,0.49527588537958706
UBFC_PHYS_s15_T1_test,106,194,112.46666666666667,0.4534319341182709,0.15864367938673724
UBFC_PHYS_s15_T1_test,106,195,112.5,0.5236865878105164,-0.11831125071011127
UBFC_PHYS_s15_T1_test,106,196,112.53333333333333,0.6340121626853943,-0.3257881108127909
UBFC_PHYS_s15_T1_test,106,197,112.56666666666666,0.7300280928611755,-0.4857301920681123
UBFC_PHYS_s15_T1_test,106,198,112.6,0.8542578816413879,-0.6248635728807114
UBFC_PHYS_s15_T1_test,106,199,112.63333333333334,1.1083177328109741,-0.7487226555259688
UBFC_PHYS_s15_T1_test,106,200,112.66666666666667,1.5202476978302002,-0.8313037248858175
UBFC_PHYS_s15_T1_test,106,201,112.7,1.954771876335144,-0.824559220293603
UBFC_PHYS_s15_T1_test,106,202,112.73333333333333,2.188863754272461,-0.6814625558554863
UBFC_PHYS_s15_T1_test,106,203,112.76666666666667,2.1193816661834717,-0.3812391906921234
UBFC_PHYS_s15_T1_test,106,204,112.8,1.8485209941864014,0.05343580077225703
UBFC_PHYS_s15_T1_test,106,205,112.83333333333333,1.5269100666046143,0.5533082538527185
UBFC_PHYS_s15_T1_test,106,206,112.86666666666666,1.2552382946014404,1.0157146794276564
UBFC_PHYS_s15_T1_test,106,207,112.9,1.0873262882232666,1.332066139440474
UBFC_PHYS_s15_T1_test,106,208,112.93333333333334,0.9789125323295593,1.4218859097500813
UBFC_PHYS_s15_T1_test,106,209,112.96666666666667,0.8035269975662231,1.2607627077327594
UBFC_PHYS_s15_T1_test,106,210,113.0,0.5152861475944519,0.889513877589067
UBFC_PHYS_s15_T1_test,106,211,113.03333333333333,0.24558411538600922,0.3989165358649349
UBFC_PHYS_s15_T1_test,106,212,113.06666666666666,0.10507488995790482,-0.103552768782883
UBFC_PHYS_s15_T1_test,106,213,113.1,0.0047139134258031845,-0.529257780617836
UBFC_PHYS_s15_T1_test,106,214,113.13333333333334,-0.1353125274181366,-0.8306842695744286
UBFC_PHYS_s15_T1_test,106,215,113.16666666666667,-0.15249961614608765,-1.00338838235674
UBFC_PHYS_s15_T1_test,106,216,113.2,0.1423071324825287,-1.0712722906600267
UBFC_PHYS_s15_T1_test,106,217,113.23333333333333,0.6143532395362854,-1.065575534786101
UBFC_PHYS_s15_T1_test,106,218,113.26666666666667,0.9338591694831848,-1.0077187958490255
UBFC_PHYS_s15_T1_test,106,219,113.3,0.9802063703536987,-0.9014985331281723
UBFC_PHYS_s15_T1_test,106,220,113.33333333333333,0.8379784226417542,-0.7354823131021913
UBFC_PHYS_s15_T1_test,106,221,113.36666666666666,0.5598180294036865,-0.4937285650386911
UBFC_PHYS_s15_T1_test,106,222,113.4,0.196996808052063,-0.17154661044936248
UBFC_PHYS_s15_T1_test,106,223,113.43333333333334,-0.12986673414707184,0.2091600000181835
UBFC_PHYS_s15_T1_test,106,224,113.46666666666667,-0.2825421094894409,0.5933151289666876
UBFC_PHYS_s15_T1_test,106,225,113.5,-0.17673532664775848,0.9020959216282601
UBFC_PHYS_s15_T1_test,106,226,113.53333333333333,0.14993511140346527,1.0576634937340466
UBFC_PHYS_s15_T1_test,106,227,113.56666666666666,0.5295186042785645,1.012801437889951
UBFC_PHYS_s15_T1_test,106,228,113.6,0.8365300893783569,0.771010797321064
UBFC_PHYS_s15_T1_test,106,229,113.63333333333334,1.0174386501312256,0.3873037632668641
UBFC_PHYS_s15_T1_test,106,230,113.66666666666667,1.0050214529037476,-0.049427022465103485
UBFC_PHYS_s15_T1_test,106,231,113.7,0.7330020666122437,-0.44317935449526596
UBFC_PHYS_s15_T1_test,106,232,113.73333333333333,0.2509140372276306,-0.7168703743633792
UBFC_PHYS_s15_T1_test,106,233,113.76666666666667,-0.23791362345218658,-0.8311385102856226
UBFC_PHYS_s15_T1_test,106,234,113.8,-0.5232964158058167,-0.791430542860304
UBFC_PHYS_s15_T1_test,106,235,113.83333333333333,-0.5906736850738525,-0.6406999078839651
UBFC_PHYS_s15_T1_test,106,236,113.86666666666666,-0.5539435148239136,-0.4395021201498853
UBFC_PHYS_s15_T1_test,106,237,113.9,-0.47828173637390137,-0.24095962886425354
UBFC_PHYS_s15_T1_test,106,238,113.93333333333334,-0.3744640350341797,-0.07132686565294478
UBFC_PHYS_s15_T1_test,106,239,113.96666666666667,-0.312011182308197,0.0750935808003633
UBFC_PHYS_s15_T1_test,107,0,107.0,0.09816143661737442,0.13306015507846303
UBFC_PHYS_s15_T1_test,107,1,107.03333333333333,0.009715547785162926,0.4361448980364967
UBFC_PHYS_s15_T1_test,107,2,107.06666666666666,-0.054977402091026306,0.7189992678876849
UBFC_PHYS_s15_T1_test,107,3,107.1,-0.15611083805561066,0.9676869983156332
UBFC_PHYS_s15_T1_test,107,4,107.13333333333334,-0.2916956841945648,1.1740604854191137
UBFC_PHYS_s15_T1_test,107,5,107.16666666666667,-0.4031606614589691,1.336560284709556
UBFC_PHYS_s15_T1_test,107,6,107.2,-0.42098501324653625,1.457782757668737
UBFC_PHYS_s15_T1_test,107,7,107.23333333333333,-0.3083034157752991,1.5395421994324532
UBFC_PHYS_s15_T1_test,107,8,107.26666666666667,-0.11532530933618546,1.5775440782401495
UBFC_PHYS_s15_T1_test,107,9,107.3,0.04596291109919548,1.5584366072996185
UBFC_PHYS_s15_T1_test,107,10,107.33333333333333,0.11583130061626434,1.46195270158299
UBFC_PHYS_s15_T1_test,107,11,107.36666666666666,0.11650719493627548,1.2687894624282412
UBFC_PHYS_s15_T1_test,107,12,107.4,0.10604045540094376,0.9708459095191655
UBFC_PHYS_s15_T1_test,107,13,107.43333333333334,0.11984805762767792,0.5780446097702074
UBFC_PHYS_s15_T1_test,107,14,107.46666666666667,0.14869917929172516,0.11808842743887639
UBFC_PHYS_s15_T1_test,107,15,107.5,0.1807173639535904,-0.3697243238286263
UBFC_PHYS_s15_T1_test,107,16,107.53333333333333,0.23032817244529724,-0.8420355343653163
UBFC_PHYS_s15_T1_test,107,17,107.56666666666666,0.2756904661655426,-1.2560903425988306
UBFC_PHYS_s15_T1_test,107,18,107.6,0.2545832097530365,-1.5711119589933218
UBFC_PHYS_s15_T1_test,107,19,107.63333333333334,0.16729599237442017,-1.7495318867115697
UBFC_PHYS_s15_T1_test,107,20,107.66666666666667,0.08203647285699844,-1.7612567622396968
UBFC_PHYS_s15_T1_test,107,21,107.7,0.0255122147500515,-1.5913239629900022
UBFC_PHYS_s15_T1_test,107,22,107.73333333333333,-0.02591385506093502,-1.2481945228591191
UBFC_PHYS_s15_T1_test,107,23,107.76666666666667,-0.07197137176990509,-0.7683730819471138
UBFC_PHYS_s15_T1_test,107,24,107.8,-0.09105096757411957,-0.21378084391909813
UBFC_PHYS_s15_T1_test,107,25,107.83333333333333,-0.06067424640059471,0.338882576745463
UBFC_PHYS_s15_T1_test,107,26,107.86666666666666,0.04088403284549713,0.8139187309911491
UBFC_PHYS_s15_T1_test,107,27,107.9,0.2179109901189804,1.1522431543620715
UBFC_PHYS_s15_T1_test,107,28,107.93333333333334,0.4419996440410614,1.3216924163969856
UBFC_PHYS_s15_T1_test,107,29,107.96666666666667,0.6514117121696472,1.3192754226413226
UBFC_PHYS_s15_T1_test,107,30,108.0,0.7777270674705505,1.1658240812231475
UBFC_PHYS_s15_T1_test,107,31,108.03333333333333,0.8144765496253967,0.89616755666087
UBFC_PHYS_s15_T1_test,107,32,108.06666666666666,0.8187443614006042,0.5491237379798692
UBFC_PHYS_s15_T1_test,107,33,108.1,0.7967873811721802,0.16088258816320958
UBFC_PHYS_s15_T1_test,107,34,108.13333333333334,0.7064103484153748,-0.23683110490885942
UBFC_PHYS_s15_T1_test,107,35,108.16666666666667,0.5267763733863831,-0.6148344839538987
UBFC_PHYS_s15_T1_test,107,36,108.2,0.2764243185520172,-0.9432756430900621
UBFC_PHYS_s15_T1_test,107,37,108.23333333333333,0.025531524792313576,-1.1898486017108678
UBFC_PHYS_s15_T1_test,107,38,108.26666666666667,-0.13428902626037598,-1.3214383866648438
UBFC_PHYS_s15_T1_test,107,39,108.3,-0.23449552059173584,-1.3097946888846494
UBFC_PHYS_s15_T1_test,107,40,108.33333333333333,-0.4159061312675476,-1.1400485744855842
UBFC_PHYS_s15_T1_test,107,41,108.36666666666666,-0.6776711940765381,-0.8192235510611446
UBFC_PHYS_s15_T1_test,107,42,108.4,-0.8305783271789551,-0.38098983657402896
UBFC_PHYS_s15_T1_test,107,43,108.43333333333334,-0.7661557197570801,0.11658447097720445
UBFC_PHYS_s15_T1_test,107,44,108.46666666666667,-0.5612045526504517,0.6013261043376877
UBFC_PHYS_s15_T1_test,107,45,108.5,-0.27464377880096436,1.0028228744149728
UBFC_PHYS_s15_T1_test,107,46,108.53333333333333,0.15171174705028534,1.2680995164439695
UBFC_PHYS_s15_T1_test,107,47,108.56666666666666,0.7051358222961426,1.3708938022150765
UBFC_PHYS_s15_T1_test,107,48,108.6,1.2315819263458252,1.3118116512329032
UBFC_PHYS_s15_T1_test,107,49,108.63333333333334,1.5644127130508423,1.1114453323494726
UBFC_PHYS_s15_T1_test,107,50,108.66666666666667,1.6479921340942383,0.8012119622095368
UBFC_PHYS_s15_T1_test,107,51,108.7,1.5457000732421875,0.416087262743602
UBFC_PHYS_s15_T1_test,107,52,108.73333333333333,1.369117259979248,-0.009227649890389248
UBFC_PHYS_s15_T1_test,107,53,108.76666666666667,1.2162680625915527,-0.44121484945640543
UBFC_PHYS_s15_T1_test,107,54,108.8,1.1623507738113403,-0.8461328962670334
UBFC_PHYS_s15_T1_test,107,55,108.83333333333333,1.2432266473770142,-1.187102537355094
UBFC_PHYS_s15_T1_test,107,56,108.86666666666666,1.407508134841919,-1.4224067131887235
UBFC_PHYS_s15_T1_test,107,57,108.9,1.5664403438568115,-1.508946290492867
UBFC_PHYS_s15_T1_test,107,58,108.93333333333334,1.701252818107605,-1.412601456497994
UBFC_PHYS_s15_T1_test,107,59,108.96666666666667,1.8352926969528198,-1.1225920008633727
UBFC_PHYS_s15_T1_test,107,60,109.0,1.97319495677948,-0.6629744459289769
UBFC_PHYS_s15_T1_test,107,61,109.03333333333333,2.175732135772705,-0.09418911857366613
UBFC_PHYS_s15_T1_test,107,62,109.06666666666666,2.57045578956604,0.4980723708834373
UBFC_PHYS_s15_T1_test,107,63,109.1,3.2213246822357178,1.0230963882184374
UBFC_PHYS_s15_T1_test,107,64,109.13333333333334,4.08170223236084,1.4065363607850647
UBFC_PHYS_s15_T1_test,107,65,109.16666666666667,5.068124771118164,1.6051664212911214
UBFC_PHYS_s15_T1_test,107,66,109.2,6.070228576660156,1.6114697611216895
UBFC_PHYS_s15_T1_test,107,67,109.23333333333333,6.871590614318848,1.4491462639117971
UBFC_PHYS_s15_T1_test,107,68,109.26666666666667,7.153111457824707,1.162474612452381
UBFC_PHYS_s15_T1_test,107,69,109.3,6.6009039878845215,0.8027589187330116
UBFC_PHYS_s15_T1_test,107,70,109.33333333333333,5.042247772216797,0.41580379110207877
UBFC_PHYS_s15_T1_test,107,71,109.36666666666666,2.676783800125122,0.03444904732452468
UBFC_PHYS_s15_T1_test,107,72,109.4,0.2412583827972412,-0.3218300670565426
UBFC_PHYS_s15_T1_test,107,73,109.43333333333334,-1.44139564037323,-0.6414179600274674
UBFC_PHYS_s15_T1_test,107,74,109.46666666666667,-2.172947406768799,-0.9127078195018338
UBFC_PHYS_s15_T1_test,107,75,109.5,-2.408062696456909,-1.1181318388133947
UBFC_PHYS_s15_T1_test,107,76,109.53333333333333,-2.6267635822296143,-1.2332319507485645
UBFC_PHYS_s15_T1_test,107,77,109.56666666666666,-2.903475522994995,-1.2317681815576964
UBFC_PHYS_s15_T1_test,107,78,109.6,-3.107152223587036,-1.0954569299117363
UBFC_PHYS_s15_T1_test,107,79,109.63333333333334,-3.201932191848755,-0.824925512810911
UBFC_PHYS_s15_T1_test,107,80,109.66666666666667,-3.235456705093384,-0.44739415981958786
UBFC_PHYS_s15_T1_test,107,81,109.7,-3.2293930053710938,-0.016985851191152812
UBFC_PHYS_s15_T1_test,107,82,109.73333333333333,-3.278907299041748,0.394355597219113
UBFC_PHYS_s15_T1_test,107,83,109.76666666666667,-3.5854358673095703,0.7139865325178867
UBFC_PHYS_s15_T1_test,107,84,109.8,-4.113813400268555,0.8886883096015186
UBFC_PHYS_s15_T1_test,107,85,109.83333333333333,-4.518984317779541,0.9001236672668222
UBFC_PHYS_s15_T1_test,107,86,109.86666666666666,-4.60422420501709,0.768142522599228
UBFC_PHYS_s15_T1_test,107,87,109.9,-4.472830295562744,0.5393731723154147
UBFC_PHYS_s15_T1_test,107,88,109.93333333333334,-4.226649284362793,0.26690277618332753
UBFC_PHYS_s15_T1_test,107,89,109.96666666666667,-3.8636155128479004,-0.007923440122324864
UBFC_PHYS_s15_T1_test,107,90,110.0,-3.4584059715270996,-0.2632713473906176
UBFC_PHYS_s15_T1_test,107,91,110.03333333333333,-3.1480536460876465,-0.4930016148487597
UBFC_PHYS_s15_T1_test,107,92,110.06666666666666,-2.9290244579315186,-0.6956640273471189
UBFC_PHYS_s15_T1_test,107,93,110.1,-2.684929370880127,-0.8626380623512514
UBFC_PHYS_s15_T1_test,107,94,110.13333333333334,-2.357119560241699,-0.9709815838976696
UBFC_PHYS_s15_T1_test,107,95,110.16666666666667,-1.997021198272705,-0.9845593914177453
UBFC_PHYS_s15_T1_test,107,96,110.2,-1.6656967401504517,-0.8646063742320254
UBFC_PHYS_s15_T1_test,107,97,110.23333333333333,-1.377822756767273,-0.5873360479374039
UBFC_PHYS_s15_T1_test,107,98,110.26666666666667,-1.1628104448318481,-0.16174612857512846
UBFC_PHYS_s15_T1_test,107,99,110.3,-1.0598809719085693,0.3614395273484587
UBFC_PHYS_s15_T1_test,107,100,110.33333333333333,-1.0464210510253906,0.8959797557223123
UBFC_PHYS_s15_T1_test,107,101,110.36666666666666,-1.0898908376693726,1.341100224707802
UBFC_PHYS_s15_T1_test,107,102,110.4,-1.1922601461410522,1.6098793084072276
UBFC_PHYS_s15_T1_test,107,103,110.43333333333334,-1.2694475650787354,1.6540859633738423
UBFC_PHYS_s15_T1_test,107,104,110.46666666666667,-1.152305006980896,1.4762488279318862
UBFC_PHYS_s15_T1_test,107,105,110.5,-0.8218302726745605,1.125304642370303
UBFC_PHYS_s15_T1_test,107,106,110.53333333333333,-0.4472677409648895,0.6785154803148183
UBFC_PHYS_s15_T1_test,107,107,110.56666666666666,-0.11484252661466599,0.2169430711698497
UBFC_PHYS_s15_T1_test,107,108,110.6,0.2710943818092346,-0.19671792380132966
UBFC_PHYS_s15_T1_test,107,109,110.63333333333334,0.8212162256240845,-0.5306970504037845
UBFC_PHYS_s15_T1_test,107,110,110.66666666666667,1.5264272689819336,-0.7836188885767827
UBFC_PHYS_s15_T1_test,107,111,110.7,2.2099132537841797,-0.9723614608620653
UBFC_PHYS_s15_T1_test,107,112,110.73333333333333,2.632483720779419,-1.1143868811114896
UBFC_PHYS_s15_T1_test,107,113,110.76666666666667,2.720292329788208,-1.212755825130329
UBFC_PHYS_s15_T1_test,107,114,110.8,2.581385850906372,-1.2504298768958213
UBFC_PHYS_s15_T1_test,107,115,110.83333333333333,2.2096621990203857,-1.1960974709479715
UBFC_PHYS_s15_T1_test,107,116,110.86666666666666,1.4926711320877075,-1.0188129820011769
UBFC_PHYS_s15_T1_test,107,117,110.9,0.5254825353622437,-0.705266157806189
UBFC_PHYS_s15_T1_test,107,118,110.93333333333334,-0.4013647139072418,-0.2727039345242351
UBFC_PHYS_s15_T1_test,107,119,110.96666666666667,-1.114590048789978,0.2276681494322999
UBFC_PHYS_s15_T1_test,107,120,111.0,-1.607704758644104,0.7186063702676339
UBFC_PHYS_s15_T1_test,107,121,111.03333333333333,-1.8224468231201172,1.11439688646403
UBFC_PHYS_s15_T1_test,107,122,111.06666666666666,-1.7012488842010498,1.3436339373421553
UBFC_PHYS_s15_T1_test,107,123,111.1,-1.3738253116607666,1.3701783257487081
UBFC_PHYS_s15_T1_test,107,124,111.13333333333334,-1.0933282375335693,1.2035232936784788
UBFC_PHYS_s15_T1_test,107,125,111.16666666666667,-0.9919630885124207,0.8926888417071798
UBFC_PHYS_s15_T1_test,107,126,111.2,-1.040531039237976,0.5063576845912798
UBFC_PHYS_s15_T1_test,107,127,111.23333333333333,-1.1668658256530762,0.10968028648372598
UBFC_PHYS_s15_T1_test,107,128,111.26666666666667,-1.287213921546936,-0.25153940307318706
UBFC_PHYS_s15_T1_test,107,129,111.3,-1.3282312154769897,-0.5544884075396717
UBFC_PHYS_s15_T1_test,107,130,111.33333333333333,-1.2865574359893799,-0.7929276828716529
UBFC_PHYS_s15_T1_test,107,131,111.36666666666666,-1.204986333847046,-0.9666556047184521
UBFC_PHYS_s15_T1_test,107,132,111.4,-1.1235504150390625,-1.0724040091209939
UBFC_PHYS_s15_T1_test,107,133,111.43333333333334,-1.0607500076293945,-1.0993060200902043
UBFC_PHYS_s15_T1_test,107,134,111.46666666666667,-0.993932843208313,-1.0301941164333852
UBFC_PHYS_s15_T1_test,107,135,111.5,-0.9026481509208679,-0.8485856094064024
UBFC_PHYS_s15_T1_test,107,136,111.53333333333333,-0.8459694385528564,-0.5493469161641222
UBFC_PHYS_s15_T1_test,107,137,111.56666666666666,-0.8760371804237366,-0.1490069777702269
UBFC_PHYS_s15_T1_test,107,138,111.6,-0.8900185823440552,0.3093393209097385
UBFC_PHYS_s15_T1_test,107,139,111.63333333333334,-0.7472885251045227,0.7605039668844202
UBFC_PHYS_s15_T1_test,107,140,111.66666666666667,-0.4738401174545288,1.131478243157472
UBFC_PHYS_s15_T1_test,107,141,111.7,-0.20969976484775543,1.3610144605949253
UBFC_PHYS_s15_T1_test,107,142,111.73333333333333,-0.039644207805395126,1.4162704929136885
UBFC_PHYS_s15_T1_test,107,143,111.76666666666667,0.019255343824625015,1.2990649771013303
UBFC_PHYS_s15_T1_test,107,144,111.8,-0.013129754923284054,1.0402481300780415
UBFC_PHYS_s15_T1_test,107,145,111.83333333333333,-0.05314282700419426,0.6869637298783173
UBFC_PHYS_s15_T1_test,107,146,111.86666666666666,-0.005598336458206177,0.28933578592012205
UBFC_PHYS_s15_T1_test,107,147,111.9,0.13083620369434357,-0.10901250843185767
UBFC_PHYS_s15_T1_test,107,148,111.93333333333334,0.2557225525379181,-0.4751199583534521
UBFC_PHYS_s15_T1_test,107,149,111.96666666666667,0.28804972767829895,-0.7860719545273476
UBFC_PHYS_s15_T1_test,107,150,112.0,0.24154804646968842,-1.0251452736958644
UBFC_PHYS_s15_T1_test,107,151,112.03333333333333,0.16154120862483978,-1.1769904719633377
UBFC_PHYS_s15_T1_test,107,152,112.06666666666666,0.07431194186210632,-1.2249274048252197
UBFC_PHYS_s15_T1_test,107,153,112.1,0.017227653414011,-1.1529986021610346
UBFC_PHYS_s15_T1_test,107,154,112.13333333333334,0.02085818350315094,-0.952891564115112
UBFC_PHYS_s15_T1_test,107,155,112.16666666666667,0.060600899159908295,-0.6326741195736376
UBFC_PHYS_s15_T1_test,107,156,112.2,0.08628496527671814,-0.2226874955355532
UBFC_PHYS_s15_T1_test,107,157,112.23333333333333,0.06791989505290985,0.22509347176325056
UBFC_PHYS_s15_T1_test,107,158,112.26666666666667,0.0158565491437912,0.6449953562548885
UBFC_PHYS_s15_T1_test,107,159,112.3,0.005467054899781942,0.9707780381667294
UBFC_PHYS_s15_T1_test,107,160,112.33333333333333,0.10955511778593063,1.1505399281460724
UBFC_PHYS_s15_T1_test,107,161,112.36666666666666,0.2855006456375122,1.1593894361793975
UBFC_PHYS_s15_T1_test,107,162,112.4,0.4130326509475708,1.005374153726784
UBFC_PHYS_s15_T1_test,107,163,112.43333333333334,0.4444328546524048,0.7254450307505215
UBFC_PHYS_s15_T1_test,107,164,112.46666666666667,0.4534319341182709,0.37244275490543827
UBFC_PHYS_s15_T1_test,107,165,112.5,0.5236865878105164,-0.0010423981792456218
UBFC_PHYS_s15_T1_test,107,166,112.53333333333333,0.6340121626853943,-0.3540922051535623
UBFC_PHYS_s15_T1_test,107,167,112.56666666666666,0.7300280928611755,-0.6592191416033442
UBFC_PHYS_s15_T1_test,107,168,112.6,0.8542578816413879,-0.8960866771785782
UBFC_PHYS_s15_T1_test,107,169,112.63333333333334,1.1083177328109741,-1.0440098014118813
UBFC_PHYS_s15_T1_test,107,170,112.66666666666667,1.5202476978302002,-1.0797881014310466
UBFC_PHYS_s15_T1_test,107,171,112.7,1.954771876335144,-0.982986613215069
UBFC_PHYS_s15_T1_test,107,172,112.73333333333333,2.188863754272461,-0.7459868823091959
UBFC_PHYS_s15_T1_test,107,173,112.76666666666667,2.1193816661834717,-0.3835936996484502
UBFC_PHYS_s15_T1_test,107,174,112.8,1.8485209941864014,0.06261213598455012
UBFC_PHYS_s15_T1_test,107,175,112.83333333333333,1.5269100666046143,0.5278238675892055
UBFC_PHYS_s15_T1_test,107,176,112.86666666666666,1.2552382946014404,0.9356449816903681
UBFC_PHYS_s15_T1_test,107,177,112.9,1.0873262882232666,1.2153968194479117
UBFC_PHYS_s15_T1_test,107,178,112.93333333333334,0.9789125323295593,1.320044054896129
UBFC_PHYS_s15_T1_test,107,179,112.96666666666667,0.8035269975662231,1.238270652202036
UBFC_PHYS_s15_T1_test,107,180,113.0,0.5152861475944519,0.9955047166500827
UBFC_PHYS_s15_T1_test,107,181,113.03333333333333,0.24558411538600922,0.6430425498535556
UBFC_PHYS_s15_T1_test,107,182,113.06666666666666,0.10507488995790482,0.24025939600578272
UBFC_PHYS_s15_T1_test,107,183,113.1,0.0047139134258031845,-0.16162945003683316
UBFC_PHYS_s15_T1_test,107,184,113.13333333333334,-0.1353125274181366,-0.5274165983253805
UBFC_PHYS_s15_T1_test,107,185,113.16666666666667,-0.15249961614608765,-0.8358388618899264
UBFC_PHYS_s15_T1_test,107,186,113.2,0.1423071324825287,-1.0715249224348529
UBFC_PHYS_s15_T1_test,107,187,113.23333333333333,0.6143532395362854,-1.2174087273267884
UBFC_PHYS_s15_T1_test,107,188,113.26666666666667,0.9338591694831848,-1.252631794507137
UBFC_PHYS_s15_T1_test,107,189,113.3,0.9802063703536987,-1.1572128409840137
UBFC_PHYS_s15_T1_test,107,190,113.33333333333333,0.8379784226417542,-0.9212494954361733
UBFC_PHYS_s15_T1_test,107,191,113.36666666666666,0.5598180294036865,-0.55455685878558
UBFC_PHYS_s15_T1_test,107,192,113.4,0.196996808052063,-0.09258572752564541
UBFC_PHYS_s15_T1_test,107,193,113.43333333333334,-0.12986673414707184,0.4045940647940333
UBFC_PHYS_s15_T1_test,107,194,113.46666666666667,-0.2825421094894409,0.8619527328302033
UBFC_PHYS_s15_T1_test,107,195,113.5,-0.17673532664775848,1.2065441201808385
UBFC_PHYS_s15_T1_test,107,196,113.53333333333333,0.14993511140346527,1.386405833617093
UBFC_PHYS_s15_T1_test,107,197,113.56666666666666,0.5295186042785645,1.3833987471584084
UBFC_PHYS_s15_T1_test,107,198,113.6,0.8365300893783569,1.2143392532290795
UBFC_PHYS_s15_T1_test,107,199,113.63333333333334,1.0174386501312256,0.9206367161249034
UBFC_PHYS_s15_T1_test,107,200,113.66666666666667,1.0050214529037476,0.5524771298612808
UBFC_PHYS_s15_T1_test,107,201,113.7,0.7330020666122437,0.15548126513668978
UBFC_PHYS_s15_T1_test,107,202,113.73333333333333,0.2509140372276306,-0.23547993547846843
UBFC_PHYS_s15_T1_test,107,203,113.76666666666667,-0.23791362345218658,-0.5954774476131613
UBFC_PHYS_s15_T1_test,107,204,113.8,-0.5232964158058167,-0.9044939870517756
UBFC_PHYS_s15_T1_test,107,205,113.83333333333333,-0.5906736850738525,-1.1415352923846858
UBFC_PHYS_s15_T1_test,107,206,113.86666666666666,-0.5539435148239136,-1.2813657978995132
UBFC_PHYS_s15_T1_test,107,207,113.9,-0.47828173637390137,-1.2966011036249319
UBFC_PHYS_s15_T1_test,107,208,113.93333333333334,-0.3744640350341797,-1.1655683081359434
UBFC_PHYS_s15_T1_test,107,209,113.96666666666667,-0.312011182308197,-0.8833405347389155
UBFC_PHYS_s15_T1_test,107,210,114.0,-0.38732537627220154,-0.47122704725845727
UBFC_PHYS_s15_T1_test,107,211,114.03333333333333,-0.6102167367935181,0.02020569386131524
UBFC_PHYS_s15_T1_test,107,212,114.06666666666666,-0.9319821000099182,0.5175264708448674
UBFC_PHYS_s15_T1_test,107,213,114.1,-1.280551552772522,0.9395859357322461
UBFC_PHYS_s15_T1_test,107,214,114.13333333333334,-1.4433460235595703,1.2168999852740625
UBFC_PHYS_s15_T1_test,107,215,114.16666666666667,-1.2378928661346436,1.3085439993274013
UBFC_PHYS_s15_T1_test,107,216,114.2,-0.8243793845176697,1.2105914886490476
UBFC_PHYS_s15_T1_test,107,217,114.23333333333333,-0.5012428760528564,0.9535865703065307
UBFC_PHYS_s15_T1_test,107,218,114.26666666666667,-0.28250348567962646,0.5910220696223587
UBFC_PHYS_s15_T1_test,107,219,114.3,-0.025295890867710114,0.18386041257664446
UBFC_PHYS_s15_T1_test,107,220,114.33333333333333,0.20360128581523895,-0.2135986610265341
UBFC_PHYS_s15_T1_test,107,221,114.36666666666666,0.2502574622631073,-0.5626233110847005
UBFC_PHYS_s15_T1_test,107,222,114.4,0.15905004739761353,-0.8415599448532923
UBFC_PHYS_s15_T1_test,107,223,114.43333333333334,0.14553211629390717,-1.040236679072445
UBFC_PHYS_s15_T1_test,107,224,114.46666666666667,0.34416845440864563,-1.1509347312303704
UBFC_PHYS_s15_T1_test,107,225,114.5,0.6337611079216003,-1.1617706598527056
UBFC_PHYS_s15_T1_test,107,226,114.53333333333333,0.6623418927192688,-1.0571501421972418
UBFC_PHYS_s15_T1_test,107,227,114.56666666666666,0.24618276953697205,-0.8257954570205222
UBFC_PHYS_s15_T1_test,107,228,114.6,-0.26311489939689636,-0.4720914304167233
UBFC_PHYS_s15_T1_test,107,229,114.63333333333334,-0.2730988562107086,-0.024282028244303887
UBFC_PHYS_s15_T1_test,107,230,114.66666666666667,0.31686222553253174,0.46515276461496124
UBFC_PHYS_s15_T1_test,107,231,114.7,1.0428909063339233,0.9278528244083479
UBFC_PHYS_s15_T1_test,107,232,114.73333333333333,1.4138423204421997,1.2945025380030284
UBFC_PHYS_s15_T1_test,107,233,114.76666666666667,1.0919996500015259,1.5119782542108124
UBFC_PHYS_s15_T1_test,107,234,114.8,-0.05067097768187523,1.5567848602779009
UBFC_PHYS_s15_T1_test,107,235,114.83333333333333,-1.54194974899292,1.4391171934249127
UBFC_PHYS_s15_T1_test,107,236,114.86666666666666,-2.5205318927764893,1.1951612247023575
UBFC_PHYS_s15_T1_test,107,237,114.9,-2.650284767150879,0.8707455594837988
UBFC_PHYS_s15_T1_test,107,238,114.93333333333334,-2.3450498580932617,0.5044847066417832
UBFC_PHYS_s15_T1_test,107,239,114.96666666666667,-1.9524699449539185,0.11937249085999038
UBFC_PHYS_s15_T1_test,108,0,108.0,0.7777270674705505,-0.1446958537663718
UBFC_PHYS_s15_T1_test,108,1,108.03333333333333,0.8144765496253967,0.43236101078753136
UBFC_PHYS_s15_T1_test,108,2,108.06666666666666,0.8187443614006042,0.8666578006584478
UBFC_PHYS_s15_T1_test,108,3,108.1,0.7967873811721802,1.0529622344170406
UBFC_PHYS_s15_T1_test,108,4,108.13333333333334,0.7064103484153748,0.9586282728689635
UBFC_PHYS_s15_T1_test,108,5,108.16666666666667,0.5267763733863831,0.6276839452197315
UBFC_PHYS_s15_T1_test,108,6,108.2,0.2764243185520172,0.15910555901128223
UBFC_PHYS_s15_T1_test,108,7,108.23333333333333,0.025531524792313576,-0.32956823061083107
UBFC_PHYS_s15_T1_test,108,8,108.26666666666667,-0.13428902626037598,-0.736700167717799
UBFC_PHYS_s15_T1_test,108,9,108.3,-0.23449552059173584,-0.9966750147641876
UBFC_PHYS_s15_T1_test,108,10,108.33333333333333,-0.4159061312675476,-1.083690110118497
UBFC_PHYS_s15_T1_test,108,11,108.36666666666666,-0.6776711940765381,-1.0056231121796506
UBFC_PHYS_s15_T1_test,108,12,108.4,-0.8305783271789551,-0.794876917055156
UBFC_PHYS_s15_T1_test,108,13,108.43333333333334,-0.7661557197570801,-0.49862427018855143
UBFC_PHYS_s15_T1_test,108,14,108.46666666666667,-0.5612045526504517,-0.16777709015255834
UBFC_PHYS_s15_T1_test,108,15,108.5,-0.27464377880096436,0.15458803843585991
UBFC_PHYS_s15_T1_test,108,16,108.53333333333333,0.15171174705028534,0.44056421297134946
UBFC_PHYS_s15_T1_test,108,17,108.56666666666666,0.7051358222961426,0.6754452614866281
UBFC_PHYS_s15_T1_test,108,18,108.6,1.2315819263458252,0.8480705472069218
UBFC_PHYS_s15_T1_test,108,19,108.63333333333334,1.5644127130508423,0.9421985557974716
UBFC_PHYS_s15_T1_test,108,20,108.66666666666667,1.6479921340942383,0.9372811414370182
UBFC_PHYS_s15_T1_test,108,21,108.7,1.5457000732421875,0.8191213070656264
UBFC_PHYS_s15_T1_test,108,22,108.73333333333333,1.369117259979248,0.591781605446738
UBFC_PHYS_s15_T1_test,108,23,108.76666666666667,1.2162680625915527,0.2805892335057192
UBFC_PHYS_s15_T1_test,108,24,108.8,1.1623507738113403,-0.07522841759096592
UBFC_PHYS_s15_T1_test,108,25,108.83333333333333,1.2432266473770142,-0.43268232990284616
UBFC_PHYS_s15_T1_test,108,26,108.86666666666666,1.407508134841919,-0.7506795762012329
UBFC_PHYS_s15_T1_test,108,27,108.9,1.5664403438568115,-0.9909741059268414
UBFC_PHYS_s15_T1_test,108,28,108.93333333333334,1.701252818107605,-1.1195882812239266
UBFC_PHYS_s15_T1_test,108,29,108.96666666666667,1.8352926969528198,-1.1128836165255847
UBFC_PHYS_s15_T1_test,108,30,109.0,1.97319495677948,-0.9661626914717384
UBFC_PHYS_s15_T1_test,108,31,109.03333333333333,2.175732135772705,-0.6979897408522413
UBFC_PHYS_s15_T1_test,108,32,109.06666666666666,2.57045578956604,-0.3457815525512522
UBFC_PHYS_s15_T1_test,108,33,109.1,3.2213246822357178,0.044990504108664155
UBFC_PHYS_s15_T1_test,108,34,109.13333333333334,4.08170223236084,0.4308844192930387
UBFC_PHYS_s15_T1_test,108,35,109.16666666666667,5.068124771118164,0.7744706071375345
UBFC_PHYS_s15_T1_test,108,36,109.2,6.070228576660156,1.0438276040577121
UBFC_PHYS_s15_T1_test,108,37,109.23333333333333,6.871590614318848,1.213258013669116
UBFC_PHYS_s15_T1_test,108,38,109.26666666666667,7.153111457824707,1.2669368179885467
UBFC_PHYS_s15_T1_test,108,39,109.3,6.6009039878845215,1.2016574354339649
UBFC_PHYS_s15_T1_test,108,40,109.33333333333333,5.042247772216797,1.0254676773191633
UBFC_PHYS_s15_T1_test,108,41,109.36666666666666,2.676783800125122,0.7537012826978509
UBFC_PHYS_s15_T1_test,108,42,109.4,0.2412583827972412,0.40662201427896016
UBFC_PHYS_s15_T1_test,108,43,109.43333333333334,-1.44139564037323,0.011010293004623212
UBFC_PHYS_s15_T1_test,108,44,109.46666666666667,-2.172947406768799,-0.3967465353603931
UBFC_PHYS_s15_T1_test,108,45,109.5,-2.408062696456909,-0.7710949276349158
UBFC_PHYS_s15_T1_test,108,46,109.53333333333333,-2.6267635822296143,-1.0636291198719448
UBFC_PHYS_s15_T1_test,108,47,109.56666666666666,-2.903475522994995,-1.2329495254217127
UBFC_PHYS_s15_T1_test,108,48,109.6,-3.107152223587036,-1.2538141537267773
UBFC_PHYS_s15_T1_test,108,49,109.63333333333334,-3.201932191848755,-1.122757465858859
UBFC_PHYS_s15_T1_test,108,50,109.66666666666667,-3.235456705093384,-0.8598507676369951
UBFC_PHYS_s15_T1_test,108,51,109.7,-3.2293930053710938,-0.5071135381725337
UBFC_PHYS_s15_T1_test,108,52,109.73333333333333,-3.278907299041748,-0.12264195246392494
UBFC_PHYS_s15_T1_test,108,53,109.76666666666667,-3.5854358673095703,0.23105976175873813
UBFC_PHYS_s15_T1_test,108,54,109.8,-4.113813400268555,0.503065394652288
UBFC_PHYS_s15_T1_test,108,55,109.83333333333333,-4.518984317779541,0.6680468416935015
UBFC_PHYS_s15_T1_test,108,56,109.86666666666666,-4.60422420501709,0.7299205936082551
UBFC_PHYS_s15_T1_test,108,57,109.9,-4.472830295562744,0.7114607824828343
UBFC_PHYS_s15_T1_test,108,58,109.93333333333334,-4.226649284362793,0.6365064469350139
UBFC_PHYS_s15_T1_test,108,59,109.96666666666667,-3.8636155128479004,0.517313985129414
UBFC_PHYS_s15_T1_test,108,60,110.0,-3.4584059715270996,0.3542388412572507
UBFC_PHYS_s15_T1_test,108,61,110.03333333333333,-3.1480536460876465,0.14477597686456828
UBFC_PHYS_s15_T1_test,108,62,110.06666666666666,-2.9290244579315186,-0.10602279615712959
UBFC_PHYS_s15_T1_test,108,63,110.1,-2.684929370880127,-0.37953804204442093
UBFC_PHYS_s15_T1_test,108,64,110.13333333333334,-2.357119560241699,-0.6424721389564401
UBFC_PHYS_s15_T1_test,108,65,110.16666666666667,-1.997021198272705,-0.8488773278543659
UBFC_PHYS_s15_T1_test,108,66,110.2,-1.6656967401504517,-0.9464362697898283
UBFC_PHYS_s15_T1_test,108,67,110.23333333333333,-1.377822756767273,-0.8899712426046303
UBFC_PHYS_s15_T1_test,108,68,110.26666666666667,-1.1628104448318481,-0.6605602346558427
UBFC_PHYS_s15_T1_test,108,69,110.3,-1.0598809719085693,-0.2815061377218393
UBFC_PHYS_s15_T1_test,108,70,110.33333333333333,-1.0464210510253906,0.17984819000998323
UBFC_PHYS_s15_T1_test,108,71,110.36666666666666,-1.0898908376693726,0.6294245566982603
UBFC_PHYS_s15_T1_test,108,72,110.4,-1.1922601461410522,0.9763168693547456
UBFC_PHYS_s15_T1_test,108,73,110.43333333333334,-1.2694475650787354,1.1608411371135061
UBFC_PHYS_s15_T1_test,108,74,110.46666666666667,-1.152305006980896,1.1684691309525967
UBFC_PHYS_s15_T1_test,108,75,110.5,-0.8218302726745605,1.0263256551131452
UBFC_PHYS_s15_T1_test,108,76,110.53333333333333,-0.4472677409648895,0.7871340410341039
UBFC_PHYS_s15_T1_test,108,77,110.56666666666666,-0.11484252661466599,0.5087779515448696
UBFC_PHYS_s15_T1_test,108,78,110.6,0.2710943818092346,0.23620926683246926
UBFC_PHYS_s15_T1_test,108,79,110.63333333333334,0.8212162256240845,-0.009838071243581062
UBFC_PHYS_s15_T1_test,108,80,110.66666666666667,1.5264272689819336,-0.23351382515670244
UBFC_PHYS_s15_T1_test,108,81,110.7,2.2099132537841797,-0.45232759408633927
UBFC_PHYS_s15_T1_test,108,82,110.73333333333333,2.632483720779419,-0.6780979771638227
UBFC_PHYS_s15_T1_test,108,83,110.76666666666667,2.720292329788208,-0.9005483942245762
UBFC_PHYS_s15_T1_test,108,84,110.8,2.581385850906372,-1.082972154339283
UBFC_PHYS_s15_T1_test,108,85,110.83333333333333,2.2096621990203857,-1.1728007892450485
UBFC_PHYS_s15_T1_test,108,86,110.86666666666666,1.4926711320877075,-1.1219033843785988
UBFC_PHYS_s15_T1_test,108,87,110.9,0.5254825353622437,-0.9069921136057814
UBFC_PHYS_s15_T1_test,108,88,110.93333333333334,-0.4013647139072418,-0.5419117974115598
UBFC_PHYS_s15_T1_test,108,89,110.96666666666667,-1.114590048789978,-0.07828329510455521
UBFC_PHYS_s15_T1_test,108,90,111.0,-1.607704758644104,0.40492815667437715
UBFC_PHYS_s15_T1_test,108,91,111.03333333333333,-1.8224468231201172,0.8201608682469005
UBFC_PHYS_s15_T1_test,108,92,111.06666666666666,-1.7012488842010498,1.0942958360975197
UBFC_PHYS_s15_T1_test,108,93,111.1,-1.3738253116607666,1.1895793205162104
UBFC_PHYS_s15_T1_test,108,94,111.13333333333334,-1.0933282375335693,1.1132150841966792
UBFC_PHYS_s15_T1_test,108,95,111.16666666666667,-0.9919630885124207,0.9090298417794439
UBFC_PHYS_s15_T1_test,108,96,111.2,-1.040531039237976,0.6349730296130986
UBFC_PHYS_s15_T1_test,108,97,111.23333333333333,-1.1668658256530762,0.3396817292679093
UBFC_PHYS_s15_T1_test,108,98,111.26666666666667,-1.287213921546936,0.050818768573982286
UBFC_PHYS_s15_T1_test,108,99,111.3,-1.3282312154769897,-0.22137475748193977
UBFC_PHYS_s15_T1_test,108,100,111.33333333333333,-1.2865574359893799,-0.4721766546384572
UBFC_PHYS_s15_T1_test,108,101,111.36666666666666,-1.204986333847046,-0.6925352556686476
UBFC_PHYS_s15_T1_test,108,102,111.4,-1.1235504150390625,-0.8663311717909465
UBFC_PHYS_s15_T1_test,108,103,111.43333333333334,-1.0607500076293945,-0.9726113256345417
UBFC_PHYS_s15_T1_test,108,104,111.46666666666667,-0.993932843208313,-0.9890704683890349
UBFC_PHYS_s15_T1_test,108,105,111.5,-0.9026481509208679,-0.8961645615491876
UBFC_PHYS_s15_T1_test,108,106,111.53333333333333,-0.8459694385528564,-0.6838232016463807
UBFC_PHYS_s15_T1_test,108,107,111.56666666666666,-0.8760371804237366,-0.36108442611708347
UBFC_PHYS_s15_T1_test,108,108,111.6,-0.8900185823440552,0.03623684060929092
UBFC_PHYS_s15_T1_test,108,109,111.63333333333334,-0.7472885251045227,0.4475296289136498
UBFC_PHYS_s15_T1_test,108,110,111.66666666666667,-0.4738401174545288,0.8022982621523768
UBFC_PHYS_s15_T1_test,108,111,111.7,-0.20969976484775543,1.042285035129151
UBFC_PHYS_s15_T1_test,108,112,111.73333333333333,-0.039644207805395126,1.138539554449655
UBFC_PHYS_s15_T1_test,108,113,111.76666666666667,0.019255343824625015,1.0937946514430978
UBFC_PHYS_s15_T1_test,108,114,111.8,-0.013129754923284054,0.9319129163393909
UBFC_PHYS_s15_T1_test,108,115,111.83333333333333,-0.05314282700419426,0.6848519991654232
UBFC_PHYS_s15_T1_test,108,116,111.86666666666666,-0.005598336458206177,0.3847370888116013
UBFC_PHYS_s15_T1_test,108,117,111.9,0.13083620369434357,0.06073057833322088
UBFC_PHYS_s15_T1_test,108,118,111.93333333333334,0.2557225525379181,-0.2625169166547844
UBFC_PHYS_s15_T1_test,108,119,111.96666666666667,0.28804972767829895,-0.5655240501630979
UBFC_PHYS_s15_T1_test,108,120,112.0,0.24154804646968842,-0.831642998426433
UBFC_PHYS_s15_T1_test,108,121,112.03333333333333,0.16154120862483978,-1.0409574033283058
UBFC_PHYS_s15_T1_test,108,122,112.06666666666666,0.07431194186210632,-1.1649006873104661
UBFC_PHYS_s15_T1_test,108,123,112.1,0.017227653414011,-1.1687038627951132
UBFC_PHYS_s15_T1_test,108,124,112.13333333333334,0.02085818350315094,-1.0239194690279843
UBFC_PHYS_s15_T1_test,108,125,112.16666666666667,0.060600899159908295,-0.7252727023228721
UBFC_PHYS_s15_T1_test,108,126,112.2,0.08628496527671814,-0.30211720667864406
UBFC_PHYS_s15_T1_test,108,127,112.23333333333333,0.06791989505290985,0.18277117066436477
UBFC_PHYS_s15_T1_test,108,128,112.26666666666667,0.0158565491437912,0.6475349421361658
UBFC_PHYS_s15_T1_test,108,129,112.3,0.005467054899781942,1.0127117440709907
UBFC_PHYS_s15_T1_test,108,130,112.33333333333333,0.10955511778593063,1.221498202158939
UBFC_PHYS_s15_T1_test,108,131,112.36666666666666,0.2855006456375122,1.2521369250645917
UBFC_PHYS_s15_T1_test,108,132,112.4,0.4130326509475708,1.1192984788179003
UBFC_PHYS_s15_T1_test,108,133,112.43333333333334,0.4444328546524048,0.8648633497229276
UBFC_PHYS_s15_T1_test,108,134,112.46666666666667,0.4534319341182709,0.5413789951944626
UBFC_PHYS_s15_T1_test,108,135,112.5,0.5236865878105164,0.19441879854237087
UBFC_PHYS_s15_T1_test,108,136,112.53333333333333,0.6340121626853943,-0.14763937086593007
UBFC_PHYS_s15_T1_test,108,137,112.56666666666666,0.7300280928611755,-0.47059360936949945
UBFC_PHYS_s15_T1_test,108,138,112.6,0.8542578816413879,-0.7612641420159554
UBFC_PHYS_s15_T1_test,108,139,112.63333333333334,1.1083177328109741,-0.9950482307807273
UBFC_PHYS_s15_T1_test,108,140,112.66666666666667,1.5202476978302002,-1.1341927447608606
UBFC_PHYS_s15_T1_test,108,141,112.7,1.954771876335144,-1.1388795615773057
UBFC_PHYS_s15_T1_test,108,142,112.73333333333333,2.188863754272461,-0.9847056977017024
UBFC_PHYS_s15_T1_test,108,143,112.76666666666667,2.1193816661834717,-0.6767450407983037
UBFC_PHYS_s15_T1_test,108,144,112.8,1.8485209941864014,-0.2537058777768326
UBFC_PHYS_s15_T1_test,108,145,112.83333333333333,1.5269100666046143,0.21848963875601418
UBFC_PHYS_s15_T1_test,108,146,112.86666666666666,1.2552382946014404,0.6608922523208427
UBFC_PHYS_s15_T1_test,108,147,112.9,1.0873262882232666,0.9996051173135139
UBFC_PHYS_s15_T1_test,108,148,112.93333333333334,0.9789125323295593,1.1832641295926658
UBFC_PHYS_s15_T1_test,108,149,112.96666666666667,0.8035269975662231,1.1946647492628777
UBFC_PHYS_s15_T1_test,108,150,113.0,0.5152861475944519,1.0515412555676416
UBFC_PHYS_s15_T1_test,108,151,113.03333333333333,0.24558411538600922,0.7951289352990769
UBFC_PHYS_s15_T1_test,108,152,113.06666666666666,0.10507488995790482,0.4719770606125395
UBFC_PHYS_s15_T1_test,108,153,113.1,0.0047139134258031845,0.11916824029592392
UBFC_PHYS_s15_T1_test,108,154,113.13333333333334,-0.1353125274181366,-0.2391908580888492
UBFC_PHYS_s15_T1_test,108,155,113.16666666666667,-0.15249961614608765,-0.5841977789685339
UBFC_PHYS_s15_T1_test,108,156,113.2,0.1423071324825287,-0.8909807489973424
UBFC_PHYS_s15_T1_test,108,157,113.23333333333333,0.6143532395362854,-1.1239726789980602
UBFC_PHYS_s15_T1_test,108,158,113.26666666666667,0.9338591694831848,-1.2428114075703096
UBFC_PHYS_s15_T1_test,108,159,113.3,0.9802063703536987,-1.2152941684905303
UBFC_PHYS_s15_T1_test,108,160,113.33333333333333,0.8379784226417542,-1.030377320121824
UBFC_PHYS_s15_T1_test,108,161,113.36666666666666,0.5598180294036865,-0.7056571887535499
UBFC_PHYS_s15_T1_test,108,162,113.4,0.196996808052063,-0.2870974421996089
UBFC_PHYS_s15_T1_test,108,163,113.43333333333334,-0.12986673414707184,0.15896431252718046
UBFC_PHYS_s15_T1_test,108,164,113.46666666666667,-0.2825421094894409,0.5608418911075139
UBFC_PHYS_s15_T1_test,108,165,113.5,-0.17673532664775848,0.8607989681076162
UBFC_PHYS_s15_T1_test,108,166,113.53333333333333,0.14993511140346527,1.0312447067801132
UBFC_PHYS_s15_T1_test,108,167,113.56666666666666,0.5295186042785645,1.0786494836973362
UBFC_PHYS_s15_T1_test,108,168,113.6,0.8365300893783569,1.0316976715805797
UBFC_PHYS_s15_T1_test,108,169,113.63333333333334,1.0174386501312256,0.9202371479634373
UBFC_PHYS_s15_T1_test,108,170,113.66666666666667,1.0050214529037476,0.7585038144663903
UBFC_PHYS_s15_T1_test,108,171,113.7,0.7330020666122437,0.5434242635384376
UBFC_PHYS_s15_T1_test,108,172,113.73333333333333,0.2509140372276306,0.26708196195242534
UBFC_PHYS_s15_T1_test,108,173,113.76666666666667,-0.23791362345218658,-0.06741020668440817
UBFC_PHYS_s15_T1_test,108,174,113.8,-0.5232964158058167,-0.43642747907151186
UBFC_PHYS_s15_T1_test,108,175,113.83333333333333,-0.5906736850738525,-0.7953336440196638
UBFC_PHYS_s15_T1_test,108,176,113.86666666666666,-0.5539435148239136,-1.0848790476756809
UBFC_PHYS_s15_T1_test,108,177,113.9,-0.47828173637390137,-1.242411267812299
UBFC_PHYS_s15_T1_test,108,178,113.93333333333334,-0.3744640350341797,-1.21747869378898
UBFC_PHYS_s15_T1_test,108,179,113.96666666666667,-0.312011182308197,-0.990251868826207
UBFC_PHYS_s15_T1_test,108,180,114.0,-0.38732537627220154,-0.586173423449945
UBFC_PHYS_s15_T1_test,108,181,114.03333333333333,-0.6102167367935181,-0.07716067933472316
UBFC_PHYS_s15_T1_test,108,182,114.06666666666666,-0.9319821000099182,0.43586771706378846
UBFC_PHYS_s15_T1_test,108,183,114.1,-1.280551552772522,0.8540996557698202
UBFC_PHYS_s15_T1_test,108,184,114.13333333333334,-1.4433460235595703,1.1112679567364943
UBFC_PHYS_s15_T1_test,108,185,114.16666666666667,-1.2378928661346436,1.1885198409189137
UBFC_PHYS_s15_T1_test,108,186,114.2,-0.8243793845176697,1.1087722632195243
UBFC_PHYS_s15_T1_test,108,187,114.23333333333333,-0.5012428760528564,0.9177131248592506
UBFC_PHYS_s15_T1_test,108,188,114.26666666666667,-0.28250348567962646,0.6633838742595473
UBFC_PHYS_s15_T1_test,108,189,114.3,-0.025295890867710114,0.38268843516733275
UBFC_PHYS_s15_T1_test,108,190,114.33333333333333,0.20360128581523895,0.09627472934208443
UBFC_PHYS_s15_T1_test,108,191,114.36666666666666,0.2502574622631073,-0.1904837438530772
UBFC_PHYS_s15_T1_test,108,192,114.4,0.15905004739761353,-0.48106911065437463
UBFC_PHYS_s15_T1_test,108,193,114.43333333333334,0.14553211629390717,-0.7756659637233195
UBFC_PHYS_s15_T1_test,108,194,114.46666666666667,0.34416845440864563,-1.0574152953604077
UBFC_PHYS_s15_T1_test,108,195,114.5,0.6337611079216003,-1.2858046646036259
UBFC_PHYS_s15_T1_test,108,196,114.53333333333333,0.6623418927192688,-1.40385909624159
UBFC_PHYS_s15_T1_test,108,197,114.56666666666666,0.24618276953697205,-1.3579999481381786
UBFC_PHYS_s15_T1_test,108,198,114.6,-0.26311489939689636,-1.1215595052460134
UBFC_PHYS_s15_T1_test,108,199,114.63333333333334,-0.2730988562107086,-0.7104799629669795
UBFC_PHYS_s15_T1_test,108,200,114.66666666666667,0.31686222553253174,-0.18433208702243364
UBFC_PHYS_s15_T1_test,108,201,114.7,1.0428909063339233,0.3670166803294212
UBFC_PHYS_s15_T1_test,108,202,114.73333333333333,1.4138423204421997,0.8461237028006849
UBFC_PHYS_s15_T1_test,108,203,114.76666666666667,1.0919996500015259,1.173369881265266
UBFC_PHYS_s15_T1_test,108,204,114.8,-0.05067097768187523,1.3077160279562046
UBFC_PHYS_s15_T1_test,108,205,114.83333333333333,-1.54194974899292,1.255795045033852
UBFC_PHYS_s15_T1_test,108,206,114.86666666666666,-2.5205318927764893,1.0647071226986726
UBFC_PHYS_s15_T1_test,108,207,114.9,-2.650284767150879,0.8000195818598577
UBFC_PHYS_s15_T1_test,108,208,114.93333333333334,-2.3450498580932617,0.5189089360936617
UBFC_PHYS_s15_T1_test,108,209,114.96666666666667,-1.9524699449539185,0.25224685778125483
UBFC_PHYS_s15_T1_test,108,210,115.0,-1.3681477308273315,0.003896703103481323
UBFC_PHYS_s15_T1_test,108,211,115.03333333333333,-0.5567823052406311,-0.23531915206254955
UBFC_PHYS_s15_T1_test,108,212,115.06666666666666,0.12707048654556274,-0.4696325575043883
UBFC_PHYS_s15_T1_test,108,213,115.1,0.32839110493659973,-0.6871560614697356
UBFC_PHYS_s15_T1_test,108,214,115.13333333333334,0.039184633642435074,-0.8592523269337335
UBFC_PHYS_s15_T1_test,108,215,115.16666666666667,-0.3712969720363617,-0.9472151743673785
UBFC_PHYS_s15_T1_test,108,216,115.2,-0.5120572447776794,-0.912255107537915
UBFC_PHYS_s15_T1_test,108,217,115.23333333333333,-0.38991308212280273,-0.727425311832707
UBFC_PHYS_s15_T1_test,108,218,115.26666666666667,-0.33387160301208496,-0.39061818334948045
UBFC_PHYS_s15_T1_test,108,219,115.3,-0.5324500203132629,0.06514051460303022
UBFC_PHYS_s15_T1_test,108,220,115.33333333333333,-0.8643152117729187,0.571097060404658
UBFC_PHYS_s15_T1_test,108,221,115.36666666666666,-1.0826104879379272,1.0369627392039706
UBFC_PHYS_s15_T1_test,108,222,115.4,-0.9860731363296509,1.3763844511808083
UBFC_PHYS_s15_T1_test,108,223,115.43333333333334,-0.6082469820976257,1.532012958530737
UBFC_PHYS_s15_T1_test,108,224,115.46666666666667,-0.2712835967540741,1.4883842416741595
UBFC_PHYS_s15_T1_test,108,225,115.5,-0.2679813504219055,1.268459911128788
UBFC_PHYS_s15_T1_test,108,226,115.53333333333333,-0.4396783709526062,0.9191005479022754
UBFC_PHYS_s15_T1_test,108,227,115.56666666666666,-0.3058122396469116,0.4949069345347844
UBFC_PHYS_s15_T1_test,108,228,115.6,0.2179689109325409,0.04626154682823613
UBFC_PHYS_s15_T1_test,108,229,115.63333333333334,0.6663586497306824,-0.3880546213826413
UBFC_PHYS_s15_T1_test,108,230,115.66666666666667,0.6641764640808105,-0.7843579595155962
UBFC_PHYS_s15_T1_test,108,231,115.7,0.3630935549736023,-1.1324657908578966
UBFC_PHYS_s15_T1_test,108,232,115.73333333333333,0.09800694137811661,-1.4276481085542936
UBFC_PHYS_s15_T1_test,108,233,115.76666666666667,0.01915878802537918,-1.6584536665060854
UBFC_PHYS_s15_T1_test,108,234,115.8,0.1535463184118271,-1.7980509216533498
UBFC_PHYS_s15_T1_test,108,235,115.83333333333333,0.49896806478500366,-1.8073086751673049
UBFC_PHYS_s15_T1_test,108,236,115.86666666666666,0.9955395460128784,-1.6505035845882767
UBFC_PHYS_s15_T1_test,108,237,115.9,1.518181324005127,-1.3154135854416522
UBFC_PHYS_s15_T1_test,108,238,115.93333333333334,1.8634486198425293,-0.8265300379174209
UBFC_PHYS_s15_T1_test,108,239,115.96666666666667,1.8007447719573975,-0.24454132227773365
UBFC_PHYS_s15_T1_test,109,0,109.0,1.97319495677948,0.046221959516976316
UBFC_PHYS_s15_T1_test,109,1,109.03333333333333,2.175732135772705,0.8314211358986544
UBFC_PHYS_s15_T1_test,109,2,109.06666666666666,2.57045578956604,1.505994161013992
UBFC_PHYS_s15_T1_test,109,3,109.1,3.2213246822357178,1.987240805034083
UBFC_PHYS_s15_T1_test,109,4,109.13333333333334,4.08170223236084,2.2336993510406735
UBFC_PHYS_s15_T1_test,109,5,109.16666666666667,5.068124771118164,2.247721539490628
UBFC_PHYS_s15_T1_test,109,6,109.2,6.070228576660156,2.0655591950168035
UBFC_PHYS_s15_T1_test,109,7,109.23333333333333,6.871590614318848,1.7430041052334189
UBFC_PHYS_s15_T1_test,109,8,109.26666666666667,7.153111457824707,1.3423197659377781
UBFC_PHYS_s15_T1_test,109,9,109.3,6.6009039878845215,0.9207638226011718
UBFC_PHYS_s15_T1_test,109,10,109.33333333333333,5.042247772216797,0.5206129962427308
UBFC_PHYS_s15_T1_test,109,11,109.36666666666666,2.676783800125122,0.16339759704367615
UBFC_PHYS_s15_T1_test,109,12,109.4,0.2412583827972412,-0.14849681054665126
UBFC_PHYS_s15_T1_test,109,13,109.43333333333334,-1.44139564037323,-0.42276446931338757
UBFC_PHYS_s15_T1_test,109,14,109.46666666666667,-2.172947406768799,-0.6648388214424994
UBFC_PHYS_s15_T1_test,109,15,109.5,-2.408062696456909,-0.8685822371239198
UBFC_PHYS_s15_T1_test,109,16,109.53333333333333,-2.6267635822296143,-1.014409907062454
UBFC_PHYS_s15_T1_test,109,17,109.56666666666666,-2.903475522994995,-1.0750665997061832
UBFC_PHYS_s15_T1_test,109,18,109.6,-3.107152223587036,-1.0258910078802173
UBFC_PHYS_s15_T1_test,109,19,109.63333333333334,-3.201932191848755,-0.8555459644051899
UBFC_PHYS_s15_T1_test,109,20,109.66666666666667,-3.235456705093384,-0.5744400950093069
UBFC_PHYS_s15_T1_test,109,21,109.7,-3.2293930053710938,-0.21891563869988684
UBFC_PHYS_s15_T1_test,109,22,109.73333333333333,-3.278907299041748,0.15150886136926303
UBFC_PHYS_s15_T1_test,109,23,109.76666666666667,-3.5854358673095703,0.46624624023305106
UBFC_PHYS_s15_T1_test,109,24,109.8,-4.113813400268555,0.6635584243174317
UBFC_PHYS_s15_T1_test,109,25,109.83333333333333,-4.518984317779541,0.7109645149042049
UBFC_PHYS_s15_T1_test,109,26,109.86666666666666,-4.60422420501709,0.6156797469607718
UBFC_PHYS_s15_T1_test,109,27,109.9,-4.472830295562744,0.4183455614813183
UBFC_PHYS_s15_T1_test,109,28,109.93333333333334,-4.226649284362793,0.17330906558052442
UBFC_PHYS_s15_T1_test,109,29,109.96666666666667,-3.8636155128479004,-0.07315513988595315
UBFC_PHYS_s15_T1_test,109,30,110.0,-3.4584059715270996,-0.2959166584696015
UBFC_PHYS_s15_T1_test,109,31,110.03333333333333,-3.1480536460876465,-0.4912911201558345
UBFC_PHYS_s15_T1_test,109,32,110.06666666666666,-2.9290244579315186,-0.6669461124363604
UBFC_PHYS_s15_T1_test,109,33,110.1,-2.684929370880127,-0.8271846880651802
UBFC_PHYS_s15_T1_test,109,34,110.13333333333334,-2.357119560241699,-0.960015828237348
UBFC_PHYS_s15_T1_test,109,35,110.16666666666667,-1.997021198272705,-1.0318114654374948
UBFC_PHYS_s15_T1_test,109,36,110.2,-1.6656967401504517,-0.9940354381703809
UBFC_PHYS_s15_T1_test,109,37,110.23333333333333,-1.377822756767273,-0.8025309063035312
UBFC_PHYS_s15_T1_test,109,38,110.26666666666667,-1.1628104448318481,-0.44268891852499626
UBFC_PHYS_s15_T1_test,109,39,110.3,-1.0598809719085693,0.051966538610361476
UBFC_PHYS_s15_T1_test,109,40,110.33333333333333,-1.0464210510253906,0.5994717085795965
UBFC_PHYS_s15_T1_test,109,41,110.36666666666666,-1.0898908376693726,1.0908372790396115
UBFC_PHYS_s15_T1_test,109,42,110.4,-1.1922601461410522,1.424901244246522
UBFC_PHYS_s15_T1_test,109,43,110.43333333333334,-1.2694475650787354,1.5409666382444251
UBFC_PHYS_s15_T1_test,109,44,110.46666666666667,-1.152305006980896,1.435673386389543
UBFC_PHYS_s15_T1_test,109,45,110.5,-0.8218302726745605,1.15896508436192
UBFC_PHYS_s15_T1_test,109,46,110.53333333333333,-0.4472677409648895,0.7925423684138234
UBFC_PHYS_s15_T1_test,109,47,110.56666666666666,-0.11484252661466599,0.41978267195891295
UBFC_PHYS_s15_T1_test,109,48,110.6,0.2710943818092346,0.09818495009438419
UBFC_PHYS_s15_T1_test,109,49,110.63333333333334,0.8212162256240845,-0.15574015000182656
UBFC_PHYS_s15_T1_test,109,50,110.66666666666667,1.5264272689819336,-0.36323521757525845
UBFC_PHYS_s15_T1_test,109,51,110.7,2.2099132537841797,-0.5627996165705067
UBFC_PHYS_s15_T1_test,109,52,110.73333333333333,2.632483720779419,-0.7817952579536657
UBFC_PHYS_s15_T1_test,109,53,110.76666666666667,2.720292329788208,-1.0141205866475955
UBFC_PHYS_s15_T1_test,109,54,110.8,2.581385850906372,-1.2150896566151528
UBFC_PHYS_s15_T1_test,109,55,110.83333333333333,2.2096621990203857,-1.316166427667053
UBFC_PHYS_s15_T1_test,109,56,110.86666666666666,1.4926711320877075,-1.2529133474215124
UBFC_PHYS_s15_T1_test,109,57,110.9,0.5254825353622437,-0.9939046216326747
UBFC_PHYS_s15_T1_test,109,58,110.93333333333334,-0.4013647139072418,-0.5586390021915633
UBFC_PHYS_s15_T1_test,109,59,110.96666666666667,-1.114590048789978,-0.017485084694502977
UBFC_PHYS_s15_T1_test,109,60,111.0,-1.607704758644104,0.5264675727153311
UBFC_PHYS_s15_T1_test,109,61,111.03333333333333,-1.8224468231201172,0.9676071100132139
UBFC_PHYS_s15_T1_test,109,62,111.06666666666666,-1.7012488842010498,1.2300066278686106
UBFC_PHYS_s15_T1_test,109,63,111.1,-1.3738253116607666,1.2900936644501286
UBFC_PHYS_s15_T1_test,109,64,111.13333333333334,-1.0933282375335693,1.179911708090653
UBFC_PHYS_s15_T1_test,109,65,111.16666666666667,-0.9919630885124207,0.9680802381512309
UBFC_PHYS_s15_T1_test,109,66,111.2,-1.040531039237976,0.7268741262561225
UBFC_PHYS_s15_T1_test,109,67,111.23333333333333,-1.1668658256530762,0.501979731787171
UBFC_PHYS_s15_T1_test,109,68,111.26666666666667,-1.287213921546936,0.2997246043110441
UBFC_PHYS_s15_T1_test,109,69,111.3,-1.3282312154769897,0.09629160529940375
UBFC_PHYS_s15_T1_test,109,70,111.33333333333333,-1.2865574359893799,-0.13864339922884256
UBFC_PHYS_s15_T1_test,109,71,111.36666666666666,-1.204986333847046,-0.417778939016017
UBFC_PHYS_s15_T1_test,109,72,111.4,-1.1235504150390625,-0.722848215510078
UBFC_PHYS_s15_T1_test,109,73,111.43333333333334,-1.0607500076293945,-1.0059270148005222
UBFC_PHYS_s15_T1_test,109,74,111.46666666666667,-0.993932843208313,-1.2030804179225696
UBFC_PHYS_s15_T1_test,109,75,111.5,-0.9026481509208679,-1.2549436437433306
UBFC_PHYS_s15_T1_test,109,76,111.53333333333333,-0.8459694385528564,-1.127776752840856
UBFC_PHYS_s15_T1_test,109,77,111.56666666666666,-0.8760371804237366,-0.8282727306612928
UBFC_PHYS_s15_T1_test,109,78,111.6,-0.8900185823440552,-0.4059166196087184
UBFC_PHYS_s15_T1_test,109,79,111.63333333333334,-0.7472885251045227,0.060118913388739925
UBFC_PHYS_s15_T1_test,109,80,111.66666666666667,-0.4738401174545288,0.4859438173513412
UBFC_PHYS_s15_T1_test,109,81,111.7,-0.20969976484775543,0.8092797506597429
UBFC_PHYS_s15_T1_test,109,82,111.73333333333333,-0.039644207805395126,1.0043250732677331
UBFC_PHYS_s15_T1_test,109,83,111.76666666666667,0.019255343824625015,1.0782197073535915
UBFC_PHYS_s15_T1_test,109,84,111.8,-0.013129754923284054,1.0541286550237332
UBFC_PHYS_s15_T1_test,109,85,111.83333333333333,-0.05314282700419426,0.9537808466027459
UBFC_PHYS_s15_T1_test,109,86,111.86666666666666,-0.005598336458206177,0.7888873122585551
UBFC_PHYS_s15_T1_test,109,87,111.9,0.13083620369434357,0.562216273666876
UBFC_PHYS_s15_T1_test,109,88,111.93333333333334,0.2557225525379181,0.2742928329265625
UBFC_PHYS_s15_T1_test,109,89,111.96666666666667,0.28804972767829895,-0.06820283129620626
UBFC_PHYS_s15_T1_test,109,90,112.0,0.24154804646968842,-0.4447405609623472
UBFC_PHYS_s15_T1_test,109,91,112.03333333333333,0.16154120862483978,-0.8161683160882341
UBFC_PHYS_s15_T1_test,109,92,112.06666666666666,0.07431194186210632,-1.1263111569743929
UBFC_PHYS_s15_T1_test,109,93,112.1,0.017227653414011,-1.3127491806580964
UBFC_PHYS_s15_T1_test,109,94,112.13333333333334,0.02085818350315094,-1.32500908432991
UBFC_PHYS_s15_T1_test,109,95,112.16666666666667,0.060600899159908295,-1.1431673709271488
UBFC_PHYS_s15_T1_test,109,96,112.2,0.08628496527671814,-0.7884326784300035
UBFC_PHYS_s15_T1_test,109,97,112.23333333333333,0.06791989505290985,-0.3206041862409568
UBFC_PHYS_s15_T1_test,109,98,112.26666666666667,0.0158565491437912,0.17674689441169006
UBFC_PHYS_s15_T1_test,109,99,112.3,0.005467054899781942,0.6176563188415596
UBFC_PHYS_s15_T1_test,109,100,112.33333333333333,0.10955511778593063,0.9346579384642876
UBFC_PHYS_s15_T1_test,109,101,112.36666666666666,0.2855006456375122,1.093294259828467
UBFC_PHYS_s15_T1_test,109,102,112.4,0.4130326509475708,1.0961436266652669
UBFC_PHYS_s15_T1_test,109,103,112.43333333333334,0.4444328546524048,0.9748661717413022
UBFC_PHYS_s15_T1_test,109,104,112.46666666666667,0.4534319341182709,0.7728891329402925
UBFC_PHYS_s15_T1_test,109,105,112.5,0.5236865878105164,0.5263035975973834
UBFC_PHYS_s15_T1_test,109,106,112.53333333333333,0.6340121626853943,0.25347998298255436
UBFC_PHYS_s15_T1_test,109,107,112.56666666666666,0.7300280928611755,-0.039903324475070626
UBFC_PHYS_s15_T1_test,109,108,112.6,0.8542578816413879,-0.3445163508515437
UBFC_PHYS_s15_T1_test,109,109,112.63333333333334,1.1083177328109741,-0.6325791905217675
UBFC_PHYS_s15_T1_test,109,110,112.66666666666667,1.5202476978302002,-0.8560146210623791
UBFC_PHYS_s15_T1_test,109,111,112.7,1.954771876335144,-0.9597799304388892
UBFC_PHYS_s15_T1_test,109,112,112.73333333333333,2.188863754272461,-0.9033660518252233
UBFC_PHYS_s15_T1_test,109,113,112.76666666666667,2.1193816661834717,-0.6795695372610832
UBFC_PHYS_s15_T1_test,109,114,112.8,1.8485209941864014,-0.3222486700188088
UBFC_PHYS_s15_T1_test,109,115,112.83333333333333,1.5269100666046143,0.09965083311092834
UBFC_PHYS_s15_T1_test,109,116,112.86666666666666,1.2552382946014404,0.4998997164775681
UBFC_PHYS_s15_T1_test,109,117,112.9,1.0873262882232666,0.7992811977688177
UBFC_PHYS_s15_T1_test,109,118,112.93333333333334,0.9789125323295593,0.9481604865874905
UBFC_PHYS_s15_T1_test,109,119,112.96666666666667,0.8035269975662231,0.9384968778083165
UBFC_PHYS_s15_T1_test,109,120,113.0,0.5152861475944519,0.7999679078268958
UBFC_PHYS_s15_T1_test,109,121,113.03333333333333,0.24558411538600922,0.5819132138156219
UBFC_PHYS_s15_T1_test,109,122,113.06666666666666,0.10507488995790482,0.33023919238943167
UBFC_PHYS_s15_T1_test,109,123,113.1,0.0047139134258031845,0.07136652691852624
UBFC_PHYS_s15_T1_test,109,124,113.13333333333334,-0.1353125274181366,-0.18900947296564596
UBFC_PHYS_s15_T1_test,109,125,113.16666666666667,-0.15249961614608765,-0.453524361948376
UBFC_PHYS_s15_T1_test,109,126,113.2,0.1423071324825287,-0.716265277428294
UBFC_PHYS_s15_T1_test,109,127,113.23333333333333,0.6143532395362854,-0.9523914858983435
UBFC_PHYS_s15_T1_test,109,128,113.26666666666667,0.9338591694831848,-1.1198575242631923
UBFC_PHYS_s15_T1_test,109,129,113.3,0.9802063703536987,-1.1713693092024502
UBFC_PHYS_s15_T1_test,109,130,113.33333333333333,0.8379784226417542,-1.070752944215186
UBFC_PHYS_s15_T1_test,109,131,113.36666666666666,0.5598180294036865,-0.8078458804468315
UBFC_PHYS_s15_T1_test,109,132,113.4,0.196996808052063,-0.407424499390286
UBFC_PHYS_s15_T1_test,109,133,113.43333333333334,-0.12986673414707184,0.0710832626431249
UBFC_PHYS_s15_T1_test,109,134,113.46666666666667,-0.2825421094894409,0.5451417699874009
UBFC_PHYS_s15_T1_test,109,135,113.5,-0.17673532664775848,0.9307549416689925
UBFC_PHYS_s15_T1_test,109,136,113.53333333333333,0.14993511140346527,1.1674301537148242
UBFC_PHYS_s15_T1_test,109,137,113.56666666666666,0.5295186042785645,1.2355077545749744
UBFC_PHYS_s15_T1_test,109,138,113.6,0.8365300893783569,1.1566642630214374
UBFC_PHYS_s15_T1_test,109,139,113.63333333333334,1.0174386501312256,0.9767874896990427
UBFC_PHYS_s15_T1_test,109,140,113.66666666666667,1.0050214529037476,0.74118424215062
UBFC_PHYS_s15_T1_test,109,141,113.7,0.7330020666122437,0.4766765257789739
UBFC_PHYS_s15_T1_test,109,142,113.73333333333333,0.2509140372276306,0.1890507974588215
UBFC_PHYS_s15_T1_test,109,143,113.76666666666667,-0.23791362345218658,-0.12610209779477433
UBFC_PHYS_s15_T1_test,109,144,113.8,-0.5232964158058167,-0.4672582111920285
UBFC_PHYS_s15_T1_test,109,145,113.83333333333333,-0.5906736850738525,-0.8139185704274061
UBFC_PHYS_s15_T1_test,109,146,113.86666666666666,-0.5539435148239136,-1.1221489231136461
UBFC_PHYS_s15_T1_test,109,147,113.9,-0.47828173637390137,-1.3307742443005193
UBFC_PHYS_s15_T1_test,109,148,113.93333333333334,-0.3744640350341797,-1.377448208377959
UBFC_PHYS_s15_T1_test,109,149,113.96666666666667,-0.312011182308197,-1.2206128568202215
UBFC_PHYS_s15_T1_test,109,150,114.0,-0.38732537627220154,-0.8595784581695566
UBFC_PHYS_s15_T1_test,109,151,114.03333333333333,-0.6102167367935181,-0.3434396473871881
UBFC_PHYS_s15_T1_test,109,152,114.06666666666666,-0.9319821000099182,0.23708773757771637
UBFC_PHYS_s15_T1_test,109,153,114.1,-1.280551552772522,0.773668526547556
UBFC_PHYS_s15_T1_test,109,154,114.13333333333334,-1.4433460235595703,1.1715716847941038
UBFC_PHYS_s15_T1_test,109,155,114.16666666666667,-1.2378928661346436,1.37581570727427
UBFC_PHYS_s15_T1_test,109,156,114.2,-0.8243793845176697,1.3821187520494267
UBFC_PHYS_s15_T1_test,109,157,114.23333333333333,-0.5012428760528564,1.229422602533815
UBFC_PHYS_s15_T1_test,109,158,114.26666666666667,-0.28250348567962646,0.9788130425434471
UBFC_PHYS_s15_T1_test,109,159,114.3,-0.025295890867710114,0.6886501717204887
UBFC_PHYS_s15_T1_test,109,160,114.33333333333333,0.20360128581523895,0.3955280215193472
UBFC_PHYS_s15_T1_test,109,161,114.36666666666666,0.2502574622631073,0.10730870699830763
UBFC_PHYS_s15_T1_test,109,162,114.4,0.15905004739761353,-0.18953766538379135
UBFC_PHYS_s15_T1_test,109,163,114.43333333333334,0.14553211629390717,-0.5111375638275553
UBFC_PHYS_s15_T1_test,109,164,114.46666666666667,0.34416845440864563,-0.8547788138183955
UBFC_PHYS_s15_T1_test,109,165,114.5,0.6337611079216003,-1.1863304767184448
UBFC_PHYS_s15_T1_test,109,166,114.53333333333333,0.6623418927192688,-1.44403620012604
UBFC_PHYS_s15_T1_test,109,167,114.56666666666666,0.24618276953697205,-1.557742080073312
UBFC_PHYS_s15_T1_test,109,168,114.6,-0.26311489939689636,-1.4748303095701318
UBFC_PHYS_s15_T1_test,109,169,114.63333333333334,-0.2730988562107086,-1.1814783955266612
UBFC_PHYS_s15_T1_test,109,170,114.66666666666667,0.31686222553253174,-0.7113835114883903
UBFC_PHYS_s15_T1_test,109,171,114.7,1.0428909063339233,-0.13986931196551278
UBFC_PHYS_s15_T1_test,109,172,114.73333333333333,1.4138423204421997,0.43466017823816505
UBFC_PHYS_s15_T1_test,109,173,114.76666666666667,1.0919996500015259,0.9170612458812314
UBFC_PHYS_s15_T1_test,109,174,114.8,-0.05067097768187523,1.2415277820639787
UBFC_PHYS_s15_T1_test,109,175,114.83333333333333,-1.54194974899292,1.3875217436716314
UBFC_PHYS_s15_T1_test,109,176,114.86666666666666,-2.5205318927764893,1.3780245211581643
UBFC_PHYS_s15_T1_test,109,177,114.9,-2.650284767150879,1.260235837302434
UBFC_PHYS_s15_T1_test,109,178,114.93333333333334,-2.3450498580932617,1.0789162964839765
UBFC_PHYS_s15_T1_test,109,179,114.96666666666667,-1.9524699449539185,0.8573201097311777
UBFC_PHYS_s15_T1_test,109,180,115.0,-1.3681477308273315,0.5951466945560785
UBFC_PHYS_s15_T1_test,109,181,115.03333333333333,-0.5567823052406311,0.2817194452383252
UBFC_PHYS_s15_T1_test,109,182,115.06666666666666,0.12707048654556274,-0.08592299066447624
UBFC_PHYS_s15_T1_test,109,183,115.1,0.32839110493659973,-0.49100991285346557
UBFC_PHYS_s15_T1_test,109,184,115.13333333333334,0.039184633642435074,-0.8955504389784065
UBFC_PHYS_s15_T1_test,109,185,115.16666666666667,-0.3712969720363617,-1.2468676700119157
UBFC_PHYS_s15_T1_test,109,186,115.2,-0.5120572447776794,-1.4880079893921052
UBFC_PHYS_s15_T1_test,109,187,115.23333333333333,-0.38991308212280273,-1.5697244237337808
UBFC_PHYS_s15_T1_test,109,188,115.26666666666667,-0.33387160301208496,-1.4626564227700387
UBFC_PHYS_s15_T1_test,109,189,115.3,-0.5324500203132629,-1.1673337850318342
UBFC_PHYS_s15_T1_test,109,190,115.33333333333333,-0.8643152117729187,-0.7183265936963475
UBFC_PHYS_s15_T1_test,109,191,115.36666666666666,-1.0826104879379272,-0.17945245431985737
UBFC_PHYS_s15_T1_test,109,192,115.4,-0.9860731363296509,0.3697412961420258
UBFC_PHYS_s15_T1_test,109,193,115.43333333333334,-0.6082469820976257,0.8520062827585996
UBFC_PHYS_s15_T1_test,109,194,115.46666666666667,-0.2712835967540741,1.2087626268983316
UBFC_PHYS_s15_T1_test,109,195,115.5,-0.2679813504219055,1.4097091538553634
UBFC_PHYS_s15_T1_test,109,196,115.53333333333333,-0.4396783709526062,1.45380260963324
UBFC_PHYS_s15_T1_test,109,197,115.56666666666666,-0.3058122396469116,1.3629335271083671
UBFC_PHYS_s15_T1_test,109,198,115.6,0.2179689109325409,1.1712047291546166
UBFC_PHYS_s15_T1_test,109,199,115.63333333333334,0.6663586497306824,0.9132729207982077
UBFC_PHYS_s15_T1_test,109,200,115.66666666666667,0.6641764640808105,0.6156198914884096
UBFC_PHYS_s15_T1_test,109,201,115.7,0.3630935549736023,0.29409225045757664
UBFC_PHYS_s15_T1_test,109,202,115.73333333333333,0.09800694137811661,-0.04143741366866372
UBFC_PHYS_s15_T1_test,109,203,115.76666666666667,0.01915878802537918,-0.3784799611630936
UBFC_PHYS_s15_T1_test,109,204,115.8,0.1535463184118271,-0.6958950372082068
UBFC_PHYS_s15_T1_test,109,205,115.83333333333333,0.49896806478500366,-0.9655789210347968
UBFC_PHYS_s15_T1_test,109,206,115.86666666666666,0.9955395460128784,-1.1605277085925207
UBFC_PHYS_s15_T1_test,109,207,115.9,1.518181324005127,-1.262508313266784
UBFC_PHYS_s15_T1_test,109,208,115.93333333333334,1.8634486198425293,-1.2639137106164446
UBFC_PHYS_s15_T1_test,109,209,115.96666666666667,1.8007447719573975,-1.164259490950551
UBFC_PHYS_s15_T1_test,109,210,116.0,1.3362107276916504,-0.9664273694889779
UBFC_PHYS_s15_T1_test,109,211,116.03333333333333,0.8204244375228882,-0.6776099709761626
UBFC_PHYS_s15_T1_test,109,212,116.06666666666666,0.4855853021144867,-0.3152175383795604
UBFC_PHYS_s15_T1_test,109,213,116.1,0.16084600985050201,0.08703234727739428
UBFC_PHYS_s15_T1_test,109,214,116.13333333333334,-0.3272092044353485,0.4787723382891502
UBFC_PHYS_s15_T1_test,109,215,116.16666666666667,-0.879957377910614,0.8011965466003909
UBFC_PHYS_s15_T1_test,109,216,116.2,-1.2969468832015991,1.0016913554056135
UBFC_PHYS_s15_T1_test,109,217,116.23333333333333,-1.3479866981506348,1.0492564252935679
UBFC_PHYS_s15_T1_test,109,218,116.26666666666667,-0.7836131453514099,0.9449013826881759
UBFC_PHYS_s15_T1_test,109,219,116.3,0.34165796637535095,0.7231776380340845
UBFC_PHYS_s15_T1_test,109,220,116.33333333333333,1.5022881031036377,0.4433777211970107
UBFC_PHYS_s15_T1_test,109,221,116.36666666666666,2.030819892883301,0.1718166931322193
UBFC_PHYS_s15_T1_test,109,222,116.4,1.657744288444519,-0.039672372633563095
UBFC_PHYS_s15_T1_test,109,223,116.43333333333334,0.8314319252967834,-0.17063002037836705
UBFC_PHYS_s15_T1_test,109,224,116.46666666666667,0.25439009070396423,-0.2355679181205853
UBFC_PHYS_s15_T1_test,109,225,116.5,0.09063001722097397,-0.27097663810635353
UBFC_PHYS_s15_T1_test,109,226,116.53333333333333,0.010410754941403866,-0.3122125703430155
UBFC_PHYS_s15_T1_test,109,227,116.56666666666666,-0.18635237216949463,-0.37297259314065484
UBFC_PHYS_s15_T1_test,109,228,116.6,-0.5301326513290405,-0.43704214372338773
UBFC_PHYS_s15_T1_test,109,229,116.63333333333334,-1.0422691106796265,-0.4641691341708201
UBFC_PHYS_s15_T1_test,109,230,116.66666666666667,-1.4745532274246216,-0.4063570959208961
UBFC_PHYS_s15_T1_test,109,231,116.7,-1.3382538557052612,-0.2288890285922194
UBFC_PHYS_s15_T1_test,109,232,116.73333333333333,-0.5004125237464905,0.07004314545690435
UBFC_PHYS_s15_T1_test,109,233,116.76666666666667,0.5367796421051025,0.44765820980940996
UBFC_PHYS_s15_T1_test,109,234,116.8,1.125620722770691,0.8194003869273964
UBFC_PHYS_s15_T1_test,109,235,116.83333333333333,1.067010760307312,1.079546452111569
UBFC_PHYS_s15_T1_test,109,236,116.86666666666666,0.6366385221481323,1.1352648820516507
UBFC_PHYS_s15_T1_test,109,237,116.9,0.29699087142944336,0.9417749265219959
UBFC_PHYS_s15_T1_test,109,238,116.93333333333334,0.26750248670578003,0.5234615530591487
UBFC_PHYS_s15_T1_test,109,239,116.96666666666667,0.32141971588134766,-0.029003648153617483
UBFC_PHYS_s15_T1_test,110,0,110.0,-3.4584059715270996,-0.0008327088405296803
UBFC_PHYS_s15_T1_test,110,1,110.03333333333333,-3.1480536460876465,0.26919930571104217
UBFC_PHYS_s15_T1_test,110,2,110.06666666666666,-2.9290244579315186,0.4985826717699087
UBFC_PHYS_s15_T1_test,110,3,110.1,-2.684929370880127,0.6591683794039168
UBFC_PHYS_s15_T1_test,110,4,110.13333333333334,-2.357119560241699,0.7460487974655945
UBFC_PHYS_s15_T1_test,110,5,110.16666666666667,-1.997021198272705,0.7792284193071818
UBFC_PHYS_s15_T1_test,110,6,110.2,-1.6656967401504517,0.7954741675825732
UBFC_PHYS_s15_T1_test,110,7,110.23333333333333,-1.377822756767273,0.8325791882584106
UBFC_PHYS_s15_T1_test,110,8,110.26666666666667,-1.1628104448318481,0.9121082416979163
UBFC_PHYS_s15_T1_test,110,9,110.3,-1.0598809719085693,1.0280524296539684
UBFC_PHYS_s15_T1_test,110,10,110.33333333333333,-1.0464210510253906,1.1467816904420183
UBFC_PHYS_s15_T1_test,110,11,110.36666666666666,-1.0898908376693726,1.2188912656693927
UBFC_PHYS_s15_T1_test,110,12,110.4,-1.1922601461410522,1.1980931748702142
UBFC_PHYS_s15_T1_test,110,13,110.43333333333334,-1.2694475650787354,1.059181424549617
UBFC_PHYS_s15_T1_test,110,14,110.46666666666667,-1.152305006980896,0.8080110076026128
UBFC_PHYS_s15_T1_test,110,15,110.5,-0.8218302726745605,0.4800885888184861
UBFC_PHYS_s15_T1_test,110,16,110.53333333333333,-0.4472677409648895,0.12852021286241272
UBFC_PHYS_s15_T1_test,110,17,110.56666666666666,-0.11484252661466599,-0.19430302934354227
UBFC_PHYS_s15_T1_test,110,18,110.6,0.2710943818092346,-0.45433629565741795
UBFC_PHYS_s15_T1_test,110,19,110.63333333333334,0.8212162256240845,-0.6455010828316021
UBFC_PHYS_s15_T1_test,110,20,110.66666666666667,1.5264272689819336,-0.7866710819617271
UBFC_PHYS_s15_T1_test,110,21,110.7,2.2099132537841797,-0.9069955749408533
UBFC_PHYS_s15_T1_test,110,22,110.73333333333333,2.632483720779419,-1.0268271627611645
UBFC_PHYS_s15_T1_test,110,23,110.76666666666667,2.720292329788208,-1.1441860869802545
UBFC_PHYS_s15_T1_test,110,24,110.8,2.581385850906372,-1.2332598028649848
UBFC_PHYS_s15_T1_test,110,25,110.83333333333333,2.2096621990203857,-1.2547166476457932
UBFC_PHYS_s15_T1_test,110,26,110.86666666666666,1.4926711320877075,-1.1722124986395521
UBFC_PHYS_s15_T1_test,110,27,110.9,0.5254825353622437,-0.9677176992805692
UBFC_PHYS_s15_T1_test,110,28,110.93333333333334,-0.4013647139072418,-0.6500986330137937
UBFC_PHYS_s15_T1_test,110,29,110.96666666666667,-1.114590048789978,-0.25498556605315614
UBFC_PHYS_s15_T1_test,110,30,111.0,-1.607704758644104,0.16285472855539
UBFC_PHYS_s15_T1_test,110,31,111.03333333333333,-1.8224468231201172,0.5420142719585157
UBFC_PHYS_s15_T1_test,110,32,111.06666666666666,-1.7012488842010498,0.8291821593364893
UBFC_PHYS_s15_T1_test,110,33,111.1,-1.3738253116607666,0.9926417847773755
UBFC_PHYS_s15_T1_test,110,34,111.13333333333334,-1.0933282375335693,1.028974108533142
UBFC_PHYS_s15_T1_test,110,35,111.16666666666667,-0.9919630885124207,0.9585956974852935
UBFC_PHYS_s15_T1_test,110,36,111.2,-1.040531039237976,0.8124563281195367
UBFC_PHYS_s15_T1_test,110,37,111.23333333333333,-1.1668658256530762,0.618296268566152
UBFC_PHYS_s15_T1_test,110,38,111.26666666666667,-1.287213921546936,0.39399618758757043
UBFC_PHYS_s15_T1_test,110,39,111.3,-1.3282312154769897,0.14962032284923035
UBFC_PHYS_s15_T1_test,110,40,111.33333333333333,-1.2865574359893799,-0.10571653413945135
UBFC_PHYS_s15_T1_test,110,41,111.36666666666666,-1.204986333847046,-0.3577851614718328
UBFC_PHYS_s15_T1_test,110,42,111.4,-1.1235504150390625,-0.5854988651323043
UBFC_PHYS_s15_T1_test,110,43,111.43333333333334,-1.0607500076293945,-0.7635520758202591
UBFC_PHYS_s15_T1_test,110,44,111.46666666666667,-0.993932843208313,-0.8674531662000706
UBFC_PHYS_s15_T1_test,110,45,111.5,-0.9026481509208679,-0.8789115967597788
UBFC_PHYS_s15_T1_test,110,46,111.53333333333333,-0.8459694385528564,-0.7904549768451974
UBFC_PHYS_s15_T1_test,110,47,111.56666666666666,-0.8760371804237366,-0.6085878985279989
UBFC_PHYS_s15_T1_test,110,48,111.6,-0.8900185823440552,-0.354282793230608
UBFC_PHYS_s15_T1_test,110,49,111.63333333333334,-0.7472885251045227,-0.059521315714771414
UBFC_PHYS_s15_T1_test,110,50,111.66666666666667,-0.4738401174545288,0.23976253100225667
UBFC_PHYS_s15_T1_test,110,51,111.7,-0.20969976484775543,0.5115582849687189
UBFC_PHYS_s15_T1_test,110,52,111.73333333333333,-0.039644207805395126,0.7325676570258552
UBFC_PHYS_s15_T1_test,110,53,111.76666666666667,0.019255343824625015,0.8879307871758376
UBFC_PHYS_s15_T1_test,110,54,111.8,-0.013129754923284054,0.9681256246162154
UBFC_PHYS_s15_T1_test,110,55,111.83333333333333,-0.05314282700419426,0.967265184164235
UBFC_PHYS_s15_T1_test,110,56,111.86666666666666,-0.005598336458206177,0.8841601174407375
UBFC_PHYS_s15_T1_test,110,57,111.9,0.13083620369434357,0.7239019947823255
UBFC_PHYS_s15_T1_test,110,58,111.93333333333334,0.2557225525379181,0.4979310500378643
UBFC_PHYS_s15_T1_test,110,59,111.96666666666667,0.28804972767829895,0.2232328304420809
UBFC_PHYS_s15_T1_test,110,60,112.0,0.24154804646968842,-0.07735817011235085
UBFC_PHYS_s15_T1_test,110,61,112.03333333333333,0.16154120862483978,-0.3735757360558605
UBFC_PHYS_s15_T1_test,110,62,112.06666666666666,0.07431194186210632,-0.6281523272714642
UBFC_PHYS_s15_T1_test,110,63,112.1,0.017227653414011,-0.8030796802672537
UBFC_PHYS_s15_T1_test,110,64,112.13333333333334,0.02085818350315094,-0.8708799716660662
UBFC_PHYS_s15_T1_test,110,65,112.16666666666667,0.060600899159908295,-0.824975468417892
UBFC_PHYS_s15_T1_test,110,66,112.2,0.08628496527671814,-0.6830636905743588
UBFC_PHYS_s15_T1_test,110,67,112.23333333333333,0.06791989505290985,-0.4815900434767895
UBFC_PHYS_s15_T1_test,110,68,112.26666666666667,0.0158565491437912,-0.2641933261389385
UBFC_PHYS_s15_T1_test,110,69,112.3,0.005467054899781942,-0.06931374409499982
UBFC_PHYS_s15_T1_test,110,70,112.33333333333333,0.10955511778593063,0.07882403351225649
UBFC_PHYS_s15_T1_test,110,71,112.36666666666666,0.2855006456375122,0.17386127077450408
UBFC_PHYS_s15_T1_test,110,72,112.4,0.4130326509475708,0.22496569911460057
UBFC_PHYS_s15_T1_test,110,73,112.43333333333334,0.4444328546524048,0.24894507104026067
UBFC_PHYS_s15_T1_test,110,74,112.46666666666667,0.4534319341182709,0.2592761013228269
UBFC_PHYS_s15_T1_test,110,75,112.5,0.5236865878105164,0.25715415736755776
UBFC_PHYS_s15_T1_test,110,76,112.53333333333333,0.6340121626853943,0.23082113539243923
UBFC_PHYS_s15_T1_test,110,77,112.56666666666666,0.7300280928611755,0.16588491641624337
UBFC_PHYS_s15_T1_test,110,78,112.6,0.8542578816413879,0.06128691795112559
UBFC_PHYS_s15_T1_test,110,79,112.63333333333334,1.1083177328109741,-0.06022824330358577
UBFC_PHYS_s15_T1_test,110,80,112.66666666666667,1.5202476978302002,-0.1557913698941749
UBFC_PHYS_s15_T1_test,110,81,112.7,1.954771876335144,-0.17995254722277004
UBFC_PHYS_s15_T1_test,110,82,112.73333333333333,2.188863754272461,-0.10687717337396865
UBFC_PHYS_s15_T1_test,110,83,112.76666666666667,2.1193816661834717,0.05497316805345343
UBFC_PHYS_s15_T1_test,110,84,112.8,1.8485209941864014,0.26300294743377056
UBFC_PHYS_s15_T1_test,110,85,112.83333333333333,1.5269100666046143,0.45466209771655525
UBFC_PHYS_s15_T1_test,110,86,112.86666666666666,1.2552382946014404,0.5690280758599521
UBFC_PHYS_s15_T1_test,110,87,112.9,1.0873262882232666,0.5672763449272961
UBFC_PHYS_s15_T1_test,110,88,112.93333333333334,0.9789125323295593,0.44462881042386776
UBFC_PHYS_s15_T1_test,110,89,112.96666666666667,0.8035269975662231,0.22977465906109146
UBFC_PHYS_s15_T1_test,110,90,113.0,0.5152861475944519,-0.02742338252395257
UBFC_PHYS_s15_T1_test,110,91,113.03333333333333,0.24558411538600922,-0.2745082309481712
UBFC_PHYS_s15_T1_test,110,92,113.06666666666666,0.10507488995790482,-0.4733054391735939
UBFC_PHYS_s15_T1_test,110,93,113.1,0.0047139134258031845,-0.6080633424120963
UBFC_PHYS_s15_T1_test,110,94,113.13333333333334,-0.1353125274181366,-0.682265663334751
UBFC_PHYS_s15_T1_test,110,95,113.16666666666667,-0.15249961614608765,-0.7072748791372704
UBFC_PHYS_s15_T1_test,110,96,113.2,0.1423071324825287,-0.6899559543420272
UBFC_PHYS_s15_T1_test,110,97,113.23333333333333,0.6143532395362854,-0.6263298403825552
UBFC_PHYS_s15_T1_test,110,98,113.26666666666667,0.9338591694831848,-0.504117743568469
UBFC_PHYS_s15_T1_test,110,99,113.3,0.9802063703536987,-0.31192387781406583
UBFC_PHYS_s15_T1_test,110,100,113.33333333333333,0.8379784226417542,-0.05007774659131521
UBFC_PHYS_s15_T1_test,110,101,113.36666666666666,0.5598180294036865,0.2617054390804202
UBFC_PHYS_s15_T1_test,110,102,113.4,0.196996808052063,0.5829941952974432
UBFC_PHYS_s15_T1_test,110,103,113.43333333333334,-0.12986673414707184,0.8589564901600536
UBFC_PHYS_s15_T1_test,110,104,113.46666666666667,-0.2825421094894409,1.0339754597406268
UBFC_PHYS_s15_T1_test,110,105,113.5,-0.17673532664775848,1.069318483522169
UBFC_PHYS_s15_T1_test,110,106,113.53333333333333,0.14993511140346527,0.9576083841645207
UBFC_PHYS_s15_T1_test,110,107,113.56666666666666,0.5295186042785645,0.7259708009903053
UBFC_PHYS_s15_T1_test,110,108,113.6,0.8365300893783569,0.42498758592611524
UBFC_PHYS_s15_T1_test,110,109,113.63333333333334,1.0174386501312256,0.10870164626627637
UBFC_PHYS_s15_T1_test,110,110,113.66666666666667,1.0050214529037476,-0.1838987300906198
UBFC_PHYS_s15_T1_test,110,111,113.7,0.7330020666122437,-0.43677446507027984
UBFC_PHYS_s15_T1_test,110,112,113.73333333333333,0.2509140372276306,-0.6519489851555881
UBFC_PHYS_s15_T1_test,110,113,113.76666666666667,-0.23791362345218658,-0.8367882993451039
UBFC_PHYS_s15_T1_test,110,114,113.8,-0.5232964158058167,-0.9907389548503238
UBFC_PHYS_s15_T1_test,110,115,113.83333333333333,-0.5906736850738525,-1.0972637277784911
UBFC_PHYS_s15_T1_test,110,116,113.86666666666666,-0.5539435148239136,-1.1242448336735613
UBFC_PHYS_s15_T1_test,110,117,113.9,-0.47828173637390137,-1.033475377584063
UBFC_PHYS_s15_T1_test,110,118,113.93333333333334,-0.3744640350341797,-0.7967522312824061
UBFC_PHYS_s15_T1_test,110,119,113.96666666666667,-0.312011182308197,-0.4130086027797092
UBFC_PHYS_s15_T1_test,110,120,114.0,-0.38732537627220154,0.08087505259742837
UBFC_PHYS_s15_T1_test,110,121,114.03333333333333,-0.6102167367935181,0.6119067355151243
UBFC_PHYS_s15_T1_test,110,122,114.06666666666666,-0.9319821000099182,1.0872941502793112
UBFC_PHYS_s15_T1_test,110,123,114.1,-1.280551552772522,1.4205033604732453
UBFC_PHYS_s15_T1_test,110,124,114.13333333333334,-1.4433460235595703,1.55683008217401
UBFC_PHYS_s15_T1_test,110,125,114.16666666666667,-1.2378928661346436,1.4876187527936713
UBFC_PHYS_s15_T1_test,110,126,114.2,-0.8243793845176697,1.2477985396506344
UBFC_PHYS_s15_T1_test,110,127,114.23333333333333,-0.5012428760528564,0.899392799468828
UBFC_PHYS_s15_T1_test,110,128,114.26666666666667,-0.28250348567962646,0.5091243127499232
UBFC_PHYS_s15_T1_test,110,129,114.3,-0.025295890867710114,0.1290694581218801
UBFC_PHYS_s15_T1_test,110,130,114.33333333333333,0.20360128581523895,-0.21368137082053978
UBFC_PHYS_s15_T1_test,110,131,114.36666666666666,0.2502574622631073,-0.5164653374852687
UBFC_PHYS_s15_T1_test,110,132,114.4,0.15905004739761353,-0.7907555154550746
UBFC_PHYS_s15_T1_test,110,133,114.43333333333334,0.14553211629390717,-1.0460756295303488
UBFC_PHYS_s15_T1_test,110,134,114.46666666666667,0.34416845440864563,-1.2750688144309748
UBFC_PHYS_s15_T1_test,110,135,114.5,0.6337611079216003,-1.4473398641565787
UBFC_PHYS_s15_T1_test,110,136,114.53333333333333,0.6623418927192688,-1.5159469764711533
UBFC_PHYS_s15_T1_test,110,137,114.56666666666666,0.24618276953697205,-1.4342591314296855
UBFC_PHYS_s15_T1_test,110,138,114.6,-0.26311489939689636,-1.1760097156906897
UBFC_PHYS_s15_T1_test,110,139,114.63333333333334,-0.2730988562107086,-0.7501316371717031
UBFC_PHYS_s15_T1_test,110,140,114.66666666666667,0.31686222553253174,-0.20456185114645067
UBFC_PHYS_s15_T1_test,110,141,114.7,1.0428909063339233,0.3823944417883651
UBFC_PHYS_s15_T1_test,110,142,114.73333333333333,1.4138423204421997,0.9206070602517299
UBFC_PHYS_s15_T1_test,110,143,114.76666666666667,1.0919996500015259,1.3310822646656038
UBFC_PHYS_s15_T1_test,110,144,114.8,-0.05067097768187523,1.5659329949161773
UBFC_PHYS_s15_T1_test,110,145,114.83333333333333,-1.54194974899292,1.6180335282571627
UBFC_PHYS_s15_T1_test,110,146,114.86666666666666,-2.5205318927764893,1.5161532619018956
UBFC_PHYS_s15_T1_test,110,147,114.9,-2.650284767150879,1.3074737725024066
UBFC_PHYS_s15_T1_test,110,148,114.93333333333334,-2.3450498580932617,1.036142956416991
UBFC_PHYS_s15_T1_test,110,149,114.96666666666667,-1.9524699449539185,0.7289139093863143
UBFC_PHYS_s15_T1_test,110,150,115.0,-1.3681477308273315,0.3941450152734527
UBFC_PHYS_s15_T1_test,110,151,115.03333333333333,-0.5567823052406311,0.03204156274134758
UBFC_PHYS_s15_T1_test,110,152,115.06666666666666,0.12707048654556274,-0.3520258830653153
UBFC_PHYS_s15_T1_test,110,153,115.1,0.32839110493659973,-0.7393742815266061
UBFC_PHYS_s15_T1_test,110,154,115.13333333333334,0.039184633642435074,-1.0980194982492955
UBFC_PHYS_s15_T1_test,110,155,115.16666666666667,-0.3712969720363617,-1.3883496658842485
UBFC_PHYS_s15_T1_test,110,156,115.2,-0.5120572447776794,-1.5706502819681338
UBFC_PHYS_s15_T1_test,110,157,115.23333333333333,-0.38991308212280273,-1.6123889277726815
UBFC_PHYS_s15_T1_test,110,158,115.26666666666667,-0.33387160301208496,-1.4946693392506016
UBFC_PHYS_s15_T1_test,110,159,115.3,-0.5324500203132629,-1.2174037392596824
UBFC_PHYS_s15_T1_test,110,160,115.33333333333333,-0.8643152117729187,-0.8021168420830103
UBFC_PHYS_s15_T1_test,110,161,115.36666666666666,-1.0826104879379272,-0.2910564567281665
UBFC_PHYS_s15_T1_test,110,162,115.4,-0.9860731363296509,0.2578676501197697
UBFC_PHYS_s15_T1_test,110,163,115.43333333333334,-0.6082469820976257,0.779516105924389
UBFC_PHYS_s15_T1_test,110,164,115.46666666666667,-0.2712835967540741,1.211742044065028
UBFC_PHYS_s15_T1_test,110,165,115.5,-0.2679813504219055,1.5055805888248197
UBFC_PHYS_s15_T1_test,110,166,115.53333333333333,-0.4396783709526062,1.633483259447294
UBFC_PHYS_s15_T1_test,110,167,115.56666666666666,-0.3058122396469116,1.5934909619315551
UBFC_PHYS_s15_T1_test,110,168,115.6,0.2179689109325409,1.407394765395704
UBFC_PHYS_s15_T1_test,110,169,115.63333333333334,0.6663586497306824,1.112627047014679
UBFC_PHYS_s15_T1_test,110,170,115.66666666666667,0.6641764640808105,0.7508615266069071
UBFC_PHYS_s15_T1_test,110,171,115.7,0.3630935549736023,0.35838592820872595
UBFC_PHYS_s15_T1_test,110,172,115.73333333333333,0.09800694137811661,-0.03803944035764174
UBFC_PHYS_s15_T1_test,110,173,115.76666666666667,0.01915878802537918,-0.4197634923955468
UBFC_PHYS_s15_T1_test,110,174,115.8,0.1535463184118271,-0.7722653557092783
UBFC_PHYS_s15_T1_test,110,175,115.83333333333333,0.49896806478500366,-1.081926604553955
UBFC_PHYS_s15_T1_test,110,176,115.86666666666666,0.9955395460128784,-1.3344670435435528
UBFC_PHYS_s15_T1_test,110,177,115.9,1.518181324005127,-1.5138131135169608
UBFC_PHYS_s15_T1_test,110,178,115.93333333333334,1.8634486198425293,-1.6007549821867915
UBFC_PHYS_s15_T1_test,110,179,115.96666666666667,1.8007447719573975,-1.5728654759095548
UBFC_PHYS_s15_T1_test,110,180,116.0,1.3362107276916504,-1.408142592722727
UBFC_PHYS_s15_T1_test,110,181,116.03333333333333,0.8204244375228882,-1.0934083827531613
UBFC_PHYS_s15_T1_test,110,182,116.06666666666666,0.4855853021144867,-0.6352549337490137
UBFC_PHYS_s15_T1_test,110,183,116.1,0.16084600985050201,-0.0685502192182867
UBFC_PHYS_s15_T1_test,110,184,116.13333333333334,-0.3272092044353485,0.542662207141552
UBFC_PHYS_s15_T1_test,110,185,116.16666666666667,-0.879957377910614,1.1144208429111462
UBFC_PHYS_s15_T1_test,110,186,116.2,-1.2969468832015991,1.5607090648931554
UBFC_PHYS_s15_T1_test,110,187,116.23333333333333,-1.3479866981506348,1.814659104059717
UBFC_PHYS_s15_T1_test,110,188,116.26666666666667,-0.7836131453514099,1.8460766365537817
UBFC_PHYS_s15_T1_test,110,189,116.3,0.34165796637535095,1.6689397275965872
UBFC_PHYS_s15_T1_test,110,190,116.33333333333333,1.5022881031036377,1.3354326950459614
UBFC_PHYS_s15_T1_test,110,191,116.36666666666666,2.030819892883301,0.9178298126536493
UBFC_PHYS_s15_T1_test,110,192,116.4,1.657744288444519,0.484838284058942
UBFC_PHYS_s15_T1_test,110,193,116.43333333333334,0.8314319252967834,0.08216147330610339
UBFC_PHYS_s15_T1_test,110,194,116.46666666666667,0.25439009070396423,-0.2743013850178986
UBFC_PHYS_s15_T1_test,110,195,116.5,0.09063001722097397,-0.5902836654967722
UBFC_PHYS_s15_T1_test,110,196,116.53333333333333,0.010410754941403866,-0.8757402289562758
UBFC_PHYS_s15_T1_test,110,197,116.56666666666666,-0.18635237216949463,-1.128424740858296
UBFC_PHYS_s15_T1_test,110,198,116.6,-0.5301326513290405,-1.3263436741924655
UBFC_PHYS_s15_T1_test,110,199,116.63333333333334,-1.0422691106796265,-1.4311108283696377
UBFC_PHYS_s15_T1_test,110,200,116.66666666666667,-1.4745532274246216,-1.3997605110401043
UBFC_PHYS_s15_T1_test,110,201,116.7,-1.3382538557052612,-1.2006285387434208
UBFC_PHYS_s15_T1_test,110,202,116.73333333333333,-0.5004125237464905,-0.8283895890597688
UBFC_PHYS_s15_T1_test,110,203,116.76666666666667,0.5367796421051025,-0.3134503904338127
UBFC_PHYS_s15_T1_test,110,204,116.8,1.125620722770691,0.2783485931116141
UBFC_PHYS_s15_T1_test,110,205,116.83333333333333,1.067010760307312,0.8575583583646358
UBFC_PHYS_s15_T1_test,110,206,116.86666666666666,0.6366385221481323,1.332266835312644
UBFC_PHYS_s15_T1_test,110,207,116.9,0.29699087142944336,1.6317446387387509
UBFC_PHYS_s15_T1_test,110,208,116.93333333333334,0.26750248670578003,1.723201014651984
UBFC_PHYS_s15_T1_test,110,209,116.96666666666667,0.32141971588134766,1.6147576687911396
UBFC_PHYS_s15_T1_test,110,210,117.0,0.12220403552055359,1.3451671163607823
UBFC_PHYS_s15_T1_test,110,211,117.03333333333333,-0.33336952328681946,0.9673563294358438
UBFC_PHYS_s15_T1_test,110,212,117.06666666666666,-0.7364162802696228,0.5334850939218252
UBFC_PHYS_s15_T1_test,110,213,117.1,-0.8327218294143677,0.08555712779074422
UBFC_PHYS_s15_T1_test,110,214,117.13333333333334,-0.5391896367073059,-0.34794595717658033
UBFC_PHYS_s15_T1_test,110,215,117.16666666666667,0.018309088423848152,-0.7504631365230432
UBFC_PHYS_s15_T1_test,110,216,117.2,0.496341735124588,-1.111874914601093
UBFC_PHYS_s15_T1_test,110,217,117.23333333333333,0.6229661107063293,-1.42084554801845
UBFC_PHYS_s15_T1_test,110,218,117.26666666666667,0.5031779408454895,-1.6586513392448459
UBFC_PHYS_s15_T1_test,110,219,117.3,0.3752596974372864,-1.7988144404130342
UBFC_PHYS_s15_T1_test,110,220,117.33333333333333,0.19674576818943024,-1.8139468625495652
UBFC_PHYS_s15_T1_test,110,221,117.36666666666666,-0.1789175122976303,-1.6866737504951772
UBFC_PHYS_s15_T1_test,110,222,117.4,-0.7015013694763184,-1.418865630587467
UBFC_PHYS_s15_T1_test,110,223,117.43333333333334,-1.1996756792068481,-1.0344556114874948
UBFC_PHYS_s15_T1_test,110,224,117.46666666666667,-1.577077031135559,-0.5750902568063649
UBFC_PHYS_s15_T1_test,110,225,117.5,-1.8324886560440063,-0.09157808552789704
UBFC_PHYS_s15_T1_test,110,226,117.53333333333333,-2.008549928665161,0.3651061609335993
UBFC_PHYS_s15_T1_test,110,227,117.56666666666666,-2.1163651943206787,0.751081126603239
UBFC_PHYS_s15_T1_test,110,228,117.6,-2.01092529296875,1.0346973032299027
UBFC_PHYS_s15_T1_test,110,229,117.63333333333334,-1.5209583044052124,1.1996182145984715
UBFC_PHYS_s15_T1_test,110,230,117.66666666666667,-0.7625445127487183,1.245184028468796
UBFC_PHYS_s15_T1_test,110,231,117.7,-0.0732072964310646,1.1837716388058048
UBFC_PHYS_s15_T1_test,110,232,117.73333333333333,0.36753514409065247,1.0371795410399143
UBFC_PHYS_s15_T1_test,110,233,117.76666666666667,0.5655728578567505,0.8348438830120591
UBFC_PHYS_s15_T1_test,110,234,117.8,0.537243127822876,0.6135248653791877
UBFC_PHYS_s15_T1_test,110,235,117.83333333333333,0.4068530201911926,0.41463485007162076
UBFC_PHYS_s15_T1_test,110,236,117.86666666666666,0.3848381042480469,0.27607888127723695
UBFC_PHYS_s15_T1_test,110,237,117.9,0.5119838714599609,0.2199994882381688
UBFC_PHYS_s15_T1_test,110,238,117.93333333333334,0.67097407579422,0.2425245922142942
UBFC_PHYS_s15_T1_test,110,239,117.96666666666667,0.8019821047782898,0.3124446470290671
UBFC_PHYS_s15_T1_test,111,0,111.0,-1.607704758644104,-0.14505369299347906
UBFC_PHYS_s15_T1_test,111,1,111.03333333333333,-1.8224468231201172,0.3165333361669236
UBFC_PHYS_s15_T1_test,111,2,111.06666666666666,-1.7012488842010498,0.6802512363454697
UBFC_PHYS_s15_T1_test,111,3,111.1,-1.3738253116607666,0.8736778623409618
UBFC_PHYS_s15_T1_test,111,4,111.13333333333334,-1.0933282375335693,0.8730954282231252
UBFC_PHYS_s15_T1_test,111,5,111.16666666666667,-0.9919630885124207,0.7020244041513175
UBFC_PHYS_s15_T1_test,111,6,111.2,-1.040531039237976,0.4126271642203023
UBFC_PHYS_s15_T1_test,111,7,111.23333333333333,-1.1668658256530762,0.06254893842027678
UBFC_PHYS_s15_T1_test,111,8,111.26666666666667,-1.287213921546936,-0.2998365556177408
UBFC_PHYS_s15_T1_test,111,9,111.3,-1.3282312154769897,-0.6370846953288761
UBFC_PHYS_s15_T1_test,111,10,111.33333333333333,-1.2865574359893799,-0.9165257919644259
UBFC_PHYS_s15_T1_test,111,11,111.36666666666666,-1.204986333847046,-1.1058581861241765
UBFC_PHYS_s15_T1_test,111,12,111.4,-1.1235504150390625,-1.175906347582745
UBFC_PHYS_s15_T1_test,111,13,111.43333333333334,-1.0607500076293945,-1.1086317852807595
UBFC_PHYS_s15_T1_test,111,14,111.46666666666667,-0.993932843208313,-0.9047347170454667
UBFC_PHYS_s15_T1_test,111,15,111.5,-0.9026481509208679,-0.5864628833441902
UBFC_PHYS_s15_T1_test,111,16,111.53333333333333,-0.8459694385528564,-0.19495971960446176
UBFC_PHYS_s15_T1_test,111,17,111.56666666666666,-0.8760371804237366,0.21611460845813954
UBFC_PHYS_s15_T1_test,111,18,111.6,-0.8900185823440552,0.5895388769762412
UBFC_PHYS_s15_T1_test,111,19,111.63333333333334,-0.7472885251045227,0.8757957410805814
UBFC_PHYS_s15_T1_test,111,20,111.66666666666667,-0.4738401174545288,1.0447497399628412
UBFC_PHYS_s15_T1_test,111,21,111.7,-0.20969976484775543,1.0930192580471128
UBFC_PHYS_s15_T1_test,111,22,111.73333333333333,-0.039644207805395126,1.041790645382626
UBFC_PHYS_s15_T1_test,111,23,111.76666666666667,0.019255343824625015,0.9242322935213969
UBFC_PHYS_s15_T1_test,111,24,111.8,-0.013129754923284054,0.7693363461266025
UBFC_PHYS_s15_T1_test,111,25,111.83333333333333,-0.05314282700419426,0.5921922986426452
UBFC_PHYS_s15_T1_test,111,26,111.86666666666666,-0.005598336458206177,0.3948329325761014
UBFC_PHYS_s15_T1_test,111,27,111.9,0.13083620369434357,0.17362142493724933
UBFC_PHYS_s15_T1_test,111,28,111.93333333333334,0.2557225525379181,-0.07306198910181198
UBFC_PHYS_s15_T1_test,111,29,111.96666666666667,0.28804972767829895,-0.3398195315262469
UBFC_PHYS_s15_T1_test,111,30,112.0,0.24154804646968842,-0.6112532887595573
UBFC_PHYS_s15_T1_test,111,31,112.03333333333333,0.16154120862483978,-0.859898288599838
UBFC_PHYS_s15_T1_test,111,32,112.06666666666666,0.07431194186210632,-1.046738049217226
UBFC_PHYS_s15_T1_test,111,33,112.1,0.017227653414011,-1.127696983658037
UBFC_PHYS_s15_T1_test,111,34,112.13333333333334,0.02085818350315094,-1.0667800970782857
UBFC_PHYS_s15_T1_test,111,35,112.16666666666667,0.060600899159908295,-0.8515127555890047
UBFC_PHYS_s15_T1_test,111,36,112.2,0.08628496527671814,-0.5033885940872425
UBFC_PHYS_s15_T1_test,111,37,112.23333333333333,0.06791989505290985,-0.07744474175823556
UBFC_PHYS_s15_T1_test,111,38,112.26666666666667,0.0158565491437912,0.34988232555236554
UBFC_PHYS_s15_T1_test,111,39,112.3,0.005467054899781942,0.7003748376635189
UBFC_PHYS_s15_T1_test,111,40,112.33333333333333,0.10955511778593063,0.9147411529059729
UBFC_PHYS_s15_T1_test,111,41,112.36666666666666,0.2855006456375122,0.9682158325709381
UBFC_PHYS_s15_T1_test,111,42,112.4,0.4130326509475708,0.8758599053346732
UBFC_PHYS_s15_T1_test,111,43,112.43333333333334,0.4444328546524048,0.6847448661820444
UBFC_PHYS_s15_T1_test,111,44,112.46666666666667,0.4534319341182709,0.4547610241369473
UBFC_PHYS_s15_T1_test,111,45,112.5,0.5236865878105164,0.23547847480037093
UBFC_PHYS_s15_T1_test,111,46,112.53333333333333,0.6340121626853943,0.0501775389680769
UBFC_PHYS_s15_T1_test,111,47,112.56666666666666,0.7300280928611755,-0.10457869350483699
UBFC_PHYS_s15_T1_test,111,48,112.6,0.8542578816413879,-0.24504865277112928
UBFC_PHYS_s15_T1_test,111,49,112.63333333333334,1.1083177328109741,-0.382238909871
UBFC_PHYS_s15_T1_test,111,50,112.66666666666667,1.5202476978302002,-0.5107088604652277
UBFC_PHYS_s15_T1_test,111,51,112.7,1.954771876335144,-0.6090885395353988
UBFC_PHYS_s15_T1_test,111,52,112.73333333333333,2.188863754272461,-0.6494712871550452
UBFC_PHYS_s15_T1_test,111,53,112.76666666666667,2.1193816661834717,-0.6089883852433563
UBFC_PHYS_s15_T1_test,111,54,112.8,1.8485209941864014,-0.47853921023191126
UBFC_PHYS_s15_T1_test,111,55,112.83333333333333,1.5269100666046143,-0.2672947901946394
UBFC_PHYS_s15_T1_test,111,56,112.86666666666666,1.2552382946014404,-0.0031354322599810333
UBFC_PHYS_s15_T1_test,111,57,112.9,1.0873262882232666,0.2712258208914657
UBFC_PHYS_s15_T1_test,111,58,112.93333333333334,0.9789125323295593,0.5067309755104688
UBFC_PHYS_s15_T1_test,111,59,112.96666666666667,0.8035269975662231,0.6596008090176493
UBFC_PHYS_s15_T1_test,111,60,113.0,0.5152861475944519,0.7018503102993743
UBFC_PHYS_s15_T1_test,111,61,113.03333333333333,0.24558411538600922,0.6262077916620125
UBFC_PHYS_s15_T1_test,111,62,113.06666666666666,0.10507488995790482,0.4448770736374297
UBFC_PHYS_s15_T1_test,111,63,113.1,0.0047139134258031845,0.18559188370589202
UBFC_PHYS_s15_T1_test,111,64,113.13333333333334,-0.1353125274181366,-0.11182454823718783
UBFC_PHYS_s15_T1_test,111,65,113.16666666666667,-0.15249961614608765,-0.39862097879868286
UBFC_PHYS_s15_T1_test,111,66,113.2,0.1423071324825287,-0.6229681100494494
UBFC_PHYS_s15_T1_test,111,67,113.23333333333333,0.6143532395362854,-0.740430669486492
UBFC_PHYS_s15_T1_test,111,68,113.26666666666667,0.9338591694831848,-0.7264191839995127
UBFC_PHYS_s15_T1_test,111,69,113.3,0.9802063703536987,-0.584532506351232
UBFC_PHYS_s15_T1_test,111,70,113.33333333333333,0.8379784226417542,-0.3462433732208069
UBFC_PHYS_s15_T1_test,111,71,113.36666666666666,0.5598180294036865,-0.062000058105601594
UBFC_PHYS_s15_T1_test,111,72,113.4,0.196996808052063,0.21251185096579567
UBFC_PHYS_s15_T1_test,111,73,113.43333333333334,-0.12986673414707184,0.43020204416170116
UBFC_PHYS_s15_T1_test,111,74,113.46666666666667,-0.2825421094894409,0.56292520602488
UBFC_PHYS_s15_T1_test,111,75,113.5,-0.17673532664775848,0.6063626899687269
UBFC_PHYS_s15_T1_test,111,76,113.53333333333333,0.14993511140346527,0.5782468595370627
UBFC_PHYS_s15_T1_test,111,77,113.56666666666666,0.5295186042785645,0.5094751423581865
UBFC_PHYS_s15_T1_test,111,78,113.6,0.8365300893783569,0.4297020480722123
UBFC_PHYS_s15_T1_test,111,79,113.63333333333334,1.0174386501312256,0.3526734648327502
UBFC_PHYS_s15_T1_test,111,80,113.66666666666667,1.0050214529037476,0.2696590075703566
UBFC_PHYS_s15_T1_test,111,81,113.7,0.7330020666122437,0.15675263627732516
UBFC_PHYS_s15_T1_test,111,82,113.73333333333333,0.2509140372276306,-0.007485559696226421
UBFC_PHYS_s15_T1_test,111,83,113.76666666666667,-0.23791362345218658,-0.22515643227059534
UBFC_PHYS_s15_T1_test,111,84,113.8,-0.5232964158058167,-0.4723285639563592
UBFC_PHYS_s15_T1_test,111,85,113.83333333333333,-0.5906736850738525,-0.7043026981607003
UBFC_PHYS_s15_T1_test,111,86,113.86666666666666,-0.5539435148239136,-0.8684700325820917
UBFC_PHYS_s15_T1_test,111,87,113.9,-0.47828173637390137,-0.9189063072845628
UBFC_PHYS_s15_T1_test,111,88,113.93333333333334,-0.3744640350341797,-0.8289206702146111
UBFC_PHYS_s15_T1_test,111,89,113.96666666666667,-0.312011182308197,-0.599899496675444
UBFC_PHYS_s15_T1_test,111,90,114.0,-0.38732537627220154,-0.26457815184567685
UBFC_PHYS_s15_T1_test,111,91,114.03333333333333,-0.6102167367935181,0.11791023425962631
UBFC_PHYS_s15_T1_test,111,92,114.06666666666666,-0.9319821000099182,0.47631554452250846
UBFC_PHYS_s15_T1_test,111,93,114.1,-1.280551552772522,0.7475891622538254
UBFC_PHYS_s15_T1_test,111,94,114.13333333333334,-1.4433460235595703,0.8951226519030445
UBFC_PHYS_s15_T1_test,111,95,114.16666666666667,-1.2378928661346436,0.9162210907225871
UBFC_PHYS_s15_T1_test,111,96,114.2,-0.8243793845176697,0.835894224320057
UBFC_PHYS_s15_T1_test,111,97,114.23333333333333,-0.5012428760528564,0.6916664916614171
UBFC_PHYS_s15_T1_test,111,98,114.26666666666667,-0.28250348567962646,0.5177234113406424
UBFC_PHYS_s15_T1_test,111,99,114.3,-0.025295890867710114,0.33483447179516823
UBFC_PHYS_s15_T1_test,111,100,114.33333333333333,0.20360128581523895,0.1476549995893866
UBFC_PHYS_s15_T1_test,111,101,114.36666666666666,0.2502574622631073,-0.05209118138776744
UBFC_PHYS_s15_T1_test,111,102,114.4,0.15905004739761353,-0.27740544122788596
UBFC_PHYS_s15_T1_test,111,103,114.43333333333334,0.14553211629390717,-0.5335456812887207
UBFC_PHYS_s15_T1_test,111,104,114.46666666666667,0.34416845440864563,-0.8057757465383947
UBFC_PHYS_s15_T1_test,111,105,114.5,0.6337611079216003,-1.054778527897209
UBFC_PHYS_s15_T1_test,111,106,114.53333333333333,0.6623418927192688,-1.2242710188946875
UBFC_PHYS_s15_T1_test,111,107,114.56666666666666,0.24618276953697205,-1.258590906139311
UBFC_PHYS_s15_T1_test,111,108,114.6,-0.26311489939689636,-1.1226395853524076
UBFC_PHYS_s15_T1_test,111,109,114.63333333333334,-0.2730988562107086,-0.8158527155205515
UBFC_PHYS_s15_T1_test,111,110,114.66666666666667,0.31686222553253174,-0.37566896671680433
UBFC_PHYS_s15_T1_test,111,111,114.7,1.0428909063339233,0.12949956275791627
UBFC_PHYS_s15_T1_test,111,112,114.73333333333333,1.4138423204421997,0.6156655837987612
UBFC_PHYS_s15_T1_test,111,113,114.76666666666667,1.0919996500015259,1.0038586456804706
UBFC_PHYS_s15_T1_test,111,114,114.8,-0.05067097768187523,1.240678133462883
UBFC_PHYS_s15_T1_test,111,115,114.83333333333333,-1.54194974899292,1.3116238298210285
UBFC_PHYS_s15_T1_test,111,116,114.86666666666666,-2.5205318927764893,1.24083960811106
UBFC_PHYS_s15_T1_test,111,117,114.9,-2.650284767150879,1.0761707368701003
UBFC_PHYS_s15_T1_test,111,118,114.93333333333334,-2.3450498580932617,0.8664939444232692
UBFC_PHYS_s15_T1_test,111,119,114.96666666666667,-1.9524699449539185,0.643084054416628
UBFC_PHYS_s15_T1_test,111,120,115.0,-1.3681477308273315,0.4137895628326417
UBFC_PHYS_s15_T1_test,111,121,115.03333333333333,-0.5567823052406311,0.17043662977952542
UBFC_PHYS_s15_T1_test,111,122,115.06666666666666,0.12707048654556274,-0.09765584198923509
UBFC_PHYS_s15_T1_test,111,123,115.1,0.32839110493659973,-0.3925915505027334
UBFC_PHYS_s15_T1_test,111,124,115.13333333333334,0.039184633642435074,-0.7026632136308805
UBFC_PHYS_s15_T1_test,111,125,115.16666666666667,-0.3712969720363617,-1.0012224871393747
UBFC_PHYS_s15_T1_test,111,126,115.2,-0.5120572447776794,-1.248181246432438
UBFC_PHYS_s15_T1_test,111,127,115.23333333333333,-0.38991308212280273,-1.395494167466551
UBFC_PHYS_s15_T1_test,111,128,115.26666666666667,-0.33387160301208496,-1.3980903545679921
UBFC_PHYS_s15_T1_test,111,129,115.3,-0.5324500203132629,-1.2285438627602234
UBFC_PHYS_s15_T1_test,111,130,115.33333333333333,-0.8643152117729187,-0.8900482175364031
UBFC_PHYS_s15_T1_test,111,131,115.36666666666666,-1.0826104879379272,-0.42133199761719586
UBFC_PHYS_s15_T1_test,111,132,115.4,-0.9860731363296509,0.10958556467556677
UBFC_PHYS_s15_T1_test,111,133,115.43333333333334,-0.6082469820976257,0.6208312596983931
UBFC_PHYS_s15_T1_test,111,134,115.46666666666667,-0.2712835967540741,1.0358763972072311
UBFC_PHYS_s15_T1_test,111,135,115.5,-0.2679813504219055,1.3005604703491505
UBFC_PHYS_s15_T1_test,111,136,115.53333333333333,-0.4396783709526062,1.3937369692392771
UBFC_PHYS_s15_T1_test,111,137,115.56666666666666,-0.3058122396469116,1.3292868330786212
UBFC_PHYS_s15_T1_test,111,138,115.6,0.2179689109325409,1.1484244536017558
UBFC_PHYS_s15_T1_test,111,139,115.63333333333334,0.6663586497306824,0.903441528052567
UBFC_PHYS_s15_T1_test,111,140,115.66666666666667,0.6641764640808105,0.6382929929422674
UBFC_PHYS_s15_T1_test,111,141,115.7,0.3630935549736023,0.3746234640963819
UBFC_PHYS_s15_T1_test,111,142,115.73333333333333,0.09800694137811661,0.1102950815619573
UBFC_PHYS_s15_T1_test,111,143,115.76666666666667,0.01915878802537918,-0.1690498658456269
UBFC_PHYS_s15_T1_test,111,144,115.8,0.1535463184118271,-0.47277696041611295
UBFC_PHYS_s15_T1_test,111,145,115.83333333333333,0.49896806478500366,-0.7926868657784533
UBFC_PHYS_s15_T1_test,111,146,115.86666666666666,0.9955395460128784,-1.10040349488063
UBFC_PHYS_s15_T1_test,111,147,115.9,1.518181324005127,-1.352934794034039
UBFC_PHYS_s15_T1_test,111,148,115.93333333333334,1.8634486198425293,-1.502026211082442
UBFC_PHYS_s15_T1_test,111,149,115.96666666666667,1.8007447719573975,-1.5045556655714154
UBFC_PHYS_s15_T1_test,111,150,116.0,1.3362107276916504,-1.3332457695214737
UBFC_PHYS_s15_T1_test,111,151,116.03333333333333,0.8204244375228882,-0.986897020194083
UBFC_PHYS_s15_T1_test,111,152,116.06666666666666,0.4855853021144867,-0.4972219003874743
UBFC_PHYS_s15_T1_test,111,153,116.1,0.16084600985050201,0.07214315422840936
UBFC_PHYS_s15_T1_test,111,154,116.13333333333334,-0.3272092044353485,0.6371186004260142
UBFC_PHYS_s15_T1_test,111,155,116.16666666666667,-0.879957377910614,1.1129439972613104
UBFC_PHYS_s15_T1_test,111,156,116.2,-1.2969468832015991,1.4348624805160295
UBFC_PHYS_s15_T1_test,111,157,116.23333333333333,-1.3479866981506348,1.5714181306265922
UBFC_PHYS_s15_T1_test,111,158,116.26666666666667,-0.7836131453514099,1.5267920187627824
UBFC_PHYS_s15_T1_test,111,159,116.3,0.34165796637535095,1.3340709411775102
UBFC_PHYS_s15_T1_test,111,160,116.33333333333333,1.5022881031036377,1.0428321209432934
UBFC_PHYS_s15_T1_test,111,161,116.36666666666666,2.030819892883301,0.7039247872384432
UBFC_PHYS_s15_T1_test,111,162,116.4,1.657744288444519,0.35527487746177144
UBFC_PHYS_s15_T1_test,111,163,116.43333333333334,0.8314319252967834,0.01402726905344532
UBFC_PHYS_s15_T1_test,111,164,116.46666666666667,0.25439009070396423,-0.32054357922687327
UBFC_PHYS_s15_T1_test,111,165,116.5,0.09063001722097397,-0.6537392172234352
UBFC_PHYS_s15_T1_test,111,166,116.53333333333333,0.010410754941403866,-0.9789954170576245
UBFC_PHYS_s15_T1_test,111,167,116.56666666666666,-0.18635237216949463,-1.268369729363214
UBFC_PHYS_s15_T1_test,111,168,116.6,-0.5301326513290405,-1.475320623992983
UBFC_PHYS_s15_T1_test,111,169,116.63333333333334,-1.0422691106796265,-1.547607091543453
UBFC_PHYS_s15_T1_test,111,170,116.66666666666667,-1.4745532274246216,-1.4441384176943688
UBFC_PHYS_s15_T1_test,111,171,116.7,-1.3382538557052612,-1.14990447937113
UBFC_PHYS_s15_T1_test,111,172,116.73333333333333,-0.5004125237464905,-0.6851721811989214
UBFC_PHYS_s15_T1_test,111,173,116.76666666666667,0.5367796421051025,-0.10664688338987763
UBFC_PHYS_s15_T1_test,111,174,116.8,1.125620722770691,0.5011405316416833
UBFC_PHYS_s15_T1_test,111,175,116.83333333333333,1.067010760307312,1.0441973704174399
UBFC_PHYS_s15_T1_test,111,176,116.86666666666666,0.6366385221481323,1.4428362823408796
UBFC_PHYS_s15_T1_test,111,177,116.9,0.29699087142944336,1.6521127516040925
UBFC_PHYS_s15_T1_test,111,178,116.93333333333334,0.26750248670578003,1.6697071832192796
UBFC_PHYS_s15_T1_test,111,179,116.96666666666667,0.32141971588134766,1.5276468307441988
UBFC_PHYS_s15_T1_test,111,180,117.0,0.12220403552055359,1.2736824956317374
UBFC_PHYS_s15_T1_test,111,181,117.03333333333333,-0.33336952328681946,0.9534319971294082
UBFC_PHYS_s15_T1_test,111,182,117.06666666666666,-0.7364162802696228,0.6006227378194195
UBFC_PHYS_s15_T1_test,111,183,117.1,-0.8327218294143677,0.23537394326572078
UBFC_PHYS_s15_T1_test,111,184,117.13333333333334,-0.5391896367073059,-0.13298436507795267
UBFC_PHYS_s15_T1_test,111,185,117.16666666666667,0.018309088423848152,-0.5009245856924581
UBFC_PHYS_s15_T1_test,111,186,117.2,0.496341735124588,-0.8638018951780823
UBFC_PHYS_s15_T1_test,111,187,117.23333333333333,0.6229661107063293,-1.2074188166802355
UBFC_PHYS_s15_T1_test,111,188,117.26666666666667,0.5031779408454895,-1.5014247311707603
UBFC_PHYS_s15_T1_test,111,189,117.3,0.3752596974372864,-1.699812198682863
UBFC_PHYS_s15_T1_test,111,190,117.33333333333333,0.19674576818943024,-1.751252994217169
UBFC_PHYS_s15_T1_test,111,191,117.36666666666666,-0.1789175122976303,-1.616529346470655
UBFC_PHYS_s15_T1_test,111,192,117.4,-0.7015013694763184,-1.2858269698500018
UBFC_PHYS_s15_T1_test,111,193,117.43333333333334,-1.1996756792068481,-0.7882633648627921
UBFC_PHYS_s15_T1_test,111,194,117.46666666666667,-1.577077031135559,-0.18995272451429435
UBFC_PHYS_s15_T1_test,111,195,117.5,-1.8324886560440063,0.4184260098762937
UBFC_PHYS_s15_T1_test,111,196,117.53333333333333,-2.008549928665161,0.9413388099437697
UBFC_PHYS_s15_T1_test,111,197,117.56666666666666,-2.1163651943206787,1.3011219477137737
UBFC_PHYS_s15_T1_test,111,198,117.6,-2.01092529296875,1.4576821179207102
UBFC_PHYS_s15_T1_test,111,199,117.63333333333334,-1.5209583044052124,1.4177882297377398
UBFC_PHYS_s15_T1_test,111,200,117.66666666666667,-0.7625445127487183,1.2283496838351888
UBFC_PHYS_s15_T1_test,111,201,117.7,-0.0732072964310646,0.9546808522381356
UBFC_PHYS_s15_T1_test,111,202,117.73333333333333,0.36753514409065247,0.6538686513898342
UBFC_PHYS_s15_T1_test,111,203,117.76666666666667,0.5655728578567505,0.35721541123275624
UBFC_PHYS_s15_T1_test,111,204,117.8,0.537243127822876,0.06947796499688795
UBFC_PHYS_s15_T1_test,111,205,117.83333333333333,0.4068530201911926,-0.21822345241777472
UBFC_PHYS_s15_T1_test,111,206,117.86666666666666,0.3848381042480469,-0.5117439656620024
UBFC_PHYS_s15_T1_test,111,207,117.9,0.5119838714599609,-0.8027268314887216
UBFC_PHYS_s15_T1_test,111,208,117.93333333333334,0.67097407579422,-1.0660870773934834
UBFC_PHYS_s15_T1_test,111,209,117.96666666666667,0.8019821047782898,-1.2639145645204939
UBFC_PHYS_s15_T1_test,111,210,118.0,0.8872223496437073,-1.3528661429207922
UBFC_PHYS_s15_T1_test,111,211,118.03333333333333,0.8392530083656311,-1.2940303062273222
UBFC_PHYS_s15_T1_test,111,212,118.06666666666666,0.603268563747406,-1.06468181680156
UBFC_PHYS_s15_T1_test,111,213,118.1,0.23639191687107086,-0.6695237359177703
UBFC_PHYS_s15_T1_test,111,214,118.13333333333334,-0.13413454592227936,-0.14679578024754833
UBFC_PHYS_s15_T1_test,111,215,118.16666666666667,-0.4094368517398834,0.4353379013043171
UBFC_PHYS_s15_T1_test,111,216,118.2,-0.6361518502235413,0.9931336642728016
UBFC_PHYS_s15_T1_test,111,217,118.23333333333333,-0.9413480758666992,1.448008499821962
UBFC_PHYS_s15_T1_test,111,218,118.26666666666667,-1.258111834526062,1.7456086816923817
UBFC_PHYS_s15_T1_test,111,219,118.3,-1.3072011470794678,1.865954652979386
UBFC_PHYS_s15_T1_test,111,220,118.33333333333333,-0.9656996726989746,1.8225771250738323
UBFC_PHYS_s15_T1_test,111,221,118.36666666666666,-0.39058899879455566,1.6532763839145397
UBFC_PHYS_s15_T1_test,111,222,118.4,0.15684856474399567,1.4058936660284544
UBFC_PHYS_s15_T1_test,111,223,118.43333333333334,0.4798305332660675,1.12231814140016
UBFC_PHYS_s15_T1_test,111,224,118.46666666666667,0.5309283137321472,0.8259254688756628
UBFC_PHYS_s15_T1_test,111,225,118.5,0.4266471266746521,0.5184098388919537
UBFC_PHYS_s15_T1_test,111,226,118.53333333333333,0.32147765159606934,0.18789126755088406
UBFC_PHYS_s15_T1_test,111,227,118.56666666666666,0.2413163185119629,-0.1762656508380207
UBFC_PHYS_s15_T1_test,111,228,118.6,0.1206977516412735,-0.5703343008842978
UBFC_PHYS_s15_T1_test,111,229,118.63333333333334,-0.047137003391981125,-0.9717332930685119
UBFC_PHYS_s15_T1_test,111,230,118.66666666666667,-0.17866645753383636,-1.3441890309738056
UBFC_PHYS_s15_T1_test,111,231,118.7,-0.2071506679058075,-1.647996150973578
UBFC_PHYS_s15_T1_test,111,232,118.73333333333333,-0.13959965109825134,-1.8496471836518045
UBFC_PHYS_s15_T1_test,111,233,118.76666666666667,-0.02707253396511078,-1.92778587455376
UBFC_PHYS_s15_T1_test,111,234,118.8,0.046889856457710266,-1.8757454757054497
UBFC_PHYS_s15_T1_test,111,235,118.83333333333333,0.018888428807258606,-1.7019630475577194
UBFC_PHYS_s15_T1_test,111,236,118.86666666666666,-0.10242533683776855,-1.4279910017815305
UBFC_PHYS_s15_T1_test,111,237,118.9,-0.29712215065956116,-1.0830303356990025
UBFC_PHYS_s15_T1_test,111,238,118.93333333333334,-0.5572457313537598,-0.6963168943609223
UBFC_PHYS_s15_T1_test,111,239,118.96666666666667,-0.7829565405845642,-0.2915723332347015
UBFC_PHYS_s15_T1_test,112,0,112.0,0.24154804646968842,0.05848614295611079
UBFC_PHYS_s15_T1_test,112,1,112.03333333333333,0.16154120862483978,0.12197698331610372
UBFC_PHYS_s15_T1_test,112,2,112.06666666666666,0.07431194186210632,0.20166230725025544
UBFC_PHYS_s15_T1_test,112,3,112.1,0.017227653414011,0.3138847736261568
UBFC_PHYS_s15_T1_test,112,4,112.13333333333334,0.02085818350315094,0.4699040913847808
UBFC_PHYS_s15_T1_test,112,5,112.16666666666667,0.060600899159908295,0.6697313858630538
UBFC_PHYS_s15_T1_test,112,6,112.2,0.08628496527671814,0.8960724083994029
UBFC_PHYS_s15_T1_test,112,7,112.23333333333333,0.06791989505290985,1.1132279388462407
UBFC_PHYS_s15_T1_test,112,8,112.26666666666667,0.0158565491437912,1.2736040545783613
UBFC_PHYS_s15_T1_test,112,9,112.3,0.005467054899781942,1.330283703943599
UBFC_PHYS_s15_T1_test,112,10,112.33333333333333,0.10955511778593063,1.2515037762924646
UBFC_PHYS_s15_T1_test,112,11,112.36666666666666,0.2855006456375122,1.0322161554761475
UBFC_PHYS_s15_T1_test,112,12,112.4,0.4130326509475708,0.6983192517896655
UBFC_PHYS_s15_T1_test,112,13,112.43333333333334,0.4444328546524048,0.3010047983399269
UBFC_PHYS_s15_T1_test,112,14,112.46666666666667,0.4534319341182709,-0.09771098035754627
UBFC_PHYS_s15_T1_test,112,15,112.5,0.5236865878105164,-0.4430015493345082
UBFC_PHYS_s15_T1_test,112,16,112.53333333333333,0.6340121626853943,-0.7010429641671712
UBFC_PHYS_s15_T1_test,112,17,112.56666666666666,0.7300280928611755,-0.8626127467824509
UBFC_PHYS_s15_T1_test,112,18,112.6,0.8542578816413879,-0.9363687667294835
UBFC_PHYS_s15_T1_test,112,19,112.63333333333334,1.1083177328109741,-0.9373814155148344
UBFC_PHYS_s15_T1_test,112,20,112.66666666666667,1.5202476978302002,-0.8776922434548075
UBFC_PHYS_s15_T1_test,112,21,112.7,1.954771876335144,-0.7627439241577331
UBFC_PHYS_s15_T1_test,112,22,112.73333333333333,2.188863754272461,-0.5934930542274272
UBFC_PHYS_s15_T1_test,112,23,112.76666666666667,2.1193816661834717,-0.3716825743999002
UBFC_PHYS_s15_T1_test,112,24,112.8,1.8485209941864014,-0.10592685219754672
UBFC_PHYS_s15_T1_test,112,25,112.83333333333333,1.5269100666046143,0.18312070946968567
UBFC_PHYS_s15_T1_test,112,26,112.86666666666666,1.2552382946014404,0.46089738663166907
UBFC_PHYS_s15_T1_test,112,27,112.9,1.0873262882232666,0.6830007208587181
UBFC_PHYS_s15_T1_test,112,28,112.93333333333334,0.9789125323295593,0.8056605824393044
UBFC_PHYS_s15_T1_test,112,29,112.96666666666667,0.8035269975662231,0.7992182831753448
UBFC_PHYS_s15_T1_test,112,30,113.0,0.5152861475944519,0.6583746792290858
UBFC_PHYS_s15_T1_test,112,31,113.03333333333333,0.24558411538600922,0.4040240712252814
UBFC_PHYS_s15_T1_test,112,32,113.06666666666666,0.10507488995790482,0.07661674772660268
UBFC_PHYS_s15_T1_test,112,33,113.1,0.0047139134258031845,-0.27423725522406667
UBFC_PHYS_s15_T1_test,112,34,113.13333333333334,-0.1353125274181366,-0.5988947860361781
UBFC_PHYS_s15_T1_test,112,35,113.16666666666667,-0.15249961614608765,-0.8536218709046528
UBFC_PHYS_s15_T1_test,112,36,113.2,0.1423071324825287,-1.0045099432227764
UBFC_PHYS_s15_T1_test,112,37,113.23333333333333,0.6143532395362854,-1.0312360136725822
UBFC_PHYS_s15_T1_test,112,38,113.26666666666667,0.9338591694831848,-0.930751643407346
UBFC_PHYS_s15_T1_test,112,39,113.3,0.9802063703536987,-0.7188762485972925
UBFC_PHYS_s15_T1_test,112,40,113.33333333333333,0.8379784226417542,-0.4276413953683994
UBFC_PHYS_s15_T1_test,112,41,113.36666666666666,0.5598180294036865,-0.09830692558120396
UBFC_PHYS_s15_T1_test,112,42,113.4,0.196996808052063,0.22737293180724202
UBFC_PHYS_s15_T1_test,112,43,113.43333333333334,-0.12986673414707184,0.5142975140650198
UBFC_PHYS_s15_T1_test,112,44,113.46666666666667,-0.2825421094894409,0.7381916090086049
UBFC_PHYS_s15_T1_test,112,45,113.5,-0.17673532664775848,0.8873257828556567
UBFC_PHYS_s15_T1_test,112,46,113.53333333333333,0.14993511140346527,0.9618606236084812
UBFC_PHYS_s15_T1_test,112,47,113.56666666666666,0.5295186042785645,0.9698705198725941
UBFC_PHYS_s15_T1_test,112,48,113.6,0.8365300893783569,0.9201317602672141
UBFC_PHYS_s15_T1_test,112,49,113.63333333333334,1.0174386501312256,0.8146063300240578
UBFC_PHYS_s15_T1_test,112,50,113.66666666666667,1.0050214529037476,0.6457376630834327
UBFC_PHYS_s15_T1_test,112,51,113.7,0.7330020666122437,0.4020801908045743
UBFC_PHYS_s15_T1_test,112,52,113.73333333333333,0.2509140372276306,0.08016577573017901
UBFC_PHYS_s15_T1_test,112,53,113.76666666666667,-0.23791362345218658,-0.30410477257368335
UBFC_PHYS_s15_T1_test,112,54,113.8,-0.5232964158058167,-0.7105600834245343
UBFC_PHYS_s15_T1_test,112,55,113.83333333333333,-0.5906736850738525,-1.0784908329093035
UBFC_PHYS_s15_T1_test,112,56,113.86666666666666,-0.5539435148239136,-1.3381192880459372
UBFC_PHYS_s15_T1_test,112,57,113.9,-0.47828173637390137,-1.4273490947750231
UBFC_PHYS_s15_T1_test,112,58,113.93333333333334,-0.3744640350341797,-1.310098441409102
UBFC_PHYS_s15_T1_test,112,59,113.96666666666667,-0.312011182308197,-0.9909577875436373
UBFC_PHYS_s15_T1_test,112,60,114.0,-0.38732537627220154,-0.5198393888642616
UBFC_PHYS_s15_T1_test,112,61,114.03333333333333,-0.6102167367935181,0.01786685879287133
UBFC_PHYS_s15_T1_test,112,62,114.06666666666666,-0.9319821000099182,0.5243160445713974
UBFC_PHYS_s15_T1_test,112,63,114.1,-1.280551552772522,0.9173220099518506
UBFC_PHYS_s15_T1_test,112,64,114.13333333333334,-1.4433460235595703,1.1521051501124895
UBFC_PHYS_s15_T1_test,112,65,114.16666666666667,-1.2378928661346436,1.2277469721115069
UBFC_PHYS_s15_T1_test,112,66,114.2,-0.8243793845176697,1.1769769122277831
UBFC_PHYS_s15_T1_test,112,67,114.23333333333333,-0.5012428760528564,1.0458695222476837
UBFC_PHYS_s15_T1_test,112,68,114.26666666666667,-0.28250348567962646,0.8736190673120541
UBFC_PHYS_s15_T1_test,112,69,114.3,-0.025295890867710114,0.6805113919394198
UBFC_PHYS_s15_T1_test,112,70,114.33333333333333,0.20360128581523895,0.46664277435646884
UBFC_PHYS_s15_T1_test,112,71,114.36666666666666,0.2502574622631073,0.2190692294508925
UBFC_PHYS_s15_T1_test,112,72,114.4,0.15905004739761353,-0.07638401370923854
UBFC_PHYS_s15_T1_test,112,73,114.43333333333334,0.14553211629390717,-0.4221598434782391
UBFC_PHYS_s15_T1_test,112,74,114.46666666666667,0.34416845440864563,-0.7987667481632967
UBFC_PHYS_s15_T1_test,112,75,114.5,0.6337611079216003,-1.1615185125879535
UBFC_PHYS_s15_T1_test,112,76,114.53333333333333,0.6623418927192688,-1.4468052956497428
UBFC_PHYS_s15_T1_test,112,77,114.56666666666666,0.24618276953697205,-1.5871865389412858
UBFC_PHYS_s15_T1_test,112,78,114.6,-0.26311489939689636,-1.5310665352172614
UBFC_PHYS_s15_T1_test,112,79,114.63333333333334,-0.2730988562107086,-1.2606739315668942
UBFC_PHYS_s15_T1_test,112,80,114.66666666666667,0.31686222553253174,-0.8023865882109391
UBFC_PHYS_s15_T1_test,112,81,114.7,1.0428909063339233,-0.2253198948705369
UBFC_PHYS_s15_T1_test,112,82,114.73333333333333,1.4138423204421997,0.3732489403000628
UBFC_PHYS_s15_T1_test,112,83,114.76666666666667,1.0919996500015259,0.892876076107793
UBFC_PHYS_s15_T1_test,112,84,114.8,-0.05067097768187523,1.257304569855463
UBFC_PHYS_s15_T1_test,112,85,114.83333333333333,-1.54194974899292,1.4333435329351667
UBFC_PHYS_s15_T1_test,112,86,114.86666666666666,-2.5205318927764893,1.4334116519506326
UBFC_PHYS_s15_T1_test,112,87,114.9,-2.650284767150879,1.3014548165938582
UBFC_PHYS_s15_T1_test,112,88,114.93333333333334,-2.3450498580932617,1.0899591469850123
UBFC_PHYS_s15_T1_test,112,89,114.96666666666667,-1.9524699449539185,0.8394707051869372
UBFC_PHYS_s15_T1_test,112,90,115.0,-1.3681477308273315,0.5691406734355828
UBFC_PHYS_s15_T1_test,112,91,115.03333333333333,-0.5567823052406311,0.27983930259040724
UBFC_PHYS_s15_T1_test,112,92,115.06666666666666,0.12707048654556274,-0.03495513814476505
UBFC_PHYS_s15_T1_test,112,93,115.1,0.32839110493659973,-0.37729644677989055
UBFC_PHYS_s15_T1_test,112,94,115.13333333333334,0.039184633642435074,-0.736116322412372
UBFC_PHYS_s15_T1_test,112,95,115.16666666666667,-0.3712969720363617,-1.0827751981517255
UBFC_PHYS_s15_T1_test,112,96,115.2,-0.5120572447776794,-1.3715386871813344
UBFC_PHYS_s15_T1_test,112,97,115.23333333333333,-0.38991308212280273,-1.5465091896958605
UBFC_PHYS_s15_T1_test,112,98,115.26666666666667,-0.33387160301208496,-1.5552913413937683
UBFC_PHYS_s15_T1_test,112,99,115.3,-0.5324500203132629,-1.3663996479683662
UBFC_PHYS_s15_T1_test,112,100,115.33333333333333,-0.8643152117729187,-0.9842994734894456
UBFC_PHYS_s15_T1_test,112,101,115.36666666666666,-1.0826104879379272,-0.4553349805028897
UBFC_PHYS_s15_T1_test,112,102,115.4,-0.9860731363296509,0.13932025746383603
UBFC_PHYS_s15_T1_test,112,103,115.43333333333334,-0.6082469820976257,0.702442494514673
UBFC_PHYS_s15_T1_test,112,104,115.46666666666667,-0.2712835967540741,1.1452155222047933
UBFC_PHYS_s15_T1_test,112,105,115.5,-0.2679813504219055,1.4091074860473656
UBFC_PHYS_s15_T1_test,112,106,115.53333333333333,-0.4396783709526062,1.4781727248293186
UBFC_PHYS_s15_T1_test,112,107,115.56666666666666,-0.3058122396469116,1.3782780672568453
UBFC_PHYS_s15_T1_test,112,108,115.6,0.2179689109325409,1.163771626348864
UBFC_PHYS_s15_T1_test,112,109,115.63333333333334,0.6663586497306824,0.8961367910292115
UBFC_PHYS_s15_T1_test,112,110,115.66666666666667,0.6641764640808105,0.6225418846340284
UBFC_PHYS_s15_T1_test,112,111,115.7,0.3630935549736023,0.3628496895381063
UBFC_PHYS_s15_T1_test,112,112,115.73333333333333,0.09800694137811661,0.11019640076419696
UBFC_PHYS_s15_T1_test,112,113,115.76666666666667,0.01915878802537918,-0.15602108377132437
UBFC_PHYS_s15_T1_test,112,114,115.8,0.1535463184118271,-0.4517842292053979
UBFC_PHYS_s15_T1_test,112,115,115.83333333333333,0.49896806478500366,-0.7735648008890723
UBFC_PHYS_s15_T1_test,112,116,115.86666666666666,0.9955395460128784,-1.0924230186790833
UBFC_PHYS_s15_T1_test,112,117,115.9,1.518181324005127,-1.3577410274384534
UBFC_PHYS_s15_T1_test,112,118,115.93333333333334,1.8634486198425293,-1.5086542112575518
UBFC_PHYS_s15_T1_test,112,119,115.96666666666667,1.8007447719573975,-1.490516124711253
UBFC_PHYS_s15_T1_test,112,120,116.0,1.3362107276916504,-1.272829583427127
UBFC_PHYS_s15_T1_test,112,121,116.03333333333333,0.8204244375228882,-0.8636069995714463
UBFC_PHYS_s15_T1_test,112,122,116.06666666666666,0.4855853021144867,-0.31431511888317754
UBFC_PHYS_s15_T1_test,112,123,116.1,0.16084600985050201,0.28858915745398966
UBFC_PHYS_s15_T1_test,112,124,116.13333333333334,-0.3272092044353485,0.8444343113989806
UBFC_PHYS_s15_T1_test,112,125,116.16666666666667,-0.879957377910614,1.2645700538846538
UBFC_PHYS_s15_T1_test,112,126,116.2,-1.2969468832015991,1.4943451577965523
UBFC_PHYS_s15_T1_test,112,127,116.23333333333333,-1.3479866981506348,1.5230103245410915
UBFC_PHYS_s15_T1_test,112,128,116.26666666666667,-0.7836131453514099,1.379499113537233
UBFC_PHYS_s15_T1_test,112,129,116.3,0.34165796637535095,1.1178157622874194
UBFC_PHYS_s15_T1_test,112,130,116.33333333333333,1.5022881031036377,0.7982218175417749
UBFC_PHYS_s15_T1_test,112,131,116.36666666666666,2.030819892883301,0.46999610463065217
UBFC_PHYS_s15_T1_test,112,132,116.4,1.657744288444519,0.1602130424151643
UBFC_PHYS_s15_T1_test,112,133,116.43333333333334,0.8314319252967834,-0.1284554819227194
UBFC_PHYS_s15_T1_test,112,134,116.46666666666667,0.25439009070396423,-0.4098455494601026
UBFC_PHYS_s15_T1_test,112,135,116.5,0.09063001722097397,-0.6986083587329015
UBFC_PHYS_s15_T1_test,112,136,116.53333333333333,0.010410754941403866,-0.9932687783222339
UBFC_PHYS_s15_T1_test,112,137,116.56666666666666,-0.18635237216949463,-1.2663425949038822
UBFC_PHYS_s15_T1_test,112,138,116.6,-0.5301326513290405,-1.466702012968089
UBFC_PHYS_s15_T1_test,112,139,116.63333333333334,-1.0422691106796265,-1.5336374060621718
UBFC_PHYS_s15_T1_test,112,140,116.66666666666667,-1.4745532274246216,-1.4174222331115764
UBFC_PHYS_s15_T1_test,112,141,116.7,-1.3382538557052612,-1.09920143826888
UBFC_PHYS_s15_T1_test,112,142,116.73333333333333,-0.5004125237464905,-0.6034923677770605
UBFC_PHYS_s15_T1_test,112,143,116.76666666666667,0.5367796421051025,0.0013937173932716848
UBFC_PHYS_s15_T1_test,112,144,116.8,1.125620722770691,0.6167416902588823
UBFC_PHYS_s15_T1_test,112,145,116.83333333333333,1.067010760307312,1.1381281331521522
UBFC_PHYS_s15_T1_test,112,146,116.86666666666666,0.6366385221481323,1.483872020304931
UBFC_PHYS_s15_T1_test,112,147,116.9,0.29699087142944336,1.6165883450460696
UBFC_PHYS_s15_T1_test,112,148,116.93333333333334,0.26750248670578003,1.5488581583556853
UBFC_PHYS_s15_T1_test,112,149,116.96666666666667,0.32141971588134766,1.3308827121803393
UBFC_PHYS_s15_T1_test,112,150,117.0,0.12220403552055359,1.0270147061151123
UBFC_PHYS_s15_T1_test,112,151,117.03333333333333,-0.33336952328681946,0.6930091266620333
UBFC_PHYS_s15_T1_test,112,152,117.06666666666666,-0.7364162802696228,0.3629979644806941
UBFC_PHYS_s15_T1_test,112,153,117.1,-0.8327218294143677,0.0482625949995475
UBFC_PHYS_s15_T1_test,112,154,117.13333333333334,-0.5391896367073059,-0.25534754979013397
UBFC_PHYS_s15_T1_test,112,155,117.16666666666667,0.018309088423848152,-0.5560755647997335
UBFC_PHYS_s15_T1_test,112,156,117.2,0.496341735124588,-0.8548335122500111
UBFC_PHYS_s15_T1_test,112,157,117.23333333333333,0.6229661107063293,-1.1365098153921431
UBFC_PHYS_s15_T1_test,112,158,117.26666666666667,0.5031779408454895,-1.3668874346563507
UBFC_PHYS_s15_T1_test,112,159,117.3,0.3752596974372864,-1.4976775353496432
UBFC_PHYS_s15_T1_test,112,160,117.33333333333333,0.19674576818943024,-1.4796778898010374
UBFC_PHYS_s15_T1_test,112,161,117.36666666666666,-0.1789175122976303,-1.2803459178002072
UBFC_PHYS_s15_T1_test,112,162,117.4,-0.7015013694763184,-0.8993739726012911
UBFC_PHYS_s15_T1_test,112,163,117.43333333333334,-1.1996756792068481,-0.37593405122205376
UBFC_PHYS_s15_T1_test,112,164,117.46666666666667,-1.577077031135559,0.21567730531921236
UBFC_PHYS_s15_T1_test,112,165,117.5,-1.8324886560440063,0.781152240461508
UBFC_PHYS_s15_T1_test,112,166,117.53333333333333,-2.008549928665161,1.2280951998369989
UBFC_PHYS_s15_T1_test,112,167,117.56666666666666,-2.1163651943206787,1.4889141729957693
UBFC_PHYS_s15_T1_test,112,168,117.6,-2.01092529296875,1.5378602615331323
UBFC_PHYS_s15_T1_test,112,169,117.63333333333334,-1.5209583044052124,1.396012996690203
UBFC_PHYS_s15_T1_test,112,170,117.66666666666667,-0.7625445127487183,1.1211576704286594
UBFC_PHYS_s15_T1_test,112,171,117.7,-0.0732072964310646,0.7853427223708975
UBFC_PHYS_s15_T1_test,112,172,117.73333333333333,0.36753514409065247,0.44937529969012685
UBFC_PHYS_s15_T1_test,112,173,117.76666666666667,0.5655728578567505,0.1457618214579535
UBFC_PHYS_s15_T1_test,112,174,117.8,0.537243127822876,-0.12316246886543197
UBFC_PHYS_s15_T1_test,112,175,117.83333333333333,0.4068530201911926,-0.3734439481438434
UBFC_PHYS_s15_T1_test,112,176,117.86666666666666,0.3848381042480469,-0.621715455062553
UBFC_PHYS_s15_T1_test,112,177,117.9,0.5119838714599609,-0.870097766438144
UBFC_PHYS_s15_T1_test,112,178,117.93333333333334,0.67097407579422,-1.0990754897714303
UBFC_PHYS_s15_T1_test,112,179,117.96666666666667,0.8019821047782898,-1.269360341696511
UBFC_PHYS_s15_T1_test,112,180,118.0,0.8872223496437073,-1.3316071303577772
UBFC_PHYS_s15_T1_test,112,181,118.03333333333333,0.8392530083656311,-1.2418686936069143
UBFC_PHYS_s15_T1_test,112,182,118.06666666666666,0.603268563747406,-0.9789668728709309
UBFC_PHYS_s15_T1_test,112,183,118.1,0.23639191687107086,-0.5580021392238812
UBFC_PHYS_s15_T1_test,112,184,118.13333333333334,-0.13413454592227936,-0.033871616009793444
UBFC_PHYS_s15_T1_test,112,185,118.16666666666667,-0.4094368517398834,0.50861501211906
UBFC_PHYS_s15_T1_test,112,186,118.2,-0.6361518502235413,0.9759450604088316
UBFC_PHYS_s15_T1_test,112,187,118.23333333333333,-0.9413480758666992,1.2909923724025159
UBFC_PHYS_s15_T1_test,112,188,118.26666666666667,-1.258111834526062,1.4125624922764544
UBFC_PHYS_s15_T1_test,112,189,118.3,-1.3072011470794678,1.3426152899678427
UBFC_PHYS_s15_T1_test,112,190,118.33333333333333,-0.9656996726989746,1.1202032168538214
UBFC_PHYS_s15_T1_test,112,191,118.36666666666666,-0.39058899879455566,0.806255691139517
UBFC_PHYS_s15_T1_test,112,192,118.4,0.15684856474399567,0.46492604122310355
UBFC_PHYS_s15_T1_test,112,193,118.43333333333334,0.4798305332660675,0.1466570851513783
UBFC_PHYS_s15_T1_test,112,194,118.46666666666667,0.5309283137321472,-0.12247174418502532
UBFC_PHYS_s15_T1_test,112,195,118.5,0.4266471266746521,-0.3418515191924456
UBFC_PHYS_s15_T1_test,112,196,118.53333333333333,0.32147765159606934,-0.5277527750471481
UBFC_PHYS_s15_T1_test,112,197,118.56666666666666,0.2413163185119629,-0.6986730704887888
UBFC_PHYS_s15_T1_test,112,198,118.6,0.1206977516412735,-0.8607256466799983
UBFC_PHYS_s15_T1_test,112,199,118.63333333333334,-0.047137003391981125,-0.9992136255995646
UBFC_PHYS_s15_T1_test,112,200,118.66666666666667,-0.17866645753383636,-1.0801053881914313
UBFC_PHYS_s15_T1_test,112,201,118.7,-0.2071506679058075,-1.0611066790807402
UBFC_PHYS_s15_T1_test,112,202,118.73333333333333,-0.13959965109825134,-0.9080492063937268
UBFC_PHYS_s15_T1_test,112,203,118.76666666666667,-0.02707253396511078,-0.6103860958292147
UBFC_PHYS_s15_T1_test,112,204,118.8,0.046889856457710266,-0.1904935859015501
UBFC_PHYS_s15_T1_test,112,205,118.83333333333333,0.018888428807258606,0.2963587128022673
UBFC_PHYS_s15_T1_test,112,206,118.86666666666666,-0.10242533683776855,0.7725057386443545
UBFC_PHYS_s15_T1_test,112,207,118.9,-0.29712215065956116,1.157097436102426
UBFC_PHYS_s15_T1_test,112,208,118.93333333333334,-0.5572457313537598,1.3880015270637007
UBFC_PHYS_s15_T1_test,112,209,118.96666666666667,-0.7829565405845642,1.4376685750483142
UBFC_PHYS_s15_T1_test,112,210,119.0,-0.8035810589790344,1.3161953098533434
UBFC_PHYS_s15_T1_test,112,211,119.03333333333333,-0.571362316608429,1.061271737070614
UBFC_PHYS_s15_T1_test,112,212,119.06666666666666,-0.21611113846302032,0.7219570584696697
UBFC_PHYS_s15_T1_test,112,213,119.1,0.14624664187431335,0.34532635622747415
UBFC_PHYS_s15_T1_test,112,214,119.13333333333334,0.44435563683509827,-0.030165375316958322
UBFC_PHYS_s15_T1_test,112,215,119.16666666666667,0.5971661806106567,-0.3768618289287463
UBFC_PHYS_s15_T1_test,112,216,119.2,0.5631396174430847,-0.6784890991192324
UBFC_PHYS_s15_T1_test,112,217,119.23333333333333,0.4463833272457123,-0.9290372998459009
UBFC_PHYS_s15_T1_test,112,218,119.26666666666667,0.4168562889099121,-1.1283668996803002
UBFC_PHYS_s15_T1_test,112,219,119.3,0.4842914640903473,-1.2747337603042734
UBFC_PHYS_s15_T1_test,112,220,119.33333333333333,0.4933677613735199,-1.357807888397301
UBFC_PHYS_s15_T1_test,112,221,119.36666666666666,0.3399006426334381,-1.357220667664329
UBFC_PHYS_s15_T1_test,112,222,119.4,0.06977377831935883,-1.2490665654452293
UBFC_PHYS_s15_T1_test,112,223,119.43333333333334,-0.21053016185760498,-1.0181309484844312
UBFC_PHYS_s15_T1_test,112,224,119.46666666666667,-0.40636634826660156,-0.6703291284137166
UBFC_PHYS_s15_T1_test,112,225,119.5,-0.41976839303970337,-0.23943151985835312
UBFC_PHYS_s15_T1_test,112,226,119.53333333333333,-0.23891781270503998,0.21562313026996707
UBFC_PHYS_s15_T1_test,112,227,119.56666666666666,-0.044298239052295685,0.6228849622085446
UBFC_PHYS_s15_T1_test,112,228,119.6,0.1103275716304779,0.9155365013542209
UBFC_PHYS_s15_T1_test,112,229,119.63333333333334,0.4197143614292145,1.0501960189387043
UBFC_PHYS_s15_T1_test,112,230,119.66666666666667,0.8831669688224792,1.019098017875728
UBFC_PHYS_s15_T1_test,112,231,119.7,1.1539504528045654,0.851632296359342
UBFC_PHYS_s15_T1_test,112,232,119.73333333333333,1.0623760223388672,0.6044301520637103
UBFC_PHYS_s15_T1_test,112,233,119.76666666666667,0.821583092212677,0.3437496561947816
UBFC_PHYS_s15_T1_test,112,234,119.8,0.6152802109718323,0.1273303789241935
UBFC_PHYS_s15_T1_test,112,235,119.83333333333333,0.40183207392692566,-0.007466870895995774
UBFC_PHYS_s15_T1_test,112,236,119.86666666666666,0.16426411271095276,-0.046937853609944465
UBFC_PHYS_s15_T1_test,112,237,119.9,0.021862372756004333,0.001836795592624058
UBFC_PHYS_s15_T1_test,112,238,119.93333333333334,0.06320792436599731,0.11638049653959376
UBFC_PHYS_s15_T1_test,112,239,119.96666666666667,0.19811686873435974,0.26455868078240846
UBFC_PHYS_s15_T1_test,113,0,113.0,0.5152861475944519,-0.10646685006475719
UBFC_PHYS_s15_T1_test,113,1,113.03333333333333,0.24558411538600922,0.11898725484504813
UBFC_PHYS_s15_T1_test,113,2,113.06666666666666,0.10507488995790482,0.26187932776164546
UBFC_PHYS_s15_T1_test,113,3,113.1,0.0047139134258031845,0.2621161863473205
UBFC_PHYS_s15_T1_test,113,4,113.13333333333334,-0.1353125274181366,0.10314252342187061
UBFC_PHYS_s15_T1_test,113,5,113.16666666666667,-0.15249961614608765,-0.18388354951937375
UBFC_PHYS_s15_T1_test,113,6,113.2,0.1423071324825287,-0.5308612927299783
UBFC_PHYS_s15_T1_test,113,7,113.23333333333333,0.6143532395362854,-0.8539154959681103
UBFC_PHYS_s15_T1_test,113,8,113.26666666666667,0.9338591694831848,-1.0767714920881069
UBFC_PHYS_s15_T1_test,113,9,113.3,0.9802063703536987,-1.1485810772874778
UBFC_PHYS_s15_T1_test,113,10,113.33333333333333,0.8379784226417542,-1.0523167491785863
UBFC_PHYS_s15_T1_test,113,11,113.36666666666666,0.5598180294036865,-0.8042055823837757
UBFC_PHYS_s15_T1_test,113,12,113.4,0.196996808052063,-0.44682610401363027
UBFC_PHYS_s15_T1_test,113,13,113.43333333333334,-0.12986673414707184,-0.038414427050300876
UBFC_PHYS_s15_T1_test,113,14,113.46666666666667,-0.2825421094894409,0.3598057367456487
UBFC_PHYS_s15_T1_test,113,15,113.5,-0.17673532664775848,0.6963264528919847
UBFC_PHYS_s15_T1_test,113,16,113.53333333333333,0.14993511140346527,0.9389593231533161
UBFC_PHYS_s15_T1_test,113,17,113.56666666666666,0.5295186042785645,1.0776981906243805
UBFC_PHYS_s15_T1_test,113,18,113.6,0.8365300893783569,1.1192006513573987
UBFC_PHYS_s15_T1_test,113,19,113.63333333333334,1.0174386501312256,1.0756766099815536
UBFC_PHYS_s15_T1_test,113,20,113.66666666666667,1.0050214529037476,0.9552379498898529
UBFC_PHYS_s15_T1_test,113,21,113.7,0.7330020666122437,0.7602439370777158
UBFC_PHYS_s15_T1_test,113,22,113.73333333333333,0.2509140372276306,0.49366589237359715
UBFC_PHYS_s15_T1_test,113,23,113.76666666666667,-0.23791362345218658,0.16736550296281352
UBFC_PHYS_s15_T1_test,113,24,113.8,-0.5232964158058167,-0.19359943342491773
UBFC_PHYS_s15_T1_test,113,25,113.83333333333333,-0.5906736850738525,-0.5522101237841706
UBFC_PHYS_s15_T1_test,113,26,113.86666666666666,-0.5539435148239136,-0.864592263856833
UBFC_PHYS_s15_T1_test,113,27,113.9,-0.47828173637390137,-1.086874380596534
UBFC_PHYS_s15_T1_test,113,28,113.93333333333334,-0.3744640350341797,-1.1828500016730132
UBFC_PHYS_s15_T1_test,113,29,113.96666666666667,-0.312011182308197,-1.132025244800542
UBFC_PHYS_s15_T1_test,113,30,114.0,-0.38732537627220154,-0.9363980100534961
UBFC_PHYS_s15_T1_test,113,31,114.03333333333333,-0.6102167367935181,-0.6229758301180855
UBFC_PHYS_s15_T1_test,113,32,114.06666666666666,-0.9319821000099182,-0.23969303478463078
UBFC_PHYS_s15_T1_test,113,33,114.1,-1.280551552772522,0.15501996518067349
UBFC_PHYS_s15_T1_test,113,34,114.13333333333334,-1.4433460235595703,0.5057701383362452
UBFC_PHYS_s15_T1_test,113,35,114.16666666666667,-1.2378928661346436,0.7719798714835135
UBFC_PHYS_s15_T1_test,113,36,114.2,-0.8243793845176697,0.9338486848967432
UBFC_PHYS_s15_T1_test,113,37,114.23333333333333,-0.5012428760528564,0.9911761871365825
UBFC_PHYS_s15_T1_test,113,38,114.26666666666667,-0.28250348567962646,0.9568422551562197
UBFC_PHYS_s15_T1_test,113,39,114.3,-0.025295890867710114,0.8483518608920423
UBFC_PHYS_s15_T1_test,113,40,114.33333333333333,0.20360128581523895,0.6803691482348092
UBFC_PHYS_s15_T1_test,113,41,114.36666666666666,0.2502574622631073,0.4603997966011104
UBFC_PHYS_s15_T1_test,113,42,114.4,0.15905004739761353,0.18986242588870514
UBFC_PHYS_s15_T1_test,113,43,114.43333333333334,0.14553211629390717,-0.12850848572036705
UBFC_PHYS_s15_T1_test,113,44,114.46666666666667,0.34416845440864563,-0.48003078170099867
UBFC_PHYS_s15_T1_test,113,45,114.5,0.6337611079216003,-0.8307003432608288
UBFC_PHYS_s15_T1_test,113,46,114.53333333333333,0.6623418927192688,-1.1286001605152425
UBFC_PHYS_s15_T1_test,113,47,114.56666666666666,0.24618276953697205,-1.3150832020249057
UBFC_PHYS_s15_T1_test,113,48,114.6,-0.26311489939689636,-1.3417856283424194
UBFC_PHYS_s15_T1_test,113,49,114.63333333333334,-0.2730988562107086,-1.1868477815525027
UBFC_PHYS_s15_T1_test,113,50,114.66666666666667,0.31686222553253174,-0.8642876955653338
UBFC_PHYS_s15_T1_test,113,51,114.7,1.0428909063339233,-0.42310562771925386
UBFC_PHYS_s15_T1_test,113,52,114.73333333333333,1.4138423204421997,0.06417787450827399
UBFC_PHYS_s15_T1_test,113,53,114.76666666666667,1.0919996500015259,0.520462919354017
UBFC_PHYS_s15_T1_test,113,54,114.8,-0.05067097768187523,0.8841129792499788
UBFC_PHYS_s15_T1_test,113,55,114.83333333333333,-1.54194974899292,1.1224443620508548
UBFC_PHYS_s15_T1_test,113,56,114.86666666666666,-2.5205318927764893,1.2333976123227945
UBFC_PHYS_s15_T1_test,113,57,114.9,-2.650284767150879,1.2356562933967092
UBFC_PHYS_s15_T1_test,113,58,114.93333333333334,-2.3450498580932617,1.1534520543051454
UBFC_PHYS_s15_T1_test,113,59,114.96666666666667,-1.9524699449539185,1.0046601927991825
UBFC_PHYS_s15_T1_test,113,60,115.0,-1.3681477308273315,0.797537095610722
UBFC_PHYS_s15_T1_test,113,61,115.03333333333333,-0.5567823052406311,0.5353248798586516
UBFC_PHYS_s15_T1_test,113,62,115.06666666666666,0.12707048654556274,0.22351937111727493
UBFC_PHYS_s15_T1_test,113,63,115.1,0.32839110493659973,-0.12531535976749833
UBFC_PHYS_s15_T1_test,113,64,115.13333333333334,0.039184633642435074,-0.490359912072235
UBFC_PHYS_s15_T1_test,113,65,115.16666666666667,-0.3712969720363617,-0.8428688262088132
UBFC_PHYS_s15_T1_test,113,66,115.2,-0.5120572447776794,-1.1466944468671816
UBFC_PHYS_s15_T1_test,113,67,115.23333333333333,-0.38991308212280273,-1.3604374947589581
UBFC_PHYS_s15_T1_test,113,68,115.26666666666667,-0.33387160301208496,-1.4435442249906265
UBFC_PHYS_s15_T1_test,113,69,115.3,-0.5324500203132629,-1.3666497563060223
UBFC_PHYS_s15_T1_test,113,70,115.33333333333333,-0.8643152117729187,-1.1230291260232992
UBFC_PHYS_s15_T1_test,113,71,115.36666666666666,-1.0826104879379272,-0.7358941080789624
UBFC_PHYS_s15_T1_test,113,72,115.4,-0.9860731363296509,-0.2573331763979223
UBFC_PHYS_s15_T1_test,113,73,115.43333333333334,-0.6082469820976257,0.24186062409426956
UBFC_PHYS_s15_T1_test,113,74,115.46666666666667,-0.2712835967540741,0.6885047737115962
UBFC_PHYS_s15_T1_test,113,75,115.5,-0.2679813504219055,1.0241628593331042
UBFC_PHYS_s15_T1_test,113,76,115.53333333333333,-0.4396783709526062,1.2175467718331838
UBFC_PHYS_s15_T1_test,113,77,115.56666666666666,-0.3058122396469116,1.2682609429685534
UBFC_PHYS_s15_T1_test,113,78,115.6,0.2179689109325409,1.2007741293462153
UBFC_PHYS_s15_T1_test,113,79,115.63333333333334,0.6663586497306824,1.0509924530752817
UBFC_PHYS_s15_T1_test,113,80,115.66666666666667,0.6641764640808105,0.8510298906406715
UBFC_PHYS_s15_T1_test,113,81,115.7,0.3630935549736023,0.6188837871640147
UBFC_PHYS_s15_T1_test,113,82,115.73333333333333,0.09800694137811661,0.3574694488068934
UBFC_PHYS_s15_T1_test,113,83,115.76666666666667,0.01915878802537918,0.06261091288739076
UBFC_PHYS_s15_T1_test,113,84,115.8,0.1535463184118271,-0.2652948865182297
UBFC_PHYS_s15_T1_test,113,85,115.83333333333333,0.49896806478500366,-0.6125975698790834
UBFC_PHYS_s15_T1_test,113,86,115.86666666666666,0.9955395460128784,-0.9500911502362753
UBFC_PHYS_s15_T1_test,113,87,115.9,1.518181324005127,-1.2363131517536434
UBFC_PHYS_s15_T1_test,113,88,115.93333333333334,1.8634486198425293,-1.4243973265487373
UBFC_PHYS_s15_T1_test,113,89,115.96666666666667,1.8007447719573975,-1.4712496066072611
UBFC_PHYS_s15_T1_test,113,90,116.0,1.3362107276916504,-1.348144342558504
UBFC_PHYS_s15_T1_test,113,91,116.03333333333333,0.8204244375228882,-1.050903374679313
UBFC_PHYS_s15_T1_test,113,92,116.06666666666666,0.4855853021144867,-0.6064389369111539
UBFC_PHYS_s15_T1_test,113,93,116.1,0.16084600985050201,-0.07207814676474894
UBFC_PHYS_s15_T1_test,113,94,116.13333333333334,-0.3272092044353485,0.4741710823108708
UBFC_PHYS_s15_T1_test,113,95,116.16666666666667,-0.879957377910614,0.9506459679269106
UBFC_PHYS_s15_T1_test,113,96,116.2,-1.2969468832015991,1.290836804531483
UBFC_PHYS_s15_T1_test,113,97,116.23333333333333,-1.3479866981506348,1.4573756643978202
UBFC_PHYS_s15_T1_test,113,98,116.26666666666667,-0.7836131453514099,1.4472777214531996
UBFC_PHYS_s15_T1_test,113,99,116.3,0.34165796637535095,1.2882352881376504
UBFC_PHYS_s15_T1_test,113,100,116.33333333333333,1.5022881031036377,1.0277329941745974
UBFC_PHYS_s15_T1_test,113,101,116.36666666666666,2.030819892883301,0.7176842740750223
UBFC_PHYS_s15_T1_test,113,102,116.4,1.657744288444519,0.39878151011737695
UBFC_PHYS_s15_T1_test,113,103,116.43333333333334,0.8314319252967834,0.09026282032920686
UBFC_PHYS_s15_T1_test,113,104,116.46666666666667,0.25439009070396423,-0.20963500670296964
UBFC_PHYS_s15_T1_test,113,105,116.5,0.09063001722097397,-0.511537767880678
UBFC_PHYS_s15_T1_test,113,106,116.53333333333333,0.010410754941403866,-0.8171688254736924
UBFC_PHYS_s15_T1_test,113,107,116.56666666666666,-0.18635237216949463,-1.1061487055426291
UBFC_PHYS_s15_T1_test,113,108,116.6,-0.5301326513290405,-1.3346367854897823
UBFC_PHYS_s15_T1_test,113,109,116.63333333333334,-1.0422691106796265,-1.4463692455198072
UBFC_PHYS_s15_T1_test,113,110,116.66666666666667,-1.4745532274246216,-1.391434553275483
UBFC_PHYS_s15_T1_test,113,111,116.7,-1.3382538557052612,-1.1458846087600996
UBFC_PHYS_s15_T1_test,113,112,116.73333333333333,-0.5004125237464905,-0.7252377481931617
UBFC_PHYS_s15_T1_test,113,113,116.76666666666667,0.5367796421051025,-0.18657802187256686
UBFC_PHYS_s15_T1_test,113,114,116.8,1.125620722770691,0.3828608963947228
UBFC_PHYS_s15_T1_test,113,115,116.83333333333333,1.067010760307312,0.88811473804616
UBFC_PHYS_s15_T1_test,113,116,116.86666666666666,0.6366385221481323,1.2524147669897245
UBFC_PHYS_s15_T1_test,113,117,116.9,0.29699087142944336,1.4365276073933149
UBFC_PHYS_s15_T1_test,113,118,116.93333333333334,0.26750248670578003,1.4435816127226213
UBFC_PHYS_s15_T1_test,113,119,116.96666666666667,0.32141971588134766,1.3082731459622352
UBFC_PHYS_s15_T1_test,113,120,117.0,0.12220403552055359,1.0775294101374757
UBFC_PHYS_s15_T1_test,113,121,117.03333333333333,-0.33336952328681946,0.7932508844874303
UBFC_PHYS_s15_T1_test,113,122,117.06666666666666,-0.7364162802696228,0.48372436515443895
UBFC_PHYS_s15_T1_test,113,123,117.1,-0.8327218294143677,0.1634582634952353
UBFC_PHYS_s15_T1_test,113,124,117.13333333333334,-0.5391896367073059,-0.16229573789660323
UBFC_PHYS_s15_T1_test,113,125,117.16666666666667,0.018309088423848152,-0.4913988116238454
UBFC_PHYS_s15_T1_test,113,126,117.2,0.496341735124588,-0.8180282530319308
UBFC_PHYS_s15_T1_test,113,127,117.23333333333333,0.6229661107063293,-1.1257171876553522
UBFC_PHYS_s15_T1_test,113,128,117.26666666666667,0.5031779408454895,-1.3826894761743358
UBFC_PHYS_s15_T1_test,113,129,117.3,0.3752596974372864,-1.543501428405175
UBFC_PHYS_s15_T1_test,113,130,117.33333333333333,0.19674576818943024,-1.5592129862901718
UBFC_PHYS_s15_T1_test,113,131,117.36666666666666,-0.1789175122976303,-1.3939235403300725
UBFC_PHYS_s15_T1_test,113,132,117.4,-0.7015013694763184,-1.041422917702409
UBFC_PHYS_s15_T1_test,113,133,117.43333333333334,-1.1996756792068481,-0.53460791272157
UBFC_PHYS_s15_T1_test,113,134,117.46666666666667,-1.577077031135559,0.05694597737485169
UBFC_PHYS_s15_T1_test,113,135,117.5,-1.8324886560440063,0.6412372282800618
UBFC_PHYS_s15_T1_test,113,136,117.53333333333333,-2.008549928665161,1.125902783423702
UBFC_PHYS_s15_T1_test,113,137,117.56666666666666,-2.1163651943206787,1.4415265561046775
UBFC_PHYS_s15_T1_test,113,138,117.6,-2.01092529296875,1.558628002960917
UBFC_PHYS_s15_T1_test,113,139,117.63333333333334,-1.5209583044052124,1.492020182433364
UBFC_PHYS_s15_T1_test,113,140,117.66666666666667,-0.7625445127487183,1.2902373961457767
UBFC_PHYS_s15_T1_test,113,141,117.7,-0.0732072964310646,1.0139020285290172
UBFC_PHYS_s15_T1_test,113,142,117.73333333333333,0.36753514409065247,0.7127281360978559
UBFC_PHYS_s15_T1_test,113,143,117.76666666666667,0.5655728578567505,0.4119224401501323
UBFC_PHYS_s15_T1_test,113,144,117.8,0.537243127822876,0.11310247282762761
UBFC_PHYS_s15_T1_test,113,145,117.83333333333333,0.4068530201911926,-0.19332133955930345
UBFC_PHYS_s15_T1_test,113,146,117.86666666666666,0.3848381042480469,-0.5123536947962217
UBFC_PHYS_s15_T1_test,113,147,117.9,0.5119838714599609,-0.8329639143324008
UBFC_PHYS_s15_T1_test,113,148,117.93333333333334,0.67097407579422,-1.1246387211699018
UBFC_PHYS_s15_T1_test,113,149,117.96666666666667,0.8019821047782898,-1.341612148520531
UBFC_PHYS_s15_T1_test,113,150,118.0,0.8872223496437073,-1.433157166556242
UBFC_PHYS_s15_T1_test,113,151,118.03333333333333,0.8392530083656311,-1.3580667385168517
UBFC_PHYS_s15_T1_test,113,152,118.06666666666666,0.603268563747406,-1.0999500497424375
UBFC_PHYS_s15_T1_test,113,153,118.1,0.23639191687107086,-0.6781953833610055
UBFC_PHYS_s15_T1_test,113,154,118.13333333333334,-0.13413454592227936,-0.14955349969628817
UBFC_PHYS_s15_T1_test,113,155,118.16666666666667,-0.4094368517398834,0.4020876354191507
UBFC_PHYS_s15_T1_test,113,156,118.2,-0.6361518502235413,0.8857920802450913
UBFC_PHYS_s15_T1_test,113,157,118.23333333333333,-0.9413480758666992,1.2270348423109383
UBFC_PHYS_s15_T1_test,113,158,118.26666666666667,-1.258111834526062,1.3855960418950524
UBFC_PHYS_s15_T1_test,113,159,118.3,-1.3072011470794678,1.3611284384038012
UBFC_PHYS_s15_T1_test,113,160,118.33333333333333,-0.9656996726989746,1.1861077858448783
UBFC_PHYS_s15_T1_test,113,161,118.36666666666666,-0.39058899879455566,0.9114526660452494
UBFC_PHYS_s15_T1_test,113,162,118.4,0.15684856474399567,0.5906675295645806
UBFC_PHYS_s15_T1_test,113,163,118.43333333333334,0.4798305332660675,0.2663548247074477
UBFC_PHYS_s15_T1_test,113,164,118.46666666666667,0.5309283137321472,-0.037934524643186925
UBFC_PHYS_s15_T1_test,113,165,118.5,0.4266471266746521,-0.3179718160913628
UBFC_PHYS_s15_T1_test,113,166,118.53333333333333,0.32147765159606934,-0.5807877574348874
UBFC_PHYS_s15_T1_test,113,167,118.56666666666666,0.2413163185119629,-0.8313990464083363
UBFC_PHYS_s15_T1_test,113,168,118.6,0.1206977516412735,-1.0605733644295288
UBFC_PHYS_s15_T1_test,113,169,118.63333333333334,-0.047137003391981125,-1.2401135283497753
UBFC_PHYS_s15_T1_test,113,170,118.66666666666667,-0.17866645753383636,-1.328572866377582
UBFC_PHYS_s15_T1_test,113,171,118.7,-0.2071506679058075,-1.285124825689757
UBFC_PHYS_s15_T1_test,113,172,118.73333333333333,-0.13959965109825134,-1.085642269426232
UBFC_PHYS_s15_T1_test,113,173,118.76666666666667,-0.02707253396511078,-0.7345456915079589
UBFC_PHYS_s15_T1_test,113,174,118.8,0.046889856457710266,-0.26834160438980625
UBFC_PHYS_s15_T1_test,113,175,118.83333333333333,0.018888428807258606,0.2500687710311662
UBFC_PHYS_s15_T1_test,113,176,118.86666666666666,-0.10242533683776855,0.7449294513969963
UBFC_PHYS_s15_T1_test,113,177,118.9,-0.29712215065956116,1.1456049316807697
UBFC_PHYS_s15_T1_test,113,178,118.93333333333334,-0.5572457313537598,1.4033044107854413
UBFC_PHYS_s15_T1_test,113,179,118.96666666666667,-0.7829565405845642,1.500172228135961
UBFC_PHYS_s15_T1_test,113,180,119.0,-0.8035810589790344,1.4471170812435332
UBFC_PHYS_s15_T1_test,113,181,119.03333333333333,-0.571362316608429,1.2724026565418214
UBFC_PHYS_s15_T1_test,113,182,119.06666666666666,-0.21611113846302032,1.0083868768625908
UBFC_PHYS_s15_T1_test,113,183,119.1,0.14624664187431335,0.6839562110551995
UBFC_PHYS_s15_T1_test,113,184,119.13333333333334,0.44435563683509827,0.32400804657050436
UBFC_PHYS_s15_T1_test,113,185,119.16666666666667,0.5971661806106567,-0.04850464768275824
UBFC_PHYS_s15_T1_test,113,186,119.2,0.5631396174430847,-0.4118804196635649
UBFC_PHYS_s15_T1_test,113,187,119.23333333333333,0.4463833272457123,-0.7460455079566173
UBFC_PHYS_s15_T1_test,113,188,119.26666666666667,0.4168562889099121,-1.0316372608346274
UBFC_PHYS_s15_T1_test,113,189,119.3,0.4842914640903473,-1.2471094488162833
UBFC_PHYS_s15_T1_test,113,190,119.33333333333333,0.4933677613735199,-1.3665721952327896
UBFC_PHYS_s15_T1_test,113,191,119.36666666666666,0.3399006426334381,-1.3624742460159625
UBFC_PHYS_s15_T1_test,113,192,119.4,0.06977377831935883,-1.214523009260163
UBFC_PHYS_s15_T1_test,113,193,119.43333333333334,-0.21053016185760498,-0.9216044990885247
UBFC_PHYS_s15_T1_test,113,194,119.46666666666667,-0.40636634826660156,-0.5105903722241386
UBFC_PHYS_s15_T1_test,113,195,119.5,-0.41976839303970337,-0.036589237187359264
UBFC_PHYS_s15_T1_test,113,196,119.53333333333333,-0.23891781270503998,0.42703658470911304
UBFC_PHYS_s15_T1_test,113,197,119.56666666666666,-0.044298239052295685,0.8059504909198149
UBFC_PHYS_s15_T1_test,113,198,119.6,0.1103275716304779,1.0434537670945994
UBFC_PHYS_s15_T1_test,113,199,119.63333333333334,0.4197143614292145,1.1140842529431676
UBFC_PHYS_s15_T1_test,113,200,119.66666666666667,0.8831669688224792,1.0278207886935182
UBFC_PHYS_s15_T1_test,113,201,119.7,1.1539504528045654,0.8236495807444599
UBFC_PHYS_s15_T1_test,113,202,119.73333333333333,1.0623760223388672,0.5545215981855119
UBFC_PHYS_s15_T1_test,113,203,119.76666666666667,0.821583092212677,0.2690525984181063
UBFC_PHYS_s15_T1_test,113,204,119.8,0.6152802109718323,-0.002212437968489204
UBFC_PHYS_s15_T1_test,113,205,119.83333333333333,0.40183207392692566,-0.24957466760572974
UBFC_PHYS_s15_T1_test,113,206,119.86666666666666,0.16426411271095276,-0.47585798837703447
UBFC_PHYS_s15_T1_test,113,207,119.9,0.021862372756004333,-0.6831912945864956
UBFC_PHYS_s15_T1_test,113,208,119.93333333333334,0.06320792436599731,-0.8625786236043815
UBFC_PHYS_s15_T1_test,113,209,119.96666666666667,0.19811686873435974,-0.9909696112059172
UBFC_PHYS_s15_T1_test,113,210,120.0,0.25979724526405334,-1.036302529120225
UBFC_PHYS_s15_T1_test,113,211,120.03333333333333,0.18737977743148804,-0.9678406138699619
UBFC_PHYS_s15_T1_test,113,212,120.06666666666666,0.022152043879032135,-0.7679198971558003
UBFC_PHYS_s15_T1_test,113,213,120.1,-0.21265439689159393,-0.4413398305082559
UBFC_PHYS_s15_T1_test,113,214,120.13333333333334,-0.4803287386894226,-0.019181078793407306
UBFC_PHYS_s15_T1_test,113,215,120.16666666666667,-0.7133971452713013,0.44506387775394207
UBFC_PHYS_s15_T1_test,113,216,120.2,-0.9038068652153015,0.8870138430622135
UBFC_PHYS_s15_T1_test,113,217,120.23333333333333,-1.0239619016647339,1.2473315666144749
UBFC_PHYS_s15_T1_test,113,218,120.26666666666667,-0.8657249212265015,1.4858382419635718
UBFC_PHYS_s15_T1_test,113,219,120.3,-0.29891809821128845,1.5876613835353213
UBFC_PHYS_s15_T1_test,113,220,120.33333333333333,0.41940540075302124,1.559636364220412
UBFC_PHYS_s15_T1_test,113,221,120.36666666666666,0.9186418652534485,1.420809394921572
UBFC_PHYS_s15_T1_test,113,222,120.4,1.0701779127120972,1.1935590297159397
UBFC_PHYS_s15_T1_test,113,223,120.43333333333334,0.9672871232032776,0.8997219801955669
UBFC_PHYS_s15_T1_test,113,224,120.46666666666667,0.7444536685943604,0.5609285478755972
UBFC_PHYS_s15_T1_test,113,225,120.5,0.5147067904472351,0.19930689061279475
UBFC_PHYS_s15_T1_test,113,226,120.53333333333333,0.35917335748672485,-0.16322197514018089
UBFC_PHYS_s15_T1_test,113,227,120.56666666666666,0.28372398018836975,-0.5055922482671088
UBFC_PHYS_s15_T1_test,113,228,120.6,0.2581751048564911,-0.806901941907194
UBFC_PHYS_s15_T1_test,113,229,120.63333333333334,0.28918910026550293,-1.0455508139247522
UBFC_PHYS_s15_T1_test,113,230,120.66666666666667,0.3659130036830902,-1.2006363941091884
UBFC_PHYS_s15_T1_test,113,231,120.7,0.36824968457221985,-1.2567969460684252
UBFC_PHYS_s15_T1_test,113,232,120.73333333333333,0.21265830099582672,-1.2108834925836913
UBFC_PHYS_s15_T1_test,113,233,120.76666666666667,0.004945649299770594,-1.0768145796428494
UBFC_PHYS_s15_T1_test,113,234,120.8,-0.16624927520751953,-0.8854007175813001
UBFC_PHYS_s15_T1_test,113,235,120.83333333333333,-0.41378188133239746,-0.678031597347359
UBFC_PHYS_s15_T1_test,113,236,120.86666666666666,-0.832509458065033,-0.4953953557225664
UBFC_PHYS_s15_T1_test,113,237,120.9,-1.2848966121673584,-0.36457849533278863
UBFC_PHYS_s15_T1_test,113,238,120.93333333333334,-1.471598505973816,-0.28965636155282826
UBFC_PHYS_s15_T1_test,113,239,120.96666666666667,-1.1633317470550537,-0.2506071109735215
UBFC_PHYS_s15_T1_test,114,0,114.0,-0.38732537627220154,0.06668191929272871
UBFC_PHYS_s15_T1_test,114,1,114.03333333333333,-0.6102167367935181,0.9283998458647871
UBFC_PHYS_s15_T1_test,114,2,114.06666666666666,-0.9319821000099182,1.6750931275535414
UBFC_PHYS_s15_T1_test,114,3,114.1,-1.280551552772522,2.219094673961471
UBFC_PHYS_s15_T1_test,114,4,114.13333333333334,-1.4433460235595703,2.5130749988138708
UBFC_PHYS_s15_T1_test,114,5,114.16666666666667,-1.2378928661346436,2.5555955189163284
UBFC_PHYS_s15_T1_test,114,6,114.2,-0.8243793845176697,2.3833286654958648
UBFC_PHYS_s15_T1_test,114,7,114.23333333333333,-0.5012428760528564,2.055025166167564
UBFC_PHYS_s15_T1_test,114,8,114.26666666666667,-0.28250348567962646,1.6345244379723516
UBFC_PHYS_s15_T1_test,114,9,114.3,-0.025295890867710114,1.177619288576599
UBFC_PHYS_s15_T1_test,114,10,114.33333333333333,0.20360128581523895,0.7240693162614947
UBFC_PHYS_s15_T1_test,114,11,114.36666666666666,0.2502574622631073,0.2945169429007199
UBFC_PHYS_s15_T1_test,114,12,114.4,0.15905004739761353,-0.1071422978443049
UBFC_PHYS_s15_T1_test,114,13,114.43333333333334,0.14553211629390717,-0.48531058958346757
UBFC_PHYS_s15_T1_test,114,14,114.46666666666667,0.34416845440864563,-0.8404052676769274
UBFC_PHYS_s15_T1_test,114,15,114.5,0.6337611079216003,-1.1582759485618204
UBFC_PHYS_s15_T1_test,114,16,114.53333333333333,0.6623418927192688,-1.4070063844151726
UBFC_PHYS_s15_T1_test,114,17,114.56666666666666,0.24618276953697205,-1.5434510273807314
UBFC_PHYS_s15_T1_test,114,18,114.6,-0.26311489939689636,-1.5271431114791063
UBFC_PHYS_s15_T1_test,114,19,114.63333333333334,-0.2730988562107086,-1.3360286139994346
UBFC_PHYS_s15_T1_test,114,20,114.66666666666667,0.31686222553253174,-0.9783981516101161
UBFC_PHYS_s15_T1_test,114,21,114.7,1.0428909063339233,-0.49703791357224497
UBFC_PHYS_s15_T1_test,114,22,114.73333333333333,1.4138423204421997,0.03662477845941866
UBFC_PHYS_s15_T1_test,114,23,114.76666666666667,1.0919996500015259,0.5380173370742081
UBFC_PHYS_s15_T1_test,114,24,114.8,-0.05067097768187523,0.9302366557445885
UBFC_PHYS_s15_T1_test,114,25,114.83333333333333,-1.54194974899292,1.1627276550974166
UBFC_PHYS_s15_T1_test,114,26,114.86666666666666,-2.5205318927764893,1.220676603075974
UBFC_PHYS_s15_T1_test,114,27,114.9,-2.650284767150879,1.1220989405331265
UBFC_PHYS_s15_T1_test,114,28,114.93333333333334,-2.3450498580932617,0.9055214678280998
UBFC_PHYS_s15_T1_test,114,29,114.96666666666667,-1.9524699449539185,0.615087763267872
UBFC_PHYS_s15_T1_test,114,30,115.0,-1.3681477308273315,0.2893579448728759
UBFC_PHYS_s15_T1_test,114,31,115.03333333333333,-0.5567823052406311,-0.043605990137749844
UBFC_PHYS_s15_T1_test,114,32,115.06666666666666,0.12707048654556274,-0.3659113710586271
UBFC_PHYS_s15_T1_test,114,33,115.1,0.32839110493659973,-0.6665798809881298
UBFC_PHYS_s15_T1_test,114,34,115.13333333333334,0.039184633642435074,-0.9365996579543816
UBFC_PHYS_s15_T1_test,114,35,115.16666666666667,-0.3712969720363617,-1.1628589582846165
UBFC_PHYS_s15_T1_test,114,36,115.2,-0.5120572447776794,-1.3231731975682772
UBFC_PHYS_s15_T1_test,114,37,115.23333333333333,-0.38991308212280273,-1.3862545751314104
UBFC_PHYS_s15_T1_test,114,38,115.26666666666667,-0.33387160301208496,-1.3191374400701978
UBFC_PHYS_s15_T1_test,114,39,115.3,-0.5324500203132629,-1.1004707534824003
UBFC_PHYS_s15_T1_test,114,40,115.33333333333333,-0.8643152117729187,-0.7338357829071787
UBFC_PHYS_s15_T1_test,114,41,115.36666666666666,-1.0826104879379272,-0.2541085597025703
UBFC_PHYS_s15_T1_test,114,42,115.4,-0.9860731363296509,0.27681109669780696
UBFC_PHYS_s15_T1_test,114,43,115.43333333333334,-0.6082469820976257,0.7833644123331038
UBFC_PHYS_s15_T1_test,114,44,115.46666666666667,-0.2712835967540741,1.1936624738098847
UBFC_PHYS_s15_T1_test,114,45,115.5,-0.2679813504219055,1.4550874036050316
UBFC_PHYS_s15_T1_test,114,46,115.53333333333333,-0.4396783709526062,1.5442451076307515
UBFC_PHYS_s15_T1_test,114,47,115.56666666666666,-0.3058122396469116,1.4694781469656133
UBFC_PHYS_s15_T1_test,114,48,115.6,0.2179689109325409,1.2654169711785654
UBFC_PHYS_s15_T1_test,114,49,115.63333333333334,0.6663586497306824,0.9805711958326998
UBFC_PHYS_s15_T1_test,114,50,115.66666666666667,0.6641764640808105,0.6616832859277869
UBFC_PHYS_s15_T1_test,114,51,115.7,0.3630935549736023,0.3408178169549428
UBFC_PHYS_s15_T1_test,114,52,115.73333333333333,0.09800694137811661,0.03065997829197825
UBFC_PHYS_s15_T1_test,114,53,115.76666666666667,0.01915878802537918,-0.27025719578993723
UBFC_PHYS_s15_T1_test,114,54,115.8,0.1535463184118271,-0.565908449262992
UBFC_PHYS_s15_T1_test,114,55,115.83333333333333,0.49896806478500366,-0.8512163545284991
UBFC_PHYS_s15_T1_test,114,56,115.86666666666666,0.9955395460128784,-1.105701250635118
UBFC_PHYS_s15_T1_test,114,57,115.9,1.518181324005127,-1.294127468161856
UBFC_PHYS_s15_T1_test,114,58,115.93333333333334,1.8634486198425293,-1.3737490993563983
UBFC_PHYS_s15_T1_test,114,59,115.96666666666667,1.8007447719573975,-1.3066002249088018
UBFC_PHYS_s15_T1_test,114,60,116.0,1.3362107276916504,-1.0738207742703285
UBFC_PHYS_s15_T1_test,114,61,116.03333333333333,0.8204244375228882,-0.6873342828872231
UBFC_PHYS_s15_T1_test,114,62,116.06666666666666,0.4855853021144867,-0.19357895374835524
UBFC_PHYS_s15_T1_test,114,63,116.1,0.16084600985050201,0.33389331481463697
UBFC_PHYS_s15_T1_test,114,64,116.13333333333334,-0.3272092044353485,0.8112936309474614
UBFC_PHYS_s15_T1_test,114,65,116.16666666666667,-0.879957377910614,1.1648662234439189
UBFC_PHYS_s15_T1_test,114,66,116.2,-1.2969468832015991,1.34754732250973
UBFC_PHYS_s15_T1_test,114,67,116.23333333333333,-1.3479866981506348,1.347398887197886
UBFC_PHYS_s15_T1_test,114,68,116.26666666666667,-0.7836131453514099,1.1867586128585588
UBFC_PHYS_s15_T1_test,114,69,116.3,0.34165796637535095,0.9136436880833243
UBFC_PHYS_s15_T1_test,114,70,116.33333333333333,1.5022881031036377,0.5878157491047097
UBFC_PHYS_s15_T1_test,114,71,116.36666666666666,2.030819892883301,0.26435424135909846
UBFC_PHYS_s15_T1_test,114,72,116.4,1.657744288444519,-0.02115845149071307
UBFC_PHYS_s15_T1_test,114,73,116.43333333333334,0.8314319252967834,-0.26049601882112194
UBFC_PHYS_s15_T1_test,114,74,116.46666666666667,0.25439009070396423,-0.4691329201038372
UBFC_PHYS_s15_T1_test,114,75,116.5,0.09063001722097397,-0.670971055334191
UBFC_PHYS_s15_T1_test,114,76,116.53333333333333,0.010410754941403866,-0.8782362666316692
UBFC_PHYS_s15_T1_test,114,77,116.56666666666666,-0.18635237216949463,-1.077171379824554
UBFC_PHYS_s15_T1_test,114,78,116.6,-0.5301326513290405,-1.2270112745425432
UBFC_PHYS_s15_T1_test,114,79,116.63333333333334,-1.0422691106796265,-1.2725767653657862
UBFC_PHYS_s15_T1_test,114,80,116.66666666666667,-1.4745532274246216,-1.1649286013463032
UBFC_PHYS_s15_T1_test,114,81,116.7,-1.3382538557052612,-0.8820522126640333
UBFC_PHYS_s15_T1_test,114,82,116.73333333333333,-0.5004125237464905,-0.44220225024859744
UBFC_PHYS_s15_T1_test,114,83,116.76666666666667,0.5367796421051025,0.09488926459064619
UBFC_PHYS_s15_T1_test,114,84,116.8,1.125620722770691,0.6402941633659176
UBFC_PHYS_s15_T1_test,114,85,116.83333333333333,1.067010760307312,1.0988219969168866
UBFC_PHYS_s15_T1_test,114,86,116.86666666666666,0.6366385221481323,1.3953760298443236
UBFC_PHYS_s15_T1_test,114,87,116.9,0.29699087142944336,1.4950720751988413
UBFC_PHYS_s15_T1_test,114,88,116.93333333333334,0.26750248670578003,1.4091357407224496
UBFC_PHYS_s15_T1_test,114,89,116.96666666666667,0.32141971588134766,1.1846004565274035
UBFC_PHYS_s15_T1_test,114,90,117.0,0.12220403552055359,0.8835934177666137
UBFC_PHYS_s15_T1_test,114,91,117.03333333333333,-0.33336952328681946,0.562251280186005
UBFC_PHYS_s15_T1_test,114,92,117.06666666666666,-0.7364162802696228,0.25703750561898797
UBFC_PHYS_s15_T1_test,114,93,117.1,-0.8327218294143677,-0.019181226326383593
UBFC_PHYS_s15_T1_test,114,94,117.13333333333334,-0.5391896367073059,-0.2727014450496678
UBFC_PHYS_s15_T1_test,114,95,117.16666666666667,0.018309088423848152,-0.5188446242714103
UBFC_PHYS_s15_T1_test,114,96,117.2,0.496341735124588,-0.769044164347346
UBFC_PHYS_s15_T1_test,114,97,117.23333333333333,0.6229661107063293,-1.0187565777943113
UBFC_PHYS_s15_T1_test,114,98,117.26666666666667,0.5031779408454895,-1.2408346968683606
UBFC_PHYS_s15_T1_test,114,99,117.3,0.3752596974372864,-1.3884949171113903
UBFC_PHYS_s15_T1_test,114,100,117.33333333333333,0.19674576818943024,-1.4085756574307324
UBFC_PHYS_s15_T1_test,114,101,117.36666666666666,-0.1789175122976303,-1.2608892922435726
UBFC_PHYS_s15_T1_test,114,102,117.4,-0.7015013694763184,-0.9360190275354883
UBFC_PHYS_s15_T1_test,114,103,117.43333333333334,-1.1996756792068481,-0.4642186343413034
UBFC_PHYS_s15_T1_test,114,104,117.46666666666667,-1.577077031135559,0.08784745863834531
UBFC_PHYS_s15_T1_test,114,105,117.5,-1.8324886560440063,0.6311271197555837
UBFC_PHYS_s15_T1_test,114,106,117.53333333333333,-2.008549928665161,1.0751184284224484
UBFC_PHYS_s15_T1_test,114,107,117.56666666666666,-2.1163651943206787,1.3506857840202302
UBFC_PHYS_s15_T1_test,114,108,117.6,-2.01092529296875,1.4282859467662319
UBFC_PHYS_s15_T1_test,114,109,117.63333333333334,-1.5209583044052124,1.3247130867936503
UBFC_PHYS_s15_T1_test,114,110,117.66666666666667,-0.7625445127487183,1.0941728544296818
UBFC_PHYS_s15_T1_test,114,111,117.7,-0.0732072964310646,0.805809017415868
UBFC_PHYS_s15_T1_test,114,112,117.73333333333333,0.36753514409065247,0.5172554226989482
UBFC_PHYS_s15_T1_test,114,113,117.76666666666667,0.5655728578567505,0.25676830028157915
UBFC_PHYS_s15_T1_test,114,114,117.8,0.537243127822876,0.021647426270908626
UBFC_PHYS_s15_T1_test,114,115,117.83333333333333,0.4068530201911926,-0.2084569875942074
UBFC_PHYS_s15_T1_test,114,116,117.86666666666666,0.3848381042480469,-0.4518962608115093
UBFC_PHYS_s15_T1_test,114,117,117.9,0.5119838714599609,-0.7090362526190411
UBFC_PHYS_s15_T1_test,114,118,117.93333333333334,0.67097407579422,-0.9559367052355715
UBFC_PHYS_s15_T1_test,114,119,117.96666666666667,0.8019821047782898,-1.1483786543614225
UBFC_PHYS_s15_T1_test,114,120,118.0,0.8872223496437073,-1.2339782821054777
UBFC_PHYS_s15_T1_test,114,121,118.03333333333333,0.8392530083656311,-1.1689173747846142
UBFC_PHYS_s15_T1_test,114,122,118.06666666666666,0.603268563747406,-0.9345233660572734
UBFC_PHYS_s15_T1_test,114,123,118.1,0.23639191687107086,-0.548150839033993
UBFC_PHYS_s15_T1_test,114,124,118.13333333333334,-0.13413454592227936,-0.06393379934447678
UBFC_PHYS_s15_T1_test,114,125,118.16666666666667,-0.4094368517398834,0.43798711020284986
UBFC_PHYS_s15_T1_test,114,126,118.2,-0.6361518502235413,0.8711777482566946
UBFC_PHYS_s15_T1_test,114,127,118.23333333333333,-0.9413480758666992,1.1653359909451653
UBFC_PHYS_s15_T1_test,114,128,118.26666666666667,-1.258111834526062,1.2834982856761417
UBFC_PHYS_s15_T1_test,114,129,118.3,-1.3072011470794678,1.2280451795604443
UBFC_PHYS_s15_T1_test,114,130,118.33333333333333,-0.9656996726989746,1.0347654614497148
UBFC_PHYS_s15_T1_test,114,131,118.36666666666666,-0.39058899879455566,0.7588396338540063
UBFC_PHYS_s15_T1_test,114,132,118.4,0.15684856474399567,0.4575936938751985
UBFC_PHYS_s15_T1_test,114,133,118.43333333333334,0.4798305332660675,0.1743327187320822
UBFC_PHYS_s15_T1_test,114,134,118.46666666666667,0.5309283137321472,-0.07202688465795362
UBFC_PHYS_s15_T1_test,114,135,118.5,0.4266471266746521,-0.2872393445761098
UBFC_PHYS_s15_T1_test,114,136,118.53333333333333,0.32147765159606934,-0.4911634226765716
UBFC_PHYS_s15_T1_test,114,137,118.56666666666666,0.2413163185119629,-0.700746899873405
UBFC_PHYS_s15_T1_test,114,138,118.6,0.1206977516412735,-0.9145153695130601
UBFC_PHYS_s15_T1_test,114,139,118.63333333333334,-0.047137003391981125,-1.1061393012142222
UBFC_PHYS_s15_T1_test,114,140,118.66666666666667,-0.17866645753383636,-1.2302241475503684
UBFC_PHYS_s15_T1_test,114,141,118.7,-0.2071506679058075,-1.2376594680257575
UBFC_PHYS_s15_T1_test,114,142,118.73333333333333,-0.13959965109825134,-1.0939491044806666
UBFC_PHYS_s15_T1_test,114,143,118.76666666666667,-0.02707253396511078,-0.7934608467386047
UBFC_PHYS_s15_T1_test,114,144,118.8,0.046889856457710266,-0.3650127247675689
UBFC_PHYS_s15_T1_test,114,145,118.83333333333333,0.018888428807258606,0.13240503827285632
UBFC_PHYS_s15_T1_test,114,146,118.86666666666666,-0.10242533683776855,0.6224380454644598
UBFC_PHYS_s15_T1_test,114,147,118.9,-0.29712215065956116,1.0295022773940992
UBFC_PHYS_s15_T1_test,114,148,118.93333333333334,-0.5572457313537598,1.2972217834183921
UBFC_PHYS_s15_T1_test,114,149,118.96666666666667,-0.7829565405845642,1.400970754711281
UBFC_PHYS_s15_T1_test,114,150,119.0,-0.8035810589790344,1.3493041419934835
UBFC_PHYS_s15_T1_test,114,151,119.03333333333333,-0.571362316608429,1.1737605859295372
UBFC_PHYS_s15_T1_test,114,152,119.06666666666666,-0.21611113846302032,0.9134286548337603
UBFC_PHYS_s15_T1_test,114,153,119.1,0.14624664187431335,0.6033110745681561
UBFC_PHYS_s15_T1_test,114,154,119.13333333333334,0.44435563683509827,0.27040081180057823
UBFC_PHYS_s15_T1_test,114,155,119.16666666666667,0.5971661806106567,-0.06520716690390467
UBFC_PHYS_s15_T1_test,114,156,119.2,0.5631396174430847,-0.38793674494390673
UBFC_PHYS_s15_T1_test,114,157,119.23333333333333,0.4463833272457123,-0.6841174038845399
UBFC_PHYS_s15_T1_test,114,158,119.26666666666667,0.4168562889099121,-0.9385644036895217
UBFC_PHYS_s15_T1_test,114,159,119.3,0.4842914640903473,-1.130861132295992
UBFC_PHYS_s15_T1_test,114,160,119.33333333333333,0.4933677613735199,-1.2340732850718563
UBFC_PHYS_s15_T1_test,114,161,119.36666666666666,0.3399006426334381,-1.218993307876325
UBFC_PHYS_s15_T1_test,114,162,119.4,0.06977377831935883,-1.0640585360091057
UBFC_PHYS_s15_T1_test,114,163,119.43333333333334,-0.21053016185760498,-0.7672178506292178
UBFC_PHYS_s15_T1_test,114,164,119.46666666666667,-0.40636634826660156,-0.35438024271121543
UBFC_PHYS_s15_T1_test,114,165,119.5,-0.41976839303970337,0.11990902490474052
UBFC_PHYS_s15_T1_test,114,166,119.53333333333333,-0.23891781270503998,0.5813128701417385
UBFC_PHYS_s15_T1_test,114,167,119.56666666666666,-0.044298239052295685,0.9524451537138534
UBFC_PHYS_s15_T1_test,114,168,119.6,0.1103275716304779,1.1726525867394322
UBFC_PHYS_s15_T1_test,114,169,119.63333333333334,0.4197143614292145,1.2141886894247265
UBFC_PHYS_s15_T1_test,114,170,119.66666666666667,0.8831669688224792,1.0887949955515175
UBFC_PHYS_s15_T1_test,114,171,119.7,1.1539504528045654,0.8417654148219381
UBFC_PHYS_s15_T1_test,114,172,119.73333333333333,1.0623760223388672,0.5351370067746605
UBFC_PHYS_s15_T1_test,114,173,119.76666666666667,0.821583092212677,0.22637436908180456
UBFC_PHYS_s15_T1_test,114,174,119.8,0.6152802109718323,-0.048294020837331114
UBFC_PHYS_s15_T1_test,114,175,119.83333333333333,0.40183207392692566,-0.2785967809151799
UBFC_PHYS_s15_T1_test,114,176,119.86666666666666,0.16426411271095276,-0.4723773621498622
UBFC_PHYS_s15_T1_test,114,177,119.9,0.021862372756004333,-0.6412286538463529
UBFC_PHYS_s15_T1_test,114,178,119.93333333333334,0.06320792436599731,-0.7875557693460506
UBFC_PHYS_s15_T1_test,114,179,119.96666666666667,0.19811686873435974,-0.8984988781555197
UBFC_PHYS_s15_T1_test,114,180,120.0,0.25979724526405334,-0.9481750499593424
UBFC_PHYS_s15_T1_test,114,181,120.03333333333333,0.18737977743148804,-0.9065905975426137
UBFC_PHYS_s15_T1_test,114,182,120.06666666666666,0.022152043879032135,-0.7521029427966623
UBFC_PHYS_s15_T1_test,114,183,120.1,-0.21265439689159393,-0.4835422416200901
UBFC_PHYS_s15_T1_test,114,184,120.13333333333334,-0.4803287386894226,-0.1273487377584556
UBFC_PHYS_s15_T1_test,114,185,120.16666666666667,-0.7133971452713013,0.26437780159738045
UBFC_PHYS_s15_T1_test,114,186,120.2,-0.9038068652153015,0.6259405807692465
UBFC_PHYS_s15_T1_test,114,187,120.23333333333333,-1.0239619016647339,0.896557639694597
UBFC_PHYS_s15_T1_test,114,188,120.26666666666667,-0.8657249212265015,1.0378423673298927
UBFC_PHYS_s15_T1_test,114,189,120.3,-0.29891809821128845,1.0425579943595924
UBFC_PHYS_s15_T1_test,114,190,120.33333333333333,0.41940540075302124,0.9312382586650398
UBFC_PHYS_s15_T1_test,114,191,120.36666666666666,0.9186418652534485,0.7395792175305427
UBFC_PHYS_s15_T1_test,114,192,120.4,1.0701779127120972,0.5039302380993598
UBFC_PHYS_s15_T1_test,114,193,120.43333333333334,0.9672871232032776,0.25185811083305787
UBFC_PHYS_s15_T1_test,114,194,120.46666666666667,0.7444536685943604,2.0201379431043515e-06
UBFC_PHYS_s15_T1_test,114,195,120.5,0.5147067904472351,-0.24305306240995314
UBFC_PHYS_s15_T1_test,114,196,120.53333333333333,0.35917335748672485,-0.4717092417751023
UBFC_PHYS_s15_T1_test,114,197,120.56666666666666,0.28372398018836975,-0.6776352864334664
UBFC_PHYS_s15_T1_test,114,198,120.6,0.2581751048564911,-0.8450394629416103
UBFC_PHYS_s15_T1_test,114,199,120.63333333333334,0.28918910026550293,-0.9493872647275405
UBFC_PHYS_s15_T1_test,114,200,120.66666666666667,0.3659130036830902,-0.9614331754287502
UBFC_PHYS_s15_T1_test,114,201,120.7,0.36824968457221985,-0.8561811465425319
UBFC_PHYS_s15_T1_test,114,202,120.73333333333333,0.21265830099582672,-0.6237157280434104
UBFC_PHYS_s15_T1_test,114,203,120.76666666666667,0.004945649299770594,-0.27764666615278455
UBFC_PHYS_s15_T1_test,114,204,120.8,-0.16624927520751953,0.1420161076228552
UBFC_PHYS_s15_T1_test,114,205,120.83333333333333,-0.41378188133239746,0.5730038518478738
UBFC_PHYS_s15_T1_test,114,206,120.86666666666666,-0.832509458065033,0.9423257542617136
UBFC_PHYS_s15_T1_test,114,207,120.9,-1.2848966121673584,1.1837723614285829
UBFC_PHYS_s15_T1_test,114,208,120.93333333333334,-1.471598505973816,1.256471109731295
UBFC_PHYS_s15_T1_test,114,209,120.96666666666667,-1.1633317470550537,1.156983502592571
UBFC_PHYS_s15_T1_test,114,210,121.0,-0.4380176067352295,0.9187791415968931
UBFC_PHYS_s15_T1_test,114,211,121.03333333333333,0.32870006561279297,0.5983470284999545
UBFC_PHYS_s15_T1_test,114,212,121.06666666666666,0.806134045124054,0.2540682585863526
UBFC_PHYS_s15_T1_test,114,213,121.1,0.9324687719345093,-0.07198575392669608
UBFC_PHYS_s15_T1_test,114,214,121.13333333333334,0.833420991897583,-0.3609447683679167
UBFC_PHYS_s15_T1_test,114,215,121.16666666666667,0.6790462136268616,-0.6111279630833587
UBFC_PHYS_s15_T1_test,114,216,121.2,0.5416461229324341,-0.8252588174509603
UBFC_PHYS_s15_T1_test,114,217,121.23333333333333,0.37452584505081177,-1.0000423355479064
UBFC_PHYS_s15_T1_test,114,218,121.26666666666667,0.15655888617038727,-1.1232486095711658
UBFC_PHYS_s15_T1_test,114,219,121.3,-0.042965758591890335,-1.17720653730401
UBFC_PHYS_s15_T1_test,114,220,121.33333333333333,-0.15964481234550476,-1.1448372128105466
UBFC_PHYS_s15_T1_test,114,221,121.36666666666666,-0.13849890232086182,-1.0154071298312684
UBFC_PHYS_s15_T1_test,114,222,121.4,0.0485699400305748,-0.7893013277937676
UBFC_PHYS_s15_T1_test,114,223,121.43333333333334,0.28040245175361633,-0.4819161252838461
UBFC_PHYS_s15_T1_test,114,224,121.46666666666667,0.34808865189552307,-0.12563267194901018
UBFC_PHYS_s15_T1_test,114,225,121.5,0.1954905241727829,0.23248970093543178
UBFC_PHYS_s15_T1_test,114,226,121.53333333333333,-0.09182342141866684,0.5390296208035997
UBFC_PHYS_s15_T1_test,114,227,121.56666666666666,-0.4424785375595093,0.7473285127786433
UBFC_PHYS_s15_T1_test,114,228,121.6,-0.6947231292724609,0.8306689213457519
UBFC_PHYS_s15_T1_test,114,229,121.63333333333334,-0.5907895565032959,0.7896629087479371
UBFC_PHYS_s15_T1_test,114,230,121.66666666666667,-0.11407007277011871,0.6508744718670127
UBFC_PHYS_s15_T1_test,114,231,121.7,0.4520801603794098,0.45796408436014047
UBFC_PHYS_s15_T1_test,114,232,121.73333333333333,0.8307753205299377,0.25909521437657757
UBFC_PHYS_s15_T1_test,114,233,121.76666666666667,0.9173287153244019,0.09470614604700058
UBFC_PHYS_s15_T1_test,114,234,121.8,0.7557700872421265,-0.010903984951952389
UBFC_PHYS_s15_T1_test,114,235,121.83333333333333,0.4809119701385498,-0.05204929457912943
UBFC_PHYS_s15_T1_test,114,236,121.86666666666666,0.23739610612392426,-0.038042774091452
UBFC_PHYS_s15_T1_test,114,237,121.9,0.12052395194768906,0.014356810675021673
UBFC_PHYS_s15_T1_test,114,238,121.93333333333334,0.1291368007659912,0.08855702553837896
UBFC_PHYS_s15_T1_test,114,239,121.96666666666667,0.15634647011756897,0.17218812751100543
UBFC_PHYS_s15_T1_test,115,0,115.0,-1.3681477308273315,-0.05322449871308403
UBFC_PHYS_s15_T1_test,115,1,115.03333333333333,-0.5567823052406311,0.08831514550876991
UBFC_PHYS_s15_T1_test,115,2,115.06666666666666,0.12707048654556274,0.1812066271133194
UBFC_PHYS_s15_T1_test,115,3,115.1,0.32839110493659973,0.18449084914652752
UBFC_PHYS_s15_T1_test,115,4,115.13333333333334,0.039184633642435074,0.07436664918270199
UBFC_PHYS_s15_T1_test,115,5,115.16666666666667,-0.3712969720363617,-0.14904667069761482
UBFC_PHYS_s15_T1_test,115,6,115.2,-0.5120572447776794,-0.45805735792475555
UBFC_PHYS_s15_T1_test,115,7,115.23333333333333,-0.38991308212280273,-0.7985502659392575
UBFC_PHYS_s15_T1_test,115,8,115.26666666666667,-0.33387160301208496,-1.09753940783946
UBFC_PHYS_s15_T1_test,115,9,115.3,-0.5324500203132629,-1.2775477264900819
UBFC_PHYS_s15_T1_test,115,10,115.33333333333333,-0.8643152117729187,-1.2755584199870438
UBFC_PHYS_s15_T1_test,115,11,115.36666666666666,-1.0826104879379272,-1.0616100855133301
UBFC_PHYS_s15_T1_test,115,12,115.4,-0.9860731363296509,-0.6511810447393255
UBFC_PHYS_s15_T1_test,115,13,115.43333333333334,-0.6082469820976257,-0.10646929624148871
UBFC_PHYS_s15_T1_test,115,14,115.46666666666667,-0.2712835967540741,0.4758629386189506
UBFC_PHYS_s15_T1_test,115,15,115.5,-0.2679813504219055,0.9887409709994678
UBFC_PHYS_s15_T1_test,115,16,115.53333333333333,-0.4396783709526062,1.34362687458649
UBFC_PHYS_s15_T1_test,115,17,115.56666666666666,-0.3058122396469116,1.49417343005239
UBFC_PHYS_s15_T1_test,115,18,115.6,0.2179689109325409,1.4455728831151409
UBFC_PHYS_s15_T1_test,115,19,115.63333333333334,0.6663586497306824,1.246136770944796
UBFC_PHYS_s15_T1_test,115,20,115.66666666666667,0.6641764640808105,0.96509011436118
UBFC_PHYS_s15_T1_test,115,21,115.7,0.3630935549736023,0.6662266462390986
UBFC_PHYS_s15_T1_test,115,22,115.73333333333333,0.09800694137811661,0.38810602387792487
UBFC_PHYS_s15_T1_test,115,23,115.76666666666667,0.01915878802537918,0.1376915909417066
UBFC_PHYS_s15_T1_test,115,24,115.8,0.1535463184118271,-0.10209900946336428
UBFC_PHYS_s15_T1_test,115,25,115.83333333333333,0.49896806478500366,-0.35599609174507835
UBFC_PHYS_s15_T1_test,115,26,115.86666666666666,0.9955395460128784,-0.6383380260211163
UBFC_PHYS_s15_T1_test,115,27,115.9,1.518181324005127,-0.9397727897591576
UBFC_PHYS_s15_T1_test,115,28,115.93333333333334,1.8634486198425293,-1.2229684182459244
UBFC_PHYS_s15_T1_test,115,29,115.96666666666667,1.8007447719573975,-1.429049283342785
UBFC_PHYS_s15_T1_test,115,30,116.0,1.3362107276916504,-1.4936532893875032
UBFC_PHYS_s15_T1_test,115,31,116.03333333333333,0.8204244375228882,-1.368420509601835
UBFC_PHYS_s15_T1_test,115,32,116.06666666666666,0.4855853021144867,-1.040974723617459
UBFC_PHYS_s15_T1_test,115,33,116.1,0.16084600985050201,-0.5456856628929573
UBFC_PHYS_s15_T1_test,115,34,116.13333333333334,-0.3272092044353485,0.04003270351121485
UBFC_PHYS_s15_T1_test,115,35,116.16666666666667,-0.879957377910614,0.6139876345535222
UBFC_PHYS_s15_T1_test,115,36,116.2,-1.2969468832015991,1.0763624759914685
UBFC_PHYS_s15_T1_test,115,37,116.23333333333333,-1.3479866981506348,1.3563836289341218
UBFC_PHYS_s15_T1_test,115,38,116.26666666666667,-0.7836131453514099,1.4293144547378132
UBFC_PHYS_s15_T1_test,115,39,116.3,0.34165796637535095,1.3183186045981965
UBFC_PHYS_s15_T1_test,115,40,116.33333333333333,1.5022881031036377,1.081232668283591
UBFC_PHYS_s15_T1_test,115,41,116.36666666666666,2.030819892883301,0.787495613663163
UBFC_PHYS_s15_T1_test,115,42,116.4,1.657744288444519,0.4937387092087828
UBFC_PHYS_s15_T1_test,115,43,116.43333333333334,0.8314319252967834,0.22709095616111027
UBFC_PHYS_s15_T1_test,115,44,116.46666666666667,0.25439009070396423,-0.01719808585214159
UBFC_PHYS_s15_T1_test,115,45,116.5,0.09063001722097397,-0.2628942384764219
UBFC_PHYS_s15_T1_test,115,46,116.53333333333333,0.010410754941403866,-0.5310634314365341
UBFC_PHYS_s15_T1_test,115,47,116.56666666666666,-0.18635237216949463,-0.8203108934527755
UBFC_PHYS_s15_T1_test,115,48,116.6,-0.5301326513290405,-1.0980942731128516
UBFC_PHYS_s15_T1_test,115,49,116.63333333333334,-1.0422691106796265,-1.3064669009838588
UBFC_PHYS_s15_T1_test,115,50,116.66666666666667,-1.4745532274246216,-1.3797379295735106
UBFC_PHYS_s15_T1_test,115,51,116.7,-1.3382538557052612,-1.2676256743844485
UBFC_PHYS_s15_T1_test,115,52,116.73333333333333,-0.5004125237464905,-0.9559719893462795
UBFC_PHYS_s15_T1_test,115,53,116.76666666666667,0.5367796421051025,-0.477728347799312
UBFC_PHYS_s15_T1_test,115,54,116.8,1.125620722770691,0.09058668744119729
UBFC_PHYS_s15_T1_test,115,55,116.83333333333333,1.067010760307312,0.6473761227743421
UBFC_PHYS_s15_T1_test,115,56,116.86666666666666,0.6366385221481323,1.094156877369167
UBFC_PHYS_s15_T1_test,115,57,116.9,0.29699087142944336,1.363439676519484
UBFC_PHYS_s15_T1_test,115,58,116.93333333333334,0.26750248670578003,1.4351675784582083
UBFC_PHYS_s15_T1_test,115,59,116.96666666666667,0.32141971588134766,1.3351403723986395
UBFC_PHYS_s15_T1_test,115,60,117.0,0.12220403552055359,1.117759424626667
UBFC_PHYS_s15_T1_test,115,61,117.03333333333333,-0.33336952328681946,0.8426081777640664
UBFC_PHYS_s15_T1_test,115,62,117.06666666666666,-0.7364162802696228,0.5549516558925498
UBFC_PHYS_s15_T1_test,115,63,117.1,-0.8327218294143677,0.27600836894622055
UBFC_PHYS_s15_T1_test,115,64,117.13333333333334,-0.5391896367073059,0.00415432455741762
UBFC_PHYS_s15_T1_test,115,65,117.16666666666667,0.018309088423848152,-0.2750578310341659
UBFC_PHYS_s15_T1_test,115,66,117.2,0.496341735124588,-0.5740893997757838
UBFC_PHYS_s15_T1_test,115,67,117.23333333333333,0.6229661107063293,-0.8889483037031537
UBFC_PHYS_s15_T1_test,115,68,117.26666666666667,0.5031779408454895,-1.190623314812843
UBFC_PHYS_s15_T1_test,115,69,117.3,0.3752596974372864,-1.4267679519947378
UBFC_PHYS_s15_T1_test,115,70,117.33333333333333,0.19674576818943024,-1.5345282421559936
UBFC_PHYS_s15_T1_test,115,71,117.36666666666666,-0.1789175122976303,-1.4609015109813026
UBFC_PHYS_s15_T1_test,115,72,117.4,-0.7015013694763184,-1.1835203939651215
UBFC_PHYS_s15_T1_test,115,73,117.43333333333334,-1.1996756792068481,-0.7239526930386176
UBFC_PHYS_s15_T1_test,115,74,117.46666666666667,-1.577077031135559,-0.14799533944209092
UBFC_PHYS_s15_T1_test,115,75,117.5,-1.8324886560440063,0.44812387199562803
UBFC_PHYS_s15_T1_test,115,76,117.53333333333333,-2.008549928665161,0.9619986692496806
UBFC_PHYS_s15_T1_test,115,77,117.56666666666666,-2.1163651943206787,1.3123543183707236
UBFC_PHYS_s15_T1_test,115,78,117.6,-2.01092529296875,1.4602496513117973
UBFC_PHYS_s15_T1_test,115,79,117.63333333333334,-1.5209583044052124,1.416292962329273
UBFC_PHYS_s15_T1_test,115,80,117.66666666666667,-0.7625445127487183,1.2306906410342764
UBFC_PHYS_s15_T1_test,115,81,117.7,-0.0732072964310646,0.9699520360449552
UBFC_PHYS_s15_T1_test,115,82,117.73333333333333,0.36753514409065247,0.6905236968001794
UBFC_PHYS_s15_T1_test,115,83,117.76666666666667,0.5655728578567505,0.4212717141942552
UBFC_PHYS_s15_T1_test,115,84,117.8,0.537243127822876,0.16166801791937466
UBFC_PHYS_s15_T1_test,115,85,117.83333333333333,0.4068530201911926,-0.10576241100564836
UBFC_PHYS_s15_T1_test,115,86,117.86666666666666,0.3848381042480469,-0.39647716287104134
UBFC_PHYS_s15_T1_test,115,87,117.9,0.5119838714599609,-0.7076672346915738
UBFC_PHYS_s15_T1_test,115,88,117.93333333333334,0.67097407579422,-1.0109474737015869
UBFC_PHYS_s15_T1_test,115,89,117.96666666666667,0.8019821047782898,-1.2557323029188028
UBFC_PHYS_s15_T1_test,115,90,118.0,0.8872223496437073,-1.381867169001372
UBFC_PHYS_s15_T1_test,115,91,118.03333333333333,0.8392530083656311,-1.3380892825055248
UBFC_PHYS_s15_T1_test,115,92,118.06666666666666,0.603268563747406,-1.1010792187426224
UBFC_PHYS_s15_T1_test,115,93,118.1,0.23639191687107086,-0.6887384751235748
UBFC_PHYS_s15_T1_test,115,94,118.13333333333334,-0.13413454592227936,-0.16203671270650646
UBFC_PHYS_s15_T1_test,115,95,118.16666666666667,-0.4094368517398834,0.3871716117653458
UBFC_PHYS_s15_T1_test,115,96,118.2,-0.6361518502235413,0.8600208384357221
UBFC_PHYS_s15_T1_test,115,97,118.23333333333333,-0.9413480758666992,1.1785590699257122
UBFC_PHYS_s15_T1_test,115,98,118.26666666666667,-1.258111834526062,1.3069527557943834
UBFC_PHYS_s15_T1_test,115,99,118.3,-1.3072011470794678,1.2571792337604624
UBFC_PHYS_s15_T1_test,115,100,118.33333333333333,-0.9656996726989746,1.0777027796633485
UBFC_PHYS_s15_T1_test,115,101,118.36666666666666,-0.39058899879455566,0.8313676142775577
UBFC_PHYS_s15_T1_test,115,102,118.4,0.15684856474399567,0.5720420849264763
UBFC_PHYS_s15_T1_test,115,103,118.43333333333334,0.4798305332660675,0.32847398746526346
UBFC_PHYS_s15_T1_test,115,104,118.46666666666667,0.5309283137321472,0.10056085196664838
UBFC_PHYS_s15_T1_test,115,105,118.5,0.4266471266746521,-0.13132732132266067
UBFC_PHYS_s15_T1_test,115,106,118.53333333333333,0.32147765159606934,-0.38844581627222574
UBFC_PHYS_s15_T1_test,115,107,118.56666666666666,0.2413163185119629,-0.6752276015056776
UBFC_PHYS_s15_T1_test,115,108,118.6,0.1206977516412735,-0.968458994333289
UBFC_PHYS_s15_T1_test,115,109,118.63333333333334,-0.047137003391981125,-1.2189019367890848
UBFC_PHYS_s15_T1_test,115,110,118.66666666666667,-0.17866645753383636,-1.3648873413858242
UBFC_PHYS_s15_T1_test,115,111,118.7,-0.2071506679058075,-1.3525708410819786
UBFC_PHYS_s15_T1_test,115,112,118.73333333333333,-0.13959965109825134,-1.1552413718321715
UBFC_PHYS_s15_T1_test,115,113,118.76666666666667,-0.02707253396511078,-0.78490796959073
UBFC_PHYS_s15_T1_test,115,114,118.8,0.046889856457710266,-0.29255895338072396
UBFC_PHYS_s15_T1_test,115,115,118.83333333333333,0.018888428807258606,0.24277521654217651
UBFC_PHYS_s15_T1_test,115,116,118.86666666666666,-0.10242533683776855,0.7331098212406406
UBFC_PHYS_s15_T1_test,115,117,118.9,-0.29712215065956116,1.1035611846637514
UBFC_PHYS_s15_T1_test,115,118,118.93333333333334,-0.5572457313537598,1.3106721903948895
UBFC_PHYS_s15_T1_test,115,119,118.96666666666667,-0.7829565405845642,1.3504534057079443
UBFC_PHYS_s15_T1_test,115,120,119.0,-0.8035810589790344,1.2525695682748823
UBFC_PHYS_s15_T1_test,115,121,119.03333333333333,-0.571362316608429,1.0629469982089297
UBFC_PHYS_s15_T1_test,115,122,119.06666666666666,-0.21611113846302032,0.8233890430436763
UBFC_PHYS_s15_T1_test,115,123,119.1,0.14624664187431335,0.5584710614593973
UBFC_PHYS_s15_T1_test,115,124,119.13333333333334,0.44435563683509827,0.2746675223360479
UBFC_PHYS_s15_T1_test,115,125,119.16666666666667,0.5971661806106567,-0.030827404101373995
UBFC_PHYS_s15_T1_test,115,126,119.2,0.5631396174430847,-0.35786908562566866
UBFC_PHYS_s15_T1_test,115,127,119.23333333333333,0.4463833272457123,-0.6934447044754195
UBFC_PHYS_s15_T1_test,115,128,119.26666666666667,0.4168562889099121,-1.0073899771837096
UBFC_PHYS_s15_T1_test,115,129,119.3,0.4842914640903473,-1.2548337742259388
UBFC_PHYS_s15_T1_test,115,130,119.33333333333333,0.4933677613735199,-1.385100223873131
UBFC_PHYS_s15_T1_test,115,131,119.36666666666666,0.3399006426334381,-1.3554855806251078
UBFC_PHYS_s15_T1_test,115,132,119.4,0.06977377831935883,-1.1463656992997375
UBFC_PHYS_s15_T1_test,115,133,119.43333333333334,-0.21053016185760498,-0.7724381029475069
UBFC_PHYS_s15_T1_test,115,134,119.46666666666667,-0.40636634826660156,-0.2850539770784092
UBFC_PHYS_s15_T1_test,115,135,119.5,-0.41976839303970337,0.2368797768691748
UBFC_PHYS_s15_T1_test,115,136,119.53333333333333,-0.23891781270503998,0.7057134714503853
UBFC_PHYS_s15_T1_test,115,137,119.56666666666666,-0.044298239052295685,1.0477444706156855
UBFC_PHYS_s15_T1_test,115,138,119.6,0.1103275716304779,1.2219237588758993
UBFC_PHYS_s15_T1_test,115,139,119.63333333333334,0.4197143614292145,1.2278539176041132
UBFC_PHYS_s15_T1_test,115,140,119.66666666666667,0.8831669688224792,1.1003328959562395
UBFC_PHYS_s15_T1_test,115,141,119.7,1.1539504528045654,0.8927686509818711
UBFC_PHYS_s15_T1_test,115,142,119.73333333333333,1.0623760223388672,0.6558953055602319
UBFC_PHYS_s15_T1_test,115,143,119.76666666666667,0.821583092212677,0.42017713377835425
UBFC_PHYS_s15_T1_test,115,144,119.8,0.6152802109718323,0.1893556490495383
UBFC_PHYS_s15_T1_test,115,145,119.83333333333333,0.40183207392692566,-0.05191982797794682
UBFC_PHYS_s15_T1_test,115,146,119.86666666666666,0.16426411271095276,-0.32040285825664133
UBFC_PHYS_s15_T1_test,115,147,119.9,0.021862372756004333,-0.6157517604234215
UBFC_PHYS_s15_T1_test,115,148,119.93333333333334,0.06320792436599731,-0.9104424506244128
UBFC_PHYS_s15_T1_test,115,149,119.96666666666667,0.19811686873435974,-1.1527569078932614
UBFC_PHYS_s15_T1_test,115,150,120.0,0.25979724526405334,-1.2815286374972004
UBFC_PHYS_s15_T1_test,115,151,120.03333333333333,0.18737977743148804,-1.246753161227823
UBFC_PHYS_s15_T1_test,115,152,120.06666666666666,0.022152043879032135,-1.028543122800461
UBFC_PHYS_s15_T1_test,115,153,120.1,-0.21265439689159393,-0.647950072942321
UBFC_PHYS_s15_T1_test,115,154,120.13333333333334,-0.4803287386894226,-0.16578435632468244
UBFC_PHYS_s15_T1_test,115,155,120.16666666666667,-0.7133971452713013,0.33108618404968004
UBFC_PHYS_s15_T1_test,115,156,120.2,-0.9038068652153015,0.752818082431981
UBFC_PHYS_s15_T1_test,115,157,120.23333333333333,-1.0239619016647339,1.0321603520233587
UBFC_PHYS_s15_T1_test,115,158,120.26666666666667,-0.8657249212265015,1.1429735166130373
UBFC_PHYS_s15_T1_test,115,159,120.3,-0.29891809821128845,1.1035034487478923
UBFC_PHYS_s15_T1_test,115,160,120.33333333333333,0.41940540075302124,0.9627103523400952
UBFC_PHYS_s15_T1_test,115,161,120.36666666666666,0.9186418652534485,0.7761824221406882
UBFC_PHYS_s15_T1_test,115,162,120.4,1.0701779127120972,0.5831267441393141
UBFC_PHYS_s15_T1_test,115,163,120.43333333333334,0.9672871232032776,0.3947286759466728
UBFC_PHYS_s15_T1_test,115,164,120.46666666666667,0.7444536685943604,0.19753572807984995
UBFC_PHYS_s15_T1_test,115,165,120.5,0.5147067904472351,-0.0318945376204898
UBFC_PHYS_s15_T1_test,115,166,120.53333333333333,0.35917335748672485,-0.30862270923309726
UBFC_PHYS_s15_T1_test,115,167,120.56666666666666,0.28372398018836975,-0.6246645575345416
UBFC_PHYS_s15_T1_test,115,168,120.6,0.2581751048564911,-0.94331229359636
UBFC_PHYS_s15_T1_test,115,169,120.63333333333334,0.28918910026550293,-1.204680563328989
UBFC_PHYS_s15_T1_test,115,170,120.66666666666667,0.3659130036830902,-1.3413423327015739
UBFC_PHYS_s15_T1_test,115,171,120.7,0.36824968457221985,-1.2995872656188747
UBFC_PHYS_s15_T1_test,115,172,120.73333333333333,0.21265830099582672,-1.0592871562820787
UBFC_PHYS_s15_T1_test,115,173,120.76666666666667,0.004945649299770594,-0.6450007526702811
UBFC_PHYS_s15_T1_test,115,174,120.8,-0.16624927520751953,-0.12360029191070909
UBFC_PHYS_s15_T1_test,115,175,120.83333333333333,-0.41378188133239746,0.4116590247964131
UBFC_PHYS_s15_T1_test,115,176,120.86666666666666,-0.832509458065033,0.8659465656665861
UBFC_PHYS_s15_T1_test,115,177,120.9,-1.2848966121673584,1.1685164383249598
UBFC_PHYS_s15_T1_test,115,178,120.93333333333334,-1.471598505973816,1.2903908656284675
UBFC_PHYS_s15_T1_test,115,179,120.96666666666667,-1.1633317470550537,1.2476590670269498
UBFC_PHYS_s15_T1_test,115,180,121.0,-0.4380176067352295,1.0892535609094343
UBFC_PHYS_s15_T1_test,115,181,121.03333333333333,0.32870006561279297,0.8742977466704334
UBFC_PHYS_s15_T1_test,115,182,121.06666666666666,0.806134045124054,0.6486353797456725
UBFC_PHYS_s15_T1_test,115,183,121.1,0.9324687719345093,0.43051392162222507
UBFC_PHYS_s15_T1_test,115,184,121.13333333333334,0.833420991897583,0.21096576735152883
UBFC_PHYS_s15_T1_test,115,185,121.16666666666667,0.6790462136268616,-0.032528422765754336
UBFC_PHYS_s15_T1_test,115,186,121.2,0.5416461229324341,-0.3164300830816365
UBFC_PHYS_s15_T1_test,115,187,121.23333333333333,0.37452584505081177,-0.6349035728732432
UBFC_PHYS_s15_T1_test,115,188,121.26666666666667,0.15655888617038727,-0.9536513845055458
UBFC_PHYS_s15_T1_test,115,189,121.3,-0.042965758591890335,-1.2157325067788698
UBFC_PHYS_s15_T1_test,115,190,121.33333333333333,-0.15964481234550476,-1.3571520995405295
UBFC_PHYS_s15_T1_test,115,191,121.36666666666666,-0.13849890232086182,-1.3272655555900972
UBFC_PHYS_s15_T1_test,115,192,121.4,0.0485699400305748,-1.1074681546798646
UBFC_PHYS_s15_T1_test,115,193,121.43333333333334,0.28040245175361633,-0.72171548041546
UBFC_PHYS_s15_T1_test,115,194,121.46666666666667,0.34808865189552307,-0.23458056789563492
UBFC_PHYS_s15_T1_test,115,195,121.5,0.1954905241727829,0.2636810181284052
UBFC_PHYS_s15_T1_test,115,196,121.53333333333333,-0.09182342141866684,0.6812558100736477
UBFC_PHYS_s15_T1_test,115,197,121.56666666666666,-0.4424785375595093,0.95050547662989
UBFC_PHYS_s15_T1_test,115,198,121.6,-0.6947231292724609,1.045963964683475
UBFC_PHYS_s15_T1_test,115,199,121.63333333333334,-0.5907895565032959,0.9873223802802402
UBFC_PHYS_s15_T1_test,115,200,121.66666666666667,-0.11407007277011871,0.8262129892847452
UBFC_PHYS_s15_T1_test,115,201,121.7,0.4520801603794098,0.6227176285014068
UBFC_PHYS_s15_T1_test,115,202,121.73333333333333,0.8307753205299377,0.42183211926286707
UBFC_PHYS_s15_T1_test,115,203,121.76666666666667,0.9173287153244019,0.23961888521458244
UBFC_PHYS_s15_T1_test,115,204,121.8,0.7557700872421265,0.06391976057371224
UBFC_PHYS_s15_T1_test,115,205,121.83333333333333,0.4809119701385498,-0.13197633208135018
UBFC_PHYS_s15_T1_test,115,206,121.86666666666666,0.23739610612392426,-0.3693021482659206
UBFC_PHYS_s15_T1_test,115,207,121.9,0.12052395194768906,-0.6459672098872961
UBFC_PHYS_s15_T1_test,115,208,121.93333333333334,0.1291368007659912,-0.9282523042872779
UBFC_PHYS_s15_T1_test,115,209,121.96666666666667,0.15634647011756897,-1.15575655666769
UBFC_PHYS_s15_T1_test,115,210,122.0,0.11177591979503632,-1.2584793024775671
UBFC_PHYS_s15_T1_test,115,211,122.03333333333333,0.05013415962457657,-1.1803889524231859
UBFC_PHYS_s15_T1_test,115,212,122.06666666666666,0.06488801538944244,-0.9010935268696012
UBFC_PHYS_s15_T1_test,115,213,122.1,0.0943957269191742,-0.4474965499538133
UBFC_PHYS_s15_T1_test,115,214,122.13333333333334,-0.019599050283432007,0.10925312679194754
UBFC_PHYS_s15_T1_test,115,215,122.16666666666667,-0.30959728360176086,0.6711170379823872
UBFC_PHYS_s15_T1_test,115,216,122.2,-0.6125147938728333,1.1396405478316474
UBFC_PHYS_s15_T1_test,115,217,122.23333333333333,-0.7194609045982361,1.4431112637445733
UBFC_PHYS_s15_T1_test,115,218,122.26666666666667,-0.543592631816864,1.5550925668654416
UBFC_PHYS_s15_T1_test,115,219,122.3,-0.1888435333967209,1.4972819056796205
UBFC_PHYS_s15_T1_test,115,220,122.33333333333333,0.14373616874217987,1.3250791704624383
UBFC_PHYS_s15_T1_test,115,221,122.36666666666666,0.3217479884624481,1.101517539070763
UBFC_PHYS_s15_T1_test,115,222,122.4,0.33511143922805786,0.8712567922714572
UBFC_PHYS_s15_T1_test,115,223,122.43333333333334,0.2210780382156372,0.6467962257234993
UBFC_PHYS_s15_T1_test,115,224,122.46666666666667,-0.017358936369419098,0.41237494911698375
UBFC_PHYS_s15_T1_test,115,225,122.5,-0.37631791830062866,0.14172481205539783
UBFC_PHYS_s15_T1_test,115,226,122.53333333333333,-0.7467285394668579,-0.18011028771420393
UBFC_PHYS_s15_T1_test,115,227,122.56666666666666,-0.965139627456665,-0.5410011290620627
UBFC_PHYS_s15_T1_test,115,228,122.6,-1.020601749420166,-0.8980261311021651
UBFC_PHYS_s15_T1_test,115,229,122.63333333333334,-1.0452237129211426,-1.1865984970771202
UBFC_PHYS_s15_T1_test,115,230,122.66666666666667,-1.0888093709945679,-1.3394270600602383
UBFC_PHYS_s15_T1_test,115,231,122.7,-1.0801578760147095,-1.3098628928811933
UBFC_PHYS_s15_T1_test,115,232,122.73333333333333,-1.0049595832824707,-1.0922585465568393
UBFC_PHYS_s15_T1_test,115,233,122.76666666666667,-0.9497678279876709,-0.7314858662441067
UBFC_PHYS_s15_T1_test,115,234,122.8,-1.0090728998184204,-0.3160945679378935
UBFC_PHYS_s15_T1_test,115,235,122.83333333333333,-1.1909663677215576,0.045123114278003425
UBFC_PHYS_s15_T1_test,115,236,122.86666666666666,-1.334604024887085,0.2566781538282434
UBFC_PHYS_s15_T1_test,115,237,122.9,-1.1932450532913208,0.26841381162097505
UBFC_PHYS_s15_T1_test,115,238,122.93333333333334,-0.733809232711792,0.09369864579506555
UBFC_PHYS_s15_T1_test,115,239,122.96666666666667,-0.19996686279773712,-0.19379161352281538
UBFC_PHYS_s15_T1_test,116,0,116.0,1.3362107276916504,0.09852007435822738
UBFC_PHYS_s15_T1_test,116,1,116.03333333333333,0.8204244375228882,0.950163728776307
UBFC_PHYS_s15_T1_test,116,2,116.06666666666666,0.4855853021144867,1.7281274242755473
UBFC_PHYS_s15_T1_test,116,3,116.1,0.16084600985050201,2.363670046661071
UBFC_PHYS_s15_T1_test,116,4,116.13333333333334,-0.3272092044353485,2.798019891022494
UBFC_PHYS_s15_T1_test,116,5,116.16666666666667,-0.879957377910614,2.993380992545619
UBFC_PHYS_s15_T1_test,116,6,116.2,-1.2969468832015991,2.9426924146944136
UBFC_PHYS_s15_T1_test,116,7,116.23333333333333,-1.3479866981506348,2.673393387704456
UBFC_PHYS_s15_T1_test,116,8,116.26666666666667,-0.7836131453514099,2.24288828375795
UBFC_PHYS_s15_T1_test,116,9,116.3,0.34165796637535095,1.7263557081677263
UBFC_PHYS_s15_T1_test,116,10,116.33333333333333,1.5022881031036377,1.19984032633023
UBFC_PHYS_s15_T1_test,116,11,116.36666666666666,2.030819892883301,0.7228631029951523
UBFC_PHYS_s15_T1_test,116,12,116.4,1.657744288444519,0.32524101272370615
UBFC_PHYS_s15_T1_test,116,13,116.43333333333334,0.8314319252967834,0.0026024130403869347
UBFC_PHYS_s15_T1_test,116,14,116.46666666666667,0.25439009070396423,-0.2762764144147362
UBFC_PHYS_s15_T1_test,116,15,116.5,0.09063001722097397,-0.5511286631216428
UBFC_PHYS_s15_T1_test,116,16,116.53333333333333,0.010410754941403866,-0.8476289623033185
UBFC_PHYS_s15_T1_test,116,17,116.56666666666666,-0.18635237216949463,-1.160698299140974
UBFC_PHYS_s15_T1_test,116,18,116.6,-0.5301326513290405,-1.4509653582639703
UBFC_PHYS_s15_T1_test,116,19,116.63333333333334,-1.0422691106796265,-1.655404418252064
UBFC_PHYS_s15_T1_test,116,20,116.66666666666667,-1.4745532274246216,-1.7079802252341558
UBFC_PHYS_s15_T1_test,116,21,116.7,-1.3382538557052612,-1.5634577544645198
UBFC_PHYS_s15_T1_test,116,22,116.73333333333333,-0.5004125237464905,-1.2169165653407463
UBFC_PHYS_s15_T1_test,116,23,116.76666666666667,0.5367796421051025,-0.7124787446312857
UBFC_PHYS_s15_T1_test,116,24,116.8,1.125620722770691,-0.13719157280571145
UBFC_PHYS_s15_T1_test,116,25,116.83333333333333,1.067010760307312,0.3999175564793621
UBFC_PHYS_s15_T1_test,116,26,116.86666666666666,0.6366385221481323,0.798272702074682
UBFC_PHYS_s15_T1_test,116,27,116.9,0.29699087142944336,0.9954964836687183
UBFC_PHYS_s15_T1_test,116,28,116.93333333333334,0.26750248670578003,0.9846336539442813
UBFC_PHYS_s15_T1_test,116,29,116.96666666666667,0.32141971588134766,0.8111109717032603
UBFC_PHYS_s15_T1_test,116,30,117.0,0.12220403552055359,0.5510121987333187
UBFC_PHYS_s15_T1_test,116,31,117.03333333333333,-0.33336952328681946,0.2810155169398525
UBFC_PHYS_s15_T1_test,116,32,117.06666666666666,-0.7364162802696228,0.05289312676415406
UBFC_PHYS_s15_T1_test,116,33,117.1,-0.8327218294143677,-0.11841432090607223
UBFC_PHYS_s15_T1_test,116,34,117.13333333333334,-0.5391896367073059,-0.2510601341617108
UBFC_PHYS_s15_T1_test,116,35,117.16666666666667,0.018309088423848152,-0.38074877113380684
UBFC_PHYS_s15_T1_test,116,36,117.2,0.496341735124588,-0.5399372586709658
UBFC_PHYS_s15_T1_test,116,37,117.23333333333333,0.6229661107063293,-0.7387476506683089
UBFC_PHYS_s15_T1_test,116,38,117.26666666666667,0.5031779408454895,-0.9541896989799019
UBFC_PHYS_s15_T1_test,116,39,117.3,0.3752596974372864,-1.1323847774390652
UBFC_PHYS_s15_T1_test,116,40,117.33333333333333,0.19674576818943024,-1.2041849371415136
UBFC_PHYS_s15_T1_test,116,41,117.36666666666666,-0.1789175122976303,-1.109344682486701
UBFC_PHYS_s15_T1_test,116,42,117.4,-0.7015013694763184,-0.8206793895257941
UBFC_PHYS_s15_T1_test,116,43,117.43333333333334,-1.1996756792068481,-0.359156765100598
UBFC_PHYS_s15_T1_test,116,44,117.46666666666667,-1.577077031135559,0.20606980616947873
UBFC_PHYS_s15_T1_test,116,45,117.5,-1.8324886560440063,0.7734701651935387
UBFC_PHYS_s15_T1_test,116,46,117.53333333333333,-2.008549928665161,1.2362673037984093
UBFC_PHYS_s15_T1_test,116,47,117.56666666666666,-2.1163651943206787,1.5124818353117655
UBFC_PHYS_s15_T1_test,116,48,117.6,-2.01092529296875,1.5680108867430995
UBFC_PHYS_s15_T1_test,116,49,117.63333333333334,-1.5209583044052124,1.4243742824936587
UBFC_PHYS_s15_T1_test,116,50,117.66666666666667,-0.7625445127487183,1.147385223712802
UBFC_PHYS_s15_T1_test,116,51,117.7,-0.0732072964310646,0.8202605243317649
UBFC_PHYS_s15_T1_test,116,52,117.73333333333333,0.36753514409065247,0.5121992442365899
UBFC_PHYS_s15_T1_test,116,53,117.76666666666667,0.5655728578567505,0.2563712459967973
UBFC_PHYS_s15_T1_test,116,54,117.8,0.537243127822876,0.046548222647276684
UBFC_PHYS_s15_T1_test,116,55,117.83333333333333,0.4068530201911926,-0.14803574285674725
UBFC_PHYS_s15_T1_test,116,56,117.86666666666666,0.3848381042480469,-0.35883872627789865
UBFC_PHYS_s15_T1_test,116,57,117.9,0.5119838714599609,-0.5973400511579043
UBFC_PHYS_s15_T1_test,116,58,117.93333333333334,0.67097407579422,-0.84554430238934
UBFC_PHYS_s15_T1_test,116,59,117.96666666666667,0.8019821047782898,-1.0590757840718954
UBFC_PHYS_s15_T1_test,116,60,118.0,0.8872223496437073,-1.1802348017011484
UBFC_PHYS_s15_T1_test,116,61,118.03333333333333,0.8392530083656311,-1.1568015831919192
UBFC_PHYS_s15_T1_test,116,62,118.06666666666666,0.603268563747406,-0.9612601750930557
UBFC_PHYS_s15_T1_test,116,63,118.1,0.23639191687107086,-0.6044707990712109
UBFC_PHYS_s15_T1_test,116,64,118.13333333333334,-0.13413454592227936,-0.13864324394976943
UBFC_PHYS_s15_T1_test,116,65,118.16666666666667,-0.4094368517398834,0.3528339484940124
UBFC_PHYS_s15_T1_test,116,66,118.2,-0.6361518502235413,0.7769095378039107
UBFC_PHYS_s15_T1_test,116,67,118.23333333333333,-0.9413480758666992,1.0572086947261976
UBFC_PHYS_s15_T1_test,116,68,118.26666666666667,-1.258111834526062,1.1555012840629637
UBFC_PHYS_s15_T1_test,116,69,118.3,-1.3072011470794678,1.079750063235189
UBFC_PHYS_s15_T1_test,116,70,118.33333333333333,-0.9656996726989746,0.8761958977223173
UBFC_PHYS_s15_T1_test,116,71,118.36666666666666,-0.39058899879455566,0.6098616710304888
UBFC_PHYS_s15_T1_test,116,72,118.4,0.15684856474399567,0.3414713320701941
UBFC_PHYS_s15_T1_test,116,73,118.43333333333334,0.4798305332660675,0.10882059416002718
UBFC_PHYS_s15_T1_test,116,74,118.46666666666667,0.5309283137321472,-0.08138832460922028
UBFC_PHYS_s15_T1_test,116,75,118.5,0.4266471266746521,-0.24876027472472362
UBFC_PHYS_s15_T1_test,116,76,118.53333333333333,0.32147765159606934,-0.42356654732778537
UBFC_PHYS_s15_T1_test,116,77,118.56666666666666,0.2413163185119629,-0.6266026046271255
UBFC_PHYS_s15_T1_test,116,78,118.6,0.1206977516412735,-0.8530535384855557
UBFC_PHYS_s15_T1_test,116,79,118.63333333333334,-0.047137003391981125,-1.067605489803853
UBFC_PHYS_s15_T1_test,116,80,118.66666666666667,-0.17866645753383636,-1.2133978928959661
UBFC_PHYS_s15_T1_test,116,81,118.7,-0.2071506679058075,-1.2314428149328422
UBFC_PHYS_s15_T1_test,116,82,118.73333333333333,-0.13959965109825134,-1.0826844572182035
UBFC_PHYS_s15_T1_test,116,83,118.76666666666667,-0.02707253396511078,-0.7640982916143624
UBFC_PHYS_s15_T1_test,116,84,118.8,0.046889856457710266,-0.31334857546964623
UBFC_PHYS_s15_T1_test,116,85,118.83333333333333,0.018888428807258606,0.19885984217760616
UBFC_PHYS_s15_T1_test,116,86,118.86666666666666,-0.10242533683776855,0.6860428336424448
UBFC_PHYS_s15_T1_test,116,87,118.9,-0.29712215065956116,1.0679941539945192
UBFC_PHYS_s15_T1_test,116,88,118.93333333333334,-0.5572457313537598,1.2914893213830563
UBFC_PHYS_s15_T1_test,116,89,118.96666666666667,-0.7829565405845642,1.342849356637437
UBFC_PHYS_s15_T1_test,116,90,119.0,-0.8035810589790344,1.24672800191698
UBFC_PHYS_s15_T1_test,116,91,119.03333333333333,-0.571362316608429,1.05062845946415
UBFC_PHYS_s15_T1_test,116,92,119.06666666666666,-0.21611113846302032,0.8028606279164109
UBFC_PHYS_s15_T1_test,116,93,119.1,0.14624664187431335,0.535834087280999
UBFC_PHYS_s15_T1_test,116,94,119.13333333333334,0.44435563683509827,0.2618837075102865
UBFC_PHYS_s15_T1_test,116,95,119.16666666666667,0.5971661806106567,-0.019749490100499176
UBFC_PHYS_s15_T1_test,116,96,119.2,0.5631396174430847,-0.31117632892231895
UBFC_PHYS_s15_T1_test,116,97,119.23333333333333,0.4463833272457123,-0.6056444274195976
UBFC_PHYS_s15_T1_test,116,98,119.26666666666667,0.4168562889099121,-0.8822931955184128
UBFC_PHYS_s15_T1_test,116,99,119.3,0.4842914640903473,-1.106614198878208
UBFC_PHYS_s15_T1_test,116,100,119.33333333333333,0.4933677613735199,-1.2362810691957569
UBFC_PHYS_s15_T1_test,116,101,119.36666666666666,0.3399006426334381,-1.231563920627485
UBFC_PHYS_s15_T1_test,116,102,119.4,0.06977377831935883,-1.0682789735093776
UBFC_PHYS_s15_T1_test,116,103,119.43333333333334,-0.21053016185760498,-0.7495349596835608
UBFC_PHYS_s15_T1_test,116,104,119.46666666666667,-0.40636634826660156,-0.31173388342918
UBFC_PHYS_s15_T1_test,116,105,119.5,-0.41976839303970337,0.1787676612492516
UBFC_PHYS_s15_T1_test,116,106,119.53333333333333,-0.23891781270503998,0.6391291993589643
UBFC_PHYS_s15_T1_test,116,107,119.56666666666666,-0.044298239052295685,0.9905559173756638
UBFC_PHYS_s15_T1_test,116,108,119.6,0.1103275716304779,1.1793987902166625
UBFC_PHYS_s15_T1_test,116,109,119.63333333333334,0.4197143614292145,1.1911806849494748
UBFC_PHYS_s15_T1_test,116,110,119.66666666666667,0.8831669688224792,1.0520025550535104
UBFC_PHYS_s15_T1_test,116,111,119.7,1.1539504528045654,0.8163828598427141
UBFC_PHYS_s15_T1_test,116,112,119.73333333333333,1.0623760223388672,0.545885770699173
UBFC_PHYS_s15_T1_test,116,113,119.76666666666667,0.821583092212677,0.28703729810816253
UBFC_PHYS_s15_T1_test,116,114,119.8,0.6152802109718323,0.058124009510544555
UBFC_PHYS_s15_T1_test,116,115,119.83333333333333,0.40183207392692566,-0.14920634852341136
UBFC_PHYS_s15_T1_test,116,116,119.86666666666666,0.16426411271095276,-0.355256059195785
UBFC_PHYS_s15_T1_test,116,117,119.9,0.021862372756004333,-0.5728929279245435
UBFC_PHYS_s15_T1_test,116,118,119.93333333333334,0.06320792436599731,-0.7931885624001287
UBFC_PHYS_s15_T1_test,116,119,119.96666666666667,0.19811686873435974,-0.9823323684875646
UBFC_PHYS_s15_T1_test,116,120,120.0,0.25979724526405334,-1.0908281294783833
UBFC_PHYS_s15_T1_test,116,121,120.03333333333333,0.18737977743148804,-1.0711452984236591
UBFC_PHYS_s15_T1_test,116,122,120.06666666666666,0.022152043879032135,-0.8969345302797094
UBFC_PHYS_s15_T1_test,116,123,120.1,-0.21265439689159393,-0.576547272663732
UBFC_PHYS_s15_T1_test,116,124,120.13333333333334,-0.4803287386894226,-0.15587060201133462
UBFC_PHYS_s15_T1_test,116,125,120.16666666666667,-0.7133971452713013,0.29095106161058415
UBFC_PHYS_s15_T1_test,116,126,120.2,-0.9038068652153015,0.6808050242803647
UBFC_PHYS_s15_T1_test,116,127,120.23333333333333,-1.0239619016647339,0.9454333063539767
UBFC_PHYS_s15_T1_test,116,128,120.26666666666667,-0.8657249212265015,1.0515316345598202
UBFC_PHYS_s15_T1_test,116,129,120.3,-0.29891809821128845,1.0087382444521793
UBFC_PHYS_s15_T1_test,116,130,120.33333333333333,0.41940540075302124,0.8612572964131385
UBFC_PHYS_s15_T1_test,116,131,120.36666666666666,0.9186418652534485,0.6662568957462182
UBFC_PHYS_s15_T1_test,116,132,120.4,1.0701779127120972,0.46927037788092846
UBFC_PHYS_s15_T1_test,116,133,120.43333333333334,0.9672871232032776,0.2885002018679221
UBFC_PHYS_s15_T1_test,116,134,120.46666666666667,0.7444536685943604,0.11422984871874844
UBFC_PHYS_s15_T1_test,116,135,120.5,0.5147067904472351,-0.07865712031633058
UBFC_PHYS_s15_T1_test,116,136,120.53333333333333,0.35917335748672485,-0.31195904869838004
UBFC_PHYS_s15_T1_test,116,137,120.56666666666666,0.28372398018836975,-0.5870455594468662
UBFC_PHYS_s15_T1_test,116,138,120.6,0.2581751048564911,-0.8758248411451817
UBFC_PHYS_s15_T1_test,116,139,120.63333333333334,0.28918910026550293,-1.123462402348569
UBFC_PHYS_s15_T1_test,116,140,120.66666666666667,0.3659130036830902,-1.2626267118980259
UBFC_PHYS_s15_T1_test,116,141,120.7,0.36824968457221985,-1.2349745994947299
UBFC_PHYS_s15_T1_test,116,142,120.73333333333333,0.21265830099582672,-1.012666869344459
UBFC_PHYS_s15_T1_test,116,143,120.76666666666667,0.004945649299770594,-0.6122052553350089
UBFC_PHYS_s15_T1_test,116,144,120.8,-0.16624927520751953,-0.09525610637799976
UBFC_PHYS_s15_T1_test,116,145,120.83333333333333,-0.41378188133239746,0.4446628555493719
UBFC_PHYS_s15_T1_test,116,146,120.86666666666666,-0.832509458065033,0.9062742894359613
UBFC_PHYS_s15_T1_test,116,147,120.9,-1.2848966121673584,1.2083699431377075
UBFC_PHYS_s15_T1_test,116,148,120.93333333333334,-1.471598505973816,1.3123527953417837
UBFC_PHYS_s15_T1_test,116,149,120.96666666666667,-1.1633317470550537,1.2312393593116326
UBFC_PHYS_s15_T1_test,116,150,121.0,-0.4380176067352295,1.0209370890725715
UBFC_PHYS_s15_T1_test,116,151,121.03333333333333,0.32870006561279297,0.7563036010519691
UBFC_PHYS_s15_T1_test,116,152,121.06666666666666,0.806134045124054,0.501477824518025
UBFC_PHYS_s15_T1_test,116,153,121.1,0.9324687719345093,0.28740947341045525
UBFC_PHYS_s15_T1_test,116,154,121.13333333333334,0.833420991897583,0.10665239341258904
UBFC_PHYS_s15_T1_test,116,155,121.16666666666667,0.6790462136268616,-0.07290239517692748
UBFC_PHYS_s15_T1_test,116,156,121.2,0.5416461229324341,-0.2834422450917178
UBFC_PHYS_s15_T1_test,116,157,121.23333333333333,0.37452584505081177,-0.5347922982109421
UBFC_PHYS_s15_T1_test,116,158,121.26666666666667,0.15655888617038727,-0.8039957965977038
UBFC_PHYS_s15_T1_test,116,159,121.3,-0.042965758591890335,-1.039597809959239
UBFC_PHYS_s15_T1_test,116,160,121.33333333333333,-0.15964481234550476,-1.1775937837028996
UBFC_PHYS_s15_T1_test,116,161,121.36666666666666,-0.13849890232086182,-1.1630083205142443
UBFC_PHYS_s15_T1_test,116,162,121.4,0.0485699400305748,-0.9699297499518555
UBFC_PHYS_s15_T1_test,116,163,121.43333333333334,0.28040245175361633,-0.6135588969052864
UBFC_PHYS_s15_T1_test,116,164,121.46666666666667,0.34808865189552307,-0.150436365071682
UBFC_PHYS_s15_T1_test,116,165,121.5,0.1954905241727829,0.3336457940792746
UBFC_PHYS_s15_T1_test,116,166,121.53333333333333,-0.09182342141866684,0.7454563327464185
UBFC_PHYS_s15_T1_test,116,167,121.56666666666666,-0.4424785375595093,1.0101726674471885
UBFC_PHYS_s15_T1_test,116,168,121.6,-0.6947231292724609,1.0927828958047185
UBFC_PHYS_s15_T1_test,116,169,121.63333333333334,-0.5907895565032959,1.0064838065486845
UBFC_PHYS_s15_T1_test,116,170,121.66666666666667,-0.11407007277011871,0.8039221617151013
UBFC_PHYS_s15_T1_test,116,171,121.7,0.4520801603794098,0.5544075702990492
UBFC_PHYS_s15_T1_test,116,172,121.73333333333333,0.8307753205299377,0.316707163155748
UBFC_PHYS_s15_T1_test,116,173,121.76666666666667,0.9173287153244019,0.11905637154668026
UBFC_PHYS_s15_T1_test,116,174,121.8,0.7557700872421265,-0.045735965097341964
UBFC_PHYS_s15_T1_test,116,175,121.83333333333333,0.4809119701385498,-0.20914553465841984
UBFC_PHYS_s15_T1_test,116,176,121.86666666666666,0.23739610612392426,-0.405158842259839
UBFC_PHYS_s15_T1_test,116,177,121.9,0.12052395194768906,-0.647108950124326
UBFC_PHYS_s15_T1_test,116,178,121.93333333333334,0.1291368007659912,-0.9129894651974306
UBFC_PHYS_s15_T1_test,116,179,121.96666666666667,0.15634647011756897,-1.146086325270449
UBFC_PHYS_s15_T1_test,116,180,122.0,0.11177591979503632,-1.2717037805194513
UBFC_PHYS_s15_T1_test,116,181,122.03333333333333,0.05013415962457657,-1.224038730613018
UBFC_PHYS_s15_T1_test,116,182,122.06666666666666,0.06488801538944244,-0.972805940311054
UBFC_PHYS_s15_T1_test,116,183,122.1,0.0943957269191742,-0.5390995808195577
UBFC_PHYS_s15_T1_test,116,184,122.13333333333334,-0.019599050283432007,0.00569269521377797
UBFC_PHYS_s15_T1_test,116,185,122.16666666666667,-0.30959728360176086,0.5577135012553388
UBFC_PHYS_s15_T1_test,116,186,122.2,-0.6125147938728333,1.009427490243929
UBFC_PHYS_s15_T1_test,116,187,122.23333333333333,-0.7194609045982361,1.2802747605210898
UBFC_PHYS_s15_T1_test,116,188,122.26666666666667,-0.543592631816864,1.3393006627706756
UBFC_PHYS_s15_T1_test,116,189,122.3,-0.1888435333967209,1.2116852371679205
UBFC_PHYS_s15_T1_test,116,190,122.33333333333333,0.14373616874217987,0.9656117615808448
UBFC_PHYS_s15_T1_test,116,191,122.36666666666666,0.3217479884624481,0.6833808189239157
UBFC_PHYS_s15_T1_test,116,192,122.4,0.33511143922805786,0.428952610775045
UBFC_PHYS_s15_T1_test,116,193,122.43333333333334,0.2210780382156372,0.2270966989123274
UBFC_PHYS_s15_T1_test,116,194,122.46666666666667,-0.017358936369419098,0.06322469124415317
UBFC_PHYS_s15_T1_test,116,195,122.5,-0.37631791830062866,-0.09815741799515702
UBFC_PHYS_s15_T1_test,116,196,122.53333333333333,-0.7467285394668579,-0.28735908239187374
UBFC_PHYS_s15_T1_test,116,197,122.56666666666666,-0.965139627456665,-0.5088352170939883
UBFC_PHYS_s15_T1_test,116,198,122.6,-1.020601749420166,-0.7341009196168048
UBFC_PHYS_s15_T1_test,116,199,122.63333333333334,-1.0452237129211426,-0.9091336402638613
UBFC_PHYS_s15_T1_test,116,200,122.66666666666667,-1.0888093709945679,-0.9722404789655328
UBFC_PHYS_s15_T1_test,116,201,122.7,-1.0801578760147095,-0.8761914354849888
UBFC_PHYS_s15_T1_test,116,202,122.73333333333333,-1.0049595832824707,-0.6076021590801501
UBFC_PHYS_s15_T1_test,116,203,122.76666666666667,-0.9497678279876709,-0.1970486186349226
UBFC_PHYS_s15_T1_test,116,204,122.8,-1.0090728998184204,0.28427805827053787
UBFC_PHYS_s15_T1_test,116,205,122.83333333333333,-1.1909663677215576,0.7416055133416469
UBFC_PHYS_s15_T1_test,116,206,122.86666666666666,-1.334604024887085,1.0827993637253475
UBFC_PHYS_s15_T1_test,116,207,122.9,-1.1932450532913208,1.2451129673147858
UBFC_PHYS_s15_T1_test,116,208,122.93333333333334,-0.733809232711792,1.2122020956910666
UBFC_PHYS_s15_T1_test,116,209,122.96666666666667,-0.19996686279773712,1.0143548282350077
UBFC_PHYS_s15_T1_test,116,210,123.0,0.1830347180366516,0.7126065103657836
UBFC_PHYS_s15_T1_test,116,211,123.03333333333333,0.40484464168548584,0.3745981097201361
UBFC_PHYS_s15_T1_test,116,212,123.06666666666666,0.5786659121513367,0.05209009215587166
UBFC_PHYS_s15_T1_test,116,213,123.1,0.7582033276557922,-0.23223882292741002
UBFC_PHYS_s15_T1_test,116,214,123.13333333333334,0.9105504155158997,-0.48487356423757516
UBFC_PHYS_s15_T1_test,116,215,123.16666666666667,0.9879308938980103,-0.7290026367084802
UBFC_PHYS_s15_T1_test,116,216,123.2,0.9847831726074219,-0.9847269532463
UBFC_PHYS_s15_T1_test,116,217,123.23333333333333,0.9052591323852539,-1.250330931720971
UBFC_PHYS_s15_T1_test,116,218,123.26666666666667,0.7401665449142456,-1.4930233331479574
UBFC_PHYS_s15_T1_test,116,219,123.3,0.531507670879364,-1.6540693839151681
UBFC_PHYS_s15_T1_test,116,220,123.33333333333333,0.39014872908592224,-1.6674507111715255
UBFC_PHYS_s15_T1_test,116,221,123.36666666666666,0.39260125160217285,-1.4855732968515045
UBFC_PHYS_s15_T1_test,116,222,123.4,0.4958782494068146,-1.1024205530146858
UBFC_PHYS_s15_T1_test,116,223,123.43333333333334,0.552093505859375,-0.5647433140039985
UBFC_PHYS_s15_T1_test,116,224,123.46666666666667,0.4192315936088562,0.034700350943386735
UBFC_PHYS_s15_T1_test,116,225,123.5,0.1517503708600998,0.5815211010620619
UBFC_PHYS_s15_T1_test,116,226,123.53333333333333,0.05393848940730095,0.9738285648571289
UBFC_PHYS_s15_T1_test,116,227,123.56666666666666,0.31390759348869324,1.1533199266032583
UBFC_PHYS_s15_T1_test,116,228,123.6,0.7593041062355042,1.1212736966593069
UBFC_PHYS_s15_T1_test,116,229,123.63333333333334,1.107873558998108,0.9334408252346642
UBFC_PHYS_s15_T1_test,116,230,123.66666666666667,1.2700693607330322,0.6763891129354613
UBFC_PHYS_s15_T1_test,116,231,123.7,1.285112977027893,0.4354675002440312
UBFC_PHYS_s15_T1_test,116,232,123.73333333333333,1.1742465496063232,0.2678892296072414
UBFC_PHYS_s15_T1_test,116,233,123.76666666666667,0.9765951633453369,0.19117503345513004
UBFC_PHYS_s15_T1_test,116,234,123.8,0.7829411625862122,0.1885292740236789
UBFC_PHYS_s15_T1_test,116,235,123.83333333333333,0.6493067741394043,0.22468688763470684
UBFC_PHYS_s15_T1_test,116,236,123.86666666666666,0.560706377029419,0.2635068835929292
UBFC_PHYS_s15_T1_test,116,237,123.9,0.4612337350845337,0.2809917007692735
UBFC_PHYS_s15_T1_test,116,238,123.93333333333334,0.25968137383461,0.2708802132497728
UBFC_PHYS_s15_T1_test,116,239,123.96666666666667,-0.1020970493555069,0.24295626812487733
UBFC_PHYS_s15_T1_test,117,0,117.0,0.12220403552055359,-0.050575363956458924
UBFC_PHYS_s15_T1_test,117,1,117.03333333333333,-0.33336952328681946,0.15104712702963866
UBFC_PHYS_s15_T1_test,117,2,117.06666666666666,-0.7364162802696228,0.29022188330172827
UBFC_PHYS_s15_T1_test,117,3,117.1,-0.8327218294143677,0.3197266976295657
UBFC_PHYS_s15_T1_test,117,4,117.13333333333334,-0.5391896367073059,0.21930048370190422
UBFC_PHYS_s15_T1_test,117,5,117.16666666666667,0.018309088423848152,-0.0024375722194976994
UBFC_PHYS_s15_T1_test,117,6,117.2,0.496341735124588,-0.3128795741291212
UBFC_PHYS_s15_T1_test,117,7,117.23333333333333,0.6229661107063293,-0.6618575375768317
UBFC_PHYS_s15_T1_test,117,8,117.26666666666667,0.5031779408454895,-0.9870839168981876
UBFC_PHYS_s15_T1_test,117,9,117.3,0.3752596974372864,-1.2209172180828154
UBFC_PHYS_s15_T1_test,117,10,117.33333333333333,0.19674576818943024,-1.3017528636150217
UBFC_PHYS_s15_T1_test,117,11,117.36666666666666,-0.1789175122976303,-1.1897593803235655
UBFC_PHYS_s15_T1_test,117,12,117.4,-0.7015013694763184,-0.8817298017042857
UBFC_PHYS_s15_T1_test,117,13,117.43333333333334,-1.1996756792068481,-0.41770219204098286
UBFC_PHYS_s15_T1_test,117,14,117.46666666666667,-1.577077031135559,0.12517771536114403
UBFC_PHYS_s15_T1_test,117,15,117.5,-1.8324886560440063,0.6506415260469495
UBFC_PHYS_s15_T1_test,117,16,117.53333333333333,-2.008549928665161,1.0677524286335753
UBFC_PHYS_s15_T1_test,117,17,117.56666666666666,-2.1163651943206787,1.314278107301348
UBFC_PHYS_s15_T1_test,117,18,117.6,-2.01092529296875,1.3715137863223712
UBFC_PHYS_s15_T1_test,117,19,117.63333333333334,-1.5209583044052124,1.26536512072037
UBFC_PHYS_s15_T1_test,117,20,117.66666666666667,-0.7625445127487183,1.0527649369274314
UBFC_PHYS_s15_T1_test,117,21,117.7,-0.0732072964310646,0.7980662840157596
UBFC_PHYS_s15_T1_test,117,22,117.73333333333333,0.36753514409065247,0.5490035760961696
UBFC_PHYS_s15_T1_test,117,23,117.76666666666667,0.5655728578567505,0.3227285104450211
UBFC_PHYS_s15_T1_test,117,24,117.8,0.537243127822876,0.10758548909973209
UBFC_PHYS_s15_T1_test,117,25,117.83333333333333,0.4068530201911926,-0.12158797060962176
UBFC_PHYS_s15_T1_test,117,26,117.86666666666666,0.3848381042480469,-0.38312649484217715
UBFC_PHYS_s15_T1_test,117,27,117.9,0.5119838714599609,-0.672969278642658
UBFC_PHYS_s15_T1_test,117,28,117.93333333333334,0.67097407579422,-0.9597716401695295
UBFC_PHYS_s15_T1_test,117,29,117.96666666666667,0.8019821047782898,-1.191151667819224
UBFC_PHYS_s15_T1_test,117,30,118.0,0.8872223496437073,-1.308134686839663
UBFC_PHYS_s15_T1_test,117,31,118.03333333333333,0.8392530083656311,-1.2634706744558695
UBFC_PHYS_s15_T1_test,117,32,118.06666666666666,0.603268563747406,-1.0386699306383957
UBFC_PHYS_s15_T1_test,117,33,118.1,0.23639191687107086,-0.6543036154912124
UBFC_PHYS_s15_T1_test,117,34,118.13333333333334,-0.13413454592227936,-0.16919306834632164
UBFC_PHYS_s15_T1_test,117,35,118.16666666666667,-0.4094368517398834,0.3328109353172296
UBFC_PHYS_s15_T1_test,117,36,118.2,-0.6361518502235413,0.7650833293585892
UBFC_PHYS_s15_T1_test,117,37,118.23333333333333,-0.9413480758666992,1.0617845391640066
UBFC_PHYS_s15_T1_test,117,38,118.26666666666667,-1.258111834526062,1.193522550912634
UBFC_PHYS_s15_T1_test,117,39,118.3,-1.3072011470794678,1.169265076506874
UBFC_PHYS_s15_T1_test,117,40,118.33333333333333,-0.9656996726989746,1.0257505062324455
UBFC_PHYS_s15_T1_test,117,41,118.36666666666666,-0.39058899879455566,0.8110747856027766
UBFC_PHYS_s15_T1_test,117,42,118.4,0.15684856474399567,0.568987719878795
UBFC_PHYS_s15_T1_test,117,43,118.43333333333334,0.4798305332660675,0.3275841719717618
UBFC_PHYS_s15_T1_test,117,44,118.46666666666667,0.5309283137321472,0.0946243471350781
UBFC_PHYS_s15_T1_test,117,45,118.5,0.4266471266746521,-0.13888024963335666
UBFC_PHYS_s15_T1_test,117,46,118.53333333333333,0.32147765159606934,-0.3871757591437944
UBFC_PHYS_s15_T1_test,117,47,118.56666666666666,0.2413163185119629,-0.6543254322699233
UBFC_PHYS_s15_T1_test,117,48,118.6,0.1206977516412735,-0.9220568713833722
UBFC_PHYS_s15_T1_test,117,49,118.63333333333334,-0.047137003391981125,-1.1479825371257708
UBFC_PHYS_s15_T1_test,117,50,118.66666666666667,-0.17866645753383636,-1.2764297545814716
UBFC_PHYS_s15_T1_test,117,51,118.7,-0.2071506679058075,-1.257629810310768
UBFC_PHYS_s15_T1_test,117,52,118.73333333333333,-0.13959965109825134,-1.0670807535982803
UBFC_PHYS_s15_T1_test,117,53,118.76666666666667,-0.02707253396511078,-0.7172177949157057
UBFC_PHYS_s15_T1_test,117,54,118.8,0.046889856457710266,-0.25727385765014615
UBFC_PHYS_s15_T1_test,117,55,118.83333333333333,0.018888428807258606,0.23814020302882408
UBFC_PHYS_s15_T1_test,117,56,118.86666666666666,-0.10242533683776855,0.6878965978783178
UBFC_PHYS_s15_T1_test,117,57,118.9,-0.29712215065956116,1.0250490998881931
UBFC_PHYS_s15_T1_test,117,58,118.93333333333334,-0.5572457313537598,1.213041105166776
UBFC_PHYS_s15_T1_test,117,59,118.96666666666667,-0.7829565405845642,1.251709636232812
UBFC_PHYS_s15_T1_test,117,60,119.0,-0.8035810589790344,1.1701558592522903
UBFC_PHYS_s15_T1_test,117,61,119.03333333333333,-0.571362316608429,1.0091491622347957
UBFC_PHYS_s15_T1_test,117,62,119.06666666666666,-0.21611113846302032,0.8021474005701755
UBFC_PHYS_s15_T1_test,117,63,119.1,0.14624664187431335,0.5652681692963618
UBFC_PHYS_s15_T1_test,117,64,119.13333333333334,0.44435563683509827,0.29982715761219625
UBFC_PHYS_s15_T1_test,117,65,119.16666666666667,0.5971661806106567,0.0027917712584744525
UBFC_PHYS_s15_T1_test,117,66,119.2,0.5631396174430847,-0.3220707911993622
UBFC_PHYS_s15_T1_test,117,67,119.23333333333333,0.4463833272457123,-0.657032407987332
UBFC_PHYS_s15_T1_test,117,68,119.26666666666667,0.4168562889099121,-0.9685888612961915
UBFC_PHYS_s15_T1_test,117,69,119.3,0.4842914640903473,-1.2107801819918451
UBFC_PHYS_s15_T1_test,117,70,119.33333333333333,0.4933677613735199,-1.333573028564523
UBFC_PHYS_s15_T1_test,117,71,119.36666666666666,0.3399006426334381,-1.2958481881722845
UBFC_PHYS_s15_T1_test,117,72,119.4,0.06977377831935883,-1.0801422717572002
UBFC_PHYS_s15_T1_test,117,73,119.43333333333334,-0.21053016185760498,-0.7037127131406723
UBFC_PHYS_s15_T1_test,117,74,119.46666666666667,-0.40636634826660156,-0.22039688963176154
UBFC_PHYS_s15_T1_test,117,75,119.5,-0.41976839303970337,0.28928460501518855
UBFC_PHYS_s15_T1_test,117,76,119.53333333333333,-0.23891781270503998,0.7375821813309361
UBFC_PHYS_s15_T1_test,117,77,119.56666666666666,-0.044298239052295685,1.0521916572512209
UBFC_PHYS_s15_T1_test,117,78,119.6,0.1103275716304779,1.194364014683733
UBFC_PHYS_s15_T1_test,117,79,119.63333333333334,0.4197143614292145,1.1664108652605083
UBFC_PHYS_s15_T1_test,117,80,119.66666666666667,0.8831669688224792,1.006513393781996
UBFC_PHYS_s15_T1_test,117,81,119.7,1.1539504528045654,0.7729220979290794
UBFC_PHYS_s15_T1_test,117,82,119.73333333333333,1.0623760223388672,0.5226256625863015
UBFC_PHYS_s15_T1_test,117,83,119.76666666666667,0.821583092212677,0.2917015093654134
UBFC_PHYS_s15_T1_test,117,84,119.8,0.6152802109718323,0.08557901690126028
UBFC_PHYS_s15_T1_test,117,85,119.83333333333333,0.40183207392692566,-0.11541706403798868
UBFC_PHYS_s15_T1_test,117,86,119.86666666666666,0.16426411271095276,-0.3374628160821883
UBFC_PHYS_s15_T1_test,117,87,119.9,0.021862372756004333,-0.5911687683793164
UBFC_PHYS_s15_T1_test,117,88,119.93333333333334,0.06320792436599731,-0.8573532192946663
UBFC_PHYS_s15_T1_test,117,89,119.96666666666667,0.19811686873435974,-1.087551216555498
UBFC_PHYS_s15_T1_test,117,90,120.0,0.25979724526405334,-1.218812993623625
UBFC_PHYS_s15_T1_test,117,91,120.03333333333333,0.18737977743148804,-1.1962079898786186
UBFC_PHYS_s15_T1_test,117,92,120.06666666666666,0.022152043879032135,-0.9942342359277447
UBFC_PHYS_s15_T1_test,117,93,120.1,-0.21265439689159393,-0.6295706946369535
UBFC_PHYS_s15_T1_test,117,94,120.13333333333334,-0.4803287386894226,-0.16058739286491358
UBFC_PHYS_s15_T1_test,117,95,120.16666666666667,-0.7133971452713013,0.327017913564814
UBFC_PHYS_s15_T1_test,117,96,120.2,-0.9038068652153015,0.7445515604956843
UBFC_PHYS_s15_T1_test,117,97,120.23333333333333,-1.0239619016647339,1.0265280751678256
UBFC_PHYS_s15_T1_test,117,98,120.26666666666667,-0.8657249212265015,1.148544612443166
UBFC_PHYS_s15_T1_test,117,99,120.3,-0.29891809821128845,1.128950688690093
UBFC_PHYS_s15_T1_test,117,100,120.33333333333333,0.41940540075302124,1.0136003713688988
UBFC_PHYS_s15_T1_test,117,101,120.36666666666666,0.9186418652534485,0.8514030440506788
UBFC_PHYS_s15_T1_test,117,102,120.4,1.0701779127120972,0.6730667172790645
UBFC_PHYS_s15_T1_test,117,103,120.43333333333334,0.9672871232032776,0.4830431080465761
UBFC_PHYS_s15_T1_test,117,104,120.46666666666667,0.7444536685943604,0.26629860759044605
UBFC_PHYS_s15_T1_test,117,105,120.5,0.5147067904472351,0.0037200130217057963
UBFC_PHYS_s15_T1_test,117,106,120.53333333333333,0.35917335748672485,-0.3118389648938822
UBFC_PHYS_s15_T1_test,117,107,120.56666666666666,0.28372398018836975,-0.6644279152488989
UBFC_PHYS_s15_T1_test,117,108,120.6,0.2581751048564911,-1.0118217837783754
UBFC_PHYS_s15_T1_test,117,109,120.63333333333334,0.28918910026550293,-1.2916323085863843
UBFC_PHYS_s15_T1_test,117,110,120.66666666666667,0.3659130036830902,-1.4361533865855163
UBFC_PHYS_s15_T1_test,117,111,120.7,0.36824968457221985,-1.3926107131902026
UBFC_PHYS_s15_T1_test,117,112,120.73333333333333,0.21265830099582672,-1.1424358986645098
UBFC_PHYS_s15_T1_test,117,113,120.76666666666667,0.004945649299770594,-0.7121143612570703
UBFC_PHYS_s15_T1_test,117,114,120.8,-0.16624927520751953,-0.17067094533822563
UBFC_PHYS_s15_T1_test,117,115,120.83333333333333,-0.41378188133239746,0.3862756518485804
UBFC_PHYS_s15_T1_test,117,116,120.86666666666666,-0.832509458065033,0.8611722111707718
UBFC_PHYS_s15_T1_test,117,117,120.9,-1.2848966121673584,1.1801047839004544
UBFC_PHYS_s15_T1_test,117,118,120.93333333333334,-1.471598505973816,1.31092679103514
UBFC_PHYS_s15_T1_test,117,119,120.96666666666667,-1.1633317470550537,1.267781198389256
UBFC_PHYS_s15_T1_test,117,120,121.0,-0.4380176067352295,1.1003570489396242
UBFC_PHYS_s15_T1_test,117,121,121.03333333333333,0.32870006561279297,0.8717830438509835
UBFC_PHYS_s15_T1_test,117,122,121.06666666666666,0.806134045124054,0.6337891276404705
UBFC_PHYS_s15_T1_test,117,123,121.1,0.9324687719345093,0.4094593739746577
UBFC_PHYS_s15_T1_test,117,124,121.13333333333334,0.833420991897583,0.19111309402894522
UBFC_PHYS_s15_T1_test,117,125,121.16666666666667,0.6790462136268616,-0.046081135805991616
UBFC_PHYS_s15_T1_test,117,126,121.2,0.5416461229324341,-0.32230994070633673
UBFC_PHYS_s15_T1_test,117,127,121.23333333333333,0.37452584505081177,-0.634654220320396
UBFC_PHYS_s15_T1_test,117,128,121.26666666666667,0.15655888617038727,-0.9502842536682065
UBFC_PHYS_s15_T1_test,117,129,121.3,-0.042965758591890335,-1.2128673247749042
UBFC_PHYS_s15_T1_test,117,130,121.33333333333333,-0.15964481234550476,-1.358588301701341
UBFC_PHYS_s15_T1_test,117,131,121.36666666666666,-0.13849890232086182,-1.3360023236445728
UBFC_PHYS_s15_T1_test,117,132,121.4,0.0485699400305748,-1.1237378422953115
UBFC_PHYS_s15_T1_test,117,133,121.43333333333334,0.28040245175361633,-0.7408734895012923
UBFC_PHYS_s15_T1_test,117,134,121.46666666666667,0.34808865189552307,-0.24628007064400892
UBFC_PHYS_s15_T1_test,117,135,121.5,0.1954905241727829,0.2742208297467006
UBFC_PHYS_s15_T1_test,117,136,121.53333333333333,-0.09182342141866684,0.7301598021866682
UBFC_PHYS_s15_T1_test,117,137,121.56666666666666,-0.4424785375595093,1.0512792982401298
UBFC_PHYS_s15_T1_test,117,138,121.6,-0.6947231292724609,1.2056238521849862
UBFC_PHYS_s15_T1_test,117,139,121.63333333333334,-0.5907895565032959,1.2033341767060288
UBFC_PHYS_s15_T1_test,117,140,121.66666666666667,-0.11407007277011871,1.0849807251707944
UBFC_PHYS_s15_T1_test,117,141,121.7,0.4520801603794098,0.9005610125349263
UBFC_PHYS_s15_T1_test,117,142,121.73333333333333,0.8307753205299377,0.6890736743218193
UBFC_PHYS_s15_T1_test,117,143,121.76666666666667,0.9173287153244019,0.46715929861447364
UBFC_PHYS_s15_T1_test,117,144,121.8,0.7557700872421265,0.23000481233346817
UBFC_PHYS_s15_T1_test,117,145,121.83333333333333,0.4809119701385498,-0.037757910500174456
UBFC_PHYS_s15_T1_test,117,146,121.86666666666666,0.23739610612392426,-0.34622180603128366
UBFC_PHYS_s15_T1_test,117,147,121.9,0.12052395194768906,-0.6853540776807979
UBFC_PHYS_s15_T1_test,117,148,121.93333333333334,0.1291368007659912,-1.017280760178863
UBFC_PHYS_s15_T1_test,117,149,121.96666666666667,0.15634647011756897,-1.2803895553847804
UBFC_PHYS_s15_T1_test,117,150,122.0,0.11177591979503632,-1.4056507091687633
UBFC_PHYS_s15_T1_test,117,151,122.03333333333333,0.05013415962457657,-1.3400479823801557
UBFC_PHYS_s15_T1_test,117,152,122.06666666666666,0.06488801538944244,-1.0681551987669256
UBFC_PHYS_s15_T1_test,117,153,122.1,0.0943957269191742,-0.6229026559984565
UBFC_PHYS_s15_T1_test,117,154,122.13333333333334,-0.019599050283432007,-0.0807425029392116
UBFC_PHYS_s15_T1_test,117,155,122.16666666666667,-0.30959728360176086,0.4575742286974536
UBFC_PHYS_s15_T1_test,117,156,122.2,-0.6125147938728333,0.8944282359209041
UBFC_PHYS_s15_T1_test,117,157,122.23333333333333,-0.7194609045982361,1.1621541886018238
UBFC_PHYS_s15_T1_test,117,158,122.26666666666667,-0.543592631816864,1.2403665083703874
UBFC_PHYS_s15_T1_test,117,159,122.3,-0.1888435333967209,1.1573602287014642
UBFC_PHYS_s15_T1_test,117,160,122.33333333333333,0.14373616874217987,0.9740563897830726
UBFC_PHYS_s15_T1_test,117,161,122.36666666666666,0.3217479884624481,0.7560698534639448
UBFC_PHYS_s15_T1_test,117,162,122.4,0.33511143922805786,0.5463867067834959
UBFC_PHYS_s15_T1_test,117,163,122.43333333333334,0.2210780382156372,0.3521308892349566
UBFC_PHYS_s15_T1_test,117,164,122.46666666666667,-0.017358936369419098,0.15116118547155694
UBFC_PHYS_s15_T1_test,117,165,122.5,-0.37631791830062866,-0.08679926640189282
UBFC_PHYS_s15_T1_test,117,166,122.53333333333333,-0.7467285394668579,-0.3765003167399934
UBFC_PHYS_s15_T1_test,117,167,122.56666666666666,-0.965139627456665,-0.7023266121477744
UBFC_PHYS_s15_T1_test,117,168,122.6,-1.020601749420166,-1.0174486242040366
UBFC_PHYS_s15_T1_test,117,169,122.63333333333334,-1.0452237129211426,-1.2554078230946761
UBFC_PHYS_s15_T1_test,117,170,122.66666666666667,-1.0888093709945679,-1.34926991409609
UBFC_PHYS_s15_T1_test,117,171,122.7,-1.0801578760147095,-1.2527608573733882
UBFC_PHYS_s15_T1_test,117,172,122.73333333333333,-1.0049595832824707,-0.9574570375822825
UBFC_PHYS_s15_T1_test,117,173,122.76666666666667,-0.9497678279876709,-0.5003231833606272
UBFC_PHYS_s15_T1_test,117,174,122.8,-1.0090728998184204,0.042093103738818395
UBFC_PHYS_s15_T1_test,117,175,122.83333333333333,-1.1909663677215576,0.5724342216390971
UBFC_PHYS_s15_T1_test,117,176,122.86666666666666,-1.334604024887085,0.9988305697003563
UBFC_PHYS_s15_T1_test,117,177,122.9,-1.1932450532913208,1.2594566432742187
UBFC_PHYS_s15_T1_test,117,178,122.93333333333334,-0.733809232711792,1.3358961383382482
UBFC_PHYS_s15_T1_test,117,179,122.96666666666667,-0.19996686279773712,1.2506210946669825
UBFC_PHYS_s15_T1_test,117,180,123.0,0.1830347180366516,1.0517653197001227
UBFC_PHYS_s15_T1_test,117,181,123.03333333333333,0.40484464168548584,0.7935372762523523
UBFC_PHYS_s15_T1_test,117,182,123.06666666666666,0.5786659121513367,0.5194495567765406
UBFC_PHYS_s15_T1_test,117,183,123.1,0.7582033276557922,0.25197389334308085
UBFC_PHYS_s15_T1_test,117,184,123.13333333333334,0.9105504155158997,-0.009139021431867051
UBFC_PHYS_s15_T1_test,117,185,123.16666666666667,0.9879308938980103,-0.27850326875613857
UBFC_PHYS_s15_T1_test,117,186,123.2,0.9847831726074219,-0.5687423250592782
UBFC_PHYS_s15_T1_test,117,187,123.23333333333333,0.9052591323852539,-0.8728898446302634
UBFC_PHYS_s15_T1_test,117,188,123.26666666666667,0.7401665449142456,-1.1547866798617754
UBFC_PHYS_s15_T1_test,117,189,123.3,0.531507670879364,-1.3541793907491635
UBFC_PHYS_s15_T1_test,117,190,123.33333333333333,0.39014872908592224,-1.4059621548610342
UBFC_PHYS_s15_T1_test,117,191,123.36666666666666,0.39260125160217285,-1.265630864589227
UBFC_PHYS_s15_T1_test,117,192,123.4,0.4958782494068146,-0.9302009612335529
UBFC_PHYS_s15_T1_test,117,193,123.43333333333334,0.552093505859375,-0.4459936506360168
UBFC_PHYS_s15_T1_test,117,194,123.46666666666667,0.4192315936088562,0.10024902875199483
UBFC_PHYS_s15_T1_test,117,195,123.5,0.1517503708600998,0.6045293612294707
UBFC_PHYS_s15_T1_test,117,196,123.53333333333333,0.05393848940730095,0.9755450212204171
UBFC_PHYS_s15_T1_test,117,197,123.56666666666666,0.31390759348869324,1.161023214424022
UBFC_PHYS_s15_T1_test,117,198,123.6,0.7593041062355042,1.1604345294064564
UBFC_PHYS_s15_T1_test,117,199,123.63333333333334,1.107873558998108,1.0185997251673824
UBFC_PHYS_s15_T1_test,117,200,123.66666666666667,1.2700693607330322,0.8025605124500746
UBFC_PHYS_s15_T1_test,117,201,123.7,1.285112977027893,0.5720097962354012
UBFC_PHYS_s15_T1_test,117,202,123.73333333333333,1.1742465496063232,0.35726130547326124
UBFC_PHYS_s15_T1_test,117,203,123.76666666666667,0.9765951633453369,0.15486281630202167
UBFC_PHYS_s15_T1_test,117,204,123.8,0.7829411625862122,-0.05931765551261252
UBFC_PHYS_s15_T1_test,117,205,123.83333333333333,0.6493067741394043,-0.30877069159200465
UBFC_PHYS_s15_T1_test,117,206,123.86666666666666,0.560706377029419,-0.5975218944490466
UBFC_PHYS_s15_T1_test,117,207,123.9,0.4612337350845337,-0.9004886685283888
UBFC_PHYS_s15_T1_test,117,208,123.93333333333334,0.25968137383461,-1.1652214581433535
UBFC_PHYS_s15_T1_test,117,209,123.96666666666667,-0.1020970493555069,-1.3242060967283527
UBFC_PHYS_s15_T1_test,117,210,124.0,-0.5333189964294434,-1.3147774070704994
UBFC_PHYS_s15_T1_test,117,211,124.03333333333333,-0.8623840808868408,-1.101442496763398
UBFC_PHYS_s15_T1_test,117,212,124.06666666666666,-1.0406662225723267,-0.6931086624530728
UBFC_PHYS_s15_T1_test,117,213,124.1,-1.1233187913894653,-0.1475179449582498
UBFC_PHYS_s15_T1_test,117,214,124.13333333333334,-1.148346185684204,0.4410190815657862
UBFC_PHYS_s15_T1_test,117,215,124.16666666666667,-1.0759673118591309,0.9676202960121355
UBFC_PHYS_s15_T1_test,117,216,124.2,-0.7673723101615906,1.346867673112582
UBFC_PHYS_s15_T1_test,117,217,124.23333333333333,-0.09423733502626419,1.5348786545838125
UBFC_PHYS_s15_T1_test,117,218,124.26666666666667,0.8845187425613403,1.5355068647397787
UBFC_PHYS_s15_T1_test,117,219,124.3,1.9266738891601562,1.3904276543950211
UBFC_PHYS_s15_T1_test,117,220,124.33333333333333,2.793926477432251,1.1593370406355599
UBFC_PHYS_s15_T1_test,117,221,124.36666666666666,3.36409330368042,0.8986438680364822
UBFC_PHYS_s15_T1_test,117,222,124.4,3.6579151153564453,0.6449469562432861
UBFC_PHYS_s15_T1_test,117,223,124.43333333333334,3.7313754558563232,0.4069231750177645
UBFC_PHYS_s15_T1_test,117,224,124.46666666666667,3.562072992324829,0.16837110234332134
UBFC_PHYS_s15_T1_test,117,225,124.5,3.1356403827667236,-0.09697733664139332
UBFC_PHYS_s15_T1_test,117,226,124.53333333333333,2.5449647903442383,-0.4039661123860965
UBFC_PHYS_s15_T1_test,117,227,124.56666666666666,1.9363296031951904,-0.7379273318966526
UBFC_PHYS_s15_T1_test,117,228,124.6,1.3850491046905518,-1.0493742892368099
UBFC_PHYS_s15_T1_test,117,229,124.63333333333334,0.815268337726593,-1.265106645098637
UBFC_PHYS_s15_T1_test,117,230,124.66666666666667,0.045634619891643524,-1.3123199461578212
UBFC_PHYS_s15_T1_test,117,231,124.7,-0.9016633033752441,-1.1471951847804756
UBFC_PHYS_s15_T1_test,117,232,124.73333333333333,-1.7143999338150024,-0.7778238119736008
UBFC_PHYS_s15_T1_test,117,233,124.76666666666667,-2.207534074783325,-0.2726788980147967
UBFC_PHYS_s15_T1_test,117,234,124.8,-2.565295696258545,0.2506971349482621
UBFC_PHYS_s15_T1_test,117,235,124.83333333333333,-2.9474282264709473,0.6562015677654633
UBFC_PHYS_s15_T1_test,117,236,124.86666666666666,-3.237272024154663,0.8305610033758586
UBFC_PHYS_s15_T1_test,117,237,124.9,-3.265775442123413,0.7213478950792771
UBFC_PHYS_s15_T1_test,117,238,124.93333333333334,-3.0314130783081055,0.3570641118458514
UBFC_PHYS_s15_T1_test,117,239,124.96666666666667,-2.680082082748413,-0.1589516459734024
UBFC_PHYS_s15_T1_test,118,0,118.0,0.8872223496437073,0.1326539870434591
UBFC_PHYS_s15_T1_test,118,1,118.03333333333333,0.8392530083656311,0.6851222511183498
UBFC_PHYS_s15_T1_test,118,2,118.06666666666666,0.603268563747406,1.205871797252304
UBFC_PHYS_s15_T1_test,118,3,118.1,0.23639191687107086,1.660587226784076
UBFC_PHYS_s15_T1_test,118,4,118.13333333333334,-0.13413454592227936,2.008574247262574
UBFC_PHYS_s15_T1_test,118,5,118.16666666666667,-0.4094368517398834,2.210134319333301
UBFC_PHYS_s15_T1_test,118,6,118.2,-0.6361518502235413,2.238585455931887
UBFC_PHYS_s15_T1_test,118,7,118.23333333333333,-0.9413480758666992,2.0915316337538683
UBFC_PHYS_s15_T1_test,118,8,118.26666666666667,-1.258111834526062,1.7955066816603698
UBFC_PHYS_s15_T1_test,118,9,118.3,-1.3072011470794678,1.4005870675583671
UBFC_PHYS_s15_T1_test,118,10,118.33333333333333,-0.9656996726989746,0.9666393188017425
UBFC_PHYS_s15_T1_test,118,11,118.36666666666666,-0.39058899879455566,0.547088780898934
UBFC_PHYS_s15_T1_test,118,12,118.4,0.15684856474399567,0.17647809154845673
UBFC_PHYS_s15_T1_test,118,13,118.43333333333334,0.4798305332660675,-0.13447326677638624
UBFC_PHYS_s15_T1_test,118,14,118.46666666666667,0.5309283137321472,-0.3956401730663182
UBFC_PHYS_s15_T1_test,118,15,118.5,0.4266471266746521,-0.627777711970265
UBFC_PHYS_s15_T1_test,118,16,118.53333333333333,0.32147765159606934,-0.8495522826678863
UBFC_PHYS_s15_T1_test,118,17,118.56666666666666,0.2413163185119629,-1.0655308012485056
UBFC_PHYS_s15_T1_test,118,18,118.6,0.1206977516412735,-1.2596428673735374
UBFC_PHYS_s15_T1_test,118,19,118.63333333333334,-0.047137003391981125,-1.3973324702746588
UBFC_PHYS_s15_T1_test,118,20,118.66666666666667,-0.17866645753383636,-1.4363371233281625
UBFC_PHYS_s15_T1_test,118,21,118.7,-0.2071506679058075,-1.342178459024171
UBFC_PHYS_s15_T1_test,118,22,118.73333333333333,-0.13959965109825134,-1.1021863518330575
UBFC_PHYS_s15_T1_test,118,23,118.76666666666667,-0.02707253396511078,-0.7327685021184135
UBFC_PHYS_s15_T1_test,118,24,118.8,0.046889856457710266,-0.27823762023866505
UBFC_PHYS_s15_T1_test,118,25,118.83333333333333,0.018888428807258606,0.1973120586761078
UBFC_PHYS_s15_T1_test,118,26,118.86666666666666,-0.10242533683776855,0.6229953513974735
UBFC_PHYS_s15_T1_test,118,27,118.9,-0.29712215065956116,0.9369325295979514
UBFC_PHYS_s15_T1_test,118,28,118.93333333333334,-0.5572457313537598,1.1011931010163183
UBFC_PHYS_s15_T1_test,118,29,118.96666666666667,-0.7829565405845642,1.110462426984893
UBFC_PHYS_s15_T1_test,118,30,119.0,-0.8035810589790344,0.9898703411368955
UBFC_PHYS_s15_T1_test,118,31,119.03333333333333,-0.571362316608429,0.782008260758767
UBFC_PHYS_s15_T1_test,118,32,119.06666666666666,-0.21611113846302032,0.5294726215901217
UBFC_PHYS_s15_T1_test,118,33,119.1,0.14624664187431335,0.26206062522482976
UBFC_PHYS_s15_T1_test,118,34,119.13333333333334,0.44435563683509827,-0.006059400494840894
UBFC_PHYS_s15_T1_test,118,35,119.16666666666667,0.5971661806106567,-0.2705024934725986
UBFC_PHYS_s15_T1_test,118,36,119.2,0.5631396174430847,-0.527414560733969
UBFC_PHYS_s15_T1_test,118,37,119.23333333333333,0.4463833272457123,-0.7659568926272413
UBFC_PHYS_s15_T1_test,118,38,119.26666666666667,0.4168562889099121,-0.9651025338843142
UBFC_PHYS_s15_T1_test,118,39,119.3,0.4842914640903473,-1.0949051393702685
UBFC_PHYS_s15_T1_test,118,40,119.33333333333333,0.4933677613735199,-1.1217044728225858
UBFC_PHYS_s15_T1_test,118,41,119.36666666666666,0.3399006426334381,-1.0168363152891466
UBFC_PHYS_s15_T1_test,118,42,119.4,0.06977377831935883,-0.7676877340775948
UBFC_PHYS_s15_T1_test,118,43,119.43333333333334,-0.21053016185760498,-0.38809800009357226
UBFC_PHYS_s15_T1_test,118,44,119.46666666666667,-0.40636634826660156,0.07667296759710225
UBFC_PHYS_s15_T1_test,118,45,119.5,-0.41976839303970337,0.5548207096537187
UBFC_PHYS_s15_T1_test,118,46,119.53333333333333,-0.23891781270503998,0.9635705030935052
UBFC_PHYS_s15_T1_test,118,47,119.56666666666666,-0.044298239052295685,1.2311740599670158
UBFC_PHYS_s15_T1_test,118,48,119.6,0.1103275716304779,1.317277425509597
UBFC_PHYS_s15_T1_test,118,49,119.63333333333334,0.4197143614292145,1.2235219010783425
UBFC_PHYS_s15_T1_test,118,50,119.66666666666667,0.8831669688224792,0.9902244703041378
UBFC_PHYS_s15_T1_test,118,51,119.7,1.1539504528045654,0.680725319271991
UBFC_PHYS_s15_T1_test,118,52,119.73333333333333,1.0623760223388672,0.3595541988160356
UBFC_PHYS_s15_T1_test,118,53,119.76666666666667,0.821583092212677,0.07260934956587131
UBFC_PHYS_s15_T1_test,118,54,119.8,0.6152802109718323,-0.16324527492811153
UBFC_PHYS_s15_T1_test,118,55,119.83333333333333,0.40183207392692566,-0.35745810395543126
UBFC_PHYS_s15_T1_test,118,56,119.86666666666666,0.16426411271095276,-0.5318739322879761
UBFC_PHYS_s15_T1_test,118,57,119.9,0.021862372756004333,-0.7024943340214217
UBFC_PHYS_s15_T1_test,118,58,119.93333333333334,0.06320792436599731,-0.865466584870871
UBFC_PHYS_s15_T1_test,118,59,119.96666666666667,0.19811686873435974,-0.9935632068840171
UBFC_PHYS_s15_T1_test,118,60,120.0,0.25979724526405334,-1.0444038387306387
UBFC_PHYS_s15_T1_test,118,61,120.03333333333333,0.18737977743148804,-0.9766789627795603
UBFC_PHYS_s15_T1_test,118,62,120.06666666666666,0.022152043879032135,-0.7679811709765746
UBFC_PHYS_s15_T1_test,118,63,120.1,-0.21265439689159393,-0.4277551855237491
UBFC_PHYS_s15_T1_test,118,64,120.13333333333334,-0.4803287386894226,-0.0005369090580121692
UBFC_PHYS_s15_T1_test,118,65,120.16666666666667,-0.7133971452713013,0.44244632252912597
UBFC_PHYS_s15_T1_test,118,66,120.2,-0.9038068652153015,0.8215422977620614
UBFC_PHYS_s15_T1_test,118,67,120.23333333333333,-1.0239619016647339,1.0713320729719755
UBFC_PHYS_s15_T1_test,118,68,120.26666666666667,-0.8657249212265015,1.1597209199163026
UBFC_PHYS_s15_T1_test,118,69,120.3,-0.29891809821128845,1.0957336449902622
UBFC_PHYS_s15_T1_test,118,70,120.33333333333333,0.41940540075302124,0.9220607033321907
UBFC_PHYS_s15_T1_test,118,71,120.36666666666666,0.9186418652534485,0.6949861500850609
UBFC_PHYS_s15_T1_test,118,72,120.4,1.0701779127120972,0.46092148560317825
UBFC_PHYS_s15_T1_test,118,73,120.43333333333334,0.9672871232032776,0.2407887770818813
UBFC_PHYS_s15_T1_test,118,74,120.46666666666667,0.7444536685943604,0.028779468568561624
UBFC_PHYS_s15_T1_test,118,75,120.5,0.5147067904472351,-0.19574880308280598
UBFC_PHYS_s15_T1_test,118,76,120.53333333333333,0.35917335748672485,-0.45006585737743066
UBFC_PHYS_s15_T1_test,118,77,120.56666666666666,0.28372398018836975,-0.7318344617555874
UBFC_PHYS_s15_T1_test,118,78,120.6,0.2581751048564911,-1.0111790929910653
UBFC_PHYS_s15_T1_test,118,79,120.63333333333334,0.28918910026550293,-1.2339415191676883
UBFC_PHYS_s15_T1_test,118,80,120.66666666666667,0.3659130036830902,-1.335630590444579
UBFC_PHYS_s15_T1_test,118,81,120.7,0.36824968457221985,-1.2623602582316604
UBFC_PHYS_s15_T1_test,118,82,120.73333333333333,0.21265830099582672,-0.9920967571575652
UBFC_PHYS_s15_T1_test,118,83,120.76666666666667,0.004945649299770594,-0.5483188585216096
UBFC_PHYS_s15_T1_test,118,84,120.8,-0.16624927520751953,-8.731804385201389e-05
UBFC_PHYS_s15_T1_test,118,85,120.83333333333333,-0.41378188133239746,0.5530171025161573
UBFC_PHYS_s15_T1_test,118,86,120.86666666666666,-0.832509458065033,1.007261603686244
UBFC_PHYS_s15_T1_test,118,87,120.9,-1.2848966121673584,1.2840720275732576
UBFC_PHYS_s15_T1_test,118,88,120.93333333333334,-1.471598505973816,1.3518993357922615
UBFC_PHYS_s15_T1_test,118,89,120.96666666666667,-1.1633317470550537,1.2321970601250076
UBFC_PHYS_s15_T1_test,118,90,121.0,-0.4380176067352295,0.9869710455061141
UBFC_PHYS_s15_T1_test,118,91,121.03333333333333,0.32870006561279297,0.6928699287950595
UBFC_PHYS_s15_T1_test,118,92,121.06666666666666,0.806134045124054,0.41250116038237444
UBFC_PHYS_s15_T1_test,118,93,121.1,0.9324687719345093,0.17486314308288176
UBFC_PHYS_s15_T1_test,118,94,121.13333333333334,0.833420991897583,-0.027363973685047116
UBFC_PHYS_s15_T1_test,118,95,121.16666666666667,0.6790462136268616,-0.2236689510714819
UBFC_PHYS_s15_T1_test,118,96,121.2,0.5416461229324341,-0.4424473496869756
UBFC_PHYS_s15_T1_test,118,97,121.23333333333333,0.37452584505081177,-0.6900305908250627
UBFC_PHYS_s15_T1_test,118,98,121.26666666666667,0.15655888617038727,-0.9410959725045281
UBFC_PHYS_s15_T1_test,118,99,121.3,-0.042965758591890335,-1.143573944803432
UBFC_PHYS_s15_T1_test,118,100,121.33333333333333,-0.15964481234550476,-1.235270448005076
UBFC_PHYS_s15_T1_test,118,101,121.36666666666666,-0.13849890232086182,-1.1656440193637938
UBFC_PHYS_s15_T1_test,118,102,121.4,0.0485699400305748,-0.9150787680015883
UBFC_PHYS_s15_T1_test,118,103,121.43333333333334,0.28040245175361633,-0.5054066300175182
UBFC_PHYS_s15_T1_test,118,104,121.46666666666667,0.34808865189552307,0.0014833707289727987
UBFC_PHYS_s15_T1_test,118,105,121.5,0.1954905241727829,0.5167475299840716
UBFC_PHYS_s15_T1_test,118,106,121.53333333333333,-0.09182342141866684,0.946429573703567
UBFC_PHYS_s15_T1_test,118,107,121.56666666666666,-0.4424785375595093,1.2164905049336934
UBFC_PHYS_s15_T1_test,118,108,121.6,-0.6947231292724609,1.2931604788551985
UBFC_PHYS_s15_T1_test,118,109,121.63333333333334,-0.5907895565032959,1.1907166479777216
UBFC_PHYS_s15_T1_test,118,110,121.66666666666667,-0.11407007277011871,0.9627047994040314
UBFC_PHYS_s15_T1_test,118,111,121.7,0.4520801603794098,0.6794015242891447
UBFC_PHYS_s15_T1_test,118,112,121.73333333333333,0.8307753205299377,0.40079635895988497
UBFC_PHYS_s15_T1_test,118,113,121.76666666666667,0.9173287153244019,0.15676392895612815
UBFC_PHYS_s15_T1_test,118,114,121.8,0.7557700872421265,-0.05741844238258153
UBFC_PHYS_s15_T1_test,118,115,121.83333333333333,0.4809119701385498,-0.2692698714339894
UBFC_PHYS_s15_T1_test,118,116,121.86666666666666,0.23739610612392426,-0.5070803951150262
UBFC_PHYS_s15_T1_test,118,117,121.9,0.12052395194768906,-0.7776328087816182
UBFC_PHYS_s15_T1_test,118,118,121.93333333333334,0.1291368007659912,-1.0533427648480083
UBFC_PHYS_s15_T1_test,118,119,121.96666666666667,0.15634647011756897,-1.2746667484541878
UBFC_PHYS_s15_T1_test,118,120,122.0,0.11177591979503632,-1.36789494240176
UBFC_PHYS_s15_T1_test,118,121,122.03333333333333,0.05013415962457657,-1.2723372996745388
UBFC_PHYS_s15_T1_test,118,122,122.06666666666666,0.06488801538944244,-0.9663787745735654
UBFC_PHYS_s15_T1_test,118,123,122.1,0.0943957269191742,-0.4816009819996679
UBFC_PHYS_s15_T1_test,118,124,122.13333333333334,-0.019599050283432007,0.10096340954964855
UBFC_PHYS_s15_T1_test,118,125,122.16666666666667,-0.30959728360176086,0.671301752544942
UBFC_PHYS_s15_T1_test,118,126,122.2,-0.6125147938728333,1.1208580630167633
UBFC_PHYS_s15_T1_test,118,127,122.23333333333333,-0.7194609045982361,1.3731605371496984
UBFC_PHYS_s15_T1_test,118,128,122.26666666666667,-0.543592631816864,1.404434786575928
UBFC_PHYS_s15_T1_test,118,129,122.3,-0.1888435333967209,1.246636197893145
UBFC_PHYS_s15_T1_test,118,130,122.33333333333333,0.14373616874217987,0.9711581861276459
UBFC_PHYS_s15_T1_test,118,131,122.36666666666666,0.3217479884624481,0.6591841514470288
UBFC_PHYS_s15_T1_test,118,132,122.4,0.33511143922805786,0.3712056758265377
UBFC_PHYS_s15_T1_test,118,133,122.43333333333334,0.2210780382156372,0.12922608622529116
UBFC_PHYS_s15_T1_test,118,134,122.46666666666667,-0.017358936369419098,-0.08124780625802291
UBFC_PHYS_s15_T1_test,118,135,122.5,-0.37631791830062866,-0.29227290338763995
UBFC_PHYS_s15_T1_test,118,136,122.53333333333333,-0.7467285394668579,-0.5280440628867993
UBFC_PHYS_s15_T1_test,118,137,122.56666666666666,-0.965139627456665,-0.7851839808957404
UBFC_PHYS_s15_T1_test,118,138,122.6,-1.020601749420166,-1.0268568215350897
UBFC_PHYS_s15_T1_test,118,139,122.63333333333334,-1.0452237129211426,-1.1921926579522006
UBFC_PHYS_s15_T1_test,118,140,122.66666666666667,-1.0888093709945679,-1.2170032734447558
UBFC_PHYS_s15_T1_test,118,141,122.7,-1.0801578760147095,-1.0583830778324548
UBFC_PHYS_s15_T1_test,118,142,122.73333333333333,-1.0049595832824707,-0.7144067322222801
UBFC_PHYS_s15_T1_test,118,143,122.76666666666667,-0.9497678279876709,-0.2313877066424334
UBFC_PHYS_s15_T1_test,118,144,122.8,-1.0090728998184204,0.3047299725310095
UBFC_PHYS_s15_T1_test,118,145,122.83333333333333,-1.1909663677215576,0.7907517695497608
UBFC_PHYS_s15_T1_test,118,146,122.86666666666666,-1.334604024887085,1.135379131414811
UBFC_PHYS_s15_T1_test,118,147,122.9,-1.1932450532913208,1.2852086461345062
UBFC_PHYS_s15_T1_test,118,148,122.93333333333334,-0.733809232711792,1.237873629197041
UBFC_PHYS_s15_T1_test,118,149,122.96666666666667,-0.19996686279773712,1.037028996899509
UBFC_PHYS_s15_T1_test,118,150,123.0,0.1830347180366516,0.7516212170775082
UBFC_PHYS_s15_T1_test,118,151,123.03333333333333,0.40484464168548584,0.4487110237360964
UBFC_PHYS_s15_T1_test,118,152,123.06666666666666,0.5786659121513367,0.1710738800563551
UBFC_PHYS_s15_T1_test,118,153,123.1,0.7582033276557922,-0.07216096460698969
UBFC_PHYS_s15_T1_test,118,154,123.13333333333334,0.9105504155158997,-0.29922947401179484
UBFC_PHYS_s15_T1_test,118,155,123.16666666666667,0.9879308938980103,-0.5373166429844332
UBFC_PHYS_s15_T1_test,118,156,123.2,0.9847831726074219,-0.8001352872825302
UBFC_PHYS_s15_T1_test,118,157,123.23333333333333,0.9052591323852539,-1.071222891682562
UBFC_PHYS_s15_T1_test,118,158,123.26666666666667,0.7401665449142456,-1.3006000089597305
UBFC_PHYS_s15_T1_test,118,159,123.3,0.531507670879364,-1.4173194580991513
UBFC_PHYS_s15_T1_test,118,160,123.33333333333333,0.39014872908592224,-1.3540629698906193
UBFC_PHYS_s15_T1_test,118,161,123.36666666666666,0.39260125160217285,-1.0748286577628279
UBFC_PHYS_s15_T1_test,118,162,123.4,0.4958782494068146,-0.5950034443081079
UBFC_PHYS_s15_T1_test,118,163,123.43333333333334,0.552093505859375,0.014663693152284874
UBFC_PHYS_s15_T1_test,118,164,123.46666666666667,0.4192315936088562,0.6432027832854101
UBFC_PHYS_s15_T1_test,118,165,123.5,0.1517503708600998,1.1696195762333443
UBFC_PHYS_s15_T1_test,118,166,123.53333333333333,0.05393848940730095,1.4978620539872733
UBFC_PHYS_s15_T1_test,118,167,123.56666666666666,0.31390759348869324,1.5837900795979687
UBFC_PHYS_s15_T1_test,118,168,123.6,0.7593041062355042,1.444239087096727
UBFC_PHYS_s15_T1_test,118,169,123.63333333333334,1.107873558998108,1.1452484582806595
UBFC_PHYS_s15_T1_test,118,170,123.66666666666667,1.2700693607330322,0.774667013059475
UBFC_PHYS_s15_T1_test,118,171,123.7,1.285112977027893,0.41046283934576944
UBFC_PHYS_s15_T1_test,118,172,123.73333333333333,1.1742465496063232,0.09758938397085833
UBFC_PHYS_s15_T1_test,118,173,123.76666666666667,0.9765951633453369,-0.15798663895258905
UBFC_PHYS_s15_T1_test,118,174,123.8,0.7829411625862122,-0.3778997312377064
UBFC_PHYS_s15_T1_test,118,175,123.83333333333333,0.6493067741394043,-0.5900389492648276
UBFC_PHYS_s15_T1_test,118,176,123.86666666666666,0.560706377029419,-0.8072728301279287
UBFC_PHYS_s15_T1_test,118,177,123.9,0.4612337350845337,-1.014513410139171
UBFC_PHYS_s15_T1_test,118,178,123.93333333333334,0.25968137383461,-1.1687294795326872
UBFC_PHYS_s15_T1_test,118,179,123.96666666666667,-0.1020970493555069,-1.2121595754891787
UBFC_PHYS_s15_T1_test,118,180,124.0,-0.5333189964294434,-1.094468327295996
UBFC_PHYS_s15_T1_test,118,181,124.03333333333333,-0.8623840808868408,-0.7959713210196023
UBFC_PHYS_s15_T1_test,118,182,124.06666666666666,-1.0406662225723267,-0.3426952630587141
UBFC_PHYS_s15_T1_test,118,183,124.1,-1.1233187913894653,0.19378598630218996
UBFC_PHYS_s15_T1_test,118,184,124.13333333333334,-1.148346185684204,0.713168116096068
UBFC_PHYS_s15_T1_test,118,185,124.16666666666667,-1.0759673118591309,1.1145904607430412
UBFC_PHYS_s15_T1_test,118,186,124.2,-0.7673723101615906,1.3261251547430069
UBFC_PHYS_s15_T1_test,118,187,124.23333333333333,-0.09423733502626419,1.3247065409063294
UBFC_PHYS_s15_T1_test,118,188,124.26666666666667,0.8845187425613403,1.1391216156426134
UBFC_PHYS_s15_T1_test,118,189,124.3,1.9266738891601562,0.8353590369587571
UBFC_PHYS_s15_T1_test,118,190,124.33333333333333,2.793926477432251,0.4908373206085611
UBFC_PHYS_s15_T1_test,118,191,124.36666666666666,3.36409330368042,0.16817696110520108
UBFC_PHYS_s15_T1_test,118,192,124.4,3.6579151153564453,-0.10181257724497184
UBFC_PHYS_s15_T1_test,118,193,124.43333333333334,3.7313754558563232,-0.3228095799653175
UBFC_PHYS_s15_T1_test,118,194,124.46666666666667,3.562072992324829,-0.5215145705206529
UBFC_PHYS_s15_T1_test,118,195,124.5,3.1356403827667236,-0.7269809129768178
UBFC_PHYS_s15_T1_test,118,196,124.53333333333333,2.5449647903442383,-0.9490818473443715
UBFC_PHYS_s15_T1_test,118,197,124.56666666666666,1.9363296031951904,-1.165180801653962
UBFC_PHYS_s15_T1_test,118,198,124.6,1.3850491046905518,-1.3212671807819152
UBFC_PHYS_s15_T1_test,118,199,124.63333333333334,0.815268337726593,-1.3482071445512278
UBFC_PHYS_s15_T1_test,118,200,124.66666666666667,0.045634619891643524,-1.1874678407701236
UBFC_PHYS_s15_T1_test,118,201,124.7,-0.9016633033752441,-0.8166406957782897
UBFC_PHYS_s15_T1_test,118,202,124.73333333333333,-1.7143999338150024,-0.2651554486367266
UBFC_PHYS_s15_T1_test,118,203,124.76666666666667,-2.207534074783325,0.3860956465503569
UBFC_PHYS_s15_T1_test,118,204,124.8,-2.565295696258545,1.0225919956503247
UBFC_PHYS_s15_T1_test,118,205,124.83333333333333,-2.9474282264709473,1.5269659725505182
UBFC_PHYS_s15_T1_test,118,206,124.86666666666666,-3.237272024154663,1.8125240233225564
UBFC_PHYS_s15_T1_test,118,207,124.9,-3.265775442123413,1.8468913655944554
UBFC_PHYS_s15_T1_test,118,208,124.93333333333334,-3.0314130783081055,1.6564707476509128
UBFC_PHYS_s15_T1_test,118,209,124.96666666666667,-2.680082082748413,1.3105219502489143
UBFC_PHYS_s15_T1_test,118,210,125.0,-2.387206554412842,0.8928121369768992
UBFC_PHYS_s15_T1_test,118,211,125.03333333333333,-2.2414252758026123,0.47374067533102254
UBFC_PHYS_s15_T1_test,118,212,125.06666666666666,-2.167926549911499,0.09369251613327381
UBFC_PHYS_s15_T1_test,118,213,125.1,-2.023728847503662,-0.23850138732756823
UBFC_PHYS_s15_T1_test,118,214,125.13333333333334,-1.7125266790390015,-0.5350369280317326
UBFC_PHYS_s15_T1_test,118,215,125.16666666666667,-1.2340306043624878,-0.8132238069475504
UBFC_PHYS_s15_T1_test,118,216,125.2,-0.6778063774108887,-1.0805630094734082
UBFC_PHYS_s15_T1_test,118,217,125.23333333333333,-0.16657757759094238,-1.325165340749629
UBFC_PHYS_s15_T1_test,118,218,125.26666666666667,0.23162202537059784,-1.5142988082759843
UBFC_PHYS_s15_T1_test,118,219,125.3,0.526003897190094,-1.6021971507513675
UBFC_PHYS_s15_T1_test,118,220,125.33333333333333,0.7524292469024658,-1.545426730106241
UBFC_PHYS_s15_T1_test,118,221,125.36666666666666,0.976517915725708,-1.320990403283083
UBFC_PHYS_s15_T1_test,118,222,125.4,1.2771180868148804,-0.9406172834147096
UBFC_PHYS_s15_T1_test,118,223,125.43333333333334,1.6185230016708374,-0.4551973288784867
UBFC_PHYS_s15_T1_test,118,224,125.46666666666667,1.9077101945877075,0.053862534783000585
UBFC_PHYS_s15_T1_test,118,225,125.5,2.263444185256958,0.4949820854950696
UBFC_PHYS_s15_T1_test,118,226,125.53333333333333,2.8970296382904053,0.7921380511309277
UBFC_PHYS_s15_T1_test,118,227,125.56666666666666,3.616395950317383,0.9068229517932638
UBFC_PHYS_s15_T1_test,118,228,125.6,3.9768998622894287,0.8480888491876277
UBFC_PHYS_s15_T1_test,118,229,125.63333333333334,3.7326500415802,0.6669968854622911
UBFC_PHYS_s15_T1_test,118,230,125.66666666666667,2.926112413406372,0.4377487035410412
UBFC_PHYS_s15_T1_test,118,231,125.7,1.8525763750076294,0.23276501930749707
UBFC_PHYS_s15_T1_test,118,232,125.73333333333333,0.9591184258460999,0.10098536422888246
UBFC_PHYS_s15_T1_test,118,233,125.76666666666667,0.40938282012939453,0.05693448104442171
UBFC_PHYS_s15_T1_test,118,234,125.8,-0.08670591562986374,0.08336730993001172
UBFC_PHYS_s15_T1_test,118,235,125.83333333333333,-0.7434262633323669,0.1446601335785674
UBFC_PHYS_s15_T1_test,118,236,125.86666666666666,-1.4890366792678833,0.20408436539889624
UBFC_PHYS_s15_T1_test,118,237,125.9,-2.2345504760742188,0.23758476402540957
UBFC_PHYS_s15_T1_test,118,238,125.93333333333334,-2.9034368991851807,0.23974789408778685
UBFC_PHYS_s15_T1_test,118,239,125.96666666666667,-3.346844434738159,0.2218730203256197
UBFC_PHYS_s15_T1_test,119,0,119.0,-0.8035810589790344,-0.12514838666407865
UBFC_PHYS_s15_T1_test,119,1,119.03333333333333,-0.571362316608429,0.38371247535996655
UBFC_PHYS_s15_T1_test,119,2,119.06666666666666,-0.21611113846302032,0.762151618326663
UBFC_PHYS_s15_T1_test,119,3,119.1,0.14624664187431335,0.9135049979266198
UBFC_PHYS_s15_T1_test,119,4,119.13333333333334,0.44435563683509827,0.8057200080961406
UBFC_PHYS_s15_T1_test,119,5,119.16666666666667,0.5971661806106567,0.4763328009156935
UBFC_PHYS_s15_T1_test,119,6,119.2,0.5631396174430847,0.014726017273744728
UBFC_PHYS_s15_T1_test,119,7,119.23333333333333,0.4463833272457123,-0.46943159266628953
UBFC_PHYS_s15_T1_test,119,8,119.26666666666667,0.4168562889099121,-0.8772078917957589
UBFC_PHYS_s15_T1_test,119,9,119.3,0.4842914640903473,-1.1394424037163327
UBFC_PHYS_s15_T1_test,119,10,119.33333333333333,0.4933677613735199,-1.221562269399697
UBFC_PHYS_s15_T1_test,119,11,119.36666666666666,0.3399006426334381,-1.1199538871105832
UBFC_PHYS_s15_T1_test,119,12,119.4,0.06977377831935883,-0.8565456509165899
UBFC_PHYS_s15_T1_test,119,13,119.43333333333334,-0.21053016185760498,-0.4740560499014671
UBFC_PHYS_s15_T1_test,119,14,119.46666666666667,-0.40636634826660156,-0.030467385220163217
UBFC_PHYS_s15_T1_test,119,15,119.5,-0.41976839303970337,0.4094012233302024
UBFC_PHYS_s15_T1_test,119,16,119.53333333333333,-0.23891781270503998,0.7850050185637258
UBFC_PHYS_s15_T1_test,119,17,119.56666666666666,-0.044298239052295685,1.0508297550302395
UBFC_PHYS_s15_T1_test,119,18,119.6,0.1103275716304779,1.1830915807606566
UBFC_PHYS_s15_T1_test,119,19,119.63333333333334,0.4197143614292145,1.1806258562913745
UBFC_PHYS_s15_T1_test,119,20,119.66666666666667,0.8831669688224792,1.0611305266660058
UBFC_PHYS_s15_T1_test,119,21,119.7,1.1539504528045654,0.8550334025682417
UBFC_PHYS_s15_T1_test,119,22,119.73333333333333,1.0623760223388672,0.5977578504754956
UBFC_PHYS_s15_T1_test,119,23,119.76666666666667,0.821583092212677,0.3205864008298122
UBFC_PHYS_s15_T1_test,119,24,119.8,0.6152802109718323,0.04296238247064504
UBFC_PHYS_s15_T1_test,119,25,119.83333333333333,0.40183207392692566,-0.22896597883046507
UBFC_PHYS_s15_T1_test,119,26,119.86666666666666,0.16426411271095276,-0.49552030894668536
UBFC_PHYS_s15_T1_test,119,27,119.9,0.021862372756004333,-0.7518629890854567
UBFC_PHYS_s15_T1_test,119,28,119.93333333333334,0.06320792436599731,-0.9786985803103625
UBFC_PHYS_s15_T1_test,119,29,119.96666666666667,0.19811686873435974,-1.1415051030259473
UBFC_PHYS_s15_T1_test,119,30,120.0,0.25979724526405334,-1.1994558589952302
UBFC_PHYS_s15_T1_test,119,31,120.03333333333333,0.18737977743148804,-1.1199035484645443
UBFC_PHYS_s15_T1_test,119,32,120.06666666666666,0.022152043879032135,-0.8922906775599396
UBFC_PHYS_s15_T1_test,119,33,120.1,-0.21265439689159393,-0.5363476382148956
UBFC_PHYS_s15_T1_test,119,34,120.13333333333334,-0.4803287386894226,-0.10154359399909686
UBFC_PHYS_s15_T1_test,119,35,120.16666666666667,-0.7133971452713013,0.3428501431356424
UBFC_PHYS_s15_T1_test,119,36,120.2,-0.9038068652153015,0.7250407400161137
UBFC_PHYS_s15_T1_test,119,37,120.23333333333333,-1.0239619016647339,0.9902544102953323
UBFC_PHYS_s15_T1_test,119,38,120.26666666666667,-0.8657249212265015,1.1150312899714252
UBFC_PHYS_s15_T1_test,119,39,120.3,-0.29891809821128845,1.1095700213378568
UBFC_PHYS_s15_T1_test,119,40,120.33333333333333,0.41940540075302124,1.0067284350028058
UBFC_PHYS_s15_T1_test,119,41,120.36666666666666,0.9186418652534485,0.8434636154320985
UBFC_PHYS_s15_T1_test,119,42,120.4,1.0701779127120972,0.6449303892977843
UBFC_PHYS_s15_T1_test,119,43,120.43333333333334,0.9672871232032776,0.4193917642696137
UBFC_PHYS_s15_T1_test,119,44,120.46666666666667,0.7444536685943604,0.16419620596805462
UBFC_PHYS_s15_T1_test,119,45,120.5,0.5147067904472351,-0.12360765620469107
UBFC_PHYS_s15_T1_test,119,46,120.53333333333333,0.35917335748672485,-0.43829674157627363
UBFC_PHYS_s15_T1_test,119,47,120.56666666666666,0.28372398018836975,-0.7604067481330663
UBFC_PHYS_s15_T1_test,119,48,120.6,0.2581751048564911,-1.0554811660553072
UBFC_PHYS_s15_T1_test,119,49,120.63333333333334,0.28918910026550293,-1.2769019659827403
UBFC_PHYS_s15_T1_test,119,50,120.66666666666667,0.3659130036830902,-1.374026099312246
UBFC_PHYS_s15_T1_test,119,51,120.7,0.36824968457221985,-1.3057869650284673
UBFC_PHYS_s15_T1_test,119,52,120.73333333333333,0.21265830099582672,-1.0562616355324042
UBFC_PHYS_s15_T1_test,119,53,120.76666666666667,0.004945649299770594,-0.6456218687495654
UBFC_PHYS_s15_T1_test,119,54,120.8,-0.16624927520751953,-0.13065501660547932
UBFC_PHYS_s15_T1_test,119,55,120.83333333333333,-0.41378188133239746,0.4067252418636079
UBFC_PHYS_s15_T1_test,119,56,120.86666666666666,-0.832509458065033,0.8794598571070738
UBFC_PHYS_s15_T1_test,119,57,120.9,-1.2848966121673584,1.216917161214966
UBFC_PHYS_s15_T1_test,119,58,120.93333333333334,-1.471598505973816,1.3809035772682248
UBFC_PHYS_s15_T1_test,119,59,120.96666666666667,-1.1633317470550537,1.3713442131796085
UBFC_PHYS_s15_T1_test,119,60,121.0,-0.4380176067352295,1.2204803357560017
UBFC_PHYS_s15_T1_test,119,61,121.03333333333333,0.32870006561279297,0.9780986190590547
UBFC_PHYS_s15_T1_test,119,62,121.06666666666666,0.806134045124054,0.6931828438291595
UBFC_PHYS_s15_T1_test,119,63,121.1,0.9324687719345093,0.39885868620362125
UBFC_PHYS_s15_T1_test,119,64,121.13333333333334,0.833420991897583,0.10682323454388443
UBFC_PHYS_s15_T1_test,119,65,121.16666666666667,0.6790462136268616,-0.18645593221024132
UBFC_PHYS_s15_T1_test,119,66,121.2,0.5416461229324341,-0.485737874250517
UBFC_PHYS_s15_T1_test,119,67,121.23333333333333,0.37452584505081177,-0.7833391014388382
UBFC_PHYS_s15_T1_test,119,68,121.26666666666667,0.15655888617038727,-1.0527005594603458
UBFC_PHYS_s15_T1_test,119,69,121.3,-0.042965758591890335,-1.2515037832012992
UBFC_PHYS_s15_T1_test,119,70,121.33333333333333,-0.15964481234550476,-1.3325473945295128
UBFC_PHYS_s15_T1_test,119,71,121.36666666666666,-0.13849890232086182,-1.2584517797159493
UBFC_PHYS_s15_T1_test,119,72,121.4,0.0485699400305748,-1.0157414624147123
UBFC_PHYS_s15_T1_test,119,73,121.43333333333334,0.28040245175361633,-0.6241367461418383
UBFC_PHYS_s15_T1_test,119,74,121.46666666666667,0.34808865189552307,-0.1375154358089995
UBFC_PHYS_s15_T1_test,119,75,121.5,0.1954905241727829,0.36553882290253065
UBFC_PHYS_s15_T1_test,119,76,121.53333333333333,-0.09182342141866684,0.8007172629744291
UBFC_PHYS_s15_T1_test,119,77,121.56666666666666,-0.4424785375595093,1.1011773468437256
UBFC_PHYS_s15_T1_test,119,78,121.6,-0.6947231292724609,1.235667743079868
UBFC_PHYS_s15_T1_test,119,79,121.63333333333334,-0.5907895565032959,1.2129693023740042
UBFC_PHYS_s15_T1_test,119,80,121.66666666666667,-0.11407007277011871,1.070931628758857
UBFC_PHYS_s15_T1_test,119,81,121.7,0.4520801603794098,0.8567103302851592
UBFC_PHYS_s15_T1_test,119,82,121.73333333333333,0.8307753205299377,0.6084915964843056
UBFC_PHYS_s15_T1_test,119,83,121.76666666666667,0.9173287153244019,0.3463738951756778
UBFC_PHYS_s15_T1_test,119,84,121.8,0.7557700872421265,0.07375780333010389
UBFC_PHYS_s15_T1_test,119,85,121.83333333333333,0.4809119701385498,-0.21430160350018476
UBFC_PHYS_s15_T1_test,119,86,121.86666666666666,0.23739610612392426,-0.5198457393790179
UBFC_PHYS_s15_T1_test,119,87,121.9,0.12052395194768906,-0.8309789110192738
UBFC_PHYS_s15_T1_test,119,88,121.93333333333334,0.1291368007659912,-1.1149824160954167
UBFC_PHYS_s15_T1_test,119,89,121.96666666666667,0.15634647011756897,-1.3201751219472209
UBFC_PHYS_s15_T1_test,119,90,122.0,0.11177591979503632,-1.3885791996689079
UBFC_PHYS_s15_T1_test,119,91,122.03333333333333,0.05013415962457657,-1.2762069399847185
UBFC_PHYS_s15_T1_test,119,92,122.06666666666666,0.06488801538944244,-0.9728718556629449
UBFC_PHYS_s15_T1_test,119,93,122.1,0.0943957269191742,-0.5123235081917719
UBFC_PHYS_s15_T1_test,119,94,122.13333333333334,-0.019599050283432007,0.032441950319037675
UBFC_PHYS_s15_T1_test,119,95,122.16666666666667,-0.30959728360176086,0.5672981410812961
UBFC_PHYS_s15_T1_test,119,96,122.2,-0.6125147938728333,1.0019596454678872
UBFC_PHYS_s15_T1_test,119,97,122.23333333333333,-0.7194609045982361,1.2733290993900395
UBFC_PHYS_s15_T1_test,119,98,122.26666666666667,-0.543592631816864,1.35996922621483
UBFC_PHYS_s15_T1_test,119,99,122.3,-0.1888435333967209,1.2832913109392927
UBFC_PHYS_s15_T1_test,119,100,122.33333333333333,0.14373616874217987,1.0945154246406452
UBFC_PHYS_s15_T1_test,119,101,122.36666666666666,0.3217479884624481,0.8515085809966568
UBFC_PHYS_s15_T1_test,119,102,122.4,0.33511143922805786,0.595548861083659
UBFC_PHYS_s15_T1_test,119,103,122.43333333333334,0.2210780382156372,0.3396303716078075
UBFC_PHYS_s15_T1_test,119,104,122.46666666666667,-0.017358936369419098,0.07366800074737699
UBFC_PHYS_s15_T1_test,119,105,122.5,-0.37631791830062866,-0.21782431167381058
UBFC_PHYS_s15_T1_test,119,106,122.53333333333333,-0.7467285394668579,-0.5363730100426917
UBFC_PHYS_s15_T1_test,119,107,122.56666666666666,-0.965139627456665,-0.8587356299722341
UBFC_PHYS_s15_T1_test,119,108,122.6,-1.020601749420166,-1.138614974532168
UBFC_PHYS_s15_T1_test,119,109,122.63333333333334,-1.0452237129211426,-1.3183772769811566
UBFC_PHYS_s15_T1_test,119,110,122.66666666666667,-1.0888093709945679,-1.3458806241086898
UBFC_PHYS_s15_T1_test,119,111,122.7,-1.0801578760147095,-1.19174408450427
UBFC_PHYS_s15_T1_test,119,112,122.73333333333333,-1.0049595832824707,-0.8622414465980516
UBFC_PHYS_s15_T1_test,119,113,122.76666666666667,-0.9497678279876709,-0.40296085209776183
UBFC_PHYS_s15_T1_test,119,114,122.8,-1.0090728998184204,0.10973083183647907
UBFC_PHYS_s15_T1_test,119,115,122.83333333333333,-1.1909663677215576,0.5881832356443575
UBFC_PHYS_s15_T1_test,119,116,122.86666666666666,-1.334604024887085,0.9575927088610903
UBFC_PHYS_s15_T1_test,119,117,122.9,-1.1932450532913208,1.1752382456348194
UBFC_PHYS_s15_T1_test,119,118,122.93333333333334,-0.733809232711792,1.2365464661486945
UBFC_PHYS_s15_T1_test,119,119,122.96666666666667,-0.19996686279773712,1.1660983684611812
UBFC_PHYS_s15_T1_test,119,120,123.0,0.1830347180366516,1.0002628941892648
UBFC_PHYS_s15_T1_test,119,121,123.03333333333333,0.40484464168548584,0.7719279324608155
UBFC_PHYS_s15_T1_test,119,122,123.06666666666666,0.5786659121513367,0.5032658661997993
UBFC_PHYS_s15_T1_test,119,123,123.1,0.7582033276557922,0.20567740988450195
UBFC_PHYS_s15_T1_test,119,124,123.13333333333334,0.9105504155158997,-0.11605490844166505
UBFC_PHYS_s15_T1_test,119,125,123.16666666666667,0.9879308938980103,-0.4568975702270575
UBFC_PHYS_s15_T1_test,119,126,123.2,0.9847831726074219,-0.8028212198097471
UBFC_PHYS_s15_T1_test,119,127,123.23333333333333,0.9052591323852539,-1.1228133741611237
UBFC_PHYS_s15_T1_test,119,128,123.26666666666667,0.7401665449142456,-1.3668986846636055
UBFC_PHYS_s15_T1_test,119,129,123.3,0.531507670879364,-1.4749902377335844
UBFC_PHYS_s15_T1_test,119,130,123.33333333333333,0.39014872908592224,-1.3960364398883718
UBFC_PHYS_s15_T1_test,119,131,123.36666666666666,0.39260125160217285,-1.110234421963016
UBFC_PHYS_s15_T1_test,119,132,123.4,0.4958782494068146,-0.6440501286169911
UBFC_PHYS_s15_T1_test,119,133,123.43333333333334,0.552093505859375,-0.07011826042672471
UBFC_PHYS_s15_T1_test,119,134,123.46666666666667,0.4192315936088562,0.5095756501965018
UBFC_PHYS_s15_T1_test,119,135,123.5,0.1517503708600998,0.991686163506189
UBFC_PHYS_s15_T1_test,119,136,123.53333333333333,0.05393848940730095,1.300472506233102
UBFC_PHYS_s15_T1_test,119,137,123.56666666666666,0.31390759348869324,1.4071223816701284
UBFC_PHYS_s15_T1_test,119,138,123.6,0.7593041062355042,1.3325823901067775
UBFC_PHYS_s15_T1_test,119,139,123.63333333333334,1.107873558998108,1.133315429416638
UBFC_PHYS_s15_T1_test,119,140,123.66666666666667,1.2700693607330322,0.875879010027713
UBFC_PHYS_s15_T1_test,119,141,123.7,1.285112977027893,0.6109441350275446
UBFC_PHYS_s15_T1_test,119,142,123.73333333333333,1.1742465496063232,0.3583421502129926
UBFC_PHYS_s15_T1_test,119,143,123.76666666666667,0.9765951633453369,0.10968174685270456
UBFC_PHYS_s15_T1_test,119,144,123.8,0.7829411625862122,-0.15477926558488495
UBFC_PHYS_s15_T1_test,119,145,123.83333333333333,0.6493067741394043,-0.4457931248958829
UBFC_PHYS_s15_T1_test,119,146,123.86666666666666,0.560706377029419,-0.7515157174070778
UBFC_PHYS_s15_T1_test,119,147,123.9,0.4612337350845337,-1.035052391886384
UBFC_PHYS_s15_T1_test,119,148,123.93333333333334,0.25968137383461,-1.242355128049545
UBFC_PHYS_s15_T1_test,119,149,123.96666666666667,-0.1020970493555069,-1.3171525383222105
UBFC_PHYS_s15_T1_test,119,150,124.0,-0.5333189964294434,-1.2189453130344783
UBFC_PHYS_s15_T1_test,119,151,124.03333333333333,-0.8623840808868408,-0.9394826790220191
UBFC_PHYS_s15_T1_test,119,152,124.06666666666666,-1.0406662225723267,-0.5119262178593385
UBFC_PHYS_s15_T1_test,119,153,124.1,-1.1233187913894653,-0.007246143491569489
UBFC_PHYS_s15_T1_test,119,154,124.13333333333334,-1.148346185684204,0.48361375198628054
UBFC_PHYS_s15_T1_test,119,155,124.16666666666667,-1.0759673118591309,0.8765227563131234
UBFC_PHYS_s15_T1_test,119,156,124.2,-0.7673723101615906,1.1187319941557583
UBFC_PHYS_s15_T1_test,119,157,124.23333333333333,-0.09423733502626419,1.199888259678245
UBFC_PHYS_s15_T1_test,119,158,124.26666666666667,0.8845187425613403,1.145375094675096
UBFC_PHYS_s15_T1_test,119,159,124.3,1.9266738891601562,0.9975180748338845
UBFC_PHYS_s15_T1_test,119,160,124.33333333333333,2.793926477432251,0.795592779433945
UBFC_PHYS_s15_T1_test,119,161,124.36666666666666,3.36409330368042,0.5638230816169157
UBFC_PHYS_s15_T1_test,119,162,124.4,3.6579151153564453,0.3097205423911778
UBFC_PHYS_s15_T1_test,119,163,124.43333333333334,3.7313754558563232,0.029555173943602263
UBFC_PHYS_s15_T1_test,119,164,124.46666666666667,3.562072992324829,-0.2824340652285228
UBFC_PHYS_s15_T1_test,119,165,124.5,3.1356403827667236,-0.6229186766850434
UBFC_PHYS_s15_T1_test,119,166,124.53333333333333,2.5449647903442383,-0.9694449523863711
UBFC_PHYS_s15_T1_test,119,167,124.56666666666666,1.9363296031951904,-1.276530026272777
UBFC_PHYS_s15_T1_test,119,168,124.6,1.3850491046905518,-1.4820799266079583
UBFC_PHYS_s15_T1_test,119,169,124.63333333333334,0.815268337726593,-1.5241241580217308
UBFC_PHYS_s15_T1_test,119,170,124.66666666666667,0.045634619891643524,-1.362559146248789
UBFC_PHYS_s15_T1_test,119,171,124.7,-0.9016633033752441,-0.997330640932903
UBFC_PHYS_s15_T1_test,119,172,124.73333333333333,-1.7143999338150024,-0.47529012379744523
UBFC_PHYS_s15_T1_test,119,173,124.76666666666667,-2.207534074783325,0.11793576934664105
UBFC_PHYS_s15_T1_test,119,174,124.8,-2.565295696258545,0.6794170881928826
UBFC_PHYS_s15_T1_test,119,175,124.83333333333333,-2.9474282264709473,1.117208246068511
UBFC_PHYS_s15_T1_test,119,176,124.86666666666666,-3.237272024154663,1.375790811815571
UBFC_PHYS_s15_T1_test,119,177,124.9,-3.265775442123413,1.4488911920544976
UBFC_PHYS_s15_T1_test,119,178,124.93333333333334,-3.0314130783081055,1.373712847930602
UBFC_PHYS_s15_T1_test,119,179,124.96666666666667,-2.680082082748413,1.2084814426282182
UBFC_PHYS_s15_T1_test,119,180,125.0,-2.387206554412842,1.0042956864874604
UBFC_PHYS_s15_T1_test,119,181,125.03333333333333,-2.2414252758026123,0.7859156618194858
UBFC_PHYS_s15_T1_test,119,182,125.06666666666666,-2.167926549911499,0.550279547276005
UBFC_PHYS_s15_T1_test,119,183,125.1,-2.023728847503662,0.2806150252871097
UBFC_PHYS_s15_T1_test,119,184,125.13333333333334,-1.7125266790390015,-0.034225168667580436
UBFC_PHYS_s15_T1_test,119,185,125.16666666666667,-1.2340306043624878,-0.3862449788518283
UBFC_PHYS_s15_T1_test,119,186,125.2,-0.6778063774108887,-0.7453243669506805
UBFC_PHYS_s15_T1_test,119,187,125.23333333333333,-0.16657757759094238,-1.0647041646728261
UBFC_PHYS_s15_T1_test,119,188,125.26666666666667,0.23162202537059784,-1.2911323519385018
UBFC_PHYS_s15_T1_test,119,189,125.3,0.526003897190094,-1.3773984609037193
UBFC_PHYS_s15_T1_test,119,190,125.33333333333333,0.7524292469024658,-1.2955388211711727
UBFC_PHYS_s15_T1_test,119,191,125.36666666666666,0.976517915725708,-1.0477279070389425
UBFC_PHYS_s15_T1_test,119,192,125.4,1.2771180868148804,-0.6704743912215637
UBFC_PHYS_s15_T1_test,119,193,125.43333333333334,1.6185230016708374,-0.2284357170534799
UBFC_PHYS_s15_T1_test,119,194,125.46666666666667,1.9077101945877075,0.20203835843564474
UBFC_PHYS_s15_T1_test,119,195,125.5,2.263444185256958,0.5541593544755764
UBFC_PHYS_s15_T1_test,119,196,125.53333333333333,2.8970296382904053,0.787658343125874
UBFC_PHYS_s15_T1_test,119,197,125.56666666666666,3.616395950317383,0.8940218044987926
UBFC_PHYS_s15_T1_test,119,198,125.6,3.9768998622894287,0.8895804767148553
UBFC_PHYS_s15_T1_test,119,199,125.63333333333334,3.7326500415802,0.8024802906908329
UBFC_PHYS_s15_T1_test,119,200,125.66666666666667,2.926112413406372,0.6602974213734473
UBFC_PHYS_s15_T1_test,119,201,125.7,1.8525763750076294,0.4819419300121372
UBFC_PHYS_s15_T1_test,119,202,125.73333333333333,0.9591184258460999,0.27483786442133673
UBFC_PHYS_s15_T1_test,119,203,125.76666666666667,0.40938282012939453,0.03745768822529066
UBFC_PHYS_s15_T1_test,119,204,125.8,-0.08670591562986374,-0.23304544601579047
UBFC_PHYS_s15_T1_test,119,205,125.83333333333333,-0.7434262633323669,-0.5300528821135855
UBFC_PHYS_s15_T1_test,119,206,125.86666666666666,-1.4890366792678833,-0.8285881720530196
UBFC_PHYS_s15_T1_test,119,207,125.9,-2.2345504760742188,-1.0842782519832486
UBFC_PHYS_s15_T1_test,119,208,125.93333333333334,-2.9034368991851807,-1.2423650817600693
UBFC_PHYS_s15_T1_test,119,209,125.96666666666667,-3.346844434738159,-1.2535399071334392
UBFC_PHYS_s15_T1_test,119,210,126.0,-3.5062015056610107,-1.0904921283719717
UBFC_PHYS_s15_T1_test,119,211,126.03333333333333,-3.4710161685943604,-0.759344362790797
UBFC_PHYS_s15_T1_test,119,212,126.06666666666666,-3.3148841857910156,-0.30214843931993696
UBFC_PHYS_s15_T1_test,119,213,126.1,-3.063006639480591,0.2108725925198632
UBFC_PHYS_s15_T1_test,119,214,126.13333333333334,-2.748154640197754,0.6980903958565154
UBFC_PHYS_s15_T1_test,119,215,126.16666666666667,-2.3158512115478516,1.0880181933723911
UBFC_PHYS_s15_T1_test,119,216,126.2,-1.673575758934021,1.3383821062521981
UBFC_PHYS_s15_T1_test,119,217,126.23333333333333,-0.8934752941131592,1.444705470452512
UBFC_PHYS_s15_T1_test,119,218,126.26666666666667,-0.18940356373786926,1.4339419027401001
UBFC_PHYS_s15_T1_test,119,219,126.3,0.3021470010280609,1.345915973227552
UBFC_PHYS_s15_T1_test,119,220,126.33333333333333,0.6264228224754333,1.2125603665065734
UBFC_PHYS_s15_T1_test,119,221,126.36666666666666,0.9105117917060852,1.0462892090840326
UBFC_PHYS_s15_T1_test,119,222,126.4,1.2174460887908936,0.8420853541473607
UBFC_PHYS_s15_T1_test,119,223,126.43333333333334,1.4762564897537231,0.5890099000713837
UBFC_PHYS_s15_T1_test,119,224,126.46666666666667,1.5993468761444092,0.28302006970170235
UBFC_PHYS_s15_T1_test,119,225,126.5,1.5980722904205322,-0.06494715361051061
UBFC_PHYS_s15_T1_test,119,226,126.53333333333333,1.5232216119766235,-0.4271538271620346
UBFC_PHYS_s15_T1_test,119,227,126.56666666666666,1.390610694885254,-0.7621732544982504
UBFC_PHYS_s15_T1_test,119,228,126.6,1.2126375436782837,-1.022019612749292
UBFC_PHYS_s15_T1_test,119,229,126.63333333333334,1.022034764289856,-1.1632064257746904
UBFC_PHYS_s15_T1_test,119,230,126.66666666666667,0.8455098271369934,-1.1599747263250164
UBFC_PHYS_s15_T1_test,119,231,126.7,0.6837002038955688,-1.0151891282136358
UBFC_PHYS_s15_T1_test,119,232,126.73333333333333,0.48326796293258667,-0.7636255363095854
UBFC_PHYS_s15_T1_test,119,233,126.76666666666667,0.16662009060382843,-0.46474287005906195
UBFC_PHYS_s15_T1_test,119,234,126.8,-0.206223726272583,-0.1866158738491518
UBFC_PHYS_s15_T1_test,119,235,126.83333333333333,-0.40045708417892456,0.012993720121910182
UBFC_PHYS_s15_T1_test,119,236,126.86666666666666,-0.2648142874240875,0.10103880621567325
UBFC_PHYS_s15_T1_test,119,237,126.9,0.08779124915599823,0.07429365460487077
UBFC_PHYS_s15_T1_test,119,238,126.93333333333334,0.4446066617965698,-0.04435428869513616
UBFC_PHYS_s15_T1_test,119,239,126.96666666666667,0.6981450915336609,-0.21422184555487006
UBFC_PHYS_s15_T1_test,120,0,120.0,0.25979724526405334,0.07842420584822828
UBFC_PHYS_s15_T1_test,120,1,120.03333333333333,0.18737977743148804,0.7125828981860871
UBFC_PHYS_s15_T1_test,120,2,120.06666666666666,0.022152043879032135,1.2718640333639573
UBFC_PHYS_s15_T1_test,120,3,120.1,-0.21265439689159393,1.6962696567439886
UBFC_PHYS_s15_T1_test,120,4,120.13333333333334,-0.4803287386894226,1.9490102585990259
UBFC_PHYS_s15_T1_test,120,5,120.16666666666667,-0.7133971452713013,2.0209189938510645
UBFC_PHYS_s15_T1_test,120,6,120.2,-0.9038068652153015,1.9277099946132794
UBFC_PHYS_s15_T1_test,120,7,120.23333333333333,-1.0239619016647339,1.7027051646363278
UBFC_PHYS_s15_T1_test,120,8,120.26666666666667,-0.8657249212265015,1.3884396384273168
UBFC_PHYS_s15_T1_test,120,9,120.3,-0.29891809821128845,1.0288761464697909
UBFC_PHYS_s15_T1_test,120,10,120.33333333333333,0.41940540075302124,0.6625458775367936
UBFC_PHYS_s15_T1_test,120,11,120.36666666666666,0.9186418652534485,0.31703619083117923
UBFC_PHYS_s15_T1_test,120,12,120.4,1.0701779127120972,0.00627553265430867
UBFC_PHYS_s15_T1_test,120,13,120.43333333333334,0.9672871232032776,-0.26793141313443075
UBFC_PHYS_s15_T1_test,120,14,120.46666666666667,0.7444536685943604,-0.5106360894209588
UBFC_PHYS_s15_T1_test,120,15,120.5,0.5147067904472351,-0.7271915901634418
UBFC_PHYS_s15_T1_test,120,16,120.53333333333333,0.35917335748672485,-0.917725823016612
UBFC_PHYS_s15_T1_test,120,17,120.56666666666666,0.28372398018836975,-1.0737199752238622
UBFC_PHYS_s15_T1_test,120,18,120.6,0.2581751048564911,-1.1771827270279132
UBFC_PHYS_s15_T1_test,120,19,120.63333333333334,0.28918910026550293,-1.2030627804194245
UBFC_PHYS_s15_T1_test,120,20,120.66666666666667,0.3659130036830902,-1.1254967267661384
UBFC_PHYS_s15_T1_test,120,21,120.7,0.36824968457221985,-0.9273919764851828
UBFC_PHYS_s15_T1_test,120,22,120.73333333333333,0.21265830099582672,-0.6107664455472884
UBFC_PHYS_s15_T1_test,120,23,120.76666666666667,0.004945649299770594,-0.20366576722366664
UBFC_PHYS_s15_T1_test,120,24,120.8,-0.16624927520751953,0.24018070984604706
UBFC_PHYS_s15_T1_test,120,25,120.83333333333333,-0.41378188133239746,0.6504974047167723
UBFC_PHYS_s15_T1_test,120,26,120.86666666666666,-0.832509458065033,0.9566504344403365
UBFC_PHYS_s15_T1_test,120,27,120.9,-1.2848966121673584,1.1061781338421686
UBFC_PHYS_s15_T1_test,120,28,120.93333333333334,-1.471598505973816,1.0794784848203087
UBFC_PHYS_s15_T1_test,120,29,120.96666666666667,-1.1633317470550537,0.8951781170718263
UBFC_PHYS_s15_T1_test,120,30,121.0,-0.4380176067352295,0.6036213614027097
UBFC_PHYS_s15_T1_test,120,31,121.03333333333333,0.32870006561279297,0.2702612833082968
UBFC_PHYS_s15_T1_test,120,32,121.06666666666666,0.806134045124054,-0.04502028301123079
UBFC_PHYS_s15_T1_test,120,33,121.1,0.9324687719345093,-0.304496806549428
UBFC_PHYS_s15_T1_test,120,34,121.13333333333334,0.833420991897583,-0.4983603242675723
UBFC_PHYS_s15_T1_test,120,35,121.16666666666667,0.6790462136268616,-0.6379347200699536
UBFC_PHYS_s15_T1_test,120,36,121.2,0.5416461229324341,-0.740999771903417
UBFC_PHYS_s15_T1_test,120,37,121.23333333333333,0.37452584505081177,-0.8174841146650341
UBFC_PHYS_s15_T1_test,120,38,121.26666666666667,0.15655888617038727,-0.8620764953620658
UBFC_PHYS_s15_T1_test,120,39,121.3,-0.042965758591890335,-0.8555711694086474
UBFC_PHYS_s15_T1_test,120,40,121.33333333333333,-0.15964481234550476,-0.77281862511013
UBFC_PHYS_s15_T1_test,120,41,121.36666666666666,-0.13849890232086182,-0.5936100861510244
UBFC_PHYS_s15_T1_test,120,42,121.4,0.0485699400305748,-0.3132047712232771
UBFC_PHYS_s15_T1_test,120,43,121.43333333333334,0.28040245175361633,0.050097002216786056
UBFC_PHYS_s15_T1_test,120,44,121.46666666666667,0.34808865189552307,0.45292645670373516
UBFC_PHYS_s15_T1_test,120,45,121.5,0.1954905241727829,0.8326669330082377
UBFC_PHYS_s15_T1_test,120,46,121.53333333333333,-0.09182342141866684,1.121455437148738
UBFC_PHYS_s15_T1_test,120,47,121.56666666666666,-0.4424785375595093,1.2650487007933933
UBFC_PHYS_s15_T1_test,120,48,121.6,-0.6947231292724609,1.2396169390958987
UBFC_PHYS_s15_T1_test,120,49,121.63333333333334,-0.5907895565032959,1.0589378515986907
UBFC_PHYS_s15_T1_test,120,50,121.66666666666667,-0.11407007277011871,0.7684091142528523
UBFC_PHYS_s15_T1_test,120,51,121.7,0.4520801603794098,0.4284529008346056
UBFC_PHYS_s15_T1_test,120,52,121.73333333333333,0.8307753205299377,0.09452850661499115
UBFC_PHYS_s15_T1_test,120,53,121.76666666666667,0.9173287153244019,-0.19808608376056228
UBFC_PHYS_s15_T1_test,120,54,121.8,0.7557700872421265,-0.43937388679636996
UBFC_PHYS_s15_T1_test,120,55,121.83333333333333,0.4809119701385498,-0.6386811475909558
UBFC_PHYS_s15_T1_test,120,56,121.86666666666666,0.23739610612392426,-0.8110255731489809
UBFC_PHYS_s15_T1_test,120,57,121.9,0.12052395194768906,-0.961514482871983
UBFC_PHYS_s15_T1_test,120,58,121.93333333333334,0.1291368007659912,-1.0748897398572683
UBFC_PHYS_s15_T1_test,120,59,121.96666666666667,0.15634647011756897,-1.1158244236651043
UBFC_PHYS_s15_T1_test,120,60,122.0,0.11177591979503632,-1.0413496004001854
UBFC_PHYS_s15_T1_test,120,61,122.03333333333333,0.05013415962457657,-0.8210254905700705
UBFC_PHYS_s15_T1_test,120,62,122.06666666666666,0.06488801538944244,-0.45588156234356964
UBFC_PHYS_s15_T1_test,120,63,122.1,0.0943957269191742,0.013108099515314272
UBFC_PHYS_s15_T1_test,120,64,122.13333333333334,-0.019599050283432007,0.5113131002900665
UBFC_PHYS_s15_T1_test,120,65,122.16666666666667,-0.30959728360176086,0.9491380000516024
UBFC_PHYS_s15_T1_test,120,66,122.2,-0.6125147938728333,1.2464179616423339
UBFC_PHYS_s15_T1_test,120,67,122.23333333333333,-0.7194609045982361,1.3545698857625441
UBFC_PHYS_s15_T1_test,120,68,122.26666666666667,-0.543592631816864,1.2694518366457486
UBFC_PHYS_s15_T1_test,120,69,122.3,-0.1888435333967209,1.0304309051383467
UBFC_PHYS_s15_T1_test,120,70,122.33333333333333,0.14373616874217987,0.7052108569660965
UBFC_PHYS_s15_T1_test,120,71,122.36666666666666,0.3217479884624481,0.36528615644951123
UBFC_PHYS_s15_T1_test,120,72,122.4,0.33511143922805786,0.06183622296622547
UBFC_PHYS_s15_T1_test,120,73,122.43333333333334,0.2210780382156372,-0.18725944238992234
UBFC_PHYS_s15_T1_test,120,74,122.46666666666667,-0.017358936369419098,-0.3938644057226455
UBFC_PHYS_s15_T1_test,120,75,122.5,-0.37631791830062866,-0.5825006784535185
UBFC_PHYS_s15_T1_test,120,76,122.53333333333333,-0.7467285394668579,-0.7692752216640568
UBFC_PHYS_s15_T1_test,120,77,122.56666666666666,-0.965139627456665,-0.9473949978185389
UBFC_PHYS_s15_T1_test,120,78,122.6,-1.020601749420166,-1.0851953956541949
UBFC_PHYS_s15_T1_test,120,79,122.63333333333334,-1.0452237129211426,-1.1361153670565887
UBFC_PHYS_s15_T1_test,120,80,122.66666666666667,-1.0888093709945679,-1.0558221210118732
UBFC_PHYS_s15_T1_test,120,81,122.7,-1.0801578760147095,-0.8203430410294569
UBFC_PHYS_s15_T1_test,120,82,122.73333333333333,-1.0049595832824707,-0.439388698801716
UBFC_PHYS_s15_T1_test,120,83,122.76666666666667,-0.9497678279876709,0.03971206879291892
UBFC_PHYS_s15_T1_test,120,84,122.8,-1.0090728998184204,0.5399237026222905
UBFC_PHYS_s15_T1_test,120,85,122.83333333333333,-1.1909663677215576,0.9732433413847577
UBFC_PHYS_s15_T1_test,120,86,122.86666666666666,-1.334604024887085,1.264766486357358
UBFC_PHYS_s15_T1_test,120,87,122.9,-1.1932450532913208,1.3733061174774408
UBFC_PHYS_s15_T1_test,120,88,122.93333333333334,-0.733809232711792,1.3001932983176177
UBFC_PHYS_s15_T1_test,120,89,122.96666666666667,-0.19996686279773712,1.0827592802459545
UBFC_PHYS_s15_T1_test,120,90,123.0,0.1830347180366516,0.7764045041783535
UBFC_PHYS_s15_T1_test,120,91,123.03333333333333,0.40484464168548584,0.43429775515333613
UBFC_PHYS_s15_T1_test,120,92,123.06666666666666,0.5786659121513367,0.09321613848959977
UBFC_PHYS_s15_T1_test,120,93,123.1,0.7582033276557922,-0.23039996530717533
UBFC_PHYS_s15_T1_test,120,94,123.13333333333334,0.9105504155158997,-0.5347575476003044
UBFC_PHYS_s15_T1_test,120,95,123.16666666666667,0.9879308938980103,-0.8210606608464588
UBFC_PHYS_s15_T1_test,120,96,123.2,0.9847831726074219,-1.0809642943438995
UBFC_PHYS_s15_T1_test,120,97,123.23333333333333,0.9052591323852539,-1.288417155224737
UBFC_PHYS_s15_T1_test,120,98,123.26666666666667,0.7401665449142456,-1.4003902001988404
UBFC_PHYS_s15_T1_test,120,99,123.3,0.531507670879364,-1.3682972516862468
UBFC_PHYS_s15_T1_test,120,100,123.33333333333333,0.39014872908592224,-1.1571796444307465
UBFC_PHYS_s15_T1_test,120,101,123.36666666666666,0.39260125160217285,-0.7651915141915632
UBFC_PHYS_s15_T1_test,120,102,123.4,0.4958782494068146,-0.2344024780499045
UBFC_PHYS_s15_T1_test,120,103,123.43333333333334,0.552093505859375,0.3533303985170016
UBFC_PHYS_s15_T1_test,120,104,123.46666666666667,0.4192315936088562,0.8955768168935052
UBFC_PHYS_s15_T1_test,120,105,123.5,0.1517503708600998,1.2972813140375512
UBFC_PHYS_s15_T1_test,120,106,123.53333333333333,0.05393848940730095,1.4973011320223268
UBFC_PHYS_s15_T1_test,120,107,123.56666666666666,0.31390759348869324,1.4837201059466623
UBFC_PHYS_s15_T1_test,120,108,123.6,0.7593041062355042,1.292309052857242
UBFC_PHYS_s15_T1_test,120,109,123.63333333333334,1.107873558998108,0.989063563541442
UBFC_PHYS_s15_T1_test,120,110,123.66666666666667,1.2700693607330322,0.6442561265925475
UBFC_PHYS_s15_T1_test,120,111,123.7,1.285112977027893,0.3089974214551208
UBFC_PHYS_s15_T1_test,120,112,123.73333333333333,1.1742465496063232,0.003963960985465724
UBFC_PHYS_s15_T1_test,120,113,123.76666666666667,0.9765951633453369,-0.2760381967208621
UBFC_PHYS_s15_T1_test,120,114,123.8,0.7829411625862122,-0.5459000426325923
UBFC_PHYS_s15_T1_test,120,115,123.83333333333333,0.6493067741394043,-0.8117161389032383
UBFC_PHYS_s15_T1_test,120,116,123.86666666666666,0.560706377029419,-1.058589974268241
UBFC_PHYS_s15_T1_test,120,117,123.9,0.4612337350845337,-1.2490669300226906
UBFC_PHYS_s15_T1_test,120,118,123.93333333333334,0.25968137383461,-1.3322243517999857
UBFC_PHYS_s15_T1_test,120,119,123.96666666666667,-0.1020970493555069,-1.260345732181994
UBFC_PHYS_s15_T1_test,120,120,124.0,-0.5333189964294434,-1.0079755994260262
UBFC_PHYS_s15_T1_test,120,121,124.03333333333333,-0.8623840808868408,-0.5869466872379
UBFC_PHYS_s15_T1_test,120,122,124.06666666666666,-1.0406662225723267,-0.05116848037586176
UBFC_PHYS_s15_T1_test,120,123,124.1,-1.1233187913894653,0.5124857286493657
UBFC_PHYS_s15_T1_test,120,124,124.13333333333334,-1.148346185684204,1.0058339848888196
UBFC_PHYS_s15_T1_test,120,125,124.16666666666667,-1.0759673118591309,1.3465580102397299
UBFC_PHYS_s15_T1_test,120,126,124.2,-0.7673723101615906,1.4904572136286336
UBFC_PHYS_s15_T1_test,120,127,124.23333333333333,-0.09423733502626419,1.4397664308883362
UBFC_PHYS_s15_T1_test,120,128,124.26666666666667,0.8845187425613403,1.2348995662904332
UBFC_PHYS_s15_T1_test,120,129,124.3,1.9266738891601562,0.9346514937035668
UBFC_PHYS_s15_T1_test,120,130,124.33333333333333,2.793926477432251,0.59438104805444
UBFC_PHYS_s15_T1_test,120,131,124.36666666666666,3.36409330368042,0.25102734391342935
UBFC_PHYS_s15_T1_test,120,132,124.4,3.6579151153564453,-0.08092927381652174
UBFC_PHYS_s15_T1_test,120,133,124.43333333333334,3.7313754558563232,-0.40356725596001664
UBFC_PHYS_s15_T1_test,120,134,124.46666666666667,3.562072992324829,-0.7232921007377855
UBFC_PHYS_s15_T1_test,120,135,124.5,3.1356403827667236,-1.0367995705495918
UBFC_PHYS_s15_T1_test,120,136,124.53333333333333,2.5449647903442383,-1.320580927929781
UBFC_PHYS_s15_T1_test,120,137,124.56666666666666,1.9363296031951904,-1.5291885271279926
UBFC_PHYS_s15_T1_test,120,138,124.6,1.3850491046905518,-1.6049618297568125
UBFC_PHYS_s15_T1_test,120,139,124.63333333333334,0.815268337726593,-1.4972529767013067
UBFC_PHYS_s15_T1_test,120,140,124.66666666666667,0.045634619891643524,-1.1842752650080943
UBFC_PHYS_s15_T1_test,120,141,124.7,-0.9016633033752441,-0.6883716691790589
UBFC_PHYS_s15_T1_test,120,142,124.73333333333333,-1.7143999338150024,-0.07753349920818742
UBFC_PHYS_s15_T1_test,120,143,124.76666666666667,-2.207534074783325,0.548675878602909
UBFC_PHYS_s15_T1_test,120,144,124.8,-2.565295696258545,1.0846108819840938
UBFC_PHYS_s15_T1_test,120,145,124.83333333333333,-2.9474282264709473,1.4469023194376815
UBFC_PHYS_s15_T1_test,120,146,124.86666666666666,-3.237272024154663,1.595912775263489
UBFC_PHYS_s15_T1_test,120,147,124.9,-3.265775442123413,1.542621432223003
UBFC_PHYS_s15_T1_test,120,148,124.93333333333334,-3.0314130783081055,1.338150712705053
UBFC_PHYS_s15_T1_test,120,149,124.96666666666667,-2.680082082748413,1.0500249752040418
UBFC_PHYS_s15_T1_test,120,150,125.0,-2.387206554412842,0.7357946817480779
UBFC_PHYS_s15_T1_test,120,151,125.03333333333333,-2.2414252758026123,0.4262485500269954
UBFC_PHYS_s15_T1_test,120,152,125.06666666666666,-2.167926549911499,0.12477078294622813
UBFC_PHYS_s15_T1_test,120,153,125.1,-2.023728847503662,-0.17956392471737403
UBFC_PHYS_s15_T1_test,120,154,125.13333333333334,-1.7125266790390015,-0.4938771528893554
UBFC_PHYS_s15_T1_test,120,155,125.16666666666667,-1.2340306043624878,-0.8077347312915286
UBFC_PHYS_s15_T1_test,120,156,125.2,-0.6778063774108887,-1.088931406479881
UBFC_PHYS_s15_T1_test,120,157,125.23333333333333,-0.16657757759094238,-1.288948176009745
UBFC_PHYS_s15_T1_test,120,158,125.26666666666667,0.23162202537059784,-1.3556608240935546
UBFC_PHYS_s15_T1_test,120,159,125.3,0.526003897190094,-1.249946501062659
UBFC_PHYS_s15_T1_test,120,160,125.33333333333333,0.7524292469024658,-0.9616198042867351
UBFC_PHYS_s15_T1_test,120,161,125.36666666666666,0.976517915725708,-0.5191677724845807
UBFC_PHYS_s15_T1_test,120,162,125.4,1.2771180868148804,0.01140552772558832
UBFC_PHYS_s15_T1_test,120,163,125.43333333333334,1.6185230016708374,0.5401262782421239
UBFC_PHYS_s15_T1_test,120,164,125.46666666666667,1.9077101945877075,0.9757239495381477
UBFC_PHYS_s15_T1_test,120,165,125.5,2.263444185256958,1.249766448756698
UBFC_PHYS_s15_T1_test,120,166,125.53333333333333,2.8970296382904053,1.3329838802741536
UBFC_PHYS_s15_T1_test,120,167,125.56666666666666,3.616395950317383,1.237552620274541
UBFC_PHYS_s15_T1_test,120,168,125.6,3.9768998622894287,1.0059923198310516
UBFC_PHYS_s15_T1_test,120,169,125.63333333333334,3.7326500415802,0.6933018706662434
UBFC_PHYS_s15_T1_test,120,170,125.66666666666667,2.926112413406372,0.35004904231725054
UBFC_PHYS_s15_T1_test,120,171,125.7,1.8525763750076294,0.01150020601971383
UBFC_PHYS_s15_T1_test,120,172,125.73333333333333,0.9591184258460999,-0.30530361825931546
UBFC_PHYS_s15_T1_test,120,173,125.76666666666667,0.40938282012939453,-0.5969746980954934
UBFC_PHYS_s15_T1_test,120,174,125.8,-0.08670591562986374,-0.8638430660219032
UBFC_PHYS_s15_T1_test,120,175,125.83333333333333,-0.7434262633323669,-1.0984731408401789
UBFC_PHYS_s15_T1_test,120,176,125.86666666666666,-1.4890366792678833,-1.2779884858386759
UBFC_PHYS_s15_T1_test,120,177,125.9,-2.2345504760742188,-1.3650953183417216
UBFC_PHYS_s15_T1_test,120,178,125.93333333333334,-2.9034368991851807,-1.3190302645175949
UBFC_PHYS_s15_T1_test,120,179,125.96666666666667,-3.346844434738159,-1.112533452124331
UBFC_PHYS_s15_T1_test,120,180,126.0,-3.5062015056610107,-0.7473932840832523
UBFC_PHYS_s15_T1_test,120,181,126.03333333333333,-3.4710161685943604,-0.2612675560718903
UBFC_PHYS_s15_T1_test,120,182,126.06666666666666,-3.3148841857910156,0.2775905538491435
UBFC_PHYS_s15_T1_test,120,183,126.1,-3.063006639480591,0.7859370520369543
UBFC_PHYS_s15_T1_test,120,184,126.13333333333334,-2.748154640197754,1.1861412492729642
UBFC_PHYS_s15_T1_test,120,185,126.16666666666667,-2.3158512115478516,1.4251136410451288
UBFC_PHYS_s15_T1_test,120,186,126.2,-1.673575758934021,1.4854196942620048
UBFC_PHYS_s15_T1_test,120,187,126.23333333333333,-0.8934752941131592,1.384941023521339
UBFC_PHYS_s15_T1_test,120,188,126.26666666666667,-0.18940356373786926,1.1656405910806276
UBFC_PHYS_s15_T1_test,120,189,126.3,0.3021470010280609,0.8764573338265299
UBFC_PHYS_s15_T1_test,120,190,126.33333333333333,0.6264228224754333,0.5579571038861391
UBFC_PHYS_s15_T1_test,120,191,126.36666666666666,0.9105117917060852,0.23503415914308443
UBFC_PHYS_s15_T1_test,120,192,126.4,1.2174460887908936,-0.08110804155552431
UBFC_PHYS_s15_T1_test,120,193,126.43333333333334,1.4762564897537231,-0.3853635591112565
UBFC_PHYS_s15_T1_test,120,194,126.46666666666667,1.5993468761444092,-0.670413018261717
UBFC_PHYS_s15_T1_test,120,195,126.5,1.5980722904205322,-0.9209595561029211
UBFC_PHYS_s15_T1_test,120,196,126.53333333333333,1.5232216119766235,-1.1118920041255826
UBFC_PHYS_s15_T1_test,120,197,126.56666666666666,1.390610694885254,-1.210868991430213
UBFC_PHYS_s15_T1_test,120,198,126.6,1.2126375436782837,-1.185569265874681
UBFC_PHYS_s15_T1_test,120,199,126.63333333333334,1.022034764289856,-1.0147723698154607
UBFC_PHYS_s15_T1_test,120,200,126.66666666666667,0.8455098271369934,-0.6999438903627809
UBFC_PHYS_s15_T1_test,120,201,126.7,0.6837002038955688,-0.27203808057897316
UBFC_PHYS_s15_T1_test,120,202,126.73333333333333,0.48326796293258667,0.21093253636773124
UBFC_PHYS_s15_T1_test,120,203,126.76666666666667,0.16662009060382843,0.6762016783235062
UBFC_PHYS_s15_T1_test,120,204,126.8,-0.206223726272583,1.0541494212545148
UBFC_PHYS_s15_T1_test,120,205,126.83333333333333,-0.40045708417892456,1.2945759333483289
UBFC_PHYS_s15_T1_test,120,206,126.86666666666666,-0.2648142874240875,1.3752333446319056
UBFC_PHYS_s15_T1_test,120,207,126.9,0.08779124915599823,1.3007928539960791
UBFC_PHYS_s15_T1_test,120,208,126.93333333333334,0.4446066617965698,1.0951244317301165
UBFC_PHYS_s15_T1_test,120,209,126.96666666666667,0.6981450915336609,0.7918610823305628
UBFC_PHYS_s15_T1_test,120,210,127.0,0.8214672803878784,0.4267308279046555
UBFC_PHYS_s15_T1_test,120,211,127.03333333333333,0.8233597874641418,0.03259700220716914
UBFC_PHYS_s15_T1_test,120,212,127.06666666666666,0.8014607429504395,-0.3627925021826577
UBFC_PHYS_s15_T1_test,120,213,127.1,0.8525198698043823,-0.7362230825694001
UBFC_PHYS_s15_T1_test,120,214,127.13333333333334,0.9425686001777649,-1.0659752540205931
UBFC_PHYS_s15_T1_test,120,215,127.16666666666667,0.9813650250434875,-1.3281194371491334
UBFC_PHYS_s15_T1_test,120,216,127.2,0.9967755079269409,-1.495203294048247
UBFC_PHYS_s15_T1_test,120,217,127.23333333333333,1.1005932092666626,-1.5398054024259997
UBFC_PHYS_s15_T1_test,120,218,127.26666666666667,1.2828727960586548,-1.4425187814740446
UBFC_PHYS_s15_T1_test,120,219,127.3,1.3005813360214233,-1.2009241763082348
UBFC_PHYS_s15_T1_test,120,220,127.33333333333333,0.8558413982391357,-0.8353839944572921
UBFC_PHYS_s15_T1_test,120,221,127.36666666666666,-0.07473289221525192,-0.38890978803804366
UBFC_PHYS_s15_T1_test,120,222,127.4,-1.1513009071350098,0.07942958533341922
UBFC_PHYS_s15_T1_test,120,223,127.43333333333334,-2.0457050800323486,0.5060095744028263
UBFC_PHYS_s15_T1_test,120,224,127.46666666666667,-2.706847667694092,0.8359812082289919
UBFC_PHYS_s15_T1_test,120,225,127.5,-3.077779769897461,1.0344752787165865
UBFC_PHYS_s15_T1_test,120,226,127.53333333333333,-2.922420024871826,1.0918654946314599
UBFC_PHYS_s15_T1_test,120,227,127.56666666666666,-2.281766653060913,1.021425930060512
UBFC_PHYS_s15_T1_test,120,228,127.6,-1.5302470922470093,0.851573282826915
UBFC_PHYS_s15_T1_test,120,229,127.63333333333334,-0.9223071336746216,0.6174049968139018
UBFC_PHYS_s15_T1_test,120,230,127.66666666666667,-0.4076988101005554,0.35505380600654857
UBFC_PHYS_s15_T1_test,120,231,127.7,0.0630534365773201,0.09896484027047868
UBFC_PHYS_s15_T1_test,120,232,127.73333333333333,0.4250056743621826,-0.12027685783851556
UBFC_PHYS_s15_T1_test,120,233,127.76666666666667,0.7061013579368591,-0.27948077234358476
UBFC_PHYS_s15_T1_test,120,234,127.8,1.061893343925476,-0.3667676599813963
UBFC_PHYS_s15_T1_test,120,235,127.83333333333333,1.540331482887268,-0.38291002257398526
UBFC_PHYS_s15_T1_test,120,236,127.86666666666666,1.9766709804534912,-0.33854251705915794
UBFC_PHYS_s15_T1_test,120,237,127.9,2.160959005355835,-0.24872285242932554
UBFC_PHYS_s15_T1_test,120,238,127.93333333333334,2.0605785846710205,-0.12794397774769312
UBFC_PHYS_s15_T1_test,120,239,127.96666666666667,1.7769339084625244,0.011984655769016443
UBFC_PHYS_s15_T1_test,121,0,121.0,-0.4380176067352295,-0.05807220652772454
UBFC_PHYS_s15_T1_test,121,1,121.03333333333333,0.32870006561279297,0.08304429902139887
UBFC_PHYS_s15_T1_test,121,2,121.06666666666666,0.806134045124054,0.17494281948085777
UBFC_PHYS_s15_T1_test,121,3,121.1,0.9324687719345093,0.1801185864723168
UBFC_PHYS_s15_T1_test,121,4,121.13333333333334,0.833420991897583,0.08362873030258054
UBFC_PHYS_s15_T1_test,121,5,121.16666666666667,0.6790462136268616,-0.10393725913783725
UBFC_PHYS_s15_T1_test,121,6,121.2,0.5416461229324341,-0.35041390517948895
UBFC_PHYS_s15_T1_test,121,7,121.23333333333333,0.37452584505081177,-0.6107371098931553
UBFC_PHYS_s15_T1_test,121,8,121.26666666666667,0.15655888617038727,-0.836983609692491
UBFC_PHYS_s15_T1_test,121,9,121.3,-0.042965758591890335,-0.9869767985082843
UBFC_PHYS_s15_T1_test,121,10,121.33333333333333,-0.15964481234550476,-1.030072012207203
UBFC_PHYS_s15_T1_test,121,11,121.36666666666666,-0.13849890232086182,-0.9501955123412985
UBFC_PHYS_s15_T1_test,121,12,121.4,0.0485699400305748,-0.7471537159969215
UBFC_PHYS_s15_T1_test,121,13,121.43333333333334,0.28040245175361633,-0.43731634658399926
UBFC_PHYS_s15_T1_test,121,14,121.46666666666667,0.34808865189552307,-0.05392386324314604
UBFC_PHYS_s15_T1_test,121,15,121.5,0.1954905241727829,0.35438437842235454
UBFC_PHYS_s15_T1_test,121,16,121.53333333333333,-0.09182342141866684,0.729561939981313
UBFC_PHYS_s15_T1_test,121,17,121.56666666666666,-0.4424785375595093,1.0160158198572853
UBFC_PHYS_s15_T1_test,121,18,121.6,-0.6947231292724609,1.1751265825739508
UBFC_PHYS_s15_T1_test,121,19,121.63333333333334,-0.5907895565032959,1.1955494471965509
UBFC_PHYS_s15_T1_test,121,20,121.66666666666667,-0.11407007277011871,1.0936102142387834
UBFC_PHYS_s15_T1_test,121,21,121.7,0.4520801603794098,0.9034207953833182
UBFC_PHYS_s15_T1_test,121,22,121.73333333333333,0.8307753205299377,0.6620412153930549
UBFC_PHYS_s15_T1_test,121,23,121.76666666666667,0.9173287153244019,0.3972622383452121
UBFC_PHYS_s15_T1_test,121,24,121.8,0.7557700872421265,0.12300433378311955
UBFC_PHYS_s15_T1_test,121,25,121.83333333333333,0.4809119701385498,-0.1573085451699006
UBFC_PHYS_s15_T1_test,121,26,121.86666666666666,0.23739610612392426,-0.4422708026399925
UBFC_PHYS_s15_T1_test,121,27,121.9,0.12052395194768906,-0.7230088598017413
UBFC_PHYS_s15_T1_test,121,28,121.93333333333334,0.1291368007659912,-0.9768103987311252
UBFC_PHYS_s15_T1_test,121,29,121.96666666666667,0.15634647011756897,-1.1670313770232332
UBFC_PHYS_s15_T1_test,121,30,122.0,0.11177591979503632,-1.2504258559384727
UBFC_PHYS_s15_T1_test,121,31,122.03333333333333,0.05013415962457657,-1.1902164091898497
UBFC_PHYS_s15_T1_test,121,32,122.06666666666666,0.06488801538944244,-0.9704524986034576
UBFC_PHYS_s15_T1_test,121,33,122.1,0.0943957269191742,-0.6060472506042892
UBFC_PHYS_s15_T1_test,121,34,122.13333333333334,-0.019599050283432007,-0.1442485601014777
UBFC_PHYS_s15_T1_test,121,35,122.16666666666667,-0.30959728360176086,0.34373209303911073
UBFC_PHYS_s15_T1_test,121,36,122.2,-0.6125147938728333,0.7790763520613063
UBFC_PHYS_s15_T1_test,121,37,122.23333333333333,-0.7194609045982361,1.095094595194987
UBFC_PHYS_s15_T1_test,121,38,122.26666666666667,-0.543592631816864,1.253843448756086
UBFC_PHYS_s15_T1_test,121,39,122.3,-0.1888435333967209,1.25330215003665
UBFC_PHYS_s15_T1_test,121,40,122.33333333333333,0.14373616874217987,1.121910415828269
UBFC_PHYS_s15_T1_test,121,41,122.36666666666666,0.3217479884624481,0.9027945535096118
UBFC_PHYS_s15_T1_test,121,42,122.4,0.33511143922805786,0.6354971897990045
UBFC_PHYS_s15_T1_test,121,43,122.43333333333334,0.2210780382156372,0.3444592679155285
UBFC_PHYS_s15_T1_test,121,44,122.46666666666667,-0.017358936369419098,0.03902727227747934
UBFC_PHYS_s15_T1_test,121,45,122.5,-0.37631791830062866,-0.2772549705461275
UBFC_PHYS_s15_T1_test,121,46,122.53333333333333,-0.7467285394668579,-0.5949428757214487
UBFC_PHYS_s15_T1_test,121,47,122.56666666666666,-0.965139627456665,-0.8914452647959384
UBFC_PHYS_s15_T1_test,121,48,122.6,-1.020601749420166,-1.1313445787465888
UBFC_PHYS_s15_T1_test,121,49,122.63333333333334,-1.0452237129211426,-1.2732033540158934
UBFC_PHYS_s15_T1_test,121,50,122.66666666666667,-1.0888093709945679,-1.2799290842175928
UBFC_PHYS_s15_T1_test,121,51,122.7,-1.0801578760147095,-1.1298113993238428
UBFC_PHYS_s15_T1_test,121,52,122.73333333333333,-1.0049595832824707,-0.8255898105001497
UBFC_PHYS_s15_T1_test,121,53,122.76666666666667,-0.9497678279876709,-0.398859984903436
UBFC_PHYS_s15_T1_test,121,54,122.8,-1.0090728998184204,0.09264459755307965
UBFC_PHYS_s15_T1_test,121,55,122.83333333333333,-1.1909663677215576,0.5758763892066637
UBFC_PHYS_s15_T1_test,121,56,122.86666666666666,-1.334604024887085,0.9793112646910496
UBFC_PHYS_s15_T1_test,121,57,122.9,-1.1932450532913208,1.2501873053678985
UBFC_PHYS_s15_T1_test,121,58,122.93333333333334,-0.733809232711792,1.3648838585535912
UBFC_PHYS_s15_T1_test,121,59,122.96666666666667,-0.19996686279773712,1.3280129268021155
UBFC_PHYS_s15_T1_test,121,60,123.0,0.1830347180366516,1.1625777087139069
UBFC_PHYS_s15_T1_test,121,61,123.03333333333333,0.40484464168548584,0.898350132009173
UBFC_PHYS_s15_T1_test,121,62,123.06666666666666,0.5786659121513367,0.5640423426691971
UBFC_PHYS_s15_T1_test,121,63,123.1,0.7582033276557922,0.18440021284883865
UBFC_PHYS_s15_T1_test,121,64,123.13333333333334,0.9105504155158997,-0.21886252834748626
UBFC_PHYS_s15_T1_test,121,65,123.16666666666667,0.9879308938980103,-0.6234486890487593
UBFC_PHYS_s15_T1_test,121,66,123.2,0.9847831726074219,-1.0016074532899149
UBFC_PHYS_s15_T1_test,121,67,123.23333333333333,0.9052591323852539,-1.3164834396318634
UBFC_PHYS_s15_T1_test,121,68,123.26666666666667,0.7401665449142456,-1.5230033513974894
UBFC_PHYS_s15_T1_test,121,69,123.3,0.531507670879364,-1.575629669641623
UBFC_PHYS_s15_T1_test,121,70,123.33333333333333,0.39014872908592224,-1.4419514369139868
UBFC_PHYS_s15_T1_test,121,71,123.36666666666666,0.39260125160217285,-1.1172764348730424
UBFC_PHYS_s15_T1_test,121,72,123.4,0.4958782494068146,-0.6336730191445614
UBFC_PHYS_s15_T1_test,121,73,123.43333333333334,0.552093505859375,-0.05829736128658837
UBFC_PHYS_s15_T1_test,121,74,123.46666666666667,0.4192315936088562,0.5201777650953466
UBFC_PHYS_s15_T1_test,121,75,123.5,0.1517503708600998,1.0132231029716057
UBFC_PHYS_s15_T1_test,121,76,123.53333333333333,0.05393848940730095,1.3545536316772084
UBFC_PHYS_s15_T1_test,121,77,123.56666666666666,0.31390759348869324,1.514408353183109
UBFC_PHYS_s15_T1_test,121,78,123.6,0.7593041062355042,1.5010116197640642
UBFC_PHYS_s15_T1_test,121,79,123.63333333333334,1.107873558998108,1.3496518933133912
UBFC_PHYS_s15_T1_test,121,80,123.66666666666667,1.2700693607330322,1.1047849213350025
UBFC_PHYS_s15_T1_test,121,81,123.7,1.285112977027893,0.8031982778539907
UBFC_PHYS_s15_T1_test,121,82,123.73333333333333,1.1742465496063232,0.46556063924144503
UBFC_PHYS_s15_T1_test,121,83,123.76666666666667,0.9765951633453369,0.09942112804693748
UBFC_PHYS_s15_T1_test,121,84,123.8,0.7829411625862122,-0.28945198530202754
UBFC_PHYS_s15_T1_test,121,85,123.83333333333333,0.6493067741394043,-0.6846869163151582
UBFC_PHYS_s15_T1_test,121,86,123.86666666666666,0.560706377029419,-1.0526431478632043
UBFC_PHYS_s15_T1_test,121,87,123.9,0.4612337350845337,-1.344526391405596
UBFC_PHYS_s15_T1_test,121,88,123.93333333333334,0.25968137383461,-1.5065183732158254
UBFC_PHYS_s15_T1_test,121,89,123.96666666666667,-0.1020970493555069,-1.4945886312435472
UBFC_PHYS_s15_T1_test,121,90,124.0,-0.5333189964294434,-1.2894286160524582
UBFC_PHYS_s15_T1_test,121,91,124.03333333333333,-0.8623840808868408,-0.9067695343460779
UBFC_PHYS_s15_T1_test,121,92,124.06666666666666,-1.0406662225723267,-0.39905670163596246
UBFC_PHYS_s15_T1_test,121,93,124.1,-1.1233187913894653,0.15366184076209122
UBFC_PHYS_s15_T1_test,121,94,124.13333333333334,-1.148346185684204,0.6625036647517835
UBFC_PHYS_s15_T1_test,121,95,124.16666666666667,-1.0759673118591309,1.0528648664064229
UBFC_PHYS_s15_T1_test,121,96,124.2,-0.7673723101615906,1.2832086395008055
UBFC_PHYS_s15_T1_test,121,97,124.23333333333333,-0.09423733502626419,1.3513329505328562
UBFC_PHYS_s15_T1_test,121,98,124.26666666666667,0.8845187425613403,1.2854893256994244
UBFC_PHYS_s15_T1_test,121,99,124.3,1.9266738891601562,1.1254081816804091
UBFC_PHYS_s15_T1_test,121,100,124.33333333333333,2.793926477432251,0.9033541063691575
UBFC_PHYS_s15_T1_test,121,101,124.36666666666666,3.36409330368042,0.6345036586351267
UBFC_PHYS_s15_T1_test,121,102,124.4,3.6579151153564453,0.31960146384095595
UBFC_PHYS_s15_T1_test,121,103,124.43333333333334,3.7313754558563232,-0.043988150320854576
UBFC_PHYS_s15_T1_test,121,104,124.46666666666667,3.562072992324829,-0.44939731416014445
UBFC_PHYS_s15_T1_test,121,105,124.5,3.1356403827667236,-0.871016201727873
UBFC_PHYS_s15_T1_test,121,106,124.53333333333333,2.5449647903442383,-1.2621521001327358
UBFC_PHYS_s15_T1_test,121,107,124.56666666666666,1.9363296031951904,-1.5607504376671817
UBFC_PHYS_s15_T1_test,121,108,124.6,1.3850491046905518,-1.7024574427206958
UBFC_PHYS_s15_T1_test,121,109,124.63333333333334,0.815268337726593,-1.6382531367120283
UBFC_PHYS_s15_T1_test,121,110,124.66666666666667,0.045634619891643524,-1.3517092346686648
UBFC_PHYS_s15_T1_test,121,111,124.7,-0.9016633033752441,-0.8697234642881755
UBFC_PHYS_s15_T1_test,121,112,124.73333333333333,-1.7143999338150024,-0.26159877568047507
UBFC_PHYS_s15_T1_test,121,113,124.76666666666667,-2.207534074783325,0.37512717757450215
UBFC_PHYS_s15_T1_test,121,114,124.8,-2.565295696258545,0.938644125726144
UBFC_PHYS_s15_T1_test,121,115,124.83333333333333,-2.9474282264709473,1.348851400734494
UBFC_PHYS_s15_T1_test,121,116,124.86666666666666,-3.237272024154663,1.5661749159647222
UBFC_PHYS_s15_T1_test,121,117,124.9,-3.265775442123413,1.5961924947549373
UBFC_PHYS_s15_T1_test,121,118,124.93333333333334,-3.0314130783081055,1.4782271385686576
UBFC_PHYS_s15_T1_test,121,119,124.96666666666667,-2.680082082748413,1.263015167606891
UBFC_PHYS_s15_T1_test,121,120,125.0,-2.387206554412842,0.9904414502835871
UBFC_PHYS_s15_T1_test,121,121,125.03333333333333,-2.2414252758026123,0.6785729046092924
UBFC_PHYS_s15_T1_test,121,122,125.06666666666666,-2.167926549911499,0.3281808682964692
UBFC_PHYS_s15_T1_test,121,123,125.1,-2.023728847503662,-0.062278718209722306
UBFC_PHYS_s15_T1_test,121,124,125.13333333333334,-1.7125266790390015,-0.48115534114992997
UBFC_PHYS_s15_T1_test,121,125,125.16666666666667,-1.2340306043624878,-0.8959766709403937
UBFC_PHYS_s15_T1_test,121,126,125.2,-0.6778063774108887,-1.256336513877819
UBFC_PHYS_s15_T1_test,121,127,125.23333333333333,-0.16657757759094238,-1.5045473318481575
UBFC_PHYS_s15_T1_test,121,128,125.26666666666667,0.23162202537059784,-1.589633912085826
UBFC_PHYS_s15_T1_test,121,129,125.3,0.526003897190094,-1.4810715535024064
UBFC_PHYS_s15_T1_test,121,130,125.33333333333333,0.7524292469024658,-1.1793671495007838
UBFC_PHYS_s15_T1_test,121,131,125.36666666666666,0.976517915725708,-0.7206700007384068
UBFC_PHYS_s15_T1_test,121,132,125.4,1.2771180868148804,-0.17298803951275404
UBFC_PHYS_s15_T1_test,121,133,125.43333333333334,1.6185230016708374,0.3768970353463903
UBFC_PHYS_s15_T1_test,121,134,125.46666666666667,1.9077101945877075,0.8437597102080971
UBFC_PHYS_s15_T1_test,121,135,125.5,2.263444185256958,1.1655296756236668
UBFC_PHYS_s15_T1_test,121,136,125.53333333333333,2.8970296382904053,1.3173827793359079
UBFC_PHYS_s15_T1_test,121,137,125.56666666666666,3.616395950317383,1.3115605727786577
UBFC_PHYS_s15_T1_test,121,138,125.6,3.9768998622894287,1.1837336874225357
UBFC_PHYS_s15_T1_test,121,139,125.63333333333334,3.7326500415802,0.9741283931233009
UBFC_PHYS_s15_T1_test,121,140,125.66666666666667,2.926112413406372,0.7130003766677808
UBFC_PHYS_s15_T1_test,121,141,125.7,1.8525763750076294,0.415825307195421
UBFC_PHYS_s15_T1_test,121,142,125.73333333333333,0.9591184258460999,0.08778287670257519
UBFC_PHYS_s15_T1_test,121,143,125.76666666666667,0.40938282012939453,-0.26676104390036076
UBFC_PHYS_s15_T1_test,121,144,125.8,-0.08670591562986374,-0.6346501264350554
UBFC_PHYS_s15_T1_test,121,145,125.83333333333333,-0.7434262633323669,-0.9878315150638426
UBFC_PHYS_s15_T1_test,121,146,125.86666666666666,-1.4890366792678833,-1.2831373463454632
UBFC_PHYS_s15_T1_test,121,147,125.9,-2.2345504760742188,-1.4689803823430152
UBFC_PHYS_s15_T1_test,121,148,125.93333333333334,-2.9034368991851807,-1.4978302155150898
UBFC_PHYS_s15_T1_test,121,149,125.96666666666667,-3.346844434738159,-1.3410081548255894
UBFC_PHYS_s15_T1_test,121,150,126.0,-3.5062015056610107,-1.0009683128228402
UBFC_PHYS_s15_T1_test,121,151,126.03333333333333,-3.4710161685943604,-0.5163926553251794
UBFC_PHYS_s15_T1_test,121,152,126.06666666666666,-3.3148841857910156,0.042796126023536885
UBFC_PHYS_s15_T1_test,121,153,126.1,-3.063006639480591,0.5902690965615283
UBFC_PHYS_s15_T1_test,121,154,126.13333333333334,-2.748154640197754,1.0440548481065746
UBFC_PHYS_s15_T1_test,121,155,126.16666666666667,-2.3158512115478516,1.3464843439537189
UBFC_PHYS_s15_T1_test,121,156,126.2,-1.673575758934021,1.4760558668333188
UBFC_PHYS_s15_T1_test,121,157,126.23333333333333,-0.8934752941131592,1.446603329073395
UBFC_PHYS_s15_T1_test,121,158,126.26666666666667,-0.18940356373786926,1.2944321720142429
UBFC_PHYS_s15_T1_test,121,159,126.3,0.3021470010280609,1.0597489810953322
UBFC_PHYS_s15_T1_test,121,160,126.33333333333333,0.6264228224754333,0.7717066542621032
UBFC_PHYS_s15_T1_test,121,161,126.36666666666666,0.9105117917060852,0.4442049169902821
UBFC_PHYS_s15_T1_test,121,162,126.4,1.2174460887908936,0.08276656285552259
UBFC_PHYS_s15_T1_test,121,163,126.43333333333334,1.4762564897537231,-0.3035790563021834
UBFC_PHYS_s15_T1_test,121,164,126.46666666666667,1.5993468761444092,-0.6928492724538997
UBFC_PHYS_s15_T1_test,121,165,126.5,1.5980722904205322,-1.0476037783224033
UBFC_PHYS_s15_T1_test,121,166,126.53333333333333,1.5232216119766235,-1.3199184504785473
UBFC_PHYS_s15_T1_test,121,167,126.56666666666666,1.390610694885254,-1.4616449999694312
UBFC_PHYS_s15_T1_test,121,168,126.6,1.2126375436782837,-1.4368808520247875
UBFC_PHYS_s15_T1_test,121,169,126.63333333333334,1.022034764289856,-1.2335643156343956
UBFC_PHYS_s15_T1_test,121,170,126.66666666666667,0.8455098271369934,-0.8709366476084961
UBFC_PHYS_s15_T1_test,121,171,126.7,0.6837002038955688,-0.39960597719406216
UBFC_PHYS_s15_T1_test,121,172,126.73333333333333,0.48326796293258667,0.10780111522457062
UBFC_PHYS_s15_T1_test,121,173,126.76666666666667,0.16662009060382843,0.5741013734519825
UBFC_PHYS_s15_T1_test,121,174,126.8,-0.206223726272583,0.9373178710032333
UBFC_PHYS_s15_T1_test,121,175,126.83333333333333,-0.40045708417892456,1.1644674284796803
UBFC_PHYS_s15_T1_test,121,176,126.86666666666666,-0.2648142874240875,1.2533581345187939
UBFC_PHYS_s15_T1_test,121,177,126.9,0.08779124915599823,1.2225877577737119
UBFC_PHYS_s15_T1_test,121,178,126.93333333333334,0.4446066617965698,1.0964803250661068
UBFC_PHYS_s15_T1_test,121,179,126.96666666666667,0.6981450915336609,0.8938725734213349
UBFC_PHYS_s15_T1_test,121,180,127.0,0.8214672803878784,0.6256544625712908
UBFC_PHYS_s15_T1_test,121,181,127.03333333333333,0.8233597874641418,0.29982945589309357
UBFC_PHYS_s15_T1_test,121,182,127.06666666666666,0.8014607429504395,-0.0704798051616732
UBFC_PHYS_s15_T1_test,121,183,127.1,0.8525198698043823,-0.4605941771898739
UBFC_PHYS_s15_T1_test,121,184,127.13333333333334,0.9425686001777649,-0.8322753568147686
UBFC_PHYS_s15_T1_test,121,185,127.16666666666667,0.9813650250434875,-1.1371989694963367
UBFC_PHYS_s15_T1_test,121,186,127.2,0.9967755079269409,-1.325500070427638
UBFC_PHYS_s15_T1_test,121,187,127.23333333333333,1.1005932092666626,-1.3576687587336544
UBFC_PHYS_s15_T1_test,121,188,127.26666666666667,1.2828727960586548,-1.2166517606178953
UBFC_PHYS_s15_T1_test,121,189,127.3,1.3005813360214233,-0.9161002389810357
UBFC_PHYS_s15_T1_test,121,190,127.33333333333333,0.8558413982391357,-0.5011136309824009
UBFC_PHYS_s15_T1_test,121,191,127.36666666666666,-0.07473289221525192,-0.03978542684018959
UBFC_PHYS_s15_T1_test,121,192,127.4,-1.1513009071350098,0.39304424144558797
UBFC_PHYS_s15_T1_test,121,193,127.43333333333334,-2.0457050800323486,0.7350841424319332
UBFC_PHYS_s15_T1_test,121,194,127.46666666666667,-2.706847667694092,0.9519943840990274
UBFC_PHYS_s15_T1_test,121,195,127.5,-3.077779769897461,1.042517213185261
UBFC_PHYS_s15_T1_test,121,196,127.53333333333333,-2.922420024871826,1.030907512877326
UBFC_PHYS_s15_T1_test,121,197,127.56666666666666,-2.281766653060913,0.9502013097190439
UBFC_PHYS_s15_T1_test,121,198,127.6,-1.5302470922470093,0.8248814689439916
UBFC_PHYS_s15_T1_test,121,199,127.63333333333334,-0.9223071336746216,0.6620480881229787
UBFC_PHYS_s15_T1_test,121,200,127.66666666666667,-0.4076988101005554,0.4550843916280898
UBFC_PHYS_s15_T1_test,121,201,127.7,0.0630534365773201,0.1963292410758825
UBFC_PHYS_s15_T1_test,121,202,127.73333333333333,0.4250056743621826,-0.10967575645035385
UBFC_PHYS_s15_T1_test,121,203,127.76666666666667,0.7061013579368591,-0.4401874611092129
UBFC_PHYS_s15_T1_test,121,204,127.8,1.061893343925476,-0.7577789173491799
UBFC_PHYS_s15_T1_test,121,205,127.83333333333333,1.540331482887268,-1.0197987763644132
UBFC_PHYS_s15_T1_test,121,206,127.86666666666666,1.9766709804534912,-1.1883760788239817
UBFC_PHYS_s15_T1_test,121,207,127.9,2.160959005355835,-1.237561970948692
UBFC_PHYS_s15_T1_test,121,208,127.93333333333334,2.0605785846710205,-1.15718480467569
UBFC_PHYS_s15_T1_test,121,209,127.96666666666667,1.7769339084625244,-0.9544457218218166
UBFC_PHYS_s15_T1_test,121,210,128.0,1.3489562273025513,-0.6534834149577508
UBFC_PHYS_s15_T1_test,121,211,128.03333333333333,0.7716246843338013,-0.2919175761624579
UBFC_PHYS_s15_T1_test,121,212,128.06666666666666,0.1140739694237709,0.08618681293738749
UBFC_PHYS_s15_T1_test,121,213,128.1,-0.5465279817581177,0.43947528613624787
UBFC_PHYS_s15_T1_test,121,214,128.13333333333333,-1.131062626838684,0.7371451937777915
UBFC_PHYS_s15_T1_test,121,215,128.16666666666666,-1.5039063692092896,0.9620442590326114
UBFC_PHYS_s15_T1_test,121,216,128.2,-1.5590981245040894,1.1081906394296523
UBFC_PHYS_s15_T1_test,121,217,128.23333333333332,-1.371816873550415,1.1751611973561862
UBFC_PHYS_s15_T1_test,121,218,128.26666666666668,-1.179746389389038,1.16331352167617
UBFC_PHYS_s15_T1_test,121,219,128.3,-1.1355427503585815,1.0727140387185192
UBFC_PHYS_s15_T1_test,121,220,128.33333333333334,-1.1404671669006348,0.9058469827776957
UBFC_PHYS_s15_T1_test,121,221,128.36666666666667,-1.0524075031280518,0.6718477337798429
UBFC_PHYS_s15_T1_test,121,222,128.4,-0.914988100528717,0.38964977602957074
UBFC_PHYS_s15_T1_test,121,223,128.43333333333334,-0.8405815958976746,0.08828746102554424
UBFC_PHYS_s15_T1_test,121,224,128.46666666666667,-0.7792873978614807,-0.19654609559704014
UBFC_PHYS_s15_T1_test,121,225,128.5,-0.6063158512115479,-0.42942042091605814
UBFC_PHYS_s15_T1_test,121,226,128.53333333333333,-0.34719642996788025,-0.5835264515575006
UBFC_PHYS_s15_T1_test,121,227,128.56666666666666,-0.13766852021217346,-0.6472916893997158
UBFC_PHYS_s15_T1_test,121,228,128.6,-0.03358045220375061,-0.6267356715587089
UBFC_PHYS_s15_T1_test,121,229,128.63333333333333,0.013268832117319107,-0.5429412311294984
UBFC_PHYS_s15_T1_test,121,230,128.66666666666666,0.07276703417301178,-0.4258296400680827
UBFC_PHYS_s15_T1_test,121,231,128.7,0.1174534484744072,-0.30639049052320405
UBFC_PHYS_s15_T1_test,121,232,128.73333333333332,0.04308552294969559,-0.2095048283408827
UBFC_PHYS_s15_T1_test,121,233,128.76666666666668,-0.09740439057350159,-0.1488951269223594
UBFC_PHYS_s15_T1_test,121,234,128.8,-0.02935126982629299,-0.12508962440574212
UBFC_PHYS_s15_T1_test,121,235,128.83333333333334,0.39903193712234497,-0.12696548766036841
UBFC_PHYS_s15_T1_test,121,236,128.86666666666667,0.9852273464202881,-0.13713332349997023
UBFC_PHYS_s15_T1_test,121,237,128.9,1.3661625385284424,-0.1400230714005299
UBFC_PHYS_s15_T1_test,121,238,128.93333333333334,1.3735781908035278,-0.12912608727404826
UBFC_PHYS_s15_T1_test,121,239,128.96666666666667,1.133557677268982,-0.10926460773133519
UBFC_PHYS_s15_T1_test,122,0,122.0,0.11177591979503632,-0.0029977645425320176
UBFC_PHYS_s15_T1_test,122,1,122.03333333333333,0.05013415962457657,0.6526131682090852
UBFC_PHYS_s15_T1_test,122,2,122.06666666666666,0.06488801538944244,1.2386595158247014
UBFC_PHYS_s15_T1_test,122,3,122.1,0.0943957269191742,1.6951424278318032
UBFC_PHYS_s15_T1_test,122,4,122.13333333333334,-0.019599050283432007,1.9810844709437334
UBFC_PHYS_s15_T1_test,122,5,122.16666666666667,-0.30959728360176086,2.0800279946932667
UBFC_PHYS_s15_T1_test,122,6,122.2,-0.6125147938728333,1.9997271980626468
UBFC_PHYS_s15_T1_test,122,7,122.23333333333333,-0.7194609045982361,1.7671046791246245
UBFC_PHYS_s15_T1_test,122,8,122.26666666666667,-0.543592631816864,1.4215676127885644
UBFC_PHYS_s15_T1_test,122,9,122.3,-0.1888435333967209,1.0090025300262933
UBFC_PHYS_s15_T1_test,122,10,122.33333333333333,0.14373616874217987,0.5762314474999076
UBFC_PHYS_s15_T1_test,122,11,122.36666666666666,0.3217479884624481,0.1646247777731045
UBFC_PHYS_s15_T1_test,122,12,122.4,0.33511143922805786,-0.1963610057343661
UBFC_PHYS_s15_T1_test,122,13,122.43333333333334,0.2210780382156372,-0.49252805997120497
UBFC_PHYS_s15_T1_test,122,14,122.46666666666667,-0.017358936369419098,-0.7225807249973997
UBFC_PHYS_s15_T1_test,122,15,122.5,-0.37631791830062866,-0.8908786692129548
UBFC_PHYS_s15_T1_test,122,16,122.53333333333333,-0.7467285394668579,-0.9995527393931822
UBFC_PHYS_s15_T1_test,122,17,122.56666666666666,-0.965139627456665,-1.0446717677254622
UBFC_PHYS_s15_T1_test,122,18,122.6,-1.020601749420166,-1.0178463129673785
UBFC_PHYS_s15_T1_test,122,19,122.63333333333334,-1.0452237129211426,-0.9109515892452471
UBFC_PHYS_s15_T1_test,122,20,122.66666666666667,-1.0888093709945679,-0.7209642859005815
UBFC_PHYS_s15_T1_test,122,21,122.7,-1.0801578760147095,-0.4537561923850707
UBFC_PHYS_s15_T1_test,122,22,122.73333333333333,-1.0049595832824707,-0.12740809968432876
UBFC_PHYS_s15_T1_test,122,23,122.76666666666667,-0.9497678279876709,0.22504898345269927
UBFC_PHYS_s15_T1_test,122,24,122.8,-1.0090728998184204,0.5562625567094325
UBFC_PHYS_s15_T1_test,122,25,122.83333333333333,-1.1909663677215576,0.8121548984991851
UBFC_PHYS_s15_T1_test,122,26,122.86666666666666,-1.334604024887085,0.9462497999398438
UBFC_PHYS_s15_T1_test,122,27,122.9,-1.1932450532913208,0.9349172399698092
UBFC_PHYS_s15_T1_test,122,28,122.93333333333334,-0.733809232711792,0.7853657617506096
UBFC_PHYS_s15_T1_test,122,29,122.96666666666667,-0.19996686279773712,0.5316158581363123
UBFC_PHYS_s15_T1_test,122,30,123.0,0.1830347180366516,0.22112312706256393
UBFC_PHYS_s15_T1_test,122,31,123.03333333333333,0.40484464168548584,-0.10003983537979826
UBFC_PHYS_s15_T1_test,122,32,123.06666666666666,0.5786659121513367,-0.3968837243352023
UBFC_PHYS_s15_T1_test,122,33,123.1,0.7582033276557922,-0.6484312746978954
UBFC_PHYS_s15_T1_test,122,34,123.13333333333334,0.9105504155158997,-0.8455573232936697
UBFC_PHYS_s15_T1_test,122,35,123.16666666666667,0.9879308938980103,-0.9860267986208365
UBFC_PHYS_s15_T1_test,122,36,123.2,0.9847831726074219,-1.0683923503849468
UBFC_PHYS_s15_T1_test,122,37,123.23333333333333,0.9052591323852539,-1.0863134276715856
UBFC_PHYS_s15_T1_test,122,38,123.26666666666667,0.7401665449142456,-1.0257890045559528
UBFC_PHYS_s15_T1_test,122,39,123.3,0.531507670879364,-0.8681311209829881
UBFC_PHYS_s15_T1_test,122,40,123.33333333333333,0.39014872908592224,-0.5995260941318329
UBFC_PHYS_s15_T1_test,122,41,123.36666666666666,0.39260125160217285,-0.22408001588492718
UBFC_PHYS_s15_T1_test,122,42,123.4,0.4958782494068146,0.22638368005888282
UBFC_PHYS_s15_T1_test,122,43,123.43333333333334,0.552093505859375,0.6925218320695578
UBFC_PHYS_s15_T1_test,122,44,123.46666666666667,0.4192315936088562,1.099633100719117
UBFC_PHYS_s15_T1_test,122,45,123.5,0.1517503708600998,1.3775103031253755
UBFC_PHYS_s15_T1_test,122,46,123.53333333333333,0.05393848940730095,1.4802187992286886
UBFC_PHYS_s15_T1_test,122,47,123.56666666666666,0.31390759348869324,1.3984560753485706
UBFC_PHYS_s15_T1_test,122,48,123.6,0.7593041062355042,1.160374482755153
UBFC_PHYS_s15_T1_test,122,49,123.63333333333334,1.107873558998108,0.820959718917378
UBFC_PHYS_s15_T1_test,122,50,123.66666666666667,1.2700693607330322,0.44376269008470176
UBFC_PHYS_s15_T1_test,122,51,123.7,1.285112977027893,0.081579678973057
UBFC_PHYS_s15_T1_test,122,52,123.73333333333333,1.1742465496063232,-0.23610131484432414
UBFC_PHYS_s15_T1_test,122,53,123.76666666666667,0.9765951633453369,-0.5034519866744117
UBFC_PHYS_s15_T1_test,122,54,123.8,0.7829411625862122,-0.7272944170453658
UBFC_PHYS_s15_T1_test,122,55,123.83333333333333,0.6493067741394043,-0.9117074542747171
UBFC_PHYS_s15_T1_test,122,56,123.86666666666666,0.560706377029419,-1.0469152663395591
UBFC_PHYS_s15_T1_test,122,57,123.9,0.4612337350845337,-1.1080273712780622
UBFC_PHYS_s15_T1_test,122,58,123.93333333333334,0.25968137383461,-1.0637668773924287
UBFC_PHYS_s15_T1_test,122,59,123.96666666666667,-0.1020970493555069,-0.890687738464771
UBFC_PHYS_s15_T1_test,122,60,124.0,-0.5333189964294434,-0.5866619559680922
UBFC_PHYS_s15_T1_test,122,61,124.03333333333333,-0.8623840808868408,-0.17848286219552822
UBFC_PHYS_s15_T1_test,122,62,124.06666666666666,-1.0406662225723267,0.2791381035825411
UBFC_PHYS_s15_T1_test,122,63,124.1,-1.1233187913894653,0.7134845280640004
UBFC_PHYS_s15_T1_test,122,64,124.13333333333334,-1.148346185684204,1.050944257487566
UBFC_PHYS_s15_T1_test,122,65,124.16666666666667,-1.0759673118591309,1.2369751471299422
UBFC_PHYS_s15_T1_test,122,66,124.2,-0.7673723101615906,1.2515511624247269
UBFC_PHYS_s15_T1_test,122,67,124.23333333333333,-0.09423733502626419,1.1126923188814637
UBFC_PHYS_s15_T1_test,122,68,124.26666666666667,0.8845187425613403,0.8659210236420012
UBFC_PHYS_s15_T1_test,122,69,124.3,1.9266738891601562,0.5649126813319603
UBFC_PHYS_s15_T1_test,122,70,124.33333333333333,2.793926477432251,0.2530873653966595
UBFC_PHYS_s15_T1_test,122,71,124.36666666666666,3.36409330368042,-0.045656749331944635
UBFC_PHYS_s15_T1_test,122,72,124.4,3.6579151153564453,-0.3253953613401132
UBFC_PHYS_s15_T1_test,122,73,124.43333333333334,3.7313754558563232,-0.5899374998911168
UBFC_PHYS_s15_T1_test,122,74,124.46666666666667,3.562072992324829,-0.8427237096183416
UBFC_PHYS_s15_T1_test,122,75,124.5,3.1356403827667236,-1.0777042927544895
UBFC_PHYS_s15_T1_test,122,76,124.53333333333333,2.5449647903442383,-1.2733376772842813
UBFC_PHYS_s15_T1_test,122,77,124.56666666666666,1.9363296031951904,-1.3923381459850737
UBFC_PHYS_s15_T1_test,122,78,124.6,1.3850491046905518,-1.3893261630189329
UBFC_PHYS_s15_T1_test,122,79,124.63333333333334,0.815268337726593,-1.2258874692070134
UBFC_PHYS_s15_T1_test,122,80,124.66666666666667,0.045634619891643524,-0.8884091871782313
UBFC_PHYS_s15_T1_test,122,81,124.7,-0.9016633033752441,-0.40116762531037997
UBFC_PHYS_s15_T1_test,122,82,124.73333333333333,-1.7143999338150024,0.1720577302399503
UBFC_PHYS_s15_T1_test,122,83,124.76666666666667,-2.207534074783325,0.7402545453611397
UBFC_PHYS_s15_T1_test,122,84,124.8,-2.565295696258545,1.2080198990298
UBFC_PHYS_s15_T1_test,122,85,124.83333333333333,-2.9474282264709473,1.5012404215684287
UBFC_PHYS_s15_T1_test,122,86,124.86666666666666,-3.237272024154663,1.5866575310314093
UBFC_PHYS_s15_T1_test,122,87,124.9,-3.265775442123413,1.4783107200453163
UBFC_PHYS_s15_T1_test,122,88,124.93333333333334,-3.0314130783081055,1.228101735786497
UBFC_PHYS_s15_T1_test,122,89,124.96666666666667,-2.680082082748413,0.9037779898382486
UBFC_PHYS_s15_T1_test,122,90,125.0,-2.387206554412842,0.56376185070913
UBFC_PHYS_s15_T1_test,122,91,125.03333333333333,-2.2414252758026123,0.24034525749264554
UBFC_PHYS_s15_T1_test,122,92,125.06666666666666,-2.167926549911499,-0.06169580997518575
UBFC_PHYS_s15_T1_test,122,93,125.1,-2.023728847503662,-0.3523894283010741
UBFC_PHYS_s15_T1_test,122,94,125.13333333333334,-1.7125266790390015,-0.6382122835460995
UBFC_PHYS_s15_T1_test,122,95,125.16666666666667,-1.2340306043624878,-0.9083113907053416
UBFC_PHYS_s15_T1_test,122,96,125.2,-0.6778063774108887,-1.1313009015681128
UBFC_PHYS_s15_T1_test,122,97,125.23333333333333,-0.16657757759094238,-1.2624829564220315
UBFC_PHYS_s15_T1_test,122,98,125.26666666666667,0.23162202537059784,-1.2576465564863817
UBFC_PHYS_s15_T1_test,122,99,125.3,0.526003897190094,-1.0887410221786906
UBFC_PHYS_s15_T1_test,122,100,125.33333333333333,0.7524292469024658,-0.7570212049241121
UBFC_PHYS_s15_T1_test,122,101,125.36666666666666,0.976517915725708,-0.29969394364464785
UBFC_PHYS_s15_T1_test,122,102,125.4,1.2771180868148804,0.2132432526091863
UBFC_PHYS_s15_T1_test,122,103,125.43333333333334,1.6185230016708374,0.6933291704493281
UBFC_PHYS_s15_T1_test,122,104,125.46666666666667,1.9077101945877075,1.0565654201842387
UBFC_PHYS_s15_T1_test,122,105,125.5,2.263444185256958,1.2474622005898346
UBFC_PHYS_s15_T1_test,122,106,125.53333333333333,2.8970296382904053,1.2537132452915358
UBFC_PHYS_s15_T1_test,122,107,125.56666666666666,3.616395950317383,1.104031997953437
UBFC_PHYS_s15_T1_test,122,108,125.6,3.9768998622894287,0.8509898515163322
UBFC_PHYS_s15_T1_test,122,109,125.63333333333334,3.7326500415802,0.5489509285527635
UBFC_PHYS_s15_T1_test,122,110,125.66666666666667,2.926112413406372,0.2376448671241653
UBFC_PHYS_s15_T1_test,122,111,125.7,1.8525763750076294,-0.06361104593342555
UBFC_PHYS_s15_T1_test,122,112,125.73333333333333,0.9591184258460999,-0.3519306462845467
UBFC_PHYS_s15_T1_test,122,113,125.76666666666667,0.40938282012939453,-0.6310413804635862
UBFC_PHYS_s15_T1_test,122,114,125.8,-0.08670591562986374,-0.8996095689777126
UBFC_PHYS_s15_T1_test,122,115,125.83333333333333,-0.7434262633323669,-1.1411982904314013
UBFC_PHYS_s15_T1_test,122,116,125.86666666666666,-1.4890366792678833,-1.3199700136399592
UBFC_PHYS_s15_T1_test,122,117,125.9,-2.2345504760742188,-1.3860357098210918
UBFC_PHYS_s15_T1_test,122,118,125.93333333333334,-2.9034368991851807,-1.2910578476879169
UBFC_PHYS_s15_T1_test,122,119,125.96666666666667,-3.346844434738159,-1.009339472217868
UBFC_PHYS_s15_T1_test,122,120,126.0,-3.5062015056610107,-0.5553188231770894
UBFC_PHYS_s15_T1_test,122,121,126.03333333333333,-3.4710161685943604,0.011610916474837554
UBFC_PHYS_s15_T1_test,122,122,126.06666666666666,-3.3148841857910156,0.5987596417307787
UBFC_PHYS_s15_T1_test,122,123,126.1,-3.063006639480591,1.104514284206648
UBFC_PHYS_s15_T1_test,122,124,126.13333333333334,-2.748154640197754,1.4461301186225601
UBFC_PHYS_s15_T1_test,122,125,126.16666666666667,-2.3158512115478516,1.5806925737791933
UBFC_PHYS_s15_T1_test,122,126,126.2,-1.673575758934021,1.5125753481076083
UBFC_PHYS_s15_T1_test,122,127,126.23333333333333,-0.8934752941131592,1.286119740696858
UBFC_PHYS_s15_T1_test,122,128,126.26666666666667,-0.18940356373786926,0.9668264067666392
UBFC_PHYS_s15_T1_test,122,129,126.3,0.3021470010280609,0.6178816046839792
UBFC_PHYS_s15_T1_test,122,130,126.33333333333333,0.6264228224754333,0.2811656021340842
UBFC_PHYS_s15_T1_test,122,131,126.36666666666666,0.9105117917060852,-0.02944499598110857
UBFC_PHYS_s15_T1_test,122,132,126.4,1.2174460887908936,-0.32072205007358784
UBFC_PHYS_s15_T1_test,122,133,126.43333333333334,1.4762564897537231,-0.6039770105316886
UBFC_PHYS_s15_T1_test,122,134,126.46666666666667,1.5993468761444092,-0.8789739533281921
UBFC_PHYS_s15_T1_test,122,135,126.5,1.5980722904205322,-1.1253147352673953
UBFC_PHYS_s15_T1_test,122,136,126.53333333333333,1.5232216119766235,-1.3042724156950627
UBFC_PHYS_s15_T1_test,122,137,126.56666666666666,1.390610694885254,-1.3694704416540158
UBFC_PHYS_s15_T1_test,122,138,126.6,1.2126375436782837,-1.2823429454606028
UBFC_PHYS_s15_T1_test,122,139,126.63333333333334,1.022034764289856,-1.027611021842015
UBFC_PHYS_s15_T1_test,122,140,126.66666666666667,0.8455098271369934,-0.6238968703255948
UBFC_PHYS_s15_T1_test,122,141,126.7,0.6837002038955688,-0.12506838570637127
UBFC_PHYS_s15_T1_test,122,142,126.73333333333333,0.48326796293258667,0.3901825086231316
UBFC_PHYS_s15_T1_test,122,143,126.76666666666667,0.16662009060382843,0.8388074799557099
UBFC_PHYS_s15_T1_test,122,144,126.8,-0.206223726272583,1.1566472781376846
UBFC_PHYS_s15_T1_test,122,145,126.83333333333333,-0.40045708417892456,1.3142496260850363
UBFC_PHYS_s15_T1_test,122,146,126.86666666666666,-0.2648142874240875,1.318018127933387
UBFC_PHYS_s15_T1_test,122,147,126.9,0.08779124915599823,1.1973814986307727
UBFC_PHYS_s15_T1_test,122,148,126.93333333333334,0.4446066617965698,0.9868650193722197
UBFC_PHYS_s15_T1_test,122,149,126.96666666666667,0.6981450915336609,0.7138341459119929
UBFC_PHYS_s15_T1_test,122,150,127.0,0.8214672803878784,0.39621702252629676
UBFC_PHYS_s15_T1_test,122,151,127.03333333333333,0.8233597874641418,0.04684687008587027
UBFC_PHYS_s15_T1_test,122,152,127.06666666666666,0.8014607429504395,-0.32059445792599467
UBFC_PHYS_s15_T1_test,122,153,127.1,0.8525198698043823,-0.6864572915954829
UBFC_PHYS_s15_T1_test,122,154,127.13333333333334,0.9425686001777649,-1.0214812756997533
UBFC_PHYS_s15_T1_test,122,155,127.16666666666667,0.9813650250434875,-1.2857759387685457
UBFC_PHYS_s15_T1_test,122,156,127.2,0.9967755079269409,-1.432761223175328
UBFC_PHYS_s15_T1_test,122,157,127.23333333333333,1.1005932092666626,-1.4196614046246803
UBFC_PHYS_s15_T1_test,122,158,127.26666666666667,1.2828727960586548,-1.2224902890374303
UBFC_PHYS_s15_T1_test,122,159,127.3,1.3005813360214233,-0.8495987222425071
UBFC_PHYS_s15_T1_test,122,160,127.33333333333333,0.8558413982391357,-0.3470785505971647
UBFC_PHYS_s15_T1_test,122,161,127.36666666666666,-0.07473289221525192,0.20785697662063696
UBFC_PHYS_s15_T1_test,122,162,127.4,-1.1513009071350098,0.724531802091544
UBFC_PHYS_s15_T1_test,122,163,127.43333333333334,-2.0457050800323486,1.1218475789062332
UBFC_PHYS_s15_T1_test,122,164,127.46666666666667,-2.706847667694092,1.3485953318697632
UBFC_PHYS_s15_T1_test,122,165,127.5,-3.077779769897461,1.3937265945642063
UBFC_PHYS_s15_T1_test,122,166,127.53333333333333,-2.922420024871826,1.2830948731746679
UBFC_PHYS_s15_T1_test,122,167,127.56666666666666,-2.281766653060913,1.06455490707621
UBFC_PHYS_s15_T1_test,122,168,127.6,-1.5302470922470093,0.7880630218766865
UBFC_PHYS_s15_T1_test,122,169,127.63333333333334,-0.9223071336746216,0.48940693582718087
UBFC_PHYS_s15_T1_test,122,170,127.66666666666667,-0.4076988101005554,0.1842447278541628
UBFC_PHYS_s15_T1_test,122,171,127.7,0.0630534365773201,-0.1261699387828399
UBFC_PHYS_s15_T1_test,122,172,127.73333333333333,0.4250056743621826,-0.44233786703579187
UBFC_PHYS_s15_T1_test,122,173,127.76666666666667,0.7061013579368591,-0.7546738422481281
UBFC_PHYS_s15_T1_test,122,174,127.8,1.061893343925476,-1.0380675372546981
UBFC_PHYS_s15_T1_test,122,175,127.83333333333333,1.540331482887268,-1.2540803924522521
UBFC_PHYS_s15_T1_test,122,176,127.86666666666666,1.9766709804534912,-1.359199594989627
UBFC_PHYS_s15_T1_test,122,177,127.9,2.160959005355835,-1.3167274219729845
UBFC_PHYS_s15_T1_test,122,178,127.93333333333334,2.0605785846710205,-1.1095864245677982
UBFC_PHYS_s15_T1_test,122,179,127.96666666666667,1.7769339084625244,-0.7505415402468876
UBFC_PHYS_s15_T1_test,122,180,128.0,1.3489562273025513,-0.28540217337082074
UBFC_PHYS_s15_T1_test,122,181,128.03333333333333,0.7716246843338013,0.21438609798862346
UBFC_PHYS_s15_T1_test,122,182,128.06666666666666,0.1140739694237709,0.6694033235971796
UBFC_PHYS_s15_T1_test,122,183,128.1,-0.5465279817581177,1.0141973247280742
UBFC_PHYS_s15_T1_test,122,184,128.13333333333333,-1.131062626838684,1.2137483379431804
UBFC_PHYS_s15_T1_test,122,185,128.16666666666666,-1.5039063692092896,1.266708550113373
UBFC_PHYS_s15_T1_test,122,186,128.2,-1.5590981245040894,1.1956408802275125
UBFC_PHYS_s15_T1_test,122,187,128.23333333333332,-1.371816873550415,1.031894870419067
UBFC_PHYS_s15_T1_test,122,188,128.26666666666668,-1.179746389389038,0.8035563244021064
UBFC_PHYS_s15_T1_test,122,189,128.3,-1.1355427503585815,0.5304612306881246
UBFC_PHYS_s15_T1_test,122,190,128.33333333333334,-1.1404671669006348,0.22542357267166416
UBFC_PHYS_s15_T1_test,122,191,128.36666666666667,-1.0524075031280518,-0.10129041948954498
UBFC_PHYS_s15_T1_test,122,192,128.4,-0.914988100528717,-0.4364318471709864
UBFC_PHYS_s15_T1_test,122,193,128.43333333333334,-0.8405815958976746,-0.758416598727309
UBFC_PHYS_s15_T1_test,122,194,128.46666666666667,-0.7792873978614807,-1.034279166753708
UBFC_PHYS_s15_T1_test,122,195,128.5,-0.6063158512115479,-1.2219712346732108
UBFC_PHYS_s15_T1_test,122,196,128.53333333333333,-0.34719642996788025,-1.2794743691626362
UBFC_PHYS_s15_T1_test,122,197,128.56666666666666,-0.13766852021217346,-1.1785571880909425
UBFC_PHYS_s15_T1_test,122,198,128.6,-0.03358045220375061,-0.9176143492933811
UBFC_PHYS_s15_T1_test,122,199,128.63333333333333,0.013268832117319107,-0.5273111685665421
UBFC_PHYS_s15_T1_test,122,200,128.66666666666666,0.07276703417301178,-0.06566288237395829
UBFC_PHYS_s15_T1_test,122,201,128.7,0.1174534484744072,0.39597623607570315
UBFC_PHYS_s15_T1_test,122,202,128.73333333333332,0.04308552294969559,0.7905570485500037
UBFC_PHYS_s15_T1_test,122,203,128.76666666666668,-0.09740439057350159,1.0701006033324194
UBFC_PHYS_s15_T1_test,122,204,128.8,-0.02935126982629299,1.2131844916453154
UBFC_PHYS_s15_T1_test,122,205,128.83333333333334,0.39903193712234497,1.2240159755104776
UBFC_PHYS_s15_T1_test,122,206,128.86666666666667,0.9852273464202881,1.1244361144883224
UBFC_PHYS_s15_T1_test,122,207,128.9,1.3661625385284424,0.9421844209639985
UBFC_PHYS_s15_T1_test,122,208,128.93333333333334,1.3735781908035278,0.700533376118304
UBFC_PHYS_s15_T1_test,122,209,128.96666666666667,1.133557677268982,0.4140821656660516
UBFC_PHYS_s15_T1_test,122,210,129.0,0.8785322308540344,0.09195360724550537
UBFC_PHYS_s15_T1_test,122,211,129.03333333333333,0.7503049969673157,-0.25470566472888745
UBFC_PHYS_s15_T1_test,122,212,129.06666666666666,0.734720766544342,-0.6059850429160176
UBFC_PHYS_s15_T1_test,122,213,129.1,0.7251230478286743,-0.9310550073622734
UBFC_PHYS_s15_T1_test,122,214,129.13333333333333,0.6107420325279236,-1.1913322217082556
UBFC_PHYS_s15_T1_test,122,215,129.16666666666666,0.3559676706790924,-1.347290014118896
UBFC_PHYS_s15_T1_test,122,216,129.2,0.0024544878397136927,-1.3669710459548243
UBFC_PHYS_s15_T1_test,122,217,129.23333333333332,-0.4161185622215271,-1.2347627715216858
UBFC_PHYS_s15_T1_test,122,218,129.26666666666668,-0.944785475730896,-0.9585228844057082
UBFC_PHYS_s15_T1_test,122,219,129.3,-1.6151782274246216,-0.5721206538234636
UBFC_PHYS_s15_T1_test,122,220,129.33333333333334,-2.310926914215088,-0.13056490622145808
UBFC_PHYS_s15_T1_test,122,221,129.36666666666667,-2.8276400566101074,0.3025085268484546
UBFC_PHYS_s15_T1_test,122,222,129.4,-2.9986419677734375,0.6707319957581329
UBFC_PHYS_s15_T1_test,122,223,129.43333333333334,-2.7451419830322266,0.9371570487764291
UBFC_PHYS_s15_T1_test,122,224,129.46666666666667,-2.1262333393096924,1.08729012272387
UBFC_PHYS_s15_T1_test,122,225,129.5,-1.3788655996322632,1.1232360176433782
UBFC_PHYS_s15_T1_test,122,226,129.53333333333333,-0.7520198225975037,1.0548170152180143
UBFC_PHYS_s15_T1_test,122,227,129.56666666666666,-0.2594650685787201,0.8944023193822573
UBFC_PHYS_s15_T1_test,122,228,129.6,0.22665901482105255,0.6571148068806719
UBFC_PHYS_s15_T1_test,122,229,129.63333333333333,0.7549204230308533,0.3628787666843097
UBFC_PHYS_s15_T1_test,122,230,129.66666666666666,1.2643725872039795,0.03683576888392798
UBFC_PHYS_s15_T1_test,122,231,129.7,1.7316681146621704,-0.2921277714424155
UBFC_PHYS_s15_T1_test,122,232,129.73333333333332,2.2202253341674805,-0.5932341844562263
UBFC_PHYS_s15_T1_test,122,233,129.76666666666668,2.6841607093811035,-0.8353236319295706
UBFC_PHYS_s15_T1_test,122,234,129.8,2.865436315536499,-0.9890243859286281
UBFC_PHYS_s15_T1_test,122,235,129.83333333333334,2.601682186126709,-1.0309696259658663
UBFC_PHYS_s15_T1_test,122,236,129.86666666666667,2.0435845851898193,-0.9495865054670994
UBFC_PHYS_s15_T1_test,122,237,129.9,1.461058497428894,-0.749924461006846
UBFC_PHYS_s15_T1_test,122,238,129.93333333333334,0.9628261923789978,-0.4550022818728876
UBFC_PHYS_s15_T1_test,122,239,129.96666666666667,0.4829203486442566,-0.10293645945168209
UBFC_PHYS_s15_T1_test,123,0,123.0,0.1830347180366516,0.03382222027337793
UBFC_PHYS_s15_T1_test,123,1,123.03333333333333,0.40484464168548584,0.12087374087373229
UBFC_PHYS_s15_T1_test,123,2,123.06666666666666,0.5786659121513367,0.1561726636667222
UBFC_PHYS_s15_T1_test,123,3,123.1,0.7582033276557922,0.10741259885421758
UBFC_PHYS_s15_T1_test,123,4,123.13333333333334,0.9105504155158997,-0.028750363250058298
UBFC_PHYS_s15_T1_test,123,5,123.16666666666667,0.9879308938980103,-0.22683072415260175
UBFC_PHYS_s15_T1_test,123,6,123.2,0.9847831726074219,-0.44178437832995165
UBFC_PHYS_s15_T1_test,123,7,123.23333333333333,0.9052591323852539,-0.6213338063678481
UBFC_PHYS_s15_T1_test,123,8,123.26666666666667,0.7401665449142456,-0.7167878610171501
UBFC_PHYS_s15_T1_test,123,9,123.3,0.531507670879364,-0.6918470303284222
UBFC_PHYS_s15_T1_test,123,10,123.33333333333333,0.39014872908592224,-0.5304094867793031
UBFC_PHYS_s15_T1_test,123,11,123.36666666666666,0.39260125160217285,-0.24293062429122933
UBFC_PHYS_s15_T1_test,123,12,123.4,0.4958782494068146,0.13120526366704016
UBFC_PHYS_s15_T1_test,123,13,123.43333333333334,0.552093505859375,0.5283562072489802
UBFC_PHYS_s15_T1_test,123,14,123.46666666666667,0.4192315936088562,0.8733995911554181
UBFC_PHYS_s15_T1_test,123,15,123.5,0.1517503708600998,1.0981766534551254
UBFC_PHYS_s15_T1_test,123,16,123.53333333333333,0.05393848940730095,1.1600731404530955
UBFC_PHYS_s15_T1_test,123,17,123.56666666666666,0.31390759348869324,1.054026950823013
UBFC_PHYS_s15_T1_test,123,18,123.6,0.7593041062355042,0.8127927333706852
UBFC_PHYS_s15_T1_test,123,19,123.63333333333334,1.107873558998108,0.49449979192805515
UBFC_PHYS_s15_T1_test,123,20,123.66666666666667,1.2700693607330322,0.16205515744445245
UBFC_PHYS_s15_T1_test,123,21,123.7,1.285112977027893,-0.13696148708867564
UBFC_PHYS_s15_T1_test,123,22,123.73333333333333,1.1742465496063232,-0.38114533460118855
UBFC_PHYS_s15_T1_test,123,23,123.76666666666667,0.9765951633453369,-0.572705730051961
UBFC_PHYS_s15_T1_test,123,24,123.8,0.7829411625862122,-0.7246436419113184
UBFC_PHYS_s15_T1_test,123,25,123.83333333333333,0.6493067741394043,-0.8458778877343641
UBFC_PHYS_s15_T1_test,123,26,123.86666666666666,0.560706377029419,-0.9319350295542874
UBFC_PHYS_s15_T1_test,123,27,123.9,0.4612337350845337,-0.9644304254116652
UBFC_PHYS_s15_T1_test,123,28,123.93333333333334,0.25968137383461,-0.9182197226295864
UBFC_PHYS_s15_T1_test,123,29,123.96666666666667,-0.1020970493555069,-0.7726386572113821
UBFC_PHYS_s15_T1_test,123,30,124.0,-0.5333189964294434,-0.5226860815763668
UBFC_PHYS_s15_T1_test,123,31,124.03333333333333,-0.8623840808868408,-0.18643806587736564
UBFC_PHYS_s15_T1_test,123,32,124.06666666666666,-1.0406662225723267,0.19429313176024166
UBFC_PHYS_s15_T1_test,123,33,124.1,-1.1233187913894653,0.5616396977660374
UBFC_PHYS_s15_T1_test,123,34,124.13333333333334,-1.148346185684204,0.8566129923960831
UBFC_PHYS_s15_T1_test,123,35,124.16666666666667,-1.0759673118591309,1.0365370865535526
UBFC_PHYS_s15_T1_test,123,36,124.2,-0.7673723101615906,1.0873323347638544
UBFC_PHYS_s15_T1_test,123,37,124.23333333333333,-0.09423733502626419,1.0241109232418824
UBFC_PHYS_s15_T1_test,123,38,124.26666666666667,0.8845187425613403,0.8796856267235744
UBFC_PHYS_s15_T1_test,123,39,124.3,1.9266738891601562,0.6876453704186862
UBFC_PHYS_s15_T1_test,123,40,124.33333333333333,2.793926477432251,0.4693978369895133
UBFC_PHYS_s15_T1_test,123,41,124.36666666666666,3.36409330368042,0.23122359552534635
UBFC_PHYS_s15_T1_test,123,42,124.4,3.6579151153564453,-0.029641326558605352
UBFC_PHYS_s15_T1_test,123,43,124.43333333333334,3.7313754558563232,-0.31568238561958656
UBFC_PHYS_s15_T1_test,123,44,124.46666666666667,3.562072992324829,-0.6212967460206592
UBFC_PHYS_s15_T1_test,123,45,124.5,3.1356403827667236,-0.9278058906511137
UBFC_PHYS_s15_T1_test,123,46,124.53333333333333,2.5449647903442383,-1.201466446651776
UBFC_PHYS_s15_T1_test,123,47,124.56666666666666,1.9363296031951904,-1.3956814587627506
UBFC_PHYS_s15_T1_test,123,48,124.6,1.3850491046905518,-1.4591285126418796
UBFC_PHYS_s15_T1_test,123,49,124.63333333333334,0.815268337726593,-1.3497990107186355
UBFC_PHYS_s15_T1_test,123,50,124.66666666666667,0.045634619891643524,-1.0513454760284044
UBFC_PHYS_s15_T1_test,123,51,124.7,-0.9016633033752441,-0.585375186197798
UBFC_PHYS_s15_T1_test,123,52,124.73333333333333,-1.7143999338150024,-0.013792493135449484
UBFC_PHYS_s15_T1_test,123,53,124.76666666666667,-2.207534074783325,0.571581397551189
UBFC_PHYS_s15_T1_test,123,54,124.8,-2.565295696258545,1.0707503318128082
UBFC_PHYS_s15_T1_test,123,55,124.83333333333333,-2.9474282264709473,1.4027743640914971
UBFC_PHYS_s15_T1_test,123,56,124.86666666666666,-3.237272024154663,1.5287984069565725
UBFC_PHYS_s15_T1_test,123,57,124.9,-3.265775442123413,1.4608471388863613
UBFC_PHYS_s15_T1_test,123,58,124.93333333333334,-3.0314130783081055,1.25143868998961
UBFC_PHYS_s15_T1_test,123,59,124.96666666666667,-2.680082082748413,0.9681566345332516
UBFC_PHYS_s15_T1_test,123,60,125.0,-2.387206554412842,0.6658032784005342
UBFC_PHYS_s15_T1_test,123,61,125.03333333333333,-2.2414252758026123,0.3702734515878102
UBFC_PHYS_s15_T1_test,123,62,125.06666666666666,-2.167926549911499,0.08052816986396873
UBFC_PHYS_s15_T1_test,123,63,125.1,-2.023728847503662,-0.21580309852522808
UBFC_PHYS_s15_T1_test,123,64,125.13333333333334,-1.7125266790390015,-0.5237301165944487
UBFC_PHYS_s15_T1_test,123,65,125.16666666666667,-1.2340306043624878,-0.8287301330727944
UBFC_PHYS_s15_T1_test,123,66,125.2,-0.6778063774108887,-1.0952584580897733
UBFC_PHYS_s15_T1_test,123,67,125.23333333333333,-0.16657757759094238,-1.2746018628759006
UBFC_PHYS_s15_T1_test,123,68,125.26666666666667,0.23162202537059784,-1.3183268321290196
UBFC_PHYS_s15_T1_test,123,69,125.3,0.526003897190094,-1.193489640711678
UBFC_PHYS_s15_T1_test,123,70,125.33333333333333,0.7524292469024658,-0.8958776597967896
UBFC_PHYS_s15_T1_test,123,71,125.36666666666666,0.976517915725708,-0.4573535404371647
UBFC_PHYS_s15_T1_test,123,72,125.4,1.2771180868148804,0.05629220944731963
UBFC_PHYS_s15_T1_test,123,73,125.43333333333334,1.6185230016708374,0.5585742434317787
UBFC_PHYS_s15_T1_test,123,74,125.46666666666667,1.9077101945877075,0.9642048716409974
UBFC_PHYS_s15_T1_test,123,75,125.5,2.263444185256958,1.212468294595668
UBFC_PHYS_s15_T1_test,123,76,125.53333333333333,2.8970296382904053,1.2822403960486288
UBFC_PHYS_s15_T1_test,123,77,125.56666666666666,3.616395950317383,1.1917564663556406
UBFC_PHYS_s15_T1_test,123,78,125.6,3.9768998622894287,0.9846426339806302
UBFC_PHYS_s15_T1_test,123,79,125.63333333333334,3.7326500415802,0.7108596262178631
UBFC_PHYS_s15_T1_test,123,80,125.66666666666667,2.926112413406372,0.411281676456679
UBFC_PHYS_s15_T1_test,123,81,125.7,1.8525763750076294,0.11007872029890094
UBFC_PHYS_s15_T1_test,123,82,125.73333333333333,0.9591184258460999,-0.18491367820540897
UBFC_PHYS_s15_T1_test,123,83,125.76666666666667,0.40938282012939453,-0.47548312818382615
UBFC_PHYS_s15_T1_test,123,84,125.8,-0.08670591562986374,-0.7623489715131946
UBFC_PHYS_s15_T1_test,123,85,125.83333333333333,-0.7434262633323669,-1.0339359746643453
UBFC_PHYS_s15_T1_test,123,86,125.86666666666666,-1.4890366792678833,-1.2596411693418852
UBFC_PHYS_s15_T1_test,123,87,125.9,-2.2345504760742188,-1.3923590830677113
UBFC_PHYS_s15_T1_test,123,88,125.93333333333334,-2.9034368991851807,-1.3812809073891024
UBFC_PHYS_s15_T1_test,123,89,125.96666666666667,-3.346844434738159,-1.1908226294354796
UBFC_PHYS_s15_T1_test,123,90,126.0,-3.5062015056610107,-0.8182571509265087
UBFC_PHYS_s15_T1_test,123,91,126.03333333333333,-3.4710161685943604,-0.3027345792975577
UBFC_PHYS_s15_T1_test,123,92,126.06666666666666,-3.3148841857910156,0.2785246800073734
UBFC_PHYS_s15_T1_test,123,93,126.1,-3.063006639480591,0.8267901266462624
UBFC_PHYS_s15_T1_test,123,94,126.13333333333334,-2.748154640197754,1.2471546564033338
UBFC_PHYS_s15_T1_test,123,95,126.16666666666667,-2.3158512115478516,1.4751090255312045
UBFC_PHYS_s15_T1_test,123,96,126.2,-1.673575758934021,1.4942807213425247
UBFC_PHYS_s15_T1_test,123,97,126.23333333333333,-0.8934752941131592,1.336927268071962
UBFC_PHYS_s15_T1_test,123,98,126.26666666666667,-0.18940356373786926,1.0661977340193458
UBFC_PHYS_s15_T1_test,123,99,126.3,0.3021470010280609,0.7484367572506375
UBFC_PHYS_s15_T1_test,123,100,126.33333333333333,0.6264228224754333,0.4290320937287731
UBFC_PHYS_s15_T1_test,123,101,126.36666666666666,0.9105117917060852,0.12303463652121789
UBFC_PHYS_s15_T1_test,123,102,126.4,1.2174460887908936,-0.17697058373662525
UBFC_PHYS_s15_T1_test,123,103,126.43333333333334,1.4762564897537231,-0.482449363420975
UBFC_PHYS_s15_T1_test,123,104,126.46666666666667,1.5993468761444092,-0.7905152995318679
UBFC_PHYS_s15_T1_test,123,105,126.5,1.5980722904205322,-1.074201067346462
UBFC_PHYS_s15_T1_test,123,106,126.53333333333333,1.5232216119766235,-1.2851692706993696
UBFC_PHYS_s15_T1_test,123,107,126.56666666666666,1.390610694885254,-1.3673666964270244
UBFC_PHYS_s15_T1_test,123,108,126.6,1.2126375436782837,-1.2763263986982836
UBFC_PHYS_s15_T1_test,123,109,126.63333333333334,1.022034764289856,-0.9972724441641854
UBFC_PHYS_s15_T1_test,123,110,126.66666666666667,0.8455098271369934,-0.5557793491661343
UBFC_PHYS_s15_T1_test,123,111,126.7,0.6837002038955688,-0.01685088543025564
UBFC_PHYS_s15_T1_test,123,112,126.73333333333333,0.48326796293258667,0.5286110158139314
UBFC_PHYS_s15_T1_test,123,113,126.76666666666667,0.16662009060382843,0.9868964297069016
UBFC_PHYS_s15_T1_test,123,114,126.8,-0.206223726272583,1.286748893915078
UBFC_PHYS_s15_T1_test,123,115,126.83333333333333,-0.40045708417892456,1.397166427524677
UBFC_PHYS_s15_T1_test,123,116,126.86666666666666,-0.2648142874240875,1.33022816225572
UBFC_PHYS_s15_T1_test,123,117,126.9,0.08779124915599823,1.1281761625883624
UBFC_PHYS_s15_T1_test,123,118,126.93333333333334,0.4446066617965698,0.842339111622249
UBFC_PHYS_s15_T1_test,123,119,126.96666666666667,0.6981450915336609,0.5151189242174714
UBFC_PHYS_s15_T1_test,123,120,127.0,0.8214672803878784,0.17197243599671883
UBFC_PHYS_s15_T1_test,123,121,127.03333333333333,0.8233597874641418,-0.17663801435414997
UBFC_PHYS_s15_T1_test,123,122,127.06666666666666,0.8014607429504395,-0.5267577115128366
UBFC_PHYS_s15_T1_test,123,123,127.1,0.8525198698043823,-0.8697061439634332
UBFC_PHYS_s15_T1_test,123,124,127.13333333333334,0.9425686001777649,-1.1821888054107057
UBFC_PHYS_s15_T1_test,123,125,127.16666666666667,0.9813650250434875,-1.4223539220343582
UBFC_PHYS_s15_T1_test,123,126,127.2,0.9967755079269409,-1.5356118806547228
UBFC_PHYS_s15_T1_test,123,127,127.23333333333333,1.1005932092666626,-1.4706159937738554
UBFC_PHYS_s15_T1_test,123,128,127.26666666666667,1.2828727960586548,-1.2003538396207978
UBFC_PHYS_s15_T1_test,123,129,127.3,1.3005813360214233,-0.739437650997007
UBFC_PHYS_s15_T1_test,123,130,127.33333333333333,0.8558413982391357,-0.14946709030610128
UBFC_PHYS_s15_T1_test,123,131,127.36666666666666,-0.07473289221525192,0.4712014250656645
UBFC_PHYS_s15_T1_test,123,132,127.4,-1.1513009071350098,1.0114179075178868
UBFC_PHYS_s15_T1_test,123,133,127.43333333333334,-2.0457050800323486,1.377891896764037
UBFC_PHYS_s15_T1_test,123,134,127.46666666666667,-2.706847667694092,1.521871585606729
UBFC_PHYS_s15_T1_test,123,135,127.5,-3.077779769897461,1.4512040353022477
UBFC_PHYS_s15_T1_test,123,136,127.53333333333333,-2.922420024871826,1.2220616612917135
UBFC_PHYS_s15_T1_test,123,137,127.56666666666666,-2.281766653060913,0.913250844983809
UBFC_PHYS_s15_T1_test,123,138,127.6,-1.5302470922470093,0.5946123894296556
UBFC_PHYS_s15_T1_test,123,139,127.63333333333334,-0.9223071336746216,0.30420202812667635
UBFC_PHYS_s15_T1_test,123,140,127.66666666666667,-0.4076988101005554,0.043902600342928096
UBFC_PHYS_s15_T1_test,123,141,127.7,0.0630534365773201,-0.2068876006334911
UBFC_PHYS_s15_T1_test,123,142,127.73333333333333,0.4250056743621826,-0.46871747727765367
UBFC_PHYS_s15_T1_test,123,143,127.76666666666667,0.7061013579368591,-0.7428340757007511
UBFC_PHYS_s15_T1_test,123,144,127.8,1.061893343925476,-1.0033674479875132
UBFC_PHYS_s15_T1_test,123,145,127.83333333333333,1.540331482887268,-1.2023490404518462
UBFC_PHYS_s15_T1_test,123,146,127.86666666666666,1.9766709804534912,-1.2842077969389574
UBFC_PHYS_s15_T1_test,123,147,127.9,2.160959005355835,-1.2044805435885544
UBFC_PHYS_s15_T1_test,123,148,127.93333333333334,2.0605785846710205,-0.947123101442362
UBFC_PHYS_s15_T1_test,123,149,127.96666666666667,1.7769339084625244,-0.5351475265308892
UBFC_PHYS_s15_T1_test,123,150,128.0,1.3489562273025513,-0.030366994366821998
UBFC_PHYS_s15_T1_test,123,151,128.03333333333333,0.7716246843338013,0.47937172969779135
UBFC_PHYS_s15_T1_test,123,152,128.06666666666666,0.1140739694237709,0.9027224345510705
UBFC_PHYS_s15_T1_test,123,153,128.1,-0.5465279817581177,1.1698939026065316
UBFC_PHYS_s15_T1_test,123,154,128.13333333333333,-1.131062626838684,1.2508648077351958
UBFC_PHYS_s15_T1_test,123,155,128.16666666666666,-1.5039063692092896,1.1596419832172993
UBFC_PHYS_s15_T1_test,123,156,128.2,-1.5590981245040894,0.9436713395350755
UBFC_PHYS_s15_T1_test,123,157,128.23333333333332,-1.371816873550415,0.6639632539033661
UBFC_PHYS_s15_T1_test,123,158,128.26666666666668,-1.179746389389038,0.3743875506847274
UBFC_PHYS_s15_T1_test,123,159,128.3,-1.1355427503585815,0.10745705821636053
UBFC_PHYS_s15_T1_test,123,160,128.33333333333334,-1.1404671669006348,-0.12954490532473356
UBFC_PHYS_s15_T1_test,123,161,128.36666666666667,-1.0524075031280518,-0.34799399294389183
UBFC_PHYS_s15_T1_test,123,162,128.4,-0.914988100528717,-0.5637169213476043
UBFC_PHYS_s15_T1_test,123,163,128.43333333333334,-0.8405815958976746,-0.7804537270417619
UBFC_PHYS_s15_T1_test,123,164,128.46666666666667,-0.7792873978614807,-0.9783424273640602
UBFC_PHYS_s15_T1_test,123,165,128.5,-0.6063158512115479,-1.11403469595981
UBFC_PHYS_s15_T1_test,123,166,128.53333333333333,-0.34719642996788025,-1.1341002127028423
UBFC_PHYS_s15_T1_test,123,167,128.56666666666666,-0.13766852021217346,-0.9967394928654856
UBFC_PHYS_s15_T1_test,123,168,128.6,-0.03358045220375061,-0.692460648410379
UBFC_PHYS_s15_T1_test,123,169,128.63333333333333,0.013268832117319107,-0.2546027402691123
UBFC_PHYS_s15_T1_test,123,170,128.66666666666666,0.07276703417301178,0.24487841970638077
UBFC_PHYS_s15_T1_test,123,171,128.7,0.1174534484744072,0.7130946507693502
UBFC_PHYS_s15_T1_test,123,172,128.73333333333332,0.04308552294969559,1.061820170049448
UBFC_PHYS_s15_T1_test,123,173,128.76666666666668,-0.09740439057350159,1.232873910659186
UBFC_PHYS_s15_T1_test,123,174,128.8,-0.02935126982629299,1.2141335974785241
UBFC_PHYS_s15_T1_test,123,175,128.83333333333334,0.39903193712234497,1.0392810605909992
UBFC_PHYS_s15_T1_test,123,176,128.86666666666667,0.9852273464202881,0.7708073216647537
UBFC_PHYS_s15_T1_test,123,177,128.9,1.3661625385284424,0.4736704268761204
UBFC_PHYS_s15_T1_test,123,178,128.93333333333334,1.3735781908035278,0.19187285325255732
UBFC_PHYS_s15_T1_test,123,179,128.96666666666667,1.133557677268982,-0.06132421913514108
UBFC_PHYS_s15_T1_test,123,180,129.0,0.8785322308540344,-0.2965930728613429
UBFC_PHYS_s15_T1_test,123,181,129.03333333333333,0.7503049969673157,-0.5308562881280209
UBFC_PHYS_s15_T1_test,123,182,129.06666666666666,0.734720766544342,-0.7685627797982507
UBFC_PHYS_s15_T1_test,123,183,129.1,0.7251230478286743,-0.9905583009668603
UBFC_PHYS_s15_T1_test,123,184,129.13333333333333,0.6107420325279236,-1.1548691083920504
UBFC_PHYS_s15_T1_test,123,185,129.16666666666666,0.3559676706790924,-1.208702360340562
UBFC_PHYS_s15_T1_test,123,186,129.2,0.0024544878397136927,-1.107073092046734
UBFC_PHYS_s15_T1_test,123,187,129.23333333333332,-0.4161185622215271,-0.8315066228311933
UBFC_PHYS_s15_T1_test,123,188,129.26666666666668,-0.944785475730896,-0.40228510359350467
UBFC_PHYS_s15_T1_test,123,189,129.3,-1.6151782274246216,0.12057910318462112
UBFC_PHYS_s15_T1_test,123,190,129.33333333333334,-2.310926914215088,0.6493361255382946
UBFC_PHYS_s15_T1_test,123,191,129.36666666666667,-2.8276400566101074,1.0907661400863893
UBFC_PHYS_s15_T1_test,123,192,129.4,-2.9986419677734375,1.3714496952455972
UBFC_PHYS_s15_T1_test,123,193,129.43333333333334,-2.7451419830322266,1.4566650619298978
UBFC_PHYS_s15_T1_test,123,194,129.46666666666667,-2.1262333393096924,1.3558775073984048
UBFC_PHYS_s15_T1_test,123,195,129.5,-1.3788655996322632,1.11359566912948
UBFC_PHYS_s15_T1_test,123,196,129.53333333333333,-0.7520198225975037,0.790619528507267
UBFC_PHYS_s15_T1_test,123,197,129.56666666666666,-0.2594650685787201,0.44388973796868914
UBFC_PHYS_s15_T1_test,123,198,129.6,0.22665901482105255,0.1118513024655305
UBFC_PHYS_s15_T1_test,123,199,129.63333333333333,0.7549204230308533,-0.19107582903304451
UBFC_PHYS_s15_T1_test,123,200,129.66666666666666,1.2643725872039795,-0.46997397554798176
UBFC_PHYS_s15_T1_test,123,201,129.7,1.7316681146621704,-0.7364678355786975
UBFC_PHYS_s15_T1_test,123,202,129.73333333333332,2.2202253341674805,-0.9923920501350184
UBFC_PHYS_s15_T1_test,123,203,129.76666666666668,2.6841607093811035,-1.2177580446613006
UBFC_PHYS_s15_T1_test,123,204,129.8,2.865436315536499,-1.3699808271844944
UBFC_PHYS_s15_T1_test,123,205,129.83333333333334,2.601682186126709,-1.396543180942712
UBFC_PHYS_s15_T1_test,123,206,129.86666666666667,2.0435845851898193,-1.2562740564430395
UBFC_PHYS_s15_T1_test,123,207,129.9,1.461058497428894,-0.9396172149994406
UBFC_PHYS_s15_T1_test,123,208,129.93333333333334,0.9628261923789978,-0.4788779015066419
UBFC_PHYS_s15_T1_test,123,209,129.96666666666667,0.4829203486442566,0.05591124026989447
UBFC_PHYS_s15_T1_test,123,210,130.0,-0.04754254221916199,0.5743446754486721
UBFC_PHYS_s15_T1_test,123,211,130.03333333333333,-0.5679249167442322,0.9903789068958656
UBFC_PHYS_s15_T1_test,123,212,130.06666666666666,-0.9247596263885498,1.245710181477121
UBFC_PHYS_s15_T1_test,123,213,130.1,-1.0669490098953247,1.3231415350175963
UBFC_PHYS_s15_T1_test,123,214,130.13333333333333,-1.1195143461227417,1.244945331911927
UBFC_PHYS_s15_T1_test,123,215,130.16666666666666,-1.1965665817260742,1.057557195395444
UBFC_PHYS_s15_T1_test,123,216,130.2,-1.2399977445602417,0.8103285228941909
UBFC_PHYS_s15_T1_test,123,217,130.23333333333332,-1.1786071062088013,0.5386042486823958
UBFC_PHYS_s15_T1_test,123,218,130.26666666666668,-1.0893887281417847,0.2580701182324827
UBFC_PHYS_s15_T1_test,123,219,130.3,-1.0564628839492798,-0.02934534275376473
UBFC_PHYS_s15_T1_test,123,220,130.33333333333334,-1.0306823253631592,-0.32339907267487683
UBFC_PHYS_s15_T1_test,123,221,130.36666666666667,-0.9344346523284912,-0.6145437321258035
UBFC_PHYS_s15_T1_test,123,222,130.4,-0.7548006176948547,-0.8790845394334429
UBFC_PHYS_s15_T1_test,123,223,130.43333333333334,-0.5338211059570312,-1.0817265932124658
UBFC_PHYS_s15_T1_test,123,224,130.46666666666667,-0.34775644540786743,-1.1839419328548615
UBFC_PHYS_s15_T1_test,123,225,130.5,-0.26102927327156067,-1.1552576645214938
UBFC_PHYS_s15_T1_test,123,226,130.53333333333333,-0.2604885697364807,-0.9840519070703855
UBFC_PHYS_s15_T1_test,123,227,130.56666666666666,-0.2797998785972595,-0.6843711321996696
UBFC_PHYS_s15_T1_test,123,228,130.6,-0.31629830598831177,-0.29581831199230896
UBFC_PHYS_s15_T1_test,123,229,130.63333333333333,-0.4334022104740143,0.12469684713420909
UBFC_PHYS_s15_T1_test,123,230,130.66666666666666,-0.6196406483650208,0.517433281449458
UBFC_PHYS_s15_T1_test,123,231,130.7,-0.6944913864135742,0.8351246648503713
UBFC_PHYS_s15_T1_test,123,232,130.73333333333332,-0.479594886302948,1.0520769123222824
UBFC_PHYS_s15_T1_test,123,233,130.76666666666668,-0.04962816461920738,1.162985244072338
UBFC_PHYS_s15_T1_test,123,234,130.8,0.3226556181907654,1.174430449745242
UBFC_PHYS_s15_T1_test,123,235,130.83333333333334,0.5062097907066345,1.0965963272499164
UBFC_PHYS_s15_T1_test,123,236,130.86666666666667,0.5608222484588623,0.9401348671865647
UBFC_PHYS_s15_T1_test,123,237,130.9,0.5419357419013977,0.7173677119741171
UBFC_PHYS_s15_T1_test,123,238,130.93333333333334,0.4581246078014374,0.44431944612619656
UBFC_PHYS_s15_T1_test,123,239,130.96666666666667,0.39569106698036194,0.14119454838538822
UBFC_PHYS_s15_T1_test,124,0,124.0,-0.5333189964294434,0.056170970088528796
UBFC_PHYS_s15_T1_test,124,1,124.03333333333333,-0.8623840808868408,0.8428791061247366
UBFC_PHYS_s15_T1_test,124,2,124.06666666666666,-1.0406662225723267,1.532686645990751
UBFC_PHYS_s15_T1_test,124,3,124.1,-1.1233187913894653,2.043863787697652
UBFC_PHYS_s15_T1_test,124,4,124.13333333333334,-1.148346185684204,2.319088025944153
UBFC_PHYS_s15_T1_test,124,5,124.16666666666667,-1.0759673118591309,2.3364950609976165
UBFC_PHYS_s15_T1_test,124,6,124.2,-0.7673723101615906,2.1145465829448993
UBFC_PHYS_s15_T1_test,124,7,124.23333333333333,-0.09423733502626419,1.7078028689176485
UBFC_PHYS_s15_T1_test,124,8,124.26666666666667,0.8845187425613403,1.193743814681533
UBFC_PHYS_s15_T1_test,124,9,124.3,1.9266738891601562,0.6540233395391144
UBFC_PHYS_s15_T1_test,124,10,124.33333333333333,2.793926477432251,0.1559556463714694
UBFC_PHYS_s15_T1_test,124,11,124.36666666666666,3.36409330368042,-0.2598336672392977
UBFC_PHYS_s15_T1_test,124,12,124.4,3.6579151153564453,-0.5822556140626967
UBFC_PHYS_s15_T1_test,124,13,124.43333333333334,3.7313754558563232,-0.8233789199207115
UBFC_PHYS_s15_T1_test,124,14,124.46666666666667,3.562072992324829,-1.00575314213215
UBFC_PHYS_s15_T1_test,124,15,124.5,3.1356403827667236,-1.1477763203121796
UBFC_PHYS_s15_T1_test,124,16,124.53333333333333,2.5449647903442383,-1.2519769330510655
UBFC_PHYS_s15_T1_test,124,17,124.56666666666666,1.9363296031951904,-1.3004781591383554
UBFC_PHYS_s15_T1_test,124,18,124.6,1.3850491046905518,-1.25987301674326
UBFC_PHYS_s15_T1_test,124,19,124.63333333333334,0.815268337726593,-1.0945943298377032
UBFC_PHYS_s15_T1_test,124,20,124.66666666666667,0.045634619891643524,-0.784558036075362
UBFC_PHYS_s15_T1_test,124,21,124.7,-0.9016633033752441,-0.34071907867768536
UBFC_PHYS_s15_T1_test,124,22,124.73333333333333,-1.7143999338150024,0.18779973112485798
UBFC_PHYS_s15_T1_test,124,23,124.76666666666667,-2.207534074783325,0.719182391823043
UBFC_PHYS_s15_T1_test,124,24,124.8,-2.565295696258545,1.1573738398360733
UBFC_PHYS_s15_T1_test,124,25,124.83333333333333,-2.9474282264709473,1.4189082041399308
UBFC_PHYS_s15_T1_test,124,26,124.86666666666666,-3.237272024154663,1.4587806099160852
UBFC_PHYS_s15_T1_test,124,27,124.9,-3.265775442123413,1.284608484546243
UBFC_PHYS_s15_T1_test,124,28,124.93333333333334,-3.0314130783081055,0.9523020041946325
UBFC_PHYS_s15_T1_test,124,29,124.96666666666667,-2.680082082748413,0.5445369352877052
UBFC_PHYS_s15_T1_test,124,30,125.0,-2.387206554412842,0.14155388344678774
UBFC_PHYS_s15_T1_test,124,31,125.03333333333333,-2.2414252758026123,-0.20269773455897835
UBFC_PHYS_s15_T1_test,124,32,125.06666666666666,-2.167926549911499,-0.46968614610606607
UBFC_PHYS_s15_T1_test,124,33,125.1,-2.023728847503662,-0.6692995546504963
UBFC_PHYS_s15_T1_test,124,34,125.13333333333334,-1.7125266790390015,-0.8227123481938806
UBFC_PHYS_s15_T1_test,124,35,125.16666666666667,-1.2340306043624878,-0.9443566708264471
UBFC_PHYS_s15_T1_test,124,36,125.2,-0.6778063774108887,-1.0306078874669684
UBFC_PHYS_s15_T1_test,124,37,125.23333333333333,-0.16657757759094238,-1.0585868557330107
UBFC_PHYS_s15_T1_test,124,38,125.26666666666667,0.23162202537059784,-0.994572036797738
UBFC_PHYS_s15_T1_test,124,39,125.3,0.526003897190094,-0.8088134893036162
UBFC_PHYS_s15_T1_test,124,40,125.33333333333333,0.7524292469024658,-0.4918190501430888
UBFC_PHYS_s15_T1_test,124,41,125.36666666666666,0.976517915725708,-0.0663595586317812
UBFC_PHYS_s15_T1_test,124,42,125.4,1.2771180868148804,0.4101462623702644
UBFC_PHYS_s15_T1_test,124,43,125.43333333333334,1.6185230016708374,0.8558646745807484
UBFC_PHYS_s15_T1_test,124,44,125.46666666666667,1.9077101945877075,1.1859472960757782
UBFC_PHYS_s15_T1_test,124,45,125.5,2.263444185256958,1.3382484549778537
UBFC_PHYS_s15_T1_test,124,46,125.53333333333333,2.8970296382904053,1.2927802891414826
UBFC_PHYS_s15_T1_test,124,47,125.56666666666666,3.616395950317383,1.075814579592796
UBFC_PHYS_s15_T1_test,124,48,125.6,3.9768998622894287,0.7469580480279528
UBFC_PHYS_s15_T1_test,124,49,125.63333333333334,3.7326500415802,0.37591402816501085
UBFC_PHYS_s15_T1_test,124,50,125.66666666666667,2.926112413406372,0.01946346201380042
UBFC_PHYS_s15_T1_test,124,51,125.7,1.8525763750076294,-0.29235988770236865
UBFC_PHYS_s15_T1_test,124,52,125.73333333333333,0.9591184258460999,-0.5567072831493329
UBFC_PHYS_s15_T1_test,124,53,125.76666666666667,0.40938282012939453,-0.7863844881698187
UBFC_PHYS_s15_T1_test,124,54,125.8,-0.08670591562986374,-0.992244831406773
UBFC_PHYS_s15_T1_test,124,55,125.83333333333333,-0.7434262633323669,-1.1675295922862365
UBFC_PHYS_s15_T1_test,124,56,125.86666666666666,-1.4890366792678833,-1.2814767935760756
UBFC_PHYS_s15_T1_test,124,57,125.9,-2.2345504760742188,-1.2860391675133285
UBFC_PHYS_s15_T1_test,124,58,125.93333333333334,-2.9034368991851807,-1.1341910088447176
UBFC_PHYS_s15_T1_test,124,59,125.96666666666667,-3.346844434738159,-0.802963941357276
UBFC_PHYS_s15_T1_test,124,60,126.0,-3.5062015056610107,-0.31134293447262823
UBFC_PHYS_s15_T1_test,124,61,126.03333333333333,-3.4710161685943604,0.2756307961191494
UBFC_PHYS_s15_T1_test,124,62,126.06666666666666,-3.3148841857910156,0.859706715725457
UBFC_PHYS_s15_T1_test,124,63,126.1,-3.063006639480591,1.3353064527337364
UBFC_PHYS_s15_T1_test,124,64,126.13333333333334,-2.748154640197754,1.619285495176141
UBFC_PHYS_s15_T1_test,124,65,126.16666666666667,-2.3158512115478516,1.6738675897803976
UBFC_PHYS_s15_T1_test,124,66,126.2,-1.673575758934021,1.5144932298747014
UBFC_PHYS_s15_T1_test,124,67,126.23333333333333,-0.8934752941131592,1.1999620196498135
UBFC_PHYS_s15_T1_test,124,68,126.26666666666667,-0.18940356373786926,0.8091316459627749
UBFC_PHYS_s15_T1_test,124,69,126.3,0.3021470010280609,0.41371364944175815
UBFC_PHYS_s15_T1_test,124,70,126.33333333333333,0.6264228224754333,0.057974865853192455
UBFC_PHYS_s15_T1_test,124,71,126.36666666666666,0.9105117917060852,-0.2472427753503487
UBFC_PHYS_s15_T1_test,124,72,126.4,1.2174460887908936,-0.5153948010743254
UBFC_PHYS_s15_T1_test,124,73,126.43333333333334,1.4762564897537231,-0.7657595954309441
UBFC_PHYS_s15_T1_test,124,74,126.46666666666667,1.5993468761444092,-1.004721101289572
UBFC_PHYS_s15_T1_test,124,75,126.5,1.5980722904205322,-1.215032304739829
UBFC_PHYS_s15_T1_test,124,76,126.53333333333333,1.5232216119766235,-1.3571577162272785
UBFC_PHYS_s15_T1_test,124,77,126.56666666666666,1.390610694885254,-1.3817075953526963
UBFC_PHYS_s15_T1_test,124,78,126.6,1.2126375436782837,-1.2481031924976393
UBFC_PHYS_s15_T1_test,124,79,126.63333333333334,1.022034764289856,-0.9427732235570152
UBFC_PHYS_s15_T1_test,124,80,126.66666666666667,0.8455098271369934,-0.4903356614745099
UBFC_PHYS_s15_T1_test,124,81,126.7,0.6837002038955688,0.046828929139249284
UBFC_PHYS_s15_T1_test,124,82,126.73333333333333,0.48326796293258667,0.5817423383632937
UBFC_PHYS_s15_T1_test,124,83,126.76666666666667,0.16662009060382843,1.0253711169797344
UBFC_PHYS_s15_T1_test,124,84,126.8,-0.206223726272583,1.3109267322440685
UBFC_PHYS_s15_T1_test,124,85,126.83333333333333,-0.40045708417892456,1.4105833860055972
UBFC_PHYS_s15_T1_test,124,86,126.86666666666666,-0.2648142874240875,1.3378207013381538
UBFC_PHYS_s15_T1_test,124,87,126.9,0.08779124915599823,1.1349459085391618
UBFC_PHYS_s15_T1_test,124,88,126.93333333333334,0.4446066617965698,0.8526142862791178
UBFC_PHYS_s15_T1_test,124,89,126.96666666666667,0.6981450915336609,0.531684865159298
UBFC_PHYS_s15_T1_test,124,90,127.0,0.8214672803878784,0.1950001887560788
UBFC_PHYS_s15_T1_test,124,91,127.03333333333333,0.8233597874641418,-0.14951150745826575
UBFC_PHYS_s15_T1_test,124,92,127.06666666666666,0.8014607429504395,-0.4981782953084474
UBFC_PHYS_s15_T1_test,124,93,127.1,0.8525198698043823,-0.8393473481594591
UBFC_PHYS_s15_T1_test,124,94,127.13333333333334,0.9425686001777649,-1.1450822110754475
UBFC_PHYS_s15_T1_test,124,95,127.16666666666667,0.9813650250434875,-1.370487190229949
UBFC_PHYS_s15_T1_test,124,96,127.2,0.9967755079269409,-1.462167969370698
UBFC_PHYS_s15_T1_test,124,97,127.23333333333333,1.1005932092666626,-1.3744500137356244
UBFC_PHYS_s15_T1_test,124,98,127.26666666666667,1.2828727960586548,-1.0883624131715521
UBFC_PHYS_s15_T1_test,124,99,127.3,1.3005813360214233,-0.625916617721671
UBFC_PHYS_s15_T1_test,124,100,127.33333333333333,0.8558413982391357,-0.05280594736324539
UBFC_PHYS_s15_T1_test,124,101,127.36666666666666,-0.07473289221525192,0.5336516037360667
UBFC_PHYS_s15_T1_test,124,102,127.4,-1.1513009071350098,1.0290398336391942
UBFC_PHYS_s15_T1_test,124,103,127.43333333333334,-2.0457050800323486,1.3510846979307796
UBFC_PHYS_s15_T1_test,124,104,127.46666666666667,-2.706847667694092,1.4625989964550408
UBFC_PHYS_s15_T1_test,124,105,127.5,-3.077779769897461,1.3785156364688422
UBFC_PHYS_s15_T1_test,124,106,127.53333333333333,-2.922420024871826,1.1539415680358716
UBFC_PHYS_s15_T1_test,124,107,127.56666666666666,-2.281766653060913,0.8587874306167823
UBFC_PHYS_s15_T1_test,124,108,127.6,-1.5302470922470093,0.5506791762714583
UBFC_PHYS_s15_T1_test,124,109,127.63333333333334,-0.9223071336746216,0.2581889552392134
UBFC_PHYS_s15_T1_test,124,110,127.66666666666667,-0.4076988101005554,-0.01939933865668611
UBFC_PHYS_s15_T1_test,124,111,127.7,0.0630534365773201,-0.2979924802583603
UBFC_PHYS_s15_T1_test,124,112,127.73333333333333,0.4250056743621826,-0.588783557202538
UBFC_PHYS_s15_T1_test,124,113,127.76666666666667,0.7061013579368591,-0.8825255734002669
UBFC_PHYS_s15_T1_test,124,114,127.8,1.061893343925476,-1.1446059687950965
UBFC_PHYS_s15_T1_test,124,115,127.83333333333333,1.540331482887268,-1.3221502186849943
UBFC_PHYS_s15_T1_test,124,116,127.86666666666666,1.9766709804534912,-1.3600221713940368
UBFC_PHYS_s15_T1_test,124,117,127.9,2.160959005355835,-1.220234175256706
UBFC_PHYS_s15_T1_test,124,118,127.93333333333334,2.0605785846710205,-0.8985615929659319
UBFC_PHYS_s15_T1_test,124,119,127.96666666666667,1.7769339084625244,-0.43260636370720185
UBFC_PHYS_s15_T1_test,124,120,128.0,1.3489562273025513,0.10278734722119987
UBFC_PHYS_s15_T1_test,124,121,128.03333333333333,0.7716246843338013,0.6132629522008906
UBFC_PHYS_s15_T1_test,124,122,128.06666666666666,0.1140739694237709,1.0109871989830486
UBFC_PHYS_s15_T1_test,124,123,128.1,-0.5465279817581177,1.2395689265638503
UBFC_PHYS_s15_T1_test,124,124,128.13333333333333,-1.131062626838684,1.2876450680627605
UBFC_PHYS_s15_T1_test,124,125,128.16666666666666,-1.5039063692092896,1.1853650930644273
UBFC_PHYS_s15_T1_test,124,126,128.2,-1.5590981245040894,0.986162299025894
UBFC_PHYS_s15_T1_test,124,127,128.23333333333332,-1.371816873550415,0.74315883174358
UBFC_PHYS_s15_T1_test,124,128,128.26666666666668,-1.179746389389038,0.49099438492377945
UBFC_PHYS_s15_T1_test,124,129,128.3,-1.1355427503585815,0.2398637871475674
UBFC_PHYS_s15_T1_test,124,130,128.33333333333334,-1.1404671669006348,-0.017891465188762758
UBFC_PHYS_s15_T1_test,124,131,128.36666666666667,-1.0524075031280518,-0.2935992010413866
UBFC_PHYS_s15_T1_test,124,132,128.4,-0.914988100528717,-0.5873981005975615
UBFC_PHYS_s15_T1_test,124,133,128.43333333333334,-0.8405815958976746,-0.8786714910238035
UBFC_PHYS_s15_T1_test,124,134,128.46666666666667,-0.7792873978614807,-1.1254181894249367
UBFC_PHYS_s15_T1_test,124,135,128.5,-0.6063158512115479,-1.2733319397312328
UBFC_PHYS_s15_T1_test,124,136,128.53333333333333,-0.34719642996788025,-1.2722816295342332
UBFC_PHYS_s15_T1_test,124,137,128.56666666666666,-0.13766852021217346,-1.0950383483137636
UBFC_PHYS_s15_T1_test,124,138,128.6,-0.03358045220375061,-0.7513382171982228
UBFC_PHYS_s15_T1_test,124,139,128.63333333333333,0.013268832117319107,-0.2910392156018552
UBFC_PHYS_s15_T1_test,124,140,128.66666666666666,0.07276703417301178,0.2062184672216036
UBFC_PHYS_s15_T1_test,124,141,128.7,0.1174534484744072,0.6521644271182855
UBFC_PHYS_s15_T1_test,124,142,128.73333333333332,0.04308552294969559,0.9745998661087111
UBFC_PHYS_s15_T1_test,124,143,128.76666666666668,-0.09740439057350159,1.136500674517102
UBFC_PHYS_s15_T1_test,124,144,128.8,-0.02935126982629299,1.1421924345008903
UBFC_PHYS_s15_T1_test,124,145,128.83333333333334,0.39903193712234497,1.0283701990771108
UBFC_PHYS_s15_T1_test,124,146,128.86666666666667,0.9852273464202881,0.8442411049070475
UBFC_PHYS_s15_T1_test,124,147,128.9,1.3661625385284424,0.6300145207248854
UBFC_PHYS_s15_T1_test,124,148,128.93333333333334,1.3735781908035278,0.40372099158842845
UBFC_PHYS_s15_T1_test,124,149,128.96666666666667,1.133557677268982,0.1620232124286258
UBFC_PHYS_s15_T1_test,124,150,129.0,0.8785322308540344,-0.10685796185468761
UBFC_PHYS_s15_T1_test,124,151,129.03333333333333,0.7503049969673157,-0.4060437156084276
UBFC_PHYS_s15_T1_test,124,152,129.06666666666666,0.734720766544342,-0.7175798902867675
UBFC_PHYS_s15_T1_test,124,153,129.1,0.7251230478286743,-1.0001626403138515
UBFC_PHYS_s15_T1_test,124,154,129.13333333333333,0.6107420325279236,-1.1977388580904915
UBFC_PHYS_s15_T1_test,124,155,129.16666666666666,0.3559676706790924,-1.2557442526331763
UBFC_PHYS_s15_T1_test,124,156,129.2,0.0024544878397136927,-1.1394562060896216
UBFC_PHYS_s15_T1_test,124,157,129.23333333333332,-0.4161185622215271,-0.8483471851252826
UBFC_PHYS_s15_T1_test,124,158,129.26666666666668,-0.944785475730896,-0.4211944289751725
UBFC_PHYS_s15_T1_test,124,159,129.3,-1.6151782274246216,0.07084970253849819
UBFC_PHYS_s15_T1_test,124,160,129.33333333333334,-2.310926914215088,0.5421168696784303
UBFC_PHYS_s15_T1_test,124,161,129.36666666666667,-2.8276400566101074,0.9157514022343732
UBFC_PHYS_s15_T1_test,124,162,129.4,-2.9986419677734375,1.1440387213888201
UBFC_PHYS_s15_T1_test,124,163,129.43333333333334,-2.7451419830322266,1.2176645593486173
UBFC_PHYS_s15_T1_test,124,164,129.46666666666667,-2.1262333393096924,1.1603738834267292
UBFC_PHYS_s15_T1_test,124,165,129.5,-1.3788655996322632,1.0122469425027718
UBFC_PHYS_s15_T1_test,124,166,129.53333333333333,-0.7520198225975037,0.8102645622428221
UBFC_PHYS_s15_T1_test,124,167,129.56666666666666,-0.2594650685787201,0.5755795070465799
UBFC_PHYS_s15_T1_test,124,168,129.6,0.22665901482105255,0.3122321960849711
UBFC_PHYS_s15_T1_test,124,169,129.63333333333333,0.7549204230308533,0.015644453455451686
UBFC_PHYS_s15_T1_test,124,170,129.66666666666666,1.2643725872039795,-0.31465767610890355
UBFC_PHYS_s15_T1_test,124,171,129.7,1.7316681146621704,-0.6641534375319289
UBFC_PHYS_s15_T1_test,124,172,129.73333333333332,2.2202253341674805,-0.9987044179471938
UBFC_PHYS_s15_T1_test,124,173,129.76666666666668,2.6841607093811035,-1.2681308632086632
UBFC_PHYS_s15_T1_test,124,174,129.8,2.865436315536499,-1.4173569280961031
UBFC_PHYS_s15_T1_test,124,175,129.83333333333334,2.601682186126709,-1.4021234658887645
UBFC_PHYS_s15_T1_test,124,176,129.86666666666667,2.0435845851898193,-1.2043583381755552
UBFC_PHYS_s15_T1_test,124,177,129.9,1.461058497428894,-0.8416971217756969
UBFC_PHYS_s15_T1_test,124,178,129.93333333333334,0.9628261923789978,-0.36704225468044505
UBFC_PHYS_s15_T1_test,124,179,129.96666666666667,0.4829203486442566,0.14286778429222974
UBFC_PHYS_s15_T1_test,124,180,130.0,-0.04754254221916199,0.6070627443871688
UBFC_PHYS_s15_T1_test,124,181,130.03333333333333,-0.5679249167442322,0.9617472584104124
UBFC_PHYS_s15_T1_test,124,182,130.06666666666666,-0.9247596263885498,1.1753359804976078
UBFC_PHYS_s15_T1_test,124,183,130.1,-1.0669490098953247,1.250786055218442
UBFC_PHYS_s15_T1_test,124,184,130.13333333333333,-1.1195143461227417,1.2146391859605932
UBFC_PHYS_s15_T1_test,124,185,130.16666666666666,-1.1965665817260742,1.0988275399331802
UBFC_PHYS_s15_T1_test,124,186,130.2,-1.2399977445602417,0.9248771504792254
UBFC_PHYS_s15_T1_test,124,187,130.23333333333332,-1.1786071062088013,0.6984495302873737
UBFC_PHYS_s15_T1_test,124,188,130.26666666666668,-1.0893887281417847,0.4159480487081144
UBFC_PHYS_s15_T1_test,124,189,130.3,-1.0564628839492798,0.07812025443646482
UBFC_PHYS_s15_T1_test,124,190,130.33333333333334,-1.0306823253631592,-0.2976786648420115
UBFC_PHYS_s15_T1_test,124,191,130.36666666666667,-0.9344346523284912,-0.6733915575976914
UBFC_PHYS_s15_T1_test,124,192,130.4,-0.7548006176948547,-0.9963610730221283
UBFC_PHYS_s15_T1_test,124,193,130.43333333333334,-0.5338211059570312,-1.212671575117064
UBFC_PHYS_s15_T1_test,124,194,130.46666666666667,-0.34775644540786743,-1.282242306525165
UBFC_PHYS_s15_T1_test,124,195,130.5,-0.26102927327156067,-1.1903893650382291
UBFC_PHYS_s15_T1_test,124,196,130.53333333333333,-0.2604885697364807,-0.9524158606437969
UBFC_PHYS_s15_T1_test,124,197,130.56666666666666,-0.2797998785972595,-0.6101454044694388
UBFC_PHYS_s15_T1_test,124,198,130.6,-0.31629830598831177,-0.22146585524549564
UBFC_PHYS_s15_T1_test,124,199,130.63333333333333,-0.4334022104740143,0.15427978580926122
UBFC_PHYS_s15_T1_test,124,200,130.66666666666666,-0.6196406483650208,0.47083513105880614
UBFC_PHYS_s15_T1_test,124,201,130.7,-0.6944913864135742,0.7045340705664065
UBFC_PHYS_s15_T1_test,124,202,130.73333333333332,-0.479594886302948,0.8545389452012522
UBFC_PHYS_s15_T1_test,124,203,130.76666666666668,-0.04962816461920738,0.9332602716875622
UBFC_PHYS_s15_T1_test,124,204,130.8,0.3226556181907654,0.9522842701653542
UBFC_PHYS_s15_T1_test,124,205,130.83333333333334,0.5062097907066345,0.9124131387677846
UBFC_PHYS_s15_T1_test,124,206,130.86666666666667,0.5608222484588623,0.8035274290986825
UBFC_PHYS_s15_T1_test,124,207,130.9,0.5419357419013977,0.6135174844174526
UBFC_PHYS_s15_T1_test,124,208,130.93333333333334,0.4581246078014374,0.3404759017874639
UBFC_PHYS_s15_T1_test,124,209,130.96666666666667,0.39569106698036194,0.0013608467284324315
UBFC_PHYS_s15_T1_test,124,210,131.0,0.47936707735061646,-0.3668148978287831
UBFC_PHYS_s15_T1_test,124,211,131.03333333333333,0.679509699344635,-0.7132041496574026
UBFC_PHYS_s15_T1_test,124,212,131.06666666666666,0.8302152752876282,-0.9841396819946494
UBFC_PHYS_s15_T1_test,124,213,131.1,0.8569808006286621,-1.1355297696149416
UBFC_PHYS_s15_T1_test,124,214,131.13333333333333,0.8494879603385925,-1.1433074360535171
UBFC_PHYS_s15_T1_test,124,215,131.16666666666666,1.0081112384796143,-1.0091375669637443
UBFC_PHYS_s15_T1_test,124,216,131.2,1.4778013229370117,-0.7595755500438365
UBFC_PHYS_s15_T1_test,124,217,131.23333333333332,2.0855867862701416,-0.43849455803679915
UBFC_PHYS_s15_T1_test,124,218,131.26666666666668,2.388040781021118,-0.09480973315012714
UBFC_PHYS_s15_T1_test,124,219,131.3,2.2159383296966553,0.230285738767434
UBFC_PHYS_s15_T1_test,124,220,131.33333333333334,1.8657273054122925,0.5113886447493177
UBFC_PHYS_s15_T1_test,124,221,131.36666666666667,1.6161091327667236,0.7387914808157017
UBFC_PHYS_s15_T1_test,124,222,131.4,1.5035820007324219,0.9110989813124878
UBFC_PHYS_s15_T1_test,124,223,131.43333333333334,1.503157138824463,1.0254925298063933
UBFC_PHYS_s15_T1_test,124,224,131.46666666666667,1.5865434408187866,1.0714808846907369
UBFC_PHYS_s15_T1_test,124,225,131.5,1.6406538486480713,1.0317055464639988
UBFC_PHYS_s15_T1_test,124,226,131.53333333333333,1.587933897972107,0.8896363762548622
UBFC_PHYS_s15_T1_test,124,227,131.56666666666666,1.544541358947754,0.6405059938689085
UBFC_PHYS_s15_T1_test,124,228,131.6,1.6018379926681519,0.29999978075765493
UBFC_PHYS_s15_T1_test,124,229,131.63333333333333,1.5946928262710571,-0.09401277716190062
UBFC_PHYS_s15_T1_test,124,230,131.66666666666666,1.2938224077224731,-0.48823670511011036
UBFC_PHYS_s15_T1_test,124,231,131.7,0.7146369814872742,-0.8268134253586457
UBFC_PHYS_s15_T1_test,124,232,131.73333333333332,0.022654138505458832,-1.0652778585352327
UBFC_PHYS_s15_T1_test,124,233,131.76666666666668,-0.7173173427581787,-1.1804174620189003
UBFC_PHYS_s15_T1_test,124,234,131.8,-1.4829150438308716,-1.1729574675280827
UBFC_PHYS_s15_T1_test,124,235,131.83333333333334,-2.139345645904541,-1.0630290881151612
UBFC_PHYS_s15_T1_test,124,236,131.86666666666667,-2.543879270553589,-0.8808120666783787
UBFC_PHYS_s15_T1_test,124,237,131.9,-2.7145915031433105,-0.6560275575401324
UBFC_PHYS_s15_T1_test,124,238,131.93333333333334,-2.803558826446533,-0.4100915520062225
UBFC_PHYS_s15_T1_test,124,239,131.96666666666667,-2.888779640197754,-0.15370197550865092
UBFC_PHYS_s15_T1_test,125,0,125.0,-2.387206554412842,0.051785108260068394
UBFC_PHYS_s15_T1_test,125,1,125.03333333333333,-2.2414252758026123,0.4283753084845209
UBFC_PHYS_s15_T1_test,125,2,125.06666666666666,-2.167926549911499,0.7336486556442366
UBFC_PHYS_s15_T1_test,125,3,125.1,-2.023728847503662,0.9140421981428354
UBFC_PHYS_s15_T1_test,125,4,125.13333333333334,-1.7125266790390015,0.9451212279631946
UBFC_PHYS_s15_T1_test,125,5,125.16666666666667,-1.2340306043624878,0.835683085435926
UBFC_PHYS_s15_T1_test,125,6,125.2,-0.6778063774108887,0.6235635387324314
UBFC_PHYS_s15_T1_test,125,7,125.23333333333333,-0.16657757759094238,0.3665045344200277
UBFC_PHYS_s15_T1_test,125,8,125.26666666666667,0.23162202537059784,0.13072632403295756
UBFC_PHYS_s15_T1_test,125,9,125.3,0.526003897190094,-0.02253969904790216
UBFC_PHYS_s15_T1_test,125,10,125.33333333333333,0.7524292469024658,-0.052175100330598086
UBFC_PHYS_s15_T1_test,125,11,125.36666666666666,0.976517915725708,0.04922177720292723
UBFC_PHYS_s15_T1_test,125,12,125.4,1.2771180868148804,0.2491672367454962
UBFC_PHYS_s15_T1_test,125,13,125.43333333333334,1.6185230016708374,0.4819502857132404
UBFC_PHYS_s15_T1_test,125,14,125.46666666666667,1.9077101945877075,0.6684961756052888
UBFC_PHYS_s15_T1_test,125,15,125.5,2.263444185256958,0.7428331618479879
UBFC_PHYS_s15_T1_test,125,16,125.53333333333333,2.8970296382904053,0.6740524254588269
UBFC_PHYS_s15_T1_test,125,17,125.56666666666666,3.616395950317383,0.47433717961979494
UBFC_PHYS_s15_T1_test,125,18,125.6,3.9768998622894287,0.19121083338474779
UBFC_PHYS_s15_T1_test,125,19,125.63333333333334,3.7326500415802,-0.11057996236005492
UBFC_PHYS_s15_T1_test,125,20,125.66666666666667,2.926112413406372,-0.37032381562854827
UBFC_PHYS_s15_T1_test,125,21,125.7,1.8525763750076294,-0.5498739911581284
UBFC_PHYS_s15_T1_test,125,22,125.73333333333333,0.9591184258460999,-0.6442465061944987
UBFC_PHYS_s15_T1_test,125,23,125.76666666666667,0.40938282012939453,-0.6800362031262946
UBFC_PHYS_s15_T1_test,125,24,125.8,-0.08670591562986374,-0.7009329192671074
UBFC_PHYS_s15_T1_test,125,25,125.83333333333333,-0.7434262633323669,-0.7451204576078675
UBFC_PHYS_s15_T1_test,125,26,125.86666666666666,-1.4890366792678833,-0.8240275274370019
UBFC_PHYS_s15_T1_test,125,27,125.9,-2.2345504760742188,-0.912509541304584
UBFC_PHYS_s15_T1_test,125,28,125.93333333333334,-2.9034368991851807,-0.9558049599077092
UBFC_PHYS_s15_T1_test,125,29,125.96666666666667,-3.346844434738159,-0.8911387660557337
UBFC_PHYS_s15_T1_test,125,30,126.0,-3.5062015056610107,-0.6755672775327867
UBFC_PHYS_s15_T1_test,125,31,126.03333333333333,-3.4710161685943604,-0.3088705601168975
UBFC_PHYS_s15_T1_test,125,32,126.06666666666666,-3.3148841857910156,0.15829651598630784
UBFC_PHYS_s15_T1_test,125,33,126.1,-3.063006639480591,0.6355979258972528
UBFC_PHYS_s15_T1_test,125,34,126.13333333333334,-2.748154640197754,1.0207289874549248
UBFC_PHYS_s15_T1_test,125,35,126.16666666666667,-2.3158512115478516,1.2336620480339142
UBFC_PHYS_s15_T1_test,125,36,126.2,-1.673575758934021,1.243553894724707
UBFC_PHYS_s15_T1_test,125,37,126.23333333333333,-0.8934752941131592,1.0765404028183165
UBFC_PHYS_s15_T1_test,125,38,126.26666666666667,-0.18940356373786926,0.8009347482183407
UBFC_PHYS_s15_T1_test,125,39,126.3,0.3021470010280609,0.49698227094016184
UBFC_PHYS_s15_T1_test,125,40,126.33333333333333,0.6264228224754333,0.2256864851432636
UBFC_PHYS_s15_T1_test,125,41,126.36666666666666,0.9105117917060852,0.010879076860868886
UBFC_PHYS_s15_T1_test,125,42,126.4,1.2174460887908936,-0.15942898186534166
UBFC_PHYS_s15_T1_test,125,43,126.43333333333334,1.4762564897537231,-0.31635611775644995
UBFC_PHYS_s15_T1_test,125,44,126.46666666666667,1.5993468761444092,-0.4875985217145007
UBFC_PHYS_s15_T1_test,125,45,126.5,1.5980722904205322,-0.67865509635579
UBFC_PHYS_s15_T1_test,125,46,126.53333333333333,1.5232216119766235,-0.8644619113089692
UBFC_PHYS_s15_T1_test,125,47,126.56666666666666,1.390610694885254,-0.9940348954333585
UBFC_PHYS_s15_T1_test,125,48,126.6,1.2126375436782837,-1.0068625384387015
UBFC_PHYS_s15_T1_test,125,49,126.63333333333334,1.022034764289856,-0.8561888320092103
UBFC_PHYS_s15_T1_test,125,50,126.66666666666667,0.8455098271369934,-0.5312228488658638
UBFC_PHYS_s15_T1_test,125,51,126.7,0.6837002038955688,-0.06928501119753737
UBFC_PHYS_s15_T1_test,125,52,126.73333333333333,0.48326796293258667,0.44852407924651616
UBFC_PHYS_s15_T1_test,125,53,126.76666666666667,0.16662009060382843,0.9185149577108365
UBFC_PHYS_s15_T1_test,125,54,126.8,-0.206223726272583,1.2454446632010867
UBFC_PHYS_s15_T1_test,125,55,126.83333333333333,-0.40045708417892456,1.3712705679947326
UBFC_PHYS_s15_T1_test,125,56,126.86666666666666,-0.2648142874240875,1.2898282742509062
UBFC_PHYS_s15_T1_test,125,57,126.9,0.08779124915599823,1.041980243552016
UBFC_PHYS_s15_T1_test,125,58,126.93333333333334,0.4446066617965698,0.6952501770157541
UBFC_PHYS_s15_T1_test,125,59,126.96666666666667,0.6981450915336609,0.3185033736840818
UBFC_PHYS_s15_T1_test,125,60,127.0,0.8214672803878784,-0.0380728238840094
UBFC_PHYS_s15_T1_test,125,61,127.03333333333333,0.8233597874641418,-0.35191387938198887
UBFC_PHYS_s15_T1_test,125,62,127.06666666666666,0.8014607429504395,-0.6245411799495795
UBFC_PHYS_s15_T1_test,125,63,127.1,0.8525198698043823,-0.8678713093096202
UBFC_PHYS_s15_T1_test,125,64,127.13333333333334,0.9425686001777649,-1.0864014252745402
UBFC_PHYS_s15_T1_test,125,65,127.16666666666667,0.9813650250434875,-1.263509081933722
UBFC_PHYS_s15_T1_test,125,66,127.2,0.9967755079269409,-1.3590133620792537
UBFC_PHYS_s15_T1_test,125,67,127.23333333333333,1.1005932092666626,-1.3206811044498594
UBFC_PHYS_s15_T1_test,125,68,127.26666666666667,1.2828727960586548,-1.1061550346355016
UBFC_PHYS_s15_T1_test,125,69,127.3,1.3005813360214233,-0.7066007386607566
UBFC_PHYS_s15_T1_test,125,70,127.33333333333333,0.8558413982391357,-0.16166716812072657
UBFC_PHYS_s15_T1_test,125,71,127.36666666666666,-0.07473289221525192,0.4421565274720613
UBFC_PHYS_s15_T1_test,125,72,127.4,-1.1513009071350098,0.9917895220560269
UBFC_PHYS_s15_T1_test,125,73,127.43333333333334,-2.0457050800323486,1.3807467286776194
UBFC_PHYS_s15_T1_test,125,74,127.46666666666667,-2.706847667694092,1.5429525183035662
UBFC_PHYS_s15_T1_test,125,75,127.5,-3.077779769897461,1.4729113968309213
UBFC_PHYS_s15_T1_test,125,76,127.53333333333333,-2.922420024871826,1.222873185492142
UBFC_PHYS_s15_T1_test,125,77,127.56666666666666,-2.281766653060913,0.8779441901348313
UBFC_PHYS_s15_T1_test,125,78,127.6,-1.5302470922470093,0.5210262709970519
UBFC_PHYS_s15_T1_test,125,79,127.63333333333334,-0.9223071336746216,0.204350587203535
UBFC_PHYS_s15_T1_test,125,80,127.66666666666667,-0.4076988101005554,-0.06032867031334213
UBFC_PHYS_s15_T1_test,125,81,127.7,0.0630534365773201,-0.29150552953301506
UBFC_PHYS_s15_T1_test,125,82,127.73333333333333,0.4250056743621826,-0.5160719044461168
UBFC_PHYS_s15_T1_test,125,83,127.76666666666667,0.7061013579368591,-0.7478779193831645
UBFC_PHYS_s15_T1_test,125,84,127.8,1.061893343925476,-0.9752932011882484
UBFC_PHYS_s15_T1_test,125,85,127.83333333333333,1.540331482887268,-1.1604492821772177
UBFC_PHYS_s15_T1_test,125,86,127.86666666666666,1.9766709804534912,-1.2491646226812014
UBFC_PHYS_s15_T1_test,125,87,127.9,2.160959005355835,-1.188775277118077
UBFC_PHYS_s15_T1_test,125,88,127.93333333333334,2.0605785846710205,-0.9490941131809859
UBFC_PHYS_s15_T1_test,125,89,127.96666666666667,1.7769339084625244,-0.5395771209446103
UBFC_PHYS_s15_T1_test,125,90,128.0,1.3489562273025513,-0.015208370290089271
UBFC_PHYS_s15_T1_test,125,91,128.03333333333333,0.7716246843338013,0.5334442591534365
UBFC_PHYS_s15_T1_test,125,92,128.06666666666666,0.1140739694237709,1.0040783829580155
UBFC_PHYS_s15_T1_test,125,93,128.1,-0.5465279817581177,1.3118668243755274
UBFC_PHYS_s15_T1_test,125,94,128.13333333333333,-1.131062626838684,1.4127224982072988
UBFC_PHYS_s15_T1_test,125,95,128.16666666666666,-1.5039063692092896,1.311936778321283
UBFC_PHYS_s15_T1_test,125,96,128.2,-1.5590981245040894,1.0561289458636196
UBFC_PHYS_s15_T1_test,125,97,128.23333333333332,-1.371816873550415,0.7132634033645907
UBFC_PHYS_s15_T1_test,125,98,128.26666666666668,-1.179746389389038,0.3491342367557084
UBFC_PHYS_s15_T1_test,125,99,128.3,-1.1355427503585815,0.008800381473668049
UBFC_PHYS_s15_T1_test,125,100,128.33333333333334,-1.1404671669006348,-0.29091293232714854
UBFC_PHYS_s15_T1_test,125,101,128.36666666666667,-1.0524075031280518,-0.5558363672523283
UBFC_PHYS_s15_T1_test,125,102,128.4,-0.914988100528717,-0.7988036000681488
UBFC_PHYS_s15_T1_test,125,103,128.43333333333334,-0.8405815958976746,-1.0212306422823272
UBFC_PHYS_s15_T1_test,125,104,128.46666666666667,-0.7792873978614807,-1.2009663201363892
UBFC_PHYS_s15_T1_test,125,105,128.5,-0.6063158512115479,-1.293227624302811
UBFC_PHYS_s15_T1_test,125,106,128.53333333333333,-0.34719642996788025,-1.2455721604147183
UBFC_PHYS_s15_T1_test,125,107,128.56666666666666,-0.13766852021217346,-1.0211497343009188
UBFC_PHYS_s15_T1_test,125,108,128.6,-0.03358045220375061,-0.6202747199484654
UBFC_PHYS_s15_T1_test,125,109,128.63333333333333,0.013268832117319107,-0.09049220482023777
UBFC_PHYS_s15_T1_test,125,110,128.66666666666666,0.07276703417301178,0.48031603611262835
UBFC_PHYS_s15_T1_test,125,111,128.7,0.1174534484744072,0.986482141489117
UBFC_PHYS_s15_T1_test,125,112,128.73333333333332,0.04308552294969559,1.3350312416566814
UBFC_PHYS_s15_T1_test,125,113,128.76666666666668,-0.09740439057350159,1.4727547696334684
UBFC_PHYS_s15_T1_test,125,114,128.8,-0.02935126982629299,1.3993328090907786
UBFC_PHYS_s15_T1_test,125,115,128.83333333333334,0.39903193712234497,1.1612894385600723
UBFC_PHYS_s15_T1_test,125,116,128.86666666666667,0.9852273464202881,0.829692179930606
UBFC_PHYS_s15_T1_test,125,117,128.9,1.3661625385284424,0.4718287511143205
UBFC_PHYS_s15_T1_test,125,118,128.93333333333334,1.3735781908035278,0.12983077731296072
UBFC_PHYS_s15_T1_test,125,119,128.96666666666667,1.133557677268982,-0.18471940828243796
UBFC_PHYS_s15_T1_test,125,120,129.0,0.8785322308540344,-0.4801693672631799
UBFC_PHYS_s15_T1_test,125,121,129.03333333333333,0.7503049969673157,-0.7661546145608872
UBFC_PHYS_s15_T1_test,125,122,129.06666666666666,0.734720766544342,-1.0369094379744583
UBFC_PHYS_s15_T1_test,125,123,129.1,0.7251230478286743,-1.2634615575046249
UBFC_PHYS_s15_T1_test,125,124,129.13333333333333,0.6107420325279236,-1.3972085660369669
UBFC_PHYS_s15_T1_test,125,125,129.16666666666666,0.3559676706790924,-1.3835785357453518
UBFC_PHYS_s15_T1_test,125,126,129.2,0.0024544878397136927,-1.1817402752033896
UBFC_PHYS_s15_T1_test,125,127,129.23333333333332,-0.4161185622215271,-0.7842715909057512
UBFC_PHYS_s15_T1_test,125,128,129.26666666666668,-0.944785475730896,-0.22940841125451178
UBFC_PHYS_s15_T1_test,125,129,129.3,-1.6151782274246216,0.4005228942484614
UBFC_PHYS_s15_T1_test,125,130,129.33333333333334,-2.310926914215088,0.9965385409768209
UBFC_PHYS_s15_T1_test,125,131,129.36666666666667,-2.8276400566101074,1.45176218918932
UBFC_PHYS_s15_T1_test,125,132,129.4,-2.9986419677734375,1.6911523708169909
UBFC_PHYS_s15_T1_test,125,133,129.43333333333334,-2.7451419830322266,1.690417659102494
UBFC_PHYS_s15_T1_test,125,134,129.46666666666667,-2.1262333393096924,1.4770173610488444
UBFC_PHYS_s15_T1_test,125,135,129.5,-1.3788655996322632,1.1143391759170753
UBFC_PHYS_s15_T1_test,125,136,129.53333333333333,-0.7520198225975037,0.6772787679176492
UBFC_PHYS_s15_T1_test,125,137,129.56666666666666,-0.2594650685787201,0.22977032674347941
UBFC_PHYS_s15_T1_test,125,138,129.6,0.22665901482105255,-0.1883302761510815
UBFC_PHYS_s15_T1_test,125,139,129.63333333333333,0.7549204230308533,-0.5626501623832182
UBFC_PHYS_s15_T1_test,125,140,129.66666666666666,1.2643725872039795,-0.8951318443072367
UBFC_PHYS_s15_T1_test,125,141,129.7,1.7316681146621704,-1.1881659683897923
UBFC_PHYS_s15_T1_test,125,142,129.73333333333332,2.2202253341674805,-1.4290407707662782
UBFC_PHYS_s15_T1_test,125,143,129.76666666666668,2.6841607093811035,-1.58291761112187
UBFC_PHYS_s15_T1_test,125,144,129.8,2.865436315536499,-1.5993653974549749
UBFC_PHYS_s15_T1_test,125,145,129.83333333333334,2.601682186126709,-1.4312105747078436
UBFC_PHYS_s15_T1_test,125,146,129.86666666666667,2.0435845851898193,-1.0583541501729514
UBFC_PHYS_s15_T1_test,125,147,129.9,1.461058497428894,-0.5061368198577281
UBFC_PHYS_s15_T1_test,125,148,129.93333333333334,0.9628261923789978,0.1507446205227187
UBFC_PHYS_s15_T1_test,125,149,129.96666666666667,0.4829203486442566,0.8024020840864886
UBFC_PHYS_s15_T1_test,125,150,130.0,-0.04754254221916199,1.3324237097207485
UBFC_PHYS_s15_T1_test,125,151,130.03333333333333,-0.5679249167442322,1.6512142241624352
UBFC_PHYS_s15_T1_test,125,152,130.06666666666666,-0.9247596263885498,1.7214822022504574
UBFC_PHYS_s15_T1_test,125,153,130.1,-1.0669490098953247,1.565664357315909
UBFC_PHYS_s15_T1_test,125,154,130.13333333333333,-1.1195143461227417,1.252043867613611
UBFC_PHYS_s15_T1_test,125,155,130.16666666666666,-1.1965665817260742,0.8654644552142652
UBFC_PHYS_s15_T1_test,125,156,130.2,-1.2399977445602417,0.4758478552915702
UBFC_PHYS_s15_T1_test,125,157,130.23333333333332,-1.1786071062088013,0.11877507803225544
UBFC_PHYS_s15_T1_test,125,158,130.26666666666668,-1.0893887281417847,-0.20428175382794986
UBFC_PHYS_s15_T1_test,125,159,130.3,-1.0564628839492798,-0.5089357109485041
UBFC_PHYS_s15_T1_test,125,160,130.33333333333334,-1.0306823253631592,-0.805016767138234
UBFC_PHYS_s15_T1_test,125,161,130.36666666666667,-0.9344346523284912,-1.0802149536646581
UBFC_PHYS_s15_T1_test,125,162,130.4,-0.7548006176948547,-1.2971441403698554
UBFC_PHYS_s15_T1_test,125,163,130.43333333333334,-0.5338211059570312,-1.4032843215321593
UBFC_PHYS_s15_T1_test,125,164,130.46666666666667,-0.34775644540786743,-1.3487706683821505
UBFC_PHYS_s15_T1_test,125,165,130.5,-0.26102927327156067,-1.1058162615250335
UBFC_PHYS_s15_T1_test,125,166,130.53333333333333,-0.2604885697364807,-0.6838123851372002
UBFC_PHYS_s15_T1_test,125,167,130.56666666666666,-0.2797998785972595,-0.13497229162590207
UBFC_PHYS_s15_T1_test,125,168,130.6,-0.31629830598831177,0.45291793203708586
UBFC_PHYS_s15_T1_test,125,169,130.63333333333333,-0.4334022104740143,0.9765376662233421
UBFC_PHYS_s15_T1_test,125,170,130.66666666666666,-0.6196406483650208,1.3444691736802947
UBFC_PHYS_s15_T1_test,125,171,130.7,-0.6944913864135742,1.502131191369608
UBFC_PHYS_s15_T1_test,125,172,130.73333333333332,-0.479594886302948,1.4438345378832091
UBFC_PHYS_s15_T1_test,125,173,130.76666666666668,-0.04962816461920738,1.2069932917588455
UBFC_PHYS_s15_T1_test,125,174,130.8,0.3226556181907654,0.8528379467852965
UBFC_PHYS_s15_T1_test,125,175,130.83333333333334,0.5062097907066345,0.4443939821270991
UBFC_PHYS_s15_T1_test,125,176,130.86666666666667,0.5608222484588623,0.031144943247672946
UBFC_PHYS_s15_T1_test,125,177,130.9,0.5419357419013977,-0.3561825597057011
UBFC_PHYS_s15_T1_test,125,178,130.93333333333334,0.4581246078014374,-0.7022501242748034
UBFC_PHYS_s15_T1_test,125,179,130.96666666666667,0.39569106698036194,-0.9987828612289005
UBFC_PHYS_s15_T1_test,125,180,131.0,0.47936707735061646,-1.2350622060400867
UBFC_PHYS_s15_T1_test,125,181,131.03333333333333,0.679509699344635,-1.3908403489200072
UBFC_PHYS_s15_T1_test,125,182,131.06666666666666,0.8302152752876282,-1.435376212089082
UBFC_PHYS_s15_T1_test,125,183,131.1,0.8569808006286621,-1.3350554780762383
UBFC_PHYS_s15_T1_test,125,184,131.13333333333333,0.8494879603385925,-1.0683074866696922
UBFC_PHYS_s15_T1_test,125,185,131.16666666666666,1.0081112384796143,-0.6420396760980156
UBFC_PHYS_s15_T1_test,125,186,131.2,1.4778013229370117,-0.10147940666540865
UBFC_PHYS_s15_T1_test,125,187,131.23333333333332,2.0855867862701416,0.4731653952071213
UBFC_PHYS_s15_T1_test,125,188,131.26666666666668,2.388040781021118,0.9846030585806593
UBFC_PHYS_s15_T1_test,125,189,131.3,2.2159383296966553,1.345492850490188
UBFC_PHYS_s15_T1_test,125,190,131.33333333333334,1.8657273054122925,1.5040757071997615
UBFC_PHYS_s15_T1_test,125,191,131.36666666666667,1.6161091327667236,1.457580875207335
UBFC_PHYS_s15_T1_test,125,192,131.4,1.5035820007324219,1.247980122163545
UBFC_PHYS_s15_T1_test,125,193,131.43333333333334,1.503157138824463,0.9426405860472109
UBFC_PHYS_s15_T1_test,125,194,131.46666666666667,1.5865434408187866,0.6087101845044232
UBFC_PHYS_s15_T1_test,125,195,131.5,1.6406538486480713,0.29222103736922245
UBFC_PHYS_s15_T1_test,125,196,131.53333333333333,1.587933897972107,0.01032740993208008
UBFC_PHYS_s15_T1_test,125,197,131.56666666666666,1.544541358947754,-0.24145297902302063
UBFC_PHYS_s15_T1_test,125,198,131.6,1.6018379926681519,-0.4728822923786983
UBFC_PHYS_s15_T1_test,125,199,131.63333333333333,1.5946928262710571,-0.6835146407906137
UBFC_PHYS_s15_T1_test,125,200,131.66666666666666,1.2938224077224731,-0.8557585085822376
UBFC_PHYS_s15_T1_test,125,201,131.7,0.7146369814872742,-0.9583699651987939
UBFC_PHYS_s15_T1_test,125,202,131.73333333333332,0.022654138505458832,-0.9575007839599143
UBFC_PHYS_s15_T1_test,125,203,131.76666666666668,-0.7173173427581787,-0.8304322628085891
UBFC_PHYS_s15_T1_test,125,204,131.8,-1.4829150438308716,-0.5773161769994297
UBFC_PHYS_s15_T1_test,125,205,131.83333333333334,-2.139345645904541,-0.22719106240968712
UBFC_PHYS_s15_T1_test,125,206,131.86666666666667,-2.543879270553589,0.1645326321187908
UBFC_PHYS_s15_T1_test,125,207,131.9,-2.7145915031433105,0.5280944098725315
UBFC_PHYS_s15_T1_test,125,208,131.93333333333334,-2.803558826446533,0.798361545091933
UBFC_PHYS_s15_T1_test,125,209,131.96666666666667,-2.888779640197754,0.9342067942434833
UBFC_PHYS_s15_T1_test,125,210,132.0,-2.8060693740844727,0.9297757348406808
UBFC_PHYS_s15_T1_test,125,211,132.03333333333333,-2.269639253616333,0.811711300204002
UBFC_PHYS_s15_T1_test,125,212,132.06666666666666,-1.3321514129638672,0.6234524953012257
UBFC_PHYS_s15_T1_test,125,213,132.1,-0.3806629776954651,0.4049885671316895
UBFC_PHYS_s15_T1_test,125,214,132.13333333333333,0.2999068796634674,0.17890128859345505
UBFC_PHYS_s15_T1_test,125,215,132.16666666666666,0.725007176399231,-0.05081547761923123
UBFC_PHYS_s15_T1_test,125,216,132.2,0.9742971062660217,-0.2892567548800679
UBFC_PHYS_s15_T1_test,125,217,132.23333333333332,1.0981985330581665,-0.5384365630606555
UBFC_PHYS_s15_T1_test,125,218,132.26666666666668,1.1964160203933716,-0.7891623819269967
UBFC_PHYS_s15_T1_test,125,219,132.3,1.3064326047897339,-1.0188118253263385
UBFC_PHYS_s15_T1_test,125,220,132.33333333333334,1.357549786567688,-1.1940440063054574
UBFC_PHYS_s15_T1_test,125,221,132.36666666666667,1.328582763671875,-1.2773852476806586
UBFC_PHYS_s15_T1_test,125,222,132.4,1.2418363094329834,-1.2370628152130765
UBFC_PHYS_s15_T1_test,125,223,132.43333333333334,1.0543038845062256,-1.058553249932308
UBFC_PHYS_s15_T1_test,125,224,132.46666666666667,0.7168577909469604,-0.7540363143304154
UBFC_PHYS_s15_T1_test,125,225,132.5,0.2531348466873169,-0.36477580243967306
UBFC_PHYS_s15_T1_test,125,226,132.53333333333333,-0.2480906844139099,0.046476998102774066
UBFC_PHYS_s15_T1_test,125,227,132.56666666666666,-0.660194456577301,0.41163161399830317
UBFC_PHYS_s15_T1_test,125,228,132.6,-0.912207305431366,0.6765039425676246
UBFC_PHYS_s15_T1_test,125,229,132.63333333333333,-1.0658096075057983,0.8159532704515013
UBFC_PHYS_s15_T1_test,125,230,132.66666666666666,-1.227947473526001,0.8390399303503765
UBFC_PHYS_s15_T1_test,125,231,132.7,-1.3748681545257568,0.7821625962849066
UBFC_PHYS_s15_T1_test,125,232,132.73333333333332,-1.328076720237732,0.6929121051426004
UBFC_PHYS_s15_T1_test,125,233,132.76666666666668,-0.9851847887039185,0.6112675793351728
UBFC_PHYS_s15_T1_test,125,234,132.8,-0.5133897066116333,0.5560764128865826
UBFC_PHYS_s15_T1_test,125,235,132.83333333333334,-0.13202960789203644,0.5224380163018506
UBFC_PHYS_s15_T1_test,125,236,132.86666666666667,0.10273821651935577,0.49025201466383844
UBFC_PHYS_s15_T1_test,125,237,132.9,0.18755356967449188,0.438634295323761
UBFC_PHYS_s15_T1_test,125,238,132.93333333333334,0.11778174340724945,0.35832146211590493
UBFC_PHYS_s15_T1_test,125,239,132.96666666666667,-0.01909695565700531,0.25602116739231745
UBFC_PHYS_s15_T1_test,126,0,126.0,-3.5062015056610107,-0.0020202954117355997
UBFC_PHYS_s15_T1_test,126,1,126.03333333333333,-3.4710161685943604,0.7480993216766981
UBFC_PHYS_s15_T1_test,126,2,126.06666666666666,-3.3148841857910156,1.3842159878863565
UBFC_PHYS_s15_T1_test,126,3,126.1,-3.063006639480591,1.816082621631596
UBFC_PHYS_s15_T1_test,126,4,126.13333333333334,-2.748154640197754,1.992168884766706
UBFC_PHYS_s15_T1_test,126,5,126.16666666666667,-2.3158512115478516,1.9090196215034798
UBFC_PHYS_s15_T1_test,126,6,126.2,-1.673575758934021,1.6087743186257544
UBFC_PHYS_s15_T1_test,126,7,126.23333333333333,-0.8934752941131592,1.165491275657982
UBFC_PHYS_s15_T1_test,126,8,126.26666666666667,-0.18940356373786926,0.6647495491946386
UBFC_PHYS_s15_T1_test,126,9,126.3,0.3021470010280609,0.18287881891962743
UBFC_PHYS_s15_T1_test,126,10,126.33333333333333,0.6264228224754333,-0.22801416867417537
UBFC_PHYS_s15_T1_test,126,11,126.36666666666666,0.9105117917060852,-0.5452962904959594
UBFC_PHYS_s15_T1_test,126,12,126.4,1.2174460887908936,-0.7711023825140606
UBFC_PHYS_s15_T1_test,126,13,126.43333333333334,1.4762564897537231,-0.9209313621619067
UBFC_PHYS_s15_T1_test,126,14,126.46666666666667,1.5993468761444092,-1.010574947965252
UBFC_PHYS_s15_T1_test,126,15,126.5,1.5980722904205322,-1.04620121488935
UBFC_PHYS_s15_T1_test,126,16,126.53333333333333,1.5232216119766235,-1.0207812619310928
UBFC_PHYS_s15_T1_test,126,17,126.56666666666666,1.390610694885254,-0.9177184569034824
UBFC_PHYS_s15_T1_test,126,18,126.6,1.2126375436782837,-0.7202002573499584
UBFC_PHYS_s15_T1_test,126,19,126.63333333333334,1.022034764289856,-0.4229712210520461
UBFC_PHYS_s15_T1_test,126,20,126.66666666666667,0.8455098271369934,-0.04225795309795543
UBFC_PHYS_s15_T1_test,126,21,126.7,0.6837002038955688,0.38039104411444
UBFC_PHYS_s15_T1_test,126,22,126.73333333333333,0.48326796293258667,0.7832886568022641
UBFC_PHYS_s15_T1_test,126,23,126.76666666666667,0.16662009060382843,1.0986791594255576
UBFC_PHYS_s15_T1_test,126,24,126.8,-0.206223726272583,1.2712669383056556
UBFC_PHYS_s15_T1_test,126,25,126.83333333333333,-0.40045708417892456,1.2738320516174426
UBFC_PHYS_s15_T1_test,126,26,126.86666666666666,-0.2648142874240875,1.1133407854366866
UBFC_PHYS_s15_T1_test,126,27,126.9,0.08779124915599823,0.8253949179311394
UBFC_PHYS_s15_T1_test,126,28,126.93333333333334,0.4446066617965698,0.4605801510611234
UBFC_PHYS_s15_T1_test,126,29,126.96666666666667,0.6981450915336609,0.0695446429885692
UBFC_PHYS_s15_T1_test,126,30,127.0,0.8214672803878784,-0.3075298424941691
UBFC_PHYS_s15_T1_test,126,31,127.03333333333333,0.8233597874641418,-0.6448301848789165
UBFC_PHYS_s15_T1_test,126,32,127.06666666666666,0.8014607429504395,-0.9286042422300292
UBFC_PHYS_s15_T1_test,126,33,127.1,0.8525198698043823,-1.1505429345001956
UBFC_PHYS_s15_T1_test,126,34,127.13333333333334,0.9425686001777649,-1.2998824918468719
UBFC_PHYS_s15_T1_test,126,35,127.16666666666667,0.9813650250434875,-1.3580955188768797
UBFC_PHYS_s15_T1_test,126,36,127.2,0.9967755079269409,-1.2998681386235373
UBFC_PHYS_s15_T1_test,126,37,127.23333333333333,1.1005932092666626,-1.1018199306903742
UBFC_PHYS_s15_T1_test,126,38,127.26666666666667,1.2828727960586548,-0.7562643631332087
UBFC_PHYS_s15_T1_test,126,39,127.3,1.3005813360214233,-0.28373132770837506
UBFC_PHYS_s15_T1_test,126,40,127.33333333333333,0.8558413982391357,0.2624502483161675
UBFC_PHYS_s15_T1_test,126,41,127.36666666666666,-0.07473289221525192,0.803237392429044
UBFC_PHYS_s15_T1_test,126,42,127.4,-1.1513009071350098,1.2515095584203524
UBFC_PHYS_s15_T1_test,126,43,127.43333333333334,-2.0457050800323486,1.5346201466471312
UBFC_PHYS_s15_T1_test,126,44,127.46666666666667,-2.706847667694092,1.6139246083030339
UBFC_PHYS_s15_T1_test,126,45,127.5,-3.077779769897461,1.4940146410571513
UBFC_PHYS_s15_T1_test,126,46,127.53333333333333,-2.922420024871826,1.2178488918652597
UBFC_PHYS_s15_T1_test,126,47,127.56666666666666,-2.281766653060913,0.8494798275713319
UBFC_PHYS_s15_T1_test,126,48,127.6,-1.5302470922470093,0.4517004881085978
UBFC_PHYS_s15_T1_test,126,49,127.63333333333334,-0.9223071336746216,0.06833053964453877
UBFC_PHYS_s15_T1_test,126,50,127.66666666666667,-0.4076988101005554,-0.28191377923399286
UBFC_PHYS_s15_T1_test,126,51,127.7,0.0630534365773201,-0.5990722414431591
UBFC_PHYS_s15_T1_test,126,52,127.73333333333333,0.4250056743621826,-0.8879258759404428
UBFC_PHYS_s15_T1_test,126,53,127.76666666666667,0.7061013579368591,-1.143781446111282
UBFC_PHYS_s15_T1_test,126,54,127.8,1.061893343925476,-1.3444193574191883
UBFC_PHYS_s15_T1_test,126,55,127.83333333333333,1.540331482887268,-1.4513307869809475
UBFC_PHYS_s15_T1_test,126,56,127.86666666666666,1.9766709804534912,-1.4200591176531776
UBFC_PHYS_s15_T1_test,126,57,127.9,2.160959005355835,-1.2167046353731108
UBFC_PHYS_s15_T1_test,126,58,127.93333333333334,2.0605785846710205,-0.8353985250015444
UBFC_PHYS_s15_T1_test,126,59,127.96666666666667,1.7769339084625244,-0.3101321728481759
UBFC_PHYS_s15_T1_test,126,60,128.0,1.3489562273025513,0.28531751308467596
UBFC_PHYS_s15_T1_test,126,61,128.03333333333333,0.7716246843338013,0.8521474939601461
UBFC_PHYS_s15_T1_test,126,62,128.06666666666666,0.1140739694237709,1.2924061145432812
UBFC_PHYS_s15_T1_test,126,63,128.1,-0.5465279817581177,1.53657703381192
UBFC_PHYS_s15_T1_test,126,64,128.13333333333333,-1.131062626838684,1.561876941658006
UBFC_PHYS_s15_T1_test,126,65,128.16666666666666,-1.5039063692092896,1.3941077666456847
UBFC_PHYS_s15_T1_test,126,66,128.2,-1.5590981245040894,1.093337524956994
UBFC_PHYS_s15_T1_test,126,67,128.23333333333332,-1.371816873550415,0.7305469000035668
UBFC_PHYS_s15_T1_test,126,68,128.26666666666668,-1.179746389389038,0.3650776098029041
UBFC_PHYS_s15_T1_test,126,69,128.3,-1.1355427503585815,0.03092415349547549
UBFC_PHYS_s15_T1_test,126,70,128.33333333333334,-1.1404671669006348,-0.26456878594186206
UBFC_PHYS_s15_T1_test,126,71,128.36666666666667,-1.0524075031280518,-0.5310078498188984
UBFC_PHYS_s15_T1_test,126,72,128.4,-0.914988100528717,-0.7793521493343192
UBFC_PHYS_s15_T1_test,126,73,128.43333333333334,-0.8405815958976746,-1.0071473621691642
UBFC_PHYS_s15_T1_test,126,74,128.46666666666667,-0.7792873978614807,-1.1907900629779302
UBFC_PHYS_s15_T1_test,126,75,128.5,-0.6063158512115479,-1.2884912932667194
UBFC_PHYS_s15_T1_test,126,76,128.53333333333333,-0.34719642996788025,-1.2536705489477122
UBFC_PHYS_s15_T1_test,126,77,128.56666666666666,-0.13766852021217346,-1.0542966618194813
UBFC_PHYS_s15_T1_test,126,78,128.6,-0.03358045220375061,-0.690695598135794
UBFC_PHYS_s15_T1_test,126,79,128.63333333333333,0.013268832117319107,-0.2040713829607187
UBFC_PHYS_s15_T1_test,126,80,128.66666666666666,0.07276703417301178,0.328946040965171
UBFC_PHYS_s15_T1_test,126,81,128.7,0.1174534484744072,0.815011814413747
UBFC_PHYS_s15_T1_test,126,82,128.73333333333332,0.04308552294969559,1.1697594939460498
UBFC_PHYS_s15_T1_test,126,83,128.76666666666668,-0.09740439057350159,1.3409895060898305
UBFC_PHYS_s15_T1_test,126,84,128.8,-0.02935126982629299,1.3206436994440478
UBFC_PHYS_s15_T1_test,126,85,128.83333333333334,0.39903193712234497,1.141356780665089
UBFC_PHYS_s15_T1_test,126,86,128.86666666666667,0.9852273464202881,0.8597326966471286
UBFC_PHYS_s15_T1_test,126,87,128.9,1.3661625385284424,0.5339756010385652
UBFC_PHYS_s15_T1_test,126,88,128.93333333333334,1.3735781908035278,0.20561491556810005
UBFC_PHYS_s15_T1_test,126,89,128.96666666666667,1.133557677268982,-0.10737654505782494
UBFC_PHYS_s15_T1_test,126,90,129.0,0.8785322308540344,-0.404735278237186
UBFC_PHYS_s15_T1_test,126,91,129.03333333333333,0.7503049969673157,-0.6900100480694839
UBFC_PHYS_s15_T1_test,126,92,129.06666666666666,0.734720766544342,-0.9561410201420948
UBFC_PHYS_s15_T1_test,126,93,129.1,0.7251230478286743,-1.1772898109726222
UBFC_PHYS_s15_T1_test,126,94,129.13333333333333,0.6107420325279236,-1.3106403042668295
UBFC_PHYS_s15_T1_test,126,95,129.16666666666666,0.3559676706790924,-1.3079695853970192
UBFC_PHYS_s15_T1_test,126,96,129.2,0.0024544878397136927,-1.1332219363909253
UBFC_PHYS_s15_T1_test,126,97,129.23333333333332,-0.4161185622215271,-0.7799671306874844
UBFC_PHYS_s15_T1_test,126,98,129.26666666666668,-0.944785475730896,-0.282045405432887
UBFC_PHYS_s15_T1_test,126,99,129.3,-1.6151782274246216,0.2877759084454319
UBFC_PHYS_s15_T1_test,126,100,129.33333333333334,-2.310926914215088,0.8327042862385476
UBFC_PHYS_s15_T1_test,126,101,129.36666666666667,-2.8276400566101074,1.2568150742120143
UBFC_PHYS_s15_T1_test,126,102,129.4,-2.9986419677734375,1.491423639994948
UBFC_PHYS_s15_T1_test,126,103,129.43333333333334,-2.7451419830322266,1.5127602506661604
UBFC_PHYS_s15_T1_test,126,104,129.46666666666667,-2.1262333393096924,1.3441979561071735
UBFC_PHYS_s15_T1_test,126,105,129.5,-1.3788655996322632,1.0429920985908134
UBFC_PHYS_s15_T1_test,126,106,129.53333333333333,-0.7520198225975037,0.6778695214844729
UBFC_PHYS_s15_T1_test,126,107,129.56666666666666,-0.2594650685787201,0.30684608685731385
UBFC_PHYS_s15_T1_test,126,108,129.6,0.22665901482105255,-0.036691153051152926
UBFC_PHYS_s15_T1_test,126,109,129.63333333333333,0.7549204230308533,-0.3457066493603682
UBFC_PHYS_s15_T1_test,126,110,129.66666666666666,1.2643725872039795,-0.6296790467453212
UBFC_PHYS_s15_T1_test,126,111,129.7,1.7316681146621704,-0.8978932340999679
UBFC_PHYS_s15_T1_test,126,112,129.73333333333332,2.2202253341674805,-1.1434189608867553
UBFC_PHYS_s15_T1_test,126,113,129.76666666666668,2.6841607093811035,-1.3354966095516507
UBFC_PHYS_s15_T1_test,126,114,129.8,2.865436315536499,-1.4246917091004556
UBFC_PHYS_s15_T1_test,126,115,129.83333333333334,2.601682186126709,-1.359666193123063
UBFC_PHYS_s15_T1_test,126,116,129.86666666666667,2.0435845851898193,-1.1092398975538271
UBFC_PHYS_s15_T1_test,126,117,129.9,1.461058497428894,-0.6807846521790992
UBFC_PHYS_s15_T1_test,126,118,129.93333333333334,0.9628261923789978,-0.1269892191899519
UBFC_PHYS_s15_T1_test,126,119,129.96666666666667,0.4829203486442566,0.46291051250578524
UBFC_PHYS_s15_T1_test,126,120,130.0,-0.04754254221916199,0.9857231951103023
UBFC_PHYS_s15_T1_test,126,121,130.03333333333333,-0.5679249167442322,1.3533908435723416
UBFC_PHYS_s15_T1_test,126,122,130.06666666666666,-0.9247596263885498,1.5176323342254616
UBFC_PHYS_s15_T1_test,126,123,130.1,-1.0669490098953247,1.4800963943032552
UBFC_PHYS_s15_T1_test,126,124,130.13333333333333,-1.1195143461227417,1.2841240532619411
UBFC_PHYS_s15_T1_test,126,125,130.16666666666666,-1.1965665817260742,0.992665579729768
UBFC_PHYS_s15_T1_test,126,126,130.2,-1.2399977445602417,0.6631326607894278
UBFC_PHYS_s15_T1_test,126,127,130.23333333333332,-1.1786071062088013,0.33061331917793124
UBFC_PHYS_s15_T1_test,126,128,130.26666666666668,-1.0893887281417847,0.005563072338492781
UBFC_PHYS_s15_T1_test,126,129,130.3,-1.0564628839492798,-0.31564256471162633
UBFC_PHYS_s15_T1_test,126,130,130.33333333333334,-1.0306823253631592,-0.6345538083866686
UBFC_PHYS_s15_T1_test,126,131,130.36666666666667,-0.9344346523284912,-0.937453203408545
UBFC_PHYS_s15_T1_test,126,132,130.4,-0.7548006176948547,-1.1909646206801467
UBFC_PHYS_s15_T1_test,126,133,130.43333333333334,-0.5338211059570312,-1.3479033075515974
UBFC_PHYS_s15_T1_test,126,134,130.46666666666667,-0.34775644540786743,-1.3611025824646514
UBFC_PHYS_s15_T1_test,126,135,130.5,-0.26102927327156067,-1.2005639090906015
UBFC_PHYS_s15_T1_test,126,136,130.53333333333333,-0.2604885697364807,-0.8680444364646026
UBFC_PHYS_s15_T1_test,126,137,130.56666666666666,-0.2797998785972595,-0.40344678819873847
UBFC_PHYS_s15_T1_test,126,138,130.6,-0.31629830598831177,0.1205082717127591
UBFC_PHYS_s15_T1_test,126,139,130.63333333333333,-0.4334022104740143,0.6150690289322885
UBFC_PHYS_s15_T1_test,126,140,130.66666666666666,-0.6196406483650208,0.998956256168237
UBFC_PHYS_s15_T1_test,126,141,130.7,-0.6944913864135742,1.2202929098354978
UBFC_PHYS_s15_T1_test,126,142,130.73333333333332,-0.479594886302948,1.268054708155292
UBFC_PHYS_s15_T1_test,126,143,130.76666666666668,-0.04962816461920738,1.16812482126429
UBFC_PHYS_s15_T1_test,126,144,130.8,0.3226556181907654,0.9666676866402713
UBFC_PHYS_s15_T1_test,126,145,130.83333333333334,0.5062097907066345,0.7097799707700704
UBFC_PHYS_s15_T1_test,126,146,130.86666666666667,0.5608222484588623,0.42887091362584584
UBFC_PHYS_s15_T1_test,126,147,130.9,0.5419357419013977,0.1368235214824156
UBFC_PHYS_s15_T1_test,126,148,130.93333333333334,0.4581246078014374,-0.16569912040032694
UBFC_PHYS_s15_T1_test,126,149,130.96666666666667,0.39569106698036194,-0.4784189605697231
UBFC_PHYS_s15_T1_test,126,150,131.0,0.47936707735061646,-0.7897563693035606
UBFC_PHYS_s15_T1_test,126,151,131.03333333333333,0.679509699344635,-1.070070291886296
UBFC_PHYS_s15_T1_test,126,152,131.06666666666666,0.8302152752876282,-1.273062999337361
UBFC_PHYS_s15_T1_test,126,153,131.1,0.8569808006286621,-1.346293518095366
UBFC_PHYS_s15_T1_test,126,154,131.13333333333333,0.8494879603385925,-1.2484174042148322
UBFC_PHYS_s15_T1_test,126,155,131.16666666666666,1.0081112384796143,-0.9674028493066756
UBFC_PHYS_s15_T1_test,126,156,131.2,1.4778013229370117,-0.5322113438466273
UBFC_PHYS_s15_T1_test,126,157,131.23333333333332,2.0855867862701416,-0.011606959580430015
UBFC_PHYS_s15_T1_test,126,158,131.26666666666668,2.388040781021118,0.5018271161153883
UBFC_PHYS_s15_T1_test,126,159,131.3,2.2159383296966553,0.917969335839474
UBFC_PHYS_s15_T1_test,126,160,131.33333333333334,1.8657273054122925,1.1756145600982608
UBFC_PHYS_s15_T1_test,126,161,131.36666666666667,1.6161091327667236,1.2578934383661329
UBFC_PHYS_s15_T1_test,126,162,131.4,1.5035820007324219,1.190493290010933
UBFC_PHYS_s15_T1_test,126,163,131.43333333333334,1.503157138824463,1.0246301177346462
UBFC_PHYS_s15_T1_test,126,164,131.46666666666667,1.5865434408187866,0.8132395460999226
UBFC_PHYS_s15_T1_test,126,165,131.5,1.6406538486480713,0.5910829514183228
UBFC_PHYS_s15_T1_test,126,166,131.53333333333333,1.587933897972107,0.36691258679702343
UBFC_PHYS_s15_T1_test,126,167,131.56666666666666,1.544541358947754,0.12976977901421072
UBFC_PHYS_s15_T1_test,126,168,131.6,1.6018379926681519,-0.13530924475157605
UBFC_PHYS_s15_T1_test,126,169,131.63333333333333,1.5946928262710571,-0.43076079768046643
UBFC_PHYS_s15_T1_test,126,170,131.66666666666666,1.2938224077224731,-0.7366873595077905
UBFC_PHYS_s15_T1_test,126,171,131.7,0.7146369814872742,-1.0112397629016865
UBFC_PHYS_s15_T1_test,126,172,131.73333333333332,0.022654138505458832,-1.2004953043021411
UBFC_PHYS_s15_T1_test,126,173,131.76666666666668,-0.7173173427581787,-1.254238508368742
UBFC_PHYS_s15_T1_test,126,174,131.8,-1.4829150438308716,-1.1425412013554497
UBFC_PHYS_s15_T1_test,126,175,131.83333333333334,-2.139345645904541,-0.8678633302712281
UBFC_PHYS_s15_T1_test,126,176,131.86666666666667,-2.543879270553589,-0.4684620021691127
UBFC_PHYS_s15_T1_test,126,177,131.9,-2.7145915031433105,-0.01108332684688982
UBFC_PHYS_s15_T1_test,126,178,131.93333333333334,-2.803558826446533,0.4259241165803211
UBFC_PHYS_s15_T1_test,126,179,131.96666666666667,-2.888779640197754,0.7740822769567025
UBFC_PHYS_s15_T1_test,126,180,132.0,-2.8060693740844727,0.9927084973550205
UBFC_PHYS_s15_T1_test,126,181,132.03333333333333,-2.269639253616333,1.0756776662895597
UBFC_PHYS_s15_T1_test,126,182,132.06666666666666,-1.3321514129638672,1.0447597059695062
UBFC_PHYS_s15_T1_test,126,183,132.1,-0.3806629776954651,0.9340355263112442
UBFC_PHYS_s15_T1_test,126,184,132.13333333333333,0.2999068796634674,0.7735994191900026
UBFC_PHYS_s15_T1_test,126,185,132.16666666666666,0.725007176399231,0.5798136596922923
UBFC_PHYS_s15_T1_test,126,186,132.2,0.9742971062660217,0.3550273315359349
UBFC_PHYS_s15_T1_test,126,187,132.23333333333332,1.0981985330581665,0.09492107658607656
UBFC_PHYS_s15_T1_test,126,188,132.26666666666668,1.1964160203933716,-0.20092836462213312
UBFC_PHYS_s15_T1_test,126,189,132.3,1.3064326047897339,-0.5198410408185665
UBFC_PHYS_s15_T1_test,126,190,132.33333333333334,1.357549786567688,-0.8316263261491528
UBFC_PHYS_s15_T1_test,126,191,132.36666666666667,1.328582763671875,-1.0908870833926054
UBFC_PHYS_s15_T1_test,126,192,132.4,1.2418363094329834,-1.24630689479635
UBFC_PHYS_s15_T1_test,126,193,132.43333333333334,1.0543038845062256,-1.2550424058423508
UBFC_PHYS_s15_T1_test,126,194,132.46666666666667,0.7168577909469604,-1.09778441097936
UBFC_PHYS_s15_T1_test,126,195,132.5,0.2531348466873169,-0.7886523299693581
UBFC_PHYS_s15_T1_test,126,196,132.53333333333333,-0.2480906844139099,-0.3752747787385714
UBFC_PHYS_s15_T1_test,126,197,132.56666666666666,-0.660194456577301,0.07220561914340069
UBFC_PHYS_s15_T1_test,126,198,132.6,-0.912207305431366,0.4802621076210367
UBFC_PHYS_s15_T1_test,126,199,132.63333333333333,-1.0658096075057983,0.7925533695151753
UBFC_PHYS_s15_T1_test,126,200,132.66666666666666,-1.227947473526001,0.9835242323330791
UBFC_PHYS_s15_T1_test,126,201,132.7,-1.3748681545257568,1.0590764516717204
UBFC_PHYS_s15_T1_test,126,202,132.73333333333332,-1.328076720237732,1.044899630578491
UBFC_PHYS_s15_T1_test,126,203,132.76666666666668,-0.9851847887039185,0.9694489255667545
UBFC_PHYS_s15_T1_test,126,204,132.8,-0.5133897066116333,0.8504143257095849
UBFC_PHYS_s15_T1_test,126,205,132.83333333333334,-0.13202960789203644,0.6904955443743797
UBFC_PHYS_s15_T1_test,126,206,132.86666666666667,0.10273821651935577,0.482852437254336
UBFC_PHYS_s15_T1_test,126,207,132.9,0.18755356967449188,0.22188398230047526
UBFC_PHYS_s15_T1_test,126,208,132.93333333333334,0.11778174340724945,-0.08674157181059693
UBFC_PHYS_s15_T1_test,126,209,132.96666666666667,-0.01909695565700531,-0.4214005405309213
UBFC_PHYS_s15_T1_test,126,210,133.0,-0.1216980442404747,-0.7464726059007459
UBFC_PHYS_s15_T1_test,126,211,133.03333333333333,-0.2073051631450653,-1.0192575700635178
UBFC_PHYS_s15_T1_test,126,212,133.06666666666666,-0.29667800664901733,-1.1989582784440647
UBFC_PHYS_s15_T1_test,126,213,133.1,-0.3395298421382904,-1.2552084800492351
UBFC_PHYS_s15_T1_test,126,214,133.13333333333333,-0.370524525642395,-1.1745045634952607
UBFC_PHYS_s15_T1_test,126,215,133.16666666666666,-0.5082142949104309,-0.9634720050581228
UBFC_PHYS_s15_T1_test,126,216,133.2,-0.7390425801277161,-0.6480703126664514
UBFC_PHYS_s15_T1_test,126,217,133.23333333333332,-0.8837037682533264,-0.2683673981826566
UBFC_PHYS_s15_T1_test,126,218,133.26666666666668,-0.8072308897972107,0.1300525130734377
UBFC_PHYS_s15_T1_test,126,219,133.3,-0.5859230756759644,0.5052733569536031
UBFC_PHYS_s15_T1_test,126,220,133.33333333333334,-0.43618303537368774,0.8253301031468577
UBFC_PHYS_s15_T1_test,126,221,133.36666666666667,-0.4805218577384949,1.0694120186045948
UBFC_PHYS_s15_T1_test,126,222,133.4,-0.589862585067749,1.224852971705756
UBFC_PHYS_s15_T1_test,126,223,133.43333333333334,-0.49936971068382263,1.2832465847635959
UBFC_PHYS_s15_T1_test,126,224,133.46666666666667,-0.11011124402284622,1.2389031083907884
UBFC_PHYS_s15_T1_test,126,225,133.5,0.40665990114212036,1.0906069199150017
UBFC_PHYS_s15_T1_test,126,226,133.53333333333333,0.8337106108665466,0.8451223937966306
UBFC_PHYS_s15_T1_test,126,227,133.56666666666666,1.1064831018447876,0.5198761922485464
UBFC_PHYS_s15_T1_test,126,228,133.6,1.2022093534469604,0.14318288804318502
UBFC_PHYS_s15_T1_test,126,229,133.63333333333333,1.1073521375656128,-0.2481539191640723
UBFC_PHYS_s15_T1_test,126,230,133.66666666666666,0.9189894795417786,-0.6134503965339995
UBFC_PHYS_s15_T1_test,126,231,133.7,0.7427929043769836,-0.9143844723748189
UBFC_PHYS_s15_T1_test,126,232,133.73333333333332,0.5592966675758362,-1.121681954911686
UBFC_PHYS_s15_T1_test,126,233,133.76666666666668,0.35614147782325745,-1.2203501756231698
UBFC_PHYS_s15_T1_test,126,234,133.8,0.1907399445772171,-1.2115718071280366
UBFC_PHYS_s15_T1_test,126,235,133.83333333333334,0.025550836697220802,-1.1103582764725521
UBFC_PHYS_s15_T1_test,126,236,133.86666666666667,-0.2322940230369568,-0.9396841521931246
UBFC_PHYS_s15_T1_test,126,237,133.9,-0.552379310131073,-0.7232933859541301
UBFC_PHYS_s15_T1_test,126,238,133.93333333333334,-0.8092778921127319,-0.4799482535955918
UBFC_PHYS_s15_T1_test,126,239,133.96666666666667,-0.9197000861167908,-0.22138402083563616
UBFC_PHYS_s15_T1_test,127,0,127.0,0.8214672803878784,0.017987854710731662
UBFC_PHYS_s15_T1_test,127,1,127.03333333333333,0.8233597874641418,-0.07404586922447433
UBFC_PHYS_s15_T1_test,127,2,127.06666666666666,0.8014607429504395,-0.18244371252634192
UBFC_PHYS_s15_T1_test,127,3,127.1,0.8525198698043823,-0.3087764238726379
UBFC_PHYS_s15_T1_test,127,4,127.13333333333334,0.9425686001777649,-0.43088704247958504
UBFC_PHYS_s15_T1_test,127,5,127.16666666666667,0.9813650250434875,-0.5063205405871579
UBFC_PHYS_s15_T1_test,127,6,127.2,0.9967755079269409,-0.48666352553485287
UBFC_PHYS_s15_T1_test,127,7,127.23333333333333,1.1005932092666626,-0.3369835105754055
UBFC_PHYS_s15_T1_test,127,8,127.26666666666667,1.2828727960586548,-0.052527115012169265
UBFC_PHYS_s15_T1_test,127,9,127.3,1.3005813360214233,0.33372706089750237
UBFC_PHYS_s15_T1_test,127,10,127.33333333333333,0.8558413982391357,0.7554978953110922
UBFC_PHYS_s15_T1_test,127,11,127.36666666666666,-0.07473289221525192,1.1284883216555397
UBFC_PHYS_s15_T1_test,127,12,127.4,-1.1513009071350098,1.3723085954762992
UBFC_PHYS_s15_T1_test,127,13,127.43333333333334,-2.0457050800323486,1.4328067937793034
UBFC_PHYS_s15_T1_test,127,14,127.46666666666667,-2.706847667694092,1.2977377727730195
UBFC_PHYS_s15_T1_test,127,15,127.5,-3.077779769897461,0.9998253403267534
UBFC_PHYS_s15_T1_test,127,16,127.53333333333333,-2.922420024871826,0.6050159004969606
UBFC_PHYS_s15_T1_test,127,17,127.56666666666666,-2.281766653060913,0.18959510304978672
UBFC_PHYS_s15_T1_test,127,18,127.6,-1.5302470922470093,-0.18446862185694873
UBFC_PHYS_s15_T1_test,127,19,127.63333333333334,-0.9223071336746216,-0.48514748963288773
UBFC_PHYS_s15_T1_test,127,20,127.66666666666667,-0.4076988101005554,-0.7109850068146231
UBFC_PHYS_s15_T1_test,127,21,127.7,0.0630534365773201,-0.8787217352190038
UBFC_PHYS_s15_T1_test,127,22,127.73333333333333,0.4250056743621826,-1.005885373151656
UBFC_PHYS_s15_T1_test,127,23,127.76666666666667,0.7061013579368591,-1.0973752895047406
UBFC_PHYS_s15_T1_test,127,24,127.8,1.061893343925476,-1.1413561998259534
UBFC_PHYS_s15_T1_test,127,25,127.83333333333333,1.540331482887268,-1.1144109252387298
UBFC_PHYS_s15_T1_test,127,26,127.86666666666666,1.9766709804534912,-0.9922737712178891
UBFC_PHYS_s15_T1_test,127,27,127.9,2.160959005355835,-0.7615517265278012
UBFC_PHYS_s15_T1_test,127,28,127.93333333333334,2.0605785846710205,-0.42877923251399713
UBFC_PHYS_s15_T1_test,127,29,127.96666666666667,1.7769339084625244,-0.024490980220905022
UBFC_PHYS_s15_T1_test,127,30,128.0,1.3489562273025513,0.3991251944130809
UBFC_PHYS_s15_T1_test,127,31,128.03333333333333,0.7716246843338013,0.7774760580547719
UBFC_PHYS_s15_T1_test,127,32,128.06666666666666,0.1140739694237709,1.04833658454902
UBFC_PHYS_s15_T1_test,127,33,128.1,-0.5465279817581177,1.1682100228549788
UBFC_PHYS_s15_T1_test,127,34,128.13333333333333,-1.131062626838684,1.1243849517326834
UBFC_PHYS_s15_T1_test,127,35,128.16666666666666,-1.5039063692092896,0.9375120085655229
UBFC_PHYS_s15_T1_test,127,36,128.2,-1.5590981245040894,0.6535113156855058
UBFC_PHYS_s15_T1_test,127,37,128.23333333333332,-1.371816873550415,0.3283650237082827
UBFC_PHYS_s15_T1_test,127,38,128.26666666666668,-1.179746389389038,0.01186851386720104
UBFC_PHYS_s15_T1_test,127,39,128.3,-1.1355427503585815,-0.2638928060394471
UBFC_PHYS_s15_T1_test,127,40,128.33333333333334,-1.1404671669006348,-0.4878272786111627
UBFC_PHYS_s15_T1_test,127,41,128.36666666666667,-1.0524075031280518,-0.6645688015831943
UBFC_PHYS_s15_T1_test,127,42,128.4,-0.914988100528717,-0.8035053956980598
UBFC_PHYS_s15_T1_test,127,43,128.43333333333334,-0.8405815958976746,-0.9071046838943533
UBFC_PHYS_s15_T1_test,127,44,128.46666666666667,-0.7792873978614807,-0.963890171314503
UBFC_PHYS_s15_T1_test,127,45,128.5,-0.6063158512115479,-0.9495565932593215
UBFC_PHYS_s15_T1_test,127,46,128.53333333333333,-0.34719642996788025,-0.8361230256079397
UBFC_PHYS_s15_T1_test,127,47,128.56666666666666,-0.13766852021217346,-0.6054397908043192
UBFC_PHYS_s15_T1_test,127,48,128.6,-0.03358045220375061,-0.26154271831097
UBFC_PHYS_s15_T1_test,127,49,128.63333333333333,0.013268832117319107,0.163164834103808
UBFC_PHYS_s15_T1_test,127,50,128.66666666666666,0.07276703417301178,0.6106315537820798
UBFC_PHYS_s15_T1_test,127,51,128.7,0.1174534484744072,1.0085318788515694
UBFC_PHYS_s15_T1_test,127,52,128.73333333333332,0.04308552294969559,1.287394151370786
UBFC_PHYS_s15_T1_test,127,53,128.76666666666668,-0.09740439057350159,1.3985841764110343
UBFC_PHYS_s15_T1_test,127,54,128.8,-0.02935126982629299,1.327237645286406
UBFC_PHYS_s15_T1_test,127,55,128.83333333333334,0.39903193712234497,1.095174235346248
UBFC_PHYS_s15_T1_test,127,56,128.86666666666667,0.9852273464202881,0.7522238759029878
UBFC_PHYS_s15_T1_test,127,57,128.9,1.3661625385284424,0.3592649524016611
UBFC_PHYS_s15_T1_test,127,58,128.93333333333334,1.3735781908035278,-0.029687369587825776
UBFC_PHYS_s15_T1_test,127,59,128.96666666666667,1.133557677268982,-0.3786945503351134
UBFC_PHYS_s15_T1_test,127,60,129.0,0.8785322308540344,-0.6710003146549588
UBFC_PHYS_s15_T1_test,127,61,129.03333333333333,0.7503049969673157,-0.9021586239788004
UBFC_PHYS_s15_T1_test,127,62,129.06666666666666,0.734720766544342,-1.0703485815093001
UBFC_PHYS_s15_T1_test,127,63,129.1,0.7251230478286743,-1.1688597647669794
UBFC_PHYS_s15_T1_test,127,64,129.13333333333333,0.6107420325279236,-1.183660302312983
UBFC_PHYS_s15_T1_test,127,65,129.16666666666666,0.3559676706790924,-1.0965755559949208
UBFC_PHYS_s15_T1_test,127,66,129.2,0.0024544878397136927,-0.8928821882328444
UBFC_PHYS_s15_T1_test,127,67,129.23333333333332,-0.4161185622215271,-0.5709446873678241
UBFC_PHYS_s15_T1_test,127,68,129.26666666666668,-0.944785475730896,-0.15054132017750016
UBFC_PHYS_s15_T1_test,127,69,129.3,-1.6151782274246216,0.3239159533392459
UBFC_PHYS_s15_T1_test,127,70,129.33333333333334,-2.310926914215088,0.7882015874158433
UBFC_PHYS_s15_T1_test,127,71,129.36666666666667,-2.8276400566101074,1.1712717623505007
UBFC_PHYS_s15_T1_test,127,72,129.4,-2.9986419677734375,1.4125130019918686
UBFC_PHYS_s15_T1_test,127,73,129.43333333333334,-2.7451419830322266,1.4766944738493692
UBFC_PHYS_s15_T1_test,127,74,129.46666666666667,-2.1262333393096924,1.3610402357946754
UBFC_PHYS_s15_T1_test,127,75,129.5,-1.3788655996322632,1.092616058157523
UBFC_PHYS_s15_T1_test,127,76,129.53333333333333,-0.7520198225975037,0.7183538312974906
UBFC_PHYS_s15_T1_test,127,77,129.56666666666666,-0.2594650685787201,0.29220919234585674
UBFC_PHYS_s15_T1_test,127,78,129.6,0.22665901482105255,-0.13652051644140256
UBFC_PHYS_s15_T1_test,127,79,129.63333333333333,0.7549204230308533,-0.5310490767700002
UBFC_PHYS_s15_T1_test,127,80,129.66666666666666,1.2643725872039795,-0.8692110746232851
UBFC_PHYS_s15_T1_test,127,81,129.7,1.7316681146621704,-1.1392780106979692
UBFC_PHYS_s15_T1_test,127,82,129.73333333333332,2.2202253341674805,-1.3318998894685965
UBFC_PHYS_s15_T1_test,127,83,129.76666666666668,2.6841607093811035,-1.4330708817701592
UBFC_PHYS_s15_T1_test,127,84,129.8,2.865436315536499,-1.4226121012726762
UBFC_PHYS_s15_T1_test,127,85,129.83333333333334,2.601682186126709,-1.2796928832584185
UBFC_PHYS_s15_T1_test,127,86,129.86666666666667,2.0435845851898193,-0.9932920906346356
UBFC_PHYS_s15_T1_test,127,87,129.9,1.461058497428894,-0.5730711113899469
UBFC_PHYS_s15_T1_test,127,88,129.93333333333334,0.9628261923789978,-0.05583456837078711
UBFC_PHYS_s15_T1_test,127,89,129.96666666666667,0.4829203486442566,0.49582971178005336
UBFC_PHYS_s15_T1_test,127,90,130.0,-0.04754254221916199,1.0038185900168508
UBFC_PHYS_s15_T1_test,127,91,130.03333333333333,-0.5679249167442322,1.3917481738232922
UBFC_PHYS_s15_T1_test,127,92,130.06666666666666,-0.9247596263885498,1.6039793258275024
UBFC_PHYS_s15_T1_test,127,93,130.1,-1.0669490098953247,1.6194452168532083
UBFC_PHYS_s15_T1_test,127,94,130.13333333333333,-1.1195143461227417,1.4544955979945215
UBFC_PHYS_s15_T1_test,127,95,130.16666666666666,-1.1965665817260742,1.1534413152686116
UBFC_PHYS_s15_T1_test,127,96,130.2,-1.2399977445602417,0.7714412202734359
UBFC_PHYS_s15_T1_test,127,97,130.23333333333332,-1.1786071062088013,0.35805381902955463
UBFC_PHYS_s15_T1_test,127,98,130.26666666666668,-1.0893887281417847,-0.05150296218436581
UBFC_PHYS_s15_T1_test,127,99,130.3,-1.0564628839492798,-0.4354116633382705
UBFC_PHYS_s15_T1_test,127,100,130.33333333333334,-1.0306823253631592,-0.7780940690319561
UBFC_PHYS_s15_T1_test,127,101,130.36666666666667,-0.9344346523284912,-1.0627419274877659
UBFC_PHYS_s15_T1_test,127,102,130.4,-0.7548006176948547,-1.2678255718585834
UBFC_PHYS_s15_T1_test,127,103,130.43333333333334,-0.5338211059570312,-1.3685670908211502
UBFC_PHYS_s15_T1_test,127,104,130.46666666666667,-0.34775644540786743,-1.342255609445114
UBFC_PHYS_s15_T1_test,127,105,130.5,-0.26102927327156067,-1.1755723022060032
UBFC_PHYS_s15_T1_test,127,106,130.53333333333333,-0.2604885697364807,-0.871788394456854
UBFC_PHYS_s15_T1_test,127,107,130.56666666666666,-0.2797998785972595,-0.4555432655059714
UBFC_PHYS_s15_T1_test,127,108,130.6,-0.31629830598831177,0.026878809630468774
UBFC_PHYS_s15_T1_test,127,109,130.63333333333333,-0.4334022104740143,0.5131177811442857
UBFC_PHYS_s15_T1_test,127,110,130.66666666666666,-0.6196406483650208,0.9360253140238924
UBFC_PHYS_s15_T1_test,127,111,130.7,-0.6944913864135742,1.238053197369599
UBFC_PHYS_s15_T1_test,127,112,130.73333333333332,-0.479594886302948,1.3835456341859318
UBFC_PHYS_s15_T1_test,127,113,130.76666666666668,-0.04962816461920738,1.3639538077596423
UBFC_PHYS_s15_T1_test,127,114,130.8,0.3226556181907654,1.19507057228949
UBFC_PHYS_s15_T1_test,127,115,130.83333333333334,0.5062097907066345,0.9094564464441698
UBFC_PHYS_s15_T1_test,127,116,130.86666666666667,0.5608222484588623,0.5476632548086448
UBFC_PHYS_s15_T1_test,127,117,130.9,0.5419357419013977,0.1503109635838908
UBFC_PHYS_s15_T1_test,127,118,130.93333333333334,0.4581246078014374,-0.24755660643616198
UBFC_PHYS_s15_T1_test,127,119,130.96666666666667,0.39569106698036194,-0.618432018004395
UBFC_PHYS_s15_T1_test,127,120,131.0,0.47936707735061646,-0.9401658722043447
UBFC_PHYS_s15_T1_test,127,121,131.03333333333333,0.679509699344635,-1.191256540608616
UBFC_PHYS_s15_T1_test,127,122,131.06666666666666,0.8302152752876282,-1.34721729091126
UBFC_PHYS_s15_T1_test,127,123,131.1,0.8569808006286621,-1.3816630052897247
UBFC_PHYS_s15_T1_test,127,124,131.13333333333333,0.8494879603385925,-1.2730676730531763
UBFC_PHYS_s15_T1_test,127,125,131.16666666666666,1.0081112384796143,-1.0146361326501654
UBFC_PHYS_s15_T1_test,127,126,131.2,1.4778013229370117,-0.6228062384218493
UBFC_PHYS_s15_T1_test,127,127,131.23333333333332,2.0855867862701416,-0.1400941105497415
UBFC_PHYS_s15_T1_test,127,128,131.26666666666668,2.388040781021118,0.3701546378391501
UBFC_PHYS_s15_T1_test,127,129,131.3,2.2159383296966553,0.8363867151677571
UBFC_PHYS_s15_T1_test,127,130,131.33333333333334,1.8657273054122925,1.194665605147799
UBFC_PHYS_s15_T1_test,127,131,131.36666666666667,1.6161091327667236,1.4020589993536245
UBFC_PHYS_s15_T1_test,127,132,131.4,1.5035820007324219,1.4436160598593841
UBFC_PHYS_s15_T1_test,127,133,131.43333333333334,1.503157138824463,1.3317987724214293
UBFC_PHYS_s15_T1_test,127,134,131.46666666666667,1.5865434408187866,1.0991452386906893
UBFC_PHYS_s15_T1_test,127,135,131.5,1.6406538486480713,0.7866263116807916
UBFC_PHYS_s15_T1_test,127,136,131.53333333333333,1.587933897972107,0.4322473728858464
UBFC_PHYS_s15_T1_test,127,137,131.56666666666666,1.544541358947754,0.06473576353015875
UBFC_PHYS_s15_T1_test,127,138,131.6,1.6018379926681519,-0.29591895118619554
UBFC_PHYS_s15_T1_test,127,139,131.63333333333333,1.5946928262710571,-0.6332947152025545
UBFC_PHYS_s15_T1_test,127,140,131.66666666666666,1.2938224077224731,-0.9287394882104789
UBFC_PHYS_s15_T1_test,127,141,131.7,0.7146369814872742,-1.1582928216813484
UBFC_PHYS_s15_T1_test,127,142,131.73333333333332,0.022654138505458832,-1.2939353306547643
UBFC_PHYS_s15_T1_test,127,143,131.76666666666668,-0.7173173427581787,-1.3090049524835592
UBFC_PHYS_s15_T1_test,127,144,131.8,-1.4829150438308716,-1.1862694199894583
UBFC_PHYS_s15_T1_test,127,145,131.83333333333334,-2.139345645904541,-0.926110064376165
UBFC_PHYS_s15_T1_test,127,146,131.86666666666667,-2.543879270553589,-0.5515820323432314
UBFC_PHYS_s15_T1_test,127,147,131.9,-2.7145915031433105,-0.10751492966490458
UBFC_PHYS_s15_T1_test,127,148,131.93333333333334,-2.803558826446533,0.34718873797856953
UBFC_PHYS_s15_T1_test,127,149,131.96666666666667,-2.888779640197754,0.7520014317916489
UBFC_PHYS_s15_T1_test,127,150,132.0,-2.8060693740844727,1.0575753736729065
UBFC_PHYS_s15_T1_test,127,151,132.03333333333333,-2.269639253616333,1.2342660809177763
UBFC_PHYS_s15_T1_test,127,152,132.06666666666666,-1.3321514129638672,1.2740030689869746
UBFC_PHYS_s15_T1_test,127,153,132.1,-0.3806629776954651,1.1864620800255363
UBFC_PHYS_s15_T1_test,127,154,132.13333333333333,0.2999068796634674,0.9927508498151049
UBFC_PHYS_s15_T1_test,127,155,132.16666666666666,0.725007176399231,0.7196603695833085
UBFC_PHYS_s15_T1_test,127,156,132.2,0.9742971062660217,0.3954231961743272
UBFC_PHYS_s15_T1_test,127,157,132.23333333333332,1.0981985330581665,0.04648261392250226
UBFC_PHYS_s15_T1_test,127,158,132.26666666666668,1.1964160203933716,-0.30439037060861046
UBFC_PHYS_s15_T1_test,127,159,132.3,1.3064326047897339,-0.6373187190935395
UBFC_PHYS_s15_T1_test,127,160,132.33333333333334,1.357549786567688,-0.9317964077569431
UBFC_PHYS_s15_T1_test,127,161,132.36666666666667,1.328582763671875,-1.1627375210291846
UBFC_PHYS_s15_T1_test,127,162,132.4,1.2418363094329834,-1.2996009493674174
UBFC_PHYS_s15_T1_test,127,163,132.43333333333334,1.0543038845062256,-1.310971514737513
UBFC_PHYS_s15_T1_test,127,164,132.46666666666667,0.7168577909469604,-1.1740541727673277
UBFC_PHYS_s15_T1_test,127,165,132.5,0.2531348466873169,-0.8856454636362447
UBFC_PHYS_s15_T1_test,127,166,132.53333333333333,-0.2480906844139099,-0.46996751849847085
UBFC_PHYS_s15_T1_test,127,167,132.56666666666666,-0.660194456577301,0.020587647464241025
UBFC_PHYS_s15_T1_test,127,168,132.6,-0.912207305431366,0.5137695417708101
UBFC_PHYS_s15_T1_test,127,169,132.63333333333333,-1.0658096075057983,0.9336152195875469
UBFC_PHYS_s15_T1_test,127,170,132.66666666666666,-1.227947473526001,1.2195157632866116
UBFC_PHYS_s15_T1_test,127,171,132.7,-1.3748681545257568,1.3411510195749927
UBFC_PHYS_s15_T1_test,127,172,132.73333333333332,-1.328076720237732,1.3033829906425607
UBFC_PHYS_s15_T1_test,127,173,132.76666666666668,-0.9851847887039185,1.139302287144722
UBFC_PHYS_s15_T1_test,127,174,132.8,-0.5133897066116333,0.8947803540852298
UBFC_PHYS_s15_T1_test,127,175,132.83333333333334,-0.13202960789203644,0.6115623202873847
UBFC_PHYS_s15_T1_test,127,176,132.86666666666667,0.10273821651935577,0.31620241633668655
UBFC_PHYS_s15_T1_test,127,177,132.9,0.18755356967449188,0.018717688702061138
UBFC_PHYS_s15_T1_test,127,178,132.93333333333334,0.11778174340724945,-0.28049158120069184
UBFC_PHYS_s15_T1_test,127,179,132.96666666666667,-0.01909695565700531,-0.5805443307930642
UBFC_PHYS_s15_T1_test,127,180,133.0,-0.1216980442404747,-0.8716502350662029
UBFC_PHYS_s15_T1_test,127,181,133.03333333333333,-0.2073051631450653,-1.1309129924748877
UBFC_PHYS_s15_T1_test,127,182,133.06666666666666,-0.29667800664901733,-1.3233000247337154
UBFC_PHYS_s15_T1_test,127,183,133.1,-0.3395298421382904,-1.407891095462925
UBFC_PHYS_s15_T1_test,127,184,133.13333333333333,-0.370524525642395,-1.348480242042478
UBFC_PHYS_s15_T1_test,127,185,133.16666666666666,-0.5082142949104309,-1.1260726406564365
UBFC_PHYS_s15_T1_test,127,186,133.2,-0.7390425801277161,-0.7493413656867614
UBFC_PHYS_s15_T1_test,127,187,133.23333333333332,-0.8837037682533264,-0.25876054557216854
UBFC_PHYS_s15_T1_test,127,188,133.26666666666668,-0.8072308897972107,0.27832378840542693
UBFC_PHYS_s15_T1_test,127,189,133.3,-0.5859230756759644,0.78132919887356
UBFC_PHYS_s15_T1_test,127,190,133.33333333333334,-0.43618303537368774,1.1750251494806558
UBFC_PHYS_s15_T1_test,127,191,133.36666666666667,-0.4805218577384949,1.4072586930010766
UBFC_PHYS_s15_T1_test,127,192,133.4,-0.589862585067749,1.460268841664652
UBFC_PHYS_s15_T1_test,127,193,133.43333333333334,-0.49936971068382263,1.352131240285053
UBFC_PHYS_s15_T1_test,127,194,133.46666666666667,-0.11011124402284622,1.127790879438647
UBFC_PHYS_s15_T1_test,127,195,133.5,0.40665990114212036,0.8424423840477466
UBFC_PHYS_s15_T1_test,127,196,133.53333333333333,0.8337106108665466,0.543088046841769
UBFC_PHYS_s15_T1_test,127,197,133.56666666666666,1.1064831018447876,0.25546630812121107
UBFC_PHYS_s15_T1_test,127,198,133.6,1.2022093534469604,-0.018131230767887245
UBFC_PHYS_s15_T1_test,127,199,133.63333333333333,1.1073521375656128,-0.2893949067270256
UBFC_PHYS_s15_T1_test,127,200,133.66666666666666,0.9189894795417786,-0.5680355518359999
UBFC_PHYS_s15_T1_test,127,201,133.7,0.7427929043769836,-0.84763692460732
UBFC_PHYS_s15_T1_test,127,202,133.73333333333332,0.5592966675758362,-1.0997622622141114
UBFC_PHYS_s15_T1_test,127,203,133.76666666666668,0.35614147782325745,-1.2782466643554995
UBFC_PHYS_s15_T1_test,127,204,133.8,0.1907399445772171,-1.3319125718706346
UBFC_PHYS_s15_T1_test,127,205,133.83333333333334,0.025550836697220802,-1.2217114232362443
UBFC_PHYS_s15_T1_test,127,206,133.86666666666667,-0.2322940230369568,-0.9369363060190706
UBFC_PHYS_s15_T1_test,127,207,133.9,-0.552379310131073,-0.5049218348957089
UBFC_PHYS_s15_T1_test,127,208,133.93333333333334,-0.8092778921127319,0.009947760177231963
UBFC_PHYS_s15_T1_test,127,209,133.96666666666667,-0.9197000861167908,0.5191734349194218
UBFC_PHYS_s15_T1_test,127,210,134.0,-0.891351044178009,0.9323902015012459
UBFC_PHYS_s15_T1_test,127,211,134.03333333333333,-0.825499415397644,1.182280731263088
UBFC_PHYS_s15_T1_test,127,212,134.06666666666666,-0.8285120129585266,1.2429520886054382
UBFC_PHYS_s15_T1_test,127,213,134.1,-0.8472632765769958,1.134030649466352
UBFC_PHYS_s15_T1_test,127,214,134.13333333333333,-0.7115818858146667,0.9088477722607398
UBFC_PHYS_s15_T1_test,127,215,134.16666666666666,-0.33904704451560974,0.6323527445457994
UBFC_PHYS_s15_T1_test,127,216,134.2,0.1862790286540985,0.35839677617486865
UBFC_PHYS_s15_T1_test,127,217,134.23333333333332,0.6931434869766235,0.11511302290044172
UBFC_PHYS_s15_T1_test,127,218,134.26666666666668,1.0234057903289795,-0.09752842392903147
UBFC_PHYS_s15_T1_test,127,219,134.3,1.128053903579712,-0.299050714145602
UBFC_PHYS_s15_T1_test,127,220,134.33333333333334,1.0647900104522705,-0.5128259318584446
UBFC_PHYS_s15_T1_test,127,221,134.36666666666667,0.8994849920272827,-0.749032944697681
UBFC_PHYS_s15_T1_test,127,222,134.4,0.6768060922622681,-0.9925282988177988
UBFC_PHYS_s15_T1_test,127,223,134.43333333333334,0.41905778646469116,-1.2009115380372548
UBFC_PHYS_s15_T1_test,127,224,134.46666666666667,0.12593112885951996,-1.314420249324781
UBFC_PHYS_s15_T1_test,127,225,134.5,-0.18803246319293976,-1.2746972760353004
UBFC_PHYS_s15_T1_test,127,226,134.53333333333333,-0.48057976365089417,-1.046265797819626
UBFC_PHYS_s15_T1_test,127,227,134.56666666666666,-0.758469820022583,-0.633616753764745
UBFC_PHYS_s15_T1_test,127,228,134.6,-1.077261209487915,-0.08795891327901104
UBFC_PHYS_s15_T1_test,127,229,134.63333333333333,-1.3912440538406372,0.4997143830089767
UBFC_PHYS_s15_T1_test,127,230,134.66666666666666,-1.5476465225219727,1.0190786261889972
UBFC_PHYS_s15_T1_test,127,231,134.7,-1.509448766708374,1.3700865358796055
UBFC_PHYS_s15_T1_test,127,232,134.73333333333332,-1.4014018774032593,1.4931700042725156
UBFC_PHYS_s15_T1_test,127,233,134.76666666666668,-1.2987622022628784,1.3891041714914567
UBFC_PHYS_s15_T1_test,127,234,134.8,-1.1641621589660645,1.1191936196202255
UBFC_PHYS_s15_T1_test,127,235,134.83333333333334,-0.9474504590034485,0.7832365354405431
UBFC_PHYS_s15_T1_test,127,236,134.86666666666667,-0.618984043598175,0.48286213852052046
UBFC_PHYS_s15_T1_test,127,237,134.9,-0.21439242362976074,0.28520788163592775
UBFC_PHYS_s15_T1_test,127,238,134.93333333333334,0.15424153208732605,0.20149264995945543
UBFC_PHYS_s15_T1_test,127,239,134.96666666666667,0.4157748520374298,0.18802574000864702
UBFC_PHYS_s15_T1_test,128,0,128.0,1.3489562273025513,-0.09346302208659922
UBFC_PHYS_s15_T1_test,128,1,128.03333333333333,0.7716246843338013,0.5505091278495127
UBFC_PHYS_s15_T1_test,128,2,128.06666666666666,0.1140739694237709,1.0717713418458528
UBFC_PHYS_s15_T1_test,128,3,128.1,-0.5465279817581177,1.3814841597479262
UBFC_PHYS_s15_T1_test,128,4,128.13333333333333,-1.131062626838684,1.4478182603420382
UBFC_PHYS_s15_T1_test,128,5,128.16666666666666,-1.5039063692092896,1.2971456255578342
UBFC_PHYS_s15_T1_test,128,6,128.2,-1.5590981245040894,0.9952673716591415
UBFC_PHYS_s15_T1_test,128,7,128.23333333333332,-1.371816873550415,0.6196746845617286
UBFC_PHYS_s15_T1_test,128,8,128.26666666666668,-1.179746389389038,0.23568462457997413
UBFC_PHYS_s15_T1_test,128,9,128.3,-1.1355427503585815,-0.11597140414814405
UBFC_PHYS_s15_T1_test,128,10,128.33333333333334,-1.1404671669006348,-0.4192147204594429
UBFC_PHYS_s15_T1_test,128,11,128.36666666666667,-1.0524075031280518,-0.6738450626601481
UBFC_PHYS_s15_T1_test,128,12,128.4,-0.914988100528717,-0.8827596974800608
UBFC_PHYS_s15_T1_test,128,13,128.43333333333334,-0.8405815958976746,-1.0400744994751345
UBFC_PHYS_s15_T1_test,128,14,128.46666666666667,-0.7792873978614807,-1.125267949415905
UBFC_PHYS_s15_T1_test,128,15,128.5,-0.6063158512115479,-1.1071892018007063
UBFC_PHYS_s15_T1_test,128,16,128.53333333333333,-0.34719642996788025,-0.9575140668520871
UBFC_PHYS_s15_T1_test,128,17,128.56666666666666,-0.13766852021217346,-0.6679310576582046
UBFC_PHYS_s15_T1_test,128,18,128.6,-0.03358045220375061,-0.26239838368360613
UBFC_PHYS_s15_T1_test,128,19,128.63333333333333,0.013268832117319107,0.2025134076319602
UBFC_PHYS_s15_T1_test,128,20,128.66666666666666,0.07276703417301178,0.650318649438247
UBFC_PHYS_s15_T1_test,128,21,128.7,0.1174534484744072,1.0051727500710512
UBFC_PHYS_s15_T1_test,128,22,128.73333333333332,0.04308552294969559,1.212154165563739
UBFC_PHYS_s15_T1_test,128,23,128.76666666666668,-0.09740439057350159,1.2501715390412382
UBFC_PHYS_s15_T1_test,128,24,128.8,-0.02935126982629299,1.133878627236337
UBFC_PHYS_s15_T1_test,128,25,128.83333333333334,0.39903193712234497,0.9049165201941435
UBFC_PHYS_s15_T1_test,128,26,128.86666666666667,0.9852273464202881,0.6158849266134467
UBFC_PHYS_s15_T1_test,128,27,128.9,1.3661625385284424,0.31277338661534254
UBFC_PHYS_s15_T1_test,128,28,128.93333333333334,1.3735781908035278,0.022899696042931086
UBFC_PHYS_s15_T1_test,128,29,128.96666666666667,1.133557677268982,-0.24639936012848834
UBFC_PHYS_s15_T1_test,128,30,129.0,0.8785322308540344,-0.4986522493631575
UBFC_PHYS_s15_T1_test,128,31,129.03333333333333,0.7503049969673157,-0.7346938799959941
UBFC_PHYS_s15_T1_test,128,32,129.06666666666666,0.734720766544342,-0.9423060128727105
UBFC_PHYS_s15_T1_test,128,33,129.1,0.7251230478286743,-1.0940484822817167
UBFC_PHYS_s15_T1_test,128,34,129.13333333333333,0.6107420325279236,-1.1536499792670523
UBFC_PHYS_s15_T1_test,128,35,129.16666666666666,0.3559676706790924,-1.0876931370578293
UBFC_PHYS_s15_T1_test,128,36,129.2,0.0024544878397136927,-0.8783242337226692
UBFC_PHYS_s15_T1_test,128,37,129.23333333333332,-0.4161185622215271,-0.533320742803643
UBFC_PHYS_s15_T1_test,128,38,129.26666666666668,-0.944785475730896,-0.09044774578462002
UBFC_PHYS_s15_T1_test,128,39,129.3,-1.6151782274246216,0.3863765823757104
UBFC_PHYS_s15_T1_test,128,40,129.33333333333334,-2.310926914215088,0.8200015733859493
UBFC_PHYS_s15_T1_test,128,41,129.36666666666667,-2.8276400566101074,1.1395040450231624
UBFC_PHYS_s15_T1_test,128,42,129.4,-2.9986419677734375,1.2993317020727881
UBFC_PHYS_s15_T1_test,128,43,129.43333333333334,-2.7451419830322266,1.289860570438808
UBFC_PHYS_s15_T1_test,128,44,129.46666666666667,-2.1262333393096924,1.1350087034924687
UBFC_PHYS_s15_T1_test,128,45,129.5,-1.3788655996322632,0.8791477456254636
UBFC_PHYS_s15_T1_test,128,46,129.53333333333333,-0.7520198225975037,0.570291031107447
UBFC_PHYS_s15_T1_test,128,47,129.56666666666666,-0.2594650685787201,0.24681876807033534
UBFC_PHYS_s15_T1_test,128,48,129.6,0.22665901482105255,-0.06861398896489117
UBFC_PHYS_s15_T1_test,128,49,129.63333333333333,0.7549204230308533,-0.3681271940384387
UBFC_PHYS_s15_T1_test,128,50,129.66666666666666,1.2643725872039795,-0.651984713972013
UBFC_PHYS_s15_T1_test,128,51,129.7,1.7316681146621704,-0.9181440222712899
UBFC_PHYS_s15_T1_test,128,52,129.73333333333332,2.2202253341674805,-1.1518422257920726
UBFC_PHYS_s15_T1_test,128,53,129.76666666666668,2.6841607093811035,-1.3208118625368233
UBFC_PHYS_s15_T1_test,128,54,129.8,2.865436315536499,-1.3804391463789898
UBFC_PHYS_s15_T1_test,128,55,129.83333333333334,2.601682186126709,-1.2886322437832798
UBFC_PHYS_s15_T1_test,128,56,129.86666666666667,2.0435845851898193,-1.0245967829781981
UBFC_PHYS_s15_T1_test,128,57,129.9,1.461058497428894,-0.6028494418027468
UBFC_PHYS_s15_T1_test,128,58,129.93333333333334,0.9628261923789978,-0.07585146734659898
UBFC_PHYS_s15_T1_test,128,59,129.96666666666667,0.4829203486442566,0.4761996160797937
UBFC_PHYS_s15_T1_test,128,60,130.0,-0.04754254221916199,0.9648973783034127
UBFC_PHYS_s15_T1_test,128,61,130.03333333333333,-0.5679249167442322,1.3158945199236725
UBFC_PHYS_s15_T1_test,128,62,130.06666666666666,-0.9247596263885498,1.486663319817064
UBFC_PHYS_s15_T1_test,128,63,130.1,-1.0669490098953247,1.474066600118431
UBFC_PHYS_s15_T1_test,128,64,130.13333333333333,-1.1195143461227417,1.3093889588988168
UBFC_PHYS_s15_T1_test,128,65,130.16666666666666,-1.1965665817260742,1.0429717020783769
UBFC_PHYS_s15_T1_test,128,66,130.2,-1.2399977445602417,0.7249510670245852
UBFC_PHYS_s15_T1_test,128,67,130.23333333333332,-1.1786071062088013,0.39049525222840914
UBFC_PHYS_s15_T1_test,128,68,130.26666666666668,-1.0893887281417847,0.055726028457384766
UBFC_PHYS_s15_T1_test,128,69,130.3,-1.0564628839492798,-0.27514710138402937
UBFC_PHYS_s15_T1_test,128,70,130.33333333333334,-1.0306823253631592,-0.5971616745037145
UBFC_PHYS_s15_T1_test,128,71,130.36666666666667,-0.9344346523284912,-0.8945790985886791
UBFC_PHYS_s15_T1_test,128,72,130.4,-0.7548006176948547,-1.1385785561992465
UBFC_PHYS_s15_T1_test,128,73,130.43333333333334,-0.5338211059570312,-1.2924883161144964
UBFC_PHYS_s15_T1_test,128,74,130.46666666666667,-0.34775644540786743,-1.3213213370192078
UBFC_PHYS_s15_T1_test,128,75,130.5,-0.26102927327156067,-1.2021868645588603
UBFC_PHYS_s15_T1_test,128,76,130.53333333333333,-0.2604885697364807,-0.9331501759215344
UBFC_PHYS_s15_T1_test,128,77,130.56666666666666,-0.2797998785972595,-0.5386274105481458
UBFC_PHYS_s15_T1_test,128,78,130.6,-0.31629830598831177,-0.06903516034578737
UBFC_PHYS_s15_T1_test,128,79,130.63333333333333,-0.4334022104740143,0.4072863032222742
UBFC_PHYS_s15_T1_test,128,80,130.66666666666666,-0.6196406483650208,0.8193665892175449
UBFC_PHYS_s15_T1_test,128,81,130.7,-0.6944913864135742,1.1114575160695976
UBFC_PHYS_s15_T1_test,128,82,130.73333333333332,-0.479594886302948,1.2556360801082813
UBFC_PHYS_s15_T1_test,128,83,130.76666666666668,-0.04962816461920738,1.2530814613972976
UBFC_PHYS_s15_T1_test,128,84,130.8,0.3226556181907654,1.1250298688020193
UBFC_PHYS_s15_T1_test,128,85,130.83333333333334,0.5062097907066345,0.9005182846940368
UBFC_PHYS_s15_T1_test,128,86,130.86666666666667,0.5608222484588623,0.6075895090254999
UBFC_PHYS_s15_T1_test,128,87,130.9,0.5419357419013977,0.2700678061302798
UBFC_PHYS_s15_T1_test,128,88,130.93333333333334,0.4581246078014374,-0.09149183383175587
UBFC_PHYS_s15_T1_test,128,89,130.96666666666667,0.39569106698036194,-0.4568279914455733
UBFC_PHYS_s15_T1_test,128,90,131.0,0.47936707735061646,-0.8022935320009233
UBFC_PHYS_s15_T1_test,128,91,131.03333333333333,0.679509699344635,-1.0976199669003779
UBFC_PHYS_s15_T1_test,128,92,131.06666666666666,0.8302152752876282,-1.3055454200399264
UBFC_PHYS_s15_T1_test,128,93,131.1,0.8569808006286621,-1.3870516361685605
UBFC_PHYS_s15_T1_test,128,94,131.13333333333333,0.8494879603385925,-1.3122689128064187
UBFC_PHYS_s15_T1_test,128,95,131.16666666666666,1.0081112384796143,-1.0731336483423275
UBFC_PHYS_s15_T1_test,128,96,131.2,1.4778013229370117,-0.6917291536356054
UBFC_PHYS_s15_T1_test,128,97,131.23333333333332,2.0855867862701416,-0.21938990436714778
UBFC_PHYS_s15_T1_test,128,98,131.26666666666668,2.388040781021118,0.2743480561344268
UBFC_PHYS_s15_T1_test,128,99,131.3,2.2159383296966553,0.7190502384248925
UBFC_PHYS_s15_T1_test,128,100,131.33333333333334,1.8657273054122925,1.0600025624524874
UBFC_PHYS_s15_T1_test,128,101,131.36666666666667,1.6161091327667236,1.2678651633566405
UBFC_PHYS_s15_T1_test,128,102,131.4,1.5035820007324219,1.3391402157949424
UBFC_PHYS_s15_T1_test,128,103,131.43333333333334,1.503157138824463,1.2894277662677693
UBFC_PHYS_s15_T1_test,128,104,131.46666666666667,1.5865434408187866,1.1430783299836038
UBFC_PHYS_s15_T1_test,128,105,131.5,1.6406538486480713,0.9230220446200706
UBFC_PHYS_s15_T1_test,128,106,131.53333333333333,1.587933897972107,0.6447890131714284
UBFC_PHYS_s15_T1_test,128,107,131.56666666666666,1.544541358947754,0.3175708519934419
UBFC_PHYS_s15_T1_test,128,108,131.6,1.6018379926681519,-0.04855225836332011
UBFC_PHYS_s15_T1_test,128,109,131.63333333333333,1.5946928262710571,-0.4339456097857408
UBFC_PHYS_s15_T1_test,128,110,131.66666666666666,1.2938224077224731,-0.8049310130660466
UBFC_PHYS_s15_T1_test,128,111,131.7,0.7146369814872742,-1.1165634959793007
UBFC_PHYS_s15_T1_test,128,112,131.73333333333332,0.022654138505458832,-1.3216416019077564
UBFC_PHYS_s15_T1_test,128,113,131.76666666666668,-0.7173173427581787,-1.3821224812375668
UBFC_PHYS_s15_T1_test,128,114,131.8,-1.4829150438308716,-1.27924047913796
UBFC_PHYS_s15_T1_test,128,115,131.83333333333334,-2.139345645904541,-1.0201079179296269
UBFC_PHYS_s15_T1_test,128,116,131.86666666666667,-2.543879270553589,-0.639296639718251
UBFC_PHYS_s15_T1_test,128,117,131.9,-2.7145915031433105,-0.19396528284733364
UBFC_PHYS_s15_T1_test,128,118,131.93333333333334,-2.803558826446533,0.24805718903968663
UBFC_PHYS_s15_T1_test,128,119,131.96666666666667,-2.888779640197754,0.6249746046408144
UBFC_PHYS_s15_T1_test,128,120,132.0,-2.8060693740844727,0.8963029973971245
UBFC_PHYS_s15_T1_test,128,121,132.03333333333333,-2.269639253616333,1.0494576575337862
UBFC_PHYS_s15_T1_test,128,122,132.06666666666666,-1.3321514129638672,1.0947502007917034
UBFC_PHYS_s15_T1_test,128,123,132.1,-0.3806629776954651,1.0526398975534494
UBFC_PHYS_s15_T1_test,128,124,132.13333333333333,0.2999068796634674,0.9411361157879007
UBFC_PHYS_s15_T1_test,128,125,132.16666666666666,0.725007176399231,0.7699441408960485
UBFC_PHYS_s15_T1_test,128,126,132.2,0.9742971062660217,0.542427353107505
UBFC_PHYS_s15_T1_test,128,127,132.23333333333332,1.0981985330581665,0.2616641293485231
UBFC_PHYS_s15_T1_test,128,128,132.26666666666668,1.1964160203933716,-0.06344856685536464
UBFC_PHYS_s15_T1_test,128,129,132.3,1.3064326047897339,-0.4138309933197135
UBFC_PHYS_s15_T1_test,128,130,132.33333333333334,1.357549786567688,-0.7581021835725941
UBFC_PHYS_s15_T1_test,128,131,132.36666666666667,1.328582763671875,-1.0536333354957779
UBFC_PHYS_s15_T1_test,128,132,132.4,1.2418363094329834,-1.2523361356803369
UBFC_PHYS_s15_T1_test,128,133,132.43333333333334,1.0543038845062256,-1.3115689621487103
UBFC_PHYS_s15_T1_test,128,134,132.46666666666667,0.7168577909469604,-1.2072253090131846
UBFC_PHYS_s15_T1_test,128,135,132.5,0.2531348466873169,-0.9435539206401782
UBFC_PHYS_s15_T1_test,128,136,132.53333333333333,-0.2480906844139099,-0.5552259707047289
UBFC_PHYS_s15_T1_test,128,137,132.56666666666666,-0.660194456577301,-0.10053680223532901
UBFC_PHYS_s15_T1_test,128,138,132.6,-0.912207305431366,0.352081493822048
UBFC_PHYS_s15_T1_test,128,139,132.63333333333333,-1.0658096075057983,0.7399431753326621
UBFC_PHYS_s15_T1_test,128,140,132.66666666666666,-1.227947473526001,1.0193817393942746
UBFC_PHYS_s15_T1_test,128,141,132.7,-1.3748681545257568,1.1723455958187925
UBFC_PHYS_s15_T1_test,128,142,132.73333333333332,-1.328076720237732,1.204692788476533
UBFC_PHYS_s15_T1_test,128,143,132.76666666666668,-0.9851847887039185,1.1375749602854879
UBFC_PHYS_s15_T1_test,128,144,132.8,-0.5133897066116333,0.9957384544212564
UBFC_PHYS_s15_T1_test,128,145,132.83333333333334,-0.13202960789203644,0.797690869463434
UBFC_PHYS_s15_T1_test,128,146,132.86666666666667,0.10273821651935577,0.5519783300616435
UBFC_PHYS_s15_T1_test,128,147,132.9,0.18755356967449188,0.26087891434369354
UBFC_PHYS_s15_T1_test,128,148,132.93333333333334,0.11778174340724945,-0.07138150114151955
UBFC_PHYS_s15_T1_test,128,149,132.96666666666667,-0.01909695565700531,-0.43106388598185813
UBFC_PHYS_s15_T1_test,128,150,133.0,-0.1216980442404747,-0.7915841675771964
UBFC_PHYS_s15_T1_test,128,151,133.03333333333333,-0.2073051631450653,-1.114810764033036
UBFC_PHYS_s15_T1_test,128,152,133.06666666666666,-0.29667800664901733,-1.3557602452310138
UBFC_PHYS_s15_T1_test,128,153,133.1,-0.3395298421382904,-1.4698097930119185
UBFC_PHYS_s15_T1_test,128,154,133.13333333333333,-0.370524525642395,-1.4223145405708701
UBFC_PHYS_s15_T1_test,128,155,133.16666666666666,-0.5082142949104309,-1.1997752042916443
UBFC_PHYS_s15_T1_test,128,156,133.2,-0.7390425801277161,-0.8191258553676277
UBFC_PHYS_s15_T1_test,128,157,133.23333333333332,-0.8837037682533264,-0.3298769374751224
UBFC_PHYS_s15_T1_test,128,158,133.26666666666668,-0.8072308897972107,0.19452188827359912
UBFC_PHYS_s15_T1_test,128,159,133.3,-0.5859230756759644,0.6746855175754747
UBFC_PHYS_s15_T1_test,128,160,133.33333333333334,-0.43618303537368774,1.0456178165263692
UBFC_PHYS_s15_T1_test,128,161,133.36666666666667,-0.4805218577384949,1.270633602210197
UBFC_PHYS_s15_T1_test,128,162,133.4,-0.589862585067749,1.3443678760125741
UBFC_PHYS_s15_T1_test,128,163,133.43333333333334,-0.49936971068382263,1.286426121803521
UBFC_PHYS_s15_T1_test,128,164,133.46666666666667,-0.11011124402284622,1.1302597585322138
UBFC_PHYS_s15_T1_test,128,165,133.5,0.40665990114212036,0.9114767957190292
UBFC_PHYS_s15_T1_test,128,166,133.53333333333333,0.8337106108665466,0.6582620203628795
UBFC_PHYS_s15_T1_test,128,167,133.56666666666666,1.1064831018447876,0.38582388086250435
UBFC_PHYS_s15_T1_test,128,168,133.6,1.2022093534469604,0.09691808936796253
UBFC_PHYS_s15_T1_test,128,169,133.63333333333333,1.1073521375656128,-0.21081953269700526
UBFC_PHYS_s15_T1_test,128,170,133.66666666666666,0.9189894795417786,-0.5338245112211849
UBFC_PHYS_s15_T1_test,128,171,133.7,0.7427929043769836,-0.8538297863262068
UBFC_PHYS_s15_T1_test,128,172,133.73333333333332,0.5592966675758362,-1.1360480630980754
UBFC_PHYS_s15_T1_test,128,173,133.76666666666668,0.35614147782325745,-1.335046029201511
UBFC_PHYS_s15_T1_test,128,174,133.8,0.1907399445772171,-1.405792229824346
UBFC_PHYS_s15_T1_test,128,175,133.83333333333334,0.025550836697220802,-1.3161674851238712
UBFC_PHYS_s15_T1_test,128,176,133.86666666666667,-0.2322940230369568,-1.0576834735709648
UBFC_PHYS_s15_T1_test,128,177,133.9,-0.552379310131073,-0.6519704027137933
UBFC_PHYS_s15_T1_test,128,178,133.93333333333334,-0.8092778921127319,-0.15091313695334702
UBFC_PHYS_s15_T1_test,128,179,133.96666666666667,-0.9197000861167908,0.37125226025004815
UBFC_PHYS_s15_T1_test,128,180,134.0,-0.891351044178009,0.8338240217187178
UBFC_PHYS_s15_T1_test,128,181,134.03333333333333,-0.825499415397644,1.1698115519402
UBFC_PHYS_s15_T1_test,128,182,134.06666666666666,-0.8285120129585266,1.3427384435697076
UBFC_PHYS_s15_T1_test,128,183,134.1,-0.8472632765769958,1.3523209887573997
UBFC_PHYS_s15_T1_test,128,184,134.13333333333333,-0.7115818858146667,1.227036598834574
UBFC_PHYS_s15_T1_test,128,185,134.16666666666666,-0.33904704451560974,1.008714515759393
UBFC_PHYS_s15_T1_test,128,186,134.2,0.1862790286540985,0.7371821531184171
UBFC_PHYS_s15_T1_test,128,187,134.23333333333332,0.6931434869766235,0.4408474486714992
UBFC_PHYS_s15_T1_test,128,188,134.26666666666668,1.0234057903289795,0.13458752035128635
UBFC_PHYS_s15_T1_test,128,189,134.3,1.128053903579712,-0.1768372709515204
UBFC_PHYS_s15_T1_test,128,190,134.33333333333334,1.0647900104522705,-0.49176687923015505
UBFC_PHYS_s15_T1_test,128,191,134.36666666666667,0.8994849920272827,-0.8026164129223263
UBFC_PHYS_s15_T1_test,128,192,134.4,0.6768060922622681,-1.08799305226846
UBFC_PHYS_s15_T1_test,128,193,134.43333333333334,0.41905778646469116,-1.3105129033117981
UBFC_PHYS_s15_T1_test,128,194,134.46666666666667,0.12593112885951996,-1.4232896967106001
UBFC_PHYS_s15_T1_test,128,195,134.5,-0.18803246319293976,-1.3838849049615227
UBFC_PHYS_s15_T1_test,128,196,134.53333333333333,-0.48057976365089417,-1.1703148701132222
UBFC_PHYS_s15_T1_test,128,197,134.56666666666666,-0.758469820022583,-0.7923464592174604
UBFC_PHYS_s15_T1_test,128,198,134.6,-1.077261209487915,-0.29375289653321857
UBFC_PHYS_s15_T1_test,128,199,134.63333333333333,-1.3912440538406372,0.25489933644719004
UBFC_PHYS_s15_T1_test,128,200,134.66666666666666,-1.5476465225219727,0.7707175681634109
UBFC_PHYS_s15_T1_test,128,201,134.7,-1.509448766708374,1.1767087625625805
UBFC_PHYS_s15_T1_test,128,202,134.73333333333332,-1.4014018774032593,1.4193509264436872
UBFC_PHYS_s15_T1_test,128,203,134.76666666666668,-1.2987622022628784,1.4803613054340419
UBFC_PHYS_s15_T1_test,128,204,134.8,-1.1641621589660645,1.3779062754435596
UBFC_PHYS_s15_T1_test,128,205,134.83333333333334,-0.9474504590034485,1.1557602909994935
UBFC_PHYS_s15_T1_test,128,206,134.86666666666667,-0.618984043598175,0.8648409397437282
UBFC_PHYS_s15_T1_test,128,207,134.9,-0.21439242362976074,0.545933366932498
UBFC_PHYS_s15_T1_test,128,208,134.93333333333334,0.15424153208732605,0.22140762054983548
UBFC_PHYS_s15_T1_test,128,209,134.96666666666667,0.4157748520374298,-0.101894873461811
UBFC_PHYS_s15_T1_test,128,210,135.0,0.5934970378875732,-0.42276540143609753
UBFC_PHYS_s15_T1_test,128,211,135.03333333333333,0.7399734258651733,-0.7355435268441087
UBFC_PHYS_s15_T1_test,128,212,135.06666666666666,0.8989829421043396,-1.0242052927020193
UBFC_PHYS_s15_T1_test,128,213,135.1,1.061719536781311,-1.261145956906557
UBFC_PHYS_s15_T1_test,128,214,135.13333333333333,1.1662516593933105,-1.409955783009416
UBFC_PHYS_s15_T1_test,128,215,135.16666666666666,1.1813338994979858,-1.43222333284184
UBFC_PHYS_s15_T1_test,128,216,135.2,1.1189002990722656,-1.298385128425934
UBFC_PHYS_s15_T1_test,128,217,135.23333333333332,0.9500227570533752,-1.000590132113085
UBFC_PHYS_s15_T1_test,128,218,135.26666666666668,0.6305940747261047,-0.5625078827547784
UBFC_PHYS_s15_T1_test,128,219,135.3,0.20603451132774353,-0.04022981692542865
UBFC_PHYS_s15_T1_test,128,220,135.33333333333334,-0.21786846220493317,0.4880915359555332
UBFC_PHYS_s15_T1_test,128,221,135.36666666666667,-0.5770012140274048,0.9407139184890217
UBFC_PHYS_s15_T1_test,128,222,135.4,-0.9058345556259155,1.2520135815695588
UBFC_PHYS_s15_T1_test,128,223,135.43333333333334,-1.291346549987793,1.3866103145938746
UBFC_PHYS_s15_T1_test,128,224,135.46666666666667,-1.7446993589401245,1.3443728445103775
UBFC_PHYS_s15_T1_test,128,225,135.5,-2.1030404567718506,1.156389888021624
UBFC_PHYS_s15_T1_test,128,226,135.53333333333333,-2.0892133712768555,0.8737700132324691
UBFC_PHYS_s15_T1_test,128,227,135.56666666666666,-1.6491082906723022,0.55222198012083
UBFC_PHYS_s15_T1_test,128,228,135.6,-1.068223476409912,0.23713747590557083
UBFC_PHYS_s15_T1_test,128,229,135.63333333333333,-0.6734806299209595,-0.04521714668796406
UBFC_PHYS_s15_T1_test,128,230,135.66666666666666,-0.5207666754722595,-0.2868924153386521
UBFC_PHYS_s15_T1_test,128,231,135.7,-0.5091025829315186,-0.48922995820503923
UBFC_PHYS_s15_T1_test,128,232,135.73333333333332,-0.575591504573822,-0.6520677122996065
UBFC_PHYS_s15_T1_test,128,233,135.76666666666668,-0.6580315828323364,-0.7684536608776696
UBFC_PHYS_s15_T1_test,128,234,135.8,-0.6689424514770508,-0.827189935307013
UBFC_PHYS_s15_T1_test,128,235,135.83333333333334,-0.5800524353981018,-0.8194921322031534
UBFC_PHYS_s15_T1_test,128,236,135.86666666666667,-0.4126039147377014,-0.7442568757950422
UBFC_PHYS_s15_T1_test,128,237,135.9,-0.20408017933368683,-0.6089794162865935
UBFC_PHYS_s15_T1_test,128,238,135.93333333333334,-0.0444527305662632,-0.427185838104035
UBFC_PHYS_s15_T1_test,128,239,135.96666666666667,-0.022090211510658264,-0.21538608662837688
UBFC_PHYS_s15_T1_test,129,0,129.0,0.8785322308540344,0.03936906804551798
UBFC_PHYS_s15_T1_test,129,1,129.03333333333333,0.7503049969673157,-0.02417861690832734
UBFC_PHYS_s15_T1_test,129,2,129.06666666666666,0.734720766544342,-0.10523033688312741
UBFC_PHYS_s15_T1_test,129,3,129.1,0.7251230478286743,-0.2064259327257128
UBFC_PHYS_s15_T1_test,129,4,129.13333333333333,0.6107420325279236,-0.30722202899872114
UBFC_PHYS_s15_T1_test,129,5,129.16666666666666,0.3559676706790924,-0.36722182341733933
UBFC_PHYS_s15_T1_test,129,6,129.2,0.0024544878397136927,-0.3405141616363199
UBFC_PHYS_s15_T1_test,129,7,129.23333333333332,-0.4161185622215271,-0.19555893052696918
UBFC_PHYS_s15_T1_test,129,8,129.26666666666668,-0.944785475730896,0.06764989904739917
UBFC_PHYS_s15_T1_test,129,9,129.3,-1.6151782274246216,0.4107227649925637
UBFC_PHYS_s15_T1_test,129,10,129.33333333333334,-2.310926914215088,0.7640703307082203
UBFC_PHYS_s15_T1_test,129,11,129.36666666666667,-2.8276400566101074,1.0464775791477259
UBFC_PHYS_s15_T1_test,129,12,129.4,-2.9986419677734375,1.1903657294732972
UBFC_PHYS_s15_T1_test,129,13,129.43333333333334,-2.7451419830322266,1.1632734415689758
UBFC_PHYS_s15_T1_test,129,14,129.46666666666667,-2.1262333393096924,0.9768593957498395
UBFC_PHYS_s15_T1_test,129,15,129.5,-1.3788655996322632,0.6795977413646608
UBFC_PHYS_s15_T1_test,129,16,129.53333333333333,-0.7520198225975037,0.33675666295426226
UBFC_PHYS_s15_T1_test,129,17,129.56666666666666,-0.2594650685787201,0.0068838764932791
UBFC_PHYS_s15_T1_test,129,18,129.6,0.22665901482105255,-0.27550209221858757
UBFC_PHYS_s15_T1_test,129,19,129.63333333333333,0.7549204230308533,-0.5049743393745336
UBFC_PHYS_s15_T1_test,129,20,129.66666666666666,1.2643725872039795,-0.6970238633644891
UBFC_PHYS_s15_T1_test,129,21,129.7,1.7316681146621704,-0.8707656871335968
UBFC_PHYS_s15_T1_test,129,22,129.73333333333332,2.2202253341674805,-1.030702966030255
UBFC_PHYS_s15_T1_test,129,23,129.76666666666668,2.6841607093811035,-1.156581368323919
UBFC_PHYS_s15_T1_test,129,24,129.8,2.865436315536499,-1.2068048930910398
UBFC_PHYS_s15_T1_test,129,25,129.83333333333334,2.601682186126709,-1.1345410875465178
UBFC_PHYS_s15_T1_test,129,26,129.86666666666667,2.0435845851898193,-0.9096724695161486
UBFC_PHYS_s15_T1_test,129,27,129.9,1.461058497428894,-0.5370125949372434
UBFC_PHYS_s15_T1_test,129,28,129.93333333333334,0.9628261923789978,-0.06287572854926185
UBFC_PHYS_s15_T1_test,129,29,129.96666666666667,0.4829203486442566,0.4332039768823522
UBFC_PHYS_s15_T1_test,129,30,130.0,-0.04754254221916199,0.859376368145016
UBFC_PHYS_s15_T1_test,129,31,130.03333333333333,-0.5679249167442322,1.1381128560382747
UBFC_PHYS_s15_T1_test,129,32,130.06666666666666,-0.9247596263885498,1.2289813199651978
UBFC_PHYS_s15_T1_test,129,33,130.1,-1.0669490098953247,1.1386684900545805
UBFC_PHYS_s15_T1_test,129,34,130.13333333333333,-1.1195143461227417,0.9140357530742302
UBFC_PHYS_s15_T1_test,129,35,130.16666666666666,-1.1965665817260742,0.6211970847111269
UBFC_PHYS_s15_T1_test,129,36,130.2,-1.2399977445602417,0.32018397475940774
UBFC_PHYS_s15_T1_test,129,37,130.23333333333332,-1.1786071062088013,0.04676042404039074
UBFC_PHYS_s15_T1_test,129,38,130.26666666666668,-1.0893887281417847,-0.1913542235931345
UBFC_PHYS_s15_T1_test,129,39,130.3,-1.0564628839492798,-0.40434504101933405
UBFC_PHYS_s15_T1_test,129,40,130.33333333333334,-1.0306823253631592,-0.603270113224905
UBFC_PHYS_s15_T1_test,129,41,130.36666666666667,-0.9344346523284912,-0.7853908381194539
UBFC_PHYS_s15_T1_test,129,42,130.4,-0.7548006176948547,-0.9285630732917631
UBFC_PHYS_s15_T1_test,129,43,130.43333333333334,-0.5338211059570312,-0.9963593601607267
UBFC_PHYS_s15_T1_test,129,44,130.46666666666667,-0.34775644540786743,-0.95108427817624
UBFC_PHYS_s15_T1_test,129,45,130.5,-0.26102927327156067,-0.7693783960917249
UBFC_PHYS_s15_T1_test,129,46,130.53333333333333,-0.2604885697364807,-0.45481346846564685
UBFC_PHYS_s15_T1_test,129,47,130.56666666666666,-0.2797998785972595,-0.04310459941544916
UBFC_PHYS_s15_T1_test,129,48,130.6,-0.31629830598831177,0.40240816357507075
UBFC_PHYS_s15_T1_test,129,49,130.63333333333333,-0.4334022104740143,0.804711095771036
UBFC_PHYS_s15_T1_test,129,50,130.66666666666666,-0.6196406483650208,1.0930652604072186
UBFC_PHYS_s15_T1_test,129,51,130.7,-0.6944913864135742,1.2225259234424923
UBFC_PHYS_s15_T1_test,129,52,130.73333333333332,-0.479594886302948,1.1852754032292578
UBFC_PHYS_s15_T1_test,129,53,130.76666666666668,-0.04962816461920738,1.0085858830725605
UBFC_PHYS_s15_T1_test,129,54,130.8,0.3226556181907654,0.7407296047640235
UBFC_PHYS_s15_T1_test,129,55,130.83333333333334,0.5062097907066345,0.4321592540509901
UBFC_PHYS_s15_T1_test,129,56,130.86666666666667,0.5608222484588623,0.12049074232453
UBFC_PHYS_s15_T1_test,129,57,130.9,0.5419357419013977,-0.17538682437862188
UBFC_PHYS_s15_T1_test,129,58,130.93333333333334,0.4581246078014374,-0.45148611107994086
UBFC_PHYS_s15_T1_test,129,59,130.96666666666667,0.39569106698036194,-0.7084702851699922
UBFC_PHYS_s15_T1_test,129,60,131.0,0.47936707735061646,-0.9401256210178341
UBFC_PHYS_s15_T1_test,129,61,131.03333333333333,0.679509699344635,-1.1258000015650587
UBFC_PHYS_s15_T1_test,129,62,131.06666666666666,0.8302152752876282,-1.2308367444425448
UBFC_PHYS_s15_T1_test,129,63,131.1,0.8569808006286621,-1.2161069173152232
UBFC_PHYS_s15_T1_test,129,64,131.13333333333333,0.8494879603385925,-1.0534149376533688
UBFC_PHYS_s15_T1_test,129,65,131.16666666666666,1.0081112384796143,-0.7402613305031639
UBFC_PHYS_s15_T1_test,129,66,131.2,1.4778013229370117,-0.3074164738344113
UBFC_PHYS_s15_T1_test,129,67,131.23333333333332,2.0855867862701416,0.1843550966075342
UBFC_PHYS_s15_T1_test,129,68,131.26666666666668,2.388040781021118,0.6579530930329416
UBFC_PHYS_s15_T1_test,129,69,131.3,2.2159383296966553,1.0395382668597979
UBFC_PHYS_s15_T1_test,129,70,131.33333333333334,1.8657273054122925,1.2770755343484184
UBFC_PHYS_s15_T1_test,129,71,131.36666666666667,1.6161091327667236,1.3510959929718591
UBFC_PHYS_s15_T1_test,129,72,131.4,1.5035820007324219,1.2743120846073945
UBFC_PHYS_s15_T1_test,129,73,131.43333333333334,1.503157138824463,1.081423677024167
UBFC_PHYS_s15_T1_test,129,74,131.46666666666667,1.5865434408187866,0.8141444427107009
UBFC_PHYS_s15_T1_test,129,75,131.5,1.6406538486480713,0.5078088006921869
UBFC_PHYS_s15_T1_test,129,76,131.53333333333333,1.587933897972107,0.18462825140987643
UBFC_PHYS_s15_T1_test,129,77,131.56666666666666,1.544541358947754,-0.14464974056811858
UBFC_PHYS_s15_T1_test,129,78,131.6,1.6018379926681519,-0.4728695686390646
UBFC_PHYS_s15_T1_test,129,79,131.63333333333333,1.5946928262710571,-0.7871943225990687
UBFC_PHYS_s15_T1_test,129,80,131.66666666666666,1.2938224077224731,-1.063302462830763
UBFC_PHYS_s15_T1_test,129,81,131.7,0.7146369814872742,-1.2658977547291648
UBFC_PHYS_s15_T1_test,129,82,131.73333333333332,0.022654138505458832,-1.355610258466043
UBFC_PHYS_s15_T1_test,129,83,131.76666666666668,-0.7173173427581787,-1.3000004162180998
UBFC_PHYS_s15_T1_test,129,84,131.8,-1.4829150438308716,-1.0850542430874033
UBFC_PHYS_s15_T1_test,129,85,131.83333333333334,-2.139345645904541,-0.723355699947185
UBFC_PHYS_s15_T1_test,129,86,131.86666666666667,-2.543879270553589,-0.255883318702802
UBFC_PHYS_s15_T1_test,129,87,131.9,-2.7145915031433105,0.25398140507401246
UBFC_PHYS_s15_T1_test,129,88,131.93333333333334,-2.803558826446533,0.733293539047055
UBFC_PHYS_s15_T1_test,129,89,131.96666666666667,-2.888779640197754,1.1156976946803523
UBFC_PHYS_s15_T1_test,129,90,132.0,-2.8060693740844727,1.3555311445669258
UBFC_PHYS_s15_T1_test,129,91,132.03333333333333,-2.269639253616333,1.434959418329516
UBFC_PHYS_s15_T1_test,129,92,132.06666666666666,-1.3321514129638672,1.362380258636729
UBFC_PHYS_s15_T1_test,129,93,132.1,-0.3806629776954651,1.1642812196622654
UBFC_PHYS_s15_T1_test,129,94,132.13333333333333,0.2999068796634674,0.8750234696468645
UBFC_PHYS_s15_T1_test,129,95,132.16666666666666,0.725007176399231,0.5286427090823906
UBFC_PHYS_s15_T1_test,129,96,132.2,0.9742971062660217,0.15442728314803653
UBFC_PHYS_s15_T1_test,129,97,132.23333333333332,1.0981985330581665,-0.22414442366793633
UBFC_PHYS_s15_T1_test,129,98,132.26666666666668,1.1964160203933716,-0.5880637192861458
UBFC_PHYS_s15_T1_test,129,99,132.3,1.3064326047897339,-0.9197102450599628
UBFC_PHYS_s15_T1_test,129,100,132.33333333333334,1.357549786567688,-1.1989617578196619
UBFC_PHYS_s15_T1_test,129,101,132.36666666666667,1.328582763671875,-1.4003270628765205
UBFC_PHYS_s15_T1_test,129,102,132.4,1.2418363094329834,-1.4935302662743337
UBFC_PHYS_s15_T1_test,129,103,132.43333333333334,1.0543038845062256,-1.449141433637636
UBFC_PHYS_s15_T1_test,129,104,132.46666666666667,0.7168577909469604,-1.2483784540850775
UBFC_PHYS_s15_T1_test,129,105,132.5,0.2531348466873169,-0.8935885797021171
UBFC_PHYS_s15_T1_test,129,106,132.53333333333333,-0.2480906844139099,-0.41486604029634233
UBFC_PHYS_s15_T1_test,129,107,132.56666666666666,-0.660194456577301,0.1308825869728465
UBFC_PHYS_s15_T1_test,129,108,132.6,-0.912207305431366,0.6697490064235676
UBFC_PHYS_s15_T1_test,129,109,132.63333333333333,-1.0658096075057983,1.127298082838941
UBFC_PHYS_s15_T1_test,129,110,132.66666666666666,-1.227947473526001,1.445946808335614
UBFC_PHYS_s15_T1_test,129,111,132.7,-1.3748681545257568,1.5964739859030317
UBFC_PHYS_s15_T1_test,129,112,132.73333333333332,-1.328076720237732,1.579772779971758
UBFC_PHYS_s15_T1_test,129,113,132.76666666666668,-0.9851847887039185,1.4196846918299857
UBFC_PHYS_s15_T1_test,129,114,132.8,-0.5133897066116333,1.1512640223909556
UBFC_PHYS_s15_T1_test,129,115,132.83333333333334,-0.13202960789203644,0.8098033513425388
UBFC_PHYS_s15_T1_test,129,116,132.86666666666667,0.10273821651935577,0.4245595328843581
UBFC_PHYS_s15_T1_test,129,117,132.9,0.18755356967449188,0.018209732180695215
UBFC_PHYS_s15_T1_test,129,118,132.93333333333334,0.11778174340724945,-0.38989715759662485
UBFC_PHYS_s15_T1_test,129,119,132.96666666666667,-0.01909695565700531,-0.7798048082541554
UBFC_PHYS_s15_T1_test,129,120,133.0,-0.1216980442404747,-1.1282820567121894
UBFC_PHYS_s15_T1_test,129,121,133.03333333333333,-0.2073051631450653,-1.4078081093119403
UBFC_PHYS_s15_T1_test,129,122,133.06666666666666,-0.29667800664901733,-1.5874372945537942
UBFC_PHYS_s15_T1_test,129,123,133.1,-0.3395298421382904,-1.636269774643799
UBFC_PHYS_s15_T1_test,129,124,133.13333333333333,-0.370524525642395,-1.5298925691928629
UBFC_PHYS_s15_T1_test,129,125,133.16666666666666,-0.5082142949104309,-1.2587978651426681
UBFC_PHYS_s15_T1_test,129,126,133.2,-0.7390425801277161,-0.8362297909194725
UBFC_PHYS_s15_T1_test,129,127,133.23333333333332,-0.8837037682533264,-0.3020399362443769
UBFC_PHYS_s15_T1_test,129,128,133.26666666666668,-0.8072308897972107,0.28034831471749977
UBFC_PHYS_s15_T1_test,129,129,133.3,-0.5859230756759644,0.8345810353372741
UBFC_PHYS_s15_T1_test,129,130,133.33333333333334,-0.43618303537368774,1.2871203954505517
UBFC_PHYS_s15_T1_test,129,131,133.36666666666667,-0.4805218577384949,1.58308340912066
UBFC_PHYS_s15_T1_test,129,132,133.4,-0.589862585067749,1.6968687334902666
UBFC_PHYS_s15_T1_test,129,133,133.43333333333334,-0.49936971068382263,1.6342314477935689
UBFC_PHYS_s15_T1_test,129,134,133.46666666666667,-0.11011124402284622,1.4256747741694622
UBFC_PHYS_s15_T1_test,129,135,133.5,0.40665990114212036,1.1141693923557314
UBFC_PHYS_s15_T1_test,129,136,133.53333333333333,0.8337106108665466,0.7421094800001392
UBFC_PHYS_s15_T1_test,129,137,133.56666666666666,1.1064831018447876,0.34240284212383926
UBFC_PHYS_s15_T1_test,129,138,133.6,1.2022093534469604,-0.06338148324665237
UBFC_PHYS_s15_T1_test,129,139,133.63333333333333,1.1073521375656128,-0.4602571435966926
UBFC_PHYS_s15_T1_test,129,140,133.66666666666666,0.9189894795417786,-0.8322531683170491
UBFC_PHYS_s15_T1_test,129,141,133.7,0.7427929043769836,-1.1569288512651419
UBFC_PHYS_s15_T1_test,129,142,133.73333333333332,0.5592966675758362,-1.404814453547157
UBFC_PHYS_s15_T1_test,129,143,133.76666666666668,0.35614147782325745,-1.5435468950935383
UBFC_PHYS_s15_T1_test,129,144,133.8,0.1907399445772171,-1.544814866701114
UBFC_PHYS_s15_T1_test,129,145,133.83333333333334,0.025550836697220802,-1.3920155190191508
UBFC_PHYS_s15_T1_test,129,146,133.86666666666667,-0.2322940230369568,-1.0867286643186143
UBFC_PHYS_s15_T1_test,129,147,133.9,-0.552379310131073,-0.6524294428458406
UBFC_PHYS_s15_T1_test,129,148,133.93333333333334,-0.8092778921127319,-0.13431920708686926
UBFC_PHYS_s15_T1_test,129,149,133.96666666666667,-0.9197000861167908,0.4054575152018774
UBFC_PHYS_s15_T1_test,129,150,134.0,-0.891351044178009,0.8974717764064348
UBFC_PHYS_s15_T1_test,129,151,134.03333333333333,-0.825499415397644,1.2783119677931543
UBFC_PHYS_s15_T1_test,129,152,134.06666666666666,-0.8285120129585266,1.5037880827387953
UBFC_PHYS_s15_T1_test,129,153,134.1,-0.8472632765769958,1.5570824297171302
UBFC_PHYS_s15_T1_test,129,154,134.13333333333333,-0.7115818858146667,1.4488181706945682
UBFC_PHYS_s15_T1_test,129,155,134.16666666666666,-0.33904704451560974,1.2098224003793923
UBFC_PHYS_s15_T1_test,129,156,134.2,0.1862790286540985,0.8804260218398962
UBFC_PHYS_s15_T1_test,129,157,134.23333333333332,0.6931434869766235,0.5007696230040181
UBFC_PHYS_s15_T1_test,129,158,134.26666666666668,1.0234057903289795,0.10478991737920282
UBFC_PHYS_s15_T1_test,129,159,134.3,1.128053903579712,-0.2817656509402381
UBFC_PHYS_s15_T1_test,129,160,134.33333333333334,1.0647900104522705,-0.6400920872106706
UBFC_PHYS_s15_T1_test,129,161,134.36666666666667,0.8994849920272827,-0.9549467227265352
UBFC_PHYS_s15_T1_test,129,162,134.4,0.6768060922622681,-1.2106312798115115
UBFC_PHYS_s15_T1_test,129,163,134.43333333333334,0.41905778646469116,-1.3881557899620514
UBFC_PHYS_s15_T1_test,129,164,134.46666666666667,0.12593112885951996,-1.465123524253388
UBFC_PHYS_s15_T1_test,129,165,134.5,-0.18803246319293976,-1.4190345966882971
UBFC_PHYS_s15_T1_test,129,166,134.53333333333333,-0.48057976365089417,-1.2336263622360084
UBFC_PHYS_s15_T1_test,129,167,134.56666666666666,-0.758469820022583,-0.9067731308586806
UBFC_PHYS_s15_T1_test,129,168,134.6,-1.077261209487915,-0.45753708354571426
UBFC_PHYS_s15_T1_test,129,169,134.63333333333333,-1.3912440538406372,0.07058258924984602
UBFC_PHYS_s15_T1_test,129,170,134.66666666666666,-1.5476465225219727,0.6128976347666343
UBFC_PHYS_s15_T1_test,129,171,134.7,-1.509448766708374,1.0942975182991401
UBFC_PHYS_s15_T1_test,129,172,134.73333333333332,-1.4014018774032593,1.4455025132289898
UBFC_PHYS_s15_T1_test,129,173,134.76666666666668,-1.2987622022628784,1.6196781934919613
UBFC_PHYS_s15_T1_test,129,174,134.8,-1.1641621589660645,1.603068124755762
UBFC_PHYS_s15_T1_test,129,175,134.83333333333334,-0.9474504590034485,1.4153914528472729
UBFC_PHYS_s15_T1_test,129,176,134.86666666666667,-0.618984043598175,1.1006148633190538
UBFC_PHYS_s15_T1_test,129,177,134.9,-0.21439242362976074,0.7130197183094847
UBFC_PHYS_s15_T1_test,129,178,134.93333333333334,0.15424153208732605,0.3042900943871116
UBFC_PHYS_s15_T1_test,129,179,134.96666666666667,0.4157748520374298,-0.08491794751434979
UBFC_PHYS_s15_T1_test,129,180,135.0,0.5934970378875732,-0.4284457323552148
UBFC_PHYS_s15_T1_test,129,181,135.03333333333333,0.7399734258651733,-0.7142249777933507
UBFC_PHYS_s15_T1_test,129,182,135.06666666666666,0.8989829421043396,-0.9407434443370943
UBFC_PHYS_s15_T1_test,129,183,135.1,1.061719536781311,-1.1107410908725295
UBFC_PHYS_s15_T1_test,129,184,135.13333333333333,1.1662516593933105,-1.2236409900108014
UBFC_PHYS_s15_T1_test,129,185,135.16666666666666,1.1813338994979858,-1.2698001594284531
UBFC_PHYS_s15_T1_test,129,186,135.2,1.1189002990722656,-1.229796473438622
UBFC_PHYS_s15_T1_test,129,187,135.23333333333332,0.9500227570533752,-1.0802744245035583
UBFC_PHYS_s15_T1_test,129,188,135.26666666666668,0.6305940747261047,-0.8051358124784401
UBFC_PHYS_s15_T1_test,129,189,135.3,0.20603451132774353,-0.40825391774494807
UBFC_PHYS_s15_T1_test,129,190,135.33333333333334,-0.21786846220493317,0.07749465168030056
UBFC_PHYS_s15_T1_test,129,191,135.36666666666667,-0.5770012140274048,0.589680091311653
UBFC_PHYS_s15_T1_test,129,192,135.4,-0.9058345556259155,1.046734161511177
UBFC_PHYS_s15_T1_test,129,193,135.43333333333334,-1.291346549987793,1.3678036927698494
UBFC_PHYS_s15_T1_test,129,194,135.46666666666667,-1.7446993589401245,1.4959603630835865
UBFC_PHYS_s15_T1_test,129,195,135.5,-2.1030404567718506,1.4159261901879976
UBFC_PHYS_s15_T1_test,129,196,135.53333333333333,-2.0892133712768555,1.1585621363450465
UBFC_PHYS_s15_T1_test,129,197,135.56666666666666,-1.6491082906723022,0.7894899741030057
UBFC_PHYS_s15_T1_test,129,198,135.6,-1.068223476409912,0.3863486158971754
UBFC_PHYS_s15_T1_test,129,199,135.63333333333333,-0.6734806299209595,0.014448663938862374
UBFC_PHYS_s15_T1_test,129,200,135.66666666666666,-0.5207666754722595,-0.28915715925060353
UBFC_PHYS_s15_T1_test,129,201,135.7,-0.5091025829315186,-0.5179174714713047
UBFC_PHYS_s15_T1_test,129,202,135.73333333333332,-0.575591504573822,-0.686032070674383
UBFC_PHYS_s15_T1_test,129,203,135.76666666666668,-0.6580315828323364,-0.8132918685511374
UBFC_PHYS_s15_T1_test,129,204,135.8,-0.6689424514770508,-0.9113877460636909
UBFC_PHYS_s15_T1_test,129,205,135.83333333333334,-0.5800524353981018,-0.9760519994216539
UBFC_PHYS_s15_T1_test,129,206,135.86666666666667,-0.4126039147377014,-0.9869258798733849
UBFC_PHYS_s15_T1_test,129,207,135.9,-0.20408017933368683,-0.9150599701310371
UBFC_PHYS_s15_T1_test,129,208,135.93333333333334,-0.0444527305662632,-0.735837334171615
UBFC_PHYS_s15_T1_test,129,209,135.96666666666667,-0.022090211510658264,-0.4430795333491277
UBFC_PHYS_s15_T1_test,129,210,136.0,-0.09157237410545349,-0.05898624601207578
UBFC_PHYS_s15_T1_test,129,211,136.03333333333333,-0.11899445950984955,0.3647402871297869
UBFC_PHYS_s15_T1_test,129,212,136.06666666666666,-0.08724663406610489,0.7564596090804989
UBFC_PHYS_s15_T1_test,129,213,136.1,-0.09696023166179657,1.0427908439095641
UBFC_PHYS_s15_T1_test,129,214,136.13333333333333,-0.20462089776992798,1.1698070848532596
UBFC_PHYS_s15_T1_test,129,215,136.16666666666666,-0.3360537886619568,1.1196506953506986
UBFC_PHYS_s15_T1_test,129,216,136.2,-0.3347792327404022,0.915714758110871
UBFC_PHYS_s15_T1_test,129,217,136.23333333333332,-0.11542186141014099,0.6135328747522362
UBFC_PHYS_s15_T1_test,129,218,136.26666666666668,0.21410664916038513,0.28077186550782884
UBFC_PHYS_s15_T1_test,129,219,136.3,0.4548030495643616,-0.025167197458862384
UBFC_PHYS_s15_T1_test,129,220,136.33333333333334,0.5306386351585388,-0.272580078535956
UBFC_PHYS_s15_T1_test,129,221,136.36666666666667,0.48369279503822327,-0.4581570371944009
UBFC_PHYS_s15_T1_test,129,222,136.4,0.36529505252838135,-0.5971903745381413
UBFC_PHYS_s15_T1_test,129,223,136.43333333333334,0.2187027484178543,-0.7070765207928226
UBFC_PHYS_s15_T1_test,129,224,136.46666666666667,0.112413190305233,-0.7924879379447702
UBFC_PHYS_s15_T1_test,129,225,136.5,0.09729242324829102,-0.8392308606250584
UBFC_PHYS_s15_T1_test,129,226,136.53333333333333,0.13902419805526733,-0.8192709842721295
UBFC_PHYS_s15_T1_test,129,227,136.56666666666666,0.15323734283447266,-0.7040455987917074
UBFC_PHYS_s15_T1_test,129,228,136.6,0.10754673928022385,-0.4796073836064007
UBFC_PHYS_s15_T1_test,129,229,136.63333333333333,0.0062201968394219875,-0.15691378988220375
UBFC_PHYS_s15_T1_test,129,230,136.66666666666666,-0.1440991908311844,0.2265578161805847
UBFC_PHYS_s15_T1_test,129,231,136.7,-0.30187273025512695,0.6139160140194525
UBFC_PHYS_s15_T1_test,129,232,136.73333333333332,-0.425986647605896,0.9421471343239113
UBFC_PHYS_s15_T1_test,129,233,136.76666666666668,-0.5708795785903931,1.1577944108081029
UBFC_PHYS_s15_T1_test,129,234,136.8,-0.7806971669197083,1.2305590614980573
UBFC_PHYS_s15_T1_test,129,235,136.83333333333334,-0.901392936706543,1.1601415258609309
UBFC_PHYS_s15_T1_test,129,236,136.86666666666667,-0.7432910799980164,0.9727378357291467
UBFC_PHYS_s15_T1_test,129,237,136.9,-0.35453474521636963,0.7077171064738601
UBFC_PHYS_s15_T1_test,129,238,136.93333333333334,0.04094196483492851,0.4013185987389898
UBFC_PHYS_s15_T1_test,129,239,136.96666666666667,0.29965582489967346,0.07704626188620071
UBFC_PHYS_s15_T1_test,130,0,130.0,-0.04754254221916199,-0.10019520521438834
UBFC_PHYS_s15_T1_test,130,1,130.03333333333333,-0.5679249167442322,0.6616180612713342
UBFC_PHYS_s15_T1_test,130,2,130.06666666666666,-0.9247596263885498,1.3063291954548062
UBFC_PHYS_s15_T1_test,130,3,130.1,-1.0669490098953247,1.7402455154007306
UBFC_PHYS_s15_T1_test,130,4,130.13333333333333,-1.1195143461227417,1.9158446632536466
UBFC_PHYS_s15_T1_test,130,5,130.16666666666666,-1.1965665817260742,1.8377125312329718
UBFC_PHYS_s15_T1_test,130,6,130.2,-1.2399977445602417,1.5526254866659686
UBFC_PHYS_s15_T1_test,130,7,130.23333333333332,-1.1786071062088013,1.1295180629692625
UBFC_PHYS_s15_T1_test,130,8,130.26666666666668,-1.0893887281417847,0.6396100302180048
UBFC_PHYS_s15_T1_test,130,9,130.3,-1.0564628839492798,0.14478882668696974
UBFC_PHYS_s15_T1_test,130,10,130.33333333333334,-1.0306823253631592,-0.3049782590851912
UBFC_PHYS_s15_T1_test,130,11,130.36666666666667,-0.9344346523284912,-0.6704478643147677
UBFC_PHYS_s15_T1_test,130,12,130.4,-0.7548006176948547,-0.9231410096546074
UBFC_PHYS_s15_T1_test,130,13,130.43333333333334,-0.5338211059570312,-1.047439329537567
UBFC_PHYS_s15_T1_test,130,14,130.46666666666667,-0.34775644540786743,-1.0423832127037698
UBFC_PHYS_s15_T1_test,130,15,130.5,-0.26102927327156067,-0.9209197765911777
UBFC_PHYS_s15_T1_test,130,16,130.53333333333333,-0.2604885697364807,-0.7068103614316473
UBFC_PHYS_s15_T1_test,130,17,130.56666666666666,-0.2797998785972595,-0.43107881946630655
UBFC_PHYS_s15_T1_test,130,18,130.6,-0.31629830598831177,-0.12878563655090275
UBFC_PHYS_s15_T1_test,130,19,130.63333333333333,-0.4334022104740143,0.16488703825640444
UBFC_PHYS_s15_T1_test,130,20,130.66666666666666,-0.6196406483650208,0.4199477906786712
UBFC_PHYS_s15_T1_test,130,21,130.7,-0.6944913864135742,0.616658291253124
UBFC_PHYS_s15_T1_test,130,22,130.73333333333332,-0.479594886302948,0.7467052885085717
UBFC_PHYS_s15_T1_test,130,23,130.76666666666668,-0.04962816461920738,0.8084308987439068
UBFC_PHYS_s15_T1_test,130,24,130.8,0.3226556181907654,0.7993540917791245
UBFC_PHYS_s15_T1_test,130,25,130.83333333333334,0.5062097907066345,0.7125521752541591
UBFC_PHYS_s15_T1_test,130,26,130.86666666666667,0.5608222484588623,0.5404397008024059
UBFC_PHYS_s15_T1_test,130,27,130.9,0.5419357419013977,0.28343705344758685
UBFC_PHYS_s15_T1_test,130,28,130.93333333333334,0.4581246078014374,-0.042298518471352506
UBFC_PHYS_s15_T1_test,130,29,130.96666666666667,0.39569106698036194,-0.4027003416280951
UBFC_PHYS_s15_T1_test,130,30,131.0,0.47936707735061646,-0.7498690442526736
UBFC_PHYS_s15_T1_test,130,31,131.03333333333333,0.679509699344635,-1.0300861806925363
UBFC_PHYS_s15_T1_test,130,32,131.06666666666666,0.8302152752876282,-1.193540995946624
UBFC_PHYS_s15_T1_test,130,33,131.1,0.8569808006286621,-1.2047669599575526
UBFC_PHYS_s15_T1_test,130,34,131.13333333333333,0.8494879603385925,-1.0524616988277493
UBFC_PHYS_s15_T1_test,130,35,131.16666666666666,1.0081112384796143,-0.7557676339743641
UBFC_PHYS_s15_T1_test,130,36,131.2,1.4778013229370117,-0.36324341338247346
UBFC_PHYS_s15_T1_test,130,37,131.23333333333332,2.0855867862701416,0.05756612521761755
UBFC_PHYS_s15_T1_test,130,38,131.26666666666668,2.388040781021118,0.4378020339881491
UBFC_PHYS_s15_T1_test,130,39,131.3,2.2159383296966553,0.7257399497264887
UBFC_PHYS_s15_T1_test,130,40,131.33333333333334,1.8657273054122925,0.8982971595773492
UBFC_PHYS_s15_T1_test,130,41,131.36666666666667,1.6161091327667236,0.9610763362013357
UBFC_PHYS_s15_T1_test,130,42,131.4,1.5035820007324219,0.9385192176170407
UBFC_PHYS_s15_T1_test,130,43,131.43333333333334,1.503157138824463,0.8600694882243217
UBFC_PHYS_s15_T1_test,130,44,131.46666666666667,1.5865434408187866,0.7478438832226664
UBFC_PHYS_s15_T1_test,130,45,131.5,1.6406538486480713,0.6090457328709736
UBFC_PHYS_s15_T1_test,130,46,131.53333333333333,1.587933897972107,0.43550916997331496
UBFC_PHYS_s15_T1_test,130,47,131.56666666666666,1.544541358947754,0.21163781376819446
UBFC_PHYS_s15_T1_test,130,48,131.6,1.6018379926681519,-0.07159984922739578
UBFC_PHYS_s15_T1_test,130,49,131.63333333333333,1.5946928262710571,-0.40294978153219635
UBFC_PHYS_s15_T1_test,130,50,131.66666666666666,1.2938224077224731,-0.7447234770636577
UBFC_PHYS_s15_T1_test,130,51,131.7,0.7146369814872742,-1.038328642581526
UBFC_PHYS_s15_T1_test,130,52,131.73333333333332,0.022654138505458832,-1.219814780961955
UBFC_PHYS_s15_T1_test,130,53,131.76666666666668,-0.7173173427581787,-1.2391199829478714
UBFC_PHYS_s15_T1_test,130,54,131.8,-1.4829150438308716,-1.0759553800793304
UBFC_PHYS_s15_T1_test,130,55,131.83333333333334,-2.139345645904541,-0.7475599560095662
UBFC_PHYS_s15_T1_test,130,56,131.86666666666667,-2.543879270553589,-0.30653648276390427
UBFC_PHYS_s15_T1_test,130,57,131.9,-2.7145915031433105,0.17066625031717747
UBFC_PHYS_s15_T1_test,130,58,131.93333333333334,-2.803558826446533,0.6022806585094511
UBFC_PHYS_s15_T1_test,130,59,131.96666666666667,-2.888779640197754,0.9221744294861748
UBFC_PHYS_s15_T1_test,130,60,132.0,-2.8060693740844727,1.096136642000801
UBFC_PHYS_s15_T1_test,130,61,132.03333333333333,-2.269639253616333,1.1266143914172384
UBFC_PHYS_s15_T1_test,130,62,132.06666666666666,-1.3321514129638672,1.043906630315476
UBFC_PHYS_s15_T1_test,130,63,132.1,-0.3806629776954651,0.8886615677967135
UBFC_PHYS_s15_T1_test,130,64,132.13333333333333,0.2999068796634674,0.6947328497285835
UBFC_PHYS_s15_T1_test,130,65,132.16666666666666,0.725007176399231,0.48017590726742165
UBFC_PHYS_s15_T1_test,130,66,132.2,0.9742971062660217,0.24822167424197536
UBFC_PHYS_s15_T1_test,130,67,132.23333333333332,1.0981985330581665,-0.0054741993718423485
UBFC_PHYS_s15_T1_test,130,68,132.26666666666668,1.1964160203933716,-0.28399391177820105
UBFC_PHYS_s15_T1_test,130,69,132.3,1.3064326047897339,-0.5813596033671646
UBFC_PHYS_s15_T1_test,130,70,132.33333333333334,1.357549786567688,-0.8768906241535231
UBFC_PHYS_s15_T1_test,130,71,132.36666666666667,1.328582763671875,-1.1331995271754562
UBFC_PHYS_s15_T1_test,130,72,132.4,1.2418363094329834,-1.3003917558452782
UBFC_PHYS_s15_T1_test,130,73,132.43333333333334,1.0543038845062256,-1.3280609787644737
UBFC_PHYS_s15_T1_test,130,74,132.46666666666667,0.7168577909469604,-1.1825213410286752
UBFC_PHYS_s15_T1_test,130,75,132.5,0.2531348466873169,-0.8625077320758772
UBFC_PHYS_s15_T1_test,130,76,132.53333333333333,-0.2480906844139099,-0.40601570289505867
UBFC_PHYS_s15_T1_test,130,77,132.56666666666666,-0.660194456577301,0.11562489907377733
UBFC_PHYS_s15_T1_test,130,78,132.6,-0.912207305431366,0.6150207399375952
UBFC_PHYS_s15_T1_test,130,79,132.63333333333333,-1.0658096075057983,1.0113569780553913
UBFC_PHYS_s15_T1_test,130,80,132.66666666666666,-1.227947473526001,1.250636520900099
UBFC_PHYS_s15_T1_test,130,81,132.7,-1.3748681545257568,1.316934960214827
UBFC_PHYS_s15_T1_test,130,82,132.73333333333332,-1.328076720237732,1.2313827367666292
UBFC_PHYS_s15_T1_test,130,83,132.76666666666668,-0.9851847887039185,1.0398062760400748
UBFC_PHYS_s15_T1_test,130,84,132.8,-0.5133897066116333,0.7938869794092376
UBFC_PHYS_s15_T1_test,130,85,132.83333333333334,-0.13202960789203644,0.5332121844822887
UBFC_PHYS_s15_T1_test,130,86,132.86666666666667,0.10273821651935577,0.27555218390802494
UBFC_PHYS_s15_T1_test,130,87,132.9,0.18755356967449188,0.018990321361641773
UBFC_PHYS_s15_T1_test,130,88,132.93333333333334,0.11778174340724945,-0.2467933206216309
UBFC_PHYS_s15_T1_test,130,89,132.96666666666667,-0.01909695565700531,-0.5271267036672473
UBFC_PHYS_s15_T1_test,130,90,133.0,-0.1216980442404747,-0.8129556109469108
UBFC_PHYS_s15_T1_test,130,91,133.03333333333333,-0.2073051631450653,-1.0778078618535303
UBFC_PHYS_s15_T1_test,130,92,133.06666666666666,-0.29667800664901733,-1.2808168133688158
UBFC_PHYS_s15_T1_test,130,93,133.1,-0.3395298421382904,-1.3748213803724714
UBFC_PHYS_s15_T1_test,130,94,133.13333333333333,-0.370524525642395,-1.3185118302120484
UBFC_PHYS_s15_T1_test,130,95,133.16666666666666,-0.5082142949104309,-1.0906288845036072
UBFC_PHYS_s15_T1_test,130,96,133.2,-0.7390425801277161,-0.7020721691874376
UBFC_PHYS_s15_T1_test,130,97,133.23333333333332,-0.8837037682533264,-0.2003580060539117
UBFC_PHYS_s15_T1_test,130,98,133.26666666666668,-0.8072308897972107,0.33763905897610724
UBFC_PHYS_s15_T1_test,130,99,133.3,-0.5859230756759644,0.8240774465098939
UBFC_PHYS_s15_T1_test,130,100,133.33333333333334,-0.43618303537368774,1.183381877953481
UBFC_PHYS_s15_T1_test,130,101,133.36666666666667,-0.4805218577384949,1.371213796022181
UBFC_PHYS_s15_T1_test,130,102,133.4,-0.589862585067749,1.3824655663126904
UBFC_PHYS_s15_T1_test,130,103,133.43333333333334,-0.49936971068382263,1.2468878029349066
UBFC_PHYS_s15_T1_test,130,104,133.46666666666667,-0.11011124402284622,1.0154752255631645
UBFC_PHYS_s15_T1_test,130,105,133.5,0.40665990114212036,0.7428129951032955
UBFC_PHYS_s15_T1_test,130,106,133.53333333333333,0.8337106108665466,0.4706052937673961
UBFC_PHYS_s15_T1_test,130,107,133.56666666666666,1.1064831018447876,0.21707759358505185
UBFC_PHYS_s15_T1_test,130,108,133.6,1.2022093534469604,-0.023667457754831412
UBFC_PHYS_s15_T1_test,130,109,133.63333333333333,1.1073521375656128,-0.2710503775873916
UBFC_PHYS_s15_T1_test,130,110,133.66666666666666,0.9189894795417786,-0.540527554125277
UBFC_PHYS_s15_T1_test,130,111,133.7,0.7427929043769836,-0.8278576317755132
UBFC_PHYS_s15_T1_test,130,112,133.73333333333332,0.5592966675758362,-1.1026910881765608
UBFC_PHYS_s15_T1_test,130,113,133.76666666666668,0.35614147782325745,-1.3140105362826895
UBFC_PHYS_s15_T1_test,130,114,133.8,0.1907399445772171,-1.4047395779143514
UBFC_PHYS_s15_T1_test,130,115,133.83333333333334,0.025550836697220802,-1.3298755110829092
UBFC_PHYS_s15_T1_test,130,116,133.86666666666667,-0.2322940230369568,-1.0723138681880484
UBFC_PHYS_s15_T1_test,130,117,133.9,-0.552379310131073,-0.652018091086051
UBFC_PHYS_s15_T1_test,130,118,133.93333333333334,-0.8092778921127319,-0.12593879343218958
UBFC_PHYS_s15_T1_test,130,119,133.96666666666667,-0.9197000861167908,0.4223209103817321
UBFC_PHYS_s15_T1_test,130,120,134.0,-0.891351044178009,0.9020540300614595
UBFC_PHYS_s15_T1_test,130,121,134.03333333333333,-0.825499415397644,1.2395231050875557
UBFC_PHYS_s15_T1_test,130,122,134.06666666666666,-0.8285120129585266,1.3975878496960854
UBFC_PHYS_s15_T1_test,130,123,134.1,-0.8472632765769958,1.381805946866139
UBFC_PHYS_s15_T1_test,130,124,134.13333333333333,-0.7115818858146667,1.230613871775108
UBFC_PHYS_s15_T1_test,130,125,134.16666666666666,-0.33904704451560974,0.9958078944128634
UBFC_PHYS_s15_T1_test,130,126,134.2,0.1862790286540985,0.7234968475659879
UBFC_PHYS_s15_T1_test,130,127,134.23333333333332,0.6931434869766235,0.4431719934354303
UBFC_PHYS_s15_T1_test,130,128,134.26666666666668,1.0234057903289795,0.16627016478138337
UBFC_PHYS_s15_T1_test,130,129,134.3,1.128053903579712,-0.1090382782353394
UBFC_PHYS_s15_T1_test,130,130,134.33333333333334,1.0647900104522705,-0.3900280026213269
UBFC_PHYS_s15_T1_test,130,131,134.36666666666667,0.8994849920272827,-0.6799872537456398
UBFC_PHYS_s15_T1_test,130,132,134.4,0.6768060922622681,-0.9690041042505653
UBFC_PHYS_s15_T1_test,130,133,134.43333333333334,0.41905778646469116,-1.2285198609659929
UBFC_PHYS_s15_T1_test,130,134,134.46666666666667,0.12593112885951996,-1.4133858823353158
UBFC_PHYS_s15_T1_test,130,135,134.5,-0.18803246319293976,-1.47261358294
UBFC_PHYS_s15_T1_test,130,136,134.53333333333333,-0.48057976365089417,-1.3657396279954035
UBFC_PHYS_s15_T1_test,130,137,134.56666666666666,-0.758469820022583,-1.0786442180779516
UBFC_PHYS_s15_T1_test,130,138,134.6,-1.077261209487915,-0.6329135074994298
UBFC_PHYS_s15_T1_test,130,139,134.63333333333333,-1.3912440538406372,-0.08544591461160694
UBFC_PHYS_s15_T1_test,130,140,134.66666666666666,-1.5476465225219727,0.4820444822736973
UBFC_PHYS_s15_T1_test,130,141,134.7,-1.509448766708374,0.9813359839005698
UBFC_PHYS_s15_T1_test,130,142,134.73333333333332,-1.4014018774032593,1.3391427888988143
UBFC_PHYS_s15_T1_test,130,143,134.76666666666668,-1.2987622022628784,1.515085502139483
UBFC_PHYS_s15_T1_test,130,144,134.8,-1.1641621589660645,1.5092075098890125
UBFC_PHYS_s15_T1_test,130,145,134.83333333333334,-0.9474504590034485,1.3553580016786202
UBFC_PHYS_s15_T1_test,130,146,134.86666666666667,-0.618984043598175,1.1036683782464363
UBFC_PHYS_s15_T1_test,130,147,134.9,-0.21439242362976074,0.8011567512214187
UBFC_PHYS_s15_T1_test,130,148,134.93333333333334,0.15424153208732605,0.47957875795067034
UBFC_PHYS_s15_T1_test,130,149,134.96666666666667,0.4157748520374298,0.1542462458366946
UBFC_PHYS_s15_T1_test,130,150,135.0,0.5934970378875732,-0.1693584584574861
UBFC_PHYS_s15_T1_test,130,151,135.03333333333333,0.7399734258651733,-0.48752019574962985
UBFC_PHYS_s15_T1_test,130,152,135.06666666666666,0.8989829421043396,-0.7925729249924671
UBFC_PHYS_s15_T1_test,130,153,135.1,1.061719536781311,-1.0693595440075396
UBFC_PHYS_s15_T1_test,130,154,135.13333333333333,1.1662516593933105,-1.2930972219821075
UBFC_PHYS_s15_T1_test,130,155,135.16666666666666,1.1813338994979858,-1.4298352908359775
UBFC_PHYS_s15_T1_test,130,156,135.2,1.1189002990722656,-1.441827961161194
UBFC_PHYS_s15_T1_test,130,157,135.23333333333332,0.9500227570533752,-1.2985180339100135
UBFC_PHYS_s15_T1_test,130,158,135.26666666666668,0.6305940747261047,-0.9900313349837413
UBFC_PHYS_s15_T1_test,130,159,135.3,0.20603451132774353,-0.5372633125278677
UBFC_PHYS_s15_T1_test,130,160,135.33333333333334,-0.21786846220493317,0.0065739093572585935
UBFC_PHYS_s15_T1_test,130,161,135.36666666666667,-0.5770012140274048,0.5644975275005266
UBFC_PHYS_s15_T1_test,130,162,135.4,-0.9058345556259155,1.0520464563668477
UBFC_PHYS_s15_T1_test,130,163,135.43333333333334,-1.291346549987793,1.3965249932249286
UBFC_PHYS_s15_T1_test,130,164,135.46666666666667,-1.7446993589401245,1.5538965372298619
UBFC_PHYS_s15_T1_test,130,165,135.5,-2.1030404567718506,1.5186009827133284
UBFC_PHYS_s15_T1_test,130,166,135.53333333333333,-2.0892133712768555,1.32264756669314
UBFC_PHYS_s15_T1_test,130,167,135.56666666666666,-1.6491082906723022,1.0229694698397749
UBFC_PHYS_s15_T1_test,130,168,135.6,-1.068223476409912,0.6807133005763877
UBFC_PHYS_s15_T1_test,130,169,135.63333333333333,-0.6734806299209595,0.3407437606933865
UBFC_PHYS_s15_T1_test,130,170,135.66666666666666,-0.5207666754722595,0.020896721964541048
UBFC_PHYS_s15_T1_test,130,171,135.7,-0.5091025829315186,-0.28388686736731694
UBFC_PHYS_s15_T1_test,130,172,135.73333333333332,-0.575591504573822,-0.58601790307615
UBFC_PHYS_s15_T1_test,130,173,135.76666666666668,-0.6580315828323364,-0.8879705622498371
UBFC_PHYS_s15_T1_test,130,174,135.8,-0.6689424514770508,-1.1717938721001349
UBFC_PHYS_s15_T1_test,130,175,135.83333333333334,-0.5800524353981018,-1.398595541510151
UBFC_PHYS_s15_T1_test,130,176,135.86666666666667,-0.4126039147377014,-1.5169318313317177
UBFC_PHYS_s15_T1_test,130,177,135.9,-0.20408017933368683,-1.4772832232671564
UBFC_PHYS_s15_T1_test,130,178,135.93333333333334,-0.0444527305662632,-1.2491812557275745
UBFC_PHYS_s15_T1_test,130,179,135.96666666666667,-0.022090211510658264,-0.8365529792440568
UBFC_PHYS_s15_T1_test,130,180,136.0,-0.09157237410545349,-0.2854577420282936
UBFC_PHYS_s15_T1_test,130,181,136.03333333333333,-0.11899445950984955,0.3209727533687059
UBFC_PHYS_s15_T1_test,130,182,136.06666666666666,-0.08724663406610489,0.8811667374273056
UBFC_PHYS_s15_T1_test,130,183,136.1,-0.09696023166179657,1.3018057890558903
UBFC_PHYS_s15_T1_test,130,184,136.13333333333333,-0.20462089776992798,1.5226528451125376
UBFC_PHYS_s15_T1_test,130,185,136.16666666666666,-0.3360537886619568,1.5300370637092005
UBFC_PHYS_s15_T1_test,130,186,136.2,-0.3347792327404022,1.354966862014882
UBFC_PHYS_s15_T1_test,130,187,136.23333333333332,-0.11542186141014099,1.0584314608834529
UBFC_PHYS_s15_T1_test,130,188,136.26666666666668,0.21410664916038513,0.710208625682285
UBFC_PHYS_s15_T1_test,130,189,136.3,0.4548030495643616,0.3681452141836187
UBFC_PHYS_s15_T1_test,130,190,136.33333333333334,0.5306386351585388,0.06393630127708984
UBFC_PHYS_s15_T1_test,130,191,136.36666666666667,0.48369279503822327,-0.200288662001141
UBFC_PHYS_s15_T1_test,130,192,136.4,0.36529505252838135,-0.44294912435424827
UBFC_PHYS_s15_T1_test,130,193,136.43333333333334,0.2187027484178543,-0.6844467905285769
UBFC_PHYS_s15_T1_test,130,194,136.46666666666667,0.112413190305233,-0.9273505076948386
UBFC_PHYS_s15_T1_test,130,195,136.5,0.09729242324829102,-1.1456342362122833
UBFC_PHYS_s15_T1_test,130,196,136.53333333333333,0.13902419805526733,-1.2889159319151047
UBFC_PHYS_s15_T1_test,130,197,136.56666666666666,0.15323734283447266,-1.299894429086325
UBFC_PHYS_s15_T1_test,130,198,136.6,0.10754673928022385,-1.1371460945952248
UBFC_PHYS_s15_T1_test,130,199,136.63333333333333,0.0062201968394219875,-0.793891321527705
UBFC_PHYS_s15_T1_test,130,200,136.66666666666666,-0.1440991908311844,-0.3061058892550977
UBFC_PHYS_s15_T1_test,130,201,136.7,-0.30187273025512695,0.2522025871075259
UBFC_PHYS_s15_T1_test,130,202,136.73333333333332,-0.425986647605896,0.785154768061398
UBFC_PHYS_s15_T1_test,130,203,136.76666666666668,-0.5708795785903931,1.1986388858743258
UBFC_PHYS_s15_T1_test,130,204,136.8,-0.7806971669197083,1.425192662285958
UBFC_PHYS_s15_T1_test,130,205,136.83333333333334,-0.901392936706543,1.442125353783174
UBFC_PHYS_s15_T1_test,130,206,136.86666666666667,-0.7432910799980164,1.2751772978283051
UBFC_PHYS_s15_T1_test,130,207,136.9,-0.35453474521636963,0.9848136080382084
UBFC_PHYS_s15_T1_test,130,208,136.93333333333334,0.04094196483492851,0.6410239989613877
UBFC_PHYS_s15_T1_test,130,209,136.96666666666667,0.29965582489967346,0.2990002634173882
UBFC_PHYS_s15_T1_test,130,210,137.0,0.4173777103424072,-0.013273584288859537
UBFC_PHYS_s15_T1_test,130,211,137.03333333333333,0.42278486490249634,-0.29220898758763625
UBFC_PHYS_s15_T1_test,130,212,137.06666666666666,0.3507149815559387,-0.5457339949889433
UBFC_PHYS_s15_T1_test,130,213,137.1,0.25742197036743164,-0.7791785241574447
UBFC_PHYS_s15_T1_test,130,214,137.13333333333333,0.20784978568553925,-0.9860175515892953
UBFC_PHYS_s15_T1_test,130,215,137.16666666666666,0.23005780577659607,-1.1449360552093437
UBFC_PHYS_s15_T1_test,130,216,137.2,0.30411675572395325,-1.222865736486518
UBFC_PHYS_s15_T1_test,130,217,137.23333333333332,0.3686552047729492,-1.1837184793614797
UBFC_PHYS_s15_T1_test,130,218,137.26666666666668,0.3440139591693878,-1.0015767713034769
UBFC_PHYS_s15_T1_test,130,219,137.3,0.2161729633808136,-0.6746682105973385
UBFC_PHYS_s15_T1_test,130,220,137.33333333333334,0.06311137229204178,-0.23425470852776226
UBFC_PHYS_s15_T1_test,130,221,137.36666666666667,-0.05435943976044655,0.25690734936673476
UBFC_PHYS_s15_T1_test,130,222,137.4,-0.16653895378112793,0.7176943164310255
UBFC_PHYS_s15_T1_test,130,223,137.43333333333334,-0.34625017642974854,1.0690697894924903
UBFC_PHYS_s15_T1_test,130,224,137.46666666666667,-0.5841657519340515,1.2543518824325333
UBFC_PHYS_s15_T1_test,130,225,137.5,-0.7357982993125916,1.2522782829500927
UBFC_PHYS_s15_T1_test,130,226,137.53333333333333,-0.628195583820343,1.079428081866278
UBFC_PHYS_s15_T1_test,130,227,137.56666666666666,-0.2730795443058014,0.7825752549162038
UBFC_PHYS_s15_T1_test,130,228,137.6,0.14352373778820038,0.42393905965663187
UBFC_PHYS_s15_T1_test,130,229,137.63333333333333,0.4312818646430969,0.06371405061697691
UBFC_PHYS_s15_T1_test,130,230,137.66666666666666,0.537590742111206,-0.25444249478126596
UBFC_PHYS_s15_T1_test,130,231,137.7,0.5270467400550842,-0.5095791465051468
UBFC_PHYS_s15_T1_test,130,232,137.73333333333332,0.4786139130592346,-0.6992066429769038
UBFC_PHYS_s15_T1_test,130,233,137.76666666666668,0.445591539144516,-0.827819678470236
UBFC_PHYS_s15_T1_test,130,234,137.8,0.45225396752357483,-0.8955672885798047
UBFC_PHYS_s15_T1_test,130,235,137.83333333333334,0.48216721415519714,-0.8942356914495535
UBFC_PHYS_s15_T1_test,130,236,137.86666666666667,0.5098596215248108,-0.8123942513353237
UBFC_PHYS_s15_T1_test,130,237,137.9,0.5254825353622437,-0.6453745612055347
UBFC_PHYS_s15_T1_test,130,238,137.93333333333334,0.5069243311882019,-0.4034057728826518
UBFC_PHYS_s15_T1_test,130,239,137.96666666666667,0.41168084740638733,-0.11331789265844082
UBFC_PHYS_s15_T1_test,131,0,131.0,0.47936707735061646,0.07173201987292031
UBFC_PHYS_s15_T1_test,131,1,131.03333333333333,0.679509699344635,0.10051581523311272
UBFC_PHYS_s15_T1_test,131,2,131.06666666666666,0.8302152752876282,0.14362012176208283
UBFC_PHYS_s15_T1_test,131,3,131.1,0.8569808006286621,0.21505694615020285
UBFC_PHYS_s15_T1_test,131,4,131.13333333333333,0.8494879603385925,0.32513548135188347
UBFC_PHYS_s15_T1_test,131,5,131.16666666666666,1.0081112384796143,0.47515770228806403
UBFC_PHYS_s15_T1_test,131,6,131.2,1.4778013229370117,0.6524945861869652
UBFC_PHYS_s15_T1_test,131,7,131.23333333333332,2.0855867862701416,0.8307286480861411
UBFC_PHYS_s15_T1_test,131,8,131.26666666666668,2.388040781021118,0.9765397071376759
UBFC_PHYS_s15_T1_test,131,9,131.3,2.2159383296966553,1.0602773955568445
UBFC_PHYS_s15_T1_test,131,10,131.33333333333334,1.8657273054122925,1.0651422874930863
UBFC_PHYS_s15_T1_test,131,11,131.36666666666667,1.6161091327667236,0.9911160319816029
UBFC_PHYS_s15_T1_test,131,12,131.4,1.5035820007324219,0.8524845731577111
UBFC_PHYS_s15_T1_test,131,13,131.43333333333334,1.503157138824463,0.6704263000006904
UBFC_PHYS_s15_T1_test,131,14,131.46666666666667,1.5865434408187866,0.4638401833599868
UBFC_PHYS_s15_T1_test,131,15,131.5,1.6406538486480713,0.2423742884564304
UBFC_PHYS_s15_T1_test,131,16,131.53333333333333,1.587933897972107,0.005364470739390505
UBFC_PHYS_s15_T1_test,131,17,131.56666666666666,1.544541358947754,-0.2519405079168505
UBFC_PHYS_s15_T1_test,131,18,131.6,1.6018379926681519,-0.5277556022929017
UBFC_PHYS_s15_T1_test,131,19,131.63333333333333,1.5946928262710571,-0.8047455940782671
UBFC_PHYS_s15_T1_test,131,20,131.66666666666666,1.2938224077224731,-1.0479172084238249
UBFC_PHYS_s15_T1_test,131,21,131.7,0.7146369814872742,-1.2111132894699126
UBFC_PHYS_s15_T1_test,131,22,131.73333333333332,0.022654138505458832,-1.2499221430445888
UBFC_PHYS_s15_T1_test,131,23,131.76666666666668,-0.7173173427581787,-1.1363980732294772
UBFC_PHYS_s15_T1_test,131,24,131.8,-1.4829150438308716,-0.8706151930108693
UBFC_PHYS_s15_T1_test,131,25,131.83333333333334,-2.139345645904541,-0.4852976391375868
UBFC_PHYS_s15_T1_test,131,26,131.86666666666667,-2.543879270553589,-0.04172001871056331
UBFC_PHYS_s15_T1_test,131,27,131.9,-2.7145915031433105,0.382889869958612
UBFC_PHYS_s15_T1_test,131,28,131.93333333333334,-2.803558826446533,0.7141567150478131
UBFC_PHYS_s15_T1_test,131,29,131.96666666666667,-2.888779640197754,0.9006718312911792
UBFC_PHYS_s15_T1_test,131,30,132.0,-2.8060693740844727,0.9280216395757209
UBFC_PHYS_s15_T1_test,131,31,132.03333333333333,-2.269639253616333,0.8200447103950365
UBFC_PHYS_s15_T1_test,131,32,132.06666666666666,-1.3321514129638672,0.6261605130188953
UBFC_PHYS_s15_T1_test,131,33,132.1,-0.3806629776954651,0.40063981020834183
UBFC_PHYS_s15_T1_test,131,34,132.13333333333333,0.2999068796634674,0.1834305701444927
UBFC_PHYS_s15_T1_test,131,35,132.16666666666666,0.725007176399231,-0.009528606044383162
UBFC_PHYS_s15_T1_test,131,36,132.2,0.9742971062660217,-0.1843552394458928
UBFC_PHYS_s15_T1_test,131,37,132.23333333333332,1.0981985330581665,-0.3589584747711064
UBFC_PHYS_s15_T1_test,131,38,132.26666666666668,1.1964160203933716,-0.5495518913615237
UBFC_PHYS_s15_T1_test,131,39,132.3,1.3064326047897339,-0.7581698642039976
UBFC_PHYS_s15_T1_test,131,40,132.33333333333334,1.357549786567688,-0.964528201753167
UBFC_PHYS_s15_T1_test,131,41,132.36666666666667,1.328582763671875,-1.1252392295741769
UBFC_PHYS_s15_T1_test,131,42,132.4,1.2418363094329834,-1.1825846357149055
UBFC_PHYS_s15_T1_test,131,43,132.43333333333334,1.0543038845062256,-1.0823496421770975
UBFC_PHYS_s15_T1_test,131,44,132.46666666666667,0.7168577909469604,-0.7957034281929097
UBFC_PHYS_s15_T1_test,131,45,132.5,0.2531348466873169,-0.3366275675560228
UBFC_PHYS_s15_T1_test,131,46,132.53333333333333,-0.2480906844139099,0.23317303526283983
UBFC_PHYS_s15_T1_test,131,47,132.56666666666666,-0.660194456577301,0.8155875231422021
UBFC_PHYS_s15_T1_test,131,48,132.6,-0.912207305431366,1.301120889270661
UBFC_PHYS_s15_T1_test,131,49,132.63333333333333,-1.0658096075057983,1.5996017054470586
UBFC_PHYS_s15_T1_test,131,50,132.66666666666666,-1.227947473526001,1.6659880159057272
UBFC_PHYS_s15_T1_test,131,51,132.7,-1.3748681545257568,1.511917472695654
UBFC_PHYS_s15_T1_test,131,52,132.73333333333332,-1.328076720237732,1.1983703394400316
UBFC_PHYS_s15_T1_test,131,53,132.76666666666668,-0.9851847887039185,0.8118216631258816
UBFC_PHYS_s15_T1_test,131,54,132.8,-0.5133897066116333,0.43318012078042073
UBFC_PHYS_s15_T1_test,131,55,132.83333333333334,-0.13202960789203644,0.11218851266916659
UBFC_PHYS_s15_T1_test,131,56,132.86666666666667,0.10273821651935577,-0.14251996727631489
UBFC_PHYS_s15_T1_test,131,57,132.9,0.18755356967449188,-0.35499379528116504
UBFC_PHYS_s15_T1_test,131,58,132.93333333333334,0.11778174340724945,-0.5611971521752407
UBFC_PHYS_s15_T1_test,131,59,132.96666666666667,-0.01909695565700531,-0.7866338393606378
UBFC_PHYS_s15_T1_test,131,60,133.0,-0.1216980442404747,-1.0311360579824902
UBFC_PHYS_s15_T1_test,131,61,133.03333333333333,-0.2073051631450653,-1.2644658237401505
UBFC_PHYS_s15_T1_test,131,62,133.06666666666666,-0.29667800664901733,-1.432632424558532
UBFC_PHYS_s15_T1_test,131,63,133.1,-0.3395298421382904,-1.472922759195581
UBFC_PHYS_s15_T1_test,131,64,133.13333333333333,-0.370524525642395,-1.3340754024443648
UBFC_PHYS_s15_T1_test,131,65,133.16666666666666,-0.5082142949104309,-0.9963501902639288
UBFC_PHYS_s15_T1_test,131,66,133.2,-0.7390425801277161,-0.4850848912258813
UBFC_PHYS_s15_T1_test,131,67,133.23333333333332,-0.8837037682533264,0.12813411783887815
UBFC_PHYS_s15_T1_test,131,68,133.26666666666668,-0.8072308897972107,0.7394474524817071
UBFC_PHYS_s15_T1_test,131,69,133.3,-0.5859230756759644,1.23921748253711
UBFC_PHYS_s15_T1_test,131,70,133.33333333333334,-0.43618303537368774,1.5426567468866554
UBFC_PHYS_s15_T1_test,131,71,133.36666666666667,-0.4805218577384949,1.6133928692169768
UBFC_PHYS_s15_T1_test,131,72,133.4,-0.589862585067749,1.4710989968738741
UBFC_PHYS_s15_T1_test,131,73,133.43333333333334,-0.49936971068382263,1.1805576470690298
UBFC_PHYS_s15_T1_test,131,74,133.46666666666667,-0.11011124402284622,0.8266192863408695
UBFC_PHYS_s15_T1_test,131,75,133.5,0.40665990114212036,0.4846821309284425
UBFC_PHYS_s15_T1_test,131,76,133.53333333333333,0.8337106108665466,0.19773981837901697
UBFC_PHYS_s15_T1_test,131,77,133.56666666666666,1.1064831018447876,-0.03173310342269253
UBFC_PHYS_s15_T1_test,131,78,133.6,1.2022093534469604,-0.23275659883923847
UBFC_PHYS_s15_T1_test,131,79,133.63333333333333,1.1073521375656128,-0.44427325419014313
UBFC_PHYS_s15_T1_test,131,80,133.66666666666666,0.9189894795417786,-0.6906483837698857
UBFC_PHYS_s15_T1_test,131,81,133.7,0.7427929043769836,-0.964621354125557
UBFC_PHYS_s15_T1_test,131,82,133.73333333333332,0.5592966675758362,-1.2241648740714504
UBFC_PHYS_s15_T1_test,131,83,133.76666666666668,0.35614147782325745,-1.4037077636871635
UBFC_PHYS_s15_T1_test,131,84,133.8,0.1907399445772171,-1.43525095396388
UBFC_PHYS_s15_T1_test,131,85,133.83333333333334,0.025550836697220802,-1.2722464281846406
UBFC_PHYS_s15_T1_test,131,86,133.86666666666667,-0.2322940230369568,-0.9086198799487805
UBFC_PHYS_s15_T1_test,131,87,133.9,-0.552379310131073,-0.386725538354023
UBFC_PHYS_s15_T1_test,131,88,133.93333333333334,-0.8092778921127319,0.20902458781028274
UBFC_PHYS_s15_T1_test,131,89,133.96666666666667,-0.9197000861167908,0.7721303388191326
UBFC_PHYS_s15_T1_test,131,90,134.0,-0.891351044178009,1.2025063700974432
UBFC_PHYS_s15_T1_test,131,91,134.03333333333333,-0.825499415397644,1.4346289961633167
UBFC_PHYS_s15_T1_test,131,92,134.06666666666666,-0.8285120129585266,1.4547865992437827
UBFC_PHYS_s15_T1_test,131,93,134.1,-0.8472632765769958,1.2999607268863165
UBFC_PHYS_s15_T1_test,131,94,134.13333333333333,-0.7115818858146667,1.038875363524758
UBFC_PHYS_s15_T1_test,131,95,134.16666666666666,-0.33904704451560974,0.7440937610395029
UBFC_PHYS_s15_T1_test,131,96,134.2,0.1862790286540985,0.4674309160547635
UBFC_PHYS_s15_T1_test,131,97,134.23333333333332,0.6931434869766235,0.22791487629112492
UBFC_PHYS_s15_T1_test,131,98,134.26666666666668,1.0234057903289795,0.014436016709554082
UBFC_PHYS_s15_T1_test,131,99,134.3,1.128053903579712,-0.20102238751506862
UBFC_PHYS_s15_T1_test,131,100,134.33333333333334,1.0647900104522705,-0.44571180978911
UBFC_PHYS_s15_T1_test,131,101,134.36666666666667,0.8994849920272827,-0.7294846079691398
UBFC_PHYS_s15_T1_test,131,102,134.4,0.6768060922622681,-1.0340014062687868
UBFC_PHYS_s15_T1_test,131,103,134.43333333333334,0.41905778646469116,-1.3116758591466455
UBFC_PHYS_s15_T1_test,131,104,134.46666666666667,0.12593112885951996,-1.4958681719114568
UBFC_PHYS_s15_T1_test,131,105,134.5,-0.18803246319293976,-1.5201330410872118
UBFC_PHYS_s15_T1_test,131,106,134.53333333333333,-0.48057976365089417,-1.340667077172067
UBFC_PHYS_s15_T1_test,131,107,134.56666666666666,-0.758469820022583,-0.9543644123984464
UBFC_PHYS_s15_T1_test,131,108,134.6,-1.077261209487915,-0.4061197341462246
UBFC_PHYS_s15_T1_test,131,109,134.63333333333333,-1.3912440538406372,0.21771233147346342
UBFC_PHYS_s15_T1_test,131,110,134.66666666666666,-1.5476465225219727,0.8089298553233997
UBFC_PHYS_s15_T1_test,131,111,134.7,-1.509448766708374,1.2654197760528152
UBFC_PHYS_s15_T1_test,131,112,134.73333333333332,-1.4014018774032593,1.5191066311521053
UBFC_PHYS_s15_T1_test,131,113,134.76666666666668,-1.2987622022628784,1.5540299954603085
UBFC_PHYS_s15_T1_test,131,114,134.8,-1.1641621589660645,1.4068186515344967
UBFC_PHYS_s15_T1_test,131,115,134.83333333333334,-0.9474504590034485,1.1483822411237752
UBFC_PHYS_s15_T1_test,131,116,134.86666666666667,-0.618984043598175,0.8545179243140135
UBFC_PHYS_s15_T1_test,131,117,134.9,-0.21439242362976074,0.5787752619760178
UBFC_PHYS_s15_T1_test,131,118,134.93333333333334,0.15424153208732605,0.3390698303793681
UBFC_PHYS_s15_T1_test,131,119,134.96666666666667,0.4157748520374298,0.1216586938032925
UBFC_PHYS_s15_T1_test,131,120,135.0,0.5934970378875732,-0.10268477085394107
UBFC_PHYS_s15_T1_test,131,121,135.03333333333333,0.7399734258651733,-0.35970256959882896
UBFC_PHYS_s15_T1_test,131,122,135.06666666666666,0.8989829421043396,-0.6571049881010127
UBFC_PHYS_s15_T1_test,131,123,135.1,1.061719536781311,-0.9771109463149373
UBFC_PHYS_s15_T1_test,131,124,135.13333333333333,1.1662516593933105,-1.2764678185543499
UBFC_PHYS_s15_T1_test,131,125,135.16666666666666,1.1813338994979858,-1.494086513938601
UBFC_PHYS_s15_T1_test,131,126,135.2,1.1189002990722656,-1.5657481571041452
UBFC_PHYS_s15_T1_test,131,127,135.23333333333332,0.9500227570533752,-1.4432655607912417
UBFC_PHYS_s15_T1_test,131,128,135.26666666666668,0.6305940747261047,-1.1127900427022577
UBFC_PHYS_s15_T1_test,131,129,135.3,0.20603451132774353,-0.6056489769714563
UBFC_PHYS_s15_T1_test,131,130,135.33333333333334,-0.21786846220493317,0.003303645865536868
UBFC_PHYS_s15_T1_test,131,131,135.36666666666667,-0.5770012140274048,0.6109545980104134
UBFC_PHYS_s15_T1_test,131,132,135.4,-0.9058345556259155,1.111414881677073
UBFC_PHYS_s15_T1_test,131,133,135.43333333333334,-1.291346549987793,1.4244318427506286
UBFC_PHYS_s15_T1_test,131,134,135.46666666666667,-1.7446993589401245,1.517362474067269
UBFC_PHYS_s15_T1_test,131,135,135.5,-2.1030404567718506,1.4122914991078732
UBFC_PHYS_s15_T1_test,131,136,135.53333333333333,-2.0892133712768555,1.174417352880974
UBFC_PHYS_s15_T1_test,131,137,135.56666666666666,-1.6491082906723022,0.8851063238877961
UBFC_PHYS_s15_T1_test,131,138,135.6,-1.068223476409912,0.6103405251377539
UBFC_PHYS_s15_T1_test,131,139,135.63333333333333,-0.6734806299209595,0.378375017596955
UBFC_PHYS_s15_T1_test,131,140,135.66666666666666,-0.5207666754722595,0.17649223120957974
UBFC_PHYS_s15_T1_test,131,141,135.7,-0.5091025829315186,-0.03269135426464381
UBFC_PHYS_s15_T1_test,131,142,135.73333333333332,-0.575591504573822,-0.2848616420200719
UBFC_PHYS_s15_T1_test,131,143,135.76666666666668,-0.6580315828323364,-0.591125470963516
UBFC_PHYS_s15_T1_test,131,144,135.8,-0.6689424514770508,-0.9277263728144473
UBFC_PHYS_s15_T1_test,131,145,135.83333333333334,-0.5800524353981018,-1.2397857119585773
UBFC_PHYS_s15_T1_test,131,146,135.86666666666667,-0.4126039147377014,-1.4557791024010351
UBFC_PHYS_s15_T1_test,131,147,135.9,-0.20408017933368683,-1.5080637941196258
UBFC_PHYS_s15_T1_test,131,148,135.93333333333334,-0.0444527305662632,-1.3542830616859802
UBFC_PHYS_s15_T1_test,131,149,135.96666666666667,-0.022090211510658264,-0.993908473559407
UBFC_PHYS_s15_T1_test,131,150,136.0,-0.09157237410545349,-0.47419911977307555
UBFC_PHYS_s15_T1_test,131,151,136.03333333333333,-0.11899445950984955,0.11793237452963232
UBFC_PHYS_s15_T1_test,131,152,136.06666666666666,-0.08724663406610489,0.6768306911027584
UBFC_PHYS_s15_T1_test,131,153,136.1,-0.09696023166179657,1.105551022603262
UBFC_PHYS_s15_T1_test,131,154,136.13333333333333,-0.20462089776992798,1.3413405480295422
UBFC_PHYS_s15_T1_test,131,155,136.16666666666666,-0.3360537886619568,1.3710801675921946
UBFC_PHYS_s15_T1_test,131,156,136.2,-0.3347792327404022,1.2310552923837046
UBFC_PHYS_s15_T1_test,131,157,136.23333333333332,-0.11542186141014099,0.9902278071133916
UBFC_PHYS_s15_T1_test,131,158,136.26666666666668,0.21410664916038513,0.7227853197939219
UBFC_PHYS_s15_T1_test,131,159,136.3,0.4548030495643616,0.480816087090561
UBFC_PHYS_s15_T1_test,131,160,136.33333333333334,0.5306386351585388,0.278246164062958
UBFC_PHYS_s15_T1_test,131,161,136.36666666666667,0.48369279503822327,0.09249709670050363
UBFC_PHYS_s15_T1_test,131,162,136.4,0.36529505252838135,-0.11715468345516325
UBFC_PHYS_s15_T1_test,131,163,136.43333333333334,0.2187027484178543,-0.3826952525863801
UBFC_PHYS_s15_T1_test,131,164,136.46666666666667,0.112413190305233,-0.7039628799006488
UBFC_PHYS_s15_T1_test,131,165,136.5,0.09729242324829102,-1.0392749974142752
UBFC_PHYS_s15_T1_test,131,166,136.53333333333333,0.13902419805526733,-1.3143809683734735
UBFC_PHYS_s15_T1_test,131,167,136.56666666666666,0.15323734283447266,-1.4461754239424096
UBFC_PHYS_s15_T1_test,131,168,136.6,0.10754673928022385,-1.3719778336576083
UBFC_PHYS_s15_T1_test,131,169,136.63333333333333,0.0062201968394219875,-1.073680221217121
UBFC_PHYS_s15_T1_test,131,170,136.66666666666666,-0.1440991908311844,-0.5885252842393364
UBFC_PHYS_s15_T1_test,131,171,136.7,-0.30187273025512695,-0.002940974558732979
UBFC_PHYS_s15_T1_test,131,172,136.73333333333332,-0.425986647605896,0.5691783490787936
UBFC_PHYS_s15_T1_test,131,173,136.76666666666668,-0.5708795785903931,1.017870282749427
UBFC_PHYS_s15_T1_test,131,174,136.8,-0.7806971669197083,1.2687590846921917
UBFC_PHYS_s15_T1_test,131,175,136.83333333333334,-0.901392936706543,1.3039691614917435
UBFC_PHYS_s15_T1_test,131,176,136.86666666666667,-0.7432910799980164,1.1632921678459278
UBFC_PHYS_s15_T1_test,131,177,136.9,-0.35453474521636963,0.9237274181945444
UBFC_PHYS_s15_T1_test,131,178,136.93333333333334,0.04094196483492851,0.6660698266933707
UBFC_PHYS_s15_T1_test,131,179,136.96666666666667,0.29965582489967346,0.44415059026207704
UBFC_PHYS_s15_T1_test,131,180,137.0,0.4173777103424072,0.27004307127684474
UBFC_PHYS_s15_T1_test,131,181,137.03333333333333,0.42278486490249634,0.11933021618084666
UBFC_PHYS_s15_T1_test,131,182,137.06666666666666,0.3507149815559387,-0.0491779448210437
UBFC_PHYS_s15_T1_test,131,183,137.1,0.25742197036743164,-0.26970705773963677
UBFC_PHYS_s15_T1_test,131,184,137.13333333333333,0.20784978568553925,-0.550655349703996
UBFC_PHYS_s15_T1_test,131,185,137.16666666666666,0.23005780577659607,-0.8653709593584098
UBFC_PHYS_s15_T1_test,131,186,137.2,0.30411675572395325,-1.154619178841698
UBFC_PHYS_s15_T1_test,131,187,137.23333333333332,0.3686552047729492,-1.3409136508162762
UBFC_PHYS_s15_T1_test,131,188,137.26666666666668,0.3440139591693878,-1.3518714955872382
UBFC_PHYS_s15_T1_test,131,189,137.3,0.2161729633808136,-1.1460413470090585
UBFC_PHYS_s15_T1_test,131,190,137.33333333333334,0.06311137229204178,-0.7322582609169179
UBFC_PHYS_s15_T1_test,131,191,137.36666666666667,-0.05435943976044655,-0.17445729803769522
UBFC_PHYS_s15_T1_test,131,192,137.4,-0.16653895378112793,0.42146678794381465
UBFC_PHYS_s15_T1_test,131,193,137.43333333333334,-0.34625017642974854,0.9356871713362397
UBFC_PHYS_s15_T1_test,131,194,137.46666666666667,-0.5841657519340515,1.2687583658554138
UBFC_PHYS_s15_T1_test,131,195,137.5,-0.7357982993125916,1.3707305915685764
UBFC_PHYS_s15_T1_test,131,196,137.53333333333333,-0.628195583820343,1.2543292560914077
UBFC_PHYS_s15_T1_test,131,197,137.56666666666666,-0.2730795443058014,0.986501117493553
UBFC_PHYS_s15_T1_test,131,198,137.6,0.14352373778820038,0.6609868034926216
UBFC_PHYS_s15_T1_test,131,199,137.63333333333333,0.4312818646430969,0.3627335937118116
UBFC_PHYS_s15_T1_test,131,200,137.66666666666666,0.537590742111206,0.13881864634554575
UBFC_PHYS_s15_T1_test,131,201,137.7,0.5270467400550842,-0.012229200175400952
UBFC_PHYS_s15_T1_test,131,202,137.73333333333332,0.4786139130592346,-0.1294126093062869
UBFC_PHYS_s15_T1_test,131,203,137.76666666666668,0.445591539144516,-0.2631711721453121
UBFC_PHYS_s15_T1_test,131,204,137.8,0.45225396752357483,-0.4468936239055795
UBFC_PHYS_s15_T1_test,131,205,137.83333333333334,0.48216721415519714,-0.6782790222119475
UBFC_PHYS_s15_T1_test,131,206,137.86666666666667,0.5098596215248108,-0.916763448374734
UBFC_PHYS_s15_T1_test,131,207,137.9,0.5254825353622437,-1.0960475808584127
UBFC_PHYS_s15_T1_test,131,208,137.93333333333334,0.5069243311882019,-1.1463810360648017
UBFC_PHYS_s15_T1_test,131,209,137.96666666666667,0.41168084740638733,-1.0195957942547618
UBFC_PHYS_s15_T1_test,131,210,138.0,0.24154804646968842,-0.7093571891326625
UBFC_PHYS_s15_T1_test,131,211,138.03333333333333,0.07193665206432343,-0.2596879261830102
UBFC_PHYS_s15_T1_test,131,212,138.06666666666666,-0.044491350650787354,0.24263183545362582
UBFC_PHYS_s15_T1_test,131,213,138.1,-0.16700242459774017,0.6912349743424926
UBFC_PHYS_s15_T1_test,131,214,138.13333333333333,-0.39613133668899536,0.9919975038127332
UBFC_PHYS_s15_T1_test,131,215,138.16666666666666,-0.7190939784049988,1.0918215208617392
UBFC_PHYS_s15_T1_test,131,216,138.2,-0.9427384734153748,0.9926634247659161
UBFC_PHYS_s15_T1_test,131,217,138.23333333333332,-0.838746964931488,0.7453455503801635
UBFC_PHYS_s15_T1_test,131,218,138.26666666666668,-0.3897585868835449,0.42771639693570623
UBFC_PHYS_s15_T1_test,131,219,138.3,0.1375565379858017,0.1183914183315156
UBFC_PHYS_s15_T1_test,131,220,138.33333333333334,0.48506391048431396,-0.12412131845155873
UBFC_PHYS_s15_T1_test,131,221,138.36666666666667,0.6174623966217041,-0.2727808809106271
UBFC_PHYS_s15_T1_test,131,222,138.4,0.6228116154670715,-0.33366661406816833
UBFC_PHYS_s15_T1_test,131,223,138.43333333333334,0.5601656436920166,-0.338905826585775
UBFC_PHYS_s15_T1_test,131,224,138.46666666666667,0.47936707735061646,-0.3323216459224582
UBFC_PHYS_s15_T1_test,131,225,138.5,0.44895172119140625,-0.3509156139949782
UBFC_PHYS_s15_T1_test,131,226,138.53333333333333,0.4728398323059082,-0.4081078523509307
UBFC_PHYS_s15_T1_test,131,227,138.56666666666666,0.4880571663379669,-0.4856582980182385
UBFC_PHYS_s15_T1_test,131,228,138.6,0.48857855796813965,-0.5381603160145055
UBFC_PHYS_s15_T1_test,131,229,138.63333333333333,0.5011502504348755,-0.5088656302437816
UBFC_PHYS_s15_T1_test,131,230,138.66666666666666,0.4835189878940582,-0.35156112018098185
UBFC_PHYS_s15_T1_test,131,231,138.7,0.38099515438079834,-0.0513985988085298
UBFC_PHYS_s15_T1_test,131,232,138.73333333333332,0.2529996633529663,0.36224081812478515
UBFC_PHYS_s15_T1_test,131,233,138.76666666666668,0.20070458948612213,0.8159661808159013
UBFC_PHYS_s15_T1_test,131,234,138.8,0.2031378149986267,1.2075517679929157
UBFC_PHYS_s15_T1_test,131,235,138.83333333333334,0.1736687272787094,1.4331531707730587
UBFC_PHYS_s15_T1_test,131,236,138.86666666666667,0.09877939522266388,1.4183621864840228
UBFC_PHYS_s15_T1_test,131,237,138.9,0.07765280455350876,1.1422420418788957
UBFC_PHYS_s15_T1_test,131,238,138.93333333333334,0.28992292284965515,0.6458356563635862
UBFC_PHYS_s15_T1_test,131,239,138.96666666666667,0.8351203799247742,0.022854566622718623
UBFC_PHYS_s15_T1_test,132,0,132.0,-2.8060693740844727,-0.03695455760416112
UBFC_PHYS_s15_T1_test,132,1,132.03333333333333,-2.269639253616333,0.5927641132445268
UBFC_PHYS_s15_T1_test,132,2,132.06666666666666,-1.3321514129638672,1.1510148926151371
UBFC_PHYS_s15_T1_test,132,3,132.1,-0.3806629776954651,1.5725569484508615
UBFC_PHYS_s15_T1_test,132,4,132.13333333333333,0.2999068796634674,1.8078921212194563
UBFC_PHYS_s15_T1_test,132,5,132.16666666666666,0.725007176399231,1.8325552477868223
UBFC_PHYS_s15_T1_test,132,6,132.2,0.9742971062660217,1.652877493572672
UBFC_PHYS_s15_T1_test,132,7,132.23333333333332,1.0981985330581665,1.3051093026353375
UBFC_PHYS_s15_T1_test,132,8,132.26666666666668,1.1964160203933716,0.8476733232392418
UBFC_PHYS_s15_T1_test,132,9,132.3,1.3064326047897339,0.34926797107406987
UBFC_PHYS_s15_T1_test,132,10,132.33333333333334,1.357549786567688,-0.12315749748937273
UBFC_PHYS_s15_T1_test,132,11,132.36666666666667,1.328582763671875,-0.5135596027251343
UBFC_PHYS_s15_T1_test,132,12,132.4,1.2418363094329834,-0.7825769126640877
UBFC_PHYS_s15_T1_test,132,13,132.43333333333334,1.0543038845062256,-0.9110173674799544
UBFC_PHYS_s15_T1_test,132,14,132.46666666666667,0.7168577909469604,-0.9014687526064559
UBFC_PHYS_s15_T1_test,132,15,132.5,0.2531348466873169,-0.7770273348135833
UBFC_PHYS_s15_T1_test,132,16,132.53333333333333,-0.2480906844139099,-0.5760603453583177
UBFC_PHYS_s15_T1_test,132,17,132.56666666666666,-0.660194456577301,-0.34316193461852107
UBFC_PHYS_s15_T1_test,132,18,132.6,-0.912207305431366,-0.11807476891690001
UBFC_PHYS_s15_T1_test,132,19,132.63333333333333,-1.0658096075057983,0.07405646612855092
UBFC_PHYS_s15_T1_test,132,20,132.66666666666666,-1.227947473526001,0.22685582459790496
UBFC_PHYS_s15_T1_test,132,21,132.7,-1.3748681545257568,0.3486170233530616
UBFC_PHYS_s15_T1_test,132,22,132.73333333333332,-1.328076720237732,0.45152726955763645
UBFC_PHYS_s15_T1_test,132,23,132.76666666666668,-0.9851847887039185,0.5397977029694463
UBFC_PHYS_s15_T1_test,132,24,132.8,-0.5133897066116333,0.6028408001418865
UBFC_PHYS_s15_T1_test,132,25,132.83333333333334,-0.13202960789203644,0.6168445937875144
UBFC_PHYS_s15_T1_test,132,26,132.86666666666667,0.10273821651935577,0.5539841910733315
UBFC_PHYS_s15_T1_test,132,27,132.9,0.18755356967449188,0.3951119812763432
UBFC_PHYS_s15_T1_test,132,28,132.93333333333334,0.11778174340724945,0.1404552427105397
UBFC_PHYS_s15_T1_test,132,29,132.96666666666667,-0.01909695565700531,-0.18603790277157198
UBFC_PHYS_s15_T1_test,132,30,133.0,-0.1216980442404747,-0.5401971967449419
UBFC_PHYS_s15_T1_test,132,31,133.03333333333333,-0.2073051631450653,-0.8672403301418409
UBFC_PHYS_s15_T1_test,132,32,133.06666666666666,-0.29667800664901733,-1.1136756352778032
UBFC_PHYS_s15_T1_test,132,33,133.1,-0.3395298421382904,-1.2377147633333012
UBFC_PHYS_s15_T1_test,132,34,133.13333333333333,-0.370524525642395,-1.2162809712900569
UBFC_PHYS_s15_T1_test,132,35,133.16666666666666,-0.5082142949104309,-1.0485248343691367
UBFC_PHYS_s15_T1_test,132,36,133.2,-0.7390425801277161,-0.7560631317542731
UBFC_PHYS_s15_T1_test,132,37,133.23333333333332,-0.8837037682533264,-0.37961495836702197
UBFC_PHYS_s15_T1_test,132,38,133.26666666666668,-0.8072308897972107,0.028266233509712274
UBFC_PHYS_s15_T1_test,132,39,133.3,-0.5859230756759644,0.41365204393212035
UBFC_PHYS_s15_T1_test,132,40,133.33333333333334,-0.43618303537368774,0.7326004036110167
UBFC_PHYS_s15_T1_test,132,41,133.36666666666667,-0.4805218577384949,0.959776701836859
UBFC_PHYS_s15_T1_test,132,42,133.4,-0.589862585067749,1.0906421375402047
UBFC_PHYS_s15_T1_test,132,43,133.43333333333334,-0.49936971068382263,1.135873879166744
UBFC_PHYS_s15_T1_test,132,44,133.46666666666667,-0.11011124402284622,1.1108981853490696
UBFC_PHYS_s15_T1_test,132,45,133.5,0.40665990114212036,1.0262182660160974
UBFC_PHYS_s15_T1_test,132,46,133.53333333333333,0.8337106108665466,0.8831228935904527
UBFC_PHYS_s15_T1_test,132,47,133.56666666666666,1.1064831018447876,0.6759433996338426
UBFC_PHYS_s15_T1_test,132,48,133.6,1.2022093534469604,0.3991270033630654
UBFC_PHYS_s15_T1_test,132,49,133.63333333333333,1.1073521375656128,0.05592436958578406
UBFC_PHYS_s15_T1_test,132,50,133.66666666666666,0.9189894795417786,-0.33479709480173764
UBFC_PHYS_s15_T1_test,132,51,133.7,0.7427929043769836,-0.736376801366864
UBFC_PHYS_s15_T1_test,132,52,133.73333333333332,0.5592966675758362,-1.0980510168442636
UBFC_PHYS_s15_T1_test,132,53,133.76666666666668,0.35614147782325745,-1.363849373671243
UBFC_PHYS_s15_T1_test,132,54,133.8,0.1907399445772171,-1.484395609577937
UBFC_PHYS_s15_T1_test,132,55,133.83333333333334,0.025550836697220802,-1.4285418845825952
UBFC_PHYS_s15_T1_test,132,56,133.86666666666667,-0.2322940230369568,-1.1920597504290147
UBFC_PHYS_s15_T1_test,132,57,133.9,-0.552379310131073,-0.801386007629371
UBFC_PHYS_s15_T1_test,132,58,133.93333333333334,-0.8092778921127319,-0.31109722534639206
UBFC_PHYS_s15_T1_test,132,59,133.96666666666667,-0.9197000861167908,0.20551437007766152
UBFC_PHYS_s15_T1_test,132,60,134.0,-0.891351044178009,0.672032627964004
UBFC_PHYS_s15_T1_test,132,61,134.03333333333333,-0.825499415397644,1.0272509770639917
UBFC_PHYS_s15_T1_test,132,62,134.06666666666666,-0.8285120129585266,1.2396744010216387
UBFC_PHYS_s15_T1_test,132,63,134.1,-0.8472632765769958,1.3113682274729443
UBFC_PHYS_s15_T1_test,132,64,134.13333333333333,-0.7115818858146667,1.2690065414831913
UBFC_PHYS_s15_T1_test,132,65,134.16666666666666,-0.33904704451560974,1.1468428503173431
UBFC_PHYS_s15_T1_test,132,66,134.2,0.1862790286540985,0.9706842007351527
UBFC_PHYS_s15_T1_test,132,67,134.23333333333332,0.6931434869766235,0.7506962030851692
UBFC_PHYS_s15_T1_test,132,68,134.26666666666668,1.0234057903289795,0.4846728699594849
UBFC_PHYS_s15_T1_test,132,69,134.3,1.128053903579712,0.1675061406061961
UBFC_PHYS_s15_T1_test,132,70,134.33333333333334,1.0647900104522705,-0.1986248876552315
UBFC_PHYS_s15_T1_test,132,71,134.36666666666667,0.8994849920272827,-0.5967909909170093
UBFC_PHYS_s15_T1_test,132,72,134.4,0.6768060922622681,-0.9921945444164288
UBFC_PHYS_s15_T1_test,132,73,134.43333333333334,0.41905778646469116,-1.3343527150744197
UBFC_PHYS_s15_T1_test,132,74,134.46666666666667,0.12593112885951996,-1.5651644676343883
UBFC_PHYS_s15_T1_test,132,75,134.5,-0.18803246319293976,-1.6321599856552476
UBFC_PHYS_s15_T1_test,132,76,134.53333333333333,-0.48057976365089417,-1.5038145297397576
UBFC_PHYS_s15_T1_test,132,77,134.56666666666666,-0.758469820022583,-1.181879001993696
UBFC_PHYS_s15_T1_test,132,78,134.6,-1.077261209487915,-0.7059062487824913
UBFC_PHYS_s15_T1_test,132,79,134.63333333333333,-1.3912440538406372,-0.14736870465008092
UBFC_PHYS_s15_T1_test,132,80,134.66666666666666,-1.5476465225219727,0.4060625239803288
UBFC_PHYS_s15_T1_test,132,81,134.7,-1.509448766708374,0.8720701018291818
UBFC_PHYS_s15_T1_test,132,82,134.73333333333332,-1.4014018774032593,1.194247667504339
UBFC_PHYS_s15_T1_test,132,83,134.76666666666668,-1.2987622022628784,1.3541420807964861
UBFC_PHYS_s15_T1_test,132,84,134.8,-1.1641621589660645,1.3698147534208105
UBFC_PHYS_s15_T1_test,132,85,134.83333333333334,-0.9474504590034485,1.2814201116789046
UBFC_PHYS_s15_T1_test,132,86,134.86666666666667,-0.618984043598175,1.1305038571689665
UBFC_PHYS_s15_T1_test,132,87,134.9,-0.21439242362976074,0.9429367708129406
UBFC_PHYS_s15_T1_test,132,88,134.93333333333334,0.15424153208732605,0.7231588227409252
UBFC_PHYS_s15_T1_test,132,89,134.96666666666667,0.4157748520374298,0.46101919823009824
UBFC_PHYS_s15_T1_test,132,90,135.0,0.5934970378875732,0.14580039567118475
UBFC_PHYS_s15_T1_test,132,91,135.03333333333333,0.7399734258651733,-0.22073113323139457
UBFC_PHYS_s15_T1_test,132,92,135.06666666666666,0.8989829421043396,-0.6177151685476437
UBFC_PHYS_s15_T1_test,132,93,135.1,1.061719536781311,-1.005818014857724
UBFC_PHYS_s15_T1_test,132,94,135.13333333333333,1.1662516593933105,-1.3332939639960644
UBFC_PHYS_s15_T1_test,132,95,135.16666666666666,1.1813338994979858,-1.54554757377379
UBFC_PHYS_s15_T1_test,132,96,135.2,1.1189002990722656,-1.5967431147744173
UBFC_PHYS_s15_T1_test,132,97,135.23333333333332,0.9500227570533752,-1.4617365986921478
UBFC_PHYS_s15_T1_test,132,98,135.26666666666668,0.6305940747261047,-1.1454447581377944
UBFC_PHYS_s15_T1_test,132,99,135.3,0.20603451132774353,-0.6861149967404122
UBFC_PHYS_s15_T1_test,132,100,135.33333333333334,-0.21786846220493317,-0.1501280032959343
UBFC_PHYS_s15_T1_test,132,101,135.36666666666667,-0.5770012140274048,0.3814806723094997
UBFC_PHYS_s15_T1_test,132,102,135.4,-0.9058345556259155,0.831796246054723
UBFC_PHYS_s15_T1_test,132,103,135.43333333333334,-1.291346549987793,1.1466802247845793
UBFC_PHYS_s15_T1_test,132,104,135.46666666666667,-1.7446993589401245,1.3066397806775065
UBFC_PHYS_s15_T1_test,132,105,135.5,-2.1030404567718506,1.3267987795705274
UBFC_PHYS_s15_T1_test,132,106,135.53333333333333,-2.0892133712768555,1.2446421289374912
UBFC_PHYS_s15_T1_test,132,107,135.56666666666666,-1.6491082906723022,1.100777489166708
UBFC_PHYS_s15_T1_test,132,108,135.6,-1.068223476409912,0.9211754075461984
UBFC_PHYS_s15_T1_test,132,109,135.63333333333333,-0.6734806299209595,0.7088201356203108
UBFC_PHYS_s15_T1_test,132,110,135.66666666666666,-0.5207666754722595,0.44866822980070586
UBFC_PHYS_s15_T1_test,132,111,135.7,-0.5091025829315186,0.12357834318392477
UBFC_PHYS_s15_T1_test,132,112,135.73333333333332,-0.575591504573822,-0.2669125378855447
UBFC_PHYS_s15_T1_test,132,113,135.76666666666668,-0.6580315828323364,-0.6946489671093332
UBFC_PHYS_s15_T1_test,132,114,135.8,-0.6689424514770508,-1.1033036331935817
UBFC_PHYS_s15_T1_test,132,115,135.83333333333334,-0.5800524353981018,-1.4205125947265966
UBFC_PHYS_s15_T1_test,132,116,135.86666666666667,-0.4126039147377014,-1.5769529133740172
UBFC_PHYS_s15_T1_test,132,117,135.9,-0.20408017933368683,-1.5263913134423863
UBFC_PHYS_s15_T1_test,132,118,135.93333333333334,-0.0444527305662632,-1.2610295392125597
UBFC_PHYS_s15_T1_test,132,119,135.96666666666667,-0.022090211510658264,-0.8175437088777995
UBFC_PHYS_s15_T1_test,132,120,136.0,-0.09157237410545349,-0.27108983858191893
UBFC_PHYS_s15_T1_test,132,121,136.03333333333333,-0.11899445950984955,0.28226645761406916
UBFC_PHYS_s15_T1_test,132,122,136.06666666666666,-0.08724663406610489,0.7500166484705382
UBFC_PHYS_s15_T1_test,132,123,136.1,-0.09696023166179657,1.0666890131590823
UBFC_PHYS_s15_T1_test,132,124,136.13333333333333,-0.20462089776992798,1.208334592342754
UBFC_PHYS_s15_T1_test,132,125,136.16666666666666,-0.3360537886619568,1.1931395366283586
UBFC_PHYS_s15_T1_test,132,126,136.2,-0.3347792327404022,1.0683740631352368
UBFC_PHYS_s15_T1_test,132,127,136.23333333333332,-0.11542186141014099,0.8890292731713099
UBFC_PHYS_s15_T1_test,132,128,136.26666666666668,0.21410664916038513,0.6966767087391044
UBFC_PHYS_s15_T1_test,132,129,136.3,0.4548030495643616,0.5067812624303005
UBFC_PHYS_s15_T1_test,132,130,136.33333333333334,0.5306386351585388,0.3088550265770923
UBFC_PHYS_s15_T1_test,132,131,136.36666666666667,0.48369279503822327,0.07850422399972548
UBFC_PHYS_s15_T1_test,132,132,136.4,0.36529505252838135,-0.20395239072179228
UBFC_PHYS_s15_T1_test,132,133,136.43333333333334,0.2187027484178543,-0.5358956606031808
UBFC_PHYS_s15_T1_test,132,134,136.46666666666667,0.112413190305233,-0.8832826740921134
UBFC_PHYS_s15_T1_test,132,135,136.5,0.09729242324829102,-1.1845101706002799
UBFC_PHYS_s15_T1_test,132,136,136.53333333333333,0.13902419805526733,-1.3667323198580934
UBFC_PHYS_s15_T1_test,132,137,136.56666666666666,0.15323734283447266,-1.3690791079984528
UBFC_PHYS_s15_T1_test,132,138,136.6,0.10754673928022385,-1.1645069015426681
UBFC_PHYS_s15_T1_test,132,139,136.63333333333333,0.0062201968394219875,-0.772439058381637
UBFC_PHYS_s15_T1_test,132,140,136.66666666666666,-0.1440991908311844,-0.25749051083107616
UBFC_PHYS_s15_T1_test,132,141,136.7,-0.30187273025512695,0.28580016663615043
UBFC_PHYS_s15_T1_test,132,142,136.73333333333332,-0.425986647605896,0.7577305057206961
UBFC_PHYS_s15_T1_test,132,143,136.76666666666668,-0.5708795785903931,1.0800822348689978
UBFC_PHYS_s15_T1_test,132,144,136.8,-0.7806971669197083,1.2162872823992557
UBFC_PHYS_s15_T1_test,132,145,136.83333333333334,-0.901392936706543,1.1782964854836047
UBFC_PHYS_s15_T1_test,132,146,136.86666666666667,-0.7432910799980164,1.0170209092651414
UBFC_PHYS_s15_T1_test,132,147,136.9,-0.35453474521636963,0.799169435929886
UBFC_PHYS_s15_T1_test,132,148,136.93333333333334,0.04094196483492851,0.579984593682096
UBFC_PHYS_s15_T1_test,132,149,136.96666666666667,0.29965582489967346,0.3841836118587745
UBFC_PHYS_s15_T1_test,132,150,137.0,0.4173777103424072,0.20325191340453402
UBFC_PHYS_s15_T1_test,132,151,137.03333333333333,0.42278486490249634,0.008732657232388977
UBFC_PHYS_s15_T1_test,132,152,137.06666666666666,0.3507149815559387,-0.22639553804350554
UBFC_PHYS_s15_T1_test,132,153,137.1,0.25742197036743164,-0.5087578481878829
UBFC_PHYS_s15_T1_test,132,154,137.13333333333333,0.20784978568553925,-0.8154482340937417
UBFC_PHYS_s15_T1_test,132,155,137.16666666666666,0.23005780577659607,-1.0966477215925912
UBFC_PHYS_s15_T1_test,132,156,137.2,0.30411675572395325,-1.2878729412598786
UBFC_PHYS_s15_T1_test,132,157,137.23333333333332,0.3686552047729492,-1.327904575765936
UBFC_PHYS_s15_T1_test,132,158,137.26666666666668,0.3440139591693878,-1.1778204153849223
UBFC_PHYS_s15_T1_test,132,159,137.3,0.2161729633808136,-0.8362322001414256
UBFC_PHYS_s15_T1_test,132,160,137.33333333333334,0.06311137229204178,-0.34577535829633843
UBFC_PHYS_s15_T1_test,132,161,137.36666666666667,-0.05435943976044655,0.21277836882309795
UBFC_PHYS_s15_T1_test,132,162,137.4,-0.16653895378112793,0.7389203257783775
UBFC_PHYS_s15_T1_test,132,163,137.43333333333334,-0.34625017642974854,1.1386933455189434
UBFC_PHYS_s15_T1_test,132,164,137.46666666666667,-0.5841657519340515,1.3503269873635253
UBFC_PHYS_s15_T1_test,132,165,137.5,-0.7357982993125916,1.3598624630280707
UBFC_PHYS_s15_T1_test,132,166,137.53333333333333,-0.628195583820343,1.2007362217339959
UBFC_PHYS_s15_T1_test,132,167,137.56666666666666,-0.2730795443058014,0.9374631136640582
UBFC_PHYS_s15_T1_test,132,168,137.6,0.14352373778820038,0.6399032284595159
UBFC_PHYS_s15_T1_test,132,169,137.63333333333333,0.4312818646430969,0.35841815032209395
UBFC_PHYS_s15_T1_test,132,170,137.66666666666666,0.537590742111206,0.10981746095804731
UBFC_PHYS_s15_T1_test,132,171,137.7,0.5270467400550842,-0.12057931229531829
UBFC_PHYS_s15_T1_test,132,172,137.73333333333332,0.4786139130592346,-0.3623860082720932
UBFC_PHYS_s15_T1_test,132,173,137.76666666666668,0.445591539144516,-0.6369537867028894
UBFC_PHYS_s15_T1_test,132,174,137.8,0.45225396752357483,-0.9380831055012705
UBFC_PHYS_s15_T1_test,132,175,137.83333333333334,0.48216721415519714,-1.2252377596039634
UBFC_PHYS_s15_T1_test,132,176,137.86666666666667,0.5098596215248108,-1.4322445517855174
UBFC_PHYS_s15_T1_test,132,177,137.9,0.5254825353622437,-1.4880553374119239
UBFC_PHYS_s15_T1_test,132,178,137.93333333333334,0.5069243311882019,-1.3418313603460101
UBFC_PHYS_s15_T1_test,132,179,137.96666666666667,0.41168084740638733,-0.9835300227635392
UBFC_PHYS_s15_T1_test,132,180,138.0,0.24154804646968842,-0.45301589277662024
UBFC_PHYS_s15_T1_test,132,181,138.03333333333333,0.07193665206432343,0.16561677538710143
UBFC_PHYS_s15_T1_test,132,182,138.06666666666666,-0.044491350650787354,0.7635178735747702
UBFC_PHYS_s15_T1_test,132,183,138.1,-0.16700242459774017,1.2351672179875204
UBFC_PHYS_s15_T1_test,132,184,138.13333333333333,-0.39613133668899536,1.506595425077692
UBFC_PHYS_s15_T1_test,132,185,138.16666666666666,-0.7190939784049988,1.5541244191332464
UBFC_PHYS_s15_T1_test,132,186,138.2,-0.9427384734153748,1.4063072369775194
UBFC_PHYS_s15_T1_test,132,187,138.23333333333332,-0.838746964931488,1.128061963235779
UBFC_PHYS_s15_T1_test,132,188,138.26666666666668,-0.3897585868835449,0.7943094386243887
UBFC_PHYS_s15_T1_test,132,189,138.3,0.1375565379858017,0.4651303298868183
UBFC_PHYS_s15_T1_test,132,190,138.33333333333334,0.48506391048431396,0.17185877451022277
UBFC_PHYS_s15_T1_test,132,191,138.36666666666667,0.6174623966217041,-0.08326197559079658
UBFC_PHYS_s15_T1_test,132,192,138.4,0.6228116154670715,-0.31693428184599354
UBFC_PHYS_s15_T1_test,132,193,138.43333333333334,0.5601656436920166,-0.5496891135694634
UBFC_PHYS_s15_T1_test,132,194,138.46666666666667,0.47936707735061646,-0.7910753915452108
UBFC_PHYS_s15_T1_test,132,195,138.5,0.44895172119140625,-1.029299682428537
UBFC_PHYS_s15_T1_test,132,196,138.53333333333333,0.4728398323059082,-1.2286066534246154
UBFC_PHYS_s15_T1_test,132,197,138.56666666666666,0.4880571663379669,-1.336279869013913
UBFC_PHYS_s15_T1_test,132,198,138.6,0.48857855796813965,-1.2982223521013008
UBFC_PHYS_s15_T1_test,132,199,138.63333333333333,0.5011502504348755,-1.0786124652558566
UBFC_PHYS_s15_T1_test,132,200,138.66666666666666,0.4835189878940582,-0.6769227504454843
UBFC_PHYS_s15_T1_test,132,201,138.7,0.38099515438079834,-0.13579502288778203
UBFC_PHYS_s15_T1_test,132,202,138.73333333333332,0.2529996633529663,0.46399744887924005
UBFC_PHYS_s15_T1_test,132,203,138.76666666666668,0.20070458948612213,1.021049537672885
UBFC_PHYS_s15_T1_test,132,204,138.8,0.2031378149986267,1.4386397811981961
UBFC_PHYS_s15_T1_test,132,205,138.83333333333334,0.1736687272787094,1.6502331389814318
UBFC_PHYS_s15_T1_test,132,206,138.86666666666667,0.09877939522266388,1.6366916491052304
UBFC_PHYS_s15_T1_test,132,207,138.9,0.07765280455350876,1.4286976452520366
UBFC_PHYS_s15_T1_test,132,208,138.93333333333334,0.28992292284965515,1.092755018401564
UBFC_PHYS_s15_T1_test,132,209,138.96666666666667,0.8351203799247742,0.7058267794409079
UBFC_PHYS_s15_T1_test,132,210,139.0,1.5638912916183472,0.3294461340199657
UBFC_PHYS_s15_T1_test,132,211,139.03333333333333,2.1921274662017822,-0.0053519867795260734
UBFC_PHYS_s15_T1_test,132,212,139.06666666666666,2.5911574363708496,-0.2972844892557136
UBFC_PHYS_s15_T1_test,132,213,139.1,2.806053876876831,-0.5618071064214244
UBFC_PHYS_s15_T1_test,132,214,139.13333333333333,2.9124207496643066,-0.8142314271049848
UBFC_PHYS_s15_T1_test,132,215,139.16666666666666,2.9130773544311523,-1.056868841558321
UBFC_PHYS_s15_T1_test,132,216,139.2,2.742384433746338,-1.2740763480191577
UBFC_PHYS_s15_T1_test,132,217,139.23333333333332,2.3861098289489746,-1.4348329094506693
UBFC_PHYS_s15_T1_test,132,218,139.26666666666668,1.940423607826233,-1.5004766834368435
UBFC_PHYS_s15_T1_test,132,219,139.3,1.5065945386886597,-1.4353116844113902
UBFC_PHYS_s15_T1_test,132,220,139.33333333333334,1.1319934129714966,-1.218333095415045
UBFC_PHYS_s15_T1_test,132,221,139.36666666666667,0.862967312335968,-0.8540070893620076
UBFC_PHYS_s15_T1_test,132,222,139.4,0.6797606945037842,-0.3788131775412762
UBFC_PHYS_s15_T1_test,132,223,139.43333333333334,0.46496081352233887,0.1403192278752382
UBFC_PHYS_s15_T1_test,132,224,139.46666666666667,0.1729349046945572,0.6178626389212334
UBFC_PHYS_s15_T1_test,132,225,139.5,-0.11764266341924667,0.9701004740043203
UBFC_PHYS_s15_T1_test,132,226,139.53333333333333,-0.3686513304710388,1.137953151960953
UBFC_PHYS_s15_T1_test,132,227,139.56666666666666,-0.5544263124465942,1.1040016309199692
UBFC_PHYS_s15_T1_test,132,228,139.6,-0.5308858156204224,0.8973817291045637
UBFC_PHYS_s15_T1_test,132,229,139.63333333333333,-0.23573143780231476,0.5846335341843055
UBFC_PHYS_s15_T1_test,132,230,139.66666666666666,0.14373616874217987,0.24919756949300903
UBFC_PHYS_s15_T1_test,132,231,139.7,0.39628973603248596,-0.033735228459134285
UBFC_PHYS_s15_T1_test,132,232,139.73333333333332,0.4956851303577423,-0.21775232816516696
UBFC_PHYS_s15_T1_test,132,233,139.76666666666668,0.48881030082702637,-0.29318590091087027
UBFC_PHYS_s15_T1_test,132,234,139.8,0.3790833353996277,-0.2805867009039608
UBFC_PHYS_s15_T1_test,132,235,139.83333333333334,0.18709009885787964,-0.21485723466779644
UBFC_PHYS_s15_T1_test,132,236,139.86666666666667,-0.02483242005109787,-0.1287643001900193
UBFC_PHYS_s15_T1_test,132,237,139.9,-0.20587612688541412,-0.04289252002152817
UBFC_PHYS_s15_T1_test,132,238,139.93333333333334,-0.33056938648223877,0.036153837832539774
UBFC_PHYS_s15_T1_test,132,239,139.96666666666667,-0.3960734009742737,0.1120875830753444
UBFC_PHYS_s15_T1_test,133,0,133.0,-0.1216980442404747,0.007451232313303409
UBFC_PHYS_s15_T1_test,133,1,133.03333333333333,-0.2073051631450653,0.1345788594633298
UBFC_PHYS_s15_T1_test,133,2,133.06666666666666,-0.29667800664901733,0.20938083609661223
UBFC_PHYS_s15_T1_test,133,3,133.1,-0.3395298421382904,0.20557092036650162
UBFC_PHYS_s15_T1_test,133,4,133.13333333333333,-0.370524525642395,0.13847542376462116
UBFC_PHYS_s15_T1_test,133,5,133.16666666666666,-0.5082142949104309,0.058316875347480875
UBFC_PHYS_s15_T1_test,133,6,133.2,-0.7390425801277161,0.02597214091042318
UBFC_PHYS_s15_T1_test,133,7,133.23333333333332,-0.8837037682533264,0.08443190667811008
UBFC_PHYS_s15_T1_test,133,8,133.26666666666668,-0.8072308897972107,0.2401208498085446
UBFC_PHYS_s15_T1_test,133,9,133.3,-0.5859230756759644,0.46130693758628377
UBFC_PHYS_s15_T1_test,133,10,133.33333333333334,-0.43618303537368774,0.6918745633024536
UBFC_PHYS_s15_T1_test,133,11,133.36666666666667,-0.4805218577384949,0.8724674445022294
UBFC_PHYS_s15_T1_test,133,12,133.4,-0.589862585067749,0.9596323151742217
UBFC_PHYS_s15_T1_test,133,13,133.43333333333334,-0.49936971068382263,0.9364983364006599
UBFC_PHYS_s15_T1_test,133,14,133.46666666666667,-0.11011124402284622,0.8132465558259583
UBFC_PHYS_s15_T1_test,133,15,133.5,0.40665990114212036,0.6193175556509785
UBFC_PHYS_s15_T1_test,133,16,133.53333333333333,0.8337106108665466,0.39072451032273764
UBFC_PHYS_s15_T1_test,133,17,133.56666666666666,1.1064831018447876,0.15654770431110515
UBFC_PHYS_s15_T1_test,133,18,133.6,1.2022093534469604,-0.07016863407077584
UBFC_PHYS_s15_T1_test,133,19,133.63333333333333,1.1073521375656128,-0.2925091527965257
UBFC_PHYS_s15_T1_test,133,20,133.66666666666666,0.9189894795417786,-0.5203083348552957
UBFC_PHYS_s15_T1_test,133,21,133.7,0.7427929043769836,-0.7561348295740508
UBFC_PHYS_s15_T1_test,133,22,133.73333333333332,0.5592966675758362,-0.9842245087116146
UBFC_PHYS_s15_T1_test,133,23,133.76666666666668,0.35614147782325745,-1.1685623497119066
UBFC_PHYS_s15_T1_test,133,24,133.8,0.1907399445772171,-1.2616688931810858
UBFC_PHYS_s15_T1_test,133,25,133.83333333333334,0.025550836697220802,-1.2205956670421203
UBFC_PHYS_s15_T1_test,133,26,133.86666666666667,-0.2322940230369568,-1.0238759819248962
UBFC_PHYS_s15_T1_test,133,27,133.9,-0.552379310131073,-0.683262650187131
UBFC_PHYS_s15_T1_test,133,28,133.93333333333334,-0.8092778921127319,-0.24605200571152439
UBFC_PHYS_s15_T1_test,133,29,133.96666666666667,-0.9197000861167908,0.21370879360632913
UBFC_PHYS_s15_T1_test,133,30,134.0,-0.891351044178009,0.6142409529904216
UBFC_PHYS_s15_T1_test,133,31,134.03333333333333,-0.825499415397644,0.8904665056660857
UBFC_PHYS_s15_T1_test,133,32,134.06666666666666,-0.8285120129585266,1.0143031124135413
UBFC_PHYS_s15_T1_test,133,33,134.1,-0.8472632765769958,1.000602859469325
UBFC_PHYS_s15_T1_test,133,34,134.13333333333333,-0.7115818858146667,0.8951354729485077
UBFC_PHYS_s15_T1_test,133,35,134.16666666666666,-0.33904704451560974,0.7508475353633515
UBFC_PHYS_s15_T1_test,133,36,134.2,0.1862790286540985,0.6047894430564679
UBFC_PHYS_s15_T1_test,133,37,134.23333333333332,0.6931434869766235,0.4665194058090744
UBFC_PHYS_s15_T1_test,133,38,134.26666666666668,1.0234057903289795,0.3207263656029428
UBFC_PHYS_s15_T1_test,133,39,134.3,1.128053903579712,0.13939590338184935
UBFC_PHYS_s15_T1_test,133,40,134.33333333333334,1.0647900104522705,-0.10247931300806
UBFC_PHYS_s15_T1_test,133,41,134.36666666666667,0.8994849920272827,-0.4118367688084257
UBFC_PHYS_s15_T1_test,133,42,134.4,0.6768060922622681,-0.7670519846467345
UBFC_PHYS_s15_T1_test,133,43,134.43333333333334,0.41905778646469116,-1.1163091583258702
UBFC_PHYS_s15_T1_test,133,44,134.46666666666667,0.12593112885951996,-1.387308740526271
UBFC_PHYS_s15_T1_test,133,45,134.5,-0.18803246319293976,-1.5066411181568042
UBFC_PHYS_s15_T1_test,133,46,134.53333333333333,-0.48057976365089417,-1.422693998591812
UBFC_PHYS_s15_T1_test,133,47,134.56666666666666,-0.758469820022583,-1.12391877291908
UBFC_PHYS_s15_T1_test,133,48,134.6,-1.077261209487915,-0.6460405891883213
UBFC_PHYS_s15_T1_test,133,49,134.63333333333333,-1.3912440538406372,-0.06574585621757294
UBFC_PHYS_s15_T1_test,133,50,134.66666666666666,-1.5476465225219727,0.5177215724936683
UBFC_PHYS_s15_T1_test,133,51,134.7,-1.509448766708374,1.008205894344049
UBFC_PHYS_s15_T1_test,133,52,134.73333333333332,-1.4014018774032593,1.337815118437122
UBFC_PHYS_s15_T1_test,133,53,134.76666666666668,-1.2987622022628784,1.4829293690448644
UBFC_PHYS_s15_T1_test,133,54,134.8,-1.1641621589660645,1.4646929092395657
UBFC_PHYS_s15_T1_test,133,55,134.83333333333334,-0.9474504590034485,1.3335182155834073
UBFC_PHYS_s15_T1_test,133,56,134.86666666666667,-0.618984043598175,1.1445269090763037
UBFC_PHYS_s15_T1_test,133,57,134.9,-0.21439242362976074,0.9353944167716298
UBFC_PHYS_s15_T1_test,133,58,134.93333333333334,0.15424153208732605,0.7164098987428935
UBFC_PHYS_s15_T1_test,133,59,134.96666666666667,0.4157748520374298,0.47557378966892083
UBFC_PHYS_s15_T1_test,133,60,135.0,0.5934970378875732,0.19342636875672997
UBFC_PHYS_s15_T1_test,133,61,135.03333333333333,0.7399734258651733,-0.14148842206041065
UBFC_PHYS_s15_T1_test,133,62,135.06666666666666,0.8989829421043396,-0.5228103557389872
UBFC_PHYS_s15_T1_test,133,63,135.1,1.061719536781311,-0.9233112523235829
UBFC_PHYS_s15_T1_test,133,64,135.13333333333333,1.1662516593933105,-1.2972486837745925
UBFC_PHYS_s15_T1_test,133,65,135.16666666666666,1.1813338994979858,-1.5871238538929542
UBFC_PHYS_s15_T1_test,133,66,135.2,1.1189002990722656,-1.734520184455893
UBFC_PHYS_s15_T1_test,133,67,135.23333333333332,0.9500227570533752,-1.6940496067628608
UBFC_PHYS_s15_T1_test,133,68,135.26666666666668,0.6305940747261047,-1.4474479333017225
UBFC_PHYS_s15_T1_test,133,69,135.3,0.20603451132774353,-1.0132309451265822
UBFC_PHYS_s15_T1_test,133,70,135.33333333333334,-0.21786846220493317,-0.44771873038242044
UBFC_PHYS_s15_T1_test,133,71,135.36666666666667,-0.5770012140274048,0.1644592305811093
UBFC_PHYS_s15_T1_test,133,72,135.4,-0.9058345556259155,0.7290308354409959
UBFC_PHYS_s15_T1_test,133,73,135.43333333333334,-1.291346549987793,1.1650851460160174
UBFC_PHYS_s15_T1_test,133,74,135.46666666666667,-1.7446993589401245,1.4248940348887877
UBFC_PHYS_s15_T1_test,133,75,135.5,-2.1030404567718506,1.5030822338794136
UBFC_PHYS_s15_T1_test,133,76,135.53333333333333,-2.0892133712768555,1.4314273474247305
UBFC_PHYS_s15_T1_test,133,77,135.56666666666666,-1.6491082906723022,1.2613799383291648
UBFC_PHYS_s15_T1_test,133,78,135.6,-1.068223476409912,1.0415085776240807
UBFC_PHYS_s15_T1_test,133,79,135.63333333333333,-0.6734806299209595,0.799497306649217
UBFC_PHYS_s15_T1_test,133,80,135.66666666666666,-0.5207666754722595,0.5368391563051175
UBFC_PHYS_s15_T1_test,133,81,135.7,-0.5091025829315186,0.23847689386826793
UBFC_PHYS_s15_T1_test,133,82,135.73333333333332,-0.575591504573822,-0.10853720924751208
UBFC_PHYS_s15_T1_test,133,83,135.76666666666668,-0.6580315828323364,-0.4979969767943117
UBFC_PHYS_s15_T1_test,133,84,135.8,-0.6689424514770508,-0.8972809706875253
UBFC_PHYS_s15_T1_test,133,85,135.83333333333334,-0.5800524353981018,-1.2517542313455001
UBFC_PHYS_s15_T1_test,133,86,135.86666666666667,-0.4126039147377014,-1.497884843397723
UBFC_PHYS_s15_T1_test,133,87,135.9,-0.20408017933368683,-1.5802524181255688
UBFC_PHYS_s15_T1_test,133,88,135.93333333333334,-0.0444527305662632,-1.4676652880799355
UBFC_PHYS_s15_T1_test,133,89,135.96666666666667,-0.022090211510658264,-1.164261043087785
UBFC_PHYS_s15_T1_test,133,90,136.0,-0.09157237410545349,-0.7121921946133265
UBFC_PHYS_s15_T1_test,133,91,136.03333333333333,-0.11899445950984955,-0.1840137929202421
UBFC_PHYS_s15_T1_test,133,92,136.06666666666666,-0.08724663406610489,0.33417611356881893
UBFC_PHYS_s15_T1_test,133,93,136.1,-0.09696023166179657,0.764301843769445
UBFC_PHYS_s15_T1_test,133,94,136.13333333333333,-0.20462089776992798,1.0556302153882753
UBFC_PHYS_s15_T1_test,133,95,136.16666666666666,-0.3360537886619568,1.1948979185858295
UBFC_PHYS_s15_T1_test,133,96,136.2,-0.3347792327404022,1.2032376197990229
UBFC_PHYS_s15_T1_test,133,97,136.23333333333332,-0.11542186141014099,1.121120862928903
UBFC_PHYS_s15_T1_test,133,98,136.26666666666668,0.21410664916038513,0.9879901468552795
UBFC_PHYS_s15_T1_test,133,99,136.3,0.4548030495643616,0.8257139998486374
UBFC_PHYS_s15_T1_test,133,100,136.33333333333334,0.5306386351585388,0.6327411743451847
UBFC_PHYS_s15_T1_test,133,101,136.36666666666667,0.48369279503822327,0.39082392754271283
UBFC_PHYS_s15_T1_test,133,102,136.4,0.36529505252838135,0.0813354420569951
UBFC_PHYS_s15_T1_test,133,103,136.43333333333334,0.2187027484178543,-0.2955682159873726
UBFC_PHYS_s15_T1_test,133,104,136.46666666666667,0.112413190305233,-0.7078148688590471
UBFC_PHYS_s15_T1_test,133,105,136.5,0.09729242324829102,-1.0916828398683402
UBFC_PHYS_s15_T1_test,133,106,136.53333333333333,0.13902419805526733,-1.367054104889844
UBFC_PHYS_s15_T1_test,133,107,136.56666666666666,0.15323734283447266,-1.4622643924643197
UBFC_PHYS_s15_T1_test,133,108,136.6,0.10754673928022385,-1.3389410840325051
UBFC_PHYS_s15_T1_test,133,109,136.63333333333333,0.0062201968394219875,-1.0073488950287117
UBFC_PHYS_s15_T1_test,133,110,136.66666666666666,-0.1440991908311844,-0.5266185845337982
UBFC_PHYS_s15_T1_test,133,111,136.7,-0.30187273025512695,0.010200420040965576
UBFC_PHYS_s15_T1_test,133,112,136.73333333333332,-0.425986647605896,0.5013332707064145
UBFC_PHYS_s15_T1_test,133,113,136.76666666666668,-0.5708795785903931,0.8638705496421764
UBFC_PHYS_s15_T1_test,133,114,136.8,-0.7806971669197083,1.0554271867108798
UBFC_PHYS_s15_T1_test,133,115,136.83333333333334,-0.901392936706543,1.082754408747839
UBFC_PHYS_s15_T1_test,133,116,136.86666666666667,-0.7432910799980164,0.9929912021313437
UBFC_PHYS_s15_T1_test,133,117,136.9,-0.35453474521636963,0.8493406614013549
UBFC_PHYS_s15_T1_test,133,118,136.93333333333334,0.04094196483492851,0.7015267612792431
UBFC_PHYS_s15_T1_test,133,119,136.96666666666667,0.29965582489967346,0.5656944200924806
UBFC_PHYS_s15_T1_test,133,120,137.0,0.4173777103424072,0.42335950500829345
UBFC_PHYS_s15_T1_test,133,121,137.03333333333333,0.42278486490249634,0.23829223083161716
UBFC_PHYS_s15_T1_test,133,122,137.06666666666666,0.3507149815559387,-0.018715918069504886
UBFC_PHYS_s15_T1_test,133,123,137.1,0.25742197036743164,-0.34957901786504747
UBFC_PHYS_s15_T1_test,133,124,137.13333333333333,0.20784978568553925,-0.721008747710473
UBFC_PHYS_s15_T1_test,133,125,137.16666666666666,0.23005780577659607,-1.0701075974876795
UBFC_PHYS_s15_T1_test,133,126,137.2,0.30411675572395325,-1.3202966740804736
UBFC_PHYS_s15_T1_test,133,127,137.23333333333332,0.3686552047729492,-1.4027280074438648
UBFC_PHYS_s15_T1_test,133,128,137.26666666666668,0.3440139591693878,-1.2775171390226003
UBFC_PHYS_s15_T1_test,133,129,137.3,0.2161729633808136,-0.948783881887038
UBFC_PHYS_s15_T1_test,133,130,137.33333333333334,0.06311137229204178,-0.46822871731906235
UBFC_PHYS_s15_T1_test,133,131,137.36666666666667,-0.05435943976044655,0.07549712421030699
UBFC_PHYS_s15_T1_test,133,132,137.4,-0.16653895378112793,0.5799684536137582
UBFC_PHYS_s15_T1_test,133,133,137.43333333333334,-0.34625017642974854,0.9579076955820895
UBFC_PHYS_s15_T1_test,133,134,137.46666666666667,-0.5841657519340515,1.1614399975523897
UBFC_PHYS_s15_T1_test,133,135,137.5,-0.7357982993125916,1.192010247930151
UBFC_PHYS_s15_T1_test,133,136,137.53333333333333,-0.628195583820343,1.0921835654685215
UBFC_PHYS_s15_T1_test,133,137,137.56666666666666,-0.2730795443058014,0.9234072430235228
UBFC_PHYS_s15_T1_test,133,138,137.6,0.14352373778820038,0.7393894296827825
UBFC_PHYS_s15_T1_test,133,139,137.63333333333333,0.4312818646430969,0.5660333325154943
UBFC_PHYS_s15_T1_test,133,140,137.66666666666666,0.537590742111206,0.39583370063411716
UBFC_PHYS_s15_T1_test,133,141,137.7,0.5270467400550842,0.19846300903276298
UBFC_PHYS_s15_T1_test,133,142,137.73333333333332,0.4786139130592346,-0.05772987650618396
UBFC_PHYS_s15_T1_test,133,143,137.76666666666668,0.445591539144516,-0.3832250906191996
UBFC_PHYS_s15_T1_test,133,144,137.8,0.45225396752357483,-0.7537995438508283
UBFC_PHYS_s15_T1_test,133,145,137.83333333333334,0.48216721415519714,-1.1116729165068933
UBFC_PHYS_s15_T1_test,133,146,137.86666666666667,0.5098596215248108,-1.3807219844975143
UBFC_PHYS_s15_T1_test,133,147,137.9,0.5254825353622437,-1.4896631708066337
UBFC_PHYS_s15_T1_test,133,148,137.93333333333334,0.5069243311882019,-1.3946807693540206
UBFC_PHYS_s15_T1_test,133,149,137.96666666666667,0.41168084740638733,-1.094039782994238
UBFC_PHYS_s15_T1_test,133,150,138.0,0.24154804646968842,-0.6306549062714388
UBFC_PHYS_s15_T1_test,133,151,138.03333333333333,0.07193665206432343,-0.08244595270098055
UBFC_PHYS_s15_T1_test,133,152,138.06666666666666,-0.044491350650787354,0.45678596970053736
UBFC_PHYS_s15_T1_test,133,153,138.1,-0.16700242459774017,0.9010622024173298
UBFC_PHYS_s15_T1_test,133,154,138.13333333333333,-0.39613133668899536,1.1937748597819111
UBFC_PHYS_s15_T1_test,133,155,138.16666666666666,-0.7190939784049988,1.319648774693267
UBFC_PHYS_s15_T1_test,133,156,138.2,-0.9427384734153748,1.301722378755593
UBFC_PHYS_s15_T1_test,133,157,138.23333333333332,-0.838746964931488,1.1840857330485957
UBFC_PHYS_s15_T1_test,133,158,138.26666666666668,-0.3897585868835449,1.0093497987987305
UBFC_PHYS_s15_T1_test,133,159,138.3,0.1375565379858017,0.8030079907363386
UBFC_PHYS_s15_T1_test,133,160,138.33333333333334,0.48506391048431396,0.5708887404142751
UBFC_PHYS_s15_T1_test,133,161,138.36666666666667,0.6174623966217041,0.3068914107452683
UBFC_PHYS_s15_T1_test,133,162,138.4,0.6228116154670715,0.004096420556070068
UBFC_PHYS_s15_T1_test,133,163,138.43333333333334,0.5601656436920166,-0.33605890648957826
UBFC_PHYS_s15_T1_test,133,164,138.46666666666667,0.47936707735061646,-0.6982100304330934
UBFC_PHYS_s15_T1_test,133,165,138.5,0.44895172119140625,-1.0507897647769342
UBFC_PHYS_s15_T1_test,133,166,138.53333333333333,0.4728398323059082,-1.34760002113374
UBFC_PHYS_s15_T1_test,133,167,138.56666666666666,0.4880571663379669,-1.5348142947060694
UBFC_PHYS_s15_T1_test,133,168,138.6,0.48857855796813965,-1.5634530027530003
UBFC_PHYS_s15_T1_test,133,169,138.63333333333333,0.5011502504348755,-1.404274904416699
UBFC_PHYS_s15_T1_test,133,170,138.66666666666666,0.4835189878940582,-1.0599572094170004
UBFC_PHYS_s15_T1_test,133,171,138.7,0.38099515438079834,-0.5696909338331462
UBFC_PHYS_s15_T1_test,133,172,138.73333333333332,0.2529996633529663,-0.0037224230911696633
UBFC_PHYS_s15_T1_test,133,173,138.76666666666668,0.20070458948612213,0.551384412264644
UBFC_PHYS_s15_T1_test,133,174,138.8,0.2031378149986267,1.0131803568973148
UBFC_PHYS_s15_T1_test,133,175,138.83333333333334,0.1736687272787094,1.3236728368310973
UBFC_PHYS_s15_T1_test,133,176,138.86666666666667,0.09877939522266388,1.4625428484280307
UBFC_PHYS_s15_T1_test,133,177,138.9,0.07765280455350876,1.4474957658408114
UBFC_PHYS_s15_T1_test,133,178,138.93333333333334,0.28992292284965515,1.3207970242253901
UBFC_PHYS_s15_T1_test,133,179,138.96666666666667,0.8351203799247742,1.1278002791767892
UBFC_PHYS_s15_T1_test,133,180,139.0,1.5638912916183472,0.8983016345824463
UBFC_PHYS_s15_T1_test,133,181,139.03333333333333,2.1921274662017822,0.6402592723721302
UBFC_PHYS_s15_T1_test,133,182,139.06666666666666,2.5911574363708496,0.3471929221132959
UBFC_PHYS_s15_T1_test,133,183,139.1,2.806053876876831,0.012257296254452441
UBFC_PHYS_s15_T1_test,133,184,139.13333333333333,2.9124207496643066,-0.3597335512543124
UBFC_PHYS_s15_T1_test,133,185,139.16666666666666,2.9130773544311523,-0.7470988165838189
UBFC_PHYS_s15_T1_test,133,186,139.2,2.742384433746338,-1.1127970961409388
UBFC_PHYS_s15_T1_test,133,187,139.23333333333332,2.3861098289489746,-1.4101294574370247
UBFC_PHYS_s15_T1_test,133,188,139.26666666666668,1.940423607826233,-1.5907569966029347
UBFC_PHYS_s15_T1_test,133,189,139.3,1.5065945386886597,-1.6144575736999192
UBFC_PHYS_s15_T1_test,133,190,139.33333333333334,1.1319934129714966,-1.4596583650014852
UBFC_PHYS_s15_T1_test,133,191,139.36666666666667,0.862967312335968,-1.1322238636410515
UBFC_PHYS_s15_T1_test,133,192,139.4,0.6797606945037842,-0.6690844861163874
UBFC_PHYS_s15_T1_test,133,193,139.43333333333334,0.46496081352233887,-0.13402863898393366
UBFC_PHYS_s15_T1_test,133,194,139.46666666666667,0.1729349046945572,0.39467235859139904
UBFC_PHYS_s15_T1_test,133,195,139.5,-0.11764266341924667,0.841987485180897
UBFC_PHYS_s15_T1_test,133,196,139.53333333333333,-0.3686513304710388,1.1537635159470647
UBFC_PHYS_s15_T1_test,133,197,139.56666666666666,-0.5544263124465942,1.3081831737056953
UBFC_PHYS_s15_T1_test,133,198,139.6,-0.5308858156204224,1.3168826365524482
UBFC_PHYS_s15_T1_test,133,199,139.63333333333333,-0.23573143780231476,1.2152659268945325
UBFC_PHYS_s15_T1_test,133,200,139.66666666666666,0.14373616874217987,1.0455895240209356
UBFC_PHYS_s15_T1_test,133,201,139.7,0.39628973603248596,0.8397062238031532
UBFC_PHYS_s15_T1_test,133,202,139.73333333333332,0.4956851303577423,0.6095478830476929
UBFC_PHYS_s15_T1_test,133,203,139.76666666666668,0.48881030082702637,0.3502950051615783
UBFC_PHYS_s15_T1_test,133,204,139.8,0.3790833353996277,0.053964542046836476
UBFC_PHYS_s15_T1_test,133,205,139.83333333333334,0.18709009885787964,-0.2750622245821603
UBFC_PHYS_s15_T1_test,133,206,139.86666666666667,-0.02483242005109787,-0.6114818228099791
UBFC_PHYS_s15_T1_test,133,207,139.9,-0.20587612688541412,-0.9117155383980141
UBFC_PHYS_s15_T1_test,133,208,139.93333333333334,-0.33056938648223877,-1.1259401548725418
UBFC_PHYS_s15_T1_test,133,209,139.96666666666667,-0.3960734009742737,-1.2135908792566628
UBFC_PHYS_s15_T1_test,133,210,140.0,-0.44757673144340515,-1.1559230312059574
UBFC_PHYS_s15_T1_test,133,211,140.03333333333333,-0.567905604839325,-0.9615681033016102
UBFC_PHYS_s15_T1_test,133,212,140.06666666666666,-0.7553413510322571,-0.6642466571419516
UBFC_PHYS_s15_T1_test,133,213,140.1,-0.900968074798584,-0.31415374829905995
UBFC_PHYS_s15_T1_test,133,214,140.13333333333333,-0.9425839781761169,0.034520417939828484
UBFC_PHYS_s15_T1_test,133,215,140.16666666666666,-0.9627063870429993,0.336808272151561
UBFC_PHYS_s15_T1_test,133,216,140.2,-1.0542035102844238,0.5667367891787624
UBFC_PHYS_s15_T1_test,133,217,140.23333333333332,-1.1695114374160767,0.7196071555385761
UBFC_PHYS_s15_T1_test,133,218,140.26666666666668,-1.1396174430847168,0.8056236126481127
UBFC_PHYS_s15_T1_test,133,219,140.3,-0.8497544527053833,0.8384383568751893
UBFC_PHYS_s15_T1_test,133,220,140.33333333333334,-0.4147474467754364,0.8257289946087915
UBFC_PHYS_s15_T1_test,133,221,140.36666666666667,-0.07676058262586594,0.7674672555095555
UBFC_PHYS_s15_T1_test,133,222,140.4,0.0521039143204689,0.6609469428267017
UBFC_PHYS_s15_T1_test,133,223,140.43333333333334,0.03321743384003639,0.5066039534022703
UBFC_PHYS_s15_T1_test,133,224,140.46666666666667,-0.05820239707827568,0.3104894748419102
UBFC_PHYS_s15_T1_test,133,225,140.5,-0.17181093990802765,0.08424974965087173
UBFC_PHYS_s15_T1_test,133,226,140.53333333333333,-0.24386151134967804,-0.15453393809837668
UBFC_PHYS_s15_T1_test,133,227,140.56666666666666,-0.25280267000198364,-0.38088754304199257
UBFC_PHYS_s15_T1_test,133,228,140.6,-0.24092619121074677,-0.5625132188047217
UBFC_PHYS_s15_T1_test,133,229,140.63333333333333,-0.26686128973960876,-0.664838303165162
UBFC_PHYS_s15_T1_test,133,230,140.66666666666666,-0.3653104603290558,-0.6611617138915723
UBFC_PHYS_s15_T1_test,133,231,140.7,-0.5269463062286377,-0.5438183410544557
UBFC_PHYS_s15_T1_test,133,232,140.73333333333332,-0.706464409828186,-0.33112704692710765
UBFC_PHYS_s15_T1_test,133,233,140.76666666666668,-0.8838775753974915,-0.06683836122766719
UBFC_PHYS_s15_T1_test,133,234,140.8,-1.080968976020813,0.1882213676403657
UBFC_PHYS_s15_T1_test,133,235,140.83333333333334,-1.3273042440414429,0.37032660690467184
UBFC_PHYS_s15_T1_test,133,236,140.86666666666667,-1.669867992401123,0.42974352587754816
UBFC_PHYS_s15_T1_test,133,237,140.9,-2.056577205657959,0.34616573559403707
UBFC_PHYS_s15_T1_test,133,238,140.93333333333334,-2.2270190715789795,0.13723943614691952
UBFC_PHYS_s15_T1_test,133,239,140.96666666666667,-2.0106935501098633,-0.14432439042333245
UBFC_PHYS_s15_T1_test,134,0,134.0,-0.891351044178009,-0.0365244310917143
UBFC_PHYS_s15_T1_test,134,1,134.03333333333333,-0.825499415397644,0.5955721609605389
UBFC_PHYS_s15_T1_test,134,2,134.06666666666666,-0.8285120129585266,1.130104198848622
UBFC_PHYS_s15_T1_test,134,3,134.1,-0.8472632765769958,1.4951316933658947
UBFC_PHYS_s15_T1_test,134,4,134.13333333333333,-0.7115818858146667,1.6590506716176536
UBFC_PHYS_s15_T1_test,134,5,134.16666666666666,-0.33904704451560974,1.6333646364873482
UBFC_PHYS_s15_T1_test,134,6,134.2,0.1862790286540985,1.4612347429582069
UBFC_PHYS_s15_T1_test,134,7,134.23333333333332,0.6931434869766235,1.1979742927298602
UBFC_PHYS_s15_T1_test,134,8,134.26666666666668,1.0234057903289795,0.8919603747181455
UBFC_PHYS_s15_T1_test,134,9,134.3,1.128053903579712,0.5725097806406019
UBFC_PHYS_s15_T1_test,134,10,134.33333333333334,1.0647900104522705,0.24805753141719655
UBFC_PHYS_s15_T1_test,134,11,134.36666666666667,0.8994849920272827,-0.08563261771818248
UBFC_PHYS_s15_T1_test,134,12,134.4,0.6768060922622681,-0.4312801447075938
UBFC_PHYS_s15_T1_test,134,13,134.43333333333334,0.41905778646469116,-0.7765510623867048
UBFC_PHYS_s15_T1_test,134,14,134.46666666666667,0.12593112885951996,-1.0877102687385605
UBFC_PHYS_s15_T1_test,134,15,134.5,-0.18803246319293976,-1.3139841589429928
UBFC_PHYS_s15_T1_test,134,16,134.53333333333333,-0.48057976365089417,-1.4014230507927339
UBFC_PHYS_s15_T1_test,134,17,134.56666666666666,-0.758469820022583,-1.311112097624542
UBFC_PHYS_s15_T1_test,134,18,134.6,-1.077261209487915,-1.0352541537229605
UBFC_PHYS_s15_T1_test,134,19,134.63333333333333,-1.3912440538406372,-0.6053786098839046
UBFC_PHYS_s15_T1_test,134,20,134.66666666666666,-1.5476465225219727,-0.08874746860476566
UBFC_PHYS_s15_T1_test,134,21,134.7,-1.509448766708374,0.4274951613664673
UBFC_PHYS_s15_T1_test,134,22,134.73333333333332,-1.4014018774032593,0.8597730945194586
UBFC_PHYS_s15_T1_test,134,23,134.76666666666668,-1.2987622022628784,1.150345630680092
UBFC_PHYS_s15_T1_test,134,24,134.8,-1.1641621589660645,1.2794246733378805
UBFC_PHYS_s15_T1_test,134,25,134.83333333333334,-0.9474504590034485,1.2626405057237848
UBFC_PHYS_s15_T1_test,134,26,134.86666666666667,-0.618984043598175,1.13648996187633
UBFC_PHYS_s15_T1_test,134,27,134.9,-0.21439242362976074,0.939965036972512
UBFC_PHYS_s15_T1_test,134,28,134.93333333333334,0.15424153208732605,0.7011470556769266
UBFC_PHYS_s15_T1_test,134,29,134.96666666666667,0.4157748520374298,0.43340133195295477
UBFC_PHYS_s15_T1_test,134,30,135.0,0.5934970378875732,0.13993793362167892
UBFC_PHYS_s15_T1_test,134,31,135.03333333333333,0.7399734258651733,-0.1780999981891682
UBFC_PHYS_s15_T1_test,134,32,135.06666666666666,0.8989829421043396,-0.5142585164759257
UBFC_PHYS_s15_T1_test,134,33,135.1,1.061719536781311,-0.851808915137839
UBFC_PHYS_s15_T1_test,134,34,135.13333333333333,1.1662516593933105,-1.1615683104377248
UBFC_PHYS_s15_T1_test,134,35,135.16666666666666,1.1813338994979858,-1.403166317628237
UBFC_PHYS_s15_T1_test,134,36,135.2,1.1189002990722656,-1.5309144126985441
UBFC_PHYS_s15_T1_test,134,37,135.23333333333332,0.9500227570533752,-1.5045618463059123
UBFC_PHYS_s15_T1_test,134,38,135.26666666666668,0.6305940747261047,-1.30265670180129
UBFC_PHYS_s15_T1_test,134,39,135.3,0.20603451132774353,-0.9337793228425827
UBFC_PHYS_s15_T1_test,134,40,135.33333333333334,-0.21786846220493317,-0.4406133221808049
UBFC_PHYS_s15_T1_test,134,41,135.36666666666667,-0.5770012140274048,0.1061166191140806
UBFC_PHYS_s15_T1_test,134,42,135.4,-0.9058345556259155,0.6233096545660454
UBFC_PHYS_s15_T1_test,134,43,135.43333333333334,-1.291346549987793,1.0363484021845568
UBFC_PHYS_s15_T1_test,134,44,135.46666666666667,-1.7446993589401245,1.2978954904072106
UBFC_PHYS_s15_T1_test,134,45,135.5,-2.1030404567718506,1.3973567242012548
UBFC_PHYS_s15_T1_test,134,46,135.53333333333333,-2.0892133712768555,1.3572892954074787
UBFC_PHYS_s15_T1_test,134,47,135.56666666666666,-1.6491082906723022,1.2185368161944332
UBFC_PHYS_s15_T1_test,134,48,135.6,-1.068223476409912,1.020699533176816
UBFC_PHYS_s15_T1_test,134,49,135.63333333333333,-0.6734806299209595,0.7866706726734755
UBFC_PHYS_s15_T1_test,134,50,135.66666666666666,-0.5207666754722595,0.5183354985686783
UBFC_PHYS_s15_T1_test,134,51,135.7,-0.5091025829315186,0.20522284455410422
UBFC_PHYS_s15_T1_test,134,52,135.73333333333332,-0.575591504573822,-0.15895773299542587
UBFC_PHYS_s15_T1_test,134,53,135.76666666666668,-0.6580315828323364,-0.5609735060132439
UBFC_PHYS_s15_T1_test,134,54,135.8,-0.6689424514770508,-0.9614205864447377
UBFC_PHYS_s15_T1_test,134,55,135.83333333333334,-0.5800524353981018,-1.2993446289419939
UBFC_PHYS_s15_T1_test,134,56,135.86666666666667,-0.4126039147377014,-1.5062531444077634
UBFC_PHYS_s15_T1_test,134,57,135.9,-0.20408017933368683,-1.5251713823739816
UBFC_PHYS_s15_T1_test,134,58,135.93333333333334,-0.0444527305662632,-1.3295015704190762
UBFC_PHYS_s15_T1_test,134,59,135.96666666666667,-0.022090211510658264,-0.9360255137975803
UBFC_PHYS_s15_T1_test,134,60,136.0,-0.09157237410545349,-0.40639237360582997
UBFC_PHYS_s15_T1_test,134,61,136.03333333333333,-0.11899445950984955,0.16601290279520425
UBFC_PHYS_s15_T1_test,134,62,136.06666666666666,-0.08724663406610489,0.680930307576944
UBFC_PHYS_s15_T1_test,134,63,136.1,-0.09696023166179657,1.0588942641713734
UBFC_PHYS_s15_T1_test,134,64,136.13333333333333,-0.20462089776992798,1.2609464260175531
UBFC_PHYS_s15_T1_test,134,65,136.16666666666666,-0.3360537886619568,1.2930781210946374
UBFC_PHYS_s15_T1_test,134,66,136.2,-0.3347792327404022,1.194977858059904
UBFC_PHYS_s15_T1_test,134,67,136.23333333333332,-0.11542186141014099,1.0192690322686693
UBFC_PHYS_s15_T1_test,134,68,136.26666666666668,0.21410664916038513,0.8104690489202363
UBFC_PHYS_s15_T1_test,134,69,136.3,0.4548030495643616,0.5916172004975677
UBFC_PHYS_s15_T1_test,134,70,136.33333333333334,0.5306386351585388,0.3622842835842042
UBFC_PHYS_s15_T1_test,134,71,136.36666666666667,0.48369279503822327,0.10699757449515912
UBFC_PHYS_s15_T1_test,134,72,136.4,0.36529505252838135,-0.19003498513182324
UBFC_PHYS_s15_T1_test,134,73,136.43333333333334,0.2187027484178543,-0.5295046069219911
UBFC_PHYS_s15_T1_test,134,74,136.46666666666667,0.112413190305233,-0.8867428802445072
UBFC_PHYS_s15_T1_test,134,75,136.5,0.09729242324829102,-1.2111091555425681
UBFC_PHYS_s15_T1_test,134,76,136.53333333333333,0.13902419805526733,-1.4363024726499178
UBFC_PHYS_s15_T1_test,134,77,136.56666666666666,0.15323734283447266,-1.4989235908719742
UBFC_PHYS_s15_T1_test,134,78,136.6,0.10754673928022385,-1.359476916424607
UBFC_PHYS_s15_T1_test,134,79,136.63333333333333,0.0062201968394219875,-1.0187347911721498
UBFC_PHYS_s15_T1_test,134,80,136.66666666666666,-0.1440991908311844,-0.5233821911466674
UBFC_PHYS_s15_T1_test,134,81,136.7,-0.30187273025512695,0.04216214265178874
UBFC_PHYS_s15_T1_test,134,82,136.73333333333332,-0.425986647605896,0.5765930403451787
UBFC_PHYS_s15_T1_test,134,83,136.76666666666668,-0.5708795785903931,0.989417796530062
UBFC_PHYS_s15_T1_test,134,84,136.8,-0.7806971669197083,1.2260832162543531
UBFC_PHYS_s15_T1_test,134,85,136.83333333333334,-0.901392936706543,1.2807235667909156
UBFC_PHYS_s15_T1_test,134,86,136.86666666666667,-0.7432910799980164,1.1908819109498718
UBFC_PHYS_s15_T1_test,134,87,136.9,-0.35453474521636963,1.016249168362168
UBFC_PHYS_s15_T1_test,134,88,136.93333333333334,0.04094196483492851,0.8113136514480157
UBFC_PHYS_s15_T1_test,134,89,136.96666666666667,0.29965582489967346,0.604908970738471
UBFC_PHYS_s15_T1_test,134,90,137.0,0.4173777103424072,0.39542453922887516
UBFC_PHYS_s15_T1_test,134,91,137.03333333333333,0.42278486490249634,0.161851044462325
UBFC_PHYS_s15_T1_test,134,92,137.06666666666666,0.3507149815559387,-0.11674393856760582
UBFC_PHYS_s15_T1_test,134,93,137.1,0.25742197036743164,-0.44334375369860374
UBFC_PHYS_s15_T1_test,134,94,137.13333333333333,0.20784978568553925,-0.793822870989826
UBFC_PHYS_s15_T1_test,134,95,137.16666666666666,0.23005780577659607,-1.1185132669307483
UBFC_PHYS_s15_T1_test,134,96,137.2,0.30411675572395325,-1.3529487607336586
UBFC_PHYS_s15_T1_test,134,97,137.23333333333332,0.3686552047729492,-1.4346559832860368
UBFC_PHYS_s15_T1_test,134,98,137.26666666666668,0.3440139591693878,-1.3219816790136223
UBFC_PHYS_s15_T1_test,134,99,137.3,0.2161729633808136,-1.010014385793844
UBFC_PHYS_s15_T1_test,134,100,137.33333333333334,0.06311137229204178,-0.5380482112820256
UBFC_PHYS_s15_T1_test,134,101,137.36666666666667,-0.05435943976044655,0.01574995777141423
UBFC_PHYS_s15_T1_test,134,102,137.4,-0.16653895378112793,0.5528398040628523
UBFC_PHYS_s15_T1_test,134,103,137.43333333333334,-0.34625017642974854,0.9808723315915236
UBFC_PHYS_s15_T1_test,134,104,137.46666666666667,-0.5841657519340515,1.2389312273293336
UBFC_PHYS_s15_T1_test,134,105,137.5,-0.7357982993125916,1.3117219442589665
UBFC_PHYS_s15_T1_test,134,106,137.53333333333333,-0.628195583820343,1.2274691627286154
UBFC_PHYS_s15_T1_test,134,107,137.56666666666666,-0.2730795443058014,1.041187031046406
UBFC_PHYS_s15_T1_test,134,108,137.6,0.14352373778820038,0.8107472320623081
UBFC_PHYS_s15_T1_test,134,109,137.63333333333333,0.4312818646430969,0.5755745399805665
UBFC_PHYS_s15_T1_test,134,110,137.66666666666666,0.537590742111206,0.34623019920710496
UBFC_PHYS_s15_T1_test,134,111,137.7,0.5270467400550842,0.10836318416534514
UBFC_PHYS_s15_T1_test,134,112,137.73333333333332,0.4786139130592346,-0.16156692991951116
UBFC_PHYS_s15_T1_test,134,113,137.76666666666668,0.445591539144516,-0.4761663202432709
UBFC_PHYS_s15_T1_test,134,114,137.8,0.45225396752357483,-0.8214276991812534
UBFC_PHYS_s15_T1_test,134,115,137.83333333333334,0.48216721415519714,-1.1522261429236844
UBFC_PHYS_s15_T1_test,134,116,137.86666666666667,0.5098596215248108,-1.4011672902006276
UBFC_PHYS_s15_T1_test,134,117,137.9,0.5254825353622437,-1.4979402423482324
UBFC_PHYS_s15_T1_test,134,118,137.93333333333334,0.5069243311882019,-1.392672463097499
UBFC_PHYS_s15_T1_test,134,119,137.96666666666667,0.41168084740638733,-1.0753977800228998
UBFC_PHYS_s15_T1_test,134,120,138.0,0.24154804646968842,-0.584744104487147
UBFC_PHYS_s15_T1_test,134,121,138.03333333333333,0.07193665206432343,-0.0019590299916039527
UBFC_PHYS_s15_T1_test,134,122,138.06666666666666,-0.044491350650787354,0.5691782568935501
UBFC_PHYS_s15_T1_test,134,123,138.1,-0.16700242459774017,1.0308617647907499
UBFC_PHYS_s15_T1_test,134,124,138.13333333333333,-0.39613133668899536,1.318195704554751
UBFC_PHYS_s15_T1_test,134,125,138.16666666666666,-0.7190939784049988,1.4139909024254924
UBFC_PHYS_s15_T1_test,134,126,138.2,-0.9427384734153748,1.3455905970345368
UBFC_PHYS_s15_T1_test,134,127,138.23333333333332,-0.838746964931488,1.1661391986950378
UBFC_PHYS_s15_T1_test,134,128,138.26666666666668,-0.3897585868835449,0.9301583214152931
UBFC_PHYS_s15_T1_test,134,129,138.3,0.1375565379858017,0.675110480038965
UBFC_PHYS_s15_T1_test,134,130,138.33333333333334,0.48506391048431396,0.41538453687694055
UBFC_PHYS_s15_T1_test,134,131,138.36666666666667,0.6174623966217041,0.14759328049453665
UBFC_PHYS_s15_T1_test,134,132,138.4,0.6228116154670715,-0.13817053750420483
UBFC_PHYS_s15_T1_test,134,133,138.43333333333334,0.5601656436920166,-0.4465221007196687
UBFC_PHYS_s15_T1_test,134,134,138.46666666666667,0.47936707735061646,-0.767828164190351
UBFC_PHYS_s15_T1_test,134,135,138.5,0.44895172119140625,-1.07388443076636
UBFC_PHYS_s15_T1_test,134,136,138.53333333333333,0.4728398323059082,-1.3196723834922806
UBFC_PHYS_s15_T1_test,134,137,138.56666666666666,0.4880571663379669,-1.4521616905521113
UBFC_PHYS_s15_T1_test,134,138,138.6,0.48857855796813965,-1.4249903615195842
UBFC_PHYS_s15_T1_test,134,139,138.63333333333333,0.5011502504348755,-1.214889389610419
UBFC_PHYS_s15_T1_test,134,140,138.66666666666666,0.4835189878940582,-0.8338729464503558
UBFC_PHYS_s15_T1_test,134,141,138.7,0.38099515438079834,-0.33184788728194764
UBFC_PHYS_s15_T1_test,134,142,138.73333333333332,0.2529996633529663,0.21250681611874056
UBFC_PHYS_s15_T1_test,134,143,138.76666666666668,0.20070458948612213,0.7104559456225086
UBFC_PHYS_s15_T1_test,134,144,138.8,0.2031378149986267,1.085877073164762
UBFC_PHYS_s15_T1_test,134,145,138.83333333333334,0.1736687272787094,1.2945020280124746
UBFC_PHYS_s15_T1_test,134,146,138.86666666666667,0.09877939522266388,1.332867345641007
UBFC_PHYS_s15_T1_test,134,147,138.9,0.07765280455350876,1.2332895634284364
UBFC_PHYS_s15_T1_test,134,148,138.93333333333334,0.28992292284965515,1.0465676997660287
UBFC_PHYS_s15_T1_test,134,149,138.96666666666667,0.8351203799247742,0.8197610107528587
UBFC_PHYS_s15_T1_test,134,150,139.0,1.5638912916183472,0.5793908799200046
UBFC_PHYS_s15_T1_test,134,151,139.03333333333333,2.1921274662017822,0.3279356285710502
UBFC_PHYS_s15_T1_test,134,152,139.06666666666666,2.5911574363708496,0.05383473154867661
UBFC_PHYS_s15_T1_test,134,153,139.1,2.806053876876831,-0.2521298749191198
UBFC_PHYS_s15_T1_test,134,154,139.13333333333333,2.9124207496643066,-0.5830613226436583
UBFC_PHYS_s15_T1_test,134,155,139.16666666666666,2.9130773544311523,-0.9105507815536353
UBFC_PHYS_s15_T1_test,134,156,139.2,2.742384433746338,-1.1886002136217309
UBFC_PHYS_s15_T1_test,134,157,139.23333333333332,2.3861098289489746,-1.364284041451057
UBFC_PHYS_s15_T1_test,134,158,139.26666666666668,1.940423607826233,-1.3914691007627735
UBFC_PHYS_s15_T1_test,134,159,139.3,1.5065945386886597,-1.2442033857472254
UBFC_PHYS_s15_T1_test,134,160,139.33333333333334,1.1319934129714966,-0.9266257742873539
UBFC_PHYS_s15_T1_test,134,161,139.36666666666667,0.862967312335968,-0.4764054739251366
UBFC_PHYS_s15_T1_test,134,162,139.4,0.6797606945037842,0.04040021516356726
UBFC_PHYS_s15_T1_test,134,163,139.43333333333334,0.46496081352233887,0.5429413343606296
UBFC_PHYS_s15_T1_test,134,164,139.46666666666667,0.1729349046945572,0.9542407645445895
UBFC_PHYS_s15_T1_test,134,165,139.5,-0.11764266341924667,1.2190439987450965
UBFC_PHYS_s15_T1_test,134,166,139.53333333333333,-0.3686513304710388,1.3149317617453073
UBFC_PHYS_s15_T1_test,134,167,139.56666666666666,-0.5544263124465942,1.2533274071263396
UBFC_PHYS_s15_T1_test,134,168,139.6,-0.5308858156204224,1.070914539180875
UBFC_PHYS_s15_T1_test,134,169,139.63333333333333,-0.23573143780231476,0.8152018958368953
UBFC_PHYS_s15_T1_test,134,170,139.66666666666666,0.14373616874217987,0.5292603607314992
UBFC_PHYS_s15_T1_test,134,171,139.7,0.39628973603248596,0.24060085117261648
UBFC_PHYS_s15_T1_test,134,172,139.73333333333332,0.4956851303577423,-0.04166250169852069
UBFC_PHYS_s15_T1_test,134,173,139.76666666666668,0.48881030082702637,-0.31995552300561386
UBFC_PHYS_s15_T1_test,134,174,139.8,0.3790833353996277,-0.5951226155876765
UBFC_PHYS_s15_T1_test,134,175,139.83333333333334,0.18709009885787964,-0.8542596926127395
UBFC_PHYS_s15_T1_test,134,176,139.86666666666667,-0.02483242005109787,-1.0663548707990727
UBFC_PHYS_s15_T1_test,134,177,139.9,-0.20587612688541412,-1.1884856621273892
UBFC_PHYS_s15_T1_test,134,178,139.93333333333334,-0.33056938648223877,-1.1800831634300855
UBFC_PHYS_s15_T1_test,134,179,139.96666666666667,-0.3960734009742737,-1.0191197702377215
UBFC_PHYS_s15_T1_test,134,180,140.0,-0.44757673144340515,-0.7135801204796645
UBFC_PHYS_s15_T1_test,134,181,140.03333333333333,-0.567905604839325,-0.30383776683440605
UBFC_PHYS_s15_T1_test,134,182,140.06666666666666,-0.7553413510322571,0.14494524002654582
UBFC_PHYS_s15_T1_test,134,183,140.1,-0.900968074798584,0.558086672293651
UBFC_PHYS_s15_T1_test,134,184,140.13333333333333,-0.9425839781761169,0.8699635676261579
UBFC_PHYS_s15_T1_test,134,185,140.16666666666666,-0.9627063870429993,1.0404319200694252
UBFC_PHYS_s15_T1_test,134,186,140.2,-1.0542035102844238,1.063437619581826
UBFC_PHYS_s15_T1_test,134,187,140.23333333333332,-1.1695114374160767,0.9641776319425571
UBFC_PHYS_s15_T1_test,134,188,140.26666666666668,-1.1396174430847168,0.7857967471758445
UBFC_PHYS_s15_T1_test,134,189,140.3,-0.8497544527053833,0.5715787632095577
UBFC_PHYS_s15_T1_test,134,190,140.33333333333334,-0.4147474467754364,0.35078937283815803
UBFC_PHYS_s15_T1_test,134,191,140.36666666666667,-0.07676058262586594,0.1340499044818222
UBFC_PHYS_s15_T1_test,134,192,140.4,0.0521039143204689,-0.0815500946788942
UBFC_PHYS_s15_T1_test,134,193,140.43333333333334,0.03321743384003639,-0.30220181824284187
UBFC_PHYS_s15_T1_test,134,194,140.46666666666667,-0.05820239707827568,-0.5272928852368332
UBFC_PHYS_s15_T1_test,134,195,140.5,-0.17181093990802765,-0.7429063602094931
UBFC_PHYS_s15_T1_test,134,196,140.53333333333333,-0.24386151134967804,-0.9206590149394764
UBFC_PHYS_s15_T1_test,134,197,140.56666666666666,-0.25280267000198364,-1.0224908323175086
UBFC_PHYS_s15_T1_test,134,198,140.6,-0.24092619121074677,-1.0105676090191424
UBFC_PHYS_s15_T1_test,134,199,140.63333333333333,-0.26686128973960876,-0.8597321536901533
UBFC_PHYS_s15_T1_test,134,200,140.66666666666666,-0.3653104603290558,-0.5686037261408227
UBFC_PHYS_s15_T1_test,134,201,140.7,-0.5269463062286377,-0.16525303007035913
UBFC_PHYS_s15_T1_test,134,202,140.73333333333332,-0.706464409828186,0.2952309329046203
UBFC_PHYS_s15_T1_test,134,203,140.76666666666668,-0.8838775753974915,0.7414148195505748
UBFC_PHYS_s15_T1_test,134,204,140.8,-1.080968976020813,1.1017603006795482
UBFC_PHYS_s15_T1_test,134,205,140.83333333333334,-1.3273042440414429,1.321671592064279
UBFC_PHYS_s15_T1_test,134,206,140.86666666666667,-1.669867992401123,1.3760077025998774
UBFC_PHYS_s15_T1_test,134,207,140.9,-2.056577205657959,1.2729125051548487
UBFC_PHYS_s15_T1_test,134,208,140.93333333333334,-2.2270190715789795,1.047572280822079
UBFC_PHYS_s15_T1_test,134,209,140.96666666666667,-2.0106935501098633,0.7481257072261046
UBFC_PHYS_s15_T1_test,134,210,141.0,-1.6358027458190918,0.4192060927775014
UBFC_PHYS_s15_T1_test,134,211,141.03333333333333,-1.4333621263504028,0.08989195051186007
UBFC_PHYS_s15_T1_test,134,212,141.06666666666666,-1.401556372642517,-0.22891056011541658
UBFC_PHYS_s15_T1_test,134,213,141.1,-1.4070793390274048,-0.5371682422804549
UBFC_PHYS_s15_T1_test,134,214,141.13333333333333,-1.4299826622009277,-0.8333510437009662
UBFC_PHYS_s15_T1_test,134,215,141.16666666666666,-1.457269549369812,-1.1044696288878355
UBFC_PHYS_s15_T1_test,134,216,141.2,-1.397404432296753,-1.323925027227242
UBFC_PHYS_s15_T1_test,134,217,141.23333333333332,-1.2206671237945557,-1.457783076013105
UBFC_PHYS_s15_T1_test,134,218,141.26666666666668,-1.015310525894165,-1.4759640496003805
UBFC_PHYS_s15_T1_test,134,219,141.3,-0.8333011865615845,-1.3631508663844514
UBFC_PHYS_s15_T1_test,134,220,141.33333333333334,-0.649380087852478,-1.1250949797098506
UBFC_PHYS_s15_T1_test,134,221,141.36666666666667,-0.48843950033187866,-0.7885121220951686
UBFC_PHYS_s15_T1_test,134,222,141.4,-0.4238817095756531,-0.39546897819437743
UBFC_PHYS_s15_T1_test,134,223,141.43333333333334,-0.45441293716430664,0.005270226777493812
UBFC_PHYS_s15_T1_test,134,224,141.46666666666667,-0.500798761844635,0.36743888355668025
UBFC_PHYS_s15_T1_test,134,225,141.5,-0.5243392586708069,0.6550158168430321
UBFC_PHYS_s15_T1_test,134,226,141.53333333333333,-0.5769819021224976,0.8467625035045397
UBFC_PHYS_s15_T1_test,134,227,141.56666666666666,-0.718939483165741,0.9364974986647039
UBFC_PHYS_s15_T1_test,134,228,141.6,-0.8892654180526733,0.9298807991306887
UBFC_PHYS_s15_T1_test,134,229,141.63333333333333,-0.8814829587936401,0.8401917642866155
UBFC_PHYS_s15_T1_test,134,230,141.66666666666666,-0.5496370792388916,0.6856168778750364
UBFC_PHYS_s15_T1_test,134,231,141.7,-0.006988752167671919,0.48873044056674375
UBFC_PHYS_s15_T1_test,134,232,141.73333333333332,0.49580100178718567,0.27645132203960626
UBFC_PHYS_s15_T1_test,134,233,141.76666666666668,0.8066168427467346,0.07810381994059121
UBFC_PHYS_s15_T1_test,134,234,141.8,0.8958544731140137,-0.07882121819310546
UBFC_PHYS_s15_T1_test,134,235,141.83333333333334,0.8115218877792358,-0.1734450229428942
UBFC_PHYS_s15_T1_test,134,236,141.86666666666667,0.6831595301628113,-0.1950717596177023
UBFC_PHYS_s15_T1_test,134,237,141.9,0.6270408034324646,-0.14499830582664305
UBFC_PHYS_s15_T1_test,134,238,141.93333333333334,0.6454252004623413,-0.03651426209430664
UBFC_PHYS_s15_T1_test,134,239,141.96666666666667,0.6909226775169373,0.10706578253033049
UBFC_PHYS_s15_T1_test,135,0,135.0,0.5934970378875732,-0.11806585432311383
UBFC_PHYS_s15_T1_test,135,1,135.03333333333333,0.7399734258651733,-0.06110573251427729
UBFC_PHYS_s15_T1_test,135,2,135.06666666666666,0.8989829421043396,-0.07646087969048834
UBFC_PHYS_s15_T1_test,135,3,135.1,1.061719536781311,-0.21261872802452794
UBFC_PHYS_s15_T1_test,135,4,135.13333333333333,1.1662516593933105,-0.47243363492566
UBFC_PHYS_s15_T1_test,135,5,135.16666666666666,1.1813338994979858,-0.8107480628605293
UBFC_PHYS_s15_T1_test,135,6,135.2,1.1189002990722656,-1.1480672332843533
UBFC_PHYS_s15_T1_test,135,7,135.23333333333332,0.9500227570533752,-1.3945705780554534
UBFC_PHYS_s15_T1_test,135,8,135.26666666666668,0.6305940747261047,-1.4759085705324306
UBFC_PHYS_s15_T1_test,135,9,135.3,0.20603451132774353,-1.3531751333881863
UBFC_PHYS_s15_T1_test,135,10,135.33333333333334,-0.21786846220493317,-1.0325202826846547
UBFC_PHYS_s15_T1_test,135,11,135.36666666666667,-0.5770012140274048,-0.5630292672843904
UBFC_PHYS_s15_T1_test,135,12,135.4,-0.9058345556259155,-0.023738867115363167
UBFC_PHYS_s15_T1_test,135,13,135.43333333333334,-1.291346549987793,0.49711636593617337
UBFC_PHYS_s15_T1_test,135,14,135.46666666666667,-1.7446993589401245,0.9247522617696178
UBFC_PHYS_s15_T1_test,135,15,135.5,-2.1030404567718506,1.2149268154167294
UBFC_PHYS_s15_T1_test,135,16,135.53333333333333,-2.0892133712768555,1.3595711490521725
UBFC_PHYS_s15_T1_test,135,17,135.56666666666666,-1.6491082906723022,1.379343957179912
UBFC_PHYS_s15_T1_test,135,18,135.6,-1.068223476409912,1.3067483531209731
UBFC_PHYS_s15_T1_test,135,19,135.63333333333333,-0.6734806299209595,1.1678196670158807
UBFC_PHYS_s15_T1_test,135,20,135.66666666666666,-0.5207666754722595,0.9717441685836721
UBFC_PHYS_s15_T1_test,135,21,135.7,-0.5091025829315186,0.7137353087723805
UBFC_PHYS_s15_T1_test,135,22,135.73333333333332,-0.575591504573822,0.38804417546370157
UBFC_PHYS_s15_T1_test,135,23,135.76666666666668,-0.6580315828323364,0.0018165136190723872
UBFC_PHYS_s15_T1_test,135,24,135.8,-0.6689424514770508,-0.4181351741715503
UBFC_PHYS_s15_T1_test,135,25,135.83333333333334,-0.5800524353981018,-0.8276036808174047
UBFC_PHYS_s15_T1_test,135,26,135.86666666666667,-0.4126039147377014,-1.1734704470690842
UBFC_PHYS_s15_T1_test,135,27,135.9,-0.20408017933368683,-1.404374720200211
UBFC_PHYS_s15_T1_test,135,28,135.93333333333334,-0.0444527305662632,-1.4810556290391625
UBFC_PHYS_s15_T1_test,135,29,135.96666666666667,-0.022090211510658264,-1.385300414820871
UBFC_PHYS_s15_T1_test,135,30,136.0,-0.09157237410545349,-1.1259804152493444
UBFC_PHYS_s15_T1_test,135,31,136.03333333333333,-0.11899445950984955,-0.7397288366438305
UBFC_PHYS_s15_T1_test,135,32,136.06666666666666,-0.08724663406610489,-0.28456093698135587
UBFC_PHYS_s15_T1_test,135,33,136.1,-0.09696023166179657,0.17283417472027132
UBFC_PHYS_s15_T1_test,135,34,136.13333333333333,-0.20462089776992798,0.572622641249452
UBFC_PHYS_s15_T1_test,135,35,136.16666666666666,-0.3360537886619568,0.8748809988089861
UBFC_PHYS_s15_T1_test,135,36,136.2,-0.3347792327404022,1.0651548584985953
UBFC_PHYS_s15_T1_test,135,37,136.23333333333332,-0.11542186141014099,1.1503716249801776
UBFC_PHYS_s15_T1_test,135,38,136.26666666666668,0.21410664916038513,1.147536597396197
UBFC_PHYS_s15_T1_test,135,39,136.3,0.4548030495643616,1.0711565844922286
UBFC_PHYS_s15_T1_test,135,40,136.33333333333334,0.5306386351585388,0.9255277490523314
UBFC_PHYS_s15_T1_test,135,41,136.36666666666667,0.48369279503822327,0.70538430217701
UBFC_PHYS_s15_T1_test,135,42,136.4,0.36529505252838135,0.4046450639033452
UBFC_PHYS_s15_T1_test,135,43,136.43333333333334,0.2187027484178543,0.02920031698668288
UBFC_PHYS_s15_T1_test,135,44,136.46666666666667,0.112413190305233,-0.39293887059623667
UBFC_PHYS_s15_T1_test,135,45,136.5,0.09729242324829102,-0.810228751936379
UBFC_PHYS_s15_T1_test,135,46,136.53333333333333,0.13902419805526733,-1.1567261232666277
UBFC_PHYS_s15_T1_test,135,47,136.56666666666666,0.15323734283447266,-1.3684426293403722
UBFC_PHYS_s15_T1_test,135,48,136.6,0.10754673928022385,-1.4008933948128832
UBFC_PHYS_s15_T1_test,135,49,136.63333333333333,0.0062201968394219875,-1.2420894499144004
UBFC_PHYS_s15_T1_test,135,50,136.66666666666666,-0.1440991908311844,-0.9172668246774024
UBFC_PHYS_s15_T1_test,135,51,136.7,-0.30187273025512695,-0.4840362817491372
UBFC_PHYS_s15_T1_test,135,52,136.73333333333332,-0.425986647605896,-0.01869101266780802
UBFC_PHYS_s15_T1_test,135,53,136.76666666666668,-0.5708795785903931,0.40332796020450634
UBFC_PHYS_s15_T1_test,135,54,136.8,-0.7806971669197083,0.7271228748551453
UBFC_PHYS_s15_T1_test,135,55,136.83333333333334,-0.901392936706543,0.9309143585190122
UBFC_PHYS_s15_T1_test,135,56,136.86666666666667,-0.7432910799980164,1.0257088635389322
UBFC_PHYS_s15_T1_test,135,57,136.9,-0.35453474521636963,1.0415569193170136
UBFC_PHYS_s15_T1_test,135,58,136.93333333333334,0.04094196483492851,1.0071204143520724
UBFC_PHYS_s15_T1_test,135,59,136.96666666666667,0.29965582489967346,0.9334871539117554
UBFC_PHYS_s15_T1_test,135,60,137.0,0.4173777103424072,0.8107120313898237
UBFC_PHYS_s15_T1_test,135,61,137.03333333333333,0.42278486490249634,0.6179735359553892
UBFC_PHYS_s15_T1_test,135,62,137.06666666666666,0.3507149815559387,0.3404334386109159
UBFC_PHYS_s15_T1_test,135,63,137.1,0.25742197036743164,-0.01690073188408255
UBFC_PHYS_s15_T1_test,135,64,137.13333333333333,0.20784978568553925,-0.42417197927143185
UBFC_PHYS_s15_T1_test,135,65,137.16666666666666,0.23005780577659607,-0.8304636836173532
UBFC_PHYS_s15_T1_test,135,66,137.2,0.30411675572395325,-1.1734182768080998
UBFC_PHYS_s15_T1_test,135,67,137.23333333333332,0.3686552047729492,-1.391898890868928
UBFC_PHYS_s15_T1_test,135,68,137.26666666666668,0.3440139591693878,-1.4396596731733582
UBFC_PHYS_s15_T1_test,135,69,137.3,0.2161729633808136,-1.297783601596086
UBFC_PHYS_s15_T1_test,135,70,137.33333333333334,0.06311137229204178,-0.9825538930018924
UBFC_PHYS_s15_T1_test,135,71,137.36666666666667,-0.05435943976044655,-0.5449883957180666
UBFC_PHYS_s15_T1_test,135,72,137.4,-0.16653895378112793,-0.06003592067070726
UBFC_PHYS_s15_T1_test,135,73,137.43333333333334,-0.34625017642974854,0.3925823712967644
UBFC_PHYS_s15_T1_test,135,74,137.46666666666667,-0.5841657519340515,0.7494782822120201
UBFC_PHYS_s15_T1_test,135,75,137.5,-0.7357982993125916,0.9784617041367341
UBFC_PHYS_s15_T1_test,135,76,137.53333333333333,-0.628195583820343,1.0815857776040758
UBFC_PHYS_s15_T1_test,135,77,137.56666666666666,-0.2730795443058014,1.0859241780319842
UBFC_PHYS_s15_T1_test,135,78,137.6,0.14352373778820038,1.0263296481379152
UBFC_PHYS_s15_T1_test,135,79,137.63333333333333,0.4312818646430969,0.9274229519109749
UBFC_PHYS_s15_T1_test,135,80,137.66666666666666,0.537590742111206,0.7927769049832819
UBFC_PHYS_s15_T1_test,135,81,137.7,0.5270467400550842,0.6065918055136494
UBFC_PHYS_s15_T1_test,135,82,137.73333333333332,0.4786139130592346,0.3472891775427343
UBFC_PHYS_s15_T1_test,135,83,137.76666666666668,0.445591539144516,0.00634524253636449
UBFC_PHYS_s15_T1_test,135,84,137.8,0.45225396752357483,-0.39711227125409887
UBFC_PHYS_s15_T1_test,135,85,137.83333333333334,0.48216721415519714,-0.8132766480521593
UBFC_PHYS_s15_T1_test,135,86,137.86666666666667,0.5098596215248108,-1.1716107573858485
UBFC_PHYS_s15_T1_test,135,87,137.9,0.5254825353622437,-1.3993783118938898
UBFC_PHYS_s15_T1_test,135,88,137.93333333333334,0.5069243311882019,-1.4419884845471973
UBFC_PHYS_s15_T1_test,135,89,137.96666666666667,0.41168084740638733,-1.279078922301657
UBFC_PHYS_s15_T1_test,135,90,138.0,0.24154804646968842,-0.9320782670696313
UBFC_PHYS_s15_T1_test,135,91,138.03333333333333,0.07193665206432343,-0.4609366443337256
UBFC_PHYS_s15_T1_test,135,92,138.06666666666666,-0.044491350650787354,0.050104465215393065
UBFC_PHYS_s15_T1_test,135,93,138.1,-0.16700242459774017,0.5146929350846364
UBFC_PHYS_s15_T1_test,135,94,138.13333333333333,-0.39613133668899536,0.8676523426451754
UBFC_PHYS_s15_T1_test,135,95,138.16666666666666,-0.7190939784049988,1.0804107878341276
UBFC_PHYS_s15_T1_test,135,96,138.2,-0.9427384734153748,1.1617305008806023
UBFC_PHYS_s15_T1_test,135,97,138.23333333333332,-0.838746964931488,1.1435776196428287
UBFC_PHYS_s15_T1_test,135,98,138.26666666666668,-0.3897585868835449,1.0601951337612427
UBFC_PHYS_s15_T1_test,135,99,138.3,0.1375565379858017,0.9319864404331548
UBFC_PHYS_s15_T1_test,135,100,138.33333333333334,0.48506391048431396,0.7612933394229224
UBFC_PHYS_s15_T1_test,135,101,138.36666666666667,0.6174623966217041,0.53905945698888
UBFC_PHYS_s15_T1_test,135,102,138.4,0.6228116154670715,0.25627000440394604
UBFC_PHYS_s15_T1_test,135,103,138.43333333333334,0.5601656436920166,-0.08594033016854954
UBFC_PHYS_s15_T1_test,135,104,138.46666666666667,0.47936707735061646,-0.4703557197347811
UBFC_PHYS_s15_T1_test,135,105,138.5,0.44895172119140625,-0.8619789753964697
UBFC_PHYS_s15_T1_test,135,106,138.53333333333333,0.4728398323059082,-1.210553519212986
UBFC_PHYS_s15_T1_test,135,107,138.56666666666666,0.4880571663379669,-1.4580874475235812
UBFC_PHYS_s15_T1_test,135,108,138.6,0.48857855796813965,-1.5512006741939102
UBFC_PHYS_s15_T1_test,135,109,138.63333333333333,0.5011502504348755,-1.4557667296318397
UBFC_PHYS_s15_T1_test,135,110,138.66666666666666,0.4835189878940582,-1.1693975307620406
UBFC_PHYS_s15_T1_test,135,111,138.7,0.38099515438079834,-0.7269648980969753
UBFC_PHYS_s15_T1_test,135,112,138.73333333333332,0.2529996633529663,-0.19593014149347232
UBFC_PHYS_s15_T1_test,135,113,138.76666666666668,0.20070458948612213,0.33852938815101813
UBFC_PHYS_s15_T1_test,135,114,138.8,0.2031378149986267,0.7947417602751191
UBFC_PHYS_s15_T1_test,135,115,138.83333333333334,0.1736687272787094,1.1152881528039549
UBFC_PHYS_s15_T1_test,135,116,138.86666666666667,0.09877939522266388,1.2798077403578267
UBFC_PHYS_s15_T1_test,135,117,138.9,0.07765280455350876,1.304626118093684
UBFC_PHYS_s15_T1_test,135,118,138.93333333333334,0.28992292284965515,1.2287904658105089
UBFC_PHYS_s15_T1_test,135,119,138.96666666666667,0.8351203799247742,1.0924446818231808
UBFC_PHYS_s15_T1_test,135,120,139.0,1.5638912916183472,0.9185258882010676
UBFC_PHYS_s15_T1_test,135,121,139.03333333333333,2.1921274662017822,0.707635928001792
UBFC_PHYS_s15_T1_test,135,122,139.06666666666666,2.5911574363708496,0.44741678237024757
UBFC_PHYS_s15_T1_test,135,123,139.1,2.806053876876831,0.12871282846640328
UBFC_PHYS_s15_T1_test,135,124,139.13333333333333,2.9124207496643066,-0.24147459600902596
UBFC_PHYS_s15_T1_test,135,125,139.16666666666666,2.9130773544311523,-0.6358808283230528
UBFC_PHYS_s15_T1_test,135,126,139.2,2.742384433746338,-1.0110791265106356
UBFC_PHYS_s15_T1_test,135,127,139.23333333333332,2.3861098289489746,-1.3156607060478207
UBFC_PHYS_s15_T1_test,135,128,139.26666666666668,1.940423607826233,-1.4993823023298833
UBFC_PHYS_s15_T1_test,135,129,139.3,1.5065945386886597,-1.522680761458125
UBFC_PHYS_s15_T1_test,135,130,139.33333333333334,1.1319934129714966,-1.3663467393107767
UBFC_PHYS_s15_T1_test,135,131,139.36666666666667,0.862967312335968,-1.0394884044335109
UBFC_PHYS_s15_T1_test,135,132,139.4,0.6797606945037842,-0.5823667524941488
UBFC_PHYS_s15_T1_test,135,133,139.43333333333334,0.46496081352233887,-0.061033460008223184
UBFC_PHYS_s15_T1_test,135,134,139.46666666666667,0.1729349046945572,0.44652585436200243
UBFC_PHYS_s15_T1_test,135,135,139.5,-0.11764266341924667,0.8690106809643531
UBFC_PHYS_s15_T1_test,135,136,139.53333333333333,-0.3686513304710388,1.1584443997444314
UBFC_PHYS_s15_T1_test,135,137,139.56666666666666,-0.5544263124465942,1.2984492862445354
UBFC_PHYS_s15_T1_test,135,138,139.6,-0.5308858156204224,1.3018228243681023
UBFC_PHYS_s15_T1_test,135,139,139.63333333333333,-0.23573143780231476,1.1997001357282555
UBFC_PHYS_s15_T1_test,135,140,139.66666666666666,0.14373616874217987,1.0268735011058268
UBFC_PHYS_s15_T1_test,135,141,139.7,0.39628973603248596,0.8085691506611107
UBFC_PHYS_s15_T1_test,135,142,139.73333333333332,0.4956851303577423,0.5542362909692408
UBFC_PHYS_s15_T1_test,135,143,139.76666666666668,0.48881030082702637,0.2617166575628371
UBFC_PHYS_s15_T1_test,135,144,139.8,0.3790833353996277,-0.07041463817215314
UBFC_PHYS_s15_T1_test,135,145,139.83333333333334,0.18709009885787964,-0.42964021197646146
UBFC_PHYS_s15_T1_test,135,146,139.86666666666667,-0.02483242005109787,-0.783125721727485
UBFC_PHYS_s15_T1_test,135,147,139.9,-0.20587612688541412,-1.0817620553540246
UBFC_PHYS_s15_T1_test,135,148,139.93333333333334,-0.33056938648223877,-1.2726316388850185
UBFC_PHYS_s15_T1_test,135,149,139.96666666666667,-0.3960734009742737,-1.3142930843410523
UBFC_PHYS_s15_T1_test,135,150,140.0,-0.44757673144340515,-1.1892978408443615
UBFC_PHYS_s15_T1_test,135,151,140.03333333333333,-0.567905604839325,-0.9105374921118824
UBFC_PHYS_s15_T1_test,135,152,140.06666666666666,-0.7553413510322571,-0.52010308954399
UBFC_PHYS_s15_T1_test,135,153,140.1,-0.900968074798584,-0.0807600660866059
UBFC_PHYS_s15_T1_test,135,154,140.13333333333333,-0.9425839781761169,0.33847994896669054
UBFC_PHYS_s15_T1_test,135,155,140.16666666666666,-0.9627063870429993,0.679181205098925
UBFC_PHYS_s15_T1_test,135,156,140.2,-1.0542035102844238,0.9069994593399113
UBFC_PHYS_s15_T1_test,135,157,140.23333333333332,-1.1695114374160767,1.0161966470463641
UBFC_PHYS_s15_T1_test,135,158,140.26666666666668,-1.1396174430847168,1.0231991812458738
UBFC_PHYS_s15_T1_test,135,159,140.3,-0.8497544527053833,0.9529139484221808
UBFC_PHYS_s15_T1_test,135,160,140.33333333333334,-0.4147474467754364,0.8254932709521811
UBFC_PHYS_s15_T1_test,135,161,140.36666666666667,-0.07676058262586594,0.6503579436498852
UBFC_PHYS_s15_T1_test,135,162,140.4,0.0521039143204689,0.4286915647089401
UBFC_PHYS_s15_T1_test,135,163,140.43333333333334,0.03321743384003639,0.1604053358060382
UBFC_PHYS_s15_T1_test,135,164,140.46666666666667,-0.05820239707827568,-0.14892896449354034
UBFC_PHYS_s15_T1_test,135,165,140.5,-0.17181093990802765,-0.4832452377146485
UBFC_PHYS_s15_T1_test,135,166,140.53333333333333,-0.24386151134967804,-0.8136950361239055
UBFC_PHYS_s15_T1_test,135,167,140.56666666666666,-0.25280267000198364,-1.0994129130437265
UBFC_PHYS_s15_T1_test,135,168,140.6,-0.24092619121074677,-1.2923931960270882
UBFC_PHYS_s15_T1_test,135,169,140.63333333333333,-0.26686128973960876,-1.34706476663936
UBFC_PHYS_s15_T1_test,135,170,140.66666666666666,-0.3653104603290558,-1.2330805941616358
UBFC_PHYS_s15_T1_test,135,171,140.7,-0.5269463062286377,-0.9473946896094129
UBFC_PHYS_s15_T1_test,135,172,140.73333333333332,-0.706464409828186,-0.5206687816822355
UBFC_PHYS_s15_T1_test,135,173,140.76666666666668,-0.8838775753974915,-0.01428013096439508
UBFC_PHYS_s15_T1_test,135,174,140.8,-1.080968976020813,0.4925770344322211
UBFC_PHYS_s15_T1_test,135,175,140.83333333333334,-1.3273042440414429,0.9222093732804617
UBFC_PHYS_s15_T1_test,135,176,140.86666666666667,-1.669867992401123,1.2176483282010029
UBFC_PHYS_s15_T1_test,135,177,140.9,-2.056577205657959,1.3548505053323419
UBFC_PHYS_s15_T1_test,135,178,140.93333333333334,-2.2270190715789795,1.3436422877359706
UBFC_PHYS_s15_T1_test,135,179,140.96666666666667,-2.0106935501098633,1.217618013175782
UBFC_PHYS_s15_T1_test,135,180,141.0,-1.6358027458190918,1.0174105381118284
UBFC_PHYS_s15_T1_test,135,181,141.03333333333333,-1.4333621263504028,0.7745338685237826
UBFC_PHYS_s15_T1_test,135,182,141.06666666666666,-1.401556372642517,0.5032558625311944
UBFC_PHYS_s15_T1_test,135,183,141.1,-1.4070793390274048,0.20413988510515235
UBFC_PHYS_s15_T1_test,135,184,141.13333333333333,-1.4299826622009277,-0.1241070501264309
UBFC_PHYS_s15_T1_test,135,185,141.16666666666666,-1.457269549369812,-0.4726124861477173
UBFC_PHYS_s15_T1_test,135,186,141.2,-1.397404432296753,-0.816753183517574
UBFC_PHYS_s15_T1_test,135,187,141.23333333333332,-1.2206671237945557,-1.1184868301890838
UBFC_PHYS_s15_T1_test,135,188,141.26666666666668,-1.015310525894165,-1.3341834642450061
UBFC_PHYS_s15_T1_test,135,189,141.3,-0.8333011865615845,-1.4245279913518512
UBFC_PHYS_s15_T1_test,135,190,141.33333333333334,-0.649380087852478,-1.3639992485565926
UBFC_PHYS_s15_T1_test,135,191,141.36666666666667,-0.48843950033187866,-1.1484274828380285
UBFC_PHYS_s15_T1_test,135,192,141.4,-0.4238817095756531,-0.7990310043335728
UBFC_PHYS_s15_T1_test,135,193,141.43333333333334,-0.45441293716430664,-0.3609594216776504
UBFC_PHYS_s15_T1_test,135,194,141.46666666666667,-0.500798761844635,0.10479537788471732
UBFC_PHYS_s15_T1_test,135,195,141.5,-0.5243392586708069,0.5347433205126765
UBFC_PHYS_s15_T1_test,135,196,141.53333333333333,-0.5769819021224976,0.8770070658640368
UBFC_PHYS_s15_T1_test,135,197,141.56666666666666,-0.718939483165741,1.100562753865985
UBFC_PHYS_s15_T1_test,135,198,141.6,-0.8892654180526733,1.1963861395213553
UBFC_PHYS_s15_T1_test,135,199,141.63333333333333,-0.8814829587936401,1.171748960872759
UBFC_PHYS_s15_T1_test,135,200,141.66666666666666,-0.5496370792388916,1.0423539758133558
UBFC_PHYS_s15_T1_test,135,201,141.7,-0.006988752167671919,0.8268886084250481
UBFC_PHYS_s15_T1_test,135,202,141.73333333333332,0.49580100178718567,0.5450874850078713
UBFC_PHYS_s15_T1_test,135,203,141.76666666666668,0.8066168427467346,0.21748968077386074
UBFC_PHYS_s15_T1_test,135,204,141.8,0.8958544731140137,-0.13433393124216572
UBFC_PHYS_s15_T1_test,135,205,141.83333333333334,0.8115218877792358,-0.48671976193202177
UBFC_PHYS_s15_T1_test,135,206,141.86666666666667,0.6831595301628113,-0.8122233878165986
UBFC_PHYS_s15_T1_test,135,207,141.9,0.6270408034324646,-1.079069502371376
UBFC_PHYS_s15_T1_test,135,208,141.93333333333334,0.6454252004623413,-1.253587158824407
UBFC_PHYS_s15_T1_test,135,209,141.96666666666667,0.6909226775169373,-1.305933685273245
UBFC_PHYS_s15_T1_test,135,210,142.0,0.7449944019317627,-1.2175010252751186
UBFC_PHYS_s15_T1_test,135,211,142.03333333333333,0.7861468195915222,-0.9873114282505364
UBFC_PHYS_s15_T1_test,135,212,142.06666666666666,0.7561756372451782,-0.6349972689899172
UBFC_PHYS_s15_T1_test,135,213,142.1,0.6148746609687805,-0.19921653535087863
UBFC_PHYS_s15_T1_test,135,214,142.13333333333333,0.4243490993976593,0.26823866208222896
UBFC_PHYS_s15_T1_test,135,215,142.16666666666666,0.29899924993515015,0.7114106746003145
UBFC_PHYS_s15_T1_test,135,216,142.2,0.22868670523166656,1.0804671094723788
UBFC_PHYS_s15_T1_test,135,217,142.23333333333332,0.0775369331240654,1.340851770139425
UBFC_PHYS_s15_T1_test,135,218,142.26666666666668,-0.15508733689785004,1.4780490456157929
UBFC_PHYS_s15_T1_test,135,219,142.3,-0.19672255218029022,1.4956899511220563
UBFC_PHYS_s15_T1_test,135,220,142.33333333333334,0.18660731613636017,1.408239836816614
UBFC_PHYS_s15_T1_test,135,221,142.36666666666667,0.8716573715209961,1.232846366768923
UBFC_PHYS_s15_T1_test,135,222,142.4,1.486781120300293,0.9850276531250015
UBFC_PHYS_s15_T1_test,135,223,142.43333333333334,1.8124281167984009,0.6796708289111154
UBFC_PHYS_s15_T1_test,135,224,142.46666666666667,1.9392262697219849,0.33472993017491676
UBFC_PHYS_s15_T1_test,135,225,142.5,2.0262045860290527,-0.026436565430589358
UBFC_PHYS_s15_T1_test,135,226,142.53333333333333,2.091689109802246,-0.3757190732954734
UBFC_PHYS_s15_T1_test,135,227,142.56666666666666,2.064730644226074,-0.6826498334764247
UBFC_PHYS_s15_T1_test,135,228,142.6,1.9330466985702515,-0.9173111690422396
UBFC_PHYS_s15_T1_test,135,229,142.63333333333333,1.8218133449554443,-1.054122583587592
UBFC_PHYS_s15_T1_test,135,230,142.66666666666666,1.8571338653564453,-1.0771799943257048
UBFC_PHYS_s15_T1_test,135,231,142.7,1.9531497955322266,-0.9863644944425689
UBFC_PHYS_s15_T1_test,135,232,142.73333333333332,1.9433202743530273,-0.8015551314070813
UBFC_PHYS_s15_T1_test,135,233,142.76666666666668,1.8226244449615479,-0.5618260291176147
UBFC_PHYS_s15_T1_test,135,234,142.8,1.6322534084320068,-0.3183391657549491
UBFC_PHYS_s15_T1_test,135,235,142.83333333333334,1.3343760967254639,-0.12247095824418124
UBFC_PHYS_s15_T1_test,135,236,142.86666666666667,0.9379724860191345,-0.0126893991221724
UBFC_PHYS_s15_T1_test,135,237,142.9,0.49025866389274597,-0.004207640141417142
UBFC_PHYS_s15_T1_test,135,238,142.93333333333334,0.06272514164447784,-0.08466935118926874
UBFC_PHYS_s15_T1_test,135,239,142.96666666666667,-0.14964154362678528,-0.2173995481351734
UBFC_PHYS_s15_T1_test,136,0,136.0,-0.09157237410545349,0.03321888640315632
UBFC_PHYS_s15_T1_test,136,1,136.03333333333333,-0.11899445950984955,0.9307576127563767
UBFC_PHYS_s15_T1_test,136,2,136.06666666666666,-0.08724663406610489,1.6973249606365217
UBFC_PHYS_s15_T1_test,136,3,136.1,-0.09696023166179657,2.2355004983658304
UBFC_PHYS_s15_T1_test,136,4,136.13333333333333,-0.20462089776992798,2.499435008905961
UBFC_PHYS_s15_T1_test,136,5,136.16666666666666,-0.3360537886619568,2.500328972645288
UBFC_PHYS_s15_T1_test,136,6,136.2,-0.3347792327404022,2.2938809131665887
UBFC_PHYS_s15_T1_test,136,7,136.23333333333332,-0.11542186141014099,1.9563606261618236
UBFC_PHYS_s15_T1_test,136,8,136.26666666666668,0.21410664916038513,1.5597611486812089
UBFC_PHYS_s15_T1_test,136,9,136.3,0.4548030495643616,1.1544030527270477
UBFC_PHYS_s15_T1_test,136,10,136.33333333333334,0.5306386351585388,0.7625997717631084
UBFC_PHYS_s15_T1_test,136,11,136.36666666666667,0.48369279503822327,0.3828083499283635
UBFC_PHYS_s15_T1_test,136,12,136.4,0.36529505252838135,0.0015813910866128225
UBFC_PHYS_s15_T1_test,136,13,136.43333333333334,0.2187027484178543,-0.3906138259481473
UBFC_PHYS_s15_T1_test,136,14,136.46666666666667,0.112413190305233,-0.7852290969623746
UBFC_PHYS_s15_T1_test,136,15,136.5,0.09729242324829102,-1.1491150289272447
UBFC_PHYS_s15_T1_test,136,16,136.53333333333333,0.13902419805526733,-1.4292729956708674
UBFC_PHYS_s15_T1_test,136,17,136.56666666666666,0.15323734283447266,-1.5679482664202076
UBFC_PHYS_s15_T1_test,136,18,136.6,0.10754673928022385,-1.5225853680336532
UBFC_PHYS_s15_T1_test,136,19,136.63333333333333,0.0062201968394219875,-1.2829723048003616
UBFC_PHYS_s15_T1_test,136,20,136.66666666666666,-0.1440991908311844,-0.879144737740571
UBFC_PHYS_s15_T1_test,136,21,136.7,-0.30187273025512695,-0.3771265685509963
UBFC_PHYS_s15_T1_test,136,22,136.73333333333332,-0.425986647605896,0.1365044272958008
UBFC_PHYS_s15_T1_test,136,23,136.76666666666668,-0.5708795785903931,0.5767663419019958
UBFC_PHYS_s15_T1_test,136,24,136.8,-0.7806971669197083,0.8821395824878722
UBFC_PHYS_s15_T1_test,136,25,136.83333333333334,-0.901392936706543,1.0284641614356407
UBFC_PHYS_s15_T1_test,136,26,136.86666666666667,-0.7432910799980164,1.0293181210707933
UBFC_PHYS_s15_T1_test,136,27,136.9,-0.35453474521636963,0.9226784550069319
UBFC_PHYS_s15_T1_test,136,28,136.93333333333334,0.04094196483492851,0.750520182165815
UBFC_PHYS_s15_T1_test,136,29,136.96666666666667,0.29965582489967346,0.541784811022226
UBFC_PHYS_s15_T1_test,136,30,137.0,0.4173777103424072,0.3065858461957838
UBFC_PHYS_s15_T1_test,136,31,137.03333333333333,0.42278486490249634,0.04251653736572979
UBFC_PHYS_s15_T1_test,136,32,137.06666666666666,0.3507149815559387,-0.2527590227854326
UBFC_PHYS_s15_T1_test,136,33,137.1,0.25742197036743164,-0.5705256322539639
UBFC_PHYS_s15_T1_test,136,34,137.13333333333333,0.20784978568553925,-0.8861795573468529
UBFC_PHYS_s15_T1_test,136,35,137.16666666666666,0.23005780577659607,-1.160559929858463
UBFC_PHYS_s15_T1_test,136,36,137.2,0.30411675572395325,-1.346007948597858
UBFC_PHYS_s15_T1_test,136,37,137.23333333333332,0.3686552047729492,-1.3963218105963153
UBFC_PHYS_s15_T1_test,136,38,137.26666666666668,0.3440139591693878,-1.2795581425940608
UBFC_PHYS_s15_T1_test,136,39,137.3,0.2161729633808136,-0.9907605278182594
UBFC_PHYS_s15_T1_test,136,40,137.33333333333334,0.06311137229204178,-0.5595283689516982
UBFC_PHYS_s15_T1_test,136,41,137.36666666666667,-0.05435943976044655,-0.04752733511740891
UBFC_PHYS_s15_T1_test,136,42,137.4,-0.16653895378112793,0.46509740245758147
UBFC_PHYS_s15_T1_test,136,43,137.43333333333334,-0.34625017642974854,0.9001229237481232
UBFC_PHYS_s15_T1_test,136,44,137.46666666666667,-0.5841657519340515,1.200821626716261
UBFC_PHYS_s15_T1_test,136,45,137.5,-0.7357982993125916,1.3434854224416755
UBFC_PHYS_s15_T1_test,136,46,137.53333333333333,-0.628195583820343,1.3375041232161666
UBFC_PHYS_s15_T1_test,136,47,137.56666666666666,-0.2730795443058014,1.2153572213102561
UBFC_PHYS_s15_T1_test,136,48,137.6,0.14352373778820038,1.0171197528972318
UBFC_PHYS_s15_T1_test,136,49,137.63333333333333,0.4312818646430969,0.775358752949762
UBFC_PHYS_s15_T1_test,136,50,137.66666666666666,0.537590742111206,0.5060034082093399
UBFC_PHYS_s15_T1_test,136,51,137.7,0.5270467400550842,0.20877912608474872
UBFC_PHYS_s15_T1_test,136,52,137.73333333333332,0.4786139130592346,-0.12286011682567999
UBFC_PHYS_s15_T1_test,136,53,137.76666666666668,0.445591539144516,-0.4866750525848617
UBFC_PHYS_s15_T1_test,136,54,137.8,0.45225396752357483,-0.858918259549576
UBFC_PHYS_s15_T1_test,136,55,137.83333333333334,0.48216721415519714,-1.1910216598379615
UBFC_PHYS_s15_T1_test,136,56,137.86666666666667,0.5098596215248108,-1.4184110157138095
UBFC_PHYS_s15_T1_test,136,57,137.9,0.5254825353622437,-1.4786141349672615
UBFC_PHYS_s15_T1_test,136,58,137.93333333333334,0.5069243311882019,-1.332286968033352
UBFC_PHYS_s15_T1_test,136,59,137.96666666666667,0.41168084740638733,-0.9798798468942248
UBFC_PHYS_s15_T1_test,136,60,138.0,0.24154804646968842,-0.4677784928798101
UBFC_PHYS_s15_T1_test,136,61,138.03333333333333,0.07193665206432343,0.11933581439379887
UBFC_PHYS_s15_T1_test,136,62,138.06666666666666,-0.044491350650787354,0.678786947342545
UBFC_PHYS_s15_T1_test,136,63,138.1,-0.16700242459774017,1.1170285769467616
UBFC_PHYS_s15_T1_test,136,64,138.13333333333333,-0.39613133668899536,1.3744160151660096
UBFC_PHYS_s15_T1_test,136,65,138.16666666666666,-0.7190939784049988,1.4383133227663734
UBFC_PHYS_s15_T1_test,136,66,138.2,-0.9427384734153748,1.339246811521668
UBFC_PHYS_s15_T1_test,136,67,138.23333333333332,-0.838746964931488,1.132181827886274
UBFC_PHYS_s15_T1_test,136,68,138.26666666666668,-0.3897585868835449,0.872454001417784
UBFC_PHYS_s15_T1_test,136,69,138.3,0.1375565379858017,0.5979890405918958
UBFC_PHYS_s15_T1_test,136,70,138.33333333333334,0.48506391048431396,0.3239467466356337
UBFC_PHYS_s15_T1_test,136,71,138.36666666666667,0.6174623966217041,0.04804597835680177
UBFC_PHYS_s15_T1_test,136,72,138.4,0.6228116154670715,-0.23909989581519686
UBFC_PHYS_s15_T1_test,136,73,138.43333333333334,0.5601656436920166,-0.5435120440558876
UBFC_PHYS_s15_T1_test,136,74,138.46666666666667,0.47936707735061646,-0.8594473954753711
UBFC_PHYS_s15_T1_test,136,75,138.5,0.44895172119140625,-1.16386518272334
UBFC_PHYS_s15_T1_test,136,76,138.53333333333333,0.4728398323059082,-1.41543992356714
UBFC_PHYS_s15_T1_test,136,77,138.56666666666666,0.4880571663379669,-1.560600981993684
UBFC_PHYS_s15_T1_test,136,78,138.6,0.48857855796813965,-1.5472223170312096
UBFC_PHYS_s15_T1_test,136,79,138.63333333333333,0.5011502504348755,-1.3427083325579414
UBFC_PHYS_s15_T1_test,136,80,138.66666666666666,0.4835189878940582,-0.9498654306048441
UBFC_PHYS_s15_T1_test,136,81,138.7,0.38099515438079834,-0.4134694801063453
UBFC_PHYS_s15_T1_test,136,82,138.73333333333332,0.2529996633529663,0.1863764241092312
UBFC_PHYS_s15_T1_test,136,83,138.76666666666668,0.20070458948612213,0.7528131122419031
UBFC_PHYS_s15_T1_test,136,84,138.8,0.2031378149986267,1.1968468124440628
UBFC_PHYS_s15_T1_test,136,85,138.83333333333334,0.1736687272787094,1.459866674544241
UBFC_PHYS_s15_T1_test,136,86,138.86666666666667,0.09877939522266388,1.5265514262126607
UBFC_PHYS_s15_T1_test,136,87,138.9,0.07765280455350876,1.423753240103572
UBFC_PHYS_s15_T1_test,136,88,138.93333333333334,0.28992292284965515,1.2055995337744794
UBFC_PHYS_s15_T1_test,136,89,138.96666666666667,0.8351203799247742,0.9305507581456332
UBFC_PHYS_s15_T1_test,136,90,139.0,1.5638912916183472,0.6405789367482869
UBFC_PHYS_s15_T1_test,136,91,139.03333333333333,2.1921274662017822,0.3520419365045653
UBFC_PHYS_s15_T1_test,136,92,139.06666666666666,2.5911574363708496,0.06092251634223774
UBFC_PHYS_s15_T1_test,136,93,139.1,2.806053876876831,-0.24293514410433775
UBFC_PHYS_s15_T1_test,136,94,139.13333333333333,2.9124207496643066,-0.5612080836644975
UBFC_PHYS_s15_T1_test,136,95,139.16666666666666,2.9130773544311523,-0.8785376787785153
UBFC_PHYS_s15_T1_test,136,96,139.2,2.742384433746338,-1.1618641725975392
UBFC_PHYS_s15_T1_test,136,97,139.23333333333332,2.3861098289489746,-1.3660780066853582
UBFC_PHYS_s15_T1_test,136,98,139.26666666666668,1.940423607826233,-1.4439291131225436
UBFC_PHYS_s15_T1_test,136,99,139.3,1.5065945386886597,-1.358696444384941
UBFC_PHYS_s15_T1_test,136,100,139.33333333333334,1.1319934129714966,-1.0973546482594108
UBFC_PHYS_s15_T1_test,136,101,139.36666666666667,0.862967312335968,-0.6802564521003401
UBFC_PHYS_s15_T1_test,136,102,139.4,0.6797606945037842,-0.16262763740700253
UBFC_PHYS_s15_T1_test,136,103,139.43333333333334,0.46496081352233887,0.37494691918469814
UBFC_PHYS_s15_T1_test,136,104,139.46666666666667,0.1729349046945572,0.845437699775856
UBFC_PHYS_s15_T1_test,136,105,139.5,-0.11764266341924667,1.1775431215856094
UBFC_PHYS_s15_T1_test,136,106,139.53333333333333,-0.3686513304710388,1.3331557255278679
UBFC_PHYS_s15_T1_test,136,107,139.56666666666666,-0.5544263124465942,1.3140204235121766
UBFC_PHYS_s15_T1_test,136,108,139.6,-0.5308858156204224,1.1559698962416207
UBFC_PHYS_s15_T1_test,136,109,139.63333333333333,-0.23573143780231476,0.9136036786916303
UBFC_PHYS_s15_T1_test,136,110,139.66666666666666,0.14373616874217987,0.6407908137588157
UBFC_PHYS_s15_T1_test,136,111,139.7,0.39628973603248596,0.3734964651422662
UBFC_PHYS_s15_T1_test,136,112,139.73333333333332,0.4956851303577423,0.12165867835273163
UBFC_PHYS_s15_T1_test,136,113,139.76666666666668,0.48881030082702637,-0.12581117370122555
UBFC_PHYS_s15_T1_test,136,114,139.8,0.3790833353996277,-0.38511035636025565
UBFC_PHYS_s15_T1_test,136,115,139.83333333333334,0.18709009885787964,-0.6589437033276976
UBFC_PHYS_s15_T1_test,136,116,139.86666666666667,-0.02483242005109787,-0.924866467655987
UBFC_PHYS_s15_T1_test,136,117,139.9,-0.20587612688541412,-1.13648722328907
UBFC_PHYS_s15_T1_test,136,118,139.93333333333334,-0.33056938648223877,-1.2371229647635065
UBFC_PHYS_s15_T1_test,136,119,139.96666666666667,-0.3960734009742737,-1.180050772826227
UBFC_PHYS_s15_T1_test,136,120,140.0,-0.44757673144340515,-0.9474016543577664
UBFC_PHYS_s15_T1_test,136,121,140.03333333333333,-0.567905604839325,-0.560879020121254
UBFC_PHYS_s15_T1_test,136,122,140.06666666666666,-0.7553413510322571,-0.08045008329445989
UBFC_PHYS_s15_T1_test,136,123,140.1,-0.900968074798584,0.4091398410975502
UBFC_PHYS_s15_T1_test,136,124,140.13333333333333,-0.9425839781761169,0.8204534158952151
UBFC_PHYS_s15_T1_test,136,125,140.16666666666666,-0.9627063870429993,1.0872759552936413
UBFC_PHYS_s15_T1_test,136,126,140.2,-1.0542035102844238,1.1819142236201232
UBFC_PHYS_s15_T1_test,136,127,140.23333333333332,-1.1695114374160767,1.1189939364116293
UBFC_PHYS_s15_T1_test,136,128,140.26666666666668,-1.1396174430847168,0.9442086326357201
UBFC_PHYS_s15_T1_test,136,129,140.3,-0.8497544527053833,0.713335573087215
UBFC_PHYS_s15_T1_test,136,130,140.33333333333334,-0.4147474467754364,0.47146154482139685
UBFC_PHYS_s15_T1_test,136,131,140.36666666666667,-0.07676058262586594,0.24141441706607622
UBFC_PHYS_s15_T1_test,136,132,140.4,0.0521039143204689,0.02404654798489261
UBFC_PHYS_s15_T1_test,136,133,140.43333333333334,0.03321743384003639,-0.19320631288698295
UBFC_PHYS_s15_T1_test,136,134,140.46666666666667,-0.05820239707827568,-0.42447498995497307
UBFC_PHYS_s15_T1_test,136,135,140.5,-0.17181093990802765,-0.6738028652611121
UBFC_PHYS_s15_T1_test,136,136,140.53333333333333,-0.24386151134967804,-0.9264896204092918
UBFC_PHYS_s15_T1_test,136,137,140.56666666666666,-0.25280267000198364,-1.1464608573699082
UBFC_PHYS_s15_T1_test,136,138,140.6,-0.24092619121074677,-1.282061664072873
UBFC_PHYS_s15_T1_test,136,139,140.63333333333333,-0.26686128973960876,-1.2802086050708679
UBFC_PHYS_s15_T1_test,136,140,140.66666666666666,-0.3653104603290558,-1.1050722988342727
UBFC_PHYS_s15_T1_test,136,141,140.7,-0.5269463062286377,-0.7545668904045886
UBFC_PHYS_s15_T1_test,136,142,140.73333333333332,-0.706464409828186,-0.2679005525658898
UBFC_PHYS_s15_T1_test,136,143,140.76666666666668,-0.8838775753974915,0.2796717260186786
UBFC_PHYS_s15_T1_test,136,144,140.8,-1.080968976020813,0.7942601114708147
UBFC_PHYS_s15_T1_test,136,145,140.83333333333334,-1.3273042440414429,1.1878228415354568
UBFC_PHYS_s15_T1_test,136,146,140.86666666666667,-1.669867992401123,1.4017462719322253
UBFC_PHYS_s15_T1_test,136,147,140.9,-2.056577205657959,1.4213353469401016
UBFC_PHYS_s15_T1_test,136,148,140.93333333333334,-2.2270190715789795,1.2758153527075549
UBFC_PHYS_s15_T1_test,136,149,140.96666666666667,-2.0106935501098633,1.0236094347153104
UBFC_PHYS_s15_T1_test,136,150,141.0,-1.6358027458190918,0.7285701539888632
UBFC_PHYS_s15_T1_test,136,151,141.03333333333333,-1.4333621263504028,0.43709550716851986
UBFC_PHYS_s15_T1_test,136,152,141.06666666666666,-1.401556372642517,0.1662611438968159
UBFC_PHYS_s15_T1_test,136,153,141.1,-1.4070793390274048,-0.09212061430410347
UBFC_PHYS_s15_T1_test,136,154,141.13333333333333,-1.4299826622009277,-0.35537840935923004
UBFC_PHYS_s15_T1_test,136,155,141.16666666666666,-1.457269549369812,-0.6317635387505492
UBFC_PHYS_s15_T1_test,136,156,141.2,-1.397404432296753,-0.9090533457858501
UBFC_PHYS_s15_T1_test,136,157,141.23333333333332,-1.2206671237945557,-1.1534091744065496
UBFC_PHYS_s15_T1_test,136,158,141.26666666666668,-1.015310525894165,-1.3171344316718077
UBFC_PHYS_s15_T1_test,136,159,141.3,-0.8333011865615845,-1.3518649190243435
UBFC_PHYS_s15_T1_test,136,160,141.33333333333334,-0.649380087852478,-1.2235861859994586
UBFC_PHYS_s15_T1_test,136,161,141.36666666666667,-0.48843950033187866,-0.925956646179427
UBFC_PHYS_s15_T1_test,136,162,141.4,-0.4238817095756531,-0.4878530464215614
UBFC_PHYS_s15_T1_test,136,163,141.43333333333334,-0.45441293716430664,0.028701701220433796
UBFC_PHYS_s15_T1_test,136,164,141.46666666666667,-0.500798761844635,0.5414282552780512
UBFC_PHYS_s15_T1_test,136,165,141.5,-0.5243392586708069,0.968287892314307
UBFC_PHYS_s15_T1_test,136,166,141.53333333333333,-0.5769819021224976,1.2484476525549795
UBFC_PHYS_s15_T1_test,136,167,141.56666666666666,-0.718939483165741,1.3557355423683262
UBFC_PHYS_s15_T1_test,136,168,141.6,-0.8892654180526733,1.2999392832396721
UBFC_PHYS_s15_T1_test,136,169,141.63333333333333,-0.8814829587936401,1.1169256926117257
UBFC_PHYS_s15_T1_test,136,170,141.66666666666666,-0.5496370792388916,0.8532227289446547
UBFC_PHYS_s15_T1_test,136,171,141.7,-0.006988752167671919,0.5518434518248013
UBFC_PHYS_s15_T1_test,136,172,141.73333333333332,0.49580100178718567,0.2435596311981441
UBFC_PHYS_s15_T1_test,136,173,141.76666666666668,0.8066168427467346,-0.05541060083757097
UBFC_PHYS_s15_T1_test,136,174,141.8,0.8958544731140137,-0.3397488608855233
UBFC_PHYS_s15_T1_test,136,175,141.83333333333334,0.8115218877792358,-0.6068545412922748
UBFC_PHYS_s15_T1_test,136,176,141.86666666666667,0.6831595301628113,-0.8477424730789563
UBFC_PHYS_s15_T1_test,136,177,141.9,0.6270408034324646,-1.0419916476688382
UBFC_PHYS_s15_T1_test,136,178,141.93333333333334,0.6454252004623413,-1.1599698517381287
UBFC_PHYS_s15_T1_test,136,179,141.96666666666667,0.6909226775169373,-1.1716141699077391
UBFC_PHYS_s15_T1_test,136,180,142.0,0.7449944019317627,-1.057549760525265
UBFC_PHYS_s15_T1_test,136,181,142.03333333333333,0.7861468195915222,-0.8174978160726332
UBFC_PHYS_s15_T1_test,136,182,142.06666666666666,0.7561756372451782,-0.47312314329309535
UBFC_PHYS_s15_T1_test,136,183,142.1,0.6148746609687805,-0.06547478582961132
UBFC_PHYS_s15_T1_test,136,184,142.13333333333333,0.4243490993976593,0.3514186976387317
UBFC_PHYS_s15_T1_test,136,185,142.16666666666666,0.29899924993515015,0.7195776104549447
UBFC_PHYS_s15_T1_test,136,186,142.2,0.22868670523166656,0.9880933340898617
UBFC_PHYS_s15_T1_test,136,187,142.23333333333332,0.0775369331240654,1.1244949408538758
UBFC_PHYS_s15_T1_test,136,188,142.26666666666668,-0.15508733689785004,1.122310578120201
UBFC_PHYS_s15_T1_test,136,189,142.3,-0.19672255218029022,1.0002839087533402
UBFC_PHYS_s15_T1_test,136,190,142.33333333333334,0.18660731613636017,0.7927899647777825
UBFC_PHYS_s15_T1_test,136,191,142.36666666666667,0.8716573715209961,0.5364162907308548
UBFC_PHYS_s15_T1_test,136,192,142.4,1.486781120300293,0.2597906518257123
UBFC_PHYS_s15_T1_test,136,193,142.43333333333334,1.8124281167984009,-0.01895166005522711
UBFC_PHYS_s15_T1_test,136,194,142.46666666666667,1.9392262697219849,-0.28812131696254206
UBFC_PHYS_s15_T1_test,136,195,142.5,2.0262045860290527,-0.5365102339137037
UBFC_PHYS_s15_T1_test,136,196,142.53333333333333,2.091689109802246,-0.7491864911944697
UBFC_PHYS_s15_T1_test,136,197,142.56666666666666,2.064730644226074,-0.9059767930368662
UBFC_PHYS_s15_T1_test,136,198,142.6,1.9330466985702515,-0.9826632033410011
UBFC_PHYS_s15_T1_test,136,199,142.63333333333333,1.8218133449554443,-0.9553088567654995
UBFC_PHYS_s15_T1_test,136,200,142.66666666666666,1.8571338653564453,-0.8076556046124024
UBFC_PHYS_s15_T1_test,136,201,142.7,1.9531497955322266,-0.5397628881812984
UBFC_PHYS_s15_T1_test,136,202,142.73333333333332,1.9433202743530273,-0.17417480112263764
UBFC_PHYS_s15_T1_test,136,203,142.76666666666668,1.8226244449615479,0.24406539381979853
UBFC_PHYS_s15_T1_test,136,204,142.8,1.6322534084320068,0.654541604684767
UBFC_PHYS_s15_T1_test,136,205,142.83333333333334,1.3343760967254639,0.9935454573142712
UBFC_PHYS_s15_T1_test,136,206,142.86666666666667,0.9379724860191345,1.2075941175939162
UBFC_PHYS_s15_T1_test,136,207,142.9,0.49025866389274597,1.2650603476816924
UBFC_PHYS_s15_T1_test,136,208,142.93333333333334,0.06272514164447784,1.163058018254668
UBFC_PHYS_s15_T1_test,136,209,142.96666666666667,-0.14964154362678528,0.9273425383357157
UBFC_PHYS_s15_T1_test,136,210,143.0,0.027771640568971634,0.6043514932945031
UBFC_PHYS_s15_T1_test,136,211,143.03333333333333,0.45018765330314636,0.24715298154443416
UBFC_PHYS_s15_T1_test,136,212,143.06666666666666,0.7574888467788696,-0.09965723109316353
UBFC_PHYS_s15_T1_test,136,213,143.1,0.8054195642471313,-0.4095913430322016
UBFC_PHYS_s15_T1_test,136,214,143.13333333333333,0.7003272771835327,-0.6741818324241651
UBFC_PHYS_s15_T1_test,136,215,143.16666666666666,0.5644334554672241,-0.894154433464812
UBFC_PHYS_s15_T1_test,136,216,143.2,0.4240401089191437,-1.0680580808815272
UBFC_PHYS_s15_T1_test,136,217,143.23333333333332,0.29092711210250854,-1.1858064262383483
UBFC_PHYS_s15_T1_test,136,218,143.26666666666668,0.20383302867412567,-1.2304861300841345
UBFC_PHYS_s15_T1_test,136,219,143.3,0.16519105434417725,-1.1859902555884414
UBFC_PHYS_s15_T1_test,136,220,143.33333333333334,0.1318597048521042,-1.0451469557133612
UBFC_PHYS_s15_T1_test,136,221,143.36666666666667,0.04916859045624733,-0.8141574625388872
UBFC_PHYS_s15_T1_test,136,222,143.4,-0.13687674701213837,-0.5125469925275311
UBFC_PHYS_s15_T1_test,136,223,143.43333333333334,-0.4353526532649994,-0.1704481965316741
UBFC_PHYS_s15_T1_test,136,224,143.46666666666667,-0.7800019383430481,0.17500787435779563
UBFC_PHYS_s15_T1_test,136,225,143.5,-1.1045480966567993,0.4840375553831623
UBFC_PHYS_s15_T1_test,136,226,143.53333333333333,-1.3945850133895874,0.7200401554899866
UBFC_PHYS_s15_T1_test,136,227,143.56666666666666,-1.6819182634353638,0.856629864816235
UBFC_PHYS_s15_T1_test,136,228,143.6,-2.0174717903137207,0.8833569271483697
UBFC_PHYS_s15_T1_test,136,229,143.63333333333333,-2.3118538856506348,0.8071702054846086
UBFC_PHYS_s15_T1_test,136,230,143.66666666666666,-2.2778079509735107,0.6494136984561338
UBFC_PHYS_s15_T1_test,136,231,143.7,-1.8058969974517822,0.4408819008816815
UBFC_PHYS_s15_T1_test,136,232,143.73333333333332,-1.1973004341125488,0.21703964857497296
UBFC_PHYS_s15_T1_test,136,233,143.76666666666668,-0.7528308629989624,0.01346239353753987
UBFC_PHYS_s15_T1_test,136,234,143.8,-0.45823657512664795,-0.13920173168800457
UBFC_PHYS_s15_T1_test,136,235,143.83333333333334,-0.2880651354789734,-0.2204025539323437
UBFC_PHYS_s15_T1_test,136,236,143.86666666666667,-0.31181806325912476,-0.22318679270628944
UBFC_PHYS_s15_T1_test,136,237,143.9,-0.43668511509895325,-0.15427036609836148
UBFC_PHYS_s15_T1_test,136,238,143.93333333333334,-0.47378218173980713,-0.03099223753286579
UBFC_PHYS_s15_T1_test,136,239,143.96666666666667,-0.41673651337623596,0.12274835957906027
UBFC_PHYS_s15_T1_test,137,0,137.0,0.4173777103424072,-0.08275064329845505
UBFC_PHYS_s15_T1_test,137,1,137.03333333333333,0.42278486490249634,-0.1641559099942563
UBFC_PHYS_s15_T1_test,137,2,137.06666666666666,0.3507149815559387,-0.2742824025058937
UBFC_PHYS_s15_T1_test,137,3,137.1,0.25742197036743164,-0.43264422680164194
UBFC_PHYS_s15_T1_test,137,4,137.13333333333333,0.20784978568553925,-0.639402564016333
UBFC_PHYS_s15_T1_test,137,5,137.16666666666666,0.23005780577659607,-0.8738373046923774
UBFC_PHYS_s15_T1_test,137,6,137.2,0.30411675572395325,-1.0986432410183933
UBFC_PHYS_s15_T1_test,137,7,137.23333333333332,0.3686552047729492,-1.2681030905286834
UBFC_PHYS_s15_T1_test,137,8,137.26666666666668,0.3440139591693878,-1.3381907293440687
UBFC_PHYS_s15_T1_test,137,9,137.3,0.2161729633808136,-1.2770564964919735
UBFC_PHYS_s15_T1_test,137,10,137.33333333333334,0.06311137229204178,-1.0738307723656666
UBFC_PHYS_s15_T1_test,137,11,137.36666666666667,-0.05435943976044655,-0.7430714643770527
UBFC_PHYS_s15_T1_test,137,12,137.4,-0.16653895378112793,-0.3228653680669972
UBFC_PHYS_s15_T1_test,137,13,137.43333333333334,-0.34625017642974854,0.1333316837357422
UBFC_PHYS_s15_T1_test,137,14,137.46666666666667,-0.5841657519340515,0.568548057113763
UBFC_PHYS_s15_T1_test,137,15,137.5,-0.7357982993125916,0.9338109201296169
UBFC_PHYS_s15_T1_test,137,16,137.53333333333333,-0.628195583820343,1.1957394062048663
UBFC_PHYS_s15_T1_test,137,17,137.56666666666666,-0.2730795443058014,1.338546900728785
UBFC_PHYS_s15_T1_test,137,18,137.6,0.14352373778820038,1.3610715125797976
UBFC_PHYS_s15_T1_test,137,19,137.63333333333333,0.4312818646430969,1.2712625164287852
UBFC_PHYS_s15_T1_test,137,20,137.66666666666666,0.537590742111206,1.0812575589856395
UBFC_PHYS_s15_T1_test,137,21,137.7,0.5270467400550842,0.8053279617825659
UBFC_PHYS_s15_T1_test,137,22,137.73333333333332,0.4786139130592346,0.46087289795242126
UBFC_PHYS_s15_T1_test,137,23,137.76666666666668,0.445591539144516,0.07080752514712628
UBFC_PHYS_s15_T1_test,137,24,137.8,0.45225396752357483,-0.3346675231833802
UBFC_PHYS_s15_T1_test,137,25,137.83333333333334,0.48216721415519714,-0.7182062794357789
UBFC_PHYS_s15_T1_test,137,26,137.86666666666667,0.5098596215248108,-1.037864802512396
UBFC_PHYS_s15_T1_test,137,27,137.9,0.5254825353622437,-1.2520942810982478
UBFC_PHYS_s15_T1_test,137,28,137.93333333333334,0.5069243311882019,-1.3268942359820157
UBFC_PHYS_s15_T1_test,137,29,137.96666666666667,0.41168084740638733,-1.2441294587823262
UBFC_PHYS_s15_T1_test,137,30,138.0,0.24154804646968842,-1.0087677469320648
UBFC_PHYS_s15_T1_test,137,31,138.03333333333333,0.07193665206432343,-0.6517696744438332
UBFC_PHYS_s15_T1_test,137,32,138.06666666666666,-0.044491350650787354,-0.2257243938228869
UBFC_PHYS_s15_T1_test,137,33,138.1,-0.16700242459774017,0.20709110611609763
UBFC_PHYS_s15_T1_test,137,34,138.13333333333333,-0.39613133668899536,0.5904095105035605
UBFC_PHYS_s15_T1_test,137,35,138.16666666666666,-0.7190939784049988,0.8866699010412709
UBFC_PHYS_s15_T1_test,137,36,138.2,-0.9427384734153748,1.0808499484051184
UBFC_PHYS_s15_T1_test,137,37,138.23333333333332,-0.838746964931488,1.174476384892516
UBFC_PHYS_s15_T1_test,137,38,138.26666666666668,-0.3897585868835449,1.17503055337773
UBFC_PHYS_s15_T1_test,137,39,138.3,0.1375565379858017,1.0883644089081688
UBFC_PHYS_s15_T1_test,137,40,138.33333333333334,0.48506391048431396,0.9179436310769298
UBFC_PHYS_s15_T1_test,137,41,138.36666666666667,0.6174623966217041,0.6688787006546523
UBFC_PHYS_s15_T1_test,137,42,138.4,0.6228116154670715,0.35217349169107603
UBFC_PHYS_s15_T1_test,137,43,138.43333333333334,0.5601656436920166,-0.013712028897622056
UBFC_PHYS_s15_T1_test,137,44,138.46666666666667,0.47936707735061646,-0.4035133752191895
UBFC_PHYS_s15_T1_test,137,45,138.5,0.44895172119140625,-0.7858532117887679
UBFC_PHYS_s15_T1_test,137,46,138.53333333333333,0.4728398323059082,-1.123326786205652
UBFC_PHYS_s15_T1_test,137,47,138.56666666666666,0.4880571663379669,-1.3739076556029683
UBFC_PHYS_s15_T1_test,137,48,138.6,0.48857855796813965,-1.4961810358386642
UBFC_PHYS_s15_T1_test,137,49,138.63333333333333,0.5011502504348755,-1.4588439892227765
UBFC_PHYS_s15_T1_test,137,50,138.66666666666666,0.4835189878940582,-1.2516358316822265
UBFC_PHYS_s15_T1_test,137,51,138.7,0.38099515438079834,-0.8928061072719248
UBFC_PHYS_s15_T1_test,137,52,138.73333333333332,0.2529996633529663,-0.42901864729211886
UBFC_PHYS_s15_T1_test,137,53,138.76666666666668,0.20070458948612213,0.07344666227641405
UBFC_PHYS_s15_T1_test,137,54,138.8,0.2031378149986267,0.5439311233778978
UBFC_PHYS_s15_T1_test,137,55,138.83333333333334,0.1736687272787094,0.9241987742798113
UBFC_PHYS_s15_T1_test,137,56,138.86666666666667,0.09877939522266388,1.1809056503816882
UBFC_PHYS_s15_T1_test,137,57,138.9,0.07765280455350876,1.3089869194522115
UBFC_PHYS_s15_T1_test,137,58,138.93333333333334,0.28992292284965515,1.324595161291713
UBFC_PHYS_s15_T1_test,137,59,138.96666666666667,0.8351203799247742,1.251125797061564
UBFC_PHYS_s15_T1_test,137,60,139.0,1.5638912916183472,1.1060491402606338
UBFC_PHYS_s15_T1_test,137,61,139.03333333333333,2.1921274662017822,0.895877259677782
UBFC_PHYS_s15_T1_test,137,62,139.06666666666666,2.5911574363708496,0.6206178057270685
UBFC_PHYS_s15_T1_test,137,63,139.1,2.806053876876831,0.2828023041244759
UBFC_PHYS_s15_T1_test,137,64,139.13333333333333,2.9124207496643066,-0.10500960811851398
UBFC_PHYS_s15_T1_test,137,65,139.16666666666666,2.9130773544311523,-0.5172537814303033
UBFC_PHYS_s15_T1_test,137,66,139.2,2.742384433746338,-0.9164188457840109
UBFC_PHYS_s15_T1_test,137,67,139.23333333333332,2.3861098289489746,-1.2564501354469912
UBFC_PHYS_s15_T1_test,137,68,139.26666666666668,1.940423607826233,-1.488136126505314
UBFC_PHYS_s15_T1_test,137,69,139.3,1.5065945386886597,-1.5674221520979579
UBFC_PHYS_s15_T1_test,137,70,139.33333333333334,1.1319934129714966,-1.4665371435083177
UBFC_PHYS_s15_T1_test,137,71,139.36666666666667,0.862967312335968,-1.185036423074128
UBFC_PHYS_s15_T1_test,137,72,139.4,0.6797606945037842,-0.7557390614065918
UBFC_PHYS_s15_T1_test,137,73,139.43333333333334,0.46496081352233887,-0.24118498361457782
UBFC_PHYS_s15_T1_test,137,74,139.46666666666667,0.1729349046945572,0.2799471561370447
UBFC_PHYS_s15_T1_test,137,75,139.5,-0.11764266341924667,0.7321987040961102
UBFC_PHYS_s15_T1_test,137,76,139.53333333333333,-0.3686513304710388,1.0612975526115622
UBFC_PHYS_s15_T1_test,137,77,139.56666666666666,-0.5544263124465942,1.2441515399698304
UBFC_PHYS_s15_T1_test,137,78,139.6,-0.5308858156204224,1.287989128001528
UBFC_PHYS_s15_T1_test,137,79,139.63333333333333,-0.23573143780231476,1.2202700284860708
UBFC_PHYS_s15_T1_test,137,80,139.66666666666666,0.14373616874217987,1.0740297337120863
UBFC_PHYS_s15_T1_test,137,81,139.7,0.39628973603248596,0.8745498571962266
UBFC_PHYS_s15_T1_test,137,82,139.73333333333332,0.4956851303577423,0.6328440163529401
UBFC_PHYS_s15_T1_test,137,83,139.76666666666668,0.48881030082702637,0.34868626328421615
UBFC_PHYS_s15_T1_test,137,84,139.8,0.3790833353996277,0.021091650825465637
UBFC_PHYS_s15_T1_test,137,85,139.83333333333334,0.18709009885787964,-0.33970139986828696
UBFC_PHYS_s15_T1_test,137,86,139.86666666666667,-0.02483242005109787,-0.7049337253448773
UBFC_PHYS_s15_T1_test,137,87,139.9,-0.20587612688541412,-1.028169965669474
UBFC_PHYS_s15_T1_test,137,88,139.93333333333334,-0.33056938648223877,-1.2542475427234208
UBFC_PHYS_s15_T1_test,137,89,139.96666666666667,-0.3960734009742737,-1.333516644222608
UBFC_PHYS_s15_T1_test,137,90,140.0,-0.44757673144340515,-1.237057868514677
UBFC_PHYS_s15_T1_test,137,91,140.03333333333333,-0.567905604839325,-0.9681812027234182
UBFC_PHYS_s15_T1_test,137,92,140.06666666666666,-0.7553413510322571,-0.5660292813884004
UBFC_PHYS_s15_T1_test,137,93,140.1,-0.900968074798584,-0.09881277381906114
UBFC_PHYS_s15_T1_test,137,94,140.13333333333333,-0.9425839781761169,0.3527012324087937
UBFC_PHYS_s15_T1_test,137,95,140.16666666666666,-0.9627063870429993,0.716902532227911
UBFC_PHYS_s15_T1_test,137,96,140.2,-1.0542035102844238,0.9504932516466899
UBFC_PHYS_s15_T1_test,137,97,140.23333333333332,-1.1695114374160767,1.04713341999032
UBFC_PHYS_s15_T1_test,137,98,140.26666666666668,-1.1396174430847168,1.0316777095890817
UBFC_PHYS_s15_T1_test,137,99,140.3,-0.8497544527053833,0.942908553169786
UBFC_PHYS_s15_T1_test,137,100,140.33333333333334,-0.4147474467754364,0.8136680293897349
UBFC_PHYS_s15_T1_test,137,101,140.36666666666667,-0.07676058262586594,0.658305545957737
UBFC_PHYS_s15_T1_test,137,102,140.4,0.0521039143204689,0.47219424708855234
UBFC_PHYS_s15_T1_test,137,103,140.43333333333334,0.03321743384003639,0.24108163599596333
UBFC_PHYS_s15_T1_test,137,104,140.46666666666667,-0.05820239707827568,-0.04569479572456682
UBFC_PHYS_s15_T1_test,137,105,140.5,-0.17181093990802765,-0.383783531422445
UBFC_PHYS_s15_T1_test,137,106,140.53333333333333,-0.24386151134967804,-0.7475026608571425
UBFC_PHYS_s15_T1_test,137,107,140.56666666666666,-0.25280267000198364,-1.0898972068014345
UBFC_PHYS_s15_T1_test,137,108,140.6,-0.24092619121074677,-1.3496674818168657
UBFC_PHYS_s15_T1_test,137,109,140.63333333333333,-0.26686128973960876,-1.464705273265715
UBFC_PHYS_s15_T1_test,137,110,140.66666666666666,-0.3653104603290558,-1.3898426659320517
UBFC_PHYS_s15_T1_test,137,111,140.7,-0.5269463062286377,-1.1136435191285363
UBFC_PHYS_s15_T1_test,137,112,140.73333333333332,-0.706464409828186,-0.6675984224942441
UBFC_PHYS_s15_T1_test,137,113,140.76666666666668,-0.8838775753974915,-0.1226059872944388
UBFC_PHYS_s15_T1_test,137,114,140.8,-1.080968976020813,0.4277299655508549
UBFC_PHYS_s15_T1_test,137,115,140.83333333333334,-1.3273042440414429,0.891911945497844
UBFC_PHYS_s15_T1_test,137,116,140.86666666666667,-1.669867992401123,1.204810074186449
UBFC_PHYS_s15_T1_test,137,117,140.9,-2.056577205657959,1.3426229620620476
UBFC_PHYS_s15_T1_test,137,118,140.93333333333334,-2.2270190715789795,1.3232162691798348
UBFC_PHYS_s15_T1_test,137,119,140.96666666666667,-2.0106935501098633,1.1922101283663513
UBFC_PHYS_s15_T1_test,137,120,141.0,-1.6358027458190918,1.000972702089726
UBFC_PHYS_s15_T1_test,137,121,141.03333333333333,-1.4333621263504028,0.7860575835357916
UBFC_PHYS_s15_T1_test,137,122,141.06666666666666,-1.401556372642517,0.5588396428466378
UBFC_PHYS_s15_T1_test,137,123,141.1,-1.4070793390274048,0.30909187979720215
UBFC_PHYS_s15_T1_test,137,124,141.13333333333333,-1.4299826622009277,0.019213669204506643
UBFC_PHYS_s15_T1_test,137,125,141.16666666666666,-1.457269549369812,-0.318894895839316
UBFC_PHYS_s15_T1_test,137,126,141.2,-1.397404432296753,-0.6918969826229467
UBFC_PHYS_s15_T1_test,137,127,141.23333333333332,-1.2206671237945557,-1.0618384254363062
UBFC_PHYS_s15_T1_test,137,128,141.26666666666668,-1.015310525894165,-1.3718252947354566
UBFC_PHYS_s15_T1_test,137,129,141.3,-0.8333011865615845,-1.5585358727787155
UBFC_PHYS_s15_T1_test,137,130,141.33333333333334,-0.649380087852478,-1.5687110495423309
UBFC_PHYS_s15_T1_test,137,131,141.36666666666667,-0.48843950033187866,-1.3759492188369689
UBFC_PHYS_s15_T1_test,137,132,141.4,-0.4238817095756531,-0.9928085979227887
UBFC_PHYS_s15_T1_test,137,133,141.43333333333334,-0.45441293716430664,-0.4729592851685958
UBFC_PHYS_s15_T1_test,137,134,141.46666666666667,-0.500798761844635,0.09939594885939185
UBFC_PHYS_s15_T1_test,137,135,141.5,-0.5243392586708069,0.630789061617186
UBFC_PHYS_s15_T1_test,137,136,141.53333333333333,-0.5769819021224976,1.0433615988021365
UBFC_PHYS_s15_T1_test,137,137,141.56666666666666,-0.718939483165741,1.2939016487694117
UBFC_PHYS_s15_T1_test,137,138,141.6,-0.8892654180526733,1.379747263196079
UBFC_PHYS_s15_T1_test,137,139,141.63333333333333,-0.8814829587936401,1.3301660998198244
UBFC_PHYS_s15_T1_test,137,140,141.66666666666666,-0.5496370792388916,1.1885153129235817
UBFC_PHYS_s15_T1_test,137,141,141.7,-0.006988752167671919,0.9939336943093438
UBFC_PHYS_s15_T1_test,137,142,141.73333333333332,0.49580100178718567,0.7695968313759293
UBFC_PHYS_s15_T1_test,137,143,141.76666666666668,0.8066168427467346,0.5202844054066857
UBFC_PHYS_s15_T1_test,137,144,141.8,0.8958544731140137,0.2385677284533509
UBFC_PHYS_s15_T1_test,137,145,141.83333333333334,0.8115218877792358,-0.0833432662218549
UBFC_PHYS_s15_T1_test,137,146,141.86666666666667,0.6831595301628113,-0.4408437070117216
UBFC_PHYS_s15_T1_test,137,147,141.9,0.6270408034324646,-0.8085793837155779
UBFC_PHYS_s15_T1_test,137,148,141.93333333333334,0.6454252004623413,-1.1402829974179556
UBFC_PHYS_s15_T1_test,137,149,141.96666666666667,0.6909226775169373,-1.3775615533657395
UBFC_PHYS_s15_T1_test,137,150,142.0,0.7449944019317627,-1.4651639192829584
UBFC_PHYS_s15_T1_test,137,151,142.03333333333333,0.7861468195915222,-1.3679296950841042
UBFC_PHYS_s15_T1_test,137,152,142.06666666666666,0.7561756372451782,-1.083896361218168
UBFC_PHYS_s15_T1_test,137,153,142.1,0.6148746609687805,-0.649113104137784
UBFC_PHYS_s15_T1_test,137,154,142.13333333333333,0.4243490993976593,-0.13217865916459787
UBFC_PHYS_s15_T1_test,137,155,142.16666666666666,0.29899924993515015,0.38058267093282516
UBFC_PHYS_s15_T1_test,137,156,142.2,0.22868670523166656,0.8058380506970818
UBFC_PHYS_s15_T1_test,137,157,142.23333333333332,0.0775369331240654,1.0841335914051875
UBFC_PHYS_s15_T1_test,137,158,142.26666666666668,-0.15508733689785004,1.1937685912622031
UBFC_PHYS_s15_T1_test,137,159,142.3,-0.19672255218029022,1.1518424999666728
UBFC_PHYS_s15_T1_test,137,160,142.33333333333334,0.18660731613636017,1.0018006987023504
UBFC_PHYS_s15_T1_test,137,161,142.36666666666667,0.8716573715209961,0.7931677617971951
UBFC_PHYS_s15_T1_test,137,162,142.4,1.486781120300293,0.5628855233921337
UBFC_PHYS_s15_T1_test,137,163,142.43333333333334,1.8124281167984009,0.32634683879126297
UBFC_PHYS_s15_T1_test,137,164,142.46666666666667,1.9392262697219849,0.08045302042258355
UBFC_PHYS_s15_T1_test,137,165,142.5,2.0262045860290527,-0.18495958309522215
UBFC_PHYS_s15_T1_test,137,166,142.53333333333333,2.091689109802246,-0.4733960122157342
UBFC_PHYS_s15_T1_test,137,167,142.56666666666666,2.064730644226074,-0.7710215414985327
UBFC_PHYS_s15_T1_test,137,168,142.6,1.9330466985702515,-1.0426527469593108
UBFC_PHYS_s15_T1_test,137,169,142.63333333333333,1.8218133449554443,-1.2362763796213643
UBFC_PHYS_s15_T1_test,137,170,142.66666666666666,1.8571338653564453,-1.2959260075387966
UBFC_PHYS_s15_T1_test,137,171,142.7,1.9531497955322266,-1.1799520347648436
UBFC_PHYS_s15_T1_test,137,172,142.73333333333332,1.9433202743530273,-0.8785997603921502
UBFC_PHYS_s15_T1_test,137,173,142.76666666666668,1.8226244449615479,-0.42362251024545095
UBFC_PHYS_s15_T1_test,137,174,142.8,1.6322534084320068,0.11490835709068561
UBFC_PHYS_s15_T1_test,137,175,142.83333333333334,1.3343760967254639,0.6445745313766663
UBFC_PHYS_s15_T1_test,137,176,142.86666666666667,0.9379724860191345,1.0745145015301085
UBFC_PHYS_s15_T1_test,137,177,142.9,0.49025866389274597,1.339320262558772
UBFC_PHYS_s15_T1_test,137,178,142.93333333333334,0.06272514164447784,1.4146138586599577
UBFC_PHYS_s15_T1_test,137,179,142.96666666666667,-0.14964154362678528,1.3188164937701043
UBFC_PHYS_s15_T1_test,137,180,143.0,0.027771640568971634,1.1009670920108825
UBFC_PHYS_s15_T1_test,137,181,143.03333333333333,0.45018765330314636,0.8200506145120801
UBFC_PHYS_s15_T1_test,137,182,143.06666666666666,0.7574888467788696,0.5245470970992419
UBFC_PHYS_s15_T1_test,137,183,143.1,0.8054195642471313,0.24022925981220689
UBFC_PHYS_s15_T1_test,137,184,143.13333333333333,0.7003272771835327,-0.030094293640414684
UBFC_PHYS_s15_T1_test,137,185,143.16666666666666,0.5644334554672241,-0.29672548861361914
UBFC_PHYS_s15_T1_test,137,186,143.2,0.4240401089191437,-0.5688286257466345
UBFC_PHYS_s15_T1_test,137,187,143.23333333333332,0.29092711210250854,-0.8422994324345813
UBFC_PHYS_s15_T1_test,137,188,143.26666666666668,0.20383302867412567,-1.0942515231985146
UBFC_PHYS_s15_T1_test,137,189,143.3,0.16519105434417725,-1.2855162400754354
UBFC_PHYS_s15_T1_test,137,190,143.33333333333334,0.1318597048521042,-1.3700417266477913
UBFC_PHYS_s15_T1_test,137,191,143.36666666666667,0.04916859045624733,-1.308502827829838
UBFC_PHYS_s15_T1_test,137,192,143.4,-0.13687674701213837,-1.082450226668856
UBFC_PHYS_s15_T1_test,137,193,143.43333333333334,-0.4353526532649994,-0.7048241924379538
UBFC_PHYS_s15_T1_test,137,194,143.46666666666667,-0.7800019383430481,-0.22288800254592026
UBFC_PHYS_s15_T1_test,137,195,143.5,-1.1045480966567993,0.28891661324547435
UBFC_PHYS_s15_T1_test,137,196,143.53333333333333,-1.3945850133895874,0.7457501007543925
UBFC_PHYS_s15_T1_test,137,197,143.56666666666666,-1.6819182634353638,1.0743290742074183
UBFC_PHYS_s15_T1_test,137,198,143.6,-2.0174717903137207,1.2321449792032957
UBFC_PHYS_s15_T1_test,137,199,143.63333333333333,-2.3118538856506348,1.2160754651442574
UBFC_PHYS_s15_T1_test,137,200,143.66666666666666,-2.2778079509735107,1.0572475138408255
UBFC_PHYS_s15_T1_test,137,201,143.7,-1.8058969974517822,0.8055048444343683
UBFC_PHYS_s15_T1_test,137,202,143.73333333333332,-1.1973004341125488,0.5110078061506124
UBFC_PHYS_s15_T1_test,137,203,143.76666666666668,-0.7528308629989624,0.21052951847454007
UBFC_PHYS_s15_T1_test,137,204,143.8,-0.45823657512664795,-0.07741931430806837
UBFC_PHYS_s15_T1_test,137,205,143.83333333333334,-0.2880651354789734,-0.34885712553210757
UBFC_PHYS_s15_T1_test,137,206,143.86666666666667,-0.31181806325912476,-0.6051265722815313
UBFC_PHYS_s15_T1_test,137,207,143.9,-0.43668511509895325,-0.8425112277688074
UBFC_PHYS_s15_T1_test,137,208,143.93333333333334,-0.47378218173980713,-1.044931396225911
UBFC_PHYS_s15_T1_test,137,209,143.96666666666667,-0.41673651337623596,-1.1827900944531022
UBFC_PHYS_s15_T1_test,137,210,144.0,-0.3713935315608978,-1.2187795021862833
UBFC_PHYS_s15_T1_test,137,211,144.03333333333333,-0.3314577043056488,-1.118916257944273
UBFC_PHYS_s15_T1_test,137,212,144.06666666666666,-0.2654708921909332,-0.865229418153241
UBFC_PHYS_s15_T1_test,137,213,144.1,-0.24961628019809723,-0.4659444716046731
UBFC_PHYS_s15_T1_test,137,214,144.13333333333333,-0.32247793674468994,0.040308895073845594
UBFC_PHYS_s15_T1_test,137,215,144.16666666666666,-0.3999742865562439,0.5883563919682078
UBFC_PHYS_s15_T1_test,137,216,144.2,-0.43575817346572876,1.098743285687779
UBFC_PHYS_s15_T1_test,137,217,144.23333333333332,-0.5087164044380188,1.4960999400244142
UBFC_PHYS_s15_T1_test,137,218,144.26666666666668,-0.6973494291305542,1.728026506589989
UBFC_PHYS_s15_T1_test,137,219,144.3,-0.965564489364624,1.777293518359489
UBFC_PHYS_s15_T1_test,137,220,144.33333333333334,-1.1437500715255737,1.6622319114936859
UBFC_PHYS_s15_T1_test,137,221,144.36666666666667,-1.0051333904266357,1.4253744896367302
UBFC_PHYS_s15_T1_test,137,222,144.4,-0.501976728439331,1.1160318450959372
UBFC_PHYS_s15_T1_test,137,223,144.43333333333334,0.11175660789012909,0.7750635092359409
UBFC_PHYS_s15_T1_test,137,224,144.46666666666667,0.534964382648468,0.42787704891151396
UBFC_PHYS_s15_T1_test,137,225,144.5,0.70212322473526,0.08654622730325143
UBFC_PHYS_s15_T1_test,137,226,144.53333333333333,0.7045564651489258,-0.24265843889137456
UBFC_PHYS_s15_T1_test,137,227,144.56666666666666,0.6420263648033142,-0.551654716938757
UBFC_PHYS_s15_T1_test,137,228,144.6,0.605952799320221,-0.8265184829298233
UBFC_PHYS_s15_T1_test,137,229,144.63333333333333,0.6582478880882263,-1.04789183768294
UBFC_PHYS_s15_T1_test,137,230,144.66666666666666,0.7658506035804749,-1.1949458909531843
UBFC_PHYS_s15_T1_test,137,231,144.7,0.8712905049324036,-1.251465367069261
UBFC_PHYS_s15_T1_test,137,232,144.73333333333332,0.9825816750526428,-1.2123388453992252
UBFC_PHYS_s15_T1_test,137,233,144.76666666666668,1.1047258377075195,-1.088282657641685
UBFC_PHYS_s15_T1_test,137,234,144.8,1.1403359174728394,-0.9063223063842034
UBFC_PHYS_s15_T1_test,137,235,144.83333333333334,0.9959450960159302,-0.7043733165992838
UBFC_PHYS_s15_T1_test,137,236,144.86666666666667,0.7131307125091553,-0.5206380081085855
UBFC_PHYS_s15_T1_test,137,237,144.9,0.3944937586784363,-0.38133871784641205
UBFC_PHYS_s15_T1_test,137,238,144.93333333333334,0.05654551833868027,-0.29184170094579404
UBFC_PHYS_s15_T1_test,137,239,144.96666666666667,-0.3386608362197876,-0.23546926292532822
UBFC_PHYS_s15_T1_test,138,0,138.0,0.24154804646968842,0.07709182742143514
UBFC_PHYS_s15_T1_test,138,1,138.03333333333333,0.07193665206432343,0.8767720409962936
UBFC_PHYS_s15_T1_test,138,2,138.06666666666666,-0.044491350650787354,1.5688089587134946
UBFC_PHYS_s15_T1_test,138,3,138.1,-0.16700242459774017,2.071307747310023
UBFC_PHYS_s15_T1_test,138,4,138.13333333333333,-0.39613133668899536,2.3429638962361206
UBFC_PHYS_s15_T1_test,138,5,138.16666666666666,-0.7190939784049988,2.389584187538304
UBFC_PHYS_s15_T1_test,138,6,138.2,-0.9427384734153748,2.2551094440508246
UBFC_PHYS_s15_T1_test,138,7,138.23333333333332,-0.838746964931488,2.0005306808361243
UBFC_PHYS_s15_T1_test,138,8,138.26666666666668,-0.3897585868835449,1.6812180562895929
UBFC_PHYS_s15_T1_test,138,9,138.3,0.1375565379858017,1.3336500143219272
UBFC_PHYS_s15_T1_test,138,10,138.33333333333334,0.48506391048431396,0.9749194469214661
UBFC_PHYS_s15_T1_test,138,11,138.36666666666667,0.6174623966217041,0.6098154036785108
UBFC_PHYS_s15_T1_test,138,12,138.4,0.6228116154670715,0.23823421890132557
UBFC_PHYS_s15_T1_test,138,13,138.43333333333334,0.5601656436920166,-0.14017336065621058
UBFC_PHYS_s15_T1_test,138,14,138.46666666666667,0.47936707735061646,-0.5221307098305399
UBFC_PHYS_s15_T1_test,138,15,138.5,0.44895172119140625,-0.8949910542002821
UBFC_PHYS_s15_T1_test,138,16,138.53333333333333,0.4728398323059082,-1.2311282107284958
UBFC_PHYS_s15_T1_test,138,17,138.56666666666666,0.4880571663379669,-1.488242596887061
UBFC_PHYS_s15_T1_test,138,18,138.6,0.48857855796813965,-1.6187715246283143
UBFC_PHYS_s15_T1_test,138,19,138.63333333333333,0.5011502504348755,-1.585412921877152
UBFC_PHYS_s15_T1_test,138,20,138.66666666666666,0.4835189878940582,-1.3757856880042452
UBFC_PHYS_s15_T1_test,138,21,138.7,0.38099515438079834,-1.0097893866242391
UBFC_PHYS_s15_T1_test,138,22,138.73333333333332,0.2529996633529663,-0.5372026834371897
UBFC_PHYS_s15_T1_test,138,23,138.76666666666668,0.20070458948612213,-0.027310210161880802
UBFC_PHYS_s15_T1_test,138,24,138.8,0.2031378149986267,0.44573377858135194
UBFC_PHYS_s15_T1_test,138,25,138.83333333333334,0.1736687272787094,0.8182586146330757
UBFC_PHYS_s15_T1_test,138,26,138.86666666666667,0.09877939522266388,1.0501347838100947
UBFC_PHYS_s15_T1_test,138,27,138.9,0.07765280455350876,1.1322000358985307
UBFC_PHYS_s15_T1_test,138,28,138.93333333333334,0.28992292284965515,1.0843010534953648
UBFC_PHYS_s15_T1_test,138,29,138.96666666666667,0.8351203799247742,0.9429698293596552
UBFC_PHYS_s15_T1_test,138,30,139.0,1.5638912916183472,0.7442814227030089
UBFC_PHYS_s15_T1_test,138,31,139.03333333333333,2.1921274662017822,0.5114283371928421
UBFC_PHYS_s15_T1_test,138,32,139.06666666666666,2.5911574363708496,0.25287386937010686
UBFC_PHYS_s15_T1_test,138,33,139.1,2.806053876876831,-0.03063938819051741
UBFC_PHYS_s15_T1_test,138,34,139.13333333333333,2.9124207496643066,-0.33666843545886405
UBFC_PHYS_s15_T1_test,138,35,139.16666666666666,2.9130773544311523,-0.6547315053063331
UBFC_PHYS_s15_T1_test,138,36,139.2,2.742384433746338,-0.963887111716788
UBFC_PHYS_s15_T1_test,138,37,139.23333333333332,2.3861098289489746,-1.2322567552903254
UBFC_PHYS_s15_T1_test,138,38,139.26666666666668,1.940423607826233,-1.4186249661029193
UBFC_PHYS_s15_T1_test,138,39,139.3,1.5065945386886597,-1.4788594584825547
UBFC_PHYS_s15_T1_test,138,40,139.33333333333334,1.1319934129714966,-1.3780639215884651
UBFC_PHYS_s15_T1_test,138,41,139.36666666666667,0.862967312335968,-1.10481709903533
UBFC_PHYS_s15_T1_test,138,42,139.4,0.6797606945037842,-0.6810032735539406
UBFC_PHYS_s15_T1_test,138,43,139.43333333333334,0.46496081352233887,-0.16168174432316418
UBFC_PHYS_s15_T1_test,138,44,139.46666666666667,0.1729349046945572,0.376317647883175
UBFC_PHYS_s15_T1_test,138,45,139.5,-0.11764266341924667,0.853191196380978
UBFC_PHYS_s15_T1_test,138,46,139.53333333333333,-0.3686513304710388,1.2052120748275008
UBFC_PHYS_s15_T1_test,138,47,139.56666666666666,-0.5544263124465942,1.3975393360241255
UBFC_PHYS_s15_T1_test,138,48,139.6,-0.5308858156204224,1.4281939649424857
UBFC_PHYS_s15_T1_test,138,49,139.63333333333333,-0.23573143780231476,1.32382065185412
UBFC_PHYS_s15_T1_test,138,50,139.66666666666666,0.14373616874217987,1.1281557686260426
UBFC_PHYS_s15_T1_test,138,51,139.7,0.39628973603248596,0.8852434973215647
UBFC_PHYS_s15_T1_test,138,52,139.73333333333332,0.4956851303577423,0.6238475421056467
UBFC_PHYS_s15_T1_test,138,53,139.76666666666668,0.48881030082702637,0.3517817451543869
UBFC_PHYS_s15_T1_test,138,54,139.8,0.3790833353996277,0.0638979764096611
UBFC_PHYS_s15_T1_test,138,55,139.83333333333334,0.18709009885787964,-0.24136374790712184
UBFC_PHYS_s15_T1_test,138,56,139.86666666666667,-0.02483242005109787,-0.547645861166814
UBFC_PHYS_s15_T1_test,138,57,139.9,-0.20587612688541412,-0.8177608158342994
UBFC_PHYS_s15_T1_test,138,58,139.93333333333334,-0.33056938648223877,-1.0035608397752307
UBFC_PHYS_s15_T1_test,138,59,139.96666666666667,-0.3960734009742737,-1.06242674318261
UBFC_PHYS_s15_T1_test,138,60,140.0,-0.44757673144340515,-0.9725364264730809
UBFC_PHYS_s15_T1_test,138,61,140.03333333333333,-0.567905604839325,-0.7417906045254636
UBFC_PHYS_s15_T1_test,138,62,140.06666666666666,-0.7553413510322571,-0.4083364601128957
UBFC_PHYS_s15_T1_test,138,63,140.1,-0.900968074798584,-0.03270782552004262
UBFC_PHYS_s15_T1_test,138,64,140.13333333333333,-0.9425839781761169,0.3167567130332811
UBFC_PHYS_s15_T1_test,138,65,140.16666666666666,-0.9627063870429993,0.5816562271951345
UBFC_PHYS_s15_T1_test,138,66,140.2,-1.0542035102844238,0.7288689993973065
UBFC_PHYS_s15_T1_test,138,67,140.23333333333332,-1.1695114374160767,0.757399387776341
UBFC_PHYS_s15_T1_test,138,68,140.26666666666668,-1.1396174430847168,0.6931710822066118
UBFC_PHYS_s15_T1_test,138,69,140.3,-0.8497544527053833,0.5738701020081584
UBFC_PHYS_s15_T1_test,138,70,140.33333333333334,-0.4147474467754364,0.4319743695586579
UBFC_PHYS_s15_T1_test,138,71,140.36666666666667,-0.07676058262586594,0.28481662460908336
UBFC_PHYS_s15_T1_test,138,72,140.4,0.0521039143204689,0.1340586935059517
UBFC_PHYS_s15_T1_test,138,73,140.43333333333334,0.03321743384003639,-0.029378575810032153
UBFC_PHYS_s15_T1_test,138,74,140.46666666666667,-0.05820239707827568,-0.21851567364927016
UBFC_PHYS_s15_T1_test,138,75,140.5,-0.17181093990802765,-0.44185553681163026
UBFC_PHYS_s15_T1_test,138,76,140.53333333333333,-0.24386151134967804,-0.6933648056457321
UBFC_PHYS_s15_T1_test,138,77,140.56666666666666,-0.25280267000198364,-0.94425955306487
UBFC_PHYS_s15_T1_test,138,78,140.6,-0.24092619121074677,-1.1426955781905868
UBFC_PHYS_s15_T1_test,138,79,140.63333333333333,-0.26686128973960876,-1.2256737095476755
UBFC_PHYS_s15_T1_test,138,80,140.66666666666666,-0.3653104603290558,-1.1406573596139125
UBFC_PHYS_s15_T1_test,138,81,140.7,-0.5269463062286377,-0.8677910475950714
UBFC_PHYS_s15_T1_test,138,82,140.73333333333332,-0.706464409828186,-0.4325914275232737
UBFC_PHYS_s15_T1_test,138,83,140.76666666666668,-0.8838775753974915,0.0965851300432345
UBFC_PHYS_s15_T1_test,138,84,140.8,-1.080968976020813,0.6255082299200331
UBFC_PHYS_s15_T1_test,138,85,140.83333333333334,-1.3273042440414429,1.0594035557265105
UBFC_PHYS_s15_T1_test,138,86,140.86666666666667,-1.669867992401123,1.3283302922838418
UBFC_PHYS_s15_T1_test,138,87,140.9,-2.056577205657959,1.4047864342342535
UBFC_PHYS_s15_T1_test,138,88,140.93333333333334,-2.2270190715789795,1.3079568607033742
UBFC_PHYS_s15_T1_test,138,89,140.96666666666667,-2.0106935501098633,1.092698684006623
UBFC_PHYS_s15_T1_test,138,90,141.0,-1.6358027458190918,0.8263705623973828
UBFC_PHYS_s15_T1_test,138,91,141.03333333333333,-1.4333621263504028,0.5622121004171107
UBFC_PHYS_s15_T1_test,138,92,141.06666666666666,-1.401556372642517,0.3215355839820706
UBFC_PHYS_s15_T1_test,138,93,141.1,-1.4070793390274048,0.09369090011927705
UBFC_PHYS_s15_T1_test,138,94,141.13333333333333,-1.4299826622009277,-0.14787275429545008
UBFC_PHYS_s15_T1_test,138,95,141.16666666666666,-1.457269549369812,-0.42425458677215877
UBFC_PHYS_s15_T1_test,138,96,141.2,-1.397404432296753,-0.7351326785530096
UBFC_PHYS_s15_T1_test,138,97,141.23333333333332,-1.2206671237945557,-1.0527826958341666
UBFC_PHYS_s15_T1_test,138,98,141.26666666666668,-1.015310525894165,-1.3257662266012373
UBFC_PHYS_s15_T1_test,138,99,141.3,-0.8333011865615845,-1.4903601379159608
UBFC_PHYS_s15_T1_test,138,100,141.33333333333334,-0.649380087852478,-1.4878011894301244
UBFC_PHYS_s15_T1_test,138,101,141.36666666666667,-0.48843950033187866,-1.2842100250965631
UBFC_PHYS_s15_T1_test,138,102,141.4,-0.4238817095756531,-0.8869049250722274
UBFC_PHYS_s15_T1_test,138,103,141.43333333333334,-0.45441293716430664,-0.34930558317122823
UBFC_PHYS_s15_T1_test,138,104,141.46666666666667,-0.500798761844635,0.23986703069346235
UBFC_PHYS_s15_T1_test,138,105,141.5,-0.5243392586708069,0.7803291441032544
UBFC_PHYS_s15_T1_test,138,106,141.53333333333333,-0.5769819021224976,1.1877816480565084
UBFC_PHYS_s15_T1_test,138,107,141.56666666666666,-0.718939483165741,1.4143666496988359
UBFC_PHYS_s15_T1_test,138,108,141.6,-0.8892654180526733,1.4551686270532498
UBFC_PHYS_s15_T1_test,138,109,141.63333333333333,-0.8814829587936401,1.3408376476583832
UBFC_PHYS_s15_T1_test,138,110,141.66666666666666,-0.5496370792388916,1.1218872849126609
UBFC_PHYS_s15_T1_test,138,111,141.7,-0.006988752167671919,0.8514668852188924
UBFC_PHYS_s15_T1_test,138,112,141.73333333333332,0.49580100178718567,0.5709479316870008
UBFC_PHYS_s15_T1_test,138,113,141.76666666666668,0.8066168427467346,0.3006922465193445
UBFC_PHYS_s15_T1_test,138,114,141.8,0.8958544731140137,0.03911517114937333
UBFC_PHYS_s15_T1_test,138,115,141.83333333333334,0.8115218877792358,-0.22774116413354903
UBFC_PHYS_s15_T1_test,138,116,141.86666666666667,0.6831595301628113,-0.5096734225105594
UBFC_PHYS_s15_T1_test,138,117,141.9,0.6270408034324646,-0.797774620053265
UBFC_PHYS_s15_T1_test,138,118,141.93333333333334,0.6454252004623413,-1.0598755121707713
UBFC_PHYS_s15_T1_test,138,119,141.96666666666667,0.6909226775169373,-1.24798549003265
UBFC_PHYS_s15_T1_test,138,120,142.0,0.7449944019317627,-1.313677249279301
UBFC_PHYS_s15_T1_test,138,121,142.03333333333333,0.7861468195915222,-1.2245559366281402
UBFC_PHYS_s15_T1_test,138,122,142.06666666666666,0.7561756372451782,-0.9760734270191485
UBFC_PHYS_s15_T1_test,138,123,142.1,0.6148746609687805,-0.5958684880317826
UBFC_PHYS_s15_T1_test,138,124,142.13333333333333,0.4243490993976593,-0.14004456807298693
UBFC_PHYS_s15_T1_test,138,125,142.16666666666666,0.29899924993515015,0.3181229719361951
UBFC_PHYS_s15_T1_test,138,126,142.2,0.22868670523166656,0.7055188006530738
UBFC_PHYS_s15_T1_test,138,127,142.23333333333332,0.0775369331240654,0.9685191851246656
UBFC_PHYS_s15_T1_test,138,128,142.26666666666668,-0.15508733689785004,1.0869253156150522
UBFC_PHYS_s15_T1_test,138,129,142.3,-0.19672255218029022,1.0751785580481317
UBFC_PHYS_s15_T1_test,138,130,142.33333333333334,0.18660731613636017,0.9696468042975981
UBFC_PHYS_s15_T1_test,138,131,142.36666666666667,0.8716573715209961,0.8089601822116615
UBFC_PHYS_s15_T1_test,138,132,142.4,1.486781120300293,0.6183830243772896
UBFC_PHYS_s15_T1_test,138,133,142.43333333333334,1.8124281167984009,0.40570702385178914
UBFC_PHYS_s15_T1_test,138,134,142.46666666666667,1.9392262697219849,0.16739809215731966
UBFC_PHYS_s15_T1_test,138,135,142.5,2.0262045860290527,-0.10190179928292338
UBFC_PHYS_s15_T1_test,138,136,142.53333333333333,2.091689109802246,-0.40090571994159374
UBFC_PHYS_s15_T1_test,138,137,142.56666666666666,2.064730644226074,-0.7143227752605638
UBFC_PHYS_s15_T1_test,138,138,142.6,1.9330466985702515,-1.0076352640899409
UBFC_PHYS_s15_T1_test,138,139,142.63333333333333,1.8218133449554443,-1.228207831504471
UBFC_PHYS_s15_T1_test,138,140,142.66666666666666,1.8571338653564453,-1.3162846184652752
UBFC_PHYS_s15_T1_test,138,141,142.7,1.9531497955322266,-1.2244341838498602
UBFC_PHYS_s15_T1_test,138,142,142.73333333333332,1.9433202743530273,-0.9381476992885106
UBFC_PHYS_s15_T1_test,138,143,142.76666666666668,1.8226244449615479,-0.48800846440045814
UBFC_PHYS_s15_T1_test,138,144,142.8,1.6322534084320068,0.0527702298567705
UBFC_PHYS_s15_T1_test,138,145,142.83333333333334,1.3343760967254639,0.585244239553387
UBFC_PHYS_s15_T1_test,138,146,142.86666666666667,0.9379724860191345,1.0105262256494152
UBFC_PHYS_s15_T1_test,138,147,142.9,0.49025866389274597,1.2563374307901156
UBFC_PHYS_s15_T1_test,138,148,142.93333333333334,0.06272514164447784,1.2962541420835223
UBFC_PHYS_s15_T1_test,138,149,142.96666666666667,-0.14964154362678528,1.155367027091302
UBFC_PHYS_s15_T1_test,138,150,143.0,0.027771640568971634,0.8992170845813315
UBFC_PHYS_s15_T1_test,138,151,143.03333333333333,0.45018765330314636,0.608302123684161
UBFC_PHYS_s15_T1_test,138,152,143.06666666666666,0.7574888467788696,0.34751718323598985
UBFC_PHYS_s15_T1_test,138,153,143.1,0.8054195642471313,0.14409347561087119
UBFC_PHYS_s15_T1_test,138,154,143.13333333333333,0.7003272771835327,-0.01533373840572121
UBFC_PHYS_s15_T1_test,138,155,143.16666666666666,0.5644334554672241,-0.1676772685168647
UBFC_PHYS_s15_T1_test,138,156,143.2,0.4240401089191437,-0.34693058656987064
UBFC_PHYS_s15_T1_test,138,157,143.23333333333332,0.29092711210250854,-0.5632378011714989
UBFC_PHYS_s15_T1_test,138,158,143.26666666666668,0.20383302867412567,-0.7960424209526654
UBFC_PHYS_s15_T1_test,138,159,143.3,0.16519105434417725,-1.0001672413634215
UBFC_PHYS_s15_T1_test,138,160,143.33333333333334,0.1318597048521042,-1.1194528589033417
UBFC_PHYS_s15_T1_test,138,161,143.36666666666667,0.04916859045624733,-1.1033653279905389
UBFC_PHYS_s15_T1_test,138,162,143.4,-0.13687674701213837,-0.9232529130762217
UBFC_PHYS_s15_T1_test,138,163,143.43333333333334,-0.4353526532649994,-0.5848449484874871
UBFC_PHYS_s15_T1_test,138,164,143.46666666666667,-0.7800019383430481,-0.13286824964571026
UBFC_PHYS_s15_T1_test,138,165,143.5,-1.1045480966567993,0.3557472075386424
UBFC_PHYS_s15_T1_test,138,166,143.53333333333333,-1.3945850133895874,0.7902917441918182
UBFC_PHYS_s15_T1_test,138,167,143.56666666666666,-1.6819182634353638,1.091298728073408
UBFC_PHYS_s15_T1_test,138,168,143.6,-2.0174717903137207,1.2127655824272212
UBFC_PHYS_s15_T1_test,138,169,143.63333333333333,-2.3118538856506348,1.152516018833272
UBFC_PHYS_s15_T1_test,138,170,143.66666666666666,-2.2778079509735107,0.9476653289982487
UBFC_PHYS_s15_T1_test,138,171,143.7,-1.8058969974517822,0.6590181939026326
UBFC_PHYS_s15_T1_test,138,172,143.73333333333332,-1.1973004341125488,0.35102836533748494
UBFC_PHYS_s15_T1_test,138,173,143.76666666666668,-0.7528308629989624,0.07331517378650597
UBFC_PHYS_s15_T1_test,138,174,143.8,-0.45823657512664795,-0.15152347746001696
UBFC_PHYS_s15_T1_test,138,175,143.83333333333334,-0.2880651354789734,-0.330084891824044
UBFC_PHYS_s15_T1_test,138,176,143.86666666666667,-0.31181806325912476,-0.48840392058546556
UBFC_PHYS_s15_T1_test,138,177,143.9,-0.43668511509895325,-0.6527028078603335
UBFC_PHYS_s15_T1_test,138,178,143.93333333333334,-0.47378218173980713,-0.8292232225158678
UBFC_PHYS_s15_T1_test,138,179,143.96666666666667,-0.41673651337623596,-0.9940343441673938
UBFC_PHYS_s15_T1_test,138,180,144.0,-0.3713935315608978,-1.0984616711036805
UBFC_PHYS_s15_T1_test,138,181,144.03333333333333,-0.3314577043056488,-1.0871698689359575
UBFC_PHYS_s15_T1_test,138,182,144.06666666666666,-0.2654708921909332,-0.9204003416835572
UBFC_PHYS_s15_T1_test,138,183,144.1,-0.24961628019809723,-0.5915500154735392
UBFC_PHYS_s15_T1_test,138,184,144.13333333333333,-0.32247793674468994,-0.13465355355359848
UBFC_PHYS_s15_T1_test,138,185,144.16666666666666,-0.3999742865562439,0.37980047041492565
UBFC_PHYS_s15_T1_test,138,186,144.2,-0.43575817346572876,0.8599775353981566
UBFC_PHYS_s15_T1_test,138,187,144.23333333333332,-0.5087164044380188,1.216003951373256
UBFC_PHYS_s15_T1_test,138,188,144.26666666666668,-0.6973494291305542,1.385556168438601
UBFC_PHYS_s15_T1_test,138,189,144.3,-0.965564489364624,1.3526718789743033
UBFC_PHYS_s15_T1_test,138,190,144.33333333333334,-1.1437500715255737,1.1506924096080733
UBFC_PHYS_s15_T1_test,138,191,144.36666666666667,-1.0051333904266357,0.8462403283018103
UBFC_PHYS_s15_T1_test,138,192,144.4,-0.501976728439331,0.5117016013899524
UBFC_PHYS_s15_T1_test,138,193,144.43333333333334,0.11175660789012909,0.2004467035961561
UBFC_PHYS_s15_T1_test,138,194,144.46666666666667,0.534964382648468,-0.06433002076598189
UBFC_PHYS_s15_T1_test,138,195,144.5,0.70212322473526,-0.28570819186450824
UBFC_PHYS_s15_T1_test,138,196,144.53333333333333,0.7045564651489258,-0.48019061741965
UBFC_PHYS_s15_T1_test,138,197,144.56666666666666,0.6420263648033142,-0.6636723132682789
UBFC_PHYS_s15_T1_test,138,198,144.6,0.605952799320221,-0.8406819589393937
UBFC_PHYS_s15_T1_test,138,199,144.63333333333333,0.6582478880882263,-0.9980000229269358
UBFC_PHYS_s15_T1_test,138,200,144.66666666666666,0.7658506035804749,-1.1038536736268032
UBFC_PHYS_s15_T1_test,138,201,144.7,0.8712905049324036,-1.1147811774384673
UBFC_PHYS_s15_T1_test,138,202,144.73333333333332,0.9825816750526428,-0.9902236422670183
UBFC_PHYS_s15_T1_test,138,203,144.76666666666668,1.1047258377075195,-0.710681645426449
UBFC_PHYS_s15_T1_test,138,204,144.8,1.1403359174728394,-0.2920517599485702
UBFC_PHYS_s15_T1_test,138,205,144.83333333333334,0.9959450960159302,0.21093729191276692
UBFC_PHYS_s15_T1_test,138,206,144.86666666666667,0.7131307125091553,0.7149964037677183
UBFC_PHYS_s15_T1_test,138,207,144.9,0.3944937586784363,1.1291969275202263
UBFC_PHYS_s15_T1_test,138,208,144.93333333333334,0.05654551833868027,1.379235814273357
UBFC_PHYS_s15_T1_test,138,209,144.96666666666667,-0.3386608362197876,1.4269245833005515
UBFC_PHYS_s15_T1_test,138,210,145.0,-0.767661988735199,1.2791586769099714
UBFC_PHYS_s15_T1_test,138,211,145.03333333333333,-1.0852367877960205,0.9839611560017856
UBFC_PHYS_s15_T1_test,138,212,145.06666666666666,-1.0884038209915161,0.6140598474138294
UBFC_PHYS_s15_T1_test,138,213,145.1,-0.7173752784729004,0.24245943669797532
UBFC_PHYS_s15_T1_test,138,214,145.13333333333333,-0.18299220502376556,-0.08034943476792546
UBFC_PHYS_s15_T1_test,138,215,145.16666666666666,0.23227861523628235,-0.3369643735311803
UBFC_PHYS_s15_T1_test,138,216,145.2,0.43209293484687805,-0.537648909966179
UBFC_PHYS_s15_T1_test,138,217,145.23333333333332,0.4736895263195038,-0.7043878608325429
UBFC_PHYS_s15_T1_test,138,218,145.26666666666668,0.4349510073661804,-0.8542830399198429
UBFC_PHYS_s15_T1_test,138,219,145.3,0.3988388180732727,-0.9898677206613306
UBFC_PHYS_s15_T1_test,138,220,145.33333333333334,0.42336422204971313,-1.0979175515148827
UBFC_PHYS_s15_T1_test,138,221,145.36666666666667,0.48765161633491516,-1.1537962476733938
UBFC_PHYS_s15_T1_test,138,222,145.4,0.528031587600708,-1.1283737878961544
UBFC_PHYS_s15_T1_test,138,223,145.43333333333334,0.5014978647232056,-0.9967199632142121
UBFC_PHYS_s15_T1_test,138,224,145.46666666666667,0.3685007095336914,-0.7482755902434258
UBFC_PHYS_s15_T1_test,138,225,145.5,0.10569284856319427,-0.39627638110607116
UBFC_PHYS_s15_T1_test,138,226,145.53333333333333,-0.21423792839050293,0.018179090946244036
UBFC_PHYS_s15_T1_test,138,227,145.56666666666666,-0.45615094900131226,0.4317031588679259
UBFC_PHYS_s15_T1_test,138,228,145.6,-0.5728879570960999,0.7737812282997063
UBFC_PHYS_s15_T1_test,138,229,145.63333333333333,-0.6437991261482239,0.986018553544947
UBFC_PHYS_s15_T1_test,138,230,145.66666666666666,-0.8013602495193481,1.0375687141492473
UBFC_PHYS_s15_T1_test,138,231,145.7,-1.0666013956069946,0.9314012161624974
UBFC_PHYS_s15_T1_test,138,232,145.73333333333332,-1.2302842140197754,0.7017788058798411
UBFC_PHYS_s15_T1_test,138,233,145.76666666666668,-1.0407241582870483,0.4066189760838952
UBFC_PHYS_s15_T1_test,138,234,145.8,-0.5752632021903992,0.1164360981841135
UBFC_PHYS_s15_T1_test,138,235,145.83333333333334,-0.18030792474746704,-0.1006152859877871
UBFC_PHYS_s15_T1_test,138,236,145.86666666666667,-0.06633246690034866,-0.19562898161674314
UBFC_PHYS_s15_T1_test,138,237,145.9,-0.1843826174736023,-0.15222580129303548
UBFC_PHYS_s15_T1_test,138,238,145.93333333333334,-0.3963244557380676,0.008920155823833719
UBFC_PHYS_s15_T1_test,138,239,145.96666666666667,-0.5713430047035217,0.2358233755733042
UBFC_PHYS_s15_T1_test,139,0,139.0,1.5638912916183472,-0.08686557472262944
UBFC_PHYS_s15_T1_test,139,1,139.03333333333333,2.1921274662017822,0.1066518719310237
UBFC_PHYS_s15_T1_test,139,2,139.06666666666666,2.5911574363708496,0.2261805394563713
UBFC_PHYS_s15_T1_test,139,3,139.1,2.806053876876831,0.21860342937984495
UBFC_PHYS_s15_T1_test,139,4,139.13333333333333,2.9124207496643066,0.06684401451495722
UBFC_PHYS_s15_T1_test,139,5,139.16666666666666,2.9130773544311523,-0.20881970440559083
UBFC_PHYS_s15_T1_test,139,6,139.2,2.742384433746338,-0.5600376049074168
UBFC_PHYS_s15_T1_test,139,7,139.23333333333332,2.3861098289489746,-0.9234327393870695
UBFC_PHYS_s15_T1_test,139,8,139.26666666666668,1.940423607826233,-1.2322930213698482
UBFC_PHYS_s15_T1_test,139,9,139.3,1.5065945386886597,-1.4264142187671132
UBFC_PHYS_s15_T1_test,139,10,139.33333333333334,1.1319934129714966,-1.4614197317936746
UBFC_PHYS_s15_T1_test,139,11,139.36666666666667,0.862967312335968,-1.3173834104522952
UBFC_PHYS_s15_T1_test,139,12,139.4,0.6797606945037842,-1.0043669027671274
UBFC_PHYS_s15_T1_test,139,13,139.43333333333334,0.46496081352233887,-0.5619054272616042
UBFC_PHYS_s15_T1_test,139,14,139.46666666666667,0.1729349046945572,-0.05135927460200472
UBFC_PHYS_s15_T1_test,139,15,139.5,-0.11764266341924667,0.4569609562854992
UBFC_PHYS_s15_T1_test,139,16,139.53333333333333,-0.3686513304710388,0.8979629330418456
UBFC_PHYS_s15_T1_test,139,17,139.56666666666666,-0.5544263124465942,1.2233169090841294
UBFC_PHYS_s15_T1_test,139,18,139.6,-0.5308858156204224,1.4081008115148426
UBFC_PHYS_s15_T1_test,139,19,139.63333333333333,-0.23573143780231476,1.4517237184093155
UBFC_PHYS_s15_T1_test,139,20,139.66666666666666,0.14373616874217987,1.3727303016392922
UBFC_PHYS_s15_T1_test,139,21,139.7,0.39628973603248596,1.1985079414539108
UBFC_PHYS_s15_T1_test,139,22,139.73333333333332,0.4956851303577423,0.9542605158152818
UBFC_PHYS_s15_T1_test,139,23,139.76666666666668,0.48881030082702637,0.6572370856734886
UBFC_PHYS_s15_T1_test,139,24,139.8,0.3790833353996277,0.31903435360111776
UBFC_PHYS_s15_T1_test,139,25,139.83333333333334,0.18709009885787964,-0.04664701136190115
UBFC_PHYS_s15_T1_test,139,26,139.86666666666667,-0.02483242005109787,-0.41667170332504466
UBFC_PHYS_s15_T1_test,139,27,139.9,-0.20587612688541412,-0.7565994908872572
UBFC_PHYS_s15_T1_test,139,28,139.93333333333334,-0.33056938648223877,-1.0254076771757006
UBFC_PHYS_s15_T1_test,139,29,139.96666666666667,-0.3960734009742737,-1.1843197047387686
UBFC_PHYS_s15_T1_test,139,30,140.0,-0.44757673144340515,-1.2064029025349972
UBFC_PHYS_s15_T1_test,139,31,140.03333333333333,-0.567905604839325,-1.0844250958324153
UBFC_PHYS_s15_T1_test,139,32,140.06666666666666,-0.7553413510322571,-0.8349507869152881
UBFC_PHYS_s15_T1_test,139,33,140.1,-0.900968074798584,-0.49683298252485364
UBFC_PHYS_s15_T1_test,139,34,140.13333333333333,-0.9425839781761169,-0.12319161123851877
UBFC_PHYS_s15_T1_test,139,35,140.16666666666666,-0.9627063870429993,0.23172091615605228
UBFC_PHYS_s15_T1_test,139,36,140.2,-1.0542035102844238,0.5263220984670812
UBFC_PHYS_s15_T1_test,139,37,140.23333333333332,-1.1695114374160767,0.7401159102521832
UBFC_PHYS_s15_T1_test,139,38,140.26666666666668,-1.1396174430847168,0.8724729689142299
UBFC_PHYS_s15_T1_test,139,39,140.3,-0.8497544527053833,0.9327307017261869
UBFC_PHYS_s15_T1_test,139,40,140.33333333333334,-0.4147474467754364,0.9283731144462111
UBFC_PHYS_s15_T1_test,139,41,140.36666666666667,-0.07676058262586594,0.859140923109163
UBFC_PHYS_s15_T1_test,139,42,140.4,0.0521039143204689,0.719354083918125
UBFC_PHYS_s15_T1_test,139,43,140.43333333333334,0.03321743384003639,0.5045085597105385
UBFC_PHYS_s15_T1_test,139,44,140.46666666666667,-0.05820239707827568,0.217437877123668
UBFC_PHYS_s15_T1_test,139,45,140.5,-0.17181093990802765,-0.1276352112979481
UBFC_PHYS_s15_T1_test,139,46,140.53333333333333,-0.24386151134967804,-0.5026870425089465
UBFC_PHYS_s15_T1_test,139,47,140.56666666666666,-0.25280267000198364,-0.8652515839324
UBFC_PHYS_s15_T1_test,139,48,140.6,-0.24092619121074677,-1.1617218114621675
UBFC_PHYS_s15_T1_test,139,49,140.63333333333333,-0.26686128973960876,-1.3368650996287892
UBFC_PHYS_s15_T1_test,139,50,140.66666666666666,-0.3653104603290558,-1.3482881027562965
UBFC_PHYS_s15_T1_test,139,51,140.7,-0.5269463062286377,-1.1805107589413841
UBFC_PHYS_s15_T1_test,139,52,140.73333333333332,-0.706464409828186,-0.8525196442481691
UBFC_PHYS_s15_T1_test,139,53,140.76666666666668,-0.8838775753974915,-0.41533422868885356
UBFC_PHYS_s15_T1_test,139,54,140.8,-1.080968976020813,0.05984412914128185
UBFC_PHYS_s15_T1_test,139,55,140.83333333333334,-1.3273042440414429,0.4990274470518405
UBFC_PHYS_s15_T1_test,139,56,140.86666666666667,-1.669867992401123,0.8430873318690835
UBFC_PHYS_s15_T1_test,139,57,140.9,-2.056577205657959,1.0604602319904513
UBFC_PHYS_s15_T1_test,139,58,140.93333333333334,-2.2270190715789795,1.150777711611716
UBFC_PHYS_s15_T1_test,139,59,140.96666666666667,-2.0106935501098633,1.1377640279833658
UBFC_PHYS_s15_T1_test,139,60,141.0,-1.6358027458190918,1.0538280123398571
UBFC_PHYS_s15_T1_test,139,61,141.03333333333333,-1.4333621263504028,0.9230654287644375
UBFC_PHYS_s15_T1_test,139,62,141.06666666666666,-1.401556372642517,0.7513058235817845
UBFC_PHYS_s15_T1_test,139,63,141.1,-1.4070793390274048,0.5286705477986828
UBFC_PHYS_s15_T1_test,139,64,141.13333333333333,-1.4299826622009277,0.24243424536585081
UBFC_PHYS_s15_T1_test,139,65,141.16666666666666,-1.457269549369812,-0.10808013325027196
UBFC_PHYS_s15_T1_test,139,66,141.2,-1.397404432296753,-0.5022805051271174
UBFC_PHYS_s15_T1_test,139,67,141.23333333333332,-1.2206671237945557,-0.8976118393930343
UBFC_PHYS_s15_T1_test,139,68,141.26666666666668,-1.015310525894165,-1.2361233001263552
UBFC_PHYS_s15_T1_test,139,69,141.3,-0.8333011865615845,-1.4557740206426557
UBFC_PHYS_s15_T1_test,139,70,141.33333333333334,-0.649380087852478,-1.504642350240232
UBFC_PHYS_s15_T1_test,139,71,141.36666666666667,-0.48843950033187866,-1.3560392124650862
UBFC_PHYS_s15_T1_test,139,72,141.4,-0.4238817095756531,-1.02023117496132
UBFC_PHYS_s15_T1_test,139,73,141.43333333333334,-0.45441293716430664,-0.5469533471952625
UBFC_PHYS_s15_T1_test,139,74,141.46666666666667,-0.500798761844635,-0.01528291364034905
UBFC_PHYS_s15_T1_test,139,75,141.5,-0.5243392586708069,0.48702137776688786
UBFC_PHYS_s15_T1_test,139,76,141.53333333333333,-0.5769819021224976,0.8872012406910529
UBFC_PHYS_s15_T1_test,139,77,141.56666666666666,-0.718939483165741,1.1447739134846846
UBFC_PHYS_s15_T1_test,139,78,141.6,-0.8892654180526733,1.256012854116128
UBFC_PHYS_s15_T1_test,139,79,141.63333333333333,-0.8814829587936401,1.2454305409482613
UBFC_PHYS_s15_T1_test,139,80,141.66666666666666,-0.5496370792388916,1.1498017567111525
UBFC_PHYS_s15_T1_test,139,81,141.7,-0.006988752167671919,1.002302776314413
UBFC_PHYS_s15_T1_test,139,82,141.73333333333332,0.49580100178718567,0.822037832498025
UBFC_PHYS_s15_T1_test,139,83,141.76666666666668,0.8066168427467346,0.6108886437794998
UBFC_PHYS_s15_T1_test,139,84,141.8,0.8958544731140137,0.358095423733003
UBFC_PHYS_s15_T1_test,139,85,141.83333333333334,0.8115218877792358,0.05159426431261894
UBFC_PHYS_s15_T1_test,139,86,141.86666666666667,0.6831595301628113,-0.307949031078142
UBFC_PHYS_s15_T1_test,139,87,141.9,0.6270408034324646,-0.6968735441040759
UBFC_PHYS_s15_T1_test,139,88,141.93333333333334,0.6454252004623413,-1.0673248461128573
UBFC_PHYS_s15_T1_test,139,89,141.96666666666667,0.6909226775169373,-1.3563589875408506
UBFC_PHYS_s15_T1_test,139,90,142.0,0.7449944019317627,-1.5022200820803169
UBFC_PHYS_s15_T1_test,139,91,142.03333333333333,0.7861468195915222,-1.4621750066081072
UBFC_PHYS_s15_T1_test,139,92,142.06666666666666,0.7561756372451782,-1.2264239350204842
UBFC_PHYS_s15_T1_test,139,93,142.1,0.6148746609687805,-0.8242157472384423
UBFC_PHYS_s15_T1_test,139,94,142.13333333333333,0.4243490993976593,-0.3200322303767964
UBFC_PHYS_s15_T1_test,139,95,142.16666666666666,0.29899924993515015,0.20036964651354958
UBFC_PHYS_s15_T1_test,139,96,142.2,0.22868670523166656,0.651522089138252
UBFC_PHYS_s15_T1_test,139,97,142.23333333333332,0.0775369331240654,0.9713023982916854
UBFC_PHYS_s15_T1_test,139,98,142.26666666666668,-0.15508733689785004,1.1365460180884688
UBFC_PHYS_s15_T1_test,139,99,142.3,-0.19672255218029022,1.1636345678477547
UBFC_PHYS_s15_T1_test,139,100,142.33333333333334,0.18660731613636017,1.0933554231129692
UBFC_PHYS_s15_T1_test,139,101,142.36666666666667,0.8716573715209961,0.9677757873044239
UBFC_PHYS_s15_T1_test,139,102,142.4,1.486781120300293,0.8111933274521087
UBFC_PHYS_s15_T1_test,139,103,142.43333333333334,1.8124281167984009,0.6243188285508758
UBFC_PHYS_s15_T1_test,139,104,142.46666666666667,1.9392262697219849,0.39233369967238346
UBFC_PHYS_s15_T1_test,139,105,142.5,2.0262045860290527,0.10010585248797155
UBFC_PHYS_s15_T1_test,139,106,142.53333333333333,2.091689109802246,-0.2531615694391958
UBFC_PHYS_s15_T1_test,139,107,142.56666666666666,2.064730644226074,-0.644586748536234
UBFC_PHYS_s15_T1_test,139,108,142.6,1.9330466985702515,-1.0258744644455862
UBFC_PHYS_s15_T1_test,139,109,142.63333333333333,1.8218133449554443,-1.3302841286704277
UBFC_PHYS_s15_T1_test,139,110,142.66666666666666,1.8571338653564453,-1.4879033177699248
UBFC_PHYS_s15_T1_test,139,111,142.7,1.9531497955322266,-1.4461060552651623
UBFC_PHYS_s15_T1_test,139,112,142.73333333333332,1.9433202743530273,-1.188772150011328
UBFC_PHYS_s15_T1_test,139,113,142.76666666666668,1.8226244449615479,-0.7465363221886017
UBFC_PHYS_s15_T1_test,139,114,142.8,1.6322534084320068,-0.19294634593146806
UBFC_PHYS_s15_T1_test,139,115,142.83333333333334,1.3343760967254639,0.3732576151816729
UBFC_PHYS_s15_T1_test,139,116,142.86666666666667,0.9379724860191345,0.8542042220234648
UBFC_PHYS_s15_T1_test,139,117,142.9,0.49025866389274597,1.1786049663914813
UBFC_PHYS_s15_T1_test,139,118,142.93333333333334,0.06272514164447784,1.3185102591852584
UBFC_PHYS_s15_T1_test,139,119,142.96666666666667,-0.14964154362678528,1.291511758789226
UBFC_PHYS_s15_T1_test,139,120,143.0,0.027771640568971634,1.1477040210930645
UBFC_PHYS_s15_T1_test,139,121,143.03333333333333,0.45018765330314636,0.9463608641370298
UBFC_PHYS_s15_T1_test,139,122,143.06666666666666,0.7574888467788696,0.7318703397169601
UBFC_PHYS_s15_T1_test,139,123,143.1,0.8054195642471313,0.5193361387924743
UBFC_PHYS_s15_T1_test,139,124,143.13333333333333,0.7003272771835327,0.2959658004966329
UBFC_PHYS_s15_T1_test,139,125,143.16666666666666,0.5644334554672241,0.036641840650918196
UBFC_PHYS_s15_T1_test,139,126,143.2,0.4240401089191437,-0.2750786344650943
UBFC_PHYS_s15_T1_test,139,127,143.23333333333332,0.29092711210250854,-0.631239757573642
UBFC_PHYS_s15_T1_test,139,128,143.26666666666668,0.20383302867412567,-0.9951470495383156
UBFC_PHYS_s15_T1_test,139,129,143.3,0.16519105434417725,-1.3080575921967565
UBFC_PHYS_s15_T1_test,139,130,143.33333333333334,0.1318597048521042,-1.503266672590607
UBFC_PHYS_s15_T1_test,139,131,143.36666666666667,0.04916859045624733,-1.5236676727014224
UBFC_PHYS_s15_T1_test,139,132,143.4,-0.13687674701213837,-1.3390243022893908
UBFC_PHYS_s15_T1_test,139,133,143.43333333333334,-0.4353526532649994,-0.9587475355707342
UBFC_PHYS_s15_T1_test,139,134,143.46666666666667,-0.7800019383430481,-0.43551833308892884
UBFC_PHYS_s15_T1_test,139,135,143.5,-1.1045480966567993,0.14373978912384786
UBFC_PHYS_s15_T1_test,139,136,143.53333333333333,-1.3945850133895874,0.6791615918723374
UBFC_PHYS_s15_T1_test,139,137,143.56666666666666,-1.6819182634353638,1.0854322557394964
UBFC_PHYS_s15_T1_test,139,138,143.6,-2.0174717903137207,1.3147914952305453
UBFC_PHYS_s15_T1_test,139,139,143.63333333333333,-2.3118538856506348,1.3655676026757295
UBFC_PHYS_s15_T1_test,139,140,143.66666666666666,-2.2778079509735107,1.2734322628389072
UBFC_PHYS_s15_T1_test,139,141,143.7,-1.8058969974517822,1.091135323002733
UBFC_PHYS_s15_T1_test,139,142,143.73333333333332,-1.1973004341125488,0.8665835642506736
UBFC_PHYS_s15_T1_test,139,143,143.76666666666668,-0.7528308629989624,0.6278681086551918
UBFC_PHYS_s15_T1_test,139,144,143.8,-0.45823657512664795,0.37953801568471807
UBFC_PHYS_s15_T1_test,139,145,143.83333333333334,-0.2880651354789734,0.10974941973652891
UBFC_PHYS_s15_T1_test,139,146,143.86666666666667,-0.31181806325912476,-0.19540320411873513
UBFC_PHYS_s15_T1_test,139,147,143.9,-0.43668511509895325,-0.5360892629625255
UBFC_PHYS_s15_T1_test,139,148,143.93333333333334,-0.47378218173980713,-0.8880880442780648
UBFC_PHYS_s15_T1_test,139,149,143.96666666666667,-0.41673651337623596,-1.2024167687508633
UBFC_PHYS_s15_T1_test,139,150,144.0,-0.3713935315608978,-1.4160950188750736
UBFC_PHYS_s15_T1_test,139,151,144.03333333333333,-0.3314577043056488,-1.4702125644334838
UBFC_PHYS_s15_T1_test,139,152,144.06666666666666,-0.2654708921909332,-1.3290704293029807
UBFC_PHYS_s15_T1_test,139,153,144.1,-0.24961628019809723,-0.994360950218689
UBFC_PHYS_s15_T1_test,139,154,144.13333333333333,-0.32247793674468994,-0.5100498629716501
UBFC_PHYS_s15_T1_test,139,155,144.16666666666666,-0.3999742865562439,0.044227024663380785
UBFC_PHYS_s15_T1_test,139,156,144.2,-0.43575817346572876,0.5710700628328891
UBFC_PHYS_s15_T1_test,139,157,144.23333333333332,-0.5087164044380188,0.9808930106077203
UBFC_PHYS_s15_T1_test,139,158,144.26666666666668,-0.6973494291305542,1.2172022773614048
UBFC_PHYS_s15_T1_test,139,159,144.3,-0.965564489364624,1.2713195111744886
UBFC_PHYS_s15_T1_test,139,160,144.33333333333334,-1.1437500715255737,1.1790768376667162
UBFC_PHYS_s15_T1_test,139,161,144.36666666666667,-1.0051333904266357,1.0000539698191953
UBFC_PHYS_s15_T1_test,139,162,144.4,-0.501976728439331,0.7895530257841625
UBFC_PHYS_s15_T1_test,139,163,144.43333333333334,0.11175660789012909,0.5776898837942442
UBFC_PHYS_s15_T1_test,139,164,144.46666666666667,0.534964382648468,0.3647852056899014
UBFC_PHYS_s15_T1_test,139,165,144.5,0.70212322473526,0.1322521890982083
UBFC_PHYS_s15_T1_test,139,166,144.53333333333333,0.7045564651489258,-0.13920189099634112
UBFC_PHYS_s15_T1_test,139,167,144.56666666666666,0.6420263648033142,-0.45347912696826603
UBFC_PHYS_s15_T1_test,139,168,144.6,0.605952799320221,-0.7906035888425281
UBFC_PHYS_s15_T1_test,139,169,144.63333333333333,0.6582478880882263,-1.1067488296854684
UBFC_PHYS_s15_T1_test,139,170,144.66666666666666,0.7658506035804749,-1.3418988082428602
UBFC_PHYS_s15_T1_test,139,171,144.7,0.8712905049324036,-1.4339759956220748
UBFC_PHYS_s15_T1_test,139,172,144.73333333333332,0.9825816750526428,-1.3369043841567538
UBFC_PHYS_s15_T1_test,139,173,144.76666666666668,1.1047258377075195,-1.0378146722420738
UBFC_PHYS_s15_T1_test,139,174,144.8,1.1403359174728394,-0.5672472485786352
UBFC_PHYS_s15_T1_test,139,175,144.83333333333334,0.9959450960159302,0.002748047161441676
UBFC_PHYS_s15_T1_test,139,176,144.86666666666667,0.7131307125091553,0.5739462069758093
UBFC_PHYS_s15_T1_test,139,177,144.9,0.3944937586784363,1.0468738809242728
UBFC_PHYS_s15_T1_test,139,178,144.93333333333334,0.05654551833868027,1.3472187677492353
UBFC_PHYS_s15_T1_test,139,179,144.96666666666667,-0.3386608362197876,1.444487842290595
UBFC_PHYS_s15_T1_test,139,180,145.0,-0.767661988735199,1.3564849268406949
UBFC_PHYS_s15_T1_test,139,181,145.03333333333333,-1.0852367877960205,1.1382512748698488
UBFC_PHYS_s15_T1_test,139,182,145.06666666666666,-1.0884038209915161,0.859289021707996
UBFC_PHYS_s15_T1_test,139,183,145.1,-0.7173752784729004,0.577432021914515
UBFC_PHYS_s15_T1_test,139,184,145.13333333333333,-0.18299220502376556,0.32039215249667574
UBFC_PHYS_s15_T1_test,139,185,145.16666666666666,0.23227861523628235,0.08343718495747134
UBFC_PHYS_s15_T1_test,139,186,145.2,0.43209293484687805,-0.1568675904525355
UBFC_PHYS_s15_T1_test,139,187,145.23333333333332,0.4736895263195038,-0.42153921571902225
UBFC_PHYS_s15_T1_test,139,188,145.26666666666668,0.4349510073661804,-0.711825801885018
UBFC_PHYS_s15_T1_test,139,189,145.3,0.3988388180732727,-1.0028206997658897
UBFC_PHYS_s15_T1_test,139,190,145.33333333333334,0.42336422204971313,-1.2486563839237768
UBFC_PHYS_s15_T1_test,139,191,145.36666666666667,0.48765161633491516,-1.3951193231756138
UBFC_PHYS_s15_T1_test,139,192,145.4,0.528031587600708,-1.394791479460947
UBFC_PHYS_s15_T1_test,139,193,145.43333333333334,0.5014978647232056,-1.22125996899209
UBFC_PHYS_s15_T1_test,139,194,145.46666666666667,0.3685007095336914,-0.8797307651038778
UBFC_PHYS_s15_T1_test,139,195,145.5,0.10569284856319427,-0.41117602355447974
UBFC_PHYS_s15_T1_test,139,196,145.53333333333333,-0.21423792839050293,0.11273009767317063
UBFC_PHYS_s15_T1_test,139,197,145.56666666666666,-0.45615094900131226,0.6047224228174585
UBFC_PHYS_s15_T1_test,139,198,145.6,-0.5728879570960999,0.9839833660360828
UBFC_PHYS_s15_T1_test,139,199,145.63333333333333,-0.6437991261482239,1.197801154390067
UBFC_PHYS_s15_T1_test,139,200,145.66666666666666,-0.8013602495193481,1.2339738293568872
UBFC_PHYS_s15_T1_test,139,201,145.7,-1.0666013956069946,1.1184752715040762
UBFC_PHYS_s15_T1_test,139,202,145.73333333333332,-1.2302842140197754,0.9004137861756897
UBFC_PHYS_s15_T1_test,139,203,145.76666666666668,-1.0407241582870483,0.6324394599287424
UBFC_PHYS_s15_T1_test,139,204,145.8,-0.5752632021903992,0.35500936863871374
UBFC_PHYS_s15_T1_test,139,205,145.83333333333334,-0.18030792474746704,0.08916053559109152
UBFC_PHYS_s15_T1_test,139,206,145.86666666666667,-0.06633246690034866,-0.16143110305370909
UBFC_PHYS_s15_T1_test,139,207,145.9,-0.1843826174736023,-0.4013064304181546
UBFC_PHYS_s15_T1_test,139,208,145.93333333333334,-0.3963244557380676,-0.6314991790457656
UBFC_PHYS_s15_T1_test,139,209,145.96666666666667,-0.5713430047035217,-0.8405781713643341
UBFC_PHYS_s15_T1_test,139,210,146.0,-0.5854595899581909,-1.0024391153716559
UBFC_PHYS_s15_T1_test,139,211,146.03333333333333,-0.4260638952255249,-1.0817829786137712
UBFC_PHYS_s15_T1_test,139,212,146.06666666666666,-0.22738894820213318,-1.044892244771016
UBFC_PHYS_s15_T1_test,139,213,146.1,-0.04893295839428902,-0.8713513172161577
UBFC_PHYS_s15_T1_test,139,214,146.13333333333333,0.14784948527812958,-0.5626404956429623
UBFC_PHYS_s15_T1_test,139,215,146.16666666666666,0.30894458293914795,-0.14545810847415536
UBFC_PHYS_s15_T1_test,139,216,146.2,0.29142922163009644,0.33033817758439943
UBFC_PHYS_s15_T1_test,139,217,146.23333333333332,0.07610789686441422,0.7987171150078749
UBFC_PHYS_s15_T1_test,139,218,146.26666666666668,-0.18689309060573578,1.189636562601031
UBFC_PHYS_s15_T1_test,139,219,146.3,-0.37672343850135803,1.4455558366285126
UBFC_PHYS_s15_T1_test,139,220,146.33333333333334,-0.5472231507301331,1.5373152233463807
UBFC_PHYS_s15_T1_test,139,221,146.36666666666667,-0.8208839893341064,1.4714637146921965
UBFC_PHYS_s15_T1_test,139,222,146.4,-1.2005447149276733,1.283907309662511
UBFC_PHYS_s15_T1_test,139,223,146.43333333333334,-1.47219717502594,1.0223444055085493
UBFC_PHYS_s15_T1_test,139,224,146.46666666666667,-1.3695381879806519,0.727275549611036
UBFC_PHYS_s15_T1_test,139,225,146.5,-0.9003308415412903,0.4221585503224561
UBFC_PHYS_s15_T1_test,139,226,146.53333333333333,-0.37183767557144165,0.11587749650679523
UBFC_PHYS_s15_T1_test,139,227,146.56666666666666,0.006896093487739563,-0.1878545263510408
UBFC_PHYS_s15_T1_test,139,228,146.6,0.26622793078422546,-0.48184354913234173
UBFC_PHYS_s15_T1_test,139,229,146.63333333333333,0.44024232029914856,-0.7519062167087306
UBFC_PHYS_s15_T1_test,139,230,146.66666666666666,0.5334388017654419,-0.9785903274025214
UBFC_PHYS_s15_T1_test,139,231,146.7,0.6281415224075317,-1.1418227714464462
UBFC_PHYS_s15_T1_test,139,232,146.73333333333332,0.7975791096687317,-1.2262281905108665
UBFC_PHYS_s15_T1_test,139,233,146.76666666666668,0.9658387303352356,-1.2257414940084452
UBFC_PHYS_s15_T1_test,139,234,146.8,1.0070297718048096,-1.1462709496384245
UBFC_PHYS_s15_T1_test,139,235,146.83333333333334,0.9360799789428711,-1.0050123832360056
UBFC_PHYS_s15_T1_test,139,236,146.86666666666667,0.8181070685386658,-0.8257429398692105
UBFC_PHYS_s15_T1_test,139,237,146.9,0.609602689743042,-0.6312497202046579
UBFC_PHYS_s15_T1_test,139,238,146.93333333333334,0.2661120593547821,-0.4361047500062151
UBFC_PHYS_s15_T1_test,139,239,146.96666666666667,-0.08375128358602524,-0.24366248013356653
UBFC_PHYS_s15_T1_test,140,0,140.0,-0.44757673144340515,0.06351529877904091
UBFC_PHYS_s15_T1_test,140,1,140.03333333333333,-0.567905604839325,0.5560188119735711
UBFC_PHYS_s15_T1_test,140,2,140.06666666666666,-0.7553413510322571,0.9489086531163868
UBFC_PHYS_s15_T1_test,140,3,140.1,-0.900968074798584,1.1739127979711774
UBFC_PHYS_s15_T1_test,140,4,140.13333333333333,-0.9425839781761169,1.2111691471303716
UBFC_PHYS_s15_T1_test,140,5,140.16666666666666,-0.9627063870429993,1.0937161101293424
UBFC_PHYS_s15_T1_test,140,6,140.2,-1.0542035102844238,0.8935189007146793
UBFC_PHYS_s15_T1_test,140,7,140.23333333333332,-1.1695114374160767,0.6937261512601208
UBFC_PHYS_s15_T1_test,140,8,140.26666666666668,-1.1396174430847168,0.5578359741143509
UBFC_PHYS_s15_T1_test,140,9,140.3,-0.8497544527053833,0.5078819199234833
UBFC_PHYS_s15_T1_test,140,10,140.33333333333334,-0.4147474467754364,0.519981356894382
UBFC_PHYS_s15_T1_test,140,11,140.36666666666667,-0.07676058262586594,0.5381547131566542
UBFC_PHYS_s15_T1_test,140,12,140.4,0.0521039143204689,0.49950416378751067
UBFC_PHYS_s15_T1_test,140,13,140.43333333333334,0.03321743384003639,0.3597228751595663
UBFC_PHYS_s15_T1_test,140,14,140.46666666666667,-0.05820239707827568,0.10956518383310188
UBFC_PHYS_s15_T1_test,140,15,140.5,-0.17181093990802765,-0.22176339792383215
UBFC_PHYS_s15_T1_test,140,16,140.53333333333333,-0.24386151134967804,-0.5750668699400284
UBFC_PHYS_s15_T1_test,140,17,140.56666666666666,-0.25280267000198364,-0.8773779185888539
UBFC_PHYS_s15_T1_test,140,18,140.6,-0.24092619121074677,-1.0615044265238807
UBFC_PHYS_s15_T1_test,140,19,140.63333333333333,-0.26686128973960876,-1.0846140768379133
UBFC_PHYS_s15_T1_test,140,20,140.66666666666666,-0.3653104603290558,-0.9408890376146404
UBFC_PHYS_s15_T1_test,140,21,140.7,-0.5269463062286377,-0.6636580586901465
UBFC_PHYS_s15_T1_test,140,22,140.73333333333332,-0.706464409828186,-0.31564087088656273
UBFC_PHYS_s15_T1_test,140,23,140.76666666666668,-0.8838775753974915,0.029605838791522412
UBFC_PHYS_s15_T1_test,140,24,140.8,-1.080968976020813,0.30890894231826965
UBFC_PHYS_s15_T1_test,140,25,140.83333333333334,-1.3273042440414429,0.48644027698817566
UBFC_PHYS_s15_T1_test,140,26,140.86666666666667,-1.669867992401123,0.560771313123065
UBFC_PHYS_s15_T1_test,140,27,140.9,-2.056577205657959,0.5595933922991163
UBFC_PHYS_s15_T1_test,140,28,140.93333333333334,-2.2270190715789795,0.5241694920250694
UBFC_PHYS_s15_T1_test,140,29,140.96666666666667,-2.0106935501098633,0.4896148085994118
UBFC_PHYS_s15_T1_test,140,30,141.0,-1.6358027458190918,0.4688779987907716
UBFC_PHYS_s15_T1_test,140,31,141.03333333333333,-1.4333621263504028,0.44705729319863646
UBFC_PHYS_s15_T1_test,140,32,141.06666666666666,-1.401556372642517,0.38874162265674106
UBFC_PHYS_s15_T1_test,140,33,141.1,-1.4070793390274048,0.2555908343101985
UBFC_PHYS_s15_T1_test,140,34,141.13333333333333,-1.4299826622009277,0.02651433297785491
UBFC_PHYS_s15_T1_test,140,35,141.16666666666666,-1.457269549369812,-0.288531941066176
UBFC_PHYS_s15_T1_test,140,36,141.2,-1.397404432296753,-0.6467362747950189
UBFC_PHYS_s15_T1_test,140,37,141.23333333333332,-1.2206671237945557,-0.9825621733333929
UBFC_PHYS_s15_T1_test,140,38,141.26666666666668,-1.015310525894165,-1.2253139851914079
UBFC_PHYS_s15_T1_test,140,39,141.3,-0.8333011865615845,-1.3180041505824958
UBFC_PHYS_s15_T1_test,140,40,141.33333333333334,-0.649380087852478,-1.2322919006005166
UBFC_PHYS_s15_T1_test,140,41,141.36666666666667,-0.48843950033187866,-0.9760773352883397
UBFC_PHYS_s15_T1_test,140,42,141.4,-0.4238817095756531,-0.5918612911966763
UBFC_PHYS_s15_T1_test,140,43,141.43333333333334,-0.45441293716430664,-0.14583668344910344
UBFC_PHYS_s15_T1_test,140,44,141.46666666666667,-0.500798761844635,0.2895160151930707
UBFC_PHYS_s15_T1_test,140,45,141.5,-0.5243392586708069,0.6540244433037319
UBFC_PHYS_s15_T1_test,140,46,141.53333333333333,-0.5769819021224976,0.9136180452056812
UBFC_PHYS_s15_T1_test,140,47,141.56666666666666,-0.718939483165741,1.0646613106154759
UBFC_PHYS_s15_T1_test,140,48,141.6,-0.8892654180526733,1.1271123448963924
UBFC_PHYS_s15_T1_test,140,49,141.63333333333333,-0.8814829587936401,1.1292122983497386
UBFC_PHYS_s15_T1_test,140,50,141.66666666666666,-0.5496370792388916,1.0909319011021088
UBFC_PHYS_s15_T1_test,140,51,141.7,-0.006988752167671919,1.0143852064195082
UBFC_PHYS_s15_T1_test,140,52,141.73333333333332,0.49580100178718567,0.8851100754776557
UBFC_PHYS_s15_T1_test,140,53,141.76666666666668,0.8066168427467346,0.6821777310714372
UBFC_PHYS_s15_T1_test,140,54,141.8,0.8958544731140137,0.3919248400960126
UBFC_PHYS_s15_T1_test,140,55,141.83333333333334,0.8115218877792358,0.019925776042022805
UBFC_PHYS_s15_T1_test,140,56,141.86666666666667,0.6831595301628113,-0.40302451824060287
UBFC_PHYS_s15_T1_test,140,57,141.9,0.6270408034324646,-0.8232690538639702
UBFC_PHYS_s15_T1_test,140,58,141.93333333333334,0.6454252004623413,-1.1748185553850856
UBFC_PHYS_s15_T1_test,140,59,141.96666666666667,0.6909226775169373,-1.39518224055566
UBFC_PHYS_s15_T1_test,140,60,142.0,0.7449944019317627,-1.441608700327714
UBFC_PHYS_s15_T1_test,140,61,142.03333333333333,0.7861468195915222,-1.302566371747566
UBFC_PHYS_s15_T1_test,140,62,142.06666666666666,0.7561756372451782,-1.0011060832541432
UBFC_PHYS_s15_T1_test,140,63,142.1,0.6148746609687805,-0.5895523959529725
UBFC_PHYS_s15_T1_test,140,64,142.13333333333333,0.4243490993976593,-0.13732942518610552
UBFC_PHYS_s15_T1_test,140,65,142.16666666666666,0.29899924993515015,0.2849552320226111
UBFC_PHYS_s15_T1_test,140,66,142.2,0.22868670523166656,0.6215331852459118
UBFC_PHYS_s15_T1_test,140,67,142.23333333333332,0.0775369331240654,0.8435329436527162
UBFC_PHYS_s15_T1_test,140,68,142.26666666666668,-0.15508733689785004,0.9527467911503099
UBFC_PHYS_s15_T1_test,140,69,142.3,-0.19672255218029022,0.9745161211545939
UBFC_PHYS_s15_T1_test,140,70,142.33333333333334,0.18660731613636017,0.9417388275344597
UBFC_PHYS_s15_T1_test,140,71,142.36666666666667,0.8716573715209961,0.8770210748699127
UBFC_PHYS_s15_T1_test,140,72,142.4,1.486781120300293,0.7818616840411522
UBFC_PHYS_s15_T1_test,140,73,142.43333333333334,1.8124281167984009,0.6384848090355585
UBFC_PHYS_s15_T1_test,140,74,142.46666666666667,1.9392262697219849,0.42283323067910633
UBFC_PHYS_s15_T1_test,140,75,142.5,2.0262045860290527,0.12142849070405233
UBFC_PHYS_s15_T1_test,140,76,142.53333333333333,2.091689109802246,-0.2556709215839202
UBFC_PHYS_s15_T1_test,140,77,142.56666666666666,2.064730644226074,-0.6702612892025289
UBFC_PHYS_s15_T1_test,140,78,142.6,1.9330466985702515,-1.0606461833909
UBFC_PHYS_s15_T1_test,140,79,142.63333333333333,1.8218133449554443,-1.3541504722263948
UBFC_PHYS_s15_T1_test,140,80,142.66666666666666,1.8571338653564453,-1.4847037567269135
UBFC_PHYS_s15_T1_test,140,81,142.7,1.9531497955322266,-1.411354704691949
UBFC_PHYS_s15_T1_test,140,82,142.73333333333332,1.9433202743530273,-1.1322025673920004
UBFC_PHYS_s15_T1_test,140,83,142.76666666666668,1.8226244449615479,-0.6884649383455481
UBFC_PHYS_s15_T1_test,140,84,142.8,1.6322534084320068,-0.1563704249189861
UBFC_PHYS_s15_T1_test,140,85,142.83333333333334,1.3343760967254639,0.37125143521838894
UBFC_PHYS_s15_T1_test,140,86,142.86666666666667,0.9379724860191345,0.8085329568525697
UBFC_PHYS_s15_T1_test,140,87,142.9,0.49025866389274597,1.098243778226748
UBFC_PHYS_s15_T1_test,140,88,142.93333333333334,0.06272514164447784,1.2242110316830808
UBFC_PHYS_s15_T1_test,140,89,142.96666666666667,-0.14964154362678528,1.2095408301959991
UBFC_PHYS_s15_T1_test,140,90,143.0,0.027771640568971634,1.1011429897347724
UBFC_PHYS_s15_T1_test,140,91,143.03333333333333,0.45018765330314636,0.9471021734542758
UBFC_PHYS_s15_T1_test,140,92,143.06666666666666,0.7574888467788696,0.7767943002535029
UBFC_PHYS_s15_T1_test,140,93,143.1,0.8054195642471313,0.5924095767471723
UBFC_PHYS_s15_T1_test,140,94,143.13333333333333,0.7003272771835327,0.3750464517973061
UBFC_PHYS_s15_T1_test,140,95,143.16666666666666,0.5644334554672241,0.10155811302018879
UBFC_PHYS_s15_T1_test,140,96,143.2,0.4240401089191437,-0.2365278490861894
UBFC_PHYS_s15_T1_test,140,97,143.23333333333332,0.29092711210250854,-0.6208748299305764
UBFC_PHYS_s15_T1_test,140,98,143.26666666666668,0.20383302867412567,-1.0054604402828626
UBFC_PHYS_s15_T1_test,140,99,143.3,0.16519105434417725,-1.3260112617255124
UBFC_PHYS_s15_T1_test,140,100,143.33333333333334,0.1318597048521042,-1.5157801654195713
UBFC_PHYS_s15_T1_test,140,101,143.36666666666667,0.04916859045624733,-1.5230684775061467
UBFC_PHYS_s15_T1_test,140,102,143.4,-0.13687674701213837,-1.3261575304695488
UBFC_PHYS_s15_T1_test,140,103,143.43333333333334,-0.4353526532649994,-0.9419256977999044
UBFC_PHYS_s15_T1_test,140,104,143.46666666666667,-0.7800019383430481,-0.4255108506696867
UBFC_PHYS_s15_T1_test,140,105,143.5,-1.1045480966567993,0.13998556175085403
UBFC_PHYS_s15_T1_test,140,106,143.53333333333333,-1.3945850133895874,0.6624296153113739
UBFC_PHYS_s15_T1_test,140,107,143.56666666666666,-1.6819182634353638,1.0636836981424553
UBFC_PHYS_s15_T1_test,140,108,143.6,-2.0174717903137207,1.2990745714697185
UBFC_PHYS_s15_T1_test,140,109,143.63333333333333,-2.3118538856506348,1.3654673415646448
UBFC_PHYS_s15_T1_test,140,110,143.66666666666666,-2.2778079509735107,1.2945479543903482
UBFC_PHYS_s15_T1_test,140,111,143.7,-1.8058969974517822,1.134669165076318
UBFC_PHYS_s15_T1_test,140,112,143.73333333333332,-1.1973004341125488,0.9297112460550442
UBFC_PHYS_s15_T1_test,140,113,143.76666666666668,-0.7528308629989624,0.7041144044555699
UBFC_PHYS_s15_T1_test,140,114,143.8,-0.45823657512664795,0.45938550441726406
UBFC_PHYS_s15_T1_test,140,115,143.83333333333334,-0.2880651354789734,0.18182251549068484
UBFC_PHYS_s15_T1_test,140,116,143.86666666666667,-0.31181806325912476,-0.1428839554009509
UBFC_PHYS_s15_T1_test,140,117,143.9,-0.43668511509895325,-0.5142876548581795
UBFC_PHYS_s15_T1_test,140,118,143.93333333333334,-0.47378218173980713,-0.907058890934924
UBFC_PHYS_s15_T1_test,140,119,143.96666666666667,-0.41673651337623596,-1.2702391842401315
UBFC_PHYS_s15_T1_test,140,120,144.0,-0.3713935315608978,-1.5367945898038915
UBFC_PHYS_s15_T1_test,140,121,144.03333333333333,-0.3314577043056488,-1.6408520046806627
UBFC_PHYS_s15_T1_test,140,122,144.06666666666666,-0.2654708921909332,-1.537402919884224
UBFC_PHYS_s15_T1_test,140,123,144.1,-0.24961628019809723,-1.2183510088905183
UBFC_PHYS_s15_T1_test,140,124,144.13333333333333,-0.32247793674468994,-0.7197128599317962
UBFC_PHYS_s15_T1_test,140,125,144.16666666666666,-0.3999742865562439,-0.11707924431653224
UBFC_PHYS_s15_T1_test,140,126,144.2,-0.43575817346572876,0.4904960580951581
UBFC_PHYS_s15_T1_test,140,127,144.23333333333332,-0.5087164044380188,1.0045245308846218
UBFC_PHYS_s15_T1_test,140,128,144.26666666666668,-0.6973494291305542,1.3521042563687324
UBFC_PHYS_s15_T1_test,140,129,144.3,-0.965564489364624,1.503386086171815
UBFC_PHYS_s15_T1_test,140,130,144.33333333333334,-1.1437500715255737,1.4744775053221832
UBFC_PHYS_s15_T1_test,140,131,144.36666666666667,-1.0051333904266357,1.314163680344692
UBFC_PHYS_s15_T1_test,140,132,144.4,-0.501976728439331,1.0803969921075376
UBFC_PHYS_s15_T1_test,140,133,144.43333333333334,0.11175660789012909,0.8175723794314611
UBFC_PHYS_s15_T1_test,140,134,144.46666666666667,0.534964382648468,0.5444741499202149
UBFC_PHYS_s15_T1_test,140,135,144.5,0.70212322473526,0.25654391131403514
UBFC_PHYS_s15_T1_test,140,136,144.53333333333333,0.7045564651489258,-0.06112358859166724
UBFC_PHYS_s15_T1_test,140,137,144.56666666666666,0.6420263648033142,-0.41759862941549947
UBFC_PHYS_s15_T1_test,140,138,144.6,0.605952799320221,-0.8033167802257284
UBFC_PHYS_s15_T1_test,140,139,144.63333333333333,0.6582478880882263,-1.1841914883206204
UBFC_PHYS_s15_T1_test,140,140,144.66666666666666,0.7658506035804749,-1.5042441930399664
UBFC_PHYS_s15_T1_test,140,141,144.7,0.8712905049324036,-1.6969465859337818
UBFC_PHYS_s15_T1_test,140,142,144.73333333333332,0.9825816750526428,-1.7030177763182366
UBFC_PHYS_s15_T1_test,140,143,144.76666666666668,1.1047258377075195,-1.4896927220569043
UBFC_PHYS_s15_T1_test,140,144,144.8,1.1403359174728394,-1.0651542255446367
UBFC_PHYS_s15_T1_test,140,145,144.83333333333334,0.9959450960159302,-0.4826069109545405
UBFC_PHYS_s15_T1_test,140,146,144.86666666666667,0.7131307125091553,0.168727657757164
UBFC_PHYS_s15_T1_test,140,147,144.9,0.3944937586784363,0.7841563029117432
UBFC_PHYS_s15_T1_test,140,148,144.93333333333334,0.05654551833868027,1.269609590451522
UBFC_PHYS_s15_T1_test,140,149,144.96666666666667,-0.3386608362197876,1.5646628854537052
UBFC_PHYS_s15_T1_test,140,150,145.0,-0.767661988735199,1.6545586200564326
UBFC_PHYS_s15_T1_test,140,151,145.03333333333333,-1.0852367877960205,1.5671636597945622
UBFC_PHYS_s15_T1_test,140,152,145.06666666666666,-1.0884038209915161,1.3564026288883746
UBFC_PHYS_s15_T1_test,140,153,145.1,-0.7173752784729004,1.0791646951809148
UBFC_PHYS_s15_T1_test,140,154,145.13333333333333,-0.18299220502376556,0.7756876960980333
UBFC_PHYS_s15_T1_test,140,155,145.16666666666666,0.23227861523628235,0.4616015347568983
UBFC_PHYS_s15_T1_test,140,156,145.2,0.43209293484687805,0.1333132500345184
UBFC_PHYS_s15_T1_test,140,157,145.23333333333332,0.4736895263195038,-0.21826970044200872
UBFC_PHYS_s15_T1_test,140,158,145.26666666666668,0.4349510073661804,-0.5931763113335663
UBFC_PHYS_s15_T1_test,140,159,145.3,0.3988388180732727,-0.9728734782444133
UBFC_PHYS_s15_T1_test,140,160,145.33333333333334,0.42336422204971313,-1.3185424917826003
UBFC_PHYS_s15_T1_test,140,161,145.36666666666667,0.48765161633491516,-1.5770204246974802
UBFC_PHYS_s15_T1_test,140,162,145.4,0.528031587600708,-1.6926274713671134
UBFC_PHYS_s15_T1_test,140,163,145.43333333333334,0.5014978647232056,-1.6220967402252233
UBFC_PHYS_s15_T1_test,140,164,145.46666666666667,0.3685007095336914,-1.348892982914951
UBFC_PHYS_s15_T1_test,140,165,145.5,0.10569284856319427,-0.8927997375981077
UBFC_PHYS_s15_T1_test,140,166,145.53333333333333,-0.21423792839050293,-0.3113732480188841
UBFC_PHYS_s15_T1_test,140,167,145.56666666666666,-0.45615094900131226,0.3085752434892069
UBFC_PHYS_s15_T1_test,140,168,145.6,-0.5728879570960999,0.8691203196948557
UBFC_PHYS_s15_T1_test,140,169,145.63333333333333,-0.6437991261482239,1.285177521134098
UBFC_PHYS_s15_T1_test,140,170,145.66666666666666,-0.8013602495193481,1.5064082920000146
UBFC_PHYS_s15_T1_test,140,171,145.7,-1.0666013956069946,1.5281862711216954
UBFC_PHYS_s15_T1_test,140,172,145.73333333333332,-1.2302842140197754,1.387096752134708
UBFC_PHYS_s15_T1_test,140,173,145.76666666666668,-1.0407241582870483,1.1433637073355651
UBFC_PHYS_s15_T1_test,140,174,145.8,-0.5752632021903992,0.8577113711891823
UBFC_PHYS_s15_T1_test,140,175,145.83333333333334,-0.18030792474746704,0.5717074291613183
UBFC_PHYS_s15_T1_test,140,176,145.86666666666667,-0.06633246690034866,0.29876055936174617
UBFC_PHYS_s15_T1_test,140,177,145.9,-0.1843826174736023,0.02843221877809327
UBFC_PHYS_s15_T1_test,140,178,145.93333333333334,-0.3963244557380676,-0.25884554931858594
UBFC_PHYS_s15_T1_test,140,179,145.96666666666667,-0.5713430047035217,-0.5737181334095427
UBFC_PHYS_s15_T1_test,140,180,146.0,-0.5854595899581909,-0.9044398332674077
UBFC_PHYS_s15_T1_test,140,181,146.03333333333333,-0.4260638952255249,-1.2133583585188963
UBFC_PHYS_s15_T1_test,140,182,146.06666666666666,-0.22738894820213318,-1.4442676369606318
UBFC_PHYS_s15_T1_test,140,183,146.1,-0.04893295839428902,-1.53751957286925
UBFC_PHYS_s15_T1_test,140,184,146.13333333333333,0.14784948527812958,-1.4478588499420137
UBFC_PHYS_s15_T1_test,140,185,146.16666666666666,0.30894458293914795,-1.1599159040042555
UBFC_PHYS_s15_T1_test,140,186,146.2,0.29142922163009644,-0.6971856523945218
UBFC_PHYS_s15_T1_test,140,187,146.23333333333332,0.07610789686441422,-0.12166553692583043
UBFC_PHYS_s15_T1_test,140,188,146.26666666666668,-0.18689309060573578,0.4768472131323279
UBFC_PHYS_s15_T1_test,140,189,146.3,-0.37672343850135803,1.0003145000564093
UBFC_PHYS_s15_T1_test,140,190,146.33333333333334,-0.5472231507301331,1.3663685609739653
UBFC_PHYS_s15_T1_test,140,191,146.36666666666667,-0.8208839893341064,1.529307590237526
UBFC_PHYS_s15_T1_test,140,192,146.4,-1.2005447149276733,1.4900975958553857
UBFC_PHYS_s15_T1_test,140,193,146.43333333333334,-1.47219717502594,1.2907622604857987
UBFC_PHYS_s15_T1_test,140,194,146.46666666666667,-1.3695381879806519,0.995924517413624
UBFC_PHYS_s15_T1_test,140,195,146.5,-0.9003308415412903,0.6702039767233221
UBFC_PHYS_s15_T1_test,140,196,146.53333333333333,-0.37183767557144165,0.36019592813925505
UBFC_PHYS_s15_T1_test,140,197,146.56666666666666,0.006896093487739563,0.0858622450922319
UBFC_PHYS_s15_T1_test,140,198,146.6,0.26622793078422546,-0.15762872098981762
UBFC_PHYS_s15_T1_test,140,199,146.63333333333333,0.44024232029914856,-0.3893159359425182
UBFC_PHYS_s15_T1_test,140,200,146.66666666666666,0.5334388017654419,-0.627056658369489
UBFC_PHYS_s15_T1_test,140,201,146.7,0.6281415224075317,-0.8728216875689504
UBFC_PHYS_s15_T1_test,140,202,146.73333333333332,0.7975791096687317,-1.1043184759750218
UBFC_PHYS_s15_T1_test,140,203,146.76666666666668,0.9658387303352356,-1.2767859316894197
UBFC_PHYS_s15_T1_test,140,204,146.8,1.0070297718048096,-1.3352210389802106
UBFC_PHYS_s15_T1_test,140,205,146.83333333333334,0.9360799789428711,-1.233299754222356
UBFC_PHYS_s15_T1_test,140,206,146.86666666666667,0.8181070685386658,-0.9525358048146874
UBFC_PHYS_s15_T1_test,140,207,146.9,0.609602689743042,-0.5147938047362222
UBFC_PHYS_s15_T1_test,140,208,146.93333333333334,0.2661120593547821,0.01677699650550058
UBFC_PHYS_s15_T1_test,140,209,146.96666666666667,-0.08375128358602524,0.5498603864020112
UBFC_PHYS_s15_T1_test,140,210,147.0,-0.27667146921157837,0.9856920960189088
UBFC_PHYS_s15_T1_test,140,211,147.03333333333333,-0.3434886634349823,1.24609931380993
UBFC_PHYS_s15_T1_test,140,212,147.06666666666666,-0.4619636535644531,1.2958095526914235
UBFC_PHYS_s15_T1_test,140,213,147.1,-0.699357807636261,1.1513211461285364
UBFC_PHYS_s15_T1_test,140,214,147.13333333333333,-0.8942863941192627,0.872259932045652
UBFC_PHYS_s15_T1_test,140,215,147.16666666666666,-0.7680482268333435,0.5384967373413764
UBFC_PHYS_s15_T1_test,140,216,147.2,-0.22076515853405,0.2227796841178969
UBFC_PHYS_s15_T1_test,140,217,147.23333333333332,0.5224120020866394,-0.02986373091076972
UBFC_PHYS_s15_T1_test,140,218,147.26666666666668,1.1177417039871216,-0.2093913982242758
UBFC_PHYS_s15_T1_test,140,219,147.3,1.3965779542922974,-0.334880116720333
UBFC_PHYS_s15_T1_test,140,220,147.33333333333334,1.4013864994049072,-0.4399228475112833
UBFC_PHYS_s15_T1_test,140,221,147.36666666666667,1.2576909065246582,-0.5549705742386151
UBFC_PHYS_s15_T1_test,140,222,147.4,1.0870366096496582,-0.6922503277818973
UBFC_PHYS_s15_T1_test,140,223,147.43333333333334,0.9427810311317444,-0.8378892500585645
UBFC_PHYS_s15_T1_test,140,224,147.46666666666667,0.8259474635124207,-0.953766250844317
UBFC_PHYS_s15_T1_test,140,225,147.5,0.7279038429260254,-0.9887690567524179
UBFC_PHYS_s15_T1_test,140,226,147.53333333333333,0.6297250390052795,-0.8962649256730434
UBFC_PHYS_s15_T1_test,140,227,147.56666666666666,0.5219678282737732,-0.6524678243631695
UBFC_PHYS_s15_T1_test,140,228,147.6,0.4121057093143463,-0.26963992235826084
UBFC_PHYS_s15_T1_test,140,229,147.63333333333333,0.2714613080024719,0.20101164717487377
UBFC_PHYS_s15_T1_test,140,230,147.66666666666666,0.06417349725961685,0.6792342339805388
UBFC_PHYS_s15_T1_test,140,231,147.7,-0.1690301150083542,1.0766808074760221
UBFC_PHYS_s15_T1_test,140,232,147.73333333333332,-0.3504600524902344,1.322445032580108
UBFC_PHYS_s15_T1_test,140,233,147.76666666666668,-0.48979127407073975,1.3840039186045403
UBFC_PHYS_s15_T1_test,140,234,147.8,-0.6647133231163025,1.275580224349544
UBFC_PHYS_s15_T1_test,140,235,147.83333333333334,-0.8902889490127563,1.0503539326405114
UBFC_PHYS_s15_T1_test,140,236,147.86666666666667,-1.0765273571014404,0.7787487291490058
UBFC_PHYS_s15_T1_test,140,237,147.9,-1.0619087219238281,0.5207907494321098
UBFC_PHYS_s15_T1_test,140,238,147.93333333333334,-0.725022554397583,0.3043036881300307
UBFC_PHYS_s15_T1_test,140,239,147.96666666666667,-0.157211571931839,0.11921241204163624
UBFC_PHYS_s15_T1_test,141,0,141.0,-1.6358027458190918,-0.12208068675035977
UBFC_PHYS_s15_T1_test,141,1,141.03333333333333,-1.4333621263504028,0.5364442248181819
UBFC_PHYS_s15_T1_test,141,2,141.06666666666666,-1.401556372642517,1.0421286740854039
UBFC_PHYS_s15_T1_test,141,3,141.1,-1.4070793390274048,1.2853037543989283
UBFC_PHYS_s15_T1_test,141,4,141.13333333333333,-1.4299826622009277,1.2324989419415968
UBFC_PHYS_s15_T1_test,141,5,141.16666666666666,-1.457269549369812,0.931453659303842
UBFC_PHYS_s15_T1_test,141,6,141.2,-1.397404432296753,0.4885625625531891
UBFC_PHYS_s15_T1_test,141,7,141.23333333333332,-1.2206671237945557,0.0292855597295368
UBFC_PHYS_s15_T1_test,141,8,141.26666666666668,-1.015310525894165,-0.3411921216274582
UBFC_PHYS_s15_T1_test,141,9,141.3,-0.8333011865615845,-0.5625630954186714
UBFC_PHYS_s15_T1_test,141,10,141.33333333333334,-0.649380087852478,-0.6247368540392971
UBFC_PHYS_s15_T1_test,141,11,141.36666666666667,-0.48843950033187866,-0.5585504371203638
UBFC_PHYS_s15_T1_test,141,12,141.4,-0.4238817095756531,-0.4188108123862151
UBFC_PHYS_s15_T1_test,141,13,141.43333333333334,-0.45441293716430664,-0.2645069823211927
UBFC_PHYS_s15_T1_test,141,14,141.46666666666667,-0.500798761844635,-0.13968732164124897
UBFC_PHYS_s15_T1_test,141,15,141.5,-0.5243392586708069,-0.05937956592904153
UBFC_PHYS_s15_T1_test,141,16,141.53333333333333,-0.5769819021224976,-0.006108293145114518
UBFC_PHYS_s15_T1_test,141,17,141.56666666666666,-0.718939483165741,0.05927947264808919
UBFC_PHYS_s15_T1_test,141,18,141.6,-0.8892654180526733,0.1750070686311077
UBFC_PHYS_s15_T1_test,141,19,141.63333333333333,-0.8814829587936401,0.35392023362135616
UBFC_PHYS_s15_T1_test,141,20,141.66666666666666,-0.5496370792388916,0.5703646434891246
UBFC_PHYS_s15_T1_test,141,21,141.7,-0.006988752167671919,0.7665436588881478
UBFC_PHYS_s15_T1_test,141,22,141.73333333333332,0.49580100178718567,0.8748227308878216
UBFC_PHYS_s15_T1_test,141,23,141.76666666666668,0.8066168427467346,0.843477929536237
UBFC_PHYS_s15_T1_test,141,24,141.8,0.8958544731140137,0.6544288544068956
UBFC_PHYS_s15_T1_test,141,25,141.83333333333334,0.8115218877792358,0.32861866527693595
UBFC_PHYS_s15_T1_test,141,26,141.86666666666667,0.6831595301628113,-0.07961472903045182
UBFC_PHYS_s15_T1_test,141,27,141.9,0.6270408034324646,-0.4958446304008703
UBFC_PHYS_s15_T1_test,141,28,141.93333333333334,0.6454252004623413,-0.843288214227123
UBFC_PHYS_s15_T1_test,141,29,141.96666666666667,0.6909226775169373,-1.061425109688988
UBFC_PHYS_s15_T1_test,141,30,142.0,0.7449944019317627,-1.1205257746765678
UBFC_PHYS_s15_T1_test,141,31,142.03333333333333,0.7861468195915222,-1.0270470106730798
UBFC_PHYS_s15_T1_test,141,32,142.06666666666666,0.7561756372451782,-0.8181614237424452
UBFC_PHYS_s15_T1_test,141,33,142.1,0.6148746609687805,-0.5481814572149146
UBFC_PHYS_s15_T1_test,141,34,142.13333333333333,0.4243490993976593,-0.2720934181583548
UBFC_PHYS_s15_T1_test,141,35,142.16666666666666,0.29899924993515015,-0.03116049219664946
UBFC_PHYS_s15_T1_test,141,36,142.2,0.22868670523166656,0.15616278451473065
UBFC_PHYS_s15_T1_test,141,37,142.23333333333332,0.0775369331240654,0.29610709343574354
UBFC_PHYS_s15_T1_test,141,38,142.26666666666668,-0.15508733689785004,0.41285971520178333
UBFC_PHYS_s15_T1_test,141,39,142.3,-0.19672255218029022,0.5336198022899354
UBFC_PHYS_s15_T1_test,141,40,142.33333333333334,0.18660731613636017,0.6701683195716961
UBFC_PHYS_s15_T1_test,141,41,142.36666666666667,0.8716573715209961,0.8058576721460856
UBFC_PHYS_s15_T1_test,141,42,142.4,1.486781120300293,0.896771418318707
UBFC_PHYS_s15_T1_test,141,43,142.43333333333334,1.8124281167984009,0.8890831845668283
UBFC_PHYS_s15_T1_test,141,44,142.46666666666667,1.9392262697219849,0.7441314616007504
UBFC_PHYS_s15_T1_test,141,45,142.5,2.0262045860290527,0.457360701195443
UBFC_PHYS_s15_T1_test,141,46,142.53333333333333,2.091689109802246,0.06260417910601954
UBFC_PHYS_s15_T1_test,141,47,142.56666666666666,2.064730644226074,-0.3769728801537147
UBFC_PHYS_s15_T1_test,141,48,142.6,1.9330466985702515,-0.7845336009310172
UBFC_PHYS_s15_T1_test,141,49,142.63333333333333,1.8218133449554443,-1.0859063706968524
UBFC_PHYS_s15_T1_test,141,50,142.66666666666666,1.8571338653564453,-1.224279543772478
UBFC_PHYS_s15_T1_test,141,51,142.7,1.9531497955322266,-1.1726920411524042
UBFC_PHYS_s15_T1_test,141,52,142.73333333333332,1.9433202743530273,-0.9418686218792425
UBFC_PHYS_s15_T1_test,141,53,142.76666666666668,1.8226244449615479,-0.5792103046319075
UBFC_PHYS_s15_T1_test,141,54,142.8,1.6322534084320068,-0.15706877733068686
UBFC_PHYS_s15_T1_test,141,55,142.83333333333334,1.3343760967254639,0.24674826831994123
UBFC_PHYS_s15_T1_test,141,56,142.86666666666667,0.9379724860191345,0.5696953479312844
UBFC_PHYS_s15_T1_test,141,57,142.9,0.49025866389274597,0.7792067767176365
UBFC_PHYS_s15_T1_test,141,58,142.93333333333334,0.06272514164447784,0.8763916787813115
UBFC_PHYS_s15_T1_test,141,59,142.96666666666667,-0.14964154362678528,0.8878565035653988
UBFC_PHYS_s15_T1_test,141,60,143.0,0.027771640568971634,0.8493674160726904
UBFC_PHYS_s15_T1_test,141,61,143.03333333333333,0.45018765330314636,0.7880985049302075
UBFC_PHYS_s15_T1_test,141,62,143.06666666666666,0.7574888467788696,0.7104950953622746
UBFC_PHYS_s15_T1_test,141,63,143.1,0.8054195642471313,0.6006321157108828
UBFC_PHYS_s15_T1_test,141,64,143.13333333333333,0.7003272771835327,0.43022560413522887
UBFC_PHYS_s15_T1_test,141,65,143.16666666666666,0.5644334554672241,0.17656405259368277
UBFC_PHYS_s15_T1_test,141,66,143.2,0.4240401089191437,-0.15994712537793596
UBFC_PHYS_s15_T1_test,141,67,143.23333333333332,0.29092711210250854,-0.5475254848709981
UBFC_PHYS_s15_T1_test,141,68,143.26666666666668,0.20383302867412567,-0.9278772207473922
UBFC_PHYS_s15_T1_test,141,69,143.3,0.16519105434417725,-1.2312300359090695
UBFC_PHYS_s15_T1_test,141,70,143.33333333333334,0.1318597048521042,-1.3949099929652256
UBFC_PHYS_s15_T1_test,141,71,143.36666666666667,0.04916859045624733,-1.3792548353276628
UBFC_PHYS_s15_T1_test,141,72,143.4,-0.13687674701213837,-1.1773211939701764
UBFC_PHYS_s15_T1_test,141,73,143.43333333333334,-0.4353526532649994,-0.8173275483209208
UBFC_PHYS_s15_T1_test,141,74,143.46666666666667,-0.7800019383430481,-0.3577286225469577
UBFC_PHYS_s15_T1_test,141,75,143.5,-1.1045480966567993,0.1249250549298108
UBFC_PHYS_s15_T1_test,141,76,143.53333333333333,-1.3945850133895874,0.5539806763613188
UBFC_PHYS_s15_T1_test,141,77,143.56666666666666,-1.6819182634353638,0.8722867045707765
UBFC_PHYS_s15_T1_test,141,78,143.6,-2.0174717903137207,1.0560527762970147
UBFC_PHYS_s15_T1_test,141,79,143.63333333333333,-2.3118538856506348,1.1161431116496145
UBFC_PHYS_s15_T1_test,141,80,143.66666666666666,-2.2778079509735107,1.0859377241310857
UBFC_PHYS_s15_T1_test,141,81,143.7,-1.8058969974517822,1.002159771911677
UBFC_PHYS_s15_T1_test,141,82,143.73333333333332,-1.1973004341125488,0.888218688297627
UBFC_PHYS_s15_T1_test,141,83,143.76666666666668,-0.7528308629989624,0.747091680301675
UBFC_PHYS_s15_T1_test,141,84,143.8,-0.45823657512664795,0.5648389697329383
UBFC_PHYS_s15_T1_test,141,85,143.83333333333334,-0.2880651354789734,0.32122457428244167
UBFC_PHYS_s15_T1_test,141,86,143.86666666666667,-0.31181806325912476,0.003303659329046366
UBFC_PHYS_s15_T1_test,141,87,143.9,-0.43668511509895325,-0.3815368503937532
UBFC_PHYS_s15_T1_test,141,88,143.93333333333334,-0.47378218173980713,-0.7975954143465167
UBFC_PHYS_s15_T1_test,141,89,143.96666666666667,-0.41673651337623596,-1.1827069397745928
UBFC_PHYS_s15_T1_test,141,90,144.0,-0.3713935315608978,-1.4613845492970663
UBFC_PHYS_s15_T1_test,141,91,144.03333333333333,-0.3314577043056488,-1.5655366097822847
UBFC_PHYS_s15_T1_test,141,92,144.06666666666666,-0.2654708921909332,-1.455524441155954
UBFC_PHYS_s15_T1_test,141,93,144.1,-0.24961628019809723,-1.1341862617443843
UBFC_PHYS_s15_T1_test,141,94,144.13333333333333,-0.32247793674468994,-0.6493110558786032
UBFC_PHYS_s15_T1_test,141,95,144.16666666666666,-0.3999742865562439,-0.08381882665045373
UBFC_PHYS_s15_T1_test,141,96,144.2,-0.43575817346572876,0.4641253523712309
UBFC_PHYS_s15_T1_test,141,97,144.23333333333332,-0.5087164044380188,0.906258749256694
UBFC_PHYS_s15_T1_test,141,98,144.26666666666668,-0.6973494291305542,1.1872075785404166
UBFC_PHYS_s15_T1_test,141,99,144.3,-0.965564489364624,1.2968332894362524
UBFC_PHYS_s15_T1_test,141,100,144.33333333333334,-1.1437500715255737,1.266045456455291
UBFC_PHYS_s15_T1_test,141,101,144.36666666666667,-1.0051333904266357,1.1469784722018685
UBFC_PHYS_s15_T1_test,141,102,144.4,-0.501976728439331,0.9868477407718049
UBFC_PHYS_s15_T1_test,141,103,144.43333333333334,0.11175660789012909,0.8087243957314206
UBFC_PHYS_s15_T1_test,141,104,144.46666666666667,0.534964382648468,0.6080023779426117
UBFC_PHYS_s15_T1_test,141,105,144.5,0.70212322473526,0.3639172771154348
UBFC_PHYS_s15_T1_test,141,106,144.53333333333333,0.7045564651489258,0.05776478653041085
UBFC_PHYS_s15_T1_test,141,107,144.56666666666666,0.6420263648033142,-0.3119484068756109
UBFC_PHYS_s15_T1_test,141,108,144.6,0.605952799320221,-0.7224044761765157
UBFC_PHYS_s15_T1_test,141,109,144.63333333333333,0.6582478880882263,-1.1270462785194089
UBFC_PHYS_s15_T1_test,141,110,144.66666666666666,0.7658506035804749,-1.4622618575392385
UBFC_PHYS_s15_T1_test,141,111,144.7,0.8712905049324036,-1.6596762285432463
UBFC_PHYS_s15_T1_test,141,112,144.73333333333332,0.9825816750526428,-1.6629487554929845
UBFC_PHYS_s15_T1_test,141,113,144.76666666666668,1.1047258377075195,-1.4454641241250346
UBFC_PHYS_s15_T1_test,141,114,144.8,1.1403359174728394,-1.022984934974958
UBFC_PHYS_s15_T1_test,141,115,144.83333333333334,0.9959450960159302,-0.455358008347094
UBFC_PHYS_s15_T1_test,141,116,144.86666666666667,0.7131307125091553,0.16534349135290688
UBFC_PHYS_s15_T1_test,141,117,144.9,0.3944937586784363,0.7375131680492403
UBFC_PHYS_s15_T1_test,141,118,144.93333333333334,0.05654551833868027,1.1759993512382583
UBFC_PHYS_s15_T1_test,141,119,144.96666666666667,-0.3386608362197876,1.4322887616133064
UBFC_PHYS_s15_T1_test,141,120,145.0,-0.767661988735199,1.5024220560938801
UBFC_PHYS_s15_T1_test,141,121,145.03333333333333,-1.0852367877960205,1.4208395011287274
UBFC_PHYS_s15_T1_test,141,122,145.06666666666666,-1.0884038209915161,1.2425870045936782
UBFC_PHYS_s15_T1_test,141,123,145.1,-0.7173752784729004,1.0200991757128883
UBFC_PHYS_s15_T1_test,141,124,145.13333333333333,-0.18299220502376556,0.783863137559499
UBFC_PHYS_s15_T1_test,141,125,145.16666666666666,0.23227861523628235,0.535666025260845
UBFC_PHYS_s15_T1_test,141,126,145.2,0.43209293484687805,0.2571617120029295
UBFC_PHYS_s15_T1_test,141,127,145.23333333333332,0.4736895263195038,-0.07143590335413447
UBFC_PHYS_s15_T1_test,141,128,145.26666666666668,0.4349510073661804,-0.45251617790440646
UBFC_PHYS_s15_T1_test,141,129,145.3,0.3988388180732727,-0.8610097795315309
UBFC_PHYS_s15_T1_test,141,130,145.33333333333334,0.42336422204971313,-1.246172992146449
UBFC_PHYS_s15_T1_test,141,131,145.36666666666667,0.48765161633491516,-1.542576058252054
UBFC_PHYS_s15_T1_test,141,132,145.4,0.528031587600708,-1.6859324497074046
UBFC_PHYS_s15_T1_test,141,133,145.43333333333334,0.5014978647232056,-1.6301466523257844
UBFC_PHYS_s15_T1_test,141,134,145.46666666666667,0.3685007095336914,-1.362106177844026
UBFC_PHYS_s15_T1_test,141,135,145.5,0.10569284856319427,-0.9101221233265303
UBFC_PHYS_s15_T1_test,141,136,145.53333333333333,-0.21423792839050293,-0.3420694065541078
UBFC_PHYS_s15_T1_test,141,137,145.56666666666666,-0.45615094900131226,0.24856575613296764
UBFC_PHYS_s15_T1_test,141,138,145.6,-0.5728879570960999,0.7662336434995983
UBFC_PHYS_s15_T1_test,141,139,145.63333333333333,-0.6437991261482239,1.1389914481963017
UBFC_PHYS_s15_T1_test,141,140,145.66666666666666,-0.8013602495193481,1.335999797691472
UBFC_PHYS_s15_T1_test,141,141,145.7,-1.0666013956069946,1.369237650743667
UBFC_PHYS_s15_T1_test,141,142,145.73333333333332,-1.2302842140197754,1.2799885864733058
UBFC_PHYS_s15_T1_test,141,143,145.76666666666668,-1.0407241582870483,1.1180995902632527
UBFC_PHYS_s15_T1_test,141,144,145.8,-0.5752632021903992,0.9232250275327627
UBFC_PHYS_s15_T1_test,141,145,145.83333333333334,-0.18030792474746704,0.7139098042059483
UBFC_PHYS_s15_T1_test,141,146,145.86666666666667,-0.06633246690034866,0.48664563811867556
UBFC_PHYS_s15_T1_test,141,147,145.9,-0.1843826174736023,0.22422378366780768
UBFC_PHYS_s15_T1_test,141,148,145.93333333333334,-0.3963244557380676,-0.0896704489353125
UBFC_PHYS_s15_T1_test,141,149,145.96666666666667,-0.5713430047035217,-0.4548113841541822
UBFC_PHYS_s15_T1_test,141,150,146.0,-0.5854595899581909,-0.8441490890031312
UBFC_PHYS_s15_T1_test,141,151,146.03333333333333,-0.4260638952255249,-1.2040114743231254
UBFC_PHYS_s15_T1_test,141,152,146.06666666666666,-0.22738894820213318,-1.4656522083141796
UBFC_PHYS_s15_T1_test,141,153,146.1,-0.04893295839428902,-1.5642172885339352
UBFC_PHYS_s15_T1_test,141,154,146.13333333333333,0.14784948527812958,-1.4586894849226761
UBFC_PHYS_s15_T1_test,141,155,146.16666666666666,0.30894458293914795,-1.1465844493320296
UBFC_PHYS_s15_T1_test,141,156,146.2,0.29142922163009644,-0.6690631766931676
UBFC_PHYS_s15_T1_test,141,157,146.23333333333332,0.07610789686441422,-0.10445452852114197
UBFC_PHYS_s15_T1_test,141,158,146.26666666666668,-0.18689309060573578,0.44946611252401425
UBFC_PHYS_s15_T1_test,141,159,146.3,-0.37672343850135803,0.9008054177824842
UBFC_PHYS_s15_T1_test,141,160,146.33333333333334,-0.5472231507301331,1.188673205401458
UBFC_PHYS_s15_T1_test,141,161,146.36666666666667,-0.8208839893341064,1.2981088614039589
UBFC_PHYS_s15_T1_test,141,162,146.4,-1.2005447149276733,1.2576585371203113
UBFC_PHYS_s15_T1_test,141,163,146.43333333333334,-1.47219717502594,1.120353633747588
UBFC_PHYS_s15_T1_test,141,164,146.46666666666667,-1.3695381879806519,0.9380152968085869
UBFC_PHYS_s15_T1_test,141,165,146.5,-0.9003308415412903,0.7421356176169858
UBFC_PHYS_s15_T1_test,141,166,146.53333333333333,-0.37183767557144165,0.5386771979634966
UBFC_PHYS_s15_T1_test,141,167,146.56666666666666,0.006896093487739563,0.31504843245798025
UBFC_PHYS_s15_T1_test,141,168,146.6,0.26622793078422546,0.052893386505666926
UBFC_PHYS_s15_T1_test,141,169,146.63333333333333,0.44024232029914856,-0.2589357767136953
UBFC_PHYS_s15_T1_test,141,170,146.66666666666666,0.5334388017654419,-0.6140998113822207
UBFC_PHYS_s15_T1_test,141,171,146.7,0.6281415224075317,-0.9825972799436211
UBFC_PHYS_s15_T1_test,141,172,146.73333333333332,0.7975791096687317,-1.3108786888574278
UBFC_PHYS_s15_T1_test,141,173,146.76666666666668,0.9658387303352356,-1.5308056657350229
UBFC_PHYS_s15_T1_test,141,174,146.8,1.0070297718048096,-1.577361873226393
UBFC_PHYS_s15_T1_test,141,175,146.83333333333334,0.9360799789428711,-1.4104295789954848
UBFC_PHYS_s15_T1_test,141,176,146.86666666666667,0.8181070685386658,-1.0325020071944693
UBFC_PHYS_s15_T1_test,141,177,146.9,0.609602689743042,-0.49447041420111637
UBFC_PHYS_s15_T1_test,141,178,146.93333333333334,0.2661120593547821,0.11393906149558142
UBFC_PHYS_s15_T1_test,141,179,146.96666666666667,-0.08375128358602524,0.6864388381404694
UBFC_PHYS_s15_T1_test,141,180,147.0,-0.27667146921157837,1.1279855337149711
UBFC_PHYS_s15_T1_test,141,181,147.03333333333333,-0.3434886634349823,1.3791809544526898
UBFC_PHYS_s15_T1_test,141,182,147.06666666666666,-0.4619636535644531,1.4293238434930842
UBFC_PHYS_s15_T1_test,141,183,147.1,-0.699357807636261,1.3135802211859315
UBFC_PHYS_s15_T1_test,141,184,147.13333333333333,-0.8942863941192627,1.094985941821758
UBFC_PHYS_s15_T1_test,141,185,147.16666666666666,-0.7680482268333435,0.8381246005046991
UBFC_PHYS_s15_T1_test,141,186,147.2,-0.22076515853405,0.5859512266560128
UBFC_PHYS_s15_T1_test,141,187,147.23333333333332,0.5224120020866394,0.3501353858929332
UBFC_PHYS_s15_T1_test,141,188,147.26666666666668,1.1177417039871216,0.11741193585560646
UBFC_PHYS_s15_T1_test,141,189,147.3,1.3965779542922974,-0.1341890392153116
UBFC_PHYS_s15_T1_test,141,190,147.33333333333334,1.4013864994049072,-0.41830008706164973
UBFC_PHYS_s15_T1_test,141,191,147.36666666666667,1.2576909065246582,-0.7287949993042099
UBFC_PHYS_s15_T1_test,141,192,147.4,1.0870366096496582,-1.0360629894418614
UBFC_PHYS_s15_T1_test,141,193,147.43333333333334,0.9427810311317444,-1.2904212509311181
UBFC_PHYS_s15_T1_test,141,194,147.46666666666667,0.8259474635124207,-1.4320943331747569
UBFC_PHYS_s15_T1_test,141,195,147.5,0.7279038429260254,-1.4071535553185073
UBFC_PHYS_s15_T1_test,141,196,147.53333333333333,0.6297250390052795,-1.1863690369325126
UBFC_PHYS_s15_T1_test,141,197,147.56666666666666,0.5219678282737732,-0.7805979304595697
UBFC_PHYS_s15_T1_test,141,198,147.6,0.4121057093143463,-0.2453262397027433
UBFC_PHYS_s15_T1_test,141,199,147.63333333333333,0.2714613080024719,0.32982740485123707
UBFC_PHYS_s15_T1_test,141,200,147.66666666666666,0.06417349725961685,0.844256594685083
UBFC_PHYS_s15_T1_test,141,201,147.7,-0.1690301150083542,1.2136792875799436
UBFC_PHYS_s15_T1_test,141,202,147.73333333333332,-0.3504600524902344,1.391381214921952
UBFC_PHYS_s15_T1_test,141,203,147.76666666666668,-0.48979127407073975,1.3764036946567677
UBFC_PHYS_s15_T1_test,141,204,147.8,-0.6647133231163025,1.2076854068415521
UBFC_PHYS_s15_T1_test,141,205,147.83333333333334,-0.8902889490127563,0.9479731764818525
UBFC_PHYS_s15_T1_test,141,206,147.86666666666667,-1.0765273571014404,0.6627756906725837
UBFC_PHYS_s15_T1_test,141,207,147.9,-1.0619087219238281,0.4000084709595818
UBFC_PHYS_s15_T1_test,141,208,147.93333333333334,-0.725022554397583,0.1771356198140131
UBFC_PHYS_s15_T1_test,141,209,147.96666666666667,-0.157211571931839,-0.01843918293005497
UBFC_PHYS_s15_T1_test,141,210,148.0,0.3718995153903961,-0.21565944779584656
UBFC_PHYS_s15_T1_test,141,211,148.03333333333333,0.6810352802276611,-0.43945976637843354
UBFC_PHYS_s15_T1_test,141,212,148.06666666666666,0.8031021952629089,-0.6933146124268776
UBFC_PHYS_s15_T1_test,141,213,148.1,0.8049560785293579,-0.9520636740940811
UBFC_PHYS_s15_T1_test,141,214,148.13333333333333,0.7374823093414307,-1.1671120038205955
UBFC_PHYS_s15_T1_test,141,215,148.16666666666666,0.6643695831298828,-1.2810172309992613
UBFC_PHYS_s15_T1_test,141,216,148.2,0.6202045679092407,-1.2459834674038912
UBFC_PHYS_s15_T1_test,141,217,148.23333333333332,0.5900595784187317,-1.040651432655165
UBFC_PHYS_s15_T1_test,141,218,148.26666666666668,0.5614209175109863,-0.6804645400071663
UBFC_PHYS_s15_T1_test,141,219,148.3,0.533187747001648,-0.2181923761736386
UBFC_PHYS_s15_T1_test,141,220,148.33333333333334,0.4712563157081604,0.2668408024432972
UBFC_PHYS_s15_T1_test,141,221,148.36666666666667,0.34347325563430786,0.6889239971822235
UBFC_PHYS_s15_T1_test,141,222,148.4,0.19676508009433746,0.9793238505161884
UBFC_PHYS_s15_T1_test,141,223,148.43333333333334,0.1271091103553772,1.1041409972002465
UBFC_PHYS_s15_T1_test,141,224,148.46666666666667,0.13939112424850464,1.0697423747253914
UBFC_PHYS_s15_T1_test,141,225,148.5,0.10163747519254684,0.9145320449089862
UBFC_PHYS_s15_T1_test,141,226,148.53333333333333,-0.06953814625740051,0.6922897822874222
UBFC_PHYS_s15_T1_test,141,227,148.56666666666666,-0.22175003588199615,0.4549565922876084
UBFC_PHYS_s15_T1_test,141,228,148.6,-0.1373402178287506,0.23991002391711938
UBFC_PHYS_s15_T1_test,141,229,148.63333333333333,0.1816636174917221,0.06301527078482022
UBFC_PHYS_s15_T1_test,141,230,148.66666666666666,0.47560134530067444,-0.08171541648449702
UBFC_PHYS_s15_T1_test,141,231,148.7,0.5193994641304016,-0.2145655048581757
UBFC_PHYS_s15_T1_test,141,232,148.73333333333332,0.38199934363365173,-0.3557447085273043
UBFC_PHYS_s15_T1_test,141,233,148.76666666666668,0.2780657708644867,-0.5096974460527915
UBFC_PHYS_s15_T1_test,141,234,148.8,0.25713229179382324,-0.6564119919551291
UBFC_PHYS_s15_T1_test,141,235,148.83333333333334,0.26636311411857605,-0.7559395187890111
UBFC_PHYS_s15_T1_test,141,236,148.86666666666667,0.3368687629699707,-0.76514469504336
UBFC_PHYS_s15_T1_test,141,237,148.9,0.4834803640842438,-0.6584127727103616
UBFC_PHYS_s15_T1_test,141,238,148.93333333333334,0.6040023565292358,-0.4419275480547538
UBFC_PHYS_s15_T1_test,141,239,148.96666666666667,0.6146429181098938,-0.1549051755139808
UBFC_PHYS_s15_T1_test,142,0,142.0,0.7449944019317627,0.07738809907732742
UBFC_PHYS_s15_T1_test,142,1,142.03333333333333,0.7861468195915222,0.4696864143152028
UBFC_PHYS_s15_T1_test,142,2,142.06666666666666,0.7561756372451782,0.8040148645167634
UBFC_PHYS_s15_T1_test,142,3,142.1,0.6148746609687805,1.0373774950320485
UBFC_PHYS_s15_T1_test,142,4,142.13333333333333,0.4243490993976593,1.148388237729513
UBFC_PHYS_s15_T1_test,142,5,142.16666666666666,0.29899924993515015,1.1411273071504338
UBFC_PHYS_s15_T1_test,142,6,142.2,0.22868670523166656,1.0420673210759335
UBFC_PHYS_s15_T1_test,142,7,142.23333333333332,0.0775369331240654,0.8915526593500475
UBFC_PHYS_s15_T1_test,142,8,142.26666666666668,-0.15508733689785004,0.7321980482357382
UBFC_PHYS_s15_T1_test,142,9,142.3,-0.19672255218029022,0.5965740985438763
UBFC_PHYS_s15_T1_test,142,10,142.33333333333334,0.18660731613636017,0.49736479943845663
UBFC_PHYS_s15_T1_test,142,11,142.36666666666667,0.8716573715209961,0.4238687885121163
UBFC_PHYS_s15_T1_test,142,12,142.4,1.486781120300293,0.3474329316058264
UBFC_PHYS_s15_T1_test,142,13,142.43333333333334,1.8124281167984009,0.23467267190874808
UBFC_PHYS_s15_T1_test,142,14,142.46666666666667,1.9392262697219849,0.06286353866406073
UBFC_PHYS_s15_T1_test,142,15,142.5,2.0262045860290527,-0.16947066235191396
UBFC_PHYS_s15_T1_test,142,16,142.53333333333333,2.091689109802246,-0.4402272342169083
UBFC_PHYS_s15_T1_test,142,17,142.56666666666666,2.064730644226074,-0.7084750925058306
UBFC_PHYS_s15_T1_test,142,18,142.6,1.9330466985702515,-0.9235239288209078
UBFC_PHYS_s15_T1_test,142,19,142.63333333333333,1.8218133449554443,-1.0363270403673925
UBFC_PHYS_s15_T1_test,142,20,142.66666666666666,1.8571338653564453,-1.0117163186215143
UBFC_PHYS_s15_T1_test,142,21,142.7,1.9531497955322266,-0.8391750620629653
UBFC_PHYS_s15_T1_test,142,22,142.73333333333332,1.9433202743530273,-0.5386542192973003
UBFC_PHYS_s15_T1_test,142,23,142.76666666666668,1.8226244449615479,-0.15836760345378145
UBFC_PHYS_s15_T1_test,142,24,142.8,1.6322534084320068,0.23556377847676382
UBFC_PHYS_s15_T1_test,142,25,142.83333333333334,1.3343760967254639,0.5744967181612982
UBFC_PHYS_s15_T1_test,142,26,142.86666666666667,0.9379724860191345,0.8033186058404516
UBFC_PHYS_s15_T1_test,142,27,142.9,0.49025866389274597,0.8930827074482136
UBFC_PHYS_s15_T1_test,142,28,142.93333333333334,0.06272514164447784,0.8467214953826865
UBFC_PHYS_s15_T1_test,142,29,142.96666666666667,-0.14964154362678528,0.6955999718303812
UBFC_PHYS_s15_T1_test,142,30,143.0,0.027771640568971634,0.4872988910157118
UBFC_PHYS_s15_T1_test,142,31,143.03333333333333,0.45018765330314636,0.2684367028018169
UBFC_PHYS_s15_T1_test,142,32,143.06666666666666,0.7574888467788696,0.06901296633986345
UBFC_PHYS_s15_T1_test,142,33,143.1,0.8054195642471313,-0.10510227882062778
UBFC_PHYS_s15_T1_test,142,34,143.13333333333333,0.7003272771835327,-0.26811780311852274
UBFC_PHYS_s15_T1_test,142,35,143.16666666666666,0.5644334554672241,-0.44070500502243554
UBFC_PHYS_s15_T1_test,142,36,143.2,0.4240401089191437,-0.6337323972161284
UBFC_PHYS_s15_T1_test,142,37,143.23333333333332,0.29092711210250854,-0.837456946760414
UBFC_PHYS_s15_T1_test,142,38,143.26666666666668,0.20383302867412567,-1.020669494363712
UBFC_PHYS_s15_T1_test,142,39,143.3,0.16519105434417725,-1.1389677938665188
UBFC_PHYS_s15_T1_test,142,40,143.33333333333334,0.1318597048521042,-1.148023963123822
UBFC_PHYS_s15_T1_test,142,41,143.36666666666667,0.04916859045624733,-1.0171514649589875
UBFC_PHYS_s15_T1_test,142,42,143.4,-0.13687674701213837,-0.7395250313115225
UBFC_PHYS_s15_T1_test,142,43,143.43333333333334,-0.4353526532649994,-0.33689223456589673
UBFC_PHYS_s15_T1_test,142,44,143.46666666666667,-0.7800019383430481,0.14216259753575625
UBFC_PHYS_s15_T1_test,142,45,143.5,-1.1045480966567993,0.6304141978130571
UBFC_PHYS_s15_T1_test,142,46,143.53333333333333,-1.3945850133895874,1.0555772243777057
UBFC_PHYS_s15_T1_test,142,47,143.56666666666666,-1.6819182634353638,1.3564264115363787
UBFC_PHYS_s15_T1_test,142,48,143.6,-2.0174717903137207,1.496617160035778
UBFC_PHYS_s15_T1_test,142,49,143.63333333333333,-2.3118538856506348,1.4712001102242203
UBFC_PHYS_s15_T1_test,142,50,143.66666666666666,-2.2778079509735107,1.3036722229453237
UBFC_PHYS_s15_T1_test,142,51,143.7,-1.8058969974517822,1.035406672691894
UBFC_PHYS_s15_T1_test,142,52,143.73333333333332,-1.1973004341125488,0.7118737637393717
UBFC_PHYS_s15_T1_test,142,53,143.76666666666668,-0.7528308629989624,0.37050085784266656
UBFC_PHYS_s15_T1_test,142,54,143.8,-0.45823657512664795,0.03387311305637566
UBFC_PHYS_s15_T1_test,142,55,143.83333333333334,-0.2880651354789734,-0.2899878657962538
UBFC_PHYS_s15_T1_test,142,56,143.86666666666667,-0.31181806325912476,-0.6007704501948458
UBFC_PHYS_s15_T1_test,142,57,143.9,-0.43668511509895325,-0.8953518994284106
UBFC_PHYS_s15_T1_test,142,58,143.93333333333334,-0.47378218173980713,-1.1585403829607661
UBFC_PHYS_s15_T1_test,142,59,143.96666666666667,-0.41673651337623596,-1.3600212363091442
UBFC_PHYS_s15_T1_test,142,60,144.0,-0.3713935315608978,-1.4596283299075141
UBFC_PHYS_s15_T1_test,142,61,144.03333333333333,-0.3314577043056488,-1.4191041997672307
UBFC_PHYS_s15_T1_test,142,62,144.06666666666666,-0.2654708921909332,-1.2158137015329287
UBFC_PHYS_s15_T1_test,142,63,144.1,-0.24961628019809723,-0.8534765404358011
UBFC_PHYS_s15_T1_test,142,64,144.13333333333333,-0.32247793674468994,-0.36649944577420757
UBFC_PHYS_s15_T1_test,142,65,144.16666666666666,-0.3999742865562439,0.1834662981791383
UBFC_PHYS_s15_T1_test,142,66,144.2,-0.43575817346572876,0.7185178996878808
UBFC_PHYS_s15_T1_test,142,67,144.23333333333332,-0.5087164044380188,1.1611142426444028
UBFC_PHYS_s15_T1_test,142,68,144.26666666666668,-0.6973494291305542,1.4520836978473344
UBFC_PHYS_s15_T1_test,142,69,144.3,-0.965564489364624,1.5640850262781203
UBFC_PHYS_s15_T1_test,142,70,144.33333333333334,-1.1437500715255737,1.5051582243404127
UBFC_PHYS_s15_T1_test,142,71,144.36666666666667,-1.0051333904266357,1.3106649899850364
UBFC_PHYS_s15_T1_test,142,72,144.4,-0.501976728439331,1.0274255195327529
UBFC_PHYS_s15_T1_test,142,73,144.43333333333334,0.11175660789012909,0.6975662471885282
UBFC_PHYS_s15_T1_test,142,74,144.46666666666667,0.534964382648468,0.3487652546937529
UBFC_PHYS_s15_T1_test,142,75,144.5,0.70212322473526,-0.006579292094588393
UBFC_PHYS_s15_T1_test,142,76,144.53333333333333,0.7045564651489258,-0.36510326331106063
UBFC_PHYS_s15_T1_test,142,77,144.56666666666666,0.6420263648033142,-0.7231941927435049
UBFC_PHYS_s15_T1_test,142,78,144.6,0.605952799320221,-1.0683009615031387
UBFC_PHYS_s15_T1_test,142,79,144.63333333333333,0.6582478880882263,-1.3733750348191747
UBFC_PHYS_s15_T1_test,142,80,144.66666666666666,0.7658506035804749,-1.5967766725805357
UBFC_PHYS_s15_T1_test,142,81,144.7,0.8712905049324036,-1.689393404320087
UBFC_PHYS_s15_T1_test,142,82,144.73333333333332,0.9825816750526428,-1.6082616713644706
UBFC_PHYS_s15_T1_test,142,83,144.76666666666668,1.1047258377075195,-1.3327040880599528
UBFC_PHYS_s15_T1_test,142,84,144.8,1.1403359174728394,-0.8769714538550144
UBFC_PHYS_s15_T1_test,142,85,144.83333333333334,0.9959450960159302,-0.2937414497334514
UBFC_PHYS_s15_T1_test,142,86,144.86666666666667,0.7131307125091553,0.3343415141363794
UBFC_PHYS_s15_T1_test,142,87,144.9,0.3944937586784363,0.9133833710788287
UBFC_PHYS_s15_T1_test,142,88,144.93333333333334,0.05654551833868027,1.3610671476673732
UBFC_PHYS_s15_T1_test,142,89,144.96666666666667,-0.3386608362197876,1.6255727193514775
UBFC_PHYS_s15_T1_test,142,90,145.0,-0.767661988735199,1.694510353243224
UBFC_PHYS_s15_T1_test,142,91,145.03333333333333,-1.0852367877960205,1.5918502407379225
UBFC_PHYS_s15_T1_test,142,92,145.06666666666666,-1.0884038209915161,1.364711905209925
UBFC_PHYS_s15_T1_test,142,93,145.1,-0.7173752784729004,1.0650274082790765
UBFC_PHYS_s15_T1_test,142,94,145.13333333333333,-0.18299220502376556,0.7331697263047776
UBFC_PHYS_s15_T1_test,142,95,145.16666666666666,0.23227861523628235,0.3899434904310568
UBFC_PHYS_s15_T1_test,142,96,145.2,0.43209293484687805,0.039181431111384474
UBFC_PHYS_s15_T1_test,142,97,145.23333333333332,0.4736895263195038,-0.3219476303867568
UBFC_PHYS_s15_T1_test,142,98,145.26666666666668,0.4349510073661804,-0.6907623911112031
UBFC_PHYS_s15_T1_test,142,99,145.3,0.3988388180732727,-1.0504835595620863
UBFC_PHYS_s15_T1_test,142,100,145.33333333333334,0.42336422204971313,-1.367947230411168
UBFC_PHYS_s15_T1_test,142,101,145.36666666666667,0.48765161633491516,-1.5976152325356971
UBFC_PHYS_s15_T1_test,142,102,145.4,0.528031587600708,-1.6907952695508937
UBFC_PHYS_s15_T1_test,142,103,145.43333333333334,0.5014978647232056,-1.608458211200867
UBFC_PHYS_s15_T1_test,142,104,145.46666666666667,0.3685007095336914,-1.3347138269117598
UBFC_PHYS_s15_T1_test,142,105,145.5,0.10569284856319427,-0.8866690756812201
UBFC_PHYS_s15_T1_test,142,106,145.53333333333333,-0.21423792839050293,-0.3165314952059968
UBFC_PHYS_s15_T1_test,142,107,145.56666666666666,-0.45615094900131226,0.2962185654515809
UBFC_PHYS_s15_T1_test,142,108,145.6,-0.5728879570960999,0.8615424065977074
UBFC_PHYS_s15_T1_test,142,109,145.63333333333333,-0.6437991261482239,1.2998888599540146
UBFC_PHYS_s15_T1_test,142,110,145.66666666666666,-0.8013602495193481,1.5606342884205289
UBFC_PHYS_s15_T1_test,142,111,145.7,-1.0666013956069946,1.6314225767804629
UBFC_PHYS_s15_T1_test,142,112,145.73333333333332,-1.2302842140197754,1.535563901378732
UBFC_PHYS_s15_T1_test,142,113,145.76666666666668,-1.0407241582870483,1.319366256920065
UBFC_PHYS_s15_T1_test,142,114,145.8,-0.5752632021903992,1.0345392194868763
UBFC_PHYS_s15_T1_test,142,115,145.83333333333334,-0.18030792474746704,0.7219853740160782
UBFC_PHYS_s15_T1_test,142,116,145.86666666666667,-0.06633246690034866,0.4026196346915128
UBFC_PHYS_s15_T1_test,142,117,145.9,-0.1843826174736023,0.07822748955554695
UBFC_PHYS_s15_T1_test,142,118,145.93333333333334,-0.3963244557380676,-0.2587570744625638
UBFC_PHYS_s15_T1_test,142,119,145.96666666666667,-0.5713430047035217,-0.611464239451307
UBFC_PHYS_s15_T1_test,142,120,146.0,-0.5854595899581909,-0.9672044248980023
UBFC_PHYS_s15_T1_test,142,121,146.03333333333333,-0.4260638952255249,-1.2934321681041947
UBFC_PHYS_s15_T1_test,142,122,146.06666666666666,-0.22738894820213318,-1.54241786592512
UBFC_PHYS_s15_T1_test,142,123,146.1,-0.04893295839428902,-1.6624711235413232
UBFC_PHYS_s15_T1_test,142,124,146.13333333333333,0.14784948527812958,-1.6118932739528493
UBFC_PHYS_s15_T1_test,142,125,146.16666666666666,0.30894458293914795,-1.3718820153916393
UBFC_PHYS_s15_T1_test,142,126,146.2,0.29142922163009644,-0.955295719458541
UBFC_PHYS_s15_T1_test,142,127,146.23333333333332,0.07610789686441422,-0.4087889930887529
UBFC_PHYS_s15_T1_test,142,128,146.26666666666668,-0.18689309060573578,0.19349067734406206
UBFC_PHYS_s15_T1_test,142,129,146.3,-0.37672343850135803,0.7646230172217838
UBFC_PHYS_s15_T1_test,142,130,146.33333333333334,-0.5472231507301331,1.2246913557668846
UBFC_PHYS_s15_T1_test,142,131,146.36666666666667,-0.8208839893341064,1.5191811804057795
UBFC_PHYS_s15_T1_test,142,132,146.4,-1.2005447149276733,1.6291312754506067
UBFC_PHYS_s15_T1_test,142,133,146.43333333333334,-1.47219717502594,1.5694633674511527
UBFC_PHYS_s15_T1_test,142,134,146.46666666666667,-1.3695381879806519,1.3776078769750564
UBFC_PHYS_s15_T1_test,142,135,146.5,-0.9003308415412903,1.0985909204517263
UBFC_PHYS_s15_T1_test,142,136,146.53333333333333,-0.37183767557144165,0.7723749993072117
UBFC_PHYS_s15_T1_test,142,137,146.56666666666666,0.006896093487739563,0.42641889428538704
UBFC_PHYS_s15_T1_test,142,138,146.6,0.26622793078422546,0.07425841033820575
UBFC_PHYS_s15_T1_test,142,139,146.63333333333333,0.44024232029914856,-0.2802430044163032
UBFC_PHYS_s15_T1_test,142,140,146.66666666666666,0.5334388017654419,-0.6344807718918515
UBFC_PHYS_s15_T1_test,142,141,146.7,0.6281415224075317,-0.9775468593750256
UBFC_PHYS_s15_T1_test,142,142,146.73333333333332,0.7975791096687317,-1.28375958804325
UBFC_PHYS_s15_T1_test,142,143,146.76666666666668,0.9658387303352356,-1.5130416251316299
UBFC_PHYS_s15_T1_test,142,144,146.8,1.0070297718048096,-1.6190973812049818
UBFC_PHYS_s15_T1_test,142,145,146.83333333333334,0.9360799789428711,-1.5628158150237283
UBFC_PHYS_s15_T1_test,142,146,146.86666666666667,0.8181070685386658,-1.3261784008478783
UBFC_PHYS_s15_T1_test,142,147,146.9,0.609602689743042,-0.9218890128630688
UBFC_PHYS_s15_T1_test,142,148,146.93333333333334,0.2661120593547821,-0.3954806396738797
UBFC_PHYS_s15_T1_test,142,149,146.96666666666667,-0.08375128358602524,0.1812756277721813
UBFC_PHYS_s15_T1_test,142,150,147.0,-0.27667146921157837,0.7248723336166065
UBFC_PHYS_s15_T1_test,142,151,147.03333333333333,-0.3434886634349823,1.1593355390764324
UBFC_PHYS_s15_T1_test,142,152,147.06666666666666,-0.4619636535644531,1.4344089484065263
UBFC_PHYS_s15_T1_test,142,153,147.1,-0.699357807636261,1.5357448677571615
UBFC_PHYS_s15_T1_test,142,154,147.13333333333333,-0.8942863941192627,1.4826853177339188
UBFC_PHYS_s15_T1_test,142,155,147.16666666666666,-0.7680482268333435,1.3147752295395756
UBFC_PHYS_s15_T1_test,142,156,147.2,-0.22076515853405,1.0739543227211508
UBFC_PHYS_s15_T1_test,142,157,147.23333333333332,0.5224120020866394,0.7911807297797419
UBFC_PHYS_s15_T1_test,142,158,147.26666666666668,1.1177417039871216,0.4823067383594648
UBFC_PHYS_s15_T1_test,142,159,147.3,1.3965779542922974,0.15216055593329073
UBFC_PHYS_s15_T1_test,142,160,147.33333333333334,1.4013864994049072,-0.1973434435810825
UBFC_PHYS_s15_T1_test,142,161,147.36666666666667,1.2576909065246582,-0.559025485320692
UBFC_PHYS_s15_T1_test,142,162,147.4,1.0870366096496582,-0.9145153624877332
UBFC_PHYS_s15_T1_test,142,163,147.43333333333334,0.9427810311317444,-1.2318324547359076
UBFC_PHYS_s15_T1_test,142,164,147.46666666666667,0.8259474635124207,-1.4677731699310088
UBFC_PHYS_s15_T1_test,142,165,147.5,0.7279038429260254,-1.5759550959967386
UBFC_PHYS_s15_T1_test,142,166,147.53333333333333,0.6297250390052795,-1.5191399436312962
UBFC_PHYS_s15_T1_test,142,167,147.56666666666666,0.5219678282737732,-1.2819602020461665
UBFC_PHYS_s15_T1_test,142,168,147.6,0.4121057093143463,-0.8795016197272145
UBFC_PHYS_s15_T1_test,142,169,147.63333333333333,0.2714613080024719,-0.3585529588853224
UBFC_PHYS_s15_T1_test,142,170,147.66666666666666,0.06417349725961685,0.2092970262544813
UBFC_PHYS_s15_T1_test,142,171,147.7,-0.1690301150083542,0.7413350871475903
UBFC_PHYS_s15_T1_test,142,172,147.73333333333332,-0.3504600524902344,1.161315945642231
UBFC_PHYS_s15_T1_test,142,173,147.76666666666668,-0.48979127407073975,1.4168430330970794
UBFC_PHYS_s15_T1_test,142,174,147.8,-0.6647133231163025,1.491206932827933
UBFC_PHYS_s15_T1_test,142,175,147.83333333333334,-0.8902889490127563,1.4047098087424221
UBFC_PHYS_s15_T1_test,142,176,147.86666666666667,-1.0765273571014404,1.2037733279173954
UBFC_PHYS_s15_T1_test,142,177,147.9,-1.0619087219238281,0.941643156133131
UBFC_PHYS_s15_T1_test,142,178,147.93333333333334,-0.725022554397583,0.6594514484154873
UBFC_PHYS_s15_T1_test,142,179,147.96666666666667,-0.157211571931839,0.3765811073409682
UBFC_PHYS_s15_T1_test,142,180,148.0,0.3718995153903961,0.0933827558073275
UBFC_PHYS_s15_T1_test,142,181,148.03333333333333,0.6810352802276611,-0.19781646178867845
UBFC_PHYS_s15_T1_test,142,182,148.06666666666666,0.8031021952629089,-0.5003609531396881
UBFC_PHYS_s15_T1_test,142,183,148.1,0.8049560785293579,-0.804902713372602
UBFC_PHYS_s15_T1_test,142,184,148.13333333333333,0.7374823093414307,-1.0869998788019801
UBFC_PHYS_s15_T1_test,142,185,148.16666666666666,0.6643695831298828,-1.3101377890966848
UBFC_PHYS_s15_T1_test,142,186,148.2,0.6202045679092407,-1.4329547680200183
UBFC_PHYS_s15_T1_test,142,187,148.23333333333332,0.5900595784187317,-1.4193862393146675
UBFC_PHYS_s15_T1_test,142,188,148.26666666666668,0.5614209175109863,-1.2496205346468365
UBFC_PHYS_s15_T1_test,142,189,148.3,0.533187747001648,-0.9287845858926
UBFC_PHYS_s15_T1_test,142,190,148.33333333333334,0.4712563157081604,-0.4903408428239282
UBFC_PHYS_s15_T1_test,142,191,148.36666666666667,0.34347325563430786,0.007604929410930209
UBFC_PHYS_s15_T1_test,142,192,148.4,0.19676508009433746,0.49300952787994284
UBFC_PHYS_s15_T1_test,142,193,148.43333333333334,0.1271091103553772,0.8954615742005473
UBFC_PHYS_s15_T1_test,142,194,148.46666666666667,0.13939112424850464,1.1626487248381892
UBFC_PHYS_s15_T1_test,142,195,148.5,0.10163747519254684,1.2727193668409773
UBFC_PHYS_s15_T1_test,142,196,148.53333333333333,-0.06953814625740051,1.2379079076472803
UBFC_PHYS_s15_T1_test,142,197,148.56666666666666,-0.22175003588199615,1.09722029108457
UBFC_PHYS_s15_T1_test,142,198,148.6,-0.1373402178287506,0.9002301814947967
UBFC_PHYS_s15_T1_test,142,199,148.63333333333333,0.1816636174917221,0.6883589431155763
UBFC_PHYS_s15_T1_test,142,200,148.66666666666666,0.47560134530067444,0.4819436667947393
UBFC_PHYS_s15_T1_test,142,201,148.7,0.5193994641304016,0.2789751739759664
UBFC_PHYS_s15_T1_test,142,202,148.73333333333332,0.38199934363365173,0.06513117729983411
UBFC_PHYS_s15_T1_test,142,203,148.76666666666668,0.2780657708644867,-0.17120599256678473
UBFC_PHYS_s15_T1_test,142,204,148.8,0.25713229179382324,-0.42687808700817803
UBFC_PHYS_s15_T1_test,142,205,148.83333333333334,0.26636311411857605,-0.6799747995627373
UBFC_PHYS_s15_T1_test,142,206,148.86666666666667,0.3368687629699707,-0.894440194454218
UBFC_PHYS_s15_T1_test,142,207,148.9,0.4834803640842438,-1.030153302883903
UBFC_PHYS_s15_T1_test,142,208,148.93333333333334,0.6040023565292358,-1.0544656649339987
UBFC_PHYS_s15_T1_test,142,209,148.96666666666667,0.6146429181098938,-0.9521053014231108
UBFC_PHYS_s15_T1_test,142,210,149.0,0.5306386351585388,-0.7314177886913542
UBFC_PHYS_s15_T1_test,142,211,149.03333333333333,0.37155190110206604,-0.4254252317417338
UBFC_PHYS_s15_T1_test,142,212,149.06666666666666,0.16434136033058167,-0.08652426196860416
UBFC_PHYS_s15_T1_test,142,213,149.1,-0.02037150226533413,0.22520533300335177
UBFC_PHYS_s15_T1_test,142,214,149.13333333333333,-0.17997963726520538,0.45768046432530957
UBFC_PHYS_s15_T1_test,142,215,149.16666666666666,-0.43164485692977905,0.5813442799800238
UBFC_PHYS_s15_T1_test,142,216,149.2,-0.7933846712112427,0.5963437715015033
UBFC_PHYS_s15_T1_test,142,217,149.23333333333332,-1.0182651281356812,0.5288194494148611
UBFC_PHYS_s15_T1_test,142,218,149.26666666666668,-0.8468770384788513,0.4186016953803682
UBFC_PHYS_s15_T1_test,142,219,149.3,-0.3885999321937561,0.30471050081400375
UBFC_PHYS_s15_T1_test,142,220,149.33333333333334,-3.6673642171081156e-05,0.21393802533793377
UBFC_PHYS_s15_T1_test,142,221,149.36666666666667,0.11239388585090637,0.15454631534103846
UBFC_PHYS_s15_T1_test,142,222,149.4,-0.004149986896663904,0.11581597782124144
UBFC_PHYS_s15_T1_test,142,223,149.43333333333334,-0.19834470748901367,0.07403722564552993
UBFC_PHYS_s15_T1_test,142,224,149.46666666666667,-0.33659452199935913,0.004121707652082493
UBFC_PHYS_s15_T1_test,142,225,149.5,-0.35777902603149414,-0.10670888768447304
UBFC_PHYS_s15_T1_test,142,226,149.53333333333333,-0.28437668085098267,-0.24892823645480938
UBFC_PHYS_s15_T1_test,142,227,149.56666666666666,-0.17636841535568237,-0.3896382679705484
UBFC_PHYS_s15_T1_test,142,228,149.6,-0.07094787061214447,-0.481737958876672
UBFC_PHYS_s15_T1_test,142,229,149.63333333333333,-0.011951763182878494,-0.4798930892678243
UBFC_PHYS_s15_T1_test,142,230,149.66666666666666,-0.06453651189804077,-0.357339132381193
UBFC_PHYS_s15_T1_test,142,231,149.7,-0.23930403590202332,-0.11782768735422128
UBFC_PHYS_s15_T1_test,142,232,149.73333333333332,-0.45232731103897095,0.2009571472832784
UBFC_PHYS_s15_T1_test,142,233,149.76666666666668,-0.6497856378555298,0.5338570700655967
UBFC_PHYS_s15_T1_test,142,234,149.8,-0.9076305031776428,0.8038168246194836
UBFC_PHYS_s15_T1_test,142,235,149.83333333333334,-1.2805708646774292,0.9428958995305013
UBFC_PHYS_s15_T1_test,142,236,149.86666666666667,-1.6390470266342163,0.9115072330028454
UBFC_PHYS_s15_T1_test,142,237,149.9,-1.7184746265411377,0.7083697280607697
UBFC_PHYS_s15_T1_test,142,238,149.93333333333334,-1.3592065572738647,0.3686765355540239
UBFC_PHYS_s15_T1_test,142,239,149.96666666666667,-0.7239797711372375,-0.04603421677665555
UBFC_PHYS_s15_T1_test,143,0,143.0,0.027771640568971634,-0.017623472392326017
UBFC_PHYS_s15_T1_test,143,1,143.03333333333333,0.45018765330314636,0.5220642538786702
UBFC_PHYS_s15_T1_test,143,2,143.06666666666666,0.7574888467788696,0.9905251730248793
UBFC_PHYS_s15_T1_test,143,3,143.1,0.8054195642471313,1.3229383041566702
UBFC_PHYS_s15_T1_test,143,4,143.13333333333333,0.7003272771835327,1.4701964712902769
UBFC_PHYS_s15_T1_test,143,5,143.16666666666666,0.5644334554672241,1.4098030448436718
UBFC_PHYS_s15_T1_test,143,6,143.2,0.4240401089191437,1.1541438331607436
UBFC_PHYS_s15_T1_test,143,7,143.23333333333332,0.29092711210250854,0.7515385625567711
UBFC_PHYS_s15_T1_test,143,8,143.26666666666668,0.20383302867412567,0.278021670979651
UBFC_PHYS_s15_T1_test,143,9,143.3,0.16519105434417725,-0.17849025295667692
UBFC_PHYS_s15_T1_test,143,10,143.33333333333334,0.1318597048521042,-0.5371230565169306
UBFC_PHYS_s15_T1_test,143,11,143.36666666666667,0.04916859045624733,-0.7408684471606932
UBFC_PHYS_s15_T1_test,143,12,143.4,-0.13687674701213837,-0.7675925722746207
UBFC_PHYS_s15_T1_test,143,13,143.43333333333334,-0.4353526532649994,-0.633471110161079
UBFC_PHYS_s15_T1_test,143,14,143.46666666666667,-0.7800019383430481,-0.38815568086449864
UBFC_PHYS_s15_T1_test,143,15,143.5,-1.1045480966567993,-0.10180036947843354
UBFC_PHYS_s15_T1_test,143,16,143.53333333333333,-1.3945850133895874,0.1540994525723707
UBFC_PHYS_s15_T1_test,143,17,143.56666666666666,-1.6819182634353638,0.3271780442625066
UBFC_PHYS_s15_T1_test,143,18,143.6,-2.0174717903137207,0.398619070416013
UBFC_PHYS_s15_T1_test,143,19,143.63333333333333,-2.3118538856506348,0.3850570864295557
UBFC_PHYS_s15_T1_test,143,20,143.66666666666666,-2.2778079509735107,0.32686888070989034
UBFC_PHYS_s15_T1_test,143,21,143.7,-1.8058969974517822,0.26826329415635325
UBFC_PHYS_s15_T1_test,143,22,143.73333333333332,-1.1973004341125488,0.23791155759205693
UBFC_PHYS_s15_T1_test,143,23,143.76666666666668,-0.7528308629989624,0.2376987519550589
UBFC_PHYS_s15_T1_test,143,24,143.8,-0.45823657512664795,0.2429135928108445
UBFC_PHYS_s15_T1_test,143,25,143.83333333333334,-0.2880651354789734,0.21276067062640008
UBFC_PHYS_s15_T1_test,143,26,143.86666666666667,-0.31181806325912476,0.10750935793657689
UBFC_PHYS_s15_T1_test,143,27,143.9,-0.43668511509895325,-0.09290780376803072
UBFC_PHYS_s15_T1_test,143,28,143.93333333333334,-0.47378218173980713,-0.37536232546042664
UBFC_PHYS_s15_T1_test,143,29,143.96666666666667,-0.41673651337623596,-0.6910754338144499
UBFC_PHYS_s15_T1_test,143,30,144.0,-0.3713935315608978,-0.9664885136408233
UBFC_PHYS_s15_T1_test,143,31,144.03333333333333,-0.3314577043056488,-1.124338934688242
UBFC_PHYS_s15_T1_test,143,32,144.06666666666666,-0.2654708921909332,-1.1077594960172166
UBFC_PHYS_s15_T1_test,143,33,144.1,-0.24961628019809723,-0.8992576618468279
UBFC_PHYS_s15_T1_test,143,34,144.13333333333333,-0.32247793674468994,-0.528603421366762
UBFC_PHYS_s15_T1_test,143,35,144.16666666666666,-0.3999742865562439,-0.06715608020643679
UBFC_PHYS_s15_T1_test,143,36,144.2,-0.43575817346572876,0.39056289584382625
UBFC_PHYS_s15_T1_test,143,37,144.23333333333332,-0.5087164044380188,0.753700591567149
UBFC_PHYS_s15_T1_test,143,38,144.26666666666668,-0.6973494291305542,0.9620140366903068
UBFC_PHYS_s15_T1_test,143,39,144.3,-0.965564489364624,1.0027488288336228
UBFC_PHYS_s15_T1_test,143,40,144.33333333333334,-1.1437500715255737,0.9100037606192092
UBFC_PHYS_s15_T1_test,143,41,144.36666666666667,-1.0051333904266357,0.7462654508698029
UBFC_PHYS_s15_T1_test,143,42,144.4,-0.501976728439331,0.5742682837441592
UBFC_PHYS_s15_T1_test,143,43,144.43333333333334,0.11175660789012909,0.43206179523667126
UBFC_PHYS_s15_T1_test,143,44,144.46666666666667,0.534964382648468,0.3218814906422225
UBFC_PHYS_s15_T1_test,143,45,144.5,0.70212322473526,0.21594291991252765
UBFC_PHYS_s15_T1_test,143,46,144.53333333333333,0.7045564651489258,0.0743012549718892
UBFC_PHYS_s15_T1_test,143,47,144.56666666666666,0.6420263648033142,-0.13416579786008165
UBFC_PHYS_s15_T1_test,143,48,144.6,0.605952799320221,-0.4153399836352274
UBFC_PHYS_s15_T1_test,143,49,144.63333333333333,0.6582478880882263,-0.7421244657684481
UBFC_PHYS_s15_T1_test,143,50,144.66666666666666,0.7658506035804749,-1.0569910021031306
UBFC_PHYS_s15_T1_test,143,51,144.7,0.8712905049324036,-1.2846995015478384
UBFC_PHYS_s15_T1_test,143,52,144.73333333333332,0.9825816750526428,-1.3526775637433508
UBFC_PHYS_s15_T1_test,143,53,144.76666666666668,1.1047258377075195,-1.213807227200829
UBFC_PHYS_s15_T1_test,143,54,144.8,1.1403359174728394,-0.8646353000205284
UBFC_PHYS_s15_T1_test,143,55,144.83333333333334,0.9959450960159302,-0.3523437353056836
UBFC_PHYS_s15_T1_test,143,56,144.86666666666667,0.7131307125091553,0.23338352997032366
UBFC_PHYS_s15_T1_test,143,57,144.9,0.3944937586784363,0.7825899310211698
UBFC_PHYS_s15_T1_test,143,58,144.93333333333334,0.05654551833868027,1.1949214293535488
UBFC_PHYS_s15_T1_test,143,59,144.96666666666667,-0.3386608362197876,1.4071761565469685
UBFC_PHYS_s15_T1_test,143,60,145.0,-0.767661988735199,1.4088882915588672
UBFC_PHYS_s15_T1_test,143,61,145.03333333333333,-1.0852367877960205,1.2403624505971624
UBFC_PHYS_s15_T1_test,143,62,145.06666666666666,-1.0884038209915161,0.9738298756406564
UBFC_PHYS_s15_T1_test,143,63,145.1,-0.7173752784729004,0.6848900986577462
UBFC_PHYS_s15_T1_test,143,64,145.13333333333333,-0.18299220502376556,0.42570823734856517
UBFC_PHYS_s15_T1_test,143,65,145.16666666666666,0.23227861523628235,0.2108685012653311
UBFC_PHYS_s15_T1_test,143,66,145.2,0.43209293484687805,0.020756154519458177
UBFC_PHYS_s15_T1_test,143,67,145.23333333333332,0.4736895263195038,-0.1808073292116617
UBFC_PHYS_s15_T1_test,143,68,145.26666666666668,0.4349510073661804,-0.42370444688611375
UBFC_PHYS_s15_T1_test,143,69,145.3,0.3988388180732727,-0.7132655789577566
UBFC_PHYS_s15_T1_test,143,70,145.33333333333334,0.42336422204971313,-1.0226806677099896
UBFC_PHYS_s15_T1_test,143,71,145.36666666666667,0.48765161633491516,-1.2971350067950174
UBFC_PHYS_s15_T1_test,143,72,145.4,0.528031587600708,-1.4675219805148776
UBFC_PHYS_s15_T1_test,143,73,145.43333333333334,0.5014978647232056,-1.470057819719421
UBFC_PHYS_s15_T1_test,143,74,145.46666666666667,0.3685007095336914,-1.2669530865168916
UBFC_PHYS_s15_T1_test,143,75,145.5,0.10569284856319427,-0.8624081687158923
UBFC_PHYS_s15_T1_test,143,76,145.53333333333333,-0.21423792839050293,-0.30837683670306015
UBFC_PHYS_s15_T1_test,143,77,145.56666666666666,-0.45615094900131226,0.3034762321400172
UBFC_PHYS_s15_T1_test,143,78,145.6,-0.5728879570960999,0.8632255152154225
UBFC_PHYS_s15_T1_test,143,79,145.63333333333333,-0.6437991261482239,1.271983991892415
UBFC_PHYS_s15_T1_test,143,80,145.66666666666666,-0.8013602495193481,1.4692001057225614
UBFC_PHYS_s15_T1_test,143,81,145.7,-1.0666013956069946,1.447694867974394
UBFC_PHYS_s15_T1_test,143,82,145.73333333333332,-1.2302842140197754,1.2509306669795779
UBFC_PHYS_s15_T1_test,143,83,145.76666666666668,-1.0407241582870483,0.9541794848824888
UBFC_PHYS_s15_T1_test,143,84,145.8,-0.5752632021903992,0.6370256614160437
UBFC_PHYS_s15_T1_test,143,85,145.83333333333334,-0.18030792474746704,0.3572502378530438
UBFC_PHYS_s15_T1_test,143,86,145.86666666666667,-0.06633246690034866,0.1353422773963574
UBFC_PHYS_s15_T1_test,143,87,145.9,-0.1843826174736023,-0.04513011431861774
UBFC_PHYS_s15_T1_test,143,88,145.93333333333334,-0.3963244557380676,-0.22218450095676162
UBFC_PHYS_s15_T1_test,143,89,145.96666666666667,-0.5713430047035217,-0.43193946301670294
UBFC_PHYS_s15_T1_test,143,90,146.0,-0.5854595899581909,-0.6869647966093436
UBFC_PHYS_s15_T1_test,143,91,146.03333333333333,-0.4260638952255249,-0.9652626833198867
UBFC_PHYS_s15_T1_test,143,92,146.06666666666666,-0.22738894820213318,-1.213592386634706
UBFC_PHYS_s15_T1_test,143,93,146.1,-0.04893295839428902,-1.3629375635989058
UBFC_PHYS_s15_T1_test,143,94,146.13333333333333,0.14784948527812958,-1.3502332110635171
UBFC_PHYS_s15_T1_test,143,95,146.16666666666666,0.30894458293914795,-1.1395734904128552
UBFC_PHYS_s15_T1_test,143,96,146.2,0.29142922163009644,-0.7370134748339366
UBFC_PHYS_s15_T1_test,143,97,146.23333333333332,0.07610789686441422,-0.19466541667307025
UBFC_PHYS_s15_T1_test,143,98,146.26666666666668,-0.18689309060573578,0.3982356445953457
UBFC_PHYS_s15_T1_test,143,99,146.3,-0.37672343850135803,0.9364282882102237
UBFC_PHYS_s15_T1_test,143,100,146.33333333333334,-0.5472231507301331,1.3264384698251062
UBFC_PHYS_s15_T1_test,143,101,146.36666666666667,-0.8208839893341064,1.511808838858034
UBFC_PHYS_s15_T1_test,143,102,146.4,-1.2005447149276733,1.4860937356040915
UBFC_PHYS_s15_T1_test,143,103,146.43333333333334,-1.47219717502594,1.2885676890242475
UBFC_PHYS_s15_T1_test,143,104,146.46666666666667,-1.3695381879806519,0.9855494944764719
UBFC_PHYS_s15_T1_test,143,105,146.5,-0.9003308415412903,0.6463140673676452
UBFC_PHYS_s15_T1_test,143,106,146.53333333333333,-0.37183767557144165,0.32282786892558346
UBFC_PHYS_s15_T1_test,143,107,146.56666666666666,0.006896093487739563,0.03887477236531939
UBFC_PHYS_s15_T1_test,143,108,146.6,0.26622793078422546,-0.20972572287230848
UBFC_PHYS_s15_T1_test,143,109,146.63333333333333,0.44024232029914856,-0.4450391337409941
UBFC_PHYS_s15_T1_test,143,110,146.66666666666666,0.5334388017654419,-0.6906859049905371
UBFC_PHYS_s15_T1_test,143,111,146.7,0.6281415224075317,-0.954764941005447
UBFC_PHYS_s15_T1_test,143,112,146.73333333333332,0.7975791096687317,-1.218391527222533
UBFC_PHYS_s15_T1_test,143,113,146.76666666666668,0.9658387303352356,-1.4349409830042033
UBFC_PHYS_s15_T1_test,143,114,146.8,1.0070297718048096,-1.5413517631555274
UBFC_PHYS_s15_T1_test,143,115,146.83333333333334,0.9360799789428711,-1.4781756548163325
UBFC_PHYS_s15_T1_test,143,116,146.86666666666667,0.8181070685386658,-1.2116300483812963
UBFC_PHYS_s15_T1_test,143,117,146.9,0.609602689743042,-0.7500033635971023
UBFC_PHYS_s15_T1_test,143,118,146.93333333333334,0.2661120593547821,-0.1485272504686488
UBFC_PHYS_s15_T1_test,143,119,146.96666666666667,-0.08375128358602524,0.49973342449529506
UBFC_PHYS_s15_T1_test,143,120,147.0,-0.27667146921157837,1.085442614595326
UBFC_PHYS_s15_T1_test,143,121,147.03333333333333,-0.3434886634349823,1.5113689122118363
UBFC_PHYS_s15_T1_test,143,122,147.06666666666666,-0.4619636535644531,1.7185106650592372
UBFC_PHYS_s15_T1_test,143,123,147.1,-0.699357807636261,1.7002811013456052
UBFC_PHYS_s15_T1_test,143,124,147.13333333333333,-0.8942863941192627,1.4988399042453746
UBFC_PHYS_s15_T1_test,143,125,147.16666666666666,-0.7680482268333435,1.1850245656146825
UBFC_PHYS_s15_T1_test,143,126,147.2,-0.22076515853405,0.8309962773202987
UBFC_PHYS_s15_T1_test,143,127,147.23333333333332,0.5224120020866394,0.48772804319519736
UBFC_PHYS_s15_T1_test,143,128,147.26666666666668,1.1177417039871216,0.17548581729824828
UBFC_PHYS_s15_T1_test,143,129,147.3,1.3965779542922974,-0.11186166672270144
UBFC_PHYS_s15_T1_test,143,130,147.33333333333334,1.4013864994049072,-0.3933473256909145
UBFC_PHYS_s15_T1_test,143,131,147.36666666666667,1.2576909065246582,-0.6847044547331116
UBFC_PHYS_s15_T1_test,143,132,147.4,1.0870366096496582,-0.9850052658723625
UBFC_PHYS_s15_T1_test,143,133,147.43333333333334,0.9427810311317444,-1.2698059798656518
UBFC_PHYS_s15_T1_test,143,134,147.46666666666667,0.8259474635124207,-1.4928652404057479
UBFC_PHYS_s15_T1_test,143,135,147.5,0.7279038429260254,-1.5966828920063463
UBFC_PHYS_s15_T1_test,143,136,147.53333333333333,0.6297250390052795,-1.5294506033817152
UBFC_PHYS_s15_T1_test,143,137,147.56666666666666,0.5219678282737732,-1.2634798040183643
UBFC_PHYS_s15_T1_test,143,138,147.6,0.4121057093143463,-0.8091559290378817
UBFC_PHYS_s15_T1_test,143,139,147.63333333333333,0.2714613080024719,-0.21934275606438144
UBFC_PHYS_s15_T1_test,143,140,147.66666666666666,0.06417349725961685,0.41836140763214574
UBFC_PHYS_s15_T1_test,143,141,147.7,-0.1690301150083542,1.0005315687463376
UBFC_PHYS_s15_T1_test,143,142,147.73333333333332,-0.3504600524902344,1.4331810955146997
UBFC_PHYS_s15_T1_test,143,143,147.76666666666668,-0.48979127407073975,1.6558297020759591
UBFC_PHYS_s15_T1_test,143,144,147.8,-0.6647133231163025,1.6563589878471876
UBFC_PHYS_s15_T1_test,143,145,147.83333333333334,-0.8902889490127563,1.4709349677934946
UBFC_PHYS_s15_T1_test,143,146,147.86666666666667,-1.0765273571014404,1.1680685808268425
UBFC_PHYS_s15_T1_test,143,147,147.9,-1.0619087219238281,0.8222603263758403
UBFC_PHYS_s15_T1_test,143,148,147.93333333333334,-0.725022554397583,0.4881858610639199
UBFC_PHYS_s15_T1_test,143,149,147.96666666666667,-0.157211571931839,0.18680780037298195
UBFC_PHYS_s15_T1_test,143,150,148.0,0.3718995153903961,-0.09155271765371423
UBFC_PHYS_s15_T1_test,143,151,148.03333333333333,0.6810352802276611,-0.37093067776272703
UBFC_PHYS_s15_T1_test,143,152,148.06666666666666,0.8031021952629089,-0.6693971953748221
UBFC_PHYS_s15_T1_test,143,153,148.1,0.8049560785293579,-0.9838816111345645
UBFC_PHYS_s15_T1_test,143,154,148.13333333333333,0.7374823093414307,-1.2852087483977623
UBFC_PHYS_s15_T1_test,143,155,148.16666666666666,0.6643695831298828,-1.5235037023758582
UBFC_PHYS_s15_T1_test,143,156,148.2,0.6202045679092407,-1.6410825152011916
UBFC_PHYS_s15_T1_test,143,157,148.23333333333332,0.5900595784187317,-1.5888095323223554
UBFC_PHYS_s15_T1_test,143,158,148.26666666666668,0.5614209175109863,-1.3415903729993128
UBFC_PHYS_s15_T1_test,143,159,148.3,0.533187747001648,-0.909009044058524
UBFC_PHYS_s15_T1_test,143,160,148.33333333333334,0.4712563157081604,-0.3382414754155103
UBFC_PHYS_s15_T1_test,143,161,148.36666666666667,0.34347325563430786,0.29211649397633604
UBFC_PHYS_s15_T1_test,143,162,148.4,0.19676508009433746,0.8869916887484733
UBFC_PHYS_s15_T1_test,143,163,148.43333333333334,0.1271091103553772,1.3558322484608158
UBFC_PHYS_s15_T1_test,143,164,148.46666666666667,0.13939112424850464,1.6340128793637203
UBFC_PHYS_s15_T1_test,143,165,148.5,0.10163747519254684,1.697632296272668
UBFC_PHYS_s15_T1_test,143,166,148.53333333333333,-0.06953814625740051,1.5665531041076601
UBFC_PHYS_s15_T1_test,143,167,148.56666666666666,-0.22175003588199615,1.2945226164290107
UBFC_PHYS_s15_T1_test,143,168,148.6,-0.1373402178287506,0.9493936060674969
UBFC_PHYS_s15_T1_test,143,169,148.63333333333333,0.1816636174917221,0.590213128520352
UBFC_PHYS_s15_T1_test,143,170,148.66666666666666,0.47560134530067444,0.2503323461426766
UBFC_PHYS_s15_T1_test,143,171,148.7,0.5193994641304016,-0.06592550523271462
UBFC_PHYS_s15_T1_test,143,172,148.73333333333332,0.38199934363365173,-0.3720072841312123
UBFC_PHYS_s15_T1_test,143,173,148.76666666666668,0.2780657708644867,-0.6798067412025602
UBFC_PHYS_s15_T1_test,143,174,148.8,0.25713229179382324,-0.9825415562003278
UBFC_PHYS_s15_T1_test,143,175,148.83333333333334,0.26636311411857605,-1.248260606857039
UBFC_PHYS_s15_T1_test,143,176,148.86666666666667,0.3368687629699707,-1.426494727929341
UBFC_PHYS_s15_T1_test,143,177,148.9,0.4834803640842438,-1.4643673723395716
UBFC_PHYS_s15_T1_test,143,178,148.93333333333334,0.6040023565292358,-1.3253331132371349
UBFC_PHYS_s15_T1_test,143,179,148.96666666666667,0.6146429181098938,-1.003980845643484
UBFC_PHYS_s15_T1_test,143,180,149.0,0.5306386351585388,-0.5325719882484784
UBFC_PHYS_s15_T1_test,143,181,149.03333333333333,0.37155190110206604,0.022374446944461352
UBFC_PHYS_s15_T1_test,143,182,149.06666666666666,0.16434136033058167,0.5729175442972858
UBFC_PHYS_s15_T1_test,143,183,149.1,-0.02037150226533413,1.0293393842956742
UBFC_PHYS_s15_T1_test,143,184,149.13333333333333,-0.17997963726520538,1.3217411802999197
UBFC_PHYS_s15_T1_test,143,185,149.16666666666666,-0.43164485692977905,1.4170588961845882
UBFC_PHYS_s15_T1_test,143,186,149.2,-0.7933846712112427,1.3252624410868805
UBFC_PHYS_s15_T1_test,143,187,149.23333333333332,-1.0182651281356812,1.0919976537628397
UBFC_PHYS_s15_T1_test,143,188,149.26666666666668,-0.8468770384788513,0.7808416587319839
UBFC_PHYS_s15_T1_test,143,189,149.3,-0.3885999321937561,0.452735247767634
UBFC_PHYS_s15_T1_test,143,190,149.33333333333334,-3.6673642171081156e-05,0.14999134661230326
UBFC_PHYS_s15_T1_test,143,191,149.36666666666667,0.11239388585090637,-0.11084418997492028
UBFC_PHYS_s15_T1_test,143,192,149.4,-0.004149986896663904,-0.3361705169785413
UBFC_PHYS_s15_T1_test,143,193,149.43333333333334,-0.19834470748901367,-0.5441033572967887
UBFC_PHYS_s15_T1_test,143,194,149.46666666666667,-0.33659452199935913,-0.748943469753541
UBFC_PHYS_s15_T1_test,143,195,149.5,-0.35777902603149414,-0.9473215450585667
UBFC_PHYS_s15_T1_test,143,196,149.53333333333333,-0.28437668085098267,-1.112107131092723
UBFC_PHYS_s15_T1_test,143,197,149.56666666666666,-0.17636841535568237,-1.1976541861162293
UBFC_PHYS_s15_T1_test,143,198,149.6,-0.07094787061214447,-1.1552237907085023
UBFC_PHYS_s15_T1_test,143,199,149.63333333333333,-0.011951763182878494,-0.9527927033770799
UBFC_PHYS_s15_T1_test,143,200,149.66666666666666,-0.06453651189804077,-0.591421549335241
UBFC_PHYS_s15_T1_test,143,201,149.7,-0.23930403590202332,-0.11175099767567886
UBFC_PHYS_s15_T1_test,143,202,149.73333333333332,-0.45232731103897095,0.4119146299219703
UBFC_PHYS_s15_T1_test,143,203,149.76666666666668,-0.6497856378555298,0.8883439752712902
UBFC_PHYS_s15_T1_test,143,204,149.8,-0.9076305031776428,1.232571814998654
UBFC_PHYS_s15_T1_test,143,205,149.83333333333334,-1.2805708646774292,1.389136365043207
UBFC_PHYS_s15_T1_test,143,206,149.86666666666667,-1.6390470266342163,1.347358416495222
UBFC_PHYS_s15_T1_test,143,207,149.9,-1.7184746265411377,1.141962005904674
UBFC_PHYS_s15_T1_test,143,208,149.93333333333334,-1.3592065572738647,0.8380416862675251
UBFC_PHYS_s15_T1_test,143,209,149.96666666666667,-0.7239797711372375,0.5066126831343921
UBFC_PHYS_s15_T1_test,143,210,150.0,-0.18165971338748932,0.20130008793403997
UBFC_PHYS_s15_T1_test,143,211,150.03333333333333,0.061450596898794174,-0.0543708698587443
UBFC_PHYS_s15_T1_test,143,212,150.06666666666666,0.1016760915517807,-0.265482441598068
UBFC_PHYS_s15_T1_test,143,213,150.1,0.05639103055000305,-0.453106252095149
UBFC_PHYS_s15_T1_test,143,214,150.13333333333333,-0.024793796241283417,-0.6372931933067033
UBFC_PHYS_s15_T1_test,143,215,150.16666666666666,-0.08490996062755585,-0.8225741519831155
UBFC_PHYS_s15_T1_test,143,216,150.2,-0.09209378063678741,-0.990975426659296
UBFC_PHYS_s15_T1_test,143,217,150.23333333333332,-0.07782270759344101,-1.1048034533539948
UBFC_PHYS_s15_T1_test,143,218,150.26666666666668,-0.06739459186792374,-1.1185228323370526
UBFC_PHYS_s15_T1_test,143,219,150.3,-0.07523498684167862,-0.9961155931298207
UBFC_PHYS_s15_T1_test,143,220,150.33333333333334,-0.16051381826400757,-0.727872326074179
UBFC_PHYS_s15_T1_test,143,221,150.36666666666667,-0.3449176847934723,-0.3401035665883733
UBFC_PHYS_s15_T1_test,143,222,150.4,-0.5362736582756042,0.10637217574863339
UBFC_PHYS_s15_T1_test,143,223,150.43333333333334,-0.6531264781951904,0.5291720522383576
UBFC_PHYS_s15_T1_test,143,224,150.46666666666667,-0.7532943487167358,0.845257015958205
UBFC_PHYS_s15_T1_test,143,225,150.5,-0.9617408514022827,0.9936408627991393
UBFC_PHYS_s15_T1_test,143,226,150.53333333333333,-1.2859973907470703,0.9525242403934666
UBFC_PHYS_s15_T1_test,143,227,150.56666666666666,-1.4897898435592651,0.7449286034713923
UBFC_PHYS_s15_T1_test,143,228,150.6,-1.2850124835968018,0.4311479372555614
UBFC_PHYS_s15_T1_test,143,229,150.63333333333333,-0.6913436055183411,0.09097003122030825
UBFC_PHYS_s15_T1_test,143,230,150.66666666666666,-0.068302221596241,-0.19870892512904045
UBFC_PHYS_s15_T1_test,143,231,150.7,0.3072451949119568,-0.38434491116041575
UBFC_PHYS_s15_T1_test,143,232,150.73333333333332,0.4518870413303375,-0.447946950118203
UBFC_PHYS_s15_T1_test,143,233,150.76666666666668,0.450071781873703,-0.4069860040303485
UBFC_PHYS_s15_T1_test,143,234,150.8,0.34374359250068665,-0.3027582149759675
UBFC_PHYS_s15_T1_test,143,235,150.83333333333334,0.2244575172662735,-0.182734730726958
UBFC_PHYS_s15_T1_test,143,236,150.86666666666667,0.17824551463127136,-0.08428913361724195
UBFC_PHYS_s15_T1_test,143,237,150.9,0.2129286527633667,-0.025347001039724155
UBFC_PHYS_s15_T1_test,143,238,150.93333333333334,0.2935727834701538,-0.003350517048511685
UBFC_PHYS_s15_T1_test,143,239,150.96666666666667,0.3694469928741455,-0.0003373784675439087
UBFC_PHYS_s15_T1_test,144,0,144.0,-0.3713935315608978,0.11172250351591008
UBFC_PHYS_s15_T1_test,144,1,144.03333333333333,-0.3314577043056488,0.6025952338543136
UBFC_PHYS_s15_T1_test,144,2,144.06666666666666,-0.2654708921909332,1.0680203828585075
UBFC_PHYS_s15_T1_test,144,3,144.1,-0.24961628019809723,1.4793776299819696
UBFC_PHYS_s15_T1_test,144,4,144.13333333333333,-0.32247793674468994,1.8036973890744512
UBFC_PHYS_s15_T1_test,144,5,144.16666666666666,-0.3999742865562439,2.0072069919571764
UBFC_PHYS_s15_T1_test,144,6,144.2,-0.43575817346572876,2.061865324410707
UBFC_PHYS_s15_T1_test,144,7,144.23333333333332,-0.5087164044380188,1.953873653327908
UBFC_PHYS_s15_T1_test,144,8,144.26666666666668,-0.6973494291305542,1.6922593103487091
UBFC_PHYS_s15_T1_test,144,9,144.3,-0.965564489364624,1.3137003665085514
UBFC_PHYS_s15_T1_test,144,10,144.33333333333334,-1.1437500715255737,0.878581059826756
UBFC_PHYS_s15_T1_test,144,11,144.36666666666667,-1.0051333904266357,0.45591599036255476
UBFC_PHYS_s15_T1_test,144,12,144.4,-0.501976728439331,0.10160951749811331
UBFC_PHYS_s15_T1_test,144,13,144.43333333333334,0.11175660789012909,-0.1598282162819357
UBFC_PHYS_s15_T1_test,144,14,144.46666666666667,0.534964382648468,-0.3408022731036941
UBFC_PHYS_s15_T1_test,144,15,144.5,0.70212322473526,-0.48073162220920534
UBFC_PHYS_s15_T1_test,144,16,144.53333333333333,0.7045564651489258,-0.6259653727716079
UBFC_PHYS_s15_T1_test,144,17,144.56666666666666,0.6420263648033142,-0.8088235831252601
UBFC_PHYS_s15_T1_test,144,18,144.6,0.605952799320221,-1.0332597938875263
UBFC_PHYS_s15_T1_test,144,19,144.63333333333333,0.6582478880882263,-1.2703004455525508
UBFC_PHYS_s15_T1_test,144,20,144.66666666666666,0.7658506035804749,-1.4635790084628497
UBFC_PHYS_s15_T1_test,144,21,144.7,0.8712905049324036,-1.5439109282256946
UBFC_PHYS_s15_T1_test,144,22,144.73333333333332,0.9825816750526428,-1.4502007722667214
UBFC_PHYS_s15_T1_test,144,23,144.76666666666668,1.1047258377075195,-1.1517004804288842
UBFC_PHYS_s15_T1_test,144,24,144.8,1.1403359174728394,-0.6647073009716177
UBFC_PHYS_s15_T1_test,144,25,144.83333333333334,0.9959450960159302,-0.05669921885328403
UBFC_PHYS_s15_T1_test,144,26,144.86666666666667,0.7131307125091553,0.5661795390700416
UBFC_PHYS_s15_T1_test,144,27,144.9,0.3944937586784363,1.0865327172900507
UBFC_PHYS_s15_T1_test,144,28,144.93333333333334,0.05654551833868027,1.409507598071221
UBFC_PHYS_s15_T1_test,144,29,144.96666666666667,-0.3386608362197876,1.490624397400205
UBFC_PHYS_s15_T1_test,144,30,145.0,-0.767661988735199,1.3471106585541885
UBFC_PHYS_s15_T1_test,144,31,145.03333333333333,-1.0852367877960205,1.048457926741289
UBFC_PHYS_s15_T1_test,144,32,145.06666666666666,-1.0884038209915161,0.6895355300221537
UBFC_PHYS_s15_T1_test,144,33,145.1,-0.7173752784729004,0.3562526999932859
UBFC_PHYS_s15_T1_test,144,34,145.13333333333333,-0.18299220502376556,0.0972883142273725
UBFC_PHYS_s15_T1_test,144,35,145.16666666666666,0.23227861523628235,-0.08672518847701237
UBFC_PHYS_s15_T1_test,144,36,145.2,0.43209293484687805,-0.2331506716258247
UBFC_PHYS_s15_T1_test,144,37,145.23333333333332,0.4736895263195038,-0.3925373954779014
UBFC_PHYS_s15_T1_test,144,38,145.26666666666668,0.4349510073661804,-0.6009335469464109
UBFC_PHYS_s15_T1_test,144,39,145.3,0.3988388180732727,-0.8607250195135467
UBFC_PHYS_s15_T1_test,144,40,145.33333333333334,0.42336422204971313,-1.135821840009355
UBFC_PHYS_s15_T1_test,144,41,145.36666666666667,0.48765161633491516,-1.3606756405815756
UBFC_PHYS_s15_T1_test,144,42,145.4,0.528031587600708,-1.4591444260323103
UBFC_PHYS_s15_T1_test,144,43,145.43333333333334,0.5014978647232056,-1.3680656954524142
UBFC_PHYS_s15_T1_test,144,44,145.46666666666667,0.3685007095336914,-1.0595949058262861
UBFC_PHYS_s15_T1_test,144,45,145.5,0.10569284856319427,-0.5558185853518363
UBFC_PHYS_s15_T1_test,144,46,145.53333333333333,-0.21423792839050293,0.07004053804745966
UBFC_PHYS_s15_T1_test,144,47,145.56666666666666,-0.45615094900131226,0.7084140386652468
UBFC_PHYS_s15_T1_test,144,48,145.6,-0.5728879570960999,1.24149618433328
UBFC_PHYS_s15_T1_test,144,49,145.63333333333333,-0.6437991261482239,1.5763081015377651
UBFC_PHYS_s15_T1_test,144,50,145.66666666666666,-0.8013602495193481,1.6709865357927103
UBFC_PHYS_s15_T1_test,144,51,145.7,-1.0666013956069946,1.544084335265089
UBFC_PHYS_s15_T1_test,144,52,145.73333333333332,-1.2302842140197754,1.2633483945661268
UBFC_PHYS_s15_T1_test,144,53,145.76666666666668,-1.0407241582870483,0.9187737982848465
UBFC_PHYS_s15_T1_test,144,54,145.8,-0.5752632021903992,0.5904724591500659
UBFC_PHYS_s15_T1_test,144,55,145.83333333333334,-0.18030792474746704,0.32329312398554594
UBFC_PHYS_s15_T1_test,144,56,145.86666666666667,-0.06633246690034866,0.11730599542244652
UBFC_PHYS_s15_T1_test,144,57,145.9,-0.1843826174736023,-0.06292069338511058
UBFC_PHYS_s15_T1_test,144,58,145.93333333333334,-0.3963244557380676,-0.26488732873148396
UBFC_PHYS_s15_T1_test,144,59,145.96666666666667,-0.5713430047035217,-0.5208565502714444
UBFC_PHYS_s15_T1_test,144,60,146.0,-0.5854595899581909,-0.8280171127228342
UBFC_PHYS_s15_T1_test,144,61,146.03333333333333,-0.4260638952255249,-1.1436844597087934
UBFC_PHYS_s15_T1_test,144,62,146.06666666666666,-0.22738894820213318,-1.3964991716836914
UBFC_PHYS_s15_T1_test,144,63,146.1,-0.04893295839428902,-1.5085969003408115
UBFC_PHYS_s15_T1_test,144,64,146.13333333333333,0.14784948527812958,-1.420938530866216
UBFC_PHYS_s15_T1_test,144,65,146.16666666666666,0.30894458293914795,-1.11422836176529
UBFC_PHYS_s15_T1_test,144,66,146.2,0.29142922163009644,-0.6196281045933137
UBFC_PHYS_s15_T1_test,144,67,146.23333333333332,0.07610789686441422,-0.015809134020331204
UBFC_PHYS_s15_T1_test,144,68,146.26666666666668,-0.18689309060573578,0.5882987380343021
UBFC_PHYS_s15_T1_test,144,69,146.3,-0.37672343850135803,1.0817211915396758
UBFC_PHYS_s15_T1_test,144,70,146.33333333333334,-0.5472231507301331,1.3824450527108791
UBFC_PHYS_s15_T1_test,144,71,146.36666666666667,-0.8208839893341064,1.460042927730431
UBFC_PHYS_s15_T1_test,144,72,146.4,-1.2005447149276733,1.340462276219674
UBFC_PHYS_s15_T1_test,144,73,146.43333333333334,-1.47219717502594,1.0905833612664568
UBFC_PHYS_s15_T1_test,144,74,146.46666666666667,-1.3695381879806519,0.789729782129491
UBFC_PHYS_s15_T1_test,144,75,146.5,-0.9003308415412903,0.5012105988413188
UBFC_PHYS_s15_T1_test,144,76,146.53333333333333,-0.37183767557144165,0.2550843551377952
UBFC_PHYS_s15_T1_test,144,77,146.56666666666666,0.006896093487739563,0.046452709619619684
UBFC_PHYS_s15_T1_test,144,78,146.6,0.26622793078422546,-0.15301259549546234
UBFC_PHYS_s15_T1_test,144,79,146.63333333333333,0.44024232029914856,-0.3763310655436394
UBFC_PHYS_s15_T1_test,144,80,146.66666666666666,0.5334388017654419,-0.6420617905627178
UBFC_PHYS_s15_T1_test,144,81,146.7,0.6281415224075317,-0.9406489123358877
UBFC_PHYS_s15_T1_test,144,82,146.73333333333332,0.7975791096687317,-1.2307022572549784
UBFC_PHYS_s15_T1_test,144,83,146.76666666666668,0.9658387303352356,-1.4472350889317886
UBFC_PHYS_s15_T1_test,144,84,146.8,1.0070297718048096,-1.5201610857266696
UBFC_PHYS_s15_T1_test,144,85,146.83333333333334,0.9360799789428711,-1.3975317973083898
UBFC_PHYS_s15_T1_test,144,86,146.86666666666667,0.8181070685386658,-1.0658220437018198
UBFC_PHYS_s15_T1_test,144,87,146.9,0.609602689743042,-0.5600320704383154
UBFC_PHYS_s15_T1_test,144,88,146.93333333333334,0.2661120593547821,0.04057863725998786
UBFC_PHYS_s15_T1_test,144,89,146.96666666666667,-0.08375128358602524,0.630806665138446
UBFC_PHYS_s15_T1_test,144,90,147.0,-0.27667146921157837,1.1070457095307549
UBFC_PHYS_s15_T1_test,144,91,147.03333333333333,-0.3434886634349823,1.3957660204739373
UBFC_PHYS_s15_T1_test,144,92,147.06666666666666,-0.4619636535644531,1.47323789890968
UBFC_PHYS_s15_T1_test,144,93,147.1,-0.699357807636261,1.368722857373915
UBFC_PHYS_s15_T1_test,144,94,147.13333333333333,-0.8942863941192627,1.1489986999846535
UBFC_PHYS_s15_T1_test,144,95,147.16666666666666,-0.7680482268333435,0.8899331467690281
UBFC_PHYS_s15_T1_test,144,96,147.2,-0.22076515853405,0.6473939619421609
UBFC_PHYS_s15_T1_test,144,97,147.23333333333332,0.5224120020866394,0.44039874061966705
UBFC_PHYS_s15_T1_test,144,98,147.26666666666668,1.1177417039871216,0.2525396770105706
UBFC_PHYS_s15_T1_test,144,99,147.3,1.3965779542922974,0.04836002625631625
UBFC_PHYS_s15_T1_test,144,100,147.33333333333334,1.4013864994049072,-0.2043149386348682
UBFC_PHYS_s15_T1_test,144,101,147.36666666666667,1.2576909065246582,-0.5153949624091063
UBFC_PHYS_s15_T1_test,144,102,147.4,1.0870366096496582,-0.8628681335211588
UBFC_PHYS_s15_T1_test,144,103,147.43333333333334,0.9427810311317444,-1.1943690016253412
UBFC_PHYS_s15_T1_test,144,104,147.46666666666667,0.8259474635124207,-1.4390070688915455
UBFC_PHYS_s15_T1_test,144,105,147.5,0.7279038429260254,-1.5264653062746187
UBFC_PHYS_s15_T1_test,144,106,147.53333333333333,0.6297250390052795,-1.4083566541674635
UBFC_PHYS_s15_T1_test,144,107,147.56666666666666,0.5219678282737732,-1.0755718897711541
UBFC_PHYS_s15_T1_test,144,108,147.6,0.4121057093143463,-0.5659942854021117
UBFC_PHYS_s15_T1_test,144,109,147.63333333333333,0.2714613080024719,0.04053713306954633
UBFC_PHYS_s15_T1_test,144,110,147.66666666666666,0.06417349725961685,0.6395399236031585
UBFC_PHYS_s15_T1_test,144,111,147.7,-0.1690301150083542,1.1272480708674226
UBFC_PHYS_s15_T1_test,144,112,147.73333333333332,-0.3504600524902344,1.4269106865895353
UBFC_PHYS_s15_T1_test,144,113,147.76666666666668,-0.48979127407073975,1.5079502194856
UBFC_PHYS_s15_T1_test,144,114,147.8,-0.6647133231163025,1.391495742155624
UBFC_PHYS_s15_T1_test,144,115,147.83333333333334,-0.8902889490127563,1.1398194515369329
UBFC_PHYS_s15_T1_test,144,116,147.86666666666667,-1.0765273571014404,0.8326769649127439
UBFC_PHYS_s15_T1_test,144,117,147.9,-1.0619087219238281,0.5388583172027939
UBFC_PHYS_s15_T1_test,144,118,147.93333333333334,-0.725022554397583,0.2941251028816026
UBFC_PHYS_s15_T1_test,144,119,147.96666666666667,-0.157211571931839,0.094619645018824
UBFC_PHYS_s15_T1_test,144,120,148.0,0.3718995153903961,-0.09234697314344174
UBFC_PHYS_s15_T1_test,144,121,148.03333333333333,0.6810352802276611,-0.3062958412682543
UBFC_PHYS_s15_T1_test,144,122,148.06666666666666,0.8031021952629089,-0.5707164909508061
UBFC_PHYS_s15_T1_test,144,123,148.1,0.8049560785293579,-0.878519760506995
UBFC_PHYS_s15_T1_test,144,124,148.13333333333333,0.7374823093414307,-1.190098975749432
UBFC_PHYS_s15_T1_test,144,125,148.16666666666666,0.6643695831298828,-1.4430593051155172
UBFC_PHYS_s15_T1_test,144,126,148.2,0.6202045679092407,-1.5696727264516555
UBFC_PHYS_s15_T1_test,144,127,148.23333333333332,0.5900595784187317,-1.5170175161178805
UBFC_PHYS_s15_T1_test,144,128,148.26666666666668,0.5614209175109863,-1.2643429855033108
UBFC_PHYS_s15_T1_test,144,129,148.3,0.533187747001648,-0.8326007421037545
UBFC_PHYS_s15_T1_test,144,130,148.33333333333334,0.4712563157081604,-0.2828857546508706
UBFC_PHYS_s15_T1_test,144,131,148.36666666666667,0.34347325563430786,0.2965045711026356
UBFC_PHYS_s15_T1_test,144,132,148.4,0.19676508009433746,0.8113319806352658
UBFC_PHYS_s15_T1_test,144,133,148.43333333333334,0.1271091103553772,1.1850745112773384
UBFC_PHYS_s15_T1_test,144,134,148.46666666666667,0.13939112424850464,1.3776506364153496
UBFC_PHYS_s15_T1_test,144,135,148.5,0.10163747519254684,1.3928776657738533
UBFC_PHYS_s15_T1_test,144,136,148.53333333333333,-0.06953814625740051,1.2719095801431202
UBFC_PHYS_s15_T1_test,144,137,148.56666666666666,-0.22175003588199615,1.0748789548116113
UBFC_PHYS_s15_T1_test,144,138,148.6,-0.1373402178287506,0.8574663755998977
UBFC_PHYS_s15_T1_test,144,139,148.63333333333333,0.1816636174917221,0.6514302594279424
UBFC_PHYS_s15_T1_test,144,140,148.66666666666666,0.47560134530067444,0.4570634362958985
UBFC_PHYS_s15_T1_test,144,141,148.7,0.5193994641304016,0.25076464598614817
UBFC_PHYS_s15_T1_test,144,142,148.73333333333332,0.38199934363365173,0.003942055997604039
UBFC_PHYS_s15_T1_test,144,143,148.76666666666668,0.2780657708644867,-0.29588378157527806
UBFC_PHYS_s15_T1_test,144,144,148.8,0.25713229179382324,-0.6314665379731945
UBFC_PHYS_s15_T1_test,144,145,148.83333333333334,0.26636311411857605,-0.9554144744388633
UBFC_PHYS_s15_T1_test,144,146,148.86666666666667,0.3368687629699707,-1.2026823249385468
UBFC_PHYS_s15_T1_test,144,147,148.9,0.4834803640842438,-1.31069588730928
UBFC_PHYS_s15_T1_test,144,148,148.93333333333334,0.6040023565292358,-1.2397776109532188
UBFC_PHYS_s15_T1_test,144,149,148.96666666666667,0.6146429181098938,-0.9873053068847802
UBFC_PHYS_s15_T1_test,144,150,149.0,0.5306386351585388,-0.5914383201414166
UBFC_PHYS_s15_T1_test,144,151,149.03333333333333,0.37155190110206604,-0.12331677520439283
UBFC_PHYS_s15_T1_test,144,152,149.06666666666666,0.16434136033058167,0.330284246130514
UBFC_PHYS_s15_T1_test,144,153,149.1,-0.02037150226533413,0.6892966229571469
UBFC_PHYS_s15_T1_test,144,154,149.13333333333333,-0.17997963726520538,0.9014650387914983
UBFC_PHYS_s15_T1_test,144,155,149.16666666666666,-0.43164485692977905,0.9554422919725506
UBFC_PHYS_s15_T1_test,144,156,149.2,-0.7933846712112427,0.8804081539995038
UBFC_PHYS_s15_T1_test,144,157,149.23333333333332,-1.0182651281356812,0.7312490506582543
UBFC_PHYS_s15_T1_test,144,158,149.26666666666668,-0.8468770384788513,0.5652440536105808
UBFC_PHYS_s15_T1_test,144,159,149.3,-0.3885999321937561,0.42060066308726524
UBFC_PHYS_s15_T1_test,144,160,149.33333333333334,-3.6673642171081156e-05,0.3053451202836361
UBFC_PHYS_s15_T1_test,144,161,149.36666666666667,0.11239388585090637,0.19943005797181163
UBFC_PHYS_s15_T1_test,144,162,149.4,-0.004149986896663904,0.06784476272857672
UBFC_PHYS_s15_T1_test,144,163,149.43333333333334,-0.19834470748901367,-0.12051656483342305
UBFC_PHYS_s15_T1_test,144,164,149.46666666666667,-0.33659452199935913,-0.3747595806309544
UBFC_PHYS_s15_T1_test,144,165,149.5,-0.35777902603149414,-0.6710094582887601
UBFC_PHYS_s15_T1_test,144,166,149.53333333333333,-0.28437668085098267,-0.9532008859827173
UBFC_PHYS_s15_T1_test,144,167,149.56666666666666,-0.17636841535568237,-1.146882998303537
UBFC_PHYS_s15_T1_test,144,168,149.6,-0.07094787061214447,-1.1825767141164807
UBFC_PHYS_s15_T1_test,144,169,149.63333333333333,-0.011951763182878494,-1.0210148565892876
UBFC_PHYS_s15_T1_test,144,170,149.66666666666666,-0.06453651189804077,-0.6709660965807394
UBFC_PHYS_s15_T1_test,144,171,149.7,-0.23930403590202332,-0.1923455839650182
UBFC_PHYS_s15_T1_test,144,172,149.73333333333332,-0.45232731103897095,0.3175863167090566
UBFC_PHYS_s15_T1_test,144,173,149.76666666666668,-0.6497856378555298,0.7512038447730397
UBFC_PHYS_s15_T1_test,144,174,149.8,-0.9076305031776428,1.0224543686116776
UBFC_PHYS_s15_T1_test,144,175,149.83333333333334,-1.2805708646774292,1.0931627506941664
UBFC_PHYS_s15_T1_test,144,176,149.86666666666667,-1.6390470266342163,0.9834273202631373
UBFC_PHYS_s15_T1_test,144,177,149.9,-1.7184746265411377,0.7606409577575711
UBFC_PHYS_s15_T1_test,144,178,149.93333333333334,-1.3592065572738647,0.5107860240517462
UBFC_PHYS_s15_T1_test,144,179,149.96666666666667,-0.7239797711372375,0.3042521552674996
UBFC_PHYS_s15_T1_test,144,180,150.0,-0.18165971338748932,0.17107927024850705
UBFC_PHYS_s15_T1_test,144,181,150.03333333333333,0.061450596898794174,0.09561819674511363
UBFC_PHYS_s15_T1_test,144,182,150.06666666666666,0.1016760915517807,0.03081636433571243
UBFC_PHYS_s15_T1_test,144,183,150.1,0.05639103055000305,-0.07627384092675797
UBFC_PHYS_s15_T1_test,144,184,150.13333333333333,-0.024793796241283417,-0.25890324865673275
UBFC_PHYS_s15_T1_test,144,185,150.16666666666666,-0.08490996062755585,-0.513723718812292
UBFC_PHYS_s15_T1_test,144,186,150.2,-0.09209378063678741,-0.7971549051291912
UBFC_PHYS_s15_T1_test,144,187,150.23333333333332,-0.07782270759344101,-1.0356451884824496
UBFC_PHYS_s15_T1_test,144,188,150.26666666666668,-0.06739459186792374,-1.147260840605762
UBFC_PHYS_s15_T1_test,144,189,150.3,-0.07523498684167862,-1.069068328484401
UBFC_PHYS_s15_T1_test,144,190,150.33333333333334,-0.16051381826400757,-0.7819823331731134
UBFC_PHYS_s15_T1_test,144,191,150.36666666666667,-0.3449176847934723,-0.32384761998576805
UBFC_PHYS_s15_T1_test,144,192,150.4,-0.5362736582756042,0.215756292925756
UBFC_PHYS_s15_T1_test,144,193,150.43333333333334,-0.6531264781951904,0.7193691204981083
UBFC_PHYS_s15_T1_test,144,194,150.46666666666667,-0.7532943487167358,1.077094381337747
UBFC_PHYS_s15_T1_test,144,195,150.5,-0.9617408514022827,1.2210659566430409
UBFC_PHYS_s15_T1_test,144,196,150.53333333333333,-1.2859973907470703,1.1457267969604557
UBFC_PHYS_s15_T1_test,144,197,150.56666666666666,-1.4897898435592651,0.9058942324045469
UBFC_PHYS_s15_T1_test,144,198,150.6,-1.2850124835968018,0.5937417603611426
UBFC_PHYS_s15_T1_test,144,199,150.63333333333333,-0.6913436055183411,0.3042326366623701
UBFC_PHYS_s15_T1_test,144,200,150.66666666666666,-0.068302221596241,0.10210537850653796
UBFC_PHYS_s15_T1_test,144,201,150.7,0.3072451949119568,0.0020203452848580523
UBFC_PHYS_s15_T1_test,144,202,150.73333333333332,0.4518870413303375,-0.031404042828286446
UBFC_PHYS_s15_T1_test,144,203,150.76666666666668,0.450071781873703,-0.06406717180956485
UBFC_PHYS_s15_T1_test,144,204,150.8,0.34374359250068665,-0.16136237140938695
UBFC_PHYS_s15_T1_test,144,205,150.83333333333334,0.2244575172662735,-0.3581388920152042
UBFC_PHYS_s15_T1_test,144,206,150.86666666666667,0.17824551463127136,-0.641065919894896
UBFC_PHYS_s15_T1_test,144,207,150.9,0.2129286527633667,-0.949378473012597
UBFC_PHYS_s15_T1_test,144,208,150.93333333333334,0.2935727834701538,-1.1931973958822795
UBFC_PHYS_s15_T1_test,144,209,150.96666666666667,0.3694469928741455,-1.282989300234817
UBFC_PHYS_s15_T1_test,144,210,151.0,0.3661061227321625,-1.1606658658624733
UBFC_PHYS_s15_T1_test,144,211,151.03333333333333,0.21115201711654663,-0.8224565696715361
UBFC_PHYS_s15_T1_test,144,212,151.06666666666666,-0.07036853581666946,-0.3256674085071321
UBFC_PHYS_s15_T1_test,144,213,151.1,-0.3537815809249878,0.22439723957140625
UBFC_PHYS_s15_T1_test,144,214,151.13333333333333,-0.5575160980224609,0.7050339379172178
UBFC_PHYS_s15_T1_test,144,215,151.16666666666666,-0.7641859650611877,1.0150348921934749
UBFC_PHYS_s15_T1_test,144,216,151.2,-1.0985230207443237,1.1074387457127615
UBFC_PHYS_s15_T1_test,144,217,151.23333333333332,-1.5023036003112793,1.00243773802315
UBFC_PHYS_s15_T1_test,144,218,151.26666666666668,-1.6675891876220703,0.775081323089248
UBFC_PHYS_s15_T1_test,144,219,151.3,-1.3081860542297363,0.5237963366429627
UBFC_PHYS_s15_T1_test,144,220,151.33333333333334,-0.5487681031227112,0.33359050616072145
UBFC_PHYS_s15_T1_test,144,221,151.36666666666667,0.17187277972698212,0.248454767564219
UBFC_PHYS_s15_T1_test,144,222,151.4,0.5465125441551208,0.26146710938137624
UBFC_PHYS_s15_T1_test,144,223,151.43333333333334,0.5847489833831787,0.3230378036376067
UBFC_PHYS_s15_T1_test,144,224,151.46666666666667,0.4189226031303406,0.3622090765277195
UBFC_PHYS_s15_T1_test,144,225,151.5,0.1954905241727829,0.31366004413386506
UBFC_PHYS_s15_T1_test,144,226,151.53333333333333,0.07954531162977219,0.14268840914530323
UBFC_PHYS_s15_T1_test,144,227,151.56666666666666,0.12280268967151642,-0.13904150027685858
UBFC_PHYS_s15_T1_test,144,228,151.6,0.23233655095100403,-0.47266944033066643
UBFC_PHYS_s15_T1_test,144,229,151.63333333333333,0.3123047649860382,-0.7681890342463465
UBFC_PHYS_s15_T1_test,144,230,151.66666666666666,0.31686222553253174,-0.9333215768397526
UBFC_PHYS_s15_T1_test,144,231,151.7,0.19774995744228363,-0.9057166458681047
UBFC_PHYS_s15_T1_test,144,232,151.73333333333332,-0.04138222709298134,-0.677233605950946
UBFC_PHYS_s15_T1_test,144,233,151.76666666666668,-0.27327266335487366,-0.3014647762924767
UBFC_PHYS_s15_T1_test,144,234,151.8,-0.364615261554718,0.1190345777237863
UBFC_PHYS_s15_T1_test,144,235,151.83333333333334,-0.34821993112564087,0.46275266136215376
UBFC_PHYS_s15_T1_test,144,236,151.86666666666667,-0.4007660448551178,0.6273644423462672
UBFC_PHYS_s15_T1_test,144,237,151.9,-0.5923537611961365,0.5633822241575388
UBFC_PHYS_s15_T1_test,144,238,151.93333333333334,-0.6524119973182678,0.2913168865115449
UBFC_PHYS_s15_T1_test,144,239,151.96666666666667,-0.2390143722295761,-0.1040944959378706
UBFC_PHYS_s15_T1_test,145,0,145.0,-0.767661988735199,-0.06256252648182371
UBFC_PHYS_s15_T1_test,145,1,145.03333333333333,-1.0852367877960205,0.39857543088006886
UBFC_PHYS_s15_T1_test,145,2,145.06666666666666,-1.0884038209915161,0.809751825524858
UBFC_PHYS_s15_T1_test,145,3,145.1,-0.7173752784729004,1.1242077219334816
UBFC_PHYS_s15_T1_test,145,4,145.13333333333333,-0.18299220502376556,1.3043891790690927
UBFC_PHYS_s15_T1_test,145,5,145.16666666666666,0.23227861523628235,1.3279179013870128
UBFC_PHYS_s15_T1_test,145,6,145.2,0.43209293484687805,1.1923381336074903
UBFC_PHYS_s15_T1_test,145,7,145.23333333333332,0.4736895263195038,0.9170433541657237
UBFC_PHYS_s15_T1_test,145,8,145.26666666666668,0.4349510073661804,0.5412950178052846
UBFC_PHYS_s15_T1_test,145,9,145.3,0.3988388180732727,0.11813443187305775
UBFC_PHYS_s15_T1_test,145,10,145.33333333333334,0.42336422204971313,-0.29441913775367196
UBFC_PHYS_s15_T1_test,145,11,145.36666666666667,0.48765161633491516,-0.6424040125449579
UBFC_PHYS_s15_T1_test,145,12,145.4,0.528031587600708,-0.8832030480544859
UBFC_PHYS_s15_T1_test,145,13,145.43333333333334,0.5014978647232056,-0.9904823854113354
UBFC_PHYS_s15_T1_test,145,14,145.46666666666667,0.3685007095336914,-0.9570968700746908
UBFC_PHYS_s15_T1_test,145,15,145.5,0.10569284856319427,-0.7960879728754081
UBFC_PHYS_s15_T1_test,145,16,145.53333333333333,-0.21423792839050293,-0.5389889785998165
UBFC_PHYS_s15_T1_test,145,17,145.56666666666666,-0.45615094900131226,-0.23029061629187345
UBFC_PHYS_s15_T1_test,145,18,145.6,-0.5728879570960999,0.08191294803254878
UBFC_PHYS_s15_T1_test,145,19,145.63333333333333,-0.6437991261482239,0.3567842916492201
UBFC_PHYS_s15_T1_test,145,20,145.66666666666666,-0.8013602495193481,0.5689391488837928
UBFC_PHYS_s15_T1_test,145,21,145.7,-1.0666013956069946,0.7103958638954714
UBFC_PHYS_s15_T1_test,145,22,145.73333333333332,-1.2302842140197754,0.7860573431739047
UBFC_PHYS_s15_T1_test,145,23,145.76666666666668,-1.0407241582870483,0.8058016616181677
UBFC_PHYS_s15_T1_test,145,24,145.8,-0.5752632021903992,0.7768901319228364
UBFC_PHYS_s15_T1_test,145,25,145.83333333333334,-0.18030792474746704,0.6993101705183905
UBFC_PHYS_s15_T1_test,145,26,145.86666666666667,-0.06633246690034866,0.5656778278311402
UBFC_PHYS_s15_T1_test,145,27,145.9,-0.1843826174736023,0.36620978710028323
UBFC_PHYS_s15_T1_test,145,28,145.93333333333334,-0.3963244557380676,0.09734104855598473
UBFC_PHYS_s15_T1_test,145,29,145.96666666666667,-0.5713430047035217,-0.22951548989554252
UBFC_PHYS_s15_T1_test,145,30,146.0,-0.5854595899581909,-0.5834349091861494
UBFC_PHYS_s15_T1_test,145,31,146.03333333333333,-0.4260638952255249,-0.9166679895657854
UBFC_PHYS_s15_T1_test,145,32,146.06666666666666,-0.22738894820213318,-1.1742386859298553
UBFC_PHYS_s15_T1_test,145,33,146.1,-0.04893295839428902,-1.3070290150556727
UBFC_PHYS_s15_T1_test,145,34,146.13333333333333,0.14784948527812958,-1.2839775615919107
UBFC_PHYS_s15_T1_test,145,35,146.16666666666666,0.30894458293914795,-1.1000666663095222
UBFC_PHYS_s15_T1_test,145,36,146.2,0.29142922163009644,-0.7785061417667728
UBFC_PHYS_s15_T1_test,145,37,146.23333333333332,0.07610789686441422,-0.36681062633471617
UBFC_PHYS_s15_T1_test,145,38,146.26666666666668,-0.18689309060573578,0.0728648571084975
UBFC_PHYS_s15_T1_test,145,39,146.3,-0.37672343850135803,0.47765604772161835
UBFC_PHYS_s15_T1_test,145,40,146.33333333333334,-0.5472231507301331,0.7985941141977233
UBFC_PHYS_s15_T1_test,145,41,146.36666666666667,-0.8208839893341064,1.0106222236596574
UBFC_PHYS_s15_T1_test,145,42,146.4,-1.2005447149276733,1.1135686455306555
UBFC_PHYS_s15_T1_test,145,43,146.43333333333334,-1.47219717502594,1.1236745693181576
UBFC_PHYS_s15_T1_test,145,44,146.46666666666667,-1.3695381879806519,1.0607881282557183
UBFC_PHYS_s15_T1_test,145,45,146.5,-0.9003308415412903,0.9386546313538593
UBFC_PHYS_s15_T1_test,145,46,146.53333333333333,-0.37183767557144165,0.7623417014235869
UBFC_PHYS_s15_T1_test,145,47,146.56666666666666,0.006896093487739563,0.5315863102337277
UBFC_PHYS_s15_T1_test,145,48,146.6,0.26622793078422546,0.24657439212800203
UBFC_PHYS_s15_T1_test,145,49,146.63333333333333,0.44024232029914856,-0.08650493990953188
UBFC_PHYS_s15_T1_test,145,50,146.66666666666666,0.5334388017654419,-0.4512239153251064
UBFC_PHYS_s15_T1_test,145,51,146.7,0.6281415224075317,-0.818485698066261
UBFC_PHYS_s15_T1_test,145,52,146.73333333333332,0.7975791096687317,-1.1469480936048073
UBFC_PHYS_s15_T1_test,145,53,146.76666666666668,0.9658387303352356,-1.3877116488982852
UBFC_PHYS_s15_T1_test,145,54,146.8,1.0070297718048096,-1.493558355382964
UBFC_PHYS_s15_T1_test,145,55,146.83333333333334,0.9360799789428711,-1.430870963576589
UBFC_PHYS_s15_T1_test,145,56,146.86666666666667,0.8181070685386658,-1.1905754577901797
UBFC_PHYS_s15_T1_test,145,57,146.9,0.609602689743042,-0.7941933505774045
UBFC_PHYS_s15_T1_test,145,58,146.93333333333334,0.2661120593547821,-0.29258082663414187
UBFC_PHYS_s15_T1_test,145,59,146.96666666666667,-0.08375128358602524,0.24294899844037546
UBFC_PHYS_s15_T1_test,145,60,147.0,-0.27667146921157837,0.7356353084581354
UBFC_PHYS_s15_T1_test,145,61,147.03333333333333,-0.3434886634349823,1.1209362763693118
UBFC_PHYS_s15_T1_test,145,62,147.06666666666666,-0.4619636535644531,1.3611513380122902
UBFC_PHYS_s15_T1_test,145,63,147.1,-0.699357807636261,1.4510108068412562
UBFC_PHYS_s15_T1_test,145,64,147.13333333333333,-0.8942863941192627,1.4116318405679689
UBFC_PHYS_s15_T1_test,145,65,147.16666666666666,-0.7680482268333435,1.2759241182533323
UBFC_PHYS_s15_T1_test,145,66,147.2,-0.22076515853405,1.073131956506497
UBFC_PHYS_s15_T1_test,145,67,147.23333333333332,0.5224120020866394,0.8202610440822148
UBFC_PHYS_s15_T1_test,145,68,147.26666666666668,1.1177417039871216,0.5230945849923933
UBFC_PHYS_s15_T1_test,145,69,147.3,1.3965779542922974,0.18363888020540028
UBFC_PHYS_s15_T1_test,145,70,147.33333333333334,1.4013864994049072,-0.19136998605179767
UBFC_PHYS_s15_T1_test,145,71,147.36666666666667,1.2576909065246582,-0.5848034285645282
UBFC_PHYS_s15_T1_test,145,72,147.4,1.0870366096496582,-0.9675750399614423
UBFC_PHYS_s15_T1_test,145,73,147.43333333333334,0.9427810311317444,-1.3006816953541074
UBFC_PHYS_s15_T1_test,145,74,147.46666666666667,0.8259474635124207,-1.5401925508436676
UBFC_PHYS_s15_T1_test,145,75,147.5,0.7279038429260254,-1.6448105067845995
UBFC_PHYS_s15_T1_test,145,76,147.53333333333333,0.6297250390052795,-1.5850822560437743
UBFC_PHYS_s15_T1_test,145,77,147.56666666666666,0.5219678282737732,-1.3521870949278605
UBFC_PHYS_s15_T1_test,145,78,147.6,0.4121057093143463,-0.963511908492163
UBFC_PHYS_s15_T1_test,145,79,147.63333333333333,0.2714613080024719,-0.4626362929641306
UBFC_PHYS_s15_T1_test,145,80,147.66666666666666,0.06417349725961685,0.08706165871234468
UBFC_PHYS_s15_T1_test,145,81,147.7,-0.1690301150083542,0.614015591538658
UBFC_PHYS_s15_T1_test,145,82,147.73333333333332,-0.3504600524902344,1.0526573541630309
UBFC_PHYS_s15_T1_test,145,83,147.76666666666668,-0.48979127407073975,1.3566455540706868
UBFC_PHYS_s15_T1_test,145,84,147.8,-0.6647133231163025,1.5072720347352901
UBFC_PHYS_s15_T1_test,145,85,147.83333333333334,-0.8902889490127563,1.5138792571217594
UBFC_PHYS_s15_T1_test,145,86,147.86666666666667,-1.0765273571014404,1.4053756465256841
UBFC_PHYS_s15_T1_test,145,87,147.9,-1.0619087219238281,1.2157685688172715
UBFC_PHYS_s15_T1_test,145,88,147.93333333333334,-0.725022554397583,0.9704764107727131
UBFC_PHYS_s15_T1_test,145,89,147.96666666666667,-0.157211571931839,0.680465691319537
UBFC_PHYS_s15_T1_test,145,90,148.0,0.3718995153903961,0.3464474046494417
UBFC_PHYS_s15_T1_test,145,91,148.03333333333333,0.6810352802276611,-0.03070360539942314
UBFC_PHYS_s15_T1_test,145,92,148.06666666666666,0.8031021952629089,-0.43976769897432766
UBFC_PHYS_s15_T1_test,145,93,148.1,0.8049560785293579,-0.8541379169834947
UBFC_PHYS_s15_T1_test,145,94,148.13333333333333,0.7374823093414307,-1.2331873522086922
UBFC_PHYS_s15_T1_test,145,95,148.16666666666666,0.6643695831298828,-1.5284462949624558
UBFC_PHYS_s15_T1_test,145,96,148.2,0.6202045679092407,-1.6924187689508707
UBFC_PHYS_s15_T1_test,145,97,148.23333333333332,0.5900595784187317,-1.6884864688390069
UBFC_PHYS_s15_T1_test,145,98,148.26666666666668,0.5614209175109863,-1.500419419721688
UBFC_PHYS_s15_T1_test,145,99,148.3,0.533187747001648,-1.1394086831517611
UBFC_PHYS_s15_T1_test,145,100,148.33333333333334,0.4712563157081604,-0.6461086322397305
UBFC_PHYS_s15_T1_test,145,101,148.36666666666667,0.34347325563430786,-0.08566947585140285
UBFC_PHYS_s15_T1_test,145,102,148.4,0.19676508009433746,0.4644786060065913
UBFC_PHYS_s15_T1_test,145,103,148.43333333333334,0.1271091103553772,0.9314499642978756
UBFC_PHYS_s15_T1_test,145,104,148.46666666666667,0.13939112424850464,1.2629228313628789
UBFC_PHYS_s15_T1_test,145,105,148.5,0.10163747519254684,1.4365160983730225
UBFC_PHYS_s15_T1_test,145,106,148.53333333333333,-0.06953814625740051,1.4595811277654702
UBFC_PHYS_s15_T1_test,145,107,148.56666666666666,-0.22175003588199615,1.3604562762386314
UBFC_PHYS_s15_T1_test,145,108,148.6,-0.1373402178287506,1.174816764131485
UBFC_PHYS_s15_T1_test,145,109,148.63333333333333,0.1816636174917221,0.9320896427034066
UBFC_PHYS_s15_T1_test,145,110,148.66666666666666,0.47560134530067444,0.6474882465461915
UBFC_PHYS_s15_T1_test,145,111,148.7,0.5193994641304016,0.32353325968262986
UBFC_PHYS_s15_T1_test,145,112,148.73333333333332,0.38199934363365173,-0.039735638498008444
UBFC_PHYS_s15_T1_test,145,113,148.76666666666668,0.2780657708644867,-0.4315225552287064
UBFC_PHYS_s15_T1_test,145,114,148.8,0.25713229179382324,-0.8213743913715542
UBFC_PHYS_s15_T1_test,145,115,148.83333333333334,0.26636311411857605,-1.1596871934767503
UBFC_PHYS_s15_T1_test,145,116,148.86666666666667,0.3368687629699707,-1.3879523470609938
UBFC_PHYS_s15_T1_test,145,117,148.9,0.4834803640842438,-1.4547709764242842
UBFC_PHYS_s15_T1_test,145,118,148.93333333333334,0.6040023565292358,-1.3319602912756003
UBFC_PHYS_s15_T1_test,145,119,148.96666666666667,0.6146429181098938,-1.0256938445338477
UBFC_PHYS_s15_T1_test,145,120,149.0,0.5306386351585388,-0.5792475955499838
UBFC_PHYS_s15_T1_test,145,121,149.03333333333333,0.37155190110206604,-0.06590783731371579
UBFC_PHYS_s15_T1_test,145,122,149.06666666666666,0.16434136033058167,0.42710234746492115
UBFC_PHYS_s15_T1_test,145,123,149.1,-0.02037150226533413,0.8200382737090555
UBFC_PHYS_s15_T1_test,145,124,149.13333333333333,-0.17997963726520538,1.060983372042489
UBFC_PHYS_s15_T1_test,145,125,149.16666666666666,-0.43164485692977905,1.1376980267828447
UBFC_PHYS_s15_T1_test,145,126,149.2,-0.7933846712112427,1.075829057049999
UBFC_PHYS_s15_T1_test,145,127,149.23333333333332,-1.0182651281356812,0.9239120470455093
UBFC_PHYS_s15_T1_test,145,128,149.26666666666668,-0.8468770384788513,0.7320834071902271
UBFC_PHYS_s15_T1_test,145,129,149.3,-0.3885999321937561,0.5343404876568666
UBFC_PHYS_s15_T1_test,145,130,149.33333333333334,-3.6673642171081156e-05,0.3411277966965651
UBFC_PHYS_s15_T1_test,145,131,149.36666666666667,0.11239388585090637,0.14311033079803373
UBFC_PHYS_s15_T1_test,145,132,149.4,-0.004149986896663904,-0.0773459191476756
UBFC_PHYS_s15_T1_test,145,133,149.43333333333334,-0.19834470748901367,-0.33209173254774393
UBFC_PHYS_s15_T1_test,145,134,149.46666666666667,-0.33659452199935913,-0.615432517728155
UBFC_PHYS_s15_T1_test,145,135,149.5,-0.35777902603149414,-0.8985300433063093
UBFC_PHYS_s15_T1_test,145,136,149.53333333333333,-0.28437668085098267,-1.1322666551672462
UBFC_PHYS_s15_T1_test,145,137,149.56666666666666,-0.17636841535568237,-1.2586766027497518
UBFC_PHYS_s15_T1_test,145,138,149.6,-0.07094787061214447,-1.228206271332798
UBFC_PHYS_s15_T1_test,145,139,149.63333333333333,-0.011951763182878494,-1.0175268667664823
UBFC_PHYS_s15_T1_test,145,140,149.66666666666666,-0.06453651189804077,-0.6416581942982897
UBFC_PHYS_s15_T1_test,145,141,149.7,-0.23930403590202332,-0.15550349413156492
UBFC_PHYS_s15_T1_test,145,142,149.73333333333332,-0.45232731103897095,0.35673493756112096
UBFC_PHYS_s15_T1_test,145,143,149.76666666666668,-0.6497856378555298,0.8018870187666308
UBFC_PHYS_s15_T1_test,145,144,149.8,-0.9076305031776428,1.1024756845435095
UBFC_PHYS_s15_T1_test,145,145,149.83333333333334,-1.2805708646774292,1.2181816312219638
UBFC_PHYS_s15_T1_test,145,146,149.86666666666667,-1.6390470266342163,1.1558863803493091
UBFC_PHYS_s15_T1_test,145,147,149.9,-1.7184746265411377,0.9630104883152183
UBFC_PHYS_s15_T1_test,145,148,149.93333333333334,-1.3592065572738647,0.7060703186360487
UBFC_PHYS_s15_T1_test,145,149,149.96666666666667,-0.7239797711372375,0.4439203092661845
UBFC_PHYS_s15_T1_test,145,150,150.0,-0.18165971338748932,0.20803380607832295
UBFC_PHYS_s15_T1_test,145,151,150.03333333333333,0.061450596898794174,-0.001634940087555869
UBFC_PHYS_s15_T1_test,145,152,150.06666666666666,0.1016760915517807,-0.205206912949563
UBFC_PHYS_s15_T1_test,145,153,150.1,0.05639103055000305,-0.4234805507842776
UBFC_PHYS_s15_T1_test,145,154,150.13333333333333,-0.024793796241283417,-0.6603046128036026
UBFC_PHYS_s15_T1_test,145,155,150.16666666666666,-0.08490996062755585,-0.8936723381012082
UBFC_PHYS_s15_T1_test,145,156,150.2,-0.09209378063678741,-1.0780601862330939
UBFC_PHYS_s15_T1_test,145,157,150.23333333333332,-0.07782270759344101,-1.1566939009182413
UBFC_PHYS_s15_T1_test,145,158,150.26666666666668,-0.06739459186792374,-1.0799460329537252
UBFC_PHYS_s15_T1_test,145,159,150.3,-0.07523498684167862,-0.8245024262479755
UBFC_PHYS_s15_T1_test,145,160,150.33333333333334,-0.16051381826400757,-0.4069754643089951
UBFC_PHYS_s15_T1_test,145,161,150.36666666666667,-0.3449176847934723,0.11369100015806372
UBFC_PHYS_s15_T1_test,145,162,150.4,-0.5362736582756042,0.6474928181214126
UBFC_PHYS_s15_T1_test,145,163,150.43333333333334,-0.6531264781951904,1.0958894153155962
UBFC_PHYS_s15_T1_test,145,164,150.46666666666667,-0.7532943487167358,1.378515672509122
UBFC_PHYS_s15_T1_test,145,165,150.5,-0.9617408514022827,1.4547282082106252
UBFC_PHYS_s15_T1_test,145,166,150.53333333333333,-1.2859973907470703,1.3320719047624812
UBFC_PHYS_s15_T1_test,145,167,150.56666666666666,-1.4897898435592651,1.0588017161226804
UBFC_PHYS_s15_T1_test,145,168,150.6,-1.2850124835968018,0.7042522250275134
UBFC_PHYS_s15_T1_test,145,169,150.63333333333333,-0.6913436055183411,0.33542753064757896
UBFC_PHYS_s15_T1_test,145,170,150.66666666666666,-0.068302221596241,-0.0017062733800780245
UBFC_PHYS_s15_T1_test,145,171,150.7,0.3072451949119568,-0.29068229638718335
UBFC_PHYS_s15_T1_test,145,172,150.73333333333332,0.4518870413303375,-0.5407923352280097
UBFC_PHYS_s15_T1_test,145,173,150.76666666666668,0.450071781873703,-0.773054018386063
UBFC_PHYS_s15_T1_test,145,174,150.8,0.34374359250068665,-1.0017550218801905
UBFC_PHYS_s15_T1_test,145,175,150.83333333333334,0.2244575172662735,-1.2195364664216415
UBFC_PHYS_s15_T1_test,145,176,150.86666666666667,0.17824551463127136,-1.392548924110132
UBFC_PHYS_s15_T1_test,145,177,150.9,0.2129286527633667,-1.4680653708996325
UBFC_PHYS_s15_T1_test,145,178,150.93333333333334,0.2935727834701538,-1.3921163708250914
UBFC_PHYS_s15_T1_test,145,179,150.96666666666667,0.3694469928741455,-1.1309666506251261
UBFC_PHYS_s15_T1_test,145,180,151.0,0.3661061227321625,-0.6886985914993036
UBFC_PHYS_s15_T1_test,145,181,151.03333333333333,0.21115201711654663,-0.11419507009572591
UBFC_PHYS_s15_T1_test,145,182,151.06666666666666,-0.07036853581666946,0.5059105391084182
UBFC_PHYS_s15_T1_test,145,183,151.1,-0.3537815809249878,1.0671880519818169
UBFC_PHYS_s15_T1_test,145,184,151.13333333333333,-0.5575160980224609,1.4746072385876612
UBFC_PHYS_s15_T1_test,145,185,151.16666666666666,-0.7641859650611877,1.668168339991007
UBFC_PHYS_s15_T1_test,145,186,151.2,-1.0985230207443237,1.6377317083880911
UBFC_PHYS_s15_T1_test,145,187,151.23333333333332,-1.5023036003112793,1.4212239974226404
UBFC_PHYS_s15_T1_test,145,188,151.26666666666668,-1.6675891876220703,1.0871141439081362
UBFC_PHYS_s15_T1_test,145,189,151.3,-1.3081860542297363,0.7089022030497046
UBFC_PHYS_s15_T1_test,145,190,151.33333333333334,-0.5487681031227112,0.3426032417364947
UBFC_PHYS_s15_T1_test,145,191,151.36666666666667,0.17187277972698212,0.01587337665527504
UBFC_PHYS_s15_T1_test,145,192,151.4,0.5465125441551208,-0.2692824518360571
UBFC_PHYS_s15_T1_test,145,193,151.43333333333334,0.5847489833831787,-0.524660682196109
UBFC_PHYS_s15_T1_test,145,194,151.46666666666667,0.4189226031303406,-0.761457989916266
UBFC_PHYS_s15_T1_test,145,195,151.5,0.1954905241727829,-0.9786297578704872
UBFC_PHYS_s15_T1_test,145,196,151.53333333333333,0.07954531162977219,-1.1572562218392404
UBFC_PHYS_s15_T1_test,145,197,151.56666666666666,0.12280268967151642,-1.2623706842781195
UBFC_PHYS_s15_T1_test,145,198,151.6,0.23233655095100403,-1.2520273288483732
UBFC_PHYS_s15_T1_test,145,199,151.63333333333333,0.3123047649860382,-1.0914861526382351
UBFC_PHYS_s15_T1_test,145,200,151.66666666666666,0.31686222553253174,-0.7683954402598646
UBFC_PHYS_s15_T1_test,145,201,151.7,0.19774995744228363,-0.30377803318663654
UBFC_PHYS_s15_T1_test,145,202,151.73333333333332,-0.04138222709298134,0.24561156106720594
UBFC_PHYS_s15_T1_test,145,203,151.76666666666668,-0.27327266335487366,0.7956528048494496
UBFC_PHYS_s15_T1_test,145,204,151.8,-0.364615261554718,1.252903119198048
UBFC_PHYS_s15_T1_test,145,205,151.83333333333334,-0.34821993112564087,1.5379040891430216
UBFC_PHYS_s15_T1_test,145,206,151.86666666666667,-0.4007660448551178,1.6065904048503894
UBFC_PHYS_s15_T1_test,145,207,151.9,-0.5923537611961365,1.4620585483254827
UBFC_PHYS_s15_T1_test,145,208,151.93333333333334,-0.6524119973182678,1.1516169852044327
UBFC_PHYS_s15_T1_test,145,209,151.96666666666667,-0.2390143722295761,0.7494617383171845
UBFC_PHYS_s15_T1_test,145,210,152.0,0.5517845749855042,0.33146267884057745
UBFC_PHYS_s15_T1_test,145,211,152.03333333333333,1.2650871276855469,-0.047634891883311374
UBFC_PHYS_s15_T1_test,145,212,152.06666666666666,1.6440719366073608,-0.36519139814785195
UBFC_PHYS_s15_T1_test,145,213,152.1,1.7155624628067017,-0.626240991054242
UBFC_PHYS_s15_T1_test,145,214,152.13333333333333,1.5737593173980713,-0.8480525322491852
UBFC_PHYS_s15_T1_test,145,215,152.16666666666666,1.3482803106307983,-1.0430005510780513
UBFC_PHYS_s15_T1_test,145,216,152.2,1.19670569896698,-1.2076608313254087
UBFC_PHYS_s15_T1_test,145,217,152.23333333333332,1.182029128074646,-1.3210604335979625
UBFC_PHYS_s15_T1_test,145,218,152.26666666666668,1.2245912551879883,-1.3509028224951927
UBFC_PHYS_s15_T1_test,145,219,152.3,1.2104939222335815,-1.264806278270572
UBFC_PHYS_s15_T1_test,145,220,152.33333333333334,1.075024962425232,-1.043331389955892
UBFC_PHYS_s15_T1_test,145,221,152.36666666666667,0.7930409908294678,-0.691469075653642
UBFC_PHYS_s15_T1_test,145,222,152.4,0.42062199115753174,-0.24478321197928388
UBFC_PHYS_s15_T1_test,145,223,152.43333333333334,0.08891130983829498,0.2332348541389078
UBFC_PHYS_s15_T1_test,145,224,152.46666666666667,-0.1343855857849121,0.6636192378500566
UBFC_PHYS_s15_T1_test,145,225,152.5,-0.31403887271881104,0.9713466430938096
UBFC_PHYS_s15_T1_test,145,226,152.53333333333333,-0.5631549954414368,1.105466382155018
UBFC_PHYS_s15_T1_test,145,227,152.56666666666666,-0.8539257049560547,1.0528136570561053
UBFC_PHYS_s15_T1_test,145,228,152.6,-0.9155095219612122,0.8406431637770039
UBFC_PHYS_s15_T1_test,145,229,152.63333333333333,-0.5031933188438416,0.5278213566960864
UBFC_PHYS_s15_T1_test,145,230,152.66666666666666,0.19085581600666046,0.1880500580574975
UBFC_PHYS_s15_T1_test,145,231,152.7,0.7012542486190796,-0.10938939214085153
UBFC_PHYS_s15_T1_test,145,232,152.73333333333332,0.8534854054450989,-0.315885232886407
UBFC_PHYS_s15_T1_test,145,233,152.76666666666668,0.8078913688659668,-0.4125325990616364
UBFC_PHYS_s15_T1_test,145,234,152.8,0.6710706353187561,-0.40967169261100855
UBFC_PHYS_s15_T1_test,145,235,152.83333333333334,0.4740564525127411,-0.3374810367908948
UBFC_PHYS_s15_T1_test,145,236,152.86666666666667,0.3442070782184601,-0.2316608842120429
UBFC_PHYS_s15_T1_test,145,237,152.9,0.351506769657135,-0.1201993820210958
UBFC_PHYS_s15_T1_test,145,238,152.93333333333334,0.39571037888526917,-0.016010908070781732
UBFC_PHYS_s15_T1_test,145,239,152.96666666666667,0.39505380392074585,0.08293967765390767
UBFC_PHYS_s15_T1_test,146,0,146.0,-0.5854595899581909,0.03348997904345102
UBFC_PHYS_s15_T1_test,146,1,146.03333333333333,-0.4260638952255249,0.003620761244832553
UBFC_PHYS_s15_T1_test,146,2,146.06666666666666,-0.22738894820213318,-0.04971696255776525
UBFC_PHYS_s15_T1_test,146,3,146.1,-0.04893295839428902,-0.1349083214643275
UBFC_PHYS_s15_T1_test,146,4,146.13333333333333,0.14784948527812958,-0.23646995624335268
UBFC_PHYS_s15_T1_test,146,5,146.16666666666666,0.30894458293914795,-0.3195146646929409
UBFC_PHYS_s15_T1_test,146,6,146.2,0.29142922163009644,-0.34445919874948194
UBFC_PHYS_s15_T1_test,146,7,146.23333333333332,0.07610789686441422,-0.28424332538035657
UBFC_PHYS_s15_T1_test,146,8,146.26666666666668,-0.18689309060573578,-0.13568237942634614
UBFC_PHYS_s15_T1_test,146,9,146.3,-0.37672343850135803,0.07954016782143304
UBFC_PHYS_s15_T1_test,146,10,146.33333333333334,-0.5472231507301331,0.3233523372499013
UBFC_PHYS_s15_T1_test,146,11,146.36666666666667,-0.8208839893341064,0.5541019392184261
UBFC_PHYS_s15_T1_test,146,12,146.4,-1.2005447149276733,0.7372410061339603
UBFC_PHYS_s15_T1_test,146,13,146.43333333333334,-1.47219717502594,0.8500062061354899
UBFC_PHYS_s15_T1_test,146,14,146.46666666666667,-1.3695381879806519,0.8811462082156947
UBFC_PHYS_s15_T1_test,146,15,146.5,-0.9003308415412903,0.8293586142858621
UBFC_PHYS_s15_T1_test,146,16,146.53333333333333,-0.37183767557144165,0.7018956610318593
UBFC_PHYS_s15_T1_test,146,17,146.56666666666666,0.006896093487739563,0.5118898696611658
UBFC_PHYS_s15_T1_test,146,18,146.6,0.26622793078422546,0.2737839403710704
UBFC_PHYS_s15_T1_test,146,19,146.63333333333333,0.44024232029914856,-0.0007654213840113606
UBFC_PHYS_s15_T1_test,146,20,146.66666666666666,0.5334388017654419,-0.30295353018017807
UBFC_PHYS_s15_T1_test,146,21,146.7,0.6281415224075317,-0.6215326842370144
UBFC_PHYS_s15_T1_test,146,22,146.73333333333332,0.7975791096687317,-0.9351533054168237
UBFC_PHYS_s15_T1_test,146,23,146.76666666666668,0.9658387303352356,-1.208136088069852
UBFC_PHYS_s15_T1_test,146,24,146.8,1.0070297718048096,-1.3940523132691127
UBFC_PHYS_s15_T1_test,146,25,146.83333333333334,0.9360799789428711,-1.4470617374460117
UBFC_PHYS_s15_T1_test,146,26,146.86666666666667,0.8181070685386658,-1.3366782563038435
UBFC_PHYS_s15_T1_test,146,27,146.9,0.609602689743042,-1.0599717915255897
UBFC_PHYS_s15_T1_test,146,28,146.93333333333334,0.2661120593547821,-0.6466893995633479
UBFC_PHYS_s15_T1_test,146,29,146.96666666666667,-0.08375128358602524,-0.15544045793507516
UBFC_PHYS_s15_T1_test,146,30,147.0,-0.27667146921157837,0.33881636915739205
UBFC_PHYS_s15_T1_test,146,31,147.03333333333333,-0.3434886634349823,0.7633722621320223
UBFC_PHYS_s15_T1_test,146,32,147.06666666666666,-0.4619636535644531,1.0665945448150385
UBFC_PHYS_s15_T1_test,146,33,147.1,-0.699357807636261,1.2294266662214084
UBFC_PHYS_s15_T1_test,146,34,147.13333333333333,-0.8942863941192627,1.2643839263739112
UBFC_PHYS_s15_T1_test,146,35,147.16666666666666,-0.7680482268333435,1.2027625527845398
UBFC_PHYS_s15_T1_test,146,36,147.2,-0.22076515853405,1.0770028442660595
UBFC_PHYS_s15_T1_test,146,37,147.23333333333332,0.5224120020866394,0.9073016605853574
UBFC_PHYS_s15_T1_test,146,38,147.26666666666668,1.1177417039871216,0.6978473502761615
UBFC_PHYS_s15_T1_test,146,39,147.3,1.3965779542922974,0.4421019284284632
UBFC_PHYS_s15_T1_test,146,40,147.33333333333334,1.4013864994049072,0.1329752316961145
UBFC_PHYS_s15_T1_test,146,41,147.36666666666667,1.2576909065246582,-0.22669847846637772
UBFC_PHYS_s15_T1_test,146,42,147.4,1.0870366096496582,-0.616789520774697
UBFC_PHYS_s15_T1_test,146,43,147.43333333333334,0.9427810311317444,-0.9976666506809406
UBFC_PHYS_s15_T1_test,146,44,147.46666666666667,0.8259474635124207,-1.3142759591727597
UBFC_PHYS_s15_T1_test,146,45,147.5,0.7279038429260254,-1.506507529533556
UBFC_PHYS_s15_T1_test,146,46,147.53333333333333,0.6297250390052795,-1.523973215603424
UBFC_PHYS_s15_T1_test,146,47,147.56666666666666,0.5219678282737732,-1.3412894703062186
UBFC_PHYS_s15_T1_test,146,48,147.6,0.4121057093143463,-0.9689334008385821
UBFC_PHYS_s15_T1_test,146,49,147.63333333333333,0.2714613080024719,-0.45547787103641674
UBFC_PHYS_s15_T1_test,146,50,147.66666666666666,0.06417349725961685,0.12050445697277766
UBFC_PHYS_s15_T1_test,146,51,147.7,-0.1690301150083542,0.6673187083598977
UBFC_PHYS_s15_T1_test,146,52,147.73333333333332,-0.3504600524902344,1.1014538470716844
UBFC_PHYS_s15_T1_test,146,53,147.76666666666668,-0.48979127407073975,1.36736330863845
UBFC_PHYS_s15_T1_test,146,54,147.8,-0.6647133231163025,1.4497059239592773
UBFC_PHYS_s15_T1_test,146,55,147.83333333333334,-0.8902889490127563,1.3735846929631172
UBFC_PHYS_s15_T1_test,146,56,147.86666666666667,-1.0765273571014404,1.1915672557159154
UBFC_PHYS_s15_T1_test,146,57,147.9,-1.0619087219238281,0.961378466187891
UBFC_PHYS_s15_T1_test,146,58,147.93333333333334,-0.725022554397583,0.7235272989396535
UBFC_PHYS_s15_T1_test,146,59,147.96666666666667,-0.157211571931839,0.489303384114921
UBFC_PHYS_s15_T1_test,146,60,148.0,0.3718995153903961,0.2441210283347037
UBFC_PHYS_s15_T1_test,146,61,148.03333333333333,0.6810352802276611,-0.03699773438558977
UBFC_PHYS_s15_T1_test,146,62,148.06666666666666,0.8031021952629089,-0.37027564733147106
UBFC_PHYS_s15_T1_test,146,63,148.1,0.8049560785293579,-0.7489993186339639
UBFC_PHYS_s15_T1_test,146,64,148.13333333333333,0.7374823093414307,-1.1391095768434318
UBFC_PHYS_s15_T1_test,146,65,148.16666666666666,0.6643695831298828,-1.484666490578559
UBFC_PHYS_s15_T1_test,146,66,148.2,0.6202045679092407,-1.7204014762597413
UBFC_PHYS_s15_T1_test,146,67,148.23333333333332,0.5900595784187317,-1.7876850097215538
UBFC_PHYS_s15_T1_test,146,68,148.26666666666668,0.5614209175109863,-1.650261679845307
UBFC_PHYS_s15_T1_test,146,69,148.3,0.533187747001648,-1.306296902387699
UBFC_PHYS_s15_T1_test,146,70,148.33333333333334,0.4712563157081604,-0.7935070798319681
UBFC_PHYS_s15_T1_test,146,71,148.36666666666667,0.34347325563430786,-0.18476057744033544
UBFC_PHYS_s15_T1_test,146,72,148.4,0.19676508009433746,0.4267297699136095
UBFC_PHYS_s15_T1_test,146,73,148.43333333333334,0.1271091103553772,0.9499121887782691
UBFC_PHYS_s15_T1_test,146,74,148.46666666666667,0.13939112424850464,1.3189035069338344
UBFC_PHYS_s15_T1_test,146,75,148.5,0.10163747519254684,1.5075818018570708
UBFC_PHYS_s15_T1_test,146,76,148.53333333333333,-0.06953814625740051,1.5302699701336124
UBFC_PHYS_s15_T1_test,146,77,148.56666666666666,-0.22175003588199615,1.4290558703139298
UBFC_PHYS_s15_T1_test,146,78,148.6,-0.1373402178287506,1.253195167908055
UBFC_PHYS_s15_T1_test,146,79,148.63333333333333,0.1816636174917221,1.038847939066893
UBFC_PHYS_s15_T1_test,146,80,148.66666666666666,0.47560134530067444,0.7979043897393567
UBFC_PHYS_s15_T1_test,146,81,148.7,0.5193994641304016,0.5211988590523922
UBFC_PHYS_s15_T1_test,146,82,148.73333333333332,0.38199934363365173,0.19406302743140116
UBFC_PHYS_s15_T1_test,146,83,148.76666666666668,0.2780657708644867,-0.18455755963103998
UBFC_PHYS_s15_T1_test,146,84,148.8,0.25713229179382324,-0.589656616260903
UBFC_PHYS_s15_T1_test,146,85,148.83333333333334,0.26636311411857605,-0.9704818815002539
UBFC_PHYS_s15_T1_test,146,86,148.86666666666667,0.3368687629699707,-1.262933878608271
UBFC_PHYS_s15_T1_test,146,87,148.9,0.4834803640842438,-1.40809318439388
UBFC_PHYS_s15_T1_test,146,88,148.93333333333334,0.6040023565292358,-1.3697212895402058
UBFC_PHYS_s15_T1_test,146,89,148.96666666666667,0.6146429181098938,-1.145482780447327
UBFC_PHYS_s15_T1_test,146,90,149.0,0.5306386351585388,-0.7693227654325485
UBFC_PHYS_s15_T1_test,146,91,149.03333333333333,0.37155190110206604,-0.30482012693798993
UBFC_PHYS_s15_T1_test,146,92,149.06666666666666,0.16434136033058167,0.16875406109739788
UBFC_PHYS_s15_T1_test,146,93,149.1,-0.02037150226533413,0.5745791288422059
UBFC_PHYS_s15_T1_test,146,94,149.13333333333333,-0.17997963726520538,0.8565428085593992
UBFC_PHYS_s15_T1_test,146,95,149.16666666666666,-0.43164485692977905,0.9924353609820797
UBFC_PHYS_s15_T1_test,146,96,149.2,-0.7933846712112427,0.9964440795345849
UBFC_PHYS_s15_T1_test,146,97,149.23333333333332,-1.0182651281356812,0.9083076084774316
UBFC_PHYS_s15_T1_test,146,98,149.26666666666668,-0.8468770384788513,0.7734024101079695
UBFC_PHYS_s15_T1_test,146,99,149.3,-0.3885999321937561,0.6234199629746316
UBFC_PHYS_s15_T1_test,146,100,149.33333333333334,-3.6673642171081156e-05,0.46624600092389573
UBFC_PHYS_s15_T1_test,146,101,149.36666666666667,0.11239388585090637,0.2881435875597413
UBFC_PHYS_s15_T1_test,146,102,149.4,-0.004149986896663904,0.06594985223754678
UBFC_PHYS_s15_T1_test,146,103,149.43333333333334,-0.19834470748901367,-0.21624165731383957
UBFC_PHYS_s15_T1_test,146,104,149.46666666666667,-0.33659452199935913,-0.552403472003778
UBFC_PHYS_s15_T1_test,146,105,149.5,-0.35777902603149414,-0.9074615233197879
UBFC_PHYS_s15_T1_test,146,106,149.53333333333333,-0.28437668085098267,-1.2209622531913418
UBFC_PHYS_s15_T1_test,146,107,149.56666666666666,-0.17636841535568237,-1.4213163927274062
UBFC_PHYS_s15_T1_test,146,108,149.6,-0.07094787061214447,-1.4466132373413612
UBFC_PHYS_s15_T1_test,146,109,149.63333333333333,-0.011951763182878494,-1.265270937640131
UBFC_PHYS_s15_T1_test,146,110,149.66666666666666,-0.06453651189804077,-0.8894195128371578
UBFC_PHYS_s15_T1_test,146,111,149.7,-0.23930403590202332,-0.3760284424106233
UBFC_PHYS_s15_T1_test,146,112,149.73333333333332,-0.45232731103897095,0.18539992121243964
UBFC_PHYS_s15_T1_test,146,113,149.76666666666668,-0.6497856378555298,0.6955103127155378
UBFC_PHYS_s15_T1_test,146,114,149.8,-0.9076305031776428,1.071622321983548
UBFC_PHYS_s15_T1_test,146,115,149.83333333333334,-1.2805708646774292,1.269583550042472
UBFC_PHYS_s15_T1_test,146,116,149.86666666666667,-1.6390470266342163,1.2927239506545192
UBFC_PHYS_s15_T1_test,146,117,149.9,-1.7184746265411377,1.1836319811895357
UBFC_PHYS_s15_T1_test,146,118,149.93333333333334,-1.3592065572738647,1.0017802942166711
UBFC_PHYS_s15_T1_test,146,119,149.96666666666667,-0.7239797711372375,0.7970686086354658
UBFC_PHYS_s15_T1_test,146,120,150.0,-0.18165971338748932,0.591747621646712
UBFC_PHYS_s15_T1_test,146,121,150.03333333333333,0.061450596898794174,0.37885279221771445
UBFC_PHYS_s15_T1_test,146,122,150.06666666666666,0.1016760915517807,0.1360951663729352
UBFC_PHYS_s15_T1_test,146,123,150.1,0.05639103055000305,-0.15368512815730506
UBFC_PHYS_s15_T1_test,146,124,150.13333333333333,-0.024793796241283417,-0.48584539015353273
UBFC_PHYS_s15_T1_test,146,125,150.16666666666666,-0.08490996062755585,-0.8275017589527434
UBFC_PHYS_s15_T1_test,146,126,150.2,-0.09209378063678741,-1.1225461725499446
UBFC_PHYS_s15_T1_test,146,127,150.23333333333332,-0.07782270759344101,-1.3055460406514563
UBFC_PHYS_s15_T1_test,146,128,150.26666666666668,-0.06739459186792374,-1.320335714943156
UBFC_PHYS_s15_T1_test,146,129,150.3,-0.07523498684167862,-1.1384432542271672
UBFC_PHYS_s15_T1_test,146,130,150.33333333333334,-0.16051381826400757,-0.7718095484338559
UBFC_PHYS_s15_T1_test,146,131,150.36666666666667,-0.3449176847934723,-0.2747809473668252
UBFC_PHYS_s15_T1_test,146,132,150.4,-0.5362736582756042,0.2666462934156771
UBFC_PHYS_s15_T1_test,146,133,150.43333333333334,-0.6531264781951904,0.7559298332288518
UBFC_PHYS_s15_T1_test,146,134,150.46666666666667,-0.7532943487167358,1.1111800028409704
UBFC_PHYS_s15_T1_test,146,135,150.5,-0.9617408514022827,1.286139481492125
UBFC_PHYS_s15_T1_test,146,136,150.53333333333333,-1.2859973907470703,1.2792507710755243
UBFC_PHYS_s15_T1_test,146,137,150.56666666666666,-1.4897898435592651,1.127367630125341
UBFC_PHYS_s15_T1_test,146,138,150.6,-1.2850124835968018,0.8875051587109232
UBFC_PHYS_s15_T1_test,146,139,150.63333333333333,-0.6913436055183411,0.6150228160387422
UBFC_PHYS_s15_T1_test,146,140,150.66666666666666,-0.068302221596241,0.34650489434143716
UBFC_PHYS_s15_T1_test,146,141,150.7,0.3072451949119568,0.09231985877677387
UBFC_PHYS_s15_T1_test,146,142,150.73333333333332,0.4518870413303375,-0.1594391620413604
UBFC_PHYS_s15_T1_test,146,143,150.76666666666668,0.450071781873703,-0.42921326666150966
UBFC_PHYS_s15_T1_test,146,144,150.8,0.34374359250068665,-0.727822840080745
UBFC_PHYS_s15_T1_test,146,145,150.83333333333334,0.2244575172662735,-1.0417130726286308
UBFC_PHYS_s15_T1_test,146,146,150.86666666666667,0.17824551463127136,-1.328411731892245
UBFC_PHYS_s15_T1_test,146,147,150.9,0.2129286527633667,-1.5248976569694477
UBFC_PHYS_s15_T1_test,146,148,150.93333333333334,0.2935727834701538,-1.5663146388756153
UBFC_PHYS_s15_T1_test,146,149,150.96666666666667,0.3694469928741455,-1.40840546569504
UBFC_PHYS_s15_T1_test,146,150,151.0,0.3661061227321625,-1.045766152187129
UBFC_PHYS_s15_T1_test,146,151,151.03333333333333,0.21115201711654663,-0.5194441327716381
UBFC_PHYS_s15_T1_test,146,152,151.06666666666666,-0.07036853581666946,0.0893777856539362
UBFC_PHYS_s15_T1_test,146,153,151.1,-0.3537815809249878,0.6786127023989367
UBFC_PHYS_s15_T1_test,146,154,151.13333333333333,-0.5575160980224609,1.152004458125792
UBFC_PHYS_s15_T1_test,146,155,151.16666666666666,-0.7641859650611877,1.4447306128709438
UBFC_PHYS_s15_T1_test,146,156,151.2,-1.0985230207443237,1.538672104314763
UBFC_PHYS_s15_T1_test,146,157,151.23333333333332,-1.5023036003112793,1.4612804448627408
UBFC_PHYS_s15_T1_test,146,158,151.26666666666668,-1.6675891876220703,1.2684207663791165
UBFC_PHYS_s15_T1_test,146,159,151.3,-1.3081860542297363,1.018856817652688
UBFC_PHYS_s15_T1_test,146,160,151.33333333333334,-0.5487681031227112,0.7524229113836218
UBFC_PHYS_s15_T1_test,146,161,151.36666666666667,0.17187277972698212,0.4817815260949929
UBFC_PHYS_s15_T1_test,146,162,151.4,0.5465125441551208,0.1992516811158639
UBFC_PHYS_s15_T1_test,146,163,151.43333333333334,0.5847489833831787,-0.10793903132066987
UBFC_PHYS_s15_T1_test,146,164,151.46666666666667,0.4189226031303406,-0.44255959892066277
UBFC_PHYS_s15_T1_test,146,165,151.5,0.1954905241727829,-0.7880762886255329
UBFC_PHYS_s15_T1_test,146,166,151.53333333333333,0.07954531162977219,-1.1072229236761821
UBFC_PHYS_s15_T1_test,146,167,151.56666666666666,0.12280268967151642,-1.3481949930717183
UBFC_PHYS_s15_T1_test,146,168,151.6,0.23233655095100403,-1.4569217567044719
UBFC_PHYS_s15_T1_test,146,169,151.63333333333333,0.3123047649860382,-1.3925614419814305
UBFC_PHYS_s15_T1_test,146,170,151.66666666666666,0.31686222553253174,-1.141729225911676
UBFC_PHYS_s15_T1_test,146,171,151.7,0.19774995744228363,-0.7265304476190138
UBFC_PHYS_s15_T1_test,146,172,151.73333333333332,-0.04138222709298134,-0.20339628459023795
UBFC_PHYS_s15_T1_test,146,173,151.76666666666668,-0.27327266335487366,0.3473481812742784
UBFC_PHYS_s15_T1_test,146,174,151.8,-0.364615261554718,0.8389574353479992
UBFC_PHYS_s15_T1_test,146,175,151.83333333333334,-0.34821993112564087,1.198566412537039
UBFC_PHYS_s15_T1_test,146,176,151.86666666666667,-0.4007660448551178,1.384187911661437
UBFC_PHYS_s15_T1_test,146,177,151.9,-0.5923537611961365,1.392257004170225
UBFC_PHYS_s15_T1_test,146,178,151.93333333333334,-0.6524119973182678,1.2528472293517012
UBFC_PHYS_s15_T1_test,146,179,151.96666666666667,-0.2390143722295761,1.0147202551250827
UBFC_PHYS_s15_T1_test,146,180,152.0,0.5517845749855042,0.7264820408556959
UBFC_PHYS_s15_T1_test,146,181,152.03333333333333,1.2650871276855469,0.42164386159304396
UBFC_PHYS_s15_T1_test,146,182,152.06666666666666,1.6440719366073608,0.11369686194013488
UBFC_PHYS_s15_T1_test,146,183,152.1,1.7155624628067017,-0.1974399535344354
UBFC_PHYS_s15_T1_test,146,184,152.13333333333333,1.5737593173980713,-0.5122073298689382
UBFC_PHYS_s15_T1_test,146,185,152.16666666666666,1.3482803106307983,-0.8193545674964705
UBFC_PHYS_s15_T1_test,146,186,152.2,1.19670569896698,-1.0912548695589512
UBFC_PHYS_s15_T1_test,146,187,152.23333333333332,1.182029128074646,-1.2881658383332402
UBFC_PHYS_s15_T1_test,146,188,152.26666666666668,1.2245912551879883,-1.3690332453684113
UBFC_PHYS_s15_T1_test,146,189,152.3,1.2104939222335815,-1.3045585817762633
UBFC_PHYS_s15_T1_test,146,190,152.33333333333334,1.075024962425232,-1.0882155713521997
UBFC_PHYS_s15_T1_test,146,191,152.36666666666667,0.7930409908294678,-0.7417911404653815
UBFC_PHYS_s15_T1_test,146,192,152.4,0.42062199115753174,-0.313241822067853
UBFC_PHYS_s15_T1_test,146,193,152.43333333333334,0.08891130983829498,0.1333989394540152
UBFC_PHYS_s15_T1_test,146,194,152.46666666666667,-0.1343855857849121,0.5334622742291858
UBFC_PHYS_s15_T1_test,146,195,152.5,-0.31403887271881104,0.8372594367689098
UBFC_PHYS_s15_T1_test,146,196,152.53333333333333,-0.5631549954414368,1.0200649163513293
UBFC_PHYS_s15_T1_test,146,197,152.56666666666666,-0.8539257049560547,1.0828269478035124
UBFC_PHYS_s15_T1_test,146,198,152.6,-0.9155095219612122,1.0442747854378693
UBFC_PHYS_s15_T1_test,146,199,152.63333333333333,-0.5031933188438416,0.9291494241832616
UBFC_PHYS_s15_T1_test,146,200,152.66666666666666,0.19085581600666046,0.7585969862297267
UBFC_PHYS_s15_T1_test,146,201,152.7,0.7012542486190796,0.5464649709156751
UBFC_PHYS_s15_T1_test,146,202,152.73333333333332,0.8534854054450989,0.30089085112295044
UBFC_PHYS_s15_T1_test,146,203,152.76666666666668,0.8078913688659668,0.028071231732951053
UBFC_PHYS_s15_T1_test,146,204,152.8,0.6710706353187561,-0.2635660270429859
UBFC_PHYS_s15_T1_test,146,205,152.83333333333334,0.4740564525127411,-0.5587571926244085
UBFC_PHYS_s15_T1_test,146,206,152.86666666666667,0.3442070782184601,-0.8314146158010025
UBFC_PHYS_s15_T1_test,146,207,152.9,0.351506769657135,-1.044329835939489
UBFC_PHYS_s15_T1_test,146,208,152.93333333333334,0.39571037888526917,-1.1552270159489255
UBFC_PHYS_s15_T1_test,146,209,152.96666666666667,0.39505380392074585,-1.128656737580257
UBFC_PHYS_s15_T1_test,146,210,153.0,0.3721891939640045,-0.9493889715886344
UBFC_PHYS_s15_T1_test,146,211,153.03333333333333,0.29303205013275146,-0.6313164239806476
UBFC_PHYS_s15_T1_test,146,212,153.06666666666666,0.07471747696399689,-0.21778362514308708
UBFC_PHYS_s15_T1_test,146,213,153.1,-0.22464673221111298,0.22709075164383127
UBFC_PHYS_s15_T1_test,146,214,153.13333333333333,-0.4620988368988037,0.6335547632758523
UBFC_PHYS_s15_T1_test,146,215,153.16666666666666,-0.6410762071609497,0.9433465084418003
UBFC_PHYS_s15_T1_test,146,216,153.2,-0.9133659601211548,1.1232493062122775
UBFC_PHYS_s15_T1_test,146,217,153.23333333333332,-1.3231523036956787,1.1703093026784002
UBFC_PHYS_s15_T1_test,146,218,153.26666666666668,-1.6128029823303223,1.1071298961118705
UBFC_PHYS_s15_T1_test,146,219,153.3,-1.4055731296539307,0.9697869767668515
UBFC_PHYS_s15_T1_test,146,220,153.33333333333334,-0.7019069194793701,0.7937854571789594
UBFC_PHYS_s15_T1_test,146,221,153.36666666666667,0.06623980402946472,0.6037143200368417
UBFC_PHYS_s15_T1_test,146,222,153.4,0.5371851921081543,0.40985530963446287
UBFC_PHYS_s15_T1_test,146,223,153.43333333333334,0.7325965166091919,0.21148514460262005
UBFC_PHYS_s15_T1_test,146,224,153.46666666666667,0.774482786655426,0.0039486427322174555
UBFC_PHYS_s15_T1_test,146,225,153.5,0.6830050349235535,-0.21401031802674458
UBFC_PHYS_s15_T1_test,146,226,153.53333333333333,0.549235463142395,-0.4348980698107577
UBFC_PHYS_s15_T1_test,146,227,153.56666666666666,0.5100334286689758,-0.6399802308810044
UBFC_PHYS_s15_T1_test,146,228,153.6,0.5122156143188477,-0.8003863756534491
UBFC_PHYS_s15_T1_test,146,229,153.63333333333333,0.42956313490867615,-0.8826480476720263
UBFC_PHYS_s15_T1_test,146,230,153.66666666666666,0.29735779762268066,-0.8584353938962201
UBFC_PHYS_s15_T1_test,146,231,153.7,0.19317317008972168,-0.7161725211439822
UBFC_PHYS_s15_T1_test,146,232,153.73333333333332,0.04254480451345444,-0.4703536874035526
UBFC_PHYS_s15_T1_test,146,233,153.76666666666668,-0.2170960158109665,-0.16409619362734768
UBFC_PHYS_s15_T1_test,146,234,153.8,-0.4578310251235962,0.13765459075137546
UBFC_PHYS_s15_T1_test,146,235,153.83333333333334,-0.5874872803688049,0.3636031391617363
UBFC_PHYS_s15_T1_test,146,236,153.86666666666667,-0.7026407718658447,0.4563209900376849
UBFC_PHYS_s15_T1_test,146,237,153.9,-0.9237940907478333,0.3908554480248344
UBFC_PHYS_s15_T1_test,146,238,153.93333333333334,-1.2369658946990967,0.1847529210558132
UBFC_PHYS_s15_T1_test,146,239,153.96666666666667,-1.4369733333587646,-0.10511167943128572
UBFC_PHYS_s15_T1_test,147,0,147.0,-0.27667146921157837,-0.00873099038682058
UBFC_PHYS_s15_T1_test,147,1,147.03333333333333,-0.3434886634349823,0.7512027108600536
UBFC_PHYS_s15_T1_test,147,2,147.06666666666666,-0.4619636535644531,1.3938228726669228
UBFC_PHYS_s15_T1_test,147,3,147.1,-0.699357807636261,1.8325110491350642
UBFC_PHYS_s15_T1_test,147,4,147.13333333333333,-0.8942863941192627,2.027945434788983
UBFC_PHYS_s15_T1_test,147,5,147.16666666666666,-0.7680482268333435,1.9918799461422387
UBFC_PHYS_s15_T1_test,147,6,147.2,-0.22076515853405,1.7745443060410904
UBFC_PHYS_s15_T1_test,147,7,147.23333333333332,0.5224120020866394,1.4428971525460015
UBFC_PHYS_s15_T1_test,147,8,147.26666666666668,1.1177417039871216,1.0594990704947411
UBFC_PHYS_s15_T1_test,147,9,147.3,1.3965779542922974,0.6687713561207458
UBFC_PHYS_s15_T1_test,147,10,147.33333333333334,1.4013864994049072,0.2927978051740633
UBFC_PHYS_s15_T1_test,147,11,147.36666666666667,1.2576909065246582,-0.06454776421527723
UBFC_PHYS_s15_T1_test,147,12,147.4,1.0870366096496582,-0.4077395616482246
UBFC_PHYS_s15_T1_test,147,13,147.43333333333334,0.9427810311317444,-0.7372781959320274
UBFC_PHYS_s15_T1_test,147,14,147.46666666666667,0.8259474635124207,-1.0392644789505086
UBFC_PHYS_s15_T1_test,147,15,147.5,0.7279038429260254,-1.2814673931414748
UBFC_PHYS_s15_T1_test,147,16,147.53333333333333,0.6297250390052795,-1.4184759392548312
UBFC_PHYS_s15_T1_test,147,17,147.56666666666666,0.5219678282737732,-1.405007194467645
UBFC_PHYS_s15_T1_test,147,18,147.6,0.4121057093143463,-1.2131204010890058
UBFC_PHYS_s15_T1_test,147,19,147.63333333333333,0.2714613080024719,-0.8470789998269426
UBFC_PHYS_s15_T1_test,147,20,147.66666666666666,0.06417349725961685,-0.3496217683945118
UBFC_PHYS_s15_T1_test,147,21,147.7,-0.1690301150083542,0.2040083679158892
UBFC_PHYS_s15_T1_test,147,22,147.73333333333332,-0.3504600524902344,0.7232832353092099
UBFC_PHYS_s15_T1_test,147,23,147.76666666666668,-0.48979127407073975,1.1253330596612154
UBFC_PHYS_s15_T1_test,147,24,147.8,-0.6647133231163025,1.3558556465380367
UBFC_PHYS_s15_T1_test,147,25,147.83333333333334,-0.8902889490127563,1.4007741796123885
UBFC_PHYS_s15_T1_test,147,26,147.86666666666667,-1.0765273571014404,1.2843977122866423
UBFC_PHYS_s15_T1_test,147,27,147.9,-1.0619087219238281,1.055021761833251
UBFC_PHYS_s15_T1_test,147,28,147.93333333333334,-0.725022554397583,0.7647417855553784
UBFC_PHYS_s15_T1_test,147,29,147.96666666666667,-0.157211571931839,0.4528212468175509
UBFC_PHYS_s15_T1_test,147,30,148.0,0.3718995153903961,0.1389272148976192
UBFC_PHYS_s15_T1_test,147,31,148.03333333333333,0.6810352802276611,-0.1733516340845378
UBFC_PHYS_s15_T1_test,147,32,148.06666666666666,0.8031021952629089,-0.48677195891088537
UBFC_PHYS_s15_T1_test,147,33,148.1,0.8049560785293579,-0.7997810614875892
UBFC_PHYS_s15_T1_test,147,34,148.13333333333333,0.7374823093414307,-1.0988011464311491
UBFC_PHYS_s15_T1_test,147,35,148.16666666666666,0.6643695831298828,-1.3553095528481343
UBFC_PHYS_s15_T1_test,147,36,148.2,0.6202045679092407,-1.52855098499809
UBFC_PHYS_s15_T1_test,147,37,148.23333333333332,0.5900595784187317,-1.5740325142964513
UBFC_PHYS_s15_T1_test,147,38,148.26666666666668,0.5614209175109863,-1.4564417490321582
UBFC_PHYS_s15_T1_test,147,39,148.3,0.533187747001648,-1.1635458736287725
UBFC_PHYS_s15_T1_test,147,40,148.33333333333334,0.4712563157081604,-0.7161234643229026
UBFC_PHYS_s15_T1_test,147,41,148.36666666666667,0.34347325563430786,-0.16915635921488675
UBFC_PHYS_s15_T1_test,147,42,148.4,0.19676508009433746,0.39805617615646677
UBFC_PHYS_s15_T1_test,147,43,148.43333333333334,0.1271091103553772,0.9008511200934605
UBFC_PHYS_s15_T1_test,147,44,148.46666666666667,0.13939112424850464,1.2706813905113634
UBFC_PHYS_s15_T1_test,147,45,148.5,0.10163747519254684,1.4709039272699045
UBFC_PHYS_s15_T1_test,147,46,148.53333333333333,-0.06953814625740051,1.5014105329224248
UBFC_PHYS_s15_T1_test,147,47,148.56666666666666,-0.22175003588199615,1.391589551024597
UBFC_PHYS_s15_T1_test,147,48,148.6,-0.1373402178287506,1.1851960884888058
UBFC_PHYS_s15_T1_test,147,49,148.63333333333333,0.1816636174917221,0.9231777377376054
UBFC_PHYS_s15_T1_test,147,50,148.66666666666666,0.47560134530067444,0.6313457497743383
UBFC_PHYS_s15_T1_test,147,51,148.7,0.5193994641304016,0.317969342898372
UBFC_PHYS_s15_T1_test,147,52,148.73333333333332,0.38199934363365173,-0.018287924563845766
UBFC_PHYS_s15_T1_test,147,53,148.76666666666668,0.2780657708644867,-0.37480601693161086
UBFC_PHYS_s15_T1_test,147,54,148.8,0.25713229179382324,-0.7331767432484606
UBFC_PHYS_s15_T1_test,147,55,148.83333333333334,0.26636311411857605,-1.0552565931301476
UBFC_PHYS_s15_T1_test,147,56,148.86666666666667,0.3368687629699707,-1.2890557479402749
UBFC_PHYS_s15_T1_test,147,57,148.9,0.4834803640842438,-1.3820756510314791
UBFC_PHYS_s15_T1_test,147,58,148.93333333333334,0.6040023565292358,-1.2975693502796908
UBFC_PHYS_s15_T1_test,147,59,148.96666666666667,0.6146429181098938,-1.028828609294293
UBFC_PHYS_s15_T1_test,147,60,149.0,0.5306386351585388,-0.6068136902488939
UBFC_PHYS_s15_T1_test,147,61,149.03333333333333,0.37155190110206604,-0.09750998933151848
UBFC_PHYS_s15_T1_test,147,62,149.06666666666666,0.16434136033058167,0.4119475103221268
UBFC_PHYS_s15_T1_test,147,63,149.1,-0.02037150226533413,0.8352617306380165
UBFC_PHYS_s15_T1_test,147,64,149.13333333333333,-0.17997963726520538,1.1098779470624809
UBFC_PHYS_s15_T1_test,147,65,149.16666666666666,-0.43164485692977905,1.21207191424261
UBFC_PHYS_s15_T1_test,147,66,149.2,-0.7933846712112427,1.1581972566252121
UBFC_PHYS_s15_T1_test,147,67,149.23333333333332,-1.0182651281356812,0.9921248879611859
UBFC_PHYS_s15_T1_test,147,68,149.26666666666668,-0.8468770384788513,0.7652914405173531
UBFC_PHYS_s15_T1_test,147,69,149.3,-0.3885999321937561,0.518578957474355
UBFC_PHYS_s15_T1_test,147,70,149.33333333333334,-3.6673642171081156e-05,0.27273808167947794
UBFC_PHYS_s15_T1_test,147,71,149.36666666666667,0.11239388585090637,0.028977796040856672
UBFC_PHYS_s15_T1_test,147,72,149.4,-0.004149986896663904,-0.22257979208476605
UBFC_PHYS_s15_T1_test,147,73,149.43333333333334,-0.19834470748901367,-0.49059024842187254
UBFC_PHYS_s15_T1_test,147,74,149.46666666666667,-0.33659452199935913,-0.7705858633517904
UBFC_PHYS_s15_T1_test,147,75,149.5,-0.35777902603149414,-1.0375031921725588
UBFC_PHYS_s15_T1_test,147,76,149.53333333333333,-0.28437668085098267,-1.2461296809510118
UBFC_PHYS_s15_T1_test,147,77,149.56666666666666,-0.17636841535568237,-1.3411072609538994
UBFC_PHYS_s15_T1_test,147,78,149.6,-0.07094787061214447,-1.2744505607580106
UBFC_PHYS_s15_T1_test,147,79,149.63333333333333,-0.011951763182878494,-1.0247017197364554
UBFC_PHYS_s15_T1_test,147,80,149.66666666666666,-0.06453651189804077,-0.6101495649237008
UBFC_PHYS_s15_T1_test,147,81,149.7,-0.23930403590202332,-0.09003164611473664
UBFC_PHYS_s15_T1_test,147,82,149.73333333333332,-0.45232731103897095,0.4480964046845341
UBFC_PHYS_s15_T1_test,147,83,149.76666666666668,-0.6497856378555298,0.9112555383622792
UBFC_PHYS_s15_T1_test,147,84,149.8,-0.9076305031776428,1.2263390723628869
UBFC_PHYS_s15_T1_test,147,85,149.83333333333334,-1.2805708646774292,1.3586361099448374
UBFC_PHYS_s15_T1_test,147,86,149.86666666666667,-1.6390470266342163,1.3168640172591932
UBFC_PHYS_s15_T1_test,147,87,149.9,-1.7184746265411377,1.1433269912994954
UBFC_PHYS_s15_T1_test,147,88,149.93333333333334,-1.3592065572738647,0.8938893507838486
UBFC_PHYS_s15_T1_test,147,89,149.96666666666667,-0.7239797711372375,0.6165995433225049
UBFC_PHYS_s15_T1_test,147,90,150.0,-0.18165971338748932,0.3380043431592953
UBFC_PHYS_s15_T1_test,147,91,150.03333333333333,0.061450596898794174,0.062109796855147316
UBFC_PHYS_s15_T1_test,147,92,150.06666666666666,0.1016760915517807,-0.21954518523143252
UBFC_PHYS_s15_T1_test,147,93,150.1,0.05639103055000305,-0.5131838242021209
UBFC_PHYS_s15_T1_test,147,94,150.13333333333333,-0.024793796241283417,-0.8105391594768478
UBFC_PHYS_s15_T1_test,147,95,150.16666666666666,-0.08490996062755585,-1.0835251354848934
UBFC_PHYS_s15_T1_test,147,96,150.2,-0.09209378063678741,-1.287160698513899
UBFC_PHYS_s15_T1_test,147,97,150.23333333333332,-0.07782270759344101,-1.369825530947795
UBFC_PHYS_s15_T1_test,147,98,150.26666666666668,-0.06739459186792374,-1.2885348119161142
UBFC_PHYS_s15_T1_test,147,99,150.3,-0.07523498684167862,-1.02541510694113
UBFC_PHYS_s15_T1_test,147,100,150.33333333333334,-0.16051381826400757,-0.5997515393342817
UBFC_PHYS_s15_T1_test,147,101,150.36666666666667,-0.3449176847934723,-0.06975617544921513
UBFC_PHYS_s15_T1_test,147,102,150.4,-0.5362736582756042,0.478740387462796
UBFC_PHYS_s15_T1_test,147,103,150.43333333333334,-0.6531264781951904,0.9540700812927734
UBFC_PHYS_s15_T1_test,147,104,150.46666666666667,-0.7532943487167358,1.2833154413404186
UBFC_PHYS_s15_T1_test,147,105,150.5,-0.9617408514022827,1.4302600542884476
UBFC_PHYS_s15_T1_test,147,106,150.53333333333333,-1.2859973907470703,1.400126791328072
UBFC_PHYS_s15_T1_test,147,107,150.56666666666666,-1.4897898435592651,1.2304721996989134
UBFC_PHYS_s15_T1_test,147,108,150.6,-1.2850124835968018,0.973426508621922
UBFC_PHYS_s15_T1_test,147,109,150.63333333333333,-0.6913436055183411,0.6771874518924219
UBFC_PHYS_s15_T1_test,147,110,150.66666666666666,-0.068302221596241,0.373296839580202
UBFC_PHYS_s15_T1_test,147,111,150.7,0.3072451949119568,0.07280237008361413
UBFC_PHYS_s15_T1_test,147,112,150.73333333333332,0.4518870413303375,-0.2286317720160316
UBFC_PHYS_s15_T1_test,147,113,150.76666666666668,0.450071781873703,-0.5390582534051022
UBFC_PHYS_s15_T1_test,147,114,150.8,0.34374359250068665,-0.8566623175891924
UBFC_PHYS_s15_T1_test,147,115,150.83333333333334,0.2244575172662735,-1.159958695882884
UBFC_PHYS_s15_T1_test,147,116,150.86666666666667,0.17824551463127136,-1.4063157519189609
UBFC_PHYS_s15_T1_test,147,117,150.9,0.2129286527633667,-1.5403725460838555
UBFC_PHYS_s15_T1_test,147,118,150.93333333333334,0.2935727834701538,-1.5102934598397275
UBFC_PHYS_s15_T1_test,147,119,150.96666666666667,0.3694469928741455,-1.286704254473514
UBFC_PHYS_s15_T1_test,147,120,151.0,0.3661061227321625,-0.877566873244994
UBFC_PHYS_s15_T1_test,147,121,151.03333333333333,0.21115201711654663,-0.3328876838208113
UBFC_PHYS_s15_T1_test,147,122,151.06666666666666,-0.07036853581666946,0.26383612863323386
UBFC_PHYS_s15_T1_test,147,123,151.1,-0.3537815809249878,0.8157986457392051
UBFC_PHYS_s15_T1_test,147,124,151.13333333333333,-0.5575160980224609,1.2382124684330988
UBFC_PHYS_s15_T1_test,147,125,151.16666666666666,-0.7641859650611877,1.4796989507025025
UBFC_PHYS_s15_T1_test,147,126,151.2,-1.0985230207443237,1.5319511900381806
UBFC_PHYS_s15_T1_test,147,127,151.23333333333332,-1.5023036003112793,1.4245858256131687
UBFC_PHYS_s15_T1_test,147,128,151.26666666666668,-1.6675891876220703,1.2081766433447454
UBFC_PHYS_s15_T1_test,147,129,151.3,-1.3081860542297363,0.9332893928019068
UBFC_PHYS_s15_T1_test,147,130,151.33333333333334,-0.5487681031227112,0.6346634437067767
UBFC_PHYS_s15_T1_test,147,131,151.36666666666667,0.17187277972698212,0.3265283371058131
UBFC_PHYS_s15_T1_test,147,132,151.4,0.5465125441551208,0.008813558615428131
UBFC_PHYS_s15_T1_test,147,133,151.43333333333334,0.5847489833831787,-0.32112008204226156
UBFC_PHYS_s15_T1_test,147,134,151.46666666666667,0.4189226031303406,-0.6574542395694253
UBFC_PHYS_s15_T1_test,147,135,151.5,0.1954905241727829,-0.9795627093694921
UBFC_PHYS_s15_T1_test,147,136,151.53333333333333,0.07954531162977219,-1.2517621736399798
UBFC_PHYS_s15_T1_test,147,137,151.56666666666666,0.12280268967151642,-1.429023658224919
UBFC_PHYS_s15_T1_test,147,138,151.6,0.23233655095100403,-1.4676524237268989
UBFC_PHYS_s15_T1_test,147,139,151.63333333333333,0.3123047649860382,-1.338740064833524
UBFC_PHYS_s15_T1_test,147,140,151.66666666666666,0.31686222553253174,-1.040336977508525
UBFC_PHYS_s15_T1_test,147,141,151.7,0.19774995744228363,-0.603442140375149
UBFC_PHYS_s15_T1_test,147,142,151.73333333333332,-0.04138222709298134,-0.08858838071823115
UBFC_PHYS_s15_T1_test,147,143,151.76666666666668,-0.27327266335487366,0.4267246759477418
UBFC_PHYS_s15_T1_test,147,144,151.8,-0.364615261554718,0.8660596796980965
UBFC_PHYS_s15_T1_test,147,145,151.83333333333334,-0.34821993112564087,1.1718017139023718
UBFC_PHYS_s15_T1_test,147,146,151.86666666666667,-0.4007660448551178,1.31694962214683
UBFC_PHYS_s15_T1_test,147,147,151.9,-0.5923537611961365,1.307309479757482
UBFC_PHYS_s15_T1_test,147,148,151.93333333333334,-0.6524119973182678,1.1738569357697102
UBFC_PHYS_s15_T1_test,147,149,151.96666666666667,-0.2390143722295761,0.9585035606872747
UBFC_PHYS_s15_T1_test,147,150,152.0,0.5517845749855042,0.6988106642593832
UBFC_PHYS_s15_T1_test,147,151,152.03333333333333,1.2650871276855469,0.41766587918387443
UBFC_PHYS_s15_T1_test,147,152,152.06666666666666,1.6440719366073608,0.1222232388595019
UBFC_PHYS_s15_T1_test,147,153,152.1,1.7155624628067017,-0.18770395631421194
UBFC_PHYS_s15_T1_test,147,154,152.13333333333333,1.5737593173980713,-0.5067914820666641
UBFC_PHYS_s15_T1_test,147,155,152.16666666666666,1.3482803106307983,-0.8144325476385786
UBFC_PHYS_s15_T1_test,147,156,152.2,1.19670569896698,-1.0732277293649146
UBFC_PHYS_s15_T1_test,147,157,152.23333333333332,1.182029128074646,-1.236201456802272
UBFC_PHYS_s15_T1_test,147,158,152.26666666666668,1.2245912551879883,-1.259796015938786
UBFC_PHYS_s15_T1_test,147,159,152.3,1.2104939222335815,-1.1183498685018294
UBFC_PHYS_s15_T1_test,147,160,152.33333333333334,1.075024962425232,-0.8156227144893547
UBFC_PHYS_s15_T1_test,147,161,152.36666666666667,0.7930409908294678,-0.3893752009609235
UBFC_PHYS_s15_T1_test,147,162,152.4,0.42062199115753174,0.09381168581461892
UBFC_PHYS_s15_T1_test,147,163,152.43333333333334,0.08891130983829498,0.5534798958467636
UBFC_PHYS_s15_T1_test,147,164,152.46666666666667,-0.1343855857849121,0.9156994360660226
UBFC_PHYS_s15_T1_test,147,165,152.5,-0.31403887271881104,1.1314703409783653
UBFC_PHYS_s15_T1_test,147,166,152.53333333333333,-0.5631549954414368,1.1861801966210885
UBFC_PHYS_s15_T1_test,147,167,152.56666666666666,-0.8539257049560547,1.097193601979276
UBFC_PHYS_s15_T1_test,147,168,152.6,-0.9155095219612122,0.9019502009931256
UBFC_PHYS_s15_T1_test,147,169,152.63333333333333,-0.5031933188438416,0.6427022228479818
UBFC_PHYS_s15_T1_test,147,170,152.66666666666666,0.19085581600666046,0.35436793876576966
UBFC_PHYS_s15_T1_test,147,171,152.7,0.7012542486190796,0.05925714105932964
UBFC_PHYS_s15_T1_test,147,172,152.73333333333332,0.8534854054450989,-0.2314104484308703
UBFC_PHYS_s15_T1_test,147,173,152.76666666666668,0.8078913688659668,-0.5117680033414512
UBFC_PHYS_s15_T1_test,147,174,152.8,0.6710706353187561,-0.7740518455272929
UBFC_PHYS_s15_T1_test,147,175,152.83333333333334,0.4740564525127411,-1.0020374945880612
UBFC_PHYS_s15_T1_test,147,176,152.86666666666667,0.3442070782184601,-1.167815230208337
UBFC_PHYS_s15_T1_test,147,177,152.9,0.351506769657135,-1.2347357263846577
UBFC_PHYS_s15_T1_test,147,178,152.93333333333334,0.39571037888526917,-1.1674756394152919
UBFC_PHYS_s15_T1_test,147,179,152.96666666666667,0.39505380392074585,-0.9465514459432097
UBFC_PHYS_s15_T1_test,147,180,153.0,0.3721891939640045,-0.5812492036715527
UBFC_PHYS_s15_T1_test,147,181,153.03333333333333,0.29303205013275146,-0.11440401182559737
UBFC_PHYS_s15_T1_test,147,182,153.06666666666666,0.07471747696399689,0.3842162412079846
UBFC_PHYS_s15_T1_test,147,183,153.1,-0.22464673221111298,0.8341090674082999
UBFC_PHYS_s15_T1_test,147,184,153.13333333333333,-0.4620988368988037,1.164212546968667
UBFC_PHYS_s15_T1_test,147,185,153.16666666666666,-0.6410762071609497,1.3302931788825854
UBFC_PHYS_s15_T1_test,147,186,153.2,-0.9133659601211548,1.3241268943954556
UBFC_PHYS_s15_T1_test,147,187,153.23333333333332,-1.3231523036956787,1.1719256690739388
UBFC_PHYS_s15_T1_test,147,188,153.26666666666668,-1.6128029823303223,0.9227961602086392
UBFC_PHYS_s15_T1_test,147,189,153.3,-1.4055731296539307,0.631282420523797
UBFC_PHYS_s15_T1_test,147,190,153.33333333333334,-0.7019069194793701,0.3404872447867432
UBFC_PHYS_s15_T1_test,147,191,153.36666666666667,0.06623980402946472,0.07227737046056873
UBFC_PHYS_s15_T1_test,147,192,153.4,0.5371851921081543,-0.1721194485293602
UBFC_PHYS_s15_T1_test,147,193,153.43333333333334,0.7325965166091919,-0.4026384026360986
UBFC_PHYS_s15_T1_test,147,194,153.46666666666667,0.774482786655426,-0.6273595123144997
UBFC_PHYS_s15_T1_test,147,195,153.5,0.6830050349235535,-0.8421433204378546
UBFC_PHYS_s15_T1_test,147,196,153.53333333333333,0.549235463142395,-1.026820830613584
UBFC_PHYS_s15_T1_test,147,197,153.56666666666666,0.5100334286689758,-1.1484903920759049
UBFC_PHYS_s15_T1_test,147,198,153.6,0.5122156143188477,-1.1702486044251497
UBFC_PHYS_s15_T1_test,147,199,153.63333333333333,0.42956313490867615,-1.062694886995079
UBFC_PHYS_s15_T1_test,147,200,153.66666666666666,0.29735779762268066,-0.8150469975530958
UBFC_PHYS_s15_T1_test,147,201,153.7,0.19317317008972168,-0.44257937235024597
UBFC_PHYS_s15_T1_test,147,202,153.73333333333332,0.04254480451345444,0.012336470635099569
UBFC_PHYS_s15_T1_test,147,203,153.76666666666668,-0.2170960158109665,0.4868110507645877
UBFC_PHYS_s15_T1_test,147,204,153.8,-0.4578310251235962,0.9105355221329535
UBFC_PHYS_s15_T1_test,147,205,153.83333333333334,-0.5874872803688049,1.2218093987486047
UBFC_PHYS_s15_T1_test,147,206,153.86666666666667,-0.7026407718658447,1.381332464086024
UBFC_PHYS_s15_T1_test,147,207,153.9,-0.9237940907478333,1.3791208128108157
UBFC_PHYS_s15_T1_test,147,208,153.93333333333334,-1.2369658946990967,1.2327137547740956
UBFC_PHYS_s15_T1_test,147,209,153.96666666666667,-1.4369733333587646,0.9782956049455681
UBFC_PHYS_s15_T1_test,147,210,154.0,-1.2079602479934692,0.6585855892027318
UBFC_PHYS_s15_T1_test,147,211,154.03333333333333,-0.48281988501548767,0.31184511233352397
UBFC_PHYS_s15_T1_test,147,212,154.06666666666666,0.3179822862148285,-0.03455134259989257
UBFC_PHYS_s15_T1_test,147,213,154.1,0.7787119746208191,-0.36444622335734633
UBFC_PHYS_s15_T1_test,147,214,154.13333333333333,0.8443704843521118,-0.6680017120597422
UBFC_PHYS_s15_T1_test,147,215,154.16666666666666,0.6666869521141052,-0.9345988825519006
UBFC_PHYS_s15_T1_test,147,216,154.2,0.36801794171333313,-1.1475838671058531
UBFC_PHYS_s15_T1_test,147,217,154.23333333333332,0.06602738052606583,-1.284044012165583
UBFC_PHYS_s15_T1_test,147,218,154.26666666666668,-0.0865321159362793,-1.3201367827269503
UBFC_PHYS_s15_T1_test,147,219,154.3,-0.04481964558362961,-1.2395407312465092
UBFC_PHYS_s15_T1_test,147,220,154.33333333333334,0.06436660885810852,-1.0410955804441182
UBFC_PHYS_s15_T1_test,147,221,154.36666666666667,0.10841574519872665,-0.7423871013920703
UBFC_PHYS_s15_T1_test,147,222,154.4,0.056564830243587494,-0.37829824710353116
UBFC_PHYS_s15_T1_test,147,223,154.43333333333334,-0.06704698503017426,0.004451922261668663
UBFC_PHYS_s15_T1_test,147,224,154.46666666666667,-0.21974165737628937,0.3552907475007537
UBFC_PHYS_s15_T1_test,147,225,154.5,-0.32794302701950073,0.6290308617323037
UBFC_PHYS_s15_T1_test,147,226,154.53333333333333,-0.3548630177974701,0.7947492538384544
UBFC_PHYS_s15_T1_test,147,227,154.56666666666666,-0.40024465322494507,0.8418709902928744
UBFC_PHYS_s15_T1_test,147,228,154.6,-0.5979733467102051,0.780874105011292
UBFC_PHYS_s15_T1_test,147,229,154.63333333333333,-0.9023971557617188,0.6378681545429433
UBFC_PHYS_s15_T1_test,147,230,154.66666666666666,-1.0080879926681519,0.44576471958974645
UBFC_PHYS_s15_T1_test,147,231,154.7,-0.615527331829071,0.23665912368342287
UBFC_PHYS_s15_T1_test,147,232,154.73333333333332,0.1821657121181488,0.03815226603885057
UBFC_PHYS_s15_T1_test,147,233,154.76666666666668,0.9600839614868164,-0.12712956815296042
UBFC_PHYS_s15_T1_test,147,234,154.8,1.4410133361816406,-0.24129556821698467
UBFC_PHYS_s15_T1_test,147,235,154.83333333333334,1.6224045753479004,-0.29203447481268185
UBFC_PHYS_s15_T1_test,147,236,154.86666666666667,1.4944477081298828,-0.2745035871111318
UBFC_PHYS_s15_T1_test,147,237,154.9,1.0555205345153809,-0.19291885317177748
UBFC_PHYS_s15_T1_test,147,238,154.93333333333334,0.46992382407188416,-0.060664520842352965
UBFC_PHYS_s15_T1_test,147,239,154.96666666666667,-0.05053579807281494,0.10133240445547777
UBFC_PHYS_s15_T1_test,148,0,148.0,0.3718995153903961,-0.10291895617995193
UBFC_PHYS_s15_T1_test,148,1,148.03333333333333,0.6810352802276611,-0.16773483152728189
UBFC_PHYS_s15_T1_test,148,2,148.06666666666666,0.8031021952629089,-0.2754759045939768
UBFC_PHYS_s15_T1_test,148,3,148.1,0.8049560785293579,-0.4551644231634053
UBFC_PHYS_s15_T1_test,148,4,148.13333333333333,0.7374823093414307,-0.7085247505314144
UBFC_PHYS_s15_T1_test,148,5,148.16666666666666,0.6643695831298828,-1.007549306851292
UBFC_PHYS_s15_T1_test,148,6,148.2,0.6202045679092407,-1.3003613485536119
UBFC_PHYS_s15_T1_test,148,7,148.23333333333332,0.5900595784187317,-1.5227672434035793
UBFC_PHYS_s15_T1_test,148,8,148.26666666666668,0.5614209175109863,-1.612796535376102
UBFC_PHYS_s15_T1_test,148,9,148.3,0.533187747001648,-1.5260749034273917
UBFC_PHYS_s15_T1_test,148,10,148.33333333333334,0.4712563157081604,-1.2491088221455877
UBFC_PHYS_s15_T1_test,148,11,148.36666666666667,0.34347325563430786,-0.806380061943773
UBFC_PHYS_s15_T1_test,148,12,148.4,0.19676508009433746,-0.2575803128102311
UBFC_PHYS_s15_T1_test,148,13,148.43333333333334,0.1271091103553772,0.3157800028525673
UBFC_PHYS_s15_T1_test,148,14,148.46666666666667,0.13939112424850464,0.8306942554710417
UBFC_PHYS_s15_T1_test,148,15,148.5,0.10163747519254684,1.2228280753795397
UBFC_PHYS_s15_T1_test,148,16,148.53333333333333,-0.06953814625740051,1.4593769176263645
UBFC_PHYS_s15_T1_test,148,17,148.56666666666666,-0.22175003588199615,1.5405606803181136
UBFC_PHYS_s15_T1_test,148,18,148.6,-0.1373402178287506,1.4903461883112414
UBFC_PHYS_s15_T1_test,148,19,148.63333333333333,0.1816636174917221,1.3413637352842436
UBFC_PHYS_s15_T1_test,148,20,148.66666666666666,0.47560134530067444,1.1213027907550521
UBFC_PHYS_s15_T1_test,148,21,148.7,0.5193994641304016,0.8467660564890699
UBFC_PHYS_s15_T1_test,148,22,148.73333333333332,0.38199934363365173,0.5259134746038057
UBFC_PHYS_s15_T1_test,148,23,148.76666666666668,0.2780657708644867,0.1664302350733152
UBFC_PHYS_s15_T1_test,148,24,148.8,0.25713229179382324,-0.21645804082641462
UBFC_PHYS_s15_T1_test,148,25,148.83333333333334,0.26636311411857605,-0.5958539851038218
UBFC_PHYS_s15_T1_test,148,26,148.86666666666667,0.3368687629699707,-0.9341513617426288
UBFC_PHYS_s15_T1_test,148,27,148.9,0.4834803640842438,-1.188239406449701
UBFC_PHYS_s15_T1_test,148,28,148.93333333333334,0.6040023565292358,-1.3176105600400247
UBFC_PHYS_s15_T1_test,148,29,148.96666666666667,0.6146429181098938,-1.2940974053922558
UBFC_PHYS_s15_T1_test,148,30,149.0,0.5306386351585388,-1.1113011955532508
UBFC_PHYS_s15_T1_test,148,31,149.03333333333333,0.37155190110206604,-0.7906272677675087
UBFC_PHYS_s15_T1_test,148,32,149.06666666666666,0.16434136033058167,-0.3804609577464626
UBFC_PHYS_s15_T1_test,148,33,149.1,-0.02037150226533413,0.053352391830981595
UBFC_PHYS_s15_T1_test,148,34,149.13333333333333,-0.17997963726520538,0.44384530548953716
UBFC_PHYS_s15_T1_test,148,35,149.16666666666666,-0.43164485692977905,0.7402794614846079
UBFC_PHYS_s15_T1_test,148,36,149.2,-0.7933846712112427,0.9191640874575312
UBFC_PHYS_s15_T1_test,148,37,149.23333333333332,-1.0182651281356812,0.9841651867370138
UBFC_PHYS_s15_T1_test,148,38,149.26666666666668,-0.8468770384788513,0.9560232835992176
UBFC_PHYS_s15_T1_test,148,39,149.3,-0.3885999321937561,0.8587404182784657
UBFC_PHYS_s15_T1_test,148,40,149.33333333333334,-3.6673642171081156e-05,0.7090978461652371
UBFC_PHYS_s15_T1_test,148,41,149.36666666666667,0.11239388585090637,0.5135121880791047
UBFC_PHYS_s15_T1_test,148,42,149.4,-0.004149986896663904,0.27204048062990926
UBFC_PHYS_s15_T1_test,148,43,149.43333333333334,-0.19834470748901367,-0.01366725476283498
UBFC_PHYS_s15_T1_test,148,44,149.46666666666667,-0.33659452199935913,-0.33245033803225543
UBFC_PHYS_s15_T1_test,148,45,149.5,-0.35777902603149414,-0.6588693249078377
UBFC_PHYS_s15_T1_test,148,46,149.53333333333333,-0.28437668085098267,-0.9533494667134053
UBFC_PHYS_s15_T1_test,148,47,149.56666666666666,-0.17636841535568237,-1.1677399607328744
UBFC_PHYS_s15_T1_test,148,48,149.6,-0.07094787061214447,-1.255611022166847
UBFC_PHYS_s15_T1_test,148,49,149.63333333333333,-0.011951763182878494,-1.1851861966479944
UBFC_PHYS_s15_T1_test,148,50,149.66666666666666,-0.06453651189804077,-0.951209956059569
UBFC_PHYS_s15_T1_test,148,51,149.7,-0.23930403590202332,-0.5812388953664097
UBFC_PHYS_s15_T1_test,148,52,149.73333333333332,-0.45232731103897095,-0.13280617514440185
UBFC_PHYS_s15_T1_test,148,53,149.76666666666668,-0.6497856378555298,0.31931517563380696
UBFC_PHYS_s15_T1_test,148,54,149.8,-0.9076305031776428,0.702717668743633
UBFC_PHYS_s15_T1_test,148,55,149.83333333333334,-1.2805708646774292,0.9672178683289046
UBFC_PHYS_s15_T1_test,148,56,149.86666666666667,-1.6390470266342163,1.096777300145068
UBFC_PHYS_s15_T1_test,148,57,149.9,-1.7184746265411377,1.1077816698245662
UBFC_PHYS_s15_T1_test,148,58,149.93333333333334,-1.3592065572738647,1.034510883297354
UBFC_PHYS_s15_T1_test,148,59,149.96666666666667,-0.7239797711372375,0.9094438310758022
UBFC_PHYS_s15_T1_test,148,60,150.0,-0.18165971338748932,0.7486709688884917
UBFC_PHYS_s15_T1_test,148,61,150.03333333333333,0.061450596898794174,0.5494128333895266
UBFC_PHYS_s15_T1_test,148,62,150.06666666666666,0.1016760915517807,0.2993433613444286
UBFC_PHYS_s15_T1_test,148,63,150.1,0.05639103055000305,-0.008813502551571529
UBFC_PHYS_s15_T1_test,148,64,150.13333333333333,-0.024793796241283417,-0.3651128363058408
UBFC_PHYS_s15_T1_test,148,65,150.16666666666666,-0.08490996062755585,-0.7373928793099449
UBFC_PHYS_s15_T1_test,148,66,150.2,-0.09209378063678741,-1.07439754160191
UBFC_PHYS_s15_T1_test,148,67,150.23333333333332,-0.07782270759344101,-1.3154786113884203
UBFC_PHYS_s15_T1_test,148,68,150.26666666666668,-0.06739459186792374,-1.4045649107983125
UBFC_PHYS_s15_T1_test,148,69,150.3,-0.07523498684167862,-1.30570797540826
UBFC_PHYS_s15_T1_test,148,70,150.33333333333334,-0.16051381826400757,-1.0164139141381103
UBFC_PHYS_s15_T1_test,148,71,150.36666666666667,-0.3449176847934723,-0.5739552691743527
UBFC_PHYS_s15_T1_test,148,72,150.4,-0.5362736582756042,-0.050561493443631325
UBFC_PHYS_s15_T1_test,148,73,150.43333333333334,-0.6531264781951904,0.4632843555758622
UBFC_PHYS_s15_T1_test,148,74,150.46666666666667,-0.7532943487167358,0.8830171987701209
UBFC_PHYS_s15_T1_test,148,75,150.5,-0.9617408514022827,1.1528870068023243
UBFC_PHYS_s15_T1_test,148,76,150.53333333333333,-1.2859973907470703,1.258299560634059
UBFC_PHYS_s15_T1_test,148,77,150.56666666666666,-1.4897898435592651,1.2225655418731172
UBFC_PHYS_s15_T1_test,148,78,150.6,-1.2850124835968018,1.090350904541474
UBFC_PHYS_s15_T1_test,148,79,150.63333333333333,-0.6913436055183411,0.9061957155492594
UBFC_PHYS_s15_T1_test,148,80,150.66666666666666,-0.068302221596241,0.6977044786034138
UBFC_PHYS_s15_T1_test,148,81,150.7,0.3072451949119568,0.46970042806140216
UBFC_PHYS_s15_T1_test,148,82,150.73333333333332,0.4518870413303375,0.21030809255946967
UBFC_PHYS_s15_T1_test,148,83,150.76666666666668,0.450071781873703,-0.0949635634089688
UBFC_PHYS_s15_T1_test,148,84,150.8,0.34374359250068665,-0.44778499684616546
UBFC_PHYS_s15_T1_test,148,85,150.83333333333334,0.2244575172662735,-0.8266962279210821
UBFC_PHYS_s15_T1_test,148,86,150.86666666666667,0.17824551463127136,-1.1858232460868798
UBFC_PHYS_s15_T1_test,148,87,150.9,0.2129286527633667,-1.4630701329732037
UBFC_PHYS_s15_T1_test,148,88,150.93333333333334,0.2935727834701538,-1.5953776530190817
UBFC_PHYS_s15_T1_test,148,89,150.96666666666667,0.3694469928741455,-1.5367678195254562
UBFC_PHYS_s15_T1_test,148,90,151.0,0.3661061227321625,-1.2739397404230695
UBFC_PHYS_s15_T1_test,148,91,151.03333333333333,0.21115201711654663,-0.8343425187945628
UBFC_PHYS_s15_T1_test,148,92,151.06666666666666,-0.07036853581666946,-0.2832359785543549
UBFC_PHYS_s15_T1_test,148,93,151.1,-0.3537815809249878,0.2906751262695804
UBFC_PHYS_s15_T1_test,148,94,151.13333333333333,-0.5575160980224609,0.7974579390252234
UBFC_PHYS_s15_T1_test,148,95,151.16666666666666,-0.7641859650611877,1.1689808469368408
UBFC_PHYS_s15_T1_test,148,96,151.2,-1.0985230207443237,1.3744950428356268
UBFC_PHYS_s15_T1_test,148,97,151.23333333333332,-1.5023036003112793,1.4227030161153096
UBFC_PHYS_s15_T1_test,148,98,151.26666666666668,-1.6675891876220703,1.3496418190442585
UBFC_PHYS_s15_T1_test,148,99,151.3,-1.3081860542297363,1.1981780000851447
UBFC_PHYS_s15_T1_test,148,100,151.33333333333334,-0.5487681031227112,0.9991719692860882
UBFC_PHYS_s15_T1_test,148,101,151.36666666666667,0.17187277972698212,0.7632190681767548
UBFC_PHYS_s15_T1_test,148,102,151.4,0.5465125441551208,0.48523985564666994
UBFC_PHYS_s15_T1_test,148,103,151.43333333333334,0.5847489833831787,0.1571251404269699
UBFC_PHYS_s15_T1_test,148,104,151.46666666666667,0.4189226031303406,-0.21889405164380032
UBFC_PHYS_s15_T1_test,148,105,151.5,0.1954905241727829,-0.6217196127014196
UBFC_PHYS_s15_T1_test,148,106,151.53333333333333,0.07954531162977219,-1.010093600385246
UBFC_PHYS_s15_T1_test,148,107,151.56666666666666,0.12280268967151642,-1.3283893698774687
UBFC_PHYS_s15_T1_test,148,108,151.6,0.23233655095100403,-1.5180248931067672
UBFC_PHYS_s15_T1_test,148,109,151.63333333333333,0.3123047649860382,-1.5321838817661702
UBFC_PHYS_s15_T1_test,148,110,151.66666666666666,0.31686222553253174,-1.350341753464272
UBFC_PHYS_s15_T1_test,148,111,151.7,0.19774995744228363,-0.9880491251386248
UBFC_PHYS_s15_T1_test,148,112,151.73333333333332,-0.04138222709298134,-0.4976690481188351
UBFC_PHYS_s15_T1_test,148,113,151.76666666666668,-0.27327266335487366,0.041893431873737556
UBFC_PHYS_s15_T1_test,148,114,151.8,-0.364615261554718,0.5443113363963393
UBFC_PHYS_s15_T1_test,148,115,151.83333333333334,-0.34821993112564087,0.9376414737071996
UBFC_PHYS_s15_T1_test,148,116,151.86666666666667,-0.4007660448551178,1.1809741560217282
UBFC_PHYS_s15_T1_test,148,117,151.9,-0.5923537611961365,1.2698341466640761
UBFC_PHYS_s15_T1_test,148,118,151.93333333333334,-0.6524119973182678,1.2288931733001194
UBFC_PHYS_s15_T1_test,148,119,151.96666666666667,-0.2390143722295761,1.0959312839055435
UBFC_PHYS_s15_T1_test,148,120,152.0,0.5517845749855042,0.9045177484989936
UBFC_PHYS_s15_T1_test,148,121,152.03333333333333,1.2650871276855469,0.6730113842667487
UBFC_PHYS_s15_T1_test,148,122,152.06666666666666,1.6440719366073608,0.4041417659982828
UBFC_PHYS_s15_T1_test,148,123,152.1,1.7155624628067017,0.09414365487266867
UBFC_PHYS_s15_T1_test,148,124,152.13333333333333,1.5737593173980713,-0.2542689267214659
UBFC_PHYS_s15_T1_test,148,125,152.16666666666666,1.3482803106307983,-0.6221654536741044
UBFC_PHYS_s15_T1_test,148,126,152.2,1.19670569896698,-0.97224915222324
UBFC_PHYS_s15_T1_test,148,127,152.23333333333332,1.182029128074646,-1.2544714183928478
UBFC_PHYS_s15_T1_test,148,128,152.26666666666668,1.2245912551879883,-1.41697546250673
UBFC_PHYS_s15_T1_test,148,129,152.3,1.2104939222335815,-1.419202368637602
UBFC_PHYS_s15_T1_test,148,130,152.33333333333334,1.075024962425232,-1.2440099864184846
UBFC_PHYS_s15_T1_test,148,131,152.36666666666667,0.7930409908294678,-0.905649782739176
UBFC_PHYS_s15_T1_test,148,132,152.4,0.42062199115753174,-0.45052407345611933
UBFC_PHYS_s15_T1_test,148,133,152.43333333333334,0.08891130983829498,0.05117347000104793
UBFC_PHYS_s15_T1_test,148,134,152.46666666666667,-0.1343855857849121,0.5218852132199938
UBFC_PHYS_s15_T1_test,148,135,152.5,-0.31403887271881104,0.8963329736464226
UBFC_PHYS_s15_T1_test,148,136,152.53333333333333,-0.5631549954414368,1.1369505757360645
UBFC_PHYS_s15_T1_test,148,137,152.56666666666666,-0.8539257049560547,1.2386577344649765
UBFC_PHYS_s15_T1_test,148,138,152.6,-0.9155095219612122,1.2215133830281573
UBFC_PHYS_s15_T1_test,148,139,152.63333333333333,-0.5031933188438416,1.1158349890885593
UBFC_PHYS_s15_T1_test,148,140,152.66666666666666,0.19085581600666046,0.9476745698765372
UBFC_PHYS_s15_T1_test,148,141,152.7,0.7012542486190796,0.7313074057720134
UBFC_PHYS_s15_T1_test,148,142,152.73333333333332,0.8534854054450989,0.4706156218500744
UBFC_PHYS_s15_T1_test,148,143,152.76666666666668,0.8078913688659668,0.16653511192056328
UBFC_PHYS_s15_T1_test,148,144,152.8,0.6710706353187561,-0.17394973752282816
UBFC_PHYS_s15_T1_test,148,145,152.83333333333334,0.4740564525127411,-0.5309854071337532
UBFC_PHYS_s15_T1_test,148,146,152.86666666666667,0.3442070782184601,-0.8695702377480998
UBFC_PHYS_s15_T1_test,148,147,152.9,0.351506769657135,-1.1429471585208222
UBFC_PHYS_s15_T1_test,148,148,152.93333333333334,0.39571037888526917,-1.301487697238669
UBFC_PHYS_s15_T1_test,148,149,152.96666666666667,0.39505380392074585,-1.3052762549101398
UBFC_PHYS_s15_T1_test,148,150,153.0,0.3721891939640045,-1.1369060313707675
UBFC_PHYS_s15_T1_test,148,151,153.03333333333333,0.29303205013275146,-0.8101385905463568
UBFC_PHYS_s15_T1_test,148,152,153.06666666666666,0.07471747696399689,-0.37084101410125525
UBFC_PHYS_s15_T1_test,148,153,153.1,-0.22464673221111298,0.11124421174106779
UBFC_PHYS_s15_T1_test,148,154,153.13333333333333,-0.4620988368988037,0.5585121212788411
UBFC_PHYS_s15_T1_test,148,155,153.16666666666666,-0.6410762071609497,0.9048741129208808
UBFC_PHYS_s15_T1_test,148,156,153.2,-0.9133659601211548,1.1118060144514352
UBFC_PHYS_s15_T1_test,148,157,153.23333333333332,-1.3231523036956787,1.1747081514040374
UBFC_PHYS_s15_T1_test,148,158,153.26666666666668,-1.6128029823303223,1.1170584003959823
UBFC_PHYS_s15_T1_test,148,159,153.3,-1.4055731296539307,0.9753903226109623
UBFC_PHYS_s15_T1_test,148,160,153.33333333333334,-0.7019069194793701,0.7823722148612074
UBFC_PHYS_s15_T1_test,148,161,153.36666666666667,0.06623980402946472,0.5558405593884984
UBFC_PHYS_s15_T1_test,148,162,153.4,0.5371851921081543,0.29811025645962447
UBFC_PHYS_s15_T1_test,148,163,153.43333333333334,0.7325965166091919,0.004368225178553136
UBFC_PHYS_s15_T1_test,148,164,153.46666666666667,0.774482786655426,-0.32537530846886054
UBFC_PHYS_s15_T1_test,148,165,153.5,0.6830050349235535,-0.6770904369994062
UBFC_PHYS_s15_T1_test,148,166,153.53333333333333,0.549235463142395,-1.019776579455417
UBFC_PHYS_s15_T1_test,148,167,153.56666666666666,0.5100334286689758,-1.3087143408397237
UBFC_PHYS_s15_T1_test,148,168,153.6,0.5122156143188477,-1.4933281994038201
UBFC_PHYS_s15_T1_test,148,169,153.63333333333333,0.42956313490867615,-1.528024563293793
UBFC_PHYS_s15_T1_test,148,170,153.66666666666666,0.29735779762268066,-1.3841632730533997
UBFC_PHYS_s15_T1_test,148,171,153.7,0.19317317008972168,-1.0605390334154254
UBFC_PHYS_s15_T1_test,148,172,153.73333333333332,0.04254480451345444,-0.5890012641712359
UBFC_PHYS_s15_T1_test,148,173,153.76666666666668,-0.2170960158109665,-0.032027326133337586
UBFC_PHYS_s15_T1_test,148,174,153.8,-0.4578310251235962,0.529086840283952
UBFC_PHYS_s15_T1_test,148,175,153.83333333333334,-0.5874872803688049,1.0131737747256282
UBFC_PHYS_s15_T1_test,148,176,153.86666666666667,-0.7026407718658447,1.3590321971914618
UBFC_PHYS_s15_T1_test,148,177,153.9,-0.9237940907478333,1.5383473900368252
UBFC_PHYS_s15_T1_test,148,178,153.93333333333334,-1.2369658946990967,1.5566529289117914
UBFC_PHYS_s15_T1_test,148,179,153.96666666666667,-1.4369733333587646,1.4430025218419926
UBFC_PHYS_s15_T1_test,148,180,154.0,-1.2079602479934692,1.2343636319743776
UBFC_PHYS_s15_T1_test,148,181,154.03333333333333,-0.48281988501548767,0.962519784539129
UBFC_PHYS_s15_T1_test,148,182,154.06666666666666,0.3179822862148285,0.6484751510481512
UBFC_PHYS_s15_T1_test,148,183,154.1,0.7787119746208191,0.3045106078732486
UBFC_PHYS_s15_T1_test,148,184,154.13333333333333,0.8443704843521118,-0.059458527207070754
UBFC_PHYS_s15_T1_test,148,185,154.16666666666666,0.6666869521141052,-0.4293205368671239
UBFC_PHYS_s15_T1_test,148,186,154.2,0.36801794171333313,-0.7826902791371377
UBFC_PHYS_s15_T1_test,148,187,154.23333333333332,0.06602738052606583,-1.0882861859983866
UBFC_PHYS_s15_T1_test,148,188,154.26666666666668,-0.0865321159362793,-1.3090233254179116
UBFC_PHYS_s15_T1_test,148,189,154.3,-0.04481964558362961,-1.4087473546881315
UBFC_PHYS_s15_T1_test,148,190,154.33333333333334,0.06436660885810852,-1.361517936605211
UBFC_PHYS_s15_T1_test,148,191,154.36666666666667,0.10841574519872665,-1.16094021537078
UBFC_PHYS_s15_T1_test,148,192,154.4,0.056564830243587494,-0.8262099770300366
UBFC_PHYS_s15_T1_test,148,193,154.43333333333334,-0.06704698503017426,-0.40196029269975636
UBFC_PHYS_s15_T1_test,148,194,154.46666666666667,-0.21974165737628937,0.049232644333552095
UBFC_PHYS_s15_T1_test,148,195,154.5,-0.32794302701950073,0.46033012858952793
UBFC_PHYS_s15_T1_test,148,196,154.53333333333333,-0.3548630177974701,0.7755983088218191
UBFC_PHYS_s15_T1_test,148,197,154.56666666666666,-0.40024465322494507,0.963390316164464
UBFC_PHYS_s15_T1_test,148,198,154.6,-0.5979733467102051,1.0207185747669063
UBFC_PHYS_s15_T1_test,148,199,154.63333333333333,-0.9023971557617188,0.9673946351023947
UBFC_PHYS_s15_T1_test,148,200,154.66666666666666,-1.0080879926681519,0.8329827195610041
UBFC_PHYS_s15_T1_test,148,201,154.7,-0.615527331829071,0.6437645790407611
UBFC_PHYS_s15_T1_test,148,202,154.73333333333332,0.1821657121181488,0.4160021988517804
UBFC_PHYS_s15_T1_test,148,203,154.76666666666668,0.9600839614868164,0.1572740390124503
UBFC_PHYS_s15_T1_test,148,204,154.8,1.4410133361816406,-0.12689801777675497
UBFC_PHYS_s15_T1_test,148,205,154.83333333333334,1.6224045753479004,-0.4258098322870069
UBFC_PHYS_s15_T1_test,148,206,154.86666666666667,1.4944477081298828,-0.7191206495292021
UBFC_PHYS_s15_T1_test,148,207,154.9,1.0555205345153809,-0.976272182056003
UBFC_PHYS_s15_T1_test,148,208,154.93333333333334,0.46992382407188416,-1.159731137845931
UBFC_PHYS_s15_T1_test,148,209,154.96666666666667,-0.05053579807281494,-1.2317382380068174
UBFC_PHYS_s15_T1_test,148,210,155.0,-0.4414936602115631,-1.1636024290539337
UBFC_PHYS_s15_T1_test,148,211,155.03333333333333,-0.7065223455429077,-0.945306384423776
UBFC_PHYS_s15_T1_test,148,212,155.06666666666666,-0.7839414477348328,-0.5920422548473403
UBFC_PHYS_s15_T1_test,148,213,155.1,-0.661874532699585,-0.14456567148877145
UBFC_PHYS_s15_T1_test,148,214,155.13333333333333,-0.45997458696365356,0.33758501882770214
UBFC_PHYS_s15_T1_test,148,215,155.16666666666666,-0.2284896969795227,0.7883348640095773
UBFC_PHYS_s15_T1_test,148,216,155.2,0.11345600336790085,1.1495336712771498
UBFC_PHYS_s15_T1_test,148,217,155.23333333333332,0.5275488495826721,1.3836160742399606
UBFC_PHYS_s15_T1_test,148,218,155.26666666666668,0.7771477699279785,1.480170029501563
UBFC_PHYS_s15_T1_test,148,219,155.3,0.6916372179985046,1.4535148445834896
UBFC_PHYS_s15_T1_test,148,220,155.33333333333334,0.36291974782943726,1.3321017822395995
UBFC_PHYS_s15_T1_test,148,221,155.36666666666667,0.10115469247102737,1.1447914238025556
UBFC_PHYS_s15_T1_test,148,222,155.4,0.2368554025888443,0.9110196206093251
UBFC_PHYS_s15_T1_test,148,223,155.43333333333334,0.7576239705085754,0.639620073234259
UBFC_PHYS_s15_T1_test,148,224,155.46666666666667,1.2685245275497437,0.33543127102217796
UBFC_PHYS_s15_T1_test,148,225,155.5,1.4654035568237305,0.008156907721627527
UBFC_PHYS_s15_T1_test,148,226,155.53333333333333,1.3961337804794312,-0.32215960427822415
UBFC_PHYS_s15_T1_test,148,227,155.56666666666666,1.2146072387695312,-0.625543558637613
UBFC_PHYS_s15_T1_test,148,228,155.6,1.0047703981399536,-0.8676769004816295
UBFC_PHYS_s15_T1_test,148,229,155.63333333333333,0.8784356713294983,-1.018172111728514
UBFC_PHYS_s15_T1_test,148,230,155.66666666666666,0.9019954800605774,-1.0586898631291155
UBFC_PHYS_s15_T1_test,148,231,155.7,0.9937629103660583,-0.9886454597404362
UBFC_PHYS_s15_T1_test,148,232,155.73333333333332,1.0262060165405273,-0.8271302486047696
UBFC_PHYS_s15_T1_test,148,233,155.76666666666668,0.9666884541511536,-0.6104338631372792
UBFC_PHYS_s15_T1_test,148,234,155.8,0.8576180338859558,-0.38519607665393224
UBFC_PHYS_s15_T1_test,148,235,155.83333333333334,0.7062751650810242,-0.1981442838430139
UBFC_PHYS_s15_T1_test,148,236,155.86666666666667,0.47957947850227356,-0.08469380136245361
UBFC_PHYS_s15_T1_test,148,237,155.9,0.17283834517002106,-0.05965960748727674
UBFC_PHYS_s15_T1_test,148,238,155.93333333333334,-0.15927788615226746,-0.11312914888312306
UBFC_PHYS_s15_T1_test,148,239,155.96666666666667,-0.4521535038948059,-0.213144462574108
UBFC_PHYS_s15_T1_test,149,0,149.0,0.5306386351585388,0.02244338345618751
UBFC_PHYS_s15_T1_test,149,1,149.03333333333333,0.37155190110206604,0.7113057601525428
UBFC_PHYS_s15_T1_test,149,2,149.06666666666666,0.16434136033058167,1.287166045054666
UBFC_PHYS_s15_T1_test,149,3,149.1,-0.02037150226533413,1.669130560826967
UBFC_PHYS_s15_T1_test,149,4,149.13333333333333,-0.17997963726520538,1.826195910140283
UBFC_PHYS_s15_T1_test,149,5,149.16666666666666,-0.43164485692977905,1.780881327500826
UBFC_PHYS_s15_T1_test,149,6,149.2,-0.7933846712112427,1.593882974484092
UBFC_PHYS_s15_T1_test,149,7,149.23333333333332,-1.0182651281356812,1.3367042024619031
UBFC_PHYS_s15_T1_test,149,8,149.26666666666668,-0.8468770384788513,1.065066284162288
UBFC_PHYS_s15_T1_test,149,9,149.3,-0.3885999321937561,0.8045110704462369
UBFC_PHYS_s15_T1_test,149,10,149.33333333333334,-3.6673642171081156e-05,0.5518474316229086
UBFC_PHYS_s15_T1_test,149,11,149.36666666666667,0.11239388585090637,0.287872195369808
UBFC_PHYS_s15_T1_test,149,12,149.4,-0.004149986896663904,-0.006425958510546998
UBFC_PHYS_s15_T1_test,149,13,149.43333333333334,-0.19834470748901367,-0.3363487128996151
UBFC_PHYS_s15_T1_test,149,14,149.46666666666667,-0.33659452199935913,-0.6856333504858737
UBFC_PHYS_s15_T1_test,149,15,149.5,-0.35777902603149414,-1.015258559041762
UBFC_PHYS_s15_T1_test,149,16,149.53333333333333,-0.28437668085098267,-1.2697255992798404
UBFC_PHYS_s15_T1_test,149,17,149.56666666666666,-0.17636841535568237,-1.3909784831182763
UBFC_PHYS_s15_T1_test,149,18,149.6,-0.07094787061214447,-1.3371540750509412
UBFC_PHYS_s15_T1_test,149,19,149.63333333333333,-0.011951763182878494,-1.0997114851031309
UBFC_PHYS_s15_T1_test,149,20,149.66666666666666,-0.06453651189804077,-0.7112842509000417
UBFC_PHYS_s15_T1_test,149,21,149.7,-0.23930403590202332,-0.23961469028557453
UBFC_PHYS_s15_T1_test,149,22,149.73333333333332,-0.45232731103897095,0.23074613871426744
UBFC_PHYS_s15_T1_test,149,23,149.76666666666668,-0.6497856378555298,0.6216920744751271
UBFC_PHYS_s15_T1_test,149,24,149.8,-0.9076305031776428,0.8811387891424166
UBFC_PHYS_s15_T1_test,149,25,149.83333333333334,-1.2805708646774292,0.9927532903226571
UBFC_PHYS_s15_T1_test,149,26,149.86666666666667,-1.6390470266342163,0.9736661608980962
UBFC_PHYS_s15_T1_test,149,27,149.9,-1.7184746265411377,0.8621080113024382
UBFC_PHYS_s15_T1_test,149,28,149.93333333333334,-1.3592065572738647,0.7002124025440395
UBFC_PHYS_s15_T1_test,149,29,149.96666666666667,-0.7239797711372375,0.518686514054898
UBFC_PHYS_s15_T1_test,149,30,150.0,-0.18165971338748932,0.3290147545583694
UBFC_PHYS_s15_T1_test,149,31,150.03333333333333,0.061450596898794174,0.1255564436872216
UBFC_PHYS_s15_T1_test,149,32,150.06666666666666,0.1016760915517807,-0.10439759312972445
UBFC_PHYS_s15_T1_test,149,33,150.1,0.05639103055000305,-0.36763515023633697
UBFC_PHYS_s15_T1_test,149,34,150.13333333333333,-0.024793796241283417,-0.6545110352114658
UBFC_PHYS_s15_T1_test,149,35,150.16666666666666,-0.08490996062755585,-0.9345906151367529
UBFC_PHYS_s15_T1_test,149,36,150.2,-0.09209378063678741,-1.1598041256840512
UBFC_PHYS_s15_T1_test,149,37,150.23333333333332,-0.07782270759344101,-1.2746509660493468
UBFC_PHYS_s15_T1_test,149,38,150.26666666666668,-0.06739459186792374,-1.2317136844498004
UBFC_PHYS_s15_T1_test,149,39,150.3,-0.07523498684167862,-1.0088699742023457
UBFC_PHYS_s15_T1_test,149,40,150.33333333333334,-0.16051381826400757,-0.6220714138081873
UBFC_PHYS_s15_T1_test,149,41,150.36666666666667,-0.3449176847934723,-0.12712149083140556
UBFC_PHYS_s15_T1_test,149,42,150.4,-0.5362736582756042,0.39234860254368964
UBFC_PHYS_s15_T1_test,149,43,150.43333333333334,-0.6531264781951904,0.8473544325353973
UBFC_PHYS_s15_T1_test,149,44,150.46666666666667,-0.7532943487167358,1.1681723214489284
UBFC_PHYS_s15_T1_test,149,45,150.5,-0.9617408514022827,1.3215233458610607
UBFC_PHYS_s15_T1_test,149,46,150.53333333333333,-1.2859973907470703,1.3138996922133952
UBFC_PHYS_s15_T1_test,149,47,150.56666666666666,-1.4897898435592651,1.1808515950905965
UBFC_PHYS_s15_T1_test,149,48,150.6,-1.2850124835968018,0.9684345361799062
UBFC_PHYS_s15_T1_test,149,49,150.63333333333333,-0.6913436055183411,0.7157537358546684
UBFC_PHYS_s15_T1_test,149,50,150.66666666666666,-0.068302221596241,0.44506815238850245
UBFC_PHYS_s15_T1_test,149,51,150.7,0.3072451949119568,0.1611271588922869
UBFC_PHYS_s15_T1_test,149,52,150.73333333333332,0.4518870413303375,-0.1420050950443497
UBFC_PHYS_s15_T1_test,149,53,150.76666666666668,0.450071781873703,-0.46978407599258604
UBFC_PHYS_s15_T1_test,149,54,150.8,0.34374359250068665,-0.8153053915606676
UBFC_PHYS_s15_T1_test,149,55,150.83333333333334,0.2244575172662735,-1.1507316305513842
UBFC_PHYS_s15_T1_test,149,56,150.86666666666667,0.17824551463127136,-1.4261883108457052
UBFC_PHYS_s15_T1_test,149,57,150.9,0.2129286527633667,-1.5788506023259503
UBFC_PHYS_s15_T1_test,149,58,150.93333333333334,0.2935727834701538,-1.5511583996630358
UBFC_PHYS_s15_T1_test,149,59,150.96666666666667,0.3694469928741455,-1.3124087491143124
UBFC_PHYS_s15_T1_test,149,60,151.0,0.3661061227321625,-0.8750182898252261
UBFC_PHYS_s15_T1_test,149,61,151.03333333333333,0.21115201711654663,-0.2978106193412345
UBFC_PHYS_s15_T1_test,149,62,151.06666666666666,-0.07036853581666946,0.3260839921365894
UBFC_PHYS_s15_T1_test,149,63,151.1,-0.3537815809249878,0.8928180306135707
UBFC_PHYS_s15_T1_test,149,64,151.13333333333333,-0.5575160980224609,1.3149957948638138
UBFC_PHYS_s15_T1_test,149,65,151.16666666666666,-0.7641859650611877,1.5434804007775618
UBFC_PHYS_s15_T1_test,149,66,151.2,-1.0985230207443237,1.5763849001267882
UBFC_PHYS_s15_T1_test,149,67,151.23333333333332,-1.5023036003112793,1.452023949693417
UBFC_PHYS_s15_T1_test,149,68,151.26666666666668,-1.6675891876220703,1.2289630773812874
UBFC_PHYS_s15_T1_test,149,69,151.3,-1.3081860542297363,0.9619537673915666
UBFC_PHYS_s15_T1_test,149,70,151.33333333333334,-0.5487681031227112,0.6842648778994591
UBFC_PHYS_s15_T1_test,149,71,151.36666666666667,0.17187277972698212,0.4032521715839136
UBFC_PHYS_s15_T1_test,149,72,151.4,0.5465125441551208,0.10863329050080797
UBFC_PHYS_s15_T1_test,149,73,151.43333333333334,0.5847489833831787,-0.21298468075029883
UBFC_PHYS_s15_T1_test,149,74,151.46666666666667,0.4189226031303406,-0.5644139699798052
UBFC_PHYS_s15_T1_test,149,75,151.5,0.1954905241727829,-0.9292226459454882
UBFC_PHYS_s15_T1_test,149,76,151.53333333333333,0.07954531162977219,-1.2695678657157097
UBFC_PHYS_s15_T1_test,149,77,151.56666666666666,0.12280268967151642,-1.5308499198218297
UBFC_PHYS_s15_T1_test,149,78,151.6,0.23233655095100403,-1.6531659029711645
UBFC_PHYS_s15_T1_test,149,79,151.63333333333333,0.3123047649860382,-1.5881636689819938
UBFC_PHYS_s15_T1_test,149,80,151.66666666666666,0.31686222553253174,-1.3168678839511436
UBFC_PHYS_s15_T1_test,149,81,151.7,0.19774995744228363,-0.8616976323693422
UBFC_PHYS_s15_T1_test,149,82,151.73333333333332,-0.04138222709298134,-0.2867957452690102
UBFC_PHYS_s15_T1_test,149,83,151.76666666666668,-0.27327266335487366,0.31515041550413636
UBFC_PHYS_s15_T1_test,149,84,151.8,-0.364615261554718,0.8461197796690658
UBFC_PHYS_s15_T1_test,149,85,151.83333333333334,-0.34821993112564087,1.2282771657525282
UBFC_PHYS_s15_T1_test,149,86,151.86666666666667,-0.4007660448551178,1.4227570891131713
UBFC_PHYS_s15_T1_test,149,87,151.9,-0.5923537611961365,1.4350365372811706
UBFC_PHYS_s15_T1_test,149,88,151.93333333333334,-0.6524119973182678,1.3055026878754858
UBFC_PHYS_s15_T1_test,149,89,151.96666666666667,-0.2390143722295761,1.089643780417849
UBFC_PHYS_s15_T1_test,149,90,152.0,0.5517845749855042,0.8361131183896804
UBFC_PHYS_s15_T1_test,149,91,152.03333333333333,1.2650871276855469,0.5714735103207004
UBFC_PHYS_s15_T1_test,149,92,152.06666666666666,1.6440719366073608,0.29757773527265313
UBFC_PHYS_s15_T1_test,149,93,152.1,1.7155624628067017,0.0018786730779098045
UBFC_PHYS_s15_T1_test,149,94,152.13333333333333,1.5737593173980713,-0.3253632077173246
UBFC_PHYS_s15_T1_test,149,95,152.16666666666666,1.3482803106307983,-0.6760015459464594
UBFC_PHYS_s15_T1_test,149,96,152.2,1.19670569896698,-1.0176524910039935
UBFC_PHYS_s15_T1_test,149,97,152.23333333333332,1.182029128074646,-1.2977426274863102
UBFC_PHYS_s15_T1_test,149,98,152.26666666666668,1.2245912551879883,-1.4560555092584222
UBFC_PHYS_s15_T1_test,149,99,152.3,1.2104939222335815,-1.4421195292687625
UBFC_PHYS_s15_T1_test,149,100,152.33333333333334,1.075024962425232,-1.232693753927424
UBFC_PHYS_s15_T1_test,149,101,152.36666666666667,0.7930409908294678,-0.8438573402557716
UBFC_PHYS_s15_T1_test,149,102,152.4,0.42062199115753174,-0.33248825756228323
UBFC_PHYS_s15_T1_test,149,103,152.43333333333334,0.08891130983829498,0.2154305983090476
UBFC_PHYS_s15_T1_test,149,104,152.46666666666667,-0.1343855857849121,0.7070692008225956
UBFC_PHYS_s15_T1_test,149,105,152.5,-0.31403887271881104,1.0677995625137724
UBFC_PHYS_s15_T1_test,149,106,152.53333333333333,-0.5631549954414368,1.259325083456699
UBFC_PHYS_s15_T1_test,149,107,152.56666666666666,-0.8539257049560547,1.2840172391688085
UBFC_PHYS_s15_T1_test,149,108,152.6,-0.9155095219612122,1.175106648128532
UBFC_PHYS_s15_T1_test,149,109,152.63333333333333,-0.5031933188438416,0.9787169683002201
UBFC_PHYS_s15_T1_test,149,110,152.66666666666666,0.19085581600666046,0.73623413138598
UBFC_PHYS_s15_T1_test,149,111,152.7,0.7012542486190796,0.47358672247905975
UBFC_PHYS_s15_T1_test,149,112,152.73333333333332,0.8534854054450989,0.19962420156408597
UBFC_PHYS_s15_T1_test,149,113,152.76666666666668,0.8078913688659668,-0.08799221092643722
UBFC_PHYS_s15_T1_test,149,114,152.8,0.6710706353187561,-0.3923671535064449
UBFC_PHYS_s15_T1_test,149,115,152.83333333333334,0.4740564525127411,-0.7058093661414756
UBFC_PHYS_s15_T1_test,149,116,152.86666666666667,0.3442070782184601,-1.0014843737248473
UBFC_PHYS_s15_T1_test,149,117,152.9,0.351506769657135,-1.232862171345329
UBFC_PHYS_s15_T1_test,149,118,152.93333333333334,0.39571037888526917,-1.3432849807432419
UBFC_PHYS_s15_T1_test,149,119,152.96666666666667,0.39505380392074585,-1.2837341979952999
UBFC_PHYS_s15_T1_test,149,120,153.0,0.3721891939640045,-1.0326513814567735
UBFC_PHYS_s15_T1_test,149,121,153.03333333333333,0.29303205013275146,-0.6096878786868527
UBFC_PHYS_s15_T1_test,149,122,153.06666666666666,0.07471747696399689,-0.07685551034128353
UBFC_PHYS_s15_T1_test,149,123,153.1,-0.22464673221111298,0.4747166987048117
UBFC_PHYS_s15_T1_test,149,124,153.13333333333333,-0.4620988368988037,0.9483437737059479
UBFC_PHYS_s15_T1_test,149,125,153.16666666666666,-0.6410762071609497,1.2674339357986357
UBFC_PHYS_s15_T1_test,149,126,153.2,-0.9133659601211548,1.394496376244396
UBFC_PHYS_s15_T1_test,149,127,153.23333333333332,-1.3231523036956787,1.3374674091951868
UBFC_PHYS_s15_T1_test,149,128,153.26666666666668,-1.6128029823303223,1.1416481065008233
UBFC_PHYS_s15_T1_test,149,129,153.3,-1.4055731296539307,0.8704301168434494
UBFC_PHYS_s15_T1_test,149,130,153.33333333333334,-0.7019069194793701,0.5821912907619645
UBFC_PHYS_s15_T1_test,149,131,153.36666666666667,0.06623980402946472,0.31232635240481743
UBFC_PHYS_s15_T1_test,149,132,153.4,0.5371851921081543,0.06709557440956074
UBFC_PHYS_s15_T1_test,149,133,153.43333333333334,0.7325965166091919,-0.16937285337142544
UBFC_PHYS_s15_T1_test,149,134,153.46666666666667,0.774482786655426,-0.4194784319524249
UBFC_PHYS_s15_T1_test,149,135,153.5,0.6830050349235535,-0.6955591456023111
UBFC_PHYS_s15_T1_test,149,136,153.53333333333333,0.549235463142395,-0.9886254473724795
UBFC_PHYS_s15_T1_test,149,137,153.56666666666666,0.5100334286689758,-1.2652959834174264
UBFC_PHYS_s15_T1_test,149,138,153.6,0.5122156143188477,-1.473174044769331
UBFC_PHYS_s15_T1_test,149,139,153.63333333333333,0.42956313490867615,-1.5533694092789843
UBFC_PHYS_s15_T1_test,149,140,153.66666666666666,0.29735779762268066,-1.4574948523979774
UBFC_PHYS_s15_T1_test,149,141,153.7,0.19317317008972168,-1.164931742513516
UBFC_PHYS_s15_T1_test,149,142,153.73333333333332,0.04254480451345444,-0.6949612216470902
UBFC_PHYS_s15_T1_test,149,143,153.76666666666668,-0.2170960158109665,-0.10856468851621037
UBFC_PHYS_s15_T1_test,149,144,153.8,-0.4578310251235962,0.5027983983765647
UBFC_PHYS_s15_T1_test,149,145,153.83333333333334,-0.5874872803688049,1.0394366150165595
UBFC_PHYS_s15_T1_test,149,146,153.86666666666667,-0.7026407718658447,1.4195146859342649
UBFC_PHYS_s15_T1_test,149,147,153.9,-0.9237940907478333,1.599382299382367
UBFC_PHYS_s15_T1_test,149,148,153.93333333333334,-1.2369658946990967,1.5809213116660852
UBFC_PHYS_s15_T1_test,149,149,153.96666666666667,-1.4369733333587646,1.4042233994965683
UBFC_PHYS_s15_T1_test,149,150,154.0,-1.2079602479934692,1.129452909400813
UBFC_PHYS_s15_T1_test,149,151,154.03333333333333,-0.48281988501548767,0.8152597588877353
UBFC_PHYS_s15_T1_test,149,152,154.06666666666666,0.3179822862148285,0.5017328897580967
UBFC_PHYS_s15_T1_test,149,153,154.1,0.7787119746208191,0.20364279237209154
UBFC_PHYS_s15_T1_test,149,154,154.13333333333333,0.8443704843521118,-0.08454288447583157
UBFC_PHYS_s15_T1_test,149,155,154.16666666666666,0.6666869521141052,-0.37514532429183806
UBFC_PHYS_s15_T1_test,149,156,154.2,0.36801794171333313,-0.6719218294953342
UBFC_PHYS_s15_T1_test,149,157,154.23333333333332,0.06602738052606583,-0.9598024358319321
UBFC_PHYS_s15_T1_test,149,158,154.26666666666668,-0.0865321159362793,-1.2036056058406053
UBFC_PHYS_s15_T1_test,149,159,154.3,-0.04481964558362961,-1.3555976551261897
UBFC_PHYS_s15_T1_test,149,160,154.33333333333334,0.06436660885810852,-1.3691086577000977
UBFC_PHYS_s15_T1_test,149,161,154.36666666666667,0.10841574519872665,-1.21416827824736
UBFC_PHYS_s15_T1_test,149,162,154.4,0.056564830243587494,-0.8905050996292012
UBFC_PHYS_s15_T1_test,149,163,154.43333333333334,-0.06704698503017426,-0.4334818592788264
UBFC_PHYS_s15_T1_test,149,164,154.46666666666667,-0.21974165737628937,0.08987605463438535
UBFC_PHYS_s15_T1_test,149,165,154.5,-0.32794302701950073,0.5948329157541459
UBFC_PHYS_s15_T1_test,149,166,154.53333333333333,-0.3548630177974701,0.9996269189173035
UBFC_PHYS_s15_T1_test,149,167,154.56666666666666,-0.40024465322494507,1.2465163766880212
UBFC_PHYS_s15_T1_test,149,168,154.6,-0.5979733467102051,1.3153044461249508
UBFC_PHYS_s15_T1_test,149,169,154.63333333333333,-0.9023971557617188,1.2237493971297793
UBFC_PHYS_s15_T1_test,149,170,154.66666666666666,-1.0080879926681519,1.015468338330726
UBFC_PHYS_s15_T1_test,149,171,154.7,-0.615527331829071,0.7418682525296325
UBFC_PHYS_s15_T1_test,149,172,154.73333333333332,0.1821657121181488,0.44613073190825675
UBFC_PHYS_s15_T1_test,149,173,154.76666666666668,0.9600839614868164,0.1545398166625428
UBFC_PHYS_s15_T1_test,149,174,154.8,1.4410133361816406,-0.12378405420149176
UBFC_PHYS_s15_T1_test,149,175,154.83333333333334,1.6224045753479004,-0.3908169745434255
UBFC_PHYS_s15_T1_test,149,176,154.86666666666667,1.4944477081298828,-0.6502837492913404
UBFC_PHYS_s15_T1_test,149,177,154.9,1.0555205345153809,-0.8980081445805631
UBFC_PHYS_s15_T1_test,149,178,154.93333333333334,0.46992382407188416,-1.115109376578597
UBFC_PHYS_s15_T1_test,149,179,154.96666666666667,-0.05053579807281494,-1.2671357195738135
UBFC_PHYS_s15_T1_test,149,180,155.0,-0.4414936602115631,-1.3108783432877507
UBFC_PHYS_s15_T1_test,149,181,155.03333333333333,-0.7065223455429077,-1.207836405333739
UBFC_PHYS_s15_T1_test,149,182,155.06666666666666,-0.7839414477348328,-0.9400869669078129
UBFC_PHYS_s15_T1_test,149,183,155.1,-0.661874532699585,-0.522488948433445
UBFC_PHYS_s15_T1_test,149,184,155.13333333333333,-0.45997458696365356,-0.005988400843241098
UBFC_PHYS_s15_T1_test,149,185,155.16666666666666,-0.2284896969795227,0.530298777324162
UBFC_PHYS_s15_T1_test,149,186,155.2,0.11345600336790085,0.9969220131271924
UBFC_PHYS_s15_T1_test,149,187,155.23333333333332,0.5275488495826721,1.3170408622366987
UBFC_PHYS_s15_T1_test,149,188,155.26666666666668,0.7771477699279785,1.4471067963244486
UBFC_PHYS_s15_T1_test,149,189,155.3,0.6916372179985046,1.3875395724448498
UBFC_PHYS_s15_T1_test,149,190,155.33333333333334,0.36291974782943726,1.1785242299334417
UBFC_PHYS_s15_T1_test,149,191,155.36666666666667,0.10115469247102737,0.8821891477658982
UBFC_PHYS_s15_T1_test,149,192,155.4,0.2368554025888443,0.5594563396259461
UBFC_PHYS_s15_T1_test,149,193,155.43333333333334,0.7576239705085754,0.25254468069680064
UBFC_PHYS_s15_T1_test,149,194,155.46666666666667,1.2685245275497437,-0.020381026708602316
UBFC_PHYS_s15_T1_test,149,195,155.5,1.4654035568237305,-0.25953885086980377
UBFC_PHYS_s15_T1_test,149,196,155.53333333333333,1.3961337804794312,-0.47282949852005085
UBFC_PHYS_s15_T1_test,149,197,155.56666666666666,1.2146072387695312,-0.6661901854308507
UBFC_PHYS_s15_T1_test,149,198,155.6,1.0047703981399536,-0.8378789255968327
UBFC_PHYS_s15_T1_test,149,199,155.63333333333333,0.8784356713294983,-0.9763854636307713
UBFC_PHYS_s15_T1_test,149,200,155.66666666666666,0.9019954800605774,-1.0609477287173668
UBFC_PHYS_s15_T1_test,149,201,155.7,0.9937629103660583,-1.0646998853106628
UBFC_PHYS_s15_T1_test,149,202,155.73333333333332,1.0262060165405273,-0.961174061946613
UBFC_PHYS_s15_T1_test,149,203,155.76666666666668,0.9666884541511536,-0.7339717073176447
UBFC_PHYS_s15_T1_test,149,204,155.8,0.8576180338859558,-0.38717569572277777
UBFC_PHYS_s15_T1_test,149,205,155.83333333333334,0.7062751650810242,0.04771732196161153
UBFC_PHYS_s15_T1_test,149,206,155.86666666666667,0.47957947850227356,0.5122639444946471
UBFC_PHYS_s15_T1_test,149,207,155.9,0.17283834517002106,0.9306394324893152
UBFC_PHYS_s15_T1_test,149,208,155.93333333333334,-0.15927788615226746,1.226924149230285
UBFC_PHYS_s15_T1_test,149,209,155.96666666666667,-0.4521535038948059,1.3455790770346925
UBFC_PHYS_s15_T1_test,149,210,156.0,-0.7210251092910767,1.2682658716302702
UBFC_PHYS_s15_T1_test,149,211,156.03333333333333,-1.0506502389907837,1.0201121375926585
UBFC_PHYS_s15_T1_test,149,212,156.06666666666666,-1.3358012437820435,0.6617014509934241
UBFC_PHYS_s15_T1_test,149,213,156.1,-1.2421993017196655,0.2690466672027949
UBFC_PHYS_s15_T1_test,149,214,156.13333333333333,-0.6348193883895874,-0.09000357634628599
UBFC_PHYS_s15_T1_test,149,215,156.16666666666666,0.1713513731956482,-0.37272248872605257
UBFC_PHYS_s15_T1_test,149,216,156.2,0.797946035861969,-0.5663740671090324
UBFC_PHYS_s15_T1_test,149,217,156.23333333333332,1.1558622121810913,-0.6824930634626649
UBFC_PHYS_s15_T1_test,149,218,156.26666666666668,1.290578007698059,-0.7458202512555938
UBFC_PHYS_s15_T1_test,149,219,156.3,1.2428210973739624,-0.7827399985895217
UBFC_PHYS_s15_T1_test,149,220,156.33333333333334,1.1464768648147583,-0.8117067016999006
UBFC_PHYS_s15_T1_test,149,221,156.36666666666667,1.141069769859314,-0.836549886828609
UBFC_PHYS_s15_T1_test,149,222,156.4,1.201108694076538,-0.843901216211736
UBFC_PHYS_s15_T1_test,149,223,156.43333333333334,1.2108608484268188,-0.8065987223483156
UBFC_PHYS_s15_T1_test,149,224,156.46666666666667,1.121140480041504,-0.6936897990570667
UBFC_PHYS_s15_T1_test,149,225,156.5,0.9344385266304016,-0.48472133074284435
UBFC_PHYS_s15_T1_test,149,226,156.53333333333333,0.6193355917930603,-0.1831048604242488
UBFC_PHYS_s15_T1_test,149,227,156.56666666666666,0.1470770239830017,0.17753466863367912
UBFC_PHYS_s15_T1_test,149,228,156.6,-0.4161764979362488,0.5379408490278137
UBFC_PHYS_s15_T1_test,149,229,156.63333333333333,-0.9117051959037781,0.8282742768660499
UBFC_PHYS_s15_T1_test,149,230,156.66666666666666,-1.2608733177185059,0.988672500517821
UBFC_PHYS_s15_T1_test,149,231,156.7,-1.5531309843063354,0.9880181118900895
UBFC_PHYS_s15_T1_test,149,232,156.73333333333332,-1.905331015586853,0.8344977088214739
UBFC_PHYS_s15_T1_test,149,233,156.76666666666668,-2.257511615753174,0.574624249997196
UBFC_PHYS_s15_T1_test,149,234,156.8,-2.3322272300720215,0.2809661481651065
UBFC_PHYS_s15_T1_test,149,235,156.83333333333334,-1.9352248907089233,0.032001887693855216
UBFC_PHYS_s15_T1_test,149,236,156.86666666666667,-1.2586525678634644,-0.11014813120743486
UBFC_PHYS_s15_T1_test,149,237,156.9,-0.712624728679657,-0.11749044350492585
UBFC_PHYS_s15_T1_test,149,238,156.93333333333334,-0.4711558520793915,-0.0038980331419263383
UBFC_PHYS_s15_T1_test,149,239,156.96666666666667,-0.42507901787757874,0.17968515652708342
UBFC_PHYS_s15_T1_test,150,0,150.0,-0.18165971338748932,-0.0446744887232802
UBFC_PHYS_s15_T1_test,150,1,150.03333333333333,0.061450596898794174,0.1288326680196873
UBFC_PHYS_s15_T1_test,150,2,150.06666666666666,0.1016760915517807,0.22279099079202216
UBFC_PHYS_s15_T1_test,150,3,150.1,0.05639103055000305,0.18809663737092952
UBFC_PHYS_s15_T1_test,150,4,150.13333333333333,-0.024793796241283417,0.025922214298521776
UBFC_PHYS_s15_T1_test,150,5,150.16666666666666,-0.08490996062755585,-0.21429249401565878
UBFC_PHYS_s15_T1_test,150,6,150.2,-0.09209378063678741,-0.4553203717518215
UBFC_PHYS_s15_T1_test,150,7,150.23333333333332,-0.07782270759344101,-0.6203103729694956
UBFC_PHYS_s15_T1_test,150,8,150.26666666666668,-0.06739459186792374,-0.656916068847409
UBFC_PHYS_s15_T1_test,150,9,150.3,-0.07523498684167862,-0.5505672870679006
UBFC_PHYS_s15_T1_test,150,10,150.33333333333334,-0.16051381826400757,-0.32538731054447434
UBFC_PHYS_s15_T1_test,150,11,150.36666666666667,-0.3449176847934723,-0.03453934901794771
UBFC_PHYS_s15_T1_test,150,12,150.4,-0.5362736582756042,0.25674022452489187
UBFC_PHYS_s15_T1_test,150,13,150.43333333333334,-0.6531264781951904,0.4910103900077342
UBFC_PHYS_s15_T1_test,150,14,150.46666666666667,-0.7532943487167358,0.6354258102908896
UBFC_PHYS_s15_T1_test,150,15,150.5,-0.9617408514022827,0.6891373403389787
UBFC_PHYS_s15_T1_test,150,16,150.53333333333333,-1.2859973907470703,0.677694416741905
UBFC_PHYS_s15_T1_test,150,17,150.56666666666666,-1.4897898435592651,0.6365356054138709
UBFC_PHYS_s15_T1_test,150,18,150.6,-1.2850124835968018,0.5916377180634953
UBFC_PHYS_s15_T1_test,150,19,150.63333333333333,-0.6913436055183411,0.5470600533214731
UBFC_PHYS_s15_T1_test,150,20,150.66666666666666,-0.068302221596241,0.48446345884983455
UBFC_PHYS_s15_T1_test,150,21,150.7,0.3072451949119568,0.37298744760493724
UBFC_PHYS_s15_T1_test,150,22,150.73333333333332,0.4518870413303375,0.184244278502097
UBFC_PHYS_s15_T1_test,150,23,150.76666666666668,0.450071781873703,-0.09308803074312677
UBFC_PHYS_s15_T1_test,150,24,150.8,0.34374359250068665,-0.4435469482913715
UBFC_PHYS_s15_T1_test,150,25,150.83333333333334,0.2244575172662735,-0.8230879863061373
UBFC_PHYS_s15_T1_test,150,26,150.86666666666667,0.17824551463127136,-1.1664228761315898
UBFC_PHYS_s15_T1_test,150,27,150.9,0.2129286527633667,-1.4021698863218233
UBFC_PHYS_s15_T1_test,150,28,150.93333333333334,0.2935727834701538,-1.4715930116090474
UBFC_PHYS_s15_T1_test,150,29,150.96666666666667,0.3694469928741455,-1.345081542236234
UBFC_PHYS_s15_T1_test,150,30,151.0,0.3661061227321625,-1.0313806195898187
UBFC_PHYS_s15_T1_test,150,31,151.03333333333333,0.21115201711654663,-0.5770622036761357
UBFC_PHYS_s15_T1_test,150,32,151.06666666666666,-0.07036853581666946,-0.05634435490361382
UBFC_PHYS_s15_T1_test,150,33,151.1,-0.3537815809249878,0.446377816095543
UBFC_PHYS_s15_T1_test,150,34,151.13333333333333,-0.5575160980224609,0.8569916318553877
UBFC_PHYS_s15_T1_test,150,35,151.16666666666666,-0.7641859650611877,1.129301638680994
UBFC_PHYS_s15_T1_test,150,36,151.2,-1.0985230207443237,1.2536633789331415
UBFC_PHYS_s15_T1_test,150,37,151.23333333333332,-1.5023036003112793,1.252713228178535
UBFC_PHYS_s15_T1_test,150,38,151.26666666666668,-1.6675891876220703,1.165542640999551
UBFC_PHYS_s15_T1_test,150,39,151.3,-1.3081860542297363,1.027526364667118
UBFC_PHYS_s15_T1_test,150,40,151.33333333333334,-0.5487681031227112,0.8558604551402288
UBFC_PHYS_s15_T1_test,150,41,151.36666666666667,0.17187277972698212,0.6478791796611408
UBFC_PHYS_s15_T1_test,150,42,151.4,0.5465125441551208,0.3912855677377271
UBFC_PHYS_s15_T1_test,150,43,151.43333333333334,0.5847489833831787,0.0787191089287628
UBFC_PHYS_s15_T1_test,150,44,151.46666666666667,0.4189226031303406,-0.2812621985908375
UBFC_PHYS_s15_T1_test,150,45,151.5,0.1954905241727829,-0.6604740286858413
UBFC_PHYS_s15_T1_test,150,46,151.53333333333333,0.07954531162977219,-1.0141888293292334
UBFC_PHYS_s15_T1_test,150,47,151.56666666666666,0.12280268967151642,-1.2888434423472954
UBFC_PHYS_s15_T1_test,150,48,151.6,0.23233655095100403,-1.43272179160933
UBFC_PHYS_s15_T1_test,150,49,151.63333333333333,0.3123047649860382,-1.4083586702832986
UBFC_PHYS_s15_T1_test,150,50,151.66666666666666,0.31686222553253174,-1.2041085131056455
UBFC_PHYS_s15_T1_test,150,51,151.7,0.19774995744228363,-0.8408788013355869
UBFC_PHYS_s15_T1_test,150,52,151.73333333333332,-0.04138222709298134,-0.3706404478763766
UBFC_PHYS_s15_T1_test,150,53,151.76666666666668,-0.27327266335487366,0.13398890850125098
UBFC_PHYS_s15_T1_test,150,54,151.8,-0.364615261554718,0.5964356585961298
UBFC_PHYS_s15_T1_test,150,55,151.83333333333334,-0.34821993112564087,0.9539673682321579
UBFC_PHYS_s15_T1_test,150,56,151.86666666666667,-0.4007660448551178,1.1708428306100207
UBFC_PHYS_s15_T1_test,150,57,151.9,-0.5923537611961365,1.2426396013776502
UBFC_PHYS_s15_T1_test,150,58,151.93333333333334,-0.6524119973182678,1.1907390179127868
UBFC_PHYS_s15_T1_test,150,59,151.96666666666667,-0.2390143722295761,1.0494864390462417
UBFC_PHYS_s15_T1_test,150,60,152.0,0.5517845749855042,0.8511997618431222
UBFC_PHYS_s15_T1_test,150,61,152.03333333333333,1.2650871276855469,0.6151683226756316
UBFC_PHYS_s15_T1_test,150,62,152.06666666666666,1.6440719366073608,0.34551883203881767
UBFC_PHYS_s15_T1_test,150,63,152.1,1.7155624628067017,0.03889000691167823
UBFC_PHYS_s15_T1_test,150,64,152.13333333333333,1.5737593173980713,-0.3025433487386291
UBFC_PHYS_s15_T1_test,150,65,152.16666666666666,1.3482803106307983,-0.6602255750172256
UBFC_PHYS_s15_T1_test,150,66,152.2,1.19670569896698,-0.9962524709896483
UBFC_PHYS_s15_T1_test,150,67,152.23333333333332,1.182029128074646,-1.259337429909344
UBFC_PHYS_s15_T1_test,150,68,152.26666666666668,1.2245912551879883,-1.3969501546389878
UBFC_PHYS_s15_T1_test,150,69,152.3,1.2104939222335815,-1.3694283614453446
UBFC_PHYS_s15_T1_test,150,70,152.33333333333334,1.075024962425232,-1.1623333174581556
UBFC_PHYS_s15_T1_test,150,71,152.36666666666667,0.7930409908294678,-0.7940660834483155
UBFC_PHYS_s15_T1_test,150,72,152.4,0.42062199115753174,-0.3159257553175655
UBFC_PHYS_s15_T1_test,150,73,152.43333333333334,0.08891130983829498,0.19722800999156184
UBFC_PHYS_s15_T1_test,150,74,152.46666666666667,-0.1343855857849121,0.6644423905437165
UBFC_PHYS_s15_T1_test,150,75,152.5,-0.31403887271881104,1.0189595516600565
UBFC_PHYS_s15_T1_test,150,76,152.53333333333333,-0.5631549954414368,1.223628287276395
UBFC_PHYS_s15_T1_test,150,77,152.56666666666666,-0.8539257049560547,1.275280709954032
UBFC_PHYS_s15_T1_test,150,78,152.6,-0.9155095219612122,1.1973379057429532
UBFC_PHYS_s15_T1_test,150,79,152.63333333333333,-0.5031933188438416,1.0256489325971792
UBFC_PHYS_s15_T1_test,150,80,152.66666666666666,0.19085581600666046,0.7947925709882551
UBFC_PHYS_s15_T1_test,150,81,152.7,0.7012542486190796,0.5300377686827444
UBFC_PHYS_s15_T1_test,150,82,152.73333333333332,0.8534854054450989,0.24588551930612748
UBFC_PHYS_s15_T1_test,150,83,152.76666666666668,0.8078913688659668,-0.05093760839344532
UBFC_PHYS_s15_T1_test,150,84,152.8,0.6710706353187561,-0.35614642434345734
UBFC_PHYS_s15_T1_test,150,85,152.83333333333334,0.4740564525127411,-0.6613287420713972
UBFC_PHYS_s15_T1_test,150,86,152.86666666666667,0.3442070782184601,-0.9477409089888971
UBFC_PHYS_s15_T1_test,150,87,152.9,0.351506769657135,-1.1833473663790175
UBFC_PHYS_s15_T1_test,150,88,152.93333333333334,0.39571037888526917,-1.3260000162108927
UBFC_PHYS_s15_T1_test,150,89,152.96666666666667,0.39505380392074585,-1.333528965993448
UBFC_PHYS_s15_T1_test,150,90,153.0,0.3721891939640045,-1.1780134870710712
UBFC_PHYS_s15_T1_test,150,91,153.03333333333333,0.29303205013275146,-0.8588432102180905
UBFC_PHYS_s15_T1_test,150,92,153.06666666666666,0.07471747696399689,-0.40915126844072597
UBFC_PHYS_s15_T1_test,150,93,153.1,-0.22464673221111298,0.10761303476797231
UBFC_PHYS_s15_T1_test,150,94,153.13333333333333,-0.4620988368988037,0.6110676319045558
UBFC_PHYS_s15_T1_test,150,95,153.16666666666666,-0.6410762071609497,1.0238042194536245
UBFC_PHYS_s15_T1_test,150,96,153.2,-0.9133659601211548,1.2912378399423294
UBFC_PHYS_s15_T1_test,150,97,153.23333333333332,-1.3231523036956787,1.3938849869796097
UBFC_PHYS_s15_T1_test,150,98,153.26666666666668,-1.6128029823303223,1.3471436433098274
UBFC_PHYS_s15_T1_test,150,99,153.3,-1.4055731296539307,1.1889832703763885
UBFC_PHYS_s15_T1_test,150,100,153.33333333333334,-0.7019069194793701,0.9615729989004115
UBFC_PHYS_s15_T1_test,150,101,153.36666666666667,0.06623980402946472,0.6956221385594524
UBFC_PHYS_s15_T1_test,150,102,153.4,0.5371851921081543,0.4042521891221102
UBFC_PHYS_s15_T1_test,150,103,153.43333333333334,0.7325965166091919,0.08772072984218762
UBFC_PHYS_s15_T1_test,150,104,153.46666666666667,0.774482786655426,-0.255479160884265
UBFC_PHYS_s15_T1_test,150,105,153.5,0.6830050349235535,-0.6179840548162223
UBFC_PHYS_s15_T1_test,150,106,153.53333333333333,0.549235463142395,-0.9778921448942521
UBFC_PHYS_s15_T1_test,150,107,153.56666666666666,0.5100334286689758,-1.2987339222725032
UBFC_PHYS_s15_T1_test,150,108,153.6,0.5122156143188477,-1.534019363122565
UBFC_PHYS_s15_T1_test,150,109,153.63333333333333,0.42956313490867615,-1.635505721818073
UBFC_PHYS_s15_T1_test,150,110,153.66666666666666,0.29735779762268066,-1.5644826778422989
UBFC_PHYS_s15_T1_test,150,111,153.7,0.19317317008972168,-1.3043144868657557
UBFC_PHYS_s15_T1_test,150,112,153.73333333333332,0.04254480451345444,-0.8705397212390791
UBFC_PHYS_s15_T1_test,150,113,153.76666666666668,-0.2170960158109665,-0.3137985263570567
UBFC_PHYS_s15_T1_test,150,114,153.8,-0.4578310251235962,0.2876197688440493
UBFC_PHYS_s15_T1_test,150,115,153.83333333333334,-0.5874872803688049,0.8448824969722409
UBFC_PHYS_s15_T1_test,150,116,153.86666666666667,-0.7026407718658447,1.2800906083832189
UBFC_PHYS_s15_T1_test,150,117,153.9,-0.9237940907478333,1.5443443921998923
UBFC_PHYS_s15_T1_test,150,118,153.93333333333334,-1.2369658946990967,1.6259039108577562
UBFC_PHYS_s15_T1_test,150,119,153.96666666666667,-1.4369733333587646,1.5462369097364055
UBFC_PHYS_s15_T1_test,150,120,154.0,-1.2079602479934692,1.3467170173771852
UBFC_PHYS_s15_T1_test,150,121,154.03333333333333,-0.48281988501548767,1.0720113770384527
UBFC_PHYS_s15_T1_test,150,122,154.06666666666666,0.3179822862148285,0.7565216586133585
UBFC_PHYS_s15_T1_test,150,123,154.1,0.7787119746208191,0.4182514340633951
UBFC_PHYS_s15_T1_test,150,124,154.13333333333333,0.8443704843521118,0.06148272474760057
UBFC_PHYS_s15_T1_test,150,125,154.16666666666666,0.6666869521141052,-0.3136516829109346
UBFC_PHYS_s15_T1_test,150,126,154.2,0.36801794171333313,-0.6994412691496477
UBFC_PHYS_s15_T1_test,150,127,154.23333333333332,0.06602738052606583,-1.0722598876550808
UBFC_PHYS_s15_T1_test,150,128,154.26666666666668,-0.0865321159362793,-1.3912413367553305
UBFC_PHYS_s15_T1_test,150,129,154.3,-0.04481964558362961,-1.604530878528723
UBFC_PHYS_s15_T1_test,150,130,154.33333333333334,0.06436660885810852,-1.6613738828596032
UBFC_PHYS_s15_T1_test,150,131,154.36666666666667,0.10841574519872665,-1.5269992487182051
UBFC_PHYS_s15_T1_test,150,132,154.4,0.056564830243587494,-1.1963965860539585
UBFC_PHYS_s15_T1_test,150,133,154.43333333333334,-0.06704698503017426,-0.7025118843007389
UBFC_PHYS_s15_T1_test,150,134,154.46666666666667,-0.21974165737628937,-0.11464218670844455
UBFC_PHYS_s15_T1_test,150,135,154.5,-0.32794302701950073,0.4749626717986277
UBFC_PHYS_s15_T1_test,150,136,154.53333333333333,-0.3548630177974701,0.9738011255941413
UBFC_PHYS_s15_T1_test,150,137,154.56666666666666,-0.40024465322494507,1.31369533804512
UBFC_PHYS_s15_T1_test,150,138,154.6,-0.5979733467102051,1.4673737641508613
UBFC_PHYS_s15_T1_test,150,139,154.63333333333333,-0.9023971557617188,1.4498621208200286
UBFC_PHYS_s15_T1_test,150,140,154.66666666666666,-1.0080879926681519,1.3049193715919498
UBFC_PHYS_s15_T1_test,150,141,154.7,-0.615527331829071,1.084054963866457
UBFC_PHYS_s15_T1_test,150,142,154.73333333333332,0.1821657121181488,0.8279419716560089
UBFC_PHYS_s15_T1_test,150,143,154.76666666666668,0.9600839614868164,0.5570130590934128
UBFC_PHYS_s15_T1_test,150,144,154.8,1.4410133361816406,0.2725924960507345
UBFC_PHYS_s15_T1_test,150,145,154.83333333333334,1.6224045753479004,-0.0343476710936306
UBFC_PHYS_s15_T1_test,150,146,154.86666666666667,1.4944477081298828,-0.37096397572263873
UBFC_PHYS_s15_T1_test,150,147,154.9,1.0555205345153809,-0.7306985618436379
UBFC_PHYS_s15_T1_test,150,148,154.93333333333334,0.46992382407188416,-1.0856714030711367
UBFC_PHYS_s15_T1_test,150,149,154.96666666666667,-0.05053579807281494,-1.3868019208928468
UBFC_PHYS_s15_T1_test,150,150,155.0,-0.4414936602115631,-1.5731125282516927
UBFC_PHYS_s15_T1_test,150,151,155.03333333333333,-0.7065223455429077,-1.5883042656345974
UBFC_PHYS_s15_T1_test,150,152,155.06666666666666,-0.7839414477348328,-1.399512203746132
UBFC_PHYS_s15_T1_test,150,153,155.1,-0.661874532699585,-1.0117878445378499
UBFC_PHYS_s15_T1_test,150,154,155.13333333333333,-0.45997458696365356,-0.4730368498971294
UBFC_PHYS_s15_T1_test,150,155,155.16666666666666,-0.2284896969795227,0.133128757842553
UBFC_PHYS_s15_T1_test,150,156,155.2,0.11345600336790085,0.7060169692308343
UBFC_PHYS_s15_T1_test,150,157,155.23333333333332,0.5275488495826721,1.153602731336865
UBFC_PHYS_s15_T1_test,150,158,155.26666666666668,0.7771477699279785,1.4171069221832764
UBFC_PHYS_s15_T1_test,150,159,155.3,0.6916372179985046,1.4847056257311257
UBFC_PHYS_s15_T1_test,150,160,155.33333333333334,0.36291974782943726,1.3881470673421714
UBFC_PHYS_s15_T1_test,150,161,155.36666666666667,0.10115469247102737,1.1837524897819378
UBFC_PHYS_s15_T1_test,150,162,155.4,0.2368554025888443,0.9274021530867831
UBFC_PHYS_s15_T1_test,150,163,155.43333333333334,0.7576239705085754,0.6558590419229049
UBFC_PHYS_s15_T1_test,150,164,155.46666666666667,1.2685245275497437,0.3815672348455716
UBFC_PHYS_s15_T1_test,150,165,155.5,1.4654035568237305,0.09960233330501937
UBFC_PHYS_s15_T1_test,150,166,155.53333333333333,1.3961337804794312,-0.19980028795996302
UBFC_PHYS_s15_T1_test,150,167,155.56666666666666,1.2146072387695312,-0.5197120258014009
UBFC_PHYS_s15_T1_test,150,168,155.6,1.0047703981399536,-0.8491564713572104
UBFC_PHYS_s15_T1_test,150,169,155.63333333333333,0.8784356713294983,-1.1601223016964635
UBFC_PHYS_s15_T1_test,150,170,155.66666666666666,0.9019954800605774,-1.4089295295066182
UBFC_PHYS_s15_T1_test,150,171,155.7,0.9937629103660583,-1.5429577160030556
UBFC_PHYS_s15_T1_test,150,172,155.73333333333332,1.0262060165405273,-1.5132474736087285
UBFC_PHYS_s15_T1_test,150,173,155.76666666666668,0.9666884541511536,-1.2908333482896033
UBFC_PHYS_s15_T1_test,150,174,155.8,0.8576180338859558,-0.8813629159229684
UBFC_PHYS_s15_T1_test,150,175,155.83333333333334,0.7062751650810242,-0.33137089670050446
UBFC_PHYS_s15_T1_test,150,176,155.86666666666667,0.47957947850227356,0.27784045441411576
UBFC_PHYS_s15_T1_test,150,177,155.9,0.17283834517002106,0.8479081243809301
UBFC_PHYS_s15_T1_test,150,178,155.93333333333334,-0.15927788615226746,1.287494033592679
UBFC_PHYS_s15_T1_test,150,179,155.96666666666667,-0.4521535038948059,1.5352344116612093
UBFC_PHYS_s15_T1_test,150,180,156.0,-0.7210251092910767,1.5742733051758415
UBFC_PHYS_s15_T1_test,150,181,156.03333333333333,-1.0506502389907837,1.4334156974807968
UBFC_PHYS_s15_T1_test,150,182,156.06666666666666,-1.3358012437820435,1.1737683477318117
UBFC_PHYS_s15_T1_test,150,183,156.1,-1.2421993017196655,0.8650403948344028
UBFC_PHYS_s15_T1_test,150,184,156.13333333333333,-0.6348193883895874,0.561021902141722
UBFC_PHYS_s15_T1_test,150,185,156.16666666666666,0.1713513731956482,0.28501272328675864
UBFC_PHYS_s15_T1_test,150,186,156.2,0.797946035861969,0.030791072687402273
UBFC_PHYS_s15_T1_test,150,187,156.23333333333332,1.1558622121810913,-0.2234522962007468
UBFC_PHYS_s15_T1_test,150,188,156.26666666666668,1.290578007698059,-0.49651364282792515
UBFC_PHYS_s15_T1_test,150,189,156.3,1.2428210973739624,-0.7896606778342279
UBFC_PHYS_s15_T1_test,150,190,156.33333333333334,1.1464768648147583,-1.0808560303924504
UBFC_PHYS_s15_T1_test,150,191,156.36666666666667,1.141069769859314,-1.327682912032119
UBFC_PHYS_s15_T1_test,150,192,156.4,1.201108694076538,-1.4769328450769423
UBFC_PHYS_s15_T1_test,150,193,156.43333333333334,1.2108608484268188,-1.4786454624656158
UBFC_PHYS_s15_T1_test,150,194,156.46666666666667,1.121140480041504,-1.3018276976871155
UBFC_PHYS_s15_T1_test,150,195,156.5,0.9344385266304016,-0.9478184842032494
UBFC_PHYS_s15_T1_test,150,196,156.53333333333333,0.6193355917930603,-0.4564514905628776
UBFC_PHYS_s15_T1_test,150,197,156.56666666666666,0.1470770239830017,0.09878121407106372
UBFC_PHYS_s15_T1_test,150,198,156.6,-0.4161764979362488,0.6268873040631769
UBFC_PHYS_s15_T1_test,150,199,156.63333333333333,-0.9117051959037781,1.0424631274608003
UBFC_PHYS_s15_T1_test,150,200,156.66666666666666,-1.2608733177185059,1.2877242349441491
UBFC_PHYS_s15_T1_test,150,201,156.7,-1.5531309843063354,1.3454640277267618
UBFC_PHYS_s15_T1_test,150,202,156.73333333333332,-1.905331015586853,1.2389919274100587
UBFC_PHYS_s15_T1_test,150,203,156.76666666666668,-2.257511615753174,1.0204044507643883
UBFC_PHYS_s15_T1_test,150,204,156.8,-2.3322272300720215,0.7519681876526227
UBFC_PHYS_s15_T1_test,150,205,156.83333333333334,-1.9352248907089233,0.48666501122652306
UBFC_PHYS_s15_T1_test,150,206,156.86666666666667,-1.2586525678634644,0.25392710942419155
UBFC_PHYS_s15_T1_test,150,207,156.9,-0.712624728679657,0.0552151017659163
UBFC_PHYS_s15_T1_test,150,208,156.93333333333334,-0.4711558520793915,-0.12895082290986398
UBFC_PHYS_s15_T1_test,150,209,156.96666666666667,-0.42507901787757874,-0.3232212846378966
UBFC_PHYS_s15_T1_test,150,210,157.0,-0.4684329628944397,-0.539692320693717
UBFC_PHYS_s15_T1_test,150,211,157.03333333333333,-0.5429360866546631,-0.7661567096186279
UBFC_PHYS_s15_T1_test,150,212,157.06666666666666,-0.5492701530456543,-0.9652440926565363
UBFC_PHYS_s15_T1_test,150,213,157.1,-0.45528194308280945,-1.0844500247411963
UBFC_PHYS_s15_T1_test,150,214,157.13333333333333,-0.332191526889801,-1.0732874580146967
UBFC_PHYS_s15_T1_test,150,215,157.16666666666666,-0.2216341644525528,-0.9020118861570717
UBFC_PHYS_s15_T1_test,150,216,157.2,-0.12714384496212006,-0.5760882170960777
UBFC_PHYS_s15_T1_test,150,217,157.23333333333332,-0.09730783849954605,-0.14132646829458786
UBFC_PHYS_s15_T1_test,150,218,157.26666666666668,-0.18291495740413666,0.32354969799846245
UBFC_PHYS_s15_T1_test,150,219,157.3,-0.3453811705112457,0.7266274948094424
UBFC_PHYS_s15_T1_test,150,220,157.33333333333334,-0.5058003664016724,0.9895844923528979
UBFC_PHYS_s15_T1_test,150,221,157.36666666666667,-0.6384692192077637,1.072030042562642
UBFC_PHYS_s15_T1_test,150,222,157.4,-0.796629011631012,0.9832087015564013
UBFC_PHYS_s15_T1_test,150,223,157.43333333333334,-1.0521178245544434,0.7754953203427406
UBFC_PHYS_s15_T1_test,150,224,157.46666666666667,-1.3340439796447754,0.5227279383118527
UBFC_PHYS_s15_T1_test,150,225,157.5,-1.3577196598052979,0.2935166516938048
UBFC_PHYS_s15_T1_test,150,226,157.53333333333333,-0.908653974533081,0.13050768536026722
UBFC_PHYS_s15_T1_test,150,227,157.56666666666666,-0.2390723079442978,0.04193198141222765
UBFC_PHYS_s15_T1_test,150,228,157.6,0.23482771217823029,0.0055585585300764765
UBFC_PHYS_s15_T1_test,150,229,157.63333333333333,0.39254331588745117,-0.01886901454312579
UBFC_PHYS_s15_T1_test,150,230,157.66666666666666,0.3682303726673126,-0.07323182763915351
UBFC_PHYS_s15_T1_test,150,231,157.7,0.23407456278800964,-0.1846782376918279
UBFC_PHYS_s15_T1_test,150,232,157.73333333333332,0.02080024965107441,-0.35385650330841734
UBFC_PHYS_s15_T1_test,150,233,157.76666666666668,-0.13753333687782288,-0.5522908595131292
UBFC_PHYS_s15_T1_test,150,234,157.8,-0.130851611495018,-0.730765381192817
UBFC_PHYS_s15_T1_test,150,235,157.83333333333334,-0.019541116431355476,-0.8359947143546134
UBFC_PHYS_s15_T1_test,150,236,157.86666666666667,0.0758761614561081,-0.8289928542244867
UBFC_PHYS_s15_T1_test,150,237,157.9,0.06427004933357239,-0.6979211915319443
UBFC_PHYS_s15_T1_test,150,238,157.93333333333334,-0.10918430238962173,-0.46141212667535214
UBFC_PHYS_s15_T1_test,150,239,157.96666666666667,-0.4068298041820526,-0.162946531417246
UBFC_PHYS_s15_T1_test,151,0,151.0,0.3661061227321625,0.019374418460525827
UBFC_PHYS_s15_T1_test,151,1,151.03333333333333,0.21115201711654663,0.5387801274023724
UBFC_PHYS_s15_T1_test,151,2,151.06666666666666,-0.07036853581666946,0.9691603763989127
UBFC_PHYS_s15_T1_test,151,3,151.1,-0.3537815809249878,1.2488015423253747
UBFC_PHYS_s15_T1_test,151,4,151.13333333333333,-0.5575160980224609,1.3578766796592914
UBFC_PHYS_s15_T1_test,151,5,151.16666666666666,-0.7641859650611877,1.3205706874767218
UBFC_PHYS_s15_T1_test,151,6,151.2,-1.0985230207443237,1.1910511009311469
UBFC_PHYS_s15_T1_test,151,7,151.23333333333332,-1.5023036003112793,1.0294183203852811
UBFC_PHYS_s15_T1_test,151,8,151.26666666666668,-1.6675891876220703,0.8780292879060538
UBFC_PHYS_s15_T1_test,151,9,151.3,-1.3081860542297363,0.7477712622034228
UBFC_PHYS_s15_T1_test,151,10,151.33333333333334,-0.5487681031227112,0.6191140823576703
UBFC_PHYS_s15_T1_test,151,11,151.36666666666667,0.17187277972698212,0.45638106517859167
UBFC_PHYS_s15_T1_test,151,12,151.4,0.5465125441551208,0.22834177229840255
UBFC_PHYS_s15_T1_test,151,13,151.43333333333334,0.5847489833831787,-0.07372725345353269
UBFC_PHYS_s15_T1_test,151,14,151.46666666666667,0.4189226031303406,-0.42728098698697964
UBFC_PHYS_s15_T1_test,151,15,151.5,0.1954905241727829,-0.7814804034964944
UBFC_PHYS_s15_T1_test,151,16,151.53333333333333,0.07954531162977219,-1.0702066668614916
UBFC_PHYS_s15_T1_test,151,17,151.56666666666666,0.12280268967151642,-1.2306663171943728
UBFC_PHYS_s15_T1_test,151,18,151.6,0.23233655095100403,-1.22193063347003
UBFC_PHYS_s15_T1_test,151,19,151.63333333333333,0.3123047649860382,-1.0378614988609272
UBFC_PHYS_s15_T1_test,151,20,151.66666666666666,0.31686222553253174,-0.7102053049730342
UBFC_PHYS_s15_T1_test,151,21,151.7,0.19774995744228363,-0.30050583671973646
UBFC_PHYS_s15_T1_test,151,22,151.73333333333332,-0.04138222709298134,0.11650893686695207
UBFC_PHYS_s15_T1_test,151,23,151.76666666666668,-0.27327266335487366,0.4723421814273213
UBFC_PHYS_s15_T1_test,151,24,151.8,-0.364615261554718,0.7208086852476981
UBFC_PHYS_s15_T1_test,151,25,151.83333333333334,-0.34821993112564087,0.8463225079056108
UBFC_PHYS_s15_T1_test,151,26,151.86666666666667,-0.4007660448551178,0.8623966645490118
UBFC_PHYS_s15_T1_test,151,27,151.9,-0.5923537611961365,0.8012443564230181
UBFC_PHYS_s15_T1_test,151,28,151.93333333333334,-0.6524119973182678,0.6983843532050467
UBFC_PHYS_s15_T1_test,151,29,151.96666666666667,-0.2390143722295761,0.5781025985406663
UBFC_PHYS_s15_T1_test,151,30,152.0,0.5517845749855042,0.44536750050060614
UBFC_PHYS_s15_T1_test,151,31,152.03333333333333,1.2650871276855469,0.28730017094655336
UBFC_PHYS_s15_T1_test,151,32,152.06666666666666,1.6440719366073608,0.08349060973374559
UBFC_PHYS_s15_T1_test,151,33,152.1,1.7155624628067017,-0.17917245271622925
UBFC_PHYS_s15_T1_test,151,34,152.13333333333333,1.5737593173980713,-0.49342449934991717
UBFC_PHYS_s15_T1_test,151,35,152.16666666666666,1.3482803106307983,-0.825904699995022
UBFC_PHYS_s15_T1_test,151,36,152.2,1.19670569896698,-1.1213800905673974
UBFC_PHYS_s15_T1_test,151,37,152.23333333333332,1.182029128074646,-1.3157739383955993
UBFC_PHYS_s15_T1_test,151,38,152.26666666666668,1.2245912551879883,-1.3540738932127232
UBFC_PHYS_s15_T1_test,151,39,152.3,1.2104939222335815,-1.207730688164056
UBFC_PHYS_s15_T1_test,151,40,152.33333333333334,1.075024962425232,-0.8859262869276672
UBFC_PHYS_s15_T1_test,151,41,152.36666666666667,0.7930409908294678,-0.43645649834519024
UBFC_PHYS_s15_T1_test,151,42,152.4,0.42062199115753174,0.06493452526232654
UBFC_PHYS_s15_T1_test,151,43,152.43333333333334,0.08891130983829498,0.5339752990788346
UBFC_PHYS_s15_T1_test,151,44,152.46666666666667,-0.1343855857849121,0.8998849518633577
UBFC_PHYS_s15_T1_test,151,45,152.5,-0.31403887271881104,1.1224720230944745
UBFC_PHYS_s15_T1_test,151,46,152.53333333333333,-0.5631549954414368,1.198293296237654
UBFC_PHYS_s15_T1_test,151,47,152.56666666666666,-0.8539257049560547,1.1539939982921097
UBFC_PHYS_s15_T1_test,151,48,152.6,-0.9155095219612122,1.0302529728091245
UBFC_PHYS_s15_T1_test,151,49,152.63333333333333,-0.5031933188438416,0.8635968493743057
UBFC_PHYS_s15_T1_test,151,50,152.66666666666666,0.19085581600666046,0.6736806558769237
UBFC_PHYS_s15_T1_test,151,51,152.7,0.7012542486190796,0.46056304817359217
UBFC_PHYS_s15_T1_test,151,52,152.73333333333332,0.8534854054450989,0.21181301351588946
UBFC_PHYS_s15_T1_test,151,53,152.76666666666668,0.8078913688659668,-0.08454637308575974
UBFC_PHYS_s15_T1_test,151,54,152.8,0.6710706353187561,-0.42663356224106636
UBFC_PHYS_s15_T1_test,151,55,152.83333333333334,0.4740564525127411,-0.7896658402837868
UBFC_PHYS_s15_T1_test,151,56,152.86666666666667,0.3442070782184601,-1.1247582788943806
UBFC_PHYS_s15_T1_test,151,57,152.9,0.351506769657135,-1.3671166376897639
UBFC_PHYS_s15_T1_test,151,58,152.93333333333334,0.39571037888526917,-1.4524827071596789
UBFC_PHYS_s15_T1_test,151,59,152.96666666666667,0.39505380392074585,-1.3375064139293265
UBFC_PHYS_s15_T1_test,151,60,153.0,0.3721891939640045,-1.0171219090131494
UBFC_PHYS_s15_T1_test,151,61,153.03333333333333,0.29303205013275146,-0.5318368216977963
UBFC_PHYS_s15_T1_test,151,62,153.06666666666666,0.07471747696399689,0.03894297337348562
UBFC_PHYS_s15_T1_test,151,63,153.1,-0.22464673221111298,0.5962413037841153
UBFC_PHYS_s15_T1_test,151,64,153.13333333333333,-0.4620988368988037,1.0474265855153266
UBFC_PHYS_s15_T1_test,151,65,153.16666666666666,-0.6410762071609497,1.3300851455713785
UBFC_PHYS_s15_T1_test,151,66,153.2,-0.9133659601211548,1.4257302308798858
UBFC_PHYS_s15_T1_test,151,67,153.23333333333332,-1.3231523036956787,1.358783126537669
UBFC_PHYS_s15_T1_test,151,68,153.26666666666668,-1.6128029823303223,1.1817634470454936
UBFC_PHYS_s15_T1_test,151,69,153.3,-1.4055731296539307,0.9528805848477229
UBFC_PHYS_s15_T1_test,151,70,153.33333333333334,-0.7019069194793701,0.7149713809031418
UBFC_PHYS_s15_T1_test,151,71,153.36666666666667,0.06623980402946472,0.48372729682168936
UBFC_PHYS_s15_T1_test,151,72,153.4,0.5371851921081543,0.24879449211333715
UBFC_PHYS_s15_T1_test,151,73,153.43333333333334,0.7325965166091919,-0.014139069222523979
UBFC_PHYS_s15_T1_test,151,74,153.46666666666667,0.774482786655426,-0.3261235307930602
UBFC_PHYS_s15_T1_test,151,75,153.5,0.6830050349235535,-0.68949230981784
UBFC_PHYS_s15_T1_test,151,76,153.53333333333333,0.549235463142395,-1.0793459093922562
UBFC_PHYS_s15_T1_test,151,77,153.56666666666666,0.5100334286689758,-1.4442691028400727
UBFC_PHYS_s15_T1_test,151,78,153.6,0.5122156143188477,-1.716078761900341
UBFC_PHYS_s15_T1_test,151,79,153.63333333333333,0.42956313490867615,-1.826384445000674
UBFC_PHYS_s15_T1_test,151,80,153.66666666666666,0.29735779762268066,-1.7258889267530435
UBFC_PHYS_s15_T1_test,151,81,153.7,0.19317317008972168,-1.4010998394343557
UBFC_PHYS_s15_T1_test,151,82,153.73333333333332,0.04254480451345444,-0.8831589889254003
UBFC_PHYS_s15_T1_test,151,83,153.76666666666668,-0.2170960158109665,-0.24504413454607085
UBFC_PHYS_s15_T1_test,151,84,153.8,-0.4578310251235962,0.41362644416681543
UBFC_PHYS_s15_T1_test,151,85,153.83333333333334,-0.5874872803688049,0.9908015090129073
UBFC_PHYS_s15_T1_test,151,86,153.86666666666667,-0.7026407718658447,1.407687597679442
UBFC_PHYS_s15_T1_test,151,87,153.9,-0.9237940907478333,1.626797078683174
UBFC_PHYS_s15_T1_test,151,88,153.93333333333334,-1.2369658946990967,1.6558783974650553
UBFC_PHYS_s15_T1_test,151,89,153.96666666666667,-1.4369733333587646,1.5369777444733266
UBFC_PHYS_s15_T1_test,151,90,154.0,-1.2079602479934692,1.3258630826036022
UBFC_PHYS_s15_T1_test,151,91,154.03333333333333,-0.48281988501548767,1.0705758255262876
UBFC_PHYS_s15_T1_test,151,92,154.06666666666666,0.3179822862148285,0.7974702103791744
UBFC_PHYS_s15_T1_test,151,93,154.1,0.7787119746208191,0.5092104066430635
UBFC_PHYS_s15_T1_test,151,94,154.13333333333333,0.8443704843521118,0.19379737728150848
UBFC_PHYS_s15_T1_test,151,95,154.16666666666666,0.6666869521141052,-0.16054236477931277
UBFC_PHYS_s15_T1_test,151,96,154.2,0.36801794171333313,-0.5510865778729515
UBFC_PHYS_s15_T1_test,151,97,154.23333333333332,0.06602738052606583,-0.9521929219751282
UBFC_PHYS_s15_T1_test,151,98,154.26666666666668,-0.0865321159362793,-1.315496419636797
UBFC_PHYS_s15_T1_test,151,99,154.3,-0.04481964558362961,-1.5788671952896174
UBFC_PHYS_s15_T1_test,151,100,154.33333333333334,0.06436660885810852,-1.6819234157287222
UBFC_PHYS_s15_T1_test,151,101,154.36666666666667,0.10841574519872665,-1.5839332317967245
UBFC_PHYS_s15_T1_test,151,102,154.4,0.056564830243587494,-1.27864190568142
UBFC_PHYS_s15_T1_test,151,103,154.43333333333334,-0.06704698503017426,-0.8008314376707151
UBFC_PHYS_s15_T1_test,151,104,154.46666666666667,-0.21974165737628937,-0.22173753855937925
UBFC_PHYS_s15_T1_test,151,105,154.5,-0.32794302701950073,0.3661513345131837
UBFC_PHYS_s15_T1_test,151,106,154.53333333333333,-0.3548630177974701,0.8711796998024384
UBFC_PHYS_s15_T1_test,151,107,154.56666666666666,-0.40024465322494507,1.2251575999946995
UBFC_PHYS_s15_T1_test,151,108,154.6,-0.5979733467102051,1.3988533173645241
UBFC_PHYS_s15_T1_test,151,109,154.63333333333333,-0.9023971557617188,1.4043513587637815
UBFC_PHYS_s15_T1_test,151,110,154.66666666666666,-1.0080879926681519,1.2835482454480662
UBFC_PHYS_s15_T1_test,151,111,154.7,-0.615527331829071,1.0881166523377659
UBFC_PHYS_s15_T1_test,151,112,154.73333333333332,0.1821657121181488,0.8595841703636866
UBFC_PHYS_s15_T1_test,151,113,154.76666666666668,0.9600839614868164,0.6173491747159794
UBFC_PHYS_s15_T1_test,151,114,154.8,1.4410133361816406,0.3583181240231795
UBFC_PHYS_s15_T1_test,151,115,154.83333333333334,1.6224045753479004,0.06681997558383984
UBFC_PHYS_s15_T1_test,151,116,154.86666666666667,1.4944477081298828,-0.27008794590354646
UBFC_PHYS_s15_T1_test,151,117,154.9,1.0555205345153809,-0.6480407935067116
UBFC_PHYS_s15_T1_test,151,118,154.93333333333334,0.46992382407188416,-1.0368727279276815
UBFC_PHYS_s15_T1_test,151,119,154.96666666666667,-0.05053579807281494,-1.3815124533052128
UBFC_PHYS_s15_T1_test,151,120,155.0,-0.4414936602115631,-1.6128642719052184
UBFC_PHYS_s15_T1_test,151,121,155.03333333333333,-0.7065223455429077,-1.6662660631533674
UBFC_PHYS_s15_T1_test,151,122,155.06666666666666,-0.7839414477348328,-1.5023072947264982
UBFC_PHYS_s15_T1_test,151,123,155.1,-0.661874532699585,-1.123207755855168
UBFC_PHYS_s15_T1_test,151,124,155.13333333333333,-0.45997458696365356,-0.578529343535526
UBFC_PHYS_s15_T1_test,151,125,155.16666666666666,-0.2284896969795227,0.043188138261286806
UBFC_PHYS_s15_T1_test,151,126,155.2,0.11345600336790085,0.6358211014738651
UBFC_PHYS_s15_T1_test,151,127,155.23333333333332,0.5275488495826721,1.104019413703406
UBFC_PHYS_s15_T1_test,151,128,155.26666666666668,0.7771477699279785,1.3886824444452859
UBFC_PHYS_s15_T1_test,151,129,155.3,0.6916372179985046,1.4796602080060006
UBFC_PHYS_s15_T1_test,151,130,155.33333333333334,0.36291974782943726,1.410626840704703
UBFC_PHYS_s15_T1_test,151,131,155.36666666666667,0.10115469247102737,1.2389139853275102
UBFC_PHYS_s15_T1_test,151,132,155.4,0.2368554025888443,1.020012042703429
UBFC_PHYS_s15_T1_test,151,133,155.43333333333334,0.7576239705085754,0.7882661078820434
UBFC_PHYS_s15_T1_test,151,134,155.46666666666667,1.2685245275497437,0.5507228472555706
UBFC_PHYS_s15_T1_test,151,135,155.5,1.4654035568237305,0.2939235722472698
UBFC_PHYS_s15_T1_test,151,136,155.53333333333333,1.3961337804794312,-0.0015548563663501927
UBFC_PHYS_s15_T1_test,151,137,155.56666666666666,1.2146072387695312,-0.3454545349708009
UBFC_PHYS_s15_T1_test,151,138,155.6,1.0047703981399536,-0.7265805632852679
UBFC_PHYS_s15_T1_test,151,139,155.63333333333333,0.8784356713294983,-1.1090867081556421
UBFC_PHYS_s15_T1_test,151,140,155.66666666666666,0.9019954800605774,-1.4370670645791348
UBFC_PHYS_s15_T1_test,151,141,155.7,0.9937629103660583,-1.6462621967886841
UBFC_PHYS_s15_T1_test,151,142,155.73333333333332,1.0262060165405273,-1.6801549061148116
UBFC_PHYS_s15_T1_test,151,143,155.76666666666668,0.9666884541511536,-1.506524441086289
UBFC_PHYS_s15_T1_test,151,144,155.8,0.8576180338859558,-1.1298252059937264
UBFC_PHYS_s15_T1_test,151,145,155.83333333333334,0.7062751650810242,-0.5951713478564752
UBFC_PHYS_s15_T1_test,151,146,155.86666666666667,0.47957947850227356,0.01835430341020509
UBFC_PHYS_s15_T1_test,151,147,155.9,0.17283834517002106,0.6143727006460129
UBFC_PHYS_s15_T1_test,151,148,155.93333333333334,-0.15927788615226746,1.1020255547854287
UBFC_PHYS_s15_T1_test,151,149,155.96666666666667,-0.4521535038948059,1.4184640814678537
UBFC_PHYS_s15_T1_test,151,150,156.0,-0.7210251092910767,1.5433450688368424
UBFC_PHYS_s15_T1_test,151,151,156.03333333333333,-1.0506502389907837,1.4993721924347039
UBFC_PHYS_s15_T1_test,151,152,156.06666666666666,-1.3358012437820435,1.337992766485039
UBFC_PHYS_s15_T1_test,151,153,156.1,-1.2421993017196655,1.1159969330086996
UBFC_PHYS_s15_T1_test,151,154,156.13333333333333,-0.6348193883895874,0.8735761734089426
UBFC_PHYS_s15_T1_test,151,155,156.16666666666666,0.1713513731956482,0.623773705231824
UBFC_PHYS_s15_T1_test,151,156,156.2,0.797946035861969,0.3566685823462525
UBFC_PHYS_s15_T1_test,151,157,156.23333333333332,1.1558622121810913,0.05389180303682317
UBFC_PHYS_s15_T1_test,151,158,156.26666666666668,1.290578007698059,-0.29460473916442265
UBFC_PHYS_s15_T1_test,151,159,156.3,1.2428210973739624,-0.6786128851444513
UBFC_PHYS_s15_T1_test,151,160,156.33333333333334,1.1464768648147583,-1.0642218719145877
UBFC_PHYS_s15_T1_test,151,161,156.36666666666667,1.141069769859314,-1.398951867640886
UBFC_PHYS_s15_T1_test,151,162,156.4,1.201108694076538,-1.6232503175878172
UBFC_PHYS_s15_T1_test,151,163,156.43333333333334,1.2108608484268188,-1.6850884317870185
UBFC_PHYS_s15_T1_test,151,164,156.46666666666667,1.121140480041504,-1.554043262159934
UBFC_PHYS_s15_T1_test,151,165,156.5,0.9344385266304016,-1.2314238364475993
UBFC_PHYS_s15_T1_test,151,166,156.53333333333333,0.6193355917930603,-0.7537452261578229
UBFC_PHYS_s15_T1_test,151,167,156.56666666666666,0.1470770239830017,-0.18806480331099798
UBFC_PHYS_s15_T1_test,151,168,156.6,-0.4161764979362488,0.3806913039268577
UBFC_PHYS_s15_T1_test,151,169,156.63333333333333,-0.9117051959037781,0.8681675170760269
UBFC_PHYS_s15_T1_test,151,170,156.66666666666666,-1.2608733177185059,1.2102033962229477
UBFC_PHYS_s15_T1_test,151,171,156.7,-1.5531309843063354,1.377557945550892
UBFC_PHYS_s15_T1_test,151,172,156.73333333333332,-1.905331015586853,1.3802081873693828
UBFC_PHYS_s15_T1_test,151,173,156.76666666666668,-2.257511615753174,1.2589434527377452
UBFC_PHYS_s15_T1_test,151,174,156.8,-2.3322272300720215,1.0671282134937925
UBFC_PHYS_s15_T1_test,151,175,156.83333333333334,-1.9352248907089233,0.8500243825083925
UBFC_PHYS_s15_T1_test,151,176,156.86666666666667,-1.2586525678634644,0.6303469682757655
UBFC_PHYS_s15_T1_test,151,177,156.9,-0.712624728679657,0.40591331173412737
UBFC_PHYS_s15_T1_test,151,178,156.93333333333334,-0.4711558520793915,0.15953866483265675
UBFC_PHYS_s15_T1_test,151,179,156.96666666666667,-0.42507901787757874,-0.1243099091935313
UBFC_PHYS_s15_T1_test,151,180,157.0,-0.4684329628944397,-0.4442515848010313
UBFC_PHYS_s15_T1_test,151,181,157.03333333333333,-0.5429360866546631,-0.7748784828752223
UBFC_PHYS_s15_T1_test,151,182,157.06666666666666,-0.5492701530456543,-1.0701588372944704
UBFC_PHYS_s15_T1_test,151,183,157.1,-0.45528194308280945,-1.275164182488275
UBFC_PHYS_s15_T1_test,151,184,157.13333333333333,-0.332191526889801,-1.3415499693974415
UBFC_PHYS_s15_T1_test,151,185,157.16666666666666,-0.2216341644525528,-1.241949979286351
UBFC_PHYS_s15_T1_test,151,186,157.2,-0.12714384496212006,-0.9792446010149314
UBFC_PHYS_s15_T1_test,151,187,157.23333333333332,-0.09730783849954605,-0.5882557274628102
UBFC_PHYS_s15_T1_test,151,188,157.26666666666668,-0.18291495740413666,-0.12960841887545987
UBFC_PHYS_s15_T1_test,151,189,157.3,-0.3453811705112457,0.3226697751886308
UBFC_PHYS_s15_T1_test,151,190,157.33333333333334,-0.5058003664016724,0.6973204201022155
UBFC_PHYS_s15_T1_test,151,191,157.36666666666667,-0.6384692192077637,0.9424753376291157
UBFC_PHYS_s15_T1_test,151,192,157.4,-0.796629011631012,1.0381715271951182
UBFC_PHYS_s15_T1_test,151,193,157.43333333333334,-1.0521178245544434,0.9998977530611828
UBFC_PHYS_s15_T1_test,151,194,157.46666666666667,-1.3340439796447754,0.8705014925680069
UBFC_PHYS_s15_T1_test,151,195,157.5,-1.3577196598052979,0.7024433907330336
UBFC_PHYS_s15_T1_test,151,196,157.53333333333333,-0.908653974533081,0.5374778587328579
UBFC_PHYS_s15_T1_test,151,197,157.56666666666666,-0.2390723079442978,0.3927132352595952
UBFC_PHYS_s15_T1_test,151,198,157.6,0.23482771217823029,0.2587269659153768
UBFC_PHYS_s15_T1_test,151,199,157.63333333333333,0.39254331588745117,0.10954420975523037
UBFC_PHYS_s15_T1_test,151,200,157.66666666666666,0.3682303726673126,-0.08040092618673067
UBFC_PHYS_s15_T1_test,151,201,157.7,0.23407456278800964,-0.3193835849059745
UBFC_PHYS_s15_T1_test,151,202,157.73333333333332,0.02080024965107441,-0.5884108735402447
UBFC_PHYS_s15_T1_test,151,203,157.76666666666668,-0.13753333687782288,-0.8423400193288375
UBFC_PHYS_s15_T1_test,151,204,157.8,-0.130851611495018,-1.0219156342025006
UBFC_PHYS_s15_T1_test,151,205,157.83333333333334,-0.019541116431355476,-1.0724067612922694
UBFC_PHYS_s15_T1_test,151,206,157.86666666666667,0.0758761614561081,-0.9624357414930798
UBFC_PHYS_s15_T1_test,151,207,157.9,0.06427004933357239,-0.6968817804319213
UBFC_PHYS_s15_T1_test,151,208,157.93333333333334,-0.10918430238962173,-0.3197280128073495
UBFC_PHYS_s15_T1_test,151,209,157.96666666666667,-0.4068298041820526,0.09453824359273348
UBFC_PHYS_s15_T1_test,151,210,158.0,-0.6923478245735168,0.45950007511609714
UBFC_PHYS_s15_T1_test,151,211,158.03333333333333,-0.8930118083953857,0.7009301457241777
UBFC_PHYS_s15_T1_test,151,212,158.06666666666666,-1.0950276851654053,0.7792875000268454
UBFC_PHYS_s15_T1_test,151,213,158.1,-1.3186721801757812,0.7022664916912548
UBFC_PHYS_s15_T1_test,151,214,158.13333333333333,-1.3358978033065796,0.5210954586649691
UBFC_PHYS_s15_T1_test,151,215,158.16666666666666,-0.8922200798988342,0.31021617314282957
UBFC_PHYS_s15_T1_test,151,216,158.2,-0.10518685728311539,0.13801748411630152
UBFC_PHYS_s15_T1_test,151,217,158.23333333333332,0.5862359404563904,0.041370183576878446
UBFC_PHYS_s15_T1_test,151,218,158.26666666666668,0.8880527019500732,0.014915127767465886
UBFC_PHYS_s15_T1_test,151,219,158.3,0.8565173149108887,0.018844180093040723
UBFC_PHYS_s15_T1_test,151,220,158.33333333333334,0.6378164887428284,0.0006269270176155689
UBFC_PHYS_s15_T1_test,151,221,158.36666666666667,0.31636014580726624,-0.0793704763339178
UBFC_PHYS_s15_T1_test,151,222,158.4,-0.017358936369419098,-0.22908705038413835
UBFC_PHYS_s15_T1_test,151,223,158.43333333333334,-0.2465071678161621,-0.4196904499655218
UBFC_PHYS_s15_T1_test,151,224,158.46666666666667,-0.2808040678501129,-0.5950381778615461
UBFC_PHYS_s15_T1_test,151,225,158.5,-0.1358918696641922,-0.6910742729422485
UBFC_PHYS_s15_T1_test,151,226,158.53333333333333,0.024701138958334923,-0.657915991400031
UBFC_PHYS_s15_T1_test,151,227,158.56666666666666,0.01448544580489397,-0.47759504522063756
UBFC_PHYS_s15_T1_test,151,228,158.6,-0.22302459180355072,-0.17238632194543674
UBFC_PHYS_s15_T1_test,151,229,158.63333333333333,-0.6092511415481567,0.19873449176048172
UBFC_PHYS_s15_T1_test,151,230,158.66666666666666,-1.027302861213684,0.5552122645571279
UBFC_PHYS_s15_T1_test,151,231,158.7,-1.4290363788604736,0.8180821906829402
UBFC_PHYS_s15_T1_test,151,232,158.73333333333332,-1.7734153270721436,0.9341824290824496
UBFC_PHYS_s15_T1_test,151,233,158.76666666666668,-1.844191312789917,0.8927124231341637
UBFC_PHYS_s15_T1_test,151,234,158.8,-1.4096864461898804,0.7273914053815752
UBFC_PHYS_s15_T1_test,151,235,158.83333333333334,-0.6083435416221619,0.5027038716787651
UBFC_PHYS_s15_T1_test,151,236,158.86666666666667,0.1718534678220749,0.2891208239465244
UBFC_PHYS_s15_T1_test,151,237,158.9,0.6827153563499451,0.13692901742536057
UBFC_PHYS_s15_T1_test,151,238,158.93333333333334,0.9345157742500305,0.0591082006742806
UBFC_PHYS_s15_T1_test,151,239,158.96666666666667,1.0530873537063599,0.03001368689972635
UBFC_PHYS_s15_T1_test,152,0,152.0,0.5517845749855042,-0.115952910078678
UBFC_PHYS_s15_T1_test,152,1,152.03333333333333,1.2650871276855469,0.22626931544220774
UBFC_PHYS_s15_T1_test,152,2,152.06666666666666,1.6440719366073608,0.4529145419171331
UBFC_PHYS_s15_T1_test,152,3,152.1,1.7155624628067017,0.4841932749983253
UBFC_PHYS_s15_T1_test,152,4,152.13333333333333,1.5737593173980713,0.30372925232457
UBFC_PHYS_s15_T1_test,152,5,152.16666666666666,1.3482803106307983,-0.0389438050438175
UBFC_PHYS_s15_T1_test,152,6,152.2,1.19670569896698,-0.44865535289444397
UBFC_PHYS_s15_T1_test,152,7,152.23333333333332,1.182029128074646,-0.8179802241086462
UBFC_PHYS_s15_T1_test,152,8,152.26666666666668,1.2245912551879883,-1.0597496054953923
UBFC_PHYS_s15_T1_test,152,9,152.3,1.2104939222335815,-1.127609450523609
UBFC_PHYS_s15_T1_test,152,10,152.33333333333334,1.075024962425232,-1.02081680224355
UBFC_PHYS_s15_T1_test,152,11,152.36666666666667,0.7930409908294678,-0.7761655113238543
UBFC_PHYS_s15_T1_test,152,12,152.4,0.42062199115753174,-0.45258449095825076
UBFC_PHYS_s15_T1_test,152,13,152.43333333333334,0.08891130983829498,-0.11336409624328242
UBFC_PHYS_s15_T1_test,152,14,152.46666666666667,-0.1343855857849121,0.19019404152984967
UBFC_PHYS_s15_T1_test,152,15,152.5,-0.31403887271881104,0.43017663311931825
UBFC_PHYS_s15_T1_test,152,16,152.53333333333333,-0.5631549954414368,0.6048579150693334
UBFC_PHYS_s15_T1_test,152,17,152.56666666666666,-0.8539257049560547,0.7309951272128893
UBFC_PHYS_s15_T1_test,152,18,152.6,-0.9155095219612122,0.8283444297442812
UBFC_PHYS_s15_T1_test,152,19,152.63333333333333,-0.5031933188438416,0.9038340582278338
UBFC_PHYS_s15_T1_test,152,20,152.66666666666666,0.19085581600666046,0.9438335447892493
UBFC_PHYS_s15_T1_test,152,21,152.7,0.7012542486190796,0.918793759698077
UBFC_PHYS_s15_T1_test,152,22,152.73333333333332,0.8534854054450989,0.7972984169760415
UBFC_PHYS_s15_T1_test,152,23,152.76666666666668,0.8078913688659668,0.5618109290360828
UBFC_PHYS_s15_T1_test,152,24,152.8,0.6710706353187561,0.21961265663262214
UBFC_PHYS_s15_T1_test,152,25,152.83333333333334,0.4740564525127411,-0.19364085593654648
UBFC_PHYS_s15_T1_test,152,26,152.86666666666667,0.3442070782184601,-0.6180885111730267
UBFC_PHYS_s15_T1_test,152,27,152.9,0.351506769657135,-0.9810734036895703
UBFC_PHYS_s15_T1_test,152,28,152.93333333333334,0.39571037888526917,-1.213840752135614
UBFC_PHYS_s15_T1_test,152,29,152.96666666666667,0.39505380392074585,-1.269411250398945
UBFC_PHYS_s15_T1_test,152,30,153.0,0.3721891939640045,-1.1360127399641835
UBFC_PHYS_s15_T1_test,152,31,153.03333333333333,0.29303205013275146,-0.8410610202208337
UBFC_PHYS_s15_T1_test,152,32,153.06666666666666,0.07471747696399689,-0.4438072474182525
UBFC_PHYS_s15_T1_test,152,33,153.1,-0.22464673221111298,-0.018920901026941227
UBFC_PHYS_s15_T1_test,152,34,153.13333333333333,-0.4620988368988037,0.363585153611497
UBFC_PHYS_s15_T1_test,152,35,153.16666666666666,-0.6410762071609497,0.6556117349021988
UBFC_PHYS_s15_T1_test,152,36,153.2,-0.9133659601211548,0.840033944003329
UBFC_PHYS_s15_T1_test,152,37,153.23333333333332,-1.3231523036956787,0.9288871983599575
UBFC_PHYS_s15_T1_test,152,38,153.26666666666668,-1.6128029823303223,0.9514948385889613
UBFC_PHYS_s15_T1_test,152,39,153.3,-1.4055731296539307,0.9369381534277272
UBFC_PHYS_s15_T1_test,152,40,153.33333333333334,-0.7019069194793701,0.8979437254805351
UBFC_PHYS_s15_T1_test,152,41,153.36666666666667,0.06623980402946472,0.82347516825666
UBFC_PHYS_s15_T1_test,152,42,153.4,0.5371851921081543,0.6841183189380378
UBFC_PHYS_s15_T1_test,152,43,153.43333333333334,0.7325965166091919,0.44851624751880864
UBFC_PHYS_s15_T1_test,152,44,153.46666666666667,0.774482786655426,0.10325742130966664
UBFC_PHYS_s15_T1_test,152,45,153.5,0.6830050349235535,-0.3333689805906186
UBFC_PHYS_s15_T1_test,152,46,153.53333333333333,0.549235463142395,-0.8097200572884339
UBFC_PHYS_s15_T1_test,152,47,153.56666666666666,0.5100334286689758,-1.251105039536561
UBFC_PHYS_s15_T1_test,152,48,153.6,0.5122156143188477,-1.5775334660946747
UBFC_PHYS_s15_T1_test,152,49,153.63333333333333,0.42956313490867615,-1.7230814735374254
UBFC_PHYS_s15_T1_test,152,50,153.66666666666666,0.29735779762268066,-1.6519350874682077
UBFC_PHYS_s15_T1_test,152,51,153.7,0.19317317008972168,-1.367706901731452
UBFC_PHYS_s15_T1_test,152,52,153.73333333333332,0.04254480451345444,-0.9138499821128407
UBFC_PHYS_s15_T1_test,152,53,153.76666666666668,-0.2170960158109665,-0.36435473412026453
UBFC_PHYS_s15_T1_test,152,54,153.8,-0.4578310251235962,0.19381098632036275
UBFC_PHYS_s15_T1_test,152,55,153.83333333333334,-0.5874872803688049,0.6820368052515252
UBFC_PHYS_s15_T1_test,152,56,153.86666666666667,-0.7026407718658447,1.0482329733119975
UBFC_PHYS_s15_T1_test,152,57,153.9,-0.9237940907478333,1.2750657994474643
UBFC_PHYS_s15_T1_test,152,58,153.93333333333334,-1.2369658946990967,1.3753486649567683
UBFC_PHYS_s15_T1_test,152,59,153.96666666666667,-1.4369733333587646,1.377418599075144
UBFC_PHYS_s15_T1_test,152,60,154.0,-1.2079602479934692,1.3078454147633662
UBFC_PHYS_s15_T1_test,152,61,154.03333333333333,-0.48281988501548767,1.1794396628110781
UBFC_PHYS_s15_T1_test,152,62,154.06666666666666,0.3179822862148285,0.9888966104591652
UBFC_PHYS_s15_T1_test,152,63,154.1,0.7787119746208191,0.7235586313316811
UBFC_PHYS_s15_T1_test,152,64,154.13333333333333,0.8443704843521118,0.3737607076350311
UBFC_PHYS_s15_T1_test,152,65,154.16666666666666,0.6666869521141052,-0.054060302341129865
UBFC_PHYS_s15_T1_test,152,66,154.2,0.36801794171333313,-0.5287996745779376
UBFC_PHYS_s15_T1_test,152,67,154.23333333333332,0.06602738052606583,-0.9948518982903877
UBFC_PHYS_s15_T1_test,152,68,154.26666666666668,-0.0865321159362793,-1.3818844419199832
UBFC_PHYS_s15_T1_test,152,69,154.3,-0.04481964558362961,-1.6212344913873264
UBFC_PHYS_s15_T1_test,152,70,154.33333333333334,0.06436660885810852,-1.6636657135410864
UBFC_PHYS_s15_T1_test,152,71,154.36666666666667,0.10841574519872665,-1.4931256064201437
UBFC_PHYS_s15_T1_test,152,72,154.4,0.056564830243587494,-1.1326759408222902
UBFC_PHYS_s15_T1_test,152,73,154.43333333333334,-0.06704698503017426,-0.6409344638332078
UBFC_PHYS_s15_T1_test,152,74,154.46666666666667,-0.21974165737628937,-0.09945304252702727
UBFC_PHYS_s15_T1_test,152,75,154.5,-0.32794302701950073,0.4064760032058648
UBFC_PHYS_s15_T1_test,152,76,154.53333333333333,-0.3548630177974701,0.8088589864130259
UBFC_PHYS_s15_T1_test,152,77,154.56666666666666,-0.40024465322494507,1.0731418894459124
UBFC_PHYS_s15_T1_test,152,78,154.6,-0.5979733467102051,1.2024317254664043
UBFC_PHYS_s15_T1_test,152,79,154.63333333333333,-0.9023971557617188,1.226806539919378
UBFC_PHYS_s15_T1_test,152,80,154.66666666666666,-1.0080879926681519,1.1827552258714404
UBFC_PHYS_s15_T1_test,152,81,154.7,-0.615527331829071,1.0937680753224555
UBFC_PHYS_s15_T1_test,152,82,154.73333333333332,0.1821657121181488,0.9617011790645442
UBFC_PHYS_s15_T1_test,152,83,154.76666666666668,0.9600839614868164,0.7714991619618612
UBFC_PHYS_s15_T1_test,152,84,154.8,1.4410133361816406,0.5046046673465092
UBFC_PHYS_s15_T1_test,152,85,154.83333333333334,1.6224045753479004,0.15331696183104626
UBFC_PHYS_s15_T1_test,152,86,154.86666666666667,1.4944477081298828,-0.26952287392405266
UBFC_PHYS_s15_T1_test,152,87,154.9,1.0555205345153809,-0.7273136635970974
UBFC_PHYS_s15_T1_test,152,88,154.93333333333334,0.46992382407188416,-1.1628473343371597
UBFC_PHYS_s15_T1_test,152,89,154.96666666666667,-0.05053579807281494,-1.5074632912220611
UBFC_PHYS_s15_T1_test,152,90,155.0,-0.4414936602115631,-1.695186096964406
UBFC_PHYS_s15_T1_test,152,91,155.03333333333333,-0.7065223455429077,-1.6791942180990258
UBFC_PHYS_s15_T1_test,152,92,155.06666666666666,-0.7839414477348328,-1.4461267103976059
UBFC_PHYS_s15_T1_test,152,93,155.1,-0.661874532699585,-1.0232392234510868
UBFC_PHYS_s15_T1_test,152,94,155.13333333333333,-0.45997458696365356,-0.47520219856447143
UBFC_PHYS_s15_T1_test,152,95,155.16666666666666,-0.2284896969795227,0.10952110340276973
UBFC_PHYS_s15_T1_test,152,96,155.2,0.11345600336790085,0.6396635581529826
UBFC_PHYS_s15_T1_test,152,97,155.23333333333332,0.5275488495826721,1.0437771618777494
UBFC_PHYS_s15_T1_test,152,98,155.26666666666668,0.7771477699279785,1.2870154594832064
UBFC_PHYS_s15_T1_test,152,99,155.3,0.6916372179985046,1.3753649494909133
UBFC_PHYS_s15_T1_test,152,100,155.33333333333334,0.36291974782943726,1.3449142940329588
UBFC_PHYS_s15_T1_test,152,101,155.36666666666667,0.10115469247102737,1.240462017712257
UBFC_PHYS_s15_T1_test,152,102,155.4,0.2368554025888443,1.0936704959814276
UBFC_PHYS_s15_T1_test,152,103,155.43333333333334,0.7576239705085754,0.9116718915161962
UBFC_PHYS_s15_T1_test,152,104,155.46666666666667,1.2685245275497437,0.6809163095498175
UBFC_PHYS_s15_T1_test,152,105,155.5,1.4654035568237305,0.38240825984224097
UBFC_PHYS_s15_T1_test,152,106,155.53333333333333,1.3961337804794312,0.00915484432388781
UBFC_PHYS_s15_T1_test,152,107,155.56666666666666,1.2146072387695312,-0.4228049095756489
UBFC_PHYS_s15_T1_test,152,108,155.6,1.0047703981399536,-0.8733119830898763
UBFC_PHYS_s15_T1_test,152,109,155.63333333333333,0.8784356713294983,-1.2851072512106105
UBFC_PHYS_s15_T1_test,152,110,155.66666666666666,0.9019954800605774,-1.595103819707702
UBFC_PHYS_s15_T1_test,152,111,155.7,0.9937629103660583,-1.7469051363512873
UBFC_PHYS_s15_T1_test,152,112,155.73333333333332,1.0262060165405273,-1.7028504351118594
UBFC_PHYS_s15_T1_test,152,113,155.76666666666668,0.9666884541511536,-1.4540002606898865
UBFC_PHYS_s15_T1_test,152,114,155.8,0.8576180338859558,-1.0255166061030094
UBFC_PHYS_s15_T1_test,152,115,155.83333333333334,0.7062751650810242,-0.4746317285827333
UBFC_PHYS_s15_T1_test,152,116,155.86666666666667,0.47957947850227356,0.11973615334278098
UBFC_PHYS_s15_T1_test,152,117,155.9,0.17283834517002106,0.6735808704742066
UBFC_PHYS_s15_T1_test,152,118,155.93333333333334,-0.15927788615226746,1.1160302281101855
UBFC_PHYS_s15_T1_test,152,119,155.96666666666667,-0.4521535038948059,1.4038068852072694
UBFC_PHYS_s15_T1_test,152,120,156.0,-0.7210251092910767,1.52756410650911
UBFC_PHYS_s15_T1_test,152,121,156.03333333333333,-1.0506502389907837,1.5080896796680863
UBFC_PHYS_s15_T1_test,152,122,156.06666666666666,-1.3358012437820435,1.3834601989689523
UBFC_PHYS_s15_T1_test,152,123,156.1,-1.2421993017196655,1.191739197953036
UBFC_PHYS_s15_T1_test,152,124,156.13333333333333,-0.6348193883895874,0.956624525021496
UBFC_PHYS_s15_T1_test,152,125,156.16666666666666,0.1713513731956482,0.68291253991959
UBFC_PHYS_s15_T1_test,152,126,156.2,0.797946035861969,0.36363787233499156
UBFC_PHYS_s15_T1_test,152,127,156.23333333333332,1.1558622121810913,-0.005696926356970734
UBFC_PHYS_s15_T1_test,152,128,156.26666666666668,1.290578007698059,-0.4139918576930526
UBFC_PHYS_s15_T1_test,152,129,156.3,1.2428210973739624,-0.829375405241882
UBFC_PHYS_s15_T1_test,152,130,156.33333333333334,1.1464768648147583,-1.2036433729167557
UBFC_PHYS_s15_T1_test,152,131,156.36666666666667,1.141069769859314,-1.483019351645738
UBFC_PHYS_s15_T1_test,152,132,156.4,1.201108694076538,-1.6205749801377114
UBFC_PHYS_s15_T1_test,152,133,156.43333333333334,1.2108608484268188,-1.586979181321294
UBFC_PHYS_s15_T1_test,152,134,156.46666666666667,1.121140480041504,-1.3777695827736516
UBFC_PHYS_s15_T1_test,152,135,156.5,0.9344385266304016,-1.0160536856758176
UBFC_PHYS_s15_T1_test,152,136,156.53333333333333,0.6193355917930603,-0.5497804942346278
UBFC_PHYS_s15_T1_test,152,137,156.56666666666666,0.1470770239830017,-0.04332755982217243
UBFC_PHYS_s15_T1_test,152,138,156.6,-0.4161764979362488,0.43535309331283134
UBFC_PHYS_s15_T1_test,152,139,156.63333333333333,-0.9117051959037781,0.8289208086801432
UBFC_PHYS_s15_T1_test,152,140,156.66666666666666,-1.2608733177185059,1.101900702457149
UBFC_PHYS_s15_T1_test,152,141,156.7,-1.5531309843063354,1.245173386726219
UBFC_PHYS_s15_T1_test,152,142,156.73333333333332,-1.905331015586853,1.2720964532620582
UBFC_PHYS_s15_T1_test,152,143,156.76666666666668,-2.257511615753174,1.2079579511246759
UBFC_PHYS_s15_T1_test,152,144,156.8,-2.3322272300720215,1.0773827284223965
UBFC_PHYS_s15_T1_test,152,145,156.83333333333334,-1.9352248907089233,0.8951399369106381
UBFC_PHYS_s15_T1_test,152,146,156.86666666666667,-1.2586525678634644,0.6638982727334439
UBFC_PHYS_s15_T1_test,152,147,156.9,-0.712624728679657,0.3792777994309739
UBFC_PHYS_s15_T1_test,152,148,156.93333333333334,-0.4711558520793915,0.039839383832065235
UBFC_PHYS_s15_T1_test,152,149,156.96666666666667,-0.42507901787757874,-0.34217909273413927
UBFC_PHYS_s15_T1_test,152,150,157.0,-0.4684329628944397,-0.7344176018167689
UBFC_PHYS_s15_T1_test,152,151,157.03333333333333,-0.5429360866546631,-1.086139639968649
UBFC_PHYS_s15_T1_test,152,152,157.06666666666666,-0.5492701530456543,-1.3386317805698584
UBFC_PHYS_s15_T1_test,152,153,157.1,-0.45528194308280945,-1.4408005564773356
UBFC_PHYS_s15_T1_test,152,154,157.13333333333333,-0.332191526889801,-1.3643465663782792
UBFC_PHYS_s15_T1_test,152,155,157.16666666666666,-0.2216341644525528,-1.113271510002272
UBFC_PHYS_s15_T1_test,152,156,157.2,-0.12714384496212006,-0.7248154219353798
UBFC_PHYS_s15_T1_test,152,157,157.23333333333332,-0.09730783849954605,-0.2618268390782501
UBFC_PHYS_s15_T1_test,152,158,157.26666666666668,-0.18291495740413666,0.20122542652943004
UBFC_PHYS_s15_T1_test,152,159,157.3,-0.3453811705112457,0.5951880398647897
UBFC_PHYS_s15_T1_test,152,160,157.33333333333334,-0.5058003664016724,0.8721210182235286
UBFC_PHYS_s15_T1_test,152,161,157.36666666666667,-0.6384692192077637,1.0156937213989148
UBFC_PHYS_s15_T1_test,152,162,157.4,-0.796629011631012,1.041694254637046
UBFC_PHYS_s15_T1_test,152,163,157.43333333333334,-1.0521178245544434,0.986951981964678
UBFC_PHYS_s15_T1_test,152,164,157.46666666666667,-1.3340439796447754,0.8906476550030498
UBFC_PHYS_s15_T1_test,152,165,157.5,-1.3577196598052979,0.7767183912199548
UBFC_PHYS_s15_T1_test,152,166,157.53333333333333,-0.908653974533081,0.6457778465953631
UBFC_PHYS_s15_T1_test,152,167,157.56666666666666,-0.2390723079442978,0.47980876174553505
UBFC_PHYS_s15_T1_test,152,168,157.6,0.23482771217823029,0.25617246694228196
UBFC_PHYS_s15_T1_test,152,169,157.63333333333333,0.39254331588745117,-0.036454578598225366
UBFC_PHYS_s15_T1_test,152,170,157.66666666666666,0.3682303726673126,-0.38667687740725115
UBFC_PHYS_s15_T1_test,152,171,157.7,0.23407456278800964,-0.7566828724254958
UBFC_PHYS_s15_T1_test,152,172,157.73333333333332,0.02080024965107441,-1.0870523184458734
UBFC_PHYS_s15_T1_test,152,173,157.76666666666668,-0.13753333687782288,-1.3094469037727525
UBFC_PHYS_s15_T1_test,152,174,157.8,-0.130851611495018,-1.3647731442165225
UBFC_PHYS_s15_T1_test,152,175,157.83333333333334,-0.019541116431355476,-1.2220089519417356
UBFC_PHYS_s15_T1_test,152,176,157.86666666666667,0.0758761614561081,-0.8910600897448603
UBFC_PHYS_s15_T1_test,152,177,157.9,0.06427004933357239,-0.4239789347874879
UBFC_PHYS_s15_T1_test,152,178,157.93333333333334,-0.10918430238962173,0.09666723536592683
UBFC_PHYS_s15_T1_test,152,179,157.96666666666667,-0.4068298041820526,0.5784465807492728
UBFC_PHYS_s15_T1_test,152,180,158.0,-0.6923478245735168,0.9423514679790467
UBFC_PHYS_s15_T1_test,152,181,158.03333333333333,-0.8930118083953857,1.1421251123203096
UBFC_PHYS_s15_T1_test,152,182,158.06666666666666,-1.0950276851654053,1.1738912323886648
UBFC_PHYS_s15_T1_test,152,183,158.1,-1.3186721801757812,1.0724659077617644
UBFC_PHYS_s15_T1_test,152,184,158.13333333333333,-1.3358978033065796,0.8946497847848928
UBFC_PHYS_s15_T1_test,152,185,158.16666666666666,-0.8922200798988342,0.6950965454144734
UBFC_PHYS_s15_T1_test,152,186,158.2,-0.10518685728311539,0.5049010229091572
UBFC_PHYS_s15_T1_test,152,187,158.23333333333332,0.5862359404563904,0.3230574561968626
UBFC_PHYS_s15_T1_test,152,188,158.26666666666668,0.8880527019500732,0.12474463738336308
UBFC_PHYS_s15_T1_test,152,189,158.3,0.8565173149108887,-0.11835289790822197
UBFC_PHYS_s15_T1_test,152,190,158.33333333333334,0.6378164887428284,-0.41631250828840166
UBFC_PHYS_s15_T1_test,152,191,158.36666666666667,0.31636014580726624,-0.7482572210448719
UBFC_PHYS_s15_T1_test,152,192,158.4,-0.017358936369419098,-1.0634709082746419
UBFC_PHYS_s15_T1_test,152,193,158.43333333333334,-0.2465071678161621,-1.294562130219661
UBFC_PHYS_s15_T1_test,152,194,158.46666666666667,-0.2808040678501129,-1.3773443580706082
UBFC_PHYS_s15_T1_test,152,195,158.5,-0.1358918696641922,-1.2713671617964541
UBFC_PHYS_s15_T1_test,152,196,158.53333333333333,0.024701138958334923,-0.9752610061670095
UBFC_PHYS_s15_T1_test,152,197,158.56666666666666,0.01448544580489397,-0.5319564737519008
UBFC_PHYS_s15_T1_test,152,198,158.6,-0.22302459180355072,-0.02100124106827477
UBFC_PHYS_s15_T1_test,152,199,158.63333333333333,-0.6092511415481567,0.4611421890675702
UBFC_PHYS_s15_T1_test,152,200,158.66666666666666,-1.027302861213684,0.8274576537187353
UBFC_PHYS_s15_T1_test,152,201,158.7,-1.4290363788604736,1.0245661738055962
UBFC_PHYS_s15_T1_test,152,202,158.73333333333332,-1.7734153270721436,1.0455724465158274
UBFC_PHYS_s15_T1_test,152,203,158.76666666666668,-1.844191312789917,0.9264350377869499
UBFC_PHYS_s15_T1_test,152,204,158.8,-1.4096864461898804,0.7279915202605708
UBFC_PHYS_s15_T1_test,152,205,158.83333333333334,-0.6083435416221619,0.5118742965381211
UBFC_PHYS_s15_T1_test,152,206,158.86666666666667,0.1718534678220749,0.3198532257708995
UBFC_PHYS_s15_T1_test,152,207,158.9,0.6827153563499451,0.16341446891043
UBFC_PHYS_s15_T1_test,152,208,158.93333333333334,0.9345157742500305,0.026229341879691868
UBFC_PHYS_s15_T1_test,152,209,158.96666666666667,1.0530873537063599,-0.12210416452137508
UBFC_PHYS_s15_T1_test,152,210,159.0,1.111426830291748,-0.3064209811998557
UBFC_PHYS_s15_T1_test,152,211,159.03333333333333,1.0927141904830933,-0.5281287562919521
UBFC_PHYS_s15_T1_test,152,212,159.06666666666666,1.024718999862671,-0.7566683332122753
UBFC_PHYS_s15_T1_test,152,213,159.1,0.956511378288269,-0.9346586743072689
UBFC_PHYS_s15_T1_test,152,214,159.13333333333333,0.8368970155715942,-0.9955774936401647
UBFC_PHYS_s15_T1_test,152,215,159.16666666666666,0.6125186681747437,-0.8875387660921582
UBFC_PHYS_s15_T1_test,152,216,159.2,0.34171590209007263,-0.5942860872959592
UBFC_PHYS_s15_T1_test,152,217,159.23333333333332,0.07987360656261444,-0.14576579136351656
UBFC_PHYS_s15_T1_test,152,218,159.26666666666668,-0.1770443171262741,0.3853585787023712
UBFC_PHYS_s15_T1_test,152,219,159.3,-0.4241134524345398,0.9003165922130617
UBFC_PHYS_s15_T1_test,152,220,159.33333333333334,-0.6779608726501465,1.2995672049785612
UBFC_PHYS_s15_T1_test,152,221,159.36666666666667,-0.9328317642211914,1.5098896733096994
UBFC_PHYS_s15_T1_test,152,222,159.4,-0.9846247434616089,1.5044950330590767
UBFC_PHYS_s15_T1_test,152,223,159.43333333333334,-0.5789902806282043,1.308363880715991
UBFC_PHYS_s15_T1_test,152,224,159.46666666666667,0.16084600985050201,0.9860544029125637
UBFC_PHYS_s15_T1_test,152,225,159.5,0.7826514840126038,0.6167283868091278
UBFC_PHYS_s15_T1_test,152,226,159.53333333333333,1.012823224067688,0.2672839663192107
UBFC_PHYS_s15_T1_test,152,227,159.56666666666666,0.9462956786155701,-0.025032100245573764
UBFC_PHYS_s15_T1_test,152,228,159.6,0.7289466857910156,-0.2553131461219221
UBFC_PHYS_s15_T1_test,152,229,159.63333333333333,0.48095059394836426,-0.44156209755757425
UBFC_PHYS_s15_T1_test,152,230,159.66666666666666,0.3266144394874573,-0.6096719429748686
UBFC_PHYS_s15_T1_test,152,231,159.7,0.3246253728866577,-0.7789895615790414
UBFC_PHYS_s15_T1_test,152,232,159.73333333333332,0.41486722230911255,-0.9523994103815991
UBFC_PHYS_s15_T1_test,152,233,159.76666666666668,0.4459777772426605,-1.1128643898910193
UBFC_PHYS_s15_T1_test,152,234,159.8,0.2635050415992737,-1.2272531166742187
UBFC_PHYS_s15_T1_test,152,235,159.83333333333334,-0.13000191748142242,-1.2568841865780886
UBFC_PHYS_s15_T1_test,152,236,159.86666666666667,-0.5486136078834534,-1.1716838131807474
UBFC_PHYS_s15_T1_test,152,237,159.9,-0.8053770065307617,-0.9627036888305445
UBFC_PHYS_s15_T1_test,152,238,159.93333333333334,-0.8864459991455078,-0.6479865080480723
UBFC_PHYS_s15_T1_test,152,239,159.96666666666667,-0.9108747839927673,-0.26969566547160556
UBFC_PHYS_s15_T1_test,153,0,153.0,0.3721891939640045,0.12963590459981025
UBFC_PHYS_s15_T1_test,153,1,153.03333333333333,0.29303205013275146,0.6556463695914595
UBFC_PHYS_s15_T1_test,153,2,153.06666666666666,0.07471747696399689,1.111591488474355
UBFC_PHYS_s15_T1_test,153,3,153.1,-0.22464673221111298,1.4467391280609232
UBFC_PHYS_s15_T1_test,153,4,153.13333333333333,-0.4620988368988037,1.6379465422684278
UBFC_PHYS_s15_T1_test,153,5,153.16666666666666,-0.6410762071609497,1.691489344353633
UBFC_PHYS_s15_T1_test,153,6,153.2,-0.9133659601211548,1.635311725924115
UBFC_PHYS_s15_T1_test,153,7,153.23333333333332,-1.3231523036956787,1.5066761962464532
UBFC_PHYS_s15_T1_test,153,8,153.26666666666668,-1.6128029823303223,1.34050356907445
UBFC_PHYS_s15_T1_test,153,9,153.3,-1.4055731296539307,1.1609361356632726
UBFC_PHYS_s15_T1_test,153,10,153.33333333333334,-0.7019069194793701,0.9768155114913307
UBFC_PHYS_s15_T1_test,153,11,153.36666666666667,0.06623980402946472,0.7815949758073669
UBFC_PHYS_s15_T1_test,153,12,153.4,0.5371851921081543,0.5582959499487705
UBFC_PHYS_s15_T1_test,153,13,153.43333333333334,0.7325965166091919,0.28895022976288925
UBFC_PHYS_s15_T1_test,153,14,153.46666666666667,0.774482786655426,-0.034520838019973465
UBFC_PHYS_s15_T1_test,153,15,153.5,0.6830050349235535,-0.40253462216385916
UBFC_PHYS_s15_T1_test,153,16,153.53333333333333,0.549235463142395,-0.7863268052936259
UBFC_PHYS_s15_T1_test,153,17,153.56666666666666,0.5100334286689758,-1.1427394839039675
UBFC_PHYS_s15_T1_test,153,18,153.6,0.5122156143188477,-1.4229722646221692
UBFC_PHYS_s15_T1_test,153,19,153.63333333333333,0.42956313490867615,-1.5823862687640715
UBFC_PHYS_s15_T1_test,153,20,153.66666666666666,0.29735779762268066,-1.5894068251071019
UBFC_PHYS_s15_T1_test,153,21,153.7,0.19317317008972168,-1.4325816365824813
UBFC_PHYS_s15_T1_test,153,22,153.73333333333332,0.04254480451345444,-1.1248237041037699
UBFC_PHYS_s15_T1_test,153,23,153.76666666666668,-0.2170960158109665,-0.7033857299573796
UBFC_PHYS_s15_T1_test,153,24,153.8,-0.4578310251235962,-0.22436990805288276
UBFC_PHYS_s15_T1_test,153,25,153.83333333333334,-0.5874872803688049,0.24796899957640922
UBFC_PHYS_s15_T1_test,153,26,153.86666666666667,-0.7026407718658447,0.6546703213090639
UBFC_PHYS_s15_T1_test,153,27,153.9,-0.9237940907478333,0.9540408624230632
UBFC_PHYS_s15_T1_test,153,28,153.93333333333334,-1.2369658946990967,1.1278512489673955
UBFC_PHYS_s15_T1_test,153,29,153.96666666666667,-1.4369733333587646,1.1796326031936386
UBFC_PHYS_s15_T1_test,153,30,154.0,-1.2079602479934692,1.1266213347240825
UBFC_PHYS_s15_T1_test,153,31,154.03333333333333,-0.48281988501548767,0.9897244112458481
UBFC_PHYS_s15_T1_test,153,32,154.06666666666666,0.3179822862148285,0.7860270173658217
UBFC_PHYS_s15_T1_test,153,33,154.1,0.7787119746208191,0.5264095440674467
UBFC_PHYS_s15_T1_test,153,34,154.13333333333333,0.8443704843521118,0.21836982356131857
UBFC_PHYS_s15_T1_test,153,35,154.16666666666666,0.6666869521141052,-0.1279174128669966
UBFC_PHYS_s15_T1_test,153,36,154.2,0.36801794171333313,-0.4934776325569363
UBFC_PHYS_s15_T1_test,153,37,154.23333333333332,0.06602738052606583,-0.8474897993877145
UBFC_PHYS_s15_T1_test,153,38,154.26666666666668,-0.0865321159362793,-1.1491527530323624
UBFC_PHYS_s15_T1_test,153,39,154.3,-0.04481964558362961,-1.3542930576740062
UBFC_PHYS_s15_T1_test,153,40,154.33333333333334,0.06436660885810852,-1.424713958210911
UBFC_PHYS_s15_T1_test,153,41,154.36666666666667,0.10841574519872665,-1.337484676142286
UBFC_PHYS_s15_T1_test,153,42,154.4,0.056564830243587494,-1.0917947678343487
UBFC_PHYS_s15_T1_test,153,43,154.43333333333334,-0.06704698503017426,-0.7118106648712912
UBFC_PHYS_s15_T1_test,153,44,154.46666666666667,-0.21974165737628937,-0.24444714032610915
UBFC_PHYS_s15_T1_test,153,45,154.5,-0.32794302701950073,0.24846458786512532
UBFC_PHYS_s15_T1_test,153,46,154.53333333333333,-0.3548630177974701,0.7027119993554629
UBFC_PHYS_s15_T1_test,153,47,154.56666666666666,-0.40024465322494507,1.0657050454970254
UBFC_PHYS_s15_T1_test,153,48,154.6,-0.5979733467102051,1.3066822756596794
UBFC_PHYS_s15_T1_test,153,49,154.63333333333333,-0.9023971557617188,1.4186317089087837
UBFC_PHYS_s15_T1_test,153,50,154.66666666666666,-1.0080879926681519,1.411824697995388
UBFC_PHYS_s15_T1_test,153,51,154.7,-0.615527331829071,1.303532114512521
UBFC_PHYS_s15_T1_test,153,52,154.73333333333332,0.1821657121181488,1.1097358514928577
UBFC_PHYS_s15_T1_test,153,53,154.76666666666668,0.9600839614868164,0.8422659953953893
UBFC_PHYS_s15_T1_test,153,54,154.8,1.4410133361816406,0.511022766321415
UBFC_PHYS_s15_T1_test,153,55,154.83333333333334,1.6224045753479004,0.12848836317532064
UBFC_PHYS_s15_T1_test,153,56,154.86666666666667,1.4944477081298828,-0.28611362977220656
UBFC_PHYS_s15_T1_test,153,57,154.9,1.0555205345153809,-0.7042924879262401
UBFC_PHYS_s15_T1_test,153,58,154.93333333333334,0.46992382407188416,-1.088013534315373
UBFC_PHYS_s15_T1_test,153,59,154.96666666666667,-0.05053579807281494,-1.392411725631079
UBFC_PHYS_s15_T1_test,153,60,155.0,-0.4414936602115631,-1.5721584096041117
UBFC_PHYS_s15_T1_test,153,61,155.03333333333333,-0.7065223455429077,-1.5909837353761165
UBFC_PHYS_s15_T1_test,153,62,155.06666666666666,-0.7839414477348328,-1.4318203066807238
UBFC_PHYS_s15_T1_test,153,63,155.1,-0.661874532699585,-1.1039081073918608
UBFC_PHYS_s15_T1_test,153,64,155.13333333333333,-0.45997458696365356,-0.6442191372106865
UBFC_PHYS_s15_T1_test,153,65,155.16666666666666,-0.2284896969795227,-0.11244886773889673
UBFC_PHYS_s15_T1_test,153,66,155.2,0.11345600336790085,0.4198642124005764
UBFC_PHYS_s15_T1_test,153,67,155.23333333333332,0.5275488495826721,0.8840824537821769
UBFC_PHYS_s15_T1_test,153,68,155.26666666666668,0.7771477699279785,1.2289004973165345
UBFC_PHYS_s15_T1_test,153,69,155.3,0.6916372179985046,1.4291536665271556
UBFC_PHYS_s15_T1_test,153,70,155.33333333333334,0.36291974782943726,1.4854777590891095
UBFC_PHYS_s15_T1_test,153,71,155.36666666666667,0.10115469247102737,1.4156180586238447
UBFC_PHYS_s15_T1_test,153,72,155.4,0.2368554025888443,1.2426532824559218
UBFC_PHYS_s15_T1_test,153,73,155.43333333333334,0.7576239705085754,0.9866515439635243
UBFC_PHYS_s15_T1_test,153,74,155.46666666666667,1.2685245275497437,0.6630047159608908
UBFC_PHYS_s15_T1_test,153,75,155.5,1.4654035568237305,0.28593348271130037
UBFC_PHYS_s15_T1_test,153,76,155.53333333333333,1.3961337804794312,-0.12675537700543807
UBFC_PHYS_s15_T1_test,153,77,155.56666666666666,1.2146072387695312,-0.5508356605255749
UBFC_PHYS_s15_T1_test,153,78,155.6,1.0047703981399536,-0.9555501317758702
UBFC_PHYS_s15_T1_test,153,79,155.63333333333333,0.8784356713294983,-1.3052653257502027
UBFC_PHYS_s15_T1_test,153,80,155.66666666666666,0.9019954800605774,-1.5620930993165114
UBFC_PHYS_s15_T1_test,153,81,155.7,0.9937629103660583,-1.6897837439848835
UBFC_PHYS_s15_T1_test,153,82,155.73333333333332,1.0262060165405273,-1.6595574108212496
UBFC_PHYS_s15_T1_test,153,83,155.76666666666668,0.9666884541511536,-1.4575344935899825
UBFC_PHYS_s15_T1_test,153,84,155.8,0.8576180338859558,-1.0916694549250798
UBFC_PHYS_s15_T1_test,153,85,155.83333333333334,0.7062751650810242,-0.5951086336304316
UBFC_PHYS_s15_T1_test,153,86,155.86666666666667,0.47957947850227356,-0.023734841973854875
UBFC_PHYS_s15_T1_test,153,87,155.9,0.17283834517002106,0.5522989813472678
UBFC_PHYS_s15_T1_test,153,88,155.93333333333334,-0.15927788615226746,1.0612486232531275
UBFC_PHYS_s15_T1_test,153,89,155.96666666666667,-0.4521535038948059,1.4435081494242377
UBFC_PHYS_s15_T1_test,153,90,156.0,-0.7210251092910767,1.6626670482518124
UBFC_PHYS_s15_T1_test,153,91,156.03333333333333,-1.0506502389907837,1.710539586729865
UBFC_PHYS_s15_T1_test,153,92,156.06666666666666,-1.3358012437820435,1.6043088838493877
UBFC_PHYS_s15_T1_test,153,93,156.1,-1.2421993017196655,1.3767931928030175
UBFC_PHYS_s15_T1_test,153,94,156.13333333333333,-0.6348193883895874,1.064235064970843
UBFC_PHYS_s15_T1_test,153,95,156.16666666666666,0.1713513731956482,0.6973289608974662
UBFC_PHYS_s15_T1_test,153,96,156.2,0.797946035861969,0.2988271160853685
UBFC_PHYS_s15_T1_test,153,97,156.23333333333332,1.1558622121810913,-0.11315144319522694
UBFC_PHYS_s15_T1_test,153,98,156.26666666666668,1.290578007698059,-0.519933999626752
UBFC_PHYS_s15_T1_test,153,99,156.3,1.2428210973739624,-0.8990529865471284
UBFC_PHYS_s15_T1_test,153,100,156.33333333333334,1.1464768648147583,-1.2242792813568029
UBFC_PHYS_s15_T1_test,153,101,156.36666666666667,1.141069769859314,-1.4677865197304774
UBFC_PHYS_s15_T1_test,153,102,156.4,1.201108694076538,-1.6029357364840349
UBFC_PHYS_s15_T1_test,153,103,156.43333333333334,1.2108608484268188,-1.6072976214149988
UBFC_PHYS_s15_T1_test,153,104,156.46666666666667,1.121140480041504,-1.466412937551088
UBFC_PHYS_s15_T1_test,153,105,156.5,0.9344385266304016,-1.1785591447605626
UBFC_PHYS_s15_T1_test,153,106,156.53333333333333,0.6193355917930603,-0.7596131742656111
UBFC_PHYS_s15_T1_test,153,107,156.56666666666666,0.1470770239830017,-0.24592437889832108
UBFC_PHYS_s15_T1_test,153,108,156.6,-0.4161764979362488,0.30708870710476494
UBFC_PHYS_s15_T1_test,153,109,156.63333333333333,-0.9117051959037781,0.8319009426888733
UBFC_PHYS_s15_T1_test,153,110,156.66666666666666,-1.2608733177185059,1.2608064174421596
UBFC_PHYS_s15_T1_test,153,111,156.7,-1.5531309843063354,1.539989463977003
UBFC_PHYS_s15_T1_test,153,112,156.73333333333332,-1.905331015586853,1.6412452963825797
UBFC_PHYS_s15_T1_test,153,113,156.76666666666668,-2.257511615753174,1.56695462822559
UBFC_PHYS_s15_T1_test,153,114,156.8,-2.3322272300720215,1.346295179157429
UBFC_PHYS_s15_T1_test,153,115,156.83333333333334,-1.9352248907089233,1.0242047431048653
UBFC_PHYS_s15_T1_test,153,116,156.86666666666667,-1.2586525678634644,0.647527527622553
UBFC_PHYS_s15_T1_test,153,117,156.9,-0.712624728679657,0.2538633628602434
UBFC_PHYS_s15_T1_test,153,118,156.93333333333334,-0.4711558520793915,-0.13262177090700183
UBFC_PHYS_s15_T1_test,153,119,156.96666666666667,-0.42507901787757874,-0.49761828707586053
UBFC_PHYS_s15_T1_test,153,120,157.0,-0.4684329628944397,-0.8287375388881637
UBFC_PHYS_s15_T1_test,153,121,157.03333333333333,-0.5429360866546631,-1.1087333018799814
UBFC_PHYS_s15_T1_test,153,122,157.06666666666666,-0.5492701530456543,-1.3137583303909355
UBFC_PHYS_s15_T1_test,153,123,157.1,-0.45528194308280945,-1.4170092293136967
UBFC_PHYS_s15_T1_test,153,124,157.13333333333333,-0.332191526889801,-1.3955344410733113
UBFC_PHYS_s15_T1_test,153,125,157.16666666666666,-0.2216341644525528,-1.2373460297609162
UBFC_PHYS_s15_T1_test,153,126,157.2,-0.12714384496212006,-0.9467631639444583
UBFC_PHYS_s15_T1_test,153,127,157.23333333333332,-0.09730783849954605,-0.5469910432940749
UBFC_PHYS_s15_T1_test,153,128,157.26666666666668,-0.18291495740413666,-0.07943360862432373
UBFC_PHYS_s15_T1_test,153,129,157.3,-0.3453811705112457,0.4007622071615216
UBFC_PHYS_s15_T1_test,153,130,157.33333333333334,-0.5058003664016724,0.833182362234545
UBFC_PHYS_s15_T1_test,153,131,157.36666666666667,-0.6384692192077637,1.1635821942749016
UBFC_PHYS_s15_T1_test,153,132,157.4,-0.796629011631012,1.3550773839427956
UBFC_PHYS_s15_T1_test,153,133,157.43333333333334,-1.0521178245544434,1.3948195204942497
UBFC_PHYS_s15_T1_test,153,134,157.46666666666667,-1.3340439796447754,1.293462845566271
UBFC_PHYS_s15_T1_test,153,135,157.5,-1.3577196598052979,1.0781507868888303
UBFC_PHYS_s15_T1_test,153,136,157.53333333333333,-0.908653974533081,0.7828206507240171
UBFC_PHYS_s15_T1_test,153,137,157.56666666666666,-0.2390723079442978,0.4402302215832558
UBFC_PHYS_s15_T1_test,153,138,157.6,0.23482771217823029,0.07792270616238037
UBFC_PHYS_s15_T1_test,153,139,157.63333333333333,0.39254331588745117,-0.28215416101791285
UBFC_PHYS_s15_T1_test,153,140,157.66666666666666,0.3682303726673126,-0.621357237199827
UBFC_PHYS_s15_T1_test,153,141,157.7,0.23407456278800964,-0.9204462620514925
UBFC_PHYS_s15_T1_test,153,142,157.73333333333332,0.02080024965107441,-1.1561194200322933
UBFC_PHYS_s15_T1_test,153,143,157.76666666666668,-0.13753333687782288,-1.300734992986328
UBFC_PHYS_s15_T1_test,153,144,157.8,-0.130851611495018,-1.3267689951371588
UBFC_PHYS_s15_T1_test,153,145,157.83333333333334,-0.019541116431355476,-1.2149939554151588
UBFC_PHYS_s15_T1_test,153,146,157.86666666666667,0.0758761614561081,-0.963136813916527
UBFC_PHYS_s15_T1_test,153,147,157.9,0.06427004933357239,-0.5913063191334196
UBFC_PHYS_s15_T1_test,153,148,157.93333333333334,-0.10918430238962173,-0.14197399417390194
UBFC_PHYS_s15_T1_test,153,149,157.96666666666667,-0.4068298041820526,0.32576032616180245
UBFC_PHYS_s15_T1_test,153,150,158.0,-0.6923478245735168,0.7467779485148721
UBFC_PHYS_s15_T1_test,153,151,158.03333333333333,-0.8930118083953857,1.0636320713516108
UBFC_PHYS_s15_T1_test,153,152,158.06666666666666,-1.0950276851654053,1.2398974928042066
UBFC_PHYS_s15_T1_test,153,153,158.1,-1.3186721801757812,1.2683510072860176
UBFC_PHYS_s15_T1_test,153,154,158.13333333333333,-1.3358978033065796,1.169702087593331
UBFC_PHYS_s15_T1_test,153,155,158.16666666666666,-0.8922200798988342,0.9812798147235546
UBFC_PHYS_s15_T1_test,153,156,158.2,-0.10518685728311539,0.7407743366603369
UBFC_PHYS_s15_T1_test,153,157,158.23333333333332,0.5862359404563904,0.47349336183979
UBFC_PHYS_s15_T1_test,153,158,158.26666666666668,0.8880527019500732,0.18935740784041605
UBFC_PHYS_s15_T1_test,153,159,158.3,0.8565173149108887,-0.11021097026729498
UBFC_PHYS_s15_T1_test,153,160,158.33333333333334,0.6378164887428284,-0.42091479341733684
UBFC_PHYS_s15_T1_test,153,161,158.36666666666667,0.31636014580726624,-0.7267063550328183
UBFC_PHYS_s15_T1_test,153,162,158.4,-0.017358936369419098,-0.9974269569254461
UBFC_PHYS_s15_T1_test,153,163,158.43333333333334,-0.2465071678161621,-1.1929209539303745
UBFC_PHYS_s15_T1_test,153,164,158.46666666666667,-0.2808040678501129,-1.2717471596439842
UBFC_PHYS_s15_T1_test,153,165,158.5,-0.1358918696641922,-1.2023657172477988
UBFC_PHYS_s15_T1_test,153,166,158.53333333333333,0.024701138958334923,-0.9741660698210858
UBFC_PHYS_s15_T1_test,153,167,158.56666666666666,0.01448544580489397,-0.6050599584836851
UBFC_PHYS_s15_T1_test,153,168,158.6,-0.22302459180355072,-0.14259159199072652
UBFC_PHYS_s15_T1_test,153,169,158.63333333333333,-0.6092511415481567,0.34311680311868276
UBFC_PHYS_s15_T1_test,153,170,158.66666666666666,-1.027302861213684,0.773966694886072
UBFC_PHYS_s15_T1_test,153,171,158.7,-1.4290363788604736,1.0824826013529771
UBFC_PHYS_s15_T1_test,153,172,158.73333333333332,-1.7734153270721436,1.2283175188959499
UBFC_PHYS_s15_T1_test,153,173,158.76666666666668,-1.844191312789917,1.206473306863732
UBFC_PHYS_s15_T1_test,153,174,158.8,-1.4096864461898804,1.0443310209124606
UBFC_PHYS_s15_T1_test,153,175,158.83333333333334,-0.6083435416221619,0.7892602424351935
UBFC_PHYS_s15_T1_test,153,176,158.86666666666667,0.1718534678220749,0.49192505494047933
UBFC_PHYS_s15_T1_test,153,177,158.9,0.6827153563499451,0.19144545410110914
UBFC_PHYS_s15_T1_test,153,178,158.93333333333334,0.9345157742500305,-0.09248049394460793
UBFC_PHYS_s15_T1_test,153,179,158.96666666666667,1.0530873537063599,-0.35803653393111684
UBFC_PHYS_s15_T1_test,153,180,159.0,1.111426830291748,-0.6114091050128826
UBFC_PHYS_s15_T1_test,153,181,159.03333333333333,1.0927141904830933,-0.8531597510155724
UBFC_PHYS_s15_T1_test,153,182,159.06666666666666,1.024718999862671,-1.0675789521618206
UBFC_PHYS_s15_T1_test,153,183,159.1,0.956511378288269,-1.220744764985439
UBFC_PHYS_s15_T1_test,153,184,159.13333333333333,0.8368970155715942,-1.2686648979430866
UBFC_PHYS_s15_T1_test,153,185,159.16666666666666,0.6125186681747437,-1.1721110434578472
UBFC_PHYS_s15_T1_test,153,186,159.2,0.34171590209007263,-0.9125205255886514
UBFC_PHYS_s15_T1_test,153,187,159.23333333333332,0.07987360656261444,-0.5036180068104743
UBFC_PHYS_s15_T1_test,153,188,159.26666666666668,-0.1770443171262741,0.005193389833605434
UBFC_PHYS_s15_T1_test,153,189,159.3,-0.4241134524345398,0.5358102225271133
UBFC_PHYS_s15_T1_test,153,190,159.33333333333334,-0.6779608726501465,0.998542935515806
UBFC_PHYS_s15_T1_test,153,191,159.36666666666667,-0.9328317642211914,1.3155606269680826
UBFC_PHYS_s15_T1_test,153,192,159.4,-0.9846247434616089,1.4427850813678094
UBFC_PHYS_s15_T1_test,153,193,159.43333333333334,-0.5789902806282043,1.3810527271165427
UBFC_PHYS_s15_T1_test,153,194,159.46666666666667,0.16084600985050201,1.1712931729050453
UBFC_PHYS_s15_T1_test,153,195,159.5,0.7826514840126038,0.8759669444224233
UBFC_PHYS_s15_T1_test,153,196,159.53333333333333,1.012823224067688,0.5557823521647478
UBFC_PHYS_s15_T1_test,153,197,159.56666666666666,0.9462956786155701,0.25237615401149166
UBFC_PHYS_s15_T1_test,153,198,159.6,0.7289466857910156,-0.017031702476547048
UBFC_PHYS_s15_T1_test,153,199,159.63333333333333,0.48095059394836426,-0.2538958609917225
UBFC_PHYS_s15_T1_test,153,200,159.66666666666666,0.3266144394874573,-0.4666335198595942
UBFC_PHYS_s15_T1_test,153,201,159.7,0.3246253728866577,-0.6586870728973109
UBFC_PHYS_s15_T1_test,153,202,159.73333333333332,0.41486722230911255,-0.8206616959191216
UBFC_PHYS_s15_T1_test,153,203,159.76666666666668,0.4459777772426605,-0.9289326927510597
UBFC_PHYS_s15_T1_test,153,204,159.8,0.2635050415992737,-0.9514662544786618
UBFC_PHYS_s15_T1_test,153,205,159.83333333333334,-0.13000191748142242,-0.8595925405090925
UBFC_PHYS_s15_T1_test,153,206,159.86666666666667,-0.5486136078834534,-0.6418332071082885
UBFC_PHYS_s15_T1_test,153,207,159.9,-0.8053770065307617,-0.3141854381170152
UBFC_PHYS_s15_T1_test,153,208,159.93333333333334,-0.8864459991455078,0.07790509831303975
UBFC_PHYS_s15_T1_test,153,209,159.96666666666667,-0.9108747839927673,0.4676214092809696
UBFC_PHYS_s15_T1_test,153,210,160.0,-0.9290081262588501,0.7828351383987268
UBFC_PHYS_s15_T1_test,153,211,160.03333333333333,-0.7879775166511536,0.9648402870835824
UBFC_PHYS_s15_T1_test,153,212,160.06666666666666,-0.34063059091567993,0.9830578221264686
UBFC_PHYS_s15_T1_test,153,213,160.1,0.30064070224761963,0.8406672047910722
UBFC_PHYS_s15_T1_test,153,214,160.13333333333333,0.8576180338859558,0.5704107983260636
UBFC_PHYS_s15_T1_test,153,215,160.16666666666666,1.1353728771209717,0.22365602121263922
UBFC_PHYS_s15_T1_test,153,216,160.2,1.1160036325454712,-0.1432018709524565
UBFC_PHYS_s15_T1_test,153,217,160.23333333333332,0.9285292625427246,-0.48142700433229685
UBFC_PHYS_s15_T1_test,153,218,160.26666666666668,0.7558087110519409,-0.7583498267723741
UBFC_PHYS_s15_T1_test,153,219,160.3,0.7126092910766602,-0.9589959804951942
UBFC_PHYS_s15_T1_test,153,220,160.33333333333334,0.8051491975784302,-1.0811815830806943
UBFC_PHYS_s15_T1_test,153,221,160.36666666666667,0.9575541615486145,-1.1275333717030178
UBFC_PHYS_s15_T1_test,153,222,160.4,1.0472359657287598,-1.0992635723928883
UBFC_PHYS_s15_T1_test,153,223,160.43333333333334,0.987563967704773,-0.9949428638626364
UBFC_PHYS_s15_T1_test,153,224,160.46666666666667,0.7656188607215881,-0.8138741132741949
UBFC_PHYS_s15_T1_test,153,225,160.5,0.39304542541503906,-0.5609736647805614
UBFC_PHYS_s15_T1_test,153,226,160.53333333333333,-0.104182668030262,-0.2503500427443902
UBFC_PHYS_s15_T1_test,153,227,160.56666666666666,-0.6640374064445496,0.0935459715365612
UBFC_PHYS_s15_T1_test,153,228,160.6,-1.2026883363723755,0.4375150190998758
UBFC_PHYS_s15_T1_test,153,229,160.63333333333333,-1.560430645942688,0.7441663842076216
UBFC_PHYS_s15_T1_test,153,230,160.66666666666666,-1.5212866067886353,0.9790975669246772
UBFC_PHYS_s15_T1_test,153,231,160.7,-1.046961784362793,1.1190018314440926
UBFC_PHYS_s15_T1_test,153,232,160.73333333333332,-0.4133184254169464,1.1576121789351443
UBFC_PHYS_s15_T1_test,153,233,160.76666666666668,0.010410754941403866,1.1065012875958697
UBFC_PHYS_s15_T1_test,153,234,160.8,0.0719173401594162,0.9900667280733783
UBFC_PHYS_s15_T1_test,153,235,160.83333333333334,-0.11812544614076614,0.8369882660067917
UBFC_PHYS_s15_T1_test,153,236,160.86666666666667,-0.35086557269096375,0.6719238592500957
UBFC_PHYS_s15_T1_test,153,237,160.9,-0.4698812961578369,0.5104147808011157
UBFC_PHYS_s15_T1_test,153,238,160.93333333333334,-0.430042028427124,0.3577041602023418
UBFC_PHYS_s15_T1_test,153,239,160.96666666666667,-0.2567421793937683,0.21052671864670716
UBFC_PHYS_s15_T1_test,154,0,154.0,-1.2079602479934692,-0.0766848905060634
UBFC_PHYS_s15_T1_test,154,1,154.03333333333333,-0.48281988501548767,0.4518214188947739
UBFC_PHYS_s15_T1_test,154,2,154.06666666666666,0.3179822862148285,0.8765045553379719
UBFC_PHYS_s15_T1_test,154,3,154.1,0.7787119746208191,1.1128327823941795
UBFC_PHYS_s15_T1_test,154,4,154.13333333333333,0.8443704843521118,1.112624312281217
UBFC_PHYS_s15_T1_test,154,5,154.16666666666666,0.6666869521141052,0.8735096614196214
UBFC_PHYS_s15_T1_test,154,6,154.2,0.36801794171333313,0.4387351742013675
UBFC_PHYS_s15_T1_test,154,7,154.23333333333332,0.06602738052606583,-0.11211347630845787
UBFC_PHYS_s15_T1_test,154,8,154.26666666666668,-0.0865321159362793,-0.6787223861723388
UBFC_PHYS_s15_T1_test,154,9,154.3,-0.04481964558362961,-1.1587230314434256
UBFC_PHYS_s15_T1_test,154,10,154.33333333333334,0.06436660885810852,-1.4664150519850176
UBFC_PHYS_s15_T1_test,154,11,154.36666666666667,0.10841574519872665,-1.5487298195021415
UBFC_PHYS_s15_T1_test,154,12,154.4,0.056564830243587494,-1.3955205761638207
UBFC_PHYS_s15_T1_test,154,13,154.43333333333334,-0.06704698503017426,-1.0414182164797268
UBFC_PHYS_s15_T1_test,154,14,154.46666666666667,-0.21974165737628937,-0.5576594568480231
UBFC_PHYS_s15_T1_test,154,15,154.5,-0.32794302701950073,-0.03463305400860432
UBFC_PHYS_s15_T1_test,154,16,154.53333333333333,-0.3548630177974701,0.44105242812923173
UBFC_PHYS_s15_T1_test,154,17,154.56666666666666,-0.40024465322494507,0.8082763823786695
UBFC_PHYS_s15_T1_test,154,18,154.6,-0.5979733467102051,1.043980562643957
UBFC_PHYS_s15_T1_test,154,19,154.63333333333333,-0.9023971557617188,1.1612282049742713
UBFC_PHYS_s15_T1_test,154,20,154.66666666666666,-1.0080879926681519,1.1937393137371137
UBFC_PHYS_s15_T1_test,154,21,154.7,-0.615527331829071,1.1744671702446945
UBFC_PHYS_s15_T1_test,154,22,154.73333333333332,0.1821657121181488,1.1183605970044512
UBFC_PHYS_s15_T1_test,154,23,154.76666666666668,0.9600839614868164,1.0167847190586696
UBFC_PHYS_s15_T1_test,154,24,154.8,1.4410133361816406,0.8448921521463175
UBFC_PHYS_s15_T1_test,154,25,154.83333333333334,1.6224045753479004,0.5773492162161099
UBFC_PHYS_s15_T1_test,154,26,154.86666666666667,1.4944477081298828,0.20529713092223426
UBFC_PHYS_s15_T1_test,154,27,154.9,1.0555205345153809,-0.2518261863708116
UBFC_PHYS_s15_T1_test,154,28,154.93333333333334,0.46992382407188416,-0.7436017291641553
UBFC_PHYS_s15_T1_test,154,29,154.96666666666667,-0.05053579807281494,-1.1961961078949248
UBFC_PHYS_s15_T1_test,154,30,155.0,-0.4414936602115631,-1.5284597988149273
UBFC_PHYS_s15_T1_test,154,31,155.03333333333333,-0.7065223455429077,-1.6723738918959388
UBFC_PHYS_s15_T1_test,154,32,155.06666666666666,-0.7839414477348328,-1.5919914683453456
UBFC_PHYS_s15_T1_test,154,33,155.1,-0.661874532699585,-1.2949102498138427
UBFC_PHYS_s15_T1_test,154,34,155.13333333333333,-0.45997458696365356,-0.8322273417852827
UBFC_PHYS_s15_T1_test,154,35,155.16666666666666,-0.2284896969795227,-0.28634016469747925
UBFC_PHYS_s15_T1_test,154,36,155.2,0.11345600336790085,0.25019735050003766
UBFC_PHYS_s15_T1_test,154,37,155.23333333333332,0.5275488495826721,0.6983302995448099
UBFC_PHYS_s15_T1_test,154,38,155.26666666666668,0.7771477699279785,1.010751763407191
UBFC_PHYS_s15_T1_test,154,39,155.3,0.6916372179985046,1.1782269488835382
UBFC_PHYS_s15_T1_test,154,40,155.33333333333334,0.36291974782943726,1.2219769489246008
UBFC_PHYS_s15_T1_test,154,41,155.36666666666667,0.10115469247102737,1.1761964758489736
UBFC_PHYS_s15_T1_test,154,42,155.4,0.2368554025888443,1.0695523543501484
UBFC_PHYS_s15_T1_test,154,43,155.43333333333334,0.7576239705085754,0.9145758761626216
UBFC_PHYS_s15_T1_test,154,44,155.46666666666667,1.2685245275497437,0.7085093994721482
UBFC_PHYS_s15_T1_test,154,45,155.5,1.4654035568237305,0.4426258814753901
UBFC_PHYS_s15_T1_test,154,46,155.53333333333333,1.3961337804794312,0.11393975844052112
UBFC_PHYS_s15_T1_test,154,47,155.56666666666666,1.2146072387695312,-0.2660151955059737
UBFC_PHYS_s15_T1_test,154,48,155.6,1.0047703981399536,-0.6680677857260044
UBFC_PHYS_s15_T1_test,154,49,155.63333333333333,0.8784356713294983,-1.048044102012959
UBFC_PHYS_s15_T1_test,154,50,155.66666666666666,0.9019954800605774,-1.3536427101012674
UBFC_PHYS_s15_T1_test,154,51,155.7,0.9937629103660583,-1.5336681957038196
UBFC_PHYS_s15_T1_test,154,52,155.73333333333332,1.0262060165405273,-1.5480804396687695
UBFC_PHYS_s15_T1_test,154,53,155.76666666666668,0.9666884541511536,-1.3774847949559492
UBFC_PHYS_s15_T1_test,154,54,155.8,0.8576180338859558,-1.0302453211736402
UBFC_PHYS_s15_T1_test,154,55,155.83333333333334,0.7062751650810242,-0.5449234372012329
UBFC_PHYS_s15_T1_test,154,56,155.86666666666667,0.47957947850227356,0.013886418650239367
UBFC_PHYS_s15_T1_test,154,57,155.9,0.17283834517002106,0.5667098419449398
UBFC_PHYS_s15_T1_test,154,58,155.93333333333334,-0.15927788615226746,1.0353536285739882
UBFC_PHYS_s15_T1_test,154,59,155.96666666666667,-0.4521535038948059,1.3598134945671119
UBFC_PHYS_s15_T1_test,154,60,156.0,-0.7210251092910767,1.5105993024771234
UBFC_PHYS_s15_T1_test,154,61,156.03333333333333,-1.0506502389907837,1.492165213075119
UBFC_PHYS_s15_T1_test,154,62,156.06666666666666,-1.3358012437820435,1.3362532219269208
UBFC_PHYS_s15_T1_test,154,63,156.1,-1.2421993017196655,1.0879711590422394
UBFC_PHYS_s15_T1_test,154,64,156.13333333333333,-0.6348193883895874,0.7904435397346045
UBFC_PHYS_s15_T1_test,154,65,156.16666666666666,0.1713513731956482,0.4741537395850399
UBFC_PHYS_s15_T1_test,154,66,156.2,0.797946035861969,0.1542783445919906
UBFC_PHYS_s15_T1_test,154,67,156.23333333333332,1.1558622121810913,-0.16476554807163424
UBFC_PHYS_s15_T1_test,154,68,156.26666666666668,1.290578007698059,-0.4812345235399595
UBFC_PHYS_s15_T1_test,154,69,156.3,1.2428210973739624,-0.7885211980976545
UBFC_PHYS_s15_T1_test,154,70,156.33333333333334,1.1464768648147583,-1.0705524857340138
UBFC_PHYS_s15_T1_test,154,71,156.36666666666667,1.141069769859314,-1.3006511435328718
UBFC_PHYS_s15_T1_test,154,72,156.4,1.201108694076538,-1.443887333703481
UBFC_PHYS_s15_T1_test,154,73,156.43333333333334,1.2108608484268188,-1.4631482601286177
UBFC_PHYS_s15_T1_test,154,74,156.46666666666667,1.121140480041504,-1.328694091832524
UBFC_PHYS_s15_T1_test,154,75,156.5,0.9344385266304016,-1.0295543346094427
UBFC_PHYS_s15_T1_test,154,76,156.53333333333333,0.6193355917930603,-0.5833971374587595
UBFC_PHYS_s15_T1_test,154,77,156.56666666666666,0.1470770239830017,-0.040527909723865475
UBFC_PHYS_s15_T1_test,154,78,156.6,-0.4161764979362488,0.5215522447134445
UBFC_PHYS_s15_T1_test,154,79,156.63333333333333,-0.9117051959037781,1.013640390085618
UBFC_PHYS_s15_T1_test,154,80,156.66666666666666,-1.2608733177185059,1.3566369401262195
UBFC_PHYS_s15_T1_test,154,81,156.7,-1.5531309843063354,1.5024227800496475
UBFC_PHYS_s15_T1_test,154,82,156.73333333333332,-1.905331015586853,1.4460787539688778
UBFC_PHYS_s15_T1_test,154,83,156.76666666666668,-2.257511615753174,1.2246758246641654
UBFC_PHYS_s15_T1_test,154,84,156.8,-2.3322272300720215,0.9030349796860972
UBFC_PHYS_s15_T1_test,154,85,156.83333333333334,-1.9352248907089233,0.5518625339004183
UBFC_PHYS_s15_T1_test,154,86,156.86666666666667,-1.2586525678634644,0.22632466270732593
UBFC_PHYS_s15_T1_test,154,87,156.9,-0.712624728679657,-0.047305178888832476
UBFC_PHYS_s15_T1_test,154,88,156.93333333333334,-0.4711558520793915,-0.2724336548492172
UBFC_PHYS_s15_T1_test,154,89,156.96666666666667,-0.42507901787757874,-0.4707972623869836
UBFC_PHYS_s15_T1_test,154,90,157.0,-0.4684329628944397,-0.6644084029335774
UBFC_PHYS_s15_T1_test,154,91,157.03333333333333,-0.5429360866546631,-0.8588677312652491
UBFC_PHYS_s15_T1_test,154,92,157.06666666666666,-0.5492701530456543,-1.034951742283702
UBFC_PHYS_s15_T1_test,154,93,157.1,-0.45528194308280945,-1.1515515643862224
UBFC_PHYS_s15_T1_test,154,94,157.13333333333333,-0.332191526889801,-1.1587118288530192
UBFC_PHYS_s15_T1_test,154,95,157.16666666666666,-0.2216341644525528,-1.0161801395258492
UBFC_PHYS_s15_T1_test,154,96,157.2,-0.12714384496212006,-0.7112353197081688
UBFC_PHYS_s15_T1_test,154,97,157.23333333333332,-0.09730783849954605,-0.26977029024893323
UBFC_PHYS_s15_T1_test,154,98,157.26666666666668,-0.18291495740413666,0.2436096792631217
UBFC_PHYS_s15_T1_test,154,99,157.3,-0.3453811705112457,0.7379187067309841
UBFC_PHYS_s15_T1_test,154,100,157.33333333333334,-0.5058003664016724,1.1185803690768832
UBFC_PHYS_s15_T1_test,154,101,157.36666666666667,-0.6384692192077637,1.3146108819659519
UBFC_PHYS_s15_T1_test,154,102,157.4,-0.796629011631012,1.3004841290455045
UBFC_PHYS_s15_T1_test,154,103,157.43333333333334,-1.0521178245544434,1.1031210953353725
UBFC_PHYS_s15_T1_test,154,104,157.46666666666667,-1.3340439796447754,0.7902407564651202
UBFC_PHYS_s15_T1_test,154,105,157.5,-1.3577196598052979,0.4446962542353701
UBFC_PHYS_s15_T1_test,154,106,157.53333333333333,-0.908653974533081,0.13553058827275305
UBFC_PHYS_s15_T1_test,154,107,157.56666666666666,-0.2390723079442978,-0.10261971282353119
UBFC_PHYS_s15_T1_test,154,108,157.6,0.23482771217823029,-0.2745222919415794
UBFC_PHYS_s15_T1_test,154,109,157.63333333333333,0.39254331588745117,-0.4133040820682803
UBFC_PHYS_s15_T1_test,154,110,157.66666666666666,0.3682303726673126,-0.5587768034341025
UBFC_PHYS_s15_T1_test,154,111,157.7,0.23407456278800964,-0.7339002507389575
UBFC_PHYS_s15_T1_test,154,112,157.73333333333332,0.02080024965107441,-0.9286315822299623
UBFC_PHYS_s15_T1_test,154,113,157.76666666666668,-0.13753333687782288,-1.0978384195718467
UBFC_PHYS_s15_T1_test,154,114,157.8,-0.130851611495018,-1.1748314439439786
UBFC_PHYS_s15_T1_test,154,115,157.83333333333334,-0.019541116431355476,-1.0960577615045903
UBFC_PHYS_s15_T1_test,154,116,157.86666666666667,0.0758761614561081,-0.827856668454739
UBFC_PHYS_s15_T1_test,154,117,157.9,0.06427004933357239,-0.385013380406076
UBFC_PHYS_s15_T1_test,154,118,157.93333333333334,-0.10918430238962173,0.16617636635333208
UBFC_PHYS_s15_T1_test,154,119,157.96666666666667,-0.4068298041820526,0.7221616386916253
UBFC_PHYS_s15_T1_test,154,120,158.0,-0.6923478245735168,1.1699132371929322
UBFC_PHYS_s15_T1_test,154,121,158.03333333333333,-0.8930118083953857,1.4198271509918912
UBFC_PHYS_s15_T1_test,154,122,158.06666666666666,-1.0950276851654053,1.4327264568989797
UBFC_PHYS_s15_T1_test,154,123,158.1,-1.3186721801757812,1.2307680829851126
UBFC_PHYS_s15_T1_test,154,124,158.13333333333333,-1.3358978033065796,0.8871921943309963
UBFC_PHYS_s15_T1_test,154,125,158.16666666666666,-0.8922200798988342,0.4981338337211632
UBFC_PHYS_s15_T1_test,154,126,158.2,-0.10518685728311539,0.1478868295888087
UBFC_PHYS_s15_T1_test,154,127,158.23333333333332,0.5862359404563904,-0.11767633728491629
UBFC_PHYS_s15_T1_test,154,128,158.26666666666668,0.8880527019500732,-0.29898609474123594
UBFC_PHYS_s15_T1_test,154,129,158.3,0.8565173149108887,-0.4305050838537975
UBFC_PHYS_s15_T1_test,154,130,158.33333333333334,0.6378164887428284,-0.5557694486374563
UBFC_PHYS_s15_T1_test,154,131,158.36666666666667,0.31636014580726624,-0.701709393457868
UBFC_PHYS_s15_T1_test,154,132,158.4,-0.017358936369419098,-0.8627760221589955
UBFC_PHYS_s15_T1_test,154,133,158.43333333333334,-0.2465071678161621,-1.0001146290807463
UBFC_PHYS_s15_T1_test,154,134,158.46666666666667,-0.2808040678501129,-1.055140973646717
UBFC_PHYS_s15_T1_test,154,135,158.5,-0.1358918696641922,-0.9721623859084668
UBFC_PHYS_s15_T1_test,154,136,158.53333333333333,0.024701138958334923,-0.7219012423348904
UBFC_PHYS_s15_T1_test,154,137,158.56666666666666,0.01448544580489397,-0.31757035814150775
UBFC_PHYS_s15_T1_test,154,138,158.6,-0.22302459180355072,0.1823895460702829
UBFC_PHYS_s15_T1_test,154,139,158.63333333333333,-0.6092511415481567,0.686581881562263
UBFC_PHYS_s15_T1_test,154,140,158.66666666666666,-1.027302861213684,1.0948720820181497
UBFC_PHYS_s15_T1_test,154,141,158.7,-1.4290363788604736,1.3271670157520987
UBFC_PHYS_s15_T1_test,154,142,158.73333333333332,-1.7734153270721436,1.346747944394145
UBFC_PHYS_s15_T1_test,154,143,158.76666666666668,-1.844191312789917,1.169271140059162
UBFC_PHYS_s15_T1_test,154,144,158.8,-1.4096864461898804,0.8540437264515707
UBFC_PHYS_s15_T1_test,154,145,158.83333333333334,-0.6083435416221619,0.4813794225995661
UBFC_PHYS_s15_T1_test,154,146,158.86666666666667,0.1718534678220749,0.12511126483445192
UBFC_PHYS_s15_T1_test,154,147,158.9,0.6827153563499451,-0.1692534013660372
UBFC_PHYS_s15_T1_test,154,148,158.93333333333334,0.9345157742500305,-0.39290087773501814
UBFC_PHYS_s15_T1_test,154,149,158.96666666666667,1.0530873537063599,-0.566353374988626
UBFC_PHYS_s15_T1_test,154,150,159.0,1.111426830291748,-0.720527638423548
UBFC_PHYS_s15_T1_test,154,151,159.03333333333333,1.0927141904830933,-0.8749112128294341
UBFC_PHYS_s15_T1_test,154,152,159.06666666666666,1.024718999862671,-1.022381040555575
UBFC_PHYS_s15_T1_test,154,153,159.1,0.956511378288269,-1.127160259651513
UBFC_PHYS_s15_T1_test,154,154,159.13333333333333,0.8368970155715942,-1.1368947457842964
UBFC_PHYS_s15_T1_test,154,155,159.16666666666666,0.6125186681747437,-1.0040317839730044
UBFC_PHYS_s15_T1_test,154,156,159.2,0.34171590209007263,-0.7078786693012716
UBFC_PHYS_s15_T1_test,154,157,159.23333333333332,0.07987360656261444,-0.2685039377150658
UBFC_PHYS_s15_T1_test,154,158,159.26666666666668,-0.1770443171262741,0.2529330472263954
UBFC_PHYS_s15_T1_test,154,159,159.3,-0.4241134524345398,0.7677281381161629
UBFC_PHYS_s15_T1_test,154,160,159.33333333333334,-0.6779608726501465,1.1828012046844483
UBFC_PHYS_s15_T1_test,154,161,159.36666666666667,-0.9328317642211914,1.4260982137159934
UBFC_PHYS_s15_T1_test,154,162,159.4,-0.9846247434616089,1.4655844065451493
UBFC_PHYS_s15_T1_test,154,163,159.43333333333334,-0.5789902806282043,1.3148946756162665
UBFC_PHYS_s15_T1_test,154,164,159.46666666666667,0.16084600985050201,1.0236788660567178
UBFC_PHYS_s15_T1_test,154,165,159.5,0.7826514840126038,0.657116787519052
UBFC_PHYS_s15_T1_test,154,166,159.53333333333333,1.012823224067688,0.2739065865210193
UBFC_PHYS_s15_T1_test,154,167,159.56666666666666,0.9462956786155701,-0.08775892422045103
UBFC_PHYS_s15_T1_test,154,168,159.6,0.7289466857910156,-0.41169897880650747
UBFC_PHYS_s15_T1_test,154,169,159.63333333333333,0.48095059394836426,-0.6949370984398411
UBFC_PHYS_s15_T1_test,154,170,159.66666666666666,0.3266144394874573,-0.9350589706493532
UBFC_PHYS_s15_T1_test,154,171,159.7,0.3246253728866577,-1.1205654948494723
UBFC_PHYS_s15_T1_test,154,172,159.73333333333332,0.41486722230911255,-1.2283724855325981
UBFC_PHYS_s15_T1_test,154,173,159.76666666666668,0.4459777772426605,-1.229002841838166
UBFC_PHYS_s15_T1_test,154,174,159.8,0.2635050415992737,-1.0972806593812932
UBFC_PHYS_s15_T1_test,154,175,159.83333333333334,-0.13000191748142242,-0.8247371868842526
UBFC_PHYS_s15_T1_test,154,176,159.86666666666667,-0.5486136078834534,-0.4291455908371103
UBFC_PHYS_s15_T1_test,154,177,159.9,-0.8053770065307617,0.04319135345295714
UBFC_PHYS_s15_T1_test,154,178,159.93333333333334,-0.8864459991455078,0.5249831700018646
UBFC_PHYS_s15_T1_test,154,179,159.96666666666667,-0.9108747839927673,0.9440114181934047
UBFC_PHYS_s15_T1_test,154,180,160.0,-0.9290081262588501,1.241578175257521
UBFC_PHYS_s15_T1_test,154,181,160.03333333333333,-0.7879775166511536,1.3852960249308608
UBFC_PHYS_s15_T1_test,154,182,160.06666666666666,-0.34063059091567993,1.3715299531961218
UBFC_PHYS_s15_T1_test,154,183,160.1,0.30064070224761963,1.2187138272043052
UBFC_PHYS_s15_T1_test,154,184,160.13333333333333,0.8576180338859558,0.9568683214744024
UBFC_PHYS_s15_T1_test,154,185,160.16666666666666,1.1353728771209717,0.6189787643311945
UBFC_PHYS_s15_T1_test,154,186,160.2,1.1160036325454712,0.23706886538812352
UBFC_PHYS_s15_T1_test,154,187,160.23333333333332,0.9285292625427246,-0.15774112535349413
UBFC_PHYS_s15_T1_test,154,188,160.26666666666668,0.7558087110519409,-0.533841937694618
UBFC_PHYS_s15_T1_test,154,189,160.3,0.7126092910766602,-0.8589172774129322
UBFC_PHYS_s15_T1_test,154,190,160.33333333333334,0.8051491975784302,-1.1020303103408928
UBFC_PHYS_s15_T1_test,154,191,160.36666666666667,0.9575541615486145,-1.2376643305125843
UBFC_PHYS_s15_T1_test,154,192,160.4,1.0472359657287598,-1.2505178800055747
UBFC_PHYS_s15_T1_test,154,193,160.43333333333334,0.987563967704773,-1.139496288438967
UBFC_PHYS_s15_T1_test,154,194,160.46666666666667,0.7656188607215881,-0.919234528204349
UBFC_PHYS_s15_T1_test,154,195,160.5,0.39304542541503906,-0.618058502797607
UBFC_PHYS_s15_T1_test,154,196,160.53333333333333,-0.104182668030262,-0.27272734607045424
UBFC_PHYS_s15_T1_test,154,197,160.56666666666666,-0.6640374064445496,0.078322640341877
UBFC_PHYS_s15_T1_test,154,198,160.6,-1.2026883363723755,0.40112243443860923
UBFC_PHYS_s15_T1_test,154,199,160.63333333333333,-1.560430645942688,0.670026741191032
UBFC_PHYS_s15_T1_test,154,200,160.66666666666666,-1.5212866067886353,0.8683632414663871
UBFC_PHYS_s15_T1_test,154,201,160.7,-1.046961784362793,0.9860480705477719
UBFC_PHYS_s15_T1_test,154,202,160.73333333333332,-0.4133184254169464,1.015733727495975
UBFC_PHYS_s15_T1_test,154,203,160.76666666666668,0.010410754941403866,0.9500929887053297
UBFC_PHYS_s15_T1_test,154,204,160.8,0.0719173401594162,0.7827099240916697
UBFC_PHYS_s15_T1_test,154,205,160.83333333333334,-0.11812544614076614,0.5133622347436335
UBFC_PHYS_s15_T1_test,154,206,160.86666666666667,-0.35086557269096375,0.15575692523093565
UBFC_PHYS_s15_T1_test,154,207,160.9,-0.4698812961578369,-0.2563879919089901
UBFC_PHYS_s15_T1_test,154,208,160.93333333333334,-0.430042028427124,-0.6691510317600787
UBFC_PHYS_s15_T1_test,154,209,160.96666666666667,-0.2567421793937683,-1.0162194798094137
UBFC_PHYS_s15_T1_test,154,210,161.0,-0.01104413066059351,-1.2334043030477209
UBFC_PHYS_s15_T1_test,154,211,161.03333333333333,0.2148018628358841,-1.275458635096207
UBFC_PHYS_s15_T1_test,154,212,161.06666666666666,0.3467561602592468,-1.12945751661092
UBFC_PHYS_s15_T1_test,154,213,161.1,0.3687710762023926,-0.8198596358475901
UBFC_PHYS_s15_T1_test,154,214,161.13333333333333,0.29231753945350647,-0.40300722366183067
UBFC_PHYS_s15_T1_test,154,215,161.16666666666666,0.10578940808773041,0.04778380020289449
UBFC_PHYS_s15_T1_test,154,216,161.2,-0.20483331382274628,0.4622750996701796
UBFC_PHYS_s15_T1_test,154,217,161.23333333333332,-0.5743556022644043,0.791986782770413
UBFC_PHYS_s15_T1_test,154,218,161.26666666666668,-0.8159016966819763,1.0204112173889166
UBFC_PHYS_s15_T1_test,154,219,161.3,-0.7081058621406555,1.1601421388370623
UBFC_PHYS_s15_T1_test,154,220,161.33333333333334,-0.1941155344247818,1.2379509081649822
UBFC_PHYS_s15_T1_test,154,221,161.36666666666667,0.503390371799469,1.2748907637943017
UBFC_PHYS_s15_T1_test,154,222,161.4,1.041616439819336,1.271358852647184
UBFC_PHYS_s15_T1_test,154,223,161.43333333333334,1.288299322128296,1.2047188169059126
UBFC_PHYS_s15_T1_test,154,224,161.46666666666667,1.3330050706863403,1.040511120334164
UBFC_PHYS_s15_T1_test,154,225,161.5,1.2498891353607178,0.751604831755004
UBFC_PHYS_s15_T1_test,154,226,161.53333333333333,1.0977351665496826,0.33673544454205306
UBFC_PHYS_s15_T1_test,154,227,161.56666666666666,1.0007150173187256,-0.1690420045223021
UBFC_PHYS_s15_T1_test,154,228,161.6,0.9862894415855408,-0.6961423040528337
UBFC_PHYS_s15_T1_test,154,229,161.63333333333333,0.9498103260993958,-1.1546157316964514
UBFC_PHYS_s15_T1_test,154,230,161.66666666666666,0.7943348288536072,-1.4571118856808938
UBFC_PHYS_s15_T1_test,154,231,161.7,0.4842914640903473,-1.5443010372760941
UBFC_PHYS_s15_T1_test,154,232,161.73333333333332,0.04190753400325775,-1.40506687229843
UBFC_PHYS_s15_T1_test,154,233,161.76666666666668,-0.42349550127983093,-1.0843426581175624
UBFC_PHYS_s15_T1_test,154,234,161.8,-0.7714856266975403,-0.6742570286976969
UBFC_PHYS_s15_T1_test,154,235,161.83333333333334,-0.9854937791824341,-0.28913757235699106
UBFC_PHYS_s15_T1_test,154,236,161.86666666666667,-1.2173649072647095,-0.030830983201883787
UBFC_PHYS_s15_T1_test,154,237,161.9,-1.609153151512146,0.04441498206796941
UBFC_PHYS_s15_T1_test,154,238,161.93333333333334,-2.017510414123535,-0.05490176535130957
UBFC_PHYS_s15_T1_test,154,239,161.96666666666667,-2.0750389099121094,-0.25855130365156476
UBFC_PHYS_s15_T1_test,155,0,155.0,-0.4414936602115631,0.11326168590979152
UBFC_PHYS_s15_T1_test,155,1,155.03333333333333,-0.7065223455429077,0.45404364241490824
UBFC_PHYS_s15_T1_test,155,2,155.06666666666666,-0.7839414477348328,0.7883333012712637
UBFC_PHYS_s15_T1_test,155,3,155.1,-0.661874532699585,1.1060794614212046
UBFC_PHYS_s15_T1_test,155,4,155.13333333333333,-0.45997458696365356,1.3907987466541707
UBFC_PHYS_s15_T1_test,155,5,155.16666666666666,-0.2284896969795227,1.6207686465343187
UBFC_PHYS_s15_T1_test,155,6,155.2,0.11345600336790085,1.7729383567300376
UBFC_PHYS_s15_T1_test,155,7,155.23333333333332,0.5275488495826721,1.8290706807891657
UBFC_PHYS_s15_T1_test,155,8,155.26666666666668,0.7771477699279785,1.7824584952579108
UBFC_PHYS_s15_T1_test,155,9,155.3,0.6916372179985046,1.6420058998481497
UBFC_PHYS_s15_T1_test,155,10,155.33333333333334,0.36291974782943726,1.4304315464430246
UBFC_PHYS_s15_T1_test,155,11,155.36666666666667,0.10115469247102737,1.176018554546017
UBFC_PHYS_s15_T1_test,155,12,155.4,0.2368554025888443,0.9017259604660885
UBFC_PHYS_s15_T1_test,155,13,155.43333333333334,0.7576239705085754,0.6178806194821317
UBFC_PHYS_s15_T1_test,155,14,155.46666666666667,1.2685245275497437,0.32245953432570595
UBFC_PHYS_s15_T1_test,155,15,155.5,1.4654035568237305,0.008074515287440708
UBFC_PHYS_s15_T1_test,155,16,155.53333333333333,1.3961337804794312,-0.32898424948911176
UBFC_PHYS_s15_T1_test,155,17,155.56666666666666,1.2146072387695312,-0.6825196810629556
UBFC_PHYS_s15_T1_test,155,18,155.6,1.0047703981399536,-1.0348514900085453
UBFC_PHYS_s15_T1_test,155,19,155.63333333333333,0.8784356713294983,-1.3584969477262223
UBFC_PHYS_s15_T1_test,155,20,155.66666666666666,0.9019954800605774,-1.619072616746404
UBFC_PHYS_s15_T1_test,155,21,155.7,0.9937629103660583,-1.7789131665401792
UBFC_PHYS_s15_T1_test,155,22,155.73333333333332,1.0262060165405273,-1.802457569545475
UBFC_PHYS_s15_T1_test,155,23,155.76666666666668,0.9666884541511536,-1.6643009499978634
UBFC_PHYS_s15_T1_test,155,24,155.8,0.8576180338859558,-1.3587346464922665
UBFC_PHYS_s15_T1_test,155,25,155.83333333333334,0.7062751650810242,-0.9073560557240439
UBFC_PHYS_s15_T1_test,155,26,155.86666666666667,0.47957947850227356,-0.36083960378028535
UBFC_PHYS_s15_T1_test,155,27,155.9,0.17283834517002106,0.20759769162222946
UBFC_PHYS_s15_T1_test,155,28,155.93333333333334,-0.15927788615226746,0.7168519046232092
UBFC_PHYS_s15_T1_test,155,29,155.96666666666667,-0.4521535038948059,1.0972029905535219
UBFC_PHYS_s15_T1_test,155,30,156.0,-0.7210251092910767,1.3077423993255801
UBFC_PHYS_s15_T1_test,155,31,156.03333333333333,-1.0506502389907837,1.3449512537338986
UBFC_PHYS_s15_T1_test,155,32,156.06666666666666,-1.3358012437820435,1.2385453458306657
UBFC_PHYS_s15_T1_test,155,33,156.1,-1.2421993017196655,1.0363601951595325
UBFC_PHYS_s15_T1_test,155,34,156.13333333333333,-0.6348193883895874,0.7853529733090815
UBFC_PHYS_s15_T1_test,155,35,156.16666666666666,0.1713513731956482,0.5174076250540427
UBFC_PHYS_s15_T1_test,155,36,156.2,0.797946035861969,0.24525368508769427
UBFC_PHYS_s15_T1_test,155,37,156.23333333333332,1.1558622121810913,-0.031964180002025756
UBFC_PHYS_s15_T1_test,155,38,156.26666666666668,1.290578007698059,-0.3182587154341525
UBFC_PHYS_s15_T1_test,155,39,156.3,1.2428210973739624,-0.6111158413460359
UBFC_PHYS_s15_T1_test,155,40,156.33333333333334,1.1464768648147583,-0.8958547534532747
UBFC_PHYS_s15_T1_test,155,41,156.36666666666667,1.141069769859314,-1.1446206207613723
UBFC_PHYS_s15_T1_test,155,42,156.4,1.201108694076538,-1.3196462715937003
UBFC_PHYS_s15_T1_test,155,43,156.43333333333334,1.2108608484268188,-1.380411580174311
UBFC_PHYS_s15_T1_test,155,44,156.46666666666667,1.121140480041504,-1.2936717976858476
UBFC_PHYS_s15_T1_test,155,45,156.5,0.9344385266304016,-1.0441741791459418
UBFC_PHYS_s15_T1_test,155,46,156.53333333333333,0.6193355917930603,-0.6431471232474342
UBFC_PHYS_s15_T1_test,155,47,156.56666666666666,0.1470770239830017,-0.13164504920564127
UBFC_PHYS_s15_T1_test,155,48,156.6,-0.4161764979362488,0.42340692023132
UBFC_PHYS_s15_T1_test,155,49,156.63333333333333,-0.9117051959037781,0.9409966403657838
UBFC_PHYS_s15_T1_test,155,50,156.66666666666666,-1.2608733177185059,1.3437078920595438
UBFC_PHYS_s15_T1_test,155,51,156.7,-1.5531309843063354,1.5765099215736171
UBFC_PHYS_s15_T1_test,155,52,156.73333333333332,-1.905331015586853,1.619893900652009
UBFC_PHYS_s15_T1_test,155,53,156.76666666666668,-2.257511615753174,1.4917665513755174
UBFC_PHYS_s15_T1_test,155,54,156.8,-2.3322272300720215,1.2373909497757969
UBFC_PHYS_s15_T1_test,155,55,156.83333333333334,-1.9352248907089233,0.9120819184064364
UBFC_PHYS_s15_T1_test,155,56,156.86666666666667,-1.2586525678634644,0.563813116313432
UBFC_PHYS_s15_T1_test,155,57,156.9,-0.712624728679657,0.22206599518184977
UBFC_PHYS_s15_T1_test,155,58,156.93333333333334,-0.4711558520793915,-0.10356558468570236
UBFC_PHYS_s15_T1_test,155,59,156.96666666666667,-0.42507901787757874,-0.4154981051175802
UBFC_PHYS_s15_T1_test,155,60,157.0,-0.4684329628944397,-0.7155498413411563
UBFC_PHYS_s15_T1_test,155,61,157.03333333333333,-0.5429360866546631,-0.9940698607482281
UBFC_PHYS_s15_T1_test,155,62,157.06666666666666,-0.5492701530456543,-1.2257734742268451
UBFC_PHYS_s15_T1_test,155,63,157.1,-0.45528194308280945,-1.3736588981750228
UBFC_PHYS_s15_T1_test,155,64,157.13333333333333,-0.332191526889801,-1.3990231139784028
UBFC_PHYS_s15_T1_test,155,65,157.16666666666666,-0.2216341644525528,-1.2738833925157604
UBFC_PHYS_s15_T1_test,155,66,157.2,-0.12714384496212006,-0.9921431173134553
UBFC_PHYS_s15_T1_test,155,67,157.23333333333332,-0.09730783849954605,-0.5765346326533372
UBFC_PHYS_s15_T1_test,155,68,157.26666666666668,-0.18291495740413666,-0.07887851338124806
UBFC_PHYS_s15_T1_test,155,69,157.3,-0.3453811705112457,0.42789620898485836
UBFC_PHYS_s15_T1_test,155,70,157.33333333333334,-0.5058003664016724,0.865357195927703
UBFC_PHYS_s15_T1_test,155,71,157.36666666666667,-0.6384692192077637,1.1689639529473683
UBFC_PHYS_s15_T1_test,155,72,157.4,-0.796629011631012,1.3045839981364997
UBFC_PHYS_s15_T1_test,155,73,157.43333333333334,-1.0521178245544434,1.275289731555751
UBFC_PHYS_s15_T1_test,155,74,157.46666666666667,-1.3340439796447754,1.1152707142989544
UBFC_PHYS_s15_T1_test,155,75,157.5,-1.3577196598052979,0.8736580985820068
UBFC_PHYS_s15_T1_test,155,76,157.53333333333333,-0.908653974533081,0.5960077931366665
UBFC_PHYS_s15_T1_test,155,77,157.56666666666666,-0.2390723079442978,0.3117624891398191
UBFC_PHYS_s15_T1_test,155,78,157.6,0.23482771217823029,0.0316141979316465
UBFC_PHYS_s15_T1_test,155,79,157.63333333333333,0.39254331588745117,-0.24665570141522097
UBFC_PHYS_s15_T1_test,155,80,157.66666666666666,0.3682303726673126,-0.5276657650683223
UBFC_PHYS_s15_T1_test,155,81,157.7,0.23407456278800964,-0.8072551718250328
UBFC_PHYS_s15_T1_test,155,82,157.73333333333332,0.02080024965107441,-1.0647188429998755
UBFC_PHYS_s15_T1_test,155,83,157.76666666666668,-0.13753333687782288,-1.2620593268470137
UBFC_PHYS_s15_T1_test,155,84,157.8,-0.130851611495018,-1.3517037379036323
UBFC_PHYS_s15_T1_test,155,85,157.83333333333334,-0.019541116431355476,-1.2908183162213211
UBFC_PHYS_s15_T1_test,155,86,157.86666666666667,0.0758761614561081,-1.0574008121054366
UBFC_PHYS_s15_T1_test,155,87,157.9,0.06427004933357239,-0.6622587540734947
UBFC_PHYS_s15_T1_test,155,88,157.93333333333334,-0.10918430238962173,-0.15236168334720357
UBFC_PHYS_s15_T1_test,155,89,157.96666666666667,-0.4068298041820526,0.39613867845156153
UBFC_PHYS_s15_T1_test,155,90,158.0,-0.6923478245735168,0.8940276691353953
UBFC_PHYS_s15_T1_test,155,91,158.03333333333333,-0.8930118083953857,1.2604563378110212
UBFC_PHYS_s15_T1_test,155,92,158.06666666666666,-1.0950276851654053,1.4436135357271378
UBFC_PHYS_s15_T1_test,155,93,158.1,-1.3186721801757812,1.4335108467590336
UBFC_PHYS_s15_T1_test,155,94,158.13333333333333,-1.3358978033065796,1.2611189421063
UBFC_PHYS_s15_T1_test,155,95,158.16666666666666,-0.8922200798988342,0.9831013429949751
UBFC_PHYS_s15_T1_test,155,96,158.2,-0.10518685728311539,0.6587721761687251
UBFC_PHYS_s15_T1_test,155,97,158.23333333333332,0.5862359404563904,0.33041881578920435
UBFC_PHYS_s15_T1_test,155,98,158.26666666666668,0.8880527019500732,0.015749777550424185
UBFC_PHYS_s15_T1_test,155,99,158.3,0.8565173149108887,-0.2859945287084953
UBFC_PHYS_s15_T1_test,155,100,158.33333333333334,0.6378164887428284,-0.5797586388655472
UBFC_PHYS_s15_T1_test,155,101,158.36666666666667,0.31636014580726624,-0.8606570611354423
UBFC_PHYS_s15_T1_test,155,102,158.4,-0.017358936369419098,-1.1066278151211806
UBFC_PHYS_s15_T1_test,155,103,158.43333333333334,-0.2465071678161621,-1.2798687700737057
UBFC_PHYS_s15_T1_test,155,104,158.46666666666667,-0.2808040678501129,-1.3358675331031766
UBFC_PHYS_s15_T1_test,155,105,158.5,-0.1358918696641922,-1.2370576407340688
UBFC_PHYS_s15_T1_test,155,106,158.53333333333333,0.024701138958334923,-0.9671337769138416
UBFC_PHYS_s15_T1_test,155,107,158.56666666666666,0.01448544580489397,-0.5417140778117224
UBFC_PHYS_s15_T1_test,155,108,158.6,-0.22302459180355072,-0.011575504373472037
UBFC_PHYS_s15_T1_test,155,109,158.63333333333333,-0.6092511415481567,0.5438623031516739
UBFC_PHYS_s15_T1_test,155,110,158.66666666666666,-1.027302861213684,1.0327286662489754
UBFC_PHYS_s15_T1_test,155,111,158.7,-1.4290363788604736,1.3729994687641438
UBFC_PHYS_s15_T1_test,155,112,158.73333333333332,-1.7734153270721436,1.5137299544015421
UBFC_PHYS_s15_T1_test,155,113,158.76666666666668,-1.844191312789917,1.4471968881645465
UBFC_PHYS_s15_T1_test,155,114,158.8,-1.4096864461898804,1.2074704694670526
UBFC_PHYS_s15_T1_test,155,115,158.83333333333334,-0.6083435416221619,0.8565891494184434
UBFC_PHYS_s15_T1_test,155,116,158.86666666666667,0.1718534678220749,0.463883321792671
UBFC_PHYS_s15_T1_test,155,117,158.9,0.6827153563499451,0.08580615853690604
UBFC_PHYS_s15_T1_test,155,118,158.93333333333334,0.9345157742500305,-0.2469681776626507
UBFC_PHYS_s15_T1_test,155,119,158.96666666666667,1.0530873537063599,-0.5309893613090686
UBFC_PHYS_s15_T1_test,155,120,159.0,1.111426830291748,-0.7797945903852502
UBFC_PHYS_s15_T1_test,155,121,159.03333333333333,1.0927141904830933,-1.0063939691667767
UBFC_PHYS_s15_T1_test,155,122,159.06666666666666,1.024718999862671,-1.2066312568101811
UBFC_PHYS_s15_T1_test,155,123,159.1,0.956511378288269,-1.3518129970519324
UBFC_PHYS_s15_T1_test,155,124,159.13333333333333,0.8368970155715942,-1.394638019355292
UBFC_PHYS_s15_T1_test,155,125,159.16666666666666,0.6125186681747437,-1.286179203087544
UBFC_PHYS_s15_T1_test,155,126,159.2,0.34171590209007263,-0.997119657792127
UBFC_PHYS_s15_T1_test,155,127,159.23333333333332,0.07987360656261444,-0.5351442820394403
UBFC_PHYS_s15_T1_test,155,128,159.26666666666668,-0.1770443171262741,0.04800108783963619
UBFC_PHYS_s15_T1_test,155,129,159.3,-0.4241134524345398,0.6630450030147106
UBFC_PHYS_s15_T1_test,155,130,159.33333333333334,-0.6779608726501465,1.2028154061274632
UBFC_PHYS_s15_T1_test,155,131,159.36666666666667,-0.9328317642211914,1.5701202148747901
UBFC_PHYS_s15_T1_test,155,132,159.4,-0.9846247434616089,1.7048086644271558
UBFC_PHYS_s15_T1_test,155,133,159.43333333333334,-0.5789902806282043,1.5995740565481058
UBFC_PHYS_s15_T1_test,155,134,159.46666666666667,0.16084600985050201,1.2978090450947704
UBFC_PHYS_s15_T1_test,155,135,159.5,0.7826514840126038,0.8746437516772345
UBFC_PHYS_s15_T1_test,155,136,159.53333333333333,1.012823224067688,0.41031725166312877
UBFC_PHYS_s15_T1_test,155,137,159.56666666666666,0.9462956786155701,-0.031926924395009625
UBFC_PHYS_s15_T1_test,155,138,159.6,0.7289466857910156,-0.41546252824284396
UBFC_PHYS_s15_T1_test,155,139,159.63333333333333,0.48095059394836426,-0.7271397674072376
UBFC_PHYS_s15_T1_test,155,140,159.66666666666666,0.3266144394874573,-0.9667268787495417
UBFC_PHYS_s15_T1_test,155,141,159.7,0.3246253728866577,-1.1356067889572992
UBFC_PHYS_s15_T1_test,155,142,159.73333333333332,0.41486722230911255,-1.2292888020090726
UBFC_PHYS_s15_T1_test,155,143,159.76666666666668,0.4459777772426605,-1.2353612814078894
UBFC_PHYS_s15_T1_test,155,144,159.8,0.2635050415992737,-1.1368145899362039
UBFC_PHYS_s15_T1_test,155,145,159.83333333333334,-0.13000191748142242,-0.9197813921176421
UBFC_PHYS_s15_T1_test,155,146,159.86666666666667,-0.5486136078834534,-0.5835252071440205
UBFC_PHYS_s15_T1_test,155,147,159.9,-0.8053770065307617,-0.14913940379226334
UBFC_PHYS_s15_T1_test,155,148,159.93333333333334,-0.8864459991455078,0.33711051469709613
UBFC_PHYS_s15_T1_test,155,149,159.96666666666667,-0.9108747839927673,0.8087007198628655
UBFC_PHYS_s15_T1_test,155,150,160.0,-0.9290081262588501,1.1919525233784545
UBFC_PHYS_s15_T1_test,155,151,160.03333333333333,-0.7879775166511536,1.4235662337997625
UBFC_PHYS_s15_T1_test,155,152,160.06666666666666,-0.34063059091567993,1.4662986582274191
UBFC_PHYS_s15_T1_test,155,153,160.1,0.30064070224761963,1.3171357897864127
UBFC_PHYS_s15_T1_test,155,154,160.13333333333333,0.8576180338859558,1.0061792925791235
UBFC_PHYS_s15_T1_test,155,155,160.16666666666666,1.1353728771209717,0.5883108394095775
UBFC_PHYS_s15_T1_test,155,156,160.2,1.1160036325454712,0.1307826959111766
UBFC_PHYS_s15_T1_test,155,157,160.23333333333332,0.9285292625427246,-0.30047645122296474
UBFC_PHYS_s15_T1_test,155,158,160.26666666666668,0.7558087110519409,-0.6528344646073355
UBFC_PHYS_s15_T1_test,155,159,160.3,0.7126092910766602,-0.8942478001696582
UBFC_PHYS_s15_T1_test,155,160,160.33333333333334,0.8051491975784302,-1.0145417607535476
UBFC_PHYS_s15_T1_test,155,161,160.36666666666667,0.9575541615486145,-1.021680889795558
UBFC_PHYS_s15_T1_test,155,162,160.4,1.0472359657287598,-0.9354322942974854
UBFC_PHYS_s15_T1_test,155,163,160.43333333333334,0.987563967704773,-0.7806622633874046
UBFC_PHYS_s15_T1_test,155,164,160.46666666666667,0.7656188607215881,-0.581376580098311
UBFC_PHYS_s15_T1_test,155,165,160.5,0.39304542541503906,-0.35608401426044994
UBFC_PHYS_s15_T1_test,155,166,160.53333333333333,-0.104182668030262,-0.11578765614598699
UBFC_PHYS_s15_T1_test,155,167,160.56666666666666,-0.6640374064445496,0.13381614152864443
UBFC_PHYS_s15_T1_test,155,168,160.6,-1.2026883363723755,0.38611817409326693
UBFC_PHYS_s15_T1_test,155,169,160.63333333333333,-1.560430645942688,0.6263588150930594
UBFC_PHYS_s15_T1_test,155,170,160.66666666666666,-1.5212866067886353,0.827976280845534
UBFC_PHYS_s15_T1_test,155,171,160.7,-1.046961784362793,0.9558772574491862
UBFC_PHYS_s15_T1_test,155,172,160.73333333333332,-0.4133184254169464,0.976073787735003
UBFC_PHYS_s15_T1_test,155,173,160.76666666666668,0.010410754941403866,0.86735048589868
UBFC_PHYS_s15_T1_test,155,174,160.8,0.0719173401594162,0.6297210394278753
UBFC_PHYS_s15_T1_test,155,175,160.83333333333334,-0.11812544614076614,0.28668921816405196
UBFC_PHYS_s15_T1_test,155,176,160.86666666666667,-0.35086557269096375,-0.11813412174503617
UBFC_PHYS_s15_T1_test,155,177,160.9,-0.4698812961578369,-0.5276340468455332
UBFC_PHYS_s15_T1_test,155,178,160.93333333333334,-0.430042028427124,-0.8796321037412439
UBFC_PHYS_s15_T1_test,155,179,160.96666666666667,-0.2567421793937683,-1.1172626322982873
UBFC_PHYS_s15_T1_test,155,180,161.0,-0.01104413066059351,-1.20065054160675
UBFC_PHYS_s15_T1_test,155,181,161.03333333333333,0.2148018628358841,-1.1170692577561718
UBFC_PHYS_s15_T1_test,155,182,161.06666666666666,0.3467561602592468,-0.885486888667346
UBFC_PHYS_s15_T1_test,155,183,161.1,0.3687710762023926,-0.5525278628009809
UBFC_PHYS_s15_T1_test,155,184,161.13333333333333,0.29231753945350647,-0.1802068517363344
UBFC_PHYS_s15_T1_test,155,185,161.16666666666666,0.10578940808773041,0.1706466601173871
UBFC_PHYS_s15_T1_test,155,186,161.2,-0.20483331382274628,0.4556302578901084
UBFC_PHYS_s15_T1_test,155,187,161.23333333333332,-0.5743556022644043,0.6555712305976168
UBFC_PHYS_s15_T1_test,155,188,161.26666666666668,-0.8159016966819763,0.7759926372491355
UBFC_PHYS_s15_T1_test,155,189,161.3,-0.7081058621406555,0.8375251865044975
UBFC_PHYS_s15_T1_test,155,190,161.33333333333334,-0.1941155344247818,0.8609404368027724
UBFC_PHYS_s15_T1_test,155,191,161.36666666666667,0.503390371799469,0.8532385688776891
UBFC_PHYS_s15_T1_test,155,192,161.4,1.041616439819336,0.8019852644967441
UBFC_PHYS_s15_T1_test,155,193,161.43333333333334,1.288299322128296,0.6819166602616922
UBFC_PHYS_s15_T1_test,155,194,161.46666666666667,1.3330050706863403,0.4710382091902209
UBFC_PHYS_s15_T1_test,155,195,161.5,1.2498891353607178,0.1676916436189003
UBFC_PHYS_s15_T1_test,155,196,161.53333333333333,1.0977351665496826,-0.20025825288438998
UBFC_PHYS_s15_T1_test,155,197,161.56666666666666,1.0007150173187256,-0.5783303091625789
UBFC_PHYS_s15_T1_test,155,198,161.6,0.9862894415855408,-0.8985433211035562
UBFC_PHYS_s15_T1_test,155,199,161.63333333333333,0.9498103260993958,-1.0969324639375333
UBFC_PHYS_s15_T1_test,155,200,161.66666666666666,0.7943348288536072,-1.1295685096259562
UBFC_PHYS_s15_T1_test,155,201,161.7,0.4842914640903473,-0.9833403651768667
UBFC_PHYS_s15_T1_test,155,202,161.73333333333332,0.04190753400325775,-0.6797440071608966
UBFC_PHYS_s15_T1_test,155,203,161.76666666666668,-0.42349550127983093,-0.27109004797349584
UBFC_PHYS_s15_T1_test,155,204,161.8,-0.7714856266975403,0.1705354787130405
UBFC_PHYS_s15_T1_test,155,205,161.83333333333334,-0.9854937791824341,0.5699180837869438
UBFC_PHYS_s15_T1_test,155,206,161.86666666666667,-1.2173649072647095,0.8673736782915241
UBFC_PHYS_s15_T1_test,155,207,161.9,-1.609153151512146,1.033570338157075
UBFC_PHYS_s15_T1_test,155,208,161.93333333333334,-2.017510414123535,1.0737860897087994
UBFC_PHYS_s15_T1_test,155,209,161.96666666666667,-2.0750389099121094,1.0183626734277451
UBFC_PHYS_s15_T1_test,155,210,162.0,-1.627112627029419,0.9038960498717279
UBFC_PHYS_s15_T1_test,155,211,162.03333333333333,-0.9426226019859314,0.7554096970891079
UBFC_PHYS_s15_T1_test,155,212,162.06666666666666,-0.3934856951236725,0.578044189310603
UBFC_PHYS_s15_T1_test,155,213,162.1,-0.0776682123541832,0.3603672448125198
UBFC_PHYS_s15_T1_test,155,214,162.13333333333333,0.10022774338722229,0.08584343734608055
UBFC_PHYS_s15_T1_test,155,215,162.16666666666666,0.21673299372196198,-0.2534008981865532
UBFC_PHYS_s15_T1_test,155,216,162.2,0.29345691204071045,-0.6459634975300966
UBFC_PHYS_s15_T1_test,155,217,162.23333333333332,0.36487019062042236,-1.0571788897743737
UBFC_PHYS_s15_T1_test,155,218,162.26666666666668,0.44929933547973633,-1.4329600776369626
UBFC_PHYS_s15_T1_test,155,219,162.3,0.5187621712684631,-1.7105584465914883
UBFC_PHYS_s15_T1_test,155,220,162.33333333333334,0.590600311756134,-1.8334842034150654
UBFC_PHYS_s15_T1_test,155,221,162.36666666666667,0.6949587464332581,-1.7665924682595429
UBFC_PHYS_s15_T1_test,155,222,162.4,0.7600572109222412,-1.507109763387711
UBFC_PHYS_s15_T1_test,155,223,162.43333333333334,0.7075111269950867,-1.088310049981517
UBFC_PHYS_s15_T1_test,155,224,162.46666666666667,0.5954474806785583,-0.5744017733564404
UBFC_PHYS_s15_T1_test,155,225,162.5,0.5271626114845276,-0.04721290653089058
UBFC_PHYS_s15_T1_test,155,226,162.53333333333333,0.4938698709011078,0.412920881648636
UBFC_PHYS_s15_T1_test,155,227,162.56666666666666,0.37983646988868713,0.747421382819893
UBFC_PHYS_s15_T1_test,155,228,162.6,0.1535463184118271,0.9339225756014075
UBFC_PHYS_s15_T1_test,155,229,162.63333333333333,0.012786048464477062,0.9883456900471288
UBFC_PHYS_s15_T1_test,155,230,162.66666666666666,0.2261955440044403,0.9529730890884393
UBFC_PHYS_s15_T1_test,155,231,162.7,0.79609215259552,0.8760578661199909
UBFC_PHYS_s15_T1_test,155,232,162.73333333333332,1.4222233295440674,0.7933022057997691
UBFC_PHYS_s15_T1_test,155,233,162.76666666666668,1.7841756343841553,0.720065165532786
UBFC_PHYS_s15_T1_test,155,234,162.8,1.7744812965393066,0.6555869285220353
UBFC_PHYS_s15_T1_test,155,235,162.83333333333334,1.49997079372406,0.5930246594785905
UBFC_PHYS_s15_T1_test,155,236,162.86666666666667,1.1554373502731323,0.5275633930946759
UBFC_PHYS_s15_T1_test,155,237,162.9,0.9186225533485413,0.45870905769191395
UBFC_PHYS_s15_T1_test,155,238,162.93333333333334,0.8396778106689453,0.3879467669908116
UBFC_PHYS_s15_T1_test,155,239,162.96666666666667,0.8053616285324097,0.31575775898320224
UBFC_PHYS_s15_T1_test,156,0,156.0,-0.7210251092910767,-0.14296224635077998
UBFC_PHYS_s15_T1_test,156,1,156.03333333333333,-1.0506502389907837,0.2576516089665828
UBFC_PHYS_s15_T1_test,156,2,156.06666666666666,-1.3358012437820435,0.5710751047653572
UBFC_PHYS_s15_T1_test,156,3,156.1,-1.2421993017196655,0.7311318270669178
UBFC_PHYS_s15_T1_test,156,4,156.13333333333333,-0.6348193883895874,0.711145751717163
UBFC_PHYS_s15_T1_test,156,5,156.16666666666666,0.1713513731956482,0.525642818826006
UBFC_PHYS_s15_T1_test,156,6,156.2,0.797946035861969,0.21903852666363605
UBFC_PHYS_s15_T1_test,156,7,156.23333333333332,1.1558622121810913,-0.1513864446915775
UBFC_PHYS_s15_T1_test,156,8,156.26666666666668,1.290578007698059,-0.5301254905349827
UBFC_PHYS_s15_T1_test,156,9,156.3,1.2428210973739624,-0.8714685563826496
UBFC_PHYS_s15_T1_test,156,10,156.33333333333334,1.1464768648147583,-1.1411217524613368
UBFC_PHYS_s15_T1_test,156,11,156.36666666666667,1.141069769859314,-1.314148226378489
UBFC_PHYS_s15_T1_test,156,12,156.4,1.201108694076538,-1.3721471708345974
UBFC_PHYS_s15_T1_test,156,13,156.43333333333334,1.2108608484268188,-1.3018497133237807
UBFC_PHYS_s15_T1_test,156,14,156.46666666666667,1.121140480041504,-1.096782787370973
UBFC_PHYS_s15_T1_test,156,15,156.5,0.9344385266304016,-0.7624546287417506
UBFC_PHYS_s15_T1_test,156,16,156.53333333333333,0.6193355917930603,-0.32291035595140644
UBFC_PHYS_s15_T1_test,156,17,156.56666666666666,0.1470770239830017,0.17593821914842758
UBFC_PHYS_s15_T1_test,156,18,156.6,-0.4161764979362488,0.6707705899154074
UBFC_PHYS_s15_T1_test,156,19,156.63333333333333,-0.9117051959037781,1.0940687259920208
UBFC_PHYS_s15_T1_test,156,20,156.66666666666666,-1.2608733177185059,1.3913886038131023
UBFC_PHYS_s15_T1_test,156,21,156.7,-1.5531309843063354,1.5347359875650388
UBFC_PHYS_s15_T1_test,156,22,156.73333333333332,-1.905331015586853,1.526278983344716
UBFC_PHYS_s15_T1_test,156,23,156.76666666666668,-2.257511615753174,1.3920452113588837
UBFC_PHYS_s15_T1_test,156,24,156.8,-2.3322272300720215,1.1697161686079716
UBFC_PHYS_s15_T1_test,156,25,156.83333333333334,-1.9352248907089233,0.8960209254182054
UBFC_PHYS_s15_T1_test,156,26,156.86666666666667,-1.2586525678634644,0.5978031843965336
UBFC_PHYS_s15_T1_test,156,27,156.9,-0.712624728679657,0.2886317001803611
UBFC_PHYS_s15_T1_test,156,28,156.93333333333334,-0.4711558520793915,-0.028578307834798353
UBFC_PHYS_s15_T1_test,156,29,156.96666666666667,-0.42507901787757874,-0.3538546439072379
UBFC_PHYS_s15_T1_test,156,30,157.0,-0.4684329628944397,-0.6804763076584197
UBFC_PHYS_s15_T1_test,156,31,157.03333333333333,-0.5429360866546631,-0.9878615372062918
UBFC_PHYS_s15_T1_test,156,32,157.06666666666666,-0.5492701530456543,-1.2406754547220302
UBFC_PHYS_s15_T1_test,156,33,157.1,-0.45528194308280945,-1.3951194965419749
UBFC_PHYS_s15_T1_test,156,34,157.13333333333333,-0.332191526889801,-1.410566873828699
UBFC_PHYS_s15_T1_test,156,35,157.16666666666666,-0.2216341644525528,-1.2628568196558487
UBFC_PHYS_s15_T1_test,156,36,157.2,-0.12714384496212006,-0.9550303513897367
UBFC_PHYS_s15_T1_test,156,37,157.23333333333332,-0.09730783849954605,-0.5219015538422913
UBFC_PHYS_s15_T1_test,156,38,157.26666666666668,-0.18291495740413666,-0.026241525087197425
UBFC_PHYS_s15_T1_test,156,39,157.3,-0.3453811705112457,0.45372389396227125
UBFC_PHYS_s15_T1_test,156,40,157.33333333333334,-0.5058003664016724,0.843321189392346
UBFC_PHYS_s15_T1_test,156,41,157.36666666666667,-0.6384692192077637,1.091549512025977
UBFC_PHYS_s15_T1_test,156,42,157.4,-0.796629011631012,1.184198920753635
UBFC_PHYS_s15_T1_test,156,43,157.43333333333334,-1.0521178245544434,1.1430930083886897
UBFC_PHYS_s15_T1_test,156,44,157.46666666666667,-1.3340439796447754,1.0112313650126834
UBFC_PHYS_s15_T1_test,156,45,157.5,-1.3577196598052979,0.8313980293101466
UBFC_PHYS_s15_T1_test,156,46,157.53333333333333,-0.908653974533081,0.6291254563516026
UBFC_PHYS_s15_T1_test,156,47,157.56666666666666,-0.2390723079442978,0.40776376073407383
UBFC_PHYS_s15_T1_test,156,48,157.6,0.23482771217823029,0.15599447692208407
UBFC_PHYS_s15_T1_test,156,49,157.63333333333333,0.39254331588745117,-0.13810092385044279
UBFC_PHYS_s15_T1_test,156,50,157.66666666666666,0.3682303726673126,-0.4734162795791388
UBFC_PHYS_s15_T1_test,156,51,157.7,0.23407456278800964,-0.8272917599089817
UBFC_PHYS_s15_T1_test,156,52,157.73333333333332,0.02080024965107441,-1.1543825929474731
UBFC_PHYS_s15_T1_test,156,53,157.76666666666668,-0.13753333687782288,-1.3937365176548102
UBFC_PHYS_s15_T1_test,156,54,157.8,-0.130851611495018,-1.4833858372942716
UBFC_PHYS_s15_T1_test,156,55,157.83333333333334,-0.019541116431355476,-1.3793265616697212
UBFC_PHYS_s15_T1_test,156,56,157.86666666666667,0.0758761614561081,-1.0727984489422522
UBFC_PHYS_s15_T1_test,156,57,157.9,0.06427004933357239,-0.5987655882441338
UBFC_PHYS_s15_T1_test,156,58,157.93333333333334,-0.10918430238962173,-0.031245482648969695
UBFC_PHYS_s15_T1_test,156,59,157.96666666666667,-0.4068298041820526,0.5337922367380883
UBFC_PHYS_s15_T1_test,156,60,158.0,-0.6923478245735168,1.00261698887941
UBFC_PHYS_s15_T1_test,156,61,158.03333333333333,-0.8930118083953857,1.3072662548049332
UBFC_PHYS_s15_T1_test,156,62,158.06666666666666,-1.0950276851654053,1.4209743250904447
UBFC_PHYS_s15_T1_test,156,63,158.1,-1.3186721801757812,1.3605730709196744
UBFC_PHYS_s15_T1_test,156,64,158.13333333333333,-1.3358978033065796,1.174876668659509
UBFC_PHYS_s15_T1_test,156,65,158.16666666666666,-0.8922200798988342,0.9230969805695346
UBFC_PHYS_s15_T1_test,156,66,158.2,-0.10518685728311539,0.6521489785204675
UBFC_PHYS_s15_T1_test,156,67,158.23333333333332,0.5862359404563904,0.3829827668165784
UBFC_PHYS_s15_T1_test,156,68,158.26666666666668,0.8880527019500732,0.11177149674023622
UBFC_PHYS_s15_T1_test,156,69,158.3,0.8565173149108887,-0.17589461557614747
UBFC_PHYS_s15_T1_test,156,70,158.33333333333334,0.6378164887428284,-0.48624421801446116
UBFC_PHYS_s15_T1_test,156,71,158.36666666666667,0.31636014580726624,-0.8040312677637922
UBFC_PHYS_s15_T1_test,156,72,158.4,-0.017358936369419098,-1.0905776304325971
UBFC_PHYS_s15_T1_test,156,73,158.43333333333334,-0.2465071678161621,-1.292785036350675
UBFC_PHYS_s15_T1_test,156,74,158.46666666666667,-0.2808040678501129,-1.358708542311089
UBFC_PHYS_s15_T1_test,156,75,158.5,-0.1358918696641922,-1.2541769796181357
UBFC_PHYS_s15_T1_test,156,76,158.53333333333333,0.024701138958334923,-0.9755380667840716
UBFC_PHYS_s15_T1_test,156,77,158.56666666666666,0.01448544580489397,-0.5549355293310317
UBFC_PHYS_s15_T1_test,156,78,158.6,-0.22302459180355072,-0.05618088391514021
UBFC_PHYS_s15_T1_test,156,79,158.63333333333333,-0.6092511415481567,0.43871512607784324
UBFC_PHYS_s15_T1_test,156,80,158.66666666666666,-1.027302861213684,0.849709379732737
UBFC_PHYS_s15_T1_test,156,81,158.7,-1.4290363788604736,1.1197446864163447
UBFC_PHYS_s15_T1_test,156,82,158.73333333333332,-1.7734153270721436,1.2283603785026798
UBFC_PHYS_s15_T1_test,156,83,158.76666666666668,-1.844191312789917,1.1914766479552807
UBFC_PHYS_s15_T1_test,156,84,158.8,-1.4096864461898804,1.0479787934688123
UBFC_PHYS_s15_T1_test,156,85,158.83333333333334,-0.6083435416221619,0.8407196988316245
UBFC_PHYS_s15_T1_test,156,86,158.86666666666667,0.1718534678220749,0.6010512152747557
UBFC_PHYS_s15_T1_test,156,87,158.9,0.6827153563499451,0.3424755976003955
UBFC_PHYS_s15_T1_test,156,88,158.93333333333334,0.9345157742500305,0.06405285568023977
UBFC_PHYS_s15_T1_test,156,89,158.96666666666667,1.0530873537063599,-0.23945182942984466
UBFC_PHYS_s15_T1_test,156,90,159.0,1.111426830291748,-0.5651215618003109
UBFC_PHYS_s15_T1_test,156,91,159.03333333333333,1.0927141904830933,-0.8918213544400144
UBFC_PHYS_s15_T1_test,156,92,159.06666666666666,1.024718999862671,-1.1771133826036684
UBFC_PHYS_s15_T1_test,156,93,159.1,0.956511378288269,-1.3641628135461223
UBFC_PHYS_s15_T1_test,156,94,159.13333333333333,0.8368970155715942,-1.3976677242996995
UBFC_PHYS_s15_T1_test,156,95,159.16666666666666,0.6125186681747437,-1.2433515529228147
UBFC_PHYS_s15_T1_test,156,96,159.2,0.34171590209007263,-0.9032874441023827
UBFC_PHYS_s15_T1_test,156,97,159.23333333333332,0.07987360656261444,-0.42063910103015406
UBFC_PHYS_s15_T1_test,156,98,159.26666666666668,-0.1770443171262741,0.12829293468695627
UBFC_PHYS_s15_T1_test,156,99,159.3,-0.4241134524345398,0.6520235314130504
UBFC_PHYS_s15_T1_test,156,100,159.33333333333334,-0.6779608726501465,1.0661555028629697
UBFC_PHYS_s15_T1_test,156,101,159.36666666666667,-0.9328317642211914,1.3134021869142853
UBFC_PHYS_s15_T1_test,156,102,159.4,-0.9846247434616089,1.3753990085104029
UBFC_PHYS_s15_T1_test,156,103,159.43333333333334,-0.5789902806282043,1.2724270068056338
UBFC_PHYS_s15_T1_test,156,104,159.46666666666667,0.16084600985050201,1.0508857778223126
UBFC_PHYS_s15_T1_test,156,105,159.5,0.7826514840126038,0.7633759031489606
UBFC_PHYS_s15_T1_test,156,106,159.53333333333333,1.012823224067688,0.4505957059081458
UBFC_PHYS_s15_T1_test,156,107,159.56666666666666,0.9462956786155701,0.13383444564919394
UBFC_PHYS_s15_T1_test,156,108,159.6,0.7289466857910156,-0.1797974429269833
UBFC_PHYS_s15_T1_test,156,109,159.63333333333333,0.48095059394836426,-0.48505549707989754
UBFC_PHYS_s15_T1_test,156,110,159.66666666666666,0.3266144394874573,-0.7678113215083033
UBFC_PHYS_s15_T1_test,156,111,159.7,0.3246253728866577,-1.001815872657829
UBFC_PHYS_s15_T1_test,156,112,159.73333333333332,0.41486722230911255,-1.1534718760462472
UBFC_PHYS_s15_T1_test,156,113,159.76666666666668,0.4459777772426605,-1.1909755141488598
UBFC_PHYS_s15_T1_test,156,114,159.8,0.2635050415992737,-1.0937148646402581
UBFC_PHYS_s15_T1_test,156,115,159.83333333333334,-0.13000191748142242,-0.8595170561710195
UBFC_PHYS_s15_T1_test,156,116,159.86666666666667,-0.5486136078834534,-0.508596639507823
UBFC_PHYS_s15_T1_test,156,117,159.9,-0.8053770065307617,-0.08317130504396855
UBFC_PHYS_s15_T1_test,156,118,159.93333333333334,-0.8864459991455078,0.3583830695945592
UBFC_PHYS_s15_T1_test,156,119,159.96666666666667,-0.9108747839927673,0.752721503413478
UBFC_PHYS_s15_T1_test,156,120,160.0,-0.9290081262588501,1.0451022290535756
UBFC_PHYS_s15_T1_test,156,121,160.03333333333333,-0.7879775166511536,1.200315201082037
UBFC_PHYS_s15_T1_test,156,122,160.06666666666666,-0.34063059091567993,1.206966847536545
UBFC_PHYS_s15_T1_test,156,123,160.1,0.30064070224761963,1.0747288622110247
UBFC_PHYS_s15_T1_test,156,124,160.13333333333333,0.8576180338859558,0.8278618613717914
UBFC_PHYS_s15_T1_test,156,125,160.16666666666666,1.1353728771209717,0.4992793184095282
UBFC_PHYS_s15_T1_test,156,126,160.2,1.1160036325454712,0.12689764726939973
UBFC_PHYS_s15_T1_test,156,127,160.23333333333332,0.9285292625427246,-0.24893207277997945
UBFC_PHYS_s15_T1_test,156,128,160.26666666666668,0.7558087110519409,-0.5884894356761989
UBFC_PHYS_s15_T1_test,156,129,160.3,0.7126092910766602,-0.8563857632431475
UBFC_PHYS_s15_T1_test,156,130,160.33333333333334,0.8051491975784302,-1.0250363533382587
UBFC_PHYS_s15_T1_test,156,131,160.36666666666667,0.9575541615486145,-1.077336397755672
UBFC_PHYS_s15_T1_test,156,132,160.4,1.0472359657287598,-1.008891393633243
UBFC_PHYS_s15_T1_test,156,133,160.43333333333334,0.987563967704773,-0.8299954484560129
UBFC_PHYS_s15_T1_test,156,134,160.46666666666667,0.7656188607215881,-0.5658527203125993
UBFC_PHYS_s15_T1_test,156,135,160.5,0.39304542541503906,-0.2527741769682271
UBFC_PHYS_s15_T1_test,156,136,160.53333333333333,-0.104182668030262,0.06975988192152834
UBFC_PHYS_s15_T1_test,156,137,160.56666666666666,-0.6640374064445496,0.3679787843487996
UBFC_PHYS_s15_T1_test,156,138,160.6,-1.2026883363723755,0.6190972993292925
UBFC_PHYS_s15_T1_test,156,139,160.63333333333333,-1.560430645942688,0.8104265662132634
UBFC_PHYS_s15_T1_test,156,140,160.66666666666666,-1.5212866067886353,0.9339666049679458
UBFC_PHYS_s15_T1_test,156,141,160.7,-1.046961784362793,0.981130221214513
UBFC_PHYS_s15_T1_test,156,142,160.73333333333332,-0.4133184254169464,0.9415015345942167
UBFC_PHYS_s15_T1_test,156,143,160.76666666666668,0.010410754941403866,0.8062433369500814
UBFC_PHYS_s15_T1_test,156,144,160.8,0.0719173401594162,0.5738377465687464
UBFC_PHYS_s15_T1_test,156,145,160.83333333333334,-0.11812544614076614,0.2551928425064139
UBFC_PHYS_s15_T1_test,156,146,160.86666666666667,-0.35086557269096375,-0.12338670646115224
UBFC_PHYS_s15_T1_test,156,147,160.9,-0.4698812961578369,-0.5197646161525034
UBFC_PHYS_s15_T1_test,156,148,160.93333333333334,-0.430042028427124,-0.8792428971931374
UBFC_PHYS_s15_T1_test,156,149,160.96666666666667,-0.2567421793937683,-1.1430806204686585
UBFC_PHYS_s15_T1_test,156,150,161.0,-0.01104413066059351,-1.2615577765404196
UBFC_PHYS_s15_T1_test,156,151,161.03333333333333,0.2148018628358841,-1.2076638239743893
UBFC_PHYS_s15_T1_test,156,152,161.06666666666666,0.3467561602592468,-0.9861640481993512
UBFC_PHYS_s15_T1_test,156,153,161.1,0.3687710762023926,-0.6342058213990336
UBFC_PHYS_s15_T1_test,156,154,161.13333333333333,0.29231753945350647,-0.21283392126437078
UBFC_PHYS_s15_T1_test,156,155,161.16666666666666,0.10578940808773041,0.20806196633492208
UBFC_PHYS_s15_T1_test,156,156,161.2,-0.20483331382274628,0.5670581682142942
UBFC_PHYS_s15_T1_test,156,157,161.23333333333332,-0.5743556022644043,0.825647593068141
UBFC_PHYS_s15_T1_test,156,158,161.26666666666668,-0.8159016966819763,0.9745815420550755
UBFC_PHYS_s15_T1_test,156,159,161.3,-0.7081058621406555,1.0288277141045903
UBFC_PHYS_s15_T1_test,156,160,161.33333333333334,-0.1941155344247818,1.0127233054495088
UBFC_PHYS_s15_T1_test,156,161,161.36666666666667,0.503390371799469,0.9425020258258805
UBFC_PHYS_s15_T1_test,156,162,161.4,1.041616439819336,0.8160643651772377
UBFC_PHYS_s15_T1_test,156,163,161.43333333333334,1.288299322128296,0.616593318468164
UBFC_PHYS_s15_T1_test,156,164,161.46666666666667,1.3330050706863403,0.32809574911825046
UBFC_PHYS_s15_T1_test,156,165,161.5,1.2498891353607178,-0.04655902676661119
UBFC_PHYS_s15_T1_test,156,166,161.53333333333333,1.0977351665496826,-0.4752980410433611
UBFC_PHYS_s15_T1_test,156,167,161.56666666666666,1.0007150173187256,-0.8991619622657964
UBFC_PHYS_s15_T1_test,156,168,161.6,0.9862894415855408,-1.2454888104352348
UBFC_PHYS_s15_T1_test,156,169,161.63333333333333,0.9498103260993958,-1.4460658816624377
UBFC_PHYS_s15_T1_test,156,170,161.66666666666666,0.7943348288536072,-1.4544303632556592
UBFC_PHYS_s15_T1_test,156,171,161.7,0.4842914640903473,-1.258467997576744
UBFC_PHYS_s15_T1_test,156,172,161.73333333333332,0.04190753400325775,-0.8856050934903381
UBFC_PHYS_s15_T1_test,156,173,161.76666666666668,-0.42349550127983093,-0.3984923443490769
UBFC_PHYS_s15_T1_test,156,174,161.8,-0.7714856266975403,0.11927338626591698
UBFC_PHYS_s15_T1_test,156,175,161.83333333333334,-0.9854937791824341,0.5845938287378551
UBFC_PHYS_s15_T1_test,156,176,161.86666666666667,-1.2173649072647095,0.9368388713736022
UBFC_PHYS_s15_T1_test,156,177,161.9,-1.609153151512146,1.1516918539615986
UBFC_PHYS_s15_T1_test,156,178,161.93333333333334,-2.017510414123535,1.2403507800217668
UBFC_PHYS_s15_T1_test,156,179,161.96666666666667,-2.0750389099121094,1.2342715892825087
UBFC_PHYS_s15_T1_test,156,180,162.0,-1.627112627029419,1.1639649936351593
UBFC_PHYS_s15_T1_test,156,181,162.03333333333333,-0.9426226019859314,1.043706492858796
UBFC_PHYS_s15_T1_test,156,182,162.06666666666666,-0.3934856951236725,0.8689152467111998
UBFC_PHYS_s15_T1_test,156,183,162.1,-0.0776682123541832,0.6247067594491807
UBFC_PHYS_s15_T1_test,156,184,162.13333333333333,0.10022774338722229,0.2995920624536058
UBFC_PHYS_s15_T1_test,156,185,162.16666666666666,0.21673299372196198,-0.10178342386055858
UBFC_PHYS_s15_T1_test,156,186,162.2,0.29345691204071045,-0.5511420479294751
UBFC_PHYS_s15_T1_test,156,187,162.23333333333332,0.36487019062042236,-0.9965917631538113
UBFC_PHYS_s15_T1_test,156,188,162.26666666666668,0.44929933547973633,-1.3707165892910034
UBFC_PHYS_s15_T1_test,156,189,162.3,0.5187621712684631,-1.6053477230919337
UBFC_PHYS_s15_T1_test,156,190,162.33333333333334,0.590600311756134,-1.6492176790275994
UBFC_PHYS_s15_T1_test,156,191,162.36666666666667,0.6949587464332581,-1.4830574053013608
UBFC_PHYS_s15_T1_test,156,192,162.4,0.7600572109222412,-1.12711216750452
UBFC_PHYS_s15_T1_test,156,193,162.43333333333334,0.7075111269950867,-0.6383876057154523
UBFC_PHYS_s15_T1_test,156,194,162.46666666666667,0.5954474806785583,-0.09811527578640507
UBFC_PHYS_s15_T1_test,156,195,162.5,0.5271626114845276,0.4072996151377999
UBFC_PHYS_s15_T1_test,156,196,162.53333333333333,0.4938698709011078,0.8069049936546147
UBFC_PHYS_s15_T1_test,156,197,162.56666666666666,0.37983646988868713,1.0615256518131102
UBFC_PHYS_s15_T1_test,156,198,162.6,0.1535463184118271,1.169841187690711
UBFC_PHYS_s15_T1_test,156,199,162.63333333333333,0.012786048464477062,1.16082427709163
UBFC_PHYS_s15_T1_test,156,200,162.66666666666666,0.2261955440044403,1.0749719038944148
UBFC_PHYS_s15_T1_test,156,201,162.7,0.79609215259552,0.9430195199821642
UBFC_PHYS_s15_T1_test,156,202,162.73333333333332,1.4222233295440674,0.7732392507569613
UBFC_PHYS_s15_T1_test,156,203,162.76666666666668,1.7841756343841553,0.5540864788620551
UBFC_PHYS_s15_T1_test,156,204,162.8,1.7744812965393066,0.2693974165693737
UBFC_PHYS_s15_T1_test,156,205,162.83333333333334,1.49997079372406,-0.0840477220942783
UBFC_PHYS_s15_T1_test,156,206,162.86666666666667,1.1554373502731323,-0.4861418410888072
UBFC_PHYS_s15_T1_test,156,207,162.9,0.9186225533485413,-0.8936561700660977
UBFC_PHYS_s15_T1_test,156,208,162.93333333333334,0.8396778106689453,-1.2487285800680779
UBFC_PHYS_s15_T1_test,156,209,162.96666666666667,0.8053616285324097,-1.4911847095151614
UBFC_PHYS_s15_T1_test,156,210,163.0,0.6916950941085815,-1.571378218709655
UBFC_PHYS_s15_T1_test,156,211,163.03333333333333,0.5244396924972534,-1.4617351054242769
UBFC_PHYS_s15_T1_test,156,212,163.06666666666666,0.3689255714416504,-1.1648557907250516
UBFC_PHYS_s15_T1_test,156,213,163.1,0.19659127295017242,-0.7153258074198962
UBFC_PHYS_s15_T1_test,156,214,163.13333333333333,0.013616436161100864,-0.17355544674323486
UBFC_PHYS_s15_T1_test,156,215,163.16666666666666,-0.11242860555648804,0.3872138725029292
UBFC_PHYS_s15_T1_test,156,216,163.2,-0.2094680368900299,0.8968228019321248
UBFC_PHYS_s15_T1_test,156,217,163.23333333333332,-0.38228511810302734,1.3019299851125903
UBFC_PHYS_s15_T1_test,156,218,163.26666666666668,-0.6410762071609497,1.57354556928738
UBFC_PHYS_s15_T1_test,156,219,163.3,-0.8253642320632935,1.706972352396626
UBFC_PHYS_s15_T1_test,156,220,163.33333333333334,-0.7434262633323669,1.7155457905869893
UBFC_PHYS_s15_T1_test,156,221,163.36666666666667,-0.40754434466362,1.6211778870388205
UBFC_PHYS_s15_T1_test,156,222,163.4,-0.06057769060134888,1.4448397864486562
UBFC_PHYS_s15_T1_test,156,223,163.43333333333334,0.09688688814640045,1.1999337814956643
UBFC_PHYS_s15_T1_test,156,224,163.46666666666667,0.07548993080854416,0.8914943675978224
UBFC_PHYS_s15_T1_test,156,225,163.5,-0.02929333597421646,0.5223637793062964
UBFC_PHYS_s15_T1_test,156,226,163.53333333333333,-0.15558943152427673,0.10318265486093732
UBFC_PHYS_s15_T1_test,156,227,163.56666666666666,-0.24285732209682465,-0.3400591861938467
UBFC_PHYS_s15_T1_test,156,228,163.6,-0.24428635835647583,-0.7656878455644491
UBFC_PHYS_s15_T1_test,156,229,163.63333333333333,-0.19363275170326233,-1.1236896637911062
UBFC_PHYS_s15_T1_test,156,230,163.66666666666666,-0.16862457990646362,-1.3676580768774245
UBFC_PHYS_s15_T1_test,156,231,163.7,-0.18542543053627014,-1.4670536051529501
UBFC_PHYS_s15_T1_test,156,232,163.73333333333332,-0.23831915855407715,-1.4162474023458786
UBFC_PHYS_s15_T1_test,156,233,163.76666666666668,-0.366044282913208,-1.238186525277791
UBFC_PHYS_s15_T1_test,156,234,163.8,-0.5476287007331848,-0.9813924839861687
UBFC_PHYS_s15_T1_test,156,235,163.83333333333334,-0.6704294681549072,-0.7095968044410585
UBFC_PHYS_s15_T1_test,156,236,163.86666666666667,-0.6968087553977966,-0.48469678690163737
UBFC_PHYS_s15_T1_test,156,237,163.9,-0.7232266068458557,-0.346915149960759
UBFC_PHYS_s15_T1_test,156,238,163.93333333333334,-0.8289754390716553,-0.2999892462880847
UBFC_PHYS_s15_T1_test,156,239,163.96666666666667,-0.9325035214424133,-0.30956598715437883
UBFC_PHYS_s15_T1_test,157,0,157.0,-0.4684329628944397,0.03461359976433748
UBFC_PHYS_s15_T1_test,157,1,157.03333333333333,-0.5429360866546631,-0.0926534977257034
UBFC_PHYS_s15_T1_test,157,2,157.06666666666666,-0.5492701530456543,-0.20921372679482855
UBFC_PHYS_s15_T1_test,157,3,157.1,-0.45528194308280945,-0.2980728425090339
UBFC_PHYS_s15_T1_test,157,4,157.13333333333333,-0.332191526889801,-0.3336525391851164
UBFC_PHYS_s15_T1_test,157,5,157.16666666666666,-0.2216341644525528,-0.2874757526358613
UBFC_PHYS_s15_T1_test,157,6,157.2,-0.12714384496212006,-0.1396864337200974
UBFC_PHYS_s15_T1_test,157,7,157.23333333333332,-0.09730783849954605,0.10881043953968131
UBFC_PHYS_s15_T1_test,157,8,157.26666666666668,-0.18291495740413666,0.42945925912859123
UBFC_PHYS_s15_T1_test,157,9,157.3,-0.3453811705112457,0.768329666788392
UBFC_PHYS_s15_T1_test,157,10,157.33333333333334,-0.5058003664016724,1.0583077367838263
UBFC_PHYS_s15_T1_test,157,11,157.36666666666667,-0.6384692192077637,1.23811340789763
UBFC_PHYS_s15_T1_test,157,12,157.4,-0.796629011631012,1.2713746896608762
UBFC_PHYS_s15_T1_test,157,13,157.43333333333334,-1.0521178245544434,1.1576720839325574
UBFC_PHYS_s15_T1_test,157,14,157.46666666666667,-1.3340439796447754,0.9302064994060779
UBFC_PHYS_s15_T1_test,157,15,157.5,-1.3577196598052979,0.6408329057333246
UBFC_PHYS_s15_T1_test,157,16,157.53333333333333,-0.908653974533081,0.33964994651694164
UBFC_PHYS_s15_T1_test,157,17,157.56666666666666,-0.2390723079442978,0.058828768010399386
UBFC_PHYS_s15_T1_test,157,18,157.6,0.23482771217823029,-0.19301733454349335
UBFC_PHYS_s15_T1_test,157,19,157.63333333333333,0.39254331588745117,-0.42551269739547454
UBFC_PHYS_s15_T1_test,157,20,157.66666666666666,0.3682303726673126,-0.6539642738642903
UBFC_PHYS_s15_T1_test,157,21,157.7,0.23407456278800964,-0.8850249500414215
UBFC_PHYS_s15_T1_test,157,22,157.73333333333332,0.02080024965107441,-1.1063198258593696
UBFC_PHYS_s15_T1_test,157,23,157.76666666666668,-0.13753333687782288,-1.2844754679005805
UBFC_PHYS_s15_T1_test,157,24,157.8,-0.130851611495018,-1.3729223693009687
UBFC_PHYS_s15_T1_test,157,25,157.83333333333334,-0.019541116431355476,-1.327093639851448
UBFC_PHYS_s15_T1_test,157,26,157.86666666666667,0.0758761614561081,-1.121749956721966
UBFC_PHYS_s15_T1_test,157,27,157.9,0.06427004933357239,-0.7641251075500795
UBFC_PHYS_s15_T1_test,157,28,157.93333333333334,-0.10918430238962173,-0.29774624120365023
UBFC_PHYS_s15_T1_test,157,29,157.96666666666667,-0.4068298041820526,0.20518959924920488
UBFC_PHYS_s15_T1_test,157,30,158.0,-0.6923478245735168,0.661068768464315
UBFC_PHYS_s15_T1_test,157,31,158.03333333333333,-0.8930118083953857,0.9965402958571665
UBFC_PHYS_s15_T1_test,157,32,158.06666666666666,-1.0950276851654053,1.1677563271346607
UBFC_PHYS_s15_T1_test,157,33,158.1,-1.3186721801757812,1.1706302694480675
UBFC_PHYS_s15_T1_test,157,34,158.13333333333333,-1.3358978033065796,1.0378814660201023
UBFC_PHYS_s15_T1_test,157,35,158.16666666666666,-0.8922200798988342,0.8232817159428042
UBFC_PHYS_s15_T1_test,157,36,158.2,-0.10518685728311539,0.579473483012868
UBFC_PHYS_s15_T1_test,157,37,158.23333333333332,0.5862359404563904,0.3393572006713998
UBFC_PHYS_s15_T1_test,157,38,158.26666666666668,0.8880527019500732,0.10938375131318562
UBFC_PHYS_s15_T1_test,157,39,158.3,0.8565173149108887,-0.12295568610029436
UBFC_PHYS_s15_T1_test,157,40,158.33333333333334,0.6378164887428284,-0.3721830189361647
UBFC_PHYS_s15_T1_test,157,41,158.36666666666667,0.31636014580726624,-0.6375194231294945
UBFC_PHYS_s15_T1_test,157,42,158.4,-0.017358936369419098,-0.893834251752758
UBFC_PHYS_s15_T1_test,157,43,158.43333333333334,-0.2465071678161621,-1.094945758034072
UBFC_PHYS_s15_T1_test,157,44,158.46666666666667,-0.2808040678501129,-1.187398215109702
UBFC_PHYS_s15_T1_test,157,45,158.5,-0.1358918696641922,-1.128554661234562
UBFC_PHYS_s15_T1_test,157,46,158.53333333333333,0.024701138958334923,-0.9020819104446693
UBFC_PHYS_s15_T1_test,157,47,158.56666666666666,0.01448544580489397,-0.5260297929474234
UBFC_PHYS_s15_T1_test,157,48,158.6,-0.22302459180355072,-0.05178330789569972
UBFC_PHYS_s15_T1_test,157,49,158.63333333333333,-0.6092511415481567,0.4455079793837163
UBFC_PHYS_s15_T1_test,157,50,158.66666666666666,-1.027302861213684,0.883220123259866
UBFC_PHYS_s15_T1_test,157,51,158.7,-1.4290363788604736,1.1909805039856984
UBFC_PHYS_s15_T1_test,157,52,158.73333333333332,-1.7734153270721436,1.3281728678365903
UBFC_PHYS_s15_T1_test,157,53,158.76666666666668,-1.844191312789917,1.2926718003502202
UBFC_PHYS_s15_T1_test,157,54,158.8,-1.4096864461898804,1.1170452327224016
UBFC_PHYS_s15_T1_test,157,55,158.83333333333334,-0.6083435416221619,0.8537341341795067
UBFC_PHYS_s15_T1_test,157,56,158.86666666666667,0.1718534678220749,0.5554844769625839
UBFC_PHYS_s15_T1_test,157,57,158.9,0.6827153563499451,0.25908504287874173
UBFC_PHYS_s15_T1_test,157,58,158.93333333333334,0.9345157742500305,-0.021534158017903766
UBFC_PHYS_s15_T1_test,157,59,158.96666666666667,1.0530873537063599,-0.291031728119742
UBFC_PHYS_s15_T1_test,157,60,159.0,1.111426830291748,-0.5597220704470947
UBFC_PHYS_s15_T1_test,157,61,159.03333333333333,1.0927141904830933,-0.8278442730566751
UBFC_PHYS_s15_T1_test,157,62,159.06666666666666,1.024718999862671,-1.0745133871088866
UBFC_PHYS_s15_T1_test,157,63,159.1,0.956511378288269,-1.2573153710470786
UBFC_PHYS_s15_T1_test,157,64,159.13333333333333,0.8368970155715942,-1.323677495306668
UBFC_PHYS_s15_T1_test,157,65,159.16666666666666,0.6125186681747437,-1.2296098488165066
UBFC_PHYS_s15_T1_test,157,66,159.2,0.34171590209007263,-0.9582612797649963
UBFC_PHYS_s15_T1_test,157,67,159.23333333333332,0.07987360656261444,-0.53107066661723
UBFC_PHYS_s15_T1_test,157,68,159.26666666666668,-0.1770443171262741,-0.007389732325237373
UBFC_PHYS_s15_T1_test,157,69,159.3,-0.4241134524345398,0.5275387418334687
UBFC_PHYS_s15_T1_test,157,70,159.33333333333334,-0.6779608726501465,0.9830097490951897
UBFC_PHYS_s15_T1_test,157,71,159.36666666666667,-0.9328317642211914,1.2859109462075835
UBFC_PHYS_s15_T1_test,157,72,159.4,-0.9846247434616089,1.3989972002968425
UBFC_PHYS_s15_T1_test,157,73,159.43333333333334,-0.5789902806282043,1.327616961300615
UBFC_PHYS_s15_T1_test,157,74,159.46666666666667,0.16084600985050201,1.1120393322369617
UBFC_PHYS_s15_T1_test,157,75,159.5,0.7826514840126038,0.8087432971822631
UBFC_PHYS_s15_T1_test,157,76,159.53333333333333,1.012823224067688,0.4696107623477053
UBFC_PHYS_s15_T1_test,157,77,159.56666666666666,0.9462956786155701,0.1288697447705736
UBFC_PHYS_s15_T1_test,157,78,159.6,0.7289466857910156,-0.19758480159320588
UBFC_PHYS_s15_T1_test,157,79,159.63333333333333,0.48095059394836426,-0.5032023193311902
UBFC_PHYS_s15_T1_test,157,80,159.66666666666666,0.3266144394874573,-0.7791553906731321
UBFC_PHYS_s15_T1_test,157,81,159.7,0.3246253728866577,-1.0068622925755937
UBFC_PHYS_s15_T1_test,157,82,159.73333333333332,0.41486722230911255,-1.1579572648666496
UBFC_PHYS_s15_T1_test,157,83,159.76666666666668,0.4459777772426605,-1.2009684663161284
UBFC_PHYS_s15_T1_test,157,84,159.8,0.2635050415992737,-1.111533733046945
UBFC_PHYS_s15_T1_test,157,85,159.83333333333334,-0.13000191748142242,-0.8824847701151629
UBFC_PHYS_s15_T1_test,157,86,159.86666666666667,-0.5486136078834534,-0.5307221405897439
UBFC_PHYS_s15_T1_test,157,87,159.9,-0.8053770065307617,-0.09860381736410605
UBFC_PHYS_s15_T1_test,157,88,159.93333333333334,-0.8864459991455078,0.35162908458077313
UBFC_PHYS_s15_T1_test,157,89,159.96666666666667,-0.9108747839927673,0.7502745546161531
UBFC_PHYS_s15_T1_test,157,90,160.0,-0.9290081262588501,1.0365527732430035
UBFC_PHYS_s15_T1_test,157,91,160.03333333333333,-0.7879775166511536,1.1733913662482849
UBFC_PHYS_s15_T1_test,157,92,160.06666666666666,-0.34063059091567993,1.1545378760284686
UBFC_PHYS_s15_T1_test,157,93,160.1,0.30064070224761963,1.0010551412302668
UBFC_PHYS_s15_T1_test,157,94,160.13333333333333,0.8576180338859558,0.7500209913682446
UBFC_PHYS_s15_T1_test,157,95,160.16666666666666,1.1353728771209717,0.44212002999732625
UBFC_PHYS_s15_T1_test,157,96,160.2,1.1160036325454712,0.11353027418851053
UBFC_PHYS_s15_T1_test,157,97,160.23333333333332,0.9285292625427246,-0.20656537973644226
UBFC_PHYS_s15_T1_test,157,98,160.26666666666668,0.7558087110519409,-0.4944704897466998
UBFC_PHYS_s15_T1_test,157,99,160.3,0.7126092910766602,-0.729075901960783
UBFC_PHYS_s15_T1_test,157,100,160.33333333333334,0.8051491975784302,-0.8900202913539884
UBFC_PHYS_s15_T1_test,157,101,160.36666666666667,0.9575541615486145,-0.9585892329993656
UBFC_PHYS_s15_T1_test,157,102,160.4,1.0472359657287598,-0.9217736255313524
UBFC_PHYS_s15_T1_test,157,103,160.43333333333334,0.987563967704773,-0.7781109519654454
UBFC_PHYS_s15_T1_test,157,104,160.46666666666667,0.7656188607215881,-0.5421466618930488
UBFC_PHYS_s15_T1_test,157,105,160.5,0.39304542541503906,-0.2442526808977358
UBFC_PHYS_s15_T1_test,157,106,160.53333333333333,-0.104182668030262,0.07507772669934526
UBFC_PHYS_s15_T1_test,157,107,160.56666666666666,-0.6640374064445496,0.37428157198260525
UBFC_PHYS_s15_T1_test,157,108,160.6,-1.2026883363723755,0.6194603893758812
UBFC_PHYS_s15_T1_test,157,109,160.63333333333333,-1.560430645942688,0.7895815366827282
UBFC_PHYS_s15_T1_test,157,110,160.66666666666666,-1.5212866067886353,0.8766177044678917
UBFC_PHYS_s15_T1_test,157,111,160.7,-1.046961784362793,0.8814323100433931
UBFC_PHYS_s15_T1_test,157,112,160.73333333333332,-0.4133184254169464,0.8083341108196753
UBFC_PHYS_s15_T1_test,157,113,160.76666666666668,0.010410754941403866,0.6616513935064892
UBFC_PHYS_s15_T1_test,157,114,160.8,0.0719173401594162,0.44592491555459635
UBFC_PHYS_s15_T1_test,157,115,160.83333333333334,-0.11812544614076614,0.16912170585457315
UBFC_PHYS_s15_T1_test,157,116,160.86666666666667,-0.35086557269096375,-0.1527114519140497
UBFC_PHYS_s15_T1_test,157,117,160.9,-0.4698812961578369,-0.4913213207137866
UBFC_PHYS_s15_T1_test,157,118,160.93333333333334,-0.430042028427124,-0.8052418964554833
UBFC_PHYS_s15_T1_test,157,119,160.96666666666667,-0.2567421793937683,-1.0443335070588158
UBFC_PHYS_s15_T1_test,157,120,161.0,-0.01104413066059351,-1.1602553581677864
UBFC_PHYS_s15_T1_test,157,121,161.03333333333333,0.2148018628358841,-1.1202002484275608
UBFC_PHYS_s15_T1_test,157,122,161.06666666666666,0.3467561602592468,-0.9189361427982403
UBFC_PHYS_s15_T1_test,157,123,161.1,0.3687710762023926,-0.5840730035082952
UBFC_PHYS_s15_T1_test,157,124,161.13333333333333,0.29231753945350647,-0.17175126347578484
UBFC_PHYS_s15_T1_test,157,125,161.16666666666666,0.10578940808773041,0.2466241207153613
UBFC_PHYS_s15_T1_test,157,126,161.2,-0.20483331382274628,0.6029136215233093
UBFC_PHYS_s15_T1_test,157,127,161.23333333333332,-0.5743556022644043,0.8501581431772279
UBFC_PHYS_s15_T1_test,157,128,161.26666666666668,-0.8159016966819763,0.9731850878842141
UBFC_PHYS_s15_T1_test,157,129,161.3,-0.7081058621406555,0.9871185078186296
UBFC_PHYS_s15_T1_test,157,130,161.33333333333334,-0.1941155344247818,0.9240358391094521
UBFC_PHYS_s15_T1_test,157,131,161.36666666666667,0.503390371799469,0.814006104789473
UBFC_PHYS_s15_T1_test,157,132,161.4,1.041616439819336,0.6702540205561038
UBFC_PHYS_s15_T1_test,157,133,161.43333333333334,1.288299322128296,0.48634641800518796
UBFC_PHYS_s15_T1_test,157,134,161.46666666666667,1.3330050706863403,0.2463260734442581
UBFC_PHYS_s15_T1_test,157,135,161.5,1.2498891353607178,-0.058546256560290943
UBFC_PHYS_s15_T1_test,157,136,161.53333333333333,1.0977351665496826,-0.4154618466115228
UBFC_PHYS_s15_T1_test,157,137,161.56666666666666,1.0007150173187256,-0.7848818677167659
UBFC_PHYS_s15_T1_test,157,138,161.6,0.9862894415855408,-1.10648392867131
UBFC_PHYS_s15_T1_test,157,139,161.63333333333333,0.9498103260993958,-1.313776001540209
UBFC_PHYS_s15_T1_test,157,140,161.66666666666666,0.7943348288536072,-1.3525004437975698
UBFC_PHYS_s15_T1_test,157,141,161.7,0.4842914640903473,-1.1973892480965647
UBFC_PHYS_s15_T1_test,157,142,161.73333333333332,0.04190753400325775,-0.8622982033326473
UBFC_PHYS_s15_T1_test,157,143,161.76666666666668,-0.42349550127983093,-0.40012319024885995
UBFC_PHYS_s15_T1_test,157,144,161.8,-0.7714856266975403,0.10862652214690088
UBFC_PHYS_s15_T1_test,157,145,161.83333333333334,-0.9854937791824341,0.5763436720515692
UBFC_PHYS_s15_T1_test,157,146,161.86666666666667,-1.2173649072647095,0.9320906745284783
UBFC_PHYS_s15_T1_test,157,147,161.9,-1.609153151512146,1.1401858902689255
UBFC_PHYS_s15_T1_test,157,148,161.93333333333334,-2.017510414123535,1.20539083816543
UBFC_PHYS_s15_T1_test,157,149,161.96666666666667,-2.0750389099121094,1.161666733602498
UBFC_PHYS_s15_T1_test,157,150,162.0,-1.627112627029419,1.0504790043041594
UBFC_PHYS_s15_T1_test,157,151,162.03333333333333,-0.9426226019859314,0.9005826913942854
UBFC_PHYS_s15_T1_test,157,152,162.06666666666666,-0.3934856951236725,0.7188527053133067
UBFC_PHYS_s15_T1_test,157,153,162.1,-0.0776682123541832,0.494211435721156
UBFC_PHYS_s15_T1_test,157,154,162.13333333333333,0.10022774338722229,0.21031212233659652
UBFC_PHYS_s15_T1_test,157,155,162.16666666666666,0.21673299372196198,-0.13972728219277822
UBFC_PHYS_s15_T1_test,157,156,162.2,0.29345691204071045,-0.5420374354304134
UBFC_PHYS_s15_T1_test,157,157,162.23333333333332,0.36487019062042236,-0.9573803635743764
UBFC_PHYS_s15_T1_test,157,158,162.26666666666668,0.44929933547973633,-1.3249651643332059
UBFC_PHYS_s15_T1_test,157,159,162.3,0.5187621712684631,-1.5748848863466405
UBFC_PHYS_s15_T1_test,157,160,162.33333333333334,0.590600311756134,-1.6464686484722117
UBFC_PHYS_s15_T1_test,157,161,162.36666666666667,0.6949587464332581,-1.5068696722710773
UBFC_PHYS_s15_T1_test,157,162,162.4,0.7600572109222412,-1.1632453651504646
UBFC_PHYS_s15_T1_test,157,163,162.43333333333334,0.7075111269950867,-0.6638163871088987
UBFC_PHYS_s15_T1_test,157,164,162.46666666666667,0.5954474806785583,-0.08720153654168016
UBFC_PHYS_s15_T1_test,157,165,162.5,0.5271626114845276,0.4764871085030363
UBFC_PHYS_s15_T1_test,157,166,162.53333333333333,0.4938698709011078,0.9470827016193107
UBFC_PHYS_s15_T1_test,157,167,162.56666666666666,0.37983646988868713,1.2721070024038432
UBFC_PHYS_s15_T1_test,157,168,162.6,0.1535463184118271,1.4352362220008084
UBFC_PHYS_s15_T1_test,157,169,162.63333333333333,0.012786048464477062,1.4524657496456
UBFC_PHYS_s15_T1_test,157,170,162.66666666666666,0.2261955440044403,1.3576894839161096
UBFC_PHYS_s15_T1_test,157,171,162.7,0.79609215259552,1.1844001761089966
UBFC_PHYS_s15_T1_test,157,172,162.73333333333332,1.4222233295440674,0.9525013311840707
UBFC_PHYS_s15_T1_test,157,173,162.76666666666668,1.7841756343841553,0.6665075541886522
UBFC_PHYS_s15_T1_test,157,174,162.8,1.7744812965393066,0.3244528239871816
UBFC_PHYS_s15_T1_test,157,175,162.83333333333334,1.49997079372406,-0.0692542687372544
UBFC_PHYS_s15_T1_test,157,176,162.86666666666667,1.1554373502731323,-0.49454116505478035
UBFC_PHYS_s15_T1_test,157,177,162.9,0.9186225533485413,-0.9138750803524964
UBFC_PHYS_s15_T1_test,157,178,162.93333333333334,0.8396778106689453,-1.2775881340675777
UBFC_PHYS_s15_T1_test,157,179,162.96666666666667,0.8053616285324097,-1.5334730675934023
UBFC_PHYS_s15_T1_test,157,180,163.0,0.6916950941085815,-1.6376825212441817
UBFC_PHYS_s15_T1_test,157,181,163.03333333333333,0.5244396924972534,-1.5647310605335756
UBFC_PHYS_s15_T1_test,157,182,163.06666666666666,0.3689255714416504,-1.3145703534203794
UBFC_PHYS_s15_T1_test,157,183,163.1,0.19659127295017242,-0.9147282733928984
UBFC_PHYS_s15_T1_test,157,184,163.13333333333333,0.013616436161100864,-0.41638193737584217
UBFC_PHYS_s15_T1_test,157,185,163.16666666666666,-0.11242860555648804,0.11510342857508
UBFC_PHYS_s15_T1_test,157,186,163.2,-0.2094680368900299,0.6128887237737083
UBFC_PHYS_s15_T1_test,157,187,163.23333333333332,-0.38228511810302734,1.0211162702604026
UBFC_PHYS_s15_T1_test,157,188,163.26666666666668,-0.6410762071609497,1.3034463340121056
UBFC_PHYS_s15_T1_test,157,189,163.3,-0.8253642320632935,1.4454798566839953
UBFC_PHYS_s15_T1_test,157,190,163.33333333333334,-0.7434262633323669,1.451552801198338
UBFC_PHYS_s15_T1_test,157,191,163.36666666666667,-0.40754434466362,1.3383748290794681
UBFC_PHYS_s15_T1_test,157,192,163.4,-0.06057769060134888,1.1280216809601236
UBFC_PHYS_s15_T1_test,157,193,163.43333333333334,0.09688688814640045,0.8421600988006344
UBFC_PHYS_s15_T1_test,157,194,163.46666666666667,0.07548993080854416,0.49935687008679386
UBFC_PHYS_s15_T1_test,157,195,163.5,-0.02929333597421646,0.11669047495845904
UBFC_PHYS_s15_T1_test,157,196,163.53333333333333,-0.15558943152427673,-0.2854165294878403
UBFC_PHYS_s15_T1_test,157,197,163.56666666666666,-0.24285732209682465,-0.678486778275771
UBFC_PHYS_s15_T1_test,157,198,163.6,-0.24428635835647583,-1.0248578826481582
UBFC_PHYS_s15_T1_test,157,199,163.63333333333333,-0.19363275170326233,-1.281653052884398
UBFC_PHYS_s15_T1_test,157,200,163.66666666666666,-0.16862457990646362,-1.4088217083044756
UBFC_PHYS_s15_T1_test,157,201,163.7,-0.18542543053627014,-1.3785205682586155
UBFC_PHYS_s15_T1_test,157,202,163.73333333333332,-0.23831915855407715,-1.1829560611583143
UBFC_PHYS_s15_T1_test,157,203,163.76666666666668,-0.366044282913208,-0.8386583323010197
UBFC_PHYS_s15_T1_test,157,204,163.8,-0.5476287007331848,-0.3860839196983894
UBFC_PHYS_s15_T1_test,157,205,163.83333333333334,-0.6704294681549072,0.11589127132056995
UBFC_PHYS_s15_T1_test,157,206,163.86666666666667,-0.6968087553977966,0.6002826014640684
UBFC_PHYS_s15_T1_test,157,207,163.9,-0.7232266068458557,1.005197048713546
UBFC_PHYS_s15_T1_test,157,208,163.93333333333334,-0.8289754390716553,1.2858026685029165
UBFC_PHYS_s15_T1_test,157,209,163.96666666666667,-0.9325035214424133,1.420472820840058
UBFC_PHYS_s15_T1_test,157,210,164.0,-0.8426864743232727,1.4093073944679433
UBFC_PHYS_s15_T1_test,157,211,164.03333333333333,-0.4699585437774658,1.2674021478569728
UBFC_PHYS_s15_T1_test,157,212,164.06666666666666,0.021688571199774742,1.0176112179808048
UBFC_PHYS_s15_T1_test,157,213,164.1,0.4265891909599304,0.6863780549424654
UBFC_PHYS_s15_T1_test,157,214,164.13333333333333,0.6793938279151917,0.30243027721099025
UBFC_PHYS_s15_T1_test,157,215,164.16666666666666,0.8044732809066772,-0.10441091513585224
UBFC_PHYS_s15_T1_test,157,216,164.2,0.8225100636482239,-0.5057937645289425
UBFC_PHYS_s15_T1_test,157,217,164.23333333333332,0.7955514192581177,-0.8775249496710216
UBFC_PHYS_s15_T1_test,157,218,164.26666666666668,0.825232982635498,-1.2003408833160898
UBFC_PHYS_s15_T1_test,157,219,164.3,0.913698136806488,-1.4580874047421664
UBFC_PHYS_s15_T1_test,157,220,164.33333333333334,0.9506600499153137,-1.634569846132694
UBFC_PHYS_s15_T1_test,157,221,164.36666666666667,0.8726422786712646,-1.7114882820543236
UBFC_PHYS_s15_T1_test,157,222,164.4,0.7487021684646606,-1.669609858082391
UBFC_PHYS_s15_T1_test,157,223,164.43333333333334,0.6686180830001831,-1.49390638933356
UBFC_PHYS_s15_T1_test,157,224,164.46666666666667,0.6067445874214172,-1.181486064285076
UBFC_PHYS_s15_T1_test,157,225,164.5,0.4724149703979492,-0.7493317997899757
UBFC_PHYS_s15_T1_test,157,226,164.53333333333333,0.24778561294078827,-0.23784388158635092
UBFC_PHYS_s15_T1_test,157,227,164.56666666666666,0.009155519306659698,0.2929645949817881
UBFC_PHYS_s15_T1_test,157,228,164.6,-0.18061691522598267,0.7748137951807238
UBFC_PHYS_s15_T1_test,157,229,164.63333333333333,-0.3284451365470886,1.146702880443097
UBFC_PHYS_s15_T1_test,157,230,164.66666666666666,-0.48185431957244873,1.369231381890252
UBFC_PHYS_s15_T1_test,157,231,164.7,-0.6152955889701843,1.4327112474518657
UBFC_PHYS_s15_T1_test,157,232,164.73333333333332,-0.5792413353919983,1.3567849366979565
UBFC_PHYS_s15_T1_test,157,233,164.76666666666668,-0.2565104365348816,1.1826942886449483
UBFC_PHYS_s15_T1_test,157,234,164.8,0.23946242034435272,0.961678241978941
UBFC_PHYS_s15_T1_test,157,235,164.83333333333334,0.6808807849884033,0.743144938049514
UBFC_PHYS_s15_T1_test,157,236,164.86666666666667,0.9348247647285461,0.5646857500724153
UBFC_PHYS_s15_T1_test,157,237,164.9,0.9730805158615112,0.44477151504005125
UBFC_PHYS_s15_T1_test,157,238,164.93333333333334,0.8329575061798096,0.37939747956735065
UBFC_PHYS_s15_T1_test,157,239,164.96666666666667,0.6204363107681274,0.3444601997202712
UBFC_PHYS_s15_T1_test,158,0,158.0,-0.6923478245735168,-0.1669367199369536
UBFC_PHYS_s15_T1_test,158,1,158.03333333333333,-0.8930118083953857,0.2898916866700387
UBFC_PHYS_s15_T1_test,158,2,158.06666666666666,-1.0950276851654053,0.6463425788421062
UBFC_PHYS_s15_T1_test,158,3,158.1,-1.3186721801757812,0.8274667754014388
UBFC_PHYS_s15_T1_test,158,4,158.13333333333333,-1.3358978033065796,0.8084827172458035
UBFC_PHYS_s15_T1_test,158,5,158.16666666666666,-0.8922200798988342,0.6161670502340867
UBFC_PHYS_s15_T1_test,158,6,158.2,-0.10518685728311539,0.31178221764730213
UBFC_PHYS_s15_T1_test,158,7,158.23333333333332,0.5862359404563904,-0.035295687215306265
UBFC_PHYS_s15_T1_test,158,8,158.26666666666668,0.8880527019500732,-0.36991282331448194
UBFC_PHYS_s15_T1_test,158,9,158.3,0.8565173149108887,-0.659855660289263
UBFC_PHYS_s15_T1_test,158,10,158.33333333333334,0.6378164887428284,-0.8907176453901595
UBFC_PHYS_s15_T1_test,158,11,158.36666666666667,0.31636014580726624,-1.0545578155840682
UBFC_PHYS_s15_T1_test,158,12,158.4,-0.017358936369419098,-1.140936893462686
UBFC_PHYS_s15_T1_test,158,13,158.43333333333334,-0.2465071678161621,-1.1346931642288054
UBFC_PHYS_s15_T1_test,158,14,158.46666666666667,-0.2808040678501129,-1.0201900078919581
UBFC_PHYS_s15_T1_test,158,15,158.5,-0.1358918696641922,-0.789218247704202
UBFC_PHYS_s15_T1_test,158,16,158.53333333333333,0.024701138958334923,-0.44933124422448373
UBFC_PHYS_s15_T1_test,158,17,158.56666666666666,0.01448544580489397,-0.029676487937024442
UBFC_PHYS_s15_T1_test,158,18,158.6,-0.22302459180355072,0.41868693314187916
UBFC_PHYS_s15_T1_test,158,19,158.63333333333333,-0.6092511415481567,0.8304637505978167
UBFC_PHYS_s15_T1_test,158,20,158.66666666666666,-1.027302861213684,1.1416943133179775
UBFC_PHYS_s15_T1_test,158,21,158.7,-1.4290363788604736,1.3084719246867738
UBFC_PHYS_s15_T1_test,158,22,158.73333333333332,-1.7734153270721436,1.3198535150459503
UBFC_PHYS_s15_T1_test,158,23,158.76666666666668,-1.844191312789917,1.1973793833219575
UBFC_PHYS_s15_T1_test,158,24,158.8,-1.4096864461898804,0.9819220856189935
UBFC_PHYS_s15_T1_test,158,25,158.83333333333334,-0.6083435416221619,0.7164807820895339
UBFC_PHYS_s15_T1_test,158,26,158.86666666666667,0.1718534678220749,0.4338587040013284
UBFC_PHYS_s15_T1_test,158,27,158.9,0.6827153563499451,0.15275908356899295
UBFC_PHYS_s15_T1_test,158,28,158.93333333333334,0.9345157742500305,-0.11945736300604584
UBFC_PHYS_s15_T1_test,158,29,158.96666666666667,1.0530873537063599,-0.38099127672350863
UBFC_PHYS_s15_T1_test,158,30,159.0,1.111426830291748,-0.6290976196610002
UBFC_PHYS_s15_T1_test,158,31,159.03333333333333,1.0927141904830933,-0.8537370404126224
UBFC_PHYS_s15_T1_test,158,32,159.06666666666666,1.024718999862671,-1.0331321586058706
UBFC_PHYS_s15_T1_test,158,33,159.1,0.956511378288269,-1.1343497613044708
UBFC_PHYS_s15_T1_test,158,34,159.13333333333333,0.8368970155715942,-1.121097692860872
UBFC_PHYS_s15_T1_test,158,35,159.16666666666666,0.6125186681747437,-0.9673842411593071
UBFC_PHYS_s15_T1_test,158,36,159.2,0.34171590209007263,-0.6715734420799454
UBFC_PHYS_s15_T1_test,158,37,159.23333333333332,0.07987360656261444,-0.2639138984047703
UBFC_PHYS_s15_T1_test,158,38,159.26666666666668,-0.1770443171262741,0.1965387103364117
UBFC_PHYS_s15_T1_test,158,39,159.3,-0.4241134524345398,0.6347415069042979
UBFC_PHYS_s15_T1_test,158,40,159.33333333333334,-0.6779608726501465,0.977652644263829
UBFC_PHYS_s15_T1_test,158,41,159.36666666666667,-0.9328317642211914,1.1717422307878884
UBFC_PHYS_s15_T1_test,158,42,159.4,-0.9846247434616089,1.1953926211421242
UBFC_PHYS_s15_T1_test,158,43,159.43333333333334,-0.5789902806282043,1.0628514151758621
UBFC_PHYS_s15_T1_test,158,44,159.46666666666667,0.16084600985050201,0.8174313323412087
UBFC_PHYS_s15_T1_test,158,45,159.5,0.7826514840126038,0.5148938294046621
UBFC_PHYS_s15_T1_test,158,46,159.53333333333333,1.012823224067688,0.20391542349747085
UBFC_PHYS_s15_T1_test,158,47,159.56666666666666,0.9462956786155701,-0.08643818178890608
UBFC_PHYS_s15_T1_test,158,48,159.6,0.7289466857910156,-0.34669823638834957
UBFC_PHYS_s15_T1_test,158,49,159.63333333333333,0.48095059394836426,-0.5769820751276499
UBFC_PHYS_s15_T1_test,158,50,159.66666666666666,0.3266144394874573,-0.774766294989304
UBFC_PHYS_s15_T1_test,158,51,159.7,0.3246253728866577,-0.9278379524594111
UBFC_PHYS_s15_T1_test,158,52,159.73333333333332,0.41486722230911255,-1.0150960732119692
UBFC_PHYS_s15_T1_test,158,53,159.76666666666668,0.4459777772426605,-1.0129927088817603
UBFC_PHYS_s15_T1_test,158,54,159.8,0.2635050415992737,-0.9037991632095115
UBFC_PHYS_s15_T1_test,158,55,159.83333333333334,-0.13000191748142242,-0.6830696729300737
UBFC_PHYS_s15_T1_test,158,56,159.86666666666667,-0.5486136078834534,-0.3651490106938332
UBFC_PHYS_s15_T1_test,158,57,159.9,-0.8053770065307617,0.014505636592947891
UBFC_PHYS_s15_T1_test,158,58,159.93333333333334,-0.8864459991455078,0.4026724678742831
UBFC_PHYS_s15_T1_test,158,59,159.96666666666667,-0.9108747839927673,0.7391899391847031
UBFC_PHYS_s15_T1_test,158,60,160.0,-0.9290081262588501,0.9727914959284405
UBFC_PHYS_s15_T1_test,158,61,160.03333333333333,-0.7879775166511536,1.0750092654681989
UBFC_PHYS_s15_T1_test,158,62,160.06666666666666,-0.34063059091567993,1.0450271103810722
UBFC_PHYS_s15_T1_test,158,63,160.1,0.30064070224761963,0.9035245459865131
UBFC_PHYS_s15_T1_test,158,64,160.13333333333333,0.8576180338859558,0.680861509602034
UBFC_PHYS_s15_T1_test,158,65,160.16666666666666,1.1353728771209717,0.4078543223958552
UBFC_PHYS_s15_T1_test,158,66,160.2,1.1160036325454712,0.11279624316546952
UBFC_PHYS_s15_T1_test,158,67,160.23333333333332,0.9285292625427246,-0.1778711992712094
UBFC_PHYS_s15_T1_test,158,68,160.26666666666668,0.7558087110519409,-0.4391297174378783
UBFC_PHYS_s15_T1_test,158,69,160.3,0.7126092910766602,-0.6484919487722488
UBFC_PHYS_s15_T1_test,158,70,160.33333333333334,0.8051491975784302,-0.787710738230236
UBFC_PHYS_s15_T1_test,158,71,160.36666666666667,0.9575541615486145,-0.8440859931188555
UBFC_PHYS_s15_T1_test,158,72,160.4,1.0472359657287598,-0.8116883819469535
UBFC_PHYS_s15_T1_test,158,73,160.43333333333334,0.987563967704773,-0.6932778361931636
UBFC_PHYS_s15_T1_test,158,74,160.46666666666667,0.7656188607215881,-0.5021387318252055
UBFC_PHYS_s15_T1_test,158,75,160.5,0.39304542541503906,-0.2615416342866703
UBFC_PHYS_s15_T1_test,158,76,160.53333333333333,-0.104182668030262,-0.0004365814944758844
UBFC_PHYS_s15_T1_test,158,77,160.56666666666666,-0.6640374064445496,0.2531220206859436
UBFC_PHYS_s15_T1_test,158,78,160.6,-1.2026883363723755,0.47685780823109525
UBFC_PHYS_s15_T1_test,158,79,160.63333333333333,-1.560430645942688,0.6543294182964902
UBFC_PHYS_s15_T1_test,158,80,160.66666666666666,-1.5212866067886353,0.7713793195377504
UBFC_PHYS_s15_T1_test,158,81,160.7,-1.046961784362793,0.8136621211057018
UBFC_PHYS_s15_T1_test,158,82,160.73333333333332,-0.4133184254169464,0.7686633237791666
UBFC_PHYS_s15_T1_test,158,83,160.76666666666668,0.010410754941403866,0.6312436464308618
UBFC_PHYS_s15_T1_test,158,84,160.8,0.0719173401594162,0.40851037403786056
UBFC_PHYS_s15_T1_test,158,85,160.83333333333334,-0.11812544614076614,0.12059821485605927
UBFC_PHYS_s15_T1_test,158,86,160.86666666666667,-0.35086557269096375,-0.2019613303034806
UBFC_PHYS_s15_T1_test,158,87,160.9,-0.4698812961578369,-0.5212047724181924
UBFC_PHYS_s15_T1_test,158,88,160.93333333333334,-0.430042028427124,-0.7943896746091551
UBFC_PHYS_s15_T1_test,158,89,160.96666666666667,-0.2567421793937683,-0.9788235343227293
UBFC_PHYS_s15_T1_test,158,90,161.0,-0.01104413066059351,-1.0403739713537876
UBFC_PHYS_s15_T1_test,158,91,161.03333333333333,0.2148018628358841,-0.9634177808071708
UBFC_PHYS_s15_T1_test,158,92,161.06666666666666,0.3467561602592468,-0.7574625762833388
UBFC_PHYS_s15_T1_test,158,93,161.1,0.3687710762023926,-0.4563671029770441
UBFC_PHYS_s15_T1_test,158,94,161.13333333333333,0.29231753945350647,-0.10959611299839404
UBFC_PHYS_s15_T1_test,158,95,161.16666666666666,0.10578940808773041,0.2309964665722535
UBFC_PHYS_s15_T1_test,158,96,161.2,-0.20483331382274628,0.5233327556721095
UBFC_PHYS_s15_T1_test,158,97,161.23333333333332,-0.5743556022644043,0.741914982383587
UBFC_PHYS_s15_T1_test,158,98,161.26666666666668,-0.8159016966819763,0.878424175744312
UBFC_PHYS_s15_T1_test,158,99,161.3,-0.7081058621406555,0.937750706623438
UBFC_PHYS_s15_T1_test,158,100,161.33333333333334,-0.1941155344247818,0.9309020137691888
UBFC_PHYS_s15_T1_test,158,101,161.36666666666667,0.503390371799469,0.8662904556759826
UBFC_PHYS_s15_T1_test,158,102,161.4,1.041616439819336,0.7433244761933825
UBFC_PHYS_s15_T1_test,158,103,161.43333333333334,1.288299322128296,0.5533008894352207
UBFC_PHYS_s15_T1_test,158,104,161.46666666666667,1.3330050706863403,0.28876494654912993
UBFC_PHYS_s15_T1_test,158,105,161.5,1.2498891353607178,-0.04359600915379263
UBFC_PHYS_s15_T1_test,158,106,161.53333333333333,1.0977351665496826,-0.4147111912357755
UBFC_PHYS_s15_T1_test,158,107,161.56666666666666,1.0007150173187256,-0.7753149518546385
UBFC_PHYS_s15_T1_test,158,108,161.6,0.9862894415855408,-1.0676129618001353
UBFC_PHYS_s15_T1_test,158,109,161.63333333333333,0.9498103260993958,-1.2401711936653972
UBFC_PHYS_s15_T1_test,158,110,161.66666666666666,0.7943348288536072,-1.2601341448352517
UBFC_PHYS_s15_T1_test,158,111,161.7,0.4842914640903473,-1.120352739140556
UBFC_PHYS_s15_T1_test,158,112,161.73333333333332,0.04190753400325775,-0.8411739766298503
UBFC_PHYS_s15_T1_test,158,113,161.76666666666668,-0.42349550127983093,-0.46679581177017004
UBFC_PHYS_s15_T1_test,158,114,161.8,-0.7714856266975403,-0.05592434870291248
UBFC_PHYS_s15_T1_test,158,115,161.83333333333334,-0.9854937791824341,0.33224565891536456
UBFC_PHYS_s15_T1_test,158,116,161.86666666666667,-1.2173649072647095,0.6527641448272055
UBFC_PHYS_s15_T1_test,158,117,161.9,-1.609153151512146,0.8841115646500751
UBFC_PHYS_s15_T1_test,158,118,161.93333333333334,-2.017510414123535,1.0267487070763148
UBFC_PHYS_s15_T1_test,158,119,161.96666666666667,-2.0750389099121094,1.0915922144016823
UBFC_PHYS_s15_T1_test,158,120,162.0,-1.627112627029419,1.0862719075980083
UBFC_PHYS_s15_T1_test,158,121,162.03333333333333,-0.9426226019859314,1.0088236750592379
UBFC_PHYS_s15_T1_test,158,122,162.06666666666666,-0.3934856951236725,0.8515742960832109
UBFC_PHYS_s15_T1_test,158,123,162.1,-0.0776682123541832,0.6098880833668248
UBFC_PHYS_s15_T1_test,158,124,162.13333333333333,0.10022774338722229,0.2892569910728335
UBFC_PHYS_s15_T1_test,158,125,162.16666666666666,0.21673299372196198,-0.0917010986027677
UBFC_PHYS_s15_T1_test,158,126,162.2,0.29345691204071045,-0.5011951424622261
UBFC_PHYS_s15_T1_test,158,127,162.23333333333332,0.36487019062042236,-0.8956937177070906
UBFC_PHYS_s15_T1_test,158,128,162.26666666666668,0.44929933547973633,-1.2234680911139253
UBFC_PHYS_s15_T1_test,158,129,162.3,0.5187621712684631,-1.4320726650273667
UBFC_PHYS_s15_T1_test,158,130,162.33333333333334,0.590600311756134,-1.479622319959512
UBFC_PHYS_s15_T1_test,158,131,162.36666666666667,0.6949587464332581,-1.3465329470901357
UBFC_PHYS_s15_T1_test,158,132,162.4,0.7600572109222412,-1.0430945523713866
UBFC_PHYS_s15_T1_test,158,133,162.43333333333334,0.7075111269950867,-0.6096317339439624
UBFC_PHYS_s15_T1_test,158,134,162.46666666666667,0.5954474806785583,-0.10894032203775646
UBFC_PHYS_s15_T1_test,158,135,162.5,0.5271626114845276,0.38674723153564483
UBFC_PHYS_s15_T1_test,158,136,162.53333333333333,0.4938698709011078,0.8109804144075845
UBFC_PHYS_s15_T1_test,158,137,162.56666666666666,0.37983646988868713,1.1169201603284287
UBFC_PHYS_s15_T1_test,158,138,162.6,0.1535463184118271,1.285828196961427
UBFC_PHYS_s15_T1_test,158,139,162.63333333333333,0.012786048464477062,1.3267074036470419
UBFC_PHYS_s15_T1_test,158,140,162.66666666666666,0.2261955440044403,1.2661752727206133
UBFC_PHYS_s15_T1_test,158,141,162.7,0.79609215259552,1.132471887083483
UBFC_PHYS_s15_T1_test,158,142,162.73333333333332,1.4222233295440674,0.9421327522199184
UBFC_PHYS_s15_T1_test,158,143,162.76666666666668,1.7841756343841553,0.697218689257323
UBFC_PHYS_s15_T1_test,158,144,162.8,1.7744812965393066,0.3935229416959978
UBFC_PHYS_s15_T1_test,158,145,162.83333333333334,1.49997079372406,0.03270211719013633
UBFC_PHYS_s15_T1_test,158,146,162.86666666666667,1.1554373502731323,-0.36935954978803964
UBFC_PHYS_s15_T1_test,158,147,162.9,0.9186225533485413,-0.7809946179012054
UBFC_PHYS_s15_T1_test,158,148,162.93333333333334,0.8396778106689453,-1.1584837506152297
UBFC_PHYS_s15_T1_test,158,149,162.96666666666667,0.8053616285324097,-1.4522488551795236
UBFC_PHYS_s15_T1_test,158,150,163.0,0.6916950941085815,-1.614433492274369
UBFC_PHYS_s15_T1_test,158,151,163.03333333333333,0.5244396924972534,-1.6082736316222837
UBFC_PHYS_s15_T1_test,158,152,163.06666666666666,0.3689255714416504,-1.4183025555338376
UBFC_PHYS_s15_T1_test,158,153,163.1,0.19659127295017242,-1.0579359774161778
UBFC_PHYS_s15_T1_test,158,154,163.13333333333333,0.013616436161100864,-0.570407813137102
UBFC_PHYS_s15_T1_test,158,155,163.16666666666666,-0.11242860555648804,-0.02128454584049776
UBFC_PHYS_s15_T1_test,158,156,163.2,-0.2094680368900299,0.515371665442183
UBFC_PHYS_s15_T1_test,158,157,163.23333333333332,-0.38228511810302734,0.9722780247704063
UBFC_PHYS_s15_T1_test,158,158,163.26666666666668,-0.6410762071609497,1.3007674591479463
UBFC_PHYS_s15_T1_test,158,159,163.3,-0.8253642320632935,1.4766207264832827
UBFC_PHYS_s15_T1_test,158,160,163.33333333333334,-0.7434262633323669,1.4999369170505017
UBFC_PHYS_s15_T1_test,158,161,163.36666666666667,-0.40754434466362,1.390217871479419
UBFC_PHYS_s15_T1_test,158,162,163.4,-0.06057769060134888,1.1775421139350095
UBFC_PHYS_s15_T1_test,158,163,163.43333333333334,0.09688688814640045,0.8916258206035805
UBFC_PHYS_s15_T1_test,158,164,163.46666666666667,0.07548993080854416,0.5535612566762129
UBFC_PHYS_s15_T1_test,158,165,163.5,-0.02929333597421646,0.17554875258962108
UBFC_PHYS_s15_T1_test,158,166,163.53333333333333,-0.15558943152427673,-0.2311376759956202
UBFC_PHYS_s15_T1_test,158,167,163.56666666666666,-0.24285732209682465,-0.6457947290685446
UBFC_PHYS_s15_T1_test,158,168,163.6,-0.24428635835647583,-1.0326663986688043
UBFC_PHYS_s15_T1_test,158,169,163.63333333333333,-0.19363275170326233,-1.3436655506875796
UBFC_PHYS_s15_T1_test,158,170,163.66666666666666,-0.16862457990646362,-1.5282062644955503
UBFC_PHYS_s15_T1_test,158,171,163.7,-0.18542543053627014,-1.54591803656639
UBFC_PHYS_s15_T1_test,158,172,163.73333333333332,-0.23831915855407715,-1.378087449012373
UBFC_PHYS_s15_T1_test,158,173,163.76666666666668,-0.366044282913208,-1.035194895672287
UBFC_PHYS_s15_T1_test,158,174,163.8,-0.5476287007331848,-0.5588015379864723
UBFC_PHYS_s15_T1_test,158,175,163.83333333333334,-0.6704294681549072,-0.01620475612475895
UBFC_PHYS_s15_T1_test,158,176,163.86666666666667,-0.6968087553977966,0.5129010666129549
UBFC_PHYS_s15_T1_test,158,177,163.9,-0.7232266068458557,0.955432853963293
UBFC_PHYS_s15_T1_test,158,178,163.93333333333334,-0.8289754390716553,1.2626684217758313
UBFC_PHYS_s15_T1_test,158,179,163.96666666666667,-0.9325035214424133,1.418406273469955
UBFC_PHYS_s15_T1_test,158,180,164.0,-0.8426864743232727,1.4341135466716715
UBFC_PHYS_s15_T1_test,158,181,164.03333333333333,-0.4699585437774658,1.3353038961160482
UBFC_PHYS_s15_T1_test,158,182,164.06666666666666,0.021688571199774742,1.147858954879134
UBFC_PHYS_s15_T1_test,158,183,164.1,0.4265891909599304,0.8911977354810682
UBFC_PHYS_s15_T1_test,158,184,164.13333333333333,0.6793938279151917,0.5787432369263604
UBFC_PHYS_s15_T1_test,158,185,164.16666666666666,0.8044732809066772,0.22144365915172162
UBFC_PHYS_s15_T1_test,158,186,164.2,0.8225100636482239,-0.1686368574956035
UBFC_PHYS_s15_T1_test,158,187,164.23333333333332,0.7955514192581177,-0.5744692416063586
UBFC_PHYS_s15_T1_test,158,188,164.26666666666668,0.825232982635498,-0.9698651029636024
UBFC_PHYS_s15_T1_test,158,189,164.3,0.913698136806488,-1.3171128211274719
UBFC_PHYS_s15_T1_test,158,190,164.33333333333334,0.9506600499153137,-1.5694565560289002
UBFC_PHYS_s15_T1_test,158,191,164.36666666666667,0.8726422786712646,-1.6796993123234356
UBFC_PHYS_s15_T1_test,158,192,164.4,0.7487021684646606,-1.6129879362686028
UBFC_PHYS_s15_T1_test,158,193,164.43333333333334,0.6686180830001831,-1.3592888136814318
UBFC_PHYS_s15_T1_test,158,194,164.46666666666667,0.6067445874214172,-0.9408068159694557
UBFC_PHYS_s15_T1_test,158,195,164.5,0.4724149703979492,-0.4112807369813285
UBFC_PHYS_s15_T1_test,158,196,164.53333333333333,0.24778561294078827,0.1534644244858615
UBFC_PHYS_s15_T1_test,158,197,164.56666666666666,0.009155519306659698,0.6717301981167753
UBFC_PHYS_s15_T1_test,158,198,164.6,-0.18061691522598267,1.0745798771370985
UBFC_PHYS_s15_T1_test,158,199,164.63333333333333,-0.3284451365470886,1.3210386468186177
UBFC_PHYS_s15_T1_test,158,200,164.66666666666666,-0.48185431957244873,1.4042557125930941
UBFC_PHYS_s15_T1_test,158,201,164.7,-0.6152955889701843,1.3460763102414177
UBFC_PHYS_s15_T1_test,158,202,164.73333333333332,-0.5792413353919983,1.1828232247940997
UBFC_PHYS_s15_T1_test,158,203,164.76666666666668,-0.2565104365348816,0.9495870506761184
UBFC_PHYS_s15_T1_test,158,204,164.8,0.23946242034435272,0.670723907894725
UBFC_PHYS_s15_T1_test,158,205,164.83333333333334,0.6808807849884033,0.35992982091395964
UBFC_PHYS_s15_T1_test,158,206,164.86666666666667,0.9348247647285461,0.026805351076795388
UBFC_PHYS_s15_T1_test,158,207,164.9,0.9730805158615112,-0.31649993384182845
UBFC_PHYS_s15_T1_test,158,208,164.93333333333334,0.8329575061798096,-0.6524015317910284
UBFC_PHYS_s15_T1_test,158,209,164.96666666666667,0.6204363107681274,-0.9580135296595458
UBFC_PHYS_s15_T1_test,158,210,165.0,0.4515587389469147,-1.2059902777149993
UBFC_PHYS_s15_T1_test,158,211,165.03333333333333,0.3777315318584442,-1.3654240384458125
UBFC_PHYS_s15_T1_test,158,212,165.06666666666666,0.377886027097702,-1.4043696674424233
UBFC_PHYS_s15_T1_test,158,213,165.1,0.40080857276916504,-1.2958761818379054
UBFC_PHYS_s15_T1_test,158,214,165.13333333333333,0.38978180289268494,-1.0271201928806883
UBFC_PHYS_s15_T1_test,158,215,165.16666666666666,0.2986130118370056,-0.6083378295216777
UBFC_PHYS_s15_T1_test,158,216,165.2,0.08466281741857529,-0.07721753683913199
UBFC_PHYS_s15_T1_test,158,217,165.23333333333332,-0.23600180447101593,0.5041450260163528
UBFC_PHYS_s15_T1_test,158,218,165.26666666666668,-0.5136407613754272,1.0596885784942949
UBFC_PHYS_s15_T1_test,158,219,165.3,-0.5770012140274048,1.5144432804527572
UBFC_PHYS_s15_T1_test,158,220,165.33333333333334,-0.4553012549877167,1.8101100608538
UBFC_PHYS_s15_T1_test,158,221,165.36666666666667,-0.3380814790725708,1.9169604780534537
UBFC_PHYS_s15_T1_test,158,222,165.4,-0.35453474521636963,1.838464878459447
UBFC_PHYS_s15_T1_test,158,223,165.43333333333334,-0.4581979513168335,1.6068187027119023
UBFC_PHYS_s15_T1_test,158,224,165.46666666666667,-0.48200881481170654,1.2706759583997131
UBFC_PHYS_s15_T1_test,158,225,165.5,-0.2908652722835541,0.8797734733942805
UBFC_PHYS_s15_T1_test,158,226,165.53333333333333,0.05183355510234833,0.4727945118066636
UBFC_PHYS_s15_T1_test,158,227,165.56666666666666,0.33265888690948486,0.07299819524500223
UBFC_PHYS_s15_T1_test,158,228,165.6,0.4703293740749359,-0.3086948675831308
UBFC_PHYS_s15_T1_test,158,229,165.63333333333333,0.5382665991783142,-0.6673162313488423
UBFC_PHYS_s15_T1_test,158,230,165.66666666666666,0.5562261343002319,-0.9980506399971113
UBFC_PHYS_s15_T1_test,158,231,165.7,0.46053850650787354,-1.2923361965872415
UBFC_PHYS_s15_T1_test,158,232,165.73333333333332,0.25749921798706055,-1.5356099835642578
UBFC_PHYS_s15_T1_test,158,233,165.76666666666668,0.040072955191135406,-1.706766208398518
UBFC_PHYS_s15_T1_test,158,234,165.8,-0.11891721189022064,-1.7804337174037381
UBFC_PHYS_s15_T1_test,158,235,165.83333333333334,-0.20792312920093536,-1.733018669275418
UBFC_PHYS_s15_T1_test,158,236,165.86666666666667,-0.25488826632499695,-1.5513177459980567
UBFC_PHYS_s15_T1_test,158,237,165.9,-0.3052329123020172,-1.240167632907808
UBFC_PHYS_s15_T1_test,158,238,165.93333333333334,-0.3637462258338928,-0.8253513888774625
UBFC_PHYS_s15_T1_test,158,239,165.96666666666667,-0.38251686096191406,-0.3503356977654712
UBFC_PHYS_s15_T1_test,159,0,159.0,1.111426830291748,0.06504520721231448
UBFC_PHYS_s15_T1_test,159,1,159.03333333333333,1.0927141904830933,-0.11281492724071673
UBFC_PHYS_s15_T1_test,159,2,159.06666666666666,1.024718999862671,-0.2805905946840515
UBFC_PHYS_s15_T1_test,159,3,159.1,0.956511378288269,-0.4175625650508579
UBFC_PHYS_s15_T1_test,159,4,159.13333333333333,0.8368970155715942,-0.49027323907662207
UBFC_PHYS_s15_T1_test,159,5,159.16666666666666,0.6125186681747437,-0.46020805522250324
UBFC_PHYS_s15_T1_test,159,6,159.2,0.34171590209007263,-0.2994524333520721
UBFC_PHYS_s15_T1_test,159,7,159.23333333333332,0.07987360656261444,-0.006826386616347974
UBFC_PHYS_s15_T1_test,159,8,159.26666666666668,-0.1770443171262741,0.38334603370134357
UBFC_PHYS_s15_T1_test,159,9,159.3,-0.4241134524345398,0.8043102803812474
UBFC_PHYS_s15_T1_test,159,10,159.33333333333334,-0.6779608726501465,1.17184371997577
UBFC_PHYS_s15_T1_test,159,11,159.36666666666667,-0.9328317642211914,1.4069493863676013
UBFC_PHYS_s15_T1_test,159,12,159.4,-0.9846247434616089,1.458871388896607
UBFC_PHYS_s15_T1_test,159,13,159.43333333333334,-0.5789902806282043,1.3199248673744046
UBFC_PHYS_s15_T1_test,159,14,159.46666666666667,0.16084600985050201,1.0258076577957405
UBFC_PHYS_s15_T1_test,159,15,159.5,0.7826514840126038,0.6407563973172151
UBFC_PHYS_s15_T1_test,159,16,159.53333333333333,1.012823224067688,0.23419196062718012
UBFC_PHYS_s15_T1_test,159,17,159.56666666666666,0.9462956786155701,-0.14030359118649943
UBFC_PHYS_s15_T1_test,159,18,159.6,0.7289466857910156,-0.45500324057117447
UBFC_PHYS_s15_T1_test,159,19,159.63333333333333,0.48095059394836426,-0.7050469503359842
UBFC_PHYS_s15_T1_test,159,20,159.66666666666666,0.3266144394874573,-0.8971208929177913
UBFC_PHYS_s15_T1_test,159,21,159.7,0.3246253728866577,-1.037322252967184
UBFC_PHYS_s15_T1_test,159,22,159.73333333333332,0.41486722230911255,-1.1237435220563476
UBFC_PHYS_s15_T1_test,159,23,159.76666666666668,0.4459777772426605,-1.145316403281754
UBFC_PHYS_s15_T1_test,159,24,159.8,0.2635050415992737,-1.0858019333643023
UBFC_PHYS_s15_T1_test,159,25,159.83333333333334,-0.13000191748142242,-0.9310285141506495
UBFC_PHYS_s15_T1_test,159,26,159.86666666666667,-0.5486136078834534,-0.6773919743161654
UBFC_PHYS_s15_T1_test,159,27,159.9,-0.8053770065307617,-0.3391963798426767
UBFC_PHYS_s15_T1_test,159,28,159.93333333333334,-0.8864459991455078,0.048329081320456976
UBFC_PHYS_s15_T1_test,159,29,159.96666666666667,-0.9108747839927673,0.4330184870851866
UBFC_PHYS_s15_T1_test,159,30,160.0,-0.9290081262588501,0.7567079983408861
UBFC_PHYS_s15_T1_test,159,31,160.03333333333333,-0.7879775166511536,0.9694386836803847
UBFC_PHYS_s15_T1_test,159,32,160.06666666666666,-0.34063059091567993,1.0411990585087407
UBFC_PHYS_s15_T1_test,159,33,160.1,0.30064070224761963,0.966898439568323
UBFC_PHYS_s15_T1_test,159,34,160.13333333333333,0.8576180338859558,0.7645346272243084
UBFC_PHYS_s15_T1_test,159,35,160.16666666666666,1.1353728771209717,0.4696884812631674
UBFC_PHYS_s15_T1_test,159,36,160.2,1.1160036325454712,0.12878795714601
UBFC_PHYS_s15_T1_test,159,37,160.23333333333332,0.9285292625427246,-0.20847373063768918
UBFC_PHYS_s15_T1_test,159,38,160.26666666666668,0.7558087110519409,-0.49728231972347015
UBFC_PHYS_s15_T1_test,159,39,160.3,0.7126092910766602,-0.7048144355188127
UBFC_PHYS_s15_T1_test,159,40,160.33333333333334,0.8051491975784302,-0.8141786484171514
UBFC_PHYS_s15_T1_test,159,41,160.36666666666667,0.9575541615486145,-0.824126110424495
UBFC_PHYS_s15_T1_test,159,42,160.4,1.0472359657287598,-0.7455036544661277
UBFC_PHYS_s15_T1_test,159,43,160.43333333333334,0.987563967704773,-0.5966411376879714
UBFC_PHYS_s15_T1_test,159,44,160.46666666666667,0.7656188607215881,-0.39923341251292566
UBFC_PHYS_s15_T1_test,159,45,160.5,0.39304542541503906,-0.17501688446464456
UBFC_PHYS_s15_T1_test,159,46,160.53333333333333,-0.104182668030262,0.0567874403016607
UBFC_PHYS_s15_T1_test,159,47,160.56666666666666,-0.6640374064445496,0.2808122489030532
UBFC_PHYS_s15_T1_test,159,48,160.6,-1.2026883363723755,0.48494460542507895
UBFC_PHYS_s15_T1_test,159,49,160.63333333333333,-1.560430645942688,0.6577550805307616
UBFC_PHYS_s15_T1_test,159,50,160.66666666666666,-1.5212866067886353,0.7854037673082056
UBFC_PHYS_s15_T1_test,159,51,160.7,-1.046961784362793,0.850466456120707
UBFC_PHYS_s15_T1_test,159,52,160.73333333333332,-0.4133184254169464,0.8344732725448079
UBFC_PHYS_s15_T1_test,159,53,160.76666666666668,0.010410754941403866,0.7238703612150806
UBFC_PHYS_s15_T1_test,159,54,160.8,0.0719173401594162,0.5169133527070938
UBFC_PHYS_s15_T1_test,159,55,160.83333333333334,-0.11812544614076614,0.2283819696277222
UBFC_PHYS_s15_T1_test,159,56,160.86666666666667,-0.35086557269096375,-0.10955583084933863
UBFC_PHYS_s15_T1_test,159,57,160.9,-0.4698812961578369,-0.45039852626851384
UBFC_PHYS_s15_T1_test,159,58,160.93333333333334,-0.430042028427124,-0.7401572858562209
UBFC_PHYS_s15_T1_test,159,59,160.96666666666667,-0.2567421793937683,-0.9278314357144934
UBFC_PHYS_s15_T1_test,159,60,161.0,-0.01104413066059351,-0.9778921571499098
UBFC_PHYS_s15_T1_test,159,61,161.03333333333333,0.2148018628358841,-0.8809935005163414
UBFC_PHYS_s15_T1_test,159,62,161.06666666666666,0.3467561602592468,-0.6582091887247886
UBFC_PHYS_s15_T1_test,159,63,161.1,0.3687710762023926,-0.3559006822262556
UBFC_PHYS_s15_T1_test,159,64,161.13333333333333,0.29231753945350647,-0.03253278473790998
UBFC_PHYS_s15_T1_test,159,65,161.16666666666666,0.10578940808773041,0.25747083391348285
UBFC_PHYS_s15_T1_test,159,66,161.2,-0.20483331382274628,0.47698285526693635
UBFC_PHYS_s15_T1_test,159,67,161.23333333333332,-0.5743556022644043,0.6125954613809602
UBFC_PHYS_s15_T1_test,159,68,161.26666666666668,-0.8159016966819763,0.6730282019623552
UBFC_PHYS_s15_T1_test,159,69,161.3,-0.7081058621406555,0.680637909631187
UBFC_PHYS_s15_T1_test,159,70,161.33333333333334,-0.1941155344247818,0.6587042312225347
UBFC_PHYS_s15_T1_test,159,71,161.36666666666667,0.503390371799469,0.6187425114595692
UBFC_PHYS_s15_T1_test,159,72,161.4,1.041616439819336,0.5535633154010444
UBFC_PHYS_s15_T1_test,159,73,161.43333333333334,1.288299322128296,0.4406603308585215
UBFC_PHYS_s15_T1_test,159,74,161.46666666666667,1.3330050706863403,0.25548177964713786
UBFC_PHYS_s15_T1_test,159,75,161.5,1.2498891353607178,-0.011622615959736356
UBFC_PHYS_s15_T1_test,159,76,161.53333333333333,1.0977351665496826,-0.3433048298089354
UBFC_PHYS_s15_T1_test,159,77,161.56666666666666,1.0007150173187256,-0.6940387957077375
UBFC_PHYS_s15_T1_test,159,78,161.6,0.9862894415855408,-1.0003269166161524
UBFC_PHYS_s15_T1_test,159,79,161.63333333333333,0.9498103260993958,-1.1977083750354736
UBFC_PHYS_s15_T1_test,159,80,161.66666666666666,0.7943348288536072,-1.2383051126772893
UBFC_PHYS_s15_T1_test,159,81,161.7,0.4842914640903473,-1.103811677542667
UBFC_PHYS_s15_T1_test,159,82,161.73333333333332,0.04190753400325775,-0.8108994773404324
UBFC_PHYS_s15_T1_test,159,83,161.76666666666668,-0.42349550127983093,-0.40793239736933756
UBFC_PHYS_s15_T1_test,159,84,161.8,-0.7714856266975403,0.03641446564219182
UBFC_PHYS_s15_T1_test,159,85,161.83333333333334,-0.9854937791824341,0.45021844883746237
UBFC_PHYS_s15_T1_test,159,86,161.86666666666667,-1.2173649072647095,0.776562086603372
UBFC_PHYS_s15_T1_test,159,87,161.9,-1.609153151512146,0.9868225018601917
UBFC_PHYS_s15_T1_test,159,88,161.93333333333334,-2.017510414123535,1.0831526804799054
UBFC_PHYS_s15_T1_test,159,89,161.96666666666667,-2.0750389099121094,1.0885435066521032
UBFC_PHYS_s15_T1_test,159,90,162.0,-1.627112627029419,1.030045569141391
UBFC_PHYS_s15_T1_test,159,91,162.03333333333333,-0.9426226019859314,0.9247583834680989
UBFC_PHYS_s15_T1_test,159,92,162.06666666666666,-0.3934856951236725,0.7748832748838297
UBFC_PHYS_s15_T1_test,159,93,162.1,-0.0776682123541832,0.571656879107065
UBFC_PHYS_s15_T1_test,159,94,162.13333333333333,0.10022774338722229,0.3043374679950464
UBFC_PHYS_s15_T1_test,159,95,162.16666666666666,0.21673299372196198,-0.029695744638617873
UBFC_PHYS_s15_T1_test,159,96,162.2,0.29345691204071045,-0.41653427397002146
UBFC_PHYS_s15_T1_test,159,97,162.23333333333332,0.36487019062042236,-0.8211892490362208
UBFC_PHYS_s15_T1_test,159,98,162.26666666666668,0.44929933547973633,-1.1891440370924344
UBFC_PHYS_s15_T1_test,159,99,162.3,0.5187621712684631,-1.4555330353086338
UBFC_PHYS_s15_T1_test,159,100,162.33333333333334,0.590600311756134,-1.5607943526850876
UBFC_PHYS_s15_T1_test,159,101,162.36666666666667,0.6949587464332581,-1.4682605567286489
UBFC_PHYS_s15_T1_test,159,102,162.4,0.7600572109222412,-1.1773059504931287
UBFC_PHYS_s15_T1_test,159,103,162.43333333333334,0.7075111269950867,-0.7267622775650215
UBFC_PHYS_s15_T1_test,159,104,162.46666666666667,0.5954474806785583,-0.18705559585585915
UBFC_PHYS_s15_T1_test,159,105,162.5,0.5271626114845276,0.3563638966800155
UBFC_PHYS_s15_T1_test,159,106,162.53333333333333,0.4938698709011078,0.8233274334433455
UBFC_PHYS_s15_T1_test,159,107,162.56666666666666,0.37983646988868713,1.1572497752814725
UBFC_PHYS_s15_T1_test,159,108,162.6,0.1535463184118271,1.3359111769584728
UBFC_PHYS_s15_T1_test,159,109,162.63333333333333,0.012786048464477062,1.3709430472174535
UBFC_PHYS_s15_T1_test,159,110,162.66666666666666,0.2261955440044403,1.2960097086388536
UBFC_PHYS_s15_T1_test,159,111,162.7,0.79609215259552,1.1486005424925232
UBFC_PHYS_s15_T1_test,159,112,162.73333333333332,1.4222233295440674,0.9540339563229397
UBFC_PHYS_s15_T1_test,159,113,162.76666666666668,1.7841756343841553,0.7193801559801926
UBFC_PHYS_s15_T1_test,159,114,162.8,1.7744812965393066,0.43889046568459966
UBFC_PHYS_s15_T1_test,159,115,162.83333333333334,1.49997079372406,0.10597933315356234
UBFC_PHYS_s15_T1_test,159,116,162.86666666666667,1.1554373502731323,-0.275202513114706
UBFC_PHYS_s15_T1_test,159,117,162.9,0.9186225533485413,-0.6832502567220039
UBFC_PHYS_s15_T1_test,159,118,162.93333333333334,0.8396778106689453,-1.0791480971820688
UBFC_PHYS_s15_T1_test,159,119,162.96666666666667,0.8053616285324097,-1.4110599627858749
UBFC_PHYS_s15_T1_test,159,120,163.0,0.6916950941085815,-1.6232291249849535
UBFC_PHYS_s15_T1_test,159,121,163.03333333333333,0.5244396924972534,-1.668090080515467
UBFC_PHYS_s15_T1_test,159,122,163.06666666666666,0.3689255714416504,-1.5193152768073295
UBFC_PHYS_s15_T1_test,159,123,163.1,0.19659127295017242,-1.181845666087755
UBFC_PHYS_s15_T1_test,159,124,163.13333333333333,0.013616436161100864,-0.6949675491603076
UBFC_PHYS_s15_T1_test,159,125,163.16666666666666,-0.11242860555648804,-0.12637766747551935
UBFC_PHYS_s15_T1_test,159,126,163.2,-0.2094680368900299,0.44194552645387813
UBFC_PHYS_s15_T1_test,159,127,163.23333333333332,-0.38228511810302734,0.9321953175417709
UBFC_PHYS_s15_T1_test,159,128,163.26666666666668,-0.6410762071609497,1.2875249620585671
UBFC_PHYS_s15_T1_test,159,129,163.3,-0.8253642320632935,1.4815747598824407
UBFC_PHYS_s15_T1_test,159,130,163.33333333333334,-0.7434262633323669,1.5183613273762175
UBFC_PHYS_s15_T1_test,159,131,163.36666666666667,-0.40754434466362,1.4238666076364974
UBFC_PHYS_s15_T1_test,159,132,163.4,-0.06057769060134888,1.2327483300003355
UBFC_PHYS_s15_T1_test,159,133,163.43333333333334,0.09688688814640045,0.9748021798374801
UBFC_PHYS_s15_T1_test,159,134,163.46666666666667,0.07548993080854416,0.666793373241579
UBFC_PHYS_s15_T1_test,159,135,163.5,-0.02929333597421646,0.31377638154734455
UBFC_PHYS_s15_T1_test,159,136,163.53333333333333,-0.15558943152427673,-0.08110035509375466
UBFC_PHYS_s15_T1_test,159,137,163.56666666666666,-0.24285732209682465,-0.5043273828990176
UBFC_PHYS_s15_T1_test,159,138,163.6,-0.24428635835647583,-0.9241969675800353
UBFC_PHYS_s15_T1_test,159,139,163.63333333333333,-0.19363275170326233,-1.2913624487880082
UBFC_PHYS_s15_T1_test,159,140,163.66666666666666,-0.16862457990646362,-1.5477194075138356
UBFC_PHYS_s15_T1_test,159,141,163.7,-0.18542543053627014,-1.6404879936733296
UBFC_PHYS_s15_T1_test,159,142,163.73333333333332,-0.23831915855407715,-1.5371763888942436
UBFC_PHYS_s15_T1_test,159,143,163.76666666666668,-0.366044282913208,-1.2372112009596576
UBFC_PHYS_s15_T1_test,159,144,163.8,-0.5476287007331848,-0.7766239333155324
UBFC_PHYS_s15_T1_test,159,145,163.83333333333334,-0.6704294681549072,-0.22331986095497072
UBFC_PHYS_s15_T1_test,159,146,163.86666666666667,-0.6968087553977966,0.3373478241822964
UBFC_PHYS_s15_T1_test,159,147,163.9,-0.7232266068458557,0.823392135149641
UBFC_PHYS_s15_T1_test,159,148,163.93333333333334,-0.8289754390716553,1.1762265009509438
UBFC_PHYS_s15_T1_test,159,149,163.96666666666667,-0.9325035214424133,1.3717766804496823
UBFC_PHYS_s15_T1_test,159,150,164.0,-0.8426864743232727,1.4184358902863698
UBFC_PHYS_s15_T1_test,159,151,164.03333333333333,-0.4699585437774658,1.34430193439184
UBFC_PHYS_s15_T1_test,159,152,164.06666666666666,0.021688571199774742,1.1813410889256755
UBFC_PHYS_s15_T1_test,159,153,164.1,0.4265891909599304,0.9543244850010345
UBFC_PHYS_s15_T1_test,159,154,164.13333333333333,0.6793938279151917,0.6775374891971756
UBFC_PHYS_s15_T1_test,159,155,164.16666666666666,0.8044732809066772,0.35732485400709924
UBFC_PHYS_s15_T1_test,159,156,164.2,0.8225100636482239,-0.00232373158494996
UBFC_PHYS_s15_T1_test,159,157,164.23333333333332,0.7955514192581177,-0.3926687084433308
UBFC_PHYS_s15_T1_test,159,158,164.26666666666668,0.825232982635498,-0.7931837299602094
UBFC_PHYS_s15_T1_test,159,159,164.3,0.913698136806488,-1.1674104387634658
UBFC_PHYS_s15_T1_test,159,160,164.33333333333334,0.9506600499153137,-1.4648901657314102
UBFC_PHYS_s15_T1_test,159,161,164.36666666666667,0.8726422786712646,-1.630577064401012
UBFC_PHYS_s15_T1_test,159,162,164.4,0.7487021684646606,-1.6195998635053004
UBFC_PHYS_s15_T1_test,159,163,164.43333333333334,0.6686180830001831,-1.412218609900272
UBFC_PHYS_s15_T1_test,159,164,164.46666666666667,0.6067445874214172,-1.023379816579639
UBFC_PHYS_s15_T1_test,159,165,164.5,0.4724149703979492,-0.5032060049638319
UBFC_PHYS_s15_T1_test,159,166,164.53333333333333,0.24778561294078827,0.07227735919142401
UBFC_PHYS_s15_T1_test,159,167,164.56666666666666,0.009155519306659698,0.6178965055832957
UBFC_PHYS_s15_T1_test,159,168,164.6,-0.18061691522598267,1.0589437687304286
UBFC_PHYS_s15_T1_test,159,169,164.63333333333333,-0.3284451365470886,1.3477448562668026
UBFC_PHYS_s15_T1_test,159,170,164.66666666666666,-0.48185431957244873,1.471566723706986
UBFC_PHYS_s15_T1_test,159,171,164.7,-0.6152955889701843,1.448904699983497
UBFC_PHYS_s15_T1_test,159,172,164.73333333333332,-0.5792413353919983,1.3159531333253356
UBFC_PHYS_s15_T1_test,159,173,164.76666666666668,-0.2565104365348816,1.1096828651232555
UBFC_PHYS_s15_T1_test,159,174,164.8,0.23946242034435272,0.8555806061589755
UBFC_PHYS_s15_T1_test,159,175,164.83333333333334,0.6808807849884033,0.5651005004033087
UBFC_PHYS_s15_T1_test,159,176,164.86666666666667,0.9348247647285461,0.24158798244745455
UBFC_PHYS_s15_T1_test,159,177,164.9,0.9730805158615112,-0.11105362106524022
UBFC_PHYS_s15_T1_test,159,178,164.93333333333334,0.8329575061798096,-0.48183622691684014
UBFC_PHYS_s15_T1_test,159,179,164.96666666666667,0.6204363107681274,-0.8496648362456781
UBFC_PHYS_s15_T1_test,159,180,165.0,0.4515587389469147,-1.1832259748575715
UBFC_PHYS_s15_T1_test,159,181,165.03333333333333,0.3777315318584442,-1.4434126977552464
UBFC_PHYS_s15_T1_test,159,182,165.06666666666666,0.377886027097702,-1.5886632946378243
UBFC_PHYS_s15_T1_test,159,183,165.1,0.40080857276916504,-1.5832717993026924
UBFC_PHYS_s15_T1_test,159,184,165.13333333333333,0.38978180289268494,-1.4070414769363362
UBFC_PHYS_s15_T1_test,159,185,165.16666666666666,0.2986130118370056,-1.0632802862344533
UBFC_PHYS_s15_T1_test,159,186,165.2,0.08466281741857529,-0.5825360050189584
UBFC_PHYS_s15_T1_test,159,187,165.23333333333332,-0.23600180447101593,-0.02073941676122097
UBFC_PHYS_s15_T1_test,159,188,165.26666666666668,-0.5136407613754272,0.5486688007006758
UBFC_PHYS_s15_T1_test,159,189,165.3,-0.5770012140274048,1.0479862845408139
UBFC_PHYS_s15_T1_test,159,190,165.33333333333334,-0.4553012549877167,1.4113168561534808
UBFC_PHYS_s15_T1_test,159,191,165.36666666666667,-0.3380814790725708,1.5989759334314249
UBFC_PHYS_s15_T1_test,159,192,165.4,-0.35453474521636963,1.6052408176497373
UBFC_PHYS_s15_T1_test,159,193,165.43333333333334,-0.4581979513168335,1.456118005455447
UBFC_PHYS_s15_T1_test,159,194,165.46666666666667,-0.48200881481170654,1.1974383139403915
UBFC_PHYS_s15_T1_test,159,195,165.5,-0.2908652722835541,0.8780092806552932
UBFC_PHYS_s15_T1_test,159,196,165.53333333333333,0.05183355510234833,0.5354933446554123
UBFC_PHYS_s15_T1_test,159,197,165.56666666666666,0.33265888690948486,0.19122684060153886
UBFC_PHYS_s15_T1_test,159,198,165.6,0.4703293740749359,-0.14575897765981055
UBFC_PHYS_s15_T1_test,159,199,165.63333333333333,0.5382665991783142,-0.470550024287635
UBFC_PHYS_s15_T1_test,159,200,165.66666666666666,0.5562261343002319,-0.7752058461675888
UBFC_PHYS_s15_T1_test,159,201,165.7,0.46053850650787354,-1.0448171068505236
UBFC_PHYS_s15_T1_test,159,202,165.73333333333332,0.25749921798706055,-1.256660513739093
UBFC_PHYS_s15_T1_test,159,203,165.76666666666668,0.040072955191135406,-1.3820503600623681
UBFC_PHYS_s15_T1_test,159,204,165.8,-0.11891721189022064,-1.3911182414434866
UBFC_PHYS_s15_T1_test,159,205,165.83333333333334,-0.20792312920093536,-1.260699141479801
UBFC_PHYS_s15_T1_test,159,206,165.86666666666667,-0.25488826632499695,-0.9839759970010494
UBFC_PHYS_s15_T1_test,159,207,165.9,-0.3052329123020172,-0.5786197182725914
UBFC_PHYS_s15_T1_test,159,208,165.93333333333334,-0.3637462258338928,-0.08952105737365457
UBFC_PHYS_s15_T1_test,159,209,165.96666666666667,-0.38251686096191406,0.41647741754762446
UBFC_PHYS_s15_T1_test,159,210,166.0,-0.3537236452102661,0.8635854784966143
UBFC_PHYS_s15_T1_test,159,211,166.03333333333333,-0.33580273389816284,1.1843824576928632
UBFC_PHYS_s15_T1_test,159,212,166.06666666666666,-0.35766318440437317,1.3359980530458018
UBFC_PHYS_s15_T1_test,159,213,166.1,-0.41362741589546204,1.309737036029348
UBFC_PHYS_s15_T1_test,159,214,166.13333333333333,-0.5235667824745178,1.13086359981217
UBFC_PHYS_s15_T1_test,159,215,166.16666666666666,-0.6418486833572388,0.8485408394001456
UBFC_PHYS_s15_T1_test,159,216,166.2,-0.6166860461235046,0.519184856823823
UBFC_PHYS_s15_T1_test,159,217,166.23333333333332,-0.40037983655929565,0.18916525404570264
UBFC_PHYS_s15_T1_test,159,218,166.26666666666668,-0.13050401210784912,-0.11606736585442484
UBFC_PHYS_s15_T1_test,159,219,166.3,0.06965791434049606,-0.3916823689963154
UBFC_PHYS_s15_T1_test,159,220,166.33333333333334,0.17328250408172607,-0.6431614636094642
UBFC_PHYS_s15_T1_test,159,221,166.36666666666667,0.18560312688350677,-0.8725311112884909
UBFC_PHYS_s15_T1_test,159,222,166.4,0.1883646547794342,-1.0685711934067625
UBFC_PHYS_s15_T1_test,159,223,166.43333333333334,0.2779305875301361,-1.2052585452868207
UBFC_PHYS_s15_T1_test,159,224,166.46666666666667,0.40368595719337463,-1.2483058468659272
UBFC_PHYS_s15_T1_test,159,225,166.5,0.43591657280921936,-1.1664710332226202
UBFC_PHYS_s15_T1_test,159,226,166.53333333333333,0.36210867762565613,-0.943417187573479
UBFC_PHYS_s15_T1_test,159,227,166.56666666666666,0.2918154299259186,-0.5866676967777219
UBFC_PHYS_s15_T1_test,159,228,166.6,0.26918256282806396,-0.13133150770055457
UBFC_PHYS_s15_T1_test,159,229,166.63333333333333,0.21605709195137024,0.3629872813463021
UBFC_PHYS_s15_T1_test,159,230,166.66666666666666,0.05171768739819527,0.822982165342048
UBFC_PHYS_s15_T1_test,159,231,166.7,-0.16561201214790344,1.1789008738081876
UBFC_PHYS_s15_T1_test,159,232,166.73333333333332,-0.2785639762878418,1.383256662841741
UBFC_PHYS_s15_T1_test,159,233,166.76666666666668,-0.22792966663837433,1.423446790351997
UBFC_PHYS_s15_T1_test,159,234,166.8,-0.13212616741657257,1.322331632153331
UBFC_PHYS_s15_T1_test,159,235,166.83333333333334,-0.0836547240614891,1.1262654757287915
UBFC_PHYS_s15_T1_test,159,236,166.86666666666667,-0.033078357577323914,0.8863259608691864
UBFC_PHYS_s15_T1_test,159,237,166.9,0.05494267866015434,0.6413385650427919
UBFC_PHYS_s15_T1_test,159,238,166.93333333333334,0.11301184445619583,0.40885320394121283
UBFC_PHYS_s15_T1_test,159,239,166.96666666666667,0.0807812362909317,0.1856476584202576
UBFC_PHYS_s15_T1_test,160,0,160.0,-0.9290081262588501,-0.03463049024806174
UBFC_PHYS_s15_T1_test,160,1,160.03333333333333,-0.7879775166511536,0.4175314334088678
UBFC_PHYS_s15_T1_test,160,2,160.06666666666666,-0.34063059091567993,0.768997436234289
UBFC_PHYS_s15_T1_test,160,3,160.1,0.30064070224761963,0.9474174488063305
UBFC_PHYS_s15_T1_test,160,4,160.13333333333333,0.8576180338859558,0.926991800965651
UBFC_PHYS_s15_T1_test,160,5,160.16666666666666,1.1353728771209717,0.7333222846416617
UBFC_PHYS_s15_T1_test,160,6,160.2,1.1160036325454712,0.43204516876478716
UBFC_PHYS_s15_T1_test,160,7,160.23333333333332,0.9285292625427246,0.1058668809841529
UBFC_PHYS_s15_T1_test,160,8,160.26666666666668,0.7558087110519409,-0.17118917452445734
UBFC_PHYS_s15_T1_test,160,9,160.3,0.7126092910766602,-0.3533394998158374
UBFC_PHYS_s15_T1_test,160,10,160.33333333333334,0.8051491975784302,-0.43065307632875605
UBFC_PHYS_s15_T1_test,160,11,160.36666666666667,0.9575541615486145,-0.42395997271577973
UBFC_PHYS_s15_T1_test,160,12,160.4,1.0472359657287598,-0.3709096490448612
UBFC_PHYS_s15_T1_test,160,13,160.43333333333334,0.987563967704773,-0.3093185043713472
UBFC_PHYS_s15_T1_test,160,14,160.46666666666667,0.7656188607215881,-0.26332863359351183
UBFC_PHYS_s15_T1_test,160,15,160.5,0.39304542541503906,-0.23590866625463985
UBFC_PHYS_s15_T1_test,160,16,160.53333333333333,-0.104182668030262,-0.2094816258964503
UBFC_PHYS_s15_T1_test,160,17,160.56666666666666,-0.6640374064445496,-0.15477553907146432
UBFC_PHYS_s15_T1_test,160,18,160.6,-1.2026883363723755,-0.04561940249008163
UBFC_PHYS_s15_T1_test,160,19,160.63333333333333,-1.560430645942688,0.1253914846372556
UBFC_PHYS_s15_T1_test,160,20,160.66666666666666,-1.5212866067886353,0.33725524232478477
UBFC_PHYS_s15_T1_test,160,21,160.7,-1.046961784362793,0.5425554186332858
UBFC_PHYS_s15_T1_test,160,22,160.73333333333332,-0.4133184254169464,0.6816759316590477
UBFC_PHYS_s15_T1_test,160,23,160.76666666666668,0.010410754941403866,0.7037393790184365
UBFC_PHYS_s15_T1_test,160,24,160.8,0.0719173401594162,0.5853138688659375
UBFC_PHYS_s15_T1_test,160,25,160.83333333333334,-0.11812544614076614,0.33920202648961634
UBFC_PHYS_s15_T1_test,160,26,160.86666666666667,-0.35086557269096375,0.010897315680001128
UBFC_PHYS_s15_T1_test,160,27,160.9,-0.4698812961578369,-0.33419351066868536
UBFC_PHYS_s15_T1_test,160,28,160.93333333333334,-0.430042028427124,-0.627318769980137
UBFC_PHYS_s15_T1_test,160,29,160.96666666666667,-0.2567421793937683,-0.8120187539061694
UBFC_PHYS_s15_T1_test,160,30,161.0,-0.01104413066059351,-0.8559012553444812
UBFC_PHYS_s15_T1_test,160,31,161.03333333333333,0.2148018628358841,-0.7568931465260706
UBFC_PHYS_s15_T1_test,160,32,161.06666666666666,0.3467561602592468,-0.5427101567367221
UBFC_PHYS_s15_T1_test,160,33,161.1,0.3687710762023926,-0.2629823875982356
UBFC_PHYS_s15_T1_test,160,34,161.13333333333333,0.29231753945350647,0.024569535474808085
UBFC_PHYS_s15_T1_test,160,35,161.16666666666666,0.10578940808773041,0.2701177099569574
UBFC_PHYS_s15_T1_test,160,36,161.2,-0.20483331382274628,0.44474331390628785
UBFC_PHYS_s15_T1_test,160,37,161.23333333333332,-0.5743556022644043,0.5458085080798796
UBFC_PHYS_s15_T1_test,160,38,161.26666666666668,-0.8159016966819763,0.5922868321326645
UBFC_PHYS_s15_T1_test,160,39,161.3,-0.7081058621406555,0.6113757263685795
UBFC_PHYS_s15_T1_test,160,40,161.33333333333334,-0.1941155344247818,0.6217364210617614
UBFC_PHYS_s15_T1_test,160,41,161.36666666666667,0.503390371799469,0.6210689353307269
UBFC_PHYS_s15_T1_test,160,42,161.4,1.041616439819336,0.5846982818172046
UBFC_PHYS_s15_T1_test,160,43,161.43333333333334,1.288299322128296,0.47703495221208936
UBFC_PHYS_s15_T1_test,160,44,161.46666666666667,1.3330050706863403,0.27100093461010927
UBFC_PHYS_s15_T1_test,160,45,161.5,1.2498891353607178,-0.03407465784684147
UBFC_PHYS_s15_T1_test,160,46,161.53333333333333,1.0977351665496826,-0.40481195385962454
UBFC_PHYS_s15_T1_test,160,47,161.56666666666666,1.0007150173187256,-0.7797879067414469
UBFC_PHYS_s15_T1_test,160,48,161.6,0.9862894415855408,-1.0860895003251787
UBFC_PHYS_s15_T1_test,160,49,161.63333333333333,0.9498103260993958,-1.259256050632628
UBFC_PHYS_s15_T1_test,160,50,161.66666666666666,0.7943348288536072,-1.2596525318131502
UBFC_PHYS_s15_T1_test,160,51,161.7,0.4842914640903473,-1.0813148477123735
UBFC_PHYS_s15_T1_test,160,52,161.73333333333332,0.04190753400325775,-0.7524604719222295
UBFC_PHYS_s15_T1_test,160,53,161.76666666666668,-0.42349550127983093,-0.32867686540613084
UBFC_PHYS_s15_T1_test,160,54,161.8,-0.7714856266975403,0.11966065358373154
UBFC_PHYS_s15_T1_test,160,55,161.83333333333334,-0.9854937791824341,0.5236399734709443
UBFC_PHYS_s15_T1_test,160,56,161.86666666666667,-1.2173649072647095,0.8321195225921687
UBFC_PHYS_s15_T1_test,160,57,161.9,-1.609153151512146,1.0227858807773087
UBFC_PHYS_s15_T1_test,160,58,161.93333333333334,-2.017510414123535,1.1027649585560164
UBFC_PHYS_s15_T1_test,160,59,161.96666666666667,-2.0750389099121094,1.0975295229301854
UBFC_PHYS_s15_T1_test,160,60,162.0,-1.627112627029419,1.0336781139371733
UBFC_PHYS_s15_T1_test,160,61,162.03333333333333,-0.9426226019859314,0.9251271009565356
UBFC_PHYS_s15_T1_test,160,62,162.06666666666666,-0.3934856951236725,0.7692554470699882
UBFC_PHYS_s15_T1_test,160,63,162.1,-0.0776682123541832,0.5530419423115702
UBFC_PHYS_s15_T1_test,160,64,162.13333333333333,0.10022774338722229,0.2647751827873748
UBFC_PHYS_s15_T1_test,160,65,162.16666666666666,0.21673299372196198,-0.09411024609428092
UBFC_PHYS_s15_T1_test,160,66,162.2,0.29345691204071045,-0.5013719089008574
UBFC_PHYS_s15_T1_test,160,67,162.23333333333332,0.36487019062042236,-0.9128400181252946
UBFC_PHYS_s15_T1_test,160,68,162.26666666666668,0.44929933547973633,-1.268370483868139
UBFC_PHYS_s15_T1_test,160,69,162.3,0.5187621712684631,-1.5037711341752813
UBFC_PHYS_s15_T1_test,160,70,162.33333333333334,0.590600311756134,-1.5660378499742529
UBFC_PHYS_s15_T1_test,160,71,162.36666666666667,0.6949587464332581,-1.4279679327643482
UBFC_PHYS_s15_T1_test,160,72,162.4,0.7600572109222412,-1.0977784253943486
UBFC_PHYS_s15_T1_test,160,73,162.43333333333334,0.7075111269950867,-0.6203171459582003
UBFC_PHYS_s15_T1_test,160,74,162.46666666666667,0.5954474806785583,-0.068831708625499
UBFC_PHYS_s15_T1_test,160,75,162.5,0.5271626114845276,0.4709375789019631
UBFC_PHYS_s15_T1_test,160,76,162.53333333333333,0.4938698709011078,0.9203918317650769
UBFC_PHYS_s15_T1_test,160,77,162.56666666666666,0.37983646988868713,1.226063919463885
UBFC_PHYS_s15_T1_test,160,78,162.6,0.1535463184118271,1.370139078488903
UBFC_PHYS_s15_T1_test,160,79,162.63333333333333,0.012786048464477062,1.3692827325864767
UBFC_PHYS_s15_T1_test,160,80,162.66666666666666,0.2261955440044403,1.2617426613174973
UBFC_PHYS_s15_T1_test,160,81,162.7,0.79609215259552,1.0880453587910324
UBFC_PHYS_s15_T1_test,160,82,162.73333333333332,1.4222233295440674,0.8742913769142054
UBFC_PHYS_s15_T1_test,160,83,162.76666666666668,1.7841756343841553,0.6260097961562487
UBFC_PHYS_s15_T1_test,160,84,162.8,1.7744812965393066,0.33442746673494717
UBFC_PHYS_s15_T1_test,160,85,162.83333333333334,1.49997079372406,-0.009709329988363456
UBFC_PHYS_s15_T1_test,160,86,162.86666666666667,1.1554373502731323,-0.4022948364993804
UBFC_PHYS_s15_T1_test,160,87,162.9,0.9186225533485413,-0.8178952009203524
UBFC_PHYS_s15_T1_test,160,88,162.93333333333334,0.8396778106689453,-1.2099792335258512
UBFC_PHYS_s15_T1_test,160,89,162.96666666666667,0.8053616285324097,-1.5186059821539917
UBFC_PHYS_s15_T1_test,160,90,163.0,0.6916950941085815,-1.6833660722617545
UBFC_PHYS_s15_T1_test,160,91,163.03333333333333,0.5244396924972534,-1.658695050847788
UBFC_PHYS_s15_T1_test,160,92,163.06666666666666,0.3689255714416504,-1.427781338608025
UBFC_PHYS_s15_T1_test,160,93,163.1,0.19659127295017242,-1.0107840950240636
UBFC_PHYS_s15_T1_test,160,94,163.13333333333333,0.013616436161100864,-0.46401057937706675
UBFC_PHYS_s15_T1_test,160,95,163.16666666666666,-0.11242860555648804,0.1308736313650377
UBFC_PHYS_s15_T1_test,160,96,163.2,-0.2094680368900299,0.6853111014277253
UBFC_PHYS_s15_T1_test,160,97,163.23333333333332,-0.38228511810302734,1.1246489364139112
UBFC_PHYS_s15_T1_test,160,98,163.26666666666668,-0.6410762071609497,1.4043064453418979
UBFC_PHYS_s15_T1_test,160,99,163.3,-0.8253642320632935,1.5156680887469796
UBFC_PHYS_s15_T1_test,160,100,163.33333333333334,-0.7434262633323669,1.4803481226989839
UBFC_PHYS_s15_T1_test,160,101,163.36666666666667,-0.40754434466362,1.3361722708623727
UBFC_PHYS_s15_T1_test,160,102,163.4,-0.06057769060134888,1.1207254478223465
UBFC_PHYS_s15_T1_test,160,103,163.43333333333334,0.09688688814640045,0.8585577747329446
UBFC_PHYS_s15_T1_test,160,104,163.46666666666667,0.07548993080854416,0.5568645348088934
UBFC_PHYS_s15_T1_test,160,105,163.5,-0.02929333597421646,0.21130867597642777
UBFC_PHYS_s15_T1_test,160,106,163.53333333333333,-0.15558943152427673,-0.18101614223720197
UBFC_PHYS_s15_T1_test,160,107,163.56666666666666,-0.24285732209682465,-0.6079985604418077
UBFC_PHYS_s15_T1_test,160,108,163.6,-0.24428635835647583,-1.0348171530293166
UBFC_PHYS_s15_T1_test,160,109,163.63333333333333,-0.19363275170326233,-1.4057341432631576
UBFC_PHYS_s15_T1_test,160,110,163.66666666666666,-0.16862457990646362,-1.6551407932544697
UBFC_PHYS_s15_T1_test,160,111,163.7,-0.18542543053627014,-1.7244439285204907
UBFC_PHYS_s15_T1_test,160,112,163.73333333333332,-0.23831915855407715,-1.5796551195605435
UBFC_PHYS_s15_T1_test,160,113,163.76666666666668,-0.366044282913208,-1.2243730433596118
UBFC_PHYS_s15_T1_test,160,114,163.8,-0.5476287007331848,-0.7039349081509368
UBFC_PHYS_s15_T1_test,160,115,163.83333333333334,-0.6704294681549072,-0.09845558343664618
UBFC_PHYS_s15_T1_test,160,116,163.86666666666667,-0.6968087553977966,0.4948414531094005
UBFC_PHYS_s15_T1_test,160,117,163.9,-0.7232266068458557,0.9858766032456523
UBFC_PHYS_s15_T1_test,160,118,163.93333333333334,-0.8289754390716553,1.3145326315926562
UBFC_PHYS_s15_T1_test,160,119,163.96666666666667,-0.9325035214424133,1.463028707214211
UBFC_PHYS_s15_T1_test,160,120,164.0,-0.8426864743232727,1.4528485797501096
UBFC_PHYS_s15_T1_test,160,121,164.03333333333333,-0.4699585437774658,1.328362204075458
UBFC_PHYS_s15_T1_test,160,122,164.06666666666666,0.021688571199774742,1.135461216822536
UBFC_PHYS_s15_T1_test,160,123,164.1,0.4265891909599304,0.9050192857768083
UBFC_PHYS_s15_T1_test,160,124,164.13333333333333,0.6793938279151917,0.6469774168448091
UBFC_PHYS_s15_T1_test,160,125,164.16666666666666,0.8044732809066772,0.3549839282040238
UBFC_PHYS_s15_T1_test,160,126,164.2,0.8225100636482239,0.01784078037262824
UBFC_PHYS_s15_T1_test,160,127,164.23333333333332,0.7955514192581177,-0.3670568777167506
UBFC_PHYS_s15_T1_test,160,128,164.26666666666668,0.825232982635498,-0.7828973803169959
UBFC_PHYS_s15_T1_test,160,129,164.3,0.913698136806488,-1.1889773588513608
UBFC_PHYS_s15_T1_test,160,130,164.33333333333334,0.9506600499153137,-1.5247579245070484
UBFC_PHYS_s15_T1_test,160,131,164.36666666666667,0.8726422786712646,-1.7223892944493844
UBFC_PHYS_s15_T1_test,160,132,164.4,0.7487021684646606,-1.7249419624283322
UBFC_PHYS_s15_T1_test,160,133,164.43333333333334,0.6686180830001831,-1.505183901092577
UBFC_PHYS_s15_T1_test,160,134,164.46666666666667,0.6067445874214172,-1.0786007702874303
UBFC_PHYS_s15_T1_test,160,135,164.5,0.4724149703979492,-0.5051686682021814
UBFC_PHYS_s15_T1_test,160,136,164.53333333333333,0.24778561294078827,0.12258073526320562
UBFC_PHYS_s15_T1_test,160,137,164.56666666666666,0.009155519306659698,0.702769329923345
UBFC_PHYS_s15_T1_test,160,138,164.6,-0.18061691522598267,1.151060833962265
UBFC_PHYS_s15_T1_test,160,139,164.63333333333333,-0.3284451365470886,1.421206592465937
UBFC_PHYS_s15_T1_test,160,140,164.66666666666666,-0.48185431957244873,1.5115770557796309
UBFC_PHYS_s15_T1_test,160,141,164.7,-0.6152955889701843,1.4560304872857555
UBFC_PHYS_s15_T1_test,160,142,164.73333333333332,-0.5792413353919983,1.3041279039471512
UBFC_PHYS_s15_T1_test,160,143,164.76666666666668,-0.2565104365348816,1.0998350668466494
UBFC_PHYS_s15_T1_test,160,144,164.8,0.23946242034435272,0.8675689958286362
UBFC_PHYS_s15_T1_test,160,145,164.83333333333334,0.6808807849884033,0.610128763858326
UBFC_PHYS_s15_T1_test,160,146,164.86666666666667,0.9348247647285461,0.3170638728123416
UBFC_PHYS_s15_T1_test,160,147,164.9,0.9730805158615112,-0.022150624814518446
UBFC_PHYS_s15_T1_test,160,148,164.93333333333334,0.8329575061798096,-0.4060818017983788
UBFC_PHYS_s15_T1_test,160,149,164.96666666666667,0.6204363107681274,-0.8141550359890197
UBFC_PHYS_s15_T1_test,160,150,165.0,0.4515587389469147,-1.2056771708005702
UBFC_PHYS_s15_T1_test,160,151,165.03333333333333,0.3777315318584442,-1.525059148425927
UBFC_PHYS_s15_T1_test,160,152,165.06666666666666,0.377886027097702,-1.7125545308800152
UBFC_PHYS_s15_T1_test,160,153,165.1,0.40080857276916504,-1.718810769975022
UBFC_PHYS_s15_T1_test,160,154,165.13333333333333,0.38978180289268494,-1.5197528607589077
UBFC_PHYS_s15_T1_test,160,155,165.16666666666666,0.2986130118370056,-1.1270529613120934
UBFC_PHYS_s15_T1_test,160,156,165.2,0.08466281741857529,-0.5900687902513326
UBFC_PHYS_s15_T1_test,160,157,165.23333333333332,-0.23600180447101593,0.01254253214274625
UBFC_PHYS_s15_T1_test,160,158,165.26666666666668,-0.5136407613754272,0.5902148184036565
UBFC_PHYS_s15_T1_test,160,159,165.3,-0.5770012140274048,1.062192913884653
UBFC_PHYS_s15_T1_test,160,160,165.33333333333334,-0.4553012549877167,1.3763387161229765
UBFC_PHYS_s15_T1_test,160,161,165.36666666666667,-0.3380814790725708,1.5180900485909956
UBFC_PHYS_s15_T1_test,160,162,165.4,-0.35453474521636963,1.5066966787110334
UBFC_PHYS_s15_T1_test,160,163,165.43333333333334,-0.4581979513168335,1.3813172489074068
UBFC_PHYS_s15_T1_test,160,164,165.46666666666667,-0.48200881481170654,1.1833057188692597
UBFC_PHYS_s15_T1_test,160,165,165.5,-0.2908652722835541,0.9418455783362439
UBFC_PHYS_s15_T1_test,160,166,165.53333333333333,0.05183355510234833,0.6681991238293696
UBFC_PHYS_s15_T1_test,160,167,165.56666666666666,0.33265888690948486,0.3598865475191887
UBFC_PHYS_s15_T1_test,160,168,165.6,0.4703293740749359,0.01159288575729113
UBFC_PHYS_s15_T1_test,160,169,165.63333333333333,0.5382665991783142,-0.3729765241363514
UBFC_PHYS_s15_T1_test,160,170,165.66666666666666,0.5562261343002319,-0.773309642750044
UBFC_PHYS_s15_T1_test,160,171,165.7,0.46053850650787354,-1.1507292857895326
UBFC_PHYS_s15_T1_test,160,172,165.73333333333332,0.25749921798706055,-1.4534740697250137
UBFC_PHYS_s15_T1_test,160,173,165.76666666666668,0.040072955191135406,-1.6269042998710093
UBFC_PHYS_s15_T1_test,160,174,165.8,-0.11891721189022064,-1.62678475160391
UBFC_PHYS_s15_T1_test,160,175,165.83333333333334,-0.20792312920093536,-1.4327426460441839
UBFC_PHYS_s15_T1_test,160,176,165.86666666666667,-0.25488826632499695,-1.0579532925159931
UBFC_PHYS_s15_T1_test,160,177,165.9,-0.3052329123020172,-0.551020619044414
UBFC_PHYS_s15_T1_test,160,178,165.93333333333334,-0.3637462258338928,0.012080000175148192
UBFC_PHYS_s15_T1_test,160,179,165.96666666666667,-0.38251686096191406,0.5447505312286197
UBFC_PHYS_s15_T1_test,160,180,166.0,-0.3537236452102661,0.9705389333913542
UBFC_PHYS_s15_T1_test,160,181,166.03333333333333,-0.33580273389816284,1.2412035436921434
UBFC_PHYS_s15_T1_test,160,182,166.06666666666666,-0.35766318440437317,1.345721955666938
UBFC_PHYS_s15_T1_test,160,183,166.1,-0.41362741589546204,1.3070475312756773
UBFC_PHYS_s15_T1_test,160,184,166.13333333333333,-0.5235667824745178,1.168384138459309
UBFC_PHYS_s15_T1_test,160,185,166.16666666666666,-0.6418486833572388,0.9749923401236602
UBFC_PHYS_s15_T1_test,160,186,166.2,-0.6166860461235046,0.7588216897135135
UBFC_PHYS_s15_T1_test,160,187,166.23333333333332,-0.40037983655929565,0.5314429575613596
UBFC_PHYS_s15_T1_test,160,188,166.26666666666668,-0.13050401210784912,0.2870632342564095
UBFC_PHYS_s15_T1_test,160,189,166.3,0.06965791434049606,0.013356191888044391
UBFC_PHYS_s15_T1_test,160,190,166.33333333333334,0.17328250408172607,-0.2950821662205415
UBFC_PHYS_s15_T1_test,160,191,166.36666666666667,0.18560312688350677,-0.6264101690671771
UBFC_PHYS_s15_T1_test,160,192,166.4,0.1883646547794342,-0.948190785098885
UBFC_PHYS_s15_T1_test,160,193,166.43333333333334,0.2779305875301361,-1.2119349915910873
UBFC_PHYS_s15_T1_test,160,194,166.46666666666667,0.40368595719337463,-1.3641123001413131
UBFC_PHYS_s15_T1_test,160,195,166.5,0.43591657280921936,-1.3606759194435416
UBFC_PHYS_s15_T1_test,160,196,166.53333333333333,0.36210867762565613,-1.1811533169354294
UBFC_PHYS_s15_T1_test,160,197,166.56666666666666,0.2918154299259186,-0.8380642768253003
UBFC_PHYS_s15_T1_test,160,198,166.6,0.26918256282806396,-0.3782156190019751
UBFC_PHYS_s15_T1_test,160,199,166.63333333333333,0.21605709195137024,0.1256294831004006
UBFC_PHYS_s15_T1_test,160,200,166.66666666666666,0.05171768739819527,0.5913579075217781
UBFC_PHYS_s15_T1_test,160,201,166.7,-0.16561201214790344,0.9479044771907859
UBFC_PHYS_s15_T1_test,160,202,166.73333333333332,-0.2785639762878418,1.1527012559764978
UBFC_PHYS_s15_T1_test,160,203,166.76666666666668,-0.22792966663837433,1.1996780152750475
UBFC_PHYS_s15_T1_test,160,204,166.8,-0.13212616741657257,1.1147897253590462
UBFC_PHYS_s15_T1_test,160,205,166.83333333333334,-0.0836547240614891,0.9414648669546326
UBFC_PHYS_s15_T1_test,160,206,166.86666666666667,-0.033078357577323914,0.7229865337070623
UBFC_PHYS_s15_T1_test,160,207,166.9,0.05494267866015434,0.48958746937296577
UBFC_PHYS_s15_T1_test,160,208,166.93333333333334,0.11301184445619583,0.2542424539025329
UBFC_PHYS_s15_T1_test,160,209,166.96666666666667,0.0807812362909317,0.01622292193072577
UBFC_PHYS_s15_T1_test,160,210,167.0,-0.027265647426247597,-0.23088990913881835
UBFC_PHYS_s15_T1_test,160,211,167.03333333333333,-0.12388022243976593,-0.4898833976574835
UBFC_PHYS_s15_T1_test,160,212,167.06666666666666,-0.10493580996990204,-0.7516723745642461
UBFC_PHYS_s15_T1_test,160,213,167.1,0.0488596111536026,-0.9904250951816531
UBFC_PHYS_s15_T1_test,160,214,167.13333333333333,0.29229822754859924,-1.1647209550423574
UBFC_PHYS_s15_T1_test,160,215,167.16666666666666,0.5713855624198914,-1.2265578493894578
UBFC_PHYS_s15_T1_test,160,216,167.2,0.7970770597457886,-1.1368958353274656
UBFC_PHYS_s15_T1_test,160,217,167.23333333333332,0.9117670059204102,-0.882565084612819
UBFC_PHYS_s15_T1_test,160,218,167.26666666666668,0.9979341626167297,-0.4873614055756562
UBFC_PHYS_s15_T1_test,160,219,167.3,1.1445651054382324,-0.011539905970977479
UBFC_PHYS_s15_T1_test,160,220,167.33333333333334,1.2388815879821777,0.46156954763726593
UBFC_PHYS_s15_T1_test,160,221,167.36666666666667,1.0298751592636108,0.8477211476237345
UBFC_PHYS_s15_T1_test,160,222,167.4,0.38806310296058655,1.084971174807362
UBFC_PHYS_s15_T1_test,160,223,167.43333333333334,-0.5101840496063232,1.1496914885756173
UBFC_PHYS_s15_T1_test,160,224,167.46666666666667,-1.3100979328155518,1.0596723287414604
UBFC_PHYS_s15_T1_test,160,225,167.5,-1.741532325744629,0.8634684621008757
UBFC_PHYS_s15_T1_test,160,226,167.53333333333333,-1.7331318855285645,0.6206225085745178
UBFC_PHYS_s15_T1_test,160,227,167.56666666666666,-1.4679293632507324,0.3811052678403268
UBFC_PHYS_s15_T1_test,160,228,167.6,-1.2194311618804932,0.17231388118750035
UBFC_PHYS_s15_T1_test,160,229,167.63333333333333,-1.128841757774353,-0.0020717499839733805
UBFC_PHYS_s15_T1_test,160,230,167.66666666666666,-1.137280821800232,-0.1532730165157376
UBFC_PHYS_s15_T1_test,160,231,167.7,-1.1652629375457764,-0.29488707503181133
UBFC_PHYS_s15_T1_test,160,232,167.73333333333332,-1.2183691263198853,-0.4327527404153914
UBFC_PHYS_s15_T1_test,160,233,167.76666666666668,-1.2950544357299805,-0.560319804008292
UBFC_PHYS_s15_T1_test,160,234,167.8,-1.2956722974777222,-0.6598381681294938
UBFC_PHYS_s15_T1_test,160,235,167.83333333333334,-1.1274319887161255,-0.7081413645255362
UBFC_PHYS_s15_T1_test,160,236,167.86666666666667,-0.8296127319335938,-0.6850890917131366
UBFC_PHYS_s15_T1_test,160,237,167.9,-0.5339562892913818,-0.5821007729823564
UBFC_PHYS_s15_T1_test,160,238,167.93333333333334,-0.35036349296569824,-0.40759354239246853
UBFC_PHYS_s15_T1_test,160,239,167.96666666666667,-0.31880876421928406,-0.18680180364532809
UBFC_PHYS_s15_T1_test,161,0,161.0,-0.01104413066059351,0.040870936712968334
UBFC_PHYS_s15_T1_test,161,1,161.03333333333333,0.2148018628358841,0.5659708197030375
UBFC_PHYS_s15_T1_test,161,2,161.06666666666666,0.3467561602592468,0.9947661459093727
UBFC_PHYS_s15_T1_test,161,3,161.1,0.3687710762023926,1.2571319923574533
UBFC_PHYS_s15_T1_test,161,4,161.13333333333333,0.29231753945350647,1.3251899534783025
UBFC_PHYS_s15_T1_test,161,5,161.16666666666666,0.10578940808773041,1.2189754081587456
UBFC_PHYS_s15_T1_test,161,6,161.2,-0.20483331382274628,0.9965689367223383
UBFC_PHYS_s15_T1_test,161,7,161.23333333333332,-0.5743556022644043,0.7319706376432199
UBFC_PHYS_s15_T1_test,161,8,161.26666666666668,-0.8159016966819763,0.4897122826875942
UBFC_PHYS_s15_T1_test,161,9,161.3,-0.7081058621406555,0.3063518813250569
UBFC_PHYS_s15_T1_test,161,10,161.33333333333334,-0.1941155344247818,0.1846322871850698
UBFC_PHYS_s15_T1_test,161,11,161.36666666666667,0.503390371799469,0.09985356484236217
UBFC_PHYS_s15_T1_test,161,12,161.4,1.041616439819336,0.014098490571666848
UBFC_PHYS_s15_T1_test,161,13,161.43333333333334,1.288299322128296,-0.10701133440098934
UBFC_PHYS_s15_T1_test,161,14,161.46666666666667,1.3330050706863403,-0.2797957603473602
UBFC_PHYS_s15_T1_test,161,15,161.5,1.2498891353607178,-0.49414250291998835
UBFC_PHYS_s15_T1_test,161,16,161.53333333333333,1.0977351665496826,-0.7141848051393584
UBFC_PHYS_s15_T1_test,161,17,161.56666666666666,1.0007150173187256,-0.888648301710836
UBFC_PHYS_s15_T1_test,161,18,161.6,0.9862894415855408,-0.9676003902054324
UBFC_PHYS_s15_T1_test,161,19,161.63333333333333,0.9498103260993958,-0.9191799620705089
UBFC_PHYS_s15_T1_test,161,20,161.66666666666666,0.7943348288536072,-0.7399132503040202
UBFC_PHYS_s15_T1_test,161,21,161.7,0.4842914640903473,-0.45534136549980986
UBFC_PHYS_s15_T1_test,161,22,161.73333333333332,0.04190753400325775,-0.11197751128882837
UBFC_PHYS_s15_T1_test,161,23,161.76666666666668,-0.42349550127983093,0.2353334674833472
UBFC_PHYS_s15_T1_test,161,24,161.8,-0.7714856266975403,0.5361585674253719
UBFC_PHYS_s15_T1_test,161,25,161.83333333333334,-0.9854937791824341,0.7543189847739342
UBFC_PHYS_s15_T1_test,161,26,161.86666666666667,-1.2173649072647095,0.8735088715463707
UBFC_PHYS_s15_T1_test,161,27,161.9,-1.609153151512146,0.8979442286330677
UBFC_PHYS_s15_T1_test,161,28,161.93333333333334,-2.017510414123535,0.8471183728274423
UBFC_PHYS_s15_T1_test,161,29,161.96666666666667,-2.0750389099121094,0.7452657778134374
UBFC_PHYS_s15_T1_test,161,30,162.0,-1.627112627029419,0.6099947040153277
UBFC_PHYS_s15_T1_test,161,31,162.03333333333333,-0.9426226019859314,0.44640387002635806
UBFC_PHYS_s15_T1_test,161,32,162.06666666666666,-0.3934856951236725,0.24952695836035155
UBFC_PHYS_s15_T1_test,161,33,162.1,-0.0776682123541832,0.01251495604723295
UBFC_PHYS_s15_T1_test,161,34,162.13333333333333,0.10022774338722229,-0.2645034924263265
UBFC_PHYS_s15_T1_test,161,35,162.16666666666666,0.21673299372196198,-0.5686974890653831
UBFC_PHYS_s15_T1_test,161,36,162.2,0.29345691204071045,-0.8729614952607715
UBFC_PHYS_s15_T1_test,161,37,162.23333333333332,0.36487019062042236,-1.1378462863126484
UBFC_PHYS_s15_T1_test,161,38,162.26666666666668,0.44929933547973633,-1.316843163246779
UBFC_PHYS_s15_T1_test,161,39,162.3,0.5187621712684631,-1.3655094000145922
UBFC_PHYS_s15_T1_test,161,40,162.33333333333334,0.590600311756134,-1.2535735601698363
UBFC_PHYS_s15_T1_test,161,41,162.36666666666667,0.6949587464332581,-0.9765870877838094
UBFC_PHYS_s15_T1_test,161,42,162.4,0.7600572109222412,-0.5621406054709507
UBFC_PHYS_s15_T1_test,161,43,162.43333333333334,0.7075111269950867,-0.06679470101074353
UBFC_PHYS_s15_T1_test,161,44,162.46666666666667,0.5954474806785583,0.4363374187259457
UBFC_PHYS_s15_T1_test,161,45,162.5,0.5271626114845276,0.8751718973100644
UBFC_PHYS_s15_T1_test,161,46,162.53333333333333,0.4938698709011078,1.1950810276210244
UBFC_PHYS_s15_T1_test,161,47,162.56666666666666,0.37983646988868713,1.3688036745943062
UBFC_PHYS_s15_T1_test,161,48,162.6,0.1535463184118271,1.3976861117420312
UBFC_PHYS_s15_T1_test,161,49,162.63333333333333,0.012786048464477062,1.3052543965835917
UBFC_PHYS_s15_T1_test,161,50,162.66666666666666,0.2261955440044403,1.1256980001182804
UBFC_PHYS_s15_T1_test,161,51,162.7,0.79609215259552,0.8909242596685678
UBFC_PHYS_s15_T1_test,161,52,162.73333333333332,1.4222233295440674,0.6211722038758138
UBFC_PHYS_s15_T1_test,161,53,162.76666666666668,1.7841756343841553,0.3234808682954095
UBFC_PHYS_s15_T1_test,161,54,162.8,1.7744812965393066,-0.0018331043218250912
UBFC_PHYS_s15_T1_test,161,55,162.83333333333334,1.49997079372406,-0.3510484706139384
UBFC_PHYS_s15_T1_test,161,56,162.86666666666667,1.1554373502731323,-0.7088637938859863
UBFC_PHYS_s15_T1_test,161,57,162.9,0.9186225533485413,-1.0457040964429851
UBFC_PHYS_s15_T1_test,161,58,162.93333333333334,0.8396778106689453,-1.3208549642239158
UBFC_PHYS_s15_T1_test,161,59,162.96666666666667,0.8053616285324097,-1.489699990823925
UBFC_PHYS_s15_T1_test,161,60,163.0,0.6916950941085815,-1.5132025863622869
UBFC_PHYS_s15_T1_test,161,61,163.03333333333333,0.5244396924972534,-1.3681624878931162
UBFC_PHYS_s15_T1_test,161,62,163.06666666666666,0.3689255714416504,-1.0561985050456615
UBFC_PHYS_s15_T1_test,161,63,163.1,0.19659127295017242,-0.6084137042409331
UBFC_PHYS_s15_T1_test,161,64,163.13333333333333,0.013616436161100864,-0.08277667920285241
UBFC_PHYS_s15_T1_test,161,65,163.16666666666666,-0.11242860555648804,0.446741738336302
UBFC_PHYS_s15_T1_test,161,66,163.2,-0.2094680368900299,0.906740645470325
UBFC_PHYS_s15_T1_test,161,67,163.23333333333332,-0.38228511810302734,1.2410642868806954
UBFC_PHYS_s15_T1_test,161,68,163.26666666666668,-0.6410762071609497,1.4214134650985673
UBFC_PHYS_s15_T1_test,161,69,163.3,-0.8253642320632935,1.4484645327056413
UBFC_PHYS_s15_T1_test,161,70,163.33333333333334,-0.7434262633323669,1.3447709615997723
UBFC_PHYS_s15_T1_test,161,71,163.36666666666667,-0.40754434466362,1.1438574836357869
UBFC_PHYS_s15_T1_test,161,72,163.4,-0.06057769060134888,0.8794261354370337
UBFC_PHYS_s15_T1_test,161,73,163.43333333333334,0.09688688814640045,0.5769574527124467
UBFC_PHYS_s15_T1_test,161,74,163.46666666666667,0.07548993080854416,0.2498408095146332
UBFC_PHYS_s15_T1_test,161,75,163.5,-0.02929333597421646,-0.09803904804732293
UBFC_PHYS_s15_T1_test,161,76,163.53333333333333,-0.15558943152427673,-0.46372499433409137
UBFC_PHYS_s15_T1_test,161,77,163.56666666666666,-0.24285732209682465,-0.8344564489687369
UBFC_PHYS_s15_T1_test,161,78,163.6,-0.24428635835647583,-1.1804024288785535
UBFC_PHYS_s15_T1_test,161,79,163.63333333333333,-0.19363275170326233,-1.4553430315865241
UBFC_PHYS_s15_T1_test,161,80,163.66666666666666,-0.16862457990646362,-1.6061600972832748
UBFC_PHYS_s15_T1_test,161,81,163.7,-0.18542543053627014,-1.5879730749996974
UBFC_PHYS_s15_T1_test,161,82,163.73333333333332,-0.23831915855407715,-1.3794700187849276
UBFC_PHYS_s15_T1_test,161,83,163.76666666666668,-0.366044282913208,-0.9930331507406707
UBFC_PHYS_s15_T1_test,161,84,163.8,-0.5476287007331848,-0.47608232970606607
UBFC_PHYS_s15_T1_test,161,85,163.83333333333334,-0.6704294681549072,0.09733031698990337
UBFC_PHYS_s15_T1_test,161,86,163.86666666666667,-0.6968087553977966,0.6429749140463017
UBFC_PHYS_s15_T1_test,161,87,163.9,-0.7232266068458557,1.0865450485234323
UBFC_PHYS_s15_T1_test,161,88,163.93333333333334,-0.8289754390716553,1.380756411786727
UBFC_PHYS_s15_T1_test,161,89,163.96666666666667,-0.9325035214424133,1.512892774056386
UBFC_PHYS_s15_T1_test,161,90,164.0,-0.8426864743232727,1.4999332017673066
UBFC_PHYS_s15_T1_test,161,91,164.03333333333333,-0.4699585437774658,1.374272368919934
UBFC_PHYS_s15_T1_test,161,92,164.06666666666666,0.021688571199774742,1.1678463183781191
UBFC_PHYS_s15_T1_test,161,93,164.1,0.4265891909599304,0.9025529663794786
UBFC_PHYS_s15_T1_test,161,94,164.13333333333333,0.6793938279151917,0.5896349563971829
UBFC_PHYS_s15_T1_test,161,95,164.16666666666666,0.8044732809066772,0.2350088396439017
UBFC_PHYS_s15_T1_test,161,96,164.2,0.8225100636482239,-0.15393739221218602
UBFC_PHYS_s15_T1_test,161,97,164.23333333333332,0.7955514192581177,-0.5626885664084046
UBFC_PHYS_s15_T1_test,161,98,164.26666666666668,0.825232982635498,-0.9658156139384739
UBFC_PHYS_s15_T1_test,161,99,164.3,0.913698136806488,-1.32555052544762
UBFC_PHYS_s15_T1_test,161,100,164.33333333333334,0.9506600499153137,-1.5941793272745257
UBFC_PHYS_s15_T1_test,161,101,164.36666666666667,0.8726422786712646,-1.7218002383821223
UBFC_PHYS_s15_T1_test,161,102,164.4,0.7487021684646606,-1.668848643464504
UBFC_PHYS_s15_T1_test,161,103,164.43333333333334,0.6686180830001831,-1.4198024948550771
UBFC_PHYS_s15_T1_test,161,104,164.46666666666667,0.6067445874214172,-0.9928907565923211
UBFC_PHYS_s15_T1_test,161,105,164.5,0.4724149703979492,-0.4412409366212543
UBFC_PHYS_s15_T1_test,161,106,164.53333333333333,0.24778561294078827,0.1565204000182007
UBFC_PHYS_s15_T1_test,161,107,164.56666666666666,0.009155519306659698,0.7142578918646955
UBFC_PHYS_s15_T1_test,161,108,164.6,-0.18061691522598267,1.1590287605564864
UBFC_PHYS_s15_T1_test,161,109,164.63333333333333,-0.3284451365470886,1.4470353691192637
UBFC_PHYS_s15_T1_test,161,110,164.66666666666666,-0.48185431957244873,1.5694230590967502
UBFC_PHYS_s15_T1_test,161,111,164.7,-0.6152955889701843,1.5467667034631598
UBFC_PHYS_s15_T1_test,161,112,164.73333333333332,-0.5792413353919983,1.4152328196384019
UBFC_PHYS_s15_T1_test,161,113,164.76666666666668,-0.2565104365348816,1.2103498187015445
UBFC_PHYS_s15_T1_test,161,114,164.8,0.23946242034435272,0.9553137611987075
UBFC_PHYS_s15_T1_test,161,115,164.83333333333334,0.6808807849884033,0.6584726341423726
UBFC_PHYS_s15_T1_test,161,116,164.86666666666667,0.9348247647285461,0.3194310305649614
UBFC_PHYS_s15_T1_test,161,117,164.9,0.9730805158615112,-0.06110748602333519
UBFC_PHYS_s15_T1_test,161,118,164.93333333333334,0.8329575061798096,-0.47291855507198854
UBFC_PHYS_s15_T1_test,161,119,164.96666666666667,0.6204363107681274,-0.8919030409472657
UBFC_PHYS_s15_T1_test,161,120,165.0,0.4515587389469147,-1.280109503462143
UBFC_PHYS_s15_T1_test,161,121,165.03333333333333,0.3777315318584442,-1.5896023182296595
UBFC_PHYS_s15_T1_test,161,122,165.06666666666666,0.377886027097702,-1.769896695601648
UBFC_PHYS_s15_T1_test,161,123,165.1,0.40080857276916504,-1.77854626023485
UBFC_PHYS_s15_T1_test,161,124,165.13333333333333,0.38978180289268494,-1.5930398365474938
UBFC_PHYS_s15_T1_test,161,125,165.16666666666666,0.2986130118370056,-1.2204870887115213
UBFC_PHYS_s15_T1_test,161,126,165.2,0.08466281741857529,-0.701208647373044
UBFC_PHYS_s15_T1_test,161,127,165.23333333333332,-0.23600180447101593,-0.10367771258451464
UBFC_PHYS_s15_T1_test,161,128,165.26666666666668,-0.5136407613754272,0.48910796181929495
UBFC_PHYS_s15_T1_test,161,129,165.3,-0.5770012140274048,0.9983644950295527
UBFC_PHYS_s15_T1_test,161,130,165.33333333333334,-0.4553012549877167,1.3670672311084175
UBFC_PHYS_s15_T1_test,161,131,165.36666666666667,-0.3380814790725708,1.5699697375618948
UBFC_PHYS_s15_T1_test,161,132,165.4,-0.35453474521636963,1.6133122193605867
UBFC_PHYS_s15_T1_test,161,133,165.43333333333334,-0.4581979513168335,1.52578600581152
UBFC_PHYS_s15_T1_test,161,134,165.46666666666667,-0.48200881481170654,1.3446644076685237
UBFC_PHYS_s15_T1_test,161,135,165.5,-0.2908652722835541,1.101934398056265
UBFC_PHYS_s15_T1_test,161,136,165.53333333333333,0.05183355510234833,0.8157432918330133
UBFC_PHYS_s15_T1_test,161,137,165.56666666666666,0.33265888690948486,0.49082200376530305
UBFC_PHYS_s15_T1_test,161,138,165.6,0.4703293740749359,0.12690143167501783
UBFC_PHYS_s15_T1_test,161,139,165.63333333333333,0.5382665991783142,-0.2702338530093136
UBFC_PHYS_s15_T1_test,161,140,165.66666666666666,0.5562261343002319,-0.6810328390274354
UBFC_PHYS_s15_T1_test,161,141,165.7,0.46053850650787354,-1.0710250333396036
UBFC_PHYS_s15_T1_test,161,142,165.73333333333332,0.25749921798706055,-1.3958373413449472
UBFC_PHYS_s15_T1_test,161,143,165.76666666666668,0.040072955191135406,-1.6097781598845624
UBFC_PHYS_s15_T1_test,161,144,165.8,-0.11891721189022064,-1.6753323875059687
UBFC_PHYS_s15_T1_test,161,145,165.83333333333334,-0.20792312920093536,-1.5717454924151697
UBFC_PHYS_s15_T1_test,161,146,165.86666666666667,-0.25488826632499695,-1.301160432458369
UBFC_PHYS_s15_T1_test,161,147,165.9,-0.3052329123020172,-0.8907578126103848
UBFC_PHYS_s15_T1_test,161,148,165.93333333333334,-0.3637462258338928,-0.38985313861799054
UBFC_PHYS_s15_T1_test,161,149,165.96666666666667,-0.38251686096191406,0.13809076975795995
UBFC_PHYS_s15_T1_test,161,150,166.0,-0.3537236452102661,0.6273510844874686
UBFC_PHYS_s15_T1_test,161,151,166.03333333333333,-0.33580273389816284,1.022983972641331
UBFC_PHYS_s15_T1_test,161,152,166.06666666666666,-0.35766318440437317,1.2908590339944457
UBFC_PHYS_s15_T1_test,161,153,166.1,-0.41362741589546204,1.421074984574028
UBFC_PHYS_s15_T1_test,161,154,166.13333333333333,-0.5235667824745178,1.4242588460612937
UBFC_PHYS_s15_T1_test,161,155,166.16666666666666,-0.6418486833572388,1.323316295668595
UBFC_PHYS_s15_T1_test,161,156,166.2,-0.6166860461235046,1.1438623482300416
UBFC_PHYS_s15_T1_test,161,157,166.23333333333332,-0.40037983655929565,0.9061184627085728
UBFC_PHYS_s15_T1_test,161,158,166.26666666666668,-0.13050401210784912,0.6211347347679915
UBFC_PHYS_s15_T1_test,161,159,166.3,0.06965791434049606,0.29335322105883477
UBFC_PHYS_s15_T1_test,161,160,166.33333333333334,0.17328250408172607,-0.07154728553178938
UBFC_PHYS_s15_T1_test,161,161,166.36666666666667,0.18560312688350677,-0.4578859699065167
UBFC_PHYS_s15_T1_test,161,162,166.4,0.1883646547794342,-0.8354369447930112
UBFC_PHYS_s15_T1_test,161,163,166.43333333333334,0.2779305875301361,-1.1619916741788983
UBFC_PHYS_s15_T1_test,161,164,166.46666666666667,0.40368595719337463,-1.39208183262627
UBFC_PHYS_s15_T1_test,161,165,166.5,0.43591657280921936,-1.4880382455196506
UBFC_PHYS_s15_T1_test,161,166,166.53333333333333,0.36210867762565613,-1.4292987436433684
UBFC_PHYS_s15_T1_test,161,167,166.56666666666666,0.2918154299259186,-1.217501442817946
UBFC_PHYS_s15_T1_test,161,168,166.6,0.26918256282806396,-0.8767352255196054
UBFC_PHYS_s15_T1_test,161,169,166.63333333333333,0.21605709195137024,-0.4494852584013389
UBFC_PHYS_s15_T1_test,161,170,166.66666666666666,0.05171768739819527,0.01073249417087101
UBFC_PHYS_s15_T1_test,161,171,166.7,-0.16561201214790344,0.4488425075125369
UBFC_PHYS_s15_T1_test,161,172,166.73333333333332,-0.2785639762878418,0.8180912429661698
UBFC_PHYS_s15_T1_test,161,173,166.76666666666668,-0.22792966663837433,1.0877399183322833
UBFC_PHYS_s15_T1_test,161,174,166.8,-0.13212616741657257,1.245501935360164
UBFC_PHYS_s15_T1_test,161,175,166.83333333333334,-0.0836547240614891,1.2935668592581462
UBFC_PHYS_s15_T1_test,161,176,166.86666666666667,-0.033078357577323914,1.2412701389912675
UBFC_PHYS_s15_T1_test,161,177,166.9,0.05494267866015434,1.0996264859121034
UBFC_PHYS_s15_T1_test,161,178,166.93333333333334,0.11301184445619583,0.8801113466871574
UBFC_PHYS_s15_T1_test,161,179,166.96666666666667,0.0807812362909317,0.5959489594482071
UBFC_PHYS_s15_T1_test,161,180,167.0,-0.027265647426247597,0.2633402748348874
UBFC_PHYS_s15_T1_test,161,181,167.03333333333333,-0.12388022243976593,-0.0980428713582211
UBFC_PHYS_s15_T1_test,161,182,167.06666666666666,-0.10493580996990204,-0.4643890775922352
UBFC_PHYS_s15_T1_test,161,183,167.1,0.0488596111536026,-0.8064672394414005
UBFC_PHYS_s15_T1_test,161,184,167.13333333333333,0.29229822754859924,-1.0893433733383722
UBFC_PHYS_s15_T1_test,161,185,167.16666666666666,0.5713855624198914,-1.275650372932995
UBFC_PHYS_s15_T1_test,161,186,167.2,0.7970770597457886,-1.3330359809217676
UBFC_PHYS_s15_T1_test,161,187,167.23333333333332,0.9117670059204102,-1.2434475783099121
UBFC_PHYS_s15_T1_test,161,188,167.26666666666668,0.9979341626167297,-1.010583111087748
UBFC_PHYS_s15_T1_test,161,189,167.3,1.1445651054382324,-0.6625261553557144
UBFC_PHYS_s15_T1_test,161,190,167.33333333333334,1.2388815879821777,-0.24826590856172093
UBFC_PHYS_s15_T1_test,161,191,167.36666666666667,1.0298751592636108,0.17154131502243467
UBFC_PHYS_s15_T1_test,161,192,167.4,0.38806310296058655,0.5379270064207875
UBFC_PHYS_s15_T1_test,161,193,167.43333333333334,-0.5101840496063232,0.8078772319092811
UBFC_PHYS_s15_T1_test,161,194,167.46666666666667,-1.3100979328155518,0.9644669548700385
UBFC_PHYS_s15_T1_test,161,195,167.5,-1.741532325744629,1.017661166975441
UBFC_PHYS_s15_T1_test,161,196,167.53333333333333,-1.7331318855285645,0.9938964523965125
UBFC_PHYS_s15_T1_test,161,197,167.56666666666666,-1.4679293632507324,0.9187158205703376
UBFC_PHYS_s15_T1_test,161,198,167.6,-1.2194311618804932,0.8022747674195118
UBFC_PHYS_s15_T1_test,161,199,167.63333333333333,-1.128841757774353,0.6369563012321385
UBFC_PHYS_s15_T1_test,161,200,167.66666666666666,-1.137280821800232,0.4081021814567693
UBFC_PHYS_s15_T1_test,161,201,167.7,-1.1652629375457764,0.11005024544076962
UBFC_PHYS_s15_T1_test,161,202,167.73333333333332,-1.2183691263198853,-0.24227729814290214
UBFC_PHYS_s15_T1_test,161,203,167.76666666666668,-1.2950544357299805,-0.6115441686018577
UBFC_PHYS_s15_T1_test,161,204,167.8,-1.2956722974777222,-0.945242084161045
UBFC_PHYS_s15_T1_test,161,205,167.83333333333334,-1.1274319887161255,-1.1877780026730356
UBFC_PHYS_s15_T1_test,161,206,167.86666666666667,-0.8296127319335938,-1.29333568368623
UBFC_PHYS_s15_T1_test,161,207,167.9,-0.5339562892913818,-1.2370376643613898
UBFC_PHYS_s15_T1_test,161,208,167.93333333333334,-0.35036349296569824,-1.0224467211734012
UBFC_PHYS_s15_T1_test,161,209,167.96666666666667,-0.31880876421928406,-0.6832758504558027
UBFC_PHYS_s15_T1_test,161,210,168.0,-0.43251389265060425,-0.2778162054294215
UBFC_PHYS_s15_T1_test,161,211,168.03333333333333,-0.638237476348877,0.12372395440999594
UBFC_PHYS_s15_T1_test,161,212,168.06666666666666,-0.8268125653266907,0.4565406584288036
UBFC_PHYS_s15_T1_test,161,213,168.1,-0.9562950730323792,0.6784084988574681
UBFC_PHYS_s15_T1_test,161,214,168.13333333333333,-1.0965532064437866,0.7803873644737219
UBFC_PHYS_s15_T1_test,161,215,168.16666666666666,-1.252859115600586,0.7860692654786333
UBFC_PHYS_s15_T1_test,161,216,168.2,-1.2414461374282837,0.7390882639842072
UBFC_PHYS_s15_T1_test,161,217,168.23333333333332,-0.8806525468826294,0.6838754600834942
UBFC_PHYS_s15_T1_test,161,218,168.26666666666668,-0.2662240266799927,0.6472623744549294
UBFC_PHYS_s15_T1_test,161,219,168.3,0.2856357991695404,0.6281759177508237
UBFC_PHYS_s15_T1_test,161,220,168.33333333333334,0.6243951320648193,0.6000673017097441
UBFC_PHYS_s15_T1_test,161,221,168.36666666666667,0.8443125486373901,0.5257179804305752
UBFC_PHYS_s15_T1_test,161,222,168.4,1.0161833763122559,0.3777919329044231
UBFC_PHYS_s15_T1_test,161,223,168.43333333333334,1.0963833332061768,0.15513106617433042
UBFC_PHYS_s15_T1_test,161,224,168.46666666666667,1.0833481550216675,-0.11269090345067707
UBFC_PHYS_s15_T1_test,161,225,168.5,1.050885796546936,-0.3737664128067611
UBFC_PHYS_s15_T1_test,161,226,168.53333333333333,1.0374258756637573,-0.5706643100649542
UBFC_PHYS_s15_T1_test,161,227,168.56666666666666,1.0060642957687378,-0.6586171802884216
UBFC_PHYS_s15_T1_test,161,228,168.6,0.9187963604927063,-0.6191500505062844
UBFC_PHYS_s15_T1_test,161,229,168.63333333333333,0.7994716763496399,-0.4659331776736537
UBFC_PHYS_s15_T1_test,161,230,168.66666666666666,0.6860948204994202,-0.24183971466299528
UBFC_PHYS_s15_T1_test,161,231,168.7,0.5675426125526428,-0.007609686775587246
UBFC_PHYS_s15_T1_test,161,232,168.73333333333332,0.4363028109073639,0.17589953691989701
UBFC_PHYS_s15_T1_test,161,233,168.76666666666668,0.2967398166656494,0.2672778886598587
UBFC_PHYS_s15_T1_test,161,234,168.8,0.12533247470855713,0.25847516290171285
UBFC_PHYS_s15_T1_test,161,235,168.83333333333334,-0.015485736541450024,0.175760615489102
UBFC_PHYS_s15_T1_test,161,236,168.86666666666667,0.018946362659335136,0.06573441217391855
UBFC_PHYS_s15_T1_test,161,237,168.9,0.22990331053733826,-0.027637663341795793
UBFC_PHYS_s15_T1_test,161,238,168.93333333333334,0.44881653785705566,-0.0833250490260948
UBFC_PHYS_s15_T1_test,161,239,168.96666666666667,0.5555889010429382,-0.11015722204218584
UBFC_PHYS_s15_T1_test,162,0,162.0,-1.627112627029419,-0.03783175690869997
UBFC_PHYS_s15_T1_test,162,1,162.03333333333333,-0.9426226019859314,0.37106609292016135
UBFC_PHYS_s15_T1_test,162,2,162.06666666666666,-0.3934856951236725,0.6896766610398707
UBFC_PHYS_s15_T1_test,162,3,162.1,-0.0776682123541832,0.8505010192343772
UBFC_PHYS_s15_T1_test,162,4,162.13333333333333,0.10022774338722229,0.8240564540699776
UBFC_PHYS_s15_T1_test,162,5,162.16666666666666,0.21673299372196198,0.6230205678004959
UBFC_PHYS_s15_T1_test,162,6,162.2,0.29345691204071045,0.2947837560354201
UBFC_PHYS_s15_T1_test,162,7,162.23333333333332,0.36487019062042236,-0.09260619403932545
UBFC_PHYS_s15_T1_test,162,8,162.26666666666668,0.44929933547973633,-0.465427862718639
UBFC_PHYS_s15_T1_test,162,9,162.3,0.5187621712684631,-0.757170889664668
UBFC_PHYS_s15_T1_test,162,10,162.33333333333334,0.590600311756134,-0.9187045539362585
UBFC_PHYS_s15_T1_test,162,11,162.36666666666667,0.6949587464332581,-0.9255965125561699
UBFC_PHYS_s15_T1_test,162,12,162.4,0.7600572109222412,-0.7815145894141812
UBFC_PHYS_s15_T1_test,162,13,162.43333333333334,0.7075111269950867,-0.5163194735539919
UBFC_PHYS_s15_T1_test,162,14,162.46666666666667,0.5954474806785583,-0.17893902410216148
UBFC_PHYS_s15_T1_test,162,15,162.5,0.5271626114845276,0.1731928811215534
UBFC_PHYS_s15_T1_test,162,16,162.53333333333333,0.4938698709011078,0.4860609680800139
UBFC_PHYS_s15_T1_test,162,17,162.56666666666666,0.37983646988868713,0.72025501382099
UBFC_PHYS_s15_T1_test,162,18,162.6,0.1535463184118271,0.8583808844363465
UBFC_PHYS_s15_T1_test,162,19,162.63333333333333,0.012786048464477062,0.9053382687049132
UBFC_PHYS_s15_T1_test,162,20,162.66666666666666,0.2261955440044403,0.8802929407219453
UBFC_PHYS_s15_T1_test,162,21,162.7,0.79609215259552,0.8035338749112562
UBFC_PHYS_s15_T1_test,162,22,162.73333333333332,1.4222233295440674,0.6853367417939191
UBFC_PHYS_s15_T1_test,162,23,162.76666666666668,1.7841756343841553,0.5234894699337621
UBFC_PHYS_s15_T1_test,162,24,162.8,1.7744812965393066,0.3102298306776177
UBFC_PHYS_s15_T1_test,162,25,162.83333333333334,1.49997079372406,0.043096778861220625
UBFC_PHYS_s15_T1_test,162,26,162.86666666666667,1.1554373502731323,-0.26705102346166687
UBFC_PHYS_s15_T1_test,162,27,162.9,0.9186225533485413,-0.5942429907119586
UBFC_PHYS_s15_T1_test,162,28,162.93333333333334,0.8396778106689453,-0.9009328188005251
UBFC_PHYS_s15_T1_test,162,29,162.96666666666667,0.8053616285324097,-1.1439612696557555
UBFC_PHYS_s15_T1_test,162,30,163.0,0.6916950941085815,-1.2811983843362937
UBFC_PHYS_s15_T1_test,162,31,163.03333333333333,0.5244396924972534,-1.2790395566885373
UBFC_PHYS_s15_T1_test,162,32,163.06666666666666,0.3689255714416504,-1.1209174446643286
UBFC_PHYS_s15_T1_test,162,33,163.1,0.19659127295017242,-0.8150644114412783
UBFC_PHYS_s15_T1_test,162,34,163.13333333333333,0.013616436161100864,-0.39783387373261514
UBFC_PHYS_s15_T1_test,162,35,163.16666666666666,-0.11242860555648804,0.07085703801514959
UBFC_PHYS_s15_T1_test,162,36,163.2,-0.2094680368900299,0.5202339521518964
UBFC_PHYS_s15_T1_test,162,37,163.23333333333332,-0.38228511810302734,0.8856103342751446
UBFC_PHYS_s15_T1_test,162,38,163.26666666666668,-0.6410762071609497,1.1232528539769737
UBFC_PHYS_s15_T1_test,162,39,163.3,-0.8253642320632935,1.2177779389036243
UBFC_PHYS_s15_T1_test,162,40,163.33333333333334,-0.7434262633323669,1.1804152133037786
UBFC_PHYS_s15_T1_test,162,41,163.36666666666667,-0.40754434466362,1.0402059844462124
UBFC_PHYS_s15_T1_test,162,42,163.4,-0.06057769060134888,0.8317705055623763
UBFC_PHYS_s15_T1_test,162,43,163.43333333333334,0.09688688814640045,0.5836398238154736
UBFC_PHYS_s15_T1_test,162,44,163.46666666666667,0.07548993080854416,0.3114803857812491
UBFC_PHYS_s15_T1_test,162,45,163.5,-0.02929333597421646,0.019328400649051506
UBFC_PHYS_s15_T1_test,162,46,163.53333333333333,-0.15558943152427673,-0.29188325563833645
UBFC_PHYS_s15_T1_test,162,47,163.56666666666666,-0.24285732209682465,-0.613253519635674
UBFC_PHYS_s15_T1_test,162,48,163.6,-0.24428635835647583,-0.9202802358775443
UBFC_PHYS_s15_T1_test,162,49,163.63333333333333,-0.19363275170326233,-1.1727549110452062
UBFC_PHYS_s15_T1_test,162,50,163.66666666666666,-0.16862457990646362,-1.3227221718973214
UBFC_PHYS_s15_T1_test,162,51,163.7,-0.18542543053627014,-1.3276491071264813
UBFC_PHYS_s15_T1_test,162,52,163.73333333333332,-0.23831915855407715,-1.1641305551342482
UBFC_PHYS_s15_T1_test,162,53,163.76666666666668,-0.366044282913208,-0.8376657884944098
UBFC_PHYS_s15_T1_test,162,54,163.8,-0.5476287007331848,-0.38568662662165437
UBFC_PHYS_s15_T1_test,162,55,163.83333333333334,-0.6704294681549072,0.1273138294447519
UBFC_PHYS_s15_T1_test,162,56,163.86666666666667,-0.6968087553977966,0.6225539382499359
UBFC_PHYS_s15_T1_test,162,57,163.9,-0.7232266068458557,1.0254835810416363
UBFC_PHYS_s15_T1_test,162,58,163.93333333333334,-0.8289754390716553,1.2842687916447608
UBFC_PHYS_s15_T1_test,162,59,163.96666666666667,-0.9325035214424133,1.3806306078712545
UBFC_PHYS_s15_T1_test,162,60,164.0,-0.8426864743232727,1.3283701418708524
UBFC_PHYS_s15_T1_test,162,61,164.03333333333333,-0.4699585437774658,1.1611924106174019
UBFC_PHYS_s15_T1_test,162,62,164.06666666666666,0.021688571199774742,0.9169739976665187
UBFC_PHYS_s15_T1_test,162,63,164.1,0.4265891909599304,0.6264499524992232
UBFC_PHYS_s15_T1_test,162,64,164.13333333333333,0.6793938279151917,0.3097634883594167
UBFC_PHYS_s15_T1_test,162,65,164.16666666666666,0.8044732809066772,-0.021004584340684748
UBFC_PHYS_s15_T1_test,162,66,164.2,0.8225100636482239,-0.35684161469190323
UBFC_PHYS_s15_T1_test,162,67,164.23333333333332,0.7955514192581177,-0.6865491301165983
UBFC_PHYS_s15_T1_test,162,68,164.26666666666668,0.825232982635498,-0.9921738643088462
UBFC_PHYS_s15_T1_test,162,69,164.3,0.913698136806488,-1.246214483094315
UBFC_PHYS_s15_T1_test,162,70,164.33333333333334,0.9506600499153137,-1.4126403756942219
UBFC_PHYS_s15_T1_test,162,71,164.36666666666667,0.8726422786712646,-1.4535062003923453
UBFC_PHYS_s15_T1_test,162,72,164.4,0.7487021684646606,-1.3403728080804047
UBFC_PHYS_s15_T1_test,162,73,164.43333333333334,0.6686180830001831,-1.0665411931234525
UBFC_PHYS_s15_T1_test,162,74,164.46666666666667,0.6067445874214172,-0.654750528099342
UBFC_PHYS_s15_T1_test,162,75,164.5,0.4724149703979492,-0.15637278411798175
UBFC_PHYS_s15_T1_test,162,76,164.53333333333333,0.24778561294078827,0.3584743941474182
UBFC_PHYS_s15_T1_test,162,77,164.56666666666666,0.009155519306659698,0.816902377653768
UBFC_PHYS_s15_T1_test,162,78,164.6,-0.18061691522598267,1.1602200935571518
UBFC_PHYS_s15_T1_test,162,79,164.63333333333333,-0.3284451365470886,1.3565111762410924
UBFC_PHYS_s15_T1_test,162,80,164.66666666666666,-0.48185431957244873,1.4046880335887586
UBFC_PHYS_s15_T1_test,162,81,164.7,-0.6152955889701843,1.3286571376416214
UBFC_PHYS_s15_T1_test,162,82,164.73333333333332,-0.5792413353919983,1.1640480524929515
UBFC_PHYS_s15_T1_test,162,83,164.76666666666668,-0.2565104365348816,0.9433332000566526
UBFC_PHYS_s15_T1_test,162,84,164.8,0.23946242034435272,0.6861827070661807
UBFC_PHYS_s15_T1_test,162,85,164.83333333333334,0.6808807849884033,0.3991245983825561
UBFC_PHYS_s15_T1_test,162,86,164.86666666666667,0.9348247647285461,0.08293875646983935
UBFC_PHYS_s15_T1_test,162,87,164.9,0.9730805158615112,-0.25796299575747633
UBFC_PHYS_s15_T1_test,162,88,164.93333333333334,0.8329575061798096,-0.6093469057270027
UBFC_PHYS_s15_T1_test,162,89,164.96666666666667,0.6204363107681274,-0.945846290069043
UBFC_PHYS_s15_T1_test,162,90,165.0,0.4515587389469147,-1.2334473677259483
UBFC_PHYS_s15_T1_test,162,91,165.03333333333333,0.3777315318584442,-1.4341247296470283
UBFC_PHYS_s15_T1_test,162,92,165.06666666666666,0.377886027097702,-1.5119649552940977
UBFC_PHYS_s15_T1_test,162,93,165.1,0.40080857276916504,-1.4407557516112917
UBFC_PHYS_s15_T1_test,162,94,165.13333333333333,0.38978180289268494,-1.2120700150061476
UBFC_PHYS_s15_T1_test,162,95,165.16666666666666,0.2986130118370056,-0.8413398350648631
UBFC_PHYS_s15_T1_test,162,96,165.2,0.08466281741857529,-0.36899193951889414
UBFC_PHYS_s15_T1_test,162,97,165.23333333333332,-0.23600180447101593,0.14506115565799318
UBFC_PHYS_s15_T1_test,162,98,165.26666666666668,-0.5136407613754272,0.6329086037262572
UBFC_PHYS_s15_T1_test,162,99,165.3,-0.5770012140274048,1.0329592467415871
UBFC_PHYS_s15_T1_test,162,100,165.33333333333334,-0.4553012549877167,1.302533447562204
UBFC_PHYS_s15_T1_test,162,101,165.36666666666667,-0.3380814790725708,1.4247041395120956
UBFC_PHYS_s15_T1_test,162,102,165.4,-0.35453474521636963,1.4077051725785577
UBFC_PHYS_s15_T1_test,162,103,165.43333333333334,-0.4581979513168335,1.277875765797603
UBFC_PHYS_s15_T1_test,162,104,165.46666666666667,-0.48200881481170654,1.06878312541991
UBFC_PHYS_s15_T1_test,162,105,165.5,-0.2908652722835541,0.8102255677569973
UBFC_PHYS_s15_T1_test,162,106,165.53333333333333,0.05183355510234833,0.5214479536152802
UBFC_PHYS_s15_T1_test,162,107,165.56666666666666,0.33265888690948486,0.211439864314565
UBFC_PHYS_s15_T1_test,162,108,165.6,0.4703293740749359,-0.11487686084130748
UBFC_PHYS_s15_T1_test,162,109,165.63333333333333,0.5382665991783142,-0.449175565132241
UBFC_PHYS_s15_T1_test,162,110,165.66666666666666,0.5562261343002319,-0.7752712640065049
UBFC_PHYS_s15_T1_test,162,111,165.7,0.46053850650787354,-1.0690487477073958
UBFC_PHYS_s15_T1_test,162,112,165.73333333333332,0.25749921798706055,-1.3014409564275344
UBFC_PHYS_s15_T1_test,162,113,165.76666666666668,0.040072955191135406,-1.442405839138832
UBFC_PHYS_s15_T1_test,162,114,165.8,-0.11891721189022064,-1.465036657473805
UBFC_PHYS_s15_T1_test,162,115,165.83333333333334,-0.20792312920093536,-1.3502880349759518
UBFC_PHYS_s15_T1_test,162,116,165.86666666666667,-0.25488826632499695,-1.0926625528181506
UBFC_PHYS_s15_T1_test,162,117,165.9,-0.3052329123020172,-0.7057425177854653
UBFC_PHYS_s15_T1_test,162,118,165.93333333333334,-0.3637462258338928,-0.2249969125377471
UBFC_PHYS_s15_T1_test,162,119,165.96666666666667,-0.38251686096191406,0.294784507359644
UBFC_PHYS_s15_T1_test,162,120,166.0,-0.3537236452102661,0.7882443045064096
UBFC_PHYS_s15_T1_test,162,121,166.03333333333333,-0.33580273389816284,1.1923567959849317
UBFC_PHYS_s15_T1_test,162,122,166.06666666666666,-0.35766318440437317,1.4592478335264185
UBFC_PHYS_s15_T1_test,162,123,166.1,-0.41362741589546204,1.5647450984626605
UBFC_PHYS_s15_T1_test,162,124,166.13333333333333,-0.5235667824745178,1.5107709805064806
UBFC_PHYS_s15_T1_test,162,125,166.16666666666666,-0.6418486833572388,1.3219768346101077
UBFC_PHYS_s15_T1_test,162,126,166.2,-0.6166860461235046,1.0376429306645585
UBFC_PHYS_s15_T1_test,162,127,166.23333333333332,-0.40037983655929565,0.7004363268844749
UBFC_PHYS_s15_T1_test,162,128,166.26666666666668,-0.13050401210784912,0.34551397597534367
UBFC_PHYS_s15_T1_test,162,129,166.3,0.06965791434049606,-0.005494920493442474
UBFC_PHYS_s15_T1_test,162,130,166.33333333333334,0.17328250408172607,-0.3431630870994832
UBFC_PHYS_s15_T1_test,162,131,166.36666666666667,0.18560312688350677,-0.663056842513242
UBFC_PHYS_s15_T1_test,162,132,166.4,0.1883646547794342,-0.9570722847374025
UBFC_PHYS_s15_T1_test,162,133,166.43333333333334,0.2779305875301361,-1.2079779695446529
UBFC_PHYS_s15_T1_test,162,134,166.46666666666667,0.40368595719337463,-1.389430653902732
UBFC_PHYS_s15_T1_test,162,135,166.5,0.43591657280921936,-1.470817291419052
UBFC_PHYS_s15_T1_test,162,136,166.53333333333333,0.36210867762565613,-1.4248551818057853
UBFC_PHYS_s15_T1_test,162,137,166.56666666666666,0.2918154299259186,-1.2358650209592528
UBFC_PHYS_s15_T1_test,162,138,166.6,0.26918256282806396,-0.906915575752638
UBFC_PHYS_s15_T1_test,162,139,166.63333333333333,0.21605709195137024,-0.4639720399812672
UBFC_PHYS_s15_T1_test,162,140,166.66666666666666,0.05171768739819527,0.0450032480442353
UBFC_PHYS_s15_T1_test,162,141,166.7,-0.16561201214790344,0.5572379803522204
UBFC_PHYS_s15_T1_test,162,142,166.73333333333332,-0.2785639762878418,1.0074761120356333
UBFC_PHYS_s15_T1_test,162,143,166.76666666666668,-0.22792966663837433,1.3415083648461972
UBFC_PHYS_s15_T1_test,162,144,166.8,-0.13212616741657257,1.525816320440579
UBFC_PHYS_s15_T1_test,162,145,166.83333333333334,-0.0836547240614891,1.5502527990618646
UBFC_PHYS_s15_T1_test,162,146,166.86666666666667,-0.033078357577323914,1.4250089614506112
UBFC_PHYS_s15_T1_test,162,147,166.9,0.05494267866015434,1.1755224930893073
UBFC_PHYS_s15_T1_test,162,148,166.93333333333334,0.11301184445619583,0.8370443430328921
UBFC_PHYS_s15_T1_test,162,149,166.96666666666667,0.0807812362909317,0.4481495087897883
UBFC_PHYS_s15_T1_test,162,150,167.0,-0.027265647426247597,0.04355733640184681
UBFC_PHYS_s15_T1_test,162,151,167.03333333333333,-0.12388022243976593,-0.3507404510192967
UBFC_PHYS_s15_T1_test,162,152,167.06666666666666,-0.10493580996990204,-0.7168017914168822
UBFC_PHYS_s15_T1_test,162,153,167.1,0.0488596111536026,-1.0384547119048662
UBFC_PHYS_s15_T1_test,162,154,167.13333333333333,0.29229822754859924,-1.293896037454422
UBFC_PHYS_s15_T1_test,162,155,167.16666666666666,0.5713855624198914,-1.4533395246003165
UBFC_PHYS_s15_T1_test,162,156,167.2,0.7970770597457886,-1.4845403741502288
UBFC_PHYS_s15_T1_test,162,157,167.23333333333332,0.9117670059204102,-1.3637680634735252
UBFC_PHYS_s15_T1_test,162,158,167.26666666666668,0.9979341626167297,-1.0869362256147705
UBFC_PHYS_s15_T1_test,162,159,167.3,1.1445651054382324,-0.6760502265800092
UBFC_PHYS_s15_T1_test,162,160,167.33333333333334,1.2388815879821777,-0.1785079228281734
UBFC_PHYS_s15_T1_test,162,161,167.36666666666667,1.0298751592636108,0.3406963764111712
UBFC_PHYS_s15_T1_test,162,162,167.4,0.38806310296058655,0.8121179001684471
UBFC_PHYS_s15_T1_test,162,163,167.43333333333334,-0.5101840496063232,1.177110092195081
UBFC_PHYS_s15_T1_test,162,164,167.46666666666667,-1.3100979328155518,1.4002828322176277
UBFC_PHYS_s15_T1_test,162,165,167.5,-1.741532325744629,1.4741036557521507
UBFC_PHYS_s15_T1_test,162,166,167.53333333333333,-1.7331318855285645,1.4134193135114477
UBFC_PHYS_s15_T1_test,162,167,167.56666666666666,-1.4679293632507324,1.2428373914220494
UBFC_PHYS_s15_T1_test,162,168,167.6,-1.2194311618804932,0.9844681063153221
UBFC_PHYS_s15_T1_test,162,169,167.63333333333333,-1.128841757774353,0.6532924166010748
UBFC_PHYS_s15_T1_test,162,170,167.66666666666666,-1.137280821800232,0.26141142675197704
UBFC_PHYS_s15_T1_test,162,171,167.7,-1.1652629375457764,-0.17382118358304893
UBFC_PHYS_s15_T1_test,162,172,167.73333333333332,-1.2183691263198853,-0.623808155375875
UBFC_PHYS_s15_T1_test,162,173,167.76666666666668,-1.2950544357299805,-1.0477969234354687
UBFC_PHYS_s15_T1_test,162,174,167.8,-1.2956722974777222,-1.3967686619396231
UBFC_PHYS_s15_T1_test,162,175,167.83333333333334,-1.1274319887161255,-1.6205703446003026
UBFC_PHYS_s15_T1_test,162,176,167.86666666666667,-0.8296127319335938,-1.6771476413894602
UBFC_PHYS_s15_T1_test,162,177,167.9,-0.5339562892913818,-1.542925135079063
UBFC_PHYS_s15_T1_test,162,178,167.93333333333334,-0.35036349296569824,-1.2220573720319476
UBFC_PHYS_s15_T1_test,162,179,167.96666666666667,-0.31880876421928406,-0.7507869912025805
UBFC_PHYS_s15_T1_test,162,180,168.0,-0.43251389265060425,-0.19355638186359947
UBFC_PHYS_s15_T1_test,162,181,168.03333333333333,-0.638237476348877,0.3696882776836237
UBFC_PHYS_s15_T1_test,162,182,168.06666666666666,-0.8268125653266907,0.861566935400189
UBFC_PHYS_s15_T1_test,162,183,168.1,-0.9562950730323792,1.2243884419709339
UBFC_PHYS_s15_T1_test,162,184,168.13333333333333,-1.0965532064437866,1.4301472807414208
UBFC_PHYS_s15_T1_test,162,185,168.16666666666666,-1.252859115600586,1.480477411451314
UBFC_PHYS_s15_T1_test,162,186,168.2,-1.2414461374282837,1.3982794591837502
UBFC_PHYS_s15_T1_test,162,187,168.23333333333332,-0.8806525468826294,1.2157689684787374
UBFC_PHYS_s15_T1_test,162,188,168.26666666666668,-0.2662240266799927,0.96351627279376
UBFC_PHYS_s15_T1_test,162,189,168.3,0.2856357991695404,0.6634582812807788
UBFC_PHYS_s15_T1_test,162,190,168.33333333333334,0.6243951320648193,0.32781294300531894
UBFC_PHYS_s15_T1_test,162,191,168.36666666666667,0.8443125486373901,-0.03573041821101207
UBFC_PHYS_s15_T1_test,162,192,168.4,1.0161833763122559,-0.41521202532641927
UBFC_PHYS_s15_T1_test,162,193,168.43333333333334,1.0963833332061768,-0.7869850640321016
UBFC_PHYS_s15_T1_test,162,194,168.46666666666667,1.0833481550216675,-1.1139626288794902
UBFC_PHYS_s15_T1_test,162,195,168.5,1.050885796546936,-1.3508309087608794
UBFC_PHYS_s15_T1_test,162,196,168.53333333333333,1.0374258756637573,-1.4544407204585188
UBFC_PHYS_s15_T1_test,162,197,168.56666666666666,1.0060642957687378,-1.395753728131867
UBFC_PHYS_s15_T1_test,162,198,168.6,0.9187963604927063,-1.1695091092653507
UBFC_PHYS_s15_T1_test,162,199,168.63333333333333,0.7994716763496399,-0.7987465344688472
UBFC_PHYS_s15_T1_test,162,200,168.66666666666666,0.6860948204994202,-0.3327410654335389
UBFC_PHYS_s15_T1_test,162,201,168.7,0.5675426125526428,0.16170321319899222
UBFC_PHYS_s15_T1_test,162,202,168.73333333333332,0.4363028109073639,0.6142416228427996
UBFC_PHYS_s15_T1_test,162,203,168.76666666666668,0.2967398166656494,0.9668979269551958
UBFC_PHYS_s15_T1_test,162,204,168.8,0.12533247470855713,1.1863757107127206
UBFC_PHYS_s15_T1_test,162,205,168.83333333333334,-0.015485736541450024,1.2674251810231867
UBFC_PHYS_s15_T1_test,162,206,168.86666666666667,0.018946362659335136,1.2259402985043217
UBFC_PHYS_s15_T1_test,162,207,168.9,0.22990331053733826,1.0861291610413029
UBFC_PHYS_s15_T1_test,162,208,168.93333333333334,0.44881653785705566,0.8694801007487899
UBFC_PHYS_s15_T1_test,162,209,168.96666666666667,0.5555889010429382,0.5914090864978446
UBFC_PHYS_s15_T1_test,162,210,169.0,0.5587366223335266,0.2652064206522721
UBFC_PHYS_s15_T1_test,162,211,169.03333333333333,0.5243431329727173,-0.0919871563070407
UBFC_PHYS_s15_T1_test,162,212,169.06666666666666,0.5292096138000488,-0.45560535622479403
UBFC_PHYS_s15_T1_test,162,213,169.1,0.6067059636116028,-0.7933159721923887
UBFC_PHYS_s15_T1_test,162,214,169.13333333333333,0.7387375235557556,-1.0671284023279024
UBFC_PHYS_s15_T1_test,162,215,169.16666666666666,0.874187171459198,-1.2378282390889215
UBFC_PHYS_s15_T1_test,162,216,169.2,0.9394787549972534,-1.2723156902680681
UBFC_PHYS_s15_T1_test,162,217,169.23333333333332,0.9030769467353821,-1.1533107386981065
UBFC_PHYS_s15_T1_test,162,218,169.26666666666668,0.8350431323051453,-0.8881312798601844
UBFC_PHYS_s15_T1_test,162,219,169.3,0.8123716115951538,-0.5117521569078107
UBFC_PHYS_s15_T1_test,162,220,169.33333333333334,0.805052638053894,-0.08140547859267452
UBFC_PHYS_s15_T1_test,162,221,169.36666666666667,0.7683610916137695,0.33589483630391104
UBFC_PHYS_s15_T1_test,162,222,169.4,0.7186923623085022,0.6783576597287206
UBFC_PHYS_s15_T1_test,162,223,169.43333333333334,0.6701436638832092,0.9019538563669554
UBFC_PHYS_s15_T1_test,162,224,169.46666666666667,0.6236034035682678,0.9875178708175334
UBFC_PHYS_s15_T1_test,162,225,169.5,0.615511953830719,0.9417126251074335
UBFC_PHYS_s15_T1_test,162,226,169.53333333333333,0.6680773496627808,0.7920853363094434
UBFC_PHYS_s15_T1_test,162,227,169.56666666666666,0.7032626271247864,0.5772712232933158
UBFC_PHYS_s15_T1_test,162,228,169.6,0.5575779676437378,0.33538977325520175
UBFC_PHYS_s15_T1_test,162,229,169.63333333333333,0.06116092577576637,0.09525351495282385
UBFC_PHYS_s15_T1_test,162,230,169.66666666666666,-0.7839800715446472,-0.1259762925507287
UBFC_PHYS_s15_T1_test,162,231,169.7,-1.7393887042999268,-0.31871219258833616
UBFC_PHYS_s15_T1_test,162,232,169.73333333333332,-2.4940755367279053,-0.4746816439495172
UBFC_PHYS_s15_T1_test,162,233,169.76666666666668,-2.831695318222046,-0.5838411551117588
UBFC_PHYS_s15_T1_test,162,234,169.8,-2.7922229766845703,-0.6363401944467142
UBFC_PHYS_s15_T1_test,162,235,169.83333333333334,-2.6336190700531006,-0.6269118515452194
UBFC_PHYS_s15_T1_test,162,236,169.86666666666667,-2.4423017501831055,-0.5577412875943892
UBFC_PHYS_s15_T1_test,162,237,169.9,-2.0357789993286133,-0.43788083867849414
UBFC_PHYS_s15_T1_test,162,238,169.93333333333334,-1.3640730381011963,-0.2802859290376734
UBFC_PHYS_s15_T1_test,162,239,169.96666666666667,-0.6315557360649109,-0.09913295596588545
UBFC_PHYS_s15_T1_test,163,0,163.0,0.6916950941085815,0.13687572463987682
UBFC_PHYS_s15_T1_test,163,1,163.03333333333333,0.5244396924972534,0.15238769854599743
UBFC_PHYS_s15_T1_test,163,2,163.06666666666666,0.3689255714416504,0.20753860908147245
UBFC_PHYS_s15_T1_test,163,3,163.1,0.19659127295017242,0.3330678238079372
UBFC_PHYS_s15_T1_test,163,4,163.13333333333333,0.013616436161100864,0.5405444363835787
UBFC_PHYS_s15_T1_test,163,5,163.16666666666666,-0.11242860555648804,0.8179072800325687
UBFC_PHYS_s15_T1_test,163,6,163.2,-0.2094680368900299,1.1304567840047577
UBFC_PHYS_s15_T1_test,163,7,163.23333333333332,-0.38228511810302734,1.4281639410490374
UBFC_PHYS_s15_T1_test,163,8,163.26666666666668,-0.6410762071609497,1.657719515605916
UBFC_PHYS_s15_T1_test,163,9,163.3,-0.8253642320632935,1.7753774626285392
UBFC_PHYS_s15_T1_test,163,10,163.33333333333334,-0.7434262633323669,1.7564269226573757
UBFC_PHYS_s15_T1_test,163,11,163.36666666666667,-0.40754434466362,1.5987261286312513
UBFC_PHYS_s15_T1_test,163,12,163.4,-0.06057769060134888,1.319849019609556
UBFC_PHYS_s15_T1_test,163,13,163.43333333333334,0.09688688814640045,0.9495056389872721
UBFC_PHYS_s15_T1_test,163,14,163.46666666666667,0.07548993080854416,0.5206149686280437
UBFC_PHYS_s15_T1_test,163,15,163.5,-0.02929333597421646,0.06277707732980597
UBFC_PHYS_s15_T1_test,163,16,163.53333333333333,-0.15558943152427673,-0.3995966219553368
UBFC_PHYS_s15_T1_test,163,17,163.56666666666666,-0.24285732209682465,-0.8447007264313089
UBFC_PHYS_s15_T1_test,163,18,163.6,-0.24428635835647583,-1.2485852429571647
UBFC_PHYS_s15_T1_test,163,19,163.63333333333333,-0.19363275170326233,-1.58141820579588
UBFC_PHYS_s15_T1_test,163,20,163.66666666666666,-0.16862457990646362,-1.807486842736402
UBFC_PHYS_s15_T1_test,163,21,163.7,-0.18542543053627014,-1.890168432655542
UBFC_PHYS_s15_T1_test,163,22,163.73333333333332,-0.23831915855407715,-1.8011386383292232
UBFC_PHYS_s15_T1_test,163,23,163.76666666666668,-0.366044282913208,-1.5312300963166385
UBFC_PHYS_s15_T1_test,163,24,163.8,-0.5476287007331848,-1.0991163925733451
UBFC_PHYS_s15_T1_test,163,25,163.83333333333334,-0.6704294681549072,-0.5537601920211703
UBFC_PHYS_s15_T1_test,163,26,163.86666666666667,-0.6968087553977966,0.03221130104379038
UBFC_PHYS_s15_T1_test,163,27,163.9,-0.7232266068458557,0.577781471293932
UBFC_PHYS_s15_T1_test,163,28,163.93333333333334,-0.8289754390716553,1.0125430863559683
UBFC_PHYS_s15_T1_test,163,29,163.96666666666667,-0.9325035214424133,1.2918700540585801
UBFC_PHYS_s15_T1_test,163,30,164.0,-0.8426864743232727,1.4024463588183838
UBFC_PHYS_s15_T1_test,163,31,164.03333333333333,-0.4699585437774658,1.3573957767371057
UBFC_PHYS_s15_T1_test,163,32,164.06666666666666,0.021688571199774742,1.1853822345508418
UBFC_PHYS_s15_T1_test,163,33,164.1,0.4265891909599304,0.9198587007939502
UBFC_PHYS_s15_T1_test,163,34,164.13333333333333,0.6793938279151917,0.5921900626820273
UBFC_PHYS_s15_T1_test,163,35,164.16666666666666,0.8044732809066772,0.22879984948162413
UBFC_PHYS_s15_T1_test,163,36,164.2,0.8225100636482239,-0.14888423206372134
UBFC_PHYS_s15_T1_test,163,37,164.23333333333332,0.7955514192581177,-0.5224326240603351
UBFC_PHYS_s15_T1_test,163,38,164.26666666666668,0.825232982635498,-0.8727540498287883
UBFC_PHYS_s15_T1_test,163,39,164.3,0.913698136806488,-1.1758192220541859
UBFC_PHYS_s15_T1_test,163,40,164.33333333333334,0.9506600499153137,-1.40005715153579
UBFC_PHYS_s15_T1_test,163,41,164.36666666666667,0.8726422786712646,-1.508165314111391
UBFC_PHYS_s15_T1_test,163,42,164.4,0.7487021684646606,-1.4646802617832353
UBFC_PHYS_s15_T1_test,163,43,164.43333333333334,0.6686180830001831,-1.24787674169835
UBFC_PHYS_s15_T1_test,163,44,164.46666666666667,0.6067445874214172,-0.8618273764033795
UBFC_PHYS_s15_T1_test,163,45,164.5,0.4724149703979492,-0.3432322871439311
UBFC_PHYS_s15_T1_test,163,46,164.53333333333333,0.24778561294078827,0.24118496560566305
UBFC_PHYS_s15_T1_test,163,47,164.56666666666666,0.009155519306659698,0.8074911004911276
UBFC_PHYS_s15_T1_test,163,48,164.6,-0.18061691522598267,1.273974764361622
UBFC_PHYS_s15_T1_test,163,49,164.63333333333333,-0.3284451365470886,1.5804450729428912
UBFC_PHYS_s15_T1_test,163,50,164.66666666666666,-0.48185431957244873,1.7004536273945607
UBFC_PHYS_s15_T1_test,163,51,164.7,-0.6152955889701843,1.642465321624546
UBFC_PHYS_s15_T1_test,163,52,164.73333333333332,-0.5792413353919983,1.4407652465565168
UBFC_PHYS_s15_T1_test,163,53,164.76666666666668,-0.2565104365348816,1.1409844879948452
UBFC_PHYS_s15_T1_test,163,54,164.8,0.23946242034435272,0.7864871131622919
UBFC_PHYS_s15_T1_test,163,55,164.83333333333334,0.6808807849884033,0.4101516097877409
UBFC_PHYS_s15_T1_test,163,56,164.86666666666667,0.9348247647285461,0.03263573074568677
UBFC_PHYS_s15_T1_test,163,57,164.9,0.9730805158615112,-0.33457505244001007
UBFC_PHYS_s15_T1_test,163,58,164.93333333333334,0.8329575061798096,-0.6836894699874013
UBFC_PHYS_s15_T1_test,163,59,164.96666666666667,0.6204363107681274,-1.004555889259132
UBFC_PHYS_s15_T1_test,163,60,165.0,0.4515587389469147,-1.2797320591631207
UBFC_PHYS_s15_T1_test,163,61,165.03333333333333,0.3777315318584442,-1.4825204977483772
UBFC_PHYS_s15_T1_test,163,62,165.06666666666666,0.377886027097702,-1.5794506284901024
UBFC_PHYS_s15_T1_test,163,63,165.1,0.40080857276916504,-1.5374864323191952
UBFC_PHYS_s15_T1_test,163,64,165.13333333333333,0.38978180289268494,-1.3344620519900943
UBFC_PHYS_s15_T1_test,163,65,165.16666666666666,0.2986130118370056,-0.9697022095931589
UBFC_PHYS_s15_T1_test,163,66,165.2,0.08466281741857529,-0.47118853238732666
UBFC_PHYS_s15_T1_test,163,67,165.23333333333332,-0.23600180447101593,0.1039886515809204
UBFC_PHYS_s15_T1_test,163,68,165.26666666666668,-0.5136407613754272,0.6778217046932994
UBFC_PHYS_s15_T1_test,163,69,165.3,-0.5770012140274048,1.167375012639032
UBFC_PHYS_s15_T1_test,163,70,165.33333333333334,-0.4553012549877167,1.5039910185044068
UBFC_PHYS_s15_T1_test,163,71,165.36666666666667,-0.3380814790725708,1.6490037637295276
UBFC_PHYS_s15_T1_test,163,72,165.4,-0.35453474521636963,1.6006426666318407
UBFC_PHYS_s15_T1_test,163,73,165.43333333333334,-0.4581979513168335,1.3903856604143563
UBFC_PHYS_s15_T1_test,163,74,165.46666666666667,-0.48200881481170654,1.0705165005027062
UBFC_PHYS_s15_T1_test,163,75,165.5,-0.2908652722835541,0.6974196397912208
UBFC_PHYS_s15_T1_test,163,76,165.53333333333333,0.05183355510234833,0.31684230890619486
UBFC_PHYS_s15_T1_test,163,77,165.56666666666666,0.33265888690948486,-0.04354613234174279
UBFC_PHYS_s15_T1_test,163,78,165.6,0.4703293740749359,-0.3728549700532979
UBFC_PHYS_s15_T1_test,163,79,165.63333333333333,0.5382665991783142,-0.6696633145936387
UBFC_PHYS_s15_T1_test,163,80,165.66666666666666,0.5562261343002319,-0.9330836850496553
UBFC_PHYS_s15_T1_test,163,81,165.7,0.46053850650787354,-1.155807824432618
UBFC_PHYS_s15_T1_test,163,82,165.73333333333332,0.25749921798706055,-1.3210984542260322
UBFC_PHYS_s15_T1_test,163,83,165.76666666666668,0.040072955191135406,-1.404221639666669
UBFC_PHYS_s15_T1_test,163,84,165.8,-0.11891721189022064,-1.3778470097404671
UBFC_PHYS_s15_T1_test,163,85,165.83333333333334,-0.20792312920093536,-1.2202243404459234
UBFC_PHYS_s15_T1_test,163,86,165.86666666666667,-0.25488826632499695,-0.9241898853850853
UBFC_PHYS_s15_T1_test,163,87,165.9,-0.3052329123020172,-0.5044812189158159
UBFC_PHYS_s15_T1_test,163,88,165.93333333333334,-0.3637462258338928,-0.0008115130671645277
UBFC_PHYS_s15_T1_test,163,89,165.96666666666667,-0.38251686096191406,0.5252718679904649
UBFC_PHYS_s15_T1_test,163,90,166.0,-0.3537236452102661,1.0004658423485047
UBFC_PHYS_s15_T1_test,163,91,166.03333333333333,-0.33580273389816284,1.3551665274945341
UBFC_PHYS_s15_T1_test,163,92,166.06666666666666,-0.35766318440437317,1.5399048277075706
UBFC_PHYS_s15_T1_test,163,93,166.1,-0.41362741589546204,1.5370427407617882
UBFC_PHYS_s15_T1_test,163,94,166.13333333333333,-0.5235667824745178,1.3636410677591635
UBFC_PHYS_s15_T1_test,163,95,166.16666666666666,-0.6418486833572388,1.0647592766499008
UBFC_PHYS_s15_T1_test,163,96,166.2,-0.6166860461235046,0.6995248614076748
UBFC_PHYS_s15_T1_test,163,97,166.23333333333332,-0.40037983655929565,0.3244879418602042
UBFC_PHYS_s15_T1_test,163,98,166.26666666666668,-0.13050401210784912,-0.0201434429950841
UBFC_PHYS_s15_T1_test,163,99,166.3,0.06965791434049606,-0.3166519647069265
UBFC_PHYS_s15_T1_test,163,100,166.33333333333334,0.17328250408172607,-0.5666691718123773
UBFC_PHYS_s15_T1_test,163,101,166.36666666666667,0.18560312688350677,-0.7808710857630233
UBFC_PHYS_s15_T1_test,163,102,166.4,0.1883646547794342,-0.9662859845276034
UBFC_PHYS_s15_T1_test,163,103,166.43333333333334,0.2779305875301361,-1.1165769914203898
UBFC_PHYS_s15_T1_test,163,104,166.46666666666667,0.40368595719337463,-1.2092527583448005
UBFC_PHYS_s15_T1_test,163,105,166.5,0.43591657280921936,-1.2110751187972886
UBFC_PHYS_s15_T1_test,163,106,166.53333333333333,0.36210867762565613,-1.0899711789564257
UBFC_PHYS_s15_T1_test,163,107,166.56666666666666,0.2918154299259186,-0.8294124243867256
UBFC_PHYS_s15_T1_test,163,108,166.6,0.26918256282806396,-0.44014095071651677
UBFC_PHYS_s15_T1_test,163,109,166.63333333333333,0.21605709195137024,0.03538272149136817
UBFC_PHYS_s15_T1_test,163,110,166.66666666666666,0.05171768739819527,0.5284271038202037
UBFC_PHYS_s15_T1_test,163,111,166.7,-0.16561201214790344,0.9588985230630466
UBFC_PHYS_s15_T1_test,163,112,166.73333333333332,-0.2785639762878418,1.2559008401695553
UBFC_PHYS_s15_T1_test,163,113,166.76666666666668,-0.22792966663837433,1.3772185540325803
UBFC_PHYS_s15_T1_test,163,114,166.8,-0.13212616741657257,1.319942113373839
UBFC_PHYS_s15_T1_test,163,115,166.83333333333334,-0.0836547240614891,1.117442865976524
UBFC_PHYS_s15_T1_test,163,116,166.86666666666667,-0.033078357577323914,0.8246854811206376
UBFC_PHYS_s15_T1_test,163,117,166.9,0.05494267866015434,0.4993880784175548
UBFC_PHYS_s15_T1_test,163,118,166.93333333333334,0.11301184445619583,0.18656919950984438
UBFC_PHYS_s15_T1_test,163,119,166.96666666666667,0.0807812362909317,-0.08954433934900802
UBFC_PHYS_s15_T1_test,163,120,167.0,-0.027265647426247597,-0.3255512014045772
UBFC_PHYS_s15_T1_test,163,121,167.03333333333333,-0.12388022243976593,-0.5320720496308912
UBFC_PHYS_s15_T1_test,163,122,167.06666666666666,-0.10493580996990204,-0.7225700877984698
UBFC_PHYS_s15_T1_test,163,123,167.1,0.0488596111536026,-0.9013892907474381
UBFC_PHYS_s15_T1_test,163,124,167.13333333333333,0.29229822754859924,-1.0554711538703403
UBFC_PHYS_s15_T1_test,163,125,167.16666666666666,0.5713855624198914,-1.1537154733654102
UBFC_PHYS_s15_T1_test,163,126,167.2,0.7970770597457886,-1.1553720986716416
UBFC_PHYS_s15_T1_test,163,127,167.23333333333332,0.9117670059204102,-1.0251226300318925
UBFC_PHYS_s15_T1_test,163,128,167.26666666666668,0.9979341626167297,-0.7494061866427244
UBFC_PHYS_s15_T1_test,163,129,167.3,1.1445651054382324,-0.3475365321142658
UBFC_PHYS_s15_T1_test,163,130,167.33333333333334,1.2388815879821777,0.1272202274250344
UBFC_PHYS_s15_T1_test,163,131,167.36666666666667,1.0298751592636108,0.5979895534926237
UBFC_PHYS_s15_T1_test,163,132,167.4,0.38806310296058655,0.9835227497133543
UBFC_PHYS_s15_T1_test,163,133,167.43333333333334,-0.5101840496063232,1.2204748078667764
UBFC_PHYS_s15_T1_test,163,134,167.46666666666667,-1.3100979328155518,1.2810927089326756
UBFC_PHYS_s15_T1_test,163,135,167.5,-1.741532325744629,1.1793863124026278
UBFC_PHYS_s15_T1_test,163,136,167.53333333333333,-1.7331318855285645,0.9625540880937722
UBFC_PHYS_s15_T1_test,163,137,167.56666666666666,-1.4679293632507324,0.6906338871133533
UBFC_PHYS_s15_T1_test,163,138,167.6,-1.2194311618804932,0.41357941676753734
UBFC_PHYS_s15_T1_test,163,139,167.63333333333333,-1.128841757774353,0.15659526752467037
UBFC_PHYS_s15_T1_test,163,140,167.66666666666666,-1.137280821800232,-0.0805614014623499
UBFC_PHYS_s15_T1_test,163,141,167.7,-1.1652629375457764,-0.31232807469879154
UBFC_PHYS_s15_T1_test,163,142,167.73333333333332,-1.2183691263198853,-0.5510171162986428
UBFC_PHYS_s15_T1_test,163,143,167.76666666666668,-1.2950544357299805,-0.7929887461038813
UBFC_PHYS_s15_T1_test,163,144,167.8,-1.2956722974777222,-1.0126972956477884
UBFC_PHYS_s15_T1_test,163,145,167.83333333333334,-1.1274319887161255,-1.1665762663077477
UBFC_PHYS_s15_T1_test,163,146,167.86666666666667,-0.8296127319335938,-1.2053708060109274
UBFC_PHYS_s15_T1_test,163,147,167.9,-0.5339562892913818,-1.0909156920377174
UBFC_PHYS_s15_T1_test,163,148,167.93333333333334,-0.35036349296569824,-0.811864466389095
UBFC_PHYS_s15_T1_test,163,149,167.96666666666667,-0.31880876421928406,-0.3929289352103148
UBFC_PHYS_s15_T1_test,163,150,168.0,-0.43251389265060425,0.10606869298715797
UBFC_PHYS_s15_T1_test,163,151,168.03333333333333,-0.638237476348877,0.6021133222350705
UBFC_PHYS_s15_T1_test,163,152,168.06666666666666,-0.8268125653266907,1.0093021528620925
UBFC_PHYS_s15_T1_test,163,153,168.1,-0.9562950730323792,1.2616470308540935
UBFC_PHYS_s15_T1_test,163,154,168.13333333333333,-1.0965532064437866,1.3303384072765732
UBFC_PHYS_s15_T1_test,163,155,168.16666666666666,-1.252859115600586,1.2286469751564957
UBFC_PHYS_s15_T1_test,163,156,168.2,-1.2414461374282837,1.0028273677061292
UBFC_PHYS_s15_T1_test,163,157,168.23333333333332,-0.8806525468826294,0.7133897443697275
UBFC_PHYS_s15_T1_test,163,158,168.26666666666668,-0.2662240266799927,0.41434547000451843
UBFC_PHYS_s15_T1_test,163,159,168.3,0.2856357991695404,0.1380260044357696
UBFC_PHYS_s15_T1_test,163,160,168.33333333333334,0.6243951320648193,-0.10923025953950725
UBFC_PHYS_s15_T1_test,163,161,168.36666666666667,0.8443125486373901,-0.3394850474450951
UBFC_PHYS_s15_T1_test,163,162,168.4,1.0161833763122559,-0.5678720023942978
UBFC_PHYS_s15_T1_test,163,163,168.43333333333334,1.0963833332061768,-0.7970710679424076
UBFC_PHYS_s15_T1_test,163,164,168.46666666666667,1.0833481550216675,-1.0085688473700725
UBFC_PHYS_s15_T1_test,163,165,168.5,1.050885796546936,-1.1641876639481819
UBFC_PHYS_s15_T1_test,163,166,168.53333333333333,1.0374258756637573,-1.2171834237815724
UBFC_PHYS_s15_T1_test,163,167,168.56666666666666,1.0060642957687378,-1.1287884534485533
UBFC_PHYS_s15_T1_test,163,168,168.6,0.9187963604927063,-0.884203060005703
UBFC_PHYS_s15_T1_test,163,169,168.63333333333333,0.7994716763496399,-0.5023009984081261
UBFC_PHYS_s15_T1_test,163,170,168.66666666666666,0.6860948204994202,-0.03557944675151345
UBFC_PHYS_s15_T1_test,163,171,168.7,0.5675426125526428,0.4400619128320952
UBFC_PHYS_s15_T1_test,163,172,168.73333333333332,0.4363028109073639,0.8433863225215885
UBFC_PHYS_s15_T1_test,163,173,168.76666666666668,0.2967398166656494,1.1089185900699259
UBFC_PHYS_s15_T1_test,163,174,168.8,0.12533247470855713,1.2042252298001943
UBFC_PHYS_s15_T1_test,163,175,168.83333333333334,-0.015485736541450024,1.1365903367872043
UBFC_PHYS_s15_T1_test,163,176,168.86666666666667,0.018946362659335136,0.9458379798984514
UBFC_PHYS_s15_T1_test,163,177,168.9,0.22990331053733826,0.6862600859206722
UBFC_PHYS_s15_T1_test,163,178,168.93333333333334,0.44881653785705566,0.4064164012318365
UBFC_PHYS_s15_T1_test,163,179,168.96666666666667,0.5555889010429382,0.13643873772466864
UBFC_PHYS_s15_T1_test,163,180,169.0,0.5587366223335266,-0.11308492963735989
UBFC_PHYS_s15_T1_test,163,181,169.03333333333333,0.5243431329727173,-0.34351094055557113
UBFC_PHYS_s15_T1_test,163,182,169.06666666666666,0.5292096138000488,-0.5575454532058731
UBFC_PHYS_s15_T1_test,163,183,169.1,0.6067059636116028,-0.7504065116436396
UBFC_PHYS_s15_T1_test,163,184,169.13333333333333,0.7387375235557556,-0.9055198063738906
UBFC_PHYS_s15_T1_test,163,185,169.16666666666666,0.874187171459198,-0.9958214715908306
UBFC_PHYS_s15_T1_test,163,186,169.2,0.9394787549972534,-0.9903555587278391
UBFC_PHYS_s15_T1_test,163,187,169.23333333333332,0.9030769467353821,-0.8645563364833629
UBFC_PHYS_s15_T1_test,163,188,169.26666666666668,0.8350431323051453,-0.6113295803100864
UBFC_PHYS_s15_T1_test,163,189,169.3,0.8123716115951538,-0.2492318513561528
UBFC_PHYS_s15_T1_test,163,190,169.33333333333334,0.805052638053894,0.17574782579745565
UBFC_PHYS_s15_T1_test,163,191,169.36666666666667,0.7683610916137695,0.5969046665889065
UBFC_PHYS_s15_T1_test,163,192,169.4,0.7186923623085022,0.9416475198087839
UBFC_PHYS_s15_T1_test,163,193,169.43333333333334,0.6701436638832092,1.1507146779136597
UBFC_PHYS_s15_T1_test,163,194,169.46666666666667,0.6236034035682678,1.1949881492348413
UBFC_PHYS_s15_T1_test,163,195,169.5,0.615511953830719,1.0827294515383188
UBFC_PHYS_s15_T1_test,163,196,169.53333333333333,0.6680773496627808,0.8537150061294564
UBFC_PHYS_s15_T1_test,163,197,169.56666666666666,0.7032626271247864,0.5627467783151986
UBFC_PHYS_s15_T1_test,163,198,169.6,0.5575779676437378,0.26007368969493855
UBFC_PHYS_s15_T1_test,163,199,169.63333333333333,0.06116092577576637,-0.022404926316807395
UBFC_PHYS_s15_T1_test,163,200,169.66666666666666,-0.7839800715446472,-0.2735660105341578
UBFC_PHYS_s15_T1_test,163,201,169.7,-1.7393887042999268,-0.49462383688001765
UBFC_PHYS_s15_T1_test,163,202,169.73333333333332,-2.4940755367279053,-0.6859029863784781
UBFC_PHYS_s15_T1_test,163,203,169.76666666666668,-2.831695318222046,-0.8367876986665451
UBFC_PHYS_s15_T1_test,163,204,169.8,-2.7922229766845703,-0.924033262779627
UBFC_PHYS_s15_T1_test,163,205,169.83333333333334,-2.6336190700531006,-0.9186649737728213
UBFC_PHYS_s15_T1_test,163,206,169.86666666666667,-2.4423017501831055,-0.7978684116207471
UBFC_PHYS_s15_T1_test,163,207,169.9,-2.0357789993286133,-0.5569234072023226
UBFC_PHYS_s15_T1_test,163,208,169.93333333333334,-1.3640730381011963,-0.21691848512777712
UBFC_PHYS_s15_T1_test,163,209,169.96666666666667,-0.6315557360649109,0.1746122870666014
UBFC_PHYS_s15_T1_test,163,210,170.0,-3.6673642171081156e-05,0.5515758185262335
UBFC_PHYS_s15_T1_test,163,211,170.03333333333333,0.4561162292957306,0.8447996465524841
UBFC_PHYS_s15_T1_test,163,212,170.06666666666666,0.7410935163497925,1.000535455268824
UBFC_PHYS_s15_T1_test,163,213,170.1,1.0886008739471436,0.9949570669867438
UBFC_PHYS_s15_T1_test,163,214,170.13333333333333,1.7630876302719116,0.8387870632822378
UBFC_PHYS_s15_T1_test,163,215,170.16666666666666,2.632483720779419,0.5705363681413328
UBFC_PHYS_s15_T1_test,163,216,170.2,3.2616467475891113,0.24194660969365953
UBFC_PHYS_s15_T1_test,163,217,170.23333333333332,3.3720881938934326,-0.09775187567991131
UBFC_PHYS_s15_T1_test,163,218,170.26666666666668,3.016141891479492,-0.41273332013449876
UBFC_PHYS_s15_T1_test,163,219,170.3,2.430873394012451,-0.6837171198845347
UBFC_PHYS_s15_T1_test,163,220,170.33333333333334,1.8388845920562744,-0.9039966682204168
UBFC_PHYS_s15_T1_test,163,221,170.36666666666667,1.406156301498413,-1.0715186944469959
UBFC_PHYS_s15_T1_test,163,222,170.4,1.1951414346694946,-1.1810839350748543
UBFC_PHYS_s15_T1_test,163,223,170.43333333333334,1.101230502128601,-1.2201086043387557
UBFC_PHYS_s15_T1_test,163,224,170.46666666666667,0.9939946532249451,-1.1697265919148487
UBFC_PHYS_s15_T1_test,163,225,170.5,0.8883810043334961,-1.010996323226321
UBFC_PHYS_s15_T1_test,163,226,170.53333333333333,0.8506659865379333,-0.7341886626035101
UBFC_PHYS_s15_T1_test,163,227,170.56666666666666,0.86176997423172,-0.3479151221435389
UBFC_PHYS_s15_T1_test,163,228,170.6,0.8497969508171082,0.11556037679992792
UBFC_PHYS_s15_T1_test,163,229,170.63333333333333,0.6979326605796814,0.6018566694507395
UBFC_PHYS_s15_T1_test,163,230,170.66666666666666,0.30614444613456726,1.0440334960101383
UBFC_PHYS_s15_T1_test,163,231,170.7,-0.2789308726787567,1.3782966593322525
UBFC_PHYS_s15_T1_test,163,232,170.73333333333332,-0.8433817028999329,1.5607079490723592
UBFC_PHYS_s15_T1_test,163,233,170.76666666666668,-1.1454108953475952,1.578571955506798
UBFC_PHYS_s15_T1_test,163,234,170.8,-1.129865288734436,1.4523184447056616
UBFC_PHYS_s15_T1_test,163,235,170.83333333333334,-0.9567198753356934,1.2273440115930205
UBFC_PHYS_s15_T1_test,163,236,170.86666666666667,-0.8024224042892456,0.9582322070276224
UBFC_PHYS_s15_T1_test,163,237,170.9,-0.7271661162376404,0.6902387174408573
UBFC_PHYS_s15_T1_test,163,238,170.93333333333334,-0.6708928942680359,0.4450643098234946
UBFC_PHYS_s15_T1_test,163,239,170.96666666666667,-0.5408890843391418,0.2175073137565788
UBFC_PHYS_s15_T1_test,164,0,164.0,-0.8426864743232727,-0.1361417869810659
UBFC_PHYS_s15_T1_test,164,1,164.03333333333333,-0.4699585437774658,0.3710138907392384
UBFC_PHYS_s15_T1_test,164,2,164.06666666666666,0.021688571199774742,0.7810626768515923
UBFC_PHYS_s15_T1_test,164,3,164.1,0.4265891909599304,1.0171675288564235
UBFC_PHYS_s15_T1_test,164,4,164.13333333333333,0.6793938279151917,1.0425654936715867
UBFC_PHYS_s15_T1_test,164,5,164.16666666666666,0.8044732809066772,0.8653293827294586
UBFC_PHYS_s15_T1_test,164,6,164.2,0.8225100636482239,0.5298220095858386
UBFC_PHYS_s15_T1_test,164,7,164.23333333333332,0.7955514192581177,0.09986921447806459
UBFC_PHYS_s15_T1_test,164,8,164.26666666666668,0.825232982635498,-0.3579001079575976
UBFC_PHYS_s15_T1_test,164,9,164.3,0.913698136806488,-0.7839910130543691
UBFC_PHYS_s15_T1_test,164,10,164.33333333333334,0.9506600499153137,-1.1286145631349698
UBFC_PHYS_s15_T1_test,164,11,164.36666666666667,0.8726422786712646,-1.3513189566710335
UBFC_PHYS_s15_T1_test,164,12,164.4,0.7487021684646606,-1.4223937185738231
UBFC_PHYS_s15_T1_test,164,13,164.43333333333334,0.6686180830001831,-1.3273891229728954
UBFC_PHYS_s15_T1_test,164,14,164.46666666666667,0.6067445874214172,-1.0725175643765958
UBFC_PHYS_s15_T1_test,164,15,164.5,0.4724149703979492,-0.6871815028750823
UBFC_PHYS_s15_T1_test,164,16,164.53333333333333,0.24778561294078827,-0.2209350086711356
UBFC_PHYS_s15_T1_test,164,17,164.56666666666666,0.009155519306659698,0.2651944968092984
UBFC_PHYS_s15_T1_test,164,18,164.6,-0.18061691522598267,0.7105741811281768
UBFC_PHYS_s15_T1_test,164,19,164.63333333333333,-0.3284451365470886,1.0663325209437706
UBFC_PHYS_s15_T1_test,164,20,164.66666666666666,-0.48185431957244873,1.3029054930985002
UBFC_PHYS_s15_T1_test,164,21,164.7,-0.6152955889701843,1.4118177340893796
UBFC_PHYS_s15_T1_test,164,22,164.73333333333332,-0.5792413353919983,1.4014870833838589
UBFC_PHYS_s15_T1_test,164,23,164.76666666666668,-0.2565104365348816,1.2890520185514458
UBFC_PHYS_s15_T1_test,164,24,164.8,0.23946242034435272,1.092403189613502
UBFC_PHYS_s15_T1_test,164,25,164.83333333333334,0.6808807849884033,0.8265063137681065
UBFC_PHYS_s15_T1_test,164,26,164.86666666666667,0.9348247647285461,0.5047926405442719
UBFC_PHYS_s15_T1_test,164,27,164.9,0.9730805158615112,0.14283418829805186
UBFC_PHYS_s15_T1_test,164,28,164.93333333333334,0.8329575061798096,-0.2390823297062911
UBFC_PHYS_s15_T1_test,164,29,164.96666666666667,0.6204363107681274,-0.615848836509112
UBFC_PHYS_s15_T1_test,164,30,165.0,0.4515587389469147,-0.9589490541641731
UBFC_PHYS_s15_T1_test,164,31,165.03333333333333,0.3777315318584442,-1.2378534837388542
UBFC_PHYS_s15_T1_test,164,32,165.06666666666666,0.377886027097702,-1.4213459137839077
UBFC_PHYS_s15_T1_test,164,33,165.1,0.40080857276916504,-1.4803442990907574
UBFC_PHYS_s15_T1_test,164,34,165.13333333333333,0.38978180289268494,-1.393486833114691
UBFC_PHYS_s15_T1_test,164,35,165.16666666666666,0.2986130118370056,-1.1547066815733547
UBFC_PHYS_s15_T1_test,164,36,165.2,0.08466281741857529,-0.7797877602773655
UBFC_PHYS_s15_T1_test,164,37,165.23333333333332,-0.23600180447101593,-0.30814550060372387
UBFC_PHYS_s15_T1_test,164,38,165.26666666666668,-0.5136407613754272,0.20235136963785605
UBFC_PHYS_s15_T1_test,164,39,165.3,-0.5770012140274048,0.6864515921047536
UBFC_PHYS_s15_T1_test,164,40,165.33333333333334,-0.4553012549877167,1.084378899283818
UBFC_PHYS_s15_T1_test,164,41,165.36666666666667,-0.3380814790725708,1.3519669535058807
UBFC_PHYS_s15_T1_test,164,42,165.4,-0.35453474521636963,1.466221672211791
UBFC_PHYS_s15_T1_test,164,43,165.43333333333334,-0.4581979513168335,1.4268460960037244
UBFC_PHYS_s15_T1_test,164,44,165.46666666666667,-0.48200881481170654,1.2538844628708357
UBFC_PHYS_s15_T1_test,164,45,165.5,-0.2908652722835541,0.9810374682334329
UBFC_PHYS_s15_T1_test,164,46,165.53333333333333,0.05183355510234833,0.6460903473030033
UBFC_PHYS_s15_T1_test,164,47,165.56666666666666,0.33265888690948486,0.28226522643304064
UBFC_PHYS_s15_T1_test,164,48,165.6,0.4703293740749359,-0.08589960604292961
UBFC_PHYS_s15_T1_test,164,49,165.63333333333333,0.5382665991783142,-0.4412294303608897
UBFC_PHYS_s15_T1_test,164,50,165.66666666666666,0.5562261343002319,-0.7692947200888369
UBFC_PHYS_s15_T1_test,164,51,165.7,0.46053850650787354,-1.0538778393689148
UBFC_PHYS_s15_T1_test,164,52,165.73333333333332,0.25749921798706055,-1.2746862917941575
UBFC_PHYS_s15_T1_test,164,53,165.76666666666668,0.040072955191135406,-1.4076781355945756
UBFC_PHYS_s15_T1_test,164,54,165.8,-0.11891721189022064,-1.4278704086269143
UBFC_PHYS_s15_T1_test,164,55,165.83333333333334,-0.20792312920093536,-1.3147003665417825
UBFC_PHYS_s15_T1_test,164,56,165.86666666666667,-0.25488826632499695,-1.0595021476956397
UBFC_PHYS_s15_T1_test,164,57,165.9,-0.3052329123020172,-0.6732933436060111
UBFC_PHYS_s15_T1_test,164,58,165.93333333333334,-0.3637462258338928,-0.19166809129842682
UBFC_PHYS_s15_T1_test,164,59,165.96666666666667,-0.38251686096191406,0.3267133399035531
UBFC_PHYS_s15_T1_test,164,60,166.0,-0.3537236452102661,0.8099020518514648
UBFC_PHYS_s15_T1_test,164,61,166.03333333333333,-0.33580273389816284,1.1889054301148154
UBFC_PHYS_s15_T1_test,164,62,166.06666666666666,-0.35766318440437317,1.414533211783144
UBFC_PHYS_s15_T1_test,164,63,166.1,-0.41362741589546204,1.4680040598319275
UBFC_PHYS_s15_T1_test,164,64,166.13333333333333,-0.5235667824745178,1.3620847641846043
UBFC_PHYS_s15_T1_test,164,65,166.16666666666666,-0.6418486833572388,1.1340587727403606
UBFC_PHYS_s15_T1_test,164,66,166.2,-0.6166860461235046,0.8335241619521131
UBFC_PHYS_s15_T1_test,164,67,166.23333333333332,-0.40037983655929565,0.5081456529286423
UBFC_PHYS_s15_T1_test,164,68,166.26666666666668,-0.13050401210784912,0.19133403560975026
UBFC_PHYS_s15_T1_test,164,69,166.3,0.06965791434049606,-0.10353633865545872
UBFC_PHYS_s15_T1_test,164,70,166.33333333333334,0.17328250408172607,-0.3793810816774975
UBFC_PHYS_s15_T1_test,164,71,166.36666666666667,0.18560312688350677,-0.6434121223251766
UBFC_PHYS_s15_T1_test,164,72,166.4,0.1883646547794342,-0.8931556192206053
UBFC_PHYS_s15_T1_test,164,73,166.43333333333334,0.2779305875301361,-1.1083879562876244
UBFC_PHYS_s15_T1_test,164,74,166.46666666666667,0.40368595719337463,-1.2531774344209912
UBFC_PHYS_s15_T1_test,164,75,166.5,0.43591657280921936,-1.2864858856888652
UBFC_PHYS_s15_T1_test,164,76,166.53333333333333,0.36210867762565613,-1.1764320652161464
UBFC_PHYS_s15_T1_test,164,77,166.56666666666666,0.2918154299259186,-0.9131132051874673
UBFC_PHYS_s15_T1_test,164,78,166.6,0.26918256282806396,-0.516314764293672
UBFC_PHYS_s15_T1_test,164,79,166.63333333333333,0.21605709195137024,-0.0359432670788137
UBFC_PHYS_s15_T1_test,164,80,166.66666666666666,0.05171768739819527,0.4559238926238596
UBFC_PHYS_s15_T1_test,164,81,166.7,-0.16561201214790344,0.880802728760095
UBFC_PHYS_s15_T1_test,164,82,166.73333333333332,-0.2785639762878418,1.1737389754451633
UBFC_PHYS_s15_T1_test,164,83,166.76666666666668,-0.22792966663837433,1.3005800391315925
UBFC_PHYS_s15_T1_test,164,84,166.8,-0.13212616741657257,1.2649622978404709
UBFC_PHYS_s15_T1_test,164,85,166.83333333333334,-0.0836547240614891,1.101330688855494
UBFC_PHYS_s15_T1_test,164,86,166.86666666666667,-0.033078357577323914,0.8579834594265101
UBFC_PHYS_s15_T1_test,164,87,166.9,0.05494267866015434,0.579424454369337
UBFC_PHYS_s15_T1_test,164,88,166.93333333333334,0.11301184445619583,0.29559927441365713
UBFC_PHYS_s15_T1_test,164,89,166.96666666666667,0.0807812362909317,0.0199162595152014
UBFC_PHYS_s15_T1_test,164,90,167.0,-0.027265647426247597,-0.24625346961660724
UBFC_PHYS_s15_T1_test,164,91,167.03333333333333,-0.12388022243976593,-0.5058477422102314
UBFC_PHYS_s15_T1_test,164,92,167.06666666666666,-0.10493580996990204,-0.7574112073356201
UBFC_PHYS_s15_T1_test,164,93,167.1,0.0488596111536026,-0.9873318476888729
UBFC_PHYS_s15_T1_test,164,94,167.13333333333333,0.29229822754859924,-1.1662558466547794
UBFC_PHYS_s15_T1_test,164,95,167.16666666666666,0.5713855624198914,-1.2532737518812695
UBFC_PHYS_s15_T1_test,164,96,167.2,0.7970770597457886,-1.2084212737816304
UBFC_PHYS_s15_T1_test,164,97,167.23333333333332,0.9117670059204102,-1.0092443718766335
UBFC_PHYS_s15_T1_test,164,98,167.26666666666668,0.9979341626167297,-0.6641070521577476
UBFC_PHYS_s15_T1_test,164,99,167.3,1.1445651054382324,-0.21578849138184394
UBFC_PHYS_s15_T1_test,164,100,167.33333333333334,1.2388815879821777,0.2665833996900761
UBFC_PHYS_s15_T1_test,164,101,167.36666666666667,1.0298751592636108,0.7042903568115431
UBFC_PHYS_s15_T1_test,164,102,167.4,0.38806310296058655,1.0290333825461853
UBFC_PHYS_s15_T1_test,164,103,167.43333333333334,-0.5101840496063232,1.2002865058262213
UBFC_PHYS_s15_T1_test,164,104,167.46666666666667,-1.3100979328155518,1.2143728397586582
UBFC_PHYS_s15_T1_test,164,105,167.5,-1.741532325744629,1.101352075292606
UBFC_PHYS_s15_T1_test,164,106,167.53333333333333,-1.7331318855285645,0.9098640332718576
UBFC_PHYS_s15_T1_test,164,107,167.56666666666666,-1.4679293632507324,0.6856512404500902
UBFC_PHYS_s15_T1_test,164,108,167.6,-1.2194311618804932,0.45383134833642913
UBFC_PHYS_s15_T1_test,164,109,167.63333333333333,-1.128841757774353,0.21409934643751602
UBFC_PHYS_s15_T1_test,164,110,167.66666666666666,-1.137280821800232,-0.04916430425904404
UBFC_PHYS_s15_T1_test,164,111,167.7,-1.1652629375457764,-0.3483398352684061
UBFC_PHYS_s15_T1_test,164,112,167.73333333333332,-1.2183691263198853,-0.6757602187683025
UBFC_PHYS_s15_T1_test,164,113,167.76666666666668,-1.2950544357299805,-0.9966878501876866
UBFC_PHYS_s15_T1_test,164,114,167.8,-1.2956722974777222,-1.2545576410617043
UBFC_PHYS_s15_T1_test,164,115,167.83333333333334,-1.1274319887161255,-1.3857608899036127
UBFC_PHYS_s15_T1_test,164,116,167.86666666666667,-0.8296127319335938,-1.338845640961132
UBFC_PHYS_s15_T1_test,164,117,167.9,-0.5339562892913818,-1.0926773580424345
UBFC_PHYS_s15_T1_test,164,118,167.93333333333334,-0.35036349296569824,-0.6682232131458452
UBFC_PHYS_s15_T1_test,164,119,167.96666666666667,-0.31880876421928406,-0.1292574735398706
UBFC_PHYS_s15_T1_test,164,120,168.0,-0.43251389265060425,0.4304909618655382
UBFC_PHYS_s15_T1_test,164,121,168.03333333333333,-0.638237476348877,0.9116120996196437
UBFC_PHYS_s15_T1_test,164,122,168.06666666666666,-0.8268125653266907,1.2367336636942539
UBFC_PHYS_s15_T1_test,164,123,168.1,-0.9562950730323792,1.37069889726361
UBFC_PHYS_s15_T1_test,164,124,168.13333333333333,-1.0965532064437866,1.3251298050794453
UBFC_PHYS_s15_T1_test,164,125,168.16666666666666,-1.252859115600586,1.1466116346422506
UBFC_PHYS_s15_T1_test,164,126,168.2,-1.2414461374282837,0.8951328341437341
UBFC_PHYS_s15_T1_test,164,127,168.23333333333332,-0.8806525468826294,0.6226359542266292
UBFC_PHYS_s15_T1_test,164,128,168.26666666666668,-0.2662240266799927,0.35920413592921113
UBFC_PHYS_s15_T1_test,164,129,168.3,0.2856357991695404,0.10981991777492307
UBFC_PHYS_s15_T1_test,164,130,168.33333333333334,0.6243951320648193,-0.138648329915731
UBFC_PHYS_s15_T1_test,164,131,168.36666666666667,0.8443125486373901,-0.40299394839073727
UBFC_PHYS_s15_T1_test,164,132,168.4,1.0161833763122559,-0.6872829363813531
UBFC_PHYS_s15_T1_test,164,133,168.43333333333334,1.0963833332061768,-0.9716126118828824
UBFC_PHYS_s15_T1_test,164,134,168.46666666666667,1.0833481550216675,-1.2115099826968663
UBFC_PHYS_s15_T1_test,164,135,168.5,1.050885796546936,-1.3491738372799047
UBFC_PHYS_s15_T1_test,164,136,168.53333333333333,1.0374258756637573,-1.332768218206221
UBFC_PHYS_s15_T1_test,164,137,168.56666666666666,1.0060642957687378,-1.1364321572500806
UBFC_PHYS_s15_T1_test,164,138,168.6,0.9187963604927063,-0.7731338052116571
UBFC_PHYS_s15_T1_test,164,139,168.63333333333333,0.7994716763496399,-0.29527974382084615
UBFC_PHYS_s15_T1_test,164,140,168.66666666666666,0.6860948204994202,0.21714434579835892
UBFC_PHYS_s15_T1_test,164,141,168.7,0.5675426125526428,0.6768331515895336
UBFC_PHYS_s15_T1_test,164,142,168.73333333333332,0.4363028109073639,1.0118124870268863
UBFC_PHYS_s15_T1_test,164,143,168.76666666666668,0.2967398166656494,1.183896795224264
UBFC_PHYS_s15_T1_test,164,144,168.8,0.12533247470855713,1.196332032962849
UBFC_PHYS_s15_T1_test,164,145,168.83333333333334,-0.015485736541450024,1.086511571742614
UBFC_PHYS_s15_T1_test,164,146,168.86666666666667,0.018946362659335136,0.9059336302503345
UBFC_PHYS_s15_T1_test,164,147,168.9,0.22990331053733826,0.6965717398111351
UBFC_PHYS_s15_T1_test,164,148,168.93333333333334,0.44881653785705566,0.4757447401277462
UBFC_PHYS_s15_T1_test,164,149,168.96666666666667,0.5555889010429382,0.2372139764967397
UBFC_PHYS_s15_T1_test,164,150,169.0,0.5587366223335266,-0.03381969826512301
UBFC_PHYS_s15_T1_test,164,151,169.03333333333333,0.5243431329727173,-0.3421368970246377
UBFC_PHYS_s15_T1_test,164,152,169.06666666666666,0.5292096138000488,-0.6704354832698649
UBFC_PHYS_s15_T1_test,164,153,169.1,0.6067059636116028,-0.9780777658345343
UBFC_PHYS_s15_T1_test,164,154,169.13333333333333,0.7387375235557556,-1.209477387203703
UBFC_PHYS_s15_T1_test,164,155,169.16666666666666,0.874187171459198,-1.3083916114507526
UBFC_PHYS_s15_T1_test,164,156,169.2,0.9394787549972534,-1.2342033487742643
UBFC_PHYS_s15_T1_test,164,157,169.23333333333332,0.9030769467353821,-0.9764309334588512
UBFC_PHYS_s15_T1_test,164,158,169.26666666666668,0.8350431323051453,-0.5630463894951511
UBFC_PHYS_s15_T1_test,164,159,169.3,0.8123716115951538,-0.05835869776167381
UBFC_PHYS_s15_T1_test,164,160,169.33333333333334,0.805052638053894,0.45089643774948995
UBFC_PHYS_s15_T1_test,164,161,169.36666666666667,0.7683610916137695,0.87770509329171
UBFC_PHYS_s15_T1_test,164,162,169.4,0.7186923623085022,1.1572856331722028
UBFC_PHYS_s15_T1_test,164,163,169.43333333333334,0.6701436638832092,1.26148848709555
UBFC_PHYS_s15_T1_test,164,164,169.46666666666667,0.6236034035682678,1.2006877007636438
UBFC_PHYS_s15_T1_test,164,165,169.5,0.615511953830719,1.0143162778666082
UBFC_PHYS_s15_T1_test,164,166,169.53333333333333,0.6680773496627808,0.7546221825649848
UBFC_PHYS_s15_T1_test,164,167,169.56666666666666,0.7032626271247864,0.46930304971603254
UBFC_PHYS_s15_T1_test,164,168,169.6,0.5575779676437378,0.1885954383926209
UBFC_PHYS_s15_T1_test,164,169,169.63333333333333,0.06116092577576637,-0.07873131552322404
UBFC_PHYS_s15_T1_test,164,170,169.66666666666666,-0.7839800715446472,-0.33870830921141076
UBFC_PHYS_s15_T1_test,164,171,169.7,-1.7393887042999268,-0.5975425899877295
UBFC_PHYS_s15_T1_test,164,172,169.73333333333332,-2.4940755367279053,-0.8465655582851062
UBFC_PHYS_s15_T1_test,164,173,169.76666666666668,-2.831695318222046,-1.0555112393573818
UBFC_PHYS_s15_T1_test,164,174,169.8,-2.7922229766845703,-1.1783628395344394
UBFC_PHYS_s15_T1_test,164,175,169.83333333333334,-2.6336190700531006,-1.1690350811238897
UBFC_PHYS_s15_T1_test,164,176,169.86666666666667,-2.4423017501831055,-0.9995820659236696
UBFC_PHYS_s15_T1_test,164,177,169.9,-2.0357789993286133,-0.6733869273207392
UBFC_PHYS_s15_T1_test,164,178,169.93333333333334,-1.3640730381011963,-0.22894246932850473
UBFC_PHYS_s15_T1_test,164,179,169.96666666666667,-0.6315557360649109,0.2664500679512529
UBFC_PHYS_s15_T1_test,164,180,170.0,-3.6673642171081156e-05,0.7314578845006025
UBFC_PHYS_s15_T1_test,164,181,170.03333333333333,0.4561162292957306,1.090540727202268
UBFC_PHYS_s15_T1_test,164,182,170.06666666666666,0.7410935163497925,1.2929905960460493
UBFC_PHYS_s15_T1_test,164,183,170.1,1.0886008739471436,1.3241809029322695
UBFC_PHYS_s15_T1_test,164,184,170.13333333333333,1.7630876302719116,1.2042720633774855
UBFC_PHYS_s15_T1_test,164,185,170.16666666666666,2.632483720779419,0.9750682638889309
UBFC_PHYS_s15_T1_test,164,186,170.2,3.2616467475891113,0.6817276378586582
UBFC_PHYS_s15_T1_test,164,187,170.23333333333332,3.3720881938934326,0.3585092850331891
UBFC_PHYS_s15_T1_test,164,188,170.26666666666668,3.016141891479492,0.024549394790491445
UBFC_PHYS_s15_T1_test,164,189,170.3,2.430873394012451,-0.31065395192538553
UBFC_PHYS_s15_T1_test,164,190,170.33333333333334,1.8388845920562744,-0.6374116323223276
UBFC_PHYS_s15_T1_test,164,191,170.36666666666667,1.406156301498413,-0.938061855607763
UBFC_PHYS_s15_T1_test,164,192,170.4,1.1951414346694946,-1.184776268420926
UBFC_PHYS_s15_T1_test,164,193,170.43333333333334,1.101230502128601,-1.3429349846540548
UBFC_PHYS_s15_T1_test,164,194,170.46666666666667,0.9939946532249451,-1.3785556535582546
UBFC_PHYS_s15_T1_test,164,195,170.5,0.8883810043334961,-1.268062695451256
UBFC_PHYS_s15_T1_test,164,196,170.53333333333333,0.8506659865379333,-1.0080119881668792
UBFC_PHYS_s15_T1_test,164,197,170.56666666666666,0.86176997423172,-0.6213949515527255
UBFC_PHYS_s15_T1_test,164,198,170.6,0.8497969508171082,-0.15710814920760188
UBFC_PHYS_s15_T1_test,164,199,170.63333333333333,0.6979326605796814,0.31888524310283006
UBFC_PHYS_s15_T1_test,164,200,170.66666666666666,0.30614444613456726,0.7385117579979827
UBFC_PHYS_s15_T1_test,164,201,170.7,-0.2789308726787567,1.0471877632752402
UBFC_PHYS_s15_T1_test,164,202,170.73333333333332,-0.8433817028999329,1.2140234414468787
UBFC_PHYS_s15_T1_test,164,203,170.76666666666668,-1.1454108953475952,1.2335216195087808
UBFC_PHYS_s15_T1_test,164,204,170.8,-1.129865288734436,1.1204630785854033
UBFC_PHYS_s15_T1_test,164,205,170.83333333333334,-0.9567198753356934,0.9023436984409303
UBFC_PHYS_s15_T1_test,164,206,170.86666666666667,-0.8024224042892456,0.6122150656055841
UBFC_PHYS_s15_T1_test,164,207,170.9,-0.7271661162376404,0.28245896664786824
UBFC_PHYS_s15_T1_test,164,208,170.93333333333334,-0.6708928942680359,-0.059664001494381134
UBFC_PHYS_s15_T1_test,164,209,170.96666666666667,-0.5408890843391418,-0.39272988203812975
UBFC_PHYS_s15_T1_test,164,210,171.0,-0.28738924860954285,-0.6973026816493693
UBFC_PHYS_s15_T1_test,164,211,171.03333333333333,0.06763022392988205,-0.9498039798399704
UBFC_PHYS_s15_T1_test,164,212,171.06666666666666,0.33007118105888367,-1.1189739085901156
UBFC_PHYS_s15_T1_test,164,213,171.1,0.23876722157001495,-1.1692464081170126
UBFC_PHYS_s15_T1_test,164,214,171.13333333333333,-0.1909484714269638,-1.071187554445368
UBFC_PHYS_s15_T1_test,164,215,171.16666666666666,-0.6757400631904602,-0.8144757907789973
UBFC_PHYS_s15_T1_test,164,216,171.2,-1.0655006170272827,-0.41719087561942536
UBFC_PHYS_s15_T1_test,164,217,171.23333333333332,-1.4182413816452026,0.07320374581324754
UBFC_PHYS_s15_T1_test,164,218,171.26666666666668,-1.7746704816818237,0.5883558430705138
UBFC_PHYS_s15_T1_test,164,219,171.3,-2.1541380882263184,1.0544460665109583
UBFC_PHYS_s15_T1_test,164,220,171.33333333333334,-2.5827338695526123,1.4093029720853418
UBFC_PHYS_s15_T1_test,164,221,171.36666666666667,-2.930086612701416,1.6152889614758232
UBFC_PHYS_s15_T1_test,164,222,171.4,-2.904846668243408,1.6636632858157103
UBFC_PHYS_s15_T1_test,164,223,171.43333333333334,-2.364786148071289,1.569597221363076
UBFC_PHYS_s15_T1_test,164,224,171.46666666666667,-1.5533241033554077,1.360998734448425
UBFC_PHYS_s15_T1_test,164,225,171.5,-0.8728121519088745,1.0668127929111908
UBFC_PHYS_s15_T1_test,164,226,171.53333333333333,-0.4965502619743347,0.7100465627124423
UBFC_PHYS_s15_T1_test,164,227,171.56666666666666,-0.3117022216320038,0.30758437024359575
UBFC_PHYS_s15_T1_test,164,228,171.6,-0.2216341644525528,-0.12529200948711897
UBFC_PHYS_s15_T1_test,164,229,171.63333333333333,-0.2194713056087494,-0.5699578579635958
UBFC_PHYS_s15_T1_test,164,230,171.66666666666666,-0.26556745171546936,-1.0021110095749692
UBFC_PHYS_s15_T1_test,164,231,171.7,-0.25158604979515076,-1.3923467200723518
UBFC_PHYS_s15_T1_test,164,232,171.73333333333332,-0.10806424915790558,-1.7084302758800984
UBFC_PHYS_s15_T1_test,164,233,171.76666666666668,0.14985786378383636,-1.9183715991282313
UBFC_PHYS_s15_T1_test,164,234,171.8,0.46610018610954285,-1.994459139748993
UBFC_PHYS_s15_T1_test,164,235,171.83333333333334,0.7435460686683655,-1.9185621713500183
UBFC_PHYS_s15_T1_test,164,236,171.86666666666667,0.8706918358802795,-1.687649427888704
UBFC_PHYS_s15_T1_test,164,237,171.9,0.8173539638519287,-1.317137207551403
UBFC_PHYS_s15_T1_test,164,238,171.93333333333334,0.6209191083908081,-0.8401363936859495
UBFC_PHYS_s15_T1_test,164,239,171.96666666666667,0.2994047999382019,-0.30285140840331615
UBFC_PHYS_s15_T1_test,165,0,165.0,0.4515587389469147,0.0716092746622602
UBFC_PHYS_s15_T1_test,165,1,165.03333333333333,0.3777315318584442,-0.15246881708316473
UBFC_PHYS_s15_T1_test,165,2,165.06666666666666,0.377886027097702,-0.343231523930216
UBFC_PHYS_s15_T1_test,165,3,165.1,0.40080857276916504,-0.4637961949952955
UBFC_PHYS_s15_T1_test,165,4,165.13333333333333,0.38978180289268494,-0.47659389792481277
UBFC_PHYS_s15_T1_test,165,5,165.16666666666666,0.2986130118370056,-0.3530689944422289
UBFC_PHYS_s15_T1_test,165,6,165.2,0.08466281741857529,-0.08718524570369876
UBFC_PHYS_s15_T1_test,165,7,165.23333333333332,-0.23600180447101593,0.29476602485162706
UBFC_PHYS_s15_T1_test,165,8,165.26666666666668,-0.5136407613754272,0.7346690575613098
UBFC_PHYS_s15_T1_test,165,9,165.3,-0.5770012140274048,1.15492681872505
UBFC_PHYS_s15_T1_test,165,10,165.33333333333334,-0.4553012549877167,1.478251525387905
UBFC_PHYS_s15_T1_test,165,11,165.36666666666667,-0.3380814790725708,1.6473021050563206
UBFC_PHYS_s15_T1_test,165,12,165.4,-0.35453474521636963,1.6376050116670502
UBFC_PHYS_s15_T1_test,165,13,165.43333333333334,-0.4581979513168335,1.4605428021353306
UBFC_PHYS_s15_T1_test,165,14,165.46666666666667,-0.48200881481170654,1.1563298699032192
UBFC_PHYS_s15_T1_test,165,15,165.5,-0.2908652722835541,0.7796176129238338
UBFC_PHYS_s15_T1_test,165,16,165.53333333333333,0.05183355510234833,0.3828915135955054
UBFC_PHYS_s15_T1_test,165,17,165.56666666666666,0.33265888690948486,0.003666281660278668
UBFC_PHYS_s15_T1_test,165,18,165.6,0.4703293740749359,-0.34048727549231816
UBFC_PHYS_s15_T1_test,165,19,165.63333333333333,0.5382665991783142,-0.6486057104279357
UBFC_PHYS_s15_T1_test,165,20,165.66666666666666,0.5562261343002319,-0.9272830459736736
UBFC_PHYS_s15_T1_test,165,21,165.7,0.46053850650787354,-1.1799984631740592
UBFC_PHYS_s15_T1_test,165,22,165.73333333333332,0.25749921798706055,-1.398760974849535
UBFC_PHYS_s15_T1_test,165,23,165.76666666666668,0.040072955191135406,-1.560870603980152
UBFC_PHYS_s15_T1_test,165,24,165.8,-0.11891721189022064,-1.6321346580096174
UBFC_PHYS_s15_T1_test,165,25,165.83333333333334,-0.20792312920093536,-1.5761736050147683
UBFC_PHYS_s15_T1_test,165,26,165.86666666666667,-0.25488826632499695,-1.3674987032576107
UBFC_PHYS_s15_T1_test,165,27,165.9,-0.3052329123020172,-1.0043363822848708
UBFC_PHYS_s15_T1_test,165,28,165.93333333333334,-0.3637462258338928,-0.516465759941225
UBFC_PHYS_s15_T1_test,165,29,165.96666666666667,-0.38251686096191406,0.0357750674335027
UBFC_PHYS_s15_T1_test,165,30,166.0,-0.3537236452102661,0.5725339532981515
UBFC_PHYS_s15_T1_test,165,31,166.03333333333333,-0.33580273389816284,1.0129768856317558
UBFC_PHYS_s15_T1_test,165,32,166.06666666666666,-0.35766318440437317,1.2952737221636037
UBFC_PHYS_s15_T1_test,165,33,166.1,-0.41362741589546204,1.3910535059197486
UBFC_PHYS_s15_T1_test,165,34,166.13333333333333,-0.5235667824745178,1.3098308617450003
UBFC_PHYS_s15_T1_test,165,35,166.16666666666666,-0.6418486833572388,1.09282616891953
UBFC_PHYS_s15_T1_test,165,36,166.2,-0.6166860461235046,0.7986195570849557
UBFC_PHYS_s15_T1_test,165,37,166.23333333333332,-0.40037983655929565,0.485099126769631
UBFC_PHYS_s15_T1_test,165,38,166.26666666666668,-0.13050401210784912,0.19358024464007892
UBFC_PHYS_s15_T1_test,165,39,166.3,0.06965791434049606,-0.059238873835769396
UBFC_PHYS_s15_T1_test,165,40,166.33333333333334,0.17328250408172607,-0.27859541562312273
UBFC_PHYS_s15_T1_test,165,41,166.36666666666667,0.18560312688350677,-0.4798942457003057
UBFC_PHYS_s15_T1_test,165,42,166.4,0.1883646547794342,-0.6736568212508947
UBFC_PHYS_s15_T1_test,165,43,166.43333333333334,0.2779305875301361,-0.8542804388651464
UBFC_PHYS_s15_T1_test,165,44,166.46666666666667,0.40368595719337463,-0.9972007502422209
UBFC_PHYS_s15_T1_test,165,45,166.5,0.43591657280921936,-1.0648685789004797
UBFC_PHYS_s15_T1_test,165,46,166.53333333333333,0.36210867762565613,-1.0188118582894137
UBFC_PHYS_s15_T1_test,165,47,166.56666666666666,0.2918154299259186,-0.833741364862016
UBFC_PHYS_s15_T1_test,165,48,166.6,0.26918256282806396,-0.5096270700273762
UBFC_PHYS_s15_T1_test,165,49,166.63333333333333,0.21605709195137024,-0.07814647943738502
UBFC_PHYS_s15_T1_test,165,50,166.66666666666666,0.05171768739819527,0.3993677996706751
UBFC_PHYS_s15_T1_test,165,51,166.7,-0.16561201214790344,0.8437156913837188
UBFC_PHYS_s15_T1_test,165,52,166.73333333333332,-0.2785639762878418,1.1774665921677696
UBFC_PHYS_s15_T1_test,165,53,166.76666666666668,-0.22792966663837433,1.3465461149434037
UBFC_PHYS_s15_T1_test,165,54,166.8,-0.13212616741657257,1.3351010442296212
UBFC_PHYS_s15_T1_test,165,55,166.83333333333334,-0.0836547240614891,1.166770413088373
UBFC_PHYS_s15_T1_test,165,56,166.86666666666667,-0.033078357577323914,0.8923946049517677
UBFC_PHYS_s15_T1_test,165,57,166.9,0.05494267866015434,0.5709157406693388
UBFC_PHYS_s15_T1_test,165,58,166.93333333333334,0.11301184445619583,0.25167770697761205
UBFC_PHYS_s15_T1_test,165,59,166.96666666666667,0.0807812362909317,-0.036423028309926254
UBFC_PHYS_s15_T1_test,165,60,167.0,-0.027265647426247597,-0.28692372576027514
UBFC_PHYS_s15_T1_test,165,61,167.03333333333333,-0.12388022243976593,-0.5095212915060815
UBFC_PHYS_s15_T1_test,165,62,167.06666666666666,-0.10493580996990204,-0.7180328508095344
UBFC_PHYS_s15_T1_test,165,63,167.1,0.0488596111536026,-0.9167733363377208
UBFC_PHYS_s15_T1_test,165,64,167.13333333333333,0.29229822754859924,-1.0908682689902227
UBFC_PHYS_s15_T1_test,165,65,167.16666666666666,0.5713855624198914,-1.2055019343920617
UBFC_PHYS_s15_T1_test,165,66,167.2,0.7970770597457886,-1.215758684800527
UBFC_PHYS_s15_T1_test,165,67,167.23333333333332,0.9117670059204102,-1.083931825685164
UBFC_PHYS_s15_T1_test,165,68,167.26666666666668,0.9979341626167297,-0.797460019581917
UBFC_PHYS_s15_T1_test,165,69,167.3,1.1445651054382324,-0.3799707124224699
UBFC_PHYS_s15_T1_test,165,70,167.33333333333334,1.2388815879821777,0.10935872224245738
UBFC_PHYS_s15_T1_test,165,71,167.36666666666667,1.0298751592636108,0.5885263507951042
UBFC_PHYS_s15_T1_test,165,72,167.4,0.38806310296058655,0.973960714594665
UBFC_PHYS_s15_T1_test,165,73,167.43333333333334,-0.5101840496063232,1.2038176762907211
UBFC_PHYS_s15_T1_test,165,74,167.46666666666667,-1.3100979328155518,1.2552448399541791
UBFC_PHYS_s15_T1_test,165,75,167.5,-1.741532325744629,1.1485310050549928
UBFC_PHYS_s15_T1_test,165,76,167.53333333333333,-1.7331318855285645,0.9354964124354563
UBFC_PHYS_s15_T1_test,165,77,167.56666666666666,-1.4679293632507324,0.6764721131043289
UBFC_PHYS_s15_T1_test,165,78,167.6,-1.2194311618804932,0.41662327656642967
UBFC_PHYS_s15_T1_test,165,79,167.63333333333333,-1.128841757774353,0.17323208421368044
UBFC_PHYS_s15_T1_test,165,80,167.66666666666666,-1.137280821800232,-0.06103831643782712
UBFC_PHYS_s15_T1_test,165,81,167.7,-1.1652629375457764,-0.30291105930963036
UBFC_PHYS_s15_T1_test,165,82,167.73333333333332,-1.2183691263198853,-0.5604238171824361
UBFC_PHYS_s15_T1_test,165,83,167.76666666666668,-1.2950544357299805,-0.82067233986813
UBFC_PHYS_s15_T1_test,165,84,167.8,-1.2956722974777222,-1.0478641844421182
UBFC_PHYS_s15_T1_test,165,85,167.83333333333334,-1.1274319887161255,-1.1914538998097732
UBFC_PHYS_s15_T1_test,165,86,167.86666666666667,-0.8296127319335938,-1.2011259441700075
UBFC_PHYS_s15_T1_test,165,87,167.9,-0.5339562892913818,-1.0440276097573271
UBFC_PHYS_s15_T1_test,165,88,167.93333333333334,-0.35036349296569824,-0.7190667453441767
UBFC_PHYS_s15_T1_test,165,89,167.96666666666667,-0.31880876421928406,-0.26343266944028154
UBFC_PHYS_s15_T1_test,165,90,168.0,-0.43251389265060425,0.2517423953637846
UBFC_PHYS_s15_T1_test,165,91,168.03333333333333,-0.638237476348877,0.7366616378909218
UBFC_PHYS_s15_T1_test,165,92,168.06666666666666,-0.8268125653266907,1.1055613481066922
UBFC_PHYS_s15_T1_test,165,93,168.1,-0.9562950730323792,1.299935892393378
UBFC_PHYS_s15_T1_test,165,94,168.13333333333333,-1.0965532064437866,1.3037250789090014
UBFC_PHYS_s15_T1_test,165,95,168.16666666666666,-1.252859115600586,1.1441153903918995
UBFC_PHYS_s15_T1_test,165,96,168.2,-1.2414461374282837,0.8778855427045611
UBFC_PHYS_s15_T1_test,165,97,168.23333333333332,-0.8806525468826294,0.5696140925234001
UBFC_PHYS_s15_T1_test,165,98,168.26666666666668,-0.2662240266799927,0.27055923010769517
UBFC_PHYS_s15_T1_test,165,99,168.3,0.2856357991695404,0.0056593607736759
UBFC_PHYS_s15_T1_test,165,100,168.33333333333334,0.6243951320648193,-0.22726123172751742
UBFC_PHYS_s15_T1_test,165,101,168.36666666666667,0.8443125486373901,-0.4464570215564463
UBFC_PHYS_s15_T1_test,165,102,168.4,1.0161833763122559,-0.66844930989814
UBFC_PHYS_s15_T1_test,165,103,168.43333333333334,1.0963833332061768,-0.8914764269580377
UBFC_PHYS_s15_T1_test,165,104,168.46666666666667,1.0833481550216675,-1.0878908358887822
UBFC_PHYS_s15_T1_test,165,105,168.5,1.050885796546936,-1.209464333620218
UBFC_PHYS_s15_T1_test,165,106,168.53333333333333,1.0374258756637573,-1.2039663555285565
UBFC_PHYS_s15_T1_test,165,107,168.56666666666666,1.0060642957687378,-1.0364191224891732
UBFC_PHYS_s15_T1_test,165,108,168.6,0.9187963604927063,-0.7063648462382506
UBFC_PHYS_s15_T1_test,165,109,168.63333333333333,0.7994716763496399,-0.2541108815345687
UBFC_PHYS_s15_T1_test,165,110,168.66666666666666,0.6860948204994202,0.24662125627546785
UBFC_PHYS_s15_T1_test,165,111,168.7,0.5675426125526428,0.7072326588826117
UBFC_PHYS_s15_T1_test,165,112,168.73333333333332,0.4363028109073639,1.0480911476869266
UBFC_PHYS_s15_T1_test,165,113,168.76666666666668,0.2967398166656494,1.2201358178687194
UBFC_PHYS_s15_T1_test,165,114,168.8,0.12533247470855713,1.216732497806396
UBFC_PHYS_s15_T1_test,165,115,168.83333333333334,-0.015485736541450024,1.0709090099626184
UBFC_PHYS_s15_T1_test,165,116,168.86666666666667,0.018946362659335136,0.8386230244758736
UBFC_PHYS_s15_T1_test,165,117,168.9,0.22990331053733826,0.5752179714662674
UBFC_PHYS_s15_T1_test,165,118,168.93333333333334,0.44881653785705566,0.31622379624433583
UBFC_PHYS_s15_T1_test,165,119,168.96666666666667,0.5555889010429382,0.07145992984036456
UBFC_PHYS_s15_T1_test,165,120,169.0,0.5587366223335266,-0.16688382858258885
UBFC_PHYS_s15_T1_test,165,121,169.03333333333333,0.5243431329727173,-0.40923578507014735
UBFC_PHYS_s15_T1_test,165,122,169.06666666666666,0.5292096138000488,-0.6550285364339247
UBFC_PHYS_s15_T1_test,165,123,169.1,0.6067059636116028,-0.8854566824968599
UBFC_PHYS_s15_T1_test,165,124,169.13333333333333,0.7387375235557556,-1.0641570122524622
UBFC_PHYS_s15_T1_test,165,125,169.16666666666666,0.874187171459198,-1.145322974702882
UBFC_PHYS_s15_T1_test,165,126,169.2,0.9394787549972534,-1.087398645737322
UBFC_PHYS_s15_T1_test,165,127,169.23333333333332,0.9030769467353821,-0.8688926632334966
UBFC_PHYS_s15_T1_test,165,128,169.26666666666668,0.8350431323051453,-0.501057335476933
UBFC_PHYS_s15_T1_test,165,129,169.3,0.8123716115951538,-0.031862477696246616
UBFC_PHYS_s15_T1_test,165,130,169.33333333333334,0.805052638053894,0.4617926081505986
UBFC_PHYS_s15_T1_test,165,131,169.36666666666667,0.7683610916137695,0.8922637109939272
UBFC_PHYS_s15_T1_test,165,132,169.4,0.7186923623085022,1.1841453467972693
UBFC_PHYS_s15_T1_test,165,133,169.43333333333334,0.6701436638832092,1.2941787893583965
UBFC_PHYS_s15_T1_test,165,134,169.46666666666667,0.6236034035682678,1.2209091868947954
UBFC_PHYS_s15_T1_test,165,135,169.5,0.615511953830719,1.0006228717259855
UBFC_PHYS_s15_T1_test,165,136,169.53333333333333,0.6680773496627808,0.6915517315323794
UBFC_PHYS_s15_T1_test,165,137,169.56666666666666,0.7032626271247864,0.35303086298237824
UBFC_PHYS_s15_T1_test,165,138,169.6,0.5575779676437378,0.027998071462356788
UBFC_PHYS_s15_T1_test,165,139,169.63333333333333,0.06116092577576637,-0.2645867838595812
UBFC_PHYS_s15_T1_test,165,140,169.66666666666666,-0.7839800715446472,-0.5252292563632364
UBFC_PHYS_s15_T1_test,165,141,169.7,-1.7393887042999268,-0.7604147383572865
UBFC_PHYS_s15_T1_test,165,142,169.73333333333332,-2.4940755367279053,-0.9673439741428942
UBFC_PHYS_s15_T1_test,165,143,169.76666666666668,-2.831695318222046,-1.1249207374108916
UBFC_PHYS_s15_T1_test,165,144,169.8,-2.7922229766845703,-1.1959372084698288
UBFC_PHYS_s15_T1_test,165,145,169.83333333333334,-2.6336190700531006,-1.1399424285759017
UBFC_PHYS_s15_T1_test,165,146,169.86666666666667,-2.4423017501831055,-0.9311847778880036
UBFC_PHYS_s15_T1_test,165,147,169.9,-2.0357789993286133,-0.5738174557595552
UBFC_PHYS_s15_T1_test,165,148,169.93333333333334,-1.3640730381011963,-0.1081099940032439
UBFC_PHYS_s15_T1_test,165,149,169.96666666666667,-0.6315557360649109,0.3949733824803735
UBFC_PHYS_s15_T1_test,165,150,170.0,-3.6673642171081156e-05,0.8498468664340977
UBFC_PHYS_s15_T1_test,165,151,170.03333333333333,0.4561162292957306,1.1787103403599066
UBFC_PHYS_s15_T1_test,165,152,170.06666666666666,0.7410935163497925,1.333036348756895
UBFC_PHYS_s15_T1_test,165,153,170.1,1.0886008739471436,1.3059365420325206
UBFC_PHYS_s15_T1_test,165,154,170.13333333333333,1.7630876302719116,1.1298593663820744
UBFC_PHYS_s15_T1_test,165,155,170.16666666666666,2.632483720779419,0.8602256017065921
UBFC_PHYS_s15_T1_test,165,156,170.2,3.2616467475891113,0.5527309998172754
UBFC_PHYS_s15_T1_test,165,157,170.23333333333332,3.3720881938934326,0.24532778157418927
UBFC_PHYS_s15_T1_test,165,158,170.26666666666668,3.016141891479492,-0.047495188863429426
UBFC_PHYS_s15_T1_test,165,159,170.3,2.430873394012451,-0.3278084535745972
UBFC_PHYS_s15_T1_test,165,160,170.33333333333334,1.8388845920562744,-0.600565632915048
UBFC_PHYS_s15_T1_test,165,161,170.36666666666667,1.406156301498413,-0.8609043934921949
UBFC_PHYS_s15_T1_test,165,162,170.4,1.1951414346694946,-1.0876983634729418
UBFC_PHYS_s15_T1_test,165,163,170.43333333333334,1.101230502128601,-1.2447965507176448
UBFC_PHYS_s15_T1_test,165,164,170.46666666666667,0.9939946532249451,-1.2890641477888027
UBFC_PHYS_s15_T1_test,165,165,170.5,0.8883810043334961,-1.1832588733322569
UBFC_PHYS_s15_T1_test,165,166,170.53333333333333,0.8506659865379333,-0.9105697657896521
UBFC_PHYS_s15_T1_test,165,167,170.56666666666666,0.86176997423172,-0.4863390984917696
UBFC_PHYS_s15_T1_test,165,168,170.6,0.8497969508171082,0.03791506537652109
UBFC_PHYS_s15_T1_test,165,169,170.63333333333333,0.6979326605796814,0.5815301234201165
UBFC_PHYS_s15_T1_test,165,170,170.66666666666666,0.30614444613456726,1.0524503051893026
UBFC_PHYS_s15_T1_test,165,171,170.7,-0.2789308726787567,1.370710074148726
UBFC_PHYS_s15_T1_test,165,172,170.73333333333332,-0.8433817028999329,1.4892915199677692
UBFC_PHYS_s15_T1_test,165,173,170.76666666666668,-1.1454108953475952,1.4043896799901407
UBFC_PHYS_s15_T1_test,165,174,170.8,-1.129865288734436,1.1517776961178805
UBFC_PHYS_s15_T1_test,165,175,170.83333333333334,-0.9567198753356934,0.7918351438349774
UBFC_PHYS_s15_T1_test,165,176,170.86666666666667,-0.8024224042892456,0.3894805504061555
UBFC_PHYS_s15_T1_test,165,177,170.9,-0.7271661162376404,-0.0037808462736215335
UBFC_PHYS_s15_T1_test,165,178,170.93333333333334,-0.6708928942680359,-0.35949414761072035
UBFC_PHYS_s15_T1_test,165,179,170.96666666666667,-0.5408890843391418,-0.6704038239816973
UBFC_PHYS_s15_T1_test,165,180,171.0,-0.28738924860954285,-0.9386933716344945
UBFC_PHYS_s15_T1_test,165,181,171.03333333333333,0.06763022392988205,-1.1605985525305738
UBFC_PHYS_s15_T1_test,165,182,171.06666666666666,0.33007118105888367,-1.3159160847892757
UBFC_PHYS_s15_T1_test,165,183,171.1,0.23876722157001495,-1.3688253363371208
UBFC_PHYS_s15_T1_test,165,184,171.13333333333333,-0.1909484714269638,-1.2804130930351871
UBFC_PHYS_s15_T1_test,165,185,171.16666666666666,-0.6757400631904602,-1.027084274967795
UBFC_PHYS_s15_T1_test,165,186,171.2,-1.0655006170272827,-0.6164102853086895
UBFC_PHYS_s15_T1_test,165,187,171.23333333333332,-1.4182413816452026,-0.09338146467929241
UBFC_PHYS_s15_T1_test,165,188,171.26666666666668,-1.7746704816818237,0.46604551771991926
UBFC_PHYS_s15_T1_test,165,189,171.3,-2.1541380882263184,0.9724369621344977
UBFC_PHYS_s15_T1_test,165,190,171.33333333333334,-2.5827338695526123,1.3456595371921016
UBFC_PHYS_s15_T1_test,165,191,171.36666666666667,-2.930086612701416,1.53519105091759
UBFC_PHYS_s15_T1_test,165,192,171.4,-2.904846668243408,1.5310136915629349
UBFC_PHYS_s15_T1_test,165,193,171.43333333333334,-2.364786148071289,1.3614776736529937
UBFC_PHYS_s15_T1_test,165,194,171.46666666666667,-1.5533241033554077,1.0793081781320253
UBFC_PHYS_s15_T1_test,165,195,171.5,-0.8728121519088745,0.7415893548090665
UBFC_PHYS_s15_T1_test,165,196,171.53333333333333,-0.4965502619743347,0.3921743074333817
UBFC_PHYS_s15_T1_test,165,197,171.56666666666666,-0.3117022216320038,0.05360035328973048
UBFC_PHYS_s15_T1_test,165,198,171.6,-0.2216341644525528,-0.2696467214646039
UBFC_PHYS_s15_T1_test,165,199,171.63333333333333,-0.2194713056087494,-0.5801651643629002
UBFC_PHYS_s15_T1_test,165,200,171.66666666666666,-0.26556745171546936,-0.8749205612225305
UBFC_PHYS_s15_T1_test,165,201,171.7,-0.25158604979515076,-1.1361430748645567
UBFC_PHYS_s15_T1_test,165,202,171.73333333333332,-0.10806424915790558,-1.3294776450491228
UBFC_PHYS_s15_T1_test,165,203,171.76666666666668,0.14985786378383636,-1.4107248964104122
UBFC_PHYS_s15_T1_test,165,204,171.8,0.46610018610954285,-1.3396500377134137
UBFC_PHYS_s15_T1_test,165,205,171.83333333333334,0.7435460686683655,-1.0964308381122734
UBFC_PHYS_s15_T1_test,165,206,171.86666666666667,0.8706918358802795,-0.6944120749799012
UBFC_PHYS_s15_T1_test,165,207,171.9,0.8173539638519287,-0.1832679909381268
UBFC_PHYS_s15_T1_test,165,208,171.93333333333334,0.6209191083908081,0.3600015495175373
UBFC_PHYS_s15_T1_test,165,209,171.96666666666667,0.2994047999382019,0.8497587496667545
UBFC_PHYS_s15_T1_test,165,210,172.0,-0.08201326429843903,1.2131840608589992
UBFC_PHYS_s15_T1_test,165,211,172.03333333333333,-0.3241193890571594,1.4063757251913436
UBFC_PHYS_s15_T1_test,165,212,172.06666666666666,-0.29227501153945923,1.4199533702673712
UBFC_PHYS_s15_T1_test,165,213,172.1,-0.08438855409622192,1.2741798690056247
UBFC_PHYS_s15_T1_test,165,214,172.13333333333333,0.1312996745109558,1.0077561395050223
UBFC_PHYS_s15_T1_test,165,215,172.16666666666666,0.29706811904907227,0.6654465197892462
UBFC_PHYS_s15_T1_test,165,216,172.2,0.3837759792804718,0.28779867238624773
UBFC_PHYS_s15_T1_test,165,217,172.23333333333332,0.32464468479156494,-0.09556553063053243
UBFC_PHYS_s15_T1_test,165,218,172.26666666666668,0.13628199696540833,-0.46741824681180255
UBFC_PHYS_s15_T1_test,165,219,172.3,-0.05640644207596779,-0.8178483573001661
UBFC_PHYS_s15_T1_test,165,220,172.33333333333334,-0.1992330253124237,-1.1345795940285315
UBFC_PHYS_s15_T1_test,165,221,172.36666666666667,-0.34632742404937744,-1.39427159634553
UBFC_PHYS_s15_T1_test,165,222,172.4,-0.5220798254013062,-1.5607965416951464
UBFC_PHYS_s15_T1_test,165,223,172.43333333333334,-0.6579543352127075,-1.5930650428075643
UBFC_PHYS_s15_T1_test,165,224,172.46666666666667,-0.7023510932922363,-1.459745859363084
UBFC_PHYS_s15_T1_test,165,225,172.5,-0.7103073596954346,-1.1543764624648802
UBFC_PHYS_s15_T1_test,165,226,172.53333333333333,-0.8013023138046265,-0.704100566964365
UBFC_PHYS_s15_T1_test,165,227,172.56666666666666,-1.0336562395095825,-0.16801523715343375
UBFC_PHYS_s15_T1_test,165,228,172.6,-1.363455057144165,0.37498709995948304
UBFC_PHYS_s15_T1_test,165,229,172.63333333333333,-1.6819182634353638,0.8452159730090676
UBFC_PHYS_s15_T1_test,165,230,172.66666666666666,-1.8378958702087402,1.181710346993002
UBFC_PHYS_s15_T1_test,165,231,172.7,-1.668071985244751,1.3556671171941865
UBFC_PHYS_s15_T1_test,165,232,172.73333333333332,-1.16412353515625,1.3735829903862764
UBFC_PHYS_s15_T1_test,165,233,172.76666666666668,-0.5637343525886536,1.2700203558875227
UBFC_PHYS_s15_T1_test,165,234,172.8,-0.11561497300863266,1.0937394828758311
UBFC_PHYS_s15_T1_test,165,235,172.83333333333334,0.18264849483966827,0.8927293287734555
UBFC_PHYS_s15_T1_test,165,236,172.86666666666667,0.47894221544265747,0.7027738915685499
UBFC_PHYS_s15_T1_test,165,237,172.9,0.8262757658958435,0.5417104715526022
UBFC_PHYS_s15_T1_test,165,238,172.93333333333334,1.075623631477356,0.40919961234421137
UBFC_PHYS_s15_T1_test,165,239,172.96666666666667,1.0697530508041382,0.29073113897971675
UBFC_PHYS_s15_T1_test,166,0,166.0,-0.3537236452102661,-0.04305013698302894
UBFC_PHYS_s15_T1_test,166,1,166.03333333333333,-0.33580273389816284,0.66898877053056
UBFC_PHYS_s15_T1_test,166,2,166.06666666666666,-0.35766318440437317,1.2709101331855444
UBFC_PHYS_s15_T1_test,166,3,166.1,-0.41362741589546204,1.6742989636475702
UBFC_PHYS_s15_T1_test,166,4,166.13333333333333,-0.5235667824745178,1.8278085167423
UBFC_PHYS_s15_T1_test,166,5,166.16666666666666,-0.6418486833572388,1.7265858500683797
UBFC_PHYS_s15_T1_test,166,6,166.2,-0.6166860461235046,1.4107254534596079
UBFC_PHYS_s15_T1_test,166,7,166.23333333333332,-0.40037983655929565,0.9531230573169306
UBFC_PHYS_s15_T1_test,166,8,166.26666666666668,-0.13050401210784912,0.4405520662208337
UBFC_PHYS_s15_T1_test,166,9,166.3,0.06965791434049606,-0.046523412550281924
UBFC_PHYS_s15_T1_test,166,10,166.33333333333334,0.17328250408172607,-0.4498967513012768
UBFC_PHYS_s15_T1_test,166,11,166.36666666666667,0.18560312688350677,-0.7413522617410621
UBFC_PHYS_s15_T1_test,166,12,166.4,0.1883646547794342,-0.9208335621574021
UBFC_PHYS_s15_T1_test,166,13,166.43333333333334,0.2779305875301361,-1.0066214876908262
UBFC_PHYS_s15_T1_test,166,14,166.46666666666667,0.40368595719337463,-1.0214788121139535
UBFC_PHYS_s15_T1_test,166,15,166.5,0.43591657280921936,-0.9800012297605066
UBFC_PHYS_s15_T1_test,166,16,166.53333333333333,0.36210867762565613,-0.8821660596986719
UBFC_PHYS_s15_T1_test,166,17,166.56666666666666,0.2918154299259186,-0.7158990824482417
UBFC_PHYS_s15_T1_test,166,18,166.6,0.26918256282806396,-0.4677140054462278
UBFC_PHYS_s15_T1_test,166,19,166.63333333333333,0.21605709195137024,-0.1366917940961686
UBFC_PHYS_s15_T1_test,166,20,166.66666666666666,0.05171768739819527,0.2548477907418001
UBFC_PHYS_s15_T1_test,166,21,166.7,-0.16561201214790344,0.6595556048706014
UBFC_PHYS_s15_T1_test,166,22,166.73333333333332,-0.2785639762878418,1.0138983977298788
UBFC_PHYS_s15_T1_test,166,23,166.76666666666668,-0.22792966663837433,1.2546437734787488
UBFC_PHYS_s15_T1_test,166,24,166.8,-0.13212616741657257,1.3366450946332746
UBFC_PHYS_s15_T1_test,166,25,166.83333333333334,-0.0836547240614891,1.245307479779526
UBFC_PHYS_s15_T1_test,166,26,166.86666666666667,-0.033078357577323914,0.9998783743216826
UBFC_PHYS_s15_T1_test,166,27,166.9,0.05494267866015434,0.6473543310564186
UBFC_PHYS_s15_T1_test,166,28,166.93333333333334,0.11301184445619583,0.24928294226677178
UBFC_PHYS_s15_T1_test,166,29,166.96666666666667,0.0807812362909317,-0.1347991792299063
UBFC_PHYS_s15_T1_test,166,30,167.0,-0.027265647426247597,-0.4624077366110211
UBFC_PHYS_s15_T1_test,166,31,167.03333333333333,-0.12388022243976593,-0.7164393435919588
UBFC_PHYS_s15_T1_test,166,32,167.06666666666666,-0.10493580996990204,-0.9031535764845781
UBFC_PHYS_s15_T1_test,166,33,167.1,0.0488596111536026,-1.0400435568436497
UBFC_PHYS_s15_T1_test,166,34,167.13333333333333,0.29229822754859924,-1.1389031803561536
UBFC_PHYS_s15_T1_test,166,35,167.16666666666666,0.5713855624198914,-1.1926182030542272
UBFC_PHYS_s15_T1_test,166,36,167.2,0.7970770597457886,-1.173027383221618
UBFC_PHYS_s15_T1_test,166,37,167.23333333333332,0.9117670059204102,-1.041992409630269
UBFC_PHYS_s15_T1_test,166,38,167.26666666666668,0.9979341626167297,-0.7712069077850418
UBFC_PHYS_s15_T1_test,166,39,167.3,1.1445651054382324,-0.3617295266361318
UBFC_PHYS_s15_T1_test,166,40,167.33333333333334,1.2388815879821777,0.14589795423705687
UBFC_PHYS_s15_T1_test,166,41,167.36666666666667,1.0298751592636108,0.6761297878108993
UBFC_PHYS_s15_T1_test,166,42,167.4,0.38806310296058655,1.136725051151798
UBFC_PHYS_s15_T1_test,166,43,167.43333333333334,-0.5101840496063232,1.4445959642937838
UBFC_PHYS_s15_T1_test,166,44,167.46666666666667,-1.3100979328155518,1.5498300077081897
UBFC_PHYS_s15_T1_test,166,45,167.5,-1.741532325744629,1.4489389265390902
UBFC_PHYS_s15_T1_test,166,46,167.53333333333333,-1.7331318855285645,1.1822655870788514
UBFC_PHYS_s15_T1_test,166,47,167.56666666666666,-1.4679293632507324,0.816755001535991
UBFC_PHYS_s15_T1_test,166,48,167.6,-1.2194311618804932,0.4216248737878553
UBFC_PHYS_s15_T1_test,166,49,167.63333333333333,-1.128841757774353,0.04737967075806146
UBFC_PHYS_s15_T1_test,166,50,167.66666666666666,-1.137280821800232,-0.2838017474840682
UBFC_PHYS_s15_T1_test,166,51,167.7,-1.1652629375457764,-0.5740849315793342
UBFC_PHYS_s15_T1_test,166,52,167.73333333333332,-1.2183691263198853,-0.8359357313128216
UBFC_PHYS_s15_T1_test,166,53,167.76666666666668,-1.2950544357299805,-1.0749725239136938
UBFC_PHYS_s15_T1_test,166,54,167.8,-1.2956722974777222,-1.277085013910961
UBFC_PHYS_s15_T1_test,166,55,167.83333333333334,-1.1274319887161255,-1.405252878815144
UBFC_PHYS_s15_T1_test,166,56,167.86666666666667,-0.8296127319335938,-1.4082472093260465
UBFC_PHYS_s15_T1_test,166,57,167.9,-0.5339562892913818,-1.2393157439474298
UBFC_PHYS_s15_T1_test,166,58,167.93333333333334,-0.35036349296569824,-0.8787067305494288
UBFC_PHYS_s15_T1_test,166,59,167.96666666666667,-0.31880876421928406,-0.3510639995280004
UBFC_PHYS_s15_T1_test,166,60,168.0,-0.43251389265060425,0.27090285495451677
UBFC_PHYS_s15_T1_test,166,61,168.03333333333333,-0.638237476348877,0.8805656125085578
UBFC_PHYS_s15_T1_test,166,62,168.06666666666666,-0.8268125653266907,1.3658892724605716
UBFC_PHYS_s15_T1_test,166,63,168.1,-0.9562950730323792,1.6419789418305306
UBFC_PHYS_s15_T1_test,166,64,168.13333333333333,-1.0965532064437866,1.6749802876733195
UBFC_PHYS_s15_T1_test,166,65,168.16666666666666,-1.252859115600586,1.4881944161597145
UBFC_PHYS_s15_T1_test,166,66,168.2,-1.2414461374282837,1.1490465812119914
UBFC_PHYS_s15_T1_test,166,67,168.23333333333332,-0.8806525468826294,0.7432750712350542
UBFC_PHYS_s15_T1_test,166,68,168.26666666666668,-0.2662240266799927,0.3466119867441545
UBFC_PHYS_s15_T1_test,166,69,168.3,0.2856357991695404,0.003930260482951841
UBFC_PHYS_s15_T1_test,166,70,168.33333333333334,0.6243951320648193,-0.27737191094567115
UBFC_PHYS_s15_T1_test,166,71,168.36666666666667,0.8443125486373901,-0.5182299671330086
UBFC_PHYS_s15_T1_test,166,72,168.4,1.0161833763122559,-0.7475688040795514
UBFC_PHYS_s15_T1_test,166,73,168.43333333333334,1.0963833332061768,-0.9797455085799699
UBFC_PHYS_s15_T1_test,166,74,168.46666666666667,1.0833481550216675,-1.1994922714361218
UBFC_PHYS_s15_T1_test,166,75,168.5,1.050885796546936,-1.3609846095760225
UBFC_PHYS_s15_T1_test,166,76,168.53333333333333,1.0374258756637573,-1.4021098043150444
UBFC_PHYS_s15_T1_test,166,77,168.56666666666666,1.0060642957687378,-1.268935092114196
UBFC_PHYS_s15_T1_test,166,78,168.6,0.9187963604927063,-0.9409148950129272
UBFC_PHYS_s15_T1_test,166,79,168.63333333333333,0.7994716763496399,-0.4464413580656421
UBFC_PHYS_s15_T1_test,166,80,168.66666666666666,0.6860948204994202,0.13834541291065575
UBFC_PHYS_s15_T1_test,166,81,168.7,0.5675426125526428,0.7082148770631742
UBFC_PHYS_s15_T1_test,166,82,168.73333333333332,0.4363028109073639,1.1587836145200574
UBFC_PHYS_s15_T1_test,166,83,168.76666666666668,0.2967398166656494,1.4168617391321123
UBFC_PHYS_s15_T1_test,166,84,168.8,0.12533247470855713,1.4598828240292034
UBFC_PHYS_s15_T1_test,166,85,168.83333333333334,-0.015485736541450024,1.317131921061642
UBFC_PHYS_s15_T1_test,166,86,168.86666666666667,0.018946362659335136,1.052649030300216
UBFC_PHYS_s15_T1_test,166,87,168.9,0.22990331053733826,0.737409150701361
UBFC_PHYS_s15_T1_test,166,88,168.93333333333334,0.44881653785705566,0.4233352973231027
UBFC_PHYS_s15_T1_test,166,89,168.96666666666667,0.5555889010429382,0.13056120357050813
UBFC_PHYS_s15_T1_test,166,90,169.0,0.5587366223335266,-0.1480888877850732
UBFC_PHYS_s15_T1_test,166,91,169.03333333333333,0.5243431329727173,-0.43015163917593524
UBFC_PHYS_s15_T1_test,166,92,169.06666666666666,0.5292096138000488,-0.7234360609616317
UBFC_PHYS_s15_T1_test,166,93,169.1,0.6067059636116028,-1.0117484809520347
UBFC_PHYS_s15_T1_test,166,94,169.13333333333333,0.7387375235557556,-1.252007620836762
UBFC_PHYS_s15_T1_test,166,95,169.16666666666666,0.874187171459198,-1.3839532448546632
UBFC_PHYS_s15_T1_test,166,96,169.2,0.9394787549972534,-1.349595044919483
UBFC_PHYS_s15_T1_test,166,97,169.23333333333332,0.9030769467353821,-1.1161794521326653
UBFC_PHYS_s15_T1_test,166,98,169.26666666666668,0.8350431323051453,-0.6942585581223296
UBFC_PHYS_s15_T1_test,166,99,169.3,0.8123716115951538,-0.14294106572099854
UBFC_PHYS_s15_T1_test,166,100,169.33333333333334,0.805052638053894,0.441480960520009
UBFC_PHYS_s15_T1_test,166,101,169.36666666666667,0.7683610916137695,0.9508784791773266
UBFC_PHYS_s15_T1_test,166,102,169.4,0.7186923623085022,1.295893709867071
UBFC_PHYS_s15_T1_test,166,103,169.43333333333334,0.6701436638832092,1.430385714615461
UBFC_PHYS_s15_T1_test,166,104,169.46666666666667,0.6236034035682678,1.3605394501518149
UBFC_PHYS_s15_T1_test,166,105,169.5,0.615511953830719,1.1357388742830905
UBFC_PHYS_s15_T1_test,166,106,169.53333333333333,0.6680773496627808,0.8258128051071927
UBFC_PHYS_s15_T1_test,166,107,169.56666666666666,0.7032626271247864,0.4945916704602275
UBFC_PHYS_s15_T1_test,166,108,169.6,0.5575779676437378,0.18052049677893964
UBFC_PHYS_s15_T1_test,166,109,169.63333333333333,0.06116092577576637,-0.10854627920319589
UBFC_PHYS_s15_T1_test,166,110,169.66666666666666,-0.7839800715446472,-0.3854618836101381
UBFC_PHYS_s15_T1_test,166,111,169.7,-1.7393887042999268,-0.6642862834161074
UBFC_PHYS_s15_T1_test,166,112,169.73333333333332,-2.4940755367279053,-0.9407452018533861
UBFC_PHYS_s15_T1_test,166,113,169.76666666666668,-2.831695318222046,-1.1822581915822075
UBFC_PHYS_s15_T1_test,166,114,169.8,-2.7922229766845703,-1.3328719635097142
UBFC_PHYS_s15_T1_test,166,115,169.83333333333334,-2.6336190700531006,-1.3318002082515206
UBFC_PHYS_s15_T1_test,166,116,169.86666666666667,-2.4423017501831055,-1.1382433072205842
UBFC_PHYS_s15_T1_test,166,117,169.9,-2.0357789993286133,-0.7523173201830308
UBFC_PHYS_s15_T1_test,166,118,169.93333333333334,-1.3640730381011963,-0.22336072991562592
UBFC_PHYS_s15_T1_test,166,119,169.96666666666667,-0.6315557360649109,0.3584336872663536
UBFC_PHYS_s15_T1_test,166,120,170.0,-3.6673642171081156e-05,0.8851840683755232
UBFC_PHYS_s15_T1_test,166,121,170.03333333333333,0.4561162292957306,1.261831688560424
UBFC_PHYS_s15_T1_test,166,122,170.06666666666666,0.7410935163497925,1.4330163186770901
UBFC_PHYS_s15_T1_test,166,123,170.1,1.0886008739471436,1.3959506527869314
UBFC_PHYS_s15_T1_test,166,124,170.13333333333333,1.7630876302719116,1.1944179582689054
UBFC_PHYS_s15_T1_test,166,125,170.16666666666666,2.632483720779419,0.8971129748146951
UBFC_PHYS_s15_T1_test,166,126,170.2,3.2616467475891113,0.5703497424772292
UBFC_PHYS_s15_T1_test,166,127,170.23333333333332,3.3720881938934326,0.25704493387305705
UBFC_PHYS_s15_T1_test,166,128,170.26666666666668,3.016141891479492,-0.030226077971268236
UBFC_PHYS_s15_T1_test,166,129,170.3,2.430873394012451,-0.3014608319025901
UBFC_PHYS_s15_T1_test,166,130,170.33333333333334,1.8388845920562744,-0.5721855663173776
UBFC_PHYS_s15_T1_test,166,131,170.36666666666667,1.406156301498413,-0.8453824177499132
UBFC_PHYS_s15_T1_test,166,132,170.4,1.1951414346694946,-1.0999941989941493
UBFC_PHYS_s15_T1_test,166,133,170.43333333333334,1.101230502128601,-1.2906858455629833
UBFC_PHYS_s15_T1_test,166,134,170.46666666666667,0.9939946532249451,-1.3596916755661042
UBFC_PHYS_s15_T1_test,166,135,170.5,0.8883810043334961,-1.257376722554266
UBFC_PHYS_s15_T1_test,166,136,170.53333333333333,0.8506659865379333,-0.9643046023705257
UBFC_PHYS_s15_T1_test,166,137,170.56666666666666,0.86176997423172,-0.5058919234805568
UBFC_PHYS_s15_T1_test,166,138,170.6,0.8497969508171082,0.0474056604961018
UBFC_PHYS_s15_T1_test,166,139,170.63333333333333,0.6979326605796814,0.5962768076249416
UBFC_PHYS_s15_T1_test,166,140,170.66666666666666,0.30614444613456726,1.0403735173845787
UBFC_PHYS_s15_T1_test,166,141,170.7,-0.2789308726787567,1.3075857340489352
UBFC_PHYS_s15_T1_test,166,142,170.73333333333332,-0.8433817028999329,1.3730336745734555
UBFC_PHYS_s15_T1_test,166,143,170.76666666666668,-1.1454108953475952,1.2601081675864936
UBFC_PHYS_s15_T1_test,166,144,170.8,-1.129865288734436,1.0243958982606722
UBFC_PHYS_s15_T1_test,166,145,170.83333333333334,-0.9567198753356934,0.7291114382704008
UBFC_PHYS_s15_T1_test,166,146,170.86666666666667,-0.8024224042892456,0.42305917117250774
UBFC_PHYS_s15_T1_test,166,147,170.9,-0.7271661162376404,0.1292853815920945
UBFC_PHYS_s15_T1_test,166,148,170.93333333333334,-0.6708928942680359,-0.1527811146570593
UBFC_PHYS_s15_T1_test,166,149,170.96666666666667,-0.5408890843391418,-0.4342963794287479
UBFC_PHYS_s15_T1_test,166,150,171.0,-0.28738924860954285,-0.7194704103695697
UBFC_PHYS_s15_T1_test,166,151,171.03333333333333,0.06763022392988205,-0.9914097280066217
UBFC_PHYS_s15_T1_test,166,152,171.06666666666666,0.33007118105888367,-1.2081503254183747
UBFC_PHYS_s15_T1_test,166,153,171.1,0.23876722157001495,-1.3119969733974601
UBFC_PHYS_s15_T1_test,166,154,171.13333333333333,-0.1909484714269638,-1.2497240804128915
UBFC_PHYS_s15_T1_test,166,155,171.16666666666666,-0.6757400631904602,-0.99608042499623
UBFC_PHYS_s15_T1_test,166,156,171.2,-1.0655006170272827,-0.5707957895534052
UBFC_PHYS_s15_T1_test,166,157,171.23333333333332,-1.4182413816452026,-0.04091745791686276
UBFC_PHYS_s15_T1_test,166,158,171.26666666666668,-1.7746704816818237,0.49454421700969364
UBFC_PHYS_s15_T1_test,166,159,171.3,-2.1541380882263184,0.9333898314360652
UBFC_PHYS_s15_T1_test,166,160,171.33333333333334,-2.5827338695526123,1.2014899196925528
UBFC_PHYS_s15_T1_test,166,161,171.36666666666667,-2.930086612701416,1.2735776798035863
UBFC_PHYS_s15_T1_test,166,162,171.4,-2.904846668243408,1.1752571544971118
UBFC_PHYS_s15_T1_test,166,163,171.43333333333334,-2.364786148071289,0.9664522674212387
UBFC_PHYS_s15_T1_test,166,164,171.46666666666667,-1.5533241033554077,0.71431897448295
UBFC_PHYS_s15_T1_test,166,165,171.5,-0.8728121519088745,0.46751342189615414
UBFC_PHYS_s15_T1_test,166,166,171.53333333333333,-0.4965502619743347,0.2424282545950188
UBFC_PHYS_s15_T1_test,166,167,171.56666666666666,-0.3117022216320038,0.026188307103080708
UBFC_PHYS_s15_T1_test,166,168,171.6,-0.2216341644525528,-0.20663441055222395
UBFC_PHYS_s15_T1_test,166,169,171.63333333333333,-0.2194713056087494,-0.4724362433104489
UBFC_PHYS_s15_T1_test,166,170,171.66666666666666,-0.26556745171546936,-0.7619726396282286
UBFC_PHYS_s15_T1_test,166,171,171.7,-0.25158604979515076,-1.0355001557064536
UBFC_PHYS_s15_T1_test,166,172,171.73333333333332,-0.10806424915790558,-1.2316470023509165
UBFC_PHYS_s15_T1_test,166,173,171.76666666666668,0.14985786378383636,-1.2870396536222422
UBFC_PHYS_s15_T1_test,166,174,171.8,0.46610018610954285,-1.1597388500660413
UBFC_PHYS_s15_T1_test,166,175,171.83333333333334,0.7435460686683655,-0.8477801030147367
UBFC_PHYS_s15_T1_test,166,176,171.86666666666667,0.8706918358802795,-0.39538055647765463
UBFC_PHYS_s15_T1_test,166,177,171.9,0.8173539638519287,0.11653524224109937
UBFC_PHYS_s15_T1_test,166,178,171.93333333333334,0.6209191083908081,0.5930830609327598
UBFC_PHYS_s15_T1_test,166,179,171.96666666666667,0.2994047999382019,0.9534981438961345
UBFC_PHYS_s15_T1_test,166,180,172.0,-0.08201326429843903,1.1536133046510824
UBFC_PHYS_s15_T1_test,166,181,172.03333333333333,-0.3241193890571594,1.1935640979359723
UBFC_PHYS_s15_T1_test,166,182,172.06666666666666,-0.29227501153945923,1.1081990156669346
UBFC_PHYS_s15_T1_test,166,183,172.1,-0.08438855409622192,0.9458816941324598
UBFC_PHYS_s15_T1_test,166,184,172.13333333333333,0.1312996745109558,0.7466001829007632
UBFC_PHYS_s15_T1_test,166,185,172.16666666666666,0.29706811904907227,0.5295203341323113
UBFC_PHYS_s15_T1_test,166,186,172.2,0.3837759792804718,0.29381183290596674
UBFC_PHYS_s15_T1_test,166,187,172.23333333333332,0.32464468479156494,0.029511613673362826
UBFC_PHYS_s15_T1_test,166,188,172.26666666666668,0.13628199696540833,-0.2681176589940107
UBFC_PHYS_s15_T1_test,166,189,172.3,-0.05640644207596779,-0.5869047814580115
UBFC_PHYS_s15_T1_test,166,190,172.33333333333334,-0.1992330253124237,-0.893078908984212
UBFC_PHYS_s15_T1_test,166,191,172.36666666666667,-0.34632742404937744,-1.1356749428854125
UBFC_PHYS_s15_T1_test,166,192,172.4,-0.5220798254013062,-1.2596529546846515
UBFC_PHYS_s15_T1_test,166,193,172.43333333333334,-0.6579543352127075,-1.2242548536660363
UBFC_PHYS_s15_T1_test,166,194,172.46666666666667,-0.7023510932922363,-1.0199639729181091
UBFC_PHYS_s15_T1_test,166,195,172.5,-0.7103073596954346,-0.6765138736747632
UBFC_PHYS_s15_T1_test,166,196,172.53333333333333,-0.8013023138046265,-0.25737069061701373
UBFC_PHYS_s15_T1_test,166,197,172.56666666666666,-1.0336562395095825,0.1583159152292166
UBFC_PHYS_s15_T1_test,166,198,172.6,-1.363455057144165,0.4998823136981734
UBFC_PHYS_s15_T1_test,166,199,172.63333333333333,-1.6819182634353638,0.7259621018603462
UBFC_PHYS_s15_T1_test,166,200,172.66666666666666,-1.8378958702087402,0.8331589169023809
UBFC_PHYS_s15_T1_test,166,201,172.7,-1.668071985244751,0.8488293616081479
UBFC_PHYS_s15_T1_test,166,202,172.73333333333332,-1.16412353515625,0.8119283980440626
UBFC_PHYS_s15_T1_test,166,203,172.76666666666668,-0.5637343525886536,0.7517032479485639
UBFC_PHYS_s15_T1_test,166,204,172.8,-0.11561497300863266,0.6743056693839767
UBFC_PHYS_s15_T1_test,166,205,172.83333333333334,0.18264849483966827,0.5628213054507986
UBFC_PHYS_s15_T1_test,166,206,172.86666666666667,0.47894221544265747,0.38987128105697194
UBFC_PHYS_s15_T1_test,166,207,172.9,0.8262757658958435,0.1365906550052371
UBFC_PHYS_s15_T1_test,166,208,172.93333333333334,1.075623631477356,-0.19068796659670295
UBFC_PHYS_s15_T1_test,166,209,172.96666666666667,1.0697530508041382,-0.5535259460708557
UBFC_PHYS_s15_T1_test,166,210,173.0,0.9130029678344727,-0.8875086987548112
UBFC_PHYS_s15_T1_test,166,211,173.03333333333333,0.8289793729782104,-1.119518585239432
UBFC_PHYS_s15_T1_test,166,212,173.06666666666666,0.7684769630432129,-1.1902835459786563
UBFC_PHYS_s15_T1_test,166,213,173.1,0.5203263759613037,-1.0744214826559284
UBFC_PHYS_s15_T1_test,166,214,173.13333333333333,0.03725350275635719,-0.7905544889584702
UBFC_PHYS_s15_T1_test,166,215,173.16666666666666,-0.5274290442466736,-0.39694268017727097
UBFC_PHYS_s15_T1_test,166,216,173.2,-0.9529927968978882,0.02683204229362001
UBFC_PHYS_s15_T1_test,166,217,173.23333333333332,-1.0598809719085693,0.40581419336147856
UBFC_PHYS_s15_T1_test,166,218,173.26666666666668,-0.8415085077285767,0.6928497472370316
UBFC_PHYS_s15_T1_test,166,219,173.3,-0.5354625582695007,0.8788308850511433
UBFC_PHYS_s15_T1_test,166,220,173.33333333333334,-0.3743867874145508,0.9854270161731812
UBFC_PHYS_s15_T1_test,166,221,173.36666666666667,-0.33485648036003113,1.044469633686318
UBFC_PHYS_s15_T1_test,166,222,173.4,-0.24845761060714722,1.0755461540256332
UBFC_PHYS_s15_T1_test,166,223,173.43333333333334,-0.01704995520412922,1.0741144780667322
UBFC_PHYS_s15_T1_test,166,224,173.46666666666667,0.3594244122505188,1.0152209023299044
UBFC_PHYS_s15_T1_test,166,225,173.5,0.7241381406784058,0.8685493073228064
UBFC_PHYS_s15_T1_test,166,226,173.53333333333333,0.7259727120399475,0.6158367496673789
UBFC_PHYS_s15_T1_test,166,227,173.56666666666666,0.24533307552337646,0.26283852742887065
UBFC_PHYS_s15_T1_test,166,228,173.6,-0.37098798155784607,-0.15768395618149625
UBFC_PHYS_s15_T1_test,166,229,173.63333333333333,-0.6492449045181274,-0.5914785998776793
UBFC_PHYS_s15_T1_test,166,230,173.66666666666666,-0.4633154571056366,-0.9745846102088953
UBFC_PHYS_s15_T1_test,166,231,173.7,-0.08241879940032959,-1.248640565203904
UBFC_PHYS_s15_T1_test,166,232,173.73333333333332,0.18473412096500397,-1.3761248048935328
UBFC_PHYS_s15_T1_test,166,233,173.76666666666668,0.25172510743141174,-1.3509851484924182
UBFC_PHYS_s15_T1_test,166,234,173.8,0.1742287576198578,-1.200354672984376
UBFC_PHYS_s15_T1_test,166,235,173.83333333333334,0.0418689101934433,-0.9754104957480546
UBFC_PHYS_s15_T1_test,166,236,173.86666666666667,-0.03624541684985161,-0.7336374999065732
UBFC_PHYS_s15_T1_test,166,237,173.9,-0.04389270022511482,-0.5188730898369054
UBFC_PHYS_s15_T1_test,166,238,173.93333333333334,-0.09860169887542725,-0.34720411399230766
UBFC_PHYS_s15_T1_test,166,239,173.96666666666667,-0.27263540029525757,-0.20483869291144016
UBFC_PHYS_s15_T1_test,167,0,167.0,-0.027265647426247597,-0.006173870522040306
UBFC_PHYS_s15_T1_test,167,1,167.03333333333333,-0.12388022243976593,0.19973262956221985
UBFC_PHYS_s15_T1_test,167,2,167.06666666666666,-0.10493580996990204,0.34049986640060154
UBFC_PHYS_s15_T1_test,167,3,167.1,0.0488596111536026,0.37391091216880235
UBFC_PHYS_s15_T1_test,167,4,167.13333333333333,0.29229822754859924,0.297758936105105
UBFC_PHYS_s15_T1_test,167,5,167.16666666666666,0.5713855624198914,0.15104961756153532
UBFC_PHYS_s15_T1_test,167,6,167.2,0.7970770597457886,-0.0003255357740257975
UBFC_PHYS_s15_T1_test,167,7,167.23333333333332,0.9117670059204102,-0.08764739640517077
UBFC_PHYS_s15_T1_test,167,8,167.26666666666668,0.9979341626167297,-0.06347847252100684
UBFC_PHYS_s15_T1_test,167,9,167.3,1.1445651054382324,0.08293458361474813
UBFC_PHYS_s15_T1_test,167,10,167.33333333333334,1.2388815879821777,0.32303147336362653
UBFC_PHYS_s15_T1_test,167,11,167.36666666666667,1.0298751592636108,0.5981655012910364
UBFC_PHYS_s15_T1_test,167,12,167.4,0.38806310296058655,0.8371635421527722
UBFC_PHYS_s15_T1_test,167,13,167.43333333333334,-0.5101840496063232,0.9775435061576874
UBFC_PHYS_s15_T1_test,167,14,167.46666666666667,-1.3100979328155518,0.9843930327468083
UBFC_PHYS_s15_T1_test,167,15,167.5,-1.741532325744629,0.86017151076222
UBFC_PHYS_s15_T1_test,167,16,167.53333333333333,-1.7331318855285645,0.6405161848038189
UBFC_PHYS_s15_T1_test,167,17,167.56666666666666,-1.4679293632507324,0.37683722824065247
UBFC_PHYS_s15_T1_test,167,18,167.6,-1.2194311618804932,0.11418128053779335
UBFC_PHYS_s15_T1_test,167,19,167.63333333333333,-1.128841757774353,-0.1238684959756742
UBFC_PHYS_s15_T1_test,167,20,167.66666666666666,-1.137280821800232,-0.3365492936832679
UBFC_PHYS_s15_T1_test,167,21,167.7,-1.1652629375457764,-0.5355814902279022
UBFC_PHYS_s15_T1_test,167,22,167.73333333333332,-1.2183691263198853,-0.7306773494359825
UBFC_PHYS_s15_T1_test,167,23,167.76666666666668,-1.2950544357299805,-0.9185056804875301
UBFC_PHYS_s15_T1_test,167,24,167.8,-1.2956722974777222,-1.0790990833185192
UBFC_PHYS_s15_T1_test,167,25,167.83333333333334,-1.1274319887161255,-1.1795979694966545
UBFC_PHYS_s15_T1_test,167,26,167.86666666666667,-0.8296127319335938,-1.1831093113179836
UBFC_PHYS_s15_T1_test,167,27,167.9,-0.5339562892913818,-1.0601870503478925
UBFC_PHYS_s15_T1_test,167,28,167.93333333333334,-0.35036349296569824,-0.8005535023991995
UBFC_PHYS_s15_T1_test,167,29,167.96666666666667,-0.31880876421928406,-0.42213423623202584
UBFC_PHYS_s15_T1_test,167,30,168.0,-0.43251389265060425,0.026473233206624643
UBFC_PHYS_s15_T1_test,167,31,168.03333333333333,-0.638237476348877,0.4735377458872622
UBFC_PHYS_s15_T1_test,167,32,168.06666666666666,-0.8268125653266907,0.8418934902015682
UBFC_PHYS_s15_T1_test,167,33,168.1,-0.9562950730323792,1.07156288698641
UBFC_PHYS_s15_T1_test,167,34,168.13333333333333,-1.0965532064437866,1.137620666976023
UBFC_PHYS_s15_T1_test,167,35,168.16666666666666,-1.252859115600586,1.0545615718180164
UBFC_PHYS_s15_T1_test,167,36,168.2,-1.2414461374282837,0.8658002422936424
UBFC_PHYS_s15_T1_test,167,37,168.23333333333332,-0.8806525468826294,0.6247266677195542
UBFC_PHYS_s15_T1_test,167,38,168.26666666666668,-0.2662240266799927,0.3760057275958685
UBFC_PHYS_s15_T1_test,167,39,168.3,0.2856357991695404,0.14360752987067085
UBFC_PHYS_s15_T1_test,167,40,168.33333333333334,0.6243951320648193,-0.0710717966424769
UBFC_PHYS_s15_T1_test,167,41,168.36666666666667,0.8443125486373901,-0.2810253548422746
UBFC_PHYS_s15_T1_test,167,42,168.4,1.0161833763122559,-0.4992079102383153
UBFC_PHYS_s15_T1_test,167,43,168.43333333333334,1.0963833332061768,-0.7243183066483181
UBFC_PHYS_s15_T1_test,167,44,168.46666666666667,1.0833481550216675,-0.9331065368127246
UBFC_PHYS_s15_T1_test,167,45,168.5,1.050885796546936,-1.0828115978343134
UBFC_PHYS_s15_T1_test,167,46,168.53333333333333,1.0374258756637573,-1.1233587811155157
UBFC_PHYS_s15_T1_test,167,47,168.56666666666666,1.0060642957687378,-1.0151079408083439
UBFC_PHYS_s15_T1_test,167,48,168.6,0.9187963604927063,-0.7455803284269199
UBFC_PHYS_s15_T1_test,167,49,168.63333333333333,0.7994716763496399,-0.3387962111420111
UBFC_PHYS_s15_T1_test,167,50,168.66666666666666,0.6860948204994202,0.14636329616653643
UBFC_PHYS_s15_T1_test,167,51,168.7,0.5675426125526428,0.6286486333113499
UBFC_PHYS_s15_T1_test,167,52,168.73333333333332,0.4363028109073639,1.0246119747513853
UBFC_PHYS_s15_T1_test,167,53,168.76666666666668,0.2967398166656494,1.2708097801195606
UBFC_PHYS_s15_T1_test,167,54,168.8,0.12533247470855713,1.3405435519529976
UBFC_PHYS_s15_T1_test,167,55,168.83333333333334,-0.015485736541450024,1.248169904235903
UBFC_PHYS_s15_T1_test,167,56,168.86666666666667,0.018946362659335136,1.0383551765771775
UBFC_PHYS_s15_T1_test,167,57,168.9,0.22990331053733826,0.7648018591496433
UBFC_PHYS_s15_T1_test,167,58,168.93333333333334,0.44881653785705566,0.4692646037956319
UBFC_PHYS_s15_T1_test,167,59,168.96666666666667,0.5555889010429382,0.1716794028813259
UBFC_PHYS_s15_T1_test,167,60,169.0,0.5587366223335266,-0.1255402293666495
UBFC_PHYS_s15_T1_test,167,61,169.03333333333333,0.5243431329727173,-0.4247904605604509
UBFC_PHYS_s15_T1_test,167,62,169.06666666666666,0.5292096138000488,-0.7206322927198797
UBFC_PHYS_s15_T1_test,167,63,169.1,0.6067059636116028,-0.9928344961082656
UBFC_PHYS_s15_T1_test,167,64,169.13333333333333,0.7387375235557556,-1.2065556815782776
UBFC_PHYS_s15_T1_test,167,65,169.16666666666666,0.874187171459198,-1.318600136130735
UBFC_PHYS_s15_T1_test,167,66,169.2,0.9394787549972534,-1.2882753715770223
UBFC_PHYS_s15_T1_test,167,67,169.23333333333332,0.9030769467353821,-1.0910469018335258
UBFC_PHYS_s15_T1_test,167,68,169.26666666666668,0.8350431323051453,-0.7313529272582336
UBFC_PHYS_s15_T1_test,167,69,169.3,0.8123716115951538,-0.24918994669606614
UBFC_PHYS_s15_T1_test,167,70,169.33333333333334,0.805052638053894,0.2841136448335036
UBFC_PHYS_s15_T1_test,167,71,169.36666666666667,0.7683610916137695,0.7815461889216684
UBFC_PHYS_s15_T1_test,167,72,169.4,0.7186923623085022,1.1626023072674991
UBFC_PHYS_s15_T1_test,167,73,169.43333333333334,0.6701436638832092,1.373566307529053
UBFC_PHYS_s15_T1_test,167,74,169.46666666666667,0.6236034035682678,1.39832324702641
UBFC_PHYS_s15_T1_test,167,75,169.5,0.615511953830719,1.2566016589951912
UBFC_PHYS_s15_T1_test,167,76,169.53333333333333,0.6680773496627808,0.9918711127857041
UBFC_PHYS_s15_T1_test,167,77,169.56666666666666,0.7032626271247864,0.6547481226014064
UBFC_PHYS_s15_T1_test,167,78,169.6,0.5575779676437378,0.28844464687221594
UBFC_PHYS_s15_T1_test,167,79,169.63333333333333,0.06116092577576637,-0.07887854202724154
UBFC_PHYS_s15_T1_test,167,80,169.66666666666666,-0.7839800715446472,-0.4328295596215785
UBFC_PHYS_s15_T1_test,167,81,169.7,-1.7393887042999268,-0.7640856051732245
UBFC_PHYS_s15_T1_test,167,82,169.73333333333332,-2.4940755367279053,-1.0572832378973394
UBFC_PHYS_s15_T1_test,167,83,169.76666666666668,-2.831695318222046,-1.284033183779152
UBFC_PHYS_s15_T1_test,167,84,169.8,-2.7922229766845703,-1.4047526800853891
UBFC_PHYS_s15_T1_test,167,85,169.83333333333334,-2.6336190700531006,-1.379598619834314
UBFC_PHYS_s15_T1_test,167,86,169.86666666666667,-2.4423017501831055,-1.1840875154783235
UBFC_PHYS_s15_T1_test,167,87,169.9,-2.0357789993286133,-0.8225472034524643
UBFC_PHYS_s15_T1_test,167,88,169.93333333333334,-1.3640730381011963,-0.3335992630681414
UBFC_PHYS_s15_T1_test,167,89,169.96666666666667,-0.6315557360649109,0.21477507052602945
UBFC_PHYS_s15_T1_test,167,90,170.0,-3.6673642171081156e-05,0.739387287123358
UBFC_PHYS_s15_T1_test,167,91,170.03333333333333,0.4561162292957306,1.161109588986339
UBFC_PHYS_s15_T1_test,167,92,170.06666666666666,0.7410935163497925,1.42339626721737
UBFC_PHYS_s15_T1_test,167,93,170.1,1.0886008739471436,1.5039541313570726
UBFC_PHYS_s15_T1_test,167,94,170.13333333333333,1.7630876302719116,1.4152178629311234
UBFC_PHYS_s15_T1_test,167,95,170.16666666666666,2.632483720779419,1.1935441969068086
UBFC_PHYS_s15_T1_test,167,96,170.2,3.2616467475891113,0.8826193305096579
UBFC_PHYS_s15_T1_test,167,97,170.23333333333332,3.3720881938934326,0.5195558607938459
UBFC_PHYS_s15_T1_test,167,98,170.26666666666668,3.016141891479492,0.1297734429409032
UBFC_PHYS_s15_T1_test,167,99,170.3,2.430873394012451,-0.2690167216140901
UBFC_PHYS_s15_T1_test,167,100,170.33333333333334,1.8388845920562744,-0.6584383387189139
UBFC_PHYS_s15_T1_test,167,101,170.36666666666667,1.406156301498413,-1.0127518183859114
UBFC_PHYS_s15_T1_test,167,102,170.4,1.1951414346694946,-1.2973437821714087
UBFC_PHYS_s15_T1_test,167,103,170.43333333333334,1.101230502128601,-1.472473573000784
UBFC_PHYS_s15_T1_test,167,104,170.46666666666667,0.9939946532249451,-1.5008309620242737
UBFC_PHYS_s15_T1_test,167,105,170.5,0.8883810043334961,-1.357289770179159
UBFC_PHYS_s15_T1_test,167,106,170.53333333333333,0.8506659865379333,-1.038749515544581
UBFC_PHYS_s15_T1_test,167,107,170.56666666666666,0.86176997423172,-0.5711307916903521
UBFC_PHYS_s15_T1_test,167,108,170.6,0.8497969508171082,-0.010330119866221302
UBFC_PHYS_s15_T1_test,167,109,170.63333333333333,0.6979326605796814,0.5651491909598438
UBFC_PHYS_s15_T1_test,167,110,170.66666666666666,0.30614444613456726,1.0697922513618052
UBFC_PHYS_s15_T1_test,167,111,170.7,-0.2789308726787567,1.4309311682177042
UBFC_PHYS_s15_T1_test,167,112,170.73333333333332,-0.8433817028999329,1.6052380451861117
UBFC_PHYS_s15_T1_test,167,113,170.76666666666668,-1.1454108953475952,1.5847916406142977
UBFC_PHYS_s15_T1_test,167,114,170.8,-1.129865288734436,1.3917554445744689
UBFC_PHYS_s15_T1_test,167,115,170.83333333333334,-0.9567198753356934,1.0667742215981333
UBFC_PHYS_s15_T1_test,167,116,170.86666666666667,-0.8024224042892456,0.6569416179960899
UBFC_PHYS_s15_T1_test,167,117,170.9,-0.7271661162376404,0.20656087433873369
UBFC_PHYS_s15_T1_test,167,118,170.93333333333334,-0.6708928942680359,-0.24796195829128415
UBFC_PHYS_s15_T1_test,167,119,170.96666666666667,-0.5408890843391418,-0.6784315715158766
UBFC_PHYS_s15_T1_test,167,120,171.0,-0.28738924860954285,-1.0606747620883235
UBFC_PHYS_s15_T1_test,167,121,171.03333333333333,0.06763022392988205,-1.3681319305655162
UBFC_PHYS_s15_T1_test,167,122,171.06666666666666,0.33007118105888367,-1.5677398079142533
UBFC_PHYS_s15_T1_test,167,123,171.1,0.23876722157001495,-1.6225790098339956
UBFC_PHYS_s15_T1_test,167,124,171.13333333333333,-0.1909484714269638,-1.5021501273710638
UBFC_PHYS_s15_T1_test,167,125,171.16666666666666,-0.6757400631904602,-1.1963685589570694
UBFC_PHYS_s15_T1_test,167,126,171.2,-1.0655006170272827,-0.7267731338152589
UBFC_PHYS_s15_T1_test,167,127,171.23333333333332,-1.4182413816452026,-0.14914792783866768
UBFC_PHYS_s15_T1_test,167,128,171.26666666666668,-1.7746704816818237,0.45492649181546324
UBFC_PHYS_s15_T1_test,167,129,171.3,-2.1541380882263184,0.9956414098870137
UBFC_PHYS_s15_T1_test,167,130,171.33333333333334,-2.5827338695526123,1.3959484104758808
UBFC_PHYS_s15_T1_test,167,131,171.36666666666667,-2.930086612701416,1.6087834745192537
UBFC_PHYS_s15_T1_test,167,132,171.4,-2.904846668243408,1.6247705346649648
UBFC_PHYS_s15_T1_test,167,133,171.43333333333334,-2.364786148071289,1.468240778838196
UBFC_PHYS_s15_T1_test,167,134,171.46666666666667,-1.5533241033554077,1.1837355867774135
UBFC_PHYS_s15_T1_test,167,135,171.5,-0.8728121519088745,0.8189594754388521
UBFC_PHYS_s15_T1_test,167,136,171.53333333333333,-0.4965502619743347,0.4119080497118482
UBFC_PHYS_s15_T1_test,167,137,171.56666666666666,-0.3117022216320038,-0.012325194066751798
UBFC_PHYS_s15_T1_test,167,138,171.6,-0.2216341644525528,-0.43549478681907544
UBFC_PHYS_s15_T1_test,167,139,171.63333333333333,-0.2194713056087494,-0.8365962217938079
UBFC_PHYS_s15_T1_test,167,140,171.66666666666666,-0.26556745171546936,-1.185121297559855
UBFC_PHYS_s15_T1_test,167,141,171.7,-0.25158604979515076,-1.440854545384949
UBFC_PHYS_s15_T1_test,167,142,171.73333333333332,-0.10806424915790558,-1.5606555144418441
UBFC_PHYS_s15_T1_test,167,143,171.76666666666668,0.14985786378383636,-1.510091802844406
UBFC_PHYS_s15_T1_test,167,144,171.8,0.46610018610954285,-1.2759967202465028
UBFC_PHYS_s15_T1_test,167,145,171.83333333333334,0.7435460686683655,-0.8754074294782966
UBFC_PHYS_s15_T1_test,167,146,171.86666666666667,0.8706918358802795,-0.3571732289074813
UBFC_PHYS_s15_T1_test,167,147,171.9,0.8173539638519287,0.20545593216272098
UBFC_PHYS_s15_T1_test,167,148,171.93333333333334,0.6209191083908081,0.7301926000421498
UBFC_PHYS_s15_T1_test,167,149,171.96666666666667,0.2994047999382019,1.1447776115626211
UBFC_PHYS_s15_T1_test,167,150,172.0,-0.08201326429843903,1.4029477689819048
UBFC_PHYS_s15_T1_test,167,151,172.03333333333333,-0.3241193890571594,1.4908891765409686
UBFC_PHYS_s15_T1_test,167,152,172.06666666666666,-0.29227501153945923,1.42214892255423
UBFC_PHYS_s15_T1_test,167,153,172.1,-0.08438855409622192,1.2250261157703777
UBFC_PHYS_s15_T1_test,167,154,172.13333333333333,0.1312996745109558,0.9302551388026767
UBFC_PHYS_s15_T1_test,167,155,172.16666666666666,0.29706811904907227,0.5653355657626745
UBFC_PHYS_s15_T1_test,167,156,172.2,0.3837759792804718,0.15584158695888875
UBFC_PHYS_s15_T1_test,167,157,172.23333333333332,0.32464468479156494,-0.2707889593018805
UBFC_PHYS_s15_T1_test,167,158,172.26666666666668,0.13628199696540833,-0.6828303903959682
UBFC_PHYS_s15_T1_test,167,159,172.3,-0.05640644207596779,-1.043931122616561
UBFC_PHYS_s15_T1_test,167,160,172.33333333333334,-0.1992330253124237,-1.3145608431203215
UBFC_PHYS_s15_T1_test,167,161,172.36666666666667,-0.34632742404937744,-1.4558155617173498
UBFC_PHYS_s15_T1_test,167,162,172.4,-0.5220798254013062,-1.4364494343793432
UBFC_PHYS_s15_T1_test,167,163,172.43333333333334,-0.6579543352127075,-1.2424906267539868
UBFC_PHYS_s15_T1_test,167,164,172.46666666666667,-0.7023510932922363,-0.8861545611073224
UBFC_PHYS_s15_T1_test,167,165,172.5,-0.7103073596954346,-0.4094148386836284
UBFC_PHYS_s15_T1_test,167,166,172.53333333333333,-0.8013023138046265,0.1207641712871817
UBFC_PHYS_s15_T1_test,167,167,172.56666666666666,-1.0336562395095825,0.6251337419105256
UBFC_PHYS_s15_T1_test,167,168,172.6,-1.363455057144165,1.029435627940545
UBFC_PHYS_s15_T1_test,167,169,172.63333333333333,-1.6819182634353638,1.2811138514621367
UBFC_PHYS_s15_T1_test,167,170,172.66666666666666,-1.8378958702087402,1.359981209485413
UBFC_PHYS_s15_T1_test,167,171,172.7,-1.668071985244751,1.2790025056532854
UBFC_PHYS_s15_T1_test,167,172,172.73333333333332,-1.16412353515625,1.074993920222839
UBFC_PHYS_s15_T1_test,167,173,172.76666666666668,-0.5637343525886536,0.7931863070149602
UBFC_PHYS_s15_T1_test,167,174,172.8,-0.11561497300863266,0.47223375843035154
UBFC_PHYS_s15_T1_test,167,175,172.83333333333334,0.18264849483966827,0.13596911533875414
UBFC_PHYS_s15_T1_test,167,176,172.86666666666667,0.47894221544265747,-0.20510213056355187
UBFC_PHYS_s15_T1_test,167,177,172.9,0.8262757658958435,-0.5444490981010146
UBFC_PHYS_s15_T1_test,167,178,172.93333333333334,1.075623631477356,-0.8682037939753624
UBFC_PHYS_s15_T1_test,167,179,172.96666666666667,1.0697530508041382,-1.1485755356993859
UBFC_PHYS_s15_T1_test,167,180,173.0,0.9130029678344727,-1.3456420947819399
UBFC_PHYS_s15_T1_test,167,181,173.03333333333333,0.8289793729782104,-1.416706567666419
UBFC_PHYS_s15_T1_test,167,182,173.06666666666666,0.7684769630432129,-1.3293925253182708
UBFC_PHYS_s15_T1_test,167,183,173.1,0.5203263759613037,-1.073840883193303
UBFC_PHYS_s15_T1_test,167,184,173.13333333333333,0.03725350275635719,-0.6701087753021409
UBFC_PHYS_s15_T1_test,167,185,173.16666666666666,-0.5274290442466736,-0.16826323718462002
UBFC_PHYS_s15_T1_test,167,186,173.2,-0.9529927968978882,0.35975276610943696
UBFC_PHYS_s15_T1_test,167,187,173.23333333333332,-1.0598809719085693,0.8353213972683926
UBFC_PHYS_s15_T1_test,167,188,173.26666666666668,-0.8415085077285767,1.191561224537973
UBFC_PHYS_s15_T1_test,167,189,173.3,-0.5354625582695007,1.3887727666394145
UBFC_PHYS_s15_T1_test,167,190,173.33333333333334,-0.3743867874145508,1.4205943502156864
UBFC_PHYS_s15_T1_test,167,191,173.36666666666667,-0.33485648036003113,1.308377457567137
UBFC_PHYS_s15_T1_test,167,192,173.4,-0.24845761060714722,1.0880217941545425
UBFC_PHYS_s15_T1_test,167,193,173.43333333333334,-0.01704995520412922,0.7973458677542775
UBFC_PHYS_s15_T1_test,167,194,173.46666666666667,0.3594244122505188,0.46917598014291223
UBFC_PHYS_s15_T1_test,167,195,173.5,0.7241381406784058,0.12979129848425974
UBFC_PHYS_s15_T1_test,167,196,173.53333333333333,0.7259727120399475,-0.2001444509947628
UBFC_PHYS_s15_T1_test,167,197,173.56666666666666,0.24533307552337646,-0.504050566677466
UBFC_PHYS_s15_T1_test,167,198,173.6,-0.37098798155784607,-0.7673524765157123
UBFC_PHYS_s15_T1_test,167,199,173.63333333333333,-0.6492449045181274,-0.9745709712228856
UBFC_PHYS_s15_T1_test,167,200,173.66666666666666,-0.4633154571056366,-1.1068570011687686
UBFC_PHYS_s15_T1_test,167,201,173.7,-0.08241879940032959,-1.1425344495852845
UBFC_PHYS_s15_T1_test,167,202,173.73333333333332,0.18473412096500397,-1.0621364533928292
UBFC_PHYS_s15_T1_test,167,203,173.76666666666668,0.25172510743141174,-0.8567616537114556
UBFC_PHYS_s15_T1_test,167,204,173.8,0.1742287576198578,-0.5363541674882505
UBFC_PHYS_s15_T1_test,167,205,173.83333333333334,0.0418689101934433,-0.13388648250313334
UBFC_PHYS_s15_T1_test,167,206,173.86666666666667,-0.03624541684985161,0.29737466626187237
UBFC_PHYS_s15_T1_test,167,207,173.9,-0.04389270022511482,0.6937817851667487
UBFC_PHYS_s15_T1_test,167,208,173.93333333333334,-0.09860169887542725,0.9957355206378858
UBFC_PHYS_s15_T1_test,167,209,173.96666666666667,-0.27263540029525757,1.1618775676256146
UBFC_PHYS_s15_T1_test,167,210,174.0,-0.4846544563770294,1.1780039042006194
UBFC_PHYS_s15_T1_test,167,211,174.03333333333333,-0.5863093137741089,1.057424481753641
UBFC_PHYS_s15_T1_test,167,212,174.06666666666666,-0.4906023442745209,0.8328384204536916
UBFC_PHYS_s15_T1_test,167,213,174.1,-0.20668719708919525,0.5435614018183194
UBFC_PHYS_s15_T1_test,167,214,174.13333333333333,0.15837416052818298,0.2243122599177012
UBFC_PHYS_s15_T1_test,167,215,174.16666666666666,0.4642076790332794,-0.09945797269334239
UBFC_PHYS_s15_T1_test,167,216,174.2,0.6256504058837891,-0.40950804534422747
UBFC_PHYS_s15_T1_test,167,217,174.23333333333332,0.6358660459518433,-0.69014738850653
UBFC_PHYS_s15_T1_test,167,218,174.26666666666668,0.5514755845069885,-0.9253065035606207
UBFC_PHYS_s15_T1_test,167,219,174.3,0.4559037983417511,-1.0988365786529875
UBFC_PHYS_s15_T1_test,167,220,174.33333333333334,0.3917901813983917,-1.1968166337036537
UBFC_PHYS_s15_T1_test,167,221,174.36666666666667,0.3443615734577179,-1.2098360260664032
UBFC_PHYS_s15_T1_test,167,222,174.4,0.26570650935173035,-1.1342852529831386
UBFC_PHYS_s15_T1_test,167,223,174.43333333333334,0.12129640579223633,-0.9730320818398748
UBFC_PHYS_s15_T1_test,167,224,174.46666666666667,-0.07670264691114426,-0.7360311725755384
UBFC_PHYS_s15_T1_test,167,225,174.5,-0.30390042066574097,-0.4407020019686595
UBFC_PHYS_s15_T1_test,167,226,174.53333333333333,-0.5663027763366699,-0.11137990798117396
UBFC_PHYS_s15_T1_test,167,227,174.56666666666666,-0.8306941390037537,0.2226351041910293
UBFC_PHYS_s15_T1_test,167,228,174.6,-1.0133020877838135,0.5301026282803099
UBFC_PHYS_s15_T1_test,167,229,174.63333333333333,-1.117370843887329,0.7810401284877525
UBFC_PHYS_s15_T1_test,167,230,174.66666666666666,-1.247451901435852,0.9495820291251029
UBFC_PHYS_s15_T1_test,167,231,174.7,-1.3994899988174438,1.0172241357459226
UBFC_PHYS_s15_T1_test,167,232,174.73333333333332,-1.3829402923583984,0.9779603716311865
UBFC_PHYS_s15_T1_test,167,233,174.76666666666668,-1.06837797164917,0.8448044153026605
UBFC_PHYS_s15_T1_test,167,234,174.8,-0.5949607491493225,0.6527837955248169
UBFC_PHYS_s15_T1_test,167,235,174.83333333333334,-0.1793423593044281,0.45247193672915126
UBFC_PHYS_s15_T1_test,167,236,174.86666666666667,0.1088792234659195,0.29400291714846827
UBFC_PHYS_s15_T1_test,167,237,174.9,0.29675912857055664,0.20876001248880913
UBFC_PHYS_s15_T1_test,167,238,174.93333333333334,0.38379529118537903,0.19767400708504224
UBFC_PHYS_s15_T1_test,167,239,174.96666666666667,0.3847029209136963,0.23139492458861866
UBFC_PHYS_s15_T1_test,168,0,168.0,-0.43251389265060425,-0.08631303592771711
UBFC_PHYS_s15_T1_test,168,1,168.03333333333333,-0.638237476348877,0.5194614291402317
UBFC_PHYS_s15_T1_test,168,2,168.06666666666666,-0.8268125653266907,1.0017521662855622
UBFC_PHYS_s15_T1_test,168,3,168.1,-0.9562950730323792,1.2719966229656459
UBFC_PHYS_s15_T1_test,168,4,168.13333333333333,-1.0965532064437866,1.3000039599524285
UBFC_PHYS_s15_T1_test,168,5,168.16666666666666,-1.252859115600586,1.115909725398651
UBFC_PHYS_s15_T1_test,168,6,168.2,-1.2414461374282837,0.7917035663227989
UBFC_PHYS_s15_T1_test,168,7,168.23333333333332,-0.8806525468826294,0.41254458171938474
UBFC_PHYS_s15_T1_test,168,8,168.26666666666668,-0.2662240266799927,0.05031805435447058
UBFC_PHYS_s15_T1_test,168,9,168.3,0.2856357991695404,-0.2522500894200883
UBFC_PHYS_s15_T1_test,168,10,168.33333333333334,0.6243951320648193,-0.4841070409299643
UBFC_PHYS_s15_T1_test,168,11,168.36666666666667,0.8443125486373901,-0.6566955946690678
UBFC_PHYS_s15_T1_test,168,12,168.4,1.0161833763122559,-0.7879033622613981
UBFC_PHYS_s15_T1_test,168,13,168.43333333333334,1.0963833332061768,-0.8858103703213588
UBFC_PHYS_s15_T1_test,168,14,168.46666666666667,1.0833481550216675,-0.939228990546485
UBFC_PHYS_s15_T1_test,168,15,168.5,1.050885796546936,-0.91983330974936
UBFC_PHYS_s15_T1_test,168,16,168.53333333333333,1.0374258756637573,-0.795713186673127
UBFC_PHYS_s15_T1_test,168,17,168.56666666666666,1.0060642957687378,-0.5503384218467982
UBFC_PHYS_s15_T1_test,168,18,168.6,0.9187963604927063,-0.19731114400143263
UBFC_PHYS_s15_T1_test,168,19,168.63333333333333,0.7994716763496399,0.21713992165445475
UBFC_PHYS_s15_T1_test,168,20,168.66666666666666,0.6860948204994202,0.6252878088009461
UBFC_PHYS_s15_T1_test,168,21,168.7,0.5675426125526428,0.9571344266758165
UBFC_PHYS_s15_T1_test,168,22,168.73333333333332,0.4363028109073639,1.1597744697410282
UBFC_PHYS_s15_T1_test,168,23,168.76666666666668,0.2967398166656494,1.2104500649654353
UBFC_PHYS_s15_T1_test,168,24,168.8,0.12533247470855713,1.119685179202698
UBFC_PHYS_s15_T1_test,168,25,168.83333333333334,-0.015485736541450024,0.9239719858920332
UBFC_PHYS_s15_T1_test,168,26,168.86666666666667,0.018946362659335136,0.670689053740545
UBFC_PHYS_s15_T1_test,168,27,168.9,0.22990331053733826,0.4009245581156943
UBFC_PHYS_s15_T1_test,168,28,168.93333333333334,0.44881653785705566,0.13748705310650336
UBFC_PHYS_s15_T1_test,168,29,168.96666666666667,0.5555889010429382,-0.11652916393250624
UBFC_PHYS_s15_T1_test,168,30,169.0,0.5587366223335266,-0.368900882986688
UBFC_PHYS_s15_T1_test,168,31,169.03333333333333,0.5243431329727173,-0.6247906710671999
UBFC_PHYS_s15_T1_test,168,32,169.06666666666666,0.5292096138000488,-0.8754719964161819
UBFC_PHYS_s15_T1_test,168,33,169.1,0.6067059636116028,-1.0938115822751389
UBFC_PHYS_s15_T1_test,168,34,169.13333333333333,0.7387375235557556,-1.2378863185353053
UBFC_PHYS_s15_T1_test,168,35,169.16666666666666,0.874187171459198,-1.2616542708538054
UBFC_PHYS_s15_T1_test,168,36,169.2,0.9394787549972534,-1.1300457905876111
UBFC_PHYS_s15_T1_test,168,37,169.23333333333332,0.9030769467353821,-0.8343680355751308
UBFC_PHYS_s15_T1_test,168,38,169.26666666666668,0.8350431323051453,-0.40234700988877087
UBFC_PHYS_s15_T1_test,168,39,169.3,0.8123716115951538,0.10276835716787816
UBFC_PHYS_s15_T1_test,168,40,169.33333333333334,0.805052638053894,0.5962225830356488
UBFC_PHYS_s15_T1_test,168,41,169.36666666666667,0.7683610916137695,0.9951177359269732
UBFC_PHYS_s15_T1_test,168,42,169.4,0.7186923623085022,1.2418166412799245
UBFC_PHYS_s15_T1_test,168,43,169.43333333333334,0.6701436638832092,1.3171698302015953
UBFC_PHYS_s15_T1_test,168,44,169.46666666666667,0.6236034035682678,1.2387107277762692
UBFC_PHYS_s15_T1_test,168,45,169.5,0.615511953830719,1.0466955554839552
UBFC_PHYS_s15_T1_test,168,46,169.53333333333333,0.6680773496627808,0.7857780897570287
UBFC_PHYS_s15_T1_test,168,47,169.56666666666666,0.7032626271247864,0.49037276144500724
UBFC_PHYS_s15_T1_test,168,48,169.6,0.5575779676437378,0.17850414927955968
UBFC_PHYS_s15_T1_test,168,49,169.63333333333333,0.06116092577576637,-0.14518911784852304
UBFC_PHYS_s15_T1_test,168,50,169.66666666666666,-0.7839800715446472,-0.4795683585988025
UBFC_PHYS_s15_T1_test,168,51,169.7,-1.7393887042999268,-0.8144365841937332
UBFC_PHYS_s15_T1_test,168,52,169.73333333333332,-2.4940755367279053,-1.1209839084354167
UBFC_PHYS_s15_T1_test,168,53,169.76666666666668,-2.831695318222046,-1.3508065106241132
UBFC_PHYS_s15_T1_test,168,54,169.8,-2.7922229766845703,-1.446215906969713
UBFC_PHYS_s15_T1_test,168,55,169.83333333333334,-2.6336190700531006,-1.3594905330435267
UBFC_PHYS_s15_T1_test,168,56,169.86666666666667,-2.4423017501831055,-1.0736323217523265
UBFC_PHYS_s15_T1_test,168,57,169.9,-2.0357789993286133,-0.6152201809023983
UBFC_PHYS_s15_T1_test,168,58,169.93333333333334,-1.3640730381011963,-0.052859988995910316
UBFC_PHYS_s15_T1_test,168,59,169.96666666666667,-0.6315557360649109,0.5190695283746226
UBFC_PHYS_s15_T1_test,168,60,170.0,-3.6673642171081156e-05,1.0054778504758715
UBFC_PHYS_s15_T1_test,168,61,170.03333333333333,0.4561162292957306,1.335164172086182
UBFC_PHYS_s15_T1_test,168,62,170.06666666666666,0.7410935163497925,1.476406426448276
UBFC_PHYS_s15_T1_test,168,63,170.1,1.0886008739471436,1.438870814351044
UBFC_PHYS_s15_T1_test,168,64,170.13333333333333,1.7630876302719116,1.2623253567457284
UBFC_PHYS_s15_T1_test,168,65,170.16666666666666,2.632483720779419,0.9974773686801971
UBFC_PHYS_s15_T1_test,168,66,170.2,3.2616467475891113,0.6872598524270007
UBFC_PHYS_s15_T1_test,168,67,170.23333333333332,3.3720881938934326,0.3563432989127529
UBFC_PHYS_s15_T1_test,168,68,170.26666666666668,3.016141891479492,0.012269960895668664
UBFC_PHYS_s15_T1_test,168,69,170.3,2.430873394012451,-0.34414526197841994
UBFC_PHYS_s15_T1_test,168,70,170.33333333333334,1.8388845920562744,-0.7054566559810656
UBFC_PHYS_s15_T1_test,168,71,170.36666666666667,1.406156301498413,-1.048087036005062
UBFC_PHYS_s15_T1_test,168,72,170.4,1.1951414346694946,-1.3308811301850734
UBFC_PHYS_s15_T1_test,168,73,170.43333333333334,1.101230502128601,-1.5022508868476976
UBFC_PHYS_s15_T1_test,168,74,170.46666666666667,0.9939946532249451,-1.5137078567152886
UBFC_PHYS_s15_T1_test,168,75,170.5,0.8883810043334961,-1.3358878486335986
UBFC_PHYS_s15_T1_test,168,76,170.53333333333333,0.8506659865379333,-0.9720803187074943
UBFC_PHYS_s15_T1_test,168,77,170.56666666666666,0.86176997423172,-0.4641526129079688
UBFC_PHYS_s15_T1_test,168,78,170.6,0.8497969508171082,0.11268777421785878
UBFC_PHYS_s15_T1_test,168,79,170.63333333333333,0.6979326605796814,0.6663820619896667
UBFC_PHYS_s15_T1_test,168,80,170.66666666666666,0.30614444613456726,1.1112382301743455
UBFC_PHYS_s15_T1_test,168,81,170.7,-0.2789308726787567,1.3896062699611635
UBFC_PHYS_s15_T1_test,168,82,170.73333333333332,-0.8433817028999329,1.4832317974851006
UBFC_PHYS_s15_T1_test,168,83,170.76666666666668,-1.1454108953475952,1.4098375529180271
UBFC_PHYS_s15_T1_test,168,84,170.8,-1.129865288734436,1.2082248792155499
UBFC_PHYS_s15_T1_test,168,85,170.83333333333334,-0.9567198753356934,0.9207431423296523
UBFC_PHYS_s15_T1_test,168,86,170.86666666666667,-0.8024224042892456,0.5811581579263069
UBFC_PHYS_s15_T1_test,168,87,170.9,-0.7271661162376404,0.21107399729520332
UBFC_PHYS_s15_T1_test,168,88,170.93333333333334,-0.6708928942680359,-0.17630136784263922
UBFC_PHYS_s15_T1_test,168,89,170.96666666666667,-0.5408890843391418,-0.5682562538209165
UBFC_PHYS_s15_T1_test,168,90,171.0,-0.28738924860954285,-0.9439354732638494
UBFC_PHYS_s15_T1_test,168,91,171.03333333333333,0.06763022392988205,-1.2683242423733
UBFC_PHYS_s15_T1_test,168,92,171.06666666666666,0.33007118105888367,-1.4925895353039222
UBFC_PHYS_s15_T1_test,168,93,171.1,0.23876722157001495,-1.5634359621797824
UBFC_PHYS_s15_T1_test,168,94,171.13333333333333,-0.1909484714269638,-1.4402171749201103
UBFC_PHYS_s15_T1_test,168,95,171.16666666666666,-0.6757400631904602,-1.1136920611205054
UBFC_PHYS_s15_T1_test,168,96,171.2,-1.0655006170272827,-0.6177591636419387
UBFC_PHYS_s15_T1_test,168,97,171.23333333333332,-1.4182413816452026,-0.02721852511023789
UBFC_PHYS_s15_T1_test,168,98,171.26666666666668,-1.7746704816818237,0.5596373769458368
UBFC_PHYS_s15_T1_test,168,99,171.3,-2.1541380882263184,1.0477218556633232
UBFC_PHYS_s15_T1_test,168,100,171.33333333333334,-2.5827338695526123,1.3705435555519834
UBFC_PHYS_s15_T1_test,168,101,171.36666666666667,-2.930086612701416,1.5041397415258975
UBFC_PHYS_s15_T1_test,168,102,171.4,-2.904846668243408,1.4651039480906038
UBFC_PHYS_s15_T1_test,168,103,171.43333333333334,-2.364786148071289,1.295592037293419
UBFC_PHYS_s15_T1_test,168,104,171.46666666666667,-1.5533241033554077,1.0430401885895972
UBFC_PHYS_s15_T1_test,168,105,171.5,-0.8728121519088745,0.7433330209358024
UBFC_PHYS_s15_T1_test,168,106,171.53333333333333,-0.4965502619743347,0.413824198245476
UBFC_PHYS_s15_T1_test,168,107,171.56666666666666,-0.3117022216320038,0.05785480063889931
UBFC_PHYS_s15_T1_test,168,108,171.6,-0.2216341644525528,-0.3230039243156801
UBFC_PHYS_s15_T1_test,168,109,171.63333333333333,-0.2194713056087494,-0.715976902346033
UBFC_PHYS_s15_T1_test,168,110,171.66666666666666,-0.26556745171546936,-1.0896952325746092
UBFC_PHYS_s15_T1_test,168,111,171.7,-0.25158604979515076,-1.395474406644854
UBFC_PHYS_s15_T1_test,168,112,171.73333333333332,-0.10806424915790558,-1.576911039543586
UBFC_PHYS_s15_T1_test,168,113,171.76666666666668,0.14985786378383636,-1.5848684322058855
UBFC_PHYS_s15_T1_test,168,114,171.8,0.46610018610954285,-1.3933621610612354
UBFC_PHYS_s15_T1_test,168,115,171.83333333333334,0.7435460686683655,-1.0113718054059198
UBFC_PHYS_s15_T1_test,168,116,171.86666666666667,0.8706918358802795,-0.4862762632270901
UBFC_PHYS_s15_T1_test,168,117,171.9,0.8173539638519287,0.10345679286819426
UBFC_PHYS_s15_T1_test,168,118,171.93333333333334,0.6209191083908081,0.6655529131328664
UBFC_PHYS_s15_T1_test,168,119,171.96666666666667,0.2994047999382019,1.1165098277932874
UBFC_PHYS_s15_T1_test,168,120,172.0,-0.08201326429843903,1.4015870737924934
UBFC_PHYS_s15_T1_test,168,121,172.03333333333333,-0.3241193890571594,1.504365282875352
UBFC_PHYS_s15_T1_test,168,122,172.06666666666666,-0.29227501153945923,1.4425344925484327
UBFC_PHYS_s15_T1_test,168,123,172.1,-0.08438855409622192,1.2532101963821984
UBFC_PHYS_s15_T1_test,168,124,172.13333333333333,0.1312996745109558,0.9759184656156525
UBFC_PHYS_s15_T1_test,168,125,172.16666666666666,0.29706811904907227,0.6413975826922933
UBFC_PHYS_s15_T1_test,168,126,172.2,0.3837759792804718,0.2695705108668225
UBFC_PHYS_s15_T1_test,168,127,172.23333333333332,0.32464468479156494,-0.12534982664487818
UBFC_PHYS_s15_T1_test,168,128,172.26666666666668,0.13628199696540833,-0.5267948737235613
UBFC_PHYS_s15_T1_test,168,129,172.3,-0.05640644207596779,-0.9085939710251417
UBFC_PHYS_s15_T1_test,168,130,172.33333333333334,-0.1992330253124237,-1.2316829458427545
UBFC_PHYS_s15_T1_test,168,131,172.36666666666667,-0.34632742404937744,-1.4472475152397681
UBFC_PHYS_s15_T1_test,168,132,172.4,-0.5220798254013062,-1.5072024124170298
UBFC_PHYS_s15_T1_test,168,133,172.43333333333334,-0.6579543352127075,-1.3798592656122062
UBFC_PHYS_s15_T1_test,168,134,172.46666666666667,-0.7023510932922363,-1.0649931698271162
UBFC_PHYS_s15_T1_test,168,135,172.5,-0.7103073596954346,-0.6010305893206611
UBFC_PHYS_s15_T1_test,168,136,172.53333333333333,-0.8013023138046265,-0.0597134296844277
UBFC_PHYS_s15_T1_test,168,137,172.56666666666666,-1.0336562395095825,0.4709749830969735
UBFC_PHYS_s15_T1_test,168,138,172.6,-1.363455057144165,0.9096191270631144
UBFC_PHYS_s15_T1_test,168,139,172.63333333333333,-1.6819182634353638,1.2014331300302754
UBFC_PHYS_s15_T1_test,168,140,172.66666666666666,-1.8378958702087402,1.3284117786202843
UBFC_PHYS_s15_T1_test,168,141,172.7,-1.668071985244751,1.3066137926196888
UBFC_PHYS_s15_T1_test,168,142,172.73333333333332,-1.16412353515625,1.1727207657298324
UBFC_PHYS_s15_T1_test,168,143,172.76666666666668,-0.5637343525886536,0.9660643363627142
UBFC_PHYS_s15_T1_test,168,144,172.8,-0.11561497300863266,0.7138645477826334
UBFC_PHYS_s15_T1_test,168,145,172.83333333333334,0.18264849483966827,0.42582589789201053
UBFC_PHYS_s15_T1_test,168,146,172.86666666666667,0.47894221544265747,0.09995004933686635
UBFC_PHYS_s15_T1_test,168,147,172.9,0.8262757658958435,-0.2639147293946472
UBFC_PHYS_s15_T1_test,168,148,172.93333333333334,1.075623631477356,-0.6502467730337002
UBFC_PHYS_s15_T1_test,168,149,172.96666666666667,1.0697530508041382,-1.021348224468798
UBFC_PHYS_s15_T1_test,168,150,173.0,0.9130029678344727,-1.3216451018111934
UBFC_PHYS_s15_T1_test,168,151,173.03333333333333,0.8289793729782104,-1.4909666467088454
UBFC_PHYS_s15_T1_test,168,152,173.06666666666666,0.7684769630432129,-1.4818408121326512
UBFC_PHYS_s15_T1_test,168,153,173.1,0.5203263759613037,-1.2752142184808746
UBFC_PHYS_s15_T1_test,168,154,173.13333333333333,0.03725350275635719,-0.8897484820811865
UBFC_PHYS_s15_T1_test,168,155,173.16666666666666,-0.5274290442466736,-0.38134721032793534
UBFC_PHYS_s15_T1_test,168,156,173.2,-0.9529927968978882,0.16816917958082034
UBFC_PHYS_s15_T1_test,168,157,173.23333333333332,-1.0598809719085693,0.6710226269196087
UBFC_PHYS_s15_T1_test,168,158,173.26666666666668,-0.8415085077285767,1.0560088156374026
UBFC_PHYS_s15_T1_test,168,159,173.3,-0.5354625582695007,1.2851725201279252
UBFC_PHYS_s15_T1_test,168,160,173.33333333333334,-0.3743867874145508,1.3575249872210067
UBFC_PHYS_s15_T1_test,168,161,173.36666666666667,-0.33485648036003113,1.298517795573482
UBFC_PHYS_s15_T1_test,168,162,173.4,-0.24845761060714722,1.1419318802417249
UBFC_PHYS_s15_T1_test,168,163,173.43333333333334,-0.01704995520412922,0.9148278114224232
UBFC_PHYS_s15_T1_test,168,164,173.46666666666667,0.3594244122505188,0.6325228402562619
UBFC_PHYS_s15_T1_test,168,165,173.5,0.7241381406784058,0.3031498204469226
UBFC_PHYS_s15_T1_test,168,166,173.53333333333333,0.7259727120399475,-0.06360497108189256
UBFC_PHYS_s15_T1_test,168,167,173.56666666666666,0.24533307552337646,-0.4492454039283486
UBFC_PHYS_s15_T1_test,168,168,173.6,-0.37098798155784607,-0.8233751940884991
UBFC_PHYS_s15_T1_test,168,169,173.63333333333333,-0.6492449045181274,-1.1447547665173785
UBFC_PHYS_s15_T1_test,168,170,173.66666666666666,-0.4633154571056366,-1.3662516567702083
UBFC_PHYS_s15_T1_test,168,171,173.7,-0.08241879940032959,-1.443887968943067
UBFC_PHYS_s15_T1_test,168,172,173.73333333333332,0.18473412096500397,-1.34892389829647
UBFC_PHYS_s15_T1_test,168,173,173.76666666666668,0.25172510743141174,-1.0794826494033376
UBFC_PHYS_s15_T1_test,168,174,173.8,0.1742287576198578,-0.6667247757235464
UBFC_PHYS_s15_T1_test,168,175,173.83333333333334,0.0418689101934433,-0.1715551594401932
UBFC_PHYS_s15_T1_test,168,176,173.86666666666667,-0.03624541684985161,0.32859868962856614
UBFC_PHYS_s15_T1_test,168,177,173.9,-0.04389270022511482,0.7589634097616431
UBFC_PHYS_s15_T1_test,168,178,173.93333333333334,-0.09860169887542725,1.0656328635111958
UBFC_PHYS_s15_T1_test,168,179,173.96666666666667,-0.27263540029525757,1.2260779421148629
UBFC_PHYS_s15_T1_test,168,180,174.0,-0.4846544563770294,1.2485636567239906
UBFC_PHYS_s15_T1_test,168,181,174.03333333333333,-0.5863093137741089,1.1616958448717645
UBFC_PHYS_s15_T1_test,168,182,174.06666666666666,-0.4906023442745209,0.998978444529147
UBFC_PHYS_s15_T1_test,168,183,174.1,-0.20668719708919525,0.7851123780503059
UBFC_PHYS_s15_T1_test,168,184,174.13333333333333,0.15837416052818298,0.5303469556560735
UBFC_PHYS_s15_T1_test,168,185,174.16666666666666,0.4642076790332794,0.23547097731422464
UBFC_PHYS_s15_T1_test,168,186,174.2,0.6256504058837891,-0.09619678456060392
UBFC_PHYS_s15_T1_test,168,187,174.23333333333332,0.6358660459518433,-0.44775283310514524
UBFC_PHYS_s15_T1_test,168,188,174.26666666666668,0.5514755845069885,-0.7853177828822723
UBFC_PHYS_s15_T1_test,168,189,174.3,0.4559037983417511,-1.0638844119440358
UBFC_PHYS_s15_T1_test,168,190,174.33333333333334,0.3917901813983917,-1.2389171613694725
UBFC_PHYS_s15_T1_test,168,191,174.36666666666667,0.3443615734577179,-1.2782254494644654
UBFC_PHYS_s15_T1_test,168,192,174.4,0.26570650935173035,-1.1702013603839454
UBFC_PHYS_s15_T1_test,168,193,174.43333333333334,0.12129640579223633,-0.9271638751287727
UBFC_PHYS_s15_T1_test,168,194,174.46666666666667,-0.07670264691114426,-0.5837776571184685
UBFC_PHYS_s15_T1_test,168,195,174.5,-0.30390042066574097,-0.19058271902303306
UBFC_PHYS_s15_T1_test,168,196,174.53333333333333,-0.5663027763366699,0.19683443095213174
UBFC_PHYS_s15_T1_test,168,197,174.56666666666666,-0.8306941390037537,0.530719461111599
UBFC_PHYS_s15_T1_test,168,198,174.6,-1.0133020877838135,0.7814634270904531
UBFC_PHYS_s15_T1_test,168,199,174.63333333333333,-1.117370843887329,0.9404297325643856
UBFC_PHYS_s15_T1_test,168,200,174.66666666666666,-1.247451901435852,1.0137498990719909
UBFC_PHYS_s15_T1_test,168,201,174.7,-1.3994899988174438,1.0110289890403823
UBFC_PHYS_s15_T1_test,168,202,174.73333333333332,-1.3829402923583984,0.9367337148603432
UBFC_PHYS_s15_T1_test,168,203,174.76666666666668,-1.06837797164917,0.7902556325570651
UBFC_PHYS_s15_T1_test,168,204,174.8,-0.5949607491493225,0.573357532621961
UBFC_PHYS_s15_T1_test,168,205,174.83333333333334,-0.1793423593044281,0.2978217516915186
UBFC_PHYS_s15_T1_test,168,206,174.86666666666667,0.1088792234659195,-0.012612018286203421
UBFC_PHYS_s15_T1_test,168,207,174.9,0.29675912857055664,-0.32634849860771714
UBFC_PHYS_s15_T1_test,168,208,174.93333333333334,0.38379529118537903,-0.6104380613894149
UBFC_PHYS_s15_T1_test,168,209,174.96666666666667,0.3847029209136963,-0.8358092975260432
UBFC_PHYS_s15_T1_test,168,210,175.0,0.40694957971572876,-0.9802531820859808
UBFC_PHYS_s15_T1_test,168,211,175.03333333333333,0.5736643075942993,-1.0303174193407143
UBFC_PHYS_s15_T1_test,168,212,175.06666666666666,0.8742837309837341,-0.9827628648660237
UBFC_PHYS_s15_T1_test,168,213,175.1,1.1567891836166382,-0.8448023438293779
UBFC_PHYS_s15_T1_test,168,214,175.13333333333333,1.2088332176208496,-0.6324058115101214
UBFC_PHYS_s15_T1_test,168,215,175.16666666666666,0.9513359665870667,-0.3672461305321531
UBFC_PHYS_s15_T1_test,168,216,175.2,0.5189939141273499,-0.0737517446030104
UBFC_PHYS_s15_T1_test,168,217,175.23333333333332,0.04926514998078346,0.22283373988366667
UBFC_PHYS_s15_T1_test,168,218,175.26666666666668,-0.4558998942375183,0.4980752557971224
UBFC_PHYS_s15_T1_test,168,219,175.3,-1.0083197355270386,0.7307345936062483
UBFC_PHYS_s15_T1_test,168,220,175.33333333333334,-1.5207072496414185,0.9051816994812628
UBFC_PHYS_s15_T1_test,168,221,175.36666666666667,-1.814162254333496,1.0117251091370374
UBFC_PHYS_s15_T1_test,168,222,175.4,-1.7359126806259155,1.0443138904337737
UBFC_PHYS_s15_T1_test,168,223,175.43333333333334,-1.3332908153533936,0.9979350199989349
UBFC_PHYS_s15_T1_test,168,224,175.46666666666667,-0.8182576894760132,0.8690783308178284
UBFC_PHYS_s15_T1_test,168,225,175.5,-0.3847183287143707,0.6603927271606985
UBFC_PHYS_s15_T1_test,168,226,175.53333333333333,-0.12828320264816284,0.38646806652959487
UBFC_PHYS_s15_T1_test,168,227,175.56666666666666,-0.010966885834932327,0.07575023854040991
UBFC_PHYS_s15_T1_test,168,228,175.6,0.055522020906209946,-0.2336144072566507
UBFC_PHYS_s15_T1_test,168,229,175.63333333333333,0.10248716920614243,-0.5019190728449452
UBFC_PHYS_s15_T1_test,168,230,175.66666666666666,0.13707375526428223,-0.6963336128969896
UBFC_PHYS_s15_T1_test,168,231,175.7,0.22231397032737732,-0.7971614655777965
UBFC_PHYS_s15_T1_test,168,232,175.73333333333332,0.4273809790611267,-0.8013013421464512
UBFC_PHYS_s15_T1_test,168,233,175.76666666666668,0.7183447480201721,-0.7230605984163436
UBFC_PHYS_s15_T1_test,168,234,175.8,0.9182170033454895,-0.591833143985007
UBFC_PHYS_s15_T1_test,168,235,175.83333333333334,0.8677178621292114,-0.4456718604769813
UBFC_PHYS_s15_T1_test,168,236,175.86666666666667,0.5931880474090576,-0.3209732248333468
UBFC_PHYS_s15_T1_test,168,237,175.9,0.23726093769073486,-0.24096811389404216
UBFC_PHYS_s15_T1_test,168,238,175.93333333333334,-0.10369988530874252,-0.20772131675081326
UBFC_PHYS_s15_T1_test,168,239,175.96666666666667,-0.3359765410423279,-0.20187833856284074
