recording_id,measurement_id,sample_index,time_seconds,gt_signal,predicted_signal
UBFC_PHYS_s17_T3_ctrl,0,0,0.0,0.24007344245910645,0.07849390655517591
UBFC_PHYS_s17_T3_ctrl,0,1,0.03333333333333333,0.2467689961194992,0.12293634759520791
UBFC_PHYS_s17_T3_ctrl,0,2,0.06666666666666667,0.221461683511734,0.14897362051134722
UBFC_PHYS_s17_T3_ctrl,0,3,0.1,0.2121909260749817,0.14595947048077976
UBFC_PHYS_s17_T3_ctrl,0,4,0.13333333333333333,0.22404859960079193,0.1143115050720337
UBFC_PHYS_s17_T3_ctrl,0,5,0.16666666666666666,0.2067127376794815,0.06677348438388675
UBFC_PHYS_s17_T3_ctrl,0,6,0.2,0.1365147978067398,0.025276304174762076
UBFC_PHYS_s17_T3_ctrl,0,7,0.23333333333333334,0.0535929799079895,0.013915695086539767
UBFC_PHYS_s17_T3_ctrl,0,8,0.26666666666666666,-0.006819150410592556,0.05015800842313573
UBFC_PHYS_s17_T3_ctrl,0,9,0.3,-0.07481645047664642,0.13730752077517028
UBFC_PHYS_s17_T3_ctrl,0,10,0.3333333333333333,-0.19525443017482758,0.26103680898004306
UBFC_PHYS_s17_T3_ctrl,0,11,0.36666666666666664,-0.3621867001056671,0.3915538332802627
UBFC_PHYS_s17_T3_ctrl,0,12,0.4,-0.54042649269104,0.49121785272813545
UBFC_PHYS_s17_T3_ctrl,0,13,0.43333333333333335,-0.7051815390586853,0.5255069352064267
UBFC_PHYS_s17_T3_ctrl,0,14,0.4666666666666667,-0.8462914228439331,0.4737359814203368
UBFC_PHYS_s17_T3_ctrl,0,15,0.5,-0.9445825815200806,0.33571597216718585
UBFC_PHYS_s17_T3_ctrl,0,16,0.5333333333333333,-0.9351362586021423,0.13205971991938634
UBFC_PHYS_s17_T3_ctrl,0,17,0.5666666666666667,-0.7672558426856995,-0.10166501835194237
UBFC_PHYS_s17_T3_ctrl,0,18,0.6,-0.49330011010169983,-0.3245269700537744
UBFC_PHYS_s17_T3_ctrl,0,19,0.6333333333333333,-0.2221536934375763,-0.5002287380483565
UBFC_PHYS_s17_T3_ctrl,0,20,0.6666666666666666,-0.005976353771984577,-0.6047384623223991
UBFC_PHYS_s17_T3_ctrl,0,21,0.7,0.15589912235736847,-0.6300780171647384
UBFC_PHYS_s17_T3_ctrl,0,22,0.7333333333333333,0.2682837247848511,-0.5839423552546612
UBFC_PHYS_s17_T3_ctrl,0,23,0.7666666666666667,0.33837631344795227,-0.4857235685428434
UBFC_PHYS_s17_T3_ctrl,0,24,0.8,0.38359469175338745,-0.36030614513097514
UBFC_PHYS_s17_T3_ctrl,0,25,0.8333333333333334,0.4211576581001282,-0.23148151842143813
UBFC_PHYS_s17_T3_ctrl,0,26,0.8666666666666667,0.4534648656845093,-0.11675555785091671
UBFC_PHYS_s17_T3_ctrl,0,27,0.9,0.46186941862106323,-0.024780529021149977
UBFC_PHYS_s17_T3_ctrl,0,28,0.9333333333333333,0.431376576423645,0.04416472802224768
UBFC_PHYS_s17_T3_ctrl,0,29,0.9666666666666667,0.36756983399391174,0.09520269038139173
UBFC_PHYS_s17_T3_ctrl,0,30,1.0,0.27799928188323975,0.1348649970139376
UBFC_PHYS_s17_T3_ctrl,0,31,1.0333333333333334,0.17153768241405487,0.16782677476692684
UBFC_PHYS_s17_T3_ctrl,0,32,1.0666666666666667,0.08904896676540375,0.1954565203458391
UBFC_PHYS_s17_T3_ctrl,0,33,1.1,0.06010124459862709,0.21622195061692334
UBFC_PHYS_s17_T3_ctrl,0,34,1.1333333333333333,0.029994674026966095,0.227273434978623
UBFC_PHYS_s17_T3_ctrl,0,35,1.1666666666666667,-0.08229627460241318,0.22633732374213764
UBFC_PHYS_s17_T3_ctrl,0,36,1.2,-0.24256809055805206,0.21320995131202114
UBFC_PHYS_s17_T3_ctrl,0,37,1.2333333333333334,-0.3098747730255127,0.19037115598107027
UBFC_PHYS_s17_T3_ctrl,0,38,1.2666666666666666,-0.18983477354049683,0.16242579050459713
UBFC_PHYS_s17_T3_ctrl,0,39,1.3,0.06793222576379776,0.13446092583378455
UBFC_PHYS_s17_T3_ctrl,0,40,1.3333333333333333,0.34425246715545654,0.11003847784655295
UBFC_PHYS_s17_T3_ctrl,0,41,1.3666666666666667,0.5640116930007935,0.08989179176546182
UBFC_PHYS_s17_T3_ctrl,0,42,1.4,0.733214795589447,0.07200195705390935
UBFC_PHYS_s17_T3_ctrl,0,43,1.4333333333333333,0.8993042707443237,0.052882913404998205
UBFC_PHYS_s17_T3_ctrl,0,44,1.4666666666666666,1.0769822597503662,0.029233146819458513
UBFC_PHYS_s17_T3_ctrl,0,45,1.5,1.2142058610916138,-0.0009482879546583835
UBFC_PHYS_s17_T3_ctrl,0,46,1.5333333333333334,1.2376402616500854,-0.03811522621699115
UBFC_PHYS_s17_T3_ctrl,0,47,1.5666666666666667,1.1389394998550415,-0.08140512615299363
UBFC_PHYS_s17_T3_ctrl,0,48,1.6,0.9836307764053345,-0.1286493525935566
UBFC_PHYS_s17_T3_ctrl,0,49,1.6333333333333333,0.8605824708938599,-0.1758454785849461
UBFC_PHYS_s17_T3_ctrl,0,50,1.6666666666666667,0.8046301007270813,-0.216593244922917
UBFC_PHYS_s17_T3_ctrl,0,51,1.7,0.7965298891067505,-0.24249398644141787
UBFC_PHYS_s17_T3_ctrl,0,52,1.7333333333333334,0.8245880007743835,-0.24512341066144425
UBFC_PHYS_s17_T3_ctrl,0,53,1.7666666666666666,0.880669116973877,-0.21917454203783351
UBFC_PHYS_s17_T3_ctrl,0,54,1.8,0.9185247421264648,-0.16543443004270314
UBFC_PHYS_s17_T3_ctrl,0,55,1.8333333333333333,0.8869783878326416,-0.0919863028882799
UBFC_PHYS_s17_T3_ctrl,0,56,1.8666666666666667,0.757445216178894,-0.012654026051127433
UBFC_PHYS_s17_T3_ctrl,0,57,1.9,0.524728000164032,0.056997300409058996
UBFC_PHYS_s17_T3_ctrl,0,58,1.9333333333333333,0.2647135257720947,0.10447655106728412
UBFC_PHYS_s17_T3_ctrl,0,59,1.9666666666666666,0.12987777590751648,0.12393605629701701
UBFC_PHYS_s17_T3_ctrl,0,60,2.0,0.19038355350494385,0.11724789679708668
UBFC_PHYS_s17_T3_ctrl,0,61,2.033333333333333,0.35179081559181213,0.09264506017218846
UBFC_PHYS_s17_T3_ctrl,0,62,2.066666666666667,0.47739091515541077,0.06182614373803413
UBFC_PHYS_s17_T3_ctrl,0,63,2.1,0.5012350678443909,0.03661360257147599
UBFC_PHYS_s17_T3_ctrl,0,64,2.1333333333333333,0.408199667930603,0.02606796237234224
UBFC_PHYS_s17_T3_ctrl,0,65,2.1666666666666665,0.22462217509746552,0.03463217001161734
UBFC_PHYS_s17_T3_ctrl,0,66,2.2,0.009217396378517151,0.06154300601832224
UBFC_PHYS_s17_T3_ctrl,0,67,2.2333333333333334,-0.17479319870471954,0.10142670114228146
UBFC_PHYS_s17_T3_ctrl,0,68,2.2666666666666666,-0.2597634792327881,0.1457340363886008
UBFC_PHYS_s17_T3_ctrl,0,69,2.3,-0.19249193370342255,0.1846322469234233
UBFC_PHYS_s17_T3_ctrl,0,70,2.3333333333333335,0.011172216385602951,0.20914464283097284
UBFC_PHYS_s17_T3_ctrl,0,71,2.3666666666666667,0.26943084597587585,0.2132893928778488
UBFC_PHYS_s17_T3_ctrl,0,72,2.4,0.47686418890953064,0.1955418229334157
UBFC_PHYS_s17_T3_ctrl,0,73,2.433333333333333,0.5599615573883057,0.15875565892429028
UBFC_PHYS_s17_T3_ctrl,0,74,2.466666666666667,0.5027450323104858,0.10828428623545831
UBFC_PHYS_s17_T3_ctrl,0,75,2.5,0.3375217914581299,0.04906930595100948
UBFC_PHYS_s17_T3_ctrl,0,76,2.533333333333333,0.10823429375886917,-0.016841480706968177
UBFC_PHYS_s17_T3_ctrl,0,77,2.566666666666667,-0.1452367901802063,-0.0909426077165398
UBFC_PHYS_s17_T3_ctrl,0,78,2.6,-0.3695143461227417,-0.17648465423928553
UBFC_PHYS_s17_T3_ctrl,0,79,2.6333333333333333,-0.525033712387085,-0.2748050205417699
UBFC_PHYS_s17_T3_ctrl,0,80,2.6666666666666665,-0.6235589981079102,-0.3812944623204634
UBFC_PHYS_s17_T3_ctrl,0,81,2.7,-0.6380504369735718,-0.4828985863422152
UBFC_PHYS_s17_T3_ctrl,0,82,2.7333333333333334,-0.4766431450843811,-0.5586890834494063
UBFC_PHYS_s17_T3_ctrl,0,83,2.7666666666666666,-0.16683346033096313,-0.5840565019476133
UBFC_PHYS_s17_T3_ctrl,0,84,2.8,0.09599032998085022,-0.5377876277761379
UBFC_PHYS_s17_T3_ctrl,0,85,2.8333333333333335,0.1790292114019394,-0.4100681609883988
UBFC_PHYS_s17_T3_ctrl,0,86,2.8666666666666667,0.06653927266597748,-0.20870184012786291
UBFC_PHYS_s17_T3_ctrl,0,87,2.9,-0.22121724486351013,0.0390532503164094
UBFC_PHYS_s17_T3_ctrl,0,88,2.933333333333333,-0.5782118439674377,0.2905072345944698
UBFC_PHYS_s17_T3_ctrl,0,89,2.966666666666667,-0.7919310331344604,0.49702692128297743
UBFC_PHYS_s17_T3_ctrl,0,90,3.0,-0.7626789808273315,0.6165929349701983
UBFC_PHYS_s17_T3_ctrl,0,91,3.033333333333333,-0.663556694984436,0.6256632637408646
UBFC_PHYS_s17_T3_ctrl,0,92,3.066666666666667,-0.6515585780143738,0.5264671742371108
UBFC_PHYS_s17_T3_ctrl,0,93,3.1,-0.5835495591163635,0.3471201591872071
UBFC_PHYS_s17_T3_ctrl,0,94,3.1333333333333333,-0.30338990688323975,0.13423170507411683
UBFC_PHYS_s17_T3_ctrl,0,95,3.1666666666666665,0.06577841192483902,-0.05980050250349599
UBFC_PHYS_s17_T3_ctrl,0,96,3.2,0.2998066544532776,-0.19079423630842504
UBFC_PHYS_s17_T3_ctrl,0,97,3.2333333333333334,0.3096860945224762,-0.23375025803588756
UBFC_PHYS_s17_T3_ctrl,0,98,3.2666666666666666,0.14090436697006226,-0.1877918358712454
UBFC_PHYS_s17_T3_ctrl,0,99,3.3,-0.015855802223086357,-0.07425276529723428
UBFC_PHYS_s17_T3_ctrl,0,100,3.3333333333333335,0.09498365968465805,0.07092469984175295
UBFC_PHYS_s17_T3_ctrl,0,101,3.3666666666666667,0.5330974459648132,0.20789754851873202
UBFC_PHYS_s17_T3_ctrl,0,102,3.4,1.0093361139297485,0.30342427539447187
UBFC_PHYS_s17_T3_ctrl,0,103,3.433333333333333,1.1911343336105347,0.3381652125525189
UBFC_PHYS_s17_T3_ctrl,0,104,3.466666666666667,1.1316118240356445,0.3091870286321705
UBFC_PHYS_s17_T3_ctrl,0,105,3.5,1.088313102722168,0.22784270390079098
UBFC_PHYS_s17_T3_ctrl,0,106,3.533333333333333,1.048455834388733,0.1144806288488374
UBFC_PHYS_s17_T3_ctrl,0,107,3.566666666666667,0.8502582311630249,-0.008060230263143824
UBFC_PHYS_s17_T3_ctrl,0,108,3.6,0.5280640721321106,-0.12034778182638457
UBFC_PHYS_s17_T3_ctrl,0,109,3.6333333333333333,0.24366703629493713,-0.21028143396635668
UBFC_PHYS_s17_T3_ctrl,0,110,3.6666666666666665,0.07215791940689087,-0.2742336682912981
UBFC_PHYS_s17_T3_ctrl,0,111,3.7,-0.11267206817865372,-0.31531192156963106
UBFC_PHYS_s17_T3_ctrl,0,112,3.7333333333333334,-0.37472328543663025,-0.3395317368457308
UBFC_PHYS_s17_T3_ctrl,0,113,3.7666666666666666,-0.4062345325946808,-0.3514047418599383
UBFC_PHYS_s17_T3_ctrl,0,114,3.8,-0.05683678761124611,-0.35062533437320054
UBFC_PHYS_s17_T3_ctrl,0,115,3.8333333333333335,0.23082609474658966,-0.33120476826455897
UBFC_PHYS_s17_T3_ctrl,0,116,3.8666666666666667,0.09051215648651123,-0.2837016000252925
UBFC_PHYS_s17_T3_ctrl,0,117,3.9,-0.3927614688873291,-0.20016839164016068
UBFC_PHYS_s17_T3_ctrl,0,118,3.933333333333333,-0.922307014465332,-0.0801983892763503
UBFC_PHYS_s17_T3_ctrl,0,119,3.966666666666667,-1.127410888671875,0.06458470201037092
UBFC_PHYS_s17_T3_ctrl,0,120,4.0,-0.9645990133285522,0.210445101991436
UBFC_PHYS_s17_T3_ctrl,0,121,4.033333333333333,-1.0045381784439087,0.32735415388513645
UBFC_PHYS_s17_T3_ctrl,0,122,4.066666666666666,-1.523092269897461,0.3893423453122024
UBFC_PHYS_s17_T3_ctrl,0,123,4.1,-2.0358989238739014,0.3850470520435663
UBFC_PHYS_s17_T3_ctrl,0,124,4.133333333333334,-2.180286407470703,0.32298139531139414
UBFC_PHYS_s17_T3_ctrl,0,125,4.166666666666667,-2.149606227874756,0.22814825613725548
UBFC_PHYS_s17_T3_ctrl,0,126,4.2,-2.1569454669952393,0.13138235894407194
UBFC_PHYS_s17_T3_ctrl,0,127,4.233333333333333,-2.181972026824951,0.056911799520034764
UBFC_PHYS_s17_T3_ctrl,0,128,4.266666666666667,-2.1920034885406494,0.014107764663917865
UBFC_PHYS_s17_T3_ctrl,0,129,4.3,-2.1858112812042236,-0.003449836760943034
UBFC_PHYS_s17_T3_ctrl,0,130,4.333333333333333,-2.1320478916168213,-0.012356226850511888
UBFC_PHYS_s17_T3_ctrl,0,131,4.366666666666666,-2.0385091304779053,-0.030711018197130832
UBFC_PHYS_s17_T3_ctrl,0,132,4.4,-1.9604685306549072,-0.07032734565850694
UBFC_PHYS_s17_T3_ctrl,0,133,4.433333333333334,-1.8657827377319336,-0.132438859039547
UBFC_PHYS_s17_T3_ctrl,0,134,4.466666666666667,-1.6255505084991455,-0.20768739101793074
UBFC_PHYS_s17_T3_ctrl,0,135,4.5,-1.2205984592437744,-0.279617655163327
UBFC_PHYS_s17_T3_ctrl,0,136,4.533333333333333,-0.8059542179107666,-0.3299793011682387
UBFC_PHYS_s17_T3_ctrl,0,137,4.566666666666666,-0.4930308759212494,-0.3439521834801256
UBFC_PHYS_s17_T3_ctrl,0,138,4.6,-0.2695727050304413,-0.31385221662298424
UBFC_PHYS_s17_T3_ctrl,0,139,4.633333333333334,-0.11342121660709381,-0.24065018783572423
UBFC_PHYS_s17_T3_ctrl,0,140,4.666666666666667,-0.006268991623073816,-0.1334123851260121
UBFC_PHYS_s17_T3_ctrl,0,141,4.7,0.09321612864732742,-0.007294983620887541
UBFC_PHYS_s17_T3_ctrl,0,142,4.733333333333333,0.18366459012031555,0.1191320010214256
UBFC_PHYS_s17_T3_ctrl,0,143,4.766666666666667,0.22002190351486206,0.22667796740409368
UBFC_PHYS_s17_T3_ctrl,0,144,4.8,0.21482466161251068,0.29829323489756365
UBFC_PHYS_s17_T3_ctrl,0,145,4.833333333333333,0.21303372085094452,0.3218952403334852
UBFC_PHYS_s17_T3_ctrl,0,146,4.866666666666666,0.19261930882930756,0.29319027488258687
UBFC_PHYS_s17_T3_ctrl,0,147,4.9,0.12292470782995224,0.21789341486301878
UBFC_PHYS_s17_T3_ctrl,0,148,4.933333333333334,0.060323648154735565,0.11222901409926118
UBFC_PHYS_s17_T3_ctrl,0,149,4.966666666666667,0.06576670706272125,0.0006613430767179588
UBFC_PHYS_s17_T3_ctrl,0,150,5.0,0.09504218399524689,-0.08928371509253866
UBFC_PHYS_s17_T3_ctrl,0,151,5.033333333333333,0.0700509250164032,-0.13398252024989823
UBFC_PHYS_s17_T3_ctrl,0,152,5.066666666666666,0.03145786374807358,-0.12045226600342894
UBFC_PHYS_s17_T3_ctrl,0,153,5.1,0.12036120146512985,-0.050696452002672254
UBFC_PHYS_s17_T3_ctrl,0,154,5.133333333333334,0.4050742983818054,0.05793877866429717
UBFC_PHYS_s17_T3_ctrl,0,155,5.166666666666667,0.7492630481719971,0.1769336373882636
UBFC_PHYS_s17_T3_ctrl,0,156,5.2,0.91129070520401,0.27453906748842566
UBFC_PHYS_s17_T3_ctrl,0,157,5.233333333333333,0.7565087676048279,0.3253448511679101
UBFC_PHYS_s17_T3_ctrl,0,158,5.266666666666667,0.3354499340057373,0.31818210370617617
UBFC_PHYS_s17_T3_ctrl,0,159,5.3,-0.16871803998947144,0.2591300528153291
UBFC_PHYS_s17_T3_ctrl,0,160,5.333333333333333,-0.5813021063804626,0.1681851759988642
UBFC_PHYS_s17_T3_ctrl,0,161,5.366666666666666,-0.8465957641601562,0.07091744770173394
UBFC_PHYS_s17_T3_ctrl,0,162,5.4,-0.9998559951782227,-0.011261545381858489
UBFC_PHYS_s17_T3_ctrl,0,163,5.433333333333334,-1.1027942895889282,-0.06805225523032324
UBFC_PHYS_s17_T3_ctrl,0,164,5.466666666666667,-1.2360029220581055,-0.10185933085355386
UBFC_PHYS_s17_T3_ctrl,0,165,5.5,-1.4595664739608765,-0.12410788993579423
UBFC_PHYS_s17_T3_ctrl,0,166,5.533333333333333,-1.761568546295166,-0.1486018815423764
UBFC_PHYS_s17_T3_ctrl,0,167,5.566666666666666,-2.0857994556427,-0.18508643607312691
UBFC_PHYS_s17_T3_ctrl,0,168,5.6,-2.365888833999634,-0.23548711503517106
UBFC_PHYS_s17_T3_ctrl,0,169,5.633333333333334,-2.5308077335357666,-0.29370287851857657
UBFC_PHYS_s17_T3_ctrl,0,170,5.666666666666667,-2.565737009048462,-0.34825116598166456
UBFC_PHYS_s17_T3_ctrl,0,171,5.7,-2.522017002105713,-0.38620216739415747
UBFC_PHYS_s17_T3_ctrl,0,172,5.733333333333333,-2.4149818420410156,-0.3968902036226874
UBFC_PHYS_s17_T3_ctrl,0,173,5.766666666666667,-2.1247787475585938,-0.37445547612272734
UBFC_PHYS_s17_T3_ctrl,0,174,5.8,-1.532362937927246,-0.3188553065330127
UBFC_PHYS_s17_T3_ctrl,0,175,5.833333333333333,-0.7702290415763855,-0.23548723736448116
UBFC_PHYS_s17_T3_ctrl,0,176,5.866666666666666,-0.09877762943506241,-0.13396418293911086
UBFC_PHYS_s17_T3_ctrl,0,177,5.9,0.3855963349342346,-0.02658483532847373
UBFC_PHYS_s17_T3_ctrl,0,178,5.933333333333334,0.7187116742134094,0.07341466378410164
UBFC_PHYS_s17_T3_ctrl,0,179,5.966666666666667,0.8913679718971252,0.15408586584233985
UBFC_PHYS_s17_T3_ctrl,0,180,6.0,0.9250212907791138,0.20743381787957235
UBFC_PHYS_s17_T3_ctrl,0,181,6.033333333333333,0.9483386874198914,0.23174982229465504
UBFC_PHYS_s17_T3_ctrl,0,182,6.066666666666666,1.0240850448608398,0.23232656497028642
UBFC_PHYS_s17_T3_ctrl,0,183,6.1,1.0897177457809448,0.21967947371579308
UBFC_PHYS_s17_T3_ctrl,0,184,6.133333333333334,1.1111271381378174,0.20574197378271344
UBFC_PHYS_s17_T3_ctrl,0,185,6.166666666666667,1.1331452131271362,0.1996794044394101
UBFC_PHYS_s17_T3_ctrl,0,186,6.2,1.1790542602539062,0.20499384172922927
UBFC_PHYS_s17_T3_ctrl,0,187,6.233333333333333,1.2044317722320557,0.21879990600768745
UBFC_PHYS_s17_T3_ctrl,0,188,6.266666666666667,1.1683788299560547,0.23332110909766754
UBFC_PHYS_s17_T3_ctrl,0,189,6.3,1.099445104598999,0.2390118440032786
UBFC_PHYS_s17_T3_ctrl,0,190,6.333333333333333,1.039910912513733,0.22821378201513204
UBFC_PHYS_s17_T3_ctrl,0,191,6.366666666666666,0.9712229371070862,0.19802170483391418
UBFC_PHYS_s17_T3_ctrl,0,192,6.4,0.835579514503479,0.1512500491342384
UBFC_PHYS_s17_T3_ctrl,0,193,6.433333333333334,0.5758459568023682,0.09516733239107014
UBFC_PHYS_s17_T3_ctrl,0,194,6.466666666666667,0.20652545988559723,0.03874429923265108
UBFC_PHYS_s17_T3_ctrl,0,195,6.5,-0.0856323391199112,-0.010237851721545286
UBFC_PHYS_s17_T3_ctrl,0,196,6.533333333333333,-0.06546375155448914,-0.04721655671488349
UBFC_PHYS_s17_T3_ctrl,0,197,6.566666666666666,0.20345860719680786,-0.07172637612000186
UBFC_PHYS_s17_T3_ctrl,0,198,6.6,0.4587089419364929,-0.08718040129802003
UBFC_PHYS_s17_T3_ctrl,0,199,6.633333333333334,0.5689631104469299,-0.0995773184509128
UBFC_PHYS_s17_T3_ctrl,0,200,6.666666666666667,0.5969159007072449,-0.11518572985748668
UBFC_PHYS_s17_T3_ctrl,0,201,6.7,0.5783860683441162,-0.13770403117965652
UBFC_PHYS_s17_T3_ctrl,0,202,6.733333333333333,0.45909520983695984,-0.16610774955230348
UBFC_PHYS_s17_T3_ctrl,0,203,6.766666666666667,0.30081331729888916,-0.19450856497281324
UBFC_PHYS_s17_T3_ctrl,0,204,6.8,0.30152735114097595,-0.21434572371667843
UBFC_PHYS_s17_T3_ctrl,0,205,6.833333333333333,0.47430068254470825,-0.21790147947511226
UBFC_PHYS_s17_T3_ctrl,0,206,6.866666666666666,0.6414670348167419,-0.20152089428162775
UBFC_PHYS_s17_T3_ctrl,0,207,6.9,0.7153053879737854,-0.1671682341833578
UBFC_PHYS_s17_T3_ctrl,0,208,6.933333333333334,0.7345141172409058,-0.12171051200275633
UBFC_PHYS_s17_T3_ctrl,0,209,6.966666666666667,0.7101900577545166,-0.07428972352452912
UBFC_PHYS_s17_T3_ctrl,0,210,7.0,0.6256529092788696,-0.032999832186223495
UBFC_PHYS_s17_T3_ctrl,0,211,7.033333333333333,0.5067015290260315,-0.002353416701505648
UBFC_PHYS_s17_T3_ctrl,0,212,7.066666666666666,0.3976530134677887,0.017507950261462107
UBFC_PHYS_s17_T3_ctrl,0,213,7.1,0.3007547855377197,0.029869026958265037
UBFC_PHYS_s17_T3_ctrl,0,214,7.133333333333334,0.16572004556655884,0.039558576734931704
UBFC_PHYS_s17_T3_ctrl,0,215,7.166666666666667,-0.06368451565504074,0.05110432982786057
UBFC_PHYS_s17_T3_ctrl,0,216,7.2,-0.37348249554634094,0.06746800380772909
UBFC_PHYS_s17_T3_ctrl,0,217,7.233333333333333,-0.633777916431427,0.08938261493551868
UBFC_PHYS_s17_T3_ctrl,0,218,7.266666666666667,-0.650259256362915,0.11516774696158663
UBFC_PHYS_s17_T3_ctrl,0,219,7.3,-0.3512888550758362,0.1409886179348888
UBFC_PHYS_s17_T3_ctrl,0,220,7.333333333333333,0.10569419711828232,0.16154407783439304
UBFC_PHYS_s17_T3_ctrl,0,221,7.366666666666666,0.5165692567825317,0.17113387116912435
UBFC_PHYS_s17_T3_ctrl,0,222,7.4,0.8173540234565735,0.16505043435640596
UBFC_PHYS_s17_T3_ctrl,0,223,7.433333333333334,1.0285214185714722,0.14112855300504337
UBFC_PHYS_s17_T3_ctrl,0,224,7.466666666666667,1.13168203830719,0.10099667742274454
UBFC_PHYS_s17_T3_ctrl,0,225,7.5,1.1343157291412354,0.050363674376841035
UBFC_PHYS_s17_T3_ctrl,0,226,7.533333333333333,1.1425681114196777,-0.002141252583034
UBFC_PHYS_s17_T3_ctrl,0,227,7.566666666666666,1.2267425060272217,-0.04741934457770865
UBFC_PHYS_s17_T3_ctrl,0,228,7.6,1.3218380212783813,-0.07869687154756269
UBFC_PHYS_s17_T3_ctrl,0,229,7.633333333333334,1.345272421836853,-0.09340334571285187
UBFC_PHYS_s17_T3_ctrl,0,230,7.666666666666667,1.2997145652770996,-0.09338732137854852
UBFC_PHYS_s17_T3_ctrl,0,231,7.7,1.2147676944732666,-0.08362202308525522
UBFC_PHYS_s17_T3_ctrl,0,232,7.733333333333333,1.0744421482086182,-0.0701625765985396
UBFC_PHYS_s17_T3_ctrl,0,233,7.766666666666667,0.8576443791389465,-0.05817686070924921
UBFC_PHYS_s17_T3_ctrl,0,234,7.8,0.6082351207733154,-0.05055339628683893
UBFC_PHYS_s17_T3_ctrl,0,235,7.833333333333333,0.39283034205436707,-0.04734389971712802
UBFC_PHYS_s17_T3_ctrl,0,236,7.866666666666666,0.2171657532453537,-0.0462968110489357
UBFC_PHYS_s17_T3_ctrl,0,237,7.9,0.03724038600921631,-0.044455272227536494
UBFC_PHYS_s17_T3_ctrl,0,238,7.933333333333334,-0.17941688001155853,-0.03999972650355754
UBFC_PHYS_s17_T3_ctrl,0,239,7.966666666666667,-0.4177761673927307,-0.03314713236050095
UBFC_PHYS_s17_T3_ctrl,1,0,1.0,0.27799928188323975,-0.014010528634067022
UBFC_PHYS_s17_T3_ctrl,1,1,1.0333333333333334,0.17153768241405487,0.2290422238138714
UBFC_PHYS_s17_T3_ctrl,1,2,1.0666666666666667,0.08904896676540375,0.44654267112057094
UBFC_PHYS_s17_T3_ctrl,1,3,1.1,0.06010124459862709,0.6163672544374208
UBFC_PHYS_s17_T3_ctrl,1,4,1.1333333333333333,0.029994674026966095,0.7230664700722698
UBFC_PHYS_s17_T3_ctrl,1,5,1.1666666666666667,-0.08229627460241318,0.7605319122732924
UBFC_PHYS_s17_T3_ctrl,1,6,1.2,-0.24256809055805206,0.7327936238478726
UBFC_PHYS_s17_T3_ctrl,1,7,1.2333333333333334,-0.3098747730255127,0.6526106136435862
UBFC_PHYS_s17_T3_ctrl,1,8,1.2666666666666666,-0.18983477354049683,0.5381635267092767
UBFC_PHYS_s17_T3_ctrl,1,9,1.3,0.06793222576379776,0.40863845350389416
UBFC_PHYS_s17_T3_ctrl,1,10,1.3333333333333333,0.34425246715545654,0.2800740663780418
UBFC_PHYS_s17_T3_ctrl,1,11,1.3666666666666667,0.5640116930007935,0.16294309301952045
UBFC_PHYS_s17_T3_ctrl,1,12,1.4,0.733214795589447,0.062087648097114714
UBFC_PHYS_s17_T3_ctrl,1,13,1.4333333333333333,0.8993042707443237,-0.021547001045662185
UBFC_PHYS_s17_T3_ctrl,1,14,1.4666666666666666,1.0769822597503662,-0.08857720983443557
UBFC_PHYS_s17_T3_ctrl,1,15,1.5,1.2142058610916138,-0.13941049784968276
UBFC_PHYS_s17_T3_ctrl,1,16,1.5333333333333334,1.2376402616500854,-0.1737437220950714
UBFC_PHYS_s17_T3_ctrl,1,17,1.5666666666666667,1.1389394998550415,-0.19129508165466164
UBFC_PHYS_s17_T3_ctrl,1,18,1.6,0.9836307764053345,-0.19298563556824314
UBFC_PHYS_s17_T3_ctrl,1,19,1.6333333333333333,0.8605824708938599,-0.18157031289328818
UBFC_PHYS_s17_T3_ctrl,1,20,1.6666666666666667,0.8046301007270813,-0.1612785441613489
UBFC_PHYS_s17_T3_ctrl,1,21,1.7,0.7965298891067505,-0.13682027944480873
UBFC_PHYS_s17_T3_ctrl,1,22,1.7333333333333334,0.8245880007743835,-0.11245532050505026
UBFC_PHYS_s17_T3_ctrl,1,23,1.7666666666666666,0.880669116973877,-0.09156149097568948
UBFC_PHYS_s17_T3_ctrl,1,24,1.8,0.9185247421264648,-0.0765776959543129
UBFC_PHYS_s17_T3_ctrl,1,25,1.8333333333333333,0.8869783878326416,-0.06885065663881061
UBFC_PHYS_s17_T3_ctrl,1,26,1.8666666666666667,0.757445216178894,-0.06810129576399401
UBFC_PHYS_s17_T3_ctrl,1,27,1.9,0.524728000164032,-0.07177170141916875
UBFC_PHYS_s17_T3_ctrl,1,28,1.9333333333333333,0.2647135257720947,-0.07494447057746682
UBFC_PHYS_s17_T3_ctrl,1,29,1.9666666666666666,0.12987777590751648,-0.07139824975109667
UBFC_PHYS_s17_T3_ctrl,1,30,2.0,0.19038355350494385,-0.05563932967047312
UBFC_PHYS_s17_T3_ctrl,1,31,2.033333333333333,0.35179081559181213,-0.025024847372941382
UBFC_PHYS_s17_T3_ctrl,1,32,2.066666666666667,0.47739091515541077,0.01902711694786072
UBFC_PHYS_s17_T3_ctrl,1,33,2.1,0.5012350678443909,0.0712779942804192
UBFC_PHYS_s17_T3_ctrl,1,34,2.1333333333333333,0.408199667930603,0.12421395114410247
UBFC_PHYS_s17_T3_ctrl,1,35,2.1666666666666665,0.22462217509746552,0.17018887931754031
UBFC_PHYS_s17_T3_ctrl,1,36,2.2,0.009217396378517151,0.20325422004894658
UBFC_PHYS_s17_T3_ctrl,1,37,2.2333333333333334,-0.17479319870471954,0.22002280925877213
UBFC_PHYS_s17_T3_ctrl,1,38,2.2666666666666666,-0.2597634792327881,0.21950401057784802
UBFC_PHYS_s17_T3_ctrl,1,39,2.3,-0.19249193370342255,0.20237271491496137
UBFC_PHYS_s17_T3_ctrl,1,40,2.3333333333333335,0.011172216385602951,0.17025120619001038
UBFC_PHYS_s17_T3_ctrl,1,41,2.3666666666666667,0.26943084597587585,0.12529642657618853
UBFC_PHYS_s17_T3_ctrl,1,42,2.4,0.47686418890953064,0.06997865959136988
UBFC_PHYS_s17_T3_ctrl,1,43,2.433333333333333,0.5599615573883057,0.006794793742259842
UBFC_PHYS_s17_T3_ctrl,1,44,2.466666666666667,0.5027450323104858,-0.062086987067204454
UBFC_PHYS_s17_T3_ctrl,1,45,2.5,0.3375217914581299,-0.13496825368962082
UBFC_PHYS_s17_T3_ctrl,1,46,2.533333333333333,0.10823429375886917,-0.21031197832913073
UBFC_PHYS_s17_T3_ctrl,1,47,2.566666666666667,-0.1452367901802063,-0.28600570063850067
UBFC_PHYS_s17_T3_ctrl,1,48,2.6,-0.3695143461227417,-0.35841579299809506
UBFC_PHYS_s17_T3_ctrl,1,49,2.6333333333333333,-0.525033712387085,-0.42159016590935283
UBFC_PHYS_s17_T3_ctrl,1,50,2.6666666666666665,-0.6235589981079102,-0.46709160519745724
UBFC_PHYS_s17_T3_ctrl,1,51,2.7,-0.6380504369735718,-0.4849245829510543
UBFC_PHYS_s17_T3_ctrl,1,52,2.7333333333333334,-0.4766431450843811,-0.46570736993020956
UBFC_PHYS_s17_T3_ctrl,1,53,2.7666666666666666,-0.16683346033096313,-0.40366361433079123
UBFC_PHYS_s17_T3_ctrl,1,54,2.8,0.09599032998085022,-0.2994134712038642
UBFC_PHYS_s17_T3_ctrl,1,55,2.8333333333333335,0.1790292114019394,-0.16137037285177588
UBFC_PHYS_s17_T3_ctrl,1,56,2.8666666666666667,0.06653927266597748,-0.005038266532812315
UBFC_PHYS_s17_T3_ctrl,1,57,2.9,-0.22121724486351013,0.14962141793291675
UBFC_PHYS_s17_T3_ctrl,1,58,2.933333333333333,-0.5782118439674377,0.2818626635531815
UBFC_PHYS_s17_T3_ctrl,1,59,2.966666666666667,-0.7919310331344604,0.37385672756948957
UBFC_PHYS_s17_T3_ctrl,1,60,3.0,-0.7626789808273315,0.41387722439620783
UBFC_PHYS_s17_T3_ctrl,1,61,3.033333333333333,-0.663556694984436,0.39880388390945815
UBFC_PHYS_s17_T3_ctrl,1,62,3.066666666666667,-0.6515585780143738,0.3355753338740515
UBFC_PHYS_s17_T3_ctrl,1,63,3.1,-0.5835495591163635,0.24083306115757944
UBFC_PHYS_s17_T3_ctrl,1,64,3.1333333333333333,-0.30338990688323975,0.13810016648215317
UBFC_PHYS_s17_T3_ctrl,1,65,3.1666666666666665,0.06577841192483902,0.052609611998783674
UBFC_PHYS_s17_T3_ctrl,1,66,3.2,0.2998066544532776,0.005004114245125623
UBFC_PHYS_s17_T3_ctrl,1,67,3.2333333333333334,0.3096860945224762,0.005907300765620383
UBFC_PHYS_s17_T3_ctrl,1,68,3.2666666666666666,0.14090436697006226,0.0532627929575359
UBFC_PHYS_s17_T3_ctrl,1,69,3.3,-0.015855802223086357,0.1333483249012819
UBFC_PHYS_s17_T3_ctrl,1,70,3.3333333333333335,0.09498365968465805,0.2249754240085867
UBFC_PHYS_s17_T3_ctrl,1,71,3.3666666666666667,0.5330974459648132,0.30533177318031296
UBFC_PHYS_s17_T3_ctrl,1,72,3.4,1.0093361139297485,0.35568128805832283
UBFC_PHYS_s17_T3_ctrl,1,73,3.433333333333333,1.1911343336105347,0.36545138108716535
UBFC_PHYS_s17_T3_ctrl,1,74,3.466666666666667,1.1316118240356445,0.3337131554026161
UBFC_PHYS_s17_T3_ctrl,1,75,3.5,1.088313102722168,0.2677545120729752
UBFC_PHYS_s17_T3_ctrl,1,76,3.533333333333333,1.048455834388733,0.17941741920088378
UBFC_PHYS_s17_T3_ctrl,1,77,3.566666666666667,0.8502582311630249,0.0807035120348132
UBFC_PHYS_s17_T3_ctrl,1,78,3.6,0.5280640721321106,-0.019640565651582505
UBFC_PHYS_s17_T3_ctrl,1,79,3.6333333333333333,0.24366703629493713,-0.11736656084062122
UBFC_PHYS_s17_T3_ctrl,1,80,3.6666666666666665,0.07215791940689087,-0.21159338580709347
UBFC_PHYS_s17_T3_ctrl,1,81,3.7,-0.11267206817865372,-0.30206853628087244
UBFC_PHYS_s17_T3_ctrl,1,82,3.7333333333333334,-0.37472328543663025,-0.3861256805133125
UBFC_PHYS_s17_T3_ctrl,1,83,3.7666666666666666,-0.4062345325946808,-0.45665574215601706
UBFC_PHYS_s17_T3_ctrl,1,84,3.8,-0.05683678761124611,-0.5020296285039854
UBFC_PHYS_s17_T3_ctrl,1,85,3.8333333333333335,0.23082609474658966,-0.5083189575467251
UBFC_PHYS_s17_T3_ctrl,1,86,3.8666666666666667,0.09051215648651123,-0.4635000431242631
UBFC_PHYS_s17_T3_ctrl,1,87,3.9,-0.3927614688873291,-0.36266012768389005
UBFC_PHYS_s17_T3_ctrl,1,88,3.933333333333333,-0.922307014465332,-0.2126116034989431
UBFC_PHYS_s17_T3_ctrl,1,89,3.966666666666667,-1.127410888671875,-0.033886941719869494
UBFC_PHYS_s17_T3_ctrl,1,90,4.0,-0.9645990133285522,0.1418072966711205
UBFC_PHYS_s17_T3_ctrl,1,91,4.033333333333333,-1.0045381784439087,0.27935165620480945
UBFC_PHYS_s17_T3_ctrl,1,92,4.066666666666666,-1.523092269897461,0.35140056293590805
UBFC_PHYS_s17_T3_ctrl,1,93,4.1,-2.0358989238739014,0.3485964817937207
UBFC_PHYS_s17_T3_ctrl,1,94,4.133333333333334,-2.180286407470703,0.28344422530546487
UBFC_PHYS_s17_T3_ctrl,1,95,4.166666666666667,-2.149606227874756,0.18483842421880772
UBFC_PHYS_s17_T3_ctrl,1,96,4.2,-2.1569454669952393,0.08547748721184276
UBFC_PHYS_s17_T3_ctrl,1,97,4.233333333333333,-2.181972026824951,0.00865088994504992
UBFC_PHYS_s17_T3_ctrl,1,98,4.266666666666667,-2.1920034885406494,-0.03923887643307022
UBFC_PHYS_s17_T3_ctrl,1,99,4.3,-2.1858112812042236,-0.06772733398162255
UBFC_PHYS_s17_T3_ctrl,1,100,4.333333333333333,-2.1320478916168213,-0.09450153939621843
UBFC_PHYS_s17_T3_ctrl,1,101,4.366666666666666,-2.0385091304779053,-0.13508312483272572
UBFC_PHYS_s17_T3_ctrl,1,102,4.4,-1.9604685306549072,-0.1945903903749897
UBFC_PHYS_s17_T3_ctrl,1,103,4.433333333333334,-1.8657827377319336,-0.26459062791416565
UBFC_PHYS_s17_T3_ctrl,1,104,4.466666666666667,-1.6255505084991455,-0.32571705939339296
UBFC_PHYS_s17_T3_ctrl,1,105,4.5,-1.2205984592437744,-0.3546176387489896
UBFC_PHYS_s17_T3_ctrl,1,106,4.533333333333333,-0.8059542179107666,-0.3325061377766762
UBFC_PHYS_s17_T3_ctrl,1,107,4.566666666666666,-0.4930308759212494,-0.25228459889995747
UBFC_PHYS_s17_T3_ctrl,1,108,4.6,-0.2695727050304413,-0.12181885856461762
UBFC_PHYS_s17_T3_ctrl,1,109,4.633333333333334,-0.11342121660709381,0.03771836783216868
UBFC_PHYS_s17_T3_ctrl,1,110,4.666666666666667,-0.006268991623073816,0.1978068085539535
UBFC_PHYS_s17_T3_ctrl,1,111,4.7,0.09321612864732742,0.3306343919474797
UBFC_PHYS_s17_T3_ctrl,1,112,4.733333333333333,0.18366459012031555,0.41623060951359003
UBFC_PHYS_s17_T3_ctrl,1,113,4.766666666666667,0.22002190351486206,0.44617873182242906
UBFC_PHYS_s17_T3_ctrl,1,114,4.8,0.21482466161251068,0.42319569439178273
UBFC_PHYS_s17_T3_ctrl,1,115,4.833333333333333,0.21303372085094452,0.357825828313432
UBFC_PHYS_s17_T3_ctrl,1,116,4.866666666666666,0.19261930882930756,0.26442505039681147
UBFC_PHYS_s17_T3_ctrl,1,117,4.9,0.12292470782995224,0.15818399982268855
UBFC_PHYS_s17_T3_ctrl,1,118,4.933333333333334,0.060323648154735565,0.053666915123381474
UBFC_PHYS_s17_T3_ctrl,1,119,4.966666666666667,0.06576670706272125,-0.035728052140214024
UBFC_PHYS_s17_T3_ctrl,1,120,5.0,0.09504218399524689,-0.09817872869578426
UBFC_PHYS_s17_T3_ctrl,1,121,5.033333333333333,0.0700509250164032,-0.12425330844055248
UBFC_PHYS_s17_T3_ctrl,1,122,5.066666666666666,0.03145786374807358,-0.10849924245763266
UBFC_PHYS_s17_T3_ctrl,1,123,5.1,0.12036120146512985,-0.051799593333658675
UBFC_PHYS_s17_T3_ctrl,1,124,5.133333333333334,0.4050742983818054,0.036395029839707826
UBFC_PHYS_s17_T3_ctrl,1,125,5.166666666666667,0.7492630481719971,0.1376462380075471
UBFC_PHYS_s17_T3_ctrl,1,126,5.2,0.91129070520401,0.22745837458663265
UBFC_PHYS_s17_T3_ctrl,1,127,5.233333333333333,0.7565087676048279,0.2816808033051856
UBFC_PHYS_s17_T3_ctrl,1,128,5.266666666666667,0.3354499340057373,0.2843501119204997
UBFC_PHYS_s17_T3_ctrl,1,129,5.3,-0.16871803998947144,0.23346219160384202
UBFC_PHYS_s17_T3_ctrl,1,130,5.333333333333333,-0.5813021063804626,0.14159867162952855
UBFC_PHYS_s17_T3_ctrl,1,131,5.366666666666666,-0.8465957641601562,0.03071064897200883
UBFC_PHYS_s17_T3_ctrl,1,132,5.4,-0.9998559951782227,-0.07652569312512812
UBFC_PHYS_s17_T3_ctrl,1,133,5.433333333333334,-1.1027942895889282,-0.16456645216054638
UBFC_PHYS_s17_T3_ctrl,1,134,5.466666666666667,-1.2360029220581055,-0.22863503630858237
UBFC_PHYS_s17_T3_ctrl,1,135,5.5,-1.4595664739608765,-0.2732094208229566
UBFC_PHYS_s17_T3_ctrl,1,136,5.533333333333333,-1.761568546295166,-0.30692558933364616
UBFC_PHYS_s17_T3_ctrl,1,137,5.566666666666666,-2.0857994556427,-0.3367807734101193
UBFC_PHYS_s17_T3_ctrl,1,138,5.6,-2.365888833999634,-0.36432266730210255
UBFC_PHYS_s17_T3_ctrl,1,139,5.633333333333334,-2.5308077335357666,-0.38515362007716264
UBFC_PHYS_s17_T3_ctrl,1,140,5.666666666666667,-2.565737009048462,-0.39136288324099316
UBFC_PHYS_s17_T3_ctrl,1,141,5.7,-2.522017002105713,-0.3753057748501124
UBFC_PHYS_s17_T3_ctrl,1,142,5.733333333333333,-2.4149818420410156,-0.3329590311801409
UBFC_PHYS_s17_T3_ctrl,1,143,5.766666666666667,-2.1247787475585938,-0.2656605109408179
UBFC_PHYS_s17_T3_ctrl,1,144,5.8,-1.532362937927246,-0.17987254196240315
UBFC_PHYS_s17_T3_ctrl,1,145,5.833333333333333,-0.7702290415763855,-0.08539519393170379
UBFC_PHYS_s17_T3_ctrl,1,146,5.866666666666666,-0.09877762943506241,0.007006574081993478
UBFC_PHYS_s17_T3_ctrl,1,147,5.9,0.3855963349342346,0.0875980588056695
UBFC_PHYS_s17_T3_ctrl,1,148,5.933333333333334,0.7187116742134094,0.14890537749561975
UBFC_PHYS_s17_T3_ctrl,1,149,5.966666666666667,0.8913679718971252,0.18647767339522817
UBFC_PHYS_s17_T3_ctrl,1,150,6.0,0.9250212907791138,0.19968632610521472
UBFC_PHYS_s17_T3_ctrl,1,151,6.033333333333333,0.9483386874198914,0.19255750066732266
UBFC_PHYS_s17_T3_ctrl,1,152,6.066666666666666,1.0240850448608398,0.17378905822692253
UBFC_PHYS_s17_T3_ctrl,1,153,6.1,1.0897177457809448,0.15496346369336558
UBFC_PHYS_s17_T3_ctrl,1,154,6.133333333333334,1.1111271381378174,0.14705016547839123
UBFC_PHYS_s17_T3_ctrl,1,155,6.166666666666667,1.1331452131271362,0.15659802548614912
UBFC_PHYS_s17_T3_ctrl,1,156,6.2,1.1790542602539062,0.18334368701990783
UBFC_PHYS_s17_T3_ctrl,1,157,6.233333333333333,1.2044317722320557,0.22027696321864568
UBFC_PHYS_s17_T3_ctrl,1,158,6.266666666666667,1.1683788299560547,0.25612656036879217
UBFC_PHYS_s17_T3_ctrl,1,159,6.3,1.099445104598999,0.27925829484101117
UBFC_PHYS_s17_T3_ctrl,1,160,6.333333333333333,1.039910912513733,0.2814521243360534
UBFC_PHYS_s17_T3_ctrl,1,161,6.366666666666666,0.9712229371070862,0.26015245490759087
UBFC_PHYS_s17_T3_ctrl,1,162,6.4,0.835579514503479,0.21852300158643687
UBFC_PHYS_s17_T3_ctrl,1,163,6.433333333333334,0.5758459568023682,0.16361951270794456
UBFC_PHYS_s17_T3_ctrl,1,164,6.466666666666667,0.20652545988559723,0.10373150456702404
UBFC_PHYS_s17_T3_ctrl,1,165,6.5,-0.0856323391199112,0.04605269487843091
UBFC_PHYS_s17_T3_ctrl,1,166,6.533333333333333,-0.06546375155448914,-0.004687231930853219
UBFC_PHYS_s17_T3_ctrl,1,167,6.566666666666666,0.20345860719680786,-0.04664370214817744
UBFC_PHYS_s17_T3_ctrl,1,168,6.6,0.4587089419364929,-0.08060300662188796
UBFC_PHYS_s17_T3_ctrl,1,169,6.633333333333334,0.5689631104469299,-0.1092009531734728
UBFC_PHYS_s17_T3_ctrl,1,170,6.666666666666667,0.5969159007072449,-0.13560441564915707
UBFC_PHYS_s17_T3_ctrl,1,171,6.7,0.5783860683441162,-0.1618210491845461
UBFC_PHYS_s17_T3_ctrl,1,172,6.733333333333333,0.45909520983695984,-0.187298353716314
UBFC_PHYS_s17_T3_ctrl,1,173,6.766666666666667,0.30081331729888916,-0.20866126820947337
UBFC_PHYS_s17_T3_ctrl,1,174,6.8,0.30152735114097595,-0.22087710843464456
UBFC_PHYS_s17_T3_ctrl,1,175,6.833333333333333,0.47430068254470825,-0.2193145536541724
UBFC_PHYS_s17_T3_ctrl,1,176,6.866666666666666,0.6414670348167419,-0.20176665652178774
UBFC_PHYS_s17_T3_ctrl,1,177,6.9,0.7153053879737854,-0.16961948088453388
UBFC_PHYS_s17_T3_ctrl,1,178,6.933333333333334,0.7345141172409058,-0.1277322586453126
UBFC_PHYS_s17_T3_ctrl,1,179,6.966666666666667,0.7101900577545166,-0.08309508392030757
UBFC_PHYS_s17_T3_ctrl,1,180,7.0,0.6256529092788696,-0.04280875273322616
UBFC_PHYS_s17_T3_ctrl,1,181,7.033333333333333,0.5067015290260315,-0.012186649049536712
UBFC_PHYS_s17_T3_ctrl,1,182,7.066666666666666,0.3976530134677887,0.006334381822589224
UBFC_PHYS_s17_T3_ctrl,1,183,7.1,0.3007547855377197,0.013239848300893715
UBFC_PHYS_s17_T3_ctrl,1,184,7.133333333333334,0.16572004556655884,0.011252504168469278
UBFC_PHYS_s17_T3_ctrl,1,185,7.166666666666667,-0.06368451565504074,0.0044401942791006035
UBFC_PHYS_s17_T3_ctrl,1,186,7.2,-0.37348249554634094,-0.0026430959897131233
UBFC_PHYS_s17_T3_ctrl,1,187,7.233333333333333,-0.633777916431427,-0.00586578290969266
UBFC_PHYS_s17_T3_ctrl,1,188,7.266666666666667,-0.650259256362915,-0.0024905686480078074
UBFC_PHYS_s17_T3_ctrl,1,189,7.3,-0.3512888550758362,0.008023400285814008
UBFC_PHYS_s17_T3_ctrl,1,190,7.333333333333333,0.10569419711828232,0.023681419281294684
UBFC_PHYS_s17_T3_ctrl,1,191,7.366666666666666,0.5165692567825317,0.040287030737079454
UBFC_PHYS_s17_T3_ctrl,1,192,7.4,0.8173540234565735,0.05256369088787766
UBFC_PHYS_s17_T3_ctrl,1,193,7.433333333333334,1.0285214185714722,0.05594538795646998
UBFC_PHYS_s17_T3_ctrl,1,194,7.466666666666667,1.13168203830719,0.048481780445626094
UBFC_PHYS_s17_T3_ctrl,1,195,7.5,1.1343157291412354,0.03197292203137767
UBFC_PHYS_s17_T3_ctrl,1,196,7.533333333333333,1.1425681114196777,0.011593296740664717
UBFC_PHYS_s17_T3_ctrl,1,197,7.566666666666666,1.2267425060272217,-0.00603495466412873
UBFC_PHYS_s17_T3_ctrl,1,198,7.6,1.3218380212783813,-0.015435858718423881
UBFC_PHYS_s17_T3_ctrl,1,199,7.633333333333334,1.345272421836853,-0.01421752776937291
UBFC_PHYS_s17_T3_ctrl,1,200,7.666666666666667,1.2997145652770996,-0.003502193234011295
UBFC_PHYS_s17_T3_ctrl,1,201,7.7,1.2147676944732666,0.013043606801825067
UBFC_PHYS_s17_T3_ctrl,1,202,7.733333333333333,1.0744421482086182,0.03077210055290211
UBFC_PHYS_s17_T3_ctrl,1,203,7.766666666666667,0.8576443791389465,0.045409480722540065
UBFC_PHYS_s17_T3_ctrl,1,204,7.8,0.6082351207733154,0.05397565129896749
UBFC_PHYS_s17_T3_ctrl,1,205,7.833333333333333,0.39283034205436707,0.0554283647634299
UBFC_PHYS_s17_T3_ctrl,1,206,7.866666666666666,0.2171657532453537,0.05094278175371253
UBFC_PHYS_s17_T3_ctrl,1,207,7.9,0.03724038600921631,0.043485680689151394
UBFC_PHYS_s17_T3_ctrl,1,208,7.933333333333334,-0.17941688001155853,0.036710597075895114
UBFC_PHYS_s17_T3_ctrl,1,209,7.966666666666667,-0.4177761673927307,0.03370763001782053
UBFC_PHYS_s17_T3_ctrl,1,210,8.0,-0.5742788314819336,0.03613346892963031
UBFC_PHYS_s17_T3_ctrl,1,211,8.033333333333333,-0.4813721776008606,0.04389229640624204
UBFC_PHYS_s17_T3_ctrl,1,212,8.066666666666666,-0.14046093821525574,0.05528698812426001
UBFC_PHYS_s17_T3_ctrl,1,213,8.1,0.24214531481266022,0.06748982952287877
UBFC_PHYS_s17_T3_ctrl,1,214,8.133333333333333,0.4907820224761963,0.07718384794171858
UBFC_PHYS_s17_T3_ctrl,1,215,8.166666666666666,0.6078605055809021,0.08127111762927924
UBFC_PHYS_s17_T3_ctrl,1,216,8.2,0.6409637331962585,0.07760153715477039
UBFC_PHYS_s17_T3_ctrl,1,217,8.233333333333333,0.610318660736084,0.06562351462406611
UBFC_PHYS_s17_T3_ctrl,1,218,8.266666666666667,0.5890029668807983,0.04669364727143755
UBFC_PHYS_s17_T3_ctrl,1,219,8.3,0.632851779460907,0.023776680208475905
UBFC_PHYS_s17_T3_ctrl,1,220,8.333333333333334,0.6628764271736145,0.0005821606628542797
UBFC_PHYS_s17_T3_ctrl,1,221,8.366666666666667,0.6159958839416504,-0.019468305639390508
UBFC_PHYS_s17_T3_ctrl,1,222,8.4,0.5517677068710327,-0.034013649858954755
UBFC_PHYS_s17_T3_ctrl,1,223,8.433333333333334,0.5166277885437012,-0.04209052366737905
UBFC_PHYS_s17_T3_ctrl,1,224,8.466666666666667,0.46534594893455505,-0.04415426747295722
UBFC_PHYS_s17_T3_ctrl,1,225,8.5,0.35964521765708923,-0.0419870281517953
UBFC_PHYS_s17_T3_ctrl,1,226,8.533333333333333,0.22635458409786224,-0.03852028356966242
UBFC_PHYS_s17_T3_ctrl,1,227,8.566666666666666,0.1148010864853859,-0.03743010691374879
UBFC_PHYS_s17_T3_ctrl,1,228,8.6,0.03197290748357773,-0.04243615863409726
UBFC_PHYS_s17_T3_ctrl,1,229,8.633333333333333,-0.0700991302728653,-0.056417394408176884
UBFC_PHYS_s17_T3_ctrl,1,230,8.666666666666666,-0.23739425837993622,-0.08052827982246287
UBFC_PHYS_s17_T3_ctrl,1,231,8.7,-0.4432941675186157,-0.11346383074005398
UBFC_PHYS_s17_T3_ctrl,1,232,8.733333333333333,-0.5742670893669128,-0.15100713122103487
UBFC_PHYS_s17_T3_ctrl,1,233,8.766666666666667,-0.5019036531448364,-0.18609232168015236
UBFC_PHYS_s17_T3_ctrl,1,234,8.8,-0.23687921464443207,-0.20974445120159765
UBFC_PHYS_s17_T3_ctrl,1,235,8.833333333333334,0.05834541842341423,-0.21309109260021145
UBFC_PHYS_s17_T3_ctrl,1,236,8.866666666666667,0.26246607303619385,-0.19004668008168274
UBFC_PHYS_s17_T3_ctrl,1,237,8.9,0.3794509470462799,-0.1396687345101397
UBFC_PHYS_s17_T3_ctrl,1,238,8.933333333333334,0.427338182926178,-0.06711304967201492
UBFC_PHYS_s17_T3_ctrl,1,239,8.966666666666667,0.39205777645111084,0.017270171540937778
UBFC_PHYS_s17_T3_ctrl,2,0,2.0,0.19038355350494385,0.09705987621563048
UBFC_PHYS_s17_T3_ctrl,2,1,2.033333333333333,0.35179081559181213,0.282739122207336
UBFC_PHYS_s17_T3_ctrl,2,2,2.066666666666667,0.47739091515541077,0.449364443904679
UBFC_PHYS_s17_T3_ctrl,2,3,2.1,0.5012350678443909,0.5810246046481544
UBFC_PHYS_s17_T3_ctrl,2,4,2.1333333333333333,0.408199667930603,0.6659824933527202
UBFC_PHYS_s17_T3_ctrl,2,5,2.1666666666666665,0.22462217509746552,0.6988606540921618
UBFC_PHYS_s17_T3_ctrl,2,6,2.2,0.009217396378517151,0.6818504012500434
UBFC_PHYS_s17_T3_ctrl,2,7,2.2333333333333334,-0.17479319870471954,0.6243036657620026
UBFC_PHYS_s17_T3_ctrl,2,8,2.2666666666666666,-0.2597634792327881,0.5403935536532688
UBFC_PHYS_s17_T3_ctrl,2,9,2.3,-0.19249193370342255,0.44515844088718737
UBFC_PHYS_s17_T3_ctrl,2,10,2.3333333333333335,0.011172216385602951,0.35027079752480295
UBFC_PHYS_s17_T3_ctrl,2,11,2.3666666666666667,0.26943084597587585,0.2613554633216338
UBFC_PHYS_s17_T3_ctrl,2,12,2.4,0.47686418890953064,0.1778917461207929
UBFC_PHYS_s17_T3_ctrl,2,13,2.433333333333333,0.5599615573883057,0.09534479498265098
UBFC_PHYS_s17_T3_ctrl,2,14,2.466666666666667,0.5027450323104858,0.008252946097347773
UBFC_PHYS_s17_T3_ctrl,2,15,2.5,0.3375217914581299,-0.08714332792264651
UBFC_PHYS_s17_T3_ctrl,2,16,2.533333333333333,0.10823429375886917,-0.19167329941499978
UBFC_PHYS_s17_T3_ctrl,2,17,2.566666666666667,-0.1452367901802063,-0.30344975186952167
UBFC_PHYS_s17_T3_ctrl,2,18,2.6,-0.3695143461227417,-0.41863595132256193
UBFC_PHYS_s17_T3_ctrl,2,19,2.6333333333333333,-0.525033712387085,-0.5316700676556079
UBFC_PHYS_s17_T3_ctrl,2,20,2.6666666666666665,-0.6235589981079102,-0.6346673991343936
UBFC_PHYS_s17_T3_ctrl,2,21,2.7,-0.6380504369735718,-0.7167704509404836
UBFC_PHYS_s17_T3_ctrl,2,22,2.7333333333333334,-0.4766431450843811,-0.764542137074144
UBFC_PHYS_s17_T3_ctrl,2,23,2.7666666666666666,-0.16683346033096313,-0.7639573353946558
UBFC_PHYS_s17_T3_ctrl,2,24,2.8,0.09599032998085022,-0.7036271685733628
UBFC_PHYS_s17_T3_ctrl,2,25,2.8333333333333335,0.1790292114019394,-0.5782685739703302
UBFC_PHYS_s17_T3_ctrl,2,26,2.8666666666666667,0.06653927266597748,-0.3914721664415068
UBFC_PHYS_s17_T3_ctrl,2,27,2.9,-0.22121724486351013,-0.1571931397113668
UBFC_PHYS_s17_T3_ctrl,2,28,2.933333333333333,-0.5782118439674377,0.10040772577986158
UBFC_PHYS_s17_T3_ctrl,2,29,2.966666666666667,-0.7919310331344604,0.34920830148843923
UBFC_PHYS_s17_T3_ctrl,2,30,3.0,-0.7626789808273315,0.5538928074457163
UBFC_PHYS_s17_T3_ctrl,2,31,3.033333333333333,-0.663556694984436,0.6830632017215339
UBFC_PHYS_s17_T3_ctrl,2,32,3.066666666666667,-0.6515585780143738,0.717196624002036
UBFC_PHYS_s17_T3_ctrl,2,33,3.1,-0.5835495591163635,0.6548649482934772
UBFC_PHYS_s17_T3_ctrl,2,34,3.1333333333333333,-0.30338990688323975,0.5147345543393318
UBFC_PHYS_s17_T3_ctrl,2,35,3.1666666666666665,0.06577841192483902,0.33210601206276213
UBFC_PHYS_s17_T3_ctrl,2,36,3.2,0.2998066544532776,0.15052313687852517
UBFC_PHYS_s17_T3_ctrl,2,37,3.2333333333333334,0.3096860945224762,0.010716790132921712
UBFC_PHYS_s17_T3_ctrl,2,38,3.2666666666666666,0.14090436697006226,-0.05972230754150218
UBFC_PHYS_s17_T3_ctrl,2,39,3.3,-0.015855802223086357,-0.05265758178494238
UBFC_PHYS_s17_T3_ctrl,2,40,3.3333333333333335,0.09498365968465805,0.02006895839129279
UBFC_PHYS_s17_T3_ctrl,2,41,3.3666666666666667,0.5330974459648132,0.13151377115138285
UBFC_PHYS_s17_T3_ctrl,2,42,3.4,1.0093361139297485,0.247759538765875
UBFC_PHYS_s17_T3_ctrl,2,43,3.433333333333333,1.1911343336105347,0.3364843715629323
UBFC_PHYS_s17_T3_ctrl,2,44,3.466666666666667,1.1316118240356445,0.373699555663666
UBFC_PHYS_s17_T3_ctrl,2,45,3.5,1.088313102722168,0.34753732419638317
UBFC_PHYS_s17_T3_ctrl,2,46,3.533333333333333,1.048455834388733,0.2590132187401323
UBFC_PHYS_s17_T3_ctrl,2,47,3.566666666666667,0.8502582311630249,0.1202575467641671
UBFC_PHYS_s17_T3_ctrl,2,48,3.6,0.5280640721321106,-0.049112948917198716
UBFC_PHYS_s17_T3_ctrl,2,49,3.6333333333333333,0.24366703629493713,-0.22662027504687507
UBFC_PHYS_s17_T3_ctrl,2,50,3.6666666666666665,0.07215791940689087,-0.39131318398496323
UBFC_PHYS_s17_T3_ctrl,2,51,3.7,-0.11267206817865372,-0.5266560739760549
UBFC_PHYS_s17_T3_ctrl,2,52,3.7333333333333334,-0.37472328543663025,-0.6213745876733873
UBFC_PHYS_s17_T3_ctrl,2,53,3.7666666666666666,-0.4062345325946808,-0.6686741245174422
UBFC_PHYS_s17_T3_ctrl,2,54,3.8,-0.05683678761124611,-0.6647796973879904
UBFC_PHYS_s17_T3_ctrl,2,55,3.8333333333333335,0.23082609474658966,-0.6078083011521325
UBFC_PHYS_s17_T3_ctrl,2,56,3.8666666666666667,0.09051215648651123,-0.4977943749003873
UBFC_PHYS_s17_T3_ctrl,2,57,3.9,-0.3927614688873291,-0.33826196478723675
UBFC_PHYS_s17_T3_ctrl,2,58,3.933333333333333,-0.922307014465332,-0.1389947960227138
UBFC_PHYS_s17_T3_ctrl,2,59,3.966666666666667,-1.127410888671875,0.08139537440845496
UBFC_PHYS_s17_T3_ctrl,2,60,4.0,-0.9645990133285522,0.29540250213899016
UBFC_PHYS_s17_T3_ctrl,2,61,4.033333333333333,-1.0045381784439087,0.47104669092464263
UBFC_PHYS_s17_T3_ctrl,2,62,4.066666666666666,-1.523092269897461,0.5806444848177177
UBFC_PHYS_s17_T3_ctrl,2,63,4.1,-2.0358989238739014,0.6107207747748733
UBFC_PHYS_s17_T3_ctrl,2,64,4.133333333333334,-2.180286407470703,0.5677703133499803
UBFC_PHYS_s17_T3_ctrl,2,65,4.166666666666667,-2.149606227874756,0.47565999023506284
UBFC_PHYS_s17_T3_ctrl,2,66,4.2,-2.1569454669952393,0.36501147170123593
UBFC_PHYS_s17_T3_ctrl,2,67,4.233333333333333,-2.181972026824951,0.2598585098343914
UBFC_PHYS_s17_T3_ctrl,2,68,4.266666666666667,-2.1920034885406494,0.16863119849386835
UBFC_PHYS_s17_T3_ctrl,2,69,4.3,-2.1858112812042236,0.08399579985683903
UBFC_PHYS_s17_T3_ctrl,2,70,4.333333333333333,-2.1320478916168213,-0.009122053892493792
UBFC_PHYS_s17_T3_ctrl,2,71,4.366666666666666,-2.0385091304779053,-0.12236741320461395
UBFC_PHYS_s17_T3_ctrl,2,72,4.4,-1.9604685306549072,-0.25548460881035845
UBFC_PHYS_s17_T3_ctrl,2,73,4.433333333333334,-1.8657827377319336,-0.394088524486839
UBFC_PHYS_s17_T3_ctrl,2,74,4.466666666666667,-1.6255505084991455,-0.5138973566214139
UBFC_PHYS_s17_T3_ctrl,2,75,4.5,-1.2205984592437744,-0.588974318241693
UBFC_PHYS_s17_T3_ctrl,2,76,4.533333333333333,-0.8059542179107666,-0.6003779634666899
UBFC_PHYS_s17_T3_ctrl,2,77,4.566666666666666,-0.4930308759212494,-0.5420192387184068
UBFC_PHYS_s17_T3_ctrl,2,78,4.6,-0.2695727050304413,-0.42196032912207043
UBFC_PHYS_s17_T3_ctrl,2,79,4.633333333333334,-0.11342121660709381,-0.2592491926094798
UBFC_PHYS_s17_T3_ctrl,2,80,4.666666666666667,-0.006268991623073816,-0.07803747971448453
UBFC_PHYS_s17_T3_ctrl,2,81,4.7,0.09321612864732742,0.09840693573351685
UBFC_PHYS_s17_T3_ctrl,2,82,4.733333333333333,0.18366459012031555,0.2514606681506212
UBFC_PHYS_s17_T3_ctrl,2,83,4.766666666666667,0.22002190351486206,0.3677305286675496
UBFC_PHYS_s17_T3_ctrl,2,84,4.8,0.21482466161251068,0.4374313490120248
UBFC_PHYS_s17_T3_ctrl,2,85,4.833333333333333,0.21303372085094452,0.45287410393161426
UBFC_PHYS_s17_T3_ctrl,2,86,4.866666666666666,0.19261930882930756,0.4092474094053907
UBFC_PHYS_s17_T3_ctrl,2,87,4.9,0.12292470782995224,0.30817182586637093
UBFC_PHYS_s17_T3_ctrl,2,88,4.933333333333334,0.060323648154735565,0.1621466362743639
UBFC_PHYS_s17_T3_ctrl,2,89,4.966666666666667,0.06576670706272125,-0.003301232737821352
UBFC_PHYS_s17_T3_ctrl,2,90,5.0,0.09504218399524689,-0.15215604651448414
UBFC_PHYS_s17_T3_ctrl,2,91,5.033333333333333,0.0700509250164032,-0.24541681360770354
UBFC_PHYS_s17_T3_ctrl,2,92,5.066666666666666,0.03145786374807358,-0.2518163352765231
UBFC_PHYS_s17_T3_ctrl,2,93,5.1,0.12036120146512985,-0.15863677564157302
UBFC_PHYS_s17_T3_ctrl,2,94,5.133333333333334,0.4050742983818054,0.021107366075540184
UBFC_PHYS_s17_T3_ctrl,2,95,5.166666666666667,0.7492630481719971,0.24852873279929136
UBFC_PHYS_s17_T3_ctrl,2,96,5.2,0.91129070520401,0.46760715035214806
UBFC_PHYS_s17_T3_ctrl,2,97,5.233333333333333,0.7565087676048279,0.6214564062560882
UBFC_PHYS_s17_T3_ctrl,2,98,5.266666666666667,0.3354499340057373,0.6707191566191169
UBFC_PHYS_s17_T3_ctrl,2,99,5.3,-0.16871803998947144,0.6064485354943772
UBFC_PHYS_s17_T3_ctrl,2,100,5.333333333333333,-0.5813021063804626,0.45159084892146756
UBFC_PHYS_s17_T3_ctrl,2,101,5.366666666666666,-0.8465957641601562,0.25036117519788115
UBFC_PHYS_s17_T3_ctrl,2,102,5.4,-0.9998559951782227,0.05066507381049285
UBFC_PHYS_s17_T3_ctrl,2,103,5.433333333333334,-1.1027942895889282,-0.11225587246731299
UBFC_PHYS_s17_T3_ctrl,2,104,5.466666666666667,-1.2360029220581055,-0.22442888416956297
UBFC_PHYS_s17_T3_ctrl,2,105,5.5,-1.4595664739608765,-0.29207650516536116
UBFC_PHYS_s17_T3_ctrl,2,106,5.533333333333333,-1.761568546295166,-0.33335802508274504
UBFC_PHYS_s17_T3_ctrl,2,107,5.566666666666666,-2.0857994556427,-0.3677389424398554
UBFC_PHYS_s17_T3_ctrl,2,108,5.6,-2.365888833999634,-0.4075714528044433
UBFC_PHYS_s17_T3_ctrl,2,109,5.633333333333334,-2.5308077335357666,-0.45444721287410855
UBFC_PHYS_s17_T3_ctrl,2,110,5.666666666666667,-2.565737009048462,-0.5004015429264763
UBFC_PHYS_s17_T3_ctrl,2,111,5.7,-2.522017002105713,-0.5322784485158185
UBFC_PHYS_s17_T3_ctrl,2,112,5.733333333333333,-2.4149818420410156,-0.537041140599842
UBFC_PHYS_s17_T3_ctrl,2,113,5.766666666666667,-2.1247787475585938,-0.5062118113506
UBFC_PHYS_s17_T3_ctrl,2,114,5.8,-1.532362937927246,-0.43835993642564375
UBFC_PHYS_s17_T3_ctrl,2,115,5.833333333333333,-0.7702290415763855,-0.3394006943978864
UBFC_PHYS_s17_T3_ctrl,2,116,5.866666666666666,-0.09877762943506241,-0.22124474607871333
UBFC_PHYS_s17_T3_ctrl,2,117,5.9,0.3855963349342346,-0.09960221200574898
UBFC_PHYS_s17_T3_ctrl,2,118,5.933333333333334,0.7187116742134094,0.008671666650640751
UBFC_PHYS_s17_T3_ctrl,2,119,5.966666666666667,0.8913679718971252,0.08877565759201839
UBFC_PHYS_s17_T3_ctrl,2,120,6.0,0.9250212907791138,0.13163597876955288
UBFC_PHYS_s17_T3_ctrl,2,121,6.033333333333333,0.9483386874198914,0.13717054976082868
UBFC_PHYS_s17_T3_ctrl,2,122,6.066666666666666,1.0240850448608398,0.11546092646597256
UBFC_PHYS_s17_T3_ctrl,2,123,6.1,1.0897177457809448,0.08445503863647069
UBFC_PHYS_s17_T3_ctrl,2,124,6.133333333333334,1.1111271381378174,0.06454733727186722
UBFC_PHYS_s17_T3_ctrl,2,125,6.166666666666667,1.1331452131271362,0.07214203750540699
UBFC_PHYS_s17_T3_ctrl,2,126,6.2,1.1790542602539062,0.11466001560186097
UBFC_PHYS_s17_T3_ctrl,2,127,6.233333333333333,1.2044317722320557,0.18856685237812276
UBFC_PHYS_s17_T3_ctrl,2,128,6.266666666666667,1.1683788299560547,0.28078451372248076
UBFC_PHYS_s17_T3_ctrl,2,129,6.3,1.099445104598999,0.37282918375881435
UBFC_PHYS_s17_T3_ctrl,2,130,6.333333333333333,1.039910912513733,0.44634159706283155
UBFC_PHYS_s17_T3_ctrl,2,131,6.366666666666666,0.9712229371070862,0.4882977873783771
UBFC_PHYS_s17_T3_ctrl,2,132,6.4,0.835579514503479,0.49415135885798
UBFC_PHYS_s17_T3_ctrl,2,133,6.433333333333334,0.5758459568023682,0.46779676798861225
UBFC_PHYS_s17_T3_ctrl,2,134,6.466666666666667,0.20652545988559723,0.41859156365483113
UBFC_PHYS_s17_T3_ctrl,2,135,6.5,-0.0856323391199112,0.35696189266501355
UBFC_PHYS_s17_T3_ctrl,2,136,6.533333333333333,-0.06546375155448914,0.29052745831511945
UBFC_PHYS_s17_T3_ctrl,2,137,6.566666666666666,0.20345860719680786,0.22216234968955995
UBFC_PHYS_s17_T3_ctrl,2,138,6.6,0.4587089419364929,0.15041547158398152
UBFC_PHYS_s17_T3_ctrl,2,139,6.633333333333334,0.5689631104469299,0.07181564954061928
UBFC_PHYS_s17_T3_ctrl,2,140,6.666666666666667,0.5969159007072449,-0.01590272347622352
UBFC_PHYS_s17_T3_ctrl,2,141,6.7,0.5783860683441162,-0.1108673136055492
UBFC_PHYS_s17_T3_ctrl,2,142,6.733333333333333,0.45909520983695984,-0.20576374610579057
UBFC_PHYS_s17_T3_ctrl,2,143,6.766666666666667,0.30081331729888916,-0.2890557708291706
UBFC_PHYS_s17_T3_ctrl,2,144,6.8,0.30152735114097595,-0.3484360159212232
UBFC_PHYS_s17_T3_ctrl,2,145,6.833333333333333,0.47430068254470825,-0.375044084209614
UBFC_PHYS_s17_T3_ctrl,2,146,6.866666666666666,0.6414670348167419,-0.36668129680639416
UBFC_PHYS_s17_T3_ctrl,2,147,6.9,0.7153053879737854,-0.3287879421572886
UBFC_PHYS_s17_T3_ctrl,2,148,6.933333333333334,0.7345141172409058,-0.27286916889606994
UBFC_PHYS_s17_T3_ctrl,2,149,6.966666666666667,0.7101900577545166,-0.21301415573940782
UBFC_PHYS_s17_T3_ctrl,2,150,7.0,0.6256529092788696,-0.16186251940284493
UBFC_PHYS_s17_T3_ctrl,2,151,7.033333333333333,0.5067015290260315,-0.12750988835880495
UBFC_PHYS_s17_T3_ctrl,2,152,7.066666666666666,0.3976530134677887,-0.11229842127829838
UBFC_PHYS_s17_T3_ctrl,2,153,7.1,0.3007547855377197,-0.11350319968648259
UBFC_PHYS_s17_T3_ctrl,2,154,7.133333333333334,0.16572004556655884,-0.12512475469048018
UBFC_PHYS_s17_T3_ctrl,2,155,7.166666666666667,-0.06368451565504074,-0.13982543915056178
UBFC_PHYS_s17_T3_ctrl,2,156,7.2,-0.37348249554634094,-0.1505418161185185
UBFC_PHYS_s17_T3_ctrl,2,157,7.233333333333333,-0.633777916431427,-0.15179751657505786
UBFC_PHYS_s17_T3_ctrl,2,158,7.266666666666667,-0.650259256362915,-0.1406954411289189
UBFC_PHYS_s17_T3_ctrl,2,159,7.3,-0.3512888550758362,-0.11735109449180045
UBFC_PHYS_s17_T3_ctrl,2,160,7.333333333333333,0.10569419711828232,-0.08463474490158165
UBFC_PHYS_s17_T3_ctrl,2,161,7.366666666666666,0.5165692567825317,-0.04731695069778569
UBFC_PHYS_s17_T3_ctrl,2,162,7.4,0.8173540234565735,-0.010740666726802236
UBFC_PHYS_s17_T3_ctrl,2,163,7.433333333333334,1.0285214185714722,0.02083424210372823
UBFC_PHYS_s17_T3_ctrl,2,164,7.466666666666667,1.13168203830719,0.04580757239133762
UBFC_PHYS_s17_T3_ctrl,2,165,7.5,1.1343157291412354,0.06602052854538866
UBFC_PHYS_s17_T3_ctrl,2,166,7.533333333333333,1.1425681114196777,0.08604883195702237
UBFC_PHYS_s17_T3_ctrl,2,167,7.566666666666666,1.2267425060272217,0.11089719852085832
UBFC_PHYS_s17_T3_ctrl,2,168,7.6,1.3218380212783813,0.1429560288802438
UBFC_PHYS_s17_T3_ctrl,2,169,7.633333333333334,1.345272421836853,0.17975815694474315
UBFC_PHYS_s17_T3_ctrl,2,170,7.666666666666667,1.2997145652770996,0.21386018725399106
UBFC_PHYS_s17_T3_ctrl,2,171,7.7,1.2147676944732666,0.23513747313572422
UBFC_PHYS_s17_T3_ctrl,2,172,7.733333333333333,1.0744421482086182,0.2345301165498292
UBFC_PHYS_s17_T3_ctrl,2,173,7.766666666666667,0.8576443791389465,0.2076321264640039
UBFC_PHYS_s17_T3_ctrl,2,174,7.8,0.6082351207733154,0.1568388916236327
UBFC_PHYS_s17_T3_ctrl,2,175,7.833333333333333,0.39283034205436707,0.09146011767831422
UBFC_PHYS_s17_T3_ctrl,2,176,7.866666666666666,0.2171657532453537,0.025643584287127107
UBFC_PHYS_s17_T3_ctrl,2,177,7.9,0.03724038600921631,-0.02560091559098197
UBFC_PHYS_s17_T3_ctrl,2,178,7.933333333333334,-0.17941688001155853,-0.05119284044393034
UBFC_PHYS_s17_T3_ctrl,2,179,7.966666666666667,-0.4177761673927307,-0.04776818174472774
UBFC_PHYS_s17_T3_ctrl,2,180,8.0,-0.5742788314819336,-0.020675130589303706
UBFC_PHYS_s17_T3_ctrl,2,181,8.033333333333333,-0.4813721776008606,0.01844413877691993
UBFC_PHYS_s17_T3_ctrl,2,182,8.066666666666666,-0.14046093821525574,0.05626252076350025
UBFC_PHYS_s17_T3_ctrl,2,183,8.1,0.24214531481266022,0.08226850492197905
UBFC_PHYS_s17_T3_ctrl,2,184,8.133333333333333,0.4907820224761963,0.09146175970215521
UBFC_PHYS_s17_T3_ctrl,2,185,8.166666666666666,0.6078605055809021,0.08486790559596277
UBFC_PHYS_s17_T3_ctrl,2,186,8.2,0.6409637331962585,0.06824815854885204
UBFC_PHYS_s17_T3_ctrl,2,187,8.233333333333333,0.610318660736084,0.04958747359245693
UBFC_PHYS_s17_T3_ctrl,2,188,8.266666666666667,0.5890029668807983,0.03613389692604393
UBFC_PHYS_s17_T3_ctrl,2,189,8.3,0.632851779460907,0.03193610894048796
UBFC_PHYS_s17_T3_ctrl,2,190,8.333333333333334,0.6628764271736145,0.03673372225319001
UBFC_PHYS_s17_T3_ctrl,2,191,8.366666666666667,0.6159958839416504,0.04659366632735255
UBFC_PHYS_s17_T3_ctrl,2,192,8.4,0.5517677068710327,0.05596787883509295
UBFC_PHYS_s17_T3_ctrl,2,193,8.433333333333334,0.5166277885437012,0.060191581897039825
UBFC_PHYS_s17_T3_ctrl,2,194,8.466666666666667,0.46534594893455505,0.05721868889177047
UBFC_PHYS_s17_T3_ctrl,2,195,8.5,0.35964521765708923,0.04783391324612922
UBFC_PHYS_s17_T3_ctrl,2,196,8.533333333333333,0.22635458409786224,0.0345164434557305
UBFC_PHYS_s17_T3_ctrl,2,197,8.566666666666666,0.1148010864853859,0.019851533713309572
UBFC_PHYS_s17_T3_ctrl,2,198,8.6,0.03197290748357773,0.005352305422964028
UBFC_PHYS_s17_T3_ctrl,2,199,8.633333333333333,-0.0700991302728653,-0.008980429132463857
UBFC_PHYS_s17_T3_ctrl,2,200,8.666666666666666,-0.23739425837993622,-0.02451918165907273
UBFC_PHYS_s17_T3_ctrl,2,201,8.7,-0.4432941675186157,-0.043651506639990935
UBFC_PHYS_s17_T3_ctrl,2,202,8.733333333333333,-0.5742670893669128,-0.06949359078910147
UBFC_PHYS_s17_T3_ctrl,2,203,8.766666666666667,-0.5019036531448364,-0.10573708644259147
UBFC_PHYS_s17_T3_ctrl,2,204,8.8,-0.23687921464443207,-0.15643275845030072
UBFC_PHYS_s17_T3_ctrl,2,205,8.833333333333334,0.05834541842341423,-0.22532305534262273
UBFC_PHYS_s17_T3_ctrl,2,206,8.866666666666667,0.26246607303619385,-0.31432512995908124
UBFC_PHYS_s17_T3_ctrl,2,207,8.9,0.3794509470462799,-0.4211116278830256
UBFC_PHYS_s17_T3_ctrl,2,208,8.933333333333334,0.427338182926178,-0.536441891410122
UBFC_PHYS_s17_T3_ctrl,2,209,8.966666666666667,0.39205777645111084,-0.6426119679244212
UBFC_PHYS_s17_T3_ctrl,2,210,9.0,0.3262845277786255,-0.7146010199468562
UBFC_PHYS_s17_T3_ctrl,2,211,9.033333333333333,0.3338579833507538,-0.7247852973912232
UBFC_PHYS_s17_T3_ctrl,2,212,9.066666666666666,0.3995727002620697,-0.6505514674079211
UBFC_PHYS_s17_T3_ctrl,2,213,9.1,0.4233465790748596,-0.48256756483497143
UBFC_PHYS_s17_T3_ctrl,2,214,9.133333333333333,0.38600602746009827,-0.23071432456934776
UBFC_PHYS_s17_T3_ctrl,2,215,9.166666666666666,0.34278929233551025,0.0750439394816496
UBFC_PHYS_s17_T3_ctrl,2,216,9.2,0.29541710019111633,0.39027725507544975
UBFC_PHYS_s17_T3_ctrl,2,217,9.233333333333333,0.205752894282341,0.6671527012256377
UBFC_PHYS_s17_T3_ctrl,2,218,9.266666666666667,0.09473784267902374,0.8669358605364162
UBFC_PHYS_s17_T3_ctrl,2,219,9.3,0.01135950442403555,0.9687259466557875
UBFC_PHYS_s17_T3_ctrl,2,220,9.333333333333334,-0.05958758294582367,0.9712484058040417
UBFC_PHYS_s17_T3_ctrl,2,221,9.366666666666667,-0.16623647511005402,0.8883282714454328
UBFC_PHYS_s17_T3_ctrl,2,222,9.4,-0.32070237398147583,0.7416226247488764
UBFC_PHYS_s17_T3_ctrl,2,223,9.433333333333334,-0.4802718758583069,0.5547080504511098
UBFC_PHYS_s17_T3_ctrl,2,224,9.466666666666667,-0.5506922006607056,0.35064770782317783
UBFC_PHYS_s17_T3_ctrl,2,225,9.5,-0.4480348825454712,0.15216285476779187
UBFC_PHYS_s17_T3_ctrl,2,226,9.533333333333333,-0.20577768981456757,-0.018463348023988815
UBFC_PHYS_s17_T3_ctrl,2,227,9.566666666666666,0.03939419984817505,-0.14214048896678616
UBFC_PHYS_s17_T3_ctrl,2,228,9.6,0.2093464732170105,-0.20803085248121614
UBFC_PHYS_s17_T3_ctrl,2,229,9.633333333333333,0.30046215653419495,-0.2179690037682085
UBFC_PHYS_s17_T3_ctrl,2,230,9.666666666666666,0.32107555866241455,-0.1870831954318643
UBFC_PHYS_s17_T3_ctrl,2,231,9.7,0.29896384477615356,-0.1393700430651852
UBFC_PHYS_s17_T3_ctrl,2,232,9.733333333333333,0.28986868262290955,-0.09949317994217943
UBFC_PHYS_s17_T3_ctrl,2,233,9.766666666666667,0.3129636347293854,-0.08410832649139002
UBFC_PHYS_s17_T3_ctrl,2,234,9.8,0.3262845277786255,-0.09671359836872717
UBFC_PHYS_s17_T3_ctrl,2,235,9.833333333333334,0.3087847828865051,-0.12854731677242304
UBFC_PHYS_s17_T3_ctrl,2,236,9.866666666666667,0.2897750437259674,-0.16475139890079057
UBFC_PHYS_s17_T3_ctrl,2,237,9.9,0.2733990252017975,-0.1922035997897953
UBFC_PHYS_s17_T3_ctrl,2,238,9.933333333333334,0.2137477546930313,-0.2051135174961445
UBFC_PHYS_s17_T3_ctrl,2,239,9.966666666666667,0.09998191148042679,-0.20622605715422812
UBFC_PHYS_s17_T3_ctrl,3,0,3.0,-0.7626789808273315,-0.01569705139344316
UBFC_PHYS_s17_T3_ctrl,3,1,3.033333333333333,-0.663556694984436,0.2672504938006247
UBFC_PHYS_s17_T3_ctrl,3,2,3.066666666666667,-0.6515585780143738,0.5139131198162816
UBFC_PHYS_s17_T3_ctrl,3,3,3.1,-0.5835495591163635,0.6956489174275922
UBFC_PHYS_s17_T3_ctrl,3,4,3.1333333333333333,-0.30338990688323975,0.798082134651547
UBFC_PHYS_s17_T3_ctrl,3,5,3.1666666666666665,0.06577841192483902,0.8230948311675602
UBFC_PHYS_s17_T3_ctrl,3,6,3.2,0.2998066544532776,0.7860720304191028
UBFC_PHYS_s17_T3_ctrl,3,7,3.2333333333333334,0.3096860945224762,0.7098907677755097
UBFC_PHYS_s17_T3_ctrl,3,8,3.2666666666666666,0.14090436697006226,0.6181147785283789
UBFC_PHYS_s17_T3_ctrl,3,9,3.3,-0.015855802223086357,0.529500133289684
UBFC_PHYS_s17_T3_ctrl,3,10,3.3333333333333335,0.09498365968465805,0.4550341611335914
UBFC_PHYS_s17_T3_ctrl,3,11,3.3666666666666667,0.5330974459648132,0.39767656258128586
UBFC_PHYS_s17_T3_ctrl,3,12,3.4,1.0093361139297485,0.35398597883339966
UBFC_PHYS_s17_T3_ctrl,3,13,3.433333333333333,1.1911343336105347,0.3164322720669523
UBFC_PHYS_s17_T3_ctrl,3,14,3.466666666666667,1.1316118240356445,0.27562732107772425
UBFC_PHYS_s17_T3_ctrl,3,15,3.5,1.088313102722168,0.22233334463069032
UBFC_PHYS_s17_T3_ctrl,3,16,3.533333333333333,1.048455834388733,0.14927495594160198
UBFC_PHYS_s17_T3_ctrl,3,17,3.566666666666667,0.8502582311630249,0.05260256690904509
UBFC_PHYS_s17_T3_ctrl,3,18,3.6,0.5280640721321106,-0.06724185830286684
UBFC_PHYS_s17_T3_ctrl,3,19,3.6333333333333333,0.24366703629493713,-0.2053613110729949
UBFC_PHYS_s17_T3_ctrl,3,20,3.6666666666666665,0.07215791940689087,-0.352773775639516
UBFC_PHYS_s17_T3_ctrl,3,21,3.7,-0.11267206817865372,-0.4970132588752428
UBFC_PHYS_s17_T3_ctrl,3,22,3.7333333333333334,-0.37472328543663025,-0.622829522850331
UBFC_PHYS_s17_T3_ctrl,3,23,3.7666666666666666,-0.4062345325946808,-0.7131689399513833
UBFC_PHYS_s17_T3_ctrl,3,24,3.8,-0.05683678761124611,-0.7508168388558354
UBFC_PHYS_s17_T3_ctrl,3,25,3.8333333333333335,0.23082609474658966,-0.7210605898338728
UBFC_PHYS_s17_T3_ctrl,3,26,3.8666666666666667,0.09051215648651123,-0.6154627510498342
UBFC_PHYS_s17_T3_ctrl,3,27,3.9,-0.3927614688873291,-0.43625625896751885
UBFC_PHYS_s17_T3_ctrl,3,28,3.933333333333333,-0.922307014465332,-0.20005086840644615
UBFC_PHYS_s17_T3_ctrl,3,29,3.966666666666667,-1.127410888671875,0.06122909552520237
UBFC_PHYS_s17_T3_ctrl,3,30,4.0,-0.9645990133285522,0.30437246764171577
UBFC_PHYS_s17_T3_ctrl,3,31,4.033333333333333,-1.0045381784439087,0.4847458024461151
UBFC_PHYS_s17_T3_ctrl,3,32,4.066666666666666,-1.523092269897461,0.5699839735240166
UBFC_PHYS_s17_T3_ctrl,3,33,4.1,-2.0358989238739014,0.5522849053295007
UBFC_PHYS_s17_T3_ctrl,3,34,4.133333333333334,-2.180286407470703,0.452708912416966
UBFC_PHYS_s17_T3_ctrl,3,35,4.166666666666667,-2.149606227874756,0.31355615419722194
UBFC_PHYS_s17_T3_ctrl,3,36,4.2,-2.1569454669952393,0.18130663752867898
UBFC_PHYS_s17_T3_ctrl,3,37,4.233333333333333,-2.181972026824951,0.0882217451666131
UBFC_PHYS_s17_T3_ctrl,3,38,4.266666666666667,-2.1920034885406494,0.041223258724070025
UBFC_PHYS_s17_T3_ctrl,3,39,4.3,-2.1858112812042236,0.022442763383120717
UBFC_PHYS_s17_T3_ctrl,3,40,4.333333333333333,-2.1320478916168213,2.427302159540277e-05
UBFC_PHYS_s17_T3_ctrl,3,41,4.366666666666666,-2.0385091304779053,-0.05650110204455786
UBFC_PHYS_s17_T3_ctrl,3,42,4.4,-1.9604685306549072,-0.16289492956851875
UBFC_PHYS_s17_T3_ctrl,3,43,4.433333333333334,-1.8657827377319336,-0.31357090030487883
UBFC_PHYS_s17_T3_ctrl,3,44,4.466666666666667,-1.6255505084991455,-0.4829432816660533
UBFC_PHYS_s17_T3_ctrl,3,45,4.5,-1.2205984592437744,-0.6331173553791162
UBFC_PHYS_s17_T3_ctrl,3,46,4.533333333333333,-0.8059542179107666,-0.7247195651411886
UBFC_PHYS_s17_T3_ctrl,3,47,4.566666666666666,-0.4930308759212494,-0.7275505473330673
UBFC_PHYS_s17_T3_ctrl,3,48,4.6,-0.2695727050304413,-0.6285099222254634
UBFC_PHYS_s17_T3_ctrl,3,49,4.633333333333334,-0.11342121660709381,-0.43528342413983134
UBFC_PHYS_s17_T3_ctrl,3,50,4.666666666666667,-0.006268991623073816,-0.17524102471072145
UBFC_PHYS_s17_T3_ctrl,3,51,4.7,0.09321612864732742,0.11012908350432184
UBFC_PHYS_s17_T3_ctrl,3,52,4.733333333333333,0.18366459012031555,0.37403071179400194
UBFC_PHYS_s17_T3_ctrl,3,53,4.766666666666667,0.22002190351486206,0.5743905426249375
UBFC_PHYS_s17_T3_ctrl,3,54,4.8,0.21482466161251068,0.6826694557567718
UBFC_PHYS_s17_T3_ctrl,3,55,4.833333333333333,0.21303372085094452,0.6893253692292985
UBFC_PHYS_s17_T3_ctrl,3,56,4.866666666666666,0.19261930882930756,0.6048635777058781
UBFC_PHYS_s17_T3_ctrl,3,57,4.9,0.12292470782995224,0.4566583407543389
UBFC_PHYS_s17_T3_ctrl,3,58,4.933333333333334,0.060323648154735565,0.2825903034825707
UBFC_PHYS_s17_T3_ctrl,3,59,4.966666666666667,0.06576670706272125,0.12302147540437164
UBFC_PHYS_s17_T3_ctrl,3,60,5.0,0.09504218399524689,0.012844657538672734
UBFC_PHYS_s17_T3_ctrl,3,61,5.033333333333333,0.0700509250164032,-0.024934943825555826
UBFC_PHYS_s17_T3_ctrl,3,62,5.066666666666666,0.03145786374807358,0.016597526626444092
UBFC_PHYS_s17_T3_ctrl,3,63,5.1,0.12036120146512985,0.1264479373719358
UBFC_PHYS_s17_T3_ctrl,3,64,5.133333333333334,0.4050742983818054,0.27671093256850626
UBFC_PHYS_s17_T3_ctrl,3,65,5.166666666666667,0.7492630481719971,0.42725575835108626
UBFC_PHYS_s17_T3_ctrl,3,66,5.2,0.91129070520401,0.5345793363465086
UBFC_PHYS_s17_T3_ctrl,3,67,5.233333333333333,0.7565087676048279,0.5635863102097252
UBFC_PHYS_s17_T3_ctrl,3,68,5.266666666666667,0.3354499340057373,0.4986537436609019
UBFC_PHYS_s17_T3_ctrl,3,69,5.3,-0.16871803998947144,0.3491975931179246
UBFC_PHYS_s17_T3_ctrl,3,70,5.333333333333333,-0.5813021063804626,0.1465869024082084
UBFC_PHYS_s17_T3_ctrl,3,71,5.366666666666666,-0.8465957641601562,-0.06693177512832403
UBFC_PHYS_s17_T3_ctrl,3,72,5.4,-0.9998559951782227,-0.25271465051758063
UBFC_PHYS_s17_T3_ctrl,3,73,5.433333333333334,-1.1027942895889282,-0.3874293791704138
UBFC_PHYS_s17_T3_ctrl,3,74,5.466666666666667,-1.2360029220581055,-0.4676416134173973
UBFC_PHYS_s17_T3_ctrl,3,75,5.5,-1.4595664739608765,-0.5066522113294983
UBFC_PHYS_s17_T3_ctrl,3,76,5.533333333333333,-1.761568546295166,-0.5261712168828719
UBFC_PHYS_s17_T3_ctrl,3,77,5.566666666666666,-2.0857994556427,-0.5467930655649603
UBFC_PHYS_s17_T3_ctrl,3,78,5.6,-2.365888833999634,-0.5806837758902814
UBFC_PHYS_s17_T3_ctrl,3,79,5.633333333333334,-2.5308077335357666,-0.6282311369782899
UBFC_PHYS_s17_T3_ctrl,3,80,5.666666666666667,-2.565737009048462,-0.6787172979850714
UBFC_PHYS_s17_T3_ctrl,3,81,5.7,-2.522017002105713,-0.7139964401053169
UBFC_PHYS_s17_T3_ctrl,3,82,5.733333333333333,-2.4149818420410156,-0.7138134670303987
UBFC_PHYS_s17_T3_ctrl,3,83,5.766666666666667,-2.1247787475585938,-0.6614818777846522
UBFC_PHYS_s17_T3_ctrl,3,84,5.8,-1.532362937927246,-0.5487872472585835
UBFC_PHYS_s17_T3_ctrl,3,85,5.833333333333333,-0.7702290415763855,-0.37910840618682023
UBFC_PHYS_s17_T3_ctrl,3,86,5.866666666666666,-0.09877762943506241,-0.16794858076315977
UBFC_PHYS_s17_T3_ctrl,3,87,5.9,0.3855963349342346,0.05956477366316369
UBFC_PHYS_s17_T3_ctrl,3,88,5.933333333333334,0.7187116742134094,0.27403785020477844
UBFC_PHYS_s17_T3_ctrl,3,89,5.966666666666667,0.8913679718971252,0.4489376018261076
UBFC_PHYS_s17_T3_ctrl,3,90,6.0,0.9250212907791138,0.5674086099911599
UBFC_PHYS_s17_T3_ctrl,3,91,6.033333333333333,0.9483386874198914,0.6262611372896083
UBFC_PHYS_s17_T3_ctrl,3,92,6.066666666666666,1.0240850448608398,0.6353130250327199
UBFC_PHYS_s17_T3_ctrl,3,93,6.1,1.0897177457809448,0.6121681965355469
UBFC_PHYS_s17_T3_ctrl,3,94,6.133333333333334,1.1111271381378174,0.5748210948277194
UBFC_PHYS_s17_T3_ctrl,3,95,6.166666666666667,1.1331452131271362,0.5355437939437476
UBFC_PHYS_s17_T3_ctrl,3,96,6.2,1.1790542602539062,0.498413943432453
UBFC_PHYS_s17_T3_ctrl,3,97,6.233333333333333,1.2044317722320557,0.46069904614860824
UBFC_PHYS_s17_T3_ctrl,3,98,6.266666666666667,1.1683788299560547,0.41672305393996956
UBFC_PHYS_s17_T3_ctrl,3,99,6.3,1.099445104598999,0.36217119418056265
UBFC_PHYS_s17_T3_ctrl,3,100,6.333333333333333,1.039910912513733,0.29683886684065497
UBFC_PHYS_s17_T3_ctrl,3,101,6.366666666666666,0.9712229371070862,0.22469964100810336
UBFC_PHYS_s17_T3_ctrl,3,102,6.4,0.835579514503479,0.1516846597688856
UBFC_PHYS_s17_T3_ctrl,3,103,6.433333333333334,0.5758459568023682,0.082770004598978
UBFC_PHYS_s17_T3_ctrl,3,104,6.466666666666667,0.20652545988559723,0.02003893782647978
UBFC_PHYS_s17_T3_ctrl,3,105,6.5,-0.0856323391199112,-0.03746841241233108
UBFC_PHYS_s17_T3_ctrl,3,106,6.533333333333333,-0.06546375155448914,-0.09236689672818824
UBFC_PHYS_s17_T3_ctrl,3,107,6.566666666666666,0.20345860719680786,-0.14697975090700532
UBFC_PHYS_s17_T3_ctrl,3,108,6.6,0.4587089419364929,-0.20193035612366197
UBFC_PHYS_s17_T3_ctrl,3,109,6.633333333333334,0.5689631104469299,-0.2558161577186822
UBFC_PHYS_s17_T3_ctrl,3,110,6.666666666666667,0.5969159007072449,-0.30563894312076406
UBFC_PHYS_s17_T3_ctrl,3,111,6.7,0.5783860683441162,-0.3472788692413032
UBFC_PHYS_s17_T3_ctrl,3,112,6.733333333333333,0.45909520983695984,-0.37578410855415284
UBFC_PHYS_s17_T3_ctrl,3,113,6.766666666666667,0.30081331729888916,-0.3858908714508351
UBFC_PHYS_s17_T3_ctrl,3,114,6.8,0.30152735114097595,-0.3731838987292015
UBFC_PHYS_s17_T3_ctrl,3,115,6.833333333333333,0.47430068254470825,-0.33579642376718133
UBFC_PHYS_s17_T3_ctrl,3,116,6.866666666666666,0.6414670348167419,-0.27606716962664346
UBFC_PHYS_s17_T3_ctrl,3,117,6.9,0.7153053879737854,-0.20134343551617837
UBFC_PHYS_s17_T3_ctrl,3,118,6.933333333333334,0.7345141172409058,-0.12320719876729434
UBFC_PHYS_s17_T3_ctrl,3,119,6.966666666666667,0.7101900577545166,-0.054917849892545084
UBFC_PHYS_s17_T3_ctrl,3,120,7.0,0.6256529092788696,-0.007722264346328756
UBFC_PHYS_s17_T3_ctrl,3,121,7.033333333333333,0.5067015290260315,0.012599610549540168
UBFC_PHYS_s17_T3_ctrl,3,122,7.066666666666666,0.3976530134677887,0.007510606587390101
UBFC_PHYS_s17_T3_ctrl,3,123,7.1,0.3007547855377197,-0.01493438619467365
UBFC_PHYS_s17_T3_ctrl,3,124,7.133333333333334,0.16572004556655884,-0.04278861373749087
UBFC_PHYS_s17_T3_ctrl,3,125,7.166666666666667,-0.06368451565504074,-0.06376793943422833
UBFC_PHYS_s17_T3_ctrl,3,126,7.2,-0.37348249554634094,-0.06844054025834823
UBFC_PHYS_s17_T3_ctrl,3,127,7.233333333333333,-0.633777916431427,-0.052292219586002504
UBFC_PHYS_s17_T3_ctrl,3,128,7.266666666666667,-0.650259256362915,-0.016339845459707816
UBFC_PHYS_s17_T3_ctrl,3,129,7.3,-0.3512888550758362,0.033692286614378106
UBFC_PHYS_s17_T3_ctrl,3,130,7.333333333333333,0.10569419711828232,0.08926009572957008
UBFC_PHYS_s17_T3_ctrl,3,131,7.366666666666666,0.5165692567825317,0.14129198307937824
UBFC_PHYS_s17_T3_ctrl,3,132,7.4,0.8173540234565735,0.18217664919846985
UBFC_PHYS_s17_T3_ctrl,3,133,7.433333333333334,1.0285214185714722,0.20699881438904938
UBFC_PHYS_s17_T3_ctrl,3,134,7.466666666666667,1.13168203830719,0.2140134246566314
UBFC_PHYS_s17_T3_ctrl,3,135,7.5,1.1343157291412354,0.20457711754697594
UBFC_PHYS_s17_T3_ctrl,3,136,7.533333333333333,1.1425681114196777,0.18260146066986643
UBFC_PHYS_s17_T3_ctrl,3,137,7.566666666666666,1.2267425060272217,0.15347216740679573
UBFC_PHYS_s17_T3_ctrl,3,138,7.6,1.3218380212783813,0.12263492400315619
UBFC_PHYS_s17_T3_ctrl,3,139,7.633333333333334,1.345272421836853,0.09432409396807376
UBFC_PHYS_s17_T3_ctrl,3,140,7.666666666666667,1.2997145652770996,0.07078629416373584
UBFC_PHYS_s17_T3_ctrl,3,141,7.7,1.2147676944732666,0.05201658396058278
UBFC_PHYS_s17_T3_ctrl,3,142,7.733333333333333,1.0744421482086182,0.03587927160096656
UBFC_PHYS_s17_T3_ctrl,3,143,7.766666666666667,0.8576443791389465,0.018647672601033012
UBFC_PHYS_s17_T3_ctrl,3,144,7.8,0.6082351207733154,-0.003777790334771403
UBFC_PHYS_s17_T3_ctrl,3,145,7.833333333333333,0.39283034205436707,-0.033960930389053214
UBFC_PHYS_s17_T3_ctrl,3,146,7.866666666666666,0.2171657532453537,-0.07111008855914731
UBFC_PHYS_s17_T3_ctrl,3,147,7.9,0.03724038600921631,-0.11051627867193303
UBFC_PHYS_s17_T3_ctrl,3,148,7.933333333333334,-0.17941688001155853,-0.1447161796426602
UBFC_PHYS_s17_T3_ctrl,3,149,7.966666666666667,-0.4177761673927307,-0.16580824015466922
UBFC_PHYS_s17_T3_ctrl,3,150,8.0,-0.5742788314819336,-0.16795682481751492
UBFC_PHYS_s17_T3_ctrl,3,151,8.033333333333333,-0.4813721776008606,-0.14928163899891114
UBFC_PHYS_s17_T3_ctrl,3,152,8.066666666666666,-0.14046093821525574,-0.11257388894388928
UBFC_PHYS_s17_T3_ctrl,3,153,8.1,0.24214531481266022,-0.06457864731349386
UBFC_PHYS_s17_T3_ctrl,3,154,8.133333333333333,0.4907820224761963,-0.014033021946393411
UBFC_PHYS_s17_T3_ctrl,3,155,8.166666666666666,0.6078605055809021,0.030917845173518477
UBFC_PHYS_s17_T3_ctrl,3,156,8.2,0.6409637331962585,0.06510261973529095
UBFC_PHYS_s17_T3_ctrl,3,157,8.233333333333333,0.610318660736084,0.0877110616215883
UBFC_PHYS_s17_T3_ctrl,3,158,8.266666666666667,0.5890029668807983,0.10212892310123477
UBFC_PHYS_s17_T3_ctrl,3,159,8.3,0.632851779460907,0.11419578652369772
UBFC_PHYS_s17_T3_ctrl,3,160,8.333333333333334,0.6628764271736145,0.12960486070199106
UBFC_PHYS_s17_T3_ctrl,3,161,8.366666666666667,0.6159958839416504,0.15159833196111425
UBFC_PHYS_s17_T3_ctrl,3,162,8.4,0.5517677068710327,0.17984362588631334
UBFC_PHYS_s17_T3_ctrl,3,163,8.433333333333334,0.5166277885437012,0.21066320640374833
UBFC_PHYS_s17_T3_ctrl,3,164,8.466666666666667,0.46534594893455505,0.23817039925987063
UBFC_PHYS_s17_T3_ctrl,3,165,8.5,0.35964521765708923,0.25568111816699324
UBFC_PHYS_s17_T3_ctrl,3,166,8.533333333333333,0.22635458409786224,0.2570215332364207
UBFC_PHYS_s17_T3_ctrl,3,167,8.566666666666666,0.1148010864853859,0.23766102995724425
UBFC_PHYS_s17_T3_ctrl,3,168,8.6,0.03197290748357773,0.19563518801998248
UBFC_PHYS_s17_T3_ctrl,3,169,8.633333333333333,-0.0700991302728653,0.13207229046671878
UBFC_PHYS_s17_T3_ctrl,3,170,8.666666666666666,-0.23739425837993622,0.051071104421917146
UBFC_PHYS_s17_T3_ctrl,3,171,8.7,-0.4432941675186157,-0.04116074551695161
UBFC_PHYS_s17_T3_ctrl,3,172,8.733333333333333,-0.5742670893669128,-0.13768281366999938
UBFC_PHYS_s17_T3_ctrl,3,173,8.766666666666667,-0.5019036531448364,-0.23230150383614237
UBFC_PHYS_s17_T3_ctrl,3,174,8.8,-0.23687921464443207,-0.3208323780773582
UBFC_PHYS_s17_T3_ctrl,3,175,8.833333333333334,0.05834541842341423,-0.401906436737213
UBFC_PHYS_s17_T3_ctrl,3,176,8.866666666666667,0.26246607303619385,-0.47693984994196875
UBFC_PHYS_s17_T3_ctrl,3,177,8.9,0.3794509470462799,-0.548829012178875
UBFC_PHYS_s17_T3_ctrl,3,178,8.933333333333334,0.427338182926178,-0.6193139600239161
UBFC_PHYS_s17_T3_ctrl,3,179,8.966666666666667,0.39205777645111084,-0.6856599811473106
UBFC_PHYS_s17_T3_ctrl,3,180,9.0,0.3262845277786255,-0.7379640939901316
UBFC_PHYS_s17_T3_ctrl,3,181,9.033333333333333,0.3338579833507538,-0.7586730669684002
UBFC_PHYS_s17_T3_ctrl,3,182,9.066666666666666,0.3995727002620697,-0.7255391809289212
UBFC_PHYS_s17_T3_ctrl,3,183,9.1,0.4233465790748596,-0.6180648520660066
UBFC_PHYS_s17_T3_ctrl,3,184,9.133333333333333,0.38600602746009827,-0.42574617260078274
UBFC_PHYS_s17_T3_ctrl,3,185,9.166666666666666,0.34278929233551025,-0.154987994441496
UBFC_PHYS_s17_T3_ctrl,3,186,9.2,0.29541710019111633,0.16859557577510637
UBFC_PHYS_s17_T3_ctrl,3,187,9.233333333333333,0.205752894282341,0.5041926472839245
UBFC_PHYS_s17_T3_ctrl,3,188,9.266666666666667,0.09473784267902374,0.8050019858827375
UBFC_PHYS_s17_T3_ctrl,3,189,9.3,0.01135950442403555,1.0291599516563612
UBFC_PHYS_s17_T3_ctrl,3,190,9.333333333333334,-0.05958758294582367,1.1484993326441766
UBFC_PHYS_s17_T3_ctrl,3,191,9.366666666666667,-0.16623647511005402,1.152862153818083
UBFC_PHYS_s17_T3_ctrl,3,192,9.4,-0.32070237398147583,1.050140830699887
UBFC_PHYS_s17_T3_ctrl,3,193,9.433333333333334,-0.4802718758583069,0.8637474536537454
UBFC_PHYS_s17_T3_ctrl,3,194,9.466666666666667,-0.5506922006607056,0.6288369992179941
UBFC_PHYS_s17_T3_ctrl,3,195,9.5,-0.4480348825454712,0.38722936413287395
UBFC_PHYS_s17_T3_ctrl,3,196,9.533333333333333,-0.20577768981456757,0.18023916329923245
UBFC_PHYS_s17_T3_ctrl,3,197,9.566666666666666,0.03939419984817505,0.039544412739269376
UBFC_PHYS_s17_T3_ctrl,3,198,9.6,0.2093464732170105,-0.02158348148050371
UBFC_PHYS_s17_T3_ctrl,3,199,9.633333333333333,0.30046215653419495,-0.012889349395419768
UBFC_PHYS_s17_T3_ctrl,3,200,9.666666666666666,0.32107555866241455,0.03529179863794016
UBFC_PHYS_s17_T3_ctrl,3,201,9.7,0.29896384477615356,0.08148070125380857
UBFC_PHYS_s17_T3_ctrl,3,202,9.733333333333333,0.28986868262290955,0.08634764418524986
UBFC_PHYS_s17_T3_ctrl,3,203,9.766666666666667,0.3129636347293854,0.02492563386951064
UBFC_PHYS_s17_T3_ctrl,3,204,9.8,0.3262845277786255,-0.10662421978348612
UBFC_PHYS_s17_T3_ctrl,3,205,9.833333333333334,0.3087847828865051,-0.29148554954444883
UBFC_PHYS_s17_T3_ctrl,3,206,9.866666666666667,0.2897750437259674,-0.4984580287433215
UBFC_PHYS_s17_T3_ctrl,3,207,9.9,0.2733990252017975,-0.6906320288835905
UBFC_PHYS_s17_T3_ctrl,3,208,9.933333333333334,0.2137477546930313,-0.8334236448370367
UBFC_PHYS_s17_T3_ctrl,3,209,9.966666666666667,0.09998191148042679,-0.9005984551957017
UBFC_PHYS_s17_T3_ctrl,3,210,10.0,-0.00732248742133379,-0.8782794247212139
UBFC_PHYS_s17_T3_ctrl,3,211,10.033333333333333,-0.06527645885944366,-0.7673089368429687
UBFC_PHYS_s17_T3_ctrl,3,212,10.066666666666666,-0.11611348390579224,-0.5838924138641697
UBFC_PHYS_s17_T3_ctrl,3,213,10.1,-0.21637116372585297,-0.35780064790916394
UBFC_PHYS_s17_T3_ctrl,3,214,10.133333333333333,-0.3539460003376007,-0.1272914719588018
UBFC_PHYS_s17_T3_ctrl,3,215,10.166666666666666,-0.4287208020687103,0.06914883535810125
UBFC_PHYS_s17_T3_ctrl,3,216,10.2,-0.3463725447654724,0.20240822518160076
UBFC_PHYS_s17_T3_ctrl,3,217,10.233333333333333,-0.14358630776405334,0.2606306390362223
UBFC_PHYS_s17_T3_ctrl,3,218,10.266666666666667,0.04688572511076927,0.252616708022689
UBFC_PHYS_s17_T3_ctrl,3,219,10.3,0.15452958643436432,0.20533689169799402
UBFC_PHYS_s17_T3_ctrl,3,220,10.333333333333334,0.18511608242988586,0.15571177478387424
UBFC_PHYS_s17_T3_ctrl,3,221,10.366666666666667,0.1453641653060913,0.13860768327709336
UBFC_PHYS_s17_T3_ctrl,3,222,10.4,0.07267296314239502,0.17487216575886957
UBFC_PHYS_s17_T3_ctrl,3,223,10.433333333333334,0.02367370016872883,0.26389994280852086
UBFC_PHYS_s17_T3_ctrl,3,224,10.466666666666667,-0.0006737582734785974,0.38367180381172733
UBFC_PHYS_s17_T3_ctrl,3,225,10.5,-0.024880750104784966,0.4981563081834381
UBFC_PHYS_s17_T3_ctrl,3,226,10.533333333333333,-0.04014473408460617,0.5690244124248702
UBFC_PHYS_s17_T3_ctrl,3,227,10.566666666666666,-0.0516512505710125,0.5672078145757687
UBFC_PHYS_s17_T3_ctrl,3,228,10.6,-0.08352535218000412,0.4804953279745239
UBFC_PHYS_s17_T3_ctrl,3,229,10.633333333333333,-0.1274678260087967,0.31546668624522
UBFC_PHYS_s17_T3_ctrl,3,230,10.666666666666666,-0.1669856309890747,0.09439171936670643
UBFC_PHYS_s17_T3_ctrl,3,231,10.7,-0.21384277939796448,-0.15075532515785786
UBFC_PHYS_s17_T3_ctrl,3,232,10.733333333333333,-0.28771623969078064,-0.38478427279431054
UBFC_PHYS_s17_T3_ctrl,3,233,10.766666666666667,-0.4002178907394409,-0.5747370751447198
UBFC_PHYS_s17_T3_ctrl,3,234,10.8,-0.5284868478775024,-0.6939581512073115
UBFC_PHYS_s17_T3_ctrl,3,235,10.833333333333334,-0.5850479006767273,-0.7251850414551338
UBFC_PHYS_s17_T3_ctrl,3,236,10.866666666666667,-0.48497748374938965,-0.6629106549951304
UBFC_PHYS_s17_T3_ctrl,3,237,10.9,-0.2587217092514038,-0.5146343071893897
UBFC_PHYS_s17_T3_ctrl,3,238,10.933333333333334,-0.038166504353284836,-0.3002429308438892
UBFC_PHYS_s17_T3_ctrl,3,239,10.966666666666667,0.08439017087221146,-0.04915143107585954
UBFC_PHYS_s17_T3_ctrl,4,0,4.0,-0.9645990133285522,-0.036434797656068385
UBFC_PHYS_s17_T3_ctrl,4,1,4.033333333333333,-1.0045381784439087,0.20756195573787142
UBFC_PHYS_s17_T3_ctrl,4,2,4.066666666666666,-1.523092269897461,0.40497867156125694
UBFC_PHYS_s17_T3_ctrl,4,3,4.1,-2.0358989238739014,0.5235738898694551
UBFC_PHYS_s17_T3_ctrl,4,4,4.133333333333334,-2.180286407470703,0.5541946119365772
UBFC_PHYS_s17_T3_ctrl,4,5,4.166666666666667,-2.149606227874756,0.510141520657233
UBFC_PHYS_s17_T3_ctrl,4,6,4.2,-2.1569454669952393,0.417800664619106
UBFC_PHYS_s17_T3_ctrl,4,7,4.233333333333333,-2.181972026824951,0.30378258011003495
UBFC_PHYS_s17_T3_ctrl,4,8,4.266666666666667,-2.1920034885406494,0.18504440494807642
UBFC_PHYS_s17_T3_ctrl,4,9,4.3,-2.1858112812042236,0.06605957396302473
UBFC_PHYS_s17_T3_ctrl,4,10,4.333333333333333,-2.1320478916168213,-0.056942994679533954
UBFC_PHYS_s17_T3_ctrl,4,11,4.366666666666666,-2.0385091304779053,-0.18798435288073428
UBFC_PHYS_s17_T3_ctrl,4,12,4.4,-1.9604685306549072,-0.32400938331883156
UBFC_PHYS_s17_T3_ctrl,4,13,4.433333333333334,-1.8657827377319336,-0.4516159295826177
UBFC_PHYS_s17_T3_ctrl,4,14,4.466666666666667,-1.6255505084991455,-0.5490728363766388
UBFC_PHYS_s17_T3_ctrl,4,15,4.5,-1.2205984592437744,-0.5926598610033889
UBFC_PHYS_s17_T3_ctrl,4,16,4.533333333333333,-0.8059542179107666,-0.5648610424317264
UBFC_PHYS_s17_T3_ctrl,4,17,4.566666666666666,-0.4930308759212494,-0.4613862045455736
UBFC_PHYS_s17_T3_ctrl,4,18,4.6,-0.2695727050304413,-0.2943663729935514
UBFC_PHYS_s17_T3_ctrl,4,19,4.633333333333334,-0.11342121660709381,-0.09035934513862295
UBFC_PHYS_s17_T3_ctrl,4,20,4.666666666666667,-0.006268991623073816,0.1162553847949577
UBFC_PHYS_s17_T3_ctrl,4,21,4.7,0.09321612864732742,0.29207934636215155
UBFC_PHYS_s17_T3_ctrl,4,22,4.733333333333333,0.18366459012031555,0.412434518606082
UBFC_PHYS_s17_T3_ctrl,4,23,4.766666666666667,0.22002190351486206,0.4654531065185034
UBFC_PHYS_s17_T3_ctrl,4,24,4.8,0.21482466161251068,0.4518898423238813
UBFC_PHYS_s17_T3_ctrl,4,25,4.833333333333333,0.21303372085094452,0.3820602965265111
UBFC_PHYS_s17_T3_ctrl,4,26,4.866666666666666,0.19261930882930756,0.2721766784871807
UBFC_PHYS_s17_T3_ctrl,4,27,4.9,0.12292470782995224,0.1417455244857064
UBFC_PHYS_s17_T3_ctrl,4,28,4.933333333333334,0.060323648154735565,0.012198161189905956
UBFC_PHYS_s17_T3_ctrl,4,29,4.966666666666667,0.06576670706272125,-0.09430520077772653
UBFC_PHYS_s17_T3_ctrl,4,30,5.0,0.09504218399524689,-0.15708074153278448
UBFC_PHYS_s17_T3_ctrl,4,31,5.033333333333333,0.0700509250164032,-0.16053191973227182
UBFC_PHYS_s17_T3_ctrl,4,32,5.066666666666666,0.03145786374807358,-0.09854353948350425
UBFC_PHYS_s17_T3_ctrl,4,33,5.1,0.12036120146512985,0.021765709514220015
UBFC_PHYS_s17_T3_ctrl,4,34,5.133333333333334,0.4050742983818054,0.17870612897870913
UBFC_PHYS_s17_T3_ctrl,4,35,5.166666666666667,0.7492630481719971,0.3386355764114837
UBFC_PHYS_s17_T3_ctrl,4,36,5.2,0.91129070520401,0.4631250531449683
UBFC_PHYS_s17_T3_ctrl,4,37,5.233333333333333,0.7565087676048279,0.5194230449732595
UBFC_PHYS_s17_T3_ctrl,4,38,5.266666666666667,0.3354499340057373,0.49074505986621214
UBFC_PHYS_s17_T3_ctrl,4,39,5.3,-0.16871803998947144,0.3819448827560125
UBFC_PHYS_s17_T3_ctrl,4,40,5.333333333333333,-0.5813021063804626,0.21764932608920923
UBFC_PHYS_s17_T3_ctrl,4,41,5.366666666666666,-0.8465957641601562,0.033325864276067804
UBFC_PHYS_s17_T3_ctrl,4,42,5.4,-0.9998559951782227,-0.13686389494095433
UBFC_PHYS_s17_T3_ctrl,4,43,5.433333333333334,-1.1027942895889282,-0.27020502891020176
UBFC_PHYS_s17_T3_ctrl,4,44,5.466666666666667,-1.2360029220581055,-0.3598269199182792
UBFC_PHYS_s17_T3_ctrl,4,45,5.5,-1.4595664739608765,-0.41267763685587927
UBFC_PHYS_s17_T3_ctrl,4,46,5.533333333333333,-1.761568546295166,-0.44307096161977527
UBFC_PHYS_s17_T3_ctrl,4,47,5.566666666666666,-2.0857994556427,-0.4650629207690793
UBFC_PHYS_s17_T3_ctrl,4,48,5.6,-2.365888833999634,-0.48665184884086626
UBFC_PHYS_s17_T3_ctrl,4,49,5.633333333333334,-2.5308077335357666,-0.5074907853975144
UBFC_PHYS_s17_T3_ctrl,4,50,5.666666666666667,-2.565737009048462,-0.5201935279094473
UBFC_PHYS_s17_T3_ctrl,4,51,5.7,-2.522017002105713,-0.514057829632777
UBFC_PHYS_s17_T3_ctrl,4,52,5.733333333333333,-2.4149818420410156,-0.47947728408066354
UBFC_PHYS_s17_T3_ctrl,4,53,5.766666666666667,-2.1247787475585938,-0.411442269143844
UBFC_PHYS_s17_T3_ctrl,4,54,5.8,-1.532362937927246,-0.31113426283064083
UBFC_PHYS_s17_T3_ctrl,4,55,5.833333333333333,-0.7702290415763855,-0.1855289829766894
UBFC_PHYS_s17_T3_ctrl,4,56,5.866666666666666,-0.09877762943506241,-0.04579998740991837
UBFC_PHYS_s17_T3_ctrl,4,57,5.9,0.3855963349342346,0.09451718490688417
UBFC_PHYS_s17_T3_ctrl,4,58,5.933333333333334,0.7187116742134094,0.22134886497403286
UBFC_PHYS_s17_T3_ctrl,4,59,5.966666666666667,0.8913679718971252,0.32225169337985804
UBFC_PHYS_s17_T3_ctrl,4,60,6.0,0.9250212907791138,0.38893903346749503
UBFC_PHYS_s17_T3_ctrl,4,61,6.033333333333333,0.9483386874198914,0.4193757874851873
UBFC_PHYS_s17_T3_ctrl,4,62,6.066666666666666,1.0240850448608398,0.4183410295086268
UBFC_PHYS_s17_T3_ctrl,4,63,6.1,1.0897177457809448,0.395871342987007
UBFC_PHYS_s17_T3_ctrl,4,64,6.133333333333334,1.1111271381378174,0.3640226614939766
UBFC_PHYS_s17_T3_ctrl,4,65,6.166666666666667,1.1331452131271362,0.33319169872741383
UBFC_PHYS_s17_T3_ctrl,4,66,6.2,1.1790542602539062,0.30929782762420055
UBFC_PHYS_s17_T3_ctrl,4,67,6.233333333333333,1.2044317722320557,0.292676142588802
UBFC_PHYS_s17_T3_ctrl,4,68,6.266666666666667,1.1683788299560547,0.2789857348423156
UBFC_PHYS_s17_T3_ctrl,4,69,6.3,1.099445104598999,0.2617749490295886
UBFC_PHYS_s17_T3_ctrl,4,70,6.333333333333333,1.039910912513733,0.23559184775070716
UBFC_PHYS_s17_T3_ctrl,4,71,6.366666666666666,0.9712229371070862,0.19821700361166128
UBFC_PHYS_s17_T3_ctrl,4,72,6.4,0.835579514503479,0.15113433186283054
UBFC_PHYS_s17_T3_ctrl,4,73,6.433333333333334,0.5758459568023682,0.09840503477787337
UBFC_PHYS_s17_T3_ctrl,4,74,6.466666666666667,0.20652545988559723,0.04494046969782315
UBFC_PHYS_s17_T3_ctrl,4,75,6.5,-0.0856323391199112,-0.004832150379170367
UBFC_PHYS_s17_T3_ctrl,4,76,6.533333333333333,-0.06546375155448914,-0.04771380680485596
UBFC_PHYS_s17_T3_ctrl,4,77,6.566666666666666,0.20345860719680786,-0.08230974243080352
UBFC_PHYS_s17_T3_ctrl,4,78,6.6,0.4587089419364929,-0.10956348772511014
UBFC_PHYS_s17_T3_ctrl,4,79,6.633333333333334,0.5689631104469299,-0.13271502143030553
UBFC_PHYS_s17_T3_ctrl,4,80,6.666666666666667,0.5969159007072449,-0.15606718155780475
UBFC_PHYS_s17_T3_ctrl,4,81,6.7,0.5783860683441162,-0.18269848329649793
UBFC_PHYS_s17_T3_ctrl,4,82,6.733333333333333,0.45909520983695984,-0.21231957010542848
UBFC_PHYS_s17_T3_ctrl,4,83,6.766666666666667,0.30081331729888916,-0.24073711032362285
UBFC_PHYS_s17_T3_ctrl,4,84,6.8,0.30152735114097595,-0.261353004896518
UBFC_PHYS_s17_T3_ctrl,4,85,6.833333333333333,0.47430068254470825,-0.2677954276784463
UBFC_PHYS_s17_T3_ctrl,4,86,6.866666666666666,0.6414670348167419,-0.2563370061317399
UBFC_PHYS_s17_T3_ctrl,4,87,6.9,0.7153053879737854,-0.2271673004498455
UBFC_PHYS_s17_T3_ctrl,4,88,6.933333333333334,0.7345141172409058,-0.18423904442684993
UBFC_PHYS_s17_T3_ctrl,4,89,6.966666666666667,0.7101900577545166,-0.13397012320030405
UBFC_PHYS_s17_T3_ctrl,4,90,7.0,0.6256529092788696,-0.08343643036350515
UBFC_PHYS_s17_T3_ctrl,4,91,7.033333333333333,0.5067015290260315,-0.03875008551261502
UBFC_PHYS_s17_T3_ctrl,4,92,7.066666666666666,0.3976530134677887,-0.004084469858608516
UBFC_PHYS_s17_T3_ctrl,4,93,7.1,0.3007547855377197,0.0185918157482342
UBFC_PHYS_s17_T3_ctrl,4,94,7.133333333333334,0.16572004556655884,0.029350622665019935
UBFC_PHYS_s17_T3_ctrl,4,95,7.166666666666667,-0.06368451565504074,0.03000459870125755
UBFC_PHYS_s17_T3_ctrl,4,96,7.2,-0.37348249554634094,0.02366559045824182
UBFC_PHYS_s17_T3_ctrl,4,97,7.233333333333333,-0.633777916431427,0.014014626981892533
UBFC_PHYS_s17_T3_ctrl,4,98,7.266666666666667,-0.650259256362915,0.004442363230865654
UBFC_PHYS_s17_T3_ctrl,4,99,7.3,-0.3512888550758362,-0.002526585789954511
UBFC_PHYS_s17_T3_ctrl,4,100,7.333333333333333,0.10569419711828232,-0.0053611111983355875
UBFC_PHYS_s17_T3_ctrl,4,101,7.366666666666666,0.5165692567825317,-0.00339524743146862
UBFC_PHYS_s17_T3_ctrl,4,102,7.4,0.8173540234565735,0.0033807757886652632
UBFC_PHYS_s17_T3_ctrl,4,103,7.433333333333334,1.0285214185714722,0.014595429250550233
UBFC_PHYS_s17_T3_ctrl,4,104,7.466666666666667,1.13168203830719,0.029757688210645377
UBFC_PHYS_s17_T3_ctrl,4,105,7.5,1.1343157291412354,0.04826195483176304
UBFC_PHYS_s17_T3_ctrl,4,106,7.533333333333333,1.1425681114196777,0.06894288756285342
UBFC_PHYS_s17_T3_ctrl,4,107,7.566666666666666,1.2267425060272217,0.08936608458269275
UBFC_PHYS_s17_T3_ctrl,4,108,7.6,1.3218380212783813,0.10551510804387491
UBFC_PHYS_s17_T3_ctrl,4,109,7.633333333333334,1.345272421836853,0.11253051572037687
UBFC_PHYS_s17_T3_ctrl,4,110,7.666666666666667,1.2997145652770996,0.10642810079177702
UBFC_PHYS_s17_T3_ctrl,4,111,7.7,1.2147676944732666,0.08590667737482283
UBFC_PHYS_s17_T3_ctrl,4,112,7.733333333333333,1.0744421482086182,0.0532122134512474
UBFC_PHYS_s17_T3_ctrl,4,113,7.766666666666667,0.8576443791389465,0.013631540533375982
UBFC_PHYS_s17_T3_ctrl,4,114,7.8,0.6082351207733154,-0.025945234971161957
UBFC_PHYS_s17_T3_ctrl,4,115,7.833333333333333,0.39283034205436707,-0.058550261367624375
UBFC_PHYS_s17_T3_ctrl,4,116,7.866666666666666,0.2171657532453537,-0.0782773826103432
UBFC_PHYS_s17_T3_ctrl,4,117,7.9,0.03724038600921631,-0.0811344776552673
UBFC_PHYS_s17_T3_ctrl,4,118,7.933333333333334,-0.17941688001155853,-0.0658040961399122
UBFC_PHYS_s17_T3_ctrl,4,119,7.966666666666667,-0.4177761673927307,-0.034143326603812266
UBFC_PHYS_s17_T3_ctrl,4,120,8.0,-0.5742788314819336,0.009076071017211952
UBFC_PHYS_s17_T3_ctrl,4,121,8.033333333333333,-0.4813721776008606,0.05742906103097699
UBFC_PHYS_s17_T3_ctrl,4,122,8.066666666666666,-0.14046093821525574,0.10451905762440235
UBFC_PHYS_s17_T3_ctrl,4,123,8.1,0.24214531481266022,0.145094506959572
UBFC_PHYS_s17_T3_ctrl,4,124,8.133333333333333,0.4907820224761963,0.17527820934267982
UBFC_PHYS_s17_T3_ctrl,4,125,8.166666666666666,0.6078605055809021,0.1924646402143041
UBFC_PHYS_s17_T3_ctrl,4,126,8.2,0.6409637331962585,0.1954911151086219
UBFC_PHYS_s17_T3_ctrl,4,127,8.233333333333333,0.610318660736084,0.18507521570654337
UBFC_PHYS_s17_T3_ctrl,4,128,8.266666666666667,0.5890029668807983,0.16398591463601306
UBFC_PHYS_s17_T3_ctrl,4,129,8.3,0.632851779460907,0.13646589033813522
UBFC_PHYS_s17_T3_ctrl,4,130,8.333333333333334,0.6628764271736145,0.10701358312444881
UBFC_PHYS_s17_T3_ctrl,4,131,8.366666666666667,0.6159958839416504,0.07917061478872742
UBFC_PHYS_s17_T3_ctrl,4,132,8.4,0.5517677068710327,0.054915901879326684
UBFC_PHYS_s17_T3_ctrl,4,133,8.433333333333334,0.5166277885437012,0.03478133605449869
UBFC_PHYS_s17_T3_ctrl,4,134,8.466666666666667,0.46534594893455505,0.018345832527549018
UBFC_PHYS_s17_T3_ctrl,4,135,8.5,0.35964521765708923,0.004674366838691112
UBFC_PHYS_s17_T3_ctrl,4,136,8.533333333333333,0.22635458409786224,-0.007444472747274965
UBFC_PHYS_s17_T3_ctrl,4,137,8.566666666666666,0.1148010864853859,-0.01932951862517636
UBFC_PHYS_s17_T3_ctrl,4,138,8.6,0.03197290748357773,-0.03221991683400429
UBFC_PHYS_s17_T3_ctrl,4,139,8.633333333333333,-0.0700991302728653,-0.04718106163107224
UBFC_PHYS_s17_T3_ctrl,4,140,8.666666666666666,-0.23739425837993622,-0.06525873554905486
UBFC_PHYS_s17_T3_ctrl,4,141,8.7,-0.4432941675186157,-0.08790301383466671
UBFC_PHYS_s17_T3_ctrl,4,142,8.733333333333333,-0.5742670893669128,-0.1175032563505316
UBFC_PHYS_s17_T3_ctrl,4,143,8.766666666666667,-0.5019036531448364,-0.15774382390717218
UBFC_PHYS_s17_T3_ctrl,4,144,8.8,-0.23687921464443207,-0.21344298079918955
UBFC_PHYS_s17_T3_ctrl,4,145,8.833333333333334,0.05834541842341423,-0.2895537875163588
UBFC_PHYS_s17_T3_ctrl,4,146,8.866666666666667,0.26246607303619385,-0.389113665541875
UBFC_PHYS_s17_T3_ctrl,4,147,8.9,0.3794509470462799,-0.5102779582736064
UBFC_PHYS_s17_T3_ctrl,4,148,8.933333333333334,0.427338182926178,-0.6432044505039414
UBFC_PHYS_s17_T3_ctrl,4,149,8.966666666666667,0.39205777645111084,-0.7682090113209382
UBFC_PHYS_s17_T3_ctrl,4,150,9.0,0.3262845277786255,-0.8568304970568037
UBFC_PHYS_s17_T3_ctrl,4,151,9.033333333333333,0.3338579833507538,-0.8767871963077144
UBFC_PHYS_s17_T3_ctrl,4,152,9.066666666666666,0.3995727002620697,-0.800267027581827
UBFC_PHYS_s17_T3_ctrl,4,153,9.1,0.4233465790748596,-0.6132671959713458
UBFC_PHYS_s17_T3_ctrl,4,154,9.133333333333333,0.38600602746009827,-0.32268750441804567
UBFC_PHYS_s17_T3_ctrl,4,155,9.166666666666666,0.34278929233551025,0.04190722526465004
UBFC_PHYS_s17_T3_ctrl,4,156,9.2,0.29541710019111633,0.4334017875384819
UBFC_PHYS_s17_T3_ctrl,4,157,9.233333333333333,0.205752894282341,0.7980403326347851
UBFC_PHYS_s17_T3_ctrl,4,158,9.266666666666667,0.09473784267902374,1.0882972552045398
UBFC_PHYS_s17_T3_ctrl,4,159,9.3,0.01135950442403555,1.2728134193445264
UBFC_PHYS_s17_T3_ctrl,4,160,9.333333333333334,-0.05958758294582367,1.3401786159944635
UBFC_PHYS_s17_T3_ctrl,4,161,9.366666666666667,-0.16623647511005402,1.296637862592851
UBFC_PHYS_s17_T3_ctrl,4,162,9.4,-0.32070237398147583,1.1605854550543595
UBFC_PHYS_s17_T3_ctrl,4,163,9.433333333333334,-0.4802718758583069,0.957352245322008
UBFC_PHYS_s17_T3_ctrl,4,164,9.466666666666667,-0.5506922006607056,0.7160414578060007
UBFC_PHYS_s17_T3_ctrl,4,165,9.5,-0.4480348825454712,0.4675559506114301
UBFC_PHYS_s17_T3_ctrl,4,166,9.533333333333333,-0.20577768981456757,0.24156321856662621
UBFC_PHYS_s17_T3_ctrl,4,167,9.566666666666666,0.03939419984817505,0.061169349050042274
UBFC_PHYS_s17_T3_ctrl,4,168,9.6,0.2093464732170105,-0.06310666260158747
UBFC_PHYS_s17_T3_ctrl,4,169,9.633333333333333,0.30046215653419495,-0.1365559381611663
UBFC_PHYS_s17_T3_ctrl,4,170,9.666666666666666,0.32107555866241455,-0.17823046230206083
UBFC_PHYS_s17_T3_ctrl,4,171,9.7,0.29896384477615356,-0.21399662391807614
UBFC_PHYS_s17_T3_ctrl,4,172,9.733333333333333,0.28986868262290955,-0.26742290339401587
UBFC_PHYS_s17_T3_ctrl,4,173,9.766666666666667,0.3129636347293854,-0.3520502957686576
UBFC_PHYS_s17_T3_ctrl,4,174,9.8,0.3262845277786255,-0.46783093776462364
UBFC_PHYS_s17_T3_ctrl,4,175,9.833333333333334,0.3087847828865051,-0.6025415519109899
UBFC_PHYS_s17_T3_ctrl,4,176,9.866666666666667,0.2897750437259674,-0.7366728987802349
UBFC_PHYS_s17_T3_ctrl,4,177,9.9,0.2733990252017975,-0.8490579967024097
UBFC_PHYS_s17_T3_ctrl,4,178,9.933333333333334,0.2137477546930313,-0.921084783449242
UBFC_PHYS_s17_T3_ctrl,4,179,9.966666666666667,0.09998191148042679,-0.9389371077868118
UBFC_PHYS_s17_T3_ctrl,4,180,10.0,-0.00732248742133379,-0.894589092468284
UBFC_PHYS_s17_T3_ctrl,4,181,10.033333333333333,-0.06527645885944366,-0.7865812017687827
UBFC_PHYS_s17_T3_ctrl,4,182,10.066666666666666,-0.11611348390579224,-0.6210068013275191
UBFC_PHYS_s17_T3_ctrl,4,183,10.1,-0.21637116372585297,-0.41222347530187625
UBFC_PHYS_s17_T3_ctrl,4,184,10.133333333333333,-0.3539460003376007,-0.1822526234327523
UBFC_PHYS_s17_T3_ctrl,4,185,10.166666666666666,-0.4287208020687103,0.042022800199405075
UBFC_PHYS_s17_T3_ctrl,4,186,10.2,-0.3463725447654724,0.23395761752596256
UBFC_PHYS_s17_T3_ctrl,4,187,10.233333333333333,-0.14358630776405334,0.37353292270069266
UBFC_PHYS_s17_T3_ctrl,4,188,10.266666666666667,0.04688572511076927,0.45310145041139277
UBFC_PHYS_s17_T3_ctrl,4,189,10.3,0.15452958643436432,0.48025319143301587
UBFC_PHYS_s17_T3_ctrl,4,190,10.333333333333334,0.18511608242988586,0.4761580377888354
UBFC_PHYS_s17_T3_ctrl,4,191,10.366666666666667,0.1453641653060913,0.4692422405689581
UBFC_PHYS_s17_T3_ctrl,4,192,10.4,0.07267296314239502,0.4859626471652506
UBFC_PHYS_s17_T3_ctrl,4,193,10.433333333333334,0.02367370016872883,0.5416785863213045
UBFC_PHYS_s17_T3_ctrl,4,194,10.466666666666667,-0.0006737582734785974,0.6344800771965206
UBFC_PHYS_s17_T3_ctrl,4,195,10.5,-0.024880750104784966,0.7438123500281941
UBFC_PHYS_s17_T3_ctrl,4,196,10.533333333333333,-0.04014473408460617,0.8345847970164508
UBFC_PHYS_s17_T3_ctrl,4,197,10.566666666666666,-0.0516512505710125,0.8661709306988551
UBFC_PHYS_s17_T3_ctrl,4,198,10.6,-0.08352535218000412,0.8041710252434882
UBFC_PHYS_s17_T3_ctrl,4,199,10.633333333333333,-0.1274678260087967,0.6314674523323184
UBFC_PHYS_s17_T3_ctrl,4,200,10.666666666666666,-0.1669856309890747,0.35476448985175657
UBFC_PHYS_s17_T3_ctrl,4,201,10.7,-0.21384277939796448,0.0042123750297443155
UBFC_PHYS_s17_T3_ctrl,4,202,10.733333333333333,-0.28771623969078064,-0.37337216310779964
UBFC_PHYS_s17_T3_ctrl,4,203,10.766666666666667,-0.4002178907394409,-0.7245805103603628
UBFC_PHYS_s17_T3_ctrl,4,204,10.8,-0.5284868478775024,-0.999126835678909
UBFC_PHYS_s17_T3_ctrl,4,205,10.833333333333334,-0.5850479006767273,-1.1570410671118623
UBFC_PHYS_s17_T3_ctrl,4,206,10.866666666666667,-0.48497748374938965,-1.1733841536999419
UBFC_PHYS_s17_T3_ctrl,4,207,10.9,-0.2587217092514038,-1.0416964169510885
UBFC_PHYS_s17_T3_ctrl,4,208,10.933333333333334,-0.038166504353284836,-0.776671176982477
UBFC_PHYS_s17_T3_ctrl,4,209,10.966666666666667,0.08439017087221146,-0.41495333770056375
UBFC_PHYS_s17_T3_ctrl,4,210,11.0,0.1219063326716423,-0.012120436495887668
UBFC_PHYS_s17_T3_ctrl,4,211,11.033333333333333,0.11322084069252014,0.3654308460155802
UBFC_PHYS_s17_T3_ctrl,4,212,11.066666666666666,0.07338699698448181,0.6530292391552108
UBFC_PHYS_s17_T3_ctrl,4,213,11.1,0.038258764892816544,0.8018099501870957
UBFC_PHYS_s17_T3_ctrl,4,214,11.133333333333333,0.05401437729597092,0.790132813719202
UBFC_PHYS_s17_T3_ctrl,4,215,11.166666666666666,0.10411395877599716,0.6285900703569092
UBFC_PHYS_s17_T3_ctrl,4,216,11.2,0.1245751827955246,0.3570244852325543
UBFC_PHYS_s17_T3_ctrl,4,217,11.233333333333333,0.08790182322263718,0.0347243119834034
UBFC_PHYS_s17_T3_ctrl,4,218,11.266666666666667,0.015315966680645943,-0.27307298153513637
UBFC_PHYS_s17_T3_ctrl,4,219,11.3,-0.07274457812309265,-0.5087015755218309
UBFC_PHYS_s17_T3_ctrl,4,220,11.333333333333334,-0.17038021981716156,-0.6327057871117993
UBFC_PHYS_s17_T3_ctrl,4,221,11.366666666666667,-0.27569469809532166,-0.6299949780537121
UBFC_PHYS_s17_T3_ctrl,4,222,11.4,-0.4022078216075897,-0.5110125963890382
UBFC_PHYS_s17_T3_ctrl,4,223,11.433333333333334,-0.5427324771881104,-0.3080888864753103
UBFC_PHYS_s17_T3_ctrl,4,224,11.466666666666667,-0.610191285610199,-0.06763037715533857
UBFC_PHYS_s17_T3_ctrl,4,225,11.5,-0.515985369682312,0.16048458245108907
UBFC_PHYS_s17_T3_ctrl,4,226,11.533333333333333,-0.31145501136779785,0.3339331871214257
UBFC_PHYS_s17_T3_ctrl,4,227,11.566666666666666,-0.13215003907680511,0.42642982463983187
UBFC_PHYS_s17_T3_ctrl,4,228,11.6,-0.016909299418330193,0.43126116778490725
UBFC_PHYS_s17_T3_ctrl,4,229,11.633333333333333,0.061517611145973206,0.35927501665373557
UBFC_PHYS_s17_T3_ctrl,4,230,11.666666666666666,0.09679801017045975,0.2329937089384982
UBFC_PHYS_s17_T3_ctrl,4,231,11.7,0.07628995925188065,0.07982864767140954
UBFC_PHYS_s17_T3_ctrl,4,232,11.733333333333333,0.04335065931081772,-0.07317399057904315
UBFC_PHYS_s17_T3_ctrl,4,233,11.766666666666667,0.05176692083477974,-0.2023321885077918
UBFC_PHYS_s17_T3_ctrl,4,234,11.8,0.09040680527687073,-0.28885442487332313
UBFC_PHYS_s17_T3_ctrl,4,235,11.833333333333334,0.11341983824968338,-0.3200961969778899
UBFC_PHYS_s17_T3_ctrl,4,236,11.866666666666667,0.09934981167316437,-0.291041972897714
UBFC_PHYS_s17_T3_ctrl,4,237,11.9,0.04742417857050896,-0.20552111310262153
UBFC_PHYS_s17_T3_ctrl,4,238,11.933333333333334,-0.03349600359797478,-0.07629041295802848
UBFC_PHYS_s17_T3_ctrl,4,239,11.966666666666667,-0.1240147054195404,0.07655710009371307
UBFC_PHYS_s17_T3_ctrl,5,0,5.0,0.09504218399524689,0.11519718160282061
UBFC_PHYS_s17_T3_ctrl,5,1,5.033333333333333,0.0700509250164032,0.26401592599268264
UBFC_PHYS_s17_T3_ctrl,5,2,5.066666666666666,0.03145786374807358,0.40347234945041355
UBFC_PHYS_s17_T3_ctrl,5,3,5.1,0.12036120146512985,0.5247752357589667
UBFC_PHYS_s17_T3_ctrl,5,4,5.133333333333334,0.4050742983818054,0.6178206600582449
UBFC_PHYS_s17_T3_ctrl,5,5,5.166666666666667,0.7492630481719971,0.6716651347793757
UBFC_PHYS_s17_T3_ctrl,5,6,5.2,0.91129070520401,0.6763406126026126
UBFC_PHYS_s17_T3_ctrl,5,7,5.233333333333333,0.7565087676048279,0.6260833538044988
UBFC_PHYS_s17_T3_ctrl,5,8,5.266666666666667,0.3354499340057373,0.5228398152057989
UBFC_PHYS_s17_T3_ctrl,5,9,5.3,-0.16871803998947144,0.3779907772279336
UBFC_PHYS_s17_T3_ctrl,5,10,5.333333333333333,-0.5813021063804626,0.21074869627353376
UBFC_PHYS_s17_T3_ctrl,5,11,5.366666666666666,-0.8465957641601562,0.04335511229341582
UBFC_PHYS_s17_T3_ctrl,5,12,5.4,-0.9998559951782227,-0.10506948586036256
UBFC_PHYS_s17_T3_ctrl,5,13,5.433333333333334,-1.1027942895889282,-0.22341079372854816
UBFC_PHYS_s17_T3_ctrl,5,14,5.466666666666667,-1.2360029220581055,-0.31020679055061945
UBFC_PHYS_s17_T3_ctrl,5,15,5.5,-1.4595664739608765,-0.3716664785332597
UBFC_PHYS_s17_T3_ctrl,5,16,5.533333333333333,-1.761568546295166,-0.41730073132065576
UBFC_PHYS_s17_T3_ctrl,5,17,5.566666666666666,-2.0857994556427,-0.45528013918911553
UBFC_PHYS_s17_T3_ctrl,5,18,5.6,-2.365888833999634,-0.48941044272088835
UBFC_PHYS_s17_T3_ctrl,5,19,5.633333333333334,-2.5308077335357666,-0.5185745987230792
UBFC_PHYS_s17_T3_ctrl,5,20,5.666666666666667,-2.565737009048462,-0.5382657793427714
UBFC_PHYS_s17_T3_ctrl,5,21,5.7,-2.522017002105713,-0.5430420880470107
UBFC_PHYS_s17_T3_ctrl,5,22,5.733333333333333,-2.4149818420410156,-0.5286755850952817
UBFC_PHYS_s17_T3_ctrl,5,23,5.766666666666667,-2.1247787475585938,-0.4932672144171095
UBFC_PHYS_s17_T3_ctrl,5,24,5.8,-1.532362937927246,-0.43726408797525973
UBFC_PHYS_s17_T3_ctrl,5,25,5.833333333333333,-0.7702290415763855,-0.3628607678560301
UBFC_PHYS_s17_T3_ctrl,5,26,5.866666666666666,-0.09877762943506241,-0.2734798633695933
UBFC_PHYS_s17_T3_ctrl,5,27,5.9,0.3855963349342346,-0.1737119273852156
UBFC_PHYS_s17_T3_ctrl,5,28,5.933333333333334,0.7187116742134094,-0.06938805068840888
UBFC_PHYS_s17_T3_ctrl,5,29,5.966666666666667,0.8913679718971252,0.03296553330519258
UBFC_PHYS_s17_T3_ctrl,5,30,6.0,0.9250212907791138,0.127649974448656
UBFC_PHYS_s17_T3_ctrl,5,31,6.033333333333333,0.9483386874198914,0.21168547611362815
UBFC_PHYS_s17_T3_ctrl,5,32,6.066666666666666,1.0240850448608398,0.28570104351264053
UBFC_PHYS_s17_T3_ctrl,5,33,6.1,1.0897177457809448,0.3527524441934169
UBFC_PHYS_s17_T3_ctrl,5,34,6.133333333333334,1.1111271381378174,0.41544236497384157
UBFC_PHYS_s17_T3_ctrl,5,35,6.166666666666667,1.1331452131271362,0.4730358733542212
UBFC_PHYS_s17_T3_ctrl,5,36,6.2,1.1790542602539062,0.5202728017003014
UBFC_PHYS_s17_T3_ctrl,5,37,6.233333333333333,1.2044317722320557,0.5485709001221512
UBFC_PHYS_s17_T3_ctrl,5,38,6.266666666666667,1.1683788299560547,0.5491880285878383
UBFC_PHYS_s17_T3_ctrl,5,39,6.3,1.099445104598999,0.5170870879260449
UBFC_PHYS_s17_T3_ctrl,5,40,6.333333333333333,1.039910912513733,0.45386484216329387
UBFC_PHYS_s17_T3_ctrl,5,41,6.366666666666666,0.9712229371070862,0.36834445453099457
UBFC_PHYS_s17_T3_ctrl,5,42,6.4,0.835579514503479,0.27433145398536385
UBFC_PHYS_s17_T3_ctrl,5,43,6.433333333333334,0.5758459568023682,0.18631936487072112
UBFC_PHYS_s17_T3_ctrl,5,44,6.466666666666667,0.20652545988559723,0.11500567604675119
UBFC_PHYS_s17_T3_ctrl,5,45,6.5,-0.0856323391199112,0.06453875675306335
UBFC_PHYS_s17_T3_ctrl,5,46,6.533333333333333,-0.06546375155448914,0.032269500615184174
UBFC_PHYS_s17_T3_ctrl,5,47,6.566666666666666,0.20345860719680786,0.010449824995743
UBFC_PHYS_s17_T3_ctrl,5,48,6.6,0.4587089419364929,-0.011141812606219385
UBFC_PHYS_s17_T3_ctrl,5,49,6.633333333333334,0.5689631104469299,-0.04234876816475138
UBFC_PHYS_s17_T3_ctrl,5,50,6.666666666666667,0.5969159007072449,-0.08985090334820062
UBFC_PHYS_s17_T3_ctrl,5,51,6.7,0.5783860683441162,-0.1547594741885543
UBFC_PHYS_s17_T3_ctrl,5,52,6.733333333333333,0.45909520983695984,-0.23133070223543548
UBFC_PHYS_s17_T3_ctrl,5,53,6.766666666666667,0.30081331729888916,-0.3076654122638545
UBFC_PHYS_s17_T3_ctrl,5,54,6.8,0.30152735114097595,-0.36858975631003443
UBFC_PHYS_s17_T3_ctrl,5,55,6.833333333333333,0.47430068254470825,-0.3999238334872972
UBFC_PHYS_s17_T3_ctrl,5,56,6.866666666666666,0.6414670348167419,-0.39277755620085164
UBFC_PHYS_s17_T3_ctrl,5,57,6.9,0.7153053879737854,-0.3465143896887756
UBFC_PHYS_s17_T3_ctrl,5,58,6.933333333333334,0.7345141172409058,-0.2694136543699348
UBFC_PHYS_s17_T3_ctrl,5,59,6.966666666666667,0.7101900577545166,-0.17670204457225827
UBFC_PHYS_s17_T3_ctrl,5,60,7.0,0.6256529092788696,-0.08641869973040536
UBFC_PHYS_s17_T3_ctrl,5,61,7.033333333333333,0.5067015290260315,-0.01442040957141508
UBFC_PHYS_s17_T3_ctrl,5,62,7.066666666666666,0.3976530134677887,0.029605325751870075
UBFC_PHYS_s17_T3_ctrl,5,63,7.1,0.3007547855377197,0.04362484238140452
UBFC_PHYS_s17_T3_ctrl,5,64,7.133333333333334,0.16572004556655884,0.03214170934948072
UBFC_PHYS_s17_T3_ctrl,5,65,7.166666666666667,-0.06368451565504074,0.0036274328294983805
UBFC_PHYS_s17_T3_ctrl,5,66,7.2,-0.37348249554634094,-0.03226082878046413
UBFC_PHYS_s17_T3_ctrl,5,67,7.233333333333333,-0.633777916431427,-0.06699343761167535
UBFC_PHYS_s17_T3_ctrl,5,68,7.266666666666667,-0.650259256362915,-0.09466213380223013
UBFC_PHYS_s17_T3_ctrl,5,69,7.3,-0.3512888550758362,-0.11243781010271636
UBFC_PHYS_s17_T3_ctrl,5,70,7.333333333333333,0.10569419711828232,-0.1200453847203406
UBFC_PHYS_s17_T3_ctrl,5,71,7.366666666666666,0.5165692567825317,-0.11861926160962687
UBFC_PHYS_s17_T3_ctrl,5,72,7.4,0.8173540234565735,-0.10943305000606286
UBFC_PHYS_s17_T3_ctrl,5,73,7.433333333333334,1.0285214185714722,-0.09297096376229529
UBFC_PHYS_s17_T3_ctrl,5,74,7.466666666666667,1.13168203830719,-0.06871182929181913
UBFC_PHYS_s17_T3_ctrl,5,75,7.5,1.1343157291412354,-0.035782113423700176
UBFC_PHYS_s17_T3_ctrl,5,76,7.533333333333333,1.1425681114196777,0.0057421739507336885
UBFC_PHYS_s17_T3_ctrl,5,77,7.566666666666666,1.2267425060272217,0.05353395952595574
UBFC_PHYS_s17_T3_ctrl,5,78,7.6,1.3218380212783813,0.10258504711645086
UBFC_PHYS_s17_T3_ctrl,5,79,7.633333333333334,1.345272421836853,0.14620133611232713
UBFC_PHYS_s17_T3_ctrl,5,80,7.666666666666667,1.2997145652770996,0.1781183080739502
UBFC_PHYS_s17_T3_ctrl,5,81,7.7,1.2147676944732666,0.1946443518745883
UBFC_PHYS_s17_T3_ctrl,5,82,7.733333333333333,1.0744421482086182,0.19567493920429946
UBFC_PHYS_s17_T3_ctrl,5,83,7.766666666666667,0.8576443791389465,0.18416258103327077
UBFC_PHYS_s17_T3_ctrl,5,84,7.8,0.6082351207733154,0.16466263085240596
UBFC_PHYS_s17_T3_ctrl,5,85,7.833333333333333,0.39283034205436707,0.14199207226166266
UBFC_PHYS_s17_T3_ctrl,5,86,7.866666666666666,0.2171657532453537,0.12045619828879033
UBFC_PHYS_s17_T3_ctrl,5,87,7.9,0.03724038600921631,0.10337887528575836
UBFC_PHYS_s17_T3_ctrl,5,88,7.933333333333334,-0.17941688001155853,0.09268116520860303
UBFC_PHYS_s17_T3_ctrl,5,89,7.966666666666667,-0.4177761673927307,0.08863293255215908
UBFC_PHYS_s17_T3_ctrl,5,90,8.0,-0.5742788314819336,0.08997108082412006
UBFC_PHYS_s17_T3_ctrl,5,91,8.033333333333333,-0.4813721776008606,0.09436197693534981
UBFC_PHYS_s17_T3_ctrl,5,92,8.066666666666666,-0.14046093821525574,0.09901929008294828
UBFC_PHYS_s17_T3_ctrl,5,93,8.1,0.24214531481266022,0.10128412059988115
UBFC_PHYS_s17_T3_ctrl,5,94,8.133333333333333,0.4907820224761963,0.09907772547867369
UBFC_PHYS_s17_T3_ctrl,5,95,8.166666666666666,0.6078605055809021,0.09125455012889182
UBFC_PHYS_s17_T3_ctrl,5,96,8.2,0.6409637331962585,0.0779155085521724
UBFC_PHYS_s17_T3_ctrl,5,97,8.233333333333333,0.610318660736084,0.060619104587843975
UBFC_PHYS_s17_T3_ctrl,5,98,8.266666666666667,0.5890029668807983,0.042232684975453794
UBFC_PHYS_s17_T3_ctrl,5,99,8.3,0.632851779460907,0.026187849230026074
UBFC_PHYS_s17_T3_ctrl,5,100,8.333333333333334,0.6628764271736145,0.015280029198752003
UBFC_PHYS_s17_T3_ctrl,5,101,8.366666666666667,0.6159958839416504,0.010563302503685633
UBFC_PHYS_s17_T3_ctrl,5,102,8.4,0.5517677068710327,0.01093664894756055
UBFC_PHYS_s17_T3_ctrl,5,103,8.433333333333334,0.5166277885437012,0.013629536097486352
UBFC_PHYS_s17_T3_ctrl,5,104,8.466666666666667,0.46534594893455505,0.015235397150570809
UBFC_PHYS_s17_T3_ctrl,5,105,8.5,0.35964521765708923,0.012672898274345104
UBFC_PHYS_s17_T3_ctrl,5,106,8.533333333333333,0.22635458409786224,0.0036995097017710407
UBFC_PHYS_s17_T3_ctrl,5,107,8.566666666666666,0.1148010864853859,-0.012999639328017662
UBFC_PHYS_s17_T3_ctrl,5,108,8.6,0.03197290748357773,-0.03798775064223876
UBFC_PHYS_s17_T3_ctrl,5,109,8.633333333333333,-0.0700991302728653,-0.07141532555018747
UBFC_PHYS_s17_T3_ctrl,5,110,8.666666666666666,-0.23739425837993622,-0.1134304811153815
UBFC_PHYS_s17_T3_ctrl,5,111,8.7,-0.4432941675186157,-0.1644914903440139
UBFC_PHYS_s17_T3_ctrl,5,112,8.733333333333333,-0.5742670893669128,-0.2253487336881908
UBFC_PHYS_s17_T3_ctrl,5,113,8.766666666666667,-0.5019036531448364,-0.2965288135675823
UBFC_PHYS_s17_T3_ctrl,5,114,8.8,-0.23687921464443207,-0.3773642671965071
UBFC_PHYS_s17_T3_ctrl,5,115,8.833333333333334,0.05834541842341423,-0.46480944940359137
UBFC_PHYS_s17_T3_ctrl,5,116,8.866666666666667,0.26246607303619385,-0.5523458993039152
UBFC_PHYS_s17_T3_ctrl,5,117,8.9,0.3794509470462799,-0.6293199669574819
UBFC_PHYS_s17_T3_ctrl,5,118,8.933333333333334,0.427338182926178,-0.681167357228846
UBFC_PHYS_s17_T3_ctrl,5,119,8.966666666666667,0.39205777645111084,-0.6910086092930201
UBFC_PHYS_s17_T3_ctrl,5,120,9.0,0.3262845277786255,-0.6428354523369219
UBFC_PHYS_s17_T3_ctrl,5,121,9.033333333333333,0.3338579833507538,-0.5259182514991259
UBFC_PHYS_s17_T3_ctrl,5,122,9.066666666666666,0.3995727002620697,-0.33932612818432
UBFC_PHYS_s17_T3_ctrl,5,123,9.1,0.4233465790748596,-0.09490275739316446
UBFC_PHYS_s17_T3_ctrl,5,124,9.133333333333333,0.38600602746009827,0.18292533171534708
UBFC_PHYS_s17_T3_ctrl,5,125,9.166666666666666,0.34278929233551025,0.46123173996758304
UBFC_PHYS_s17_T3_ctrl,5,126,9.2,0.29541710019111633,0.7056908023763778
UBFC_PHYS_s17_T3_ctrl,5,127,9.233333333333333,0.205752894282341,0.888344032508073
UBFC_PHYS_s17_T3_ctrl,5,128,9.266666666666667,0.09473784267902374,0.9932291840536454
UBFC_PHYS_s17_T3_ctrl,5,129,9.3,0.01135950442403555,1.0180163134013835
UBFC_PHYS_s17_T3_ctrl,5,130,9.333333333333334,-0.05958758294582367,0.9717178591422853
UBFC_PHYS_s17_T3_ctrl,5,131,9.366666666666667,-0.16623647511005402,0.8702195061125987
UBFC_PHYS_s17_T3_ctrl,5,132,9.4,-0.32070237398147583,0.7318139676197138
UBFC_PHYS_s17_T3_ctrl,5,133,9.433333333333334,-0.4802718758583069,0.5742458616922904
UBFC_PHYS_s17_T3_ctrl,5,134,9.466666666666667,-0.5506922006607056,0.4136413128137168
UBFC_PHYS_s17_T3_ctrl,5,135,9.5,-0.4480348825454712,0.26449263924198557
UBFC_PHYS_s17_T3_ctrl,5,136,9.533333333333333,-0.20577768981456757,0.13908267049262116
UBFC_PHYS_s17_T3_ctrl,5,137,9.566666666666666,0.03939419984817505,0.04525636318006225
UBFC_PHYS_s17_T3_ctrl,5,138,9.6,0.2093464732170105,-0.016675508112116592
UBFC_PHYS_s17_T3_ctrl,5,139,9.633333333333333,0.30046215653419495,-0.05563034660098485
UBFC_PHYS_s17_T3_ctrl,5,140,9.666666666666666,0.32107555866241455,-0.08822217697938009
UBFC_PHYS_s17_T3_ctrl,5,141,9.7,0.29896384477615356,-0.13396549662997023
UBFC_PHYS_s17_T3_ctrl,5,142,9.733333333333333,0.28986868262290955,-0.20883510763691038
UBFC_PHYS_s17_T3_ctrl,5,143,9.766666666666667,0.3129636347293854,-0.31959252399282306
UBFC_PHYS_s17_T3_ctrl,5,144,9.8,0.3262845277786255,-0.46102876222651507
UBFC_PHYS_s17_T3_ctrl,5,145,9.833333333333334,0.3087847828865051,-0.6169904923072772
UBFC_PHYS_s17_T3_ctrl,5,146,9.866666666666667,0.2897750437259674,-0.7643068540694372
UBFC_PHYS_s17_T3_ctrl,5,147,9.9,0.2733990252017975,-0.8777528031368288
UBFC_PHYS_s17_T3_ctrl,5,148,9.933333333333334,0.2137477546930313,-0.9346599643031683
UBFC_PHYS_s17_T3_ctrl,5,149,9.966666666666667,0.09998191148042679,-0.9188391892440585
UBFC_PHYS_s17_T3_ctrl,5,150,10.0,-0.00732248742133379,-0.8239077575591676
UBFC_PHYS_s17_T3_ctrl,5,151,10.033333333333333,-0.06527645885944366,-0.6557391723471294
UBFC_PHYS_s17_T3_ctrl,5,152,10.066666666666666,-0.11611348390579224,-0.43311854395650934
UBFC_PHYS_s17_T3_ctrl,5,153,10.1,-0.21637116372585297,-0.18545671200830902
UBFC_PHYS_s17_T3_ctrl,5,154,10.133333333333333,-0.3539460003376007,0.0529499073765932
UBFC_PHYS_s17_T3_ctrl,5,155,10.166666666666666,-0.4287208020687103,0.251141813512144
UBFC_PHYS_s17_T3_ctrl,5,156,10.2,-0.3463725447654724,0.38957590657529
UBFC_PHYS_s17_T3_ctrl,5,157,10.233333333333333,-0.14358630776405334,0.464900217832076
UBFC_PHYS_s17_T3_ctrl,5,158,10.266666666666667,0.04688572511076927,0.48954249937111616
UBFC_PHYS_s17_T3_ctrl,5,159,10.3,0.15452958643436432,0.4864358713568964
UBFC_PHYS_s17_T3_ctrl,5,160,10.333333333333334,0.18511608242988586,0.48094602792752333
UBFC_PHYS_s17_T3_ctrl,5,161,10.366666666666667,0.1453641653060913,0.49271539059811337
UBFC_PHYS_s17_T3_ctrl,5,162,10.4,0.07267296314239502,0.5297775166804847
UBFC_PHYS_s17_T3_ctrl,5,163,10.433333333333334,0.02367370016872883,0.5863953000505889
UBFC_PHYS_s17_T3_ctrl,5,164,10.466666666666667,-0.0006737582734785974,0.6450634917064705
UBFC_PHYS_s17_T3_ctrl,5,165,10.5,-0.024880750104784966,0.6820093145990243
UBFC_PHYS_s17_T3_ctrl,5,166,10.533333333333333,-0.04014473408460617,0.674398294702059
UBFC_PHYS_s17_T3_ctrl,5,167,10.566666666666666,-0.0516512505710125,0.6068767633650288
UBFC_PHYS_s17_T3_ctrl,5,168,10.6,-0.08352535218000412,0.4754940829764009
UBFC_PHYS_s17_T3_ctrl,5,169,10.633333333333333,-0.1274678260087967,0.2881221963038702
UBFC_PHYS_s17_T3_ctrl,5,170,10.666666666666666,-0.1669856309890747,0.06167416783289932
UBFC_PHYS_s17_T3_ctrl,5,171,10.7,-0.21384277939796448,-0.18249114257368063
UBFC_PHYS_s17_T3_ctrl,5,172,10.733333333333333,-0.28771623969078064,-0.4228685173992783
UBFC_PHYS_s17_T3_ctrl,5,173,10.766666666666667,-0.4002178907394409,-0.640021612488012
UBFC_PHYS_s17_T3_ctrl,5,174,10.8,-0.5284868478775024,-0.8164788358347123
UBFC_PHYS_s17_T3_ctrl,5,175,10.833333333333334,-0.5850479006767273,-0.9357874345540528
UBFC_PHYS_s17_T3_ctrl,5,176,10.866666666666667,-0.48497748374938965,-0.9827913280817018
UBFC_PHYS_s17_T3_ctrl,5,177,10.9,-0.2587217092514038,-0.9463070133436058
UBFC_PHYS_s17_T3_ctrl,5,178,10.933333333333334,-0.038166504353284836,-0.8235869994009922
UBFC_PHYS_s17_T3_ctrl,5,179,10.966666666666667,0.08439017087221146,-0.6244798640235263
UBFC_PHYS_s17_T3_ctrl,5,180,11.0,0.1219063326716423,-0.372959191922449
UBFC_PHYS_s17_T3_ctrl,5,181,11.033333333333333,0.11322084069252014,-0.10461097505481064
UBFC_PHYS_s17_T3_ctrl,5,182,11.066666666666666,0.07338699698448181,0.13987013154733183
UBFC_PHYS_s17_T3_ctrl,5,183,11.1,0.038258764892816544,0.3235990090579779
UBFC_PHYS_s17_T3_ctrl,5,184,11.133333333333333,0.05401437729597092,0.4221596216943537
UBFC_PHYS_s17_T3_ctrl,5,185,11.166666666666666,0.10411395877599716,0.4293250828004717
UBFC_PHYS_s17_T3_ctrl,5,186,11.2,0.1245751827955246,0.358345198206173
UBFC_PHYS_s17_T3_ctrl,5,187,11.233333333333333,0.08790182322263718,0.23869759444175237
UBFC_PHYS_s17_T3_ctrl,5,188,11.266666666666667,0.015315966680645943,0.1089775089764934
UBFC_PHYS_s17_T3_ctrl,5,189,11.3,-0.07274457812309265,0.007299387127482959
UBFC_PHYS_s17_T3_ctrl,5,190,11.333333333333334,-0.17038021981716156,-0.038329879152604905
UBFC_PHYS_s17_T3_ctrl,5,191,11.366666666666667,-0.27569469809532166,-0.01667779921770981
UBFC_PHYS_s17_T3_ctrl,5,192,11.4,-0.4022078216075897,0.06504254951152051
UBFC_PHYS_s17_T3_ctrl,5,193,11.433333333333334,-0.5427324771881104,0.1846993300928111
UBFC_PHYS_s17_T3_ctrl,5,194,11.466666666666667,-0.610191285610199,0.3125430699626816
UBFC_PHYS_s17_T3_ctrl,5,195,11.5,-0.515985369682312,0.4198252872081564
UBFC_PHYS_s17_T3_ctrl,5,196,11.533333333333333,-0.31145501136779785,0.48594262021398915
UBFC_PHYS_s17_T3_ctrl,5,197,11.566666666666666,-0.13215003907680511,0.5020060096409238
UBFC_PHYS_s17_T3_ctrl,5,198,11.6,-0.016909299418330193,0.47038278577799536
UBFC_PHYS_s17_T3_ctrl,5,199,11.633333333333333,0.061517611145973206,0.4013649065586258
UBFC_PHYS_s17_T3_ctrl,5,200,11.666666666666666,0.09679801017045975,0.30875442500719563
UBFC_PHYS_s17_T3_ctrl,5,201,11.7,0.07628995925188065,0.20594406942660035
UBFC_PHYS_s17_T3_ctrl,5,202,11.733333333333333,0.04335065931081772,0.10351914191822675
UBFC_PHYS_s17_T3_ctrl,5,203,11.766666666666667,0.05176692083477974,0.008666047877884527
UBFC_PHYS_s17_T3_ctrl,5,204,11.8,0.09040680527687073,-0.07414000489807682
UBFC_PHYS_s17_T3_ctrl,5,205,11.833333333333334,0.11341983824968338,-0.14212168173077527
UBFC_PHYS_s17_T3_ctrl,5,206,11.866666666666667,0.09934981167316437,-0.19356709153062648
UBFC_PHYS_s17_T3_ctrl,5,207,11.9,0.04742417857050896,-0.22771412132255678
UBFC_PHYS_s17_T3_ctrl,5,208,11.933333333333334,-0.03349600359797478,-0.24490797469670234
UBFC_PHYS_s17_T3_ctrl,5,209,11.966666666666667,-0.1240147054195404,-0.2467584834967978
UBFC_PHYS_s17_T3_ctrl,5,210,12.0,-0.21802164614200592,-0.23619219201342165
UBFC_PHYS_s17_T3_ctrl,5,211,12.033333333333333,-0.33931413292884827,-0.2173741074167459
UBFC_PHYS_s17_T3_ctrl,5,212,12.066666666666666,-0.49315962195396423,-0.19535682172358285
UBFC_PHYS_s17_T3_ctrl,5,213,12.1,-0.6100976467132568,-0.17529830431614493
UBFC_PHYS_s17_T3_ctrl,5,214,12.133333333333333,-0.5843806862831116,-0.16140206084239328
UBFC_PHYS_s17_T3_ctrl,5,215,12.166666666666666,-0.40741679072380066,-0.15608263218991394
UBFC_PHYS_s17_T3_ctrl,5,216,12.2,-0.19452868402004242,-0.15985223746385357
UBFC_PHYS_s17_T3_ctrl,5,217,12.233333333333333,-0.03439733013510704,-0.17203535063239858
UBFC_PHYS_s17_T3_ctrl,5,218,12.266666666666667,0.07719128578901291,-0.19189782531996735
UBFC_PHYS_s17_T3_ctrl,5,219,12.3,0.13763853907585144,-0.2194560674031748
UBFC_PHYS_s17_T3_ctrl,5,220,12.333333333333334,0.13238276541233063,-0.255322023676698
UBFC_PHYS_s17_T3_ctrl,5,221,12.366666666666667,0.10810553282499313,-0.2993785941546453
UBFC_PHYS_s17_T3_ctrl,5,222,12.4,0.11902677267789841,-0.34865248312089975
UBFC_PHYS_s17_T3_ctrl,5,223,12.433333333333334,0.15306639671325684,-0.3952552461954055
UBFC_PHYS_s17_T3_ctrl,5,224,12.466666666666667,0.17893557250499725,-0.4255258521248483
UBFC_PHYS_s17_T3_ctrl,5,225,12.5,0.18669632077217102,-0.42139679448481954
UBFC_PHYS_s17_T3_ctrl,5,226,12.533333333333333,0.1611080765724182,-0.36443004679788493
UBFC_PHYS_s17_T3_ctrl,5,227,12.566666666666666,0.090523861348629,-0.24190380371302161
UBFC_PHYS_s17_T3_ctrl,5,228,12.6,-0.01360834576189518,-0.053052973794808604
UBFC_PHYS_s17_T3_ctrl,5,229,12.633333333333333,-0.12725712358951569,0.18721691727374873
UBFC_PHYS_s17_T3_ctrl,5,230,12.666666666666666,-0.24178382754325867,0.44940531589286276
UBFC_PHYS_s17_T3_ctrl,5,231,12.7,-0.37625670433044434,0.6957130688023141
UBFC_PHYS_s17_T3_ctrl,5,232,12.733333333333333,-0.544581949710846,0.8894285960500072
UBFC_PHYS_s17_T3_ctrl,5,233,12.766666666666667,-0.6870145797729492,1.0036439162184323
UBFC_PHYS_s17_T3_ctrl,5,234,12.8,-0.6852118968963623,1.0260676276081946
UBFC_PHYS_s17_T3_ctrl,5,235,12.833333333333334,-0.5045139789581299,0.9588683802077029
UBFC_PHYS_s17_T3_ctrl,5,236,12.866666666666667,-0.24590416252613068,0.8148236004574646
UBFC_PHYS_s17_T3_ctrl,5,237,12.9,-0.03348429873585701,0.6122592436302147
UBFC_PHYS_s17_T3_ctrl,5,238,12.933333333333334,0.10220596194267273,0.37091446165612035
UBFC_PHYS_s17_T3_ctrl,5,239,12.966666666666667,0.18753911554813385,0.10976170105065608
UBFC_PHYS_s17_T3_ctrl,6,0,6.0,0.9250212907791138,-0.10362977840368968
UBFC_PHYS_s17_T3_ctrl,6,1,6.033333333333333,0.9483386874198914,0.10776250769134699
UBFC_PHYS_s17_T3_ctrl,6,2,6.066666666666666,1.0240850448608398,0.306059559008259
UBFC_PHYS_s17_T3_ctrl,6,3,6.1,1.0897177457809448,0.477178398726093
UBFC_PHYS_s17_T3_ctrl,6,4,6.133333333333334,1.1111271381378174,0.6095012011445236
UBFC_PHYS_s17_T3_ctrl,6,5,6.166666666666667,1.1331452131271362,0.6954479928843995
UBFC_PHYS_s17_T3_ctrl,6,6,6.2,1.1790542602539062,0.7324703515205605
UBFC_PHYS_s17_T3_ctrl,6,7,6.233333333333333,1.2044317722320557,0.7231203400202927
UBFC_PHYS_s17_T3_ctrl,6,8,6.266666666666667,1.1683788299560547,0.6742612296399214
UBFC_PHYS_s17_T3_ctrl,6,9,6.3,1.099445104598999,0.5957513652247055
UBFC_PHYS_s17_T3_ctrl,6,10,6.333333333333333,1.039910912513733,0.49909798615039036
UBFC_PHYS_s17_T3_ctrl,6,11,6.366666666666666,0.9712229371070862,0.39638626659048726
UBFC_PHYS_s17_T3_ctrl,6,12,6.4,0.835579514503479,0.29923859101104927
UBFC_PHYS_s17_T3_ctrl,6,13,6.433333333333334,0.5758459568023682,0.21736993983404485
UBFC_PHYS_s17_T3_ctrl,6,14,6.466666666666667,0.20652545988559723,0.15690244911046058
UBFC_PHYS_s17_T3_ctrl,6,15,6.5,-0.0856323391199112,0.11921867187068504
UBFC_PHYS_s17_T3_ctrl,6,16,6.533333333333333,-0.06546375155448914,0.1009529439038169
UBFC_PHYS_s17_T3_ctrl,6,17,6.566666666666666,0.20345860719680786,0.09504746906953054
UBFC_PHYS_s17_T3_ctrl,6,18,6.6,0.4587089419364929,0.09236283106845233
UBFC_PHYS_s17_T3_ctrl,6,19,6.633333333333334,0.5689631104469299,0.08341808312846447
UBFC_PHYS_s17_T3_ctrl,6,20,6.666666666666667,0.5969159007072449,0.060209594610125795
UBFC_PHYS_s17_T3_ctrl,6,21,6.7,0.5783860683441162,0.018107673564396225
UBFC_PHYS_s17_T3_ctrl,6,22,6.733333333333333,0.45909520983695984,-0.042675664292404894
UBFC_PHYS_s17_T3_ctrl,6,23,6.766666666666667,0.30081331729888916,-0.1168745714568875
UBFC_PHYS_s17_T3_ctrl,6,24,6.8,0.30152735114097595,-0.19552758544670415
UBFC_PHYS_s17_T3_ctrl,6,25,6.833333333333333,0.47430068254470825,-0.26836233894420986
UBFC_PHYS_s17_T3_ctrl,6,26,6.866666666666666,0.6414670348167419,-0.3262532492992475
UBFC_PHYS_s17_T3_ctrl,6,27,6.9,0.7153053879737854,-0.3629926651304076
UBFC_PHYS_s17_T3_ctrl,6,28,6.933333333333334,0.7345141172409058,-0.3761088403863952
UBFC_PHYS_s17_T3_ctrl,6,29,6.966666666666667,0.7101900577545166,-0.3668492944624204
UBFC_PHYS_s17_T3_ctrl,6,30,7.0,0.6256529092788696,-0.33952019198979794
UBFC_PHYS_s17_T3_ctrl,6,31,7.033333333333333,0.5067015290260315,-0.3003328927481018
UBFC_PHYS_s17_T3_ctrl,6,32,7.066666666666666,0.3976530134677887,-0.25599115877118894
UBFC_PHYS_s17_T3_ctrl,6,33,7.1,0.3007547855377197,-0.21234210186978358
UBFC_PHYS_s17_T3_ctrl,6,34,7.133333333333334,0.16572004556655884,-0.17335207198424352
UBFC_PHYS_s17_T3_ctrl,6,35,7.166666666666667,-0.06368451565504074,-0.14058012363379474
UBFC_PHYS_s17_T3_ctrl,6,36,7.2,-0.37348249554634094,-0.11331555221353265
UBFC_PHYS_s17_T3_ctrl,6,37,7.233333333333333,-0.633777916431427,-0.08942901890566142
UBFC_PHYS_s17_T3_ctrl,6,38,7.266666666666667,-0.650259256362915,-0.0666418603758679
UBFC_PHYS_s17_T3_ctrl,6,39,7.3,-0.3512888550758362,-0.04365474368749182
UBFC_PHYS_s17_T3_ctrl,6,40,7.333333333333333,0.10569419711828232,-0.02068658923808849
UBFC_PHYS_s17_T3_ctrl,6,41,7.366666666666666,0.5165692567825317,0.0007130874657856915
UBFC_PHYS_s17_T3_ctrl,6,42,7.4,0.8173540234565735,0.01847237565019491
UBFC_PHYS_s17_T3_ctrl,6,43,7.433333333333334,1.0285214185714722,0.031127093389370374
UBFC_PHYS_s17_T3_ctrl,6,44,7.466666666666667,1.13168203830719,0.038777163630324574
UBFC_PHYS_s17_T3_ctrl,6,45,7.5,1.1343157291412354,0.04334989216350069
UBFC_PHYS_s17_T3_ctrl,6,46,7.533333333333333,1.1425681114196777,0.04794711867542956
UBFC_PHYS_s17_T3_ctrl,6,47,7.566666666666666,1.2267425060272217,0.05551741908495719
UBFC_PHYS_s17_T3_ctrl,6,48,7.6,1.3218380212783813,0.06745102377063993
UBFC_PHYS_s17_T3_ctrl,6,49,7.633333333333334,1.345272421836853,0.08276720134942564
UBFC_PHYS_s17_T3_ctrl,6,50,7.666666666666667,1.2997145652770996,0.09831696147083334
UBFC_PHYS_s17_T3_ctrl,6,51,7.7,1.2147676944732666,0.1099655294251382
UBFC_PHYS_s17_T3_ctrl,6,52,7.733333333333333,1.0744421482086182,0.11426671761971287
UBFC_PHYS_s17_T3_ctrl,6,53,7.766666666666667,0.8576443791389465,0.10995612806992816
UBFC_PHYS_s17_T3_ctrl,6,54,7.8,0.6082351207733154,0.09875246054321168
UBFC_PHYS_s17_T3_ctrl,6,55,7.833333333333333,0.39283034205436707,0.08520752853543463
UBFC_PHYS_s17_T3_ctrl,6,56,7.866666666666666,0.2171657532453537,0.07548984288420314
UBFC_PHYS_s17_T3_ctrl,6,57,7.9,0.03724038600921631,0.075246906031376
UBFC_PHYS_s17_T3_ctrl,6,58,7.933333333333334,-0.17941688001155853,0.08722846646349142
UBFC_PHYS_s17_T3_ctrl,6,59,7.966666666666667,-0.4177761673927307,0.10980458776032734
UBFC_PHYS_s17_T3_ctrl,6,60,8.0,-0.5742788314819336,0.1373608531147014
UBFC_PHYS_s17_T3_ctrl,6,61,8.033333333333333,-0.4813721776008606,0.16258777562519175
UBFC_PHYS_s17_T3_ctrl,6,62,8.066666666666666,-0.14046093821525574,0.17936815134001255
UBFC_PHYS_s17_T3_ctrl,6,63,8.1,0.24214531481266022,0.18454556524820065
UBFC_PHYS_s17_T3_ctrl,6,64,8.133333333333333,0.4907820224761963,0.1779334568739335
UBFC_PHYS_s17_T3_ctrl,6,65,8.166666666666666,0.6078605055809021,0.16129142749428874
UBFC_PHYS_s17_T3_ctrl,6,66,8.2,0.6409637331962585,0.137295269342171
UBFC_PHYS_s17_T3_ctrl,6,67,8.233333333333333,0.610318660736084,0.10895258406407893
UBFC_PHYS_s17_T3_ctrl,6,68,8.266666666666667,0.5890029668807983,0.07933797409663176
UBFC_PHYS_s17_T3_ctrl,6,69,8.3,0.632851779460907,0.05135147358748054
UBFC_PHYS_s17_T3_ctrl,6,70,8.333333333333334,0.6628764271736145,0.0273857240389905
UBFC_PHYS_s17_T3_ctrl,6,71,8.366666666666667,0.6159958839416504,0.008998576721584554
UBFC_PHYS_s17_T3_ctrl,6,72,8.4,0.5517677068710327,-0.0033164350306094633
UBFC_PHYS_s17_T3_ctrl,6,73,8.433333333333334,0.5166277885437012,-0.010254948262833845
UBFC_PHYS_s17_T3_ctrl,6,74,8.466666666666667,0.46534594893455505,-0.013681654190189864
UBFC_PHYS_s17_T3_ctrl,6,75,8.5,0.35964521765708923,-0.016343845042622086
UBFC_PHYS_s17_T3_ctrl,6,76,8.533333333333333,0.22635458409786224,-0.02124049604239744
UBFC_PHYS_s17_T3_ctrl,6,77,8.566666666666666,0.1148010864853859,-0.030788373173689425
UBFC_PHYS_s17_T3_ctrl,6,78,8.6,0.03197290748357773,-0.04619757908526034
UBFC_PHYS_s17_T3_ctrl,6,79,8.633333333333333,-0.0700991302728653,-0.06750713042989355
UBFC_PHYS_s17_T3_ctrl,6,80,8.666666666666666,-0.23739425837993622,-0.09438521835624093
UBFC_PHYS_s17_T3_ctrl,6,81,8.7,-0.4432941675186157,-0.1272972214620854
UBFC_PHYS_s17_T3_ctrl,6,82,8.733333333333333,-0.5742670893669128,-0.1683419926671068
UBFC_PHYS_s17_T3_ctrl,6,83,8.766666666666667,-0.5019036531448364,-0.22113022435893587
UBFC_PHYS_s17_T3_ctrl,6,84,8.8,-0.23687921464443207,-0.2894795330388391
UBFC_PHYS_s17_T3_ctrl,6,85,8.833333333333334,0.05834541842341423,-0.3751862502704027
UBFC_PHYS_s17_T3_ctrl,6,86,8.866666666666667,0.26246607303619385,-0.4754774643435329
UBFC_PHYS_s17_T3_ctrl,6,87,8.9,0.3794509470462799,-0.5809323260767022
UBFC_PHYS_s17_T3_ctrl,6,88,8.933333333333334,0.427338182926178,-0.6747413232034247
UBFC_PHYS_s17_T3_ctrl,6,89,8.966666666666667,0.39205777645111084,-0.7341087810526089
UBFC_PHYS_s17_T3_ctrl,6,90,9.0,0.3262845277786255,-0.7342625401415226
UBFC_PHYS_s17_T3_ctrl,6,91,9.033333333333333,0.3338579833507538,-0.6547461056700585
UBFC_PHYS_s17_T3_ctrl,6,92,9.066666666666666,0.3995727002620697,-0.48651372957045397
UBFC_PHYS_s17_T3_ctrl,6,93,9.1,0.4233465790748596,-0.23735955932880629
UBFC_PHYS_s17_T3_ctrl,6,94,9.133333333333333,0.38600602746009827,0.06690574052545126
UBFC_PHYS_s17_T3_ctrl,6,95,9.166666666666666,0.34278929233551025,0.386876779382044
UBFC_PHYS_s17_T3_ctrl,6,96,9.2,0.29541710019111633,0.6785719123742334
UBFC_PHYS_s17_T3_ctrl,6,97,9.233333333333333,0.205752894282341,0.9038619624562703
UBFC_PHYS_s17_T3_ctrl,6,98,9.266666666666667,0.09473784267902374,1.0384600182971662
UBFC_PHYS_s17_T3_ctrl,6,99,9.3,0.01135950442403555,1.0749318617476973
UBFC_PHYS_s17_T3_ctrl,6,100,9.333333333333334,-0.05958758294582367,1.0207626405012944
UBFC_PHYS_s17_T3_ctrl,6,101,9.366666666666667,-0.16623647511005402,0.8936460565366736
UBFC_PHYS_s17_T3_ctrl,6,102,9.4,-0.32070237398147583,0.7165482130292506
UBFC_PHYS_s17_T3_ctrl,6,103,9.433333333333334,-0.4802718758583069,0.5141010321834433
UBFC_PHYS_s17_T3_ctrl,6,104,9.466666666666667,-0.5506922006607056,0.310547717949852
UBFC_PHYS_s17_T3_ctrl,6,105,9.5,-0.4480348825454712,0.12834499138879973
UBFC_PHYS_s17_T3_ctrl,6,106,9.533333333333333,-0.20577768981456757,-0.01397207822964156
UBFC_PHYS_s17_T3_ctrl,6,107,9.566666666666666,0.03939419984817505,-0.10526883950472943
UBFC_PHYS_s17_T3_ctrl,6,108,9.6,0.2093464732170105,-0.14534723881363001
UBFC_PHYS_s17_T3_ctrl,6,109,9.633333333333333,0.30046215653419495,-0.14609058475735415
UBFC_PHYS_s17_T3_ctrl,6,110,9.666666666666666,0.32107555866241455,-0.12872839512403023
UBFC_PHYS_s17_T3_ctrl,6,111,9.7,0.29896384477615356,-0.11782797265683262
UBFC_PHYS_s17_T3_ctrl,6,112,9.733333333333333,0.28986868262290955,-0.1341198330404348
UBFC_PHYS_s17_T3_ctrl,6,113,9.766666666666667,0.3129636347293854,-0.18860890326125646
UBFC_PHYS_s17_T3_ctrl,6,114,9.8,0.3262845277786255,-0.27983160156247305
UBFC_PHYS_s17_T3_ctrl,6,115,9.833333333333334,0.3087847828865051,-0.3949176124849791
UBFC_PHYS_s17_T3_ctrl,6,116,9.866666666666667,0.2897750437259674,-0.5137415166270637
UBFC_PHYS_s17_T3_ctrl,6,117,9.9,0.2733990252017975,-0.6144666519956413
UBFC_PHYS_s17_T3_ctrl,6,118,9.933333333333334,0.2137477546930313,-0.6785876154962808
UBFC_PHYS_s17_T3_ctrl,6,119,9.966666666666667,0.09998191148042679,-0.694149115364337
UBFC_PHYS_s17_T3_ctrl,6,120,10.0,-0.00732248742133379,-0.656807434212274
UBFC_PHYS_s17_T3_ctrl,6,121,10.033333333333333,-0.06527645885944366,-0.5692976517899218
UBFC_PHYS_s17_T3_ctrl,6,122,10.066666666666666,-0.11611348390579224,-0.440236498608416
UBFC_PHYS_s17_T3_ctrl,6,123,10.1,-0.21637116372585297,-0.28285800470883016
UBFC_PHYS_s17_T3_ctrl,6,124,10.133333333333333,-0.3539460003376007,-0.11353407215939328
UBFC_PHYS_s17_T3_ctrl,6,125,10.166666666666666,-0.4287208020687103,0.050460696306643085
UBFC_PHYS_s17_T3_ctrl,6,126,10.2,-0.3463725447654724,0.19403252508689942
UBFC_PHYS_s17_T3_ctrl,6,127,10.233333333333333,-0.14358630776405334,0.30743503044242465
UBFC_PHYS_s17_T3_ctrl,6,128,10.266666666666667,0.04688572511076927,0.38826414812543597
UBFC_PHYS_s17_T3_ctrl,6,129,10.3,0.15452958643436432,0.44131736455328363
UBFC_PHYS_s17_T3_ctrl,6,130,10.333333333333334,0.18511608242988586,0.47628293838419256
UBFC_PHYS_s17_T3_ctrl,6,131,10.366666666666667,0.1453641653060913,0.5041215752534369
UBFC_PHYS_s17_T3_ctrl,6,132,10.4,0.07267296314239502,0.533301297692608
UBFC_PHYS_s17_T3_ctrl,6,133,10.433333333333334,0.02367370016872883,0.5668718042621068
UBFC_PHYS_s17_T3_ctrl,6,134,10.466666666666667,-0.0006737582734785974,0.6010680128928318
UBFC_PHYS_s17_T3_ctrl,6,135,10.5,-0.024880750104784966,0.6257581972830052
UBFC_PHYS_s17_T3_ctrl,6,136,10.533333333333333,-0.04014473408460617,0.6265778185608695
UBFC_PHYS_s17_T3_ctrl,6,137,10.566666666666666,-0.0516512505710125,0.5882132013141073
UBFC_PHYS_s17_T3_ctrl,6,138,10.6,-0.08352535218000412,0.4981637407594238
UBFC_PHYS_s17_T3_ctrl,6,139,10.633333333333333,-0.1274678260087967,0.35025268186653663
UBFC_PHYS_s17_T3_ctrl,6,140,10.666666666666666,-0.1669856309890747,0.1470723287495619
UBFC_PHYS_s17_T3_ctrl,6,141,10.7,-0.21384277939796448,-0.09927393317852418
UBFC_PHYS_s17_T3_ctrl,6,142,10.733333333333333,-0.28771623969078064,-0.36816852249768484
UBFC_PHYS_s17_T3_ctrl,6,143,10.766666666666667,-0.4002178907394409,-0.6326581061520894
UBFC_PHYS_s17_T3_ctrl,6,144,10.8,-0.5284868478775024,-0.8621846675146024
UBFC_PHYS_s17_T3_ctrl,6,145,10.833333333333334,-0.5850479006767273,-1.0257188258863652
UBFC_PHYS_s17_T3_ctrl,6,146,10.866666666666667,-0.48497748374938965,-1.0957329105588973
UBFC_PHYS_s17_T3_ctrl,6,147,10.9,-0.2587217092514038,-1.053441230680043
UBFC_PHYS_s17_T3_ctrl,6,148,10.933333333333334,-0.038166504353284836,-0.8947829306465748
UBFC_PHYS_s17_T3_ctrl,6,149,10.966666666666667,0.08439017087221146,-0.6352469834377907
UBFC_PHYS_s17_T3_ctrl,6,150,11.0,0.1219063326716423,-0.31085186767006495
UBFC_PHYS_s17_T3_ctrl,6,151,11.033333333333333,0.11322084069252014,0.026688878523264008
UBFC_PHYS_s17_T3_ctrl,6,152,11.066666666666666,0.07338699698448181,0.32031575052336325
UBFC_PHYS_s17_T3_ctrl,6,153,11.1,0.038258764892816544,0.5206802998696004
UBFC_PHYS_s17_T3_ctrl,6,154,11.133333333333333,0.05401437729597092,0.5978690178434113
UBFC_PHYS_s17_T3_ctrl,6,155,11.166666666666666,0.10411395877599716,0.5482658833022792
UBFC_PHYS_s17_T3_ctrl,6,156,11.2,0.1245751827955246,0.39482087182947395
UBFC_PHYS_s17_T3_ctrl,6,157,11.233333333333333,0.08790182322263718,0.1810616128328906
UBFC_PHYS_s17_T3_ctrl,6,158,11.266666666666667,0.015315966680645943,-0.03932044875526768
UBFC_PHYS_s17_T3_ctrl,6,159,11.3,-0.07274457812309265,-0.21467118084422465
UBFC_PHYS_s17_T3_ctrl,6,160,11.333333333333334,-0.17038021981716156,-0.30645730577247254
UBFC_PHYS_s17_T3_ctrl,6,161,11.366666666666667,-0.27569469809532166,-0.2967316323076864
UBFC_PHYS_s17_T3_ctrl,6,162,11.4,-0.4022078216075897,-0.19057149104575613
UBFC_PHYS_s17_T3_ctrl,6,163,11.433333333333334,-0.5427324771881104,-0.013349923481313333
UBFC_PHYS_s17_T3_ctrl,6,164,11.466666666666667,-0.610191285610199,0.19631021023638898
UBFC_PHYS_s17_T3_ctrl,6,165,11.5,-0.515985369682312,0.39619922874935193
UBFC_PHYS_s17_T3_ctrl,6,166,11.533333333333333,-0.31145501136779785,0.5502978302252721
UBFC_PHYS_s17_T3_ctrl,6,167,11.566666666666666,-0.13215003907680511,0.6359495984461876
UBFC_PHYS_s17_T3_ctrl,6,168,11.6,-0.016909299418330193,0.6465861766769511
UBFC_PHYS_s17_T3_ctrl,6,169,11.633333333333333,0.061517611145973206,0.589877423945363
UBFC_PHYS_s17_T3_ctrl,6,170,11.666666666666666,0.09679801017045975,0.4829070810982186
UBFC_PHYS_s17_T3_ctrl,6,171,11.7,0.07628995925188065,0.34671220607204606
UBFC_PHYS_s17_T3_ctrl,6,172,11.733333333333333,0.04335065931081772,0.201893244713874
UBFC_PHYS_s17_T3_ctrl,6,173,11.766666666666667,0.05176692083477974,0.06582844885617326
UBFC_PHYS_s17_T3_ctrl,6,174,11.8,0.09040680527687073,-0.04869388324436934
UBFC_PHYS_s17_T3_ctrl,6,175,11.833333333333334,0.11341983824968338,-0.13378009246566608
UBFC_PHYS_s17_T3_ctrl,6,176,11.866666666666667,0.09934981167316437,-0.18601736545123862
UBFC_PHYS_s17_T3_ctrl,6,177,11.9,0.04742417857050896,-0.20572694138068082
UBFC_PHYS_s17_T3_ctrl,6,178,11.933333333333334,-0.03349600359797478,-0.19632610667784034
UBFC_PHYS_s17_T3_ctrl,6,179,11.966666666666667,-0.1240147054195404,-0.16402722845976483
UBFC_PHYS_s17_T3_ctrl,6,180,12.0,-0.21802164614200592,-0.11756479413205856
UBFC_PHYS_s17_T3_ctrl,6,181,12.033333333333333,-0.33931413292884827,-0.06734598286952082
UBFC_PHYS_s17_T3_ctrl,6,182,12.066666666666666,-0.49315962195396423,-0.02380473795711565
UBFC_PHYS_s17_T3_ctrl,6,183,12.1,-0.6100976467132568,0.0045912261598008985
UBFC_PHYS_s17_T3_ctrl,6,184,12.133333333333333,-0.5843806862831116,0.01289914871580642
UBFC_PHYS_s17_T3_ctrl,6,185,12.166666666666666,-0.40741679072380066,0.00020428106787236935
UBFC_PHYS_s17_T3_ctrl,6,186,12.2,-0.19452868402004242,-0.031083415186845178
UBFC_PHYS_s17_T3_ctrl,6,187,12.233333333333333,-0.03439733013510704,-0.07676838519955256
UBFC_PHYS_s17_T3_ctrl,6,188,12.266666666666667,0.07719128578901291,-0.13255573422596045
UBFC_PHYS_s17_T3_ctrl,6,189,12.3,0.13763853907585144,-0.19525165354474835
UBFC_PHYS_s17_T3_ctrl,6,190,12.333333333333334,0.13238276541233063,-0.26321109972449264
UBFC_PHYS_s17_T3_ctrl,6,191,12.366666666666667,0.10810553282499313,-0.3360753805936089
UBFC_PHYS_s17_T3_ctrl,6,192,12.4,0.11902677267789841,-0.41386029754780296
UBFC_PHYS_s17_T3_ctrl,6,193,12.433333333333334,0.15306639671325684,-0.4954481069576138
UBFC_PHYS_s17_T3_ctrl,6,194,12.466666666666667,0.17893557250499725,-0.5767950424828275
UBFC_PHYS_s17_T3_ctrl,6,195,12.5,0.18669632077217102,-0.6495202739699171
UBFC_PHYS_s17_T3_ctrl,6,196,12.533333333333333,0.1611080765724182,-0.7006590644582866
UBFC_PHYS_s17_T3_ctrl,6,197,12.566666666666666,0.090523861348629,-0.7141237845392674
UBFC_PHYS_s17_T3_ctrl,6,198,12.6,-0.01360834576189518,-0.6738992534971291
UBFC_PHYS_s17_T3_ctrl,6,199,12.633333333333333,-0.12725712358951569,-0.5683965411452946
UBFC_PHYS_s17_T3_ctrl,6,200,12.666666666666666,-0.24178382754325867,-0.3948865547004005
UBFC_PHYS_s17_T3_ctrl,6,201,12.7,-0.37625670433044434,-0.16259720121286883
UBFC_PHYS_s17_T3_ctrl,6,202,12.733333333333333,-0.544581949710846,0.1069521105008954
UBFC_PHYS_s17_T3_ctrl,6,203,12.766666666666667,-0.6870145797729492,0.38308727245739094
UBFC_PHYS_s17_T3_ctrl,6,204,12.8,-0.6852118968963623,0.6318825785625122
UBFC_PHYS_s17_T3_ctrl,6,205,12.833333333333334,-0.5045139789581299,0.8230010514363163
UBFC_PHYS_s17_T3_ctrl,6,206,12.866666666666667,-0.24590416252613068,0.9356143324322903
UBFC_PHYS_s17_T3_ctrl,6,207,12.9,-0.03348429873585701,0.9621650760872588
UBFC_PHYS_s17_T3_ctrl,6,208,12.933333333333334,0.10220596194267273,0.9092804828846003
UBFC_PHYS_s17_T3_ctrl,6,209,12.966666666666667,0.18753911554813385,0.7956592989791176
UBFC_PHYS_s17_T3_ctrl,6,210,13.0,0.22637799382209778,0.6474681771065273
UBFC_PHYS_s17_T3_ctrl,6,211,13.033333333333333,0.22947995364665985,0.49243856222314697
UBFC_PHYS_s17_T3_ctrl,6,212,13.066666666666666,0.25234082341194153,0.3541138364442911
UBFC_PHYS_s17_T3_ctrl,6,213,13.1,0.31936654448509216,0.24760088365774655
UBFC_PHYS_s17_T3_ctrl,6,214,13.133333333333333,0.3846833109855652,0.17784858317137245
UBFC_PHYS_s17_T3_ctrl,6,215,13.166666666666666,0.39991214871406555,0.14080046830773058
UBFC_PHYS_s17_T3_ctrl,6,216,13.2,0.3587673008441925,0.12677074593342982
UBFC_PHYS_s17_T3_ctrl,6,217,13.233333333333333,0.26644596457481384,0.1245484256824682
UBFC_PHYS_s17_T3_ctrl,6,218,13.266666666666667,0.1333894282579422,0.12457380494643408
UBFC_PHYS_s17_T3_ctrl,6,219,13.3,0.005389695521444082,0.12019056658182924
UBFC_PHYS_s17_T3_ctrl,6,220,13.333333333333334,-0.07732143253087997,0.10712770845739245
UBFC_PHYS_s17_T3_ctrl,6,221,13.366666666666667,-0.13655130565166473,0.08230237662550569
UBFC_PHYS_s17_T3_ctrl,6,222,13.4,-0.23322710394859314,0.04317101390132115
UBFC_PHYS_s17_T3_ctrl,6,223,13.433333333333334,-0.40095534920692444,-0.01181785636842718
UBFC_PHYS_s17_T3_ctrl,6,224,13.466666666666667,-0.6003469824790955,-0.08211504516219616
UBFC_PHYS_s17_T3_ctrl,6,225,13.5,-0.712989091873169,-0.16435070423212467
UBFC_PHYS_s17_T3_ctrl,6,226,13.533333333333333,-0.6217212080955505,-0.2527947966609442
UBFC_PHYS_s17_T3_ctrl,6,227,13.566666666666666,-0.3658154010772705,-0.3409238884636638
UBFC_PHYS_s17_T3_ctrl,6,228,13.6,-0.0918128490447998,-0.4231874927315086
UBFC_PHYS_s17_T3_ctrl,6,229,13.633333333333333,0.1012226939201355,-0.4958950502987925
UBFC_PHYS_s17_T3_ctrl,6,230,13.666666666666666,0.21279960870742798,-0.5567859056287576
UBFC_PHYS_s17_T3_ctrl,6,231,13.7,0.2598089277744293,-0.6037028211432834
UBFC_PHYS_s17_T3_ctrl,6,232,13.733333333333333,0.24708503484725952,-0.633206990976493
UBFC_PHYS_s17_T3_ctrl,6,233,13.766666666666667,0.21192169189453125,-0.6399266122763543
UBFC_PHYS_s17_T3_ctrl,6,234,13.8,0.2068532109260559,-0.6171576331786996
UBFC_PHYS_s17_T3_ctrl,6,235,13.833333333333334,0.23293307423591614,-0.5587662262454939
UBFC_PHYS_s17_T3_ctrl,6,236,13.866666666666667,0.2555832266807556,-0.461818172877812
UBFC_PHYS_s17_T3_ctrl,6,237,13.9,0.26107311248779297,-0.32885967883647366
UBFC_PHYS_s17_T3_ctrl,6,238,13.933333333333334,0.25023382902145386,-0.1687522618259157
UBFC_PHYS_s17_T3_ctrl,6,239,13.966666666666667,0.20766088366508484,0.004366223381466332
UBFC_PHYS_s17_T3_ctrl,7,0,7.0,0.6256529092788696,-0.017562381485944075
UBFC_PHYS_s17_T3_ctrl,7,1,7.033333333333333,0.5067015290260315,0.13736203535319635
UBFC_PHYS_s17_T3_ctrl,7,2,7.066666666666666,0.3976530134677887,0.2566848339522688
UBFC_PHYS_s17_T3_ctrl,7,3,7.1,0.3007547855377197,0.31365933220237047
UBFC_PHYS_s17_T3_ctrl,7,4,7.133333333333334,0.16572004556655884,0.2968492717844813
UBFC_PHYS_s17_T3_ctrl,7,5,7.166666666666667,-0.06368451565504074,0.21246087500843033
UBFC_PHYS_s17_T3_ctrl,7,6,7.2,-0.37348249554634094,0.08149747166328805
UBFC_PHYS_s17_T3_ctrl,7,7,7.233333333333333,-0.633777916431427,-0.06731247368742646
UBFC_PHYS_s17_T3_ctrl,7,8,7.266666666666667,-0.650259256362915,-0.20597490781994002
UBFC_PHYS_s17_T3_ctrl,7,9,7.3,-0.3512888550758362,-0.31374545206735766
UBFC_PHYS_s17_T3_ctrl,7,10,7.333333333333333,0.10569419711828232,-0.3798153229217106
UBFC_PHYS_s17_T3_ctrl,7,11,7.366666666666666,0.5165692567825317,-0.40246387526172134
UBFC_PHYS_s17_T3_ctrl,7,12,7.4,0.8173540234565735,-0.3863181726420882
UBFC_PHYS_s17_T3_ctrl,7,13,7.433333333333334,1.0285214185714722,-0.33942397866814294
UBFC_PHYS_s17_T3_ctrl,7,14,7.466666666666667,1.13168203830719,-0.2710612613251135
UBFC_PHYS_s17_T3_ctrl,7,15,7.5,1.1343157291412354,-0.19039436992079378
UBFC_PHYS_s17_T3_ctrl,7,16,7.533333333333333,1.1425681114196777,-0.10568452811066682
UBFC_PHYS_s17_T3_ctrl,7,17,7.566666666666666,1.2267425060272217,-0.02384460835296107
UBFC_PHYS_s17_T3_ctrl,7,18,7.6,1.3218380212783813,0.049756283145977034
UBFC_PHYS_s17_T3_ctrl,7,19,7.633333333333334,1.345272421836853,0.11129618221094367
UBFC_PHYS_s17_T3_ctrl,7,20,7.666666666666667,1.2997145652770996,0.15841196063081187
UBFC_PHYS_s17_T3_ctrl,7,21,7.7,1.2147676944732666,0.19011588679879685
UBFC_PHYS_s17_T3_ctrl,7,22,7.733333333333333,1.0744421482086182,0.2067039719971292
UBFC_PHYS_s17_T3_ctrl,7,23,7.766666666666667,0.8576443791389465,0.20957576544627615
UBFC_PHYS_s17_T3_ctrl,7,24,7.8,0.6082351207733154,0.2009691016473887
UBFC_PHYS_s17_T3_ctrl,7,25,7.833333333333333,0.39283034205436707,0.18368696990894906
UBFC_PHYS_s17_T3_ctrl,7,26,7.866666666666666,0.2171657532453537,0.16081640855164622
UBFC_PHYS_s17_T3_ctrl,7,27,7.9,0.03724038600921631,0.13537169598188223
UBFC_PHYS_s17_T3_ctrl,7,28,7.933333333333334,-0.17941688001155853,0.1098971306981287
UBFC_PHYS_s17_T3_ctrl,7,29,7.966666666666667,-0.4177761673927307,0.08619783350644487
UBFC_PHYS_s17_T3_ctrl,7,30,8.0,-0.5742788314819336,0.0653352565777417
UBFC_PHYS_s17_T3_ctrl,7,31,8.033333333333333,-0.4813721776008606,0.04785107377237224
UBFC_PHYS_s17_T3_ctrl,7,32,8.066666666666666,-0.14046093821525574,0.03401953938254874
UBFC_PHYS_s17_T3_ctrl,7,33,8.1,0.24214531481266022,0.023908271766193392
UBFC_PHYS_s17_T3_ctrl,7,34,8.133333333333333,0.4907820224761963,0.017195351178958863
UBFC_PHYS_s17_T3_ctrl,7,35,8.166666666666666,0.6078605055809021,0.012960731247477163
UBFC_PHYS_s17_T3_ctrl,7,36,8.2,0.6409637331962585,0.009834097767253646
UBFC_PHYS_s17_T3_ctrl,7,37,8.233333333333333,0.610318660736084,0.006671281794818643
UBFC_PHYS_s17_T3_ctrl,7,38,8.266666666666667,0.5890029668807983,0.0033840262157185715
UBFC_PHYS_s17_T3_ctrl,7,39,8.3,0.632851779460907,0.001248822965635595
UBFC_PHYS_s17_T3_ctrl,7,40,8.333333333333334,0.6628764271736145,0.0023885834981146018
UBFC_PHYS_s17_T3_ctrl,7,41,8.366666666666667,0.6159958839416504,0.00875412214557434
UBFC_PHYS_s17_T3_ctrl,7,42,8.4,0.5517677068710327,0.021215209932114853
UBFC_PHYS_s17_T3_ctrl,7,43,8.433333333333334,0.5166277885437012,0.03916583381526726
UBFC_PHYS_s17_T3_ctrl,7,44,8.466666666666667,0.46534594893455505,0.06061627984947185
UBFC_PHYS_s17_T3_ctrl,7,45,8.5,0.35964521765708923,0.08250743696800376
UBFC_PHYS_s17_T3_ctrl,7,46,8.533333333333333,0.22635458409786224,0.10112681988548679
UBFC_PHYS_s17_T3_ctrl,7,47,8.566666666666666,0.1148010864853859,0.11269135522265723
UBFC_PHYS_s17_T3_ctrl,7,48,8.6,0.03197290748357773,0.1140496375606606
UBFC_PHYS_s17_T3_ctrl,7,49,8.633333333333333,-0.0700991302728653,0.10322918897386354
UBFC_PHYS_s17_T3_ctrl,7,50,8.666666666666666,-0.23739425837993622,0.07954666311284632
UBFC_PHYS_s17_T3_ctrl,7,51,8.7,-0.4432941675186157,0.0432569532842038
UBFC_PHYS_s17_T3_ctrl,7,52,8.733333333333333,-0.5742670893669128,-0.004962425660037843
UBFC_PHYS_s17_T3_ctrl,7,53,8.766666666666667,-0.5019036531448364,-0.06432241817163206
UBFC_PHYS_s17_T3_ctrl,7,54,8.8,-0.23687921464443207,-0.13393311074133973
UBFC_PHYS_s17_T3_ctrl,7,55,8.833333333333334,0.05834541842341423,-0.21269278812954667
UBFC_PHYS_s17_T3_ctrl,7,56,8.866666666666667,0.26246607303619385,-0.2991725891018511
UBFC_PHYS_s17_T3_ctrl,7,57,8.9,0.3794509470462799,-0.39133341573121544
UBFC_PHYS_s17_T3_ctrl,7,58,8.933333333333334,0.427338182926178,-0.48575508294531483
UBFC_PHYS_s17_T3_ctrl,7,59,8.966666666666667,0.39205777645111084,-0.5762684311056552
UBFC_PHYS_s17_T3_ctrl,7,60,9.0,0.3262845277786255,-0.6524575978084769
UBFC_PHYS_s17_T3_ctrl,7,61,9.033333333333333,0.3338579833507538,-0.6991401826866258
UBFC_PHYS_s17_T3_ctrl,7,62,9.066666666666666,0.3995727002620697,-0.698127662482284
UBFC_PHYS_s17_T3_ctrl,7,63,9.1,0.4233465790748596,-0.632796489290089
UBFC_PHYS_s17_T3_ctrl,7,64,9.133333333333333,0.38600602746009827,-0.4943346282694409
UBFC_PHYS_s17_T3_ctrl,7,65,9.166666666666666,0.34278929233551025,-0.28702953073129917
UBFC_PHYS_s17_T3_ctrl,7,66,9.2,0.29541710019111633,-0.02980557883511151
UBFC_PHYS_s17_T3_ctrl,7,67,9.233333333333333,0.205752894282341,0.24726898683821041
UBFC_PHYS_s17_T3_ctrl,7,68,9.266666666666667,0.09473784267902374,0.5102943392660847
UBFC_PHYS_s17_T3_ctrl,7,69,9.3,0.01135950442403555,0.7295185235935083
UBFC_PHYS_s17_T3_ctrl,7,70,9.333333333333334,-0.05958758294582367,0.8847362567535759
UBFC_PHYS_s17_T3_ctrl,7,71,9.366666666666667,-0.16623647511005402,0.9666538400833075
UBFC_PHYS_s17_T3_ctrl,7,72,9.4,-0.32070237398147583,0.9752968810659741
UBFC_PHYS_s17_T3_ctrl,7,73,9.433333333333334,-0.4802718758583069,0.9179204722869386
UBFC_PHYS_s17_T3_ctrl,7,74,9.466666666666667,-0.5506922006607056,0.808031880865848
UBFC_PHYS_s17_T3_ctrl,7,75,9.5,-0.4480348825454712,0.6649883980956447
UBFC_PHYS_s17_T3_ctrl,7,76,9.533333333333333,-0.20577768981456757,0.5121226733264854
UBFC_PHYS_s17_T3_ctrl,7,77,9.566666666666666,0.03939419984817505,0.37200032946936346
UBFC_PHYS_s17_T3_ctrl,7,78,9.6,0.2093464732170105,0.26003628297005144
UBFC_PHYS_s17_T3_ctrl,7,79,9.633333333333333,0.30046215653419495,0.17974415665845664
UBFC_PHYS_s17_T3_ctrl,7,80,9.666666666666666,0.32107555866241455,0.1222646348561876
UBFC_PHYS_s17_T3_ctrl,7,81,9.7,0.29896384477615356,0.07047239157633998
UBFC_PHYS_s17_T3_ctrl,7,82,9.733333333333333,0.28986868262290955,0.005913893448288311
UBFC_PHYS_s17_T3_ctrl,7,83,9.766666666666667,0.3129636347293854,-0.08422093188827606
UBFC_PHYS_s17_T3_ctrl,7,84,9.8,0.3262845277786255,-0.20289441232856234
UBFC_PHYS_s17_T3_ctrl,7,85,9.833333333333334,0.3087847828865051,-0.3432500334563375
UBFC_PHYS_s17_T3_ctrl,7,86,9.866666666666667,0.2897750437259674,-0.4920155408363937
UBFC_PHYS_s17_T3_ctrl,7,87,9.9,0.2733990252017975,-0.6338049542863747
UBFC_PHYS_s17_T3_ctrl,7,88,9.933333333333334,0.2137477546930313,-0.7542062493082691
UBFC_PHYS_s17_T3_ctrl,7,89,9.966666666666667,0.09998191148042679,-0.8410987652345934
UBFC_PHYS_s17_T3_ctrl,7,90,10.0,-0.00732248742133379,-0.8849013707563081
UBFC_PHYS_s17_T3_ctrl,7,91,10.033333333333333,-0.06527645885944366,-0.8787860330526026
UBFC_PHYS_s17_T3_ctrl,7,92,10.066666666666666,-0.11611348390579224,-0.8194548780186204
UBFC_PHYS_s17_T3_ctrl,7,93,10.1,-0.21637116372585297,-0.708391124865296
UBFC_PHYS_s17_T3_ctrl,7,94,10.133333333333333,-0.3539460003376007,-0.5530219635064831
UBFC_PHYS_s17_T3_ctrl,7,95,10.166666666666666,-0.4287208020687103,-0.3670260514158596
UBFC_PHYS_s17_T3_ctrl,7,96,10.2,-0.3463725447654724,-0.16901664178224196
UBFC_PHYS_s17_T3_ctrl,7,97,10.233333333333333,-0.14358630776405334,0.020813602013601138
UBFC_PHYS_s17_T3_ctrl,7,98,10.266666666666667,0.04688572511076927,0.18565436227129462
UBFC_PHYS_s17_T3_ctrl,7,99,10.3,0.15452958643436432,0.31702794974294757
UBFC_PHYS_s17_T3_ctrl,7,100,10.333333333333334,0.18511608242988586,0.4172305868495936
UBFC_PHYS_s17_T3_ctrl,7,101,10.366666666666667,0.1453641653060913,0.49732137185290876
UBFC_PHYS_s17_T3_ctrl,7,102,10.4,0.07267296314239502,0.5709950931951976
UBFC_PHYS_s17_T3_ctrl,7,103,10.433333333333334,0.02367370016872883,0.6471048008509857
UBFC_PHYS_s17_T3_ctrl,7,104,10.466666666666667,-0.0006737582734785974,0.7243660352126002
UBFC_PHYS_s17_T3_ctrl,7,105,10.5,-0.024880750104784966,0.7905648064366488
UBFC_PHYS_s17_T3_ctrl,7,106,10.533333333333333,-0.04014473408460617,0.8263046103981233
UBFC_PHYS_s17_T3_ctrl,7,107,10.566666666666666,-0.0516512505710125,0.8113610316223103
UBFC_PHYS_s17_T3_ctrl,7,108,10.6,-0.08352535218000412,0.7310598647373429
UBFC_PHYS_s17_T3_ctrl,7,109,10.633333333333333,-0.1274678260087967,0.5806269118750074
UBFC_PHYS_s17_T3_ctrl,7,110,10.666666666666666,-0.1669856309890747,0.3665347519538282
UBFC_PHYS_s17_T3_ctrl,7,111,10.7,-0.21384277939796448,0.10509188558723662
UBFC_PHYS_s17_T3_ctrl,7,112,10.733333333333333,-0.28771623969078064,-0.1804854913661238
UBFC_PHYS_s17_T3_ctrl,7,113,10.766666666666667,-0.4002178907394409,-0.46308608449441824
UBFC_PHYS_s17_T3_ctrl,7,114,10.8,-0.5284868478775024,-0.7141421345625688
UBFC_PHYS_s17_T3_ctrl,7,115,10.833333333333334,-0.5850479006767273,-0.9058416197919734
UBFC_PHYS_s17_T3_ctrl,7,116,10.866666666666667,-0.48497748374938965,-1.0138581309983283
UBFC_PHYS_s17_T3_ctrl,7,117,10.9,-0.2587217092514038,-1.0210100035909
UBFC_PHYS_s17_T3_ctrl,7,118,10.933333333333334,-0.038166504353284836,-0.9215057142301011
UBFC_PHYS_s17_T3_ctrl,7,119,10.966666666666667,0.08439017087221146,-0.7245467695189904
UBFC_PHYS_s17_T3_ctrl,7,120,11.0,0.1219063326716423,-0.45546697841407824
UBFC_PHYS_s17_T3_ctrl,7,121,11.033333333333333,0.11322084069252014,-0.1529363123579344
UBFC_PHYS_s17_T3_ctrl,7,122,11.066666666666666,0.07338699698448181,0.13777775909702378
UBFC_PHYS_s17_T3_ctrl,7,123,11.1,0.038258764892816544,0.37377133211553126
UBFC_PHYS_s17_T3_ctrl,7,124,11.133333333333333,0.05401437729597092,0.5230656628417489
UBFC_PHYS_s17_T3_ctrl,7,125,11.166666666666666,0.10411395877599716,0.570504257857652
UBFC_PHYS_s17_T3_ctrl,7,126,11.2,0.1245751827955246,0.5199689036074281
UBFC_PHYS_s17_T3_ctrl,7,127,11.233333333333333,0.08790182322263718,0.3930066754255101
UBFC_PHYS_s17_T3_ctrl,7,128,11.266666666666667,0.015315966680645943,0.22428310090616957
UBFC_PHYS_s17_T3_ctrl,7,129,11.3,-0.07274457812309265,0.0544089348590053
UBFC_PHYS_s17_T3_ctrl,7,130,11.333333333333334,-0.17038021981716156,-0.07867838043842063
UBFC_PHYS_s17_T3_ctrl,7,131,11.366666666666667,-0.27569469809532166,-0.14784520327276832
UBFC_PHYS_s17_T3_ctrl,7,132,11.4,-0.4022078216075897,-0.14232823790294782
UBFC_PHYS_s17_T3_ctrl,7,133,11.433333333333334,-0.5427324771881104,-0.06929527682502051
UBFC_PHYS_s17_T3_ctrl,7,134,11.466666666666667,-0.610191285610199,0.04890943270891091
UBFC_PHYS_s17_T3_ctrl,7,135,11.5,-0.515985369682312,0.18097642533606148
UBFC_PHYS_s17_T3_ctrl,7,136,11.533333333333333,-0.31145501136779785,0.29462156894984654
UBFC_PHYS_s17_T3_ctrl,7,137,11.566666666666666,-0.13215003907680511,0.3643053598987889
UBFC_PHYS_s17_T3_ctrl,7,138,11.6,-0.016909299418330193,0.37670382882012426
UBFC_PHYS_s17_T3_ctrl,7,139,11.633333333333333,0.061517611145973206,0.33257322798244826
UBFC_PHYS_s17_T3_ctrl,7,140,11.666666666666666,0.09679801017045975,0.24477716110435255
UBFC_PHYS_s17_T3_ctrl,7,141,11.7,0.07628995925188065,0.1334725994220062
UBFC_PHYS_s17_T3_ctrl,7,142,11.733333333333333,0.04335065931081772,0.020267015579606622
UBFC_PHYS_s17_T3_ctrl,7,143,11.766666666666667,0.05176692083477974,-0.07675350761110523
UBFC_PHYS_s17_T3_ctrl,7,144,11.8,0.09040680527687073,-0.14586527460081042
UBFC_PHYS_s17_T3_ctrl,7,145,11.833333333333334,0.11341983824968338,-0.18217173133044187
UBFC_PHYS_s17_T3_ctrl,7,146,11.866666666666667,0.09934981167316437,-0.18635386103985616
UBFC_PHYS_s17_T3_ctrl,7,147,11.9,0.04742417857050896,-0.16280322769521605
UBFC_PHYS_s17_T3_ctrl,7,148,11.933333333333334,-0.03349600359797478,-0.11807847944111563
UBFC_PHYS_s17_T3_ctrl,7,149,11.966666666666667,-0.1240147054195404,-0.06005412292730288
UBFC_PHYS_s17_T3_ctrl,7,150,12.0,-0.21802164614200592,0.002499095793665122
UBFC_PHYS_s17_T3_ctrl,7,151,12.033333333333333,-0.33931413292884827,0.0604703231425236
UBFC_PHYS_s17_T3_ctrl,7,152,12.066666666666666,-0.49315962195396423,0.10548302742733155
UBFC_PHYS_s17_T3_ctrl,7,153,12.1,-0.6100976467132568,0.13137799983444443
UBFC_PHYS_s17_T3_ctrl,7,154,12.133333333333333,-0.5843806862831116,0.13555062306857463
UBFC_PHYS_s17_T3_ctrl,7,155,12.166666666666666,-0.40741679072380066,0.11945516466472661
UBFC_PHYS_s17_T3_ctrl,7,156,12.2,-0.19452868402004242,0.08784988044396486
UBFC_PHYS_s17_T3_ctrl,7,157,12.233333333333333,-0.03439733013510704,0.04687847054452089
UBFC_PHYS_s17_T3_ctrl,7,158,12.266666666666667,0.07719128578901291,0.0016114310423004947
UBFC_PHYS_s17_T3_ctrl,7,159,12.3,0.13763853907585144,-0.046040732971887294
UBFC_PHYS_s17_T3_ctrl,7,160,12.333333333333334,0.13238276541233063,-0.0982042654403687
UBFC_PHYS_s17_T3_ctrl,7,161,12.366666666666667,0.10810553282499313,-0.1602291312299385
UBFC_PHYS_s17_T3_ctrl,7,162,12.4,0.11902677267789841,-0.23820576658105927
UBFC_PHYS_s17_T3_ctrl,7,163,12.433333333333334,0.15306639671325684,-0.33539753754299656
UBFC_PHYS_s17_T3_ctrl,7,164,12.466666666666667,0.17893557250499725,-0.44869861442226455
UBFC_PHYS_s17_T3_ctrl,7,165,12.5,0.18669632077217102,-0.566469689801922
UBFC_PHYS_s17_T3_ctrl,7,166,12.533333333333333,0.1611080765724182,-0.6688752196727636
UBFC_PHYS_s17_T3_ctrl,7,167,12.566666666666666,0.090523861348629,-0.731189279061436
UBFC_PHYS_s17_T3_ctrl,7,168,12.6,-0.01360834576189518,-0.7296396918946004
UBFC_PHYS_s17_T3_ctrl,7,169,12.633333333333333,-0.12725712358951569,-0.6484346323294508
UBFC_PHYS_s17_T3_ctrl,7,170,12.666666666666666,-0.24178382754325867,-0.48591423976811315
UBFC_PHYS_s17_T3_ctrl,7,171,12.7,-0.37625670433044434,-0.25757527962746646
UBFC_PHYS_s17_T3_ctrl,7,172,12.733333333333333,-0.544581949710846,0.005696497240497919
UBFC_PHYS_s17_T3_ctrl,7,173,12.766666666666667,-0.6870145797729492,0.26431797685153896
UBFC_PHYS_s17_T3_ctrl,7,174,12.8,-0.6852118968963623,0.47968104394841854
UBFC_PHYS_s17_T3_ctrl,7,175,12.833333333333334,-0.5045139789581299,0.6234895651940124
UBFC_PHYS_s17_T3_ctrl,7,176,12.866666666666667,-0.24590416252613068,0.6837251724993245
UBFC_PHYS_s17_T3_ctrl,7,177,12.9,-0.03348429873585701,0.6657411533761178
UBFC_PHYS_s17_T3_ctrl,7,178,12.933333333333334,0.10220596194267273,0.5887793907163945
UBFC_PHYS_s17_T3_ctrl,7,179,12.966666666666667,0.18753911554813385,0.4795957796467484
UBFC_PHYS_s17_T3_ctrl,7,180,13.0,0.22637799382209778,0.3655111779636378
UBFC_PHYS_s17_T3_ctrl,7,181,13.033333333333333,0.22947995364665985,0.2688963888508428
UBFC_PHYS_s17_T3_ctrl,7,182,13.066666666666666,0.25234082341194153,0.204046950256893
UBFC_PHYS_s17_T3_ctrl,7,183,13.1,0.31936654448509216,0.17629329072785935
UBFC_PHYS_s17_T3_ctrl,7,184,13.133333333333333,0.3846833109855652,0.18264802731140398
UBFC_PHYS_s17_T3_ctrl,7,185,13.166666666666666,0.39991214871406555,0.21336759291493929
UBFC_PHYS_s17_T3_ctrl,7,186,13.2,0.3587673008441925,0.25416843693370433
UBFC_PHYS_s17_T3_ctrl,7,187,13.233333333333333,0.26644596457481384,0.28909729059907086
UBFC_PHYS_s17_T3_ctrl,7,188,13.266666666666667,0.1333894282579422,0.303952813817545
UBFC_PHYS_s17_T3_ctrl,7,189,13.3,0.005389695521444082,0.28970056705618974
UBFC_PHYS_s17_T3_ctrl,7,190,13.333333333333334,-0.07732143253087997,0.24480456934989483
UBFC_PHYS_s17_T3_ctrl,7,191,13.366666666666667,-0.13655130565166473,0.17528979962648406
UBFC_PHYS_s17_T3_ctrl,7,192,13.4,-0.23322710394859314,0.09202945137203948
UBFC_PHYS_s17_T3_ctrl,7,193,13.433333333333334,-0.40095534920692444,0.00622709231696125
UBFC_PHYS_s17_T3_ctrl,7,194,13.466666666666667,-0.6003469824790955,-0.07446094488094475
UBFC_PHYS_s17_T3_ctrl,7,195,13.5,-0.712989091873169,-0.14694156856414864
UBFC_PHYS_s17_T3_ctrl,7,196,13.533333333333333,-0.6217212080955505,-0.21098884013518857
UBFC_PHYS_s17_T3_ctrl,7,197,13.566666666666666,-0.3658154010772705,-0.267026826579474
UBFC_PHYS_s17_T3_ctrl,7,198,13.6,-0.0918128490447998,-0.3151114429436797
UBFC_PHYS_s17_T3_ctrl,7,199,13.633333333333333,0.1012226939201355,-0.35505381755967214
UBFC_PHYS_s17_T3_ctrl,7,200,13.666666666666666,0.21279960870742798,-0.3867203104303672
UBFC_PHYS_s17_T3_ctrl,7,201,13.7,0.2598089277744293,-0.4098636333456517
UBFC_PHYS_s17_T3_ctrl,7,202,13.733333333333333,0.24708503484725952,-0.4236020563726464
UBFC_PHYS_s17_T3_ctrl,7,203,13.766666666666667,0.21192169189453125,-0.4260996555277113
UBFC_PHYS_s17_T3_ctrl,7,204,13.8,0.2068532109260559,-0.41479613008714933
UBFC_PHYS_s17_T3_ctrl,7,205,13.833333333333334,0.23293307423591614,-0.38706680001367927
UBFC_PHYS_s17_T3_ctrl,7,206,13.866666666666667,0.2555832266807556,-0.3409852820072867
UBFC_PHYS_s17_T3_ctrl,7,207,13.9,0.26107311248779297,-0.2759895312145752
UBFC_PHYS_s17_T3_ctrl,7,208,13.933333333333334,0.25023382902145386,-0.19347352932582093
UBFC_PHYS_s17_T3_ctrl,7,209,13.966666666666667,0.20766088366508484,-0.09734002051941197
UBFC_PHYS_s17_T3_ctrl,7,210,14.0,0.12137958407402039,0.005720006853038003
UBFC_PHYS_s17_T3_ctrl,7,211,14.033333333333333,0.01683768257498741,0.10666749846783566
UBFC_PHYS_s17_T3_ctrl,7,212,14.066666666666666,-0.07571777701377869,0.1955336212466046
UBFC_PHYS_s17_T3_ctrl,7,213,14.1,-0.18100883066654205,0.26356293012576587
UBFC_PHYS_s17_T3_ctrl,7,214,14.133333333333333,-0.3460448086261749,0.3053331810631047
UBFC_PHYS_s17_T3_ctrl,7,215,14.166666666666666,-0.5515701174736023,0.3199692316248988
UBFC_PHYS_s17_T3_ctrl,7,216,14.2,-0.6782588362693787,0.3109301144289302
UBFC_PHYS_s17_T3_ctrl,7,217,14.233333333333333,-0.6048769950866699,0.28448996581992597
UBFC_PHYS_s17_T3_ctrl,7,218,14.266666666666667,-0.3588857352733612,0.2475822783368757
UBFC_PHYS_s17_T3_ctrl,7,219,14.3,-0.10554341226816177,0.20584970323056256
UBFC_PHYS_s17_T3_ctrl,7,220,14.333333333333334,0.06817804276943207,0.16249613706186639
UBFC_PHYS_s17_T3_ctrl,7,221,14.366666666666667,0.1923149675130844,0.11813852385702732
UBFC_PHYS_s17_T3_ctrl,7,222,14.4,0.26981714367866516,0.07158337105016928
UBFC_PHYS_s17_T3_ctrl,7,223,14.433333333333334,0.2740779519081116,0.021324131604717845
UBFC_PHYS_s17_T3_ctrl,7,224,14.466666666666667,0.2571517825126648,-0.03256714264517702
UBFC_PHYS_s17_T3_ctrl,7,225,14.5,0.2952063977718353,-0.086712418607239
UBFC_PHYS_s17_T3_ctrl,7,226,14.533333333333333,0.36045289039611816,-0.13369253732576275
UBFC_PHYS_s17_T3_ctrl,7,227,14.566666666666666,0.3771098256111145,-0.16310517090719706
UBFC_PHYS_s17_T3_ctrl,7,228,14.6,0.35132259130477905,-0.16463509740099305
UBFC_PHYS_s17_T3_ctrl,7,229,14.633333333333333,0.32274943590164185,-0.13237009299901728
UBFC_PHYS_s17_T3_ctrl,7,230,14.666666666666666,0.27600935101509094,-0.06865008412544392
UBFC_PHYS_s17_T3_ctrl,7,231,14.7,0.1860993355512619,0.014657120438745931
UBFC_PHYS_s17_T3_ctrl,7,232,14.733333333333333,0.09057068079710007,0.0989130094098233
UBFC_PHYS_s17_T3_ctrl,7,233,14.766666666666667,0.033143457025289536,0.16494142738953982
UBFC_PHYS_s17_T3_ctrl,7,234,14.8,-0.01620696857571602,0.1996188139220107
UBFC_PHYS_s17_T3_ctrl,7,235,14.833333333333334,-0.11085771024227142,0.19909883323917393
UBFC_PHYS_s17_T3_ctrl,7,236,14.866666666666667,-0.25935378670692444,0.1675116175342703
UBFC_PHYS_s17_T3_ctrl,7,237,14.9,-0.4047713279724121,0.11312168081517288
UBFC_PHYS_s17_T3_ctrl,7,238,14.933333333333334,-0.42778435349464417,0.04473079117512502
UBFC_PHYS_s17_T3_ctrl,7,239,14.966666666666667,-0.24075374007225037,-0.030113659684966057
UBFC_PHYS_s17_T3_ctrl,8,0,8.0,-0.5742788314819336,0.047035393338816414
UBFC_PHYS_s17_T3_ctrl,8,1,8.033333333333333,-0.4813721776008606,0.12236978448950005
UBFC_PHYS_s17_T3_ctrl,8,2,8.066666666666666,-0.14046093821525574,0.18608561962363407
UBFC_PHYS_s17_T3_ctrl,8,3,8.1,0.24214531481266022,0.2287539990073837
UBFC_PHYS_s17_T3_ctrl,8,4,8.133333333333333,0.4907820224761963,0.24513608063650244
UBFC_PHYS_s17_T3_ctrl,8,5,8.166666666666666,0.6078605055809021,0.23469598645047327
UBFC_PHYS_s17_T3_ctrl,8,6,8.2,0.6409637331962585,0.20099402121428825
UBFC_PHYS_s17_T3_ctrl,8,7,8.233333333333333,0.610318660736084,0.15039042917479592
UBFC_PHYS_s17_T3_ctrl,8,8,8.266666666666667,0.5890029668807983,0.09053225375227655
UBFC_PHYS_s17_T3_ctrl,8,9,8.3,0.632851779460907,0.02898953083206308
UBFC_PHYS_s17_T3_ctrl,8,10,8.333333333333334,0.6628764271736145,-0.02769312139681209
UBFC_PHYS_s17_T3_ctrl,8,11,8.366666666666667,0.6159958839416504,-0.07443796561814602
UBFC_PHYS_s17_T3_ctrl,8,12,8.4,0.5517677068710327,-0.10776312092352314
UBFC_PHYS_s17_T3_ctrl,8,13,8.433333333333334,0.5166277885437012,-0.12591983354621114
UBFC_PHYS_s17_T3_ctrl,8,14,8.466666666666667,0.46534594893455505,-0.12913209442236864
UBFC_PHYS_s17_T3_ctrl,8,15,8.5,0.35964521765708923,-0.11969923093426968
UBFC_PHYS_s17_T3_ctrl,8,16,8.533333333333333,0.22635458409786224,-0.10164055375308341
UBFC_PHYS_s17_T3_ctrl,8,17,8.566666666666666,0.1148010864853859,-0.07982651880201848
UBFC_PHYS_s17_T3_ctrl,8,18,8.6,0.03197290748357773,-0.05896012570774022
UBFC_PHYS_s17_T3_ctrl,8,19,8.633333333333333,-0.0700991302728653,-0.042955310720937986
UBFC_PHYS_s17_T3_ctrl,8,20,8.666666666666666,-0.23739425837993622,-0.03498478913515582
UBFC_PHYS_s17_T3_ctrl,8,21,8.7,-0.4432941675186157,-0.037988630621309256
UBFC_PHYS_s17_T3_ctrl,8,22,8.733333333333333,-0.5742670893669128,-0.05513644360554609
UBFC_PHYS_s17_T3_ctrl,8,23,8.766666666666667,-0.5019036531448364,-0.08976569186333257
UBFC_PHYS_s17_T3_ctrl,8,24,8.8,-0.23687921464443207,-0.14459259273847463
UBFC_PHYS_s17_T3_ctrl,8,25,8.833333333333334,0.05834541842341423,-0.22029820594500543
UBFC_PHYS_s17_T3_ctrl,8,26,8.866666666666667,0.26246607303619385,-0.3137865728964708
UBFC_PHYS_s17_T3_ctrl,8,27,8.9,0.3794509470462799,-0.416574107033083
UBFC_PHYS_s17_T3_ctrl,8,28,8.933333333333334,0.427338182926178,-0.5139835428348902
UBFC_PHYS_s17_T3_ctrl,8,29,8.966666666666667,0.39205777645111084,-0.5859515469189327
UBFC_PHYS_s17_T3_ctrl,8,30,9.0,0.3262845277786255,-0.6100717702267193
UBFC_PHYS_s17_T3_ctrl,8,31,9.033333333333333,0.3338579833507538,-0.5667960693318846
UBFC_PHYS_s17_T3_ctrl,8,32,9.066666666666666,0.3995727002620697,-0.4456280427219677
UBFC_PHYS_s17_T3_ctrl,8,33,9.1,0.4233465790748596,-0.2502425061028427
UBFC_PHYS_s17_T3_ctrl,8,34,9.133333333333333,0.38600602746009827,-0.0003561118973234255
UBFC_PHYS_s17_T3_ctrl,8,35,9.166666666666666,0.34278929233551025,0.27098029678280694
UBFC_PHYS_s17_T3_ctrl,8,36,9.2,0.29541710019111633,0.5244366783314979
UBFC_PHYS_s17_T3_ctrl,8,37,9.233333333333333,0.205752894282341,0.7237939389200418
UBFC_PHYS_s17_T3_ctrl,8,38,9.266666666666667,0.09473784267902374,0.8444140313129849
UBFC_PHYS_s17_T3_ctrl,8,39,9.3,0.01135950442403555,0.8777448343703931
UBFC_PHYS_s17_T3_ctrl,8,40,9.333333333333334,-0.05958758294582367,0.8306987517914421
UBFC_PHYS_s17_T3_ctrl,8,41,9.366666666666667,-0.16623647511005402,0.7211817334912493
UBFC_PHYS_s17_T3_ctrl,8,42,9.4,-0.32070237398147583,0.572525966234178
UBFC_PHYS_s17_T3_ctrl,8,43,9.433333333333334,-0.4802718758583069,0.40927813311865846
UBFC_PHYS_s17_T3_ctrl,8,44,9.466666666666667,-0.5506922006607056,0.25499146804530753
UBFC_PHYS_s17_T3_ctrl,8,45,9.5,-0.4480348825454712,0.13074256781888757
UBFC_PHYS_s17_T3_ctrl,8,46,9.533333333333333,-0.20577768981456757,0.05252363078561376
UBFC_PHYS_s17_T3_ctrl,8,47,9.566666666666666,0.03939419984817505,0.026991520753837116
UBFC_PHYS_s17_T3_ctrl,8,48,9.6,0.2093464732170105,0.04743308554278679
UBFC_PHYS_s17_T3_ctrl,8,49,9.633333333333333,0.30046215653419495,0.09305696470762881
UBFC_PHYS_s17_T3_ctrl,8,50,9.666666666666666,0.32107555866241455,0.13343226424612856
UBFC_PHYS_s17_T3_ctrl,8,51,9.7,0.29896384477615356,0.1372151990948902
UBFC_PHYS_s17_T3_ctrl,8,52,9.733333333333333,0.28986868262290955,0.08220815204731767
UBFC_PHYS_s17_T3_ctrl,8,53,9.766666666666667,0.3129636347293854,-0.03695391410147408
UBFC_PHYS_s17_T3_ctrl,8,54,9.8,0.3262845277786255,-0.2065526594290568
UBFC_PHYS_s17_T3_ctrl,8,55,9.833333333333334,0.3087847828865051,-0.39796075428568656
UBFC_PHYS_s17_T3_ctrl,8,56,9.866666666666667,0.2897750437259674,-0.5763638480239867
UBFC_PHYS_s17_T3_ctrl,8,57,9.9,0.2733990252017975,-0.7102822925468014
UBFC_PHYS_s17_T3_ctrl,8,58,9.933333333333334,0.2137477546930313,-0.7785426344997369
UBFC_PHYS_s17_T3_ctrl,8,59,9.966666666666667,0.09998191148042679,-0.7732571534532816
UBFC_PHYS_s17_T3_ctrl,8,60,10.0,-0.00732248742133379,-0.699237868265874
UBFC_PHYS_s17_T3_ctrl,8,61,10.033333333333333,-0.06527645885944366,-0.5712397590594493
UBFC_PHYS_s17_T3_ctrl,8,62,10.066666666666666,-0.11611348390579224,-0.41039533810484696
UBFC_PHYS_s17_T3_ctrl,8,63,10.1,-0.21637116372585297,-0.2405855854464491
UBFC_PHYS_s17_T3_ctrl,8,64,10.133333333333333,-0.3539460003376007,-0.08487601161219378
UBFC_PHYS_s17_T3_ctrl,8,65,10.166666666666666,-0.4287208020687103,0.038086080639120806
UBFC_PHYS_s17_T3_ctrl,8,66,10.2,-0.3463725447654724,0.11757729930695392
UBFC_PHYS_s17_T3_ctrl,8,67,10.233333333333333,-0.14358630776405334,0.1535367833348699
UBFC_PHYS_s17_T3_ctrl,8,68,10.266666666666667,0.04688572511076927,0.1574171899880577
UBFC_PHYS_s17_T3_ctrl,8,69,10.3,0.15452958643436432,0.15009455711200717
UBFC_PHYS_s17_T3_ctrl,8,70,10.333333333333334,0.18511608242988586,0.15657810632010227
UBFC_PHYS_s17_T3_ctrl,8,71,10.366666666666667,0.1453641653060913,0.1985494621092104
UBFC_PHYS_s17_T3_ctrl,8,72,10.4,0.07267296314239502,0.28695824230322553
UBFC_PHYS_s17_T3_ctrl,8,73,10.433333333333334,0.02367370016872883,0.4172991418492622
UBFC_PHYS_s17_T3_ctrl,8,74,10.466666666666667,-0.0006737582734785974,0.569410888857673
UBFC_PHYS_s17_T3_ctrl,8,75,10.5,-0.024880750104784966,0.711981237523136
UBFC_PHYS_s17_T3_ctrl,8,76,10.533333333333333,-0.04014473408460617,0.8101963109538205
UBFC_PHYS_s17_T3_ctrl,8,77,10.566666666666666,-0.0516512505710125,0.834014205234065
UBFC_PHYS_s17_T3_ctrl,8,78,10.6,-0.08352535218000412,0.764767996452703
UBFC_PHYS_s17_T3_ctrl,8,79,10.633333333333333,-0.1274678260087967,0.5987171823449761
UBFC_PHYS_s17_T3_ctrl,8,80,10.666666666666666,-0.1669856309890747,0.3471367854578949
UBFC_PHYS_s17_T3_ctrl,8,81,10.7,-0.21384277939796448,0.03353352891438638
UBFC_PHYS_s17_T3_ctrl,8,82,10.733333333333333,-0.28771623969078064,-0.31045034936725074
UBFC_PHYS_s17_T3_ctrl,8,83,10.766666666666667,-0.4002178907394409,-0.6486623989102402
UBFC_PHYS_s17_T3_ctrl,8,84,10.8,-0.5284868478775024,-0.942814633925014
UBFC_PHYS_s17_T3_ctrl,8,85,10.833333333333334,-0.5850479006767273,-1.154435289909813
UBFC_PHYS_s17_T3_ctrl,8,86,10.866666666666667,-0.48497748374938965,-1.248269645079298
UBFC_PHYS_s17_T3_ctrl,8,87,10.9,-0.2587217092514038,-1.1985478962071328
UBFC_PHYS_s17_T3_ctrl,8,88,10.933333333333334,-0.038166504353284836,-0.9975229577837689
UBFC_PHYS_s17_T3_ctrl,8,89,10.966666666666667,0.08439017087221146,-0.6632527893794862
UBFC_PHYS_s17_T3_ctrl,8,90,11.0,0.1219063326716423,-0.24233672740958032
UBFC_PHYS_s17_T3_ctrl,8,91,11.033333333333333,0.11322084069252014,0.19575373590177272
UBFC_PHYS_s17_T3_ctrl,8,92,11.066666666666666,0.07338699698448181,0.5730131951697073
UBFC_PHYS_s17_T3_ctrl,8,93,11.1,0.038258764892816544,0.8222092857020337
UBFC_PHYS_s17_T3_ctrl,8,94,11.133333333333333,0.05401437729597092,0.9046023813643365
UBFC_PHYS_s17_T3_ctrl,8,95,11.166666666666666,0.10411395877599716,0.8195692005092834
UBFC_PHYS_s17_T3_ctrl,8,96,11.2,0.1245751827955246,0.6029102446134774
UBFC_PHYS_s17_T3_ctrl,8,97,11.233333333333333,0.08790182322263718,0.31519914036760904
UBFC_PHYS_s17_T3_ctrl,8,98,11.266666666666667,0.015315966680645943,0.02489039957071377
UBFC_PHYS_s17_T3_ctrl,8,99,11.3,-0.07274457812309265,-0.2081447281091804
UBFC_PHYS_s17_T3_ctrl,8,100,11.333333333333334,-0.17038021981716156,-0.3442862059820799
UBFC_PHYS_s17_T3_ctrl,8,101,11.366666666666667,-0.27569469809532166,-0.36916318564044037
UBFC_PHYS_s17_T3_ctrl,8,102,11.4,-0.4022078216075897,-0.29247534318398427
UBFC_PHYS_s17_T3_ctrl,8,103,11.433333333333334,-0.5427324771881104,-0.14243690031167147
UBFC_PHYS_s17_T3_ctrl,8,104,11.466666666666667,-0.610191285610199,0.042244493121072896
UBFC_PHYS_s17_T3_ctrl,8,105,11.5,-0.515985369682312,0.22125203350731248
UBFC_PHYS_s17_T3_ctrl,8,106,11.533333333333333,-0.31145501136779785,0.3608182215719132
UBFC_PHYS_s17_T3_ctrl,8,107,11.566666666666666,-0.13215003907680511,0.43948670095669484
UBFC_PHYS_s17_T3_ctrl,8,108,11.6,-0.016909299418330193,0.4502279656437472
UBFC_PHYS_s17_T3_ctrl,8,109,11.633333333333333,0.061517611145973206,0.39884099622311664
UBFC_PHYS_s17_T3_ctrl,8,110,11.666666666666666,0.09679801017045975,0.30007217085570237
UBFC_PHYS_s17_T3_ctrl,8,111,11.7,0.07628995925188065,0.17348362708453086
UBFC_PHYS_s17_T3_ctrl,8,112,11.733333333333333,0.04335065931081772,0.0401911566911791
UBFC_PHYS_s17_T3_ctrl,8,113,11.766666666666667,0.05176692083477974,-0.07969113649196032
UBFC_PHYS_s17_T3_ctrl,8,114,11.8,0.09040680527687073,-0.16940112459411907
UBFC_PHYS_s17_T3_ctrl,8,115,11.833333333333334,0.11341983824968338,-0.21771482911568543
UBFC_PHYS_s17_T3_ctrl,8,116,11.866666666666667,0.09934981167316437,-0.22055459706182237
UBFC_PHYS_s17_T3_ctrl,8,117,11.9,0.04742417857050896,-0.18155885761667234
UBFC_PHYS_s17_T3_ctrl,8,118,11.933333333333334,-0.03349600359797478,-0.11144541744825873
UBFC_PHYS_s17_T3_ctrl,8,119,11.966666666666667,-0.1240147054195404,-0.026227388601531076
UBFC_PHYS_s17_T3_ctrl,8,120,12.0,-0.21802164614200592,0.055686603464763396
UBFC_PHYS_s17_T3_ctrl,8,121,12.033333333333333,-0.33931413292884827,0.1172912494451563
UBFC_PHYS_s17_T3_ctrl,8,122,12.066666666666666,-0.49315962195396423,0.1467990929124287
UBFC_PHYS_s17_T3_ctrl,8,123,12.1,-0.6100976467132568,0.14013840767177377
UBFC_PHYS_s17_T3_ctrl,8,124,12.133333333333333,-0.5843806862831116,0.10123066003111975
UBFC_PHYS_s17_T3_ctrl,8,125,12.166666666666666,-0.40741679072380066,0.04005677580111949
UBFC_PHYS_s17_T3_ctrl,8,126,12.2,-0.19452868402004242,-0.030776375235635672
UBFC_PHYS_s17_T3_ctrl,8,127,12.233333333333333,-0.03439733013510704,-0.09990642852256376
UBFC_PHYS_s17_T3_ctrl,8,128,12.266666666666667,0.07719128578901291,-0.16036130612003655
UBFC_PHYS_s17_T3_ctrl,8,129,12.3,0.13763853907585144,-0.21104017968938768
UBFC_PHYS_s17_T3_ctrl,8,130,12.333333333333334,0.13238276541233063,-0.2561498669862474
UBFC_PHYS_s17_T3_ctrl,8,131,12.366666666666667,0.10810553282499313,-0.30285877643871095
UBFC_PHYS_s17_T3_ctrl,8,132,12.4,0.11902677267789841,-0.3578811667406433
UBFC_PHYS_s17_T3_ctrl,8,133,12.433333333333334,0.15306639671325684,-0.42393482939058225
UBFC_PHYS_s17_T3_ctrl,8,134,12.466666666666667,0.17893557250499725,-0.4970883662105433
UBFC_PHYS_s17_T3_ctrl,8,135,12.5,0.18669632077217102,-0.5659112627056638
UBFC_PHYS_s17_T3_ctrl,8,136,12.533333333333333,0.1611080765724182,-0.6129968412221597
UBFC_PHYS_s17_T3_ctrl,8,137,12.566666666666666,0.090523861348629,-0.6188192577437192
UBFC_PHYS_s17_T3_ctrl,8,138,12.6,-0.01360834576189518,-0.5671071275241178
UBFC_PHYS_s17_T3_ctrl,8,139,12.633333333333333,-0.12725712358951569,-0.4502347376967239
UBFC_PHYS_s17_T3_ctrl,8,140,12.666666666666666,-0.24178382754325867,-0.2728612392881556
UBFC_PHYS_s17_T3_ctrl,8,141,12.7,-0.37625670433044434,-0.052387602662066095
UBFC_PHYS_s17_T3_ctrl,8,142,12.733333333333333,-0.544581949710846,0.1842484512339026
UBFC_PHYS_s17_T3_ctrl,8,143,12.766666666666667,-0.6870145797729492,0.4066041170837391
UBFC_PHYS_s17_T3_ctrl,8,144,12.8,-0.6852118968963623,0.587609626758732
UBFC_PHYS_s17_T3_ctrl,8,145,12.833333333333334,-0.5045139789581299,0.7090909048007443
UBFC_PHYS_s17_T3_ctrl,8,146,12.866666666666667,-0.24590416252613068,0.7646401216210037
UBFC_PHYS_s17_T3_ctrl,8,147,12.9,-0.03348429873585701,0.7596457065360028
UBFC_PHYS_s17_T3_ctrl,8,148,12.933333333333334,0.10220596194267273,0.7087699765535744
UBFC_PHYS_s17_T3_ctrl,8,149,12.966666666666667,0.18753911554813385,0.6314050661711779
UBFC_PHYS_s17_T3_ctrl,8,150,13.0,0.22637799382209778,0.5462191725698838
UBFC_PHYS_s17_T3_ctrl,8,151,13.033333333333333,0.22947995364665985,0.4664489988852433
UBFC_PHYS_s17_T3_ctrl,8,152,13.066666666666666,0.25234082341194153,0.3974691893415472
UBFC_PHYS_s17_T3_ctrl,8,153,13.1,0.31936654448509216,0.3373277178725797
UBFC_PHYS_s17_T3_ctrl,8,154,13.133333333333333,0.3846833109855652,0.27977371232485104
UBFC_PHYS_s17_T3_ctrl,8,155,13.166666666666666,0.39991214871406555,0.21836758106066873
UBFC_PHYS_s17_T3_ctrl,8,156,13.2,0.3587673008441925,0.1499633771316448
UBFC_PHYS_s17_T3_ctrl,8,157,13.233333333333333,0.26644596457481384,0.07622587261270082
UBFC_PHYS_s17_T3_ctrl,8,158,13.266666666666667,0.1333894282579422,0.0026830786514279135
UBFC_PHYS_s17_T3_ctrl,8,159,13.3,0.005389695521444082,-0.06414669946455212
UBFC_PHYS_s17_T3_ctrl,8,160,13.333333333333334,-0.07732143253087997,-0.1201254656022305
UBFC_PHYS_s17_T3_ctrl,8,161,13.366666666666667,-0.13655130565166473,-0.1656345598068705
UBFC_PHYS_s17_T3_ctrl,8,162,13.4,-0.23322710394859314,-0.20529881165440222
UBFC_PHYS_s17_T3_ctrl,8,163,13.433333333333334,-0.40095534920692444,-0.2453499170308913
UBFC_PHYS_s17_T3_ctrl,8,164,13.466666666666667,-0.6003469824790955,-0.29003277426883617
UBFC_PHYS_s17_T3_ctrl,8,165,13.5,-0.712989091873169,-0.3390582720736654
UBFC_PHYS_s17_T3_ctrl,8,166,13.533333333333333,-0.6217212080955505,-0.38746637808425366
UBFC_PHYS_s17_T3_ctrl,8,167,13.566666666666666,-0.3658154010772705,-0.4278092021109715
UBFC_PHYS_s17_T3_ctrl,8,168,13.6,-0.0918128490447998,-0.4532420341821923
UBFC_PHYS_s17_T3_ctrl,8,169,13.633333333333333,0.1012226939201355,-0.4598115758427293
UBFC_PHYS_s17_T3_ctrl,8,170,13.666666666666666,0.21279960870742798,-0.44711846439701153
UBFC_PHYS_s17_T3_ctrl,8,171,13.7,0.2598089277744293,-0.4176462052145965
UBFC_PHYS_s17_T3_ctrl,8,172,13.733333333333333,0.24708503484725952,-0.3754436468595768
UBFC_PHYS_s17_T3_ctrl,8,173,13.766666666666667,0.21192169189453125,-0.32469014654788037
UBFC_PHYS_s17_T3_ctrl,8,174,13.8,0.2068532109260559,-0.2685241789938643
UBFC_PHYS_s17_T3_ctrl,8,175,13.833333333333334,0.23293307423591614,-0.20846733365576028
UBFC_PHYS_s17_T3_ctrl,8,176,13.866666666666667,0.2555832266807556,-0.14465875573815817
UBFC_PHYS_s17_T3_ctrl,8,177,13.9,0.26107311248779297,-0.07684792916011683
UBFC_PHYS_s17_T3_ctrl,8,178,13.933333333333334,0.25023382902145386,-0.005728896355044957
UBFC_PHYS_s17_T3_ctrl,8,179,13.966666666666667,0.20766088366508484,0.0660816037469342
UBFC_PHYS_s17_T3_ctrl,8,180,14.0,0.12137958407402039,0.13409351995278926
UBFC_PHYS_s17_T3_ctrl,8,181,14.033333333333333,0.01683768257498741,0.19321657133784817
UBFC_PHYS_s17_T3_ctrl,8,182,14.066666666666666,-0.07571777701377869,0.23968905746289973
UBFC_PHYS_s17_T3_ctrl,8,183,14.1,-0.18100883066654205,0.27261607653732006
UBFC_PHYS_s17_T3_ctrl,8,184,14.133333333333333,-0.3460448086261749,0.2942945502907785
UBFC_PHYS_s17_T3_ctrl,8,185,14.166666666666666,-0.5515701174736023,0.3091651665689744
UBFC_PHYS_s17_T3_ctrl,8,186,14.2,-0.6782588362693787,0.3218422796935657
UBFC_PHYS_s17_T3_ctrl,8,187,14.233333333333333,-0.6048769950866699,0.33503680228769317
UBFC_PHYS_s17_T3_ctrl,8,188,14.266666666666667,-0.3588857352733612,0.34825302668183794
UBFC_PHYS_s17_T3_ctrl,8,189,14.3,-0.10554341226816177,0.3578006622963308
UBFC_PHYS_s17_T3_ctrl,8,190,14.333333333333334,0.06817804276943207,0.35800579157561385
UBFC_PHYS_s17_T3_ctrl,8,191,14.366666666666667,0.1923149675130844,0.3430056346028374
UBFC_PHYS_s17_T3_ctrl,8,192,14.4,0.26981714367866516,0.30852540250392724
UBFC_PHYS_s17_T3_ctrl,8,193,14.433333333333334,0.2740779519081116,0.2533273329413291
UBFC_PHYS_s17_T3_ctrl,8,194,14.466666666666667,0.2571517825126648,0.1801926238358519
UBFC_PHYS_s17_T3_ctrl,8,195,14.5,0.2952063977718353,0.09625849030486701
UBFC_PHYS_s17_T3_ctrl,8,196,14.533333333333333,0.36045289039611816,0.012423458752624256
UBFC_PHYS_s17_T3_ctrl,8,197,14.566666666666666,0.3771098256111145,-0.058465513881002185
UBFC_PHYS_s17_T3_ctrl,8,198,14.6,0.35132259130477905,-0.10467245037237193
UBFC_PHYS_s17_T3_ctrl,8,199,14.633333333333333,0.32274943590164185,-0.11934449786925126
UBFC_PHYS_s17_T3_ctrl,8,200,14.666666666666666,0.27600935101509094,-0.10378972328780242
UBFC_PHYS_s17_T3_ctrl,8,201,14.7,0.1860993355512619,-0.06874332342179153
UBFC_PHYS_s17_T3_ctrl,8,202,14.733333333333333,0.09057068079710007,-0.032575419529049146
UBFC_PHYS_s17_T3_ctrl,8,203,14.766666666666667,0.033143457025289536,-0.016653537688387447
UBFC_PHYS_s17_T3_ctrl,8,204,14.8,-0.01620696857571602,-0.03952406620522853
UBFC_PHYS_s17_T3_ctrl,8,205,14.833333333333334,-0.11085771024227142,-0.11205110336051921
UBFC_PHYS_s17_T3_ctrl,8,206,14.866666666666667,-0.25935378670692444,-0.23465470602007374
UBFC_PHYS_s17_T3_ctrl,8,207,14.9,-0.4047713279724121,-0.3965014194462915
UBFC_PHYS_s17_T3_ctrl,8,208,14.933333333333334,-0.42778435349464417,-0.5761833849079169
UBFC_PHYS_s17_T3_ctrl,8,209,14.966666666666667,-0.24075374007225037,-0.7438374545995905
UBFC_PHYS_s17_T3_ctrl,8,210,15.0,0.07730834186077118,-0.8649609792180888
UBFC_PHYS_s17_T3_ctrl,8,211,15.033333333333333,0.3328864276409149,-0.9060805294733785
UBFC_PHYS_s17_T3_ctrl,8,212,15.066666666666666,0.4591069221496582,-0.8419472251424784
UBFC_PHYS_s17_T3_ctrl,8,213,15.1,0.5292580127716064,-0.663056180421395
UBFC_PHYS_s17_T3_ctrl,8,214,15.133333333333333,0.5823190808296204,-0.38128264207058704
UBFC_PHYS_s17_T3_ctrl,8,215,15.166666666666666,0.5865564942359924,-0.03103647646330179
UBFC_PHYS_s17_T3_ctrl,8,216,15.2,0.5370538830757141,0.3357810062393776
UBFC_PHYS_s17_T3_ctrl,8,217,15.233333333333333,0.47622036933898926,0.6605945699306138
UBFC_PHYS_s17_T3_ctrl,8,218,15.266666666666667,0.4612373113632202,0.8917748294104129
UBFC_PHYS_s17_T3_ctrl,8,219,15.3,0.556087076663971,0.9966607290174869
UBFC_PHYS_s17_T3_ctrl,8,220,15.333333333333334,0.7695136070251465,0.9682628641088866
UBFC_PHYS_s17_T3_ctrl,8,221,15.366666666666667,0.9999833703041077,0.8250741993746614
UBFC_PHYS_s17_T3_ctrl,8,222,15.4,1.094774603843689,0.6047465645433475
UBFC_PHYS_s17_T3_ctrl,8,223,15.433333333333334,0.9848832488059998,0.3541071783761321
UBFC_PHYS_s17_T3_ctrl,8,224,15.466666666666667,0.7427664995193481,0.11869699550410069
UBFC_PHYS_s17_T3_ctrl,8,225,15.5,0.47412508726119995,-0.06550359698495492
UBFC_PHYS_s17_T3_ctrl,8,226,15.533333333333333,0.1916477531194687,-0.17693708088049961
UBFC_PHYS_s17_T3_ctrl,8,227,15.566666666666666,-0.13220855593681335,-0.21003868555651561
UBFC_PHYS_s17_T3_ctrl,8,228,15.6,-0.4513358473777771,-0.17410322487948332
UBFC_PHYS_s17_T3_ctrl,8,229,15.633333333333333,-0.659928023815155,-0.08993781342578584
UBFC_PHYS_s17_T3_ctrl,8,230,15.666666666666666,-0.6668108701705933,0.01521170333144619
UBFC_PHYS_s17_T3_ctrl,8,231,15.7,-0.481009304523468,0.11368925251206781
UBFC_PHYS_s17_T3_ctrl,8,232,15.733333333333333,-0.23762837052345276,0.18325621567482767
UBFC_PHYS_s17_T3_ctrl,8,233,15.766666666666667,-0.06748880445957184,0.21134523784892037
UBFC_PHYS_s17_T3_ctrl,8,234,15.8,0.021929578855633736,0.19656114416250875
UBFC_PHYS_s17_T3_ctrl,8,235,15.833333333333334,0.05061978101730347,0.14695627791356328
UBFC_PHYS_s17_T3_ctrl,8,236,15.866666666666667,0.0073328097350895405,0.07568683949550277
UBFC_PHYS_s17_T3_ctrl,8,237,15.9,-0.06066448986530304,-0.00429965230719689
UBFC_PHYS_s17_T3_ctrl,8,238,15.933333333333334,-0.0732947364449501,-0.08439730424473928
UBFC_PHYS_s17_T3_ctrl,8,239,15.966666666666667,-0.03421004116535187,-0.16157548362542098
UBFC_PHYS_s17_T3_ctrl,9,0,9.0,0.3262845277786255,-0.03450699957079288
UBFC_PHYS_s17_T3_ctrl,9,1,9.033333333333333,0.3338579833507538,-0.011787233351132319
UBFC_PHYS_s17_T3_ctrl,9,2,9.066666666666666,0.3995727002620697,0.017127760018702573
UBFC_PHYS_s17_T3_ctrl,9,3,9.1,0.4233465790748596,0.05678475333024145
UBFC_PHYS_s17_T3_ctrl,9,4,9.133333333333333,0.38600602746009827,0.110239400479746
UBFC_PHYS_s17_T3_ctrl,9,5,9.166666666666666,0.34278929233551025,0.17746896516221822
UBFC_PHYS_s17_T3_ctrl,9,6,9.2,0.29541710019111633,0.25411747718907024
UBFC_PHYS_s17_T3_ctrl,9,7,9.233333333333333,0.205752894282341,0.33174793895190696
UBFC_PHYS_s17_T3_ctrl,9,8,9.266666666666667,0.09473784267902374,0.3997648646598189
UBFC_PHYS_s17_T3_ctrl,9,9,9.3,0.01135950442403555,0.4479508297628532
UBFC_PHYS_s17_T3_ctrl,9,10,9.333333333333334,-0.05958758294582367,0.46845044217802445
UBFC_PHYS_s17_T3_ctrl,9,11,9.366666666666667,-0.16623647511005402,0.4568346450940684
UBFC_PHYS_s17_T3_ctrl,9,12,9.4,-0.32070237398147583,0.41264660894539396
UBFC_PHYS_s17_T3_ctrl,9,13,9.433333333333334,-0.4802718758583069,0.3399547292717215
UBFC_PHYS_s17_T3_ctrl,9,14,9.466666666666667,-0.5506922006607056,0.24786307669786517
UBFC_PHYS_s17_T3_ctrl,9,15,9.5,-0.4480348825454712,0.15015901349078828
UBFC_PHYS_s17_T3_ctrl,9,16,9.533333333333333,-0.20577768981456757,0.06304561130613502
UBFC_PHYS_s17_T3_ctrl,9,17,9.566666666666666,0.03939419984817505,0.0007457375045275961
UBFC_PHYS_s17_T3_ctrl,9,18,9.6,0.2093464732170105,-0.029593388388509556
UBFC_PHYS_s17_T3_ctrl,9,19,9.633333333333333,0.30046215653419495,-0.03118156493508365
UBFC_PHYS_s17_T3_ctrl,9,20,9.666666666666666,0.32107555866241455,-0.017122131749550046
UBFC_PHYS_s17_T3_ctrl,9,21,9.7,0.29896384477615356,-0.006111443112715673
UBFC_PHYS_s17_T3_ctrl,9,22,9.733333333333333,0.28986868262290955,-0.01609347865197805
UBFC_PHYS_s17_T3_ctrl,9,23,9.766666666666667,0.3129636347293854,-0.05859304270163224
UBFC_PHYS_s17_T3_ctrl,9,24,9.8,0.3262845277786255,-0.13596200539229866
UBFC_PHYS_s17_T3_ctrl,9,25,9.833333333333334,0.3087847828865051,-0.2420743452512036
UBFC_PHYS_s17_T3_ctrl,9,26,9.866666666666667,0.2897750437259674,-0.36503738746444864
UBFC_PHYS_s17_T3_ctrl,9,27,9.9,0.2733990252017975,-0.4897188979897625
UBFC_PHYS_s17_T3_ctrl,9,28,9.933333333333334,0.2137477546930313,-0.5990014412229735
UBFC_PHYS_s17_T3_ctrl,9,29,9.966666666666667,0.09998191148042679,-0.6745220787920226
UBFC_PHYS_s17_T3_ctrl,9,30,10.0,-0.00732248742133379,-0.6985698206461898
UBFC_PHYS_s17_T3_ctrl,9,31,10.033333333333333,-0.06527645885944366,-0.6581019491992488
UBFC_PHYS_s17_T3_ctrl,9,32,10.066666666666666,-0.11611348390579224,-0.5499984331909621
UBFC_PHYS_s17_T3_ctrl,9,33,10.1,-0.21637116372585297,-0.3851427188190607
UBFC_PHYS_s17_T3_ctrl,9,34,10.133333333333333,-0.3539460003376007,-0.1888573739032933
UBFC_PHYS_s17_T3_ctrl,9,35,10.166666666666666,-0.4287208020687103,0.0036027285524643047
UBFC_PHYS_s17_T3_ctrl,9,36,10.2,-0.3463725447654724,0.15615223938234674
UBFC_PHYS_s17_T3_ctrl,9,37,10.233333333333333,-0.14358630776405334,0.2433875735348053
UBFC_PHYS_s17_T3_ctrl,9,38,10.266666666666667,0.04688572511076927,0.26063074825727794
UBFC_PHYS_s17_T3_ctrl,9,39,10.3,0.15452958643436432,0.227996202491444
UBFC_PHYS_s17_T3_ctrl,9,40,10.333333333333334,0.18511608242988586,0.18532315481400105
UBFC_PHYS_s17_T3_ctrl,9,41,10.366666666666667,0.1453641653060913,0.17834255916943034
UBFC_PHYS_s17_T3_ctrl,9,42,10.4,0.07267296314239502,0.2409245392337659
UBFC_PHYS_s17_T3_ctrl,9,43,10.433333333333334,0.02367370016872883,0.3808521186108883
UBFC_PHYS_s17_T3_ctrl,9,44,10.466666666666667,-0.0006737582734785974,0.5752336256165801
UBFC_PHYS_s17_T3_ctrl,9,45,10.5,-0.024880750104784966,0.7772954211653965
UBFC_PHYS_s17_T3_ctrl,9,46,10.533333333333333,-0.04014473408460617,0.9314220819186839
UBFC_PHYS_s17_T3_ctrl,9,47,10.566666666666666,-0.0516512505710125,0.9902629784175759
UBFC_PHYS_s17_T3_ctrl,9,48,10.6,-0.08352535218000412,0.9276730775427201
UBFC_PHYS_s17_T3_ctrl,9,49,10.633333333333333,-0.1274678260087967,0.7436687065087829
UBFC_PHYS_s17_T3_ctrl,9,50,10.666666666666666,-0.1669856309890747,0.4610455845242891
UBFC_PHYS_s17_T3_ctrl,9,51,10.7,-0.21384277939796448,0.11654581636596559
UBFC_PHYS_s17_T3_ctrl,9,52,10.733333333333333,-0.28771623969078064,-0.24869331410065884
UBFC_PHYS_s17_T3_ctrl,9,53,10.766666666666667,-0.4002178907394409,-0.5953298540918603
UBFC_PHYS_s17_T3_ctrl,9,54,10.8,-0.5284868478775024,-0.8875953394859454
UBFC_PHYS_s17_T3_ctrl,9,55,10.833333333333334,-0.5850479006767273,-1.0928492658987219
UBFC_PHYS_s17_T3_ctrl,9,56,10.866666666666667,-0.48497748374938965,-1.182330343115275
UBFC_PHYS_s17_T3_ctrl,9,57,10.9,-0.2587217092514038,-1.1354412838156358
UBFC_PHYS_s17_T3_ctrl,9,58,10.933333333333334,-0.038166504353284836,-0.9474155439282623
UBFC_PHYS_s17_T3_ctrl,9,59,10.966666666666667,0.08439017087221146,-0.6373598369934602
UBFC_PHYS_s17_T3_ctrl,9,60,11.0,0.1219063326716423,-0.2517617258845943
UBFC_PHYS_s17_T3_ctrl,9,61,11.033333333333333,0.11322084069252014,0.1407699004980911
UBFC_PHYS_s17_T3_ctrl,9,62,11.066666666666666,0.07338699698448181,0.46408567147702956
UBFC_PHYS_s17_T3_ctrl,9,63,11.1,0.038258764892816544,0.6542511921767675
UBFC_PHYS_s17_T3_ctrl,9,64,11.133333333333333,0.05401437729597092,0.6773744734717562
UBFC_PHYS_s17_T3_ctrl,9,65,11.166666666666666,0.10411395877599716,0.5388351500504645
UBFC_PHYS_s17_T3_ctrl,9,66,11.2,0.1245751827955246,0.280877164516728
UBFC_PHYS_s17_T3_ctrl,9,67,11.233333333333333,0.08790182322263718,-0.0297848217803471
UBFC_PHYS_s17_T3_ctrl,9,68,11.266666666666667,0.015315966680645943,-0.3194260793916854
UBFC_PHYS_s17_T3_ctrl,9,69,11.3,-0.07274457812309265,-0.524208236018778
UBFC_PHYS_s17_T3_ctrl,9,70,11.333333333333334,-0.17038021981716156,-0.6024372856440051
UBFC_PHYS_s17_T3_ctrl,9,71,11.366666666666667,-0.27569469809532166,-0.5406043118897518
UBFC_PHYS_s17_T3_ctrl,9,72,11.4,-0.4022078216075897,-0.3536005379396468
UBFC_PHYS_s17_T3_ctrl,9,73,11.433333333333334,-0.5427324771881104,-0.08021097558893735
UBFC_PHYS_s17_T3_ctrl,9,74,11.466666666666667,-0.610191285610199,0.22526634438754206
UBFC_PHYS_s17_T3_ctrl,9,75,11.5,-0.515985369682312,0.5044684475515118
UBFC_PHYS_s17_T3_ctrl,9,76,11.533333333333333,-0.31145501136779785,0.7076791314542135
UBFC_PHYS_s17_T3_ctrl,9,77,11.566666666666666,-0.13215003907680511,0.8046074203026701
UBFC_PHYS_s17_T3_ctrl,9,78,11.6,-0.016909299418330193,0.7896445798706514
UBFC_PHYS_s17_T3_ctrl,9,79,11.633333333333333,0.061517611145973206,0.6797072807840474
UBFC_PHYS_s17_T3_ctrl,9,80,11.666666666666666,0.09679801017045975,0.5061546115079747
UBFC_PHYS_s17_T3_ctrl,9,81,11.7,0.07628995925188065,0.3048213282889907
UBFC_PHYS_s17_T3_ctrl,9,82,11.733333333333333,0.04335065931081772,0.10794339022543098
UBFC_PHYS_s17_T3_ctrl,9,83,11.766666666666667,0.05176692083477974,-0.0603767927557624
UBFC_PHYS_s17_T3_ctrl,9,84,11.8,0.09040680527687073,-0.18547230256329314
UBFC_PHYS_s17_T3_ctrl,9,85,11.833333333333334,0.11341983824968338,-0.2613906814465393
UBFC_PHYS_s17_T3_ctrl,9,86,11.866666666666667,0.09934981167316437,-0.2893185159390322
UBFC_PHYS_s17_T3_ctrl,9,87,11.9,0.04742417857050896,-0.2758372684619749
UBFC_PHYS_s17_T3_ctrl,9,88,11.933333333333334,-0.03349600359797478,-0.2312678931903599
UBFC_PHYS_s17_T3_ctrl,9,89,11.966666666666667,-0.1240147054195404,-0.16813129154195916
UBFC_PHYS_s17_T3_ctrl,9,90,12.0,-0.21802164614200592,-0.09965039024048593
UBFC_PHYS_s17_T3_ctrl,9,91,12.033333333333333,-0.33931413292884827,-0.03820367874333014
UBFC_PHYS_s17_T3_ctrl,9,92,12.066666666666666,-0.49315962195396423,0.006285932872355447
UBFC_PHYS_s17_T3_ctrl,9,93,12.1,-0.6100976467132568,0.027835956120109154
UBFC_PHYS_s17_T3_ctrl,9,94,12.133333333333333,-0.5843806862831116,0.02530188151848548
UBFC_PHYS_s17_T3_ctrl,9,95,12.166666666666666,-0.40741679072380066,0.002181870294161456
UBFC_PHYS_s17_T3_ctrl,9,96,12.2,-0.19452868402004242,-0.03481537050626616
UBFC_PHYS_s17_T3_ctrl,9,97,12.233333333333333,-0.03439733013510704,-0.07803652423797872
UBFC_PHYS_s17_T3_ctrl,9,98,12.266666666666667,0.07719128578901291,-0.1212088775141344
UBFC_PHYS_s17_T3_ctrl,9,99,12.3,0.13763853907585144,-0.16103834708916054
UBFC_PHYS_s17_T3_ctrl,9,100,12.333333333333334,0.13238276541233063,-0.19760508298223467
UBFC_PHYS_s17_T3_ctrl,9,101,12.366666666666667,0.10810553282499313,-0.23349064626806698
UBFC_PHYS_s17_T3_ctrl,9,102,12.4,0.11902677267789841,-0.27188233451384597
UBFC_PHYS_s17_T3_ctrl,9,103,12.433333333333334,0.15306639671325684,-0.3141379759727714
UBFC_PHYS_s17_T3_ctrl,9,104,12.466666666666667,0.17893557250499725,-0.35753145117820817
UBFC_PHYS_s17_T3_ctrl,9,105,12.5,0.18669632077217102,-0.3940700231490157
UBFC_PHYS_s17_T3_ctrl,9,106,12.533333333333333,0.1611080765724182,-0.4112064598251695
UBFC_PHYS_s17_T3_ctrl,9,107,12.566666666666666,0.090523861348629,-0.39477980142952335
UBFC_PHYS_s17_T3_ctrl,9,108,12.6,-0.01360834576189518,-0.33363840785864973
UBFC_PHYS_s17_T3_ctrl,9,109,12.633333333333333,-0.12725712358951569,-0.22452553033979283
UBFC_PHYS_s17_T3_ctrl,9,110,12.666666666666666,-0.24178382754325867,-0.07540419273268897
UBFC_PHYS_s17_T3_ctrl,9,111,12.7,-0.37625670433044434,0.09434826787974568
UBFC_PHYS_s17_T3_ctrl,9,112,12.733333333333333,-0.544581949710846,0.25757233618472264
UBFC_PHYS_s17_T3_ctrl,9,113,12.766666666666667,-0.6870145797729492,0.3861559683472888
UBFC_PHYS_s17_T3_ctrl,9,114,12.8,-0.6852118968963623,0.4590611683783639
UBFC_PHYS_s17_T3_ctrl,9,115,12.833333333333334,-0.5045139789581299,0.4688056460301011
UBFC_PHYS_s17_T3_ctrl,9,116,12.866666666666667,-0.24590416252613068,0.4240100022786093
UBFC_PHYS_s17_T3_ctrl,9,117,12.9,-0.03348429873585701,0.34687234016335544
UBFC_PHYS_s17_T3_ctrl,9,118,12.933333333333334,0.10220596194267273,0.2660926272620652
UBFC_PHYS_s17_T3_ctrl,9,119,12.966666666666667,0.18753911554813385,0.20746699700154014
UBFC_PHYS_s17_T3_ctrl,9,120,13.0,0.22637799382209778,0.18557989378077286
UBFC_PHYS_s17_T3_ctrl,9,121,13.033333333333333,0.22947995364665985,0.1998630194246541
UBFC_PHYS_s17_T3_ctrl,9,122,13.066666666666666,0.25234082341194153,0.2364470859952329
UBFC_PHYS_s17_T3_ctrl,9,123,13.1,0.31936654448509216,0.27471665323228756
UBFC_PHYS_s17_T3_ctrl,9,124,13.133333333333333,0.3846833109855652,0.2956542565564958
UBFC_PHYS_s17_T3_ctrl,9,125,13.166666666666666,0.39991214871406555,0.28855910609158186
UBFC_PHYS_s17_T3_ctrl,9,126,13.2,0.3587673008441925,0.25357590764694415
UBFC_PHYS_s17_T3_ctrl,9,127,13.233333333333333,0.26644596457481384,0.19939472405637323
UBFC_PHYS_s17_T3_ctrl,9,128,13.266666666666667,0.1333894282579422,0.13774921633867454
UBFC_PHYS_s17_T3_ctrl,9,129,13.3,0.005389695521444082,0.07772173385408561
UBFC_PHYS_s17_T3_ctrl,9,130,13.333333333333334,-0.07732143253087997,0.022547450905185524
UBFC_PHYS_s17_T3_ctrl,9,131,13.366666666666667,-0.13655130565166473,-0.030016464770922645
UBFC_PHYS_s17_T3_ctrl,9,132,13.4,-0.23322710394859314,-0.08457534197751654
UBFC_PHYS_s17_T3_ctrl,9,133,13.433333333333334,-0.40095534920692444,-0.1442215170369604
UBFC_PHYS_s17_T3_ctrl,9,134,13.466666666666667,-0.6003469824790955,-0.20787429586340794
UBFC_PHYS_s17_T3_ctrl,9,135,13.5,-0.712989091873169,-0.26991629511475435
UBFC_PHYS_s17_T3_ctrl,9,136,13.533333333333333,-0.6217212080955505,-0.3220649838812338
UBFC_PHYS_s17_T3_ctrl,9,137,13.566666666666666,-0.3658154010772705,-0.3565090833444058
UBFC_PHYS_s17_T3_ctrl,9,138,13.6,-0.0918128490447998,-0.36892604273562624
UBFC_PHYS_s17_T3_ctrl,9,139,13.633333333333333,0.1012226939201355,-0.3601529353751689
UBFC_PHYS_s17_T3_ctrl,9,140,13.666666666666666,0.21279960870742798,-0.33588684961564585
UBFC_PHYS_s17_T3_ctrl,9,141,13.7,0.2598089277744293,-0.304556192031136
UBFC_PHYS_s17_T3_ctrl,9,142,13.733333333333333,0.24708503484725952,-0.27414882900487625
UBFC_PHYS_s17_T3_ctrl,9,143,13.766666666666667,0.21192169189453125,-0.24917388973387625
UBFC_PHYS_s17_T3_ctrl,9,144,13.8,0.2068532109260559,-0.22897929178325865
UBFC_PHYS_s17_T3_ctrl,9,145,13.833333333333334,0.23293307423591614,-0.20819473446744965
UBFC_PHYS_s17_T3_ctrl,9,146,13.866666666666667,0.2555832266807556,-0.17917473824477934
UBFC_PHYS_s17_T3_ctrl,9,147,13.9,0.26107311248779297,-0.1354536082307918
UBFC_PHYS_s17_T3_ctrl,9,148,13.933333333333334,0.25023382902145386,-0.07486176241088073
UBFC_PHYS_s17_T3_ctrl,9,149,13.966666666666667,0.20766088366508484,-0.0011228088532557016
UBFC_PHYS_s17_T3_ctrl,9,150,14.0,0.12137958407402039,0.07673000492999241
UBFC_PHYS_s17_T3_ctrl,9,151,14.033333333333333,0.01683768257498741,0.14703589502154044
UBFC_PHYS_s17_T3_ctrl,9,152,14.066666666666666,-0.07571777701377869,0.19940245840509271
UBFC_PHYS_s17_T3_ctrl,9,153,14.1,-0.18100883066654205,0.22837671218620417
UBFC_PHYS_s17_T3_ctrl,9,154,14.133333333333333,-0.3460448086261749,0.2354291995716722
UBFC_PHYS_s17_T3_ctrl,9,155,14.166666666666666,-0.5515701174736023,0.2283670271055321
UBFC_PHYS_s17_T3_ctrl,9,156,14.2,-0.6782588362693787,0.21829780484499792
UBFC_PHYS_s17_T3_ctrl,9,157,14.233333333333333,-0.6048769950866699,0.21531152797659475
UBFC_PHYS_s17_T3_ctrl,9,158,14.266666666666667,-0.3588857352733612,0.2246512891077401
UBFC_PHYS_s17_T3_ctrl,9,159,14.3,-0.10554341226816177,0.24490528863627833
UBFC_PHYS_s17_T3_ctrl,9,160,14.333333333333334,0.06817804276943207,0.26871954950058713
UBFC_PHYS_s17_T3_ctrl,9,161,14.366666666666667,0.1923149675130844,0.2854264085192658
UBFC_PHYS_s17_T3_ctrl,9,162,14.4,0.26981714367866516,0.2844997452671793
UBFC_PHYS_s17_T3_ctrl,9,163,14.433333333333334,0.2740779519081116,0.25886278991701667
UBFC_PHYS_s17_T3_ctrl,9,164,14.466666666666667,0.2571517825126648,0.20738212320209104
UBFC_PHYS_s17_T3_ctrl,9,165,14.5,0.2952063977718353,0.13605602188487706
UBFC_PHYS_s17_T3_ctrl,9,166,14.533333333333333,0.36045289039611816,0.05741112199760666
UBFC_PHYS_s17_T3_ctrl,9,167,14.566666666666666,0.3771098256111145,-0.012219710591194853
UBFC_PHYS_s17_T3_ctrl,9,168,14.6,0.35132259130477905,-0.05727413211624947
UBFC_PHYS_s17_T3_ctrl,9,169,14.633333333333333,0.32274943590164185,-0.06826248459393153
UBFC_PHYS_s17_T3_ctrl,9,170,14.666666666666666,0.27600935101509094,-0.04597735750526939
UBFC_PHYS_s17_T3_ctrl,9,171,14.7,0.1860993355512619,-0.002746708908664829
UBFC_PHYS_s17_T3_ctrl,9,172,14.733333333333333,0.09057068079710007,0.04026634804084712
UBFC_PHYS_s17_T3_ctrl,9,173,14.766666666666667,0.033143457025289536,0.0590460895916938
UBFC_PHYS_s17_T3_ctrl,9,174,14.8,-0.01620696857571602,0.03360997819913437
UBFC_PHYS_s17_T3_ctrl,9,175,14.833333333333334,-0.11085771024227142,-0.04690957658233556
UBFC_PHYS_s17_T3_ctrl,9,176,14.866666666666667,-0.25935378670692444,-0.18212365905984718
UBFC_PHYS_s17_T3_ctrl,9,177,14.9,-0.4047713279724121,-0.3604687889660938
UBFC_PHYS_s17_T3_ctrl,9,178,14.933333333333334,-0.42778435349464417,-0.5603473993315402
UBFC_PHYS_s17_T3_ctrl,9,179,14.966666666666667,-0.24075374007225037,-0.7518041903818923
UBFC_PHYS_s17_T3_ctrl,9,180,15.0,0.07730834186077118,-0.8989263060844275
UBFC_PHYS_s17_T3_ctrl,9,181,15.033333333333333,0.3328864276409149,-0.9637541094116518
UBFC_PHYS_s17_T3_ctrl,9,182,15.066666666666666,0.4591069221496582,-0.9128144136565616
UBFC_PHYS_s17_T3_ctrl,9,183,15.1,0.5292580127716064,-0.7264731005069464
UBFC_PHYS_s17_T3_ctrl,9,184,15.133333333333333,0.5823190808296204,-0.4088942582004124
UBFC_PHYS_s17_T3_ctrl,9,185,15.166666666666666,0.5865564942359924,0.005786008449023407
UBFC_PHYS_s17_T3_ctrl,9,186,15.2,0.5370538830757141,0.4553909943069089
UBFC_PHYS_s17_T3_ctrl,9,187,15.233333333333333,0.47622036933898926,0.8613005752348136
UBFC_PHYS_s17_T3_ctrl,9,188,15.266666666666667,0.4612373113632202,1.1470555104887137
UBFC_PHYS_s17_T3_ctrl,9,189,15.3,0.556087076663971,1.2580172897338464
UBFC_PHYS_s17_T3_ctrl,9,190,15.333333333333334,0.7695136070251465,1.1756225973913
UBFC_PHYS_s17_T3_ctrl,9,191,15.366666666666667,0.9999833703041077,0.9218568746220376
UBFC_PHYS_s17_T3_ctrl,9,192,15.4,1.094774603843689,0.5529449740415183
UBFC_PHYS_s17_T3_ctrl,9,193,15.433333333333334,0.9848832488059998,0.14471466781811965
UBFC_PHYS_s17_T3_ctrl,9,194,15.466666666666667,0.7427664995193481,-0.22546716027542374
UBFC_PHYS_s17_T3_ctrl,9,195,15.5,0.47412508726119995,-0.4949146190987077
UBFC_PHYS_s17_T3_ctrl,9,196,15.533333333333333,0.1916477531194687,-0.6265077448171372
UBFC_PHYS_s17_T3_ctrl,9,197,15.566666666666666,-0.13220855593681335,-0.6131168144446688
UBFC_PHYS_s17_T3_ctrl,9,198,15.6,-0.4513358473777771,-0.4758938827717087
UBFC_PHYS_s17_T3_ctrl,9,199,15.633333333333333,-0.659928023815155,-0.25745844887729163
UBFC_PHYS_s17_T3_ctrl,9,200,15.666666666666666,-0.6668108701705933,-0.011648623673324362
UBFC_PHYS_s17_T3_ctrl,9,201,15.7,-0.481009304523468,0.20798629629471665
UBFC_PHYS_s17_T3_ctrl,9,202,15.733333333333333,-0.23762837052345276,0.3587224348129641
UBFC_PHYS_s17_T3_ctrl,9,203,15.766666666666667,-0.06748880445957184,0.41622992292247785
UBFC_PHYS_s17_T3_ctrl,9,204,15.8,0.021929578855633736,0.3775828930981356
UBFC_PHYS_s17_T3_ctrl,9,205,15.833333333333334,0.05061978101730347,0.25910322339166525
UBFC_PHYS_s17_T3_ctrl,9,206,15.866666666666667,0.0073328097350895405,0.09008337536375402
UBFC_PHYS_s17_T3_ctrl,9,207,15.9,-0.06066448986530304,-0.09518441442587662
UBFC_PHYS_s17_T3_ctrl,9,208,15.933333333333334,-0.0732947364449501,-0.26447731282006537
UBFC_PHYS_s17_T3_ctrl,9,209,15.966666666666667,-0.03421004116535187,-0.39213780275246884
UBFC_PHYS_s17_T3_ctrl,9,210,16.0,-0.00012359934044070542,-0.4606841183872036
UBFC_PHYS_s17_T3_ctrl,9,211,16.033333333333335,0.020770734176039696,-0.460517189346238
UBFC_PHYS_s17_T3_ctrl,9,212,16.066666666666666,0.04113831743597984,-0.38946540581796796
UBFC_PHYS_s17_T3_ctrl,9,213,16.1,0.03544944152235985,-0.2535579184883579
UBFC_PHYS_s17_T3_ctrl,9,214,16.133333333333333,-0.018021322786808014,-0.06891698122473458
UBFC_PHYS_s17_T3_ctrl,9,215,16.166666666666668,-0.09265564382076263,0.13701625537572015
UBFC_PHYS_s17_T3_ctrl,9,216,16.2,-0.15396909415721893,0.32735634949571807
UBFC_PHYS_s17_T3_ctrl,9,217,16.233333333333334,-0.22189617156982422,0.462256815412762
UBFC_PHYS_s17_T3_ctrl,9,218,16.266666666666666,-0.3406134247779846,0.5092765876213217
UBFC_PHYS_s17_T3_ctrl,9,219,16.3,-0.49646058678627014,0.45433592641832127
UBFC_PHYS_s17_T3_ctrl,9,220,16.333333333333332,-0.6201058626174927,0.3084754081913746
UBFC_PHYS_s17_T3_ctrl,9,221,16.366666666666667,-0.6372427344322205,0.1065893290911997
UBFC_PHYS_s17_T3_ctrl,9,222,16.4,-0.5354399085044861,-0.1022293736328605
UBFC_PHYS_s17_T3_ctrl,9,223,16.433333333333334,-0.39633166790008545,-0.26923874512266643
UBFC_PHYS_s17_T3_ctrl,9,224,16.466666666666665,-0.29794687032699585,-0.36009780912558564
UBFC_PHYS_s17_T3_ctrl,9,225,16.5,-0.22381587326526642,-0.36363205819978783
UBFC_PHYS_s17_T3_ctrl,9,226,16.533333333333335,-0.14625516533851624,-0.2928555139027315
UBFC_PHYS_s17_T3_ctrl,9,227,16.566666666666666,-0.10707683116197586,-0.17857146747352515
UBFC_PHYS_s17_T3_ctrl,9,228,16.6,-0.13405802845954895,-0.05808739757503821
UBFC_PHYS_s17_T3_ctrl,9,229,16.633333333333333,-0.18704886734485626,0.037037304008915
UBFC_PHYS_s17_T3_ctrl,9,230,16.666666666666668,-0.2087157666683197,0.08989233905975194
UBFC_PHYS_s17_T3_ctrl,9,231,16.7,-0.18381814658641815,0.10068570651273155
UBFC_PHYS_s17_T3_ctrl,9,232,16.733333333333334,-0.1443471759557724,0.0825932542341659
UBFC_PHYS_s17_T3_ctrl,9,233,16.766666666666666,-0.138517826795578,0.053736712405170535
UBFC_PHYS_s17_T3_ctrl,9,234,16.8,-0.18982307612895966,0.029270168950047824
UBFC_PHYS_s17_T3_ctrl,9,235,16.833333333333332,-0.2734472155570984,0.01675746712767559
UBFC_PHYS_s17_T3_ctrl,9,236,16.866666666666667,-0.34777721762657166,0.0159518323455713
UBFC_PHYS_s17_T3_ctrl,9,237,16.9,-0.40340179204940796,0.021893660843147002
UBFC_PHYS_s17_T3_ctrl,9,238,16.933333333333334,-0.4772869646549225,0.02895307799942892
UBFC_PHYS_s17_T3_ctrl,9,239,16.966666666666665,-0.608283281326294,0.03354051041685355
UBFC_PHYS_s17_T3_ctrl,10,0,10.0,-0.00732248742133379,-0.0015420479668898446
UBFC_PHYS_s17_T3_ctrl,10,1,10.033333333333333,-0.06527645885944366,0.28269543012624976
UBFC_PHYS_s17_T3_ctrl,10,2,10.066666666666666,-0.11611348390579224,0.5257976843156288
UBFC_PHYS_s17_T3_ctrl,10,3,10.1,-0.21637116372585297,0.6915722738745487
UBFC_PHYS_s17_T3_ctrl,10,4,10.133333333333333,-0.3539460003376007,0.7551480574764248
UBFC_PHYS_s17_T3_ctrl,10,5,10.166666666666666,-0.4287208020687103,0.7083466817774381
UBFC_PHYS_s17_T3_ctrl,10,6,10.2,-0.3463725447654724,0.5632495774204523
UBFC_PHYS_s17_T3_ctrl,10,7,10.233333333333333,-0.14358630776405334,0.3524959473211462
UBFC_PHYS_s17_T3_ctrl,10,8,10.266666666666667,0.04688572511076927,0.12490160652258304
UBFC_PHYS_s17_T3_ctrl,10,9,10.3,0.15452958643436432,-0.06418885083176318
UBFC_PHYS_s17_T3_ctrl,10,10,10.333333333333334,0.18511608242988586,-0.16625861600766972
UBFC_PHYS_s17_T3_ctrl,10,11,10.366666666666667,0.1453641653060913,-0.15292629987488732
UBFC_PHYS_s17_T3_ctrl,10,12,10.4,0.07267296314239502,-0.024791336251514355
UBFC_PHYS_s17_T3_ctrl,10,13,10.433333333333334,0.02367370016872883,0.1874521900028915
UBFC_PHYS_s17_T3_ctrl,10,14,10.466666666666667,-0.0006737582734785974,0.4305354925093649
UBFC_PHYS_s17_T3_ctrl,10,15,10.5,-0.024880750104784966,0.6427449208806586
UBFC_PHYS_s17_T3_ctrl,10,16,10.533333333333333,-0.04014473408460617,0.7700983515030402
UBFC_PHYS_s17_T3_ctrl,10,17,10.566666666666666,-0.0516512505710125,0.7791849671851051
UBFC_PHYS_s17_T3_ctrl,10,18,10.6,-0.08352535218000412,0.662847888504829
UBFC_PHYS_s17_T3_ctrl,10,19,10.633333333333333,-0.1274678260087967,0.43792423780677886
UBFC_PHYS_s17_T3_ctrl,10,20,10.666666666666666,-0.1669856309890747,0.13721989543083685
UBFC_PHYS_s17_T3_ctrl,10,21,10.7,-0.21384277939796448,-0.20029079342121067
UBFC_PHYS_s17_T3_ctrl,10,22,10.733333333333333,-0.28771623969078064,-0.5369617308602771
UBFC_PHYS_s17_T3_ctrl,10,23,10.766666666666667,-0.4002178907394409,-0.839402653736543
UBFC_PHYS_s17_T3_ctrl,10,24,10.8,-0.5284868478775024,-1.0775783592891102
UBFC_PHYS_s17_T3_ctrl,10,25,10.833333333333334,-0.5850479006767273,-1.2231932255030133
UBFC_PHYS_s17_T3_ctrl,10,26,10.866666666666667,-0.48497748374938965,-1.2506983594923728
UBFC_PHYS_s17_T3_ctrl,10,27,10.9,-0.2587217092514038,-1.142459326463196
UBFC_PHYS_s17_T3_ctrl,10,28,10.933333333333334,-0.038166504353284836,-0.8969437393181104
UBFC_PHYS_s17_T3_ctrl,10,29,10.966666666666667,0.08439017087221146,-0.5364492473584885
UBFC_PHYS_s17_T3_ctrl,10,30,11.0,0.1219063326716423,-0.109925345694161
UBFC_PHYS_s17_T3_ctrl,10,31,11.033333333333333,0.11322084069252014,0.3125139751891278
UBFC_PHYS_s17_T3_ctrl,10,32,11.066666666666666,0.07338699698448181,0.6538199296634915
UBFC_PHYS_s17_T3_ctrl,10,33,11.1,0.038258764892816544,0.8495008832614172
UBFC_PHYS_s17_T3_ctrl,10,34,11.133333333333333,0.05401437729597092,0.8657644838599122
UBFC_PHYS_s17_T3_ctrl,10,35,11.166666666666666,0.10411395877599716,0.7093614326305263
UBFC_PHYS_s17_T3_ctrl,10,36,11.2,0.1245751827955246,0.42537862241665614
UBFC_PHYS_s17_T3_ctrl,10,37,11.233333333333333,0.08790182322263718,0.08420804646547855
UBFC_PHYS_s17_T3_ctrl,10,38,11.266666666666667,0.015315966680645943,-0.23705617309637284
UBFC_PHYS_s17_T3_ctrl,10,39,11.3,-0.07274457812309265,-0.47236412346469203
UBFC_PHYS_s17_T3_ctrl,10,40,11.333333333333334,-0.17038021981716156,-0.5790431361601817
UBFC_PHYS_s17_T3_ctrl,10,41,11.366666666666667,-0.27569469809532166,-0.5433003440170193
UBFC_PHYS_s17_T3_ctrl,10,42,11.4,-0.4022078216075897,-0.3797648275258396
UBFC_PHYS_s17_T3_ctrl,10,43,11.433333333333334,-0.5427324771881104,-0.1265787984678654
UBFC_PHYS_s17_T3_ctrl,10,44,11.466666666666667,-0.610191285610199,0.16293452257474073
UBFC_PHYS_s17_T3_ctrl,10,45,11.5,-0.515985369682312,0.4312842504802946
UBFC_PHYS_s17_T3_ctrl,10,46,11.533333333333333,-0.31145501136779785,0.6289697357118524
UBFC_PHYS_s17_T3_ctrl,10,47,11.566666666666666,-0.13215003907680511,0.7249302446678445
UBFC_PHYS_s17_T3_ctrl,10,48,11.6,-0.016909299418330193,0.7119437524358755
UBFC_PHYS_s17_T3_ctrl,10,49,11.633333333333333,0.061517611145973206,0.6050773650154219
UBFC_PHYS_s17_T3_ctrl,10,50,11.666666666666666,0.09679801017045975,0.4343998598418359
UBFC_PHYS_s17_T3_ctrl,10,51,11.7,0.07628995925188065,0.23565698269360857
UBFC_PHYS_s17_T3_ctrl,10,52,11.733333333333333,0.04335065931081772,0.04253803535046677
UBFC_PHYS_s17_T3_ctrl,10,53,11.766666666666667,0.05176692083477974,-0.11784528901647577
UBFC_PHYS_s17_T3_ctrl,10,54,11.8,0.09040680527687073,-0.22675952970291166
UBFC_PHYS_s17_T3_ctrl,10,55,11.833333333333334,0.11341983824968338,-0.27439322414192796
UBFC_PHYS_s17_T3_ctrl,10,56,11.866666666666667,0.09934981167316437,-0.2601977151764679
UBFC_PHYS_s17_T3_ctrl,10,57,11.9,0.04742417857050896,-0.19305617368767297
UBFC_PHYS_s17_T3_ctrl,10,58,11.933333333333334,-0.03349600359797478,-0.09061408597619555
UBFC_PHYS_s17_T3_ctrl,10,59,11.966666666666667,-0.1240147054195404,0.023025582144761633
UBFC_PHYS_s17_T3_ctrl,10,60,12.0,-0.21802164614200592,0.12167202721172761
UBFC_PHYS_s17_T3_ctrl,10,61,12.033333333333333,-0.33931413292884827,0.1829441320740693
UBFC_PHYS_s17_T3_ctrl,10,62,12.066666666666666,-0.49315962195396423,0.1938925850064154
UBFC_PHYS_s17_T3_ctrl,10,63,12.1,-0.6100976467132568,0.15410015923441886
UBFC_PHYS_s17_T3_ctrl,10,64,12.133333333333333,-0.5843806862831116,0.07506721071825555
UBFC_PHYS_s17_T3_ctrl,10,65,12.166666666666666,-0.40741679072380066,-0.023666437056533478
UBFC_PHYS_s17_T3_ctrl,10,66,12.2,-0.19452868402004242,-0.12019692802293167
UBFC_PHYS_s17_T3_ctrl,10,67,12.233333333333333,-0.03439733013510704,-0.19604450826110112
UBFC_PHYS_s17_T3_ctrl,10,68,12.266666666666667,0.07719128578901291,-0.24058533577777746
UBFC_PHYS_s17_T3_ctrl,10,69,12.3,0.13763853907585144,-0.2531268788082033
UBFC_PHYS_s17_T3_ctrl,10,70,12.333333333333334,0.13238276541233063,-0.24227531982098713
UBFC_PHYS_s17_T3_ctrl,10,71,12.366666666666667,0.10810553282499313,-0.22293834363061998
UBFC_PHYS_s17_T3_ctrl,10,72,12.4,0.11902677267789841,-0.21187718349868034
UBFC_PHYS_s17_T3_ctrl,10,73,12.433333333333334,0.15306639671325684,-0.2229937294679755
UBFC_PHYS_s17_T3_ctrl,10,74,12.466666666666667,0.17893557250499725,-0.2634454121240717
UBFC_PHYS_s17_T3_ctrl,10,75,12.5,0.18669632077217102,-0.3313528664997184
UBFC_PHYS_s17_T3_ctrl,10,76,12.533333333333333,0.1611080765724182,-0.4154884673197716
UBFC_PHYS_s17_T3_ctrl,10,77,12.566666666666666,0.090523861348629,-0.49700736626342695
UBFC_PHYS_s17_T3_ctrl,10,78,12.6,-0.01360834576189518,-0.553000662045251
UBFC_PHYS_s17_T3_ctrl,10,79,12.633333333333333,-0.12725712358951569,-0.5613344391234946
UBFC_PHYS_s17_T3_ctrl,10,80,12.666666666666666,-0.24178382754325867,-0.5058677840274953
UBFC_PHYS_s17_T3_ctrl,10,81,12.7,-0.37625670433044434,-0.3808555780608453
UBFC_PHYS_s17_T3_ctrl,10,82,12.733333333333333,-0.544581949710846,-0.1933366554315486
UBFC_PHYS_s17_T3_ctrl,10,83,12.766666666666667,-0.6870145797729492,0.03729999618333269
UBFC_PHYS_s17_T3_ctrl,10,84,12.8,-0.6852118968963623,0.2826462069334733
UBFC_PHYS_s17_T3_ctrl,10,85,12.833333333333334,-0.5045139789581299,0.5107803933340991
UBFC_PHYS_s17_T3_ctrl,10,86,12.866666666666667,-0.24590416252613068,0.6926391454905476
UBFC_PHYS_s17_T3_ctrl,10,87,12.9,-0.03348429873585701,0.8076389837121302
UBFC_PHYS_s17_T3_ctrl,10,88,12.933333333333334,0.10220596194267273,0.8469967046681769
UBFC_PHYS_s17_T3_ctrl,10,89,12.966666666666667,0.18753911554813385,0.8139259381398711
UBFC_PHYS_s17_T3_ctrl,10,90,13.0,0.22637799382209778,0.7211861434730725
UBFC_PHYS_s17_T3_ctrl,10,91,13.033333333333333,0.22947995364665985,0.58737869721288
UBFC_PHYS_s17_T3_ctrl,10,92,13.066666666666666,0.25234082341194153,0.4332390499218318
UBFC_PHYS_s17_T3_ctrl,10,93,13.1,0.31936654448509216,0.27856552710141075
UBFC_PHYS_s17_T3_ctrl,10,94,13.133333333333333,0.3846833109855652,0.14011195741243596
UBFC_PHYS_s17_T3_ctrl,10,95,13.166666666666666,0.39991214871406555,0.03050922021401603
UBFC_PHYS_s17_T3_ctrl,10,96,13.2,0.3587673008441925,-0.04224856705117669
UBFC_PHYS_s17_T3_ctrl,10,97,13.233333333333333,0.26644596457481384,-0.0754440455325845
UBFC_PHYS_s17_T3_ctrl,10,98,13.266666666666667,0.1333894282579422,-0.07252437429747641
UBFC_PHYS_s17_T3_ctrl,10,99,13.3,0.005389695521444082,-0.04353488334737114
UBFC_PHYS_s17_T3_ctrl,10,100,13.333333333333334,-0.07732143253087997,-0.004128221955564765
UBFC_PHYS_s17_T3_ctrl,10,101,13.366666666666667,-0.13655130565166473,0.02734074865886117
UBFC_PHYS_s17_T3_ctrl,10,102,13.4,-0.23322710394859314,0.03420369961354924
UBFC_PHYS_s17_T3_ctrl,10,103,13.433333333333334,-0.40095534920692444,0.006076597172282474
UBFC_PHYS_s17_T3_ctrl,10,104,13.466666666666667,-0.6003469824790955,-0.05793287660447466
UBFC_PHYS_s17_T3_ctrl,10,105,13.5,-0.712989091873169,-0.1486951739340595
UBFC_PHYS_s17_T3_ctrl,10,106,13.533333333333333,-0.6217212080955505,-0.249653002568865
UBFC_PHYS_s17_T3_ctrl,10,107,13.566666666666666,-0.3658154010772705,-0.34181224795788695
UBFC_PHYS_s17_T3_ctrl,10,108,13.6,-0.0918128490447998,-0.4093186180259078
UBFC_PHYS_s17_T3_ctrl,10,109,13.633333333333333,0.1012226939201355,-0.4435364174769807
UBFC_PHYS_s17_T3_ctrl,10,110,13.666666666666666,0.21279960870742798,-0.4443802627606099
UBFC_PHYS_s17_T3_ctrl,10,111,13.7,0.2598089277744293,-0.41887648068394934
UBFC_PHYS_s17_T3_ctrl,10,112,13.733333333333333,0.24708503484725952,-0.3777454806151434
UBFC_PHYS_s17_T3_ctrl,10,113,13.766666666666667,0.21192169189453125,-0.33123245880955204
UBFC_PHYS_s17_T3_ctrl,10,114,13.8,0.2068532109260559,-0.2856870530427358
UBFC_PHYS_s17_T3_ctrl,10,115,13.833333333333334,0.23293307423591614,-0.24219407069716642
UBFC_PHYS_s17_T3_ctrl,10,116,13.866666666666667,0.2555832266807556,-0.1976608160969546
UBFC_PHYS_s17_T3_ctrl,10,117,13.9,0.26107311248779297,-0.14764744696461665
UBFC_PHYS_s17_T3_ctrl,10,118,13.933333333333334,0.25023382902145386,-0.08952977664106646
UBFC_PHYS_s17_T3_ctrl,10,119,13.966666666666667,0.20766088366508484,-0.024525111771881245
UBFC_PHYS_s17_T3_ctrl,10,120,14.0,0.12137958407402039,0.042365854132604755
UBFC_PHYS_s17_T3_ctrl,10,121,14.033333333333333,0.01683768257498741,0.10444639197032832
UBFC_PHYS_s17_T3_ctrl,10,122,14.066666666666666,-0.07571777701377869,0.1562724249931017
UBFC_PHYS_s17_T3_ctrl,10,123,14.1,-0.18100883066654205,0.19583694328685367
UBFC_PHYS_s17_T3_ctrl,10,124,14.133333333333333,-0.3460448086261749,0.22496780971262184
UBFC_PHYS_s17_T3_ctrl,10,125,14.166666666666666,-0.5515701174736023,0.24798267938562057
UBFC_PHYS_s17_T3_ctrl,10,126,14.2,-0.6782588362693787,0.2693708322338038
UBFC_PHYS_s17_T3_ctrl,10,127,14.233333333333333,-0.6048769950866699,0.2915056057420433
UBFC_PHYS_s17_T3_ctrl,10,128,14.266666666666667,-0.3588857352733612,0.31329385036651713
UBFC_PHYS_s17_T3_ctrl,10,129,14.3,-0.10554341226816177,0.3302656427189858
UBFC_PHYS_s17_T3_ctrl,10,130,14.333333333333334,0.06817804276943207,0.3359862028195113
UBFC_PHYS_s17_T3_ctrl,10,131,14.366666666666667,0.1923149675130844,0.3241840449177443
UBFC_PHYS_s17_T3_ctrl,10,132,14.4,0.26981714367866516,0.2909058812523218
UBFC_PHYS_s17_T3_ctrl,10,133,14.433333333333334,0.2740779519081116,0.23620446913828202
UBFC_PHYS_s17_T3_ctrl,10,134,14.466666666666667,0.2571517825126648,0.1650608199119509
UBFC_PHYS_s17_T3_ctrl,10,135,14.5,0.2952063977718353,0.08729439959359876
UBFC_PHYS_s17_T3_ctrl,10,136,14.533333333333333,0.36045289039611816,0.016187942632493214
UBFC_PHYS_s17_T3_ctrl,10,137,14.566666666666666,0.3771098256111145,-0.034309539503273145
UBFC_PHYS_s17_T3_ctrl,10,138,14.6,0.35132259130477905,-0.053467458027114466
UBFC_PHYS_s17_T3_ctrl,10,139,14.633333333333333,0.32274943590164185,-0.037743736910369835
UBFC_PHYS_s17_T3_ctrl,10,140,14.666666666666666,0.27600935101509094,0.006664009148076973
UBFC_PHYS_s17_T3_ctrl,10,141,14.7,0.1860993355512619,0.0641143468945372
UBFC_PHYS_s17_T3_ctrl,10,142,14.733333333333333,0.09057068079710007,0.11319797778348617
UBFC_PHYS_s17_T3_ctrl,10,143,14.766666666666667,0.033143457025289536,0.13273845958856229
UBFC_PHYS_s17_T3_ctrl,10,144,14.8,-0.01620696857571602,0.10756172652238555
UBFC_PHYS_s17_T3_ctrl,10,145,14.833333333333334,-0.11085771024227142,0.03151652086322871
UBFC_PHYS_s17_T3_ctrl,10,146,14.866666666666667,-0.25935378670692444,-0.09274340645404416
UBFC_PHYS_s17_T3_ctrl,10,147,14.9,-0.4047713279724121,-0.2555430142349055
UBFC_PHYS_s17_T3_ctrl,10,148,14.933333333333334,-0.42778435349464417,-0.4415173950495946
UBFC_PHYS_s17_T3_ctrl,10,149,14.966666666666667,-0.24075374007225037,-0.6297304381379916
UBFC_PHYS_s17_T3_ctrl,10,150,15.0,0.07730834186077118,-0.7933863839825596
UBFC_PHYS_s17_T3_ctrl,10,151,15.033333333333333,0.3328864276409149,-0.9009128814603505
UBFC_PHYS_s17_T3_ctrl,10,152,15.066666666666666,0.4591069221496582,-0.9201177327317044
UBFC_PHYS_s17_T3_ctrl,10,153,15.1,0.5292580127716064,-0.8258642997314858
UBFC_PHYS_s17_T3_ctrl,10,154,15.133333333333333,0.5823190808296204,-0.6096731641683123
UBFC_PHYS_s17_T3_ctrl,10,155,15.166666666666666,0.5865564942359924,-0.2878255638892457
UBFC_PHYS_s17_T3_ctrl,10,156,15.2,0.5370538830757141,0.09604145638460101
UBFC_PHYS_s17_T3_ctrl,10,157,15.233333333333333,0.47622036933898926,0.47668943397385505
UBFC_PHYS_s17_T3_ctrl,10,158,15.266666666666667,0.4612373113632202,0.7814589309508888
UBFC_PHYS_s17_T3_ctrl,10,159,15.3,0.556087076663971,0.9493958286513661
UBFC_PHYS_s17_T3_ctrl,10,160,15.333333333333334,0.7695136070251465,0.9489651660252225
UBFC_PHYS_s17_T3_ctrl,10,161,15.366666666666667,0.9999833703041077,0.7876793254375765
UBFC_PHYS_s17_T3_ctrl,10,162,15.4,1.094774603843689,0.5099764635663013
UBFC_PHYS_s17_T3_ctrl,10,163,15.433333333333334,0.9848832488059998,0.18441663047649284
UBFC_PHYS_s17_T3_ctrl,10,164,15.466666666666667,0.7427664995193481,-0.11483137223968484
UBFC_PHYS_s17_T3_ctrl,10,165,15.5,0.47412508726119995,-0.32593298278968375
UBFC_PHYS_s17_T3_ctrl,10,166,15.533333333333333,0.1916477531194687,-0.4119934714349477
UBFC_PHYS_s17_T3_ctrl,10,167,15.566666666666666,-0.13220855593681335,-0.36630725290285976
UBFC_PHYS_s17_T3_ctrl,10,168,15.6,-0.4513358473777771,-0.2104548507028096
UBFC_PHYS_s17_T3_ctrl,10,169,15.633333333333333,-0.659928023815155,0.013227970174324073
UBFC_PHYS_s17_T3_ctrl,10,170,15.666666666666666,-0.6668108701705933,0.25251811577140176
UBFC_PHYS_s17_T3_ctrl,10,171,15.7,-0.481009304523468,0.4568876566439016
UBFC_PHYS_s17_T3_ctrl,10,172,15.733333333333333,-0.23762837052345276,0.5873132971295568
UBFC_PHYS_s17_T3_ctrl,10,173,15.766666666666667,-0.06748880445957184,0.6223970692191108
UBFC_PHYS_s17_T3_ctrl,10,174,15.8,0.021929578855633736,0.5598540508928213
UBFC_PHYS_s17_T3_ctrl,10,175,15.833333333333334,0.05061978101730347,0.4137478178673318
UBFC_PHYS_s17_T3_ctrl,10,176,15.866666666666667,0.0073328097350895405,0.20919608347413174
UBFC_PHYS_s17_T3_ctrl,10,177,15.9,-0.06066448986530304,-0.023169386578327338
UBFC_PHYS_s17_T3_ctrl,10,178,15.933333333333334,-0.0732947364449501,-0.251394191195497
UBFC_PHYS_s17_T3_ctrl,10,179,15.966666666666667,-0.03421004116535187,-0.4448347814118574
UBFC_PHYS_s17_T3_ctrl,10,180,16.0,-0.00012359934044070542,-0.5761604021750109
UBFC_PHYS_s17_T3_ctrl,10,181,16.033333333333335,0.020770734176039696,-0.6239661598329181
UBFC_PHYS_s17_T3_ctrl,10,182,16.066666666666666,0.04113831743597984,-0.5766527491166006
UBFC_PHYS_s17_T3_ctrl,10,183,16.1,0.03544944152235985,-0.43707937279652526
UBFC_PHYS_s17_T3_ctrl,10,184,16.133333333333333,-0.018021322786808014,-0.2263182485874219
UBFC_PHYS_s17_T3_ctrl,10,185,16.166666666666668,-0.09265564382076263,0.015920867150369986
UBFC_PHYS_s17_T3_ctrl,10,186,16.2,-0.15396909415721893,0.2364856373698649
UBFC_PHYS_s17_T3_ctrl,10,187,16.233333333333334,-0.22189617156982422,0.3802690623643415
UBFC_PHYS_s17_T3_ctrl,10,188,16.266666666666666,-0.3406134247779846,0.40572677793414674
UBFC_PHYS_s17_T3_ctrl,10,189,16.3,-0.49646058678627014,0.299369112243029
UBFC_PHYS_s17_T3_ctrl,10,190,16.333333333333332,-0.6201058626174927,0.08330350600532849
UBFC_PHYS_s17_T3_ctrl,10,191,16.366666666666667,-0.6372427344322205,-0.18815972480082388
UBFC_PHYS_s17_T3_ctrl,10,192,16.4,-0.5354399085044861,-0.4426629434547437
UBFC_PHYS_s17_T3_ctrl,10,193,16.433333333333334,-0.39633166790008545,-0.6103238460125452
UBFC_PHYS_s17_T3_ctrl,10,194,16.466666666666665,-0.29794687032699585,-0.6440484207956636
UBFC_PHYS_s17_T3_ctrl,10,195,16.5,-0.22381587326526642,-0.533310091337571
UBFC_PHYS_s17_T3_ctrl,10,196,16.533333333333335,-0.14625516533851624,-0.30714683667454057
UBFC_PHYS_s17_T3_ctrl,10,197,16.566666666666666,-0.10707683116197586,-0.025338810423447624
UBFC_PHYS_s17_T3_ctrl,10,198,16.6,-0.13405802845954895,0.23966417846569904
UBFC_PHYS_s17_T3_ctrl,10,199,16.633333333333333,-0.18704886734485626,0.4243676582522813
UBFC_PHYS_s17_T3_ctrl,10,200,16.666666666666668,-0.2087157666683197,0.49215272063445153
UBFC_PHYS_s17_T3_ctrl,10,201,16.7,-0.18381814658641815,0.4414519749844948
UBFC_PHYS_s17_T3_ctrl,10,202,16.733333333333334,-0.1443471759557724,0.3021674028347642
UBFC_PHYS_s17_T3_ctrl,10,203,16.766666666666666,-0.138517826795578,0.12300810518285217
UBFC_PHYS_s17_T3_ctrl,10,204,16.8,-0.18982307612895966,-0.044688598036236545
UBFC_PHYS_s17_T3_ctrl,10,205,16.833333333333332,-0.2734472155570984,-0.16087604704950012
UBFC_PHYS_s17_T3_ctrl,10,206,16.866666666666667,-0.34777721762657166,-0.20463366493028054
UBFC_PHYS_s17_T3_ctrl,10,207,16.9,-0.40340179204940796,-0.17499792770811623
UBFC_PHYS_s17_T3_ctrl,10,208,16.933333333333334,-0.4772869646549225,-0.08641270225788233
UBFC_PHYS_s17_T3_ctrl,10,209,16.966666666666665,-0.608283281326294,0.03823499777617672
UBFC_PHYS_s17_T3_ctrl,10,210,17.0,-0.744242787361145,0.17409459324045354
UBFC_PHYS_s17_T3_ctrl,10,211,17.033333333333335,-0.7336609959602356,0.29852349078574514
UBFC_PHYS_s17_T3_ctrl,10,212,17.066666666666666,-0.525665819644928,0.3925849077282124
UBFC_PHYS_s17_T3_ctrl,10,213,17.1,-0.2409878522157669,0.4408731628349218
UBFC_PHYS_s17_T3_ctrl,10,214,17.133333333333333,-0.009148546494543552,0.4315042708938425
UBFC_PHYS_s17_T3_ctrl,10,215,17.166666666666668,0.15245771408081055,0.35787675262881447
UBFC_PHYS_s17_T3_ctrl,10,216,17.2,0.2670780420303345,0.22237756950519946
UBFC_PHYS_s17_T3_ctrl,10,217,17.233333333333334,0.3286256194114685,0.04027581851820883
UBFC_PHYS_s17_T3_ctrl,10,218,17.266666666666666,0.33940640091896057,-0.1591910467762508
UBFC_PHYS_s17_T3_ctrl,10,219,17.3,0.34187623858451843,-0.33691335044473336
UBFC_PHYS_s17_T3_ctrl,10,220,17.333333333333332,0.36151808500289917,-0.4530364726033121
UBFC_PHYS_s17_T3_ctrl,10,221,17.366666666666667,0.3768874406814575,-0.4783012068041612
UBFC_PHYS_s17_T3_ctrl,10,222,17.4,0.36895108222961426,-0.403734386991195
UBFC_PHYS_s17_T3_ctrl,10,223,17.433333333333334,0.3425317704677582,-0.24536370348804415
UBFC_PHYS_s17_T3_ctrl,10,224,17.466666666666665,0.282166451215744,-0.041972413634827344
UBFC_PHYS_s17_T3_ctrl,10,225,17.5,0.16773340106010437,0.15418028407420456
UBFC_PHYS_s17_T3_ctrl,10,226,17.533333333333335,0.03551967442035675,0.2914456648675915
UBFC_PHYS_s17_T3_ctrl,10,227,17.566666666666666,-0.06459753960371017,0.3334531772768251
UBFC_PHYS_s17_T3_ctrl,10,228,17.6,-0.15263468027114868,0.2693917843557273
UBFC_PHYS_s17_T3_ctrl,10,229,17.633333333333333,-0.28176984190940857,0.11621750381515224
UBFC_PHYS_s17_T3_ctrl,10,230,17.666666666666668,-0.4583357274532318,-0.0877681572553227
UBFC_PHYS_s17_T3_ctrl,10,231,17.7,-0.6030392646789551,-0.2951355551188297
UBFC_PHYS_s17_T3_ctrl,10,232,17.733333333333334,-0.5881966352462769,-0.46263528280595384
UBFC_PHYS_s17_T3_ctrl,10,233,17.766666666666666,-0.37739214301109314,-0.5611786058828089
UBFC_PHYS_s17_T3_ctrl,10,234,17.8,-0.11017879098653793,-0.580033722859454
UBFC_PHYS_s17_T3_ctrl,10,235,17.833333333333332,0.08187349140644073,-0.5251823197487875
UBFC_PHYS_s17_T3_ctrl,10,236,17.866666666666667,0.2042311728000641,-0.41352318927598697
UBFC_PHYS_s17_T3_ctrl,10,237,17.9,0.2885693609714508,-0.2655068579864657
UBFC_PHYS_s17_T3_ctrl,10,238,17.933333333333334,0.3237561285495758,-0.09899366309979162
UBFC_PHYS_s17_T3_ctrl,10,239,17.966666666666665,0.32451698184013367,0.07350723677566814
UBFC_PHYS_s17_T3_ctrl,11,0,11.0,0.1219063326716423,-0.14086132443082966
UBFC_PHYS_s17_T3_ctrl,11,1,11.033333333333333,0.11322084069252014,0.1648495487805246
UBFC_PHYS_s17_T3_ctrl,11,2,11.066666666666666,0.07338699698448181,0.43371358746631855
UBFC_PHYS_s17_T3_ctrl,11,3,11.1,0.038258764892816544,0.6305283920803935
UBFC_PHYS_s17_T3_ctrl,11,4,11.133333333333333,0.05401437729597092,0.7295552937489099
UBFC_PHYS_s17_T3_ctrl,11,5,11.166666666666666,0.10411395877599716,0.7197977416420902
UBFC_PHYS_s17_T3_ctrl,11,6,11.2,0.1245751827955246,0.6089795078585555
UBFC_PHYS_s17_T3_ctrl,11,7,11.233333333333333,0.08790182322263718,0.4244418345482331
UBFC_PHYS_s17_T3_ctrl,11,8,11.266666666666667,0.015315966680645943,0.20933614040880844
UBFC_PHYS_s17_T3_ctrl,11,9,11.3,-0.07274457812309265,0.013706219965509336
UBFC_PHYS_s17_T3_ctrl,11,10,11.333333333333334,-0.17038021981716156,-0.11750686741463638
UBFC_PHYS_s17_T3_ctrl,11,11,11.366666666666667,-0.27569469809532166,-0.15566417897154902
UBFC_PHYS_s17_T3_ctrl,11,12,11.4,-0.4022078216075897,-0.09531280515654839
UBFC_PHYS_s17_T3_ctrl,11,13,11.433333333333334,-0.5427324771881104,0.04501668336808949
UBFC_PHYS_s17_T3_ctrl,11,14,11.466666666666667,-0.610191285610199,0.22817472562166558
UBFC_PHYS_s17_T3_ctrl,11,15,11.5,-0.515985369682312,0.40852807762231297
UBFC_PHYS_s17_T3_ctrl,11,16,11.533333333333333,-0.31145501136779785,0.5440420856261357
UBFC_PHYS_s17_T3_ctrl,11,17,11.566666666666666,-0.13215003907680511,0.6065968379468177
UBFC_PHYS_s17_T3_ctrl,11,18,11.6,-0.016909299418330193,0.5872243642631776
UBFC_PHYS_s17_T3_ctrl,11,19,11.633333333333333,0.061517611145973206,0.4949616734113977
UBFC_PHYS_s17_T3_ctrl,11,20,11.666666666666666,0.09679801017045975,0.3509163082451168
UBFC_PHYS_s17_T3_ctrl,11,21,11.7,0.07628995925188065,0.180954160319043
UBFC_PHYS_s17_T3_ctrl,11,22,11.733333333333333,0.04335065931081772,0.009844519011960363
UBFC_PHYS_s17_T3_ctrl,11,23,11.766666666666667,0.05176692083477974,-0.14217000706699162
UBFC_PHYS_s17_T3_ctrl,11,24,11.8,0.09040680527687073,-0.2607987721418049
UBFC_PHYS_s17_T3_ctrl,11,25,11.833333333333334,0.11341983824968338,-0.3379318160319026
UBFC_PHYS_s17_T3_ctrl,11,26,11.866666666666667,0.09934981167316437,-0.3712455583241479
UBFC_PHYS_s17_T3_ctrl,11,27,11.9,0.04742417857050896,-0.36344718237505885
UBFC_PHYS_s17_T3_ctrl,11,28,11.933333333333334,-0.03349600359797478,-0.3213499221567899
UBFC_PHYS_s17_T3_ctrl,11,29,11.966666666666667,-0.1240147054195404,-0.25497166773484414
UBFC_PHYS_s17_T3_ctrl,11,30,12.0,-0.21802164614200592,-0.17665566088945234
UBFC_PHYS_s17_T3_ctrl,11,31,12.033333333333333,-0.33931413292884827,-0.09991299904461984
UBFC_PHYS_s17_T3_ctrl,11,32,12.066666666666666,-0.49315962195396423,-0.03759031434586407
UBFC_PHYS_s17_T3_ctrl,11,33,12.1,-0.6100976467132568,0.0006372533664730923
UBFC_PHYS_s17_T3_ctrl,11,34,12.133333333333333,-0.5843806862831116,0.010657473026330865
UBFC_PHYS_s17_T3_ctrl,11,35,12.166666666666666,-0.40741679072380066,-0.005069956956674085
UBFC_PHYS_s17_T3_ctrl,11,36,12.2,-0.19452868402004242,-0.03873859142300779
UBFC_PHYS_s17_T3_ctrl,11,37,12.233333333333333,-0.03439733013510704,-0.08045644724128512
UBFC_PHYS_s17_T3_ctrl,11,38,12.266666666666667,0.07719128578901291,-0.12233346835581976
UBFC_PHYS_s17_T3_ctrl,11,39,12.3,0.13763853907585144,-0.16173358396016999
UBFC_PHYS_s17_T3_ctrl,11,40,12.333333333333334,0.13238276541233063,-0.2023170950088918
UBFC_PHYS_s17_T3_ctrl,11,41,12.366666666666667,0.10810553282499313,-0.25229160384720867
UBFC_PHYS_s17_T3_ctrl,11,42,12.4,0.11902677267789841,-0.32021958808252077
UBFC_PHYS_s17_T3_ctrl,11,43,12.433333333333334,0.15306639671325684,-0.4095894786399525
UBFC_PHYS_s17_T3_ctrl,11,44,12.466666666666667,0.17893557250499725,-0.5139916762521969
UBFC_PHYS_s17_T3_ctrl,11,45,12.5,0.18669632077217102,-0.6149300826331932
UBFC_PHYS_s17_T3_ctrl,11,46,12.533333333333333,0.1611080765724182,-0.6838313859392359
UBFC_PHYS_s17_T3_ctrl,11,47,12.566666666666666,0.090523861348629,-0.6886130655037975
UBFC_PHYS_s17_T3_ctrl,11,48,12.6,-0.01360834576189518,-0.6034601456307696
UBFC_PHYS_s17_T3_ctrl,11,49,12.633333333333333,-0.12725712358951569,-0.41884818058635803
UBFC_PHYS_s17_T3_ctrl,11,50,12.666666666666666,-0.24178382754325867,-0.1480818367099069
UBFC_PHYS_s17_T3_ctrl,11,51,12.7,-0.37625670433044434,0.17275887880171462
UBFC_PHYS_s17_T3_ctrl,11,52,12.733333333333333,-0.544581949710846,0.492473943380368
UBFC_PHYS_s17_T3_ctrl,11,53,12.766666666666667,-0.6870145797729492,0.7579889540119052
UBFC_PHYS_s17_T3_ctrl,11,54,12.8,-0.6852118968963623,0.9285093422796532
UBFC_PHYS_s17_T3_ctrl,11,55,12.833333333333334,-0.5045139789581299,0.9853662066872022
UBFC_PHYS_s17_T3_ctrl,11,56,12.866666666666667,-0.24590416252613068,0.9345799694164144
UBFC_PHYS_s17_T3_ctrl,11,57,12.9,-0.03348429873585701,0.802396937612658
UBFC_PHYS_s17_T3_ctrl,11,58,12.933333333333334,0.10220596194267273,0.6261692025620137
UBFC_PHYS_s17_T3_ctrl,11,59,12.966666666666667,0.18753911554813385,0.44371936035179116
UBFC_PHYS_s17_T3_ctrl,11,60,13.0,0.22637799382209778,0.2843289127119819
UBFC_PHYS_s17_T3_ctrl,11,61,13.033333333333333,0.22947995364665985,0.16374257000370449
UBFC_PHYS_s17_T3_ctrl,11,62,13.066666666666666,0.25234082341194153,0.08407271819109352
UBFC_PHYS_s17_T3_ctrl,11,63,13.1,0.31936654448509216,0.037766351461105935
UBFC_PHYS_s17_T3_ctrl,11,64,13.133333333333333,0.3846833109855652,0.013550559005467642
UBFC_PHYS_s17_T3_ctrl,11,65,13.166666666666666,0.39991214871406555,0.0018641261497109388
UBFC_PHYS_s17_T3_ctrl,11,66,13.2,0.3587673008441925,-0.002235569563379612
UBFC_PHYS_s17_T3_ctrl,11,67,13.233333333333333,0.26644596457481384,0.0005003580417097635
UBFC_PHYS_s17_T3_ctrl,11,68,13.266666666666667,0.1333894282579422,0.01046253217194923
UBFC_PHYS_s17_T3_ctrl,11,69,13.3,0.005389695521444082,0.025460445581380966
UBFC_PHYS_s17_T3_ctrl,11,70,13.333333333333334,-0.07732143253087997,0.03864120013812278
UBFC_PHYS_s17_T3_ctrl,11,71,13.366666666666667,-0.13655130565166473,0.039512975602534306
UBFC_PHYS_s17_T3_ctrl,11,72,13.4,-0.23322710394859314,0.017752768799689553
UBFC_PHYS_s17_T3_ctrl,11,73,13.433333333333334,-0.40095534920692444,-0.03214134439302816
UBFC_PHYS_s17_T3_ctrl,11,74,13.466666666666667,-0.6003469824790955,-0.10772962576355792
UBFC_PHYS_s17_T3_ctrl,11,75,13.5,-0.712989091873169,-0.19859755142644142
UBFC_PHYS_s17_T3_ctrl,11,76,13.533333333333333,-0.6217212080955505,-0.2894732434465224
UBFC_PHYS_s17_T3_ctrl,11,77,13.566666666666666,-0.3658154010772705,-0.36514236164630604
UBFC_PHYS_s17_T3_ctrl,11,78,13.6,-0.0918128490447998,-0.41509227474746435
UBFC_PHYS_s17_T3_ctrl,11,79,13.633333333333333,0.1012226939201355,-0.43607354791101777
UBFC_PHYS_s17_T3_ctrl,11,80,13.666666666666666,0.21279960870742798,-0.43181299885999963
UBFC_PHYS_s17_T3_ctrl,11,81,13.7,0.2598089277744293,-0.4103481735058113
UBFC_PHYS_s17_T3_ctrl,11,82,13.733333333333333,0.24708503484725952,-0.3802782375681607
UBFC_PHYS_s17_T3_ctrl,11,83,13.766666666666667,0.21192169189453125,-0.3474382021250973
UBFC_PHYS_s17_T3_ctrl,11,84,13.8,0.2068532109260559,-0.31317909812215217
UBFC_PHYS_s17_T3_ctrl,11,85,13.833333333333334,0.23293307423591614,-0.27473658106404103
UBFC_PHYS_s17_T3_ctrl,11,86,13.866666666666667,0.2555832266807556,-0.22733749384491647
UBFC_PHYS_s17_T3_ctrl,11,87,13.9,0.26107311248779297,-0.1670536945033297
UBFC_PHYS_s17_T3_ctrl,11,88,13.933333333333334,0.25023382902145386,-0.0932121966264351
UBFC_PHYS_s17_T3_ctrl,11,89,13.966666666666667,0.20766088366508484,-0.009438584217420169
UBFC_PHYS_s17_T3_ctrl,11,90,14.0,0.12137958407402039,0.07700047548824449
UBFC_PHYS_s17_T3_ctrl,11,91,14.033333333333333,0.01683768257498741,0.15721993845024548
UBFC_PHYS_s17_T3_ctrl,11,92,14.066666666666666,-0.07571777701377869,0.22327418813688285
UBFC_PHYS_s17_T3_ctrl,11,93,14.1,-0.18100883066654205,0.2702986907067684
UBFC_PHYS_s17_T3_ctrl,11,94,14.133333333333333,-0.3460448086261749,0.2975594949222683
UBFC_PHYS_s17_T3_ctrl,11,95,14.166666666666666,-0.5515701174736023,0.3081883326128258
UBFC_PHYS_s17_T3_ctrl,11,96,14.2,-0.6782588362693787,0.30778332257440016
UBFC_PHYS_s17_T3_ctrl,11,97,14.233333333333333,-0.6048769950866699,0.3023771886100525
UBFC_PHYS_s17_T3_ctrl,11,98,14.266666666666667,-0.3588857352733612,0.2964998122688389
UBFC_PHYS_s17_T3_ctrl,11,99,14.3,-0.10554341226816177,0.2919989555461721
UBFC_PHYS_s17_T3_ctrl,11,100,14.333333333333334,0.06817804276943207,0.2878692962141116
UBFC_PHYS_s17_T3_ctrl,11,101,14.366666666666667,0.1923149675130844,0.2809084574900451
UBFC_PHYS_s17_T3_ctrl,11,102,14.4,0.26981714367866516,0.2668866116074274
UBFC_PHYS_s17_T3_ctrl,11,103,14.433333333333334,0.2740779519081116,0.24198482024039442
UBFC_PHYS_s17_T3_ctrl,11,104,14.466666666666667,0.2571517825126648,0.2042753096297329
UBFC_PHYS_s17_T3_ctrl,11,105,14.5,0.2952063977718353,0.15490251612936132
UBFC_PHYS_s17_T3_ctrl,11,106,14.533333333333333,0.36045289039611816,0.09847976779726596
UBFC_PHYS_s17_T3_ctrl,11,107,14.566666666666666,0.3771098256111145,0.04226002095896626
UBFC_PHYS_s17_T3_ctrl,11,108,14.6,0.35132259130477905,-0.0059845480796801315
UBFC_PHYS_s17_T3_ctrl,11,109,14.633333333333333,0.32274943590164185,-0.0408263139910074
UBFC_PHYS_s17_T3_ctrl,11,110,14.666666666666666,0.27600935101509094,-0.06168840379535906
UBFC_PHYS_s17_T3_ctrl,11,111,14.7,0.1860993355512619,-0.07377267669819372
UBFC_PHYS_s17_T3_ctrl,11,112,14.733333333333333,0.09057068079710007,-0.08672896840545168
UBFC_PHYS_s17_T3_ctrl,11,113,14.766666666666667,0.033143457025289536,-0.11146795709163092
UBFC_PHYS_s17_T3_ctrl,11,114,14.8,-0.01620696857571602,-0.15658395319969073
UBFC_PHYS_s17_T3_ctrl,11,115,14.833333333333334,-0.11085771024227142,-0.2259684307172266
UBFC_PHYS_s17_T3_ctrl,11,116,14.866666666666667,-0.25935378670692444,-0.31808561611220987
UBFC_PHYS_s17_T3_ctrl,11,117,14.9,-0.4047713279724121,-0.4262112821428289
UBFC_PHYS_s17_T3_ctrl,11,118,14.933333333333334,-0.42778435349464417,-0.5388263696965065
UBFC_PHYS_s17_T3_ctrl,11,119,14.966666666666667,-0.24075374007225037,-0.6399388976765716
UBFC_PHYS_s17_T3_ctrl,11,120,15.0,0.07730834186077118,-0.7096042536733909
UBFC_PHYS_s17_T3_ctrl,11,121,15.033333333333333,0.3328864276409149,-0.7253661333205228
UBFC_PHYS_s17_T3_ctrl,11,122,15.066666666666666,0.4591069221496582,-0.665739858095221
UBFC_PHYS_s17_T3_ctrl,11,123,15.1,0.5292580127716064,-0.5163142097376034
UBFC_PHYS_s17_T3_ctrl,11,124,15.133333333333333,0.5823190808296204,-0.2771777243066866
UBFC_PHYS_s17_T3_ctrl,11,125,15.166666666666666,0.5865564942359924,0.03146000826895169
UBFC_PHYS_s17_T3_ctrl,11,126,15.2,0.5370538830757141,0.3687997016260245
UBFC_PHYS_s17_T3_ctrl,11,127,15.233333333333333,0.47622036933898926,0.6799246716646778
UBFC_PHYS_s17_T3_ctrl,11,128,15.266666666666667,0.4612373113632202,0.90840801223458
UBFC_PHYS_s17_T3_ctrl,11,129,15.3,0.556087076663971,1.0114655328212139
UBFC_PHYS_s17_T3_ctrl,11,130,15.333333333333334,0.7695136070251465,0.9722310833361361
UBFC_PHYS_s17_T3_ctrl,11,131,15.366666666666667,0.9999833703041077,0.804321146489761
UBFC_PHYS_s17_T3_ctrl,11,132,15.4,1.094774603843689,0.5471691879280492
UBFC_PHYS_s17_T3_ctrl,11,133,15.433333333333334,0.9848832488059998,0.25460095390156684
UBFC_PHYS_s17_T3_ctrl,11,134,15.466666666666667,0.7427664995193481,-0.01866102966723949
UBFC_PHYS_s17_T3_ctrl,11,135,15.5,0.47412508726119995,-0.22820962982213774
UBFC_PHYS_s17_T3_ctrl,11,136,15.533333333333333,0.1916477531194687,-0.34664546111933286
UBFC_PHYS_s17_T3_ctrl,11,137,15.566666666666666,-0.13220855593681335,-0.36576242427511546
UBFC_PHYS_s17_T3_ctrl,11,138,15.6,-0.4513358473777771,-0.2953267820687804
UBFC_PHYS_s17_T3_ctrl,11,139,15.633333333333333,-0.659928023815155,-0.15956449980899493
UBFC_PHYS_s17_T3_ctrl,11,140,15.666666666666666,-0.6668108701705933,0.00784998844521847
UBFC_PHYS_s17_T3_ctrl,11,141,15.7,-0.481009304523468,0.16974772219859038
UBFC_PHYS_s17_T3_ctrl,11,142,15.733333333333333,-0.23762837052345276,0.2918130985139851
UBFC_PHYS_s17_T3_ctrl,11,143,15.766666666666667,-0.06748880445957184,0.34849875975046973
UBFC_PHYS_s17_T3_ctrl,11,144,15.8,0.021929578855633736,0.32732421573276976
UBFC_PHYS_s17_T3_ctrl,11,145,15.833333333333334,0.05061978101730347,0.23046702297807212
UBFC_PHYS_s17_T3_ctrl,11,146,15.866666666666667,0.0073328097350895405,0.07336643866072246
UBFC_PHYS_s17_T3_ctrl,11,147,15.9,-0.06066448986530304,-0.11888912965910023
UBFC_PHYS_s17_T3_ctrl,11,148,15.933333333333334,-0.0732947364449501,-0.3160407560531156
UBFC_PHYS_s17_T3_ctrl,11,149,15.966666666666667,-0.03421004116535187,-0.486882007072867
UBFC_PHYS_s17_T3_ctrl,11,150,16.0,-0.00012359934044070542,-0.6029301268703657
UBFC_PHYS_s17_T3_ctrl,11,151,16.033333333333335,0.020770734176039696,-0.6419491223434823
UBFC_PHYS_s17_T3_ctrl,11,152,16.066666666666666,0.04113831743597984,-0.5917069691613234
UBFC_PHYS_s17_T3_ctrl,11,153,16.1,0.03544944152235985,-0.45371903194545127
UBFC_PHYS_s17_T3_ctrl,11,154,16.133333333333333,-0.018021322786808014,-0.24594698330619738
UBFC_PHYS_s17_T3_ctrl,11,155,16.166666666666668,-0.09265564382076263,-0.002801391094443795
UBFC_PHYS_s17_T3_ctrl,11,156,16.2,-0.15396909415721893,0.2292781855653985
UBFC_PHYS_s17_T3_ctrl,11,157,16.233333333333334,-0.22189617156982422,0.4013105905865827
UBFC_PHYS_s17_T3_ctrl,11,158,16.266666666666666,-0.3406134247779846,0.4746946633105867
UBFC_PHYS_s17_T3_ctrl,11,159,16.3,-0.49646058678627014,0.43359742507812027
UBFC_PHYS_s17_T3_ctrl,11,160,16.333333333333332,-0.6201058626174927,0.29193592369121585
UBFC_PHYS_s17_T3_ctrl,11,161,16.366666666666667,-0.6372427344322205,0.09140699787604607
UBFC_PHYS_s17_T3_ctrl,11,162,16.4,-0.5354399085044861,-0.10972859974363507
UBFC_PHYS_s17_T3_ctrl,11,163,16.433333333333334,-0.39633166790008545,-0.2537371841514278
UBFC_PHYS_s17_T3_ctrl,11,164,16.466666666666665,-0.29794687032699585,-0.3006816682411728
UBFC_PHYS_s17_T3_ctrl,11,165,16.5,-0.22381587326526642,-0.24012067188220154
UBFC_PHYS_s17_T3_ctrl,11,166,16.533333333333335,-0.14625516533851624,-0.09359275726291046
UBFC_PHYS_s17_T3_ctrl,11,167,16.566666666666666,-0.10707683116197586,0.09260904160615664
UBFC_PHYS_s17_T3_ctrl,11,168,16.6,-0.13405802845954895,0.2619259114614177
UBFC_PHYS_s17_T3_ctrl,11,169,16.633333333333333,-0.18704886734485626,0.36469821354504844
UBFC_PHYS_s17_T3_ctrl,11,170,16.666666666666668,-0.2087157666683197,0.3724706925206906
UBFC_PHYS_s17_T3_ctrl,11,171,16.7,-0.18381814658641815,0.2848042647255442
UBFC_PHYS_s17_T3_ctrl,11,172,16.733333333333334,-0.1443471759557724,0.12681920397474222
UBFC_PHYS_s17_T3_ctrl,11,173,16.766666666666666,-0.138517826795578,-0.06069013756013723
UBFC_PHYS_s17_T3_ctrl,11,174,16.8,-0.18982307612895966,-0.23409861789002356
UBFC_PHYS_s17_T3_ctrl,11,175,16.833333333333332,-0.2734472155570984,-0.35795857302799045
UBFC_PHYS_s17_T3_ctrl,11,176,16.866666666666667,-0.34777721762657166,-0.4113922723548505
UBFC_PHYS_s17_T3_ctrl,11,177,16.9,-0.40340179204940796,-0.38971750844342945
UBFC_PHYS_s17_T3_ctrl,11,178,16.933333333333334,-0.4772869646549225,-0.3026341753245471
UBFC_PHYS_s17_T3_ctrl,11,179,16.966666666666665,-0.608283281326294,-0.17045027106941948
UBFC_PHYS_s17_T3_ctrl,11,180,17.0,-0.744242787361145,-0.019395023218290234
UBFC_PHYS_s17_T3_ctrl,11,181,17.033333333333335,-0.7336609959602356,0.12328871061693693
UBFC_PHYS_s17_T3_ctrl,11,182,17.066666666666666,-0.525665819644928,0.23382950606506658
UBFC_PHYS_s17_T3_ctrl,11,183,17.1,-0.2409878522157669,0.29539424346709975
UBFC_PHYS_s17_T3_ctrl,11,184,17.133333333333333,-0.009148546494543552,0.3002824111402919
UBFC_PHYS_s17_T3_ctrl,11,185,17.166666666666668,0.15245771408081055,0.2509669210725917
UBFC_PHYS_s17_T3_ctrl,11,186,17.2,0.2670780420303345,0.16011117913893377
UBFC_PHYS_s17_T3_ctrl,11,187,17.233333333333334,0.3286256194114685,0.04929939499615991
UBFC_PHYS_s17_T3_ctrl,11,188,17.266666666666666,0.33940640091896057,-0.05418214907074692
UBFC_PHYS_s17_T3_ctrl,11,189,17.3,0.34187623858451843,-0.12285351304311118
UBFC_PHYS_s17_T3_ctrl,11,190,17.333333333333332,0.36151808500289917,-0.13593705477754517
UBFC_PHYS_s17_T3_ctrl,11,191,17.366666666666667,0.3768874406814575,-0.08555629811724125
UBFC_PHYS_s17_T3_ctrl,11,192,17.4,0.36895108222961426,0.019956142462091576
UBFC_PHYS_s17_T3_ctrl,11,193,17.433333333333334,0.3425317704677582,0.15700572661910603
UBFC_PHYS_s17_T3_ctrl,11,194,17.466666666666665,0.282166451215744,0.29212680459652507
UBFC_PHYS_s17_T3_ctrl,11,195,17.5,0.16773340106010437,0.39071195744037435
UBFC_PHYS_s17_T3_ctrl,11,196,17.533333333333335,0.03551967442035675,0.4267205906886678
UBFC_PHYS_s17_T3_ctrl,11,197,17.566666666666666,-0.06459753960371017,0.39022534009652987
UBFC_PHYS_s17_T3_ctrl,11,198,17.6,-0.15263468027114868,0.28990209367285596
UBFC_PHYS_s17_T3_ctrl,11,199,17.633333333333333,-0.28176984190940857,0.14925149162735354
UBFC_PHYS_s17_T3_ctrl,11,200,17.666666666666668,-0.4583357274532318,-0.0019479103995124788
UBFC_PHYS_s17_T3_ctrl,11,201,17.7,-0.6030392646789551,-0.13731717300264648
UBFC_PHYS_s17_T3_ctrl,11,202,17.733333333333334,-0.5881966352462769,-0.24088135547393974
UBFC_PHYS_s17_T3_ctrl,11,203,17.766666666666666,-0.37739214301109314,-0.3092245067600778
UBFC_PHYS_s17_T3_ctrl,11,204,17.8,-0.11017879098653793,-0.3489140418991814
UBFC_PHYS_s17_T3_ctrl,11,205,17.833333333333332,0.08187349140644073,-0.3711249487810615
UBFC_PHYS_s17_T3_ctrl,11,206,17.866666666666667,0.2042311728000641,-0.3860341859417878
UBFC_PHYS_s17_T3_ctrl,11,207,17.9,0.2885693609714508,-0.3990888846880539
UBFC_PHYS_s17_T3_ctrl,11,208,17.933333333333334,0.3237561285495758,-0.41013507958692397
UBFC_PHYS_s17_T3_ctrl,11,209,17.966666666666665,0.32451698184013367,-0.4150310845921898
UBFC_PHYS_s17_T3_ctrl,11,210,18.0,0.33330783247947693,-0.4082586882691621
UBFC_PHYS_s17_T3_ctrl,11,211,18.033333333333335,0.3512289524078369,-0.3849026738924663
UBFC_PHYS_s17_T3_ctrl,11,212,18.066666666666666,0.35128748416900635,-0.3413471154524351
UBFC_PHYS_s17_T3_ctrl,11,213,18.1,0.3342910706996918,-0.27513300480664626
UBFC_PHYS_s17_T3_ctrl,11,214,18.133333333333333,0.31496527791023254,-0.18470124122518244
UBFC_PHYS_s17_T3_ctrl,11,215,18.166666666666668,0.27466320991516113,-0.06951199063148956
UBFC_PHYS_s17_T3_ctrl,11,216,18.2,0.17640717327594757,0.06912573313618231
UBFC_PHYS_s17_T3_ctrl,11,217,18.233333333333334,0.03344779834151268,0.22643883144131138
UBFC_PHYS_s17_T3_ctrl,11,218,18.266666666666666,-0.08771592378616333,0.3923501531632579
UBFC_PHYS_s17_T3_ctrl,11,219,18.3,-0.1617649644613266,0.5506349534923377
UBFC_PHYS_s17_T3_ctrl,11,220,18.333333333333332,-0.2466416209936142,0.6803831574557682
UBFC_PHYS_s17_T3_ctrl,11,221,18.366666666666667,-0.40474793314933777,0.7602726404733796
UBFC_PHYS_s17_T3_ctrl,11,222,18.4,-0.6047950387001038,0.7746683131871972
UBFC_PHYS_s17_T3_ctrl,11,223,18.433333333333334,-0.7203167080879211,0.7191870176202122
UBFC_PHYS_s17_T3_ctrl,11,224,18.466666666666665,-0.6473914384841919,0.6030234327079222
UBFC_PHYS_s17_T3_ctrl,11,225,18.5,-0.41502535343170166,0.44648387541557716
UBFC_PHYS_s17_T3_ctrl,11,226,18.533333333333335,-0.15787874162197113,0.27444217859484143
UBFC_PHYS_s17_T3_ctrl,11,227,18.566666666666666,0.02933916635811329,0.10846908228790637
UBFC_PHYS_s17_T3_ctrl,11,228,18.6,0.14880558848381042,-0.03905030633931777
UBFC_PHYS_s17_T3_ctrl,11,229,18.633333333333333,0.21347852051258087,-0.1665101524630557
UBFC_PHYS_s17_T3_ctrl,11,230,18.666666666666668,0.21080966293811798,-0.27999705870307945
UBFC_PHYS_s17_T3_ctrl,11,231,18.7,0.16214987635612488,-0.38706529127916167
UBFC_PHYS_s17_T3_ctrl,11,232,18.733333333333334,0.1365850418806076,-0.49013920186036447
UBFC_PHYS_s17_T3_ctrl,11,233,18.766666666666666,0.15739743411540985,-0.5824648668022907
UBFC_PHYS_s17_T3_ctrl,11,234,18.8,0.15575866401195526,-0.6485857694090984
UBFC_PHYS_s17_T3_ctrl,11,235,18.833333333333332,0.08585336059331894,-0.6694325907318058
UBFC_PHYS_s17_T3_ctrl,11,236,18.866666666666667,-0.010892667807638645,-0.6299291124627528
UBFC_PHYS_s17_T3_ctrl,11,237,18.9,-0.09715056419372559,-0.5257475418047299
UBFC_PHYS_s17_T3_ctrl,11,238,18.933333333333334,-0.19205883145332336,-0.3663606167679343
UBFC_PHYS_s17_T3_ctrl,11,239,18.966666666666665,-0.3020437955856323,-0.17347658996895157
UBFC_PHYS_s17_T3_ctrl,12,0,12.0,-0.21802164614200592,0.11332400978623541
UBFC_PHYS_s17_T3_ctrl,12,1,12.033333333333333,-0.33931413292884827,0.12559322832606662
UBFC_PHYS_s17_T3_ctrl,12,2,12.066666666666666,-0.49315962195396423,0.11620011731534897
UBFC_PHYS_s17_T3_ctrl,12,3,12.1,-0.6100976467132568,0.07293766649651406
UBFC_PHYS_s17_T3_ctrl,12,4,12.133333333333333,-0.5843806862831116,-0.007441546204649045
UBFC_PHYS_s17_T3_ctrl,12,5,12.166666666666666,-0.40741679072380066,-0.11887189784486932
UBFC_PHYS_s17_T3_ctrl,12,6,12.2,-0.19452868402004242,-0.2485933555959075
UBFC_PHYS_s17_T3_ctrl,12,7,12.233333333333333,-0.03439733013510704,-0.3814764281827723
UBFC_PHYS_s17_T3_ctrl,12,8,12.266666666666667,0.07719128578901291,-0.5043759803259288
UBFC_PHYS_s17_T3_ctrl,12,9,12.3,0.13763853907585144,-0.6091193704019668
UBFC_PHYS_s17_T3_ctrl,12,10,12.333333333333334,0.13238276541233063,-0.6934044473729578
UBFC_PHYS_s17_T3_ctrl,12,11,12.366666666666667,0.10810553282499313,-0.7595836554289378
UBFC_PHYS_s17_T3_ctrl,12,12,12.4,0.11902677267789841,-0.8118258637996267
UBFC_PHYS_s17_T3_ctrl,12,13,12.433333333333334,0.15306639671325684,-0.8525103460751647
UBFC_PHYS_s17_T3_ctrl,12,14,12.466666666666667,0.17893557250499725,-0.8790006418796211
UBFC_PHYS_s17_T3_ctrl,12,15,12.5,0.18669632077217102,-0.8820960918368648
UBFC_PHYS_s17_T3_ctrl,12,16,12.533333333333333,0.1611080765724182,-0.847249226405702
UBFC_PHYS_s17_T3_ctrl,12,17,12.566666666666666,0.090523861348629,-0.758818935929992
UBFC_PHYS_s17_T3_ctrl,12,18,12.6,-0.01360834576189518,-0.6062892636759033
UBFC_PHYS_s17_T3_ctrl,12,19,12.633333333333333,-0.12725712358951569,-0.3902021806541954
UBFC_PHYS_s17_T3_ctrl,12,20,12.666666666666666,-0.24178382754325867,-0.1252766798716764
UBFC_PHYS_s17_T3_ctrl,12,21,12.7,-0.37625670433044434,0.16095514931028784
UBFC_PHYS_s17_T3_ctrl,12,22,12.733333333333333,-0.544581949710846,0.43397274100307803
UBFC_PHYS_s17_T3_ctrl,12,23,12.766666666666667,-0.6870145797729492,0.6606958909957045
UBFC_PHYS_s17_T3_ctrl,12,24,12.8,-0.6852118968963623,0.817525475294842
UBFC_PHYS_s17_T3_ctrl,12,25,12.833333333333334,-0.5045139789581299,0.8952514589909338
UBFC_PHYS_s17_T3_ctrl,12,26,12.866666666666667,-0.24590416252613068,0.8996455802340982
UBFC_PHYS_s17_T3_ctrl,12,27,12.9,-0.03348429873585701,0.8482515427579929
UBFC_PHYS_s17_T3_ctrl,12,28,12.933333333333334,0.10220596194267273,0.764701027001814
UBFC_PHYS_s17_T3_ctrl,12,29,12.966666666666667,0.18753911554813385,0.6721430713798239
UBFC_PHYS_s17_T3_ctrl,12,30,13.0,0.22637799382209778,0.5876199537156139
UBFC_PHYS_s17_T3_ctrl,12,31,13.033333333333333,0.22947995364665985,0.5190453656270075
UBFC_PHYS_s17_T3_ctrl,12,32,13.066666666666666,0.25234082341194153,0.4654324945606269
UBFC_PHYS_s17_T3_ctrl,12,33,13.1,0.31936654448509216,0.4197795367323679
UBFC_PHYS_s17_T3_ctrl,12,34,13.133333333333333,0.3846833109855652,0.3733049082514635
UBFC_PHYS_s17_T3_ctrl,12,35,13.166666666666666,0.39991214871406555,0.31954350127515163
UBFC_PHYS_s17_T3_ctrl,12,36,13.2,0.3587673008441925,0.2569203282568193
UBFC_PHYS_s17_T3_ctrl,12,37,13.233333333333333,0.26644596457481384,0.18886748051533106
UBFC_PHYS_s17_T3_ctrl,12,38,13.266666666666667,0.1333894282579422,0.12143873253574716
UBFC_PHYS_s17_T3_ctrl,12,39,13.3,0.005389695521444082,0.059500414941988364
UBFC_PHYS_s17_T3_ctrl,12,40,13.333333333333334,-0.07732143253087997,0.003438104515757004
UBFC_PHYS_s17_T3_ctrl,12,41,13.366666666666667,-0.13655130565166473,-0.051746122177471855
UBFC_PHYS_s17_T3_ctrl,12,42,13.4,-0.23322710394859314,-0.11427556576863908
UBFC_PHYS_s17_T3_ctrl,12,43,13.433333333333334,-0.40095534920692444,-0.19134107260043262
UBFC_PHYS_s17_T3_ctrl,12,44,13.466666666666667,-0.6003469824790955,-0.28478529155485616
UBFC_PHYS_s17_T3_ctrl,12,45,13.5,-0.712989091873169,-0.3888124366051794
UBFC_PHYS_s17_T3_ctrl,12,46,13.533333333333333,-0.6217212080955505,-0.4908681482237963
UBFC_PHYS_s17_T3_ctrl,12,47,13.566666666666666,-0.3658154010772705,-0.5754039514785092
UBFC_PHYS_s17_T3_ctrl,12,48,13.6,-0.0918128490447998,-0.6289862545039617
UBFC_PHYS_s17_T3_ctrl,12,49,13.633333333333333,0.1012226939201355,-0.6446839955028847
UBFC_PHYS_s17_T3_ctrl,12,50,13.666666666666666,0.21279960870742798,-0.6240612428414659
UBFC_PHYS_s17_T3_ctrl,12,51,13.7,0.2598089277744293,-0.5760968569872426
UBFC_PHYS_s17_T3_ctrl,12,52,13.733333333333333,0.24708503484725952,-0.5134725333074271
UBFC_PHYS_s17_T3_ctrl,12,53,13.766666666666667,0.21192169189453125,-0.4476227555898482
UBFC_PHYS_s17_T3_ctrl,12,54,13.8,0.2068532109260559,-0.38449111544383946
UBFC_PHYS_s17_T3_ctrl,12,55,13.833333333333334,0.23293307423591614,-0.32276481420470304
UBFC_PHYS_s17_T3_ctrl,12,56,13.866666666666667,0.2555832266807556,-0.2553752951921674
UBFC_PHYS_s17_T3_ctrl,12,57,13.9,0.26107311248779297,-0.17368689186057026
UBFC_PHYS_s17_T3_ctrl,12,58,13.933333333333334,0.25023382902145386,-0.07265529447710996
UBFC_PHYS_s17_T3_ctrl,12,59,13.966666666666667,0.20766088366508484,0.04527855610906999
UBFC_PHYS_s17_T3_ctrl,12,60,14.0,0.12137958407402039,0.16945686514157382
UBFC_PHYS_s17_T3_ctrl,12,61,14.033333333333333,0.01683768257498741,0.2840253621050795
UBFC_PHYS_s17_T3_ctrl,12,62,14.066666666666666,-0.07571777701377869,0.37342024929389184
UBFC_PHYS_s17_T3_ctrl,12,63,14.1,-0.18100883066654205,0.4277652766870271
UBFC_PHYS_s17_T3_ctrl,12,64,14.133333333333333,-0.3460448086261749,0.44584563441085073
UBFC_PHYS_s17_T3_ctrl,12,65,14.166666666666666,-0.5515701174736023,0.4346843881500236
UBFC_PHYS_s17_T3_ctrl,12,66,14.2,-0.6782588362693787,0.40629093426786217
UBFC_PHYS_s17_T3_ctrl,12,67,14.233333333333333,-0.6048769950866699,0.3731769253672212
UBFC_PHYS_s17_T3_ctrl,12,68,14.266666666666667,-0.3588857352733612,0.344433504403355
UBFC_PHYS_s17_T3_ctrl,12,69,14.3,-0.10554341226816177,0.32360904996881557
UBFC_PHYS_s17_T3_ctrl,12,70,14.333333333333334,0.06817804276943207,0.308702950685739
UBFC_PHYS_s17_T3_ctrl,12,71,14.366666666666667,0.1923149675130844,0.29383882592037147
UBFC_PHYS_s17_T3_ctrl,12,72,14.4,0.26981714367866516,0.27190473543371246
UBFC_PHYS_s17_T3_ctrl,12,73,14.433333333333334,0.2740779519081116,0.23743354988100898
UBFC_PHYS_s17_T3_ctrl,12,74,14.466666666666667,0.2571517825126648,0.18895626450371636
UBFC_PHYS_s17_T3_ctrl,12,75,14.5,0.2952063977718353,0.13008915247422928
UBFC_PHYS_s17_T3_ctrl,12,76,14.533333333333333,0.36045289039611816,0.06890510494350406
UBFC_PHYS_s17_T3_ctrl,12,77,14.566666666666666,0.3771098256111145,0.01563461864272148
UBFC_PHYS_s17_T3_ctrl,12,78,14.6,0.35132259130477905,-0.020726975458756
UBFC_PHYS_s17_T3_ctrl,12,79,14.633333333333333,0.32274943590164185,-0.03587429690068694
UBFC_PHYS_s17_T3_ctrl,12,80,14.666666666666666,0.27600935101509094,-0.03244262535380427
UBFC_PHYS_s17_T3_ctrl,12,81,14.7,0.1860993355512619,-0.02001479928304141
UBFC_PHYS_s17_T3_ctrl,12,82,14.733333333333333,0.09057068079710007,-0.012638865819769533
UBFC_PHYS_s17_T3_ctrl,12,83,14.766666666666667,0.033143457025289536,-0.02473677789794559
UBFC_PHYS_s17_T3_ctrl,12,84,14.8,-0.01620696857571602,-0.06714982889876421
UBFC_PHYS_s17_T3_ctrl,12,85,14.833333333333334,-0.11085771024227142,-0.1448661865212915
UBFC_PHYS_s17_T3_ctrl,12,86,14.866666666666667,-0.25935378670692444,-0.25660915176086774
UBFC_PHYS_s17_T3_ctrl,12,87,14.9,-0.4047713279724121,-0.39519878992354757
UBFC_PHYS_s17_T3_ctrl,12,88,14.933333333333334,-0.42778435349464417,-0.5476182427028582
UBFC_PHYS_s17_T3_ctrl,12,89,14.966666666666667,-0.24075374007225037,-0.6947042698138917
UBFC_PHYS_s17_T3_ctrl,12,90,15.0,0.07730834186077118,-0.811368724553421
UBFC_PHYS_s17_T3_ctrl,12,91,15.033333333333333,0.3328864276409149,-0.8687039822671513
UBFC_PHYS_s17_T3_ctrl,12,92,15.066666666666666,0.4591069221496582,-0.8390007433933149
UBFC_PHYS_s17_T3_ctrl,12,93,15.1,0.5292580127716064,-0.7034645378577626
UBFC_PHYS_s17_T3_ctrl,12,94,15.133333333333333,0.5823190808296204,-0.46059280325952656
UBFC_PHYS_s17_T3_ctrl,12,95,15.166666666666666,0.5865564942359924,-0.13182498698261919
UBFC_PHYS_s17_T3_ctrl,12,96,15.2,0.5370538830757141,0.23877063196350815
UBFC_PHYS_s17_T3_ctrl,12,97,15.233333333333333,0.47622036933898926,0.5921608743549063
UBFC_PHYS_s17_T3_ctrl,12,98,15.266666666666667,0.4612373113632202,0.8678608339531837
UBFC_PHYS_s17_T3_ctrl,12,99,15.3,0.556087076663971,1.0191398277808703
UBFC_PHYS_s17_T3_ctrl,12,100,15.333333333333334,0.7695136070251465,1.0246817011514648
UBFC_PHYS_s17_T3_ctrl,12,101,15.366666666666667,0.9999833703041077,0.8927365457985228
UBFC_PHYS_s17_T3_ctrl,12,102,15.4,1.094774603843689,0.6570099523150346
UBFC_PHYS_s17_T3_ctrl,12,103,15.433333333333334,0.9848832488059998,0.36676378484824707
UBFC_PHYS_s17_T3_ctrl,12,104,15.466666666666667,0.7427664995193481,0.07503781300025815
UBFC_PHYS_s17_T3_ctrl,12,105,15.5,0.47412508726119995,-0.171630373980915
UBFC_PHYS_s17_T3_ctrl,12,106,15.533333333333333,0.1916477531194687,-0.34019196338312463
UBFC_PHYS_s17_T3_ctrl,12,107,15.566666666666666,-0.13220855593681335,-0.41451040958405244
UBFC_PHYS_s17_T3_ctrl,12,108,15.6,-0.4513358473777771,-0.3957266822865766
UBFC_PHYS_s17_T3_ctrl,12,109,15.633333333333333,-0.659928023815155,-0.3001912297502122
UBFC_PHYS_s17_T3_ctrl,12,110,15.666666666666666,-0.6668108701705933,-0.1555110635722041
UBFC_PHYS_s17_T3_ctrl,12,111,15.7,-0.481009304523468,0.004747661463562428
UBFC_PHYS_s17_T3_ctrl,12,112,15.733333333333333,-0.23762837052345276,0.14702995729254476
UBFC_PHYS_s17_T3_ctrl,12,113,15.766666666666667,-0.06748880445957184,0.24351988761030022
UBFC_PHYS_s17_T3_ctrl,12,114,15.8,0.021929578855633736,0.2765459594720961
UBFC_PHYS_s17_T3_ctrl,12,115,15.833333333333334,0.05061978101730347,0.24084074976963274
UBFC_PHYS_s17_T3_ctrl,12,116,15.866666666666667,0.0073328097350895405,0.14356630397942424
UBFC_PHYS_s17_T3_ctrl,12,117,15.9,-0.06066448986530304,0.00266407472885336
UBFC_PHYS_s17_T3_ctrl,12,118,15.933333333333334,-0.0732947364449501,-0.15586398818087277
UBFC_PHYS_s17_T3_ctrl,12,119,15.966666666666667,-0.03421004116535187,-0.30149119728899637
UBFC_PHYS_s17_T3_ctrl,12,120,16.0,-0.00012359934044070542,-0.4035272393742455
UBFC_PHYS_s17_T3_ctrl,12,121,16.033333333333335,0.020770734176039696,-0.43620664941343523
UBFC_PHYS_s17_T3_ctrl,12,122,16.066666666666666,0.04113831743597984,-0.3839805075400996
UBFC_PHYS_s17_T3_ctrl,12,123,16.1,0.03544944152235985,-0.2460719824041785
UBFC_PHYS_s17_T3_ctrl,12,124,16.133333333333333,-0.018021322786808014,-0.03918660929401018
UBFC_PHYS_s17_T3_ctrl,12,125,16.166666666666668,-0.09265564382076263,0.20285105255183808
UBFC_PHYS_s17_T3_ctrl,12,126,16.2,-0.15396909415721893,0.43379387203714787
UBFC_PHYS_s17_T3_ctrl,12,127,16.233333333333334,-0.22189617156982422,0.6044061427470191
UBFC_PHYS_s17_T3_ctrl,12,128,16.266666666666666,-0.3406134247779846,0.6749588167118259
UBFC_PHYS_s17_T3_ctrl,12,129,16.3,-0.49646058678627014,0.6269941923346876
UBFC_PHYS_s17_T3_ctrl,12,130,16.333333333333332,-0.6201058626174927,0.4699607321785723
UBFC_PHYS_s17_T3_ctrl,12,131,16.366666666666667,-0.6372427344322205,0.23974177192793
UBFC_PHYS_s17_T3_ctrl,12,132,16.4,-0.5354399085044861,-0.010995145239243097
UBFC_PHYS_s17_T3_ctrl,12,133,16.433333333333334,-0.39633166790008545,-0.22765821162517424
UBFC_PHYS_s17_T3_ctrl,12,134,16.466666666666665,-0.29794687032699585,-0.36899851310334625
UBFC_PHYS_s17_T3_ctrl,12,135,16.5,-0.22381587326526642,-0.41795699241397516
UBFC_PHYS_s17_T3_ctrl,12,136,16.533333333333335,-0.14625516533851624,-0.38487610555317925
UBFC_PHYS_s17_T3_ctrl,12,137,16.566666666666666,-0.10707683116197586,-0.3023647989450379
UBFC_PHYS_s17_T3_ctrl,12,138,16.6,-0.13405802845954895,-0.2136395124168986
UBFC_PHYS_s17_T3_ctrl,12,139,16.633333333333333,-0.18704886734485626,-0.15816718172506725
UBFC_PHYS_s17_T3_ctrl,12,140,16.666666666666668,-0.2087157666683197,-0.1594054062577642
UBFC_PHYS_s17_T3_ctrl,12,141,16.7,-0.18381814658641815,-0.21871551692963437
UBFC_PHYS_s17_T3_ctrl,12,142,16.733333333333334,-0.1443471759557724,-0.31704425685372994
UBFC_PHYS_s17_T3_ctrl,12,143,16.766666666666666,-0.138517826795578,-0.4228628565858399
UBFC_PHYS_s17_T3_ctrl,12,144,16.8,-0.18982307612895966,-0.5026591494547479
UBFC_PHYS_s17_T3_ctrl,12,145,16.833333333333332,-0.2734472155570984,-0.5300056169613091
UBFC_PHYS_s17_T3_ctrl,12,146,16.866666666666667,-0.34777721762657166,-0.49082211708219514
UBFC_PHYS_s17_T3_ctrl,12,147,16.9,-0.40340179204940796,-0.3846279004585073
UBFC_PHYS_s17_T3_ctrl,12,148,16.933333333333334,-0.4772869646549225,-0.22294740985025213
UBFC_PHYS_s17_T3_ctrl,12,149,16.966666666666665,-0.608283281326294,-0.026233740094294484
UBFC_PHYS_s17_T3_ctrl,12,150,17.0,-0.744242787361145,0.17983805607129894
UBFC_PHYS_s17_T3_ctrl,12,151,17.033333333333335,-0.7336609959602356,0.3683045433468842
UBFC_PHYS_s17_T3_ctrl,12,152,17.066666666666666,-0.525665819644928,0.5146638388298626
UBFC_PHYS_s17_T3_ctrl,12,153,17.1,-0.2409878522157669,0.6000504879146077
UBFC_PHYS_s17_T3_ctrl,12,154,17.133333333333333,-0.009148546494543552,0.6138802322283472
UBFC_PHYS_s17_T3_ctrl,12,155,17.166666666666668,0.15245771408081055,0.5562376739102779
UBFC_PHYS_s17_T3_ctrl,12,156,17.2,0.2670780420303345,0.4396979195405848
UBFC_PHYS_s17_T3_ctrl,12,157,17.233333333333334,0.3286256194114685,0.28935162824989913
UBFC_PHYS_s17_T3_ctrl,12,158,17.266666666666666,0.33940640091896057,0.13951011450861883
UBFC_PHYS_s17_T3_ctrl,12,159,17.3,0.34187623858451843,0.026565590739950868
UBFC_PHYS_s17_T3_ctrl,12,160,17.333333333333332,0.36151808500289917,-0.020480430256520216
UBFC_PHYS_s17_T3_ctrl,12,161,17.366666666666667,0.3768874406814575,0.011341980253469695
UBFC_PHYS_s17_T3_ctrl,12,162,17.4,0.36895108222961426,0.11433416512170515
UBFC_PHYS_s17_T3_ctrl,12,163,17.433333333333334,0.3425317704677582,0.2612757779796331
UBFC_PHYS_s17_T3_ctrl,12,164,17.466666666666665,0.282166451215744,0.4122563944614461
UBFC_PHYS_s17_T3_ctrl,12,165,17.5,0.16773340106010437,0.5253231434066443
UBFC_PHYS_s17_T3_ctrl,12,166,17.533333333333335,0.03551967442035675,0.567810765787934
UBFC_PHYS_s17_T3_ctrl,12,167,17.566666666666666,-0.06459753960371017,0.5248697429443393
UBFC_PHYS_s17_T3_ctrl,12,168,17.6,-0.15263468027114868,0.4025074734808052
UBFC_PHYS_s17_T3_ctrl,12,169,17.633333333333333,-0.28176984190940857,0.22426280168754434
UBFC_PHYS_s17_T3_ctrl,12,170,17.666666666666668,-0.4583357274532318,0.022891785015921907
UBFC_PHYS_s17_T3_ctrl,12,171,17.7,-0.6030392646789551,-0.16974068130395398
UBFC_PHYS_s17_T3_ctrl,12,172,17.733333333333334,-0.5881966352462769,-0.3308256853180381
UBFC_PHYS_s17_T3_ctrl,12,173,17.766666666666666,-0.37739214301109314,-0.4501772957464574
UBFC_PHYS_s17_T3_ctrl,12,174,17.8,-0.11017879098653793,-0.5288291026897519
UBFC_PHYS_s17_T3_ctrl,12,175,17.833333333333332,0.08187349140644073,-0.574484904264701
UBFC_PHYS_s17_T3_ctrl,12,176,17.866666666666667,0.2042311728000641,-0.5965681504539246
UBFC_PHYS_s17_T3_ctrl,12,177,17.9,0.2885693609714508,-0.6030567651207348
UBFC_PHYS_s17_T3_ctrl,12,178,17.933333333333334,0.3237561285495758,-0.5998040417306617
UBFC_PHYS_s17_T3_ctrl,12,179,17.966666666666665,0.32451698184013367,-0.5914588016687414
UBFC_PHYS_s17_T3_ctrl,12,180,18.0,0.33330783247947693,-0.5822267293539638
UBFC_PHYS_s17_T3_ctrl,12,181,18.033333333333335,0.3512289524078369,-0.5751031162986571
UBFC_PHYS_s17_T3_ctrl,12,182,18.066666666666666,0.35128748416900635,-0.5696513596199761
UBFC_PHYS_s17_T3_ctrl,12,183,18.1,0.3342910706996918,-0.559736956806759
UBFC_PHYS_s17_T3_ctrl,12,184,18.133333333333333,0.31496527791023254,-0.5328591809096556
UBFC_PHYS_s17_T3_ctrl,12,185,18.166666666666668,0.27466320991516113,-0.47208080193535346
UBFC_PHYS_s17_T3_ctrl,12,186,18.2,0.17640717327594757,-0.3606888265748397
UBFC_PHYS_s17_T3_ctrl,12,187,18.233333333333334,0.03344779834151268,-0.18876653865553408
UBFC_PHYS_s17_T3_ctrl,12,188,18.266666666666666,-0.08771592378616333,0.040186906647808995
UBFC_PHYS_s17_T3_ctrl,12,189,18.3,-0.1617649644613266,0.305292781389865
UBFC_PHYS_s17_T3_ctrl,12,190,18.333333333333332,-0.2466416209936142,0.5697138003542416
UBFC_PHYS_s17_T3_ctrl,12,191,18.366666666666667,-0.40474793314933777,0.7886600002843915
UBFC_PHYS_s17_T3_ctrl,12,192,18.4,-0.6047950387001038,0.9221943146143313
UBFC_PHYS_s17_T3_ctrl,12,193,18.433333333333334,-0.7203167080879211,0.9482406257792352
UBFC_PHYS_s17_T3_ctrl,12,194,18.466666666666665,-0.6473914384841919,0.8704135775793193
UBFC_PHYS_s17_T3_ctrl,12,195,18.5,-0.41502535343170166,0.7171608544831212
UBFC_PHYS_s17_T3_ctrl,12,196,18.533333333333335,-0.15787874162197113,0.5324249861303809
UBFC_PHYS_s17_T3_ctrl,12,197,18.566666666666666,0.02933916635811329,0.36160104751078215
UBFC_PHYS_s17_T3_ctrl,12,198,18.6,0.14880558848381042,0.23816205938634566
UBFC_PHYS_s17_T3_ctrl,12,199,18.633333333333333,0.21347852051258087,0.17555961007686857
UBFC_PHYS_s17_T3_ctrl,12,200,18.666666666666668,0.21080966293811798,0.1665953843670764
UBFC_PHYS_s17_T3_ctrl,12,201,18.7,0.16214987635612488,0.18955444610916805
UBFC_PHYS_s17_T3_ctrl,12,202,18.733333333333334,0.1365850418806076,0.21809217946489284
UBFC_PHYS_s17_T3_ctrl,12,203,18.766666666666666,0.15739743411540985,0.23081084833915375
UBFC_PHYS_s17_T3_ctrl,12,204,18.8,0.15575866401195526,0.21690871193865466
UBFC_PHYS_s17_T3_ctrl,12,205,18.833333333333332,0.08585336059331894,0.1762599022752432
UBFC_PHYS_s17_T3_ctrl,12,206,18.866666666666667,-0.010892667807638645,0.11512732100197098
UBFC_PHYS_s17_T3_ctrl,12,207,18.9,-0.09715056419372559,0.04081680817618036
UBFC_PHYS_s17_T3_ctrl,12,208,18.933333333333334,-0.19205883145332336,-0.041413673606371916
UBFC_PHYS_s17_T3_ctrl,12,209,18.966666666666665,-0.3020437955856323,-0.1279463662412645
UBFC_PHYS_s17_T3_ctrl,12,210,19.0,-0.4050171375274658,-0.21442729546421985
UBFC_PHYS_s17_T3_ctrl,12,211,19.033333333333335,-0.5056962370872498,-0.2942310113574907
UBFC_PHYS_s17_T3_ctrl,12,212,19.066666666666666,-0.612719714641571,-0.3593307405905219
UBFC_PHYS_s17_T3_ctrl,12,213,19.1,-0.6945528984069824,-0.40302709109673435
UBFC_PHYS_s17_T3_ctrl,12,214,19.133333333333333,-0.7090794444084167,-0.42303112831418344
UBFC_PHYS_s17_T3_ctrl,12,215,19.166666666666668,-0.6020793914794922,-0.42354340812441177
UBFC_PHYS_s17_T3_ctrl,12,216,19.2,-0.3075336813926697,-0.4153585772555886
UBFC_PHYS_s17_T3_ctrl,12,217,19.233333333333334,0.14168864488601685,-0.4135529091928458
UBFC_PHYS_s17_T3_ctrl,12,218,19.266666666666666,0.5664229989051819,-0.43311741031056067
UBFC_PHYS_s17_T3_ctrl,12,219,19.3,0.8224459290504456,-0.48369588255030815
UBFC_PHYS_s17_T3_ctrl,12,220,19.333333333333332,0.9227972626686096,-0.5649871205697694
UBFC_PHYS_s17_T3_ctrl,12,221,19.366666666666667,0.9116418957710266,-0.6642614867790193
UBFC_PHYS_s17_T3_ctrl,12,222,19.4,0.8033074140548706,-0.7569316996805954
UBFC_PHYS_s17_T3_ctrl,12,223,19.433333333333334,0.6587443947792053,-0.8104187635650532
UBFC_PHYS_s17_T3_ctrl,12,224,19.466666666666665,0.5851401090621948,-0.790866138773131
UBFC_PHYS_s17_T3_ctrl,12,225,19.5,0.6209121942520142,-0.6716763946384618
UBFC_PHYS_s17_T3_ctrl,12,226,19.533333333333335,0.6946920156478882,-0.44230005984925475
UBFC_PHYS_s17_T3_ctrl,12,227,19.566666666666666,0.7318101525306702,-0.11495499381896096
UBFC_PHYS_s17_T3_ctrl,12,228,19.6,0.7191681861877441,0.2737067577216979
UBFC_PHYS_s17_T3_ctrl,12,229,19.633333333333333,0.636457085609436,0.6682724001513717
UBFC_PHYS_s17_T3_ctrl,12,230,19.666666666666668,0.45990288257598877,1.00718721784613
UBFC_PHYS_s17_T3_ctrl,12,231,19.7,0.23498155176639557,1.2386811108667426
UBFC_PHYS_s17_T3_ctrl,12,232,19.733333333333334,0.025804102420806885,1.3345561551539196
UBFC_PHYS_s17_T3_ctrl,12,233,19.766666666666666,-0.16971300542354584,1.2968360104360308
UBFC_PHYS_s17_T3_ctrl,12,234,19.8,-0.38879331946372986,1.154753071088097
UBFC_PHYS_s17_T3_ctrl,12,235,19.833333333333332,-0.6518863439559937,0.9531884070789195
UBFC_PHYS_s17_T3_ctrl,12,236,19.866666666666667,-0.922529399394989,0.7370695953789479
UBFC_PHYS_s17_T3_ctrl,12,237,19.9,-1.0670338869094849,0.5376534907334314
UBFC_PHYS_s17_T3_ctrl,12,238,19.933333333333334,-0.9614619016647339,0.36531306381400147
UBFC_PHYS_s17_T3_ctrl,12,239,19.966666666666665,-0.6446523070335388,0.2105854306743198
UBFC_PHYS_s17_T3_ctrl,13,0,13.0,0.22637799382209778,-0.010878768550618782
UBFC_PHYS_s17_T3_ctrl,13,1,13.033333333333333,0.22947995364665985,0.17785204329761262
UBFC_PHYS_s17_T3_ctrl,13,2,13.066666666666666,0.25234082341194153,0.3514502642062059
UBFC_PHYS_s17_T3_ctrl,13,3,13.1,0.31936654448509216,0.49660884225088825
UBFC_PHYS_s17_T3_ctrl,13,4,13.133333333333333,0.3846833109855652,0.6043225869928401
UBFC_PHYS_s17_T3_ctrl,13,5,13.166666666666666,0.39991214871406555,0.6714824320579283
UBFC_PHYS_s17_T3_ctrl,13,6,13.2,0.3587673008441925,0.7009999192144764
UBFC_PHYS_s17_T3_ctrl,13,7,13.233333333333333,0.26644596457481384,0.7000988998853954
UBFC_PHYS_s17_T3_ctrl,13,8,13.266666666666667,0.1333894282579422,0.677298891542293
UBFC_PHYS_s17_T3_ctrl,13,9,13.3,0.005389695521444082,0.6393230997664635
UBFC_PHYS_s17_T3_ctrl,13,10,13.333333333333334,-0.07732143253087997,0.5892966019619187
UBFC_PHYS_s17_T3_ctrl,13,11,13.366666666666667,-0.13655130565166473,0.526951350883562
UBFC_PHYS_s17_T3_ctrl,13,12,13.4,-0.23322710394859314,0.45040241365528455
UBFC_PHYS_s17_T3_ctrl,13,13,13.433333333333334,-0.40095534920692444,0.3582874718105523
UBFC_PHYS_s17_T3_ctrl,13,14,13.466666666666667,-0.6003469824790955,0.2512567938604385
UBFC_PHYS_s17_T3_ctrl,13,15,13.5,-0.712989091873169,0.1324706895035333
UBFC_PHYS_s17_T3_ctrl,13,16,13.533333333333333,-0.6217212080955505,0.007203395944680791
UBFC_PHYS_s17_T3_ctrl,13,17,13.566666666666666,-0.3658154010772705,-0.11811698889873472
UBFC_PHYS_s17_T3_ctrl,13,18,13.6,-0.0918128490447998,-0.23689488574078735
UBFC_PHYS_s17_T3_ctrl,13,19,13.633333333333333,0.1012226939201355,-0.34291239545882923
UBFC_PHYS_s17_T3_ctrl,13,20,13.666666666666666,0.21279960870742798,-0.43045392991759573
UBFC_PHYS_s17_T3_ctrl,13,21,13.7,0.2598089277744293,-0.4944322599875603
UBFC_PHYS_s17_T3_ctrl,13,22,13.733333333333333,0.24708503484725952,-0.5308006975457752
UBFC_PHYS_s17_T3_ctrl,13,23,13.766666666666667,0.21192169189453125,-0.5371414998040815
UBFC_PHYS_s17_T3_ctrl,13,24,13.8,0.2068532109260559,-0.5131501581761315
UBFC_PHYS_s17_T3_ctrl,13,25,13.833333333333334,0.23293307423591614,-0.4608602657687409
UBFC_PHYS_s17_T3_ctrl,13,26,13.866666666666667,0.2555832266807556,-0.3846648520799744
UBFC_PHYS_s17_T3_ctrl,13,27,13.9,0.26107311248779297,-0.29124422150935814
UBFC_PHYS_s17_T3_ctrl,13,28,13.933333333333334,0.25023382902145386,-0.18933528774284086
UBFC_PHYS_s17_T3_ctrl,13,29,13.966666666666667,0.20766088366508484,-0.08910270758529198
UBFC_PHYS_s17_T3_ctrl,13,30,14.0,0.12137958407402039,-0.0009349711619770079
UBFC_PHYS_s17_T3_ctrl,13,31,14.033333333333333,0.01683768257498741,0.06626446273295722
UBFC_PHYS_s17_T3_ctrl,13,32,14.066666666666666,-0.07571777701377869,0.10696114327204179
UBFC_PHYS_s17_T3_ctrl,13,33,14.1,-0.18100883066654205,0.12051944490892558
UBFC_PHYS_s17_T3_ctrl,13,34,14.133333333333333,-0.3460448086261749,0.11177059148463397
UBFC_PHYS_s17_T3_ctrl,13,35,14.166666666666666,-0.5515701174736023,0.0901864200416609
UBFC_PHYS_s17_T3_ctrl,13,36,14.2,-0.6782588362693787,0.0676880281490446
UBFC_PHYS_s17_T3_ctrl,13,37,14.233333333333333,-0.6048769950866699,0.05565231780326459
UBFC_PHYS_s17_T3_ctrl,13,38,14.266666666666667,-0.3588857352733612,0.06199406065821623
UBFC_PHYS_s17_T3_ctrl,13,39,14.3,-0.10554341226816177,0.08913143602718958
UBFC_PHYS_s17_T3_ctrl,13,40,14.333333333333334,0.06817804276943207,0.13326654459211335
UBFC_PHYS_s17_T3_ctrl,13,41,14.366666666666667,0.1923149675130844,0.18508090408949263
UBFC_PHYS_s17_T3_ctrl,13,42,14.4,0.26981714367866516,0.2318567435183824
UBFC_PHYS_s17_T3_ctrl,13,43,14.433333333333334,0.2740779519081116,0.26088195681830595
UBFC_PHYS_s17_T3_ctrl,13,44,14.466666666666667,0.2571517825126648,0.26348607545439756
UBFC_PHYS_s17_T3_ctrl,13,45,14.5,0.2952063977718353,0.23842061564393552
UBFC_PHYS_s17_T3_ctrl,13,46,14.533333333333333,0.36045289039611816,0.19305163432162545
UBFC_PHYS_s17_T3_ctrl,13,47,14.566666666666666,0.3771098256111145,0.14137704242962143
UBFC_PHYS_s17_T3_ctrl,13,48,14.6,0.35132259130477905,0.09917583340189808
UBFC_PHYS_s17_T3_ctrl,13,49,14.633333333333333,0.32274943590164185,0.07797226833406082
UBFC_PHYS_s17_T3_ctrl,13,50,14.666666666666666,0.27600935101509094,0.08018234863076427
UBFC_PHYS_s17_T3_ctrl,13,51,14.7,0.1860993355512619,0.09749825145600792
UBFC_PHYS_s17_T3_ctrl,13,52,14.733333333333333,0.09057068079710007,0.11335782782564235
UBFC_PHYS_s17_T3_ctrl,13,53,14.766666666666667,0.033143457025289536,0.10857837852836003
UBFC_PHYS_s17_T3_ctrl,13,54,14.8,-0.01620696857571602,0.06766245404303405
UBFC_PHYS_s17_T3_ctrl,13,55,14.833333333333334,-0.11085771024227142,-0.016898306154574275
UBFC_PHYS_s17_T3_ctrl,13,56,14.866666666666667,-0.25935378670692444,-0.1434141344569043
UBFC_PHYS_s17_T3_ctrl,13,57,14.9,-0.4047713279724121,-0.30205702247035987
UBFC_PHYS_s17_T3_ctrl,13,58,14.933333333333334,-0.42778435349464417,-0.47663886789663257
UBFC_PHYS_s17_T3_ctrl,13,59,14.966666666666667,-0.24075374007225037,-0.6459563372107876
UBFC_PHYS_s17_T3_ctrl,13,60,15.0,0.07730834186077118,-0.7843975056068286
UBFC_PHYS_s17_T3_ctrl,13,61,15.033333333333333,0.3328864276409149,-0.8627107223507936
UBFC_PHYS_s17_T3_ctrl,13,62,15.066666666666666,0.4591069221496582,-0.8509912089721534
UBFC_PHYS_s17_T3_ctrl,13,63,15.1,0.5292580127716064,-0.725538828430957
UBFC_PHYS_s17_T3_ctrl,13,64,15.133333333333333,0.5823190808296204,-0.47863582810811983
UBFC_PHYS_s17_T3_ctrl,13,65,15.166666666666666,0.5865564942359924,-0.12737257968055454
UBFC_PHYS_s17_T3_ctrl,13,66,15.2,0.5370538830757141,0.2832430049047381
UBFC_PHYS_s17_T3_ctrl,13,67,15.233333333333333,0.47622036933898926,0.6860080994033401
UBFC_PHYS_s17_T3_ctrl,13,68,15.266666666666667,0.4612373113632202,1.0058731420043747
UBFC_PHYS_s17_T3_ctrl,13,69,15.3,0.556087076663971,1.1790604946935124
UBFC_PHYS_s17_T3_ctrl,13,70,15.333333333333334,0.7695136070251465,1.1706432327819236
UBFC_PHYS_s17_T3_ctrl,13,71,15.366666666666667,0.9999833703041077,0.9843355172018948
UBFC_PHYS_s17_T3_ctrl,13,72,15.4,1.094774603843689,0.6611207968519958
UBFC_PHYS_s17_T3_ctrl,13,73,15.433333333333334,0.9848832488059998,0.2677213213867202
UBFC_PHYS_s17_T3_ctrl,13,74,15.466666666666667,0.7427664995193481,-0.12035309572135608
UBFC_PHYS_s17_T3_ctrl,13,75,15.5,0.47412508726119995,-0.4352847592699937
UBFC_PHYS_s17_T3_ctrl,13,76,15.533333333333333,0.1916477531194687,-0.6289067018894876
UBFC_PHYS_s17_T3_ctrl,13,77,15.566666666666666,-0.13220855593681335,-0.6790318442536485
UBFC_PHYS_s17_T3_ctrl,13,78,15.6,-0.4513358473777771,-0.5908767913753514
UBFC_PHYS_s17_T3_ctrl,13,79,15.633333333333333,-0.659928023815155,-0.3945485568297149
UBFC_PHYS_s17_T3_ctrl,13,80,15.666666666666666,-0.6668108701705933,-0.13901312353695017
UBFC_PHYS_s17_T3_ctrl,13,81,15.7,-0.481009304523468,0.1172737460547273
UBFC_PHYS_s17_T3_ctrl,13,82,15.733333333333333,-0.23762837052345276,0.3181662571971521
UBFC_PHYS_s17_T3_ctrl,13,83,15.766666666666667,-0.06748880445957184,0.42180634011946194
UBFC_PHYS_s17_T3_ctrl,13,84,15.8,0.021929578855633736,0.4095716091920855
UBFC_PHYS_s17_T3_ctrl,13,85,15.833333333333334,0.05061978101730347,0.2892578478565434
UBFC_PHYS_s17_T3_ctrl,13,86,15.866666666666667,0.0073328097350895405,0.09181014342118166
UBFC_PHYS_s17_T3_ctrl,13,87,15.9,-0.06066448986530304,-0.136802601147838
UBFC_PHYS_s17_T3_ctrl,13,88,15.933333333333334,-0.0732947364449501,-0.3458934598928957
UBFC_PHYS_s17_T3_ctrl,13,89,15.966666666666667,-0.03421004116535187,-0.49006715049654653
UBFC_PHYS_s17_T3_ctrl,13,90,16.0,-0.00012359934044070542,-0.5372512757003508
UBFC_PHYS_s17_T3_ctrl,13,91,16.033333333333335,0.020770734176039696,-0.4738381223500988
UBFC_PHYS_s17_T3_ctrl,13,92,16.066666666666666,0.04113831743597984,-0.30654151003991614
UBFC_PHYS_s17_T3_ctrl,13,93,16.1,0.03544944152235985,-0.06108625931464586
UBFC_PHYS_s17_T3_ctrl,13,94,16.133333333333333,-0.018021322786808014,0.22155760190232132
UBFC_PHYS_s17_T3_ctrl,13,95,16.166666666666668,-0.09265564382076263,0.4906626930440587
UBFC_PHYS_s17_T3_ctrl,13,96,16.2,-0.15396909415721893,0.692994223226997
UBFC_PHYS_s17_T3_ctrl,13,97,16.233333333333334,-0.22189617156982422,0.7822109775643777
UBFC_PHYS_s17_T3_ctrl,13,98,16.266666666666666,-0.3406134247779846,0.7296818235050716
UBFC_PHYS_s17_T3_ctrl,13,99,16.3,-0.49646058678627014,0.5340652825229688
UBFC_PHYS_s17_T3_ctrl,13,100,16.333333333333332,-0.6201058626174927,0.22582603882920738
UBFC_PHYS_s17_T3_ctrl,13,101,16.366666666666667,-0.6372427344322205,-0.1364309379236722
UBFC_PHYS_s17_T3_ctrl,13,102,16.4,-0.5354399085044861,-0.47827412830598903
UBFC_PHYS_s17_T3_ctrl,13,103,16.433333333333334,-0.39633166790008545,-0.7275926755920593
UBFC_PHYS_s17_T3_ctrl,13,104,16.466666666666665,-0.29794687032699585,-0.8334676948334391
UBFC_PHYS_s17_T3_ctrl,13,105,16.5,-0.22381587326526642,-0.7800621930517615
UBFC_PHYS_s17_T3_ctrl,13,106,16.533333333333335,-0.14625516533851624,-0.5909921901342087
UBFC_PHYS_s17_T3_ctrl,13,107,16.566666666666666,-0.10707683116197586,-0.32238042402588796
UBFC_PHYS_s17_T3_ctrl,13,108,16.6,-0.13405802845954895,-0.046441393815956876
UBFC_PHYS_s17_T3_ctrl,13,109,16.633333333333333,-0.18704886734485626,0.16927461474142272
UBFC_PHYS_s17_T3_ctrl,13,110,16.666666666666668,-0.2087157666683197,0.28028020759933686
UBFC_PHYS_s17_T3_ctrl,13,111,16.7,-0.18381814658641815,0.2754007278007398
UBFC_PHYS_s17_T3_ctrl,13,112,16.733333333333334,-0.1443471759557724,0.1762271700099637
UBFC_PHYS_s17_T3_ctrl,13,113,16.766666666666666,-0.138517826795578,0.02706004522089431
UBFC_PHYS_s17_T3_ctrl,13,114,16.8,-0.18982307612895966,-0.12035281694246887
UBFC_PHYS_s17_T3_ctrl,13,115,16.833333333333332,-0.2734472155570984,-0.22188918489395895
UBFC_PHYS_s17_T3_ctrl,13,116,16.866666666666667,-0.34777721762657166,-0.25149425837914147
UBFC_PHYS_s17_T3_ctrl,13,117,16.9,-0.40340179204940796,-0.20487348084373694
UBFC_PHYS_s17_T3_ctrl,13,118,16.933333333333334,-0.4772869646549225,-0.09690608201363117
UBFC_PHYS_s17_T3_ctrl,13,119,16.966666666666665,-0.608283281326294,0.0450047101478958
UBFC_PHYS_s17_T3_ctrl,13,120,17.0,-0.744242787361145,0.18902060535973142
UBFC_PHYS_s17_T3_ctrl,13,121,17.033333333333335,-0.7336609959602356,0.306217441419486
UBFC_PHYS_s17_T3_ctrl,13,122,17.066666666666666,-0.525665819644928,0.37568404856139476
UBFC_PHYS_s17_T3_ctrl,13,123,17.1,-0.2409878522157669,0.38678673540014913
UBFC_PHYS_s17_T3_ctrl,13,124,17.133333333333333,-0.009148546494543552,0.3392006569383873
UBFC_PHYS_s17_T3_ctrl,13,125,17.166666666666668,0.15245771408081055,0.24200205679611367
UBFC_PHYS_s17_T3_ctrl,13,126,17.2,0.2670780420303345,0.1127023082601816
UBFC_PHYS_s17_T3_ctrl,13,127,17.233333333333334,0.3286256194114685,-0.024020421812666667
UBFC_PHYS_s17_T3_ctrl,13,128,17.266666666666666,0.33940640091896057,-0.13901931850934232
UBFC_PHYS_s17_T3_ctrl,13,129,17.3,0.34187623858451843,-0.2037283787058358
UBFC_PHYS_s17_T3_ctrl,13,130,17.333333333333332,0.36151808500289917,-0.19708839295609926
UBFC_PHYS_s17_T3_ctrl,13,131,17.366666666666667,0.3768874406814575,-0.1122931480881089
UBFC_PHYS_s17_T3_ctrl,13,132,17.4,0.36895108222961426,0.03929632922447161
UBFC_PHYS_s17_T3_ctrl,13,133,17.433333333333334,0.3425317704677582,0.22900869309762167
UBFC_PHYS_s17_T3_ctrl,13,134,17.466666666666665,0.282166451215744,0.41681049839189666
UBFC_PHYS_s17_T3_ctrl,13,135,17.5,0.16773340106010437,0.5609108196790913
UBFC_PHYS_s17_T3_ctrl,13,136,17.533333333333335,0.03551967442035675,0.6283714049677319
UBFC_PHYS_s17_T3_ctrl,13,137,17.566666666666666,-0.06459753960371017,0.6035773344411032
UBFC_PHYS_s17_T3_ctrl,13,138,17.6,-0.15263468027114868,0.49172935440193033
UBFC_PHYS_s17_T3_ctrl,13,139,17.633333333333333,-0.28176984190940857,0.3159550590020772
UBFC_PHYS_s17_T3_ctrl,13,140,17.666666666666668,-0.4583357274532318,0.10907158416721936
UBFC_PHYS_s17_T3_ctrl,13,141,17.7,-0.6030392646789551,-0.09672026603423113
UBFC_PHYS_s17_T3_ctrl,13,142,17.733333333333334,-0.5881966352462769,-0.2781753199225477
UBFC_PHYS_s17_T3_ctrl,13,143,17.766666666666666,-0.37739214301109314,-0.4244711103020289
UBFC_PHYS_s17_T3_ctrl,13,144,17.8,-0.11017879098653793,-0.5353300566237597
UBFC_PHYS_s17_T3_ctrl,13,145,17.833333333333332,0.08187349140644073,-0.6157451577992163
UBFC_PHYS_s17_T3_ctrl,13,146,17.866666666666667,0.2042311728000641,-0.6704371640010339
UBFC_PHYS_s17_T3_ctrl,13,147,17.9,0.2885693609714508,-0.700738126984018
UBFC_PHYS_s17_T3_ctrl,13,148,17.933333333333334,0.3237561285495758,-0.704953756857051
UBFC_PHYS_s17_T3_ctrl,13,149,17.966666666666665,0.32451698184013367,-0.6812685023573187
UBFC_PHYS_s17_T3_ctrl,13,150,18.0,0.33330783247947693,-0.6309040380150925
UBFC_PHYS_s17_T3_ctrl,13,151,18.033333333333335,0.3512289524078369,-0.5592593670951793
UBFC_PHYS_s17_T3_ctrl,13,152,18.066666666666666,0.35128748416900635,-0.4741490223694413
UBFC_PHYS_s17_T3_ctrl,13,153,18.1,0.3342910706996918,-0.3820284264212707
UBFC_PHYS_s17_T3_ctrl,13,154,18.133333333333333,0.31496527791023254,-0.2841799690557753
UBFC_PHYS_s17_T3_ctrl,13,155,18.166666666666668,0.27466320991516113,-0.17497414496914465
UBFC_PHYS_s17_T3_ctrl,13,156,18.2,0.17640717327594757,-0.04368723279469837
UBFC_PHYS_s17_T3_ctrl,13,157,18.233333333333334,0.03344779834151268,0.11996429705041202
UBFC_PHYS_s17_T3_ctrl,13,158,18.266666666666666,-0.08771592378616333,0.31818452459628305
UBFC_PHYS_s17_T3_ctrl,13,159,18.3,-0.1617649644613266,0.5385649257677214
UBFC_PHYS_s17_T3_ctrl,13,160,18.333333333333332,-0.2466416209936142,0.7524013799447645
UBFC_PHYS_s17_T3_ctrl,13,161,18.366666666666667,-0.40474793314933777,0.9201959337716012
UBFC_PHYS_s17_T3_ctrl,13,162,18.4,-0.6047950387001038,1.0033971066884904
UBFC_PHYS_s17_T3_ctrl,13,163,18.433333333333334,-0.7203167080879211,0.9779456415372428
UBFC_PHYS_s17_T3_ctrl,13,164,18.466666666666665,-0.6473914384841919,0.8436463012608828
UBFC_PHYS_s17_T3_ctrl,13,165,18.5,-0.41502535343170166,0.625056331362916
UBFC_PHYS_s17_T3_ctrl,13,166,18.533333333333335,-0.15787874162197113,0.3638425635054796
UBFC_PHYS_s17_T3_ctrl,13,167,18.566666666666666,0.02933916635811329,0.10650381859871905
UBFC_PHYS_s17_T3_ctrl,13,168,18.6,0.14880558848381042,-0.10753244212810856
UBFC_PHYS_s17_T3_ctrl,13,169,18.633333333333333,0.21347852051258087,-0.2537742109454961
UBFC_PHYS_s17_T3_ctrl,13,170,18.666666666666668,0.21080966293811798,-0.32496614032766524
UBFC_PHYS_s17_T3_ctrl,13,171,18.7,0.16214987635612488,-0.32831338932619125
UBFC_PHYS_s17_T3_ctrl,13,172,18.733333333333334,0.1365850418806076,-0.27962292375806974
UBFC_PHYS_s17_T3_ctrl,13,173,18.766666666666666,0.15739743411540985,-0.19710060747500585
UBFC_PHYS_s17_T3_ctrl,13,174,18.8,0.15575866401195526,-0.09730670097201316
UBFC_PHYS_s17_T3_ctrl,13,175,18.833333333333332,0.08585336059331894,0.005593263155780618
UBFC_PHYS_s17_T3_ctrl,13,176,18.866666666666667,-0.010892667807638645,0.09825143425429787
UBFC_PHYS_s17_T3_ctrl,13,177,18.9,-0.09715056419372559,0.16680133755577273
UBFC_PHYS_s17_T3_ctrl,13,178,18.933333333333334,-0.19205883145332336,0.19819816591865555
UBFC_PHYS_s17_T3_ctrl,13,179,18.966666666666665,-0.3020437955856323,0.1845489586174414
UBFC_PHYS_s17_T3_ctrl,13,180,19.0,-0.4050171375274658,0.1278261883645813
UBFC_PHYS_s17_T3_ctrl,13,181,19.033333333333335,-0.5056962370872498,0.04123514896890794
UBFC_PHYS_s17_T3_ctrl,13,182,19.066666666666666,-0.612719714641571,-0.0544509493854407
UBFC_PHYS_s17_T3_ctrl,13,183,19.1,-0.6945528984069824,-0.13808965316856425
UBFC_PHYS_s17_T3_ctrl,13,184,19.133333333333333,-0.7090794444084167,-0.19574072513963423
UBFC_PHYS_s17_T3_ctrl,13,185,19.166666666666668,-0.6020793914794922,-0.2256388493001854
UBFC_PHYS_s17_T3_ctrl,13,186,19.2,-0.3075336813926697,-0.23876136684897387
UBFC_PHYS_s17_T3_ctrl,13,187,19.233333333333334,0.14168864488601685,-0.25480504563566314
UBFC_PHYS_s17_T3_ctrl,13,188,19.266666666666666,0.5664229989051819,-0.29503365847386653
UBFC_PHYS_s17_T3_ctrl,13,189,19.3,0.8224459290504456,-0.3744331876047255
UBFC_PHYS_s17_T3_ctrl,13,190,19.333333333333332,0.9227972626686096,-0.49550222142249517
UBFC_PHYS_s17_T3_ctrl,13,191,19.366666666666667,0.9116418957710266,-0.645174200139574
UBFC_PHYS_s17_T3_ctrl,13,192,19.4,0.8033074140548706,-0.7954451415686683
UBFC_PHYS_s17_T3_ctrl,13,193,19.433333333333334,0.6587443947792053,-0.9075993804311858
UBFC_PHYS_s17_T3_ctrl,13,194,19.466666666666665,0.5851401090621948,-0.9395108741047068
UBFC_PHYS_s17_T3_ctrl,13,195,19.5,0.6209121942520142,-0.8551911192308131
UBFC_PHYS_s17_T3_ctrl,13,196,19.533333333333335,0.6946920156478882,-0.6352552411041241
UBFC_PHYS_s17_T3_ctrl,13,197,19.566666666666666,0.7318101525306702,-0.28593939195334506
UBFC_PHYS_s17_T3_ctrl,13,198,19.6,0.7191681861877441,0.15685103964643826
UBFC_PHYS_s17_T3_ctrl,13,199,19.633333333333333,0.636457085609436,0.6316051165673416
UBFC_PHYS_s17_T3_ctrl,13,200,19.666666666666668,0.45990288257598877,1.0637029491465992
UBFC_PHYS_s17_T3_ctrl,13,201,19.7,0.23498155176639557,1.3829650884973166
UBFC_PHYS_s17_T3_ctrl,13,202,19.733333333333334,0.025804102420806885,1.5405809985086345
UBFC_PHYS_s17_T3_ctrl,13,203,19.766666666666666,-0.16971300542354584,1.5198192149528562
UBFC_PHYS_s17_T3_ctrl,13,204,19.8,-0.38879331946372986,1.3371668147408657
UBFC_PHYS_s17_T3_ctrl,13,205,19.833333333333332,-0.6518863439559937,1.034099217373268
UBFC_PHYS_s17_T3_ctrl,13,206,19.866666666666667,-0.922529399394989,0.6631992704549518
UBFC_PHYS_s17_T3_ctrl,13,207,19.9,-1.0670338869094849,0.27427925739109027
UBFC_PHYS_s17_T3_ctrl,13,208,19.933333333333334,-0.9614619016647339,-0.0944316212742055
UBFC_PHYS_s17_T3_ctrl,13,209,19.966666666666665,-0.6446523070335388,-0.41775702188319286
UBFC_PHYS_s17_T3_ctrl,13,210,20.0,-0.2792999744415283,-0.6790794643990544
UBFC_PHYS_s17_T3_ctrl,13,211,20.033333333333335,-0.004887741524726152,-0.8640308814970713
UBFC_PHYS_s17_T3_ctrl,13,212,20.066666666666666,0.1330031454563141,-0.9570399075700554
UBFC_PHYS_s17_T3_ctrl,13,213,20.1,0.14013180136680603,-0.943445559377813
UBFC_PHYS_s17_T3_ctrl,13,214,20.133333333333333,0.0613420270383358,-0.8164377641647416
UBFC_PHYS_s17_T3_ctrl,13,215,20.166666666666668,-0.007615124806761742,-0.5851318627584005
UBFC_PHYS_s17_T3_ctrl,13,216,20.2,0.015327672474086285,-0.27921115823771203
UBFC_PHYS_s17_T3_ctrl,13,217,20.233333333333334,0.11809033155441284,0.05325951775754697
UBFC_PHYS_s17_T3_ctrl,13,218,20.266666666666666,0.224095419049263,0.3557503731598196
UBFC_PHYS_s17_T3_ctrl,13,219,20.3,0.27483880519866943,0.5783095383803049
UBFC_PHYS_s17_T3_ctrl,13,220,20.333333333333332,0.24621883034706116,0.6917420036681075
UBFC_PHYS_s17_T3_ctrl,13,221,20.366666666666667,0.15131056308746338,0.6944879249058507
UBFC_PHYS_s17_T3_ctrl,13,222,20.4,0.04630044847726822,0.6095451091974727
UBFC_PHYS_s17_T3_ctrl,13,223,20.433333333333334,-0.03200940415263176,0.47379759928073406
UBFC_PHYS_s17_T3_ctrl,13,224,20.466666666666665,-0.1217789500951767,0.32473991242249195
UBFC_PHYS_s17_T3_ctrl,13,225,20.5,-0.29176634550094604,0.1894095301858483
UBFC_PHYS_s17_T3_ctrl,13,226,20.533333333333335,-0.5324081778526306,0.07867471702837558
UBFC_PHYS_s17_T3_ctrl,13,227,20.566666666666666,-0.6953606009483337,-0.0121658910098639
UBFC_PHYS_s17_T3_ctrl,13,228,20.6,-0.6239686608314514,-0.09760799927226278
UBFC_PHYS_s17_T3_ctrl,13,229,20.633333333333333,-0.33953651785850525,-0.19357503223521375
UBFC_PHYS_s17_T3_ctrl,13,230,20.666666666666668,-0.0239443089812994,-0.30951031235841536
UBFC_PHYS_s17_T3_ctrl,13,231,20.7,0.19238519668579102,-0.44342254013262716
UBFC_PHYS_s17_T3_ctrl,13,232,20.733333333333334,0.3066895008087158,-0.5810961512121517
UBFC_PHYS_s17_T3_ctrl,13,233,20.766666666666666,0.33592984080314636,-0.6992721484000174
UBFC_PHYS_s17_T3_ctrl,13,234,20.8,0.2910626232624054,-0.7715979098756499
UBFC_PHYS_s17_T3_ctrl,13,235,20.833333333333332,0.23281602561473846,-0.7756462364204438
UBFC_PHYS_s17_T3_ctrl,13,236,20.866666666666667,0.2219650149345398,-0.6991948494465631
UBFC_PHYS_s17_T3_ctrl,13,237,20.9,0.2526802718639374,-0.5441342221809623
UBFC_PHYS_s17_T3_ctrl,13,238,20.933333333333334,0.27547091245651245,-0.3268863487894362
UBFC_PHYS_s17_T3_ctrl,13,239,20.966666666666665,0.24984754621982574,-0.07529592137720145
UBFC_PHYS_s17_T3_ctrl,14,0,14.0,0.12137958407402039,0.03764681302760186
UBFC_PHYS_s17_T3_ctrl,14,1,14.033333333333333,0.01683768257498741,0.06980833588998614
UBFC_PHYS_s17_T3_ctrl,14,2,14.066666666666666,-0.07571777701377869,0.08282252164236967
UBFC_PHYS_s17_T3_ctrl,14,3,14.1,-0.18100883066654205,0.06501210043677419
UBFC_PHYS_s17_T3_ctrl,14,4,14.133333333333333,-0.3460448086261749,0.015645896247179724
UBFC_PHYS_s17_T3_ctrl,14,5,14.166666666666666,-0.5515701174736023,-0.05480019891644673
UBFC_PHYS_s17_T3_ctrl,14,6,14.2,-0.6782588362693787,-0.12846643811426361
UBFC_PHYS_s17_T3_ctrl,14,7,14.233333333333333,-0.6048769950866699,-0.18661035460732173
UBFC_PHYS_s17_T3_ctrl,14,8,14.266666666666667,-0.3588857352733612,-0.21608860613904712
UBFC_PHYS_s17_T3_ctrl,14,9,14.3,-0.10554341226816177,-0.21315859478740815
UBFC_PHYS_s17_T3_ctrl,14,10,14.333333333333334,0.06817804276943207,-0.1836315958145542
UBFC_PHYS_s17_T3_ctrl,14,11,14.366666666666667,0.1923149675130844,-0.14021840544895933
UBFC_PHYS_s17_T3_ctrl,14,12,14.4,0.26981714367866516,-0.09837010500503755
UBFC_PHYS_s17_T3_ctrl,14,13,14.433333333333334,0.2740779519081116,-0.0715290096451838
UBFC_PHYS_s17_T3_ctrl,14,14,14.466666666666667,0.2571517825126648,-0.06659568310793135
UBFC_PHYS_s17_T3_ctrl,14,15,14.5,0.2952063977718353,-0.080769696334964
UBFC_PHYS_s17_T3_ctrl,14,16,14.533333333333333,0.36045289039611816,-0.10121400538748782
UBFC_PHYS_s17_T3_ctrl,14,17,14.566666666666666,0.3771098256111145,-0.10857301766960209
UBFC_PHYS_s17_T3_ctrl,14,18,14.6,0.35132259130477905,-0.08399556203249584
UBFC_PHYS_s17_T3_ctrl,14,19,14.633333333333333,0.32274943590164185,-0.017536780093601774
UBFC_PHYS_s17_T3_ctrl,14,20,14.666666666666666,0.27600935101509094,0.08540460476153408
UBFC_PHYS_s17_T3_ctrl,14,21,14.7,0.1860993355512619,0.20284225509011938
UBFC_PHYS_s17_T3_ctrl,14,22,14.733333333333333,0.09057068079710007,0.3016176257136839
UBFC_PHYS_s17_T3_ctrl,14,23,14.766666666666667,0.033143457025289536,0.3478575418527594
UBFC_PHYS_s17_T3_ctrl,14,24,14.8,-0.01620696857571602,0.31789017626555344
UBFC_PHYS_s17_T3_ctrl,14,25,14.833333333333334,-0.11085771024227142,0.2047590930291898
UBFC_PHYS_s17_T3_ctrl,14,26,14.866666666666667,-0.25935378670692444,0.018730540975467162
UBFC_PHYS_s17_T3_ctrl,14,27,14.9,-0.4047713279724121,-0.21615967765685928
UBFC_PHYS_s17_T3_ctrl,14,28,14.933333333333334,-0.42778435349464417,-0.4666546043404778
UBFC_PHYS_s17_T3_ctrl,14,29,14.966666666666667,-0.24075374007225037,-0.6945015137429701
UBFC_PHYS_s17_T3_ctrl,14,30,15.0,0.07730834186077118,-0.8604945658834114
UBFC_PHYS_s17_T3_ctrl,14,31,15.033333333333333,0.3328864276409149,-0.9292059063534281
UBFC_PHYS_s17_T3_ctrl,14,32,15.066666666666666,0.4591069221496582,-0.8750728174471608
UBFC_PHYS_s17_T3_ctrl,14,33,15.1,0.5292580127716064,-0.6893565847505344
UBFC_PHYS_s17_T3_ctrl,14,34,15.133333333333333,0.5823190808296204,-0.3858671489944366
UBFC_PHYS_s17_T3_ctrl,14,35,15.166666666666666,0.5865564942359924,-0.0024645955838368807
UBFC_PHYS_s17_T3_ctrl,14,36,15.2,0.5370538830757141,0.4038260701577925
UBFC_PHYS_s17_T3_ctrl,14,37,15.233333333333333,0.47622036933898926,0.7679138429851693
UBFC_PHYS_s17_T3_ctrl,14,38,15.266666666666667,0.4612373113632202,1.0310671506010924
UBFC_PHYS_s17_T3_ctrl,14,39,15.3,0.556087076663971,1.1541944213572464
UBFC_PHYS_s17_T3_ctrl,14,40,15.333333333333334,0.7695136070251465,1.1259588643182104
UBFC_PHYS_s17_T3_ctrl,14,41,15.366666666666667,0.9999833703041077,0.9637039790972158
UBFC_PHYS_s17_T3_ctrl,14,42,15.4,1.094774603843689,0.7075667466639263
UBFC_PHYS_s17_T3_ctrl,14,43,15.433333333333334,0.9848832488059998,0.4100621938381623
UBFC_PHYS_s17_T3_ctrl,14,44,15.466666666666667,0.7427664995193481,0.12431239285729033
UBFC_PHYS_s17_T3_ctrl,14,45,15.5,0.47412508726119995,-0.10620561641882037
UBFC_PHYS_s17_T3_ctrl,14,46,15.533333333333333,0.1916477531194687,-0.25466145722302175
UBFC_PHYS_s17_T3_ctrl,14,47,15.566666666666666,-0.13220855593681335,-0.31399343754466597
UBFC_PHYS_s17_T3_ctrl,14,48,15.6,-0.4513358473777771,-0.2960326353959029
UBFC_PHYS_s17_T3_ctrl,14,49,15.633333333333333,-0.659928023815155,-0.22690513173619287
UBFC_PHYS_s17_T3_ctrl,14,50,15.666666666666666,-0.6668108701705933,-0.1397706940091793
UBFC_PHYS_s17_T3_ctrl,14,51,15.7,-0.481009304523468,-0.06665746398684852
UBFC_PHYS_s17_T3_ctrl,14,52,15.733333333333333,-0.23762837052345276,-0.031201841938722195
UBFC_PHYS_s17_T3_ctrl,14,53,15.766666666666667,-0.06748880445957184,-0.043767481938006246
UBFC_PHYS_s17_T3_ctrl,14,54,15.8,0.021929578855633736,-0.10005582726445797
UBFC_PHYS_s17_T3_ctrl,14,55,15.833333333333334,0.05061978101730347,-0.18363940912879534
UBFC_PHYS_s17_T3_ctrl,14,56,15.866666666666667,0.0073328097350895405,-0.2716284342972964
UBFC_PHYS_s17_T3_ctrl,14,57,15.9,-0.06066448986530304,-0.3415012086785339
UBFC_PHYS_s17_T3_ctrl,14,58,15.933333333333334,-0.0732947364449501,-0.376741713691873
UBFC_PHYS_s17_T3_ctrl,14,59,15.966666666666667,-0.03421004116535187,-0.36952979269621045
UBFC_PHYS_s17_T3_ctrl,14,60,16.0,-0.00012359934044070542,-0.32005333452764895
UBFC_PHYS_s17_T3_ctrl,14,61,16.033333333333335,0.020770734176039696,-0.23354923968445995
UBFC_PHYS_s17_T3_ctrl,14,62,16.066666666666666,0.04113831743597984,-0.11725605488912678
UBFC_PHYS_s17_T3_ctrl,14,63,16.1,0.03544944152235985,0.020627798452984604
UBFC_PHYS_s17_T3_ctrl,14,64,16.133333333333333,-0.018021322786808014,0.16932154697000354
UBFC_PHYS_s17_T3_ctrl,14,65,16.166666666666668,-0.09265564382076263,0.3125529597468305
UBFC_PHYS_s17_T3_ctrl,14,66,16.2,-0.15396909415721893,0.4271746809725426
UBFC_PHYS_s17_T3_ctrl,14,67,16.233333333333334,-0.22189617156982422,0.4859367564165269
UBFC_PHYS_s17_T3_ctrl,14,68,16.266666666666666,-0.3406134247779846,0.4650254823726003
UBFC_PHYS_s17_T3_ctrl,14,69,16.3,-0.49646058678627014,0.35404643493181265
UBFC_PHYS_s17_T3_ctrl,14,70,16.333333333333332,-0.6201058626174927,0.16392200964209364
UBFC_PHYS_s17_T3_ctrl,14,71,16.366666666666667,-0.6372427344322205,-0.0716868595926924
UBFC_PHYS_s17_T3_ctrl,14,72,16.4,-0.5354399085044861,-0.3030413009504123
UBFC_PHYS_s17_T3_ctrl,14,73,16.433333333333334,-0.39633166790008545,-0.4771438721370438
UBFC_PHYS_s17_T3_ctrl,14,74,16.466666666666665,-0.29794687032699585,-0.5526341538923223
UBFC_PHYS_s17_T3_ctrl,14,75,16.5,-0.22381587326526642,-0.5122167695106454
UBFC_PHYS_s17_T3_ctrl,14,76,16.533333333333335,-0.14625516533851624,-0.3687428462644673
UBFC_PHYS_s17_T3_ctrl,14,77,16.566666666666666,-0.10707683116197586,-0.16255956711675526
UBFC_PHYS_s17_T3_ctrl,14,78,16.6,-0.13405802845954895,0.04996801709996023
UBFC_PHYS_s17_T3_ctrl,14,79,16.633333333333333,-0.18704886734485626,0.2137969890597672
UBFC_PHYS_s17_T3_ctrl,14,80,16.666666666666668,-0.2087157666683197,0.29246390883161244
UBFC_PHYS_s17_T3_ctrl,14,81,16.7,-0.18381814658641815,0.27858614228757506
UBFC_PHYS_s17_T3_ctrl,14,82,16.733333333333334,-0.1443471759557724,0.19371478831883765
UBFC_PHYS_s17_T3_ctrl,14,83,16.766666666666666,-0.138517826795578,0.07829335432609648
UBFC_PHYS_s17_T3_ctrl,14,84,16.8,-0.18982307612895966,-0.02369680851067561
UBFC_PHYS_s17_T3_ctrl,14,85,16.833333333333332,-0.2734472155570984,-0.07933845364135335
UBFC_PHYS_s17_T3_ctrl,14,86,16.866666666666667,-0.34777721762657166,-0.0756322559564468
UBFC_PHYS_s17_T3_ctrl,14,87,16.9,-0.40340179204940796,-0.020421244858435505
UBFC_PHYS_s17_T3_ctrl,14,88,16.933333333333334,-0.4772869646549225,0.0635884713946524
UBFC_PHYS_s17_T3_ctrl,14,89,16.966666666666665,-0.608283281326294,0.14841056504436698
UBFC_PHYS_s17_T3_ctrl,14,90,17.0,-0.744242787361145,0.21005367861717808
UBFC_PHYS_s17_T3_ctrl,14,91,17.033333333333335,-0.7336609959602356,0.23441359215149918
UBFC_PHYS_s17_T3_ctrl,14,92,17.066666666666666,-0.525665819644928,0.21837780824842892
UBFC_PHYS_s17_T3_ctrl,14,93,17.1,-0.2409878522157669,0.16682912957800972
UBFC_PHYS_s17_T3_ctrl,14,94,17.133333333333333,-0.009148546494543552,0.08812029930363288
UBFC_PHYS_s17_T3_ctrl,14,95,17.166666666666668,0.15245771408081055,-0.008913812385384278
UBFC_PHYS_s17_T3_ctrl,14,96,17.2,0.2670780420303345,-0.11483367767138462
UBFC_PHYS_s17_T3_ctrl,14,97,17.233333333333334,0.3286256194114685,-0.21728953541174068
UBFC_PHYS_s17_T3_ctrl,14,98,17.266666666666666,0.33940640091896057,-0.2992784524779948
UBFC_PHYS_s17_T3_ctrl,14,99,17.3,0.34187623858451843,-0.34058758353350194
UBFC_PHYS_s17_T3_ctrl,14,100,17.333333333333332,0.36151808500289917,-0.32297869898526693
UBFC_PHYS_s17_T3_ctrl,14,101,17.366666666666667,0.3768874406814575,-0.2372721366424336
UBFC_PHYS_s17_T3_ctrl,14,102,17.4,0.36895108222961426,-0.08937385365076955
UBFC_PHYS_s17_T3_ctrl,14,103,17.433333333333334,0.3425317704677582,0.09753090476118079
UBFC_PHYS_s17_T3_ctrl,14,104,17.466666666666665,0.282166451215744,0.28645135242537545
UBFC_PHYS_s17_T3_ctrl,14,105,17.5,0.16773340106010437,0.4357406089471633
UBFC_PHYS_s17_T3_ctrl,14,106,17.533333333333335,0.03551967442035675,0.5113626971656373
UBFC_PHYS_s17_T3_ctrl,14,107,17.566666666666666,-0.06459753960371017,0.4976927458838252
UBFC_PHYS_s17_T3_ctrl,14,108,17.6,-0.15263468027114868,0.40221712231022655
UBFC_PHYS_s17_T3_ctrl,14,109,17.633333333333333,-0.28176984190940857,0.2518877144347406
UBFC_PHYS_s17_T3_ctrl,14,110,17.666666666666668,-0.4583357274532318,0.08277048833711956
UBFC_PHYS_s17_T3_ctrl,14,111,17.7,-0.6030392646789551,-0.07227444028534204
UBFC_PHYS_s17_T3_ctrl,14,112,17.733333333333334,-0.5881966352462769,-0.1927112355908972
UBFC_PHYS_s17_T3_ctrl,14,113,17.766666666666666,-0.37739214301109314,-0.27313926379610276
UBFC_PHYS_s17_T3_ctrl,14,114,17.8,-0.11017879098653793,-0.3198193398655655
UBFC_PHYS_s17_T3_ctrl,14,115,17.833333333333332,0.08187349140644073,-0.3436027560475655
UBFC_PHYS_s17_T3_ctrl,14,116,17.866666666666667,0.2042311728000641,-0.3530777152063037
UBFC_PHYS_s17_T3_ctrl,14,117,17.9,0.2885693609714508,-0.3510783437258523
UBFC_PHYS_s17_T3_ctrl,14,118,17.933333333333334,0.3237561285495758,-0.33569265097578366
UBFC_PHYS_s17_T3_ctrl,14,119,17.966666666666665,0.32451698184013367,-0.30445642939571754
UBFC_PHYS_s17_T3_ctrl,14,120,18.0,0.33330783247947693,-0.2586785444510627
UBFC_PHYS_s17_T3_ctrl,14,121,18.033333333333335,0.3512289524078369,-0.20493417788698864
UBFC_PHYS_s17_T3_ctrl,14,122,18.066666666666666,0.35128748416900635,-0.15278470331858696
UBFC_PHYS_s17_T3_ctrl,14,123,18.1,0.3342910706996918,-0.11014680868751946
UBFC_PHYS_s17_T3_ctrl,14,124,18.133333333333333,0.31496527791023254,-0.07880907537677138
UBFC_PHYS_s17_T3_ctrl,14,125,18.166666666666668,0.27466320991516113,-0.052339349469345715
UBFC_PHYS_s17_T3_ctrl,14,126,18.2,0.17640717327594757,-0.01769132195250004
UBFC_PHYS_s17_T3_ctrl,14,127,18.233333333333334,0.03344779834151268,0.039567319724717456
UBFC_PHYS_s17_T3_ctrl,14,128,18.266666666666666,-0.08771592378616333,0.12810690862618185
UBFC_PHYS_s17_T3_ctrl,14,129,18.3,-0.1617649644613266,0.24466839859637235
UBFC_PHYS_s17_T3_ctrl,14,130,18.333333333333332,-0.2466416209936142,0.3718556886997736
UBFC_PHYS_s17_T3_ctrl,14,131,18.366666666666667,-0.40474793314933777,0.48158817561150286
UBFC_PHYS_s17_T3_ctrl,14,132,18.4,-0.6047950387001038,0.5436163742238038
UBFC_PHYS_s17_T3_ctrl,14,133,18.433333333333334,-0.7203167080879211,0.5360679875455949
UBFC_PHYS_s17_T3_ctrl,14,134,18.466666666666665,-0.6473914384841919,0.4536187886840274
UBFC_PHYS_s17_T3_ctrl,14,135,18.5,-0.41502535343170166,0.30970895979928903
UBFC_PHYS_s17_T3_ctrl,14,136,18.533333333333335,-0.15787874162197113,0.13218036022846896
UBFC_PHYS_s17_T3_ctrl,14,137,18.566666666666666,0.02933916635811329,-0.045236769113786275
UBFC_PHYS_s17_T3_ctrl,14,138,18.6,0.14880558848381042,-0.1919880631392415
UBFC_PHYS_s17_T3_ctrl,14,139,18.633333333333333,0.21347852051258087,-0.28738161389956557
UBFC_PHYS_s17_T3_ctrl,14,140,18.666666666666668,0.21080966293811798,-0.3234191201386183
UBFC_PHYS_s17_T3_ctrl,14,141,18.7,0.16214987635612488,-0.3037727839053493
UBFC_PHYS_s17_T3_ctrl,14,142,18.733333333333334,0.1365850418806076,-0.24005029574954323
UBFC_PHYS_s17_T3_ctrl,14,143,18.766666666666666,0.15739743411540985,-0.14717390452117418
UBFC_PHYS_s17_T3_ctrl,14,144,18.8,0.15575866401195526,-0.0398163669644714
UBFC_PHYS_s17_T3_ctrl,14,145,18.833333333333332,0.08585336059331894,0.06890183182879954
UBFC_PHYS_s17_T3_ctrl,14,146,18.866666666666667,-0.010892667807638645,0.16677412339742523
UBFC_PHYS_s17_T3_ctrl,14,147,18.9,-0.09715056419372559,0.2416882463766686
UBFC_PHYS_s17_T3_ctrl,14,148,18.933333333333334,-0.19205883145332336,0.2826409840739636
UBFC_PHYS_s17_T3_ctrl,14,149,18.966666666666665,-0.3020437955856323,0.2830508938988453
UBFC_PHYS_s17_T3_ctrl,14,150,19.0,-0.4050171375274658,0.244271629413822
UBFC_PHYS_s17_T3_ctrl,14,151,19.033333333333335,-0.5056962370872498,0.17624644260055614
UBFC_PHYS_s17_T3_ctrl,14,152,19.066666666666666,-0.612719714641571,0.09430037703280189
UBFC_PHYS_s17_T3_ctrl,14,153,19.1,-0.6945528984069824,0.013827455387897519
UBFC_PHYS_s17_T3_ctrl,14,154,19.133333333333333,-0.7090794444084167,-0.054618701312487784
UBFC_PHYS_s17_T3_ctrl,14,155,19.166666666666668,-0.6020793914794922,-0.10823033102345894
UBFC_PHYS_s17_T3_ctrl,14,156,19.2,-0.3075336813926697,-0.15226503657291318
UBFC_PHYS_s17_T3_ctrl,14,157,19.233333333333334,0.14168864488601685,-0.1978988643258879
UBFC_PHYS_s17_T3_ctrl,14,158,19.266666666666666,0.5664229989051819,-0.25827634296809054
UBFC_PHYS_s17_T3_ctrl,14,159,19.3,0.8224459290504456,-0.3437369756850457
UBFC_PHYS_s17_T3_ctrl,14,160,19.333333333333332,0.9227972626686096,-0.4572224847214015
UBFC_PHYS_s17_T3_ctrl,14,161,19.366666666666667,0.9116418957710266,-0.5908050816208725
UBFC_PHYS_s17_T3_ctrl,14,162,19.4,0.8033074140548706,-0.7242901830652252
UBFC_PHYS_s17_T3_ctrl,14,163,19.433333333333334,0.6587443947792053,-0.8267985074170802
UBFC_PHYS_s17_T3_ctrl,14,164,19.466666666666665,0.5851401090621948,-0.8618825727575368
UBFC_PHYS_s17_T3_ctrl,14,165,19.5,0.6209121942520142,-0.7960089184299036
UBFC_PHYS_s17_T3_ctrl,14,166,19.533333333333335,0.6946920156478882,-0.6091457726897149
UBFC_PHYS_s17_T3_ctrl,14,167,19.566666666666666,0.7318101525306702,-0.30472971305207336
UBFC_PHYS_s17_T3_ctrl,14,168,19.6,0.7191681861877441,0.08501183513001888
UBFC_PHYS_s17_T3_ctrl,14,169,19.633333333333333,0.636457085609436,0.502135773834486
UBFC_PHYS_s17_T3_ctrl,14,170,19.666666666666668,0.45990288257598877,0.8755163386538689
UBFC_PHYS_s17_T3_ctrl,14,171,19.7,0.23498155176639557,1.1397481854616731
UBFC_PHYS_s17_T3_ctrl,14,172,19.733333333333334,0.025804102420806885,1.2538073791075746
UBFC_PHYS_s17_T3_ctrl,14,173,19.766666666666666,-0.16971300542354584,1.2119917803556648
UBFC_PHYS_s17_T3_ctrl,14,174,19.8,-0.38879331946372986,1.042425602823762
UBFC_PHYS_s17_T3_ctrl,14,175,19.833333333333332,-0.6518863439559937,0.793951117401516
UBFC_PHYS_s17_T3_ctrl,14,176,19.866666666666667,-0.922529399394989,0.5179103970694017
UBFC_PHYS_s17_T3_ctrl,14,177,19.9,-1.0670338869094849,0.25341139922083666
UBFC_PHYS_s17_T3_ctrl,14,178,19.933333333333334,-0.9614619016647339,0.021524759024599386
UBFC_PHYS_s17_T3_ctrl,14,179,19.966666666666665,-0.6446523070335388,-0.17162667958168226
UBFC_PHYS_s17_T3_ctrl,14,180,20.0,-0.2792999744415283,-0.3267868288093313
UBFC_PHYS_s17_T3_ctrl,14,181,20.033333333333335,-0.004887741524726152,-0.4434157076221281
UBFC_PHYS_s17_T3_ctrl,14,182,20.066666666666666,0.1330031454563141,-0.5152655098400504
UBFC_PHYS_s17_T3_ctrl,14,183,20.1,0.14013180136680603,-0.531296813865769
UBFC_PHYS_s17_T3_ctrl,14,184,20.133333333333333,0.0613420270383358,-0.48125960384046007
UBFC_PHYS_s17_T3_ctrl,14,185,20.166666666666668,-0.007615124806761742,-0.3633525526581583
UBFC_PHYS_s17_T3_ctrl,14,186,20.2,0.015327672474086285,-0.19022020449674149
UBFC_PHYS_s17_T3_ctrl,14,187,20.233333333333334,0.11809033155441284,0.010194807839283474
UBFC_PHYS_s17_T3_ctrl,14,188,20.266666666666666,0.224095419049263,0.20042572931123948
UBFC_PHYS_s17_T3_ctrl,14,189,20.3,0.27483880519866943,0.3441928470961341
UBFC_PHYS_s17_T3_ctrl,14,190,20.333333333333332,0.24621883034706116,0.41751105102937447
UBFC_PHYS_s17_T3_ctrl,14,191,20.366666666666667,0.15131056308746338,0.4151640883579828
UBFC_PHYS_s17_T3_ctrl,14,192,20.4,0.04630044847726822,0.35009702774769286
UBFC_PHYS_s17_T3_ctrl,14,193,20.433333333333334,-0.03200940415263176,0.24684835663698393
UBFC_PHYS_s17_T3_ctrl,14,194,20.466666666666665,-0.1217789500951767,0.1322337006902866
UBFC_PHYS_s17_T3_ctrl,14,195,20.5,-0.29176634550094604,0.026742963337505556
UBFC_PHYS_s17_T3_ctrl,14,196,20.533333333333335,-0.5324081778526306,-0.0606995544646169
UBFC_PHYS_s17_T3_ctrl,14,197,20.566666666666666,-0.6953606009483337,-0.13328399707187522
UBFC_PHYS_s17_T3_ctrl,14,198,20.6,-0.6239686608314514,-0.2023652485367752
UBFC_PHYS_s17_T3_ctrl,14,199,20.633333333333333,-0.33953651785850525,-0.2806813336244312
UBFC_PHYS_s17_T3_ctrl,14,200,20.666666666666668,-0.0239443089812994,-0.3754586392773188
UBFC_PHYS_s17_T3_ctrl,14,201,20.7,0.19238519668579102,-0.48412588513054017
UBFC_PHYS_s17_T3_ctrl,14,202,20.733333333333334,0.3066895008087158,-0.5940934102987919
UBFC_PHYS_s17_T3_ctrl,14,203,20.766666666666666,0.33592984080314636,-0.6862709846683432
UBFC_PHYS_s17_T3_ctrl,14,204,20.8,0.2910626232624054,-0.7406717389350335
UBFC_PHYS_s17_T3_ctrl,14,205,20.833333333333332,0.23281602561473846,-0.7419789795472197
UBFC_PHYS_s17_T3_ctrl,14,206,20.866666666666667,0.2219650149345398,-0.6832756266753399
UBFC_PHYS_s17_T3_ctrl,14,207,20.9,0.2526802718639374,-0.5670014786618742
UBFC_PHYS_s17_T3_ctrl,14,208,20.933333333333334,0.27547091245651245,-0.4032818207173321
UBFC_PHYS_s17_T3_ctrl,14,209,20.966666666666665,0.24984754621982574,-0.20674264422962293
UBFC_PHYS_s17_T3_ctrl,14,210,21.0,0.15807634592056274,0.006558261956662993
UBFC_PHYS_s17_T3_ctrl,14,211,21.033333333333335,0.011780902743339539,0.220795875932162
UBFC_PHYS_s17_T3_ctrl,14,212,21.066666666666666,-0.14488562941551208,0.42051461091384645
UBFC_PHYS_s17_T3_ctrl,14,213,21.1,-0.2843216359615326,0.5903018355755004
UBFC_PHYS_s17_T3_ctrl,14,214,21.133333333333333,-0.43809691071510315,0.7153993064824435
UBFC_PHYS_s17_T3_ctrl,14,215,21.166666666666668,-0.6490184664726257,0.783919375318649
UBFC_PHYS_s17_T3_ctrl,14,216,21.2,-0.8559484481811523,0.7900136738332741
UBFC_PHYS_s17_T3_ctrl,14,217,21.233333333333334,-0.8834680914878845,0.7364173434518871
UBFC_PHYS_s17_T3_ctrl,14,218,21.266666666666666,-0.6278783082962036,0.6349230947026956
UBFC_PHYS_s17_T3_ctrl,14,219,21.3,-0.23108498752117157,0.5041820907675882
UBFC_PHYS_s17_T3_ctrl,14,220,21.333333333333332,0.08415606617927551,0.36516789964681823
UBFC_PHYS_s17_T3_ctrl,14,221,21.366666666666667,0.2581116259098053,0.2355886659572442
UBFC_PHYS_s17_T3_ctrl,14,222,21.4,0.35097143054008484,0.12535013004880952
UBFC_PHYS_s17_T3_ctrl,14,223,21.433333333333334,0.3835712671279907,0.035110520743725185
UBFC_PHYS_s17_T3_ctrl,14,224,21.466666666666665,0.35655495524406433,-0.041369893612490334
UBFC_PHYS_s17_T3_ctrl,14,225,21.5,0.32751360535621643,-0.11217223514657787
UBFC_PHYS_s17_T3_ctrl,14,226,21.533333333333335,0.34648820757865906,-0.18167308412330846
UBFC_PHYS_s17_T3_ctrl,14,227,21.566666666666666,0.375728577375412,-0.24683247331936128
UBFC_PHYS_s17_T3_ctrl,14,228,21.6,0.3613308072090149,-0.29689170537885684
UBFC_PHYS_s17_T3_ctrl,14,229,21.633333333333333,0.2918000817298889,-0.31678215210224264
UBFC_PHYS_s17_T3_ctrl,14,230,21.666666666666668,0.175400510430336,-0.2931588915577413
UBFC_PHYS_s17_T3_ctrl,14,231,21.7,0.03193778917193413,-0.22092632088919975
UBFC_PHYS_s17_T3_ctrl,14,232,21.733333333333334,-0.10891459882259369,-0.1077793647185698
UBFC_PHYS_s17_T3_ctrl,14,233,21.766666666666666,-0.25368833541870117,0.02520584223959796
UBFC_PHYS_s17_T3_ctrl,14,234,21.8,-0.4593775272369385,0.14764699223220146
UBFC_PHYS_s17_T3_ctrl,14,235,21.833333333333332,-0.7145107984542847,0.22770847401109995
UBFC_PHYS_s17_T3_ctrl,14,236,21.866666666666667,-0.8628196120262146,0.24141800679809963
UBFC_PHYS_s17_T3_ctrl,14,237,21.9,-0.7332513332366943,0.18038310619631226
UBFC_PHYS_s17_T3_ctrl,14,238,21.933333333333334,-0.3544142246246338,0.05514824927181572
UBFC_PHYS_s17_T3_ctrl,14,239,21.966666666666665,0.04837232455611229,-0.1070585604879506
UBFC_PHYS_s17_T3_ctrl,15,0,15.0,0.07730834186077118,0.0025436732377190152
UBFC_PHYS_s17_T3_ctrl,15,1,15.033333333333333,0.3328864276409149,-0.0580333997296643
UBFC_PHYS_s17_T3_ctrl,15,2,15.066666666666666,0.4591069221496582,-0.08818362274142894
UBFC_PHYS_s17_T3_ctrl,15,3,15.1,0.5292580127716064,-0.0638294400745211
UBFC_PHYS_s17_T3_ctrl,15,4,15.133333333333333,0.5823190808296204,0.025821392544421413
UBFC_PHYS_s17_T3_ctrl,15,5,15.166666666666666,0.5865564942359924,0.17414303388714442
UBFC_PHYS_s17_T3_ctrl,15,6,15.2,0.5370538830757141,0.35650338684036864
UBFC_PHYS_s17_T3_ctrl,15,7,15.233333333333333,0.47622036933898926,0.534442470734441
UBFC_PHYS_s17_T3_ctrl,15,8,15.266666666666667,0.4612373113632202,0.6644846668423615
UBFC_PHYS_s17_T3_ctrl,15,9,15.3,0.556087076663971,0.7095465518053504
UBFC_PHYS_s17_T3_ctrl,15,10,15.333333333333334,0.7695136070251465,0.649517801780848
UBFC_PHYS_s17_T3_ctrl,15,11,15.366666666666667,0.9999833703041077,0.48752302887356813
UBFC_PHYS_s17_T3_ctrl,15,12,15.4,1.094774603843689,0.24977765502048402
UBFC_PHYS_s17_T3_ctrl,15,13,15.433333333333334,0.9848832488059998,-0.020813234532864634
UBFC_PHYS_s17_T3_ctrl,15,14,15.466666666666667,0.7427664995193481,-0.27511835719978456
UBFC_PHYS_s17_T3_ctrl,15,15,15.5,0.47412508726119995,-0.4691212083838787
UBFC_PHYS_s17_T3_ctrl,15,16,15.533333333333333,0.1916477531194687,-0.5732575900749703
UBFC_PHYS_s17_T3_ctrl,15,17,15.566666666666666,-0.13220855593681335,-0.5778181031710292
UBFC_PHYS_s17_T3_ctrl,15,18,15.6,-0.4513358473777771,-0.49342773450116145
UBFC_PHYS_s17_T3_ctrl,15,19,15.633333333333333,-0.659928023815155,-0.34670237101806867
UBFC_PHYS_s17_T3_ctrl,15,20,15.666666666666666,-0.6668108701705933,-0.17255845293230124
UBFC_PHYS_s17_T3_ctrl,15,21,15.7,-0.481009304523468,-0.005632903631003231
UBFC_PHYS_s17_T3_ctrl,15,22,15.733333333333333,-0.23762837052345276,0.1267933610403649
UBFC_PHYS_s17_T3_ctrl,15,23,15.766666666666667,-0.06748880445957184,0.20880499217936566
UBFC_PHYS_s17_T3_ctrl,15,24,15.8,0.021929578855633736,0.2362742747609995
UBFC_PHYS_s17_T3_ctrl,15,25,15.833333333333334,0.05061978101730347,0.21431022961066284
UBFC_PHYS_s17_T3_ctrl,15,26,15.866666666666667,0.0073328097350895405,0.15341837254163046
UBFC_PHYS_s17_T3_ctrl,15,27,15.9,-0.06066448986530304,0.06639796572368889
UBFC_PHYS_s17_T3_ctrl,15,28,15.933333333333334,-0.0732947364449501,-0.032811396149100704
UBFC_PHYS_s17_T3_ctrl,15,29,15.966666666666667,-0.03421004116535187,-0.1286093673175797
UBFC_PHYS_s17_T3_ctrl,15,30,16.0,-0.00012359934044070542,-0.20306511840789837
UBFC_PHYS_s17_T3_ctrl,15,31,16.033333333333335,0.020770734176039696,-0.23694121674840346
UBFC_PHYS_s17_T3_ctrl,15,32,16.066666666666666,0.04113831743597984,-0.21344886670651667
UBFC_PHYS_s17_T3_ctrl,15,33,16.1,0.03544944152235985,-0.12426769184240968
UBFC_PHYS_s17_T3_ctrl,15,34,16.133333333333333,-0.018021322786808014,0.024157814503894686
UBFC_PHYS_s17_T3_ctrl,15,35,16.166666666666668,-0.09265564382076263,0.2070490883694482
UBFC_PHYS_s17_T3_ctrl,15,36,16.2,-0.15396909415721893,0.3834410648538041
UBFC_PHYS_s17_T3_ctrl,15,37,16.233333333333334,-0.22189617156982422,0.5053604218760094
UBFC_PHYS_s17_T3_ctrl,15,38,16.266666666666666,-0.3406134247779846,0.5321690928897174
UBFC_PHYS_s17_T3_ctrl,15,39,16.3,-0.49646058678627014,0.44513023405159935
UBFC_PHYS_s17_T3_ctrl,15,40,16.333333333333332,-0.6201058626174927,0.2561777880844594
UBFC_PHYS_s17_T3_ctrl,15,41,16.366666666666667,-0.6372427344322205,0.006658273291562236
UBFC_PHYS_s17_T3_ctrl,15,42,16.4,-0.5354399085044861,-0.24415928567568423
UBFC_PHYS_s17_T3_ctrl,15,43,16.433333333333334,-0.39633166790008545,-0.43683684760819114
UBFC_PHYS_s17_T3_ctrl,15,44,16.466666666666665,-0.29794687032699585,-0.5295665259808862
UBFC_PHYS_s17_T3_ctrl,15,45,16.5,-0.22381587326526642,-0.5100460023497877
UBFC_PHYS_s17_T3_ctrl,15,46,16.533333333333335,-0.14625516533851624,-0.3976791107569324
UBFC_PHYS_s17_T3_ctrl,15,47,16.566666666666666,-0.10707683116197586,-0.2355975490302004
UBFC_PHYS_s17_T3_ctrl,15,48,16.6,-0.13405802845954895,-0.07529935496710788
UBFC_PHYS_s17_T3_ctrl,15,49,16.633333333333333,-0.18704886734485626,0.040685805968464585
UBFC_PHYS_s17_T3_ctrl,15,50,16.666666666666668,-0.2087157666683197,0.09161496815871759
UBFC_PHYS_s17_T3_ctrl,15,51,16.7,-0.18381814658641815,0.08196720103033445
UBFC_PHYS_s17_T3_ctrl,15,52,16.733333333333334,-0.1443471759557724,0.034929272051571834
UBFC_PHYS_s17_T3_ctrl,15,53,16.766666666666666,-0.138517826795578,-0.020065719689111212
UBFC_PHYS_s17_T3_ctrl,15,54,16.8,-0.18982307612895966,-0.05960267523484332
UBFC_PHYS_s17_T3_ctrl,15,55,16.833333333333332,-0.2734472155570984,-0.07326682926156063
UBFC_PHYS_s17_T3_ctrl,15,56,16.866666666666667,-0.34777721762657166,-0.0635429782759296
UBFC_PHYS_s17_T3_ctrl,15,57,16.9,-0.40340179204940796,-0.04035968919311356
UBFC_PHYS_s17_T3_ctrl,15,58,16.933333333333334,-0.4772869646549225,-0.01399897181027468
UBFC_PHYS_s17_T3_ctrl,15,59,16.966666666666665,-0.608283281326294,0.009975800089741815
UBFC_PHYS_s17_T3_ctrl,15,60,17.0,-0.744242787361145,0.03175015773035541
UBFC_PHYS_s17_T3_ctrl,15,61,17.033333333333335,-0.7336609959602356,0.05444367036310143
UBFC_PHYS_s17_T3_ctrl,15,62,17.066666666666666,-0.525665819644928,0.07946769384024475
UBFC_PHYS_s17_T3_ctrl,15,63,17.1,-0.2409878522157669,0.10287787188987665
UBFC_PHYS_s17_T3_ctrl,15,64,17.133333333333333,-0.009148546494543552,0.1151093623083524
UBFC_PHYS_s17_T3_ctrl,15,65,17.166666666666668,0.15245771408081055,0.10491067766717517
UBFC_PHYS_s17_T3_ctrl,15,66,17.2,0.2670780420303345,0.06609281116837418
UBFC_PHYS_s17_T3_ctrl,15,67,17.233333333333334,0.3286256194114685,0.0038028501172594946
UBFC_PHYS_s17_T3_ctrl,15,68,17.266666666666666,0.33940640091896057,-0.06351427930266122
UBFC_PHYS_s17_T3_ctrl,15,69,17.3,0.34187623858451843,-0.10863837177622444
UBFC_PHYS_s17_T3_ctrl,15,70,17.333333333333332,0.36151808500289917,-0.10530131059267298
UBFC_PHYS_s17_T3_ctrl,15,71,17.366666666666667,0.3768874406814575,-0.038908961062928585
UBFC_PHYS_s17_T3_ctrl,15,72,17.4,0.36895108222961426,0.08634887408039238
UBFC_PHYS_s17_T3_ctrl,15,73,17.433333333333334,0.3425317704677582,0.24683787193628925
UBFC_PHYS_s17_T3_ctrl,15,74,17.466666666666665,0.282166451215744,0.4056054360843552
UBFC_PHYS_s17_T3_ctrl,15,75,17.5,0.16773340106010437,0.5232620532186519
UBFC_PHYS_s17_T3_ctrl,15,76,17.533333333333335,0.03551967442035675,0.569878717408191
UBFC_PHYS_s17_T3_ctrl,15,77,17.566666666666666,-0.06459753960371017,0.5337212794438493
UBFC_PHYS_s17_T3_ctrl,15,78,17.6,-0.15263468027114868,0.4237683042309293
UBFC_PHYS_s17_T3_ctrl,15,79,17.633333333333333,-0.28176984190940857,0.2652747905365809
UBFC_PHYS_s17_T3_ctrl,15,80,17.666666666666668,-0.4583357274532318,0.09028832463949281
UBFC_PHYS_s17_T3_ctrl,15,81,17.7,-0.6030392646789551,-0.07304217384031496
UBFC_PHYS_s17_T3_ctrl,15,82,17.733333333333334,-0.5881966352462769,-0.2081385083970982
UBFC_PHYS_s17_T3_ctrl,15,83,17.766666666666666,-0.37739214301109314,-0.3118592870009357
UBFC_PHYS_s17_T3_ctrl,15,84,17.8,-0.11017879098653793,-0.39051181906476284
UBFC_PHYS_s17_T3_ctrl,15,85,17.833333333333332,0.08187349140644073,-0.45263440481517453
UBFC_PHYS_s17_T3_ctrl,15,86,17.866666666666667,0.2042311728000641,-0.5024210771387259
UBFC_PHYS_s17_T3_ctrl,15,87,17.9,0.2885693609714508,-0.536973610366124
UBFC_PHYS_s17_T3_ctrl,15,88,17.933333333333334,0.3237561285495758,-0.5483685908098939
UBFC_PHYS_s17_T3_ctrl,15,89,17.966666666666665,0.32451698184013367,-0.528985924187231
UBFC_PHYS_s17_T3_ctrl,15,90,18.0,0.33330783247947693,-0.4769457554138059
UBFC_PHYS_s17_T3_ctrl,15,91,18.033333333333335,0.3512289524078369,-0.39860766408171694
UBFC_PHYS_s17_T3_ctrl,15,92,18.066666666666666,0.35128748416900635,-0.3067939356616164
UBFC_PHYS_s17_T3_ctrl,15,93,18.1,0.3342910706996918,-0.21565648538071344
UBFC_PHYS_s17_T3_ctrl,15,94,18.133333333333333,0.31496527791023254,-0.1347005863854624
UBFC_PHYS_s17_T3_ctrl,15,95,18.166666666666668,0.27466320991516113,-0.06483784418799718
UBFC_PHYS_s17_T3_ctrl,15,96,18.2,0.17640717327594757,0.0015263452198735874
UBFC_PHYS_s17_T3_ctrl,15,97,18.233333333333334,0.03344779834151268,0.07610721869252025
UBFC_PHYS_s17_T3_ctrl,15,98,18.266666666666666,-0.08771592378616333,0.1677652548584955
UBFC_PHYS_s17_T3_ctrl,15,99,18.3,-0.1617649644613266,0.27602339605614745
UBFC_PHYS_s17_T3_ctrl,15,100,18.333333333333332,-0.2466416209936142,0.3882682779420429
UBFC_PHYS_s17_T3_ctrl,15,101,18.366666666666667,-0.40474793314933777,0.48249360753980924
UBFC_PHYS_s17_T3_ctrl,15,102,18.4,-0.6047950387001038,0.5350604971637993
UBFC_PHYS_s17_T3_ctrl,15,103,18.433333333333334,-0.7203167080879211,0.5304180960306484
UBFC_PHYS_s17_T3_ctrl,15,104,18.466666666666665,-0.6473914384841919,0.46827060685048144
UBFC_PHYS_s17_T3_ctrl,15,105,18.5,-0.41502535343170166,0.36448953380816196
UBFC_PHYS_s17_T3_ctrl,15,106,18.533333333333335,-0.15787874162197113,0.24518224872845215
UBFC_PHYS_s17_T3_ctrl,15,107,18.566666666666666,0.02933916635811329,0.13682609778446025
UBFC_PHYS_s17_T3_ctrl,15,108,18.6,0.14880558848381042,0.05709140983957722
UBFC_PHYS_s17_T3_ctrl,15,109,18.633333333333333,0.21347852051258087,0.010260883676038828
UBFC_PHYS_s17_T3_ctrl,15,110,18.666666666666668,0.21080966293811798,-0.01130498792263791
UBFC_PHYS_s17_T3_ctrl,15,111,18.7,0.16214987635612488,-0.021009135968346096
UBFC_PHYS_s17_T3_ctrl,15,112,18.733333333333334,0.1365850418806076,-0.030353062331488323
UBFC_PHYS_s17_T3_ctrl,15,113,18.766666666666666,0.15739743411540985,-0.04329956388672836
UBFC_PHYS_s17_T3_ctrl,15,114,18.8,0.15575866401195526,-0.0551401060609943
UBFC_PHYS_s17_T3_ctrl,15,115,18.833333333333332,0.08585336059331894,-0.05623652465244378
UBFC_PHYS_s17_T3_ctrl,15,116,18.866666666666667,-0.010892667807638645,-0.03860077423546319
UBFC_PHYS_s17_T3_ctrl,15,117,18.9,-0.09715056419372559,-0.0017654887270932128
UBFC_PHYS_s17_T3_ctrl,15,118,18.933333333333334,-0.19205883145332336,0.04528570504312516
UBFC_PHYS_s17_T3_ctrl,15,119,18.966666666666665,-0.3020437955856323,0.08721091314790456
UBFC_PHYS_s17_T3_ctrl,15,120,19.0,-0.4050171375274658,0.108614470080674
UBFC_PHYS_s17_T3_ctrl,15,121,19.033333333333335,-0.5056962370872498,0.10007882677664567
UBFC_PHYS_s17_T3_ctrl,15,122,19.066666666666666,-0.612719714641571,0.06113936750960452
UBFC_PHYS_s17_T3_ctrl,15,123,19.1,-0.6945528984069824,-0.0005694380023935977
UBFC_PHYS_s17_T3_ctrl,15,124,19.133333333333333,-0.7090794444084167,-0.07309767649337749
UBFC_PHYS_s17_T3_ctrl,15,125,19.166666666666668,-0.6020793914794922,-0.14513309386968434
UBFC_PHYS_s17_T3_ctrl,15,126,19.2,-0.3075336813926697,-0.21014663860535826
UBFC_PHYS_s17_T3_ctrl,15,127,19.233333333333334,0.14168864488601685,-0.2681914017515039
UBFC_PHYS_s17_T3_ctrl,15,128,19.266666666666666,0.5664229989051819,-0.32481104872009514
UBFC_PHYS_s17_T3_ctrl,15,129,19.3,0.8224459290504456,-0.38755983364186486
UBFC_PHYS_s17_T3_ctrl,15,130,19.333333333333332,0.9227972626686096,-0.4612877548620237
UBFC_PHYS_s17_T3_ctrl,15,131,19.366666666666667,0.9116418957710266,-0.5436465662625763
UBFC_PHYS_s17_T3_ctrl,15,132,19.4,0.8033074140548706,-0.6223722687388188
UBFC_PHYS_s17_T3_ctrl,15,133,19.433333333333334,0.6587443947792053,-0.6756452905542092
UBFC_PHYS_s17_T3_ctrl,15,134,19.466666666666665,0.5851401090621948,-0.6760891849477898
UBFC_PHYS_s17_T3_ctrl,15,135,19.5,0.6209121942520142,-0.5979837983740532
UBFC_PHYS_s17_T3_ctrl,15,136,19.533333333333335,0.6946920156478882,-0.4262836129015985
UBFC_PHYS_s17_T3_ctrl,15,137,19.566666666666666,0.7318101525306702,-0.1649482872739306
UBFC_PHYS_s17_T3_ctrl,15,138,19.6,0.7191681861877441,0.15882813311124064
UBFC_PHYS_s17_T3_ctrl,15,139,19.633333333333333,0.636457085609436,0.497525775204919
UBFC_PHYS_s17_T3_ctrl,15,140,19.666666666666668,0.45990288257598877,0.793984265884821
UBFC_PHYS_s17_T3_ctrl,15,141,19.7,0.23498155176639557,0.9969916421847967
UBFC_PHYS_s17_T3_ctrl,15,142,19.733333333333334,0.025804102420806885,1.0761049000902532
UBFC_PHYS_s17_T3_ctrl,15,143,19.766666666666666,-0.16971300542354584,1.0296174253034514
UBFC_PHYS_s17_T3_ctrl,15,144,19.8,-0.38879331946372986,0.8822177982840002
UBFC_PHYS_s17_T3_ctrl,15,145,19.833333333333332,-0.6518863439559937,0.6735996153773315
UBFC_PHYS_s17_T3_ctrl,15,146,19.866666666666667,-0.922529399394989,0.4437645193300363
UBFC_PHYS_s17_T3_ctrl,15,147,19.9,-1.0670338869094849,0.22207007291637326
UBFC_PHYS_s17_T3_ctrl,15,148,19.933333333333334,-0.9614619016647339,0.024073249646700635
UBFC_PHYS_s17_T3_ctrl,15,149,19.966666666666665,-0.6446523070335388,-0.14460152015028419
UBFC_PHYS_s17_T3_ctrl,15,150,20.0,-0.2792999744415283,-0.2813988264624464
UBFC_PHYS_s17_T3_ctrl,15,151,20.033333333333335,-0.004887741524726152,-0.38141439878996086
UBFC_PHYS_s17_T3_ctrl,15,152,20.066666666666666,0.1330031454563141,-0.4360338949628143
UBFC_PHYS_s17_T3_ctrl,15,153,20.1,0.14013180136680603,-0.43575110839025677
UBFC_PHYS_s17_T3_ctrl,15,154,20.133333333333333,0.0613420270383358,-0.37552555354340467
UBFC_PHYS_s17_T3_ctrl,15,155,20.166666666666668,-0.007615124806761742,-0.26019088579307137
UBFC_PHYS_s17_T3_ctrl,15,156,20.2,0.015327672474086285,-0.10724672070894026
UBFC_PHYS_s17_T3_ctrl,15,157,20.233333333333334,0.11809033155441284,0.05493153807540549
UBFC_PHYS_s17_T3_ctrl,15,158,20.266666666666666,0.224095419049263,0.19368833774766353
UBFC_PHYS_s17_T3_ctrl,15,159,20.3,0.27483880519866943,0.28140764869988233
UBFC_PHYS_s17_T3_ctrl,15,160,20.333333333333332,0.24621883034706116,0.3037094476067572
UBFC_PHYS_s17_T3_ctrl,15,161,20.366666666666667,0.15131056308746338,0.2628925669163078
UBFC_PHYS_s17_T3_ctrl,15,162,20.4,0.04630044847726822,0.17549588026087154
UBFC_PHYS_s17_T3_ctrl,15,163,20.433333333333334,-0.03200940415263176,0.06570047412868404
UBFC_PHYS_s17_T3_ctrl,15,164,20.466666666666665,-0.1217789500951767,-0.04250331757869609
UBFC_PHYS_s17_T3_ctrl,15,165,20.5,-0.29176634550094604,-0.13179583812361045
UBFC_PHYS_s17_T3_ctrl,15,166,20.533333333333335,-0.5324081778526306,-0.19494535038864366
UBFC_PHYS_s17_T3_ctrl,15,167,20.566666666666666,-0.6953606009483337,-0.2345223287750365
UBFC_PHYS_s17_T3_ctrl,15,168,20.6,-0.6239686608314514,-0.2594714062319143
UBFC_PHYS_s17_T3_ctrl,15,169,20.633333333333333,-0.33953651785850525,-0.28013408717309246
UBFC_PHYS_s17_T3_ctrl,15,170,20.666666666666668,-0.0239443089812994,-0.30377397610586826
UBFC_PHYS_s17_T3_ctrl,15,171,20.7,0.19238519668579102,-0.3322403880259059
UBFC_PHYS_s17_T3_ctrl,15,172,20.733333333333334,0.3066895008087158,-0.36223025513246393
UBFC_PHYS_s17_T3_ctrl,15,173,20.766666666666666,0.33592984080314636,-0.3873918845148243
UBFC_PHYS_s17_T3_ctrl,15,174,20.8,0.2910626232624054,-0.40095222416542564
UBFC_PHYS_s17_T3_ctrl,15,175,20.833333333333332,0.23281602561473846,-0.3977019658819193
UBFC_PHYS_s17_T3_ctrl,15,176,20.866666666666667,0.2219650149345398,-0.3747242802379998
UBFC_PHYS_s17_T3_ctrl,15,177,20.9,0.2526802718639374,-0.33089029522264235
UBFC_PHYS_s17_T3_ctrl,15,178,20.933333333333334,0.27547091245651245,-0.2656678577162696
UBFC_PHYS_s17_T3_ctrl,15,179,20.966666666666665,0.24984754621982574,-0.17815157902664888
UBFC_PHYS_s17_T3_ctrl,15,180,21.0,0.15807634592056274,-0.06730931418061117
UBFC_PHYS_s17_T3_ctrl,15,181,21.033333333333335,0.011780902743339539,0.06608657891349652
UBFC_PHYS_s17_T3_ctrl,15,182,21.066666666666666,-0.14488562941551208,0.21654714316677168
UBFC_PHYS_s17_T3_ctrl,15,183,21.1,-0.2843216359615326,0.3717794837129419
UBFC_PHYS_s17_T3_ctrl,15,184,21.133333333333333,-0.43809691071510315,0.5133664246961075
UBFC_PHYS_s17_T3_ctrl,15,185,21.166666666666668,-0.6490184664726257,0.6209289415622135
UBFC_PHYS_s17_T3_ctrl,15,186,21.2,-0.8559484481811523,0.678395225420833
UBFC_PHYS_s17_T3_ctrl,15,187,21.233333333333334,-0.8834680914878845,0.6795097209686478
UBFC_PHYS_s17_T3_ctrl,15,188,21.266666666666666,-0.6278783082962036,0.6299494636837079
UBFC_PHYS_s17_T3_ctrl,15,189,21.3,-0.23108498752117157,0.5449531947928443
UBFC_PHYS_s17_T3_ctrl,15,190,21.333333333333332,0.08415606617927551,0.4432013302317544
UBFC_PHYS_s17_T3_ctrl,15,191,21.366666666666667,0.2581116259098053,0.33933248631631374
UBFC_PHYS_s17_T3_ctrl,15,192,21.4,0.35097143054008484,0.23850102128875428
UBFC_PHYS_s17_T3_ctrl,15,193,21.433333333333334,0.3835712671279907,0.13587065297522666
UBFC_PHYS_s17_T3_ctrl,15,194,21.466666666666665,0.35655495524406433,0.021630943865935823
UBFC_PHYS_s17_T3_ctrl,15,195,21.5,0.32751360535621643,-0.11070164644549675
UBFC_PHYS_s17_T3_ctrl,15,196,21.533333333333335,0.34648820757865906,-0.25662265381732174
UBFC_PHYS_s17_T3_ctrl,15,197,21.566666666666666,0.375728577375412,-0.39738235584066417
UBFC_PHYS_s17_T3_ctrl,15,198,21.6,0.3613308072090149,-0.5031077289531525
UBFC_PHYS_s17_T3_ctrl,15,199,21.633333333333333,0.2918000817298889,-0.5417044310224035
UBFC_PHYS_s17_T3_ctrl,15,200,21.666666666666668,0.175400510430336,-0.49060512227112135
UBFC_PHYS_s17_T3_ctrl,15,201,21.7,0.03193778917193413,-0.347099159769494
UBFC_PHYS_s17_T3_ctrl,15,202,21.733333333333334,-0.10891459882259369,-0.13310297161523704
UBFC_PHYS_s17_T3_ctrl,15,203,21.766666666666666,-0.25368833541870117,0.10804963148882589
UBFC_PHYS_s17_T3_ctrl,15,204,21.8,-0.4593775272369385,0.3223444964301788
UBFC_PHYS_s17_T3_ctrl,15,205,21.833333333333332,-0.7145107984542847,0.46004195731961756
UBFC_PHYS_s17_T3_ctrl,15,206,21.866666666666667,-0.8628196120262146,0.4898855595370089
UBFC_PHYS_s17_T3_ctrl,15,207,21.9,-0.7332513332366943,0.40762552502767946
UBFC_PHYS_s17_T3_ctrl,15,208,21.933333333333334,-0.3544142246246338,0.23565950305594097
UBFC_PHYS_s17_T3_ctrl,15,209,21.966666666666665,0.04837232455611229,0.01395634701176807
UBFC_PHYS_s17_T3_ctrl,15,210,22.0,0.3006494343280792,-0.21363757547688497
UBFC_PHYS_s17_T3_ctrl,15,211,22.033333333333335,0.40738028287887573,-0.4116106904516967
UBFC_PHYS_s17_T3_ctrl,15,212,22.066666666666666,0.4242362082004547,-0.5589445776394065
UBFC_PHYS_s17_T3_ctrl,15,213,22.1,0.3727788031101227,-0.6482730248961426
UBFC_PHYS_s17_T3_ctrl,15,214,22.133333333333333,0.3265420198440552,-0.6803498903561506
UBFC_PHYS_s17_T3_ctrl,15,215,22.166666666666668,0.3633909821510315,-0.6577724538692495
UBFC_PHYS_s17_T3_ctrl,15,216,22.2,0.44202858209609985,-0.581676372282708
UBFC_PHYS_s17_T3_ctrl,15,217,22.233333333333334,0.47262677550315857,-0.45315715695862946
UBFC_PHYS_s17_T3_ctrl,15,218,22.266666666666666,0.4394885003566742,-0.2782615058205568
UBFC_PHYS_s17_T3_ctrl,15,219,22.3,0.3526570200920105,-0.07305562219986357
UBFC_PHYS_s17_T3_ctrl,15,220,22.333333333333332,0.20478133857250214,0.13513224676811864
UBFC_PHYS_s17_T3_ctrl,15,221,22.366666666666667,0.029994674026966095,0.312397351090409
UBFC_PHYS_s17_T3_ctrl,15,222,22.4,-0.12791264057159424,0.4278191000928368
UBFC_PHYS_s17_T3_ctrl,15,223,22.433333333333334,-0.2989886403083801,0.46404241555056475
UBFC_PHYS_s17_T3_ctrl,15,224,22.466666666666665,-0.5473795533180237,0.4241324253211405
UBFC_PHYS_s17_T3_ctrl,15,225,22.5,-0.8436225652694702,0.3314039517988141
UBFC_PHYS_s17_T3_ctrl,15,226,22.533333333333335,-1.0057907104492188,0.2219854034348137
UBFC_PHYS_s17_T3_ctrl,15,227,22.566666666666666,-0.8642359375953674,0.1329563499832023
UBFC_PHYS_s17_T3_ctrl,15,228,22.6,-0.4714224934577942,0.09053144467959622
UBFC_PHYS_s17_T3_ctrl,15,229,22.633333333333333,-0.06066448986530304,0.10251163249959991
UBFC_PHYS_s17_T3_ctrl,15,230,22.666666666666668,0.21923764050006866,0.15744972632401635
UBFC_PHYS_s17_T3_ctrl,15,231,22.7,0.38355955481529236,0.23041017918738343
UBFC_PHYS_s17_T3_ctrl,15,232,22.733333333333334,0.4554547965526581,0.29276789300983014
UBFC_PHYS_s17_T3_ctrl,15,233,22.766666666666666,0.4363865256309509,0.3221316046162728
UBFC_PHYS_s17_T3_ctrl,15,234,22.8,0.40399739146232605,0.30873537041350396
UBFC_PHYS_s17_T3_ctrl,15,235,22.833333333333332,0.42870771884918213,0.25632724514675503
UBFC_PHYS_s17_T3_ctrl,15,236,22.866666666666667,0.4794745147228241,0.17794951456965108
UBFC_PHYS_s17_T3_ctrl,15,237,22.9,0.5160542130470276,0.0890476497143327
UBFC_PHYS_s17_T3_ctrl,15,238,22.933333333333334,0.5329569578170776,0.0012284335263474631
UBFC_PHYS_s17_T3_ctrl,15,239,22.966666666666665,0.4921984076499939,-0.08059443901684389
UBFC_PHYS_s17_T3_ctrl,16,0,16.0,-0.00012359934044070542,0.024137996051728696
UBFC_PHYS_s17_T3_ctrl,16,1,16.033333333333335,0.020770734176039696,0.16684636924233737
UBFC_PHYS_s17_T3_ctrl,16,2,16.066666666666666,0.04113831743597984,0.3233009654235849
UBFC_PHYS_s17_T3_ctrl,16,3,16.1,0.03544944152235985,0.4984286863905525
UBFC_PHYS_s17_T3_ctrl,16,4,16.133333333333333,-0.018021322786808014,0.6817183616584224
UBFC_PHYS_s17_T3_ctrl,16,5,16.166666666666668,-0.09265564382076263,0.845395682546181
UBFC_PHYS_s17_T3_ctrl,16,6,16.2,-0.15396909415721893,0.9490141084136321
UBFC_PHYS_s17_T3_ctrl,16,7,16.233333333333334,-0.22189617156982422,0.9510612840555839
UBFC_PHYS_s17_T3_ctrl,16,8,16.266666666666666,-0.3406134247779846,0.8248632973767366
UBFC_PHYS_s17_T3_ctrl,16,9,16.3,-0.49646058678627014,0.5726662074849916
UBFC_PHYS_s17_T3_ctrl,16,10,16.333333333333332,-0.6201058626174927,0.23112213957342181
UBFC_PHYS_s17_T3_ctrl,16,11,16.366666666666667,-0.6372427344322205,-0.1355706875462343
UBFC_PHYS_s17_T3_ctrl,16,12,16.4,-0.5354399085044861,-0.45322706418412373
UBFC_PHYS_s17_T3_ctrl,16,13,16.433333333333334,-0.39633166790008545,-0.6595753009617905
UBFC_PHYS_s17_T3_ctrl,16,14,16.466666666666665,-0.29794687032699585,-0.7226540504263521
UBFC_PHYS_s17_T3_ctrl,16,15,16.5,-0.22381587326526642,-0.6495169075158698
UBFC_PHYS_s17_T3_ctrl,16,16,16.533333333333335,-0.14625516533851624,-0.48245625548475024
UBFC_PHYS_s17_T3_ctrl,16,17,16.566666666666666,-0.10707683116197586,-0.28401236191161183
UBFC_PHYS_s17_T3_ctrl,16,18,16.6,-0.13405802845954895,-0.11581579003774456
UBFC_PHYS_s17_T3_ctrl,16,19,16.633333333333333,-0.18704886734485626,-0.01873866968934423
UBFC_PHYS_s17_T3_ctrl,16,20,16.666666666666668,-0.2087157666683197,-0.0017941251032807342
UBFC_PHYS_s17_T3_ctrl,16,21,16.7,-0.18381814658641815,-0.043893970586574974
UBFC_PHYS_s17_T3_ctrl,16,22,16.733333333333334,-0.1443471759557724,-0.10677087511054068
UBFC_PHYS_s17_T3_ctrl,16,23,16.766666666666666,-0.138517826795578,-0.15242820675262136
UBFC_PHYS_s17_T3_ctrl,16,24,16.8,-0.18982307612895966,-0.15738639164840637
UBFC_PHYS_s17_T3_ctrl,16,25,16.833333333333332,-0.2734472155570984,-0.11861192426318311
UBFC_PHYS_s17_T3_ctrl,16,26,16.866666666666667,-0.34777721762657166,-0.05030619988282153
UBFC_PHYS_s17_T3_ctrl,16,27,16.9,-0.40340179204940796,0.025430587341977066
UBFC_PHYS_s17_T3_ctrl,16,28,16.933333333333334,-0.4772869646549225,0.08912623506973963
UBFC_PHYS_s17_T3_ctrl,16,29,16.966666666666665,-0.608283281326294,0.13108484306514073
UBFC_PHYS_s17_T3_ctrl,16,30,17.0,-0.744242787361145,0.15268862785529427
UBFC_PHYS_s17_T3_ctrl,16,31,17.033333333333335,-0.7336609959602356,0.1621757031150198
UBFC_PHYS_s17_T3_ctrl,16,32,17.066666666666666,-0.525665819644928,0.16757873557510533
UBFC_PHYS_s17_T3_ctrl,16,33,17.1,-0.2409878522157669,0.17063840053920057
UBFC_PHYS_s17_T3_ctrl,16,34,17.133333333333333,-0.009148546494543552,0.16501721506846476
UBFC_PHYS_s17_T3_ctrl,16,35,17.166666666666668,0.15245771408081055,0.14009614028252734
UBFC_PHYS_s17_T3_ctrl,16,36,17.2,0.2670780420303345,0.08873383985213759
UBFC_PHYS_s17_T3_ctrl,16,37,17.233333333333334,0.3286256194114685,0.014961405505813995
UBFC_PHYS_s17_T3_ctrl,16,38,17.266666666666666,0.33940640091896057,-0.06296551167622162
UBFC_PHYS_s17_T3_ctrl,16,39,17.3,0.34187623858451843,-0.11677812761075161
UBFC_PHYS_s17_T3_ctrl,16,40,17.333333333333332,0.36151808500289917,-0.11853298710661864
UBFC_PHYS_s17_T3_ctrl,16,41,17.366666666666667,0.3768874406814575,-0.05265875213583592
UBFC_PHYS_s17_T3_ctrl,16,42,17.4,0.36895108222961426,0.07553823948774287
UBFC_PHYS_s17_T3_ctrl,16,43,17.433333333333334,0.3425317704677582,0.23862632730622077
UBFC_PHYS_s17_T3_ctrl,16,44,17.466666666666665,0.282166451215744,0.3940245487399569
UBFC_PHYS_s17_T3_ctrl,16,45,17.5,0.16773340106010437,0.4971047773616218
UBFC_PHYS_s17_T3_ctrl,16,46,17.533333333333335,0.03551967442035675,0.5157945978666336
UBFC_PHYS_s17_T3_ctrl,16,47,17.566666666666666,-0.06459753960371017,0.44110230296259334
UBFC_PHYS_s17_T3_ctrl,16,48,17.6,-0.15263468027114868,0.2893028502939718
UBFC_PHYS_s17_T3_ctrl,16,49,17.633333333333333,-0.28176984190940857,0.09492723178288992
UBFC_PHYS_s17_T3_ctrl,16,50,17.666666666666668,-0.4583357274532318,-0.10214085241896381
UBFC_PHYS_s17_T3_ctrl,16,51,17.7,-0.6030392646789551,-0.26960246996103693
UBFC_PHYS_s17_T3_ctrl,16,52,17.733333333333334,-0.5881966352462769,-0.39049487707686903
UBFC_PHYS_s17_T3_ctrl,16,53,17.766666666666666,-0.37739214301109314,-0.46359273516003563
UBFC_PHYS_s17_T3_ctrl,16,54,17.8,-0.11017879098653793,-0.49781008257504344
UBFC_PHYS_s17_T3_ctrl,16,55,17.833333333333332,0.08187349140644073,-0.5043171402385835
UBFC_PHYS_s17_T3_ctrl,16,56,17.866666666666667,0.2042311728000641,-0.4904722268686485
UBFC_PHYS_s17_T3_ctrl,16,57,17.9,0.2885693609714508,-0.4581850671166824
UBFC_PHYS_s17_T3_ctrl,16,58,17.933333333333334,0.3237561285495758,-0.4067810845997637
UBFC_PHYS_s17_T3_ctrl,16,59,17.966666666666665,0.32451698184013367,-0.33794432163606464
UBFC_PHYS_s17_T3_ctrl,16,60,18.0,0.33330783247947693,-0.25907543781623715
UBFC_PHYS_s17_T3_ctrl,16,61,18.033333333333335,0.3512289524078369,-0.18240760698935982
UBFC_PHYS_s17_T3_ctrl,16,62,18.066666666666666,0.35128748416900635,-0.12016160518255464
UBFC_PHYS_s17_T3_ctrl,16,63,18.1,0.3342910706996918,-0.07859920900495239
UBFC_PHYS_s17_T3_ctrl,16,64,18.133333333333333,0.31496527791023254,-0.054134609539157406
UBFC_PHYS_s17_T3_ctrl,16,65,18.166666666666668,0.27466320991516113,-0.03333932355267726
UBFC_PHYS_s17_T3_ctrl,16,66,18.2,0.17640717327594757,0.002808932342360815
UBFC_PHYS_s17_T3_ctrl,16,67,18.233333333333334,0.03344779834151268,0.07145895402592159
UBFC_PHYS_s17_T3_ctrl,16,68,18.266666666666666,-0.08771592378616333,0.1796112643569381
UBFC_PHYS_s17_T3_ctrl,16,69,18.3,-0.1617649644613266,0.3183462868072637
UBFC_PHYS_s17_T3_ctrl,16,70,18.333333333333332,-0.2466416209936142,0.4625787671946302
UBFC_PHYS_s17_T3_ctrl,16,71,18.366666666666667,-0.40474793314933777,0.5775601773858492
UBFC_PHYS_s17_T3_ctrl,16,72,18.4,-0.6047950387001038,0.630449266174912
UBFC_PHYS_s17_T3_ctrl,16,73,18.433333333333334,-0.7203167080879211,0.6025711683742305
UBFC_PHYS_s17_T3_ctrl,16,74,18.466666666666665,-0.6473914384841919,0.49702720685840296
UBFC_PHYS_s17_T3_ctrl,16,75,18.5,-0.41502535343170166,0.338072889913345
UBFC_PHYS_s17_T3_ctrl,16,76,18.533333333333335,-0.15787874162197113,0.16262147744250544
UBFC_PHYS_s17_T3_ctrl,16,77,18.566666666666666,0.02933916635811329,0.007881299458193082
UBFC_PHYS_s17_T3_ctrl,16,78,18.6,0.14880558848381042,-0.09974001204741362
UBFC_PHYS_s17_T3_ctrl,16,79,18.633333333333333,0.21347852051258087,-0.1506449182148595
UBFC_PHYS_s17_T3_ctrl,16,80,18.666666666666668,0.21080966293811798,-0.15158931658601693
UBFC_PHYS_s17_T3_ctrl,16,81,18.7,0.16214987635612488,-0.1198800605912083
UBFC_PHYS_s17_T3_ctrl,16,82,18.733333333333334,0.1365850418806076,-0.0751623934969491
UBFC_PHYS_s17_T3_ctrl,16,83,18.766666666666666,0.15739743411540985,-0.032331704056961084
UBFC_PHYS_s17_T3_ctrl,16,84,18.8,0.15575866401195526,0.0017028427015203925
UBFC_PHYS_s17_T3_ctrl,16,85,18.833333333333332,0.08585336059331894,0.02664422300513827
UBFC_PHYS_s17_T3_ctrl,16,86,18.866666666666667,-0.010892667807638645,0.0444300596144496
UBFC_PHYS_s17_T3_ctrl,16,87,18.9,-0.09715056419372559,0.05498716042882233
UBFC_PHYS_s17_T3_ctrl,16,88,18.933333333333334,-0.19205883145332336,0.05496464965454096
UBFC_PHYS_s17_T3_ctrl,16,89,18.966666666666665,-0.3020437955856323,0.04014033531918479
UBFC_PHYS_s17_T3_ctrl,16,90,19.0,-0.4050171375274658,0.00938270451233404
UBFC_PHYS_s17_T3_ctrl,16,91,19.033333333333335,-0.5056962370872498,-0.0331135308539198
UBFC_PHYS_s17_T3_ctrl,16,92,19.066666666666666,-0.612719714641571,-0.07898059580337172
UBFC_PHYS_s17_T3_ctrl,16,93,19.1,-0.6945528984069824,-0.11934789046060033
UBFC_PHYS_s17_T3_ctrl,16,94,19.133333333333333,-0.7090794444084167,-0.14899894633411292
UBFC_PHYS_s17_T3_ctrl,16,95,19.166666666666668,-0.6020793914794922,-0.16920101059115525
UBFC_PHYS_s17_T3_ctrl,16,96,19.2,-0.3075336813926697,-0.18802752431023684
UBFC_PHYS_s17_T3_ctrl,16,97,19.233333333333334,0.14168864488601685,-0.21782116706909768
UBFC_PHYS_s17_T3_ctrl,16,98,19.266666666666666,0.5664229989051819,-0.2704715085567448
UBFC_PHYS_s17_T3_ctrl,16,99,19.3,0.8224459290504456,-0.3519948599031723
UBFC_PHYS_s17_T3_ctrl,16,100,19.333333333333332,0.9227972626686096,-0.45812480120279264
UBFC_PHYS_s17_T3_ctrl,16,101,19.366666666666667,0.9116418957710266,-0.5723605852284837
UBFC_PHYS_s17_T3_ctrl,16,102,19.4,0.8033074140548706,-0.6674188912307517
UBFC_PHYS_s17_T3_ctrl,16,103,19.433333333333334,0.6587443947792053,-0.7102946722757604
UBFC_PHYS_s17_T3_ctrl,16,104,19.466666666666665,0.5851401090621948,-0.6701787805355668
UBFC_PHYS_s17_T3_ctrl,16,105,19.5,0.6209121942520142,-0.5276165473012652
UBFC_PHYS_s17_T3_ctrl,16,106,19.533333333333335,0.6946920156478882,-0.2827379263733104
UBFC_PHYS_s17_T3_ctrl,16,107,19.566666666666666,0.7318101525306702,0.04008958717945901
UBFC_PHYS_s17_T3_ctrl,16,108,19.6,0.7191681861877441,0.3940300960245846
UBFC_PHYS_s17_T3_ctrl,16,109,19.633333333333333,0.636457085609436,0.7194328749669701
UBFC_PHYS_s17_T3_ctrl,16,110,19.666666666666668,0.45990288257598877,0.9594148705385485
UBFC_PHYS_s17_T3_ctrl,16,111,19.7,0.23498155176639557,1.075999961954666
UBFC_PHYS_s17_T3_ctrl,16,112,19.733333333333334,0.025804102420806885,1.0604937474549523
UBFC_PHYS_s17_T3_ctrl,16,113,19.766666666666666,-0.16971300542354584,0.9338843323732393
UBFC_PHYS_s17_T3_ctrl,16,114,19.8,-0.38879331946372986,0.7372072174307182
UBFC_PHYS_s17_T3_ctrl,16,115,19.833333333333332,-0.6518863439559937,0.5161194354495061
UBFC_PHYS_s17_T3_ctrl,16,116,19.866666666666667,-0.922529399394989,0.3063760133702078
UBFC_PHYS_s17_T3_ctrl,16,117,19.9,-1.0670338869094849,0.12609784219697576
UBFC_PHYS_s17_T3_ctrl,16,118,19.933333333333334,-0.9614619016647339,-0.02307828141253066
UBFC_PHYS_s17_T3_ctrl,16,119,19.966666666666665,-0.6446523070335388,-0.14824449063165943
UBFC_PHYS_s17_T3_ctrl,16,120,20.0,-0.2792999744415283,-0.2555655334341149
UBFC_PHYS_s17_T3_ctrl,16,121,20.033333333333335,-0.004887741524726152,-0.3433726871195235
UBFC_PHYS_s17_T3_ctrl,16,122,20.066666666666666,0.1330031454563141,-0.4008663269819339
UBFC_PHYS_s17_T3_ctrl,16,123,20.1,0.14013180136680603,-0.41267443751540916
UBFC_PHYS_s17_T3_ctrl,16,124,20.133333333333333,0.0613420270383358,-0.36702064520400607
UBFC_PHYS_s17_T3_ctrl,16,125,20.166666666666668,-0.007615124806761742,-0.26374904151973194
UBFC_PHYS_s17_T3_ctrl,16,126,20.2,0.015327672474086285,-0.11845443466442009
UBFC_PHYS_s17_T3_ctrl,16,127,20.233333333333334,0.11809033155441284,0.03956445019748256
UBFC_PHYS_s17_T3_ctrl,16,128,20.266666666666666,0.224095419049263,0.1753505683068811
UBFC_PHYS_s17_T3_ctrl,16,129,20.3,0.27483880519866943,0.259425952799824
UBFC_PHYS_s17_T3_ctrl,16,130,20.333333333333332,0.24621883034706116,0.2772548439037225
UBFC_PHYS_s17_T3_ctrl,16,131,20.366666666666667,0.15131056308746338,0.23280100482811167
UBFC_PHYS_s17_T3_ctrl,16,132,20.4,0.04630044847726822,0.14509666702249652
UBFC_PHYS_s17_T3_ctrl,16,133,20.433333333333334,-0.03200940415263176,0.04015385790178613
UBFC_PHYS_s17_T3_ctrl,16,134,20.466666666666665,-0.1217789500951767,-0.05811755481815249
UBFC_PHYS_s17_T3_ctrl,16,135,20.5,-0.29176634550094604,-0.1348636469634429
UBFC_PHYS_s17_T3_ctrl,16,136,20.533333333333335,-0.5324081778526306,-0.18717463533277304
UBFC_PHYS_s17_T3_ctrl,16,137,20.566666666666666,-0.6953606009483337,-0.22237958241483477
UBFC_PHYS_s17_T3_ctrl,16,138,20.6,-0.6239686608314514,-0.25277528812440375
UBFC_PHYS_s17_T3_ctrl,16,139,20.633333333333333,-0.33953651785850525,-0.28908085279827145
UBFC_PHYS_s17_T3_ctrl,16,140,20.666666666666668,-0.0239443089812994,-0.33533721193802374
UBFC_PHYS_s17_T3_ctrl,16,141,20.7,0.19238519668579102,-0.38725531432563265
UBFC_PHYS_s17_T3_ctrl,16,142,20.733333333333334,0.3066895008087158,-0.4343653723190088
UBFC_PHYS_s17_T3_ctrl,16,143,20.766666666666666,0.33592984080314636,-0.4645919835609594
UBFC_PHYS_s17_T3_ctrl,16,144,20.8,0.2910626232624054,-0.46896346173123793
UBFC_PHYS_s17_T3_ctrl,16,145,20.833333333333332,0.23281602561473846,-0.4443461705778673
UBFC_PHYS_s17_T3_ctrl,16,146,20.866666666666667,0.2219650149345398,-0.39315824958324436
UBFC_PHYS_s17_T3_ctrl,16,147,20.9,0.2526802718639374,-0.32047705982236946
UBFC_PHYS_s17_T3_ctrl,16,148,20.933333333333334,0.27547091245651245,-0.23022237568106427
UBFC_PHYS_s17_T3_ctrl,16,149,20.966666666666665,0.24984754621982574,-0.12265270955069624
UBFC_PHYS_s17_T3_ctrl,16,150,21.0,0.15807634592056274,0.005067265886951118
UBFC_PHYS_s17_T3_ctrl,16,151,21.033333333333335,0.011780902743339539,0.1550040041573682
UBFC_PHYS_s17_T3_ctrl,16,152,21.066666666666666,-0.14488562941551208,0.32311305713045413
UBFC_PHYS_s17_T3_ctrl,16,153,21.1,-0.2843216359615326,0.49558457201995576
UBFC_PHYS_s17_T3_ctrl,16,154,21.133333333333333,-0.43809691071510315,0.6496720529605479
UBFC_PHYS_s17_T3_ctrl,16,155,21.166666666666668,-0.6490184664726257,0.7596412947558189
UBFC_PHYS_s17_T3_ctrl,16,156,21.2,-0.8559484481811523,0.8055550609670092
UBFC_PHYS_s17_T3_ctrl,16,157,21.233333333333334,-0.8834680914878845,0.7807838008427536
UBFC_PHYS_s17_T3_ctrl,16,158,21.266666666666666,-0.6278783082962036,0.6946525836717061
UBFC_PHYS_s17_T3_ctrl,16,159,21.3,-0.23108498752117157,0.5688953423941421
UBFC_PHYS_s17_T3_ctrl,16,160,21.333333333333332,0.08415606617927551,0.4292097619187648
UBFC_PHYS_s17_T3_ctrl,16,161,21.366666666666667,0.2581116259098053,0.29532703462478743
UBFC_PHYS_s17_T3_ctrl,16,162,21.4,0.35097143054008484,0.17399871140802042
UBFC_PHYS_s17_T3_ctrl,16,163,21.433333333333334,0.3835712671279907,0.058407184211669724
UBFC_PHYS_s17_T3_ctrl,16,164,21.466666666666665,0.35655495524406433,-0.06532288136491275
UBFC_PHYS_s17_T3_ctrl,16,165,21.5,0.32751360535621643,-0.2072829261730967
UBFC_PHYS_s17_T3_ctrl,16,166,21.533333333333335,0.34648820757865906,-0.36367985649719203
UBFC_PHYS_s17_T3_ctrl,16,167,21.566666666666666,0.375728577375412,-0.5125672947444503
UBFC_PHYS_s17_T3_ctrl,16,168,21.6,0.3613308072090149,-0.6181524433266926
UBFC_PHYS_s17_T3_ctrl,16,169,21.633333333333333,0.2918000817298889,-0.6427854058230944
UBFC_PHYS_s17_T3_ctrl,16,170,21.666666666666668,0.175400510430336,-0.5623750031303189
UBFC_PHYS_s17_T3_ctrl,16,171,21.7,0.03193778917193413,-0.3791467054355658
UBFC_PHYS_s17_T3_ctrl,16,172,21.733333333333334,-0.10891459882259369,-0.12610436960958638
UBFC_PHYS_s17_T3_ctrl,16,173,21.766666666666666,-0.25368833541870117,0.13962214612845256
UBFC_PHYS_s17_T3_ctrl,16,174,21.8,-0.4593775272369385,0.352999800954042
UBFC_PHYS_s17_T3_ctrl,16,175,21.833333333333332,-0.7145107984542847,0.4612743151050016
UBFC_PHYS_s17_T3_ctrl,16,176,21.866666666666667,-0.8628196120262146,0.4405866010861905
UBFC_PHYS_s17_T3_ctrl,16,177,21.9,-0.7332513332366943,0.3025962349837654
UBFC_PHYS_s17_T3_ctrl,16,178,21.933333333333334,-0.3544142246246338,0.08849659708776063
UBFC_PHYS_s17_T3_ctrl,16,179,21.966666666666665,0.04837232455611229,-0.14699844493076533
UBFC_PHYS_s17_T3_ctrl,16,180,22.0,0.3006494343280792,-0.3546860814518288
UBFC_PHYS_s17_T3_ctrl,16,181,22.033333333333335,0.40738028287887573,-0.5047159631599027
UBFC_PHYS_s17_T3_ctrl,16,182,22.066666666666666,0.4242362082004547,-0.5900582594540195
UBFC_PHYS_s17_T3_ctrl,16,183,22.1,0.3727788031101227,-0.6197992743727646
UBFC_PHYS_s17_T3_ctrl,16,184,22.133333333333333,0.3265420198440552,-0.6071849128491421
UBFC_PHYS_s17_T3_ctrl,16,185,22.166666666666668,0.3633909821510315,-0.5592461798413718
UBFC_PHYS_s17_T3_ctrl,16,186,22.2,0.44202858209609985,-0.4733174646746314
UBFC_PHYS_s17_T3_ctrl,16,187,22.233333333333334,0.47262677550315857,-0.3418115613992089
UBFC_PHYS_s17_T3_ctrl,16,188,22.266666666666666,0.4394885003566742,-0.16221855782058944
UBFC_PHYS_s17_T3_ctrl,16,189,22.3,0.3526570200920105,0.053539173491505714
UBFC_PHYS_s17_T3_ctrl,16,190,22.333333333333332,0.20478133857250214,0.27621837620085876
UBFC_PHYS_s17_T3_ctrl,16,191,22.366666666666667,0.029994674026966095,0.4656441476053287
UBFC_PHYS_s17_T3_ctrl,16,192,22.4,-0.12791264057159424,0.5844738007824559
UBFC_PHYS_s17_T3_ctrl,16,193,22.433333333333334,-0.2989886403083801,0.613356005608844
UBFC_PHYS_s17_T3_ctrl,16,194,22.466666666666665,-0.5473795533180237,0.5602466610101114
UBFC_PHYS_s17_T3_ctrl,16,195,22.5,-0.8436225652694702,0.4589827702517168
UBFC_PHYS_s17_T3_ctrl,16,196,22.533333333333335,-1.0057907104492188,0.35714962566886166
UBFC_PHYS_s17_T3_ctrl,16,197,22.566666666666666,-0.8642359375953674,0.29816515945740385
UBFC_PHYS_s17_T3_ctrl,16,198,22.6,-0.4714224934577942,0.3048476536771289
UBFC_PHYS_s17_T3_ctrl,16,199,22.633333333333333,-0.06066448986530304,0.3708731817475932
UBFC_PHYS_s17_T3_ctrl,16,200,22.666666666666668,0.21923764050006866,0.46324686540628374
UBFC_PHYS_s17_T3_ctrl,16,201,22.7,0.38355955481529236,0.5346174356200044
UBFC_PHYS_s17_T3_ctrl,16,202,22.733333333333334,0.4554547965526581,0.5405663385737322
UBFC_PHYS_s17_T3_ctrl,16,203,22.766666666666666,0.4363865256309509,0.4552901519089868
UBFC_PHYS_s17_T3_ctrl,16,204,22.8,0.40399739146232605,0.2800153830503336
UBFC_PHYS_s17_T3_ctrl,16,205,22.833333333333332,0.42870771884918213,0.04158458999182703
UBFC_PHYS_s17_T3_ctrl,16,206,22.866666666666667,0.4794745147228241,-0.21738888767611356
UBFC_PHYS_s17_T3_ctrl,16,207,22.9,0.5160542130470276,-0.4523324019246373
UBFC_PHYS_s17_T3_ctrl,16,208,22.933333333333334,0.5329569578170776,-0.6291242520420032
UBFC_PHYS_s17_T3_ctrl,16,209,22.966666666666665,0.4921984076499939,-0.7310520826299429
UBFC_PHYS_s17_T3_ctrl,16,210,23.0,0.3675464391708374,-0.7589227819982021
UBFC_PHYS_s17_T3_ctrl,16,211,23.033333333333335,0.2296087145805359,-0.7256293810846303
UBFC_PHYS_s17_T3_ctrl,16,212,23.066666666666666,0.14840760827064514,-0.6481986942383218
UBFC_PHYS_s17_T3_ctrl,16,213,23.1,0.0777648538351059,-0.5408178627979614
UBFC_PHYS_s17_T3_ctrl,16,214,23.133333333333333,-0.06992354989051819,-0.41169069290194293
UBFC_PHYS_s17_T3_ctrl,16,215,23.166666666666668,-0.28866440057754517,-0.2648588907151934
UBFC_PHYS_s17_T3_ctrl,16,216,23.2,-0.4256656765937805,-0.10570978682435117
UBFC_PHYS_s17_T3_ctrl,16,217,23.233333333333334,-0.30342504382133484,0.053188842727358035
UBFC_PHYS_s17_T3_ctrl,16,218,23.266666666666666,0.05334716662764549,0.18990674698791357
UBFC_PHYS_s17_T3_ctrl,16,219,23.3,0.3794158101081848,0.27718923490334463
UBFC_PHYS_s17_T3_ctrl,16,220,23.333333333333332,0.47248631715774536,0.2921924616488431
UBFC_PHYS_s17_T3_ctrl,16,221,23.366666666666667,0.35167375206947327,0.22801725285679422
UBFC_PHYS_s17_T3_ctrl,16,222,23.4,0.09953710436820984,0.10127898998226084
UBFC_PHYS_s17_T3_ctrl,16,223,23.433333333333334,-0.23826046288013458,-0.049015368927235244
UBFC_PHYS_s17_T3_ctrl,16,224,23.466666666666665,-0.5264500975608826,-0.1721678566947994
UBFC_PHYS_s17_T3_ctrl,16,225,23.5,-0.5763857960700989,-0.22246003840637094
UBFC_PHYS_s17_T3_ctrl,16,226,23.533333333333335,-0.4288027286529541,-0.17548215252514468
UBFC_PHYS_s17_T3_ctrl,16,227,23.566666666666666,-0.3077092468738556,-0.037727869036901215
UBFC_PHYS_s17_T3_ctrl,16,228,23.6,-0.2526816427707672,0.15465916864693852
UBFC_PHYS_s17_T3_ctrl,16,229,23.633333333333333,-0.1973028928041458,0.3480297326947004
UBFC_PHYS_s17_T3_ctrl,16,230,23.666666666666668,-0.1941424012184143,0.4897328286393611
UBFC_PHYS_s17_T3_ctrl,16,231,23.7,-0.3019501566886902,0.5456142739957329
UBFC_PHYS_s17_T3_ctrl,16,232,23.733333333333334,-0.4373360574245453,0.5097214018707169
UBFC_PHYS_s17_T3_ctrl,16,233,23.766666666666666,-0.5032263398170471,0.4030750521626408
UBFC_PHYS_s17_T3_ctrl,16,234,23.8,-0.5188298225402832,0.26322077165257396
UBFC_PHYS_s17_T3_ctrl,16,235,23.833333333333332,-0.5671384334564209,0.12984402579238627
UBFC_PHYS_s17_T3_ctrl,16,236,23.866666666666667,-0.6700533032417297,0.03234858795170221
UBFC_PHYS_s17_T3_ctrl,16,237,23.9,-0.7203986644744873,-0.01680925793880524
UBFC_PHYS_s17_T3_ctrl,16,238,23.933333333333334,-0.5615432262420654,-0.022470675863605412
UBFC_PHYS_s17_T3_ctrl,16,239,23.966666666666665,-0.1718551218509674,-0.002626803500511245
UBFC_PHYS_s17_T3_ctrl,17,0,17.0,-0.744242787361145,-0.03852033340409873
UBFC_PHYS_s17_T3_ctrl,17,1,17.033333333333335,-0.7336609959602356,0.24998425194028692
UBFC_PHYS_s17_T3_ctrl,17,2,17.066666666666666,-0.525665819644928,0.5109259684507268
UBFC_PHYS_s17_T3_ctrl,17,3,17.1,-0.2409878522157669,0.7154684175085374
UBFC_PHYS_s17_T3_ctrl,17,4,17.133333333333333,-0.009148546494543552,0.8369704172108328
UBFC_PHYS_s17_T3_ctrl,17,5,17.166666666666668,0.15245771408081055,0.8565262590241111
UBFC_PHYS_s17_T3_ctrl,17,6,17.2,0.2670780420303345,0.7704403951261192
UBFC_PHYS_s17_T3_ctrl,17,7,17.233333333333334,0.3286256194114685,0.5964617557701727
UBFC_PHYS_s17_T3_ctrl,17,8,17.266666666666666,0.33940640091896057,0.3743591718165627
UBFC_PHYS_s17_T3_ctrl,17,9,17.3,0.34187623858451843,0.15788473030487515
UBFC_PHYS_s17_T3_ctrl,17,10,17.333333333333332,0.36151808500289917,-0.00011816215633793099
UBFC_PHYS_s17_T3_ctrl,17,11,17.366666666666667,0.3768874406814575,-0.0635294381110547
UBFC_PHYS_s17_T3_ctrl,17,12,17.4,0.36895108222961426,-0.023646347690671147
UBFC_PHYS_s17_T3_ctrl,17,13,17.433333333333334,0.3425317704677582,0.09854562287747151
UBFC_PHYS_s17_T3_ctrl,17,14,17.466666666666665,0.282166451215744,0.25897952658709145
UBFC_PHYS_s17_T3_ctrl,17,15,17.5,0.16773340106010437,0.4040682069448854
UBFC_PHYS_s17_T3_ctrl,17,16,17.533333333333335,0.03551967442035675,0.4871271827766586
UBFC_PHYS_s17_T3_ctrl,17,17,17.566666666666666,-0.06459753960371017,0.4822335737081642
UBFC_PHYS_s17_T3_ctrl,17,18,17.6,-0.15263468027114868,0.390558514649312
UBFC_PHYS_s17_T3_ctrl,17,19,17.633333333333333,-0.28176984190940857,0.23691629241604723
UBFC_PHYS_s17_T3_ctrl,17,20,17.666666666666668,-0.4583357274532318,0.05845110573774282
UBFC_PHYS_s17_T3_ctrl,17,21,17.7,-0.6030392646789551,-0.10927278716888585
UBFC_PHYS_s17_T3_ctrl,17,22,17.733333333333334,-0.5881966352462769,-0.24299582258487898
UBFC_PHYS_s17_T3_ctrl,17,23,17.766666666666666,-0.37739214301109314,-0.33574837688339354
UBFC_PHYS_s17_T3_ctrl,17,24,17.8,-0.11017879098653793,-0.3940016639701104
UBFC_PHYS_s17_T3_ctrl,17,25,17.833333333333332,0.08187349140644073,-0.4307465522449218
UBFC_PHYS_s17_T3_ctrl,17,26,17.866666666666667,0.2042311728000641,-0.4582822323869385
UBFC_PHYS_s17_T3_ctrl,17,27,17.9,0.2885693609714508,-0.48370946020157135
UBFC_PHYS_s17_T3_ctrl,17,28,17.933333333333334,0.3237561285495758,-0.5083054070938711
UBFC_PHYS_s17_T3_ctrl,17,29,17.966666666666665,0.32451698184013367,-0.5299194947824865
UBFC_PHYS_s17_T3_ctrl,17,30,18.0,0.33330783247947693,-0.5460864188212132
UBFC_PHYS_s17_T3_ctrl,17,31,18.033333333333335,0.3512289524078369,-0.5555187906247941
UBFC_PHYS_s17_T3_ctrl,17,32,18.066666666666666,0.35128748416900635,-0.5571065548926729
UBFC_PHYS_s17_T3_ctrl,17,33,18.1,0.3342910706996918,-0.547380343004526
UBFC_PHYS_s17_T3_ctrl,17,34,18.133333333333333,0.31496527791023254,-0.518354833899251
UBFC_PHYS_s17_T3_ctrl,17,35,18.166666666666668,0.27466320991516113,-0.45754892032940764
UBFC_PHYS_s17_T3_ctrl,17,36,18.2,0.17640717327594757,-0.35112967871019346
UBFC_PHYS_s17_T3_ctrl,17,37,18.233333333333334,0.03344779834151268,-0.1898000138453936
UBFC_PHYS_s17_T3_ctrl,17,38,18.266666666666666,-0.08771592378616333,0.024439702835909526
UBFC_PHYS_s17_T3_ctrl,17,39,18.3,-0.1617649644613266,0.27362493206482585
UBFC_PHYS_s17_T3_ctrl,17,40,18.333333333333332,-0.2466416209936142,0.5242647093549702
UBFC_PHYS_s17_T3_ctrl,17,41,18.366666666666667,-0.40474793314933777,0.7343242765476097
UBFC_PHYS_s17_T3_ctrl,17,42,18.4,-0.6047950387001038,0.8652321093345677
UBFC_PHYS_s17_T3_ctrl,17,43,18.433333333333334,-0.7203167080879211,0.8944476829611425
UBFC_PHYS_s17_T3_ctrl,17,44,18.466666666666665,-0.6473914384841919,0.8230184981256073
UBFC_PHYS_s17_T3_ctrl,17,45,18.5,-0.41502535343170166,0.6744974073478901
UBFC_PHYS_s17_T3_ctrl,17,46,18.533333333333335,-0.15787874162197113,0.4859775436398274
UBFC_PHYS_s17_T3_ctrl,17,47,18.566666666666666,0.02933916635811329,0.2958095704680974
UBFC_PHYS_s17_T3_ctrl,17,48,18.6,0.14880558848381042,0.13321347833140715
UBFC_PHYS_s17_T3_ctrl,17,49,18.633333333333333,0.21347852051258087,0.013031732996722247
UBFC_PHYS_s17_T3_ctrl,17,50,18.666666666666668,0.21080966293811798,-0.06375035819537031
UBFC_PHYS_s17_T3_ctrl,17,51,18.7,0.16214987635612488,-0.1051708208936942
UBFC_PHYS_s17_T3_ctrl,17,52,18.733333333333334,0.1365850418806076,-0.12171740876589218
UBFC_PHYS_s17_T3_ctrl,17,53,18.766666666666666,0.15739743411540985,-0.1207649146157254
UBFC_PHYS_s17_T3_ctrl,17,54,18.8,0.15575866401195526,-0.10417060173879505
UBFC_PHYS_s17_T3_ctrl,17,55,18.833333333333332,0.08585336059331894,-0.06984093028644825
UBFC_PHYS_s17_T3_ctrl,17,56,18.866666666666667,-0.010892667807638645,-0.016260333819847362
UBFC_PHYS_s17_T3_ctrl,17,57,18.9,-0.09715056419372559,0.05261539929620829
UBFC_PHYS_s17_T3_ctrl,17,58,18.933333333333334,-0.19205883145332336,0.12515363771065133
UBFC_PHYS_s17_T3_ctrl,17,59,18.966666666666665,-0.3020437955856323,0.18425250696707204
UBFC_PHYS_s17_T3_ctrl,17,60,19.0,-0.4050171375274658,0.21300814836981458
UBFC_PHYS_s17_T3_ctrl,17,61,19.033333333333335,-0.5056962370872498,0.20082473785483976
UBFC_PHYS_s17_T3_ctrl,17,62,19.066666666666666,-0.612719714641571,0.1470474565665446
UBFC_PHYS_s17_T3_ctrl,17,63,19.1,-0.6945528984069824,0.060779281489861274
UBFC_PHYS_s17_T3_ctrl,17,64,19.133333333333333,-0.7090794444084167,-0.042824081997753186
UBFC_PHYS_s17_T3_ctrl,17,65,19.166666666666668,-0.6020793914794922,-0.1482835621174796
UBFC_PHYS_s17_T3_ctrl,17,66,19.2,-0.3075336813926697,-0.2453288121572012
UBFC_PHYS_s17_T3_ctrl,17,67,19.233333333333334,0.14168864488601685,-0.3320799111399352
UBFC_PHYS_s17_T3_ctrl,17,68,19.266666666666666,0.5664229989051819,-0.41469022344029116
UBFC_PHYS_s17_T3_ctrl,17,69,19.3,0.8224459290504456,-0.5035622879791447
UBFC_PHYS_s17_T3_ctrl,17,70,19.333333333333332,0.9227972626686096,-0.6072715087991597
UBFC_PHYS_s17_T3_ctrl,17,71,19.366666666666667,0.9116418957710266,-0.7260119298787686
UBFC_PHYS_s17_T3_ctrl,17,72,19.4,0.8033074140548706,-0.8467796203176107
UBFC_PHYS_s17_T3_ctrl,17,73,19.433333333333334,0.6587443947792053,-0.9423841444396157
UBFC_PHYS_s17_T3_ctrl,17,74,19.466666666666665,0.5851401090621948,-0.9755307714103711
UBFC_PHYS_s17_T3_ctrl,17,75,19.5,0.6209121942520142,-0.9079028670481116
UBFC_PHYS_s17_T3_ctrl,17,76,19.533333333333335,0.6946920156478882,-0.7126822591405775
UBFC_PHYS_s17_T3_ctrl,17,77,19.566666666666666,0.7318101525306702,-0.38720469085789055
UBFC_PHYS_s17_T3_ctrl,17,78,19.6,0.7191681861877441,0.0391118670051451
UBFC_PHYS_s17_T3_ctrl,17,79,19.633333333333333,0.636457085609436,0.5062655875591858
UBFC_PHYS_s17_T3_ctrl,17,80,19.666666666666668,0.45990288257598877,0.9363489608580491
UBFC_PHYS_s17_T3_ctrl,17,81,19.7,0.23498155176639557,1.2543833170497187
UBFC_PHYS_s17_T3_ctrl,17,82,19.733333333333334,0.025804102420806885,1.4099821181572458
UBFC_PHYS_s17_T3_ctrl,17,83,19.766666666666666,-0.16971300542354584,1.3911491061787142
UBFC_PHYS_s17_T3_ctrl,17,84,19.8,-0.38879331946372986,1.2243815812996566
UBFC_PHYS_s17_T3_ctrl,17,85,19.833333333333332,-0.6518863439559937,0.9614108713776118
UBFC_PHYS_s17_T3_ctrl,17,86,19.866666666666667,-0.922529399394989,0.6593966836219576
UBFC_PHYS_s17_T3_ctrl,17,87,19.9,-1.0670338869094849,0.3640808668333244
UBFC_PHYS_s17_T3_ctrl,17,88,19.933333333333334,-0.9614619016647339,0.10234851390889448
UBFC_PHYS_s17_T3_ctrl,17,89,19.966666666666665,-0.6446523070335388,-0.11535686643099219
UBFC_PHYS_s17_T3_ctrl,17,90,20.0,-0.2792999744415283,-0.28700538151891525
UBFC_PHYS_s17_T3_ctrl,17,91,20.033333333333335,-0.004887741524726152,-0.4109806513803539
UBFC_PHYS_s17_T3_ctrl,17,92,20.066666666666666,0.1330031454563141,-0.48214587012331656
UBFC_PHYS_s17_T3_ctrl,17,93,20.1,0.14013180136680603,-0.49309747900820505
UBFC_PHYS_s17_T3_ctrl,17,94,20.133333333333333,0.0613420270383358,-0.43924424190717093
UBFC_PHYS_s17_T3_ctrl,17,95,20.166666666666668,-0.007615124806761742,-0.32488885681650775
UBFC_PHYS_s17_T3_ctrl,17,96,20.2,0.015327672474086285,-0.16704719202629575
UBFC_PHYS_s17_T3_ctrl,17,97,20.233333333333334,0.11809033155441284,0.0055144780035899605
UBFC_PHYS_s17_T3_ctrl,17,98,20.266666666666666,0.224095419049263,0.15860973424937927
UBFC_PHYS_s17_T3_ctrl,17,99,20.3,0.27483880519866943,0.26234657099786346
UBFC_PHYS_s17_T3_ctrl,17,100,20.333333333333332,0.24621883034706116,0.3001751174632528
UBFC_PHYS_s17_T3_ctrl,17,101,20.366666666666667,0.15131056308746338,0.2731510263113102
UBFC_PHYS_s17_T3_ctrl,17,102,20.4,0.04630044847726822,0.1976898692908924
UBFC_PHYS_s17_T3_ctrl,17,103,20.433333333333334,-0.03200940415263176,0.09827301338074444
UBFC_PHYS_s17_T3_ctrl,17,104,20.466666666666665,-0.1217789500951767,-0.0015068992810659838
UBFC_PHYS_s17_T3_ctrl,17,105,20.5,-0.29176634550094604,-0.08608048036829923
UBFC_PHYS_s17_T3_ctrl,17,106,20.533333333333335,-0.5324081778526306,-0.1509847410568145
UBFC_PHYS_s17_T3_ctrl,17,107,20.566666666666666,-0.6953606009483337,-0.20145046963631288
UBFC_PHYS_s17_T3_ctrl,17,108,20.6,-0.6239686608314514,-0.24764404892586467
UBFC_PHYS_s17_T3_ctrl,17,109,20.633333333333333,-0.33953651785850525,-0.2987351190298921
UBFC_PHYS_s17_T3_ctrl,17,110,20.666666666666668,-0.0239443089812994,-0.3582273506781239
UBFC_PHYS_s17_T3_ctrl,17,111,20.7,0.19238519668579102,-0.42232535281679806
UBFC_PHYS_s17_T3_ctrl,17,112,20.733333333333334,0.3066895008087158,-0.48166037834870856
UBFC_PHYS_s17_T3_ctrl,17,113,20.766666666666666,0.33592984080314636,-0.5251737621890732
UBFC_PHYS_s17_T3_ctrl,17,114,20.8,0.2910626232624054,-0.5441377158258717
UBFC_PHYS_s17_T3_ctrl,17,115,20.833333333333332,0.23281602561473846,-0.5344923223152204
UBFC_PHYS_s17_T3_ctrl,17,116,20.866666666666667,0.2219650149345398,-0.4967055592121646
UBFC_PHYS_s17_T3_ctrl,17,117,20.9,0.2526802718639374,-0.4336390363756133
UBFC_PHYS_s17_T3_ctrl,17,118,20.933333333333334,0.27547091245651245,-0.34781152170618895
UBFC_PHYS_s17_T3_ctrl,17,119,20.966666666666665,0.24984754621982574,-0.2396933603780116
UBFC_PHYS_s17_T3_ctrl,17,120,21.0,0.15807634592056274,-0.10819564718778675
UBFC_PHYS_s17_T3_ctrl,17,121,21.033333333333335,0.011780902743339539,0.04655883246483304
UBFC_PHYS_s17_T3_ctrl,17,122,21.066666666666666,-0.14488562941551208,0.2194277381012426
UBFC_PHYS_s17_T3_ctrl,17,123,21.1,-0.2843216359615326,0.3975930603654387
UBFC_PHYS_s17_T3_ctrl,17,124,21.133333333333333,-0.43809691071510315,0.5611619813688009
UBFC_PHYS_s17_T3_ctrl,17,125,21.166666666666668,-0.6490184664726257,0.687721776685744
UBFC_PHYS_s17_T3_ctrl,17,126,21.2,-0.8559484481811523,0.7593100324578597
UBFC_PHYS_s17_T3_ctrl,17,127,21.233333333333334,-0.8834680914878845,0.7686668103304742
UBFC_PHYS_s17_T3_ctrl,17,128,21.266666666666666,-0.6278783082962036,0.7218266959121757
UBFC_PHYS_s17_T3_ctrl,17,129,21.3,-0.23108498752117157,0.635709018951828
UBFC_PHYS_s17_T3_ctrl,17,130,21.333333333333332,0.08415606617927551,0.5313900439375864
UBFC_PHYS_s17_T3_ctrl,17,131,21.366666666666667,0.2581116259098053,0.4256781409201036
UBFC_PHYS_s17_T3_ctrl,17,132,21.4,0.35097143054008484,0.3248738295896534
UBFC_PHYS_s17_T3_ctrl,17,133,21.433333333333334,0.3835712671279907,0.22402561657593267
UBFC_PHYS_s17_T3_ctrl,17,134,21.466666666666665,0.35655495524406433,0.11227218383870491
UBFC_PHYS_s17_T3_ctrl,17,135,21.5,0.32751360535621643,-0.018319552492172975
UBFC_PHYS_s17_T3_ctrl,17,136,21.533333333333335,0.34648820757865906,-0.16465051344784104
UBFC_PHYS_s17_T3_ctrl,17,137,21.566666666666666,0.375728577375412,-0.30904086491450444
UBFC_PHYS_s17_T3_ctrl,17,138,21.6,0.3613308072090149,-0.4221645996437107
UBFC_PHYS_s17_T3_ctrl,17,139,21.633333333333333,0.2918000817298889,-0.47188981649783623
UBFC_PHYS_s17_T3_ctrl,17,140,21.666666666666668,0.175400510430336,-0.4351972856446706
UBFC_PHYS_s17_T3_ctrl,17,141,21.7,0.03193778917193413,-0.3089775681912263
UBFC_PHYS_s17_T3_ctrl,17,142,21.733333333333334,-0.10891459882259369,-0.11542528779938906
UBFC_PHYS_s17_T3_ctrl,17,143,21.766666666666666,-0.25368833541870117,0.10079591335506138
UBFC_PHYS_s17_T3_ctrl,17,144,21.8,-0.4593775272369385,0.28367199676419097
UBFC_PHYS_s17_T3_ctrl,17,145,21.833333333333332,-0.7145107984542847,0.382120411657903
UBFC_PHYS_s17_T3_ctrl,17,146,21.866666666666667,-0.8628196120262146,0.36595007349168207
UBFC_PHYS_s17_T3_ctrl,17,147,21.9,-0.7332513332366943,0.23545324832214648
UBFC_PHYS_s17_T3_ctrl,17,148,21.933333333333334,-0.3544142246246338,0.020425158803410098
UBFC_PHYS_s17_T3_ctrl,17,149,21.966666666666665,0.04837232455611229,-0.2313243490840875
UBFC_PHYS_s17_T3_ctrl,17,150,22.0,0.3006494343280792,-0.47072686105144734
UBFC_PHYS_s17_T3_ctrl,17,151,22.033333333333335,0.40738028287887573,-0.6616371022242749
UBFC_PHYS_s17_T3_ctrl,17,152,22.066666666666666,0.4242362082004547,-0.7867509251104714
UBFC_PHYS_s17_T3_ctrl,17,153,22.1,0.3727788031101227,-0.8444937015715437
UBFC_PHYS_s17_T3_ctrl,17,154,22.133333333333333,0.3265420198440552,-0.8403921739918409
UBFC_PHYS_s17_T3_ctrl,17,155,22.166666666666668,0.3633909821510315,-0.7784085163539709
UBFC_PHYS_s17_T3_ctrl,17,156,22.2,0.44202858209609985,-0.6571198242308764
UBFC_PHYS_s17_T3_ctrl,17,157,22.233333333333334,0.47262677550315857,-0.472816136557248
UBFC_PHYS_s17_T3_ctrl,17,158,22.266666666666666,0.4394885003566742,-0.227697569438067
UBFC_PHYS_s17_T3_ctrl,17,159,22.3,0.3526570200920105,0.06168135303448016
UBFC_PHYS_s17_T3_ctrl,17,160,22.333333333333332,0.20478133857250214,0.3611312230067415
UBFC_PHYS_s17_T3_ctrl,17,161,22.366666666666667,0.029994674026966095,0.623985410265315
UBFC_PHYS_s17_T3_ctrl,17,162,22.4,-0.12791264057159424,0.8040755007900031
UBFC_PHYS_s17_T3_ctrl,17,163,22.433333333333334,-0.2989886403083801,0.871806550186124
UBFC_PHYS_s17_T3_ctrl,17,164,22.466666666666665,-0.5473795533180237,0.8261882845704815
UBFC_PHYS_s17_T3_ctrl,17,165,22.5,-0.8436225652694702,0.6966684407059618
UBFC_PHYS_s17_T3_ctrl,17,166,22.533333333333335,-1.0057907104492188,0.5331390574053095
UBFC_PHYS_s17_T3_ctrl,17,167,22.566666666666666,-0.8642359375953674,0.38801928106712735
UBFC_PHYS_s17_T3_ctrl,17,168,22.6,-0.4714224934577942,0.2977697186726084
UBFC_PHYS_s17_T3_ctrl,17,169,22.633333333333333,-0.06066448986530304,0.27118085664844443
UBFC_PHYS_s17_T3_ctrl,17,170,22.666666666666668,0.21923764050006866,0.28866688786127287
UBFC_PHYS_s17_T3_ctrl,17,171,22.7,0.38355955481529236,0.31220694845298463
UBFC_PHYS_s17_T3_ctrl,17,172,22.733333333333334,0.4554547965526581,0.30150880406424563
UBFC_PHYS_s17_T3_ctrl,17,173,22.766666666666666,0.4363865256309509,0.22990249014333433
UBFC_PHYS_s17_T3_ctrl,17,174,22.8,0.40399739146232605,0.09402851262429397
UBFC_PHYS_s17_T3_ctrl,17,175,22.833333333333332,0.42870771884918213,-0.08576351223379544
UBFC_PHYS_s17_T3_ctrl,17,176,22.866666666666667,0.4794745147228241,-0.27348010172033327
UBFC_PHYS_s17_T3_ctrl,17,177,22.9,0.5160542130470276,-0.4300948164319147
UBFC_PHYS_s17_T3_ctrl,17,178,22.933333333333334,0.5329569578170776,-0.5258219709770688
UBFC_PHYS_s17_T3_ctrl,17,179,22.966666666666665,0.4921984076499939,-0.5480859596084322
UBFC_PHYS_s17_T3_ctrl,17,180,23.0,0.3675464391708374,-0.5030839780887685
UBFC_PHYS_s17_T3_ctrl,17,181,23.033333333333335,0.2296087145805359,-0.41105950310118716
UBFC_PHYS_s17_T3_ctrl,17,182,23.066666666666666,0.14840760827064514,-0.29754161259834105
UBFC_PHYS_s17_T3_ctrl,17,183,23.1,0.0777648538351059,-0.1842732033082899
UBFC_PHYS_s17_T3_ctrl,17,184,23.133333333333333,-0.06992354989051819,-0.08371191788004512
UBFC_PHYS_s17_T3_ctrl,17,185,23.166666666666668,-0.28866440057754517,0.0006386286713230692
UBFC_PHYS_s17_T3_ctrl,17,186,23.2,-0.4256656765937805,0.068845628114098
UBFC_PHYS_s17_T3_ctrl,17,187,23.233333333333334,-0.30342504382133484,0.11765379213115669
UBFC_PHYS_s17_T3_ctrl,17,188,23.266666666666666,0.05334716662764549,0.1364707441560896
UBFC_PHYS_s17_T3_ctrl,17,189,23.3,0.3794158101081848,0.10929573793069668
UBFC_PHYS_s17_T3_ctrl,17,190,23.333333333333332,0.47248631715774536,0.02281061771037455
UBFC_PHYS_s17_T3_ctrl,17,191,23.366666666666667,0.35167375206947327,-0.12268556087335791
UBFC_PHYS_s17_T3_ctrl,17,192,23.4,0.09953710436820984,-0.305533557592505
UBFC_PHYS_s17_T3_ctrl,17,193,23.433333333333334,-0.23826046288013458,-0.4836869682227187
UBFC_PHYS_s17_T3_ctrl,17,194,23.466666666666665,-0.5264500975608826,-0.6055049750680357
UBFC_PHYS_s17_T3_ctrl,17,195,23.5,-0.5763857960700989,-0.6262463974532027
UBFC_PHYS_s17_T3_ctrl,17,196,23.533333333333335,-0.4288027286529541,-0.5236478538375704
UBFC_PHYS_s17_T3_ctrl,17,197,23.566666666666666,-0.3077092468738556,-0.306627507237639
UBFC_PHYS_s17_T3_ctrl,17,198,23.6,-0.2526816427707672,-0.01377505347452892
UBFC_PHYS_s17_T3_ctrl,17,199,23.633333333333333,-0.1973028928041458,0.2979923679223383
UBFC_PHYS_s17_T3_ctrl,17,200,23.666666666666668,-0.1941424012184143,0.5703959793013347
UBFC_PHYS_s17_T3_ctrl,17,201,23.7,-0.3019501566886902,0.7598605154117113
UBFC_PHYS_s17_T3_ctrl,17,202,23.733333333333334,-0.4373360574245453,0.8466701696053458
UBFC_PHYS_s17_T3_ctrl,17,203,23.766666666666666,-0.5032263398170471,0.8345251885431711
UBFC_PHYS_s17_T3_ctrl,17,204,23.8,-0.5188298225402832,0.7424551627224385
UBFC_PHYS_s17_T3_ctrl,17,205,23.833333333333332,-0.5671384334564209,0.5944015918627796
UBFC_PHYS_s17_T3_ctrl,17,206,23.866666666666667,-0.6700533032417297,0.41189485605803544
UBFC_PHYS_s17_T3_ctrl,17,207,23.9,-0.7203986644744873,0.21242093187271766
UBFC_PHYS_s17_T3_ctrl,17,208,23.933333333333334,-0.5615432262420654,0.012210855892743204
UBFC_PHYS_s17_T3_ctrl,17,209,23.966666666666665,-0.1718551218509674,-0.17036292878323542
UBFC_PHYS_s17_T3_ctrl,17,210,24.0,0.28115978837013245,-0.3144185384194805
UBFC_PHYS_s17_T3_ctrl,17,211,24.033333333333335,0.5973138809204102,-0.4004767357515038
UBFC_PHYS_s17_T3_ctrl,17,212,24.066666666666666,0.7341863512992859,-0.4169983660489004
UBFC_PHYS_s17_T3_ctrl,17,213,24.1,0.7523884177207947,-0.366135847382607
UBFC_PHYS_s17_T3_ctrl,17,214,24.133333333333333,0.7109392285346985,-0.26553606355379833
UBFC_PHYS_s17_T3_ctrl,17,215,24.166666666666668,0.6714799404144287,-0.14481781304140143
UBFC_PHYS_s17_T3_ctrl,17,216,24.2,0.695675253868103,-0.03757090286277889
UBFC_PHYS_s17_T3_ctrl,17,217,24.233333333333334,0.7696892023086548,0.028490181840052177
UBFC_PHYS_s17_T3_ctrl,17,218,24.266666666666666,0.8101434111595154,0.03982140303019064
UBFC_PHYS_s17_T3_ctrl,17,219,24.3,0.7901387214660645,0.000982124007319123
UBFC_PHYS_s17_T3_ctrl,17,220,24.333333333333332,0.748092532157898,-0.06692152814958419
UBFC_PHYS_s17_T3_ctrl,17,221,24.366666666666667,0.6738796234130859,-0.1326301640502084
UBFC_PHYS_s17_T3_ctrl,17,222,24.4,0.5283800959587097,-0.1642515746566508
UBFC_PHYS_s17_T3_ctrl,17,223,24.433333333333334,0.35100653767585754,-0.13968204140875878
UBFC_PHYS_s17_T3_ctrl,17,224,24.466666666666665,0.21642830967903137,-0.055257794843059926
UBFC_PHYS_s17_T3_ctrl,17,225,24.5,0.10066083073616028,0.07036289032245685
UBFC_PHYS_s17_T3_ctrl,17,226,24.533333333333335,-0.07730972766876221,0.1996776369571779
UBFC_PHYS_s17_T3_ctrl,17,227,24.566666666666666,-0.27342382073402405,0.28769128126595966
UBFC_PHYS_s17_T3_ctrl,17,228,24.6,-0.33260688185691833,0.29797054842287934
UBFC_PHYS_s17_T3_ctrl,17,229,24.633333333333333,-0.16559267044067383,0.2169581531536792
UBFC_PHYS_s17_T3_ctrl,17,230,24.666666666666668,0.13899637758731842,0.05973975219271255
UBFC_PHYS_s17_T3_ctrl,17,231,24.7,0.3969740867614746,-0.1357888423049524
UBFC_PHYS_s17_T3_ctrl,17,232,24.733333333333334,0.4935562312602997,-0.32307383009146257
UBFC_PHYS_s17_T3_ctrl,17,233,24.766666666666666,0.4161711037158966,-0.4619123342906923
UBFC_PHYS_s17_T3_ctrl,17,234,24.8,0.180586040019989,-0.5280832402303587
UBFC_PHYS_s17_T3_ctrl,17,235,24.833333333333332,-0.15153434872627258,-0.515672712321152
UBFC_PHYS_s17_T3_ctrl,17,236,24.866666666666667,-0.4381203353404999,-0.4335971281934826
UBFC_PHYS_s17_T3_ctrl,17,237,24.9,-0.5656050443649292,-0.29927205140965685
UBFC_PHYS_s17_T3_ctrl,17,238,24.933333333333334,-0.565300703048706,-0.13244502773830463
UBFC_PHYS_s17_T3_ctrl,17,239,24.966666666666665,-0.5504814982414246,0.048612034766739295
UBFC_PHYS_s17_T3_ctrl,18,0,18.0,0.33330783247947693,-0.0534086290578181
UBFC_PHYS_s17_T3_ctrl,18,1,18.033333333333335,0.3512289524078369,0.05011984839332412
UBFC_PHYS_s17_T3_ctrl,18,2,18.066666666666666,0.35128748416900635,0.1235056214728437
UBFC_PHYS_s17_T3_ctrl,18,3,18.1,0.3342910706996918,0.14543990866596887
UBFC_PHYS_s17_T3_ctrl,18,4,18.133333333333333,0.31496527791023254,0.11208618549231289
UBFC_PHYS_s17_T3_ctrl,18,5,18.166666666666668,0.27466320991516113,0.03846444550781034
UBFC_PHYS_s17_T3_ctrl,18,6,18.2,0.17640717327594757,-0.046539282303762294
UBFC_PHYS_s17_T3_ctrl,18,7,18.233333333333334,0.03344779834151268,-0.11001702147284512
UBFC_PHYS_s17_T3_ctrl,18,8,18.266666666666666,-0.08771592378616333,-0.12645836856371642
UBFC_PHYS_s17_T3_ctrl,18,9,18.3,-0.1617649644613266,-0.08674045138211495
UBFC_PHYS_s17_T3_ctrl,18,10,18.333333333333332,-0.2466416209936142,-0.001298206051844763
UBFC_PHYS_s17_T3_ctrl,18,11,18.366666666666667,-0.40474793314933777,0.10395584295687368
UBFC_PHYS_s17_T3_ctrl,18,12,18.4,-0.6047950387001038,0.19756893157674374
UBFC_PHYS_s17_T3_ctrl,18,13,18.433333333333334,-0.7203167080879211,0.2542949540690412
UBFC_PHYS_s17_T3_ctrl,18,14,18.466666666666665,-0.6473914384841919,0.26346041938280435
UBFC_PHYS_s17_T3_ctrl,18,15,18.5,-0.41502535343170166,0.23033962060547045
UBFC_PHYS_s17_T3_ctrl,18,16,18.533333333333335,-0.15787874162197113,0.1708699739516383
UBFC_PHYS_s17_T3_ctrl,18,17,18.566666666666666,0.02933916635811329,0.103483644467077
UBFC_PHYS_s17_T3_ctrl,18,18,18.6,0.14880558848381042,0.042313765384392826
UBFC_PHYS_s17_T3_ctrl,18,19,18.633333333333333,0.21347852051258087,-0.005799311937702283
UBFC_PHYS_s17_T3_ctrl,18,20,18.666666666666668,0.21080966293811798,-0.040297092972563786
UBFC_PHYS_s17_T3_ctrl,18,21,18.7,0.16214987635612488,-0.06334094488035209
UBFC_PHYS_s17_T3_ctrl,18,22,18.733333333333334,0.1365850418806076,-0.07599550372390369
UBFC_PHYS_s17_T3_ctrl,18,23,18.766666666666666,0.15739743411540985,-0.07633356443039231
UBFC_PHYS_s17_T3_ctrl,18,24,18.8,0.15575866401195526,-0.060589574016903444
UBFC_PHYS_s17_T3_ctrl,18,25,18.833333333333332,0.08585336059331894,-0.026818785764957418
UBFC_PHYS_s17_T3_ctrl,18,26,18.866666666666667,-0.010892667807638645,0.02112823762701932
UBFC_PHYS_s17_T3_ctrl,18,27,18.9,-0.09715056419372559,0.07219626703707055
UBFC_PHYS_s17_T3_ctrl,18,28,18.933333333333334,-0.19205883145332336,0.11117250585629505
UBFC_PHYS_s17_T3_ctrl,18,29,18.966666666666665,-0.3020437955856323,0.12540198749517797
UBFC_PHYS_s17_T3_ctrl,18,30,19.0,-0.4050171375274658,0.1113499925540742
UBFC_PHYS_s17_T3_ctrl,18,31,19.033333333333335,-0.5056962370872498,0.0765917970506238
UBFC_PHYS_s17_T3_ctrl,18,32,19.066666666666666,-0.612719714641571,0.03585616282892029
UBFC_PHYS_s17_T3_ctrl,18,33,19.1,-0.6945528984069824,0.0036088043326738583
UBFC_PHYS_s17_T3_ctrl,18,34,19.133333333333333,-0.7090794444084167,-0.012935269571059057
UBFC_PHYS_s17_T3_ctrl,18,35,19.166666666666668,-0.6020793914794922,-0.017503232667202304
UBFC_PHYS_s17_T3_ctrl,18,36,19.2,-0.3075336813926697,-0.024097977919703778
UBFC_PHYS_s17_T3_ctrl,18,37,19.233333333333334,0.14168864488601685,-0.052534180095991416
UBFC_PHYS_s17_T3_ctrl,18,38,19.266666666666666,0.5664229989051819,-0.12179246329562975
UBFC_PHYS_s17_T3_ctrl,18,39,19.3,0.8224459290504456,-0.24310984450542725
UBFC_PHYS_s17_T3_ctrl,18,40,19.333333333333332,0.9227972626686096,-0.4144159138579145
UBFC_PHYS_s17_T3_ctrl,18,41,19.366666666666667,0.9116418957710266,-0.6173129842598184
UBFC_PHYS_s17_T3_ctrl,18,42,19.4,0.8033074140548706,-0.8175882542463213
UBFC_PHYS_s17_T3_ctrl,18,43,19.433333333333334,0.6587443947792053,-0.9698904382156938
UBFC_PHYS_s17_T3_ctrl,18,44,19.466666666666665,0.5851401090621948,-1.0263620207052029
UBFC_PHYS_s17_T3_ctrl,18,45,19.5,0.6209121942520142,-0.9480295817147569
UBFC_PHYS_s17_T3_ctrl,18,46,19.533333333333335,0.6946920156478882,-0.7169284385690352
UBFC_PHYS_s17_T3_ctrl,18,47,19.566666666666666,0.7318101525306702,-0.3458761943621904
UBFC_PHYS_s17_T3_ctrl,18,48,19.6,0.7191681861877441,0.11829172572589965
UBFC_PHYS_s17_T3_ctrl,18,49,19.633333333333333,0.636457085609436,0.6015644807209297
UBFC_PHYS_s17_T3_ctrl,18,50,19.666666666666668,0.45990288257598877,1.0197022232818995
UBFC_PHYS_s17_T3_ctrl,18,51,19.7,0.23498155176639557,1.3005910350117311
UBFC_PHYS_s17_T3_ctrl,18,52,19.733333333333334,0.025804102420806885,1.4041546417978086
UBFC_PHYS_s17_T3_ctrl,18,53,19.766666666666666,-0.16971300542354584,1.3321348521787724
UBFC_PHYS_s17_T3_ctrl,18,54,19.8,-0.38879331946372986,1.1237776651230456
UBFC_PHYS_s17_T3_ctrl,18,55,19.833333333333332,-0.6518863439559937,0.8394021734497301
UBFC_PHYS_s17_T3_ctrl,18,56,19.866666666666667,-0.922529399394989,0.5392993306422684
UBFC_PHYS_s17_T3_ctrl,18,57,19.9,-1.0670338869094849,0.2670930347472938
UBFC_PHYS_s17_T3_ctrl,18,58,19.933333333333334,-0.9614619016647339,0.04331283877709161
UBFC_PHYS_s17_T3_ctrl,18,59,19.966666666666665,-0.6446523070335388,-0.13076943838362312
UBFC_PHYS_s17_T3_ctrl,18,60,20.0,-0.2792999744415283,-0.2632545395041715
UBFC_PHYS_s17_T3_ctrl,18,61,20.033333333333335,-0.004887741524726152,-0.36131045934128925
UBFC_PHYS_s17_T3_ctrl,18,62,20.066666666666666,0.1330031454563141,-0.42500834122397624
UBFC_PHYS_s17_T3_ctrl,18,63,20.1,0.14013180136680603,-0.4473268453316461
UBFC_PHYS_s17_T3_ctrl,18,64,20.133333333333333,0.0613420270383358,-0.4195140283531902
UBFC_PHYS_s17_T3_ctrl,18,65,20.166666666666668,-0.007615124806761742,-0.3387697718752977
UBFC_PHYS_s17_T3_ctrl,18,66,20.2,0.015327672474086285,-0.2142399370130954
UBFC_PHYS_s17_T3_ctrl,18,67,20.233333333333334,0.11809033155441284,-0.06801438493364872
UBFC_PHYS_s17_T3_ctrl,18,68,20.266666666666666,0.224095419049263,0.06991732678767335
UBFC_PHYS_s17_T3_ctrl,18,69,20.3,0.27483880519866943,0.17083595357084813
UBFC_PHYS_s17_T3_ctrl,18,70,20.333333333333332,0.24621883034706116,0.21641406602946398
UBFC_PHYS_s17_T3_ctrl,18,71,20.366666666666667,0.15131056308746338,0.20360157815656962
UBFC_PHYS_s17_T3_ctrl,18,72,20.4,0.04630044847726822,0.1435939251796357
UBFC_PHYS_s17_T3_ctrl,18,73,20.433333333333334,-0.03200940415263176,0.05625996679718545
UBFC_PHYS_s17_T3_ctrl,18,74,20.466666666666665,-0.1217789500951767,-0.037092596116175935
UBFC_PHYS_s17_T3_ctrl,18,75,20.5,-0.29176634550094604,-0.11993712592569203
UBFC_PHYS_s17_T3_ctrl,18,76,20.533333333333335,-0.5324081778526306,-0.18405575800941396
UBFC_PHYS_s17_T3_ctrl,18,77,20.566666666666666,-0.6953606009483337,-0.22983408830066226
UBFC_PHYS_s17_T3_ctrl,18,78,20.6,-0.6239686608314514,-0.2637448728894961
UBFC_PHYS_s17_T3_ctrl,18,79,20.633333333333333,-0.33953651785850525,-0.29417394775840633
UBFC_PHYS_s17_T3_ctrl,18,80,20.666666666666668,-0.0239443089812994,-0.32720113974081144
UBFC_PHYS_s17_T3_ctrl,18,81,20.7,0.19238519668579102,-0.3638957306760198
UBFC_PHYS_s17_T3_ctrl,18,82,20.733333333333334,0.3066895008087158,-0.3999874204210401
UBFC_PHYS_s17_T3_ctrl,18,83,20.766666666666666,0.33592984080314636,-0.4277183490693295
UBFC_PHYS_s17_T3_ctrl,18,84,20.8,0.2910626232624054,-0.43877907053762266
UBFC_PHYS_s17_T3_ctrl,18,85,20.833333333333332,0.23281602561473846,-0.426935423255208
UBFC_PHYS_s17_T3_ctrl,18,86,20.866666666666667,0.2219650149345398,-0.3893726322744745
UBFC_PHYS_s17_T3_ctrl,18,87,20.9,0.2526802718639374,-0.32650674084840214
UBFC_PHYS_s17_T3_ctrl,18,88,20.933333333333334,0.27547091245651245,-0.24062468809528248
UBFC_PHYS_s17_T3_ctrl,18,89,20.966666666666665,0.24984754621982574,-0.13427078777788296
UBFC_PHYS_s17_T3_ctrl,18,90,21.0,0.15807634592056274,-0.009713242085623016
UBFC_PHYS_s17_T3_ctrl,18,91,21.033333333333335,0.011780902743339539,0.12966482160744633
UBFC_PHYS_s17_T3_ctrl,18,92,21.066666666666666,-0.14488562941551208,0.27682181653631144
UBFC_PHYS_s17_T3_ctrl,18,93,21.1,-0.2843216359615326,0.41952521316872105
UBFC_PHYS_s17_T3_ctrl,18,94,21.133333333333333,-0.43809691071510315,0.5417371634729824
UBFC_PHYS_s17_T3_ctrl,18,95,21.166666666666668,-0.6490184664726257,0.6279952668906239
UBFC_PHYS_s17_T3_ctrl,18,96,21.2,-0.8559484481811523,0.6686990797502823
UBFC_PHYS_s17_T3_ctrl,18,97,21.233333333333334,-0.8834680914878845,0.6633290657768031
UBFC_PHYS_s17_T3_ctrl,18,98,21.266666666666666,-0.6278783082962036,0.6197723833774096
UBFC_PHYS_s17_T3_ctrl,18,99,21.3,-0.23108498752117157,0.550055856963261
UBFC_PHYS_s17_T3_ctrl,18,100,21.333333333333332,0.08415606617927551,0.46442755616222936
UBFC_PHYS_s17_T3_ctrl,18,101,21.366666666666667,0.2581116259098053,0.3665123161029193
UBFC_PHYS_s17_T3_ctrl,18,102,21.4,0.35097143054008484,0.2521907837323235
UBFC_PHYS_s17_T3_ctrl,18,103,21.433333333333334,0.3835712671279907,0.11346381367595013
UBFC_PHYS_s17_T3_ctrl,18,104,21.466666666666665,0.35655495524406433,-0.054021957715976815
UBFC_PHYS_s17_T3_ctrl,18,105,21.5,0.32751360535621643,-0.24335270664778547
UBFC_PHYS_s17_T3_ctrl,18,106,21.533333333333335,0.34648820757865906,-0.43255660854727757
UBFC_PHYS_s17_T3_ctrl,18,107,21.566666666666666,0.375728577375412,-0.5869985521303838
UBFC_PHYS_s17_T3_ctrl,18,108,21.6,0.3613308072090149,-0.6677747043177019
UBFC_PHYS_s17_T3_ctrl,18,109,21.633333333333333,0.2918000817298889,-0.6436025212398376
UBFC_PHYS_s17_T3_ctrl,18,110,21.666666666666668,0.175400510430336,-0.5024514776573279
UBFC_PHYS_s17_T3_ctrl,18,111,21.7,0.03193778917193413,-0.2590656668562148
UBFC_PHYS_s17_T3_ctrl,18,112,21.733333333333334,-0.10891459882259369,0.04460606148085283
UBFC_PHYS_s17_T3_ctrl,18,113,21.766666666666666,-0.25368833541870117,0.3472300125066392
UBFC_PHYS_s17_T3_ctrl,18,114,21.8,-0.4593775272369385,0.5827193410289623
UBFC_PHYS_s17_T3_ctrl,18,115,21.833333333333332,-0.7145107984542847,0.6976710130497575
UBFC_PHYS_s17_T3_ctrl,18,116,21.866666666666667,-0.8628196120262146,0.6660936642856268
UBFC_PHYS_s17_T3_ctrl,18,117,21.9,-0.7332513332366943,0.496229495868982
UBFC_PHYS_s17_T3_ctrl,18,118,21.933333333333334,-0.3544142246246338,0.226691422621956
UBFC_PHYS_s17_T3_ctrl,18,119,21.966666666666665,0.04837232455611229,-0.08673764174209551
UBFC_PHYS_s17_T3_ctrl,18,120,22.0,0.3006494343280792,-0.38804944934598395
UBFC_PHYS_s17_T3_ctrl,18,121,22.033333333333335,0.40738028287887573,-0.6345984619048658
UBFC_PHYS_s17_T3_ctrl,18,122,22.066666666666666,0.4242362082004547,-0.8028616868913752
UBFC_PHYS_s17_T3_ctrl,18,123,22.1,0.3727788031101227,-0.8863184387788489
UBFC_PHYS_s17_T3_ctrl,18,124,22.133333333333333,0.3265420198440552,-0.8885196983383569
UBFC_PHYS_s17_T3_ctrl,18,125,22.166666666666668,0.3633909821510315,-0.8155905096561569
UBFC_PHYS_s17_T3_ctrl,18,126,22.2,0.44202858209609985,-0.672115917744194
UBFC_PHYS_s17_T3_ctrl,18,127,22.233333333333334,0.47262677550315857,-0.46251820274554667
UBFC_PHYS_s17_T3_ctrl,18,128,22.266666666666666,0.4394885003566742,-0.19690151566726605
UBFC_PHYS_s17_T3_ctrl,18,129,22.3,0.3526570200920105,0.10257217391443611
UBFC_PHYS_s17_T3_ctrl,18,130,22.333333333333332,0.20478133857250214,0.3996736028946066
UBFC_PHYS_s17_T3_ctrl,18,131,22.366666666666667,0.029994674026966095,0.6495881463654964
UBFC_PHYS_s17_T3_ctrl,18,132,22.4,-0.12791264057159424,0.8111222318737715
UBFC_PHYS_s17_T3_ctrl,18,133,22.433333333333334,-0.2989886403083801,0.8608852021136716
UBFC_PHYS_s17_T3_ctrl,18,134,22.466666666666665,-0.5473795533180237,0.8028840984256944
UBFC_PHYS_s17_T3_ctrl,18,135,22.5,-0.8436225652694702,0.6685120271876026
UBFC_PHYS_s17_T3_ctrl,18,136,22.533333333333335,-1.0057907104492188,0.5062477887526957
UBFC_PHYS_s17_T3_ctrl,18,137,22.566666666666666,-0.8642359375953674,0.3650727246962444
UBFC_PHYS_s17_T3_ctrl,18,138,22.6,-0.4714224934577942,0.2781276486458317
UBFC_PHYS_s17_T3_ctrl,18,139,22.633333333333333,-0.06066448986530304,0.2526790800200183
UBFC_PHYS_s17_T3_ctrl,18,140,22.666666666666668,0.21923764050006866,0.2696861089499859
UBFC_PHYS_s17_T3_ctrl,18,141,22.7,0.38355955481529236,0.2925425990301366
UBFC_PHYS_s17_T3_ctrl,18,142,22.733333333333334,0.4554547965526581,0.2813877694233473
UBFC_PHYS_s17_T3_ctrl,18,143,22.766666666666666,0.4363865256309509,0.20770869198585404
UBFC_PHYS_s17_T3_ctrl,18,144,22.8,0.40399739146232605,0.0641941186202348
UBFC_PHYS_s17_T3_ctrl,18,145,22.833333333333332,0.42870771884918213,-0.1332015329487776
UBFC_PHYS_s17_T3_ctrl,18,146,22.866666666666667,0.4794745147228241,-0.35100562000016167
UBFC_PHYS_s17_T3_ctrl,18,147,22.9,0.5160542130470276,-0.5490670638062176
UBFC_PHYS_s17_T3_ctrl,18,148,22.933333333333334,0.5329569578170776,-0.692413256551597
UBFC_PHYS_s17_T3_ctrl,18,149,22.966666666666665,0.4921984076499939,-0.7603147231143185
UBFC_PHYS_s17_T3_ctrl,18,150,23.0,0.3675464391708374,-0.7501854386115132
UBFC_PHYS_s17_T3_ctrl,18,151,23.033333333333335,0.2296087145805359,-0.6757744972105212
UBFC_PHYS_s17_T3_ctrl,18,152,23.066666666666666,0.14840760827064514,-0.5607075075188717
UBFC_PHYS_s17_T3_ctrl,18,153,23.1,0.0777648538351059,-0.42971844121808195
UBFC_PHYS_s17_T3_ctrl,18,154,23.133333333333333,-0.06992354989051819,-0.3007850389010152
UBFC_PHYS_s17_T3_ctrl,18,155,23.166666666666668,-0.28866440057754517,-0.18127886786446207
UBFC_PHYS_s17_T3_ctrl,18,156,23.2,-0.4256656765937805,-0.06971796116236645
UBFC_PHYS_s17_T3_ctrl,18,157,23.233333333333334,-0.30342504382133484,0.03791754334396587
UBFC_PHYS_s17_T3_ctrl,18,158,23.266666666666666,0.05334716662764549,0.14093174018978374
UBFC_PHYS_s17_T3_ctrl,18,159,23.3,0.3794158101081848,0.23016539078180967
UBFC_PHYS_s17_T3_ctrl,18,160,23.333333333333332,0.47248631715774536,0.29031577744831105
UBFC_PHYS_s17_T3_ctrl,18,161,23.366666666666667,0.35167375206947327,0.30729978615519454
UBFC_PHYS_s17_T3_ctrl,18,162,23.4,0.09953710436820984,0.2764857575617084
UBFC_PHYS_s17_T3_ctrl,18,163,23.433333333333334,-0.23826046288013458,0.20696844960046476
UBFC_PHYS_s17_T3_ctrl,18,164,23.466666666666665,-0.5264500975608826,0.11946869217846004
UBFC_PHYS_s17_T3_ctrl,18,165,23.5,-0.5763857960700989,0.03905038080854384
UBFC_PHYS_s17_T3_ctrl,18,166,23.533333333333335,-0.4288027286529541,-0.013722542953650321
UBFC_PHYS_s17_T3_ctrl,18,167,23.566666666666666,-0.3077092468738556,-0.029202975585404023
UBFC_PHYS_s17_T3_ctrl,18,168,23.6,-0.2526816427707672,-0.010070130255926792
UBFC_PHYS_s17_T3_ctrl,18,169,23.633333333333333,-0.1973028928041458,0.032444770559255584
UBFC_PHYS_s17_T3_ctrl,18,170,23.666666666666668,-0.1941424012184143,0.08529099807843186
UBFC_PHYS_s17_T3_ctrl,18,171,23.7,-0.3019501566886902,0.13965738430195349
UBFC_PHYS_s17_T3_ctrl,18,172,23.733333333333334,-0.4373360574245453,0.19304136998436186
UBFC_PHYS_s17_T3_ctrl,18,173,23.766666666666666,-0.5032263398170471,0.24627625168516099
UBFC_PHYS_s17_T3_ctrl,18,174,23.8,-0.5188298225402832,0.29775969315364825
UBFC_PHYS_s17_T3_ctrl,18,175,23.833333333333332,-0.5671384334564209,0.33912401242643997
UBFC_PHYS_s17_T3_ctrl,18,176,23.866666666666667,-0.6700533032417297,0.3556285002273939
UBFC_PHYS_s17_T3_ctrl,18,177,23.9,-0.7203986644744873,0.331507688514718
UBFC_PHYS_s17_T3_ctrl,18,178,23.933333333333334,-0.5615432262420654,0.25751607163206114
UBFC_PHYS_s17_T3_ctrl,18,179,23.966666666666665,-0.1718551218509674,0.13666869678584082
UBFC_PHYS_s17_T3_ctrl,18,180,24.0,0.28115978837013245,-0.01475856442499814
UBFC_PHYS_s17_T3_ctrl,18,181,24.033333333333335,0.5973138809204102,-0.17142111846977093
UBFC_PHYS_s17_T3_ctrl,18,182,24.066666666666666,0.7341863512992859,-0.30634236865859815
UBFC_PHYS_s17_T3_ctrl,18,183,24.1,0.7523884177207947,-0.3984657042882623
UBFC_PHYS_s17_T3_ctrl,18,184,24.133333333333333,0.7109392285346985,-0.43758978135269466
UBFC_PHYS_s17_T3_ctrl,18,185,24.166666666666668,0.6714799404144287,-0.42539085597618886
UBFC_PHYS_s17_T3_ctrl,18,186,24.2,0.695675253868103,-0.37281871291405294
UBFC_PHYS_s17_T3_ctrl,18,187,24.233333333333334,0.7696892023086548,-0.295256557832725
UBFC_PHYS_s17_T3_ctrl,18,188,24.266666666666666,0.8101434111595154,-0.20722499736910321
UBFC_PHYS_s17_T3_ctrl,18,189,24.3,0.7901387214660645,-0.1182102984585336
UBFC_PHYS_s17_T3_ctrl,18,190,24.333333333333332,0.748092532157898,-0.030691762689193564
UBFC_PHYS_s17_T3_ctrl,18,191,24.366666666666667,0.6738796234130859,0.059138591190473586
UBFC_PHYS_s17_T3_ctrl,18,192,24.4,0.5283800959587097,0.15804922961453552
UBFC_PHYS_s17_T3_ctrl,18,193,24.433333333333334,0.35100653767585754,0.27056743485405355
UBFC_PHYS_s17_T3_ctrl,18,194,24.466666666666665,0.21642830967903137,0.3934141324092807
UBFC_PHYS_s17_T3_ctrl,18,195,24.5,0.10066083073616028,0.5118906249273749
UBFC_PHYS_s17_T3_ctrl,18,196,24.533333333333335,-0.07730972766876221,0.6008147536766392
UBFC_PHYS_s17_T3_ctrl,18,197,24.566666666666666,-0.27342382073402405,0.6313464131219496
UBFC_PHYS_s17_T3_ctrl,18,198,24.6,-0.33260688185691833,0.5820304642415072
UBFC_PHYS_s17_T3_ctrl,18,199,24.633333333333333,-0.16559267044067383,0.44922622609087964
UBFC_PHYS_s17_T3_ctrl,18,200,24.666666666666668,0.13899637758731842,0.25110584322616497
UBFC_PHYS_s17_T3_ctrl,18,201,24.7,0.3969740867614746,0.022138526693399184
UBFC_PHYS_s17_T3_ctrl,18,202,24.733333333333334,0.4935562312602997,-0.19948147371939212
UBFC_PHYS_s17_T3_ctrl,18,203,24.766666666666666,0.4161711037158966,-0.3848381138045411
UBFC_PHYS_s17_T3_ctrl,18,204,24.8,0.180586040019989,-0.5216230104680635
UBFC_PHYS_s17_T3_ctrl,18,205,24.833333333333332,-0.15153434872627258,-0.6135160247978164
UBFC_PHYS_s17_T3_ctrl,18,206,24.866666666666667,-0.4381203353404999,-0.673214881050764
UBFC_PHYS_s17_T3_ctrl,18,207,24.9,-0.5656050443649292,-0.712904774793282
UBFC_PHYS_s17_T3_ctrl,18,208,24.933333333333334,-0.565300703048706,-0.7362309754238002
UBFC_PHYS_s17_T3_ctrl,18,209,24.966666666666665,-0.5504814982414246,-0.7347619109373791
UBFC_PHYS_s17_T3_ctrl,18,210,25.0,-0.5616368651390076,-0.6902481930833824
UBFC_PHYS_s17_T3_ctrl,18,211,25.033333333333335,-0.5491002798080444,-0.5820254792187388
UBFC_PHYS_s17_T3_ctrl,18,212,25.066666666666666,-0.5215572118759155,-0.3970269090960118
UBFC_PHYS_s17_T3_ctrl,18,213,25.1,-0.5551052093505859,-0.13888873371586233
UBFC_PHYS_s17_T3_ctrl,18,214,25.133333333333333,-0.6579029560089111,0.16699080576023131
UBFC_PHYS_s17_T3_ctrl,18,215,25.166666666666668,-0.7866752743721008,0.474502877399483
UBFC_PHYS_s17_T3_ctrl,18,216,25.2,-0.9432481527328491,0.7248986419221258
UBFC_PHYS_s17_T3_ctrl,18,217,25.233333333333334,-1.1305596828460693,0.8610927844528492
UBFC_PHYS_s17_T3_ctrl,18,218,25.266666666666666,-1.2685325145721436,0.8448878024612564
UBFC_PHYS_s17_T3_ctrl,18,219,25.3,-1.208096981048584,0.6715553244315113
UBFC_PHYS_s17_T3_ctrl,18,220,25.333333333333332,-0.850236177444458,0.3758319159790881
UBFC_PHYS_s17_T3_ctrl,18,221,25.366666666666667,-0.26099255681037903,0.025761968351813595
UBFC_PHYS_s17_T3_ctrl,18,222,25.4,0.35118213295936584,-0.2946172263170456
UBFC_PHYS_s17_T3_ctrl,18,223,25.433333333333334,0.7951837778091431,-0.5082932381834346
UBFC_PHYS_s17_T3_ctrl,18,224,25.466666666666665,0.9630290865898132,-0.5664887116281866
UBFC_PHYS_s17_T3_ctrl,18,225,25.5,0.850574254989624,-0.46148151095209616
UBFC_PHYS_s17_T3_ctrl,18,226,25.533333333333335,0.6876803636550903,-0.22754583746055174
UBFC_PHYS_s17_T3_ctrl,18,227,25.566666666666666,0.7911102771759033,0.06970812282718773
UBFC_PHYS_s17_T3_ctrl,18,228,25.6,1.1177759170532227,0.35219031162465725
UBFC_PHYS_s17_T3_ctrl,18,229,25.633333333333333,1.3692570924758911,0.550944347755009
UBFC_PHYS_s17_T3_ctrl,18,230,25.666666666666668,1.467220425605774,0.6242950497326696
UBFC_PHYS_s17_T3_ctrl,18,231,25.7,1.5533612966537476,0.5671961671889297
UBFC_PHYS_s17_T3_ctrl,18,232,25.733333333333334,1.6437160968780518,0.40918122716350896
UBFC_PHYS_s17_T3_ctrl,18,233,25.766666666666666,1.5860313177108765,0.20222078258924073
UBFC_PHYS_s17_T3_ctrl,18,234,25.8,1.2629125118255615,0.003405486850482516
UBFC_PHYS_s17_T3_ctrl,18,235,25.833333333333332,0.716312050819397,-0.14114412736274393
UBFC_PHYS_s17_T3_ctrl,18,236,25.866666666666667,0.14084585011005402,-0.20626911016410185
UBFC_PHYS_s17_T3_ctrl,18,237,25.9,-0.2467469573020935,-0.1901284206548439
UBFC_PHYS_s17_T3_ctrl,18,238,25.933333333333334,-0.3358609974384308,-0.11047484168794226
UBFC_PHYS_s17_T3_ctrl,18,239,25.966666666666665,-0.06286512315273285,0.002178539294951881
UBFC_PHYS_s17_T3_ctrl,19,0,19.0,-0.4050171375274658,-0.14980728256305031
UBFC_PHYS_s17_T3_ctrl,19,1,19.033333333333335,-0.5056962370872498,-0.09928178939969717
UBFC_PHYS_s17_T3_ctrl,19,2,19.066666666666666,-0.612719714641571,-0.07134488167423937
UBFC_PHYS_s17_T3_ctrl,19,3,19.1,-0.6945528984069824,-0.08384599827566983
UBFC_PHYS_s17_T3_ctrl,19,4,19.133333333333333,-0.7090794444084167,-0.14364547439073022
UBFC_PHYS_s17_T3_ctrl,19,5,19.166666666666668,-0.6020793914794922,-0.2469709754323554
UBFC_PHYS_s17_T3_ctrl,19,6,19.2,-0.3075336813926697,-0.3833551407133358
UBFC_PHYS_s17_T3_ctrl,19,7,19.233333333333334,0.14168864488601685,-0.5406130060032783
UBFC_PHYS_s17_T3_ctrl,19,8,19.266666666666666,0.5664229989051819,-0.7081877153197829
UBFC_PHYS_s17_T3_ctrl,19,9,19.3,0.8224459290504456,-0.8774053043802218
UBFC_PHYS_s17_T3_ctrl,19,10,19.333333333333332,0.9227972626686096,-1.0387636553019897
UBFC_PHYS_s17_T3_ctrl,19,11,19.366666666666667,0.9116418957710266,-1.1777995168158883
UBFC_PHYS_s17_T3_ctrl,19,12,19.4,0.8033074140548706,-1.272004860453502
UBFC_PHYS_s17_T3_ctrl,19,13,19.433333333333334,0.6587443947792053,-1.291269768281535
UBFC_PHYS_s17_T3_ctrl,19,14,19.466666666666665,0.5851401090621948,-1.2032337346794508
UBFC_PHYS_s17_T3_ctrl,19,15,19.5,0.6209121942520142,-0.9831285123569706
UBFC_PHYS_s17_T3_ctrl,19,16,19.533333333333335,0.6946920156478882,-0.6257283945640668
UBFC_PHYS_s17_T3_ctrl,19,17,19.566666666666666,0.7318101525306702,-0.15512443644397816
UBFC_PHYS_s17_T3_ctrl,19,18,19.6,0.7191681861877441,0.37303741931654455
UBFC_PHYS_s17_T3_ctrl,19,19,19.633333333333333,0.636457085609436,0.8806715784515564
UBFC_PHYS_s17_T3_ctrl,19,20,19.666666666666668,0.45990288257598877,1.2867529412084193
UBFC_PHYS_s17_T3_ctrl,19,21,19.7,0.23498155176639557,1.5306409116711948
UBFC_PHYS_s17_T3_ctrl,19,22,19.733333333333334,0.025804102420806885,1.5897261806003253
UBFC_PHYS_s17_T3_ctrl,19,23,19.766666666666666,-0.16971300542354584,1.4835919336397487
UBFC_PHYS_s17_T3_ctrl,19,24,19.8,-0.38879331946372986,1.2628271406916984
UBFC_PHYS_s17_T3_ctrl,19,25,19.833333333333332,-0.6518863439559937,0.9879363806893486
UBFC_PHYS_s17_T3_ctrl,19,26,19.866666666666667,-0.922529399394989,0.7085426080696804
UBFC_PHYS_s17_T3_ctrl,19,27,19.9,-1.0670338869094849,0.4522203162784384
UBFC_PHYS_s17_T3_ctrl,19,28,19.933333333333334,-0.9614619016647339,0.22597333317792254
UBFC_PHYS_s17_T3_ctrl,19,29,19.966666666666665,-0.6446523070335388,0.026204960058141206
UBFC_PHYS_s17_T3_ctrl,19,30,20.0,-0.2792999744415283,-0.1501578466279456
UBFC_PHYS_s17_T3_ctrl,19,31,20.033333333333335,-0.004887741524726152,-0.29917964991340884
UBFC_PHYS_s17_T3_ctrl,19,32,20.066666666666666,0.1330031454563141,-0.40981059226156064
UBFC_PHYS_s17_T3_ctrl,19,33,20.1,0.14013180136680603,-0.4683736867114745
UBFC_PHYS_s17_T3_ctrl,19,34,20.133333333333333,0.0613420270383358,-0.4647241147515153
UBFC_PHYS_s17_T3_ctrl,19,35,20.166666666666668,-0.007615124806761742,-0.3976828810593975
UBFC_PHYS_s17_T3_ctrl,19,36,20.2,0.015327672474086285,-0.27802267666808506
UBFC_PHYS_s17_T3_ctrl,19,37,20.233333333333334,0.11809033155441284,-0.1278695320924925
UBFC_PHYS_s17_T3_ctrl,19,38,20.266666666666666,0.224095419049263,0.023701212218613325
UBFC_PHYS_s17_T3_ctrl,19,39,20.3,0.27483880519866943,0.14772614823434993
UBFC_PHYS_s17_T3_ctrl,19,40,20.333333333333332,0.24621883034706116,0.22257779209549355
UBFC_PHYS_s17_T3_ctrl,19,41,20.366666666666667,0.15131056308746338,0.2386568701547797
UBFC_PHYS_s17_T3_ctrl,19,42,20.4,0.04630044847726822,0.19926443181721282
UBFC_PHYS_s17_T3_ctrl,19,43,20.433333333333334,-0.03200940415263176,0.11809061856908826
UBFC_PHYS_s17_T3_ctrl,19,44,20.466666666666665,-0.1217789500951767,0.014481781801460487
UBFC_PHYS_s17_T3_ctrl,19,45,20.5,-0.29176634550094604,-0.09228917883967631
UBFC_PHYS_s17_T3_ctrl,19,46,20.533333333333335,-0.5324081778526306,-0.18832724938477446
UBFC_PHYS_s17_T3_ctrl,19,47,20.566666666666666,-0.6953606009483337,-0.26835899659871704
UBFC_PHYS_s17_T3_ctrl,19,48,20.6,-0.6239686608314514,-0.3356066341131749
UBFC_PHYS_s17_T3_ctrl,19,49,20.633333333333333,-0.33953651785850525,-0.39813293352875284
UBFC_PHYS_s17_T3_ctrl,19,50,20.666666666666668,-0.0239443089812994,-0.4631373594842661
UBFC_PHYS_s17_T3_ctrl,19,51,20.7,0.19238519668579102,-0.5317610175016967
UBFC_PHYS_s17_T3_ctrl,19,52,20.733333333333334,0.3066895008087158,-0.5966627521634745
UBFC_PHYS_s17_T3_ctrl,19,53,20.766666666666666,0.33592984080314636,-0.6432951477558588
UBFC_PHYS_s17_T3_ctrl,19,54,20.8,0.2910626232624054,-0.6542917740780511
UBFC_PHYS_s17_T3_ctrl,19,55,20.833333333333332,0.23281602561473846,-0.6152690664946754
UBFC_PHYS_s17_T3_ctrl,19,56,20.866666666666667,0.2219650149345398,-0.5199206160802935
UBFC_PHYS_s17_T3_ctrl,19,57,20.9,0.2526802718639374,-0.37255659209979786
UBFC_PHYS_s17_T3_ctrl,19,58,20.933333333333334,0.27547091245651245,-0.1871170286116415
UBFC_PHYS_s17_T3_ctrl,19,59,20.966666666666665,0.24984754621982574,0.016935623473124977
UBFC_PHYS_s17_T3_ctrl,19,60,21.0,0.15807634592056274,0.21997763278839105
UBFC_PHYS_s17_T3_ctrl,19,61,21.033333333333335,0.011780902743339539,0.40635975547710484
UBFC_PHYS_s17_T3_ctrl,19,62,21.066666666666666,-0.14488562941551208,0.5656928846575536
UBFC_PHYS_s17_T3_ctrl,19,63,21.1,-0.2843216359615326,0.691513519605497
UBFC_PHYS_s17_T3_ctrl,19,64,21.133333333333333,-0.43809691071510315,0.7792117390809473
UBFC_PHYS_s17_T3_ctrl,19,65,21.166666666666668,-0.6490184664726257,0.8252419784085264
UBFC_PHYS_s17_T3_ctrl,19,66,21.2,-0.8559484481811523,0.8280339831004958
UBFC_PHYS_s17_T3_ctrl,19,67,21.233333333333334,-0.8834680914878845,0.789326361526171
UBFC_PHYS_s17_T3_ctrl,19,68,21.266666666666666,-0.6278783082962036,0.7144406239869763
UBFC_PHYS_s17_T3_ctrl,19,69,21.3,-0.23108498752117157,0.6109222698385843
UBFC_PHYS_s17_T3_ctrl,19,70,21.333333333333332,0.08415606617927551,0.4859304666013959
UBFC_PHYS_s17_T3_ctrl,19,71,21.366666666666667,0.2581116259098053,0.3435169776809577
UBFC_PHYS_s17_T3_ctrl,19,72,21.4,0.35097143054008484,0.1834572016645688
UBFC_PHYS_s17_T3_ctrl,19,73,21.433333333333334,0.3835712671279907,0.0030334967704639367
UBFC_PHYS_s17_T3_ctrl,19,74,21.466666666666665,0.35655495524406433,-0.19817801161697468
UBFC_PHYS_s17_T3_ctrl,19,75,21.5,0.32751360535621643,-0.412244900893081
UBFC_PHYS_s17_T3_ctrl,19,76,21.533333333333335,0.34648820757865906,-0.6184526978661633
UBFC_PHYS_s17_T3_ctrl,19,77,21.566666666666666,0.375728577375412,-0.7833677678904855
UBFC_PHYS_s17_T3_ctrl,19,78,21.6,0.3613308072090149,-0.8668445126123251
UBFC_PHYS_s17_T3_ctrl,19,79,21.633333333333333,0.2918000817298889,-0.833203764822135
UBFC_PHYS_s17_T3_ctrl,19,80,21.666666666666668,0.175400510430336,-0.6645630010960677
UBFC_PHYS_s17_T3_ctrl,19,81,21.7,0.03193778917193413,-0.37180705225833327
UBFC_PHYS_s17_T3_ctrl,19,82,21.733333333333334,-0.10891459882259369,0.0014181089840303671
UBFC_PHYS_s17_T3_ctrl,19,83,21.766666666666666,-0.25368833541870117,0.3846512351461599
UBFC_PHYS_s17_T3_ctrl,19,84,21.8,-0.4593775272369385,0.6962721740456604
UBFC_PHYS_s17_T3_ctrl,19,85,21.833333333333332,-0.7145107984542847,0.8649605473342017
UBFC_PHYS_s17_T3_ctrl,19,86,21.866666666666667,-0.8628196120262146,0.8502823460747446
UBFC_PHYS_s17_T3_ctrl,19,87,21.9,-0.7332513332366943,0.6550118009740417
UBFC_PHYS_s17_T3_ctrl,19,88,21.933333333333334,-0.3544142246246338,0.32388644963397273
UBFC_PHYS_s17_T3_ctrl,19,89,21.966666666666665,0.04837232455611229,-0.07137664133954531
UBFC_PHYS_s17_T3_ctrl,19,90,22.0,0.3006494343280792,-0.45451728455054113
UBFC_PHYS_s17_T3_ctrl,19,91,22.033333333333335,0.40738028287887573,-0.7649228529309393
UBFC_PHYS_s17_T3_ctrl,19,92,22.066666666666666,0.4242362082004547,-0.9682902613979105
UBFC_PHYS_s17_T3_ctrl,19,93,22.1,0.3727788031101227,-1.0561520419586148
UBFC_PHYS_s17_T3_ctrl,19,94,22.133333333333333,0.3265420198440552,-1.0374414801815577
UBFC_PHYS_s17_T3_ctrl,19,95,22.166666666666668,0.3633909821510315,-0.9276502553924533
UBFC_PHYS_s17_T3_ctrl,19,96,22.2,0.44202858209609985,-0.7411877032867397
UBFC_PHYS_s17_T3_ctrl,19,97,22.233333333333334,0.47262677550315857,-0.49031938959981936
UBFC_PHYS_s17_T3_ctrl,19,98,22.266666666666666,0.4394885003566742,-0.19017598601957222
UBFC_PHYS_s17_T3_ctrl,19,99,22.3,0.3526570200920105,0.13440388959461166
UBFC_PHYS_s17_T3_ctrl,19,100,22.333333333333332,0.20478133857250214,0.4459788181249154
UBFC_PHYS_s17_T3_ctrl,19,101,22.366666666666667,0.029994674026966095,0.6995764731719268
UBFC_PHYS_s17_T3_ctrl,19,102,22.4,-0.12791264057159424,0.8552399578487189
UBFC_PHYS_s17_T3_ctrl,19,103,22.433333333333334,-0.2989886403083801,0.892809870052358
UBFC_PHYS_s17_T3_ctrl,19,104,22.466666666666665,-0.5473795533180237,0.8215578037312603
UBFC_PHYS_s17_T3_ctrl,19,105,22.5,-0.8436225652694702,0.6791227584873764
UBFC_PHYS_s17_T3_ctrl,19,106,22.533333333333335,-1.0057907104492188,0.5192437765756462
UBFC_PHYS_s17_T3_ctrl,19,107,22.566666666666666,-0.8642359375953674,0.3930970108786489
UBFC_PHYS_s17_T3_ctrl,19,108,22.6,-0.4714224934577942,0.3317071764728247
UBFC_PHYS_s17_T3_ctrl,19,109,22.633333333333333,-0.06066448986530304,0.3361242697054071
UBFC_PHYS_s17_T3_ctrl,19,110,22.666666666666668,0.21923764050006866,0.37872806729148106
UBFC_PHYS_s17_T3_ctrl,19,111,22.7,0.38355955481529236,0.4147573689097195
UBFC_PHYS_s17_T3_ctrl,19,112,22.733333333333334,0.4554547965526581,0.3995930149260142
UBFC_PHYS_s17_T3_ctrl,19,113,22.766666666666666,0.4363865256309509,0.3055139788572702
UBFC_PHYS_s17_T3_ctrl,19,114,22.8,0.40399739146232605,0.1320241346695514
UBFC_PHYS_s17_T3_ctrl,19,115,22.833333333333332,0.42870771884918213,-0.09371236636260322
UBFC_PHYS_s17_T3_ctrl,19,116,22.866666666666667,0.4794745147228241,-0.3260974098703924
UBFC_PHYS_s17_T3_ctrl,19,117,22.9,0.5160542130470276,-0.5163165771610682
UBFC_PHYS_s17_T3_ctrl,19,118,22.933333333333334,0.5329569578170776,-0.6280225500448493
UBFC_PHYS_s17_T3_ctrl,19,119,22.966666666666665,0.4921984076499939,-0.6480572477559237
UBFC_PHYS_s17_T3_ctrl,19,120,23.0,0.3675464391708374,-0.5885986328054463
UBFC_PHYS_s17_T3_ctrl,19,121,23.033333333333335,0.2296087145805359,-0.4802500254187263
UBFC_PHYS_s17_T3_ctrl,19,122,23.066666666666666,0.14840760827064514,-0.3591661426896014
UBFC_PHYS_s17_T3_ctrl,19,123,23.1,0.0777648538351059,-0.2537542235094122
UBFC_PHYS_s17_T3_ctrl,19,124,23.133333333333333,-0.06992354989051819,-0.17651255457503848
UBFC_PHYS_s17_T3_ctrl,19,125,23.166666666666668,-0.28866440057754517,-0.1241420880823322
UBFC_PHYS_s17_T3_ctrl,19,126,23.2,-0.4256656765937805,-0.08524206380590839
UBFC_PHYS_s17_T3_ctrl,19,127,23.233333333333334,-0.30342504382133484,-0.051343125248519035
UBFC_PHYS_s17_T3_ctrl,19,128,23.266666666666666,0.05334716662764549,-0.025335464328356306
UBFC_PHYS_s17_T3_ctrl,19,129,23.3,0.3794158101081848,-0.022361243565408407
UBFC_PHYS_s17_T3_ctrl,19,130,23.333333333333332,0.47248631715774536,-0.06177916694039936
UBFC_PHYS_s17_T3_ctrl,19,131,23.366666666666667,0.35167375206947327,-0.15362622534216863
UBFC_PHYS_s17_T3_ctrl,19,132,23.4,0.09953710436820984,-0.28683534124469434
UBFC_PHYS_s17_T3_ctrl,19,133,23.433333333333334,-0.23826046288013458,-0.4264959269223556
UBFC_PHYS_s17_T3_ctrl,19,134,23.466666666666665,-0.5264500975608826,-0.5228379323195295
UBFC_PHYS_s17_T3_ctrl,19,135,23.5,-0.5763857960700989,-0.5284637855311398
UBFC_PHYS_s17_T3_ctrl,19,136,23.533333333333335,-0.4288027286529541,-0.4165025778198816
UBFC_PHYS_s17_T3_ctrl,19,137,23.566666666666666,-0.3077092468738556,-0.19206258455934022
UBFC_PHYS_s17_T3_ctrl,19,138,23.6,-0.2526816427707672,0.107930857359409
UBFC_PHYS_s17_T3_ctrl,19,139,23.633333333333333,-0.1973028928041458,0.4266671242774106
UBFC_PHYS_s17_T3_ctrl,19,140,23.666666666666668,-0.1941424012184143,0.7061366157824703
UBFC_PHYS_s17_T3_ctrl,19,141,23.7,-0.3019501566886902,0.9044128307086169
UBFC_PHYS_s17_T3_ctrl,19,142,23.733333333333334,-0.4373360574245453,1.0041343431315342
UBFC_PHYS_s17_T3_ctrl,19,143,23.766666666666666,-0.5032263398170471,1.0094827385324407
UBFC_PHYS_s17_T3_ctrl,19,144,23.8,-0.5188298225402832,0.9353540283307317
UBFC_PHYS_s17_T3_ctrl,19,145,23.833333333333332,-0.5671384334564209,0.7964341579555354
UBFC_PHYS_s17_T3_ctrl,19,146,23.866666666666667,-0.6700533032417297,0.6027153770283783
UBFC_PHYS_s17_T3_ctrl,19,147,23.9,-0.7203986644744873,0.36288078174840654
UBFC_PHYS_s17_T3_ctrl,19,148,23.933333333333334,-0.5615432262420654,0.09154516327319653
UBFC_PHYS_s17_T3_ctrl,19,149,23.966666666666665,-0.1718551218509674,-0.18597632160590802
UBFC_PHYS_s17_T3_ctrl,19,150,24.0,0.28115978837013245,-0.43559706356774613
UBFC_PHYS_s17_T3_ctrl,19,151,24.033333333333335,0.5973138809204102,-0.6228442236483159
UBFC_PHYS_s17_T3_ctrl,19,152,24.066666666666666,0.7341863512992859,-0.7237538145540584
UBFC_PHYS_s17_T3_ctrl,19,153,24.1,0.7523884177207947,-0.7329904691171696
UBFC_PHYS_s17_T3_ctrl,19,154,24.133333333333333,0.7109392285346985,-0.6651337066809302
UBFC_PHYS_s17_T3_ctrl,19,155,24.166666666666668,0.6714799404144287,-0.5482555108438483
UBFC_PHYS_s17_T3_ctrl,19,156,24.2,0.695675253868103,-0.41266310763877306
UBFC_PHYS_s17_T3_ctrl,19,157,24.233333333333334,0.7696892023086548,-0.2800476267989918
UBFC_PHYS_s17_T3_ctrl,19,158,24.266666666666666,0.8101434111595154,-0.15790360452145658
UBFC_PHYS_s17_T3_ctrl,19,159,24.3,0.7901387214660645,-0.041185017786826
UBFC_PHYS_s17_T3_ctrl,19,160,24.333333333333332,0.748092532157898,0.08062735010928862
UBFC_PHYS_s17_T3_ctrl,19,161,24.366666666666667,0.6738796234130859,0.21514220468946668
UBFC_PHYS_s17_T3_ctrl,19,162,24.4,0.5283800959587097,0.36090817261929037
UBFC_PHYS_s17_T3_ctrl,19,163,24.433333333333334,0.35100653767585754,0.5049880574021367
UBFC_PHYS_s17_T3_ctrl,19,164,24.466666666666665,0.21642830967903137,0.6242040011648409
UBFC_PHYS_s17_T3_ctrl,19,165,24.5,0.10066083073616028,0.6896749335875212
UBFC_PHYS_s17_T3_ctrl,19,166,24.533333333333335,-0.07730972766876221,0.6744764238645183
UBFC_PHYS_s17_T3_ctrl,19,167,24.566666666666666,-0.27342382073402405,0.563493961939809
UBFC_PHYS_s17_T3_ctrl,19,168,24.6,-0.33260688185691833,0.362342346169709
UBFC_PHYS_s17_T3_ctrl,19,169,24.633333333333333,-0.16559267044067383,0.10054771068957055
UBFC_PHYS_s17_T3_ctrl,19,170,24.666666666666668,0.13899637758731842,-0.1746414170547137
UBFC_PHYS_s17_T3_ctrl,19,171,24.7,0.3969740867614746,-0.4130775084015297
UBFC_PHYS_s17_T3_ctrl,19,172,24.733333333333334,0.4935562312602997,-0.5790134425734429
UBFC_PHYS_s17_T3_ctrl,19,173,24.766666666666666,0.4161711037158966,-0.6624492592067097
UBFC_PHYS_s17_T3_ctrl,19,174,24.8,0.180586040019989,-0.6793332329283214
UBFC_PHYS_s17_T3_ctrl,19,175,24.833333333333332,-0.15153434872627258,-0.6613924970699424
UBFC_PHYS_s17_T3_ctrl,19,176,24.866666666666667,-0.4381203353404999,-0.6407978314761865
UBFC_PHYS_s17_T3_ctrl,19,177,24.9,-0.5656050443649292,-0.6361055121974312
UBFC_PHYS_s17_T3_ctrl,19,178,24.933333333333334,-0.565300703048706,-0.6444602732494941
UBFC_PHYS_s17_T3_ctrl,19,179,24.966666666666665,-0.5504814982414246,-0.642270197389186
UBFC_PHYS_s17_T3_ctrl,19,180,25.0,-0.5616368651390076,-0.5938034735104075
UBFC_PHYS_s17_T3_ctrl,19,181,25.033333333333335,-0.5491002798080444,-0.4649237693413476
UBFC_PHYS_s17_T3_ctrl,19,182,25.066666666666666,-0.5215572118759155,-0.23765557734315695
UBFC_PHYS_s17_T3_ctrl,19,183,25.1,-0.5551052093505859,0.0791051439687313
UBFC_PHYS_s17_T3_ctrl,19,184,25.133333333333333,-0.6579029560089111,0.44638583082199906
UBFC_PHYS_s17_T3_ctrl,19,185,25.166666666666668,-0.7866752743721008,0.8010516291470372
UBFC_PHYS_s17_T3_ctrl,19,186,25.2,-0.9432481527328491,1.070041197325433
UBFC_PHYS_s17_T3_ctrl,19,187,25.233333333333334,-1.1305596828460693,1.1897452381226983
UBFC_PHYS_s17_T3_ctrl,19,188,25.266666666666666,-1.2685325145721436,1.1254044562885315
UBFC_PHYS_s17_T3_ctrl,19,189,25.3,-1.208096981048584,0.8845119353551639
UBFC_PHYS_s17_T3_ctrl,19,190,25.333333333333332,-0.850236177444458,0.5190362945825988
UBFC_PHYS_s17_T3_ctrl,19,191,25.366666666666667,-0.26099255681037903,0.11423864379037045
UBFC_PHYS_s17_T3_ctrl,19,192,25.4,0.35118213295936584,-0.23361555500251308
UBFC_PHYS_s17_T3_ctrl,19,193,25.433333333333334,0.7951837778091431,-0.4441842384791934
UBFC_PHYS_s17_T3_ctrl,19,194,25.466666666666665,0.9630290865898132,-0.4762861242959552
UBFC_PHYS_s17_T3_ctrl,19,195,25.5,0.850574254989624,-0.34005875898569254
UBFC_PHYS_s17_T3_ctrl,19,196,25.533333333333335,0.6876803636550903,-0.09384666002479684
UBFC_PHYS_s17_T3_ctrl,19,197,25.566666666666666,0.7911102771759033,0.1739132120336719
UBFC_PHYS_s17_T3_ctrl,19,198,25.6,1.1177759170532227,0.37293956530176237
UBFC_PHYS_s17_T3_ctrl,19,199,25.633333333333333,1.3692570924758911,0.4408620217775107
UBFC_PHYS_s17_T3_ctrl,19,200,25.666666666666668,1.467220425605774,0.3641467975263359
UBFC_PHYS_s17_T3_ctrl,19,201,25.7,1.5533612966537476,0.18172493496615882
UBFC_PHYS_s17_T3_ctrl,19,202,25.733333333333334,1.6437160968780518,-0.031235516442516854
UBFC_PHYS_s17_T3_ctrl,19,203,25.766666666666666,1.5860313177108765,-0.19388361851592376
UBFC_PHYS_s17_T3_ctrl,19,204,25.8,1.2629125118255615,-0.2522938199147151
UBFC_PHYS_s17_T3_ctrl,19,205,25.833333333333332,0.716312050819397,-0.2003439483529033
UBFC_PHYS_s17_T3_ctrl,19,206,25.866666666666667,0.14084585011005402,-0.08028797221645217
UBFC_PHYS_s17_T3_ctrl,19,207,25.9,-0.2467469573020935,0.03660190225932866
UBFC_PHYS_s17_T3_ctrl,19,208,25.933333333333334,-0.3358609974384308,0.08085800893852729
UBFC_PHYS_s17_T3_ctrl,19,209,25.966666666666665,-0.06286512315273285,0.014333768145745406
UBFC_PHYS_s17_T3_ctrl,19,210,26.0,0.5987887382507324,-0.15364515687729421
UBFC_PHYS_s17_T3_ctrl,19,211,26.033333333333335,1.4422876834869385,-0.36984645070704136
UBFC_PHYS_s17_T3_ctrl,19,212,26.066666666666666,2.10250186920166,-0.558149694315126
UBFC_PHYS_s17_T3_ctrl,19,213,26.1,2.448341131210327,-0.6486780960697396
UBFC_PHYS_s17_T3_ctrl,19,214,26.133333333333333,2.5404751300811768,-0.6036768722649661
UBFC_PHYS_s17_T3_ctrl,19,215,26.166666666666668,2.3741047382354736,-0.4314006609653864
UBFC_PHYS_s17_T3_ctrl,19,216,26.2,1.9130598306655884,-0.18411526707091028
UBFC_PHYS_s17_T3_ctrl,19,217,26.233333333333334,1.2219783067703247,0.05870700349498863
UBFC_PHYS_s17_T3_ctrl,19,218,26.266666666666666,0.4067598879337311,0.21690533064840403
UBFC_PHYS_s17_T3_ctrl,19,219,26.3,-0.4804123342037201,0.23773998988860248
UBFC_PHYS_s17_T3_ctrl,19,220,26.333333333333332,-1.396883487701416,0.11585518627245318
UBFC_PHYS_s17_T3_ctrl,19,221,26.366666666666667,-2.2355947494506836,-0.10289223764280347
UBFC_PHYS_s17_T3_ctrl,19,222,26.4,-2.8560805320739746,-0.33583867334311157
UBFC_PHYS_s17_T3_ctrl,19,223,26.433333333333334,-3.1694018840789795,-0.4911336463057747
UBFC_PHYS_s17_T3_ctrl,19,224,26.466666666666665,-3.1789650917053223,-0.4988955346183462
UBFC_PHYS_s17_T3_ctrl,19,225,26.5,-2.997319221496582,-0.33536457555720256
UBFC_PHYS_s17_T3_ctrl,19,226,26.533333333333335,-2.794813871383667,-0.03204633887078976
UBFC_PHYS_s17_T3_ctrl,19,227,26.566666666666666,-2.616269588470459,0.33327490488863415
UBFC_PHYS_s17_T3_ctrl,19,228,26.6,-2.317744016647339,0.6609232146201633
UBFC_PHYS_s17_T3_ctrl,19,229,26.633333333333333,-1.7804027795791626,0.8611340910545181
UBFC_PHYS_s17_T3_ctrl,19,230,26.666666666666668,-1.108986496925354,0.8823241382303759
UBFC_PHYS_s17_T3_ctrl,19,231,26.7,-0.5448862910270691,0.725848309943583
UBFC_PHYS_s17_T3_ctrl,19,232,26.733333333333334,-0.23176391422748566,0.44246317782455086
UBFC_PHYS_s17_T3_ctrl,19,233,26.766666666666666,-0.1502467542886734,0.11302512640900217
UBFC_PHYS_s17_T3_ctrl,19,234,26.8,-0.23101475834846497,-0.17799093579142433
UBFC_PHYS_s17_T3_ctrl,19,235,26.833333333333332,-0.4099334478378296,-0.3658099514721695
UBFC_PHYS_s17_T3_ctrl,19,236,26.866666666666667,-0.5716567635536194,-0.4184986802549002
UBFC_PHYS_s17_T3_ctrl,19,237,26.9,-0.598158061504364,-0.33863270717990823
UBFC_PHYS_s17_T3_ctrl,19,238,26.933333333333334,-0.4791247248649597,-0.15668233212486798
UBFC_PHYS_s17_T3_ctrl,19,239,26.966666666666665,-0.2695609927177429,0.07916018821539655
UBFC_PHYS_s17_T3_ctrl,20,0,20.0,-0.2792999744415283,0.09812328169911991
UBFC_PHYS_s17_T3_ctrl,20,1,20.033333333333335,-0.004887741524726152,0.158314178491047
UBFC_PHYS_s17_T3_ctrl,20,2,20.066666666666666,0.1330031454563141,0.21118525078381306
UBFC_PHYS_s17_T3_ctrl,20,3,20.1,0.14013180136680603,0.25399152166577865
UBFC_PHYS_s17_T3_ctrl,20,4,20.133333333333333,0.0613420270383358,0.2900937126448376
UBFC_PHYS_s17_T3_ctrl,20,5,20.166666666666668,-0.007615124806761742,0.32678906161708554
UBFC_PHYS_s17_T3_ctrl,20,6,20.2,0.015327672474086285,0.37018322625420746
UBFC_PHYS_s17_T3_ctrl,20,7,20.233333333333334,0.11809033155441284,0.4199802476156514
UBFC_PHYS_s17_T3_ctrl,20,8,20.266666666666666,0.224095419049263,0.46724789027226377
UBFC_PHYS_s17_T3_ctrl,20,9,20.3,0.27483880519866943,0.4966046400027102
UBFC_PHYS_s17_T3_ctrl,20,10,20.333333333333332,0.24621883034706116,0.49184569960470936
UBFC_PHYS_s17_T3_ctrl,20,11,20.366666666666667,0.15131056308746338,0.44231246649095607
UBFC_PHYS_s17_T3_ctrl,20,12,20.4,0.04630044847726822,0.34726904526070373
UBFC_PHYS_s17_T3_ctrl,20,13,20.433333333333334,-0.03200940415263176,0.21664729112601827
UBFC_PHYS_s17_T3_ctrl,20,14,20.466666666666665,-0.1217789500951767,0.06785049538147607
UBFC_PHYS_s17_T3_ctrl,20,15,20.5,-0.29176634550094604,-0.08023601524208705
UBFC_PHYS_s17_T3_ctrl,20,16,20.533333333333335,-0.5324081778526306,-0.21345048457119198
UBFC_PHYS_s17_T3_ctrl,20,17,20.566666666666666,-0.6953606009483337,-0.3258667963621548
UBFC_PHYS_s17_T3_ctrl,20,18,20.6,-0.6239686608314514,-0.4191444446025597
UBFC_PHYS_s17_T3_ctrl,20,19,20.633333333333333,-0.33953651785850525,-0.4985388998747824
UBFC_PHYS_s17_T3_ctrl,20,20,20.666666666666668,-0.0239443089812994,-0.5680336607545372
UBFC_PHYS_s17_T3_ctrl,20,21,20.7,0.19238519668579102,-0.6271978916097595
UBFC_PHYS_s17_T3_ctrl,20,22,20.733333333333334,0.3066895008087158,-0.6710975309291696
UBFC_PHYS_s17_T3_ctrl,20,23,20.766666666666666,0.33592984080314636,-0.692832221379805
UBFC_PHYS_s17_T3_ctrl,20,24,20.8,0.2910626232624054,-0.6870764787310554
UBFC_PHYS_s17_T3_ctrl,20,25,20.833333333333332,0.23281602561473846,-0.6527563967893568
UBFC_PHYS_s17_T3_ctrl,20,26,20.866666666666667,0.2219650149345398,-0.5935558359657679
UBFC_PHYS_s17_T3_ctrl,20,27,20.9,0.2526802718639374,-0.5159648452820431
UBFC_PHYS_s17_T3_ctrl,20,28,20.933333333333334,0.27547091245651245,-0.42569133844619766
UBFC_PHYS_s17_T3_ctrl,20,29,20.966666666666665,0.24984754621982574,-0.3242324660105291
UBFC_PHYS_s17_T3_ctrl,20,30,21.0,0.15807634592056274,-0.2078386773221524
UBFC_PHYS_s17_T3_ctrl,20,31,21.033333333333335,0.011780902743339539,-0.07019823133044178
UBFC_PHYS_s17_T3_ctrl,20,32,21.066666666666666,-0.14488562941551208,0.09213051200768893
UBFC_PHYS_s17_T3_ctrl,20,33,21.1,-0.2843216359615326,0.27461379640927824
UBFC_PHYS_s17_T3_ctrl,20,34,21.133333333333333,-0.43809691071510315,0.46321869823240147
UBFC_PHYS_s17_T3_ctrl,20,35,21.166666666666668,-0.6490184664726257,0.6377390201674925
UBFC_PHYS_s17_T3_ctrl,20,36,21.2,-0.8559484481811523,0.7782920540360216
UBFC_PHYS_s17_T3_ctrl,20,37,21.233333333333334,-0.8834680914878845,0.871493733801432
UBFC_PHYS_s17_T3_ctrl,20,38,21.266666666666666,-0.6278783082962036,0.9133931913119833
UBFC_PHYS_s17_T3_ctrl,20,39,21.3,-0.23108498752117157,0.9082149650655977
UBFC_PHYS_s17_T3_ctrl,20,40,21.333333333333332,0.08415606617927551,0.8637653367037368
UBFC_PHYS_s17_T3_ctrl,20,41,21.366666666666667,0.2581116259098053,0.785723537612536
UBFC_PHYS_s17_T3_ctrl,20,42,21.4,0.35097143054008484,0.6739123063978656
UBFC_PHYS_s17_T3_ctrl,20,43,21.433333333333334,0.3835712671279907,0.5231109550937735
UBFC_PHYS_s17_T3_ctrl,20,44,21.466666666666665,0.35655495524406433,0.328634597308276
UBFC_PHYS_s17_T3_ctrl,20,45,21.5,0.32751360535621643,0.09413086278051017
UBFC_PHYS_s17_T3_ctrl,20,46,21.533333333333335,0.34648820757865906,-0.16238109679700172
UBFC_PHYS_s17_T3_ctrl,20,47,21.566666666666666,0.375728577375412,-0.4076471526552141
UBFC_PHYS_s17_T3_ctrl,20,48,21.6,0.3613308072090149,-0.5988147566374343
UBFC_PHYS_s17_T3_ctrl,20,49,21.633333333333333,0.2918000817298889,-0.6943906455238379
UBFC_PHYS_s17_T3_ctrl,20,50,21.666666666666668,0.175400510430336,-0.667442841932278
UBFC_PHYS_s17_T3_ctrl,20,51,21.7,0.03193778917193413,-0.5168990079416924
UBFC_PHYS_s17_T3_ctrl,20,52,21.733333333333334,-0.10891459882259369,-0.27262693426902784
UBFC_PHYS_s17_T3_ctrl,20,53,21.766666666666666,-0.25368833541870117,0.008719165286213637
UBFC_PHYS_s17_T3_ctrl,20,54,21.8,-0.4593775272369385,0.2571585243869622
UBFC_PHYS_s17_T3_ctrl,20,55,21.833333333333332,-0.7145107984542847,0.4086558153516771
UBFC_PHYS_s17_T3_ctrl,20,56,21.866666666666667,-0.8628196120262146,0.42402289108643687
UBFC_PHYS_s17_T3_ctrl,20,57,21.9,-0.7332513332366943,0.3005099017891164
UBFC_PHYS_s17_T3_ctrl,20,58,21.933333333333334,-0.3544142246246338,0.07101008556873296
UBFC_PHYS_s17_T3_ctrl,20,59,21.966666666666665,0.04837232455611229,-0.20933071613152854
UBFC_PHYS_s17_T3_ctrl,20,60,22.0,0.3006494343280792,-0.48301313502547627
UBFC_PHYS_s17_T3_ctrl,20,61,22.033333333333335,0.40738028287887573,-0.7072450214209414
UBFC_PHYS_s17_T3_ctrl,20,62,22.066666666666666,0.4242362082004547,-0.8614429700976147
UBFC_PHYS_s17_T3_ctrl,20,63,22.1,0.3727788031101227,-0.9442128615110453
UBFC_PHYS_s17_T3_ctrl,20,64,22.133333333333333,0.3265420198440552,-0.9634557472983564
UBFC_PHYS_s17_T3_ctrl,20,65,22.166666666666668,0.3633909821510315,-0.9254164484038119
UBFC_PHYS_s17_T3_ctrl,20,66,22.2,0.44202858209609985,-0.8284790466559175
UBFC_PHYS_s17_T3_ctrl,20,67,22.233333333333334,0.47262677550315857,-0.6650989901028437
UBFC_PHYS_s17_T3_ctrl,20,68,22.266666666666666,0.4394885003566742,-0.4308832967443318
UBFC_PHYS_s17_T3_ctrl,20,69,22.3,0.3526570200920105,-0.13563164326874821
UBFC_PHYS_s17_T3_ctrl,20,70,22.333333333333332,0.20478133857250214,0.19048111734108839
UBFC_PHYS_s17_T3_ctrl,20,71,22.366666666666667,0.029994674026966095,0.5004499796511281
UBFC_PHYS_s17_T3_ctrl,20,72,22.4,-0.12791264057159424,0.7437700819214175
UBFC_PHYS_s17_T3_ctrl,20,73,22.433333333333334,-0.2989886403083801,0.8842440309867734
UBFC_PHYS_s17_T3_ctrl,20,74,22.466666666666665,-0.5473795533180237,0.9138820225787111
UBFC_PHYS_s17_T3_ctrl,20,75,22.5,-0.8436225652694702,0.8558330170389412
UBFC_PHYS_s17_T3_ctrl,20,76,22.533333333333335,-1.0057907104492188,0.7547552286300405
UBFC_PHYS_s17_T3_ctrl,20,77,22.566666666666666,-0.8642359375953674,0.6591759862059563
UBFC_PHYS_s17_T3_ctrl,20,78,22.6,-0.4714224934577942,0.6035257744739357
UBFC_PHYS_s17_T3_ctrl,20,79,22.633333333333333,-0.06066448986530304,0.5968299647917726
UBFC_PHYS_s17_T3_ctrl,20,80,22.666666666666668,0.21923764050006866,0.6217035254180807
UBFC_PHYS_s17_T3_ctrl,20,81,22.7,0.38355955481529236,0.6430813973128673
UBFC_PHYS_s17_T3_ctrl,20,82,22.733333333333334,0.4554547965526581,0.6226826615091933
UBFC_PHYS_s17_T3_ctrl,20,83,22.766666666666666,0.4363865256309509,0.533585532765538
UBFC_PHYS_s17_T3_ctrl,20,84,22.8,0.40399739146232605,0.36978857678822313
UBFC_PHYS_s17_T3_ctrl,20,85,22.833333333333332,0.42870771884918213,0.14789635227114312
UBFC_PHYS_s17_T3_ctrl,20,86,22.866666666666667,0.4794745147228241,-0.09882699608885759
UBFC_PHYS_s17_T3_ctrl,20,87,22.9,0.5160542130470276,-0.3311460131127324
UBFC_PHYS_s17_T3_ctrl,20,88,22.933333333333334,0.5329569578170776,-0.5152055436509052
UBFC_PHYS_s17_T3_ctrl,20,89,22.966666666666665,0.4921984076499939,-0.6308665642228284
UBFC_PHYS_s17_T3_ctrl,20,90,23.0,0.3675464391708374,-0.674848596329116
UBFC_PHYS_s17_T3_ctrl,20,91,23.033333333333335,0.2296087145805359,-0.6584015330733132
UBFC_PHYS_s17_T3_ctrl,20,92,23.066666666666666,0.14840760827064514,-0.6009235574204189
UBFC_PHYS_s17_T3_ctrl,20,93,23.1,0.0777648538351059,-0.5221314424163992
UBFC_PHYS_s17_T3_ctrl,20,94,23.133333333333333,-0.06992354989051819,-0.4358756100089648
UBFC_PHYS_s17_T3_ctrl,20,95,23.166666666666668,-0.28866440057754517,-0.3481700621642632
UBFC_PHYS_s17_T3_ctrl,20,96,23.2,-0.4256656765937805,-0.260321298355001
UBFC_PHYS_s17_T3_ctrl,20,97,23.233333333333334,-0.30342504382133484,-0.17547896955364595
UBFC_PHYS_s17_T3_ctrl,20,98,23.266666666666666,0.05334716662764549,-0.10450761083590833
UBFC_PHYS_s17_T3_ctrl,20,99,23.3,0.3794158101081848,-0.06652340815583699
UBFC_PHYS_s17_T3_ctrl,20,100,23.333333333333332,0.47248631715774536,-0.08185792285335797
UBFC_PHYS_s17_T3_ctrl,20,101,23.366666666666667,0.35167375206947327,-0.15986168752991387
UBFC_PHYS_s17_T3_ctrl,20,102,23.4,0.09953710436820984,-0.28830637594641706
UBFC_PHYS_s17_T3_ctrl,20,103,23.433333333333334,-0.23826046288013458,-0.43161018139770324
UBFC_PHYS_s17_T3_ctrl,20,104,23.466666666666665,-0.5264500975608826,-0.5404017376089213
UBFC_PHYS_s17_T3_ctrl,20,105,23.5,-0.5763857960700989,-0.5685755437211006
UBFC_PHYS_s17_T3_ctrl,20,106,23.533333333333335,-0.4288027286529541,-0.4903807434340762
UBFC_PHYS_s17_T3_ctrl,20,107,23.566666666666666,-0.3077092468738556,-0.310289605207343
UBFC_PHYS_s17_T3_ctrl,20,108,23.6,-0.2526816427707672,-0.061428240725820815
UBFC_PHYS_s17_T3_ctrl,20,109,23.633333333333333,-0.1973028928041458,0.2068636027486822
UBFC_PHYS_s17_T3_ctrl,20,110,23.666666666666668,-0.1941424012184143,0.44683879184233477
UBFC_PHYS_s17_T3_ctrl,20,111,23.7,-0.3019501566886902,0.6273642930592119
UBFC_PHYS_s17_T3_ctrl,20,112,23.733333333333334,-0.4373360574245453,0.7394106102712817
UBFC_PHYS_s17_T3_ctrl,20,113,23.766666666666666,-0.5032263398170471,0.7903462123344923
UBFC_PHYS_s17_T3_ctrl,20,114,23.8,-0.5188298225402832,0.7916536268454268
UBFC_PHYS_s17_T3_ctrl,20,115,23.833333333333332,-0.5671384334564209,0.7482761338771747
UBFC_PHYS_s17_T3_ctrl,20,116,23.866666666666667,-0.6700533032417297,0.6562160054976782
UBFC_PHYS_s17_T3_ctrl,20,117,23.9,-0.7203986644744873,0.5094811931089873
UBFC_PHYS_s17_T3_ctrl,20,118,23.933333333333334,-0.5615432262420654,0.3115241000333344
UBFC_PHYS_s17_T3_ctrl,20,119,23.966666666666665,-0.1718551218509674,0.08346479568900853
UBFC_PHYS_s17_T3_ctrl,20,120,24.0,0.28115978837013245,-0.13671538375666378
UBFC_PHYS_s17_T3_ctrl,20,121,24.033333333333335,0.5973138809204102,-0.30468394950707495
UBFC_PHYS_s17_T3_ctrl,20,122,24.066666666666666,0.7341863512992859,-0.3853812900409131
UBFC_PHYS_s17_T3_ctrl,20,123,24.1,0.7523884177207947,-0.36650915501942827
UBFC_PHYS_s17_T3_ctrl,20,124,24.133333333333333,0.7109392285346985,-0.26375015558927056
UBFC_PHYS_s17_T3_ctrl,20,125,24.166666666666668,0.6714799404144287,-0.11546337907564376
UBFC_PHYS_s17_T3_ctrl,20,126,24.2,0.695675253868103,0.03088387603394037
UBFC_PHYS_s17_T3_ctrl,20,127,24.233333333333334,0.7696892023086548,0.13502792583233356
UBFC_PHYS_s17_T3_ctrl,20,128,24.266666666666666,0.8101434111595154,0.17662560262274762
UBFC_PHYS_s17_T3_ctrl,20,129,24.3,0.7901387214660645,0.1599100395135622
UBFC_PHYS_s17_T3_ctrl,20,130,24.333333333333332,0.748092532157898,0.10944097665208898
UBFC_PHYS_s17_T3_ctrl,20,131,24.366666666666667,0.6738796234130859,0.059418925816991056
UBFC_PHYS_s17_T3_ctrl,20,132,24.4,0.5283800959587097,0.04050503976153984
UBFC_PHYS_s17_T3_ctrl,20,133,24.433333333333334,0.35100653767585754,0.06810183664438985
UBFC_PHYS_s17_T3_ctrl,20,134,24.466666666666665,0.21642830967903137,0.1355709106904015
UBFC_PHYS_s17_T3_ctrl,20,135,24.5,0.10066083073616028,0.21497347101220218
UBFC_PHYS_s17_T3_ctrl,20,136,24.533333333333335,-0.07730972766876221,0.2661656048698137
UBFC_PHYS_s17_T3_ctrl,20,137,24.566666666666666,-0.27342382073402405,0.2521716104990621
UBFC_PHYS_s17_T3_ctrl,20,138,24.6,-0.33260688185691833,0.15536155474303665
UBFC_PHYS_s17_T3_ctrl,20,139,24.633333333333333,-0.16559267044067383,-0.012893078100394544
UBFC_PHYS_s17_T3_ctrl,20,140,24.666666666666668,0.13899637758731842,-0.21475821968774148
UBFC_PHYS_s17_T3_ctrl,20,141,24.7,0.3969740867614746,-0.4008827808368803
UBFC_PHYS_s17_T3_ctrl,20,142,24.733333333333334,0.4935562312602997,-0.5310017425489539
UBFC_PHYS_s17_T3_ctrl,20,143,24.766666666666666,0.4161711037158966,-0.5898804587792619
UBFC_PHYS_s17_T3_ctrl,20,144,24.8,0.180586040019989,-0.5911589168571735
UBFC_PHYS_s17_T3_ctrl,20,145,24.833333333333332,-0.15153434872627258,-0.5683325388302574
UBFC_PHYS_s17_T3_ctrl,20,146,24.866666666666667,-0.4381203353404999,-0.5579025610176637
UBFC_PHYS_s17_T3_ctrl,20,147,24.9,-0.5656050443649292,-0.5822147997752037
UBFC_PHYS_s17_T3_ctrl,20,148,24.933333333333334,-0.565300703048706,-0.6385575968706187
UBFC_PHYS_s17_T3_ctrl,20,149,24.966666666666665,-0.5504814982414246,-0.6980844010380476
UBFC_PHYS_s17_T3_ctrl,20,150,25.0,-0.5616368651390076,-0.7147034918719211
UBFC_PHYS_s17_T3_ctrl,20,151,25.033333333333335,-0.5491002798080444,-0.641007410459536
UBFC_PHYS_s17_T3_ctrl,20,152,25.066666666666666,-0.5215572118759155,-0.446054522253639
UBFC_PHYS_s17_T3_ctrl,20,153,25.1,-0.5551052093505859,-0.12919336703706857
UBFC_PHYS_s17_T3_ctrl,20,154,25.133333333333333,-0.6579029560089111,0.27449029238422396
UBFC_PHYS_s17_T3_ctrl,20,155,25.166666666666668,-0.7866752743721008,0.6989875407925135
UBFC_PHYS_s17_T3_ctrl,20,156,25.2,-0.9432481527328491,1.0617211512432287
UBFC_PHYS_s17_T3_ctrl,20,157,25.233333333333334,-1.1305596828460693,1.2843473898335633
UBFC_PHYS_s17_T3_ctrl,20,158,25.266666666666666,-1.2685325145721436,1.3148583009087187
UBFC_PHYS_s17_T3_ctrl,20,159,25.3,-1.208096981048584,1.144641513958153
UBFC_PHYS_s17_T3_ctrl,20,160,25.333333333333332,-0.850236177444458,0.8145838783542311
UBFC_PHYS_s17_T3_ctrl,20,161,25.366666666666667,-0.26099255681037903,0.40691282314287763
UBFC_PHYS_s17_T3_ctrl,20,162,25.4,0.35118213295936584,0.023927879951853748
UBFC_PHYS_s17_T3_ctrl,20,163,25.433333333333334,0.7951837778091431,-0.240573205410237
UBFC_PHYS_s17_T3_ctrl,20,164,25.466666666666665,0.9630290865898132,-0.3284960100215376
UBFC_PHYS_s17_T3_ctrl,20,165,25.5,0.850574254989624,-0.23462293781866947
UBFC_PHYS_s17_T3_ctrl,20,166,25.533333333333335,0.6876803636550903,-0.008020054127435143
UBFC_PHYS_s17_T3_ctrl,20,167,25.566666666666666,0.7911102771759033,0.26337933739127883
UBFC_PHYS_s17_T3_ctrl,20,168,25.6,1.1177759170532227,0.4810271544160242
UBFC_PHYS_s17_T3_ctrl,20,169,25.633333333333333,1.3692570924758911,0.5683421103925552
UBFC_PHYS_s17_T3_ctrl,20,170,25.666666666666668,1.467220425605774,0.49634472379879796
UBFC_PHYS_s17_T3_ctrl,20,171,25.7,1.5533612966537476,0.29222287773473365
UBFC_PHYS_s17_T3_ctrl,20,172,25.733333333333334,1.6437160968780518,0.026741921753756618
UBFC_PHYS_s17_T3_ctrl,20,173,25.766666666666666,1.5860313177108765,-0.21488262086740748
UBFC_PHYS_s17_T3_ctrl,20,174,25.8,1.2629125118255615,-0.36670306807043984
UBFC_PHYS_s17_T3_ctrl,20,175,25.833333333333332,0.716312050819397,-0.40628995033957643
UBFC_PHYS_s17_T3_ctrl,20,176,25.866666666666667,0.14084585011005402,-0.35995243364979357
UBFC_PHYS_s17_T3_ctrl,20,177,25.9,-0.2467469573020935,-0.28786553639428525
UBFC_PHYS_s17_T3_ctrl,20,178,25.933333333333334,-0.3358609974384308,-0.2562638676198456
UBFC_PHYS_s17_T3_ctrl,20,179,25.966666666666665,-0.06286512315273285,-0.3086053255262678
UBFC_PHYS_s17_T3_ctrl,20,180,26.0,0.5987887382507324,-0.4473531296297228
UBFC_PHYS_s17_T3_ctrl,20,181,26.033333333333335,1.4422876834869385,-0.6330421722056366
UBFC_PHYS_s17_T3_ctrl,20,182,26.066666666666666,2.10250186920166,-0.7997864986543031
UBFC_PHYS_s17_T3_ctrl,20,183,26.1,2.448341131210327,-0.8801366220408574
UBFC_PHYS_s17_T3_ctrl,20,184,26.133333333333333,2.5404751300811768,-0.8299577504272738
UBFC_PHYS_s17_T3_ctrl,20,185,26.166666666666668,2.3741047382354736,-0.6452750698594292
UBFC_PHYS_s17_T3_ctrl,20,186,26.2,1.9130598306655884,-0.3659745241457952
UBFC_PHYS_s17_T3_ctrl,20,187,26.233333333333334,1.2219783067703247,-0.06487088161396404
UBFC_PHYS_s17_T3_ctrl,20,188,26.266666666666666,0.4067598879337311,0.17534721662014824
UBFC_PHYS_s17_T3_ctrl,20,189,26.3,-0.4804123342037201,0.29067518270687304
UBFC_PHYS_s17_T3_ctrl,20,190,26.333333333333332,-1.396883487701416,0.26006159667763007
UBFC_PHYS_s17_T3_ctrl,20,191,26.366666666666667,-2.2355947494506836,0.11561686109656488
UBFC_PHYS_s17_T3_ctrl,20,192,26.4,-2.8560805320739746,-0.06647168906794457
UBFC_PHYS_s17_T3_ctrl,20,193,26.433333333333334,-3.1694018840789795,-0.19210916557625474
UBFC_PHYS_s17_T3_ctrl,20,194,26.466666666666665,-3.1789650917053223,-0.1833007333463181
UBFC_PHYS_s17_T3_ctrl,20,195,26.5,-2.997319221496582,-0.007299014998761352
UBFC_PHYS_s17_T3_ctrl,20,196,26.533333333333335,-2.794813871383667,0.31007136605861846
UBFC_PHYS_s17_T3_ctrl,20,197,26.566666666666666,-2.616269588470459,0.6919530096595016
UBFC_PHYS_s17_T3_ctrl,20,198,26.6,-2.317744016647339,1.0362730396875701
UBFC_PHYS_s17_T3_ctrl,20,199,26.633333333333333,-1.7804027795791626,1.2504566304888418
UBFC_PHYS_s17_T3_ctrl,20,200,26.666666666666668,-1.108986496925354,1.2820204485396052
UBFC_PHYS_s17_T3_ctrl,20,201,26.7,-0.5448862910270691,1.1334359611771672
UBFC_PHYS_s17_T3_ctrl,20,202,26.733333333333334,-0.23176391422748566,0.8561586675202035
UBFC_PHYS_s17_T3_ctrl,20,203,26.766666666666666,-0.1502467542886734,0.5275786727073337
UBFC_PHYS_s17_T3_ctrl,20,204,26.8,-0.23101475834846497,0.221728016105767
UBFC_PHYS_s17_T3_ctrl,20,205,26.833333333333332,-0.4099334478378296,-0.013751662390491148
UBFC_PHYS_s17_T3_ctrl,20,206,26.866666666666667,-0.5716567635536194,-0.16646987069950675
UBFC_PHYS_s17_T3_ctrl,20,207,26.9,-0.598158061504364,-0.2535666146865516
UBFC_PHYS_s17_T3_ctrl,20,208,26.933333333333334,-0.4791247248649597,-0.30693186211142276
UBFC_PHYS_s17_T3_ctrl,20,209,26.966666666666665,-0.2695609927177429,-0.3569720461082525
UBFC_PHYS_s17_T3_ctrl,20,210,27.0,-0.015750452876091003,-0.42093046401615253
UBFC_PHYS_s17_T3_ctrl,20,211,27.033333333333335,0.1922447383403778,-0.4984411225457999
UBFC_PHYS_s17_T3_ctrl,20,212,27.066666666666666,0.2666683495044708,-0.5740610454946286
UBFC_PHYS_s17_T3_ctrl,20,213,27.1,0.25124049186706543,-0.6247510148743722
UBFC_PHYS_s17_T3_ctrl,20,214,27.133333333333333,0.2567303776741028,-0.6294494809901696
UBFC_PHYS_s17_T3_ctrl,20,215,27.166666666666668,0.2943284809589386,-0.5775981481343027
UBFC_PHYS_s17_T3_ctrl,20,216,27.2,0.27252110838890076,-0.4736734212475567
UBFC_PHYS_s17_T3_ctrl,20,217,27.233333333333334,0.12573403120040894,-0.3360505503705958
UBFC_PHYS_s17_T3_ctrl,20,218,27.266666666666666,-0.07482815533876419,-0.19095370806057785
UBFC_PHYS_s17_T3_ctrl,20,219,27.3,-0.12404982000589371,-0.06436277224789008
UBFC_PHYS_s17_T3_ctrl,20,220,27.333333333333332,0.09328635782003403,0.024881926890709682
UBFC_PHYS_s17_T3_ctrl,20,221,27.366666666666667,0.45564210414886475,0.0687400609226207
UBFC_PHYS_s17_T3_ctrl,20,222,27.4,0.7614836096763611,0.07008286252377673
UBFC_PHYS_s17_T3_ctrl,20,223,27.433333333333334,0.9307453036308289,0.0402585041992725
UBFC_PHYS_s17_T3_ctrl,20,224,27.466666666666665,0.9695724248886108,-0.004461045265902363
UBFC_PHYS_s17_T3_ctrl,20,225,27.5,0.8795453906059265,-0.046525557264146915
UBFC_PHYS_s17_T3_ctrl,20,226,27.533333333333335,0.6978759169578552,-0.07051697543469843
UBFC_PHYS_s17_T3_ctrl,20,227,27.566666666666666,0.5209119915962219,-0.06624125115844652
UBFC_PHYS_s17_T3_ctrl,20,228,27.6,0.40698230266571045,-0.030943838607747527
UBFC_PHYS_s17_T3_ctrl,20,229,27.633333333333333,0.3511704206466675,0.030380730595800834
UBFC_PHYS_s17_T3_ctrl,20,230,27.666666666666668,0.3532657027244568,0.1072026734168394
UBFC_PHYS_s17_T3_ctrl,20,231,27.7,0.4197998344898224,0.18738571881745697
UBFC_PHYS_s17_T3_ctrl,20,232,27.733333333333334,0.48560819029808044,0.2605182269293379
UBFC_PHYS_s17_T3_ctrl,20,233,27.766666666666666,0.4647255539894104,0.318609504877191
UBFC_PHYS_s17_T3_ctrl,20,234,27.8,0.3848939836025238,0.3546422304556037
UBFC_PHYS_s17_T3_ctrl,20,235,27.833333333333332,0.3246457278728485,0.36157425019330863
UBFC_PHYS_s17_T3_ctrl,20,236,27.866666666666667,0.27390235662460327,0.33364613807662585
UBFC_PHYS_s17_T3_ctrl,20,237,27.9,0.16495919227600098,0.2694474473117117
UBFC_PHYS_s17_T3_ctrl,20,238,27.933333333333334,-0.02358143962919712,0.1745881802424068
UBFC_PHYS_s17_T3_ctrl,20,239,27.966666666666665,-0.21510697901248932,0.0619671859715035
UBFC_PHYS_s17_T3_ctrl,21,0,21.0,0.15807634592056274,0.07185266699286029
UBFC_PHYS_s17_T3_ctrl,21,1,21.033333333333335,0.011780902743339539,0.3870403013986962
UBFC_PHYS_s17_T3_ctrl,21,2,21.066666666666666,-0.14488562941551208,0.6520288410312424
UBFC_PHYS_s17_T3_ctrl,21,3,21.1,-0.2843216359615326,0.8291431713647681
UBFC_PHYS_s17_T3_ctrl,21,4,21.133333333333333,-0.43809691071510315,0.8983708042489101
UBFC_PHYS_s17_T3_ctrl,21,5,21.166666666666668,-0.6490184664726257,0.8626716079616317
UBFC_PHYS_s17_T3_ctrl,21,6,21.2,-0.8559484481811523,0.7476190897582581
UBFC_PHYS_s17_T3_ctrl,21,7,21.233333333333334,-0.8834680914878845,0.5942171511138216
UBFC_PHYS_s17_T3_ctrl,21,8,21.266666666666666,-0.6278783082962036,0.4462929455320093
UBFC_PHYS_s17_T3_ctrl,21,9,21.3,-0.23108498752117157,0.3362605850631877
UBFC_PHYS_s17_T3_ctrl,21,10,21.333333333333332,0.08415606617927551,0.27419720246171786
UBFC_PHYS_s17_T3_ctrl,21,11,21.366666666666667,0.2581116259098053,0.24457814091486293
UBFC_PHYS_s17_T3_ctrl,21,12,21.4,0.35097143054008484,0.21273403184243625
UBFC_PHYS_s17_T3_ctrl,21,13,21.433333333333334,0.3835712671279907,0.13958784616922493
UBFC_PHYS_s17_T3_ctrl,21,14,21.466666666666665,0.35655495524406433,-0.0003872718943618639
UBFC_PHYS_s17_T3_ctrl,21,15,21.5,0.32751360535621643,-0.20501178390528266
UBFC_PHYS_s17_T3_ctrl,21,16,21.533333333333335,0.34648820757865906,-0.44010574303542355
UBFC_PHYS_s17_T3_ctrl,21,17,21.566666666666666,0.375728577375412,-0.6475425632494549
UBFC_PHYS_s17_T3_ctrl,21,18,21.6,0.3613308072090149,-0.7634448112761231
UBFC_PHYS_s17_T3_ctrl,21,19,21.633333333333333,0.2918000817298889,-0.7404626708160662
UBFC_PHYS_s17_T3_ctrl,21,20,21.666666666666668,0.175400510430336,-0.5665191021645634
UBFC_PHYS_s17_T3_ctrl,21,21,21.7,0.03193778917193413,-0.273322716553037
UBFC_PHYS_s17_T3_ctrl,21,22,21.733333333333334,-0.10891459882259369,0.069147310496765
UBFC_PHYS_s17_T3_ctrl,21,23,21.766666666666666,-0.25368833541870117,0.3715635557365088
UBFC_PHYS_s17_T3_ctrl,21,24,21.8,-0.4593775272369385,0.5520557837464646
UBFC_PHYS_s17_T3_ctrl,21,25,21.833333333333332,-0.7145107984542847,0.5620115893408719
UBFC_PHYS_s17_T3_ctrl,21,26,21.866666666666667,-0.8628196120262146,0.4018638133630373
UBFC_PHYS_s17_T3_ctrl,21,27,21.9,-0.7332513332366943,0.121020812534092
UBFC_PHYS_s17_T3_ctrl,21,28,21.933333333333334,-0.3544142246246338,-0.19857166226122674
UBFC_PHYS_s17_T3_ctrl,21,29,21.966666666666665,0.04837232455611229,-0.4697883938930508
UBFC_PHYS_s17_T3_ctrl,21,30,22.0,0.3006494343280792,-0.6286270281951857
UBFC_PHYS_s17_T3_ctrl,21,31,22.033333333333335,0.40738028287887573,-0.6528515457006849
UBFC_PHYS_s17_T3_ctrl,21,32,22.066666666666666,0.4242362082004547,-0.5645006254904765
UBFC_PHYS_s17_T3_ctrl,21,33,22.1,0.3727788031101227,-0.4162994763128028
UBFC_PHYS_s17_T3_ctrl,21,34,22.133333333333333,0.3265420198440552,-0.2677666987432543
UBFC_PHYS_s17_T3_ctrl,21,35,22.166666666666668,0.3633909821510315,-0.16044355721580703
UBFC_PHYS_s17_T3_ctrl,21,36,22.2,0.44202858209609985,-0.10245041994521374
UBFC_PHYS_s17_T3_ctrl,21,37,22.233333333333334,0.47262677550315857,-0.06910637023395994
UBFC_PHYS_s17_T3_ctrl,21,38,22.266666666666666,0.4394885003566742,-0.01895160210832617
UBFC_PHYS_s17_T3_ctrl,21,39,22.3,0.3526570200920105,0.08285267141154415
UBFC_PHYS_s17_T3_ctrl,21,40,22.333333333333332,0.20478133857250214,0.24486046440887724
UBFC_PHYS_s17_T3_ctrl,21,41,22.366666666666667,0.029994674026966095,0.44232022208422356
UBFC_PHYS_s17_T3_ctrl,21,42,22.4,-0.12791264057159424,0.6257514411105883
UBFC_PHYS_s17_T3_ctrl,21,43,22.433333333333334,-0.2989886403083801,0.7410717719444906
UBFC_PHYS_s17_T3_ctrl,21,44,22.466666666666665,-0.5473795533180237,0.7521385656742721
UBFC_PHYS_s17_T3_ctrl,21,45,22.5,-0.8436225652694702,0.655718110000661
UBFC_PHYS_s17_T3_ctrl,21,46,22.533333333333335,-1.0057907104492188,0.48272048015996133
UBFC_PHYS_s17_T3_ctrl,21,47,22.566666666666666,-0.8642359375953674,0.2858537438818494
UBFC_PHYS_s17_T3_ctrl,21,48,22.6,-0.4714224934577942,0.11948144425108606
UBFC_PHYS_s17_T3_ctrl,21,49,22.633333333333333,-0.06066448986530304,0.02011161909210769
UBFC_PHYS_s17_T3_ctrl,21,50,22.666666666666668,0.21923764050006866,-0.005120419675396727
UBFC_PHYS_s17_T3_ctrl,21,51,22.7,0.38355955481529236,0.02166030718304016
UBFC_PHYS_s17_T3_ctrl,21,52,22.733333333333334,0.4554547965526581,0.059915957168440774
UBFC_PHYS_s17_T3_ctrl,21,53,22.766666666666666,0.4363865256309509,0.06762636110489945
UBFC_PHYS_s17_T3_ctrl,21,54,22.8,0.40399739146232605,0.01774807137038639
UBFC_PHYS_s17_T3_ctrl,21,55,22.833333333333332,0.42870771884918213,-0.0918467061309769
UBFC_PHYS_s17_T3_ctrl,21,56,22.866666666666667,0.4794745147228241,-0.2382893878082194
UBFC_PHYS_s17_T3_ctrl,21,57,22.9,0.5160542130470276,-0.3829793690592108
UBFC_PHYS_s17_T3_ctrl,21,58,22.933333333333334,0.5329569578170776,-0.4861679414412766
UBFC_PHYS_s17_T3_ctrl,21,59,22.966666666666665,0.4921984076499939,-0.5210257396354128
UBFC_PHYS_s17_T3_ctrl,21,60,23.0,0.3675464391708374,-0.4819527412455874
UBFC_PHYS_s17_T3_ctrl,21,61,23.033333333333335,0.2296087145805359,-0.38454699615620747
UBFC_PHYS_s17_T3_ctrl,21,62,23.066666666666666,0.14840760827064514,-0.25817529631819874
UBFC_PHYS_s17_T3_ctrl,21,63,23.1,0.0777648538351059,-0.13485526208232285
UBFC_PHYS_s17_T3_ctrl,21,64,23.133333333333333,-0.06992354989051819,-0.03901639820884505
UBFC_PHYS_s17_T3_ctrl,21,65,23.166666666666668,-0.28866440057754517,0.018259093628088804
UBFC_PHYS_s17_T3_ctrl,21,66,23.2,-0.4256656765937805,0.038970048164892086
UBFC_PHYS_s17_T3_ctrl,21,67,23.233333333333334,-0.30342504382133484,0.03282673063836651
UBFC_PHYS_s17_T3_ctrl,21,68,23.266666666666666,0.05334716662764549,0.009860574084740378
UBFC_PHYS_s17_T3_ctrl,21,69,23.3,0.3794158101081848,-0.024947638160506304
UBFC_PHYS_s17_T3_ctrl,21,70,23.333333333333332,0.47248631715774536,-0.07192803677336451
UBFC_PHYS_s17_T3_ctrl,21,71,23.366666666666667,0.35167375206947327,-0.13171721982768467
UBFC_PHYS_s17_T3_ctrl,21,72,23.4,0.09953710436820984,-0.19852236003037285
UBFC_PHYS_s17_T3_ctrl,21,73,23.433333333333334,-0.23826046288013458,-0.25679136037126177
UBFC_PHYS_s17_T3_ctrl,21,74,23.466666666666665,-0.5264500975608826,-0.28427307732934187
UBFC_PHYS_s17_T3_ctrl,21,75,23.5,-0.5763857960700989,-0.26037130315921425
UBFC_PHYS_s17_T3_ctrl,21,76,23.533333333333335,-0.4288027286529541,-0.17564699219529037
UBFC_PHYS_s17_T3_ctrl,21,77,23.566666666666666,-0.3077092468738556,-0.03762497651496305
UBFC_PHYS_s17_T3_ctrl,21,78,23.6,-0.2526816427707672,0.1303277688144212
UBFC_PHYS_s17_T3_ctrl,21,79,23.633333333333333,-0.1973028928041458,0.29703255309986093
UBFC_PHYS_s17_T3_ctrl,21,80,23.666666666666668,-0.1941424012184143,0.43485608263066317
UBFC_PHYS_s17_T3_ctrl,21,81,23.7,-0.3019501566886902,0.5288093651034335
UBFC_PHYS_s17_T3_ctrl,21,82,23.733333333333334,-0.4373360574245453,0.578713981682668
UBFC_PHYS_s17_T3_ctrl,21,83,23.766666666666666,-0.5032263398170471,0.5934679281808974
UBFC_PHYS_s17_T3_ctrl,21,84,23.8,-0.5188298225402832,0.5811671629090333
UBFC_PHYS_s17_T3_ctrl,21,85,23.833333333333332,-0.5671384334564209,0.54152000190952
UBFC_PHYS_s17_T3_ctrl,21,86,23.866666666666667,-0.6700533032417297,0.4655736358845407
UBFC_PHYS_s17_T3_ctrl,21,87,23.9,-0.7203986644744873,0.3431842623625344
UBFC_PHYS_s17_T3_ctrl,21,88,23.933333333333334,-0.5615432262420654,0.17374623699499128
UBFC_PHYS_s17_T3_ctrl,21,89,23.966666666666665,-0.1718551218509674,-0.026531324941822972
UBFC_PHYS_s17_T3_ctrl,21,90,24.0,0.28115978837013245,-0.22563423743243352
UBFC_PHYS_s17_T3_ctrl,21,91,24.033333333333335,0.5973138809204102,-0.38530238601995914
UBFC_PHYS_s17_T3_ctrl,21,92,24.066666666666666,0.7341863512992859,-0.47490350616255084
UBFC_PHYS_s17_T3_ctrl,21,93,24.1,0.7523884177207947,-0.4831872665837531
UBFC_PHYS_s17_T3_ctrl,21,94,24.133333333333333,0.7109392285346985,-0.4225174412885795
UBFC_PHYS_s17_T3_ctrl,21,95,24.166666666666668,0.6714799404144287,-0.3237589453769719
UBFC_PHYS_s17_T3_ctrl,21,96,24.2,0.695675253868103,-0.22429552501192057
UBFC_PHYS_s17_T3_ctrl,21,97,24.233333333333334,0.7696892023086548,-0.1544973662143051
UBFC_PHYS_s17_T3_ctrl,21,98,24.266666666666666,0.8101434111595154,-0.1279992518655428
UBFC_PHYS_s17_T3_ctrl,21,99,24.3,0.7901387214660645,-0.1387718043640833
UBFC_PHYS_s17_T3_ctrl,21,100,24.333333333333332,0.748092532157898,-0.16477261880513905
UBFC_PHYS_s17_T3_ctrl,21,101,24.366666666666667,0.6738796234130859,-0.1758905883755196
UBFC_PHYS_s17_T3_ctrl,21,102,24.4,0.5283800959587097,-0.14377464229599823
UBFC_PHYS_s17_T3_ctrl,21,103,24.433333333333334,0.35100653767585754,-0.05171001697526237
UBFC_PHYS_s17_T3_ctrl,21,104,24.466666666666665,0.21642830967903137,0.09749155905251956
UBFC_PHYS_s17_T3_ctrl,21,105,24.5,0.10066083073616028,0.2783480754710868
UBFC_PHYS_s17_T3_ctrl,21,106,24.533333333333335,-0.07730972766876221,0.44702860563892055
UBFC_PHYS_s17_T3_ctrl,21,107,24.566666666666666,-0.27342382073402405,0.5538508503769725
UBFC_PHYS_s17_T3_ctrl,21,108,24.6,-0.33260688185691833,0.560762141494629
UBFC_PHYS_s17_T3_ctrl,21,109,24.633333333333333,-0.16559267044067383,0.4568601700775529
UBFC_PHYS_s17_T3_ctrl,21,110,24.666666666666668,0.13899637758731842,0.2641761725146447
UBFC_PHYS_s17_T3_ctrl,21,111,24.7,0.3969740867614746,0.02983360794416642
UBFC_PHYS_s17_T3_ctrl,21,112,24.733333333333334,0.4935562312602997,-0.19194975559111244
UBFC_PHYS_s17_T3_ctrl,21,113,24.766666666666666,0.4161711037158966,-0.3590593260328051
UBFC_PHYS_s17_T3_ctrl,21,114,24.8,0.180586040019989,-0.45348851257195105
UBFC_PHYS_s17_T3_ctrl,21,115,24.833333333333332,-0.15153434872627258,-0.4826065932772666
UBFC_PHYS_s17_T3_ctrl,21,116,24.866666666666667,-0.4381203353404999,-0.4711195766370696
UBFC_PHYS_s17_T3_ctrl,21,117,24.9,-0.5656050443649292,-0.4480679537489858
UBFC_PHYS_s17_T3_ctrl,21,118,24.933333333333334,-0.565300703048706,-0.4338206450559046
UBFC_PHYS_s17_T3_ctrl,21,119,24.966666666666665,-0.5504814982414246,-0.43121472865564514
UBFC_PHYS_s17_T3_ctrl,21,120,25.0,-0.5616368651390076,-0.4236588321396664
UBFC_PHYS_s17_T3_ctrl,21,121,25.033333333333335,-0.5491002798080444,-0.38117016998594233
UBFC_PHYS_s17_T3_ctrl,21,122,25.066666666666666,-0.5215572118759155,-0.2728363688907841
UBFC_PHYS_s17_T3_ctrl,21,123,25.1,-0.5551052093505859,-0.08175565685933209
UBFC_PHYS_s17_T3_ctrl,21,124,25.133333333333333,-0.6579029560089111,0.1828856264564474
UBFC_PHYS_s17_T3_ctrl,21,125,25.166666666666668,-0.7866752743721008,0.48160405582357624
UBFC_PHYS_s17_T3_ctrl,21,126,25.2,-0.9432481527328491,0.7510968202206691
UBFC_PHYS_s17_T3_ctrl,21,127,25.233333333333334,-1.1305596828460693,0.9207796428814199
UBFC_PHYS_s17_T3_ctrl,21,128,25.266666666666666,-1.2685325145721436,0.9350943691612496
UBFC_PHYS_s17_T3_ctrl,21,129,25.3,-1.208096981048584,0.774522017343209
UBFC_PHYS_s17_T3_ctrl,21,130,25.333333333333332,-0.850236177444458,0.46744502291912743
UBFC_PHYS_s17_T3_ctrl,21,131,25.366666666666667,-0.26099255681037903,0.08706847700863887
UBFC_PHYS_s17_T3_ctrl,21,132,25.4,0.35118213295936584,-0.26754131904273865
UBFC_PHYS_s17_T3_ctrl,21,133,25.433333333333334,0.7951837778091431,-0.5012049901511895
UBFC_PHYS_s17_T3_ctrl,21,134,25.466666666666665,0.9630290865898132,-0.5532979266215504
UBFC_PHYS_s17_T3_ctrl,21,135,25.5,0.850574254989624,-0.4182975541351256
UBFC_PHYS_s17_T3_ctrl,21,136,25.533333333333335,0.6876803636550903,-0.14845879221920574
UBFC_PHYS_s17_T3_ctrl,21,137,25.566666666666666,0.7911102771759033,0.16296832546115128
UBFC_PHYS_s17_T3_ctrl,21,138,25.6,1.1177759170532227,0.4129869901955585
UBFC_PHYS_s17_T3_ctrl,21,139,25.633333333333333,1.3692570924758911,0.5242218748355512
UBFC_PHYS_s17_T3_ctrl,21,140,25.666666666666668,1.467220425605774,0.47146287498135486
UBFC_PHYS_s17_T3_ctrl,21,141,25.7,1.5533612966537476,0.28865152870732713
UBFC_PHYS_s17_T3_ctrl,21,142,25.733333333333334,1.6437160968780518,0.053015732172216404
UBFC_PHYS_s17_T3_ctrl,21,143,25.766666666666666,1.5860313177108765,-0.14734769901180986
UBFC_PHYS_s17_T3_ctrl,21,144,25.8,1.2629125118255615,-0.2489643221456156
UBFC_PHYS_s17_T3_ctrl,21,145,25.833333333333332,0.716312050819397,-0.23682989497544502
UBFC_PHYS_s17_T3_ctrl,21,146,25.866666666666667,0.14084585011005402,-0.1473265491376096
UBFC_PHYS_s17_T3_ctrl,21,147,25.9,-0.2467469573020935,-0.05000463254705993
UBFC_PHYS_s17_T3_ctrl,21,148,25.933333333333334,-0.3358609974384308,-0.01643091451732671
UBFC_PHYS_s17_T3_ctrl,21,149,25.966666666666665,-0.06286512315273285,-0.08905485015387823
UBFC_PHYS_s17_T3_ctrl,21,150,26.0,0.5987887382507324,-0.26272515022936777
UBFC_PHYS_s17_T3_ctrl,21,151,26.033333333333335,1.4422876834869385,-0.48600905595699223
UBFC_PHYS_s17_T3_ctrl,21,152,26.066666666666666,2.10250186920166,-0.6808638303335336
UBFC_PHYS_s17_T3_ctrl,21,153,26.1,2.448341131210327,-0.7719121900826666
UBFC_PHYS_s17_T3_ctrl,21,154,26.133333333333333,2.5404751300811768,-0.7140959557216355
UBFC_PHYS_s17_T3_ctrl,21,155,26.166666666666668,2.3741047382354736,-0.5094665892911359
UBFC_PHYS_s17_T3_ctrl,21,156,26.2,1.9130598306655884,-0.2080926102463454
UBFC_PHYS_s17_T3_ctrl,21,157,26.233333333333334,1.2219783067703247,0.1070863281939668
UBFC_PHYS_s17_T3_ctrl,21,158,26.266666666666666,0.4067598879337311,0.3470300919810096
UBFC_PHYS_s17_T3_ctrl,21,159,26.3,-0.4804123342037201,0.4467309696984912
UBFC_PHYS_s17_T3_ctrl,21,160,26.333333333333332,-1.396883487701416,0.38831784363363026
UBFC_PHYS_s17_T3_ctrl,21,161,26.366666666666667,-2.2355947494506836,0.20814882638542154
UBFC_PHYS_s17_T3_ctrl,21,162,26.4,-2.8560805320739746,-0.015468155594868513
UBFC_PHYS_s17_T3_ctrl,21,163,26.433333333333334,-3.1694018840789795,-0.18977610273201923
UBFC_PHYS_s17_T3_ctrl,21,164,26.466666666666665,-3.1789650917053223,-0.24022990598230998
UBFC_PHYS_s17_T3_ctrl,21,165,26.5,-2.997319221496582,-0.13635672201145085
UBFC_PHYS_s17_T3_ctrl,21,166,26.533333333333335,-2.794813871383667,0.09838872232055423
UBFC_PHYS_s17_T3_ctrl,21,167,26.566666666666666,-2.616269588470459,0.39589654527935114
UBFC_PHYS_s17_T3_ctrl,21,168,26.6,-2.317744016647339,0.6679413141386263
UBFC_PHYS_s17_T3_ctrl,21,169,26.633333333333333,-1.7804027795791626,0.8366875461235894
UBFC_PHYS_s17_T3_ctrl,21,170,26.666666666666668,-1.108986496925354,0.8598611162676731
UBFC_PHYS_s17_T3_ctrl,21,171,26.7,-0.5448862910270691,0.7416329236497233
UBFC_PHYS_s17_T3_ctrl,21,172,26.733333333333334,-0.23176391422748566,0.5262357753797308
UBFC_PHYS_s17_T3_ctrl,21,173,26.766666666666666,-0.1502467542886734,0.2783344453645472
UBFC_PHYS_s17_T3_ctrl,21,174,26.8,-0.23101475834846497,0.05906091078396176
UBFC_PHYS_s17_T3_ctrl,21,175,26.833333333333332,-0.4099334478378296,-0.09272898081993848
UBFC_PHYS_s17_T3_ctrl,21,176,26.866666666666667,-0.5716567635536194,-0.16808387375083547
UBFC_PHYS_s17_T3_ctrl,21,177,26.9,-0.598158061504364,-0.18405658631029975
UBFC_PHYS_s17_T3_ctrl,21,178,26.933333333333334,-0.4791247248649597,-0.17214028532662062
UBFC_PHYS_s17_T3_ctrl,21,179,26.966666666666665,-0.2695609927177429,-0.1645219047850464
UBFC_PHYS_s17_T3_ctrl,21,180,27.0,-0.015750452876091003,-0.18278863571004386
UBFC_PHYS_s17_T3_ctrl,21,181,27.033333333333335,0.1922447383403778,-0.23180364368187534
UBFC_PHYS_s17_T3_ctrl,21,182,27.066666666666666,0.2666683495044708,-0.29974426989186553
UBFC_PHYS_s17_T3_ctrl,21,183,27.1,0.25124049186706543,-0.3638237676281475
UBFC_PHYS_s17_T3_ctrl,21,184,27.133333333333333,0.2567303776741028,-0.3996715657804263
UBFC_PHYS_s17_T3_ctrl,21,185,27.166666666666668,0.2943284809589386,-0.3910439401580879
UBFC_PHYS_s17_T3_ctrl,21,186,27.2,0.27252110838890076,-0.3361887107394496
UBFC_PHYS_s17_T3_ctrl,21,187,27.233333333333334,0.12573403120040894,-0.24841089551940412
UBFC_PHYS_s17_T3_ctrl,21,188,27.266666666666666,-0.07482815533876419,-0.1509666697648876
UBFC_PHYS_s17_T3_ctrl,21,189,27.3,-0.12404982000589371,-0.06882970027763903
UBFC_PHYS_s17_T3_ctrl,21,190,27.333333333333332,0.09328635782003403,-0.02069630180674363
UBFC_PHYS_s17_T3_ctrl,21,191,27.366666666666667,0.45564210414886475,-0.013849204369281613
UBFC_PHYS_s17_T3_ctrl,21,192,27.4,0.7614836096763611,-0.04301753172930769
UBFC_PHYS_s17_T3_ctrl,21,193,27.433333333333334,0.9307453036308289,-0.09289625037290107
UBFC_PHYS_s17_T3_ctrl,21,194,27.466666666666665,0.9695724248886108,-0.1430105133352939
UBFC_PHYS_s17_T3_ctrl,21,195,27.5,0.8795453906059265,-0.17333871276978768
UBFC_PHYS_s17_T3_ctrl,21,196,27.533333333333335,0.6978759169578552,-0.1693950258327788
UBFC_PHYS_s17_T3_ctrl,21,197,27.566666666666666,0.5209119915962219,-0.1258449073815065
UBFC_PHYS_s17_T3_ctrl,21,198,27.6,0.40698230266571045,-0.04787725180970756
UBFC_PHYS_s17_T3_ctrl,21,199,27.633333333333333,0.3511704206466675,0.050271575700804795
UBFC_PHYS_s17_T3_ctrl,21,200,27.666666666666668,0.3532657027244568,0.14962805116598535
UBFC_PHYS_s17_T3_ctrl,21,201,27.7,0.4197998344898224,0.23241110193347894
UBFC_PHYS_s17_T3_ctrl,21,202,27.733333333333334,0.48560819029808044,0.2871549634232945
UBFC_PHYS_s17_T3_ctrl,21,203,27.766666666666666,0.4647255539894104,0.3107621436595667
UBFC_PHYS_s17_T3_ctrl,21,204,27.8,0.3848939836025238,0.307210615964242
UBFC_PHYS_s17_T3_ctrl,21,205,27.833333333333332,0.3246457278728485,0.2845654913237377
UBFC_PHYS_s17_T3_ctrl,21,206,27.866666666666667,0.27390235662460327,0.25201605133862176
UBFC_PHYS_s17_T3_ctrl,21,207,27.9,0.16495919227600098,0.2175540474406703
UBFC_PHYS_s17_T3_ctrl,21,208,27.933333333333334,-0.02358143962919712,0.18617400436931594
UBFC_PHYS_s17_T3_ctrl,21,209,27.966666666666665,-0.21510697901248932,0.15858333441718137
UBFC_PHYS_s17_T3_ctrl,21,210,28.0,-0.26595571637153625,0.1309337309781945
UBFC_PHYS_s17_T3_ctrl,21,211,28.033333333333335,-0.10594139993190765,0.09626614800591969
UBFC_PHYS_s17_T3_ctrl,21,212,28.066666666666666,0.13891443610191345,0.04774179359735513
UBFC_PHYS_s17_T3_ctrl,21,213,28.1,0.325757771730423,-0.01733214393039546
UBFC_PHYS_s17_T3_ctrl,21,214,28.133333333333333,0.45297324657440186,-0.09443277938217884
UBFC_PHYS_s17_T3_ctrl,21,215,28.166666666666668,0.5682958960533142,-0.17135974666981132
UBFC_PHYS_s17_T3_ctrl,21,216,28.2,0.6344320178031921,-0.23101243999928425
UBFC_PHYS_s17_T3_ctrl,21,217,28.233333333333334,0.5847421288490295,-0.2566541892874406
UBFC_PHYS_s17_T3_ctrl,21,218,28.266666666666666,0.43392837047576904,-0.23787736296030476
UBFC_PHYS_s17_T3_ctrl,21,219,28.3,0.29625988006591797,-0.17515029049142888
UBFC_PHYS_s17_T3_ctrl,21,220,28.333333333333332,0.2774725556373596,-0.08120863879524133
UBFC_PHYS_s17_T3_ctrl,21,221,28.366666666666667,0.35253995656967163,0.021552653225232636
UBFC_PHYS_s17_T3_ctrl,21,222,28.4,0.4055425226688385,0.10733253726593134
UBFC_PHYS_s17_T3_ctrl,21,223,28.433333333333334,0.38950595259666443,0.15502131823027449
UBFC_PHYS_s17_T3_ctrl,21,224,28.466666666666665,0.35846295952796936,0.1550797655578831
UBFC_PHYS_s17_T3_ctrl,21,225,28.5,0.3703557550907135,0.11221953392784809
UBFC_PHYS_s17_T3_ctrl,21,226,28.533333333333335,0.44255533814430237,0.042844145268630826
UBFC_PHYS_s17_T3_ctrl,21,227,28.566666666666666,0.5388331413269043,-0.03131070206245899
UBFC_PHYS_s17_T3_ctrl,21,228,28.6,0.5917654633522034,-0.09052616156238655
UBFC_PHYS_s17_T3_ctrl,21,229,28.633333333333333,0.6198118329048157,-0.12272313106832781
UBFC_PHYS_s17_T3_ctrl,21,230,28.666666666666668,0.7775903940200806,-0.12571967445509374
UBFC_PHYS_s17_T3_ctrl,21,231,28.7,1.1056958436965942,-0.10592367222185903
UBFC_PHYS_s17_T3_ctrl,21,232,28.733333333333334,1.3522255420684814,-0.07451400865903514
UBFC_PHYS_s17_T3_ctrl,21,233,28.766666666666666,1.2825543880462646,-0.04285537831699111
UBFC_PHYS_s17_T3_ctrl,21,234,28.8,1.0208191871643066,-0.018881371001553644
UBFC_PHYS_s17_T3_ctrl,21,235,28.833333333333332,0.814111590385437,-0.0055520227420753675
UBFC_PHYS_s17_T3_ctrl,21,236,28.866666666666667,0.7454587817192078,-0.0015183675936643252
UBFC_PHYS_s17_T3_ctrl,21,237,28.9,0.7824832797050476,-0.003204491668238214
UBFC_PHYS_s17_T3_ctrl,21,238,28.933333333333334,0.8470509052276611,-0.007033994701352262
UBFC_PHYS_s17_T3_ctrl,21,239,28.966666666666665,0.8401914834976196,-0.010726612631489427
UBFC_PHYS_s17_T3_ctrl,22,0,22.0,0.3006494343280792,-0.03652557684610696
UBFC_PHYS_s17_T3_ctrl,22,1,22.033333333333335,0.40738028287887573,0.11081013811691647
UBFC_PHYS_s17_T3_ctrl,22,2,22.066666666666666,0.4242362082004547,0.2373394634277023
UBFC_PHYS_s17_T3_ctrl,22,3,22.1,0.3727788031101227,0.3258790513145588
UBFC_PHYS_s17_T3_ctrl,22,4,22.133333333333333,0.3265420198440552,0.3669902627319655
UBFC_PHYS_s17_T3_ctrl,22,5,22.166666666666668,0.3633909821510315,0.36156601138155037
UBFC_PHYS_s17_T3_ctrl,22,6,22.2,0.44202858209609985,0.32095672045189577
UBFC_PHYS_s17_T3_ctrl,22,7,22.233333333333334,0.47262677550315857,0.2638057296331781
UBFC_PHYS_s17_T3_ctrl,22,8,22.266666666666666,0.4394885003566742,0.21000930367207302
UBFC_PHYS_s17_T3_ctrl,22,9,22.3,0.3526570200920105,0.1737398140642889
UBFC_PHYS_s17_T3_ctrl,22,10,22.333333333333332,0.20478133857250214,0.15855349235679816
UBFC_PHYS_s17_T3_ctrl,22,11,22.366666666666667,0.029994674026966095,0.15717457299799634
UBFC_PHYS_s17_T3_ctrl,22,12,22.4,-0.12791264057159424,0.15630520591738728
UBFC_PHYS_s17_T3_ctrl,22,13,22.433333333333334,-0.2989886403083801,0.14411160781471205
UBFC_PHYS_s17_T3_ctrl,22,14,22.466666666666665,-0.5473795533180237,0.11662882139849039
UBFC_PHYS_s17_T3_ctrl,22,15,22.5,-0.8436225652694702,0.07992288873065923
UBFC_PHYS_s17_T3_ctrl,22,16,22.533333333333335,-1.0057907104492188,0.04704501184489783
UBFC_PHYS_s17_T3_ctrl,22,17,22.566666666666666,-0.8642359375953674,0.031366976134324945
UBFC_PHYS_s17_T3_ctrl,22,18,22.6,-0.4714224934577942,0.0394864681064378
UBFC_PHYS_s17_T3_ctrl,22,19,22.633333333333333,-0.06066448986530304,0.06690572395069794
UBFC_PHYS_s17_T3_ctrl,22,20,22.666666666666668,0.21923764050006866,0.09829545929807179
UBFC_PHYS_s17_T3_ctrl,22,21,22.7,0.38355955481529236,0.1122165137467129
UBFC_PHYS_s17_T3_ctrl,22,22,22.733333333333334,0.4554547965526581,0.08859416974881544
UBFC_PHYS_s17_T3_ctrl,22,23,22.766666666666666,0.4363865256309509,0.016395769759994714
UBFC_PHYS_s17_T3_ctrl,22,24,22.8,0.40399739146232605,-0.10110499205730426
UBFC_PHYS_s17_T3_ctrl,22,25,22.833333333333332,0.42870771884918213,-0.24536588993107072
UBFC_PHYS_s17_T3_ctrl,22,26,22.866666666666667,0.4794745147228241,-0.3864361947541898
UBFC_PHYS_s17_T3_ctrl,22,27,22.9,0.5160542130470276,-0.4906256855917301
UBFC_PHYS_s17_T3_ctrl,22,28,22.933333333333334,0.5329569578170776,-0.5297977293561676
UBFC_PHYS_s17_T3_ctrl,22,29,22.966666666666665,0.4921984076499939,-0.4895884617749513
UBFC_PHYS_s17_T3_ctrl,22,30,23.0,0.3675464391708374,-0.3740732315296146
UBFC_PHYS_s17_T3_ctrl,22,31,23.033333333333335,0.2296087145805359,-0.2052479492116831
UBFC_PHYS_s17_T3_ctrl,22,32,23.066666666666666,0.14840760827064514,-0.017055743154816155
UBFC_PHYS_s17_T3_ctrl,22,33,23.1,0.0777648538351059,0.1544507805008353
UBFC_PHYS_s17_T3_ctrl,22,34,23.133333333333333,-0.06992354989051819,0.28134560702130545
UBFC_PHYS_s17_T3_ctrl,22,35,23.166666666666668,-0.28866440057754517,0.3504107692618625
UBFC_PHYS_s17_T3_ctrl,22,36,23.2,-0.4256656765937805,0.3635740055859262
UBFC_PHYS_s17_T3_ctrl,22,37,23.233333333333334,-0.30342504382133484,0.3326649229172111
UBFC_PHYS_s17_T3_ctrl,22,38,23.266666666666666,0.05334716662764549,0.27166619076663023
UBFC_PHYS_s17_T3_ctrl,22,39,23.3,0.3794158101081848,0.19069018792315393
UBFC_PHYS_s17_T3_ctrl,22,40,23.333333333333332,0.47248631715774536,0.0946941488435484
UBFC_PHYS_s17_T3_ctrl,22,41,23.366666666666667,0.35167375206947327,-0.012975612658359136
UBFC_PHYS_s17_T3_ctrl,22,42,23.4,0.09953710436820984,-0.1251796311337094
UBFC_PHYS_s17_T3_ctrl,22,43,23.433333333333334,-0.23826046288013458,-0.22783504622411507
UBFC_PHYS_s17_T3_ctrl,22,44,23.466666666666665,-0.5264500975608826,-0.30147849852944547
UBFC_PHYS_s17_T3_ctrl,22,45,23.5,-0.5763857960700989,-0.32707869369399317
UBFC_PHYS_s17_T3_ctrl,22,46,23.533333333333335,-0.4288027286529541,-0.2935092289137
UBFC_PHYS_s17_T3_ctrl,22,47,23.566666666666666,-0.3077092468738556,-0.20334208854691502
UBFC_PHYS_s17_T3_ctrl,22,48,23.6,-0.2526816427707672,-0.07408956694332451
UBFC_PHYS_s17_T3_ctrl,22,49,23.633333333333333,-0.1973028928041458,0.0662022616311496
UBFC_PHYS_s17_T3_ctrl,22,50,23.666666666666668,-0.1941424012184143,0.1874177442419848
UBFC_PHYS_s17_T3_ctrl,22,51,23.7,-0.3019501566886902,0.2662099305206409
UBFC_PHYS_s17_T3_ctrl,22,52,23.733333333333334,-0.4373360574245453,0.29143089593498755
UBFC_PHYS_s17_T3_ctrl,22,53,23.766666666666666,-0.5032263398170471,0.26432854069903206
UBFC_PHYS_s17_T3_ctrl,22,54,23.8,-0.5188298225402832,0.19456493688808307
UBFC_PHYS_s17_T3_ctrl,22,55,23.833333333333332,-0.5671384334564209,0.09514312441032773
UBFC_PHYS_s17_T3_ctrl,22,56,23.866666666666667,-0.6700533032417297,-0.02073994848663159
UBFC_PHYS_s17_T3_ctrl,22,57,23.9,-0.7203986644744873,-0.13981990678209794
UBFC_PHYS_s17_T3_ctrl,22,58,23.933333333333334,-0.5615432262420654,-0.24721074363403078
UBFC_PHYS_s17_T3_ctrl,22,59,23.966666666666665,-0.1718551218509674,-0.3257954582198612
UBFC_PHYS_s17_T3_ctrl,22,60,24.0,0.28115978837013245,-0.35845253145579387
UBFC_PHYS_s17_T3_ctrl,22,61,24.033333333333335,0.5973138809204102,-0.33298204108754237
UBFC_PHYS_s17_T3_ctrl,22,62,24.066666666666666,0.7341863512992859,-0.2476850860693022
UBFC_PHYS_s17_T3_ctrl,22,63,24.1,0.7523884177207947,-0.11471138900768722
UBFC_PHYS_s17_T3_ctrl,22,64,24.133333333333333,0.7109392285346985,0.04109606051165497
UBFC_PHYS_s17_T3_ctrl,22,65,24.166666666666668,0.6714799404144287,0.18818914460952316
UBFC_PHYS_s17_T3_ctrl,22,66,24.2,0.695675253868103,0.29706317002660654
UBFC_PHYS_s17_T3_ctrl,22,67,24.233333333333334,0.7696892023086548,0.34842587603208725
UBFC_PHYS_s17_T3_ctrl,22,68,24.266666666666666,0.8101434111595154,0.33816695085251236
UBFC_PHYS_s17_T3_ctrl,22,69,24.3,0.7901387214660645,0.2781207678563145
UBFC_PHYS_s17_T3_ctrl,22,70,24.333333333333332,0.748092532157898,0.19272573760151332
UBFC_PHYS_s17_T3_ctrl,22,71,24.366666666666667,0.6738796234130859,0.11230008241503743
UBFC_PHYS_s17_T3_ctrl,22,72,24.4,0.5283800959587097,0.06432627462674097
UBFC_PHYS_s17_T3_ctrl,22,73,24.433333333333334,0.35100653767585754,0.06486175425767018
UBFC_PHYS_s17_T3_ctrl,22,74,24.466666666666665,0.21642830967903137,0.11262012182730796
UBFC_PHYS_s17_T3_ctrl,22,75,24.5,0.10066083073616028,0.18808625617106264
UBFC_PHYS_s17_T3_ctrl,22,76,24.533333333333335,-0.07730972766876221,0.2589673795575709
UBFC_PHYS_s17_T3_ctrl,22,77,24.566666666666666,-0.27342382073402405,0.29115057529403365
UBFC_PHYS_s17_T3_ctrl,22,78,24.6,-0.33260688185691833,0.26162922835850955
UBFC_PHYS_s17_T3_ctrl,22,79,24.633333333333333,-0.16559267044067383,0.16810579948861526
UBFC_PHYS_s17_T3_ctrl,22,80,24.666666666666668,0.13899637758731842,0.030641104653436665
UBFC_PHYS_s17_T3_ctrl,22,81,24.7,0.3969740867614746,-0.1159810881090653
UBFC_PHYS_s17_T3_ctrl,22,82,24.733333333333334,0.4935562312602997,-0.235958893591196
UBFC_PHYS_s17_T3_ctrl,22,83,24.766666666666666,0.4161711037158966,-0.3060327163463699
UBFC_PHYS_s17_T3_ctrl,22,84,24.8,0.180586040019989,-0.3231846653849852
UBFC_PHYS_s17_T3_ctrl,22,85,24.833333333333332,-0.15153434872627258,-0.3038734829139515
UBFC_PHYS_s17_T3_ctrl,22,86,24.866666666666667,-0.4381203353404999,-0.2757880843027041
UBFC_PHYS_s17_T3_ctrl,22,87,24.9,-0.5656050443649292,-0.2656968636535145
UBFC_PHYS_s17_T3_ctrl,22,88,24.933333333333334,-0.565300703048706,-0.287971122971215
UBFC_PHYS_s17_T3_ctrl,22,89,24.966666666666665,-0.5504814982414246,-0.33787196938308867
UBFC_PHYS_s17_T3_ctrl,22,90,25.0,-0.5616368651390076,-0.3921051743655886
UBFC_PHYS_s17_T3_ctrl,22,91,25.033333333333335,-0.5491002798080444,-0.41676367457283486
UBFC_PHYS_s17_T3_ctrl,22,92,25.066666666666666,-0.5215572118759155,-0.38011435376170716
UBFC_PHYS_s17_T3_ctrl,22,93,25.1,-0.5551052093505859,-0.26579103532280896
UBFC_PHYS_s17_T3_ctrl,22,94,25.133333333333333,-0.6579029560089111,-0.0816835926555977
UBFC_PHYS_s17_T3_ctrl,22,95,25.166666666666668,-0.7866752743721008,0.1388811382490007
UBFC_PHYS_s17_T3_ctrl,22,96,25.2,-0.9432481527328491,0.3447361152137389
UBFC_PHYS_s17_T3_ctrl,22,97,25.233333333333334,-1.1305596828460693,0.481529614946262
UBFC_PHYS_s17_T3_ctrl,22,98,25.266666666666666,-1.2685325145721436,0.5091606538506533
UBFC_PHYS_s17_T3_ctrl,22,99,25.3,-1.208096981048584,0.41624651704261234
UBFC_PHYS_s17_T3_ctrl,22,100,25.333333333333332,-0.850236177444458,0.22624500554268165
UBFC_PHYS_s17_T3_ctrl,22,101,25.366666666666667,-0.26099255681037903,-0.007671261724149975
UBFC_PHYS_s17_T3_ctrl,22,102,25.4,0.35118213295936584,-0.2179135117923427
UBFC_PHYS_s17_T3_ctrl,22,103,25.433333333333334,0.7951837778091431,-0.3430276595568489
UBFC_PHYS_s17_T3_ctrl,22,104,25.466666666666665,0.9630290865898132,-0.34657099177121276
UBFC_PHYS_s17_T3_ctrl,22,105,25.5,0.850574254989624,-0.2279867612516238
UBFC_PHYS_s17_T3_ctrl,22,106,25.533333333333335,0.6876803636550903,-0.022025602230767147
UBFC_PHYS_s17_T3_ctrl,22,107,25.566666666666666,0.7911102771759033,0.21286671530571286
UBFC_PHYS_s17_T3_ctrl,22,108,25.6,1.1177759170532227,0.41332365868258863
UBFC_PHYS_s17_T3_ctrl,22,109,25.633333333333333,1.3692570924758911,0.5308501397884229
UBFC_PHYS_s17_T3_ctrl,22,110,25.666666666666668,1.467220425605774,0.5459095357388106
UBFC_PHYS_s17_T3_ctrl,22,111,25.7,1.5533612966537476,0.47136214701436085
UBFC_PHYS_s17_T3_ctrl,22,112,25.733333333333334,1.6437160968780518,0.3443190656496143
UBFC_PHYS_s17_T3_ctrl,22,113,25.766666666666666,1.5860313177108765,0.2099852723530234
UBFC_PHYS_s17_T3_ctrl,22,114,25.8,1.2629125118255615,0.10399888284797555
UBFC_PHYS_s17_T3_ctrl,22,115,25.833333333333332,0.716312050819397,0.04006778229245342
UBFC_PHYS_s17_T3_ctrl,22,116,25.866666666666667,0.14084585011005402,0.007409379570729999
UBFC_PHYS_s17_T3_ctrl,22,117,25.9,-0.2467469573020935,-0.021418389761722067
UBFC_PHYS_s17_T3_ctrl,22,118,25.933333333333334,-0.3358609974384308,-0.07577400179752156
UBFC_PHYS_s17_T3_ctrl,22,119,25.966666666666665,-0.06286512315273285,-0.1714888818801642
UBFC_PHYS_s17_T3_ctrl,22,120,26.0,0.5987887382507324,-0.3012703783729467
UBFC_PHYS_s17_T3_ctrl,22,121,26.033333333333335,1.4422876834869385,-0.4351598652766606
UBFC_PHYS_s17_T3_ctrl,22,122,26.066666666666666,2.10250186920166,-0.5310392949133402
UBFC_PHYS_s17_T3_ctrl,22,123,26.1,2.448341131210327,-0.5509788866766056
UBFC_PHYS_s17_T3_ctrl,22,124,26.133333333333333,2.5404751300811768,-0.47692655716084126
UBFC_PHYS_s17_T3_ctrl,22,125,26.166666666666668,2.3741047382354736,-0.31965500382329554
UBFC_PHYS_s17_T3_ctrl,22,126,26.2,1.9130598306655884,-0.11760673548142334
UBFC_PHYS_s17_T3_ctrl,22,127,26.233333333333334,1.2219783067703247,0.07406234264923427
UBFC_PHYS_s17_T3_ctrl,22,128,26.266666666666666,0.4067598879337311,0.20076449861157747
UBFC_PHYS_s17_T3_ctrl,22,129,26.3,-0.4804123342037201,0.22654741734850295
UBFC_PHYS_s17_T3_ctrl,22,130,26.333333333333332,-1.396883487701416,0.14679968294419515
UBFC_PHYS_s17_T3_ctrl,22,131,26.366666666666667,-2.2355947494506836,-0.009121533996865671
UBFC_PHYS_s17_T3_ctrl,22,132,26.4,-2.8560805320739746,-0.186603916730792
UBFC_PHYS_s17_T3_ctrl,22,133,26.433333333333334,-3.1694018840789795,-0.3230089816466822
UBFC_PHYS_s17_T3_ctrl,22,134,26.466666666666665,-3.1789650917053223,-0.36761779562205127
UBFC_PHYS_s17_T3_ctrl,22,135,26.5,-2.997319221496582,-0.2976326590175889
UBFC_PHYS_s17_T3_ctrl,22,136,26.533333333333335,-2.794813871383667,-0.12498465908458692
UBFC_PHYS_s17_T3_ctrl,22,137,26.566666666666666,-2.616269588470459,0.1081743640325124
UBFC_PHYS_s17_T3_ctrl,22,138,26.6,-2.317744016647339,0.3435973859133082
UBFC_PHYS_s17_T3_ctrl,22,139,26.633333333333333,-1.7804027795791626,0.5256855744603546
UBFC_PHYS_s17_T3_ctrl,22,140,26.666666666666668,-1.108986496925354,0.6182122582366949
UBFC_PHYS_s17_T3_ctrl,22,141,26.7,-0.5448862910270691,0.6132285499229556
UBFC_PHYS_s17_T3_ctrl,22,142,26.733333333333334,-0.23176391422748566,0.5295650726571027
UBFC_PHYS_s17_T3_ctrl,22,143,26.766666666666666,-0.1502467542886734,0.40253807648536605
UBFC_PHYS_s17_T3_ctrl,22,144,26.8,-0.23101475834846497,0.26974550356775123
UBFC_PHYS_s17_T3_ctrl,22,145,26.833333333333332,-0.4099334478378296,0.1587432493299503
UBFC_PHYS_s17_T3_ctrl,22,146,26.866666666666667,-0.5716567635536194,0.08066137027705887
UBFC_PHYS_s17_T3_ctrl,22,147,26.9,-0.598158061504364,0.030772148084826846
UBFC_PHYS_s17_T3_ctrl,22,148,26.933333333333334,-0.4791247248649597,-0.0056268929248441575
UBFC_PHYS_s17_T3_ctrl,22,149,26.966666666666665,-0.2695609927177429,-0.04502401093404467
UBFC_PHYS_s17_T3_ctrl,22,150,27.0,-0.015750452876091003,-0.098254803132565
UBFC_PHYS_s17_T3_ctrl,22,151,27.033333333333335,0.1922447383403778,-0.1660650408899415
UBFC_PHYS_s17_T3_ctrl,22,152,27.066666666666666,0.2666683495044708,-0.23879956181836498
UBFC_PHYS_s17_T3_ctrl,22,153,27.1,0.25124049186706543,-0.3001026435394703
UBFC_PHYS_s17_T3_ctrl,22,154,27.133333333333333,0.2567303776741028,-0.3332707894209296
UBFC_PHYS_s17_T3_ctrl,22,155,27.166666666666668,0.2943284809589386,-0.3279562213380753
UBFC_PHYS_s17_T3_ctrl,22,156,27.2,0.27252110838890076,-0.28467228646456566
UBFC_PHYS_s17_T3_ctrl,22,157,27.233333333333334,0.12573403120040894,-0.21528528478589248
UBFC_PHYS_s17_T3_ctrl,22,158,27.266666666666666,-0.07482815533876419,-0.13926400819318688
UBFC_PHYS_s17_T3_ctrl,22,159,27.3,-0.12404982000589371,-0.0771620063362326
UBFC_PHYS_s17_T3_ctrl,22,160,27.333333333333332,0.09328635782003403,-0.04381457176929294
UBFC_PHYS_s17_T3_ctrl,22,161,27.366666666666667,0.45564210414886475,-0.04371209148076578
UBFC_PHYS_s17_T3_ctrl,22,162,27.4,0.7614836096763611,-0.0700722603166712
UBFC_PHYS_s17_T3_ctrl,22,163,27.433333333333334,0.9307453036308289,-0.10766445146457927
UBFC_PHYS_s17_T3_ctrl,22,164,27.466666666666665,0.9695724248886108,-0.13803945258521025
UBFC_PHYS_s17_T3_ctrl,22,165,27.5,0.8795453906059265,-0.14517719057605052
UBFC_PHYS_s17_T3_ctrl,22,166,27.533333333333335,0.6978759169578552,-0.1199304396270522
UBFC_PHYS_s17_T3_ctrl,22,167,27.566666666666666,0.5209119915962219,-0.06243185735324388
UBFC_PHYS_s17_T3_ctrl,22,168,27.6,0.40698230266571045,0.017841313115566648
UBFC_PHYS_s17_T3_ctrl,22,169,27.633333333333333,0.3511704206466675,0.10444916022937058
UBFC_PHYS_s17_T3_ctrl,22,170,27.666666666666668,0.3532657027244568,0.17863817250481942
UBFC_PHYS_s17_T3_ctrl,22,171,27.7,0.4197998344898224,0.22520270837660739
UBFC_PHYS_s17_T3_ctrl,22,172,27.733333333333334,0.48560819029808044,0.2372853201853535
UBFC_PHYS_s17_T3_ctrl,22,173,27.766666666666666,0.4647255539894104,0.21780181766630438
UBFC_PHYS_s17_T3_ctrl,22,174,27.8,0.3848939836025238,0.17709453836735192
UBFC_PHYS_s17_T3_ctrl,22,175,27.833333333333332,0.3246457278728485,0.1285762428187623
UBFC_PHYS_s17_T3_ctrl,22,176,27.866666666666667,0.27390235662460327,0.08459301591969656
UBFC_PHYS_s17_T3_ctrl,22,177,27.9,0.16495919227600098,0.053723048167066814
UBFC_PHYS_s17_T3_ctrl,22,178,27.933333333333334,-0.02358143962919712,0.039540700502554295
UBFC_PHYS_s17_T3_ctrl,22,179,27.966666666666665,-0.21510697901248932,0.0404224610168605
UBFC_PHYS_s17_T3_ctrl,22,180,28.0,-0.26595571637153625,0.050313601198927416
UBFC_PHYS_s17_T3_ctrl,22,181,28.033333333333335,-0.10594139993190765,0.06063807926356487
UBFC_PHYS_s17_T3_ctrl,22,182,28.066666666666666,0.13891443610191345,0.06304966562225346
UBFC_PHYS_s17_T3_ctrl,22,183,28.1,0.325757771730423,0.052060462460819294
UBFC_PHYS_s17_T3_ctrl,22,184,28.133333333333333,0.45297324657440186,0.02656286837300832
UBFC_PHYS_s17_T3_ctrl,22,185,28.166666666666668,0.5682958960533142,-0.010158608194620548
UBFC_PHYS_s17_T3_ctrl,22,186,28.2,0.6344320178031921,-0.05165870753349426
UBFC_PHYS_s17_T3_ctrl,22,187,28.233333333333334,0.5847421288490295,-0.09018454555343569
UBFC_PHYS_s17_T3_ctrl,22,188,28.266666666666666,0.43392837047576904,-0.1185981242247649
UBFC_PHYS_s17_T3_ctrl,22,189,28.3,0.29625988006591797,-0.13204623285506478
UBFC_PHYS_s17_T3_ctrl,22,190,28.333333333333332,0.2774725556373596,-0.1291386268687431
UBFC_PHYS_s17_T3_ctrl,22,191,28.366666666666667,0.35253995656967163,-0.1123029610251508
UBFC_PHYS_s17_T3_ctrl,22,192,28.4,0.4055425226688385,-0.08695337439374272
UBFC_PHYS_s17_T3_ctrl,22,193,28.433333333333334,0.38950595259666443,-0.05949836378381487
UBFC_PHYS_s17_T3_ctrl,22,194,28.466666666666665,0.35846295952796936,-0.03499134113617615
UBFC_PHYS_s17_T3_ctrl,22,195,28.5,0.3703557550907135,-0.015619974597650615
UBFC_PHYS_s17_T3_ctrl,22,196,28.533333333333335,0.44255533814430237,-0.0006887642124126487
UBFC_PHYS_s17_T3_ctrl,22,197,28.566666666666666,0.5388331413269043,0.012159298597566452
UBFC_PHYS_s17_T3_ctrl,22,198,28.6,0.5917654633522034,0.025214664193646742
UBFC_PHYS_s17_T3_ctrl,22,199,28.633333333333333,0.6198118329048157,0.03918905085885956
UBFC_PHYS_s17_T3_ctrl,22,200,28.666666666666668,0.7775903940200806,0.052441890067343414
UBFC_PHYS_s17_T3_ctrl,22,201,28.7,1.1056958436965942,0.06122155094870379
UBFC_PHYS_s17_T3_ctrl,22,202,28.733333333333334,1.3522255420684814,0.06091777430098677
UBFC_PHYS_s17_T3_ctrl,22,203,28.766666666666666,1.2825543880462646,0.04799882088342345
UBFC_PHYS_s17_T3_ctrl,22,204,28.8,1.0208191871643066,0.02198489758192662
UBFC_PHYS_s17_T3_ctrl,22,205,28.833333333333332,0.814111590385437,-0.01335947468849315
UBFC_PHYS_s17_T3_ctrl,22,206,28.866666666666667,0.7454587817192078,-0.05028693521866888
UBFC_PHYS_s17_T3_ctrl,22,207,28.9,0.7824832797050476,-0.0789514936727357
UBFC_PHYS_s17_T3_ctrl,22,208,28.933333333333334,0.8470509052276611,-0.09037910535511229
UBFC_PHYS_s17_T3_ctrl,22,209,28.966666666666665,0.8401914834976196,-0.07946474323465386
UBFC_PHYS_s17_T3_ctrl,22,210,29.0,0.7123907208442688,-0.04689768794787094
UBFC_PHYS_s17_T3_ctrl,22,211,29.033333333333335,0.44906359910964966,0.0006972734642647239
UBFC_PHYS_s17_T3_ctrl,22,212,29.066666666666666,0.04701448604464531,0.05253267925605083
UBFC_PHYS_s17_T3_ctrl,22,213,29.1,-0.4300552308559418,0.09685533912719349
UBFC_PHYS_s17_T3_ctrl,22,214,29.133333333333333,-0.8779782056808472,0.12455428024685866
UBFC_PHYS_s17_T3_ctrl,22,215,29.166666666666668,-1.2857396602630615,0.13191123905092958
UBFC_PHYS_s17_T3_ctrl,22,216,29.2,-1.7732974290847778,0.1214030945354668
UBFC_PHYS_s17_T3_ctrl,22,217,29.233333333333334,-2.480860471725464,0.100163631594645
UBFC_PHYS_s17_T3_ctrl,22,218,29.266666666666666,-3.2181551456451416,0.07674656715185744
UBFC_PHYS_s17_T3_ctrl,22,219,29.3,-3.3675878047943115,0.05764107146396838
UBFC_PHYS_s17_T3_ctrl,22,220,29.333333333333332,-2.704798460006714,0.04507106184504097
UBFC_PHYS_s17_T3_ctrl,22,221,29.366666666666667,-1.7662039995193481,0.03694569144310766
UBFC_PHYS_s17_T3_ctrl,22,222,29.4,-1.0777093172073364,0.028781820019400804
UBFC_PHYS_s17_T3_ctrl,22,223,29.433333333333334,-0.6326424479484558,0.01649787833959018
UBFC_PHYS_s17_T3_ctrl,22,224,29.466666666666665,-0.28866440057754517,-0.0013768179041170484
UBFC_PHYS_s17_T3_ctrl,22,225,29.5,-0.0032840867061167955,-0.023141199075776494
UBFC_PHYS_s17_T3_ctrl,22,226,29.533333333333335,0.32161402702331543,-0.04512278646974188
UBFC_PHYS_s17_T3_ctrl,22,227,29.566666666666666,0.7499887943267822,-0.06379796058796705
UBFC_PHYS_s17_T3_ctrl,22,228,29.6,1.1817933320999146,-0.07757623225711287
UBFC_PHYS_s17_T3_ctrl,22,229,29.633333333333333,1.5110809803009033,-0.08727264317235855
UBFC_PHYS_s17_T3_ctrl,22,230,29.666666666666668,1.8034026622772217,-0.09507168476545427
UBFC_PHYS_s17_T3_ctrl,22,231,29.7,2.166214942932129,-0.1026634539915892
UBFC_PHYS_s17_T3_ctrl,22,232,29.733333333333334,2.505030870437622,-0.10974692189092201
UBFC_PHYS_s17_T3_ctrl,22,233,29.766666666666666,2.572747230529785,-0.11389125640503786
UBFC_PHYS_s17_T3_ctrl,22,234,29.8,2.195396661758423,-0.11185913437020013
UBFC_PHYS_s17_T3_ctrl,22,235,29.833333333333332,1.3399815559387207,-0.10150720807360224
UBFC_PHYS_s17_T3_ctrl,22,236,29.866666666666667,0.15980876982212067,-0.08298262608134127
UBFC_PHYS_s17_T3_ctrl,22,237,29.9,-0.9419137239456177,-0.05845567909847164
UBFC_PHYS_s17_T3_ctrl,22,238,29.933333333333334,-1.5871915817260742,-0.03077023166135975
UBFC_PHYS_s17_T3_ctrl,22,239,29.966666666666665,-1.760819435119629,-0.002213305269410639
UBFC_PHYS_s17_T3_ctrl,23,0,23.0,0.3675464391708374,-0.012712113360038685
UBFC_PHYS_s17_T3_ctrl,23,1,23.033333333333335,0.2296087145805359,0.05687946686832057
UBFC_PHYS_s17_T3_ctrl,23,2,23.066666666666666,0.14840760827064514,0.13202049046570033
UBFC_PHYS_s17_T3_ctrl,23,3,23.1,0.0777648538351059,0.21386062563519087
UBFC_PHYS_s17_T3_ctrl,23,4,23.133333333333333,-0.06992354989051819,0.2977276875914809
UBFC_PHYS_s17_T3_ctrl,23,5,23.166666666666668,-0.28866440057754517,0.37276291578328985
UBFC_PHYS_s17_T3_ctrl,23,6,23.2,-0.4256656765937805,0.423733535102492
UBFC_PHYS_s17_T3_ctrl,23,7,23.233333333333334,-0.30342504382133484,0.4349126629805353
UBFC_PHYS_s17_T3_ctrl,23,8,23.266666666666666,0.05334716662764549,0.3950921622017575
UBFC_PHYS_s17_T3_ctrl,23,9,23.3,0.3794158101081848,0.30213330682103284
UBFC_PHYS_s17_T3_ctrl,23,10,23.333333333333332,0.47248631715774536,0.16559564930196882
UBFC_PHYS_s17_T3_ctrl,23,11,23.366666666666667,0.35167375206947327,0.006505382871029403
UBFC_PHYS_s17_T3_ctrl,23,12,23.4,0.09953710436820984,-0.14624417248141647
UBFC_PHYS_s17_T3_ctrl,23,13,23.433333333333334,-0.23826046288013458,-0.26259827068894437
UBFC_PHYS_s17_T3_ctrl,23,14,23.466666666666665,-0.5264500975608826,-0.319515569928679
UBFC_PHYS_s17_T3_ctrl,23,15,23.5,-0.5763857960700989,-0.30789697704598007
UBFC_PHYS_s17_T3_ctrl,23,16,23.533333333333335,-0.4288027286529541,-0.23571801106411208
UBFC_PHYS_s17_T3_ctrl,23,17,23.566666666666666,-0.3077092468738556,-0.12601662049807305
UBFC_PHYS_s17_T3_ctrl,23,18,23.6,-0.2526816427707672,-0.009989048849918136
UBFC_PHYS_s17_T3_ctrl,23,19,23.633333333333333,-0.1973028928041458,0.08280252714094566
UBFC_PHYS_s17_T3_ctrl,23,20,23.666666666666668,-0.1941424012184143,0.13360897693526533
UBFC_PHYS_s17_T3_ctrl,23,21,23.7,-0.3019501566886902,0.13935225481034164
UBFC_PHYS_s17_T3_ctrl,23,22,23.733333333333334,-0.4373360574245453,0.1111588043288059
UBFC_PHYS_s17_T3_ctrl,23,23,23.766666666666666,-0.5032263398170471,0.06739228567259688
UBFC_PHYS_s17_T3_ctrl,23,24,23.8,-0.5188298225402832,0.02449856474278274
UBFC_PHYS_s17_T3_ctrl,23,25,23.833333333333332,-0.5671384334564209,-0.010052247873390202
UBFC_PHYS_s17_T3_ctrl,23,26,23.866666666666667,-0.6700533032417297,-0.03947117978014761
UBFC_PHYS_s17_T3_ctrl,23,27,23.9,-0.7203986644744873,-0.07335350081692348
UBFC_PHYS_s17_T3_ctrl,23,28,23.933333333333334,-0.5615432262420654,-0.11973971729773746
UBFC_PHYS_s17_T3_ctrl,23,29,23.966666666666665,-0.1718551218509674,-0.17776724143921072
UBFC_PHYS_s17_T3_ctrl,23,30,24.0,0.28115978837013245,-0.2348511709784665
UBFC_PHYS_s17_T3_ctrl,23,31,24.033333333333335,0.5973138809204102,-0.27009020479425766
UBFC_PHYS_s17_T3_ctrl,23,32,24.066666666666666,0.7341863512992859,-0.2625605244273459
UBFC_PHYS_s17_T3_ctrl,23,33,24.1,0.7523884177207947,-0.20084311124698404
UBFC_PHYS_s17_T3_ctrl,23,34,24.133333333333333,0.7109392285346985,-0.0896032478363775
UBFC_PHYS_s17_T3_ctrl,23,35,24.166666666666668,0.6714799404144287,0.04968477221098031
UBFC_PHYS_s17_T3_ctrl,23,36,24.2,0.695675253868103,0.1844228743944709
UBFC_PHYS_s17_T3_ctrl,23,37,24.233333333333334,0.7696892023086548,0.2810530330130278
UBFC_PHYS_s17_T3_ctrl,23,38,24.266666666666666,0.8101434111595154,0.316055500841436
UBFC_PHYS_s17_T3_ctrl,23,39,24.3,0.7901387214660645,0.2838520412334893
UBFC_PHYS_s17_T3_ctrl,23,40,24.333333333333332,0.748092532157898,0.19890808029615437
UBFC_PHYS_s17_T3_ctrl,23,41,24.366666666666667,0.6738796234130859,0.0913870384316148
UBFC_PHYS_s17_T3_ctrl,23,42,24.4,0.5283800959587097,-0.002269553004360158
UBFC_PHYS_s17_T3_ctrl,23,43,24.433333333333334,0.35100653767585754,-0.05099993412758336
UBFC_PHYS_s17_T3_ctrl,23,44,24.466666666666665,0.21642830967903137,-0.03948606681318485
UBFC_PHYS_s17_T3_ctrl,23,45,24.5,0.10066083073616028,0.026191190471036064
UBFC_PHYS_s17_T3_ctrl,23,46,24.533333333333335,-0.07730972766876221,0.11999258746000367
UBFC_PHYS_s17_T3_ctrl,23,47,24.566666666666666,-0.27342382073402405,0.20466840717063717
UBFC_PHYS_s17_T3_ctrl,23,48,24.6,-0.33260688185691833,0.24504687115158302
UBFC_PHYS_s17_T3_ctrl,23,49,24.633333333333333,-0.16559267044067383,0.22077827918835705
UBFC_PHYS_s17_T3_ctrl,23,50,24.666666666666668,0.13899637758731842,0.13331381125495248
UBFC_PHYS_s17_T3_ctrl,23,51,24.7,0.3969740867614746,0.004343685925022163
UBFC_PHYS_s17_T3_ctrl,23,52,24.733333333333334,0.4935562312602997,-0.13311025697720905
UBFC_PHYS_s17_T3_ctrl,23,53,24.766666666666666,0.4161711037158966,-0.24662955313754964
UBFC_PHYS_s17_T3_ctrl,23,54,24.8,0.180586040019989,-0.31454627800978535
UBFC_PHYS_s17_T3_ctrl,23,55,24.833333333333332,-0.15153434872627258,-0.33111288196109073
UBFC_PHYS_s17_T3_ctrl,23,56,24.866666666666667,-0.4381203353404999,-0.30575812810133834
UBFC_PHYS_s17_T3_ctrl,23,57,24.9,-0.5656050443649292,-0.25745321108138036
UBFC_PHYS_s17_T3_ctrl,23,58,24.933333333333334,-0.565300703048706,-0.20651651501958904
UBFC_PHYS_s17_T3_ctrl,23,59,24.966666666666665,-0.5504814982414246,-0.1667336226491042
UBFC_PHYS_s17_T3_ctrl,23,60,25.0,-0.5616368651390076,-0.14047668867712101
UBFC_PHYS_s17_T3_ctrl,23,61,25.033333333333335,-0.5491002798080444,-0.11858436216501311
UBFC_PHYS_s17_T3_ctrl,23,62,25.066666666666666,-0.5215572118759155,-0.08521180020901258
UBFC_PHYS_s17_T3_ctrl,23,63,25.1,-0.5551052093505859,-0.026009798710605776
UBFC_PHYS_s17_T3_ctrl,23,64,25.133333333333333,-0.6579029560089111,0.06354436269534308
UBFC_PHYS_s17_T3_ctrl,23,65,25.166666666666668,-0.7866752743721008,0.17323134419929118
UBFC_PHYS_s17_T3_ctrl,23,66,25.2,-0.9432481527328491,0.27897686140086253
UBFC_PHYS_s17_T3_ctrl,23,67,25.233333333333334,-1.1305596828460693,0.3497143843120971
UBFC_PHYS_s17_T3_ctrl,23,68,25.266666666666666,-1.2685325145721436,0.3581075313745586
UBFC_PHYS_s17_T3_ctrl,23,69,25.3,-1.208096981048584,0.29140212868302795
UBFC_PHYS_s17_T3_ctrl,23,70,25.333333333333332,-0.850236177444458,0.15826951388474958
UBFC_PHYS_s17_T3_ctrl,23,71,25.366666666666667,-0.26099255681037903,-0.011357379099061359
UBFC_PHYS_s17_T3_ctrl,23,72,25.4,0.35118213295936584,-0.17396949540913986
UBFC_PHYS_s17_T3_ctrl,23,73,25.433333333333334,0.7951837778091431,-0.2853736305631338
UBFC_PHYS_s17_T3_ctrl,23,74,25.466666666666665,0.9630290865898132,-0.314491911515382
UBFC_PHYS_s17_T3_ctrl,23,75,25.5,0.850574254989624,-0.2533468811410508
UBFC_PHYS_s17_T3_ctrl,23,76,25.533333333333335,0.6876803636550903,-0.11976010996614725
UBFC_PHYS_s17_T3_ctrl,23,77,25.566666666666666,0.7911102771759033,0.04826796578235702
UBFC_PHYS_s17_T3_ctrl,23,78,25.6,1.1177759170532227,0.2047181642234333
UBFC_PHYS_s17_T3_ctrl,23,79,25.633333333333333,1.3692570924758911,0.3101487578816577
UBFC_PHYS_s17_T3_ctrl,23,80,25.666666666666668,1.467220425605774,0.3435924229621102
UBFC_PHYS_s17_T3_ctrl,23,81,25.7,1.5533612966537476,0.30751726229229576
UBFC_PHYS_s17_T3_ctrl,23,82,25.733333333333334,1.6437160968780518,0.22434092275533163
UBFC_PHYS_s17_T3_ctrl,23,83,25.766666666666666,1.5860313177108765,0.12629624202562548
UBFC_PHYS_s17_T3_ctrl,23,84,25.8,1.2629125118255615,0.042831968168899566
UBFC_PHYS_s17_T3_ctrl,23,85,25.833333333333332,0.716312050819397,-0.00963190664098145
UBFC_PHYS_s17_T3_ctrl,23,86,25.866666666666667,0.14084585011005402,-0.03195275818292873
UBFC_PHYS_s17_T3_ctrl,23,87,25.9,-0.2467469573020935,-0.03929988241022702
UBFC_PHYS_s17_T3_ctrl,23,88,25.933333333333334,-0.3358609974384308,-0.05251281405176991
UBFC_PHYS_s17_T3_ctrl,23,89,25.966666666666665,-0.06286512315273285,-0.0874781999397595
UBFC_PHYS_s17_T3_ctrl,23,90,26.0,0.5987887382507324,-0.14700879279583073
UBFC_PHYS_s17_T3_ctrl,23,91,26.033333333333335,1.4422876834869385,-0.21868442357138956
UBFC_PHYS_s17_T3_ctrl,23,92,26.066666666666666,2.10250186920166,-0.27953998540558295
UBFC_PHYS_s17_T3_ctrl,23,93,26.1,2.448341131210327,-0.30554106308476553
UBFC_PHYS_s17_T3_ctrl,23,94,26.133333333333333,2.5404751300811768,-0.28184994866479396
UBFC_PHYS_s17_T3_ctrl,23,95,26.166666666666668,2.3741047382354736,-0.2097374945598284
UBFC_PHYS_s17_T3_ctrl,23,96,26.2,1.9130598306655884,-0.10755332332263598
UBFC_PHYS_s17_T3_ctrl,23,97,26.233333333333334,1.2219783067703247,-0.005451293345552644
UBFC_PHYS_s17_T3_ctrl,23,98,26.266666666666666,0.4067598879337311,0.06444028534228048
UBFC_PHYS_s17_T3_ctrl,23,99,26.3,-0.4804123342037201,0.07929075099844429
UBFC_PHYS_s17_T3_ctrl,23,100,26.333333333333332,-1.396883487701416,0.03441479423542569
UBFC_PHYS_s17_T3_ctrl,23,101,26.366666666666667,-2.2355947494506836,-0.053739986855943854
UBFC_PHYS_s17_T3_ctrl,23,102,26.4,-2.8560805320739746,-0.1520087987751032
UBFC_PHYS_s17_T3_ctrl,23,103,26.433333333333334,-3.1694018840789795,-0.2211461559554503
UBFC_PHYS_s17_T3_ctrl,23,104,26.466666666666665,-3.1789650917053223,-0.2290647412444035
UBFC_PHYS_s17_T3_ctrl,23,105,26.5,-2.997319221496582,-0.1619476642106114
UBFC_PHYS_s17_T3_ctrl,23,106,26.533333333333335,-2.794813871383667,-0.02922935302826887
UBFC_PHYS_s17_T3_ctrl,23,107,26.566666666666666,-2.616269588470459,0.1393331351857132
UBFC_PHYS_s17_T3_ctrl,23,108,26.6,-2.317744016647339,0.30342498325236594
UBFC_PHYS_s17_T3_ctrl,23,109,26.633333333333333,-1.7804027795791626,0.4252356744699422
UBFC_PHYS_s17_T3_ctrl,23,110,26.666666666666668,-1.108986496925354,0.4810853675682577
UBFC_PHYS_s17_T3_ctrl,23,111,26.7,-0.5448862910270691,0.4674830053839057
UBFC_PHYS_s17_T3_ctrl,23,112,26.733333333333334,-0.23176391422748566,0.3997474801801573
UBFC_PHYS_s17_T3_ctrl,23,113,26.766666666666666,-0.1502467542886734,0.3043152295691218
UBFC_PHYS_s17_T3_ctrl,23,114,26.8,-0.23101475834846497,0.20828001557858905
UBFC_PHYS_s17_T3_ctrl,23,115,26.833333333333332,-0.4099334478378296,0.1304531563500009
UBFC_PHYS_s17_T3_ctrl,23,116,26.866666666666667,-0.5716567635536194,0.07699837062051373
UBFC_PHYS_s17_T3_ctrl,23,117,26.9,-0.598158061504364,0.04238564347463625
UBFC_PHYS_s17_T3_ctrl,23,118,26.933333333333334,-0.4791247248649597,0.014311321501720816
UBFC_PHYS_s17_T3_ctrl,23,119,26.966666666666665,-0.2695609927177429,-0.01986745217631726
UBFC_PHYS_s17_T3_ctrl,23,120,27.0,-0.015750452876091003,-0.06759883845005034
UBFC_PHYS_s17_T3_ctrl,23,121,27.033333333333335,0.1922447383403778,-0.12816437444467568
UBFC_PHYS_s17_T3_ctrl,23,122,27.066666666666666,0.2666683495044708,-0.19296981409189415
UBFC_PHYS_s17_T3_ctrl,23,123,27.1,0.25124049186706543,-0.24880020506661119
UBFC_PHYS_s17_T3_ctrl,23,124,27.133333333333333,0.2567303776741028,-0.28278529639198885
UBFC_PHYS_s17_T3_ctrl,23,125,27.166666666666668,0.2943284809589386,-0.28721479893320695
UBFC_PHYS_s17_T3_ctrl,23,126,27.2,0.27252110838890076,-0.26239469965947804
UBFC_PHYS_s17_T3_ctrl,23,127,27.233333333333334,0.12573403120040894,-0.21649792076183438
UBFC_PHYS_s17_T3_ctrl,23,128,27.266666666666666,-0.07482815533876419,-0.16257838681952214
UBFC_PHYS_s17_T3_ctrl,23,129,27.3,-0.12404982000589371,-0.11405159245970109
UBFC_PHYS_s17_T3_ctrl,23,130,27.333333333333332,0.09328635782003403,-0.08047227177512989
UBFC_PHYS_s17_T3_ctrl,23,131,27.366666666666667,0.45564210414886475,-0.0651394392081886
UBFC_PHYS_s17_T3_ctrl,23,132,27.4,0.7614836096763611,-0.06510374738221876
UBFC_PHYS_s17_T3_ctrl,23,133,27.433333333333334,0.9307453036308289,-0.07308469548066013
UBFC_PHYS_s17_T3_ctrl,23,134,27.466666666666665,0.9695724248886108,-0.08019037940498752
UBFC_PHYS_s17_T3_ctrl,23,135,27.5,0.8795453906059265,-0.07841139694416303
UBFC_PHYS_s17_T3_ctrl,23,136,27.533333333333335,0.6978759169578552,-0.062433093809264706
UBFC_PHYS_s17_T3_ctrl,23,137,27.566666666666666,0.5209119915962219,-0.030774639173583127
UBFC_PHYS_s17_T3_ctrl,23,138,27.6,0.40698230266571045,0.013783283511707618
UBFC_PHYS_s17_T3_ctrl,23,139,27.633333333333333,0.3511704206466675,0.06477764973212645
UBFC_PHYS_s17_T3_ctrl,23,140,27.666666666666668,0.3532657027244568,0.1138684897008468
UBFC_PHYS_s17_T3_ctrl,23,141,27.7,0.4197998344898224,0.15346054185369584
UBFC_PHYS_s17_T3_ctrl,23,142,27.733333333333334,0.48560819029808044,0.178925130553324
UBFC_PHYS_s17_T3_ctrl,23,143,27.766666666666666,0.4647255539894104,0.18921005062944096
UBFC_PHYS_s17_T3_ctrl,23,144,27.8,0.3848939836025238,0.1858201458034582
UBFC_PHYS_s17_T3_ctrl,23,145,27.833333333333332,0.3246457278728485,0.17132907668375658
UBFC_PHYS_s17_T3_ctrl,23,146,27.866666666666667,0.27390235662460327,0.14852534072769039
UBFC_PHYS_s17_T3_ctrl,23,147,27.9,0.16495919227600098,0.12036094765665344
UBFC_PHYS_s17_T3_ctrl,23,148,27.933333333333334,-0.02358143962919712,0.09010165038653915
UBFC_PHYS_s17_T3_ctrl,23,149,27.966666666666665,-0.21510697901248932,0.061040809966255834
UBFC_PHYS_s17_T3_ctrl,23,150,28.0,-0.26595571637153625,0.03573625098452098
UBFC_PHYS_s17_T3_ctrl,23,151,28.033333333333335,-0.10594139993190765,0.015280052817128839
UBFC_PHYS_s17_T3_ctrl,23,152,28.066666666666666,0.13891443610191345,-0.0009300226646140404
UBFC_PHYS_s17_T3_ctrl,23,153,28.1,0.325757771730423,-0.014840614298646613
UBFC_PHYS_s17_T3_ctrl,23,154,28.133333333333333,0.45297324657440186,-0.028996679347476243
UBFC_PHYS_s17_T3_ctrl,23,155,28.166666666666668,0.5682958960533142,-0.04561707927540076
UBFC_PHYS_s17_T3_ctrl,23,156,28.2,0.6344320178031921,-0.06567446406171683
UBFC_PHYS_s17_T3_ctrl,23,157,28.233333333333334,0.5847421288490295,-0.08819938567582068
UBFC_PHYS_s17_T3_ctrl,23,158,28.266666666666666,0.43392837047576904,-0.11013276381816604
UBFC_PHYS_s17_T3_ctrl,23,159,28.3,0.29625988006591797,-0.12700084249197155
UBFC_PHYS_s17_T3_ctrl,23,160,28.333333333333332,0.2774725556373596,-0.1343314488395539
UBFC_PHYS_s17_T3_ctrl,23,161,28.366666666666667,0.35253995656967163,-0.12925416222901112
UBFC_PHYS_s17_T3_ctrl,23,162,28.4,0.4055425226688385,-0.11149309603060517
UBFC_PHYS_s17_T3_ctrl,23,163,28.433333333333334,0.38950595259666443,-0.08327153050093643
UBFC_PHYS_s17_T3_ctrl,23,164,28.466666666666665,0.35846295952796936,-0.04838942014640086
UBFC_PHYS_s17_T3_ctrl,23,165,28.5,0.3703557550907135,-0.011185313232945542
UBFC_PHYS_s17_T3_ctrl,23,166,28.533333333333335,0.44255533814430237,0.024206750027021138
UBFC_PHYS_s17_T3_ctrl,23,167,28.566666666666666,0.5388331413269043,0.05438147203673962
UBFC_PHYS_s17_T3_ctrl,23,168,28.6,0.5917654633522034,0.07706271795814494
UBFC_PHYS_s17_T3_ctrl,23,169,28.633333333333333,0.6198118329048157,0.09124895059767542
UBFC_PHYS_s17_T3_ctrl,23,170,28.666666666666668,0.7775903940200806,0.09697934673757136
UBFC_PHYS_s17_T3_ctrl,23,171,28.7,1.1056958436965942,0.09483964727067012
UBFC_PHYS_s17_T3_ctrl,23,172,28.733333333333334,1.3522255420684814,0.08554250368347646
UBFC_PHYS_s17_T3_ctrl,23,173,28.766666666666666,1.2825543880462646,0.06989712224858914
UBFC_PHYS_s17_T3_ctrl,23,174,28.8,1.0208191871643066,0.04919566532683139
UBFC_PHYS_s17_T3_ctrl,23,175,28.833333333333332,0.814111590385437,0.025686109191553525
UBFC_PHYS_s17_T3_ctrl,23,176,28.866666666666667,0.7454587817192078,0.002646180620162832
UBFC_PHYS_s17_T3_ctrl,23,177,28.9,0.7824832797050476,-0.016215628290366126
UBFC_PHYS_s17_T3_ctrl,23,178,28.933333333333334,0.8470509052276611,-0.027821605301026613
UBFC_PHYS_s17_T3_ctrl,23,179,28.966666666666665,0.8401914834976196,-0.03068333524200752
UBFC_PHYS_s17_T3_ctrl,23,180,29.0,0.7123907208442688,-0.02528119349218009
UBFC_PHYS_s17_T3_ctrl,23,181,29.033333333333335,0.44906359910964966,-0.013788804878419124
UBFC_PHYS_s17_T3_ctrl,23,182,29.066666666666666,0.04701448604464531,0.0005765546882889844
UBFC_PHYS_s17_T3_ctrl,23,183,29.1,-0.4300552308559418,0.014242014160851276
UBFC_PHYS_s17_T3_ctrl,23,184,29.133333333333333,-0.8779782056808472,0.023899463635846482
UBFC_PHYS_s17_T3_ctrl,23,185,29.166666666666668,-1.2857396602630615,0.027100711661555688
UBFC_PHYS_s17_T3_ctrl,23,186,29.2,-1.7732974290847778,0.02271386034318448
UBFC_PHYS_s17_T3_ctrl,23,187,29.233333333333334,-2.480860471725464,0.011003842770525392
UBFC_PHYS_s17_T3_ctrl,23,188,29.266666666666666,-3.2181551456451416,-0.006671737346653184
UBFC_PHYS_s17_T3_ctrl,23,189,29.3,-3.3675878047943115,-0.028253661638810063
UBFC_PHYS_s17_T3_ctrl,23,190,29.333333333333332,-2.704798460006714,-0.051166840444036604
UBFC_PHYS_s17_T3_ctrl,23,191,29.366666666666667,-1.7662039995193481,-0.07230579028685558
UBFC_PHYS_s17_T3_ctrl,23,192,29.4,-1.0777093172073364,-0.08813132871847762
UBFC_PHYS_s17_T3_ctrl,23,193,29.433333333333334,-0.6326424479484558,-0.0952180757121386
UBFC_PHYS_s17_T3_ctrl,23,194,29.466666666666665,-0.28866440057754517,-0.09126358208244255
UBFC_PHYS_s17_T3_ctrl,23,195,29.5,-0.0032840867061167955,-0.07614781353066029
UBFC_PHYS_s17_T3_ctrl,23,196,29.533333333333335,0.32161402702331543,-0.05245508462358678
UBFC_PHYS_s17_T3_ctrl,23,197,29.566666666666666,0.7499887943267822,-0.02505609878492332
UBFC_PHYS_s17_T3_ctrl,23,198,29.6,1.1817933320999146,0.0002194172486573969
UBFC_PHYS_s17_T3_ctrl,23,199,29.633333333333333,1.5110809803009033,0.01838232806161538
UBFC_PHYS_s17_T3_ctrl,23,200,29.666666666666668,1.8034026622772217,0.02695178259015308
UBFC_PHYS_s17_T3_ctrl,23,201,29.7,2.166214942932129,0.026923317821899797
UBFC_PHYS_s17_T3_ctrl,23,202,29.733333333333334,2.505030870437622,0.022612040525565483
UBFC_PHYS_s17_T3_ctrl,23,203,29.766666666666666,2.572747230529785,0.020231217462631988
UBFC_PHYS_s17_T3_ctrl,23,204,29.8,2.195396661758423,0.02552761047353042
UBFC_PHYS_s17_T3_ctrl,23,205,29.833333333333332,1.3399815559387207,0.04130325326367324
UBFC_PHYS_s17_T3_ctrl,23,206,29.866666666666667,0.15980876982212067,0.06592358176841749
UBFC_PHYS_s17_T3_ctrl,23,207,29.9,-0.9419137239456177,0.09358374868771806
UBFC_PHYS_s17_T3_ctrl,23,208,29.933333333333334,-1.5871915817260742,0.11620320524925402
UBFC_PHYS_s17_T3_ctrl,23,209,29.966666666666665,-1.760819435119629,0.1260749581387854
UBFC_PHYS_s17_T3_ctrl,23,210,30.0,-1.6808005571365356,0.11836619273267211
UBFC_PHYS_s17_T3_ctrl,23,211,30.033333333333335,-1.4912649393081665,0.09282456685138867
UBFC_PHYS_s17_T3_ctrl,23,212,30.066666666666666,-1.2820757627487183,0.05410198939561436
UBFC_PHYS_s17_T3_ctrl,23,213,30.1,-1.1150381565093994,0.01033673201858601
UBFC_PHYS_s17_T3_ctrl,23,214,30.133333333333333,-0.9061884880065918,-0.02960035306707649
UBFC_PHYS_s17_T3_ctrl,23,215,30.166666666666668,-0.5406839847564697,-0.05901487567663874
UBFC_PHYS_s17_T3_ctrl,23,216,30.2,-0.10484108328819275,-0.07517924587225683
UBFC_PHYS_s17_T3_ctrl,23,217,30.233333333333334,0.1842498630285263,-0.07936193647278107
UBFC_PHYS_s17_T3_ctrl,23,218,30.266666666666666,0.19632995128631592,-0.07537387023709138
UBFC_PHYS_s17_T3_ctrl,23,219,30.3,0.08584165573120117,-0.06754643060081922
UBFC_PHYS_s17_T3_ctrl,23,220,30.333333333333332,0.26992249488830566,-0.059067599402754016
UBFC_PHYS_s17_T3_ctrl,23,221,30.366666666666667,0.898215651512146,-0.05116094367939589
UBFC_PHYS_s17_T3_ctrl,23,222,30.4,1.5507978200912476,-0.04310435619237193
UBFC_PHYS_s17_T3_ctrl,23,223,30.433333333333334,1.8334273099899292,-0.03284866578085158
UBFC_PHYS_s17_T3_ctrl,23,224,30.466666666666665,1.8148740530014038,-0.01804634003888404
UBFC_PHYS_s17_T3_ctrl,23,225,30.5,1.6076865196228027,0.0026255951986583845
UBFC_PHYS_s17_T3_ctrl,23,226,30.533333333333335,1.159623146057129,0.028104569324130517
UBFC_PHYS_s17_T3_ctrl,23,227,30.566666666666666,0.6134674549102783,0.05405948494562625
UBFC_PHYS_s17_T3_ctrl,23,228,30.6,0.1915072798728943,0.07312021792357287
UBFC_PHYS_s17_T3_ctrl,23,229,30.633333333333333,-0.0908529981970787,0.07664634664732187
UBFC_PHYS_s17_T3_ctrl,23,230,30.666666666666668,-0.30768585205078125,0.05787470896844878
UBFC_PHYS_s17_T3_ctrl,23,231,30.7,-0.43757015466690063,0.015418449917269022
UBFC_PHYS_s17_T3_ctrl,23,232,30.733333333333334,-0.46874192357063293,-0.04461574485650381
UBFC_PHYS_s17_T3_ctrl,23,233,30.766666666666666,-0.49720972776412964,-0.10935362604830054
UBFC_PHYS_s17_T3_ctrl,23,234,30.8,-0.5834442377090454,-0.16271078617992912
UBFC_PHYS_s17_T3_ctrl,23,235,30.833333333333332,-0.6654061675071716,-0.19022933632227942
UBFC_PHYS_s17_T3_ctrl,23,236,30.866666666666667,-0.695325493812561,-0.18322875046986406
UBFC_PHYS_s17_T3_ctrl,23,237,30.9,-0.718923807144165,-0.14095300312082779
UBFC_PHYS_s17_T3_ctrl,23,238,30.933333333333334,-0.786558210849762,-0.07039750295989303
UBFC_PHYS_s17_T3_ctrl,23,239,30.966666666666665,-0.8716455698013306,0.015647116664157384
UBFC_PHYS_s17_T3_ctrl,24,0,24.0,0.28115978837013245,0.007164299692350857
UBFC_PHYS_s17_T3_ctrl,24,1,24.033333333333335,0.5973138809204102,0.13894835169506753
UBFC_PHYS_s17_T3_ctrl,24,2,24.066666666666666,0.7341863512992859,0.2716626973624136
UBFC_PHYS_s17_T3_ctrl,24,3,24.1,0.7523884177207947,0.40183709749373375
UBFC_PHYS_s17_T3_ctrl,24,4,24.133333333333333,0.7109392285346985,0.5203181302842637
UBFC_PHYS_s17_T3_ctrl,24,5,24.166666666666668,0.6714799404144287,0.6132876949651836
UBFC_PHYS_s17_T3_ctrl,24,6,24.2,0.695675253868103,0.6657637126364963
UBFC_PHYS_s17_T3_ctrl,24,7,24.233333333333334,0.7696892023086548,0.6664528177693602
UBFC_PHYS_s17_T3_ctrl,24,8,24.266666666666666,0.8101434111595154,0.6122465934419877
UBFC_PHYS_s17_T3_ctrl,24,9,24.3,0.7901387214660645,0.5105931235541438
UBFC_PHYS_s17_T3_ctrl,24,10,24.333333333333332,0.748092532157898,0.37873144636005807
UBFC_PHYS_s17_T3_ctrl,24,11,24.366666666666667,0.6738796234130859,0.23994900539213423
UBFC_PHYS_s17_T3_ctrl,24,12,24.4,0.5283800959587097,0.11797629482952487
UBFC_PHYS_s17_T3_ctrl,24,13,24.433333333333334,0.35100653767585754,0.031034716931163636
UBFC_PHYS_s17_T3_ctrl,24,14,24.466666666666665,0.21642830967903137,-0.013024480351653041
UBFC_PHYS_s17_T3_ctrl,24,15,24.5,0.10066083073616028,-0.019179620376245148
UBFC_PHYS_s17_T3_ctrl,24,16,24.533333333333335,-0.07730972766876221,-0.0040610196988433885
UBFC_PHYS_s17_T3_ctrl,24,17,24.566666666666666,-0.27342382073402405,0.009346766891708066
UBFC_PHYS_s17_T3_ctrl,24,18,24.6,-0.33260688185691833,-0.00018325892648834823
UBFC_PHYS_s17_T3_ctrl,24,19,24.633333333333333,-0.16559267044067383,-0.04423955417497409
UBFC_PHYS_s17_T3_ctrl,24,20,24.666666666666668,0.13899637758731842,-0.12047305629992722
UBFC_PHYS_s17_T3_ctrl,24,21,24.7,0.3969740867614746,-0.2137515671737845
UBFC_PHYS_s17_T3_ctrl,24,22,24.733333333333334,0.4935562312602997,-0.30211360517469865
UBFC_PHYS_s17_T3_ctrl,24,23,24.766666666666666,0.4161711037158966,-0.36481915362837386
UBFC_PHYS_s17_T3_ctrl,24,24,24.8,0.180586040019989,-0.3893411045428416
UBFC_PHYS_s17_T3_ctrl,24,25,24.833333333333332,-0.15153434872627258,-0.3749747062878607
UBFC_PHYS_s17_T3_ctrl,24,26,24.866666666666667,-0.4381203353404999,-0.3320471286074948
UBFC_PHYS_s17_T3_ctrl,24,27,24.9,-0.5656050443649292,-0.2772013826416669
UBFC_PHYS_s17_T3_ctrl,24,28,24.933333333333334,-0.565300703048706,-0.22667739804753373
UBFC_PHYS_s17_T3_ctrl,24,29,24.966666666666665,-0.5504814982414246,-0.19020887135859824
UBFC_PHYS_s17_T3_ctrl,24,30,25.0,-0.5616368651390076,-0.16766835367887004
UBFC_PHYS_s17_T3_ctrl,24,31,25.033333333333335,-0.5491002798080444,-0.14947229900028808
UBFC_PHYS_s17_T3_ctrl,24,32,25.066666666666666,-0.5215572118759155,-0.12067293496938862
UBFC_PHYS_s17_T3_ctrl,24,33,25.1,-0.5551052093505859,-0.06756548912425507
UBFC_PHYS_s17_T3_ctrl,24,34,25.133333333333333,-0.6579029560089111,0.015493375630623977
UBFC_PHYS_s17_T3_ctrl,24,35,25.166666666666668,-0.7866752743721008,0.12178533563287294
UBFC_PHYS_s17_T3_ctrl,24,36,25.2,-0.9432481527328491,0.23232148591777235
UBFC_PHYS_s17_T3_ctrl,24,37,25.233333333333334,-1.1305596828460693,0.32057878122776673
UBFC_PHYS_s17_T3_ctrl,24,38,25.266666666666666,-1.2685325145721436,0.36059729439273397
UBFC_PHYS_s17_T3_ctrl,24,39,25.3,-1.208096981048584,0.33600962172238713
UBFC_PHYS_s17_T3_ctrl,24,40,25.333333333333332,-0.850236177444458,0.24697101240337874
UBFC_PHYS_s17_T3_ctrl,24,41,25.366666666666667,-0.26099255681037903,0.11228035755325803
UBFC_PHYS_s17_T3_ctrl,24,42,25.4,0.35118213295936584,-0.034583434968096495
UBFC_PHYS_s17_T3_ctrl,24,43,25.433333333333334,0.7951837778091431,-0.15468146445669037
UBFC_PHYS_s17_T3_ctrl,24,44,25.466666666666665,0.9630290865898132,-0.21529662399061908
UBFC_PHYS_s17_T3_ctrl,24,45,25.5,0.850574254989624,-0.2002361395568689
UBFC_PHYS_s17_T3_ctrl,24,46,25.533333333333335,0.6876803636550903,-0.11522853363041044
UBFC_PHYS_s17_T3_ctrl,24,47,25.566666666666666,0.7911102771759033,0.013582193769796648
UBFC_PHYS_s17_T3_ctrl,24,48,25.6,1.1177759170532227,0.14781233724089954
UBFC_PHYS_s17_T3_ctrl,24,49,25.633333333333333,1.3692570924758911,0.2491282597499475
UBFC_PHYS_s17_T3_ctrl,24,50,25.666666666666668,1.467220425605774,0.2914217980170717
UBFC_PHYS_s17_T3_ctrl,24,51,25.7,1.5533612966537476,0.2684787374518002
UBFC_PHYS_s17_T3_ctrl,24,52,25.733333333333334,1.6437160968780518,0.19442977178171136
UBFC_PHYS_s17_T3_ctrl,24,53,25.766666666666666,1.5860313177108765,0.09708562716057233
UBFC_PHYS_s17_T3_ctrl,24,54,25.8,1.2629125118255615,0.00696190798231662
UBFC_PHYS_s17_T3_ctrl,24,55,25.833333333333332,0.716312050819397,-0.05368853025272677
UBFC_PHYS_s17_T3_ctrl,24,56,25.866666666666667,0.14084585011005402,-0.07774828819773273
UBFC_PHYS_s17_T3_ctrl,24,57,25.9,-0.2467469573020935,-0.07368700265054004
UBFC_PHYS_s17_T3_ctrl,24,58,25.933333333333334,-0.3358609974384308,-0.0598268659597458
UBFC_PHYS_s17_T3_ctrl,24,59,25.966666666666665,-0.06286512315273285,-0.055110514302472276
UBFC_PHYS_s17_T3_ctrl,24,60,26.0,0.5987887382507324,-0.07046767834282322
UBFC_PHYS_s17_T3_ctrl,24,61,26.033333333333335,1.4422876834869385,-0.10444781968818886
UBFC_PHYS_s17_T3_ctrl,24,62,26.066666666666666,2.10250186920166,-0.14457505898083567
UBFC_PHYS_s17_T3_ctrl,24,63,26.1,2.448341131210327,-0.17325241160234314
UBFC_PHYS_s17_T3_ctrl,24,64,26.133333333333333,2.5404751300811768,-0.1754587339580891
UBFC_PHYS_s17_T3_ctrl,24,65,26.166666666666668,2.3741047382354736,-0.1452981104337687
UBFC_PHYS_s17_T3_ctrl,24,66,26.2,1.9130598306655884,-0.08925162257911692
UBFC_PHYS_s17_T3_ctrl,24,67,26.233333333333334,1.2219783067703247,-0.025125128233747924
UBFC_PHYS_s17_T3_ctrl,24,68,26.266666666666666,0.4067598879337311,0.023208667584523873
UBFC_PHYS_s17_T3_ctrl,24,69,26.3,-0.4804123342037201,0.03401992386508126
UBFC_PHYS_s17_T3_ctrl,24,70,26.333333333333332,-1.396883487701416,-0.0035933382409232806
UBFC_PHYS_s17_T3_ctrl,24,71,26.366666666666667,-2.2355947494506836,-0.08373104052977012
UBFC_PHYS_s17_T3_ctrl,24,72,26.4,-2.8560805320739746,-0.18315656619777193
UBFC_PHYS_s17_T3_ctrl,24,73,26.433333333333334,-3.1694018840789795,-0.26720559553118134
UBFC_PHYS_s17_T3_ctrl,24,74,26.466666666666665,-3.1789650917053223,-0.3006723277734434
UBFC_PHYS_s17_T3_ctrl,24,75,26.5,-2.997319221496582,-0.26002731856107364
UBFC_PHYS_s17_T3_ctrl,24,76,26.533333333333335,-2.794813871383667,-0.14245766557228684
UBFC_PHYS_s17_T3_ctrl,24,77,26.566666666666666,-2.616269588470459,0.03185862826788699
UBFC_PHYS_s17_T3_ctrl,24,78,26.6,-2.317744016647339,0.22537102157587136
UBFC_PHYS_s17_T3_ctrl,24,79,26.633333333333333,-1.7804027795791626,0.3947325985250678
UBFC_PHYS_s17_T3_ctrl,24,80,26.666666666666668,-1.108986496925354,0.504020666843789
UBFC_PHYS_s17_T3_ctrl,24,81,26.7,-0.5448862910270691,0.5347556060896654
UBFC_PHYS_s17_T3_ctrl,24,82,26.733333333333334,-0.23176391422748566,0.4894943582456339
UBFC_PHYS_s17_T3_ctrl,24,83,26.766666666666666,-0.1502467542886734,0.38852019345957167
UBFC_PHYS_s17_T3_ctrl,24,84,26.8,-0.23101475834846497,0.2615916104764476
UBFC_PHYS_s17_T3_ctrl,24,85,26.833333333333332,-0.4099334478378296,0.13805526814458433
UBFC_PHYS_s17_T3_ctrl,24,86,26.866666666666667,-0.5716567635536194,0.038688979634426426
UBFC_PHYS_s17_T3_ctrl,24,87,26.9,-0.598158061504364,-0.028368311194507077
UBFC_PHYS_s17_T3_ctrl,24,88,26.933333333333334,-0.4791247248649597,-0.06687203046286845
UBFC_PHYS_s17_T3_ctrl,24,89,26.966666666666665,-0.2695609927177429,-0.08789872641268488
UBFC_PHYS_s17_T3_ctrl,24,90,27.0,-0.015750452876091003,-0.1036765037596592
UBFC_PHYS_s17_T3_ctrl,24,91,27.033333333333335,0.1922447383403778,-0.12233334905789862
UBFC_PHYS_s17_T3_ctrl,24,92,27.066666666666666,0.2666683495044708,-0.14530524687835725
UBFC_PHYS_s17_T3_ctrl,24,93,27.1,0.25124049186706543,-0.16788883428467288
UBFC_PHYS_s17_T3_ctrl,24,94,27.133333333333333,0.2567303776741028,-0.18232502911331253
UBFC_PHYS_s17_T3_ctrl,24,95,27.166666666666668,0.2943284809589386,-0.18201381004571238
UBFC_PHYS_s17_T3_ctrl,24,96,27.2,0.27252110838890076,-0.16503421239923327
UBFC_PHYS_s17_T3_ctrl,24,97,27.233333333333334,0.12573403120040894,-0.13542701469570984
UBFC_PHYS_s17_T3_ctrl,24,98,27.266666666666666,-0.07482815533876419,-0.10179747879150255
UBFC_PHYS_s17_T3_ctrl,24,99,27.3,-0.12404982000589371,-0.0740795330445227
UBFC_PHYS_s17_T3_ctrl,24,100,27.333333333333332,0.09328635782003403,-0.059999658028571705
UBFC_PHYS_s17_T3_ctrl,24,101,27.366666666666667,0.45564210414886475,-0.06263107347996884
UBFC_PHYS_s17_T3_ctrl,24,102,27.4,0.7614836096763611,-0.07967519335984477
UBFC_PHYS_s17_T3_ctrl,24,103,27.433333333333334,0.9307453036308289,-0.10429558486228029
UBFC_PHYS_s17_T3_ctrl,24,104,27.466666666666665,0.9695724248886108,-0.1269270165019935
UBFC_PHYS_s17_T3_ctrl,24,105,27.5,0.8795453906059265,-0.13753711361057827
UBFC_PHYS_s17_T3_ctrl,24,106,27.533333333333335,0.6978759169578552,-0.12805403059294995
UBFC_PHYS_s17_T3_ctrl,24,107,27.566666666666666,0.5209119915962219,-0.0947046939855148
UBFC_PHYS_s17_T3_ctrl,24,108,27.6,0.40698230266571045,-0.03969919432469185
UBFC_PHYS_s17_T3_ctrl,24,109,27.633333333333333,0.3511704206466675,0.028591244414495655
UBFC_PHYS_s17_T3_ctrl,24,110,27.666666666666668,0.3532657027244568,0.0975888695403971
UBFC_PHYS_s17_T3_ctrl,24,111,27.7,0.4197998344898224,0.1542942982200037
UBFC_PHYS_s17_T3_ctrl,24,112,27.733333333333334,0.48560819029808044,0.18938834502335333
UBFC_PHYS_s17_T3_ctrl,24,113,27.766666666666666,0.4647255539894104,0.1997236983998365
UBFC_PHYS_s17_T3_ctrl,24,114,27.8,0.3848939836025238,0.18825607016837775
UBFC_PHYS_s17_T3_ctrl,24,115,27.833333333333332,0.3246457278728485,0.1619585868880739
UBFC_PHYS_s17_T3_ctrl,24,116,27.866666666666667,0.27390235662460327,0.12905777197390422
UBFC_PHYS_s17_T3_ctrl,24,117,27.9,0.16495919227600098,0.09670981187526374
UBFC_PHYS_s17_T3_ctrl,24,118,27.933333333333334,-0.02358143962919712,0.06947857558266729
UBFC_PHYS_s17_T3_ctrl,24,119,27.966666666666665,-0.21510697901248932,0.04853020772511427
UBFC_PHYS_s17_T3_ctrl,24,120,28.0,-0.26595571637153625,0.031688628674416706
UBFC_PHYS_s17_T3_ctrl,24,121,28.033333333333335,-0.10594139993190765,0.014656884027827478
UBFC_PHYS_s17_T3_ctrl,24,122,28.066666666666666,0.13891443610191345,-0.006847899239574399
UBFC_PHYS_s17_T3_ctrl,24,123,28.1,0.325757771730423,-0.034962094066306446
UBFC_PHYS_s17_T3_ctrl,24,124,28.133333333333333,0.45297324657440186,-0.06843639077803192
UBFC_PHYS_s17_T3_ctrl,24,125,28.166666666666668,0.5682958960533142,-0.10264808393715479
UBFC_PHYS_s17_T3_ctrl,24,126,28.2,0.6344320178031921,-0.1307381155174868
UBFC_PHYS_s17_T3_ctrl,24,127,28.233333333333334,0.5847421288490295,-0.1454885293672202
UBFC_PHYS_s17_T3_ctrl,24,128,28.266666666666666,0.43392837047576904,-0.14145485030235458
UBFC_PHYS_s17_T3_ctrl,24,129,28.3,0.29625988006591797,-0.11683482107595401
UBFC_PHYS_s17_T3_ctrl,24,130,28.333333333333332,0.2774725556373596,-0.07454309699205279
UBFC_PHYS_s17_T3_ctrl,24,131,28.366666666666667,0.35253995656967163,-0.021993322468155226
UBFC_PHYS_s17_T3_ctrl,24,132,28.4,0.4055425226688385,0.030693919157769617
UBFC_PHYS_s17_T3_ctrl,24,133,28.433333333333334,0.38950595259666443,0.07369616214231359
UBFC_PHYS_s17_T3_ctrl,24,134,28.466666666666665,0.35846295952796936,0.10045733372929601
UBFC_PHYS_s17_T3_ctrl,24,135,28.5,0.3703557550907135,0.1091751099212116
UBFC_PHYS_s17_T3_ctrl,24,136,28.533333333333335,0.44255533814430237,0.1023578944936258
UBFC_PHYS_s17_T3_ctrl,24,137,28.566666666666666,0.5388331413269043,0.08518691622919691
UBFC_PHYS_s17_T3_ctrl,24,138,28.6,0.5917654633522034,0.0636838569738692
UBFC_PHYS_s17_T3_ctrl,24,139,28.633333333333333,0.6198118329048157,0.04322659712184529
UBFC_PHYS_s17_T3_ctrl,24,140,28.666666666666668,0.7775903940200806,0.027515413018656964
UBFC_PHYS_s17_T3_ctrl,24,141,28.7,1.1056958436965942,0.01797926800066331
UBFC_PHYS_s17_T3_ctrl,24,142,28.733333333333334,1.3522255420684814,0.013725646983845728
UBFC_PHYS_s17_T3_ctrl,24,143,28.766666666666666,1.2825543880462646,0.012169868235191873
UBFC_PHYS_s17_T3_ctrl,24,144,28.8,1.0208191871643066,0.010237189096355457
UBFC_PHYS_s17_T3_ctrl,24,145,28.833333333333332,0.814111590385437,0.005702952988670026
UBFC_PHYS_s17_T3_ctrl,24,146,28.866666666666667,0.7454587817192078,-0.0018797704618943218
UBFC_PHYS_s17_T3_ctrl,24,147,28.9,0.7824832797050476,-0.011037699708859343
UBFC_PHYS_s17_T3_ctrl,24,148,28.933333333333334,0.8470509052276611,-0.01903670610828102
UBFC_PHYS_s17_T3_ctrl,24,149,28.966666666666665,0.8401914834976196,-0.0230476525833872
UBFC_PHYS_s17_T3_ctrl,24,150,29.0,0.7123907208442688,-0.021402694124097284
UBFC_PHYS_s17_T3_ctrl,24,151,29.033333333333335,0.44906359910964966,-0.01452439558556249
UBFC_PHYS_s17_T3_ctrl,24,152,29.066666666666666,0.04701448604464531,-0.005141593700207948
UBFC_PHYS_s17_T3_ctrl,24,153,29.1,-0.4300552308559418,0.002429019470629241
UBFC_PHYS_s17_T3_ctrl,24,154,29.133333333333333,-0.8779782056808472,0.003784672918893272
UBFC_PHYS_s17_T3_ctrl,24,155,29.166666666666668,-1.2857396602630615,-0.0038403712013973506
UBFC_PHYS_s17_T3_ctrl,24,156,29.2,-1.7732974290847778,-0.020381954853659182
UBFC_PHYS_s17_T3_ctrl,24,157,29.233333333333334,-2.480860471725464,-0.04284355515780916
UBFC_PHYS_s17_T3_ctrl,24,158,29.266666666666666,-3.2181551456451416,-0.0663262709210975
UBFC_PHYS_s17_T3_ctrl,24,159,29.3,-3.3675878047943115,-0.08569884248668659
UBFC_PHYS_s17_T3_ctrl,24,160,29.333333333333332,-2.704798460006714,-0.09718009344475442
UBFC_PHYS_s17_T3_ctrl,24,161,29.366666666666667,-1.7662039995193481,-0.09924001853878121
UBFC_PHYS_s17_T3_ctrl,24,162,29.4,-1.0777093172073364,-0.09260422180184567
UBFC_PHYS_s17_T3_ctrl,24,163,29.433333333333334,-0.6326424479484558,-0.07956427202632561
UBFC_PHYS_s17_T3_ctrl,24,164,29.466666666666665,-0.28866440057754517,-0.06305151680051731
UBFC_PHYS_s17_T3_ctrl,24,165,29.5,-0.0032840867061167955,-0.04590175525784985
UBFC_PHYS_s17_T3_ctrl,24,166,29.533333333333335,0.32161402702331543,-0.03046241591232038
UBFC_PHYS_s17_T3_ctrl,24,167,29.566666666666666,0.7499887943267822,-0.01840116269618498
UBFC_PHYS_s17_T3_ctrl,24,168,29.6,1.1817933320999146,-0.01048678313433842
UBFC_PHYS_s17_T3_ctrl,24,169,29.633333333333333,1.5110809803009033,-0.006254578686885513
UBFC_PHYS_s17_T3_ctrl,24,170,29.666666666666668,1.8034026622772217,-0.0037128891108858027
UBFC_PHYS_s17_T3_ctrl,24,171,29.7,2.166214942932129,0.0005814093736242783
UBFC_PHYS_s17_T3_ctrl,24,172,29.733333333333334,2.505030870437622,0.010791210017190132
UBFC_PHYS_s17_T3_ctrl,24,173,29.766666666666666,2.572747230529785,0.03040169406276362
UBFC_PHYS_s17_T3_ctrl,24,174,29.8,2.195396661758423,0.06055749681742317
UBFC_PHYS_s17_T3_ctrl,24,175,29.833333333333332,1.3399815559387207,0.09886984973707034
UBFC_PHYS_s17_T3_ctrl,24,176,29.866666666666667,0.15980876982212067,0.13944093916468547
UBFC_PHYS_s17_T3_ctrl,24,177,29.9,-0.9419137239456177,0.17434728913956518
UBFC_PHYS_s17_T3_ctrl,24,178,29.933333333333334,-1.5871915817260742,0.19598359857550846
UBFC_PHYS_s17_T3_ctrl,24,179,29.966666666666665,-1.760819435119629,0.1992325667042772
UBFC_PHYS_s17_T3_ctrl,24,180,30.0,-1.6808005571365356,0.18280290010338748
UBFC_PHYS_s17_T3_ctrl,24,181,30.033333333333335,-1.4912649393081665,0.1495862938084735
UBFC_PHYS_s17_T3_ctrl,24,182,30.066666666666666,-1.2820757627487183,0.105905894314618
UBFC_PHYS_s17_T3_ctrl,24,183,30.1,-1.1150381565093994,0.05960733517337071
UBFC_PHYS_s17_T3_ctrl,24,184,30.133333333333333,-0.9061884880065918,0.017599593535770723
UBFC_PHYS_s17_T3_ctrl,24,185,30.166666666666668,-0.5406839847564697,-0.015995603150271584
UBFC_PHYS_s17_T3_ctrl,24,186,30.2,-0.10484108328819275,-0.04025787883796574
UBFC_PHYS_s17_T3_ctrl,24,187,30.233333333333334,0.1842498630285263,-0.05653187015360054
UBFC_PHYS_s17_T3_ctrl,24,188,30.266666666666666,0.19632995128631592,-0.0669539001713522
UBFC_PHYS_s17_T3_ctrl,24,189,30.3,0.08584165573120117,-0.07334676656585494
UBFC_PHYS_s17_T3_ctrl,24,190,30.333333333333332,0.26992249488830566,-0.07687441793122068
UBFC_PHYS_s17_T3_ctrl,24,191,30.366666666666667,0.898215651512146,-0.0782146807224292
UBFC_PHYS_s17_T3_ctrl,24,192,30.4,1.5507978200912476,-0.07775294322723561
UBFC_PHYS_s17_T3_ctrl,24,193,30.433333333333334,1.8334273099899292,-0.07550235860256678
UBFC_PHYS_s17_T3_ctrl,24,194,30.466666666666665,1.8148740530014038,-0.07087410029082176
UBFC_PHYS_s17_T3_ctrl,24,195,30.5,1.6076865196228027,-0.06270814487973281
UBFC_PHYS_s17_T3_ctrl,24,196,30.533333333333335,1.159623146057129,-0.04990357622929814
UBFC_PHYS_s17_T3_ctrl,24,197,30.566666666666666,0.6134674549102783,-0.0326227150551983
UBFC_PHYS_s17_T3_ctrl,24,198,30.6,0.1915072798728943,-0.013604043355259854
UBFC_PHYS_s17_T3_ctrl,24,199,30.633333333333333,-0.0908529981970787,0.00121212090462717
UBFC_PHYS_s17_T3_ctrl,24,200,30.666666666666668,-0.30768585205078125,0.0035271275896191015
UBFC_PHYS_s17_T3_ctrl,24,201,30.7,-0.43757015466690063,-0.014918738467450602
UBFC_PHYS_s17_T3_ctrl,24,202,30.733333333333334,-0.46874192357063293,-0.059464223326158736
UBFC_PHYS_s17_T3_ctrl,24,203,30.766666666666666,-0.49720972776412964,-0.13060649447023948
UBFC_PHYS_s17_T3_ctrl,24,204,30.8,-0.5834442377090454,-0.223442119285758
UBFC_PHYS_s17_T3_ctrl,24,205,30.833333333333332,-0.6654061675071716,-0.32770573746268733
UBFC_PHYS_s17_T3_ctrl,24,206,30.866666666666667,-0.695325493812561,-0.42776566169949043
UBFC_PHYS_s17_T3_ctrl,24,207,30.9,-0.718923807144165,-0.502960671499803
UBFC_PHYS_s17_T3_ctrl,24,208,30.933333333333334,-0.786558210849762,-0.5294264124756256
UBFC_PHYS_s17_T3_ctrl,24,209,30.966666666666665,-0.8716455698013306,-0.4844521070642704
UBFC_PHYS_s17_T3_ctrl,24,210,31.0,-0.9171916842460632,-0.3533596499593031
UBFC_PHYS_s17_T3_ctrl,24,211,31.033333333333335,-0.9000665545463562,-0.13717729666997458
UBFC_PHYS_s17_T3_ctrl,24,212,31.066666666666666,-0.8342932462692261,0.14222478832498797
UBFC_PHYS_s17_T3_ctrl,24,213,31.1,-0.7387646436691284,0.4430856253445104
UBFC_PHYS_s17_T3_ctrl,24,214,31.133333333333333,-0.6352996230125427,0.7123831897151411
UBFC_PHYS_s17_T3_ctrl,24,215,31.166666666666668,-0.5433762669563293,0.9001922139405488
UBFC_PHYS_s17_T3_ctrl,24,216,31.2,-0.4693154990673065,0.9744579500204829
UBFC_PHYS_s17_T3_ctrl,24,217,31.233333333333334,-0.4109284281730652,0.9299980831337429
UBFC_PHYS_s17_T3_ctrl,24,218,31.266666666666666,-0.3680628538131714,0.7881602540152456
UBFC_PHYS_s17_T3_ctrl,24,219,31.3,-0.35385236144065857,0.5879452022449372
UBFC_PHYS_s17_T3_ctrl,24,220,31.333333333333332,-0.3698420822620392,0.37287811993408926
UBFC_PHYS_s17_T3_ctrl,24,221,31.366666666666667,-0.3779071867465973,0.1789239736058785
UBFC_PHYS_s17_T3_ctrl,24,222,31.4,-0.34756651520729065,0.027251781709882666
UBFC_PHYS_s17_T3_ctrl,24,223,31.433333333333334,-0.32072576880455017,-0.07702847635273063
UBFC_PHYS_s17_T3_ctrl,24,224,31.466666666666665,-0.3436100482940674,-0.1413336344157768
UBFC_PHYS_s17_T3_ctrl,24,225,31.5,-0.38008442521095276,-0.17964439237938182
UBFC_PHYS_s17_T3_ctrl,24,226,31.533333333333335,-0.38051751255989075,-0.2065469672355219
UBFC_PHYS_s17_T3_ctrl,24,227,31.566666666666666,-0.36043086647987366,-0.23302127548392337
UBFC_PHYS_s17_T3_ctrl,24,228,31.6,-0.3379445970058441,-0.26470390263071847
UBFC_PHYS_s17_T3_ctrl,24,229,31.633333333333333,-0.30768585205078125,-0.3023332076653054
UBFC_PHYS_s17_T3_ctrl,24,230,31.666666666666668,-0.2862647473812103,-0.3433227736621565
UBFC_PHYS_s17_T3_ctrl,24,231,31.7,-0.2961207926273346,-0.3832432532349632
UBFC_PHYS_s17_T3_ctrl,24,232,31.733333333333334,-0.3183729648590088,-0.4165326378850095
UBFC_PHYS_s17_T3_ctrl,24,233,31.766666666666666,-0.32189634442329407,-0.43664936158108114
UBFC_PHYS_s17_T3_ctrl,24,234,31.8,-0.3140653371810913,-0.43652532724311155
UBFC_PHYS_s17_T3_ctrl,24,235,31.833333333333332,-0.3082125782966614,-0.4100102208473858
UBFC_PHYS_s17_T3_ctrl,24,236,31.866666666666667,-0.2909586727619171,-0.3540421781242037
UBFC_PHYS_s17_T3_ctrl,24,237,31.9,-0.2585812211036682,-0.27043256349359734
UBFC_PHYS_s17_T3_ctrl,24,238,31.933333333333334,-0.22745628654956818,-0.16624187033831508
UBFC_PHYS_s17_T3_ctrl,24,239,31.966666666666665,-0.20488806068897247,-0.052576533000031525
UBFC_PHYS_s17_T3_ctrl,25,0,25.0,-0.5616368651390076,-0.008844268185968935
UBFC_PHYS_s17_T3_ctrl,25,1,25.033333333333335,-0.5491002798080444,0.17236762030842975
UBFC_PHYS_s17_T3_ctrl,25,2,25.066666666666666,-0.5215572118759155,0.3392809702708528
UBFC_PHYS_s17_T3_ctrl,25,3,25.1,-0.5551052093505859,0.4784597079023944
UBFC_PHYS_s17_T3_ctrl,25,4,25.133333333333333,-0.6579029560089111,0.5795036980953602
UBFC_PHYS_s17_T3_ctrl,25,5,25.166666666666668,-0.7866752743721008,0.6358572095387055
UBFC_PHYS_s17_T3_ctrl,25,6,25.2,-0.9432481527328491,0.6446230119509478
UBFC_PHYS_s17_T3_ctrl,25,7,25.233333333333334,-1.1305596828460693,0.6060101743284135
UBFC_PHYS_s17_T3_ctrl,25,8,25.266666666666666,-1.2685325145721436,0.5232437126163259
UBFC_PHYS_s17_T3_ctrl,25,9,25.3,-1.208096981048584,0.40317464460837404
UBFC_PHYS_s17_T3_ctrl,25,10,25.333333333333332,-0.850236177444458,0.25711207668606567
UBFC_PHYS_s17_T3_ctrl,25,11,25.366666666666667,-0.26099255681037903,0.1009888699555983
UBFC_PHYS_s17_T3_ctrl,25,12,25.4,0.35118213295936584,-0.04595740310745722
UBFC_PHYS_s17_T3_ctrl,25,13,25.433333333333334,0.7951837778091431,-0.16427153514850829
UBFC_PHYS_s17_T3_ctrl,25,14,25.466666666666665,0.9630290865898132,-0.23861340356359917
UBFC_PHYS_s17_T3_ctrl,25,15,25.5,0.850574254989624,-0.2620563219582198
UBFC_PHYS_s17_T3_ctrl,25,16,25.533333333333335,0.6876803636550903,-0.23870140952815674
UBFC_PHYS_s17_T3_ctrl,25,17,25.566666666666666,0.7911102771759033,-0.18321475737585252
UBFC_PHYS_s17_T3_ctrl,25,18,25.6,1.1177759170532227,-0.11682260519926643
UBFC_PHYS_s17_T3_ctrl,25,19,25.633333333333333,1.3692570924758911,-0.06069364119015002
UBFC_PHYS_s17_T3_ctrl,25,20,25.666666666666668,1.467220425605774,-0.02897992243019007
UBFC_PHYS_s17_T3_ctrl,25,21,25.7,1.5533612966537476,-0.02430854133685313
UBFC_PHYS_s17_T3_ctrl,25,22,25.733333333333334,1.6437160968780518,-0.03773097502195586
UBFC_PHYS_s17_T3_ctrl,25,23,25.766666666666666,1.5860313177108765,-0.05333186322347824
UBFC_PHYS_s17_T3_ctrl,25,24,25.8,1.2629125118255615,-0.055683788165310784
UBFC_PHYS_s17_T3_ctrl,25,25,25.833333333333332,0.716312050819397,-0.037034823863686075
UBFC_PHYS_s17_T3_ctrl,25,26,25.866666666666667,0.14084585011005402,-0.0011515624120304207
UBFC_PHYS_s17_T3_ctrl,25,27,25.9,-0.2467469573020935,0.03791361260281168
UBFC_PHYS_s17_T3_ctrl,25,28,25.933333333333334,-0.3358609974384308,0.06175239059347805
UBFC_PHYS_s17_T3_ctrl,25,29,25.966666666666665,-0.06286512315273285,0.055790667365566836
UBFC_PHYS_s17_T3_ctrl,25,30,26.0,0.5987887382507324,0.016165504298228023
UBFC_PHYS_s17_T3_ctrl,25,31,26.033333333333335,1.4422876834869385,-0.04782511927667615
UBFC_PHYS_s17_T3_ctrl,25,32,26.066666666666666,2.10250186920166,-0.1167999292511015
UBFC_PHYS_s17_T3_ctrl,25,33,26.1,2.448341131210327,-0.16851051064462197
UBFC_PHYS_s17_T3_ctrl,25,34,26.133333333333333,2.5404751300811768,-0.18615337054576592
UBFC_PHYS_s17_T3_ctrl,25,35,26.166666666666668,2.3741047382354736,-0.164583061814915
UBFC_PHYS_s17_T3_ctrl,25,36,26.2,1.9130598306655884,-0.11240995531132902
UBFC_PHYS_s17_T3_ctrl,25,37,26.233333333333334,1.2219783067703247,-0.049548638281035555
UBFC_PHYS_s17_T3_ctrl,25,38,26.266666666666666,0.4067598879337311,-0.0009704012125258558
UBFC_PHYS_s17_T3_ctrl,25,39,26.3,-0.4804123342037201,0.011700738680905709
UBFC_PHYS_s17_T3_ctrl,25,40,26.333333333333332,-1.396883487701416,-0.021710580876926868
UBFC_PHYS_s17_T3_ctrl,25,41,26.366666666666667,-2.2355947494506836,-0.09493075273111576
UBFC_PHYS_s17_T3_ctrl,25,42,26.4,-2.8560805320739746,-0.1854770823623657
UBFC_PHYS_s17_T3_ctrl,25,43,26.433333333333334,-3.1694018840789795,-0.260657242109887
UBFC_PHYS_s17_T3_ctrl,25,44,26.466666666666665,-3.1789650917053223,-0.2877767025148841
UBFC_PHYS_s17_T3_ctrl,25,45,26.5,-2.997319221496582,-0.24523383829546125
UBFC_PHYS_s17_T3_ctrl,25,46,26.533333333333335,-2.794813871383667,-0.13049357785531893
UBFC_PHYS_s17_T3_ctrl,25,47,26.566666666666666,-2.616269588470459,0.03814899864722859
UBFC_PHYS_s17_T3_ctrl,25,48,26.6,-2.317744016647339,0.22673937044089504
UBFC_PHYS_s17_T3_ctrl,25,49,26.633333333333333,-1.7804027795791626,0.39580939916630964
UBFC_PHYS_s17_T3_ctrl,25,50,26.666666666666668,-1.108986496925354,0.5118131024414331
UBFC_PHYS_s17_T3_ctrl,25,51,26.7,-0.5448862910270691,0.555975927102704
UBFC_PHYS_s17_T3_ctrl,25,52,26.733333333333334,-0.23176391422748566,0.5279011235260228
UBFC_PHYS_s17_T3_ctrl,25,53,26.766666666666666,-0.1502467542886734,0.443278347327684
UBFC_PHYS_s17_T3_ctrl,25,54,26.8,-0.23101475834846497,0.3270391433056511
UBFC_PHYS_s17_T3_ctrl,25,55,26.833333333333332,-0.4099334478378296,0.2047046484397479
UBFC_PHYS_s17_T3_ctrl,25,56,26.866666666666667,-0.5716567635536194,0.09507848528250566
UBFC_PHYS_s17_T3_ctrl,25,57,26.9,-0.598158061504364,0.00663717765443058
UBFC_PHYS_s17_T3_ctrl,25,58,26.933333333333334,-0.4791247248649597,-0.06175806329621707
UBFC_PHYS_s17_T3_ctrl,25,59,26.966666666666665,-0.2695609927177429,-0.1168907730736657
UBFC_PHYS_s17_T3_ctrl,25,60,27.0,-0.015750452876091003,-0.1658656247794446
UBFC_PHYS_s17_T3_ctrl,25,61,27.033333333333335,0.1922447383403778,-0.21147403430397463
UBFC_PHYS_s17_T3_ctrl,25,62,27.066666666666666,0.2666683495044708,-0.25006234050754206
UBFC_PHYS_s17_T3_ctrl,25,63,27.1,0.25124049186706543,-0.27290702545670875
UBFC_PHYS_s17_T3_ctrl,25,64,27.133333333333333,0.2567303776741028,-0.27060263071326046
UBFC_PHYS_s17_T3_ctrl,25,65,27.166666666666668,0.2943284809589386,-0.23844744270409596
UBFC_PHYS_s17_T3_ctrl,25,66,27.2,0.27252110838890076,-0.18016985220306617
UBFC_PHYS_s17_T3_ctrl,25,67,27.233333333333334,0.12573403120040894,-0.10803772947069214
UBFC_PHYS_s17_T3_ctrl,25,68,27.266666666666666,-0.07482815533876419,-0.03918049264658609
UBFC_PHYS_s17_T3_ctrl,25,69,27.3,-0.12404982000589371,0.01019221553584441
UBFC_PHYS_s17_T3_ctrl,25,70,27.333333333333332,0.09328635782003403,0.03011869578733148
UBFC_PHYS_s17_T3_ctrl,25,71,27.366666666666667,0.45564210414886475,0.019641823979791688
UBFC_PHYS_s17_T3_ctrl,25,72,27.4,0.7614836096763611,-0.013743781099269546
UBFC_PHYS_s17_T3_ctrl,25,73,27.433333333333334,0.9307453036308289,-0.057191279743534336
UBFC_PHYS_s17_T3_ctrl,25,74,27.466666666666665,0.9695724248886108,-0.09654901037838899
UBFC_PHYS_s17_T3_ctrl,25,75,27.5,0.8795453906059265,-0.11987856027262123
UBFC_PHYS_s17_T3_ctrl,25,76,27.533333333333335,0.6978759169578552,-0.11976226918027909
UBFC_PHYS_s17_T3_ctrl,25,77,27.566666666666666,0.5209119915962219,-0.09444461810270302
UBFC_PHYS_s17_T3_ctrl,25,78,27.6,0.40698230266571045,-0.047966902582048596
UBFC_PHYS_s17_T3_ctrl,25,79,27.633333333333333,0.3511704206466675,0.010816796130697835
UBFC_PHYS_s17_T3_ctrl,25,80,27.666666666666668,0.3532657027244568,0.07052159116265586
UBFC_PHYS_s17_T3_ctrl,25,81,27.7,0.4197998344898224,0.12045044759822134
UBFC_PHYS_s17_T3_ctrl,25,82,27.733333333333334,0.48560819029808044,0.15349505587975515
UBFC_PHYS_s17_T3_ctrl,25,83,27.766666666666666,0.4647255539894104,0.16731845680308405
UBFC_PHYS_s17_T3_ctrl,25,84,27.8,0.3848939836025238,0.1635798224014174
UBFC_PHYS_s17_T3_ctrl,25,85,27.833333333333332,0.3246457278728485,0.14626728871633085
UBFC_PHYS_s17_T3_ctrl,25,86,27.866666666666667,0.27390235662460327,0.12034530384358486
UBFC_PHYS_s17_T3_ctrl,25,87,27.9,0.16495919227600098,0.09107810475588965
UBFC_PHYS_s17_T3_ctrl,25,88,27.933333333333334,-0.02358143962919712,0.06353653857900193
UBFC_PHYS_s17_T3_ctrl,25,89,27.966666666666665,-0.21510697901248932,0.04169588815164974
UBFC_PHYS_s17_T3_ctrl,25,90,28.0,-0.26595571637153625,0.027244491816678908
UBFC_PHYS_s17_T3_ctrl,25,91,28.033333333333335,-0.10594139993190765,0.018895473768307042
UBFC_PHYS_s17_T3_ctrl,25,92,28.066666666666666,0.13891443610191345,0.012847347845613595
UBFC_PHYS_s17_T3_ctrl,25,93,28.1,0.325757771730423,0.00431273569271805
UBFC_PHYS_s17_T3_ctrl,25,94,28.133333333333333,0.45297324657440186,-0.010585418495877021
UBFC_PHYS_s17_T3_ctrl,25,95,28.166666666666668,0.5682958960533142,-0.033375408528018305
UBFC_PHYS_s17_T3_ctrl,25,96,28.2,0.6344320178031921,-0.06272110043280639
UBFC_PHYS_s17_T3_ctrl,25,97,28.233333333333334,0.5847421288490295,-0.09480167466051738
UBFC_PHYS_s17_T3_ctrl,25,98,28.266666666666666,0.43392837047576904,-0.12428820389424514
UBFC_PHYS_s17_T3_ctrl,25,99,28.3,0.29625988006591797,-0.14559572826467726
UBFC_PHYS_s17_T3_ctrl,25,100,28.333333333333332,0.2774725556373596,-0.15415144222959018
UBFC_PHYS_s17_T3_ctrl,25,101,28.366666666666667,0.35253995656967163,-0.1474208164804384
UBFC_PHYS_s17_T3_ctrl,25,102,28.4,0.4055425226688385,-0.12538930809470217
UBFC_PHYS_s17_T3_ctrl,25,103,28.433333333333334,0.38950595259666443,-0.09034607258415318
UBFC_PHYS_s17_T3_ctrl,25,104,28.466666666666665,0.35846295952796936,-0.046218084322449775
UBFC_PHYS_s17_T3_ctrl,25,105,28.5,0.3703557550907135,0.00208748562588514
UBFC_PHYS_s17_T3_ctrl,25,106,28.533333333333335,0.44255533814430237,0.0491679393620768
UBFC_PHYS_s17_T3_ctrl,25,107,28.566666666666666,0.5388331413269043,0.0896513769001244
UBFC_PHYS_s17_T3_ctrl,25,108,28.6,0.5917654633522034,0.11895188054293013
UBFC_PHYS_s17_T3_ctrl,25,109,28.633333333333333,0.6198118329048157,0.13411822160920056
UBFC_PHYS_s17_T3_ctrl,25,110,28.666666666666668,0.7775903940200806,0.1344107126063649
UBFC_PHYS_s17_T3_ctrl,25,111,28.7,1.1056958436965942,0.12132328365150083
UBFC_PHYS_s17_T3_ctrl,25,112,28.733333333333334,1.3522255420684814,0.09810381544224395
UBFC_PHYS_s17_T3_ctrl,25,113,28.766666666666666,1.2825543880462646,0.06907974905313193
UBFC_PHYS_s17_T3_ctrl,25,114,28.8,1.0208191871643066,0.03902330542592633
UBFC_PHYS_s17_T3_ctrl,25,115,28.833333333333332,0.814111590385437,0.012565088976387882
UBFC_PHYS_s17_T3_ctrl,25,116,28.866666666666667,0.7454587817192078,-0.006428649486631977
UBFC_PHYS_s17_T3_ctrl,25,117,28.9,0.7824832797050476,-0.015514509405431122
UBFC_PHYS_s17_T3_ctrl,25,118,28.933333333333334,0.8470509052276611,-0.014214397358073614
UBFC_PHYS_s17_T3_ctrl,25,119,28.966666666666665,0.8401914834976196,-0.004200924526788019
UBFC_PHYS_s17_T3_ctrl,25,120,29.0,0.7123907208442688,0.011052469090627558
UBFC_PHYS_s17_T3_ctrl,25,121,29.033333333333335,0.44906359910964966,0.027107974865662823
UBFC_PHYS_s17_T3_ctrl,25,122,29.066666666666666,0.04701448604464531,0.039573948741520176
UBFC_PHYS_s17_T3_ctrl,25,123,29.1,-0.4300552308559418,0.044947850811510946
UBFC_PHYS_s17_T3_ctrl,25,124,29.133333333333333,-0.8779782056808472,0.041216646055369996
UBFC_PHYS_s17_T3_ctrl,25,125,29.166666666666668,-1.2857396602630615,0.028284118217628718
UBFC_PHYS_s17_T3_ctrl,25,126,29.2,-1.7732974290847778,0.008060533591130823
UBFC_PHYS_s17_T3_ctrl,25,127,29.233333333333334,-2.480860471725464,-0.016088705595227227
UBFC_PHYS_s17_T3_ctrl,25,128,29.266666666666666,-3.2181551456451416,-0.04046727625883993
UBFC_PHYS_s17_T3_ctrl,25,129,29.3,-3.3675878047943115,-0.062206410000864264
UBFC_PHYS_s17_T3_ctrl,25,130,29.333333333333332,-2.704798460006714,-0.07989455867652671
UBFC_PHYS_s17_T3_ctrl,25,131,29.366666666666667,-1.7662039995193481,-0.0934614752208341
UBFC_PHYS_s17_T3_ctrl,25,132,29.4,-1.0777093172073364,-0.10347854151980707
UBFC_PHYS_s17_T3_ctrl,25,133,29.433333333333334,-0.6326424479484558,-0.11030208601488439
UBFC_PHYS_s17_T3_ctrl,25,134,29.466666666666665,-0.28866440057754517,-0.11357837304559076
UBFC_PHYS_s17_T3_ctrl,25,135,29.5,-0.0032840867061167955,-0.11243603768459634
UBFC_PHYS_s17_T3_ctrl,25,136,29.533333333333335,0.32161402702331543,-0.10623534842059684
UBFC_PHYS_s17_T3_ctrl,25,137,29.566666666666666,0.7499887943267822,-0.09532535678081233
UBFC_PHYS_s17_T3_ctrl,25,138,29.6,1.1817933320999146,-0.08119509107464415
UBFC_PHYS_s17_T3_ctrl,25,139,29.633333333333333,1.5110809803009033,-0.06574445921017383
UBFC_PHYS_s17_T3_ctrl,25,140,29.666666666666668,1.8034026622772217,-0.04996761034760426
UBFC_PHYS_s17_T3_ctrl,25,141,29.7,2.166214942932129,-0.03284442702542062
UBFC_PHYS_s17_T3_ctrl,25,142,29.733333333333334,2.505030870437622,-0.011352314446731251
UBFC_PHYS_s17_T3_ctrl,25,143,29.766666666666666,2.572747230529785,0.01800372598907711
UBFC_PHYS_s17_T3_ctrl,25,144,29.8,2.195396661758423,0.05674199309208403
UBFC_PHYS_s17_T3_ctrl,25,145,29.833333333333332,1.3399815559387207,0.10240089090337991
UBFC_PHYS_s17_T3_ctrl,25,146,29.866666666666667,0.15980876982212067,0.14824187705444514
UBFC_PHYS_s17_T3_ctrl,25,147,29.9,-0.9419137239456177,0.18501004722537964
UBFC_PHYS_s17_T3_ctrl,25,148,29.933333333333334,-1.5871915817260742,0.20397929527295686
UBFC_PHYS_s17_T3_ctrl,25,149,29.966666666666665,-1.760819435119629,0.19990733446219439
UBFC_PHYS_s17_T3_ctrl,25,150,30.0,-1.6808005571365356,0.1727838479133833
UBFC_PHYS_s17_T3_ctrl,25,151,30.033333333333335,-1.4912649393081665,0.12791041497896005
UBFC_PHYS_s17_T3_ctrl,25,152,30.066666666666666,-1.2820757627487183,0.07435517941060117
UBFC_PHYS_s17_T3_ctrl,25,153,30.1,-1.1150381565093994,0.022255880805241376
UBFC_PHYS_s17_T3_ctrl,25,154,30.133333333333333,-0.9061884880065918,-0.020056768585079134
UBFC_PHYS_s17_T3_ctrl,25,155,30.166666666666668,-0.5406839847564697,-0.04796001301979868
UBFC_PHYS_s17_T3_ctrl,25,156,30.2,-0.10484108328819275,-0.060790811077786625
UBFC_PHYS_s17_T3_ctrl,25,157,30.233333333333334,0.1842498630285263,-0.060663279441831405
UBFC_PHYS_s17_T3_ctrl,25,158,30.266666666666666,0.19632995128631592,-0.05078127144899209
UBFC_PHYS_s17_T3_ctrl,25,159,30.3,0.08584165573120117,-0.03422746794760515
UBFC_PHYS_s17_T3_ctrl,25,160,30.333333333333332,0.26992249488830566,-0.013578727953693675
UBFC_PHYS_s17_T3_ctrl,25,161,30.366666666666667,0.898215651512146,0.00896959452803073
UBFC_PHYS_s17_T3_ctrl,25,162,30.4,1.5507978200912476,0.03139642753790953
UBFC_PHYS_s17_T3_ctrl,25,163,30.433333333333334,1.8334273099899292,0.0516914272467366
UBFC_PHYS_s17_T3_ctrl,25,164,30.466666666666665,1.8148740530014038,0.06763729259155697
UBFC_PHYS_s17_T3_ctrl,25,165,30.5,1.6076865196228027,0.07656431612620455
UBFC_PHYS_s17_T3_ctrl,25,166,30.533333333333335,1.159623146057129,0.07543224858923467
UBFC_PHYS_s17_T3_ctrl,25,167,30.566666666666666,0.6134674549102783,0.06154377600462485
UBFC_PHYS_s17_T3_ctrl,25,168,30.6,0.1915072798728943,0.033555704791559865
UBFC_PHYS_s17_T3_ctrl,25,169,30.633333333333333,-0.0908529981970787,-0.007946161607915014
UBFC_PHYS_s17_T3_ctrl,25,170,30.666666666666668,-0.30768585205078125,-0.0605855272717179
UBFC_PHYS_s17_T3_ctrl,25,171,30.7,-0.43757015466690063,-0.12075472691719834
UBFC_PHYS_s17_T3_ctrl,25,172,30.733333333333334,-0.46874192357063293,-0.18437836421722673
UBFC_PHYS_s17_T3_ctrl,25,173,30.766666666666666,-0.49720972776412964,-0.24782009009353467
UBFC_PHYS_s17_T3_ctrl,25,174,30.8,-0.5834442377090454,-0.3084821684301878
UBFC_PHYS_s17_T3_ctrl,25,175,30.833333333333332,-0.6654061675071716,-0.3643334346949734
UBFC_PHYS_s17_T3_ctrl,25,176,30.866666666666667,-0.695325493812561,-0.4121167183129688
UBFC_PHYS_s17_T3_ctrl,25,177,30.9,-0.718923807144165,-0.4450360165721611
UBFC_PHYS_s17_T3_ctrl,25,178,30.933333333333334,-0.786558210849762,-0.45150131931275167
UBFC_PHYS_s17_T3_ctrl,25,179,30.966666666666665,-0.8716455698013306,-0.4164549084178912
UBFC_PHYS_s17_T3_ctrl,25,180,31.0,-0.9171916842460632,-0.32580089744497753
UBFC_PHYS_s17_T3_ctrl,25,181,31.033333333333335,-0.9000665545463562,-0.17289302518298683
UBFC_PHYS_s17_T3_ctrl,25,182,31.066666666666666,-0.8342932462692261,0.03539720609417228
UBFC_PHYS_s17_T3_ctrl,25,183,31.1,-0.7387646436691284,0.27608695463703475
UBFC_PHYS_s17_T3_ctrl,25,184,31.133333333333333,-0.6352996230125427,0.5132207598014497
UBFC_PHYS_s17_T3_ctrl,25,185,31.166666666666668,-0.5433762669563293,0.706733099868203
UBFC_PHYS_s17_T3_ctrl,25,186,31.2,-0.4693154990673065,0.8240790303034338
UBFC_PHYS_s17_T3_ctrl,25,187,31.233333333333334,-0.4109284281730652,0.8498720766931452
UBFC_PHYS_s17_T3_ctrl,25,188,31.266666666666666,-0.3680628538131714,0.7894856854557418
UBFC_PHYS_s17_T3_ctrl,25,189,31.3,-0.35385236144065857,0.6653741314222706
UBFC_PHYS_s17_T3_ctrl,25,190,31.333333333333332,-0.3698420822620392,0.5081538091451638
UBFC_PHYS_s17_T3_ctrl,25,191,31.366666666666667,-0.3779071867465973,0.3465437068050358
UBFC_PHYS_s17_T3_ctrl,25,192,31.4,-0.34756651520729065,0.20013629650553774
UBFC_PHYS_s17_T3_ctrl,25,193,31.433333333333334,-0.32072576880455017,0.07705900236912665
UBFC_PHYS_s17_T3_ctrl,25,194,31.466666666666665,-0.3436100482940674,-0.023870838863724063
UBFC_PHYS_s17_T3_ctrl,25,195,31.5,-0.38008442521095276,-0.10858985600199386
UBFC_PHYS_s17_T3_ctrl,25,196,31.533333333333335,-0.38051751255989075,-0.18318652530049553
UBFC_PHYS_s17_T3_ctrl,25,197,31.566666666666666,-0.36043086647987366,-0.25085583882443274
UBFC_PHYS_s17_T3_ctrl,25,198,31.6,-0.3379445970058441,-0.3110330736666007
UBFC_PHYS_s17_T3_ctrl,25,199,31.633333333333333,-0.30768585205078125,-0.3604790614958859
UBFC_PHYS_s17_T3_ctrl,25,200,31.666666666666668,-0.2862647473812103,-0.3954786670944909
UBFC_PHYS_s17_T3_ctrl,25,201,31.7,-0.2961207926273346,-0.41410233791085915
UBFC_PHYS_s17_T3_ctrl,25,202,31.733333333333334,-0.3183729648590088,-0.4177146155994443
UBFC_PHYS_s17_T3_ctrl,25,203,31.766666666666666,-0.32189634442329407,-0.4113792810787016
UBFC_PHYS_s17_T3_ctrl,25,204,31.8,-0.3140653371810913,-0.4031903749563287
UBFC_PHYS_s17_T3_ctrl,25,205,31.833333333333332,-0.3082125782966614,-0.4026146176779234
UBFC_PHYS_s17_T3_ctrl,25,206,31.866666666666667,-0.2909586727619171,-0.4177750065649953
UBFC_PHYS_s17_T3_ctrl,25,207,31.9,-0.2585812211036682,-0.4518135200709743
UBFC_PHYS_s17_T3_ctrl,25,208,31.933333333333334,-0.22745628654956818,-0.4993111741122089
UBFC_PHYS_s17_T3_ctrl,25,209,31.966666666666665,-0.20488806068897247,-0.5445302701381683
UBFC_PHYS_s17_T3_ctrl,25,210,32.0,-0.1848365217447281,-0.5631296161161281
UBFC_PHYS_s17_T3_ctrl,25,211,32.03333333333333,-0.1550811231136322,-0.5278697262206281
UBFC_PHYS_s17_T3_ctrl,25,212,32.06666666666667,-0.10275749862194061,-0.41713277053276393
UBFC_PHYS_s17_T3_ctrl,25,213,32.1,-0.03193917125463486,-0.22352986911740844
UBFC_PHYS_s17_T3_ctrl,25,214,32.13333333333333,0.0398741252720356,0.040797266368642754
UBFC_PHYS_s17_T3_ctrl,25,215,32.166666666666664,0.11652179807424545,0.34479361013330045
UBFC_PHYS_s17_T3_ctrl,25,216,32.2,0.21313907206058502,0.6454586098239005
UBFC_PHYS_s17_T3_ctrl,25,217,32.233333333333334,0.3081643879413605,0.8989185366145434
UBFC_PHYS_s17_T3_ctrl,25,218,32.266666666666666,0.33287471532821655,1.0715033783501615
UBFC_PHYS_s17_T3_ctrl,25,219,32.3,0.235683873295784,1.1468142979548919
UBFC_PHYS_s17_T3_ctrl,25,220,32.333333333333336,0.041372429579496384,1.1268795690380076
UBFC_PHYS_s17_T3_ctrl,25,221,32.36666666666667,-0.16820299625396729,1.0281874934308628
UBFC_PHYS_s17_T3_ctrl,25,222,32.4,-0.31782281398773193,0.8750185188262145
UBFC_PHYS_s17_T3_ctrl,25,223,32.43333333333333,-0.3799556493759155,0.6926262385870342
UBFC_PHYS_s17_T3_ctrl,25,224,32.46666666666667,-0.3659324645996094,0.5019419356065191
UBFC_PHYS_s17_T3_ctrl,25,225,32.5,-0.3058129549026489,0.31648465469977666
UBFC_PHYS_s17_T3_ctrl,25,226,32.53333333333333,-0.2295047491788864,0.14163399280848377
UBFC_PHYS_s17_T3_ctrl,25,227,32.56666666666667,-0.153372123837471,-0.023848545176694446
UBFC_PHYS_s17_T3_ctrl,25,228,32.6,-0.08721258491277695,-0.1845810362821963
UBFC_PHYS_s17_T3_ctrl,25,229,32.63333333333333,-0.042918939143419266,-0.344595708735877
UBFC_PHYS_s17_T3_ctrl,25,230,32.666666666666664,-0.02546602673828602,-0.5038322790294453
UBFC_PHYS_s17_T3_ctrl,25,231,32.7,-0.027760306373238564,-0.6561099659063473
UBFC_PHYS_s17_T3_ctrl,25,232,32.733333333333334,-0.03371841087937355,-0.7891491704511928
UBFC_PHYS_s17_T3_ctrl,25,233,32.766666666666666,-0.027151620015501976,-0.8866547125931674
UBFC_PHYS_s17_T3_ctrl,25,234,32.8,-0.006971322000026703,-0.9319624070062396
UBFC_PHYS_s17_T3_ctrl,25,235,32.833333333333336,0.023521527647972107,-0.9123480633981487
UBFC_PHYS_s17_T3_ctrl,25,236,32.86666666666667,0.06794393062591553,-0.8228459260595014
UBFC_PHYS_s17_T3_ctrl,25,237,32.9,0.10554202646017075,-0.6684300344136762
UBFC_PHYS_s17_T3_ctrl,25,238,32.93333333333333,0.09422279894351959,-0.46381374516479684
UBFC_PHYS_s17_T3_ctrl,25,239,32.96666666666667,0.03850457817316055,-0.23100136870635662
UBFC_PHYS_s17_T3_ctrl,26,0,26.0,0.5987887382507324,-0.1163875969820525
UBFC_PHYS_s17_T3_ctrl,26,1,26.033333333333335,1.4422876834869385,0.09173506169471085
UBFC_PHYS_s17_T3_ctrl,26,2,26.066666666666666,2.10250186920166,0.2841537359358646
UBFC_PHYS_s17_T3_ctrl,26,3,26.1,2.448341131210327,0.4456340471459851
UBFC_PHYS_s17_T3_ctrl,26,4,26.133333333333333,2.5404751300811768,0.5641406320100951
UBFC_PHYS_s17_T3_ctrl,26,5,26.166666666666668,2.3741047382354736,0.6322756844328037
UBFC_PHYS_s17_T3_ctrl,26,6,26.2,1.9130598306655884,0.6475665340811672
UBFC_PHYS_s17_T3_ctrl,26,7,26.233333333333334,1.2219783067703247,0.6116959740560427
UBFC_PHYS_s17_T3_ctrl,26,8,26.266666666666666,0.4067598879337311,0.529479398320087
UBFC_PHYS_s17_T3_ctrl,26,9,26.3,-0.4804123342037201,0.4084294540848579
UBFC_PHYS_s17_T3_ctrl,26,10,26.333333333333332,-1.396883487701416,0.25931445621557303
UBFC_PHYS_s17_T3_ctrl,26,11,26.366666666666667,-2.2355947494506836,0.0973147004248814
UBFC_PHYS_s17_T3_ctrl,26,12,26.4,-2.8560805320739746,-0.05748967136690435
UBFC_PHYS_s17_T3_ctrl,26,13,26.433333333333334,-3.1694018840789795,-0.18177830103352544
UBFC_PHYS_s17_T3_ctrl,26,14,26.466666666666665,-3.1789650917053223,-0.2533681199621574
UBFC_PHYS_s17_T3_ctrl,26,15,26.5,-2.997319221496582,-0.2572713902979585
UBFC_PHYS_s17_T3_ctrl,26,16,26.533333333333335,-2.794813871383667,-0.19104092932677225
UBFC_PHYS_s17_T3_ctrl,26,17,26.566666666666666,-2.616269588470459,-0.0668201528958869
UBFC_PHYS_s17_T3_ctrl,26,18,26.6,-2.317744016647339,0.0911925992524439
UBFC_PHYS_s17_T3_ctrl,26,19,26.633333333333333,-1.7804027795791626,0.2530500688980085
UBFC_PHYS_s17_T3_ctrl,26,20,26.666666666666668,-1.108986496925354,0.39057222441601186
UBFC_PHYS_s17_T3_ctrl,26,21,26.7,-0.5448862910270691,0.48316046847955985
UBFC_PHYS_s17_T3_ctrl,26,22,26.733333333333334,-0.23176391422748566,0.5202565260128998
UBFC_PHYS_s17_T3_ctrl,26,23,26.766666666666666,-0.1502467542886734,0.5006701705356865
UBFC_PHYS_s17_T3_ctrl,26,24,26.8,-0.23101475834846497,0.4302489698606043
UBFC_PHYS_s17_T3_ctrl,26,25,26.833333333333332,-0.4099334478378296,0.319497497311447
UBFC_PHYS_s17_T3_ctrl,26,26,26.866666666666667,-0.5716567635536194,0.18197211030004867
UBFC_PHYS_s17_T3_ctrl,26,27,26.9,-0.598158061504364,0.033146940870718976
UBFC_PHYS_s17_T3_ctrl,26,28,26.933333333333334,-0.4791247248649597,-0.11124098149974355
UBFC_PHYS_s17_T3_ctrl,26,29,26.966666666666665,-0.2695609927177429,-0.23780879265058422
UBFC_PHYS_s17_T3_ctrl,26,30,27.0,-0.015750452876091003,-0.33798876380644766
UBFC_PHYS_s17_T3_ctrl,26,31,27.033333333333335,0.1922447383403778,-0.4085185651847934
UBFC_PHYS_s17_T3_ctrl,26,32,27.066666666666666,0.2666683495044708,-0.44954414519758074
UBFC_PHYS_s17_T3_ctrl,26,33,27.1,0.25124049186706543,-0.4619623291964155
UBFC_PHYS_s17_T3_ctrl,26,34,27.133333333333333,0.2567303776741028,-0.44623213834515635
UBFC_PHYS_s17_T3_ctrl,26,35,27.166666666666668,0.2943284809589386,-0.4036271815384414
UBFC_PHYS_s17_T3_ctrl,26,36,27.2,0.27252110838890076,-0.33881902266105995
UBFC_PHYS_s17_T3_ctrl,26,37,27.233333333333334,0.12573403120040894,-0.2614668500116408
UBFC_PHYS_s17_T3_ctrl,26,38,27.266666666666666,-0.07482815533876419,-0.18515981911049953
UBFC_PHYS_s17_T3_ctrl,26,39,27.3,-0.12404982000589371,-0.1238841243241543
UBFC_PHYS_s17_T3_ctrl,26,40,27.333333333333332,0.09328635782003403,-0.08771564756864213
UBFC_PHYS_s17_T3_ctrl,26,41,27.366666666666667,0.45564210414886475,-0.07978287760617019
UBFC_PHYS_s17_T3_ctrl,26,42,27.4,0.7614836096763611,-0.09566178120208887
UBFC_PHYS_s17_T3_ctrl,26,43,27.433333333333334,0.9307453036308289,-0.1250231616589836
UBFC_PHYS_s17_T3_ctrl,26,44,27.466666666666665,0.9695724248886108,-0.15447848576880072
UBFC_PHYS_s17_T3_ctrl,26,45,27.5,0.8795453906059265,-0.17055844923328303
UBFC_PHYS_s17_T3_ctrl,26,46,27.533333333333335,0.6978759169578552,-0.16236026816654375
UBFC_PHYS_s17_T3_ctrl,26,47,27.566666666666666,0.5209119915962219,-0.12385089893386558
UBFC_PHYS_s17_T3_ctrl,26,48,27.6,0.40698230266571045,-0.05559650814904442
UBFC_PHYS_s17_T3_ctrl,26,49,27.633333333333333,0.3511704206466675,0.034824749030191636
UBFC_PHYS_s17_T3_ctrl,26,50,27.666666666666668,0.3532657027244568,0.1345161590438588
UBFC_PHYS_s17_T3_ctrl,26,51,27.7,0.4197998344898224,0.22895361367018088
UBFC_PHYS_s17_T3_ctrl,26,52,27.733333333333334,0.48560819029808044,0.30611802734572674
UBFC_PHYS_s17_T3_ctrl,26,53,27.766666666666666,0.4647255539894104,0.3590070604935709
UBFC_PHYS_s17_T3_ctrl,26,54,27.8,0.3848939836025238,0.38573225336741657
UBFC_PHYS_s17_T3_ctrl,26,55,27.833333333333332,0.3246457278728485,0.3881050782429143
UBFC_PHYS_s17_T3_ctrl,26,56,27.866666666666667,0.27390235662460327,0.37008022141196284
UBFC_PHYS_s17_T3_ctrl,26,57,27.9,0.16495919227600098,0.3366543567253431
UBFC_PHYS_s17_T3_ctrl,26,58,27.933333333333334,-0.02358143962919712,0.2928631613386681
UBFC_PHYS_s17_T3_ctrl,26,59,27.966666666666665,-0.21510697901248932,0.24244711845764874
UBFC_PHYS_s17_T3_ctrl,26,60,28.0,-0.26595571637153625,0.18669146001246248
UBFC_PHYS_s17_T3_ctrl,26,61,28.033333333333335,-0.10594139993190765,0.12451039409671011
UBFC_PHYS_s17_T3_ctrl,26,62,28.066666666666666,0.13891443610191345,0.05401841324822664
UBFC_PHYS_s17_T3_ctrl,26,63,28.1,0.325757771730423,-0.025347109416399657
UBFC_PHYS_s17_T3_ctrl,26,64,28.133333333333333,0.45297324657440186,-0.1112647639062061
UBFC_PHYS_s17_T3_ctrl,26,65,28.166666666666668,0.5682958960533142,-0.19803169780666938
UBFC_PHYS_s17_T3_ctrl,26,66,28.2,0.6344320178031921,-0.27708580370961267
UBFC_PHYS_s17_T3_ctrl,26,67,28.233333333333334,0.5847421288490295,-0.3383275952549723
UBFC_PHYS_s17_T3_ctrl,26,68,28.266666666666666,0.43392837047576904,-0.37206769628857134
UBFC_PHYS_s17_T3_ctrl,26,69,28.3,0.29625988006591797,-0.37138019783653975
UBFC_PHYS_s17_T3_ctrl,26,70,28.333333333333332,0.2774725556373596,-0.33433975918978986
UBFC_PHYS_s17_T3_ctrl,26,71,28.366666666666667,0.35253995656967163,-0.26528558168546357
UBFC_PHYS_s17_T3_ctrl,26,72,28.4,0.4055425226688385,-0.17428903375586616
UBFC_PHYS_s17_T3_ctrl,26,73,28.433333333333334,0.38950595259666443,-0.07467481567248745
UBFC_PHYS_s17_T3_ctrl,26,74,28.466666666666665,0.35846295952796936,0.020467602033408472
UBFC_PHYS_s17_T3_ctrl,26,75,28.5,0.3703557550907135,0.10124088152683006
UBFC_PHYS_s17_T3_ctrl,26,76,28.533333333333335,0.44255533814430237,0.16229603460118144
UBFC_PHYS_s17_T3_ctrl,26,77,28.566666666666666,0.5388331413269043,0.2024960124643709
UBFC_PHYS_s17_T3_ctrl,26,78,28.6,0.5917654633522034,0.22344740214621425
UBFC_PHYS_s17_T3_ctrl,26,79,28.633333333333333,0.6198118329048157,0.227692274463963
UBFC_PHYS_s17_T3_ctrl,26,80,28.666666666666668,0.7775903940200806,0.21735715031080718
UBFC_PHYS_s17_T3_ctrl,26,81,28.7,1.1056958436965942,0.19377222632055313
UBFC_PHYS_s17_T3_ctrl,26,82,28.733333333333334,1.3522255420684814,0.15800445110316885
UBFC_PHYS_s17_T3_ctrl,26,83,28.766666666666666,1.2825543880462646,0.11178272576059618
UBFC_PHYS_s17_T3_ctrl,26,84,28.8,1.0208191871643066,0.058260661960526906
UBFC_PHYS_s17_T3_ctrl,26,85,28.833333333333332,0.814111590385437,0.002301704991207901
UBFC_PHYS_s17_T3_ctrl,26,86,28.866666666666667,0.7454587817192078,-0.04981978376148103
UBFC_PHYS_s17_T3_ctrl,26,87,28.9,0.7824832797050476,-0.09128399750349082
UBFC_PHYS_s17_T3_ctrl,26,88,28.933333333333334,0.8470509052276611,-0.11602575688912242
UBFC_PHYS_s17_T3_ctrl,26,89,28.966666666666665,0.8401914834976196,-0.12020613893262508
UBFC_PHYS_s17_T3_ctrl,26,90,29.0,0.7123907208442688,-0.10347188201854929
UBFC_PHYS_s17_T3_ctrl,26,91,29.033333333333335,0.44906359910964966,-0.06956485784203427
UBFC_PHYS_s17_T3_ctrl,26,92,29.066666666666666,0.04701448604464531,-0.02592253383533655
UBFC_PHYS_s17_T3_ctrl,26,93,29.1,-0.4300552308559418,0.017837315821252357
UBFC_PHYS_s17_T3_ctrl,26,94,29.133333333333333,-0.8779782056808472,0.05225392005355572
UBFC_PHYS_s17_T3_ctrl,26,95,29.166666666666668,-1.2857396602630615,0.07045902327927729
UBFC_PHYS_s17_T3_ctrl,26,96,29.2,-1.7732974290847778,0.06976232764450101
UBFC_PHYS_s17_T3_ctrl,26,97,29.233333333333334,-2.480860471725464,0.05173499403438394
UBFC_PHYS_s17_T3_ctrl,26,98,29.266666666666666,-3.2181551456451416,0.02094619022557925
UBFC_PHYS_s17_T3_ctrl,26,99,29.3,-3.3675878047943115,-0.01680237557200893
UBFC_PHYS_s17_T3_ctrl,26,100,29.333333333333332,-2.704798460006714,-0.05588601562400016
UBFC_PHYS_s17_T3_ctrl,26,101,29.366666666666667,-1.7662039995193481,-0.09154832685179717
UBFC_PHYS_s17_T3_ctrl,26,102,29.4,-1.0777093172073364,-0.12003138283824653
UBFC_PHYS_s17_T3_ctrl,26,103,29.433333333333334,-0.6326424479484558,-0.13856894916363935
UBFC_PHYS_s17_T3_ctrl,26,104,29.466666666666665,-0.28866440057754517,-0.14560921948091848
UBFC_PHYS_s17_T3_ctrl,26,105,29.5,-0.0032840867061167955,-0.14130008454265192
UBFC_PHYS_s17_T3_ctrl,26,106,29.533333333333335,0.32161402702331543,-0.1278591101091979
UBFC_PHYS_s17_T3_ctrl,26,107,29.566666666666666,0.7499887943267822,-0.10929075095358136
UBFC_PHYS_s17_T3_ctrl,26,108,29.6,1.1817933320999146,-0.09019583838160618
UBFC_PHYS_s17_T3_ctrl,26,109,29.633333333333333,1.5110809803009033,-0.07397423668783085
UBFC_PHYS_s17_T3_ctrl,26,110,29.666666666666668,1.8034026622772217,-0.06119515045781528
UBFC_PHYS_s17_T3_ctrl,26,111,29.7,2.166214942932129,-0.04900137005426803
UBFC_PHYS_s17_T3_ctrl,26,112,29.733333333333334,2.505030870437622,-0.03202520105729936
UBFC_PHYS_s17_T3_ctrl,26,113,29.766666666666666,2.572747230529785,-0.004608682854091908
UBFC_PHYS_s17_T3_ctrl,26,114,29.8,2.195396661758423,0.036522325845856664
UBFC_PHYS_s17_T3_ctrl,26,115,29.833333333333332,1.3399815559387207,0.09026468156590017
UBFC_PHYS_s17_T3_ctrl,26,116,29.866666666666667,0.15980876982212067,0.15071498445718742
UBFC_PHYS_s17_T3_ctrl,26,117,29.9,-0.9419137239456177,0.2084995618588323
UBFC_PHYS_s17_T3_ctrl,26,118,29.933333333333334,-1.5871915817260742,0.2532268630161717
UBFC_PHYS_s17_T3_ctrl,26,119,29.966666666666665,-1.760819435119629,0.2761148370914887
UBFC_PHYS_s17_T3_ctrl,26,120,30.0,-1.6808005571365356,0.2722055537506712
UBFC_PHYS_s17_T3_ctrl,26,121,30.033333333333335,-1.4912649393081665,0.24187814746077035
UBFC_PHYS_s17_T3_ctrl,26,122,30.066666666666666,-1.2820757627487183,0.19111515445915483
UBFC_PHYS_s17_T3_ctrl,26,123,30.1,-1.1150381565093994,0.1299513523597636
UBFC_PHYS_s17_T3_ctrl,26,124,30.133333333333333,-0.9061884880065918,0.06940849794861409
UBFC_PHYS_s17_T3_ctrl,26,125,30.166666666666668,-0.5406839847564697,0.018190249467563202
UBFC_PHYS_s17_T3_ctrl,26,126,30.2,-0.10484108328819275,-0.019514448745221815
UBFC_PHYS_s17_T3_ctrl,26,127,30.233333333333334,0.1842498630285263,-0.044401202214919805
UBFC_PHYS_s17_T3_ctrl,26,128,30.266666666666666,0.19632995128631592,-0.06058741089701678
UBFC_PHYS_s17_T3_ctrl,26,129,30.3,0.08584165573120117,-0.07296234926088838
UBFC_PHYS_s17_T3_ctrl,26,130,30.333333333333332,0.26992249488830566,-0.08453288302917207
UBFC_PHYS_s17_T3_ctrl,26,131,30.366666666666667,0.898215651512146,-0.09498112670388259
UBFC_PHYS_s17_T3_ctrl,26,132,30.4,1.5507978200912476,-0.10098955138430919
UBFC_PHYS_s17_T3_ctrl,26,133,30.433333333333334,1.8334273099899292,-0.0980317917220984
UBFC_PHYS_s17_T3_ctrl,26,134,30.466666666666665,1.8148740530014038,-0.08283476704767082
UBFC_PHYS_s17_T3_ctrl,26,135,30.5,1.6076865196228027,-0.05557844070873376
UBFC_PHYS_s17_T3_ctrl,26,136,30.533333333333335,1.159623146057129,-0.020950397245401712
UBFC_PHYS_s17_T3_ctrl,26,137,30.566666666666666,0.6134674549102783,0.012440873764568467
UBFC_PHYS_s17_T3_ctrl,26,138,30.6,0.1915072798728943,0.03405670582416328
UBFC_PHYS_s17_T3_ctrl,26,139,30.633333333333333,-0.0908529981970787,0.03404077699716472
UBFC_PHYS_s17_T3_ctrl,26,140,30.666666666666668,-0.30768585205078125,0.005689659541071449
UBFC_PHYS_s17_T3_ctrl,26,141,30.7,-0.43757015466690063,-0.052827607742044244
UBFC_PHYS_s17_T3_ctrl,26,142,30.733333333333334,-0.46874192357063293,-0.13813603336126956
UBFC_PHYS_s17_T3_ctrl,26,143,30.766666666666666,-0.49720972776412964,-0.24292092261011916
UBFC_PHYS_s17_T3_ctrl,26,144,30.8,-0.5834442377090454,-0.35784718620962874
UBFC_PHYS_s17_T3_ctrl,26,145,30.833333333333332,-0.6654061675071716,-0.47248514621718296
UBFC_PHYS_s17_T3_ctrl,26,146,30.866666666666667,-0.695325493812561,-0.5744230048403683
UBFC_PHYS_s17_T3_ctrl,26,147,30.9,-0.718923807144165,-0.6474278544613775
UBFC_PHYS_s17_T3_ctrl,26,148,30.933333333333334,-0.786558210849762,-0.670704607889807
UBFC_PHYS_s17_T3_ctrl,26,149,30.966666666666665,-0.8716455698013306,-0.6212962149416278
UBFC_PHYS_s17_T3_ctrl,26,150,31.0,-0.9171916842460632,-0.4803999780114085
UBFC_PHYS_s17_T3_ctrl,26,151,31.033333333333335,-0.9000665545463562,-0.2421826493089903
UBFC_PHYS_s17_T3_ctrl,26,152,31.066666666666666,-0.8342932462692261,0.07851361941692893
UBFC_PHYS_s17_T3_ctrl,26,153,31.1,-0.7387646436691284,0.44389548188258743
UBFC_PHYS_s17_T3_ctrl,26,154,31.133333333333333,-0.6352996230125427,0.7990189906804243
UBFC_PHYS_s17_T3_ctrl,26,155,31.166666666666668,-0.5433762669563293,1.0848918592178576
UBFC_PHYS_s17_T3_ctrl,26,156,31.2,-0.4693154990673065,1.2545960452568083
UBFC_PHYS_s17_T3_ctrl,26,157,31.233333333333334,-0.4109284281730652,1.2863542414849667
UBFC_PHYS_s17_T3_ctrl,26,158,31.266666666666666,-0.3680628538131714,1.1884292707699124
UBFC_PHYS_s17_T3_ctrl,26,159,31.3,-0.35385236144065857,0.9940854535706414
UBFC_PHYS_s17_T3_ctrl,26,160,31.333333333333332,-0.3698420822620392,0.7490355964803227
UBFC_PHYS_s17_T3_ctrl,26,161,31.366666666666667,-0.3779071867465973,0.49682389001385563
UBFC_PHYS_s17_T3_ctrl,26,162,31.4,-0.34756651520729065,0.26796131550694113
UBFC_PHYS_s17_T3_ctrl,26,163,31.433333333333334,-0.32072576880455017,0.07625695516897663
UBFC_PHYS_s17_T3_ctrl,26,164,31.466666666666665,-0.3436100482940674,-0.07801384910294094
UBFC_PHYS_s17_T3_ctrl,26,165,31.5,-0.38008442521095276,-0.20144516726534373
UBFC_PHYS_s17_T3_ctrl,26,166,31.533333333333335,-0.38051751255989075,-0.3012513868157059
UBFC_PHYS_s17_T3_ctrl,26,167,31.566666666666666,-0.36043086647987366,-0.3819090511817884
UBFC_PHYS_s17_T3_ctrl,26,168,31.6,-0.3379445970058441,-0.44510362698319156
UBFC_PHYS_s17_T3_ctrl,26,169,31.633333333333333,-0.30768585205078125,-0.49175234456672084
UBFC_PHYS_s17_T3_ctrl,26,170,31.666666666666668,-0.2862647473812103,-0.524201809306601
UBFC_PHYS_s17_T3_ctrl,26,171,31.7,-0.2961207926273346,-0.547118531834698
UBFC_PHYS_s17_T3_ctrl,26,172,31.733333333333334,-0.3183729648590088,-0.5667307871353454
UBFC_PHYS_s17_T3_ctrl,26,173,31.766666666666666,-0.32189634442329407,-0.5891555993072788
UBFC_PHYS_s17_T3_ctrl,26,174,31.8,-0.3140653371810913,-0.6188639458474327
UBFC_PHYS_s17_T3_ctrl,26,175,31.833333333333332,-0.3082125782966614,-0.6577681767900314
UBFC_PHYS_s17_T3_ctrl,26,176,31.866666666666667,-0.2909586727619171,-0.7044895934795983
UBFC_PHYS_s17_T3_ctrl,26,177,31.9,-0.2585812211036682,-0.7531258975361758
UBFC_PHYS_s17_T3_ctrl,26,178,31.933333333333334,-0.22745628654956818,-0.7917706487207746
UBFC_PHYS_s17_T3_ctrl,26,179,31.966666666666665,-0.20488806068897247,-0.8022110148352037
UBFC_PHYS_s17_T3_ctrl,26,180,32.0,-0.1848365217447281,-0.7624133665692656
UBFC_PHYS_s17_T3_ctrl,26,181,32.03333333333333,-0.1550811231136322,-0.6523077369786537
UBFC_PHYS_s17_T3_ctrl,26,182,32.06666666666667,-0.10275749862194061,-0.4615207444125703
UBFC_PHYS_s17_T3_ctrl,26,183,32.1,-0.03193917125463486,-0.19598849014084146
UBFC_PHYS_s17_T3_ctrl,26,184,32.13333333333333,0.0398741252720356,0.12011903706812188
UBFC_PHYS_s17_T3_ctrl,26,185,32.166666666666664,0.11652179807424545,0.4490992885650936
UBFC_PHYS_s17_T3_ctrl,26,186,32.2,0.21313907206058502,0.7495874367831042
UBFC_PHYS_s17_T3_ctrl,26,187,32.233333333333334,0.3081643879413605,0.9873087458153968
UBFC_PHYS_s17_T3_ctrl,26,188,32.266666666666666,0.33287471532821655,1.142253538326118
UBFC_PHYS_s17_T3_ctrl,26,189,32.3,0.235683873295784,1.2100269472334642
UBFC_PHYS_s17_T3_ctrl,26,190,32.333333333333336,0.041372429579496384,1.198087971307449
UBFC_PHYS_s17_T3_ctrl,26,191,32.36666666666667,-0.16820299625396729,1.1197710750436094
UBFC_PHYS_s17_T3_ctrl,26,192,32.4,-0.31782281398773193,0.9894260020886498
UBFC_PHYS_s17_T3_ctrl,26,193,32.43333333333333,-0.3799556493759155,0.8206034368323777
UBFC_PHYS_s17_T3_ctrl,26,194,32.46666666666667,-0.3659324645996094,0.6268035605360937
UBFC_PHYS_s17_T3_ctrl,26,195,32.5,-0.3058129549026489,0.422521097230915
UBFC_PHYS_s17_T3_ctrl,26,196,32.53333333333333,-0.2295047491788864,0.2224363993019213
UBFC_PHYS_s17_T3_ctrl,26,197,32.56666666666667,-0.153372123837471,0.03851659291864092
UBFC_PHYS_s17_T3_ctrl,26,198,32.6,-0.08721258491277695,-0.12290331971522664
UBFC_PHYS_s17_T3_ctrl,26,199,32.63333333333333,-0.042918939143419266,-0.26144044459557947
UBFC_PHYS_s17_T3_ctrl,26,200,32.666666666666664,-0.02546602673828602,-0.37978792852436494
UBFC_PHYS_s17_T3_ctrl,26,201,32.7,-0.027760306373238564,-0.4795596752129752
UBFC_PHYS_s17_T3_ctrl,26,202,32.733333333333334,-0.03371841087937355,-0.5584242992794346
UBFC_PHYS_s17_T3_ctrl,26,203,32.766666666666666,-0.027151620015501976,-0.6099657206970076
UBFC_PHYS_s17_T3_ctrl,26,204,32.8,-0.006971322000026703,-0.6261207255742421
UBFC_PHYS_s17_T3_ctrl,26,205,32.833333333333336,0.023521527647972107,-0.600921655145828
UBFC_PHYS_s17_T3_ctrl,26,206,32.86666666666667,0.06794393062591553,-0.5339513621237527
UBFC_PHYS_s17_T3_ctrl,26,207,32.9,0.10554202646017075,-0.4322316028393286
UBFC_PHYS_s17_T3_ctrl,26,208,32.93333333333333,0.09422279894351959,-0.3098506288738192
UBFC_PHYS_s17_T3_ctrl,26,209,32.96666666666667,0.03850457817316055,-0.18526407025691405
UBFC_PHYS_s17_T3_ctrl,26,210,33.0,-0.009780644439160824,-0.07683013206157205
UBFC_PHYS_s17_T3_ctrl,26,211,33.03333333333333,-0.02972683124244213,0.0021577825597890914
UBFC_PHYS_s17_T3_ctrl,26,212,33.06666666666667,-0.037054479122161865,0.047084455781169224
UBFC_PHYS_s17_T3_ctrl,26,213,33.1,-0.03488896042108536,0.0626237085510925
UBFC_PHYS_s17_T3_ctrl,26,214,33.13333333333333,-0.03477190434932709,0.0600259875542752
UBFC_PHYS_s17_T3_ctrl,26,215,33.166666666666664,-0.05595887452363968,0.052376536526893155
UBFC_PHYS_s17_T3_ctrl,26,216,33.2,-0.07804717123508453,0.04993728056437688
UBFC_PHYS_s17_T3_ctrl,26,217,33.233333333333334,-0.06919780373573303,0.057381434036009316
UBFC_PHYS_s17_T3_ctrl,26,218,33.266666666666666,-0.04544733092188835,0.07363205753893519
UBFC_PHYS_s17_T3_ctrl,26,219,33.3,-0.04430019110441208,0.09379282992785755
UBFC_PHYS_s17_T3_ctrl,26,220,33.333333333333336,-0.061636049300432205,0.1119316375601217
UBFC_PHYS_s17_T3_ctrl,26,221,33.36666666666667,-0.0615658164024353,0.12347301948345561
UBFC_PHYS_s17_T3_ctrl,26,222,33.4,-0.0389624759554863,0.1264896974615125
UBFC_PHYS_s17_T3_ctrl,26,223,33.43333333333333,-0.029469309374690056,0.12177878889708106
UBFC_PHYS_s17_T3_ctrl,26,224,33.46666666666667,-0.04078853502869606,0.1119207058400354
UBFC_PHYS_s17_T3_ctrl,26,225,33.5,-0.03295755013823509,0.09968358636274885
UBFC_PHYS_s17_T3_ctrl,26,226,33.53333333333333,0.0150467399507761,0.08636703029263752
UBFC_PHYS_s17_T3_ctrl,26,227,33.56666666666667,0.09306395798921585,0.0708409484929207
UBFC_PHYS_s17_T3_ctrl,26,228,33.6,0.19860082864761353,0.04987255806542082
UBFC_PHYS_s17_T3_ctrl,26,229,33.63333333333333,0.3114887475967407,0.019771705880283066
UBFC_PHYS_s17_T3_ctrl,26,230,33.666666666666664,0.38902604579925537,-0.021353346560232585
UBFC_PHYS_s17_T3_ctrl,26,231,33.7,0.3962366282939911,-0.0718215473813393
UBFC_PHYS_s17_T3_ctrl,26,232,33.733333333333334,0.31795018911361694,-0.12588551330573525
UBFC_PHYS_s17_T3_ctrl,26,233,33.766666666666666,0.17535367608070374,-0.1746752192264789
UBFC_PHYS_s17_T3_ctrl,26,234,33.8,0.02494960092008114,-0.2082295959309643
UBFC_PHYS_s17_T3_ctrl,26,235,33.833333333333336,-0.10880924761295319,-0.21801597538333467
UBFC_PHYS_s17_T3_ctrl,26,236,33.86666666666667,-0.22938770055770874,-0.19925168407065255
UBFC_PHYS_s17_T3_ctrl,26,237,33.9,-0.31866562366485596,-0.15236875939301137
UBFC_PHYS_s17_T3_ctrl,26,238,33.93333333333333,-0.36658796668052673,-0.08314629023559163
UBFC_PHYS_s17_T3_ctrl,26,239,33.96666666666667,-0.4022546410560608,-0.0015105463027803878
UBFC_PHYS_s17_T3_ctrl,27,0,27.0,-0.015750452876091003,-0.018088097433414774
UBFC_PHYS_s17_T3_ctrl,27,1,27.033333333333335,0.1922447383403778,0.21000907866103694
UBFC_PHYS_s17_T3_ctrl,27,2,27.066666666666666,0.2666683495044708,0.4305687167316595
UBFC_PHYS_s17_T3_ctrl,27,3,27.1,0.25124049186706543,0.6341024099829121
UBFC_PHYS_s17_T3_ctrl,27,4,27.133333333333333,0.2567303776741028,0.8087876844251249
UBFC_PHYS_s17_T3_ctrl,27,5,27.166666666666668,0.2943284809589386,0.9410564910289098
UBFC_PHYS_s17_T3_ctrl,27,6,27.2,0.27252110838890076,1.0175625930585148
UBFC_PHYS_s17_T3_ctrl,27,7,27.233333333333334,0.12573403120040894,1.02822760622343
UBFC_PHYS_s17_T3_ctrl,27,8,27.266666666666666,-0.07482815533876419,0.9689880342694553
UBFC_PHYS_s17_T3_ctrl,27,9,27.3,-0.12404982000589371,0.842616998504252
UBFC_PHYS_s17_T3_ctrl,27,10,27.333333333333332,0.09328635782003403,0.6576297196333116
UBFC_PHYS_s17_T3_ctrl,27,11,27.366666666666667,0.45564210414886475,0.42691531862746496
UBFC_PHYS_s17_T3_ctrl,27,12,27.4,0.7614836096763611,0.16737341557274654
UBFC_PHYS_s17_T3_ctrl,27,13,27.433333333333334,0.9307453036308289,-0.0997439759774088
UBFC_PHYS_s17_T3_ctrl,27,14,27.466666666666665,0.9695724248886108,-0.3491081576016936
UBFC_PHYS_s17_T3_ctrl,27,15,27.5,0.8795453906059265,-0.5534314197324649
UBFC_PHYS_s17_T3_ctrl,27,16,27.533333333333335,0.6978759169578552,-0.6877584288194138
UBFC_PHYS_s17_T3_ctrl,27,17,27.566666666666666,0.5209119915962219,-0.7351398196875167
UBFC_PHYS_s17_T3_ctrl,27,18,27.6,0.40698230266571045,-0.6920073895833208
UBFC_PHYS_s17_T3_ctrl,27,19,27.633333333333333,0.3511704206466675,-0.5710238914865414
UBFC_PHYS_s17_T3_ctrl,27,20,27.666666666666668,0.3532657027244568,-0.39927486097384657
UBFC_PHYS_s17_T3_ctrl,27,21,27.7,0.4197998344898224,-0.2112943041970239
UBFC_PHYS_s17_T3_ctrl,27,22,27.733333333333334,0.48560819029808044,-0.03941051563591228
UBFC_PHYS_s17_T3_ctrl,27,23,27.766666666666666,0.4647255539894104,0.09419727178607831
UBFC_PHYS_s17_T3_ctrl,27,24,27.8,0.3848939836025238,0.18051657792093187
UBFC_PHYS_s17_T3_ctrl,27,25,27.833333333333332,0.3246457278728485,0.22170990778664373
UBFC_PHYS_s17_T3_ctrl,27,26,27.866666666666667,0.27390235662460327,0.22659754993655298
UBFC_PHYS_s17_T3_ctrl,27,27,27.9,0.16495919227600098,0.20643563515684216
UBFC_PHYS_s17_T3_ctrl,27,28,27.933333333333334,-0.02358143962919712,0.17205607909051007
UBFC_PHYS_s17_T3_ctrl,27,29,27.966666666666665,-0.21510697901248932,0.1317790532372654
UBFC_PHYS_s17_T3_ctrl,27,30,28.0,-0.26595571637153625,0.08968951551092842
UBFC_PHYS_s17_T3_ctrl,27,31,28.033333333333335,-0.10594139993190765,0.04491139080275831
UBFC_PHYS_s17_T3_ctrl,27,32,28.066666666666666,0.13891443610191345,-0.007307954262029877
UBFC_PHYS_s17_T3_ctrl,27,33,28.1,0.325757771730423,-0.07277390263793619
UBFC_PHYS_s17_T3_ctrl,27,34,28.133333333333333,0.45297324657440186,-0.15494099757182972
UBFC_PHYS_s17_T3_ctrl,27,35,28.166666666666668,0.5682958960533142,-0.2523821643813891
UBFC_PHYS_s17_T3_ctrl,27,36,28.2,0.6344320178031921,-0.3578016870692177
UBFC_PHYS_s17_T3_ctrl,27,37,28.233333333333334,0.5847421288490295,-0.45841830952675533
UBFC_PHYS_s17_T3_ctrl,27,38,28.266666666666666,0.43392837047576904,-0.5375363712495611
UBFC_PHYS_s17_T3_ctrl,27,39,28.3,0.29625988006591797,-0.5774030792888213
UBFC_PHYS_s17_T3_ctrl,27,40,28.333333333333332,0.2774725556373596,-0.5631502497891925
UBFC_PHYS_s17_T3_ctrl,27,41,28.366666666666667,0.35253995656967163,-0.48681432642928446
UBFC_PHYS_s17_T3_ctrl,27,42,28.4,0.4055425226688385,-0.3498658085606748
UBFC_PHYS_s17_T3_ctrl,27,43,28.433333333333334,0.38950595259666443,-0.16319831567015625
UBFC_PHYS_s17_T3_ctrl,27,44,28.466666666666665,0.35846295952796936,0.05494758048646412
UBFC_PHYS_s17_T3_ctrl,27,45,28.5,0.3703557550907135,0.281754674998017
UBFC_PHYS_s17_T3_ctrl,27,46,28.533333333333335,0.44255533814430237,0.4926853964645636
UBFC_PHYS_s17_T3_ctrl,27,47,28.566666666666666,0.5388331413269043,0.664752712739083
UBFC_PHYS_s17_T3_ctrl,27,48,28.6,0.5917654633522034,0.7801026318414559
UBFC_PHYS_s17_T3_ctrl,27,49,28.633333333333333,0.6198118329048157,0.8288705217441698
UBFC_PHYS_s17_T3_ctrl,27,50,28.666666666666668,0.7775903940200806,0.8102722816038864
UBFC_PHYS_s17_T3_ctrl,27,51,28.7,1.1056958436965942,0.7317414115630818
UBFC_PHYS_s17_T3_ctrl,27,52,28.733333333333334,1.3522255420684814,0.6067749288580621
UBFC_PHYS_s17_T3_ctrl,27,53,28.766666666666666,1.2825543880462646,0.4524539530734413
UBFC_PHYS_s17_T3_ctrl,27,54,28.8,1.0208191871643066,0.2872657691674151
UBFC_PHYS_s17_T3_ctrl,27,55,28.833333333333332,0.814111590385437,0.1292148249376654
UBFC_PHYS_s17_T3_ctrl,27,56,28.866666666666667,0.7454587817192078,-0.0062006557710261815
UBFC_PHYS_s17_T3_ctrl,27,57,28.9,0.7824832797050476,-0.10834754355404151
UBFC_PHYS_s17_T3_ctrl,27,58,28.933333333333334,0.8470509052276611,-0.17357656961898282
UBFC_PHYS_s17_T3_ctrl,27,59,28.966666666666665,0.8401914834976196,-0.2059243914871588
UBFC_PHYS_s17_T3_ctrl,27,60,29.0,0.7123907208442688,-0.21550688241704619
UBFC_PHYS_s17_T3_ctrl,27,61,29.033333333333335,0.44906359910964966,-0.21488868281883353
UBFC_PHYS_s17_T3_ctrl,27,62,29.066666666666666,0.04701448604464531,-0.21503679836947195
UBFC_PHYS_s17_T3_ctrl,27,63,29.1,-0.4300552308559418,-0.2226860471622458
UBFC_PHYS_s17_T3_ctrl,27,64,29.133333333333333,-0.8779782056808472,-0.23967520147508117
UBFC_PHYS_s17_T3_ctrl,27,65,29.166666666666668,-1.2857396602630615,-0.26355859376371726
UBFC_PHYS_s17_T3_ctrl,27,66,29.2,-1.7732974290847778,-0.28887875248157807
UBFC_PHYS_s17_T3_ctrl,27,67,29.233333333333334,-2.480860471725464,-0.30906256191072096
UBFC_PHYS_s17_T3_ctrl,27,68,29.266666666666666,-3.2181551456451416,-0.31874601220923393
UBFC_PHYS_s17_T3_ctrl,27,69,29.3,-3.3675878047943115,-0.3157394414306098
UBFC_PHYS_s17_T3_ctrl,27,70,29.333333333333332,-2.704798460006714,-0.30168858489100187
UBFC_PHYS_s17_T3_ctrl,27,71,29.366666666666667,-1.7662039995193481,-0.28099683945466325
UBFC_PHYS_s17_T3_ctrl,27,72,29.4,-1.0777093172073364,-0.2584549037326298
UBFC_PHYS_s17_T3_ctrl,27,73,29.433333333333334,-0.6326424479484558,-0.23677499936668034
UBFC_PHYS_s17_T3_ctrl,27,74,29.466666666666665,-0.28866440057754517,-0.21538124846708923
UBFC_PHYS_s17_T3_ctrl,27,75,29.5,-0.0032840867061167955,-0.19116732392000052
UBFC_PHYS_s17_T3_ctrl,27,76,29.533333333333335,0.32161402702331543,-0.1607546572351865
UBFC_PHYS_s17_T3_ctrl,27,77,29.566666666666666,0.7499887943267822,-0.12281583101901228
UBFC_PHYS_s17_T3_ctrl,27,78,29.6,1.1817933320999146,-0.07894560515401168
UBFC_PHYS_s17_T3_ctrl,27,79,29.633333333333333,1.5110809803009033,-0.032429171386509276
UBFC_PHYS_s17_T3_ctrl,27,80,29.666666666666668,1.8034026622772217,0.014412120456183362
UBFC_PHYS_s17_T3_ctrl,27,81,29.7,2.166214942932129,0.06260571490425446
UBFC_PHYS_s17_T3_ctrl,27,82,29.733333333333334,2.505030870437622,0.1168973351899679
UBFC_PHYS_s17_T3_ctrl,27,83,29.766666666666666,2.572747230529785,0.18335542062366977
UBFC_PHYS_s17_T3_ctrl,27,84,29.8,2.195396661758423,0.2650620748363631
UBFC_PHYS_s17_T3_ctrl,27,85,29.833333333333332,1.3399815559387207,0.3581366009388432
UBFC_PHYS_s17_T3_ctrl,27,86,29.866666666666667,0.15980876982212067,0.45063568940323917
UBFC_PHYS_s17_T3_ctrl,27,87,29.9,-0.9419137239456177,0.5254605924719791
UBFC_PHYS_s17_T3_ctrl,27,88,29.933333333333334,-1.5871915817260742,0.5658362637618675
UBFC_PHYS_s17_T3_ctrl,27,89,29.966666666666665,-1.760819435119629,0.5604113414683753
UBFC_PHYS_s17_T3_ctrl,27,90,30.0,-1.6808005571365356,0.5059732956029834
UBFC_PHYS_s17_T3_ctrl,27,91,30.033333333333335,-1.4912649393081665,0.407677354965783
UBFC_PHYS_s17_T3_ctrl,27,92,30.066666666666666,-1.2820757627487183,0.27754364902244055
UBFC_PHYS_s17_T3_ctrl,27,93,30.1,-1.1150381565093994,0.13184162684741943
UBFC_PHYS_s17_T3_ctrl,27,94,30.133333333333333,-0.9061884880065918,-0.012169676436087505
UBFC_PHYS_s17_T3_ctrl,27,95,30.166666666666668,-0.5406839847564697,-0.13947539373178316
UBFC_PHYS_s17_T3_ctrl,27,96,30.2,-0.10484108328819275,-0.2395422557348592
UBFC_PHYS_s17_T3_ctrl,27,97,30.233333333333334,0.1842498630285263,-0.30678082355852443
UBFC_PHYS_s17_T3_ctrl,27,98,30.266666666666666,0.19632995128631592,-0.33936577138302215
UBFC_PHYS_s17_T3_ctrl,27,99,30.3,0.08584165573120117,-0.3374854085496498
UBFC_PHYS_s17_T3_ctrl,27,100,30.333333333333332,0.26992249488830566,-0.302253546745716
UBFC_PHYS_s17_T3_ctrl,27,101,30.366666666666667,0.898215651512146,-0.23586484529859894
UBFC_PHYS_s17_T3_ctrl,27,102,30.4,1.5507978200912476,-0.14263354275773904
UBFC_PHYS_s17_T3_ctrl,27,103,30.433333333333334,1.8334273099899292,-0.030001806730692672
UBFC_PHYS_s17_T3_ctrl,27,104,30.466666666666665,1.8148740530014038,0.09121192538938697
UBFC_PHYS_s17_T3_ctrl,27,105,30.5,1.6076865196228027,0.20745566417139527
UBFC_PHYS_s17_T3_ctrl,27,106,30.533333333333335,1.159623146057129,0.30364065276157837
UBFC_PHYS_s17_T3_ctrl,27,107,30.566666666666666,0.6134674549102783,0.36446076403776184
UBFC_PHYS_s17_T3_ctrl,27,108,30.6,0.1915072798728943,0.37565314136997324
UBFC_PHYS_s17_T3_ctrl,27,109,30.633333333333333,-0.0908529981970787,0.325446076349308
UBFC_PHYS_s17_T3_ctrl,27,110,30.666666666666668,-0.30768585205078125,0.20666608717369628
UBFC_PHYS_s17_T3_ctrl,27,111,30.7,-0.43757015466690063,0.0194300375340034
UBFC_PHYS_s17_T3_ctrl,27,112,30.733333333333334,-0.46874192357063293,-0.22680149644159722
UBFC_PHYS_s17_T3_ctrl,27,113,30.766666666666666,-0.49720972776412964,-0.5132583436874325
UBFC_PHYS_s17_T3_ctrl,27,114,30.8,-0.5834442377090454,-0.8139202248357675
UBFC_PHYS_s17_T3_ctrl,27,115,30.833333333333332,-0.6654061675071716,-1.097996903700871
UBFC_PHYS_s17_T3_ctrl,27,116,30.866666666666667,-0.695325493812561,-1.3315094294257377
UBFC_PHYS_s17_T3_ctrl,27,117,30.9,-0.718923807144165,-1.4783416115613128
UBFC_PHYS_s17_T3_ctrl,27,118,30.933333333333334,-0.786558210849762,-1.5025977993538875
UBFC_PHYS_s17_T3_ctrl,27,119,30.966666666666665,-0.8716455698013306,-1.3740894297013313
UBFC_PHYS_s17_T3_ctrl,27,120,31.0,-0.9171916842460632,-1.077023007554845
UBFC_PHYS_s17_T3_ctrl,27,121,31.033333333333335,-0.9000665545463562,-0.6194874250834245
UBFC_PHYS_s17_T3_ctrl,27,122,31.066666666666666,-0.8342932462692261,-0.03962659736515278
UBFC_PHYS_s17_T3_ctrl,27,123,31.1,-0.7387646436691284,0.5955713149570855
UBFC_PHYS_s17_T3_ctrl,27,124,31.133333333333333,-0.6352996230125427,1.2008507654927252
UBFC_PHYS_s17_T3_ctrl,27,125,31.166666666666668,-0.5433762669563293,1.6909561316038022
UBFC_PHYS_s17_T3_ctrl,27,126,31.2,-0.4693154990673065,2.0011153112658446
UBFC_PHYS_s17_T3_ctrl,27,127,31.233333333333334,-0.4109284281730652,2.1025920317832436
UBFC_PHYS_s17_T3_ctrl,27,128,31.266666666666666,-0.3680628538131714,2.007884419077341
UBFC_PHYS_s17_T3_ctrl,27,129,31.3,-0.35385236144065857,1.7640057814184034
UBFC_PHYS_s17_T3_ctrl,27,130,31.333333333333332,-0.3698420822620392,1.436253980424677
UBFC_PHYS_s17_T3_ctrl,27,131,31.366666666666667,-0.3779071867465973,1.088117458006388
UBFC_PHYS_s17_T3_ctrl,27,132,31.4,-0.34756651520729065,0.76472702037667
UBFC_PHYS_s17_T3_ctrl,27,133,31.433333333333334,-0.32072576880455017,0.48582782498964405
UBFC_PHYS_s17_T3_ctrl,27,134,31.466666666666665,-0.3436100482940674,0.24937184477419228
UBFC_PHYS_s17_T3_ctrl,27,135,31.5,-0.38008442521095276,0.041765064262390184
UBFC_PHYS_s17_T3_ctrl,27,136,31.533333333333335,-0.38051751255989075,-0.15108659420778656
UBFC_PHYS_s17_T3_ctrl,27,137,31.566666666666666,-0.36043086647987366,-0.33642384405577397
UBFC_PHYS_s17_T3_ctrl,27,138,31.6,-0.3379445970058441,-0.5126620958283642
UBFC_PHYS_s17_T3_ctrl,27,139,31.633333333333333,-0.30768585205078125,-0.67192964565238
UBFC_PHYS_s17_T3_ctrl,27,140,31.666666666666668,-0.2862647473812103,-0.8048888652214491
UBFC_PHYS_s17_T3_ctrl,27,141,31.7,-0.2961207926273346,-0.9054935991933312
UBFC_PHYS_s17_T3_ctrl,27,142,31.733333333333334,-0.3183729648590088,-0.9739905304277053
UBFC_PHYS_s17_T3_ctrl,27,143,31.766666666666666,-0.32189634442329407,-1.0175081509496002
UBFC_PHYS_s17_T3_ctrl,27,144,31.8,-0.3140653371810913,-1.048548438351227
UBFC_PHYS_s17_T3_ctrl,27,145,31.833333333333332,-0.3082125782966614,-1.0819639105507195
UBFC_PHYS_s17_T3_ctrl,27,146,31.866666666666667,-0.2909586727619171,-1.130538040522057
UBFC_PHYS_s17_T3_ctrl,27,147,31.9,-0.2585812211036682,-1.1992277171929842
UBFC_PHYS_s17_T3_ctrl,27,148,31.933333333333334,-0.22745628654956818,-1.2792879159521169
UBFC_PHYS_s17_T3_ctrl,27,149,31.966666666666665,-0.20488806068897247,-1.3450162481166472
UBFC_PHYS_s17_T3_ctrl,27,150,32.0,-0.1848365217447281,-1.3561996886616072
UBFC_PHYS_s17_T3_ctrl,27,151,32.03333333333333,-0.1550811231136322,-1.2676622004911822
UBFC_PHYS_s17_T3_ctrl,27,152,32.06666666666667,-0.10275749862194061,-1.0439840411302987
UBFC_PHYS_s17_T3_ctrl,27,153,32.1,-0.03193917125463486,-0.6742452793266859
UBFC_PHYS_s17_T3_ctrl,27,154,32.13333333333333,0.0398741252720356,-0.1805331741477125
UBFC_PHYS_s17_T3_ctrl,27,155,32.166666666666664,0.11652179807424545,0.38409590586718345
UBFC_PHYS_s17_T3_ctrl,27,156,32.2,0.21313907206058502,0.9480925483026165
UBFC_PHYS_s17_T3_ctrl,27,157,32.233333333333334,0.3081643879413605,1.4395333341995877
UBFC_PHYS_s17_T3_ctrl,27,158,32.266666666666666,0.33287471532821655,1.8026798071440076
UBFC_PHYS_s17_T3_ctrl,27,159,32.3,0.235683873295784,2.007148057421468
UBFC_PHYS_s17_T3_ctrl,27,160,32.333333333333336,0.041372429579496384,2.0483241418507117
UBFC_PHYS_s17_T3_ctrl,27,161,32.36666666666667,-0.16820299625396729,1.941924197129399
UBFC_PHYS_s17_T3_ctrl,27,162,32.4,-0.31782281398773193,1.7168016483020763
UBFC_PHYS_s17_T3_ctrl,27,163,32.43333333333333,-0.3799556493759155,1.4086367106301085
UBFC_PHYS_s17_T3_ctrl,27,164,32.46666666666667,-0.3659324645996094,1.0550298490124332
UBFC_PHYS_s17_T3_ctrl,27,165,32.5,-0.3058129549026489,0.6912337507758671
UBFC_PHYS_s17_T3_ctrl,27,166,32.53333333333333,-0.2295047491788864,0.3458669723800124
UBFC_PHYS_s17_T3_ctrl,27,167,32.56666666666667,-0.153372123837471,0.03716853598059587
UBFC_PHYS_s17_T3_ctrl,27,168,32.6,-0.08721258491277695,-0.22840695015315693
UBFC_PHYS_s17_T3_ctrl,27,169,32.63333333333333,-0.042918939143419266,-0.45369938255659126
UBFC_PHYS_s17_T3_ctrl,27,170,32.666666666666664,-0.02546602673828602,-0.6450255924302541
UBFC_PHYS_s17_T3_ctrl,27,171,32.7,-0.027760306373238564,-0.8057554344585629
UBFC_PHYS_s17_T3_ctrl,27,172,32.733333333333334,-0.03371841087937355,-0.9322695626663049
UBFC_PHYS_s17_T3_ctrl,27,173,32.766666666666666,-0.027151620015501976,-1.013866118993517
UBFC_PHYS_s17_T3_ctrl,27,174,32.8,-0.006971322000026703,-1.0363488756465733
UBFC_PHYS_s17_T3_ctrl,27,175,32.833333333333336,0.023521527647972107,-0.9877005423988713
UBFC_PHYS_s17_T3_ctrl,27,176,32.86666666666667,0.06794393062591553,-0.8637863340604757
UBFC_PHYS_s17_T3_ctrl,27,177,32.9,0.10554202646017075,-0.6722931632854049
UBFC_PHYS_s17_T3_ctrl,27,178,32.93333333333333,0.09422279894351959,-0.43369620999513764
UBFC_PHYS_s17_T3_ctrl,27,179,32.96666666666667,0.03850457817316055,-0.17864104923244142
UBFC_PHYS_s17_T3_ctrl,27,180,33.0,-0.009780644439160824,0.058223663540642866
UBFC_PHYS_s17_T3_ctrl,27,181,33.03333333333333,-0.02972683124244213,0.2467501497586831
UBFC_PHYS_s17_T3_ctrl,27,182,33.06666666666667,-0.037054479122161865,0.36930670472735466
UBFC_PHYS_s17_T3_ctrl,27,183,33.1,-0.03488896042108536,0.4248693867544809
UBFC_PHYS_s17_T3_ctrl,27,184,33.13333333333333,-0.03477190434932709,0.42725643524412843
UBFC_PHYS_s17_T3_ctrl,27,185,33.166666666666664,-0.05595887452363968,0.39834417637002273
UBFC_PHYS_s17_T3_ctrl,27,186,33.2,-0.07804717123508453,0.3594086618661407
UBFC_PHYS_s17_T3_ctrl,27,187,33.233333333333334,-0.06919780373573303,0.3243201863558265
UBFC_PHYS_s17_T3_ctrl,27,188,33.266666666666666,-0.04544733092188835,0.2969588463570918
UBFC_PHYS_s17_T3_ctrl,27,189,33.3,-0.04430019110441208,0.27293175718722096
UBFC_PHYS_s17_T3_ctrl,27,190,33.333333333333336,-0.061636049300432205,0.24384653421496075
UBFC_PHYS_s17_T3_ctrl,27,191,33.36666666666667,-0.0615658164024353,0.20185000338112954
UBFC_PHYS_s17_T3_ctrl,27,192,33.4,-0.0389624759554863,0.1428251546542831
UBFC_PHYS_s17_T3_ctrl,27,193,33.43333333333333,-0.029469309374690056,0.06765612708919921
UBFC_PHYS_s17_T3_ctrl,27,194,33.46666666666667,-0.04078853502869606,-0.01845738548734061
UBFC_PHYS_s17_T3_ctrl,27,195,33.5,-0.03295755013823509,-0.10832708853507884
UBFC_PHYS_s17_T3_ctrl,27,196,33.53333333333333,0.0150467399507761,-0.1959415117569874
UBFC_PHYS_s17_T3_ctrl,27,197,33.56666666666667,0.09306395798921585,-0.27924646963618643
UBFC_PHYS_s17_T3_ctrl,27,198,33.6,0.19860082864761353,-0.36138464769191103
UBFC_PHYS_s17_T3_ctrl,27,199,33.63333333333333,0.3114887475967407,-0.4498077504820894
UBFC_PHYS_s17_T3_ctrl,27,200,33.666666666666664,0.38902604579925537,-0.5534338241566915
UBFC_PHYS_s17_T3_ctrl,27,201,33.7,0.3962366282939911,-0.6785248003604784
UBFC_PHYS_s17_T3_ctrl,27,202,33.733333333333334,0.31795018911361694,-0.824056434508581
UBFC_PHYS_s17_T3_ctrl,27,203,33.766666666666666,0.17535367608070374,-0.9774964608874755
UBFC_PHYS_s17_T3_ctrl,27,204,33.8,0.02494960092008114,-1.1124193731084573
UBFC_PHYS_s17_T3_ctrl,27,205,33.833333333333336,-0.10880924761295319,-1.1897992507658828
UBFC_PHYS_s17_T3_ctrl,27,206,33.86666666666667,-0.22938770055770874,-1.164416948538797
UBFC_PHYS_s17_T3_ctrl,27,207,33.9,-0.31866562366485596,-0.9963165387468894
UBFC_PHYS_s17_T3_ctrl,27,208,33.93333333333333,-0.36658796668052673,-0.6649596986157703
UBFC_PHYS_s17_T3_ctrl,27,209,33.96666666666667,-0.4022546410560608,-0.1815117460739942
UBFC_PHYS_s17_T3_ctrl,27,210,34.0,-0.46155476570129395,0.4062123289205745
UBFC_PHYS_s17_T3_ctrl,27,211,34.03333333333333,-0.5809158086776733,1.0199737141795069
UBFC_PHYS_s17_T3_ctrl,27,212,34.06666666666667,-0.7732373476028442,1.5681303937308813
UBFC_PHYS_s17_T3_ctrl,27,213,34.1,-0.9973627328872681,1.9683391066549896
UBFC_PHYS_s17_T3_ctrl,27,214,34.13333333333333,-1.205006718635559,2.1681126149154566
UBFC_PHYS_s17_T3_ctrl,27,215,34.166666666666664,-1.374584436416626,2.1560014584587894
UBFC_PHYS_s17_T3_ctrl,27,216,34.2,-1.4611817598342896,1.9598322574652982
UBFC_PHYS_s17_T3_ctrl,27,217,34.233333333333334,-1.4146056175231934,1.6335714203499674
UBFC_PHYS_s17_T3_ctrl,27,218,34.266666666666666,-1.2489843368530273,1.2387150334403445
UBFC_PHYS_s17_T3_ctrl,27,219,34.3,-0.9974329471588135,0.8275305119999864
UBFC_PHYS_s17_T3_ctrl,27,220,34.333333333333336,-0.6709077954292297,0.43344754729138574
UBFC_PHYS_s17_T3_ctrl,27,221,34.36666666666667,-0.32772567868232727,0.0703080245596599
UBFC_PHYS_s17_T3_ctrl,27,222,34.4,-0.05550236254930496,-0.26082672822394704
UBFC_PHYS_s17_T3_ctrl,27,223,34.43333333333333,0.14363175630569458,-0.560805110276074
UBFC_PHYS_s17_T3_ctrl,27,224,34.46666666666667,0.33983948826789856,-0.8224795796380784
UBFC_PHYS_s17_T3_ctrl,27,225,34.5,0.541197657585144,-1.0266250629732507
UBFC_PHYS_s17_T3_ctrl,27,226,34.53333333333333,0.6582761406898499,-1.145982680060511
UBFC_PHYS_s17_T3_ctrl,27,227,34.56666666666667,0.6741371154785156,-1.1560459139218844
UBFC_PHYS_s17_T3_ctrl,27,228,34.6,0.7100027799606323,-1.0482392536719294
UBFC_PHYS_s17_T3_ctrl,27,229,34.63333333333333,0.8315879106521606,-0.8397701293522795
UBFC_PHYS_s17_T3_ctrl,27,230,34.666666666666664,0.9291182160377502,-0.5749284743635822
UBFC_PHYS_s17_T3_ctrl,27,231,34.7,0.9222471117973328,-0.3151014127876623
UBFC_PHYS_s17_T3_ctrl,27,232,34.733333333333334,0.8966003060340881,-0.119116425565819
UBFC_PHYS_s17_T3_ctrl,27,233,34.766666666666666,0.9294576644897461,-0.021058732022775823
UBFC_PHYS_s17_T3_ctrl,27,234,34.8,0.9875638484954834,-0.016803738943780767
UBFC_PHYS_s17_T3_ctrl,27,235,34.833333333333336,0.906819224357605,-0.0680683114294877
UBFC_PHYS_s17_T3_ctrl,27,236,34.86666666666667,0.38661471009254456,-0.12267915134458102
UBFC_PHYS_s17_T3_ctrl,27,237,34.9,-0.5296807885169983,-0.13986237197343385
UBFC_PHYS_s17_T3_ctrl,27,238,34.93333333333333,-1.2389878034591675,-0.10769842103473969
UBFC_PHYS_s17_T3_ctrl,27,239,34.96666666666667,-1.3957948684692383,-0.04565046784016538
UBFC_PHYS_s17_T3_ctrl,28,0,28.0,-0.26595571637153625,-0.06949466567668405
UBFC_PHYS_s17_T3_ctrl,28,1,28.033333333333335,-0.10594139993190765,0.06856125699721248
UBFC_PHYS_s17_T3_ctrl,28,2,28.066666666666666,0.13891443610191345,0.16127521209920442
UBFC_PHYS_s17_T3_ctrl,28,3,28.1,0.325757771730423,0.17336519781532475
UBFC_PHYS_s17_T3_ctrl,28,4,28.133333333333333,0.45297324657440186,0.08952063745430851
UBFC_PHYS_s17_T3_ctrl,28,5,28.166666666666668,0.5682958960533142,-0.08172111728761666
UBFC_PHYS_s17_T3_ctrl,28,6,28.2,0.6344320178031921,-0.30996495691842196
UBFC_PHYS_s17_T3_ctrl,28,7,28.233333333333334,0.5847421288490295,-0.5500804503973066
UBFC_PHYS_s17_T3_ctrl,28,8,28.266666666666666,0.43392837047576904,-0.7522519233131981
UBFC_PHYS_s17_T3_ctrl,28,9,28.3,0.29625988006591797,-0.8723405567526095
UBFC_PHYS_s17_T3_ctrl,28,10,28.333333333333332,0.2774725556373596,-0.8805712700013397
UBFC_PHYS_s17_T3_ctrl,28,11,28.366666666666667,0.35253995656967163,-0.7673225683742888
UBFC_PHYS_s17_T3_ctrl,28,12,28.4,0.4055425226688385,-0.5450690224951352
UBFC_PHYS_s17_T3_ctrl,28,13,28.433333333333334,0.38950595259666443,-0.24592812225106683
UBFC_PHYS_s17_T3_ctrl,28,14,28.466666666666665,0.35846295952796936,0.08466698906582214
UBFC_PHYS_s17_T3_ctrl,28,15,28.5,0.3703557550907135,0.39677625051915577
UBFC_PHYS_s17_T3_ctrl,28,16,28.533333333333335,0.44255533814430237,0.6458306353865214
UBFC_PHYS_s17_T3_ctrl,28,17,28.566666666666666,0.5388331413269043,0.8019115269401152
UBFC_PHYS_s17_T3_ctrl,28,18,28.6,0.5917654633522034,0.8556810582710356
UBFC_PHYS_s17_T3_ctrl,28,19,28.633333333333333,0.6198118329048157,0.8181974892229396
UBFC_PHYS_s17_T3_ctrl,28,20,28.666666666666668,0.7775903940200806,0.7143555291052862
UBFC_PHYS_s17_T3_ctrl,28,21,28.7,1.1056958436965942,0.5729157263447726
UBFC_PHYS_s17_T3_ctrl,28,22,28.733333333333334,1.3522255420684814,0.4174717752775268
UBFC_PHYS_s17_T3_ctrl,28,23,28.766666666666666,1.2825543880462646,0.2617639821664696
UBFC_PHYS_s17_T3_ctrl,28,24,28.8,1.0208191871643066,0.11040598849150168
UBFC_PHYS_s17_T3_ctrl,28,25,28.833333333333332,0.814111590385437,-0.0364630503833198
UBFC_PHYS_s17_T3_ctrl,28,26,28.866666666666667,0.7454587817192078,-0.17770472445177066
UBFC_PHYS_s17_T3_ctrl,28,27,28.9,0.7824832797050476,-0.30779891552913147
UBFC_PHYS_s17_T3_ctrl,28,28,28.933333333333334,0.8470509052276611,-0.41664540866851213
UBFC_PHYS_s17_T3_ctrl,28,29,28.966666666666665,0.8401914834976196,-0.4918253321967371
UBFC_PHYS_s17_T3_ctrl,28,30,29.0,0.7123907208442688,-0.5220981044719554
UBFC_PHYS_s17_T3_ctrl,28,31,29.033333333333335,0.44906359910964966,-0.5011234517375174
UBFC_PHYS_s17_T3_ctrl,28,32,29.066666666666666,0.04701448604464531,-0.43031773426068176
UBFC_PHYS_s17_T3_ctrl,28,33,29.1,-0.4300552308559418,-0.31961311587166086
UBFC_PHYS_s17_T3_ctrl,28,34,29.133333333333333,-0.8779782056808472,-0.18538906301983596
UBFC_PHYS_s17_T3_ctrl,28,35,29.166666666666668,-1.2857396602630615,-0.04613731159011059
UBFC_PHYS_s17_T3_ctrl,28,36,29.2,-1.7732974290847778,0.08213212112112782
UBFC_PHYS_s17_T3_ctrl,28,37,29.233333333333334,-2.480860471725464,0.18845655174516265
UBFC_PHYS_s17_T3_ctrl,28,38,29.266666666666666,-3.2181551456451416,0.26665558784023174
UBFC_PHYS_s17_T3_ctrl,28,39,29.3,-3.3675878047943115,0.3134024902507943
UBFC_PHYS_s17_T3_ctrl,28,40,29.333333333333332,-2.704798460006714,0.3266151729093059
UBFC_PHYS_s17_T3_ctrl,28,41,29.366666666666667,-1.7662039995193481,0.30547527682798276
UBFC_PHYS_s17_T3_ctrl,28,42,29.4,-1.0777093172073364,0.2519028892700748
UBFC_PHYS_s17_T3_ctrl,28,43,29.433333333333334,-0.6326424479484558,0.17207824314149156
UBFC_PHYS_s17_T3_ctrl,28,44,29.466666666666665,-0.28866440057754517,0.07643960520100249
UBFC_PHYS_s17_T3_ctrl,28,45,29.5,-0.0032840867061167955,-0.022388913366366413
UBFC_PHYS_s17_T3_ctrl,28,46,29.533333333333335,0.32161402702331543,-0.11273879407861664
UBFC_PHYS_s17_T3_ctrl,28,47,29.566666666666666,0.7499887943267822,-0.18625517596080757
UBFC_PHYS_s17_T3_ctrl,28,48,29.6,1.1817933320999146,-0.23820684530280448
UBFC_PHYS_s17_T3_ctrl,28,49,29.633333333333333,1.5110809803009033,-0.2659292165739121
UBFC_PHYS_s17_T3_ctrl,28,50,29.666666666666668,1.8034026622772217,-0.26676982611955696
UBFC_PHYS_s17_T3_ctrl,28,51,29.7,2.166214942932129,-0.2371697714109427
UBFC_PHYS_s17_T3_ctrl,28,52,29.733333333333334,2.505030870437622,-0.17379964973238718
UBFC_PHYS_s17_T3_ctrl,28,53,29.766666666666666,2.572747230529785,-0.07647493138099977
UBFC_PHYS_s17_T3_ctrl,28,54,29.8,2.195396661758423,0.04845374136193455
UBFC_PHYS_s17_T3_ctrl,28,55,29.833333333333332,1.3399815559387207,0.18605324119479003
UBFC_PHYS_s17_T3_ctrl,28,56,29.866666666666667,0.15980876982212067,0.31370386060144706
UBFC_PHYS_s17_T3_ctrl,28,57,29.9,-0.9419137239456177,0.4053443193134419
UBFC_PHYS_s17_T3_ctrl,28,58,29.933333333333334,-1.5871915817260742,0.4376888089906252
UBFC_PHYS_s17_T3_ctrl,28,59,29.966666666666665,-1.760819435119629,0.3961249865286532
UBFC_PHYS_s17_T3_ctrl,28,60,30.0,-1.6808005571365356,0.27875686672904104
UBFC_PHYS_s17_T3_ctrl,28,61,30.033333333333335,-1.4912649393081665,0.09814823097035943
UBFC_PHYS_s17_T3_ctrl,28,62,30.066666666666666,-1.2820757627487183,-0.11957705436485758
UBFC_PHYS_s17_T3_ctrl,28,63,30.1,-1.1150381565093994,-0.3387420910640047
UBFC_PHYS_s17_T3_ctrl,28,64,30.133333333333333,-0.9061884880065918,-0.5209158689309692
UBFC_PHYS_s17_T3_ctrl,28,65,30.166666666666668,-0.5406839847564697,-0.6329442331078294
UBFC_PHYS_s17_T3_ctrl,28,66,30.2,-0.10484108328819275,-0.6539711949423669
UBFC_PHYS_s17_T3_ctrl,28,67,30.233333333333334,0.1842498630285263,-0.5794724607856568
UBFC_PHYS_s17_T3_ctrl,28,68,30.266666666666666,0.19632995128631592,-0.421344227138386
UBFC_PHYS_s17_T3_ctrl,28,69,30.3,0.08584165573120117,-0.20437663484452118
UBFC_PHYS_s17_T3_ctrl,28,70,30.333333333333332,0.26992249488830566,0.039547862234867365
UBFC_PHYS_s17_T3_ctrl,28,71,30.366666666666667,0.898215651512146,0.2777952583775942
UBFC_PHYS_s17_T3_ctrl,28,72,30.4,1.5507978200912476,0.48236680325640735
UBFC_PHYS_s17_T3_ctrl,28,73,30.433333333333334,1.8334273099899292,0.6334097466574959
UBFC_PHYS_s17_T3_ctrl,28,74,30.466666666666665,1.8148740530014038,0.7205103753901241
UBFC_PHYS_s17_T3_ctrl,28,75,30.5,1.6076865196228027,0.7419788980322202
UBFC_PHYS_s17_T3_ctrl,28,76,30.533333333333335,1.159623146057129,0.7028097326679815
UBFC_PHYS_s17_T3_ctrl,28,77,30.566666666666666,0.6134674549102783,0.6120565792699425
UBFC_PHYS_s17_T3_ctrl,28,78,30.6,0.1915072798728943,0.4799769939528445
UBFC_PHYS_s17_T3_ctrl,28,79,30.633333333333333,-0.0908529981970787,0.31526107906674816
UBFC_PHYS_s17_T3_ctrl,28,80,30.666666666666668,-0.30768585205078125,0.12330038650180743
UBFC_PHYS_s17_T3_ctrl,28,81,30.7,-0.43757015466690063,-0.09338597789149183
UBFC_PHYS_s17_T3_ctrl,28,82,30.733333333333334,-0.46874192357063293,-0.33259115561705277
UBFC_PHYS_s17_T3_ctrl,28,83,30.766666666666666,-0.49720972776412964,-0.588954938212935
UBFC_PHYS_s17_T3_ctrl,28,84,30.8,-0.5834442377090454,-0.8507916414404373
UBFC_PHYS_s17_T3_ctrl,28,85,30.833333333333332,-0.6654061675071716,-1.0977975367049657
UBFC_PHYS_s17_T3_ctrl,28,86,30.866666666666667,-0.695325493812561,-1.3001686222555575
UBFC_PHYS_s17_T3_ctrl,28,87,30.9,-0.718923807144165,-1.4201321629324066
UBFC_PHYS_s17_T3_ctrl,28,88,30.933333333333334,-0.786558210849762,-1.417140734858096
UBFC_PHYS_s17_T3_ctrl,28,89,30.966666666666665,-0.8716455698013306,-1.2572913809813135
UBFC_PHYS_s17_T3_ctrl,28,90,31.0,-0.9171916842460632,-0.9256797562554177
UBFC_PHYS_s17_T3_ctrl,28,91,31.033333333333335,-0.9000665545463562,-0.4378828428462639
UBFC_PHYS_s17_T3_ctrl,28,92,31.066666666666666,-0.8342932462692261,0.1550084225294654
UBFC_PHYS_s17_T3_ctrl,28,93,31.1,-0.7387646436691284,0.7723541437663963
UBFC_PHYS_s17_T3_ctrl,28,94,31.133333333333333,-0.6352996230125427,1.3210373511324898
UBFC_PHYS_s17_T3_ctrl,28,95,31.166666666666668,-0.5433762669563293,1.7184089598496712
UBFC_PHYS_s17_T3_ctrl,28,96,31.2,-0.4693154990673065,1.912919143063266
UBFC_PHYS_s17_T3_ctrl,28,97,31.233333333333334,-0.4109284281730652,1.8951315476089814
UBFC_PHYS_s17_T3_ctrl,28,98,31.266666666666666,-0.3680628538131714,1.6959031691273296
UBFC_PHYS_s17_T3_ctrl,28,99,31.3,-0.35385236144065857,1.3735281233503027
UBFC_PHYS_s17_T3_ctrl,28,100,31.333333333333332,-0.3698420822620392,0.9952301536711615
UBFC_PHYS_s17_T3_ctrl,28,101,31.366666666666667,-0.3779071867465973,0.6195949978703571
UBFC_PHYS_s17_T3_ctrl,28,102,31.4,-0.34756651520729065,0.28543168305047584
UBFC_PHYS_s17_T3_ctrl,28,103,31.433333333333334,-0.32072576880455017,0.00958262348002269
UBFC_PHYS_s17_T3_ctrl,28,104,31.466666666666665,-0.3436100482940674,-0.2076049436888674
UBFC_PHYS_s17_T3_ctrl,28,105,31.5,-0.38008442521095276,-0.3733349392267799
UBFC_PHYS_s17_T3_ctrl,28,106,31.533333333333335,-0.38051751255989075,-0.4947475102032597
UBFC_PHYS_s17_T3_ctrl,28,107,31.566666666666666,-0.36043086647987366,-0.5757214951866951
UBFC_PHYS_s17_T3_ctrl,28,108,31.6,-0.3379445970058441,-0.6182498672427161
UBFC_PHYS_s17_T3_ctrl,28,109,31.633333333333333,-0.30768585205078125,-0.6260984304372897
UBFC_PHYS_s17_T3_ctrl,28,110,31.666666666666668,-0.2862647473812103,-0.6077690263389622
UBFC_PHYS_s17_T3_ctrl,28,111,31.7,-0.2961207926273346,-0.5768324827711948
UBFC_PHYS_s17_T3_ctrl,28,112,31.733333333333334,-0.3183729648590088,-0.5495603248965003
UBFC_PHYS_s17_T3_ctrl,28,113,31.766666666666666,-0.32189634442329407,-0.5413473276234665
UBFC_PHYS_s17_T3_ctrl,28,114,31.8,-0.3140653371810913,-0.5638095972004576
UBFC_PHYS_s17_T3_ctrl,28,115,31.833333333333332,-0.3082125782966614,-0.6234024626776181
UBFC_PHYS_s17_T3_ctrl,28,116,31.866666666666667,-0.2909586727619171,-0.7206755867558069
UBFC_PHYS_s17_T3_ctrl,28,117,31.9,-0.2585812211036682,-0.8486489001332165
UBFC_PHYS_s17_T3_ctrl,28,118,31.933333333333334,-0.22745628654956818,-0.9901934995603325
UBFC_PHYS_s17_T3_ctrl,28,119,31.966666666666665,-0.20488806068897247,-1.116296925734618
UBFC_PHYS_s17_T3_ctrl,28,120,32.0,-0.1848365217447281,-1.1877510055903184
UBFC_PHYS_s17_T3_ctrl,28,121,32.03333333333333,-0.1550811231136322,-1.161788149239511
UBFC_PHYS_s17_T3_ctrl,28,122,32.06666666666667,-0.10275749862194061,-1.0031547740105067
UBFC_PHYS_s17_T3_ctrl,28,123,32.1,-0.03193917125463486,-0.6967219811247182
UBFC_PHYS_s17_T3_ctrl,28,124,32.13333333333333,0.0398741252720356,-0.2569159803091549
UBFC_PHYS_s17_T3_ctrl,28,125,32.166666666666664,0.11652179807424545,0.27070396056330803
UBFC_PHYS_s17_T3_ctrl,28,126,32.2,0.21313907206058502,0.8178139676100677
UBFC_PHYS_s17_T3_ctrl,28,127,32.233333333333334,0.3081643879413605,1.3094520622890227
UBFC_PHYS_s17_T3_ctrl,28,128,32.266666666666666,0.33287471532821655,1.6818589914065931
UBFC_PHYS_s17_T3_ctrl,28,129,32.3,0.235683873295784,1.8952910391516729
UBFC_PHYS_s17_T3_ctrl,28,130,32.333333333333336,0.041372429579496384,1.9383711908989345
UBFC_PHYS_s17_T3_ctrl,28,131,32.36666666666667,-0.16820299625396729,1.824995088860644
UBFC_PHYS_s17_T3_ctrl,28,132,32.4,-0.31782281398773193,1.5870816578695908
UBFC_PHYS_s17_T3_ctrl,28,133,32.43333333333333,-0.3799556493759155,1.2661534071932439
UBFC_PHYS_s17_T3_ctrl,28,134,32.46666666666667,-0.3659324645996094,0.9053087361856295
UBFC_PHYS_s17_T3_ctrl,28,135,32.5,-0.3058129549026489,0.5421695011549527
UBFC_PHYS_s17_T3_ctrl,28,136,32.53333333333333,-0.2295047491788864,0.20353334125369119
UBFC_PHYS_s17_T3_ctrl,28,137,32.56666666666667,-0.153372123837471,-0.09701731520564755
UBFC_PHYS_s17_T3_ctrl,28,138,32.6,-0.08721258491277695,-0.35753156203127223
UBFC_PHYS_s17_T3_ctrl,28,139,32.63333333333333,-0.042918939143419266,-0.5824025788748437
UBFC_PHYS_s17_T3_ctrl,28,140,32.666666666666664,-0.02546602673828602,-0.7753892651741097
UBFC_PHYS_s17_T3_ctrl,28,141,32.7,-0.027760306373238564,-0.9339483039704446
UBFC_PHYS_s17_T3_ctrl,28,142,32.733333333333334,-0.03371841087937355,-1.0472912718752876
UBFC_PHYS_s17_T3_ctrl,28,143,32.766666666666666,-0.027151620015501976,-1.0988539454069377
UBFC_PHYS_s17_T3_ctrl,28,144,32.8,-0.006971322000026703,-1.0720470442381016
UBFC_PHYS_s17_T3_ctrl,28,145,32.833333333333336,0.023521527647972107,-0.9570772982545459
UBFC_PHYS_s17_T3_ctrl,28,146,32.86666666666667,0.06794393062591553,-0.756579899759793
UBFC_PHYS_s17_T3_ctrl,28,147,32.9,0.10554202646017075,-0.4884404312590521
UBFC_PHYS_s17_T3_ctrl,28,148,32.93333333333333,0.09422279894351959,-0.1849364605479147
UBFC_PHYS_s17_T3_ctrl,28,149,32.96666666666667,0.03850457817316055,0.11213911709212632
UBFC_PHYS_s17_T3_ctrl,28,150,33.0,-0.009780644439160824,0.36015946054803083
UBFC_PHYS_s17_T3_ctrl,28,151,33.03333333333333,-0.02972683124244213,0.5264962567783208
UBFC_PHYS_s17_T3_ctrl,28,152,33.06666666666667,-0.037054479122161865,0.5976693594940431
UBFC_PHYS_s17_T3_ctrl,28,153,33.1,-0.03488896042108536,0.5824218985760216
UBFC_PHYS_s17_T3_ctrl,28,154,33.13333333333333,-0.03477190434932709,0.506993586045249
UBFC_PHYS_s17_T3_ctrl,28,155,33.166666666666664,-0.05595887452363968,0.4048291474212149
UBFC_PHYS_s17_T3_ctrl,28,156,33.2,-0.07804717123508453,0.3053236318463882
UBFC_PHYS_s17_T3_ctrl,28,157,33.233333333333334,-0.06919780373573303,0.22601692578772647
UBFC_PHYS_s17_T3_ctrl,28,158,33.266666666666666,-0.04544733092188835,0.17054002046691596
UBFC_PHYS_s17_T3_ctrl,28,159,33.3,-0.04430019110441208,0.1318956407158264
UBFC_PHYS_s17_T3_ctrl,28,160,33.333333333333336,-0.061636049300432205,0.09864976029059919
UBFC_PHYS_s17_T3_ctrl,28,161,33.36666666666667,-0.0615658164024353,0.061061196813104686
UBFC_PHYS_s17_T3_ctrl,28,162,33.4,-0.0389624759554863,0.01500444414794472
UBFC_PHYS_s17_T3_ctrl,28,163,33.43333333333333,-0.029469309374690056,-0.03712175004764422
UBFC_PHYS_s17_T3_ctrl,28,164,33.46666666666667,-0.04078853502869606,-0.08828886048705593
UBFC_PHYS_s17_T3_ctrl,28,165,33.5,-0.03295755013823509,-0.130668672733736
UBFC_PHYS_s17_T3_ctrl,28,166,33.53333333333333,0.0150467399507761,-0.1600132972070315
UBFC_PHYS_s17_T3_ctrl,28,167,33.56666666666667,0.09306395798921585,-0.1789467210935871
UBFC_PHYS_s17_T3_ctrl,28,168,33.6,0.19860082864761353,-0.1977962984997717
UBFC_PHYS_s17_T3_ctrl,28,169,33.63333333333333,0.3114887475967407,-0.23243264809776512
UBFC_PHYS_s17_T3_ctrl,28,170,33.666666666666664,0.38902604579925537,-0.299709082918413
UBFC_PHYS_s17_T3_ctrl,28,171,33.7,0.3962366282939911,-0.4118346371868137
UBFC_PHYS_s17_T3_ctrl,28,172,33.733333333333334,0.31795018911361694,-0.5709979428484302
UBFC_PHYS_s17_T3_ctrl,28,173,33.766666666666666,0.17535367608070374,-0.765231655079821
UBFC_PHYS_s17_T3_ctrl,28,174,33.8,0.02494960092008114,-0.966456909445462
UBFC_PHYS_s17_T3_ctrl,28,175,33.833333333333336,-0.10880924761295319,-1.1318771589780199
UBFC_PHYS_s17_T3_ctrl,28,176,33.86666666666667,-0.22938770055770874,-1.2099148244679638
UBFC_PHYS_s17_T3_ctrl,28,177,33.9,-0.31866562366485596,-1.1510596500752641
UBFC_PHYS_s17_T3_ctrl,28,178,33.93333333333333,-0.36658796668052673,-0.9221028429299916
UBFC_PHYS_s17_T3_ctrl,28,179,33.96666666666667,-0.4022546410560608,-0.5199117479669664
UBFC_PHYS_s17_T3_ctrl,28,180,34.0,-0.46155476570129395,0.020574496669335352
UBFC_PHYS_s17_T3_ctrl,28,181,34.03333333333333,-0.5809158086776733,0.6287242497957584
UBFC_PHYS_s17_T3_ctrl,28,182,34.06666666666667,-0.7732373476028442,1.2122191776232603
UBFC_PHYS_s17_T3_ctrl,28,183,34.1,-0.9973627328872681,1.6792532295342342
UBFC_PHYS_s17_T3_ctrl,28,184,34.13333333333333,-1.205006718635559,1.961675804563972
UBFC_PHYS_s17_T3_ctrl,28,185,34.166666666666664,-1.374584436416626,2.030899682481203
UBFC_PHYS_s17_T3_ctrl,28,186,34.2,-1.4611817598342896,1.9011039281773472
UBFC_PHYS_s17_T3_ctrl,28,187,34.233333333333334,-1.4146056175231934,1.6193731547028303
UBFC_PHYS_s17_T3_ctrl,28,188,34.266666666666666,-1.2489843368530273,1.2475277639962605
UBFC_PHYS_s17_T3_ctrl,28,189,34.3,-0.9974329471588135,0.8431276113466938
UBFC_PHYS_s17_T3_ctrl,28,190,34.333333333333336,-0.6709077954292297,0.4463805095785266
UBFC_PHYS_s17_T3_ctrl,28,191,34.36666666666667,-0.32772567868232727,0.07652162118278842
UBFC_PHYS_s17_T3_ctrl,28,192,34.4,-0.05550236254930496,-0.26254523669981406
UBFC_PHYS_s17_T3_ctrl,28,193,34.43333333333333,0.14363175630569458,-0.5709214176976802
UBFC_PHYS_s17_T3_ctrl,28,194,34.46666666666667,0.33983948826789856,-0.8414739736360786
UBFC_PHYS_s17_T3_ctrl,28,195,34.5,0.541197657585144,-1.0543295166211402
UBFC_PHYS_s17_T3_ctrl,28,196,34.53333333333333,0.6582761406898499,-1.179964043551317
UBFC_PHYS_s17_T3_ctrl,28,197,34.56666666666667,0.6741371154785156,-1.1897983528758205
UBFC_PHYS_s17_T3_ctrl,28,198,34.6,0.7100027799606323,-1.070016245084244
UBFC_PHYS_s17_T3_ctrl,28,199,34.63333333333333,0.8315879106521606,-0.8327700806896325
UBFC_PHYS_s17_T3_ctrl,28,200,34.666666666666664,0.9291182160377502,-0.5192968532445897
UBFC_PHYS_s17_T3_ctrl,28,201,34.7,0.9222471117973328,-0.1919767458920615
UBFC_PHYS_s17_T3_ctrl,28,202,34.733333333333334,0.8966003060340881,0.08327265900728685
UBFC_PHYS_s17_T3_ctrl,28,203,34.766666666666666,0.9294576644897461,0.25796114382285884
UBFC_PHYS_s17_T3_ctrl,28,204,34.8,0.9875638484954834,0.3160344815179292
UBFC_PHYS_s17_T3_ctrl,28,205,34.833333333333336,0.906819224357605,0.2756964306423274
UBFC_PHYS_s17_T3_ctrl,28,206,34.86666666666667,0.38661471009254456,0.17813297859586458
UBFC_PHYS_s17_T3_ctrl,28,207,34.9,-0.5296807885169983,0.07012898925134875
UBFC_PHYS_s17_T3_ctrl,28,208,34.93333333333333,-1.2389878034591675,-0.011274778734980437
UBFC_PHYS_s17_T3_ctrl,28,209,34.96666666666667,-1.3957948684692383,-0.04752966258994887
UBFC_PHYS_s17_T3_ctrl,28,210,35.0,-1.3408725261688232,-0.040432055955575696
UBFC_PHYS_s17_T3_ctrl,28,211,35.03333333333333,-1.3559259176254272,-0.008843431074203212
UBFC_PHYS_s17_T3_ctrl,28,212,35.06666666666667,-1.3408257961273193,0.01838016443879356
UBFC_PHYS_s17_T3_ctrl,28,213,35.1,-1.3000671863555908,0.012342294095471176
UBFC_PHYS_s17_T3_ctrl,28,214,35.13333333333333,-1.2833282947540283,-0.04532505726878077
UBFC_PHYS_s17_T3_ctrl,28,215,35.166666666666664,-1.1534674167633057,-0.1548148343223627
UBFC_PHYS_s17_T3_ctrl,28,216,35.2,-0.8368802070617676,-0.295934258794165
UBFC_PHYS_s17_T3_ctrl,28,217,35.233333333333334,-0.5015173554420471,-0.4316153770718616
UBFC_PHYS_s17_T3_ctrl,28,218,35.266666666666666,-0.28113773465156555,-0.5160153442174266
UBFC_PHYS_s17_T3_ctrl,28,219,35.3,-0.0975368469953537,-0.5057145450766292
UBFC_PHYS_s17_T3_ctrl,28,220,35.333333333333336,0.09451544284820557,-0.37237184765670034
UBFC_PHYS_s17_T3_ctrl,28,221,35.36666666666667,0.18899060785770416,-0.11447245248356606
UBFC_PHYS_s17_T3_ctrl,28,222,35.4,0.13219547271728516,0.2354784540158203
UBFC_PHYS_s17_T3_ctrl,28,223,35.43333333333333,0.018055055290460587,0.6126153298154794
UBFC_PHYS_s17_T3_ctrl,28,224,35.46666666666667,-0.05527995526790619,0.9329849538715843
UBFC_PHYS_s17_T3_ctrl,28,225,35.5,-0.11126740276813507,1.1166055538863504
UBFC_PHYS_s17_T3_ctrl,28,226,35.53333333333333,-0.21360866725444794,1.1124307054722893
UBFC_PHYS_s17_T3_ctrl,28,227,35.56666666666667,-0.3084115982055664,0.9145865424684698
UBFC_PHYS_s17_T3_ctrl,28,228,35.6,-0.27965113520622253,0.5630043092632948
UBFC_PHYS_s17_T3_ctrl,28,229,35.63333333333333,-0.11009685695171356,0.1291324497070231
UBFC_PHYS_s17_T3_ctrl,28,230,35.666666666666664,0.11739970743656158,-0.30625311806777267
UBFC_PHYS_s17_T3_ctrl,28,231,35.7,0.3326406180858612,-0.6740270470681832
UBFC_PHYS_s17_T3_ctrl,28,232,35.733333333333334,0.48653292655944824,-0.9297740824518935
UBFC_PHYS_s17_T3_ctrl,28,233,35.766666666666666,0.5178802609443665,-1.0569054810213692
UBFC_PHYS_s17_T3_ctrl,28,234,35.8,0.4223633408546448,-1.061900144276323
UBFC_PHYS_s17_T3_ctrl,28,235,35.833333333333336,0.2760678827762604,-0.9656543698739019
UBFC_PHYS_s17_T3_ctrl,28,236,35.86666666666667,0.10695839673280716,-0.7946007686202836
UBFC_PHYS_s17_T3_ctrl,28,237,35.9,-0.12341772019863129,-0.5738223495749432
UBFC_PHYS_s17_T3_ctrl,28,238,35.93333333333333,-0.3828117847442627,-0.32312159067128804
UBFC_PHYS_s17_T3_ctrl,28,239,35.96666666666667,-0.5681685209274292,-0.05634841151286339
UBFC_PHYS_s17_T3_ctrl,29,0,29.0,0.7123907208442688,0.02825045041204855
UBFC_PHYS_s17_T3_ctrl,29,1,29.033333333333335,0.44906359910964966,0.08151810073515692
UBFC_PHYS_s17_T3_ctrl,29,2,29.066666666666666,0.04701448604464531,0.11331545634873626
UBFC_PHYS_s17_T3_ctrl,29,3,29.1,-0.4300552308559418,0.10869923865688255
UBFC_PHYS_s17_T3_ctrl,29,4,29.133333333333333,-0.8779782056808472,0.06225965112100864
UBFC_PHYS_s17_T3_ctrl,29,5,29.166666666666668,-1.2857396602630615,-0.020585102576059465
UBFC_PHYS_s17_T3_ctrl,29,6,29.2,-1.7732974290847778,-0.125520567656108
UBFC_PHYS_s17_T3_ctrl,29,7,29.233333333333334,-2.480860471725464,-0.23395920746686438
UBFC_PHYS_s17_T3_ctrl,29,8,29.266666666666666,-3.2181551456451416,-0.32863619584592674
UBFC_PHYS_s17_T3_ctrl,29,9,29.3,-3.3675878047943115,-0.3979870754413848
UBFC_PHYS_s17_T3_ctrl,29,10,29.333333333333332,-2.704798460006714,-0.4379167904072805
UBFC_PHYS_s17_T3_ctrl,29,11,29.366666666666667,-1.7662039995193481,-0.4509241184422601
UBFC_PHYS_s17_T3_ctrl,29,12,29.4,-1.0777093172073364,-0.4434707494135173
UBFC_PHYS_s17_T3_ctrl,29,13,29.433333333333334,-0.6326424479484558,-0.4228202720227585
UBFC_PHYS_s17_T3_ctrl,29,14,29.466666666666665,-0.28866440057754517,-0.39452781411776006
UBFC_PHYS_s17_T3_ctrl,29,15,29.5,-0.0032840867061167955,-0.3613273683428261
UBFC_PHYS_s17_T3_ctrl,29,16,29.533333333333335,0.32161402702331543,-0.3234051865203408
UBFC_PHYS_s17_T3_ctrl,29,17,29.566666666666666,0.7499887943267822,-0.27939872050713305
UBFC_PHYS_s17_T3_ctrl,29,18,29.6,1.1817933320999146,-0.22733177419760542
UBFC_PHYS_s17_T3_ctrl,29,19,29.633333333333333,1.5110809803009033,-0.16508105674083426
UBFC_PHYS_s17_T3_ctrl,29,20,29.666666666666668,1.8034026622772217,-0.09054127790871157
UBFC_PHYS_s17_T3_ctrl,29,21,29.7,2.166214942932129,-0.001981030053389456
UBFC_PHYS_s17_T3_ctrl,29,22,29.733333333333334,2.505030870437622,0.10107288041142186
UBFC_PHYS_s17_T3_ctrl,29,23,29.766666666666666,2.572747230529785,0.21652171799437817
UBFC_PHYS_s17_T3_ctrl,29,24,29.8,2.195396661758423,0.33844391386159783
UBFC_PHYS_s17_T3_ctrl,29,25,29.833333333333332,1.3399815559387207,0.45663461300796454
UBFC_PHYS_s17_T3_ctrl,29,26,29.866666666666667,0.15980876982212067,0.5576344407849759
UBFC_PHYS_s17_T3_ctrl,29,27,29.9,-0.9419137239456177,0.6273644264233676
UBFC_PHYS_s17_T3_ctrl,29,28,29.933333333333334,-1.5871915817260742,0.6544752876757886
UBFC_PHYS_s17_T3_ctrl,29,29,29.966666666666665,-1.760819435119629,0.6330611420671931
UBFC_PHYS_s17_T3_ctrl,29,30,30.0,-1.6808005571365356,0.5640454898016919
UBFC_PHYS_s17_T3_ctrl,29,31,30.033333333333335,-1.4912649393081665,0.4553676721771142
UBFC_PHYS_s17_T3_ctrl,29,32,30.066666666666666,-1.2820757627487183,0.3211071156796801
UBFC_PHYS_s17_T3_ctrl,29,33,30.1,-1.1150381565093994,0.17937477445463157
UBFC_PHYS_s17_T3_ctrl,29,34,30.133333333333333,-0.9061884880065918,0.04901647941300781
UBFC_PHYS_s17_T3_ctrl,29,35,30.166666666666668,-0.5406839847564697,-0.054174767212039676
UBFC_PHYS_s17_T3_ctrl,29,36,30.2,-0.10484108328819275,-0.12055445924013132
UBFC_PHYS_s17_T3_ctrl,29,37,30.233333333333334,0.1842498630285263,-0.14800859493722016
UBFC_PHYS_s17_T3_ctrl,29,38,30.266666666666666,0.19632995128631592,-0.14141507027764383
UBFC_PHYS_s17_T3_ctrl,29,39,30.3,0.08584165573120117,-0.11080115015230255
UBFC_PHYS_s17_T3_ctrl,29,40,30.333333333333332,0.26992249488830566,-0.06902082309353595
UBFC_PHYS_s17_T3_ctrl,29,41,30.366666666666667,0.898215651512146,-0.029415968354831963
UBFC_PHYS_s17_T3_ctrl,29,42,30.4,1.5507978200912476,-0.0034944929643100768
UBFC_PHYS_s17_T3_ctrl,29,43,30.433333333333334,1.8334273099899292,0.0013032337874275468
UBFC_PHYS_s17_T3_ctrl,29,44,30.466666666666665,1.8148740530014038,-0.01687074525101328
UBFC_PHYS_s17_T3_ctrl,29,45,30.5,1.6076865196228027,-0.054355101278250745
UBFC_PHYS_s17_T3_ctrl,29,46,30.533333333333335,1.159623146057129,-0.1039740381662079
UBFC_PHYS_s17_T3_ctrl,29,47,30.566666666666666,0.6134674549102783,-0.1582867282794972
UBFC_PHYS_s17_T3_ctrl,29,48,30.6,0.1915072798728943,-0.21287598261377788
UBFC_PHYS_s17_T3_ctrl,29,49,30.633333333333333,-0.0908529981970787,-0.2683772418801435
UBFC_PHYS_s17_T3_ctrl,29,50,30.666666666666668,-0.30768585205078125,-0.33021246498989665
UBFC_PHYS_s17_T3_ctrl,29,51,30.7,-0.43757015466690063,-0.4058225775243991
UBFC_PHYS_s17_T3_ctrl,29,52,30.733333333333334,-0.46874192357063293,-0.5004631420205211
UBFC_PHYS_s17_T3_ctrl,29,53,30.766666666666666,-0.49720972776412964,-0.6133046874375799
UBFC_PHYS_s17_T3_ctrl,29,54,30.8,-0.5834442377090454,-0.7350190560816633
UBFC_PHYS_s17_T3_ctrl,29,55,30.833333333333332,-0.6654061675071716,-0.847151053453027
UBFC_PHYS_s17_T3_ctrl,29,56,30.866666666666667,-0.695325493812561,-0.9234079587553247
UBFC_PHYS_s17_T3_ctrl,29,57,30.9,-0.718923807144165,-0.9332471090196142
UBFC_PHYS_s17_T3_ctrl,29,58,30.933333333333334,-0.786558210849762,-0.8479806646463304
UBFC_PHYS_s17_T3_ctrl,29,59,30.966666666666665,-0.8716455698013306,-0.6487521012647552
UBFC_PHYS_s17_T3_ctrl,29,60,31.0,-0.9171916842460632,-0.33448892146446263
UBFC_PHYS_s17_T3_ctrl,29,61,31.033333333333335,-0.9000665545463562,0.07293743668897976
UBFC_PHYS_s17_T3_ctrl,29,62,31.066666666666666,-0.8342932462692261,0.52892437478378
UBFC_PHYS_s17_T3_ctrl,29,63,31.1,-0.7387646436691284,0.9729702103865443
UBFC_PHYS_s17_T3_ctrl,29,64,31.133333333333333,-0.6352996230125427,1.3412678443699613
UBFC_PHYS_s17_T3_ctrl,29,65,31.166666666666668,-0.5433762669563293,1.5818932175178166
UBFC_PHYS_s17_T3_ctrl,29,66,31.2,-0.4693154990673065,1.667769934760374
UBFC_PHYS_s17_T3_ctrl,29,67,31.233333333333334,-0.4109284281730652,1.602715598410767
UBFC_PHYS_s17_T3_ctrl,29,68,31.266666666666666,-0.3680628538131714,1.4182247810251514
UBFC_PHYS_s17_T3_ctrl,29,69,31.3,-0.35385236144065857,1.1622191597141336
UBFC_PHYS_s17_T3_ctrl,29,70,31.333333333333332,-0.3698420822620392,0.8840974868342989
UBFC_PHYS_s17_T3_ctrl,29,71,31.366666666666667,-0.3779071867465973,0.6216276621891983
UBFC_PHYS_s17_T3_ctrl,29,72,31.4,-0.34756651520729065,0.3940131242011753
UBFC_PHYS_s17_T3_ctrl,29,73,31.433333333333334,-0.32072576880455017,0.20255588898321303
UBFC_PHYS_s17_T3_ctrl,29,74,31.466666666666665,-0.3436100482940674,0.03717942533407082
UBFC_PHYS_s17_T3_ctrl,29,75,31.5,-0.38008442521095276,-0.11485888731657024
UBFC_PHYS_s17_T3_ctrl,29,76,31.533333333333335,-0.38051751255989075,-0.26172969014710007
UBFC_PHYS_s17_T3_ctrl,29,77,31.566666666666666,-0.36043086647987366,-0.4035480322268147
UBFC_PHYS_s17_T3_ctrl,29,78,31.6,-0.3379445970058441,-0.5331751099650698
UBFC_PHYS_s17_T3_ctrl,29,79,31.633333333333333,-0.30768585205078125,-0.6402791608424773
UBFC_PHYS_s17_T3_ctrl,29,80,31.666666666666668,-0.2862647473812103,-0.7165683834687352
UBFC_PHYS_s17_T3_ctrl,29,81,31.7,-0.2961207926273346,-0.7599142971128582
UBFC_PHYS_s17_T3_ctrl,29,82,31.733333333333334,-0.3183729648590088,-0.7758594339441385
UBFC_PHYS_s17_T3_ctrl,29,83,31.766666666666666,-0.32189634442329407,-0.7762949427557013
UBFC_PHYS_s17_T3_ctrl,29,84,31.8,-0.3140653371810913,-0.7761895109514751
UBFC_PHYS_s17_T3_ctrl,29,85,31.833333333333332,-0.3082125782966614,-0.7895561019771019
UBFC_PHYS_s17_T3_ctrl,29,86,31.866666666666667,-0.2909586727619171,-0.8253664035037375
UBFC_PHYS_s17_T3_ctrl,29,87,31.9,-0.2585812211036682,-0.8837298658778405
UBFC_PHYS_s17_T3_ctrl,29,88,31.933333333333334,-0.22745628654956818,-0.9530376997986424
UBFC_PHYS_s17_T3_ctrl,29,89,31.966666666666665,-0.20488806068897247,-1.0095110431803835
UBFC_PHYS_s17_T3_ctrl,29,90,32.0,-0.1848365217447281,-1.0207315079157808
UBFC_PHYS_s17_T3_ctrl,29,91,32.03333333333333,-0.1550811231136322,-0.9536125369043211
UBFC_PHYS_s17_T3_ctrl,29,92,32.06666666666667,-0.10275749862194061,-0.7850721387990269
UBFC_PHYS_s17_T3_ctrl,29,93,32.1,-0.03193917125463486,-0.5116463517356898
UBFC_PHYS_s17_T3_ctrl,29,94,32.13333333333333,0.0398741252720356,-0.15385010024996967
UBFC_PHYS_s17_T3_ctrl,29,95,32.166666666666664,0.11652179807424545,0.247211040582982
UBFC_PHYS_s17_T3_ctrl,29,96,32.2,0.21313907206058502,0.640224720692725
UBFC_PHYS_s17_T3_ctrl,29,97,32.233333333333334,0.3081643879413605,0.9770826275691005
UBFC_PHYS_s17_T3_ctrl,29,98,32.266666666666666,0.33287471532821655,1.2239461396990512
UBFC_PHYS_s17_T3_ctrl,29,99,32.3,0.235683873295784,1.3660396661768677
UBFC_PHYS_s17_T3_ctrl,29,100,32.333333333333336,0.041372429579496384,1.4058869366218087
UBFC_PHYS_s17_T3_ctrl,29,101,32.36666666666667,-0.16820299625396729,1.3578351928344157
UBFC_PHYS_s17_T3_ctrl,29,102,32.4,-0.31782281398773193,1.2421579969428784
UBFC_PHYS_s17_T3_ctrl,29,103,32.43333333333333,-0.3799556493759155,1.0805196808379975
UBFC_PHYS_s17_T3_ctrl,29,104,32.46666666666667,-0.3659324645996094,0.893007307964228
UBFC_PHYS_s17_T3_ctrl,29,105,32.5,-0.3058129549026489,0.6961835970100315
UBFC_PHYS_s17_T3_ctrl,29,106,32.53333333333333,-0.2295047491788864,0.5017070178997945
UBFC_PHYS_s17_T3_ctrl,29,107,32.56666666666667,-0.153372123837471,0.3156463486034795
UBFC_PHYS_s17_T3_ctrl,29,108,32.6,-0.08721258491277695,0.1390958957388052
UBFC_PHYS_s17_T3_ctrl,29,109,32.63333333333333,-0.042918939143419266,-0.02953357101513305
UBFC_PHYS_s17_T3_ctrl,29,110,32.666666666666664,-0.02546602673828602,-0.19115329140701656
UBFC_PHYS_s17_T3_ctrl,29,111,32.7,-0.027760306373238564,-0.34300781454019674
UBFC_PHYS_s17_T3_ctrl,29,112,32.733333333333334,-0.03371841087937355,-0.47739202388377533
UBFC_PHYS_s17_T3_ctrl,29,113,32.766666666666666,-0.027151620015501976,-0.5826115403263284
UBFC_PHYS_s17_T3_ctrl,29,114,32.8,-0.006971322000026703,-0.6459069343051437
UBFC_PHYS_s17_T3_ctrl,29,115,32.833333333333336,0.023521527647972107,-0.6574776132241679
UBFC_PHYS_s17_T3_ctrl,29,116,32.86666666666667,0.06794393062591553,-0.6143949489177939
UBFC_PHYS_s17_T3_ctrl,29,117,32.9,0.10554202646017075,-0.5231083946288146
UBFC_PHYS_s17_T3_ctrl,29,118,32.93333333333333,0.09422279894351959,-0.399473971066314
UBFC_PHYS_s17_T3_ctrl,29,119,32.96666666666667,0.03850457817316055,-0.2658152223831415
UBFC_PHYS_s17_T3_ctrl,29,120,33.0,-0.009780644439160824,-0.14544369398472912
UBFC_PHYS_s17_T3_ctrl,29,121,33.03333333333333,-0.02972683124244213,-0.05617413410029829
UBFC_PHYS_s17_T3_ctrl,29,122,33.06666666666667,-0.037054479122161865,-0.005226922738379392
UBFC_PHYS_s17_T3_ctrl,29,123,33.1,-0.03488896042108536,0.01225285124849376
UBFC_PHYS_s17_T3_ctrl,29,124,33.13333333333333,-0.03477190434932709,0.010313945261699358
UBFC_PHYS_s17_T3_ctrl,29,125,33.166666666666664,-0.05595887452363968,0.006179795347260136
UBFC_PHYS_s17_T3_ctrl,29,126,33.2,-0.07804717123508453,0.013614558148956875
UBFC_PHYS_s17_T3_ctrl,29,127,33.233333333333334,-0.06919780373573303,0.03826789023210141
UBFC_PHYS_s17_T3_ctrl,29,128,33.266666666666666,-0.04544733092188835,0.07653765091056737
UBFC_PHYS_s17_T3_ctrl,29,129,33.3,-0.04430019110441208,0.11791646600682762
UBFC_PHYS_s17_T3_ctrl,29,130,33.333333333333336,-0.061636049300432205,0.14946159243338025
UBFC_PHYS_s17_T3_ctrl,29,131,33.36666666666667,-0.0615658164024353,0.16050598342909297
UBFC_PHYS_s17_T3_ctrl,29,132,33.4,-0.0389624759554863,0.14607955865277483
UBFC_PHYS_s17_T3_ctrl,29,133,33.43333333333333,-0.029469309374690056,0.10819842046734453
UBFC_PHYS_s17_T3_ctrl,29,134,33.46666666666667,-0.04078853502869606,0.05472998708346955
UBFC_PHYS_s17_T3_ctrl,29,135,33.5,-0.03295755013823509,-0.003875483001385005
UBFC_PHYS_s17_T3_ctrl,29,136,33.53333333333333,0.0150467399507761,-0.05889508787831374
UBFC_PHYS_s17_T3_ctrl,29,137,33.56666666666667,0.09306395798921585,-0.10701487394278279
UBFC_PHYS_s17_T3_ctrl,29,138,33.6,0.19860082864761353,-0.15186459427469257
UBFC_PHYS_s17_T3_ctrl,29,139,33.63333333333333,0.3114887475967407,-0.20271735006300606
UBFC_PHYS_s17_T3_ctrl,29,140,33.666666666666664,0.38902604579925537,-0.2707404770169053
UBFC_PHYS_s17_T3_ctrl,29,141,33.7,0.3962366282939911,-0.3639942842870709
UBFC_PHYS_s17_T3_ctrl,29,142,33.733333333333334,0.31795018911361694,-0.48263084359136565
UBFC_PHYS_s17_T3_ctrl,29,143,33.766666666666666,0.17535367608070374,-0.6155827823210626
UBFC_PHYS_s17_T3_ctrl,29,144,33.8,0.02494960092008114,-0.7397400986801898
UBFC_PHYS_s17_T3_ctrl,29,145,33.833333333333336,-0.10880924761295319,-0.8223254597127279
UBFC_PHYS_s17_T3_ctrl,29,146,33.86666666666667,-0.22938770055770874,-0.8267938526008858
UBFC_PHYS_s17_T3_ctrl,29,147,33.9,-0.31866562366485596,-0.7218116861325844
UBFC_PHYS_s17_T3_ctrl,29,148,33.93333333333333,-0.36658796668052673,-0.49160997594169303
UBFC_PHYS_s17_T3_ctrl,29,149,33.96666666666667,-0.4022546410560608,-0.1446532196642939
UBFC_PHYS_s17_T3_ctrl,29,150,34.0,-0.46155476570129395,0.28306418573514563
UBFC_PHYS_s17_T3_ctrl,29,151,34.03333333333333,-0.5809158086776733,0.7327582293355781
UBFC_PHYS_s17_T3_ctrl,29,152,34.06666666666667,-0.7732373476028442,1.1354632051410338
UBFC_PHYS_s17_T3_ctrl,29,153,34.1,-0.9973627328872681,1.4289808917883307
UBFC_PHYS_s17_T3_ctrl,29,154,34.13333333333333,-1.205006718635559,1.573511351045926
UBFC_PHYS_s17_T3_ctrl,29,155,34.166666666666664,-1.374584436416626,1.5604349839870943
UBFC_PHYS_s17_T3_ctrl,29,156,34.2,-1.4611817598342896,1.4111843166933022
UBFC_PHYS_s17_T3_ctrl,29,157,34.233333333333334,-1.4146056175231934,1.1670638795844026
UBFC_PHYS_s17_T3_ctrl,29,158,34.266666666666666,-1.2489843368530273,0.8745760487755452
UBFC_PHYS_s17_T3_ctrl,29,159,34.3,-0.9974329471588135,0.5722680944106892
UBFC_PHYS_s17_T3_ctrl,29,160,34.333333333333336,-0.6709077954292297,0.28351122780392224
UBFC_PHYS_s17_T3_ctrl,29,161,34.36666666666667,-0.32772567868232727,0.01650621425643342
UBFC_PHYS_s17_T3_ctrl,29,162,34.4,-0.05550236254930496,-0.2298230600008738
UBFC_PHYS_s17_T3_ctrl,29,163,34.43333333333333,0.14363175630569458,-0.4570802420283472
UBFC_PHYS_s17_T3_ctrl,29,164,34.46666666666667,0.33983948826789856,-0.6597102537836144
UBFC_PHYS_s17_T3_ctrl,29,165,34.5,0.541197657585144,-0.8219374366165624
UBFC_PHYS_s17_T3_ctrl,29,166,34.53333333333333,0.6582761406898499,-0.9210222023782051
UBFC_PHYS_s17_T3_ctrl,29,167,34.56666666666667,0.6741371154785156,-0.9358570738960632
UBFC_PHYS_s17_T3_ctrl,29,168,34.6,0.7100027799606323,-0.8575593683665935
UBFC_PHYS_s17_T3_ctrl,29,169,34.63333333333333,0.8315879106521606,-0.6975064752473741
UBFC_PHYS_s17_T3_ctrl,29,170,34.666666666666664,0.9291182160377502,-0.48868635355338913
UBFC_PHYS_s17_T3_ctrl,29,171,34.7,0.9222471117973328,-0.27839967672308685
UBFC_PHYS_s17_T3_ctrl,29,172,34.733333333333334,0.8966003060340881,-0.11383470294221198
UBFC_PHYS_s17_T3_ctrl,29,173,34.766666666666666,0.9294576644897461,-0.025856078753109794
UBFC_PHYS_s17_T3_ctrl,29,174,34.8,0.9875638484954834,-0.018592664962905837
UBFC_PHYS_s17_T3_ctrl,29,175,34.833333333333336,0.906819224357605,-0.07034667801014824
UBFC_PHYS_s17_T3_ctrl,29,176,34.86666666666667,0.38661471009254456,-0.1448898109997243
UBFC_PHYS_s17_T3_ctrl,29,177,34.9,-0.5296807885169983,-0.20645814620783975
UBFC_PHYS_s17_T3_ctrl,29,178,34.93333333333333,-1.2389878034591675,-0.2313597710997094
UBFC_PHYS_s17_T3_ctrl,29,179,34.96666666666667,-1.3957948684692383,-0.21280804157412656
UBFC_PHYS_s17_T3_ctrl,29,180,35.0,-1.3408725261688232,-0.15952486091831683
UBFC_PHYS_s17_T3_ctrl,29,181,35.03333333333333,-1.3559259176254272,-0.09058419926305816
UBFC_PHYS_s17_T3_ctrl,29,182,35.06666666666667,-1.3408257961273193,-0.02873674088500059
UBFC_PHYS_s17_T3_ctrl,29,183,35.1,-1.3000671863555908,0.006426998226122176
UBFC_PHYS_s17_T3_ctrl,29,184,35.13333333333333,-1.2833282947540283,0.0042997064248935755
UBFC_PHYS_s17_T3_ctrl,29,185,35.166666666666664,-1.1534674167633057,-0.033198355339469014
UBFC_PHYS_s17_T3_ctrl,29,186,35.2,-0.8368802070617676,-0.0911340713278704
UBFC_PHYS_s17_T3_ctrl,29,187,35.233333333333334,-0.5015173554420471,-0.1441668031008064
UBFC_PHYS_s17_T3_ctrl,29,188,35.266666666666666,-0.28113773465156555,-0.16185671245917033
UBFC_PHYS_s17_T3_ctrl,29,189,35.3,-0.0975368469953537,-0.11608895435301884
UBFC_PHYS_s17_T3_ctrl,29,190,35.333333333333336,0.09451544284820557,0.010379464921926628
UBFC_PHYS_s17_T3_ctrl,29,191,35.36666666666667,0.18899060785770416,0.2160679025047418
UBFC_PHYS_s17_T3_ctrl,29,192,35.4,0.13219547271728516,0.4763882377129245
UBFC_PHYS_s17_T3_ctrl,29,193,35.43333333333333,0.018055055290460587,0.7457428367148646
UBFC_PHYS_s17_T3_ctrl,29,194,35.46666666666667,-0.05527995526790619,0.9677118720945876
UBFC_PHYS_s17_T3_ctrl,29,195,35.5,-0.11126740276813507,1.0914648706515468
UBFC_PHYS_s17_T3_ctrl,29,196,35.53333333333333,-0.21360866725444794,1.0883097534049784
UBFC_PHYS_s17_T3_ctrl,29,197,35.56666666666667,-0.3084115982055664,0.9608966679036478
UBFC_PHYS_s17_T3_ctrl,29,198,35.6,-0.27965113520622253,0.7410865739291613
UBFC_PHYS_s17_T3_ctrl,29,199,35.63333333333333,-0.11009685695171356,0.47813853411983454
UBFC_PHYS_s17_T3_ctrl,29,200,35.666666666666664,0.11739970743656158,0.22267822516801974
UBFC_PHYS_s17_T3_ctrl,29,201,35.7,0.3326406180858612,0.012619323157047198
UBFC_PHYS_s17_T3_ctrl,29,202,35.733333333333334,0.48653292655944824,-0.13453232293892547
UBFC_PHYS_s17_T3_ctrl,29,203,35.766666666666666,0.5178802609443665,-0.2216719676112047
UBFC_PHYS_s17_T3_ctrl,29,204,35.8,0.4223633408546448,-0.2662073271760004
UBFC_PHYS_s17_T3_ctrl,29,205,35.833333333333336,0.2760678827762604,-0.2918355983983835
UBFC_PHYS_s17_T3_ctrl,29,206,35.86666666666667,0.10695839673280716,-0.321204049207067
UBFC_PHYS_s17_T3_ctrl,29,207,35.9,-0.12341772019863129,-0.37107775135536947
UBFC_PHYS_s17_T3_ctrl,29,208,35.93333333333333,-0.3828117847442627,-0.4500419662754004
UBFC_PHYS_s17_T3_ctrl,29,209,35.96666666666667,-0.5681685209274292,-0.5578350032768665
UBFC_PHYS_s17_T3_ctrl,29,210,36.0,-0.6775214076042175,-0.6853096665400451
UBFC_PHYS_s17_T3_ctrl,29,211,36.03333333333333,-0.8334270715713501,-0.8147278779537311
UBFC_PHYS_s17_T3_ctrl,29,212,36.06666666666667,-1.0726994276046753,-0.9211634683351524
UBFC_PHYS_s17_T3_ctrl,29,213,36.1,-1.294834852218628,-0.9762919065816492
UBFC_PHYS_s17_T3_ctrl,29,214,36.13333333333333,-1.4151089191436768,-0.9551036061986217
UBFC_PHYS_s17_T3_ctrl,29,215,36.166666666666664,-1.4699257612228394,-0.8443311403433623
UBFC_PHYS_s17_T3_ctrl,29,216,36.2,-1.5623525381088257,-0.6495659062120162
UBFC_PHYS_s17_T3_ctrl,29,217,36.233333333333334,-1.7224253416061401,-0.39729556812786304
UBFC_PHYS_s17_T3_ctrl,29,218,36.266666666666666,-1.7952687740325928,-0.12930218200628157
UBFC_PHYS_s17_T3_ctrl,29,219,36.3,-1.547111988067627,0.10980176504426034
UBFC_PHYS_s17_T3_ctrl,29,220,36.333333333333336,-0.9735537171363831,0.286992178960906
UBFC_PHYS_s17_T3_ctrl,29,221,36.36666666666667,-0.3060002624988556,0.3904601528730482
UBFC_PHYS_s17_T3_ctrl,29,222,36.4,0.26929038763046265,0.4301162359871032
UBFC_PHYS_s17_T3_ctrl,29,223,36.43333333333333,0.7245644330978394,0.42963083678427755
UBFC_PHYS_s17_T3_ctrl,29,224,36.46666666666667,1.0414443016052246,0.414878768469432
UBFC_PHYS_s17_T3_ctrl,29,225,36.5,1.191731333732605,0.404642421891867
UBFC_PHYS_s17_T3_ctrl,29,226,36.53333333333333,1.2593072652816772,0.40690594709247213
UBFC_PHYS_s17_T3_ctrl,29,227,36.56666666666667,1.376221776008606,0.42037243830962107
UBFC_PHYS_s17_T3_ctrl,29,228,36.6,1.5479533672332764,0.4386077326673303
UBFC_PHYS_s17_T3_ctrl,29,229,36.63333333333333,1.6938625574111938,0.45410053442924414
UBFC_PHYS_s17_T3_ctrl,29,230,36.666666666666664,1.7802257537841797,0.4607340331129539
UBFC_PHYS_s17_T3_ctrl,29,231,36.7,1.8174024820327759,0.4545596587058327
UBFC_PHYS_s17_T3_ctrl,29,232,36.733333333333334,1.7813026905059814,0.4335269592019356
UBFC_PHYS_s17_T3_ctrl,29,233,36.766666666666666,1.6413867473602295,0.3968917451674883
UBFC_PHYS_s17_T3_ctrl,29,234,36.8,1.4458345174789429,0.34476412796680095
UBFC_PHYS_s17_T3_ctrl,29,235,36.833333333333336,1.252541422843933,0.2779817553404233
UBFC_PHYS_s17_T3_ctrl,29,236,36.86666666666667,1.011841058731079,0.19832043914745018
UBFC_PHYS_s17_T3_ctrl,29,237,36.9,0.6192616820335388,0.10887556336292795
UBFC_PHYS_s17_T3_ctrl,29,238,36.93333333333333,0.06241893395781517,0.01424140705726393
UBFC_PHYS_s17_T3_ctrl,29,239,36.96666666666667,-0.4939907193183899,-0.07978337379250545
UBFC_PHYS_s17_T3_ctrl,30,0,30.0,-1.6808005571365356,0.14211018563795555
UBFC_PHYS_s17_T3_ctrl,30,1,30.033333333333335,-1.4912649393081665,0.3027317835169334
UBFC_PHYS_s17_T3_ctrl,30,2,30.066666666666666,-1.2820757627487183,0.43167451569866183
UBFC_PHYS_s17_T3_ctrl,30,3,30.1,-1.1150381565093994,0.5076188142460138
UBFC_PHYS_s17_T3_ctrl,30,4,30.133333333333333,-0.9061884880065918,0.5234129558571077
UBFC_PHYS_s17_T3_ctrl,30,5,30.166666666666668,-0.5406839847564697,0.4864990100570994
UBFC_PHYS_s17_T3_ctrl,30,6,30.2,-0.10484108328819275,0.41427079353737317
UBFC_PHYS_s17_T3_ctrl,30,7,30.233333333333334,0.1842498630285263,0.32670757111804477
UBFC_PHYS_s17_T3_ctrl,30,8,30.266666666666666,0.19632995128631592,0.23960302329069058
UBFC_PHYS_s17_T3_ctrl,30,9,30.3,0.08584165573120117,0.16094147762131683
UBFC_PHYS_s17_T3_ctrl,30,10,30.333333333333332,0.26992249488830566,0.09107800801082662
UBFC_PHYS_s17_T3_ctrl,30,11,30.366666666666667,0.898215651512146,0.025620784188609125
UBFC_PHYS_s17_T3_ctrl,30,12,30.4,1.5507978200912476,-0.04076138059373453
UBFC_PHYS_s17_T3_ctrl,30,13,30.433333333333334,1.8334273099899292,-0.11115978233339101
UBFC_PHYS_s17_T3_ctrl,30,14,30.466666666666665,1.8148740530014038,-0.18489375518703005
UBFC_PHYS_s17_T3_ctrl,30,15,30.5,1.6076865196228027,-0.25795205284139505
UBFC_PHYS_s17_T3_ctrl,30,16,30.533333333333335,1.159623146057129,-0.3249420327863753
UBFC_PHYS_s17_T3_ctrl,30,17,30.566666666666666,0.6134674549102783,-0.38156560231134307
UBFC_PHYS_s17_T3_ctrl,30,18,30.6,0.1915072798728943,-0.4266616120124082
UBFC_PHYS_s17_T3_ctrl,30,19,30.633333333333333,-0.0908529981970787,-0.4631522096009468
UBFC_PHYS_s17_T3_ctrl,30,20,30.666666666666668,-0.30768585205078125,-0.4975125912289755
UBFC_PHYS_s17_T3_ctrl,30,21,30.7,-0.43757015466690063,-0.537792199382274
UBFC_PHYS_s17_T3_ctrl,30,22,30.733333333333334,-0.46874192357063293,-0.5908034180078571
UBFC_PHYS_s17_T3_ctrl,30,23,30.766666666666666,-0.49720972776412964,-0.6593314770884648
UBFC_PHYS_s17_T3_ctrl,30,24,30.8,-0.5834442377090454,-0.7398131031319837
UBFC_PHYS_s17_T3_ctrl,30,25,30.833333333333332,-0.6654061675071716,-0.8205570855599544
UBFC_PHYS_s17_T3_ctrl,30,26,30.866666666666667,-0.695325493812561,-0.8808980639996979
UBFC_PHYS_s17_T3_ctrl,30,27,30.9,-0.718923807144165,-0.8923545025473111
UBFC_PHYS_s17_T3_ctrl,30,28,30.933333333333334,-0.786558210849762,-0.8230796272178647
UBFC_PHYS_s17_T3_ctrl,30,29,30.966666666666665,-0.8716455698013306,-0.6460590843728963
UBFC_PHYS_s17_T3_ctrl,30,30,31.0,-0.9171916842460632,-0.34962374051334894
UBFC_PHYS_s17_T3_ctrl,30,31,31.033333333333335,-0.9000665545463562,0.05333412342649401
UBFC_PHYS_s17_T3_ctrl,30,32,31.066666666666666,-0.8342932462692261,0.5221684278779384
UBFC_PHYS_s17_T3_ctrl,30,33,31.1,-0.7387646436691284,0.9945722746053358
UBFC_PHYS_s17_T3_ctrl,30,34,31.133333333333333,-0.6352996230125427,1.4011187170632904
UBFC_PHYS_s17_T3_ctrl,30,35,31.166666666666668,-0.5433762669563293,1.683223591676324
UBFC_PHYS_s17_T3_ctrl,30,36,31.2,-0.4693154990673065,1.8079529106356507
UBFC_PHYS_s17_T3_ctrl,30,37,31.233333333333334,-0.4109284281730652,1.7745801573075173
UBFC_PHYS_s17_T3_ctrl,30,38,31.266666666666666,-0.3680628538131714,1.6111453754317655
UBFC_PHYS_s17_T3_ctrl,30,39,31.3,-0.35385236144065857,1.3629827389951317
UBFC_PHYS_s17_T3_ctrl,30,40,31.333333333333332,-0.3698420822620392,1.0778879947067666
UBFC_PHYS_s17_T3_ctrl,30,41,31.366666666666667,-0.3779071867465973,0.79336296176484
UBFC_PHYS_s17_T3_ctrl,30,42,31.4,-0.34756651520729065,0.5300092251024935
UBFC_PHYS_s17_T3_ctrl,30,43,31.433333333333334,-0.32072576880455017,0.2923112736139704
UBFC_PHYS_s17_T3_ctrl,30,44,31.466666666666665,-0.3436100482940674,0.0749824058287509
UBFC_PHYS_s17_T3_ctrl,30,45,31.5,-0.38008442521095276,-0.12887303035846612
UBFC_PHYS_s17_T3_ctrl,30,46,31.533333333333335,-0.38051751255989075,-0.3215232578819188
UBFC_PHYS_s17_T3_ctrl,30,47,31.566666666666666,-0.36043086647987366,-0.4985014523781316
UBFC_PHYS_s17_T3_ctrl,30,48,31.6,-0.3379445970058441,-0.6507385367003203
UBFC_PHYS_s17_T3_ctrl,30,49,31.633333333333333,-0.30768585205078125,-0.7692710679689251
UBFC_PHYS_s17_T3_ctrl,30,50,31.666666666666668,-0.2862647473812103,-0.8499769011027736
UBFC_PHYS_s17_T3_ctrl,30,51,31.7,-0.2961207926273346,-0.8960509027745003
UBFC_PHYS_s17_T3_ctrl,30,52,31.733333333333334,-0.3183729648590088,-0.9171691827269935
UBFC_PHYS_s17_T3_ctrl,30,53,31.766666666666666,-0.32189634442329407,-0.9259380817551922
UBFC_PHYS_s17_T3_ctrl,30,54,31.8,-0.3140653371810913,-0.9334838995375602
UBFC_PHYS_s17_T3_ctrl,30,55,31.833333333333332,-0.3082125782966614,-0.9461195066174942
UBFC_PHYS_s17_T3_ctrl,30,56,31.866666666666667,-0.2909586727619171,-0.9638752804547055
UBFC_PHYS_s17_T3_ctrl,30,57,31.9,-0.2585812211036682,-0.980468292729978
UBFC_PHYS_s17_T3_ctrl,30,58,31.933333333333334,-0.22745628654956818,-0.9840675964467945
UBFC_PHYS_s17_T3_ctrl,30,59,31.966666666666665,-0.20488806068897247,-0.9587049580989293
UBFC_PHYS_s17_T3_ctrl,30,60,32.0,-0.1848365217447281,-0.886587023405395
UBFC_PHYS_s17_T3_ctrl,30,61,32.03333333333333,-0.1550811231136322,-0.7516319432177773
UBFC_PHYS_s17_T3_ctrl,30,62,32.06666666666667,-0.10275749862194061,-0.5442396656194347
UBFC_PHYS_s17_T3_ctrl,30,63,32.1,-0.03193917125463486,-0.26638073132935264
UBFC_PHYS_s17_T3_ctrl,30,64,32.13333333333333,0.0398741252720356,0.06515321115553388
UBFC_PHYS_s17_T3_ctrl,30,65,32.166666666666664,0.11652179807424545,0.41974058419221155
UBFC_PHYS_s17_T3_ctrl,30,66,32.2,0.21313907206058502,0.7589305028408225
UBFC_PHYS_s17_T3_ctrl,30,67,32.233333333333334,0.3081643879413605,1.0455719106924133
UBFC_PHYS_s17_T3_ctrl,30,68,32.266666666666666,0.33287471532821655,1.2523019496275694
UBFC_PHYS_s17_T3_ctrl,30,69,32.3,0.235683873295784,1.3659490934317529
UBFC_PHYS_s17_T3_ctrl,30,70,32.333333333333336,0.041372429579496384,1.386941828548217
UBFC_PHYS_s17_T3_ctrl,30,71,32.36666666666667,-0.16820299625396729,1.3254911304585637
UBFC_PHYS_s17_T3_ctrl,30,72,32.4,-0.31782281398773193,1.1971397616396906
UBFC_PHYS_s17_T3_ctrl,30,73,32.43333333333333,-0.3799556493759155,1.0194019857624228
UBFC_PHYS_s17_T3_ctrl,30,74,32.46666666666667,-0.3659324645996094,0.809878368020021
UBFC_PHYS_s17_T3_ctrl,30,75,32.5,-0.3058129549026489,0.5852468368026704
UBFC_PHYS_s17_T3_ctrl,30,76,32.53333333333333,-0.2295047491788864,0.36027663901339574
UBFC_PHYS_s17_T3_ctrl,30,77,32.56666666666667,-0.153372123837471,0.1465619948125528
UBFC_PHYS_s17_T3_ctrl,30,78,32.6,-0.08721258491277695,-0.048405731161765955
UBFC_PHYS_s17_T3_ctrl,30,79,32.63333333333333,-0.042918939143419266,-0.22088342189472793
UBFC_PHYS_s17_T3_ctrl,30,80,32.666666666666664,-0.02546602673828602,-0.3690755270998907
UBFC_PHYS_s17_T3_ctrl,30,81,32.7,-0.027760306373238564,-0.4908407457787363
UBFC_PHYS_s17_T3_ctrl,30,82,32.733333333333334,-0.03371841087937355,-0.58226649988717
UBFC_PHYS_s17_T3_ctrl,30,83,32.766666666666666,-0.027151620015501976,-0.6379544131340146
UBFC_PHYS_s17_T3_ctrl,30,84,32.8,-0.006971322000026703,-0.6528686090519484
UBFC_PHYS_s17_T3_ctrl,30,85,32.833333333333336,0.023521527647972107,-0.6248281081271585
UBFC_PHYS_s17_T3_ctrl,30,86,32.86666666666667,0.06794393062591553,-0.5566002496411059
UBFC_PHYS_s17_T3_ctrl,30,87,32.9,0.10554202646017075,-0.4568342358224535
UBFC_PHYS_s17_T3_ctrl,30,88,32.93333333333333,0.09422279894351959,-0.33937911773763757
UBFC_PHYS_s17_T3_ctrl,30,89,32.96666666666667,0.03850457817316055,-0.22088206423027157
UBFC_PHYS_s17_T3_ctrl,30,90,33.0,-0.009780644439160824,-0.11709744454323222
UBFC_PHYS_s17_T3_ctrl,30,91,33.03333333333333,-0.02972683124244213,-0.038945487190098584
UBFC_PHYS_s17_T3_ctrl,30,92,33.06666666666667,-0.037054479122161865,0.010266964888495064
UBFC_PHYS_s17_T3_ctrl,30,93,33.1,-0.03488896042108536,0.035270012473591565
UBFC_PHYS_s17_T3_ctrl,30,94,33.13333333333333,-0.03477190434932709,0.04659234029032253
UBFC_PHYS_s17_T3_ctrl,30,95,33.166666666666664,-0.05595887452363968,0.05645285146333461
UBFC_PHYS_s17_T3_ctrl,30,96,33.2,-0.07804717123508453,0.07430074183410498
UBFC_PHYS_s17_T3_ctrl,30,97,33.233333333333334,-0.06919780373573303,0.10362193300896849
UBFC_PHYS_s17_T3_ctrl,30,98,33.266666666666666,-0.04544733092188835,0.14112349422818926
UBFC_PHYS_s17_T3_ctrl,30,99,33.3,-0.04430019110441208,0.17846887546819099
UBFC_PHYS_s17_T3_ctrl,30,100,33.333333333333336,-0.061636049300432205,0.20571728160972946
UBFC_PHYS_s17_T3_ctrl,30,101,33.36666666666667,-0.0615658164024353,0.2150328415764943
UBFC_PHYS_s17_T3_ctrl,30,102,33.4,-0.0389624759554863,0.20334554963683912
UBFC_PHYS_s17_T3_ctrl,30,103,33.43333333333333,-0.029469309374690056,0.17317613163281204
UBFC_PHYS_s17_T3_ctrl,30,104,33.46666666666667,-0.04078853502869606,0.13139886995532024
UBFC_PHYS_s17_T3_ctrl,30,105,33.5,-0.03295755013823509,0.08630591648674274
UBFC_PHYS_s17_T3_ctrl,30,106,33.53333333333333,0.0150467399507761,0.04397393696559563
UBFC_PHYS_s17_T3_ctrl,30,107,33.56666666666667,0.09306395798921585,0.0052929517892795755
UBFC_PHYS_s17_T3_ctrl,30,108,33.6,0.19860082864761353,-0.03519372861815427
UBFC_PHYS_s17_T3_ctrl,30,109,33.63333333333333,0.3114887475967407,-0.08813173155525292
UBFC_PHYS_s17_T3_ctrl,30,110,33.666666666666664,0.38902604579925537,-0.16609440044936302
UBFC_PHYS_s17_T3_ctrl,30,111,33.7,0.3962366282939911,-0.27894737430231675
UBFC_PHYS_s17_T3_ctrl,30,112,33.733333333333334,0.31795018911361694,-0.42881063127823793
UBFC_PHYS_s17_T3_ctrl,30,113,33.766666666666666,0.17535367608070374,-0.6057712422779479
UBFC_PHYS_s17_T3_ctrl,30,114,33.8,0.02494960092008114,-0.7857463837234199
UBFC_PHYS_s17_T3_ctrl,30,115,33.833333333333336,-0.10880924761295319,-0.9319401895092977
UBFC_PHYS_s17_T3_ctrl,30,116,33.86666666666667,-0.22938770055770874,-1.0008039910017583
UBFC_PHYS_s17_T3_ctrl,30,117,33.9,-0.31866562366485596,-0.9521818028687792
UBFC_PHYS_s17_T3_ctrl,30,118,33.93333333333333,-0.36658796668052673,-0.7616239004796569
UBFC_PHYS_s17_T3_ctrl,30,119,33.96666666666667,-0.4022546410560608,-0.4312141915337063
UBFC_PHYS_s17_T3_ctrl,30,120,34.0,-0.46155476570129395,0.00547817596488461
UBFC_PHYS_s17_T3_ctrl,30,121,34.03333333333333,-0.5809158086776733,0.4875836263409274
UBFC_PHYS_s17_T3_ctrl,30,122,34.06666666666667,-0.7732373476028442,0.9403356427423178
UBFC_PHYS_s17_T3_ctrl,30,123,34.1,-0.9973627328872681,1.2938394860561107
UBFC_PHYS_s17_T3_ctrl,30,124,34.13333333333333,-1.205006718635559,1.5006460769215813
UBFC_PHYS_s17_T3_ctrl,30,125,34.166666666666664,-1.374584436416626,1.545699496262159
UBFC_PHYS_s17_T3_ctrl,30,126,34.2,-1.4611817598342896,1.4454678130709153
UBFC_PHYS_s17_T3_ctrl,30,127,34.233333333333334,-1.4146056175231934,1.2378010028175028
UBFC_PHYS_s17_T3_ctrl,30,128,34.266666666666666,-1.2489843368530273,0.9677887343142425
UBFC_PHYS_s17_T3_ctrl,30,129,34.3,-0.9974329471588135,0.6755538248483359
UBFC_PHYS_s17_T3_ctrl,30,130,34.333333333333336,-0.6709077954292297,0.3893792476567608
UBFC_PHYS_s17_T3_ctrl,30,131,34.36666666666667,-0.32772567868232727,0.12442733905689392
UBFC_PHYS_s17_T3_ctrl,30,132,34.4,-0.05550236254930496,-0.11411092858405368
UBFC_PHYS_s17_T3_ctrl,30,133,34.43333333333333,0.14363175630569458,-0.3250476895142801
UBFC_PHYS_s17_T3_ctrl,30,134,34.46666666666667,0.33983948826789856,-0.5048653281533763
UBFC_PHYS_s17_T3_ctrl,30,135,34.5,0.541197657585144,-0.6440256405394872
UBFC_PHYS_s17_T3_ctrl,30,136,34.53333333333333,0.6582761406898499,-0.7280185853439072
UBFC_PHYS_s17_T3_ctrl,30,137,34.56666666666667,0.6741371154785156,-0.7430878297002169
UBFC_PHYS_s17_T3_ctrl,30,138,34.6,0.7100027799606323,-0.6842277142341199
UBFC_PHYS_s17_T3_ctrl,30,139,34.63333333333333,0.8315879106521606,-0.5616117627453897
UBFC_PHYS_s17_T3_ctrl,30,140,34.666666666666664,0.9291182160377502,-0.40182304439662786
UBFC_PHYS_s17_T3_ctrl,30,141,34.7,0.9222471117973328,-0.2422024185385441
UBFC_PHYS_s17_T3_ctrl,30,142,34.733333333333334,0.8966003060340881,-0.11969746201280826
UBFC_PHYS_s17_T3_ctrl,30,143,34.766666666666666,0.9294576644897461,-0.05858184699103049
UBFC_PHYS_s17_T3_ctrl,30,144,34.8,0.9875638484954834,-0.06274039270592081
UBFC_PHYS_s17_T3_ctrl,30,145,34.833333333333336,0.906819224357605,-0.11633946288337652
UBFC_PHYS_s17_T3_ctrl,30,146,34.86666666666667,0.38661471009254456,-0.19201891193311327
UBFC_PHYS_s17_T3_ctrl,30,147,34.9,-0.5296807885169983,-0.2617988446426557
UBFC_PHYS_s17_T3_ctrl,30,148,34.93333333333333,-1.2389878034591675,-0.30572284716854475
UBFC_PHYS_s17_T3_ctrl,30,149,34.96666666666667,-1.3957948684692383,-0.3158934241954065
UBFC_PHYS_s17_T3_ctrl,30,150,35.0,-1.3408725261688232,-0.2962635842784737
UBFC_PHYS_s17_T3_ctrl,30,151,35.03333333333333,-1.3559259176254272,-0.2596872064672288
UBFC_PHYS_s17_T3_ctrl,30,152,35.06666666666667,-1.3408257961273193,-0.22330383582949725
UBFC_PHYS_s17_T3_ctrl,30,153,35.1,-1.3000671863555908,-0.20284057787660473
UBFC_PHYS_s17_T3_ctrl,30,154,35.13333333333333,-1.2833282947540283,-0.20695881452737017
UBFC_PHYS_s17_T3_ctrl,30,155,35.166666666666664,-1.1534674167633057,-0.23339520117540188
UBFC_PHYS_s17_T3_ctrl,30,156,35.2,-0.8368802070617676,-0.268152552484667
UBFC_PHYS_s17_T3_ctrl,30,157,35.233333333333334,-0.5015173554420471,-0.287918819902168
UBFC_PHYS_s17_T3_ctrl,30,158,35.266666666666666,-0.28113773465156555,-0.26522095440582527
UBFC_PHYS_s17_T3_ctrl,30,159,35.3,-0.0975368469953537,-0.1755592076963882
UBFC_PHYS_s17_T3_ctrl,30,160,35.333333333333336,0.09451544284820557,-0.005439780406481744
UBFC_PHYS_s17_T3_ctrl,30,161,35.36666666666667,0.18899060785770416,0.24041346906186184
UBFC_PHYS_s17_T3_ctrl,30,162,35.4,0.13219547271728516,0.5351649847750986
UBFC_PHYS_s17_T3_ctrl,30,163,35.43333333333333,0.018055055290460587,0.8321381163321623
UBFC_PHYS_s17_T3_ctrl,30,164,35.46666666666667,-0.05527995526790619,1.0750665170428393
UBFC_PHYS_s17_T3_ctrl,30,165,35.5,-0.11126740276813507,1.2146631216761756
UBFC_PHYS_s17_T3_ctrl,30,166,35.53333333333333,-0.21360866725444794,1.2249912682271564
UBFC_PHYS_s17_T3_ctrl,30,167,35.56666666666667,-0.3084115982055664,1.1114960593691912
UBFC_PHYS_s17_T3_ctrl,30,168,35.6,-0.27965113520622253,0.9069511840056969
UBFC_PHYS_s17_T3_ctrl,30,169,35.63333333333333,-0.11009685695171356,0.658260872707856
UBFC_PHYS_s17_T3_ctrl,30,170,35.666666666666664,0.11739970743656158,0.4107953412405802
UBFC_PHYS_s17_T3_ctrl,30,171,35.7,0.3326406180858612,0.19657812976355238
UBFC_PHYS_s17_T3_ctrl,30,172,35.733333333333334,0.48653292655944824,0.02970864085869974
UBFC_PHYS_s17_T3_ctrl,30,173,35.766666666666666,0.5178802609443665,-0.09127616043890474
UBFC_PHYS_s17_T3_ctrl,30,174,35.8,0.4223633408546448,-0.1771632999712185
UBFC_PHYS_s17_T3_ctrl,30,175,35.833333333333336,0.2760678827762604,-0.24167577727300035
UBFC_PHYS_s17_T3_ctrl,30,176,35.86666666666667,0.10695839673280716,-0.297228571201967
UBFC_PHYS_s17_T3_ctrl,30,177,35.9,-0.12341772019863129,-0.35310665080596176
UBFC_PHYS_s17_T3_ctrl,30,178,35.93333333333333,-0.3828117847442627,-0.41523050461699074
UBFC_PHYS_s17_T3_ctrl,30,179,35.96666666666667,-0.5681685209274292,-0.4864627471872262
UBFC_PHYS_s17_T3_ctrl,30,180,36.0,-0.6775214076042175,-0.5665568791500936
UBFC_PHYS_s17_T3_ctrl,30,181,36.03333333333333,-0.8334270715713501,-0.6514162026587913
UBFC_PHYS_s17_T3_ctrl,30,182,36.06666666666667,-1.0726994276046753,-0.7322965051886539
UBFC_PHYS_s17_T3_ctrl,30,183,36.1,-1.294834852218628,-0.796163595039222
UBFC_PHYS_s17_T3_ctrl,30,184,36.13333333333333,-1.4151089191436768,-0.8279763453525514
UBFC_PHYS_s17_T3_ctrl,30,185,36.166666666666664,-1.4699257612228394,-0.8146176518806785
UBFC_PHYS_s17_T3_ctrl,30,186,36.2,-1.5623525381088257,-0.7492891992685812
UBFC_PHYS_s17_T3_ctrl,30,187,36.233333333333334,-1.7224253416061401,-0.6346953715731778
UBFC_PHYS_s17_T3_ctrl,30,188,36.266666666666666,-1.7952687740325928,-0.48339851190300137
UBFC_PHYS_s17_T3_ctrl,30,189,36.3,-1.547111988067627,-0.31468002432044523
UBFC_PHYS_s17_T3_ctrl,30,190,36.333333333333336,-0.9735537171363831,-0.1489779072726817
UBFC_PHYS_s17_T3_ctrl,30,191,36.36666666666667,-0.3060002624988556,-0.0023875736437083996
UBFC_PHYS_s17_T3_ctrl,30,192,36.4,0.26929038763046265,0.11632068214357441
UBFC_PHYS_s17_T3_ctrl,30,193,36.43333333333333,0.7245644330978394,0.20533563573620006
UBFC_PHYS_s17_T3_ctrl,30,194,36.46666666666667,1.0414443016052246,0.2674478768600463
UBFC_PHYS_s17_T3_ctrl,30,195,36.5,1.191731333732605,0.3079096699860659
UBFC_PHYS_s17_T3_ctrl,30,196,36.53333333333333,1.2593072652816772,0.3333970650156764
UBFC_PHYS_s17_T3_ctrl,30,197,36.56666666666667,1.376221776008606,0.3512295050794796
UBFC_PHYS_s17_T3_ctrl,30,198,36.6,1.5479533672332764,0.3678367798682824
UBFC_PHYS_s17_T3_ctrl,30,199,36.63333333333333,1.6938625574111938,0.3865758762571953
UBFC_PHYS_s17_T3_ctrl,30,200,36.666666666666664,1.7802257537841797,0.40602803569539203
UBFC_PHYS_s17_T3_ctrl,30,201,36.7,1.8174024820327759,0.42002545112358736
UBFC_PHYS_s17_T3_ctrl,30,202,36.733333333333334,1.7813026905059814,0.419832970879468
UBFC_PHYS_s17_T3_ctrl,30,203,36.766666666666666,1.6413867473602295,0.39782792568964664
UBFC_PHYS_s17_T3_ctrl,30,204,36.8,1.4458345174789429,0.35139081673021655
UBFC_PHYS_s17_T3_ctrl,30,205,36.833333333333336,1.252541422843933,0.28559673320213536
UBFC_PHYS_s17_T3_ctrl,30,206,36.86666666666667,1.011841058731079,0.2134838400889193
UBFC_PHYS_s17_T3_ctrl,30,207,36.9,0.6192616820335388,0.15319561521512734
UBFC_PHYS_s17_T3_ctrl,30,208,36.93333333333333,0.06241893395781517,0.12226878308808131
UBFC_PHYS_s17_T3_ctrl,30,209,36.96666666666667,-0.4939907193183899,0.13076926552683615
UBFC_PHYS_s17_T3_ctrl,30,210,37.0,-0.7526707649230957,0.1762891726138269
UBFC_PHYS_s17_T3_ctrl,30,211,37.03333333333333,-0.5309098958969116,0.24366493640650652
UBFC_PHYS_s17_T3_ctrl,30,212,37.06666666666667,-0.04130357876420021,0.3100509148813305
UBFC_PHYS_s17_T3_ctrl,30,213,37.1,0.41860586404800415,0.353089279713261
UBFC_PHYS_s17_T3_ctrl,30,214,37.13333333333333,0.7711055278778076,0.35834154520797973
UBFC_PHYS_s17_T3_ctrl,30,215,37.166666666666664,1.0392085313796997,0.32278620762874144
UBFC_PHYS_s17_T3_ctrl,30,216,37.2,1.1802482604980469,0.2535508988757321
UBFC_PHYS_s17_T3_ctrl,30,217,37.233333333333334,1.2099567651748657,0.16345169454622802
UBFC_PHYS_s17_T3_ctrl,30,218,37.266666666666666,1.2485849857330322,0.06585309590385789
UBFC_PHYS_s17_T3_ctrl,30,219,37.3,1.35214364528656,-0.029211895021103922
UBFC_PHYS_s17_T3_ctrl,30,220,37.333333333333336,1.4643526077270508,-0.11694190801596847
UBFC_PHYS_s17_T3_ctrl,30,221,37.36666666666667,1.5441490411758423,-0.19789436279998548
UBFC_PHYS_s17_T3_ctrl,30,222,37.4,1.6029809713363647,-0.2767370986547175
UBFC_PHYS_s17_T3_ctrl,30,223,37.43333333333333,1.6325021982192993,-0.3598589573743577
UBFC_PHYS_s17_T3_ctrl,30,224,37.46666666666667,1.6004408597946167,-0.4521181244022753
UBFC_PHYS_s17_T3_ctrl,30,225,37.5,1.5132230520248413,-0.5532951632234254
UBFC_PHYS_s17_T3_ctrl,30,226,37.53333333333333,1.3948101997375488,-0.6551251641521071
UBFC_PHYS_s17_T3_ctrl,30,227,37.56666666666667,1.2358962297439575,-0.7400033255675708
UBFC_PHYS_s17_T3_ctrl,30,228,37.6,1.031213641166687,-0.782491290416697
UBFC_PHYS_s17_T3_ctrl,30,229,37.63333333333333,0.82145094871521,-0.7544056002620868
UBFC_PHYS_s17_T3_ctrl,30,230,37.666666666666664,0.6428014636039734,-0.6333476099488173
UBFC_PHYS_s17_T3_ctrl,30,231,37.7,0.4496488571166992,-0.41296803774277385
UBFC_PHYS_s17_T3_ctrl,30,232,37.733333333333334,0.17701587080955505,-0.1114749793771371
UBFC_PHYS_s17_T3_ctrl,30,233,37.766666666666666,-0.11151321977376938,0.22602105281270768
UBFC_PHYS_s17_T3_ctrl,30,234,37.8,-0.2784923017024994,0.5346327015299058
UBFC_PHYS_s17_T3_ctrl,30,235,37.833333333333336,-0.3095587193965912,0.7460248522736438
UBFC_PHYS_s17_T3_ctrl,30,236,37.86666666666667,-0.27409103512763977,0.8088591998737878
UBFC_PHYS_s17_T3_ctrl,30,237,37.9,-0.2087859958410263,0.7055010780973932
UBFC_PHYS_s17_T3_ctrl,30,238,37.93333333333333,-0.1470160335302353,0.45870382511740987
UBFC_PHYS_s17_T3_ctrl,30,239,37.96666666666667,-0.13950109481811523,0.12635043737541762
UBFC_PHYS_s17_T3_ctrl,31,0,31.0,-0.9171916842460632,0.08957673117767442
UBFC_PHYS_s17_T3_ctrl,31,1,31.033333333333335,-0.9000665545463562,0.4334867305695627
UBFC_PHYS_s17_T3_ctrl,31,2,31.066666666666666,-0.8342932462692261,0.75091122152713
UBFC_PHYS_s17_T3_ctrl,31,3,31.1,-0.7387646436691284,1.016359986828832
UBFC_PHYS_s17_T3_ctrl,31,4,31.133333333333333,-0.6352996230125427,1.207305328917597
UBFC_PHYS_s17_T3_ctrl,31,5,31.166666666666668,-0.5433762669563293,1.3077915751873936
UBFC_PHYS_s17_T3_ctrl,31,6,31.2,-0.4693154990673065,1.3121070072897423
UBFC_PHYS_s17_T3_ctrl,31,7,31.233333333333334,-0.4109284281730652,1.2267820517653762
UBFC_PHYS_s17_T3_ctrl,31,8,31.266666666666666,-0.3680628538131714,1.069575364224346
UBFC_PHYS_s17_T3_ctrl,31,9,31.3,-0.35385236144065857,0.8652461319159499
UBFC_PHYS_s17_T3_ctrl,31,10,31.333333333333332,-0.3698420822620392,0.6394729404817686
UBFC_PHYS_s17_T3_ctrl,31,11,31.366666666666667,-0.3779071867465973,0.41331483782126544
UBFC_PHYS_s17_T3_ctrl,31,12,31.4,-0.34756651520729065,0.2003374270590177
UBFC_PHYS_s17_T3_ctrl,31,13,31.433333333333334,-0.32072576880455017,0.007115313471832814
UBFC_PHYS_s17_T3_ctrl,31,14,31.466666666666665,-0.3436100482940674,-0.16389191869006078
UBFC_PHYS_s17_T3_ctrl,31,15,31.5,-0.38008442521095276,-0.311116655991848
UBFC_PHYS_s17_T3_ctrl,31,16,31.533333333333335,-0.38051751255989075,-0.43211767581069793
UBFC_PHYS_s17_T3_ctrl,31,17,31.566666666666666,-0.36043086647987366,-0.5239304427878794
UBFC_PHYS_s17_T3_ctrl,31,18,31.6,-0.3379445970058441,-0.584900750728025
UBFC_PHYS_s17_T3_ctrl,31,19,31.633333333333333,-0.30768585205078125,-0.6166133959892939
UBFC_PHYS_s17_T3_ctrl,31,20,31.666666666666668,-0.2862647473812103,-0.6246298546716236
UBFC_PHYS_s17_T3_ctrl,31,21,31.7,-0.2961207926273346,-0.6175490569496661
UBFC_PHYS_s17_T3_ctrl,31,22,31.733333333333334,-0.3183729648590088,-0.6049089554042111
UBFC_PHYS_s17_T3_ctrl,31,23,31.766666666666666,-0.32189634442329407,-0.5950737121287575
UBFC_PHYS_s17_T3_ctrl,31,24,31.8,-0.3140653371810913,-0.5941029279921246
UBFC_PHYS_s17_T3_ctrl,31,25,31.833333333333332,-0.3082125782966614,-0.6056692791746555
UBFC_PHYS_s17_T3_ctrl,31,26,31.866666666666667,-0.2909586727619171,-0.6309648024119449
UBFC_PHYS_s17_T3_ctrl,31,27,31.9,-0.2585812211036682,-0.6673618318612505
UBFC_PHYS_s17_T3_ctrl,31,28,31.933333333333334,-0.22745628654956818,-0.7058950840746347
UBFC_PHYS_s17_T3_ctrl,31,29,31.966666666666665,-0.20488806068897247,-0.7293459300300642
UBFC_PHYS_s17_T3_ctrl,31,30,32.0,-0.1848365217447281,-0.7133362003428593
UBFC_PHYS_s17_T3_ctrl,31,31,32.03333333333333,-0.1550811231136322,-0.6317668796618127
UBFC_PHYS_s17_T3_ctrl,31,32,32.06666666666667,-0.10275749862194061,-0.4656154184936011
UBFC_PHYS_s17_T3_ctrl,31,33,32.1,-0.03193917125463486,-0.21183192857936822
UBFC_PHYS_s17_T3_ctrl,31,34,32.13333333333333,0.0398741252720356,0.11175245193281325
UBFC_PHYS_s17_T3_ctrl,31,35,32.166666666666664,0.11652179807424545,0.468286180157307
UBFC_PHYS_s17_T3_ctrl,31,36,32.2,0.21313907206058502,0.810326383501462
UBFC_PHYS_s17_T3_ctrl,31,37,32.233333333333334,0.3081643879413605,1.0916407227184315
UBFC_PHYS_s17_T3_ctrl,31,38,32.266666666666666,0.33287471532821655,1.2779009535643624
UBFC_PHYS_s17_T3_ctrl,31,39,32.3,0.235683873295784,1.3528168905020879
UBFC_PHYS_s17_T3_ctrl,31,40,32.333333333333336,0.041372429579496384,1.318845586833891
UBFC_PHYS_s17_T3_ctrl,31,41,32.36666666666667,-0.16820299625396729,1.1938453948877497
UBFC_PHYS_s17_T3_ctrl,31,42,32.4,-0.31782281398773193,1.0055610859739894
UBFC_PHYS_s17_T3_ctrl,31,43,32.43333333333333,-0.3799556493759155,0.7852312167457306
UBFC_PHYS_s17_T3_ctrl,31,44,32.46666666666667,-0.3659324645996094,0.5611875875313483
UBFC_PHYS_s17_T3_ctrl,31,45,32.5,-0.3058129549026489,0.35350052029813855
UBFC_PHYS_s17_T3_ctrl,31,46,32.53333333333333,-0.2295047491788864,0.17109410317270757
UBFC_PHYS_s17_T3_ctrl,31,47,32.56666666666667,-0.153372123837471,0.012440727818276726
UBFC_PHYS_s17_T3_ctrl,31,48,32.6,-0.08721258491277695,-0.13041582888619577
UBFC_PHYS_s17_T3_ctrl,31,49,32.63333333333333,-0.042918939143419266,-0.26624123177745723
UBFC_PHYS_s17_T3_ctrl,31,50,32.666666666666664,-0.02546602673828602,-0.39962251440500196
UBFC_PHYS_s17_T3_ctrl,31,51,32.7,-0.027760306373238564,-0.5282377235890682
UBFC_PHYS_s17_T3_ctrl,31,52,32.733333333333334,-0.03371841087937355,-0.6428772245238561
UBFC_PHYS_s17_T3_ctrl,31,53,32.766666666666666,-0.027151620015501976,-0.7297196853019424
UBFC_PHYS_s17_T3_ctrl,31,54,32.8,-0.006971322000026703,-0.7739302948300137
UBFC_PHYS_s17_T3_ctrl,31,55,32.833333333333336,0.023521527647972107,-0.7636777532283822
UBFC_PHYS_s17_T3_ctrl,31,56,32.86666666666667,0.06794393062591553,-0.6938268275199427
UBFC_PHYS_s17_T3_ctrl,31,57,32.9,0.10554202646017075,-0.5686179622402314
UBFC_PHYS_s17_T3_ctrl,31,58,32.93333333333333,0.09422279894351959,-0.4025671288992185
UBFC_PHYS_s17_T3_ctrl,31,59,32.96666666666667,0.03850457817316055,-0.21879844618337982
UBFC_PHYS_s17_T3_ctrl,31,60,33.0,-0.009780644439160824,-0.04440814961763362
UBFC_PHYS_s17_T3_ctrl,31,61,33.03333333333333,-0.02972683124244213,0.09639485419209766
UBFC_PHYS_s17_T3_ctrl,31,62,33.06666666666667,-0.037054479122161865,0.18904100158544754
UBFC_PHYS_s17_T3_ctrl,31,63,33.1,-0.03488896042108536,0.23228831590689134
UBFC_PHYS_s17_T3_ctrl,31,64,33.13333333333333,-0.03477190434932709,0.23717381207938093
UBFC_PHYS_s17_T3_ctrl,31,65,33.166666666666664,-0.05595887452363968,0.22184554076432825
UBFC_PHYS_s17_T3_ctrl,31,66,33.2,-0.07804717123508453,0.2046328883406825
UBFC_PHYS_s17_T3_ctrl,31,67,33.233333333333334,-0.06919780373573303,0.19811852197316765
UBFC_PHYS_s17_T3_ctrl,31,68,33.266666666666666,-0.04544733092188835,0.20611355522705777
UBFC_PHYS_s17_T3_ctrl,31,69,33.3,-0.04430019110441208,0.22400038936068303
UBFC_PHYS_s17_T3_ctrl,31,70,33.333333333333336,-0.061636049300432205,0.24168684931381526
UBFC_PHYS_s17_T3_ctrl,31,71,33.36666666666667,-0.0615658164024353,0.2477916397170502
UBFC_PHYS_s17_T3_ctrl,31,72,33.4,-0.0389624759554863,0.23364337891173062
UBFC_PHYS_s17_T3_ctrl,31,73,33.43333333333333,-0.029469309374690056,0.19598132062787935
UBFC_PHYS_s17_T3_ctrl,31,74,33.46666666666667,-0.04078853502869606,0.13767937698997532
UBFC_PHYS_s17_T3_ctrl,31,75,33.5,-0.03295755013823509,0.06638727641719572
UBFC_PHYS_s17_T3_ctrl,31,76,33.53333333333333,0.0150467399507761,-0.008333352540938074
UBFC_PHYS_s17_T3_ctrl,31,77,33.56666666666667,0.09306395798921585,-0.0783322695229266
UBFC_PHYS_s17_T3_ctrl,31,78,33.6,0.19860082864761353,-0.13961480138918006
UBFC_PHYS_s17_T3_ctrl,31,79,33.63333333333333,0.3114887475967407,-0.19378311143652316
UBFC_PHYS_s17_T3_ctrl,31,80,33.666666666666664,0.38902604579925537,-0.24777477100535414
UBFC_PHYS_s17_T3_ctrl,31,81,33.7,0.3962366282939911,-0.31173225781921926
UBFC_PHYS_s17_T3_ctrl,31,82,33.733333333333334,0.31795018911361694,-0.3950891255790301
UBFC_PHYS_s17_T3_ctrl,31,83,33.766666666666666,0.17535367608070374,-0.5014556046661585
UBFC_PHYS_s17_T3_ctrl,31,84,33.8,0.02494960092008114,-0.6236633037120372
UBFC_PHYS_s17_T3_ctrl,31,85,33.833333333333336,-0.10880924761295319,-0.7409985008526012
UBFC_PHYS_s17_T3_ctrl,31,86,33.86666666666667,-0.22938770055770874,-0.8206564356208012
UBFC_PHYS_s17_T3_ctrl,31,87,33.9,-0.31866562366485596,-0.8244111683906136
UBFC_PHYS_s17_T3_ctrl,31,88,33.93333333333333,-0.36658796668052673,-0.7195365971744581
UBFC_PHYS_s17_T3_ctrl,31,89,33.96666666666667,-0.4022546410560608,-0.49090922212617655
UBFC_PHYS_s17_T3_ctrl,31,90,34.0,-0.46155476570129395,-0.14998203009158223
UBFC_PHYS_s17_T3_ctrl,31,91,34.03333333333333,-0.5809158086776733,0.2633504238710576
UBFC_PHYS_s17_T3_ctrl,31,92,34.06666666666667,-0.7732373476028442,0.6878938288549601
UBFC_PHYS_s17_T3_ctrl,31,93,34.1,-0.9973627328872681,1.055847832066934
UBFC_PHYS_s17_T3_ctrl,31,94,34.13333333333333,-1.205006718635559,1.3102285304164956
UBFC_PHYS_s17_T3_ctrl,31,95,34.166666666666664,-1.374584436416626,1.418690885284877
UBFC_PHYS_s17_T3_ctrl,31,96,34.2,-1.4611817598342896,1.3789369226044215
UBFC_PHYS_s17_T3_ctrl,31,97,34.233333333333334,-1.4146056175231934,1.2146937406707998
UBFC_PHYS_s17_T3_ctrl,31,98,34.266666666666666,-1.2489843368530273,0.9652805213348675
UBFC_PHYS_s17_T3_ctrl,31,99,34.3,-0.9974329471588135,0.6737203744967669
UBFC_PHYS_s17_T3_ctrl,31,100,34.333333333333336,-0.6709077954292297,0.37732638963502346
UBFC_PHYS_s17_T3_ctrl,31,101,34.36666666666667,-0.32772567868232727,0.10251810941858756
UBFC_PHYS_s17_T3_ctrl,31,102,34.4,-0.05550236254930496,-0.13576114565351868
UBFC_PHYS_s17_T3_ctrl,31,103,34.43333333333333,0.14363175630569458,-0.3306902236905109
UBFC_PHYS_s17_T3_ctrl,31,104,34.46666666666667,0.33983948826789856,-0.4784302031821558
UBFC_PHYS_s17_T3_ctrl,31,105,34.5,0.541197657585144,-0.5742940775851252
UBFC_PHYS_s17_T3_ctrl,31,106,34.53333333333333,0.6582761406898499,-0.6125327413522192
UBFC_PHYS_s17_T3_ctrl,31,107,34.56666666666667,0.6741371154785156,-0.589902924083801
UBFC_PHYS_s17_T3_ctrl,31,108,34.6,0.7100027799606323,-0.5109430591927296
UBFC_PHYS_s17_T3_ctrl,31,109,34.63333333333333,0.8315879106521606,-0.39165753360159306
UBFC_PHYS_s17_T3_ctrl,31,110,34.666666666666664,0.9291182160377502,-0.25873056656408155
UBFC_PHYS_s17_T3_ctrl,31,111,34.7,0.9222471117973328,-0.14341118939946768
UBFC_PHYS_s17_T3_ctrl,31,112,34.733333333333334,0.8966003060340881,-0.07201078550681195
UBFC_PHYS_s17_T3_ctrl,31,113,34.766666666666666,0.9294576644897461,-0.057080722303762585
UBFC_PHYS_s17_T3_ctrl,31,114,34.8,0.9875638484954834,-0.09348247850818604
UBFC_PHYS_s17_T3_ctrl,31,115,34.833333333333336,0.906819224357605,-0.1613476730936241
UBFC_PHYS_s17_T3_ctrl,31,116,34.86666666666667,0.38661471009254456,-0.23435934653959312
UBFC_PHYS_s17_T3_ctrl,31,117,34.9,-0.5296807885169983,-0.2892514077182395
UBFC_PHYS_s17_T3_ctrl,31,118,34.93333333333333,-1.2389878034591675,-0.3126134756116961
UBFC_PHYS_s17_T3_ctrl,31,119,34.96666666666667,-1.3957948684692383,-0.30319533000741256
UBFC_PHYS_s17_T3_ctrl,31,120,35.0,-1.3408725261688232,-0.2700925038245605
UBFC_PHYS_s17_T3_ctrl,31,121,35.03333333333333,-1.3559259176254272,-0.22839920059788155
UBFC_PHYS_s17_T3_ctrl,31,122,35.06666666666667,-1.3408257961273193,-0.19400902367230902
UBFC_PHYS_s17_T3_ctrl,31,123,35.1,-1.3000671863555908,-0.17880394688887644
UBFC_PHYS_s17_T3_ctrl,31,124,35.13333333333333,-1.2833282947540283,-0.18710698045566287
UBFC_PHYS_s17_T3_ctrl,31,125,35.166666666666664,-1.1534674167633057,-0.21400227584461623
UBFC_PHYS_s17_T3_ctrl,31,126,35.2,-0.8368802070617676,-0.24575900290063887
UBFC_PHYS_s17_T3_ctrl,31,127,35.233333333333334,-0.5015173554420471,-0.2622254785903859
UBFC_PHYS_s17_T3_ctrl,31,128,35.266666666666666,-0.28113773465156555,-0.2408523173088703
UBFC_PHYS_s17_T3_ctrl,31,129,35.3,-0.0975368469953537,-0.1619467689540807
UBFC_PHYS_s17_T3_ctrl,31,130,35.333333333333336,0.09451544284820557,-0.01464988308185465
UBFC_PHYS_s17_T3_ctrl,31,131,35.36666666666667,0.18899060785770416,0.19736881318105093
UBFC_PHYS_s17_T3_ctrl,31,132,35.4,0.13219547271728516,0.4523960254048081
UBFC_PHYS_s17_T3_ctrl,31,133,35.43333333333333,0.018055055290460587,0.7118899110941393
UBFC_PHYS_s17_T3_ctrl,31,134,35.46666666666667,-0.05527995526790619,0.928344872216035
UBFC_PHYS_s17_T3_ctrl,31,135,35.5,-0.11126740276813507,1.058819016667226
UBFC_PHYS_s17_T3_ctrl,31,136,35.53333333333333,-0.21360866725444794,1.0788968307268965
UBFC_PHYS_s17_T3_ctrl,31,137,35.56666666666667,-0.3084115982055664,0.990236707284248
UBFC_PHYS_s17_T3_ctrl,31,138,35.6,-0.27965113520622253,0.8182914797662454
UBFC_PHYS_s17_T3_ctrl,31,139,35.63333333333333,-0.11009685695171356,0.6022080971242494
UBFC_PHYS_s17_T3_ctrl,31,140,35.666666666666664,0.11739970743656158,0.3819952409238207
UBFC_PHYS_s17_T3_ctrl,31,141,35.7,0.3326406180858612,0.18797330934521142
UBFC_PHYS_s17_T3_ctrl,31,142,35.733333333333334,0.48653292655944824,0.03555628921060864
UBFC_PHYS_s17_T3_ctrl,31,143,35.766666666666666,0.5178802609443665,-0.07424813504807931
UBFC_PHYS_s17_T3_ctrl,31,144,35.8,0.4223633408546448,-0.15052797159849562
UBFC_PHYS_s17_T3_ctrl,31,145,35.833333333333336,0.2760678827762604,-0.20713274735054713
UBFC_PHYS_s17_T3_ctrl,31,146,35.86666666666667,0.10695839673280716,-0.25830836378966215
UBFC_PHYS_s17_T3_ctrl,31,147,35.9,-0.12341772019863129,-0.31585606484004947
UBFC_PHYS_s17_T3_ctrl,31,148,35.93333333333333,-0.3828117847442627,-0.3874635436047151
UBFC_PHYS_s17_T3_ctrl,31,149,35.96666666666667,-0.5681685209274292,-0.4756506499894734
UBFC_PHYS_s17_T3_ctrl,31,150,36.0,-0.6775214076042175,-0.5769511450388328
UBFC_PHYS_s17_T3_ctrl,31,151,36.03333333333333,-0.8334270715713501,-0.6814112334708939
UBFC_PHYS_s17_T3_ctrl,31,152,36.06666666666667,-1.0726994276046753,-0.7730614271889952
UBFC_PHYS_s17_T3_ctrl,31,153,36.1,-1.294834852218628,-0.832216882452655
UBFC_PHYS_s17_T3_ctrl,31,154,36.13333333333333,-1.4151089191436768,-0.8399149907043929
UBFC_PHYS_s17_T3_ctrl,31,155,36.166666666666664,-1.4699257612228394,-0.7836968954280832
UBFC_PHYS_s17_T3_ctrl,31,156,36.2,-1.5623525381088257,-0.6628346703567187
UBFC_PHYS_s17_T3_ctrl,31,157,36.233333333333334,-1.7224253416061401,-0.49058639294057177
UBFC_PHYS_s17_T3_ctrl,31,158,36.266666666666666,-1.7952687740325928,-0.2916515803495323
UBFC_PHYS_s17_T3_ctrl,31,159,36.3,-1.547111988067627,-0.09502439673214187
UBFC_PHYS_s17_T3_ctrl,31,160,36.333333333333336,-0.9735537171363831,0.07481048130176544
UBFC_PHYS_s17_T3_ctrl,31,161,36.36666666666667,-0.3060002624988556,0.20411788031204736
UBFC_PHYS_s17_T3_ctrl,31,162,36.4,0.26929038763046265,0.2909892063941396
UBFC_PHYS_s17_T3_ctrl,31,163,36.43333333333333,0.7245644330978394,0.34183608858163084
UBFC_PHYS_s17_T3_ctrl,31,164,36.46666666666667,1.0414443016052246,0.3662073886163701
UBFC_PHYS_s17_T3_ctrl,31,165,36.5,1.191731333732605,0.3729419660803188
UBFC_PHYS_s17_T3_ctrl,31,166,36.53333333333333,1.2593072652816772,0.36879772556777174
UBFC_PHYS_s17_T3_ctrl,31,167,36.56666666666667,1.376221776008606,0.3586720002498259
UBFC_PHYS_s17_T3_ctrl,31,168,36.6,1.5479533672332764,0.3459820601412841
UBFC_PHYS_s17_T3_ctrl,31,169,36.63333333333333,1.6938625574111938,0.33250155516174335
UBFC_PHYS_s17_T3_ctrl,31,170,36.666666666666664,1.7802257537841797,0.3178794135677843
UBFC_PHYS_s17_T3_ctrl,31,171,36.7,1.8174024820327759,0.2995646323678877
UBFC_PHYS_s17_T3_ctrl,31,172,36.733333333333334,1.7813026905059814,0.2737516924272849
UBFC_PHYS_s17_T3_ctrl,31,173,36.766666666666666,1.6413867473602295,0.23737336757126798
UBFC_PHYS_s17_T3_ctrl,31,174,36.8,1.4458345174789429,0.19045736715895883
UBFC_PHYS_s17_T3_ctrl,31,175,36.833333333333336,1.252541422843933,0.13778000361683215
UBFC_PHYS_s17_T3_ctrl,31,176,36.86666666666667,1.011841058731079,0.08891181632511082
UBFC_PHYS_s17_T3_ctrl,31,177,36.9,0.6192616820335388,0.05620466676284639
UBFC_PHYS_s17_T3_ctrl,31,178,36.93333333333333,0.06241893395781517,0.05080530986134228
UBFC_PHYS_s17_T3_ctrl,31,179,36.96666666666667,-0.4939907193183899,0.07767978649209943
UBFC_PHYS_s17_T3_ctrl,31,180,37.0,-0.7526707649230957,0.1317983584256552
UBFC_PHYS_s17_T3_ctrl,31,181,37.03333333333333,-0.5309098958969116,0.197873212942863
UBFC_PHYS_s17_T3_ctrl,31,182,37.06666666666667,-0.04130357876420021,0.25453324486417167
UBFC_PHYS_s17_T3_ctrl,31,183,37.1,0.41860586404800415,0.28146188974361414
UBFC_PHYS_s17_T3_ctrl,31,184,37.13333333333333,0.7711055278778076,0.266391502761533
UBFC_PHYS_s17_T3_ctrl,31,185,37.166666666666664,1.0392085313796997,0.2088751995968821
UBFC_PHYS_s17_T3_ctrl,31,186,37.2,1.1802482604980469,0.11940027569018666
UBFC_PHYS_s17_T3_ctrl,31,187,37.233333333333334,1.2099567651748657,0.014640657565149503
UBFC_PHYS_s17_T3_ctrl,31,188,37.266666666666666,1.2485849857330322,-0.08878419965697826
UBFC_PHYS_s17_T3_ctrl,31,189,37.3,1.35214364528656,-0.17944472521614113
UBFC_PHYS_s17_T3_ctrl,31,190,37.333333333333336,1.4643526077270508,-0.2535283475044597
UBFC_PHYS_s17_T3_ctrl,31,191,37.36666666666667,1.5441490411758423,-0.3143478345859967
UBFC_PHYS_s17_T3_ctrl,31,192,37.4,1.6029809713363647,-0.36966539792369796
UBFC_PHYS_s17_T3_ctrl,31,193,37.43333333333333,1.6325021982192993,-0.427882735598034
UBFC_PHYS_s17_T3_ctrl,31,194,37.46666666666667,1.6004408597946167,-0.49407770282722346
UBFC_PHYS_s17_T3_ctrl,31,195,37.5,1.5132230520248413,-0.5666926119875098
UBFC_PHYS_s17_T3_ctrl,31,196,37.53333333333333,1.3948101997375488,-0.6355883221770157
UBFC_PHYS_s17_T3_ctrl,31,197,37.56666666666667,1.2358962297439575,-0.6822155177968469
UBFC_PHYS_s17_T3_ctrl,31,198,37.6,1.031213641166687,-0.6826241015017881
UBFC_PHYS_s17_T3_ctrl,31,199,37.63333333333333,0.82145094871521,-0.6135246087335945
UBFC_PHYS_s17_T3_ctrl,31,200,37.666666666666664,0.6428014636039734,-0.4604573320433012
UBFC_PHYS_s17_T3_ctrl,31,201,37.7,0.4496488571166992,-0.22574975098028366
UBFC_PHYS_s17_T3_ctrl,31,202,37.733333333333334,0.17701587080955505,0.06692519225802449
UBFC_PHYS_s17_T3_ctrl,31,203,37.766666666666666,-0.11151321977376938,0.37438118764793543
UBFC_PHYS_s17_T3_ctrl,31,204,37.8,-0.2784923017024994,0.6434672195822793
UBFC_PHYS_s17_T3_ctrl,31,205,37.833333333333336,-0.3095587193965912,0.8263036107645034
UBFC_PHYS_s17_T3_ctrl,31,206,37.86666666666667,-0.27409103512763977,0.8953292092949346
UBFC_PHYS_s17_T3_ctrl,31,207,37.9,-0.2087859958410263,0.8512272020244895
UBFC_PHYS_s17_T3_ctrl,31,208,37.93333333333333,-0.1470160335302353,0.7203398025395873
UBFC_PHYS_s17_T3_ctrl,31,209,37.96666666666667,-0.13950109481811523,0.5435651400278464
UBFC_PHYS_s17_T3_ctrl,31,210,38.0,-0.1732480674982071,0.3621071608319535
UBFC_PHYS_s17_T3_ctrl,31,211,38.03333333333333,-0.18297535181045532,0.2057382932178217
UBFC_PHYS_s17_T3_ctrl,31,212,38.06666666666667,-0.16561608016490936,0.08725786364618547
UBFC_PHYS_s17_T3_ctrl,31,213,38.1,-0.176338329911232,0.0037916580816077885
UBFC_PHYS_s17_T3_ctrl,31,214,38.13333333333333,-0.25408631563186646,-0.05720767551684441
UBFC_PHYS_s17_T3_ctrl,31,215,38.166666666666664,-0.3849422037601471,-0.11071620621682428
UBFC_PHYS_s17_T3_ctrl,31,216,38.2,-0.5114904642105103,-0.16853021927332298
UBFC_PHYS_s17_T3_ctrl,31,217,38.233333333333334,-0.6047365665435791,-0.23650968926622576
UBFC_PHYS_s17_T3_ctrl,31,218,38.266666666666666,-0.7143820524215698,-0.31435125314719004
UBFC_PHYS_s17_T3_ctrl,31,219,38.3,-0.8658864498138428,-0.39685921727930734
UBFC_PHYS_s17_T3_ctrl,31,220,38.333333333333336,-0.9942139387130737,-0.4758103811005587
UBFC_PHYS_s17_T3_ctrl,31,221,38.36666666666667,-1.063065767288208,-0.5418757949047791
UBFC_PHYS_s17_T3_ctrl,31,222,38.4,-1.109033226966858,-0.586169829806386
UBFC_PHYS_s17_T3_ctrl,31,223,38.43333333333333,-1.1730741262435913,-0.6010595203503093
UBFC_PHYS_s17_T3_ctrl,31,224,38.46666666666667,-1.2618135213851929,-0.5802421256912665
UBFC_PHYS_s17_T3_ctrl,31,225,38.5,-1.289953589439392,-0.518638422833728
UBFC_PHYS_s17_T3_ctrl,31,226,38.53333333333333,-1.0745371580123901,-0.4129064792065398
UBFC_PHYS_s17_T3_ctrl,31,227,38.56666666666667,-0.5896481275558472,-0.26295648054199505
UBFC_PHYS_s17_T3_ctrl,31,228,38.6,-0.030674977228045464,-0.0738748216457389
UBFC_PHYS_s17_T3_ctrl,31,229,38.63333333333333,0.41597211360931396,0.14291386796199373
UBFC_PHYS_s17_T3_ctrl,31,230,38.666666666666664,0.6980514526367188,0.36997140213325724
UBFC_PHYS_s17_T3_ctrl,31,231,38.7,0.8068541884422302,0.5855792571295323
UBFC_PHYS_s17_T3_ctrl,31,232,38.733333333333334,0.7723463177680969,0.7664803499880488
UBFC_PHYS_s17_T3_ctrl,31,233,38.766666666666666,0.7035881876945496,0.8912075619518117
UBFC_PHYS_s17_T3_ctrl,31,234,38.8,0.6734464764595032,0.9434181310745415
UBFC_PHYS_s17_T3_ctrl,31,235,38.833333333333336,0.6363049149513245,0.9145277367459591
UBFC_PHYS_s17_T3_ctrl,31,236,38.86666666666667,0.5484901666641235,0.8051292516918415
UBFC_PHYS_s17_T3_ctrl,31,237,38.9,0.4426957964897156,0.6250203725999137
UBFC_PHYS_s17_T3_ctrl,31,238,38.93333333333333,0.3371940553188324,0.3919174384510037
UBFC_PHYS_s17_T3_ctrl,31,239,38.96666666666667,0.16966480016708374,0.12920139752356027
UBFC_PHYS_s17_T3_ctrl,32,0,32.0,-0.1848365217447281,-0.060459343171074556
UBFC_PHYS_s17_T3_ctrl,32,1,32.03333333333333,-0.1550811231136322,0.029945377430518914
UBFC_PHYS_s17_T3_ctrl,32,2,32.06666666666667,-0.10275749862194061,0.12646781605150378
UBFC_PHYS_s17_T3_ctrl,32,3,32.1,-0.03193917125463486,0.23342493837684852
UBFC_PHYS_s17_T3_ctrl,32,4,32.13333333333333,0.0398741252720356,0.3538324198622141
UBFC_PHYS_s17_T3_ctrl,32,5,32.166666666666664,0.11652179807424545,0.4886183716976197
UBFC_PHYS_s17_T3_ctrl,32,6,32.2,0.21313907206058502,0.6354836142579626
UBFC_PHYS_s17_T3_ctrl,32,7,32.233333333333334,0.3081643879413605,0.7876136288171477
UBFC_PHYS_s17_T3_ctrl,32,8,32.266666666666666,0.33287471532821655,0.9327164519265216
UBFC_PHYS_s17_T3_ctrl,32,9,32.3,0.235683873295784,1.0530524744980045
UBFC_PHYS_s17_T3_ctrl,32,10,32.333333333333336,0.041372429579496384,1.127323437605764
UBFC_PHYS_s17_T3_ctrl,32,11,32.36666666666667,-0.16820299625396729,1.1349726124700488
UBFC_PHYS_s17_T3_ctrl,32,12,32.4,-0.31782281398773193,1.0622643262321503
UBFC_PHYS_s17_T3_ctrl,32,13,32.43333333333333,-0.3799556493759155,0.9080329842092546
UBFC_PHYS_s17_T3_ctrl,32,14,32.46666666666667,-0.3659324645996094,0.6862833002023556
UBFC_PHYS_s17_T3_ctrl,32,15,32.5,-0.3058129549026489,0.4237678283742051
UBFC_PHYS_s17_T3_ctrl,32,16,32.53333333333333,-0.2295047491788864,0.15311538847230796
UBFC_PHYS_s17_T3_ctrl,32,17,32.56666666666667,-0.153372123837471,-0.09563656703820263
UBFC_PHYS_s17_T3_ctrl,32,18,32.6,-0.08721258491277695,-0.30173975706791634
UBFC_PHYS_s17_T3_ctrl,32,19,32.63333333333333,-0.042918939143419266,-0.4565009254943171
UBFC_PHYS_s17_T3_ctrl,32,20,32.666666666666664,-0.02546602673828602,-0.5618603360333096
UBFC_PHYS_s17_T3_ctrl,32,21,32.7,-0.027760306373238564,-0.6261622908143731
UBFC_PHYS_s17_T3_ctrl,32,22,32.733333333333334,-0.03371841087937355,-0.6592375612522058
UBFC_PHYS_s17_T3_ctrl,32,23,32.766666666666666,-0.027151620015501976,-0.6686469179200647
UBFC_PHYS_s17_T3_ctrl,32,24,32.8,-0.006971322000026703,-0.6580017123283287
UBFC_PHYS_s17_T3_ctrl,32,25,32.833333333333336,0.023521527647972107,-0.6273233682827511
UBFC_PHYS_s17_T3_ctrl,32,26,32.86666666666667,0.06794393062591553,-0.574879331902148
UBFC_PHYS_s17_T3_ctrl,32,27,32.9,0.10554202646017075,-0.4997223299209707
UBFC_PHYS_s17_T3_ctrl,32,28,32.93333333333333,0.09422279894351959,-0.4040009816437386
UBFC_PHYS_s17_T3_ctrl,32,29,32.96666666666667,0.03850457817316055,-0.2940595523862834
UBFC_PHYS_s17_T3_ctrl,32,30,33.0,-0.009780644439160824,-0.17963667774486053
UBFC_PHYS_s17_T3_ctrl,32,31,33.03333333333333,-0.02972683124244213,-0.07126738818044899
UBFC_PHYS_s17_T3_ctrl,32,32,33.06666666666667,-0.037054479122161865,0.022950608070728067
UBFC_PHYS_s17_T3_ctrl,32,33,33.1,-0.03488896042108536,0.09955704321375827
UBFC_PHYS_s17_T3_ctrl,32,34,33.13333333333333,-0.03477190434932709,0.15981145982157036
UBFC_PHYS_s17_T3_ctrl,32,35,33.166666666666664,-0.05595887452363968,0.2077762389960096
UBFC_PHYS_s17_T3_ctrl,32,36,33.2,-0.07804717123508453,0.24748136744532107
UBFC_PHYS_s17_T3_ctrl,32,37,33.233333333333334,-0.06919780373573303,0.2805103841574631
UBFC_PHYS_s17_T3_ctrl,32,38,33.266666666666666,-0.04544733092188835,0.30492650841084257
UBFC_PHYS_s17_T3_ctrl,32,39,33.3,-0.04430019110441208,0.31578917500947196
UBFC_PHYS_s17_T3_ctrl,32,40,33.333333333333336,-0.061636049300432205,0.3070052793206235
UBFC_PHYS_s17_T3_ctrl,32,41,33.36666666666667,-0.0615658164024353,0.2739242652041453
UBFC_PHYS_s17_T3_ctrl,32,42,33.4,-0.0389624759554863,0.21581734151970483
UBFC_PHYS_s17_T3_ctrl,32,43,33.43333333333333,-0.029469309374690056,0.13729348282657633
UBFC_PHYS_s17_T3_ctrl,32,44,33.46666666666667,-0.04078853502869606,0.04795674172707236
UBFC_PHYS_s17_T3_ctrl,32,45,33.5,-0.03295755013823509,-0.039819359229161785
UBFC_PHYS_s17_T3_ctrl,32,46,33.53333333333333,0.0150467399507761,-0.11442593427662594
UBFC_PHYS_s17_T3_ctrl,32,47,33.56666666666667,0.09306395798921585,-0.16876300151956036
UBFC_PHYS_s17_T3_ctrl,32,48,33.6,0.19860082864761353,-0.2029705787900358
UBFC_PHYS_s17_T3_ctrl,32,49,33.63333333333333,0.3114887475967407,-0.22517551010797932
UBFC_PHYS_s17_T3_ctrl,32,50,33.666666666666664,0.38902604579925537,-0.24975236176393775
UBFC_PHYS_s17_T3_ctrl,32,51,33.7,0.3962366282939911,-0.2931210508372157
UBFC_PHYS_s17_T3_ctrl,32,52,33.733333333333334,0.31795018911361694,-0.3676568043663312
UBFC_PHYS_s17_T3_ctrl,32,53,33.766666666666666,0.17535367608070374,-0.47503799469132474
UBFC_PHYS_s17_T3_ctrl,32,54,33.8,0.02494960092008114,-0.6012215388542338
UBFC_PHYS_s17_T3_ctrl,32,55,33.833333333333336,-0.10880924761295319,-0.7155506386062476
UBFC_PHYS_s17_T3_ctrl,32,56,33.86666666666667,-0.22938770055770874,-0.7756754369060422
UBFC_PHYS_s17_T3_ctrl,32,57,33.9,-0.31866562366485596,-0.7381684774554377
UBFC_PHYS_s17_T3_ctrl,32,58,33.93333333333333,-0.36658796668052673,-0.5725503942432417
UBFC_PHYS_s17_T3_ctrl,32,59,33.96666666666667,-0.4022546410560608,-0.2745153765190002
UBFC_PHYS_s17_T3_ctrl,32,60,34.0,-0.46155476570129395,0.12677414516465546
UBFC_PHYS_s17_T3_ctrl,32,61,34.03333333333333,-0.5809158086776733,0.5714118456898679
UBFC_PHYS_s17_T3_ctrl,32,62,34.06666666666667,-0.7732373476028442,0.9822849191338471
UBFC_PHYS_s17_T3_ctrl,32,63,34.1,-0.9973627328872681,1.2857819707146732
UBFC_PHYS_s17_T3_ctrl,32,64,34.13333333333333,-1.205006718635559,1.4324602714598953
UBFC_PHYS_s17_T3_ctrl,32,65,34.166666666666664,-1.374584436416626,1.4098166376528132
UBFC_PHYS_s17_T3_ctrl,32,66,34.2,-1.4611817598342896,1.2424022186026569
UBFC_PHYS_s17_T3_ctrl,32,67,34.233333333333334,-1.4146056175231934,0.9799710005840733
UBFC_PHYS_s17_T3_ctrl,32,68,34.266666666666666,-1.2489843368530273,0.6794359566234414
UBFC_PHYS_s17_T3_ctrl,32,69,34.3,-0.9974329471588135,0.3883867820681087
UBFC_PHYS_s17_T3_ctrl,32,70,34.333333333333336,-0.6709077954292297,0.13581888189437022
UBFC_PHYS_s17_T3_ctrl,32,71,34.36666666666667,-0.32772567868232727,-0.06849385496978294
UBFC_PHYS_s17_T3_ctrl,32,72,34.4,-0.05550236254930496,-0.22811962782332465
UBFC_PHYS_s17_T3_ctrl,32,73,34.43333333333333,0.14363175630569458,-0.35142782838861647
UBFC_PHYS_s17_T3_ctrl,32,74,34.46666666666667,0.33983948826789856,-0.44415933716202327
UBFC_PHYS_s17_T3_ctrl,32,75,34.5,0.541197657585144,-0.505666232207428
UBFC_PHYS_s17_T3_ctrl,32,76,34.53333333333333,0.6582761406898499,-0.529739949805973
UBFC_PHYS_s17_T3_ctrl,32,77,34.56666666666667,0.6741371154785156,-0.5092929854381116
UBFC_PHYS_s17_T3_ctrl,32,78,34.6,0.7100027799606323,-0.4427504709331051
UBFC_PHYS_s17_T3_ctrl,32,79,34.63333333333333,0.8315879106521606,-0.3391973793173638
UBFC_PHYS_s17_T3_ctrl,32,80,34.666666666666664,0.9291182160377502,-0.21949328536150073
UBFC_PHYS_s17_T3_ctrl,32,81,34.7,0.9222471117973328,-0.11196157308172784
UBFC_PHYS_s17_T3_ctrl,32,82,34.733333333333334,0.8966003060340881,-0.0436583422368696
UBFC_PHYS_s17_T3_ctrl,32,83,34.766666666666666,0.9294576644897461,-0.03068826981178435
UBFC_PHYS_s17_T3_ctrl,32,84,34.8,0.9875638484954834,-0.07218340437700964
UBFC_PHYS_s17_T3_ctrl,32,85,34.833333333333336,0.906819224357605,-0.15109001865271174
UBFC_PHYS_s17_T3_ctrl,32,86,34.86666666666667,0.38661471009254456,-0.24113217055025563
UBFC_PHYS_s17_T3_ctrl,32,87,34.9,-0.5296807885169983,-0.3161550788275893
UBFC_PHYS_s17_T3_ctrl,32,88,34.93333333333333,-1.2389878034591675,-0.35792613074087853
UBFC_PHYS_s17_T3_ctrl,32,89,34.96666666666667,-1.3957948684692383,-0.3604308416596935
UBFC_PHYS_s17_T3_ctrl,32,90,35.0,-1.3408725261688232,-0.3305159766874841
UBFC_PHYS_s17_T3_ctrl,32,91,35.03333333333333,-1.3559259176254272,-0.2854513530273431
UBFC_PHYS_s17_T3_ctrl,32,92,35.06666666666667,-1.3408257961273193,-0.24791622316768008
UBFC_PHYS_s17_T3_ctrl,32,93,35.1,-1.3000671863555908,-0.23906342371733977
UBFC_PHYS_s17_T3_ctrl,32,94,35.13333333333333,-1.2833282947540283,-0.2711804412010258
UBFC_PHYS_s17_T3_ctrl,32,95,35.166666666666664,-1.1534674167633057,-0.34212754364987197
UBFC_PHYS_s17_T3_ctrl,32,96,35.2,-0.8368802070617676,-0.43328048953265236
UBFC_PHYS_s17_T3_ctrl,32,97,35.233333333333334,-0.5015173554420471,-0.5117113592822066
UBFC_PHYS_s17_T3_ctrl,32,98,35.266666666666666,-0.28113773465156555,-0.5366312783312
UBFC_PHYS_s17_T3_ctrl,32,99,35.3,-0.0975368469953537,-0.4694744004071622
UBFC_PHYS_s17_T3_ctrl,32,100,35.333333333333336,0.09451544284820557,-0.28594244303136845
UBFC_PHYS_s17_T3_ctrl,32,101,35.36666666666667,0.18899060785770416,0.012976626828642278
UBFC_PHYS_s17_T3_ctrl,32,102,35.4,0.13219547271728516,0.3949415100133749
UBFC_PHYS_s17_T3_ctrl,32,103,35.43333333333333,0.018055055290460587,0.7990151350076491
UBFC_PHYS_s17_T3_ctrl,32,104,35.46666666666667,-0.05527995526790619,1.1492837637631992
UBFC_PHYS_s17_T3_ctrl,32,105,35.5,-0.11126740276813507,1.3768553268218269
UBFC_PHYS_s17_T3_ctrl,32,106,35.53333333333333,-0.21360866725444794,1.4419342023694954
UBFC_PHYS_s17_T3_ctrl,32,107,35.56666666666667,-0.3084115982055664,1.3456755728097067
UBFC_PHYS_s17_T3_ctrl,32,108,35.6,-0.27965113520622253,1.1265300216956353
UBFC_PHYS_s17_T3_ctrl,32,109,35.63333333333333,-0.11009685695171356,0.8439225910095101
UBFC_PHYS_s17_T3_ctrl,32,110,35.666666666666664,0.11739970743656158,0.5574745698093087
UBFC_PHYS_s17_T3_ctrl,32,111,35.7,0.3326406180858612,0.3104093497315069
UBFC_PHYS_s17_T3_ctrl,32,112,35.733333333333334,0.48653292655944824,0.12229821853352912
UBFC_PHYS_s17_T3_ctrl,32,113,35.766666666666666,0.5178802609443665,-0.008611583527056899
UBFC_PHYS_s17_T3_ctrl,32,114,35.8,0.4223633408546448,-0.09704056725332413
UBFC_PHYS_s17_T3_ctrl,32,115,35.833333333333336,0.2760678827762604,-0.16120428313887514
UBFC_PHYS_s17_T3_ctrl,32,116,35.86666666666667,0.10695839673280716,-0.216083141011199
UBFC_PHYS_s17_T3_ctrl,32,117,35.9,-0.12341772019863129,-0.27088346299439414
UBFC_PHYS_s17_T3_ctrl,32,118,35.93333333333333,-0.3828117847442627,-0.32977889290075263
UBFC_PHYS_s17_T3_ctrl,32,119,35.96666666666667,-0.5681685209274292,-0.39377448279874405
UBFC_PHYS_s17_T3_ctrl,32,120,36.0,-0.6775214076042175,-0.4617830701258523
UBFC_PHYS_s17_T3_ctrl,32,121,36.03333333333333,-0.8334270715713501,-0.5303540555979814
UBFC_PHYS_s17_T3_ctrl,32,122,36.06666666666667,-1.0726994276046753,-0.5930005958818827
UBFC_PHYS_s17_T3_ctrl,32,123,36.1,-1.294834852218628,-0.640616768912527
UBFC_PHYS_s17_T3_ctrl,32,124,36.13333333333333,-1.4151089191436768,-0.6636380955914938
UBFC_PHYS_s17_T3_ctrl,32,125,36.166666666666664,-1.4699257612228394,-0.6552423671089967
UBFC_PHYS_s17_T3_ctrl,32,126,36.2,-1.5623525381088257,-0.6141269495977233
UBFC_PHYS_s17_T3_ctrl,32,127,36.233333333333334,-1.7224253416061401,-0.5454797140712888
UBFC_PHYS_s17_T3_ctrl,32,128,36.266666666666666,-1.7952687740325928,-0.45946972991706564
UBFC_PHYS_s17_T3_ctrl,32,129,36.3,-1.547111988067627,-0.36780509650281856
UBFC_PHYS_s17_T3_ctrl,32,130,36.333333333333336,-0.9735537171363831,-0.28015712277518856
UBFC_PHYS_s17_T3_ctrl,32,131,36.36666666666667,-0.3060002624988556,-0.20235917963163969
UBFC_PHYS_s17_T3_ctrl,32,132,36.4,0.26929038763046265,-0.13679043895972662
UBFC_PHYS_s17_T3_ctrl,32,133,36.43333333333333,0.7245644330978394,-0.083644749213132
UBFC_PHYS_s17_T3_ctrl,32,134,36.46666666666667,1.0414443016052246,-0.041457564929636447
UBFC_PHYS_s17_T3_ctrl,32,135,36.5,1.191731333732605,-0.006370606939164716
UBFC_PHYS_s17_T3_ctrl,32,136,36.53333333333333,1.2593072652816772,0.02884804346250691
UBFC_PHYS_s17_T3_ctrl,32,137,36.56666666666667,1.376221776008606,0.07420584672043702
UBFC_PHYS_s17_T3_ctrl,32,138,36.6,1.5479533672332764,0.13914229609738143
UBFC_PHYS_s17_T3_ctrl,32,139,36.63333333333333,1.6938625574111938,0.22723004652381443
UBFC_PHYS_s17_T3_ctrl,32,140,36.666666666666664,1.7802257537841797,0.3317956398372376
UBFC_PHYS_s17_T3_ctrl,32,141,36.7,1.8174024820327759,0.435623099145503
UBFC_PHYS_s17_T3_ctrl,32,142,36.733333333333334,1.7813026905059814,0.5156513890151864
UBFC_PHYS_s17_T3_ctrl,32,143,36.766666666666666,1.6413867473602295,0.5507221373556541
UBFC_PHYS_s17_T3_ctrl,32,144,36.8,1.4458345174789429,0.5292129894133092
UBFC_PHYS_s17_T3_ctrl,32,145,36.833333333333336,1.252541422843933,0.453861317534343
UBFC_PHYS_s17_T3_ctrl,32,146,36.86666666666667,1.011841058731079,0.34223427952213004
UBFC_PHYS_s17_T3_ctrl,32,147,36.9,0.6192616820335388,0.22254963003519934
UBFC_PHYS_s17_T3_ctrl,32,148,36.93333333333333,0.06241893395781517,0.1257575530553457
UBFC_PHYS_s17_T3_ctrl,32,149,36.96666666666667,-0.4939907193183899,0.07603035295878639
UBFC_PHYS_s17_T3_ctrl,32,150,37.0,-0.7526707649230957,0.08284059932187211
UBFC_PHYS_s17_T3_ctrl,32,151,37.03333333333333,-0.5309098958969116,0.13774380061442548
UBFC_PHYS_s17_T3_ctrl,32,152,37.06666666666667,-0.04130357876420021,0.21728570204785708
UBFC_PHYS_s17_T3_ctrl,32,153,37.1,0.41860586404800415,0.29091717008293716
UBFC_PHYS_s17_T3_ctrl,32,154,37.13333333333333,0.7711055278778076,0.3307838744207865
UBFC_PHYS_s17_T3_ctrl,32,155,37.166666666666664,1.0392085313796997,0.3197372819469249
UBFC_PHYS_s17_T3_ctrl,32,156,37.2,1.1802482604980469,0.25503988395939076
UBFC_PHYS_s17_T3_ctrl,32,157,37.233333333333334,1.2099567651748657,0.14717503869398707
UBFC_PHYS_s17_T3_ctrl,32,158,37.266666666666666,1.2485849857330322,0.01487784931737565
UBFC_PHYS_s17_T3_ctrl,32,159,37.3,1.35214364528656,-0.12147609563716875
UBFC_PHYS_s17_T3_ctrl,32,160,37.333333333333336,1.4643526077270508,-0.2457297140787821
UBFC_PHYS_s17_T3_ctrl,32,161,37.36666666666667,1.5441490411758423,-0.34919787172054334
UBFC_PHYS_s17_T3_ctrl,32,162,37.4,1.6029809713363647,-0.43062963429680656
UBFC_PHYS_s17_T3_ctrl,32,163,37.43333333333333,1.6325021982192993,-0.49345726485459734
UBFC_PHYS_s17_T3_ctrl,32,164,37.46666666666667,1.6004408597946167,-0.5417265547259246
UBFC_PHYS_s17_T3_ctrl,32,165,37.5,1.5132230520248413,-0.5762567144783175
UBFC_PHYS_s17_T3_ctrl,32,166,37.53333333333333,1.3948101997375488,-0.592219559326905
UBFC_PHYS_s17_T3_ctrl,32,167,37.56666666666667,1.2358962297439575,-0.5788953345795955
UBFC_PHYS_s17_T3_ctrl,32,168,37.6,1.031213641166687,-0.5220792368269515
UBFC_PHYS_s17_T3_ctrl,32,169,37.63333333333333,0.82145094871521,-0.40911108494324366
UBFC_PHYS_s17_T3_ctrl,32,170,37.666666666666664,0.6428014636039734,-0.23546812851688864
UBFC_PHYS_s17_T3_ctrl,32,171,37.7,0.4496488571166992,-0.010680453202614593
UBFC_PHYS_s17_T3_ctrl,32,172,37.733333333333334,0.17701587080955505,0.23927503779217701
UBFC_PHYS_s17_T3_ctrl,32,173,37.766666666666666,-0.11151321977376938,0.4754299664129992
UBFC_PHYS_s17_T3_ctrl,32,174,37.8,-0.2784923017024994,0.655568885061974
UBFC_PHYS_s17_T3_ctrl,32,175,37.833333333333336,-0.3095587193965912,0.747562278215573
UBFC_PHYS_s17_T3_ctrl,32,176,37.86666666666667,-0.27409103512763977,0.7405486634498469
UBFC_PHYS_s17_T3_ctrl,32,177,37.9,-0.2087859958410263,0.6482116660515035
UBFC_PHYS_s17_T3_ctrl,32,178,37.93333333333333,-0.1470160335302353,0.502587774673513
UBFC_PHYS_s17_T3_ctrl,32,179,37.96666666666667,-0.13950109481811523,0.34194332015181755
UBFC_PHYS_s17_T3_ctrl,32,180,38.0,-0.1732480674982071,0.19841168004272175
UBFC_PHYS_s17_T3_ctrl,32,181,38.03333333333333,-0.18297535181045532,0.08994982197615271
UBFC_PHYS_s17_T3_ctrl,32,182,38.06666666666667,-0.16561608016490936,0.018467418296362812
UBFC_PHYS_s17_T3_ctrl,32,183,38.1,-0.176338329911232,-0.02674664426588411
UBFC_PHYS_s17_T3_ctrl,32,184,38.13333333333333,-0.25408631563186646,-0.06287198948555994
UBFC_PHYS_s17_T3_ctrl,32,185,38.166666666666664,-0.3849422037601471,-0.10741955168518633
UBFC_PHYS_s17_T3_ctrl,32,186,38.2,-0.5114904642105103,-0.17375592746158772
UBFC_PHYS_s17_T3_ctrl,32,187,38.233333333333334,-0.6047365665435791,-0.26856673169849254
UBFC_PHYS_s17_T3_ctrl,32,188,38.266666666666666,-0.7143820524215698,-0.39081064520561914
UBFC_PHYS_s17_T3_ctrl,32,189,38.3,-0.8658864498138428,-0.5317584668910535
UBFC_PHYS_s17_T3_ctrl,32,190,38.333333333333336,-0.9942139387130737,-0.6760826126466032
UBFC_PHYS_s17_T3_ctrl,32,191,38.36666666666667,-1.063065767288208,-0.8041045347947642
UBFC_PHYS_s17_T3_ctrl,32,192,38.4,-1.109033226966858,-0.894986433410129
UBFC_PHYS_s17_T3_ctrl,32,193,38.43333333333333,-1.1730741262435913,-0.930252427019739
UBFC_PHYS_s17_T3_ctrl,32,194,38.46666666666667,-1.2618135213851929,-0.8969762383662954
UBFC_PHYS_s17_T3_ctrl,32,195,38.5,-1.289953589439392,-0.7901738985363098
UBFC_PHYS_s17_T3_ctrl,32,196,38.53333333333333,-1.0745371580123901,-0.614083650234866
UBFC_PHYS_s17_T3_ctrl,32,197,38.56666666666667,-0.5896481275558472,-0.3820011974123024
UBFC_PHYS_s17_T3_ctrl,32,198,38.6,-0.030674977228045464,-0.11435641288522296
UBFC_PHYS_s17_T3_ctrl,32,199,38.63333333333333,0.41597211360931396,0.16481031433904475
UBFC_PHYS_s17_T3_ctrl,32,200,38.666666666666664,0.6980514526367188,0.4319118090792505
UBFC_PHYS_s17_T3_ctrl,32,201,38.7,0.8068541884422302,0.6669858807297994
UBFC_PHYS_s17_T3_ctrl,32,202,38.733333333333334,0.7723463177680969,0.8553121977916804
UBFC_PHYS_s17_T3_ctrl,32,203,38.766666666666666,0.7035881876945496,0.9878210127469923
UBFC_PHYS_s17_T3_ctrl,32,204,38.8,0.6734464764595032,1.060851695212803
UBFC_PHYS_s17_T3_ctrl,32,205,38.833333333333336,0.6363049149513245,1.0754708403967768
UBFC_PHYS_s17_T3_ctrl,32,206,38.86666666666667,0.5484901666641235,1.0363484296372643
UBFC_PHYS_s17_T3_ctrl,32,207,38.9,0.4426957964897156,0.9502661212329351
UBFC_PHYS_s17_T3_ctrl,32,208,38.93333333333333,0.3371940553188324,0.8245338479885015
UBFC_PHYS_s17_T3_ctrl,32,209,38.96666666666667,0.16966480016708374,0.6658197555013563
UBFC_PHYS_s17_T3_ctrl,32,210,39.0,-0.09581613540649414,0.4799974474665012
UBFC_PHYS_s17_T3_ctrl,32,211,39.03333333333333,-0.3766195774078369,0.2732812671075389
UBFC_PHYS_s17_T3_ctrl,32,212,39.06666666666667,-0.5864056944847107,0.05416790350584341
UBFC_PHYS_s17_T3_ctrl,32,213,39.1,-0.7518630623817444,-0.1647998345412895
UBFC_PHYS_s17_T3_ctrl,32,214,39.13333333333333,-0.939865231513977,-0.36623310840413326
UBFC_PHYS_s17_T3_ctrl,32,215,39.166666666666664,-1.1567449569702148,-0.5285034247609623
UBFC_PHYS_s17_T3_ctrl,32,216,39.2,-1.308038592338562,-0.6282407996586897
UBFC_PHYS_s17_T3_ctrl,32,217,39.233333333333334,-1.2336852550506592,-0.6451502799128758
UBFC_PHYS_s17_T3_ctrl,32,218,39.266666666666666,-0.8722893595695496,-0.5687420276133778
UBFC_PHYS_s17_T3_ctrl,32,219,39.3,-0.3900575041770935,-0.40506174134027223
UBFC_PHYS_s17_T3_ctrl,32,220,39.333333333333336,0.016147058457136154,-0.18018818976764733
UBFC_PHYS_s17_T3_ctrl,32,221,39.36666666666667,0.29985347390174866,0.06256845772765839
UBFC_PHYS_s17_T3_ctrl,32,222,39.4,0.46176406741142273,0.2725198492256868
UBFC_PHYS_s17_T3_ctrl,32,223,39.43333333333333,0.49304118752479553,0.4056749152807256
UBFC_PHYS_s17_T3_ctrl,32,224,39.46666666666667,0.4754126965999603,0.43734985006854116
UBFC_PHYS_s17_T3_ctrl,32,225,39.5,0.5166161060333252,0.3677076086352721
UBFC_PHYS_s17_T3_ctrl,32,226,39.53333333333333,0.5897638201713562,0.21820307206822231
UBFC_PHYS_s17_T3_ctrl,32,227,39.56666666666667,0.6131865382194519,0.021547954004358015
UBFC_PHYS_s17_T3_ctrl,32,228,39.6,0.6076030135154724,-0.18955468542386653
UBFC_PHYS_s17_T3_ctrl,32,229,39.63333333333333,0.6164523959159851,-0.3901091188665857
UBFC_PHYS_s17_T3_ctrl,32,230,39.666666666666664,0.6117233633995056,-0.5648955124377876
UBFC_PHYS_s17_T3_ctrl,32,231,39.7,0.5755767226219177,-0.7058994324703353
UBFC_PHYS_s17_T3_ctrl,32,232,39.733333333333334,0.5731770992279053,-0.807772168917669
UBFC_PHYS_s17_T3_ctrl,32,233,39.766666666666666,0.6556658148765564,-0.8640976049982709
UBFC_PHYS_s17_T3_ctrl,32,234,39.8,0.7565321922302246,-0.8663614212425106
UBFC_PHYS_s17_T3_ctrl,32,235,39.833333333333336,0.7929246425628662,-0.80606772880916
UBFC_PHYS_s17_T3_ctrl,32,236,39.86666666666667,0.8080949783325195,-0.6788606340408175
UBFC_PHYS_s17_T3_ctrl,32,237,39.9,0.9716560244560242,-0.4884846010394117
UBFC_PHYS_s17_T3_ctrl,32,238,39.93333333333333,1.408423662185669,-0.24853048080171466
UBFC_PHYS_s17_T3_ctrl,32,239,39.96666666666667,2.0242271423339844,0.018782563835003284
UBFC_PHYS_s17_T3_ctrl,33,0,33.0,-0.009780644439160824,0.1351772763684729
UBFC_PHYS_s17_T3_ctrl,33,1,33.03333333333333,-0.02972683124244213,0.17681859278963385
UBFC_PHYS_s17_T3_ctrl,33,2,33.06666666666667,-0.037054479122161865,0.19541507006531514
UBFC_PHYS_s17_T3_ctrl,33,3,33.1,-0.03488896042108536,0.17808798066163836
UBFC_PHYS_s17_T3_ctrl,33,4,33.13333333333333,-0.03477190434932709,0.12442607047850496
UBFC_PHYS_s17_T3_ctrl,33,5,33.166666666666664,-0.05595887452363968,0.045974928605728944
UBFC_PHYS_s17_T3_ctrl,33,6,33.2,-0.07804717123508453,-0.038825055330202723
UBFC_PHYS_s17_T3_ctrl,33,7,33.233333333333334,-0.06919780373573303,-0.11178390442358017
UBFC_PHYS_s17_T3_ctrl,33,8,33.266666666666666,-0.04544733092188835,-0.16108988722368434
UBFC_PHYS_s17_T3_ctrl,33,9,33.3,-0.04430019110441208,-0.18419288341192788
UBFC_PHYS_s17_T3_ctrl,33,10,33.333333333333336,-0.061636049300432205,-0.1869836301194115
UBFC_PHYS_s17_T3_ctrl,33,11,33.36666666666667,-0.0615658164024353,-0.18035731070079564
UBFC_PHYS_s17_T3_ctrl,33,12,33.4,-0.0389624759554863,-0.1758070594258578
UBFC_PHYS_s17_T3_ctrl,33,13,33.43333333333333,-0.029469309374690056,-0.18151087351706216
UBFC_PHYS_s17_T3_ctrl,33,14,33.46666666666667,-0.04078853502869606,-0.2000109852202357
UBFC_PHYS_s17_T3_ctrl,33,15,33.5,-0.03295755013823509,-0.22810344891706205
UBFC_PHYS_s17_T3_ctrl,33,16,33.53333333333333,0.0150467399507761,-0.2588676251651176
UBFC_PHYS_s17_T3_ctrl,33,17,33.56666666666667,0.09306395798921585,-0.2850609205811599
UBFC_PHYS_s17_T3_ctrl,33,18,33.6,0.19860082864761353,-0.3026588511010108
UBFC_PHYS_s17_T3_ctrl,33,19,33.63333333333333,0.3114887475967407,-0.31325511119017263
UBFC_PHYS_s17_T3_ctrl,33,20,33.666666666666664,0.38902604579925537,-0.32433943452392366
UBFC_PHYS_s17_T3_ctrl,33,21,33.7,0.3962366282939911,-0.34704620166008193
UBFC_PHYS_s17_T3_ctrl,33,22,33.733333333333334,0.31795018911361694,-0.39168938616339916
UBFC_PHYS_s17_T3_ctrl,33,23,33.766666666666666,0.17535367608070374,-0.4621560095315483
UBFC_PHYS_s17_T3_ctrl,33,24,33.8,0.02494960092008114,-0.5508693936197009
UBFC_PHYS_s17_T3_ctrl,33,25,33.833333333333336,-0.10880924761295319,-0.6363356358800796
UBFC_PHYS_s17_T3_ctrl,33,26,33.86666666666667,-0.22938770055770874,-0.685011119857449
UBFC_PHYS_s17_T3_ctrl,33,27,33.9,-0.31866562366485596,-0.6582148500727714
UBFC_PHYS_s17_T3_ctrl,33,28,33.93333333333333,-0.36658796668052673,-0.5231459864830038
UBFC_PHYS_s17_T3_ctrl,33,29,33.96666666666667,-0.4022546410560608,-0.26521352726821934
UBFC_PHYS_s17_T3_ctrl,33,30,34.0,-0.46155476570129395,0.10245141010736382
UBFC_PHYS_s17_T3_ctrl,33,31,34.03333333333333,-0.5809158086776733,0.5365359611316748
UBFC_PHYS_s17_T3_ctrl,33,32,34.06666666666667,-0.7732373476028442,0.970736014493628
UBFC_PHYS_s17_T3_ctrl,33,33,34.1,-0.9973627328872681,1.3317503723955186
UBFC_PHYS_s17_T3_ctrl,33,34,34.13333333333333,-1.205006718635559,1.5590605896455128
UBFC_PHYS_s17_T3_ctrl,33,35,34.166666666666664,-1.374584436416626,1.6210829157442288
UBFC_PHYS_s17_T3_ctrl,33,36,34.2,-1.4611817598342896,1.521540335456569
UBFC_PHYS_s17_T3_ctrl,33,37,34.233333333333334,-1.4146056175231934,1.2941546078264388
UBFC_PHYS_s17_T3_ctrl,33,38,34.266666666666666,-1.2489843368530273,0.9887186988463542
UBFC_PHYS_s17_T3_ctrl,33,39,34.3,-0.9974329471588135,0.6548332074823333
UBFC_PHYS_s17_T3_ctrl,33,40,34.333333333333336,-0.6709077954292297,0.3296672235940415
UBFC_PHYS_s17_T3_ctrl,33,41,34.36666666666667,-0.32772567868232727,0.0335064729642623
UBFC_PHYS_s17_T3_ctrl,33,42,34.4,-0.05550236254930496,-0.22685471564296802
UBFC_PHYS_s17_T3_ctrl,33,43,34.43333333333333,0.14363175630569458,-0.45003735158884206
UBFC_PHYS_s17_T3_ctrl,33,44,34.46666666666667,0.33983948826789856,-0.6320341510046702
UBFC_PHYS_s17_T3_ctrl,33,45,34.5,0.541197657585144,-0.762355535433412
UBFC_PHYS_s17_T3_ctrl,33,46,34.53333333333333,0.6582761406898499,-0.8262153299964811
UBFC_PHYS_s17_T3_ctrl,33,47,34.56666666666667,0.6741371154785156,-0.8116583597847268
UBFC_PHYS_s17_T3_ctrl,33,48,34.6,0.7100027799606323,-0.7181899637757385
UBFC_PHYS_s17_T3_ctrl,33,49,34.63333333333333,0.8315879106521606,-0.5625178973674589
UBFC_PHYS_s17_T3_ctrl,33,50,34.666666666666664,0.9291182160377502,-0.3778231938690443
UBFC_PHYS_s17_T3_ctrl,33,51,34.7,0.9222471117973328,-0.20557845020241994
UBFC_PHYS_s17_T3_ctrl,33,52,34.733333333333334,0.8966003060340881,-0.08255719524546416
UBFC_PHYS_s17_T3_ctrl,33,53,34.766666666666666,0.9294576644897461,-0.02848141178526085
UBFC_PHYS_s17_T3_ctrl,33,54,34.8,0.9875638484954834,-0.03996853783932451
UBFC_PHYS_s17_T3_ctrl,33,55,34.833333333333336,0.906819224357605,-0.09358187274030641
UBFC_PHYS_s17_T3_ctrl,33,56,34.86666666666667,0.38661471009254456,-0.15618962894454214
UBFC_PHYS_s17_T3_ctrl,33,57,34.9,-0.5296807885169983,-0.1975514043015725
UBFC_PHYS_s17_T3_ctrl,33,58,34.93333333333333,-1.2389878034591675,-0.20016422492857835
UBFC_PHYS_s17_T3_ctrl,33,59,34.96666666666667,-1.3957948684692383,-0.16371458258676178
UBFC_PHYS_s17_T3_ctrl,33,60,35.0,-1.3408725261688232,-0.10375891141898698
UBFC_PHYS_s17_T3_ctrl,33,61,35.03333333333333,-1.3559259176254272,-0.045760195083412926
UBFC_PHYS_s17_T3_ctrl,33,62,35.06666666666667,-1.3408257961273193,-0.01651835151415774
UBFC_PHYS_s17_T3_ctrl,33,63,35.1,-1.3000671863555908,-0.03542691064815433
UBFC_PHYS_s17_T3_ctrl,33,64,35.13333333333333,-1.2833282947540283,-0.10784482809171843
UBFC_PHYS_s17_T3_ctrl,33,65,35.166666666666664,-1.1534674167633057,-0.22217278805009918
UBFC_PHYS_s17_T3_ctrl,33,66,35.2,-0.8368802070617676,-0.35114127209807794
UBFC_PHYS_s17_T3_ctrl,33,67,35.233333333333334,-0.5015173554420471,-0.4568694069830521
UBFC_PHYS_s17_T3_ctrl,33,68,35.266666666666666,-0.28113773465156555,-0.4987926638677871
UBFC_PHYS_s17_T3_ctrl,33,69,35.3,-0.0975368469953537,-0.4433438736983839
UBFC_PHYS_s17_T3_ctrl,33,70,35.333333333333336,0.09451544284820557,-0.27388490605306676
UBFC_PHYS_s17_T3_ctrl,33,71,35.36666666666667,0.18899060785770416,0.0012985300291498054
UBFC_PHYS_s17_T3_ctrl,33,72,35.4,0.13219547271728516,0.34580836386026625
UBFC_PHYS_s17_T3_ctrl,33,73,35.43333333333333,0.018055055290460587,0.6996495710175319
UBFC_PHYS_s17_T3_ctrl,33,74,35.46666666666667,-0.05527995526790619,0.99282520417079
UBFC_PHYS_s17_T3_ctrl,33,75,35.5,-0.11126740276813507,1.165487467873211
UBFC_PHYS_s17_T3_ctrl,33,76,35.53333333333333,-0.21360866725444794,1.1871404449374932
UBFC_PHYS_s17_T3_ctrl,33,77,35.56666666666667,-0.3084115982055664,1.0659235387395263
UBFC_PHYS_s17_T3_ctrl,33,78,35.6,-0.27965113520622253,0.8437613468382043
UBFC_PHYS_s17_T3_ctrl,33,79,35.63333333333333,-0.11009685695171356,0.5803816853834883
UBFC_PHYS_s17_T3_ctrl,33,80,35.666666666666664,0.11739970743656158,0.33357496563683686
UBFC_PHYS_s17_T3_ctrl,33,81,35.7,0.3326406180858612,0.143226607561424
UBFC_PHYS_s17_T3_ctrl,33,82,35.733333333333334,0.48653292655944824,0.023884871611701095
UBFC_PHYS_s17_T3_ctrl,33,83,35.766666666666666,0.5178802609443665,-0.03335087894944203
UBFC_PHYS_s17_T3_ctrl,33,84,35.8,0.4223633408546448,-0.05234764761866718
UBFC_PHYS_s17_T3_ctrl,33,85,35.833333333333336,0.2760678827762604,-0.06131122335684497
UBFC_PHYS_s17_T3_ctrl,33,86,35.86666666666667,0.10695839673280716,-0.08398269039540184
UBFC_PHYS_s17_T3_ctrl,33,87,35.9,-0.12341772019863129,-0.13470642204998226
UBFC_PHYS_s17_T3_ctrl,33,88,35.93333333333333,-0.3828117847442627,-0.21730860905628427
UBFC_PHYS_s17_T3_ctrl,33,89,35.96666666666667,-0.5681685209274292,-0.3264024238687861
UBFC_PHYS_s17_T3_ctrl,33,90,36.0,-0.6775214076042175,-0.4495807318137758
UBFC_PHYS_s17_T3_ctrl,33,91,36.03333333333333,-0.8334270715713501,-0.5696891924609364
UBFC_PHYS_s17_T3_ctrl,33,92,36.06666666666667,-1.0726994276046753,-0.6673116357075675
UBFC_PHYS_s17_T3_ctrl,33,93,36.1,-1.294834852218628,-0.7240439379911633
UBFC_PHYS_s17_T3_ctrl,33,94,36.13333333333333,-1.4151089191436768,-0.7267399049561116
UBFC_PHYS_s17_T3_ctrl,33,95,36.166666666666664,-1.4699257612228394,-0.6719414737992804
UBFC_PHYS_s17_T3_ctrl,33,96,36.2,-1.5623525381088257,-0.5687805288388554
UBFC_PHYS_s17_T3_ctrl,33,97,36.233333333333334,-1.7224253416061401,-0.4383817256893732
UBFC_PHYS_s17_T3_ctrl,33,98,36.266666666666666,-1.7952687740325928,-0.30866223589024067
UBFC_PHYS_s17_T3_ctrl,33,99,36.3,-1.547111988067627,-0.20555847152967752
UBFC_PHYS_s17_T3_ctrl,33,100,36.333333333333336,-0.9735537171363831,-0.14422739443722674
UBFC_PHYS_s17_T3_ctrl,33,101,36.36666666666667,-0.3060002624988556,-0.1244556093005556
UBFC_PHYS_s17_T3_ctrl,33,102,36.4,0.26929038763046265,-0.13219706049623908
UBFC_PHYS_s17_T3_ctrl,33,103,36.43333333333333,0.7245644330978394,-0.14576343662708222
UBFC_PHYS_s17_T3_ctrl,33,104,36.46666666666667,1.0414443016052246,-0.14333386317645966
UBFC_PHYS_s17_T3_ctrl,33,105,36.5,1.191731333732605,-0.10884052962426131
UBFC_PHYS_s17_T3_ctrl,33,106,36.53333333333333,1.2593072652816772,-0.035051068734173546
UBFC_PHYS_s17_T3_ctrl,33,107,36.56666666666667,1.376221776008606,0.07572404305791537
UBFC_PHYS_s17_T3_ctrl,33,108,36.6,1.5479533672332764,0.212468102666435
UBFC_PHYS_s17_T3_ctrl,33,109,36.63333333333333,1.6938625574111938,0.35748149340905155
UBFC_PHYS_s17_T3_ctrl,33,110,36.666666666666664,1.7802257537841797,0.48965387813487254
UBFC_PHYS_s17_T3_ctrl,33,111,36.7,1.8174024820327759,0.5888804218547478
UBFC_PHYS_s17_T3_ctrl,33,112,36.733333333333334,1.7813026905059814,0.6408343552841638
UBFC_PHYS_s17_T3_ctrl,33,113,36.766666666666666,1.6413867473602295,0.640728915842076
UBFC_PHYS_s17_T3_ctrl,33,114,36.8,1.4458345174789429,0.5947861562838643
UBFC_PHYS_s17_T3_ctrl,33,115,36.833333333333336,1.252541422843933,0.5187874253439467
UBFC_PHYS_s17_T3_ctrl,33,116,36.86666666666667,1.011841058731079,0.4339052645230576
UBFC_PHYS_s17_T3_ctrl,33,117,36.9,0.6192616820335388,0.3607272531410348
UBFC_PHYS_s17_T3_ctrl,33,118,36.93333333333333,0.06241893395781517,0.31291320778122744
UBFC_PHYS_s17_T3_ctrl,33,119,36.96666666666667,-0.4939907193183899,0.29241948517122635
UBFC_PHYS_s17_T3_ctrl,33,120,37.0,-0.7526707649230957,0.28847226440276297
UBFC_PHYS_s17_T3_ctrl,33,121,37.03333333333333,-0.5309098958969116,0.2815642633096474
UBFC_PHYS_s17_T3_ctrl,33,122,37.06666666666667,-0.04130357876420021,0.25139772936583304
UBFC_PHYS_s17_T3_ctrl,33,123,37.1,0.41860586404800415,0.18536252596607103
UBFC_PHYS_s17_T3_ctrl,33,124,37.13333333333333,0.7711055278778076,0.08359488812374956
UBFC_PHYS_s17_T3_ctrl,33,125,37.166666666666664,1.0392085313796997,-0.04161693327318072
UBFC_PHYS_s17_T3_ctrl,33,126,37.2,1.1802482604980469,-0.1712906791131445
UBFC_PHYS_s17_T3_ctrl,33,127,37.233333333333334,1.2099567651748657,-0.2869781938321802
UBFC_PHYS_s17_T3_ctrl,33,128,37.266666666666666,1.2485849857330322,-0.3765207192066854
UBFC_PHYS_s17_T3_ctrl,33,129,37.3,1.35214364528656,-0.43652979885883536
UBFC_PHYS_s17_T3_ctrl,33,130,37.333333333333336,1.4643526077270508,-0.47146988681030766
UBFC_PHYS_s17_T3_ctrl,33,131,37.36666666666667,1.5441490411758423,-0.49043669327793893
UBFC_PHYS_s17_T3_ctrl,33,132,37.4,1.6029809713363647,-0.5032649729440577
UBFC_PHYS_s17_T3_ctrl,33,133,37.43333333333333,1.6325021982192993,-0.5173320177720631
UBFC_PHYS_s17_T3_ctrl,33,134,37.46666666666667,1.6004408597946167,-0.5355484772470623
UBFC_PHYS_s17_T3_ctrl,33,135,37.5,1.5132230520248413,-0.5552306549623556
UBFC_PHYS_s17_T3_ctrl,33,136,37.53333333333333,1.3948101997375488,-0.5674542996671762
UBFC_PHYS_s17_T3_ctrl,33,137,37.56666666666667,1.2358962297439575,-0.5571503503604797
UBFC_PHYS_s17_T3_ctrl,33,138,37.6,1.031213641166687,-0.5050384937094491
UBFC_PHYS_s17_T3_ctrl,33,139,37.63333333333333,0.82145094871521,-0.3924935913261956
UBFC_PHYS_s17_T3_ctrl,33,140,37.666666666666664,0.6428014636039734,-0.2090718072944455
UBFC_PHYS_s17_T3_ctrl,33,141,37.7,0.4496488571166992,0.03961626514420684
UBFC_PHYS_s17_T3_ctrl,33,142,37.733333333333334,0.17701587080955505,0.32741910665330853
UBFC_PHYS_s17_T3_ctrl,33,143,37.766666666666666,-0.11151321977376938,0.6100783625903295
UBFC_PHYS_s17_T3_ctrl,33,144,37.8,-0.2784923017024994,0.8358542387742002
UBFC_PHYS_s17_T3_ctrl,33,145,37.833333333333336,-0.3095587193965912,0.9615614639982769
UBFC_PHYS_s17_T3_ctrl,33,146,37.86666666666667,-0.27409103512763977,0.9672246945021596
UBFC_PHYS_s17_T3_ctrl,33,147,37.9,-0.2087859958410263,0.8621766038267151
UBFC_PHYS_s17_T3_ctrl,33,148,37.93333333333333,-0.1470160335302353,0.6801037208268179
UBFC_PHYS_s17_T3_ctrl,33,149,37.96666666666667,-0.13950109481811523,0.466429262197575
UBFC_PHYS_s17_T3_ctrl,33,150,38.0,-0.1732480674982071,0.26403129902667083
UBFC_PHYS_s17_T3_ctrl,33,151,38.03333333333333,-0.18297535181045532,0.10242282719811893
UBFC_PHYS_s17_T3_ctrl,33,152,38.06666666666667,-0.16561608016490936,-0.006893118813416426
UBFC_PHYS_s17_T3_ctrl,33,153,38.1,-0.176338329911232,-0.06892761022633882
UBFC_PHYS_s17_T3_ctrl,33,154,38.13333333333333,-0.25408631563186646,-0.09985865183653857
UBFC_PHYS_s17_T3_ctrl,33,155,38.166666666666664,-0.3849422037601471,-0.12083860381857417
UBFC_PHYS_s17_T3_ctrl,33,156,38.2,-0.5114904642105103,-0.1528516206008428
UBFC_PHYS_s17_T3_ctrl,33,157,38.233333333333334,-0.6047365665435791,-0.21279317221094227
UBFC_PHYS_s17_T3_ctrl,33,158,38.266666666666666,-0.7143820524215698,-0.31009869257467326
UBFC_PHYS_s17_T3_ctrl,33,159,38.3,-0.8658864498138428,-0.44375051913155056
UBFC_PHYS_s17_T3_ctrl,33,160,38.333333333333336,-0.9942139387130737,-0.6006896903066913
UBFC_PHYS_s17_T3_ctrl,33,161,38.36666666666667,-1.063065767288208,-0.757135024728533
UBFC_PHYS_s17_T3_ctrl,33,162,38.4,-1.109033226966858,-0.8832579424870566
UBFC_PHYS_s17_T3_ctrl,33,163,38.43333333333333,-1.1730741262435913,-0.9500087079791232
UBFC_PHYS_s17_T3_ctrl,33,164,38.46666666666667,-1.2618135213851929,-0.9359968412713789
UBFC_PHYS_s17_T3_ctrl,33,165,38.5,-1.289953589439392,-0.8325064624139211
UBFC_PHYS_s17_T3_ctrl,33,166,38.53333333333333,-1.0745371580123901,-0.6455577485424264
UBFC_PHYS_s17_T3_ctrl,33,167,38.56666666666667,-0.5896481275558472,-0.3948435976326418
UBFC_PHYS_s17_T3_ctrl,33,168,38.6,-0.030674977228045464,-0.10999656034624024
UBFC_PHYS_s17_T3_ctrl,33,169,38.63333333333333,0.41597211360931396,0.17500056925509552
UBFC_PHYS_s17_T3_ctrl,33,170,38.666666666666664,0.6980514526367188,0.4281792717245555
UBFC_PHYS_s17_T3_ctrl,33,171,38.7,0.8068541884422302,0.6254384587142382
UBFC_PHYS_s17_T3_ctrl,33,172,38.733333333333334,0.7723463177680969,0.7545649541094313
UBFC_PHYS_s17_T3_ctrl,33,173,38.766666666666666,0.7035881876945496,0.8163807846274171
UBFC_PHYS_s17_T3_ctrl,33,174,38.8,0.6734464764595032,0.8226292182793867
UBFC_PHYS_s17_T3_ctrl,33,175,38.833333333333336,0.6363049149513245,0.791083138688302
UBFC_PHYS_s17_T3_ctrl,33,176,38.86666666666667,0.5484901666641235,0.7391965862713462
UBFC_PHYS_s17_T3_ctrl,33,177,38.9,0.4426957964897156,0.6782047469155358
UBFC_PHYS_s17_T3_ctrl,33,178,38.93333333333333,0.3371940553188324,0.6097015979365403
UBFC_PHYS_s17_T3_ctrl,33,179,38.96666666666667,0.16966480016708374,0.5261934308114676
UBFC_PHYS_s17_T3_ctrl,33,180,39.0,-0.09581613540649414,0.41587769911308325
UBFC_PHYS_s17_T3_ctrl,33,181,39.03333333333333,-0.3766195774078369,0.27012479835778597
UBFC_PHYS_s17_T3_ctrl,33,182,39.06666666666667,-0.5864056944847107,0.09055590736018657
UBFC_PHYS_s17_T3_ctrl,33,183,39.1,-0.7518630623817444,-0.10752139295718555
UBFC_PHYS_s17_T3_ctrl,33,184,39.13333333333333,-0.939865231513977,-0.2967898232344877
UBFC_PHYS_s17_T3_ctrl,33,185,39.166666666666664,-1.1567449569702148,-0.4439911687765201
UBFC_PHYS_s17_T3_ctrl,33,186,39.2,-1.308038592338562,-0.5185709257266877
UBFC_PHYS_s17_T3_ctrl,33,187,39.233333333333334,-1.2336852550506592,-0.5017817924048049
UBFC_PHYS_s17_T3_ctrl,33,188,39.266666666666666,-0.8722893595695496,-0.3938264853446397
UBFC_PHYS_s17_T3_ctrl,33,189,39.3,-0.3900575041770935,-0.21651333638460513
UBFC_PHYS_s17_T3_ctrl,33,190,39.333333333333336,0.016147058457136154,-0.009630413894644481
UBFC_PHYS_s17_T3_ctrl,33,191,39.36666666666667,0.29985347390174866,0.17891029226681956
UBFC_PHYS_s17_T3_ctrl,33,192,39.4,0.46176406741142273,0.306557145000743
UBFC_PHYS_s17_T3_ctrl,33,193,39.43333333333333,0.49304118752479553,0.34854332206559624
UBFC_PHYS_s17_T3_ctrl,33,194,39.46666666666667,0.4754126965999603,0.3042706367303658
UBFC_PHYS_s17_T3_ctrl,33,195,39.5,0.5166161060333252,0.19492619444976314
UBFC_PHYS_s17_T3_ctrl,33,196,39.53333333333333,0.5897638201713562,0.05370425757928494
UBFC_PHYS_s17_T3_ctrl,33,197,39.56666666666667,0.6131865382194519,-0.08659995499962518
UBFC_PHYS_s17_T3_ctrl,33,198,39.6,0.6076030135154724,-0.20336234579373982
UBFC_PHYS_s17_T3_ctrl,33,199,39.63333333333333,0.6164523959159851,-0.28815633490868725
UBFC_PHYS_s17_T3_ctrl,33,200,39.666666666666664,0.6117233633995056,-0.34497664095329994
UBFC_PHYS_s17_T3_ctrl,33,201,39.7,0.5755767226219177,-0.3847801747457583
UBFC_PHYS_s17_T3_ctrl,33,202,39.733333333333334,0.5731770992279053,-0.4189130934299588
UBFC_PHYS_s17_T3_ctrl,33,203,39.766666666666666,0.6556658148765564,-0.4533653781454541
UBFC_PHYS_s17_T3_ctrl,33,204,39.8,0.7565321922302246,-0.48513985542226695
UBFC_PHYS_s17_T3_ctrl,33,205,39.833333333333336,0.7929246425628662,-0.5016026816547544
UBFC_PHYS_s17_T3_ctrl,33,206,39.86666666666667,0.8080949783325195,-0.48325120645932684
UBFC_PHYS_s17_T3_ctrl,33,207,39.9,0.9716560244560242,-0.4096731978553422
UBFC_PHYS_s17_T3_ctrl,33,208,39.93333333333333,1.408423662185669,-0.2675144156681951
UBFC_PHYS_s17_T3_ctrl,33,209,39.96666666666667,2.0242271423339844,-0.05818317420515931
UBFC_PHYS_s17_T3_ctrl,33,210,40.0,2.6179890632629395,0.1976936107373498
UBFC_PHYS_s17_T3_ctrl,33,211,40.03333333333333,3.1180367469787598,0.46160129016944196
UBFC_PHYS_s17_T3_ctrl,33,212,40.06666666666667,3.4668140411376953,0.6848592339470996
UBFC_PHYS_s17_T3_ctrl,33,213,40.1,3.412114143371582,0.8206828253239559
UBFC_PHYS_s17_T3_ctrl,33,214,40.13333333333333,2.753726005554199,0.8365055132431759
UBFC_PHYS_s17_T3_ctrl,33,215,40.166666666666664,1.630629301071167,0.7222541748268838
UBFC_PHYS_s17_T3_ctrl,33,216,40.2,0.47693440318107605,0.49211111875930674
UBFC_PHYS_s17_T3_ctrl,33,217,40.233333333333334,-0.23884575068950653,0.18008346524644483
UBFC_PHYS_s17_T3_ctrl,33,218,40.266666666666666,-0.3904438018798828,-0.16812741639902234
UBFC_PHYS_s17_T3_ctrl,33,219,40.3,-0.3088681101799011,-0.503849426669869
UBFC_PHYS_s17_T3_ctrl,33,220,40.333333333333336,-0.3084467053413391,-0.7825859812728729
UBFC_PHYS_s17_T3_ctrl,33,221,40.36666666666667,-0.4896128475666046,-0.9689499837245725
UBFC_PHYS_s17_T3_ctrl,33,222,40.4,-0.9220377802848816,-1.0398257211242845
UBFC_PHYS_s17_T3_ctrl,33,223,40.43333333333333,-1.5210320949554443,-0.9864723026150655
UBFC_PHYS_s17_T3_ctrl,33,224,40.46666666666667,-1.9669650793075562,-0.8158960435634142
UBFC_PHYS_s17_T3_ctrl,33,225,40.5,-2.107290744781494,-0.550992342077181
UBFC_PHYS_s17_T3_ctrl,33,226,40.53333333333333,-2.1310646533966064,-0.2282147662416586
UBFC_PHYS_s17_T3_ctrl,33,227,40.56666666666667,-2.1808714866638184,0.10818683936595705
UBFC_PHYS_s17_T3_ctrl,33,228,40.6,-2.1650924682617188,0.4146891395772022
UBFC_PHYS_s17_T3_ctrl,33,229,40.63333333333333,-1.9944496154785156,0.6572678329131648
UBFC_PHYS_s17_T3_ctrl,33,230,40.666666666666664,-1.75899338722229,0.8173076772165733
UBFC_PHYS_s17_T3_ctrl,33,231,40.7,-1.6961113214492798,0.892670164299198
UBFC_PHYS_s17_T3_ctrl,33,232,40.733333333333334,-1.9264172315597534,0.8941894428506546
UBFC_PHYS_s17_T3_ctrl,33,233,40.766666666666666,-2.2019765377044678,0.8397550866246573
UBFC_PHYS_s17_T3_ctrl,33,234,40.8,-2.1497817039489746,0.7485144605558278
UBFC_PHYS_s17_T3_ctrl,33,235,40.833333333333336,-1.7983238697052002,0.6368232826723348
UBFC_PHYS_s17_T3_ctrl,33,236,40.86666666666667,-1.477592945098877,0.5163227703605691
UBFC_PHYS_s17_T3_ctrl,33,237,40.9,-1.334200382232666,0.3936389710459279
UBFC_PHYS_s17_T3_ctrl,33,238,40.93333333333333,-1.2227756977081299,0.2709935266970918
UBFC_PHYS_s17_T3_ctrl,33,239,40.96666666666667,-0.9891103506088257,0.14738354825388408
UBFC_PHYS_s17_T3_ctrl,34,0,34.0,-0.46155476570129395,0.009014797232905526
UBFC_PHYS_s17_T3_ctrl,34,1,34.03333333333333,-0.5809158086776733,0.38409620256218147
UBFC_PHYS_s17_T3_ctrl,34,2,34.06666666666667,-0.7732373476028442,0.7061832967447509
UBFC_PHYS_s17_T3_ctrl,34,3,34.1,-0.9973627328872681,0.9315859799444056
UBFC_PHYS_s17_T3_ctrl,34,4,34.13333333333333,-1.205006718635559,1.0333054834972868
UBFC_PHYS_s17_T3_ctrl,34,5,34.166666666666664,-1.374584436416626,1.0062479686335837
UBFC_PHYS_s17_T3_ctrl,34,6,34.2,-1.4611817598342896,0.8675727441471793
UBFC_PHYS_s17_T3_ctrl,34,7,34.233333333333334,-1.4146056175231934,0.6512477907903279
UBFC_PHYS_s17_T3_ctrl,34,8,34.266666666666666,-1.2489843368530273,0.3983002297370061
UBFC_PHYS_s17_T3_ctrl,34,9,34.3,-0.9974329471588135,0.1463005275938838
UBFC_PHYS_s17_T3_ctrl,34,10,34.333333333333336,-0.6709077954292297,-0.07804626404374078
UBFC_PHYS_s17_T3_ctrl,34,11,34.36666666666667,-0.32772567868232727,-0.26096968956526306
UBFC_PHYS_s17_T3_ctrl,34,12,34.4,-0.05550236254930496,-0.3988524681911011
UBFC_PHYS_s17_T3_ctrl,34,13,34.43333333333333,0.14363175630569458,-0.49317162527650277
UBFC_PHYS_s17_T3_ctrl,34,14,34.46666666666667,0.33983948826789856,-0.5459952726024072
UBFC_PHYS_s17_T3_ctrl,34,15,34.5,0.541197657585144,-0.5577881103494567
UBFC_PHYS_s17_T3_ctrl,34,16,34.53333333333333,0.6582761406898499,-0.5279533427755909
UBFC_PHYS_s17_T3_ctrl,34,17,34.56666666666667,0.6741371154785156,-0.45743941993268067
UBFC_PHYS_s17_T3_ctrl,34,18,34.6,0.7100027799606323,-0.3519578462221777
UBFC_PHYS_s17_T3_ctrl,34,19,34.63333333333333,0.8315879106521606,-0.22402722957116888
UBFC_PHYS_s17_T3_ctrl,34,20,34.666666666666664,0.9291182160377502,-0.09234412536161274
UBFC_PHYS_s17_T3_ctrl,34,21,34.7,0.9222471117973328,0.022001342181912208
UBFC_PHYS_s17_T3_ctrl,34,22,34.733333333333334,0.8966003060340881,0.10140586370989277
UBFC_PHYS_s17_T3_ctrl,34,23,34.766666666666666,0.9294576644897461,0.13732145138586105
UBFC_PHYS_s17_T3_ctrl,34,24,34.8,0.9875638484954834,0.1328089690105156
UBFC_PHYS_s17_T3_ctrl,34,25,34.833333333333336,0.906819224357605,0.10067160203918056
UBFC_PHYS_s17_T3_ctrl,34,26,34.86666666666667,0.38661471009254456,0.05818120067707178
UBFC_PHYS_s17_T3_ctrl,34,27,34.9,-0.5296807885169983,0.02113040409055044
UBFC_PHYS_s17_T3_ctrl,34,28,34.93333333333333,-1.2389878034591675,-0.0003832267462891459
UBFC_PHYS_s17_T3_ctrl,34,29,34.96666666666667,-1.3957948684692383,-0.0036451520201577345
UBFC_PHYS_s17_T3_ctrl,34,30,35.0,-1.3408725261688232,0.0070001105993323905
UBFC_PHYS_s17_T3_ctrl,34,31,35.03333333333333,-1.3559259176254272,0.021773461821635986
UBFC_PHYS_s17_T3_ctrl,34,32,35.06666666666667,-1.3408257961273193,0.02829631533310031
UBFC_PHYS_s17_T3_ctrl,34,33,35.1,-1.3000671863555908,0.015689075796624367
UBFC_PHYS_s17_T3_ctrl,34,34,35.13333333333333,-1.2833282947540283,-0.021017625257830817
UBFC_PHYS_s17_T3_ctrl,34,35,35.166666666666664,-1.1534674167633057,-0.07795784402334383
UBFC_PHYS_s17_T3_ctrl,34,36,35.2,-0.8368802070617676,-0.14221437271464207
UBFC_PHYS_s17_T3_ctrl,34,37,35.233333333333334,-0.5015173554420471,-0.19430228193407242
UBFC_PHYS_s17_T3_ctrl,34,38,35.266666666666666,-0.28113773465156555,-0.21268355076176443
UBFC_PHYS_s17_T3_ctrl,34,39,35.3,-0.0975368469953537,-0.17950756176250696
UBFC_PHYS_s17_T3_ctrl,34,40,35.333333333333336,0.09451544284820557,-0.08655146277027351
UBFC_PHYS_s17_T3_ctrl,34,41,35.36666666666667,0.18899060785770416,0.06016557840707523
UBFC_PHYS_s17_T3_ctrl,34,42,35.4,0.13219547271728516,0.2390740886064037
UBFC_PHYS_s17_T3_ctrl,34,43,35.43333333333333,0.018055055290460587,0.416737012288044
UBFC_PHYS_s17_T3_ctrl,34,44,35.46666666666667,-0.05527995526790619,0.556643499926096
UBFC_PHYS_s17_T3_ctrl,34,45,35.5,-0.11126740276813507,0.6306074400331523
UBFC_PHYS_s17_T3_ctrl,34,46,35.53333333333333,-0.21360866725444794,0.6279119148785489
UBFC_PHYS_s17_T3_ctrl,34,47,35.56666666666667,-0.3084115982055664,0.5576318590283715
UBFC_PHYS_s17_T3_ctrl,34,48,35.6,-0.27965113520622253,0.44326798418119767
UBFC_PHYS_s17_T3_ctrl,34,49,35.63333333333333,-0.11009685695171356,0.31301410199820096
UBFC_PHYS_s17_T3_ctrl,34,50,35.666666666666664,0.11739970743656158,0.190433536538821
UBFC_PHYS_s17_T3_ctrl,34,51,35.7,0.3326406180858612,0.08900288877461329
UBFC_PHYS_s17_T3_ctrl,34,52,35.733333333333334,0.48653292655944824,0.01157207212127664
UBFC_PHYS_s17_T3_ctrl,34,53,35.766666666666666,0.5178802609443665,-0.04639268177490703
UBFC_PHYS_s17_T3_ctrl,34,54,35.8,0.4223633408546448,-0.09212719515870658
UBFC_PHYS_s17_T3_ctrl,34,55,35.833333333333336,0.2760678827762604,-0.1317917691141597
UBFC_PHYS_s17_T3_ctrl,34,56,35.86666666666667,0.10695839673280716,-0.16896746221819905
UBFC_PHYS_s17_T3_ctrl,34,57,35.9,-0.12341772019863129,-0.20543630499371954
UBFC_PHYS_s17_T3_ctrl,34,58,35.93333333333333,-0.3828117847442627,-0.24311566175193813
UBFC_PHYS_s17_T3_ctrl,34,59,35.96666666666667,-0.5681685209274292,-0.28544010704414313
UBFC_PHYS_s17_T3_ctrl,34,60,36.0,-0.6775214076042175,-0.336696177289439
UBFC_PHYS_s17_T3_ctrl,34,61,36.03333333333333,-0.8334270715713501,-0.3990704087807384
UBFC_PHYS_s17_T3_ctrl,34,62,36.06666666666667,-1.0726994276046753,-0.4690568460085686
UBFC_PHYS_s17_T3_ctrl,34,63,36.1,-1.294834852218628,-0.535852400344112
UBFC_PHYS_s17_T3_ctrl,34,64,36.13333333333333,-1.4151089191436768,-0.5833859525733442
UBFC_PHYS_s17_T3_ctrl,34,65,36.166666666666664,-1.4699257612228394,-0.5955369911361006
UBFC_PHYS_s17_T3_ctrl,34,66,36.2,-1.5623525381088257,-0.5623972378389066
UBFC_PHYS_s17_T3_ctrl,34,67,36.233333333333334,-1.7224253416061401,-0.48475081149510246
UBFC_PHYS_s17_T3_ctrl,34,68,36.266666666666666,-1.7952687740325928,-0.374449366100854
UBFC_PHYS_s17_T3_ctrl,34,69,36.3,-1.547111988067627,-0.2502263566792732
UBFC_PHYS_s17_T3_ctrl,34,70,36.333333333333336,-0.9735537171363831,-0.13110200870710254
UBFC_PHYS_s17_T3_ctrl,34,71,36.36666666666667,-0.3060002624988556,-0.030866914969356524
UBFC_PHYS_s17_T3_ctrl,34,72,36.4,0.26929038763046265,0.04411052175303114
UBFC_PHYS_s17_T3_ctrl,34,73,36.43333333333333,0.7245644330978394,0.0940793777851367
UBFC_PHYS_s17_T3_ctrl,34,74,36.46666666666667,1.0414443016052246,0.12412944188796762
UBFC_PHYS_s17_T3_ctrl,34,75,36.5,1.191731333732605,0.14310108347075826
UBFC_PHYS_s17_T3_ctrl,34,76,36.53333333333333,1.2593072652816772,0.16289799672841962
UBFC_PHYS_s17_T3_ctrl,34,77,36.56666666666667,1.376221776008606,0.19657233045947026
UBFC_PHYS_s17_T3_ctrl,34,78,36.6,1.5479533672332764,0.2543926162375063
UBFC_PHYS_s17_T3_ctrl,34,79,36.63333333333333,1.6938625574111938,0.3391286110270929
UBFC_PHYS_s17_T3_ctrl,34,80,36.666666666666664,1.7802257537841797,0.44303030614975797
UBFC_PHYS_s17_T3_ctrl,34,81,36.7,1.8174024820327759,0.548540827808444
UBFC_PHYS_s17_T3_ctrl,34,82,36.733333333333334,1.7813026905059814,0.6329856144177527
UBFC_PHYS_s17_T3_ctrl,34,83,36.766666666666666,1.6413867473602295,0.6755601926799796
UBFC_PHYS_s17_T3_ctrl,34,84,36.8,1.4458345174789429,0.6640472057192289
UBFC_PHYS_s17_T3_ctrl,34,85,36.833333333333336,1.252541422843933,0.5989518974421668
UBFC_PHYS_s17_T3_ctrl,34,86,36.86666666666667,1.011841058731079,0.4936870630916874
UBFC_PHYS_s17_T3_ctrl,34,87,36.9,0.6192616820335388,0.3706291742945815
UBFC_PHYS_s17_T3_ctrl,34,88,36.93333333333333,0.06241893395781517,0.25406806623457073
UBFC_PHYS_s17_T3_ctrl,34,89,36.96666666666667,-0.4939907193183899,0.16226658706483232
UBFC_PHYS_s17_T3_ctrl,34,90,37.0,-0.7526707649230957,0.10170701442433758
UBFC_PHYS_s17_T3_ctrl,34,91,37.03333333333333,-0.5309098958969116,0.06612853525118301
UBFC_PHYS_s17_T3_ctrl,34,92,37.06666666666667,-0.04130357876420021,0.0407520099657181
UBFC_PHYS_s17_T3_ctrl,34,93,37.1,0.41860586404800415,0.009443676332969409
UBFC_PHYS_s17_T3_ctrl,34,94,37.13333333333333,0.7711055278778076,-0.03876657962997245
UBFC_PHYS_s17_T3_ctrl,34,95,37.166666666666664,1.0392085313796997,-0.10667839283442868
UBFC_PHYS_s17_T3_ctrl,34,96,37.2,1.1802482604980469,-0.19002252979511972
UBFC_PHYS_s17_T3_ctrl,34,97,37.233333333333334,1.2099567651748657,-0.2810181664249126
UBFC_PHYS_s17_T3_ctrl,34,98,37.266666666666666,1.2485849857330322,-0.3719231174531161
UBFC_PHYS_s17_T3_ctrl,34,99,37.3,1.35214364528656,-0.45688071339041236
UBFC_PHYS_s17_T3_ctrl,34,100,37.333333333333336,1.4643526077270508,-0.5318927152732316
UBFC_PHYS_s17_T3_ctrl,34,101,37.36666666666667,1.5441490411758423,-0.5939244836032644
UBFC_PHYS_s17_T3_ctrl,34,102,37.4,1.6029809713363647,-0.6402735981527211
UBFC_PHYS_s17_T3_ctrl,34,103,37.43333333333333,1.6325021982192993,-0.6686247635297529
UBFC_PHYS_s17_T3_ctrl,34,104,37.46666666666667,1.6004408597946167,-0.6773793468435162
UBFC_PHYS_s17_T3_ctrl,34,105,37.5,1.5132230520248413,-0.6654821716410309
UBFC_PHYS_s17_T3_ctrl,34,106,37.53333333333333,1.3948101997375488,-0.6313202310569288
UBFC_PHYS_s17_T3_ctrl,34,107,37.56666666666667,1.2358962297439575,-0.5711405604490756
UBFC_PHYS_s17_T3_ctrl,34,108,37.6,1.031213641166687,-0.4782730020949047
UBFC_PHYS_s17_T3_ctrl,34,109,37.63333333333333,0.82145094871521,-0.3445587636254576
UBFC_PHYS_s17_T3_ctrl,34,110,37.666666666666664,0.6428014636039734,-0.16443594652364105
UBFC_PHYS_s17_T3_ctrl,34,111,37.7,0.4496488571166992,0.059497226767796105
UBFC_PHYS_s17_T3_ctrl,34,112,37.733333333333334,0.17701587080955505,0.3120652026908128
UBFC_PHYS_s17_T3_ctrl,34,113,37.766666666666666,-0.11151321977376938,0.5652041940564286
UBFC_PHYS_s17_T3_ctrl,34,114,37.8,-0.2784923017024994,0.7833953805607559
UBFC_PHYS_s17_T3_ctrl,34,115,37.833333333333336,-0.3095587193965912,0.9336736689801215
UBFC_PHYS_s17_T3_ctrl,34,116,37.86666666666667,-0.27409103512763977,0.9960393323398111
UBFC_PHYS_s17_T3_ctrl,34,117,37.9,-0.2087859958410263,0.9692499276284632
UBFC_PHYS_s17_T3_ctrl,34,118,37.93333333333333,-0.1470160335302353,0.8694435867277789
UBFC_PHYS_s17_T3_ctrl,34,119,37.96666666666667,-0.13950109481811523,0.7229649484813342
UBFC_PHYS_s17_T3_ctrl,34,120,38.0,-0.1732480674982071,0.5573502870278897
UBFC_PHYS_s17_T3_ctrl,34,121,38.03333333333333,-0.18297535181045532,0.39445353245300796
UBFC_PHYS_s17_T3_ctrl,34,122,38.06666666666667,-0.16561608016490936,0.2476265966103385
UBFC_PHYS_s17_T3_ctrl,34,123,38.1,-0.176338329911232,0.12238564551937116
UBFC_PHYS_s17_T3_ctrl,34,124,38.13333333333333,-0.25408631563186646,0.018680366700687612
UBFC_PHYS_s17_T3_ctrl,34,125,38.166666666666664,-0.3849422037601471,-0.0669899585478426
UBFC_PHYS_s17_T3_ctrl,34,126,38.2,-0.5114904642105103,-0.140392465955881
UBFC_PHYS_s17_T3_ctrl,34,127,38.233333333333334,-0.6047365665435791,-0.2089719133926621
UBFC_PHYS_s17_T3_ctrl,34,128,38.266666666666666,-0.7143820524215698,-0.28091337135951067
UBFC_PHYS_s17_T3_ctrl,34,129,38.3,-0.8658864498138428,-0.3632639070841928
UBFC_PHYS_s17_T3_ctrl,34,130,38.333333333333336,-0.9942139387130737,-0.45959355513640765
UBFC_PHYS_s17_T3_ctrl,34,131,38.36666666666667,-1.063065767288208,-0.568322152932376
UBFC_PHYS_s17_T3_ctrl,34,132,38.4,-1.109033226966858,-0.6823041981006368
UBFC_PHYS_s17_T3_ctrl,34,133,38.43333333333333,-1.1730741262435913,-0.7893320211046754
UBFC_PHYS_s17_T3_ctrl,34,134,38.46666666666667,-1.2618135213851929,-0.8729975682538196
UBFC_PHYS_s17_T3_ctrl,34,135,38.5,-1.289953589439392,-0.9139401071748802
UBFC_PHYS_s17_T3_ctrl,34,136,38.53333333333333,-1.0745371580123901,-0.8922186509857535
UBFC_PHYS_s17_T3_ctrl,34,137,38.56666666666667,-0.5896481275558472,-0.7914864477873611
UBFC_PHYS_s17_T3_ctrl,34,138,38.6,-0.030674977228045464,-0.6045130888252015
UBFC_PHYS_s17_T3_ctrl,34,139,38.63333333333333,0.41597211360931396,-0.33827893458290775
UBFC_PHYS_s17_T3_ctrl,34,140,38.666666666666664,0.6980514526367188,-0.016398834031515243
UBFC_PHYS_s17_T3_ctrl,34,141,38.7,0.8068541884422302,0.3228662598294154
UBFC_PHYS_s17_T3_ctrl,34,142,38.733333333333334,0.7723463177680969,0.6335557144327747
UBFC_PHYS_s17_T3_ctrl,34,143,38.766666666666666,0.7035881876945496,0.8726062278418768
UBFC_PHYS_s17_T3_ctrl,34,144,38.8,0.6734464764595032,1.0107453010285676
UBFC_PHYS_s17_T3_ctrl,34,145,38.833333333333336,0.6363049149513245,1.0394908270622423
UBFC_PHYS_s17_T3_ctrl,34,146,38.86666666666667,0.5484901666641235,0.9714084959822189
UBFC_PHYS_s17_T3_ctrl,34,147,38.9,0.4426957964897156,0.8335452720468407
UBFC_PHYS_s17_T3_ctrl,34,148,38.93333333333333,0.3371940553188324,0.6566945578956076
UBFC_PHYS_s17_T3_ctrl,34,149,38.96666666666667,0.16966480016708374,0.46493508379554166
UBFC_PHYS_s17_T3_ctrl,34,150,39.0,-0.09581613540649414,0.27005983740463146
UBFC_PHYS_s17_T3_ctrl,34,151,39.03333333333333,-0.3766195774078369,0.07337382772441986
UBFC_PHYS_s17_T3_ctrl,34,152,39.06666666666667,-0.5864056944847107,-0.12659693916677275
UBFC_PHYS_s17_T3_ctrl,34,153,39.1,-0.7518630623817444,-0.3250843518515472
UBFC_PHYS_s17_T3_ctrl,34,154,39.13333333333333,-0.939865231513977,-0.505532430803752
UBFC_PHYS_s17_T3_ctrl,34,155,39.166666666666664,-1.1567449569702148,-0.6402013001537579
UBFC_PHYS_s17_T3_ctrl,34,156,39.2,-1.308038592338562,-0.6969783966964767
UBFC_PHYS_s17_T3_ctrl,34,157,39.233333333333334,-1.2336852550506592,-0.6502653159202738
UBFC_PHYS_s17_T3_ctrl,34,158,39.266666666666666,-0.8722893595695496,-0.4923200047379565
UBFC_PHYS_s17_T3_ctrl,34,159,39.3,-0.3900575041770935,-0.24077148668700424
UBFC_PHYS_s17_T3_ctrl,34,160,39.333333333333336,0.016147058457136154,0.061499293867795964
UBFC_PHYS_s17_T3_ctrl,34,161,39.36666666666667,0.29985347390174866,0.35567200644839386
UBFC_PHYS_s17_T3_ctrl,34,162,39.4,0.46176406741142273,0.5831915468818395
UBFC_PHYS_s17_T3_ctrl,34,163,39.43333333333333,0.49304118752479553,0.7029227415837911
UBFC_PHYS_s17_T3_ctrl,34,164,39.46666666666667,0.4754126965999603,0.7021663611329382
UBFC_PHYS_s17_T3_ctrl,34,165,39.5,0.5166161060333252,0.5970026171793861
UBFC_PHYS_s17_T3_ctrl,34,166,39.53333333333333,0.5897638201713562,0.4227382809647071
UBFC_PHYS_s17_T3_ctrl,34,167,39.56666666666667,0.6131865382194519,0.21983486273766237
UBFC_PHYS_s17_T3_ctrl,34,168,39.6,0.6076030135154724,0.021639859718569757
UBFC_PHYS_s17_T3_ctrl,34,169,39.63333333333333,0.6164523959159851,-0.15206637077198643
UBFC_PHYS_s17_T3_ctrl,34,170,39.666666666666664,0.6117233633995056,-0.295048604668454
UBFC_PHYS_s17_T3_ctrl,34,171,39.7,0.5755767226219177,-0.4099746177801023
UBFC_PHYS_s17_T3_ctrl,34,172,39.733333333333334,0.5731770992279053,-0.5018708152175462
UBFC_PHYS_s17_T3_ctrl,34,173,39.766666666666666,0.6556658148765564,-0.5721165311884415
UBFC_PHYS_s17_T3_ctrl,34,174,39.8,0.7565321922302246,-0.6148591179799111
UBFC_PHYS_s17_T3_ctrl,34,175,39.833333333333336,0.7929246425628662,-0.6170631324843091
UBFC_PHYS_s17_T3_ctrl,34,176,39.86666666666667,0.8080949783325195,-0.5624591535470681
UBFC_PHYS_s17_T3_ctrl,34,177,39.9,0.9716560244560242,-0.438467809007904
UBFC_PHYS_s17_T3_ctrl,34,178,39.93333333333333,1.408423662185669,-0.24397906431353936
UBFC_PHYS_s17_T3_ctrl,34,179,39.96666666666667,2.0242271423339844,0.004983683100877056
UBFC_PHYS_s17_T3_ctrl,34,180,40.0,2.6179890632629395,0.2746718120119602
UBFC_PHYS_s17_T3_ctrl,34,181,40.03333333333333,3.1180367469787598,0.5195657404152679
UBFC_PHYS_s17_T3_ctrl,34,182,40.06666666666667,3.4668140411376953,0.6935383344421656
UBFC_PHYS_s17_T3_ctrl,34,183,40.1,3.412114143371582,0.7622484568719242
UBFC_PHYS_s17_T3_ctrl,34,184,40.13333333333333,2.753726005554199,0.7119734777718512
UBFC_PHYS_s17_T3_ctrl,34,185,40.166666666666664,1.630629301071167,0.5516340616597174
UBFC_PHYS_s17_T3_ctrl,34,186,40.2,0.47693440318107605,0.3079169996906607
UBFC_PHYS_s17_T3_ctrl,34,187,40.233333333333334,-0.23884575068950653,0.01640704281053209
UBFC_PHYS_s17_T3_ctrl,34,188,40.266666666666666,-0.3904438018798828,-0.287110904264894
UBFC_PHYS_s17_T3_ctrl,34,189,40.3,-0.3088681101799011,-0.5718922094870931
UBFC_PHYS_s17_T3_ctrl,34,190,40.333333333333336,-0.3084467053413391,-0.8130272220218079
UBFC_PHYS_s17_T3_ctrl,34,191,40.36666666666667,-0.4896128475666046,-0.9892502327336113
UBFC_PHYS_s17_T3_ctrl,34,192,40.4,-0.9220377802848816,-1.0806356712349807
UBFC_PHYS_s17_T3_ctrl,34,193,40.43333333333333,-1.5210320949554443,-1.0689322433362252
UBFC_PHYS_s17_T3_ctrl,34,194,40.46666666666667,-1.9669650793075562,-0.9417600765353785
UBFC_PHYS_s17_T3_ctrl,34,195,40.5,-2.107290744781494,-0.6995127845883876
UBFC_PHYS_s17_T3_ctrl,34,196,40.53333333333333,-2.1310646533966064,-0.36157295622304725
UBFC_PHYS_s17_T3_ctrl,34,197,40.56666666666667,-2.1808714866638184,0.032269523744884974
UBFC_PHYS_s17_T3_ctrl,34,198,40.6,-2.1650924682617188,0.4277064454852336
UBFC_PHYS_s17_T3_ctrl,34,199,40.63333333333333,-1.9944496154785156,0.7682435289720289
UBFC_PHYS_s17_T3_ctrl,34,200,40.666666666666664,-1.75899338722229,1.00963494257743
UBFC_PHYS_s17_T3_ctrl,34,201,40.7,-1.6961113214492798,1.1306652737963558
UBFC_PHYS_s17_T3_ctrl,34,202,40.733333333333334,-1.9264172315597534,1.136233568725173
UBFC_PHYS_s17_T3_ctrl,34,203,40.766666666666666,-2.2019765377044678,1.052231114426716
UBFC_PHYS_s17_T3_ctrl,34,204,40.8,-2.1497817039489746,0.9149145900694503
UBFC_PHYS_s17_T3_ctrl,34,205,40.833333333333336,-1.7983238697052002,0.7590888516561339
UBFC_PHYS_s17_T3_ctrl,34,206,40.86666666666667,-1.477592945098877,0.6091509152445488
UBFC_PHYS_s17_T3_ctrl,34,207,40.9,-1.334200382232666,0.4753817752340519
UBFC_PHYS_s17_T3_ctrl,34,208,40.93333333333333,-1.2227756977081299,0.35566468497825343
UBFC_PHYS_s17_T3_ctrl,34,209,40.96666666666667,-0.9891103506088257,0.24089759524163848
UBFC_PHYS_s17_T3_ctrl,34,210,41.0,-0.6222128868103027,0.12136287539158218
UBFC_PHYS_s17_T3_ctrl,34,211,41.03333333333333,-0.20930103957653046,-0.008520357553161398
UBFC_PHYS_s17_T3_ctrl,34,212,41.06666666666667,0.10759048908948898,-0.1484682366765797
UBFC_PHYS_s17_T3_ctrl,34,213,41.1,0.2180904895067215,-0.2934270101565929
UBFC_PHYS_s17_T3_ctrl,34,214,41.13333333333333,0.13571883738040924,-0.43598685542777027
UBFC_PHYS_s17_T3_ctrl,34,215,41.166666666666664,-0.03061644919216633,-0.5682769144475756
UBFC_PHYS_s17_T3_ctrl,34,216,41.2,-0.20499341189861298,-0.6823037086342387
UBFC_PHYS_s17_T3_ctrl,34,217,41.233333333333334,-0.3410114347934723,-0.7690401398916369
UBFC_PHYS_s17_T3_ctrl,34,218,41.266666666666666,-0.31201687455177307,-0.8175947644107628
UBFC_PHYS_s17_T3_ctrl,34,219,41.3,-0.03506454452872276,-0.8159055787475229
UBFC_PHYS_s17_T3_ctrl,34,220,41.333333333333336,0.3316105306148529,-0.7535621943100178
UBFC_PHYS_s17_T3_ctrl,34,221,41.36666666666667,0.5818859934806824,-0.6261260429697718
UBFC_PHYS_s17_T3_ctrl,34,222,41.4,0.6883710026741028,-0.4393894491769731
UBFC_PHYS_s17_T3_ctrl,34,223,41.43333333333333,0.6947739124298096,-0.21172797627633427
UBFC_PHYS_s17_T3_ctrl,34,224,41.46666666666667,0.6045244336128235,0.02690728517996625
UBFC_PHYS_s17_T3_ctrl,34,225,41.5,0.4734227657318115,0.23985708098103733
UBFC_PHYS_s17_T3_ctrl,34,226,41.53333333333333,0.4041495621204376,0.39170050773568205
UBFC_PHYS_s17_T3_ctrl,34,227,41.56666666666667,0.38185057044029236,0.45721288371202007
UBFC_PHYS_s17_T3_ctrl,34,228,41.6,0.3263547420501709,0.4284448487889467
UBFC_PHYS_s17_T3_ctrl,34,229,41.63333333333333,0.2435382753610611,0.31728402568578007
UBFC_PHYS_s17_T3_ctrl,34,230,41.666666666666664,0.1855257749557495,0.15238629431916692
UBFC_PHYS_s17_T3_ctrl,34,231,41.7,0.13152825832366943,-0.02849805829536304
UBFC_PHYS_s17_T3_ctrl,34,232,41.733333333333334,0.030263900756835938,-0.18807827919310896
UBFC_PHYS_s17_T3_ctrl,34,233,41.766666666666666,-0.11557503044605255,-0.29779997802269115
UBFC_PHYS_s17_T3_ctrl,34,234,41.8,-0.3072527348995209,-0.342643258711917
UBFC_PHYS_s17_T3_ctrl,34,235,41.833333333333336,-0.572874128818512,-0.32173963436314784
UBFC_PHYS_s17_T3_ctrl,34,236,41.86666666666667,-0.8221078515052795,-0.24529965942941376
UBFC_PHYS_s17_T3_ctrl,34,237,41.9,-0.8468532562255859,-0.12927637183884932
UBFC_PHYS_s17_T3_ctrl,34,238,41.93333333333333,-0.5955359935760498,0.01000806485844122
UBFC_PHYS_s17_T3_ctrl,34,239,41.96666666666667,-0.2693268954753876,0.15897819890146664
UBFC_PHYS_s17_T3_ctrl,35,0,35.0,-1.3408725261688232,-0.0806720739459377
UBFC_PHYS_s17_T3_ctrl,35,1,35.03333333333333,-1.3559259176254272,-0.029917532887006364
UBFC_PHYS_s17_T3_ctrl,35,2,35.06666666666667,-1.3408257961273193,-0.009492326806500528
UBFC_PHYS_s17_T3_ctrl,35,3,35.1,-1.3000671863555908,-0.041351385798444266
UBFC_PHYS_s17_T3_ctrl,35,4,35.13333333333333,-1.2833282947540283,-0.1299423422243116
UBFC_PHYS_s17_T3_ctrl,35,5,35.166666666666664,-1.1534674167633057,-0.26084978035873374
UBFC_PHYS_s17_T3_ctrl,35,6,35.2,-0.8368802070617676,-0.4051449352139835
UBFC_PHYS_s17_T3_ctrl,35,7,35.233333333333334,-0.5015173554420471,-0.5274498018445646
UBFC_PHYS_s17_T3_ctrl,35,8,35.266666666666666,-0.28113773465156555,-0.5948415937679637
UBFC_PHYS_s17_T3_ctrl,35,9,35.3,-0.0975368469953537,-0.5842611974013215
UBFC_PHYS_s17_T3_ctrl,35,10,35.333333333333336,0.09451544284820557,-0.48747468960577023
UBFC_PHYS_s17_T3_ctrl,35,11,35.36666666666667,0.18899060785770416,-0.31357043472441837
UBFC_PHYS_s17_T3_ctrl,35,12,35.4,0.13219547271728516,-0.08867893913228214
UBFC_PHYS_s17_T3_ctrl,35,13,35.43333333333333,0.018055055290460587,0.14816267385681678
UBFC_PHYS_s17_T3_ctrl,35,14,35.46666666666667,-0.05527995526790619,0.3538473929520521
UBFC_PHYS_s17_T3_ctrl,35,15,35.5,-0.11126740276813507,0.4933319535299268
UBFC_PHYS_s17_T3_ctrl,35,16,35.53333333333333,-0.21360866725444794,0.5503448017764957
UBFC_PHYS_s17_T3_ctrl,35,17,35.56666666666667,-0.3084115982055664,0.5311672807490257
UBFC_PHYS_s17_T3_ctrl,35,18,35.6,-0.27965113520622253,0.4597395985651572
UBFC_PHYS_s17_T3_ctrl,35,19,35.63333333333333,-0.11009685695171356,0.36729921917120395
UBFC_PHYS_s17_T3_ctrl,35,20,35.666666666666664,0.11739970743656158,0.2817329493066397
UBFC_PHYS_s17_T3_ctrl,35,21,35.7,0.3326406180858612,0.22055473424873848
UBFC_PHYS_s17_T3_ctrl,35,22,35.733333333333334,0.48653292655944824,0.18885683858911387
UBFC_PHYS_s17_T3_ctrl,35,23,35.766666666666666,0.5178802609443665,0.18134962879685593
UBFC_PHYS_s17_T3_ctrl,35,24,35.8,0.4223633408546448,0.186536238598974
UBFC_PHYS_s17_T3_ctrl,35,25,35.833333333333336,0.2760678827762604,0.19112006451477254
UBFC_PHYS_s17_T3_ctrl,35,26,35.86666666666667,0.10695839673280716,0.18339728381208842
UBFC_PHYS_s17_T3_ctrl,35,27,35.9,-0.12341772019863129,0.15517771468260252
UBFC_PHYS_s17_T3_ctrl,35,28,35.93333333333333,-0.3828117847442627,0.10241211836505329
UBFC_PHYS_s17_T3_ctrl,35,29,35.96666666666667,-0.5681685209274292,0.02507004891278062
UBFC_PHYS_s17_T3_ctrl,35,30,36.0,-0.6775214076042175,-0.07312186924595021
UBFC_PHYS_s17_T3_ctrl,35,31,36.03333333333333,-0.8334270715713501,-0.1847714722690574
UBFC_PHYS_s17_T3_ctrl,35,32,36.06666666666667,-1.0726994276046753,-0.2989947224850604
UBFC_PHYS_s17_T3_ctrl,35,33,36.1,-1.294834852218628,-0.40232054958073366
UBFC_PHYS_s17_T3_ctrl,35,34,36.13333333333333,-1.4151089191436768,-0.4808325264043152
UBFC_PHYS_s17_T3_ctrl,35,35,36.166666666666664,-1.4699257612228394,-0.5234136150907234
UBFC_PHYS_s17_T3_ctrl,35,36,36.2,-1.5623525381088257,-0.5251796778957474
UBFC_PHYS_s17_T3_ctrl,35,37,36.233333333333334,-1.7224253416061401,-0.48971158916074775
UBFC_PHYS_s17_T3_ctrl,35,38,36.266666666666666,-1.7952687740325928,-0.4288502943716929
UBFC_PHYS_s17_T3_ctrl,35,39,36.3,-1.547111988067627,-0.35962608602151286
UBFC_PHYS_s17_T3_ctrl,35,40,36.333333333333336,-0.9735537171363831,-0.2990780698313611
UBFC_PHYS_s17_T3_ctrl,35,41,36.36666666666667,-0.3060002624988556,-0.25880225566324233
UBFC_PHYS_s17_T3_ctrl,35,42,36.4,0.26929038763046265,-0.24144700384083145
UBFC_PHYS_s17_T3_ctrl,35,43,36.43333333333333,0.7245644330978394,-0.24049663578620667
UBFC_PHYS_s17_T3_ctrl,35,44,36.46666666666667,1.0414443016052246,-0.24283714743176454
UBFC_PHYS_s17_T3_ctrl,35,45,36.5,1.191731333732605,-0.2324106024512457
UBFC_PHYS_s17_T3_ctrl,35,46,36.53333333333333,1.2593072652816772,-0.19380412971406882
UBFC_PHYS_s17_T3_ctrl,35,47,36.56666666666667,1.376221776008606,-0.11571845359218427
UBFC_PHYS_s17_T3_ctrl,35,48,36.6,1.5479533672332764,0.005624911584649351
UBFC_PHYS_s17_T3_ctrl,35,49,36.63333333333333,1.6938625574111938,0.16387785885893594
UBFC_PHYS_s17_T3_ctrl,35,50,36.666666666666664,1.7802257537841797,0.34217962448269346
UBFC_PHYS_s17_T3_ctrl,35,51,36.7,1.8174024820327759,0.5160391921037357
UBFC_PHYS_s17_T3_ctrl,35,52,36.733333333333334,1.7813026905059814,0.659035342665025
UBFC_PHYS_s17_T3_ctrl,35,53,36.766666666666666,1.6413867473602295,0.7494213992784101
UBFC_PHYS_s17_T3_ctrl,35,54,36.8,1.4458345174789429,0.7754322406369587
UBFC_PHYS_s17_T3_ctrl,35,55,36.833333333333336,1.252541422843933,0.7378062832872581
UBFC_PHYS_s17_T3_ctrl,35,56,36.86666666666667,1.011841058731079,0.649005268996792
UBFC_PHYS_s17_T3_ctrl,35,57,36.9,0.6192616820335388,0.529424043096809
UBFC_PHYS_s17_T3_ctrl,35,58,36.93333333333333,0.06241893395781517,0.40151314727339354
UBFC_PHYS_s17_T3_ctrl,35,59,36.96666666666667,-0.4939907193183899,0.2834357338896917
UBFC_PHYS_s17_T3_ctrl,35,60,37.0,-0.7526707649230957,0.18454359369097578
UBFC_PHYS_s17_T3_ctrl,35,61,37.03333333333333,-0.5309098958969116,0.10469988746989135
UBFC_PHYS_s17_T3_ctrl,35,62,37.06666666666667,-0.04130357876420021,0.03776107813195938
UBFC_PHYS_s17_T3_ctrl,35,63,37.1,0.41860586404800415,-0.022780935797042212
UBFC_PHYS_s17_T3_ctrl,35,64,37.13333333333333,0.7711055278778076,-0.07937181144342807
UBFC_PHYS_s17_T3_ctrl,35,65,37.166666666666664,1.0392085313796997,-0.12981849469672138
UBFC_PHYS_s17_T3_ctrl,35,66,37.2,1.1802482604980469,-0.17050561351489948
UBFC_PHYS_s17_T3_ctrl,35,67,37.233333333333334,1.2099567651748657,-0.20071755385086193
UBFC_PHYS_s17_T3_ctrl,35,68,37.266666666666666,1.2485849857330322,-0.22483443250833424
UBFC_PHYS_s17_T3_ctrl,35,69,37.3,1.35214364528656,-0.2508660887363324
UBFC_PHYS_s17_T3_ctrl,35,70,37.333333333333336,1.4643526077270508,-0.28639423482221993
UBFC_PHYS_s17_T3_ctrl,35,71,37.36666666666667,1.5441490411758423,-0.3346096956008337
UBFC_PHYS_s17_T3_ctrl,35,72,37.4,1.6029809713363647,-0.39266000853037614
UBFC_PHYS_s17_T3_ctrl,35,73,37.43333333333333,1.6325021982192993,-0.45271513775880473
UBFC_PHYS_s17_T3_ctrl,35,74,37.46666666666667,1.6004408597946167,-0.504531211006983
UBFC_PHYS_s17_T3_ctrl,35,75,37.5,1.5132230520248413,-0.5377772080587453
UBFC_PHYS_s17_T3_ctrl,35,76,37.53333333333333,1.3948101997375488,-0.543093608492744
UBFC_PHYS_s17_T3_ctrl,35,77,37.56666666666667,1.2358962297439575,-0.5121279453888258
UBFC_PHYS_s17_T3_ctrl,35,78,37.6,1.031213641166687,-0.43773032061846273
UBFC_PHYS_s17_T3_ctrl,35,79,37.63333333333333,0.82145094871521,-0.3154860492842071
UBFC_PHYS_s17_T3_ctrl,35,80,37.666666666666664,0.6428014636039734,-0.1467674205367374
UBFC_PHYS_s17_T3_ctrl,35,81,37.7,0.4496488571166992,0.05792036899249068
UBFC_PHYS_s17_T3_ctrl,35,82,37.733333333333334,0.17701587080955505,0.2774725981478978
UBFC_PHYS_s17_T3_ctrl,35,83,37.766666666666666,-0.11151321977376938,0.48254131724042376
UBFC_PHYS_s17_T3_ctrl,35,84,37.8,-0.2784923017024994,0.6420812616484491
UBFC_PHYS_s17_T3_ctrl,35,85,37.833333333333336,-0.3095587193965912,0.7321514127392773
UBFC_PHYS_s17_T3_ctrl,35,86,37.86666666666667,-0.27409103512763977,0.7432627421120052
UBFC_PHYS_s17_T3_ctrl,35,87,37.9,-0.2087859958410263,0.6827645327649265
UBFC_PHYS_s17_T3_ctrl,35,88,37.93333333333333,-0.1470160335302353,0.5712539700723375
UBFC_PHYS_s17_T3_ctrl,35,89,37.96666666666667,-0.13950109481811523,0.4349902516844237
UBFC_PHYS_s17_T3_ctrl,35,90,38.0,-0.1732480674982071,0.29776165017852574
UBFC_PHYS_s17_T3_ctrl,35,91,38.03333333333333,-0.18297535181045532,0.17523686086778184
UBFC_PHYS_s17_T3_ctrl,35,92,38.06666666666667,-0.16561608016490936,0.07326206333629609
UBFC_PHYS_s17_T3_ctrl,35,93,38.1,-0.176338329911232,-0.010297230415588894
UBFC_PHYS_s17_T3_ctrl,35,94,38.13333333333333,-0.25408631563186646,-0.08192684240019661
UBFC_PHYS_s17_T3_ctrl,35,95,38.166666666666664,-0.3849422037601471,-0.14903831451169328
UBFC_PHYS_s17_T3_ctrl,35,96,38.2,-0.5114904642105103,-0.21784924524993582
UBFC_PHYS_s17_T3_ctrl,35,97,38.233333333333334,-0.6047365665435791,-0.2925064692585422
UBFC_PHYS_s17_T3_ctrl,35,98,38.266666666666666,-0.7143820524215698,-0.37482785777891653
UBFC_PHYS_s17_T3_ctrl,35,99,38.3,-0.8658864498138428,-0.46419930660963277
UBFC_PHYS_s17_T3_ctrl,35,100,38.333333333333336,-0.9942139387130737,-0.5576014110869808
UBFC_PHYS_s17_T3_ctrl,35,101,38.36666666666667,-1.063065767288208,-0.6498703567519918
UBFC_PHYS_s17_T3_ctrl,35,102,38.4,-1.109033226966858,-0.7339351051926827
UBFC_PHYS_s17_T3_ctrl,35,103,38.43333333333333,-1.1730741262435913,-0.8004945037488002
UBFC_PHYS_s17_T3_ctrl,35,104,38.46666666666667,-1.2618135213851929,-0.8370302666470948
UBFC_PHYS_s17_T3_ctrl,35,105,38.5,-1.289953589439392,-0.8271248247235201
UBFC_PHYS_s17_T3_ctrl,35,106,38.53333333333333,-1.0745371580123901,-0.7519544274335016
UBFC_PHYS_s17_T3_ctrl,35,107,38.56666666666667,-0.5896481275558472,-0.5952840981804283
UBFC_PHYS_s17_T3_ctrl,35,108,38.6,-0.030674977228045464,-0.3510070528487941
UBFC_PHYS_s17_T3_ctrl,35,109,38.63333333333333,0.41597211360931396,-0.03000770466496191
UBFC_PHYS_s17_T3_ctrl,35,110,38.666666666666664,0.6980514526367188,0.33722808189894926
UBFC_PHYS_s17_T3_ctrl,35,111,38.7,0.8068541884422302,0.7042687605541037
UBFC_PHYS_s17_T3_ctrl,35,112,38.733333333333334,0.7723463177680969,1.0182593836694778
UBFC_PHYS_s17_T3_ctrl,35,113,38.766666666666666,0.7035881876945496,1.2326408606415062
UBFC_PHYS_s17_T3_ctrl,35,114,38.8,0.6734464764595032,1.3190360550353233
UBFC_PHYS_s17_T3_ctrl,35,115,38.833333333333336,0.6363049149513245,1.274314623230967
UBFC_PHYS_s17_T3_ctrl,35,116,38.86666666666667,0.5484901666641235,1.120329382421371
UBFC_PHYS_s17_T3_ctrl,35,117,38.9,0.4426957964897156,0.8962095744967761
UBFC_PHYS_s17_T3_ctrl,35,118,38.93333333333333,0.3371940553188324,0.6456398922864552
UBFC_PHYS_s17_T3_ctrl,35,119,38.96666666666667,0.16966480016708374,0.40360138297055276
UBFC_PHYS_s17_T3_ctrl,35,120,39.0,-0.09581613540649414,0.18779803824791536
UBFC_PHYS_s17_T3_ctrl,35,121,39.03333333333333,-0.3766195774078369,-0.0016421596519869998
UBFC_PHYS_s17_T3_ctrl,35,122,39.06666666666667,-0.5864056944847107,-0.17452852087799636
UBFC_PHYS_s17_T3_ctrl,35,123,39.1,-0.7518630623817444,-0.33921344855924856
UBFC_PHYS_s17_T3_ctrl,35,124,39.13333333333333,-0.939865231513977,-0.49299989070079453
UBFC_PHYS_s17_T3_ctrl,35,125,39.166666666666664,-1.1567449569702148,-0.6186805790458859
UBFC_PHYS_s17_T3_ctrl,35,126,39.2,-1.308038592338562,-0.6888587870501377
UBFC_PHYS_s17_T3_ctrl,35,127,39.233333333333334,-1.2336852550506592,-0.6766314879247134
UBFC_PHYS_s17_T3_ctrl,35,128,39.266666666666666,-0.8722893595695496,-0.5686286716463745
UBFC_PHYS_s17_T3_ctrl,35,129,39.3,-0.3900575041770935,-0.37501220018086034
UBFC_PHYS_s17_T3_ctrl,35,130,39.333333333333336,0.016147058457136154,-0.13145992388120958
UBFC_PHYS_s17_T3_ctrl,35,131,39.36666666666667,0.29985347390174866,0.10912109655512546
UBFC_PHYS_s17_T3_ctrl,35,132,39.4,0.46176406741142273,0.292898076589632
UBFC_PHYS_s17_T3_ctrl,35,133,39.43333333333333,0.49304118752479553,0.38295634651507365
UBFC_PHYS_s17_T3_ctrl,35,134,39.46666666666667,0.4754126965999603,0.3707458509090618
UBFC_PHYS_s17_T3_ctrl,35,135,39.5,0.5166161060333252,0.2759231679017971
UBFC_PHYS_s17_T3_ctrl,35,136,39.53333333333333,0.5897638201713562,0.13535508186773065
UBFC_PHYS_s17_T3_ctrl,35,137,39.56666666666667,0.6131865382194519,-0.012610702147357891
UBFC_PHYS_s17_T3_ctrl,35,138,39.6,0.6076030135154724,-0.14124938516973212
UBFC_PHYS_s17_T3_ctrl,35,139,39.63333333333333,0.6164523959159851,-0.24124915126030064
UBFC_PHYS_s17_T3_ctrl,35,140,39.666666666666664,0.6117233633995056,-0.318668053839768
UBFC_PHYS_s17_T3_ctrl,35,141,39.7,0.5755767226219177,-0.38763860277827616
UBFC_PHYS_s17_T3_ctrl,35,142,39.733333333333334,0.5731770992279053,-0.4611927297576595
UBFC_PHYS_s17_T3_ctrl,35,143,39.766666666666666,0.6556658148765564,-0.5430239355030693
UBFC_PHYS_s17_T3_ctrl,35,144,39.8,0.7565321922302246,-0.6224858590566883
UBFC_PHYS_s17_T3_ctrl,35,145,39.833333333333336,0.7929246425628662,-0.6746117802559911
UBFC_PHYS_s17_T3_ctrl,35,146,39.86666666666667,0.8080949783325195,-0.665839480825096
UBFC_PHYS_s17_T3_ctrl,35,147,39.9,0.9716560244560242,-0.5644722695541602
UBFC_PHYS_s17_T3_ctrl,35,148,39.93333333333333,1.408423662185669,-0.35315689287380514
UBFC_PHYS_s17_T3_ctrl,35,149,39.96666666666667,2.0242271423339844,-0.03933425407275492
UBFC_PHYS_s17_T3_ctrl,35,150,40.0,2.6179890632629395,0.3406477603017612
UBFC_PHYS_s17_T3_ctrl,35,151,40.03333333333333,3.1180367469787598,0.7266048557643112
UBFC_PHYS_s17_T3_ctrl,35,152,40.06666666666667,3.4668140411376953,1.0483836768669483
UBFC_PHYS_s17_T3_ctrl,35,153,40.1,3.412114143371582,1.244283524172515
UBFC_PHYS_s17_T3_ctrl,35,154,40.13333333333333,2.753726005554199,1.2772129396419196
UBFC_PHYS_s17_T3_ctrl,35,155,40.166666666666664,1.630629301071167,1.1423638231760818
UBFC_PHYS_s17_T3_ctrl,35,156,40.2,0.47693440318107605,0.8642464951848259
UBFC_PHYS_s17_T3_ctrl,35,157,40.233333333333334,-0.23884575068950653,0.48598498850607713
UBFC_PHYS_s17_T3_ctrl,35,158,40.266666666666666,-0.3904438018798828,0.056764349280165896
UBFC_PHYS_s17_T3_ctrl,35,159,40.3,-0.3088681101799011,-0.37705368365867975
UBFC_PHYS_s17_T3_ctrl,35,160,40.333333333333336,-0.3084467053413391,-0.7747667458728051
UBFC_PHYS_s17_T3_ctrl,35,161,40.36666666666667,-0.4896128475666046,-1.099600897366979
UBFC_PHYS_s17_T3_ctrl,35,162,40.4,-0.9220377802848816,-1.316343219087615
UBFC_PHYS_s17_T3_ctrl,35,163,40.43333333333333,-1.5210320949554443,-1.3923649346193712
UBFC_PHYS_s17_T3_ctrl,35,164,40.46666666666667,-1.9669650793075562,-1.3039735838608066
UBFC_PHYS_s17_T3_ctrl,35,165,40.5,-2.107290744781494,-1.046620658503341
UBFC_PHYS_s17_T3_ctrl,35,166,40.53333333333333,-2.1310646533966064,-0.6442374539424952
UBFC_PHYS_s17_T3_ctrl,35,167,40.56666666666667,-2.1808714866638184,-0.15172175124736106
UBFC_PHYS_s17_T3_ctrl,35,168,40.6,-2.1650924682617188,0.3534201949065076
UBFC_PHYS_s17_T3_ctrl,35,169,40.63333333333333,-1.9944496154785156,0.7893274003600974
UBFC_PHYS_s17_T3_ctrl,35,170,40.666666666666664,-1.75899338722229,1.0913432748748364
UBFC_PHYS_s17_T3_ctrl,35,171,40.7,-1.6961113214492798,1.2279754582307179
UBFC_PHYS_s17_T3_ctrl,35,172,40.733333333333334,-1.9264172315597534,1.205465785843651
UBFC_PHYS_s17_T3_ctrl,35,173,40.766666666666666,-2.2019765377044678,1.0608632989954667
UBFC_PHYS_s17_T3_ctrl,35,174,40.8,-2.1497817039489746,0.8476731617223593
UBFC_PHYS_s17_T3_ctrl,35,175,40.833333333333336,-1.7983238697052002,0.6196401871775155
UBFC_PHYS_s17_T3_ctrl,35,176,40.86666666666667,-1.477592945098877,0.4176548792330995
UBFC_PHYS_s17_T3_ctrl,35,177,40.9,-1.334200382232666,0.2628810287546711
UBFC_PHYS_s17_T3_ctrl,35,178,40.93333333333333,-1.2227756977081299,0.15675096502543331
UBFC_PHYS_s17_T3_ctrl,35,179,40.96666666666667,-0.9891103506088257,0.086294401977954
UBFC_PHYS_s17_T3_ctrl,35,180,41.0,-0.6222128868103027,0.031983901241052014
UBFC_PHYS_s17_T3_ctrl,35,181,41.03333333333333,-0.20930103957653046,-0.024899240977113712
UBFC_PHYS_s17_T3_ctrl,35,182,41.06666666666667,0.10759048908948898,-0.09755355896503104
UBFC_PHYS_s17_T3_ctrl,35,183,41.1,0.2180904895067215,-0.19222012813599673
UBFC_PHYS_s17_T3_ctrl,35,184,41.13333333333333,0.13571883738040924,-0.30895336661312517
UBFC_PHYS_s17_T3_ctrl,35,185,41.166666666666664,-0.03061644919216633,-0.44273908487006003
UBFC_PHYS_s17_T3_ctrl,35,186,41.2,-0.20499341189861298,-0.5837465672721183
UBFC_PHYS_s17_T3_ctrl,35,187,41.233333333333334,-0.3410114347934723,-0.71693859398636
UBFC_PHYS_s17_T3_ctrl,35,188,41.266666666666666,-0.31201687455177307,-0.8223549924692095
UBFC_PHYS_s17_T3_ctrl,35,189,41.3,-0.03506454452872276,-0.8774061177203119
UBFC_PHYS_s17_T3_ctrl,35,190,41.333333333333336,0.3316105306148529,-0.8614789944129179
UBFC_PHYS_s17_T3_ctrl,35,191,41.36666666666667,0.5818859934806824,-0.7618836271521208
UBFC_PHYS_s17_T3_ctrl,35,192,41.4,0.6883710026741028,-0.5794630945101648
UBFC_PHYS_s17_T3_ctrl,35,193,41.43333333333333,0.6947739124298096,-0.33209970382177745
UBFC_PHYS_s17_T3_ctrl,35,194,41.46666666666667,0.6045244336128235,-0.05457459913801809
UBFC_PHYS_s17_T3_ctrl,35,195,41.5,0.4734227657318115,0.2063124037838353
UBFC_PHYS_s17_T3_ctrl,35,196,41.53333333333333,0.4041495621204376,0.4015457197148451
UBFC_PHYS_s17_T3_ctrl,35,197,41.56666666666667,0.38185057044029236,0.4929455477731158
UBFC_PHYS_s17_T3_ctrl,35,198,41.6,0.3263547420501709,0.46536020384955573
UBFC_PHYS_s17_T3_ctrl,35,199,41.63333333333333,0.2435382753610611,0.33285485331172726
UBFC_PHYS_s17_T3_ctrl,35,200,41.666666666666664,0.1855257749557495,0.13564248637655574
UBFC_PHYS_s17_T3_ctrl,35,201,41.7,0.13152825832366943,-0.07157297227265243
UBFC_PHYS_s17_T3_ctrl,35,202,41.733333333333334,0.030263900756835938,-0.23544262243688024
UBFC_PHYS_s17_T3_ctrl,35,203,41.766666666666666,-0.11557503044605255,-0.3180703833748527
UBFC_PHYS_s17_T3_ctrl,35,204,41.8,-0.3072527348995209,-0.30478815078570587
UBFC_PHYS_s17_T3_ctrl,35,205,41.833333333333336,-0.572874128818512,-0.20410649729557762
UBFC_PHYS_s17_T3_ctrl,35,206,41.86666666666667,-0.8221078515052795,-0.041311887819976
UBFC_PHYS_s17_T3_ctrl,35,207,41.9,-0.8468532562255859,0.15096201235086096
UBFC_PHYS_s17_T3_ctrl,35,208,41.93333333333333,-0.5955359935760498,0.3414647796730619
UBFC_PHYS_s17_T3_ctrl,35,209,41.96666666666667,-0.2693268954753876,0.5057287734193993
UBFC_PHYS_s17_T3_ctrl,35,210,42.0,-0.049989067018032074,0.6275516622037195
UBFC_PHYS_s17_T3_ctrl,35,211,42.03333333333333,0.07002751529216766,0.6977640875386213
UBFC_PHYS_s17_T3_ctrl,35,212,42.06666666666667,0.13547301292419434,0.7121141436355335
UBFC_PHYS_s17_T3_ctrl,35,213,42.1,0.12590961158275604,0.669833025727769
UBFC_PHYS_s17_T3_ctrl,35,214,42.13333333333333,0.07149070501327515,0.5738362387548837
UBFC_PHYS_s17_T3_ctrl,35,215,42.166666666666664,0.07116294652223587,0.43248339894321336
UBFC_PHYS_s17_T3_ctrl,35,216,42.2,0.17282529175281525,0.26147902238896714
UBFC_PHYS_s17_T3_ctrl,35,217,42.233333333333334,0.3336706757545471,0.08391992849822211
UBFC_PHYS_s17_T3_ctrl,35,218,42.266666666666666,0.49065327644348145,-0.07259957318874814
UBFC_PHYS_s17_T3_ctrl,35,219,42.3,0.6009308695793152,-0.18137446923799608
UBFC_PHYS_s17_T3_ctrl,35,220,42.333333333333336,0.629223108291626,-0.2230301247861778
UBFC_PHYS_s17_T3_ctrl,35,221,42.36666666666667,0.5557007789611816,-0.19132579442664105
UBFC_PHYS_s17_T3_ctrl,35,222,42.4,0.42794686555862427,-0.09675779569551772
UBFC_PHYS_s17_T3_ctrl,35,223,42.43333333333333,0.37364500761032104,0.033299216214071656
UBFC_PHYS_s17_T3_ctrl,35,224,42.46666666666667,0.4850463271141052,0.15871831737716008
UBFC_PHYS_s17_T3_ctrl,35,225,42.5,0.6688462495803833,0.23510462024101753
UBFC_PHYS_s17_T3_ctrl,35,226,42.53333333333333,0.6914846897125244,0.22553783776487557
UBFC_PHYS_s17_T3_ctrl,35,227,42.56666666666667,0.447167307138443,0.11257026443065762
UBFC_PHYS_s17_T3_ctrl,35,228,42.6,0.0516732782125473,-0.09433664542789863
UBFC_PHYS_s17_T3_ctrl,35,229,42.63333333333333,-0.28056418895721436,-0.3600706064792821
UBFC_PHYS_s17_T3_ctrl,35,230,42.666666666666664,-0.3940139710903168,-0.633856228523402
UBFC_PHYS_s17_T3_ctrl,35,231,42.7,-0.26929178833961487,-0.8636520255093784
UBFC_PHYS_s17_T3_ctrl,35,232,42.733333333333334,-0.021053049713373184,-1.0094207180837291
UBFC_PHYS_s17_T3_ctrl,35,233,42.766666666666666,0.19144876301288605,-1.0513458264736288
UBFC_PHYS_s17_T3_ctrl,35,234,42.8,0.2976645529270172,-0.9914747843536101
UBFC_PHYS_s17_T3_ctrl,35,235,42.833333333333336,0.3557823896408081,-0.8493200341337698
UBFC_PHYS_s17_T3_ctrl,35,236,42.86666666666667,0.441689133644104,-0.6533621582749493
UBFC_PHYS_s17_T3_ctrl,35,237,42.9,0.5595284700393677,-0.4313270953406748
UBFC_PHYS_s17_T3_ctrl,35,238,42.93333333333333,0.6588614583015442,-0.20259614415977753
UBFC_PHYS_s17_T3_ctrl,35,239,42.96666666666667,0.7052854895591736,0.02434464913635102
UBFC_PHYS_s17_T3_ctrl,36,0,36.0,-0.6775214076042175,0.010213560835848273
UBFC_PHYS_s17_T3_ctrl,36,1,36.03333333333333,-0.8334270715713501,-0.1614189245412364
UBFC_PHYS_s17_T3_ctrl,36,2,36.06666666666667,-1.0726994276046753,-0.33473625779566574
UBFC_PHYS_s17_T3_ctrl,36,3,36.1,-1.294834852218628,-0.5049862929636934
UBFC_PHYS_s17_T3_ctrl,36,4,36.13333333333333,-1.4151089191436768,-0.6609250816163438
UBFC_PHYS_s17_T3_ctrl,36,5,36.166666666666664,-1.4699257612228394,-0.7870771974531583
UBFC_PHYS_s17_T3_ctrl,36,6,36.2,-1.5623525381088257,-0.868975665682769
UBFC_PHYS_s17_T3_ctrl,36,7,36.233333333333334,-1.7224253416061401,-0.8987576300402754
UBFC_PHYS_s17_T3_ctrl,36,8,36.266666666666666,-1.7952687740325928,-0.8783048069497105
UBFC_PHYS_s17_T3_ctrl,36,9,36.3,-1.547111988067627,-0.8184181302870113
UBFC_PHYS_s17_T3_ctrl,36,10,36.333333333333336,-0.9735537171363831,-0.7346803702135067
UBFC_PHYS_s17_T3_ctrl,36,11,36.36666666666667,-0.3060002624988556,-0.6422856058560051
UBFC_PHYS_s17_T3_ctrl,36,12,36.4,0.26929038763046265,-0.5521362413600877
UBFC_PHYS_s17_T3_ctrl,36,13,36.43333333333333,0.7245644330978394,-0.46920013170858055
UBFC_PHYS_s17_T3_ctrl,36,14,36.46666666666667,1.0414443016052246,-0.3926188329771098
UBFC_PHYS_s17_T3_ctrl,36,15,36.5,1.191731333732605,-0.31657898477263635
UBFC_PHYS_s17_T3_ctrl,36,16,36.53333333333333,1.2593072652816772,-0.2317680264988744
UBFC_PHYS_s17_T3_ctrl,36,17,36.56666666666667,1.376221776008606,-0.12801506055072137
UBFC_PHYS_s17_T3_ctrl,36,18,36.6,1.5479533672332764,0.0017671984372542564
UBFC_PHYS_s17_T3_ctrl,36,19,36.63333333333333,1.6938625574111938,0.1575004292860599
UBFC_PHYS_s17_T3_ctrl,36,20,36.666666666666664,1.7802257537841797,0.32968170974269245
UBFC_PHYS_s17_T3_ctrl,36,21,36.7,1.8174024820327759,0.5004283484660255
UBFC_PHYS_s17_T3_ctrl,36,22,36.733333333333334,1.7813026905059814,0.647697439743032
UBFC_PHYS_s17_T3_ctrl,36,23,36.766666666666666,1.6413867473602295,0.7510732917276738
UBFC_PHYS_s17_T3_ctrl,36,24,36.8,1.4458345174789429,0.7972114410451294
UBFC_PHYS_s17_T3_ctrl,36,25,36.833333333333336,1.252541422843933,0.7834984568088155
UBFC_PHYS_s17_T3_ctrl,36,26,36.86666666666667,1.011841058731079,0.7189518216793467
UBFC_PHYS_s17_T3_ctrl,36,27,36.9,0.6192616820335388,0.6218521040985143
UBFC_PHYS_s17_T3_ctrl,36,28,36.93333333333333,0.06241893395781517,0.514409375310057
UBFC_PHYS_s17_T3_ctrl,36,29,36.96666666666667,-0.4939907193183899,0.4159485479175013
UBFC_PHYS_s17_T3_ctrl,36,30,37.0,-0.7526707649230957,0.33716492698316736
UBFC_PHYS_s17_T3_ctrl,36,31,37.03333333333333,-0.5309098958969116,0.2779691835705244
UBFC_PHYS_s17_T3_ctrl,36,32,37.06666666666667,-0.04130357876420021,0.229833955188527
UBFC_PHYS_s17_T3_ctrl,36,33,37.1,0.41860586404800415,0.181259634505934
UBFC_PHYS_s17_T3_ctrl,36,34,37.13333333333333,0.7711055278778076,0.12343194099616511
UBFC_PHYS_s17_T3_ctrl,36,35,37.166666666666664,1.0392085313796997,0.0533062937972833
UBFC_PHYS_s17_T3_ctrl,36,36,37.2,1.1802482604980469,-0.026843219607037803
UBFC_PHYS_s17_T3_ctrl,36,37,37.233333333333334,1.2099567651748657,-0.11221260819332367
UBFC_PHYS_s17_T3_ctrl,36,38,37.266666666666666,1.2485849857330322,-0.19831767794895944
UBFC_PHYS_s17_T3_ctrl,36,39,37.3,1.35214364528656,-0.2821201269307624
UBFC_PHYS_s17_T3_ctrl,36,40,37.333333333333336,1.4643526077270508,-0.3612092322886615
UBFC_PHYS_s17_T3_ctrl,36,41,37.36666666666667,1.5441490411758423,-0.432272878504608
UBFC_PHYS_s17_T3_ctrl,36,42,37.4,1.6029809713363647,-0.4904254293358694
UBFC_PHYS_s17_T3_ctrl,36,43,37.43333333333333,1.6325021982192993,-0.5301006835404183
UBFC_PHYS_s17_T3_ctrl,36,44,37.46666666666667,1.6004408597946167,-0.5468757819890787
UBFC_PHYS_s17_T3_ctrl,36,45,37.5,1.5132230520248413,-0.5388164445648232
UBFC_PHYS_s17_T3_ctrl,36,46,37.53333333333333,1.3948101997375488,-0.5063469256138176
UBFC_PHYS_s17_T3_ctrl,36,47,37.56666666666667,1.2358962297439575,-0.4508400168709668
UBFC_PHYS_s17_T3_ctrl,36,48,37.6,1.031213641166687,-0.37315785817315505
UBFC_PHYS_s17_T3_ctrl,36,49,37.63333333333333,0.82145094871521,-0.2734911354605167
UBFC_PHYS_s17_T3_ctrl,36,50,37.666666666666664,0.6428014636039734,-0.1529019711901131
UBFC_PHYS_s17_T3_ctrl,36,51,37.7,0.4496488571166992,-0.01567447332291885
UBFC_PHYS_s17_T3_ctrl,36,52,37.733333333333334,0.17701587080955505,0.1291609710418333
UBFC_PHYS_s17_T3_ctrl,36,53,37.766666666666666,-0.11151321977376938,0.26849018321238954
UBFC_PHYS_s17_T3_ctrl,36,54,37.8,-0.2784923017024994,0.3881607551491988
UBFC_PHYS_s17_T3_ctrl,36,55,37.833333333333336,-0.3095587193965912,0.4771444623319461
UBFC_PHYS_s17_T3_ctrl,36,56,37.86666666666667,-0.27409103512763977,0.5306308560060952
UBFC_PHYS_s17_T3_ctrl,36,57,37.9,-0.2087859958410263,0.5502562561470904
UBFC_PHYS_s17_T3_ctrl,36,58,37.93333333333333,-0.1470160335302353,0.5413904997554955
UBFC_PHYS_s17_T3_ctrl,36,59,37.96666666666667,-0.13950109481811523,0.5093003956699047
UBFC_PHYS_s17_T3_ctrl,36,60,38.0,-0.1732480674982071,0.4567037007162486
UBFC_PHYS_s17_T3_ctrl,36,61,38.03333333333333,-0.18297535181045532,0.38415154634792786
UBFC_PHYS_s17_T3_ctrl,36,62,38.06666666666667,-0.16561608016490936,0.2924850196824005
UBFC_PHYS_s17_T3_ctrl,36,63,38.1,-0.176338329911232,0.18513854323016543
UBFC_PHYS_s17_T3_ctrl,36,64,38.13333333333333,-0.25408631563186646,0.06856083509107362
UBFC_PHYS_s17_T3_ctrl,36,65,38.166666666666664,-0.3849422037601471,-0.049370431554844586
UBFC_PHYS_s17_T3_ctrl,36,66,38.2,-0.5114904642105103,-0.16186662729944282
UBFC_PHYS_s17_T3_ctrl,36,67,38.233333333333334,-0.6047365665435791,-0.26529317792278656
UBFC_PHYS_s17_T3_ctrl,36,68,38.266666666666666,-0.7143820524215698,-0.359766632947796
UBFC_PHYS_s17_T3_ctrl,36,69,38.3,-0.8658864498138428,-0.4480601614283352
UBFC_PHYS_s17_T3_ctrl,36,70,38.333333333333336,-0.9942139387130737,-0.5334297960648278
UBFC_PHYS_s17_T3_ctrl,36,71,38.36666666666667,-1.063065767288208,-0.6173220592119772
UBFC_PHYS_s17_T3_ctrl,36,72,38.4,-1.109033226966858,-0.6975917385168946
UBFC_PHYS_s17_T3_ctrl,36,73,38.43333333333333,-1.1730741262435913,-0.767362970115327
UBFC_PHYS_s17_T3_ctrl,36,74,38.46666666666667,-1.2618135213851929,-0.814587765301316
UBFC_PHYS_s17_T3_ctrl,36,75,38.5,-1.289953589439392,-0.8226791503960664
UBFC_PHYS_s17_T3_ctrl,36,76,38.53333333333333,-1.0745371580123901,-0.7728690790706758
UBFC_PHYS_s17_T3_ctrl,36,77,38.56666666666667,-0.5896481275558472,-0.6486227649117352
UBFC_PHYS_s17_T3_ctrl,36,78,38.6,-0.030674977228045464,-0.4414305147834181
UBFC_PHYS_s17_T3_ctrl,36,79,38.63333333333333,0.41597211360931396,-0.15629552347403242
UBFC_PHYS_s17_T3_ctrl,36,80,38.666666666666664,0.6980514526367188,0.18506897718243742
UBFC_PHYS_s17_T3_ctrl,36,81,38.7,0.8068541884422302,0.5450586528484412
UBFC_PHYS_s17_T3_ctrl,36,82,38.733333333333334,0.7723463177680969,0.8760721947729696
UBFC_PHYS_s17_T3_ctrl,36,83,38.766666666666666,0.7035881876945496,1.1309202084660415
UBFC_PHYS_s17_T3_ctrl,36,84,38.8,0.6734464764595032,1.2747002843883068
UBFC_PHYS_s17_T3_ctrl,36,85,38.833333333333336,0.6363049149513245,1.2935587669265678
UBFC_PHYS_s17_T3_ctrl,36,86,38.86666666666667,0.5484901666641235,1.1967653792471677
UBFC_PHYS_s17_T3_ctrl,36,87,38.9,0.4426957964897156,1.0114303564431877
UBFC_PHYS_s17_T3_ctrl,36,88,38.93333333333333,0.3371940553188324,0.7722751027251032
UBFC_PHYS_s17_T3_ctrl,36,89,38.96666666666667,0.16966480016708374,0.5108222182046461
UBFC_PHYS_s17_T3_ctrl,36,90,39.0,-0.09581613540649414,0.248458468103627
UBFC_PHYS_s17_T3_ctrl,36,91,39.03333333333333,-0.3766195774078369,-0.004155131839399792
UBFC_PHYS_s17_T3_ctrl,36,92,39.06666666666667,-0.5864056944847107,-0.242110835691553
UBFC_PHYS_s17_T3_ctrl,36,93,39.1,-0.7518630623817444,-0.4591091497449583
UBFC_PHYS_s17_T3_ctrl,36,94,39.13333333333333,-0.939865231513977,-0.6420230191675664
UBFC_PHYS_s17_T3_ctrl,36,95,39.166666666666664,-1.1567449569702148,-0.7698842896926269
UBFC_PHYS_s17_T3_ctrl,36,96,39.2,-1.308038592338562,-0.8182758518459333
UBFC_PHYS_s17_T3_ctrl,36,97,39.233333333333334,-1.2336852550506592,-0.7681489435165467
UBFC_PHYS_s17_T3_ctrl,36,98,39.266666666666666,-0.8722893595695496,-0.6160499536670668
UBFC_PHYS_s17_T3_ctrl,36,99,39.3,-0.3900575041770935,-0.38135820547191157
UBFC_PHYS_s17_T3_ctrl,36,100,39.333333333333336,0.016147058457136154,-0.1063188518526619
UBFC_PHYS_s17_T3_ctrl,36,101,39.36666666666667,0.29985347390174866,0.1530467985445608
UBFC_PHYS_s17_T3_ctrl,36,102,39.4,0.46176406741142273,0.34308024861745917
UBFC_PHYS_s17_T3_ctrl,36,103,39.43333333333333,0.49304118752479553,0.42964346026261696
UBFC_PHYS_s17_T3_ctrl,36,104,39.46666666666667,0.4754126965999603,0.40864060929094265
UBFC_PHYS_s17_T3_ctrl,36,105,39.5,0.5166161060333252,0.3047829383606521
UBFC_PHYS_s17_T3_ctrl,36,106,39.53333333333333,0.5897638201713562,0.1595638981757218
UBFC_PHYS_s17_T3_ctrl,36,107,39.56666666666667,0.6131865382194519,0.014894833553012216
UBFC_PHYS_s17_T3_ctrl,36,108,39.6,0.6076030135154724,-0.10008258152596429
UBFC_PHYS_s17_T3_ctrl,36,109,39.63333333333333,0.6164523959159851,-0.17451933192438893
UBFC_PHYS_s17_T3_ctrl,36,110,39.666666666666664,0.6117233633995056,-0.2136065170937497
UBFC_PHYS_s17_T3_ctrl,36,111,39.7,0.5755767226219177,-0.23153141517778736
UBFC_PHYS_s17_T3_ctrl,36,112,39.733333333333334,0.5731770992279053,-0.24324182042329434
UBFC_PHYS_s17_T3_ctrl,36,113,39.766666666666666,0.6556658148765564,-0.25767651900436456
UBFC_PHYS_s17_T3_ctrl,36,114,39.8,0.7565321922302246,-0.27407774904550686
UBFC_PHYS_s17_T3_ctrl,36,115,39.833333333333336,0.7929246425628662,-0.2821595285487679
UBFC_PHYS_s17_T3_ctrl,36,116,39.86666666666667,0.8080949783325195,-0.2659875264968851
UBFC_PHYS_s17_T3_ctrl,36,117,39.9,0.9716560244560242,-0.21045231730693184
UBFC_PHYS_s17_T3_ctrl,36,118,39.93333333333333,1.408423662185669,-0.10838089120172117
UBFC_PHYS_s17_T3_ctrl,36,119,39.96666666666667,2.0242271423339844,0.03421537387209616
UBFC_PHYS_s17_T3_ctrl,36,120,40.0,2.6179890632629395,0.1971754518016043
UBFC_PHYS_s17_T3_ctrl,36,121,40.03333333333333,3.1180367469787598,0.35060213675246854
UBFC_PHYS_s17_T3_ctrl,36,122,40.06666666666667,3.4668140411376953,0.46326663678610597
UBFC_PHYS_s17_T3_ctrl,36,123,40.1,3.412114143371582,0.5114804288094976
UBFC_PHYS_s17_T3_ctrl,36,124,40.13333333333333,2.753726005554199,0.4846875830158605
UBFC_PHYS_s17_T3_ctrl,36,125,40.166666666666664,1.630629301071167,0.3859021096229119
UBFC_PHYS_s17_T3_ctrl,36,126,40.2,0.47693440318107605,0.22796587481404282
UBFC_PHYS_s17_T3_ctrl,36,127,40.233333333333334,-0.23884575068950653,0.02856533890147559
UBFC_PHYS_s17_T3_ctrl,36,128,40.266666666666666,-0.3904438018798828,-0.19320826043406653
UBFC_PHYS_s17_T3_ctrl,36,129,40.3,-0.3088681101799011,-0.4176796679759927
UBFC_PHYS_s17_T3_ctrl,36,130,40.333333333333336,-0.3084467053413391,-0.623589534516898
UBFC_PHYS_s17_T3_ctrl,36,131,40.36666666666667,-0.4896128475666046,-0.7871163955350229
UBFC_PHYS_s17_T3_ctrl,36,132,40.4,-0.9220377802848816,-0.8826568200727849
UBFC_PHYS_s17_T3_ctrl,36,133,40.43333333333333,-1.5210320949554443,-0.8861983840978226
UBFC_PHYS_s17_T3_ctrl,36,134,40.46666666666667,-1.9669650793075562,-0.7809846997926831
UBFC_PHYS_s17_T3_ctrl,36,135,40.5,-2.107290744781494,-0.5640724853308205
UBFC_PHYS_s17_T3_ctrl,36,136,40.53333333333333,-2.1310646533966064,-0.2514890565702057
UBFC_PHYS_s17_T3_ctrl,36,137,40.56666666666667,-2.1808714866638184,0.12067467057919007
UBFC_PHYS_s17_T3_ctrl,36,138,40.6,-2.1650924682617188,0.5012547106159037
UBFC_PHYS_s17_T3_ctrl,36,139,40.63333333333333,-1.9944496154785156,0.8348655067586426
UBFC_PHYS_s17_T3_ctrl,36,140,40.666666666666664,-1.75899338722229,1.0751385095571944
UBFC_PHYS_s17_T3_ctrl,36,141,40.7,-1.6961113214492798,1.195156306872225
UBFC_PHYS_s17_T3_ctrl,36,142,40.733333333333334,-1.9264172315597534,1.1914610512427501
UBFC_PHYS_s17_T3_ctrl,36,143,40.766666666666666,-2.2019765377044678,1.0813351192699574
UBFC_PHYS_s17_T3_ctrl,36,144,40.8,-2.1497817039489746,0.8955879551375271
UBFC_PHYS_s17_T3_ctrl,36,145,40.833333333333336,-1.7983238697052002,0.6699388570693348
UBFC_PHYS_s17_T3_ctrl,36,146,40.86666666666667,-1.477592945098877,0.43758282128879117
UBFC_PHYS_s17_T3_ctrl,36,147,40.9,-1.334200382232666,0.22432677417688557
UBFC_PHYS_s17_T3_ctrl,36,148,40.93333333333333,-1.2227756977081299,0.04645463594904443
UBFC_PHYS_s17_T3_ctrl,36,149,40.96666666666667,-0.9891103506088257,-0.08935473820240371
UBFC_PHYS_s17_T3_ctrl,36,150,41.0,-0.6222128868103027,-0.1850112484467115
UBFC_PHYS_s17_T3_ctrl,36,151,41.03333333333333,-0.20930103957653046,-0.24959389625216874
UBFC_PHYS_s17_T3_ctrl,36,152,41.06666666666667,0.10759048908948898,-0.29763413213499357
UBFC_PHYS_s17_T3_ctrl,36,153,41.1,0.2180904895067215,-0.3466601628067428
UBFC_PHYS_s17_T3_ctrl,36,154,41.13333333333333,0.13571883738040924,-0.41344879234985
UBFC_PHYS_s17_T3_ctrl,36,155,41.166666666666664,-0.03061644919216633,-0.5090299926261085
UBFC_PHYS_s17_T3_ctrl,36,156,41.2,-0.20499341189861298,-0.6336246519599211
UBFC_PHYS_s17_T3_ctrl,36,157,41.233333333333334,-0.3410114347934723,-0.7735878258275719
UBFC_PHYS_s17_T3_ctrl,36,158,41.266666666666666,-0.31201687455177307,-0.902299768480743
UBFC_PHYS_s17_T3_ctrl,36,159,41.3,-0.03506454452872276,-0.9856570034115246
UBFC_PHYS_s17_T3_ctrl,36,160,41.333333333333336,0.3316105306148529,-0.9909293122258466
UBFC_PHYS_s17_T3_ctrl,36,161,41.36666666666667,0.5818859934806824,-0.8963485528385191
UBFC_PHYS_s17_T3_ctrl,36,162,41.4,0.6883710026741028,-0.6986256123324018
UBFC_PHYS_s17_T3_ctrl,36,163,41.43333333333333,0.6947739124298096,-0.41632207731086834
UBFC_PHYS_s17_T3_ctrl,36,164,41.46666666666667,0.6045244336128235,-0.08797774838127483
UBFC_PHYS_s17_T3_ctrl,36,165,41.5,0.4734227657318115,0.23505244918225618
UBFC_PHYS_s17_T3_ctrl,36,166,41.53333333333333,0.4041495621204376,0.4998589246564241
UBFC_PHYS_s17_T3_ctrl,36,167,41.56666666666667,0.38185057044029236,0.6647029936112948
UBFC_PHYS_s17_T3_ctrl,36,168,41.6,0.3263547420501709,0.7094102759075805
UBFC_PHYS_s17_T3_ctrl,36,169,41.63333333333333,0.2435382753610611,0.6398464452152435
UBFC_PHYS_s17_T3_ctrl,36,170,41.666666666666664,0.1855257749557495,0.48500010730426013
UBFC_PHYS_s17_T3_ctrl,36,171,41.7,0.13152825832366943,0.2880824406916534
UBFC_PHYS_s17_T3_ctrl,36,172,41.733333333333334,0.030263900756835938,0.0950847713166553
UBFC_PHYS_s17_T3_ctrl,36,173,41.766666666666666,-0.11557503044605255,-0.05539743366089698
UBFC_PHYS_s17_T3_ctrl,36,174,41.8,-0.3072527348995209,-0.13846095265109207
UBFC_PHYS_s17_T3_ctrl,36,175,41.833333333333336,-0.572874128818512,-0.1446419660989626
UBFC_PHYS_s17_T3_ctrl,36,176,41.86666666666667,-0.8221078515052795,-0.0781400491519824
UBFC_PHYS_s17_T3_ctrl,36,177,41.9,-0.8468532562255859,0.04664940608715035
UBFC_PHYS_s17_T3_ctrl,36,178,41.93333333333333,-0.5955359935760498,0.2086753475698155
UBFC_PHYS_s17_T3_ctrl,36,179,41.96666666666667,-0.2693268954753876,0.3830866568380334
UBFC_PHYS_s17_T3_ctrl,36,180,42.0,-0.049989067018032074,0.5435689497068218
UBFC_PHYS_s17_T3_ctrl,36,181,42.03333333333333,0.07002751529216766,0.6648242852345486
UBFC_PHYS_s17_T3_ctrl,36,182,42.06666666666667,0.13547301292419434,0.7257163823037784
UBFC_PHYS_s17_T3_ctrl,36,183,42.1,0.12590961158275604,0.7129766648661651
UBFC_PHYS_s17_T3_ctrl,36,184,42.13333333333333,0.07149070501327515,0.6246119067534751
UBFC_PHYS_s17_T3_ctrl,36,185,42.166666666666664,0.07116294652223587,0.4716442094401575
UBFC_PHYS_s17_T3_ctrl,36,186,42.2,0.17282529175281525,0.276895514859658
UBFC_PHYS_s17_T3_ctrl,36,187,42.233333333333334,0.3336706757545471,0.07047138497187576
UBFC_PHYS_s17_T3_ctrl,36,188,42.266666666666666,0.49065327644348145,-0.11686143963655327
UBFC_PHYS_s17_T3_ctrl,36,189,42.3,0.6009308695793152,-0.2601369864399101
UBFC_PHYS_s17_T3_ctrl,36,190,42.333333333333336,0.629223108291626,-0.3444950809391858
UBFC_PHYS_s17_T3_ctrl,36,191,42.36666666666667,0.5557007789611816,-0.3666857507707354
UBFC_PHYS_s17_T3_ctrl,36,192,42.4,0.42794686555862427,-0.33456893070468346
UBFC_PHYS_s17_T3_ctrl,36,193,42.43333333333333,0.37364500761032104,-0.26586830328857314
UBFC_PHYS_s17_T3_ctrl,36,194,42.46666666666667,0.4850463271141052,-0.18657630187993127
UBFC_PHYS_s17_T3_ctrl,36,195,42.5,0.6688462495803833,-0.12809626152172832
UBFC_PHYS_s17_T3_ctrl,36,196,42.53333333333333,0.6914846897125244,-0.12177114624499769
UBFC_PHYS_s17_T3_ctrl,36,197,42.56666666666667,0.447167307138443,-0.19069390528451224
UBFC_PHYS_s17_T3_ctrl,36,198,42.6,0.0516732782125473,-0.34110452672054253
UBFC_PHYS_s17_T3_ctrl,36,199,42.63333333333333,-0.28056418895721436,-0.5571255948146283
UBFC_PHYS_s17_T3_ctrl,36,200,42.666666666666664,-0.3940139710903168,-0.8015090138764621
UBFC_PHYS_s17_T3_ctrl,36,201,42.7,-0.26929178833961487,-1.0224510431419447
UBFC_PHYS_s17_T3_ctrl,36,202,42.733333333333334,-0.021053049713373184,-1.1643476684108551
UBFC_PHYS_s17_T3_ctrl,36,203,42.766666666666666,0.19144876301288605,-1.1796295640895333
UBFC_PHYS_s17_T3_ctrl,36,204,42.8,0.2976645529270172,-1.0394068169522344
UBFC_PHYS_s17_T3_ctrl,36,205,42.833333333333336,0.3557823896408081,-0.741531875771113
UBFC_PHYS_s17_T3_ctrl,36,206,42.86666666666667,0.441689133644104,-0.31489215863295955
UBFC_PHYS_s17_T3_ctrl,36,207,42.9,0.5595284700393677,0.1817185303927361
UBFC_PHYS_s17_T3_ctrl,36,208,42.93333333333333,0.6588614583015442,0.667993687759043
UBFC_PHYS_s17_T3_ctrl,36,209,42.96666666666667,0.7052854895591736,1.0581588717633303
UBFC_PHYS_s17_T3_ctrl,36,210,43.0,0.6925498843193054,1.2817082586690896
UBFC_PHYS_s17_T3_ctrl,36,211,43.03333333333333,0.6179623603820801,1.3027127733803412
UBFC_PHYS_s17_T3_ctrl,36,212,43.06666666666667,0.5160659551620483,1.1309546079441757
UBFC_PHYS_s17_T3_ctrl,36,213,43.1,0.45639124512672424,0.8204727675797309
UBFC_PHYS_s17_T3_ctrl,36,214,43.13333333333333,0.4641168713569641,0.45531336676457296
UBFC_PHYS_s17_T3_ctrl,36,215,43.166666666666664,0.4798022508621216,0.12668923958605452
UBFC_PHYS_s17_T3_ctrl,36,216,43.2,0.4167095720767975,-0.0913366460115468
UBFC_PHYS_s17_T3_ctrl,36,217,43.233333333333334,0.24704992771148682,-0.1602791137777832
UBFC_PHYS_s17_T3_ctrl,36,218,43.266666666666666,0.0691964253783226,-0.08482961617119342
UBFC_PHYS_s17_T3_ctrl,36,219,43.3,0.03376384824514389,0.09164722726507
UBFC_PHYS_s17_T3_ctrl,36,220,43.333333333333336,0.1359529346227646,0.30166725539051314
UBFC_PHYS_s17_T3_ctrl,36,221,43.36666666666667,0.2478693127632141,0.47371094442775535
UBFC_PHYS_s17_T3_ctrl,36,222,43.4,0.3094637095928192,0.551881286649448
UBFC_PHYS_s17_T3_ctrl,36,223,43.43333333333333,0.32999515533447266,0.5094094691291148
UBFC_PHYS_s17_T3_ctrl,36,224,43.46666666666667,0.29235023260116577,0.3525404346044819
UBFC_PHYS_s17_T3_ctrl,36,225,43.5,0.20601041615009308,0.1148957653084382
UBFC_PHYS_s17_T3_ctrl,36,226,43.53333333333333,0.14315183460712433,-0.1542301717377452
UBFC_PHYS_s17_T3_ctrl,36,227,43.56666666666667,0.12273742258548737,-0.4027906062216204
UBFC_PHYS_s17_T3_ctrl,36,228,43.6,0.09219774603843689,-0.5864942497408006
UBFC_PHYS_s17_T3_ctrl,36,229,43.63333333333333,0.029982969164848328,-0.6756726268705414
UBFC_PHYS_s17_T3_ctrl,36,230,43.666666666666664,-0.024354003369808197,-0.6589524131121149
UBFC_PHYS_s17_T3_ctrl,36,231,43.7,-0.0507967472076416,-0.5444707951603466
UBFC_PHYS_s17_T3_ctrl,36,232,43.733333333333334,-0.08814902603626251,-0.35872456603718555
UBFC_PHYS_s17_T3_ctrl,36,233,43.766666666666666,-0.1588854193687439,-0.1424960681621169
UBFC_PHYS_s17_T3_ctrl,36,234,43.8,-0.21507185697555542,0.056548913231946246
UBFC_PHYS_s17_T3_ctrl,36,235,43.833333333333336,-0.24289585649967194,0.19394823667149014
UBFC_PHYS_s17_T3_ctrl,36,236,43.86666666666667,-0.30768585205078125,0.23914682207067045
UBFC_PHYS_s17_T3_ctrl,36,237,43.9,-0.4447690546512604,0.18375555177329775
UBFC_PHYS_s17_T3_ctrl,36,238,43.93333333333333,-0.6004171967506409,0.044457720597056945
UBFC_PHYS_s17_T3_ctrl,36,239,43.96666666666667,-0.6863590478897095,-0.14083044648322163
UBFC_PHYS_s17_T3_ctrl,37,0,37.0,-0.7526707649230957,-0.04000318321448117
UBFC_PHYS_s17_T3_ctrl,37,1,37.03333333333333,-0.5309098958969116,0.25750933826870565
UBFC_PHYS_s17_T3_ctrl,37,2,37.06666666666667,-0.04130357876420021,0.5072947484374886
UBFC_PHYS_s17_T3_ctrl,37,3,37.1,0.41860586404800415,0.6733210738219245
UBFC_PHYS_s17_T3_ctrl,37,4,37.13333333333333,0.7711055278778076,0.7391206819579599
UBFC_PHYS_s17_T3_ctrl,37,5,37.166666666666664,1.0392085313796997,0.709714306415227
UBFC_PHYS_s17_T3_ctrl,37,6,37.2,1.1802482604980469,0.6069331927524251
UBFC_PHYS_s17_T3_ctrl,37,7,37.233333333333334,1.2099567651748657,0.46068558733174425
UBFC_PHYS_s17_T3_ctrl,37,8,37.266666666666666,1.2485849857330322,0.29996605375576646
UBFC_PHYS_s17_T3_ctrl,37,9,37.3,1.35214364528656,0.14662070525073048
UBFC_PHYS_s17_T3_ctrl,37,10,37.333333333333336,1.4643526077270508,0.013024156264247825
UBFC_PHYS_s17_T3_ctrl,37,11,37.36666666666667,1.5441490411758423,-0.09696082134049659
UBFC_PHYS_s17_T3_ctrl,37,12,37.4,1.6029809713363647,-0.18526974555601472
UBFC_PHYS_s17_T3_ctrl,37,13,37.43333333333333,1.6325021982192993,-0.256566962659573
UBFC_PHYS_s17_T3_ctrl,37,14,37.46666666666667,1.6004408597946167,-0.3154817541553957
UBFC_PHYS_s17_T3_ctrl,37,15,37.5,1.5132230520248413,-0.36417845884747896
UBFC_PHYS_s17_T3_ctrl,37,16,37.53333333333333,1.3948101997375488,-0.40027194785327297
UBFC_PHYS_s17_T3_ctrl,37,17,37.56666666666667,1.2358962297439575,-0.4156304819833487
UBFC_PHYS_s17_T3_ctrl,37,18,37.6,1.031213641166687,-0.3971406456851631
UBFC_PHYS_s17_T3_ctrl,37,19,37.63333333333333,0.82145094871521,-0.3303205197838146
UBFC_PHYS_s17_T3_ctrl,37,20,37.666666666666664,0.6428014636039734,-0.2054630275840463
UBFC_PHYS_s17_T3_ctrl,37,21,37.7,0.4496488571166992,-0.024363453445654097
UBFC_PHYS_s17_T3_ctrl,37,22,37.733333333333334,0.17701587080955505,0.19537428929629708
UBFC_PHYS_s17_T3_ctrl,37,23,37.766666666666666,-0.11151321977376938,0.4212135977427521
UBFC_PHYS_s17_T3_ctrl,37,24,37.8,-0.2784923017024994,0.6127397729464185
UBFC_PHYS_s17_T3_ctrl,37,25,37.833333333333336,-0.3095587193965912,0.7330439686622454
UBFC_PHYS_s17_T3_ctrl,37,26,37.86666666666667,-0.27409103512763977,0.7599552096923129
UBFC_PHYS_s17_T3_ctrl,37,27,37.9,-0.2087859958410263,0.6922346371984484
UBFC_PHYS_s17_T3_ctrl,37,28,37.93333333333333,-0.1470160335302353,0.5484494764049423
UBFC_PHYS_s17_T3_ctrl,37,29,37.96666666666667,-0.13950109481811523,0.35985311317212904
UBFC_PHYS_s17_T3_ctrl,37,30,38.0,-0.1732480674982071,0.1607332748718117
UBFC_PHYS_s17_T3_ctrl,37,31,38.03333333333333,-0.18297535181045532,-0.020158676877097336
UBFC_PHYS_s17_T3_ctrl,37,32,38.06666666666667,-0.16561608016490936,-0.16464770955147254
UBFC_PHYS_s17_T3_ctrl,37,33,38.1,-0.176338329911232,-0.26601216104955444
UBFC_PHYS_s17_T3_ctrl,37,34,38.13333333333333,-0.25408631563186646,-0.32682542589816016
UBFC_PHYS_s17_T3_ctrl,37,35,38.166666666666664,-0.3849422037601471,-0.35571436241604043
UBFC_PHYS_s17_T3_ctrl,37,36,38.2,-0.5114904642105103,-0.36451579651506544
UBFC_PHYS_s17_T3_ctrl,37,37,38.233333333333334,-0.6047365665435791,-0.3662135886256047
UBFC_PHYS_s17_T3_ctrl,37,38,38.266666666666666,-0.7143820524215698,-0.3732551261555021
UBFC_PHYS_s17_T3_ctrl,37,39,38.3,-0.8658864498138428,-0.39577238057716846
UBFC_PHYS_s17_T3_ctrl,37,40,38.333333333333336,-0.9942139387130737,-0.4396813220540395
UBFC_PHYS_s17_T3_ctrl,37,41,38.36666666666667,-1.063065767288208,-0.5050364102292078
UBFC_PHYS_s17_T3_ctrl,37,42,38.4,-1.109033226966858,-0.5849961472914287
UBFC_PHYS_s17_T3_ctrl,37,43,38.43333333333333,-1.1730741262435913,-0.6655991291921085
UBFC_PHYS_s17_T3_ctrl,37,44,38.46666666666667,-1.2618135213851929,-0.7266340426280957
UBFC_PHYS_s17_T3_ctrl,37,45,38.5,-1.289953589439392,-0.7440685282698203
UBFC_PHYS_s17_T3_ctrl,37,46,38.53333333333333,-1.0745371580123901,-0.6943794431779966
UBFC_PHYS_s17_T3_ctrl,37,47,38.56666666666667,-0.5896481275558472,-0.5604303230554809
UBFC_PHYS_s17_T3_ctrl,37,48,38.6,-0.030674977228045464,-0.3374769529013713
UBFC_PHYS_s17_T3_ctrl,37,49,38.63333333333333,0.41597211360931396,-0.037284316606394315
UBFC_PHYS_s17_T3_ctrl,37,50,38.666666666666664,0.6980514526367188,0.3112329394358406
UBFC_PHYS_s17_T3_ctrl,37,51,38.7,0.8068541884422302,0.6655109146423188
UBFC_PHYS_s17_T3_ctrl,37,52,38.733333333333334,0.7723463177680969,0.9768176815787879
UBFC_PHYS_s17_T3_ctrl,37,53,38.766666666666666,0.7035881876945496,1.2004818096698802
UBFC_PHYS_s17_T3_ctrl,37,54,38.8,0.6734464764595032,1.3061609138798078
UBFC_PHYS_s17_T3_ctrl,37,55,38.833333333333336,0.6363049149513245,1.284672415560439
UBFC_PHYS_s17_T3_ctrl,37,56,38.86666666666667,0.5484901666641235,1.14885411522489
UBFC_PHYS_s17_T3_ctrl,37,57,38.9,0.4426957964897156,0.9281213758675303
UBFC_PHYS_s17_T3_ctrl,37,58,38.93333333333333,0.3371940553188324,0.6587158163096277
UBFC_PHYS_s17_T3_ctrl,37,59,38.96666666666667,0.16966480016708374,0.3733314900288867
UBFC_PHYS_s17_T3_ctrl,37,60,39.0,-0.09581613540649414,0.094257081913465
UBFC_PHYS_s17_T3_ctrl,37,61,39.03333333333333,-0.3766195774078369,-0.16725685836997273
UBFC_PHYS_s17_T3_ctrl,37,62,39.06666666666667,-0.5864056944847107,-0.4057812630509256
UBFC_PHYS_s17_T3_ctrl,37,63,39.1,-0.7518630623817444,-0.6139953109226004
UBFC_PHYS_s17_T3_ctrl,37,64,39.13333333333333,-0.939865231513977,-0.7769208798137891
UBFC_PHYS_s17_T3_ctrl,37,65,39.166666666666664,-1.1567449569702148,-0.8715005832355361
UBFC_PHYS_s17_T3_ctrl,37,66,39.2,-1.308038592338562,-0.8724980969409427
UBFC_PHYS_s17_T3_ctrl,37,67,39.233333333333334,-1.2336852550506592,-0.7629071085964574
UBFC_PHYS_s17_T3_ctrl,37,68,39.266666666666666,-0.8722893595695496,-0.5448466586512672
UBFC_PHYS_s17_T3_ctrl,37,69,39.3,-0.3900575041770935,-0.2460237833853966
UBFC_PHYS_s17_T3_ctrl,37,70,39.333333333333336,0.016147058457136154,0.0822582459327761
UBFC_PHYS_s17_T3_ctrl,37,71,39.36666666666667,0.29985347390174866,0.3766775587460288
UBFC_PHYS_s17_T3_ctrl,37,72,39.4,0.46176406741142273,0.5799672373278718
UBFC_PHYS_s17_T3_ctrl,37,73,39.43333333333333,0.49304118752479553,0.658707741596294
UBFC_PHYS_s17_T3_ctrl,37,74,39.46666666666667,0.4754126965999603,0.6131006702467012
UBFC_PHYS_s17_T3_ctrl,37,75,39.5,0.5166161060333252,0.4741497021979122
UBFC_PHYS_s17_T3_ctrl,37,76,39.53333333333333,0.5897638201713562,0.2899626776972335
UBFC_PHYS_s17_T3_ctrl,37,77,39.56666666666667,0.6131865382194519,0.10811293300043527
UBFC_PHYS_s17_T3_ctrl,37,78,39.6,0.6076030135154724,-0.03837723571421729
UBFC_PHYS_s17_T3_ctrl,37,79,39.63333333333333,0.6164523959159851,-0.13711082942143568
UBFC_PHYS_s17_T3_ctrl,37,80,39.666666666666664,0.6117233633995056,-0.19432871334250706
UBFC_PHYS_s17_T3_ctrl,37,81,39.7,0.5755767226219177,-0.22762204011934073
UBFC_PHYS_s17_T3_ctrl,37,82,39.733333333333334,0.5731770992279053,-0.2568211745309608
UBFC_PHYS_s17_T3_ctrl,37,83,39.766666666666666,0.6556658148765564,-0.2958474253233719
UBFC_PHYS_s17_T3_ctrl,37,84,39.8,0.7565321922302246,-0.34739622280130733
UBFC_PHYS_s17_T3_ctrl,37,85,39.833333333333336,0.7929246425628662,-0.4015219744323409
UBFC_PHYS_s17_T3_ctrl,37,86,39.86666666666667,0.8080949783325195,-0.43837343936846523
UBFC_PHYS_s17_T3_ctrl,37,87,39.9,0.9716560244560242,-0.4344523169168883
UBFC_PHYS_s17_T3_ctrl,37,88,39.93333333333333,1.408423662185669,-0.37089380372256797
UBFC_PHYS_s17_T3_ctrl,37,89,39.96666666666667,2.0242271423339844,-0.24148019625632763
UBFC_PHYS_s17_T3_ctrl,37,90,40.0,2.6179890632629395,-0.05767238461467775
UBFC_PHYS_s17_T3_ctrl,37,91,40.03333333333333,3.1180367469787598,0.1516083887656509
UBFC_PHYS_s17_T3_ctrl,37,92,40.06666666666667,3.4668140411376953,0.346110179486626
UBFC_PHYS_s17_T3_ctrl,37,93,40.1,3.412114143371582,0.4845793520634391
UBFC_PHYS_s17_T3_ctrl,37,94,40.13333333333333,2.753726005554199,0.5355093693958622
UBFC_PHYS_s17_T3_ctrl,37,95,40.166666666666664,1.630629301071167,0.4842532954442928
UBFC_PHYS_s17_T3_ctrl,37,96,40.2,0.47693440318107605,0.33450270037217417
UBFC_PHYS_s17_T3_ctrl,37,97,40.233333333333334,-0.23884575068950653,0.10507686437943212
UBFC_PHYS_s17_T3_ctrl,37,98,40.266666666666666,-0.3904438018798828,-0.1751839609185217
UBFC_PHYS_s17_T3_ctrl,37,99,40.3,-0.3088681101799011,-0.4717133323627061
UBFC_PHYS_s17_T3_ctrl,37,100,40.333333333333336,-0.3084467053413391,-0.7466448537433413
UBFC_PHYS_s17_T3_ctrl,37,101,40.36666666666667,-0.4896128475666046,-0.9602922242638882
UBFC_PHYS_s17_T3_ctrl,37,102,40.4,-0.9220377802848816,-1.073654799496252
UBFC_PHYS_s17_T3_ctrl,37,103,40.43333333333333,-1.5210320949554443,-1.0535823987740365
UBFC_PHYS_s17_T3_ctrl,37,104,40.46666666666667,-1.9669650793075562,-0.8807340063550997
UBFC_PHYS_s17_T3_ctrl,37,105,40.5,-2.107290744781494,-0.558386660456367
UBFC_PHYS_s17_T3_ctrl,37,106,40.53333333333333,-2.1310646533966064,-0.11839526922768795
UBFC_PHYS_s17_T3_ctrl,37,107,40.56666666666667,-2.1808714866638184,0.3797534057096332
UBFC_PHYS_s17_T3_ctrl,37,108,40.6,-2.1650924682617188,0.8590655780736167
UBFC_PHYS_s17_T3_ctrl,37,109,40.63333333333333,-1.9944496154785156,1.2427717572130332
UBFC_PHYS_s17_T3_ctrl,37,110,40.666666666666664,-1.75899338722229,1.4737699018479606
UBFC_PHYS_s17_T3_ctrl,37,111,40.7,-1.6961113214492798,1.5282805876762073
UBFC_PHYS_s17_T3_ctrl,37,112,40.733333333333334,-1.9264172315597534,1.4190281492745962
UBFC_PHYS_s17_T3_ctrl,37,113,40.766666666666666,-2.2019765377044678,1.1880827453936944
UBFC_PHYS_s17_T3_ctrl,37,114,40.8,-2.1497817039489746,0.8929784312550806
UBFC_PHYS_s17_T3_ctrl,37,115,40.833333333333336,-1.7983238697052002,0.5910203527125731
UBFC_PHYS_s17_T3_ctrl,37,116,40.86666666666667,-1.477592945098877,0.32638686118652466
UBFC_PHYS_s17_T3_ctrl,37,117,40.9,-1.334200382232666,0.1231158489959881
UBFC_PHYS_s17_T3_ctrl,37,118,40.93333333333333,-1.2227756977081299,-0.015227314231773795
UBFC_PHYS_s17_T3_ctrl,37,119,40.96666666666667,-0.9891103506088257,-0.1006521240589826
UBFC_PHYS_s17_T3_ctrl,37,120,41.0,-0.6222128868103027,-0.1534463296310778
UBFC_PHYS_s17_T3_ctrl,37,121,41.03333333333333,-0.20930103957653046,-0.19536059231132621
UBFC_PHYS_s17_T3_ctrl,37,122,41.06666666666667,0.10759048908948898,-0.2450094276722204
UBFC_PHYS_s17_T3_ctrl,37,123,41.1,0.2180904895067215,-0.31567212890029006
UBFC_PHYS_s17_T3_ctrl,37,124,41.13333333333333,0.13571883738040924,-0.41458231492501196
UBFC_PHYS_s17_T3_ctrl,37,125,41.166666666666664,-0.03061644919216633,-0.5425242130991328
UBFC_PHYS_s17_T3_ctrl,37,126,41.2,-0.20499341189861298,-0.6930261094601488
UBFC_PHYS_s17_T3_ctrl,37,127,41.233333333333334,-0.3410114347934723,-0.8513203176856118
UBFC_PHYS_s17_T3_ctrl,37,128,41.266666666666666,-0.31201687455177307,-0.9940596418765537
UBFC_PHYS_s17_T3_ctrl,37,129,41.3,-0.03506454452872276,-1.0910990562138616
UBFC_PHYS_s17_T3_ctrl,37,130,41.333333333333336,0.3316105306148529,-1.1102436285688058
UBFC_PHYS_s17_T3_ctrl,37,131,41.36666666666667,0.5818859934806824,-1.0248614237853302
UBFC_PHYS_s17_T3_ctrl,37,132,41.4,0.6883710026741028,-0.8229855819725843
UBFC_PHYS_s17_T3_ctrl,37,133,41.43333333333333,0.6947739124298096,-0.5152926116958363
UBFC_PHYS_s17_T3_ctrl,37,134,41.46666666666667,0.6045244336128235,-0.13860483480261235
UBFC_PHYS_s17_T3_ctrl,37,135,41.5,0.4734227657318115,0.24799282665629319
UBFC_PHYS_s17_T3_ctrl,37,136,41.53333333333333,0.4041495621204376,0.5752679629665066
UBFC_PHYS_s17_T3_ctrl,37,137,41.56666666666667,0.38185057044029236,0.7816270400663418
UBFC_PHYS_s17_T3_ctrl,37,138,41.6,0.3263547420501709,0.8306461869902622
UBFC_PHYS_s17_T3_ctrl,37,139,41.63333333333333,0.2435382753610611,0.7215262939235056
UBFC_PHYS_s17_T3_ctrl,37,140,41.666666666666664,0.1855257749557495,0.48851027633263894
UBFC_PHYS_s17_T3_ctrl,37,141,41.7,0.13152825832366943,0.19015892734707776
UBFC_PHYS_s17_T3_ctrl,37,142,41.733333333333334,0.030263900756835938,-0.10669579412834078
UBFC_PHYS_s17_T3_ctrl,37,143,41.766666666666666,-0.11557503044605255,-0.3423918033454836
UBFC_PHYS_s17_T3_ctrl,37,144,41.8,-0.3072527348995209,-0.47514341823389744
UBFC_PHYS_s17_T3_ctrl,37,145,41.833333333333336,-0.572874128818512,-0.48581716024764093
UBFC_PHYS_s17_T3_ctrl,37,146,41.86666666666667,-0.8221078515052795,-0.3776836243656613
UBFC_PHYS_s17_T3_ctrl,37,147,41.9,-0.8468532562255859,-0.17282001762153973
UBFC_PHYS_s17_T3_ctrl,37,148,41.93333333333333,-0.5955359935760498,0.09327638598969493
UBFC_PHYS_s17_T3_ctrl,37,149,41.96666666666667,-0.2693268954753876,0.3777558864404446
UBFC_PHYS_s17_T3_ctrl,37,150,42.0,-0.049989067018032074,0.6364841624281403
UBFC_PHYS_s17_T3_ctrl,37,151,42.03333333333333,0.07002751529216766,0.8297835100416353
UBFC_PHYS_s17_T3_ctrl,37,152,42.06666666666667,0.13547301292419434,0.927785253577895
UBFC_PHYS_s17_T3_ctrl,37,153,42.1,0.12590961158275604,0.9152211158664928
UBFC_PHYS_s17_T3_ctrl,37,154,42.13333333333333,0.07149070501327515,0.7948958624881232
UBFC_PHYS_s17_T3_ctrl,37,155,42.166666666666664,0.07116294652223587,0.5884948809953666
UBFC_PHYS_s17_T3_ctrl,37,156,42.2,0.17282529175281525,0.33345926359550515
UBFC_PHYS_s17_T3_ctrl,37,157,42.233333333333334,0.3336706757545471,0.07579170237461534
UBFC_PHYS_s17_T3_ctrl,37,158,42.266666666666666,0.49065327644348145,-0.1395408722547866
UBFC_PHYS_s17_T3_ctrl,37,159,42.3,0.6009308695793152,-0.2777979727143471
UBFC_PHYS_s17_T3_ctrl,37,160,42.333333333333336,0.629223108291626,-0.3208959816285192
UBFC_PHYS_s17_T3_ctrl,37,161,42.36666666666667,0.5557007789611816,-0.270123817154435
UBFC_PHYS_s17_T3_ctrl,37,162,42.4,0.42794686555862427,-0.14535064726158578
UBFC_PHYS_s17_T3_ctrl,37,163,42.43333333333333,0.37364500761032104,0.018603591611424834
UBFC_PHYS_s17_T3_ctrl,37,164,42.46666666666667,0.4850463271141052,0.1778383784781775
UBFC_PHYS_s17_T3_ctrl,37,165,42.5,0.6688462495803833,0.2870797602638248
UBFC_PHYS_s17_T3_ctrl,37,166,42.53333333333333,0.6914846897125244,0.30865314684997536
UBFC_PHYS_s17_T3_ctrl,37,167,42.56666666666667,0.447167307138443,0.22130119548412847
UBFC_PHYS_s17_T3_ctrl,37,168,42.6,0.0516732782125473,0.026329423618565228
UBFC_PHYS_s17_T3_ctrl,37,169,42.63333333333333,-0.28056418895721436,-0.2513304213688074
UBFC_PHYS_s17_T3_ctrl,37,170,42.666666666666664,-0.3940139710903168,-0.5675781367315438
UBFC_PHYS_s17_T3_ctrl,37,171,42.7,-0.26929178833961487,-0.8673886164141591
UBFC_PHYS_s17_T3_ctrl,37,172,42.733333333333334,-0.021053049713373184,-1.0945325533841594
UBFC_PHYS_s17_T3_ctrl,37,173,42.766666666666666,0.19144876301288605,-1.20121192039825
UBFC_PHYS_s17_T3_ctrl,37,174,42.8,0.2976645529270172,-1.156848544823703
UBFC_PHYS_s17_T3_ctrl,37,175,42.833333333333336,0.3557823896408081,-0.9553453689049357
UBFC_PHYS_s17_T3_ctrl,37,176,42.86666666666667,0.441689133644104,-0.6194792136686244
UBFC_PHYS_s17_T3_ctrl,37,177,42.9,0.5595284700393677,-0.2003387979976742
UBFC_PHYS_s17_T3_ctrl,37,178,42.93333333333333,0.6588614583015442,0.2301295873086614
UBFC_PHYS_s17_T3_ctrl,37,179,42.96666666666667,0.7052854895591736,0.5935947359078265
UBFC_PHYS_s17_T3_ctrl,37,180,43.0,0.6925498843193054,0.823827044661699
UBFC_PHYS_s17_T3_ctrl,37,181,43.03333333333333,0.6179623603820801,0.8836957822530833
UBFC_PHYS_s17_T3_ctrl,37,182,43.06666666666667,0.5160659551620483,0.7750907648334516
UBFC_PHYS_s17_T3_ctrl,37,183,43.1,0.45639124512672424,0.5383633925552107
UBFC_PHYS_s17_T3_ctrl,37,184,43.13333333333333,0.4641168713569641,0.2411494643342046
UBFC_PHYS_s17_T3_ctrl,37,185,43.166666666666664,0.4798022508621216,-0.04022604512757008
UBFC_PHYS_s17_T3_ctrl,37,186,43.2,0.4167095720767975,-0.24111428566008836
UBFC_PHYS_s17_T3_ctrl,37,187,43.233333333333334,0.24704992771148682,-0.32452074143126
UBFC_PHYS_s17_T3_ctrl,37,188,43.266666666666666,0.0691964253783226,-0.28830937584041155
UBFC_PHYS_s17_T3_ctrl,37,189,43.3,0.03376384824514389,-0.16227869979689025
UBFC_PHYS_s17_T3_ctrl,37,190,43.333333333333336,0.1359529346227646,0.0032862292964694704
UBFC_PHYS_s17_T3_ctrl,37,191,43.36666666666667,0.2478693127632141,0.15370425152130887
UBFC_PHYS_s17_T3_ctrl,37,192,43.4,0.3094637095928192,0.24549625709217782
UBFC_PHYS_s17_T3_ctrl,37,193,43.43333333333333,0.32999515533447266,0.2567426617318938
UBFC_PHYS_s17_T3_ctrl,37,194,43.46666666666667,0.29235023260116577,0.18965634661065275
UBFC_PHYS_s17_T3_ctrl,37,195,43.5,0.20601041615009308,0.06592166465007238
UBFC_PHYS_s17_T3_ctrl,37,196,43.53333333333333,0.14315183460712433,-0.08209642315914119
UBFC_PHYS_s17_T3_ctrl,37,197,43.56666666666667,0.12273742258548737,-0.22032522973145427
UBFC_PHYS_s17_T3_ctrl,37,198,43.6,0.09219774603843689,-0.3193210949882111
UBFC_PHYS_s17_T3_ctrl,37,199,43.63333333333333,0.029982969164848328,-0.35726130097259534
UBFC_PHYS_s17_T3_ctrl,37,200,43.666666666666664,-0.024354003369808197,-0.3206436741389281
UBFC_PHYS_s17_T3_ctrl,37,201,43.7,-0.0507967472076416,-0.20448250578243754
UBFC_PHYS_s17_T3_ctrl,37,202,43.733333333333334,-0.08814902603626251,-0.013393599959807632
UBFC_PHYS_s17_T3_ctrl,37,203,43.766666666666666,-0.1588854193687439,0.2363779059217929
UBFC_PHYS_s17_T3_ctrl,37,204,43.8,-0.21507185697555542,0.5155656025151385
UBFC_PHYS_s17_T3_ctrl,37,205,43.833333333333336,-0.24289585649967194,0.783494126627498
UBFC_PHYS_s17_T3_ctrl,37,206,43.86666666666667,-0.30768585205078125,0.9942268798556593
UBFC_PHYS_s17_T3_ctrl,37,207,43.9,-0.4447690546512604,1.1066274304699066
UBFC_PHYS_s17_T3_ctrl,37,208,43.93333333333333,-0.6004171967506409,1.095332464242471
UBFC_PHYS_s17_T3_ctrl,37,209,43.96666666666667,-0.6863590478897095,0.9583012328434753
UBFC_PHYS_s17_T3_ctrl,37,210,44.0,-0.6255489587783813,0.7172776926820571
UBFC_PHYS_s17_T3_ctrl,37,211,44.03333333333333,-0.39960920810699463,0.410355035682391
UBFC_PHYS_s17_T3_ctrl,37,212,44.06666666666667,-0.11085771024227142,0.0797373074052821
UBFC_PHYS_s17_T3_ctrl,37,213,44.1,0.12991289794445038,-0.23976917204447462
UBFC_PHYS_s17_T3_ctrl,37,214,44.13333333333333,0.2869774103164673,-0.5267944965364794
UBFC_PHYS_s17_T3_ctrl,37,215,44.166666666666664,0.3436671793460846,-0.772357681549835
UBFC_PHYS_s17_T3_ctrl,37,216,44.2,0.2772969603538513,-0.9734695337000561
UBFC_PHYS_s17_T3_ctrl,37,217,44.233333333333334,0.1420280933380127,-1.125234411054093
UBFC_PHYS_s17_T3_ctrl,37,218,44.266666666666666,0.049835510551929474,-1.215599711315065
UBFC_PHYS_s17_T3_ctrl,37,219,44.3,0.026073329150676727,-1.2256438935347502
UBFC_PHYS_s17_T3_ctrl,37,220,44.333333333333336,0.015561782754957676,-1.136084266359621
UBFC_PHYS_s17_T3_ctrl,37,221,44.36666666666667,0.020302513614296913,-0.9380060716744912
UBFC_PHYS_s17_T3_ctrl,37,222,44.4,0.0779404416680336,-0.6433791955680888
UBFC_PHYS_s17_T3_ctrl,37,223,44.43333333333333,0.1450130045413971,-0.28997191956545204
UBFC_PHYS_s17_T3_ctrl,37,224,44.46666666666667,0.1323242336511612,0.06325451338402995
UBFC_PHYS_s17_T3_ctrl,37,225,44.5,0.033939432352781296,0.35043306910834643
UBFC_PHYS_s17_T3_ctrl,37,226,44.53333333333333,-0.07730972766876221,0.5183203835354742
UBFC_PHYS_s17_T3_ctrl,37,227,44.56666666666667,-0.16775819659233093,0.5436365663493166
UBFC_PHYS_s17_T3_ctrl,37,228,44.6,-0.2702750265598297,0.4412220175281462
UBFC_PHYS_s17_T3_ctrl,37,229,44.63333333333333,-0.4206908345222473,0.2595588484661508
UBFC_PHYS_s17_T3_ctrl,37,230,44.666666666666664,-0.6119705438613892,0.06508624098142697
UBFC_PHYS_s17_T3_ctrl,37,231,44.7,-0.7638378143310547,-0.07910855835718292
UBFC_PHYS_s17_T3_ctrl,37,232,44.733333333333334,-0.7452728748321533,-0.13278468709243302
UBFC_PHYS_s17_T3_ctrl,37,233,44.766666666666666,-0.49452918767929077,-0.08965951964619699
UBFC_PHYS_s17_T3_ctrl,37,234,44.8,-0.09908197075128555,0.023367491917502637
UBFC_PHYS_s17_T3_ctrl,37,235,44.833333333333336,0.32505542039871216,0.15827633947609776
UBFC_PHYS_s17_T3_ctrl,37,236,44.86666666666667,0.7356261610984802,0.2648445455895674
UBFC_PHYS_s17_T3_ctrl,37,237,44.9,1.1215333938598633,0.30955774551021153
UBFC_PHYS_s17_T3_ctrl,37,238,44.93333333333333,1.4665532112121582,0.28745244719936075
UBFC_PHYS_s17_T3_ctrl,37,239,44.96666666666667,1.77786123752594,0.22239186327904975
UBFC_PHYS_s17_T3_ctrl,38,0,38.0,-0.1732480674982071,0.036298412392501055
UBFC_PHYS_s17_T3_ctrl,38,1,38.03333333333333,-0.18297535181045532,-0.01237476772448126
UBFC_PHYS_s17_T3_ctrl,38,2,38.06666666666667,-0.16561608016490936,-0.08361538382832903
UBFC_PHYS_s17_T3_ctrl,38,3,38.1,-0.176338329911232,-0.18881412554938543
UBFC_PHYS_s17_T3_ctrl,38,4,38.13333333333333,-0.25408631563186646,-0.32684159234885796
UBFC_PHYS_s17_T3_ctrl,38,5,38.166666666666664,-0.3849422037601471,-0.48492361518155014
UBFC_PHYS_s17_T3_ctrl,38,6,38.2,-0.5114904642105103,-0.644117085673475
UBFC_PHYS_s17_T3_ctrl,38,7,38.233333333333334,-0.6047365665435791,-0.7866099824422615
UBFC_PHYS_s17_T3_ctrl,38,8,38.266666666666666,-0.7143820524215698,-0.901330354650988
UBFC_PHYS_s17_T3_ctrl,38,9,38.3,-0.8658864498138428,-0.9855000460334972
UBFC_PHYS_s17_T3_ctrl,38,10,38.333333333333336,-0.9942139387130737,-1.0422933713505433
UBFC_PHYS_s17_T3_ctrl,38,11,38.36666666666667,-1.063065767288208,-1.0766777759560917
UBFC_PHYS_s17_T3_ctrl,38,12,38.4,-1.109033226966858,-1.091424248506727
UBFC_PHYS_s17_T3_ctrl,38,13,38.43333333333333,-1.1730741262435913,-1.084165206634437
UBFC_PHYS_s17_T3_ctrl,38,14,38.46666666666667,-1.2618135213851929,-1.0458389251389055
UBFC_PHYS_s17_T3_ctrl,38,15,38.5,-1.289953589439392,-0.9611072986023913
UBFC_PHYS_s17_T3_ctrl,38,16,38.53333333333333,-1.0745371580123901,-0.8115975532416008
UBFC_PHYS_s17_T3_ctrl,38,17,38.56666666666667,-0.5896481275558472,-0.5821780387078279
UBFC_PHYS_s17_T3_ctrl,38,18,38.6,-0.030674977228045464,-0.2687978652963352
UBFC_PHYS_s17_T3_ctrl,38,19,38.63333333333333,0.41597211360931396,0.11503561468981338
UBFC_PHYS_s17_T3_ctrl,38,20,38.666666666666664,0.6980514526367188,0.5360636697133706
UBFC_PHYS_s17_T3_ctrl,38,21,38.7,0.8068541884422302,0.945065624193683
UBFC_PHYS_s17_T3_ctrl,38,22,38.733333333333334,0.7723463177680969,1.2865994633833626
UBFC_PHYS_s17_T3_ctrl,38,23,38.766666666666666,0.7035881876945496,1.5125046951410697
UBFC_PHYS_s17_T3_ctrl,38,24,38.8,0.6734464764595032,1.5947819539352057
UBFC_PHYS_s17_T3_ctrl,38,25,38.833333333333336,0.6363049149513245,1.5327534138088224
UBFC_PHYS_s17_T3_ctrl,38,26,38.86666666666667,0.5484901666641235,1.3512962187901048
UBFC_PHYS_s17_T3_ctrl,38,27,38.9,0.4426957964897156,1.0906216427782365
UBFC_PHYS_s17_T3_ctrl,38,28,38.93333333333333,0.3371940553188324,0.7917183319237685
UBFC_PHYS_s17_T3_ctrl,38,29,38.96666666666667,0.16966480016708374,0.48357919028221186
UBFC_PHYS_s17_T3_ctrl,38,30,39.0,-0.09581613540649414,0.17774084954892186
UBFC_PHYS_s17_T3_ctrl,38,31,39.03333333333333,-0.3766195774078369,-0.12752047670390082
UBFC_PHYS_s17_T3_ctrl,38,32,39.06666666666667,-0.5864056944847107,-0.435561629529015
UBFC_PHYS_s17_T3_ctrl,38,33,39.1,-0.7518630623817444,-0.7381468588389278
UBFC_PHYS_s17_T3_ctrl,38,34,39.13333333333333,-0.939865231513977,-1.007223026569194
UBFC_PHYS_s17_T3_ctrl,38,35,39.166666666666664,-1.1567449569702148,-1.196256708554906
UBFC_PHYS_s17_T3_ctrl,38,36,39.2,-1.308038592338562,-1.252003587864893
UBFC_PHYS_s17_T3_ctrl,38,37,39.233333333333334,-1.2336852550506592,-1.133423095917186
UBFC_PHYS_s17_T3_ctrl,38,38,39.266666666666666,-0.8722893595695496,-0.8310578027356853
UBFC_PHYS_s17_T3_ctrl,38,39,39.3,-0.3900575041770935,-0.37888082419151825
UBFC_PHYS_s17_T3_ctrl,38,40,39.333333333333336,0.016147058457136154,0.14767834069357003
UBFC_PHYS_s17_T3_ctrl,38,41,39.36666666666667,0.29985347390174866,0.6490111774437108
UBFC_PHYS_s17_T3_ctrl,38,42,39.4,0.46176406741142273,1.0288957424193181
UBFC_PHYS_s17_T3_ctrl,38,43,39.43333333333333,0.49304118752479553,1.2222314253156066
UBFC_PHYS_s17_T3_ctrl,38,44,39.46666666666667,0.4754126965999603,1.2120587707254131
UBFC_PHYS_s17_T3_ctrl,38,45,39.5,0.5166161060333252,1.029463862857028
UBFC_PHYS_s17_T3_ctrl,38,46,39.53333333333333,0.5897638201713562,0.7378078946816756
UBFC_PHYS_s17_T3_ctrl,38,47,39.56666666666667,0.6131865382194519,0.40935564334008084
UBFC_PHYS_s17_T3_ctrl,38,48,39.6,0.6076030135154724,0.10406265732944485
UBFC_PHYS_s17_T3_ctrl,38,49,39.63333333333333,0.6164523959159851,-0.1426994912205387
UBFC_PHYS_s17_T3_ctrl,38,50,39.666666666666664,0.6117233633995056,-0.3216592840375952
UBFC_PHYS_s17_T3_ctrl,38,51,39.7,0.5755767226219177,-0.44278338641294707
UBFC_PHYS_s17_T3_ctrl,38,52,39.733333333333334,0.5731770992279053,-0.5243293751194261
UBFC_PHYS_s17_T3_ctrl,38,53,39.766666666666666,0.6556658148765564,-0.5820792888059916
UBFC_PHYS_s17_T3_ctrl,38,54,39.8,0.7565321922302246,-0.6220874482237307
UBFC_PHYS_s17_T3_ctrl,38,55,39.833333333333336,0.7929246425628662,-0.6388037565604914
UBFC_PHYS_s17_T3_ctrl,38,56,39.86666666666667,0.8080949783325195,-0.6185741720167013
UBFC_PHYS_s17_T3_ctrl,38,57,39.9,0.9716560244560242,-0.5468462842811023
UBFC_PHYS_s17_T3_ctrl,38,58,39.93333333333333,1.408423662185669,-0.41642042488357883
UBFC_PHYS_s17_T3_ctrl,38,59,39.96666666666667,2.0242271423339844,-0.2337401873269309
UBFC_PHYS_s17_T3_ctrl,38,60,40.0,2.6179890632629395,-0.020525958862404717
UBFC_PHYS_s17_T3_ctrl,38,61,40.03333333333333,3.1180367469787598,0.19040724908542817
UBFC_PHYS_s17_T3_ctrl,38,62,40.06666666666667,3.4668140411376953,0.3636178893916453
UBFC_PHYS_s17_T3_ctrl,38,63,40.1,3.412114143371582,0.47014936909138183
UBFC_PHYS_s17_T3_ctrl,38,64,40.13333333333333,2.753726005554199,0.4936800212871418
UBFC_PHYS_s17_T3_ctrl,38,65,40.166666666666664,1.630629301071167,0.4319295802008006
UBFC_PHYS_s17_T3_ctrl,38,66,40.2,0.47693440318107605,0.29382299047056026
UBFC_PHYS_s17_T3_ctrl,38,67,40.233333333333334,-0.23884575068950653,0.094655808350686
UBFC_PHYS_s17_T3_ctrl,38,68,40.266666666666666,-0.3904438018798828,-0.1478946965249454
UBFC_PHYS_s17_T3_ctrl,38,69,40.3,-0.3088681101799011,-0.41490521058462265
UBFC_PHYS_s17_T3_ctrl,38,70,40.333333333333336,-0.3084467053413391,-0.6844214183874224
UBFC_PHYS_s17_T3_ctrl,38,71,40.36666666666667,-0.4896128475666046,-0.9286266216532445
UBFC_PHYS_s17_T3_ctrl,38,72,40.4,-0.9220377802848816,-1.1127153654247894
UBFC_PHYS_s17_T3_ctrl,38,73,40.43333333333333,-1.5210320949554443,-1.1977920256653531
UBFC_PHYS_s17_T3_ctrl,38,74,40.46666666666667,-1.9669650793075562,-1.1486138836498123
UBFC_PHYS_s17_T3_ctrl,38,75,40.5,-2.107290744781494,-0.9447048303405226
UBFC_PHYS_s17_T3_ctrl,38,76,40.53333333333333,-2.1310646533966064,-0.5909635490172404
UBFC_PHYS_s17_T3_ctrl,38,77,40.56666666666667,-2.1808714866638184,-0.12271009566012296
UBFC_PHYS_s17_T3_ctrl,38,78,40.6,-2.1650924682617188,0.39865517716699367
UBFC_PHYS_s17_T3_ctrl,38,79,40.63333333333333,-1.9944496154785156,0.899382441614093
UBFC_PHYS_s17_T3_ctrl,38,80,40.666666666666664,-1.75899338722229,1.311641927144954
UBFC_PHYS_s17_T3_ctrl,38,81,40.7,-1.6961113214492798,1.5890147423122802
UBFC_PHYS_s17_T3_ctrl,38,82,40.733333333333334,-1.9264172315597534,1.713866702752194
UBFC_PHYS_s17_T3_ctrl,38,83,40.766666666666666,-2.2019765377044678,1.6956341059544702
UBFC_PHYS_s17_T3_ctrl,38,84,40.8,-2.1497817039489746,1.5625559007030638
UBFC_PHYS_s17_T3_ctrl,38,85,40.833333333333336,-1.7983238697052002,1.3508713546459368
UBFC_PHYS_s17_T3_ctrl,38,86,40.86666666666667,-1.477592945098877,1.0952655105930074
UBFC_PHYS_s17_T3_ctrl,38,87,40.9,-1.334200382232666,0.8229580138042437
UBFC_PHYS_s17_T3_ctrl,38,88,40.93333333333333,-1.2227756977081299,0.5519706009480807
UBFC_PHYS_s17_T3_ctrl,38,89,40.96666666666667,-0.9891103506088257,0.2924699890659297
UBFC_PHYS_s17_T3_ctrl,38,90,41.0,-0.6222128868103027,0.04923362381442041
UBFC_PHYS_s17_T3_ctrl,38,91,41.03333333333333,-0.20930103957653046,-0.1764320896995834
UBFC_PHYS_s17_T3_ctrl,38,92,41.06666666666667,0.10759048908948898,-0.38579420257196495
UBFC_PHYS_s17_T3_ctrl,38,93,41.1,0.2180904895067215,-0.5821135424469011
UBFC_PHYS_s17_T3_ctrl,38,94,41.13333333333333,0.13571883738040924,-0.7693692718015218
UBFC_PHYS_s17_T3_ctrl,38,95,41.166666666666664,-0.03061644919216633,-0.949815261061695
UBFC_PHYS_s17_T3_ctrl,38,96,41.2,-0.20499341189861298,-1.120784406242546
UBFC_PHYS_s17_T3_ctrl,38,97,41.233333333333334,-0.3410114347934723,-1.271929687642577
UBFC_PHYS_s17_T3_ctrl,38,98,41.266666666666666,-0.31201687455177307,-1.3843946111544205
UBFC_PHYS_s17_T3_ctrl,38,99,41.3,-0.03506454452872276,-1.4330228911345813
UBFC_PHYS_s17_T3_ctrl,38,100,41.333333333333336,0.3316105306148529,-1.3917289983091123
UBFC_PHYS_s17_T3_ctrl,38,101,41.36666666666667,0.5818859934806824,-1.2410205581888407
UBFC_PHYS_s17_T3_ctrl,38,102,41.4,0.6883710026741028,-0.9758607684441982
UBFC_PHYS_s17_T3_ctrl,38,103,41.43333333333333,0.6947739124298096,-0.6116968669299319
UBFC_PHYS_s17_T3_ctrl,38,104,41.46666666666667,0.6045244336128235,-0.1865032437731534
UBFC_PHYS_s17_T3_ctrl,38,105,41.5,0.4734227657318115,0.24290704999200374
UBFC_PHYS_s17_T3_ctrl,38,106,41.53333333333333,0.4041495621204376,0.6110141080233596
UBFC_PHYS_s17_T3_ctrl,38,107,41.56666666666667,0.38185057044029236,0.8587051408645535
UBFC_PHYS_s17_T3_ctrl,38,108,41.6,0.3263547420501709,0.9490135168658727
UBFC_PHYS_s17_T3_ctrl,38,109,41.63333333333333,0.2435382753610611,0.8776613084727776
UBFC_PHYS_s17_T3_ctrl,38,110,41.666666666666664,0.1855257749557495,0.6742386383022998
UBFC_PHYS_s17_T3_ctrl,38,111,41.7,0.13152825832366943,0.39371946806966196
UBFC_PHYS_s17_T3_ctrl,38,112,41.733333333333334,0.030263900756835938,0.10181542223916284
UBFC_PHYS_s17_T3_ctrl,38,113,41.766666666666666,-0.11557503044605255,-0.14053267116726745
UBFC_PHYS_s17_T3_ctrl,38,114,41.8,-0.3072527348995209,-0.2890740383598575
UBFC_PHYS_s17_T3_ctrl,38,115,41.833333333333336,-0.572874128818512,-0.3224697727825068
UBFC_PHYS_s17_T3_ctrl,38,116,41.86666666666667,-0.8221078515052795,-0.2428831337964486
UBFC_PHYS_s17_T3_ctrl,38,117,41.9,-0.8468532562255859,-0.07220768169104771
UBFC_PHYS_s17_T3_ctrl,38,118,41.93333333333333,-0.5955359935760498,0.15448295172077312
UBFC_PHYS_s17_T3_ctrl,38,119,41.96666666666667,-0.2693268954753876,0.3966384678031974
UBFC_PHYS_s17_T3_ctrl,38,120,42.0,-0.049989067018032074,0.6153511522747
UBFC_PHYS_s17_T3_ctrl,38,121,42.03333333333333,0.07002751529216766,0.7785256016800277
UBFC_PHYS_s17_T3_ctrl,38,122,42.06666666666667,0.13547301292419434,0.8639007327191015
UBFC_PHYS_s17_T3_ctrl,38,123,42.1,0.12590961158275604,0.860682866385669
UBFC_PHYS_s17_T3_ctrl,38,124,42.13333333333333,0.07149070501327515,0.7703714041789333
UBFC_PHYS_s17_T3_ctrl,38,125,42.166666666666664,0.07116294652223587,0.606577709617088
UBFC_PHYS_s17_T3_ctrl,38,126,42.2,0.17282529175281525,0.39327414693842516
UBFC_PHYS_s17_T3_ctrl,38,127,42.233333333333334,0.3336706757545471,0.16131415872174498
UBFC_PHYS_s17_T3_ctrl,38,128,42.266666666666666,0.49065327644348145,-0.05613263983228806
UBFC_PHYS_s17_T3_ctrl,38,129,42.3,0.6009308695793152,-0.22821990611087764
UBFC_PHYS_s17_T3_ctrl,38,130,42.333333333333336,0.629223108291626,-0.3306337934130315
UBFC_PHYS_s17_T3_ctrl,38,131,42.36666666666667,0.5557007789611816,-0.3495755121833119
UBFC_PHYS_s17_T3_ctrl,38,132,42.4,0.42794686555862427,-0.2857246432860256
UBFC_PHYS_s17_T3_ctrl,38,133,42.43333333333333,0.37364500761032104,-0.15751354601742182
UBFC_PHYS_s17_T3_ctrl,38,134,42.46666666666667,0.4850463271141052,-0.0018255406213808908
UBFC_PHYS_s17_T3_ctrl,38,135,42.5,0.6688462495803833,0.13037505723299891
UBFC_PHYS_s17_T3_ctrl,38,136,42.53333333333333,0.6914846897125244,0.18497125319794347
UBFC_PHYS_s17_T3_ctrl,38,137,42.56666666666667,0.447167307138443,0.12049553526460842
UBFC_PHYS_s17_T3_ctrl,38,138,42.6,0.0516732782125473,-0.0769386565174101
UBFC_PHYS_s17_T3_ctrl,38,139,42.63333333333333,-0.28056418895721436,-0.38645110360954227
UBFC_PHYS_s17_T3_ctrl,38,140,42.666666666666664,-0.3940139710903168,-0.7559831914625448
UBFC_PHYS_s17_T3_ctrl,38,141,42.7,-0.26929178833961487,-1.1142751475785164
UBFC_PHYS_s17_T3_ctrl,38,142,42.733333333333334,-0.021053049713373184,-1.3862573779033394
UBFC_PHYS_s17_T3_ctrl,38,143,42.766666666666666,0.19144876301288605,-1.507672506264804
UBFC_PHYS_s17_T3_ctrl,38,144,42.8,0.2976645529270172,-1.4369889274132706
UBFC_PHYS_s17_T3_ctrl,38,145,42.833333333333336,0.3557823896408081,-1.1642468813506544
UBFC_PHYS_s17_T3_ctrl,38,146,42.86666666666667,0.441689133644104,-0.7162903532358862
UBFC_PHYS_s17_T3_ctrl,38,147,42.9,0.5595284700393677,-0.1565118338116198
UBFC_PHYS_s17_T3_ctrl,38,148,42.93333333333333,0.6588614583015442,0.42351141892952254
UBFC_PHYS_s17_T3_ctrl,38,149,42.96666666666667,0.7052854895591736,0.9215879896521649
UBFC_PHYS_s17_T3_ctrl,38,150,43.0,0.6925498843193054,1.2488414999591027
UBFC_PHYS_s17_T3_ctrl,38,151,43.03333333333333,0.6179623603820801,1.353114332987508
UBFC_PHYS_s17_T3_ctrl,38,152,43.06666666666667,0.5160659551620483,1.2336405093715177
UBFC_PHYS_s17_T3_ctrl,38,153,43.1,0.45639124512672424,0.9411729864500464
UBFC_PHYS_s17_T3_ctrl,38,154,43.13333333333333,0.4641168713569641,0.5629236539568188
UBFC_PHYS_s17_T3_ctrl,38,155,43.166666666666664,0.4798022508621216,0.19724961513909847
UBFC_PHYS_s17_T3_ctrl,38,156,43.2,0.4167095720767975,-0.0735046534621119
UBFC_PHYS_s17_T3_ctrl,38,157,43.233333333333334,0.24704992771148682,-0.20349687924618773
UBFC_PHYS_s17_T3_ctrl,38,158,43.266666666666666,0.0691964253783226,-0.1916898920449418
UBFC_PHYS_s17_T3_ctrl,38,159,43.3,0.03376384824514389,-0.07682242736496474
UBFC_PHYS_s17_T3_ctrl,38,160,43.333333333333336,0.1359529346227646,0.07820012603856193
UBFC_PHYS_s17_T3_ctrl,38,161,43.36666666666667,0.2478693127632141,0.20710677637183694
UBFC_PHYS_s17_T3_ctrl,38,162,43.4,0.3094637095928192,0.25973526861208773
UBFC_PHYS_s17_T3_ctrl,38,163,43.43333333333333,0.32999515533447266,0.21441298231916595
UBFC_PHYS_s17_T3_ctrl,38,164,43.46666666666667,0.29235023260116577,0.08017197256087259
UBFC_PHYS_s17_T3_ctrl,38,165,43.5,0.20601041615009308,-0.11039901737805496
UBFC_PHYS_s17_T3_ctrl,38,166,43.53333333333333,0.14315183460712433,-0.3133382439986435
UBFC_PHYS_s17_T3_ctrl,38,167,43.56666666666667,0.12273742258548737,-0.48500946126708394
UBFC_PHYS_s17_T3_ctrl,38,168,43.6,0.09219774603843689,-0.5896956752874668
UBFC_PHYS_s17_T3_ctrl,38,169,43.63333333333333,0.029982969164848328,-0.6027330873955877
UBFC_PHYS_s17_T3_ctrl,38,170,43.666666666666664,-0.024354003369808197,-0.5111281720610911
UBFC_PHYS_s17_T3_ctrl,38,171,43.7,-0.0507967472076416,-0.3140605946232024
UBFC_PHYS_s17_T3_ctrl,38,172,43.733333333333334,-0.08814902603626251,-0.024572729338605565
UBFC_PHYS_s17_T3_ctrl,38,173,43.766666666666666,-0.1588854193687439,0.32821484556762154
UBFC_PHYS_s17_T3_ctrl,38,174,43.8,-0.21507185697555542,0.6987917469203241
UBFC_PHYS_s17_T3_ctrl,38,175,43.833333333333336,-0.24289585649967194,1.0296245267892146
UBFC_PHYS_s17_T3_ctrl,38,176,43.86666666666667,-0.30768585205078125,1.2613048801703297
UBFC_PHYS_s17_T3_ctrl,38,177,43.9,-0.4447690546512604,1.3465847713161871
UBFC_PHYS_s17_T3_ctrl,38,178,43.93333333333333,-0.6004171967506409,1.2636152750298457
UBFC_PHYS_s17_T3_ctrl,38,179,43.96666666666667,-0.6863590478897095,1.0227635154124064
UBFC_PHYS_s17_T3_ctrl,38,180,44.0,-0.6255489587783813,0.6632583254620819
UBFC_PHYS_s17_T3_ctrl,38,181,44.03333333333333,-0.39960920810699463,0.2402894999628083
UBFC_PHYS_s17_T3_ctrl,38,182,44.06666666666667,-0.11085771024227142,-0.19189347721151587
UBFC_PHYS_s17_T3_ctrl,38,183,44.1,0.12991289794445038,-0.593199610435943
UBFC_PHYS_s17_T3_ctrl,38,184,44.13333333333333,0.2869774103164673,-0.9420088740162472
UBFC_PHYS_s17_T3_ctrl,38,185,44.166666666666664,0.3436671793460846,-1.2303133604232972
UBFC_PHYS_s17_T3_ctrl,38,186,44.2,0.2772969603538513,-1.4535650537779494
UBFC_PHYS_s17_T3_ctrl,38,187,44.233333333333334,0.1420280933380127,-1.600991306856644
UBFC_PHYS_s17_T3_ctrl,38,188,44.266666666666666,0.049835510551929474,-1.651671890193599
UBFC_PHYS_s17_T3_ctrl,38,189,44.3,0.026073329150676727,-1.5791465476638946
UBFC_PHYS_s17_T3_ctrl,38,190,44.333333333333336,0.015561782754957676,-1.3635210953090464
UBFC_PHYS_s17_T3_ctrl,38,191,44.36666666666667,0.020302513614296913,-1.006317297347228
UBFC_PHYS_s17_T3_ctrl,38,192,44.4,0.0779404416680336,-0.5411818547477772
UBFC_PHYS_s17_T3_ctrl,38,193,44.43333333333333,0.1450130045413971,-0.03419793464303224
UBFC_PHYS_s17_T3_ctrl,38,194,44.46666666666667,0.1323242336511612,0.428849644030289
UBFC_PHYS_s17_T3_ctrl,38,195,44.5,0.033939432352781296,0.7654486380499567
UBFC_PHYS_s17_T3_ctrl,38,196,44.53333333333333,-0.07730972766876221,0.9216935540304911
UBFC_PHYS_s17_T3_ctrl,38,197,44.56666666666667,-0.16775819659233093,0.89010681876789
UBFC_PHYS_s17_T3_ctrl,38,198,44.6,-0.2702750265598297,0.7125957316104446
UBFC_PHYS_s17_T3_ctrl,38,199,44.63333333333333,-0.4206908345222473,0.4669946903135748
UBFC_PHYS_s17_T3_ctrl,38,200,44.666666666666664,-0.6119705438613892,0.24195985031303754
UBFC_PHYS_s17_T3_ctrl,38,201,44.7,-0.7638378143310547,0.10911275016785923
UBFC_PHYS_s17_T3_ctrl,38,202,44.733333333333334,-0.7452728748321533,0.10178289347190733
UBFC_PHYS_s17_T3_ctrl,38,203,44.766666666666666,-0.49452918767929077,0.206971626738337
UBFC_PHYS_s17_T3_ctrl,38,204,44.8,-0.09908197075128555,0.3727163448562681
UBFC_PHYS_s17_T3_ctrl,38,205,44.833333333333336,0.32505542039871216,0.52815921805238
UBFC_PHYS_s17_T3_ctrl,38,206,44.86666666666667,0.7356261610984802,0.6094842833422651
UBFC_PHYS_s17_T3_ctrl,38,207,44.9,1.1215333938598633,0.5827104249167311
UBFC_PHYS_s17_T3_ctrl,38,208,44.93333333333333,1.4665532112121582,0.45510422847544885
UBFC_PHYS_s17_T3_ctrl,38,209,44.96666666666667,1.77786123752594,0.2710411425405472
UBFC_PHYS_s17_T3_ctrl,38,210,45.0,2.087027072906494,0.09435225578062814
UBFC_PHYS_s17_T3_ctrl,38,211,45.03333333333333,2.396169662475586,-0.015495630451310687
UBFC_PHYS_s17_T3_ctrl,38,212,45.06666666666667,2.679501533508301,-0.024291004776458854
UBFC_PHYS_s17_T3_ctrl,38,213,45.1,2.9382166862487793,0.06613586822041034
UBFC_PHYS_s17_T3_ctrl,38,214,45.13333333333333,3.159965753555298,0.22024917249073997
UBFC_PHYS_s17_T3_ctrl,38,215,45.166666666666664,3.24727725982666,0.38244232030866787
UBFC_PHYS_s17_T3_ctrl,38,216,45.2,3.071483850479126,0.49616782578443563
UBFC_PHYS_s17_T3_ctrl,38,217,45.233333333333334,2.592623233795166,0.5211485893429224
UBFC_PHYS_s17_T3_ctrl,38,218,45.266666666666666,1.8931137323379517,0.44274966756321243
UBFC_PHYS_s17_T3_ctrl,38,219,45.3,1.105836272239685,0.2715545003411182
UBFC_PHYS_s17_T3_ctrl,38,220,45.333333333333336,0.3183247745037079,0.035721956334055234
UBFC_PHYS_s17_T3_ctrl,38,221,45.36666666666667,-0.4213463366031647,-0.22889606874261054
UBFC_PHYS_s17_T3_ctrl,38,222,45.4,-1.055761456489563,-0.4869028919332277
UBFC_PHYS_s17_T3_ctrl,38,223,45.43333333333333,-1.5553408861160278,-0.708390705715152
UBFC_PHYS_s17_T3_ctrl,38,224,45.46666666666667,-1.9480957984924316,-0.8712253450191936
UBFC_PHYS_s17_T3_ctrl,38,225,45.5,-2.2265114784240723,-0.9614339597406847
UBFC_PHYS_s17_T3_ctrl,38,226,45.53333333333333,-2.3122308254241943,-0.9724833882997268
UBFC_PHYS_s17_T3_ctrl,38,227,45.56666666666667,-2.241166591644287,-0.904091417543679
UBFC_PHYS_s17_T3_ctrl,38,228,45.6,-2.199190616607666,-0.7611363151007687
UBFC_PHYS_s17_T3_ctrl,38,229,45.63333333333333,-2.32887601852417,-0.5531570277381794
UBFC_PHYS_s17_T3_ctrl,38,230,45.666666666666664,-2.5893821716308594,-0.2947039946822072
UBFC_PHYS_s17_T3_ctrl,38,231,45.7,-2.90468168258667,-0.006318119578464202
UBFC_PHYS_s17_T3_ctrl,38,232,45.733333333333334,-3.3201920986175537,0.284721011517023
UBFC_PHYS_s17_T3_ctrl,38,233,45.766666666666666,-3.9020144939422607,0.5452028096884647
UBFC_PHYS_s17_T3_ctrl,38,234,45.8,-4.591012477874756,0.7395486887932646
UBFC_PHYS_s17_T3_ctrl,38,235,45.833333333333336,-5.19935941696167,0.8362964667068884
UBFC_PHYS_s17_T3_ctrl,38,236,45.86666666666667,-5.43870210647583,0.8159863881454328
UBFC_PHYS_s17_T3_ctrl,38,237,45.9,-5.105223655700684,0.6776766404624672
UBFC_PHYS_s17_T3_ctrl,38,238,45.93333333333333,-4.333924293518066,0.4414529048123595
UBFC_PHYS_s17_T3_ctrl,38,239,45.96666666666667,-3.454618215560913,0.14570203232876439
UBFC_PHYS_s17_T3_ctrl,39,0,39.0,-0.09581613540649414,-0.03506534105324519
UBFC_PHYS_s17_T3_ctrl,39,1,39.03333333333333,-0.3766195774078369,0.01865917469580669
UBFC_PHYS_s17_T3_ctrl,39,2,39.06666666666667,-0.5864056944847107,0.015733309494348664
UBFC_PHYS_s17_T3_ctrl,39,3,39.1,-0.7518630623817444,-0.07693003743543522
UBFC_PHYS_s17_T3_ctrl,39,4,39.13333333333333,-0.939865231513977,-0.2514271005094358
UBFC_PHYS_s17_T3_ctrl,39,5,39.166666666666664,-1.1567449569702148,-0.4583368899250271
UBFC_PHYS_s17_T3_ctrl,39,6,39.2,-1.308038592338562,-0.6223503329389718
UBFC_PHYS_s17_T3_ctrl,39,7,39.233333333333334,-1.2336852550506592,-0.6687284825040356
UBFC_PHYS_s17_T3_ctrl,39,8,39.266666666666666,-0.8722893595695496,-0.5511676300399455
UBFC_PHYS_s17_T3_ctrl,39,9,39.3,-0.3900575041770935,-0.27093363036114815
UBFC_PHYS_s17_T3_ctrl,39,10,39.333333333333336,0.016147058457136154,0.12006243082843732
UBFC_PHYS_s17_T3_ctrl,39,11,39.36666666666667,0.29985347390174866,0.5340242320776244
UBFC_PHYS_s17_T3_ctrl,39,12,39.4,0.46176406741142273,0.8750097549534746
UBFC_PHYS_s17_T3_ctrl,39,13,39.43333333333333,0.49304118752479553,1.0694115992251172
UBFC_PHYS_s17_T3_ctrl,39,14,39.46666666666667,0.4754126965999603,1.087259271842402
UBFC_PHYS_s17_T3_ctrl,39,15,39.5,0.5166161060333252,0.9462479508134533
UBFC_PHYS_s17_T3_ctrl,39,16,39.53333333333333,0.5897638201713562,0.6987170879556726
UBFC_PHYS_s17_T3_ctrl,39,17,39.56666666666667,0.6131865382194519,0.40950694602751025
UBFC_PHYS_s17_T3_ctrl,39,18,39.6,0.6076030135154724,0.13497384729713433
UBFC_PHYS_s17_T3_ctrl,39,19,39.63333333333333,0.6164523959159851,-0.08958134268597473
UBFC_PHYS_s17_T3_ctrl,39,20,39.666666666666664,0.6117233633995056,-0.25221767031441744
UBFC_PHYS_s17_T3_ctrl,39,21,39.7,0.5755767226219177,-0.358960794355789
UBFC_PHYS_s17_T3_ctrl,39,22,39.733333333333334,0.5731770992279053,-0.4248440890437487
UBFC_PHYS_s17_T3_ctrl,39,23,39.766666666666666,0.6556658148765564,-0.4649327625140657
UBFC_PHYS_s17_T3_ctrl,39,24,39.8,0.7565321922302246,-0.48776655740021774
UBFC_PHYS_s17_T3_ctrl,39,25,39.833333333333336,0.7929246425628662,-0.492600827785154
UBFC_PHYS_s17_T3_ctrl,39,26,39.86666666666667,0.8080949783325195,-0.4707801309834491
UBFC_PHYS_s17_T3_ctrl,39,27,39.9,0.9716560244560242,-0.4106001886595121
UBFC_PHYS_s17_T3_ctrl,39,28,39.93333333333333,1.408423662185669,-0.3041661781136424
UBFC_PHYS_s17_T3_ctrl,39,29,39.96666666666667,2.0242271423339844,-0.15400023674504926
UBFC_PHYS_s17_T3_ctrl,39,30,40.0,2.6179890632629395,0.023291704292131718
UBFC_PHYS_s17_T3_ctrl,39,31,40.03333333333333,3.1180367469787598,0.19843278167224837
UBFC_PHYS_s17_T3_ctrl,39,32,40.06666666666667,3.4668140411376953,0.3362117093004188
UBFC_PHYS_s17_T3_ctrl,39,33,40.1,3.412114143371582,0.4052602052677382
UBFC_PHYS_s17_T3_ctrl,39,34,40.13333333333333,2.753726005554199,0.3868184947121272
UBFC_PHYS_s17_T3_ctrl,39,35,40.166666666666664,1.630629301071167,0.2788062690512493
UBFC_PHYS_s17_T3_ctrl,39,36,40.2,0.47693440318107605,0.09418852872749248
UBFC_PHYS_s17_T3_ctrl,39,37,40.233333333333334,-0.23884575068950653,-0.14427133830189817
UBFC_PHYS_s17_T3_ctrl,39,38,40.266666666666666,-0.3904438018798828,-0.40938580010166653
UBFC_PHYS_s17_T3_ctrl,39,39,40.3,-0.3088681101799011,-0.6724309696060813
UBFC_PHYS_s17_T3_ctrl,39,40,40.333333333333336,-0.3084467053413391,-0.9032495006104088
UBFC_PHYS_s17_T3_ctrl,39,41,40.36666666666667,-0.4896128475666046,-1.0695222022233832
UBFC_PHYS_s17_T3_ctrl,39,42,40.4,-0.9220377802848816,-1.1380267358013207
UBFC_PHYS_s17_T3_ctrl,39,43,40.43333333333333,-1.5210320949554443,-1.0798140701989678
UBFC_PHYS_s17_T3_ctrl,39,44,40.46666666666667,-1.9669650793075562,-0.8790486186409193
UBFC_PHYS_s17_T3_ctrl,39,45,40.5,-2.107290744781494,-0.5426703599394717
UBFC_PHYS_s17_T3_ctrl,39,46,40.53333333333333,-2.1310646533966064,-0.10622163787965502
UBFC_PHYS_s17_T3_ctrl,39,47,40.56666666666667,-2.1808714866638184,0.36867500899896494
UBFC_PHYS_s17_T3_ctrl,39,48,40.6,-2.1650924682617188,0.8070068860675772
UBFC_PHYS_s17_T3_ctrl,39,49,40.63333333333333,-1.9944496154785156,1.1403214285510552
UBFC_PHYS_s17_T3_ctrl,39,50,40.666666666666664,-1.75899338722229,1.3263839438345606
UBFC_PHYS_s17_T3_ctrl,39,51,40.7,-1.6961113214492798,1.3599864915971764
UBFC_PHYS_s17_T3_ctrl,39,52,40.733333333333334,-1.9264172315597534,1.2705965305526195
UBFC_PHYS_s17_T3_ctrl,39,53,40.766666666666666,-2.2019765377044678,1.1089031337967241
UBFC_PHYS_s17_T3_ctrl,39,54,40.8,-2.1497817039489746,0.9285559429145124
UBFC_PHYS_s17_T3_ctrl,39,55,40.833333333333336,-1.7983238697052002,0.7700691894046084
UBFC_PHYS_s17_T3_ctrl,39,56,40.86666666666667,-1.477592945098877,0.6517537249476756
UBFC_PHYS_s17_T3_ctrl,39,57,40.9,-1.334200382232666,0.5692237448297373
UBFC_PHYS_s17_T3_ctrl,39,58,40.93333333333333,-1.2227756977081299,0.5020130018585888
UBFC_PHYS_s17_T3_ctrl,39,59,40.96666666666667,-0.9891103506088257,0.4238816848259517
UBFC_PHYS_s17_T3_ctrl,39,60,41.0,-0.6222128868103027,0.3127563663271537
UBFC_PHYS_s17_T3_ctrl,39,61,41.03333333333333,-0.20930103957653046,0.1570898856083319
UBFC_PHYS_s17_T3_ctrl,39,62,41.06666666666667,0.10759048908948898,-0.04254043116532098
UBFC_PHYS_s17_T3_ctrl,39,63,41.1,0.2180904895067215,-0.27562221435226075
UBFC_PHYS_s17_T3_ctrl,39,64,41.13333333333333,0.13571883738040924,-0.5254955413944716
UBFC_PHYS_s17_T3_ctrl,39,65,41.166666666666664,-0.03061644919216633,-0.7725917732065686
UBFC_PHYS_s17_T3_ctrl,39,66,41.2,-0.20499341189861298,-0.9960004913044874
UBFC_PHYS_s17_T3_ctrl,39,67,41.233333333333334,-0.3410114347934723,-1.1736971664584939
UBFC_PHYS_s17_T3_ctrl,39,68,41.266666666666666,-0.31201687455177307,-1.282928327277365
UBFC_PHYS_s17_T3_ctrl,39,69,41.3,-0.03506454452872276,-1.302360580477178
UBFC_PHYS_s17_T3_ctrl,39,70,41.333333333333336,0.3316105306148529,-1.216497778459604
UBFC_PHYS_s17_T3_ctrl,39,71,41.36666666666667,0.5818859934806824,-1.0214430519566864
UBFC_PHYS_s17_T3_ctrl,39,72,41.4,0.6883710026741028,-0.7302503302809767
UBFC_PHYS_s17_T3_ctrl,39,73,41.43333333333333,0.6947739124298096,-0.3758366999020884
UBFC_PHYS_s17_T3_ctrl,39,74,41.46666666666667,0.6045244336128235,-0.009439207748157808
UBFC_PHYS_s17_T3_ctrl,39,75,41.5,0.4734227657318115,0.30683246363855365
UBFC_PHYS_s17_T3_ctrl,39,76,41.53333333333333,0.4041495621204376,0.5132381790106675
UBFC_PHYS_s17_T3_ctrl,39,77,41.56666666666667,0.38185057044029236,0.568720191898202
UBFC_PHYS_s17_T3_ctrl,39,78,41.6,0.3263547420501709,0.46486962806213683
UBFC_PHYS_s17_T3_ctrl,39,79,41.63333333333333,0.2435382753610611,0.23161423726613725
UBFC_PHYS_s17_T3_ctrl,39,80,41.666666666666664,0.1855257749557495,-0.06840891177752137
UBFC_PHYS_s17_T3_ctrl,39,81,41.7,0.13152825832366943,-0.3553199116871128
UBFC_PHYS_s17_T3_ctrl,39,82,41.733333333333334,0.030263900756835938,-0.5523741403472273
UBFC_PHYS_s17_T3_ctrl,39,83,41.766666666666666,-0.11557503044605255,-0.6050570631786341
UBFC_PHYS_s17_T3_ctrl,39,84,41.8,-0.3072527348995209,-0.4935270698076827
UBFC_PHYS_s17_T3_ctrl,39,85,41.833333333333336,-0.572874128818512,-0.23538532812734264
UBFC_PHYS_s17_T3_ctrl,39,86,41.86666666666667,-0.8221078515052795,0.12121109306927765
UBFC_PHYS_s17_T3_ctrl,39,87,41.9,-0.8468532562255859,0.5112653196572623
UBFC_PHYS_s17_T3_ctrl,39,88,41.93333333333333,-0.5955359935760498,0.8688952059021865
UBFC_PHYS_s17_T3_ctrl,39,89,41.96666666666667,-0.2693268954753876,1.1407983902839833
UBFC_PHYS_s17_T3_ctrl,39,90,42.0,-0.049989067018032074,1.2940303022048176
UBFC_PHYS_s17_T3_ctrl,39,91,42.03333333333333,0.07002751529216766,1.317401030975666
UBFC_PHYS_s17_T3_ctrl,39,92,42.06666666666667,0.13547301292419434,1.2181612560463049
UBFC_PHYS_s17_T3_ctrl,39,93,42.1,0.12590961158275604,1.0167634359761055
UBFC_PHYS_s17_T3_ctrl,39,94,42.13333333333333,0.07149070501327515,0.7419522990246602
UBFC_PHYS_s17_T3_ctrl,39,95,42.166666666666664,0.07116294652223587,0.42703205807746686
UBFC_PHYS_s17_T3_ctrl,39,96,42.2,0.17282529175281525,0.10701055128385083
UBFC_PHYS_s17_T3_ctrl,39,97,42.233333333333334,0.3336706757545471,-0.18397703130542611
UBFC_PHYS_s17_T3_ctrl,39,98,42.266666666666666,0.49065327644348145,-0.4151764207097584
UBFC_PHYS_s17_T3_ctrl,39,99,42.3,0.6009308695793152,-0.5616194213146816
UBFC_PHYS_s17_T3_ctrl,39,100,42.333333333333336,0.629223108291626,-0.6067492055635287
UBFC_PHYS_s17_T3_ctrl,39,101,42.36666666666667,0.5557007789611816,-0.5458236363640779
UBFC_PHYS_s17_T3_ctrl,39,102,42.4,0.42794686555862427,-0.38995179806939273
UBFC_PHYS_s17_T3_ctrl,39,103,42.43333333333333,0.37364500761032104,-0.169248260077602
UBFC_PHYS_s17_T3_ctrl,39,104,42.46666666666667,0.4850463271141052,0.06751406592413464
UBFC_PHYS_s17_T3_ctrl,39,105,42.5,0.6688462495803833,0.2593105470630542
UBFC_PHYS_s17_T3_ctrl,39,106,42.53333333333333,0.6914846897125244,0.34609436734079796
UBFC_PHYS_s17_T3_ctrl,39,107,42.56666666666667,0.447167307138443,0.286092654399372
UBFC_PHYS_s17_T3_ctrl,39,108,42.6,0.0516732782125473,0.07072370193104034
UBFC_PHYS_s17_T3_ctrl,39,109,42.63333333333333,-0.28056418895721436,-0.2697376302171444
UBFC_PHYS_s17_T3_ctrl,39,110,42.666666666666664,-0.3940139710903168,-0.6722720052821652
UBFC_PHYS_s17_T3_ctrl,39,111,42.7,-0.26929178833961487,-1.0559592074598056
UBFC_PHYS_s17_T3_ctrl,39,112,42.733333333333334,-0.021053049713373184,-1.3399691992787996
UBFC_PHYS_s17_T3_ctrl,39,113,42.766666666666666,0.19144876301288605,-1.4599851007707647
UBFC_PHYS_s17_T3_ctrl,39,114,42.8,0.2976645529270172,-1.3806117188335103
UBFC_PHYS_s17_T3_ctrl,39,115,42.833333333333336,0.3557823896408081,-1.10299601257229
UBFC_PHYS_s17_T3_ctrl,39,116,42.86666666666667,0.441689133644104,-0.6670260528994034
UBFC_PHYS_s17_T3_ctrl,39,117,42.9,0.5595284700393677,-0.14674282985734335
UBFC_PHYS_s17_T3_ctrl,39,118,42.93333333333333,0.6588614583015442,0.36245501703882915
UBFC_PHYS_s17_T3_ctrl,39,119,42.96666666666667,0.7052854895591736,0.7642625420129742
UBFC_PHYS_s17_T3_ctrl,39,120,43.0,0.6925498843193054,0.9852664865789831
UBFC_PHYS_s17_T3_ctrl,39,121,43.03333333333333,0.6179623603820801,0.9948117709328818
UBFC_PHYS_s17_T3_ctrl,39,122,43.06666666666667,0.5160659551620483,0.8139431615396882
UBFC_PHYS_s17_T3_ctrl,39,123,43.1,0.45639124512672424,0.5098190918418334
UBFC_PHYS_s17_T3_ctrl,39,124,43.13333333333333,0.4641168713569641,0.17678907539561617
UBFC_PHYS_s17_T3_ctrl,39,125,43.166666666666664,0.4798022508621216,-0.09020269854649468
UBFC_PHYS_s17_T3_ctrl,39,126,43.2,0.4167095720767975,-0.22159484214681757
UBFC_PHYS_s17_T3_ctrl,39,127,43.233333333333334,0.24704992771148682,-0.19062839651320448
UBFC_PHYS_s17_T3_ctrl,39,128,43.266666666666666,0.0691964253783226,-0.017571810297199543
UBFC_PHYS_s17_T3_ctrl,39,129,43.3,0.03376384824514389,0.23937857569100493
UBFC_PHYS_s17_T3_ctrl,39,130,43.333333333333336,0.1359529346227646,0.5028852779972008
UBFC_PHYS_s17_T3_ctrl,39,131,43.36666666666667,0.2478693127632141,0.6989605739143617
UBFC_PHYS_s17_T3_ctrl,39,132,43.4,0.3094637095928192,0.776376711527531
UBFC_PHYS_s17_T3_ctrl,39,133,43.43333333333333,0.32999515533447266,0.7173539224562295
UBFC_PHYS_s17_T3_ctrl,39,134,43.46666666666667,0.29235023260116577,0.5370558958990163
UBFC_PHYS_s17_T3_ctrl,39,135,43.5,0.20601041615009308,0.2737225830424453
UBFC_PHYS_s17_T3_ctrl,39,136,43.53333333333333,0.14315183460712433,-0.025074300640506694
UBFC_PHYS_s17_T3_ctrl,39,137,43.56666666666667,0.12273742258548737,-0.3137659408205752
UBFC_PHYS_s17_T3_ctrl,39,138,43.6,0.09219774603843689,-0.5542058306461676
UBFC_PHYS_s17_T3_ctrl,39,139,43.63333333333333,0.029982969164848328,-0.7158349521058908
UBFC_PHYS_s17_T3_ctrl,39,140,43.666666666666664,-0.024354003369808197,-0.7739883791244172
UBFC_PHYS_s17_T3_ctrl,39,141,43.7,-0.0507967472076416,-0.7100845182385718
UBFC_PHYS_s17_T3_ctrl,39,142,43.733333333333334,-0.08814902603626251,-0.515778879627484
UBFC_PHYS_s17_T3_ctrl,39,143,43.766666666666666,-0.1588854193687439,-0.20025537139772628
UBFC_PHYS_s17_T3_ctrl,39,144,43.8,-0.21507185697555542,0.20309535017351993
UBFC_PHYS_s17_T3_ctrl,39,145,43.833333333333336,-0.24289585649967194,0.6355935478823713
UBFC_PHYS_s17_T3_ctrl,39,146,43.86666666666667,-0.30768585205078125,1.0212311948112547
UBFC_PHYS_s17_T3_ctrl,39,147,43.9,-0.4447690546512604,1.283325270405316
UBFC_PHYS_s17_T3_ctrl,39,148,43.93333333333333,-0.6004171967506409,1.3651119123283137
UBFC_PHYS_s17_T3_ctrl,39,149,43.96666666666667,-0.6863590478897095,1.2465389370429505
UBFC_PHYS_s17_T3_ctrl,39,150,44.0,-0.6255489587783813,0.9497233913595354
UBFC_PHYS_s17_T3_ctrl,39,151,44.03333333333333,-0.39960920810699463,0.5298856802308591
UBFC_PHYS_s17_T3_ctrl,39,152,44.06666666666667,-0.11085771024227142,0.05564313832252328
UBFC_PHYS_s17_T3_ctrl,39,153,44.1,0.12991289794445038,-0.4121208566971361
UBFC_PHYS_s17_T3_ctrl,39,154,44.13333333333333,0.2869774103164673,-0.8336642350421
UBFC_PHYS_s17_T3_ctrl,39,155,44.166666666666664,0.3436671793460846,-1.1916241540549664
UBFC_PHYS_s17_T3_ctrl,39,156,44.2,0.2772969603538513,-1.4817497577898795
UBFC_PHYS_s17_T3_ctrl,39,157,44.233333333333334,0.1420280933380127,-1.6993817544496117
UBFC_PHYS_s17_T3_ctrl,39,158,44.266666666666666,0.049835510551929474,-1.829263931459188
UBFC_PHYS_s17_T3_ctrl,39,159,44.3,0.026073329150676727,-1.8442471761166659
UBFC_PHYS_s17_T3_ctrl,39,160,44.333333333333336,0.015561782754957676,-1.7142089709614812
UBFC_PHYS_s17_T3_ctrl,39,161,44.36666666666667,0.020302513614296913,-1.4217905369696915
UBFC_PHYS_s17_T3_ctrl,39,162,44.4,0.0779404416680336,-0.97812695665882
UBFC_PHYS_s17_T3_ctrl,39,163,44.43333333333333,0.1450130045413971,-0.43092931443739857
UBFC_PHYS_s17_T3_ctrl,39,164,44.46666666666667,0.1323242336511612,0.1404093348666345
UBFC_PHYS_s17_T3_ctrl,39,165,44.5,0.033939432352781296,0.6430654370150335
UBFC_PHYS_s17_T3_ctrl,39,166,44.53333333333333,-0.07730972766876221,0.9968932412454055
UBFC_PHYS_s17_T3_ctrl,39,167,44.56666666666667,-0.16775819659233093,1.1588231372230293
UBFC_PHYS_s17_T3_ctrl,39,168,44.6,-0.2702750265598297,1.1359573800088663
UBFC_PHYS_s17_T3_ctrl,39,169,44.63333333333333,-0.4206908345222473,0.9819697348249707
UBFC_PHYS_s17_T3_ctrl,39,170,44.666666666666664,-0.6119705438613892,0.7780649238074019
UBFC_PHYS_s17_T3_ctrl,39,171,44.7,-0.7638378143310547,0.6057563262107066
UBFC_PHYS_s17_T3_ctrl,39,172,44.733333333333334,-0.7452728748321533,0.5213999445968844
UBFC_PHYS_s17_T3_ctrl,39,173,44.766666666666666,-0.49452918767929077,0.5411166059648839
UBFC_PHYS_s17_T3_ctrl,39,174,44.8,-0.09908197075128555,0.6404447681104786
UBFC_PHYS_s17_T3_ctrl,39,175,44.833333333333336,0.32505542039871216,0.7676879695630702
UBFC_PHYS_s17_T3_ctrl,39,176,44.86666666666667,0.7356261610984802,0.8653705855840753
UBFC_PHYS_s17_T3_ctrl,39,177,44.9,1.1215333938598633,0.8916838209486376
UBFC_PHYS_s17_T3_ctrl,39,178,44.93333333333333,1.4665532112121582,0.8339606552474436
UBFC_PHYS_s17_T3_ctrl,39,179,44.96666666666667,1.77786123752594,0.709459711505849
UBFC_PHYS_s17_T3_ctrl,39,180,45.0,2.087027072906494,0.5542289178700943
UBFC_PHYS_s17_T3_ctrl,39,181,45.03333333333333,2.396169662475586,0.40583371858274625
UBFC_PHYS_s17_T3_ctrl,39,182,45.06666666666667,2.679501533508301,0.28768527161501956
UBFC_PHYS_s17_T3_ctrl,39,183,45.1,2.9382166862487793,0.20115529148065045
UBFC_PHYS_s17_T3_ctrl,39,184,45.13333333333333,3.159965753555298,0.127796534884313
UBFC_PHYS_s17_T3_ctrl,39,185,45.166666666666664,3.24727725982666,0.03960551674762084
UBFC_PHYS_s17_T3_ctrl,39,186,45.2,3.071483850479126,-0.08783202927415407
UBFC_PHYS_s17_T3_ctrl,39,187,45.233333333333334,2.592623233795166,-0.26504429391423134
UBFC_PHYS_s17_T3_ctrl,39,188,45.266666666666666,1.8931137323379517,-0.4849104698703627
UBFC_PHYS_s17_T3_ctrl,39,189,45.3,1.105836272239685,-0.7257622039730267
UBFC_PHYS_s17_T3_ctrl,39,190,45.333333333333336,0.3183247745037079,-0.9588225417004281
UBFC_PHYS_s17_T3_ctrl,39,191,45.36666666666667,-0.4213463366031647,-1.156383455330739
UBFC_PHYS_s17_T3_ctrl,39,192,45.4,-1.055761456489563,-1.2979980657226742
UBFC_PHYS_s17_T3_ctrl,39,193,45.43333333333333,-1.5553408861160278,-1.3736159429127652
UBFC_PHYS_s17_T3_ctrl,39,194,45.46666666666667,-1.9480957984924316,-1.3837458742647193
UBFC_PHYS_s17_T3_ctrl,39,195,45.5,-2.2265114784240723,-1.33720228562356
UBFC_PHYS_s17_T3_ctrl,39,196,45.53333333333333,-2.3122308254241943,-1.247186830403521
UBFC_PHYS_s17_T3_ctrl,39,197,45.56666666666667,-2.241166591644287,-1.1266432156401016
UBFC_PHYS_s17_T3_ctrl,39,198,45.6,-2.199190616607666,-0.9840329236326882
UBFC_PHYS_s17_T3_ctrl,39,199,45.63333333333333,-2.32887601852417,-0.8207417420544963
UBFC_PHYS_s17_T3_ctrl,39,200,45.666666666666664,-2.5893821716308594,-0.6310447817213041
UBFC_PHYS_s17_T3_ctrl,39,201,45.7,-2.90468168258667,-0.40491777402146945
UBFC_PHYS_s17_T3_ctrl,39,202,45.733333333333334,-3.3201920986175537,-0.1331173284373036
UBFC_PHYS_s17_T3_ctrl,39,203,45.766666666666666,-3.9020144939422607,0.18693361143771547
UBFC_PHYS_s17_T3_ctrl,39,204,45.8,-4.591012477874756,0.5464761474927531
UBFC_PHYS_s17_T3_ctrl,39,205,45.833333333333336,-5.19935941696167,0.9237173539060132
UBFC_PHYS_s17_T3_ctrl,39,206,45.86666666666667,-5.43870210647583,1.2857091948234305
UBFC_PHYS_s17_T3_ctrl,39,207,45.9,-5.105223655700684,1.5931838113432606
UBFC_PHYS_s17_T3_ctrl,39,208,45.93333333333333,-4.333924293518066,1.8071760648014314
UBFC_PHYS_s17_T3_ctrl,39,209,45.96666666666667,-3.454618215560913,1.8962039184672588
UBFC_PHYS_s17_T3_ctrl,39,210,46.0,-2.6277177333831787,1.8427244893226922
UBFC_PHYS_s17_T3_ctrl,39,211,46.03333333333333,-1.8548965454101562,1.647515620214887
UBFC_PHYS_s17_T3_ctrl,39,212,46.06666666666667,-1.2035903930664062,1.3308288441304013
UBFC_PHYS_s17_T3_ctrl,39,213,46.1,-0.7470521330833435,0.9298787584137165
UBFC_PHYS_s17_T3_ctrl,39,214,46.13333333333333,-0.37201932072639465,0.49334810805178386
UBFC_PHYS_s17_T3_ctrl,39,215,46.166666666666664,0.1247156485915184,0.0743601633281496
UBFC_PHYS_s17_T3_ctrl,39,216,46.2,0.7866270542144775,-0.27677307430724896
UBFC_PHYS_s17_T3_ctrl,39,217,46.233333333333334,1.4886298179626465,-0.5194611398399877
UBFC_PHYS_s17_T3_ctrl,39,218,46.266666666666666,2.117297649383545,-0.6293703158707811
UBFC_PHYS_s17_T3_ctrl,39,219,46.3,2.6316142082214355,-0.6041527641175541
UBFC_PHYS_s17_T3_ctrl,39,220,46.333333333333336,3.006319284439087,-0.4666955435743705
UBFC_PHYS_s17_T3_ctrl,39,221,46.36666666666667,3.2496886253356934,-0.2633932724503142
UBFC_PHYS_s17_T3_ctrl,39,222,46.4,3.451760768890381,-0.0557939223798372
UBFC_PHYS_s17_T3_ctrl,39,223,46.43333333333333,3.7067184448242188,0.09353422642531128
UBFC_PHYS_s17_T3_ctrl,39,224,46.46666666666667,4.0021185874938965,0.1371138223729005
UBFC_PHYS_s17_T3_ctrl,39,225,46.5,4.260213375091553,0.05529287025753637
UBFC_PHYS_s17_T3_ctrl,39,226,46.53333333333333,4.458024978637695,-0.1387521215478407
UBFC_PHYS_s17_T3_ctrl,39,227,46.56666666666667,4.618144512176514,-0.40322747507188555
UBFC_PHYS_s17_T3_ctrl,39,228,46.6,4.698783874511719,-0.679463190471396
UBFC_PHYS_s17_T3_ctrl,39,229,46.63333333333333,4.56737756729126,-0.9072888584698948
UBFC_PHYS_s17_T3_ctrl,39,230,46.666666666666664,4.095926761627197,-1.0395406128721674
UBFC_PHYS_s17_T3_ctrl,39,231,46.7,3.3123481273651123,-1.0521346438034076
UBFC_PHYS_s17_T3_ctrl,39,232,46.733333333333334,2.373870611190796,-0.9479773394733367
UBFC_PHYS_s17_T3_ctrl,39,233,46.766666666666666,1.359073281288147,-0.7546795816690512
UBFC_PHYS_s17_T3_ctrl,39,234,46.8,0.2757869362831116,-0.5169761799767534
UBFC_PHYS_s17_T3_ctrl,39,235,46.833333333333336,-0.7458230257034302,-0.2852713271769283
UBFC_PHYS_s17_T3_ctrl,39,236,46.86666666666667,-1.5378528833389282,-0.1024536412261489
UBFC_PHYS_s17_T3_ctrl,39,237,46.9,-2.049769878387451,0.007873365486038909
UBFC_PHYS_s17_T3_ctrl,39,238,46.93333333333333,-2.269681215286255,0.04794013450391914
UBFC_PHYS_s17_T3_ctrl,39,239,46.96666666666667,-2.207724094390869,0.04414471752078407
UBFC_PHYS_s17_T3_ctrl,40,0,40.0,2.6179890632629395,-0.15423264455457295
UBFC_PHYS_s17_T3_ctrl,40,1,40.03333333333333,3.1180367469787598,-0.036103939808774646
UBFC_PHYS_s17_T3_ctrl,40,2,40.06666666666667,3.4668140411376953,0.03580048250391751
UBFC_PHYS_s17_T3_ctrl,40,3,40.1,3.412114143371582,0.02529289675532237
UBFC_PHYS_s17_T3_ctrl,40,4,40.13333333333333,2.753726005554199,-0.08296917791048958
UBFC_PHYS_s17_T3_ctrl,40,5,40.166666666666664,1.630629301071167,-0.28177491470886107
UBFC_PHYS_s17_T3_ctrl,40,6,40.2,0.47693440318107605,-0.5463056289505152
UBFC_PHYS_s17_T3_ctrl,40,7,40.233333333333334,-0.23884575068950653,-0.8428086103688052
UBFC_PHYS_s17_T3_ctrl,40,8,40.266666666666666,-0.3904438018798828,-1.1368402689458832
UBFC_PHYS_s17_T3_ctrl,40,9,40.3,-0.3088681101799011,-1.3978602158911102
UBFC_PHYS_s17_T3_ctrl,40,10,40.333333333333336,-0.3084467053413391,-1.5993968612567708
UBFC_PHYS_s17_T3_ctrl,40,11,40.36666666666667,-0.4896128475666046,-1.7166077099134516
UBFC_PHYS_s17_T3_ctrl,40,12,40.4,-0.9220377802848816,-1.7245143406245513
UBFC_PHYS_s17_T3_ctrl,40,13,40.43333333333333,-1.5210320949554443,-1.599866998628303
UBFC_PHYS_s17_T3_ctrl,40,14,40.46666666666667,-1.9669650793075562,-1.3276356322575629
UBFC_PHYS_s17_T3_ctrl,40,15,40.5,-2.107290744781494,-0.9103590332584247
UBFC_PHYS_s17_T3_ctrl,40,16,40.53333333333333,-2.1310646533966064,-0.37620269718218585
UBFC_PHYS_s17_T3_ctrl,40,17,40.56666666666667,-2.1808714866638184,0.2192837587432994
UBFC_PHYS_s17_T3_ctrl,40,18,40.6,-2.1650924682617188,0.8012094107652383
UBFC_PHYS_s17_T3_ctrl,40,19,40.63333333333333,-1.9944496154785156,1.2925058042776811
UBFC_PHYS_s17_T3_ctrl,40,20,40.666666666666664,-1.75899338722229,1.6341972041321613
UBFC_PHYS_s17_T3_ctrl,40,21,40.7,-1.6961113214492798,1.80019360696889
UBFC_PHYS_s17_T3_ctrl,40,22,40.733333333333334,-1.9264172315597534,1.8007131885790215
UBFC_PHYS_s17_T3_ctrl,40,23,40.766666666666666,-2.2019765377044678,1.674060921980792
UBFC_PHYS_s17_T3_ctrl,40,24,40.8,-2.1497817039489746,1.4711438301243065
UBFC_PHYS_s17_T3_ctrl,40,25,40.833333333333336,-1.7983238697052002,1.2390856969170272
UBFC_PHYS_s17_T3_ctrl,40,26,40.86666666666667,-1.477592945098877,1.0096520837770069
UBFC_PHYS_s17_T3_ctrl,40,27,40.9,-1.334200382232666,0.7956125894920058
UBFC_PHYS_s17_T3_ctrl,40,28,40.93333333333333,-1.2227756977081299,0.5947660252418389
UBFC_PHYS_s17_T3_ctrl,40,29,40.96666666666667,-0.9891103506088257,0.39841810139335115
UBFC_PHYS_s17_T3_ctrl,40,30,41.0,-0.6222128868103027,0.19972884101489438
UBFC_PHYS_s17_T3_ctrl,40,31,41.03333333333333,-0.20930103957653046,-0.0018493086425829634
UBFC_PHYS_s17_T3_ctrl,40,32,41.06666666666667,0.10759048908948898,-0.20119587127490077
UBFC_PHYS_s17_T3_ctrl,40,33,41.1,0.2180904895067215,-0.39144833672736074
UBFC_PHYS_s17_T3_ctrl,40,34,41.13333333333333,0.13571883738040924,-0.5679083438396659
UBFC_PHYS_s17_T3_ctrl,40,35,41.166666666666664,-0.03061644919216633,-0.7290567579689355
UBFC_PHYS_s17_T3_ctrl,40,36,41.2,-0.20499341189861298,-0.873858450289823
UBFC_PHYS_s17_T3_ctrl,40,37,41.233333333333334,-0.3410114347934723,-0.9969800757152328
UBFC_PHYS_s17_T3_ctrl,40,38,41.266666666666666,-0.31201687455177307,-1.0850370278647201
UBFC_PHYS_s17_T3_ctrl,40,39,41.3,-0.03506454452872276,-1.1167596406602849
UBFC_PHYS_s17_T3_ctrl,40,40,41.333333333333336,0.3316105306148529,-1.068157340533259
UBFC_PHYS_s17_T3_ctrl,40,41,41.36666666666667,0.5818859934806824,-0.9214443981274054
UBFC_PHYS_s17_T3_ctrl,40,42,41.4,0.6883710026741028,-0.674822185179415
UBFC_PHYS_s17_T3_ctrl,40,43,41.43333333333333,0.6947739124298096,-0.34954878244253706
UBFC_PHYS_s17_T3_ctrl,40,44,41.46666666666667,0.6045244336128235,0.00897371386134783
UBFC_PHYS_s17_T3_ctrl,40,45,41.5,0.4734227657318115,0.3380556272323039
UBFC_PHYS_s17_T3_ctrl,40,46,41.53333333333333,0.4041495621204376,0.5721450849690557
UBFC_PHYS_s17_T3_ctrl,40,47,41.56666666666667,0.38185057044029236,0.6613071925806592
UBFC_PHYS_s17_T3_ctrl,40,48,41.6,0.3263547420501709,0.5874010085597489
UBFC_PHYS_s17_T3_ctrl,40,49,41.63333333333333,0.2435382753610611,0.37128956609801955
UBFC_PHYS_s17_T3_ctrl,40,50,41.666666666666664,0.1855257749557495,0.06779815770576714
UBFC_PHYS_s17_T3_ctrl,40,51,41.7,0.13152825832366943,-0.24964152691952948
UBFC_PHYS_s17_T3_ctrl,40,52,41.733333333333334,0.030263900756835938,-0.5086636355213111
UBFC_PHYS_s17_T3_ctrl,40,53,41.766666666666666,-0.11557503044605255,-0.6549706483548928
UBFC_PHYS_s17_T3_ctrl,40,54,41.8,-0.3072527348995209,-0.6618858291874788
UBFC_PHYS_s17_T3_ctrl,40,55,41.833333333333336,-0.572874128818512,-0.5313193049497141
UBFC_PHYS_s17_T3_ctrl,40,56,41.86666666666667,-0.8221078515052795,-0.2880358827816139
UBFC_PHYS_s17_T3_ctrl,40,57,41.9,-0.8468532562255859,0.02927876067085998
UBFC_PHYS_s17_T3_ctrl,40,58,41.93333333333333,-0.5955359935760498,0.37649196946836905
UBFC_PHYS_s17_T3_ctrl,40,59,41.96666666666667,-0.2693268954753876,0.7096616781180449
UBFC_PHYS_s17_T3_ctrl,40,60,42.0,-0.049989067018032074,0.9877410380565126
UBFC_PHYS_s17_T3_ctrl,40,61,42.03333333333333,0.07002751529216766,1.1742478468946205
UBFC_PHYS_s17_T3_ctrl,40,62,42.06666666666667,0.13547301292419434,1.2402601375468734
UBFC_PHYS_s17_T3_ctrl,40,63,42.1,0.12590961158275604,1.169689031047151
UBFC_PHYS_s17_T3_ctrl,40,64,42.13333333333333,0.07149070501327515,0.965309467041497
UBFC_PHYS_s17_T3_ctrl,40,65,42.166666666666664,0.07116294652223587,0.6523117045896302
UBFC_PHYS_s17_T3_ctrl,40,66,42.2,0.17282529175281525,0.27656533609669126
UBFC_PHYS_s17_T3_ctrl,40,67,42.233333333333334,0.3336706757545471,-0.10294464907177714
UBFC_PHYS_s17_T3_ctrl,40,68,42.266666666666666,0.49065327644348145,-0.425414091470631
UBFC_PHYS_s17_T3_ctrl,40,69,42.3,0.6009308695793152,-0.6398285155358193
UBFC_PHYS_s17_T3_ctrl,40,70,42.333333333333336,0.629223108291626,-0.7141618715075747
UBFC_PHYS_s17_T3_ctrl,40,71,42.36666666666667,0.5557007789611816,-0.6410840296322661
UBFC_PHYS_s17_T3_ctrl,40,72,42.4,0.42794686555862427,-0.4401635284223333
UBFC_PHYS_s17_T3_ctrl,40,73,42.43333333333333,0.37364500761032104,-0.15654906085136563
UBFC_PHYS_s17_T3_ctrl,40,74,42.46666666666667,0.4850463271141052,0.14450545399778908
UBFC_PHYS_s17_T3_ctrl,40,75,42.5,0.6688462495803833,0.3882010371985885
UBFC_PHYS_s17_T3_ctrl,40,76,42.53333333333333,0.6914846897125244,0.5057875488860799
UBFC_PHYS_s17_T3_ctrl,40,77,42.56666666666667,0.447167307138443,0.45244477345786427
UBFC_PHYS_s17_T3_ctrl,40,78,42.6,0.0516732782125473,0.2215230376818188
UBFC_PHYS_s17_T3_ctrl,40,79,42.63333333333333,-0.28056418895721436,-0.1511047909936925
UBFC_PHYS_s17_T3_ctrl,40,80,42.666666666666664,-0.3940139710903168,-0.5946486413019464
UBFC_PHYS_s17_T3_ctrl,40,81,42.7,-0.26929178833961487,-1.0196668130261002
UBFC_PHYS_s17_T3_ctrl,40,82,42.733333333333334,-0.021053049713373184,-1.337244577719709
UBFC_PHYS_s17_T3_ctrl,40,83,42.766666666666666,0.19144876301288605,-1.4762443929435496
UBFC_PHYS_s17_T3_ctrl,40,84,42.8,0.2976645529270172,-1.396188879202056
UBFC_PHYS_s17_T3_ctrl,40,85,42.833333333333336,0.3557823896408081,-1.095284535052175
UBFC_PHYS_s17_T3_ctrl,40,86,42.86666666666667,0.441689133644104,-0.6134689842596109
UBFC_PHYS_s17_T3_ctrl,40,87,42.9,0.5595284700393677,-0.029404360378045655
UBFC_PHYS_s17_T3_ctrl,40,88,42.93333333333333,0.6588614583015442,0.5505848788076246
UBFC_PHYS_s17_T3_ctrl,40,89,42.96666666666667,0.7052854895591736,1.0127009113171879
UBFC_PHYS_s17_T3_ctrl,40,90,43.0,0.6925498843193054,1.262559556153171
UBFC_PHYS_s17_T3_ctrl,40,91,43.03333333333333,0.6179623603820801,1.2518316970468324
UBFC_PHYS_s17_T3_ctrl,40,92,43.06666666666667,0.5160659551620483,0.995008917669995
UBFC_PHYS_s17_T3_ctrl,40,93,43.1,0.45639124512672424,0.5683611594384069
UBFC_PHYS_s17_T3_ctrl,40,94,43.13333333333333,0.4641168713569641,0.08953024803943313
UBFC_PHYS_s17_T3_ctrl,40,95,43.166666666666664,0.4798022508621216,-0.31598836945871894
UBFC_PHYS_s17_T3_ctrl,40,96,43.2,0.4167095720767975,-0.5501498647940306
UBFC_PHYS_s17_T3_ctrl,40,97,43.233333333333334,0.24704992771148682,-0.5679229670351077
UBFC_PHYS_s17_T3_ctrl,40,98,43.266666666666666,0.0691964253783226,-0.3858721120194773
UBFC_PHYS_s17_T3_ctrl,40,99,43.3,0.03376384824514389,-0.0726811776671233
UBFC_PHYS_s17_T3_ctrl,40,100,43.333333333333336,0.1359529346227646,0.27414681624107606
UBFC_PHYS_s17_T3_ctrl,40,101,43.36666666666667,0.2478693127632141,0.5575997883718931
UBFC_PHYS_s17_T3_ctrl,40,102,43.4,0.3094637095928192,0.7070860886169531
UBFC_PHYS_s17_T3_ctrl,40,103,43.43333333333333,0.32999515533447266,0.6930381094642978
UBFC_PHYS_s17_T3_ctrl,40,104,43.46666666666667,0.29235023260116577,0.5269808312347597
UBFC_PHYS_s17_T3_ctrl,40,105,43.5,0.20601041615009308,0.24994960312671244
UBFC_PHYS_s17_T3_ctrl,40,106,43.53333333333333,0.14315183460712433,-0.08340346654244449
UBFC_PHYS_s17_T3_ctrl,40,107,43.56666666666667,0.12273742258548737,-0.4173706028225186
UBFC_PHYS_s17_T3_ctrl,40,108,43.6,0.09219774603843689,-0.7008543471977617
UBFC_PHYS_s17_T3_ctrl,40,109,43.63333333333333,0.029982969164848328,-0.8879549457240894
UBFC_PHYS_s17_T3_ctrl,40,110,43.666666666666664,-0.024354003369808197,-0.9383490884788435
UBFC_PHYS_s17_T3_ctrl,40,111,43.7,-0.0507967472076416,-0.8218179577698389
UBFC_PHYS_s17_T3_ctrl,40,112,43.733333333333334,-0.08814902603626251,-0.5279624318497026
UBFC_PHYS_s17_T3_ctrl,40,113,43.766666666666666,-0.1588854193687439,-0.07770985722506815
UBFC_PHYS_s17_T3_ctrl,40,114,43.8,-0.21507185697555542,0.47005723437099595
UBFC_PHYS_s17_T3_ctrl,40,115,43.833333333333336,-0.24289585649967194,1.0232332688456842
UBFC_PHYS_s17_T3_ctrl,40,116,43.86666666666667,-0.30768585205078125,1.4747210479895532
UBFC_PHYS_s17_T3_ctrl,40,117,43.9,-0.4447690546512604,1.7298767034607003
UBFC_PHYS_s17_T3_ctrl,40,118,43.93333333333333,-0.6004171967506409,1.7337104530100096
UBFC_PHYS_s17_T3_ctrl,40,119,43.96666666666667,-0.6863590478897095,1.4870871730820365
UBFC_PHYS_s17_T3_ctrl,40,120,44.0,-0.6255489587783813,1.0447713823510334
UBFC_PHYS_s17_T3_ctrl,40,121,44.03333333333333,-0.39960920810699463,0.4956027126745031
UBFC_PHYS_s17_T3_ctrl,40,122,44.06666666666667,-0.11085771024227142,-0.06681700205351818
UBFC_PHYS_s17_T3_ctrl,40,123,44.1,0.12991289794445038,-0.570459731857535
UBFC_PHYS_s17_T3_ctrl,40,124,44.13333333333333,0.2869774103164673,-0.9783117835460645
UBFC_PHYS_s17_T3_ctrl,40,125,44.166666666666664,0.3436671793460846,-1.2858620416404172
UBFC_PHYS_s17_T3_ctrl,40,126,44.2,0.2772969603538513,-1.5064893238420607
UBFC_PHYS_s17_T3_ctrl,40,127,44.233333333333334,0.1420280933380127,-1.6528587009784517
UBFC_PHYS_s17_T3_ctrl,40,128,44.266666666666666,0.049835510551929474,-1.7230922150055452
UBFC_PHYS_s17_T3_ctrl,40,129,44.3,0.026073329150676727,-1.6978578898730372
UBFC_PHYS_s17_T3_ctrl,40,130,44.333333333333336,0.015561782754957676,-1.5497922211948096
UBFC_PHYS_s17_T3_ctrl,40,131,44.36666666666667,0.020302513614296913,-1.2613454921790057
UBFC_PHYS_s17_T3_ctrl,40,132,44.4,0.0779404416680336,-0.8429876105826899
UBFC_PHYS_s17_T3_ctrl,40,133,44.43333333333333,0.1450130045413971,-0.34261798898756257
UBFC_PHYS_s17_T3_ctrl,40,134,44.46666666666667,0.1323242336511612,0.16004374346177092
UBFC_PHYS_s17_T3_ctrl,40,135,44.5,0.033939432352781296,0.5741855012246625
UBFC_PHYS_s17_T3_ctrl,40,136,44.53333333333333,-0.07730972766876221,0.826908513200529
UBFC_PHYS_s17_T3_ctrl,40,137,44.56666666666667,-0.16775819659233093,0.8890998429167991
UBFC_PHYS_s17_T3_ctrl,40,138,44.6,-0.2702750265598297,0.7870233812340218
UBFC_PHYS_s17_T3_ctrl,40,139,44.63333333333333,-0.4206908345222473,0.5938959166980099
UBFC_PHYS_s17_T3_ctrl,40,140,44.666666666666664,-0.6119705438613892,0.4041427451138818
UBFC_PHYS_s17_T3_ctrl,40,141,44.7,-0.7638378143310547,0.300280567234251
UBFC_PHYS_s17_T3_ctrl,40,142,44.733333333333334,-0.7452728748321533,0.3249335401763333
UBFC_PHYS_s17_T3_ctrl,40,143,44.766666666666666,-0.49452918767929077,0.467994572006609
UBFC_PHYS_s17_T3_ctrl,40,144,44.8,-0.09908197075128555,0.673107294534938
UBFC_PHYS_s17_T3_ctrl,40,145,44.833333333333336,0.32505542039871216,0.860627666763305
UBFC_PHYS_s17_T3_ctrl,40,146,44.86666666666667,0.7356261610984802,0.9582669903917627
UBFC_PHYS_s17_T3_ctrl,40,147,44.9,1.1215333938598633,0.9277596633315027
UBFC_PHYS_s17_T3_ctrl,40,148,44.93333333333333,1.4665532112121582,0.7773760411281514
UBFC_PHYS_s17_T3_ctrl,40,149,44.96666666666667,1.77786123752594,0.5558083037197975
UBFC_PHYS_s17_T3_ctrl,40,150,45.0,2.087027072906494,0.3308874267506574
UBFC_PHYS_s17_T3_ctrl,40,151,45.03333333333333,2.396169662475586,0.16279394192183547
UBFC_PHYS_s17_T3_ctrl,40,152,45.06666666666667,2.679501533508301,0.0827580015914044
UBFC_PHYS_s17_T3_ctrl,40,153,45.1,2.9382166862487793,0.08487213381912712
UBFC_PHYS_s17_T3_ctrl,40,154,45.13333333333333,3.159965753555298,0.1327507411962409
UBFC_PHYS_s17_T3_ctrl,40,155,45.166666666666664,3.24727725982666,0.17674675082185842
UBFC_PHYS_s17_T3_ctrl,40,156,45.2,3.071483850479126,0.17350218378424864
UBFC_PHYS_s17_T3_ctrl,40,157,45.233333333333334,2.592623233795166,0.09958544705555754
UBFC_PHYS_s17_T3_ctrl,40,158,45.266666666666666,1.8931137323379517,-0.045069593163510384
UBFC_PHYS_s17_T3_ctrl,40,159,45.3,1.105836272239685,-0.24278151460150496
UBFC_PHYS_s17_T3_ctrl,40,160,45.333333333333336,0.3183247745037079,-0.4679113690462959
UBFC_PHYS_s17_T3_ctrl,40,161,45.36666666666667,-0.4213463366031647,-0.6955165294180811
UBFC_PHYS_s17_T3_ctrl,40,162,45.4,-1.055761456489563,-0.9060193407094065
UBFC_PHYS_s17_T3_ctrl,40,163,45.43333333333333,-1.5553408861160278,-1.0860417773070001
UBFC_PHYS_s17_T3_ctrl,40,164,45.46666666666667,-1.9480957984924316,-1.22699089479463
UBFC_PHYS_s17_T3_ctrl,40,165,45.5,-2.2265114784240723,-1.3229185536952248
UBFC_PHYS_s17_T3_ctrl,40,166,45.53333333333333,-2.3122308254241943,-1.3686683454943755
UBFC_PHYS_s17_T3_ctrl,40,167,45.56666666666667,-2.241166591644287,-1.358821031742041
UBFC_PHYS_s17_T3_ctrl,40,168,45.6,-2.199190616607666,-1.2875268237155393
UBFC_PHYS_s17_T3_ctrl,40,169,45.63333333333333,-2.32887601852417,-1.1490581351293183
UBFC_PHYS_s17_T3_ctrl,40,170,45.666666666666664,-2.5893821716308594,-0.9388869802733835
UBFC_PHYS_s17_T3_ctrl,40,171,45.7,-2.90468168258667,-0.6552590013663353
UBFC_PHYS_s17_T3_ctrl,40,172,45.733333333333334,-3.3201920986175537,-0.3013874094847958
UBFC_PHYS_s17_T3_ctrl,40,173,45.766666666666666,-3.9020144939422607,0.1118984088612771
UBFC_PHYS_s17_T3_ctrl,40,174,45.8,-4.591012477874756,0.5639551754094683
UBFC_PHYS_s17_T3_ctrl,40,175,45.833333333333336,-5.19935941696167,1.0238290291276853
UBFC_PHYS_s17_T3_ctrl,40,176,45.86666666666667,-5.43870210647583,1.4521100660238269
UBFC_PHYS_s17_T3_ctrl,40,177,45.9,-5.105223655700684,1.8050389718347815
UBFC_PHYS_s17_T3_ctrl,40,178,45.93333333333333,-4.333924293518066,2.040594250401358
UBFC_PHYS_s17_T3_ctrl,40,179,45.96666666666667,-3.454618215560913,2.1259927097521283
UBFC_PHYS_s17_T3_ctrl,40,180,46.0,-2.6277177333831787,2.0450112433900767
UBFC_PHYS_s17_T3_ctrl,40,181,46.03333333333333,-1.8548965454101562,1.8027559800204334
UBFC_PHYS_s17_T3_ctrl,40,182,46.06666666666667,-1.2035903930664062,1.4260462276507966
UBFC_PHYS_s17_T3_ctrl,40,183,46.1,-0.7470521330833435,0.9590756781606703
UBFC_PHYS_s17_T3_ctrl,40,184,46.13333333333333,-0.37201932072639465,0.45550645980154925
UBFC_PHYS_s17_T3_ctrl,40,185,46.166666666666664,0.1247156485915184,-0.030831149460003544
UBFC_PHYS_s17_T3_ctrl,40,186,46.2,0.7866270542144775,-0.4541558150192177
UBFC_PHYS_s17_T3_ctrl,40,187,46.233333333333334,1.4886298179626465,-0.7821133370036751
UBFC_PHYS_s17_T3_ctrl,40,188,46.266666666666666,2.117297649383545,-0.9980712984545482
UBFC_PHYS_s17_T3_ctrl,40,189,46.3,2.6316142082214355,-1.101141489937737
UBFC_PHYS_s17_T3_ctrl,40,190,46.333333333333336,3.006319284439087,-1.1045332694751249
UBFC_PHYS_s17_T3_ctrl,40,191,46.36666666666667,3.2496886253356934,-1.0322505523937895
UBFC_PHYS_s17_T3_ctrl,40,192,46.4,3.451760768890381,-0.9142800027443008
UBFC_PHYS_s17_T3_ctrl,40,193,46.43333333333333,3.7067184448242188,-0.781068649666256
UBFC_PHYS_s17_T3_ctrl,40,194,46.46666666666667,4.0021185874938965,-0.658453545871586
UBFC_PHYS_s17_T3_ctrl,40,195,46.5,4.260213375091553,-0.5638772738585645
UBFC_PHYS_s17_T3_ctrl,40,196,46.53333333333333,4.458024978637695,-0.503965409036913
UBFC_PHYS_s17_T3_ctrl,40,197,46.56666666666667,4.618144512176514,-0.47328986451213984
UBFC_PHYS_s17_T3_ctrl,40,198,46.6,4.698783874511719,-0.4548152466710405
UBFC_PHYS_s17_T3_ctrl,40,199,46.63333333333333,4.56737756729126,-0.4230671477540734
UBFC_PHYS_s17_T3_ctrl,40,200,46.666666666666664,4.095926761627197,-0.35040525899168823
UBFC_PHYS_s17_T3_ctrl,40,201,46.7,3.3123481273651123,-0.2153421279459358
UBFC_PHYS_s17_T3_ctrl,40,202,46.733333333333334,2.373870611190796,-0.01067065890858212
UBFC_PHYS_s17_T3_ctrl,40,203,46.766666666666666,1.359073281288147,0.2511581427367485
UBFC_PHYS_s17_T3_ctrl,40,204,46.8,0.2757869362831116,0.5373618452859933
UBFC_PHYS_s17_T3_ctrl,40,205,46.833333333333336,-0.7458230257034302,0.7996235116067282
UBFC_PHYS_s17_T3_ctrl,40,206,46.86666666666667,-1.5378528833389282,0.9837525326589585
UBFC_PHYS_s17_T3_ctrl,40,207,46.9,-2.049769878387451,1.0421993962878477
UBFC_PHYS_s17_T3_ctrl,40,208,46.93333333333333,-2.269681215286255,0.946255350989653
UBFC_PHYS_s17_T3_ctrl,40,209,46.96666666666667,-2.207724094390869,0.6945607795726407
UBFC_PHYS_s17_T3_ctrl,40,210,47.0,-2.0170412063598633,0.31568540849511595
UBFC_PHYS_s17_T3_ctrl,40,211,47.03333333333333,-1.8878241777420044,-0.13558273997929857
UBFC_PHYS_s17_T3_ctrl,40,212,47.06666666666667,-1.8141145706176758,-0.5870001383048539
UBFC_PHYS_s17_T3_ctrl,40,213,47.1,-1.7179889678955078,-0.9607768097383924
UBFC_PHYS_s17_T3_ctrl,40,214,47.13333333333333,-1.6365654468536377,-1.1869227130862159
UBFC_PHYS_s17_T3_ctrl,40,215,47.166666666666664,-1.6240288019180298,-1.2164573442119428
UBFC_PHYS_s17_T3_ctrl,40,216,47.2,-1.6735665798187256,-1.0323725659178873
UBFC_PHYS_s17_T3_ctrl,40,217,47.233333333333334,-1.839187741279602,-0.6557314610883742
UBFC_PHYS_s17_T3_ctrl,40,218,47.266666666666666,-2.1891708374023438,-0.1447057454517638
UBFC_PHYS_s17_T3_ctrl,40,219,47.3,-2.6082279682159424,0.41443285589615025
UBFC_PHYS_s17_T3_ctrl,40,220,47.333333333333336,-2.9222867488861084,0.9237064707220066
UBFC_PHYS_s17_T3_ctrl,40,221,47.36666666666667,-3.070232629776001,1.2942258593554359
UBFC_PHYS_s17_T3_ctrl,40,222,47.4,-3.043497323989868,1.4658468385760934
UBFC_PHYS_s17_T3_ctrl,40,223,47.43333333333333,-2.8813059329986572,1.4194970940618434
UBFC_PHYS_s17_T3_ctrl,40,224,47.46666666666667,-2.706296682357788,1.1785953293700573
UBFC_PHYS_s17_T3_ctrl,40,225,47.5,-2.570828914642334,0.8001766416445076
UBFC_PHYS_s17_T3_ctrl,40,226,47.53333333333333,-2.3633837699890137,0.35952561508040315
UBFC_PHYS_s17_T3_ctrl,40,227,47.56666666666667,-1.9780502319335938,-0.06673213837277468
UBFC_PHYS_s17_T3_ctrl,40,228,47.6,-1.4121590852737427,-0.414829723576679
UBFC_PHYS_s17_T3_ctrl,40,229,47.63333333333333,-0.7264621257781982,-0.6429846317006399
UBFC_PHYS_s17_T3_ctrl,40,230,47.666666666666664,-0.02406136505305767,-0.7351920669094228
UBFC_PHYS_s17_T3_ctrl,40,231,47.7,0.5739964842796326,-0.7006894236675824
UBFC_PHYS_s17_T3_ctrl,40,232,47.733333333333334,1.0014699697494507,-0.570100575378339
UBFC_PHYS_s17_T3_ctrl,40,233,47.766666666666666,1.286019206047058,-0.38875835422921906
UBFC_PHYS_s17_T3_ctrl,40,234,47.8,1.5096763372421265,-0.20763555565827582
UBFC_PHYS_s17_T3_ctrl,40,235,47.833333333333336,1.7334036827087402,-0.07286963192602984
UBFC_PHYS_s17_T3_ctrl,40,236,47.86666666666667,1.9752278327941895,-0.01567714167217145
UBFC_PHYS_s17_T3_ctrl,40,237,47.9,2.223735809326172,-0.045066526937985865
UBFC_PHYS_s17_T3_ctrl,40,238,47.93333333333333,2.4298229217529297,-0.14568464846443344
UBFC_PHYS_s17_T3_ctrl,40,239,47.96666666666667,2.523209571838379,-0.28195766333426175
UBFC_PHYS_s17_T3_ctrl,41,0,41.0,-0.6222128868103027,0.09466600701750102
UBFC_PHYS_s17_T3_ctrl,41,1,41.03333333333333,-0.20930103957653046,0.1159686325254391
UBFC_PHYS_s17_T3_ctrl,41,2,41.06666666666667,0.10759048908948898,0.09423573543290009
UBFC_PHYS_s17_T3_ctrl,41,3,41.1,0.2180904895067215,-0.0014479218174695664
UBFC_PHYS_s17_T3_ctrl,41,4,41.13333333333333,0.13571883738040924,-0.18302971992331635
UBFC_PHYS_s17_T3_ctrl,41,5,41.166666666666664,-0.03061644919216633,-0.43925977733539673
UBFC_PHYS_s17_T3_ctrl,41,6,41.2,-0.20499341189861298,-0.7365546444852998
UBFC_PHYS_s17_T3_ctrl,41,7,41.233333333333334,-0.3410114347934723,-1.0249012992827107
UBFC_PHYS_s17_T3_ctrl,41,8,41.266666666666666,-0.31201687455177307,-1.2476523786893738
UBFC_PHYS_s17_T3_ctrl,41,9,41.3,-0.03506454452872276,-1.3532404113679095
UBFC_PHYS_s17_T3_ctrl,41,10,41.333333333333336,0.3316105306148529,-1.306572206845801
UBFC_PHYS_s17_T3_ctrl,41,11,41.36666666666667,0.5818859934806824,-1.0980884752563125
UBFC_PHYS_s17_T3_ctrl,41,12,41.4,0.6883710026741028,-0.7488599147179709
UBFC_PHYS_s17_T3_ctrl,41,13,41.43333333333333,0.6947739124298096,-0.3102112123428093
UBFC_PHYS_s17_T3_ctrl,41,14,41.46666666666667,0.6045244336128235,0.14358702508549792
UBFC_PHYS_s17_T3_ctrl,41,15,41.5,0.4734227657318115,0.5298143908729597
UBFC_PHYS_s17_T3_ctrl,41,16,41.53333333333333,0.4041495621204376,0.7763678957500748
UBFC_PHYS_s17_T3_ctrl,41,17,41.56666666666667,0.38185057044029236,0.8399342419595814
UBFC_PHYS_s17_T3_ctrl,41,18,41.6,0.3263547420501709,0.7171531599995001
UBFC_PHYS_s17_T3_ctrl,41,19,41.63333333333333,0.2435382753610611,0.44487605908221317
UBFC_PHYS_s17_T3_ctrl,41,20,41.666666666666664,0.1855257749557495,0.08974570162152158
UBFC_PHYS_s17_T3_ctrl,41,21,41.7,0.13152825832366943,-0.2688230395127087
UBFC_PHYS_s17_T3_ctrl,41,22,41.733333333333334,0.030263900756835938,-0.5565255200796614
UBFC_PHYS_s17_T3_ctrl,41,23,41.766666666666666,-0.11557503044605255,-0.7180645562732744
UBFC_PHYS_s17_T3_ctrl,41,24,41.8,-0.3072527348995209,-0.7247197118394398
UBFC_PHYS_s17_T3_ctrl,41,25,41.833333333333336,-0.572874128818512,-0.575871297011767
UBFC_PHYS_s17_T3_ctrl,41,26,41.86666666666667,-0.8221078515052795,-0.29624454656338606
UBFC_PHYS_s17_T3_ctrl,41,27,41.9,-0.8468532562255859,0.06939303850662458
UBFC_PHYS_s17_T3_ctrl,41,28,41.93333333333333,-0.5955359935760498,0.46331217716753204
UBFC_PHYS_s17_T3_ctrl,41,29,41.96666666666667,-0.2693268954753876,0.8235448156231184
UBFC_PHYS_s17_T3_ctrl,41,30,42.0,-0.049989067018032074,1.0936508356237806
UBFC_PHYS_s17_T3_ctrl,41,31,42.03333333333333,0.07002751529216766,1.2320365033054141
UBFC_PHYS_s17_T3_ctrl,41,32,42.06666666666667,0.13547301292419434,1.2190173383968532
UBFC_PHYS_s17_T3_ctrl,41,33,42.1,0.12590961158275604,1.0601912333948975
UBFC_PHYS_s17_T3_ctrl,41,34,42.13333333333333,0.07149070501327515,0.785397767650639
UBFC_PHYS_s17_T3_ctrl,41,35,42.166666666666664,0.07116294652223587,0.4433702989316053
UBFC_PHYS_s17_T3_ctrl,41,36,42.2,0.17282529175281525,0.09302768583504968
UBFC_PHYS_s17_T3_ctrl,41,37,42.233333333333334,0.3336706757545471,-0.20690513086195225
UBFC_PHYS_s17_T3_ctrl,41,38,42.266666666666666,0.49065327644348145,-0.4078397898141406
UBFC_PHYS_s17_T3_ctrl,41,39,42.3,0.6009308695793152,-0.4790145238887256
UBFC_PHYS_s17_T3_ctrl,41,40,42.333333333333336,0.629223108291626,-0.4121196658145845
UBFC_PHYS_s17_T3_ctrl,41,41,42.36666666666667,0.5557007789611816,-0.22295023416043996
UBFC_PHYS_s17_T3_ctrl,41,42,42.4,0.42794686555862427,0.04972823423103914
UBFC_PHYS_s17_T3_ctrl,41,43,42.43333333333333,0.37364500761032104,0.34836586484197285
UBFC_PHYS_s17_T3_ctrl,41,44,42.46666666666667,0.4850463271141052,0.6044214324409906
UBFC_PHYS_s17_T3_ctrl,41,45,42.5,0.6688462495803833,0.7499971105708145
UBFC_PHYS_s17_T3_ctrl,41,46,42.53333333333333,0.6914846897125244,0.7323674035699526
UBFC_PHYS_s17_T3_ctrl,41,47,42.56666666666667,0.447167307138443,0.5282442358942462
UBFC_PHYS_s17_T3_ctrl,41,48,42.6,0.0516732782125473,0.15246029390684238
UBFC_PHYS_s17_T3_ctrl,41,49,42.63333333333333,-0.28056418895721436,-0.34344046445322396
UBFC_PHYS_s17_T3_ctrl,41,50,42.666666666666664,-0.3940139710903168,-0.8824413885421617
UBFC_PHYS_s17_T3_ctrl,41,51,42.7,-0.26929178833961487,-1.3780977182605167
UBFC_PHYS_s17_T3_ctrl,41,52,42.733333333333334,-0.021053049713373184,-1.7497365574580088
UBFC_PHYS_s17_T3_ctrl,41,53,42.766666666666666,0.19144876301288605,-1.933989390724025
UBFC_PHYS_s17_T3_ctrl,41,54,42.8,0.2976645529270172,-1.8929988927897063
UBFC_PHYS_s17_T3_ctrl,41,55,42.833333333333336,0.3557823896408081,-1.620842910412769
UBFC_PHYS_s17_T3_ctrl,41,56,42.86666666666667,0.441689133644104,-1.1483672328026684
UBFC_PHYS_s17_T3_ctrl,41,57,42.9,0.5595284700393677,-0.544022771963161
UBFC_PHYS_s17_T3_ctrl,41,58,42.93333333333333,0.6588614583015442,0.09324050302513706
UBFC_PHYS_s17_T3_ctrl,41,59,42.96666666666667,0.7052854895591736,0.6514783346030021
UBFC_PHYS_s17_T3_ctrl,41,60,43.0,0.6925498843193054,1.0314798925057609
UBFC_PHYS_s17_T3_ctrl,41,61,43.03333333333333,0.6179623603820801,1.1734450472748372
UBFC_PHYS_s17_T3_ctrl,41,62,43.06666666666667,0.5160659551620483,1.0750675122112394
UBFC_PHYS_s17_T3_ctrl,41,63,43.1,0.45639124512672424,0.7935006999179248
UBFC_PHYS_s17_T3_ctrl,41,64,43.13333333333333,0.4641168713569641,0.42930414767023106
UBFC_PHYS_s17_T3_ctrl,41,65,43.166666666666664,0.4798022508621216,0.09717397519798987
UBFC_PHYS_s17_T3_ctrl,41,66,43.2,0.4167095720767975,-0.10693630382756188
UBFC_PHYS_s17_T3_ctrl,41,67,43.233333333333334,0.24704992771148682,-0.13177279738484685
UBFC_PHYS_s17_T3_ctrl,41,68,43.266666666666666,0.0691964253783226,0.017615790326572487
UBFC_PHYS_s17_T3_ctrl,41,69,43.3,0.03376384824514389,0.2849080336543782
UBFC_PHYS_s17_T3_ctrl,41,70,43.333333333333336,0.1359529346227646,0.5815705675827347
UBFC_PHYS_s17_T3_ctrl,41,71,43.36666666666667,0.2478693127632141,0.8137135638422418
UBFC_PHYS_s17_T3_ctrl,41,72,43.4,0.3094637095928192,0.9085056434732035
UBFC_PHYS_s17_T3_ctrl,41,73,43.43333333333333,0.32999515533447266,0.8322882810160456
UBFC_PHYS_s17_T3_ctrl,41,74,43.46666666666667,0.29235023260116577,0.5956164532771804
UBFC_PHYS_s17_T3_ctrl,41,75,43.5,0.20601041615009308,0.2453592772336422
UBFC_PHYS_s17_T3_ctrl,41,76,43.53333333333333,0.14315183460712433,-0.15122909698443437
UBFC_PHYS_s17_T3_ctrl,41,77,43.56666666666667,0.12273742258548737,-0.523405789023571
UBFC_PHYS_s17_T3_ctrl,41,78,43.6,0.09219774603843689,-0.8093915626037407
UBFC_PHYS_s17_T3_ctrl,41,79,43.63333333333333,0.029982969164848328,-0.9628356703783216
UBFC_PHYS_s17_T3_ctrl,41,80,43.666666666666664,-0.024354003369808197,-0.955188176042276
UBFC_PHYS_s17_T3_ctrl,41,81,43.7,-0.0507967472076416,-0.7771961595419528
UBFC_PHYS_s17_T3_ctrl,41,82,43.733333333333334,-0.08814902603626251,-0.44158559807041464
UBFC_PHYS_s17_T3_ctrl,41,83,43.766666666666666,-0.1588854193687439,0.013778420071242617
UBFC_PHYS_s17_T3_ctrl,41,84,43.8,-0.21507185697555542,0.5256022561483151
UBFC_PHYS_s17_T3_ctrl,41,85,43.833333333333336,-0.24289585649967194,1.0116192293229245
UBFC_PHYS_s17_T3_ctrl,41,86,43.86666666666667,-0.30768585205078125,1.3851941918327972
UBFC_PHYS_s17_T3_ctrl,41,87,43.9,-0.4447690546512604,1.5752505059782544
UBFC_PHYS_s17_T3_ctrl,41,88,43.93333333333333,-0.6004171967506409,1.5450373693454034
UBFC_PHYS_s17_T3_ctrl,41,89,43.96666666666667,-0.6863590478897095,1.3022026324697529
UBFC_PHYS_s17_T3_ctrl,41,90,44.0,-0.6255489587783813,0.8951816611969575
UBFC_PHYS_s17_T3_ctrl,41,91,44.03333333333333,-0.39960920810699463,0.39654333674634795
UBFC_PHYS_s17_T3_ctrl,41,92,44.06666666666667,-0.11085771024227142,-0.11977075594059236
UBFC_PHYS_s17_T3_ctrl,41,93,44.1,0.12991289794445038,-0.5974761968968028
UBFC_PHYS_s17_T3_ctrl,41,94,44.13333333333333,0.2869774103164673,-1.0061417993690622
UBFC_PHYS_s17_T3_ctrl,41,95,44.166666666666664,0.3436671793460846,-1.337376954703649
UBFC_PHYS_s17_T3_ctrl,41,96,44.2,0.2772969603538513,-1.5930094411253948
UBFC_PHYS_s17_T3_ctrl,41,97,44.233333333333334,0.1420280933380127,-1.771839486998707
UBFC_PHYS_s17_T3_ctrl,41,98,44.266666666666666,0.049835510551929474,-1.8613857017277184
UBFC_PHYS_s17_T3_ctrl,41,99,44.3,0.026073329150676727,-1.8385590715296056
UBFC_PHYS_s17_T3_ctrl,41,100,44.333333333333336,0.015561782754957676,-1.6793421099319223
UBFC_PHYS_s17_T3_ctrl,41,101,44.36666666666667,0.020302513614296913,-1.3735999414682403
UBFC_PHYS_s17_T3_ctrl,41,102,44.4,0.0779404416680336,-0.9384857702104502
UBFC_PHYS_s17_T3_ctrl,41,103,44.43333333333333,0.1450130045413971,-0.4236828470980259
UBFC_PHYS_s17_T3_ctrl,41,104,44.46666666666667,0.1323242336511612,0.09560619038390987
UBFC_PHYS_s17_T3_ctrl,41,105,44.5,0.033939432352781296,0.5371196402991805
UBFC_PHYS_s17_T3_ctrl,41,106,44.53333333333333,-0.07730972766876221,0.8353720039827838
UBFC_PHYS_s17_T3_ctrl,41,107,44.56666666666667,-0.16775819659233093,0.9618488916926485
UBFC_PHYS_s17_T3_ctrl,41,108,44.6,-0.2702750265598297,0.9336848718516043
UBFC_PHYS_s17_T3_ctrl,41,109,44.63333333333333,-0.4206908345222473,0.8073603474670863
UBFC_PHYS_s17_T3_ctrl,41,110,44.666666666666664,-0.6119705438613892,0.6594615982090315
UBFC_PHYS_s17_T3_ctrl,41,111,44.7,-0.7638378143310547,0.5611309007400255
UBFC_PHYS_s17_T3_ctrl,41,112,44.733333333333334,-0.7452728748321533,0.5550302132154692
UBFC_PHYS_s17_T3_ctrl,41,113,44.766666666666666,-0.49452918767929077,0.6427615136370968
UBFC_PHYS_s17_T3_ctrl,41,114,44.8,-0.09908197075128555,0.7869893860293439
UBFC_PHYS_s17_T3_ctrl,41,115,44.833333333333336,0.32505542039871216,0.9272446846304332
UBFC_PHYS_s17_T3_ctrl,41,116,44.86666666666667,0.7356261610984802,1.0033741321166445
UBFC_PHYS_s17_T3_ctrl,41,117,44.9,1.1215333938598633,0.9777006140803228
UBFC_PHYS_s17_T3_ctrl,41,118,44.93333333333333,1.4665532112121582,0.8474705843469357
UBFC_PHYS_s17_T3_ctrl,41,119,44.96666666666667,1.77786123752594,0.6432724019341985
UBFC_PHYS_s17_T3_ctrl,41,120,45.0,2.087027072906494,0.4152839994157611
UBFC_PHYS_s17_T3_ctrl,41,121,45.03333333333333,2.396169662475586,0.21410639376773385
UBFC_PHYS_s17_T3_ctrl,41,122,45.06666666666667,2.679501533508301,0.07398005012212497
UBFC_PHYS_s17_T3_ctrl,41,123,45.1,2.9382166862487793,0.00385804030703301
UBFC_PHYS_s17_T3_ctrl,41,124,45.13333333333333,3.159965753555298,-0.01188288012175545
UBFC_PHYS_s17_T3_ctrl,41,125,45.166666666666664,3.24727725982666,-0.004867592022839413
UBFC_PHYS_s17_T3_ctrl,41,126,45.2,3.071483850479126,-0.01048458083796453
UBFC_PHYS_s17_T3_ctrl,41,127,45.233333333333334,2.592623233795166,-0.05676353514685319
UBFC_PHYS_s17_T3_ctrl,41,128,45.266666666666666,1.8931137323379517,-0.15778424227280088
UBFC_PHYS_s17_T3_ctrl,41,129,45.3,1.105836272239685,-0.31248319226941934
UBFC_PHYS_s17_T3_ctrl,41,130,45.333333333333336,0.3183247745037079,-0.507312997196315
UBFC_PHYS_s17_T3_ctrl,41,131,45.36666666666667,-0.4213463366031647,-0.7203833646772186
UBFC_PHYS_s17_T3_ctrl,41,132,45.4,-1.055761456489563,-0.9257825328819479
UBFC_PHYS_s17_T3_ctrl,41,133,45.43333333333333,-1.5553408861160278,-1.098095331605464
UBFC_PHYS_s17_T3_ctrl,41,134,45.46666666666667,-1.9480957984924316,-1.2171042673440353
UBFC_PHYS_s17_T3_ctrl,41,135,45.5,-2.2265114784240723,-1.2716997397278103
UBFC_PHYS_s17_T3_ctrl,41,136,45.53333333333333,-2.3122308254241943,-1.2614329319613407
UBFC_PHYS_s17_T3_ctrl,41,137,45.56666666666667,-2.241166591644287,-1.1945983281267545
UBFC_PHYS_s17_T3_ctrl,41,138,45.6,-2.199190616607666,-1.083134600957348
UBFC_PHYS_s17_T3_ctrl,41,139,45.63333333333333,-2.32887601852417,-0.9362492021324421
UBFC_PHYS_s17_T3_ctrl,41,140,45.666666666666664,-2.5893821716308594,-0.7556040057070349
UBFC_PHYS_s17_T3_ctrl,41,141,45.7,-2.90468168258667,-0.5346190904024146
UBFC_PHYS_s17_T3_ctrl,41,142,45.733333333333334,-3.3201920986175537,-0.262915517630666
UBFC_PHYS_s17_T3_ctrl,41,143,45.766666666666666,-3.9020144939422607,0.06543979971615511
UBFC_PHYS_s17_T3_ctrl,41,144,45.8,-4.591012477874756,0.4433971971644481
UBFC_PHYS_s17_T3_ctrl,41,145,45.833333333333336,-5.19935941696167,0.8461366452537005
UBFC_PHYS_s17_T3_ctrl,41,146,45.86666666666667,-5.43870210647583,1.232387229243725
UBFC_PHYS_s17_T3_ctrl,41,147,45.9,-5.105223655700684,1.551677469816422
UBFC_PHYS_s17_T3_ctrl,41,148,45.93333333333333,-4.333924293518066,1.7555239090808283
UBFC_PHYS_s17_T3_ctrl,41,149,45.96666666666667,-3.454618215560913,1.8094963530120944
UBFC_PHYS_s17_T3_ctrl,41,150,46.0,-2.6277177333831787,1.702474733343476
UBFC_PHYS_s17_T3_ctrl,41,151,46.03333333333333,-1.8548965454101562,1.4498972950242832
UBFC_PHYS_s17_T3_ctrl,41,152,46.06666666666667,-1.2035903930664062,1.089868168473414
UBFC_PHYS_s17_T3_ctrl,41,153,46.1,-0.7470521330833435,0.6737474228694563
UBFC_PHYS_s17_T3_ctrl,41,154,46.13333333333333,-0.37201932072639465,0.2548271785153173
UBFC_PHYS_s17_T3_ctrl,41,155,46.166666666666664,0.1247156485915184,-0.1210915845976094
UBFC_PHYS_s17_T3_ctrl,41,156,46.2,0.7866270542144775,-0.4210001831541304
UBFC_PHYS_s17_T3_ctrl,41,157,46.233333333333334,1.4886298179626465,-0.6259279447405368
UBFC_PHYS_s17_T3_ctrl,41,158,46.266666666666666,2.117297649383545,-0.7298048380289667
UBFC_PHYS_s17_T3_ctrl,41,159,46.3,2.6316142082214355,-0.7378282837643889
UBFC_PHYS_s17_T3_ctrl,41,160,46.333333333333336,3.006319284439087,-0.665225615406708
UBFC_PHYS_s17_T3_ctrl,41,161,46.36666666666667,3.2496886253356934,-0.5360650082943927
UBFC_PHYS_s17_T3_ctrl,41,162,46.4,3.451760768890381,-0.381215049001099
UBFC_PHYS_s17_T3_ctrl,41,163,46.43333333333333,3.7067184448242188,-0.23479926624595543
UBFC_PHYS_s17_T3_ctrl,41,164,46.46666666666667,4.0021185874938965,-0.12912927657167425
UBFC_PHYS_s17_T3_ctrl,41,165,46.5,4.260213375091553,-0.08868702934541221
UBFC_PHYS_s17_T3_ctrl,41,166,46.53333333333333,4.458024978637695,-0.12410482142100847
UBFC_PHYS_s17_T3_ctrl,41,167,46.56666666666667,4.618144512176514,-0.22756099092761506
UBFC_PHYS_s17_T3_ctrl,41,168,46.6,4.698783874511719,-0.37157407812608084
UBFC_PHYS_s17_T3_ctrl,41,169,46.63333333333333,4.56737756729126,-0.5129483962093233
UBFC_PHYS_s17_T3_ctrl,41,170,46.666666666666664,4.095926761627197,-0.602013616516576
UBFC_PHYS_s17_T3_ctrl,41,171,46.7,3.3123481273651123,-0.5951581635635181
UBFC_PHYS_s17_T3_ctrl,41,172,46.733333333333334,2.373870611190796,-0.46724882829492104
UBFC_PHYS_s17_T3_ctrl,41,173,46.766666666666666,1.359073281288147,-0.22036194710186843
UBFC_PHYS_s17_T3_ctrl,41,174,46.8,0.2757869362831116,0.11379688731488057
UBFC_PHYS_s17_T3_ctrl,41,175,46.833333333333336,-0.7458230257034302,0.4787630368085579
UBFC_PHYS_s17_T3_ctrl,41,176,46.86666666666667,-1.5378528833389282,0.8045882512452303
UBFC_PHYS_s17_T3_ctrl,41,177,46.9,-2.049769878387451,1.022881687799289
UBFC_PHYS_s17_T3_ctrl,41,178,46.93333333333333,-2.269681215286255,1.0817630751412441
UBFC_PHYS_s17_T3_ctrl,41,179,46.96666666666667,-2.207724094390869,0.9569218355221469
UBFC_PHYS_s17_T3_ctrl,41,180,47.0,-2.0170412063598633,0.6565210747082089
UBFC_PHYS_s17_T3_ctrl,41,181,47.03333333333333,-1.8878241777420044,0.21981688077620462
UBFC_PHYS_s17_T3_ctrl,41,182,47.06666666666667,-1.8141145706176758,-0.28913310774926043
UBFC_PHYS_s17_T3_ctrl,41,183,47.1,-1.7179889678955078,-0.7910077892480722
UBFC_PHYS_s17_T3_ctrl,41,184,47.13333333333333,-1.6365654468536377,-1.2029500782745934
UBFC_PHYS_s17_T3_ctrl,41,185,47.166666666666664,-1.6240288019180298,-1.4517860611696356
UBFC_PHYS_s17_T3_ctrl,41,186,47.2,-1.6735665798187256,-1.487395694201211
UBFC_PHYS_s17_T3_ctrl,41,187,47.233333333333334,-1.839187741279602,-1.2939134523912807
UBFC_PHYS_s17_T3_ctrl,41,188,47.266666666666666,-2.1891708374023438,-0.8960575665471063
UBFC_PHYS_s17_T3_ctrl,41,189,47.3,-2.6082279682159424,-0.3580643268153688
UBFC_PHYS_s17_T3_ctrl,41,190,47.333333333333336,-2.9222867488861084,0.2265512391246578
UBFC_PHYS_s17_T3_ctrl,41,191,47.36666666666667,-3.070232629776001,0.753874728874908
UBFC_PHYS_s17_T3_ctrl,41,192,47.4,-3.043497323989868,1.1327269760621625
UBFC_PHYS_s17_T3_ctrl,41,193,47.43333333333333,-2.8813059329986572,1.304979119417342
UBFC_PHYS_s17_T3_ctrl,41,194,47.46666666666667,-2.706296682357788,1.2568524480104961
UBFC_PHYS_s17_T3_ctrl,41,195,47.5,-2.570828914642334,1.0186179725220603
UBFC_PHYS_s17_T3_ctrl,41,196,47.53333333333333,-2.3633837699890137,0.6541037970921698
UBFC_PHYS_s17_T3_ctrl,41,197,47.56666666666667,-1.9780502319335938,0.2441549199780744
UBFC_PHYS_s17_T3_ctrl,41,198,47.6,-1.4121590852737427,-0.13100527218853592
UBFC_PHYS_s17_T3_ctrl,41,199,47.63333333333333,-0.7264621257781982,-0.4065233878838571
UBFC_PHYS_s17_T3_ctrl,41,200,47.666666666666664,-0.02406136505305767,-0.5426886378424037
UBFC_PHYS_s17_T3_ctrl,41,201,47.7,0.5739964842796326,-0.5293333702271829
UBFC_PHYS_s17_T3_ctrl,41,202,47.733333333333334,1.0014699697494507,-0.38523089431644286
UBFC_PHYS_s17_T3_ctrl,41,203,47.766666666666666,1.286019206047058,-0.15298579937434778
UBFC_PHYS_s17_T3_ctrl,41,204,47.8,1.5096763372421265,0.10992194802530564
UBFC_PHYS_s17_T3_ctrl,41,205,47.833333333333336,1.7334036827087402,0.34273793392016827
UBFC_PHYS_s17_T3_ctrl,41,206,47.86666666666667,1.9752278327941895,0.4936705101655435
UBFC_PHYS_s17_T3_ctrl,41,207,47.9,2.223735809326172,0.5301208285621333
UBFC_PHYS_s17_T3_ctrl,41,208,47.93333333333333,2.4298229217529297,0.44436668571173027
UBFC_PHYS_s17_T3_ctrl,41,209,47.96666666666667,2.523209571838379,0.2533915679410645
UBFC_PHYS_s17_T3_ctrl,41,210,48.0,2.5019288063049316,-0.0064060699174261024
UBFC_PHYS_s17_T3_ctrl,41,211,48.03333333333333,2.4671401977539062,-0.2873230835076609
UBFC_PHYS_s17_T3_ctrl,41,212,48.06666666666667,2.451138734817505,-0.5389010159047448
UBFC_PHYS_s17_T3_ctrl,41,213,48.1,2.26218843460083,-0.7154948490833506
UBFC_PHYS_s17_T3_ctrl,41,214,48.13333333333333,1.6076748371124268,-0.7824132635586285
UBFC_PHYS_s17_T3_ctrl,41,215,48.166666666666664,0.37773022055625916,-0.7206049025502023
UBFC_PHYS_s17_T3_ctrl,41,216,48.2,-1.1349492073059082,-0.5297148758627457
UBFC_PHYS_s17_T3_ctrl,41,217,48.233333333333334,-2.3182122707366943,-0.2289623011392871
UBFC_PHYS_s17_T3_ctrl,41,218,48.266666666666666,-2.6920979022979736,0.1448304374181324
UBFC_PHYS_s17_T3_ctrl,41,219,48.3,-2.301239252090454,0.542281941439999
UBFC_PHYS_s17_T3_ctrl,41,220,48.333333333333336,-1.494624376296997,0.9088759183993624
UBFC_PHYS_s17_T3_ctrl,41,221,48.36666666666667,-0.6495218276977539,1.1932514477435534
UBFC_PHYS_s17_T3_ctrl,41,222,48.4,-0.17461761832237244,1.3546669907088469
UBFC_PHYS_s17_T3_ctrl,41,223,48.43333333333333,-0.25142917037010193,1.3684063881094646
UBFC_PHYS_s17_T3_ctrl,41,224,48.46666666666667,-0.6160440444946289,1.2286197519957733
UBFC_PHYS_s17_T3_ctrl,41,225,48.5,-0.9621408581733704,0.9486255468061889
UBFC_PHYS_s17_T3_ctrl,41,226,48.53333333333333,-1.323969841003418,0.5588396658683074
UBFC_PHYS_s17_T3_ctrl,41,227,48.56666666666667,-1.7371859550476074,0.10250724930211216
UBFC_PHYS_s17_T3_ctrl,41,228,48.6,-1.9843828678131104,-0.3703598198583223
UBFC_PHYS_s17_T3_ctrl,41,229,48.63333333333333,-1.953468680381775,-0.8099773307418091
UBFC_PHYS_s17_T3_ctrl,41,230,48.666666666666664,-1.8502963781356812,-1.173443437512023
UBFC_PHYS_s17_T3_ctrl,41,231,48.7,-1.9590638875961304,-1.4298318379558626
UBFC_PHYS_s17_T3_ctrl,41,232,48.733333333333334,-2.3421618938446045,-1.5631029097065965
UBFC_PHYS_s17_T3_ctrl,41,233,48.766666666666666,-2.6741886138916016,-1.5728106799241626
UBFC_PHYS_s17_T3_ctrl,41,234,48.8,-2.500420331954956,-1.4726810006609825
UBFC_PHYS_s17_T3_ctrl,41,235,48.833333333333336,-1.945696234703064,-1.286960049667255
UBFC_PHYS_s17_T3_ctrl,41,236,48.86666666666667,-1.5431437492370605,-1.0445692610857706
UBFC_PHYS_s17_T3_ctrl,41,237,48.9,-1.334727168083191,-0.7719720760544393
UBFC_PHYS_s17_T3_ctrl,41,238,48.93333333333333,-0.8965080380439758,-0.4870278379145406
UBFC_PHYS_s17_T3_ctrl,41,239,48.96666666666667,-0.132828950881958,-0.19688425681279637
UBFC_PHYS_s17_T3_ctrl,42,0,42.0,-0.049989067018032074,0.14322512156515146
UBFC_PHYS_s17_T3_ctrl,42,1,42.03333333333333,0.07002751529216766,0.6463936305573547
UBFC_PHYS_s17_T3_ctrl,42,2,42.06666666666667,0.13547301292419434,1.059296828263959
UBFC_PHYS_s17_T3_ctrl,42,3,42.1,0.12590961158275604,1.309442280332294
UBFC_PHYS_s17_T3_ctrl,42,4,42.13333333333333,0.07149070501327515,1.357120889210721
UBFC_PHYS_s17_T3_ctrl,42,5,42.166666666666664,0.07116294652223587,1.2043862750120162
UBFC_PHYS_s17_T3_ctrl,42,6,42.2,0.17282529175281525,0.8946480698000653
UBFC_PHYS_s17_T3_ctrl,42,7,42.233333333333334,0.3336706757545471,0.5022705489106215
UBFC_PHYS_s17_T3_ctrl,42,8,42.266666666666666,0.49065327644348145,0.11504070664806999
UBFC_PHYS_s17_T3_ctrl,42,9,42.3,0.6009308695793152,-0.18544119975346532
UBFC_PHYS_s17_T3_ctrl,42,10,42.333333333333336,0.629223108291626,-0.3406708638361063
UBFC_PHYS_s17_T3_ctrl,42,11,42.36666666666667,0.5557007789611816,-0.3265358896455973
UBFC_PHYS_s17_T3_ctrl,42,12,42.4,0.42794686555862427,-0.15790035006845052
UBFC_PHYS_s17_T3_ctrl,42,13,42.43333333333333,0.37364500761032104,0.11375412532634138
UBFC_PHYS_s17_T3_ctrl,42,14,42.46666666666667,0.4850463271141052,0.4097741360426435
UBFC_PHYS_s17_T3_ctrl,42,15,42.5,0.6688462495803833,0.6406058243342033
UBFC_PHYS_s17_T3_ctrl,42,16,42.53333333333333,0.6914846897125244,0.72692223921369
UBFC_PHYS_s17_T3_ctrl,42,17,42.56666666666667,0.447167307138443,0.6207489557295447
UBFC_PHYS_s17_T3_ctrl,42,18,42.6,0.0516732782125473,0.31941163344099216
UBFC_PHYS_s17_T3_ctrl,42,19,42.63333333333333,-0.28056418895721436,-0.13348088799369004
UBFC_PHYS_s17_T3_ctrl,42,20,42.666666666666664,-0.3940139710903168,-0.6599457302574832
UBFC_PHYS_s17_T3_ctrl,42,21,42.7,-0.26929178833961487,-1.1665710807489198
UBFC_PHYS_s17_T3_ctrl,42,22,42.733333333333334,-0.021053049713373184,-1.563512899551278
UBFC_PHYS_s17_T3_ctrl,42,23,42.766666666666666,0.19144876301288605,-1.779413078147261
UBFC_PHYS_s17_T3_ctrl,42,24,42.8,0.2976645529270172,-1.7716231353094283
UBFC_PHYS_s17_T3_ctrl,42,25,42.833333333333336,0.3557823896408081,-1.5328857110359881
UBFC_PHYS_s17_T3_ctrl,42,26,42.86666666666667,0.441689133644104,-1.0949658305710126
UBFC_PHYS_s17_T3_ctrl,42,27,42.9,0.5595284700393677,-0.5277420091608401
UBFC_PHYS_s17_T3_ctrl,42,28,42.93333333333333,0.6588614583015442,0.06907630751511945
UBFC_PHYS_s17_T3_ctrl,42,29,42.96666666666667,0.7052854895591736,0.583583142462725
UBFC_PHYS_s17_T3_ctrl,42,30,43.0,0.6925498843193054,0.9172183287865661
UBFC_PHYS_s17_T3_ctrl,42,31,43.03333333333333,0.6179623603820801,1.012008427787191
UBFC_PHYS_s17_T3_ctrl,42,32,43.06666666666667,0.5160659551620483,0.8697703618575024
UBFC_PHYS_s17_T3_ctrl,42,33,43.1,0.45639124512672424,0.5543693754966441
UBFC_PHYS_s17_T3_ctrl,42,34,43.13333333333333,0.4641168713569641,0.17423962326154332
UBFC_PHYS_s17_T3_ctrl,42,35,43.166666666666664,0.4798022508621216,-0.14951712548992746
UBFC_PHYS_s17_T3_ctrl,42,36,43.2,0.4167095720767975,-0.31855145167167287
UBFC_PHYS_s17_T3_ctrl,42,37,43.233333333333334,0.24704992771148682,-0.2845067760936725
UBFC_PHYS_s17_T3_ctrl,42,38,43.266666666666666,0.0691964253783226,-0.060106956912121895
UBFC_PHYS_s17_T3_ctrl,42,39,43.3,0.03376384824514389,0.28796640259838663
UBFC_PHYS_s17_T3_ctrl,42,40,43.333333333333336,0.1359529346227646,0.6609503592596561
UBFC_PHYS_s17_T3_ctrl,42,41,43.36666666666667,0.2478693127632141,0.9572568977094352
UBFC_PHYS_s17_T3_ctrl,42,42,43.4,0.3094637095928192,1.099940151033772
UBFC_PHYS_s17_T3_ctrl,42,43,43.43333333333333,0.32999515533447266,1.0542928227772208
UBFC_PHYS_s17_T3_ctrl,42,44,43.46666666666667,0.29235023260116577,0.8314795403519629
UBFC_PHYS_s17_T3_ctrl,42,45,43.5,0.20601041615009308,0.47936116393322187
UBFC_PHYS_s17_T3_ctrl,42,46,43.53333333333333,0.14315183460712433,0.06589442428476276
UBFC_PHYS_s17_T3_ctrl,42,47,43.56666666666667,0.12273742258548737,-0.3379759977169652
UBFC_PHYS_s17_T3_ctrl,42,48,43.6,0.09219774603843689,-0.6706024383629897
UBFC_PHYS_s17_T3_ctrl,42,49,43.63333333333333,0.029982969164848328,-0.8853305996156187
UBFC_PHYS_s17_T3_ctrl,42,50,43.666666666666664,-0.024354003369808197,-0.9514527910350338
UBFC_PHYS_s17_T3_ctrl,42,51,43.7,-0.0507967472076416,-0.8541583577777683
UBFC_PHYS_s17_T3_ctrl,42,52,43.733333333333334,-0.08814902603626251,-0.5965281223253254
UBFC_PHYS_s17_T3_ctrl,42,53,43.766666666666666,-0.1588854193687439,-0.2037878255168785
UBFC_PHYS_s17_T3_ctrl,42,54,43.8,-0.21507185697555542,0.273303687611965
UBFC_PHYS_s17_T3_ctrl,42,55,43.833333333333336,-0.24289585649967194,0.7606251351471652
UBFC_PHYS_s17_T3_ctrl,42,56,43.86666666666667,-0.30768585205078125,1.171522772359132
UBFC_PHYS_s17_T3_ctrl,42,57,43.9,-0.4447690546512604,1.4253947715328514
UBFC_PHYS_s17_T3_ctrl,42,58,43.93333333333333,-0.6004171967506409,1.4687589430930867
UBFC_PHYS_s17_T3_ctrl,42,59,43.96666666666667,-0.6863590478897095,1.2908865368462448
UBFC_PHYS_s17_T3_ctrl,42,60,44.0,-0.6255489587783813,0.9267867308577913
UBFC_PHYS_s17_T3_ctrl,42,61,44.03333333333333,-0.39960920810699463,0.4451046278875777
UBFC_PHYS_s17_T3_ctrl,42,62,44.06666666666667,-0.11085771024227142,-0.07427904056297625
UBFC_PHYS_s17_T3_ctrl,42,63,44.1,0.12991289794445038,-0.5631348638557404
UBFC_PHYS_s17_T3_ctrl,42,64,44.13333333333333,0.2869774103164673,-0.9791449137928697
UBFC_PHYS_s17_T3_ctrl,42,65,44.166666666666664,0.3436671793460846,-1.3074320011498812
UBFC_PHYS_s17_T3_ctrl,42,66,44.2,0.2772969603538513,-1.5510119643875018
UBFC_PHYS_s17_T3_ctrl,42,67,44.233333333333334,0.1420280933380127,-1.716045878666325
UBFC_PHYS_s17_T3_ctrl,42,68,44.266666666666666,0.049835510551929474,-1.7993896083555392
UBFC_PHYS_s17_T3_ctrl,42,69,44.3,0.026073329150676727,-1.7845624244268683
UBFC_PHYS_s17_T3_ctrl,42,70,44.333333333333336,0.015561782754957676,-1.648375819178008
UBFC_PHYS_s17_T3_ctrl,42,71,44.36666666666667,0.020302513614296913,-1.3755400213024853
UBFC_PHYS_s17_T3_ctrl,42,72,44.4,0.0779404416680336,-0.9745311279738444
UBFC_PHYS_s17_T3_ctrl,42,73,44.43333333333333,0.1450130045413971,-0.4866265932396281
UBFC_PHYS_s17_T3_ctrl,42,74,44.46666666666667,0.1323242336511612,0.017813438416251697
UBFC_PHYS_s17_T3_ctrl,42,75,44.5,0.033939432352781296,0.4565851776077445
UBFC_PHYS_s17_T3_ctrl,42,76,44.53333333333333,-0.07730972766876221,0.7609580177087608
UBFC_PHYS_s17_T3_ctrl,42,77,44.56666666666667,-0.16775819659233093,0.8992110744980154
UBFC_PHYS_s17_T3_ctrl,42,78,44.6,-0.2702750265598297,0.8882700300619019
UBFC_PHYS_s17_T3_ctrl,42,79,44.63333333333333,-0.4206908345222473,0.7877411950379851
UBFC_PHYS_s17_T3_ctrl,42,80,44.666666666666664,-0.6119705438613892,0.6780420766683475
UBFC_PHYS_s17_T3_ctrl,42,81,44.7,-0.7638378143310547,0.6310757688423027
UBFC_PHYS_s17_T3_ctrl,42,82,44.733333333333334,-0.7452728748321533,0.68470289477326
UBFC_PHYS_s17_T3_ctrl,42,83,44.766666666666666,-0.49452918767929077,0.830386712098575
UBFC_PHYS_s17_T3_ctrl,42,84,44.8,-0.09908197075128555,1.0181035002142456
UBFC_PHYS_s17_T3_ctrl,42,85,44.833333333333336,0.32505542039871216,1.1761660044618163
UBFC_PHYS_s17_T3_ctrl,42,86,44.86666666666667,0.7356261610984802,1.238337069522353
UBFC_PHYS_s17_T3_ctrl,42,87,44.9,1.1215333938598633,1.1681551712503353
UBFC_PHYS_s17_T3_ctrl,42,88,44.93333333333333,1.4665532112121582,0.9715256437285588
UBFC_PHYS_s17_T3_ctrl,42,89,44.96666666666667,1.77786123752594,0.6932117158776618
UBFC_PHYS_s17_T3_ctrl,42,90,45.0,2.087027072906494,0.3993647388256362
UBFC_PHYS_s17_T3_ctrl,42,91,45.03333333333333,2.396169662475586,0.15361816975068998
UBFC_PHYS_s17_T3_ctrl,42,92,45.06666666666667,2.679501533508301,-0.003992564873835189
UBFC_PHYS_s17_T3_ctrl,42,93,45.1,2.9382166862487793,-0.06805242795196313
UBFC_PHYS_s17_T3_ctrl,42,94,45.13333333333333,3.159965753555298,-0.06585821745374124
UBFC_PHYS_s17_T3_ctrl,42,95,45.166666666666664,3.24727725982666,-0.044636240666245774
UBFC_PHYS_s17_T3_ctrl,42,96,45.2,3.071483850479126,-0.05371238809818822
UBFC_PHYS_s17_T3_ctrl,42,97,45.233333333333334,2.592623233795166,-0.12861520116951822
UBFC_PHYS_s17_T3_ctrl,42,98,45.266666666666666,1.8931137323379517,-0.28222914729596943
UBFC_PHYS_s17_T3_ctrl,42,99,45.3,1.105836272239685,-0.5043920247812027
UBFC_PHYS_s17_T3_ctrl,42,100,45.333333333333336,0.3183247745037079,-0.7677318200214293
UBFC_PHYS_s17_T3_ctrl,42,101,45.36666666666667,-0.4213463366031647,-1.0359205314788318
UBFC_PHYS_s17_T3_ctrl,42,102,45.4,-1.055761456489563,-1.2714063649923346
UBFC_PHYS_s17_T3_ctrl,42,103,45.43333333333333,-1.5553408861160278,-1.4415454220598214
UBFC_PHYS_s17_T3_ctrl,42,104,45.46666666666667,-1.9480957984924316,-1.5231102040704982
UBFC_PHYS_s17_T3_ctrl,42,105,45.5,-2.2265114784240723,-1.5051849709968836
UBFC_PHYS_s17_T3_ctrl,42,106,45.53333333333333,-2.3122308254241943,-1.3901479027515966
UBFC_PHYS_s17_T3_ctrl,42,107,45.56666666666667,-2.241166591644287,-1.1923356427363347
UBFC_PHYS_s17_T3_ctrl,42,108,45.6,-2.199190616607666,-0.9343454915349082
UBFC_PHYS_s17_T3_ctrl,42,109,45.63333333333333,-2.32887601852417,-0.6416944417456666
UBFC_PHYS_s17_T3_ctrl,42,110,45.666666666666664,-2.5893821716308594,-0.3373509426515107
UBFC_PHYS_s17_T3_ctrl,42,111,45.7,-2.90468168258667,-0.037931716249254274
UBFC_PHYS_s17_T3_ctrl,42,112,45.733333333333334,-3.3201920986175537,0.24723274277509893
UBFC_PHYS_s17_T3_ctrl,42,113,45.766666666666666,-3.9020144939422607,0.5142098128753206
UBFC_PHYS_s17_T3_ctrl,42,114,45.8,-4.591012477874756,0.7610506670873908
UBFC_PHYS_s17_T3_ctrl,42,115,45.833333333333336,-5.19935941696167,0.9845484599510193
UBFC_PHYS_s17_T3_ctrl,42,116,45.86666666666667,-5.43870210647583,1.178172438365309
UBFC_PHYS_s17_T3_ctrl,42,117,45.9,-5.105223655700684,1.331327192263956
UBFC_PHYS_s17_T3_ctrl,42,118,45.93333333333333,-4.333924293518066,1.4299346289810484
UBFC_PHYS_s17_T3_ctrl,42,119,45.96666666666667,-3.454618215560913,1.4584860215166098
UBFC_PHYS_s17_T3_ctrl,42,120,46.0,-2.6277177333831787,1.4034688402500206
UBFC_PHYS_s17_T3_ctrl,42,121,46.03333333333333,-1.8548965454101562,1.257547835274199
UBFC_PHYS_s17_T3_ctrl,42,122,46.06666666666667,-1.2035903930664062,1.0234879707480393
UBFC_PHYS_s17_T3_ctrl,42,123,46.1,-0.7470521330833435,0.7166387574828114
UBFC_PHYS_s17_T3_ctrl,42,124,46.13333333333333,-0.37201932072639465,0.36488806608405827
UBFC_PHYS_s17_T3_ctrl,42,125,46.166666666666664,0.1247156485915184,0.005583611007477115
UBFC_PHYS_s17_T3_ctrl,42,126,46.2,0.7866270542144775,-0.32003989877374883
UBFC_PHYS_s17_T3_ctrl,42,127,46.233333333333334,1.4886298179626465,-0.5736577407094607
UBFC_PHYS_s17_T3_ctrl,42,128,46.266666666666666,2.117297649383545,-0.7266617333281205
UBFC_PHYS_s17_T3_ctrl,42,129,46.3,2.6316142082214355,-0.7659377566908645
UBFC_PHYS_s17_T3_ctrl,42,130,46.333333333333336,3.006319284439087,-0.6972813007395238
UBFC_PHYS_s17_T3_ctrl,42,131,46.36666666666667,3.2496886253356934,-0.5450041039438163
UBFC_PHYS_s17_T3_ctrl,42,132,46.4,3.451760768890381,-0.34715411463815576
UBFC_PHYS_s17_T3_ctrl,42,133,46.43333333333333,3.7067184448242188,-0.1473827926187287
UBFC_PHYS_s17_T3_ctrl,42,134,46.46666666666667,4.0021185874938965,0.014100473428969529
UBFC_PHYS_s17_T3_ctrl,42,135,46.5,4.260213375091553,0.10787207167208349
UBFC_PHYS_s17_T3_ctrl,42,136,46.53333333333333,4.458024978637695,0.11958547624732012
UBFC_PHYS_s17_T3_ctrl,42,137,46.56666666666667,4.618144512176514,0.05135585722282841
UBFC_PHYS_s17_T3_ctrl,42,138,46.6,4.698783874511719,-0.07909961767144555
UBFC_PHYS_s17_T3_ctrl,42,139,46.63333333333333,4.56737756729126,-0.241200443240472
UBFC_PHYS_s17_T3_ctrl,42,140,46.666666666666664,4.095926761627197,-0.3961035640709326
UBFC_PHYS_s17_T3_ctrl,42,141,46.7,3.3123481273651123,-0.50320160420742
UBFC_PHYS_s17_T3_ctrl,42,142,46.733333333333334,2.373870611190796,-0.5282348254522969
UBFC_PHYS_s17_T3_ctrl,42,143,46.766666666666666,1.359073281288147,-0.4519841272936658
UBFC_PHYS_s17_T3_ctrl,42,144,46.8,0.2757869362831116,-0.2775376548859968
UBFC_PHYS_s17_T3_ctrl,42,145,46.833333333333336,-0.7458230257034302,-0.03353817162162803
UBFC_PHYS_s17_T3_ctrl,42,146,46.86666666666667,-1.5378528833389282,0.22875752054962523
UBFC_PHYS_s17_T3_ctrl,42,147,46.9,-2.049769878387451,0.4451767516174293
UBFC_PHYS_s17_T3_ctrl,42,148,46.93333333333333,-2.269681215286255,0.5533583130878045
UBFC_PHYS_s17_T3_ctrl,42,149,46.96666666666667,-2.207724094390869,0.5088779524278666
UBFC_PHYS_s17_T3_ctrl,42,150,47.0,-2.0170412063598633,0.29854041778304496
UBFC_PHYS_s17_T3_ctrl,42,151,47.03333333333333,-1.8878241777420044,-0.0527323764060908
UBFC_PHYS_s17_T3_ctrl,42,152,47.06666666666667,-1.8141145706176758,-0.48355976410310897
UBFC_PHYS_s17_T3_ctrl,42,153,47.1,-1.7179889678955078,-0.9066262134890989
UBFC_PHYS_s17_T3_ctrl,42,154,47.13333333333333,-1.6365654468536377,-1.226429611485732
UBFC_PHYS_s17_T3_ctrl,42,155,47.166666666666664,-1.6240288019180298,-1.360790443204168
UBFC_PHYS_s17_T3_ctrl,42,156,47.2,-1.6735665798187256,-1.26132364093291
UBFC_PHYS_s17_T3_ctrl,42,157,47.233333333333334,-1.839187741279602,-0.9276518545498664
UBFC_PHYS_s17_T3_ctrl,42,158,47.266666666666666,-2.1891708374023438,-0.41097072126939965
UBFC_PHYS_s17_T3_ctrl,42,159,47.3,-2.6082279682159424,0.19530677835765814
UBFC_PHYS_s17_T3_ctrl,42,160,47.333333333333336,-2.9222867488861084,0.776847942865828
UBFC_PHYS_s17_T3_ctrl,42,161,47.36666666666667,-3.070232629776001,1.2265280690106501
UBFC_PHYS_s17_T3_ctrl,42,162,47.4,-3.043497323989868,1.4706418132847954
UBFC_PHYS_s17_T3_ctrl,42,163,47.43333333333333,-2.8813059329986572,1.484327776272441
UBFC_PHYS_s17_T3_ctrl,42,164,47.46666666666667,-2.706296682357788,1.2920581635430035
UBFC_PHYS_s17_T3_ctrl,42,165,47.5,-2.570828914642334,0.9554454384916398
UBFC_PHYS_s17_T3_ctrl,42,166,47.53333333333333,-2.3633837699890137,0.5545900944406913
UBFC_PHYS_s17_T3_ctrl,42,167,47.56666666666667,-1.9780502319335938,0.16956356129618783
UBFC_PHYS_s17_T3_ctrl,42,168,47.6,-1.4121590852737427,-0.13359320559147403
UBFC_PHYS_s17_T3_ctrl,42,169,47.63333333333333,-0.7264621257781982,-0.31105947891826974
UBFC_PHYS_s17_T3_ctrl,42,170,47.666666666666664,-0.02406136505305767,-0.3446504860153109
UBFC_PHYS_s17_T3_ctrl,42,171,47.7,0.5739964842796326,-0.24216914452910684
UBFC_PHYS_s17_T3_ctrl,42,172,47.733333333333334,1.0014699697494507,-0.03553378077930166
UBFC_PHYS_s17_T3_ctrl,42,173,47.766666666666666,1.286019206047058,0.22379936051029778
UBFC_PHYS_s17_T3_ctrl,42,174,47.8,1.5096763372421265,0.4730823546654762
UBFC_PHYS_s17_T3_ctrl,42,175,47.833333333333336,1.7334036827087402,0.6501392560719067
UBFC_PHYS_s17_T3_ctrl,42,176,47.86666666666667,1.9752278327941895,0.7066934394076788
UBFC_PHYS_s17_T3_ctrl,42,177,47.9,2.223735809326172,0.6193195182427952
UBFC_PHYS_s17_T3_ctrl,42,178,47.93333333333333,2.4298229217529297,0.3943374221939995
UBFC_PHYS_s17_T3_ctrl,42,179,47.96666666666667,2.523209571838379,0.06512172037019183
UBFC_PHYS_s17_T3_ctrl,42,180,48.0,2.5019288063049316,-0.3166511254334986
UBFC_PHYS_s17_T3_ctrl,42,181,48.03333333333333,2.4671401977539062,-0.6922670971098606
UBFC_PHYS_s17_T3_ctrl,42,182,48.06666666666667,2.451138734817505,-1.0063825549048828
UBFC_PHYS_s17_T3_ctrl,42,183,48.1,2.26218843460083,-1.2147963547502898
UBFC_PHYS_s17_T3_ctrl,42,184,48.13333333333333,1.6076748371124268,-1.2893104510309104
UBFC_PHYS_s17_T3_ctrl,42,185,48.166666666666664,0.37773022055625916,-1.2201518219136496
UBFC_PHYS_s17_T3_ctrl,42,186,48.2,-1.1349492073059082,-1.0164459530044685
UBFC_PHYS_s17_T3_ctrl,42,187,48.233333333333334,-2.3182122707366943,-0.7048161387414336
UBFC_PHYS_s17_T3_ctrl,42,188,48.266666666666666,-2.6920979022979736,-0.3258156423826863
UBFC_PHYS_s17_T3_ctrl,42,189,48.3,-2.301239252090454,0.07189389352273377
UBFC_PHYS_s17_T3_ctrl,42,190,48.333333333333336,-1.494624376296997,0.43883467966208173
UBFC_PHYS_s17_T3_ctrl,42,191,48.36666666666667,-0.6495218276977539,0.7318117971981782
UBFC_PHYS_s17_T3_ctrl,42,192,48.4,-0.17461761832237244,0.9190493037914816
UBFC_PHYS_s17_T3_ctrl,42,193,48.43333333333333,-0.25142917037010193,0.9824987425400703
UBFC_PHYS_s17_T3_ctrl,42,194,48.46666666666667,-0.6160440444946289,0.917880080844948
UBFC_PHYS_s17_T3_ctrl,42,195,48.5,-0.9621408581733704,0.7338353798748045
UBFC_PHYS_s17_T3_ctrl,42,196,48.53333333333333,-1.323969841003418,0.4511036978555496
UBFC_PHYS_s17_T3_ctrl,42,197,48.56666666666667,-1.7371859550476074,0.10151225657274811
UBFC_PHYS_s17_T3_ctrl,42,198,48.6,-1.9843828678131104,-0.274085508089673
UBFC_PHYS_s17_T3_ctrl,42,199,48.63333333333333,-1.953468680381775,-0.6295397950890632
UBFC_PHYS_s17_T3_ctrl,42,200,48.666666666666664,-1.8502963781356812,-0.9185424198150457
UBFC_PHYS_s17_T3_ctrl,42,201,48.7,-1.9590638875961304,-1.1003249242122761
UBFC_PHYS_s17_T3_ctrl,42,202,48.733333333333334,-2.3421618938446045,-1.145290468106786
UBFC_PHYS_s17_T3_ctrl,42,203,48.766666666666666,-2.6741886138916016,-1.0403061065604593
UBFC_PHYS_s17_T3_ctrl,42,204,48.8,-2.500420331954956,-0.7930574937284829
UBFC_PHYS_s17_T3_ctrl,42,205,48.833333333333336,-1.945696234703064,-0.4340494561592489
UBFC_PHYS_s17_T3_ctrl,42,206,48.86666666666667,-1.5431437492370605,-0.01431882999887926
UBFC_PHYS_s17_T3_ctrl,42,207,48.9,-1.334727168083191,0.4025396143902949
UBFC_PHYS_s17_T3_ctrl,42,208,48.93333333333333,-0.8965080380439758,0.7535416735448472
UBFC_PHYS_s17_T3_ctrl,42,209,48.96666666666667,-0.132828950881958,0.9913532403461902
UBFC_PHYS_s17_T3_ctrl,42,210,49.0,0.7283687591552734,1.0955590773831656
UBFC_PHYS_s17_T3_ctrl,42,211,49.03333333333333,1.5647156238555908,1.0750528036402491
UBFC_PHYS_s17_T3_ctrl,42,212,49.06666666666667,2.220013380050659,0.9605652489496226
UBFC_PHYS_s17_T3_ctrl,42,213,49.1,2.46744441986084,0.7912421436171884
UBFC_PHYS_s17_T3_ctrl,42,214,49.13333333333333,2.3691649436950684,0.6014748426839123
UBFC_PHYS_s17_T3_ctrl,42,215,49.166666666666664,2.247568130493164,0.41318368584209686
UBFC_PHYS_s17_T3_ctrl,42,216,49.2,2.272618055343628,0.23560856225777152
UBFC_PHYS_s17_T3_ctrl,42,217,49.233333333333334,2.3289449214935303,0.07094817518905538
UBFC_PHYS_s17_T3_ctrl,42,218,49.266666666666666,2.2548489570617676,-0.07844435861380539
UBFC_PHYS_s17_T3_ctrl,42,219,49.3,2.0196385383605957,-0.20574743895194397
UBFC_PHYS_s17_T3_ctrl,42,220,49.333333333333336,1.6776269674301147,-0.30022928221244183
UBFC_PHYS_s17_T3_ctrl,42,221,49.36666666666667,1.3031560182571411,-0.351481086585331
UBFC_PHYS_s17_T3_ctrl,42,222,49.4,0.9467232823371887,-0.35433074327380165
UBFC_PHYS_s17_T3_ctrl,42,223,49.43333333333333,0.5474952459335327,-0.3117144608985661
UBFC_PHYS_s17_T3_ctrl,42,224,49.46666666666667,-0.018185200169682503,-0.23449827146552368
UBFC_PHYS_s17_T3_ctrl,42,225,49.5,-0.7502126097679138,-0.13908787622155272
UBFC_PHYS_s17_T3_ctrl,42,226,49.53333333333333,-1.441973090171814,-0.04450210425138422
UBFC_PHYS_s17_T3_ctrl,42,227,49.56666666666667,-1.8067635297775269,0.029813004739520938
UBFC_PHYS_s17_T3_ctrl,42,228,49.6,-1.6992367506027222,0.06531336944087332
UBFC_PHYS_s17_T3_ctrl,42,229,49.63333333333333,-1.1747597455978394,0.0459194385194156
UBFC_PHYS_s17_T3_ctrl,42,230,49.666666666666664,-0.3477186858654022,-0.03867865016549181
UBFC_PHYS_s17_T3_ctrl,42,231,49.7,0.6222817301750183,-0.18759596426306133
UBFC_PHYS_s17_T3_ctrl,42,232,49.733333333333334,1.4529045820236206,-0.383238277382988
UBFC_PHYS_s17_T3_ctrl,42,233,49.766666666666666,1.9149327278137207,-0.5895152598778678
UBFC_PHYS_s17_T3_ctrl,42,234,49.8,2.0431315898895264,-0.7569570547794711
UBFC_PHYS_s17_T3_ctrl,42,235,49.833333333333336,1.9939683675765991,-0.8348642070856507
UBFC_PHYS_s17_T3_ctrl,42,236,49.86666666666667,1.8922709226608276,-0.7867798986386113
UBFC_PHYS_s17_T3_ctrl,42,237,49.9,1.8026885986328125,-0.6033073938018737
UBFC_PHYS_s17_T3_ctrl,42,238,49.93333333333333,1.6891685724258423,-0.30714982971178
UBFC_PHYS_s17_T3_ctrl,42,239,49.96666666666667,1.4716334342956543,0.05138620431397908
UBFC_PHYS_s17_T3_ctrl,43,0,43.0,0.6925498843193054,0.03815556253571367
UBFC_PHYS_s17_T3_ctrl,43,1,43.03333333333333,0.6179623603820801,0.08586168378383621
UBFC_PHYS_s17_T3_ctrl,43,2,43.06666666666667,0.5160659551620483,0.09889801120345389
UBFC_PHYS_s17_T3_ctrl,43,3,43.1,0.45639124512672424,0.061651642421312006
UBFC_PHYS_s17_T3_ctrl,43,4,43.13333333333333,0.4641168713569641,-0.01347219170096123
UBFC_PHYS_s17_T3_ctrl,43,5,43.166666666666664,0.4798022508621216,-0.08992936574783159
UBFC_PHYS_s17_T3_ctrl,43,6,43.2,0.4167095720767975,-0.12315074617223526
UBFC_PHYS_s17_T3_ctrl,43,7,43.233333333333334,0.24704992771148682,-0.08100837292216966
UBFC_PHYS_s17_T3_ctrl,43,8,43.266666666666666,0.0691964253783226,0.04060778498266795
UBFC_PHYS_s17_T3_ctrl,43,9,43.3,0.03376384824514389,0.21333841217913244
UBFC_PHYS_s17_T3_ctrl,43,10,43.333333333333336,0.1359529346227646,0.3845520547051886
UBFC_PHYS_s17_T3_ctrl,43,11,43.36666666666667,0.2478693127632141,0.494875207222095
UBFC_PHYS_s17_T3_ctrl,43,12,43.4,0.3094637095928192,0.4980165095093765
UBFC_PHYS_s17_T3_ctrl,43,13,43.43333333333333,0.32999515533447266,0.3750830949089423
UBFC_PHYS_s17_T3_ctrl,43,14,43.46666666666667,0.29235023260116577,0.1385752483884818
UBFC_PHYS_s17_T3_ctrl,43,15,43.5,0.20601041615009308,-0.1737110762121973
UBFC_PHYS_s17_T3_ctrl,43,16,43.53333333333333,0.14315183460712433,-0.5103575403331284
UBFC_PHYS_s17_T3_ctrl,43,17,43.56666666666667,0.12273742258548737,-0.8177265925731342
UBFC_PHYS_s17_T3_ctrl,43,18,43.6,0.09219774603843689,-1.0473134839726224
UBFC_PHYS_s17_T3_ctrl,43,19,43.63333333333333,0.029982969164848328,-1.1588571560088332
UBFC_PHYS_s17_T3_ctrl,43,20,43.666666666666664,-0.024354003369808197,-1.121705201597474
UBFC_PHYS_s17_T3_ctrl,43,21,43.7,-0.0507967472076416,-0.91757536431591
UBFC_PHYS_s17_T3_ctrl,43,22,43.733333333333334,-0.08814902603626251,-0.546421763544022
UBFC_PHYS_s17_T3_ctrl,43,23,43.766666666666666,-0.1588854193687439,-0.03407257874623523
UBFC_PHYS_s17_T3_ctrl,43,24,43.8,-0.21507185697555542,0.5629220156791628
UBFC_PHYS_s17_T3_ctrl,43,25,43.833333333333336,-0.24289585649967194,1.160742447252315
UBFC_PHYS_s17_T3_ctrl,43,26,43.86666666666667,-0.30768585205078125,1.6627418995835912
UBFC_PHYS_s17_T3_ctrl,43,27,43.9,-0.4447690546512604,1.9822091437813465
UBFC_PHYS_s17_T3_ctrl,43,28,43.93333333333333,-0.6004171967506409,2.065772716581823
UBFC_PHYS_s17_T3_ctrl,43,29,43.96666666666667,-0.6863590478897095,1.907953204825262
UBFC_PHYS_s17_T3_ctrl,43,30,44.0,-0.6255489587783813,1.5502165964613546
UBFC_PHYS_s17_T3_ctrl,43,31,44.03333333333333,-0.39960920810699463,1.0644813141389526
UBFC_PHYS_s17_T3_ctrl,43,32,44.06666666666667,-0.11085771024227142,0.5283224702438185
UBFC_PHYS_s17_T3_ctrl,43,33,44.1,0.12991289794445038,0.002820061632123251
UBFC_PHYS_s17_T3_ctrl,43,34,44.13333333333333,0.2869774103164673,-0.4782625584913868
UBFC_PHYS_s17_T3_ctrl,43,35,44.166666666666664,0.3436671793460846,-0.9054648113447221
UBFC_PHYS_s17_T3_ctrl,43,36,44.2,0.2772969603538513,-1.2805135237997536
UBFC_PHYS_s17_T3_ctrl,43,37,44.233333333333334,0.1420280933380127,-1.600570328149067
UBFC_PHYS_s17_T3_ctrl,43,38,44.266666666666666,0.049835510551929474,-1.8475892903973432
UBFC_PHYS_s17_T3_ctrl,43,39,44.3,0.026073329150676727,-1.9878001189617032
UBFC_PHYS_s17_T3_ctrl,43,40,44.333333333333336,0.015561782754957676,-1.981912677438592
UBFC_PHYS_s17_T3_ctrl,43,41,44.36666666666667,0.020302513614296913,-1.8021517418918975
UBFC_PHYS_s17_T3_ctrl,43,42,44.4,0.0779404416680336,-1.4491832535967484
UBFC_PHYS_s17_T3_ctrl,43,43,44.43333333333333,0.1450130045413971,-0.9614397904541919
UBFC_PHYS_s17_T3_ctrl,43,44,44.46666666666667,0.1323242336511612,-0.41165679852564535
UBFC_PHYS_s17_T3_ctrl,43,45,44.5,0.033939432352781296,0.10990009127669743
UBFC_PHYS_s17_T3_ctrl,43,46,44.53333333333333,-0.07730972766876221,0.5205088836579909
UBFC_PHYS_s17_T3_ctrl,43,47,44.56666666666667,-0.16775819659233093,0.7693802734217217
UBFC_PHYS_s17_T3_ctrl,43,48,44.6,-0.2702750265598297,0.8519874914175798
UBFC_PHYS_s17_T3_ctrl,43,49,44.63333333333333,-0.4206908345222473,0.808576241756195
UBFC_PHYS_s17_T3_ctrl,43,50,44.666666666666664,-0.6119705438613892,0.7073449284013853
UBFC_PHYS_s17_T3_ctrl,43,51,44.7,-0.7638378143310547,0.6188647621580738
UBFC_PHYS_s17_T3_ctrl,43,52,44.733333333333334,-0.7452728748321533,0.5915139748824259
UBFC_PHYS_s17_T3_ctrl,43,53,44.766666666666666,-0.49452918767929077,0.6369456565225134
UBFC_PHYS_s17_T3_ctrl,43,54,44.8,-0.09908197075128555,0.7304259185022596
UBFC_PHYS_s17_T3_ctrl,43,55,44.833333333333336,0.32505542039871216,0.8250113758792487
UBFC_PHYS_s17_T3_ctrl,43,56,44.86666666666667,0.7356261610984802,0.873230729867631
UBFC_PHYS_s17_T3_ctrl,43,57,44.9,1.1215333938598633,0.8471714633271548
UBFC_PHYS_s17_T3_ctrl,43,58,44.93333333333333,1.4665532112121582,0.748781062418244
UBFC_PHYS_s17_T3_ctrl,43,59,44.96666666666667,1.77786123752594,0.6066421341179499
UBFC_PHYS_s17_T3_ctrl,43,60,45.0,2.087027072906494,0.46170230242953036
UBFC_PHYS_s17_T3_ctrl,43,61,45.03333333333333,2.396169662475586,0.34911131146907637
UBFC_PHYS_s17_T3_ctrl,43,62,45.06666666666667,2.679501533508301,0.28402530601849807
UBFC_PHYS_s17_T3_ctrl,43,63,45.1,2.9382166862487793,0.2566237383686727
UBFC_PHYS_s17_T3_ctrl,43,64,45.13333333333333,3.159965753555298,0.2376132111284459
UBFC_PHYS_s17_T3_ctrl,43,65,45.166666666666664,3.24727725982666,0.19139910665042725
UBFC_PHYS_s17_T3_ctrl,43,66,45.2,3.071483850479126,0.09097361318079018
UBFC_PHYS_s17_T3_ctrl,43,67,45.233333333333334,2.592623233795166,-0.07198992958331535
UBFC_PHYS_s17_T3_ctrl,43,68,45.266666666666666,1.8931137323379517,-0.2856464749279827
UBFC_PHYS_s17_T3_ctrl,43,69,45.3,1.105836272239685,-0.5244438473808946
UBFC_PHYS_s17_T3_ctrl,43,70,45.333333333333336,0.3183247745037079,-0.7592072582253019
UBFC_PHYS_s17_T3_ctrl,43,71,45.36666666666667,-0.4213463366031647,-0.9656557680680697
UBFC_PHYS_s17_T3_ctrl,43,72,45.4,-1.055761456489563,-1.1284057357139063
UBFC_PHYS_s17_T3_ctrl,43,73,45.43333333333333,-1.5553408861160278,-1.240630241162756
UBFC_PHYS_s17_T3_ctrl,43,74,45.46666666666667,-1.9480957984924316,-1.3011973775669468
UBFC_PHYS_s17_T3_ctrl,43,75,45.5,-2.2265114784240723,-1.3112001835025338
UBFC_PHYS_s17_T3_ctrl,43,76,45.53333333333333,-2.3122308254241943,-1.2712660796338608
UBFC_PHYS_s17_T3_ctrl,43,77,45.56666666666667,-2.241166591644287,-1.180333094147484
UBFC_PHYS_s17_T3_ctrl,43,78,45.6,-2.199190616607666,-1.0358621995701818
UBFC_PHYS_s17_T3_ctrl,43,79,45.63333333333333,-2.32887601852417,-0.8349999042319506
UBFC_PHYS_s17_T3_ctrl,43,80,45.666666666666664,-2.5893821716308594,-0.576200472936258
UBFC_PHYS_s17_T3_ctrl,43,81,45.7,-2.90468168258667,-0.26116547712347205
UBFC_PHYS_s17_T3_ctrl,43,82,45.733333333333334,-3.3201920986175537,0.10274366700520746
UBFC_PHYS_s17_T3_ctrl,43,83,45.766666666666666,-3.9020144939422607,0.49982421121981313
UBFC_PHYS_s17_T3_ctrl,43,84,45.8,-4.591012477874756,0.9042876781442517
UBFC_PHYS_s17_T3_ctrl,43,85,45.833333333333336,-5.19935941696167,1.2811007206543945
UBFC_PHYS_s17_T3_ctrl,43,86,45.86666666666667,-5.43870210647583,1.5900963924629417
UBFC_PHYS_s17_T3_ctrl,43,87,45.9,-5.105223655700684,1.7926023948766763
UBFC_PHYS_s17_T3_ctrl,43,88,45.93333333333333,-4.333924293518066,1.8590885358167255
UBFC_PHYS_s17_T3_ctrl,43,89,45.96666666666667,-3.454618215560913,1.776085075200175
UBFC_PHYS_s17_T3_ctrl,43,90,46.0,-2.6277177333831787,1.5504058653247994
UBFC_PHYS_s17_T3_ctrl,43,91,46.03333333333333,-1.8548965454101562,1.2089924162541266
UBFC_PHYS_s17_T3_ctrl,43,92,46.06666666666667,-1.2035903930664062,0.7939717816010957
UBFC_PHYS_s17_T3_ctrl,43,93,46.1,-0.7470521330833435,0.35433725126443183
UBFC_PHYS_s17_T3_ctrl,43,94,46.13333333333333,-0.37201932072639465,-0.0629828472162829
UBFC_PHYS_s17_T3_ctrl,43,95,46.166666666666664,0.1247156485915184,-0.41991237467193654
UBFC_PHYS_s17_T3_ctrl,43,96,46.2,0.7866270542144775,-0.6906056855169533
UBFC_PHYS_s17_T3_ctrl,43,97,46.233333333333334,1.4886298179626465,-0.8620168401993926
UBFC_PHYS_s17_T3_ctrl,43,98,46.266666666666666,2.117297649383545,-0.933184286806788
UBFC_PHYS_s17_T3_ctrl,43,99,46.3,2.6316142082214355,-0.9143002837501115
UBFC_PHYS_s17_T3_ctrl,43,100,46.333333333333336,3.006319284439087,-0.8253573577706335
UBFC_PHYS_s17_T3_ctrl,43,101,46.36666666666667,3.2496886253356934,-0.6933653198052535
UBFC_PHYS_s17_T3_ctrl,43,102,46.4,3.451760768890381,-0.5476755602035531
UBFC_PHYS_s17_T3_ctrl,43,103,46.43333333333333,3.7067184448242188,-0.4142658277313638
UBFC_PHYS_s17_T3_ctrl,43,104,46.46666666666667,4.0021185874938965,-0.3107590097272861
UBFC_PHYS_s17_T3_ctrl,43,105,46.5,4.260213375091553,-0.24377312742197702
UBFC_PHYS_s17_T3_ctrl,43,106,46.53333333333333,4.458024978637695,-0.20906403568829346
UBFC_PHYS_s17_T3_ctrl,43,107,46.56666666666667,4.618144512176514,-0.1938490765410761
UBFC_PHYS_s17_T3_ctrl,43,108,46.6,4.698783874511719,-0.18048111568592043
UBFC_PHYS_s17_T3_ctrl,43,109,46.63333333333333,4.56737756729126,-0.15084355612137196
UBFC_PHYS_s17_T3_ctrl,43,110,46.666666666666664,4.095926761627197,-0.09076839558877285
UBFC_PHYS_s17_T3_ctrl,43,111,46.7,3.3123481273651123,0.006444866701269014
UBFC_PHYS_s17_T3_ctrl,43,112,46.733333333333334,2.373870611190796,0.13824210032194628
UBFC_PHYS_s17_T3_ctrl,43,113,46.766666666666666,1.359073281288147,0.292988265658459
UBFC_PHYS_s17_T3_ctrl,43,114,46.8,0.2757869362831116,0.45150322528518344
UBFC_PHYS_s17_T3_ctrl,43,115,46.833333333333336,-0.7458230257034302,0.5891069339778109
UBFC_PHYS_s17_T3_ctrl,43,116,46.86666666666667,-1.5378528833389282,0.6779997355142181
UBFC_PHYS_s17_T3_ctrl,43,117,46.9,-2.049769878387451,0.6905565380929153
UBFC_PHYS_s17_T3_ctrl,43,118,46.93333333333333,-2.269681215286255,0.6040292378912158
UBFC_PHYS_s17_T3_ctrl,43,119,46.96666666666667,-2.207724094390869,0.4064449106031405
UBFC_PHYS_s17_T3_ctrl,43,120,47.0,-2.0170412063598633,0.10274917949519449
UBFC_PHYS_s17_T3_ctrl,43,121,47.03333333333333,-1.8878241777420044,-0.2804436421862216
UBFC_PHYS_s17_T3_ctrl,43,122,47.06666666666667,-1.8141145706176758,-0.6937068718137509
UBFC_PHYS_s17_T3_ctrl,43,123,47.1,-1.7179889678955078,-1.069405994631259
UBFC_PHYS_s17_T3_ctrl,43,124,47.13333333333333,-1.6365654468536377,-1.3329702047294338
UBFC_PHYS_s17_T3_ctrl,43,125,47.166666666666664,-1.6240288019180298,-1.4194588742137222
UBFC_PHYS_s17_T3_ctrl,43,126,47.2,-1.6735665798187256,-1.291467066305507
UBFC_PHYS_s17_T3_ctrl,43,127,47.233333333333334,-1.839187741279602,-0.9528514089777055
UBFC_PHYS_s17_T3_ctrl,43,128,47.266666666666666,-2.1891708374023438,-0.4531733125295337
UBFC_PHYS_s17_T3_ctrl,43,129,47.3,-2.6082279682159424,0.12008174542689953
UBFC_PHYS_s17_T3_ctrl,43,130,47.333333333333336,-2.9222867488861084,0.6611297424060831
UBFC_PHYS_s17_T3_ctrl,43,131,47.36666666666667,-3.070232629776001,1.0726245000537273
UBFC_PHYS_s17_T3_ctrl,43,132,47.4,-3.043497323989868,1.2906516699297785
UBFC_PHYS_s17_T3_ctrl,43,133,47.43333333333333,-2.8813059329986572,1.2987625203722535
UBFC_PHYS_s17_T3_ctrl,43,134,47.46666666666667,-2.706296682357788,1.126892424603856
UBFC_PHYS_s17_T3_ctrl,43,135,47.5,-2.570828914642334,0.8377752620106765
UBFC_PHYS_s17_T3_ctrl,43,136,47.53333333333333,-2.3633837699890137,0.5073236237637145
UBFC_PHYS_s17_T3_ctrl,43,137,47.56666666666667,-1.9780502319335938,0.2056785111447497
UBFC_PHYS_s17_T3_ctrl,43,138,47.6,-1.4121590852737427,-0.016282106772450417
UBFC_PHYS_s17_T3_ctrl,43,139,47.63333333333333,-0.7264621257781982,-0.13303707152634747
UBFC_PHYS_s17_T3_ctrl,43,140,47.666666666666664,-0.02406136505305767,-0.14395695076009654
UBFC_PHYS_s17_T3_ctrl,43,141,47.7,0.5739964842796326,-0.06872505628919329
UBFC_PHYS_s17_T3_ctrl,43,142,47.733333333333334,1.0014699697494507,0.058966357221051056
UBFC_PHYS_s17_T3_ctrl,43,143,47.766666666666666,1.286019206047058,0.19815981926104553
UBFC_PHYS_s17_T3_ctrl,43,144,47.8,1.5096763372421265,0.3075927268864272
UBFC_PHYS_s17_T3_ctrl,43,145,47.833333333333336,1.7334036827087402,0.35286142187975306
UBFC_PHYS_s17_T3_ctrl,43,146,47.86666666666667,1.9752278327941895,0.3130490158269017
UBFC_PHYS_s17_T3_ctrl,43,147,47.9,2.223735809326172,0.1851769987357842
UBFC_PHYS_s17_T3_ctrl,43,148,47.93333333333333,2.4298229217529297,-0.015258614958120477
UBFC_PHYS_s17_T3_ctrl,43,149,47.96666666666667,2.523209571838379,-0.2582755432196694
UBFC_PHYS_s17_T3_ctrl,43,150,48.0,2.5019288063049316,-0.5066104207922947
UBFC_PHYS_s17_T3_ctrl,43,151,48.03333333333333,2.4671401977539062,-0.7234497046937974
UBFC_PHYS_s17_T3_ctrl,43,152,48.06666666666667,2.451138734817505,-0.8781974160239465
UBFC_PHYS_s17_T3_ctrl,43,153,48.1,2.26218843460083,-0.9493056108880698
UBFC_PHYS_s17_T3_ctrl,43,154,48.13333333333333,1.6076748371124268,-0.9249221137281595
UBFC_PHYS_s17_T3_ctrl,43,155,48.166666666666664,0.37773022055625916,-0.8029199730445455
UBFC_PHYS_s17_T3_ctrl,43,156,48.2,-1.1349492073059082,-0.5913066216394726
UBFC_PHYS_s17_T3_ctrl,43,157,48.233333333333334,-2.3182122707366943,-0.30873254791453697
UBFC_PHYS_s17_T3_ctrl,43,158,48.266666666666666,-2.6920979022979736,0.01608287427686112
UBFC_PHYS_s17_T3_ctrl,43,159,48.3,-2.301239252090454,0.3470527023519334
UBFC_PHYS_s17_T3_ctrl,43,160,48.333333333333336,-1.494624376296997,0.645499381038278
UBFC_PHYS_s17_T3_ctrl,43,161,48.36666666666667,-0.6495218276977539,0.8757708669327471
UBFC_PHYS_s17_T3_ctrl,43,162,48.4,-0.17461761832237244,1.0100752566623714
UBFC_PHYS_s17_T3_ctrl,43,163,48.43333333333333,-0.25142917037010193,1.0314726867785342
UBFC_PHYS_s17_T3_ctrl,43,164,48.46666666666667,-0.6160440444946289,0.9349767782827556
UBFC_PHYS_s17_T3_ctrl,43,165,48.5,-0.9621408581733704,0.7274073387465869
UBFC_PHYS_s17_T3_ctrl,43,166,48.53333333333333,-1.323969841003418,0.4265681003567493
UBFC_PHYS_s17_T3_ctrl,43,167,48.56666666666667,-1.7371859550476074,0.05989206796061292
UBFC_PHYS_s17_T3_ctrl,43,168,48.6,-1.9843828678131104,-0.33750803222620346
UBFC_PHYS_s17_T3_ctrl,43,169,48.63333333333333,-1.953468680381775,-0.7253370472497307
UBFC_PHYS_s17_T3_ctrl,43,170,48.666666666666664,-1.8502963781356812,-1.0609784224498169
UBFC_PHYS_s17_T3_ctrl,43,171,48.7,-1.9590638875961304,-1.3027428601042277
UBFC_PHYS_s17_T3_ctrl,43,172,48.733333333333334,-2.3421618938446045,-1.4140360402043648
UBFC_PHYS_s17_T3_ctrl,43,173,48.766666666666666,-2.6741886138916016,-1.369003630334821
UBFC_PHYS_s17_T3_ctrl,43,174,48.8,-2.500420331954956,-1.1592215621909632
UBFC_PHYS_s17_T3_ctrl,43,175,48.833333333333336,-1.945696234703064,-0.7995997663540307
UBFC_PHYS_s17_T3_ctrl,43,176,48.86666666666667,-1.5431437492370605,-0.33082675970583664
UBFC_PHYS_s17_T3_ctrl,43,177,48.9,-1.334727168083191,0.18420542702607123
UBFC_PHYS_s17_T3_ctrl,43,178,48.93333333333333,-0.8965080380439758,0.6712552875211423
UBFC_PHYS_s17_T3_ctrl,43,179,48.96666666666667,-0.132828950881958,1.0611653871369138
UBFC_PHYS_s17_T3_ctrl,43,180,49.0,0.7283687591552734,1.3064149296201997
UBFC_PHYS_s17_T3_ctrl,43,181,49.03333333333333,1.5647156238555908,1.3909752964426163
UBFC_PHYS_s17_T3_ctrl,43,182,49.06666666666667,2.220013380050659,1.3297210419879086
UBFC_PHYS_s17_T3_ctrl,43,183,49.1,2.46744441986084,1.1587840627662183
UBFC_PHYS_s17_T3_ctrl,43,184,49.13333333333333,2.3691649436950684,0.9218318372876373
UBFC_PHYS_s17_T3_ctrl,43,185,49.166666666666664,2.247568130493164,0.6579979383808714
UBFC_PHYS_s17_T3_ctrl,43,186,49.2,2.272618055343628,0.39549771512728144
UBFC_PHYS_s17_T3_ctrl,43,187,49.233333333333334,2.3289449214935303,0.15174819617035767
UBFC_PHYS_s17_T3_ctrl,43,188,49.266666666666666,2.2548489570617676,-0.06247220217070982
UBFC_PHYS_s17_T3_ctrl,43,189,49.3,2.0196385383605957,-0.23876518270530178
UBFC_PHYS_s17_T3_ctrl,43,190,49.333333333333336,1.6776269674301147,-0.36952747118811896
UBFC_PHYS_s17_T3_ctrl,43,191,49.36666666666667,1.3031560182571411,-0.44930748821811217
UBFC_PHYS_s17_T3_ctrl,43,192,49.4,0.9467232823371887,-0.4774632535298217
UBFC_PHYS_s17_T3_ctrl,43,193,49.43333333333333,0.5474952459335327,-0.46000798287914074
UBFC_PHYS_s17_T3_ctrl,43,194,49.46666666666667,-0.018185200169682503,-0.40932616761362944
UBFC_PHYS_s17_T3_ctrl,43,195,49.5,-0.7502126097679138,-0.34179472458228133
UBFC_PHYS_s17_T3_ctrl,43,196,49.53333333333333,-1.441973090171814,-0.27443340550276607
UBFC_PHYS_s17_T3_ctrl,43,197,49.56666666666667,-1.8067635297775269,-0.2220502298577988
UBFC_PHYS_s17_T3_ctrl,43,198,49.6,-1.6992367506027222,-0.19584753414061762
UBFC_PHYS_s17_T3_ctrl,43,199,49.63333333333333,-1.1747597455978394,-0.2033458828092119
UBFC_PHYS_s17_T3_ctrl,43,200,49.666666666666664,-0.3477186858654022,-0.24841635019900468
UBFC_PHYS_s17_T3_ctrl,43,201,49.7,0.6222817301750183,-0.3301885717670672
UBFC_PHYS_s17_T3_ctrl,43,202,49.733333333333334,1.4529045820236206,-0.44092653661607795
UBFC_PHYS_s17_T3_ctrl,43,203,49.766666666666666,1.9149327278137207,-0.5644499092553134
UBFC_PHYS_s17_T3_ctrl,43,204,49.8,2.0431315898895264,-0.6769559534952493
UBFC_PHYS_s17_T3_ctrl,43,205,49.833333333333336,1.9939683675765991,-0.7510012268556868
UBFC_PHYS_s17_T3_ctrl,43,206,49.86666666666667,1.8922709226608276,-0.7616949952223014
UBFC_PHYS_s17_T3_ctrl,43,207,49.9,1.8026885986328125,-0.6929058822866957
UBFC_PHYS_s17_T3_ctrl,43,208,49.93333333333333,1.6891685724258423,-0.5412186975736822
UBFC_PHYS_s17_T3_ctrl,43,209,49.96666666666667,1.4716334342956543,-0.31637179967496665
UBFC_PHYS_s17_T3_ctrl,43,210,50.0,1.0905957221984863,-0.03832164825036921
UBFC_PHYS_s17_T3_ctrl,43,211,50.03333333333333,0.46944287419319153,0.2677236670452861
UBFC_PHYS_s17_T3_ctrl,43,212,50.06666666666667,-0.39842694997787476,0.5764069513293969
UBFC_PHYS_s17_T3_ctrl,43,213,50.1,-1.3153077363967896,0.8657148158550476
UBFC_PHYS_s17_T3_ctrl,43,214,50.13333333333333,-1.9552595615386963,1.117857130182477
UBFC_PHYS_s17_T3_ctrl,43,215,50.166666666666664,-2.185659170150757,1.3177816240214768
UBFC_PHYS_s17_T3_ctrl,43,216,50.2,-2.16913104057312,1.450954542595522
UBFC_PHYS_s17_T3_ctrl,43,217,50.233333333333334,-2.0905869007110596,1.5026441647703126
UBFC_PHYS_s17_T3_ctrl,43,218,50.266666666666666,-1.9135295152664185,1.4601134762199492
UBFC_PHYS_s17_T3_ctrl,43,219,50.3,-1.493348479270935,1.3171754264525863
UBFC_PHYS_s17_T3_ctrl,43,220,50.333333333333336,-0.8557962775230408,1.0786261796420906
UBFC_PHYS_s17_T3_ctrl,43,221,50.36666666666667,-0.21675744652748108,0.7616430641354925
UBFC_PHYS_s17_T3_ctrl,43,222,50.4,0.22290146350860596,0.3929290644657081
UBFC_PHYS_s17_T3_ctrl,43,223,50.43333333333333,0.4139938950538635,0.003001381489510703
UBFC_PHYS_s17_T3_ctrl,43,224,50.46666666666667,0.42742010951042175,-0.37928074856043664
UBFC_PHYS_s17_T3_ctrl,43,225,50.5,0.4323364198207855,-0.7291289998103214
UBFC_PHYS_s17_T3_ctrl,43,226,50.53333333333333,0.6090076565742493,-1.024446140079733
UBFC_PHYS_s17_T3_ctrl,43,227,50.56666666666667,0.9259928464889526,-1.2424338478905417
UBFC_PHYS_s17_T3_ctrl,43,228,50.6,1.2181740999221802,-1.3574072856080626
UBFC_PHYS_s17_T3_ctrl,43,229,50.63333333333333,1.423816442489624,-1.3428955858490104
UBFC_PHYS_s17_T3_ctrl,43,230,50.666666666666664,1.586089849472046,-1.1794823838985846
UBFC_PHYS_s17_T3_ctrl,43,231,50.7,1.6900699138641357,-0.8668787021056843
UBFC_PHYS_s17_T3_ctrl,43,232,50.733333333333334,1.6879395246505737,-0.4353443775429718
UBFC_PHYS_s17_T3_ctrl,43,233,50.766666666666666,1.626684546470642,0.050067634067264145
UBFC_PHYS_s17_T3_ctrl,43,234,50.8,1.5882320404052734,0.49727114012229984
UBFC_PHYS_s17_T3_ctrl,43,235,50.833333333333336,1.5513830184936523,0.8073175516814635
UBFC_PHYS_s17_T3_ctrl,43,236,50.86666666666667,1.4340704679489136,0.9021367706261767
UBFC_PHYS_s17_T3_ctrl,43,237,50.9,1.2230552434921265,0.7507767691111681
UBFC_PHYS_s17_T3_ctrl,43,238,50.93333333333333,1.0573052167892456,0.38374124854971775
UBFC_PHYS_s17_T3_ctrl,43,239,50.96666666666667,1.1262272596359253,-0.11154332164550021
UBFC_PHYS_s17_T3_ctrl,44,0,44.0,-0.6255489587783813,-0.06401020894468323
UBFC_PHYS_s17_T3_ctrl,44,1,44.03333333333333,-0.39960920810699463,-0.044280011666443755
UBFC_PHYS_s17_T3_ctrl,44,2,44.06666666666667,-0.11085771024227142,-0.08063945314060013
UBFC_PHYS_s17_T3_ctrl,44,3,44.1,0.12991289794445038,-0.21552713437179585
UBFC_PHYS_s17_T3_ctrl,44,4,44.13333333333333,0.2869774103164673,-0.4663299575347442
UBFC_PHYS_s17_T3_ctrl,44,5,44.166666666666664,0.3436671793460846,-0.8205273601135203
UBFC_PHYS_s17_T3_ctrl,44,6,44.2,0.2772969603538513,-1.2374123648939546
UBFC_PHYS_s17_T3_ctrl,44,7,44.233333333333334,0.1420280933380127,-1.6551649965020852
UBFC_PHYS_s17_T3_ctrl,44,8,44.266666666666666,0.049835510551929474,-2.001257619781947
UBFC_PHYS_s17_T3_ctrl,44,9,44.3,0.026073329150676727,-2.204571893250555
UBFC_PHYS_s17_T3_ctrl,44,10,44.333333333333336,0.015561782754957676,-2.2084729481423166
UBFC_PHYS_s17_T3_ctrl,44,11,44.36666666666667,0.020302513614296913,-1.9839814590077969
UBFC_PHYS_s17_T3_ctrl,44,12,44.4,0.0779404416680336,-1.540534462605296
UBFC_PHYS_s17_T3_ctrl,44,13,44.43333333333333,0.1450130045413971,-0.9301238336129096
UBFC_PHYS_s17_T3_ctrl,44,14,44.46666666666667,0.1323242336511612,-0.24087766651669115
UBFC_PHYS_s17_T3_ctrl,44,15,44.5,0.033939432352781296,0.42085068103602463
UBFC_PHYS_s17_T3_ctrl,44,16,44.53333333333333,-0.07730972766876221,0.9560433763724209
UBFC_PHYS_s17_T3_ctrl,44,17,44.56666666666667,-0.16775819659233093,1.2982711705240406
UBFC_PHYS_s17_T3_ctrl,44,18,44.6,-0.2702750265598297,1.4296702411657705
UBFC_PHYS_s17_T3_ctrl,44,19,44.63333333333333,-0.4206908345222473,1.3816237213930251
UBFC_PHYS_s17_T3_ctrl,44,20,44.666666666666664,-0.6119705438613892,1.219972262412647
UBFC_PHYS_s17_T3_ctrl,44,21,44.7,-0.7638378143310547,1.020555834086394
UBFC_PHYS_s17_T3_ctrl,44,22,44.733333333333334,-0.7452728748321533,0.8442462592383722
UBFC_PHYS_s17_T3_ctrl,44,23,44.766666666666666,-0.49452918767929077,0.7202970505345726
UBFC_PHYS_s17_T3_ctrl,44,24,44.8,-0.09908197075128555,0.6432935978461538
UBFC_PHYS_s17_T3_ctrl,44,25,44.833333333333336,0.32505542039871216,0.5837292083536996
UBFC_PHYS_s17_T3_ctrl,44,26,44.86666666666667,0.7356261610984802,0.5071685653244178
UBFC_PHYS_s17_T3_ctrl,44,27,44.9,1.1215333938598633,0.3937881946570719
UBFC_PHYS_s17_T3_ctrl,44,28,44.93333333333333,1.4665532112121582,0.2499877600428897
UBFC_PHYS_s17_T3_ctrl,44,29,44.96666666666667,1.77786123752594,0.1071662322144192
UBFC_PHYS_s17_T3_ctrl,44,30,45.0,2.087027072906494,0.008559643611711267
UBFC_PHYS_s17_T3_ctrl,44,31,45.03333333333333,2.396169662475586,-0.009710829489328008
UBFC_PHYS_s17_T3_ctrl,44,32,45.06666666666667,2.679501533508301,0.06479333930789175
UBFC_PHYS_s17_T3_ctrl,44,33,45.1,2.9382166862487793,0.2132668549191704
UBFC_PHYS_s17_T3_ctrl,44,34,45.13333333333333,3.159965753555298,0.38982304817807034
UBFC_PHYS_s17_T3_ctrl,44,35,45.166666666666664,3.24727725982666,0.5354495826146098
UBFC_PHYS_s17_T3_ctrl,44,36,45.2,3.071483850479126,0.5961268973199302
UBFC_PHYS_s17_T3_ctrl,44,37,45.233333333333334,2.592623233795166,0.5382270441301591
UBFC_PHYS_s17_T3_ctrl,44,38,45.266666666666666,1.8931137323379517,0.35604841354553884
UBFC_PHYS_s17_T3_ctrl,44,39,45.3,1.105836272239685,0.07010813579268087
UBFC_PHYS_s17_T3_ctrl,44,40,45.333333333333336,0.3183247745037079,-0.2813061064066501
UBFC_PHYS_s17_T3_ctrl,44,41,45.36666666666667,-0.4213463366031647,-0.6528782191338738
UBFC_PHYS_s17_T3_ctrl,44,42,45.4,-1.055761456489563,-1.0016071966096882
UBFC_PHYS_s17_T3_ctrl,44,43,45.43333333333333,-1.5553408861160278,-1.2930438268856985
UBFC_PHYS_s17_T3_ctrl,44,44,45.46666666666667,-1.9480957984924316,-1.504125088475615
UBFC_PHYS_s17_T3_ctrl,44,45,45.5,-2.2265114784240723,-1.6229463430892104
UBFC_PHYS_s17_T3_ctrl,44,46,45.53333333333333,-2.3122308254241943,-1.6462535567238075
UBFC_PHYS_s17_T3_ctrl,44,47,45.56666666666667,-2.241166591644287,-1.5759090609861288
UBFC_PHYS_s17_T3_ctrl,44,48,45.6,-2.199190616607666,-1.4158995439193331
UBFC_PHYS_s17_T3_ctrl,44,49,45.63333333333333,-2.32887601852417,-1.1711897724178089
UBFC_PHYS_s17_T3_ctrl,44,50,45.666666666666664,-2.5893821716308594,-0.8487534277732459
UBFC_PHYS_s17_T3_ctrl,44,51,45.7,-2.90468168258667,-0.4600503061008967
UBFC_PHYS_s17_T3_ctrl,44,52,45.733333333333334,-3.3201920986175537,-0.02368733669505433
UBFC_PHYS_s17_T3_ctrl,44,53,45.766666666666666,-3.9020144939422607,0.43310767360265423
UBFC_PHYS_s17_T3_ctrl,44,54,45.8,-4.591012477874756,0.875448116571228
UBFC_PHYS_s17_T3_ctrl,44,55,45.833333333333336,-5.19935941696167,1.2647204876208873
UBFC_PHYS_s17_T3_ctrl,44,56,45.86666666666667,-5.43870210647583,1.5646417472291319
UBFC_PHYS_s17_T3_ctrl,44,57,45.9,-5.105223655700684,1.747527929245694
UBFC_PHYS_s17_T3_ctrl,44,58,45.93333333333333,-4.333924293518066,1.7989227984049483
UBFC_PHYS_s17_T3_ctrl,44,59,45.96666666666667,-3.454618215560913,1.719457041892571
UBFC_PHYS_s17_T3_ctrl,44,60,46.0,-2.6277177333831787,1.5235053663863272
UBFC_PHYS_s17_T3_ctrl,44,61,46.03333333333333,-1.8548965454101562,1.2351109056318987
UBFC_PHYS_s17_T3_ctrl,44,62,46.06666666666667,-1.2035903930664062,0.8828639964206344
UBFC_PHYS_s17_T3_ctrl,44,63,46.1,-0.7470521330833435,0.4959534549183324
UBFC_PHYS_s17_T3_ctrl,44,64,46.13333333333333,-0.37201932072639465,0.10266766976023198
UBFC_PHYS_s17_T3_ctrl,44,65,46.166666666666664,0.1247156485915184,-0.26906494270158166
UBFC_PHYS_s17_T3_ctrl,44,66,46.2,0.7866270542144775,-0.590744267942288
UBFC_PHYS_s17_T3_ctrl,44,67,46.233333333333334,1.4886298179626465,-0.8339469971592531
UBFC_PHYS_s17_T3_ctrl,44,68,46.266666666666666,2.117297649383545,-0.973897316291231
UBFC_PHYS_s17_T3_ctrl,44,69,46.3,2.6316142082214355,-0.9956760428029487
UBFC_PHYS_s17_T3_ctrl,44,70,46.333333333333336,3.006319284439087,-0.9007048462551971
UBFC_PHYS_s17_T3_ctrl,44,71,46.36666666666667,3.2496886253356934,-0.7101260454205308
UBFC_PHYS_s17_T3_ctrl,44,72,46.4,3.451760768890381,-0.4627674342622698
UBFC_PHYS_s17_T3_ctrl,44,73,46.43333333333333,3.7067184448242188,-0.20773253847586093
UBFC_PHYS_s17_T3_ctrl,44,74,46.46666666666667,4.0021185874938965,0.006241704541989955
UBFC_PHYS_s17_T3_ctrl,44,75,46.5,4.260213375091553,0.14158481872096665
UBFC_PHYS_s17_T3_ctrl,44,76,46.53333333333333,4.458024978637695,0.18008709140263776
UBFC_PHYS_s17_T3_ctrl,44,77,46.56666666666667,4.618144512176514,0.12659971630815461
UBFC_PHYS_s17_T3_ctrl,44,78,46.6,4.698783874511719,0.007248926656111232
UBFC_PHYS_s17_T3_ctrl,44,79,46.63333333333333,4.56737756729126,-0.13755487369342756
UBFC_PHYS_s17_T3_ctrl,44,80,46.666666666666664,4.095926761627197,-0.2632841125159295
UBFC_PHYS_s17_T3_ctrl,44,81,46.7,3.3123481273651123,-0.3315997190704211
UBFC_PHYS_s17_T3_ctrl,44,82,46.733333333333334,2.373870611190796,-0.31840818693496487
UBFC_PHYS_s17_T3_ctrl,44,83,46.766666666666666,1.359073281288147,-0.2186779237932415
UBFC_PHYS_s17_T3_ctrl,44,84,46.8,0.2757869362831116,-0.04783444643115394
UBFC_PHYS_s17_T3_ctrl,44,85,46.833333333333336,-0.7458230257034302,0.16041268259766345
UBFC_PHYS_s17_T3_ctrl,44,86,46.86666666666667,-1.5378528833389282,0.36006932996867663
UBFC_PHYS_s17_T3_ctrl,44,87,46.9,-2.049769878387451,0.5024000178489916
UBFC_PHYS_s17_T3_ctrl,44,88,46.93333333333333,-2.269681215286255,0.5473680472453017
UBFC_PHYS_s17_T3_ctrl,44,89,46.96666666666667,-2.207724094390869,0.47411453166391265
UBFC_PHYS_s17_T3_ctrl,44,90,47.0,-2.0170412063598633,0.28756351629737736
UBFC_PHYS_s17_T3_ctrl,44,91,47.03333333333333,-1.8878241777420044,0.01921054554529225
UBFC_PHYS_s17_T3_ctrl,44,92,47.06666666666667,-1.8141145706176758,-0.27847110814035664
UBFC_PHYS_s17_T3_ctrl,44,93,47.1,-1.7179889678955078,-0.5431097522100748
UBFC_PHYS_s17_T3_ctrl,44,94,47.13333333333333,-1.6365654468536377,-0.7167159622486701
UBFC_PHYS_s17_T3_ctrl,44,95,47.166666666666664,-1.6240288019180298,-0.7598028726058543
UBFC_PHYS_s17_T3_ctrl,44,96,47.2,-1.6735665798187256,-0.6615938111176995
UBFC_PHYS_s17_T3_ctrl,44,97,47.233333333333334,-1.839187741279602,-0.4433304883215303
UBFC_PHYS_s17_T3_ctrl,44,98,47.266666666666666,-2.1891708374023438,-0.15361236163873385
UBFC_PHYS_s17_T3_ctrl,44,99,47.3,-2.6082279682159424,0.1431623082796042
UBFC_PHYS_s17_T3_ctrl,44,100,47.333333333333336,-2.9222867488861084,0.38261555918857215
UBFC_PHYS_s17_T3_ctrl,44,101,47.36666666666667,-3.070232629776001,0.5165351221744994
UBFC_PHYS_s17_T3_ctrl,44,102,47.4,-3.043497323989868,0.5244610730267767
UBFC_PHYS_s17_T3_ctrl,44,103,47.43333333333333,-2.8813059329986572,0.416895384270365
UBFC_PHYS_s17_T3_ctrl,44,104,47.46666666666667,-2.706296682357788,0.22998335499366473
UBFC_PHYS_s17_T3_ctrl,44,105,47.5,-2.570828914642334,0.014929699393525633
UBFC_PHYS_s17_T3_ctrl,44,106,47.53333333333333,-2.3633837699890137,-0.17407106737104705
UBFC_PHYS_s17_T3_ctrl,44,107,47.56666666666667,-1.9780502319335938,-0.29086280435695444
UBFC_PHYS_s17_T3_ctrl,44,108,47.6,-1.4121590852737427,-0.30569481436763846
UBFC_PHYS_s17_T3_ctrl,44,109,47.63333333333333,-0.7264621257781982,-0.2098755244173742
UBFC_PHYS_s17_T3_ctrl,44,110,47.666666666666664,-0.02406136505305767,-0.016544854661618154
UBFC_PHYS_s17_T3_ctrl,44,111,47.7,0.5739964842796326,0.2418804948771844
UBFC_PHYS_s17_T3_ctrl,44,112,47.733333333333334,1.0014699697494507,0.5190340717043119
UBFC_PHYS_s17_T3_ctrl,44,113,47.766666666666666,1.286019206047058,0.7623922389745765
UBFC_PHYS_s17_T3_ctrl,44,114,47.8,1.5096763372421265,0.9229658007608889
UBFC_PHYS_s17_T3_ctrl,44,115,47.833333333333336,1.7334036827087402,0.9653881702444017
UBFC_PHYS_s17_T3_ctrl,44,116,47.86666666666667,1.9752278327941895,0.8758176928784672
UBFC_PHYS_s17_T3_ctrl,44,117,47.9,2.223735809326172,0.6648879685402219
UBFC_PHYS_s17_T3_ctrl,44,118,47.93333333333333,2.4298229217529297,0.3643287121846522
UBFC_PHYS_s17_T3_ctrl,44,119,47.96666666666667,2.523209571838379,0.018368752563744383
UBFC_PHYS_s17_T3_ctrl,44,120,48.0,2.5019288063049316,-0.32669361849365103
UBFC_PHYS_s17_T3_ctrl,44,121,48.03333333333333,2.4671401977539062,-0.6308374044553043
UBFC_PHYS_s17_T3_ctrl,44,122,48.06666666666667,2.451138734817505,-0.8643871899133488
UBFC_PHYS_s17_T3_ctrl,44,123,48.1,2.26218843460083,-1.0081758729705337
UBFC_PHYS_s17_T3_ctrl,44,124,48.13333333333333,1.6076748371124268,-1.0518010153832302
UBFC_PHYS_s17_T3_ctrl,44,125,48.166666666666664,0.37773022055625916,-0.9921047069471628
UBFC_PHYS_s17_T3_ctrl,44,126,48.2,-1.1349492073059082,-0.833045601592412
UBFC_PHYS_s17_T3_ctrl,44,127,48.233333333333334,-2.3182122707366943,-0.5868127897121803
UBFC_PHYS_s17_T3_ctrl,44,128,48.266666666666666,-2.6920979022979736,-0.27507273870841703
UBFC_PHYS_s17_T3_ctrl,44,129,48.3,-2.301239252090454,0.07095138089332084
UBFC_PHYS_s17_T3_ctrl,44,130,48.333333333333336,-1.494624376296997,0.4123510298771518
UBFC_PHYS_s17_T3_ctrl,44,131,48.36666666666667,-0.6495218276977539,0.7064190622007004
UBFC_PHYS_s17_T3_ctrl,44,132,48.4,-0.17461761832237244,0.9121329200782426
UBFC_PHYS_s17_T3_ctrl,44,133,48.43333333333333,-0.25142917037010193,0.9964642425908049
UBFC_PHYS_s17_T3_ctrl,44,134,48.46666666666667,-0.6160440444946289,0.9403453613730574
UBFC_PHYS_s17_T3_ctrl,44,135,48.5,-0.9621408581733704,0.7428970314696132
UBFC_PHYS_s17_T3_ctrl,44,136,48.53333333333333,-1.323969841003418,0.4227666101608583
UBFC_PHYS_s17_T3_ctrl,44,137,48.56666666666667,-1.7371859550476074,0.01612269760224972
UBFC_PHYS_s17_T3_ctrl,44,138,48.6,-1.9843828678131104,-0.4282422208757249
UBFC_PHYS_s17_T3_ctrl,44,139,48.63333333333333,-1.953468680381775,-0.855444191361771
UBFC_PHYS_s17_T3_ctrl,44,140,48.666666666666664,-1.8502963781356812,-1.211084681202796
UBFC_PHYS_s17_T3_ctrl,44,141,48.7,-1.9590638875961304,-1.4468048757112486
UBFC_PHYS_s17_T3_ctrl,44,142,48.733333333333334,-2.3421618938446045,-1.5249610810879097
UBFC_PHYS_s17_T3_ctrl,44,143,48.766666666666666,-2.6741886138916016,-1.4233654898738608
UBFC_PHYS_s17_T3_ctrl,44,144,48.8,-2.500420331954956,-1.1405115916944644
UBFC_PHYS_s17_T3_ctrl,44,145,48.833333333333336,-1.945696234703064,-0.7001732711368047
UBFC_PHYS_s17_T3_ctrl,44,146,48.86666666666667,-1.5431437492370605,-0.1528167365851962
UBFC_PHYS_s17_T3_ctrl,44,147,48.9,-1.334727168083191,0.42902655099796266
UBFC_PHYS_s17_T3_ctrl,44,148,48.93333333333333,-0.8965080380439758,0.9627453848558813
UBFC_PHYS_s17_T3_ctrl,44,149,48.96666666666667,-0.132828950881958,1.3730246997685582
UBFC_PHYS_s17_T3_ctrl,44,150,49.0,0.7283687591552734,1.6090112069128182
UBFC_PHYS_s17_T3_ctrl,44,151,49.03333333333333,1.5647156238555908,1.654524316351979
UBFC_PHYS_s17_T3_ctrl,44,152,49.06666666666667,2.220013380050659,1.5274868739906737
UBFC_PHYS_s17_T3_ctrl,44,153,49.1,2.46744441986084,1.269745310889792
UBFC_PHYS_s17_T3_ctrl,44,154,49.13333333333333,2.3691649436950684,0.9323229186526226
UBFC_PHYS_s17_T3_ctrl,44,155,49.166666666666664,2.247568130493164,0.5622547445892284
UBFC_PHYS_s17_T3_ctrl,44,156,49.2,2.272618055343628,0.19544599204617577
UBFC_PHYS_s17_T3_ctrl,44,157,49.233333333333334,2.3289449214935303,-0.14344273815547273
UBFC_PHYS_s17_T3_ctrl,44,158,49.266666666666666,2.2548489570617676,-0.4365178247593705
UBFC_PHYS_s17_T3_ctrl,44,159,49.3,2.0196385383605957,-0.6676818601850214
UBFC_PHYS_s17_T3_ctrl,44,160,49.333333333333336,1.6776269674301147,-0.8204399837112116
UBFC_PHYS_s17_T3_ctrl,44,161,49.36666666666667,1.3031560182571411,-0.8794872935045468
UBFC_PHYS_s17_T3_ctrl,44,162,49.4,0.9467232823371887,-0.8350070515678937
UBFC_PHYS_s17_T3_ctrl,44,163,49.43333333333333,0.5474952459335327,-0.6875832781908223
UBFC_PHYS_s17_T3_ctrl,44,164,49.46666666666667,-0.018185200169682503,-0.451710320716533
UBFC_PHYS_s17_T3_ctrl,44,165,49.5,-0.7502126097679138,-0.15660821893969654
UBFC_PHYS_s17_T3_ctrl,44,166,49.53333333333333,-1.441973090171814,0.15610790703759764
UBFC_PHYS_s17_T3_ctrl,44,167,49.56666666666667,-1.8067635297775269,0.43761117277893724
UBFC_PHYS_s17_T3_ctrl,44,168,49.6,-1.6992367506027222,0.6390220226851173
UBFC_PHYS_s17_T3_ctrl,44,169,49.63333333333333,-1.1747597455978394,0.7194228750487548
UBFC_PHYS_s17_T3_ctrl,44,170,49.666666666666664,-0.3477186858654022,0.6536836142954009
UBFC_PHYS_s17_T3_ctrl,44,171,49.7,0.6222817301750183,0.43897861789439013
UBFC_PHYS_s17_T3_ctrl,44,172,49.733333333333334,1.4529045820236206,0.09842437915911409
UBFC_PHYS_s17_T3_ctrl,44,173,49.766666666666666,1.9149327278137207,-0.31997717035168344
UBFC_PHYS_s17_T3_ctrl,44,174,49.8,2.0431315898895264,-0.7501890250918312
UBFC_PHYS_s17_T3_ctrl,44,175,49.833333333333336,1.9939683675765991,-1.1200516411795935
UBFC_PHYS_s17_T3_ctrl,44,176,49.86666666666667,1.8922709226608276,-1.3653119226661758
UBFC_PHYS_s17_T3_ctrl,44,177,49.9,1.8026885986328125,-1.4417857611966816
UBFC_PHYS_s17_T3_ctrl,44,178,49.93333333333333,1.6891685724258423,-1.3326947723238092
UBFC_PHYS_s17_T3_ctrl,44,179,49.96666666666667,1.4716334342956543,-1.0502253459524353
UBFC_PHYS_s17_T3_ctrl,44,180,50.0,1.0905957221984863,-0.6318616407108375
UBFC_PHYS_s17_T3_ctrl,44,181,50.03333333333333,0.46944287419319153,-0.13279417870411594
UBFC_PHYS_s17_T3_ctrl,44,182,50.06666666666667,-0.39842694997787476,0.3838850022966477
UBFC_PHYS_s17_T3_ctrl,44,183,50.1,-1.3153077363967896,0.8571940616361887
UBFC_PHYS_s17_T3_ctrl,44,184,50.13333333333333,-1.9552595615386963,1.2364254569326356
UBFC_PHYS_s17_T3_ctrl,44,185,50.166666666666664,-2.185659170150757,1.486065684617663
UBFC_PHYS_s17_T3_ctrl,44,186,50.2,-2.16913104057312,1.5874665959186895
UBFC_PHYS_s17_T3_ctrl,44,187,50.233333333333334,-2.0905869007110596,1.5383825843181935
UBFC_PHYS_s17_T3_ctrl,44,188,50.266666666666666,-1.9135295152664185,1.3514483423895098
UBFC_PHYS_s17_T3_ctrl,44,189,50.3,-1.493348479270935,1.0518401051739446
UBFC_PHYS_s17_T3_ctrl,44,190,50.333333333333336,-0.8557962775230408,0.6737164157659821
UBFC_PHYS_s17_T3_ctrl,44,191,50.36666666666667,-0.21675744652748108,0.2552846315756692
UBFC_PHYS_s17_T3_ctrl,44,192,50.4,0.22290146350860596,-0.1665804419818919
UBFC_PHYS_s17_T3_ctrl,44,193,50.43333333333333,0.4139938950538635,-0.5603701623635859
UBFC_PHYS_s17_T3_ctrl,44,194,50.46666666666667,0.42742010951042175,-0.9011494379366615
UBFC_PHYS_s17_T3_ctrl,44,195,50.5,0.4323364198207855,-1.1688411939567274
UBFC_PHYS_s17_T3_ctrl,44,196,50.53333333333333,0.6090076565742493,-1.3450774730299324
UBFC_PHYS_s17_T3_ctrl,44,197,50.56666666666667,0.9259928464889526,-1.4109320625724457
UBFC_PHYS_s17_T3_ctrl,44,198,50.6,1.2181740999221802,-1.347475110847695
UBFC_PHYS_s17_T3_ctrl,44,199,50.63333333333333,1.423816442489624,-1.1400409770367832
UBFC_PHYS_s17_T3_ctrl,44,200,50.666666666666664,1.586089849472046,-0.78590571405577
UBFC_PHYS_s17_T3_ctrl,44,201,50.7,1.6900699138641357,-0.30337915926865394
UBFC_PHYS_s17_T3_ctrl,44,202,50.733333333333334,1.6879395246505737,0.2617460172817721
UBFC_PHYS_s17_T3_ctrl,44,203,50.766666666666666,1.626684546470642,0.8371256040914533
UBFC_PHYS_s17_T3_ctrl,44,204,50.8,1.5882320404052734,1.3347552184930576
UBFC_PHYS_s17_T3_ctrl,44,205,50.833333333333336,1.5513830184936523,1.67018350565161
UBFC_PHYS_s17_T3_ctrl,44,206,50.86666666666667,1.4340704679489136,1.7842219359395652
UBFC_PHYS_s17_T3_ctrl,44,207,50.9,1.2230552434921265,1.6591849465230046
UBFC_PHYS_s17_T3_ctrl,44,208,50.93333333333333,1.0573052167892456,1.322931697028027
UBFC_PHYS_s17_T3_ctrl,44,209,50.96666666666667,1.1262272596359253,0.8387620756439467
UBFC_PHYS_s17_T3_ctrl,44,210,51.0,1.4136677980422974,0.28571846123627664
UBFC_PHYS_s17_T3_ctrl,44,211,51.03333333333333,1.677076816558838,-0.26192336014374673
UBFC_PHYS_s17_T3_ctrl,44,212,51.06666666666667,1.7638497352600098,-0.7480564533060876
UBFC_PHYS_s17_T3_ctrl,44,213,51.1,1.6767607927322388,-1.137805142416365
UBFC_PHYS_s17_T3_ctrl,44,214,51.13333333333333,1.3934640884399414,-1.4122498144939484
UBFC_PHYS_s17_T3_ctrl,44,215,51.166666666666664,0.9295864105224609,-1.5600864277926882
UBFC_PHYS_s17_T3_ctrl,44,216,51.2,0.45684775710105896,-1.5717543915700025
UBFC_PHYS_s17_T3_ctrl,44,217,51.233333333333334,0.14521199464797974,-1.4393963175806868
UBFC_PHYS_s17_T3_ctrl,44,218,51.266666666666666,-0.00516867358237505,-1.1627779600695123
UBFC_PHYS_s17_T3_ctrl,44,219,51.3,-0.1062457412481308,-0.758177192972712
UBFC_PHYS_s17_T3_ctrl,44,220,51.333333333333336,-0.2358725517988205,-0.2652587479305477
UBFC_PHYS_s17_T3_ctrl,44,221,51.36666666666667,-0.38119643926620483,0.2529761169492101
UBFC_PHYS_s17_T3_ctrl,44,222,51.4,-0.4752502143383026,0.7195962039801487
UBFC_PHYS_s17_T3_ctrl,44,223,51.43333333333333,-0.4916847348213196,1.0607395648299809
UBFC_PHYS_s17_T3_ctrl,44,224,51.46666666666667,-0.48056450486183167,1.224359028035132
UBFC_PHYS_s17_T3_ctrl,44,225,51.5,-0.5238865613937378,1.1935449432306413
UBFC_PHYS_s17_T3_ctrl,44,226,51.53333333333333,-0.6984274387359619,0.9898516058690938
UBFC_PHYS_s17_T3_ctrl,44,227,51.56666666666667,-0.9875301122665405,0.6664041154688096
UBFC_PHYS_s17_T3_ctrl,44,228,51.6,-1.2309578657150269,0.2938075235618122
UBFC_PHYS_s17_T3_ctrl,44,229,51.63333333333333,-1.2460696697235107,-0.056744165349970115
UBFC_PHYS_s17_T3_ctrl,44,230,51.666666666666664,-1.0306766033172607,-0.3287691014784538
UBFC_PHYS_s17_T3_ctrl,44,231,51.7,-0.7363767027854919,-0.4907736636925825
UBFC_PHYS_s17_T3_ctrl,44,232,51.733333333333334,-0.460114985704422,-0.5396160635824765
UBFC_PHYS_s17_T3_ctrl,44,233,51.766666666666666,-0.19917577505111694,-0.4968041947946459
UBFC_PHYS_s17_T3_ctrl,44,234,51.8,0.03678387030959129,-0.3991805449153157
UBFC_PHYS_s17_T3_ctrl,44,235,51.833333333333336,0.22169579565525055,-0.28676700613759815
UBFC_PHYS_s17_T3_ctrl,44,236,51.86666666666667,0.37324702739715576,-0.1913068803819072
UBFC_PHYS_s17_T3_ctrl,44,237,51.9,0.5129639506340027,-0.12869682131613652
UBFC_PHYS_s17_T3_ctrl,44,238,51.93333333333333,0.6143336892127991,-0.09693988858083291
UBFC_PHYS_s17_T3_ctrl,44,239,51.96666666666667,0.6618229150772095,-0.07943562897277186
UBFC_PHYS_s17_T3_ctrl,45,0,45.0,2.087027072906494,0.10859251312310113
UBFC_PHYS_s17_T3_ctrl,45,1,45.03333333333333,2.396169662475586,0.641003162220967
UBFC_PHYS_s17_T3_ctrl,45,2,45.06666666666667,2.679501533508301,1.1053346589560573
UBFC_PHYS_s17_T3_ctrl,45,3,45.1,2.9382166862487793,1.4441922985999753
UBFC_PHYS_s17_T3_ctrl,45,4,45.13333333333333,3.159965753555298,1.6157855183735665
UBFC_PHYS_s17_T3_ctrl,45,5,45.166666666666664,3.24727725982666,1.6014981457868405
UBFC_PHYS_s17_T3_ctrl,45,6,45.2,3.071483850479126,1.409854325656239
UBFC_PHYS_s17_T3_ctrl,45,7,45.233333333333334,2.592623233795166,1.074638034206979
UBFC_PHYS_s17_T3_ctrl,45,8,45.266666666666666,1.8931137323379517,0.6468992685656243
UBFC_PHYS_s17_T3_ctrl,45,9,45.3,1.105836272239685,0.1830910015636189
UBFC_PHYS_s17_T3_ctrl,45,10,45.333333333333336,0.3183247745037079,-0.26643065938776217
UBFC_PHYS_s17_T3_ctrl,45,11,45.36666666666667,-0.4213463366031647,-0.6644752003679748
UBFC_PHYS_s17_T3_ctrl,45,12,45.4,-1.055761456489563,-0.9883134659305328
UBFC_PHYS_s17_T3_ctrl,45,13,45.43333333333333,-1.5553408861160278,-1.2269441934660255
UBFC_PHYS_s17_T3_ctrl,45,14,45.46666666666667,-1.9480957984924316,-1.3771884949624102
UBFC_PHYS_s17_T3_ctrl,45,15,45.5,-2.2265114784240723,-1.4406540682195554
UBFC_PHYS_s17_T3_ctrl,45,16,45.53333333333333,-2.3122308254241943,-1.4221606540175584
UBFC_PHYS_s17_T3_ctrl,45,17,45.56666666666667,-2.241166591644287,-1.3291015493831086
UBFC_PHYS_s17_T3_ctrl,45,18,45.6,-2.199190616607666,-1.1708649542107663
UBFC_PHYS_s17_T3_ctrl,45,19,45.63333333333333,-2.32887601852417,-0.9577918655684334
UBFC_PHYS_s17_T3_ctrl,45,20,45.666666666666664,-2.5893821716308594,-0.6998350789113971
UBFC_PHYS_s17_T3_ctrl,45,21,45.7,-2.90468168258667,-0.4057038501520091
UBFC_PHYS_s17_T3_ctrl,45,22,45.733333333333334,-3.3201920986175537,-0.08342763611956666
UBFC_PHYS_s17_T3_ctrl,45,23,45.766666666666666,-3.9020144939422607,0.25741206119099413
UBFC_PHYS_s17_T3_ctrl,45,24,45.8,-4.591012477874756,0.6028211470906965
UBFC_PHYS_s17_T3_ctrl,45,25,45.833333333333336,-5.19935941696167,0.9326883275638911
UBFC_PHYS_s17_T3_ctrl,45,26,45.86666666666667,-5.43870210647583,1.2214447624996316
UBFC_PHYS_s17_T3_ctrl,45,27,45.9,-5.105223655700684,1.4411411282039477
UBFC_PHYS_s17_T3_ctrl,45,28,45.93333333333333,-4.333924293518066,1.5662541501873857
UBFC_PHYS_s17_T3_ctrl,45,29,45.96666666666667,-3.454618215560913,1.579112275038744
UBFC_PHYS_s17_T3_ctrl,45,30,46.0,-2.6277177333831787,1.4744078120345765
UBFC_PHYS_s17_T3_ctrl,45,31,46.03333333333333,-1.8548965454101562,1.2612453512035013
UBFC_PHYS_s17_T3_ctrl,45,32,46.06666666666667,-1.2035903930664062,0.9619663421387596
UBFC_PHYS_s17_T3_ctrl,45,33,46.1,-0.7470521330833435,0.6082141366771615
UBFC_PHYS_s17_T3_ctrl,45,34,46.13333333333333,-0.37201932072639465,0.2356460115854654
UBFC_PHYS_s17_T3_ctrl,45,35,46.166666666666664,0.1247156485915184,-0.121134922703726
UBFC_PHYS_s17_T3_ctrl,45,36,46.2,0.7866270542144775,-0.4324858987514983
UBFC_PHYS_s17_T3_ctrl,45,37,46.233333333333334,1.4886298179626465,-0.6764181413795446
UBFC_PHYS_s17_T3_ctrl,45,38,46.266666666666666,2.117297649383545,-0.8404972270897808
UBFC_PHYS_s17_T3_ctrl,45,39,46.3,2.6316142082214355,-0.9230475590799418
UBFC_PHYS_s17_T3_ctrl,45,40,46.333333333333336,3.006319284439087,-0.9329486635101587
UBFC_PHYS_s17_T3_ctrl,45,41,46.36666666666667,3.2496886253356934,-0.8870782341767645
UBFC_PHYS_s17_T3_ctrl,45,42,46.4,3.451760768890381,-0.8054548341153761
UBFC_PHYS_s17_T3_ctrl,45,43,46.43333333333333,3.7067184448242188,-0.7055879418944172
UBFC_PHYS_s17_T3_ctrl,45,44,46.46666666666667,4.0021185874938965,-0.5982252720936623
UBFC_PHYS_s17_T3_ctrl,45,45,46.5,4.260213375091553,-0.4860801822455794
UBFC_PHYS_s17_T3_ctrl,45,46,46.53333333333333,4.458024978637695,-0.3656090064836671
UBFC_PHYS_s17_T3_ctrl,45,47,46.56666666666667,4.618144512176514,-0.23062747651220775
UBFC_PHYS_s17_T3_ctrl,45,48,46.6,4.698783874511719,-0.07632186467426405
UBFC_PHYS_s17_T3_ctrl,45,49,46.63333333333333,4.56737756729126,0.09741407799171543
UBFC_PHYS_s17_T3_ctrl,45,50,46.666666666666664,4.095926761627197,0.28409552017590667
UBFC_PHYS_s17_T3_ctrl,45,51,46.7,3.3123481273651123,0.4706795742497533
UBFC_PHYS_s17_T3_ctrl,45,52,46.733333333333334,2.373870611190796,0.6393707873137172
UBFC_PHYS_s17_T3_ctrl,45,53,46.766666666666666,1.359073281288147,0.7704774558531028
UBFC_PHYS_s17_T3_ctrl,45,54,46.8,0.2757869362831116,0.845452629351454
UBFC_PHYS_s17_T3_ctrl,45,55,46.833333333333336,-0.7458230257034302,0.8494742944437829
UBFC_PHYS_s17_T3_ctrl,45,56,46.86666666666667,-1.5378528833389282,0.7732395308508269
UBFC_PHYS_s17_T3_ctrl,45,57,46.9,-2.049769878387451,0.6139404623192476
UBFC_PHYS_s17_T3_ctrl,45,58,46.93333333333333,-2.269681215286255,0.3756579668818468
UBFC_PHYS_s17_T3_ctrl,45,59,46.96666666666667,-2.207724094390869,0.06970666638798047
UBFC_PHYS_s17_T3_ctrl,45,60,47.0,-2.0170412063598633,-0.2843836314201257
UBFC_PHYS_s17_T3_ctrl,45,61,47.03333333333333,-1.8878241777420044,-0.6571267646032717
UBFC_PHYS_s17_T3_ctrl,45,62,47.06666666666667,-1.8141145706176758,-1.0078393505095493
UBFC_PHYS_s17_T3_ctrl,45,63,47.1,-1.7179889678955078,-1.2863284590153508
UBFC_PHYS_s17_T3_ctrl,45,64,47.13333333333333,-1.6365654468536377,-1.4396619208956614
UBFC_PHYS_s17_T3_ctrl,45,65,47.166666666666664,-1.6240288019180298,-1.424122813505981
UBFC_PHYS_s17_T3_ctrl,45,66,47.2,-1.6735665798187256,-1.2194154142427824
UBFC_PHYS_s17_T3_ctrl,45,67,47.233333333333334,-1.839187741279602,-0.8399353508321123
UBFC_PHYS_s17_T3_ctrl,45,68,47.266666666666666,-2.1891708374023438,-0.3379264268874133
UBFC_PHYS_s17_T3_ctrl,45,69,47.3,-2.6082279682159424,0.204362432689506
UBFC_PHYS_s17_T3_ctrl,45,70,47.333333333333336,-2.9222867488861084,0.6927121625162699
UBFC_PHYS_s17_T3_ctrl,45,71,47.36666666666667,-3.070232629776001,1.044238773047026
UBFC_PHYS_s17_T3_ctrl,45,72,47.4,-3.043497323989868,1.2080748792756466
UBFC_PHYS_s17_T3_ctrl,45,73,47.43333333333333,-2.8813059329986572,1.1760412103377016
UBFC_PHYS_s17_T3_ctrl,45,74,47.46666666666667,-2.706296682357788,0.9805019519387547
UBFC_PHYS_s17_T3_ctrl,45,75,47.5,-2.570828914642334,0.6821013935430228
UBFC_PHYS_s17_T3_ctrl,45,76,47.53333333333333,-2.3633837699890137,0.35296159896909307
UBFC_PHYS_s17_T3_ctrl,45,77,47.56666666666667,-1.9780502319335938,0.06068705664487855
UBFC_PHYS_s17_T3_ctrl,45,78,47.6,-1.4121590852737427,-0.1434519762744948
UBFC_PHYS_s17_T3_ctrl,45,79,47.63333333333333,-0.7264621257781982,-0.23107831400286494
UBFC_PHYS_s17_T3_ctrl,45,80,47.666666666666664,-0.02406136505305767,-0.19854886559987422
UBFC_PHYS_s17_T3_ctrl,45,81,47.7,0.5739964842796326,-0.06519874061583066
UBFC_PHYS_s17_T3_ctrl,45,82,47.733333333333334,1.0014699697494507,0.13112751898997785
UBFC_PHYS_s17_T3_ctrl,45,83,47.766666666666666,1.286019206047058,0.3408680457470944
UBFC_PHYS_s17_T3_ctrl,45,84,47.8,1.5096763372421265,0.5116220216081113
UBFC_PHYS_s17_T3_ctrl,45,85,47.833333333333336,1.7334036827087402,0.5983389948436416
UBFC_PHYS_s17_T3_ctrl,45,86,47.86666666666667,1.9752278327941895,0.5729807925520246
UBFC_PHYS_s17_T3_ctrl,45,87,47.9,2.223735809326172,0.43096900360825297
UBFC_PHYS_s17_T3_ctrl,45,88,47.93333333333333,2.4298229217529297,0.19197094533831668
UBFC_PHYS_s17_T3_ctrl,45,89,47.96666666666667,2.523209571838379,-0.10562807618101687
UBFC_PHYS_s17_T3_ctrl,45,90,48.0,2.5019288063049316,-0.4144784027310295
UBFC_PHYS_s17_T3_ctrl,45,91,48.03333333333333,2.4671401977539062,-0.6884292189348006
UBFC_PHYS_s17_T3_ctrl,45,92,48.06666666666667,2.451138734817505,-0.8899566148130076
UBFC_PHYS_s17_T3_ctrl,45,93,48.1,2.26218843460083,-0.9938764041805178
UBFC_PHYS_s17_T3_ctrl,45,94,48.13333333333333,1.6076748371124268,-0.9882309251896843
UBFC_PHYS_s17_T3_ctrl,45,95,48.166666666666664,0.37773022055625916,-0.8738557428115719
UBFC_PHYS_s17_T3_ctrl,45,96,48.2,-1.1349492073059082,-0.6635288955962605
UBFC_PHYS_s17_T3_ctrl,45,97,48.233333333333334,-2.3182122707366943,-0.38057039938270615
UBFC_PHYS_s17_T3_ctrl,45,98,48.266666666666666,-2.6920979022979736,-0.056240327825972915
UBFC_PHYS_s17_T3_ctrl,45,99,48.3,-2.301239252090454,0.2742470922507251
UBFC_PHYS_s17_T3_ctrl,45,100,48.333333333333336,-1.494624376296997,0.5761714287786692
UBFC_PHYS_s17_T3_ctrl,45,101,48.36666666666667,-0.6495218276977539,0.8187516079030878
UBFC_PHYS_s17_T3_ctrl,45,102,48.4,-0.17461761832237244,0.9769052126616659
UBFC_PHYS_s17_T3_ctrl,45,103,48.43333333333333,-0.25142917037010193,1.0319531832137634
UBFC_PHYS_s17_T3_ctrl,45,104,48.46666666666667,-0.6160440444946289,0.972516942175314
UBFC_PHYS_s17_T3_ctrl,45,105,48.5,-0.9621408581733704,0.7963672036064375
UBFC_PHYS_s17_T3_ctrl,45,106,48.53333333333333,-1.323969841003418,0.5128111764188774
UBFC_PHYS_s17_T3_ctrl,45,107,48.56666666666667,-1.7371859550476074,0.14425905236846645
UBFC_PHYS_s17_T3_ctrl,45,108,48.6,-1.9843828678131104,-0.27436506504853336
UBFC_PHYS_s17_T3_ctrl,45,109,48.63333333333333,-1.953468680381775,-0.6987311086396683
UBFC_PHYS_s17_T3_ctrl,45,110,48.666666666666664,-1.8502963781356812,-1.0798926261532444
UBFC_PHYS_s17_T3_ctrl,45,111,48.7,-1.9590638875961304,-1.3695688309663887
UBFC_PHYS_s17_T3_ctrl,45,112,48.733333333333334,-2.3421618938446045,-1.525556632954021
UBFC_PHYS_s17_T3_ctrl,45,113,48.766666666666666,-2.6741886138916016,-1.5176943098176139
UBFC_PHYS_s17_T3_ctrl,45,114,48.8,-2.500420331954956,-1.334322735005509
UBFC_PHYS_s17_T3_ctrl,45,115,48.833333333333336,-1.945696234703064,-0.9877941738940272
UBFC_PHYS_s17_T3_ctrl,45,116,48.86666666666667,-1.5431437492370605,-0.5164493092141631
UBFC_PHYS_s17_T3_ctrl,45,117,48.9,-1.334727168083191,0.01941246154719565
UBFC_PHYS_s17_T3_ctrl,45,118,48.93333333333333,-0.8965080380439758,0.5482824364382989
UBFC_PHYS_s17_T3_ctrl,45,119,48.96666666666667,-0.132828950881958,1.002499671766093
UBFC_PHYS_s17_T3_ctrl,45,120,49.0,0.7283687591552734,1.3322138531568866
UBFC_PHYS_s17_T3_ctrl,45,121,49.03333333333333,1.5647156238555908,1.5126888307008586
UBFC_PHYS_s17_T3_ctrl,45,122,49.06666666666667,2.220013380050659,1.5430755377243022
UBFC_PHYS_s17_T3_ctrl,45,123,49.1,2.46744441986084,1.4394123891040207
UBFC_PHYS_s17_T3_ctrl,45,124,49.13333333333333,2.3691649436950684,1.2266508167038541
UBFC_PHYS_s17_T3_ctrl,45,125,49.166666666666664,2.247568130493164,0.9333861945549289
UBFC_PHYS_s17_T3_ctrl,45,126,49.2,2.272618055343628,0.5901808865089632
UBFC_PHYS_s17_T3_ctrl,45,127,49.233333333333334,2.3289449214935303,0.2297764970149968
UBFC_PHYS_s17_T3_ctrl,45,128,49.266666666666666,2.2548489570617676,-0.11346677678492055
UBFC_PHYS_s17_T3_ctrl,45,129,49.3,2.0196385383605957,-0.406549064207505
UBFC_PHYS_s17_T3_ctrl,45,130,49.333333333333336,1.6776269674301147,-0.6227099192966958
UBFC_PHYS_s17_T3_ctrl,45,131,49.36666666666667,1.3031560182571411,-0.7460679767260818
UBFC_PHYS_s17_T3_ctrl,45,132,49.4,0.9467232823371887,-0.7739590610852118
UBFC_PHYS_s17_T3_ctrl,45,133,49.43333333333333,0.5474952459335327,-0.7161440481929984
UBFC_PHYS_s17_T3_ctrl,45,134,49.46666666666667,-0.018185200169682503,-0.5913635357943241
UBFC_PHYS_s17_T3_ctrl,45,135,49.5,-0.7502126097679138,-0.4227877529676971
UBFC_PHYS_s17_T3_ctrl,45,136,49.53333333333333,-1.441973090171814,-0.23453240056702457
UBFC_PHYS_s17_T3_ctrl,45,137,49.56666666666667,-1.8067635297775269,-0.05075437016446966
UBFC_PHYS_s17_T3_ctrl,45,138,49.6,-1.6992367506027222,0.10327343230529651
UBFC_PHYS_s17_T3_ctrl,45,139,49.63333333333333,-1.1747597455978394,0.2007462502625228
UBFC_PHYS_s17_T3_ctrl,45,140,49.666666666666664,-0.3477186858654022,0.21640393176209113
UBFC_PHYS_s17_T3_ctrl,45,141,49.7,0.6222817301750183,0.13390817646116898
UBFC_PHYS_s17_T3_ctrl,45,142,49.733333333333334,1.4529045820236206,-0.044872243616552274
UBFC_PHYS_s17_T3_ctrl,45,143,49.766666666666666,1.9149327278137207,-0.2934528897635389
UBFC_PHYS_s17_T3_ctrl,45,144,49.8,2.0431315898895264,-0.5618343939696248
UBFC_PHYS_s17_T3_ctrl,45,145,49.833333333333336,1.9939683675765991,-0.7867238117992238
UBFC_PHYS_s17_T3_ctrl,45,146,49.86666666666667,1.8922709226608276,-0.9079851582397075
UBFC_PHYS_s17_T3_ctrl,45,147,49.9,1.8026885986328125,-0.8852593366988802
UBFC_PHYS_s17_T3_ctrl,45,148,49.93333333333333,1.6891685724258423,-0.7088573705412298
UBFC_PHYS_s17_T3_ctrl,45,149,49.96666666666667,1.4716334342956543,-0.401741539675129
UBFC_PHYS_s17_T3_ctrl,45,150,50.0,1.0905957221984863,-0.012699991491534704
UBFC_PHYS_s17_T3_ctrl,45,151,50.03333333333333,0.46944287419319153,0.3965211508711877
UBFC_PHYS_s17_T3_ctrl,45,152,50.06666666666667,-0.39842694997787476,0.7658624338042083
UBFC_PHYS_s17_T3_ctrl,45,153,50.1,-1.3153077363967896,1.048962778661348
UBFC_PHYS_s17_T3_ctrl,45,154,50.13333333333333,-1.9552595615386963,1.2193243600989412
UBFC_PHYS_s17_T3_ctrl,45,155,50.166666666666664,-2.185659170150757,1.269774121733185
UBFC_PHYS_s17_T3_ctrl,45,156,50.2,-2.16913104057312,1.2071492141038973
UBFC_PHYS_s17_T3_ctrl,45,157,50.233333333333334,-2.0905869007110596,1.045813615208457
UBFC_PHYS_s17_T3_ctrl,45,158,50.266666666666666,-1.9135295152664185,0.8031464336078988
UBFC_PHYS_s17_T3_ctrl,45,159,50.3,-1.493348479270935,0.4981189079975397
UBFC_PHYS_s17_T3_ctrl,45,160,50.333333333333336,-0.8557962775230408,0.15195538263070743
UBFC_PHYS_s17_T3_ctrl,45,161,50.36666666666667,-0.21675744652748108,-0.21106936879683516
UBFC_PHYS_s17_T3_ctrl,45,162,50.4,0.22290146350860596,-0.5640179497932984
UBFC_PHYS_s17_T3_ctrl,45,163,50.43333333333333,0.4139938950538635,-0.8788465917703154
UBFC_PHYS_s17_T3_ctrl,45,164,50.46666666666667,0.42742010951042175,-1.1282676962968592
UBFC_PHYS_s17_T3_ctrl,45,165,50.5,0.4323364198207855,-1.2872509173075946
UBFC_PHYS_s17_T3_ctrl,45,166,50.53333333333333,0.6090076565742493,-1.334402815467506
UBFC_PHYS_s17_T3_ctrl,45,167,50.56666666666667,0.9259928464889526,-1.2540216223038476
UBFC_PHYS_s17_T3_ctrl,45,168,50.6,1.2181740999221802,-1.039174389072745
UBFC_PHYS_s17_T3_ctrl,45,169,50.63333333333333,1.423816442489624,-0.6954117373302499
UBFC_PHYS_s17_T3_ctrl,45,170,50.666666666666664,1.586089849472046,-0.24444153807495642
UBFC_PHYS_s17_T3_ctrl,45,171,50.7,1.6900699138641357,0.27340268676351015
UBFC_PHYS_s17_T3_ctrl,45,172,50.733333333333334,1.6879395246505737,0.8000620586841628
UBFC_PHYS_s17_T3_ctrl,45,173,50.766666666666666,1.626684546470642,1.266200622750146
UBFC_PHYS_s17_T3_ctrl,45,174,50.8,1.5882320404052734,1.6032687150204072
UBFC_PHYS_s17_T3_ctrl,45,175,50.833333333333336,1.5513830184936523,1.7583108907425606
UBFC_PHYS_s17_T3_ctrl,45,176,50.86666666666667,1.4340704679489136,1.7068672046060196
UBFC_PHYS_s17_T3_ctrl,45,177,50.9,1.2230552434921265,1.459310067857537
UBFC_PHYS_s17_T3_ctrl,45,178,50.93333333333333,1.0573052167892456,1.0576540503274372
UBFC_PHYS_s17_T3_ctrl,45,179,50.96666666666667,1.1262272596359253,0.5633454522392923
UBFC_PHYS_s17_T3_ctrl,45,180,51.0,1.4136677980422974,0.040777209586902015
UBFC_PHYS_s17_T3_ctrl,45,181,51.03333333333333,1.677076816558838,-0.45664838957139364
UBFC_PHYS_s17_T3_ctrl,45,182,51.06666666666667,1.7638497352600098,-0.893061446740572
UBFC_PHYS_s17_T3_ctrl,45,183,51.1,1.6767607927322388,-1.2486365984571641
UBFC_PHYS_s17_T3_ctrl,45,184,51.13333333333333,1.3934640884399414,-1.5129071124944546
UBFC_PHYS_s17_T3_ctrl,45,185,51.166666666666664,0.9295864105224609,-1.6771645100496824
UBFC_PHYS_s17_T3_ctrl,45,186,51.2,0.45684775710105896,-1.7297988058646294
UBFC_PHYS_s17_T3_ctrl,45,187,51.233333333333334,0.14521199464797974,-1.6568117109647633
UBFC_PHYS_s17_T3_ctrl,45,188,51.266666666666666,-0.00516867358237505,-1.4476435531342677
UBFC_PHYS_s17_T3_ctrl,45,189,51.3,-0.1062457412481308,-1.1042644414969764
UBFC_PHYS_s17_T3_ctrl,45,190,51.333333333333336,-0.2358725517988205,-0.6496143294673575
UBFC_PHYS_s17_T3_ctrl,45,191,51.36666666666667,-0.38119643926620483,-0.1308014096220254
UBFC_PHYS_s17_T3_ctrl,45,192,51.4,-0.4752502143383026,0.38621855370843833
UBFC_PHYS_s17_T3_ctrl,45,193,51.43333333333333,-0.4916847348213196,0.8303449241481149
UBFC_PHYS_s17_T3_ctrl,45,194,51.46666666666667,-0.48056450486183167,1.1429830169513617
UBFC_PHYS_s17_T3_ctrl,45,195,51.5,-0.5238865613937378,1.2927514805840412
UBFC_PHYS_s17_T3_ctrl,45,196,51.53333333333333,-0.6984274387359619,1.281626497470805
UBFC_PHYS_s17_T3_ctrl,45,197,51.56666666666667,-0.9875301122665405,1.1408576073391208
UBFC_PHYS_s17_T3_ctrl,45,198,51.6,-1.2309578657150269,0.919152067000295
UBFC_PHYS_s17_T3_ctrl,45,199,51.63333333333333,-1.2460696697235107,0.6680527296613168
UBFC_PHYS_s17_T3_ctrl,45,200,51.666666666666664,-1.0306766033172607,0.4294357570546417
UBFC_PHYS_s17_T3_ctrl,45,201,51.7,-0.7363767027854919,0.2284287913414428
UBFC_PHYS_s17_T3_ctrl,45,202,51.733333333333334,-0.460114985704422,0.07295425307774014
UBFC_PHYS_s17_T3_ctrl,45,203,51.766666666666666,-0.19917577505111694,-0.04108242383669497
UBFC_PHYS_s17_T3_ctrl,45,204,51.8,0.03678387030959129,-0.1219355981255456
UBFC_PHYS_s17_T3_ctrl,45,205,51.833333333333336,0.22169579565525055,-0.17535807592395278
UBFC_PHYS_s17_T3_ctrl,45,206,51.86666666666667,0.37324702739715576,-0.2021077275608909
UBFC_PHYS_s17_T3_ctrl,45,207,51.9,0.5129639506340027,-0.2003701385058342
UBFC_PHYS_s17_T3_ctrl,45,208,51.93333333333333,0.6143336892127991,-0.1713510128252358
UBFC_PHYS_s17_T3_ctrl,45,209,51.96666666666667,0.6618229150772095,-0.12451279990307346
UBFC_PHYS_s17_T3_ctrl,45,210,52.0,0.6793811917304993,-0.07868311752182672
UBFC_PHYS_s17_T3_ctrl,45,211,52.03333333333333,0.623581051826477,-0.05711266507126608
UBFC_PHYS_s17_T3_ctrl,45,212,52.06666666666667,0.40190210938453674,-0.0780019284646465
UBFC_PHYS_s17_T3_ctrl,45,213,52.1,0.05957449600100517,-0.1449904861516493
UBFC_PHYS_s17_T3_ctrl,45,214,52.13333333333333,-0.23245453834533691,-0.24260544210964255
UBFC_PHYS_s17_T3_ctrl,45,215,52.166666666666664,-0.3932531177997589,-0.3393800200346578
UBFC_PHYS_s17_T3_ctrl,45,216,52.2,-0.48476678133010864,-0.3975808111050628
UBFC_PHYS_s17_T3_ctrl,45,217,52.233333333333334,-0.5653943419456482,-0.3855234973678071
UBFC_PHYS_s17_T3_ctrl,45,218,52.266666666666666,-0.580623209476471,-0.287931157466986
UBFC_PHYS_s17_T3_ctrl,45,219,52.3,-0.39694035053253174,-0.11122399781720985
UBFC_PHYS_s17_T3_ctrl,45,220,52.333333333333336,0.026799071580171585,0.1173679331142355
UBFC_PHYS_s17_T3_ctrl,45,221,52.36666666666667,0.5672892332077026,0.35628440769012604
UBFC_PHYS_s17_T3_ctrl,45,222,52.4,1.0824135541915894,0.5599364082012573
UBFC_PHYS_s17_T3_ctrl,45,223,52.43333333333333,1.5348197221755981,0.6900663016264231
UBFC_PHYS_s17_T3_ctrl,45,224,52.46666666666667,1.9010851383209229,0.7246447316028796
UBFC_PHYS_s17_T3_ctrl,45,225,52.5,2.133556604385376,0.661295868817408
UBFC_PHYS_s17_T3_ctrl,45,226,52.53333333333333,2.323256015777588,0.5145546328041418
UBFC_PHYS_s17_T3_ctrl,45,227,52.56666666666667,2.67685604095459,0.308989895915594
UBFC_PHYS_s17_T3_ctrl,45,228,52.6,3.1766579151153564,0.07161029353851167
UBFC_PHYS_s17_T3_ctrl,45,229,52.63333333333333,3.457613468170166,-0.17347219833532063
UBFC_PHYS_s17_T3_ctrl,45,230,52.666666666666664,3.1347873210906982,-0.4068436464626924
UBFC_PHYS_s17_T3_ctrl,45,231,52.7,2.2455079555511475,-0.612715533767973
UBFC_PHYS_s17_T3_ctrl,45,232,52.733333333333334,1.2383543252944946,-0.7768640257945519
UBFC_PHYS_s17_T3_ctrl,45,233,52.766666666666666,0.4915663003921509,-0.885532652223263
UBFC_PHYS_s17_T3_ctrl,45,234,52.8,0.001351294806227088,-0.9263068965845738
UBFC_PHYS_s17_T3_ctrl,45,235,52.833333333333336,-0.39694035053253174,-0.8906639223152105
UBFC_PHYS_s17_T3_ctrl,45,236,52.86666666666667,-0.8190410137176514,-0.7769559727944606
UBFC_PHYS_s17_T3_ctrl,45,237,52.9,-1.3510915040969849,-0.5923825745325779
UBFC_PHYS_s17_T3_ctrl,45,238,52.93333333333333,-1.9828729629516602,-0.35304359768166493
UBFC_PHYS_s17_T3_ctrl,45,239,52.96666666666667,-2.540734052658081,-0.0821402586284924
UBFC_PHYS_s17_T3_ctrl,46,0,46.0,-2.6277177333831787,-0.051326490374174354
UBFC_PHYS_s17_T3_ctrl,46,1,46.03333333333333,-1.8548965454101562,0.3117911540087189
UBFC_PHYS_s17_T3_ctrl,46,2,46.06666666666667,-1.2035903930664062,0.6189344010404851
UBFC_PHYS_s17_T3_ctrl,46,3,46.1,-0.7470521330833435,0.8225693050809283
UBFC_PHYS_s17_T3_ctrl,46,4,46.13333333333333,-0.37201932072639465,0.8931220764851675
UBFC_PHYS_s17_T3_ctrl,46,5,46.166666666666664,0.1247156485915184,0.8253268488602615
UBFC_PHYS_s17_T3_ctrl,46,6,46.2,0.7866270542144775,0.6398894365182959
UBFC_PHYS_s17_T3_ctrl,46,7,46.233333333333334,1.4886298179626465,0.3791538984127944
UBFC_PHYS_s17_T3_ctrl,46,8,46.266666666666666,2.117297649383545,0.09710481114549625
UBFC_PHYS_s17_T3_ctrl,46,9,46.3,2.6316142082214355,-0.15396301131938556
UBFC_PHYS_s17_T3_ctrl,46,10,46.333333333333336,3.006319284439087,-0.3359281195440859
UBFC_PHYS_s17_T3_ctrl,46,11,46.36666666666667,3.2496886253356934,-0.43211268922992135
UBFC_PHYS_s17_T3_ctrl,46,12,46.4,3.451760768890381,-0.4472253823997646
UBFC_PHYS_s17_T3_ctrl,46,13,46.43333333333333,3.7067184448242188,-0.4010668919046856
UBFC_PHYS_s17_T3_ctrl,46,14,46.46666666666667,4.0021185874938965,-0.3192112529686882
UBFC_PHYS_s17_T3_ctrl,46,15,46.5,4.260213375091553,-0.22424455301489715
UBFC_PHYS_s17_T3_ctrl,46,16,46.53333333333333,4.458024978637695,-0.13015419238963888
UBFC_PHYS_s17_T3_ctrl,46,17,46.56666666666667,4.618144512176514,-0.04092396635448805
UBFC_PHYS_s17_T3_ctrl,46,18,46.6,4.698783874511719,0.047005637457092284
UBFC_PHYS_s17_T3_ctrl,46,19,46.63333333333333,4.56737756729126,0.13982611782063653
UBFC_PHYS_s17_T3_ctrl,46,20,46.666666666666664,4.095926761627197,0.24110239776945255
UBFC_PHYS_s17_T3_ctrl,46,21,46.7,3.3123481273651123,0.348211822681022
UBFC_PHYS_s17_T3_ctrl,46,22,46.733333333333334,2.373870611190796,0.4515775847888962
UBFC_PHYS_s17_T3_ctrl,46,23,46.766666666666666,1.359073281288147,0.5365355480760732
UBFC_PHYS_s17_T3_ctrl,46,24,46.8,0.2757869362831116,0.5867987379937026
UBFC_PHYS_s17_T3_ctrl,46,25,46.833333333333336,-0.7458230257034302,0.5881713015623076
UBFC_PHYS_s17_T3_ctrl,46,26,46.86666666666667,-1.5378528833389282,0.5313228907452191
UBFC_PHYS_s17_T3_ctrl,46,27,46.9,-2.049769878387451,0.41302956936893553
UBFC_PHYS_s17_T3_ctrl,46,28,46.93333333333333,-2.269681215286255,0.23614781079763722
UBFC_PHYS_s17_T3_ctrl,46,29,46.96666666666667,-2.207724094390869,0.00923867939475182
UBFC_PHYS_s17_T3_ctrl,46,30,47.0,-2.0170412063598633,-0.2532441104665898
UBFC_PHYS_s17_T3_ctrl,46,31,47.03333333333333,-1.8878241777420044,-0.5300172943083933
UBFC_PHYS_s17_T3_ctrl,46,32,47.06666666666667,-1.8141145706176758,-0.792204777407716
UBFC_PHYS_s17_T3_ctrl,46,33,47.1,-1.7179889678955078,-1.0044895336801536
UBFC_PHYS_s17_T3_ctrl,46,34,47.13333333333333,-1.6365654468536377,-1.1297830810844236
UBFC_PHYS_s17_T3_ctrl,46,35,47.166666666666664,-1.6240288019180298,-1.1375970800138615
UBFC_PHYS_s17_T3_ctrl,46,36,47.2,-1.6735665798187256,-1.014049388778952
UBFC_PHYS_s17_T3_ctrl,46,37,47.233333333333334,-1.839187741279602,-0.7697067229678773
UBFC_PHYS_s17_T3_ctrl,46,38,47.266666666666666,-2.1891708374023438,-0.44146865207877667
UBFC_PHYS_s17_T3_ctrl,46,39,47.3,-2.6082279682159424,-0.0864526969037577
UBFC_PHYS_s17_T3_ctrl,46,40,47.333333333333336,-2.9222867488861084,0.231369239358234
UBFC_PHYS_s17_T3_ctrl,46,41,47.36666666666667,-3.070232629776001,0.4580139719503158
UBFC_PHYS_s17_T3_ctrl,46,42,47.4,-3.043497323989868,0.5639567532483455
UBFC_PHYS_s17_T3_ctrl,46,43,47.43333333333333,-2.8813059329986572,0.5508418874932993
UBFC_PHYS_s17_T3_ctrl,46,44,47.46666666666667,-2.706296682357788,0.44843625323555675
UBFC_PHYS_s17_T3_ctrl,46,45,47.5,-2.570828914642334,0.303929130125042
UBFC_PHYS_s17_T3_ctrl,46,46,47.53333333333333,-2.3633837699890137,0.16799334573850716
UBFC_PHYS_s17_T3_ctrl,46,47,47.56666666666667,-1.9780502319335938,0.08209793799806273
UBFC_PHYS_s17_T3_ctrl,46,48,47.6,-1.4121590852737427,0.07019604281783648
UBFC_PHYS_s17_T3_ctrl,46,49,47.63333333333333,-0.7264621257781982,0.13591832578098914
UBFC_PHYS_s17_T3_ctrl,46,50,47.666666666666664,-0.02406136505305767,0.2645386386808527
UBFC_PHYS_s17_T3_ctrl,46,51,47.7,0.5739964842796326,0.42797753546582984
UBFC_PHYS_s17_T3_ctrl,46,52,47.733333333333334,1.0014699697494507,0.5911932616034015
UBFC_PHYS_s17_T3_ctrl,46,53,47.766666666666666,1.286019206047058,0.7188841898891609
UBFC_PHYS_s17_T3_ctrl,46,54,47.8,1.5096763372421265,0.7817657041980891
UBFC_PHYS_s17_T3_ctrl,46,55,47.833333333333336,1.7334036827087402,0.7616283241920803
UBFC_PHYS_s17_T3_ctrl,46,56,47.86666666666667,1.9752278327941895,0.6542299104158644
UBFC_PHYS_s17_T3_ctrl,46,57,47.9,2.223735809326172,0.46926250428161664
UBFC_PHYS_s17_T3_ctrl,46,58,47.93333333333333,2.4298229217529297,0.22739134778800577
UBFC_PHYS_s17_T3_ctrl,46,59,47.96666666666667,2.523209571838379,-0.0445769381066732
UBFC_PHYS_s17_T3_ctrl,46,60,48.0,2.5019288063049316,-0.31858867536631674
UBFC_PHYS_s17_T3_ctrl,46,61,48.03333333333333,2.4671401977539062,-0.5687011035379985
UBFC_PHYS_s17_T3_ctrl,46,62,48.06666666666667,2.451138734817505,-0.7725196964362552
UBFC_PHYS_s17_T3_ctrl,46,63,48.1,2.26218843460083,-0.9115494598022583
UBFC_PHYS_s17_T3_ctrl,46,64,48.13333333333333,1.6076748371124268,-0.97156831087207
UBFC_PHYS_s17_T3_ctrl,46,65,48.166666666666664,0.37773022055625916,-0.9436247024474878
UBFC_PHYS_s17_T3_ctrl,46,66,48.2,-1.1349492073059082,-0.8256243358461152
UBFC_PHYS_s17_T3_ctrl,46,67,48.233333333333334,-2.3182122707366943,-0.6240268517081762
UBFC_PHYS_s17_T3_ctrl,46,68,48.266666666666666,-2.6920979022979736,-0.3549726097150584
UBFC_PHYS_s17_T3_ctrl,46,69,48.3,-2.301239252090454,-0.044150361730288364
UBFC_PHYS_s17_T3_ctrl,46,70,48.333333333333336,-1.494624376296997,0.2751100781250252
UBFC_PHYS_s17_T3_ctrl,46,71,48.36666666666667,-0.6495218276977539,0.5655475897204434
UBFC_PHYS_s17_T3_ctrl,46,72,48.4,-0.17461761832237244,0.7907872239683741
UBFC_PHYS_s17_T3_ctrl,46,73,48.43333333333333,-0.25142917037010193,0.9201868575552578
UBFC_PHYS_s17_T3_ctrl,46,74,48.46666666666667,-0.6160440444946289,0.932939074737729
UBFC_PHYS_s17_T3_ctrl,46,75,48.5,-0.9621408581733704,0.8211418209303177
UBFC_PHYS_s17_T3_ctrl,46,76,48.53333333333333,-1.323969841003418,0.5916383688927024
UBFC_PHYS_s17_T3_ctrl,46,77,48.56666666666667,-1.7371859550476074,0.2662475668559649
UBFC_PHYS_s17_T3_ctrl,46,78,48.6,-1.9843828678131104,-0.11998055646598695
UBFC_PHYS_s17_T3_ctrl,46,79,48.63333333333333,-1.953468680381775,-0.522393020622515
UBFC_PHYS_s17_T3_ctrl,46,80,48.666666666666664,-1.8502963781356812,-0.891501969847886
UBFC_PHYS_s17_T3_ctrl,46,81,48.7,-1.9590638875961304,-1.178100369903557
UBFC_PHYS_s17_T3_ctrl,46,82,48.733333333333334,-2.3421618938446045,-1.3387597763426724
UBFC_PHYS_s17_T3_ctrl,46,83,48.766666666666666,-2.6741886138916016,-1.3423083930823765
UBFC_PHYS_s17_T3_ctrl,46,84,48.8,-2.500420331954956,-1.1771090940194973
UBFC_PHYS_s17_T3_ctrl,46,85,48.833333333333336,-1.945696234703064,-0.8572754237270473
UBFC_PHYS_s17_T3_ctrl,46,86,48.86666666666667,-1.5431437492370605,-0.42468154751034476
UBFC_PHYS_s17_T3_ctrl,46,87,48.9,-1.334727168083191,0.05611677233191793
UBFC_PHYS_s17_T3_ctrl,46,88,48.93333333333333,-0.8965080380439758,0.5106933518112892
UBFC_PHYS_s17_T3_ctrl,46,89,48.96666666666667,-0.132828950881958,0.8723393658046038
UBFC_PHYS_s17_T3_ctrl,46,90,49.0,0.7283687591552734,1.0982650846375355
UBFC_PHYS_s17_T3_ctrl,46,91,49.03333333333333,1.5647156238555908,1.1779360223347122
UBFC_PHYS_s17_T3_ctrl,46,92,49.06666666666667,2.220013380050659,1.1305987253719345
UBFC_PHYS_s17_T3_ctrl,46,93,49.1,2.46744441986084,0.994063098720197
UBFC_PHYS_s17_T3_ctrl,46,94,49.13333333333333,2.3691649436950684,0.8101304105498583
UBFC_PHYS_s17_T3_ctrl,46,95,49.166666666666664,2.247568130493164,0.6125282791913076
UBFC_PHYS_s17_T3_ctrl,46,96,49.2,2.272618055343628,0.4212665883981596
UBFC_PHYS_s17_T3_ctrl,46,97,49.233333333333334,2.3289449214935303,0.24404431104829363
UBFC_PHYS_s17_T3_ctrl,46,98,49.266666666666666,2.2548489570617676,0.08217750347351523
UBFC_PHYS_s17_T3_ctrl,46,99,49.3,2.0196385383605957,-0.062995116806328
UBFC_PHYS_s17_T3_ctrl,46,100,49.333333333333336,1.6776269674301147,-0.1864945331217653
UBFC_PHYS_s17_T3_ctrl,46,101,49.36666666666667,1.3031560182571411,-0.27994895654837343
UBFC_PHYS_s17_T3_ctrl,46,102,49.4,0.9467232823371887,-0.33466224586359666
UBFC_PHYS_s17_T3_ctrl,46,103,49.43333333333333,0.5474952459335327,-0.3453888367976248
UBFC_PHYS_s17_T3_ctrl,46,104,49.46666666666667,-0.018185200169682503,-0.31293426652222384
UBFC_PHYS_s17_T3_ctrl,46,105,49.5,-0.7502126097679138,-0.24479276169342476
UBFC_PHYS_s17_T3_ctrl,46,106,49.53333333333333,-1.441973090171814,-0.1542108116905468
UBFC_PHYS_s17_T3_ctrl,46,107,49.56666666666667,-1.8067635297775269,-0.05867015068667088
UBFC_PHYS_s17_T3_ctrl,46,108,49.6,-1.6992367506027222,0.02149038846264831
UBFC_PHYS_s17_T3_ctrl,46,109,49.63333333333333,-1.1747597455978394,0.06458958211705848
UBFC_PHYS_s17_T3_ctrl,46,110,49.666666666666664,-0.3477186858654022,0.05049483608492795
UBFC_PHYS_s17_T3_ctrl,46,111,49.7,0.6222817301750183,-0.0341765761362766
UBFC_PHYS_s17_T3_ctrl,46,112,49.733333333333334,1.4529045820236206,-0.18954243594762316
UBFC_PHYS_s17_T3_ctrl,46,113,49.766666666666666,1.9149327278137207,-0.3976074113413747
UBFC_PHYS_s17_T3_ctrl,46,114,49.8,2.0431315898895264,-0.6222736833892285
UBFC_PHYS_s17_T3_ctrl,46,115,49.833333333333336,1.9939683675765991,-0.8155599652558881
UBFC_PHYS_s17_T3_ctrl,46,116,49.86666666666667,1.8922709226608276,-0.9285619892208978
UBFC_PHYS_s17_T3_ctrl,46,117,49.9,1.8026885986328125,-0.9236529413585736
UBFC_PHYS_s17_T3_ctrl,46,118,49.93333333333333,1.6891685724258423,-0.7842778980512584
UBFC_PHYS_s17_T3_ctrl,46,119,49.96666666666667,1.4716334342956543,-0.5198320016065833
UBFC_PHYS_s17_T3_ctrl,46,120,50.0,1.0905957221984863,-0.16446051616197624
UBFC_PHYS_s17_T3_ctrl,46,121,50.03333333333333,0.46944287419319153,0.22999214712490068
UBFC_PHYS_s17_T3_ctrl,46,122,50.06666666666667,-0.39842694997787476,0.6051345644594311
UBFC_PHYS_s17_T3_ctrl,46,123,50.1,-1.3153077363967896,0.9082972351378994
UBFC_PHYS_s17_T3_ctrl,46,124,50.13333333333333,-1.9552595615386963,1.102570795474486
UBFC_PHYS_s17_T3_ctrl,46,125,50.166666666666664,-2.185659170150757,1.1720391408674167
UBFC_PHYS_s17_T3_ctrl,46,126,50.2,-2.16913104057312,1.1213348105879442
UBFC_PHYS_s17_T3_ctrl,46,127,50.233333333333334,-2.0905869007110596,0.9705548744530462
UBFC_PHYS_s17_T3_ctrl,46,128,50.266666666666666,-1.9135295152664185,0.747890369462895
UBFC_PHYS_s17_T3_ctrl,46,129,50.3,-1.493348479270935,0.48259420737133524
UBFC_PHYS_s17_T3_ctrl,46,130,50.333333333333336,-0.8557962775230408,0.2001843189270328
UBFC_PHYS_s17_T3_ctrl,46,131,50.36666666666667,-0.21675744652748108,-0.07942653151931847
UBFC_PHYS_s17_T3_ctrl,46,132,50.4,0.22290146350860596,-0.3412549204167304
UBFC_PHYS_s17_T3_ctrl,46,133,50.43333333333333,0.4139938950538635,-0.5730261671338386
UBFC_PHYS_s17_T3_ctrl,46,134,50.46666666666667,0.42742010951042175,-0.7625802177592688
UBFC_PHYS_s17_T3_ctrl,46,135,50.5,0.4323364198207855,-0.8960199952329927
UBFC_PHYS_s17_T3_ctrl,46,136,50.53333333333333,0.6090076565742493,-0.9575644749061605
UBFC_PHYS_s17_T3_ctrl,46,137,50.56666666666667,0.9259928464889526,-0.9316026726283811
UBFC_PHYS_s17_T3_ctrl,46,138,50.6,1.2181740999221802,-0.806602698920867
UBFC_PHYS_s17_T3_ctrl,46,139,50.63333333333333,1.423816442489624,-0.5798464068249544
UBFC_PHYS_s17_T3_ctrl,46,140,50.666666666666664,1.586089849472046,-0.261821855340868
UBFC_PHYS_s17_T3_ctrl,46,141,50.7,1.6900699138641357,0.12093353119655556
UBFC_PHYS_s17_T3_ctrl,46,142,50.733333333333334,1.6879395246505737,0.5260139310376492
UBFC_PHYS_s17_T3_ctrl,46,143,50.766666666666666,1.626684546470642,0.8996565404467711
UBFC_PHYS_s17_T3_ctrl,46,144,50.8,1.5882320404052734,1.1856734171336463
UBFC_PHYS_s17_T3_ctrl,46,145,50.833333333333336,1.5513830184936523,1.3371391049635415
UBFC_PHYS_s17_T3_ctrl,46,146,50.86666666666667,1.4340704679489136,1.3277640809869116
UBFC_PHYS_s17_T3_ctrl,46,147,50.9,1.2230552434921265,1.1592043571647632
UBFC_PHYS_s17_T3_ctrl,46,148,50.93333333333333,1.0573052167892456,0.8609788268427524
UBFC_PHYS_s17_T3_ctrl,46,149,50.96666666666667,1.1262272596359253,0.4819824853326652
UBFC_PHYS_s17_T3_ctrl,46,150,51.0,1.4136677980422974,0.07647874453423378
UBFC_PHYS_s17_T3_ctrl,46,151,51.03333333333333,1.677076816558838,-0.30965237500625514
UBFC_PHYS_s17_T3_ctrl,46,152,51.06666666666667,1.7638497352600098,-0.6470161054921648
UBFC_PHYS_s17_T3_ctrl,46,153,51.1,1.6767607927322388,-0.9228648497526316
UBFC_PHYS_s17_T3_ctrl,46,154,51.13333333333333,1.3934640884399414,-1.134773650769734
UBFC_PHYS_s17_T3_ctrl,46,155,51.166666666666664,0.9295864105224609,-1.2818619950695782
UBFC_PHYS_s17_T3_ctrl,46,156,51.2,0.45684775710105896,-1.3580829541139128
UBFC_PHYS_s17_T3_ctrl,46,157,51.233333333333334,0.14521199464797974,-1.3507068902628339
UBFC_PHYS_s17_T3_ctrl,46,158,51.266666666666666,-0.00516867358237505,-1.2447246391034448
UBFC_PHYS_s17_T3_ctrl,46,159,51.3,-0.1062457412481308,-1.0314128687931392
UBFC_PHYS_s17_T3_ctrl,46,160,51.333333333333336,-0.2358725517988205,-0.7175002233029195
UBFC_PHYS_s17_T3_ctrl,46,161,51.36666666666667,-0.38119643926620483,-0.3307103624876
UBFC_PHYS_s17_T3_ctrl,46,162,51.4,-0.4752502143383026,0.08174345188742321
UBFC_PHYS_s17_T3_ctrl,46,163,51.43333333333333,-0.4916847348213196,0.4626101019955053
UBFC_PHYS_s17_T3_ctrl,46,164,51.46666666666667,-0.48056450486183167,0.7592219576677637
UBFC_PHYS_s17_T3_ctrl,46,165,51.5,-0.5238865613937378,0.937659983773311
UBFC_PHYS_s17_T3_ctrl,46,166,51.53333333333333,-0.6984274387359619,0.9906947606872096
UBFC_PHYS_s17_T3_ctrl,46,167,51.56666666666667,-0.9875301122665405,0.9365580469327869
UBFC_PHYS_s17_T3_ctrl,46,168,51.6,-1.2309578657150269,0.8099348708786989
UBFC_PHYS_s17_T3_ctrl,46,169,51.63333333333333,-1.2460696697235107,0.6497414259849398
UBFC_PHYS_s17_T3_ctrl,46,170,51.666666666666664,-1.0306766033172607,0.4884834547116849
UBFC_PHYS_s17_T3_ctrl,46,171,51.7,-0.7363767027854919,0.3461384890497084
UBFC_PHYS_s17_T3_ctrl,46,172,51.733333333333334,-0.460114985704422,0.22935711007980314
UBFC_PHYS_s17_T3_ctrl,46,173,51.766666666666666,-0.19917577505111694,0.1350542805973201
UBFC_PHYS_s17_T3_ctrl,46,174,51.8,0.03678387030959129,0.05626307952793156
UBFC_PHYS_s17_T3_ctrl,46,175,51.833333333333336,0.22169579565525055,-0.012335385047576655
UBFC_PHYS_s17_T3_ctrl,46,176,51.86666666666667,0.37324702739715576,-0.07136203413940073
UBFC_PHYS_s17_T3_ctrl,46,177,51.9,0.5129639506340027,-0.11715546214486106
UBFC_PHYS_s17_T3_ctrl,46,178,51.93333333333333,0.6143336892127991,-0.1451120113890821
UBFC_PHYS_s17_T3_ctrl,46,179,51.96666666666667,0.6618229150772095,-0.15404728095610554
UBFC_PHYS_s17_T3_ctrl,46,180,52.0,0.6793811917304993,-0.1490487144081109
UBFC_PHYS_s17_T3_ctrl,46,181,52.03333333333333,0.623581051826477,-0.14088078045141966
UBFC_PHYS_s17_T3_ctrl,46,182,52.06666666666667,0.40190210938453674,-0.14176449558159412
UBFC_PHYS_s17_T3_ctrl,46,183,52.1,0.05957449600100517,-0.15939138537521572
UBFC_PHYS_s17_T3_ctrl,46,184,52.13333333333333,-0.23245453834533691,-0.19218996404438662
UBFC_PHYS_s17_T3_ctrl,46,185,52.166666666666664,-0.3932531177997589,-0.2283979910882778
UBFC_PHYS_s17_T3_ctrl,46,186,52.2,-0.48476678133010864,-0.24957078384229206
UBFC_PHYS_s17_T3_ctrl,46,187,52.233333333333334,-0.5653943419456482,-0.2370378772464293
UBFC_PHYS_s17_T3_ctrl,46,188,52.266666666666666,-0.580623209476471,-0.17876562448302455
UBFC_PHYS_s17_T3_ctrl,46,189,52.3,-0.39694035053253174,-0.07426725275626762
UBFC_PHYS_s17_T3_ctrl,46,190,52.333333333333336,0.026799071580171585,0.06388852938728934
UBFC_PHYS_s17_T3_ctrl,46,191,52.36666666666667,0.5672892332077026,0.2123658076241431
UBFC_PHYS_s17_T3_ctrl,46,192,52.4,1.0824135541915894,0.3426432721497818
UBFC_PHYS_s17_T3_ctrl,46,193,52.43333333333333,1.5348197221755981,0.4284777192294977
UBFC_PHYS_s17_T3_ctrl,46,194,52.46666666666667,1.9010851383209229,0.4529328156947194
UBFC_PHYS_s17_T3_ctrl,46,195,52.5,2.133556604385376,0.41249250918016367
UBFC_PHYS_s17_T3_ctrl,46,196,52.53333333333333,2.323256015777588,0.31688414217090444
UBFC_PHYS_s17_T3_ctrl,46,197,52.56666666666667,2.67685604095459,0.18502614075521917
UBFC_PHYS_s17_T3_ctrl,46,198,52.6,3.1766579151153564,0.03896841560797402
UBFC_PHYS_s17_T3_ctrl,46,199,52.63333333333333,3.457613468170166,-0.10181200242018162
UBFC_PHYS_s17_T3_ctrl,46,200,52.666666666666664,3.1347873210906982,-0.22394200874078188
UBFC_PHYS_s17_T3_ctrl,46,201,52.7,2.2455079555511475,-0.32084878796575445
UBFC_PHYS_s17_T3_ctrl,46,202,52.733333333333334,1.2383543252944946,-0.3911257521843782
UBFC_PHYS_s17_T3_ctrl,46,203,52.766666666666666,0.4915663003921509,-0.4358177397398756
UBFC_PHYS_s17_T3_ctrl,46,204,52.8,0.001351294806227088,-0.4560126633877063
UBFC_PHYS_s17_T3_ctrl,46,205,52.833333333333336,-0.39694035053253174,-0.45169416729999806
UBFC_PHYS_s17_T3_ctrl,46,206,52.86666666666667,-0.8190410137176514,-0.42205855050102453
UBFC_PHYS_s17_T3_ctrl,46,207,52.9,-1.3510915040969849,-0.3668342947812935
UBFC_PHYS_s17_T3_ctrl,46,208,52.93333333333333,-1.9828729629516602,-0.2878475657589423
UBFC_PHYS_s17_T3_ctrl,46,209,52.96666666666667,-2.540734052658081,-0.19009568646128586
UBFC_PHYS_s17_T3_ctrl,46,210,53.0,-2.805231809616089,-0.08177399203084552
UBFC_PHYS_s17_T3_ctrl,46,211,53.03333333333333,-2.692811965942383,0.02693080995035133
UBFC_PHYS_s17_T3_ctrl,46,212,53.06666666666667,-2.3936893939971924,0.12593215785571207
UBFC_PHYS_s17_T3_ctrl,46,213,53.1,-2.1620373725891113,0.2074274842084476
UBFC_PHYS_s17_T3_ctrl,46,214,53.13333333333333,-2.0496411323547363,0.2673115873929343
UBFC_PHYS_s17_T3_ctrl,46,215,53.166666666666664,-1.9093506336212158,0.3053217025969853
UBFC_PHYS_s17_T3_ctrl,46,216,53.2,-1.6407326459884644,0.3240342673532112
UBFC_PHYS_s17_T3_ctrl,46,217,53.233333333333334,-1.2900121212005615,0.3273345533148271
UBFC_PHYS_s17_T3_ctrl,46,218,53.266666666666666,-0.9314606785774231,0.3190760842338167
UBFC_PHYS_s17_T3_ctrl,46,219,53.3,-0.5828823447227478,0.30236645378950544
UBFC_PHYS_s17_T3_ctrl,46,220,53.333333333333336,-0.2726278305053711,0.2794873167736765
UBFC_PHYS_s17_T3_ctrl,46,221,53.36666666666667,-0.06161263585090637,0.2521217467666349
UBFC_PHYS_s17_T3_ctrl,46,222,53.4,0.06663291901350021,0.22148630931858213
UBFC_PHYS_s17_T3_ctrl,46,223,53.43333333333333,0.1899036318063736,0.188172765438283
UBFC_PHYS_s17_T3_ctrl,46,224,53.46666666666667,0.2956863045692444,0.15185336367608557
UBFC_PHYS_s17_T3_ctrl,46,225,53.5,0.3211926221847534,0.11121631509777731
UBFC_PHYS_s17_T3_ctrl,46,226,53.53333333333333,0.31869933009147644,0.0643930113247657
UBFC_PHYS_s17_T3_ctrl,46,227,53.56666666666667,0.3782101571559906,0.009827308641036755
UBFC_PHYS_s17_T3_ctrl,46,228,53.6,0.4542842507362366,-0.052731344386478626
UBFC_PHYS_s17_T3_ctrl,46,229,53.63333333333333,0.44838467240333557,-0.12147458601975866
UBFC_PHYS_s17_T3_ctrl,46,230,53.666666666666664,0.35982078313827515,-0.19221914738406526
UBFC_PHYS_s17_T3_ctrl,46,231,53.7,0.28063303232192993,-0.2585979472255225
UBFC_PHYS_s17_T3_ctrl,46,232,53.733333333333334,0.29559266567230225,-0.31287317154264555
UBFC_PHYS_s17_T3_ctrl,46,233,53.766666666666666,0.3853856325149536,-0.34742784356082984
UBFC_PHYS_s17_T3_ctrl,46,234,53.8,0.4222579896450043,-0.35661838496038034
UBFC_PHYS_s17_T3_ctrl,46,235,53.833333333333336,0.3642688989639282,-0.33828550972517785
UBFC_PHYS_s17_T3_ctrl,46,236,53.86666666666667,0.33099013566970825,-0.29423685160258745
UBFC_PHYS_s17_T3_ctrl,46,237,53.9,0.38320839405059814,-0.22948583381784507
UBFC_PHYS_s17_T3_ctrl,46,238,53.93333333333333,0.40818795561790466,-0.15070004656958638
UBFC_PHYS_s17_T3_ctrl,46,239,53.96666666666667,0.326612263917923,-0.06477220710648468
UBFC_PHYS_s17_T3_ctrl,47,0,47.0,-2.0170412063598633,-0.051805960302861706
UBFC_PHYS_s17_T3_ctrl,47,1,47.03333333333333,-1.8878241777420044,-0.05512637058135942
UBFC_PHYS_s17_T3_ctrl,47,2,47.06666666666667,-1.8141145706176758,-0.06611187616722798
UBFC_PHYS_s17_T3_ctrl,47,3,47.1,-1.7179889678955078,-0.08684263958797649
UBFC_PHYS_s17_T3_ctrl,47,4,47.13333333333333,-1.6365654468536377,-0.10986075799963438
UBFC_PHYS_s17_T3_ctrl,47,5,47.166666666666664,-1.6240288019180298,-0.11991367427671376
UBFC_PHYS_s17_T3_ctrl,47,6,47.2,-1.6735665798187256,-0.10014234141836453
UBFC_PHYS_s17_T3_ctrl,47,7,47.233333333333334,-1.839187741279602,-0.03987482752869848
UBFC_PHYS_s17_T3_ctrl,47,8,47.266666666666666,-2.1891708374023438,0.05946747768627363
UBFC_PHYS_s17_T3_ctrl,47,9,47.3,-2.6082279682159424,0.18286125495714697
UBFC_PHYS_s17_T3_ctrl,47,10,47.333333333333336,-2.9222867488861084,0.3052909492665037
UBFC_PHYS_s17_T3_ctrl,47,11,47.36666666666667,-3.070232629776001,0.3992329970181062
UBFC_PHYS_s17_T3_ctrl,47,12,47.4,-3.043497323989868,0.4432199207916663
UBFC_PHYS_s17_T3_ctrl,47,13,47.43333333333333,-2.8813059329986572,0.42829581842079134
UBFC_PHYS_s17_T3_ctrl,47,14,47.46666666666667,-2.706296682357788,0.3602258724037983
UBFC_PHYS_s17_T3_ctrl,47,15,47.5,-2.570828914642334,0.25714853575983837
UBFC_PHYS_s17_T3_ctrl,47,16,47.53333333333333,-2.3633837699890137,0.14397777049898258
UBFC_PHYS_s17_T3_ctrl,47,17,47.56666666666667,-1.9780502319335938,0.04570014293213126
UBFC_PHYS_s17_T3_ctrl,47,18,47.6,-1.4121590852737427,-0.01836981863668974
UBFC_PHYS_s17_T3_ctrl,47,19,47.63333333333333,-0.7264621257781982,-0.03813047863396376
UBFC_PHYS_s17_T3_ctrl,47,20,47.666666666666664,-0.02406136505305767,-0.013867648712716826
UBFC_PHYS_s17_T3_ctrl,47,21,47.7,0.5739964842796326,0.04441429648896175
UBFC_PHYS_s17_T3_ctrl,47,22,47.733333333333334,1.0014699697494507,0.1190070825127289
UBFC_PHYS_s17_T3_ctrl,47,23,47.766666666666666,1.286019206047058,0.18766533070607333
UBFC_PHYS_s17_T3_ctrl,47,24,47.8,1.5096763372421265,0.22773859310428013
UBFC_PHYS_s17_T3_ctrl,47,25,47.833333333333336,1.7334036827087402,0.22071688126476052
UBFC_PHYS_s17_T3_ctrl,47,26,47.86666666666667,1.9752278327941895,0.1562136404478633
UBFC_PHYS_s17_T3_ctrl,47,27,47.9,2.223735809326172,0.03434134189137664
UBFC_PHYS_s17_T3_ctrl,47,28,47.93333333333333,2.4298229217529297,-0.13408397673249667
UBFC_PHYS_s17_T3_ctrl,47,29,47.96666666666667,2.523209571838379,-0.3293168077233745
UBFC_PHYS_s17_T3_ctrl,47,30,48.0,2.5019288063049316,-0.5256858766371144
UBFC_PHYS_s17_T3_ctrl,47,31,48.03333333333333,2.4671401977539062,-0.695050966477747
UBFC_PHYS_s17_T3_ctrl,47,32,48.06666666666667,2.451138734817505,-0.8103783670294737
UBFC_PHYS_s17_T3_ctrl,47,33,48.1,2.26218843460083,-0.8494662640771671
UBFC_PHYS_s17_T3_ctrl,47,34,48.13333333333333,1.6076748371124268,-0.7986953067102182
UBFC_PHYS_s17_T3_ctrl,47,35,48.166666666666664,0.37773022055625916,-0.6561937949729391
UBFC_PHYS_s17_T3_ctrl,47,36,48.2,-1.1349492073059082,-0.4334620446332632
UBFC_PHYS_s17_T3_ctrl,47,37,48.233333333333334,-2.3182122707366943,-0.1545705879093054
UBFC_PHYS_s17_T3_ctrl,47,38,48.266666666666666,-2.6920979022979736,0.14740408152972886
UBFC_PHYS_s17_T3_ctrl,47,39,48.3,-2.301239252090454,0.4361106640942637
UBFC_PHYS_s17_T3_ctrl,47,40,48.333333333333336,-1.494624376296997,0.6782650952682885
UBFC_PHYS_s17_T3_ctrl,47,41,48.36666666666667,-0.6495218276977539,0.8486722914957638
UBFC_PHYS_s17_T3_ctrl,47,42,48.4,-0.17461761832237244,0.9325865881516893
UBFC_PHYS_s17_T3_ctrl,47,43,48.43333333333333,-0.25142917037010193,0.9253332354179132
UBFC_PHYS_s17_T3_ctrl,47,44,48.46666666666667,-0.6160440444946289,0.8303304775095878
UBFC_PHYS_s17_T3_ctrl,47,45,48.5,-0.9621408581733704,0.6570705914397279
UBFC_PHYS_s17_T3_ctrl,47,46,48.53333333333333,-1.323969841003418,0.42000458525097184
UBFC_PHYS_s17_T3_ctrl,47,47,48.56666666666667,-1.7371859550476074,0.13827547791066175
UBFC_PHYS_s17_T3_ctrl,47,48,48.6,-1.9843828678131104,-0.16435528318145873
UBFC_PHYS_s17_T3_ctrl,47,49,48.63333333333333,-1.953468680381775,-0.4600912287884463
UBFC_PHYS_s17_T3_ctrl,47,50,48.666666666666664,-1.8502963781356812,-0.718639443683735
UBFC_PHYS_s17_T3_ctrl,47,51,48.7,-1.9590638875961304,-0.9098516358972766
UBFC_PHYS_s17_T3_ctrl,47,52,48.733333333333334,-2.3421618938446045,-1.0074042756504147
UBFC_PHYS_s17_T3_ctrl,47,53,48.766666666666666,-2.6741886138916016,-0.9932454471954599
UBFC_PHYS_s17_T3_ctrl,47,54,48.8,-2.500420331954956,-0.8621770943680483
UBFC_PHYS_s17_T3_ctrl,47,55,48.833333333333336,-1.945696234703064,-0.6253943601753829
UBFC_PHYS_s17_T3_ctrl,47,56,48.86666666666667,-1.5431437492370605,-0.3113249544223394
UBFC_PHYS_s17_T3_ctrl,47,57,48.9,-1.334727168083191,0.0377088144134927
UBFC_PHYS_s17_T3_ctrl,47,58,48.93333333333333,-0.8965080380439758,0.37322885486834045
UBFC_PHYS_s17_T3_ctrl,47,59,48.96666666666667,-0.132828950881958,0.6508869918873034
UBFC_PHYS_s17_T3_ctrl,47,60,49.0,0.7283687591552734,0.8396132213851896
UBFC_PHYS_s17_T3_ctrl,47,61,49.03333333333333,1.5647156238555908,0.9260536707724053
UBFC_PHYS_s17_T3_ctrl,47,62,49.06666666666667,2.220013380050659,0.9132996572516632
UBFC_PHYS_s17_T3_ctrl,47,63,49.1,2.46744441986084,0.8158991062341783
UBFC_PHYS_s17_T3_ctrl,47,64,49.13333333333333,2.3691649436950684,0.6542523956013202
UBFC_PHYS_s17_T3_ctrl,47,65,49.166666666666664,2.247568130493164,0.4505873323899102
UBFC_PHYS_s17_T3_ctrl,47,66,49.2,2.272618055343628,0.22698285899320098
UBFC_PHYS_s17_T3_ctrl,47,67,49.233333333333334,2.3289449214935303,0.004604098489115143
UBFC_PHYS_s17_T3_ctrl,47,68,49.266666666666666,2.2548489570617676,-0.1969312796260045
UBFC_PHYS_s17_T3_ctrl,47,69,49.3,2.0196385383605957,-0.36060942459556056
UBFC_PHYS_s17_T3_ctrl,47,70,49.333333333333336,1.6776269674301147,-0.4734241619434501
UBFC_PHYS_s17_T3_ctrl,47,71,49.36666666666667,1.3031560182571411,-0.5276699795509522
UBFC_PHYS_s17_T3_ctrl,47,72,49.4,0.9467232823371887,-0.52161442360808
UBFC_PHYS_s17_T3_ctrl,47,73,49.43333333333333,0.5474952459335327,-0.45930773295998845
UBFC_PHYS_s17_T3_ctrl,47,74,49.46666666666667,-0.018185200169682503,-0.3497265818517306
UBFC_PHYS_s17_T3_ctrl,47,75,49.5,-0.7502126097679138,-0.2057771531703251
UBFC_PHYS_s17_T3_ctrl,47,76,49.53333333333333,-1.441973090171814,-0.043657587658904026
UBFC_PHYS_s17_T3_ctrl,47,77,49.56666666666667,-1.8067635297775269,0.1173368112522394
UBFC_PHYS_s17_T3_ctrl,47,78,49.6,-1.6992367506027222,0.25509936326412785
UBFC_PHYS_s17_T3_ctrl,47,79,49.63333333333333,-1.1747597455978394,0.34607451778807247
UBFC_PHYS_s17_T3_ctrl,47,80,49.666666666666664,-0.3477186858654022,0.3685891960462904
UBFC_PHYS_s17_T3_ctrl,47,81,49.7,0.6222817301750183,0.3081968888259898
UBFC_PHYS_s17_T3_ctrl,47,82,49.733333333333334,1.4529045820236206,0.16369516772697673
UBFC_PHYS_s17_T3_ctrl,47,83,49.766666666666666,1.9149327278137207,-0.048682542753939434
UBFC_PHYS_s17_T3_ctrl,47,84,49.8,2.0431315898895264,-0.2954723156873922
UBFC_PHYS_s17_T3_ctrl,47,85,49.833333333333336,1.9939683675765991,-0.5316881088707442
UBFC_PHYS_s17_T3_ctrl,47,86,49.86666666666667,1.8922709226608276,-0.7106417351084177
UBFC_PHYS_s17_T3_ctrl,47,87,49.9,1.8026885986328125,-0.7946206521799085
UBFC_PHYS_s17_T3_ctrl,47,88,49.93333333333333,1.6891685724258423,-0.7631868813350376
UBFC_PHYS_s17_T3_ctrl,47,89,49.96666666666667,1.4716334342956543,-0.6171454922919184
UBFC_PHYS_s17_T3_ctrl,47,90,50.0,1.0905957221984863,-0.3776059212802842
UBFC_PHYS_s17_T3_ctrl,47,91,50.03333333333333,0.46944287419319153,-0.08072024929497458
UBFC_PHYS_s17_T3_ctrl,47,92,50.06666666666667,-0.39842694997787476,0.2303021408081036
UBFC_PHYS_s17_T3_ctrl,47,93,50.1,-1.3153077363967896,0.5136754346760183
UBFC_PHYS_s17_T3_ctrl,47,94,50.13333333333333,-1.9552595615386963,0.7358510614226571
UBFC_PHYS_s17_T3_ctrl,47,95,50.166666666666664,-2.185659170150757,0.875308424146535
UBFC_PHYS_s17_T3_ctrl,47,96,50.2,-2.16913104057312,0.9232080749828758
UBFC_PHYS_s17_T3_ctrl,47,97,50.233333333333334,-2.0905869007110596,0.8818105290645702
UBFC_PHYS_s17_T3_ctrl,47,98,50.266666666666666,-1.9135295152664185,0.7618606238955166
UBFC_PHYS_s17_T3_ctrl,47,99,50.3,-1.493348479270935,0.579821005711556
UBFC_PHYS_s17_T3_ctrl,47,100,50.333333333333336,-0.8557962775230408,0.35533912859432476
UBFC_PHYS_s17_T3_ctrl,47,101,50.36666666666667,-0.21675744652748108,0.10901622183329239
UBFC_PHYS_s17_T3_ctrl,47,102,50.4,0.22290146350860596,-0.13944124351592938
UBFC_PHYS_s17_T3_ctrl,47,103,50.43333333333333,0.4139938950538635,-0.37240013510602443
UBFC_PHYS_s17_T3_ctrl,47,104,50.46666666666667,0.42742010951042175,-0.5744377996960998
UBFC_PHYS_s17_T3_ctrl,47,105,50.5,0.4323364198207855,-0.7314351888470702
UBFC_PHYS_s17_T3_ctrl,47,106,50.53333333333333,0.6090076565742493,-0.8293897887103736
UBFC_PHYS_s17_T3_ctrl,47,107,50.56666666666667,0.9259928464889526,-0.8541927658526838
UBFC_PHYS_s17_T3_ctrl,47,108,50.6,1.2181740999221802,-0.7932699375213617
UBFC_PHYS_s17_T3_ctrl,47,109,50.63333333333333,1.423816442489624,-0.6391479314782572
UBFC_PHYS_s17_T3_ctrl,47,110,50.666666666666664,1.586089849472046,-0.39420797802916396
UBFC_PHYS_s17_T3_ctrl,47,111,50.7,1.6900699138641357,-0.07514085081701431
UBFC_PHYS_s17_T3_ctrl,47,112,50.733333333333334,1.6879395246505737,0.28502636525426067
UBFC_PHYS_s17_T3_ctrl,47,113,50.766666666666666,1.626684546470642,0.6393620841757132
UBFC_PHYS_s17_T3_ctrl,47,114,50.8,1.5882320404052734,0.9346411620861936
UBFC_PHYS_s17_T3_ctrl,47,115,50.833333333333336,1.5513830184936523,1.1227760090797698
UBFC_PHYS_s17_T3_ctrl,47,116,50.86666666666667,1.4340704679489136,1.1727828392713637
UBFC_PHYS_s17_T3_ctrl,47,117,50.9,1.2230552434921265,1.079027601201595
UBFC_PHYS_s17_T3_ctrl,47,118,50.93333333333333,1.0573052167892456,0.8621410472902987
UBFC_PHYS_s17_T3_ctrl,47,119,50.96666666666667,1.1262272596359253,0.5617083440616426
UBFC_PHYS_s17_T3_ctrl,47,120,51.0,1.4136677980422974,0.22380419966196527
UBFC_PHYS_s17_T3_ctrl,47,121,51.03333333333333,1.677076816558838,-0.11106568194887884
UBFC_PHYS_s17_T3_ctrl,47,122,51.06666666666667,1.7638497352600098,-0.41500094504328144
UBFC_PHYS_s17_T3_ctrl,47,123,51.1,1.6767607927322388,-0.6732463412086631
UBFC_PHYS_s17_T3_ctrl,47,124,51.13333333333333,1.3934640884399414,-0.8797045322872119
UBFC_PHYS_s17_T3_ctrl,47,125,51.166666666666664,0.9295864105224609,-1.0304933907056928
UBFC_PHYS_s17_T3_ctrl,47,126,51.2,0.45684775710105896,-1.1187917235169915
UBFC_PHYS_s17_T3_ctrl,47,127,51.233333333333334,0.14521199464797974,-1.1333222907622313
UBFC_PHYS_s17_T3_ctrl,47,128,51.266666666666666,-0.00516867358237505,-1.061330296907403
UBFC_PHYS_s17_T3_ctrl,47,129,51.3,-0.1062457412481308,-0.8951385495668378
UBFC_PHYS_s17_T3_ctrl,47,130,51.333333333333336,-0.2358725517988205,-0.6396771812848726
UBFC_PHYS_s17_T3_ctrl,47,131,51.36666666666667,-0.38119643926620483,-0.31747580160275796
UBFC_PHYS_s17_T3_ctrl,47,132,51.4,-0.4752502143383026,0.03190471671158978
UBFC_PHYS_s17_T3_ctrl,47,133,51.43333333333333,-0.4916847348213196,0.3589789819170654
UBFC_PHYS_s17_T3_ctrl,47,134,51.46666666666667,-0.48056450486183167,0.6160277543893653
UBFC_PHYS_s17_T3_ctrl,47,135,51.5,-0.5238865613937378,0.7691776044764692
UBFC_PHYS_s17_T3_ctrl,47,136,51.53333333333333,-0.6984274387359619,0.8064573615583506
UBFC_PHYS_s17_T3_ctrl,47,137,51.56666666666667,-0.9875301122665405,0.739193134176405
UBFC_PHYS_s17_T3_ctrl,47,138,51.6,-1.2309578657150269,0.5968271877142195
UBFC_PHYS_s17_T3_ctrl,47,139,51.63333333333333,-1.2460696697235107,0.41752848327848885
UBFC_PHYS_s17_T3_ctrl,47,140,51.666666666666664,-1.0306766033172607,0.23788760202848055
UBFC_PHYS_s17_T3_ctrl,47,141,51.7,-0.7363767027854919,0.0847303222234823
UBFC_PHYS_s17_T3_ctrl,47,142,51.733333333333334,-0.460114985704422,-0.028814008162697906
UBFC_PHYS_s17_T3_ctrl,47,143,51.766666666666666,-0.19917577505111694,-0.10225672326147275
UBFC_PHYS_s17_T3_ctrl,47,144,51.8,0.03678387030959129,-0.14273867203766247
UBFC_PHYS_s17_T3_ctrl,47,145,51.833333333333336,0.22169579565525055,-0.15858866008026426
UBFC_PHYS_s17_T3_ctrl,47,146,51.86666666666667,0.37324702739715576,-0.15447585683041593
UBFC_PHYS_s17_T3_ctrl,47,147,51.9,0.5129639506340027,-0.13035179544766165
UBFC_PHYS_s17_T3_ctrl,47,148,51.93333333333333,0.6143336892127991,-0.08445199968352553
UBFC_PHYS_s17_T3_ctrl,47,149,51.96666666666667,0.6618229150772095,-0.01843019805477445
UBFC_PHYS_s17_T3_ctrl,47,150,52.0,0.6793811917304993,0.05866428741699653
UBFC_PHYS_s17_T3_ctrl,47,151,52.03333333333333,0.623581051826477,0.1304286648846845
UBFC_PHYS_s17_T3_ctrl,47,152,52.06666666666667,0.40190210938453674,0.17779162060221249
UBFC_PHYS_s17_T3_ctrl,47,153,52.1,0.05957449600100517,0.18630424115758035
UBFC_PHYS_s17_T3_ctrl,47,154,52.13333333333333,-0.23245453834533691,0.15255559434433633
UBFC_PHYS_s17_T3_ctrl,47,155,52.166666666666664,-0.3932531177997589,0.0866291839993905
UBFC_PHYS_s17_T3_ctrl,47,156,52.2,-0.48476678133010864,0.009383678534430154
UBFC_PHYS_s17_T3_ctrl,47,157,52.233333333333334,-0.5653943419456482,-0.05435809422496648
UBFC_PHYS_s17_T3_ctrl,47,158,52.266666666666666,-0.580623209476471,-0.08400672657940067
UBFC_PHYS_s17_T3_ctrl,47,159,52.3,-0.39694035053253174,-0.06975511424254933
UBFC_PHYS_s17_T3_ctrl,47,160,52.333333333333336,0.026799071580171585,-0.015357960833992905
UBFC_PHYS_s17_T3_ctrl,47,161,52.36666666666667,0.5672892332077026,0.06347808744226932
UBFC_PHYS_s17_T3_ctrl,47,162,52.4,1.0824135541915894,0.14432671024761454
UBFC_PHYS_s17_T3_ctrl,47,163,52.43333333333333,1.5348197221755981,0.205075604736458
UBFC_PHYS_s17_T3_ctrl,47,164,52.46666666666667,1.9010851383209229,0.23033114533792115
UBFC_PHYS_s17_T3_ctrl,47,165,52.5,2.133556604385376,0.21499476517794247
UBFC_PHYS_s17_T3_ctrl,47,166,52.53333333333333,2.323256015777588,0.16403023985890147
UBFC_PHYS_s17_T3_ctrl,47,167,52.56666666666667,2.67685604095459,0.08904314163888948
UBFC_PHYS_s17_T3_ctrl,47,168,52.6,3.1766579151153564,0.0034542209783953487
UBFC_PHYS_s17_T3_ctrl,47,169,52.63333333333333,3.457613468170166,-0.08167843335226518
UBFC_PHYS_s17_T3_ctrl,47,170,52.666666666666664,3.1347873210906982,-0.15974230323549385
UBFC_PHYS_s17_T3_ctrl,47,171,52.7,2.2455079555511475,-0.228213543563138
UBFC_PHYS_s17_T3_ctrl,47,172,52.733333333333334,1.2383543252944946,-0.286576505149131
UBFC_PHYS_s17_T3_ctrl,47,173,52.766666666666666,0.4915663003921509,-0.3338388269723444
UBFC_PHYS_s17_T3_ctrl,47,174,52.8,0.001351294806227088,-0.36693211954968596
UBFC_PHYS_s17_T3_ctrl,47,175,52.833333333333336,-0.39694035053253174,-0.38074742859646615
UBFC_PHYS_s17_T3_ctrl,47,176,52.86666666666667,-0.8190410137176514,-0.3697888821206976
UBFC_PHYS_s17_T3_ctrl,47,177,52.9,-1.3510915040969849,-0.33073385019734175
UBFC_PHYS_s17_T3_ctrl,47,178,52.93333333333333,-1.9828729629516602,-0.26478840515268587
UBFC_PHYS_s17_T3_ctrl,47,179,52.96666666666667,-2.540734052658081,-0.1787272208447915
UBFC_PHYS_s17_T3_ctrl,47,180,53.0,-2.805231809616089,-0.08393201169284407
UBFC_PHYS_s17_T3_ctrl,47,181,53.03333333333333,-2.692811965942383,0.006426107813167714
UBFC_PHYS_s17_T3_ctrl,47,182,53.06666666666667,-2.3936893939971924,0.0809561773968278
UBFC_PHYS_s17_T3_ctrl,47,183,53.1,-2.1620373725891113,0.13284203696815772
UBFC_PHYS_s17_T3_ctrl,47,184,53.13333333333333,-2.0496411323547363,0.16083804021093598
UBFC_PHYS_s17_T3_ctrl,47,185,53.166666666666664,-1.9093506336212158,0.1684107181957336
UBFC_PHYS_s17_T3_ctrl,47,186,53.2,-1.6407326459884644,0.16171196115933914
UBFC_PHYS_s17_T3_ctrl,47,187,53.233333333333334,-1.2900121212005615,0.14733760611260666
UBFC_PHYS_s17_T3_ctrl,47,188,53.266666666666666,-0.9314606785774231,0.13068831812600878
UBFC_PHYS_s17_T3_ctrl,47,189,53.3,-0.5828823447227478,0.11533332997142863
UBFC_PHYS_s17_T3_ctrl,47,190,53.333333333333336,-0.2726278305053711,0.10325947272818323
UBFC_PHYS_s17_T3_ctrl,47,191,53.36666666666667,-0.06161263585090637,0.09549509366168629
UBFC_PHYS_s17_T3_ctrl,47,192,53.4,0.06663291901350021,0.09252033252521163
UBFC_PHYS_s17_T3_ctrl,47,193,53.43333333333333,0.1899036318063736,0.09418310542215515
UBFC_PHYS_s17_T3_ctrl,47,194,53.46666666666667,0.2956863045692444,0.09936164768568316
UBFC_PHYS_s17_T3_ctrl,47,195,53.5,0.3211926221847534,0.10589487734672354
UBFC_PHYS_s17_T3_ctrl,47,196,53.53333333333333,0.31869933009147644,0.11105826440455227
UBFC_PHYS_s17_T3_ctrl,47,197,53.56666666666667,0.3782101571559906,0.11237322071070165
UBFC_PHYS_s17_T3_ctrl,47,198,53.6,0.4542842507362366,0.10826737986319059
UBFC_PHYS_s17_T3_ctrl,47,199,53.63333333333333,0.44838467240333557,0.09825750860889393
UBFC_PHYS_s17_T3_ctrl,47,200,53.666666666666664,0.35982078313827515,0.08275660240710768
UBFC_PHYS_s17_T3_ctrl,47,201,53.7,0.28063303232192993,0.0628527608534884
UBFC_PHYS_s17_T3_ctrl,47,202,53.733333333333334,0.29559266567230225,0.040213836422858154
UBFC_PHYS_s17_T3_ctrl,47,203,53.766666666666666,0.3853856325149536,0.017010491443233033
UBFC_PHYS_s17_T3_ctrl,47,204,53.8,0.4222579896450043,-0.004207284040407682
UBFC_PHYS_s17_T3_ctrl,47,205,53.833333333333336,0.3642688989639282,-0.02064801571112554
UBFC_PHYS_s17_T3_ctrl,47,206,53.86666666666667,0.33099013566970825,-0.029543701347827474
UBFC_PHYS_s17_T3_ctrl,47,207,53.9,0.38320839405059814,-0.028793696844105102
UBFC_PHYS_s17_T3_ctrl,47,208,53.93333333333333,0.40818795561790466,-0.018038333183016307
UBFC_PHYS_s17_T3_ctrl,47,209,53.96666666666667,0.326612263917923,0.00024346782346921342
UBFC_PHYS_s17_T3_ctrl,47,210,54.0,0.20460574328899384,0.020369447864759565
UBFC_PHYS_s17_T3_ctrl,47,211,54.03333333333333,0.11396999657154083,0.03445004529886715
UBFC_PHYS_s17_T3_ctrl,47,212,54.06666666666667,0.06399917602539062,0.03469314390189339
UBFC_PHYS_s17_T3_ctrl,47,213,54.1,0.0751311182975769,0.0161767329681363
UBFC_PHYS_s17_T3_ctrl,47,214,54.13333333333333,0.14762333035469055,-0.021102377305372084
UBFC_PHYS_s17_T3_ctrl,47,215,54.166666666666664,0.19998207688331604,-0.07181187490618736
UBFC_PHYS_s17_T3_ctrl,47,216,54.2,0.13974551856517792,-0.12668928631851517
UBFC_PHYS_s17_T3_ctrl,47,217,54.233333333333334,-0.010564913041889668,-0.1753135756776446
UBFC_PHYS_s17_T3_ctrl,47,218,54.266666666666666,-0.1342570185661316,-0.20951752742071098
UBFC_PHYS_s17_T3_ctrl,47,219,54.3,-0.20067408680915833,-0.2265141812798813
UBFC_PHYS_s17_T3_ctrl,47,220,54.333333333333336,-0.30768585205078125,-0.2304658705305476
UBFC_PHYS_s17_T3_ctrl,47,221,54.36666666666667,-0.5248347520828247,-0.2312654179730678
UBFC_PHYS_s17_T3_ctrl,47,222,54.4,-0.813773512840271,-0.24024919870114
UBFC_PHYS_s17_T3_ctrl,47,223,54.43333333333333,-1.0450392961502075,-0.26414923428842213
UBFC_PHYS_s17_T3_ctrl,47,224,54.46666666666667,-1.0656994581222534,-0.2999403020973907
UBFC_PHYS_s17_T3_ctrl,47,225,54.5,-0.835896909236908,-0.33331318008252037
UBFC_PHYS_s17_T3_ctrl,47,226,54.53333333333333,-0.49328839778900146,-0.3419530384564007
UBFC_PHYS_s17_T3_ctrl,47,227,54.56666666666667,-0.22120554745197296,-0.30257372844302544
UBFC_PHYS_s17_T3_ctrl,47,228,54.6,-0.0860186219215393,-0.19909004797891314
UBFC_PHYS_s17_T3_ctrl,47,229,54.63333333333333,-0.042403895407915115,-0.029072216680680645
UBFC_PHYS_s17_T3_ctrl,47,230,54.666666666666664,-0.012648493982851505,0.19343706134882158
UBFC_PHYS_s17_T3_ctrl,47,231,54.7,0.03646782040596008,0.43941204552387036
UBFC_PHYS_s17_T3_ctrl,47,232,54.733333333333334,0.09511242061853409,0.670395015808952
UBFC_PHYS_s17_T3_ctrl,47,233,54.766666666666666,0.16402274370193481,0.8469700149714519
UBFC_PHYS_s17_T3_ctrl,47,234,54.8,0.2656031548976898,0.9378723401632384
UBFC_PHYS_s17_T3_ctrl,47,235,54.833333333333336,0.3916012644767761,0.926797341093181
UBFC_PHYS_s17_T3_ctrl,47,236,54.86666666666667,0.47939255833625793,0.8146741191113918
UBFC_PHYS_s17_T3_ctrl,47,237,54.9,0.4847302734851837,0.6171342465446412
UBFC_PHYS_s17_T3_ctrl,47,238,54.93333333333333,0.4708709716796875,0.3591494574450585
UBFC_PHYS_s17_T3_ctrl,47,239,54.96666666666667,0.5508313179016113,0.06983832632351722
UBFC_PHYS_s17_T3_ctrl,48,0,48.0,2.5019288063049316,0.1347069445566094
UBFC_PHYS_s17_T3_ctrl,48,1,48.03333333333333,2.4671401977539062,0.2465465914151654
UBFC_PHYS_s17_T3_ctrl,48,2,48.06666666666667,2.451138734817505,0.3293780939338143
UBFC_PHYS_s17_T3_ctrl,48,3,48.1,2.26218843460083,0.3639815104372203
UBFC_PHYS_s17_T3_ctrl,48,4,48.13333333333333,1.6076748371124268,0.3457825663829782
UBFC_PHYS_s17_T3_ctrl,48,5,48.166666666666664,0.37773022055625916,0.286266900856177
UBFC_PHYS_s17_T3_ctrl,48,6,48.2,-1.1349492073059082,0.20917630538375986
UBFC_PHYS_s17_T3_ctrl,48,7,48.233333333333334,-2.3182122707366943,0.14289413559282055
UBFC_PHYS_s17_T3_ctrl,48,8,48.266666666666666,-2.6920979022979736,0.11165024887480791
UBFC_PHYS_s17_T3_ctrl,48,9,48.3,-2.301239252090454,0.12826439752438332
UBFC_PHYS_s17_T3_ctrl,48,10,48.333333333333336,-1.494624376296997,0.1903160515153228
UBFC_PHYS_s17_T3_ctrl,48,11,48.36666666666667,-0.6495218276977539,0.28042291219190263
UBFC_PHYS_s17_T3_ctrl,48,12,48.4,-0.17461761832237244,0.3702455807103006
UBFC_PHYS_s17_T3_ctrl,48,13,48.43333333333333,-0.25142917037010193,0.42710380297416095
UBFC_PHYS_s17_T3_ctrl,48,14,48.46666666666667,-0.6160440444946289,0.42166353182531885
UBFC_PHYS_s17_T3_ctrl,48,15,48.5,-0.9621408581733704,0.3349732164088851
UBFC_PHYS_s17_T3_ctrl,48,16,48.53333333333333,-1.323969841003418,0.1632152621572838
UBFC_PHYS_s17_T3_ctrl,48,17,48.56666666666667,-1.7371859550476074,-0.08095981749167998
UBFC_PHYS_s17_T3_ctrl,48,18,48.6,-1.9843828678131104,-0.3706903698616302
UBFC_PHYS_s17_T3_ctrl,48,19,48.63333333333333,-1.953468680381775,-0.6697921032506976
UBFC_PHYS_s17_T3_ctrl,48,20,48.666666666666664,-1.8502963781356812,-0.9385545182579591
UBFC_PHYS_s17_T3_ctrl,48,21,48.7,-1.9590638875961304,-1.1389499540999668
UBFC_PHYS_s17_T3_ctrl,48,22,48.733333333333334,-2.3421618938446045,-1.2389498795859335
UBFC_PHYS_s17_T3_ctrl,48,23,48.766666666666666,-2.6741886138916016,-1.2166135827079412
UBFC_PHYS_s17_T3_ctrl,48,24,48.8,-2.500420331954956,-1.0643350367382463
UBFC_PHYS_s17_T3_ctrl,48,25,48.833333333333336,-1.945696234703064,-0.7924650129395304
UBFC_PHYS_s17_T3_ctrl,48,26,48.86666666666667,-1.5431437492370605,-0.4305218877944143
UBFC_PHYS_s17_T3_ctrl,48,27,48.9,-1.334727168083191,-0.02414096683475828
UBFC_PHYS_s17_T3_ctrl,48,28,48.93333333333333,-0.8965080380439758,0.3728974897198487
UBFC_PHYS_s17_T3_ctrl,48,29,48.96666666666667,-0.132828950881958,0.7099663245256809
UBFC_PHYS_s17_T3_ctrl,48,30,49.0,0.7283687591552734,0.9503507824238354
UBFC_PHYS_s17_T3_ctrl,48,31,49.03333333333333,1.5647156238555908,1.0772432278493276
UBFC_PHYS_s17_T3_ctrl,48,32,49.06666666666667,2.220013380050659,1.0931458455127148
UBFC_PHYS_s17_T3_ctrl,48,33,49.1,2.46744441986084,1.0141963545017731
UBFC_PHYS_s17_T3_ctrl,48,34,49.13333333333333,2.3691649436950684,0.8628382135376926
UBFC_PHYS_s17_T3_ctrl,48,35,49.166666666666664,2.247568130493164,0.6620760098542171
UBFC_PHYS_s17_T3_ctrl,48,36,49.2,2.272618055343628,0.4329418401461361
UBFC_PHYS_s17_T3_ctrl,48,37,49.233333333333334,2.3289449214935303,0.19482169853798367
UBFC_PHYS_s17_T3_ctrl,48,38,49.266666666666666,2.2548489570617676,-0.03306058115338084
UBFC_PHYS_s17_T3_ctrl,48,39,49.3,2.0196385383605957,-0.23094132657123087
UBFC_PHYS_s17_T3_ctrl,48,40,49.333333333333336,1.6776269674301147,-0.37974245248676897
UBFC_PHYS_s17_T3_ctrl,48,41,49.36666666666667,1.3031560182571411,-0.46409291198281394
UBFC_PHYS_s17_T3_ctrl,48,42,49.4,0.9467232823371887,-0.475937950630741
UBFC_PHYS_s17_T3_ctrl,48,43,49.43333333333333,0.5474952459335327,-0.41712148273933614
UBFC_PHYS_s17_T3_ctrl,48,44,49.46666666666667,-0.018185200169682503,-0.2997307037402131
UBFC_PHYS_s17_T3_ctrl,48,45,49.5,-0.7502126097679138,-0.14399781742779869
UBFC_PHYS_s17_T3_ctrl,48,46,49.53333333333333,-1.441973090171814,0.025343389023644667
UBFC_PHYS_s17_T3_ctrl,48,47,49.56666666666667,-1.8067635297775269,0.18280882036288634
UBFC_PHYS_s17_T3_ctrl,48,48,49.6,-1.6992367506027222,0.30496459921477836
UBFC_PHYS_s17_T3_ctrl,48,49,49.63333333333333,-1.1747597455978394,0.37220325365029866
UBFC_PHYS_s17_T3_ctrl,48,50,49.666666666666664,-0.3477186858654022,0.37029786914574486
UBFC_PHYS_s17_T3_ctrl,48,51,49.7,0.6222817301750183,0.29259346634133127
UBFC_PHYS_s17_T3_ctrl,48,52,49.733333333333334,1.4529045820236206,0.142764509301139
UBFC_PHYS_s17_T3_ctrl,48,53,49.766666666666666,1.9149327278137207,-0.06314153020470539
UBFC_PHYS_s17_T3_ctrl,48,54,49.8,2.0431315898895264,-0.29715468744768764
UBFC_PHYS_s17_T3_ctrl,48,55,49.833333333333336,1.9939683675765991,-0.5233504177128468
UBFC_PHYS_s17_T3_ctrl,48,56,49.86666666666667,1.8922709226608276,-0.704642599086171
UBFC_PHYS_s17_T3_ctrl,48,57,49.9,1.8026885986328125,-0.8102742373947751
UBFC_PHYS_s17_T3_ctrl,48,58,49.93333333333333,1.6891685724258423,-0.8217351326883026
UBFC_PHYS_s17_T3_ctrl,48,59,49.96666666666667,1.4716334342956543,-0.7356853087177753
UBFC_PHYS_s17_T3_ctrl,48,60,50.0,1.0905957221984863,-0.5635120992009479
UBFC_PHYS_s17_T3_ctrl,48,61,50.03333333333333,0.46944287419319153,-0.32807296929871604
UBFC_PHYS_s17_T3_ctrl,48,62,50.06666666666667,-0.39842694997787476,-0.05887270969699486
UBFC_PHYS_s17_T3_ctrl,48,63,50.1,-1.3153077363967896,0.21284281866881935
UBFC_PHYS_s17_T3_ctrl,48,64,50.13333333333333,-1.9552595615386963,0.4579522064359714
UBFC_PHYS_s17_T3_ctrl,48,65,50.166666666666664,-2.185659170150757,0.6518935850270567
UBFC_PHYS_s17_T3_ctrl,48,66,50.2,-2.16913104057312,0.7759947298807889
UBFC_PHYS_s17_T3_ctrl,48,67,50.233333333333334,-2.0905869007110596,0.81835632454809
UBFC_PHYS_s17_T3_ctrl,48,68,50.266666666666666,-1.9135295152664185,0.774757804073805
UBFC_PHYS_s17_T3_ctrl,48,69,50.3,-1.493348479270935,0.6495423545005279
UBFC_PHYS_s17_T3_ctrl,48,70,50.333333333333336,-0.8557962775230408,0.45596696355993277
UBFC_PHYS_s17_T3_ctrl,48,71,50.36666666666667,-0.21675744652748108,0.21538795568528293
UBFC_PHYS_s17_T3_ctrl,48,72,50.4,0.22290146350860596,-0.044997731739061034
UBFC_PHYS_s17_T3_ctrl,48,73,50.43333333333333,0.4139938950538635,-0.2954943382749173
UBFC_PHYS_s17_T3_ctrl,48,74,50.46666666666667,0.42742010951042175,-0.507434960017017
UBFC_PHYS_s17_T3_ctrl,48,75,50.5,0.4323364198207855,-0.6560356245609447
UBFC_PHYS_s17_T3_ctrl,48,76,50.53333333333333,0.6090076565742493,-0.722390060605369
UBFC_PHYS_s17_T3_ctrl,48,77,50.56666666666667,0.9259928464889526,-0.6950578365935322
UBFC_PHYS_s17_T3_ctrl,48,78,50.6,1.2181740999221802,-0.5716819179055973
UBFC_PHYS_s17_T3_ctrl,48,79,50.63333333333333,1.423816442489624,-0.36059243999423374
UBFC_PHYS_s17_T3_ctrl,48,80,50.666666666666664,1.586089849472046,-0.08188391503871698
UBFC_PHYS_s17_T3_ctrl,48,81,50.7,1.6900699138641357,0.2328862882978738
UBFC_PHYS_s17_T3_ctrl,48,82,50.733333333333334,1.6879395246505737,0.543350842561132
UBFC_PHYS_s17_T3_ctrl,48,83,50.766666666666666,1.626684546470642,0.8058332820320594
UBFC_PHYS_s17_T3_ctrl,48,84,50.8,1.5882320404052734,0.9810314913569881
UBFC_PHYS_s17_T3_ctrl,48,85,50.833333333333336,1.5513830184936523,1.0420602212509587
UBFC_PHYS_s17_T3_ctrl,48,86,50.86666666666667,1.4340704679489136,0.9805767959349008
UBFC_PHYS_s17_T3_ctrl,48,87,50.9,1.2230552434921265,0.808907732206763
UBFC_PHYS_s17_T3_ctrl,48,88,50.93333333333333,1.0573052167892456,0.5568046042736736
UBFC_PHYS_s17_T3_ctrl,48,89,50.96666666666667,1.1262272596359253,0.2631409638790274
UBFC_PHYS_s17_T3_ctrl,48,90,51.0,1.4136677980422974,-0.03465004066749807
UBFC_PHYS_s17_T3_ctrl,48,91,51.03333333333333,1.677076816558838,-0.3090827376919563
UBFC_PHYS_s17_T3_ctrl,48,92,51.06666666666667,1.7638497352600098,-0.545710078656761
UBFC_PHYS_s17_T3_ctrl,48,93,51.1,1.6767607927322388,-0.7402210692888808
UBFC_PHYS_s17_T3_ctrl,48,94,51.13333333333333,1.3934640884399414,-0.8918264791160679
UBFC_PHYS_s17_T3_ctrl,48,95,51.166666666666664,0.9295864105224609,-0.9966967308714376
UBFC_PHYS_s17_T3_ctrl,48,96,51.2,0.45684775710105896,-1.04476123963913
UBFC_PHYS_s17_T3_ctrl,48,97,51.233333333333334,0.14521199464797974,-1.0214006861969684
UBFC_PHYS_s17_T3_ctrl,48,98,51.266666666666666,-0.00516867358237505,-0.9134934131714755
UBFC_PHYS_s17_T3_ctrl,48,99,51.3,-0.1062457412481308,-0.717537677619965
UBFC_PHYS_s17_T3_ctrl,48,100,51.333333333333336,-0.2358725517988205,-0.4465207812507089
UBFC_PHYS_s17_T3_ctrl,48,101,51.36666666666667,-0.38119643926620483,-0.13218226397465038
UBFC_PHYS_s17_T3_ctrl,48,102,51.4,-0.4752502143383026,0.17942708648564232
UBFC_PHYS_s17_T3_ctrl,48,103,51.43333333333333,-0.4916847348213196,0.43863317018861725
UBFC_PHYS_s17_T3_ctrl,48,104,51.46666666666667,-0.48056450486183167,0.605554122417756
UBFC_PHYS_s17_T3_ctrl,48,105,51.5,-0.5238865613937378,0.6610643378809186
UBFC_PHYS_s17_T3_ctrl,48,106,51.53333333333333,-0.6984274387359619,0.611183672075754
UBFC_PHYS_s17_T3_ctrl,48,107,51.56666666666667,-0.9875301122665405,0.4837010640417986
UBFC_PHYS_s17_T3_ctrl,48,108,51.6,-1.2309578657150269,0.318849560054062
UBFC_PHYS_s17_T3_ctrl,48,109,51.63333333333333,-1.2460696697235107,0.15765492365557576
UBFC_PHYS_s17_T3_ctrl,48,110,51.666666666666664,-1.0306766033172607,0.03174435752039717
UBFC_PHYS_s17_T3_ctrl,48,111,51.7,-0.7363767027854919,-0.0426705453322137
UBFC_PHYS_s17_T3_ctrl,48,112,51.733333333333334,-0.460114985704422,-0.06551544670751956
UBFC_PHYS_s17_T3_ctrl,48,113,51.766666666666666,-0.19917577505111694,-0.04879281338378102
UBFC_PHYS_s17_T3_ctrl,48,114,51.8,0.03678387030959129,-0.009628096043173127
UBFC_PHYS_s17_T3_ctrl,48,115,51.833333333333336,0.22169579565525055,0.036858888468215875
UBFC_PHYS_s17_T3_ctrl,48,116,51.86666666666667,0.37324702739715576,0.08213485730929136
UBFC_PHYS_s17_T3_ctrl,48,117,51.9,0.5129639506340027,0.12460637916923664
UBFC_PHYS_s17_T3_ctrl,48,118,51.93333333333333,0.6143336892127991,0.16598058864534904
UBFC_PHYS_s17_T3_ctrl,48,119,51.96666666666667,0.6618229150772095,0.2058388560581431
UBFC_PHYS_s17_T3_ctrl,48,120,52.0,0.6793811917304993,0.23763909032966057
UBFC_PHYS_s17_T3_ctrl,48,121,52.03333333333333,0.623581051826477,0.24873902109869556
UBFC_PHYS_s17_T3_ctrl,48,122,52.06666666666667,0.40190210938453674,0.22491178186822275
UBFC_PHYS_s17_T3_ctrl,48,123,52.1,0.05957449600100517,0.15737039352705062
UBFC_PHYS_s17_T3_ctrl,48,124,52.13333333333333,-0.23245453834533691,0.04890473963216985
UBFC_PHYS_s17_T3_ctrl,48,125,52.166666666666664,-0.3932531177997589,-0.08394259692354025
UBFC_PHYS_s17_T3_ctrl,48,126,52.2,-0.48476678133010864,-0.21389894276950247
UBFC_PHYS_s17_T3_ctrl,48,127,52.233333333333334,-0.5653943419456482,-0.31015253783212415
UBFC_PHYS_s17_T3_ctrl,48,128,52.266666666666666,-0.580623209476471,-0.3471442119558038
UBFC_PHYS_s17_T3_ctrl,48,129,52.3,-0.39694035053253174,-0.31204921686793347
UBFC_PHYS_s17_T3_ctrl,48,130,52.333333333333336,0.026799071580171585,-0.20872575463874993
UBFC_PHYS_s17_T3_ctrl,48,131,52.36666666666667,0.5672892332077026,-0.057091827598511516
UBFC_PHYS_s17_T3_ctrl,48,132,52.4,1.0824135541915894,0.11188260342910639
UBFC_PHYS_s17_T3_ctrl,48,133,52.43333333333333,1.5348197221755981,0.26416021615610946
UBFC_PHYS_s17_T3_ctrl,48,134,52.46666666666667,1.9010851383209229,0.37110893776753046
UBFC_PHYS_s17_T3_ctrl,48,135,52.5,2.133556604385376,0.4157143649832227
UBFC_PHYS_s17_T3_ctrl,48,136,52.53333333333333,2.323256015777588,0.3947854799270166
UBFC_PHYS_s17_T3_ctrl,48,137,52.56666666666667,2.67685604095459,0.3171122516753635
UBFC_PHYS_s17_T3_ctrl,48,138,52.6,3.1766579151153564,0.1990013545757202
UBFC_PHYS_s17_T3_ctrl,48,139,52.63333333333333,3.457613468170166,0.059258182537994426
UBFC_PHYS_s17_T3_ctrl,48,140,52.666666666666664,3.1347873210906982,-0.08462713084904876
UBFC_PHYS_s17_T3_ctrl,48,141,52.7,2.2455079555511475,-0.21830461477955532
UBFC_PHYS_s17_T3_ctrl,48,142,52.733333333333334,1.2383543252944946,-0.33071177511561783
UBFC_PHYS_s17_T3_ctrl,48,143,52.766666666666666,0.4915663003921509,-0.4135125429858698
UBFC_PHYS_s17_T3_ctrl,48,144,52.8,0.001351294806227088,-0.46074562513934336
UBFC_PHYS_s17_T3_ctrl,48,145,52.833333333333336,-0.39694035053253174,-0.4690690013219
UBFC_PHYS_s17_T3_ctrl,48,146,52.86666666666667,-0.8190410137176514,-0.4384218030240078
UBFC_PHYS_s17_T3_ctrl,48,147,52.9,-1.3510915040969849,-0.3726396010750595
UBFC_PHYS_s17_T3_ctrl,48,148,52.93333333333333,-1.9828729629516602,-0.27961672297406087
UBFC_PHYS_s17_T3_ctrl,48,149,52.96666666666667,-2.540734052658081,-0.1708017081665018
UBFC_PHYS_s17_T3_ctrl,48,150,53.0,-2.805231809616089,-0.059937444140575016
UBFC_PHYS_s17_T3_ctrl,48,151,53.03333333333333,-2.692811965942383,0.03892248426113225
UBFC_PHYS_s17_T3_ctrl,48,152,53.06666666666667,-2.3936893939971924,0.11384851331859228
UBFC_PHYS_s17_T3_ctrl,48,153,53.1,-2.1620373725891113,0.15732654738757101
UBFC_PHYS_s17_T3_ctrl,48,154,53.13333333333333,-2.0496411323547363,0.1676187211996852
UBFC_PHYS_s17_T3_ctrl,48,155,53.166666666666664,-1.9093506336212158,0.14863682774448905
UBFC_PHYS_s17_T3_ctrl,48,156,53.2,-1.6407326459884644,0.10844924463121025
UBFC_PHYS_s17_T3_ctrl,48,157,53.233333333333334,-1.2900121212005615,0.057154881061005136
UBFC_PHYS_s17_T3_ctrl,48,158,53.266666666666666,-0.9314606785774231,0.004929613881601508
UBFC_PHYS_s17_T3_ctrl,48,159,53.3,-0.5828823447227478,-0.039300211213658856
UBFC_PHYS_s17_T3_ctrl,48,160,53.333333333333336,-0.2726278305053711,-0.06851478204631276
UBFC_PHYS_s17_T3_ctrl,48,161,53.36666666666667,-0.06161263585090637,-0.07784577095074265
UBFC_PHYS_s17_T3_ctrl,48,162,53.4,0.06663291901350021,-0.06478109416136467
UBFC_PHYS_s17_T3_ctrl,48,163,53.43333333333333,0.1899036318063736,-0.029527368948958552
UBFC_PHYS_s17_T3_ctrl,48,164,53.46666666666667,0.2956863045692444,0.024669902882570052
UBFC_PHYS_s17_T3_ctrl,48,165,53.5,0.3211926221847534,0.09169877102803141
UBFC_PHYS_s17_T3_ctrl,48,166,53.53333333333333,0.31869933009147644,0.163504533284996
UBFC_PHYS_s17_T3_ctrl,48,167,53.56666666666667,0.3782101571559906,0.2315308987961477
UBFC_PHYS_s17_T3_ctrl,48,168,53.6,0.4542842507362366,0.28805787538895194
UBFC_PHYS_s17_T3_ctrl,48,169,53.63333333333333,0.44838467240333557,0.32692572214735566
UBFC_PHYS_s17_T3_ctrl,48,170,53.666666666666664,0.35982078313827515,0.3437316415444167
UBFC_PHYS_s17_T3_ctrl,48,171,53.7,0.28063303232192993,0.3360310949455849
UBFC_PHYS_s17_T3_ctrl,48,172,53.733333333333334,0.29559266567230225,0.30386656875405865
UBFC_PHYS_s17_T3_ctrl,48,173,53.766666666666666,0.3853856325149536,0.2504281388356105
UBFC_PHYS_s17_T3_ctrl,48,174,53.8,0.4222579896450043,0.18238018450616264
UBFC_PHYS_s17_T3_ctrl,48,175,53.833333333333336,0.3642688989639282,0.10942430497728824
UBFC_PHYS_s17_T3_ctrl,48,176,53.86666666666667,0.33099013566970825,0.04284719289295363
UBFC_PHYS_s17_T3_ctrl,48,177,53.9,0.38320839405059814,-0.0068948540705897525
UBFC_PHYS_s17_T3_ctrl,48,178,53.93333333333333,0.40818795561790466,-0.033065297841319494
UBFC_PHYS_s17_T3_ctrl,48,179,53.96666666666667,0.326612263917923,-0.03505200557509462
UBFC_PHYS_s17_T3_ctrl,48,180,54.0,0.20460574328899384,-0.01910786379996859
UBFC_PHYS_s17_T3_ctrl,48,181,54.03333333333333,0.11396999657154083,0.003299501609178402
UBFC_PHYS_s17_T3_ctrl,48,182,54.06666666666667,0.06399917602539062,0.01911056377655547
UBFC_PHYS_s17_T3_ctrl,48,183,54.1,0.0751311182975769,0.017809005502927994
UBFC_PHYS_s17_T3_ctrl,48,184,54.13333333333333,0.14762333035469055,-0.005552569808549182
UBFC_PHYS_s17_T3_ctrl,48,185,54.166666666666664,0.19998207688331604,-0.04941743887791905
UBFC_PHYS_s17_T3_ctrl,48,186,54.2,0.13974551856517792,-0.1069757202180446
UBFC_PHYS_s17_T3_ctrl,48,187,54.233333333333334,-0.010564913041889668,-0.16906161907160575
UBFC_PHYS_s17_T3_ctrl,48,188,54.266666666666666,-0.1342570185661316,-0.22789779108871627
UBFC_PHYS_s17_T3_ctrl,48,189,54.3,-0.20067408680915833,-0.2806262810609612
UBFC_PHYS_s17_T3_ctrl,48,190,54.333333333333336,-0.30768585205078125,-0.33113263903228013
UBFC_PHYS_s17_T3_ctrl,48,191,54.36666666666667,-0.5248347520828247,-0.3887041334811391
UBFC_PHYS_s17_T3_ctrl,48,192,54.4,-0.813773512840271,-0.4631591482176237
UBFC_PHYS_s17_T3_ctrl,48,193,54.43333333333333,-1.0450392961502075,-0.5579098406951647
UBFC_PHYS_s17_T3_ctrl,48,194,54.46666666666667,-1.0656994581222534,-0.6639899773899566
UBFC_PHYS_s17_T3_ctrl,48,195,54.5,-0.835896909236908,-0.7583052609212051
UBFC_PHYS_s17_T3_ctrl,48,196,54.53333333333333,-0.49328839778900146,-0.8078066450381299
UBFC_PHYS_s17_T3_ctrl,48,197,54.56666666666667,-0.22120554745197296,-0.7787261066403571
UBFC_PHYS_s17_T3_ctrl,48,198,54.6,-0.0860186219215393,-0.6477771013359607
UBFC_PHYS_s17_T3_ctrl,48,199,54.63333333333333,-0.042403895407915115,-0.4113397544816578
UBFC_PHYS_s17_T3_ctrl,48,200,54.666666666666664,-0.012648493982851505,-0.08943642161818988
UBFC_PHYS_s17_T3_ctrl,48,201,54.7,0.03646782040596008,0.2768455991924966
UBFC_PHYS_s17_T3_ctrl,48,202,54.733333333333334,0.09511242061853409,0.6338059892304035
UBFC_PHYS_s17_T3_ctrl,48,203,54.766666666666666,0.16402274370193481,0.9271248372386288
UBFC_PHYS_s17_T3_ctrl,48,204,54.8,0.2656031548976898,1.1140590755695043
UBFC_PHYS_s17_T3_ctrl,48,205,54.833333333333336,0.3916012644767761,1.1723746061896552
UBFC_PHYS_s17_T3_ctrl,48,206,54.86666666666667,0.47939255833625793,1.1034600934788603
UBFC_PHYS_s17_T3_ctrl,48,207,54.9,0.4847302734851837,0.9290472861568204
UBFC_PHYS_s17_T3_ctrl,48,208,54.93333333333333,0.4708709716796875,0.6834417856623632
UBFC_PHYS_s17_T3_ctrl,48,209,54.96666666666667,0.5508313179016113,0.4047351308958097
UBFC_PHYS_s17_T3_ctrl,48,210,55.0,0.7320559620857239,0.12811044202511138
UBFC_PHYS_s17_T3_ctrl,48,211,55.03333333333333,0.8338353633880615,-0.11740831156685165
UBFC_PHYS_s17_T3_ctrl,48,212,55.06666666666667,0.606268584728241,-0.30933108811546756
UBFC_PHYS_s17_T3_ctrl,48,213,55.1,0.02554658055305481,-0.4309018383287194
UBFC_PHYS_s17_T3_ctrl,48,214,55.13333333333333,-0.5888989567756653,-0.4708256736571681
UBFC_PHYS_s17_T3_ctrl,48,215,55.166666666666664,-0.9221665263175964,-0.42438555360212715
UBFC_PHYS_s17_T3_ctrl,48,216,55.2,-0.989075243473053,-0.29570757004984916
UBFC_PHYS_s17_T3_ctrl,48,217,55.233333333333334,-0.9299623966217041,-0.10000993658874323
UBFC_PHYS_s17_T3_ctrl,48,218,55.266666666666666,-0.7625150680541992,0.13577882741476424
UBFC_PHYS_s17_T3_ctrl,48,219,55.3,-0.5217795968055725,0.37543255125913627
UBFC_PHYS_s17_T3_ctrl,48,220,55.333333333333336,-0.32261037826538086,0.5793241608600567
UBFC_PHYS_s17_T3_ctrl,48,221,55.36666666666667,-0.17714600265026093,0.7126612699037729
UBFC_PHYS_s17_T3_ctrl,48,222,55.4,0.0001222163555212319,0.7532915922810857
UBFC_PHYS_s17_T3_ctrl,48,223,55.43333333333333,0.20350542664527893,0.6960080690664933
UBFC_PHYS_s17_T3_ctrl,48,224,55.46666666666667,0.3317978084087372,0.5519330293329855
UBFC_PHYS_s17_T3_ctrl,48,225,55.5,0.3505149185657501,0.34385807182290684
UBFC_PHYS_s17_T3_ctrl,48,226,55.53333333333333,0.3022648096084595,0.09973033412620803
UBFC_PHYS_s17_T3_ctrl,48,227,55.56666666666667,0.20047371089458466,-0.1534517503988447
UBFC_PHYS_s17_T3_ctrl,48,228,55.6,0.033026400953531265,-0.39372519600229705
UBFC_PHYS_s17_T3_ctrl,48,229,55.63333333333333,-0.19562900066375732,-0.6055920837741924
UBFC_PHYS_s17_T3_ctrl,48,230,55.666666666666664,-0.4927499294281006,-0.7791396463869783
UBFC_PHYS_s17_T3_ctrl,48,231,55.7,-0.8606540560722351,-0.907945358004322
UBFC_PHYS_s17_T3_ctrl,48,232,55.733333333333334,-1.1876474618911743,-0.9871442413759645
UBFC_PHYS_s17_T3_ctrl,48,233,55.766666666666666,-1.21146821975708,-1.0126716611614686
UBFC_PHYS_s17_T3_ctrl,48,234,55.8,-0.7509851455688477,-0.9818194466317568
UBFC_PHYS_s17_T3_ctrl,48,235,55.833333333333336,0.05120505765080452,-0.8944890156277014
UBFC_PHYS_s17_T3_ctrl,48,236,55.86666666666667,0.9032490253448486,-0.7543769331511697
UBFC_PHYS_s17_T3_ctrl,48,237,55.9,1.624647855758667,-0.5695437506863905
UBFC_PHYS_s17_T3_ctrl,48,238,55.93333333333333,2.1228225231170654,-0.35205531997323836
UBFC_PHYS_s17_T3_ctrl,48,239,55.96666666666667,2.288841724395752,-0.11684767390666204
UBFC_PHYS_s17_T3_ctrl,49,0,49.0,0.7283687591552734,-0.0029912006202817655
UBFC_PHYS_s17_T3_ctrl,49,1,49.03333333333333,1.5647156238555908,0.22752128005056727
UBFC_PHYS_s17_T3_ctrl,49,2,49.06666666666667,2.220013380050659,0.4362061568064337
UBFC_PHYS_s17_T3_ctrl,49,3,49.1,2.46744441986084,0.6014631120307061
UBFC_PHYS_s17_T3_ctrl,49,4,49.13333333333333,2.3691649436950684,0.7036966788643908
UBFC_PHYS_s17_T3_ctrl,49,5,49.166666666666664,2.247568130493164,0.7282832563130793
UBFC_PHYS_s17_T3_ctrl,49,6,49.2,2.272618055343628,0.6693495816127163
UBFC_PHYS_s17_T3_ctrl,49,7,49.233333333333334,2.3289449214935303,0.5331722995116666
UBFC_PHYS_s17_T3_ctrl,49,8,49.266666666666666,2.2548489570617676,0.339420993668644
UBFC_PHYS_s17_T3_ctrl,49,9,49.3,2.0196385383605957,0.11870989502060648
UBFC_PHYS_s17_T3_ctrl,49,10,49.333333333333336,1.6776269674301147,-0.09338893113111621
UBFC_PHYS_s17_T3_ctrl,49,11,49.36666666666667,1.3031560182571411,-0.2638681056888634
UBFC_PHYS_s17_T3_ctrl,49,12,49.4,0.9467232823371887,-0.36883294342383705
UBFC_PHYS_s17_T3_ctrl,49,13,49.43333333333333,0.5474952459335327,-0.39735043170296175
UBFC_PHYS_s17_T3_ctrl,49,14,49.46666666666667,-0.018185200169682503,-0.35210700239716436
UBFC_PHYS_s17_T3_ctrl,49,15,49.5,-0.7502126097679138,-0.24745230404265905
UBFC_PHYS_s17_T3_ctrl,49,16,49.53333333333333,-1.441973090171814,-0.10599167100717881
UBFC_PHYS_s17_T3_ctrl,49,17,49.56666666666667,-1.8067635297775269,0.04512863022901972
UBFC_PHYS_s17_T3_ctrl,49,18,49.6,-1.6992367506027222,0.17761501762399665
UBFC_PHYS_s17_T3_ctrl,49,19,49.63333333333333,-1.1747597455978394,0.2651756658704012
UBFC_PHYS_s17_T3_ctrl,49,20,49.666666666666664,-0.3477186858654022,0.2869556410734899
UBFC_PHYS_s17_T3_ctrl,49,21,49.7,0.6222817301750183,0.23153446622266124
UBFC_PHYS_s17_T3_ctrl,49,22,49.733333333333334,1.4529045820236206,0.10078613011237289
UBFC_PHYS_s17_T3_ctrl,49,23,49.766666666666666,1.9149327278137207,-0.0880680844517174
UBFC_PHYS_s17_T3_ctrl,49,24,49.8,2.0431315898895264,-0.3039650293672815
UBFC_PHYS_s17_T3_ctrl,49,25,49.833333333333336,1.9939683675765991,-0.5076496312596916
UBFC_PHYS_s17_T3_ctrl,49,26,49.86666666666667,1.8922709226608276,-0.6601291793647343
UBFC_PHYS_s17_T3_ctrl,49,27,49.9,1.8026885986328125,-0.731239970454165
UBFC_PHYS_s17_T3_ctrl,49,28,49.93333333333333,1.6891685724258423,-0.7058039271781834
UBFC_PHYS_s17_T3_ctrl,49,29,49.96666666666667,1.4716334342956543,-0.5860001027055654
UBFC_PHYS_s17_T3_ctrl,49,30,50.0,1.0905957221984863,-0.38973401154773474
UBFC_PHYS_s17_T3_ctrl,49,31,50.03333333333333,0.46944287419319153,-0.1457440289110067
UBFC_PHYS_s17_T3_ctrl,49,32,50.06666666666667,-0.39842694997787476,0.11299942125180008
UBFC_PHYS_s17_T3_ctrl,49,33,50.1,-1.3153077363967896,0.35563982760895835
UBFC_PHYS_s17_T3_ctrl,49,34,50.13333333333333,-1.9552595615386963,0.5578496963294645
UBFC_PHYS_s17_T3_ctrl,49,35,50.166666666666664,-2.185659170150757,0.7035347762885572
UBFC_PHYS_s17_T3_ctrl,49,36,50.2,-2.16913104057312,0.784178559324237
UBFC_PHYS_s17_T3_ctrl,49,37,50.233333333333334,-2.0905869007110596,0.7970331309568465
UBFC_PHYS_s17_T3_ctrl,49,38,50.266666666666666,-1.9135295152664185,0.7435322930733643
UBFC_PHYS_s17_T3_ctrl,49,39,50.3,-1.493348479270935,0.6286954383168774
UBFC_PHYS_s17_T3_ctrl,49,40,50.333333333333336,-0.8557962775230408,0.46127824372155235
UBFC_PHYS_s17_T3_ctrl,49,41,50.36666666666667,-0.21675744652748108,0.253833443447428
UBFC_PHYS_s17_T3_ctrl,49,42,50.4,0.22290146350860596,0.022162541884061332
UBFC_PHYS_s17_T3_ctrl,49,43,50.43333333333333,0.4139938950538635,-0.21562886956736377
UBFC_PHYS_s17_T3_ctrl,49,44,50.46666666666667,0.42742010951042175,-0.43991063272975417
UBFC_PHYS_s17_T3_ctrl,49,45,50.5,0.4323364198207855,-0.6299119593350675
UBFC_PHYS_s17_T3_ctrl,49,46,50.53333333333333,0.6090076565742493,-0.764206924783197
UBFC_PHYS_s17_T3_ctrl,49,47,50.56666666666667,0.9259928464889526,-0.8222124840382876
UBFC_PHYS_s17_T3_ctrl,49,48,50.6,1.2181740999221802,-0.7872383608235045
UBFC_PHYS_s17_T3_ctrl,49,49,50.63333333333333,1.423816442489624,-0.6508103837833101
UBFC_PHYS_s17_T3_ctrl,49,50,50.666666666666664,1.586089849472046,-0.4172666760735008
UBFC_PHYS_s17_T3_ctrl,49,51,50.7,1.6900699138641357,-0.10707542084881705
UBFC_PHYS_s17_T3_ctrl,49,52,50.733333333333334,1.6879395246505737,0.24297802326491877
UBFC_PHYS_s17_T3_ctrl,49,53,50.766666666666666,1.626684546470642,0.5841135904274111
UBFC_PHYS_s17_T3_ctrl,49,54,50.8,1.5882320404052734,0.86426916491112
UBFC_PHYS_s17_T3_ctrl,49,55,50.833333333333336,1.5513830184936523,1.039246510915856
UBFC_PHYS_s17_T3_ctrl,49,56,50.86666666666667,1.4340704679489136,1.083081532851099
UBFC_PHYS_s17_T3_ctrl,49,57,50.9,1.2230552434921265,0.9941353789435297
UBFC_PHYS_s17_T3_ctrl,49,58,50.93333333333333,1.0573052167892456,0.7942744319910253
UBFC_PHYS_s17_T3_ctrl,49,59,50.96666666666667,1.1262272596359253,0.5209506195106429
UBFC_PHYS_s17_T3_ctrl,49,60,51.0,1.4136677980422974,0.21541296501989474
UBFC_PHYS_s17_T3_ctrl,49,61,51.03333333333333,1.677076816558838,-0.08776297195041925
UBFC_PHYS_s17_T3_ctrl,49,62,51.06666666666667,1.7638497352600098,-0.36588346769984703
UBFC_PHYS_s17_T3_ctrl,49,63,51.1,1.6767607927322388,-0.6072656686167295
UBFC_PHYS_s17_T3_ctrl,49,64,51.13333333333333,1.3934640884399414,-0.8061601074098846
UBFC_PHYS_s17_T3_ctrl,49,65,51.166666666666664,0.9295864105224609,-0.956621585035363
UBFC_PHYS_s17_T3_ctrl,49,66,51.2,0.45684775710105896,-1.0484080328172567
UBFC_PHYS_s17_T3_ctrl,49,67,51.233333333333334,0.14521199464797974,-1.0669075222511346
UBFC_PHYS_s17_T3_ctrl,49,68,51.266666666666666,-0.00516867358237505,-0.9974658244861137
UBFC_PHYS_s17_T3_ctrl,49,69,51.3,-0.1062457412481308,-0.8327324259799102
UBFC_PHYS_s17_T3_ctrl,49,70,51.333333333333336,-0.2358725517988205,-0.5801908349232012
UBFC_PHYS_s17_T3_ctrl,49,71,51.36666666666667,-0.38119643926620483,-0.2663783138697703
UBFC_PHYS_s17_T3_ctrl,49,72,51.4,-0.4752502143383026,0.06508647456461661
UBFC_PHYS_s17_T3_ctrl,49,73,51.43333333333333,-0.4916847348213196,0.3623433157644435
UBFC_PHYS_s17_T3_ctrl,49,74,51.46666666666667,-0.48056450486183167,0.5784482746649615
UBFC_PHYS_s17_T3_ctrl,49,75,51.5,-0.5238865613937378,0.6839551242853347
UBFC_PHYS_s17_T3_ctrl,49,76,51.53333333333333,-0.6984274387359619,0.6741665890811522
UBFC_PHYS_s17_T3_ctrl,49,77,51.56666666666667,-0.9875301122665405,0.5686729438918006
UBFC_PHYS_s17_T3_ctrl,49,78,51.6,-1.2309578657150269,0.40396483670658645
UBFC_PHYS_s17_T3_ctrl,49,79,51.63333333333333,-1.2460696697235107,0.2223173618690053
UBFC_PHYS_s17_T3_ctrl,49,80,51.666666666666664,-1.0306766033172607,0.06085763470896053
UBFC_PHYS_s17_T3_ctrl,49,81,51.7,-0.7363767027854919,-0.05606784830722041
UBFC_PHYS_s17_T3_ctrl,49,82,51.733333333333334,-0.460114985704422,-0.11965520342434446
UBFC_PHYS_s17_T3_ctrl,49,83,51.766666666666666,-0.19917577505111694,-0.1345915814464165
UBFC_PHYS_s17_T3_ctrl,49,84,51.8,0.03678387030959129,-0.11356882583445908
UBFC_PHYS_s17_T3_ctrl,49,85,51.833333333333336,0.22169579565525055,-0.07066475905316201
UBFC_PHYS_s17_T3_ctrl,49,86,51.86666666666667,0.37324702739715576,-0.016265275694464332
UBFC_PHYS_s17_T3_ctrl,49,87,51.9,0.5129639506340027,0.04447831251338665
UBFC_PHYS_s17_T3_ctrl,49,88,51.93333333333333,0.6143336892127991,0.10948028961573042
UBFC_PHYS_s17_T3_ctrl,49,89,51.96666666666667,0.6618229150772095,0.17564958222192736
UBFC_PHYS_s17_T3_ctrl,49,90,52.0,0.6793811917304993,0.23568294484215685
UBFC_PHYS_s17_T3_ctrl,49,91,52.03333333333333,0.623581051826477,0.27792712271710346
UBFC_PHYS_s17_T3_ctrl,49,92,52.06666666666667,0.40190210938453674,0.28975516821466474
UBFC_PHYS_s17_T3_ctrl,49,93,52.1,0.05957449600100517,0.2629089819539585
UBFC_PHYS_s17_T3_ctrl,49,94,52.13333333333333,-0.23245453834533691,0.1981098225353062
UBFC_PHYS_s17_T3_ctrl,49,95,52.166666666666664,-0.3932531177997589,0.10655081048349536
UBFC_PHYS_s17_T3_ctrl,49,96,52.2,-0.48476678133010864,0.007482462718421019
UBFC_PHYS_s17_T3_ctrl,49,97,52.233333333333334,-0.5653943419456482,-0.07707329786087247
UBFC_PHYS_s17_T3_ctrl,49,98,52.266666666666666,-0.580623209476471,-0.12844970188593796
UBFC_PHYS_s17_T3_ctrl,49,99,52.3,-0.39694035053253174,-0.13630684269488913
UBFC_PHYS_s17_T3_ctrl,49,100,52.333333333333336,0.026799071580171585,-0.1011406351194435
UBFC_PHYS_s17_T3_ctrl,49,101,52.36666666666667,0.5672892332077026,-0.033865071913837703
UBFC_PHYS_s17_T3_ctrl,49,102,52.4,1.0824135541915894,0.04729842197907572
UBFC_PHYS_s17_T3_ctrl,49,103,52.43333333333333,1.5348197221755981,0.12176468113141022
UBFC_PHYS_s17_T3_ctrl,49,104,52.46666666666667,1.9010851383209229,0.17190242323945681
UBFC_PHYS_s17_T3_ctrl,49,105,52.5,2.133556604385376,0.18706151196829218
UBFC_PHYS_s17_T3_ctrl,49,106,52.53333333333333,2.323256015777588,0.16514142520149935
UBFC_PHYS_s17_T3_ctrl,49,107,52.56666666666667,2.67685604095459,0.11148745260646088
UBFC_PHYS_s17_T3_ctrl,49,108,52.6,3.1766579151153564,0.03584524603167061
UBFC_PHYS_s17_T3_ctrl,49,109,52.63333333333333,3.457613468170166,-0.05127208435989422
UBFC_PHYS_s17_T3_ctrl,49,110,52.666666666666664,3.1347873210906982,-0.14132077136602045
UBFC_PHYS_s17_T3_ctrl,49,111,52.7,2.2455079555511475,-0.22854630543450202
UBFC_PHYS_s17_T3_ctrl,49,112,52.733333333333334,1.2383543252944946,-0.30881492745160677
UBFC_PHYS_s17_T3_ctrl,49,113,52.766666666666666,0.4915663003921509,-0.3774235992070841
UBFC_PHYS_s17_T3_ctrl,49,114,52.8,0.001351294806227088,-0.4274617030066609
UBFC_PHYS_s17_T3_ctrl,49,115,52.833333333333336,-0.39694035053253174,-0.4500502225666667
UBFC_PHYS_s17_T3_ctrl,49,116,52.86666666666667,-0.8190410137176514,-0.4367118365005701
UBFC_PHYS_s17_T3_ctrl,49,117,52.9,-1.3510915040969849,-0.38291518422037824
UBFC_PHYS_s17_T3_ctrl,49,118,52.93333333333333,-1.9828729629516602,-0.2912088452660151
UBFC_PHYS_s17_T3_ctrl,49,119,52.96666666666667,-2.540734052658081,-0.17244170796757943
UBFC_PHYS_s17_T3_ctrl,49,120,53.0,-2.805231809616089,-0.04419291776246845
UBFC_PHYS_s17_T3_ctrl,49,121,53.03333333333333,-2.692811965942383,0.07336969983728032
UBFC_PHYS_s17_T3_ctrl,49,122,53.06666666666667,-2.3936893939971924,0.16273463243334416
UBFC_PHYS_s17_T3_ctrl,49,123,53.1,-2.1620373725891113,0.21333141083420837
UBFC_PHYS_s17_T3_ctrl,49,124,53.13333333333333,-2.0496411323547363,0.2233600779318286
UBFC_PHYS_s17_T3_ctrl,49,125,53.166666666666664,-1.9093506336212158,0.1989118425055658
UBFC_PHYS_s17_T3_ctrl,49,126,53.2,-1.6407326459884644,0.15119910102095135
UBFC_PHYS_s17_T3_ctrl,49,127,53.233333333333334,-1.2900121212005615,0.09318195477291308
UBFC_PHYS_s17_T3_ctrl,49,128,53.266666666666666,-0.9314606785774231,0.0367266985740709
UBFC_PHYS_s17_T3_ctrl,49,129,53.3,-0.5828823447227478,-0.009091565489389095
UBFC_PHYS_s17_T3_ctrl,49,130,53.333333333333336,-0.2726278305053711,-0.038501905563988095
UBFC_PHYS_s17_T3_ctrl,49,131,53.36666666666667,-0.06161263585090637,-0.048736817726465924
UBFC_PHYS_s17_T3_ctrl,49,132,53.4,0.06663291901350021,-0.039442021017883924
UBFC_PHYS_s17_T3_ctrl,49,133,53.43333333333333,0.1899036318063736,-0.012188821894241586
UBFC_PHYS_s17_T3_ctrl,49,134,53.46666666666667,0.2956863045692444,0.02983285875295606
UBFC_PHYS_s17_T3_ctrl,49,135,53.5,0.3211926221847534,0.0820961630080604
UBFC_PHYS_s17_T3_ctrl,49,136,53.53333333333333,0.31869933009147644,0.13912686277564906
UBFC_PHYS_s17_T3_ctrl,49,137,53.56666666666667,0.3782101571559906,0.1949749518636125
UBFC_PHYS_s17_T3_ctrl,49,138,53.6,0.4542842507362366,0.2436622934048068
UBFC_PHYS_s17_T3_ctrl,49,139,53.63333333333333,0.44838467240333557,0.27957817749988995
UBFC_PHYS_s17_T3_ctrl,49,140,53.666666666666664,0.35982078313827515,0.2979434099154964
UBFC_PHYS_s17_T3_ctrl,49,141,53.7,0.28063303232192993,0.2954721321767472
UBFC_PHYS_s17_T3_ctrl,49,142,53.733333333333334,0.29559266567230225,0.27114503258357125
UBFC_PHYS_s17_T3_ctrl,49,143,53.766666666666666,0.3853856325149536,0.22680982404517652
UBFC_PHYS_s17_T3_ctrl,49,144,53.8,0.4222579896450043,0.16736102227756947
UBFC_PHYS_s17_T3_ctrl,49,145,53.833333333333336,0.3642688989639282,0.10037134474882622
UBFC_PHYS_s17_T3_ctrl,49,146,53.86666666666667,0.33099013566970825,0.03507476811032135
UBFC_PHYS_s17_T3_ctrl,49,147,53.9,0.38320839405059814,-0.019323601378759908
UBFC_PHYS_s17_T3_ctrl,49,148,53.93333333333333,0.40818795561790466,-0.055755090553213475
UBFC_PHYS_s17_T3_ctrl,49,149,53.96666666666667,0.326612263917923,-0.07120765264889709
UBFC_PHYS_s17_T3_ctrl,49,150,54.0,0.20460574328899384,-0.0677019925625722
UBFC_PHYS_s17_T3_ctrl,49,151,54.03333333333333,0.11396999657154083,-0.051777089063112486
UBFC_PHYS_s17_T3_ctrl,49,152,54.06666666666667,0.06399917602539062,-0.03248696026304687
UBFC_PHYS_s17_T3_ctrl,49,153,54.1,0.0751311182975769,-0.018555534983166228
UBFC_PHYS_s17_T3_ctrl,49,154,54.13333333333333,0.14762333035469055,-0.015751376439357208
UBFC_PHYS_s17_T3_ctrl,49,155,54.166666666666664,0.19998207688331604,-0.025484727102516702
UBFC_PHYS_s17_T3_ctrl,49,156,54.2,0.13974551856517792,-0.0451122507427349
UBFC_PHYS_s17_T3_ctrl,49,157,54.233333333333334,-0.010564913041889668,-0.06983028203254926
UBFC_PHYS_s17_T3_ctrl,49,158,54.266666666666666,-0.1342570185661316,-0.09562553997479165
UBFC_PHYS_s17_T3_ctrl,49,159,54.3,-0.20067408680915833,-0.1223381488620025
UBFC_PHYS_s17_T3_ctrl,49,160,54.333333333333336,-0.30768585205078125,-0.15539981618997267
UBFC_PHYS_s17_T3_ctrl,49,161,54.36666666666667,-0.5248347520828247,-0.20481274001471703
UBFC_PHYS_s17_T3_ctrl,49,162,54.4,-0.813773512840271,-0.2809232599008936
UBFC_PHYS_s17_T3_ctrl,49,163,54.43333333333333,-1.0450392961502075,-0.38818374161101754
UBFC_PHYS_s17_T3_ctrl,49,164,54.46666666666667,-1.0656994581222534,-0.5194995891791941
UBFC_PHYS_s17_T3_ctrl,49,165,54.5,-0.835896909236908,-0.6539837007954604
UBFC_PHYS_s17_T3_ctrl,49,166,54.53333333333333,-0.49328839778900146,-0.7596639975508157
UBFC_PHYS_s17_T3_ctrl,49,167,54.56666666666667,-0.22120554745197296,-0.8006834030122694
UBFC_PHYS_s17_T3_ctrl,49,168,54.6,-0.0860186219215393,-0.7468979787986372
UBFC_PHYS_s17_T3_ctrl,49,169,54.63333333333333,-0.042403895407915115,-0.5830896055876047
UBFC_PHYS_s17_T3_ctrl,49,170,54.666666666666664,-0.012648493982851505,-0.3152578131276119
UBFC_PHYS_s17_T3_ctrl,49,171,54.7,0.03646782040596008,0.027794259988627928
UBFC_PHYS_s17_T3_ctrl,49,172,54.733333333333334,0.09511242061853409,0.3984555660913302
UBFC_PHYS_s17_T3_ctrl,49,173,54.766666666666666,0.16402274370193481,0.739536593194976
UBFC_PHYS_s17_T3_ctrl,49,174,54.8,0.2656031548976898,0.9967558604731558
UBFC_PHYS_s17_T3_ctrl,49,175,54.833333333333336,0.3916012644767761,1.131013159875501
UBFC_PHYS_s17_T3_ctrl,49,176,54.86666666666667,0.47939255833625793,1.1265153415159292
UBFC_PHYS_s17_T3_ctrl,49,177,54.9,0.4847302734851837,0.9921457293521502
UBFC_PHYS_s17_T3_ctrl,49,178,54.93333333333333,0.4708709716796875,0.7563458903072487
UBFC_PHYS_s17_T3_ctrl,49,179,54.96666666666667,0.5508313179016113,0.4584376032367425
UBFC_PHYS_s17_T3_ctrl,49,180,55.0,0.7320559620857239,0.14007738948943607
UBFC_PHYS_s17_T3_ctrl,49,181,55.03333333333333,0.8338353633880615,-0.16057410451890555
UBFC_PHYS_s17_T3_ctrl,49,182,55.06666666666667,0.606268584728241,-0.4113488017075401
UBFC_PHYS_s17_T3_ctrl,49,183,55.1,0.02554658055305481,-0.586423014722758
UBFC_PHYS_s17_T3_ctrl,49,184,55.13333333333333,-0.5888989567756653,-0.666587438492054
UBFC_PHYS_s17_T3_ctrl,49,185,55.166666666666664,-0.9221665263175964,-0.6409941500705684
UBFC_PHYS_s17_T3_ctrl,49,186,55.2,-0.989075243473053,-0.5103252256015549
UBFC_PHYS_s17_T3_ctrl,49,187,55.233333333333334,-0.9299623966217041,-0.28973327045249164
UBFC_PHYS_s17_T3_ctrl,49,188,55.266666666666666,-0.7625150680541992,-0.009397169161417931
UBFC_PHYS_s17_T3_ctrl,49,189,55.3,-0.5217795968055725,0.28877263571054884
UBFC_PHYS_s17_T3_ctrl,49,190,55.333333333333336,-0.32261037826538086,0.5583174287253695
UBFC_PHYS_s17_T3_ctrl,49,191,55.36666666666667,-0.17714600265026093,0.7576544037114589
UBFC_PHYS_s17_T3_ctrl,49,192,55.4,0.0001222163555212319,0.8587907515253135
UBFC_PHYS_s17_T3_ctrl,49,193,55.43333333333333,0.20350542664527893,0.8523429645724034
UBFC_PHYS_s17_T3_ctrl,49,194,55.46666666666667,0.3317978084087372,0.7474007089421603
UBFC_PHYS_s17_T3_ctrl,49,195,55.5,0.3505149185657501,0.5668712066461706
UBFC_PHYS_s17_T3_ctrl,49,196,55.53333333333333,0.3022648096084595,0.3403756113386176
UBFC_PHYS_s17_T3_ctrl,49,197,55.56666666666667,0.20047371089458466,0.0971512834665835
UBFC_PHYS_s17_T3_ctrl,49,198,55.6,0.033026400953531265,-0.1390683893608376
UBFC_PHYS_s17_T3_ctrl,49,199,55.63333333333333,-0.19562900066375732,-0.35225330345077094
UBFC_PHYS_s17_T3_ctrl,49,200,55.666666666666664,-0.4927499294281006,-0.5335789014285044
UBFC_PHYS_s17_T3_ctrl,49,201,55.7,-0.8606540560722351,-0.6792872028848006
UBFC_PHYS_s17_T3_ctrl,49,202,55.733333333333334,-1.1876474618911743,-0.7881573479363689
UBFC_PHYS_s17_T3_ctrl,49,203,55.766666666666666,-1.21146821975708,-0.8594465132093693
UBFC_PHYS_s17_T3_ctrl,49,204,55.8,-0.7509851455688477,-0.8915498348146791
UBFC_PHYS_s17_T3_ctrl,49,205,55.833333333333336,0.05120505765080452,-0.8813235329337874
UBFC_PHYS_s17_T3_ctrl,49,206,55.86666666666667,0.9032490253448486,-0.8242220844694923
UBFC_PHYS_s17_T3_ctrl,49,207,55.9,1.624647855758667,-0.7156431419831709
UBFC_PHYS_s17_T3_ctrl,49,208,55.93333333333333,2.1228225231170654,-0.5536254694759146
UBFC_PHYS_s17_T3_ctrl,49,209,55.96666666666667,2.288841724395752,-0.3423759326123502
UBFC_PHYS_s17_T3_ctrl,49,210,56.0,2.105287790298462,-0.09542099323974754
UBFC_PHYS_s17_T3_ctrl,49,211,56.03333333333333,1.7570722103118896,0.16316047313396256
UBFC_PHYS_s17_T3_ctrl,49,212,56.06666666666667,1.4564279317855835,0.40073115085899247
UBFC_PHYS_s17_T3_ctrl,49,213,56.1,1.165183186531067,0.5817472968693614
UBFC_PHYS_s17_T3_ctrl,49,214,56.13333333333333,0.7077787518501282,0.6761487824024904
UBFC_PHYS_s17_T3_ctrl,49,215,56.166666666666664,0.07660601288080215,0.668163020875974
UBFC_PHYS_s17_T3_ctrl,49,216,56.2,-0.5588626265525818,0.5623796385269351
UBFC_PHYS_s17_T3_ctrl,49,217,56.233333333333334,-1.0866055488586426,0.3844207366895965
UBFC_PHYS_s17_T3_ctrl,49,218,56.266666666666666,-1.487472414970398,0.1754221156757392
UBFC_PHYS_s17_T3_ctrl,49,219,56.3,-1.7599180936813354,-0.018055066938826334
UBFC_PHYS_s17_T3_ctrl,49,220,56.333333333333336,-1.9462230205535889,-0.1553936861646318
UBFC_PHYS_s17_T3_ctrl,49,221,56.36666666666667,-2.0719048976898193,-0.2111081973423447
UBFC_PHYS_s17_T3_ctrl,49,222,56.4,-2.0469956398010254,-0.1796397577577436
UBFC_PHYS_s17_T3_ctrl,49,223,56.43333333333333,-1.7886199951171875,-0.07526098005630631
UBFC_PHYS_s17_T3_ctrl,49,224,56.46666666666667,-1.3906561136245728,0.0722056644661217
UBFC_PHYS_s17_T3_ctrl,49,225,56.5,-1.0251749753952026,0.22459951606008177
UBFC_PHYS_s17_T3_ctrl,49,226,56.53333333333333,-0.7673962712287903,0.3440676769845351
UBFC_PHYS_s17_T3_ctrl,49,227,56.56666666666667,-0.6069020628929138,0.40144822246493844
UBFC_PHYS_s17_T3_ctrl,49,228,56.6,-0.5318931341171265,0.3825418638576894
UBFC_PHYS_s17_T3_ctrl,49,229,56.63333333333333,-0.5078383088111877,0.29067695138445937
UBFC_PHYS_s17_T3_ctrl,49,230,56.666666666666664,-0.484146386384964,0.14489510467840014
UBFC_PHYS_s17_T3_ctrl,49,231,56.7,-0.436095267534256,-0.02559448578885992
UBFC_PHYS_s17_T3_ctrl,49,232,56.733333333333334,-0.36707958579063416,-0.18889102992719436
UBFC_PHYS_s17_T3_ctrl,49,233,56.766666666666666,-0.3059885501861572,-0.31753418330385125
UBFC_PHYS_s17_T3_ctrl,49,234,56.8,-0.2993866503238678,-0.39342193623237004
UBFC_PHYS_s17_T3_ctrl,49,235,56.833333333333336,-0.35872185230255127,-0.4096344222926061
UBFC_PHYS_s17_T3_ctrl,49,236,56.86666666666667,-0.4583357274532318,-0.36937138838668043
UBFC_PHYS_s17_T3_ctrl,49,237,56.9,-0.5715045928955078,-0.28303326248713095
UBFC_PHYS_s17_T3_ctrl,49,238,56.93333333333333,-0.6947870254516602,-0.1648356721314528
UBFC_PHYS_s17_T3_ctrl,49,239,56.96666666666667,-0.8634634017944336,-0.030193256686460165
UBFC_PHYS_s17_T3_ctrl,50,0,50.0,1.0905957221984863,-0.09181463180506214
UBFC_PHYS_s17_T3_ctrl,50,1,50.03333333333333,0.46944287419319153,0.10351771156014762
UBFC_PHYS_s17_T3_ctrl,50,2,50.06666666666667,-0.39842694997787476,0.2969457474769339
UBFC_PHYS_s17_T3_ctrl,50,3,50.1,-1.3153077363967896,0.4826341937532849
UBFC_PHYS_s17_T3_ctrl,50,4,50.13333333333333,-1.9552595615386963,0.6505666634416784
UBFC_PHYS_s17_T3_ctrl,50,5,50.166666666666664,-2.185659170150757,0.7866837575739899
UBFC_PHYS_s17_T3_ctrl,50,6,50.2,-2.16913104057312,0.8747611158176206
UBFC_PHYS_s17_T3_ctrl,50,7,50.233333333333334,-2.0905869007110596,0.9001033155827423
UBFC_PHYS_s17_T3_ctrl,50,8,50.266666666666666,-1.9135295152664185,0.8542191628739791
UBFC_PHYS_s17_T3_ctrl,50,9,50.3,-1.493348479270935,0.738688278913308
UBFC_PHYS_s17_T3_ctrl,50,10,50.333333333333336,-0.8557962775230408,0.5665618058156673
UBFC_PHYS_s17_T3_ctrl,50,11,50.36666666666667,-0.21675744652748108,0.3606107482781109
UBFC_PHYS_s17_T3_ctrl,50,12,50.4,0.22290146350860596,0.14879113447665487
UBFC_PHYS_s17_T3_ctrl,50,13,50.43333333333333,0.4139938950538635,-0.04176449757000941
UBFC_PHYS_s17_T3_ctrl,50,14,50.46666666666667,0.42742010951042175,-0.19022905872413184
UBFC_PHYS_s17_T3_ctrl,50,15,50.5,0.4323364198207855,-0.28517066396736
UBFC_PHYS_s17_T3_ctrl,50,16,50.53333333333333,0.6090076565742493,-0.3245525831567905
UBFC_PHYS_s17_T3_ctrl,50,17,50.56666666666667,0.9259928464889526,-0.3132786710233538
UBFC_PHYS_s17_T3_ctrl,50,18,50.6,1.2181740999221802,-0.2595667184762954
UBFC_PHYS_s17_T3_ctrl,50,19,50.63333333333333,1.423816442489624,-0.17162546244955829
UBFC_PHYS_s17_T3_ctrl,50,20,50.666666666666664,1.586089849472046,-0.05616729666922923
UBFC_PHYS_s17_T3_ctrl,50,21,50.7,1.6900699138641357,0.08038005440207574
UBFC_PHYS_s17_T3_ctrl,50,22,50.733333333333334,1.6879395246505737,0.22875870834971956
UBFC_PHYS_s17_T3_ctrl,50,23,50.766666666666666,1.626684546470642,0.3741115148684312
UBFC_PHYS_s17_T3_ctrl,50,24,50.8,1.5882320404052734,0.4958057944361082
UBFC_PHYS_s17_T3_ctrl,50,25,50.833333333333336,1.5513830184936523,0.570800674089886
UBFC_PHYS_s17_T3_ctrl,50,26,50.86666666666667,1.4340704679489136,0.5797635810461311
UBFC_PHYS_s17_T3_ctrl,50,27,50.9,1.2230552434921265,0.5135354315025719
UBFC_PHYS_s17_T3_ctrl,50,28,50.93333333333333,1.0573052167892456,0.3767369908323671
UBFC_PHYS_s17_T3_ctrl,50,29,50.96666666666667,1.1262272596359253,0.18630538392931698
UBFC_PHYS_s17_T3_ctrl,50,30,51.0,1.4136677980422974,-0.03445068875288925
UBFC_PHYS_s17_T3_ctrl,50,31,51.03333333333333,1.677076816558838,-0.26310942972265866
UBFC_PHYS_s17_T3_ctrl,50,32,51.06666666666667,1.7638497352600098,-0.4831472443393753
UBFC_PHYS_s17_T3_ctrl,50,33,51.1,1.6767607927322388,-0.684765260863393
UBFC_PHYS_s17_T3_ctrl,50,34,51.13333333333333,1.3934640884399414,-0.8618838250768095
UBFC_PHYS_s17_T3_ctrl,50,35,51.166666666666664,0.9295864105224609,-1.0074408444078455
UBFC_PHYS_s17_T3_ctrl,50,36,51.2,0.45684775710105896,-1.109742771935164
UBFC_PHYS_s17_T3_ctrl,50,37,51.233333333333334,0.14521199464797974,-1.1520266324526054
UBFC_PHYS_s17_T3_ctrl,50,38,51.266666666666666,-0.00516867358237505,-1.1159960051513136
UBFC_PHYS_s17_T3_ctrl,50,39,51.3,-0.1062457412481308,-0.9884318578466558
UBFC_PHYS_s17_T3_ctrl,50,40,51.333333333333336,-0.2358725517988205,-0.7685663718560704
UBFC_PHYS_s17_T3_ctrl,50,41,51.36666666666667,-0.38119643926620483,-0.4731167774005959
UBFC_PHYS_s17_T3_ctrl,50,42,51.4,-0.4752502143383026,-0.1361087265925466
UBFC_PHYS_s17_T3_ctrl,50,43,51.43333333333333,-0.4916847348213196,0.1976115532397664
UBFC_PHYS_s17_T3_ctrl,50,44,51.46666666666667,-0.48056450486183167,0.4833037172253805
UBFC_PHYS_s17_T3_ctrl,50,45,51.5,-0.5238865613937378,0.6875105137024473
UBFC_PHYS_s17_T3_ctrl,50,46,51.53333333333333,-0.6984274387359619,0.7952881962075417
UBFC_PHYS_s17_T3_ctrl,50,47,51.56666666666667,-0.9875301122665405,0.8113150086417719
UBFC_PHYS_s17_T3_ctrl,50,48,51.6,-1.2309578657150269,0.7553659211771728
UBFC_PHYS_s17_T3_ctrl,50,49,51.63333333333333,-1.2460696697235107,0.6546024944184373
UBFC_PHYS_s17_T3_ctrl,50,50,51.666666666666664,-1.0306766033172607,0.5356715492308369
UBFC_PHYS_s17_T3_ctrl,50,51,51.7,-0.7363767027854919,0.41897449428182654
UBFC_PHYS_s17_T3_ctrl,50,52,51.733333333333334,-0.460114985704422,0.3163083818552791
UBFC_PHYS_s17_T3_ctrl,50,53,51.766666666666666,-0.19917577505111694,0.2318211946714466
UBFC_PHYS_s17_T3_ctrl,50,54,51.8,0.03678387030959129,0.1651430921519917
UBFC_PHYS_s17_T3_ctrl,50,55,51.833333333333336,0.22169579565525055,0.11493259145559459
UBFC_PHYS_s17_T3_ctrl,50,56,51.86666666666667,0.37324702739715576,0.0811139089611437
UBFC_PHYS_s17_T3_ctrl,50,57,51.9,0.5129639506340027,0.06480954352103205
UBFC_PHYS_s17_T3_ctrl,50,58,51.93333333333333,0.6143336892127991,0.06617731261186971
UBFC_PHYS_s17_T3_ctrl,50,59,51.96666666666667,0.6618229150772095,0.08156389476943406
UBFC_PHYS_s17_T3_ctrl,50,60,52.0,0.6793811917304993,0.10199179533131697
UBFC_PHYS_s17_T3_ctrl,50,61,52.03333333333333,0.623581051826477,0.11450427109671757
UBFC_PHYS_s17_T3_ctrl,50,62,52.06666666666667,0.40190210938453674,0.106350223308371
UBFC_PHYS_s17_T3_ctrl,50,63,52.1,0.05957449600100517,0.07027402090512545
UBFC_PHYS_s17_T3_ctrl,50,64,52.13333333333333,-0.23245453834533691,0.008342744085064281
UBFC_PHYS_s17_T3_ctrl,50,65,52.166666666666664,-0.3932531177997589,-0.0676869588340761
UBFC_PHYS_s17_T3_ctrl,50,66,52.2,-0.48476678133010864,-0.1397686261213366
UBFC_PHYS_s17_T3_ctrl,50,67,52.233333333333334,-0.5653943419456482,-0.18929327992753625
UBFC_PHYS_s17_T3_ctrl,50,68,52.266666666666666,-0.580623209476471,-0.20291322942511386
UBFC_PHYS_s17_T3_ctrl,50,69,52.3,-0.39694035053253174,-0.17652871341296977
UBFC_PHYS_s17_T3_ctrl,50,70,52.333333333333336,0.026799071580171585,-0.11642719063545348
UBFC_PHYS_s17_T3_ctrl,50,71,52.36666666666667,0.5672892332077026,-0.0375184115961683
UBFC_PHYS_s17_T3_ctrl,50,72,52.4,1.0824135541915894,0.04074603654308363
UBFC_PHYS_s17_T3_ctrl,50,73,52.43333333333333,1.5348197221755981,0.09967503947726988
UBFC_PHYS_s17_T3_ctrl,50,74,52.46666666666667,1.9010851383209229,0.1262805932254919
UBFC_PHYS_s17_T3_ctrl,50,75,52.5,2.133556604385376,0.11623675897675999
UBFC_PHYS_s17_T3_ctrl,50,76,52.53333333333333,2.323256015777588,0.07397390100779414
UBFC_PHYS_s17_T3_ctrl,50,77,52.56666666666667,2.67685604095459,0.010160487857843138
UBFC_PHYS_s17_T3_ctrl,50,78,52.6,3.1766579151153564,-0.06227868477113188
UBFC_PHYS_s17_T3_ctrl,50,79,52.63333333333333,3.457613468170166,-0.1320767970083316
UBFC_PHYS_s17_T3_ctrl,50,80,52.666666666666664,3.1347873210906982,-0.19211030267050802
UBFC_PHYS_s17_T3_ctrl,50,81,52.7,2.2455079555511475,-0.23979009091841197
UBFC_PHYS_s17_T3_ctrl,50,82,52.733333333333334,1.2383543252944946,-0.2756765309896625
UBFC_PHYS_s17_T3_ctrl,50,83,52.766666666666666,0.4915663003921509,-0.3013508428152039
UBFC_PHYS_s17_T3_ctrl,50,84,52.8,0.001351294806227088,-0.3176221799706635
UBFC_PHYS_s17_T3_ctrl,50,85,52.833333333333336,-0.39694035053253174,-0.32370500565765575
UBFC_PHYS_s17_T3_ctrl,50,86,52.86666666666667,-0.8190410137176514,-0.31746931105271686
UBFC_PHYS_s17_T3_ctrl,50,87,52.9,-1.3510915040969849,-0.29646890987126195
UBFC_PHYS_s17_T3_ctrl,50,88,52.93333333333333,-1.9828729629516602,-0.25925432226849904
UBFC_PHYS_s17_T3_ctrl,50,89,52.96666666666667,-2.540734052658081,-0.20647749742082983
UBFC_PHYS_s17_T3_ctrl,50,90,53.0,-2.805231809616089,-0.1414350542308556
UBFC_PHYS_s17_T3_ctrl,50,91,53.03333333333333,-2.692811965942383,-0.06986371007067708
UBFC_PHYS_s17_T3_ctrl,50,92,53.06666666666667,-2.3936893939971924,0.0010484699997240134
UBFC_PHYS_s17_T3_ctrl,50,93,53.1,-2.1620373725891113,0.06423936525132272
UBFC_PHYS_s17_T3_ctrl,50,94,53.13333333333333,-2.0496411323547363,0.11442288547614009
UBFC_PHYS_s17_T3_ctrl,50,95,53.166666666666664,-1.9093506336212158,0.14917073941174047
UBFC_PHYS_s17_T3_ctrl,50,96,53.2,-1.6407326459884644,0.1690626690645969
UBFC_PHYS_s17_T3_ctrl,50,97,53.233333333333334,-1.2900121212005615,0.17701077841686463
UBFC_PHYS_s17_T3_ctrl,50,98,53.266666666666666,-0.9314606785774231,0.17717737960528696
UBFC_PHYS_s17_T3_ctrl,50,99,53.3,-0.5828823447227478,0.17392133163305176
UBFC_PHYS_s17_T3_ctrl,50,100,53.333333333333336,-0.2726278305053711,0.17099776646423015
UBFC_PHYS_s17_T3_ctrl,50,101,53.36666666666667,-0.06161263585090637,0.17102005583504154
UBFC_PHYS_s17_T3_ctrl,50,102,53.4,0.06663291901350021,0.17514301123471468
UBFC_PHYS_s17_T3_ctrl,50,103,53.43333333333333,0.1899036318063736,0.182999717425759
UBFC_PHYS_s17_T3_ctrl,50,104,53.46666666666667,0.2956863045692444,0.1929687603612536
UBFC_PHYS_s17_T3_ctrl,50,105,53.5,0.3211926221847534,0.20275317875802903
UBFC_PHYS_s17_T3_ctrl,50,106,53.53333333333333,0.31869933009147644,0.21005051165950367
UBFC_PHYS_s17_T3_ctrl,50,107,53.56666666666667,0.3782101571559906,0.21300300726986843
UBFC_PHYS_s17_T3_ctrl,50,108,53.6,0.4542842507362366,0.21029073752916222
UBFC_PHYS_s17_T3_ctrl,50,109,53.63333333333333,0.44838467240333557,0.2010260721710033
UBFC_PHYS_s17_T3_ctrl,50,110,53.666666666666664,0.35982078313827515,0.18476376105977402
UBFC_PHYS_s17_T3_ctrl,50,111,53.7,0.28063303232192993,0.16179938990377288
UBFC_PHYS_s17_T3_ctrl,50,112,53.733333333333334,0.29559266567230225,0.1335801370809461
UBFC_PHYS_s17_T3_ctrl,50,113,53.766666666666666,0.3853856325149536,0.10287629794363826
UBFC_PHYS_s17_T3_ctrl,50,114,53.8,0.4222579896450043,0.07356102485644045
UBFC_PHYS_s17_T3_ctrl,50,115,53.833333333333336,0.3642688989639282,0.05004666431233275
UBFC_PHYS_s17_T3_ctrl,50,116,53.86666666666667,0.33099013566970825,0.03632081284554197
UBFC_PHYS_s17_T3_ctrl,50,117,53.9,0.38320839405059814,0.034473006611433224
UBFC_PHYS_s17_T3_ctrl,50,118,53.93333333333333,0.40818795561790466,0.042994542510232193
UBFC_PHYS_s17_T3_ctrl,50,119,53.96666666666667,0.326612263917923,0.0557334690783754
UBFC_PHYS_s17_T3_ctrl,50,120,54.0,0.20460574328899384,0.06260291151028835
UBFC_PHYS_s17_T3_ctrl,50,121,54.03333333333333,0.11396999657154083,0.05246631201334943
UBFC_PHYS_s17_T3_ctrl,50,122,54.06666666666667,0.06399917602539062,0.017221592003315397
UBFC_PHYS_s17_T3_ctrl,50,123,54.1,0.0751311182975769,-0.04485982078864822
UBFC_PHYS_s17_T3_ctrl,50,124,54.13333333333333,0.14762333035469055,-0.12808864719504517
UBFC_PHYS_s17_T3_ctrl,50,125,54.166666666666664,0.19998207688331604,-0.2208751071027307
UBFC_PHYS_s17_T3_ctrl,50,126,54.2,0.13974551856517792,-0.30896010847385413
UBFC_PHYS_s17_T3_ctrl,50,127,54.233333333333334,-0.010564913041889668,-0.3791792483565378
UBFC_PHYS_s17_T3_ctrl,50,128,54.266666666666666,-0.1342570185661316,-0.42293528823821436
UBFC_PHYS_s17_T3_ctrl,50,129,54.3,-0.20067408680915833,-0.4388289154142139
UBFC_PHYS_s17_T3_ctrl,50,130,54.333333333333336,-0.30768585205078125,-0.43360967360089636
UBFC_PHYS_s17_T3_ctrl,50,131,54.36666666666667,-0.5248347520828247,-0.42039452119051834
UBFC_PHYS_s17_T3_ctrl,50,132,54.4,-0.813773512840271,-0.41379108652761926
UBFC_PHYS_s17_T3_ctrl,50,133,54.43333333333333,-1.0450392961502075,-0.4231466877019267
UBFC_PHYS_s17_T3_ctrl,50,134,54.46666666666667,-1.0656994581222534,-0.44677576019838394
UBFC_PHYS_s17_T3_ctrl,50,135,54.5,-0.835896909236908,-0.47036711657886426
UBFC_PHYS_s17_T3_ctrl,50,136,54.53333333333333,-0.49328839778900146,-0.4711164760820579
UBFC_PHYS_s17_T3_ctrl,50,137,54.56666666666667,-0.22120554745197296,-0.4262706301365858
UBFC_PHYS_s17_T3_ctrl,50,138,54.6,-0.0860186219215393,-0.32237015576736083
UBFC_PHYS_s17_T3_ctrl,50,139,54.63333333333333,-0.042403895407915115,-0.1610731666006719
UBFC_PHYS_s17_T3_ctrl,50,140,54.666666666666664,-0.012648493982851505,0.04061970953871528
UBFC_PHYS_s17_T3_ctrl,50,141,54.7,0.03646782040596008,0.2551349042582221
UBFC_PHYS_s17_T3_ctrl,50,142,54.733333333333334,0.09511242061853409,0.4516788747938757
UBFC_PHYS_s17_T3_ctrl,50,143,54.766666666666666,0.16402274370193481,0.6034934786673551
UBFC_PHYS_s17_T3_ctrl,50,144,54.8,0.2656031548976898,0.6931428616522328
UBFC_PHYS_s17_T3_ctrl,50,145,54.833333333333336,0.3916012644767761,0.714992214878721
UBFC_PHYS_s17_T3_ctrl,50,146,54.86666666666667,0.47939255833625793,0.6747253036707119
UBFC_PHYS_s17_T3_ctrl,50,147,54.9,0.4847302734851837,0.586323069795265
UBFC_PHYS_s17_T3_ctrl,50,148,54.93333333333333,0.4708709716796875,0.4676695338892024
UBFC_PHYS_s17_T3_ctrl,50,149,54.96666666666667,0.5508313179016113,0.33642160496291573
UBFC_PHYS_s17_T3_ctrl,50,150,55.0,0.7320559620857239,0.20746536199789642
UBFC_PHYS_s17_T3_ctrl,50,151,55.03333333333333,0.8338353633880615,0.09232628283832066
UBFC_PHYS_s17_T3_ctrl,50,152,55.06666666666667,0.606268584728241,-0.0001268180622431246
UBFC_PHYS_s17_T3_ctrl,50,153,55.1,0.02554658055305481,-0.06283296239537414
UBFC_PHYS_s17_T3_ctrl,50,154,55.13333333333333,-0.5888989567756653,-0.09040016406458855
UBFC_PHYS_s17_T3_ctrl,50,155,55.166666666666664,-0.9221665263175964,-0.07985414456058088
UBFC_PHYS_s17_T3_ctrl,50,156,55.2,-0.989075243473053,-0.03191965617060437
UBFC_PHYS_s17_T3_ctrl,50,157,55.233333333333334,-0.9299623966217041,0.04779021014767528
UBFC_PHYS_s17_T3_ctrl,50,158,55.266666666666666,-0.7625150680541992,0.1483764560222072
UBFC_PHYS_s17_T3_ctrl,50,159,55.3,-0.5217795968055725,0.2545896055305546
UBFC_PHYS_s17_T3_ctrl,50,160,55.333333333333336,-0.32261037826538086,0.34920620728870017
UBFC_PHYS_s17_T3_ctrl,50,161,55.36666666666667,-0.17714600265026093,0.4163366501043751
UBFC_PHYS_s17_T3_ctrl,50,162,55.4,0.0001222163555212319,0.4446106287934668
UBFC_PHYS_s17_T3_ctrl,50,163,55.43333333333333,0.20350542664527893,0.42911066583265145
UBFC_PHYS_s17_T3_ctrl,50,164,55.46666666666667,0.3317978084087372,0.37146967688895705
UBFC_PHYS_s17_T3_ctrl,50,165,55.5,0.3505149185657501,0.2783266101277045
UBFC_PHYS_s17_T3_ctrl,50,166,55.53333333333333,0.3022648096084595,0.15886324674882513
UBFC_PHYS_s17_T3_ctrl,50,167,55.56666666666667,0.20047371089458466,0.02232371467277429
UBFC_PHYS_s17_T3_ctrl,50,168,55.6,0.033026400953531265,-0.12367288881684835
UBFC_PHYS_s17_T3_ctrl,50,169,55.63333333333333,-0.19562900066375732,-0.2735680895303073
UBFC_PHYS_s17_T3_ctrl,50,170,55.666666666666664,-0.4927499294281006,-0.42313421853133193
UBFC_PHYS_s17_T3_ctrl,50,171,55.7,-0.8606540560722351,-0.5681483458782125
UBFC_PHYS_s17_T3_ctrl,50,172,55.733333333333334,-1.1876474618911743,-0.7031980962236697
UBFC_PHYS_s17_T3_ctrl,50,173,55.766666666666666,-1.21146821975708,-0.8211072845114479
UBFC_PHYS_s17_T3_ctrl,50,174,55.8,-0.7509851455688477,-0.9130082852779616
UBFC_PHYS_s17_T3_ctrl,50,175,55.833333333333336,0.05120505765080452,-0.9688156744674147
UBFC_PHYS_s17_T3_ctrl,50,176,55.86666666666667,0.9032490253448486,-0.9780088636590196
UBFC_PHYS_s17_T3_ctrl,50,177,55.9,1.624647855758667,-0.9309430452023509
UBFC_PHYS_s17_T3_ctrl,50,178,55.93333333333333,2.1228225231170654,-0.8209556756272915
UBFC_PHYS_s17_T3_ctrl,50,179,55.96666666666667,2.288841724395752,-0.6471571057930403
UBFC_PHYS_s17_T3_ctrl,50,180,56.0,2.105287790298462,-0.4171693108639838
UBFC_PHYS_s17_T3_ctrl,50,181,56.03333333333333,1.7570722103118896,-0.1486763465170193
UBFC_PHYS_s17_T3_ctrl,50,182,56.06666666666667,1.4564279317855835,0.1312103184787727
UBFC_PHYS_s17_T3_ctrl,50,183,56.1,1.165183186531067,0.3893179864039058
UBFC_PHYS_s17_T3_ctrl,50,184,56.13333333333333,0.7077787518501282,0.5924990965321347
UBFC_PHYS_s17_T3_ctrl,50,185,56.166666666666664,0.07660601288080215,0.7154199037720506
UBFC_PHYS_s17_T3_ctrl,50,186,56.2,-0.5588626265525818,0.747628312955353
UBFC_PHYS_s17_T3_ctrl,50,187,56.233333333333334,-1.0866055488586426,0.6968894835761129
UBFC_PHYS_s17_T3_ctrl,50,188,56.266666666666666,-1.487472414970398,0.5869960591501242
UBFC_PHYS_s17_T3_ctrl,50,189,56.3,-1.7599180936813354,0.4506788437939034
UBFC_PHYS_s17_T3_ctrl,50,190,56.333333333333336,-1.9462230205535889,0.3204042388137143
UBFC_PHYS_s17_T3_ctrl,50,191,56.36666666666667,-2.0719048976898193,0.2204961107398469
UBFC_PHYS_s17_T3_ctrl,50,192,56.4,-2.0469956398010254,0.16286287072547087
UBFC_PHYS_s17_T3_ctrl,50,193,56.43333333333333,-1.7886199951171875,0.14670563178138105
UBFC_PHYS_s17_T3_ctrl,50,194,56.46666666666667,-1.3906561136245728,0.16122281385305848
UBFC_PHYS_s17_T3_ctrl,50,195,56.5,-1.0251749753952026,0.18987391382488855
UBFC_PHYS_s17_T3_ctrl,50,196,56.53333333333333,-0.7673962712287903,0.21494033627121642
UBFC_PHYS_s17_T3_ctrl,50,197,56.56666666666667,-0.6069020628929138,0.22153001163657682
UBFC_PHYS_s17_T3_ctrl,50,198,56.6,-0.5318931341171265,0.20051293687094568
UBFC_PHYS_s17_T3_ctrl,50,199,56.63333333333333,-0.5078383088111877,0.1500637311854295
UBFC_PHYS_s17_T3_ctrl,50,200,56.666666666666664,-0.484146386384964,0.07562229632028916
UBFC_PHYS_s17_T3_ctrl,50,201,56.7,-0.436095267534256,-0.011679395485625813
UBFC_PHYS_s17_T3_ctrl,50,202,56.733333333333334,-0.36707958579063416,-0.0977097832143926
UBFC_PHYS_s17_T3_ctrl,50,203,56.766666666666666,-0.3059885501861572,-0.1684697690091149
UBFC_PHYS_s17_T3_ctrl,50,204,56.8,-0.2993866503238678,-0.2129979556608838
UBFC_PHYS_s17_T3_ctrl,50,205,56.833333333333336,-0.35872185230255127,-0.22550026134138734
UBFC_PHYS_s17_T3_ctrl,50,206,56.86666666666667,-0.4583357274532318,-0.2062270362004991
UBFC_PHYS_s17_T3_ctrl,50,207,56.9,-0.5715045928955078,-0.16086933778820126
UBFC_PHYS_s17_T3_ctrl,50,208,56.93333333333333,-0.6947870254516602,-0.09878758610059529
UBFC_PHYS_s17_T3_ctrl,50,209,56.96666666666667,-0.8634634017944336,-0.0307882015332074
UBFC_PHYS_s17_T3_ctrl,50,210,57.0,-1.0736358165740967,0.0329467319316491
UBFC_PHYS_s17_T3_ctrl,50,211,57.03333333333333,-1.154392123222351,0.0845186797109702
UBFC_PHYS_s17_T3_ctrl,50,212,57.06666666666667,-0.9280309677124023,0.11945434380508686
UBFC_PHYS_s17_T3_ctrl,50,213,57.1,-0.4739859998226166,0.13714308047693194
UBFC_PHYS_s17_T3_ctrl,50,214,57.13333333333333,-0.032149869948625565,0.14030774399797935
UBFC_PHYS_s17_T3_ctrl,50,215,57.166666666666664,0.28461289405822754,0.13344295485037497
UBFC_PHYS_s17_T3_ctrl,50,216,57.2,0.5000059604644775,0.1206618223334853
UBFC_PHYS_s17_T3_ctrl,50,217,57.233333333333334,0.6182550191879272,0.10385376242523493
UBFC_PHYS_s17_T3_ctrl,50,218,57.266666666666666,0.6398516893386841,0.0820628806019559
UBFC_PHYS_s17_T3_ctrl,50,219,57.3,0.6400858163833618,0.0524627734765513
UBFC_PHYS_s17_T3_ctrl,50,220,57.333333333333336,0.6646907925605774,0.01247995058793665
UBFC_PHYS_s17_T3_ctrl,50,221,57.36666666666667,0.6675820350646973,-0.03801489866428713
UBFC_PHYS_s17_T3_ctrl,50,222,57.4,0.621263325214386,-0.09557471501341577
UBFC_PHYS_s17_T3_ctrl,50,223,57.43333333333333,0.5588261485099792,-0.1536693601805361
UBFC_PHYS_s17_T3_ctrl,50,224,57.46666666666667,0.46363696455955505,-0.20451811926970478
UBFC_PHYS_s17_T3_ctrl,50,225,57.5,0.2795795202255249,-0.24132773317791212
UBFC_PHYS_s17_T3_ctrl,50,226,57.53333333333333,0.0506783090531826,-0.25993416251041057
UBFC_PHYS_s17_T3_ctrl,50,227,57.56666666666667,-0.12069033831357956,-0.25934472170010914
UBFC_PHYS_s17_T3_ctrl,50,228,57.6,-0.24032063782215118,-0.24137652201811352
UBFC_PHYS_s17_T3_ctrl,50,229,57.63333333333333,-0.3896946310997009,-0.20992644764627255
UBFC_PHYS_s17_T3_ctrl,50,230,57.666666666666664,-0.5986847877502441,-0.17015689503272388
UBFC_PHYS_s17_T3_ctrl,50,231,57.7,-0.7776737213134766,-0.12752889941114054
UBFC_PHYS_s17_T3_ctrl,50,232,57.733333333333334,-0.7536657452583313,-0.08667909328202605
UBFC_PHYS_s17_T3_ctrl,50,233,57.766666666666666,-0.45874541997909546,-0.050475765897475405
UBFC_PHYS_s17_T3_ctrl,50,234,57.8,-0.06898710876703262,-0.019749575696795092
UBFC_PHYS_s17_T3_ctrl,50,235,57.833333333333336,0.2196473330259323,0.006096223524957553
UBFC_PHYS_s17_T3_ctrl,50,236,57.86666666666667,0.39422327280044556,0.028003942844491043
UBFC_PHYS_s17_T3_ctrl,50,237,57.9,0.49235057830810547,0.04646314893542466
UBFC_PHYS_s17_T3_ctrl,50,238,57.93333333333333,0.484695166349411,0.0614230020066301
UBFC_PHYS_s17_T3_ctrl,50,239,57.96666666666667,0.3941413462162018,0.07267858598682828
UBFC_PHYS_s17_T3_ctrl,51,0,51.0,1.4136677980422974,0.034920811687537696
UBFC_PHYS_s17_T3_ctrl,51,1,51.03333333333333,1.677076816558838,-0.032258019477101434
UBFC_PHYS_s17_T3_ctrl,51,2,51.06666666666667,1.7638497352600098,-0.12504220298247207
UBFC_PHYS_s17_T3_ctrl,51,3,51.1,1.6767607927322388,-0.2578118813859854
UBFC_PHYS_s17_T3_ctrl,51,4,51.13333333333333,1.3934640884399414,-0.42790805800184467
UBFC_PHYS_s17_T3_ctrl,51,5,51.166666666666664,0.9295864105224609,-0.6138778927345578
UBFC_PHYS_s17_T3_ctrl,51,6,51.2,0.45684775710105896,-0.7797966864925913
UBFC_PHYS_s17_T3_ctrl,51,7,51.233333333333334,0.14521199464797974,-0.8847336536594993
UBFC_PHYS_s17_T3_ctrl,51,8,51.266666666666666,-0.00516867358237505,-0.8947520846593913
UBFC_PHYS_s17_T3_ctrl,51,9,51.3,-0.1062457412481308,-0.7938552601191873
UBFC_PHYS_s17_T3_ctrl,51,10,51.333333333333336,-0.2358725517988205,-0.5904251769276434
UBFC_PHYS_s17_T3_ctrl,51,11,51.36666666666667,-0.38119643926620483,-0.3168741267765646
UBFC_PHYS_s17_T3_ctrl,51,12,51.4,-0.4752502143383026,-0.0221289010280209
UBFC_PHYS_s17_T3_ctrl,51,13,51.43333333333333,-0.4916847348213196,0.24108793899189662
UBFC_PHYS_s17_T3_ctrl,51,14,51.46666666666667,-0.48056450486183167,0.4300839128786066
UBFC_PHYS_s17_T3_ctrl,51,15,51.5,-0.5238865613937378,0.5224032122809408
UBFC_PHYS_s17_T3_ctrl,51,16,51.53333333333333,-0.6984274387359619,0.5192616952082304
UBFC_PHYS_s17_T3_ctrl,51,17,51.56666666666667,-0.9875301122665405,0.4418777548792194
UBFC_PHYS_s17_T3_ctrl,51,18,51.6,-1.2309578657150269,0.32285969929866
UBFC_PHYS_s17_T3_ctrl,51,19,51.63333333333333,-1.2460696697235107,0.1960206234413085
UBFC_PHYS_s17_T3_ctrl,51,20,51.666666666666664,-1.0306766033172607,0.0877799718619868
UBFC_PHYS_s17_T3_ctrl,51,21,51.7,-0.7363767027854919,0.01226420196688087
UBFC_PHYS_s17_T3_ctrl,51,22,51.733333333333334,-0.460114985704422,-0.02902768367243599
UBFC_PHYS_s17_T3_ctrl,51,23,51.766666666666666,-0.19917577505111694,-0.04349315426238655
UBFC_PHYS_s17_T3_ctrl,51,24,51.8,0.03678387030959129,-0.04152388435834471
UBFC_PHYS_s17_T3_ctrl,51,25,51.833333333333336,0.22169579565525055,-0.031079076004385947
UBFC_PHYS_s17_T3_ctrl,51,26,51.86666666666667,0.37324702739715576,-0.014943418564921481
UBFC_PHYS_s17_T3_ctrl,51,27,51.9,0.5129639506340027,0.008459921739811554
UBFC_PHYS_s17_T3_ctrl,51,28,51.93333333333333,0.6143336892127991,0.04140982277825356
UBFC_PHYS_s17_T3_ctrl,51,29,51.96666666666667,0.6618229150772095,0.08243806751031527
UBFC_PHYS_s17_T3_ctrl,51,30,52.0,0.6793811917304993,0.12377070184308182
UBFC_PHYS_s17_T3_ctrl,51,31,52.03333333333333,0.623581051826477,0.15254665154039806
UBFC_PHYS_s17_T3_ctrl,51,32,52.06666666666667,0.40190210938453674,0.1555270421886902
UBFC_PHYS_s17_T3_ctrl,51,33,52.1,0.05957449600100517,0.12491854213854718
UBFC_PHYS_s17_T3_ctrl,51,34,52.13333333333333,-0.23245453834533691,0.06241918605507988
UBFC_PHYS_s17_T3_ctrl,51,35,52.166666666666664,-0.3932531177997589,-0.0202464545479111
UBFC_PHYS_s17_T3_ctrl,51,36,52.2,-0.48476678133010864,-0.10416468745416879
UBFC_PHYS_s17_T3_ctrl,51,37,52.233333333333334,-0.5653943419456482,-0.16802886979072593
UBFC_PHYS_s17_T3_ctrl,51,38,52.266666666666666,-0.580623209476471,-0.19343853204546407
UBFC_PHYS_s17_T3_ctrl,51,39,52.3,-0.39694035053253174,-0.1696814516361576
UBFC_PHYS_s17_T3_ctrl,51,40,52.333333333333336,0.026799071580171585,-0.0970188020898547
UBFC_PHYS_s17_T3_ctrl,51,41,52.36666666666667,0.5672892332077026,0.012570384380477823
UBFC_PHYS_s17_T3_ctrl,51,42,52.4,1.0824135541915894,0.13776228364473628
UBFC_PHYS_s17_T3_ctrl,51,43,52.43333333333333,1.5348197221755981,0.2529785035090894
UBFC_PHYS_s17_T3_ctrl,51,44,52.46666666666667,1.9010851383209229,0.33476632123873606
UBFC_PHYS_s17_T3_ctrl,51,45,52.5,2.133556604385376,0.36747315149417853
UBFC_PHYS_s17_T3_ctrl,51,46,52.53333333333333,2.323256015777588,0.3464257248469467
UBFC_PHYS_s17_T3_ctrl,51,47,52.56666666666667,2.67685604095459,0.2777402043185774
UBFC_PHYS_s17_T3_ctrl,51,48,52.6,3.1766579151153564,0.17514088005524042
UBFC_PHYS_s17_T3_ctrl,51,49,52.63333333333333,3.457613468170166,0.0552249010071594
UBFC_PHYS_s17_T3_ctrl,51,50,52.666666666666664,3.1347873210906982,-0.0669599100208043
UBFC_PHYS_s17_T3_ctrl,51,51,52.7,2.2455079555511475,-0.18049151631029964
UBFC_PHYS_s17_T3_ctrl,51,52,52.733333333333334,1.2383543252944946,-0.2787047422154978
UBFC_PHYS_s17_T3_ctrl,51,53,52.766666666666666,0.4915663003921509,-0.3574208325269333
UBFC_PHYS_s17_T3_ctrl,51,54,52.8,0.001351294806227088,-0.412688397205072
UBFC_PHYS_s17_T3_ctrl,51,55,52.833333333333336,-0.39694035053253174,-0.43961304206570573
UBFC_PHYS_s17_T3_ctrl,51,56,52.86666666666667,-0.8190410137176514,-0.4331851605834833
UBFC_PHYS_s17_T3_ctrl,51,57,52.9,-1.3510915040969849,-0.39085613281202297
UBFC_PHYS_s17_T3_ctrl,51,58,52.93333333333333,-1.9828729629516602,-0.31553744258516353
UBFC_PHYS_s17_T3_ctrl,51,59,52.96666666666667,-2.540734052658081,-0.21721013645962056
UBFC_PHYS_s17_T3_ctrl,51,60,53.0,-2.805231809616089,-0.11174672973784008
UBFC_PHYS_s17_T3_ctrl,51,61,53.03333333333333,-2.692811965942383,-0.016897967833714507
UBFC_PHYS_s17_T3_ctrl,51,62,53.06666666666667,-2.3936893939971924,0.052893863359629555
UBFC_PHYS_s17_T3_ctrl,51,63,53.1,-2.1620373725891113,0.09042228512947156
UBFC_PHYS_s17_T3_ctrl,51,64,53.13333333333333,-2.0496411323547363,0.09684470562755314
UBFC_PHYS_s17_T3_ctrl,51,65,53.166666666666664,-1.9093506336212158,0.08008868270438081
UBFC_PHYS_s17_T3_ctrl,51,66,53.2,-1.6407326459884644,0.05165592949277813
UBFC_PHYS_s17_T3_ctrl,51,67,53.233333333333334,-1.2900121212005615,0.02316411161876471
UBFC_PHYS_s17_T3_ctrl,51,68,53.266666666666666,-0.9314606785774231,0.0036976513734090157
UBFC_PHYS_s17_T3_ctrl,51,69,53.3,-0.5828823447227478,-0.0015002098482324502
UBFC_PHYS_s17_T3_ctrl,51,70,53.333333333333336,-0.2726278305053711,0.008922569481794302
UBFC_PHYS_s17_T3_ctrl,51,71,53.36666666666667,-0.06161263585090637,0.03316131132806572
UBFC_PHYS_s17_T3_ctrl,51,72,53.4,0.06663291901350021,0.06729634214137109
UBFC_PHYS_s17_T3_ctrl,51,73,53.43333333333333,0.1899036318063736,0.10636824247781648
UBFC_PHYS_s17_T3_ctrl,51,74,53.46666666666667,0.2956863045692444,0.14536436763563965
UBFC_PHYS_s17_T3_ctrl,51,75,53.5,0.3211926221847534,0.1800320673900529
UBFC_PHYS_s17_T3_ctrl,51,76,53.53333333333333,0.31869933009147644,0.20742003457647565
UBFC_PHYS_s17_T3_ctrl,51,77,53.56666666666667,0.3782101571559906,0.22604079638104246
UBFC_PHYS_s17_T3_ctrl,51,78,53.6,0.4542842507362366,0.2356015503191557
UBFC_PHYS_s17_T3_ctrl,51,79,53.63333333333333,0.44838467240333557,0.23642751532744352
UBFC_PHYS_s17_T3_ctrl,51,80,53.666666666666664,0.35982078313827515,0.2289305183667478
UBFC_PHYS_s17_T3_ctrl,51,81,53.7,0.28063303232192993,0.2134751851661769
UBFC_PHYS_s17_T3_ctrl,51,82,53.733333333333334,0.29559266567230225,0.19065725587528468
UBFC_PHYS_s17_T3_ctrl,51,83,53.766666666666666,0.3853856325149536,0.16171171452495392
UBFC_PHYS_s17_T3_ctrl,51,84,53.8,0.4222579896450043,0.128824766204211
UBFC_PHYS_s17_T3_ctrl,51,85,53.833333333333336,0.3642688989639282,0.09525662848046994
UBFC_PHYS_s17_T3_ctrl,51,86,53.86666666666667,0.33099013566970825,0.06508952732408174
UBFC_PHYS_s17_T3_ctrl,51,87,53.9,0.38320839405059814,0.042337524119900063
UBFC_PHYS_s17_T3_ctrl,51,88,53.93333333333333,0.40818795561790466,0.029423276289821703
UBFC_PHYS_s17_T3_ctrl,51,89,53.96666666666667,0.326612263917923,0.025562239812166047
UBFC_PHYS_s17_T3_ctrl,51,90,54.0,0.20460574328899384,0.026013002524845365
UBFC_PHYS_s17_T3_ctrl,51,91,54.03333333333333,0.11396999657154083,0.023004633458997982
UBFC_PHYS_s17_T3_ctrl,51,92,54.06666666666667,0.06399917602539062,0.008329873249161245
UBFC_PHYS_s17_T3_ctrl,51,93,54.1,0.0751311182975769,-0.023383850176838
UBFC_PHYS_s17_T3_ctrl,51,94,54.13333333333333,0.14762333035469055,-0.0721789818156351
UBFC_PHYS_s17_T3_ctrl,51,95,54.166666666666664,0.19998207688331604,-0.13218551449736413
UBFC_PHYS_s17_T3_ctrl,51,96,54.2,0.13974551856517792,-0.19321752387176344
UBFC_PHYS_s17_T3_ctrl,51,97,54.233333333333334,-0.010564913041889668,-0.24403057868350198
UBFC_PHYS_s17_T3_ctrl,51,98,54.266666666666666,-0.1342570185661316,-0.2764133821767412
UBFC_PHYS_s17_T3_ctrl,51,99,54.3,-0.20067408680915833,-0.28903603259613003
UBFC_PHYS_s17_T3_ctrl,51,100,54.333333333333336,-0.30768585205078125,-0.28947818036842615
UBFC_PHYS_s17_T3_ctrl,51,101,54.36666666666667,-0.5248347520828247,-0.2927654316399872
UBFC_PHYS_s17_T3_ctrl,51,102,54.4,-0.813773512840271,-0.31579796198745036
UBFC_PHYS_s17_T3_ctrl,51,103,54.43333333333333,-1.0450392961502075,-0.36913887773340065
UBFC_PHYS_s17_T3_ctrl,51,104,54.46666666666667,-1.0656994581222534,-0.4496916426378624
UBFC_PHYS_s17_T3_ctrl,51,105,54.5,-0.835896909236908,-0.5381842457496951
UBFC_PHYS_s17_T3_ctrl,51,106,54.53333333333333,-0.49328839778900146,-0.6033250310403406
UBFC_PHYS_s17_T3_ctrl,51,107,54.56666666666667,-0.22120554745197296,-0.6113239645024466
UBFC_PHYS_s17_T3_ctrl,51,108,54.6,-0.0860186219215393,-0.5371563965698618
UBFC_PHYS_s17_T3_ctrl,51,109,54.63333333333333,-0.042403895407915115,-0.3734454949102568
UBFC_PHYS_s17_T3_ctrl,51,110,54.666666666666664,-0.012648493982851505,-0.1340490326617779
UBFC_PHYS_s17_T3_ctrl,51,111,54.7,0.03646782040596008,0.14851108068786678
UBFC_PHYS_s17_T3_ctrl,51,112,54.733333333333334,0.09511242061853409,0.4307185608012275
UBFC_PHYS_s17_T3_ctrl,51,113,54.766666666666666,0.16402274370193481,0.6684637805160507
UBFC_PHYS_s17_T3_ctrl,51,114,54.8,0.2656031548976898,0.8272213187972189
UBFC_PHYS_s17_T3_ctrl,51,115,54.833333333333336,0.3916012644767761,0.8891986162143665
UBFC_PHYS_s17_T3_ctrl,51,116,54.86666666666667,0.47939255833625793,0.8555355868566151
UBFC_PHYS_s17_T3_ctrl,51,117,54.9,0.4847302734851837,0.7432469962039628
UBFC_PHYS_s17_T3_ctrl,51,118,54.93333333333333,0.4708709716796875,0.5785397569085757
UBFC_PHYS_s17_T3_ctrl,51,119,54.96666666666667,0.5508313179016113,0.3893596656231631
UBFC_PHYS_s17_T3_ctrl,51,120,55.0,0.7320559620857239,0.19977883350098602
UBFC_PHYS_s17_T3_ctrl,51,121,55.03333333333333,0.8338353633880615,0.027546833749794487
UBFC_PHYS_s17_T3_ctrl,51,122,55.06666666666667,0.606268584728241,-0.11533529669063969
UBFC_PHYS_s17_T3_ctrl,51,123,55.1,0.02554658055305481,-0.2203176111864586
UBFC_PHYS_s17_T3_ctrl,51,124,55.13333333333333,-0.5888989567756653,-0.28016396810004807
UBFC_PHYS_s17_T3_ctrl,51,125,55.166666666666664,-0.9221665263175964,-0.28855357348361504
UBFC_PHYS_s17_T3_ctrl,51,126,55.2,-0.989075243473053,-0.24183726114843163
UBFC_PHYS_s17_T3_ctrl,51,127,55.233333333333334,-0.9299623966217041,-0.14202922332778226
UBFC_PHYS_s17_T3_ctrl,51,128,55.266666666666666,-0.7625150680541992,0.0006281914813029196
UBFC_PHYS_s17_T3_ctrl,51,129,55.3,-0.5217795968055725,0.16709376249611946
UBFC_PHYS_s17_T3_ctrl,51,130,55.333333333333336,-0.32261037826538086,0.3317470488134173
UBFC_PHYS_s17_T3_ctrl,51,131,55.36666666666667,-0.17714600265026093,0.46708759027723806
UBFC_PHYS_s17_T3_ctrl,51,132,55.4,0.0001222163555212319,0.549587541336857
UBFC_PHYS_s17_T3_ctrl,51,133,55.43333333333333,0.20350542664527893,0.5648675981426416
UBFC_PHYS_s17_T3_ctrl,51,134,55.46666666666667,0.3317978084087372,0.5105654992139992
UBFC_PHYS_s17_T3_ctrl,51,135,55.5,0.3505149185657501,0.3959762440305819
UBFC_PHYS_s17_T3_ctrl,51,136,55.53333333333333,0.3022648096084595,0.23849411249268115
UBFC_PHYS_s17_T3_ctrl,51,137,55.56666666666667,0.20047371089458466,0.058021289551708606
UBFC_PHYS_s17_T3_ctrl,51,138,55.6,0.033026400953531265,-0.12845997852327337
UBFC_PHYS_s17_T3_ctrl,51,139,55.63333333333333,-0.19562900066375732,-0.3098792082326343
UBFC_PHYS_s17_T3_ctrl,51,140,55.666666666666664,-0.4927499294281006,-0.4806701121356529
UBFC_PHYS_s17_T3_ctrl,51,141,55.7,-0.8606540560722351,-0.6378194184638386
UBFC_PHYS_s17_T3_ctrl,51,142,55.733333333333334,-1.1876474618911743,-0.7773281472837497
UBFC_PHYS_s17_T3_ctrl,51,143,55.766666666666666,-1.21146821975708,-0.891918564385587
UBFC_PHYS_s17_T3_ctrl,51,144,55.8,-0.7509851455688477,-0.9707820152106366
UBFC_PHYS_s17_T3_ctrl,51,145,55.833333333333336,0.05120505765080452,-1.001121778075404
UBFC_PHYS_s17_T3_ctrl,51,146,55.86666666666667,0.9032490253448486,-0.9708721791116648
UBFC_PHYS_s17_T3_ctrl,51,147,55.9,1.624647855758667,-0.8719874968057676
UBFC_PHYS_s17_T3_ctrl,51,148,55.93333333333333,2.1228225231170654,-0.7035886187960527
UBFC_PHYS_s17_T3_ctrl,51,149,55.96666666666667,2.288841724395752,-0.4741169015947911
UBFC_PHYS_s17_T3_ctrl,51,150,56.0,2.105287790298462,-0.2017634960805736
UBFC_PHYS_s17_T3_ctrl,51,151,56.03333333333333,1.7570722103118896,0.08717775409754966
UBFC_PHYS_s17_T3_ctrl,51,152,56.06666666666667,1.4564279317855835,0.3619044379008318
UBFC_PHYS_s17_T3_ctrl,51,153,56.1,1.165183186531067,0.592078075890959
UBFC_PHYS_s17_T3_ctrl,51,154,56.13333333333333,0.7077787518501282,0.7532662976418804
UBFC_PHYS_s17_T3_ctrl,51,155,56.166666666666664,0.07660601288080215,0.8316459760436121
UBFC_PHYS_s17_T3_ctrl,51,156,56.2,-0.5588626265525818,0.8265871773759101
UBFC_PHYS_s17_T3_ctrl,51,157,56.233333333333334,-1.0866055488586426,0.7501075911247045
UBFC_PHYS_s17_T3_ctrl,51,158,56.266666666666666,-1.487472414970398,0.6232734049746064
UBFC_PHYS_s17_T3_ctrl,51,159,56.3,-1.7599180936813354,0.47086474507864307
UBFC_PHYS_s17_T3_ctrl,51,160,56.333333333333336,-1.9462230205535889,0.3162394109258668
UBFC_PHYS_s17_T3_ctrl,51,161,56.36666666666667,-2.0719048976898193,0.177929625815534
UBFC_PHYS_s17_T3_ctrl,51,162,56.4,-2.0469956398010254,0.06833123157876797
UBFC_PHYS_s17_T3_ctrl,51,163,56.43333333333333,-1.7886199951171875,-0.00622778594862628
UBFC_PHYS_s17_T3_ctrl,51,164,56.46666666666667,-1.3906561136245728,-0.044988544322918454
UBFC_PHYS_s17_T3_ctrl,51,165,56.5,-1.0251749753952026,-0.05230900470174626
UBFC_PHYS_s17_T3_ctrl,51,166,56.53333333333333,-0.7673962712287903,-0.03712158190339506
UBFC_PHYS_s17_T3_ctrl,51,167,56.56666666666667,-0.6069020628929138,-0.011837483057245461
UBFC_PHYS_s17_T3_ctrl,51,168,56.6,-0.5318931341171265,0.009645665113208942
UBFC_PHYS_s17_T3_ctrl,51,169,56.63333333333333,-0.5078383088111877,0.014735857284766764
UBFC_PHYS_s17_T3_ctrl,51,170,56.666666666666664,-0.484146386384964,-0.004838934690337635
UBFC_PHYS_s17_T3_ctrl,51,171,56.7,-0.436095267534256,-0.05063301077815022
UBFC_PHYS_s17_T3_ctrl,51,172,56.733333333333334,-0.36707958579063416,-0.11646620806454325
UBFC_PHYS_s17_T3_ctrl,51,173,56.766666666666666,-0.3059885501861572,-0.18923594134513794
UBFC_PHYS_s17_T3_ctrl,51,174,56.8,-0.2993866503238678,-0.25159092996782223
UBFC_PHYS_s17_T3_ctrl,51,175,56.833333333333336,-0.35872185230255127,-0.286021516638824
UBFC_PHYS_s17_T3_ctrl,51,176,56.86666666666667,-0.4583357274532318,-0.2794325856651506
UBFC_PHYS_s17_T3_ctrl,51,177,56.9,-0.5715045928955078,-0.22695802129470222
UBFC_PHYS_s17_T3_ctrl,51,178,56.93333333333333,-0.6947870254516602,-0.13384007541269927
UBFC_PHYS_s17_T3_ctrl,51,179,56.96666666666667,-0.8634634017944336,-0.014653697274401665
UBFC_PHYS_s17_T3_ctrl,51,180,57.0,-1.0736358165740967,0.11010560602563398
UBFC_PHYS_s17_T3_ctrl,51,181,57.03333333333333,-1.154392123222351,0.2192122431464484
UBFC_PHYS_s17_T3_ctrl,51,182,57.06666666666667,-0.9280309677124023,0.29613371185078113
UBFC_PHYS_s17_T3_ctrl,51,183,57.1,-0.4739859998226166,0.33290460435477964
UBFC_PHYS_s17_T3_ctrl,51,184,57.13333333333333,-0.032149869948625565,0.33109597281821457
UBFC_PHYS_s17_T3_ctrl,51,185,57.166666666666664,0.28461289405822754,0.29959535766470363
UBFC_PHYS_s17_T3_ctrl,51,186,57.2,0.5000059604644775,0.2502615325062018
UBFC_PHYS_s17_T3_ctrl,51,187,57.233333333333334,0.6182550191879272,0.19342297568466643
UBFC_PHYS_s17_T3_ctrl,51,188,57.266666666666666,0.6398516893386841,0.135095240769474
UBFC_PHYS_s17_T3_ctrl,51,189,57.3,0.6400858163833618,0.07679591110418496
UBFC_PHYS_s17_T3_ctrl,51,190,57.333333333333336,0.6646907925605774,0.017506774999949386
UBFC_PHYS_s17_T3_ctrl,51,191,57.36666666666667,0.6675820350646973,-0.04361110899214538
UBFC_PHYS_s17_T3_ctrl,51,192,57.4,0.621263325214386,-0.10523950919377906
UBFC_PHYS_s17_T3_ctrl,51,193,57.43333333333333,0.5588261485099792,-0.16349962223778344
UBFC_PHYS_s17_T3_ctrl,51,194,57.46666666666667,0.46363696455955505,-0.21303375258953888
UBFC_PHYS_s17_T3_ctrl,51,195,57.5,0.2795795202255249,-0.24882767426206273
UBFC_PHYS_s17_T3_ctrl,51,196,57.53333333333333,0.0506783090531826,-0.2679447716116509
UBFC_PHYS_s17_T3_ctrl,51,197,57.56666666666667,-0.12069033831357956,-0.27066447641189667
UBFC_PHYS_s17_T3_ctrl,51,198,57.6,-0.24032063782215118,-0.2608717958358631
UBFC_PHYS_s17_T3_ctrl,51,199,57.63333333333333,-0.3896946310997009,-0.24566974300214764
UBFC_PHYS_s17_T3_ctrl,51,200,57.666666666666664,-0.5986847877502441,-0.23409851684922875
UBFC_PHYS_s17_T3_ctrl,51,201,57.7,-0.7776737213134766,-0.23488169773793718
UBFC_PHYS_s17_T3_ctrl,51,202,57.733333333333334,-0.7536657452583313,-0.2535205799267614
UBFC_PHYS_s17_T3_ctrl,51,203,57.766666666666666,-0.45874541997909546,-0.28958591882470563
UBFC_PHYS_s17_T3_ctrl,51,204,57.8,-0.06898710876703262,-0.3352988995768725
UBFC_PHYS_s17_T3_ctrl,51,205,57.833333333333336,0.2196473330259323,-0.37624479898267665
UBFC_PHYS_s17_T3_ctrl,51,206,57.86666666666667,0.39422327280044556,-0.3943931371781729
UBFC_PHYS_s17_T3_ctrl,51,207,57.9,0.49235057830810547,-0.3728285783840335
UBFC_PHYS_s17_T3_ctrl,51,208,57.93333333333333,0.484695166349411,-0.3010121729664584
UBFC_PHYS_s17_T3_ctrl,51,209,57.96666666666667,0.3941413462162018,-0.17898214911398763
UBFC_PHYS_s17_T3_ctrl,51,210,58.0,0.3319031596183777,-0.01874719784489493
UBFC_PHYS_s17_T3_ctrl,51,211,58.03333333333333,0.3342442512512207,0.15829310583768125
UBFC_PHYS_s17_T3_ctrl,51,212,58.06666666666667,0.31933143734931946,0.3275203460068486
UBFC_PHYS_s17_T3_ctrl,51,213,58.1,0.24541115760803223,0.4686128110257906
UBFC_PHYS_s17_T3_ctrl,51,214,58.13333333333333,0.1394294798374176,0.5710706833049348
UBFC_PHYS_s17_T3_ctrl,51,215,58.166666666666664,0.011347799561917782,0.6350698006305416
UBFC_PHYS_s17_T3_ctrl,51,216,58.2,-0.14554113149642944,0.667347442925853
UBFC_PHYS_s17_T3_ctrl,51,217,58.233333333333334,-0.3047126531600952,0.67448042124714
UBFC_PHYS_s17_T3_ctrl,51,218,58.266666666666666,-0.43884608149528503,0.6571891542535954
UBFC_PHYS_s17_T3_ctrl,51,219,58.3,-0.5736116170883179,0.6086710119546593
UBFC_PHYS_s17_T3_ctrl,51,220,58.333333333333336,-0.7445939779281616,0.5179152358427793
UBFC_PHYS_s17_T3_ctrl,51,221,58.36666666666667,-0.9360024333000183,0.37651621977751837
UBFC_PHYS_s17_T3_ctrl,51,222,58.4,-1.0843112468719482,0.1858188282631554
UBFC_PHYS_s17_T3_ctrl,51,223,58.43333333333333,-1.1096185445785522,-0.03892482775009245
UBFC_PHYS_s17_T3_ctrl,51,224,58.46666666666667,-0.9795117974281311,-0.26930152131980895
UBFC_PHYS_s17_T3_ctrl,51,225,58.5,-0.7595185041427612,-0.46920875066561335
UBFC_PHYS_s17_T3_ctrl,51,226,58.53333333333333,-0.530336320400238,-0.6031835159984321
UBFC_PHYS_s17_T3_ctrl,51,227,58.56666666666667,-0.2616363763809204,-0.6449945800957712
UBFC_PHYS_s17_T3_ctrl,51,228,58.6,0.09142518788576126,-0.5841567415460005
UBFC_PHYS_s17_T3_ctrl,51,229,58.63333333333333,0.4707304835319519,-0.42885425637227165
UBFC_PHYS_s17_T3_ctrl,51,230,58.666666666666664,0.8242954015731812,-0.2047216659017843
UBFC_PHYS_s17_T3_ctrl,51,231,58.7,1.1862882375717163,0.05014687919210142
UBFC_PHYS_s17_T3_ctrl,51,232,58.733333333333334,1.5493696928024292,0.29275397276357956
UBFC_PHYS_s17_T3_ctrl,51,233,58.766666666666666,1.8015532493591309,0.4835129911285645
UBFC_PHYS_s17_T3_ctrl,51,234,58.8,1.8740453720092773,0.5933321037685975
UBFC_PHYS_s17_T3_ctrl,51,235,58.833333333333336,1.8148740530014038,0.6078547746664503
UBFC_PHYS_s17_T3_ctrl,51,236,58.86666666666667,1.6682976484298706,0.5281404690292585
UBFC_PHYS_s17_T3_ctrl,51,237,58.9,1.424343228340149,0.3682099918710524
UBFC_PHYS_s17_T3_ctrl,51,238,58.93333333333333,1.0982394218444824,0.1508450754315318
UBFC_PHYS_s17_T3_ctrl,51,239,58.96666666666667,0.7700637578964233,-0.09658403562856809
UBFC_PHYS_s17_T3_ctrl,52,0,52.0,0.6793811917304993,-0.02415765585498666
UBFC_PHYS_s17_T3_ctrl,52,1,52.03333333333333,0.623581051826477,0.19741777996857512
UBFC_PHYS_s17_T3_ctrl,52,2,52.06666666666667,0.40190210938453674,0.39561822396836804
UBFC_PHYS_s17_T3_ctrl,52,3,52.1,0.05957449600100517,0.5501102623943536
UBFC_PHYS_s17_T3_ctrl,52,4,52.13333333333333,-0.23245453834533691,0.6480766153394841
UBFC_PHYS_s17_T3_ctrl,52,5,52.166666666666664,-0.3932531177997589,0.6865637179599595
UBFC_PHYS_s17_T3_ctrl,52,6,52.2,-0.48476678133010864,0.6727132144528566
UBFC_PHYS_s17_T3_ctrl,52,7,52.233333333333334,-0.5653943419456482,0.6216560109300541
UBFC_PHYS_s17_T3_ctrl,52,8,52.266666666666666,-0.580623209476471,0.5524648475729126
UBFC_PHYS_s17_T3_ctrl,52,9,52.3,-0.39694035053253174,0.483071687631906
UBFC_PHYS_s17_T3_ctrl,52,10,52.333333333333336,0.026799071580171585,0.4255861944776775
UBFC_PHYS_s17_T3_ctrl,52,11,52.36666666666667,0.5672892332077026,0.38360502235916255
UBFC_PHYS_s17_T3_ctrl,52,12,52.4,1.0824135541915894,0.3524903564394853
UBFC_PHYS_s17_T3_ctrl,52,13,52.43333333333333,1.5348197221755981,0.3224126801766147
UBFC_PHYS_s17_T3_ctrl,52,14,52.46666666666667,1.9010851383209229,0.28279003248778267
UBFC_PHYS_s17_T3_ctrl,52,15,52.5,2.133556604385376,0.22627849155265958
UBFC_PHYS_s17_T3_ctrl,52,16,52.53333333333333,2.323256015777588,0.15094733648271716
UBFC_PHYS_s17_T3_ctrl,52,17,52.56666666666667,2.67685604095459,0.0602514814189504
UBFC_PHYS_s17_T3_ctrl,52,18,52.6,3.1766579151153564,-0.03873753099055213
UBFC_PHYS_s17_T3_ctrl,52,19,52.63333333333333,3.457613468170166,-0.1378822274343639
UBFC_PHYS_s17_T3_ctrl,52,20,52.666666666666664,3.1347873210906982,-0.2302119734232845
UBFC_PHYS_s17_T3_ctrl,52,21,52.7,2.2455079555511475,-0.31102776425098627
UBFC_PHYS_s17_T3_ctrl,52,22,52.733333333333334,1.2383543252944946,-0.37772394455672614
UBFC_PHYS_s17_T3_ctrl,52,23,52.766666666666666,0.4915663003921509,-0.42881787621047684
UBFC_PHYS_s17_T3_ctrl,52,24,52.8,0.001351294806227088,-0.4629446107049638
UBFC_PHYS_s17_T3_ctrl,52,25,52.833333333333336,-0.39694035053253174,-0.47840286967209383
UBFC_PHYS_s17_T3_ctrl,52,26,52.86666666666667,-0.8190410137176514,-0.47342568622380155
UBFC_PHYS_s17_T3_ctrl,52,27,52.9,-1.3510915040969849,-0.4469916225167915
UBFC_PHYS_s17_T3_ctrl,52,28,52.93333333333333,-1.9828729629516602,-0.39985785066102514
UBFC_PHYS_s17_T3_ctrl,52,29,52.96666666666667,-2.540734052658081,-0.3354520455246556
UBFC_PHYS_s17_T3_ctrl,52,30,53.0,-2.805231809616089,-0.26017638542388366
UBFC_PHYS_s17_T3_ctrl,52,31,53.03333333333333,-2.692811965942383,-0.18271766855703153
UBFC_PHYS_s17_T3_ctrl,52,32,53.06666666666667,-2.3936893939971924,-0.11230092131448122
UBFC_PHYS_s17_T3_ctrl,52,33,53.1,-2.1620373725891113,-0.05636158007739379
UBFC_PHYS_s17_T3_ctrl,52,34,53.13333333333333,-2.0496411323547363,-0.018535212049776484
UBFC_PHYS_s17_T3_ctrl,52,35,53.166666666666664,-1.9093506336212158,0.0021615156162902256
UBFC_PHYS_s17_T3_ctrl,52,36,53.2,-1.6407326459884644,0.010640509990747237
UBFC_PHYS_s17_T3_ctrl,52,37,53.233333333333334,-1.2900121212005615,0.013940238117606106
UBFC_PHYS_s17_T3_ctrl,52,38,53.266666666666666,-0.9314606785774231,0.019123674219300987
UBFC_PHYS_s17_T3_ctrl,52,39,53.3,-0.5828823447227478,0.031636443030623254
UBFC_PHYS_s17_T3_ctrl,52,40,53.333333333333336,-0.2726278305053711,0.0544881300709667
UBFC_PHYS_s17_T3_ctrl,52,41,53.36666666666667,-0.06161263585090637,0.08816586990335164
UBFC_PHYS_s17_T3_ctrl,52,42,53.4,0.06663291901350021,0.13095006739017742
UBFC_PHYS_s17_T3_ctrl,52,43,53.43333333333333,0.1899036318063736,0.17936027680356817
UBFC_PHYS_s17_T3_ctrl,52,44,53.46666666666667,0.2956863045692444,0.22869040562475038
UBFC_PHYS_s17_T3_ctrl,52,45,53.5,0.3211926221847534,0.2737238468027098
UBFC_PHYS_s17_T3_ctrl,52,46,53.53333333333333,0.31869933009147644,0.3095941919797027
UBFC_PHYS_s17_T3_ctrl,52,47,53.56666666666667,0.3782101571559906,0.33254789943068064
UBFC_PHYS_s17_T3_ctrl,52,48,53.6,0.4542842507362366,0.34033286969632454
UBFC_PHYS_s17_T3_ctrl,52,49,53.63333333333333,0.44838467240333557,0.33215304562778
UBFC_PHYS_s17_T3_ctrl,52,50,53.666666666666664,0.35982078313827515,0.3084473500359321
UBFC_PHYS_s17_T3_ctrl,52,51,53.7,0.28063303232192993,0.2708664509123967
UBFC_PHYS_s17_T3_ctrl,52,52,53.733333333333334,0.29559266567230225,0.2225730518210723
UBFC_PHYS_s17_T3_ctrl,52,53,53.766666666666666,0.3853856325149536,0.1686143864580099
UBFC_PHYS_s17_T3_ctrl,52,54,53.8,0.4222579896450043,0.11592295797353715
UBFC_PHYS_s17_T3_ctrl,52,55,53.833333333333336,0.3642688989639282,0.07254449458489974
UBFC_PHYS_s17_T3_ctrl,52,56,53.86666666666667,0.33099013566970825,0.04590606872309879
UBFC_PHYS_s17_T3_ctrl,52,57,53.9,0.38320839405059814,0.040324117784506355
UBFC_PHYS_s17_T3_ctrl,52,58,53.93333333333333,0.40818795561790466,0.05447471819331795
UBFC_PHYS_s17_T3_ctrl,52,59,53.96666666666667,0.326612263917923,0.08002839208654006
UBFC_PHYS_s17_T3_ctrl,52,60,54.0,0.20460574328899384,0.10271231269168232
UBFC_PHYS_s17_T3_ctrl,52,61,54.03333333333333,0.11396999657154083,0.10618570002536411
UBFC_PHYS_s17_T3_ctrl,52,62,54.06666666666667,0.06399917602539062,0.07744208033941914
UBFC_PHYS_s17_T3_ctrl,52,63,54.1,0.0751311182975769,0.01134283172076832
UBFC_PHYS_s17_T3_ctrl,52,64,54.13333333333333,0.14762333035469055,-0.08758746217016686
UBFC_PHYS_s17_T3_ctrl,52,65,54.166666666666664,0.19998207688331604,-0.2064388064579479
UBFC_PHYS_s17_T3_ctrl,52,66,54.2,0.13974551856517792,-0.32733472996055
UBFC_PHYS_s17_T3_ctrl,52,67,54.233333333333334,-0.010564913041889668,-0.43170450263996385
UBFC_PHYS_s17_T3_ctrl,52,68,54.266666666666666,-0.1342570185661316,-0.5045121886807121
UBFC_PHYS_s17_T3_ctrl,52,69,54.3,-0.20067408680915833,-0.5378682995435236
UBFC_PHYS_s17_T3_ctrl,52,70,54.333333333333336,-0.30768585205078125,-0.5331851285020367
UBFC_PHYS_s17_T3_ctrl,52,71,54.36666666666667,-0.5248347520828247,-0.500761526672397
UBFC_PHYS_s17_T3_ctrl,52,72,54.4,-0.813773512840271,-0.4562066468433538
UBFC_PHYS_s17_T3_ctrl,52,73,54.43333333333333,-1.0450392961502075,-0.4144906282328086
UBFC_PHYS_s17_T3_ctrl,52,74,54.46666666666667,-1.0656994581222534,-0.3839385852255939
UBFC_PHYS_s17_T3_ctrl,52,75,54.5,-0.835896909236908,-0.36300389338001104
UBFC_PHYS_s17_T3_ctrl,52,76,54.53333333333333,-0.49328839778900146,-0.34147984441741686
UBFC_PHYS_s17_T3_ctrl,52,77,54.56666666666667,-0.22120554745197296,-0.30550886578016206
UBFC_PHYS_s17_T3_ctrl,52,78,54.6,-0.0860186219215393,-0.24371630047014634
UBFC_PHYS_s17_T3_ctrl,52,79,54.63333333333333,-0.042403895407915115,-0.1514849823185349
UBFC_PHYS_s17_T3_ctrl,52,80,54.666666666666664,-0.012648493982851505,-0.0320787790929473
UBFC_PHYS_s17_T3_ctrl,52,81,54.7,0.03646782040596008,0.10467731561318598
UBFC_PHYS_s17_T3_ctrl,52,82,54.733333333333334,0.09511242061853409,0.2448392326980701
UBFC_PHYS_s17_T3_ctrl,52,83,54.766666666666666,0.16402274370193481,0.3731105181673299
UBFC_PHYS_s17_T3_ctrl,52,84,54.8,0.2656031548976898,0.47567880615998465
UBFC_PHYS_s17_T3_ctrl,52,85,54.833333333333336,0.3916012644767761,0.5428486449922348
UBFC_PHYS_s17_T3_ctrl,52,86,54.86666666666667,0.47939255833625793,0.5707767327883739
UBFC_PHYS_s17_T3_ctrl,52,87,54.9,0.4847302734851837,0.5615565750845515
UBFC_PHYS_s17_T3_ctrl,52,88,54.93333333333333,0.4708709716796875,0.5216559559151116
UBFC_PHYS_s17_T3_ctrl,52,89,54.96666666666667,0.5508313179016113,0.45963636109319944
UBFC_PHYS_s17_T3_ctrl,52,90,55.0,0.7320559620857239,0.38432107908529595
UBFC_PHYS_s17_T3_ctrl,52,91,55.03333333333333,0.8338353633880615,0.3040420852373026
UBFC_PHYS_s17_T3_ctrl,52,92,55.06666666666667,0.606268584728241,0.22675384378797592
UBFC_PHYS_s17_T3_ctrl,52,93,55.1,0.02554658055305481,0.1602531150999922
UBFC_PHYS_s17_T3_ctrl,52,94,55.13333333333333,-0.5888989567756653,0.11182661714635668
UBFC_PHYS_s17_T3_ctrl,52,95,55.166666666666664,-0.9221665263175964,0.08716045286165518
UBFC_PHYS_s17_T3_ctrl,52,96,55.2,-0.989075243473053,0.08886198845956414
UBFC_PHYS_s17_T3_ctrl,52,97,55.233333333333334,-0.9299623966217041,0.11520980231438577
UBFC_PHYS_s17_T3_ctrl,52,98,55.266666666666666,-0.7625150680541992,0.15970308597073626
UBFC_PHYS_s17_T3_ctrl,52,99,55.3,-0.5217795968055725,0.211723759478733
UBFC_PHYS_s17_T3_ctrl,52,100,55.333333333333336,-0.32261037826538086,0.25829102057543313
UBFC_PHYS_s17_T3_ctrl,52,101,55.36666666666667,-0.17714600265026093,0.28655306760923777
UBFC_PHYS_s17_T3_ctrl,52,102,55.4,0.0001222163555212319,0.28639239238842057
UBFC_PHYS_s17_T3_ctrl,52,103,55.43333333333333,0.20350542664527893,0.252442912875502
UBFC_PHYS_s17_T3_ctrl,52,104,55.46666666666667,0.3317978084087372,0.184985709287709
UBFC_PHYS_s17_T3_ctrl,52,105,55.5,0.3505149185657501,0.0894844206178767
UBFC_PHYS_s17_T3_ctrl,52,106,55.53333333333333,0.3022648096084595,-0.025164310103564645
UBFC_PHYS_s17_T3_ctrl,52,107,55.56666666666667,0.20047371089458466,-0.14917777284577222
UBFC_PHYS_s17_T3_ctrl,52,108,55.6,0.033026400953531265,-0.27428606840386743
UBFC_PHYS_s17_T3_ctrl,52,109,55.63333333333333,-0.19562900066375732,-0.3949703703517378
UBFC_PHYS_s17_T3_ctrl,52,110,55.666666666666664,-0.4927499294281006,-0.5081200016291672
UBFC_PHYS_s17_T3_ctrl,52,111,55.7,-0.8606540560722351,-0.6115308986925793
UBFC_PHYS_s17_T3_ctrl,52,112,55.733333333333334,-1.1876474618911743,-0.7021611432342867
UBFC_PHYS_s17_T3_ctrl,52,113,55.766666666666666,-1.21146821975708,-0.774965379339218
UBFC_PHYS_s17_T3_ctrl,52,114,55.8,-0.7509851455688477,-0.822631960849923
UBFC_PHYS_s17_T3_ctrl,52,115,55.833333333333336,0.05120505765080452,-0.8361449059056821
UBFC_PHYS_s17_T3_ctrl,52,116,55.86666666666667,0.9032490253448486,-0.8060938583596409
UBFC_PHYS_s17_T3_ctrl,52,117,55.9,1.624647855758667,-0.724755527474829
UBFC_PHYS_s17_T3_ctrl,52,118,55.93333333333333,2.1228225231170654,-0.588766718791225
UBFC_PHYS_s17_T3_ctrl,52,119,55.96666666666667,2.288841724395752,-0.40175331675204945
UBFC_PHYS_s17_T3_ctrl,52,120,56.0,2.105287790298462,-0.1759303484718203
UBFC_PHYS_s17_T3_ctrl,52,121,56.03333333333333,1.7570722103118896,0.06817274747693032
UBFC_PHYS_s17_T3_ctrl,52,122,56.06666666666667,1.4564279317855835,0.30405857681057774
UBFC_PHYS_s17_T3_ctrl,52,123,56.1,1.165183186531067,0.503303294355324
UBFC_PHYS_s17_T3_ctrl,52,124,56.13333333333333,0.7077787518501282,0.6407854132237106
UBFC_PHYS_s17_T3_ctrl,52,125,56.166666666666664,0.07660601288080215,0.7003379791866151
UBFC_PHYS_s17_T3_ctrl,52,126,56.2,-0.5588626265525818,0.6793026942469198
UBFC_PHYS_s17_T3_ctrl,52,127,56.233333333333334,-1.0866055488586426,0.5900553932126711
UBFC_PHYS_s17_T3_ctrl,52,128,56.266666666666666,-1.487472414970398,0.4573766564863399
UBFC_PHYS_s17_T3_ctrl,52,129,56.3,-1.7599180936813354,0.3121779722559627
UBFC_PHYS_s17_T3_ctrl,52,130,56.333333333333336,-1.9462230205535889,0.1835800958407472
UBFC_PHYS_s17_T3_ctrl,52,131,56.36666666666667,-2.0719048976898193,0.0919653202354369
UBFC_PHYS_s17_T3_ctrl,52,132,56.4,-2.0469956398010254,0.04514980310140985
UBFC_PHYS_s17_T3_ctrl,52,133,56.43333333333333,-1.7886199951171875,0.03852629176580481
UBFC_PHYS_s17_T3_ctrl,52,134,56.46666666666667,-1.3906561136245728,0.058528415316014694
UBFC_PHYS_s17_T3_ctrl,52,135,56.5,-1.0251749753952026,0.0877523518921165
UBFC_PHYS_s17_T3_ctrl,52,136,56.53333333333333,-0.7673962712287903,0.10992315915833871
UBFC_PHYS_s17_T3_ctrl,52,137,56.56666666666667,-0.6069020628929138,0.11342456538794228
UBFC_PHYS_s17_T3_ctrl,52,138,56.6,-0.5318931341171265,0.0928860038235712
UBFC_PHYS_s17_T3_ctrl,52,139,56.63333333333333,-0.5078383088111877,0.04902625050267256
UBFC_PHYS_s17_T3_ctrl,52,140,56.666666666666664,-0.484146386384964,-0.012589233978828648
UBFC_PHYS_s17_T3_ctrl,52,141,56.7,-0.436095267534256,-0.08311094134553325
UBFC_PHYS_s17_T3_ctrl,52,142,56.733333333333334,-0.36707958579063416,-0.15176795933662915
UBFC_PHYS_s17_T3_ctrl,52,143,56.766666666666666,-0.3059885501861572,-0.2070212676521334
UBFC_PHYS_s17_T3_ctrl,52,144,56.8,-0.2993866503238678,-0.23797185084981326
UBFC_PHYS_s17_T3_ctrl,52,145,56.833333333333336,-0.35872185230255127,-0.23638256361568774
UBFC_PHYS_s17_T3_ctrl,52,146,56.86666666666667,-0.4583357274532318,-0.19889209937240496
UBFC_PHYS_s17_T3_ctrl,52,147,56.9,-0.5715045928955078,-0.1284023193984724
UBFC_PHYS_s17_T3_ctrl,52,148,56.93333333333333,-0.6947870254516602,-0.033925640284132134
UBFC_PHYS_s17_T3_ctrl,52,149,56.96666666666667,-0.8634634017944336,0.07107619827549606
UBFC_PHYS_s17_T3_ctrl,52,150,57.0,-1.0736358165740967,0.17138732375050375
UBFC_PHYS_s17_T3_ctrl,52,151,57.03333333333333,-1.154392123222351,0.25316419277287683
UBFC_PHYS_s17_T3_ctrl,52,152,57.06666666666667,-0.9280309677124023,0.3068017136635496
UBFC_PHYS_s17_T3_ctrl,52,153,57.1,-0.4739859998226166,0.3287861377577719
UBFC_PHYS_s17_T3_ctrl,52,154,57.13333333333333,-0.032149869948625565,0.3219055596523397
UBFC_PHYS_s17_T3_ctrl,52,155,57.166666666666664,0.28461289405822754,0.29363167461734974
UBFC_PHYS_s17_T3_ctrl,52,156,57.2,0.5000059604644775,0.2531872280944819
UBFC_PHYS_s17_T3_ctrl,52,157,57.233333333333334,0.6182550191879272,0.20841163783215993
UBFC_PHYS_s17_T3_ctrl,52,158,57.266666666666666,0.6398516893386841,0.16365023094203815
UBFC_PHYS_s17_T3_ctrl,52,159,57.3,0.6400858163833618,0.11941904329979834
UBFC_PHYS_s17_T3_ctrl,52,160,57.333333333333336,0.6646907925605774,0.0737499507150128
UBFC_PHYS_s17_T3_ctrl,52,161,57.36666666666667,0.6675820350646973,0.024360048674065073
UBFC_PHYS_s17_T3_ctrl,52,162,57.4,0.621263325214386,-0.029471898887655446
UBFC_PHYS_s17_T3_ctrl,52,163,57.43333333333333,0.5588261485099792,-0.08611183382120859
UBFC_PHYS_s17_T3_ctrl,52,164,57.46666666666667,0.46363696455955505,-0.14197752684785525
UBFC_PHYS_s17_T3_ctrl,52,165,57.5,0.2795795202255249,-0.19272090650974347
UBFC_PHYS_s17_T3_ctrl,52,166,57.53333333333333,0.0506783090531826,-0.23464752231332014
UBFC_PHYS_s17_T3_ctrl,52,167,57.56666666666667,-0.12069033831357956,-0.2659629190238764
UBFC_PHYS_s17_T3_ctrl,52,168,57.6,-0.24032063782215118,-0.28751258247983363
UBFC_PHYS_s17_T3_ctrl,52,169,57.63333333333333,-0.3896946310997009,-0.30273427861961166
UBFC_PHYS_s17_T3_ctrl,52,170,57.666666666666664,-0.5986847877502441,-0.3167074827190813
UBFC_PHYS_s17_T3_ctrl,52,171,57.7,-0.7776737213134766,-0.33445086943643876
UBFC_PHYS_s17_T3_ctrl,52,172,57.733333333333334,-0.7536657452583313,-0.358889510634656
UBFC_PHYS_s17_T3_ctrl,52,173,57.766666666666666,-0.45874541997909546,-0.3891119989546293
UBFC_PHYS_s17_T3_ctrl,52,174,57.8,-0.06898710876703262,-0.41958712796294584
UBFC_PHYS_s17_T3_ctrl,52,175,57.833333333333336,0.2196473330259323,-0.4408223415461125
UBFC_PHYS_s17_T3_ctrl,52,176,57.86666666666667,0.39422327280044556,-0.4415174988847658
UBFC_PHYS_s17_T3_ctrl,52,177,57.9,0.49235057830810547,-0.4117537696733905
UBFC_PHYS_s17_T3_ctrl,52,178,57.93333333333333,0.484695166349411,-0.34633190893768323
UBFC_PHYS_s17_T3_ctrl,52,179,57.96666666666667,0.3941413462162018,-0.24708320643720882
UBFC_PHYS_s17_T3_ctrl,52,180,58.0,0.3319031596183777,-0.1229766420532274
UBFC_PHYS_s17_T3_ctrl,52,181,58.03333333333333,0.3342442512512207,0.012435983199075816
UBFC_PHYS_s17_T3_ctrl,52,182,58.06666666666667,0.31933143734931946,0.14527872003045483
UBFC_PHYS_s17_T3_ctrl,52,183,58.1,0.24541115760803223,0.26526709889789885
UBFC_PHYS_s17_T3_ctrl,52,184,58.13333333333333,0.1394294798374176,0.36741932860373644
UBFC_PHYS_s17_T3_ctrl,52,185,58.166666666666664,0.011347799561917782,0.45094563869891374
UBFC_PHYS_s17_T3_ctrl,52,186,58.2,-0.14554113149642944,0.5161549066568598
UBFC_PHYS_s17_T3_ctrl,52,187,58.233333333333334,-0.3047126531600952,0.5611585576390344
UBFC_PHYS_s17_T3_ctrl,52,188,58.266666666666666,-0.43884608149528503,0.5801966627873173
UBFC_PHYS_s17_T3_ctrl,52,189,58.3,-0.5736116170883179,0.5646309656493849
UBFC_PHYS_s17_T3_ctrl,52,190,58.333333333333336,-0.7445939779281616,0.506423081658779
UBFC_PHYS_s17_T3_ctrl,52,191,58.36666666666667,-0.9360024333000183,0.4027173474702079
UBFC_PHYS_s17_T3_ctrl,52,192,58.4,-1.0843112468719482,0.259469262120469
UBFC_PHYS_s17_T3_ctrl,52,193,58.43333333333333,-1.1096185445785522,0.09232271966343371
UBFC_PHYS_s17_T3_ctrl,52,194,58.46666666666667,-0.9795117974281311,-0.07585934738408208
UBFC_PHYS_s17_T3_ctrl,52,195,58.5,-0.7595185041427612,-0.21992265790761453
UBFC_PHYS_s17_T3_ctrl,52,196,58.53333333333333,-0.530336320400238,-0.3179828732856258
UBFC_PHYS_s17_T3_ctrl,52,197,58.56666666666667,-0.2616363763809204,-0.35586557066807273
UBFC_PHYS_s17_T3_ctrl,52,198,58.6,0.09142518788576126,-0.3295666347116636
UBFC_PHYS_s17_T3_ctrl,52,199,58.63333333333333,0.4707304835319519,-0.24573763558884487
UBFC_PHYS_s17_T3_ctrl,52,200,58.666666666666664,0.8242954015731812,-0.12039708251161316
UBFC_PHYS_s17_T3_ctrl,52,201,58.7,1.1862882375717163,0.02401954091611068
UBFC_PHYS_s17_T3_ctrl,52,202,58.733333333333334,1.5493696928024292,0.16293615074842488
UBFC_PHYS_s17_T3_ctrl,52,203,58.766666666666666,1.8015532493591309,0.2744513656937993
UBFC_PHYS_s17_T3_ctrl,52,204,58.8,1.8740453720092773,0.3435941195194915
UBFC_PHYS_s17_T3_ctrl,52,205,58.833333333333336,1.8148740530014038,0.3649027645987504
UBFC_PHYS_s17_T3_ctrl,52,206,58.86666666666667,1.6682976484298706,0.3425228574793861
UBFC_PHYS_s17_T3_ctrl,52,207,58.9,1.424343228340149,0.28771513550837263
UBFC_PHYS_s17_T3_ctrl,52,208,58.93333333333333,1.0982394218444824,0.21461132528550203
UBFC_PHYS_s17_T3_ctrl,52,209,58.96666666666667,0.7700637578964233,0.1357789852576068
UBFC_PHYS_s17_T3_ctrl,52,210,59.0,0.5008136630058289,0.059213822806893336
UBFC_PHYS_s17_T3_ctrl,52,211,59.03333333333333,0.2676282227039337,-0.012267880313859562
UBFC_PHYS_s17_T3_ctrl,52,212,59.06666666666667,0.005296051036566496,-0.07932806855123374
UBFC_PHYS_s17_T3_ctrl,52,213,59.1,-0.2971040606498718,-0.1432393126169134
UBFC_PHYS_s17_T3_ctrl,52,214,59.13333333333333,-0.528627336025238,-0.20352767077542488
UBFC_PHYS_s17_T3_ctrl,52,215,59.166666666666664,-0.5162780284881592,-0.2573581410437909
UBFC_PHYS_s17_T3_ctrl,52,216,59.2,-0.22673054039478302,-0.30061297015544763
UBFC_PHYS_s17_T3_ctrl,52,217,59.233333333333334,0.1651230752468109,-0.3295926774096954
UBFC_PHYS_s17_T3_ctrl,52,218,59.266666666666666,0.4713976979255676,-0.34233883371269413
UBFC_PHYS_s17_T3_ctrl,52,219,59.3,0.6420171856880188,-0.3391835317030549
UBFC_PHYS_s17_T3_ctrl,52,220,59.333333333333336,0.6873409152030945,-0.3224576028694863
UBFC_PHYS_s17_T3_ctrl,52,221,59.36666666666667,0.6291996836662292,-0.2954576818118659
UBFC_PHYS_s17_T3_ctrl,52,222,59.4,0.5389502048492432,-0.26111669656323255
UBFC_PHYS_s17_T3_ctrl,52,223,59.43333333333333,0.4885345697402954,-0.22107685276546543
UBFC_PHYS_s17_T3_ctrl,52,224,59.46666666666667,0.4702622592449188,-0.1756691220845786
UBFC_PHYS_s17_T3_ctrl,52,225,59.5,0.4349701702594757,-0.12477548990207107
UBFC_PHYS_s17_T3_ctrl,52,226,59.53333333333333,0.37893590331077576,-0.06905135437515146
UBFC_PHYS_s17_T3_ctrl,52,227,59.56666666666667,0.3201742470264435,-0.01079700701965722
UBFC_PHYS_s17_T3_ctrl,52,228,59.6,0.23206686973571777,0.046017307552636215
UBFC_PHYS_s17_T3_ctrl,52,229,59.63333333333333,0.09497195482254028,0.09658547958842793
UBFC_PHYS_s17_T3_ctrl,52,230,59.666666666666664,-0.04115140810608864,0.13650963462692706
UBFC_PHYS_s17_T3_ctrl,52,231,59.7,-0.12278562784194946,0.1628740186479072
UBFC_PHYS_s17_T3_ctrl,52,232,59.733333333333334,-0.17989680171012878,0.17484180528708052
UBFC_PHYS_s17_T3_ctrl,52,233,59.766666666666666,-0.2981107234954834,0.17381436512653028
UBFC_PHYS_s17_T3_ctrl,52,234,59.8,-0.4977599084377289,0.16326148926439663
UBFC_PHYS_s17_T3_ctrl,52,235,59.833333333333336,-0.6435754299163818,0.14814010049570295
UBFC_PHYS_s17_T3_ctrl,52,236,59.86666666666667,-0.5525650978088379,0.1336780692402017
UBFC_PHYS_s17_T3_ctrl,52,237,59.9,-0.2170735001564026,0.12360785395031701
UBFC_PHYS_s17_T3_ctrl,52,238,59.93333333333333,0.17240390181541443,0.11863360942138193
UBFC_PHYS_s17_T3_ctrl,52,239,59.96666666666667,0.454132080078125,0.11613891174346043
UBFC_PHYS_s17_T3_ctrl,53,0,53.0,-2.805231809616089,-0.05750821749553517
UBFC_PHYS_s17_T3_ctrl,53,1,53.03333333333333,-2.692811965942383,0.00974762027216683
UBFC_PHYS_s17_T3_ctrl,53,2,53.06666666666667,-2.3936893939971924,0.05311468121727231
UBFC_PHYS_s17_T3_ctrl,53,3,53.1,-2.1620373725891113,0.055103438105911375
UBFC_PHYS_s17_T3_ctrl,53,4,53.13333333333333,-2.0496411323547363,0.01140459631504798
UBFC_PHYS_s17_T3_ctrl,53,5,53.166666666666664,-1.9093506336212158,-0.06848390688952337
UBFC_PHYS_s17_T3_ctrl,53,6,53.2,-1.6407326459884644,-0.16516091944969835
UBFC_PHYS_s17_T3_ctrl,53,7,53.233333333333334,-1.2900121212005615,-0.2559769405706521
UBFC_PHYS_s17_T3_ctrl,53,8,53.266666666666666,-0.9314606785774231,-0.3216899180018812
UBFC_PHYS_s17_T3_ctrl,53,9,53.3,-0.5828823447227478,-0.35071716138212733
UBFC_PHYS_s17_T3_ctrl,53,10,53.333333333333336,-0.2726278305053711,-0.34009862827961623
UBFC_PHYS_s17_T3_ctrl,53,11,53.36666666666667,-0.06161263585090637,-0.293928321551927
UBFC_PHYS_s17_T3_ctrl,53,12,53.4,0.06663291901350021,-0.22074393465494493
UBFC_PHYS_s17_T3_ctrl,53,13,53.43333333333333,0.1899036318063736,-0.13109221180291783
UBFC_PHYS_s17_T3_ctrl,53,14,53.46666666666667,0.2956863045692444,-0.03574079826860044
UBFC_PHYS_s17_T3_ctrl,53,15,53.5,0.3211926221847534,0.05557667322434177
UBFC_PHYS_s17_T3_ctrl,53,16,53.53333333333333,0.31869933009147644,0.1350751934819116
UBFC_PHYS_s17_T3_ctrl,53,17,53.56666666666667,0.3782101571559906,0.19747171735502275
UBFC_PHYS_s17_T3_ctrl,53,18,53.6,0.4542842507362366,0.24004866474574899
UBFC_PHYS_s17_T3_ctrl,53,19,53.63333333333333,0.44838467240333557,0.26225363588041606
UBFC_PHYS_s17_T3_ctrl,53,20,53.666666666666664,0.35982078313827515,0.26514242097947
UBFC_PHYS_s17_T3_ctrl,53,21,53.7,0.28063303232192993,0.2510311677071353
UBFC_PHYS_s17_T3_ctrl,53,22,53.733333333333334,0.29559266567230225,0.2234094006530769
UBFC_PHYS_s17_T3_ctrl,53,23,53.766666666666666,0.3853856325149536,0.18685574194365
UBFC_PHYS_s17_T3_ctrl,53,24,53.8,0.4222579896450043,0.1467460263634539
UBFC_PHYS_s17_T3_ctrl,53,25,53.833333333333336,0.3642688989639282,0.1087392103791754
UBFC_PHYS_s17_T3_ctrl,53,26,53.86666666666667,0.33099013566970825,0.07805702009261099
UBFC_PHYS_s17_T3_ctrl,53,27,53.9,0.38320839405059814,0.058521218656450685
UBFC_PHYS_s17_T3_ctrl,53,28,53.93333333333333,0.40818795561790466,0.051401470835345575
UBFC_PHYS_s17_T3_ctrl,53,29,53.96666666666667,0.326612263917923,0.05440168455448434
UBFC_PHYS_s17_T3_ctrl,53,30,54.0,0.20460574328899384,0.061397893719460354
UBFC_PHYS_s17_T3_ctrl,53,31,54.03333333333333,0.11396999657154083,0.06349755583116444
UBFC_PHYS_s17_T3_ctrl,53,32,54.06666666666667,0.06399917602539062,0.05145464333956297
UBFC_PHYS_s17_T3_ctrl,53,33,54.1,0.0751311182975769,0.01873971008901253
UBFC_PHYS_s17_T3_ctrl,53,34,54.13333333333333,0.14762333035469055,-0.035897026098525193
UBFC_PHYS_s17_T3_ctrl,53,35,54.166666666666664,0.19998207688331604,-0.10741480548032896
UBFC_PHYS_s17_T3_ctrl,53,36,54.2,0.13974551856517792,-0.1854292756827893
UBFC_PHYS_s17_T3_ctrl,53,37,54.233333333333334,-0.010564913041889668,-0.25683821274181107
UBFC_PHYS_s17_T3_ctrl,53,38,54.266666666666666,-0.1342570185661316,-0.309489247518421
UBFC_PHYS_s17_T3_ctrl,53,39,54.3,-0.20067408680915833,-0.336022456881885
UBFC_PHYS_s17_T3_ctrl,53,40,54.333333333333336,-0.30768585205078125,-0.33668189997837394
UBFC_PHYS_s17_T3_ctrl,53,41,54.36666666666667,-0.5248347520828247,-0.31970935832142017
UBFC_PHYS_s17_T3_ctrl,53,42,54.4,-0.813773512840271,-0.2983920111131054
UBFC_PHYS_s17_T3_ctrl,53,43,54.43333333333333,-1.0450392961502075,-0.28520654805476203
UBFC_PHYS_s17_T3_ctrl,53,44,54.46666666666667,-1.0656994581222534,-0.2853559258786341
UBFC_PHYS_s17_T3_ctrl,53,45,54.5,-0.835896909236908,-0.29298020583670564
UBFC_PHYS_s17_T3_ctrl,53,46,54.53333333333333,-0.49328839778900146,-0.2923753959621853
UBFC_PHYS_s17_T3_ctrl,53,47,54.56666666666667,-0.22120554745197296,-0.2640543513708864
UBFC_PHYS_s17_T3_ctrl,53,48,54.6,-0.0860186219215393,-0.19287654625252296
UBFC_PHYS_s17_T3_ctrl,53,49,54.63333333333333,-0.042403895407915115,-0.07449470597292403
UBFC_PHYS_s17_T3_ctrl,53,50,54.666666666666664,-0.012648493982851505,0.08231166502732065
UBFC_PHYS_s17_T3_ctrl,53,51,54.7,0.03646782040596008,0.2575852992698405
UBFC_PHYS_s17_T3_ctrl,53,52,54.733333333333334,0.09511242061853409,0.425103267284408
UBFC_PHYS_s17_T3_ctrl,53,53,54.766666666666666,0.16402274370193481,0.5585103430509606
UBFC_PHYS_s17_T3_ctrl,53,54,54.8,0.2656031548976898,0.637069402116052
UBFC_PHYS_s17_T3_ctrl,53,55,54.833333333333336,0.3916012644767761,0.6497366738365391
UBFC_PHYS_s17_T3_ctrl,53,56,54.86666666666667,0.47939255833625793,0.5966663195455288
UBFC_PHYS_s17_T3_ctrl,53,57,54.9,0.4847302734851837,0.48792721854908944
UBFC_PHYS_s17_T3_ctrl,53,58,54.93333333333333,0.4708709716796875,0.3401926441322406
UBFC_PHYS_s17_T3_ctrl,53,59,54.96666666666667,0.5508313179016113,0.17287330961735048
UBFC_PHYS_s17_T3_ctrl,53,60,55.0,0.7320559620857239,0.0050776327924589105
UBFC_PHYS_s17_T3_ctrl,53,61,55.03333333333333,0.8338353633880615,-0.14595526724507232
UBFC_PHYS_s17_T3_ctrl,53,62,55.06666666666667,0.606268584728241,-0.2651977451168366
UBFC_PHYS_s17_T3_ctrl,53,63,55.1,0.02554658055305481,-0.3398326393425895
UBFC_PHYS_s17_T3_ctrl,53,64,55.13333333333333,-0.5888989567756653,-0.35989486810759275
UBFC_PHYS_s17_T3_ctrl,53,65,55.166666666666664,-0.9221665263175964,-0.3200036162733724
UBFC_PHYS_s17_T3_ctrl,53,66,55.2,-0.989075243473053,-0.22169077004335316
UBFC_PHYS_s17_T3_ctrl,53,67,55.233333333333334,-0.9299623966217041,-0.07514707866626016
UBFC_PHYS_s17_T3_ctrl,53,68,55.266666666666666,-0.7625150680541992,0.10073102397478324
UBFC_PHYS_s17_T3_ctrl,53,69,55.3,-0.5217795968055725,0.28052897352034706
UBFC_PHYS_s17_T3_ctrl,53,70,55.333333333333336,-0.32261037826538086,0.4365839532584536
UBFC_PHYS_s17_T3_ctrl,53,71,55.36666666666667,-0.17714600265026093,0.5444344630788354
UBFC_PHYS_s17_T3_ctrl,53,72,55.4,0.0001222163555212319,0.5878474038219159
UBFC_PHYS_s17_T3_ctrl,53,73,55.43333333333333,0.20350542664527893,0.5617727372132757
UBFC_PHYS_s17_T3_ctrl,53,74,55.46666666666667,0.3317978084087372,0.4724674749438099
UBFC_PHYS_s17_T3_ctrl,53,75,55.5,0.3505149185657501,0.3351276638204017
UBFC_PHYS_s17_T3_ctrl,53,76,55.53333333333333,0.3022648096084595,0.1698974591655956
UBFC_PHYS_s17_T3_ctrl,53,77,55.56666666666667,0.20047371089458466,-0.002741724538074159
UBFC_PHYS_s17_T3_ctrl,53,78,55.6,0.033026400953531265,-0.16607734093841917
UBFC_PHYS_s17_T3_ctrl,53,79,55.63333333333333,-0.19562900066375732,-0.3097301984261116
UBFC_PHYS_s17_T3_ctrl,53,80,55.666666666666664,-0.4927499294281006,-0.43017882844453914
UBFC_PHYS_s17_T3_ctrl,53,81,55.7,-0.8606540560722351,-0.5294315838587313
UBFC_PHYS_s17_T3_ctrl,53,82,55.733333333333334,-1.1876474618911743,-0.6124506099011008
UBFC_PHYS_s17_T3_ctrl,53,83,55.766666666666666,-1.21146821975708,-0.6840170486840987
UBFC_PHYS_s17_T3_ctrl,53,84,55.8,-0.7509851455688477,-0.7456661975875765
UBFC_PHYS_s17_T3_ctrl,53,85,55.833333333333336,0.05120505765080452,-0.793342175966824
UBFC_PHYS_s17_T3_ctrl,53,86,55.86666666666667,0.9032490253448486,-0.8165558342024355
UBFC_PHYS_s17_T3_ctrl,53,87,55.9,1.624647855758667,-0.7997747663883995
UBFC_PHYS_s17_T3_ctrl,53,88,55.93333333333333,2.1228225231170654,-0.7262568312094381
UBFC_PHYS_s17_T3_ctrl,53,89,55.96666666666667,2.288841724395752,-0.5836850135868166
UBFC_PHYS_s17_T3_ctrl,53,90,56.0,2.105287790298462,-0.3701388323615685
UBFC_PHYS_s17_T3_ctrl,53,91,56.03333333333333,1.7570722103118896,-0.0985013970694984
UBFC_PHYS_s17_T3_ctrl,53,92,56.06666666666667,1.4564279317855835,0.20246124093865248
UBFC_PHYS_s17_T3_ctrl,53,93,56.1,1.165183186531067,0.49149721701814525
UBFC_PHYS_s17_T3_ctrl,53,94,56.13333333333333,0.7077787518501282,0.722885137098268
UBFC_PHYS_s17_T3_ctrl,53,95,56.166666666666664,0.07660601288080215,0.857657557077692
UBFC_PHYS_s17_T3_ctrl,53,96,56.2,-0.5588626265525818,0.8747849329018941
UBFC_PHYS_s17_T3_ctrl,53,97,56.233333333333334,-1.0866055488586426,0.7781505470453104
UBFC_PHYS_s17_T3_ctrl,53,98,56.266666666666666,-1.487472414970398,0.5961937950547814
UBFC_PHYS_s17_T3_ctrl,53,99,56.3,-1.7599180936813354,0.3739411916742174
UBFC_PHYS_s17_T3_ctrl,53,100,56.333333333333336,-1.9462230205535889,0.1604350344976378
UBFC_PHYS_s17_T3_ctrl,53,101,56.36666666666667,-2.0719048976898193,-0.0037279876758886912
UBFC_PHYS_s17_T3_ctrl,53,102,56.4,-2.0469956398010254,-0.09496681683136339
UBFC_PHYS_s17_T3_ctrl,53,103,56.43333333333333,-1.7886199951171875,-0.10989544622644296
UBFC_PHYS_s17_T3_ctrl,53,104,56.46666666666667,-1.3906561136245728,-0.06343557230283192
UBFC_PHYS_s17_T3_ctrl,53,105,56.5,-1.0251749753952026,0.016869068124172187
UBFC_PHYS_s17_T3_ctrl,53,106,56.53333333333333,-0.7673962712287903,0.09864015260940331
UBFC_PHYS_s17_T3_ctrl,53,107,56.56666666666667,-0.6069020628929138,0.15273618340922696
UBFC_PHYS_s17_T3_ctrl,53,108,56.6,-0.5318931341171265,0.15990750599092773
UBFC_PHYS_s17_T3_ctrl,53,109,56.63333333333333,-0.5078383088111877,0.11463911387122935
UBFC_PHYS_s17_T3_ctrl,53,110,56.666666666666664,-0.484146386384964,0.02533943077222181
UBFC_PHYS_s17_T3_ctrl,53,111,56.7,-0.436095267534256,-0.08897799861573819
UBFC_PHYS_s17_T3_ctrl,53,112,56.733333333333334,-0.36707958579063416,-0.2041359443497623
UBFC_PHYS_s17_T3_ctrl,53,113,56.766666666666666,-0.3059885501861572,-0.29639412665278464
UBFC_PHYS_s17_T3_ctrl,53,114,56.8,-0.2993866503238678,-0.34686274404126516
UBFC_PHYS_s17_T3_ctrl,53,115,56.833333333333336,-0.35872185230255127,-0.3444087642384358
UBFC_PHYS_s17_T3_ctrl,53,116,56.86666666666667,-0.4583357274532318,-0.2871912466764537
UBFC_PHYS_s17_T3_ctrl,53,117,56.9,-0.5715045928955078,-0.1828719473639672
UBFC_PHYS_s17_T3_ctrl,53,118,56.93333333333333,-0.6947870254516602,-0.04740140221536318
UBFC_PHYS_s17_T3_ctrl,53,119,56.96666666666667,-0.8634634017944336,0.09769054871582956
UBFC_PHYS_s17_T3_ctrl,53,120,57.0,-1.0736358165740967,0.22932941224743436
UBFC_PHYS_s17_T3_ctrl,53,121,57.03333333333333,-1.154392123222351,0.32763635887755854
UBFC_PHYS_s17_T3_ctrl,53,122,57.06666666666667,-0.9280309677124023,0.38024349815726793
UBFC_PHYS_s17_T3_ctrl,53,123,57.1,-0.4739859998226166,0.38480956458336407
UBFC_PHYS_s17_T3_ctrl,53,124,57.13333333333333,-0.032149869948625565,0.34869824983969705
UBFC_PHYS_s17_T3_ctrl,53,125,57.166666666666664,0.28461289405822754,0.28577072080389404
UBFC_PHYS_s17_T3_ctrl,53,126,57.2,0.5000059604644775,0.21153198586069402
UBFC_PHYS_s17_T3_ctrl,53,127,57.233333333333334,0.6182550191879272,0.13864739354390154
UBFC_PHYS_s17_T3_ctrl,53,128,57.266666666666666,0.6398516893386841,0.07452301385779672
UBFC_PHYS_s17_T3_ctrl,53,129,57.3,0.6400858163833618,0.021476963043972695
UBFC_PHYS_s17_T3_ctrl,53,130,57.333333333333336,0.6646907925605774,-0.021251664756297504
UBFC_PHYS_s17_T3_ctrl,53,131,57.36666666666667,0.6675820350646973,-0.05512163573960261
UBFC_PHYS_s17_T3_ctrl,53,132,57.4,0.621263325214386,-0.08083240542989727
UBFC_PHYS_s17_T3_ctrl,53,133,57.43333333333333,0.5588261485099792,-0.09827984741047134
UBFC_PHYS_s17_T3_ctrl,53,134,57.46666666666667,0.46363696455955505,-0.10751520311884086
UBFC_PHYS_s17_T3_ctrl,53,135,57.5,0.2795795202255249,-0.1098169912794565
UBFC_PHYS_s17_T3_ctrl,53,136,57.53333333333333,0.0506783090531826,-0.1081356829043928
UBFC_PHYS_s17_T3_ctrl,53,137,57.56666666666667,-0.12069033831357956,-0.10672112446653258
UBFC_PHYS_s17_T3_ctrl,53,138,57.6,-0.24032063782215118,-0.1102635962768852
UBFC_PHYS_s17_T3_ctrl,53,139,57.63333333333333,-0.3896946310997009,-0.12304807567311754
UBFC_PHYS_s17_T3_ctrl,53,140,57.666666666666664,-0.5986847877502441,-0.14838324260507255
UBFC_PHYS_s17_T3_ctrl,53,141,57.7,-0.7776737213134766,-0.18819360082666906
UBFC_PHYS_s17_T3_ctrl,53,142,57.733333333333334,-0.7536657452583313,-0.2424917912667617
UBFC_PHYS_s17_T3_ctrl,53,143,57.766666666666666,-0.45874541997909546,-0.3086011654286207
UBFC_PHYS_s17_T3_ctrl,53,144,57.8,-0.06898710876703262,-0.3803619408040421
UBFC_PHYS_s17_T3_ctrl,53,145,57.833333333333336,0.2196473330259323,-0.44784637842247565
UBFC_PHYS_s17_T3_ctrl,53,146,57.86666666666667,0.39422327280044556,-0.4981040055997545
UBFC_PHYS_s17_T3_ctrl,53,147,57.9,0.49235057830810547,-0.5171897285505673
UBFC_PHYS_s17_T3_ctrl,53,148,57.93333333333333,0.484695166349411,-0.4933016640343226
UBFC_PHYS_s17_T3_ctrl,53,149,57.96666666666667,0.3941413462162018,-0.42025623416636704
UBFC_PHYS_s17_T3_ctrl,53,150,58.0,0.3319031596183777,-0.2999359254591053
UBFC_PHYS_s17_T3_ctrl,53,151,58.03333333333333,0.3342442512512207,-0.14236622018777084
UBFC_PHYS_s17_T3_ctrl,53,152,58.06666666666667,0.31933143734931946,0.03692247106157881
UBFC_PHYS_s17_T3_ctrl,53,153,58.1,0.24541115760803223,0.22109963231270513
UBFC_PHYS_s17_T3_ctrl,53,154,58.13333333333333,0.1394294798374176,0.3956374077169277
UBFC_PHYS_s17_T3_ctrl,53,155,58.166666666666664,0.011347799561917782,0.5494662924143532
UBFC_PHYS_s17_T3_ctrl,53,156,58.2,-0.14554113149642944,0.6735250737210349
UBFC_PHYS_s17_T3_ctrl,53,157,58.233333333333334,-0.3047126531600952,0.7583013770812296
UBFC_PHYS_s17_T3_ctrl,53,158,58.266666666666666,-0.43884608149528503,0.7924713403238994
UBFC_PHYS_s17_T3_ctrl,53,159,58.3,-0.5736116170883179,0.763982502569811
UBFC_PHYS_s17_T3_ctrl,53,160,58.333333333333336,-0.7445939779281616,0.6635915845350598
UBFC_PHYS_s17_T3_ctrl,53,161,58.36666666666667,-0.9360024333000183,0.48963113270885167
UBFC_PHYS_s17_T3_ctrl,53,162,58.4,-1.0843112468719482,0.25210104567059605
UBFC_PHYS_s17_T3_ctrl,53,163,58.43333333333333,-1.1096185445785522,-0.025727044197349128
UBFC_PHYS_s17_T3_ctrl,53,164,58.46666666666667,-0.9795117974281311,-0.309221102726524
UBFC_PHYS_s17_T3_ctrl,53,165,58.5,-0.7595185041427612,-0.5577056055971715
UBFC_PHYS_s17_T3_ctrl,53,166,58.53333333333333,-0.530336320400238,-0.7320149086215735
UBFC_PHYS_s17_T3_ctrl,53,167,58.56666666666667,-0.2616363763809204,-0.8024978405342434
UBFC_PHYS_s17_T3_ctrl,53,168,58.6,0.09142518788576126,-0.7556318898759701
UBFC_PHYS_s17_T3_ctrl,53,169,58.63333333333333,0.4707304835319519,-0.5976829116327201
UBFC_PHYS_s17_T3_ctrl,53,170,58.666666666666664,0.8242954015731812,-0.35429067186647023
UBFC_PHYS_s17_T3_ctrl,53,171,58.7,1.1862882375717163,-0.06568896265774796
UBFC_PHYS_s17_T3_ctrl,53,172,58.733333333333334,1.5493696928024292,0.22146647031050357
UBFC_PHYS_s17_T3_ctrl,53,173,58.766666666666666,1.8015532493591309,0.4636084971674142
UBFC_PHYS_s17_T3_ctrl,53,174,58.8,1.8740453720092773,0.6287545738930344
UBFC_PHYS_s17_T3_ctrl,53,175,58.833333333333336,1.8148740530014038,0.7019827458243866
UBFC_PHYS_s17_T3_ctrl,53,176,58.86666666666667,1.6682976484298706,0.6865646103157305
UBFC_PHYS_s17_T3_ctrl,53,177,58.9,1.424343228340149,0.6005252437590016
UBFC_PHYS_s17_T3_ctrl,53,178,58.93333333333333,1.0982394218444824,0.46986754335980735
UBFC_PHYS_s17_T3_ctrl,53,179,58.96666666666667,0.7700637578964233,0.32089976005452825
UBFC_PHYS_s17_T3_ctrl,53,180,59.0,0.5008136630058289,0.1743210023703145
UBFC_PHYS_s17_T3_ctrl,53,181,59.03333333333333,0.2676282227039337,0.04275272106539588
UBFC_PHYS_s17_T3_ctrl,53,182,59.06666666666667,0.005296051036566496,-0.06831751510704791
UBFC_PHYS_s17_T3_ctrl,53,183,59.1,-0.2971040606498718,-0.15772980011326623
UBFC_PHYS_s17_T3_ctrl,53,184,59.13333333333333,-0.528627336025238,-0.22598414827836288
UBFC_PHYS_s17_T3_ctrl,53,185,59.166666666666664,-0.5162780284881592,-0.27393982525605176
UBFC_PHYS_s17_T3_ctrl,53,186,59.2,-0.22673054039478302,-0.30273198157815484
UBFC_PHYS_s17_T3_ctrl,53,187,59.233333333333334,0.1651230752468109,-0.3139625585137433
UBFC_PHYS_s17_T3_ctrl,53,188,59.266666666666666,0.4713976979255676,-0.3096200691472573
UBFC_PHYS_s17_T3_ctrl,53,189,59.3,0.6420171856880188,-0.2918823915186718
UBFC_PHYS_s17_T3_ctrl,53,190,59.333333333333336,0.6873409152030945,-0.2629838742140984
UBFC_PHYS_s17_T3_ctrl,53,191,59.36666666666667,0.6291996836662292,-0.2250447968766256
UBFC_PHYS_s17_T3_ctrl,53,192,59.4,0.5389502048492432,-0.17983722205750516
UBFC_PHYS_s17_T3_ctrl,53,193,59.43333333333333,0.4885345697402954,-0.12871527240175437
UBFC_PHYS_s17_T3_ctrl,53,194,59.46666666666667,0.4702622592449188,-0.07293241272336673
UBFC_PHYS_s17_T3_ctrl,53,195,59.5,0.4349701702594757,-0.014321843896570543
UBFC_PHYS_s17_T3_ctrl,53,196,59.53333333333333,0.37893590331077576,0.0439371329934282
UBFC_PHYS_s17_T3_ctrl,53,197,59.56666666666667,0.3201742470264435,0.09688268990769974
UBFC_PHYS_s17_T3_ctrl,53,198,59.6,0.23206686973571777,0.13803542001657984
UBFC_PHYS_s17_T3_ctrl,53,199,59.63333333333333,0.09497195482254028,0.1604170046688006
UBFC_PHYS_s17_T3_ctrl,53,200,59.666666666666664,-0.04115140810608864,0.15788972872055318
UBFC_PHYS_s17_T3_ctrl,53,201,59.7,-0.12278562784194946,0.12618758270036556
UBFC_PHYS_s17_T3_ctrl,53,202,59.733333333333334,-0.17989680171012878,0.06339788971478463
UBFC_PHYS_s17_T3_ctrl,53,203,59.766666666666666,-0.2981107234954834,-0.029691454594544107
UBFC_PHYS_s17_T3_ctrl,53,204,59.8,-0.4977599084377289,-0.14866017700970785
UBFC_PHYS_s17_T3_ctrl,53,205,59.833333333333336,-0.6435754299163818,-0.28375193888750727
UBFC_PHYS_s17_T3_ctrl,53,206,59.86666666666667,-0.5525650978088379,-0.41839040265857785
UBFC_PHYS_s17_T3_ctrl,53,207,59.9,-0.2170735001564026,-0.5296060528758721
UBFC_PHYS_s17_T3_ctrl,53,208,59.93333333333333,0.17240390181541443,-0.591430147573012
UBFC_PHYS_s17_T3_ctrl,53,209,59.96666666666667,0.454132080078125,-0.5808822820032831
UBFC_PHYS_s17_T3_ctrl,53,210,60.0,0.6161714196205139,-0.4849654554184865
UBFC_PHYS_s17_T3_ctrl,53,211,60.03333333333333,0.6888158321380615,-0.30648901162578773
UBFC_PHYS_s17_T3_ctrl,53,212,60.06666666666667,0.6908525824546814,-0.06655853550800771
UBFC_PHYS_s17_T3_ctrl,53,213,60.1,0.6603480577468872,0.1978661660219717
UBFC_PHYS_s17_T3_ctrl,53,214,60.13333333333333,0.6252666115760803,0.44177402949105316
UBFC_PHYS_s17_T3_ctrl,53,215,60.166666666666664,0.5613311529159546,0.6236619574851984
UBFC_PHYS_s17_T3_ctrl,53,216,60.2,0.4609915018081665,0.7168829847017563
UBFC_PHYS_s17_T3_ctrl,53,217,60.233333333333334,0.36859992146492004,0.716103788407454
UBFC_PHYS_s17_T3_ctrl,53,218,60.266666666666666,0.26988735795021057,0.6363546165123714
UBFC_PHYS_s17_T3_ctrl,53,219,60.3,0.057607971131801605,0.5056735323909994
UBFC_PHYS_s17_T3_ctrl,53,220,60.333333333333336,-0.28316280245780945,0.354889697818818
UBFC_PHYS_s17_T3_ctrl,53,221,60.36666666666667,-0.6089973449707031,0.20872075688251848
UBFC_PHYS_s17_T3_ctrl,53,222,60.4,-0.7949861884117126,0.08125047976810972
UBFC_PHYS_s17_T3_ctrl,53,223,60.43333333333333,-0.9220494627952576,-0.023372901432921714
UBFC_PHYS_s17_T3_ctrl,53,224,60.46666666666667,-1.2136921882629395,-0.10654389736791423
UBFC_PHYS_s17_T3_ctrl,53,225,60.5,-1.7317194938659668,-0.1699697194027858
UBFC_PHYS_s17_T3_ctrl,53,226,60.53333333333333,-2.171741247177124,-0.21217380256797308
UBFC_PHYS_s17_T3_ctrl,53,227,60.56666666666667,-2.1438822746276855,-0.2280063439201682
UBFC_PHYS_s17_T3_ctrl,53,228,60.6,-1.6245439052581787,-0.21106442055842853
UBFC_PHYS_s17_T3_ctrl,53,229,60.63333333333333,-0.9654535055160522,-0.1578315795652371
UBFC_PHYS_s17_T3_ctrl,53,230,60.666666666666664,-0.5008852481842041,-0.07163350212640282
UBFC_PHYS_s17_T3_ctrl,53,231,60.7,-0.28000232577323914,0.03553799103547416
UBFC_PHYS_s17_T3_ctrl,53,232,60.733333333333334,-0.17787174880504608,0.14448460568480492
UBFC_PHYS_s17_T3_ctrl,53,233,60.766666666666666,-0.09304192662239075,0.2333302703419038
UBFC_PHYS_s17_T3_ctrl,53,234,60.8,0.003458286402747035,0.28351862139157674
UBFC_PHYS_s17_T3_ctrl,53,235,60.833333333333336,0.08175643533468246,0.28486595821198957
UBFC_PHYS_s17_T3_ctrl,53,236,60.86666666666667,0.09024292975664139,0.237497621602477
UBFC_PHYS_s17_T3_ctrl,53,237,60.9,0.03053312748670578,0.15000560865716592
UBFC_PHYS_s17_T3_ctrl,53,238,60.93333333333333,-0.018079848960042,0.035355427494872534
UBFC_PHYS_s17_T3_ctrl,53,239,60.96666666666667,0.01624070107936859,-0.09270083635747596
UBFC_PHYS_s17_T3_ctrl,54,0,54.0,0.20460574328899384,0.1158770159017753
UBFC_PHYS_s17_T3_ctrl,54,1,54.03333333333333,0.11396999657154083,0.052435473781067284
UBFC_PHYS_s17_T3_ctrl,54,2,54.06666666666667,0.06399917602539062,-0.027929094711982592
UBFC_PHYS_s17_T3_ctrl,54,3,54.1,0.0751311182975769,-0.13319091032281524
UBFC_PHYS_s17_T3_ctrl,54,4,54.13333333333333,0.14762333035469055,-0.26265803737367716
UBFC_PHYS_s17_T3_ctrl,54,5,54.166666666666664,0.19998207688331604,-0.406494976267284
UBFC_PHYS_s17_T3_ctrl,54,6,54.2,0.13974551856517792,-0.5482883030322153
UBFC_PHYS_s17_T3_ctrl,54,7,54.233333333333334,-0.010564913041889668,-0.6698787616386667
UBFC_PHYS_s17_T3_ctrl,54,8,54.266666666666666,-0.1342570185661316,-0.756977820820657
UBFC_PHYS_s17_T3_ctrl,54,9,54.3,-0.20067408680915833,-0.8036987450416417
UBFC_PHYS_s17_T3_ctrl,54,10,54.333333333333336,-0.30768585205078125,-0.814299032050263
UBFC_PHYS_s17_T3_ctrl,54,11,54.36666666666667,-0.5248347520828247,-0.8012360798577788
UBFC_PHYS_s17_T3_ctrl,54,12,54.4,-0.813773512840271,-0.7799358169645245
UBFC_PHYS_s17_T3_ctrl,54,13,54.43333333333333,-1.0450392961502075,-0.7620630287003612
UBFC_PHYS_s17_T3_ctrl,54,14,54.46666666666667,-1.0656994581222534,-0.7499761097139177
UBFC_PHYS_s17_T3_ctrl,54,15,54.5,-0.835896909236908,-0.7348399480101798
UBFC_PHYS_s17_T3_ctrl,54,16,54.53333333333333,-0.49328839778900146,-0.6994077848616091
UBFC_PHYS_s17_T3_ctrl,54,17,54.56666666666667,-0.22120554745197296,-0.6244358980999166
UBFC_PHYS_s17_T3_ctrl,54,18,54.6,-0.0860186219215393,-0.496108157671699
UBFC_PHYS_s17_T3_ctrl,54,19,54.63333333333333,-0.042403895407915115,-0.3115602300791221
UBFC_PHYS_s17_T3_ctrl,54,20,54.666666666666664,-0.012648493982851505,-0.08073067838625672
UBFC_PHYS_s17_T3_ctrl,54,21,54.7,0.03646782040596008,0.17553768026963706
UBFC_PHYS_s17_T3_ctrl,54,22,54.733333333333334,0.09511242061853409,0.43000620910038445
UBFC_PHYS_s17_T3_ctrl,54,23,54.766666666666666,0.16402274370193481,0.6546479267181462
UBFC_PHYS_s17_T3_ctrl,54,24,54.8,0.2656031548976898,0.8260611523112776
UBFC_PHYS_s17_T3_ctrl,54,25,54.833333333333336,0.3916012644767761,0.9296091505214265
UBFC_PHYS_s17_T3_ctrl,54,26,54.86666666666667,0.47939255833625793,0.9612105308392396
UBFC_PHYS_s17_T3_ctrl,54,27,54.9,0.4847302734851837,0.9262051544598513
UBFC_PHYS_s17_T3_ctrl,54,28,54.93333333333333,0.4708709716796875,0.836079396199721
UBFC_PHYS_s17_T3_ctrl,54,29,54.96666666666667,0.5508313179016113,0.7049564389800888
UBFC_PHYS_s17_T3_ctrl,54,30,55.0,0.7320559620857239,0.5475207838432506
UBFC_PHYS_s17_T3_ctrl,54,31,55.03333333333333,0.8338353633880615,0.37878205826938866
UBFC_PHYS_s17_T3_ctrl,54,32,55.06666666666667,0.606268584728241,0.214811921584875
UBFC_PHYS_s17_T3_ctrl,54,33,55.1,0.02554658055305481,0.07300562898627574
UBFC_PHYS_s17_T3_ctrl,54,34,55.13333333333333,-0.5888989567756653,-0.02926069666156559
UBFC_PHYS_s17_T3_ctrl,54,35,55.166666666666664,-0.9221665263175964,-0.07773292872733195
UBFC_PHYS_s17_T3_ctrl,54,36,55.2,-0.989075243473053,-0.06520895831130982
UBFC_PHYS_s17_T3_ctrl,54,37,55.233333333333334,-0.9299623966217041,0.005266833945420515
UBFC_PHYS_s17_T3_ctrl,54,38,55.266666666666666,-0.7625150680541992,0.11937673456117946
UBFC_PHYS_s17_T3_ctrl,54,39,55.3,-0.5217795968055725,0.2534015274604388
UBFC_PHYS_s17_T3_ctrl,54,40,55.333333333333336,-0.32261037826538086,0.3788101782162295
UBFC_PHYS_s17_T3_ctrl,54,41,55.36666666666667,-0.17714600265026093,0.46844701753950013
UBFC_PHYS_s17_T3_ctrl,54,42,55.4,0.0001222163555212319,0.5024651437474293
UBFC_PHYS_s17_T3_ctrl,54,43,55.43333333333333,0.20350542664527893,0.4721245469232425
UBFC_PHYS_s17_T3_ctrl,54,44,55.46666666666667,0.3317978084087372,0.3804497668498273
UBFC_PHYS_s17_T3_ctrl,54,45,55.5,0.3505149185657501,0.2399721080096951
UBFC_PHYS_s17_T3_ctrl,54,46,55.53333333333333,0.3022648096084595,0.06865117277750078
UBFC_PHYS_s17_T3_ctrl,54,47,55.56666666666667,0.20047371089458466,-0.11465576288746593
UBFC_PHYS_s17_T3_ctrl,54,48,55.6,0.033026400953531265,-0.29400002401314956
UBFC_PHYS_s17_T3_ctrl,54,49,55.63333333333333,-0.19562900066375732,-0.45864933036689
UBFC_PHYS_s17_T3_ctrl,54,50,55.666666666666664,-0.4927499294281006,-0.6035442680909517
UBFC_PHYS_s17_T3_ctrl,54,51,55.7,-0.8606540560722351,-0.7279907136199685
UBFC_PHYS_s17_T3_ctrl,54,52,55.733333333333334,-1.1876474618911743,-0.8331369041784177
UBFC_PHYS_s17_T3_ctrl,54,53,55.766666666666666,-1.21146821975708,-0.9190773180509566
UBFC_PHYS_s17_T3_ctrl,54,54,55.8,-0.7509851455688477,-0.9824256736999069
UBFC_PHYS_s17_T3_ctrl,54,55,55.833333333333336,0.05120505765080452,-1.0150863111215684
UBFC_PHYS_s17_T3_ctrl,54,56,55.86666666666667,0.9032490253448486,-1.004856858285407
UBFC_PHYS_s17_T3_ctrl,54,57,55.9,1.624647855758667,-0.9381818116059282
UBFC_PHYS_s17_T3_ctrl,54,58,55.93333333333333,2.1228225231170654,-0.8046538773107598
UBFC_PHYS_s17_T3_ctrl,54,59,55.96666666666667,2.288841724395752,-0.601984007536588
UBFC_PHYS_s17_T3_ctrl,54,60,56.0,2.105287790298462,-0.339659789830824
UBFC_PHYS_s17_T3_ctrl,54,61,56.03333333333333,1.7570722103118896,-0.03987606320851372
UBFC_PHYS_s17_T3_ctrl,54,62,56.06666666666667,1.4564279317855835,0.2645663691147319
UBFC_PHYS_s17_T3_ctrl,54,63,56.1,1.165183186531067,0.5349115707817517
UBFC_PHYS_s17_T3_ctrl,54,64,56.13333333333333,0.7077787518501282,0.7332699670511815
UBFC_PHYS_s17_T3_ctrl,54,65,56.166666666666664,0.07660601288080215,0.8310537184667443
UBFC_PHYS_s17_T3_ctrl,54,66,56.2,-0.5588626265525818,0.8171262999964733
UBFC_PHYS_s17_T3_ctrl,54,67,56.233333333333334,-1.0866055488586426,0.7025596695347669
UBFC_PHYS_s17_T3_ctrl,54,68,56.266666666666666,-1.487472414970398,0.519441961925756
UBFC_PHYS_s17_T3_ctrl,54,69,56.3,-1.7599180936813354,0.3133660739038625
UBFC_PHYS_s17_T3_ctrl,54,70,56.333333333333336,-1.9462230205535889,0.13180232795104843
UBFC_PHYS_s17_T3_ctrl,54,71,56.36666666666667,-2.0719048976898193,0.01215600023165812
UBFC_PHYS_s17_T3_ctrl,54,72,56.4,-2.0469956398010254,-0.026821664531451857
UBFC_PHYS_s17_T3_ctrl,54,73,56.43333333333333,-1.7886199951171875,0.011894295509496796
UBFC_PHYS_s17_T3_ctrl,54,74,56.46666666666667,-1.3906561136245728,0.10626149649865883
UBFC_PHYS_s17_T3_ctrl,54,75,56.5,-1.0251749753952026,0.22220435896077
UBFC_PHYS_s17_T3_ctrl,54,76,56.53333333333333,-0.7673962712287903,0.3228673549203162
UBFC_PHYS_s17_T3_ctrl,54,77,56.56666666666667,-0.6069020628929138,0.3777324011000279
UBFC_PHYS_s17_T3_ctrl,54,78,56.6,-0.5318931341171265,0.3694081756547149
UBFC_PHYS_s17_T3_ctrl,54,79,56.63333333333333,-0.5078383088111877,0.29656760955782235
UBFC_PHYS_s17_T3_ctrl,54,80,56.666666666666664,-0.484146386384964,0.17273407734464957
UBFC_PHYS_s17_T3_ctrl,54,81,56.7,-0.436095267534256,0.02186052504305125
UBFC_PHYS_s17_T3_ctrl,54,82,56.733333333333334,-0.36707958579063416,-0.1276962979634537
UBFC_PHYS_s17_T3_ctrl,54,83,56.766666666666666,-0.3059885501861572,-0.24925665816276568
UBFC_PHYS_s17_T3_ctrl,54,84,56.8,-0.2993866503238678,-0.32287984621084254
UBFC_PHYS_s17_T3_ctrl,54,85,56.833333333333336,-0.35872185230255127,-0.3387420838139511
UBFC_PHYS_s17_T3_ctrl,54,86,56.86666666666667,-0.4583357274532318,-0.29830229699513483
UBFC_PHYS_s17_T3_ctrl,54,87,56.9,-0.5715045928955078,-0.21301682396222393
UBFC_PHYS_s17_T3_ctrl,54,88,56.93333333333333,-0.6947870254516602,-0.1010820163863883
UBFC_PHYS_s17_T3_ctrl,54,89,56.96666666666667,-0.8634634017944336,0.016753774340165742
UBFC_PHYS_s17_T3_ctrl,54,90,57.0,-1.0736358165740967,0.12137916186552804
UBFC_PHYS_s17_T3_ctrl,54,91,57.03333333333333,-1.154392123222351,0.19891004946711668
UBFC_PHYS_s17_T3_ctrl,54,92,57.06666666666667,-0.9280309677124023,0.24307502126356187
UBFC_PHYS_s17_T3_ctrl,54,93,57.1,-0.4739859998226166,0.2556930784950932
UBFC_PHYS_s17_T3_ctrl,54,94,57.13333333333333,-0.032149869948625565,0.24485684914248276
UBFC_PHYS_s17_T3_ctrl,54,95,57.166666666666664,0.28461289405822754,0.22124273862498145
UBFC_PHYS_s17_T3_ctrl,54,96,57.2,0.5000059604644775,0.19390281394510486
UBFC_PHYS_s17_T3_ctrl,54,97,57.233333333333334,0.6182550191879272,0.1672950814311734
UBFC_PHYS_s17_T3_ctrl,54,98,57.266666666666666,0.6398516893386841,0.14076154629547316
UBFC_PHYS_s17_T3_ctrl,54,99,57.3,0.6400858163833618,0.11045062747699068
UBFC_PHYS_s17_T3_ctrl,54,100,57.333333333333336,0.6646907925605774,0.07248784460386111
UBFC_PHYS_s17_T3_ctrl,54,101,57.36666666666667,0.6675820350646973,0.02567623871086987
UBFC_PHYS_s17_T3_ctrl,54,102,57.4,0.621263325214386,-0.02756788561910726
UBFC_PHYS_s17_T3_ctrl,54,103,57.43333333333333,0.5588261485099792,-0.08227921836153411
UBFC_PHYS_s17_T3_ctrl,54,104,57.46666666666667,0.46363696455955505,-0.13318115919193707
UBFC_PHYS_s17_T3_ctrl,54,105,57.5,0.2795795202255249,-0.17679269185383126
UBFC_PHYS_s17_T3_ctrl,54,106,57.53333333333333,0.0506783090531826,-0.21242941221650352
UBFC_PHYS_s17_T3_ctrl,54,107,57.56666666666667,-0.12069033831357956,-0.24192940992153714
UBFC_PHYS_s17_T3_ctrl,54,108,57.6,-0.24032063782215118,-0.26863806686938846
UBFC_PHYS_s17_T3_ctrl,54,109,57.63333333333333,-0.3896946310997009,-0.29634331073007936
UBFC_PHYS_s17_T3_ctrl,54,110,57.666666666666664,-0.5986847877502441,-0.3284343616117501
UBFC_PHYS_s17_T3_ctrl,54,111,57.7,-0.7776737213134766,-0.3670636248454088
UBFC_PHYS_s17_T3_ctrl,54,112,57.733333333333334,-0.7536657452583313,-0.4120407458715209
UBFC_PHYS_s17_T3_ctrl,54,113,57.766666666666666,-0.45874541997909546,-0.4595999419342728
UBFC_PHYS_s17_T3_ctrl,54,114,57.8,-0.06898710876703262,-0.501694574450696
UBFC_PHYS_s17_T3_ctrl,54,115,57.833333333333336,0.2196473330259323,-0.5266121832541719
UBFC_PHYS_s17_T3_ctrl,54,116,57.86666666666667,0.39422327280044556,-0.5212533253647855
UBFC_PHYS_s17_T3_ctrl,54,117,57.9,0.49235057830810547,-0.4746972413913894
UBFC_PHYS_s17_T3_ctrl,54,118,57.93333333333333,0.484695166349411,-0.38208160683163606
UBFC_PHYS_s17_T3_ctrl,54,119,57.96666666666667,0.3941413462162018,-0.24735436651402953
UBFC_PHYS_s17_T3_ctrl,54,120,58.0,0.3319031596183777,-0.08327495188739784
UBFC_PHYS_s17_T3_ctrl,54,121,58.03333333333333,0.3342442512512207,0.09207763161368167
UBFC_PHYS_s17_T3_ctrl,54,122,58.06666666666667,0.31933143734931946,0.2609811289770525
UBFC_PHYS_s17_T3_ctrl,54,123,58.1,0.24541115760803223,0.4109901054788002
UBFC_PHYS_s17_T3_ctrl,54,124,58.13333333333333,0.1394294798374176,0.536496250447679
UBFC_PHYS_s17_T3_ctrl,54,125,58.166666666666664,0.011347799561917782,0.6363719376329697
UBFC_PHYS_s17_T3_ctrl,54,126,58.2,-0.14554113149642944,0.709478727785998
UBFC_PHYS_s17_T3_ctrl,54,127,58.233333333333334,-0.3047126531600952,0.7509558168361441
UBFC_PHYS_s17_T3_ctrl,54,128,58.266666666666666,-0.43884608149528503,0.7514931464462555
UBFC_PHYS_s17_T3_ctrl,54,129,58.3,-0.5736116170883179,0.7000769499375187
UBFC_PHYS_s17_T3_ctrl,54,130,58.333333333333336,-0.7445939779281616,0.589162280514673
UBFC_PHYS_s17_T3_ctrl,54,131,58.36666666666667,-0.9360024333000183,0.42022584296617516
UBFC_PHYS_s17_T3_ctrl,54,132,58.4,-1.0843112468719482,0.20723344155054793
UBFC_PHYS_s17_T3_ctrl,54,133,58.43333333333333,-1.1096185445785522,-0.023886301648270217
UBFC_PHYS_s17_T3_ctrl,54,134,58.46666666666667,-0.9795117974281311,-0.24005280716541003
UBFC_PHYS_s17_T3_ctrl,54,135,58.5,-0.7595185041427612,-0.4085706413329434
UBFC_PHYS_s17_T3_ctrl,54,136,58.53333333333333,-0.530336320400238,-0.5047833812462907
UBFC_PHYS_s17_T3_ctrl,54,137,58.56666666666667,-0.2616363763809204,-0.5174196044485843
UBFC_PHYS_s17_T3_ctrl,54,138,58.6,0.09142518788576126,-0.4503802722450393
UBFC_PHYS_s17_T3_ctrl,54,139,58.63333333333333,0.4707304835319519,-0.3210774011795123
UBFC_PHYS_s17_T3_ctrl,54,140,58.666666666666664,0.8242954015731812,-0.15625938188856472
UBFC_PHYS_s17_T3_ctrl,54,141,58.7,1.1862882375717163,0.013525621156413101
UBFC_PHYS_s17_T3_ctrl,54,142,58.733333333333334,1.5493696928024292,0.15976888539425937
UBFC_PHYS_s17_T3_ctrl,54,143,58.766666666666666,1.8015532493591309,0.26121142525006513
UBFC_PHYS_s17_T3_ctrl,54,144,58.8,1.8740453720092773,0.3075383550333968
UBFC_PHYS_s17_T3_ctrl,54,145,58.833333333333336,1.8148740530014038,0.30070018953572997
UBFC_PHYS_s17_T3_ctrl,54,146,58.86666666666667,1.6682976484298706,0.253248290152721
UBFC_PHYS_s17_T3_ctrl,54,147,58.9,1.424343228340149,0.18380413753215835
UBFC_PHYS_s17_T3_ctrl,54,148,58.93333333333333,1.0982394218444824,0.11094160241454402
UBFC_PHYS_s17_T3_ctrl,54,149,58.96666666666667,0.7700637578964233,0.04769668001096449
UBFC_PHYS_s17_T3_ctrl,54,150,59.0,0.5008136630058289,-0.0011095048831561236
UBFC_PHYS_s17_T3_ctrl,54,151,59.03333333333333,0.2676282227039337,-0.03779133222424143
UBFC_PHYS_s17_T3_ctrl,54,152,59.06666666666667,0.005296051036566496,-0.06796941188408596
UBFC_PHYS_s17_T3_ctrl,54,153,59.1,-0.2971040606498718,-0.09638746100551525
UBFC_PHYS_s17_T3_ctrl,54,154,59.13333333333333,-0.528627336025238,-0.12459694077972587
UBFC_PHYS_s17_T3_ctrl,54,155,59.166666666666664,-0.5162780284881592,-0.1511959340168496
UBFC_PHYS_s17_T3_ctrl,54,156,59.2,-0.22673054039478302,-0.17352826412191455
UBFC_PHYS_s17_T3_ctrl,54,157,59.233333333333334,0.1651230752468109,-0.18912178151664302
UBFC_PHYS_s17_T3_ctrl,54,158,59.266666666666666,0.4713976979255676,-0.19611464722790195
UBFC_PHYS_s17_T3_ctrl,54,159,59.3,0.6420171856880188,-0.19311805487503875
UBFC_PHYS_s17_T3_ctrl,54,160,59.333333333333336,0.6873409152030945,-0.1790684550356055
UBFC_PHYS_s17_T3_ctrl,54,161,59.36666666666667,0.6291996836662292,-0.15315367810246416
UBFC_PHYS_s17_T3_ctrl,54,162,59.4,0.5389502048492432,-0.11483228872308222
UBFC_PHYS_s17_T3_ctrl,54,163,59.43333333333333,0.4885345697402954,-0.06416506699685284
UBFC_PHYS_s17_T3_ctrl,54,164,59.46666666666667,0.4702622592449188,-0.002600596684816582
UBFC_PHYS_s17_T3_ctrl,54,165,59.5,0.4349701702594757,0.06604007379460168
UBFC_PHYS_s17_T3_ctrl,54,166,59.53333333333333,0.37893590331077576,0.1350244682218295
UBFC_PHYS_s17_T3_ctrl,54,167,59.56666666666667,0.3201742470264435,0.19523401948891397
UBFC_PHYS_s17_T3_ctrl,54,168,59.6,0.23206686973571777,0.23680215952435296
UBFC_PHYS_s17_T3_ctrl,54,169,59.63333333333333,0.09497195482254028,0.2512108196297429
UBFC_PHYS_s17_T3_ctrl,54,170,59.666666666666664,-0.04115140810608864,0.23290832052937327
UBFC_PHYS_s17_T3_ctrl,54,171,59.7,-0.12278562784194946,0.17988398727031454
UBFC_PHYS_s17_T3_ctrl,54,172,59.733333333333334,-0.17989680171012878,0.09344254282871528
UBFC_PHYS_s17_T3_ctrl,54,173,59.766666666666666,-0.2981107234954834,-0.021977769088955806
UBFC_PHYS_s17_T3_ctrl,54,174,59.8,-0.4977599084377289,-0.1582576025538774
UBFC_PHYS_s17_T3_ctrl,54,175,59.833333333333336,-0.6435754299163818,-0.30252674151599
UBFC_PHYS_s17_T3_ctrl,54,176,59.86666666666667,-0.5525650978088379,-0.43679663382491957
UBFC_PHYS_s17_T3_ctrl,54,177,59.9,-0.2170735001564026,-0.5396868992716176
UBFC_PHYS_s17_T3_ctrl,54,178,59.93333333333333,0.17240390181541443,-0.5905450348141476
UBFC_PHYS_s17_T3_ctrl,54,179,59.96666666666667,0.454132080078125,-0.5747832799288016
UBFC_PHYS_s17_T3_ctrl,54,180,60.0,0.6161714196205139,-0.4885262868434399
UBFC_PHYS_s17_T3_ctrl,54,181,60.03333333333333,0.6888158321380615,-0.3409279121809765
UBFC_PHYS_s17_T3_ctrl,54,182,60.06666666666667,0.6908525824546814,-0.15336446965399703
UBFC_PHYS_s17_T3_ctrl,54,183,60.1,0.6603480577468872,0.044470969120987344
UBFC_PHYS_s17_T3_ctrl,54,184,60.13333333333333,0.6252666115760803,0.2210184479613495
UBFC_PHYS_s17_T3_ctrl,54,185,60.166666666666664,0.5613311529159546,0.3505671385573819
UBFC_PHYS_s17_T3_ctrl,54,186,60.2,0.4609915018081665,0.41987825990307803
UBFC_PHYS_s17_T3_ctrl,54,187,60.233333333333334,0.36859992146492004,0.4309667858734986
UBFC_PHYS_s17_T3_ctrl,54,188,60.266666666666666,0.26988735795021057,0.39853921587625857
UBFC_PHYS_s17_T3_ctrl,54,189,60.3,0.057607971131801605,0.3429487119212278
UBFC_PHYS_s17_T3_ctrl,54,190,60.333333333333336,-0.28316280245780945,0.28168817146300174
UBFC_PHYS_s17_T3_ctrl,54,191,60.36666666666667,-0.6089973449707031,0.2232207937145187
UBFC_PHYS_s17_T3_ctrl,54,192,60.4,-0.7949861884117126,0.1658628938332079
UBFC_PHYS_s17_T3_ctrl,54,193,60.43333333333333,-0.9220494627952576,0.10202743651786397
UBFC_PHYS_s17_T3_ctrl,54,194,60.46666666666667,-1.2136921882629395,0.02560265784691269
UBFC_PHYS_s17_T3_ctrl,54,195,60.5,-1.7317194938659668,-0.061147436811988254
UBFC_PHYS_s17_T3_ctrl,54,196,60.53333333333333,-2.171741247177124,-0.14438920268822444
UBFC_PHYS_s17_T3_ctrl,54,197,60.56666666666667,-2.1438822746276855,-0.20084019640364836
UBFC_PHYS_s17_T3_ctrl,54,198,60.6,-1.6245439052581787,-0.20486064240778723
UBFC_PHYS_s17_T3_ctrl,54,199,60.63333333333333,-0.9654535055160522,-0.13831135713192869
UBFC_PHYS_s17_T3_ctrl,54,200,60.666666666666664,-0.5008852481842041,0.00042937085245311427
UBFC_PHYS_s17_T3_ctrl,54,201,60.7,-0.28000232577323914,0.1920979392349929
UBFC_PHYS_s17_T3_ctrl,54,202,60.733333333333334,-0.17787174880504608,0.39919047012594916
UBFC_PHYS_s17_T3_ctrl,54,203,60.766666666666666,-0.09304192662239075,0.5754240785562391
UBFC_PHYS_s17_T3_ctrl,54,204,60.8,0.003458286402747035,0.6791455761800617
UBFC_PHYS_s17_T3_ctrl,54,205,60.833333333333336,0.08175643533468246,0.6858956253617409
UBFC_PHYS_s17_T3_ctrl,54,206,60.86666666666667,0.09024292975664139,0.5950438855919039
UBFC_PHYS_s17_T3_ctrl,54,207,60.9,0.03053312748670578,0.4277140431864461
UBFC_PHYS_s17_T3_ctrl,54,208,60.93333333333333,-0.018079848960042,0.21760761335445758
UBFC_PHYS_s17_T3_ctrl,54,209,60.96666666666667,0.01624070107936859,-0.00023976151099272622
UBFC_PHYS_s17_T3_ctrl,54,210,61.0,0.0953933522105217,-0.19781833892636544
UBFC_PHYS_s17_T3_ctrl,54,211,61.03333333333333,0.11435627937316895,-0.35740336667747374
UBFC_PHYS_s17_T3_ctrl,54,212,61.06666666666667,0.07476824522018433,-0.4704888665690781
UBFC_PHYS_s17_T3_ctrl,54,213,61.1,0.06547407060861588,-0.5348741562106238
UBFC_PHYS_s17_T3_ctrl,54,214,61.13333333333333,0.08799546957015991,-0.5523446046331665
UBFC_PHYS_s17_T3_ctrl,54,215,61.166666666666664,0.04974186792969704,-0.5280743801538844
UBFC_PHYS_s17_T3_ctrl,54,216,61.2,-0.06270124763250351,-0.47124612320197135
UBFC_PHYS_s17_T3_ctrl,54,217,61.233333333333334,-0.1208190992474556,-0.39535010811550364
UBFC_PHYS_s17_T3_ctrl,54,218,61.266666666666666,0.007192343473434448,-0.316718683679626
UBFC_PHYS_s17_T3_ctrl,54,219,61.3,0.2912733256816864,-0.2509907202943914
UBFC_PHYS_s17_T3_ctrl,54,220,61.333333333333336,0.5943992137908936,-0.2087000741849526
UBFC_PHYS_s17_T3_ctrl,54,221,61.36666666666667,0.8554203510284424,-0.19195796533375697
UBFC_PHYS_s17_T3_ctrl,54,222,61.4,1.0900338888168335,-0.193685648627113
UBFC_PHYS_s17_T3_ctrl,54,223,61.43333333333333,1.2640830278396606,-0.19972500901816853
UBFC_PHYS_s17_T3_ctrl,54,224,61.46666666666667,1.335474967956543,-0.19328235864466192
UBFC_PHYS_s17_T3_ctrl,54,225,61.5,1.3957582712173462,-0.16053672539117023
UBFC_PHYS_s17_T3_ctrl,54,226,61.53333333333333,1.5823675394058228,-0.0956726183360027
UBFC_PHYS_s17_T3_ctrl,54,227,61.56666666666667,1.8551527261734009,-0.003458163556604007
UBFC_PHYS_s17_T3_ctrl,54,228,61.6,2.0822513103485107,0.10180913138146776
UBFC_PHYS_s17_T3_ctrl,54,229,61.63333333333333,2.2448408603668213,0.20080302682200013
UBFC_PHYS_s17_T3_ctrl,54,230,61.666666666666664,2.462188720703125,0.2754953838166391
UBFC_PHYS_s17_T3_ctrl,54,231,61.7,2.834587812423706,0.3148713665768527
UBFC_PHYS_s17_T3_ctrl,54,232,61.733333333333334,3.1776528358459473,0.31783942506788565
UBFC_PHYS_s17_T3_ctrl,54,233,61.766666666666666,2.9465274810791016,0.2923707006188221
UBFC_PHYS_s17_T3_ctrl,54,234,61.8,1.7895199060440063,0.25156228888236504
UBFC_PHYS_s17_T3_ctrl,54,235,61.833333333333336,0.06969976425170898,0.208570776880618
UBFC_PHYS_s17_T3_ctrl,54,236,61.86666666666667,-1.5247310400009155,0.17257159497746252
UBFC_PHYS_s17_T3_ctrl,54,237,61.9,-2.5316388607025146,0.14706324289857783
UBFC_PHYS_s17_T3_ctrl,54,238,61.93333333333333,-2.828104257583618,0.13048777579535498
UBFC_PHYS_s17_T3_ctrl,54,239,61.96666666666667,-2.5541720390319824,0.11808986152920911
UBFC_PHYS_s17_T3_ctrl,55,0,55.0,0.7320559620857239,0.06821549349792701
UBFC_PHYS_s17_T3_ctrl,55,1,55.03333333333333,0.8338353633880615,0.2508697536968089
UBFC_PHYS_s17_T3_ctrl,55,2,55.06666666666667,0.606268584728241,0.4345391787052753
UBFC_PHYS_s17_T3_ctrl,55,3,55.1,0.02554658055305481,0.6183522406974861
UBFC_PHYS_s17_T3_ctrl,55,4,55.13333333333333,-0.5888989567756653,0.7985883549017211
UBFC_PHYS_s17_T3_ctrl,55,5,55.166666666666664,-0.9221665263175964,0.9677556124431739
UBFC_PHYS_s17_T3_ctrl,55,6,55.2,-0.989075243473053,1.114423551477161
UBFC_PHYS_s17_T3_ctrl,55,7,55.233333333333334,-0.9299623966217041,1.2244615581635634
UBFC_PHYS_s17_T3_ctrl,55,8,55.266666666666666,-0.7625150680541992,1.2836985886467798
UBFC_PHYS_s17_T3_ctrl,55,9,55.3,-0.5217795968055725,1.2811758540030036
UBFC_PHYS_s17_T3_ctrl,55,10,55.333333333333336,-0.32261037826538086,1.2120247408591687
UBFC_PHYS_s17_T3_ctrl,55,11,55.36666666666667,-0.17714600265026093,1.0791893423640613
UBFC_PHYS_s17_T3_ctrl,55,12,55.4,0.0001222163555212319,0.8932322691228245
UBFC_PHYS_s17_T3_ctrl,55,13,55.43333333333333,0.20350542664527893,0.669902421763317
UBFC_PHYS_s17_T3_ctrl,55,14,55.46666666666667,0.3317978084087372,0.4263582186270635
UBFC_PHYS_s17_T3_ctrl,55,15,55.5,0.3505149185657501,0.17780899185053178
UBFC_PHYS_s17_T3_ctrl,55,16,55.53333333333333,0.3022648096084595,-0.0641678816749803
UBFC_PHYS_s17_T3_ctrl,55,17,55.56666666666667,0.20047371089458466,-0.2916356492735808
UBFC_PHYS_s17_T3_ctrl,55,18,55.6,0.033026400953531265,-0.49947619652389336
UBFC_PHYS_s17_T3_ctrl,55,19,55.63333333333333,-0.19562900066375732,-0.6845906954257855
UBFC_PHYS_s17_T3_ctrl,55,20,55.666666666666664,-0.4927499294281006,-0.8454171039774664
UBFC_PHYS_s17_T3_ctrl,55,21,55.7,-0.8606540560722351,-0.9815250902883683
UBFC_PHYS_s17_T3_ctrl,55,22,55.733333333333334,-1.1876474618911743,-1.0929526987037184
UBFC_PHYS_s17_T3_ctrl,55,23,55.766666666666666,-1.21146821975708,-1.1791023432925924
UBFC_PHYS_s17_T3_ctrl,55,24,55.8,-0.7509851455688477,-1.2371608817580566
UBFC_PHYS_s17_T3_ctrl,55,25,55.833333333333336,0.05120505765080452,-1.2603674047706215
UBFC_PHYS_s17_T3_ctrl,55,26,55.86666666666667,0.9032490253448486,-1.2370996049939043
UBFC_PHYS_s17_T3_ctrl,55,27,55.9,1.624647855758667,-1.1520592955846702
UBFC_PHYS_s17_T3_ctrl,55,28,55.93333333333333,2.1228225231170654,-0.9902384930717346
UBFC_PHYS_s17_T3_ctrl,55,29,55.96666666666667,2.288841724395752,-0.7430898265635004
UBFC_PHYS_s17_T3_ctrl,55,30,56.0,2.105287790298462,-0.4150783774981799
UBFC_PHYS_s17_T3_ctrl,55,31,56.03333333333333,1.7570722103118896,-0.028090213658320408
UBFC_PHYS_s17_T3_ctrl,55,32,56.06666666666667,1.4564279317855835,0.3786489570242916
UBFC_PHYS_s17_T3_ctrl,55,33,56.1,1.165183186531067,0.7543200589190743
UBFC_PHYS_s17_T3_ctrl,55,34,56.13333333333333,0.7077787518501282,1.0471555882908505
UBFC_PHYS_s17_T3_ctrl,55,35,56.166666666666664,0.07660601288080215,1.2171160033819555
UBFC_PHYS_s17_T3_ctrl,55,36,56.2,-0.5588626265525818,1.2463806659844696
UBFC_PHYS_s17_T3_ctrl,55,37,56.233333333333334,-1.0866055488586426,1.143815851455247
UBFC_PHYS_s17_T3_ctrl,55,38,56.266666666666666,-1.487472414970398,0.941873742598282
UBFC_PHYS_s17_T3_ctrl,55,39,56.3,-1.7599180936813354,0.687327737377964
UBFC_PHYS_s17_T3_ctrl,55,40,56.333333333333336,-1.9462230205535889,0.42927194922839396
UBFC_PHYS_s17_T3_ctrl,55,41,56.36666666666667,-2.0719048976898193,0.2081814938229706
UBFC_PHYS_s17_T3_ctrl,55,42,56.4,-2.0469956398010254,0.04872660049718365
UBFC_PHYS_s17_T3_ctrl,55,43,56.43333333333333,-1.7886199951171875,-0.04270460327360974
UBFC_PHYS_s17_T3_ctrl,55,44,56.46666666666667,-1.3906561136245728,-0.07627760966384392
UBFC_PHYS_s17_T3_ctrl,55,45,56.5,-1.0251749753952026,-0.07400511826766591
UBFC_PHYS_s17_T3_ctrl,55,46,56.53333333333333,-0.7673962712287903,-0.06334840142948005
UBFC_PHYS_s17_T3_ctrl,55,47,56.56666666666667,-0.6069020628929138,-0.070246385842245
UBFC_PHYS_s17_T3_ctrl,55,48,56.6,-0.5318931341171265,-0.11268836024093207
UBFC_PHYS_s17_T3_ctrl,55,49,56.63333333333333,-0.5078383088111877,-0.19605736539733457
UBFC_PHYS_s17_T3_ctrl,55,50,56.666666666666664,-0.484146386384964,-0.3114035456994559
UBFC_PHYS_s17_T3_ctrl,55,51,56.7,-0.436095267534256,-0.4373292046273695
UBFC_PHYS_s17_T3_ctrl,55,52,56.733333333333334,-0.36707958579063416,-0.5452556787086072
UBFC_PHYS_s17_T3_ctrl,55,53,56.766666666666666,-0.3059885501861572,-0.6067610867118627
UBFC_PHYS_s17_T3_ctrl,55,54,56.8,-0.2993866503238678,-0.6008913360851728
UBFC_PHYS_s17_T3_ctrl,55,55,56.833333333333336,-0.35872185230255127,-0.5193380122071056
UBFC_PHYS_s17_T3_ctrl,55,56,56.86666666666667,-0.4583357274532318,-0.36825869793757576
UBFC_PHYS_s17_T3_ctrl,55,57,56.9,-0.5715045928955078,-0.16674464521141633
UBFC_PHYS_s17_T3_ctrl,55,58,56.93333333333333,-0.6947870254516602,0.057178201444893204
UBFC_PHYS_s17_T3_ctrl,55,59,56.96666666666667,-0.8634634017944336,0.27190262618378974
UBFC_PHYS_s17_T3_ctrl,55,60,57.0,-1.0736358165740967,0.4480802575374166
UBFC_PHYS_s17_T3_ctrl,55,61,57.03333333333333,-1.154392123222351,0.5642076798902248
UBFC_PHYS_s17_T3_ctrl,55,62,57.06666666666667,-0.9280309677124023,0.6109040288966251
UBFC_PHYS_s17_T3_ctrl,55,63,57.1,-0.4739859998226166,0.5925469837840244
UBFC_PHYS_s17_T3_ctrl,55,64,57.13333333333333,-0.032149869948625565,0.5253306644592957
UBFC_PHYS_s17_T3_ctrl,55,65,57.166666666666664,0.28461289405822754,0.4319520975293719
UBFC_PHYS_s17_T3_ctrl,55,66,57.2,0.5000059604644775,0.3345472373434522
UBFC_PHYS_s17_T3_ctrl,55,67,57.233333333333334,0.6182550191879272,0.24839104143357366
UBFC_PHYS_s17_T3_ctrl,55,68,57.266666666666666,0.6398516893386841,0.17865869231919357
UBFC_PHYS_s17_T3_ctrl,55,69,57.3,0.6400858163833618,0.12130181580261062
UBFC_PHYS_s17_T3_ctrl,55,70,57.333333333333336,0.6646907925605774,0.06738908933104887
UBFC_PHYS_s17_T3_ctrl,55,71,57.36666666666667,0.6675820350646973,0.008806428746458022
UBFC_PHYS_s17_T3_ctrl,55,72,57.4,0.621263325214386,-0.057333971170275264
UBFC_PHYS_s17_T3_ctrl,55,73,57.43333333333333,0.5588261485099792,-0.1274599608240218
UBFC_PHYS_s17_T3_ctrl,55,74,57.46666666666667,0.46363696455955505,-0.19356519646282372
UBFC_PHYS_s17_T3_ctrl,55,75,57.5,0.2795795202255249,-0.24692102981012226
UBFC_PHYS_s17_T3_ctrl,55,76,57.53333333333333,0.0506783090531826,-0.28145455251816226
UBFC_PHYS_s17_T3_ctrl,55,77,57.56666666666667,-0.12069033831357956,-0.2955337608526508
UBFC_PHYS_s17_T3_ctrl,55,78,57.6,-0.24032063782215118,-0.2921064259097472
UBFC_PHYS_s17_T3_ctrl,55,79,57.63333333333333,-0.3896946310997009,-0.27784708150649573
UBFC_PHYS_s17_T3_ctrl,55,80,57.666666666666664,-0.5986847877502441,-0.2617715084667154
UBFC_PHYS_s17_T3_ctrl,55,81,57.7,-0.7776737213134766,-0.25329531153388984
UBFC_PHYS_s17_T3_ctrl,55,82,57.733333333333334,-0.7536657452583313,-0.2597041547902168
UBFC_PHYS_s17_T3_ctrl,55,83,57.766666666666666,-0.45874541997909546,-0.2834563126244633
UBFC_PHYS_s17_T3_ctrl,55,84,57.8,-0.06898710876703262,-0.32020030727377335
UBFC_PHYS_s17_T3_ctrl,55,85,57.833333333333336,0.2196473330259323,-0.35848548154942056
UBFC_PHYS_s17_T3_ctrl,55,86,57.86666666666667,0.39422327280044556,-0.38173938909794064
UBFC_PHYS_s17_T3_ctrl,55,87,57.9,0.49235057830810547,-0.37237476254302854
UBFC_PHYS_s17_T3_ctrl,55,88,57.93333333333333,0.484695166349411,-0.3171311378088823
UBFC_PHYS_s17_T3_ctrl,55,89,57.96666666666667,0.3941413462162018,-0.21202368277981348
UBFC_PHYS_s17_T3_ctrl,55,90,58.0,0.3319031596183777,-0.06482781566766209
UBFC_PHYS_s17_T3_ctrl,55,91,58.03333333333333,0.3342442512512207,0.10640066739794012
UBFC_PHYS_s17_T3_ctrl,55,92,58.06666666666667,0.31933143734931946,0.278460051337913
UBFC_PHYS_s17_T3_ctrl,55,93,58.1,0.24541115760803223,0.42952518949033125
UBFC_PHYS_s17_T3_ctrl,55,94,58.13333333333333,0.1394294798374176,0.5440614220129424
UBFC_PHYS_s17_T3_ctrl,55,95,58.166666666666664,0.011347799561917782,0.6141122725196922
UBFC_PHYS_s17_T3_ctrl,55,96,58.2,-0.14554113149642944,0.637089054238023
UBFC_PHYS_s17_T3_ctrl,55,97,58.233333333333334,-0.3047126531600952,0.6121553792260294
UBFC_PHYS_s17_T3_ctrl,55,98,58.266666666666666,-0.43884608149528503,0.5378685464880003
UBFC_PHYS_s17_T3_ctrl,55,99,58.3,-0.5736116170883179,0.41271728979170874
UBFC_PHYS_s17_T3_ctrl,55,100,58.333333333333336,-0.7445939779281616,0.23829025152244626
UBFC_PHYS_s17_T3_ctrl,55,101,58.36666666666667,-0.9360024333000183,0.023216461031485718
UBFC_PHYS_s17_T3_ctrl,55,102,58.4,-1.0843112468719482,-0.21437396995402688
UBFC_PHYS_s17_T3_ctrl,55,103,58.43333333333333,-1.1096185445785522,-0.44739587651103546
UBFC_PHYS_s17_T3_ctrl,55,104,58.46666666666667,-0.9795117974281311,-0.6436545724967098
UBFC_PHYS_s17_T3_ctrl,55,105,58.5,-0.7595185041427612,-0.7720779535068841
UBFC_PHYS_s17_T3_ctrl,55,106,58.53333333333333,-0.530336320400238,-0.8096116534257792
UBFC_PHYS_s17_T3_ctrl,55,107,58.56666666666667,-0.2616363763809204,-0.746821977763675
UBFC_PHYS_s17_T3_ctrl,55,108,58.6,0.09142518788576126,-0.5906047262059506
UBFC_PHYS_s17_T3_ctrl,55,109,58.63333333333333,0.4707304835319519,-0.3631963224774397
UBFC_PHYS_s17_T3_ctrl,55,110,58.666666666666664,0.8242954015731812,-0.09770169675577692
UBFC_PHYS_s17_T3_ctrl,55,111,58.7,1.1862882375717163,0.16866652725602327
UBFC_PHYS_s17_T3_ctrl,55,112,58.733333333333334,1.5493696928024292,0.4018024303624213
UBFC_PHYS_s17_T3_ctrl,55,113,58.766666666666666,1.8015532493591309,0.5765673115992702
UBFC_PHYS_s17_T3_ctrl,55,114,58.8,1.8740453720092773,0.6801895438015754
UBFC_PHYS_s17_T3_ctrl,55,115,58.833333333333336,1.8148740530014038,0.7128940231344354
UBFC_PHYS_s17_T3_ctrl,55,116,58.86666666666667,1.6682976484298706,0.6858752635191194
UBFC_PHYS_s17_T3_ctrl,55,117,58.9,1.424343228340149,0.6170318969419963
UBFC_PHYS_s17_T3_ctrl,55,118,58.93333333333333,1.0982394218444824,0.5254397540888263
UBFC_PHYS_s17_T3_ctrl,55,119,58.96666666666667,0.7700637578964233,0.42620169268401076
UBFC_PHYS_s17_T3_ctrl,55,120,59.0,0.5008136630058289,0.3275408576883015
UBFC_PHYS_s17_T3_ctrl,55,121,59.03333333333333,0.2676282227039337,0.23123227621783685
UBFC_PHYS_s17_T3_ctrl,55,122,59.06666666666667,0.005296051036566496,0.13576697204285887
UBFC_PHYS_s17_T3_ctrl,55,123,59.1,-0.2971040606498718,0.0401703005429415
UBFC_PHYS_s17_T3_ctrl,55,124,59.13333333333333,-0.528627336025238,-0.05370183117635409
UBFC_PHYS_s17_T3_ctrl,55,125,59.166666666666664,-0.5162780284881592,-0.1412703943572908
UBFC_PHYS_s17_T3_ctrl,55,126,59.2,-0.22673054039478302,-0.21689706994260183
UBFC_PHYS_s17_T3_ctrl,55,127,59.233333333333334,0.1651230752468109,-0.2755154707999799
UBFC_PHYS_s17_T3_ctrl,55,128,59.266666666666666,0.4713976979255676,-0.31344504112117105
UBFC_PHYS_s17_T3_ctrl,55,129,59.3,0.6420171856880188,-0.32867795800120864
UBFC_PHYS_s17_T3_ctrl,55,130,59.333333333333336,0.6873409152030945,-0.3209996821731569
UBFC_PHYS_s17_T3_ctrl,55,131,59.36666666666667,0.6291996836662292,-0.29189660600309053
UBFC_PHYS_s17_T3_ctrl,55,132,59.4,0.5389502048492432,-0.24424912576008076
UBFC_PHYS_s17_T3_ctrl,55,133,59.43333333333333,0.4885345697402954,-0.1820745194887452
UBFC_PHYS_s17_T3_ctrl,55,134,59.46666666666667,0.4702622592449188,-0.11050602096034683
UBFC_PHYS_s17_T3_ctrl,55,135,59.5,0.4349701702594757,-0.035853453618784344
UBFC_PHYS_s17_T3_ctrl,55,136,59.53333333333333,0.37893590331077576,0.03462502080043749
UBFC_PHYS_s17_T3_ctrl,55,137,59.56666666666667,0.3201742470264435,0.09347953550527167
UBFC_PHYS_s17_T3_ctrl,55,138,59.6,0.23206686973571777,0.13416823853674978
UBFC_PHYS_s17_T3_ctrl,55,139,59.63333333333333,0.09497195482254028,0.15192307492107124
UBFC_PHYS_s17_T3_ctrl,55,140,59.666666666666664,-0.04115140810608864,0.1438074391128039
UBFC_PHYS_s17_T3_ctrl,55,141,59.7,-0.12278562784194946,0.10792288032332048
UBFC_PHYS_s17_T3_ctrl,55,142,59.733333333333334,-0.17989680171012878,0.042523048499301185
UBFC_PHYS_s17_T3_ctrl,55,143,59.766666666666666,-0.2981107234954834,-0.0538024354391533
UBFC_PHYS_s17_T3_ctrl,55,144,59.8,-0.4977599084377289,-0.18020664377230589
UBFC_PHYS_s17_T3_ctrl,55,145,59.833333333333336,-0.6435754299163818,-0.33046604281431
UBFC_PHYS_s17_T3_ctrl,55,146,59.86666666666667,-0.5525650978088379,-0.4903836206747143
UBFC_PHYS_s17_T3_ctrl,55,147,59.9,-0.2170735001564026,-0.6376574858499339
UBFC_PHYS_s17_T3_ctrl,55,148,59.93333333333333,0.17240390181541443,-0.7450856569627456
UBFC_PHYS_s17_T3_ctrl,55,149,59.96666666666667,0.454132080078125,-0.7864494243857283
UBFC_PHYS_s17_T3_ctrl,55,150,60.0,0.6161714196205139,-0.7434462545834988
UBFC_PHYS_s17_T3_ctrl,55,151,60.03333333333333,0.6888158321380615,-0.6117719403253442
UBFC_PHYS_s17_T3_ctrl,55,152,60.06666666666667,0.6908525824546814,-0.4045620189165616
UBFC_PHYS_s17_T3_ctrl,55,153,60.1,0.6603480577468872,-0.15168603227320057
UBFC_PHYS_s17_T3_ctrl,55,154,60.13333333333333,0.6252666115760803,0.10599618838150414
UBFC_PHYS_s17_T3_ctrl,55,155,60.166666666666664,0.5613311529159546,0.32679784319423416
UBFC_PHYS_s17_T3_ctrl,55,156,60.2,0.4609915018081665,0.47984709465579795
UBFC_PHYS_s17_T3_ctrl,55,157,60.233333333333334,0.36859992146492004,0.5536519546028354
UBFC_PHYS_s17_T3_ctrl,55,158,60.266666666666666,0.26988735795021057,0.5576840904047431
UBFC_PHYS_s17_T3_ctrl,55,159,60.3,0.057607971131801605,0.5160786222175452
UBFC_PHYS_s17_T3_ctrl,55,160,60.333333333333336,-0.28316280245780945,0.4564650322716807
UBFC_PHYS_s17_T3_ctrl,55,161,60.36666666666667,-0.6089973449707031,0.39933294710010364
UBFC_PHYS_s17_T3_ctrl,55,162,60.4,-0.7949861884117126,0.3525971156416107
UBFC_PHYS_s17_T3_ctrl,55,163,60.43333333333333,-0.9220494627952576,0.31299116814604666
UBFC_PHYS_s17_T3_ctrl,55,164,60.46666666666667,-1.2136921882629395,0.27259483840266147
UBFC_PHYS_s17_T3_ctrl,55,165,60.5,-1.7317194938659668,0.22673997878849833
UBFC_PHYS_s17_T3_ctrl,55,166,60.53333333333333,-2.171741247177124,0.17941335815234952
UBFC_PHYS_s17_T3_ctrl,55,167,60.56666666666667,-2.1438822746276855,0.1437501136053058
UBFC_PHYS_s17_T3_ctrl,55,168,60.6,-1.6245439052581787,0.13741699691211226
UBFC_PHYS_s17_T3_ctrl,55,169,60.63333333333333,-0.9654535055160522,0.17475649413431557
UBFC_PHYS_s17_T3_ctrl,55,170,60.666666666666664,-0.5008852481842041,0.2588572783537607
UBFC_PHYS_s17_T3_ctrl,55,171,60.7,-0.28000232577323914,0.3769121056556654
UBFC_PHYS_s17_T3_ctrl,55,172,60.733333333333334,-0.17787174880504608,0.5012647660411593
UBFC_PHYS_s17_T3_ctrl,55,173,60.766666666666666,-0.09304192662239075,0.596570925314878
UBFC_PHYS_s17_T3_ctrl,55,174,60.8,0.003458286402747035,0.6309751348660266
UBFC_PHYS_s17_T3_ctrl,55,175,60.833333333333336,0.08175643533468246,0.5870213283670641
UBFC_PHYS_s17_T3_ctrl,55,176,60.86666666666667,0.09024292975664139,0.46737153009477994
UBFC_PHYS_s17_T3_ctrl,55,177,60.9,0.03053312748670578,0.29252700831841144
UBFC_PHYS_s17_T3_ctrl,55,178,60.93333333333333,-0.018079848960042,0.09215400753995655
UBFC_PHYS_s17_T3_ctrl,55,179,60.96666666666667,0.01624070107936859,-0.10497355858870587
UBFC_PHYS_s17_T3_ctrl,55,180,61.0,0.0953933522105217,-0.27771640373277895
UBFC_PHYS_s17_T3_ctrl,55,181,61.03333333333333,0.11435627937316895,-0.4143207642794819
UBFC_PHYS_s17_T3_ctrl,55,182,61.06666666666667,0.07476824522018433,-0.5105426557397278
UBFC_PHYS_s17_T3_ctrl,55,183,61.1,0.06547407060861588,-0.5668702874252006
UBFC_PHYS_s17_T3_ctrl,55,184,61.13333333333333,0.08799546957015991,-0.5869425263734407
UBFC_PHYS_s17_T3_ctrl,55,185,61.166666666666664,0.04974186792969704,-0.5775826930193737
UBFC_PHYS_s17_T3_ctrl,55,186,61.2,-0.06270124763250351,-0.5494182474202143
UBFC_PHYS_s17_T3_ctrl,55,187,61.233333333333334,-0.1208190992474556,-0.516505301290884
UBFC_PHYS_s17_T3_ctrl,55,188,61.266666666666666,0.007192343473434448,-0.49383897695120266
UBFC_PHYS_s17_T3_ctrl,55,189,61.3,0.2912733256816864,-0.49293141920755096
UBFC_PHYS_s17_T3_ctrl,55,190,61.333333333333336,0.5943992137908936,-0.5171534202531561
UBFC_PHYS_s17_T3_ctrl,55,191,61.36666666666667,0.8554203510284424,-0.5591769692691388
UBFC_PHYS_s17_T3_ctrl,55,192,61.4,1.0900338888168335,-0.6020497405697364
UBFC_PHYS_s17_T3_ctrl,55,193,61.43333333333333,1.2640830278396606,-0.6239145237984256
UBFC_PHYS_s17_T3_ctrl,55,194,61.46666666666667,1.335474967956543,-0.6051249099513942
UBFC_PHYS_s17_T3_ctrl,55,195,61.5,1.3957582712173462,-0.5355817640306503
UBFC_PHYS_s17_T3_ctrl,55,196,61.53333333333333,1.5823675394058228,-0.4195091718998424
UBFC_PHYS_s17_T3_ctrl,55,197,61.56666666666667,1.8551527261734009,-0.27530192456151803
UBFC_PHYS_s17_T3_ctrl,55,198,61.6,2.0822513103485107,-0.12992180412675514
UBFC_PHYS_s17_T3_ctrl,55,199,61.63333333333333,2.2448408603668213,-0.009758855379313189
UBFC_PHYS_s17_T3_ctrl,55,200,61.666666666666664,2.462188720703125,0.06844619348064827
UBFC_PHYS_s17_T3_ctrl,55,201,61.7,2.834587812423706,0.10302264835180668
UBFC_PHYS_s17_T3_ctrl,55,202,61.733333333333334,3.1776528358459473,0.10724897723251912
UBFC_PHYS_s17_T3_ctrl,55,203,61.766666666666666,2.9465274810791016,0.10418750301802548
UBFC_PHYS_s17_T3_ctrl,55,204,61.8,1.7895199060440063,0.11877442589902687
UBFC_PHYS_s17_T3_ctrl,55,205,61.833333333333336,0.06969976425170898,0.17011987307595428
UBFC_PHYS_s17_T3_ctrl,55,206,61.86666666666667,-1.5247310400009155,0.2664647956561814
UBFC_PHYS_s17_T3_ctrl,55,207,61.9,-2.5316388607025146,0.40381650533725416
UBFC_PHYS_s17_T3_ctrl,55,208,61.93333333333333,-2.828104257583618,0.5676029390564146
UBFC_PHYS_s17_T3_ctrl,55,209,61.96666666666667,-2.5541720390319824,0.7358637192713864
UBFC_PHYS_s17_T3_ctrl,55,210,62.0,-2.0186214447021484,0.8830432197384643
UBFC_PHYS_s17_T3_ctrl,55,211,62.03333333333333,-1.4957833290100098,0.9844377937269846
UBFC_PHYS_s17_T3_ctrl,55,212,62.06666666666667,-1.139093041419983,1.02152373743222
UBFC_PHYS_s17_T3_ctrl,55,213,62.1,-1.0452967882156372,0.9874160170993448
UBFC_PHYS_s17_T3_ctrl,55,214,62.13333333333333,-1.1759068965911865,0.8903120124101572
UBFC_PHYS_s17_T3_ctrl,55,215,62.166666666666664,-1.3356636762619019,0.7524685096417336
UBFC_PHYS_s17_T3_ctrl,55,216,62.2,-1.3886311054229736,0.6039215932137948
UBFC_PHYS_s17_T3_ctrl,55,217,62.233333333333334,-1.348036289215088,0.4728375665500238
UBFC_PHYS_s17_T3_ctrl,55,218,62.266666666666666,-1.2647985219955444,0.376328115815957
UBFC_PHYS_s17_T3_ctrl,55,219,62.3,-1.1911708116531372,0.3155683630317574
UBFC_PHYS_s17_T3_ctrl,55,220,62.333333333333336,-1.1748299598693848,0.27704881618230986
UBFC_PHYS_s17_T3_ctrl,55,221,62.36666666666667,-1.2084013223648071,0.23903762451872748
UBFC_PHYS_s17_T3_ctrl,55,222,62.4,-1.2417035102844238,0.18033091598023837
UBFC_PHYS_s17_T3_ctrl,55,223,62.43333333333333,-1.2023144960403442,0.0877239173316209
UBFC_PHYS_s17_T3_ctrl,55,224,62.46666666666667,-1.0323270559310913,-0.04065152668955534
UBFC_PHYS_s17_T3_ctrl,55,225,62.5,-0.8014827370643616,-0.19702190110881018
UBFC_PHYS_s17_T3_ctrl,55,226,62.53333333333333,-0.6752154231071472,-0.3690750486670193
UBFC_PHYS_s17_T3_ctrl,55,227,62.56666666666667,-0.6695265173912048,-0.5452753561718359
UBFC_PHYS_s17_T3_ctrl,55,228,62.6,-0.651324450969696,-0.7176260138826657
UBFC_PHYS_s17_T3_ctrl,55,229,62.63333333333333,-0.5405318140983582,-0.8809585102071182
UBFC_PHYS_s17_T3_ctrl,55,230,62.666666666666664,-0.357902467250824,-1.0297851691958935
UBFC_PHYS_s17_T3_ctrl,55,231,62.7,-0.14346925914287567,-1.154940236177732
UBFC_PHYS_s17_T3_ctrl,55,232,62.733333333333334,0.05489229038357735,-1.242280198654724
UBFC_PHYS_s17_T3_ctrl,55,233,62.766666666666666,0.17563462257385254,-1.2746234411596682
UBFC_PHYS_s17_T3_ctrl,55,234,62.8,0.1915072798728943,-1.2363689534624254
UBFC_PHYS_s17_T3_ctrl,55,235,62.833333333333336,0.14918015897274017,-1.118770851833063
UBFC_PHYS_s17_T3_ctrl,55,236,62.86666666666667,0.13285097479820251,-0.9234766929120869
UBFC_PHYS_s17_T3_ctrl,55,237,62.9,0.1862398087978363,-0.6628444533575204
UBFC_PHYS_s17_T3_ctrl,55,238,62.93333333333333,0.2813938856124878,-0.3572758373743808
UBFC_PHYS_s17_T3_ctrl,55,239,62.96666666666667,0.3599729537963867,-0.0314320964495172
UBFC_PHYS_s17_T3_ctrl,56,0,56.0,2.105287790298462,-0.011398576818766002
UBFC_PHYS_s17_T3_ctrl,56,1,56.03333333333333,1.7570722103118896,0.2520417191970113
UBFC_PHYS_s17_T3_ctrl,56,2,56.06666666666667,1.4564279317855835,0.47988030233395557
UBFC_PHYS_s17_T3_ctrl,56,3,56.1,1.165183186531067,0.6400991955278236
UBFC_PHYS_s17_T3_ctrl,56,4,56.13333333333333,0.7077787518501282,0.7089890125715811
UBFC_PHYS_s17_T3_ctrl,56,5,56.166666666666664,0.07660601288080215,0.6760944265407344
UBFC_PHYS_s17_T3_ctrl,56,6,56.2,-0.5588626265525818,0.5479212194711798
UBFC_PHYS_s17_T3_ctrl,56,7,56.233333333333334,-1.0866055488586426,0.34864792296226543
UBFC_PHYS_s17_T3_ctrl,56,8,56.266666666666666,-1.487472414970398,0.11657051490620093
UBFC_PHYS_s17_T3_ctrl,56,9,56.3,-1.7599180936813354,-0.10368231157540435
UBFC_PHYS_s17_T3_ctrl,56,10,56.333333333333336,-1.9462230205535889,-0.27115726939327806
UBFC_PHYS_s17_T3_ctrl,56,11,56.36666666666667,-2.0719048976898193,-0.3576129570040118
UBFC_PHYS_s17_T3_ctrl,56,12,56.4,-2.0469956398010254,-0.35304957384397084
UBFC_PHYS_s17_T3_ctrl,56,13,56.43333333333333,-1.7886199951171875,-0.2668652804699802
UBFC_PHYS_s17_T3_ctrl,56,14,56.46666666666667,-1.3906561136245728,-0.1250635684424772
UBFC_PHYS_s17_T3_ctrl,56,15,56.5,-1.0251749753952026,0.03554697947287076
UBFC_PHYS_s17_T3_ctrl,56,16,56.53333333333333,-0.7673962712287903,0.17512974907097262
UBFC_PHYS_s17_T3_ctrl,56,17,56.56666666666667,-0.6069020628929138,0.25935201888197795
UBFC_PHYS_s17_T3_ctrl,56,18,56.6,-0.5318931341171265,0.2669816285891324
UBFC_PHYS_s17_T3_ctrl,56,19,56.63333333333333,-0.5078383088111877,0.19464566052197257
UBFC_PHYS_s17_T3_ctrl,56,20,56.666666666666664,-0.484146386384964,0.05742028941967975
UBFC_PHYS_s17_T3_ctrl,56,21,56.7,-0.436095267534256,-0.11494300666175308
UBFC_PHYS_s17_T3_ctrl,56,22,56.733333333333334,-0.36707958579063416,-0.28518408313347926
UBFC_PHYS_s17_T3_ctrl,56,23,56.766666666666666,-0.3059885501861572,-0.4172401739723839
UBFC_PHYS_s17_T3_ctrl,56,24,56.8,-0.2993866503238678,-0.4842232819927258
UBFC_PHYS_s17_T3_ctrl,56,25,56.833333333333336,-0.35872185230255127,-0.47363975616113
UBFC_PHYS_s17_T3_ctrl,56,26,56.86666666666667,-0.4583357274532318,-0.3887283599051965
UBFC_PHYS_s17_T3_ctrl,56,27,56.9,-0.5715045928955078,-0.24604463739341834
UBFC_PHYS_s17_T3_ctrl,56,28,56.93333333333333,-0.6947870254516602,-0.0705107208378937
UBFC_PHYS_s17_T3_ctrl,56,29,56.96666666666667,-0.8634634017944336,0.11040686620408649
UBFC_PHYS_s17_T3_ctrl,56,30,57.0,-1.0736358165740967,0.2720349711158231
UBFC_PHYS_s17_T3_ctrl,56,31,57.03333333333333,-1.154392123222351,0.39652641292896257
UBFC_PHYS_s17_T3_ctrl,56,32,57.06666666666667,-0.9280309677124023,0.47504723851501635
UBFC_PHYS_s17_T3_ctrl,56,33,57.1,-0.4739859998226166,0.5077612259555846
UBFC_PHYS_s17_T3_ctrl,56,34,57.13333333333333,-0.032149869948625565,0.5016815374304913
UBFC_PHYS_s17_T3_ctrl,56,35,57.166666666666664,0.28461289405822754,0.46710960878770375
UBFC_PHYS_s17_T3_ctrl,56,36,57.2,0.5000059604644775,0.4139336355982821
UBFC_PHYS_s17_T3_ctrl,56,37,57.233333333333334,0.6182550191879272,0.3490939653313268
UBFC_PHYS_s17_T3_ctrl,56,38,57.266666666666666,0.6398516893386841,0.2759092519825229
UBFC_PHYS_s17_T3_ctrl,56,39,57.3,0.6400858163833618,0.1951462690989146
UBFC_PHYS_s17_T3_ctrl,56,40,57.333333333333336,0.6646907925605774,0.10718302640533893
UBFC_PHYS_s17_T3_ctrl,56,41,57.36666666666667,0.6675820350646973,0.014312374137393852
UBFC_PHYS_s17_T3_ctrl,56,42,57.4,0.621263325214386,-0.07793095190702753
UBFC_PHYS_s17_T3_ctrl,56,43,57.43333333333333,0.5588261485099792,-0.16122698898345464
UBFC_PHYS_s17_T3_ctrl,56,44,57.46666666666667,0.46363696455955505,-0.22659449948254537
UBFC_PHYS_s17_T3_ctrl,56,45,57.5,0.2795795202255249,-0.26716021907529963
UBFC_PHYS_s17_T3_ctrl,56,46,57.53333333333333,0.0506783090531826,-0.2803587800872296
UBFC_PHYS_s17_T3_ctrl,56,47,57.56666666666667,-0.12069033831357956,-0.26888350385233195
UBFC_PHYS_s17_T3_ctrl,56,48,57.6,-0.24032063782215118,-0.24046162318168918
UBFC_PHYS_s17_T3_ctrl,56,49,57.63333333333333,-0.3896946310997009,-0.206821012707634
UBFC_PHYS_s17_T3_ctrl,56,50,57.666666666666664,-0.5986847877502441,-0.18185087704889086
UBFC_PHYS_s17_T3_ctrl,56,51,57.7,-0.7776737213134766,-0.17866058371836083
UBFC_PHYS_s17_T3_ctrl,56,52,57.733333333333334,-0.7536657452583313,-0.20569727487673486
UBFC_PHYS_s17_T3_ctrl,56,53,57.766666666666666,-0.45874541997909546,-0.26300009119078693
UBFC_PHYS_s17_T3_ctrl,56,54,57.8,-0.06898710876703262,-0.34026433143216184
UBFC_PHYS_s17_T3_ctrl,56,55,57.833333333333336,0.2196473330259323,-0.4180985452322782
UBFC_PHYS_s17_T3_ctrl,56,56,57.86666666666667,0.39422327280044556,-0.4726646750257097
UBFC_PHYS_s17_T3_ctrl,56,57,57.9,0.49235057830810547,-0.482464601190128
UBFC_PHYS_s17_T3_ctrl,56,58,57.93333333333333,0.484695166349411,-0.43509615768890497
UBFC_PHYS_s17_T3_ctrl,56,59,57.96666666666667,0.3941413462162018,-0.331483251270529
UBFC_PHYS_s17_T3_ctrl,56,60,58.0,0.3319031596183777,-0.18549887747426547
UBFC_PHYS_s17_T3_ctrl,56,61,58.03333333333333,0.3342442512512207,-0.01863100117791257
UBFC_PHYS_s17_T3_ctrl,56,62,58.06666666666667,0.31933143734931946,0.1478809706006046
UBFC_PHYS_s17_T3_ctrl,56,63,58.1,0.24541115760803223,0.2993333734046816
UBFC_PHYS_s17_T3_ctrl,56,64,58.13333333333333,0.1394294798374176,0.4292513503123764
UBFC_PHYS_s17_T3_ctrl,56,65,58.166666666666664,0.011347799561917782,0.5362840357871138
UBFC_PHYS_s17_T3_ctrl,56,66,58.2,-0.14554113149642944,0.6185822037345952
UBFC_PHYS_s17_T3_ctrl,56,67,58.233333333333334,-0.3047126531600952,0.6690576317721072
UBFC_PHYS_s17_T3_ctrl,56,68,58.266666666666666,-0.43884608149528503,0.6744625567178353
UBFC_PHYS_s17_T3_ctrl,56,69,58.3,-0.5736116170883179,0.6193087247327373
UBFC_PHYS_s17_T3_ctrl,56,70,58.333333333333336,-0.7445939779281616,0.49302515347940323
UBFC_PHYS_s17_T3_ctrl,56,71,58.36666666666667,-0.9360024333000183,0.2969482129801433
UBFC_PHYS_s17_T3_ctrl,56,72,58.4,-1.0843112468719482,0.04786567006942803
UBFC_PHYS_s17_T3_ctrl,56,73,58.43333333333333,-1.1096185445785522,-0.22341981961280263
UBFC_PHYS_s17_T3_ctrl,56,74,58.46666666666667,-0.9795117974281311,-0.4778475230111253
UBFC_PHYS_s17_T3_ctrl,56,75,58.5,-0.7595185041427612,-0.6760253337567285
UBFC_PHYS_s17_T3_ctrl,56,76,58.53333333333333,-0.530336320400238,-0.7859609522791647
UBFC_PHYS_s17_T3_ctrl,56,77,58.56666666666667,-0.2616363763809204,-0.7889362453186267
UBFC_PHYS_s17_T3_ctrl,56,78,58.6,0.09142518788576126,-0.6827473551630288
UBFC_PHYS_s17_T3_ctrl,56,79,58.63333333333333,0.4707304835319519,-0.48211340908774525
UBFC_PHYS_s17_T3_ctrl,56,80,58.666666666666664,0.8242954015731812,-0.2162856312814172
UBFC_PHYS_s17_T3_ctrl,56,81,58.7,1.1862882375717163,0.07587105644810063
UBFC_PHYS_s17_T3_ctrl,56,82,58.733333333333334,1.5493696928024292,0.35254676927393314
UBFC_PHYS_s17_T3_ctrl,56,83,58.766666666666666,1.8015532493591309,0.5761772682391335
UBFC_PHYS_s17_T3_ctrl,56,84,58.8,1.8740453720092773,0.7198627222661391
UBFC_PHYS_s17_T3_ctrl,56,85,58.833333333333336,1.8148740530014038,0.7718113752750472
UBFC_PHYS_s17_T3_ctrl,56,86,58.86666666666667,1.6682976484298706,0.7366647256531055
UBFC_PHYS_s17_T3_ctrl,56,87,58.9,1.424343228340149,0.6330069564597316
UBFC_PHYS_s17_T3_ctrl,56,88,58.93333333333333,1.0982394218444824,0.48752005976316803
UBFC_PHYS_s17_T3_ctrl,56,89,58.96666666666667,0.7700637578964233,0.3276611569735672
UBFC_PHYS_s17_T3_ctrl,56,90,59.0,0.5008136630058289,0.17552408511200843
UBFC_PHYS_s17_T3_ctrl,56,91,59.03333333333333,0.2676282227039337,0.04494475223115574
UBFC_PHYS_s17_T3_ctrl,56,92,59.06666666666667,0.005296051036566496,-0.05797986016670031
UBFC_PHYS_s17_T3_ctrl,56,93,59.1,-0.2971040606498718,-0.1325718278205875
UBFC_PHYS_s17_T3_ctrl,56,94,59.13333333333333,-0.528627336025238,-0.18140092607613992
UBFC_PHYS_s17_T3_ctrl,56,95,59.166666666666664,-0.5162780284881592,-0.20914545999662112
UBFC_PHYS_s17_T3_ctrl,56,96,59.2,-0.22673054039478302,-0.22195822733635412
UBFC_PHYS_s17_T3_ctrl,56,97,59.233333333333334,0.1651230752468109,-0.22637202439804535
UBFC_PHYS_s17_T3_ctrl,56,98,59.266666666666666,0.4713976979255676,-0.22769169178657736
UBFC_PHYS_s17_T3_ctrl,56,99,59.3,0.6420171856880188,-0.22872119088048676
UBFC_PHYS_s17_T3_ctrl,56,100,59.333333333333336,0.6873409152030945,-0.22936678819514483
UBFC_PHYS_s17_T3_ctrl,56,101,59.36666666666667,0.6291996836662292,-0.22692756461466015
UBFC_PHYS_s17_T3_ctrl,56,102,59.4,0.5389502048492432,-0.2168477922494787
UBFC_PHYS_s17_T3_ctrl,56,103,59.43333333333333,0.4885345697402954,-0.19402374861809787
UBFC_PHYS_s17_T3_ctrl,56,104,59.46666666666667,0.4702622592449188,-0.15467411500118708
UBFC_PHYS_s17_T3_ctrl,56,105,59.5,0.4349701702594757,-0.09834462828270546
UBFC_PHYS_s17_T3_ctrl,56,106,59.53333333333333,0.37893590331077576,-0.029282233551941955
UBFC_PHYS_s17_T3_ctrl,56,107,59.56666666666667,0.3201742470264435,0.043521518287086176
UBFC_PHYS_s17_T3_ctrl,56,108,59.6,0.23206686973571777,0.10782326673549844
UBFC_PHYS_s17_T3_ctrl,56,109,59.63333333333333,0.09497195482254028,0.15068217967498668
UBFC_PHYS_s17_T3_ctrl,56,110,59.666666666666664,-0.04115140810608864,0.16113010105807474
UBFC_PHYS_s17_T3_ctrl,56,111,59.7,-0.12278562784194946,0.13210788038220198
UBFC_PHYS_s17_T3_ctrl,56,112,59.733333333333334,-0.17989680171012878,0.0614807193380327
UBFC_PHYS_s17_T3_ctrl,56,113,59.766666666666666,-0.2981107234954834,-0.04738152150231406
UBFC_PHYS_s17_T3_ctrl,56,114,59.8,-0.4977599084377289,-0.18491012598824497
UBFC_PHYS_s17_T3_ctrl,56,115,59.833333333333336,-0.6435754299163818,-0.33469177031467323
UBFC_PHYS_s17_T3_ctrl,56,116,59.86666666666667,-0.5525650978088379,-0.4740179185978146
UBFC_PHYS_s17_T3_ctrl,56,117,59.9,-0.2170735001564026,-0.5769292408772858
UBFC_PHYS_s17_T3_ctrl,56,118,59.93333333333333,0.17240390181541443,-0.6198157315135387
UBFC_PHYS_s17_T3_ctrl,56,119,59.96666666666667,0.454132080078125,-0.5879323307579444
UBFC_PHYS_s17_T3_ctrl,56,120,60.0,0.6161714196205139,-0.4803588551516612
UBFC_PHYS_s17_T3_ctrl,56,121,60.03333333333333,0.6888158321380615,-0.31144747567840325
UBFC_PHYS_s17_T3_ctrl,56,122,60.06666666666667,0.6908525824546814,-0.10823211270130917
UBFC_PHYS_s17_T3_ctrl,56,123,60.1,0.6603480577468872,0.09543083256056747
UBFC_PHYS_s17_T3_ctrl,56,124,60.13333333333333,0.6252666115760803,0.26669116862032616
UBFC_PHYS_s17_T3_ctrl,56,125,60.166666666666664,0.5613311529159546,0.38180999852065595
UBFC_PHYS_s17_T3_ctrl,56,126,60.2,0.4609915018081665,0.43212099046258606
UBFC_PHYS_s17_T3_ctrl,56,127,60.233333333333334,0.36859992146492004,0.4253695604445272
UBFC_PHYS_s17_T3_ctrl,56,128,60.266666666666666,0.26988735795021057,0.38149218427342324
UBFC_PHYS_s17_T3_ctrl,56,129,60.3,0.057607971131801605,0.32430588755858497
UBFC_PHYS_s17_T3_ctrl,56,130,60.333333333333336,-0.28316280245780945,0.27242728071474764
UBFC_PHYS_s17_T3_ctrl,56,131,60.36666666666667,-0.6089973449707031,0.2331512984431136
UBFC_PHYS_s17_T3_ctrl,56,132,60.4,-0.7949861884117126,0.20180663884219038
UBFC_PHYS_s17_T3_ctrl,56,133,60.43333333333333,-0.9220494627952576,0.16672163897999134
UBFC_PHYS_s17_T3_ctrl,56,134,60.46666666666667,-1.2136921882629395,0.11739199445588144
UBFC_PHYS_s17_T3_ctrl,56,135,60.5,-1.7317194938659668,0.05206373851885593
UBFC_PHYS_s17_T3_ctrl,56,136,60.53333333333333,-2.171741247177124,-0.01855441358833389
UBFC_PHYS_s17_T3_ctrl,56,137,60.56666666666667,-2.1438822746276855,-0.07298032853581725
UBFC_PHYS_s17_T3_ctrl,56,138,60.6,-1.6245439052581787,-0.08561731412544828
UBFC_PHYS_s17_T3_ctrl,56,139,60.63333333333333,-0.9654535055160522,-0.036251360740513286
UBFC_PHYS_s17_T3_ctrl,56,140,60.666666666666664,-0.5008852481842041,0.08091760448275258
UBFC_PHYS_s17_T3_ctrl,56,141,60.7,-0.28000232577323914,0.2521630787590755
UBFC_PHYS_s17_T3_ctrl,56,142,60.733333333333334,-0.17787174880504608,0.4453403601966421
UBFC_PHYS_s17_T3_ctrl,56,143,60.766666666666666,-0.09304192662239075,0.6174854995147055
UBFC_PHYS_s17_T3_ctrl,56,144,60.8,0.003458286402747035,0.7269182389388871
UBFC_PHYS_s17_T3_ctrl,56,145,60.833333333333336,0.08175643533468246,0.7458122951936889
UBFC_PHYS_s17_T3_ctrl,56,146,60.86666666666667,0.09024292975664139,0.6681623163367321
UBFC_PHYS_s17_T3_ctrl,56,147,60.9,0.03053312748670578,0.509626381828564
UBFC_PHYS_s17_T3_ctrl,56,148,60.93333333333333,-0.018079848960042,0.2999569351187719
UBFC_PHYS_s17_T3_ctrl,56,149,60.96666666666667,0.01624070107936859,0.07254811807663092
UBFC_PHYS_s17_T3_ctrl,56,150,61.0,0.0953933522105217,-0.14393615613760116
UBFC_PHYS_s17_T3_ctrl,56,151,61.03333333333333,0.11435627937316895,-0.3293297290736864
UBFC_PHYS_s17_T3_ctrl,56,152,61.06666666666667,0.07476824522018433,-0.47163507321781506
UBFC_PHYS_s17_T3_ctrl,56,153,61.1,0.06547407060861588,-0.5649593156468158
UBFC_PHYS_s17_T3_ctrl,56,154,61.13333333333333,0.08799546957015991,-0.608058379396381
UBFC_PHYS_s17_T3_ctrl,56,155,61.166666666666664,0.04974186792969704,-0.6044254345889696
UBFC_PHYS_s17_T3_ctrl,56,156,61.2,-0.06270124763250351,-0.5631856603590853
UBFC_PHYS_s17_T3_ctrl,56,157,61.233333333333334,-0.1208190992474556,-0.49914504813385685
UBFC_PHYS_s17_T3_ctrl,56,158,61.266666666666666,0.007192343473434448,-0.43067588246099053
UBFC_PHYS_s17_T3_ctrl,56,159,61.3,0.2912733256816864,-0.3754156957302327
UBFC_PHYS_s17_T3_ctrl,56,160,61.333333333333336,0.5943992137908936,-0.345193132687893
UBFC_PHYS_s17_T3_ctrl,56,161,61.36666666666667,0.8554203510284424,-0.34225735040358574
UBFC_PHYS_s17_T3_ctrl,56,162,61.4,1.0900338888168335,-0.3583919191289471
UBFC_PHYS_s17_T3_ctrl,56,163,61.43333333333333,1.2640830278396606,-0.37742029965783425
UBFC_PHYS_s17_T3_ctrl,56,164,61.46666666666667,1.335474967956543,-0.38062709197740796
UBFC_PHYS_s17_T3_ctrl,56,165,61.5,1.3957582712173462,-0.3536279624586635
UBFC_PHYS_s17_T3_ctrl,56,166,61.53333333333333,1.5823675394058228,-0.29220643192626167
UBFC_PHYS_s17_T3_ctrl,56,167,61.56666666666667,1.8551527261734009,-0.20447328259637373
UBFC_PHYS_s17_T3_ctrl,56,168,61.6,2.0822513103485107,-0.10806423800741227
UBFC_PHYS_s17_T3_ctrl,56,169,61.63333333333333,2.2448408603668213,-0.023350634870746803
UBFC_PHYS_s17_T3_ctrl,56,170,61.666666666666664,2.462188720703125,0.03447296972563467
UBFC_PHYS_s17_T3_ctrl,56,171,61.7,2.834587812423706,0.061064679387591844
UBFC_PHYS_s17_T3_ctrl,56,172,61.733333333333334,3.1776528358459473,0.0641613432118996
UBFC_PHYS_s17_T3_ctrl,56,173,61.766666666666666,2.9465274810791016,0.060126301208519445
UBFC_PHYS_s17_T3_ctrl,56,174,61.8,1.7895199060440063,0.0673610810213628
UBFC_PHYS_s17_T3_ctrl,56,175,61.833333333333336,0.06969976425170898,0.09921674386060339
UBFC_PHYS_s17_T3_ctrl,56,176,61.86666666666667,-1.5247310400009155,0.1592302260217897
UBFC_PHYS_s17_T3_ctrl,56,177,61.9,-2.5316388607025146,0.2404075377461431
UBFC_PHYS_s17_T3_ctrl,56,178,61.93333333333333,-2.828104257583618,0.32815844132636846
UBFC_PHYS_s17_T3_ctrl,56,179,61.96666666666667,-2.5541720390319824,0.40492855699402514
UBFC_PHYS_s17_T3_ctrl,56,180,62.0,-2.0186214447021484,0.45473236684411916
UBFC_PHYS_s17_T3_ctrl,56,181,62.03333333333333,-1.4957833290100098,0.466860370224924
UBFC_PHYS_s17_T3_ctrl,56,182,62.06666666666667,-1.139093041419983,0.4386397217536297
UBFC_PHYS_s17_T3_ctrl,56,183,62.1,-1.0452967882156372,0.3769120440099633
UBFC_PHYS_s17_T3_ctrl,56,184,62.13333333333333,-1.1759068965911865,0.2973981938378667
UBFC_PHYS_s17_T3_ctrl,56,185,62.166666666666664,-1.3356636762619019,0.2212812048886576
UBFC_PHYS_s17_T3_ctrl,56,186,62.2,-1.3886311054229736,0.16951618325468554
UBFC_PHYS_s17_T3_ctrl,56,187,62.233333333333334,-1.348036289215088,0.1566267200128499
UBFC_PHYS_s17_T3_ctrl,56,188,62.266666666666666,-1.2647985219955444,0.18604307265295594
UBFC_PHYS_s17_T3_ctrl,56,189,62.3,-1.1911708116531372,0.24852323924250957
UBFC_PHYS_s17_T3_ctrl,56,190,62.333333333333336,-1.1748299598693848,0.32438480302551065
UBFC_PHYS_s17_T3_ctrl,56,191,62.36666666666667,-1.2084013223648071,0.3891311090809973
UBFC_PHYS_s17_T3_ctrl,56,192,62.4,-1.2417035102844238,0.42063622128231326
UBFC_PHYS_s17_T3_ctrl,56,193,62.43333333333333,-1.2023144960403442,0.40512548650082686
UBFC_PHYS_s17_T3_ctrl,56,194,62.46666666666667,-1.0323270559310913,0.3395604836560064
UBFC_PHYS_s17_T3_ctrl,56,195,62.5,-0.8014827370643616,0.22980828190023808
UBFC_PHYS_s17_T3_ctrl,56,196,62.53333333333333,-0.6752154231071472,0.08632045437079543
UBFC_PHYS_s17_T3_ctrl,56,197,62.56666666666667,-0.6695265173912048,-0.07966405081003952
UBFC_PHYS_s17_T3_ctrl,56,198,62.6,-0.651324450969696,-0.2571755729293664
UBFC_PHYS_s17_T3_ctrl,56,199,62.63333333333333,-0.5405318140983582,-0.43371884207540795
UBFC_PHYS_s17_T3_ctrl,56,200,62.666666666666664,-0.357902467250824,-0.5924293985677789
UBFC_PHYS_s17_T3_ctrl,56,201,62.7,-0.14346925914287567,-0.7108090537495348
UBFC_PHYS_s17_T3_ctrl,56,202,62.733333333333334,0.05489229038357735,-0.7631502312752901
UBFC_PHYS_s17_T3_ctrl,56,203,62.766666666666666,0.17563462257385254,-0.7271090640925668
UBFC_PHYS_s17_T3_ctrl,56,204,62.8,0.1915072798728943,-0.5927264250305172
UBFC_PHYS_s17_T3_ctrl,56,205,62.833333333333336,0.14918015897274017,-0.37041045226190256
UBFC_PHYS_s17_T3_ctrl,56,206,62.86666666666667,0.13285097479820251,-0.09385243081385874
UBFC_PHYS_s17_T3_ctrl,56,207,62.9,0.1862398087978363,0.18491816956665785
UBFC_PHYS_s17_T3_ctrl,56,208,62.93333333333333,0.2813938856124878,0.40819893676717894
UBFC_PHYS_s17_T3_ctrl,56,209,62.96666666666667,0.3599729537963867,0.5290547594339162
UBFC_PHYS_s17_T3_ctrl,56,210,63.0,0.36596620082855225,0.524753303072456
UBFC_PHYS_s17_T3_ctrl,56,211,63.03333333333333,0.26515835523605347,0.40120672412120034
UBFC_PHYS_s17_T3_ctrl,56,212,63.06666666666667,0.0975588709115982,0.18737515836074012
UBFC_PHYS_s17_T3_ctrl,56,213,63.1,-0.05810098350048065,-0.07613294835654225
UBFC_PHYS_s17_T3_ctrl,56,214,63.13333333333333,-0.1683434695005417,-0.3483862029764643
UBFC_PHYS_s17_T3_ctrl,56,215,63.166666666666664,-0.27420809864997864,-0.595389287889606
UBFC_PHYS_s17_T3_ctrl,56,216,63.2,-0.42355868220329285,-0.792370062719598
UBFC_PHYS_s17_T3_ctrl,56,217,63.233333333333334,-0.5731902122497559,-0.9225808003955551
UBFC_PHYS_s17_T3_ctrl,56,218,63.266666666666666,-0.5883488059043884,-0.974948264816836
UBFC_PHYS_s17_T3_ctrl,56,219,63.3,-0.40916091203689575,-0.9425393679380043
UBFC_PHYS_s17_T3_ctrl,56,220,63.333333333333336,-0.14849092066287994,-0.8229455025798699
UBFC_PHYS_s17_T3_ctrl,56,221,63.36666666666667,0.05464647710323334,-0.6205904316962212
UBFC_PHYS_s17_T3_ctrl,56,222,63.4,0.16924341022968292,-0.3497733855651081
UBFC_PHYS_s17_T3_ctrl,56,223,63.43333333333333,0.23439626395702362,-0.03642015757957104
UBFC_PHYS_s17_T3_ctrl,56,224,63.46666666666667,0.2686231732368469,0.28344627760752616
UBFC_PHYS_s17_T3_ctrl,56,225,63.5,0.2760678827762604,0.5693076802987905
UBFC_PHYS_s17_T3_ctrl,56,226,63.53333333333333,0.2938953638076782,0.7845961865293458
UBFC_PHYS_s17_T3_ctrl,56,227,63.56666666666667,0.3668324053287506,0.9050286874126798
UBFC_PHYS_s17_T3_ctrl,56,228,63.6,0.4732471704483032,0.9235839482040692
UBFC_PHYS_s17_T3_ctrl,56,229,63.63333333333333,0.5323014855384827,0.8503691027289242
UBFC_PHYS_s17_T3_ctrl,56,230,63.666666666666664,0.5019256472587585,0.7081443365282918
UBFC_PHYS_s17_T3_ctrl,56,231,63.7,0.4353915750980377,0.5260436556074647
UBFC_PHYS_s17_T3_ctrl,56,232,63.733333333333334,0.41843026876449585,0.3338599775610813
UBFC_PHYS_s17_T3_ctrl,56,233,63.766666666666666,0.4569648206233978,0.15795556995467047
UBFC_PHYS_s17_T3_ctrl,56,234,63.8,0.44757699966430664,0.018792942351113562
UBFC_PHYS_s17_T3_ctrl,56,235,63.833333333333336,0.31147703528404236,-0.07037323408447929
UBFC_PHYS_s17_T3_ctrl,56,236,63.86666666666667,0.13905489444732666,-0.10414633802607884
UBFC_PHYS_s17_T3_ctrl,56,237,63.9,0.13426734507083893,-0.0852083996954031
UBFC_PHYS_s17_T3_ctrl,56,238,63.93333333333333,0.33903181552886963,-0.023904512187862624
UBFC_PHYS_s17_T3_ctrl,56,239,63.96666666666667,0.5154455304145813,0.06321127182722278
UBFC_PHYS_s17_T3_ctrl,57,0,57.0,-1.0736358165740967,0.014934814898152885
UBFC_PHYS_s17_T3_ctrl,57,1,57.03333333333333,-1.154392123222351,0.36185538070537754
UBFC_PHYS_s17_T3_ctrl,57,2,57.06666666666667,-0.9280309677124023,0.6726852850786839
UBFC_PHYS_s17_T3_ctrl,57,3,57.1,-0.4739859998226166,0.9165624336980667
UBFC_PHYS_s17_T3_ctrl,57,4,57.13333333333333,-0.032149869948625565,1.0737510609992509
UBFC_PHYS_s17_T3_ctrl,57,5,57.166666666666664,0.28461289405822754,1.1384222689038455
UBFC_PHYS_s17_T3_ctrl,57,6,57.2,0.5000059604644775,1.118208841282756
UBFC_PHYS_s17_T3_ctrl,57,7,57.233333333333334,0.6182550191879272,1.0309498587331127
UBFC_PHYS_s17_T3_ctrl,57,8,57.266666666666666,0.6398516893386841,0.899776526448267
UBFC_PHYS_s17_T3_ctrl,57,9,57.3,0.6400858163833618,0.7478145481673667
UBFC_PHYS_s17_T3_ctrl,57,10,57.333333333333336,0.6646907925605774,0.5937933038754424
UBFC_PHYS_s17_T3_ctrl,57,11,57.36666666666667,0.6675820350646973,0.44960299695837325
UBFC_PHYS_s17_T3_ctrl,57,12,57.4,0.621263325214386,0.3201126303471521
UBFC_PHYS_s17_T3_ctrl,57,13,57.43333333333333,0.5588261485099792,0.2047428375265751
UBFC_PHYS_s17_T3_ctrl,57,14,57.46666666666667,0.46363696455955505,0.09987828768798777
UBFC_PHYS_s17_T3_ctrl,57,15,57.5,0.2795795202255249,0.0012760217924792216
UBFC_PHYS_s17_T3_ctrl,57,16,57.53333333333333,0.0506783090531826,-0.09405787380769055
UBFC_PHYS_s17_T3_ctrl,57,17,57.56666666666667,-0.12069033831357956,-0.18680457152337432
UBFC_PHYS_s17_T3_ctrl,57,18,57.6,-0.24032063782215118,-0.2752929997415242
UBFC_PHYS_s17_T3_ctrl,57,19,57.63333333333333,-0.3896946310997009,-0.3565208742028453
UBFC_PHYS_s17_T3_ctrl,57,20,57.666666666666664,-0.5986847877502441,-0.4278021438027206
UBFC_PHYS_s17_T3_ctrl,57,21,57.7,-0.7776737213134766,-0.48818186916212297
UBFC_PHYS_s17_T3_ctrl,57,22,57.733333333333334,-0.7536657452583313,-0.5387974781189447
UBFC_PHYS_s17_T3_ctrl,57,23,57.766666666666666,-0.45874541997909546,-0.5818564070753883
UBFC_PHYS_s17_T3_ctrl,57,24,57.8,-0.06898710876703262,-0.618569395831566
UBFC_PHYS_s17_T3_ctrl,57,25,57.833333333333336,0.2196473330259323,-0.6469377232936341
UBFC_PHYS_s17_T3_ctrl,57,26,57.86666666666667,0.39422327280044556,-0.6605121613696916
UBFC_PHYS_s17_T3_ctrl,57,27,57.9,0.49235057830810547,-0.6490055119638077
UBFC_PHYS_s17_T3_ctrl,57,28,57.93333333333333,0.484695166349411,-0.6009747888394935
UBFC_PHYS_s17_T3_ctrl,57,29,57.96666666666667,0.3941413462162018,-0.5078653485018855
UBFC_PHYS_s17_T3_ctrl,57,30,58.0,0.3319031596183777,-0.36789616809438985
UBFC_PHYS_s17_T3_ctrl,57,31,58.03333333333333,0.3342442512512207,-0.1881014467011929
UBFC_PHYS_s17_T3_ctrl,57,32,58.06666666666667,0.31933143734931946,0.01640057813424712
UBFC_PHYS_s17_T3_ctrl,57,33,58.1,0.24541115760803223,0.22553246251862238
UBFC_PHYS_s17_T3_ctrl,57,34,58.13333333333333,0.1394294798374176,0.41827277612260755
UBFC_PHYS_s17_T3_ctrl,57,35,58.166666666666664,0.011347799561917782,0.5758217333806961
UBFC_PHYS_s17_T3_ctrl,57,36,58.2,-0.14554113149642944,0.6830194439693593
UBFC_PHYS_s17_T3_ctrl,57,37,58.233333333333334,-0.3047126531600952,0.728414067730384
UBFC_PHYS_s17_T3_ctrl,57,38,58.266666666666666,-0.43884608149528503,0.7042174061362789
UBFC_PHYS_s17_T3_ctrl,57,39,58.3,-0.5736116170883179,0.6072150838461108
UBFC_PHYS_s17_T3_ctrl,57,40,58.333333333333336,-0.7445939779281616,0.44065591655193365
UBFC_PHYS_s17_T3_ctrl,57,41,58.36666666666667,-0.9360024333000183,0.21614621877161416
UBFC_PHYS_s17_T3_ctrl,57,42,58.4,-1.0843112468719482,-0.045595212755175994
UBFC_PHYS_s17_T3_ctrl,57,43,58.43333333333333,-1.1096185445785522,-0.3157964184578069
UBFC_PHYS_s17_T3_ctrl,57,44,58.46666666666667,-0.9795117974281311,-0.5606287109672763
UBFC_PHYS_s17_T3_ctrl,57,45,58.5,-0.7595185041427612,-0.7458202009867297
UBFC_PHYS_s17_T3_ctrl,57,46,58.53333333333333,-0.530336320400238,-0.842200465710454
UBFC_PHYS_s17_T3_ctrl,57,47,58.56666666666667,-0.2616363763809204,-0.8311915739858465
UBFC_PHYS_s17_T3_ctrl,57,48,58.6,0.09142518788576126,-0.7090723623971311
UBFC_PHYS_s17_T3_ctrl,57,49,58.63333333333333,0.4707304835319519,-0.4888526997900254
UBFC_PHYS_s17_T3_ctrl,57,50,58.666666666666664,0.8242954015731812,-0.19892872717610643
UBFC_PHYS_s17_T3_ctrl,57,51,58.7,1.1862882375717163,0.12153958814995494
UBFC_PHYS_s17_T3_ctrl,57,52,58.733333333333334,1.5493696928024292,0.4295436560710452
UBFC_PHYS_s17_T3_ctrl,57,53,58.766666666666666,1.8015532493591309,0.6857332253981299
UBFC_PHYS_s17_T3_ctrl,57,54,58.8,1.8740453720092773,0.8608570097187461
UBFC_PHYS_s17_T3_ctrl,57,55,58.833333333333336,1.8148740530014038,0.939986005578366
UBFC_PHYS_s17_T3_ctrl,57,56,58.86666666666667,1.6682976484298706,0.9238777160133943
UBFC_PHYS_s17_T3_ctrl,57,57,58.9,1.424343228340149,0.827311497109395
UBFC_PHYS_s17_T3_ctrl,57,58,58.93333333333333,1.0982394218444824,0.6747957514100822
UBFC_PHYS_s17_T3_ctrl,57,59,58.96666666666667,0.7700637578964233,0.4946862926418051
UBFC_PHYS_s17_T3_ctrl,57,60,59.0,0.5008136630058289,0.3132403501753318
UBFC_PHYS_s17_T3_ctrl,57,61,59.03333333333333,0.2676282227039337,0.15012106311591084
UBFC_PHYS_s17_T3_ctrl,57,62,59.06666666666667,0.005296051036566496,0.016238583129447523
UBFC_PHYS_s17_T3_ctrl,57,63,59.1,-0.2971040606498718,-0.08606038917894943
UBFC_PHYS_s17_T3_ctrl,57,64,59.13333333333333,-0.528627336025238,-0.16105462531834278
UBFC_PHYS_s17_T3_ctrl,57,65,59.166666666666664,-0.5162780284881592,-0.21667289794300537
UBFC_PHYS_s17_T3_ctrl,57,66,59.2,-0.22673054039478302,-0.26100427764084566
UBFC_PHYS_s17_T3_ctrl,57,67,59.233333333333334,0.1651230752468109,-0.29896523194697777
UBFC_PHYS_s17_T3_ctrl,57,68,59.266666666666666,0.4713976979255676,-0.3303774634889229
UBFC_PHYS_s17_T3_ctrl,57,69,59.3,0.6420171856880188,-0.3505790591036783
UBFC_PHYS_s17_T3_ctrl,57,70,59.333333333333336,0.6873409152030945,-0.35321008509227647
UBFC_PHYS_s17_T3_ctrl,57,71,59.36666666666667,0.6291996836662292,-0.3334303316019959
UBFC_PHYS_s17_T3_ctrl,57,72,59.4,0.5389502048492432,-0.290002780932821
UBFC_PHYS_s17_T3_ctrl,57,73,59.43333333333333,0.4885345697402954,-0.22579680838388239
UBFC_PHYS_s17_T3_ctrl,57,74,59.46666666666667,0.4702622592449188,-0.1470643027980233
UBFC_PHYS_s17_T3_ctrl,57,75,59.5,0.4349701702594757,-0.06206831883545337
UBFC_PHYS_s17_T3_ctrl,57,76,59.53333333333333,0.37893590331077576,0.020395945173456942
UBFC_PHYS_s17_T3_ctrl,57,77,59.56666666666667,0.3201742470264435,0.09218145346464995
UBFC_PHYS_s17_T3_ctrl,57,78,59.6,0.23206686973571777,0.14643148856252977
UBFC_PHYS_s17_T3_ctrl,57,79,59.63333333333333,0.09497195482254028,0.17760426402563553
UBFC_PHYS_s17_T3_ctrl,57,80,59.666666666666664,-0.04115140810608864,0.1809724096755982
UBFC_PHYS_s17_T3_ctrl,57,81,59.7,-0.12278562784194946,0.1519588327463913
UBFC_PHYS_s17_T3_ctrl,57,82,59.733333333333334,-0.17989680171012878,0.08599375328974655
UBFC_PHYS_s17_T3_ctrl,57,83,59.766666666666666,-0.2981107234954834,-0.02035358449331462
UBFC_PHYS_s17_T3_ctrl,57,84,59.8,-0.4977599084377289,-0.16668968064383488
UBFC_PHYS_s17_T3_ctrl,57,85,59.833333333333336,-0.6435754299163818,-0.3452618519761305
UBFC_PHYS_s17_T3_ctrl,57,86,59.86666666666667,-0.5525650978088379,-0.538294095350976
UBFC_PHYS_s17_T3_ctrl,57,87,59.9,-0.2170735001564026,-0.7181171438177996
UBFC_PHYS_s17_T3_ctrl,57,88,59.93333333333333,0.17240390181541443,-0.8510034433182033
UBFC_PHYS_s17_T3_ctrl,57,89,59.96666666666667,0.454132080078125,-0.9041085971658385
UBFC_PHYS_s17_T3_ctrl,57,90,60.0,0.6161714196205139,-0.8538280123134085
UBFC_PHYS_s17_T3_ctrl,57,91,60.03333333333333,0.6888158321380615,-0.6933322845924963
UBFC_PHYS_s17_T3_ctrl,57,92,60.06666666666667,0.6908525824546814,-0.4368990412147927
UBFC_PHYS_s17_T3_ctrl,57,93,60.1,0.6603480577468872,-0.11906940526417495
UBFC_PHYS_s17_T3_ctrl,57,94,60.13333333333333,0.6252666115760803,0.21211725916896915
UBFC_PHYS_s17_T3_ctrl,57,95,60.166666666666664,0.5613311529159546,0.5064819718667907
UBFC_PHYS_s17_T3_ctrl,57,96,60.2,0.4609915018081665,0.724070842674346
UBFC_PHYS_s17_T3_ctrl,57,97,60.233333333333334,0.36859992146492004,0.8440534655477373
UBFC_PHYS_s17_T3_ctrl,57,98,60.266666666666666,0.26988735795021057,0.8671346693663865
UBFC_PHYS_s17_T3_ctrl,57,99,60.3,0.057607971131801605,0.8112846596941912
UBFC_PHYS_s17_T3_ctrl,57,100,60.333333333333336,-0.28316280245780945,0.7031261417192779
UBFC_PHYS_s17_T3_ctrl,57,101,60.36666666666667,-0.6089973449707031,0.5686332659153512
UBFC_PHYS_s17_T3_ctrl,57,102,60.4,-0.7949861884117126,0.42664194661942567
UBFC_PHYS_s17_T3_ctrl,57,103,60.43333333333333,-0.9220494627952576,0.28717315254407555
UBFC_PHYS_s17_T3_ctrl,57,104,60.46666666666667,-1.2136921882629395,0.1543204227054946
UBFC_PHYS_s17_T3_ctrl,57,105,60.5,-1.7317194938659668,0.031490858198121405
UBFC_PHYS_s17_T3_ctrl,57,106,60.53333333333333,-2.171741247177124,-0.07400567231465462
UBFC_PHYS_s17_T3_ctrl,57,107,60.56666666666667,-2.1438822746276855,-0.14949018534393704
UBFC_PHYS_s17_T3_ctrl,57,108,60.6,-1.6245439052581787,-0.17954564767819825
UBFC_PHYS_s17_T3_ctrl,57,109,60.63333333333333,-0.9654535055160522,-0.15183538335755062
UBFC_PHYS_s17_T3_ctrl,57,110,60.666666666666664,-0.5008852481842041,-0.06363515852470239
UBFC_PHYS_s17_T3_ctrl,57,111,60.7,-0.28000232577323914,0.07389352090014968
UBFC_PHYS_s17_T3_ctrl,57,112,60.733333333333334,-0.17787174880504608,0.23582051034658894
UBFC_PHYS_s17_T3_ctrl,57,113,60.766666666666666,-0.09304192662239075,0.3884759886700243
UBFC_PHYS_s17_T3_ctrl,57,114,60.8,0.003458286402747035,0.49822505512330745
UBFC_PHYS_s17_T3_ctrl,57,115,60.833333333333336,0.08175643533468246,0.5411704705268016
UBFC_PHYS_s17_T3_ctrl,57,116,60.86666666666667,0.09024292975664139,0.5098078616213305
UBFC_PHYS_s17_T3_ctrl,57,117,60.9,0.03053312748670578,0.4135206177165184
UBFC_PHYS_s17_T3_ctrl,57,118,60.93333333333333,-0.018079848960042,0.2731006592738398
UBFC_PHYS_s17_T3_ctrl,57,119,60.96666666666667,0.01624070107936859,0.11269613127257012
UBFC_PHYS_s17_T3_ctrl,57,120,61.0,0.0953933522105217,-0.04685447765422295
UBFC_PHYS_s17_T3_ctrl,57,121,61.03333333333333,0.11435627937316895,-0.19114512893523014
UBFC_PHYS_s17_T3_ctrl,57,122,61.06666666666667,0.07476824522018433,-0.31198887001798425
UBFC_PHYS_s17_T3_ctrl,57,123,61.1,0.06547407060861588,-0.40559172139361416
UBFC_PHYS_s17_T3_ctrl,57,124,61.13333333333333,0.08799546957015991,-0.47094427463489213
UBFC_PHYS_s17_T3_ctrl,57,125,61.166666666666664,0.04974186792969704,-0.509333977005861
UBFC_PHYS_s17_T3_ctrl,57,126,61.2,-0.06270124763250351,-0.5247304318962324
UBFC_PHYS_s17_T3_ctrl,57,127,61.233333333333334,-0.1208190992474556,-0.5240524100752351
UBFC_PHYS_s17_T3_ctrl,57,128,61.266666666666666,0.007192343473434448,-0.5163022887223256
UBFC_PHYS_s17_T3_ctrl,57,129,61.3,0.2912733256816864,-0.5102379902743406
UBFC_PHYS_s17_T3_ctrl,57,130,61.333333333333336,0.5943992137908936,-0.5112610886290186
UBFC_PHYS_s17_T3_ctrl,57,131,61.36666666666667,0.8554203510284424,-0.5188560705644764
UBFC_PHYS_s17_T3_ctrl,57,132,61.4,1.0900338888168335,-0.5258021989096813
UBFC_PHYS_s17_T3_ctrl,57,133,61.43333333333333,1.2640830278396606,-0.519792401052218
UBFC_PHYS_s17_T3_ctrl,57,134,61.46666666666667,1.335474967956543,-0.487422640117259
UBFC_PHYS_s17_T3_ctrl,57,135,61.5,1.3957582712173462,-0.4196272611714701
UBFC_PHYS_s17_T3_ctrl,57,136,61.53333333333333,1.5823675394058228,-0.3165714685354051
UBFC_PHYS_s17_T3_ctrl,57,137,61.56666666666667,1.8551527261734009,-0.18961152862347727
UBFC_PHYS_s17_T3_ctrl,57,138,61.6,2.0822513103485107,-0.05889464044236821
UBFC_PHYS_s17_T3_ctrl,57,139,61.63333333333333,2.2448408603668213,0.05289456770132477
UBFC_PHYS_s17_T3_ctrl,57,140,61.666666666666664,2.462188720703125,0.12826802072564938
UBFC_PHYS_s17_T3_ctrl,57,141,61.7,2.834587812423706,0.16100403060172214
UBFC_PHYS_s17_T3_ctrl,57,142,61.733333333333334,3.1776528358459473,0.1581705850265808
UBFC_PHYS_s17_T3_ctrl,57,143,61.766666666666666,2.9465274810791016,0.13748848036491587
UBFC_PHYS_s17_T3_ctrl,57,144,61.8,1.7895199060440063,0.12125515287680305
UBFC_PHYS_s17_T3_ctrl,57,145,61.833333333333336,0.06969976425170898,0.12925342884638405
UBFC_PHYS_s17_T3_ctrl,57,146,61.86666666666667,-1.5247310400009155,0.17324152263094986
UBFC_PHYS_s17_T3_ctrl,57,147,61.9,-2.5316388607025146,0.25462408699734285
UBFC_PHYS_s17_T3_ctrl,57,148,61.93333333333333,-2.828104257583618,0.3652045208437892
UBFC_PHYS_s17_T3_ctrl,57,149,61.96666666666667,-2.5541720390319824,0.4897383659833454
UBFC_PHYS_s17_T3_ctrl,57,150,62.0,-2.0186214447021484,0.6091344974803777
UBFC_PHYS_s17_T3_ctrl,57,151,62.03333333333333,-1.4957833290100098,0.703924679910114
UBFC_PHYS_s17_T3_ctrl,57,152,62.06666666666667,-1.139093041419983,0.7579777457583369
UBFC_PHYS_s17_T3_ctrl,57,153,62.1,-1.0452967882156372,0.7620878815698297
UBFC_PHYS_s17_T3_ctrl,57,154,62.13333333333333,-1.1759068965911865,0.7164267792999083
UBFC_PHYS_s17_T3_ctrl,57,155,62.166666666666664,-1.3356636762619019,0.6306362923588286
UBFC_PHYS_s17_T3_ctrl,57,156,62.2,-1.3886311054229736,0.5210087868301942
UBFC_PHYS_s17_T3_ctrl,57,157,62.233333333333334,-1.348036289215088,0.405468409825229
UBFC_PHYS_s17_T3_ctrl,57,158,62.266666666666666,-1.2647985219955444,0.29819463942558405
UBFC_PHYS_s17_T3_ctrl,57,159,62.3,-1.1911708116531372,0.20601347483720733
UBFC_PHYS_s17_T3_ctrl,57,160,62.333333333333336,-1.1748299598693848,0.12787184757615844
UBFC_PHYS_s17_T3_ctrl,57,161,62.36666666666667,-1.2084013223648071,0.057297864114081776
UBFC_PHYS_s17_T3_ctrl,57,162,62.4,-1.2417035102844238,-0.013506920474072703
UBFC_PHYS_s17_T3_ctrl,57,163,62.43333333333333,-1.2023144960403442,-0.08991283971979785
UBFC_PHYS_s17_T3_ctrl,57,164,62.46666666666667,-1.0323270559310913,-0.17316593303369035
UBFC_PHYS_s17_T3_ctrl,57,165,62.5,-0.8014827370643616,-0.261312222079983
UBFC_PHYS_s17_T3_ctrl,57,166,62.53333333333333,-0.6752154231071472,-0.35167154241653903
UBFC_PHYS_s17_T3_ctrl,57,167,62.56666666666667,-0.6695265173912048,-0.44275073311554936
UBFC_PHYS_s17_T3_ctrl,57,168,62.6,-0.651324450969696,-0.5338599341494578
UBFC_PHYS_s17_T3_ctrl,57,169,62.63333333333333,-0.5405318140983582,-0.6222411602721807
UBFC_PHYS_s17_T3_ctrl,57,170,62.666666666666664,-0.357902467250824,-0.6993081899771354
UBFC_PHYS_s17_T3_ctrl,57,171,62.7,-0.14346925914287567,-0.7486300307594641
UBFC_PHYS_s17_T3_ctrl,57,172,62.733333333333334,0.05489229038357735,-0.7479375134910946
UBFC_PHYS_s17_T3_ctrl,57,173,62.766666666666666,0.17563462257385254,-0.6757703383831541
UBFC_PHYS_s17_T3_ctrl,57,174,62.8,0.1915072798728943,-0.521077618856519
UBFC_PHYS_s17_T3_ctrl,57,175,62.833333333333336,0.14918015897274017,-0.2921136367772784
UBFC_PHYS_s17_T3_ctrl,57,176,62.86666666666667,0.13285097479820251,-0.020299033652302838
UBFC_PHYS_s17_T3_ctrl,57,177,62.9,0.1862398087978363,0.2440497770118816
UBFC_PHYS_s17_T3_ctrl,57,178,62.93333333333333,0.2813938856124878,0.4441590418569948
UBFC_PHYS_s17_T3_ctrl,57,179,62.96666666666667,0.3599729537963867,0.5334784938115322
UBFC_PHYS_s17_T3_ctrl,57,180,63.0,0.36596620082855225,0.48975535360334005
UBFC_PHYS_s17_T3_ctrl,57,181,63.03333333333333,0.26515835523605347,0.32042741813729925
UBFC_PHYS_s17_T3_ctrl,57,182,63.06666666666667,0.0975588709115982,0.058172167036704775
UBFC_PHYS_s17_T3_ctrl,57,183,63.1,-0.05810098350048065,-0.24947421578349202
UBFC_PHYS_s17_T3_ctrl,57,184,63.13333333333333,-0.1683434695005417,-0.5511964654443465
UBFC_PHYS_s17_T3_ctrl,57,185,63.166666666666664,-0.27420809864997864,-0.8003655347661827
UBFC_PHYS_s17_T3_ctrl,57,186,63.2,-0.42355868220329285,-0.9601464012386347
UBFC_PHYS_s17_T3_ctrl,57,187,63.233333333333334,-0.5731902122497559,-1.0062024262495766
UBFC_PHYS_s17_T3_ctrl,57,188,63.266666666666666,-0.5883488059043884,-0.9283457907831167
UBFC_PHYS_s17_T3_ctrl,57,189,63.3,-0.40916091203689575,-0.7317805628336302
UBFC_PHYS_s17_T3_ctrl,57,190,63.333333333333336,-0.14849092066287994,-0.43744914936569856
UBFC_PHYS_s17_T3_ctrl,57,191,63.36666666666667,0.05464647710323334,-0.08025441825641917
UBFC_PHYS_s17_T3_ctrl,57,192,63.4,0.16924341022968292,0.2958137474075187
UBFC_PHYS_s17_T3_ctrl,57,193,63.43333333333333,0.23439626395702362,0.645319717783282
UBFC_PHYS_s17_T3_ctrl,57,194,63.46666666666667,0.2686231732368469,0.929799081562431
UBFC_PHYS_s17_T3_ctrl,57,195,63.5,0.2760678827762604,1.1242322005130916
UBFC_PHYS_s17_T3_ctrl,57,196,63.53333333333333,0.2938953638076782,1.2197690311023495
UBFC_PHYS_s17_T3_ctrl,57,197,63.56666666666667,0.3668324053287506,1.222543400222585
UBFC_PHYS_s17_T3_ctrl,57,198,63.6,0.4732471704483032,1.1495578289551043
UBFC_PHYS_s17_T3_ctrl,57,199,63.63333333333333,0.5323014855384827,1.0230922144388321
UBFC_PHYS_s17_T3_ctrl,57,200,63.666666666666664,0.5019256472587585,0.8652092501665247
UBFC_PHYS_s17_T3_ctrl,57,201,63.7,0.4353915750980377,0.6937451454262554
UBFC_PHYS_s17_T3_ctrl,57,202,63.733333333333334,0.41843026876449585,0.5206111501523254
UBFC_PHYS_s17_T3_ctrl,57,203,63.766666666666666,0.4569648206233978,0.3523419366826997
UBFC_PHYS_s17_T3_ctrl,57,204,63.8,0.44757699966430664,0.19192392238575307
UBFC_PHYS_s17_T3_ctrl,57,205,63.833333333333336,0.31147703528404236,0.04062733957614005
UBFC_PHYS_s17_T3_ctrl,57,206,63.86666666666667,0.13905489444732666,-0.10087088498190841
UBFC_PHYS_s17_T3_ctrl,57,207,63.9,0.13426734507083893,-0.23191379303388995
UBFC_PHYS_s17_T3_ctrl,57,208,63.93333333333333,0.33903181552886963,-0.3512626843714029
UBFC_PHYS_s17_T3_ctrl,57,209,63.96666666666667,0.5154455304145813,-0.4561767532856018
UBFC_PHYS_s17_T3_ctrl,57,210,64.0,0.4047699570655823,-0.541585578685825
UBFC_PHYS_s17_T3_ctrl,57,211,64.03333333333333,0.004804419819265604,-0.6002287031728837
UBFC_PHYS_s17_T3_ctrl,57,212,64.06666666666666,-0.477392315864563,-0.6243709738836772
UBFC_PHYS_s17_T3_ctrl,57,213,64.1,-0.8796169757843018,-0.6088483587234321
UBFC_PHYS_s17_T3_ctrl,57,214,64.13333333333334,-1.1039764881134033,-0.5542691767988456
UBFC_PHYS_s17_T3_ctrl,57,215,64.16666666666667,-1.0964030027389526,-0.468684517164323
UBFC_PHYS_s17_T3_ctrl,57,216,64.2,-0.8861837983131409,-0.36635743172682983
UBFC_PHYS_s17_T3_ctrl,57,217,64.23333333333333,-0.5702638030052185,-0.26365441304954296
UBFC_PHYS_s17_T3_ctrl,57,218,64.26666666666667,-0.24008652567863464,-0.17399162430077864
UBFC_PHYS_s17_T3_ctrl,57,219,64.3,0.030708711594343185,-0.1044724423818463
UBFC_PHYS_s17_T3_ctrl,57,220,64.33333333333333,0.18693043291568756,-0.05545045874747195
UBFC_PHYS_s17_T3_ctrl,57,221,64.36666666666666,0.2146724909543991,-0.0223344191063789
UBFC_PHYS_s17_T3_ctrl,57,222,64.4,0.11137136816978455,0.0016684405799268498
UBFC_PHYS_s17_T3_ctrl,57,223,64.43333333333334,-0.12538425624370575,0.02279171846372131
UBFC_PHYS_s17_T3_ctrl,57,224,64.46666666666667,-0.4364815652370453,0.044523772723437716
UBFC_PHYS_s17_T3_ctrl,57,225,64.5,-0.7063169479370117,0.06648776173798839
UBFC_PHYS_s17_T3_ctrl,57,226,64.53333333333333,-0.8282649517059326,0.0847081426137682
UBFC_PHYS_s17_T3_ctrl,57,227,64.56666666666666,-0.7575168609619141,0.09320500998858436
UBFC_PHYS_s17_T3_ctrl,57,228,64.6,-0.526520311832428,0.08636348413965136
UBFC_PHYS_s17_T3_ctrl,57,229,64.63333333333334,-0.2540043890476227,0.061206788099286535
UBFC_PHYS_s17_T3_ctrl,57,230,64.66666666666667,-0.03723006322979927,0.01879862630283446
UBFC_PHYS_s17_T3_ctrl,57,231,64.7,0.12910521030426025,-0.0355408820322232
UBFC_PHYS_s17_T3_ctrl,57,232,64.73333333333333,0.25951629877090454,-0.09300204972627496
UBFC_PHYS_s17_T3_ctrl,57,233,64.76666666666667,0.3122144937515259,-0.1426627401565247
UBFC_PHYS_s17_T3_ctrl,57,234,64.8,0.2969973385334015,-0.17335816948847937
UBFC_PHYS_s17_T3_ctrl,57,235,64.83333333333333,0.30053240060806274,-0.17603329688079475
UBFC_PHYS_s17_T3_ctrl,57,236,64.86666666666666,0.3587438762187958,-0.14613115943740876
UBFC_PHYS_s17_T3_ctrl,57,237,64.9,0.4194837808609009,-0.08510859153662642
UBFC_PHYS_s17_T3_ctrl,57,238,64.93333333333334,0.40033355355262756,-0.0003563377936339671
UBFC_PHYS_s17_T3_ctrl,57,239,64.96666666666667,0.2567889094352722,0.09638220714522375
UBFC_PHYS_s17_T3_ctrl,58,0,58.0,0.3319031596183777,-0.0027908168412322837
UBFC_PHYS_s17_T3_ctrl,58,1,58.03333333333333,0.3342442512512207,0.16112402250033053
UBFC_PHYS_s17_T3_ctrl,58,2,58.06666666666667,0.31933143734931946,0.3039317958951146
UBFC_PHYS_s17_T3_ctrl,58,3,58.1,0.24541115760803223,0.41217821071892297
UBFC_PHYS_s17_T3_ctrl,58,4,58.13333333333333,0.1394294798374176,0.4817133917079442
UBFC_PHYS_s17_T3_ctrl,58,5,58.166666666666664,0.011347799561917782,0.5170269183393477
UBFC_PHYS_s17_T3_ctrl,58,6,58.2,-0.14554113149642944,0.5264759213709748
UBFC_PHYS_s17_T3_ctrl,58,7,58.233333333333334,-0.3047126531600952,0.5157987660667579
UBFC_PHYS_s17_T3_ctrl,58,8,58.266666666666666,-0.43884608149528503,0.48338395223962427
UBFC_PHYS_s17_T3_ctrl,58,9,58.3,-0.5736116170883179,0.4199847485369861
UBFC_PHYS_s17_T3_ctrl,58,10,58.333333333333336,-0.7445939779281616,0.313480498226602
UBFC_PHYS_s17_T3_ctrl,58,11,58.36666666666667,-0.9360024333000183,0.15678859715112484
UBFC_PHYS_s17_T3_ctrl,58,12,58.4,-1.0843112468719482,-0.04477219994690536
UBFC_PHYS_s17_T3_ctrl,58,13,58.43333333333333,-1.1096185445785522,-0.27039742845159676
UBFC_PHYS_s17_T3_ctrl,58,14,58.46666666666667,-0.9795117974281311,-0.4867563020062591
UBFC_PHYS_s17_T3_ctrl,58,15,58.5,-0.7595185041427612,-0.6560079996144489
UBFC_PHYS_s17_T3_ctrl,58,16,58.53333333333333,-0.530336320400238,-0.7459075939921052
UBFC_PHYS_s17_T3_ctrl,58,17,58.56666666666667,-0.2616363763809204,-0.7385470494932072
UBFC_PHYS_s17_T3_ctrl,58,18,58.6,0.09142518788576126,-0.6351399865069703
UBFC_PHYS_s17_T3_ctrl,58,19,58.63333333333333,0.4707304835319519,-0.4557264714083235
UBFC_PHYS_s17_T3_ctrl,58,20,58.666666666666664,0.8242954015731812,-0.23404545655603556
UBFC_PHYS_s17_T3_ctrl,58,21,58.7,1.1862882375717163,-0.008992824295663993
UBFC_PHYS_s17_T3_ctrl,58,22,58.733333333333334,1.5493696928024292,0.18493504957303267
UBFC_PHYS_s17_T3_ctrl,58,23,58.766666666666666,1.8015532493591309,0.3254070663844122
UBFC_PHYS_s17_T3_ctrl,58,24,58.8,1.8740453720092773,0.4059645316248164
UBFC_PHYS_s17_T3_ctrl,58,25,58.833333333333336,1.8148740530014038,0.434740687870977
UBFC_PHYS_s17_T3_ctrl,58,26,58.86666666666667,1.6682976484298706,0.42892604250088046
UBFC_PHYS_s17_T3_ctrl,58,27,58.9,1.424343228340149,0.4071349869723913
UBFC_PHYS_s17_T3_ctrl,58,28,58.93333333333333,1.0982394218444824,0.38251187926662195
UBFC_PHYS_s17_T3_ctrl,58,29,58.96666666666667,0.7700637578964233,0.35906628127969736
UBFC_PHYS_s17_T3_ctrl,58,30,59.0,0.5008136630058289,0.33239342949328965
UBFC_PHYS_s17_T3_ctrl,58,31,59.03333333333333,0.2676282227039337,0.29407235071685073
UBFC_PHYS_s17_T3_ctrl,58,32,59.06666666666667,0.005296051036566496,0.23741020408413374
UBFC_PHYS_s17_T3_ctrl,58,33,59.1,-0.2971040606498718,0.16170163840874158
UBFC_PHYS_s17_T3_ctrl,58,34,59.13333333333333,-0.528627336025238,0.07316860428870257
UBFC_PHYS_s17_T3_ctrl,58,35,59.166666666666664,-0.5162780284881592,-0.017381524018661016
UBFC_PHYS_s17_T3_ctrl,58,36,59.2,-0.22673054039478302,-0.09850441942448891
UBFC_PHYS_s17_T3_ctrl,58,37,59.233333333333334,0.1651230752468109,-0.16153415052959547
UBFC_PHYS_s17_T3_ctrl,58,38,59.266666666666666,0.4713976979255676,-0.20218412981144118
UBFC_PHYS_s17_T3_ctrl,58,39,59.3,0.6420171856880188,-0.22027265800475815
UBFC_PHYS_s17_T3_ctrl,58,40,59.333333333333336,0.6873409152030945,-0.21815239946055728
UBFC_PHYS_s17_T3_ctrl,58,41,59.36666666666667,0.6291996836662292,-0.1986385731489792
UBFC_PHYS_s17_T3_ctrl,58,42,59.4,0.5389502048492432,-0.16342482680840623
UBFC_PHYS_s17_T3_ctrl,58,43,59.43333333333333,0.4885345697402954,-0.1128670494374508
UBFC_PHYS_s17_T3_ctrl,58,44,59.46666666666667,0.4702622592449188,-0.04730892044748257
UBFC_PHYS_s17_T3_ctrl,58,45,59.5,0.4349701702594757,0.030774552931697837
UBFC_PHYS_s17_T3_ctrl,58,46,59.53333333333333,0.37893590331077576,0.11502029642798163
UBFC_PHYS_s17_T3_ctrl,58,47,59.56666666666667,0.3201742470264435,0.19485466765532958
UBFC_PHYS_s17_T3_ctrl,58,48,59.6,0.23206686973571777,0.2569808872548448
UBFC_PHYS_s17_T3_ctrl,58,49,59.63333333333333,0.09497195482254028,0.2881838811848063
UBFC_PHYS_s17_T3_ctrl,58,50,59.666666666666664,-0.04115140810608864,0.27832171762487146
UBFC_PHYS_s17_T3_ctrl,58,51,59.7,-0.12278562784194946,0.2223781112204127
UBFC_PHYS_s17_T3_ctrl,58,52,59.733333333333334,-0.17989680171012878,0.12115536319416903
UBFC_PHYS_s17_T3_ctrl,58,53,59.766666666666666,-0.2981107234954834,-0.018937319456536664
UBFC_PHYS_s17_T3_ctrl,58,54,59.8,-0.4977599084377289,-0.18619580048346862
UBFC_PHYS_s17_T3_ctrl,58,55,59.833333333333336,-0.6435754299163818,-0.3637845742686348
UBFC_PHYS_s17_T3_ctrl,58,56,59.86666666666667,-0.5525650978088379,-0.5305862089928745
UBFC_PHYS_s17_T3_ctrl,58,57,59.9,-0.2170735001564026,-0.6639133370715267
UBFC_PHYS_s17_T3_ctrl,58,58,59.93333333333333,0.17240390181541443,-0.7441177324164757
UBFC_PHYS_s17_T3_ctrl,58,59,59.96666666666667,0.454132080078125,-0.7595011419201464
UBFC_PHYS_s17_T3_ctrl,58,60,60.0,0.6161714196205139,-0.709300956311158
UBFC_PHYS_s17_T3_ctrl,58,61,60.03333333333333,0.6888158321380615,-0.6034045936610237
UBFC_PHYS_s17_T3_ctrl,58,62,60.06666666666667,0.6908525824546814,-0.45921544254132457
UBFC_PHYS_s17_T3_ctrl,58,63,60.1,0.6603480577468872,-0.29725842324693724
UBFC_PHYS_s17_T3_ctrl,58,64,60.13333333333333,0.6252666115760803,-0.13682588060609208
UBFC_PHYS_s17_T3_ctrl,58,65,60.166666666666664,0.5613311529159546,0.00774689869194489
UBFC_PHYS_s17_T3_ctrl,58,66,60.2,0.4609915018081665,0.12955389221972627
UBFC_PHYS_s17_T3_ctrl,58,67,60.233333333333334,0.36859992146492004,0.2293891398134263
UBFC_PHYS_s17_T3_ctrl,58,68,60.266666666666666,0.26988735795021057,0.31321476770251655
UBFC_PHYS_s17_T3_ctrl,58,69,60.3,0.057607971131801605,0.3873783642292198
UBFC_PHYS_s17_T3_ctrl,58,70,60.333333333333336,-0.28316280245780945,0.4535020920347283
UBFC_PHYS_s17_T3_ctrl,58,71,60.36666666666667,-0.6089973449707031,0.5056551582246573
UBFC_PHYS_s17_T3_ctrl,58,72,60.4,-0.7949861884117126,0.5317533768695215
UBFC_PHYS_s17_T3_ctrl,58,73,60.43333333333333,-0.9220494627952576,0.519142404235054
UBFC_PHYS_s17_T3_ctrl,58,74,60.46666666666667,-1.2136921882629395,0.4619258919421671
UBFC_PHYS_s17_T3_ctrl,58,75,60.5,-1.7317194938659668,0.36642168626084665
UBFC_PHYS_s17_T3_ctrl,58,76,60.53333333333333,-2.171741247177124,0.25208136868852987
UBFC_PHYS_s17_T3_ctrl,58,77,60.56666666666667,-2.1438822746276855,0.1473055993125835
UBFC_PHYS_s17_T3_ctrl,58,78,60.6,-1.6245439052581787,0.08139861334771692
UBFC_PHYS_s17_T3_ctrl,58,79,60.63333333333333,-0.9654535055160522,0.0751111082230649
UBFC_PHYS_s17_T3_ctrl,58,80,60.666666666666664,-0.5008852481842041,0.13290649615759473
UBFC_PHYS_s17_T3_ctrl,58,81,60.7,-0.28000232577323914,0.23988549195410674
UBFC_PHYS_s17_T3_ctrl,58,82,60.733333333333334,-0.17787174880504608,0.36493614472894054
UBFC_PHYS_s17_T3_ctrl,58,83,60.766666666666666,-0.09304192662239075,0.46953854728871514
UBFC_PHYS_s17_T3_ctrl,58,84,60.8,0.003458286402747035,0.5195123720976498
UBFC_PHYS_s17_T3_ctrl,58,85,60.833333333333336,0.08175643533468246,0.4955668530743332
UBFC_PHYS_s17_T3_ctrl,58,86,60.86666666666667,0.09024292975664139,0.3985140429637295
UBFC_PHYS_s17_T3_ctrl,58,87,60.9,0.03053312748670578,0.24712023154733778
UBFC_PHYS_s17_T3_ctrl,58,88,60.93333333333333,-0.018079848960042,0.07024640390321983
UBFC_PHYS_s17_T3_ctrl,58,89,60.96666666666667,0.01624070107936859,-0.10240220381434273
UBFC_PHYS_s17_T3_ctrl,58,90,61.0,0.0953933522105217,-0.24696555121774533
UBFC_PHYS_s17_T3_ctrl,58,91,61.03333333333333,0.11435627937316895,-0.3481213261738071
UBFC_PHYS_s17_T3_ctrl,58,92,61.06666666666667,0.07476824522018433,-0.3988241327919205
UBFC_PHYS_s17_T3_ctrl,58,93,61.1,0.06547407060861588,-0.399169924560847
UBFC_PHYS_s17_T3_ctrl,58,94,61.13333333333333,0.08799546957015991,-0.355827443864531
UBFC_PHYS_s17_T3_ctrl,58,95,61.166666666666664,0.04974186792969704,-0.28205337518606083
UBFC_PHYS_s17_T3_ctrl,58,96,61.2,-0.06270124763250351,-0.19724583106505358
UBFC_PHYS_s17_T3_ctrl,58,97,61.233333333333334,-0.1208190992474556,-0.12481236450307895
UBFC_PHYS_s17_T3_ctrl,58,98,61.266666666666666,0.007192343473434448,-0.08780462832589367
UBFC_PHYS_s17_T3_ctrl,58,99,61.3,0.2912733256816864,-0.10299953182465969
UBFC_PHYS_s17_T3_ctrl,58,100,61.333333333333336,0.5943992137908936,-0.17531838628556776
UBFC_PHYS_s17_T3_ctrl,58,101,61.36666666666667,0.8554203510284424,-0.29492834344891966
UBFC_PHYS_s17_T3_ctrl,58,102,61.4,1.0900338888168335,-0.43865401141431837
UBFC_PHYS_s17_T3_ctrl,58,103,61.43333333333333,1.2640830278396606,-0.5757823411145692
UBFC_PHYS_s17_T3_ctrl,58,104,61.46666666666667,1.335474967956543,-0.6766688243305021
UBFC_PHYS_s17_T3_ctrl,58,105,61.5,1.3957582712173462,-0.721312495188651
UBFC_PHYS_s17_T3_ctrl,58,106,61.53333333333333,1.5823675394058228,-0.7047410766023928
UBFC_PHYS_s17_T3_ctrl,58,107,61.56666666666667,1.8551527261734009,-0.6370711935886495
UBFC_PHYS_s17_T3_ctrl,58,108,61.6,2.0822513103485107,-0.5383186703845327
UBFC_PHYS_s17_T3_ctrl,58,109,61.63333333333333,2.2448408603668213,-0.4302774072282272
UBFC_PHYS_s17_T3_ctrl,58,110,61.666666666666664,2.462188720703125,-0.3288266058428808
UBFC_PHYS_s17_T3_ctrl,58,111,61.7,2.834587812423706,-0.239495093829862
UBFC_PHYS_s17_T3_ctrl,58,112,61.733333333333334,3.1776528358459473,-0.15745398901471494
UBFC_PHYS_s17_T3_ctrl,58,113,61.766666666666666,2.9465274810791016,-0.07128268708312331
UBFC_PHYS_s17_T3_ctrl,58,114,61.8,1.7895199060440063,0.03132804417679197
UBFC_PHYS_s17_T3_ctrl,58,115,61.833333333333336,0.06969976425170898,0.1581943279182364
UBFC_PHYS_s17_T3_ctrl,58,116,61.86666666666667,-1.5247310400009155,0.309572042494135
UBFC_PHYS_s17_T3_ctrl,58,117,61.9,-2.5316388607025146,0.47817570037822094
UBFC_PHYS_s17_T3_ctrl,58,118,61.93333333333333,-2.828104257583618,0.651210283218973
UBFC_PHYS_s17_T3_ctrl,58,119,61.96666666666667,-2.5541720390319824,0.8125453599571602
UBFC_PHYS_s17_T3_ctrl,58,120,62.0,-2.0186214447021484,0.9443468643930473
UBFC_PHYS_s17_T3_ctrl,58,121,62.03333333333333,-1.4957833290100098,1.0290636434692435
UBFC_PHYS_s17_T3_ctrl,58,122,62.06666666666667,-1.139093041419983,1.0527359449996696
UBFC_PHYS_s17_T3_ctrl,58,123,62.1,-1.0452967882156372,1.009255076056924
UBFC_PHYS_s17_T3_ctrl,58,124,62.13333333333333,-1.1759068965911865,0.903756709111318
UBFC_PHYS_s17_T3_ctrl,58,125,62.166666666666664,-1.3356636762619019,0.7529685470212213
UBFC_PHYS_s17_T3_ctrl,58,126,62.2,-1.3886311054229736,0.5814867834187126
UBFC_PHYS_s17_T3_ctrl,58,127,62.233333333333334,-1.348036289215088,0.41491832414471586
UBFC_PHYS_s17_T3_ctrl,58,128,62.266666666666666,-1.2647985219955444,0.27243098616903516
UBFC_PHYS_s17_T3_ctrl,58,129,62.3,-1.1911708116531372,0.16171004152049404
UBFC_PHYS_s17_T3_ctrl,58,130,62.333333333333336,-1.1748299598693848,0.07838959102384221
UBFC_PHYS_s17_T3_ctrl,58,131,62.36666666666667,-1.2084013223648071,0.010046785467025612
UBFC_PHYS_s17_T3_ctrl,58,132,62.4,-1.2417035102844238,-0.05730825120661796
UBFC_PHYS_s17_T3_ctrl,58,133,62.43333333333333,-1.2023144960403442,-0.1334275165806088
UBFC_PHYS_s17_T3_ctrl,58,134,62.46666666666667,-1.0323270559310913,-0.22123205189872822
UBFC_PHYS_s17_T3_ctrl,58,135,62.5,-0.8014827370643616,-0.3179883511283502
UBFC_PHYS_s17_T3_ctrl,58,136,62.53333333333333,-0.6752154231071472,-0.4186965805635686
UBFC_PHYS_s17_T3_ctrl,58,137,62.56666666666667,-0.6695265173912048,-0.5190637052729551
UBFC_PHYS_s17_T3_ctrl,58,138,62.6,-0.651324450969696,-0.6159913896300152
UBFC_PHYS_s17_T3_ctrl,58,139,62.63333333333333,-0.5405318140983582,-0.7052335855344197
UBFC_PHYS_s17_T3_ctrl,58,140,62.666666666666664,-0.357902467250824,-0.7777658658750845
UBFC_PHYS_s17_T3_ctrl,58,141,62.7,-0.14346925914287567,-0.8175534894472085
UBFC_PHYS_s17_T3_ctrl,58,142,62.733333333333334,0.05489229038357735,-0.8032298229291472
UBFC_PHYS_s17_T3_ctrl,58,143,62.766666666666666,0.17563462257385254,-0.7145838705643722
UBFC_PHYS_s17_T3_ctrl,58,144,62.8,0.1915072798728943,-0.5422349205814769
UBFC_PHYS_s17_T3_ctrl,58,145,62.833333333333336,0.14918015897274017,-0.29662187906940746
UBFC_PHYS_s17_T3_ctrl,58,146,62.86666666666667,0.13285097479820251,-0.011683859089944019
UBFC_PHYS_s17_T3_ctrl,58,147,62.9,0.1862398087978363,0.260023954429125
UBFC_PHYS_s17_T3_ctrl,58,148,62.93333333333333,0.2813938856124878,0.46072359982416244
UBFC_PHYS_s17_T3_ctrl,58,149,62.96666666666667,0.3599729537963867,0.5449757536599468
UBFC_PHYS_s17_T3_ctrl,58,150,63.0,0.36596620082855225,0.4938959298049185
UBFC_PHYS_s17_T3_ctrl,58,151,63.03333333333333,0.26515835523605347,0.3194845386606632
UBFC_PHYS_s17_T3_ctrl,58,152,63.06666666666667,0.0975588709115982,0.058187819592603315
UBFC_PHYS_s17_T3_ctrl,58,153,63.1,-0.05810098350048065,-0.24137809999968807
UBFC_PHYS_s17_T3_ctrl,58,154,63.13333333333333,-0.1683434695005417,-0.5302001643187346
UBFC_PHYS_s17_T3_ctrl,58,155,63.166666666666664,-0.27420809864997864,-0.7663697527098122
UBFC_PHYS_s17_T3_ctrl,58,156,63.2,-0.42355868220329285,-0.918091023845325
UBFC_PHYS_s17_T3_ctrl,58,157,63.233333333333334,-0.5731902122497559,-0.9642653525267643
UBFC_PHYS_s17_T3_ctrl,58,158,63.266666666666666,-0.5883488059043884,-0.8949208866064744
UBFC_PHYS_s17_T3_ctrl,58,159,63.3,-0.40916091203689575,-0.7124431501260301
UBFC_PHYS_s17_T3_ctrl,58,160,63.333333333333336,-0.14849092066287994,-0.43295433031296876
UBFC_PHYS_s17_T3_ctrl,58,161,63.36666666666667,0.05464647710323334,-0.08619723975654278
UBFC_PHYS_s17_T3_ctrl,58,162,63.4,0.16924341022968292,0.2876201569827066
UBFC_PHYS_s17_T3_ctrl,58,163,63.43333333333333,0.23439626395702362,0.6443005976090533
UBFC_PHYS_s17_T3_ctrl,58,164,63.46666666666667,0.2686231732368469,0.9438910241687235
UBFC_PHYS_s17_T3_ctrl,58,165,63.5,0.2760678827762604,1.1579542258841249
UBFC_PHYS_s17_T3_ctrl,58,166,63.53333333333333,0.2938953638076782,1.2735507563819628
UBFC_PHYS_s17_T3_ctrl,58,167,63.56666666666667,0.3668324053287506,1.2930438518956553
UBFC_PHYS_s17_T3_ctrl,58,168,63.6,0.4732471704483032,1.2303413040248294
UBFC_PHYS_s17_T3_ctrl,58,169,63.63333333333333,0.5323014855384827,1.105284051514341
UBFC_PHYS_s17_T3_ctrl,58,170,63.666666666666664,0.5019256472587585,0.938358691126871
UBFC_PHYS_s17_T3_ctrl,58,171,63.7,0.4353915750980377,0.7474065408746642
UBFC_PHYS_s17_T3_ctrl,58,172,63.733333333333334,0.41843026876449585,0.546629087259348
UBFC_PHYS_s17_T3_ctrl,58,173,63.766666666666666,0.4569648206233978,0.3469415680079478
UBFC_PHYS_s17_T3_ctrl,58,174,63.8,0.44757699966430664,0.15649265797175538
UBFC_PHYS_s17_T3_ctrl,58,175,63.833333333333336,0.31147703528404236,-0.019213221806718302
UBFC_PHYS_s17_T3_ctrl,58,176,63.86666666666667,0.13905489444732666,-0.17738404283310108
UBFC_PHYS_s17_T3_ctrl,58,177,63.9,0.13426734507083893,-0.3176026136349352
UBFC_PHYS_s17_T3_ctrl,58,178,63.93333333333333,0.33903181552886963,-0.4406625597202058
UBFC_PHYS_s17_T3_ctrl,58,179,63.96666666666667,0.5154455304145813,-0.5466937439668158
UBFC_PHYS_s17_T3_ctrl,58,180,64.0,0.4047699570655823,-0.6332476878479191
UBFC_PHYS_s17_T3_ctrl,58,181,64.03333333333333,0.004804419819265604,-0.6943849163346912
UBFC_PHYS_s17_T3_ctrl,58,182,64.06666666666666,-0.477392315864563,-0.721771823497008
UBFC_PHYS_s17_T3_ctrl,58,183,64.1,-0.8796169757843018,-0.7079814050880744
UBFC_PHYS_s17_T3_ctrl,58,184,64.13333333333334,-1.1039764881134033,-0.650730086536258
UBFC_PHYS_s17_T3_ctrl,58,185,64.16666666666667,-1.0964030027389526,-0.5557772827939139
UBFC_PHYS_s17_T3_ctrl,58,186,64.2,-0.8861837983131409,-0.4366567387893484
UBFC_PHYS_s17_T3_ctrl,58,187,64.23333333333333,-0.5702638030052185,-0.3110945926510971
UBFC_PHYS_s17_T3_ctrl,58,188,64.26666666666667,-0.24008652567863464,-0.19583287072857158
UBFC_PHYS_s17_T3_ctrl,58,189,64.3,0.030708711594343185,-0.10234693669345618
UBFC_PHYS_s17_T3_ctrl,58,190,64.33333333333333,0.18693043291568756,-0.03509500756231709
UBFC_PHYS_s17_T3_ctrl,58,191,64.36666666666666,0.2146724909543991,0.007636051418884982
UBFC_PHYS_s17_T3_ctrl,58,192,64.4,0.11137136816978455,0.031310671664207076
UBFC_PHYS_s17_T3_ctrl,58,193,64.43333333333334,-0.12538425624370575,0.042437932504054435
UBFC_PHYS_s17_T3_ctrl,58,194,64.46666666666667,-0.4364815652370453,0.04656813269956021
UBFC_PHYS_s17_T3_ctrl,58,195,64.5,-0.7063169479370117,0.047456085349157254
UBFC_PHYS_s17_T3_ctrl,58,196,64.53333333333333,-0.8282649517059326,0.04734568358900112
UBFC_PHYS_s17_T3_ctrl,58,197,64.56666666666666,-0.7575168609619141,0.04790372482608138
UBFC_PHYS_s17_T3_ctrl,58,198,64.6,-0.526520311832428,0.051043450037514565
UBFC_PHYS_s17_T3_ctrl,58,199,64.63333333333334,-0.2540043890476227,0.058946463319630577
UBFC_PHYS_s17_T3_ctrl,58,200,64.66666666666667,-0.03723006322979927,0.07310469352165551
UBFC_PHYS_s17_T3_ctrl,58,201,64.7,0.12910521030426025,0.09286331987917626
UBFC_PHYS_s17_T3_ctrl,58,202,64.73333333333333,0.25951629877090454,0.11433632339231208
UBFC_PHYS_s17_T3_ctrl,58,203,64.76666666666667,0.3122144937515259,0.1304746981652262
UBFC_PHYS_s17_T3_ctrl,58,204,64.8,0.2969973385334015,0.13258147731423814
UBFC_PHYS_s17_T3_ctrl,58,205,64.83333333333333,0.30053240060806274,0.11307213609586568
UBFC_PHYS_s17_T3_ctrl,58,206,64.86666666666666,0.3587438762187958,0.0689962280326673
UBFC_PHYS_s17_T3_ctrl,58,207,64.9,0.4194837808609009,0.005456303516758961
UBFC_PHYS_s17_T3_ctrl,58,208,64.93333333333334,0.40033355355262756,-0.06256800907813176
UBFC_PHYS_s17_T3_ctrl,58,209,64.96666666666667,0.2567889094352722,-0.1117375814467748
UBFC_PHYS_s17_T3_ctrl,58,210,65.0,0.0399092398583889,-0.11616298114897373
UBFC_PHYS_s17_T3_ctrl,58,211,65.03333333333333,-0.15368816256523132,-0.05666432646864305
UBFC_PHYS_s17_T3_ctrl,58,212,65.06666666666666,-0.3207491934299469,0.06943697851950445
UBFC_PHYS_s17_T3_ctrl,58,213,65.1,-0.5112095475196838,0.2422460605301159
UBFC_PHYS_s17_T3_ctrl,58,214,65.13333333333334,-0.7309219241142273,0.4208396251233617
UBFC_PHYS_s17_T3_ctrl,58,215,65.16666666666667,-0.9461628198623657,0.5538942062920256
UBFC_PHYS_s17_T3_ctrl,58,216,65.2,-1.072863221168518,0.5968873885869788
UBFC_PHYS_s17_T3_ctrl,58,217,65.23333333333333,-0.9799917340278625,0.5294162295148295
UBFC_PHYS_s17_T3_ctrl,58,218,65.26666666666667,-0.6151778697967529,0.36451048219855964
UBFC_PHYS_s17_T3_ctrl,58,219,65.3,-0.09297169744968414,0.14460985357176848
UBFC_PHYS_s17_T3_ctrl,58,220,65.33333333333333,0.42794686555862427,-0.07432276053630779
UBFC_PHYS_s17_T3_ctrl,58,221,65.36666666666666,0.8636376261711121,-0.24300319280727595
UBFC_PHYS_s17_T3_ctrl,58,222,65.4,1.2013883590698242,-0.33471472804135766
UBFC_PHYS_s17_T3_ctrl,58,223,65.43333333333334,1.4674779176712036,-0.35138947783725766
UBFC_PHYS_s17_T3_ctrl,58,224,65.46666666666667,1.7157986164093018,-0.3187301952921616
UBFC_PHYS_s17_T3_ctrl,58,225,65.5,1.9978312253952026,-0.2730778035955231
UBFC_PHYS_s17_T3_ctrl,58,226,65.53333333333333,2.29730486869812,-0.24537607191397243
UBFC_PHYS_s17_T3_ctrl,58,227,65.56666666666666,2.529027223587036,-0.2484415370928481
UBFC_PHYS_s17_T3_ctrl,58,228,65.6,2.639691114425659,-0.2724967407616117
UBFC_PHYS_s17_T3_ctrl,58,229,65.63333333333334,2.6640853881835938,-0.29069567829030485
UBFC_PHYS_s17_T3_ctrl,58,230,65.66666666666667,2.6710150241851807,-0.27213341585591494
UBFC_PHYS_s17_T3_ctrl,58,231,65.7,2.6743509769439697,-0.19658181352591073
UBFC_PHYS_s17_T3_ctrl,58,232,65.73333333333333,2.640498638153076,-0.06464424306037582
UBFC_PHYS_s17_T3_ctrl,58,233,65.76666666666667,2.5010509490966797,0.10066107413893224
UBFC_PHYS_s17_T3_ctrl,58,234,65.8,2.0944366455078125,0.2609545822067694
UBFC_PHYS_s17_T3_ctrl,58,235,65.83333333333333,1.337699055671692,0.37484259372947754
UBFC_PHYS_s17_T3_ctrl,58,236,65.86666666666666,0.45987948775291443,0.41089089665566586
UBFC_PHYS_s17_T3_ctrl,58,237,65.9,-0.18599537014961243,0.35714916274937014
UBFC_PHYS_s17_T3_ctrl,58,238,65.93333333333334,-0.5366572737693787,0.22470700504984317
UBFC_PHYS_s17_T3_ctrl,58,239,65.96666666666667,-0.8159858584403992,0.04469958017079853
UBFC_PHYS_s17_T3_ctrl,59,0,59.0,0.5008136630058289,0.04206315793369672
UBFC_PHYS_s17_T3_ctrl,59,1,59.03333333333333,0.2676282227039337,0.17900952455175972
UBFC_PHYS_s17_T3_ctrl,59,2,59.06666666666667,0.005296051036566496,0.28182767029471434
UBFC_PHYS_s17_T3_ctrl,59,3,59.1,-0.2971040606498718,0.32594664952586067
UBFC_PHYS_s17_T3_ctrl,59,4,59.13333333333333,-0.528627336025238,0.3041578482288471
UBFC_PHYS_s17_T3_ctrl,59,5,59.166666666666664,-0.5162780284881592,0.22702601000119638
UBFC_PHYS_s17_T3_ctrl,59,6,59.2,-0.22673054039478302,0.1174110335019516
UBFC_PHYS_s17_T3_ctrl,59,7,59.233333333333334,0.1651230752468109,0.00205097618849916
UBFC_PHYS_s17_T3_ctrl,59,8,59.266666666666666,0.4713976979255676,-0.09626139065475144
UBFC_PHYS_s17_T3_ctrl,59,9,59.3,0.6420171856880188,-0.16344610786142413
UBFC_PHYS_s17_T3_ctrl,59,10,59.333333333333336,0.6873409152030945,-0.19497852353095307
UBFC_PHYS_s17_T3_ctrl,59,11,59.36666666666667,0.6291996836662292,-0.1934939473879443
UBFC_PHYS_s17_T3_ctrl,59,12,59.4,0.5389502048492432,-0.1650257818766723
UBFC_PHYS_s17_T3_ctrl,59,13,59.43333333333333,0.4885345697402954,-0.11598618671530526
UBFC_PHYS_s17_T3_ctrl,59,14,59.46666666666667,0.4702622592449188,-0.05209100342607155
UBFC_PHYS_s17_T3_ctrl,59,15,59.5,0.4349701702594757,0.02092385724918583
UBFC_PHYS_s17_T3_ctrl,59,16,59.53333333333333,0.37893590331077576,0.09587312793716028
UBFC_PHYS_s17_T3_ctrl,59,17,59.56666666666667,0.3201742470264435,0.1632626843684799
UBFC_PHYS_s17_T3_ctrl,59,18,59.6,0.23206686973571777,0.21185123482388168
UBFC_PHYS_s17_T3_ctrl,59,19,59.63333333333333,0.09497195482254028,0.23055723136182327
UBFC_PHYS_s17_T3_ctrl,59,20,59.666666666666664,-0.04115140810608864,0.21065664044298973
UBFC_PHYS_s17_T3_ctrl,59,21,59.7,-0.12278562784194946,0.14708382190100036
UBFC_PHYS_s17_T3_ctrl,59,22,59.733333333333334,-0.17989680171012878,0.03867700041725697
UBFC_PHYS_s17_T3_ctrl,59,23,59.766666666666666,-0.2981107234954834,-0.11167413026055041
UBFC_PHYS_s17_T3_ctrl,59,24,59.8,-0.4977599084377289,-0.2960102737396533
UBFC_PHYS_s17_T3_ctrl,59,25,59.833333333333336,-0.6435754299163818,-0.4995194042154744
UBFC_PHYS_s17_T3_ctrl,59,26,59.86666666666667,-0.5525650978088379,-0.6993567291189916
UBFC_PHYS_s17_T3_ctrl,59,27,59.9,-0.2170735001564026,-0.8658002656555313
UBFC_PHYS_s17_T3_ctrl,59,28,59.93333333333333,0.17240390181541443,-0.9665191189959726
UBFC_PHYS_s17_T3_ctrl,59,29,59.96666666666667,0.454132080078125,-0.9733008783246306
UBFC_PHYS_s17_T3_ctrl,59,30,60.0,0.6161714196205139,-0.8696637499385563
UBFC_PHYS_s17_T3_ctrl,59,31,60.03333333333333,0.6888158321380615,-0.6573446429612387
UBFC_PHYS_s17_T3_ctrl,59,32,60.06666666666667,0.6908525824546814,-0.35942636826170693
UBFC_PHYS_s17_T3_ctrl,59,33,60.1,0.6603480577468872,-0.01813798532153835
UBFC_PHYS_s17_T3_ctrl,59,34,60.13333333333333,0.6252666115760803,0.313404676756426
UBFC_PHYS_s17_T3_ctrl,59,35,60.166666666666664,0.5613311529159546,0.583977206324986
UBFC_PHYS_s17_T3_ctrl,59,36,60.2,0.4609915018081665,0.7574755744135837
UBFC_PHYS_s17_T3_ctrl,59,37,60.233333333333334,0.36859992146492004,0.8215369243408478
UBFC_PHYS_s17_T3_ctrl,59,38,60.266666666666666,0.26988735795021057,0.7881998837284967
UBFC_PHYS_s17_T3_ctrl,59,39,60.3,0.057607971131801605,0.686718170394066
UBFC_PHYS_s17_T3_ctrl,59,40,60.333333333333336,-0.28316280245780945,0.5519256963783816
UBFC_PHYS_s17_T3_ctrl,59,41,60.36666666666667,-0.6089973449707031,0.41314132748343413
UBFC_PHYS_s17_T3_ctrl,59,42,60.4,-0.7949861884117126,0.2878762337150426
UBFC_PHYS_s17_T3_ctrl,59,43,60.43333333333333,-0.9220494627952576,0.1820193294346222
UBFC_PHYS_s17_T3_ctrl,59,44,60.46666666666667,-1.2136921882629395,0.09501089077115704
UBFC_PHYS_s17_T3_ctrl,59,45,60.5,-1.7317194938659668,0.026416280584631035
UBFC_PHYS_s17_T3_ctrl,59,46,60.53333333333333,-2.171741247177124,-0.019723225798988428
UBFC_PHYS_s17_T3_ctrl,59,47,60.56666666666667,-2.1438822746276855,-0.03479236385399737
UBFC_PHYS_s17_T3_ctrl,59,48,60.6,-1.6245439052581787,-0.009650596279091336
UBFC_PHYS_s17_T3_ctrl,59,49,60.63333333333333,-0.9654535055160522,0.05916246965459879
UBFC_PHYS_s17_T3_ctrl,59,50,60.666666666666664,-0.5008852481842041,0.16413829181571588
UBFC_PHYS_s17_T3_ctrl,59,51,60.7,-0.28000232577323914,0.2853292026808351
UBFC_PHYS_s17_T3_ctrl,59,52,60.733333333333334,-0.17787174880504608,0.39410334773698596
UBFC_PHYS_s17_T3_ctrl,59,53,60.766666666666666,-0.09304192662239075,0.4612547391721025
UBFC_PHYS_s17_T3_ctrl,59,54,60.8,0.003458286402747035,0.4664665386507411
UBFC_PHYS_s17_T3_ctrl,59,55,60.833333333333336,0.08175643533468246,0.40510082803669256
UBFC_PHYS_s17_T3_ctrl,59,56,60.86666666666667,0.09024292975664139,0.28906706526516923
UBFC_PHYS_s17_T3_ctrl,59,57,60.9,0.03053312748670578,0.14124516869429932
UBFC_PHYS_s17_T3_ctrl,59,58,60.93333333333333,-0.018079848960042,-0.013497592365901392
UBFC_PHYS_s17_T3_ctrl,59,59,60.96666666666667,0.01624070107936859,-0.15585135771003525
UBFC_PHYS_s17_T3_ctrl,59,60,61.0,0.0953933522105217,-0.27488033637942705
UBFC_PHYS_s17_T3_ctrl,59,61,61.03333333333333,0.11435627937316895,-0.3661889227189594
UBFC_PHYS_s17_T3_ctrl,59,62,61.06666666666667,0.07476824522018433,-0.428077353696571
UBFC_PHYS_s17_T3_ctrl,59,63,61.1,0.06547407060861588,-0.45884244884038844
UBFC_PHYS_s17_T3_ctrl,59,64,61.13333333333333,0.08799546957015991,-0.45701425464576134
UBFC_PHYS_s17_T3_ctrl,59,65,61.166666666666664,0.04974186792969704,-0.4241598207668232
UBFC_PHYS_s17_T3_ctrl,59,66,61.2,-0.06270124763250351,-0.368198410175284
UBFC_PHYS_s17_T3_ctrl,59,67,61.233333333333334,-0.1208190992474556,-0.30466505809808186
UBFC_PHYS_s17_T3_ctrl,59,68,61.266666666666666,0.007192343473434448,-0.2541706300435988
UBFC_PHYS_s17_T3_ctrl,59,69,61.3,0.2912733256816864,-0.2361709185343078
UBFC_PHYS_s17_T3_ctrl,59,70,61.333333333333336,0.5943992137908936,-0.2612924919043312
UBFC_PHYS_s17_T3_ctrl,59,71,61.36666666666667,0.8554203510284424,-0.3256157239739342
UBFC_PHYS_s17_T3_ctrl,59,72,61.4,1.0900338888168335,-0.4097141329463458
UBFC_PHYS_s17_T3_ctrl,59,73,61.43333333333333,1.2640830278396606,-0.4834135859404389
UBFC_PHYS_s17_T3_ctrl,59,74,61.46666666666667,1.335474967956543,-0.515147250424852
UBFC_PHYS_s17_T3_ctrl,59,75,61.5,1.3957582712173462,-0.48295306076957667
UBFC_PHYS_s17_T3_ctrl,59,76,61.53333333333333,1.5823675394058228,-0.38303351393461776
UBFC_PHYS_s17_T3_ctrl,59,77,61.56666666666667,1.8551527261734009,-0.23215651669888926
UBFC_PHYS_s17_T3_ctrl,59,78,61.6,2.0822513103485107,-0.06237759690896937
UBFC_PHYS_s17_T3_ctrl,59,79,61.63333333333333,2.2448408603668213,0.09017574447423923
UBFC_PHYS_s17_T3_ctrl,59,80,61.666666666666664,2.462188720703125,0.19792324953061172
UBFC_PHYS_s17_T3_ctrl,59,81,61.7,2.834587812423706,0.2505857629526166
UBFC_PHYS_s17_T3_ctrl,59,82,61.733333333333334,3.1776528358459473,0.2567287422531441
UBFC_PHYS_s17_T3_ctrl,59,83,61.766666666666666,2.9465274810791016,0.23817394561134247
UBFC_PHYS_s17_T3_ctrl,59,84,61.8,1.7895199060440063,0.22039026165890402
UBFC_PHYS_s17_T3_ctrl,59,85,61.833333333333336,0.06969976425170898,0.22323755270237594
UBFC_PHYS_s17_T3_ctrl,59,86,61.86666666666667,-1.5247310400009155,0.2555227621688577
UBFC_PHYS_s17_T3_ctrl,59,87,61.9,-2.5316388607025146,0.3144383523313804
UBFC_PHYS_s17_T3_ctrl,59,88,61.93333333333333,-2.828104257583618,0.3884949029308216
UBFC_PHYS_s17_T3_ctrl,59,89,61.96666666666667,-2.5541720390319824,0.4615285460811349
UBFC_PHYS_s17_T3_ctrl,59,90,62.0,-2.0186214447021484,0.5162541226820667
UBFC_PHYS_s17_T3_ctrl,59,91,62.03333333333333,-1.4957833290100098,0.5374249680699243
UBFC_PHYS_s17_T3_ctrl,59,92,62.06666666666667,-1.139093041419983,0.5153380291988549
UBFC_PHYS_s17_T3_ctrl,59,93,62.1,-1.0452967882156372,0.44963884455021524
UBFC_PHYS_s17_T3_ctrl,59,94,62.13333333333333,-1.1759068965911865,0.3518288284078952
UBFC_PHYS_s17_T3_ctrl,59,95,62.166666666666664,-1.3356636762619019,0.2441700651967027
UBFC_PHYS_s17_T3_ctrl,59,96,62.2,-1.3886311054229736,0.15390809320865545
UBFC_PHYS_s17_T3_ctrl,59,97,62.233333333333334,-1.348036289215088,0.10419323453057433
UBFC_PHYS_s17_T3_ctrl,59,98,62.266666666666666,-1.2647985219955444,0.10518970471077849
UBFC_PHYS_s17_T3_ctrl,59,99,62.3,-1.1911708116531372,0.14938078819080158
UBFC_PHYS_s17_T3_ctrl,59,100,62.333333333333336,-1.1748299598693848,0.213571928875302
UBFC_PHYS_s17_T3_ctrl,59,101,62.36666666666667,-1.2084013223648071,0.26713810227856727
UBFC_PHYS_s17_T3_ctrl,59,102,62.4,-1.2417035102844238,0.28301460014695357
UBFC_PHYS_s17_T3_ctrl,59,103,62.43333333333333,-1.2023144960403442,0.24644526893660523
UBFC_PHYS_s17_T3_ctrl,59,104,62.46666666666667,-1.0323270559310913,0.1576000023526101
UBFC_PHYS_s17_T3_ctrl,59,105,62.5,-0.8014827370643616,0.027469503020314142
UBFC_PHYS_s17_T3_ctrl,59,106,62.53333333333333,-0.6752154231071472,-0.12975576530690616
UBFC_PHYS_s17_T3_ctrl,59,107,62.56666666666667,-0.6695265173912048,-0.30277750877310944
UBFC_PHYS_s17_T3_ctrl,59,108,62.6,-0.651324450969696,-0.4841752881560593
UBFC_PHYS_s17_T3_ctrl,59,109,62.63333333333333,-0.5405318140983582,-0.6661991295513995
UBFC_PHYS_s17_T3_ctrl,59,110,62.666666666666664,-0.357902467250824,-0.8344592827654265
UBFC_PHYS_s17_T3_ctrl,59,111,62.7,-0.14346925914287567,-0.9639878756600904
UBFC_PHYS_s17_T3_ctrl,59,112,62.733333333333334,0.05489229038357735,-1.0212965632977904
UBFC_PHYS_s17_T3_ctrl,59,113,62.766666666666666,0.17563462257385254,-0.9733911884931014
UBFC_PHYS_s17_T3_ctrl,59,114,62.8,0.1915072798728943,-0.8012920176938519
UBFC_PHYS_s17_T3_ctrl,59,115,62.833333333333336,0.14918015897274017,-0.5127871601474985
UBFC_PHYS_s17_T3_ctrl,59,116,62.86666666666667,0.13285097479820251,-0.14819928606532615
UBFC_PHYS_s17_T3_ctrl,59,117,62.9,0.1862398087978363,0.22528448408190357
UBFC_PHYS_s17_T3_ctrl,59,118,62.93333333333333,0.2813938856124878,0.530785791383725
UBFC_PHYS_s17_T3_ctrl,59,119,62.96666666666667,0.3599729537963867,0.7048454606248716
UBFC_PHYS_s17_T3_ctrl,59,120,63.0,0.36596620082855225,0.7167749023883269
UBFC_PHYS_s17_T3_ctrl,59,121,63.03333333333333,0.26515835523605347,0.575572939520159
UBFC_PHYS_s17_T3_ctrl,59,122,63.06666666666667,0.0975588709115982,0.3225630389861501
UBFC_PHYS_s17_T3_ctrl,59,123,63.1,-0.05810098350048065,0.015332795204600461
UBFC_PHYS_s17_T3_ctrl,59,124,63.13333333333333,-0.1683434695005417,-0.2888622912771461
UBFC_PHYS_s17_T3_ctrl,59,125,63.166666666666664,-0.27420809864997864,-0.544314395973502
UBFC_PHYS_s17_T3_ctrl,59,126,63.2,-0.42355868220329285,-0.7208766853145889
UBFC_PHYS_s17_T3_ctrl,59,127,63.233333333333334,-0.5731902122497559,-0.802502584410206
UBFC_PHYS_s17_T3_ctrl,59,128,63.266666666666666,-0.5883488059043884,-0.7837296273741258
UBFC_PHYS_s17_T3_ctrl,59,129,63.3,-0.40916091203689575,-0.6670914388495144
UBFC_PHYS_s17_T3_ctrl,59,130,63.333333333333336,-0.14849092066287994,-0.4626029998175005
UBFC_PHYS_s17_T3_ctrl,59,131,63.36666666666667,0.05464647710323334,-0.18858166279615163
UBFC_PHYS_s17_T3_ctrl,59,132,63.4,0.16924341022968292,0.12781749645680612
UBFC_PHYS_s17_T3_ctrl,59,133,63.43333333333333,0.23439626395702362,0.4519071015115898
UBFC_PHYS_s17_T3_ctrl,59,134,63.46666666666667,0.2686231732368469,0.7455662657946928
UBFC_PHYS_s17_T3_ctrl,59,135,63.5,0.2760678827762604,0.9739102707132652
UBFC_PHYS_s17_T3_ctrl,59,136,63.53333333333333,0.2938953638076782,1.1127226324507073
UBFC_PHYS_s17_T3_ctrl,59,137,63.56666666666667,0.3668324053287506,1.1538088491268663
UBFC_PHYS_s17_T3_ctrl,59,138,63.6,0.4732471704483032,1.1058582053244466
UBFC_PHYS_s17_T3_ctrl,59,139,63.63333333333333,0.5323014855384827,0.990234833378548
UBFC_PHYS_s17_T3_ctrl,59,140,63.666666666666664,0.5019256472587585,0.8334337332035164
UBFC_PHYS_s17_T3_ctrl,59,141,63.7,0.4353915750980377,0.6593157153677919
UBFC_PHYS_s17_T3_ctrl,59,142,63.733333333333334,0.41843026876449585,0.48385990697246467
UBFC_PHYS_s17_T3_ctrl,59,143,63.766666666666666,0.4569648206233978,0.31369886534154034
UBFC_PHYS_s17_T3_ctrl,59,144,63.8,0.44757699966430664,0.1482196321868256
UBFC_PHYS_s17_T3_ctrl,59,145,63.833333333333336,0.31147703528404236,-0.01609227449441368
UBFC_PHYS_s17_T3_ctrl,59,146,63.86666666666667,0.13905489444732666,-0.18102935237169449
UBFC_PHYS_s17_T3_ctrl,59,147,63.9,0.13426734507083893,-0.3435694590162592
UBFC_PHYS_s17_T3_ctrl,59,148,63.93333333333333,0.33903181552886963,-0.49514266187647404
UBFC_PHYS_s17_T3_ctrl,59,149,63.96666666666667,0.5154455304145813,-0.622998434798718
UBFC_PHYS_s17_T3_ctrl,59,150,64.0,0.4047699570655823,-0.7129301170534176
UBFC_PHYS_s17_T3_ctrl,59,151,64.03333333333333,0.004804419819265604,-0.7526824060271283
UBFC_PHYS_s17_T3_ctrl,59,152,64.06666666666666,-0.477392315864563,-0.7355136851189217
UBFC_PHYS_s17_T3_ctrl,59,153,64.1,-0.8796169757843018,-0.6632093198689115
UBFC_PHYS_s17_T3_ctrl,59,154,64.13333333333334,-1.1039764881134033,-0.5473976807511414
UBFC_PHYS_s17_T3_ctrl,59,155,64.16666666666667,-1.0964030027389526,-0.40797814563589657
UBFC_PHYS_s17_T3_ctrl,59,156,64.2,-0.8861837983131409,-0.2684014682653451
UBFC_PHYS_s17_T3_ctrl,59,157,64.23333333333333,-0.5702638030052185,-0.1492096203848822
UBFC_PHYS_s17_T3_ctrl,59,158,64.26666666666667,-0.24008652567863464,-0.0626346160820956
UBFC_PHYS_s17_T3_ctrl,59,159,64.3,0.030708711594343185,-0.010762836367869504
UBFC_PHYS_s17_T3_ctrl,59,160,64.33333333333333,0.18693043291568756,0.012462969492119193
UBFC_PHYS_s17_T3_ctrl,59,161,64.36666666666666,0.2146724909543991,0.01727724106396817
UBFC_PHYS_s17_T3_ctrl,59,162,64.4,0.11137136816978455,0.014239407913375985
UBFC_PHYS_s17_T3_ctrl,59,163,64.43333333333334,-0.12538425624370575,0.01154622354755294
UBFC_PHYS_s17_T3_ctrl,59,164,64.46666666666667,-0.4364815652370453,0.013782180147952834
UBFC_PHYS_s17_T3_ctrl,59,165,64.5,-0.7063169479370117,0.022067281039682658
UBFC_PHYS_s17_T3_ctrl,59,166,64.53333333333333,-0.8282649517059326,0.03529583681557212
UBFC_PHYS_s17_T3_ctrl,59,167,64.56666666666666,-0.7575168609619141,0.05184002923476326
UBFC_PHYS_s17_T3_ctrl,59,168,64.6,-0.526520311832428,0.07087906704111746
UBFC_PHYS_s17_T3_ctrl,59,169,64.63333333333334,-0.2540043890476227,0.09265227620900496
UBFC_PHYS_s17_T3_ctrl,59,170,64.66666666666667,-0.03723006322979927,0.11749771892305784
UBFC_PHYS_s17_T3_ctrl,59,171,64.7,0.12910521030426025,0.14423308983872615
UBFC_PHYS_s17_T3_ctrl,59,172,64.73333333333333,0.25951629877090454,0.1688545353333837
UBFC_PHYS_s17_T3_ctrl,59,173,64.76666666666667,0.3122144937515259,0.18445030234695864
UBFC_PHYS_s17_T3_ctrl,59,174,64.8,0.2969973385334015,0.1827073678859631
UBFC_PHYS_s17_T3_ctrl,59,175,64.83333333333333,0.30053240060806274,0.15676688593387925
UBFC_PHYS_s17_T3_ctrl,59,176,64.86666666666666,0.3587438762187958,0.10473127364874606
UBFC_PHYS_s17_T3_ctrl,59,177,64.9,0.4194837808609009,0.03275455611055783
UBFC_PHYS_s17_T3_ctrl,59,178,64.93333333333334,0.40033355355262756,-0.04368660695204883
UBFC_PHYS_s17_T3_ctrl,59,179,64.96666666666667,0.2567889094352722,-0.10167482322667636
UBFC_PHYS_s17_T3_ctrl,59,180,65.0,0.0399092398583889,-0.116416196049595
UBFC_PHYS_s17_T3_ctrl,59,181,65.03333333333333,-0.15368816256523132,-0.06965356135422271
UBFC_PHYS_s17_T3_ctrl,59,182,65.06666666666666,-0.3207491934299469,0.041383953505262444
UBFC_PHYS_s17_T3_ctrl,59,183,65.1,-0.5112095475196838,0.1980221999448194
UBFC_PHYS_s17_T3_ctrl,59,184,65.13333333333334,-0.7309219241142273,0.3609864684864935
UBFC_PHYS_s17_T3_ctrl,59,185,65.16666666666667,-0.9461628198623657,0.4801161702378447
UBFC_PHYS_s17_T3_ctrl,59,186,65.2,-1.072863221168518,0.511060199353595
UBFC_PHYS_s17_T3_ctrl,59,187,65.23333333333333,-0.9799917340278625,0.4327313959201985
UBFC_PHYS_s17_T3_ctrl,59,188,65.26666666666667,-0.6151778697967529,0.2573557021946059
UBFC_PHYS_s17_T3_ctrl,59,189,65.3,-0.09297169744968414,0.027539594290967417
UBFC_PHYS_s17_T3_ctrl,59,190,65.33333333333333,0.42794686555862427,-0.19870467634937472
UBFC_PHYS_s17_T3_ctrl,59,191,65.36666666666666,0.8636376261711121,-0.3681119156566361
UBFC_PHYS_s17_T3_ctrl,59,192,65.4,1.2013883590698242,-0.44929063415716647
UBFC_PHYS_s17_T3_ctrl,59,193,65.43333333333334,1.4674779176712036,-0.44110078149513926
UBFC_PHYS_s17_T3_ctrl,59,194,65.46666666666667,1.7157986164093018,-0.37017584988513086
UBFC_PHYS_s17_T3_ctrl,59,195,65.5,1.9978312253952026,-0.2790396257883363
UBFC_PHYS_s17_T3_ctrl,59,196,65.53333333333333,2.29730486869812,-0.2093371758267819
UBFC_PHYS_s17_T3_ctrl,59,197,65.56666666666666,2.529027223587036,-0.18647807850431325
UBFC_PHYS_s17_T3_ctrl,59,198,65.6,2.639691114425659,-0.21160302028769937
UBFC_PHYS_s17_T3_ctrl,59,199,65.63333333333334,2.6640853881835938,-0.2637828470600472
UBFC_PHYS_s17_T3_ctrl,59,200,65.66666666666667,2.6710150241851807,-0.31064190777248174
UBFC_PHYS_s17_T3_ctrl,59,201,65.7,2.6743509769439697,-0.32192244732427144
UBFC_PHYS_s17_T3_ctrl,59,202,65.73333333333333,2.640498638153076,-0.2801302902352088
UBFC_PHYS_s17_T3_ctrl,59,203,65.76666666666667,2.5010509490966797,-0.184871348683651
UBFC_PHYS_s17_T3_ctrl,59,204,65.8,2.0944366455078125,-0.05083346164621747
UBFC_PHYS_s17_T3_ctrl,59,205,65.83333333333333,1.337699055671692,0.09822378978169645
UBFC_PHYS_s17_T3_ctrl,59,206,65.86666666666666,0.45987948775291443,0.23651421779797724
UBFC_PHYS_s17_T3_ctrl,59,207,65.9,-0.18599537014961243,0.3421315004034448
UBFC_PHYS_s17_T3_ctrl,59,208,65.93333333333334,-0.5366572737693787,0.40082367361698995
UBFC_PHYS_s17_T3_ctrl,59,209,65.96666666666667,-0.8159858584403992,0.40759396060960623
UBFC_PHYS_s17_T3_ctrl,59,210,66.0,-1.1911005973815918,0.36659550444944206
UBFC_PHYS_s17_T3_ctrl,59,211,66.03333333333333,-1.6168885231018066,0.28990812927448617
UBFC_PHYS_s17_T3_ctrl,59,212,66.06666666666666,-1.9320242404937744,0.19564288360617185
UBFC_PHYS_s17_T3_ctrl,59,213,66.1,-1.9646825790405273,0.10542031548541955
UBFC_PHYS_s17_T3_ctrl,59,214,66.13333333333334,-1.666274070739746,0.04081583697214345
UBFC_PHYS_s17_T3_ctrl,59,215,66.16666666666667,-1.2397370338439941,0.018506527501619408
UBFC_PHYS_s17_T3_ctrl,59,216,66.2,-0.9680052995681763,0.044908991852471464
UBFC_PHYS_s17_T3_ctrl,59,217,66.23333333333333,-0.9206916093826294,0.11240582689141046
UBFC_PHYS_s17_T3_ctrl,59,218,66.26666666666667,-0.9686374068260193,0.19971400439337791
UBFC_PHYS_s17_T3_ctrl,59,219,66.3,-1.0075465440750122,0.27775663852890337
UBFC_PHYS_s17_T3_ctrl,59,220,66.33333333333333,-1.053209662437439,0.31971015116818696
UBFC_PHYS_s17_T3_ctrl,59,221,66.36666666666666,-1.1538888216018677,0.31112334018912957
UBFC_PHYS_s17_T3_ctrl,59,222,66.4,-1.2765040397644043,0.25501829350255667
UBFC_PHYS_s17_T3_ctrl,59,223,66.43333333333334,-1.3172158002853394,0.16898178864006405
UBFC_PHYS_s17_T3_ctrl,59,224,66.46666666666667,-1.2292956113815308,0.07579700309125638
UBFC_PHYS_s17_T3_ctrl,59,225,66.5,-1.085399866104126,-0.007107280001227234
UBFC_PHYS_s17_T3_ctrl,59,226,66.53333333333333,-0.9991185665130615,-0.07399488771816791
UBFC_PHYS_s17_T3_ctrl,59,227,66.56666666666666,-0.9788796901702881,-0.1304583937940961
UBFC_PHYS_s17_T3_ctrl,59,228,66.6,-0.9084476828575134,-0.18747464289914556
UBFC_PHYS_s17_T3_ctrl,59,229,66.63333333333334,-0.7008036375045776,-0.2534982210534191
UBFC_PHYS_s17_T3_ctrl,59,230,66.66666666666667,-0.41403040289878845,-0.3286909417567591
UBFC_PHYS_s17_T3_ctrl,59,231,66.7,-0.14796417951583862,-0.4039100381119639
UBFC_PHYS_s17_T3_ctrl,59,232,66.73333333333333,0.0847647488117218,-0.4644966146744317
UBFC_PHYS_s17_T3_ctrl,59,233,66.76666666666667,0.2957448363304138,-0.4964781903823744
UBFC_PHYS_s17_T3_ctrl,59,234,66.8,0.4311775863170624,-0.49173638824129906
UBFC_PHYS_s17_T3_ctrl,59,235,66.83333333333333,0.4604296386241913,-0.44970897623270484
UBFC_PHYS_s17_T3_ctrl,59,236,66.86666666666666,0.4544832408428192,-0.3757419921268063
UBFC_PHYS_s17_T3_ctrl,59,237,66.9,0.4876098334789276,-0.2781306874631097
UBFC_PHYS_s17_T3_ctrl,59,238,66.93333333333334,0.5192264318466187,-0.16569172851756547
UBFC_PHYS_s17_T3_ctrl,59,239,66.96666666666667,0.47270873188972473,-0.046525806297933875
UBFC_PHYS_s17_T3_ctrl,60,0,60.0,0.6161714196205139,-0.12239212028809192
UBFC_PHYS_s17_T3_ctrl,60,1,60.03333333333333,0.6888158321380615,0.006415525873050949
UBFC_PHYS_s17_T3_ctrl,60,2,60.06666666666667,0.6908525824546814,0.10672694056707126
UBFC_PHYS_s17_T3_ctrl,60,3,60.1,0.6603480577468872,0.15859945477019774
UBFC_PHYS_s17_T3_ctrl,60,4,60.13333333333333,0.6252666115760803,0.15625300538696696
UBFC_PHYS_s17_T3_ctrl,60,5,60.166666666666664,0.5613311529159546,0.10950079325270094
UBFC_PHYS_s17_T3_ctrl,60,6,60.2,0.4609915018081665,0.04010863705404936
UBFC_PHYS_s17_T3_ctrl,60,7,60.233333333333334,0.36859992146492004,-0.025553672750235512
UBFC_PHYS_s17_T3_ctrl,60,8,60.266666666666666,0.26988735795021057,-0.06511929507997967
UBFC_PHYS_s17_T3_ctrl,60,9,60.3,0.057607971131801605,-0.0674881613891499
UBFC_PHYS_s17_T3_ctrl,60,10,60.333333333333336,-0.28316280245780945,-0.03638938432705043
UBFC_PHYS_s17_T3_ctrl,60,11,60.36666666666667,-0.6089973449707031,0.011256893751453986
UBFC_PHYS_s17_T3_ctrl,60,12,60.4,-0.7949861884117126,0.05197724571997384
UBFC_PHYS_s17_T3_ctrl,60,13,60.43333333333333,-0.9220494627952576,0.06524713621975417
UBFC_PHYS_s17_T3_ctrl,60,14,60.46666666666667,-1.2136921882629395,0.04247714854327623
UBFC_PHYS_s17_T3_ctrl,60,15,60.5,-1.7317194938659668,-0.007874450335493926
UBFC_PHYS_s17_T3_ctrl,60,16,60.53333333333333,-2.171741247177124,-0.06112746681699345
UBFC_PHYS_s17_T3_ctrl,60,17,60.56666666666667,-2.1438822746276855,-0.08329287228043011
UBFC_PHYS_s17_T3_ctrl,60,18,60.6,-1.6245439052581787,-0.042378788194183115
UBFC_PHYS_s17_T3_ctrl,60,19,60.63333333333333,-0.9654535055160522,0.07918885543006844
UBFC_PHYS_s17_T3_ctrl,60,20,60.666666666666664,-0.5008852481842041,0.2753532012943565
UBFC_PHYS_s17_T3_ctrl,60,21,60.7,-0.28000232577323914,0.5143595671018931
UBFC_PHYS_s17_T3_ctrl,60,22,60.733333333333334,-0.17787174880504608,0.7454971340928385
UBFC_PHYS_s17_T3_ctrl,60,23,60.766666666666666,-0.09304192662239075,0.9130741552028478
UBFC_PHYS_s17_T3_ctrl,60,24,60.8,0.003458286402747035,0.9732514992919586
UBFC_PHYS_s17_T3_ctrl,60,25,60.833333333333336,0.08175643533468246,0.9077905352540275
UBFC_PHYS_s17_T3_ctrl,60,26,60.86666666666667,0.09024292975664139,0.7291268511357019
UBFC_PHYS_s17_T3_ctrl,60,27,60.9,0.03053312748670578,0.4744610667350074
UBFC_PHYS_s17_T3_ctrl,60,28,60.93333333333333,-0.018079848960042,0.1920328541292072
UBFC_PHYS_s17_T3_ctrl,60,29,60.96666666666667,0.01624070107936859,-0.07349218311306509
UBFC_PHYS_s17_T3_ctrl,60,30,61.0,0.0953933522105217,-0.2905650647109951
UBFC_PHYS_s17_T3_ctrl,60,31,61.03333333333333,0.11435627937316895,-0.443334271221402
UBFC_PHYS_s17_T3_ctrl,60,32,61.06666666666667,0.07476824522018433,-0.5290840410882617
UBFC_PHYS_s17_T3_ctrl,60,33,61.1,0.06547407060861588,-0.5539092380408229
UBFC_PHYS_s17_T3_ctrl,60,34,61.13333333333333,0.08799546957015991,-0.5293499206973687
UBFC_PHYS_s17_T3_ctrl,60,35,61.166666666666664,0.04974186792969704,-0.4708834615143105
UBFC_PHYS_s17_T3_ctrl,60,36,61.2,-0.06270124763250351,-0.39748802672432737
UBFC_PHYS_s17_T3_ctrl,60,37,61.233333333333334,-0.1208190992474556,-0.3306674526653581
UBFC_PHYS_s17_T3_ctrl,60,38,61.266666666666666,0.007192343473434448,-0.2915590715756358
UBFC_PHYS_s17_T3_ctrl,60,39,61.3,0.2912733256816864,-0.29595795206063735
UBFC_PHYS_s17_T3_ctrl,60,40,61.333333333333336,0.5943992137908936,-0.3487453711702533
UBFC_PHYS_s17_T3_ctrl,60,41,61.36666666666667,0.8554203510284424,-0.4402516825639516
UBFC_PHYS_s17_T3_ctrl,60,42,61.4,1.0900338888168335,-0.5467565185102705
UBFC_PHYS_s17_T3_ctrl,60,43,61.43333333333333,1.2640830278396606,-0.6358986452537949
UBFC_PHYS_s17_T3_ctrl,60,44,61.46666666666667,1.335474967956543,-0.6759514546268071
UBFC_PHYS_s17_T3_ctrl,60,45,61.5,1.3957582712173462,-0.6461991435381871
UBFC_PHYS_s17_T3_ctrl,60,46,61.53333333333333,1.5823675394058228,-0.5445734810037091
UBFC_PHYS_s17_T3_ctrl,60,47,61.56666666666667,1.8551527261734009,-0.38915443442088926
UBFC_PHYS_s17_T3_ctrl,60,48,61.6,2.0822513103485107,-0.21241280944242638
UBFC_PHYS_s17_T3_ctrl,60,49,61.63333333333333,2.2448408603668213,-0.050171925548895
UBFC_PHYS_s17_T3_ctrl,60,50,61.666666666666664,2.462188720703125,0.07039872928174101
UBFC_PHYS_s17_T3_ctrl,60,51,61.7,2.834587812423706,0.13907994618256023
UBFC_PHYS_s17_T3_ctrl,60,52,61.733333333333334,3.1776528358459473,0.1643189203800606
UBFC_PHYS_s17_T3_ctrl,60,53,61.766666666666666,2.9465274810791016,0.16835152892975666
UBFC_PHYS_s17_T3_ctrl,60,54,61.8,1.7895199060440063,0.1781492925503853
UBFC_PHYS_s17_T3_ctrl,60,55,61.833333333333336,0.06969976425170898,0.21582843798792428
UBFC_PHYS_s17_T3_ctrl,60,56,61.86666666666667,-1.5247310400009155,0.2919298742900431
UBFC_PHYS_s17_T3_ctrl,60,57,61.9,-2.5316388607025146,0.4033332798617072
UBFC_PHYS_s17_T3_ctrl,60,58,61.93333333333333,-2.828104257583618,0.5352352322374614
UBFC_PHYS_s17_T3_ctrl,60,59,61.96666666666667,-2.5541720390319824,0.6652551627006168
UBFC_PHYS_s17_T3_ctrl,60,60,62.0,-2.0186214447021484,0.7682421268094766
UBFC_PHYS_s17_T3_ctrl,60,61,62.03333333333333,-1.4957833290100098,0.8215240883466922
UBFC_PHYS_s17_T3_ctrl,60,62,62.06666666666667,-1.139093041419983,0.8105434680417631
UBFC_PHYS_s17_T3_ctrl,60,63,62.1,-1.0452967882156372,0.7338779402028744
UBFC_PHYS_s17_T3_ctrl,60,64,62.13333333333333,-1.1759068965911865,0.6055243105149481
UBFC_PHYS_s17_T3_ctrl,60,65,62.166666666666664,-1.3356636762619019,0.4523579335651497
UBFC_PHYS_s17_T3_ctrl,60,66,62.2,-1.3886311054229736,0.3064824735926476
UBFC_PHYS_s17_T3_ctrl,60,67,62.233333333333334,-1.348036289215088,0.1948170951506888
UBFC_PHYS_s17_T3_ctrl,60,68,62.266666666666666,-1.2647985219955444,0.13008732763044265
UBFC_PHYS_s17_T3_ctrl,60,69,62.3,-1.1911708116531372,0.10717582852687804
UBFC_PHYS_s17_T3_ctrl,60,70,62.333333333333336,-1.1748299598693848,0.10643472338385455
UBFC_PHYS_s17_T3_ctrl,60,71,62.36666666666667,-1.2084013223648071,0.1023670648035932
UBFC_PHYS_s17_T3_ctrl,60,72,62.4,-1.2417035102844238,0.07375803300151151
UBFC_PHYS_s17_T3_ctrl,60,73,62.43333333333333,-1.2023144960403442,0.010848373588568404
UBFC_PHYS_s17_T3_ctrl,60,74,62.46666666666667,-1.0323270559310913,-0.08336369699580112
UBFC_PHYS_s17_T3_ctrl,60,75,62.5,-0.8014827370643616,-0.1976778518081983
UBFC_PHYS_s17_T3_ctrl,60,76,62.53333333333333,-0.6752154231071472,-0.32000647673228416
UBFC_PHYS_s17_T3_ctrl,60,77,62.56666666666667,-0.6695265173912048,-0.4429372053148326
UBFC_PHYS_s17_T3_ctrl,60,78,62.6,-0.651324450969696,-0.5643050759754136
UBFC_PHYS_s17_T3_ctrl,60,79,62.63333333333333,-0.5405318140983582,-0.6825972915837103
UBFC_PHYS_s17_T3_ctrl,60,80,62.666666666666664,-0.357902467250824,-0.7900502404857364
UBFC_PHYS_s17_T3_ctrl,60,81,62.7,-0.14346925914287567,-0.8678783128896158
UBFC_PHYS_s17_T3_ctrl,60,82,62.733333333333334,0.05489229038357735,-0.8874916265842384
UBFC_PHYS_s17_T3_ctrl,60,83,62.766666666666666,0.17563462257385254,-0.818961426877602
UBFC_PHYS_s17_T3_ctrl,60,84,62.8,0.1915072798728943,-0.644359194179619
UBFC_PHYS_s17_T3_ctrl,60,85,62.833333333333336,0.14918015897274017,-0.37050997376102696
UBFC_PHYS_s17_T3_ctrl,60,86,62.86666666666667,0.13285097479820251,-0.034737757698223445
UBFC_PHYS_s17_T3_ctrl,60,87,62.9,0.1862398087978363,0.3007610117138186
UBFC_PHYS_s17_T3_ctrl,60,88,62.93333333333333,0.2813938856124878,0.5655607218420273
UBFC_PHYS_s17_T3_ctrl,60,89,62.96666666666667,0.3599729537963867,0.7028049076671691
UBFC_PHYS_s17_T3_ctrl,60,90,63.0,0.36596620082855225,0.6868635645045308
UBFC_PHYS_s17_T3_ctrl,60,91,63.03333333333333,0.26515835523605347,0.5290666493062475
UBFC_PHYS_s17_T3_ctrl,60,92,63.06666666666667,0.0975588709115982,0.2702142503233909
UBFC_PHYS_s17_T3_ctrl,60,93,63.1,-0.05810098350048065,-0.03472334822471981
UBFC_PHYS_s17_T3_ctrl,60,94,63.13333333333333,-0.1683434695005417,-0.3320796024775842
UBFC_PHYS_s17_T3_ctrl,60,95,63.166666666666664,-0.27420809864997864,-0.5797263713521063
UBFC_PHYS_s17_T3_ctrl,60,96,63.2,-0.42355868220329285,-0.7505879843791655
UBFC_PHYS_s17_T3_ctrl,60,97,63.233333333333334,-0.5731902122497559,-0.831169808304679
UBFC_PHYS_s17_T3_ctrl,60,98,63.266666666666666,-0.5883488059043884,-0.8180935063728321
UBFC_PHYS_s17_T3_ctrl,60,99,63.3,-0.40916091203689575,-0.7151734384045945
UBFC_PHYS_s17_T3_ctrl,60,100,63.333333333333336,-0.14849092066287994,-0.5323028393655657
UBFC_PHYS_s17_T3_ctrl,60,101,63.36666666666667,0.05464647710323334,-0.2859254027107601
UBFC_PHYS_s17_T3_ctrl,60,102,63.4,0.16924341022968292,0.00038565486362649067
UBFC_PHYS_s17_T3_ctrl,60,103,63.43333333333333,0.23439626395702362,0.29707928954886437
UBFC_PHYS_s17_T3_ctrl,60,104,63.46666666666667,0.2686231732368469,0.5724827078591189
UBFC_PHYS_s17_T3_ctrl,60,105,63.5,0.2760678827762604,0.7986725848256205
UBFC_PHYS_s17_T3_ctrl,60,106,63.53333333333333,0.2938953638076782,0.957155122924927
UBFC_PHYS_s17_T3_ctrl,60,107,63.56666666666667,0.3668324053287506,1.0418088542027024
UBFC_PHYS_s17_T3_ctrl,60,108,63.6,0.4732471704483032,1.0577751128025872
UBFC_PHYS_s17_T3_ctrl,60,109,63.63333333333333,0.5323014855384827,1.0170190694107963
UBFC_PHYS_s17_T3_ctrl,60,110,63.666666666666664,0.5019256472587585,0.9328775702846533
UBFC_PHYS_s17_T3_ctrl,60,111,63.7,0.4353915750980377,0.8161583485328311
UBFC_PHYS_s17_T3_ctrl,60,112,63.733333333333334,0.41843026876449585,0.6741596390614248
UBFC_PHYS_s17_T3_ctrl,60,113,63.766666666666666,0.4569648206233978,0.5122175920759341
UBFC_PHYS_s17_T3_ctrl,60,114,63.8,0.44757699966430664,0.3361669681410323
UBFC_PHYS_s17_T3_ctrl,60,115,63.833333333333336,0.31147703528404236,0.15394810510111942
UBFC_PHYS_s17_T3_ctrl,60,116,63.86666666666667,0.13905489444732666,-0.0245830147077157
UBFC_PHYS_s17_T3_ctrl,60,117,63.9,0.13426734507083893,-0.18933413840741656
UBFC_PHYS_s17_T3_ctrl,60,118,63.93333333333333,0.33903181552886963,-0.3319030435549213
UBFC_PHYS_s17_T3_ctrl,60,119,63.96666666666667,0.5154455304145813,-0.44650632636107485
UBFC_PHYS_s17_T3_ctrl,60,120,64.0,0.4047699570655823,-0.5296304394329042
UBFC_PHYS_s17_T3_ctrl,60,121,64.03333333333333,0.004804419819265604,-0.5792517990506157
UBFC_PHYS_s17_T3_ctrl,60,122,64.06666666666666,-0.477392315864563,-0.5948232119979582
UBFC_PHYS_s17_T3_ctrl,60,123,64.1,-0.8796169757843018,-0.5784760619761639
UBFC_PHYS_s17_T3_ctrl,60,124,64.13333333333334,-1.1039764881134033,-0.5365283420907487
UBFC_PHYS_s17_T3_ctrl,60,125,64.16666666666667,-1.0964030027389526,-0.47959312616764266
UBFC_PHYS_s17_T3_ctrl,60,126,64.2,-0.8861837983131409,-0.42021704352316686
UBFC_PHYS_s17_T3_ctrl,60,127,64.23333333333333,-0.5702638030052185,-0.3687055955643975
UBFC_PHYS_s17_T3_ctrl,60,128,64.26666666666667,-0.24008652567863464,-0.3293871321143625
UBFC_PHYS_s17_T3_ctrl,60,129,64.3,0.030708711594343185,-0.29959024771878806
UBFC_PHYS_s17_T3_ctrl,60,130,64.33333333333333,0.18693043291568756,-0.27176430529732143
UBFC_PHYS_s17_T3_ctrl,60,131,64.36666666666666,0.2146724909543991,-0.23723273465364753
UBFC_PHYS_s17_T3_ctrl,60,132,64.4,0.11137136816978455,-0.18972414717130126
UBFC_PHYS_s17_T3_ctrl,60,133,64.43333333333334,-0.12538425624370575,-0.12758917023071117
UBFC_PHYS_s17_T3_ctrl,60,134,64.46666666666667,-0.4364815652370453,-0.05429058916791232
UBFC_PHYS_s17_T3_ctrl,60,135,64.5,-0.7063169479370117,0.02281706592269472
UBFC_PHYS_s17_T3_ctrl,60,136,64.53333333333333,-0.8282649517059326,0.09494333538078704
UBFC_PHYS_s17_T3_ctrl,60,137,64.56666666666666,-0.7575168609619141,0.1546451462912567
UBFC_PHYS_s17_T3_ctrl,60,138,64.6,-0.526520311832428,0.19786701245265842
UBFC_PHYS_s17_T3_ctrl,60,139,64.63333333333334,-0.2540043890476227,0.22445020722793058
UBFC_PHYS_s17_T3_ctrl,60,140,64.66666666666667,-0.03723006322979927,0.23700083979104808
UBFC_PHYS_s17_T3_ctrl,60,141,64.7,0.12910521030426025,0.23871510231853538
UBFC_PHYS_s17_T3_ctrl,60,142,64.73333333333333,0.25951629877090454,0.2311368953182866
UBFC_PHYS_s17_T3_ctrl,60,143,64.76666666666667,0.3122144937515259,0.21282127784187427
UBFC_PHYS_s17_T3_ctrl,60,144,64.8,0.2969973385334015,0.17962390635379819
UBFC_PHYS_s17_T3_ctrl,60,145,64.83333333333333,0.30053240060806274,0.1269442830316451
UBFC_PHYS_s17_T3_ctrl,60,146,64.86666666666666,0.3587438762187958,0.053693894693189664
UBFC_PHYS_s17_T3_ctrl,60,147,64.9,0.4194837808609009,-0.03315658920923834
UBFC_PHYS_s17_T3_ctrl,60,148,64.93333333333334,0.40033355355262756,-0.11569461376206314
UBFC_PHYS_s17_T3_ctrl,60,149,64.96666666666667,0.2567889094352722,-0.16643275119167564
UBFC_PHYS_s17_T3_ctrl,60,150,65.0,0.0399092398583889,-0.15530428685560724
UBFC_PHYS_s17_T3_ctrl,60,151,65.03333333333333,-0.15368816256523132,-0.061178253367461854
UBFC_PHYS_s17_T3_ctrl,60,152,65.06666666666666,-0.3207491934299469,0.11594025506812874
UBFC_PHYS_s17_T3_ctrl,60,153,65.1,-0.5112095475196838,0.3475537511578305
UBFC_PHYS_s17_T3_ctrl,60,154,65.13333333333334,-0.7309219241142273,0.5792010521938075
UBFC_PHYS_s17_T3_ctrl,60,155,65.16666666666667,-0.9461628198623657,0.7446015724982344
UBFC_PHYS_s17_T3_ctrl,60,156,65.2,-1.072863221168518,0.7877445961361834
UBFC_PHYS_s17_T3_ctrl,60,157,65.23333333333333,-0.9799917340278625,0.6843060446752921
UBFC_PHYS_s17_T3_ctrl,60,158,65.26666666666667,-0.6151778697967529,0.4523674933228944
UBFC_PHYS_s17_T3_ctrl,60,159,65.3,-0.09297169744968414,0.14654215606952709
UBFC_PHYS_s17_T3_ctrl,60,160,65.33333333333333,0.42794686555862427,-0.16201872870115433
UBFC_PHYS_s17_T3_ctrl,60,161,65.36666666666666,0.8636376261711121,-0.4103362498335202
UBFC_PHYS_s17_T3_ctrl,60,162,65.4,1.2013883590698242,-0.5628198167249986
UBFC_PHYS_s17_T3_ctrl,60,163,65.43333333333334,1.4674779176712036,-0.6187690672866513
UBFC_PHYS_s17_T3_ctrl,60,164,65.46666666666667,1.7157986164093018,-0.6069856777907988
UBFC_PHYS_s17_T3_ctrl,60,165,65.5,1.9978312253952026,-0.5705622392502367
UBFC_PHYS_s17_T3_ctrl,60,166,65.53333333333333,2.29730486869812,-0.5478170291513837
UBFC_PHYS_s17_T3_ctrl,60,167,65.56666666666666,2.529027223587036,-0.5564721766818951
UBFC_PHYS_s17_T3_ctrl,60,168,65.6,2.639691114425659,-0.58712937930037
UBFC_PHYS_s17_T3_ctrl,60,169,65.63333333333334,2.6640853881835938,-0.6086324050332654
UBFC_PHYS_s17_T3_ctrl,60,170,65.66666666666667,2.6710150241851807,-0.5828386491517447
UBFC_PHYS_s17_T3_ctrl,60,171,65.7,2.6743509769439697,-0.4821733116188757
UBFC_PHYS_s17_T3_ctrl,60,172,65.73333333333333,2.640498638153076,-0.3024363409412523
UBFC_PHYS_s17_T3_ctrl,60,173,65.76666666666667,2.5010509490966797,-0.06591022726562863
UBFC_PHYS_s17_T3_ctrl,60,174,65.8,2.0944366455078125,0.18563117012601563
UBFC_PHYS_s17_T3_ctrl,60,175,65.83333333333333,1.337699055671692,0.40425950918765885
UBFC_PHYS_s17_T3_ctrl,60,176,65.86666666666666,0.45987948775291443,0.5499786929248718
UBFC_PHYS_s17_T3_ctrl,60,177,65.9,-0.18599537014961243,0.6007613652578297
UBFC_PHYS_s17_T3_ctrl,60,178,65.93333333333334,-0.5366572737693787,0.5562467575629275
UBFC_PHYS_s17_T3_ctrl,60,179,65.96666666666667,-0.8159858584403992,0.4355628940267249
UBFC_PHYS_s17_T3_ctrl,60,180,66.0,-1.1911005973815918,0.27146198570448715
UBFC_PHYS_s17_T3_ctrl,60,181,66.03333333333333,-1.6168885231018066,0.10321876774882476
UBFC_PHYS_s17_T3_ctrl,60,182,66.06666666666666,-1.9320242404937744,-0.030128197736029413
UBFC_PHYS_s17_T3_ctrl,60,183,66.1,-1.9646825790405273,-0.09580696935870076
UBFC_PHYS_s17_T3_ctrl,60,184,66.13333333333334,-1.666274070739746,-0.07290599041503648
UBFC_PHYS_s17_T3_ctrl,60,185,66.16666666666667,-1.2397370338439941,0.04248689168227772
UBFC_PHYS_s17_T3_ctrl,60,186,66.2,-0.9680052995681763,0.23372699451196868
UBFC_PHYS_s17_T3_ctrl,60,187,66.23333333333333,-0.9206916093826294,0.4637940261309082
UBFC_PHYS_s17_T3_ctrl,60,188,66.26666666666667,-0.9686374068260193,0.6812839657575556
UBFC_PHYS_s17_T3_ctrl,60,189,66.3,-1.0075465440750122,0.8325174775670235
UBFC_PHYS_s17_T3_ctrl,60,190,66.33333333333333,-1.053209662437439,0.8770143864104524
UBFC_PHYS_s17_T3_ctrl,60,191,66.36666666666666,-1.1538888216018677,0.8007445714530492
UBFC_PHYS_s17_T3_ctrl,60,192,66.4,-1.2765040397644043,0.6209264336946323
UBFC_PHYS_s17_T3_ctrl,60,193,66.43333333333334,-1.3172158002853394,0.3792322925265005
UBFC_PHYS_s17_T3_ctrl,60,194,66.46666666666667,-1.2292956113815308,0.12622749060325583
UBFC_PHYS_s17_T3_ctrl,60,195,66.5,-1.085399866104126,-0.0955819166193039
UBFC_PHYS_s17_T3_ctrl,60,196,66.53333333333333,-0.9991185665130615,-0.263074075120883
UBFC_PHYS_s17_T3_ctrl,60,197,66.56666666666666,-0.9788796901702881,-0.37512871288062066
UBFC_PHYS_s17_T3_ctrl,60,198,66.6,-0.9084476828575134,-0.4476213895496978
UBFC_PHYS_s17_T3_ctrl,60,199,66.63333333333334,-0.7008036375045776,-0.5043243276500904
UBFC_PHYS_s17_T3_ctrl,60,200,66.66666666666667,-0.41403040289878845,-0.567577272018737
UBFC_PHYS_s17_T3_ctrl,60,201,66.7,-0.14796417951583862,-0.6514730789686701
UBFC_PHYS_s17_T3_ctrl,60,202,66.73333333333333,0.0847647488117218,-0.7586911309725152
UBFC_PHYS_s17_T3_ctrl,60,203,66.76666666666667,0.2957448363304138,-0.8805253420569968
UBFC_PHYS_s17_T3_ctrl,60,204,66.8,0.4311775863170624,-0.9985771135264776
UBFC_PHYS_s17_T3_ctrl,60,205,66.83333333333333,0.4604296386241913,-1.0868982368985527
UBFC_PHYS_s17_T3_ctrl,60,206,66.86666666666666,0.4544832408428192,-1.1150230018067377
UBFC_PHYS_s17_T3_ctrl,60,207,66.9,0.4876098334789276,-1.0533545802701865
UBFC_PHYS_s17_T3_ctrl,60,208,66.93333333333334,0.5192264318466187,-0.8812202895299659
UBFC_PHYS_s17_T3_ctrl,60,209,66.96666666666667,0.47270873188972473,-0.5956358214811246
UBFC_PHYS_s17_T3_ctrl,60,210,67.0,0.3766767382621765,-0.21739804947458344
UBFC_PHYS_s17_T3_ctrl,60,211,67.03333333333333,0.2854674160480499,0.20858645217667712
UBFC_PHYS_s17_T3_ctrl,60,212,67.06666666666666,0.13656163215637207,0.6200807440637444
UBFC_PHYS_s17_T3_ctrl,60,213,67.1,-0.06041867658495903,0.950469059956526
UBFC_PHYS_s17_T3_ctrl,60,214,67.13333333333334,-0.1364576667547226,1.1450021960881174
UBFC_PHYS_s17_T3_ctrl,60,215,67.16666666666667,-0.10313207656145096,1.1759966753866955
UBFC_PHYS_s17_T3_ctrl,60,216,67.2,-0.1704738736152649,1.0519234729240403
UBFC_PHYS_s17_T3_ctrl,60,217,67.23333333333333,-0.30797848105430603,0.8164133150750996
UBFC_PHYS_s17_T3_ctrl,60,218,67.26666666666667,-0.316804438829422,0.5365718861938439
UBFC_PHYS_s17_T3_ctrl,60,219,67.3,-0.2527167797088623,0.2841573346450863
UBFC_PHYS_s17_T3_ctrl,60,220,67.33333333333333,-0.2320682555437088,0.11594809648866035
UBFC_PHYS_s17_T3_ctrl,60,221,67.36666666666666,-0.24274368584156036,0.05968365339190577
UBFC_PHYS_s17_T3_ctrl,60,222,67.4,-0.3897063434123993,0.10936213905218335
UBFC_PHYS_s17_T3_ctrl,60,223,67.43333333333334,-0.7092081904411316,0.2300339246289791
UBFC_PHYS_s17_T3_ctrl,60,224,67.46666666666667,-0.8461509346961975,0.369400604052951
UBFC_PHYS_s17_T3_ctrl,60,225,67.5,-0.5231842398643494,0.47233691248666
UBFC_PHYS_s17_T3_ctrl,60,226,67.53333333333333,-0.01943768933415413,0.4946969527888729
UBFC_PHYS_s17_T3_ctrl,60,227,67.56666666666666,0.32922258973121643,0.4135943621277674
UBFC_PHYS_s17_T3_ctrl,60,228,67.6,0.5892019271850586,0.23212699267080722
UBFC_PHYS_s17_T3_ctrl,60,229,67.63333333333334,0.8467348217964172,-0.022489091096686557
UBFC_PHYS_s17_T3_ctrl,60,230,67.66666666666667,1.005496621131897,-0.30682192971275013
UBFC_PHYS_s17_T3_ctrl,60,231,67.7,1.0296685695648193,-0.5727886122661844
UBFC_PHYS_s17_T3_ctrl,60,232,67.73333333333333,0.9955469965934753,-0.7792739428032199
UBFC_PHYS_s17_T3_ctrl,60,233,67.76666666666667,0.9134913682937622,-0.9002892240848205
UBFC_PHYS_s17_T3_ctrl,60,234,67.8,0.7430474758148193,-0.9277188313229704
UBFC_PHYS_s17_T3_ctrl,60,235,67.83333333333333,0.5311894416809082,-0.8688789603546565
UBFC_PHYS_s17_T3_ctrl,60,236,67.86666666666666,0.3467808663845062,-0.7408079594373477
UBFC_PHYS_s17_T3_ctrl,60,237,67.9,0.16116660833358765,-0.5638731166467228
UBFC_PHYS_s17_T3_ctrl,60,238,67.93333333333334,-0.05966952070593834,-0.3569282092009243
UBFC_PHYS_s17_T3_ctrl,60,239,67.96666666666667,-0.2075452208518982,-0.13529323184969824
UBFC_PHYS_s17_T3_ctrl,61,0,61.0,0.0953933522105217,0.09807912696679551
UBFC_PHYS_s17_T3_ctrl,61,1,61.03333333333333,0.11435627937316895,0.10917437820393776
UBFC_PHYS_s17_T3_ctrl,61,2,61.06666666666667,0.07476824522018433,0.10287365700822065
UBFC_PHYS_s17_T3_ctrl,61,3,61.1,0.06547407060861588,0.06909080793339219
UBFC_PHYS_s17_T3_ctrl,61,4,61.13333333333333,0.08799546957015991,0.00639401278142831
UBFC_PHYS_s17_T3_ctrl,61,5,61.166666666666664,0.04974186792969704,-0.07901066977898992
UBFC_PHYS_s17_T3_ctrl,61,6,61.2,-0.06270124763250351,-0.17769992922856642
UBFC_PHYS_s17_T3_ctrl,61,7,61.233333333333334,-0.1208190992474556,-0.28227026788297543
UBFC_PHYS_s17_T3_ctrl,61,8,61.266666666666666,0.007192343473434448,-0.3902657553236282
UBFC_PHYS_s17_T3_ctrl,61,9,61.3,0.2912733256816864,-0.5029292852986256
UBFC_PHYS_s17_T3_ctrl,61,10,61.333333333333336,0.5943992137908936,-0.6203411228192417
UBFC_PHYS_s17_T3_ctrl,61,11,61.36666666666667,0.8554203510284424,-0.7357146508163377
UBFC_PHYS_s17_T3_ctrl,61,12,61.4,1.0900338888168335,-0.8323441273937787
UBFC_PHYS_s17_T3_ctrl,61,13,61.43333333333333,1.2640830278396606,-0.8856924757542742
UBFC_PHYS_s17_T3_ctrl,61,14,61.46666666666667,1.335474967956543,-0.870878250336355
UBFC_PHYS_s17_T3_ctrl,61,15,61.5,1.3957582712173462,-0.7731848900469512
UBFC_PHYS_s17_T3_ctrl,61,16,61.53333333333333,1.5823675394058228,-0.5972181347549573
UBFC_PHYS_s17_T3_ctrl,61,17,61.56666666666667,1.8551527261734009,-0.3701013846092059
UBFC_PHYS_s17_T3_ctrl,61,18,61.6,2.0822513103485107,-0.13612442074117675
UBFC_PHYS_s17_T3_ctrl,61,19,61.63333333333333,2.2448408603668213,0.05614370668828965
UBFC_PHYS_s17_T3_ctrl,61,20,61.666666666666664,2.462188720703125,0.16968891769721223
UBFC_PHYS_s17_T3_ctrl,61,21,61.7,2.834587812423706,0.19156787325527533
UBFC_PHYS_s17_T3_ctrl,61,22,61.733333333333334,3.1776528358459473,0.13710112093161325
UBFC_PHYS_s17_T3_ctrl,61,23,61.766666666666666,2.9465274810791016,0.044217754999433395
UBFC_PHYS_s17_T3_ctrl,61,24,61.8,1.7895199060440063,-0.039602880485684736
UBFC_PHYS_s17_T3_ctrl,61,25,61.833333333333336,0.06969976425170898,-0.07257335998601447
UBFC_PHYS_s17_T3_ctrl,61,26,61.86666666666667,-1.5247310400009155,-0.030364081325871872
UBFC_PHYS_s17_T3_ctrl,61,27,61.9,-2.5316388607025146,0.08916115188874872
UBFC_PHYS_s17_T3_ctrl,61,28,61.93333333333333,-2.828104257583618,0.26822226412834665
UBFC_PHYS_s17_T3_ctrl,61,29,61.96666666666667,-2.5541720390319824,0.4757149870861918
UBFC_PHYS_s17_T3_ctrl,61,30,62.0,-2.0186214447021484,0.6751909706164531
UBFC_PHYS_s17_T3_ctrl,61,31,62.03333333333333,-1.4957833290100098,0.8325420972292618
UBFC_PHYS_s17_T3_ctrl,61,32,62.06666666666667,-1.139093041419983,0.922644990085631
UBFC_PHYS_s17_T3_ctrl,61,33,62.1,-1.0452967882156372,0.9342843964892232
UBFC_PHYS_s17_T3_ctrl,61,34,62.13333333333333,-1.1759068965911865,0.8722993731018797
UBFC_PHYS_s17_T3_ctrl,61,35,62.166666666666664,-1.3356636762619019,0.7558968116739828
UBFC_PHYS_s17_T3_ctrl,61,36,62.2,-1.3886311054229736,0.6129826890331811
UBFC_PHYS_s17_T3_ctrl,61,37,62.233333333333334,-1.348036289215088,0.47186856372784547
UBFC_PHYS_s17_T3_ctrl,61,38,62.266666666666666,-1.2647985219955444,0.35301183509889317
UBFC_PHYS_s17_T3_ctrl,61,39,62.3,-1.1911708116531372,0.26376711190509383
UBFC_PHYS_s17_T3_ctrl,61,40,62.333333333333336,-1.1748299598693848,0.1981099693430738
UBFC_PHYS_s17_T3_ctrl,61,41,62.36666666666667,-1.2084013223648071,0.14129611984101934
UBFC_PHYS_s17_T3_ctrl,61,42,62.4,-1.2417035102844238,0.07730207352307783
UBFC_PHYS_s17_T3_ctrl,61,43,62.43333333333333,-1.2023144960403442,-0.004322350336169869
UBFC_PHYS_s17_T3_ctrl,61,44,62.46666666666667,-1.0323270559310913,-0.10517695448122688
UBFC_PHYS_s17_T3_ctrl,61,45,62.5,-0.8014827370643616,-0.21935388442515177
UBFC_PHYS_s17_T3_ctrl,61,46,62.53333333333333,-0.6752154231071472,-0.33785715531301985
UBFC_PHYS_s17_T3_ctrl,61,47,62.56666666666667,-0.6695265173912048,-0.45297312124460065
UBFC_PHYS_s17_T3_ctrl,61,48,62.6,-0.651324450969696,-0.5599584928883917
UBFC_PHYS_s17_T3_ctrl,61,49,62.63333333333333,-0.5405318140983582,-0.6553592110639762
UBFC_PHYS_s17_T3_ctrl,61,50,62.666666666666664,-0.357902467250824,-0.7333216361867406
UBFC_PHYS_s17_T3_ctrl,61,51,62.7,-0.14346925914287567,-0.782509135721846
UBFC_PHYS_s17_T3_ctrl,61,52,62.733333333333334,0.05489229038357735,-0.7862495053619921
UBFC_PHYS_s17_T3_ctrl,61,53,62.766666666666666,0.17563462257385254,-0.7271712719841568
UBFC_PHYS_s17_T3_ctrl,61,54,62.8,0.1915072798728943,-0.5952494471228389
UBFC_PHYS_s17_T3_ctrl,61,55,62.833333333333336,0.14918015897274017,-0.3959431190936534
UBFC_PHYS_s17_T3_ctrl,61,56,62.86666666666667,0.13285097479820251,-0.15418913522988423
UBFC_PHYS_s17_T3_ctrl,61,57,62.9,0.1862398087978363,0.08881463576999814
UBFC_PHYS_s17_T3_ctrl,61,58,62.93333333333333,0.2813938856124878,0.2860140408695814
UBFC_PHYS_s17_T3_ctrl,61,59,62.96666666666667,0.3599729537963867,0.3983837028827207
UBFC_PHYS_s17_T3_ctrl,61,60,63.0,0.36596620082855225,0.4062990483920074
UBFC_PHYS_s17_T3_ctrl,61,61,63.03333333333333,0.26515835523605347,0.3134048154910577
UBFC_PHYS_s17_T3_ctrl,61,62,63.06666666666667,0.0975588709115982,0.14223644250604442
UBFC_PHYS_s17_T3_ctrl,61,63,63.1,-0.05810098350048065,-0.07480585607693714
UBFC_PHYS_s17_T3_ctrl,61,64,63.13333333333333,-0.1683434695005417,-0.30420461095543094
UBFC_PHYS_s17_T3_ctrl,61,65,63.166666666666664,-0.27420809864997864,-0.5165362499728999
UBFC_PHYS_s17_T3_ctrl,61,66,63.2,-0.42355868220329285,-0.6876884376341494
UBFC_PHYS_s17_T3_ctrl,61,67,63.233333333333334,-0.5731902122497559,-0.7978048477077228
UBFC_PHYS_s17_T3_ctrl,61,68,63.266666666666666,-0.5883488059043884,-0.8302979872271897
UBFC_PHYS_s17_T3_ctrl,61,69,63.3,-0.40916091203689575,-0.772548562450175
UBFC_PHYS_s17_T3_ctrl,61,70,63.333333333333336,-0.14849092066287994,-0.6186247405266245
UBFC_PHYS_s17_T3_ctrl,61,71,63.36666666666667,0.05464647710323334,-0.37310140527488644
UBFC_PHYS_s17_T3_ctrl,61,72,63.4,0.16924341022968292,-0.0541931337268543
UBFC_PHYS_s17_T3_ctrl,61,73,63.43333333333333,0.23439626395702362,0.3058814412093205
UBFC_PHYS_s17_T3_ctrl,61,74,63.46666666666667,0.2686231732368469,0.6648838904471548
UBFC_PHYS_s17_T3_ctrl,61,75,63.5,0.2760678827762604,0.9787699207799275
UBFC_PHYS_s17_T3_ctrl,61,76,63.53333333333333,0.2938953638076782,1.2115313020363767
UBFC_PHYS_s17_T3_ctrl,61,77,63.56666666666667,0.3668324053287506,1.3427023989343068
UBFC_PHYS_s17_T3_ctrl,61,78,63.6,0.4732471704483032,1.3697085671132643
UBFC_PHYS_s17_T3_ctrl,61,79,63.63333333333333,0.5323014855384827,1.3048677921093492
UBFC_PHYS_s17_T3_ctrl,61,80,63.666666666666664,0.5019256472587585,1.1690940364985
UBFC_PHYS_s17_T3_ctrl,61,81,63.7,0.4353915750980377,0.985226773887393
UBFC_PHYS_s17_T3_ctrl,61,82,63.733333333333334,0.41843026876449585,0.7733604949362164
UBFC_PHYS_s17_T3_ctrl,61,83,63.766666666666666,0.4569648206233978,0.549048585446549
UBFC_PHYS_s17_T3_ctrl,61,84,63.8,0.44757699966430664,0.32366123985315215
UBFC_PHYS_s17_T3_ctrl,61,85,63.833333333333336,0.31147703528404236,0.10545796258451837
UBFC_PHYS_s17_T3_ctrl,61,86,63.86666666666667,0.13905489444732666,-0.09956010590648229
UBFC_PHYS_s17_T3_ctrl,61,87,63.9,0.13426734507083893,-0.2870017579245784
UBFC_PHYS_s17_T3_ctrl,61,88,63.93333333333333,0.33903181552886963,-0.45320804130700204
UBFC_PHYS_s17_T3_ctrl,61,89,63.96666666666667,0.5154455304145813,-0.5940329306052717
UBFC_PHYS_s17_T3_ctrl,61,90,64.0,0.4047699570655823,-0.7038273519302413
UBFC_PHYS_s17_T3_ctrl,61,91,64.03333333333333,0.004804419819265604,-0.7755758120234162
UBFC_PHYS_s17_T3_ctrl,61,92,64.06666666666666,-0.477392315864563,-0.8028364834739954
UBFC_PHYS_s17_T3_ctrl,61,93,64.1,-0.8796169757843018,-0.7831090327814779
UBFC_PHYS_s17_T3_ctrl,61,94,64.13333333333334,-1.1039764881134033,-0.7210109684010628
UBFC_PHYS_s17_T3_ctrl,61,95,64.16666666666667,-1.0964030027389526,-0.6291369041013011
UBFC_PHYS_s17_T3_ctrl,61,96,64.2,-0.8861837983131409,-0.5253617159353261
UBFC_PHYS_s17_T3_ctrl,61,97,64.23333333333333,-0.5702638030052185,-0.42731920503866844
UBFC_PHYS_s17_T3_ctrl,61,98,64.26666666666667,-0.24008652567863464,-0.34668495152721107
UBFC_PHYS_s17_T3_ctrl,61,99,64.3,0.030708711594343185,-0.28615820198403014
UBFC_PHYS_s17_T3_ctrl,61,100,64.33333333333333,0.18693043291568756,-0.24022034157647254
UBFC_PHYS_s17_T3_ctrl,61,101,64.36666666666666,0.2146724909543991,-0.19859848384993664
UBFC_PHYS_s17_T3_ctrl,61,102,64.4,0.11137136816978455,-0.15065538137184745
UBFC_PHYS_s17_T3_ctrl,61,103,64.43333333333334,-0.12538425624370575,-0.08930170171226753
UBFC_PHYS_s17_T3_ctrl,61,104,64.46666666666667,-0.4364815652370453,-0.013424901911762665
UBFC_PHYS_s17_T3_ctrl,61,105,64.5,-0.7063169479370117,0.07182322164762334
UBFC_PHYS_s17_T3_ctrl,61,106,64.53333333333333,-0.8282649517059326,0.15691802572011593
UBFC_PHYS_s17_T3_ctrl,61,107,64.56666666666666,-0.7575168609619141,0.23125754283057565
UBFC_PHYS_s17_T3_ctrl,61,108,64.6,-0.526520311832428,0.28647428531055463
UBFC_PHYS_s17_T3_ctrl,61,109,64.63333333333334,-0.2540043890476227,0.3184325725939752
UBFC_PHYS_s17_T3_ctrl,61,110,64.66666666666667,-0.03723006322979927,0.3273910200943988
UBFC_PHYS_s17_T3_ctrl,61,111,64.7,0.12910521030426025,0.316737057245029
UBFC_PHYS_s17_T3_ctrl,61,112,64.73333333333333,0.25951629877090454,0.2910954888523878
UBFC_PHYS_s17_T3_ctrl,61,113,64.76666666666667,0.3122144937515259,0.2545145891918851
UBFC_PHYS_s17_T3_ctrl,61,114,64.8,0.2969973385334015,0.20923688167867752
UBFC_PHYS_s17_T3_ctrl,61,115,64.83333333333333,0.30053240060806274,0.15555589675701026
UBFC_PHYS_s17_T3_ctrl,61,116,64.86666666666666,0.3587438762187958,0.09331584075614663
UBFC_PHYS_s17_T3_ctrl,61,117,64.9,0.4194837808609009,0.02507621585478273
UBFC_PHYS_s17_T3_ctrl,61,118,64.93333333333334,0.40033355355262756,-0.04036305390728462
UBFC_PHYS_s17_T3_ctrl,61,119,64.96666666666667,0.2567889094352722,-0.08645043153634195
UBFC_PHYS_s17_T3_ctrl,61,120,65.0,0.0399092398583889,-0.09146212270764834
UBFC_PHYS_s17_T3_ctrl,61,121,65.03333333333333,-0.15368816256523132,-0.03565999392666108
UBFC_PHYS_s17_T3_ctrl,61,122,65.06666666666666,-0.3207491934299469,0.08865216896848879
UBFC_PHYS_s17_T3_ctrl,61,123,65.1,-0.5112095475196838,0.2680058462984257
UBFC_PHYS_s17_T3_ctrl,61,124,65.13333333333334,-0.7309219241142273,0.4646520137807567
UBFC_PHYS_s17_T3_ctrl,61,125,65.16666666666667,-0.9461628198623657,0.6234244797086009
UBFC_PHYS_s17_T3_ctrl,61,126,65.2,-1.072863221168518,0.6885054536040458
UBFC_PHYS_s17_T3_ctrl,61,127,65.23333333333333,-0.9799917340278625,0.6244405470012185
UBFC_PHYS_s17_T3_ctrl,61,128,65.26666666666667,-0.6151778697967529,0.43174290715086167
UBFC_PHYS_s17_T3_ctrl,61,129,65.3,-0.09297169744968414,0.14867493539028184
UBFC_PHYS_s17_T3_ctrl,61,130,65.33333333333333,0.42794686555862427,-0.16210152073237521
UBFC_PHYS_s17_T3_ctrl,61,131,65.36666666666666,0.8636376261711121,-0.43548452414159533
UBFC_PHYS_s17_T3_ctrl,61,132,65.4,1.2013883590698242,-0.6248634117637154
UBFC_PHYS_s17_T3_ctrl,61,133,65.43333333333334,1.4674779176712036,-0.7142562810822116
UBFC_PHYS_s17_T3_ctrl,61,134,65.46666666666667,1.7157986164093018,-0.7182294700814669
UBFC_PHYS_s17_T3_ctrl,61,135,65.5,1.9978312253952026,-0.6709828350269903
UBFC_PHYS_s17_T3_ctrl,61,136,65.53333333333333,2.29730486869812,-0.6098282527763801
UBFC_PHYS_s17_T3_ctrl,61,137,65.56666666666666,2.529027223587036,-0.5600015708888167
UBFC_PHYS_s17_T3_ctrl,61,138,65.6,2.639691114425659,-0.5267571952345418
UBFC_PHYS_s17_T3_ctrl,61,139,65.63333333333334,2.6640853881835938,-0.4972789596466261
UBFC_PHYS_s17_T3_ctrl,61,140,65.66666666666667,2.6710150241851807,-0.45042387528951067
UBFC_PHYS_s17_T3_ctrl,61,141,65.7,2.6743509769439697,-0.36898005510382054
UBFC_PHYS_s17_T3_ctrl,61,142,65.73333333333333,2.640498638153076,-0.2486715660146981
UBFC_PHYS_s17_T3_ctrl,61,143,65.76666666666667,2.5010509490966797,-0.10034589743198047
UBFC_PHYS_s17_T3_ctrl,61,144,65.8,2.0944366455078125,0.05479285409956769
UBFC_PHYS_s17_T3_ctrl,61,145,65.83333333333333,1.337699055671692,0.19392861076042409
UBFC_PHYS_s17_T3_ctrl,61,146,65.86666666666666,0.45987948775291443,0.3008594147494258
UBFC_PHYS_s17_T3_ctrl,61,147,65.9,-0.18599537014961243,0.37003834305084016
UBFC_PHYS_s17_T3_ctrl,61,148,65.93333333333334,-0.5366572737693787,0.405514477679968
UBFC_PHYS_s17_T3_ctrl,61,149,65.96666666666667,-0.8159858584403992,0.4166271670664326
UBFC_PHYS_s17_T3_ctrl,61,150,66.0,-1.1911005973815918,0.4133592616612432
UBFC_PHYS_s17_T3_ctrl,61,151,66.03333333333333,-1.6168885231018066,0.4035890709539624
UBFC_PHYS_s17_T3_ctrl,61,152,66.06666666666666,-1.9320242404937744,0.392994615544282
UBFC_PHYS_s17_T3_ctrl,61,153,66.1,-1.9646825790405273,0.3867411468908671
UBFC_PHYS_s17_T3_ctrl,61,154,66.13333333333334,-1.666274070739746,0.3909326109712028
UBFC_PHYS_s17_T3_ctrl,61,155,66.16666666666667,-1.2397370338439941,0.4118604632121561
UBFC_PHYS_s17_T3_ctrl,61,156,66.2,-0.9680052995681763,0.4525682005524872
UBFC_PHYS_s17_T3_ctrl,61,157,66.23333333333333,-0.9206916093826294,0.5084046769721672
UBFC_PHYS_s17_T3_ctrl,61,158,66.26666666666667,-0.9686374068260193,0.5647269022855123
UBFC_PHYS_s17_T3_ctrl,61,159,66.3,-1.0075465440750122,0.5994735289514871
UBFC_PHYS_s17_T3_ctrl,61,160,66.33333333333333,-1.053209662437439,0.5907258416610295
UBFC_PHYS_s17_T3_ctrl,61,161,66.36666666666666,-1.1538888216018677,0.5260047221920718
UBFC_PHYS_s17_T3_ctrl,61,162,66.4,-1.2765040397644043,0.4081419072936872
UBFC_PHYS_s17_T3_ctrl,61,163,66.43333333333334,-1.3172158002853394,0.2539807646523173
UBFC_PHYS_s17_T3_ctrl,61,164,66.46666666666667,-1.2292956113815308,0.08661273400964925
UBFC_PHYS_s17_T3_ctrl,61,165,66.5,-1.085399866104126,-0.07414397588981213
UBFC_PHYS_s17_T3_ctrl,61,166,66.53333333333333,-0.9991185665130615,-0.21795256616021746
UBFC_PHYS_s17_T3_ctrl,61,167,66.56666666666666,-0.9788796901702881,-0.34455900884427315
UBFC_PHYS_s17_T3_ctrl,61,168,66.6,-0.9084476828575134,-0.4599164319423742
UBFC_PHYS_s17_T3_ctrl,61,169,66.63333333333334,-0.7008036375045776,-0.5709297788472211
UBFC_PHYS_s17_T3_ctrl,61,170,66.66666666666667,-0.41403040289878845,-0.6816275163235206
UBFC_PHYS_s17_T3_ctrl,61,171,66.7,-0.14796417951583862,-0.7918909193090234
UBFC_PHYS_s17_T3_ctrl,61,172,66.73333333333333,0.0847647488117218,-0.8982097917863445
UBFC_PHYS_s17_T3_ctrl,61,173,66.76666666666667,0.2957448363304138,-0.9949452444443695
UBFC_PHYS_s17_T3_ctrl,61,174,66.8,0.4311775863170624,-1.0745138600204482
UBFC_PHYS_s17_T3_ctrl,61,175,66.83333333333333,0.4604296386241913,-1.1260789276549517
UBFC_PHYS_s17_T3_ctrl,61,176,66.86666666666666,0.4544832408428192,-1.1342853255557852
UBFC_PHYS_s17_T3_ctrl,61,177,66.9,0.4876098334789276,-1.080508070507565
UBFC_PHYS_s17_T3_ctrl,61,178,66.93333333333334,0.5192264318466187,-0.9477698054529883
UBFC_PHYS_s17_T3_ctrl,61,179,66.96666666666667,0.47270873188972473,-0.7279715324032653
UBFC_PHYS_s17_T3_ctrl,61,180,67.0,0.3766767382621765,-0.4283055341944217
UBFC_PHYS_s17_T3_ctrl,61,181,67.03333333333333,0.2854674160480499,-0.07374936506660203
UBFC_PHYS_s17_T3_ctrl,61,182,67.06666666666666,0.13656163215637207,0.2957828732345724
UBFC_PHYS_s17_T3_ctrl,61,183,67.1,-0.06041867658495903,0.633032376491452
UBFC_PHYS_s17_T3_ctrl,61,184,67.13333333333334,-0.1364576667547226,0.8938767680530588
UBFC_PHYS_s17_T3_ctrl,61,185,67.16666666666667,-0.10313207656145096,1.0481015359082704
UBFC_PHYS_s17_T3_ctrl,61,186,67.2,-0.1704738736152649,1.087265531283595
UBFC_PHYS_s17_T3_ctrl,61,187,67.23333333333333,-0.30797848105430603,1.0268174247554007
UBFC_PHYS_s17_T3_ctrl,61,188,67.26666666666667,-0.316804438829422,0.9015178484682175
UBFC_PHYS_s17_T3_ctrl,61,189,67.3,-0.2527167797088623,0.7556745298681327
UBFC_PHYS_s17_T3_ctrl,61,190,67.33333333333333,-0.2320682555437088,0.6313125866928597
UBFC_PHYS_s17_T3_ctrl,61,191,67.36666666666666,-0.24274368584156036,0.5577178395582333
UBFC_PHYS_s17_T3_ctrl,61,192,67.4,-0.3897063434123993,0.5450321689384553
UBFC_PHYS_s17_T3_ctrl,61,193,67.43333333333334,-0.7092081904411316,0.5831986313565154
UBFC_PHYS_s17_T3_ctrl,61,194,67.46666666666667,-0.8461509346961975,0.6460525026838217
UBFC_PHYS_s17_T3_ctrl,61,195,67.5,-0.5231842398643494,0.6991598178906167
UBFC_PHYS_s17_T3_ctrl,61,196,67.53333333333333,-0.01943768933415413,0.7093152684727572
UBFC_PHYS_s17_T3_ctrl,61,197,67.56666666666666,0.32922258973121643,0.6533305048696955
UBFC_PHYS_s17_T3_ctrl,61,198,67.6,0.5892019271850586,0.5237924284703351
UBFC_PHYS_s17_T3_ctrl,61,199,67.63333333333334,0.8467348217964172,0.33003454345115335
UBFC_PHYS_s17_T3_ctrl,61,200,67.66666666666667,1.005496621131897,0.09386489956356438
UBFC_PHYS_s17_T3_ctrl,61,201,67.7,1.0296685695648193,-0.15842339576413575
UBFC_PHYS_s17_T3_ctrl,61,202,67.73333333333333,0.9955469965934753,-0.40428898686064035
UBFC_PHYS_s17_T3_ctrl,61,203,67.76666666666667,0.9134913682937622,-0.6295446367304625
UBFC_PHYS_s17_T3_ctrl,61,204,67.8,0.7430474758148193,-0.827364126370907
UBFC_PHYS_s17_T3_ctrl,61,205,67.83333333333333,0.5311894416809082,-0.9928171809324107
UBFC_PHYS_s17_T3_ctrl,61,206,67.86666666666666,0.3467808663845062,-1.1164183039979414
UBFC_PHYS_s17_T3_ctrl,61,207,67.9,0.16116660833358765,-1.1807144009944728
UBFC_PHYS_s17_T3_ctrl,61,208,67.93333333333334,-0.05966952070593834,-1.1625369343013092
UBFC_PHYS_s17_T3_ctrl,61,209,67.96666666666667,-0.2075452208518982,-1.0409609206317665
UBFC_PHYS_s17_T3_ctrl,61,210,68.0,-0.15410956740379333,-0.8083650954602538
UBFC_PHYS_s17_T3_ctrl,61,211,68.03333333333333,0.03264011815190315,-0.48019718405545636
UBFC_PHYS_s17_T3_ctrl,61,212,68.06666666666666,0.18268133699893951,-0.09876032374607617
UBFC_PHYS_s17_T3_ctrl,61,213,68.1,0.2595982253551483,0.27211521237752273
UBFC_PHYS_s17_T3_ctrl,61,214,68.13333333333334,0.3008952736854553,0.5614643646231475
UBFC_PHYS_s17_T3_ctrl,61,215,68.16666666666667,0.3060925006866455,0.7106459775843129
UBFC_PHYS_s17_T3_ctrl,61,216,68.2,0.28098419308662415,0.6908349589831799
UBFC_PHYS_s17_T3_ctrl,61,217,68.23333333333333,0.2685997784137726,0.511628784318587
UBFC_PHYS_s17_T3_ctrl,61,218,68.26666666666667,0.2823537290096283,0.2177797051017868
UBFC_PHYS_s17_T3_ctrl,61,219,68.3,0.2935559153556824,-0.12375113257336513
UBFC_PHYS_s17_T3_ctrl,61,220,68.33333333333333,0.28794896602630615,-0.4409882077522506
UBFC_PHYS_s17_T3_ctrl,61,221,68.36666666666666,0.25869691371917725,-0.6727396313535464
UBFC_PHYS_s17_T3_ctrl,61,222,68.4,0.1951594054698944,-0.779383640229607
UBFC_PHYS_s17_T3_ctrl,61,223,68.43333333333334,0.1051323339343071,-0.7476343706357647
UBFC_PHYS_s17_T3_ctrl,61,224,68.46666666666667,0.011581909842789173,-0.5899921558086825
UBFC_PHYS_s17_T3_ctrl,61,225,68.5,-0.07913578301668167,-0.34005768710795015
UBFC_PHYS_s17_T3_ctrl,61,226,68.53333333333333,-0.18047037720680237,-0.0446683707397463
UBFC_PHYS_s17_T3_ctrl,61,227,68.56666666666666,-0.291930228471756,0.24623014950052866
UBFC_PHYS_s17_T3_ctrl,61,228,68.6,-0.357469379901886,0.4904020262057923
UBFC_PHYS_s17_T3_ctrl,61,229,68.63333333333334,-0.2934519350528717,0.6621878962774413
UBFC_PHYS_s17_T3_ctrl,61,230,68.66666666666667,-0.10324913263320923,0.7562996995024297
UBFC_PHYS_s17_T3_ctrl,61,231,68.7,0.09335659444332123,0.7847211336298355
UBFC_PHYS_s17_T3_ctrl,61,232,68.73333333333333,0.20310744643211365,0.7680114318080721
UBFC_PHYS_s17_T3_ctrl,61,233,68.76666666666667,0.25691765546798706,0.7252092344356369
UBFC_PHYS_s17_T3_ctrl,61,234,68.8,0.30493366718292236,0.6670340888475025
UBFC_PHYS_s17_T3_ctrl,61,235,68.83333333333333,0.3230069577693939,0.5949277807788961
UBFC_PHYS_s17_T3_ctrl,61,236,68.86666666666666,0.2946796417236328,0.5050709708685921
UBFC_PHYS_s17_T3_ctrl,61,237,68.9,0.27006295323371887,0.39407743604680057
UBFC_PHYS_s17_T3_ctrl,61,238,68.93333333333334,0.2950776219367981,0.2630679820664978
UBFC_PHYS_s17_T3_ctrl,61,239,68.96666666666667,0.3439715504646301,0.11866922210089222
UBFC_PHYS_s17_T3_ctrl,62,0,62.0,-2.0186214447021484,0.04123091940736746
UBFC_PHYS_s17_T3_ctrl,62,1,62.03333333333333,-1.4957833290100098,0.40472462482995264
UBFC_PHYS_s17_T3_ctrl,62,2,62.06666666666667,-1.139093041419983,0.7185703872510065
UBFC_PHYS_s17_T3_ctrl,62,3,62.1,-1.0452967882156372,0.9440222965754734
UBFC_PHYS_s17_T3_ctrl,62,4,62.13333333333333,-1.1759068965911865,1.0640230125680603
UBFC_PHYS_s17_T3_ctrl,62,5,62.166666666666664,-1.3356636762619019,1.085915941579466
UBFC_PHYS_s17_T3_ctrl,62,6,62.2,-1.3886311054229736,1.0364600950220484
UBFC_PHYS_s17_T3_ctrl,62,7,62.233333333333334,-1.348036289215088,0.9511663984856167
UBFC_PHYS_s17_T3_ctrl,62,8,62.266666666666666,-1.2647985219955444,0.8620404891840974
UBFC_PHYS_s17_T3_ctrl,62,9,62.3,-1.1911708116531372,0.7880382651726231
UBFC_PHYS_s17_T3_ctrl,62,10,62.333333333333336,-1.1748299598693848,0.7312319688782897
UBFC_PHYS_s17_T3_ctrl,62,11,62.36666666666667,-1.2084013223648071,0.6794154829561212
UBFC_PHYS_s17_T3_ctrl,62,12,62.4,-1.2417035102844238,0.613424210840763
UBFC_PHYS_s17_T3_ctrl,62,13,62.43333333333333,-1.2023144960403442,0.5157492336916886
UBFC_PHYS_s17_T3_ctrl,62,14,62.46666666666667,-1.0323270559310913,0.3768332977008321
UBFC_PHYS_s17_T3_ctrl,62,15,62.5,-0.8014827370643616,0.19695449962375786
UBFC_PHYS_s17_T3_ctrl,62,16,62.53333333333333,-0.6752154231071472,-0.01582572901080809
UBFC_PHYS_s17_T3_ctrl,62,17,62.56666666666667,-0.6695265173912048,-0.24913465413500388
UBFC_PHYS_s17_T3_ctrl,62,18,62.6,-0.651324450969696,-0.4884596039842231
UBFC_PHYS_s17_T3_ctrl,62,19,62.63333333333333,-0.5405318140983582,-0.7168337564671086
UBFC_PHYS_s17_T3_ctrl,62,20,62.666666666666664,-0.357902467250824,-0.9130455524502654
UBFC_PHYS_s17_T3_ctrl,62,21,62.7,-0.14346925914287567,-1.0509015206743355
UBFC_PHYS_s17_T3_ctrl,62,22,62.733333333333334,0.05489229038357735,-1.1019969879535603
UBFC_PHYS_s17_T3_ctrl,62,23,62.766666666666666,0.17563462257385254,-1.0427803033584915
UBFC_PHYS_s17_T3_ctrl,62,24,62.8,0.1915072798728943,-0.864232510954487
UBFC_PHYS_s17_T3_ctrl,62,25,62.833333333333336,0.14918015897274017,-0.5804441699034588
UBFC_PHYS_s17_T3_ctrl,62,26,62.86666666666667,0.13285097479820251,-0.23180374717756475
UBFC_PHYS_s17_T3_ctrl,62,27,62.9,0.1862398087978363,0.1202533841664713
UBFC_PHYS_s17_T3_ctrl,62,28,62.93333333333333,0.2813938856124878,0.4071395746617421
UBFC_PHYS_s17_T3_ctrl,62,29,62.96666666666667,0.3599729537963867,0.5718356634436572
UBFC_PHYS_s17_T3_ctrl,62,30,63.0,0.36596620082855225,0.5850774994558446
UBFC_PHYS_s17_T3_ctrl,62,31,63.03333333333333,0.26515835523605347,0.4518986402213653
UBFC_PHYS_s17_T3_ctrl,62,32,63.06666666666667,0.0975588709115982,0.20661467187851904
UBFC_PHYS_s17_T3_ctrl,62,33,63.1,-0.05810098350048065,-0.09964510728470372
UBFC_PHYS_s17_T3_ctrl,62,34,63.13333333333333,-0.1683434695005417,-0.41250211181980695
UBFC_PHYS_s17_T3_ctrl,62,35,63.166666666666664,-0.27420809864997864,-0.6842710826400497
UBFC_PHYS_s17_T3_ctrl,62,36,63.2,-0.42355868220329285,-0.8787334613279519
UBFC_PHYS_s17_T3_ctrl,62,37,63.233333333333334,-0.5731902122497559,-0.9719416946068243
UBFC_PHYS_s17_T3_ctrl,62,38,63.266666666666666,-0.5883488059043884,-0.9514875600047944
UBFC_PHYS_s17_T3_ctrl,62,39,63.3,-0.40916091203689575,-0.8161937357071951
UBFC_PHYS_s17_T3_ctrl,62,40,63.333333333333336,-0.14849092066287994,-0.5766450455854708
UBFC_PHYS_s17_T3_ctrl,62,41,63.36666666666667,0.05464647710323334,-0.255507269427769
UBFC_PHYS_s17_T3_ctrl,62,42,63.4,0.16924341022968292,0.1138696260366362
UBFC_PHYS_s17_T3_ctrl,62,43,63.43333333333333,0.23439626395702362,0.4913627806096371
UBFC_PHYS_s17_T3_ctrl,62,44,63.46666666666667,0.2686231732368469,0.8359864415095027
UBFC_PHYS_s17_T3_ctrl,62,45,63.5,0.2760678827762604,1.1122268076872373
UBFC_PHYS_s17_T3_ctrl,62,46,63.53333333333333,0.2938953638076782,1.2950501740381613
UBFC_PHYS_s17_T3_ctrl,62,47,63.56666666666667,0.3668324053287506,1.3724481267017616
UBFC_PHYS_s17_T3_ctrl,62,48,63.6,0.4732471704483032,1.345317648815415
UBFC_PHYS_s17_T3_ctrl,62,49,63.63333333333333,0.5323014855384827,1.2253040453420818
UBFC_PHYS_s17_T3_ctrl,62,50,63.666666666666664,0.5019256472587585,1.0316683671882612
UBFC_PHYS_s17_T3_ctrl,62,51,63.7,0.4353915750980377,0.7881360057229146
UBFC_PHYS_s17_T3_ctrl,62,52,63.733333333333334,0.41843026876449585,0.5201572749129154
UBFC_PHYS_s17_T3_ctrl,62,53,63.766666666666666,0.4569648206233978,0.2524757154846676
UBFC_PHYS_s17_T3_ctrl,62,54,63.8,0.44757699966430664,0.006736942338901947
UBFC_PHYS_s17_T3_ctrl,62,55,63.833333333333336,0.31147703528404236,-0.2008726563999682
UBFC_PHYS_s17_T3_ctrl,62,56,63.86666666666667,0.13905489444732666,-0.36152118106007175
UBFC_PHYS_s17_T3_ctrl,62,57,63.9,0.13426734507083893,-0.4744311231061303
UBFC_PHYS_s17_T3_ctrl,62,58,63.93333333333333,0.33903181552886963,-0.545773180559538
UBFC_PHYS_s17_T3_ctrl,62,59,63.96666666666667,0.5154455304145813,-0.5856712998402122
UBFC_PHYS_s17_T3_ctrl,62,60,64.0,0.4047699570655823,-0.6040134992583392
UBFC_PHYS_s17_T3_ctrl,62,61,64.03333333333333,0.004804419819265604,-0.6066123374689478
UBFC_PHYS_s17_T3_ctrl,62,62,64.06666666666666,-0.477392315864563,-0.5937105263984461
UBFC_PHYS_s17_T3_ctrl,62,63,64.1,-0.8796169757843018,-0.5619945463341536
UBFC_PHYS_s17_T3_ctrl,62,64,64.13333333333334,-1.1039764881134033,-0.509093831663224
UBFC_PHYS_s17_T3_ctrl,62,65,64.16666666666667,-1.0964030027389526,-0.4376982264620931
UBFC_PHYS_s17_T3_ctrl,62,66,64.2,-0.8861837983131409,-0.35659867249796035
UBFC_PHYS_s17_T3_ctrl,62,67,64.23333333333333,-0.5702638030052185,-0.27799698618611257
UBFC_PHYS_s17_T3_ctrl,62,68,64.26666666666667,-0.24008652567863464,-0.21285857935770014
UBFC_PHYS_s17_T3_ctrl,62,69,64.3,0.030708711594343185,-0.16707658433557504
UBFC_PHYS_s17_T3_ctrl,62,70,64.33333333333333,0.18693043291568756,-0.14009357389254667
UBFC_PHYS_s17_T3_ctrl,62,71,64.36666666666666,0.2146724909543991,-0.12587051619047335
UBFC_PHYS_s17_T3_ctrl,62,72,64.4,0.11137136816978455,-0.11533201761975123
UBFC_PHYS_s17_T3_ctrl,62,73,64.43333333333334,-0.12538425624370575,-0.09940664267106628
UBFC_PHYS_s17_T3_ctrl,62,74,64.46666666666667,-0.4364815652370453,-0.07171025057670549
UBFC_PHYS_s17_T3_ctrl,62,75,64.5,-0.7063169479370117,-0.029941670950109668
UBFC_PHYS_s17_T3_ctrl,62,76,64.53333333333333,-0.8282649517059326,0.024410994871313103
UBFC_PHYS_s17_T3_ctrl,62,77,64.56666666666666,-0.7575168609619141,0.08759538501912088
UBFC_PHYS_s17_T3_ctrl,62,78,64.6,-0.526520311832428,0.15523790123075426
UBFC_PHYS_s17_T3_ctrl,62,79,64.63333333333334,-0.2540043890476227,0.2230472842805844
UBFC_PHYS_s17_T3_ctrl,62,80,64.66666666666667,-0.03723006322979927,0.286341948219238
UBFC_PHYS_s17_T3_ctrl,62,81,64.7,0.12910521030426025,0.33908866084634826
UBFC_PHYS_s17_T3_ctrl,62,82,64.73333333333333,0.25951629877090454,0.37347013839361076
UBFC_PHYS_s17_T3_ctrl,62,83,64.76666666666667,0.3122144937515259,0.3806851950653626
UBFC_PHYS_s17_T3_ctrl,62,84,64.8,0.2969973385334015,0.35308297333691213
UBFC_PHYS_s17_T3_ctrl,62,85,64.83333333333333,0.30053240060806274,0.2872157771171742
UBFC_PHYS_s17_T3_ctrl,62,86,64.86666666666666,0.3587438762187958,0.18710301617111044
UBFC_PHYS_s17_T3_ctrl,62,87,64.9,0.4194837808609009,0.06670200424574155
UBFC_PHYS_s17_T3_ctrl,62,88,64.93333333333334,0.40033355355262756,-0.04980500453903987
UBFC_PHYS_s17_T3_ctrl,62,89,64.96666666666667,0.2567889094352722,-0.13127960790164261
UBFC_PHYS_s17_T3_ctrl,62,90,65.0,0.0399092398583889,-0.14691800138215583
UBFC_PHYS_s17_T3_ctrl,62,91,65.03333333333333,-0.15368816256523132,-0.07639860242940487
UBFC_PHYS_s17_T3_ctrl,62,92,65.06666666666666,-0.3207491934299469,0.08003135617596406
UBFC_PHYS_s17_T3_ctrl,62,93,65.1,-0.5112095475196838,0.2956393992710176
UBFC_PHYS_s17_T3_ctrl,62,94,65.13333333333334,-0.7309219241142273,0.5194194703688275
UBFC_PHYS_s17_T3_ctrl,62,95,65.16666666666667,-0.9461628198623657,0.6881239097897609
UBFC_PHYS_s17_T3_ctrl,62,96,65.2,-1.072863221168518,0.7455892768634955
UBFC_PHYS_s17_T3_ctrl,62,97,65.23333333333333,-0.9799917340278625,0.6624182728737612
UBFC_PHYS_s17_T3_ctrl,62,98,65.26666666666667,-0.6151778697967529,0.44715354966512966
UBFC_PHYS_s17_T3_ctrl,62,99,65.3,-0.09297169744968414,0.14306945321470865
UBFC_PHYS_s17_T3_ctrl,62,100,65.33333333333333,0.42794686555862427,-0.18793536159622654
UBFC_PHYS_s17_T3_ctrl,62,101,65.36666666666666,0.8636376261711121,-0.4863749912255969
UBFC_PHYS_s17_T3_ctrl,62,102,65.4,1.2013883590698242,-0.7121957126246933
UBFC_PHYS_s17_T3_ctrl,62,103,65.43333333333334,1.4674779176712036,-0.8523359832393256
UBFC_PHYS_s17_T3_ctrl,62,104,65.46666666666667,1.7157986164093018,-0.9179026546226605
UBFC_PHYS_s17_T3_ctrl,62,105,65.5,1.9978312253952026,-0.933660101465225
UBFC_PHYS_s17_T3_ctrl,62,106,65.53333333333333,2.29730486869812,-0.9246212401594562
UBFC_PHYS_s17_T3_ctrl,62,107,65.56666666666666,2.529027223587036,-0.9048591348397942
UBFC_PHYS_s17_T3_ctrl,62,108,65.6,2.639691114425659,-0.8723610592198162
UBFC_PHYS_s17_T3_ctrl,62,109,65.63333333333334,2.6640853881835938,-0.8113083396823122
UBFC_PHYS_s17_T3_ctrl,62,110,65.66666666666667,2.6710150241851807,-0.700372211225407
UBFC_PHYS_s17_T3_ctrl,62,111,65.7,2.6743509769439697,-0.5234872461378448
UBFC_PHYS_s17_T3_ctrl,62,112,65.73333333333333,2.640498638153076,-0.27888778787141927
UBFC_PHYS_s17_T3_ctrl,62,113,65.76666666666667,2.5010509490966797,0.016888492141966645
UBFC_PHYS_s17_T3_ctrl,62,114,65.8,2.0944366455078125,0.33127003976478825
UBFC_PHYS_s17_T3_ctrl,62,115,65.83333333333333,1.337699055671692,0.6231195207507348
UBFC_PHYS_s17_T3_ctrl,62,116,65.86666666666666,0.45987948775291443,0.8526535979169242
UBFC_PHYS_s17_T3_ctrl,62,117,65.9,-0.18599537014961243,0.9905819650376821
UBFC_PHYS_s17_T3_ctrl,62,118,65.93333333333334,-0.5366572737693787,1.0239741142886882
UBFC_PHYS_s17_T3_ctrl,62,119,65.96666666666667,-0.8159858584403992,0.9578438397163388
UBFC_PHYS_s17_T3_ctrl,62,120,66.0,-1.1911005973815918,0.8129426248817054
UBFC_PHYS_s17_T3_ctrl,62,121,66.03333333333333,-1.6168885231018066,0.6211423165839909
UBFC_PHYS_s17_T3_ctrl,62,122,66.06666666666666,-1.9320242404937744,0.4198083724136335
UBFC_PHYS_s17_T3_ctrl,62,123,66.1,-1.9646825790405273,0.24598722879899318
UBFC_PHYS_s17_T3_ctrl,62,124,66.13333333333334,-1.666274070739746,0.1306136532448134
UBFC_PHYS_s17_T3_ctrl,62,125,66.16666666666667,-1.2397370338439941,0.092812556390517
UBFC_PHYS_s17_T3_ctrl,62,126,66.2,-0.9680052995681763,0.13492806675305716
UBFC_PHYS_s17_T3_ctrl,62,127,66.23333333333333,-0.9206916093826294,0.2398749831451585
UBFC_PHYS_s17_T3_ctrl,62,128,66.26666666666667,-0.9686374068260193,0.373013788969378
UBFC_PHYS_s17_T3_ctrl,62,129,66.3,-1.0075465440750122,0.4899944897172515
UBFC_PHYS_s17_T3_ctrl,62,130,66.33333333333333,-1.053209662437439,0.5495326561706428
UBFC_PHYS_s17_T3_ctrl,62,131,66.36666666666666,-1.1538888216018677,0.526848279360679
UBFC_PHYS_s17_T3_ctrl,62,132,66.4,-1.2765040397644043,0.4215749202730185
UBFC_PHYS_s17_T3_ctrl,62,133,66.43333333333334,-1.3172158002853394,0.2557209109413954
UBFC_PHYS_s17_T3_ctrl,62,134,66.46666666666667,-1.2292956113815308,0.06275322048711013
UBFC_PHYS_s17_T3_ctrl,62,135,66.5,-1.085399866104126,-0.12612716636748467
UBFC_PHYS_s17_T3_ctrl,62,136,66.53333333333333,-0.9991185665130615,-0.2919199993149513
UBFC_PHYS_s17_T3_ctrl,62,137,66.56666666666666,-0.9788796901702881,-0.4306779219075416
UBFC_PHYS_s17_T3_ctrl,62,138,66.6,-0.9084476828575134,-0.550062372098114
UBFC_PHYS_s17_T3_ctrl,62,139,66.63333333333334,-0.7008036375045776,-0.6627963582032469
UBFC_PHYS_s17_T3_ctrl,62,140,66.66666666666667,-0.41403040289878845,-0.780140879956339
UBFC_PHYS_s17_T3_ctrl,62,141,66.7,-0.14796417951583862,-0.9071575299941697
UBFC_PHYS_s17_T3_ctrl,62,142,66.73333333333333,0.0847647488117218,-1.0403626452775043
UBFC_PHYS_s17_T3_ctrl,62,143,66.76666666666667,0.2957448363304138,-1.1675900387354345
UBFC_PHYS_s17_T3_ctrl,62,144,66.8,0.4311775863170624,-1.2692631715434002
UBFC_PHYS_s17_T3_ctrl,62,145,66.83333333333333,0.4604296386241913,-1.320419146759084
UBFC_PHYS_s17_T3_ctrl,62,146,66.86666666666666,0.4544832408428192,-1.2938822990614092
UBFC_PHYS_s17_T3_ctrl,62,147,66.9,0.4876098334789276,-1.1656160160520574
UBFC_PHYS_s17_T3_ctrl,62,148,66.93333333333334,0.5192264318466187,-0.9223137364209248
UBFC_PHYS_s17_T3_ctrl,62,149,66.96666666666667,0.47270873188972473,-0.569330558476426
UBFC_PHYS_s17_T3_ctrl,62,150,67.0,0.3766767382621765,-0.13558986731205605
UBFC_PHYS_s17_T3_ctrl,62,151,67.03333333333333,0.2854674160480499,0.32778105470930563
UBFC_PHYS_s17_T3_ctrl,62,152,67.06666666666666,0.13656163215637207,0.7563735869519966
UBFC_PHYS_s17_T3_ctrl,62,153,67.1,-0.06041867658495903,1.0872407817925165
UBFC_PHYS_s17_T3_ctrl,62,154,67.13333333333334,-0.1364576667547226,1.2750363198902313
UBFC_PHYS_s17_T3_ctrl,62,155,67.16666666666667,-0.10313207656145096,1.3041955490506942
UBFC_PHYS_s17_T3_ctrl,62,156,67.2,-0.1704738736152649,1.193178679637968
UBFC_PHYS_s17_T3_ctrl,62,157,67.23333333333333,-0.30797848105430603,0.9895159024759091
UBFC_PHYS_s17_T3_ctrl,62,158,67.26666666666667,-0.316804438829422,0.757103052788827
UBFC_PHYS_s17_T3_ctrl,62,159,67.3,-0.2527167797088623,0.5592959976761185
UBFC_PHYS_s17_T3_ctrl,62,160,67.33333333333333,-0.2320682555437088,0.4425746879778707
UBFC_PHYS_s17_T3_ctrl,62,161,67.36666666666666,-0.24274368584156036,0.4254251635500052
UBFC_PHYS_s17_T3_ctrl,62,162,67.4,-0.3897063434123993,0.49543361783349393
UBFC_PHYS_s17_T3_ctrl,62,163,67.43333333333334,-0.7092081904411316,0.6149947550414521
UBFC_PHYS_s17_T3_ctrl,62,164,67.46666666666667,-0.8461509346961975,0.7334641594103104
UBFC_PHYS_s17_T3_ctrl,62,165,67.5,-0.5231842398643494,0.8018547070833961
UBFC_PHYS_s17_T3_ctrl,62,166,67.53333333333333,-0.01943768933415413,0.7857541165921442
UBFC_PHYS_s17_T3_ctrl,62,167,67.56666666666666,0.32922258973121643,0.672996266464354
UBFC_PHYS_s17_T3_ctrl,62,168,67.6,0.5892019271850586,0.47438305847503537
UBFC_PHYS_s17_T3_ctrl,62,169,67.63333333333334,0.8467348217964172,0.21789268004983198
UBFC_PHYS_s17_T3_ctrl,62,170,67.66666666666667,1.005496621131897,-0.06126146456968587
UBFC_PHYS_s17_T3_ctrl,62,171,67.7,1.0296685695648193,-0.3311854395747176
UBFC_PHYS_s17_T3_ctrl,62,172,67.73333333333333,0.9955469965934753,-0.5708932846581757
UBFC_PHYS_s17_T3_ctrl,62,173,67.76666666666667,0.9134913682937622,-0.7724949581884883
UBFC_PHYS_s17_T3_ctrl,62,174,67.8,0.7430474758148193,-0.937592495308067
UBFC_PHYS_s17_T3_ctrl,62,175,67.83333333333333,0.5311894416809082,-1.0697902505210457
UBFC_PHYS_s17_T3_ctrl,62,176,67.86666666666666,0.3467808663845062,-1.16692094252672
UBFC_PHYS_s17_T3_ctrl,62,177,67.9,0.16116660833358765,-1.216841354429899
UBFC_PHYS_s17_T3_ctrl,62,178,67.93333333333334,-0.05966952070593834,-1.1991760885127334
UBFC_PHYS_s17_T3_ctrl,62,179,67.96666666666667,-0.2075452208518982,-1.0928743819866253
UBFC_PHYS_s17_T3_ctrl,62,180,68.0,-0.15410956740379333,-0.8869983354004278
UBFC_PHYS_s17_T3_ctrl,62,181,68.03333333333333,0.03264011815190315,-0.590639660513616
UBFC_PHYS_s17_T3_ctrl,62,182,68.06666666666666,0.18268133699893951,-0.23772458639215488
UBFC_PHYS_s17_T3_ctrl,62,183,68.1,0.2595982253551483,0.11627923159797034
UBFC_PHYS_s17_T3_ctrl,62,184,68.13333333333334,0.3008952736854553,0.40629321643577554
UBFC_PHYS_s17_T3_ctrl,62,185,68.16666666666667,0.3060925006866455,0.5753121710003367
UBFC_PHYS_s17_T3_ctrl,62,186,68.2,0.28098419308662415,0.5916600954983575
UBFC_PHYS_s17_T3_ctrl,62,187,68.23333333333333,0.2685997784137726,0.45894595317825687
UBFC_PHYS_s17_T3_ctrl,62,188,68.26666666666667,0.2823537290096283,0.21504492678234122
UBFC_PHYS_s17_T3_ctrl,62,189,68.3,0.2935559153556824,-0.07866851453457976
UBFC_PHYS_s17_T3_ctrl,62,190,68.33333333333333,0.28794896602630615,-0.35315183724527033
UBFC_PHYS_s17_T3_ctrl,62,191,68.36666666666666,0.25869691371917725,-0.5471896307487473
UBFC_PHYS_s17_T3_ctrl,62,192,68.4,0.1951594054698944,-0.6187365253069794
UBFC_PHYS_s17_T3_ctrl,62,193,68.43333333333334,0.1051323339343071,-0.5507236982764969
UBFC_PHYS_s17_T3_ctrl,62,194,68.46666666666667,0.011581909842789173,-0.35175794049806863
UBFC_PHYS_s17_T3_ctrl,62,195,68.5,-0.07913578301668167,-0.0527518972291404
UBFC_PHYS_s17_T3_ctrl,62,196,68.53333333333333,-0.18047037720680237,0.29971747686183947
UBFC_PHYS_s17_T3_ctrl,62,197,68.56666666666666,-0.291930228471756,0.6526476338344015
UBFC_PHYS_s17_T3_ctrl,62,198,68.6,-0.357469379901886,0.9570995220705081
UBFC_PHYS_s17_T3_ctrl,62,199,68.63333333333334,-0.2934519350528717,1.1775078742657774
UBFC_PHYS_s17_T3_ctrl,62,200,68.66666666666667,-0.10324913263320923,1.2969191270240137
UBFC_PHYS_s17_T3_ctrl,62,201,68.7,0.09335659444332123,1.316365340937385
UBFC_PHYS_s17_T3_ctrl,62,202,68.73333333333333,0.20310744643211365,1.2491610345209643
UBFC_PHYS_s17_T3_ctrl,62,203,68.76666666666667,0.25691765546798706,1.113252578641027
UBFC_PHYS_s17_T3_ctrl,62,204,68.8,0.30493366718292236,0.9251543097298901
UBFC_PHYS_s17_T3_ctrl,62,205,68.83333333333333,0.3230069577693939,0.6974341495531969
UBFC_PHYS_s17_T3_ctrl,62,206,68.86666666666666,0.2946796417236328,0.4394003955866273
UBFC_PHYS_s17_T3_ctrl,62,207,68.9,0.27006295323371887,0.1592545863725548
UBFC_PHYS_s17_T3_ctrl,62,208,68.93333333333334,0.2950776219367981,-0.13372061467284754
UBFC_PHYS_s17_T3_ctrl,62,209,68.96666666666667,0.3439715504646301,-0.42745160058097753
UBFC_PHYS_s17_T3_ctrl,62,210,69.0,0.36245453357696533,-0.7060958595664015
UBFC_PHYS_s17_T3_ctrl,62,211,69.03333333333333,0.3476821780204773,-0.9502356396502231
UBFC_PHYS_s17_T3_ctrl,62,212,69.06666666666666,0.347705602645874,-1.1385670337262457
UBFC_PHYS_s17_T3_ctrl,62,213,69.1,0.3785027861595154,-1.2508999876671327
UBFC_PHYS_s17_T3_ctrl,62,214,69.13333333333334,0.3989640176296234,-1.2717517256738382
UBFC_PHYS_s17_T3_ctrl,62,215,69.16666666666667,0.370882511138916,-1.193683908171404
UBFC_PHYS_s17_T3_ctrl,62,216,69.2,0.3152579367160797,-1.0198971670041121
UBFC_PHYS_s17_T3_ctrl,62,217,69.23333333333333,0.2874690592288971,-0.765960524922048
UBFC_PHYS_s17_T3_ctrl,62,218,69.26666666666667,0.33690139651298523,-0.46038345134224795
UBFC_PHYS_s17_T3_ctrl,62,219,69.3,0.4992333948612213,-0.14302971665989223
UBFC_PHYS_s17_T3_ctrl,62,220,69.33333333333333,0.7560522556304932,0.14014851411461743
UBFC_PHYS_s17_T3_ctrl,62,221,69.36666666666666,1.0448857545852661,0.3465830129577099
UBFC_PHYS_s17_T3_ctrl,62,222,69.4,1.3640129566192627,0.44855495625281516
UBFC_PHYS_s17_T3_ctrl,62,223,69.43333333333334,1.7106950283050537,0.4421028227553999
UBFC_PHYS_s17_T3_ctrl,62,224,69.46666666666667,1.8630656003952026,0.349110397729786
UBFC_PHYS_s17_T3_ctrl,62,225,69.5,1.5416674613952637,0.21113054768997366
UBFC_PHYS_s17_T3_ctrl,62,226,69.53333333333333,0.8529621958732605,0.07712431419508906
UBFC_PHYS_s17_T3_ctrl,62,227,69.56666666666666,0.2576551139354706,-0.010352722766469272
UBFC_PHYS_s17_T3_ctrl,62,228,69.6,0.01704838126897812,-0.026037025417989884
UBFC_PHYS_s17_T3_ctrl,62,229,69.63333333333334,0.08182666450738907,0.03285714115326281
UBFC_PHYS_s17_T3_ctrl,62,230,69.66666666666667,0.2759508192539215,0.14793795334798657
UBFC_PHYS_s17_T3_ctrl,62,231,69.7,0.3490048944950104,0.28652921917942925
UBFC_PHYS_s17_T3_ctrl,62,232,69.73333333333333,0.07434684783220291,0.4119504892318232
UBFC_PHYS_s17_T3_ctrl,62,233,69.76666666666667,-0.4755077362060547,0.4940459273413847
UBFC_PHYS_s17_T3_ctrl,62,234,69.8,-0.9897775650024414,0.5165503426647954
UBFC_PHYS_s17_T3_ctrl,62,235,69.83333333333333,-1.3931376934051514,0.47891872491736626
UBFC_PHYS_s17_T3_ctrl,62,236,69.86666666666666,-1.8150159120559692,0.3926537479439487
UBFC_PHYS_s17_T3_ctrl,62,237,69.9,-2.1990151405334473,0.2746026663790409
UBFC_PHYS_s17_T3_ctrl,62,238,69.93333333333334,-2.340792179107666,0.14066732959984912
UBFC_PHYS_s17_T3_ctrl,62,239,69.96666666666667,-2.1686158180236816,0.002557820979633122
UBFC_PHYS_s17_T3_ctrl,63,0,63.0,0.36596620082855225,-0.15348000268838385
UBFC_PHYS_s17_T3_ctrl,63,1,63.03333333333333,0.26515835523605347,-0.07783210305353191
UBFC_PHYS_s17_T3_ctrl,63,2,63.06666666666667,0.0975588709115982,-0.05158017042512198
UBFC_PHYS_s17_T3_ctrl,63,3,63.1,-0.05810098350048065,-0.11127862151951688
UBFC_PHYS_s17_T3_ctrl,63,4,63.13333333333333,-0.1683434695005417,-0.2665187387800026
UBFC_PHYS_s17_T3_ctrl,63,5,63.166666666666664,-0.27420809864997864,-0.496700663373498
UBFC_PHYS_s17_T3_ctrl,63,6,63.2,-0.42355868220329285,-0.756643697196819
UBFC_PHYS_s17_T3_ctrl,63,7,63.233333333333334,-0.5731902122497559,-0.9887882533030395
UBFC_PHYS_s17_T3_ctrl,63,8,63.266666666666666,-0.5883488059043884,-1.137827465294482
UBFC_PHYS_s17_T3_ctrl,63,9,63.3,-0.40916091203689575,-1.1635173760068986
UBFC_PHYS_s17_T3_ctrl,63,10,63.333333333333336,-0.14849092066287994,-1.048727481957712
UBFC_PHYS_s17_T3_ctrl,63,11,63.36666666666667,0.05464647710323334,-0.8016555840290351
UBFC_PHYS_s17_T3_ctrl,63,12,63.4,0.16924341022968292,-0.45272733083631955
UBFC_PHYS_s17_T3_ctrl,63,13,63.43333333333333,0.23439626395702362,-0.047627111236875186
UBFC_PHYS_s17_T3_ctrl,63,14,63.46666666666667,0.2686231732368469,0.36178165071360585
UBFC_PHYS_s17_T3_ctrl,63,15,63.5,0.2760678827762604,0.7268016795546722
UBFC_PHYS_s17_T3_ctrl,63,16,63.53333333333333,0.2938953638076782,1.0096025652200213
UBFC_PHYS_s17_T3_ctrl,63,17,63.56666666666667,0.3668324053287506,1.1877023129213868
UBFC_PHYS_s17_T3_ctrl,63,18,63.6,0.4732471704483032,1.2546855143974647
UBFC_PHYS_s17_T3_ctrl,63,19,63.63333333333333,0.5323014855384827,1.2178810887423643
UBFC_PHYS_s17_T3_ctrl,63,20,63.666666666666664,0.5019256472587585,1.094496778712844
UBFC_PHYS_s17_T3_ctrl,63,21,63.7,0.4353915750980377,0.9075861518330568
UBFC_PHYS_s17_T3_ctrl,63,22,63.733333333333334,0.41843026876449585,0.6824197199723777
UBFC_PHYS_s17_T3_ctrl,63,23,63.766666666666666,0.4569648206233978,0.44323507997795386
UBFC_PHYS_s17_T3_ctrl,63,24,63.8,0.44757699966430664,0.21051969497236067
UBFC_PHYS_s17_T3_ctrl,63,25,63.833333333333336,0.31147703528404236,-0.0006661893625792351
UBFC_PHYS_s17_T3_ctrl,63,26,63.86666666666667,0.13905489444732666,-0.1810132125509975
UBFC_PHYS_s17_T3_ctrl,63,27,63.9,0.13426734507083893,-0.32611400709780436
UBFC_PHYS_s17_T3_ctrl,63,28,63.93333333333333,0.33903181552886963,-0.4348947462816491
UBFC_PHYS_s17_T3_ctrl,63,29,63.96666666666667,0.5154455304145813,-0.5078444098690359
UBFC_PHYS_s17_T3_ctrl,63,30,64.0,0.4047699570655823,-0.5456186014542718
UBFC_PHYS_s17_T3_ctrl,63,31,64.03333333333333,0.004804419819265604,-0.5486179269287278
UBFC_PHYS_s17_T3_ctrl,63,32,64.06666666666666,-0.477392315864563,-0.5179295459273079
UBFC_PHYS_s17_T3_ctrl,63,33,64.1,-0.8796169757843018,-0.4573730125210563
UBFC_PHYS_s17_T3_ctrl,63,34,64.13333333333334,-1.1039764881134033,-0.37546403548690105
UBFC_PHYS_s17_T3_ctrl,63,35,64.16666666666667,-1.0964030027389526,-0.28563429501622356
UBFC_PHYS_s17_T3_ctrl,63,36,64.2,-0.8861837983131409,-0.2036778628716885
UBFC_PHYS_s17_T3_ctrl,63,37,64.23333333333333,-0.5702638030052185,-0.1430514468911694
UBFC_PHYS_s17_T3_ctrl,63,38,64.26666666666667,-0.24008652567863464,-0.1103831562114104
UBFC_PHYS_s17_T3_ctrl,63,39,64.3,0.030708711594343185,-0.10374054385612508
UBFC_PHYS_s17_T3_ctrl,63,40,64.33333333333333,0.18693043291568756,-0.11433014483610188
UBFC_PHYS_s17_T3_ctrl,63,41,64.36666666666666,0.2146724909543991,-0.13017874986728464
UBFC_PHYS_s17_T3_ctrl,63,42,64.4,0.11137136816978455,-0.13986780376192662
UBFC_PHYS_s17_T3_ctrl,63,43,64.43333333333334,-0.12538425624370575,-0.1351785663090675
UBFC_PHYS_s17_T3_ctrl,63,44,64.46666666666667,-0.4364815652370453,-0.11231281135481462
UBFC_PHYS_s17_T3_ctrl,63,45,64.5,-0.7063169479370117,-0.07178958488341584
UBFC_PHYS_s17_T3_ctrl,63,46,64.53333333333333,-0.8282649517059326,-0.017348819978667423
UBFC_PHYS_s17_T3_ctrl,63,47,64.56666666666666,-0.7575168609619141,0.04561202254391556
UBFC_PHYS_s17_T3_ctrl,63,48,64.6,-0.526520311832428,0.11138384480052374
UBFC_PHYS_s17_T3_ctrl,63,49,64.63333333333334,-0.2540043890476227,0.17452462006769673
UBFC_PHYS_s17_T3_ctrl,63,50,64.66666666666667,-0.03723006322979927,0.22966766459023538
UBFC_PHYS_s17_T3_ctrl,63,51,64.7,0.12910521030426025,0.2711444124079465
UBFC_PHYS_s17_T3_ctrl,63,52,64.73333333333333,0.25951629877090454,0.2931700316190375
UBFC_PHYS_s17_T3_ctrl,63,53,64.76666666666667,0.3122144937515259,0.2909545064550004
UBFC_PHYS_s17_T3_ctrl,63,54,64.8,0.2969973385334015,0.2624295764460667
UBFC_PHYS_s17_T3_ctrl,63,55,64.83333333333333,0.30053240060806274,0.20987180892976226
UBFC_PHYS_s17_T3_ctrl,63,56,64.86666666666666,0.3587438762187958,0.1408447488042257
UBFC_PHYS_s17_T3_ctrl,63,57,64.9,0.4194837808609009,0.06817517545033465
UBFC_PHYS_s17_T3_ctrl,63,58,64.93333333333334,0.40033355355262756,0.008704809959116166
UBFC_PHYS_s17_T3_ctrl,63,59,64.96666666666667,0.2567889094352722,-0.019437376065633807
UBFC_PHYS_s17_T3_ctrl,63,60,65.0,0.0399092398583889,-0.0009808012562851683
UBFC_PHYS_s17_T3_ctrl,63,61,65.03333333333333,-0.15368816256523132,0.07142643328635044
UBFC_PHYS_s17_T3_ctrl,63,62,65.06666666666666,-0.3207491934299469,0.19216326228859762
UBFC_PHYS_s17_T3_ctrl,63,63,65.1,-0.5112095475196838,0.3393154931482599
UBFC_PHYS_s17_T3_ctrl,63,64,65.13333333333334,-0.7309219241142273,0.4758197629030112
UBFC_PHYS_s17_T3_ctrl,63,65,65.16666666666667,-0.9461628198623657,0.5573056200654598
UBFC_PHYS_s17_T3_ctrl,63,66,65.2,-1.072863221168518,0.5458230015361655
UBFC_PHYS_s17_T3_ctrl,63,67,65.23333333333333,-0.9799917340278625,0.42459498245055177
UBFC_PHYS_s17_T3_ctrl,63,68,65.26666666666667,-0.6151778697967529,0.2067286206593654
UBFC_PHYS_s17_T3_ctrl,63,69,65.3,-0.09297169744968414,-0.06731706789073931
UBFC_PHYS_s17_T3_ctrl,63,70,65.33333333333333,0.42794686555862427,-0.34308411423254265
UBFC_PHYS_s17_T3_ctrl,63,71,65.36666666666666,0.8636376261711121,-0.5703974686402039
UBFC_PHYS_s17_T3_ctrl,63,72,65.4,1.2013883590698242,-0.7190421719619233
UBFC_PHYS_s17_T3_ctrl,63,73,65.43333333333334,1.4674779176712036,-0.7862121380523924
UBFC_PHYS_s17_T3_ctrl,63,74,65.46666666666667,1.7157986164093018,-0.7935012865711546
UBFC_PHYS_s17_T3_ctrl,63,75,65.5,1.9978312253952026,-0.7749411347199918
UBFC_PHYS_s17_T3_ctrl,63,76,65.53333333333333,2.29730486869812,-0.760884207436282
UBFC_PHYS_s17_T3_ctrl,63,77,65.56666666666666,2.529027223587036,-0.7641870549274966
UBFC_PHYS_s17_T3_ctrl,63,78,65.6,2.639691114425659,-0.7742728761251221
UBFC_PHYS_s17_T3_ctrl,63,79,65.63333333333334,2.6640853881835938,-0.7614454950539211
UBFC_PHYS_s17_T3_ctrl,63,80,65.66666666666667,2.6710150241851807,-0.6895257240690366
UBFC_PHYS_s17_T3_ctrl,63,81,65.7,2.6743509769439697,-0.5314568529400457
UBFC_PHYS_s17_T3_ctrl,63,82,65.73333333333333,2.640498638153076,-0.2815787347613125
UBFC_PHYS_s17_T3_ctrl,63,83,65.76666666666667,2.5010509490966797,0.03996731936300132
UBFC_PHYS_s17_T3_ctrl,63,84,65.8,2.0944366455078125,0.3917447140371072
UBFC_PHYS_s17_T3_ctrl,63,85,65.83333333333333,1.337699055671692,0.7219487319313936
UBFC_PHYS_s17_T3_ctrl,63,86,65.86666666666666,0.45987948775291443,0.9812840603011603
UBFC_PHYS_s17_T3_ctrl,63,87,65.9,-0.18599537014961243,1.1336080941070563
UBFC_PHYS_s17_T3_ctrl,63,88,65.93333333333334,-0.5366572737693787,1.1621927531026366
UBFC_PHYS_s17_T3_ctrl,63,89,65.96666666666667,-0.8159858584403992,1.0715392467106537
UBFC_PHYS_s17_T3_ctrl,63,90,66.0,-1.1911005973815918,0.8854910060888025
UBFC_PHYS_s17_T3_ctrl,63,91,66.03333333333333,-1.6168885231018066,0.6423651368935394
UBFC_PHYS_s17_T3_ctrl,63,92,66.06666666666666,-1.9320242404937744,0.3879161173923852
UBFC_PHYS_s17_T3_ctrl,63,93,66.1,-1.9646825790405273,0.16721114831976214
UBFC_PHYS_s17_T3_ctrl,63,94,66.13333333333334,-1.666274070739746,0.016603257203661022
UBFC_PHYS_s17_T3_ctrl,63,95,66.16666666666667,-1.2397370338439941,-0.04307477953909827
UBFC_PHYS_s17_T3_ctrl,63,96,66.2,-0.9680052995681763,-0.011022350112060878
UBFC_PHYS_s17_T3_ctrl,63,97,66.23333333333333,-0.9206916093826294,0.0925208788751376
UBFC_PHYS_s17_T3_ctrl,63,98,66.26666666666667,-0.9686374068260193,0.23006766236868537
UBFC_PHYS_s17_T3_ctrl,63,99,66.3,-1.0075465440750122,0.35597602182742544
UBFC_PHYS_s17_T3_ctrl,63,100,66.33333333333333,-1.053209662437439,0.42923829663612856
UBFC_PHYS_s17_T3_ctrl,63,101,66.36666666666666,-1.1538888216018677,0.42584204501495043
UBFC_PHYS_s17_T3_ctrl,63,102,66.4,-1.2765040397644043,0.3453843680875284
UBFC_PHYS_s17_T3_ctrl,63,103,66.43333333333334,-1.3172158002853394,0.20847845322160283
UBFC_PHYS_s17_T3_ctrl,63,104,66.46666666666667,-1.2292956113815308,0.046200687163906004
UBFC_PHYS_s17_T3_ctrl,63,105,66.5,-1.085399866104126,-0.11296001502531589
UBFC_PHYS_s17_T3_ctrl,63,106,66.53333333333333,-0.9991185665130615,-0.25262180320700817
UBFC_PHYS_s17_T3_ctrl,63,107,66.56666666666666,-0.9788796901702881,-0.37119958047410784
UBFC_PHYS_s17_T3_ctrl,63,108,66.6,-0.9084476828575134,-0.4781772952816844
UBFC_PHYS_s17_T3_ctrl,63,109,66.63333333333334,-0.7008036375045776,-0.5869907708828423
UBFC_PHYS_s17_T3_ctrl,63,110,66.66666666666667,-0.41403040289878845,-0.708045433039367
UBFC_PHYS_s17_T3_ctrl,63,111,66.7,-0.14796417951583862,-0.8441721506245665
UBFC_PHYS_s17_T3_ctrl,63,112,66.73333333333333,0.0847647488117218,-0.989029332774993
UBFC_PHYS_s17_T3_ctrl,63,113,66.76666666666667,0.2957448363304138,-1.1275941482137746
UBFC_PHYS_s17_T3_ctrl,63,114,66.8,0.4311775863170624,-1.2375585172859704
UBFC_PHYS_s17_T3_ctrl,63,115,66.83333333333333,0.4604296386241913,-1.291282403980488
UBFC_PHYS_s17_T3_ctrl,63,116,66.86666666666666,0.4544832408428192,-1.2592750240215467
UBFC_PHYS_s17_T3_ctrl,63,117,66.9,0.4876098334789276,-1.1164591603512959
UBFC_PHYS_s17_T3_ctrl,63,118,66.93333333333334,0.5192264318466187,-0.8508803400245414
UBFC_PHYS_s17_T3_ctrl,63,119,66.96666666666667,0.47270873188972473,-0.47213333496561233
UBFC_PHYS_s17_T3_ctrl,63,120,67.0,0.3766767382621765,-0.01546842335463023
UBFC_PHYS_s17_T3_ctrl,63,121,67.03333333333333,0.2854674160480499,0.46149843937940044
UBFC_PHYS_s17_T3_ctrl,63,122,67.06666666666666,0.13656163215637207,0.8895829439471065
UBFC_PHYS_s17_T3_ctrl,63,123,67.1,-0.06041867658495903,1.2034691233254537
UBFC_PHYS_s17_T3_ctrl,63,124,67.13333333333334,-0.1364576667547226,1.35763033377319
UBFC_PHYS_s17_T3_ctrl,63,125,67.16666666666667,-0.10313207656145096,1.3385628555648392
UBFC_PHYS_s17_T3_ctrl,63,126,67.2,-0.1704738736152649,1.1695914949190893
UBFC_PHYS_s17_T3_ctrl,63,127,67.23333333333333,-0.30797848105430603,0.9059504136844457
UBFC_PHYS_s17_T3_ctrl,63,128,67.26666666666667,-0.316804438829422,0.6207756551094051
UBFC_PHYS_s17_T3_ctrl,63,129,67.3,-0.2527167797088623,0.38590359236647515
UBFC_PHYS_s17_T3_ctrl,63,130,67.33333333333333,-0.2320682555437088,0.2532798489658261
UBFC_PHYS_s17_T3_ctrl,63,131,67.36666666666666,-0.24274368584156036,0.2425412358373507
UBFC_PHYS_s17_T3_ctrl,63,132,67.4,-0.3897063434123993,0.3381207911813907
UBFC_PHYS_s17_T3_ctrl,63,133,67.43333333333334,-0.7092081904411316,0.496060077288011
UBFC_PHYS_s17_T3_ctrl,63,134,67.46666666666667,-0.8461509346961975,0.6578376949672761
UBFC_PHYS_s17_T3_ctrl,63,135,67.5,-0.5231842398643494,0.7667976680585612
UBFC_PHYS_s17_T3_ctrl,63,136,67.53333333333333,-0.01943768933415413,0.7825062361192062
UBFC_PHYS_s17_T3_ctrl,63,137,67.56666666666666,0.32922258973121643,0.6893625282585542
UBFC_PHYS_s17_T3_ctrl,63,138,67.6,0.5892019271850586,0.4975836353806584
UBFC_PHYS_s17_T3_ctrl,63,139,67.63333333333334,0.8467348217964172,0.23686246794122703
UBFC_PHYS_s17_T3_ctrl,63,140,67.66666666666667,1.005496621131897,-0.05486299966634862
UBFC_PHYS_s17_T3_ctrl,63,141,67.7,1.0296685695648193,-0.34350489190844646
UBFC_PHYS_s17_T3_ctrl,63,142,67.73333333333333,0.9955469965934753,-0.6073373870095926
UBFC_PHYS_s17_T3_ctrl,63,143,67.76666666666667,0.9134913682937622,-0.8387925111509426
UBFC_PHYS_s17_T3_ctrl,63,144,67.8,0.7430474758148193,-1.0393110513423676
UBFC_PHYS_s17_T3_ctrl,63,145,67.83333333333333,0.5311894416809082,-1.2101313756212357
UBFC_PHYS_s17_T3_ctrl,63,146,67.86666666666666,0.3467808663845062,-1.34363807709232
UBFC_PHYS_s17_T3_ctrl,63,147,67.9,0.16116660833358765,-1.4195999378816127
UBFC_PHYS_s17_T3_ctrl,63,148,67.93333333333334,-0.05966952070593834,-1.4085688286434057
UBFC_PHYS_s17_T3_ctrl,63,149,67.96666666666667,-0.2075452208518982,-1.281823769702562
UBFC_PHYS_s17_T3_ctrl,63,150,68.0,-0.15410956740379333,-1.0246184935617713
UBFC_PHYS_s17_T3_ctrl,63,151,68.03333333333333,0.03264011815190315,-0.647870868606599
UBFC_PHYS_s17_T3_ctrl,63,152,68.06666666666666,0.18268133699893951,-0.19329799742845108
UBFC_PHYS_s17_T3_ctrl,63,153,68.1,0.2595982253551483,0.2713313332033149
UBFC_PHYS_s17_T3_ctrl,63,154,68.13333333333334,0.3008952736854553,0.6668617875252584
UBFC_PHYS_s17_T3_ctrl,63,155,68.16666666666667,0.3060925006866455,0.9233996388787495
UBFC_PHYS_s17_T3_ctrl,63,156,68.2,0.28098419308662415,0.999969829950699
UBFC_PHYS_s17_T3_ctrl,63,157,68.23333333333333,0.2685997784137726,0.8959648809570596
UBFC_PHYS_s17_T3_ctrl,63,158,68.26666666666667,0.2823537290096283,0.6503793337165371
UBFC_PHYS_s17_T3_ctrl,63,159,68.3,0.2935559153556824,0.3297829864239075
UBFC_PHYS_s17_T3_ctrl,63,160,68.33333333333333,0.28794896602630615,0.01008295929815366
UBFC_PHYS_s17_T3_ctrl,63,161,68.36666666666666,0.25869691371917725,-0.24142411357066296
UBFC_PHYS_s17_T3_ctrl,63,162,68.4,0.1951594054698944,-0.3787053795319509
UBFC_PHYS_s17_T3_ctrl,63,163,68.43333333333334,0.1051323339343071,-0.3824499855386946
UBFC_PHYS_s17_T3_ctrl,63,164,68.46666666666667,0.011581909842789173,-0.2592512127998829
UBFC_PHYS_s17_T3_ctrl,63,165,68.5,-0.07913578301668167,-0.03671923944598987
UBFC_PHYS_s17_T3_ctrl,63,166,68.53333333333333,-0.18047037720680237,0.2436018444391633
UBFC_PHYS_s17_T3_ctrl,63,167,68.56666666666666,-0.291930228471756,0.5344630848782701
UBFC_PHYS_s17_T3_ctrl,63,168,68.6,-0.357469379901886,0.7914081885164739
UBFC_PHYS_s17_T3_ctrl,63,169,68.63333333333334,-0.2934519350528717,0.9801803048715281
UBFC_PHYS_s17_T3_ctrl,63,170,68.66666666666667,-0.10324913263320923,1.081298407312036
UBFC_PHYS_s17_T3_ctrl,63,171,68.7,0.09335659444332123,1.0905719907722522
UBFC_PHYS_s17_T3_ctrl,63,172,68.73333333333333,0.20310744643211365,1.0158395309244876
UBFC_PHYS_s17_T3_ctrl,63,173,68.76666666666667,0.25691765546798706,0.8717443921419041
UBFC_PHYS_s17_T3_ctrl,63,174,68.8,0.30493366718292236,0.6748135188454452
UBFC_PHYS_s17_T3_ctrl,63,175,68.83333333333333,0.3230069577693939,0.44037276888505383
UBFC_PHYS_s17_T3_ctrl,63,176,68.86666666666666,0.2946796417236328,0.18155625405479195
UBFC_PHYS_s17_T3_ctrl,63,177,68.9,0.27006295323371887,-0.09027060942776646
UBFC_PHYS_s17_T3_ctrl,63,178,68.93333333333334,0.2950776219367981,-0.36445810501246134
UBFC_PHYS_s17_T3_ctrl,63,179,68.96666666666667,0.3439715504646301,-0.6297965302895153
UBFC_PHYS_s17_T3_ctrl,63,180,69.0,0.36245453357696533,-0.8732096261443792
UBFC_PHYS_s17_T3_ctrl,63,181,69.03333333333333,0.3476821780204773,-1.0788201721673838
UBFC_PHYS_s17_T3_ctrl,63,182,69.06666666666666,0.347705602645874,-1.2281857891901957
UBFC_PHYS_s17_T3_ctrl,63,183,69.1,0.3785027861595154,-1.3024235345147719
UBFC_PHYS_s17_T3_ctrl,63,184,69.13333333333334,0.3989640176296234,-1.2860896904717565
UBFC_PHYS_s17_T3_ctrl,63,185,69.16666666666667,0.370882511138916,-1.1717544679184906
UBFC_PHYS_s17_T3_ctrl,63,186,69.2,0.3152579367160797,-0.9639479432964018
UBFC_PHYS_s17_T3_ctrl,63,187,69.23333333333333,0.2874690592288971,-0.6813590904894038
UBFC_PHYS_s17_T3_ctrl,63,188,69.26666666666667,0.33690139651298523,-0.35639395220440295
UBFC_PHYS_s17_T3_ctrl,63,189,69.3,0.4992333948612213,-0.03149217762428889
UBFC_PHYS_s17_T3_ctrl,63,190,69.33333333333333,0.7560522556304932,0.24778089673351364
UBFC_PHYS_s17_T3_ctrl,63,191,69.36666666666666,1.0448857545852661,0.44186084610357773
UBFC_PHYS_s17_T3_ctrl,63,192,69.4,1.3640129566192627,0.5264290370114894
UBFC_PHYS_s17_T3_ctrl,63,193,69.43333333333334,1.7106950283050537,0.4990225158463705
UBFC_PHYS_s17_T3_ctrl,63,194,69.46666666666667,1.8630656003952026,0.3805597976392067
UBFC_PHYS_s17_T3_ctrl,63,195,69.5,1.5416674613952637,0.21072190566984983
UBFC_PHYS_s17_T3_ctrl,63,196,69.53333333333333,0.8529621958732605,0.03819530886145891
UBFC_PHYS_s17_T3_ctrl,63,197,69.56666666666666,0.2576551139354706,-0.09139472069073544
UBFC_PHYS_s17_T3_ctrl,63,198,69.6,0.01704838126897812,-0.14630941991640145
UBFC_PHYS_s17_T3_ctrl,63,199,69.63333333333334,0.08182666450738907,-0.1153077409301299
UBFC_PHYS_s17_T3_ctrl,63,200,69.66666666666667,0.2759508192539215,-0.008589847471603948
UBFC_PHYS_s17_T3_ctrl,63,201,69.7,0.3490048944950104,0.1466033993216603
UBFC_PHYS_s17_T3_ctrl,63,202,69.73333333333333,0.07434684783220291,0.31403597431411634
UBFC_PHYS_s17_T3_ctrl,63,203,69.76666666666667,-0.4755077362060547,0.4578329620372265
UBFC_PHYS_s17_T3_ctrl,63,204,69.8,-0.9897775650024414,0.5508865045223292
UBFC_PHYS_s17_T3_ctrl,63,205,69.83333333333333,-1.3931376934051514,0.5804950429462177
UBFC_PHYS_s17_T3_ctrl,63,206,69.86666666666666,-1.8150159120559692,0.5500061788506128
UBFC_PHYS_s17_T3_ctrl,63,207,69.9,-2.1990151405334473,0.47614586131657166
UBFC_PHYS_s17_T3_ctrl,63,208,69.93333333333334,-2.340792179107666,0.38299700953851923
UBFC_PHYS_s17_T3_ctrl,63,209,69.96666666666667,-2.1686158180236816,0.29462006354592923
UBFC_PHYS_s17_T3_ctrl,63,210,70.0,-1.7531405687332153,0.22849562646874996
UBFC_PHYS_s17_T3_ctrl,63,211,70.03333333333333,-1.2270599603652954,0.19145814556879923
UBFC_PHYS_s17_T3_ctrl,63,212,70.06666666666666,-0.7912872433662415,0.17900678462867073
UBFC_PHYS_s17_T3_ctrl,63,213,70.1,-0.5851649045944214,0.17802043170846404
UBFC_PHYS_s17_T3_ctrl,63,214,70.13333333333334,-0.5732721090316772,0.17201539190973916
UBFC_PHYS_s17_T3_ctrl,63,215,70.16666666666667,-0.6241442561149597,0.1472415740588417
UBFC_PHYS_s17_T3_ctrl,63,216,70.2,-0.6566621661186218,0.09741086400243985
UBFC_PHYS_s17_T3_ctrl,63,217,70.23333333333333,-0.6728391647338867,0.025271946962160084
UBFC_PHYS_s17_T3_ctrl,63,218,70.26666666666667,-0.6825313568115234,-0.059287912289724826
UBFC_PHYS_s17_T3_ctrl,63,219,70.3,-0.6484448909759521,-0.1433665250192118
UBFC_PHYS_s17_T3_ctrl,63,220,70.33333333333333,-0.5503410696983337,-0.21548478974776122
UBFC_PHYS_s17_T3_ctrl,63,221,70.36666666666666,-0.43127259612083435,-0.268704798663576
UBFC_PHYS_s17_T3_ctrl,63,222,70.4,-0.3195435106754303,-0.30156337577460235
UBFC_PHYS_s17_T3_ctrl,63,223,70.43333333333334,-0.16704414784908295,-0.3169214891339643
UBFC_PHYS_s17_T3_ctrl,63,224,70.46666666666667,0.06030023843050003,-0.31969202952589815
UBFC_PHYS_s17_T3_ctrl,63,225,70.5,0.3032831847667694,-0.3146920846804456
UBFC_PHYS_s17_T3_ctrl,63,226,70.53333333333333,0.49403616786003113,-0.3054003957511964
UBFC_PHYS_s17_T3_ctrl,63,227,70.56666666666666,0.6475188136100769,-0.2937039233191147
UBFC_PHYS_s17_T3_ctrl,63,228,70.6,0.8138774633407593,-0.2803427807791313
UBFC_PHYS_s17_T3_ctrl,63,229,70.63333333333334,1.0364811420440674,-0.26565516569500686
UBFC_PHYS_s17_T3_ctrl,63,230,70.66666666666667,1.3080840110778809,-0.2501498845604765
UBFC_PHYS_s17_T3_ctrl,63,231,70.7,1.5228098630905151,-0.23447786309035326
UBFC_PHYS_s17_T3_ctrl,63,232,70.73333333333333,1.5464316606521606,-0.2186959822544071
UBFC_PHYS_s17_T3_ctrl,63,233,70.76666666666667,1.2872951030731201,-0.20125696232653845
UBFC_PHYS_s17_T3_ctrl,63,234,70.8,0.66761714220047,-0.17859904889013675
UBFC_PHYS_s17_T3_ctrl,63,235,70.83333333333333,-0.22018715739250183,-0.14604642805904797
UBFC_PHYS_s17_T3_ctrl,63,236,70.86666666666666,-0.9391863346099854,-0.09985425108619393
UBFC_PHYS_s17_T3_ctrl,63,237,70.9,-1.03395414352417,-0.03935410517533376
UBFC_PHYS_s17_T3_ctrl,63,238,70.93333333333334,-0.5488661527633667,0.03195821414265856
UBFC_PHYS_s17_T3_ctrl,63,239,70.96666666666667,0.06605935096740723,0.10688497063930301
UBFC_PHYS_s17_T3_ctrl,64,0,64.0,0.4047699570655823,0.021862877222392798
UBFC_PHYS_s17_T3_ctrl,64,1,64.03333333333333,0.004804419819265604,0.05968323799873038
UBFC_PHYS_s17_T3_ctrl,64,2,64.06666666666666,-0.477392315864563,0.0824456076634953
UBFC_PHYS_s17_T3_ctrl,64,3,64.1,-0.8796169757843018,0.0796201868243656
UBFC_PHYS_s17_T3_ctrl,64,4,64.13333333333334,-1.1039764881134033,0.04758684880755948
UBFC_PHYS_s17_T3_ctrl,64,5,64.16666666666667,-1.0964030027389526,-0.009795631615085077
UBFC_PHYS_s17_T3_ctrl,64,6,64.2,-0.8861837983131409,-0.08251259691915673
UBFC_PHYS_s17_T3_ctrl,64,7,64.23333333333333,-0.5702638030052185,-0.15693184333099452
UBFC_PHYS_s17_T3_ctrl,64,8,64.26666666666667,-0.24008652567863464,-0.2190444692510714
UBFC_PHYS_s17_T3_ctrl,64,9,64.3,0.030708711594343185,-0.2579345314386058
UBFC_PHYS_s17_T3_ctrl,64,10,64.33333333333333,0.18693043291568756,-0.2685364180155646
UBFC_PHYS_s17_T3_ctrl,64,11,64.36666666666666,0.2146724909543991,-0.2525742838017501
UBFC_PHYS_s17_T3_ctrl,64,12,64.4,0.11137136816978455,-0.21738333952705902
UBFC_PHYS_s17_T3_ctrl,64,13,64.43333333333334,-0.12538425624370575,-0.17331958397911454
UBFC_PHYS_s17_T3_ctrl,64,14,64.46666666666667,-0.4364815652370453,-0.13073403536308234
UBFC_PHYS_s17_T3_ctrl,64,15,64.5,-0.7063169479370117,-0.09724457287674801
UBFC_PHYS_s17_T3_ctrl,64,16,64.53333333333333,-0.8282649517059326,-0.07587560850734784
UBFC_PHYS_s17_T3_ctrl,64,17,64.56666666666666,-0.7575168609619141,-0.06457966120762756
UBFC_PHYS_s17_T3_ctrl,64,18,64.6,-0.526520311832428,-0.05745005004269607
UBFC_PHYS_s17_T3_ctrl,64,19,64.63333333333334,-0.2540043890476227,-0.047468095578674416
UBFC_PHYS_s17_T3_ctrl,64,20,64.66666666666667,-0.03723006322979927,-0.029996184027404563
UBFC_PHYS_s17_T3_ctrl,64,21,64.7,0.12910521030426025,-0.00571399992289579
UBFC_PHYS_s17_T3_ctrl,64,22,64.73333333333333,0.25951629877090454,0.018368124413812588
UBFC_PHYS_s17_T3_ctrl,64,23,64.76666666666667,0.3122144937515259,0.030598988252943795
UBFC_PHYS_s17_T3_ctrl,64,24,64.8,0.2969973385334015,0.018789251603041394
UBFC_PHYS_s17_T3_ctrl,64,25,64.83333333333333,0.30053240060806274,-0.024481026231902812
UBFC_PHYS_s17_T3_ctrl,64,26,64.86666666666666,0.3587438762187958,-0.09686783117132197
UBFC_PHYS_s17_T3_ctrl,64,27,64.9,0.4194837808609009,-0.18310148362108358
UBFC_PHYS_s17_T3_ctrl,64,28,64.93333333333334,0.40033355355262756,-0.2552011856846074
UBFC_PHYS_s17_T3_ctrl,64,29,64.96666666666667,0.2567889094352722,-0.2773077893280114
UBFC_PHYS_s17_T3_ctrl,64,30,65.0,0.0399092398583889,-0.21527793257905056
UBFC_PHYS_s17_T3_ctrl,64,31,65.03333333333333,-0.15368816256523132,-0.049344818184746835
UBFC_PHYS_s17_T3_ctrl,64,32,65.06666666666666,-0.3207491934299469,0.2138751243644523
UBFC_PHYS_s17_T3_ctrl,64,33,65.1,-0.5112095475196838,0.5351454143815106
UBFC_PHYS_s17_T3_ctrl,64,34,65.13333333333334,-0.7309219241142273,0.8469390056237937
UBFC_PHYS_s17_T3_ctrl,64,35,65.16666666666667,-0.9461628198623657,1.0699780844029751
UBFC_PHYS_s17_T3_ctrl,64,36,65.2,-1.072863221168518,1.137996472440665
UBFC_PHYS_s17_T3_ctrl,64,37,65.23333333333333,-0.9799917340278625,1.0214940767068377
UBFC_PHYS_s17_T3_ctrl,64,38,65.26666666666667,-0.6151778697967529,0.7398952098836444
UBFC_PHYS_s17_T3_ctrl,64,39,65.3,-0.09297169744968414,0.35589441037204467
UBFC_PHYS_s17_T3_ctrl,64,40,65.33333333333333,0.42794686555862427,-0.045699692827967785
UBFC_PHYS_s17_T3_ctrl,64,41,65.36666666666666,0.8636376261711121,-0.38521781777518305
UBFC_PHYS_s17_T3_ctrl,64,42,65.4,1.2013883590698242,-0.6109263156071981
UBFC_PHYS_s17_T3_ctrl,64,43,65.43333333333334,1.4674779176712036,-0.7103630587660931
UBFC_PHYS_s17_T3_ctrl,64,44,65.46666666666667,1.7157986164093018,-0.7079645099907926
UBFC_PHYS_s17_T3_ctrl,64,45,65.5,1.9978312253952026,-0.6511022493442928
UBFC_PHYS_s17_T3_ctrl,64,46,65.53333333333333,2.29730486869812,-0.5901065870217872
UBFC_PHYS_s17_T3_ctrl,64,47,65.56666666666666,2.529027223587036,-0.559585873089536
UBFC_PHYS_s17_T3_ctrl,64,48,65.6,2.639691114425659,-0.5676423394054143
UBFC_PHYS_s17_T3_ctrl,64,49,65.63333333333334,2.6640853881835938,-0.5963974865913046
UBFC_PHYS_s17_T3_ctrl,64,50,65.66666666666667,2.6710150241851807,-0.612580689006808
UBFC_PHYS_s17_T3_ctrl,64,51,65.7,2.6743509769439697,-0.5829743533768792
UBFC_PHYS_s17_T3_ctrl,64,52,65.73333333333333,2.640498638153076,-0.48816625666576047
UBFC_PHYS_s17_T3_ctrl,64,53,65.76666666666667,2.5010509490966797,-0.32964408066035583
UBFC_PHYS_s17_T3_ctrl,64,54,65.8,2.0944366455078125,-0.1286757395305309
UBFC_PHYS_s17_T3_ctrl,64,55,65.83333333333333,1.337699055671692,0.0812506767263331
UBFC_PHYS_s17_T3_ctrl,64,56,65.86666666666666,0.45987948775291443,0.2648896269436711
UBFC_PHYS_s17_T3_ctrl,64,57,65.9,-0.18599537014961243,0.3949476279745224
UBFC_PHYS_s17_T3_ctrl,64,58,65.93333333333334,-0.5366572737693787,0.4583013680859331
UBFC_PHYS_s17_T3_ctrl,64,59,65.96666666666667,-0.8159858584403992,0.4575392918935358
UBFC_PHYS_s17_T3_ctrl,64,60,66.0,-1.1911005973815918,0.40840408063342887
UBFC_PHYS_s17_T3_ctrl,64,61,66.03333333333333,-1.6168885231018066,0.334933576955999
UBFC_PHYS_s17_T3_ctrl,64,62,66.06666666666666,-1.9320242404937744,0.2642196526477586
UBFC_PHYS_s17_T3_ctrl,64,63,66.1,-1.9646825790405273,0.22184463842734628
UBFC_PHYS_s17_T3_ctrl,64,64,66.13333333333334,-1.666274070739746,0.22789242109035035
UBFC_PHYS_s17_T3_ctrl,64,65,66.16666666666667,-1.2397370338439941,0.29291118280454626
UBFC_PHYS_s17_T3_ctrl,64,66,66.2,-0.9680052995681763,0.41385710511327806
UBFC_PHYS_s17_T3_ctrl,64,67,66.23333333333333,-0.9206916093826294,0.571462643147013
UBFC_PHYS_s17_T3_ctrl,64,68,66.26666666666667,-0.9686374068260193,0.73151366950266
UBFC_PHYS_s17_T3_ctrl,64,69,66.3,-1.0075465440750122,0.8518492729628566
UBFC_PHYS_s17_T3_ctrl,64,70,66.33333333333333,-1.053209662437439,0.8941773950440429
UBFC_PHYS_s17_T3_ctrl,64,71,66.36666666666666,-1.1538888216018677,0.8365473294207114
UBFC_PHYS_s17_T3_ctrl,64,72,66.4,-1.2765040397644043,0.6808165545017387
UBFC_PHYS_s17_T3_ctrl,64,73,66.43333333333334,-1.3172158002853394,0.45128544727021863
UBFC_PHYS_s17_T3_ctrl,64,74,66.46666666666667,-1.2292956113815308,0.18530834085845427
UBFC_PHYS_s17_T3_ctrl,64,75,66.5,-1.085399866104126,-0.07923346367097553
UBFC_PHYS_s17_T3_ctrl,64,76,66.53333333333333,-0.9991185665130615,-0.31412766778473117
UBFC_PHYS_s17_T3_ctrl,64,77,66.56666666666666,-0.9788796901702881,-0.5055776951083427
UBFC_PHYS_s17_T3_ctrl,64,78,66.6,-0.9084476828575134,-0.6533951371883681
UBFC_PHYS_s17_T3_ctrl,64,79,66.63333333333334,-0.7008036375045776,-0.7665860428119414
UBFC_PHYS_s17_T3_ctrl,64,80,66.66666666666667,-0.41403040289878845,-0.8577916743192504
UBFC_PHYS_s17_T3_ctrl,64,81,66.7,-0.14796417951583862,-0.938414668023015
UBFC_PHYS_s17_T3_ctrl,64,82,66.73333333333333,0.0847647488117218,-1.0152437521537863
UBFC_PHYS_s17_T3_ctrl,64,83,66.76666666666667,0.2957448363304138,-1.088411273320475
UBFC_PHYS_s17_T3_ctrl,64,84,66.8,0.4311775863170624,-1.149978082678568
UBFC_PHYS_s17_T3_ctrl,64,85,66.83333333333333,0.4604296386241913,-1.1830289334856736
UBFC_PHYS_s17_T3_ctrl,64,86,66.86666666666666,0.4544832408428192,-1.1626874660026245
UBFC_PHYS_s17_T3_ctrl,64,87,66.9,0.4876098334789276,-1.0610312169060159
UBFC_PHYS_s17_T3_ctrl,64,88,66.93333333333334,0.5192264318466187,-0.8561557081825595
UBFC_PHYS_s17_T3_ctrl,64,89,66.96666666666667,0.47270873188972473,-0.5428586529339853
UBFC_PHYS_s17_T3_ctrl,64,90,67.0,0.3766767382621765,-0.14071267221265968
UBFC_PHYS_s17_T3_ctrl,64,91,67.03333333333333,0.2854674160480499,0.3044347608063791
UBFC_PHYS_s17_T3_ctrl,64,92,67.06666666666666,0.13656163215637207,0.727474216253515
UBFC_PHYS_s17_T3_ctrl,64,93,67.1,-0.06041867658495903,1.0585952330352697
UBFC_PHYS_s17_T3_ctrl,64,94,67.13333333333334,-0.1364576667547226,1.2416855948013605
UBFC_PHYS_s17_T3_ctrl,64,95,67.16666666666667,-0.10313207656145096,1.2510312239908161
UBFC_PHYS_s17_T3_ctrl,64,96,67.2,-0.1704738736152649,1.1005020825766132
UBFC_PHYS_s17_T3_ctrl,64,97,67.23333333333333,-0.30797848105430603,0.8413105378634819
UBFC_PHYS_s17_T3_ctrl,64,98,67.26666666666667,-0.316804438829422,0.5483328108674725
UBFC_PHYS_s17_T3_ctrl,64,99,67.3,-0.2527167797088623,0.2992924886293543
UBFC_PHYS_s17_T3_ctrl,64,100,67.33333333333333,-0.2320682555437088,0.15379034986149306
UBFC_PHYS_s17_T3_ctrl,64,101,67.36666666666666,-0.24274368584156036,0.1389531047455743
UBFC_PHYS_s17_T3_ctrl,64,102,67.4,-0.3897063434123993,0.24547168323423216
UBFC_PHYS_s17_T3_ctrl,64,103,67.43333333333334,-0.7092081904411316,0.4337234074796582
UBFC_PHYS_s17_T3_ctrl,64,104,67.46666666666667,-0.8461509346961975,0.646559777854048
UBFC_PHYS_s17_T3_ctrl,64,105,67.5,-0.5231842398643494,0.824225536906657
UBFC_PHYS_s17_T3_ctrl,64,106,67.53333333333333,-0.01943768933415413,0.9175935444547543
UBFC_PHYS_s17_T3_ctrl,64,107,67.56666666666666,0.32922258973121643,0.8973202082730988
UBFC_PHYS_s17_T3_ctrl,64,108,67.6,0.5892019271850586,0.7576415038355252
UBFC_PHYS_s17_T3_ctrl,64,109,67.63333333333334,0.8467348217964172,0.5144004064510829
UBFC_PHYS_s17_T3_ctrl,64,110,67.66666666666667,1.005496621131897,0.19804762558557312
UBFC_PHYS_s17_T3_ctrl,64,111,67.7,1.0296685695648193,-0.15605383128659397
UBFC_PHYS_s17_T3_ctrl,64,112,67.73333333333333,0.9955469965934753,-0.5162711738457906
UBFC_PHYS_s17_T3_ctrl,64,113,67.76666666666667,0.9134913682937622,-0.8587006432584237
UBFC_PHYS_s17_T3_ctrl,64,114,67.8,0.7430474758148193,-1.1653359695677916
UBFC_PHYS_s17_T3_ctrl,64,115,67.83333333333333,0.5311894416809082,-1.4184744209961522
UBFC_PHYS_s17_T3_ctrl,64,116,67.86666666666666,0.3467808663845062,-1.5955025442278434
UBFC_PHYS_s17_T3_ctrl,64,117,67.9,0.16116660833358765,-1.6681021986757658
UBFC_PHYS_s17_T3_ctrl,64,118,67.93333333333334,-0.05966952070593834,-1.6077722588751864
UBFC_PHYS_s17_T3_ctrl,64,119,67.96666666666667,-0.2075452208518982,-1.3963672919082317
UBFC_PHYS_s17_T3_ctrl,64,120,68.0,-0.15410956740379333,-1.0375645592100993
UBFC_PHYS_s17_T3_ctrl,64,121,68.03333333333333,0.03264011815190315,-0.5641635316934009
UBFC_PHYS_s17_T3_ctrl,64,122,68.06666666666666,0.18268133699893951,-0.037416372130805495
UBFC_PHYS_s17_T3_ctrl,64,123,68.1,0.2595982253551483,0.4626913471402532
UBFC_PHYS_s17_T3_ctrl,64,124,68.13333333333334,0.3008952736854553,0.854372149453892
UBFC_PHYS_s17_T3_ctrl,64,125,68.16666666666667,0.3060925006866455,1.0737474398057716
UBFC_PHYS_s17_T3_ctrl,64,126,68.2,0.28098419308662415,1.0912097796212001
UBFC_PHYS_s17_T3_ctrl,64,127,68.23333333333333,0.2685997784137726,0.9188409192119533
UBFC_PHYS_s17_T3_ctrl,64,128,68.26666666666667,0.2823537290096283,0.6065515423823394
UBFC_PHYS_s17_T3_ctrl,64,129,68.3,0.2935559153556824,0.2288824279769675
UBFC_PHYS_s17_T3_ctrl,64,130,68.33333333333333,0.28794896602630615,-0.1326475085904722
UBFC_PHYS_s17_T3_ctrl,64,131,68.36666666666666,0.25869691371917725,-0.40629403314182033
UBFC_PHYS_s17_T3_ctrl,64,132,68.4,0.1951594054698944,-0.5423068662213246
UBFC_PHYS_s17_T3_ctrl,64,133,68.43333333333334,0.1051323339343071,-0.5193740784413295
UBFC_PHYS_s17_T3_ctrl,64,134,68.46666666666667,0.011581909842789173,-0.3456423963804445
UBFC_PHYS_s17_T3_ctrl,64,135,68.5,-0.07913578301668167,-0.055153096984514
UBFC_PHYS_s17_T3_ctrl,64,136,68.53333333333333,-0.18047037720680237,0.2995466619442805
UBFC_PHYS_s17_T3_ctrl,64,137,68.56666666666666,-0.291930228471756,0.6578024662171809
UBFC_PHYS_s17_T3_ctrl,64,138,68.6,-0.357469379901886,0.962818033815996
UBFC_PHYS_s17_T3_ctrl,64,139,68.63333333333334,-0.2934519350528717,1.1726694081173505
UBFC_PHYS_s17_T3_ctrl,64,140,68.66666666666667,-0.10324913263320923,1.2671305054532784
UBFC_PHYS_s17_T3_ctrl,64,141,68.7,0.09335659444332123,1.2479699878339885
UBFC_PHYS_s17_T3_ctrl,64,142,68.73333333333333,0.20310744643211365,1.1331377088159336
UBFC_PHYS_s17_T3_ctrl,64,143,68.76666666666667,0.25691765546798706,0.947982051826331
UBFC_PHYS_s17_T3_ctrl,64,144,68.8,0.30493366718292236,0.7173123341906121
UBFC_PHYS_s17_T3_ctrl,64,145,68.83333333333333,0.3230069577693939,0.4606981153029065
UBFC_PHYS_s17_T3_ctrl,64,146,68.86666666666666,0.2946796417236328,0.19119955291734153
UBFC_PHYS_s17_T3_ctrl,64,147,68.9,0.27006295323371887,-0.08365993752959075
UBFC_PHYS_s17_T3_ctrl,64,148,68.93333333333334,0.2950776219367981,-0.3597463885426074
UBFC_PHYS_s17_T3_ctrl,64,149,68.96666666666667,0.3439715504646301,-0.633423111157298
UBFC_PHYS_s17_T3_ctrl,64,150,69.0,0.36245453357696533,-0.8983481925116663
UBFC_PHYS_s17_T3_ctrl,64,151,69.03333333333333,0.3476821780204773,-1.1428380113819212
UBFC_PHYS_s17_T3_ctrl,64,152,69.06666666666666,0.347705602645874,-1.348813063107714
UBFC_PHYS_s17_T3_ctrl,64,153,69.1,0.3785027861595154,-1.4929804300394467
UBFC_PHYS_s17_T3_ctrl,64,154,69.13333333333334,0.3989640176296234,-1.5502768458631033
UBFC_PHYS_s17_T3_ctrl,64,155,69.16666666666667,0.370882511138916,-1.499085895762551
UBFC_PHYS_s17_T3_ctrl,64,156,69.2,0.3152579367160797,-1.3275110850197624
UBFC_PHYS_s17_T3_ctrl,64,157,69.23333333333333,0.2874690592288971,-1.0396862666522084
UBFC_PHYS_s17_T3_ctrl,64,158,69.26666666666667,0.33690139651298523,-0.6604271691141855
UBFC_PHYS_s17_T3_ctrl,64,159,69.3,0.4992333948612213,-0.23572724860309952
UBFC_PHYS_s17_T3_ctrl,64,160,69.33333333333333,0.7560522556304932,0.17342946876663917
UBFC_PHYS_s17_T3_ctrl,64,161,69.36666666666666,1.0448857545852661,0.5044556970734515
UBFC_PHYS_s17_T3_ctrl,64,162,69.4,1.3640129566192627,0.7103107590922249
UBFC_PHYS_s17_T3_ctrl,64,163,69.43333333333334,1.7106950283050537,0.7737802487725363
UBFC_PHYS_s17_T3_ctrl,64,164,69.46666666666667,1.8630656003952026,0.7125322637754353
UBFC_PHYS_s17_T3_ctrl,64,165,69.5,1.5416674613952637,0.572378141872769
UBFC_PHYS_s17_T3_ctrl,64,166,69.53333333333333,0.8529621958732605,0.4113817617794742
UBFC_PHYS_s17_T3_ctrl,64,167,69.56666666666666,0.2576551139354706,0.2812656112653086
UBFC_PHYS_s17_T3_ctrl,64,168,69.6,0.01704838126897812,0.21302196763493206
UBFC_PHYS_s17_T3_ctrl,64,169,69.63333333333334,0.08182666450738907,0.21110534613626078
UBFC_PHYS_s17_T3_ctrl,64,170,69.66666666666667,0.2759508192539215,0.2568056502459642
UBFC_PHYS_s17_T3_ctrl,64,171,69.7,0.3490048944950104,0.3182388762078053
UBFC_PHYS_s17_T3_ctrl,64,172,69.73333333333333,0.07434684783220291,0.3629277829266753
UBFC_PHYS_s17_T3_ctrl,64,173,69.76666666666667,-0.4755077362060547,0.36895406210936565
UBFC_PHYS_s17_T3_ctrl,64,174,69.8,-0.9897775650024414,0.33150293104472717
UBFC_PHYS_s17_T3_ctrl,64,175,69.83333333333333,-1.3931376934051514,0.26316938804810575
UBFC_PHYS_s17_T3_ctrl,64,176,69.86666666666666,-1.8150159120559692,0.18848777179032497
UBFC_PHYS_s17_T3_ctrl,64,177,69.9,-2.1990151405334473,0.13494265892431395
UBFC_PHYS_s17_T3_ctrl,64,178,69.93333333333334,-2.340792179107666,0.12347459506237142
UBFC_PHYS_s17_T3_ctrl,64,179,69.96666666666667,-2.1686158180236816,0.16131096699787428
UBFC_PHYS_s17_T3_ctrl,64,180,70.0,-1.7531405687332153,0.2391958556620481
UBFC_PHYS_s17_T3_ctrl,64,181,70.03333333333333,-1.2270599603652954,0.33377939114133864
UBFC_PHYS_s17_T3_ctrl,64,182,70.06666666666666,-0.7912872433662415,0.41421400312931106
UBFC_PHYS_s17_T3_ctrl,64,183,70.1,-0.5851649045944214,0.45067273851933554
UBFC_PHYS_s17_T3_ctrl,64,184,70.13333333333334,-0.5732721090316772,0.4222018707177887
UBFC_PHYS_s17_T3_ctrl,64,185,70.16666666666667,-0.6241442561149597,0.3218327480009394
UBFC_PHYS_s17_T3_ctrl,64,186,70.2,-0.6566621661186218,0.15774732562449395
UBFC_PHYS_s17_T3_ctrl,64,187,70.23333333333333,-0.6728391647338867,-0.04953661665498046
UBFC_PHYS_s17_T3_ctrl,64,188,70.26666666666667,-0.6825313568115234,-0.272658276335295
UBFC_PHYS_s17_T3_ctrl,64,189,70.3,-0.6484448909759521,-0.4834820759074702
UBFC_PHYS_s17_T3_ctrl,64,190,70.33333333333333,-0.5503410696983337,-0.6579043275188121
UBFC_PHYS_s17_T3_ctrl,64,191,70.36666666666666,-0.43127259612083435,-0.7785465040328264
UBFC_PHYS_s17_T3_ctrl,64,192,70.4,-0.3195435106754303,-0.8354858811134984
UBFC_PHYS_s17_T3_ctrl,64,193,70.43333333333334,-0.16704414784908295,-0.8257607355481087
UBFC_PHYS_s17_T3_ctrl,64,194,70.46666666666667,0.06030023843050003,-0.7524548135908804
UBFC_PHYS_s17_T3_ctrl,64,195,70.5,0.3032831847667694,-0.6238714275282671
UBFC_PHYS_s17_T3_ctrl,64,196,70.53333333333333,0.49403616786003113,-0.4529197294364777
UBFC_PHYS_s17_T3_ctrl,64,197,70.56666666666666,0.6475188136100769,-0.2565672942506358
UBFC_PHYS_s17_T3_ctrl,64,198,70.6,0.8138774633407593,-0.05510295287418491
UBFC_PHYS_s17_T3_ctrl,64,199,70.63333333333334,1.0364811420440674,0.1291711078488555
UBFC_PHYS_s17_T3_ctrl,64,200,70.66666666666667,1.3080840110778809,0.2743398531199329
UBFC_PHYS_s17_T3_ctrl,64,201,70.7,1.5228098630905151,0.3625833016551593
UBFC_PHYS_s17_T3_ctrl,64,202,70.73333333333333,1.5464316606521606,0.3844468243141945
UBFC_PHYS_s17_T3_ctrl,64,203,70.76666666666667,1.2872951030731201,0.34200546639931245
UBFC_PHYS_s17_T3_ctrl,64,204,70.8,0.66761714220047,0.24922384673711204
UBFC_PHYS_s17_T3_ctrl,64,205,70.83333333333333,-0.22018715739250183,0.12887809582248197
UBFC_PHYS_s17_T3_ctrl,64,206,70.86666666666666,-0.9391863346099854,0.007023331176340603
UBFC_PHYS_s17_T3_ctrl,64,207,70.9,-1.03395414352417,-0.09294341323364454
UBFC_PHYS_s17_T3_ctrl,64,208,70.93333333333334,-0.5488661527633667,-0.15476847139952432
UBFC_PHYS_s17_T3_ctrl,64,209,70.96666666666667,0.06605935096740723,-0.1714817220000189
UBFC_PHYS_s17_T3_ctrl,64,210,71.0,0.45340633392333984,-0.14516943162622994
UBFC_PHYS_s17_T3_ctrl,64,211,71.03333333333333,0.5062801241874695,-0.0848415086683352
UBFC_PHYS_s17_T3_ctrl,64,212,71.06666666666666,0.2694191634654999,-0.003083914439834036
UBFC_PHYS_s17_T3_ctrl,64,213,71.1,-0.1561112105846405,0.08760570547545675
UBFC_PHYS_s17_T3_ctrl,64,214,71.13333333333334,-0.6441606879234314,0.1776630516840585
UBFC_PHYS_s17_T3_ctrl,64,215,71.16666666666667,-1.11794114112854,0.261386965961807
UBFC_PHYS_s17_T3_ctrl,64,216,71.2,-1.5320820808410645,0.33549719603888406
UBFC_PHYS_s17_T3_ctrl,64,217,71.23333333333333,-1.7917687892913818,0.39604314958252435
UBFC_PHYS_s17_T3_ctrl,64,218,71.26666666666667,-1.7732272148132324,0.4355621909899735
UBFC_PHYS_s17_T3_ctrl,64,219,71.3,-1.465922474861145,0.44261736535299473
UBFC_PHYS_s17_T3_ctrl,64,220,71.33333333333333,-1.0077338218688965,0.4046689744919927
UBFC_PHYS_s17_T3_ctrl,64,221,71.36666666666666,-0.5575750470161438,0.31339183242386065
UBFC_PHYS_s17_T3_ctrl,64,222,71.4,-0.20334294438362122,0.17018639207983782
UBFC_PHYS_s17_T3_ctrl,64,223,71.43333333333334,0.04146607220172882,-0.010638836490835718
UBFC_PHYS_s17_T3_ctrl,64,224,71.46666666666667,0.20104727149009705,-0.20268834087456783
UBFC_PHYS_s17_T3_ctrl,64,225,71.5,0.29924479126930237,-0.3724425497539021
UBFC_PHYS_s17_T3_ctrl,64,226,71.53333333333333,0.36017197370529175,-0.48694917228663626
UBFC_PHYS_s17_T3_ctrl,64,227,71.56666666666666,0.4361875355243683,-0.5219147311677909
UBFC_PHYS_s17_T3_ctrl,64,228,71.6,0.5555251836776733,-0.46789039174897074
UBFC_PHYS_s17_T3_ctrl,64,229,71.63333333333334,0.6610035300254822,-0.3329335037162433
UBFC_PHYS_s17_T3_ctrl,64,230,71.66666666666667,0.6829513907432556,-0.1410647165423194
UBFC_PHYS_s17_T3_ctrl,64,231,71.7,0.6416309475898743,0.07310101723895682
UBFC_PHYS_s17_T3_ctrl,64,232,71.73333333333333,0.5985897779464722,0.27209183444975304
UBFC_PHYS_s17_T3_ctrl,64,233,71.76666666666667,0.5334017872810364,0.4234773590522554
UBFC_PHYS_s17_T3_ctrl,64,234,71.8,0.2762083411216736,0.5056913543854927
UBFC_PHYS_s17_T3_ctrl,64,235,71.83333333333333,-0.324834406375885,0.5103888314976467
UBFC_PHYS_s17_T3_ctrl,64,236,71.86666666666666,-1.1022323369979858,0.44138734031297483
UBFC_PHYS_s17_T3_ctrl,64,237,71.9,-1.5949054956436157,0.31147661782213737
UBFC_PHYS_s17_T3_ctrl,64,238,71.93333333333334,-1.4944020509719849,0.13875339044320337
UBFC_PHYS_s17_T3_ctrl,64,239,71.96666666666667,-0.912848949432373,-0.056266564242852736
UBFC_PHYS_s17_T3_ctrl,65,0,65.0,0.0399092398583889,0.16001703618147425
UBFC_PHYS_s17_T3_ctrl,65,1,65.03333333333333,-0.15368816256523132,0.27213524589186994
UBFC_PHYS_s17_T3_ctrl,65,2,65.06666666666666,-0.3207491934299469,0.3688075654519278
UBFC_PHYS_s17_T3_ctrl,65,3,65.1,-0.5112095475196838,0.43615285224363165
UBFC_PHYS_s17_T3_ctrl,65,4,65.13333333333334,-0.7309219241142273,0.4570553848433086
UBFC_PHYS_s17_T3_ctrl,65,5,65.16666666666667,-0.9461628198623657,0.41433861871486105
UBFC_PHYS_s17_T3_ctrl,65,6,65.2,-1.072863221168518,0.2969999355437386
UBFC_PHYS_s17_T3_ctrl,65,7,65.23333333333333,-0.9799917340278625,0.10705473298654238
UBFC_PHYS_s17_T3_ctrl,65,8,65.26666666666667,-0.6151778697967529,-0.13655775208029403
UBFC_PHYS_s17_T3_ctrl,65,9,65.3,-0.09297169744968414,-0.3998313662298376
UBFC_PHYS_s17_T3_ctrl,65,10,65.33333333333333,0.42794686555862427,-0.6415365448066561
UBFC_PHYS_s17_T3_ctrl,65,11,65.36666666666666,0.8636376261711121,-0.8244043253492876
UBFC_PHYS_s17_T3_ctrl,65,12,65.4,1.2013883590698242,-0.9255814247665793
UBFC_PHYS_s17_T3_ctrl,65,13,65.43333333333334,1.4674779176712036,-0.9425451644841113
UBFC_PHYS_s17_T3_ctrl,65,14,65.46666666666667,1.7157986164093018,-0.8921347466014741
UBFC_PHYS_s17_T3_ctrl,65,15,65.5,1.9978312253952026,-0.8028084504643792
UBFC_PHYS_s17_T3_ctrl,65,16,65.53333333333333,2.29730486869812,-0.7031095916318387
UBFC_PHYS_s17_T3_ctrl,65,17,65.56666666666666,2.529027223587036,-0.6111903157893593
UBFC_PHYS_s17_T3_ctrl,65,18,65.6,2.639691114425659,-0.5298572529336865
UBFC_PHYS_s17_T3_ctrl,65,19,65.63333333333334,2.6640853881835938,-0.4489718213727383
UBFC_PHYS_s17_T3_ctrl,65,20,65.66666666666667,2.6710150241851807,-0.35340723403559854
UBFC_PHYS_s17_T3_ctrl,65,21,65.7,2.6743509769439697,-0.23220930760507033
UBFC_PHYS_s17_T3_ctrl,65,22,65.73333333333333,2.640498638153076,-0.0845933290070069
UBFC_PHYS_s17_T3_ctrl,65,23,65.76666666666667,2.5010509490966797,0.07944657441860456
UBFC_PHYS_s17_T3_ctrl,65,24,65.8,2.0944366455078125,0.2433006365465241
UBFC_PHYS_s17_T3_ctrl,65,25,65.83333333333333,1.337699055671692,0.3899867613023472
UBFC_PHYS_s17_T3_ctrl,65,26,65.86666666666666,0.45987948775291443,0.5073336954562425
UBFC_PHYS_s17_T3_ctrl,65,27,65.9,-0.18599537014961243,0.5900814801248658
UBFC_PHYS_s17_T3_ctrl,65,28,65.93333333333334,-0.5366572737693787,0.6387912898853352
UBFC_PHYS_s17_T3_ctrl,65,29,65.96666666666667,-0.8159858584403992,0.6571224110446476
UBFC_PHYS_s17_T3_ctrl,65,30,66.0,-1.1911005973815918,0.6496239796019138
UBFC_PHYS_s17_T3_ctrl,65,31,66.03333333333333,-1.6168885231018066,0.6215011341943181
UBFC_PHYS_s17_T3_ctrl,65,32,66.06666666666666,-1.9320242404937744,0.580264404729624
UBFC_PHYS_s17_T3_ctrl,65,33,66.1,-1.9646825790405273,0.5375958470972846
UBFC_PHYS_s17_T3_ctrl,65,34,66.13333333333334,-1.666274070739746,0.5090814405725073
UBFC_PHYS_s17_T3_ctrl,65,35,66.16666666666667,-1.2397370338439941,0.5102751061159306
UBFC_PHYS_s17_T3_ctrl,65,36,66.2,-0.9680052995681763,0.5497240864991545
UBFC_PHYS_s17_T3_ctrl,65,37,66.23333333333333,-0.9206916093826294,0.6219730712820475
UBFC_PHYS_s17_T3_ctrl,65,38,66.26666666666667,-0.9686374068260193,0.7047034648515921
UBFC_PHYS_s17_T3_ctrl,65,39,66.3,-1.0075465440750122,0.7630279525994214
UBFC_PHYS_s17_T3_ctrl,65,40,66.33333333333333,-1.053209662437439,0.7606305701636192
UBFC_PHYS_s17_T3_ctrl,65,41,66.36666666666666,-1.1538888216018677,0.6734374866051028
UBFC_PHYS_s17_T3_ctrl,65,42,66.4,-1.2765040397644043,0.4991844908622
UBFC_PHYS_s17_T3_ctrl,65,43,66.43333333333334,-1.3172158002853394,0.25784217679812416
UBFC_PHYS_s17_T3_ctrl,65,44,66.46666666666667,-1.2292956113815308,-0.016842522514166194
UBFC_PHYS_s17_T3_ctrl,65,45,66.5,-1.085399866104126,-0.28953009468991964
UBFC_PHYS_s17_T3_ctrl,65,46,66.53333333333333,-0.9991185665130615,-0.5332869855073668
UBFC_PHYS_s17_T3_ctrl,65,47,66.56666666666666,-0.9788796901702881,-0.7341864251732753
UBFC_PHYS_s17_T3_ctrl,65,48,66.6,-0.9084476828575134,-0.8906123565363002
UBFC_PHYS_s17_T3_ctrl,65,49,66.63333333333334,-0.7008036375045776,-1.0093824019981747
UBFC_PHYS_s17_T3_ctrl,65,50,66.66666666666667,-0.41403040289878845,-1.1009943947626388
UBFC_PHYS_s17_T3_ctrl,65,51,66.7,-0.14796417951583862,-1.175382052199595
UBFC_PHYS_s17_T3_ctrl,65,52,66.73333333333333,0.0847647488117218,-1.238596571040882
UBFC_PHYS_s17_T3_ctrl,65,53,66.76666666666667,0.2957448363304138,-1.2902452395189854
UBFC_PHYS_s17_T3_ctrl,65,54,66.8,0.4311775863170624,-1.3214580749095166
UBFC_PHYS_s17_T3_ctrl,65,55,66.83333333333333,0.4604296386241913,-1.313922688570036
UBFC_PHYS_s17_T3_ctrl,65,56,66.86666666666666,0.4544832408428192,-1.2417354422400297
UBFC_PHYS_s17_T3_ctrl,65,57,66.9,0.4876098334789276,-1.0778054272152482
UBFC_PHYS_s17_T3_ctrl,65,58,66.93333333333334,0.5192264318466187,-0.8043280531677757
UBFC_PHYS_s17_T3_ctrl,65,59,66.96666666666667,0.47270873188972473,-0.4238123345465646
UBFC_PHYS_s17_T3_ctrl,65,60,67.0,0.3766767382621765,0.03440920262856326
UBFC_PHYS_s17_T3_ctrl,65,61,67.03333333333333,0.2854674160480499,0.5160347821506052
UBFC_PHYS_s17_T3_ctrl,65,62,67.06666666666666,0.13656163215637207,0.9523250365234646
UBFC_PHYS_s17_T3_ctrl,65,63,67.1,-0.06041867658495903,1.276179292853822
UBFC_PHYS_s17_T3_ctrl,65,64,67.13333333333334,-0.1364576667547226,1.439220939574073
UBFC_PHYS_s17_T3_ctrl,65,65,67.16666666666667,-0.10313207656145096,1.4253685082741374
UBFC_PHYS_s17_T3_ctrl,65,66,67.2,-0.1704738736152649,1.256738814754518
UBFC_PHYS_s17_T3_ctrl,65,67,67.23333333333333,-0.30797848105430603,0.9891818272269608
UBFC_PHYS_s17_T3_ctrl,65,68,67.26666666666667,-0.316804438829422,0.6979574182422551
UBFC_PHYS_s17_T3_ctrl,65,69,67.3,-0.2527167797088623,0.45771192449533427
UBFC_PHYS_s17_T3_ctrl,65,70,67.33333333333333,-0.2320682555437088,0.32303235262460195
UBFC_PHYS_s17_T3_ctrl,65,71,67.36666666666666,-0.24274368584156036,0.3154866014799587
UBFC_PHYS_s17_T3_ctrl,65,72,67.4,-0.3897063434123993,0.4204720654858627
UBFC_PHYS_s17_T3_ctrl,65,73,67.43333333333334,-0.7092081904411316,0.5937647322306114
UBFC_PHYS_s17_T3_ctrl,65,74,67.46666666666667,-0.8461509346961975,0.7749070277098032
UBFC_PHYS_s17_T3_ctrl,65,75,67.5,-0.5231842398643494,0.9032392892165525
UBFC_PHYS_s17_T3_ctrl,65,76,67.53333333333333,-0.01943768933415413,0.9324337122379198
UBFC_PHYS_s17_T3_ctrl,65,77,67.56666666666666,0.32922258973121643,0.8402718463190467
UBFC_PHYS_s17_T3_ctrl,65,78,67.6,0.5892019271850586,0.6316157727990573
UBFC_PHYS_s17_T3_ctrl,65,79,67.63333333333334,0.8467348217964172,0.33406096721634315
UBFC_PHYS_s17_T3_ctrl,65,80,67.66666666666667,1.005496621131897,-0.012295138687683626
UBFC_PHYS_s17_T3_ctrl,65,81,67.7,1.0296685695648193,-0.3675367856932034
UBFC_PHYS_s17_T3_ctrl,65,82,67.73333333333333,0.9955469965934753,-0.7024000218650799
UBFC_PHYS_s17_T3_ctrl,65,83,67.76666666666667,0.9134913682937622,-1.0024515808980592
UBFC_PHYS_s17_T3_ctrl,65,84,67.8,0.7430474758148193,-1.26459745449748
UBFC_PHYS_s17_T3_ctrl,65,85,67.83333333333333,0.5311894416809082,-1.488061746068364
UBFC_PHYS_s17_T3_ctrl,65,86,67.86666666666666,0.3467808663845062,-1.6645054424127577
UBFC_PHYS_s17_T3_ctrl,65,87,67.9,0.16116660833358765,-1.7724022545295917
UBFC_PHYS_s17_T3_ctrl,65,88,67.93333333333334,-0.05966952070593834,-1.7790408903718484
UBFC_PHYS_s17_T3_ctrl,65,89,67.96666666666667,-0.2075452208518982,-1.6504176200160388
UBFC_PHYS_s17_T3_ctrl,65,90,68.0,-0.15410956740379333,-1.3660482825501046
UBFC_PHYS_s17_T3_ctrl,65,91,68.03333333333333,0.03264011815190315,-0.9333713780848087
UBFC_PHYS_s17_T3_ctrl,65,92,68.06666666666666,0.18268133699893951,-0.395680365118904
UBFC_PHYS_s17_T3_ctrl,65,93,68.1,0.2595982253551483,0.17110452033906273
UBFC_PHYS_s17_T3_ctrl,65,94,68.13333333333334,0.3008952736854553,0.6740315980969033
UBFC_PHYS_s17_T3_ctrl,65,95,68.16666666666667,0.3060925006866455,1.0273690326857596
UBFC_PHYS_s17_T3_ctrl,65,96,68.2,0.28098419308662415,1.177264048865442
UBFC_PHYS_s17_T3_ctrl,65,97,68.23333333333333,0.2685997784137726,1.1173679861036363
UBFC_PHYS_s17_T3_ctrl,65,98,68.26666666666667,0.2823537290096283,0.8896146930290889
UBFC_PHYS_s17_T3_ctrl,65,99,68.3,0.2935559153556824,0.570565508283495
UBFC_PHYS_s17_T3_ctrl,65,100,68.33333333333333,0.28794896602630615,0.24901481458896912
UBFC_PHYS_s17_T3_ctrl,65,101,68.36666666666666,0.25869691371917725,0.002826041613322717
UBFC_PHYS_s17_T3_ctrl,65,102,68.4,0.1951594054698944,-0.11807401601855716
UBFC_PHYS_s17_T3_ctrl,65,103,68.43333333333334,0.1051323339343071,-0.09886406155320641
UBFC_PHYS_s17_T3_ctrl,65,104,68.46666666666667,0.011581909842789173,0.042785643225305606
UBFC_PHYS_s17_T3_ctrl,65,105,68.5,-0.07913578301668167,0.26630611071184146
UBFC_PHYS_s17_T3_ctrl,65,106,68.53333333333333,-0.18047037720680237,0.52093532166796
UBFC_PHYS_s17_T3_ctrl,65,107,68.56666666666666,-0.291930228471756,0.7580429950400601
UBFC_PHYS_s17_T3_ctrl,65,108,68.6,-0.357469379901886,0.9406133749539309
UBFC_PHYS_s17_T3_ctrl,65,109,68.63333333333334,-0.2934519350528717,1.0483716855270668
UBFC_PHYS_s17_T3_ctrl,65,110,68.66666666666667,-0.10324913263320923,1.0777554353513117
UBFC_PHYS_s17_T3_ctrl,65,111,68.7,0.09335659444332123,1.0371223999735595
UBFC_PHYS_s17_T3_ctrl,65,112,68.73333333333333,0.20310744643211365,0.9394812965811502
UBFC_PHYS_s17_T3_ctrl,65,113,68.76666666666667,0.25691765546798706,0.7962488999645634
UBFC_PHYS_s17_T3_ctrl,65,114,68.8,0.30493366718292236,0.6147328606658008
UBFC_PHYS_s17_T3_ctrl,65,115,68.83333333333333,0.3230069577693939,0.39960573022077334
UBFC_PHYS_s17_T3_ctrl,65,116,68.86666666666666,0.2946796417236328,0.15616177563142106
UBFC_PHYS_s17_T3_ctrl,65,117,68.9,0.27006295323371887,-0.10757635260059487
UBFC_PHYS_s17_T3_ctrl,65,118,68.93333333333334,0.2950776219367981,-0.3812260025716384
UBFC_PHYS_s17_T3_ctrl,65,119,68.96666666666667,0.3439715504646301,-0.6538524411338652
UBFC_PHYS_s17_T3_ctrl,65,120,69.0,0.36245453357696533,-0.9150970046281002
UBFC_PHYS_s17_T3_ctrl,65,121,69.03333333333333,0.3476821780204773,-1.1543079258141289
UBFC_PHYS_s17_T3_ctrl,65,122,69.06666666666666,0.347705602645874,-1.358256447383265
UBFC_PHYS_s17_T3_ctrl,65,123,69.1,0.3785027861595154,-1.5093967552941832
UBFC_PHYS_s17_T3_ctrl,65,124,69.13333333333334,0.3989640176296234,-1.5864131947492484
UBFC_PHYS_s17_T3_ctrl,65,125,69.16666666666667,0.370882511138916,-1.5676347595594728
UBFC_PHYS_s17_T3_ctrl,65,126,69.2,0.3152579367160797,-1.436876140855204
UBFC_PHYS_s17_T3_ctrl,65,127,69.23333333333333,0.2874690592288971,-1.190532898626934
UBFC_PHYS_s17_T3_ctrl,65,128,69.26666666666667,0.33690139651298523,-0.8440194628806759
UBFC_PHYS_s17_T3_ctrl,65,129,69.3,0.4992333948612213,-0.43485832742896957
UBFC_PHYS_s17_T3_ctrl,65,130,69.33333333333333,0.7560522556304932,-0.01946396220744285
UBFC_PHYS_s17_T3_ctrl,65,131,69.36666666666666,1.0448857545852661,0.3379252864297805
UBFC_PHYS_s17_T3_ctrl,65,132,69.4,1.3640129566192627,0.5822877930622744
UBFC_PHYS_s17_T3_ctrl,65,133,69.43333333333334,1.7106950283050537,0.6851558616658351
UBFC_PHYS_s17_T3_ctrl,65,134,69.46666666666667,1.8630656003952026,0.654870875832475
UBFC_PHYS_s17_T3_ctrl,65,135,69.5,1.5416674613952637,0.5344722732485867
UBFC_PHYS_s17_T3_ctrl,65,136,69.53333333333333,0.8529621958732605,0.38736606481411767
UBFC_PHYS_s17_T3_ctrl,65,137,69.56666666666666,0.2576551139354706,0.2763714694150466
UBFC_PHYS_s17_T3_ctrl,65,138,69.6,0.01704838126897812,0.24399520191629043
UBFC_PHYS_s17_T3_ctrl,65,139,69.63333333333334,0.08182666450738907,0.30058487038066234
UBFC_PHYS_s17_T3_ctrl,65,140,69.66666666666667,0.2759508192539215,0.4237847027600179
UBFC_PHYS_s17_T3_ctrl,65,141,69.7,0.3490048944950104,0.5687425344447099
UBFC_PHYS_s17_T3_ctrl,65,142,69.73333333333333,0.07434684783220291,0.6849435212695091
UBFC_PHYS_s17_T3_ctrl,65,143,69.76666666666667,-0.4755077362060547,0.7335478171068494
UBFC_PHYS_s17_T3_ctrl,65,144,69.8,-0.9897775650024414,0.6993789606242693
UBFC_PHYS_s17_T3_ctrl,65,145,69.83333333333333,-1.3931376934051514,0.594021363423274
UBFC_PHYS_s17_T3_ctrl,65,146,69.86666666666666,-1.8150159120559692,0.44986539499964184
UBFC_PHYS_s17_T3_ctrl,65,147,69.9,-2.1990151405334473,0.30799238963311093
UBFC_PHYS_s17_T3_ctrl,65,148,69.93333333333334,-2.340792179107666,0.20440309654715635
UBFC_PHYS_s17_T3_ctrl,65,149,69.96666666666667,-2.1686158180236816,0.1590073730091575
UBFC_PHYS_s17_T3_ctrl,65,150,70.0,-1.7531405687332153,0.17040258489516802
UBFC_PHYS_s17_T3_ctrl,65,151,70.03333333333333,-1.2270599603652954,0.21745058590925181
UBFC_PHYS_s17_T3_ctrl,65,152,70.06666666666666,-0.7912872433662415,0.26667844485659375
UBFC_PHYS_s17_T3_ctrl,65,153,70.1,-0.5851649045944214,0.2830063824840844
UBFC_PHYS_s17_T3_ctrl,65,154,70.13333333333334,-0.5732721090316772,0.24049123568852873
UBFC_PHYS_s17_T3_ctrl,65,155,70.16666666666667,-0.6241442561149597,0.1298126679429472
UBFC_PHYS_s17_T3_ctrl,65,156,70.2,-0.6566621661186218,-0.03979025692822851
UBFC_PHYS_s17_T3_ctrl,65,157,70.23333333333333,-0.6728391647338867,-0.24451197604295669
UBFC_PHYS_s17_T3_ctrl,65,158,70.26666666666667,-0.6825313568115234,-0.45395897219902376
UBFC_PHYS_s17_T3_ctrl,65,159,70.3,-0.6484448909759521,-0.6397195579155193
UBFC_PHYS_s17_T3_ctrl,65,160,70.33333333333333,-0.5503410696983337,-0.7814586969780897
UBFC_PHYS_s17_T3_ctrl,65,161,70.36666666666666,-0.43127259612083435,-0.8690658442598196
UBFC_PHYS_s17_T3_ctrl,65,162,70.4,-0.3195435106754303,-0.9011469488858516
UBFC_PHYS_s17_T3_ctrl,65,163,70.43333333333334,-0.16704414784908295,-0.881401102403128
UBFC_PHYS_s17_T3_ctrl,65,164,70.46666666666667,0.06030023843050003,-0.8148885807893548
UBFC_PHYS_s17_T3_ctrl,65,165,70.5,0.3032831847667694,-0.7058579152277393
UBFC_PHYS_s17_T3_ctrl,65,166,70.53333333333333,0.49403616786003113,-0.5578730945149776
UBFC_PHYS_s17_T3_ctrl,65,167,70.56666666666666,0.6475188136100769,-0.3758841632845643
UBFC_PHYS_s17_T3_ctrl,65,168,70.6,0.8138774633407593,-0.16902934301434466
UBFC_PHYS_s17_T3_ctrl,65,169,70.63333333333334,1.0364811420440674,0.04742167252630815
UBFC_PHYS_s17_T3_ctrl,65,170,70.66666666666667,1.3080840110778809,0.25238320050576424
UBFC_PHYS_s17_T3_ctrl,65,171,70.7,1.5228098630905151,0.4221590323320862
UBFC_PHYS_s17_T3_ctrl,65,172,70.73333333333333,1.5464316606521606,0.5359875507536059
UBFC_PHYS_s17_T3_ctrl,65,173,70.76666666666667,1.2872951030731201,0.5821875930758643
UBFC_PHYS_s17_T3_ctrl,65,174,70.8,0.66761714220047,0.5625039682605003
UBFC_PHYS_s17_T3_ctrl,65,175,70.83333333333333,-0.22018715739250183,0.49259419173300234
UBFC_PHYS_s17_T3_ctrl,65,176,70.86666666666666,-0.9391863346099854,0.3979970137908255
UBFC_PHYS_s17_T3_ctrl,65,177,70.9,-1.03395414352417,0.30674256114410714
UBFC_PHYS_s17_T3_ctrl,65,178,70.93333333333334,-0.5488661527633667,0.24115306560583477
UBFC_PHYS_s17_T3_ctrl,65,179,70.96666666666667,0.06605935096740723,0.21181864780374463
UBFC_PHYS_s17_T3_ctrl,65,180,71.0,0.45340633392333984,0.21600841010622357
UBFC_PHYS_s17_T3_ctrl,65,181,71.03333333333333,0.5062801241874695,0.24093811638201218
UBFC_PHYS_s17_T3_ctrl,65,182,71.06666666666666,0.2694191634654999,0.2700392278812632
UBFC_PHYS_s17_T3_ctrl,65,183,71.1,-0.1561112105846405,0.28914170328191124
UBFC_PHYS_s17_T3_ctrl,65,184,71.13333333333334,-0.6441606879234314,0.2901663488218886
UBFC_PHYS_s17_T3_ctrl,65,185,71.16666666666667,-1.11794114112854,0.27157596042113646
UBFC_PHYS_s17_T3_ctrl,65,186,71.2,-1.5320820808410645,0.23612010415990164
UBFC_PHYS_s17_T3_ctrl,65,187,71.23333333333333,-1.7917687892913818,0.18711730874716964
UBFC_PHYS_s17_T3_ctrl,65,188,71.26666666666667,-1.7732272148132324,0.12491774254770997
UBFC_PHYS_s17_T3_ctrl,65,189,71.3,-1.465922474861145,0.045177911975870705
UBFC_PHYS_s17_T3_ctrl,65,190,71.33333333333333,-1.0077338218688965,-0.060029029645426266
UBFC_PHYS_s17_T3_ctrl,65,191,71.36666666666666,-0.5575750470161438,-0.1983396648891112
UBFC_PHYS_s17_T3_ctrl,65,192,71.4,-0.20334294438362122,-0.3717522907499252
UBFC_PHYS_s17_T3_ctrl,65,193,71.43333333333334,0.04146607220172882,-0.5719224516406118
UBFC_PHYS_s17_T3_ctrl,65,194,71.46666666666667,0.20104727149009705,-0.7782470942985467
UBFC_PHYS_s17_T3_ctrl,65,195,71.5,0.29924479126930237,-0.9600184930318861
UBFC_PHYS_s17_T3_ctrl,65,196,71.53333333333333,0.36017197370529175,-1.0824638520016427
UBFC_PHYS_s17_T3_ctrl,65,197,71.56666666666666,0.4361875355243683,-1.1150428775808745
UBFC_PHYS_s17_T3_ctrl,65,198,71.6,0.5555251836776733,-1.0395554360143102
UBFC_PHYS_s17_T3_ctrl,65,199,71.63333333333334,0.6610035300254822,-0.8556482378689424
UBFC_PHYS_s17_T3_ctrl,65,200,71.66666666666667,0.6829513907432556,-0.582082888501563
UBFC_PHYS_s17_T3_ctrl,65,201,71.7,0.6416309475898743,-0.2532641227661972
UBFC_PHYS_s17_T3_ctrl,65,202,71.73333333333333,0.5985897779464722,0.08828872027303651
UBFC_PHYS_s17_T3_ctrl,65,203,71.76666666666667,0.5334017872810364,0.4016344394210487
UBFC_PHYS_s17_T3_ctrl,65,204,71.8,0.2762083411216736,0.6563503298402382
UBFC_PHYS_s17_T3_ctrl,65,205,71.83333333333333,-0.324834406375885,0.8377437458781966
UBFC_PHYS_s17_T3_ctrl,65,206,71.86666666666666,-1.1022323369979858,0.9467150595814702
UBFC_PHYS_s17_T3_ctrl,65,207,71.9,-1.5949054956436157,0.9947148770672776
UBFC_PHYS_s17_T3_ctrl,65,208,71.93333333333334,-1.4944020509719849,0.9959612827585165
UBFC_PHYS_s17_T3_ctrl,65,209,71.96666666666667,-0.912848949432373,0.9600084685565115
UBFC_PHYS_s17_T3_ctrl,65,210,72.0,-0.19888313114643097,0.8877110634242701
UBFC_PHYS_s17_T3_ctrl,65,211,72.03333333333333,0.33131787180900574,0.7723523963914439
UBFC_PHYS_s17_T3_ctrl,65,212,72.06666666666666,0.5541673302650452,0.6054472594064316
UBFC_PHYS_s17_T3_ctrl,65,213,72.1,0.5250440239906311,0.3847008012847268
UBFC_PHYS_s17_T3_ctrl,65,214,72.13333333333334,0.40005263686180115,0.12088347857694566
UBFC_PHYS_s17_T3_ctrl,65,215,72.16666666666667,0.3171542286872864,-0.15913654071904218
UBFC_PHYS_s17_T3_ctrl,65,216,72.2,0.31891003251075745,-0.4148362197797129
UBFC_PHYS_s17_T3_ctrl,65,217,72.23333333333333,0.37719178199768066,-0.6000019572338235
UBFC_PHYS_s17_T3_ctrl,65,218,72.26666666666667,0.4254535734653473,-0.6744313970475802
UBFC_PHYS_s17_T3_ctrl,65,219,72.3,0.39283034205436707,-0.6162097816209956
UBFC_PHYS_s17_T3_ctrl,65,220,72.33333333333333,0.34097492694854736,-0.43100153755264276
UBFC_PHYS_s17_T3_ctrl,65,221,72.36666666666666,0.41291698813438416,-0.15514102959857304
UBFC_PHYS_s17_T3_ctrl,65,222,72.4,0.5951717495918274,0.1497827817107996
UBFC_PHYS_s17_T3_ctrl,65,223,72.43333333333334,0.7356027364730835,0.4110620012325238
UBFC_PHYS_s17_T3_ctrl,65,224,72.46666666666667,0.7541911005973816,0.5645230508285123
UBFC_PHYS_s17_T3_ctrl,65,225,72.5,0.6361878514289856,0.573209202224009
UBFC_PHYS_s17_T3_ctrl,65,226,72.53333333333333,0.40183186531066895,0.4376279094489036
UBFC_PHYS_s17_T3_ctrl,65,227,72.56666666666666,0.21810220181941986,0.19303516294671966
UBFC_PHYS_s17_T3_ctrl,65,228,72.6,0.22363890707492828,-0.1046436444852163
UBFC_PHYS_s17_T3_ctrl,65,229,72.63333333333334,0.30870282649993896,-0.3973451542203545
UBFC_PHYS_s17_T3_ctrl,65,230,72.66666666666667,0.28379350900650024,-0.640034075211898
UBFC_PHYS_s17_T3_ctrl,65,231,72.7,0.12875404953956604,-0.8077870968711662
UBFC_PHYS_s17_T3_ctrl,65,232,72.73333333333333,-0.08960051089525223,-0.8945422939737848
UBFC_PHYS_s17_T3_ctrl,65,233,72.76666666666667,-0.35971683263778687,-0.9066795959347856
UBFC_PHYS_s17_T3_ctrl,65,234,72.8,-0.6695850491523743,-0.8556713975587487
UBFC_PHYS_s17_T3_ctrl,65,235,72.83333333333333,-0.990351140499115,-0.7529771904659743
UBFC_PHYS_s17_T3_ctrl,65,236,72.86666666666666,-1.3226704597473145,-0.608270397419178
UBFC_PHYS_s17_T3_ctrl,65,237,72.9,-1.6287930011749268,-0.4301741723759379
UBFC_PHYS_s17_T3_ctrl,65,238,72.93333333333334,-1.840557336807251,-0.22779301966572552
UBFC_PHYS_s17_T3_ctrl,65,239,72.96666666666667,-1.9952105283737183,-0.01170621959387759
UBFC_PHYS_s17_T3_ctrl,66,0,66.0,-1.1911005973815918,0.09290533082854956
UBFC_PHYS_s17_T3_ctrl,66,1,66.03333333333333,-1.6168885231018066,0.28876915223236593
UBFC_PHYS_s17_T3_ctrl,66,2,66.06666666666666,-1.9320242404937744,0.4646183553416422
UBFC_PHYS_s17_T3_ctrl,66,3,66.1,-1.9646825790405273,0.6082230628837227
UBFC_PHYS_s17_T3_ctrl,66,4,66.13333333333334,-1.666274070739746,0.7186231104929929
UBFC_PHYS_s17_T3_ctrl,66,5,66.16666666666667,-1.2397370338439941,0.804229422714539
UBFC_PHYS_s17_T3_ctrl,66,6,66.2,-0.9680052995681763,0.8756818254793927
UBFC_PHYS_s17_T3_ctrl,66,7,66.23333333333333,-0.9206916093826294,0.9371352374543416
UBFC_PHYS_s17_T3_ctrl,66,8,66.26666666666667,-0.9686374068260193,0.980866969420988
UBFC_PHYS_s17_T3_ctrl,66,9,66.3,-1.0075465440750122,0.9886476024456842
UBFC_PHYS_s17_T3_ctrl,66,10,66.33333333333333,-1.053209662437439,0.9398969466643381
UBFC_PHYS_s17_T3_ctrl,66,11,66.36666666666666,-1.1538888216018677,0.8227642008282402
UBFC_PHYS_s17_T3_ctrl,66,12,66.4,-1.2765040397644043,0.6419870630951321
UBFC_PHYS_s17_T3_ctrl,66,13,66.43333333333334,-1.3172158002853394,0.41880452407699015
UBFC_PHYS_s17_T3_ctrl,66,14,66.46666666666667,-1.2292956113815308,0.18316549551009775
UBFC_PHYS_s17_T3_ctrl,66,15,66.5,-1.085399866104126,-0.0369504180616718
UBFC_PHYS_s17_T3_ctrl,66,16,66.53333333333333,-0.9991185665130615,-0.2236935652982611
UBFC_PHYS_s17_T3_ctrl,66,17,66.56666666666666,-0.9788796901702881,-0.37222457253134766
UBFC_PHYS_s17_T3_ctrl,66,18,66.6,-0.9084476828575134,-0.4886749435758473
UBFC_PHYS_s17_T3_ctrl,66,19,66.63333333333334,-0.7008036375045776,-0.5854209216529549
UBFC_PHYS_s17_T3_ctrl,66,20,66.66666666666667,-0.41403040289878845,-0.6760829121107944
UBFC_PHYS_s17_T3_ctrl,66,21,66.7,-0.14796417951583862,-0.7716938264785429
UBFC_PHYS_s17_T3_ctrl,66,22,66.73333333333333,0.0847647488117218,-0.8782654264140479
UBFC_PHYS_s17_T3_ctrl,66,23,66.76666666666667,0.2957448363304138,-0.9950932275316384
UBFC_PHYS_s17_T3_ctrl,66,24,66.8,0.4311775863170624,-1.1129701838687918
UBFC_PHYS_s17_T3_ctrl,66,25,66.83333333333333,0.4604296386241913,-1.2124574193358442
UBFC_PHYS_s17_T3_ctrl,66,26,66.86666666666666,0.4544832408428192,-1.2640627462892726
UBFC_PHYS_s17_T3_ctrl,66,27,66.9,0.4876098334789276,-1.2327661346881074
UBFC_PHYS_s17_T3_ctrl,66,28,66.93333333333334,0.5192264318466187,-1.0875614612809836
UBFC_PHYS_s17_T3_ctrl,66,29,66.96666666666667,0.47270873188972473,-0.8137221525707506
UBFC_PHYS_s17_T3_ctrl,66,30,67.0,0.3766767382621765,-0.42335847769475615
UBFC_PHYS_s17_T3_ctrl,66,31,67.03333333333333,0.2854674160480499,0.04051128654036677
UBFC_PHYS_s17_T3_ctrl,66,32,67.06666666666666,0.13656163215637207,0.5095866356246646
UBFC_PHYS_s17_T3_ctrl,66,33,67.1,-0.06041867658495903,0.9056418878837085
UBFC_PHYS_s17_T3_ctrl,66,34,67.13333333333334,-0.1364576667547226,1.1617658655180199
UBFC_PHYS_s17_T3_ctrl,66,35,67.16666666666667,-0.10313207656145096,1.2425898749423683
UBFC_PHYS_s17_T3_ctrl,66,36,67.2,-0.1704738736152649,1.1559562494756557
UBFC_PHYS_s17_T3_ctrl,66,37,67.23333333333333,-0.30797848105430603,0.9510424402378085
UBFC_PHYS_s17_T3_ctrl,66,38,67.26666666666667,-0.316804438829422,0.7030932002716824
UBFC_PHYS_s17_T3_ctrl,66,39,67.3,-0.2527167797088623,0.4901936555101629
UBFC_PHYS_s17_T3_ctrl,66,40,67.33333333333333,-0.2320682555437088,0.37034971232886976
UBFC_PHYS_s17_T3_ctrl,66,41,67.36666666666666,-0.24274368584156036,0.36648657371152765
UBFC_PHYS_s17_T3_ctrl,66,42,67.4,-0.3897063434123993,0.4634234912280382
UBFC_PHYS_s17_T3_ctrl,66,43,67.43333333333334,-0.7092081904411316,0.6162832160363333
UBFC_PHYS_s17_T3_ctrl,66,44,67.46666666666667,-0.8461509346961975,0.7661663517938336
UBFC_PHYS_s17_T3_ctrl,66,45,67.5,-0.5231842398643494,0.8574017260405344
UBFC_PHYS_s17_T3_ctrl,66,46,67.53333333333333,-0.01943768933415413,0.8513462039494087
UBFC_PHYS_s17_T3_ctrl,66,47,67.56666666666666,0.32922258973121643,0.7337009509803977
UBFC_PHYS_s17_T3_ctrl,66,48,67.6,0.5892019271850586,0.5145716410897908
UBFC_PHYS_s17_T3_ctrl,66,49,67.63333333333334,0.8467348217964172,0.2224075882445172
UBFC_PHYS_s17_T3_ctrl,66,50,67.66666666666667,1.005496621131897,-0.10570307326977833
UBFC_PHYS_s17_T3_ctrl,66,51,67.7,1.0296685695648193,-0.4341553635901525
UBFC_PHYS_s17_T3_ctrl,66,52,67.73333333333333,0.9955469965934753,-0.7360956212617928
UBFC_PHYS_s17_T3_ctrl,66,53,67.76666666666667,0.9134913682937622,-0.995578328377233
UBFC_PHYS_s17_T3_ctrl,66,54,67.8,0.7430474758148193,-1.204451897014162
UBFC_PHYS_s17_T3_ctrl,66,55,67.83333333333333,0.5311894416809082,-1.3561801623702918
UBFC_PHYS_s17_T3_ctrl,66,56,67.86666666666666,0.3467808663845062,-1.440293450036384
UBFC_PHYS_s17_T3_ctrl,66,57,67.9,0.16116660833358765,-1.4409476970669306
UBFC_PHYS_s17_T3_ctrl,66,58,67.93333333333334,-0.05966952070593834,-1.3410762805364718
UBFC_PHYS_s17_T3_ctrl,66,59,67.96666666666667,-0.2075452208518982,-1.1307363940402009
UBFC_PHYS_s17_T3_ctrl,66,60,68.0,-0.15410956740379333,-0.81591062185975
UBFC_PHYS_s17_T3_ctrl,66,61,68.03333333333333,0.03264011815190315,-0.42358320062804977
UBFC_PHYS_s17_T3_ctrl,66,62,68.06666666666666,0.18268133699893951,-0.0006224022804610608
UBFC_PHYS_s17_T3_ctrl,66,63,68.1,0.2595982253551483,0.39364737493549695
UBFC_PHYS_s17_T3_ctrl,66,64,68.13333333333334,0.3008952736854553,0.6996968709451162
UBFC_PHYS_s17_T3_ctrl,66,65,68.16666666666667,0.3060925006866455,0.872043096175083
UBFC_PHYS_s17_T3_ctrl,66,66,68.2,0.28098419308662415,0.8911944856134482
UBFC_PHYS_s17_T3_ctrl,66,67,68.23333333333333,0.2685997784137726,0.7688802374359675
UBFC_PHYS_s17_T3_ctrl,66,68,68.26666666666667,0.2823537290096283,0.5445944398593167
UBFC_PHYS_s17_T3_ctrl,66,69,68.3,0.2935559153556824,0.27500920825493447
UBFC_PHYS_s17_T3_ctrl,66,70,68.33333333333333,0.28794896602630615,0.020182017333231984
UBFC_PHYS_s17_T3_ctrl,66,71,68.36666666666666,0.25869691371917725,-0.1691676383629689
UBFC_PHYS_s17_T3_ctrl,66,72,68.4,0.1951594054698944,-0.2603480266694964
UBFC_PHYS_s17_T3_ctrl,66,73,68.43333333333334,0.1051323339343071,-0.2423326576988728
UBFC_PHYS_s17_T3_ctrl,66,74,68.46666666666667,0.011581909842789173,-0.12486440803262093
UBFC_PHYS_s17_T3_ctrl,66,75,68.5,-0.07913578301668167,0.06580659350559248
UBFC_PHYS_s17_T3_ctrl,66,76,68.53333333333333,-0.18047037720680237,0.2934491777279303
UBFC_PHYS_s17_T3_ctrl,66,77,68.56666666666666,-0.291930228471756,0.5196419820229417
UBFC_PHYS_s17_T3_ctrl,66,78,68.6,-0.357469379901886,0.7114784953034663
UBFC_PHYS_s17_T3_ctrl,66,79,68.63333333333334,-0.2934519350528717,0.8473000828959926
UBFC_PHYS_s17_T3_ctrl,66,80,68.66666666666667,-0.10324913263320923,0.9185786096703294
UBFC_PHYS_s17_T3_ctrl,66,81,68.7,0.09335659444332123,0.9272764857524913
UBFC_PHYS_s17_T3_ctrl,66,82,68.73333333333333,0.20310744643211365,0.8802174696986063
UBFC_PHYS_s17_T3_ctrl,66,83,68.76666666666667,0.25691765546798706,0.7836924778154534
UBFC_PHYS_s17_T3_ctrl,66,84,68.8,0.30493366718292236,0.6412573902739039
UBFC_PHYS_s17_T3_ctrl,66,85,68.83333333333333,0.3230069577693939,0.4554887932662308
UBFC_PHYS_s17_T3_ctrl,66,86,68.86666666666666,0.2946796417236328,0.23173146844458622
UBFC_PHYS_s17_T3_ctrl,66,87,68.9,0.27006295323371887,-0.01930304228965429
UBFC_PHYS_s17_T3_ctrl,66,88,68.93333333333334,0.2950776219367981,-0.2818571915069224
UBFC_PHYS_s17_T3_ctrl,66,89,68.96666666666667,0.3439715504646301,-0.5377546639267169
UBFC_PHYS_s17_T3_ctrl,66,90,69.0,0.36245453357696533,-0.7694238048577899
UBFC_PHYS_s17_T3_ctrl,66,91,69.03333333333333,0.3476821780204773,-0.9617206623294595
UBFC_PHYS_s17_T3_ctrl,66,92,69.06666666666666,0.347705602645874,-1.1022012036341788
UBFC_PHYS_s17_T3_ctrl,66,93,69.1,0.3785027861595154,-1.1806206661293694
UBFC_PHYS_s17_T3_ctrl,66,94,69.13333333333334,0.3989640176296234,-1.1887415603343057
UBFC_PHYS_s17_T3_ctrl,66,95,69.16666666666667,0.370882511138916,-1.1211892383237887
UBFC_PHYS_s17_T3_ctrl,66,96,69.2,0.3152579367160797,-0.9775812501426155
UBFC_PHYS_s17_T3_ctrl,66,97,69.23333333333333,0.2874690592288971,-0.765572304822426
UBFC_PHYS_s17_T3_ctrl,66,98,69.26666666666667,0.33690139651298523,-0.5037476490468584
UBFC_PHYS_s17_T3_ctrl,66,99,69.3,0.4992333948612213,-0.22257443797715343
UBFC_PHYS_s17_T3_ctrl,66,100,69.33333333333333,0.7560522556304932,0.0386437747614234
UBFC_PHYS_s17_T3_ctrl,66,101,69.36666666666666,1.0448857545852661,0.23983055191590508
UBFC_PHYS_s17_T3_ctrl,66,102,69.4,1.3640129566192627,0.3517161090632597
UBFC_PHYS_s17_T3_ctrl,66,103,69.43333333333334,1.7106950283050537,0.3666885352544012
UBFC_PHYS_s17_T3_ctrl,66,104,69.46666666666667,1.8630656003952026,0.30357866950900303
UBFC_PHYS_s17_T3_ctrl,66,105,69.5,1.5416674613952637,0.2028948801286332
UBFC_PHYS_s17_T3_ctrl,66,106,69.53333333333333,0.8529621958732605,0.1134248510456386
UBFC_PHYS_s17_T3_ctrl,66,107,69.56666666666666,0.2576551139354706,0.07540756240218796
UBFC_PHYS_s17_T3_ctrl,66,108,69.6,0.01704838126897812,0.10698822108521594
UBFC_PHYS_s17_T3_ctrl,66,109,69.63333333333334,0.08182666450738907,0.19901685028401353
UBFC_PHYS_s17_T3_ctrl,66,110,69.66666666666667,0.2759508192539215,0.3196908751230309
UBFC_PHYS_s17_T3_ctrl,66,111,69.7,0.3490048944950104,0.4268166641506356
UBFC_PHYS_s17_T3_ctrl,66,112,69.73333333333333,0.07434684783220291,0.48301409064365153
UBFC_PHYS_s17_T3_ctrl,66,113,69.76666666666667,-0.4755077362060547,0.4685392296509323
UBFC_PHYS_s17_T3_ctrl,66,114,69.8,-0.9897775650024414,0.38746733436635783
UBFC_PHYS_s17_T3_ctrl,66,115,69.83333333333333,-1.3931376934051514,0.2654771000292773
UBFC_PHYS_s17_T3_ctrl,66,116,69.86666666666666,-1.8150159120559692,0.14063653822086264
UBFC_PHYS_s17_T3_ctrl,66,117,69.9,-2.1990151405334473,0.05095236900491819
UBFC_PHYS_s17_T3_ctrl,66,118,69.93333333333334,-2.340792179107666,0.02294376555090739
UBFC_PHYS_s17_T3_ctrl,66,119,69.96666666666667,-2.1686158180236816,0.06442599983160767
UBFC_PHYS_s17_T3_ctrl,66,120,70.0,-1.7531405687332153,0.1629711814743299
UBFC_PHYS_s17_T3_ctrl,66,121,70.03333333333333,-1.2270599603652954,0.28985766085999953
UBFC_PHYS_s17_T3_ctrl,66,122,70.06666666666666,-0.7912872433662415,0.40807678974277556
UBFC_PHYS_s17_T3_ctrl,66,123,70.1,-0.5851649045944214,0.4821897088950313
UBFC_PHYS_s17_T3_ctrl,66,124,70.13333333333334,-0.5732721090316772,0.48747391188349176
UBFC_PHYS_s17_T3_ctrl,66,125,70.16666666666667,-0.6241442561149597,0.41592279568324675
UBFC_PHYS_s17_T3_ctrl,66,126,70.2,-0.6566621661186218,0.2773932084561239
UBFC_PHYS_s17_T3_ctrl,66,127,70.23333333333333,-0.6728391647338867,0.09562417548064028
UBFC_PHYS_s17_T3_ctrl,66,128,70.26666666666667,-0.6825313568115234,-0.09933471033386777
UBFC_PHYS_s17_T3_ctrl,66,129,70.3,-0.6484448909759521,-0.2794743618336342
UBFC_PHYS_s17_T3_ctrl,66,130,70.33333333333333,-0.5503410696983337,-0.4251590133541572
UBFC_PHYS_s17_T3_ctrl,66,131,70.36666666666666,-0.43127259612083435,-0.5277247928311544
UBFC_PHYS_s17_T3_ctrl,66,132,70.4,-0.3195435106754303,-0.5881089126707469
UBFC_PHYS_s17_T3_ctrl,66,133,70.43333333333334,-0.16704414784908295,-0.612655114557812
UBFC_PHYS_s17_T3_ctrl,66,134,70.46666666666667,0.06030023843050003,-0.6081513455039931
UBFC_PHYS_s17_T3_ctrl,66,135,70.5,0.3032831847667694,-0.5782525979156405
UBFC_PHYS_s17_T3_ctrl,66,136,70.53333333333333,0.49403616786003113,-0.5226529694315442
UBFC_PHYS_s17_T3_ctrl,66,137,70.56666666666666,0.6475188136100769,-0.4390872491998755
UBFC_PHYS_s17_T3_ctrl,66,138,70.6,0.8138774633407593,-0.3270386359443816
UBFC_PHYS_s17_T3_ctrl,66,139,70.63333333333334,1.0364811420440674,-0.19134498883843473
UBFC_PHYS_s17_T3_ctrl,66,140,70.66666666666667,1.3080840110778809,-0.043935432479634585
UBFC_PHYS_s17_T3_ctrl,66,141,70.7,1.5228098630905151,0.09737264043819151
UBFC_PHYS_s17_T3_ctrl,66,142,70.73333333333333,1.5464316606521606,0.21296665407326237
UBFC_PHYS_s17_T3_ctrl,66,143,70.76666666666667,1.2872951030731201,0.2871302078989667
UBFC_PHYS_s17_T3_ctrl,66,144,70.8,0.66761714220047,0.31312601220099945
UBFC_PHYS_s17_T3_ctrl,66,145,70.83333333333333,-0.22018715739250183,0.29550076650426466
UBFC_PHYS_s17_T3_ctrl,66,146,70.86666666666666,-0.9391863346099854,0.24862916178491293
UBFC_PHYS_s17_T3_ctrl,66,147,70.9,-1.03395414352417,0.1921382661354086
UBFC_PHYS_s17_T3_ctrl,66,148,70.93333333333334,-0.5488661527633667,0.14499975600569545
UBFC_PHYS_s17_T3_ctrl,66,149,70.96666666666667,0.06605935096740723,0.12039335749506343
UBFC_PHYS_s17_T3_ctrl,66,150,71.0,0.45340633392333984,0.12299107209085951
UBFC_PHYS_s17_T3_ctrl,66,151,71.03333333333333,0.5062801241874695,0.14928757427298267
UBFC_PHYS_s17_T3_ctrl,66,152,71.06666666666666,0.2694191634654999,0.1903776125222978
UBFC_PHYS_s17_T3_ctrl,66,153,71.1,-0.1561112105846405,0.23570576422284725
UBFC_PHYS_s17_T3_ctrl,66,154,71.13333333333334,-0.6441606879234314,0.2761759744476618
UBFC_PHYS_s17_T3_ctrl,66,155,71.16666666666667,-1.11794114112854,0.3055420705761724
UBFC_PHYS_s17_T3_ctrl,66,156,71.2,-1.5320820808410645,0.31987248271249713
UBFC_PHYS_s17_T3_ctrl,66,157,71.23333333333333,-1.7917687892913818,0.31574364644207203
UBFC_PHYS_s17_T3_ctrl,66,158,71.26666666666667,-1.7732272148132324,0.28837266193469363
UBFC_PHYS_s17_T3_ctrl,66,159,71.3,-1.465922474861145,0.2309522131982246
UBFC_PHYS_s17_T3_ctrl,66,160,71.33333333333333,-1.0077338218688965,0.13595361081488033
UBFC_PHYS_s17_T3_ctrl,66,161,71.36666666666666,-0.5575750470161438,-0.0017432013515843716
UBFC_PHYS_s17_T3_ctrl,66,162,71.4,-0.20334294438362122,-0.1810065469132878
UBFC_PHYS_s17_T3_ctrl,66,163,71.43333333333334,0.04146607220172882,-0.3915445817222792
UBFC_PHYS_s17_T3_ctrl,66,164,71.46666666666667,0.20104727149009705,-0.6133422422749237
UBFC_PHYS_s17_T3_ctrl,66,165,71.5,0.29924479126930237,-0.8189787925964482
UBFC_PHYS_s17_T3_ctrl,66,166,71.53333333333333,0.36017197370529175,-0.9783012193481536
UBFC_PHYS_s17_T3_ctrl,66,167,71.56666666666666,0.4361875355243683,-1.0642186949356418
UBFC_PHYS_s17_T3_ctrl,66,168,71.6,0.5555251836776733,-1.0582782117043743
UBFC_PHYS_s17_T3_ctrl,66,169,71.63333333333334,0.6610035300254822,-0.9549059642347716
UBFC_PHYS_s17_T3_ctrl,66,170,71.66666666666667,0.6829513907432556,-0.7633943063879395
UBFC_PHYS_s17_T3_ctrl,66,171,71.7,0.6416309475898743,-0.5068875375714653
UBFC_PHYS_s17_T3_ctrl,66,172,71.73333333333333,0.5985897779464722,-0.21802916519769214
UBFC_PHYS_s17_T3_ctrl,66,173,71.76666666666667,0.5334017872810364,0.06816450286981332
UBFC_PHYS_s17_T3_ctrl,66,174,71.8,0.2762083411216736,0.3223787923535645
UBFC_PHYS_s17_T3_ctrl,66,175,71.83333333333333,-0.324834406375885,0.5273380532749016
UBFC_PHYS_s17_T3_ctrl,66,176,71.86666666666666,-1.1022323369979858,0.6799970377299892
UBFC_PHYS_s17_T3_ctrl,66,177,71.9,-1.5949054956436157,0.7886084793432852
UBFC_PHYS_s17_T3_ctrl,66,178,71.93333333333334,-1.4944020509719849,0.8657167781903718
UBFC_PHYS_s17_T3_ctrl,66,179,71.96666666666667,-0.912848949432373,0.9199272397914974
UBFC_PHYS_s17_T3_ctrl,66,180,72.0,-0.19888313114643097,0.950051748718769
UBFC_PHYS_s17_T3_ctrl,66,181,72.03333333333333,0.33131787180900574,0.9444165762051449
UBFC_PHYS_s17_T3_ctrl,66,182,72.06666666666666,0.5541673302650452,0.8859133143207476
UBFC_PHYS_s17_T3_ctrl,66,183,72.1,0.5250440239906311,0.7608561823433719
UBFC_PHYS_s17_T3_ctrl,66,184,72.13333333333334,0.40005263686180115,0.5680906371951646
UBFC_PHYS_s17_T3_ctrl,66,185,72.16666666666667,0.3171542286872864,0.3246270266445655
UBFC_PHYS_s17_T3_ctrl,66,186,72.2,0.31891003251075745,0.06527310229951944
UBFC_PHYS_s17_T3_ctrl,66,187,72.23333333333333,0.37719178199768066,-0.1641831941847963
UBFC_PHYS_s17_T3_ctrl,66,188,72.26666666666667,0.4254535734653473,-0.3184860152935255
UBFC_PHYS_s17_T3_ctrl,66,189,72.3,0.39283034205436707,-0.3658507730720695
UBFC_PHYS_s17_T3_ctrl,66,190,72.33333333333333,0.34097492694854736,-0.2986476155596003
UBFC_PHYS_s17_T3_ctrl,66,191,72.36666666666666,0.41291698813438416,-0.13850009497746382
UBFC_PHYS_s17_T3_ctrl,66,192,72.4,0.5951717495918274,0.06667648424864697
UBFC_PHYS_s17_T3_ctrl,66,193,72.43333333333334,0.7356027364730835,0.25435001523131084
UBFC_PHYS_s17_T3_ctrl,66,194,72.46666666666667,0.7541911005973816,0.36536533763984164
UBFC_PHYS_s17_T3_ctrl,66,195,72.5,0.6361878514289856,0.3624943447248329
UBFC_PHYS_s17_T3_ctrl,66,196,72.53333333333333,0.40183186531066895,0.24200467859235755
UBFC_PHYS_s17_T3_ctrl,66,197,72.56666666666666,0.21810220181941986,0.032781386214905506
UBFC_PHYS_s17_T3_ctrl,66,198,72.6,0.22363890707492828,-0.21649863070788322
UBFC_PHYS_s17_T3_ctrl,66,199,72.63333333333334,0.30870282649993896,-0.4557567910582536
UBFC_PHYS_s17_T3_ctrl,66,200,72.66666666666667,0.28379350900650024,-0.6493358841706243
UBFC_PHYS_s17_T3_ctrl,66,201,72.7,0.12875404953956604,-0.7836370009183528
UBFC_PHYS_s17_T3_ctrl,66,202,72.73333333333333,-0.08960051089525223,-0.8653859612975157
UBFC_PHYS_s17_T3_ctrl,66,203,72.76666666666667,-0.35971683263778687,-0.9131774497058693
UBFC_PHYS_s17_T3_ctrl,66,204,72.8,-0.6695850491523743,-0.9466413301005394
UBFC_PHYS_s17_T3_ctrl,66,205,72.83333333333333,-0.990351140499115,-0.9772943721595267
UBFC_PHYS_s17_T3_ctrl,66,206,72.86666666666666,-1.3226704597473145,-1.0038040165907187
UBFC_PHYS_s17_T3_ctrl,66,207,72.9,-1.6287930011749268,-1.0125736385463524
UBFC_PHYS_s17_T3_ctrl,66,208,72.93333333333334,-1.840557336807251,-0.9826921498862984
UBFC_PHYS_s17_T3_ctrl,66,209,72.96666666666667,-1.9952105283737183,-0.8930051627856789
UBFC_PHYS_s17_T3_ctrl,66,210,73.0,-2.175241231918335,-0.7287996345828418
UBFC_PHYS_s17_T3_ctrl,66,211,73.03333333333333,-2.286572217941284,-0.48624417703860356
UBFC_PHYS_s17_T3_ctrl,66,212,73.06666666666666,-2.1755573749542236,-0.1738317155262206
UBFC_PHYS_s17_T3_ctrl,66,213,73.1,-1.9149575233459473,0.18891802405515115
UBFC_PHYS_s17_T3_ctrl,66,214,73.13333333333334,-1.6464916467666626,0.5746627535482854
UBFC_PHYS_s17_T3_ctrl,66,215,73.16666666666667,-1.3005471229553223,0.9523193671297066
UBFC_PHYS_s17_T3_ctrl,66,216,73.2,-0.774969756603241,1.2910247990070542
UBFC_PHYS_s17_T3_ctrl,66,217,73.23333333333333,-0.20770908892154694,1.5632889288439509
UBFC_PHYS_s17_T3_ctrl,66,218,73.26666666666667,0.19862423837184906,1.747217904828918
UBFC_PHYS_s17_T3_ctrl,66,219,73.3,0.42130982875823975,1.8281196082129012
UBFC_PHYS_s17_T3_ctrl,66,220,73.33333333333333,0.5206544995307922,1.7997574858252507
UBFC_PHYS_s17_T3_ctrl,66,221,73.36666666666666,0.5398749113082886,1.6650775017150765
UBFC_PHYS_s17_T3_ctrl,66,222,73.4,0.5306627154350281,1.4358197796546557
UBFC_PHYS_s17_T3_ctrl,66,223,73.43333333333334,0.5240022540092468,1.130579259878144
UBFC_PHYS_s17_T3_ctrl,66,224,73.46666666666667,0.5033420324325562,0.7717257034724166
UBFC_PHYS_s17_T3_ctrl,66,225,73.5,0.46218547224998474,0.3824823687102002
UBFC_PHYS_s17_T3_ctrl,66,226,73.53333333333333,0.42376798391342163,-0.014427200207133064
UBFC_PHYS_s17_T3_ctrl,66,227,73.56666666666666,0.34962528944015503,-0.3961222581247804
UBFC_PHYS_s17_T3_ctrl,66,228,73.6,0.16313312947750092,-0.7380500989544593
UBFC_PHYS_s17_T3_ctrl,66,229,73.63333333333334,-0.08408721536397934,-1.0138399854577553
UBFC_PHYS_s17_T3_ctrl,66,230,73.66666666666667,-0.23476052284240723,-1.198354509266296
UBFC_PHYS_s17_T3_ctrl,66,231,73.7,-0.24997767806053162,-1.2739860491397448
UBFC_PHYS_s17_T3_ctrl,66,232,73.73333333333333,-0.263275146484375,-1.2380168931168931
UBFC_PHYS_s17_T3_ctrl,66,233,73.76666666666667,-0.4153765141963959,-1.1074729529771095
UBFC_PHYS_s17_T3_ctrl,66,234,73.8,-0.6349952816963196,-0.9182519863653531
UBFC_PHYS_s17_T3_ctrl,66,235,73.83333333333333,-0.5693625211715698,-0.7172742224883388
UBFC_PHYS_s17_T3_ctrl,66,236,73.86666666666666,-0.058604322373867035,-0.5492077638183422
UBFC_PHYS_s17_T3_ctrl,66,237,73.9,0.4236977696418762,-0.4420640991591253
UBFC_PHYS_s17_T3_ctrl,66,238,73.93333333333334,0.3560281991958618,-0.39749152500813856
UBFC_PHYS_s17_T3_ctrl,66,239,73.96666666666667,-0.09231618791818619,-0.390535589703435
UBFC_PHYS_s17_T3_ctrl,67,0,67.0,0.3766767382621765,0.015003319693898327
UBFC_PHYS_s17_T3_ctrl,67,1,67.03333333333333,0.2854674160480499,0.34038605903544017
UBFC_PHYS_s17_T3_ctrl,67,2,67.06666666666666,0.13656163215637207,0.6291300974893805
UBFC_PHYS_s17_T3_ctrl,67,3,67.1,-0.06041867658495903,0.8474858936806273
UBFC_PHYS_s17_T3_ctrl,67,4,67.13333333333334,-0.1364576667547226,0.97133650232122
UBFC_PHYS_s17_T3_ctrl,67,5,67.16666666666667,-0.10313207656145096,0.9910663469788432
UBFC_PHYS_s17_T3_ctrl,67,6,67.2,-0.1704738736152649,0.9146728496343749
UBFC_PHYS_s17_T3_ctrl,67,7,67.23333333333333,-0.30797848105430603,0.7675850861378898
UBFC_PHYS_s17_T3_ctrl,67,8,67.26666666666667,-0.316804438829422,0.5881071348203805
UBFC_PHYS_s17_T3_ctrl,67,9,67.3,-0.2527167797088623,0.4186776186977825
UBFC_PHYS_s17_T3_ctrl,67,10,67.33333333333333,-0.2320682555437088,0.2952572745917941
UBFC_PHYS_s17_T3_ctrl,67,11,67.36666666666666,-0.24274368584156036,0.2385043913240734
UBFC_PHYS_s17_T3_ctrl,67,12,67.4,-0.3897063434123993,0.24962081049685947
UBFC_PHYS_s17_T3_ctrl,67,13,67.43333333333334,-0.7092081904411316,0.31162420930289825
UBFC_PHYS_s17_T3_ctrl,67,14,67.46666666666667,-0.8461509346961975,0.39490328929833574
UBFC_PHYS_s17_T3_ctrl,67,15,67.5,-0.5231842398643494,0.46502406360139564
UBFC_PHYS_s17_T3_ctrl,67,16,67.53333333333333,-0.01943768933415413,0.4908177957775586
UBFC_PHYS_s17_T3_ctrl,67,17,67.56666666666666,0.32922258973121643,0.45118148851991685
UBFC_PHYS_s17_T3_ctrl,67,18,67.6,0.5892019271850586,0.3392601325878607
UBFC_PHYS_s17_T3_ctrl,67,19,67.63333333333334,0.8467348217964172,0.16292957809715977
UBFC_PHYS_s17_T3_ctrl,67,20,67.66666666666667,1.005496621131897,-0.05878036701451496
UBFC_PHYS_s17_T3_ctrl,67,21,67.7,1.0296685695648193,-0.3022927225938121
UBFC_PHYS_s17_T3_ctrl,67,22,67.73333333333333,0.9955469965934753,-0.5464916178292455
UBFC_PHYS_s17_T3_ctrl,67,23,67.76666666666667,0.9134913682937622,-0.7769378568947151
UBFC_PHYS_s17_T3_ctrl,67,24,67.8,0.7430474758148193,-0.9853914585592821
UBFC_PHYS_s17_T3_ctrl,67,25,67.83333333333333,0.5311894416809082,-1.1652147821960663
UBFC_PHYS_s17_T3_ctrl,67,26,67.86666666666666,0.3467808663845062,-1.3054506841799158
UBFC_PHYS_s17_T3_ctrl,67,27,67.9,0.16116660833358765,-1.387173320731845
UBFC_PHYS_s17_T3_ctrl,67,28,67.93333333333334,-0.05966952070593834,-1.3847243106515745
UBFC_PHYS_s17_T3_ctrl,67,29,67.96666666666667,-0.2075452208518982,-1.2723607488486453
UBFC_PHYS_s17_T3_ctrl,67,30,68.0,-0.15410956740379333,-1.034652865363929
UBFC_PHYS_s17_T3_ctrl,67,31,68.03333333333333,0.03264011815190315,-0.6772029919811877
UBFC_PHYS_s17_T3_ctrl,67,32,68.06666666666666,0.18268133699893951,-0.23329653929868063
UBFC_PHYS_s17_T3_ctrl,67,33,68.1,0.2595982253551483,0.23746550441178743
UBFC_PHYS_s17_T3_ctrl,67,34,68.13333333333334,0.3008952736854553,0.6602390093049351
UBFC_PHYS_s17_T3_ctrl,67,35,68.16666666666667,0.3060925006866455,0.9635114093005304
UBFC_PHYS_s17_T3_ctrl,67,36,68.2,0.28098419308662415,1.0989159916839697
UBFC_PHYS_s17_T3_ctrl,67,37,68.23333333333333,0.2685997784137726,1.0546375842039055
UBFC_PHYS_s17_T3_ctrl,67,38,68.26666666666667,0.2823537290096283,0.8575899110321688
UBFC_PHYS_s17_T3_ctrl,67,39,68.3,0.2935559153556824,0.5645086882161843
UBFC_PHYS_s17_T3_ctrl,67,40,68.33333333333333,0.28794896602630615,0.24604108848887807
UBFC_PHYS_s17_T3_ctrl,67,41,68.36666666666666,0.25869691371917725,-0.03056026539874558
UBFC_PHYS_s17_T3_ctrl,67,42,68.4,0.1951594054698944,-0.21526126013913777
UBFC_PHYS_s17_T3_ctrl,67,43,68.43333333333334,0.1051323339343071,-0.2828087733769643
UBFC_PHYS_s17_T3_ctrl,67,44,68.46666666666667,0.011581909842789173,-0.23360606502485898
UBFC_PHYS_s17_T3_ctrl,67,45,68.5,-0.07913578301668167,-0.08922188963289641
UBFC_PHYS_s17_T3_ctrl,67,46,68.53333333333333,-0.18047037720680237,0.115357037184432
UBFC_PHYS_s17_T3_ctrl,67,47,68.56666666666666,-0.291930228471756,0.3405760912296955
UBFC_PHYS_s17_T3_ctrl,67,48,68.6,-0.357469379901886,0.5503844720688755
UBFC_PHYS_s17_T3_ctrl,67,49,68.63333333333334,-0.2934519350528717,0.7179760416574803
UBFC_PHYS_s17_T3_ctrl,67,50,68.66666666666667,-0.10324913263320923,0.8281011031822673
UBFC_PHYS_s17_T3_ctrl,67,51,68.7,0.09335659444332123,0.8758136906056274
UBFC_PHYS_s17_T3_ctrl,67,52,68.73333333333333,0.20310744643211365,0.8629620682183898
UBFC_PHYS_s17_T3_ctrl,67,53,68.76666666666667,0.25691765546798706,0.794652612182047
UBFC_PHYS_s17_T3_ctrl,67,54,68.8,0.30493366718292236,0.6774301312954566
UBFC_PHYS_s17_T3_ctrl,67,55,68.83333333333333,0.3230069577693939,0.5193289050751622
UBFC_PHYS_s17_T3_ctrl,67,56,68.86666666666666,0.2946796417236328,0.3304033014630205
UBFC_PHYS_s17_T3_ctrl,67,57,68.9,0.27006295323371887,0.12214517264793433
UBFC_PHYS_s17_T3_ctrl,67,58,68.93333333333334,0.2950776219367981,-0.09437799525724432
UBFC_PHYS_s17_T3_ctrl,67,59,68.96666666666667,0.3439715504646301,-0.3102826550439319
UBFC_PHYS_s17_T3_ctrl,67,60,69.0,0.36245453357696533,-0.5190319123186595
UBFC_PHYS_s17_T3_ctrl,67,61,69.03333333333333,0.3476821780204773,-0.7146738853980866
UBFC_PHYS_s17_T3_ctrl,67,62,69.06666666666666,0.347705602645874,-0.8891760754851274
UBFC_PHYS_s17_T3_ctrl,67,63,69.1,0.3785027861595154,-1.030487265612942
UBFC_PHYS_s17_T3_ctrl,67,64,69.13333333333334,0.3989640176296234,-1.1225624929687759
UBFC_PHYS_s17_T3_ctrl,67,65,69.16666666666667,0.370882511138916,-1.1477629411109371
UBFC_PHYS_s17_T3_ctrl,67,66,69.2,0.3152579367160797,-1.0914077972788958
UBFC_PHYS_s17_T3_ctrl,67,67,69.23333333333333,0.2874690592288971,-0.9476801445058453
UBFC_PHYS_s17_T3_ctrl,67,68,69.26666666666667,0.33690139651298523,-0.7252871306395006
UBFC_PHYS_s17_T3_ctrl,67,69,69.3,0.4992333948612213,-0.4504652809305206
UBFC_PHYS_s17_T3_ctrl,67,70,69.33333333333333,0.7560522556304932,-0.1647739356346876
UBFC_PHYS_s17_T3_ctrl,67,71,69.36666666666666,1.0448857545852661,0.08354973883434384
UBFC_PHYS_s17_T3_ctrl,67,72,69.4,1.3640129566192627,0.2530417947568874
UBFC_PHYS_s17_T3_ctrl,67,73,69.43333333333334,1.7106950283050537,0.32263697933375585
UBFC_PHYS_s17_T3_ctrl,67,74,69.46666666666667,1.8630656003952026,0.29958871607317666
UBFC_PHYS_s17_T3_ctrl,67,75,69.5,1.5416674613952637,0.21750407086418724
UBFC_PHYS_s17_T3_ctrl,67,76,69.53333333333333,0.8529621958732605,0.12457194336637295
UBFC_PHYS_s17_T3_ctrl,67,77,69.56666666666666,0.2576551139354706,0.06651224555056552
UBFC_PHYS_s17_T3_ctrl,67,78,69.6,0.01704838126897812,0.07092726199716833
UBFC_PHYS_s17_T3_ctrl,67,79,69.63333333333334,0.08182666450738907,0.1388817074807393
UBFC_PHYS_s17_T3_ctrl,67,80,69.66666666666667,0.2759508192539215,0.24643787669493805
UBFC_PHYS_s17_T3_ctrl,67,81,69.7,0.3490048944950104,0.3550236819243842
UBFC_PHYS_s17_T3_ctrl,67,82,69.73333333333333,0.07434684783220291,0.4264312702789984
UBFC_PHYS_s17_T3_ctrl,67,83,69.76666666666667,-0.4755077362060547,0.43683516922302934
UBFC_PHYS_s17_T3_ctrl,67,84,69.8,-0.9897775650024414,0.3847954147142968
UBFC_PHYS_s17_T3_ctrl,67,85,69.83333333333333,-1.3931376934051514,0.29064271079218357
UBFC_PHYS_s17_T3_ctrl,67,86,69.86666666666666,-1.8150159120559692,0.18811030510916013
UBFC_PHYS_s17_T3_ctrl,67,87,69.9,-2.1990151405334473,0.11197749962139528
UBFC_PHYS_s17_T3_ctrl,67,88,69.93333333333334,-2.340792179107666,0.08648909164145131
UBFC_PHYS_s17_T3_ctrl,67,89,69.96666666666667,-2.1686158180236816,0.11832343521651868
UBFC_PHYS_s17_T3_ctrl,67,90,70.0,-1.7531405687332153,0.19571569598786895
UBFC_PHYS_s17_T3_ctrl,67,91,70.03333333333333,-1.2270599603652954,0.29313617288641136
UBFC_PHYS_s17_T3_ctrl,67,92,70.06666666666666,-0.7912872433662415,0.3794910711332212
UBFC_PHYS_s17_T3_ctrl,67,93,70.1,-0.5851649045944214,0.42719593167161385
UBFC_PHYS_s17_T3_ctrl,67,94,70.13333333333334,-0.5732721090316772,0.4194448242508078
UBFC_PHYS_s17_T3_ctrl,67,95,70.16666666666667,-0.6241442561149597,0.35362484780430237
UBFC_PHYS_s17_T3_ctrl,67,96,70.2,-0.6566621661186218,0.2401434801958834
UBFC_PHYS_s17_T3_ctrl,67,97,70.23333333333333,-0.6728391647338867,0.09757689554911045
UBFC_PHYS_s17_T3_ctrl,67,98,70.26666666666667,-0.6825313568115234,-0.053638761841104575
UBFC_PHYS_s17_T3_ctrl,67,99,70.3,-0.6484448909759521,-0.19645578957721962
UBFC_PHYS_s17_T3_ctrl,67,100,70.33333333333333,-0.5503410696983337,-0.3198036910133696
UBFC_PHYS_s17_T3_ctrl,67,101,70.36666666666666,-0.43127259612083435,-0.4183570800148899
UBFC_PHYS_s17_T3_ctrl,67,102,70.4,-0.3195435106754303,-0.49041427240664076
UBFC_PHYS_s17_T3_ctrl,67,103,70.43333333333334,-0.16704414784908295,-0.5352733865890941
UBFC_PHYS_s17_T3_ctrl,67,104,70.46666666666667,0.06030023843050003,-0.551394211721395
UBFC_PHYS_s17_T3_ctrl,67,105,70.5,0.3032831847667694,-0.536113624892388
UBFC_PHYS_s17_T3_ctrl,67,106,70.53333333333333,0.49403616786003113,-0.48694252108846353
UBFC_PHYS_s17_T3_ctrl,67,107,70.56666666666666,0.6475188136100769,-0.40382042684764435
UBFC_PHYS_s17_T3_ctrl,67,108,70.6,0.8138774633407593,-0.2913648236820713
UBFC_PHYS_s17_T3_ctrl,67,109,70.63333333333334,1.0364811420440674,-0.1601149677515166
UBFC_PHYS_s17_T3_ctrl,67,110,70.66666666666667,1.3080840110778809,-0.025962772875417005
UBFC_PHYS_s17_T3_ctrl,67,111,70.7,1.5228098630905151,0.09257577311622821
UBFC_PHYS_s17_T3_ctrl,67,112,70.73333333333333,1.5464316606521606,0.17884855109440057
UBFC_PHYS_s17_T3_ctrl,67,113,70.76666666666667,1.2872951030731201,0.22303568479543934
UBFC_PHYS_s17_T3_ctrl,67,114,70.8,0.66761714220047,0.2256897513177338
UBFC_PHYS_s17_T3_ctrl,67,115,70.83333333333333,-0.22018715739250183,0.19811480734015183
UBFC_PHYS_s17_T3_ctrl,67,116,70.86666666666666,-0.9391863346099854,0.15902689368042303
UBFC_PHYS_s17_T3_ctrl,67,117,70.9,-1.03395414352417,0.1285114230019433
UBFC_PHYS_s17_T3_ctrl,67,118,70.93333333333334,-0.5488661527633667,0.1214351536342431
UBFC_PHYS_s17_T3_ctrl,67,119,70.96666666666667,0.06605935096740723,0.1427795369237214
UBFC_PHYS_s17_T3_ctrl,67,120,71.0,0.45340633392333984,0.18673579866722617
UBFC_PHYS_s17_T3_ctrl,67,121,71.03333333333333,0.5062801241874695,0.23985137397651746
UBFC_PHYS_s17_T3_ctrl,67,122,71.06666666666666,0.2694191634654999,0.2865807098342746
UBFC_PHYS_s17_T3_ctrl,67,123,71.1,-0.1561112105846405,0.3145752000104828
UBFC_PHYS_s17_T3_ctrl,67,124,71.13333333333334,-0.6441606879234314,0.3177192447289496
UBFC_PHYS_s17_T3_ctrl,67,125,71.16666666666667,-1.11794114112854,0.2964040997842389
UBFC_PHYS_s17_T3_ctrl,67,126,71.2,-1.5320820808410645,0.2555886462794946
UBFC_PHYS_s17_T3_ctrl,67,127,71.23333333333333,-1.7917687892913818,0.20161206095636416
UBFC_PHYS_s17_T3_ctrl,67,128,71.26666666666667,-1.7732272148132324,0.13884593690392688
UBFC_PHYS_s17_T3_ctrl,67,129,71.3,-1.465922474861145,0.06732122481438003
UBFC_PHYS_s17_T3_ctrl,67,130,71.33333333333333,-1.0077338218688965,-0.01761137832282686
UBFC_PHYS_s17_T3_ctrl,67,131,71.36666666666666,-0.5575750470161438,-0.123031866075906
UBFC_PHYS_s17_T3_ctrl,67,132,71.4,-0.20334294438362122,-0.25409653897250384
UBFC_PHYS_s17_T3_ctrl,67,133,71.43333333333334,0.04146607220172882,-0.4091707983510556
UBFC_PHYS_s17_T3_ctrl,67,134,71.46666666666667,0.20104727149009705,-0.576562920844173
UBFC_PHYS_s17_T3_ctrl,67,135,71.5,0.29924479126930237,-0.7345613493469048
UBFC_PHYS_s17_T3_ctrl,67,136,71.53333333333333,0.36017197370529175,-0.8552569269897357
UBFC_PHYS_s17_T3_ctrl,67,137,71.56666666666666,0.4361875355243683,-0.9112152437410886
UBFC_PHYS_s17_T3_ctrl,67,138,71.6,0.5555251836776733,-0.8830838956562175
UBFC_PHYS_s17_T3_ctrl,67,139,71.63333333333334,0.6610035300254822,-0.7658603970088227
UBFC_PHYS_s17_T3_ctrl,67,140,71.66666666666667,0.6829513907432556,-0.5717540808669429
UBFC_PHYS_s17_T3_ctrl,67,141,71.7,0.6416309475898743,-0.32831371758047345
UBFC_PHYS_s17_T3_ctrl,67,142,71.73333333333333,0.5985897779464722,-0.07175798018627358
UBFC_PHYS_s17_T3_ctrl,67,143,71.76666666666667,0.5334017872810364,0.16280211184590082
UBFC_PHYS_s17_T3_ctrl,67,144,71.8,0.2762083411216736,0.35085846005296784
UBFC_PHYS_s17_T3_ctrl,67,145,71.83333333333333,-0.324834406375885,0.48395940641703117
UBFC_PHYS_s17_T3_ctrl,67,146,71.86666666666666,-1.1022323369979858,0.5690288702407792
UBFC_PHYS_s17_T3_ctrl,67,147,71.9,-1.5949054956436157,0.6221188819221684
UBFC_PHYS_s17_T3_ctrl,67,148,71.93333333333334,-1.4944020509719849,0.6592856982097056
UBFC_PHYS_s17_T3_ctrl,67,149,71.96666666666667,-0.912848949432373,0.6882470723740268
UBFC_PHYS_s17_T3_ctrl,67,150,72.0,-0.19888313114643097,0.7042129790108947
UBFC_PHYS_s17_T3_ctrl,67,151,72.03333333333333,0.33131787180900574,0.6917164515005712
UBFC_PHYS_s17_T3_ctrl,67,152,72.06666666666666,0.5541673302650452,0.6317920036132486
UBFC_PHYS_s17_T3_ctrl,67,153,72.1,0.5250440239906311,0.5116515023521427
UBFC_PHYS_s17_T3_ctrl,67,154,72.13333333333334,0.40005263686180115,0.33315347760437053
UBFC_PHYS_s17_T3_ctrl,67,155,72.16666666666667,0.3171542286872864,0.11687773126422944
UBFC_PHYS_s17_T3_ctrl,67,156,72.2,0.31891003251075745,-0.09998078567446494
UBFC_PHYS_s17_T3_ctrl,67,157,72.23333333333333,0.37719178199768066,-0.27175194332817376
UBFC_PHYS_s17_T3_ctrl,67,158,72.26666666666667,0.4254535734653473,-0.3563087668559149
UBFC_PHYS_s17_T3_ctrl,67,159,72.3,0.39283034205436707,-0.32751698512392013
UBFC_PHYS_s17_T3_ctrl,67,160,72.33333333333333,0.34097492694854736,-0.18456000771325803
UBFC_PHYS_s17_T3_ctrl,67,161,72.36666666666666,0.41291698813438416,0.04477878176707574
UBFC_PHYS_s17_T3_ctrl,67,162,72.4,0.5951717495918274,0.30877712510084054
UBFC_PHYS_s17_T3_ctrl,67,163,72.43333333333334,0.7356027364730835,0.5443376823609384
UBFC_PHYS_s17_T3_ctrl,67,164,72.46666666666667,0.7541911005973816,0.6943737896222977
UBFC_PHYS_s17_T3_ctrl,67,165,72.5,0.6361878514289856,0.7241812862494417
UBFC_PHYS_s17_T3_ctrl,67,166,72.53333333333333,0.40183186531066895,0.6303931937376597
UBFC_PHYS_s17_T3_ctrl,67,167,72.56666666666666,0.21810220181941986,0.4387972635454046
UBFC_PHYS_s17_T3_ctrl,67,168,72.6,0.22363890707492828,0.19241663470606007
UBFC_PHYS_s17_T3_ctrl,67,169,72.63333333333334,0.30870282649993896,-0.06428656230432797
UBFC_PHYS_s17_T3_ctrl,67,170,72.66666666666667,0.28379350900650024,-0.2982321331142284
UBFC_PHYS_s17_T3_ctrl,67,171,72.7,0.12875404953956604,-0.49320878496362347
UBFC_PHYS_s17_T3_ctrl,67,172,72.73333333333333,-0.08960051089525223,-0.6477365441088526
UBFC_PHYS_s17_T3_ctrl,67,173,72.76666666666667,-0.35971683263778687,-0.7682965725950547
UBFC_PHYS_s17_T3_ctrl,67,174,72.8,-0.6695850491523743,-0.8619321881007891
UBFC_PHYS_s17_T3_ctrl,67,175,72.83333333333333,-0.990351140499115,-0.931289668467336
UBFC_PHYS_s17_T3_ctrl,67,176,72.86666666666666,-1.3226704597473145,-0.9734380242078388
UBFC_PHYS_s17_T3_ctrl,67,177,72.9,-1.6287930011749268,-0.982064978850403
UBFC_PHYS_s17_T3_ctrl,67,178,72.93333333333334,-1.840557336807251,-0.9513500491658295
UBFC_PHYS_s17_T3_ctrl,67,179,72.96666666666667,-1.9952105283737183,-0.8793268595398762
UBFC_PHYS_s17_T3_ctrl,67,180,73.0,-2.175241231918335,-0.7690189457435296
UBFC_PHYS_s17_T3_ctrl,67,181,73.03333333333333,-2.286572217941284,-0.6269184663385361
UBFC_PHYS_s17_T3_ctrl,67,182,73.06666666666666,-2.1755573749542236,-0.4599351511786221
UBFC_PHYS_s17_T3_ctrl,67,183,73.1,-1.9149575233459473,-0.27286589443992726
UBFC_PHYS_s17_T3_ctrl,67,184,73.13333333333334,-1.6464916467666626,-0.06810132848373486
UBFC_PHYS_s17_T3_ctrl,67,185,73.16666666666667,-1.3005471229553223,0.15207086249798335
UBFC_PHYS_s17_T3_ctrl,67,186,73.2,-0.774969756603241,0.3817794805067203
UBFC_PHYS_s17_T3_ctrl,67,187,73.23333333333333,-0.20770908892154694,0.6086027829994362
UBFC_PHYS_s17_T3_ctrl,67,188,73.26666666666667,0.19862423837184906,0.8131277173417406
UBFC_PHYS_s17_T3_ctrl,67,189,73.3,0.42130982875823975,0.9716221500313007
UBFC_PHYS_s17_T3_ctrl,67,190,73.33333333333333,0.5206544995307922,1.0609876118357755
UBFC_PHYS_s17_T3_ctrl,67,191,73.36666666666666,0.5398749113082886,1.0642929704535533
UBFC_PHYS_s17_T3_ctrl,67,192,73.4,0.5306627154350281,0.9752153375037703
UBFC_PHYS_s17_T3_ctrl,67,193,73.43333333333334,0.5240022540092468,0.8002839186472657
UBFC_PHYS_s17_T3_ctrl,67,194,73.46666666666667,0.5033420324325562,0.5584676033929147
UBFC_PHYS_s17_T3_ctrl,67,195,73.5,0.46218547224998474,0.27835182075877474
UBFC_PHYS_s17_T3_ctrl,67,196,73.53333333333333,0.42376798391342163,-0.0061161879404443885
UBFC_PHYS_s17_T3_ctrl,67,197,73.56666666666666,0.34962528944015503,-0.26008493688602063
UBFC_PHYS_s17_T3_ctrl,67,198,73.6,0.16313312947750092,-0.4517685549380199
UBFC_PHYS_s17_T3_ctrl,67,199,73.63333333333334,-0.08408721536397934,-0.5560235885941726
UBFC_PHYS_s17_T3_ctrl,67,200,73.66666666666667,-0.23476052284240723,-0.5579105936558275
UBFC_PHYS_s17_T3_ctrl,67,201,73.7,-0.24997767806053162,-0.4561589195956757
UBFC_PHYS_s17_T3_ctrl,67,202,73.73333333333333,-0.263275146484375,-0.26557868507087096
UBFC_PHYS_s17_T3_ctrl,67,203,73.76666666666667,-0.4153765141963959,-0.016905778530074484
UBFC_PHYS_s17_T3_ctrl,67,204,73.8,-0.6349952816963196,0.24709248232269257
UBFC_PHYS_s17_T3_ctrl,67,205,73.83333333333333,-0.5693625211715698,0.47925581803002765
UBFC_PHYS_s17_T3_ctrl,67,206,73.86666666666666,-0.058604322373867035,0.6379407894457472
UBFC_PHYS_s17_T3_ctrl,67,207,73.9,0.4236977696418762,0.696538071804577
UBFC_PHYS_s17_T3_ctrl,67,208,73.93333333333334,0.3560281991958618,0.649569329787176
UBFC_PHYS_s17_T3_ctrl,67,209,73.96666666666667,-0.09231618791818619,0.5131382007310814
UBFC_PHYS_s17_T3_ctrl,67,210,74.0,-0.498075932264328,0.3193772476678728
UBFC_PHYS_s17_T3_ctrl,67,211,74.03333333333333,-0.7846150994300842,0.10678135064128326
UBFC_PHYS_s17_T3_ctrl,67,212,74.06666666666666,-0.9404505491256714,-0.09005978586046053
UBFC_PHYS_s17_T3_ctrl,67,213,74.1,-0.8522261381149292,-0.24776391931198713
UBFC_PHYS_s17_T3_ctrl,67,214,74.13333333333334,-0.6064689755439758,-0.3565970385791144
UBFC_PHYS_s17_T3_ctrl,67,215,74.16666666666667,-0.4217560291290283,-0.41843150787604183
UBFC_PHYS_s17_T3_ctrl,67,216,74.2,-0.35947102308273315,-0.4421416439560195
UBFC_PHYS_s17_T3_ctrl,67,217,74.23333333333333,-0.3455882668495178,-0.43869811758685073
UBFC_PHYS_s17_T3_ctrl,67,218,74.26666666666667,-0.3660378158092499,-0.41761005443804244
UBFC_PHYS_s17_T3_ctrl,67,219,74.3,-0.477392315864563,-0.385347768332061
UBFC_PHYS_s17_T3_ctrl,67,220,74.33333333333333,-0.6672205328941345,-0.3455002018015716
UBFC_PHYS_s17_T3_ctrl,67,221,74.36666666666666,-0.8712124228477478,-0.29995055523860664
UBFC_PHYS_s17_T3_ctrl,67,222,74.4,-1.0629603862762451,-0.2502901819757141
UBFC_PHYS_s17_T3_ctrl,67,223,74.43333333333334,-1.165231466293335,-0.19886024606409197
UBFC_PHYS_s17_T3_ctrl,67,224,74.46666666666667,-1.0109761953353882,-0.14904389712293392
UBFC_PHYS_s17_T3_ctrl,67,225,74.5,-0.5707671642303467,-0.10471381379573855
UBFC_PHYS_s17_T3_ctrl,67,226,74.53333333333333,-0.06788679212331772,-0.06909240991053464
UBFC_PHYS_s17_T3_ctrl,67,227,74.56666666666666,0.2913084626197815,-0.04361916857748229
UBFC_PHYS_s17_T3_ctrl,67,228,74.6,0.504746675491333,-0.027537830122796293
UBFC_PHYS_s17_T3_ctrl,67,229,74.63333333333334,0.621052622795105,-0.018548209396156923
UBFC_PHYS_s17_T3_ctrl,67,230,74.66666666666667,0.6419820785522461,-0.014081281370758415
UBFC_PHYS_s17_T3_ctrl,67,231,74.7,0.6094290614128113,-0.012229755269121782
UBFC_PHYS_s17_T3_ctrl,67,232,74.73333333333333,0.6183018684387207,-0.011661280096708995
UBFC_PHYS_s17_T3_ctrl,67,233,74.76666666666667,0.695253849029541,-0.010709728482436377
UBFC_PHYS_s17_T3_ctrl,67,234,74.8,0.7642227411270142,-0.006581333708588064
UBFC_PHYS_s17_T3_ctrl,67,235,74.83333333333333,0.7442882061004639,0.004391117965385542
UBFC_PHYS_s17_T3_ctrl,67,236,74.86666666666666,0.619554340839386,0.025341075827827894
UBFC_PHYS_s17_T3_ctrl,67,237,74.9,0.4399215877056122,0.05714623144013306
UBFC_PHYS_s17_T3_ctrl,67,238,74.93333333333334,0.25344112515449524,0.09748710562064956
UBFC_PHYS_s17_T3_ctrl,67,239,74.96666666666667,0.036737047135829926,0.14119467015611734
UBFC_PHYS_s17_T3_ctrl,68,0,68.0,-0.15410956740379333,-0.1599235003415156
UBFC_PHYS_s17_T3_ctrl,68,1,68.03333333333333,0.03264011815190315,0.12804289826721008
UBFC_PHYS_s17_T3_ctrl,68,2,68.06666666666666,0.18268133699893951,0.3878795310389776
UBFC_PHYS_s17_T3_ctrl,68,3,68.1,0.2595982253551483,0.5895151033577367
UBFC_PHYS_s17_T3_ctrl,68,4,68.13333333333334,0.3008952736854553,0.7057980581375305
UBFC_PHYS_s17_T3_ctrl,68,5,68.16666666666667,0.3060925006866455,0.7166365138118653
UBFC_PHYS_s17_T3_ctrl,68,6,68.2,0.28098419308662415,0.6141361902031985
UBFC_PHYS_s17_T3_ctrl,68,7,68.23333333333333,0.2685997784137726,0.40710115661803675
UBFC_PHYS_s17_T3_ctrl,68,8,68.26666666666667,0.2823537290096283,0.12271484280319264
UBFC_PHYS_s17_T3_ctrl,68,9,68.3,0.2935559153556824,-0.19631751303785758
UBFC_PHYS_s17_T3_ctrl,68,10,68.33333333333333,0.28794896602630615,-0.49893580628163614
UBFC_PHYS_s17_T3_ctrl,68,11,68.36666666666666,0.25869691371917725,-0.7350329391087964
UBFC_PHYS_s17_T3_ctrl,68,12,68.4,0.1951594054698944,-0.8643539415933806
UBFC_PHYS_s17_T3_ctrl,68,13,68.43333333333334,0.1051323339343071,-0.8632763440171095
UBFC_PHYS_s17_T3_ctrl,68,14,68.46666666666667,0.011581909842789173,-0.7286792814838907
UBFC_PHYS_s17_T3_ctrl,68,15,68.5,-0.07913578301668167,-0.47852319452934966
UBFC_PHYS_s17_T3_ctrl,68,16,68.53333333333333,-0.18047037720680237,-0.14880550371919685
UBFC_PHYS_s17_T3_ctrl,68,17,68.56666666666666,-0.291930228471756,0.2131051999434971
UBFC_PHYS_s17_T3_ctrl,68,18,68.6,-0.357469379901886,0.5576948515105695
UBFC_PHYS_s17_T3_ctrl,68,19,68.63333333333334,-0.2934519350528717,0.8427301572423749
UBFC_PHYS_s17_T3_ctrl,68,20,68.66666666666667,-0.10324913263320923,1.0399580894435996
UBFC_PHYS_s17_T3_ctrl,68,21,68.7,0.09335659444332123,1.137101524385772
UBFC_PHYS_s17_T3_ctrl,68,22,68.73333333333333,0.20310744643211365,1.1354526793571955
UBFC_PHYS_s17_T3_ctrl,68,23,68.76666666666667,0.25691765546798706,1.0453545612119595
UBFC_PHYS_s17_T3_ctrl,68,24,68.8,0.30493366718292236,0.8820827000613829
UBFC_PHYS_s17_T3_ctrl,68,25,68.83333333333333,0.3230069577693939,0.6632875519707772
UBFC_PHYS_s17_T3_ctrl,68,26,68.86666666666666,0.2946796417236328,0.40751954905031296
UBFC_PHYS_s17_T3_ctrl,68,27,68.9,0.27006295323371887,0.13283563285990269
UBFC_PHYS_s17_T3_ctrl,68,28,68.93333333333334,0.2950776219367981,-0.14457987488898688
UBFC_PHYS_s17_T3_ctrl,68,29,68.96666666666667,0.3439715504646301,-0.41090245069431725
UBFC_PHYS_s17_T3_ctrl,68,30,69.0,0.36245453357696533,-0.6537703062517051
UBFC_PHYS_s17_T3_ctrl,68,31,69.03333333333333,0.3476821780204773,-0.8606242284448553
UBFC_PHYS_s17_T3_ctrl,68,32,69.06666666666666,0.347705602645874,-1.017515690597987
UBFC_PHYS_s17_T3_ctrl,68,33,69.1,0.3785027861595154,-1.1094305382035248
UBFC_PHYS_s17_T3_ctrl,68,34,69.13333333333334,0.3989640176296234,-1.1225158482517108
UBFC_PHYS_s17_T3_ctrl,68,35,69.16666666666667,0.370882511138916,-1.04782410353165
UBFC_PHYS_s17_T3_ctrl,68,36,69.2,0.3152579367160797,-0.885573898693428
UBFC_PHYS_s17_T3_ctrl,68,37,69.23333333333333,0.2874690592288971,-0.6485803769225258
UBFC_PHYS_s17_T3_ctrl,68,38,69.26666666666667,0.33690139651298523,-0.36344219049688814
UBFC_PHYS_s17_T3_ctrl,68,39,69.3,0.4992333948612213,-0.06827815546015628
UBFC_PHYS_s17_T3_ctrl,68,40,69.33333333333333,0.7560522556304932,0.19358110620396418
UBFC_PHYS_s17_T3_ctrl,68,41,69.36666666666666,1.0448857545852661,0.38320197586487453
UBFC_PHYS_s17_T3_ctrl,68,42,69.4,1.3640129566192627,0.476342079240418
UBFC_PHYS_s17_T3_ctrl,68,43,69.43333333333334,1.7106950283050537,0.4706345043248527
UBFC_PHYS_s17_T3_ctrl,68,44,69.46666666666667,1.8630656003952026,0.38649888793729165
UBFC_PHYS_s17_T3_ctrl,68,45,69.5,1.5416674613952637,0.26092934180260496
UBFC_PHYS_s17_T3_ctrl,68,46,69.53333333333333,0.8529621958732605,0.1361971667708691
UBFC_PHYS_s17_T3_ctrl,68,47,69.56666666666666,0.2576551139354706,0.047498520185144694
UBFC_PHYS_s17_T3_ctrl,68,48,69.6,0.01704838126897812,0.013710284694860346
UBFC_PHYS_s17_T3_ctrl,68,49,69.63333333333334,0.08182666450738907,0.03394114564288267
UBFC_PHYS_s17_T3_ctrl,68,50,69.66666666666667,0.2759508192539215,0.09039235488693395
UBFC_PHYS_s17_T3_ctrl,68,51,69.7,0.3490048944950104,0.15603531401192988
UBFC_PHYS_s17_T3_ctrl,68,52,69.73333333333333,0.07434684783220291,0.2043419027630207
UBFC_PHYS_s17_T3_ctrl,68,53,69.76666666666667,-0.4755077362060547,0.21795008366322202
UBFC_PHYS_s17_T3_ctrl,68,54,69.8,-0.9897775650024414,0.1936638161802188
UBFC_PHYS_s17_T3_ctrl,68,55,69.83333333333333,-1.3931376934051514,0.14246848353159255
UBFC_PHYS_s17_T3_ctrl,68,56,69.86666666666666,-1.8150159120559692,0.08496462121058561
UBFC_PHYS_s17_T3_ctrl,68,57,69.9,-2.1990151405334473,0.04409526915817977
UBFC_PHYS_s17_T3_ctrl,68,58,69.93333333333334,-2.340792179107666,0.03767476927779938
UBFC_PHYS_s17_T3_ctrl,68,59,69.96666666666667,-2.1686158180236816,0.07296098508940992
UBFC_PHYS_s17_T3_ctrl,68,60,70.0,-1.7531405687332153,0.1446366941036588
UBFC_PHYS_s17_T3_ctrl,68,61,70.03333333333333,-1.2270599603652954,0.23644852684584497
UBFC_PHYS_s17_T3_ctrl,68,62,70.06666666666666,-0.7912872433662415,0.3257309728021456
UBFC_PHYS_s17_T3_ctrl,68,63,70.1,-0.5851649045944214,0.3893608042791507
UBFC_PHYS_s17_T3_ctrl,68,64,70.13333333333334,-0.5732721090316772,0.40945309048442385
UBFC_PHYS_s17_T3_ctrl,68,65,70.16666666666667,-0.6241442561149597,0.3772948946417843
UBFC_PHYS_s17_T3_ctrl,68,66,70.2,-0.6566621661186218,0.29455610295935925
UBFC_PHYS_s17_T3_ctrl,68,67,70.23333333333333,-0.6728391647338867,0.17169756252392018
UBFC_PHYS_s17_T3_ctrl,68,68,70.26666666666667,-0.6825313568115234,0.0245043437034396
UBFC_PHYS_s17_T3_ctrl,68,69,70.3,-0.6484448909759521,-0.12976204732405372
UBFC_PHYS_s17_T3_ctrl,68,70,70.33333333333333,-0.5503410696983337,-0.27534296635843636
UBFC_PHYS_s17_T3_ctrl,68,71,70.36666666666666,-0.43127259612083435,-0.3995656826969967
UBFC_PHYS_s17_T3_ctrl,68,72,70.4,-0.3195435106754303,-0.4931602272024143
UBFC_PHYS_s17_T3_ctrl,68,73,70.43333333333334,-0.16704414784908295,-0.5498316486182054
UBFC_PHYS_s17_T3_ctrl,68,74,70.46666666666667,0.06030023843050003,-0.5657394957614875
UBFC_PHYS_s17_T3_ctrl,68,75,70.5,0.3032831847667694,-0.5394025312386207
UBFC_PHYS_s17_T3_ctrl,68,76,70.53333333333333,0.49403616786003113,-0.47220056593329085
UBFC_PHYS_s17_T3_ctrl,68,77,70.56666666666666,0.6475188136100769,-0.36925575413582207
UBFC_PHYS_s17_T3_ctrl,68,78,70.6,0.8138774633407593,-0.24019993453790398
UBFC_PHYS_s17_T3_ctrl,68,79,70.63333333333334,1.0364811420440674,-0.0992006959192578
UBFC_PHYS_s17_T3_ctrl,68,80,70.66666666666667,1.3080840110778809,0.03634186405463387
UBFC_PHYS_s17_T3_ctrl,68,81,70.7,1.5228098630905151,0.1486545943235619
UBFC_PHYS_s17_T3_ctrl,68,82,70.73333333333333,1.5464316606521606,0.22353124787968168
UBFC_PHYS_s17_T3_ctrl,68,83,70.76666666666667,1.2872951030731201,0.25415565847099936
UBFC_PHYS_s17_T3_ctrl,68,84,70.8,0.66761714220047,0.2433094790018993
UBFC_PHYS_s17_T3_ctrl,68,85,70.83333333333333,-0.22018715739250183,0.20285200150874133
UBFC_PHYS_s17_T3_ctrl,68,86,70.86666666666666,-0.9391863346099854,0.15036220629091115
UBFC_PHYS_s17_T3_ctrl,68,87,70.9,-1.03395414352417,0.10397734081926294
UBFC_PHYS_s17_T3_ctrl,68,88,70.93333333333334,-0.5488661527633667,0.07718952976507618
UBFC_PHYS_s17_T3_ctrl,68,89,70.96666666666667,0.06605935096740723,0.0753799064183664
UBFC_PHYS_s17_T3_ctrl,68,90,71.0,0.45340633392333984,0.09520051718418333
UBFC_PHYS_s17_T3_ctrl,68,91,71.03333333333333,0.5062801241874695,0.12685737227459515
UBFC_PHYS_s17_T3_ctrl,68,92,71.06666666666666,0.2694191634654999,0.15831912772085877
UBFC_PHYS_s17_T3_ctrl,68,93,71.1,-0.1561112105846405,0.17982916533416754
UBFC_PHYS_s17_T3_ctrl,68,94,71.13333333333334,-0.6441606879234314,0.18703461897192206
UBFC_PHYS_s17_T3_ctrl,68,95,71.16666666666667,-1.11794114112854,0.1815558839783196
UBFC_PHYS_s17_T3_ctrl,68,96,71.2,-1.5320820808410645,0.1687552072846151
UBFC_PHYS_s17_T3_ctrl,68,97,71.23333333333333,-1.7917687892913818,0.15360824561807906
UBFC_PHYS_s17_T3_ctrl,68,98,71.26666666666667,-1.7732272148132324,0.13655784758260192
UBFC_PHYS_s17_T3_ctrl,68,99,71.3,-1.465922474861145,0.11145442682507166
UBFC_PHYS_s17_T3_ctrl,68,100,71.33333333333333,-1.0077338218688965,0.06685903603894391
UBFC_PHYS_s17_T3_ctrl,68,101,71.36666666666666,-0.5575750470161438,-0.009505816118261137
UBFC_PHYS_s17_T3_ctrl,68,102,71.4,-0.20334294438362122,-0.12478955303404209
UBFC_PHYS_s17_T3_ctrl,68,103,71.43333333333334,0.04146607220172882,-0.2758797700912712
UBFC_PHYS_s17_T3_ctrl,68,104,71.46666666666667,0.20104727149009705,-0.4471840869930495
UBFC_PHYS_s17_T3_ctrl,68,105,71.5,0.29924479126930237,-0.612354685699609
UBFC_PHYS_s17_T3_ctrl,68,106,71.53333333333333,0.36017197370529175,-0.7396272621786831
UBFC_PHYS_s17_T3_ctrl,68,107,71.56666666666666,0.4361875355243683,-0.7993345410077815
UBFC_PHYS_s17_T3_ctrl,68,108,71.6,0.5555251836776733,-0.7716116618123559
UBFC_PHYS_s17_T3_ctrl,68,109,71.63333333333334,0.6610035300254822,-0.6522599890767755
UBFC_PHYS_s17_T3_ctrl,68,110,71.66666666666667,0.6829513907432556,-0.4550174915325245
UBFC_PHYS_s17_T3_ctrl,68,111,71.7,0.6416309475898743,-0.2091564248016679
UBFC_PHYS_s17_T3_ctrl,68,112,71.73333333333333,0.5985897779464722,0.04748475555461565
UBFC_PHYS_s17_T3_ctrl,68,113,71.76666666666667,0.5334017872810364,0.2782794417974772
UBFC_PHYS_s17_T3_ctrl,68,114,71.8,0.2762083411216736,0.4571053897383179
UBFC_PHYS_s17_T3_ctrl,68,115,71.83333333333333,-0.324834406375885,0.5736363816429553
UBFC_PHYS_s17_T3_ctrl,68,116,71.86666666666666,-1.1022323369979858,0.6328174726645568
UBFC_PHYS_s17_T3_ctrl,68,117,71.9,-1.5949054956436157,0.6492380894961404
UBFC_PHYS_s17_T3_ctrl,68,118,71.93333333333334,-1.4944020509719849,0.6389731404561504
UBFC_PHYS_s17_T3_ctrl,68,119,71.96666666666667,-0.912848949432373,0.6121255031177764
UBFC_PHYS_s17_T3_ctrl,68,120,72.0,-0.19888313114643097,0.5688751279886255
UBFC_PHYS_s17_T3_ctrl,68,121,72.03333333333333,0.33131787180900574,0.5004830062086094
UBFC_PHYS_s17_T3_ctrl,68,122,72.06666666666666,0.5541673302650452,0.39479418711764264
UBFC_PHYS_s17_T3_ctrl,68,123,72.1,0.5250440239906311,0.2440851627012717
UBFC_PHYS_s17_T3_ctrl,68,124,72.13333333333334,0.40005263686180115,0.05227911226151079
UBFC_PHYS_s17_T3_ctrl,68,125,72.16666666666667,0.3171542286872864,-0.16123246889509624
UBFC_PHYS_s17_T3_ctrl,68,126,72.2,0.31891003251075745,-0.36287471138686606
UBFC_PHYS_s17_T3_ctrl,68,127,72.23333333333333,0.37719178199768066,-0.5114580996721891
UBFC_PHYS_s17_T3_ctrl,68,128,72.26666666666667,0.4254535734653473,-0.5685924747707954
UBFC_PHYS_s17_T3_ctrl,68,129,72.3,0.39283034205436707,-0.5102239595364249
UBFC_PHYS_s17_T3_ctrl,68,130,72.33333333333333,0.34097492694854736,-0.33592847348604676
UBFC_PHYS_s17_T3_ctrl,68,131,72.36666666666666,0.41291698813438416,-0.07269972646444015
UBFC_PHYS_s17_T3_ctrl,68,132,72.4,0.5951717495918274,0.22903076269621742
UBFC_PHYS_s17_T3_ctrl,68,133,72.43333333333334,0.7356027364730835,0.5071991662381675
UBFC_PHYS_s17_T3_ctrl,68,134,72.46666666666667,0.7541911005973816,0.7046811275808295
UBFC_PHYS_s17_T3_ctrl,68,135,72.5,0.6361878514289856,0.7850189980435773
UBFC_PHYS_s17_T3_ctrl,68,136,72.53333333333333,0.40183186531066895,0.741353180434567
UBFC_PHYS_s17_T3_ctrl,68,137,72.56666666666666,0.21810220181941986,0.5951126514996831
UBFC_PHYS_s17_T3_ctrl,68,138,72.6,0.22363890707492828,0.38548597607703927
UBFC_PHYS_s17_T3_ctrl,68,139,72.63333333333334,0.30870282649993896,0.15468165503122835
UBFC_PHYS_s17_T3_ctrl,68,140,72.66666666666667,0.28379350900650024,-0.06475118642202363
UBFC_PHYS_s17_T3_ctrl,68,141,72.7,0.12875404953956604,-0.25609348044192176
UBFC_PHYS_s17_T3_ctrl,68,142,72.73333333333333,-0.08960051089525223,-0.4172899189099867
UBFC_PHYS_s17_T3_ctrl,68,143,72.76666666666667,-0.35971683263778687,-0.5548647972155117
UBFC_PHYS_s17_T3_ctrl,68,144,72.8,-0.6695850491523743,-0.6765874831257371
UBFC_PHYS_s17_T3_ctrl,68,145,72.83333333333333,-0.990351140499115,-0.785890859293905
UBFC_PHYS_s17_T3_ctrl,68,146,72.86666666666666,-1.3226704597473145,-0.8794870761215124
UBFC_PHYS_s17_T3_ctrl,68,147,72.9,-1.6287930011749268,-0.9480575583676929
UBFC_PHYS_s17_T3_ctrl,68,148,72.93333333333334,-1.840557336807251,-0.9788818407565776
UBFC_PHYS_s17_T3_ctrl,68,149,72.96666666666667,-1.9952105283737183,-0.9590403840283747
UBFC_PHYS_s17_T3_ctrl,68,150,73.0,-2.175241231918335,-0.8782448828872641
UBFC_PHYS_s17_T3_ctrl,68,151,73.03333333333333,-2.286572217941284,-0.730996976644303
UBFC_PHYS_s17_T3_ctrl,68,152,73.06666666666666,-2.1755573749542236,-0.5182086239969682
UBFC_PHYS_s17_T3_ctrl,68,153,73.1,-1.9149575233459473,-0.24840863905112182
UBFC_PHYS_s17_T3_ctrl,68,154,73.13333333333334,-1.6464916467666626,0.06169529139568447
UBFC_PHYS_s17_T3_ctrl,68,155,73.16666666666667,-1.3005471229553223,0.38783798411103315
UBFC_PHYS_s17_T3_ctrl,68,156,73.2,-0.774969756603241,0.700437748782002
UBFC_PHYS_s17_T3_ctrl,68,157,73.23333333333333,-0.20770908892154694,0.968364265618469
UBFC_PHYS_s17_T3_ctrl,68,158,73.26666666666667,0.19862423837184906,1.1634767264926034
UBFC_PHYS_s17_T3_ctrl,68,159,73.3,0.42130982875823975,1.2648160844176044
UBFC_PHYS_s17_T3_ctrl,68,160,73.33333333333333,0.5206544995307922,1.2615176484601114
UBFC_PHYS_s17_T3_ctrl,68,161,73.36666666666666,0.5398749113082886,1.1539917104399933
UBFC_PHYS_s17_T3_ctrl,68,162,73.4,0.5306627154350281,0.9533412125354818
UBFC_PHYS_s17_T3_ctrl,68,163,73.43333333333334,0.5240022540092468,0.6792607979503706
UBFC_PHYS_s17_T3_ctrl,68,164,73.46666666666667,0.5033420324325562,0.35689479840223126
UBFC_PHYS_s17_T3_ctrl,68,165,73.5,0.46218547224998474,0.013446633712168615
UBFC_PHYS_s17_T3_ctrl,68,166,73.53333333333333,0.42376798391342163,-0.3243868245971784
UBFC_PHYS_s17_T3_ctrl,68,167,73.56666666666666,0.34962528944015503,-0.6313285095621712
UBFC_PHYS_s17_T3_ctrl,68,168,73.6,0.16313312947750092,-0.8829639535619168
UBFC_PHYS_s17_T3_ctrl,68,169,73.63333333333334,-0.08408721536397934,-1.0550880495709913
UBFC_PHYS_s17_T3_ctrl,68,170,73.66666666666667,-0.23476052284240723,-1.1248255588976384
UBFC_PHYS_s17_T3_ctrl,68,171,73.7,-0.24997767806053162,-1.0746687124302765
UBFC_PHYS_s17_T3_ctrl,68,172,73.73333333333333,-0.263275146484375,-0.8988104878175689
UBFC_PHYS_s17_T3_ctrl,68,173,73.76666666666667,-0.4153765141963959,-0.6093508823587106
UBFC_PHYS_s17_T3_ctrl,68,174,73.8,-0.6349952816963196,-0.23921134157602963
UBFC_PHYS_s17_T3_ctrl,68,175,73.83333333333333,-0.5693625211715698,0.16067561155900562
UBFC_PHYS_s17_T3_ctrl,68,176,73.86666666666666,-0.058604322373867035,0.5303642590020318
UBFC_PHYS_s17_T3_ctrl,68,177,73.9,0.4236977696418762,0.8140130126643569
UBFC_PHYS_s17_T3_ctrl,68,178,73.93333333333334,0.3560281991958618,0.9729841657721907
UBFC_PHYS_s17_T3_ctrl,68,179,73.96666666666667,-0.09231618791818619,0.9943270294121056
UBFC_PHYS_s17_T3_ctrl,68,180,74.0,-0.498075932264328,0.8916998461234634
UBFC_PHYS_s17_T3_ctrl,68,181,74.03333333333333,-0.7846150994300842,0.6988225812028115
UBFC_PHYS_s17_T3_ctrl,68,182,74.06666666666666,-0.9404505491256714,0.45848727504711306
UBFC_PHYS_s17_T3_ctrl,68,183,74.1,-0.8522261381149292,0.21148445425601564
UBFC_PHYS_s17_T3_ctrl,68,184,74.13333333333334,-0.6064689755439758,-0.011063108049136405
UBFC_PHYS_s17_T3_ctrl,68,185,74.16666666666667,-0.4217560291290283,-0.19060532985192385
UBFC_PHYS_s17_T3_ctrl,68,186,74.2,-0.35947102308273315,-0.31996261301390616
UBFC_PHYS_s17_T3_ctrl,68,187,74.23333333333333,-0.3455882668495178,-0.3998350470281273
UBFC_PHYS_s17_T3_ctrl,68,188,74.26666666666667,-0.3660378158092499,-0.43504342416828584
UBFC_PHYS_s17_T3_ctrl,68,189,74.3,-0.477392315864563,-0.43192192270817725
UBFC_PHYS_s17_T3_ctrl,68,190,74.33333333333333,-0.6672205328941345,-0.39726612192804506
UBFC_PHYS_s17_T3_ctrl,68,191,74.36666666666666,-0.8712124228477478,-0.3383405948543371
UBFC_PHYS_s17_T3_ctrl,68,192,74.4,-1.0629603862762451,-0.2630709333632177
UBFC_PHYS_s17_T3_ctrl,68,193,74.43333333333334,-1.165231466293335,-0.1797438211700456
UBFC_PHYS_s17_T3_ctrl,68,194,74.46666666666667,-1.0109761953353882,-0.09608515007195342
UBFC_PHYS_s17_T3_ctrl,68,195,74.5,-0.5707671642303467,-0.01810764950595136
UBFC_PHYS_s17_T3_ctrl,68,196,74.53333333333333,-0.06788679212331772,0.0506701218183541
UBFC_PHYS_s17_T3_ctrl,68,197,74.56666666666666,0.2913084626197815,0.10914723400082245
UBFC_PHYS_s17_T3_ctrl,68,198,74.6,0.504746675491333,0.15756210362381104
UBFC_PHYS_s17_T3_ctrl,68,199,74.63333333333334,0.621052622795105,0.19580322621819668
UBFC_PHYS_s17_T3_ctrl,68,200,74.66666666666667,0.6419820785522461,0.2220369887707427
UBFC_PHYS_s17_T3_ctrl,68,201,74.7,0.6094290614128113,0.23261194803551477
UBFC_PHYS_s17_T3_ctrl,68,202,74.73333333333333,0.6183018684387207,0.2234616267144286
UBFC_PHYS_s17_T3_ctrl,68,203,74.76666666666667,0.695253849029541,0.1921946621852762
UBFC_PHYS_s17_T3_ctrl,68,204,74.8,0.7642227411270142,0.13948296686147407
UBFC_PHYS_s17_T3_ctrl,68,205,74.83333333333333,0.7442882061004639,0.06869132493233426
UBFC_PHYS_s17_T3_ctrl,68,206,74.86666666666666,0.619554340839386,-0.01617330514001017
UBFC_PHYS_s17_T3_ctrl,68,207,74.9,0.4399215877056122,-0.112921714712642
UBFC_PHYS_s17_T3_ctrl,68,208,74.93333333333334,0.25344112515449524,-0.22232926610526918
UBFC_PHYS_s17_T3_ctrl,68,209,74.96666666666667,0.036737047135829926,-0.34678884624651085
UBFC_PHYS_s17_T3_ctrl,68,210,75.0,-0.26630687713623047,-0.48653658504542063
UBFC_PHYS_s17_T3_ctrl,68,211,75.03333333333333,-0.6193450093269348,-0.6348303754323723
UBFC_PHYS_s17_T3_ctrl,68,212,75.06666666666666,-0.8374303579330444,-0.7742213724053427
UBFC_PHYS_s17_T3_ctrl,68,213,75.1,-0.741468608379364,-0.8760233619234126
UBFC_PHYS_s17_T3_ctrl,68,214,75.13333333333334,-0.3518858551979065,-0.9043002391299014
UBFC_PHYS_s17_T3_ctrl,68,215,75.16666666666667,0.14022545516490936,-0.8243423142531718
UBFC_PHYS_s17_T3_ctrl,68,216,75.2,0.5889912247657776,-0.6139763958239692
UBFC_PHYS_s17_T3_ctrl,68,217,75.23333333333333,0.9523887634277344,-0.2745189882694023
UBFC_PHYS_s17_T3_ctrl,68,218,75.26666666666667,1.1855156421661377,0.16273752356811028
UBFC_PHYS_s17_T3_ctrl,68,219,75.3,1.2532905340194702,0.6382551497050781
UBFC_PHYS_s17_T3_ctrl,68,220,75.33333333333333,1.2108697891235352,1.0757876015973438
UBFC_PHYS_s17_T3_ctrl,68,221,75.36666666666666,1.1731663942337036,1.4013444602599656
UBFC_PHYS_s17_T3_ctrl,68,222,75.4,1.226075291633606,1.5629145533829398
UBFC_PHYS_s17_T3_ctrl,68,223,75.43333333333334,1.3210654258728027,1.5430776120184395
UBFC_PHYS_s17_T3_ctrl,68,224,75.46666666666667,1.2900810241699219,1.3602353166784933
UBFC_PHYS_s17_T3_ctrl,68,225,75.5,1.0589908361434937,1.0595951455848034
UBFC_PHYS_s17_T3_ctrl,68,226,75.53333333333333,0.78646320104599,0.6984038252650854
UBFC_PHYS_s17_T3_ctrl,68,227,75.56666666666666,0.6844730973243713,0.3307055410399107
UBFC_PHYS_s17_T3_ctrl,68,228,75.6,0.7932289838790894,-0.0038393106631170737
UBFC_PHYS_s17_T3_ctrl,68,229,75.63333333333334,0.9601495265960693,-0.28436295449787224
UBFC_PHYS_s17_T3_ctrl,68,230,75.66666666666667,0.9703801274299622,-0.506316679747486
UBFC_PHYS_s17_T3_ctrl,68,231,75.7,0.7819565534591675,-0.67449535751045
UBFC_PHYS_s17_T3_ctrl,68,232,75.73333333333333,0.6315524578094482,-0.7953048772430511
UBFC_PHYS_s17_T3_ctrl,68,233,75.76666666666667,0.7563214898109436,-0.8716493641155995
UBFC_PHYS_s17_T3_ctrl,68,234,75.8,1.0538287162780762,-0.9019244155025676
UBFC_PHYS_s17_T3_ctrl,68,235,75.83333333333333,1.2641884088516235,-0.8823857372103941
UBFC_PHYS_s17_T3_ctrl,68,236,75.86666666666666,1.3051928281784058,-0.8108588882668205
UBFC_PHYS_s17_T3_ctrl,68,237,75.9,1.2283577919006348,-0.6897225619319526
UBFC_PHYS_s17_T3_ctrl,68,238,75.93333333333334,1.073294997215271,-0.527005976208034
UBFC_PHYS_s17_T3_ctrl,68,239,75.96666666666667,0.8798965811729431,-0.3356954643058731
UBFC_PHYS_s17_T3_ctrl,69,0,69.0,0.36245453357696533,0.01470288402908597
UBFC_PHYS_s17_T3_ctrl,69,1,69.03333333333333,0.3476821780204773,-0.17030939215276528
UBFC_PHYS_s17_T3_ctrl,69,2,69.06666666666666,0.347705602645874,-0.3497256357223359
UBFC_PHYS_s17_T3_ctrl,69,3,69.1,0.3785027861595154,-0.5131792697894263
UBFC_PHYS_s17_T3_ctrl,69,4,69.13333333333334,0.3989640176296234,-0.646042948747261
UBFC_PHYS_s17_T3_ctrl,69,5,69.16666666666667,0.370882511138916,-0.7310261278619545
UBFC_PHYS_s17_T3_ctrl,69,6,69.2,0.3152579367160797,-0.7524519299487815
UBFC_PHYS_s17_T3_ctrl,69,7,69.23333333333333,0.2874690592288971,-0.7021067098080045
UBFC_PHYS_s17_T3_ctrl,69,8,69.26666666666667,0.33690139651298523,-0.5845696964289933
UBFC_PHYS_s17_T3_ctrl,69,9,69.3,0.4992333948612213,-0.4194891312520747
UBFC_PHYS_s17_T3_ctrl,69,10,69.33333333333333,0.7560522556304932,-0.2389167108190552
UBFC_PHYS_s17_T3_ctrl,69,11,69.36666666666666,1.0448857545852661,-0.07955012669171738
UBFC_PHYS_s17_T3_ctrl,69,12,69.4,1.3640129566192627,0.02801344136310865
UBFC_PHYS_s17_T3_ctrl,69,13,69.43333333333334,1.7106950283050537,0.06916309867005738
UBFC_PHYS_s17_T3_ctrl,69,14,69.46666666666667,1.8630656003952026,0.050203328285319745
UBFC_PHYS_s17_T3_ctrl,69,15,69.5,1.5416674613952637,-0.004066313664217108
UBFC_PHYS_s17_T3_ctrl,69,16,69.53333333333333,0.8529621958732605,-0.059399069173272104
UBFC_PHYS_s17_T3_ctrl,69,17,69.56666666666666,0.2576551139354706,-0.0841917771951881
UBFC_PHYS_s17_T3_ctrl,69,18,69.6,0.01704838126897812,-0.05998012132284193
UBFC_PHYS_s17_T3_ctrl,69,19,69.63333333333334,0.08182666450738907,0.013298046702950015
UBFC_PHYS_s17_T3_ctrl,69,20,69.66666666666667,0.2759508192539215,0.11860593404223897
UBFC_PHYS_s17_T3_ctrl,69,21,69.7,0.3490048944950104,0.22856612256957823
UBFC_PHYS_s17_T3_ctrl,69,22,69.73333333333333,0.07434684783220291,0.3149351865879109
UBFC_PHYS_s17_T3_ctrl,69,23,69.76666666666667,-0.4755077362060547,0.3575507908116314
UBFC_PHYS_s17_T3_ctrl,69,24,69.8,-0.9897775650024414,0.3500026666813835
UBFC_PHYS_s17_T3_ctrl,69,25,69.83333333333333,-1.3931376934051514,0.3005575287590611
UBFC_PHYS_s17_T3_ctrl,69,26,69.86666666666666,-1.8150159120559692,0.2285409842699077
UBFC_PHYS_s17_T3_ctrl,69,27,69.9,-2.1990151405334473,0.15780455844275124
UBFC_PHYS_s17_T3_ctrl,69,28,69.93333333333334,-2.340792179107666,0.10956002962147934
UBFC_PHYS_s17_T3_ctrl,69,29,69.96666666666667,-2.1686158180236816,0.09667756137273009
UBFC_PHYS_s17_T3_ctrl,69,30,70.0,-1.7531405687332153,0.12078875873135428
UBFC_PHYS_s17_T3_ctrl,69,31,70.03333333333333,-1.2270599603652954,0.17262248871425603
UBFC_PHYS_s17_T3_ctrl,69,32,70.06666666666666,-0.7912872433662415,0.23522437890349332
UBFC_PHYS_s17_T3_ctrl,69,33,70.1,-0.5851649045944214,0.2890739318315378
UBFC_PHYS_s17_T3_ctrl,69,34,70.13333333333334,-0.5732721090316772,0.31759349375164614
UBFC_PHYS_s17_T3_ctrl,69,35,70.16666666666667,-0.6241442561149597,0.3113545312326318
UBFC_PHYS_s17_T3_ctrl,69,36,70.2,-0.6566621661186218,0.26966638818460836
UBFC_PHYS_s17_T3_ctrl,69,37,70.23333333333333,-0.6728391647338867,0.19917569738568888
UBFC_PHYS_s17_T3_ctrl,69,38,70.26666666666667,-0.6825313568115234,0.11030340482821652
UBFC_PHYS_s17_T3_ctrl,69,39,70.3,-0.6484448909759521,0.013227084109359093
UBFC_PHYS_s17_T3_ctrl,69,40,70.33333333333333,-0.5503410696983337,-0.08480909560713612
UBFC_PHYS_s17_T3_ctrl,69,41,70.36666666666666,-0.43127259612083435,-0.17986476239995125
UBFC_PHYS_s17_T3_ctrl,69,42,70.4,-0.3195435106754303,-0.2696278889229828
UBFC_PHYS_s17_T3_ctrl,69,43,70.43333333333334,-0.16704414784908295,-0.35099063666746033
UBFC_PHYS_s17_T3_ctrl,69,44,70.46666666666667,0.06030023843050003,-0.4183975396383377
UBFC_PHYS_s17_T3_ctrl,69,45,70.5,0.3032831847667694,-0.4639449287367823
UBFC_PHYS_s17_T3_ctrl,69,46,70.53333333333333,0.49403616786003113,-0.4793126406451958
UBFC_PHYS_s17_T3_ctrl,69,47,70.56666666666666,0.6475188136100769,-0.45881504870481754
UBFC_PHYS_s17_T3_ctrl,69,48,70.6,0.8138774633407593,-0.4024450111369948
UBFC_PHYS_s17_T3_ctrl,69,49,70.63333333333334,1.0364811420440674,-0.31769958469429876
UBFC_PHYS_s17_T3_ctrl,69,50,70.66666666666667,1.3080840110778809,-0.21913884363518427
UBFC_PHYS_s17_T3_ctrl,69,51,70.7,1.5228098630905151,-0.125203258285665
UBFC_PHYS_s17_T3_ctrl,69,52,70.73333333333333,1.5464316606521606,-0.05286110602609447
UBFC_PHYS_s17_T3_ctrl,69,53,70.76666666666667,1.2872951030731201,-0.011789723417675004
UBFC_PHYS_s17_T3_ctrl,69,54,70.8,0.66761714220047,-0.0004111024498719947
UBFC_PHYS_s17_T3_ctrl,69,55,70.83333333333333,-0.22018715739250183,-0.005723704456438865
UBFC_PHYS_s17_T3_ctrl,69,56,70.86666666666666,-0.9391863346099854,-0.007475817870688399
UBFC_PHYS_s17_T3_ctrl,69,57,70.9,-1.03395414352417,0.014547993163249655
UBFC_PHYS_s17_T3_ctrl,69,58,70.93333333333334,-0.5488661527633667,0.07269426796647847
UBFC_PHYS_s17_T3_ctrl,69,59,70.96666666666667,0.06605935096740723,0.16608895659103662
UBFC_PHYS_s17_T3_ctrl,69,60,71.0,0.45340633392333984,0.2801543603214556
UBFC_PHYS_s17_T3_ctrl,69,61,71.03333333333333,0.5062801241874695,0.39148162061880226
UBFC_PHYS_s17_T3_ctrl,69,62,71.06666666666666,0.2694191634654999,0.47595175174976795
UBFC_PHYS_s17_T3_ctrl,69,63,71.1,-0.1561112105846405,0.5164344874931097
UBFC_PHYS_s17_T3_ctrl,69,64,71.13333333333334,-0.6441606879234314,0.5070511956029335
UBFC_PHYS_s17_T3_ctrl,69,65,71.16666666666667,-1.11794114112854,0.45300187874143455
UBFC_PHYS_s17_T3_ctrl,69,66,71.2,-1.5320820808410645,0.3667911922355139
UBFC_PHYS_s17_T3_ctrl,69,67,71.23333333333333,-1.7917687892913818,0.2627215156178925
UBFC_PHYS_s17_T3_ctrl,69,68,71.26666666666667,-1.7732272148132324,0.15178104470971554
UBFC_PHYS_s17_T3_ctrl,69,69,71.3,-1.465922474861145,0.03870133598618291
UBFC_PHYS_s17_T3_ctrl,69,70,71.33333333333333,-1.0077338218688965,-0.07784095840389194
UBFC_PHYS_s17_T3_ctrl,69,71,71.36666666666666,-0.5575750470161438,-0.20202855531771707
UBFC_PHYS_s17_T3_ctrl,69,72,71.4,-0.20334294438362122,-0.33606126704652595
UBFC_PHYS_s17_T3_ctrl,69,73,71.43333333333334,0.04146607220172882,-0.47574776668929347
UBFC_PHYS_s17_T3_ctrl,69,74,71.46666666666667,0.20104727149009705,-0.6084670125318484
UBFC_PHYS_s17_T3_ctrl,69,75,71.5,0.29924479126930237,-0.7145039541332152
UBFC_PHYS_s17_T3_ctrl,69,76,71.53333333333333,0.36017197370529175,-0.7714950427770333
UBFC_PHYS_s17_T3_ctrl,69,77,71.56666666666666,0.4361875355243683,-0.7606620196596097
UBFC_PHYS_s17_T3_ctrl,69,78,71.6,0.5555251836776733,-0.6730111132042208
UBFC_PHYS_s17_T3_ctrl,69,79,71.63333333333334,0.6610035300254822,-0.5136433402028202
UBFC_PHYS_s17_T3_ctrl,69,80,71.66666666666667,0.6829513907432556,-0.30260971030740663
UBFC_PHYS_s17_T3_ctrl,69,81,71.7,0.6416309475898743,-0.07147926182905173
UBFC_PHYS_s17_T3_ctrl,69,82,71.73333333333333,0.5985897779464722,0.14394424028926509
UBFC_PHYS_s17_T3_ctrl,69,83,71.76666666666667,0.5334017872810364,0.31281897327970043
UBFC_PHYS_s17_T3_ctrl,69,84,71.8,0.2762083411216736,0.41734180573791596
UBFC_PHYS_s17_T3_ctrl,69,85,71.83333333333333,-0.324834406375885,0.4567603604934663
UBFC_PHYS_s17_T3_ctrl,69,86,71.86666666666666,-1.1022323369979858,0.44588486807152716
UBFC_PHYS_s17_T3_ctrl,69,87,71.9,-1.5949054956436157,0.4087640740465365
UBFC_PHYS_s17_T3_ctrl,69,88,71.93333333333334,-1.4944020509719849,0.36981818315211956
UBFC_PHYS_s17_T3_ctrl,69,89,71.96666666666667,-0.912848949432373,0.34547680464369923
UBFC_PHYS_s17_T3_ctrl,69,90,72.0,-0.19888313114643097,0.339206409388996
UBFC_PHYS_s17_T3_ctrl,69,91,72.03333333333333,0.33131787180900574,0.3416537495479947
UBFC_PHYS_s17_T3_ctrl,69,92,72.06666666666666,0.5541673302650452,0.3357131532066942
UBFC_PHYS_s17_T3_ctrl,69,93,72.1,0.5250440239906311,0.30448503985704695
UBFC_PHYS_s17_T3_ctrl,69,94,72.13333333333334,0.40005263686180115,0.23915596764469294
UBFC_PHYS_s17_T3_ctrl,69,95,72.16666666666667,0.3171542286872864,0.14399047269106216
UBFC_PHYS_s17_T3_ctrl,69,96,72.2,0.31891003251075745,0.036659545314298214
UBFC_PHYS_s17_T3_ctrl,69,97,72.23333333333333,0.37719178199768066,-0.05628906676546497
UBFC_PHYS_s17_T3_ctrl,69,98,72.26666666666667,0.4254535734653473,-0.10736785936899926
UBFC_PHYS_s17_T3_ctrl,69,99,72.3,0.39283034205436707,-0.09699348894763396
UBFC_PHYS_s17_T3_ctrl,69,100,72.33333333333333,0.34097492694854736,-0.02063140554174389
UBFC_PHYS_s17_T3_ctrl,69,101,72.36666666666666,0.41291698813438416,0.10789088616908052
UBFC_PHYS_s17_T3_ctrl,69,102,72.4,0.5951717495918274,0.25833188763336457
UBFC_PHYS_s17_T3_ctrl,69,103,72.43333333333334,0.7356027364730835,0.3914413142941462
UBFC_PHYS_s17_T3_ctrl,69,104,72.46666666666667,0.7541911005973816,0.470079294247114
UBFC_PHYS_s17_T3_ctrl,69,105,72.5,0.6361878514289856,0.4703998491331998
UBFC_PHYS_s17_T3_ctrl,69,106,72.53333333333333,0.40183186531066895,0.38875173692410303
UBFC_PHYS_s17_T3_ctrl,69,107,72.56666666666666,0.21810220181941986,0.2413621750927761
UBFC_PHYS_s17_T3_ctrl,69,108,72.6,0.22363890707492828,0.057129306449695584
UBFC_PHYS_s17_T3_ctrl,69,109,72.63333333333334,0.30870282649993896,-0.13297437907235923
UBFC_PHYS_s17_T3_ctrl,69,110,72.66666666666667,0.28379350900650024,-0.3052473016106173
UBFC_PHYS_s17_T3_ctrl,69,111,72.7,0.12875404953956604,-0.4479193499016893
UBFC_PHYS_s17_T3_ctrl,69,112,72.73333333333333,-0.08960051089525223,-0.5602704929106995
UBFC_PHYS_s17_T3_ctrl,69,113,72.76666666666667,-0.35971683263778687,-0.6478171552460329
UBFC_PHYS_s17_T3_ctrl,69,114,72.8,-0.6695850491523743,-0.716391340085756
UBFC_PHYS_s17_T3_ctrl,69,115,72.83333333333333,-0.990351140499115,-0.7677606871155472
UBFC_PHYS_s17_T3_ctrl,69,116,72.86666666666666,-1.3226704597473145,-0.7983406273665845
UBFC_PHYS_s17_T3_ctrl,69,117,72.9,-1.6287930011749268,-0.8010583397248979
UBFC_PHYS_s17_T3_ctrl,69,118,72.93333333333334,-1.840557336807251,-0.7690582194875324
UBFC_PHYS_s17_T3_ctrl,69,119,72.96666666666667,-1.9952105283737183,-0.6991856092163659
UBFC_PHYS_s17_T3_ctrl,69,120,73.0,-2.175241231918335,-0.593391214605514
UBFC_PHYS_s17_T3_ctrl,69,121,73.03333333333333,-2.286572217941284,-0.45742922702785277
UBFC_PHYS_s17_T3_ctrl,69,122,73.06666666666666,-2.1755573749542236,-0.2979511135804464
UBFC_PHYS_s17_T3_ctrl,69,123,73.1,-1.9149575233459473,-0.12008746439918938
UBFC_PHYS_s17_T3_ctrl,69,124,73.13333333333334,-1.6464916467666626,0.07293027167765745
UBFC_PHYS_s17_T3_ctrl,69,125,73.16666666666667,-1.3005471229553223,0.27797600053454974
UBFC_PHYS_s17_T3_ctrl,69,126,73.2,-0.774969756603241,0.4891055696120546
UBFC_PHYS_s17_T3_ctrl,69,127,73.23333333333333,-0.20770908892154694,0.6950041420931535
UBFC_PHYS_s17_T3_ctrl,69,128,73.26666666666667,0.19862423837184906,0.8780992379146879
UBFC_PHYS_s17_T3_ctrl,69,129,73.3,0.42130982875823975,1.0160155120452101
UBFC_PHYS_s17_T3_ctrl,69,130,73.33333333333333,0.5206544995307922,1.0852983797446327
UBFC_PHYS_s17_T3_ctrl,69,131,73.36666666666666,0.5398749113082886,1.0666372010199527
UBFC_PHYS_s17_T3_ctrl,69,132,73.4,0.5306627154350281,0.950287013856907
UBFC_PHYS_s17_T3_ctrl,69,133,73.43333333333334,0.5240022540092468,0.7401230530439069
UBFC_PHYS_s17_T3_ctrl,69,134,73.46666666666667,0.5033420324325562,0.4549104493003144
UBFC_PHYS_s17_T3_ctrl,69,135,73.5,0.46218547224998474,0.12611791542114548
UBFC_PHYS_s17_T3_ctrl,69,136,73.53333333333333,0.42376798391342163,-0.20717070221684913
UBFC_PHYS_s17_T3_ctrl,69,137,73.56666666666666,0.34962528944015503,-0.5046653959653912
UBFC_PHYS_s17_T3_ctrl,69,138,73.6,0.16313312947750092,-0.7308406282178794
UBFC_PHYS_s17_T3_ctrl,69,139,73.63333333333334,-0.08408721536397934,-0.8594217237412854
UBFC_PHYS_s17_T3_ctrl,69,140,73.66666666666667,-0.23476052284240723,-0.8763877703313722
UBFC_PHYS_s17_T3_ctrl,69,141,73.7,-0.24997767806053162,-0.7819512079047587
UBFC_PHYS_s17_T3_ctrl,69,142,73.73333333333333,-0.263275146484375,-0.5914405388253533
UBFC_PHYS_s17_T3_ctrl,69,143,73.76666666666667,-0.4153765141963959,-0.3342597286504523
UBFC_PHYS_s17_T3_ctrl,69,144,73.8,-0.6349952816963196,-0.05008954501948458
UBFC_PHYS_s17_T3_ctrl,69,145,73.83333333333333,-0.5693625211715698,0.2176837851995822
UBFC_PHYS_s17_T3_ctrl,69,146,73.86666666666666,-0.058604322373867035,0.4301770474363225
UBFC_PHYS_s17_T3_ctrl,69,147,73.9,0.4236977696418762,0.5608027348057609
UBFC_PHYS_s17_T3_ctrl,69,148,73.93333333333334,0.3560281991958618,0.6003459750099082
UBFC_PHYS_s17_T3_ctrl,69,149,73.96666666666667,-0.09231618791818619,0.5576065132180504
UBFC_PHYS_s17_T3_ctrl,69,150,74.0,-0.498075932264328,0.45519841958232693
UBFC_PHYS_s17_T3_ctrl,69,151,74.03333333333333,-0.7846150994300842,0.3218545010141329
UBFC_PHYS_s17_T3_ctrl,69,152,74.06666666666666,-0.9404505491256714,0.1841109224603067
UBFC_PHYS_s17_T3_ctrl,69,153,74.1,-0.8522261381149292,0.060468080930573216
UBFC_PHYS_s17_T3_ctrl,69,154,74.13333333333334,-0.6064689755439758,-0.040372677559051585
UBFC_PHYS_s17_T3_ctrl,69,155,74.16666666666667,-0.4217560291290283,-0.1176668683384842
UBFC_PHYS_s17_T3_ctrl,69,156,74.2,-0.35947102308273315,-0.17490028195861304
UBFC_PHYS_s17_T3_ctrl,69,157,74.23333333333333,-0.3455882668495178,-0.21605619228168674
UBFC_PHYS_s17_T3_ctrl,69,158,74.26666666666667,-0.3660378158092499,-0.24321723850152632
UBFC_PHYS_s17_T3_ctrl,69,159,74.3,-0.477392315864563,-0.25600189781681565
UBFC_PHYS_s17_T3_ctrl,69,160,74.33333333333333,-0.6672205328941345,-0.252522850471323
UBFC_PHYS_s17_T3_ctrl,69,161,74.36666666666666,-0.8712124228477478,-0.23106204581388468
UBFC_PHYS_s17_T3_ctrl,69,162,74.4,-1.0629603862762451,-0.19160717873877714
UBFC_PHYS_s17_T3_ctrl,69,163,74.43333333333334,-1.165231466293335,-0.1366659226629456
UBFC_PHYS_s17_T3_ctrl,69,164,74.46666666666667,-1.0109761953353882,-0.07115298473942588
UBFC_PHYS_s17_T3_ctrl,69,165,74.5,-0.5707671642303467,-0.0014840337172614079
UBFC_PHYS_s17_T3_ctrl,69,166,74.53333333333333,-0.06788679212331772,0.06575195179346256
UBFC_PHYS_s17_T3_ctrl,69,167,74.56666666666666,0.2913084626197815,0.12503583019220355
UBFC_PHYS_s17_T3_ctrl,69,168,74.6,0.504746675491333,0.17257896517735621
UBFC_PHYS_s17_T3_ctrl,69,169,74.63333333333334,0.621052622795105,0.20619798609898504
UBFC_PHYS_s17_T3_ctrl,69,170,74.66666666666667,0.6419820785522461,0.22473292687572421
UBFC_PHYS_s17_T3_ctrl,69,171,74.7,0.6094290614128113,0.22764234482147702
UBFC_PHYS_s17_T3_ctrl,69,172,74.73333333333333,0.6183018684387207,0.21512791519445454
UBFC_PHYS_s17_T3_ctrl,69,173,74.76666666666667,0.695253849029541,0.18852173213088433
UBFC_PHYS_s17_T3_ctrl,69,174,74.8,0.7642227411270142,0.15024495879052094
UBFC_PHYS_s17_T3_ctrl,69,175,74.83333333333333,0.7442882061004639,0.10280139053019152
UBFC_PHYS_s17_T3_ctrl,69,176,74.86666666666666,0.619554340839386,0.04699020485866796
UBFC_PHYS_s17_T3_ctrl,69,177,74.9,0.4399215877056122,-0.019705469309198444
UBFC_PHYS_s17_T3_ctrl,69,178,74.93333333333334,0.25344112515449524,-0.10333039379274965
UBFC_PHYS_s17_T3_ctrl,69,179,74.96666666666667,0.036737047135829926,-0.21140743852379257
UBFC_PHYS_s17_T3_ctrl,69,180,75.0,-0.26630687713623047,-0.34861566328656973
UBFC_PHYS_s17_T3_ctrl,69,181,75.03333333333333,-0.6193450093269348,-0.511365008799756
UBFC_PHYS_s17_T3_ctrl,69,182,75.06666666666666,-0.8374303579330444,-0.6835354977400832
UBFC_PHYS_s17_T3_ctrl,69,183,75.1,-0.741468608379364,-0.835888767907495
UBFC_PHYS_s17_T3_ctrl,69,184,75.13333333333334,-0.3518858551979065,-0.9305899405047452
UBFC_PHYS_s17_T3_ctrl,69,185,75.16666666666667,0.14022545516490936,-0.9304013380576907
UBFC_PHYS_s17_T3_ctrl,69,186,75.2,0.5889912247657776,-0.8102761826506213
UBFC_PHYS_s17_T3_ctrl,69,187,75.23333333333333,0.9523887634277344,-0.5677846633674983
UBFC_PHYS_s17_T3_ctrl,69,188,75.26666666666667,1.1855156421661377,-0.22840314267738995
UBFC_PHYS_s17_T3_ctrl,69,189,75.3,1.2532905340194702,0.15736903089115445
UBFC_PHYS_s17_T3_ctrl,69,190,75.33333333333333,1.2108697891235352,0.5256228028154148
UBFC_PHYS_s17_T3_ctrl,69,191,75.36666666666666,1.1731663942337036,0.8162928336095374
UBFC_PHYS_s17_T3_ctrl,69,192,75.4,1.226075291633606,0.9896278888906556
UBFC_PHYS_s17_T3_ctrl,69,193,75.43333333333334,1.3210654258728027,1.0350906792793761
UBFC_PHYS_s17_T3_ctrl,69,194,75.46666666666667,1.2900810241699219,0.9696128324885701
UBFC_PHYS_s17_T3_ctrl,69,195,75.5,1.0589908361434937,0.827250226423939
UBFC_PHYS_s17_T3_ctrl,69,196,75.53333333333333,0.78646320104599,0.6454309278297489
UBFC_PHYS_s17_T3_ctrl,69,197,75.56666666666666,0.6844730973243713,0.4533628310383348
UBFC_PHYS_s17_T3_ctrl,69,198,75.6,0.7932289838790894,0.2665445516078431
UBFC_PHYS_s17_T3_ctrl,69,199,75.63333333333334,0.9601495265960693,0.08851825162343897
UBFC_PHYS_s17_T3_ctrl,69,200,75.66666666666667,0.9703801274299622,-0.08205262782741765
UBFC_PHYS_s17_T3_ctrl,69,201,75.7,0.7819565534591675,-0.2430089724272704
UBFC_PHYS_s17_T3_ctrl,69,202,75.73333333333333,0.6315524578094482,-0.3833230633331096
UBFC_PHYS_s17_T3_ctrl,69,203,75.76666666666667,0.7563214898109436,-0.48336571114234606
UBFC_PHYS_s17_T3_ctrl,69,204,75.8,1.0538287162780762,-0.5206550709355562
UBFC_PHYS_s17_T3_ctrl,69,205,75.83333333333333,1.2641884088516235,-0.47848925975220674
UBFC_PHYS_s17_T3_ctrl,69,206,75.86666666666666,1.3051928281784058,-0.35393279785081666
UBFC_PHYS_s17_T3_ctrl,69,207,75.9,1.2283577919006348,-0.1621040981003563
UBFC_PHYS_s17_T3_ctrl,69,208,75.93333333333334,1.073294997215271,0.06503741311749543
UBFC_PHYS_s17_T3_ctrl,69,209,75.96666666666667,0.8798965811729431,0.2855189652112788
UBFC_PHYS_s17_T3_ctrl,69,210,76.0,0.6992220282554626,0.4580275485978588
UBFC_PHYS_s17_T3_ctrl,69,211,76.03333333333333,0.5901618003845215,0.5530207283318855
UBFC_PHYS_s17_T3_ctrl,69,212,76.06666666666666,0.6423566341400146,0.5601942811962284
UBFC_PHYS_s17_T3_ctrl,69,213,76.1,0.9041972160339355,0.4894077367425735
UBFC_PHYS_s17_T3_ctrl,69,214,76.13333333333334,1.294213056564331,0.36514034528921097
UBFC_PHYS_s17_T3_ctrl,69,215,76.16666666666667,1.6577861309051514,0.2174593241265242
UBFC_PHYS_s17_T3_ctrl,69,216,76.2,1.8618600368499756,0.07344681988869403
UBFC_PHYS_s17_T3_ctrl,69,217,76.23333333333333,1.8372433185577393,-0.048084125431893006
UBFC_PHYS_s17_T3_ctrl,69,218,76.26666666666667,1.5965780019760132,-0.1378781423942983
UBFC_PHYS_s17_T3_ctrl,69,219,76.3,1.2027578353881836,-0.1946187202901013
UBFC_PHYS_s17_T3_ctrl,69,220,76.33333333333333,0.7071817517280579,-0.2221191112871646
UBFC_PHYS_s17_T3_ctrl,69,221,76.36666666666666,0.2089836150407791,-0.22669640189267057
UBFC_PHYS_s17_T3_ctrl,69,222,76.4,-0.09486798942089081,-0.2154299295260766
UBFC_PHYS_s17_T3_ctrl,69,223,76.43333333333334,-0.08139494806528091,-0.1953898679203743
UBFC_PHYS_s17_T3_ctrl,69,224,76.46666666666667,0.13844621181488037,-0.17350425266168543
UBFC_PHYS_s17_T3_ctrl,69,225,76.5,0.3556068241596222,-0.15655035093472175
UBFC_PHYS_s17_T3_ctrl,69,226,76.53333333333333,0.47447624802589417,-0.15079422999848122
UBFC_PHYS_s17_T3_ctrl,69,227,76.56666666666666,0.5141813158988953,-0.1610473434766236
UBFC_PHYS_s17_T3_ctrl,69,228,76.6,0.4983906149864197,-0.18929736962083107
UBFC_PHYS_s17_T3_ctrl,69,229,76.63333333333334,0.45309028029441833,-0.23344045214016432
UBFC_PHYS_s17_T3_ctrl,69,230,76.66666666666667,0.4181727468967438,-0.2867985794912666
UBFC_PHYS_s17_T3_ctrl,69,231,76.7,0.41874632239341736,-0.3389072616059418
UBFC_PHYS_s17_T3_ctrl,69,232,76.73333333333333,0.42187169194221497,-0.377550433177238
UBFC_PHYS_s17_T3_ctrl,69,233,76.76666666666667,0.3550800681114197,-0.3915092045868824
UBFC_PHYS_s17_T3_ctrl,69,234,76.8,0.19589684903621674,-0.37324703542877347
UBFC_PHYS_s17_T3_ctrl,69,235,76.83333333333333,-0.0321381650865078,-0.32072449687430205
UBFC_PHYS_s17_T3_ctrl,69,236,76.86666666666666,-0.35865163803100586,-0.23765891886644905
UBFC_PHYS_s17_T3_ctrl,69,237,76.9,-0.8353350758552551,-0.13203168606157506
UBFC_PHYS_s17_T3_ctrl,69,238,76.93333333333334,-1.4203529357910156,-0.013535442514930185
UBFC_PHYS_s17_T3_ctrl,69,239,76.96666666666667,-1.9979262351989746,0.10859672589604648
UBFC_PHYS_s17_T3_ctrl,70,0,70.0,-1.7531405687332153,-0.03827700537707063
UBFC_PHYS_s17_T3_ctrl,70,1,70.03333333333333,-1.2270599603652954,0.26031440649446036
UBFC_PHYS_s17_T3_ctrl,70,2,70.06666666666666,-0.7912872433662415,0.5218038045582191
UBFC_PHYS_s17_T3_ctrl,70,3,70.1,-0.5851649045944214,0.7134344111064955
UBFC_PHYS_s17_T3_ctrl,70,4,70.13333333333334,-0.5732721090316772,0.8127722988948831
UBFC_PHYS_s17_T3_ctrl,70,5,70.16666666666667,-0.6241442561149597,0.8116840109844652
UBFC_PHYS_s17_T3_ctrl,70,6,70.2,-0.6566621661186218,0.7178618626271734
UBFC_PHYS_s17_T3_ctrl,70,7,70.23333333333333,-0.6728391647338867,0.5530258383146648
UBFC_PHYS_s17_T3_ctrl,70,8,70.26666666666667,-0.6825313568115234,0.3480272592388361
UBFC_PHYS_s17_T3_ctrl,70,9,70.3,-0.6484448909759521,0.13616432799610942
UBFC_PHYS_s17_T3_ctrl,70,10,70.33333333333333,-0.5503410696983337,-0.053404352616044135
UBFC_PHYS_s17_T3_ctrl,70,11,70.36666666666666,-0.43127259612083435,-0.20038631644083102
UBFC_PHYS_s17_T3_ctrl,70,12,70.4,-0.3195435106754303,-0.2951895021413137
UBFC_PHYS_s17_T3_ctrl,70,13,70.43333333333334,-0.16704414784908295,-0.33787667326446263
UBFC_PHYS_s17_T3_ctrl,70,14,70.46666666666667,0.06030023843050003,-0.335210735918903
UBFC_PHYS_s17_T3_ctrl,70,15,70.5,0.3032831847667694,-0.29722618718644583
UBFC_PHYS_s17_T3_ctrl,70,16,70.53333333333333,0.49403616786003113,-0.23456302120714825
UBFC_PHYS_s17_T3_ctrl,70,17,70.56666666666666,0.6475188136100769,-0.15717804889744
UBFC_PHYS_s17_T3_ctrl,70,18,70.6,0.8138774633407593,-0.0743634458413848
UBFC_PHYS_s17_T3_ctrl,70,19,70.63333333333334,1.0364811420440674,0.004575638110568911
UBFC_PHYS_s17_T3_ctrl,70,20,70.66666666666667,1.3080840110778809,0.06996624332623806
UBFC_PHYS_s17_T3_ctrl,70,21,70.7,1.5228098630905151,0.11254214992347092
UBFC_PHYS_s17_T3_ctrl,70,22,70.73333333333333,1.5464316606521606,0.12541833405284875
UBFC_PHYS_s17_T3_ctrl,70,23,70.76666666666667,1.2872951030731201,0.10648321885341065
UBFC_PHYS_s17_T3_ctrl,70,24,70.8,0.66761714220047,0.06000160924471664
UBFC_PHYS_s17_T3_ctrl,70,25,70.83333333333333,-0.22018715739250183,-0.0035695546159795733
UBFC_PHYS_s17_T3_ctrl,70,26,70.86666666666666,-0.9391863346099854,-0.06983434521940783
UBFC_PHYS_s17_T3_ctrl,70,27,70.9,-1.03395414352417,-0.12419014140423719
UBFC_PHYS_s17_T3_ctrl,70,28,70.93333333333334,-0.5488661527633667,-0.1558062317722977
UBFC_PHYS_s17_T3_ctrl,70,29,70.96666666666667,0.06605935096740723,-0.16042492761805469
UBFC_PHYS_s17_T3_ctrl,70,30,71.0,0.45340633392333984,-0.14088945777546602
UBFC_PHYS_s17_T3_ctrl,70,31,71.03333333333333,0.5062801241874695,-0.1050936785606411
UBFC_PHYS_s17_T3_ctrl,70,32,71.06666666666666,0.2694191634654999,-0.062086456445368525
UBFC_PHYS_s17_T3_ctrl,70,33,71.1,-0.1561112105846405,-0.017968974892798462
UBFC_PHYS_s17_T3_ctrl,70,34,71.13333333333334,-0.6441606879234314,0.02644072729080348
UBFC_PHYS_s17_T3_ctrl,70,35,71.16666666666667,-1.11794114112854,0.07477530137222654
UBFC_PHYS_s17_T3_ctrl,70,36,71.2,-1.5320820808410645,0.13115671621417616
UBFC_PHYS_s17_T3_ctrl,70,37,71.23333333333333,-1.7917687892913818,0.19483638599149364
UBFC_PHYS_s17_T3_ctrl,70,38,71.26666666666667,-1.7732272148132324,0.2562391445783712
UBFC_PHYS_s17_T3_ctrl,70,39,71.3,-1.465922474861145,0.29696206322349494
UBFC_PHYS_s17_T3_ctrl,70,40,71.33333333333333,-1.0077338218688965,0.2946031313867607
UBFC_PHYS_s17_T3_ctrl,70,41,71.36666666666666,-0.5575750470161438,0.23096010066304154
UBFC_PHYS_s17_T3_ctrl,70,42,71.4,-0.20334294438362122,0.10033352321338138
UBFC_PHYS_s17_T3_ctrl,70,43,71.43333333333334,0.04146607220172882,-0.0855993517065204
UBFC_PHYS_s17_T3_ctrl,70,44,71.46666666666667,0.20104727149009705,-0.2983991100090745
UBFC_PHYS_s17_T3_ctrl,70,45,71.5,0.29924479126930237,-0.49879373769238183
UBFC_PHYS_s17_T3_ctrl,70,46,71.53333333333333,0.36017197370529175,-0.6459929831243941
UBFC_PHYS_s17_T3_ctrl,70,47,71.56666666666666,0.4361875355243683,-0.7076832496773269
UBFC_PHYS_s17_T3_ctrl,70,48,71.6,0.5555251836776733,-0.6681150705057014
UBFC_PHYS_s17_T3_ctrl,70,49,71.63333333333334,0.6610035300254822,-0.5323445753945673
UBFC_PHYS_s17_T3_ctrl,70,50,71.66666666666667,0.6829513907432556,-0.32555551997512255
UBFC_PHYS_s17_T3_ctrl,70,51,71.7,0.6416309475898743,-0.08740730650846142
UBFC_PHYS_s17_T3_ctrl,70,52,71.73333333333333,0.5985897779464722,0.13746094330411193
UBFC_PHYS_s17_T3_ctrl,70,53,71.76666666666667,0.5334017872810364,0.31044528807279204
UBFC_PHYS_s17_T3_ctrl,70,54,71.8,0.2762083411216736,0.40839399589888925
UBFC_PHYS_s17_T3_ctrl,70,55,71.83333333333333,-0.324834406375885,0.4285404296495695
UBFC_PHYS_s17_T3_ctrl,70,56,71.86666666666666,-1.1022323369979858,0.38752120211023566
UBFC_PHYS_s17_T3_ctrl,70,57,71.9,-1.5949054956436157,0.3149922982925277
UBFC_PHYS_s17_T3_ctrl,70,58,71.93333333333334,-1.4944020509719849,0.2438845267026863
UBFC_PHYS_s17_T3_ctrl,70,59,71.96666666666667,-0.912848949432373,0.20019190202700243
UBFC_PHYS_s17_T3_ctrl,70,60,72.0,-0.19888313114643097,0.19536114531997467
UBFC_PHYS_s17_T3_ctrl,70,61,72.03333333333333,0.33131787180900574,0.22366875729517727
UBFC_PHYS_s17_T3_ctrl,70,62,72.06666666666666,0.5541673302650452,0.26541919645615114
UBFC_PHYS_s17_T3_ctrl,70,63,72.1,0.5250440239906311,0.2948807503110293
UBFC_PHYS_s17_T3_ctrl,70,64,72.13333333333334,0.40005263686180115,0.2902973716894338
UBFC_PHYS_s17_T3_ctrl,70,65,72.16666666666667,0.3171542286872864,0.2425847599081092
UBFC_PHYS_s17_T3_ctrl,70,66,72.2,0.31891003251075745,0.15966860576151493
UBFC_PHYS_s17_T3_ctrl,70,67,72.23333333333333,0.37719178199768066,0.06476670357383
UBFC_PHYS_s17_T3_ctrl,70,68,72.26666666666667,0.4254535734653473,-0.011110936102647006
UBFC_PHYS_s17_T3_ctrl,70,69,72.3,0.39283034205436707,-0.0401464078354833
UBFC_PHYS_s17_T3_ctrl,70,70,72.33333333333333,0.34097492694854736,-0.008463559152733419
UBFC_PHYS_s17_T3_ctrl,70,71,72.36666666666666,0.41291698813438416,0.07734081639071871
UBFC_PHYS_s17_T3_ctrl,70,72,72.4,0.5951717495918274,0.1907065457957031
UBFC_PHYS_s17_T3_ctrl,70,73,72.43333333333334,0.7356027364730835,0.29308535135838754
UBFC_PHYS_s17_T3_ctrl,70,74,72.46666666666667,0.7541911005973816,0.3468815228527021
UBFC_PHYS_s17_T3_ctrl,70,75,72.5,0.6361878514289856,0.32855470462173686
UBFC_PHYS_s17_T3_ctrl,70,76,72.53333333333333,0.40183186531066895,0.2365684143982956
UBFC_PHYS_s17_T3_ctrl,70,77,72.56666666666666,0.21810220181941986,0.09081898949348295
UBFC_PHYS_s17_T3_ctrl,70,78,72.6,0.22363890707492828,-0.07596355135059571
UBFC_PHYS_s17_T3_ctrl,70,79,72.63333333333334,0.30870282649993896,-0.2307455479877663
UBFC_PHYS_s17_T3_ctrl,70,80,72.66666666666667,0.28379350900650024,-0.3512560039109328
UBFC_PHYS_s17_T3_ctrl,70,81,72.7,0.12875404953956604,-0.43148962024396076
UBFC_PHYS_s17_T3_ctrl,70,82,72.73333333333333,-0.08960051089525223,-0.4803821086000077
UBFC_PHYS_s17_T3_ctrl,70,83,72.76666666666667,-0.35971683263778687,-0.5152307014432809
UBFC_PHYS_s17_T3_ctrl,70,84,72.8,-0.6695850491523743,-0.5530596885616341
UBFC_PHYS_s17_T3_ctrl,70,85,72.83333333333333,-0.990351140499115,-0.6032902705426374
UBFC_PHYS_s17_T3_ctrl,70,86,72.86666666666666,-1.3226704597473145,-0.6641062793122025
UBFC_PHYS_s17_T3_ctrl,70,87,72.9,-1.6287930011749268,-0.7232408825643591
UBFC_PHYS_s17_T3_ctrl,70,88,72.93333333333334,-1.840557336807251,-0.7621405468955064
UBFC_PHYS_s17_T3_ctrl,70,89,72.96666666666667,-1.9952105283737183,-0.7614297984397961
UBFC_PHYS_s17_T3_ctrl,70,90,73.0,-2.175241231918335,-0.7057525834649205
UBFC_PHYS_s17_T3_ctrl,70,91,73.03333333333333,-2.286572217941284,-0.5869569986259651
UBFC_PHYS_s17_T3_ctrl,70,92,73.06666666666666,-2.1755573749542236,-0.4054776131072678
UBFC_PHYS_s17_T3_ctrl,70,93,73.1,-1.9149575233459473,-0.17028595024946247
UBFC_PHYS_s17_T3_ctrl,70,94,73.13333333333334,-1.6464916467666626,0.10211205325553797
UBFC_PHYS_s17_T3_ctrl,70,95,73.16666666666667,-1.3005471229553223,0.3893417763836289
UBFC_PHYS_s17_T3_ctrl,70,96,73.2,-0.774969756603241,0.6654542887911103
UBFC_PHYS_s17_T3_ctrl,70,97,73.23333333333333,-0.20770908892154694,0.9038444890496714
UBFC_PHYS_s17_T3_ctrl,70,98,73.26666666666667,0.19862423837184906,1.0805034038205106
UBFC_PHYS_s17_T3_ctrl,70,99,73.3,0.42130982875823975,1.177009523873216
UBFC_PHYS_s17_T3_ctrl,70,100,73.33333333333333,0.5206544995307922,1.1826692449151106
UBFC_PHYS_s17_T3_ctrl,70,101,73.36666666666666,0.5398749113082886,1.0955371520787338
UBFC_PHYS_s17_T3_ctrl,70,102,73.4,0.5306627154350281,0.9224396901834713
UBFC_PHYS_s17_T3_ctrl,70,103,73.43333333333334,0.5240022540092468,0.678273255927516
UBFC_PHYS_s17_T3_ctrl,70,104,73.46666666666667,0.5033420324325562,0.38467435699394736
UBFC_PHYS_s17_T3_ctrl,70,105,73.5,0.46218547224998474,0.06804453767199962
UBFC_PHYS_s17_T3_ctrl,70,106,73.53333333333333,0.42376798391342163,-0.24285944329008854
UBFC_PHYS_s17_T3_ctrl,70,107,73.56666666666666,0.34962528944015503,-0.5193049718804446
UBFC_PHYS_s17_T3_ctrl,70,108,73.6,0.16313312947750092,-0.7346104230469425
UBFC_PHYS_s17_T3_ctrl,70,109,73.63333333333334,-0.08408721536397934,-0.8660245990831201
UBFC_PHYS_s17_T3_ctrl,70,110,73.66666666666667,-0.23476052284240723,-0.8971412390918803
UBFC_PHYS_s17_T3_ctrl,70,111,73.7,-0.24997767806053162,-0.8213042460823539
UBFC_PHYS_s17_T3_ctrl,70,112,73.73333333333333,-0.263275146484375,-0.6453587790408567
UBFC_PHYS_s17_T3_ctrl,70,113,73.76666666666667,-0.4153765141963959,-0.39196755306809034
UBFC_PHYS_s17_T3_ctrl,70,114,73.8,-0.6349952816963196,-0.09852611871670003
UBFC_PHYS_s17_T3_ctrl,70,115,73.83333333333333,-0.5693625211715698,0.1883304296031942
UBFC_PHYS_s17_T3_ctrl,70,116,73.86666666666666,-0.058604322373867035,0.42196272426326564
UBFC_PHYS_s17_T3_ctrl,70,117,73.9,0.4236977696418762,0.5663272467488055
UBFC_PHYS_s17_T3_ctrl,70,118,73.93333333333334,0.3560281991958618,0.6045642504840046
UBFC_PHYS_s17_T3_ctrl,70,119,73.96666666666667,-0.09231618791818619,0.5425026789223363
UBFC_PHYS_s17_T3_ctrl,70,120,74.0,-0.498075932264328,0.40570860772359363
UBFC_PHYS_s17_T3_ctrl,70,121,74.03333333333333,-0.7846150994300842,0.23112607396787976
UBFC_PHYS_s17_T3_ctrl,70,122,74.06666666666666,-0.9404505491256714,0.05641922147836925
UBFC_PHYS_s17_T3_ctrl,70,123,74.1,-0.8522261381149292,-0.08921428114005825
UBFC_PHYS_s17_T3_ctrl,70,124,74.13333333333334,-0.6064689755439758,-0.190058715057254
UBFC_PHYS_s17_T3_ctrl,70,125,74.16666666666667,-0.4217560291290283,-0.24401340734002216
UBFC_PHYS_s17_T3_ctrl,70,126,74.2,-0.35947102308273315,-0.25890586989673803
UBFC_PHYS_s17_T3_ctrl,70,127,74.23333333333333,-0.3455882668495178,-0.24703777542807376
UBFC_PHYS_s17_T3_ctrl,70,128,74.26666666666667,-0.3660378158092499,-0.22013228814300537
UBFC_PHYS_s17_T3_ctrl,70,129,74.3,-0.477392315864563,-0.1862222052353524
UBFC_PHYS_s17_T3_ctrl,70,130,74.33333333333333,-0.6672205328941345,-0.14896392970363148
UBFC_PHYS_s17_T3_ctrl,70,131,74.36666666666666,-0.8712124228477478,-0.10884642264861234
UBFC_PHYS_s17_T3_ctrl,70,132,74.4,-1.0629603862762451,-0.06518668969126953
UBFC_PHYS_s17_T3_ctrl,70,133,74.43333333333334,-1.165231466293335,-0.0178239108659697
UBFC_PHYS_s17_T3_ctrl,70,134,74.46666666666667,-1.0109761953353882,0.03208260377449251
UBFC_PHYS_s17_T3_ctrl,70,135,74.5,-0.5707671642303467,0.08215254391530716
UBFC_PHYS_s17_T3_ctrl,70,136,74.53333333333333,-0.06788679212331772,0.12941465438162858
UBFC_PHYS_s17_T3_ctrl,70,137,74.56666666666666,0.2913084626197815,0.17099144707573927
UBFC_PHYS_s17_T3_ctrl,70,138,74.6,0.504746675491333,0.20443610285067232
UBFC_PHYS_s17_T3_ctrl,70,139,74.63333333333334,0.621052622795105,0.22762170458501843
UBFC_PHYS_s17_T3_ctrl,70,140,74.66666666666667,0.6419820785522461,0.2385299262252408
UBFC_PHYS_s17_T3_ctrl,70,141,74.7,0.6094290614128113,0.23545984244293744
UBFC_PHYS_s17_T3_ctrl,70,142,74.73333333333333,0.6183018684387207,0.21779201838004555
UBFC_PHYS_s17_T3_ctrl,70,143,74.76666666666667,0.695253849029541,0.18677033558395265
UBFC_PHYS_s17_T3_ctrl,70,144,74.8,0.7642227411270142,0.14537090952223464
UBFC_PHYS_s17_T3_ctrl,70,145,74.83333333333333,0.7442882061004639,0.09668705780113794
UBFC_PHYS_s17_T3_ctrl,70,146,74.86666666666666,0.619554340839386,0.0413357245594569
UBFC_PHYS_s17_T3_ctrl,70,147,74.9,0.4399215877056122,-0.024587826236491656
UBFC_PHYS_s17_T3_ctrl,70,148,74.93333333333334,0.25344112515449524,-0.10933471694228127
UBFC_PHYS_s17_T3_ctrl,70,149,74.96666666666667,0.036737047135829926,-0.22231334652372534
UBFC_PHYS_s17_T3_ctrl,70,150,75.0,-0.26630687713623047,-0.3685564499857383
UBFC_PHYS_s17_T3_ctrl,70,151,75.03333333333333,-0.6193450093269348,-0.5428141855381344
UBFC_PHYS_s17_T3_ctrl,70,152,75.06666666666666,-0.8374303579330444,-0.7257490735260573
UBFC_PHYS_s17_T3_ctrl,70,153,75.1,-0.741468608379364,-0.8842893966624277
UBFC_PHYS_s17_T3_ctrl,70,154,75.13333333333334,-0.3518858551979065,-0.9770703500926464
UBFC_PHYS_s17_T3_ctrl,70,155,75.16666666666667,0.14022545516490936,-0.9643935550128934
UBFC_PHYS_s17_T3_ctrl,70,156,75.2,0.5889912247657776,-0.8205852164976262
UBFC_PHYS_s17_T3_ctrl,70,157,75.23333333333333,0.9523887634277344,-0.5452475536608251
UBFC_PHYS_s17_T3_ctrl,70,158,75.26666666666667,1.1855156421661377,-0.16911735672130657
UBFC_PHYS_s17_T3_ctrl,70,159,75.3,1.2532905340194702,0.24908653133988692
UBFC_PHYS_s17_T3_ctrl,70,160,75.33333333333333,1.2108697891235352,0.6357800754079158
UBFC_PHYS_s17_T3_ctrl,70,161,75.36666666666666,1.1731663942337036,0.9223464166743252
UBFC_PHYS_s17_T3_ctrl,70,162,75.4,1.226075291633606,1.0645188974915982
UBFC_PHYS_s17_T3_ctrl,70,163,75.43333333333334,1.3210654258728027,1.0535003516585975
UBFC_PHYS_s17_T3_ctrl,70,164,75.46666666666667,1.2900810241699219,0.9148725161177665
UBFC_PHYS_s17_T3_ctrl,70,165,75.5,1.0589908361434937,0.6969159294426623
UBFC_PHYS_s17_T3_ctrl,70,166,75.53333333333333,0.78646320104599,0.4536495175385266
UBFC_PHYS_s17_T3_ctrl,70,167,75.56666666666666,0.6844730973243713,0.22889856617330376
UBFC_PHYS_s17_T3_ctrl,70,168,75.6,0.7932289838790894,0.04667479453944753
UBFC_PHYS_s17_T3_ctrl,70,169,75.63333333333334,0.9601495265960693,-0.08952411553011337
UBFC_PHYS_s17_T3_ctrl,70,170,75.66666666666667,0.9703801274299622,-0.1895527575007218
UBFC_PHYS_s17_T3_ctrl,70,171,75.7,0.7819565534591675,-0.26572621483969583
UBFC_PHYS_s17_T3_ctrl,70,172,75.73333333333333,0.6315524578094482,-0.32337894394812655
UBFC_PHYS_s17_T3_ctrl,70,173,75.76666666666667,0.7563214898109436,-0.356826304405929
UBFC_PHYS_s17_T3_ctrl,70,174,75.8,1.0538287162780762,-0.35194305877785353
UBFC_PHYS_s17_T3_ctrl,70,175,75.83333333333333,1.2641884088516235,-0.2936648736103906
UBFC_PHYS_s17_T3_ctrl,70,176,75.86666666666666,1.3051928281784058,-0.17487064444421224
UBFC_PHYS_s17_T3_ctrl,70,177,75.9,1.2283577919006348,-0.0028414673661589108
UBFC_PHYS_s17_T3_ctrl,70,178,75.93333333333334,1.073294997215271,0.1993375945160776
UBFC_PHYS_s17_T3_ctrl,70,179,75.96666666666667,0.8798965811729431,0.39709284068140055
UBFC_PHYS_s17_T3_ctrl,70,180,76.0,0.6992220282554626,0.553026609340371
UBFC_PHYS_s17_T3_ctrl,70,181,76.03333333333333,0.5901618003845215,0.6370307386681228
UBFC_PHYS_s17_T3_ctrl,70,182,76.06666666666666,0.6423566341400146,0.6343365206426202
UBFC_PHYS_s17_T3_ctrl,70,183,76.1,0.9041972160339355,0.5486882342971962
UBFC_PHYS_s17_T3_ctrl,70,184,76.13333333333334,1.294213056564331,0.39977207321317576
UBFC_PHYS_s17_T3_ctrl,70,185,76.16666666666667,1.6577861309051514,0.21637035183064657
UBFC_PHYS_s17_T3_ctrl,70,186,76.2,1.8618600368499756,0.02828669001985626
UBFC_PHYS_s17_T3_ctrl,70,187,76.23333333333333,1.8372433185577393,-0.13995925864705447
UBFC_PHYS_s17_T3_ctrl,70,188,76.26666666666667,1.5965780019760132,-0.2722632431342693
UBFC_PHYS_s17_T3_ctrl,70,189,76.3,1.2027578353881836,-0.36129187984467476
UBFC_PHYS_s17_T3_ctrl,70,190,76.33333333333333,0.7071817517280579,-0.4072134096742959
UBFC_PHYS_s17_T3_ctrl,70,191,76.36666666666666,0.2089836150407791,-0.4157586710696757
UBFC_PHYS_s17_T3_ctrl,70,192,76.4,-0.09486798942089081,-0.39613962729335167
UBFC_PHYS_s17_T3_ctrl,70,193,76.43333333333334,-0.08139494806528091,-0.35906956575305404
UBFC_PHYS_s17_T3_ctrl,70,194,76.46666666666667,0.13844621181488037,-0.31504485076376265
UBFC_PHYS_s17_T3_ctrl,70,195,76.5,0.3556068241596222,-0.27307618552599394
UBFC_PHYS_s17_T3_ctrl,70,196,76.53333333333333,0.47447624802589417,-0.24004734886544093
UBFC_PHYS_s17_T3_ctrl,70,197,76.56666666666666,0.5141813158988953,-0.2207183622568268
UBFC_PHYS_s17_T3_ctrl,70,198,76.6,0.4983906149864197,-0.21810403252000132
UBFC_PHYS_s17_T3_ctrl,70,199,76.63333333333334,0.45309028029441833,-0.233757662670637
UBFC_PHYS_s17_T3_ctrl,70,200,76.66666666666667,0.4181727468967438,-0.2675452494769678
UBFC_PHYS_s17_T3_ctrl,70,201,76.7,0.41874632239341736,-0.3167302126702842
UBFC_PHYS_s17_T3_ctrl,70,202,76.73333333333333,0.42187169194221497,-0.37451080066505105
UBFC_PHYS_s17_T3_ctrl,70,203,76.76666666666667,0.3550800681114197,-0.4286780483767035
UBFC_PHYS_s17_T3_ctrl,70,204,76.8,0.19589684903621674,-0.46166032684772745
UBFC_PHYS_s17_T3_ctrl,70,205,76.83333333333333,-0.0321381650865078,-0.4531678163884735
UBFC_PHYS_s17_T3_ctrl,70,206,76.86666666666666,-0.35865163803100586,-0.38551594140196876
UBFC_PHYS_s17_T3_ctrl,70,207,76.9,-0.8353350758552551,-0.25015471526553373
UBFC_PHYS_s17_T3_ctrl,70,208,76.93333333333334,-1.4203529357910156,-0.05296520816450973
UBFC_PHYS_s17_T3_ctrl,70,209,76.96666666666667,-1.9979262351989746,0.18404275674833226
UBFC_PHYS_s17_T3_ctrl,70,210,77.0,-2.483213186264038,0.4259385662531122
UBFC_PHYS_s17_T3_ctrl,70,211,77.03333333333333,-2.828151226043701,0.6326077746978163
UBFC_PHYS_s17_T3_ctrl,70,212,77.06666666666666,-2.975710868835449,0.7689178023458703
UBFC_PHYS_s17_T3_ctrl,70,213,77.1,-2.8691790103912354,0.8141216119459694
UBFC_PHYS_s17_T3_ctrl,70,214,77.13333333333334,-2.545029878616333,0.767338943377425
UBFC_PHYS_s17_T3_ctrl,70,215,77.16666666666667,-2.1377251148223877,0.6471562293206776
UBFC_PHYS_s17_T3_ctrl,70,216,77.2,-1.7483296394348145,0.48539254667743836
UBFC_PHYS_s17_T3_ctrl,70,217,77.23333333333333,-1.3828485012054443,0.31721151065705816
UBFC_PHYS_s17_T3_ctrl,70,218,77.26666666666667,-1.0551060438156128,0.17119598995734608
UBFC_PHYS_s17_T3_ctrl,70,219,77.3,-0.8082602024078369,0.06301008055558768
UBFC_PHYS_s17_T3_ctrl,70,220,77.33333333333333,-0.603484034538269,-0.00533407753671916
UBFC_PHYS_s17_T3_ctrl,70,221,77.36666666666666,-0.3641532063484192,-0.041109596004504326
UBFC_PHYS_s17_T3_ctrl,70,222,77.4,-0.11052995920181274,-0.054165363519377584
UBFC_PHYS_s17_T3_ctrl,70,223,77.43333333333334,0.08350055664777756,-0.0514892099312321
UBFC_PHYS_s17_T3_ctrl,70,224,77.46666666666667,0.21117253601551056,-0.0356505909778363
UBFC_PHYS_s17_T3_ctrl,70,225,77.5,0.2943284809589386,-0.007430864430669726
UBFC_PHYS_s17_T3_ctrl,70,226,77.53333333333333,0.30018123984336853,0.02943025848530206
UBFC_PHYS_s17_T3_ctrl,70,227,77.56666666666666,0.2095922976732254,0.0646678200769423
UBFC_PHYS_s17_T3_ctrl,70,228,77.6,0.09114425629377365,0.08180566976075698
UBFC_PHYS_s17_T3_ctrl,70,229,77.63333333333334,0.024200448766350746,0.06297185676761281
UBFC_PHYS_s17_T3_ctrl,70,230,77.66666666666667,-0.018325665965676308,-0.0036561217261519494
UBFC_PHYS_s17_T3_ctrl,70,231,77.7,-0.12155655026435852,-0.11721207001572125
UBFC_PHYS_s17_T3_ctrl,70,232,77.73333333333333,-0.24551787972450256,-0.2615239707196337
UBFC_PHYS_s17_T3_ctrl,70,233,77.76666666666667,-0.19291332364082336,-0.40795039134973027
UBFC_PHYS_s17_T3_ctrl,70,234,77.8,0.1280166059732437,-0.5227329158335179
UBFC_PHYS_s17_T3_ctrl,70,235,77.83333333333333,0.5404368042945862,-0.576175059413268
UBFC_PHYS_s17_T3_ctrl,70,236,77.86666666666666,0.8307334184646606,-0.550585890289624
UBFC_PHYS_s17_T3_ctrl,70,237,77.9,0.9539924263954163,-0.44476426446050665
UBFC_PHYS_s17_T3_ctrl,70,238,77.93333333333334,0.9636260271072388,-0.2741887618125741
UBFC_PHYS_s17_T3_ctrl,70,239,77.96666666666667,0.9030851721763611,-0.06743517698359602
UBFC_PHYS_s17_T3_ctrl,71,0,71.0,0.45340633392333984,0.06349640678913938
UBFC_PHYS_s17_T3_ctrl,71,1,71.03333333333333,0.5062801241874695,0.12267238898741081
UBFC_PHYS_s17_T3_ctrl,71,2,71.06666666666666,0.2694191634654999,0.15572227033880692
UBFC_PHYS_s17_T3_ctrl,71,3,71.1,-0.1561112105846405,0.14654880994165875
UBFC_PHYS_s17_T3_ctrl,71,4,71.13333333333334,-0.6441606879234314,0.09133755788385357
UBFC_PHYS_s17_T3_ctrl,71,5,71.16666666666667,-1.11794114112854,-0.0010571766173821779
UBFC_PHYS_s17_T3_ctrl,71,6,71.2,-1.5320820808410645,-0.11333434317857337
UBFC_PHYS_s17_T3_ctrl,71,7,71.23333333333333,-1.7917687892913818,-0.2267669344249994
UBFC_PHYS_s17_T3_ctrl,71,8,71.26666666666667,-1.7732272148132324,-0.3280328828658589
UBFC_PHYS_s17_T3_ctrl,71,9,71.3,-1.465922474861145,-0.41300713457096866
UBFC_PHYS_s17_T3_ctrl,71,10,71.33333333333333,-1.0077338218688965,-0.4860175248987401
UBFC_PHYS_s17_T3_ctrl,71,11,71.36666666666666,-0.5575750470161438,-0.5550386517332021
UBFC_PHYS_s17_T3_ctrl,71,12,71.4,-0.20334294438362122,-0.6250687145766274
UBFC_PHYS_s17_T3_ctrl,71,13,71.43333333333334,0.04146607220172882,-0.6927602910376925
UBFC_PHYS_s17_T3_ctrl,71,14,71.46666666666667,0.20104727149009705,-0.744874799897604
UBFC_PHYS_s17_T3_ctrl,71,15,71.5,0.29924479126930237,-0.7614818505641863
UBFC_PHYS_s17_T3_ctrl,71,16,71.53333333333333,0.36017197370529175,-0.7227194713662672
UBFC_PHYS_s17_T3_ctrl,71,17,71.56666666666666,0.4361875355243683,-0.6163785579741835
UBFC_PHYS_s17_T3_ctrl,71,18,71.6,0.5555251836776733,-0.4433162060813272
UBFC_PHYS_s17_T3_ctrl,71,19,71.63333333333334,0.6610035300254822,-0.21870431358533055
UBFC_PHYS_s17_T3_ctrl,71,20,71.66666666666667,0.6829513907432556,0.031202688593091076
UBFC_PHYS_s17_T3_ctrl,71,21,71.7,0.6416309475898743,0.27550786902125507
UBFC_PHYS_s17_T3_ctrl,71,22,71.73333333333333,0.5985897779464722,0.48611386583861255
UBFC_PHYS_s17_T3_ctrl,71,23,71.76666666666667,0.5334017872810364,0.6437793994728802
UBFC_PHYS_s17_T3_ctrl,71,24,71.8,0.2762083411216736,0.7408983258744922
UBFC_PHYS_s17_T3_ctrl,71,25,71.83333333333333,-0.324834406375885,0.7803494601069334
UBFC_PHYS_s17_T3_ctrl,71,26,71.86666666666666,-1.1022323369979858,0.7714590311436594
UBFC_PHYS_s17_T3_ctrl,71,27,71.9,-1.5949054956436157,0.7252214734544976
UBFC_PHYS_s17_T3_ctrl,71,28,71.93333333333334,-1.4944020509719849,0.6506966392137304
UBFC_PHYS_s17_T3_ctrl,71,29,71.96666666666667,-0.912848949432373,0.553461663691645
UBFC_PHYS_s17_T3_ctrl,71,30,72.0,-0.19888313114643097,0.43605079840098776
UBFC_PHYS_s17_T3_ctrl,71,31,72.03333333333333,0.33131787180900574,0.2997758755649758
UBFC_PHYS_s17_T3_ctrl,71,32,72.06666666666666,0.5541673302650452,0.14712261158383458
UBFC_PHYS_s17_T3_ctrl,71,33,72.1,0.5250440239906311,-0.015985528706897317
UBFC_PHYS_s17_T3_ctrl,71,34,72.13333333333334,0.40005263686180115,-0.17852028924825508
UBFC_PHYS_s17_T3_ctrl,71,35,72.16666666666667,0.3171542286872864,-0.32368715303625384
UBFC_PHYS_s17_T3_ctrl,71,36,72.2,0.31891003251075745,-0.42990287868600097
UBFC_PHYS_s17_T3_ctrl,71,37,72.23333333333333,0.37719178199768066,-0.47407837844437134
UBFC_PHYS_s17_T3_ctrl,71,38,72.26666666666667,0.4254535734653473,-0.4372547876072083
UBFC_PHYS_s17_T3_ctrl,71,39,72.3,0.39283034205436707,-0.3115158565718204
UBFC_PHYS_s17_T3_ctrl,71,40,72.33333333333333,0.34097492694854736,-0.10600081952213637
UBFC_PHYS_s17_T3_ctrl,71,41,72.36666666666666,0.41291698813438416,0.15068432803365062
UBFC_PHYS_s17_T3_ctrl,71,42,72.4,0.5951717495918274,0.4138403996005584
UBFC_PHYS_s17_T3_ctrl,71,43,72.43333333333334,0.7356027364730835,0.6321753622004199
UBFC_PHYS_s17_T3_ctrl,71,44,72.46666666666667,0.7541911005973816,0.7610392593647011
UBFC_PHYS_s17_T3_ctrl,71,45,72.5,0.6361878514289856,0.7747948143487072
UBFC_PHYS_s17_T3_ctrl,71,46,72.53333333333333,0.40183186531066895,0.6734791002232257
UBFC_PHYS_s17_T3_ctrl,71,47,72.56666666666666,0.21810220181941986,0.48102248777860446
UBFC_PHYS_s17_T3_ctrl,71,48,72.6,0.22363890707492828,0.23591201059296893
UBFC_PHYS_s17_T3_ctrl,71,49,72.63333333333334,0.30870282649993896,-0.021583238882708553
UBFC_PHYS_s17_T3_ctrl,71,50,72.66666666666667,0.28379350900650024,-0.2603893418320568
UBFC_PHYS_s17_T3_ctrl,71,51,72.7,0.12875404953956604,-0.4639289379238824
UBFC_PHYS_s17_T3_ctrl,71,52,72.73333333333333,-0.08960051089525223,-0.628815275244996
UBFC_PHYS_s17_T3_ctrl,71,53,72.76666666666667,-0.35971683263778687,-0.7589083126902132
UBFC_PHYS_s17_T3_ctrl,71,54,72.8,-0.6695850491523743,-0.8581825861479201
UBFC_PHYS_s17_T3_ctrl,71,55,72.83333333333333,-0.990351140499115,-0.9256776406033271
UBFC_PHYS_s17_T3_ctrl,71,56,72.86666666666666,-1.3226704597473145,-0.9544617577101908
UBFC_PHYS_s17_T3_ctrl,71,57,72.9,-1.6287930011749268,-0.9346702257391886
UBFC_PHYS_s17_T3_ctrl,71,58,72.93333333333334,-1.840557336807251,-0.8589241846673771
UBFC_PHYS_s17_T3_ctrl,71,59,72.96666666666667,-1.9952105283737183,-0.7273864506857991
UBFC_PHYS_s17_T3_ctrl,71,60,73.0,-2.175241231918335,-0.5498116174498331
UBFC_PHYS_s17_T3_ctrl,71,61,73.03333333333333,-2.286572217941284,-0.3434009739907241
UBFC_PHYS_s17_T3_ctrl,71,62,73.06666666666666,-2.1755573749542236,-0.1275630001003631
UBFC_PHYS_s17_T3_ctrl,71,63,73.1,-1.9149575233459473,0.0816704848106214
UBFC_PHYS_s17_T3_ctrl,71,64,73.13333333333334,-1.6464916467666626,0.27493932103413127
UBFC_PHYS_s17_T3_ctrl,71,65,73.16666666666667,-1.3005471229553223,0.449384334450123
UBFC_PHYS_s17_T3_ctrl,71,66,73.2,-0.774969756603241,0.6055125684802561
UBFC_PHYS_s17_T3_ctrl,71,67,73.23333333333333,-0.20770908892154694,0.7427692581659671
UBFC_PHYS_s17_T3_ctrl,71,68,73.26666666666667,0.19862423837184906,0.8558500688375829
UBFC_PHYS_s17_T3_ctrl,71,69,73.3,0.42130982875823975,0.933351751318172
UBFC_PHYS_s17_T3_ctrl,71,70,73.33333333333333,0.5206544995307922,0.9593925554529994
UBFC_PHYS_s17_T3_ctrl,71,71,73.36666666666666,0.5398749113082886,0.9177672988724881
UBFC_PHYS_s17_T3_ctrl,71,72,73.4,0.5306627154350281,0.7973923515944008
UBFC_PHYS_s17_T3_ctrl,71,73,73.43333333333334,0.5240022540092468,0.5973364837072453
UBFC_PHYS_s17_T3_ctrl,71,74,73.46666666666667,0.5033420324325562,0.3296953111179304
UBFC_PHYS_s17_T3_ctrl,71,75,73.5,0.46218547224998474,0.01920770613614796
UBFC_PHYS_s17_T3_ctrl,71,76,73.53333333333333,0.42376798391342163,-0.3002176462494309
UBFC_PHYS_s17_T3_ctrl,71,77,73.56666666666666,0.34962528944015503,-0.5907655344660575
UBFC_PHYS_s17_T3_ctrl,71,78,73.6,0.16313312947750092,-0.8162215316778481
UBFC_PHYS_s17_T3_ctrl,71,79,73.63333333333334,-0.08408721536397934,-0.9468050695870791
UBFC_PHYS_s17_T3_ctrl,71,80,73.66666666666667,-0.23476052284240723,-0.9632808744929047
UBFC_PHYS_s17_T3_ctrl,71,81,73.7,-0.24997767806053162,-0.8605404578392617
UBFC_PHYS_s17_T3_ctrl,71,82,73.73333333333333,-0.263275146484375,-0.6501432846899861
UBFC_PHYS_s17_T3_ctrl,71,83,73.76666666666667,-0.4153765141963959,-0.3604942689808577
UBFC_PHYS_s17_T3_ctrl,71,84,73.8,-0.6349952816963196,-0.033416185163503385
UBFC_PHYS_s17_T3_ctrl,71,85,73.83333333333333,-0.5693625211715698,0.28301517483138733
UBFC_PHYS_s17_T3_ctrl,71,86,73.86666666666666,-0.058604322373867035,0.5439416662405927
UBFC_PHYS_s17_T3_ctrl,71,87,73.9,0.4236977696418762,0.7168969399077045
UBFC_PHYS_s17_T3_ctrl,71,88,73.93333333333334,0.3560281991958618,0.7879331653548302
UBFC_PHYS_s17_T3_ctrl,71,89,73.96666666666667,-0.09231618791818619,0.7628102504364723
UBFC_PHYS_s17_T3_ctrl,71,90,74.0,-0.498075932264328,0.6628738746180167
UBFC_PHYS_s17_T3_ctrl,71,91,74.03333333333333,-0.7846150994300842,0.5170898942631019
UBFC_PHYS_s17_T3_ctrl,71,92,74.06666666666666,-0.9404505491256714,0.3532779437714011
UBFC_PHYS_s17_T3_ctrl,71,93,74.1,-0.8522261381149292,0.1918645751699489
UBFC_PHYS_s17_T3_ctrl,71,94,74.13333333333334,-0.6064689755439758,0.04400264445822054
UBFC_PHYS_s17_T3_ctrl,71,95,74.16666666666667,-0.4217560291290283,-0.0863348202335503
UBFC_PHYS_s17_T3_ctrl,71,96,74.2,-0.35947102308273315,-0.19829371560027803
UBFC_PHYS_s17_T3_ctrl,71,97,74.23333333333333,-0.3455882668495178,-0.2904849579197743
UBFC_PHYS_s17_T3_ctrl,71,98,74.26666666666667,-0.3660378158092499,-0.35934806828746424
UBFC_PHYS_s17_T3_ctrl,71,99,74.3,-0.477392315864563,-0.39983945462847126
UBFC_PHYS_s17_T3_ctrl,71,100,74.33333333333333,-0.6672205328941345,-0.4076162811563334
UBFC_PHYS_s17_T3_ctrl,71,101,74.36666666666666,-0.8712124228477478,-0.38138689983145696
UBFC_PHYS_s17_T3_ctrl,71,102,74.4,-1.0629603862762451,-0.3243162461966985
UBFC_PHYS_s17_T3_ctrl,71,103,74.43333333333334,-1.165231466293335,-0.24398745077608067
UBFC_PHYS_s17_T3_ctrl,71,104,74.46666666666667,-1.0109761953353882,-0.15102013997080843
UBFC_PHYS_s17_T3_ctrl,71,105,74.5,-0.5707671642303467,-0.056851500140309805
UBFC_PHYS_s17_T3_ctrl,71,106,74.53333333333333,-0.06788679212331772,0.028611585915347994
UBFC_PHYS_s17_T3_ctrl,71,107,74.56666666666666,0.2913084626197815,0.09873019225111093
UBFC_PHYS_s17_T3_ctrl,71,108,74.6,0.504746675491333,0.15068223322234323
UBFC_PHYS_s17_T3_ctrl,71,109,74.63333333333334,0.621052622795105,0.18471286877997065
UBFC_PHYS_s17_T3_ctrl,71,110,74.66666666666667,0.6419820785522461,0.20265919207754782
UBFC_PHYS_s17_T3_ctrl,71,111,74.7,0.6094290614128113,0.20668093142022853
UBFC_PHYS_s17_T3_ctrl,71,112,74.73333333333333,0.6183018684387207,0.19877525220591455
UBFC_PHYS_s17_T3_ctrl,71,113,74.76666666666667,0.695253849029541,0.18089426855268406
UBFC_PHYS_s17_T3_ctrl,71,114,74.8,0.7642227411270142,0.15493912025874929
UBFC_PHYS_s17_T3_ctrl,71,115,74.83333333333333,0.7442882061004639,0.12200497392363453
UBFC_PHYS_s17_T3_ctrl,71,116,74.86666666666666,0.619554340839386,0.08097789996940631
UBFC_PHYS_s17_T3_ctrl,71,117,74.9,0.4399215877056122,0.027377693289277256
UBFC_PHYS_s17_T3_ctrl,71,118,74.93333333333334,0.25344112515449524,-0.04639593885120973
UBFC_PHYS_s17_T3_ctrl,71,119,74.96666666666667,0.036737047135829926,-0.1486389804451656
UBFC_PHYS_s17_T3_ctrl,71,120,75.0,-0.26630687713623047,-0.2838238008571714
UBFC_PHYS_s17_T3_ctrl,71,121,75.03333333333333,-0.6193450093269348,-0.44721908727431015
UBFC_PHYS_s17_T3_ctrl,71,122,75.06666666666666,-0.8374303579330444,-0.6209207336409791
UBFC_PHYS_s17_T3_ctrl,71,123,75.1,-0.741468608379364,-0.7737392826583832
UBFC_PHYS_s17_T3_ctrl,71,124,75.13333333333334,-0.3518858551979065,-0.8662769478493275
UBFC_PHYS_s17_T3_ctrl,71,125,75.16666666666667,0.14022545516490936,-0.8606312005131306
UBFC_PHYS_s17_T3_ctrl,71,126,75.2,0.5889912247657776,-0.7323179249269355
UBFC_PHYS_s17_T3_ctrl,71,127,75.23333333333333,0.9523887634277344,-0.48069961105694897
UBFC_PHYS_s17_T3_ctrl,71,128,75.26666666666667,1.1855156421661377,-0.13384159629882186
UBFC_PHYS_s17_T3_ctrl,71,129,75.3,1.2532905340194702,0.2551178106574285
UBFC_PHYS_s17_T3_ctrl,71,130,75.33333333333333,1.2108697891235352,0.6201736863073719
UBFC_PHYS_s17_T3_ctrl,71,131,75.36666666666666,1.1731663942337036,0.8997090543947568
UBFC_PHYS_s17_T3_ctrl,71,132,75.4,1.226075291633606,1.0525461671532041
UBFC_PHYS_s17_T3_ctrl,71,133,75.43333333333334,1.3210654258728027,1.06669601790487
UBFC_PHYS_s17_T3_ctrl,71,134,75.46666666666667,1.2900810241699219,0.9582057470518939
UBFC_PHYS_s17_T3_ctrl,71,135,75.5,1.0589908361434937,0.7619756634518761
UBFC_PHYS_s17_T3_ctrl,71,136,75.53333333333333,0.78646320104599,0.5191056817565506
UBFC_PHYS_s17_T3_ctrl,71,137,75.56666666666666,0.6844730973243713,0.2656351075420711
UBFC_PHYS_s17_T3_ctrl,71,138,75.6,0.7932289838790894,0.026168551508490692
UBFC_PHYS_s17_T3_ctrl,71,139,75.63333333333334,0.9601495265960693,-0.18642453831256786
UBFC_PHYS_s17_T3_ctrl,71,140,75.66666666666667,0.9703801274299622,-0.36652038109986607
UBFC_PHYS_s17_T3_ctrl,71,141,75.7,0.7819565534591675,-0.5094924031695253
UBFC_PHYS_s17_T3_ctrl,71,142,75.73333333333333,0.6315524578094482,-0.6071099747203348
UBFC_PHYS_s17_T3_ctrl,71,143,75.76666666666667,0.7563214898109436,-0.6469004195464669
UBFC_PHYS_s17_T3_ctrl,71,144,75.8,1.0538287162780762,-0.6157511834294647
UBFC_PHYS_s17_T3_ctrl,71,145,75.83333333333333,1.2641884088516235,-0.5060632480923589
UBFC_PHYS_s17_T3_ctrl,71,146,75.86666666666666,1.3051928281784058,-0.3217450504546366
UBFC_PHYS_s17_T3_ctrl,71,147,75.9,1.2283577919006348,-0.08139283642500918
UBFC_PHYS_s17_T3_ctrl,71,148,75.93333333333334,1.073294997215271,0.1830992751738311
UBFC_PHYS_s17_T3_ctrl,71,149,75.96666666666667,0.8798965811729431,0.4326910413418694
UBFC_PHYS_s17_T3_ctrl,71,150,76.0,0.6992220282554626,0.6304147531746708
UBFC_PHYS_s17_T3_ctrl,71,151,76.03333333333333,0.5901618003845215,0.7505019786615519
UBFC_PHYS_s17_T3_ctrl,71,152,76.06666666666666,0.6423566341400146,0.7840036553633601
UBFC_PHYS_s17_T3_ctrl,71,153,76.1,0.9041972160339355,0.7388382872301253
UBFC_PHYS_s17_T3_ctrl,71,154,76.13333333333334,1.294213056564331,0.6347155162036158
UBFC_PHYS_s17_T3_ctrl,71,155,76.16666666666667,1.6577861309051514,0.4955870641885929
UBFC_PHYS_s17_T3_ctrl,71,156,76.2,1.8618600368499756,0.34286746876758084
UBFC_PHYS_s17_T3_ctrl,71,157,76.23333333333333,1.8372433185577393,0.19164009619081832
UBFC_PHYS_s17_T3_ctrl,71,158,76.26666666666667,1.5965780019760132,0.050284402620745766
UBFC_PHYS_s17_T3_ctrl,71,159,76.3,1.2027578353881836,-0.0775524056843244
UBFC_PHYS_s17_T3_ctrl,71,160,76.33333333333333,0.7071817517280579,-0.1903055799258385
UBFC_PHYS_s17_T3_ctrl,71,161,76.36666666666666,0.2089836150407791,-0.286552252702194
UBFC_PHYS_s17_T3_ctrl,71,162,76.4,-0.09486798942089081,-0.36445426087252203
UBFC_PHYS_s17_T3_ctrl,71,163,76.43333333333334,-0.08139494806528091,-0.42248715693648925
UBFC_PHYS_s17_T3_ctrl,71,164,76.46666666666667,0.13844621181488037,-0.4607880957388427
UBFC_PHYS_s17_T3_ctrl,71,165,76.5,0.3556068241596222,-0.4822419622686388
UBFC_PHYS_s17_T3_ctrl,71,166,76.53333333333333,0.47447624802589417,-0.4925873571558869
UBFC_PHYS_s17_T3_ctrl,71,167,76.56666666666666,0.5141813158988953,-0.49924420792189933
UBFC_PHYS_s17_T3_ctrl,71,168,76.6,0.4983906149864197,-0.5090694262043476
UBFC_PHYS_s17_T3_ctrl,71,169,76.63333333333334,0.45309028029441833,-0.525687801122847
UBFC_PHYS_s17_T3_ctrl,71,170,76.66666666666667,0.4181727468967438,-0.5472918179284052
UBFC_PHYS_s17_T3_ctrl,71,171,76.7,0.41874632239341736,-0.5657353402549764
UBFC_PHYS_s17_T3_ctrl,71,172,76.73333333333333,0.42187169194221497,-0.5673863291296435
UBFC_PHYS_s17_T3_ctrl,71,173,76.76666666666667,0.3550800681114197,-0.535818151643001
UBFC_PHYS_s17_T3_ctrl,71,174,76.8,0.19589684903621674,-0.4561396203085842
UBFC_PHYS_s17_T3_ctrl,71,175,76.83333333333333,-0.0321381650865078,-0.32029077662160776
UBFC_PHYS_s17_T3_ctrl,71,176,76.86666666666666,-0.35865163803100586,-0.1318383093910678
UBFC_PHYS_s17_T3_ctrl,71,177,76.9,-0.8353350758552551,0.09172953652216953
UBFC_PHYS_s17_T3_ctrl,71,178,76.93333333333334,-1.4203529357910156,0.32079874716060897
UBFC_PHYS_s17_T3_ctrl,71,179,76.96666666666667,-1.9979262351989746,0.5196515072026922
UBFC_PHYS_s17_T3_ctrl,71,180,77.0,-2.483213186264038,0.6549838224015676
UBFC_PHYS_s17_T3_ctrl,71,181,77.03333333333333,-2.828151226043701,0.7041541043216893
UBFC_PHYS_s17_T3_ctrl,71,182,77.06666666666666,-2.975710868835449,0.660869235136836
UBFC_PHYS_s17_T3_ctrl,71,183,77.1,-2.8691790103912354,0.5371228363986223
UBFC_PHYS_s17_T3_ctrl,71,184,77.13333333333334,-2.545029878616333,0.3609374526691968
UBFC_PHYS_s17_T3_ctrl,71,185,77.16666666666667,-2.1377251148223877,0.1700786461815649
UBFC_PHYS_s17_T3_ctrl,71,186,77.2,-1.7483296394348145,0.0029477031297478217
UBFC_PHYS_s17_T3_ctrl,71,187,77.23333333333333,-1.3828485012054443,-0.11095465055532275
UBFC_PHYS_s17_T3_ctrl,71,188,77.26666666666667,-1.0551060438156128,-0.15798678733497382
UBFC_PHYS_s17_T3_ctrl,71,189,77.3,-0.8082602024078369,-0.14225639875952556
UBFC_PHYS_s17_T3_ctrl,71,190,77.33333333333333,-0.603484034538269,-0.08167848774829975
UBFC_PHYS_s17_T3_ctrl,71,191,77.36666666666666,-0.3641532063484192,0.00022253117294113514
UBFC_PHYS_s17_T3_ctrl,71,192,77.4,-0.11052995920181274,0.08327905968502558
UBFC_PHYS_s17_T3_ctrl,71,193,77.43333333333334,0.08350055664777756,0.15653317334607172
UBFC_PHYS_s17_T3_ctrl,71,194,77.46666666666667,0.21117253601551056,0.21864509485234226
UBFC_PHYS_s17_T3_ctrl,71,195,77.5,0.2943284809589386,0.2732604777697106
UBFC_PHYS_s17_T3_ctrl,71,196,77.53333333333333,0.30018123984336853,0.32225298660216223
UBFC_PHYS_s17_T3_ctrl,71,197,77.56666666666666,0.2095922976732254,0.3607568134548243
UBFC_PHYS_s17_T3_ctrl,71,198,77.6,0.09114425629377365,0.3768447082925826
UBFC_PHYS_s17_T3_ctrl,71,199,77.63333333333334,0.024200448766350746,0.35621314012818034
UBFC_PHYS_s17_T3_ctrl,71,200,77.66666666666667,-0.018325665965676308,0.28959991280213726
UBFC_PHYS_s17_T3_ctrl,71,201,77.7,-0.12155655026435852,0.1791550579476676
UBFC_PHYS_s17_T3_ctrl,71,202,77.73333333333333,-0.24551787972450256,0.04035533703354296
UBFC_PHYS_s17_T3_ctrl,71,203,77.76666666666667,-0.19291332364082336,-0.10185224128410275
UBFC_PHYS_s17_T3_ctrl,71,204,77.8,0.1280166059732437,-0.22116421640866998
UBFC_PHYS_s17_T3_ctrl,71,205,77.83333333333333,0.5404368042945862,-0.2987522290092925
UBFC_PHYS_s17_T3_ctrl,71,206,77.86666666666666,0.8307334184646606,-0.3291219242276223
UBFC_PHYS_s17_T3_ctrl,71,207,77.9,0.9539924263954163,-0.32079178698994026
UBFC_PHYS_s17_T3_ctrl,71,208,77.93333333333334,0.9636260271072388,-0.29175983040698455
UBFC_PHYS_s17_T3_ctrl,71,209,77.96666666666667,0.9030851721763611,-0.2617506953715638
UBFC_PHYS_s17_T3_ctrl,71,210,78.0,0.8333671689033508,-0.24443589340075875
UBFC_PHYS_s17_T3_ctrl,71,211,78.03333333333333,0.8256531953811646,-0.2426875422946801
UBFC_PHYS_s17_T3_ctrl,71,212,78.06666666666666,0.8715271353721619,-0.2484753882806201
UBFC_PHYS_s17_T3_ctrl,71,213,78.1,0.9157856702804565,-0.24701749997014968
UBFC_PHYS_s17_T3_ctrl,71,214,78.13333333333334,0.9383187294006348,-0.22320646166750874
UBFC_PHYS_s17_T3_ctrl,71,215,78.16666666666667,0.9379558563232422,-0.1677043033208568
UBFC_PHYS_s17_T3_ctrl,71,216,78.2,0.8833730816841125,-0.08051115080580475
UBFC_PHYS_s17_T3_ctrl,71,217,78.23333333333333,0.7427197098731995,0.029041540984376623
UBFC_PHYS_s17_T3_ctrl,71,218,78.26666666666667,0.5421223640441895,0.14552502559208977
UBFC_PHYS_s17_T3_ctrl,71,219,78.3,0.3412441611289978,0.25231976622409164
UBFC_PHYS_s17_T3_ctrl,71,220,78.33333333333333,0.1430933028459549,0.3360472896600195
UBFC_PHYS_s17_T3_ctrl,71,221,78.36666666666666,-0.07975617796182632,0.3888189116122874
UBFC_PHYS_s17_T3_ctrl,71,222,78.4,-0.2560528516769409,0.4079587849760468
UBFC_PHYS_s17_T3_ctrl,71,223,78.43333333333334,-0.2581130266189575,0.39417445598242395
UBFC_PHYS_s17_T3_ctrl,71,224,78.46666666666667,-0.09567566961050034,0.34953915331712226
UBFC_PHYS_s17_T3_ctrl,71,225,78.5,0.08240024000406265,0.276270210323861
UBFC_PHYS_s17_T3_ctrl,71,226,78.53333333333333,0.1717717945575714,0.17671063426749747
UBFC_PHYS_s17_T3_ctrl,71,227,78.56666666666666,0.17382025718688965,0.05439279916457989
UBFC_PHYS_s17_T3_ctrl,71,228,78.6,0.11094997078180313,-0.08437889442848694
UBFC_PHYS_s17_T3_ctrl,71,229,78.63333333333334,0.019494833424687386,-0.22929523727772846
UBFC_PHYS_s17_T3_ctrl,71,230,78.66666666666667,-0.04085877165198326,-0.36608451253334834
UBFC_PHYS_s17_T3_ctrl,71,231,78.7,-0.03667990490794182,-0.4783881557525324
UBFC_PHYS_s17_T3_ctrl,71,232,78.73333333333333,0.009299335069954395,-0.5512345189937731
UBFC_PHYS_s17_T3_ctrl,71,233,78.76666666666667,0.0651814341545105,-0.5750115178349661
UBFC_PHYS_s17_T3_ctrl,71,234,78.8,0.118816077709198,-0.5483629867783117
UBFC_PHYS_s17_T3_ctrl,71,235,78.83333333333333,0.1538623720407486,-0.4786006548934548
UBFC_PHYS_s17_T3_ctrl,71,236,78.86666666666666,0.16156458854675293,-0.37906826305580993
UBFC_PHYS_s17_T3_ctrl,71,237,78.9,0.1773202121257782,-0.26425636750438064
UBFC_PHYS_s17_T3_ctrl,71,238,78.93333333333334,0.23478254675865173,-0.14483373379219416
UBFC_PHYS_s17_T3_ctrl,71,239,78.96666666666667,0.288066029548645,-0.025243209271098743
UBFC_PHYS_s17_T3_ctrl,72,0,72.0,-0.19888313114643097,-0.0025995067061700943
UBFC_PHYS_s17_T3_ctrl,72,1,72.03333333333333,0.33131787180900574,0.1691519988034522
UBFC_PHYS_s17_T3_ctrl,72,2,72.06666666666666,0.5541673302650452,0.31540908537064544
UBFC_PHYS_s17_T3_ctrl,72,3,72.1,0.5250440239906311,0.413056903510757
UBFC_PHYS_s17_T3_ctrl,72,4,72.13333333333334,0.40005263686180115,0.4477049736289051
UBFC_PHYS_s17_T3_ctrl,72,5,72.16666666666667,0.3171542286872864,0.41822238030218434
UBFC_PHYS_s17_T3_ctrl,72,6,72.2,0.31891003251075745,0.3395377008515843
UBFC_PHYS_s17_T3_ctrl,72,7,72.23333333333333,0.37719178199768066,0.24158378812541959
UBFC_PHYS_s17_T3_ctrl,72,8,72.26666666666667,0.4254535734653473,0.16293362115790316
UBFC_PHYS_s17_T3_ctrl,72,9,72.3,0.39283034205436707,0.1396568786471907
UBFC_PHYS_s17_T3_ctrl,72,10,72.33333333333333,0.34097492694854736,0.19264944761149264
UBFC_PHYS_s17_T3_ctrl,72,11,72.36666666666666,0.41291698813438416,0.3184239043237826
UBFC_PHYS_s17_T3_ctrl,72,12,72.4,0.5951717495918274,0.48766519804240743
UBFC_PHYS_s17_T3_ctrl,72,13,72.43333333333334,0.7356027364730835,0.6530161712457709
UBFC_PHYS_s17_T3_ctrl,72,14,72.46666666666667,0.7541911005973816,0.7638784509083337
UBFC_PHYS_s17_T3_ctrl,72,15,72.5,0.6361878514289856,0.7829047205385649
UBFC_PHYS_s17_T3_ctrl,72,16,72.53333333333333,0.40183186531066895,0.6976678279969124
UBFC_PHYS_s17_T3_ctrl,72,17,72.56666666666666,0.21810220181941986,0.522819324474041
UBFC_PHYS_s17_T3_ctrl,72,18,72.6,0.22363890707492828,0.29250464110080926
UBFC_PHYS_s17_T3_ctrl,72,19,72.63333333333334,0.30870282649993896,0.04721330958351644
UBFC_PHYS_s17_T3_ctrl,72,20,72.66666666666667,0.28379350900650024,-0.17903257410129517
UBFC_PHYS_s17_T3_ctrl,72,21,72.7,0.12875404953956604,-0.36652867031459285
UBFC_PHYS_s17_T3_ctrl,72,22,72.73333333333333,-0.08960051089525223,-0.5111156315366622
UBFC_PHYS_s17_T3_ctrl,72,23,72.76666666666667,-0.35971683263778687,-0.6200112620345009
UBFC_PHYS_s17_T3_ctrl,72,24,72.8,-0.6695850491523743,-0.7050310867370619
UBFC_PHYS_s17_T3_ctrl,72,25,72.83333333333333,-0.990351140499115,-0.7760834969410997
UBFC_PHYS_s17_T3_ctrl,72,26,72.86666666666666,-1.3226704597473145,-0.83700477963987
UBFC_PHYS_s17_T3_ctrl,72,27,72.9,-1.6287930011749268,-0.8845534605321267
UBFC_PHYS_s17_T3_ctrl,72,28,72.93333333333334,-1.840557336807251,-0.9101391044287007
UBFC_PHYS_s17_T3_ctrl,72,29,72.96666666666667,-1.9952105283737183,-0.9030236454915413
UBFC_PHYS_s17_T3_ctrl,72,30,73.0,-2.175241231918335,-0.8535518115003015
UBFC_PHYS_s17_T3_ctrl,72,31,73.03333333333333,-2.286572217941284,-0.7554361798135872
UBFC_PHYS_s17_T3_ctrl,72,32,73.06666666666666,-2.1755573749542236,-0.6069436038352328
UBFC_PHYS_s17_T3_ctrl,72,33,73.1,-1.9149575233459473,-0.41145367369348673
UBFC_PHYS_s17_T3_ctrl,72,34,73.13333333333334,-1.6464916467666626,-0.17788054529060626
UBFC_PHYS_s17_T3_ctrl,72,35,73.16666666666667,-1.3005471229553223,0.07905794995063203
UBFC_PHYS_s17_T3_ctrl,72,36,73.2,-0.774969756603241,0.3393195440159781
UBFC_PHYS_s17_T3_ctrl,72,37,73.23333333333333,-0.20770908892154694,0.5794217432607465
UBFC_PHYS_s17_T3_ctrl,72,38,73.26666666666667,0.19862423837184906,0.7757219578131083
UBFC_PHYS_s17_T3_ctrl,72,39,73.3,0.42130982875823975,0.9082370557273595
UBFC_PHYS_s17_T3_ctrl,72,40,73.33333333333333,0.5206544995307922,0.9638129708948139
UBFC_PHYS_s17_T3_ctrl,72,41,73.36666666666666,0.5398749113082886,0.9378205098703859
UBFC_PHYS_s17_T3_ctrl,72,42,73.4,0.5306627154350281,0.8343166910097481
UBFC_PHYS_s17_T3_ctrl,72,43,73.43333333333334,0.5240022540092468,0.6651930573045993
UBFC_PHYS_s17_T3_ctrl,72,44,73.46666666666667,0.5033420324325562,0.4488461681180639
UBFC_PHYS_s17_T3_ctrl,72,45,73.5,0.46218547224998474,0.20854086056645776
UBFC_PHYS_s17_T3_ctrl,72,46,73.53333333333333,0.42376798391342163,-0.029666883381053624
UBFC_PHYS_s17_T3_ctrl,72,47,73.56666666666666,0.34962528944015503,-0.23955368273694808
UBFC_PHYS_s17_T3_ctrl,72,48,73.6,0.16313312947750092,-0.3976960853365432
UBFC_PHYS_s17_T3_ctrl,72,49,73.63333333333334,-0.08408721536397934,-0.48636762001338474
UBFC_PHYS_s17_T3_ctrl,72,50,73.66666666666667,-0.23476052284240723,-0.49605944954966147
UBFC_PHYS_s17_T3_ctrl,72,51,73.7,-0.24997767806053162,-0.42738443853296976
UBFC_PHYS_s17_T3_ctrl,72,52,73.73333333333333,-0.263275146484375,-0.29187495749319375
UBFC_PHYS_s17_T3_ctrl,72,53,73.76666666666667,-0.4153765141963959,-0.11105604586272734
UBFC_PHYS_s17_T3_ctrl,72,54,73.8,-0.6349952816963196,0.08642299074094993
UBFC_PHYS_s17_T3_ctrl,72,55,73.83333333333333,-0.5693625211715698,0.26923887742601843
UBFC_PHYS_s17_T3_ctrl,72,56,73.86666666666666,-0.058604322373867035,0.4087531993214538
UBFC_PHYS_s17_T3_ctrl,72,57,73.9,0.4236977696418762,0.4843697557111672
UBFC_PHYS_s17_T3_ctrl,72,58,73.93333333333334,0.3560281991958618,0.48761670657203454
UBFC_PHYS_s17_T3_ctrl,72,59,73.96666666666667,-0.09231618791818619,0.4235696016134482
UBFC_PHYS_s17_T3_ctrl,72,60,74.0,-0.498075932264328,0.30883012339742755
UBFC_PHYS_s17_T3_ctrl,72,61,74.03333333333333,-0.7846150994300842,0.16653036976459828
UBFC_PHYS_s17_T3_ctrl,72,62,74.06666666666666,-0.9404505491256714,0.020161644610990688
UBFC_PHYS_s17_T3_ctrl,72,63,74.1,-0.8522261381149292,-0.1114935948606574
UBFC_PHYS_s17_T3_ctrl,72,64,74.13333333333334,-0.6064689755439758,-0.2168531401006989
UBFC_PHYS_s17_T3_ctrl,72,65,74.16666666666667,-0.4217560291290283,-0.2913459558593242
UBFC_PHYS_s17_T3_ctrl,72,66,74.2,-0.35947102308273315,-0.3354131486761129
UBFC_PHYS_s17_T3_ctrl,72,67,74.23333333333333,-0.3455882668495178,-0.3519263653990943
UBFC_PHYS_s17_T3_ctrl,72,68,74.26666666666667,-0.3660378158092499,-0.3441606875390007
UBFC_PHYS_s17_T3_ctrl,72,69,74.3,-0.477392315864563,-0.3149981150197701
UBFC_PHYS_s17_T3_ctrl,72,70,74.33333333333333,-0.6672205328941345,-0.26732804264723087
UBFC_PHYS_s17_T3_ctrl,72,71,74.36666666666666,-0.8712124228477478,-0.20497867340206896
UBFC_PHYS_s17_T3_ctrl,72,72,74.4,-1.0629603862762451,-0.13328927354863412
UBFC_PHYS_s17_T3_ctrl,72,73,74.43333333333334,-1.165231466293335,-0.058744665421642854
UBFC_PHYS_s17_T3_ctrl,72,74,74.46666666666667,-1.0109761953353882,0.01223639963183944
UBFC_PHYS_s17_T3_ctrl,72,75,74.5,-0.5707671642303467,0.0747166266880309
UBFC_PHYS_s17_T3_ctrl,72,76,74.53333333333333,-0.06788679212331772,0.12614973027177329
UBFC_PHYS_s17_T3_ctrl,72,77,74.56666666666666,0.2913084626197815,0.16637235142221599
UBFC_PHYS_s17_T3_ctrl,72,78,74.6,0.504746675491333,0.19665568715655105
UBFC_PHYS_s17_T3_ctrl,72,79,74.63333333333334,0.621052622795105,0.21821446764506522
UBFC_PHYS_s17_T3_ctrl,72,80,74.66666666666667,0.6419820785522461,0.23093966863138302
UBFC_PHYS_s17_T3_ctrl,72,81,74.7,0.6094290614128113,0.23310622483250876
UBFC_PHYS_s17_T3_ctrl,72,82,74.73333333333333,0.6183018684387207,0.2222353655193251
UBFC_PHYS_s17_T3_ctrl,72,83,74.76666666666667,0.695253849029541,0.19651796495161028
UBFC_PHYS_s17_T3_ctrl,72,84,74.8,0.7642227411270142,0.1557778965104195
UBFC_PHYS_s17_T3_ctrl,72,85,74.83333333333333,0.7442882061004639,0.10119722686025655
UBFC_PHYS_s17_T3_ctrl,72,86,74.86666666666666,0.619554340839386,0.03385796113782471
UBFC_PHYS_s17_T3_ctrl,72,87,74.9,0.4399215877056122,-0.04694770777093638
UBFC_PHYS_s17_T3_ctrl,72,88,74.93333333333334,0.25344112515449524,-0.14430621694152798
UBFC_PHYS_s17_T3_ctrl,72,89,74.96666666666667,0.036737047135829926,-0.2621980836211983
UBFC_PHYS_s17_T3_ctrl,72,90,75.0,-0.26630687713623047,-0.40192312192967883
UBFC_PHYS_s17_T3_ctrl,72,91,75.03333333333333,-0.6193450093269348,-0.5575584645931568
UBFC_PHYS_s17_T3_ctrl,72,92,75.06666666666666,-0.8374303579330444,-0.7124025090771415
UBFC_PHYS_s17_T3_ctrl,72,93,75.1,-0.741468608379364,-0.838510011500226
UBFC_PHYS_s17_T3_ctrl,72,94,75.13333333333334,-0.3518858551979065,-0.9007411529635869
UBFC_PHYS_s17_T3_ctrl,72,95,75.16666666666667,0.14022545516490936,-0.8653379525427688
UBFC_PHYS_s17_T3_ctrl,72,96,75.2,0.5889912247657776,-0.7112352961916548
UBFC_PHYS_s17_T3_ctrl,72,97,75.23333333333333,0.9523887634277344,-0.4405855855906808
UBFC_PHYS_s17_T3_ctrl,72,98,75.26666666666667,1.1855156421661377,-0.08405953449537752
UBFC_PHYS_s17_T3_ctrl,72,99,75.3,1.2532905340194702,0.3026658511453932
UBFC_PHYS_s17_T3_ctrl,72,100,75.33333333333333,1.2108697891235352,0.6518359274062339
UBFC_PHYS_s17_T3_ctrl,72,101,75.36666666666666,1.1731663942337036,0.9023511401329657
UBFC_PHYS_s17_T3_ctrl,72,102,75.4,1.226075291633606,1.0172727860393105
UBFC_PHYS_s17_T3_ctrl,72,103,75.43333333333334,1.3210654258728027,0.992982095826785
UBFC_PHYS_s17_T3_ctrl,72,104,75.46666666666667,1.2900810241699219,0.8568437811275309
UBFC_PHYS_s17_T3_ctrl,72,105,75.5,1.0589908361434937,0.6554557142880231
UBFC_PHYS_s17_T3_ctrl,72,106,75.53333333333333,0.78646320104599,0.43875819808464106
UBFC_PHYS_s17_T3_ctrl,72,107,75.56666666666666,0.6844730973243713,0.24578206868137414
UBFC_PHYS_s17_T3_ctrl,72,108,75.6,0.7932289838790894,0.09646780498549251
UBFC_PHYS_s17_T3_ctrl,72,109,75.63333333333334,0.9601495265960693,-0.00855224856029566
UBFC_PHYS_s17_T3_ctrl,72,110,75.66666666666667,0.9703801274299622,-0.08134202471529635
UBFC_PHYS_s17_T3_ctrl,72,111,75.7,0.7819565534591675,-0.1367687062910119
UBFC_PHYS_s17_T3_ctrl,72,112,75.73333333333333,0.6315524578094482,-0.18373035622124867
UBFC_PHYS_s17_T3_ctrl,72,113,75.76666666666667,0.7563214898109436,-0.22091581923806985
UBFC_PHYS_s17_T3_ctrl,72,114,75.8,1.0538287162780762,-0.23818708417885934
UBFC_PHYS_s17_T3_ctrl,72,115,75.83333333333333,1.2641884088516235,-0.22224301543608568
UBFC_PHYS_s17_T3_ctrl,72,116,75.86666666666666,1.3051928281784058,-0.16379496026584708
UBFC_PHYS_s17_T3_ctrl,72,117,75.9,1.2283577919006348,-0.06332029858813817
UBFC_PHYS_s17_T3_ctrl,72,118,75.93333333333334,1.073294997215271,0.06673810213513895
UBFC_PHYS_s17_T3_ctrl,72,119,75.96666666666667,0.8798965811729431,0.20410050890167214
UBFC_PHYS_s17_T3_ctrl,72,120,76.0,0.6992220282554626,0.3223836430311226
UBFC_PHYS_s17_T3_ctrl,72,121,76.03333333333333,0.5901618003845215,0.39846022293475747
UBFC_PHYS_s17_T3_ctrl,72,122,76.06666666666666,0.6423566341400146,0.4188243119520754
UBFC_PHYS_s17_T3_ctrl,72,123,76.1,0.9041972160339355,0.38267516987730266
UBFC_PHYS_s17_T3_ctrl,72,124,76.13333333333334,1.294213056564331,0.30076972366424526
UBFC_PHYS_s17_T3_ctrl,72,125,76.16666666666667,1.6577861309051514,0.19087139833051656
UBFC_PHYS_s17_T3_ctrl,72,126,76.2,1.8618600368499756,0.07197742731342693
UBFC_PHYS_s17_T3_ctrl,72,127,76.23333333333333,1.8372433185577393,-0.04032248150346852
UBFC_PHYS_s17_T3_ctrl,72,128,76.26666666666667,1.5965780019760132,-0.13609362371196837
UBFC_PHYS_s17_T3_ctrl,72,129,76.3,1.2027578353881836,-0.2110435569030023
UBFC_PHYS_s17_T3_ctrl,72,130,76.33333333333333,0.7071817517280579,-0.2651127446276036
UBFC_PHYS_s17_T3_ctrl,72,131,76.36666666666666,0.2089836150407791,-0.3005944714760052
UBFC_PHYS_s17_T3_ctrl,72,132,76.4,-0.09486798942089081,-0.32053312634063247
UBFC_PHYS_s17_T3_ctrl,72,133,76.43333333333334,-0.08139494806528091,-0.32789668742876654
UBFC_PHYS_s17_T3_ctrl,72,134,76.46666666666667,0.13844621181488037,-0.3256773664848291
UBFC_PHYS_s17_T3_ctrl,72,135,76.5,0.3556068241596222,-0.3176522251707668
UBFC_PHYS_s17_T3_ctrl,72,136,76.53333333333333,0.47447624802589417,-0.30914042495294514
UBFC_PHYS_s17_T3_ctrl,72,137,76.56666666666666,0.5141813158988953,-0.3069670047210778
UBFC_PHYS_s17_T3_ctrl,72,138,76.6,0.4983906149864197,-0.3181437887661176
UBFC_PHYS_s17_T3_ctrl,72,139,76.63333333333334,0.45309028029441833,-0.3473799081910873
UBFC_PHYS_s17_T3_ctrl,72,140,76.66666666666667,0.4181727468967438,-0.39415129431425916
UBFC_PHYS_s17_T3_ctrl,72,141,76.7,0.41874632239341736,-0.45042184583288236
UBFC_PHYS_s17_T3_ctrl,72,142,76.73333333333333,0.42187169194221497,-0.5000978081232916
UBFC_PHYS_s17_T3_ctrl,72,143,76.76666666666667,0.3550800681114197,-0.5210193589460311
UBFC_PHYS_s17_T3_ctrl,72,144,76.8,0.19589684903621674,-0.48980820965040894
UBFC_PHYS_s17_T3_ctrl,72,145,76.83333333333333,-0.0321381650865078,-0.38898647813044823
UBFC_PHYS_s17_T3_ctrl,72,146,76.86666666666666,-0.35865163803100586,-0.21448301869686148
UBFC_PHYS_s17_T3_ctrl,72,147,76.9,-0.8353350758552551,0.019372028792681267
UBFC_PHYS_s17_T3_ctrl,72,148,76.93333333333334,-1.4203529357910156,0.2801294836940614
UBFC_PHYS_s17_T3_ctrl,72,149,76.96666666666667,-1.9979262351989746,0.5238161281461278
UBFC_PHYS_s17_T3_ctrl,72,150,77.0,-2.483213186264038,0.706090096256032
UBFC_PHYS_s17_T3_ctrl,72,151,77.03333333333333,-2.828151226043701,0.7940899067324423
UBFC_PHYS_s17_T3_ctrl,72,152,77.06666666666666,-2.975710868835449,0.7750399933982881
UBFC_PHYS_s17_T3_ctrl,72,153,77.1,-2.8691790103912354,0.6592085563364573
UBFC_PHYS_s17_T3_ctrl,72,154,77.13333333333334,-2.545029878616333,0.47674678349501554
UBFC_PHYS_s17_T3_ctrl,72,155,77.16666666666667,-2.1377251148223877,0.2695735453182327
UBFC_PHYS_s17_T3_ctrl,72,156,77.2,-1.7483296394348145,0.08058530584145092
UBFC_PHYS_s17_T3_ctrl,72,157,77.23333333333333,-1.3828485012054443,-0.05692931411498925
UBFC_PHYS_s17_T3_ctrl,72,158,77.26666666666667,-1.0551060438156128,-0.12673197474393058
UBFC_PHYS_s17_T3_ctrl,72,159,77.3,-0.8082602024078369,-0.13170374229881568
UBFC_PHYS_s17_T3_ctrl,72,160,77.33333333333333,-0.603484034538269,-0.08990382849024911
UBFC_PHYS_s17_T3_ctrl,72,161,77.36666666666666,-0.3641532063484192,-0.026123306428052457
UBFC_PHYS_s17_T3_ctrl,72,162,77.4,-0.11052995920181274,0.037669452894333565
UBFC_PHYS_s17_T3_ctrl,72,163,77.43333333333334,0.08350055664777756,0.08904307805407495
UBFC_PHYS_s17_T3_ctrl,72,164,77.46666666666667,0.21117253601551056,0.1263912892402013
UBFC_PHYS_s17_T3_ctrl,72,165,77.5,0.2943284809589386,0.15486305986836307
UBFC_PHYS_s17_T3_ctrl,72,166,77.53333333333333,0.30018123984336853,0.17960647038731953
UBFC_PHYS_s17_T3_ctrl,72,167,77.56666666666666,0.2095922976732254,0.20020175898765488
UBFC_PHYS_s17_T3_ctrl,72,168,77.6,0.09114425629377365,0.20930923038916785
UBFC_PHYS_s17_T3_ctrl,72,169,77.63333333333334,0.024200448766350746,0.19618254115807793
UBFC_PHYS_s17_T3_ctrl,72,170,77.66666666666667,-0.018325665965676308,0.1530670854279688
UBFC_PHYS_s17_T3_ctrl,72,171,77.7,-0.12155655026435852,0.08096423419209242
UBFC_PHYS_s17_T3_ctrl,72,172,77.73333333333333,-0.24551787972450256,-0.008425871437497411
UBFC_PHYS_s17_T3_ctrl,72,173,77.76666666666667,-0.19291332364082336,-0.09582315471698274
UBFC_PHYS_s17_T3_ctrl,72,174,77.8,0.1280166059732437,-0.16125625917421132
UBFC_PHYS_s17_T3_ctrl,72,175,77.83333333333333,0.5404368042945862,-0.1916272252854687
UBFC_PHYS_s17_T3_ctrl,72,176,77.86666666666666,0.8307334184646606,-0.18565843371425556
UBFC_PHYS_s17_T3_ctrl,72,177,77.9,0.9539924263954163,-0.15418515336985417
UBFC_PHYS_s17_T3_ctrl,72,178,77.93333333333334,0.9636260271072388,-0.11572155693719366
UBFC_PHYS_s17_T3_ctrl,72,179,77.96666666666667,0.9030851721763611,-0.08911298025098027
UBFC_PHYS_s17_T3_ctrl,72,180,78.0,0.8333671689033508,-0.08622738758715565
UBFC_PHYS_s17_T3_ctrl,72,181,78.03333333333333,0.8256531953811646,-0.10759392220252957
UBFC_PHYS_s17_T3_ctrl,72,182,78.06666666666666,0.8715271353721619,-0.14264998058209097
UBFC_PHYS_s17_T3_ctrl,72,183,78.1,0.9157856702804565,-0.1743300228078496
UBFC_PHYS_s17_T3_ctrl,72,184,78.13333333333334,0.9383187294006348,-0.18594867588576022
UBFC_PHYS_s17_T3_ctrl,72,185,78.16666666666667,0.9379558563232422,-0.16752492884110703
UBFC_PHYS_s17_T3_ctrl,72,186,78.2,0.8833730816841125,-0.11920572329256811
UBFC_PHYS_s17_T3_ctrl,72,187,78.23333333333333,0.7427197098731995,-0.050797432953049886
UBFC_PHYS_s17_T3_ctrl,72,188,78.26666666666667,0.5421223640441895,0.022121819227340564
UBFC_PHYS_s17_T3_ctrl,72,189,78.3,0.3412441611289978,0.08382001590033951
UBFC_PHYS_s17_T3_ctrl,72,190,78.33333333333333,0.1430933028459549,0.12339067485914938
UBFC_PHYS_s17_T3_ctrl,72,191,78.36666666666666,-0.07975617796182632,0.13709452280558987
UBFC_PHYS_s17_T3_ctrl,72,192,78.4,-0.2560528516769409,0.12752205483725798
UBFC_PHYS_s17_T3_ctrl,72,193,78.43333333333334,-0.2581130266189575,0.10058370287353319
UBFC_PHYS_s17_T3_ctrl,72,194,78.46666666666667,-0.09567566961050034,0.06198401627612863
UBFC_PHYS_s17_T3_ctrl,72,195,78.5,0.08240024000406265,0.014640060093796807
UBFC_PHYS_s17_T3_ctrl,72,196,78.53333333333333,0.1717717945575714,-0.042034266803920396
UBFC_PHYS_s17_T3_ctrl,72,197,78.56666666666666,0.17382025718688965,-0.110716942524371
UBFC_PHYS_s17_T3_ctrl,72,198,78.6,0.11094997078180313,-0.1931049921343288
UBFC_PHYS_s17_T3_ctrl,72,199,78.63333333333334,0.019494833424687386,-0.28632205015109247
UBFC_PHYS_s17_T3_ctrl,72,200,78.66666666666667,-0.04085877165198326,-0.3803645807502896
UBFC_PHYS_s17_T3_ctrl,72,201,78.7,-0.03667990490794182,-0.4580191989889854
UBFC_PHYS_s17_T3_ctrl,72,202,78.73333333333333,0.009299335069954395,-0.49790152217574063
UBFC_PHYS_s17_T3_ctrl,72,203,78.76666666666667,0.0651814341545105,-0.4800964435192302
UBFC_PHYS_s17_T3_ctrl,72,204,78.8,0.118816077709198,-0.3927716037400781
UBFC_PHYS_s17_T3_ctrl,72,205,78.83333333333333,0.1538623720407486,-0.23747129041903758
UBFC_PHYS_s17_T3_ctrl,72,206,78.86666666666666,0.16156458854675293,-0.030876011180698704
UBFC_PHYS_s17_T3_ctrl,72,207,78.9,0.1773202121257782,0.1981724841781952
UBFC_PHYS_s17_T3_ctrl,72,208,78.93333333333334,0.23478254675865173,0.4157925458971958
UBFC_PHYS_s17_T3_ctrl,72,209,78.96666666666667,0.288066029548645,0.5918687063965564
UBFC_PHYS_s17_T3_ctrl,72,210,79.0,0.26658642292022705,0.7070668938382058
UBFC_PHYS_s17_T3_ctrl,72,211,79.03333333333333,0.2383878529071808,0.7552281399699212
UBFC_PHYS_s17_T3_ctrl,72,212,79.06666666666666,0.39661121368408203,0.7406018121477655
UBFC_PHYS_s17_T3_ctrl,72,213,79.1,0.8186884522438049,0.6720693328078524
UBFC_PHYS_s17_T3_ctrl,72,214,79.13333333333334,1.3695847988128662,0.5579798194642344
UBFC_PHYS_s17_T3_ctrl,72,215,79.16666666666667,1.8155179023742676,0.4045014355225631
UBFC_PHYS_s17_T3_ctrl,72,216,79.2,1.959308385848999,0.2178550465400705
UBFC_PHYS_s17_T3_ctrl,72,217,79.23333333333333,1.744032382965088,0.008366835750650805
UBFC_PHYS_s17_T3_ctrl,72,218,79.26666666666667,1.2593189477920532,-0.20640716567250744
UBFC_PHYS_s17_T3_ctrl,72,219,79.3,0.6464769840240479,-0.4015205257374083
UBFC_PHYS_s17_T3_ctrl,72,220,79.33333333333333,0.08708243817090988,-0.5483638496184473
UBFC_PHYS_s17_T3_ctrl,72,221,79.36666666666666,-0.21987111866474152,-0.6217958871139156
UBFC_PHYS_s17_T3_ctrl,72,222,79.4,-0.2902914583683014,-0.6085003372102782
UBFC_PHYS_s17_T3_ctrl,72,223,79.43333333333334,-0.3599626421928406,-0.5132094355027136
UBFC_PHYS_s17_T3_ctrl,72,224,79.46666666666667,-0.5310386419296265,-0.3596528424565124
UBFC_PHYS_s17_T3_ctrl,72,225,79.5,-0.7056146264076233,-0.18486991995125546
UBFC_PHYS_s17_T3_ctrl,72,226,79.53333333333333,-0.881606936454773,-0.028279347659956686
UBFC_PHYS_s17_T3_ctrl,72,227,79.56666666666666,-1.182251214981079,0.08050906739423046
UBFC_PHYS_s17_T3_ctrl,72,228,79.6,-1.605370283126831,0.1300794132147329
UBFC_PHYS_s17_T3_ctrl,72,229,79.63333333333334,-1.9763295650482178,0.1282456540156643
UBFC_PHYS_s17_T3_ctrl,72,230,79.66666666666667,-2.129648208618164,0.09592233789395993
UBFC_PHYS_s17_T3_ctrl,72,231,79.7,-2.0889949798583984,0.0574272074921243
UBFC_PHYS_s17_T3_ctrl,72,232,79.73333333333333,-2.024813652038574,0.03164568710112672
UBFC_PHYS_s17_T3_ctrl,72,233,79.76666666666667,-2.001121759414673,0.02705363886391051
UBFC_PHYS_s17_T3_ctrl,72,234,79.8,-1.8455321788787842,0.04144782358398695
UBFC_PHYS_s17_T3_ctrl,72,235,79.83333333333333,-1.4441736936569214,0.06542295025591179
UBFC_PHYS_s17_T3_ctrl,72,236,79.86666666666666,-0.978973388671875,0.08761547726557653
UBFC_PHYS_s17_T3_ctrl,72,237,79.9,-0.7009090185165405,0.09956276435304638
UBFC_PHYS_s17_T3_ctrl,72,238,79.93333333333334,-0.6186426877975464,0.0985322513481991
UBFC_PHYS_s17_T3_ctrl,72,239,79.96666666666667,-0.5886063575744629,0.08766292192013357
UBFC_PHYS_s17_T3_ctrl,73,0,73.0,-2.175241231918335,0.016221201924637232
UBFC_PHYS_s17_T3_ctrl,73,1,73.03333333333333,-2.286572217941284,0.12732529478547222
UBFC_PHYS_s17_T3_ctrl,73,2,73.06666666666666,-2.1755573749542236,0.2293199852441397
UBFC_PHYS_s17_T3_ctrl,73,3,73.1,-1.9149575233459473,0.3164251974072519
UBFC_PHYS_s17_T3_ctrl,73,4,73.13333333333334,-1.6464916467666626,0.3865743369212805
UBFC_PHYS_s17_T3_ctrl,73,5,73.16666666666667,-1.3005471229553223,0.4416024113533373
UBFC_PHYS_s17_T3_ctrl,73,6,73.2,-0.774969756603241,0.4857598226569772
UBFC_PHYS_s17_T3_ctrl,73,7,73.23333333333333,-0.20770908892154694,0.5232243198862208
UBFC_PHYS_s17_T3_ctrl,73,8,73.26666666666667,0.19862423837184906,0.555565863083506
UBFC_PHYS_s17_T3_ctrl,73,9,73.3,0.42130982875823975,0.5799278754030255
UBFC_PHYS_s17_T3_ctrl,73,10,73.33333333333333,0.5206544995307922,0.5885716220179517
UBFC_PHYS_s17_T3_ctrl,73,11,73.36666666666666,0.5398749113082886,0.5702679610582156
UBFC_PHYS_s17_T3_ctrl,73,12,73.4,0.5306627154350281,0.5135021231648818
UBFC_PHYS_s17_T3_ctrl,73,13,73.43333333333334,0.5240022540092468,0.4106689803866604
UBFC_PHYS_s17_T3_ctrl,73,14,73.46666666666667,0.5033420324325562,0.26178764039521796
UBFC_PHYS_s17_T3_ctrl,73,15,73.5,0.46218547224998474,0.07626892761355657
UBFC_PHYS_s17_T3_ctrl,73,16,73.53333333333333,0.42376798391342163,-0.12791109902939174
UBFC_PHYS_s17_T3_ctrl,73,17,73.56666666666666,0.34962528944015503,-0.3271796003324516
UBFC_PHYS_s17_T3_ctrl,73,18,73.6,0.16313312947750092,-0.4963635109211416
UBFC_PHYS_s17_T3_ctrl,73,19,73.63333333333334,-0.08408721536397934,-0.6126919292120142
UBFC_PHYS_s17_T3_ctrl,73,20,73.66666666666667,-0.23476052284240723,-0.6593853120156309
UBFC_PHYS_s17_T3_ctrl,73,21,73.7,-0.24997767806053162,-0.6287810371758505
UBFC_PHYS_s17_T3_ctrl,73,22,73.73333333333333,-0.263275146484375,-0.5246275533881413
UBFC_PHYS_s17_T3_ctrl,73,23,73.76666666666667,-0.4153765141963959,-0.36268375279523474
UBFC_PHYS_s17_T3_ctrl,73,24,73.8,-0.6349952816963196,-0.16880723912263323
UBFC_PHYS_s17_T3_ctrl,73,25,73.83333333333333,-0.5693625211715698,0.02560417374029985
UBFC_PHYS_s17_T3_ctrl,73,26,73.86666666666666,-0.058604322373867035,0.18998691165865025
UBFC_PHYS_s17_T3_ctrl,73,27,73.9,0.4236977696418762,0.3011506149116866
UBFC_PHYS_s17_T3_ctrl,73,28,73.93333333333334,0.3560281991958618,0.3480365648916646
UBFC_PHYS_s17_T3_ctrl,73,29,73.96666666666667,-0.09231618791818619,0.3331865132086466
UBFC_PHYS_s17_T3_ctrl,73,30,74.0,-0.498075932264328,0.27050287024450265
UBFC_PHYS_s17_T3_ctrl,73,31,74.03333333333333,-0.7846150994300842,0.18023326662370195
UBFC_PHYS_s17_T3_ctrl,73,32,74.06666666666666,-0.9404505491256714,0.08313418766515959
UBFC_PHYS_s17_T3_ctrl,73,33,74.1,-0.8522261381149292,-0.00414043139142454
UBFC_PHYS_s17_T3_ctrl,73,34,74.13333333333334,-0.6064689755439758,-0.07131400253456936
UBFC_PHYS_s17_T3_ctrl,73,35,74.16666666666667,-0.4217560291290283,-0.11451266541901116
UBFC_PHYS_s17_T3_ctrl,73,36,74.2,-0.35947102308273315,-0.13479791697107493
UBFC_PHYS_s17_T3_ctrl,73,37,74.23333333333333,-0.3455882668495178,-0.13608299578971483
UBFC_PHYS_s17_T3_ctrl,73,38,74.26666666666667,-0.3660378158092499,-0.12319034319315561
UBFC_PHYS_s17_T3_ctrl,73,39,74.3,-0.477392315864563,-0.10053207833202499
UBFC_PHYS_s17_T3_ctrl,73,40,74.33333333333333,-0.6672205328941345,-0.07150113768176831
UBFC_PHYS_s17_T3_ctrl,73,41,74.36666666666666,-0.8712124228477478,-0.038365431295432954
UBFC_PHYS_s17_T3_ctrl,73,42,74.4,-1.0629603862762451,-0.0024254831606999186
UBFC_PHYS_s17_T3_ctrl,73,43,74.43333333333334,-1.165231466293335,0.03567658419483723
UBFC_PHYS_s17_T3_ctrl,73,44,74.46666666666667,-1.0109761953353882,0.07551521766792947
UBFC_PHYS_s17_T3_ctrl,73,45,74.5,-0.5707671642303467,0.11633770368715732
UBFC_PHYS_s17_T3_ctrl,73,46,74.53333333333333,-0.06788679212331772,0.15652929617656763
UBFC_PHYS_s17_T3_ctrl,73,47,74.56666666666666,0.2913084626197815,0.19325295708768434
UBFC_PHYS_s17_T3_ctrl,73,48,74.6,0.504746675491333,0.22240855097077317
UBFC_PHYS_s17_T3_ctrl,73,49,74.63333333333334,0.621052622795105,0.23902535694156848
UBFC_PHYS_s17_T3_ctrl,73,50,74.66666666666667,0.6419820785522461,0.23819188468160135
UBFC_PHYS_s17_T3_ctrl,73,51,74.7,0.6094290614128113,0.21650315615042423
UBFC_PHYS_s17_T3_ctrl,73,52,74.73333333333333,0.6183018684387207,0.17367430552995947
UBFC_PHYS_s17_T3_ctrl,73,53,74.76666666666667,0.695253849029541,0.11357631521695927
UBFC_PHYS_s17_T3_ctrl,73,54,74.8,0.7642227411270142,0.04380936584145478
UBFC_PHYS_s17_T3_ctrl,73,55,74.83333333333333,0.7442882061004639,-0.026630717244330634
UBFC_PHYS_s17_T3_ctrl,73,56,74.86666666666666,0.619554340839386,-0.09102974778743833
UBFC_PHYS_s17_T3_ctrl,73,57,74.9,0.4399215877056122,-0.14842738750438927
UBFC_PHYS_s17_T3_ctrl,73,58,74.93333333333334,0.25344112515449524,-0.20502876624224062
UBFC_PHYS_s17_T3_ctrl,73,59,74.96666666666667,0.036737047135829926,-0.2722455069025609
UBFC_PHYS_s17_T3_ctrl,73,60,75.0,-0.26630687713623047,-0.3612977446025845
UBFC_PHYS_s17_T3_ctrl,73,61,75.03333333333333,-0.6193450093269348,-0.4759934350218211
UBFC_PHYS_s17_T3_ctrl,73,62,75.06666666666666,-0.8374303579330444,-0.6067885773457219
UBFC_PHYS_s17_T3_ctrl,73,63,75.1,-0.741468608379364,-0.7293634659281372
UBFC_PHYS_s17_T3_ctrl,73,64,75.13333333333334,-0.3518858551979065,-0.8092054984311464
UBFC_PHYS_s17_T3_ctrl,73,65,75.16666666666667,0.14022545516490936,-0.8111586861483154
UBFC_PHYS_s17_T3_ctrl,73,66,75.2,0.5889912247657776,-0.7110142727248281
UBFC_PHYS_s17_T3_ctrl,73,67,75.23333333333333,0.9523887634277344,-0.5053828302627514
UBFC_PHYS_s17_T3_ctrl,73,68,75.26666666666667,1.1855156421661377,-0.21623525433469637
UBFC_PHYS_s17_T3_ctrl,73,69,75.3,1.2532905340194702,0.1122444451390751
UBFC_PHYS_s17_T3_ctrl,73,70,75.33333333333333,1.2108697891235352,0.424457441467741
UBFC_PHYS_s17_T3_ctrl,73,71,75.36666666666666,1.1731663942337036,0.6687114749214272
UBFC_PHYS_s17_T3_ctrl,73,72,75.4,1.226075291633606,0.8113999120929168
UBFC_PHYS_s17_T3_ctrl,73,73,75.43333333333334,1.3210654258728027,0.8444252714415964
UBFC_PHYS_s17_T3_ctrl,73,74,75.46666666666667,1.2900810241699219,0.7835880154098951
UBFC_PHYS_s17_T3_ctrl,73,75,75.5,1.0589908361434937,0.6599132212352359
UBFC_PHYS_s17_T3_ctrl,73,76,75.53333333333333,0.78646320104599,0.5082569588613125
UBFC_PHYS_s17_T3_ctrl,73,77,75.56666666666666,0.6844730973243713,0.3575288282911315
UBFC_PHYS_s17_T3_ctrl,73,78,75.6,0.7932289838790894,0.2253771026782851
UBFC_PHYS_s17_T3_ctrl,73,79,75.63333333333334,0.9601495265960693,0.11808609943456432
UBFC_PHYS_s17_T3_ctrl,73,80,75.66666666666667,0.9703801274299622,0.03445883587433895
UBFC_PHYS_s17_T3_ctrl,73,81,75.7,0.7819565534591675,-0.02880347035243212
UBFC_PHYS_s17_T3_ctrl,73,82,75.73333333333333,0.6315524578094482,-0.07289739952204004
UBFC_PHYS_s17_T3_ctrl,73,83,75.76666666666667,0.7563214898109436,-0.09559247389318284
UBFC_PHYS_s17_T3_ctrl,73,84,75.8,1.0538287162780762,-0.09280263604915984
UBFC_PHYS_s17_T3_ctrl,73,85,75.83333333333333,1.2641884088516235,-0.06169468698839727
UBFC_PHYS_s17_T3_ctrl,73,86,75.86666666666666,1.3051928281784058,-0.0036580416111865457
UBFC_PHYS_s17_T3_ctrl,73,87,75.9,1.2283577919006348,0.07407727962207883
UBFC_PHYS_s17_T3_ctrl,73,88,75.93333333333334,1.073294997215271,0.15877232590254184
UBFC_PHYS_s17_T3_ctrl,73,89,75.96666666666667,0.8798965811729431,0.2344795175910611
UBFC_PHYS_s17_T3_ctrl,73,90,76.0,0.6992220282554626,0.2857374790426238
UBFC_PHYS_s17_T3_ctrl,73,91,76.03333333333333,0.5901618003845215,0.30151352064566106
UBFC_PHYS_s17_T3_ctrl,73,92,76.06666666666666,0.6423566341400146,0.2779260565783859
UBFC_PHYS_s17_T3_ctrl,73,93,76.1,0.9041972160339355,0.2186422099427164
UBFC_PHYS_s17_T3_ctrl,73,94,76.13333333333334,1.294213056564331,0.13296587751575534
UBFC_PHYS_s17_T3_ctrl,73,95,76.16666666666667,1.6577861309051514,0.03277696175357746
UBFC_PHYS_s17_T3_ctrl,73,96,76.2,1.8618600368499756,-0.07017075184196767
UBFC_PHYS_s17_T3_ctrl,73,97,76.23333333333333,1.8372433185577393,-0.1656952608496794
UBFC_PHYS_s17_T3_ctrl,73,98,76.26666666666667,1.5965780019760132,-0.24555338832904888
UBFC_PHYS_s17_T3_ctrl,73,99,76.3,1.2027578353881836,-0.3035659527383068
UBFC_PHYS_s17_T3_ctrl,73,100,76.33333333333333,0.7071817517280579,-0.3360771224432995
UBFC_PHYS_s17_T3_ctrl,73,101,76.36666666666666,0.2089836150407791,-0.3426344666361424
UBFC_PHYS_s17_T3_ctrl,73,102,76.4,-0.09486798942089081,-0.3264041131097272
UBFC_PHYS_s17_T3_ctrl,73,103,76.43333333333334,-0.08139494806528091,-0.293955356940584
UBFC_PHYS_s17_T3_ctrl,73,104,76.46666666666667,0.13844621181488037,-0.2544086075326126
UBFC_PHYS_s17_T3_ctrl,73,105,76.5,0.3556068241596222,-0.2181783064735505
UBFC_PHYS_s17_T3_ctrl,73,106,76.53333333333333,0.47447624802589417,-0.19547906267720613
UBFC_PHYS_s17_T3_ctrl,73,107,76.56666666666666,0.5141813158988953,-0.1946087461530286
UBFC_PHYS_s17_T3_ctrl,73,108,76.6,0.4983906149864197,-0.22006032165038045
UBFC_PHYS_s17_T3_ctrl,73,109,76.63333333333334,0.45309028029441833,-0.27075808422238135
UBFC_PHYS_s17_T3_ctrl,73,110,76.66666666666667,0.4181727468967438,-0.3389710227774699
UBFC_PHYS_s17_T3_ctrl,73,111,76.7,0.41874632239341736,-0.41048096054000904
UBFC_PHYS_s17_T3_ctrl,73,112,76.73333333333333,0.42187169194221497,-0.4662983199354461
UBFC_PHYS_s17_T3_ctrl,73,113,76.76666666666667,0.3550800681114197,-0.48587218428803935
UBFC_PHYS_s17_T3_ctrl,73,114,76.8,0.19589684903621674,-0.4515094056745324
UBFC_PHYS_s17_T3_ctrl,73,115,76.83333333333333,-0.0321381650865078,-0.3533498575049328
UBFC_PHYS_s17_T3_ctrl,73,116,76.86666666666666,-0.35865163803100586,-0.19360920376870747
UBFC_PHYS_s17_T3_ctrl,73,117,76.9,-0.8353350758552551,0.01162547861045398
UBFC_PHYS_s17_T3_ctrl,73,118,76.93333333333334,-1.4203529357910156,0.23438546918970335
UBFC_PHYS_s17_T3_ctrl,73,119,76.96666666666667,-1.9979262351989746,0.4406317262740444
UBFC_PHYS_s17_T3_ctrl,73,120,77.0,-2.483213186264038,0.5982287921737024
UBFC_PHYS_s17_T3_ctrl,73,121,77.03333333333333,-2.828151226043701,0.68446249835112
UBFC_PHYS_s17_T3_ctrl,73,122,77.06666666666666,-2.975710868835449,0.6909252480809723
UBFC_PHYS_s17_T3_ctrl,73,123,77.1,-2.8691790103912354,0.6247462699465341
UBFC_PHYS_s17_T3_ctrl,73,124,77.13333333333334,-2.545029878616333,0.5060824797054272
UBFC_PHYS_s17_T3_ctrl,73,125,77.16666666666667,-2.1377251148223877,0.36251022723761045
UBFC_PHYS_s17_T3_ctrl,73,126,77.2,-1.7483296394348145,0.22175051311880106
UBFC_PHYS_s17_T3_ctrl,73,127,77.23333333333333,-1.3828485012054443,0.10480543524444952
UBFC_PHYS_s17_T3_ctrl,73,128,77.26666666666667,-1.0551060438156128,0.02165359121785354
UBFC_PHYS_s17_T3_ctrl,73,129,77.3,-0.8082602024078369,-0.029075906482221976
UBFC_PHYS_s17_T3_ctrl,73,130,77.33333333333333,-0.603484034538269,-0.05644199117175062
UBFC_PHYS_s17_T3_ctrl,73,131,77.36666666666666,-0.3641532063484192,-0.07112747251613308
UBFC_PHYS_s17_T3_ctrl,73,132,77.4,-0.11052995920181274,-0.07964149001182652
UBFC_PHYS_s17_T3_ctrl,73,133,77.43333333333334,0.08350055664777756,-0.08142654837865168
UBFC_PHYS_s17_T3_ctrl,73,134,77.46666666666667,0.21117253601551056,-0.0702117636883938
UBFC_PHYS_s17_T3_ctrl,73,135,77.5,0.2943284809589386,-0.03896071237871781
UBFC_PHYS_s17_T3_ctrl,73,136,77.53333333333333,0.30018123984336853,0.01401165771887769
UBFC_PHYS_s17_T3_ctrl,73,137,77.56666666666666,0.2095922976732254,0.08094388735987204
UBFC_PHYS_s17_T3_ctrl,73,138,77.6,0.09114425629377365,0.14506514872664658
UBFC_PHYS_s17_T3_ctrl,73,139,77.63333333333334,0.024200448766350746,0.18601837096026042
UBFC_PHYS_s17_T3_ctrl,73,140,77.66666666666667,-0.018325665965676308,0.18808044669531762
UBFC_PHYS_s17_T3_ctrl,73,141,77.7,-0.12155655026435852,0.14726063086947608
UBFC_PHYS_s17_T3_ctrl,73,142,77.73333333333333,-0.24551787972450256,0.07370108241032845
UBFC_PHYS_s17_T3_ctrl,73,143,77.76666666666667,-0.19291332364082336,-0.011930004845871811
UBFC_PHYS_s17_T3_ctrl,73,144,77.8,0.1280166059732437,-0.08638315543546704
UBFC_PHYS_s17_T3_ctrl,73,145,77.83333333333333,0.5404368042945862,-0.13242647334350147
UBFC_PHYS_s17_T3_ctrl,73,146,77.86666666666666,0.8307334184646606,-0.1444478715881577
UBFC_PHYS_s17_T3_ctrl,73,147,77.9,0.9539924263954163,-0.1291244175113887
UBFC_PHYS_s17_T3_ctrl,73,148,77.93333333333334,0.9636260271072388,-0.10146725327732437
UBFC_PHYS_s17_T3_ctrl,73,149,77.96666666666667,0.9030851721763611,-0.0782774038786636
UBFC_PHYS_s17_T3_ctrl,73,150,78.0,0.8333671689033508,-0.0716773031772935
UBFC_PHYS_s17_T3_ctrl,73,151,78.03333333333333,0.8256531953811646,-0.08497573511057932
UBFC_PHYS_s17_T3_ctrl,73,152,78.06666666666666,0.8715271353721619,-0.11207995971316981
UBFC_PHYS_s17_T3_ctrl,73,153,78.1,0.9157856702804565,-0.1403658918546012
UBFC_PHYS_s17_T3_ctrl,73,154,78.13333333333334,0.9383187294006348,-0.1557230027504951
UBFC_PHYS_s17_T3_ctrl,73,155,78.16666666666667,0.9379558563232422,-0.14781273634944173
UBFC_PHYS_s17_T3_ctrl,73,156,78.2,0.8833730816841125,-0.11366129317738297
UBFC_PHYS_s17_T3_ctrl,73,157,78.23333333333333,0.7427197098731995,-0.058453052109383945
UBFC_PHYS_s17_T3_ctrl,73,158,78.26666666666667,0.5421223640441895,0.006521142221782079
UBFC_PHYS_s17_T3_ctrl,73,159,78.3,0.3412441611289978,0.06776386769163815
UBFC_PHYS_s17_T3_ctrl,73,160,78.33333333333333,0.1430933028459549,0.11370413890136667
UBFC_PHYS_s17_T3_ctrl,73,161,78.36666666666666,-0.07975617796182632,0.13755106411315945
UBFC_PHYS_s17_T3_ctrl,73,162,78.4,-0.2560528516769409,0.13813305984581112
UBFC_PHYS_s17_T3_ctrl,73,163,78.43333333333334,-0.2581130266189575,0.11889291904171981
UBFC_PHYS_s17_T3_ctrl,73,164,78.46666666666667,-0.09567566961050034,0.08573166775967642
UBFC_PHYS_s17_T3_ctrl,73,165,78.5,0.08240024000406265,0.044560391638761326
UBFC_PHYS_s17_T3_ctrl,73,166,78.53333333333333,0.1717717945575714,-0.0005746675178471819
UBFC_PHYS_s17_T3_ctrl,73,167,78.56666666666666,0.17382025718688965,-0.04813376173469889
UBFC_PHYS_s17_T3_ctrl,73,168,78.6,0.11094997078180313,-0.09832116361285433
UBFC_PHYS_s17_T3_ctrl,73,169,78.63333333333334,0.019494833424687386,-0.1513503901997506
UBFC_PHYS_s17_T3_ctrl,73,170,78.66666666666667,-0.04085877165198326,-0.20559814289503342
UBFC_PHYS_s17_T3_ctrl,73,171,78.7,-0.03667990490794182,-0.2565348358400317
UBFC_PHYS_s17_T3_ctrl,73,172,78.73333333333333,0.009299335069954395,-0.2969191747445483
UBFC_PHYS_s17_T3_ctrl,73,173,78.76666666666667,0.0651814341545105,-0.31817861864378505
UBFC_PHYS_s17_T3_ctrl,73,174,78.8,0.118816077709198,-0.31247657126009853
UBFC_PHYS_s17_T3_ctrl,73,175,78.83333333333333,0.1538623720407486,-0.27480326339792266
UBFC_PHYS_s17_T3_ctrl,73,176,78.86666666666666,0.16156458854675293,-0.20449298057562212
UBFC_PHYS_s17_T3_ctrl,73,177,78.9,0.1773202121257782,-0.10580068835060326
UBFC_PHYS_s17_T3_ctrl,73,178,78.93333333333334,0.23478254675865173,0.012517079515994173
UBFC_PHYS_s17_T3_ctrl,73,179,78.96666666666667,0.288066029548645,0.1383720944118452
UBFC_PHYS_s17_T3_ctrl,73,180,79.0,0.26658642292022705,0.257827544809849
UBFC_PHYS_s17_T3_ctrl,73,181,79.03333333333333,0.2383878529071808,0.356461237980533
UBFC_PHYS_s17_T3_ctrl,73,182,79.06666666666666,0.39661121368408203,0.4204208978884618
UBFC_PHYS_s17_T3_ctrl,73,183,79.1,0.8186884522438049,0.43743050806671246
UBFC_PHYS_s17_T3_ctrl,73,184,79.13333333333334,1.3695847988128662,0.3983958412431599
UBFC_PHYS_s17_T3_ctrl,73,185,79.16666666666667,1.8155179023742676,0.3000656436844768
UBFC_PHYS_s17_T3_ctrl,73,186,79.2,1.959308385848999,0.14826321857765007
UBFC_PHYS_s17_T3_ctrl,73,187,79.23333333333333,1.744032382965088,-0.03981205966846133
UBFC_PHYS_s17_T3_ctrl,73,188,79.26666666666667,1.2593189477920532,-0.23596623035031405
UBFC_PHYS_s17_T3_ctrl,73,189,79.3,0.6464769840240479,-0.4050879085243272
UBFC_PHYS_s17_T3_ctrl,73,190,79.33333333333333,0.08708243817090988,-0.5125164113057408
UBFC_PHYS_s17_T3_ctrl,73,191,79.36666666666666,-0.21987111866474152,-0.5328226925769645
UBFC_PHYS_s17_T3_ctrl,73,192,79.4,-0.2902914583683014,-0.45724657334553703
UBFC_PHYS_s17_T3_ctrl,73,193,79.43333333333334,-0.3599626421928406,-0.2971428336253662
UBFC_PHYS_s17_T3_ctrl,73,194,79.46666666666667,-0.5310386419296265,-0.08191109198233612
UBFC_PHYS_s17_T3_ctrl,73,195,79.5,-0.7056146264076233,0.1483498424049968
UBFC_PHYS_s17_T3_ctrl,73,196,79.53333333333333,-0.881606936454773,0.3533973732147781
UBFC_PHYS_s17_T3_ctrl,73,197,79.56666666666666,-1.182251214981079,0.5032367701319899
UBFC_PHYS_s17_T3_ctrl,73,198,79.6,-1.605370283126831,0.5847497320502788
UBFC_PHYS_s17_T3_ctrl,73,199,79.63333333333334,-1.9763295650482178,0.6023065919463939
UBFC_PHYS_s17_T3_ctrl,73,200,79.66666666666667,-2.129648208618164,0.572731513289223
UBFC_PHYS_s17_T3_ctrl,73,201,79.7,-2.0889949798583984,0.517333955379892
UBFC_PHYS_s17_T3_ctrl,73,202,79.73333333333333,-2.024813652038574,0.4543754697347303
UBFC_PHYS_s17_T3_ctrl,73,203,79.76666666666667,-2.001121759414673,0.3944031297742439
UBFC_PHYS_s17_T3_ctrl,73,204,79.8,-1.8455321788787842,0.33927652563697624
UBFC_PHYS_s17_T3_ctrl,73,205,79.83333333333333,-1.4441736936569214,0.2842709589381969
UBFC_PHYS_s17_T3_ctrl,73,206,79.86666666666666,-0.978973388671875,0.22183677519841163
UBFC_PHYS_s17_T3_ctrl,73,207,79.9,-0.7009090185165405,0.1454964870006125
UBFC_PHYS_s17_T3_ctrl,73,208,79.93333333333334,-0.6186426877975464,0.05274364072417858
UBFC_PHYS_s17_T3_ctrl,73,209,79.96666666666667,-0.5886063575744629,-0.05363501352903589
UBFC_PHYS_s17_T3_ctrl,73,210,80.0,-0.5407425165176392,-0.1659015209464032
UBFC_PHYS_s17_T3_ctrl,73,211,80.03333333333333,-0.4573056697845459,-0.27312715954270217
UBFC_PHYS_s17_T3_ctrl,73,212,80.06666666666666,-0.3200117349624634,-0.3639174460454573
UBFC_PHYS_s17_T3_ctrl,73,213,80.1,-0.18441513180732727,-0.42948537977731216
UBFC_PHYS_s17_T3_ctrl,73,214,80.13333333333334,-0.1393723338842392,-0.46631651723377515
UBFC_PHYS_s17_T3_ctrl,73,215,80.16666666666667,-0.1714337170124054,-0.4776505707702406
UBFC_PHYS_s17_T3_ctrl,73,216,80.2,-0.1943531036376953,-0.4731967817697274
UBFC_PHYS_s17_T3_ctrl,73,217,80.23333333333333,-0.15552593767642975,-0.46684356271570726
UBFC_PHYS_s17_T3_ctrl,73,218,80.26666666666667,-0.02553625963628292,-0.47256689834205795
UBFC_PHYS_s17_T3_ctrl,73,219,80.3,0.20246364176273346,-0.4993855343873577
UBFC_PHYS_s17_T3_ctrl,73,220,80.33333333333333,0.4667506217956543,-0.5469382371007564
UBFC_PHYS_s17_T3_ctrl,73,221,80.36666666666666,0.6966233849525452,-0.6034704545731907
UBFC_PHYS_s17_T3_ctrl,73,222,80.4,0.8599503636360168,-0.6473134314134809
UBFC_PHYS_s17_T3_ctrl,73,223,80.43333333333334,0.9286265969276428,-0.6517520211938481
UBFC_PHYS_s17_T3_ctrl,73,224,80.46666666666667,0.9229025840759277,-0.5921680394686704
UBFC_PHYS_s17_T3_ctrl,73,225,80.5,0.9699704647064209,-0.45372595287256484
UBFC_PHYS_s17_T3_ctrl,73,226,80.53333333333333,1.1816762685775757,-0.23758341793053375
UBFC_PHYS_s17_T3_ctrl,73,227,80.56666666666666,1.4680984020233154,0.03638164102119772
UBFC_PHYS_s17_T3_ctrl,73,228,80.6,1.646033763885498,0.3318922771071244
UBFC_PHYS_s17_T3_ctrl,73,229,80.63333333333334,1.645588994026184,0.6039713296448739
UBFC_PHYS_s17_T3_ctrl,73,230,80.66666666666667,1.5550702810287476,0.810338545180127
UBFC_PHYS_s17_T3_ctrl,73,231,80.7,1.4592138528823853,0.9229249786326114
UBFC_PHYS_s17_T3_ctrl,73,232,80.73333333333333,1.234561800956726,0.9352811973812071
UBFC_PHYS_s17_T3_ctrl,73,233,80.76666666666667,0.6156212687492371,0.8629461247666105
UBFC_PHYS_s17_T3_ctrl,73,234,80.8,-0.3371368944644928,0.7367375055115601
UBFC_PHYS_s17_T3_ctrl,73,235,80.83333333333333,-1.1428738832473755,0.5918798113429214
UBFC_PHYS_s17_T3_ctrl,73,236,80.86666666666666,-1.4473224878311157,0.45727968990969786
UBFC_PHYS_s17_T3_ctrl,73,237,80.9,-1.2861961126327515,0.34856440917857046
UBFC_PHYS_s17_T3_ctrl,73,238,80.93333333333334,-0.8741154074668884,0.2663477148531625
UBFC_PHYS_s17_T3_ctrl,73,239,80.96666666666667,-0.4412690997123718,0.1990625167240063
UBFC_PHYS_s17_T3_ctrl,74,0,74.0,-0.498075932264328,-0.033915651947166815
UBFC_PHYS_s17_T3_ctrl,74,1,74.03333333333333,-0.7846150994300842,0.08169175570775586
UBFC_PHYS_s17_T3_ctrl,74,2,74.06666666666666,-0.9404505491256714,0.1750944498655923
UBFC_PHYS_s17_T3_ctrl,74,3,74.1,-0.8522261381149292,0.22793714731419357
UBFC_PHYS_s17_T3_ctrl,74,4,74.13333333333334,-0.6064689755439758,0.2319094734569005
UBFC_PHYS_s17_T3_ctrl,74,5,74.16666666666667,-0.4217560291290283,0.18995599633671756
UBFC_PHYS_s17_T3_ctrl,74,6,74.2,-0.35947102308273315,0.1144181197481967
UBFC_PHYS_s17_T3_ctrl,74,7,74.23333333333333,-0.3455882668495178,0.023110499742267445
UBFC_PHYS_s17_T3_ctrl,74,8,74.26666666666667,-0.3660378158092499,-0.06516385353331473
UBFC_PHYS_s17_T3_ctrl,74,9,74.3,-0.477392315864563,-0.13436072114682804
UBFC_PHYS_s17_T3_ctrl,74,10,74.33333333333333,-0.6672205328941345,-0.17352164784818624
UBFC_PHYS_s17_T3_ctrl,74,11,74.36666666666666,-0.8712124228477478,-0.17765448129452352
UBFC_PHYS_s17_T3_ctrl,74,12,74.4,-1.0629603862762451,-0.14754593385069734
UBFC_PHYS_s17_T3_ctrl,74,13,74.43333333333334,-1.165231466293335,-0.0889349530923154
UBFC_PHYS_s17_T3_ctrl,74,14,74.46666666666667,-1.0109761953353882,-0.011277673669246603
UBFC_PHYS_s17_T3_ctrl,74,15,74.5,-0.5707671642303467,0.07384881386746953
UBFC_PHYS_s17_T3_ctrl,74,16,74.53333333333333,-0.06788679212331772,0.15462298522976475
UBFC_PHYS_s17_T3_ctrl,74,17,74.56666666666666,0.2913084626197815,0.22084675879373888
UBFC_PHYS_s17_T3_ctrl,74,18,74.6,0.504746675491333,0.26534815463271605
UBFC_PHYS_s17_T3_ctrl,74,19,74.63333333333334,0.621052622795105,0.2845740777862974
UBFC_PHYS_s17_T3_ctrl,74,20,74.66666666666667,0.6419820785522461,0.27843118864388994
UBFC_PHYS_s17_T3_ctrl,74,21,74.7,0.6094290614128113,0.24974641554156093
UBFC_PHYS_s17_T3_ctrl,74,22,74.73333333333333,0.6183018684387207,0.20361908990307248
UBFC_PHYS_s17_T3_ctrl,74,23,74.76666666666667,0.695253849029541,0.1465815991407588
UBFC_PHYS_s17_T3_ctrl,74,24,74.8,0.7642227411270142,0.08526803051527894
UBFC_PHYS_s17_T3_ctrl,74,25,74.83333333333333,0.7442882061004639,0.024495815455712566
UBFC_PHYS_s17_T3_ctrl,74,26,74.86666666666666,0.619554340839386,-0.03474964092783651
UBFC_PHYS_s17_T3_ctrl,74,27,74.9,0.4399215877056122,-0.09643636426332473
UBFC_PHYS_s17_T3_ctrl,74,28,74.93333333333334,0.25344112515449524,-0.16876228825264045
UBFC_PHYS_s17_T3_ctrl,74,29,74.96666666666667,0.036737047135829926,-0.2612334485916215
UBFC_PHYS_s17_T3_ctrl,74,30,75.0,-0.26630687713623047,-0.3800632011394797
UBFC_PHYS_s17_T3_ctrl,74,31,75.03333333333333,-0.6193450093269348,-0.5232163338401833
UBFC_PHYS_s17_T3_ctrl,74,32,75.06666666666666,-0.8374303579330444,-0.6768654461728576
UBFC_PHYS_s17_T3_ctrl,74,33,75.1,-0.741468608379364,-0.814961110049741
UBFC_PHYS_s17_T3_ctrl,74,34,75.13333333333334,-0.3518858551979065,-0.9030042998476342
UBFC_PHYS_s17_T3_ctrl,74,35,75.16666666666667,0.14022545516490936,-0.9059903881315908
UBFC_PHYS_s17_T3_ctrl,74,36,75.2,0.5889912247657776,-0.7990298029282459
UBFC_PHYS_s17_T3_ctrl,74,37,75.23333333333333,0.9523887634277344,-0.5776565080337923
UBFC_PHYS_s17_T3_ctrl,74,38,75.26666666666667,1.1855156421661377,-0.26389770590396133
UBFC_PHYS_s17_T3_ctrl,74,39,75.3,1.2532905340194702,0.0953793896077287
UBFC_PHYS_s17_T3_ctrl,74,40,75.33333333333333,1.2108697891235352,0.43901031290126646
UBFC_PHYS_s17_T3_ctrl,74,41,75.36666666666666,1.1731663942337036,0.70832791463646
UBFC_PHYS_s17_T3_ctrl,74,42,75.4,1.226075291633606,0.8639357411643672
UBFC_PHYS_s17_T3_ctrl,74,43,75.43333333333334,1.3210654258728027,0.8955140722130044
UBFC_PHYS_s17_T3_ctrl,74,44,75.46666666666667,1.2900810241699219,0.8211907846649678
UBFC_PHYS_s17_T3_ctrl,74,45,75.5,1.0589908361434937,0.6779976990581847
UBFC_PHYS_s17_T3_ctrl,74,46,75.53333333333333,0.78646320104599,0.508083937253354
UBFC_PHYS_s17_T3_ctrl,74,47,75.56666666666666,0.6844730973243713,0.34594258307472686
UBFC_PHYS_s17_T3_ctrl,74,48,75.6,0.7932289838790894,0.21073047998530867
UBFC_PHYS_s17_T3_ctrl,74,49,75.63333333333334,0.9601495265960693,0.10554909247200936
UBFC_PHYS_s17_T3_ctrl,74,50,75.66666666666667,0.9703801274299622,0.022946071241733312
UBFC_PHYS_s17_T3_ctrl,74,51,75.7,0.7819565534591675,-0.04638956596975607
UBFC_PHYS_s17_T3_ctrl,74,52,75.73333333333333,0.6315524578094482,-0.10594666555581018
UBFC_PHYS_s17_T3_ctrl,74,53,75.76666666666667,0.7563214898109436,-0.1502415664456538
UBFC_PHYS_s17_T3_ctrl,74,54,75.8,1.0538287162780762,-0.16723395063955213
UBFC_PHYS_s17_T3_ctrl,74,55,75.83333333333333,1.2641884088516235,-0.14460905982971373
UBFC_PHYS_s17_T3_ctrl,74,56,75.86666666666666,1.3051928281784058,-0.07680299392969404
UBFC_PHYS_s17_T3_ctrl,74,57,75.9,1.2283577919006348,0.030260194172077762
UBFC_PHYS_s17_T3_ctrl,74,58,75.93333333333334,1.073294997215271,0.1586751958527918
UBFC_PHYS_s17_T3_ctrl,74,59,75.96666666666667,0.8798965811729431,0.2826200140612243
UBFC_PHYS_s17_T3_ctrl,74,60,76.0,0.6992220282554626,0.37552921502370135
UBFC_PHYS_s17_T3_ctrl,74,61,76.03333333333333,0.5901618003845215,0.41770545022820926
UBFC_PHYS_s17_T3_ctrl,74,62,76.06666666666666,0.6423566341400146,0.4015584124181528
UBFC_PHYS_s17_T3_ctrl,74,63,76.1,0.9041972160339355,0.3326730010068535
UBFC_PHYS_s17_T3_ctrl,74,64,76.13333333333334,1.294213056564331,0.2266627460978067
UBFC_PHYS_s17_T3_ctrl,74,65,76.16666666666667,1.6577861309051514,0.10347224692949604
UBFC_PHYS_s17_T3_ctrl,74,66,76.2,1.8618600368499756,-0.018345557760392355
UBFC_PHYS_s17_T3_ctrl,74,67,76.23333333333333,1.8372433185577393,-0.12526897419617658
UBFC_PHYS_s17_T3_ctrl,74,68,76.26666666666667,1.5965780019760132,-0.2097005923561282
UBFC_PHYS_s17_T3_ctrl,74,69,76.3,1.2027578353881836,-0.26888334699019345
UBFC_PHYS_s17_T3_ctrl,74,70,76.33333333333333,0.7071817517280579,-0.30313297768257896
UBFC_PHYS_s17_T3_ctrl,74,71,76.36666666666666,0.2089836150407791,-0.314391130533154
UBFC_PHYS_s17_T3_ctrl,74,72,76.4,-0.09486798942089081,-0.3055574658122363
UBFC_PHYS_s17_T3_ctrl,74,73,76.43333333333334,-0.08139494806528091,-0.2805845444808999
UBFC_PHYS_s17_T3_ctrl,74,74,76.46666666666667,0.13844621181488037,-0.24501332093897574
UBFC_PHYS_s17_T3_ctrl,74,75,76.5,0.3556068241596222,-0.2064709994034574
UBFC_PHYS_s17_T3_ctrl,74,76,76.53333333333333,0.47447624802589417,-0.17461539296077594
UBFC_PHYS_s17_T3_ctrl,74,77,76.56666666666666,0.5141813158988953,-0.16014016671255382
UBFC_PHYS_s17_T3_ctrl,74,78,76.6,0.4983906149864197,-0.17277603703033537
UBFC_PHYS_s17_T3_ctrl,74,79,76.63333333333334,0.45309028029441833,-0.21861721682251017
UBFC_PHYS_s17_T3_ctrl,74,80,76.66666666666667,0.4181727468967438,-0.29741052150790204
UBFC_PHYS_s17_T3_ctrl,74,81,76.7,0.41874632239341736,-0.4005764510183475
UBFC_PHYS_s17_T3_ctrl,74,82,76.73333333333333,0.42187169194221497,-0.5106907322973386
UBFC_PHYS_s17_T3_ctrl,74,83,76.76666666666667,0.3550800681114197,-0.6030345188974672
UBFC_PHYS_s17_T3_ctrl,74,84,76.8,0.19589684903621674,-0.6496040429141624
UBFC_PHYS_s17_T3_ctrl,74,85,76.83333333333333,-0.0321381650865078,-0.6253970302028623
UBFC_PHYS_s17_T3_ctrl,74,86,76.86666666666666,-0.35865163803100586,-0.5157756082831597
UBFC_PHYS_s17_T3_ctrl,74,87,76.9,-0.8353350758552551,-0.32268582054784295
UBFC_PHYS_s17_T3_ctrl,74,88,76.93333333333334,-1.4203529357910156,-0.06717113809669033
UBFC_PHYS_s17_T3_ctrl,74,89,76.96666666666667,-1.9979262351989746,0.2135582185678252
UBFC_PHYS_s17_T3_ctrl,74,90,77.0,-2.483213186264038,0.4743333132921942
UBFC_PHYS_s17_T3_ctrl,74,91,77.03333333333333,-2.828151226043701,0.6732376791056764
UBFC_PHYS_s17_T3_ctrl,74,92,77.06666666666666,-2.975710868835449,0.7822794817010857
UBFC_PHYS_s17_T3_ctrl,74,93,77.1,-2.8691790103912354,0.79406334807305
UBFC_PHYS_s17_T3_ctrl,74,94,77.13333333333334,-2.545029878616333,0.7223554424558624
UBFC_PHYS_s17_T3_ctrl,74,95,77.16666666666667,-2.1377251148223877,0.5965060425116945
UBFC_PHYS_s17_T3_ctrl,74,96,77.2,-1.7483296394348145,0.45171985476250853
UBFC_PHYS_s17_T3_ctrl,74,97,77.23333333333333,-1.3828485012054443,0.31848694218504997
UBFC_PHYS_s17_T3_ctrl,74,98,77.26666666666667,-1.0551060438156128,0.21469004346374093
UBFC_PHYS_s17_T3_ctrl,74,99,77.3,-0.8082602024078369,0.14290744193067217
UBFC_PHYS_s17_T3_ctrl,74,100,77.33333333333333,-0.603484034538269,0.09352195852896492
UBFC_PHYS_s17_T3_ctrl,74,101,77.36666666666666,-0.3641532063484192,0.052058245422504604
UBFC_PHYS_s17_T3_ctrl,74,102,77.4,-0.11052995920181274,0.007508699274965756
UBFC_PHYS_s17_T3_ctrl,74,103,77.43333333333334,0.08350055664777756,-0.041976764702003184
UBFC_PHYS_s17_T3_ctrl,74,104,77.46666666666667,0.21117253601551056,-0.0884671523553817
UBFC_PHYS_s17_T3_ctrl,74,105,77.5,0.2943284809589386,-0.11879369790856839
UBFC_PHYS_s17_T3_ctrl,74,106,77.53333333333333,0.30018123984336853,-0.1219107558312121
UBFC_PHYS_s17_T3_ctrl,74,107,77.56666666666666,0.2095922976732254,-0.0953859640811535
UBFC_PHYS_s17_T3_ctrl,74,108,77.6,0.09114425629377365,-0.04783148561138076
UBFC_PHYS_s17_T3_ctrl,74,109,77.63333333333334,0.024200448766350746,0.003926334814797393
UBFC_PHYS_s17_T3_ctrl,74,110,77.66666666666667,-0.018325665965676308,0.04167926393588065
UBFC_PHYS_s17_T3_ctrl,74,111,77.7,-0.12155655026435852,0.05352983053261359
UBFC_PHYS_s17_T3_ctrl,74,112,77.73333333333333,-0.24551787972450256,0.038820859282741725
UBFC_PHYS_s17_T3_ctrl,74,113,77.76666666666667,-0.19291332364082336,0.007953205426884883
UBFC_PHYS_s17_T3_ctrl,74,114,77.8,0.1280166059732437,-0.022709484260024976
UBFC_PHYS_s17_T3_ctrl,74,115,77.83333333333333,0.5404368042945862,-0.03828422926022213
UBFC_PHYS_s17_T3_ctrl,74,116,77.86666666666666,0.8307334184646606,-0.03173378055653031
UBFC_PHYS_s17_T3_ctrl,74,117,77.9,0.9539924263954163,-0.006507673476105884
UBFC_PHYS_s17_T3_ctrl,74,118,77.93333333333334,0.9636260271072388,0.025409795892419425
UBFC_PHYS_s17_T3_ctrl,74,119,77.96666666666667,0.9030851721763611,0.04894602456371881
UBFC_PHYS_s17_T3_ctrl,74,120,78.0,0.8333671689033508,0.05238490501449455
UBFC_PHYS_s17_T3_ctrl,74,121,78.03333333333333,0.8256531953811646,0.032051823816402605
UBFC_PHYS_s17_T3_ctrl,74,122,78.06666666666666,0.8715271353721619,-0.006553960622938822
UBFC_PHYS_s17_T3_ctrl,74,123,78.1,0.9157856702804565,-0.05131534159568093
UBFC_PHYS_s17_T3_ctrl,74,124,78.13333333333334,0.9383187294006348,-0.08834144182078597
UBFC_PHYS_s17_T3_ctrl,74,125,78.16666666666667,0.9379558563232422,-0.10695597140344976
UBFC_PHYS_s17_T3_ctrl,74,126,78.2,0.8833730816841125,-0.10296648503710286
UBFC_PHYS_s17_T3_ctrl,74,127,78.23333333333333,0.7427197098731995,-0.0792914353441928
UBFC_PHYS_s17_T3_ctrl,74,128,78.26666666666667,0.5421223640441895,-0.044082257320533474
UBFC_PHYS_s17_T3_ctrl,74,129,78.3,0.3412441611289978,-0.007377754929530882
UBFC_PHYS_s17_T3_ctrl,74,130,78.33333333333333,0.1430933028459549,0.02215042671736253
UBFC_PHYS_s17_T3_ctrl,74,131,78.36666666666666,-0.07975617796182632,0.03902898114270539
UBFC_PHYS_s17_T3_ctrl,74,132,78.4,-0.2560528516769409,0.04103197126960635
UBFC_PHYS_s17_T3_ctrl,74,133,78.43333333333334,-0.2581130266189575,0.028027855796545133
UBFC_PHYS_s17_T3_ctrl,74,134,78.46666666666667,-0.09567566961050034,0.00044572208508121113
UBFC_PHYS_s17_T3_ctrl,74,135,78.5,0.08240024000406265,-0.041982734501572846
UBFC_PHYS_s17_T3_ctrl,74,136,78.53333333333333,0.1717717945575714,-0.10063178206707611
UBFC_PHYS_s17_T3_ctrl,74,137,78.56666666666666,0.17382025718688965,-0.17710343683183913
UBFC_PHYS_s17_T3_ctrl,74,138,78.6,0.11094997078180313,-0.2710951864961668
UBFC_PHYS_s17_T3_ctrl,74,139,78.63333333333334,0.019494833424687386,-0.37771224488244265
UBFC_PHYS_s17_T3_ctrl,74,140,78.66666666666667,-0.04085877165198326,-0.4854268500564694
UBFC_PHYS_s17_T3_ctrl,74,141,78.7,-0.03667990490794182,-0.5759465009887709
UBFC_PHYS_s17_T3_ctrl,74,142,78.73333333333333,0.009299335069954395,-0.6267594881063695
UBFC_PHYS_s17_T3_ctrl,74,143,78.76666666666667,0.0651814341545105,-0.6162034466515603
UBFC_PHYS_s17_T3_ctrl,74,144,78.8,0.118816077709198,-0.5298477628907204
UBFC_PHYS_s17_T3_ctrl,74,145,78.83333333333333,0.1538623720407486,-0.3661594951356724
UBFC_PHYS_s17_T3_ctrl,74,146,78.86666666666666,0.16156458854675293,-0.1392318981090454
UBFC_PHYS_s17_T3_ctrl,74,147,78.9,0.1773202121257782,0.12286300585733337
UBFC_PHYS_s17_T3_ctrl,74,148,78.93333333333334,0.23478254675865173,0.38388230697166376
UBFC_PHYS_s17_T3_ctrl,74,149,78.96666666666667,0.288066029548645,0.6074490467970283
UBFC_PHYS_s17_T3_ctrl,74,150,79.0,0.26658642292022705,0.7645454737976803
UBFC_PHYS_s17_T3_ctrl,74,151,79.03333333333333,0.2383878529071808,0.8381441593216041
UBFC_PHYS_s17_T3_ctrl,74,152,79.06666666666666,0.39661121368408203,0.8241496423105129
UBFC_PHYS_s17_T3_ctrl,74,153,79.1,0.8186884522438049,0.7294668334986816
UBFC_PHYS_s17_T3_ctrl,74,154,79.13333333333334,1.3695847988128662,0.5689037217461074
UBFC_PHYS_s17_T3_ctrl,74,155,79.16666666666667,1.8155179023742676,0.3624277709569645
UBFC_PHYS_s17_T3_ctrl,74,156,79.2,1.959308385848999,0.13334115849006276
UBFC_PHYS_s17_T3_ctrl,74,157,79.23333333333333,1.744032382965088,-0.09298413131570092
UBFC_PHYS_s17_T3_ctrl,74,158,79.26666666666667,1.2593189477920532,-0.2904836908901035
UBFC_PHYS_s17_T3_ctrl,74,159,79.3,0.6464769840240479,-0.43448419432471
UBFC_PHYS_s17_T3_ctrl,74,160,79.33333333333333,0.08708243817090988,-0.5049328894374042
UBFC_PHYS_s17_T3_ctrl,74,161,79.36666666666666,-0.21987111866474152,-0.49068818480051396
UBFC_PHYS_s17_T3_ctrl,74,162,79.4,-0.2902914583683014,-0.3937284608355553
UBFC_PHYS_s17_T3_ctrl,74,163,79.43333333333334,-0.3599626421928406,-0.23123105701750574
UBFC_PHYS_s17_T3_ctrl,74,164,79.46666666666667,-0.5310386419296265,-0.0335897833181603
UBFC_PHYS_s17_T3_ctrl,74,165,79.5,-0.7056146264076233,0.16215529261619152
UBFC_PHYS_s17_T3_ctrl,74,166,79.53333333333333,-0.881606936454773,0.3218216110902186
UBFC_PHYS_s17_T3_ctrl,74,167,79.56666666666666,-1.182251214981079,0.42311423817104254
UBFC_PHYS_s17_T3_ctrl,74,168,79.6,-1.605370283126831,0.460585011345415
UBFC_PHYS_s17_T3_ctrl,74,169,79.63333333333334,-1.9763295650482178,0.44459192885111254
UBFC_PHYS_s17_T3_ctrl,74,170,79.66666666666667,-2.129648208618164,0.3951062314811811
UBFC_PHYS_s17_T3_ctrl,74,171,79.7,-2.0889949798583984,0.33343958815210867
UBFC_PHYS_s17_T3_ctrl,74,172,79.73333333333333,-2.024813652038574,0.2753428621181237
UBFC_PHYS_s17_T3_ctrl,74,173,79.76666666666667,-2.001121759414673,0.22767055335563058
UBFC_PHYS_s17_T3_ctrl,74,174,79.8,-1.8455321788787842,0.18894736260157777
UBFC_PHYS_s17_T3_ctrl,74,175,79.83333333333333,-1.4441736936569214,0.15264800519760727
UBFC_PHYS_s17_T3_ctrl,74,176,79.86666666666666,-0.978973388671875,0.11133560940405328
UBFC_PHYS_s17_T3_ctrl,74,177,79.9,-0.7009090185165405,0.06000087122540249
UBFC_PHYS_s17_T3_ctrl,74,178,79.93333333333334,-0.6186426877975464,-0.002326467143486416
UBFC_PHYS_s17_T3_ctrl,74,179,79.96666666666667,-0.5886063575744629,-0.07275328792992913
UBFC_PHYS_s17_T3_ctrl,74,180,80.0,-0.5407425165176392,-0.14588941291893623
UBFC_PHYS_s17_T3_ctrl,74,181,80.03333333333333,-0.4573056697845459,-0.21561430537138213
UBFC_PHYS_s17_T3_ctrl,74,182,80.06666666666666,-0.3200117349624634,-0.27670703723423623
UBFC_PHYS_s17_T3_ctrl,74,183,80.1,-0.18441513180732727,-0.32615144390393325
UBFC_PHYS_s17_T3_ctrl,74,184,80.13333333333334,-0.1393723338842392,-0.36404561509724326
UBFC_PHYS_s17_T3_ctrl,74,185,80.16666666666667,-0.1714337170124054,-0.3939598670779296
UBFC_PHYS_s17_T3_ctrl,74,186,80.2,-0.1943531036376953,-0.4224963730475722
UBFC_PHYS_s17_T3_ctrl,74,187,80.23333333333333,-0.15552593767642975,-0.4578108608522579
UBFC_PHYS_s17_T3_ctrl,74,188,80.26666666666667,-0.02553625963628292,-0.5070279494479485
UBFC_PHYS_s17_T3_ctrl,74,189,80.3,0.20246364176273346,-0.5729069889091887
UBFC_PHYS_s17_T3_ctrl,74,190,80.33333333333333,0.4667506217956543,-0.6507074452540151
UBFC_PHYS_s17_T3_ctrl,74,191,80.36666666666666,0.6966233849525452,-0.7265635069178592
UBFC_PHYS_s17_T3_ctrl,74,192,80.4,0.8599503636360168,-0.7784662230473122
UBFC_PHYS_s17_T3_ctrl,74,193,80.43333333333334,0.9286265969276428,-0.780252778809296
UBFC_PHYS_s17_T3_ctrl,74,194,80.46666666666667,0.9229025840759277,-0.7080979869372793
UBFC_PHYS_s17_T3_ctrl,74,195,80.5,0.9699704647064209,-0.5480934001519719
UBFC_PHYS_s17_T3_ctrl,74,196,80.53333333333333,1.1816762685775757,-0.30277117276296417
UBFC_PHYS_s17_T3_ctrl,74,197,80.56666666666666,1.4680984020233154,0.00587344813484182
UBFC_PHYS_s17_T3_ctrl,74,198,80.6,1.646033763885498,0.3388561264324532
UBFC_PHYS_s17_T3_ctrl,74,199,80.63333333333334,1.645588994026184,0.6486206927663036
UBFC_PHYS_s17_T3_ctrl,74,200,80.66666666666667,1.5550702810287476,0.8914093560751384
UBFC_PHYS_s17_T3_ctrl,74,201,80.7,1.4592138528823853,1.0394255425100432
UBFC_PHYS_s17_T3_ctrl,74,202,80.73333333333333,1.234561800956726,1.0880523778784927
UBFC_PHYS_s17_T3_ctrl,74,203,80.76666666666667,0.6156212687492371,1.054998482411586
UBFC_PHYS_s17_T3_ctrl,74,204,80.8,-0.3371368944644928,0.971565948954931
UBFC_PHYS_s17_T3_ctrl,74,205,80.83333333333333,-1.1428738832473755,0.8697264311738373
UBFC_PHYS_s17_T3_ctrl,74,206,80.86666666666666,-1.4473224878311157,0.7705817710538274
UBFC_PHYS_s17_T3_ctrl,74,207,80.9,-1.2861961126327515,0.6790407713369752
UBFC_PHYS_s17_T3_ctrl,74,208,80.93333333333334,-0.8741154074668884,0.5864068516330259
UBFC_PHYS_s17_T3_ctrl,74,209,80.96666666666667,-0.4412690997123718,0.47872890428755366
UBFC_PHYS_s17_T3_ctrl,74,210,81.0,-0.13620014488697052,0.3462558843259306
UBFC_PHYS_s17_T3_ctrl,74,211,81.03333333333333,0.06007783114910126,0.18934296926504454
UBFC_PHYS_s17_T3_ctrl,74,212,81.06666666666666,0.18504583835601807,0.018515369407921943
UBFC_PHYS_s17_T3_ctrl,74,213,81.1,0.1687868982553482,-0.15049020874099278
UBFC_PHYS_s17_T3_ctrl,74,214,81.13333333333334,-0.0013292666990309954,-0.30374260546596843
UBFC_PHYS_s17_T3_ctrl,74,215,81.16666666666667,-0.2189580798149109,-0.43463353319282005
UBFC_PHYS_s17_T3_ctrl,74,216,81.2,-0.378995805978775,-0.5451502113244446
UBFC_PHYS_s17_T3_ctrl,74,217,81.23333333333333,-0.45530402660369873,-0.6421507824372616
UBFC_PHYS_s17_T3_ctrl,74,218,81.26666666666667,-0.4904322326183319,-0.7304300239176281
UBFC_PHYS_s17_T3_ctrl,74,219,81.3,-0.5418662428855896,-0.8061789190674872
UBFC_PHYS_s17_T3_ctrl,74,220,81.33333333333333,-0.6078150868415833,-0.8544840720831179
UBFC_PHYS_s17_T3_ctrl,74,221,81.36666666666666,-0.6425219178199768,-0.852781233182717
UBFC_PHYS_s17_T3_ctrl,74,222,81.4,-0.640052080154419,-0.7794920549751461
UBFC_PHYS_s17_T3_ctrl,74,223,81.43333333333334,-0.6529983282089233,-0.6246125324475137
UBFC_PHYS_s17_T3_ctrl,74,224,81.46666666666667,-0.705872118473053,-0.3978382168699101
UBFC_PHYS_s17_T3_ctrl,74,225,81.5,-0.7040343880653381,-0.13038951784226183
UBFC_PHYS_s17_T3_ctrl,74,226,81.53333333333333,-0.5087162256240845,0.13110715608639995
UBFC_PHYS_s17_T3_ctrl,74,227,81.56666666666666,-0.17838679254055023,0.3372298259970777
UBFC_PHYS_s17_T3_ctrl,74,228,81.6,0.08148720860481262,0.45055403482158957
UBFC_PHYS_s17_T3_ctrl,74,229,81.63333333333334,0.18593546748161316,0.45702621680867644
UBFC_PHYS_s17_T3_ctrl,74,230,81.66666666666667,0.20560072362422943,0.36943243623950306
UBFC_PHYS_s17_T3_ctrl,74,231,81.7,0.18711772561073303,0.2217972060776436
UBFC_PHYS_s17_T3_ctrl,74,232,81.73333333333333,0.15589912235736847,0.057625809919885876
UBFC_PHYS_s17_T3_ctrl,74,233,81.76666666666667,0.17164303362369537,-0.08270772174178113
UBFC_PHYS_s17_T3_ctrl,74,234,81.8,0.22167238593101501,-0.1708860483794392
UBFC_PHYS_s17_T3_ctrl,74,235,81.83333333333333,0.23164547979831696,-0.19406987306969425
UBFC_PHYS_s17_T3_ctrl,74,236,81.86666666666666,0.20841003954410553,-0.15356594416799815
UBFC_PHYS_s17_T3_ctrl,74,237,81.9,0.2036575973033905,-0.060844426166545514
UBFC_PHYS_s17_T3_ctrl,74,238,81.93333333333334,0.20185495913028717,0.06691552420346986
UBFC_PHYS_s17_T3_ctrl,74,239,81.96666666666667,0.1614709496498108,0.2102899690406016
UBFC_PHYS_s17_T3_ctrl,75,0,75.0,-0.26630687713623047,-0.053887390607530464
UBFC_PHYS_s17_T3_ctrl,75,1,75.03333333333333,-0.6193450093269348,-0.21689041570379292
UBFC_PHYS_s17_T3_ctrl,75,2,75.06666666666666,-0.8374303579330444,-0.37216053920064146
UBFC_PHYS_s17_T3_ctrl,75,3,75.1,-0.741468608379364,-0.5070594580015713
UBFC_PHYS_s17_T3_ctrl,75,4,75.13333333333334,-0.3518858551979065,-0.601750974070333
UBFC_PHYS_s17_T3_ctrl,75,5,75.16666666666667,0.14022545516490936,-0.6324180006309499
UBFC_PHYS_s17_T3_ctrl,75,6,75.2,0.5889912247657776,-0.5791948838594642
UBFC_PHYS_s17_T3_ctrl,75,7,75.23333333333333,0.9523887634277344,-0.43588513321722205
UBFC_PHYS_s17_T3_ctrl,75,8,75.26666666666667,1.1855156421661377,-0.216911672716214
UBFC_PHYS_s17_T3_ctrl,75,9,75.3,1.2532905340194702,0.042599235333110885
UBFC_PHYS_s17_T3_ctrl,75,10,75.33333333333333,1.2108697891235352,0.294856590138772
UBFC_PHYS_s17_T3_ctrl,75,11,75.36666666666666,1.1731663942337036,0.4929747875742295
UBFC_PHYS_s17_T3_ctrl,75,12,75.4,1.226075291633606,0.6047130150048632
UBFC_PHYS_s17_T3_ctrl,75,13,75.43333333333334,1.3210654258728027,0.6208429437784461
UBFC_PHYS_s17_T3_ctrl,75,14,75.46666666666667,1.2900810241699219,0.5551675515082226
UBFC_PHYS_s17_T3_ctrl,75,15,75.5,1.0589908361434937,0.43693139825970534
UBFC_PHYS_s17_T3_ctrl,75,16,75.53333333333333,0.78646320104599,0.2992494901437959
UBFC_PHYS_s17_T3_ctrl,75,17,75.56666666666666,0.6844730973243713,0.16827716056445519
UBFC_PHYS_s17_T3_ctrl,75,18,75.6,0.7932289838790894,0.05708275010486724
UBFC_PHYS_s17_T3_ctrl,75,19,75.63333333333334,0.9601495265960693,-0.03400051727307331
UBFC_PHYS_s17_T3_ctrl,75,20,75.66666666666667,0.9703801274299622,-0.111541077950707
UBFC_PHYS_s17_T3_ctrl,75,21,75.7,0.7819565534591675,-0.18095246047249908
UBFC_PHYS_s17_T3_ctrl,75,22,75.73333333333333,0.6315524578094482,-0.24026786820200674
UBFC_PHYS_s17_T3_ctrl,75,23,75.76666666666667,0.7563214898109436,-0.2787218348301847
UBFC_PHYS_s17_T3_ctrl,75,24,75.8,1.0538287162780762,-0.2806273507155037
UBFC_PHYS_s17_T3_ctrl,75,25,75.83333333333333,1.2641884088516235,-0.2325586904230343
UBFC_PHYS_s17_T3_ctrl,75,26,75.86666666666666,1.3051928281784058,-0.13064952414449144
UBFC_PHYS_s17_T3_ctrl,75,27,75.9,1.2283577919006348,0.015012389417846194
UBFC_PHYS_s17_T3_ctrl,75,28,75.93333333333334,1.073294997215271,0.180834137305611
UBFC_PHYS_s17_T3_ctrl,75,29,75.96666666666667,0.8798965811729431,0.33523754435743497
UBFC_PHYS_s17_T3_ctrl,75,30,76.0,0.6992220282554626,0.44749675320568827
UBFC_PHYS_s17_T3_ctrl,75,31,76.03333333333333,0.5901618003845215,0.496664650795007
UBFC_PHYS_s17_T3_ctrl,75,32,76.06666666666666,0.6423566341400146,0.4771565852138056
UBFC_PHYS_s17_T3_ctrl,75,33,76.1,0.9041972160339355,0.39892354044710854
UBFC_PHYS_s17_T3_ctrl,75,34,76.13333333333334,1.294213056564331,0.28258754092188
UBFC_PHYS_s17_T3_ctrl,75,35,76.16666666666667,1.6577861309051514,0.152084940356892
UBFC_PHYS_s17_T3_ctrl,75,36,76.2,1.8618600368499756,0.02804276528427528
UBFC_PHYS_s17_T3_ctrl,75,37,76.23333333333333,1.8372433185577393,-0.07586732419334621
UBFC_PHYS_s17_T3_ctrl,75,38,76.26666666666667,1.5965780019760132,-0.15324139872386616
UBFC_PHYS_s17_T3_ctrl,75,39,76.3,1.2027578353881836,-0.20313165125758478
UBFC_PHYS_s17_T3_ctrl,75,40,76.33333333333333,0.7071817517280579,-0.227727332725609
UBFC_PHYS_s17_T3_ctrl,75,41,76.36666666666666,0.2089836150407791,-0.230645183210136
UBFC_PHYS_s17_T3_ctrl,75,42,76.4,-0.09486798942089081,-0.2162367760136948
UBFC_PHYS_s17_T3_ctrl,75,43,76.43333333333334,-0.08139494806528091,-0.18976101733984463
UBFC_PHYS_s17_T3_ctrl,75,44,76.46666666666667,0.13844621181488037,-0.15793478820499784
UBFC_PHYS_s17_T3_ctrl,75,45,76.5,0.3556068241596222,-0.12923801693148804
UBFC_PHYS_s17_T3_ctrl,75,46,76.53333333333333,0.47447624802589417,-0.11339144910415434
UBFC_PHYS_s17_T3_ctrl,75,47,76.56666666666666,0.5141813158988953,-0.11971082879845954
UBFC_PHYS_s17_T3_ctrl,75,48,76.6,0.4983906149864197,-0.15456765612165507
UBFC_PHYS_s17_T3_ctrl,75,49,76.63333333333334,0.45309028029441833,-0.21874091285919783
UBFC_PHYS_s17_T3_ctrl,75,50,76.66666666666667,0.4181727468967438,-0.30572114813454143
UBFC_PHYS_s17_T3_ctrl,75,51,76.7,0.41874632239341736,-0.4017977036197558
UBFC_PHYS_s17_T3_ctrl,75,52,76.73333333333333,0.42187169194221497,-0.48808938859626144
UBFC_PHYS_s17_T3_ctrl,75,53,76.76666666666667,0.3550800681114197,-0.5440573762352691
UBFC_PHYS_s17_T3_ctrl,75,54,76.8,0.19589684903621674,-0.5518206409093046
UBFC_PHYS_s17_T3_ctrl,75,55,76.83333333333333,-0.0321381650865078,-0.5005094949358092
UBFC_PHYS_s17_T3_ctrl,75,56,76.86666666666666,-0.35865163803100586,-0.38964338751108973
UBFC_PHYS_s17_T3_ctrl,75,57,76.9,-0.8353350758552551,-0.23036999346601392
UBFC_PHYS_s17_T3_ctrl,75,58,76.93333333333334,-1.4203529357910156,-0.04377935949499446
UBFC_PHYS_s17_T3_ctrl,75,59,76.96666666666667,-1.9979262351989746,0.14350778025425992
UBFC_PHYS_s17_T3_ctrl,75,60,77.0,-2.483213186264038,0.3051110642665285
UBFC_PHYS_s17_T3_ctrl,75,61,77.03333333333333,-2.828151226043701,0.4202038044967017
UBFC_PHYS_s17_T3_ctrl,75,62,77.06666666666666,-2.975710868835449,0.47721099772229497
UBFC_PHYS_s17_T3_ctrl,75,63,77.1,-2.8691790103912354,0.47560262565626643
UBFC_PHYS_s17_T3_ctrl,75,64,77.13333333333334,-2.545029878616333,0.4256785679500448
UBFC_PHYS_s17_T3_ctrl,75,65,77.16666666666667,-2.1377251148223877,0.3461374011612615
UBFC_PHYS_s17_T3_ctrl,75,66,77.2,-1.7483296394348145,0.2595569963340014
UBFC_PHYS_s17_T3_ctrl,75,67,77.23333333333333,-1.3828485012054443,0.18666033761475412
UBFC_PHYS_s17_T3_ctrl,75,68,77.26666666666667,-1.0551060438156128,0.14093540415101055
UBFC_PHYS_s17_T3_ctrl,75,69,77.3,-0.8082602024078369,0.1254493919227817
UBFC_PHYS_s17_T3_ctrl,75,70,77.33333333333333,-0.603484034538269,0.13327174124922686
UBFC_PHYS_s17_T3_ctrl,75,71,77.36666666666666,-0.3641532063484192,0.1516378659419015
UBFC_PHYS_s17_T3_ctrl,75,72,77.4,-0.11052995920181274,0.16818416150232918
UBFC_PHYS_s17_T3_ctrl,75,73,77.43333333333334,0.08350055664777756,0.17631563880360662
UBFC_PHYS_s17_T3_ctrl,75,74,77.46666666666667,0.21117253601551056,0.1770018246379452
UBFC_PHYS_s17_T3_ctrl,75,75,77.5,0.2943284809589386,0.1761135612898592
UBFC_PHYS_s17_T3_ctrl,75,76,77.53333333333333,0.30018123984336853,0.17893174681898127
UBFC_PHYS_s17_T3_ctrl,75,77,77.56666666666666,0.2095922976732254,0.18510229323941943
UBFC_PHYS_s17_T3_ctrl,75,78,77.6,0.09114425629377365,0.18699365791940628
UBFC_PHYS_s17_T3_ctrl,75,79,77.63333333333334,0.024200448766350746,0.17256208211252397
UBFC_PHYS_s17_T3_ctrl,75,80,77.66666666666667,-0.018325665965676308,0.13157922171954348
UBFC_PHYS_s17_T3_ctrl,75,81,77.7,-0.12155655026435852,0.062256881811775994
UBFC_PHYS_s17_T3_ctrl,75,82,77.73333333333333,-0.24551787972450256,-0.025372191480518124
UBFC_PHYS_s17_T3_ctrl,75,83,77.76666666666667,-0.19291332364082336,-0.11169225005051842
UBFC_PHYS_s17_T3_ctrl,75,84,77.8,0.1280166059732437,-0.17473217033194524
UBFC_PHYS_s17_T3_ctrl,75,85,77.83333333333333,0.5404368042945862,-0.19899078702449768
UBFC_PHYS_s17_T3_ctrl,75,86,77.86666666666666,0.8307334184646606,-0.18181576071455824
UBFC_PHYS_s17_T3_ctrl,75,87,77.9,0.9539924263954163,-0.13465831593693126
UBFC_PHYS_s17_T3_ctrl,75,88,77.93333333333334,0.9636260271072388,-0.0787796132344965
UBFC_PHYS_s17_T3_ctrl,75,89,77.96666666666667,0.9030851721763611,-0.037199534914948776
UBFC_PHYS_s17_T3_ctrl,75,90,78.0,0.8333671689033508,-0.026145604995562836
UBFC_PHYS_s17_T3_ctrl,75,91,78.03333333333333,0.8256531953811646,-0.04938148629325751
UBFC_PHYS_s17_T3_ctrl,75,92,78.06666666666666,0.8715271353721619,-0.09747395729865685
UBFC_PHYS_s17_T3_ctrl,75,93,78.1,0.9157856702804565,-0.15197431003555406
UBFC_PHYS_s17_T3_ctrl,75,94,78.13333333333334,0.9383187294006348,-0.19261190179491056
UBFC_PHYS_s17_T3_ctrl,75,95,78.16666666666667,0.9379558563232422,-0.20462535847976954
UBFC_PHYS_s17_T3_ctrl,75,96,78.2,0.8833730816841125,-0.18354938432214613
UBFC_PHYS_s17_T3_ctrl,75,97,78.23333333333333,0.7427197098731995,-0.13590422258625123
UBFC_PHYS_s17_T3_ctrl,75,98,78.26666666666667,0.5421223640441895,-0.07581698799750757
UBFC_PHYS_s17_T3_ctrl,75,99,78.3,0.3412441611289978,-0.019157444108571772
UBFC_PHYS_s17_T3_ctrl,75,100,78.33333333333333,0.1430933028459549,0.022235759302213897
UBFC_PHYS_s17_T3_ctrl,75,101,78.36666666666666,-0.07975617796182632,0.04383106898538001
UBFC_PHYS_s17_T3_ctrl,75,102,78.4,-0.2560528516769409,0.04817100325587945
UBFC_PHYS_s17_T3_ctrl,75,103,78.43333333333334,-0.2581130266189575,0.04181534244505948
UBFC_PHYS_s17_T3_ctrl,75,104,78.46666666666667,-0.09567566961050034,0.031142683894724976
UBFC_PHYS_s17_T3_ctrl,75,105,78.5,0.08240024000406265,0.018839202722124852
UBFC_PHYS_s17_T3_ctrl,75,106,78.53333333333333,0.1717717945575714,0.002486852558306181
UBFC_PHYS_s17_T3_ctrl,75,107,78.56666666666666,0.17382025718688965,-0.024140410868507302
UBFC_PHYS_s17_T3_ctrl,75,108,78.6,0.11094997078180313,-0.0674957712155753
UBFC_PHYS_s17_T3_ctrl,75,109,78.63333333333334,0.019494833424687386,-0.12978762102813762
UBFC_PHYS_s17_T3_ctrl,75,110,78.66666666666667,-0.04085877165198326,-0.205552799990317
UBFC_PHYS_s17_T3_ctrl,75,111,78.7,-0.03667990490794182,-0.2809894886305743
UBFC_PHYS_s17_T3_ctrl,75,112,78.73333333333333,0.009299335069954395,-0.3367359356281341
UBFC_PHYS_s17_T3_ctrl,75,113,78.76666666666667,0.0651814341545105,-0.35339659686817965
UBFC_PHYS_s17_T3_ctrl,75,114,78.8,0.118816077709198,-0.3179800776859097
UBFC_PHYS_s17_T3_ctrl,75,115,78.83333333333333,0.1538623720407486,-0.22889993392533622
UBFC_PHYS_s17_T3_ctrl,75,116,78.86666666666666,0.16156458854675293,-0.09748960343781296
UBFC_PHYS_s17_T3_ctrl,75,117,78.9,0.1773202121257782,0.05483444296717128
UBFC_PHYS_s17_T3_ctrl,75,118,78.93333333333334,0.23478254675865173,0.20284450664628317
UBFC_PHYS_s17_T3_ctrl,75,119,78.96666666666667,0.288066029548645,0.3246888318876753
UBFC_PHYS_s17_T3_ctrl,75,120,79.0,0.26658642292022705,0.4069346786752157
UBFC_PHYS_s17_T3_ctrl,75,121,79.03333333333333,0.2383878529071808,0.44544496519574556
UBFC_PHYS_s17_T3_ctrl,75,122,79.06666666666666,0.39661121368408203,0.44234469338763294
UBFC_PHYS_s17_T3_ctrl,75,123,79.1,0.8186884522438049,0.4014603194531647
UBFC_PHYS_s17_T3_ctrl,75,124,79.13333333333334,1.3695847988128662,0.3252330155142653
UBFC_PHYS_s17_T3_ctrl,75,125,79.16666666666667,1.8155179023742676,0.2149834547697486
UBFC_PHYS_s17_T3_ctrl,75,126,79.2,1.959308385848999,0.0742806489984807
UBFC_PHYS_s17_T3_ctrl,75,127,79.23333333333333,1.744032382965088,-0.08672544491089289
UBFC_PHYS_s17_T3_ctrl,75,128,79.26666666666667,1.2593189477920532,-0.24880917846029693
UBFC_PHYS_s17_T3_ctrl,75,129,79.3,0.6464769840240479,-0.38510972125024107
UBFC_PHYS_s17_T3_ctrl,75,130,79.33333333333333,0.08708243817090988,-0.4669600120501451
UBFC_PHYS_s17_T3_ctrl,75,131,79.36666666666666,-0.21987111866474152,-0.4725095099016688
UBFC_PHYS_s17_T3_ctrl,75,132,79.4,-0.2902914583683014,-0.39485402571930717
UBFC_PHYS_s17_T3_ctrl,75,133,79.43333333333334,-0.3599626421928406,-0.24606864137267803
UBFC_PHYS_s17_T3_ctrl,75,134,79.46666666666667,-0.5310386419296265,-0.05504473762080207
UBFC_PHYS_s17_T3_ctrl,75,135,79.5,-0.7056146264076233,0.14045058018993797
UBFC_PHYS_s17_T3_ctrl,75,136,79.53333333333333,-0.881606936454773,0.3048003569858109
UBFC_PHYS_s17_T3_ctrl,75,137,79.56666666666666,-1.182251214981079,0.41469261873910873
UBFC_PHYS_s17_T3_ctrl,75,138,79.6,-1.605370283126831,0.4645988690370482
UBFC_PHYS_s17_T3_ctrl,75,139,79.63333333333334,-1.9763295650482178,0.46558196860496104
UBFC_PHYS_s17_T3_ctrl,75,140,79.66666666666667,-2.129648208618164,0.43839391177205694
UBFC_PHYS_s17_T3_ctrl,75,141,79.7,-2.0889949798583984,0.4042583525555211
UBFC_PHYS_s17_T3_ctrl,75,142,79.73333333333333,-2.024813652038574,0.3772218042129341
UBFC_PHYS_s17_T3_ctrl,75,143,79.76666666666667,-2.001121759414673,0.36063430233976557
UBFC_PHYS_s17_T3_ctrl,75,144,79.8,-1.8455321788787842,0.34823580892273365
UBFC_PHYS_s17_T3_ctrl,75,145,79.83333333333333,-1.4441736936569214,0.328526055578946
UBFC_PHYS_s17_T3_ctrl,75,146,79.86666666666666,-0.978973388671875,0.29023418438980103
UBFC_PHYS_s17_T3_ctrl,75,147,79.9,-0.7009090185165405,0.22682677726492162
UBFC_PHYS_s17_T3_ctrl,75,148,79.93333333333334,-0.6186426877975464,0.13875837932992335
UBFC_PHYS_s17_T3_ctrl,75,149,79.96666666666667,-0.5886063575744629,0.03316239215956998
UBFC_PHYS_s17_T3_ctrl,75,150,80.0,-0.5407425165176392,-0.07846936334923962
UBFC_PHYS_s17_T3_ctrl,75,151,80.03333333333333,-0.4573056697845459,-0.1836261008549256
UBFC_PHYS_s17_T3_ctrl,75,152,80.06666666666666,-0.3200117349624634,-0.27214011485829
UBFC_PHYS_s17_T3_ctrl,75,153,80.1,-0.18441513180732727,-0.3387712166532117
UBFC_PHYS_s17_T3_ctrl,75,154,80.13333333333334,-0.1393723338842392,-0.38440892116523434
UBFC_PHYS_s17_T3_ctrl,75,155,80.16666666666667,-0.1714337170124054,-0.4155858023916361
UBFC_PHYS_s17_T3_ctrl,75,156,80.2,-0.1943531036376953,-0.4424696366525722
UBFC_PHYS_s17_T3_ctrl,75,157,80.23333333333333,-0.15552593767642975,-0.4758646747120569
UBFC_PHYS_s17_T3_ctrl,75,158,80.26666666666667,-0.02553625963628292,-0.5237967659379933
UBFC_PHYS_s17_T3_ctrl,75,159,80.3,0.20246364176273346,-0.5882686241148953
UBFC_PHYS_s17_T3_ctrl,75,160,80.33333333333333,0.4667506217956543,-0.6629847965836722
UBFC_PHYS_s17_T3_ctrl,75,161,80.36666666666666,0.6966233849525452,-0.7329348177072239
UBFC_PHYS_s17_T3_ctrl,75,162,80.4,0.8599503636360168,-0.7763525585031756
UBFC_PHYS_s17_T3_ctrl,75,163,80.43333333333334,0.9286265969276428,-0.768969359611002
UBFC_PHYS_s17_T3_ctrl,75,164,80.46666666666667,0.9229025840759277,-0.6899699126098581
UBFC_PHYS_s17_T3_ctrl,75,165,80.5,0.9699704647064209,-0.5285617389397693
UBFC_PHYS_s17_T3_ctrl,75,166,80.53333333333333,1.1816762685775757,-0.2894870813557189
UBFC_PHYS_s17_T3_ctrl,75,167,80.56666666666666,1.4680984020233154,0.004575637174295031
UBFC_PHYS_s17_T3_ctrl,75,168,80.6,1.646033763885498,0.31549490430086014
UBFC_PHYS_s17_T3_ctrl,75,169,80.63333333333334,1.645588994026184,0.5975785959458922
UBFC_PHYS_s17_T3_ctrl,75,170,80.66666666666667,1.5550702810287476,0.8093194966386467
UBFC_PHYS_s17_T3_ctrl,75,171,80.7,1.4592138528823853,0.9252807846142336
UBFC_PHYS_s17_T3_ctrl,75,172,80.73333333333333,1.234561800956726,0.9433433851837197
UBFC_PHYS_s17_T3_ctrl,75,173,80.76666666666667,0.6156212687492371,0.883716400031933
UBFC_PHYS_s17_T3_ctrl,75,174,80.8,-0.3371368944644928,0.7796086754445847
UBFC_PHYS_s17_T3_ctrl,75,175,80.83333333333333,-1.1428738832473755,0.6635207969537483
UBFC_PHYS_s17_T3_ctrl,75,176,80.86666666666666,-1.4473224878311157,0.5554133823068708
UBFC_PHYS_s17_T3_ctrl,75,177,80.9,-1.2861961126327515,0.4581319735057511
UBFC_PHYS_s17_T3_ctrl,75,178,80.93333333333334,-0.8741154074668884,0.36167800049093035
UBFC_PHYS_s17_T3_ctrl,75,179,80.96666666666667,-0.4412690997123718,0.2533476719680487
UBFC_PHYS_s17_T3_ctrl,75,180,81.0,-0.13620014488697052,0.12797452421264435
UBFC_PHYS_s17_T3_ctrl,75,181,81.03333333333333,0.06007783114910126,-0.007111337704313164
UBFC_PHYS_s17_T3_ctrl,75,182,81.06666666666666,0.18504583835601807,-0.13459106295334425
UBFC_PHYS_s17_T3_ctrl,75,183,81.1,0.1687868982553482,-0.23532744471128936
UBFC_PHYS_s17_T3_ctrl,75,184,81.13333333333334,-0.0013292666990309954,-0.2978241468512978
UBFC_PHYS_s17_T3_ctrl,75,185,81.16666666666667,-0.2189580798149109,-0.32428160005942985
UBFC_PHYS_s17_T3_ctrl,75,186,81.2,-0.378995805978775,-0.3302313020647658
UBFC_PHYS_s17_T3_ctrl,75,187,81.23333333333333,-0.45530402660369873,-0.3376558514100104
UBFC_PHYS_s17_T3_ctrl,75,188,81.26666666666667,-0.4904322326183319,-0.3645335022743917
UBFC_PHYS_s17_T3_ctrl,75,189,81.3,-0.5418662428855896,-0.41548144455717356
UBFC_PHYS_s17_T3_ctrl,75,190,81.33333333333333,-0.6078150868415833,-0.47774223489420065
UBFC_PHYS_s17_T3_ctrl,75,191,81.36666666666666,-0.6425219178199768,-0.5244804599145447
UBFC_PHYS_s17_T3_ctrl,75,192,81.4,-0.640052080154419,-0.5243260659393502
UBFC_PHYS_s17_T3_ctrl,75,193,81.43333333333334,-0.6529983282089233,-0.4535760590618889
UBFC_PHYS_s17_T3_ctrl,75,194,81.46666666666667,-0.705872118473053,-0.306416120410584
UBFC_PHYS_s17_T3_ctrl,75,195,81.5,-0.7040343880653381,-0.09926700836697283
UBFC_PHYS_s17_T3_ctrl,75,196,81.53333333333333,-0.5087162256240845,0.13245923817516908
UBFC_PHYS_s17_T3_ctrl,75,197,81.56666666666666,-0.17838679254055023,0.3441985900612264
UBFC_PHYS_s17_T3_ctrl,75,198,81.6,0.08148720860481262,0.49540500970695
UBFC_PHYS_s17_T3_ctrl,75,199,81.63333333333334,0.18593546748161316,0.5615280649009747
UBFC_PHYS_s17_T3_ctrl,75,200,81.66666666666667,0.20560072362422943,0.5404376196091083
UBFC_PHYS_s17_T3_ctrl,75,201,81.7,0.18711772561073303,0.4509635251486325
UBFC_PHYS_s17_T3_ctrl,75,202,81.73333333333333,0.15589912235736847,0.32466230730848744
UBFC_PHYS_s17_T3_ctrl,75,203,81.76666666666667,0.17164303362369537,0.1947656504079372
UBFC_PHYS_s17_T3_ctrl,75,204,81.8,0.22167238593101501,0.08675790868558206
UBFC_PHYS_s17_T3_ctrl,75,205,81.83333333333333,0.23164547979831696,0.01344967899826665
UBFC_PHYS_s17_T3_ctrl,75,206,81.86666666666666,0.20841003954410553,-0.024902698698842766
UBFC_PHYS_s17_T3_ctrl,75,207,81.9,0.2036575973033905,-0.03683708446290071
UBFC_PHYS_s17_T3_ctrl,75,208,81.93333333333334,0.20185495913028717,-0.03463229086751047
UBFC_PHYS_s17_T3_ctrl,75,209,81.96666666666667,0.1614709496498108,-0.030040995012538298
UBFC_PHYS_s17_T3_ctrl,75,210,82.0,0.09995850175619125,-0.03176131382290403
UBFC_PHYS_s17_T3_ctrl,75,211,82.03333333333333,0.05079536512494087,-0.04445113894382566
UBFC_PHYS_s17_T3_ctrl,75,212,82.06666666666666,-0.014146799221634865,-0.06861629029625782
UBFC_PHYS_s17_T3_ctrl,75,213,82.1,-0.1382720172405243,-0.10091778353375881
UBFC_PHYS_s17_T3_ctrl,75,214,82.13333333333334,-0.2979234457015991,-0.13491039064067675
UBFC_PHYS_s17_T3_ctrl,75,215,82.16666666666667,-0.39928144216537476,-0.16246518695159118
UBFC_PHYS_s17_T3_ctrl,75,216,82.2,-0.3552219271659851,-0.17591163585795278
UBFC_PHYS_s17_T3_ctrl,75,217,82.23333333333333,-0.18072789907455444,-0.17046066812426144
UBFC_PHYS_s17_T3_ctrl,75,218,82.26666666666667,0.01391130592674017,-0.14611445111718033
UBFC_PHYS_s17_T3_ctrl,75,219,82.3,0.1391134262084961,-0.10825719596051182
UBFC_PHYS_s17_T3_ctrl,75,220,82.33333333333333,0.19149558246135712,-0.06648959487615462
UBFC_PHYS_s17_T3_ctrl,75,221,82.36666666666666,0.1928182989358902,-0.031881527475109694
UBFC_PHYS_s17_T3_ctrl,75,222,82.4,0.1593054234981537,-0.01343946839093506
UBFC_PHYS_s17_T3_ctrl,75,223,82.43333333333334,0.1321837604045868,-0.014981951962753811
UBFC_PHYS_s17_T3_ctrl,75,224,82.46666666666667,0.1505965292453766,-0.033601733694204376
UBFC_PHYS_s17_T3_ctrl,75,225,82.5,0.17089387774467468,-0.06037835717443376
UBFC_PHYS_s17_T3_ctrl,75,226,82.53333333333333,0.10737979412078857,-0.08313681096406178
UBFC_PHYS_s17_T3_ctrl,75,227,82.56666666666666,-0.01514176744967699,-0.0902795198550086
UBFC_PHYS_s17_T3_ctrl,75,228,82.6,-0.12050305306911469,-0.07442956590931137
UBFC_PHYS_s17_T3_ctrl,75,229,82.63333333333334,-0.22656667232513428,-0.03476783114718739
UBFC_PHYS_s17_T3_ctrl,75,230,82.66666666666667,-0.4081776440143585,0.02266413796727436
UBFC_PHYS_s17_T3_ctrl,75,231,82.7,-0.692586362361908,0.08681973832808104
UBFC_PHYS_s17_T3_ctrl,75,232,82.73333333333333,-1.0646343231201172,0.145028714296791
UBFC_PHYS_s17_T3_ctrl,75,233,82.76666666666667,-1.4825209379196167,0.18665821211557443
UBFC_PHYS_s17_T3_ctrl,75,234,82.8,-1.8707809448242188,0.20568139957069723
UBFC_PHYS_s17_T3_ctrl,75,235,82.83333333333333,-2.1603167057037354,0.2013055421717024
UBFC_PHYS_s17_T3_ctrl,75,236,82.86666666666666,-2.2570276260375977,0.17679042493898497
UBFC_PHYS_s17_T3_ctrl,75,237,82.9,-2.039586067199707,0.13740998741592786
UBFC_PHYS_s17_T3_ctrl,75,238,82.93333333333334,-1.541048526763916,0.08866069792733192
UBFC_PHYS_s17_T3_ctrl,75,239,82.96666666666667,-1.0077571868896484,0.03536246264069009
UBFC_PHYS_s17_T3_ctrl,76,0,76.0,0.6992220282554626,0.15263150156552785
UBFC_PHYS_s17_T3_ctrl,76,1,76.03333333333333,0.5901618003845215,0.3856933166529414
UBFC_PHYS_s17_T3_ctrl,76,2,76.06666666666666,0.6423566341400146,0.5756239050744224
UBFC_PHYS_s17_T3_ctrl,76,3,76.1,0.9041972160339355,0.6903106549621569
UBFC_PHYS_s17_T3_ctrl,76,4,76.13333333333334,1.294213056564331,0.7147443637802561
UBFC_PHYS_s17_T3_ctrl,76,5,76.16666666666667,1.6577861309051514,0.6533275286213802
UBFC_PHYS_s17_T3_ctrl,76,6,76.2,1.8618600368499756,0.5266921851183525
UBFC_PHYS_s17_T3_ctrl,76,7,76.23333333333333,1.8372433185577393,0.3644922920794983
UBFC_PHYS_s17_T3_ctrl,76,8,76.26666666666667,1.5965780019760132,0.19691845848518258
UBFC_PHYS_s17_T3_ctrl,76,9,76.3,1.2027578353881836,0.04772286628664467
UBFC_PHYS_s17_T3_ctrl,76,10,76.33333333333333,0.7071817517280579,-0.06944805103735485
UBFC_PHYS_s17_T3_ctrl,76,11,76.36666666666666,0.2089836150407791,-0.15110744261031508
UBFC_PHYS_s17_T3_ctrl,76,12,76.4,-0.09486798942089081,-0.20141062473828233
UBFC_PHYS_s17_T3_ctrl,76,13,76.43333333333334,-0.08139494806528091,-0.22875100838655893
UBFC_PHYS_s17_T3_ctrl,76,14,76.46666666666667,0.13844621181488037,-0.24290384193017966
UBFC_PHYS_s17_T3_ctrl,76,15,76.5,0.3556068241596222,-0.2533668280571596
UBFC_PHYS_s17_T3_ctrl,76,16,76.53333333333333,0.47447624802589417,-0.2687519546152896
UBFC_PHYS_s17_T3_ctrl,76,17,76.56666666666666,0.5141813158988953,-0.29657084829683156
UBFC_PHYS_s17_T3_ctrl,76,18,76.6,0.4983906149864197,-0.34264530942736293
UBFC_PHYS_s17_T3_ctrl,76,19,76.63333333333334,0.45309028029441833,-0.40973438024895953
UBFC_PHYS_s17_T3_ctrl,76,20,76.66666666666667,0.4181727468967438,-0.4956523058567387
UBFC_PHYS_s17_T3_ctrl,76,21,76.7,0.41874632239341736,-0.5916921522839085
UBFC_PHYS_s17_T3_ctrl,76,22,76.73333333333333,0.42187169194221497,-0.6822292098551328
UBFC_PHYS_s17_T3_ctrl,76,23,76.76666666666667,0.3550800681114197,-0.7461408712604679
UBFC_PHYS_s17_T3_ctrl,76,24,76.8,0.19589684903621674,-0.7603747235390883
UBFC_PHYS_s17_T3_ctrl,76,25,76.83333333333333,-0.0321381650865078,-0.7054313625717903
UBFC_PHYS_s17_T3_ctrl,76,26,76.86666666666666,-0.35865163803100586,-0.5715965253636369
UBFC_PHYS_s17_T3_ctrl,76,27,76.9,-0.8353350758552551,-0.3639285153221172
UBFC_PHYS_s17_T3_ctrl,76,28,76.93333333333334,-1.4203529357910156,-0.1038956353134383
UBFC_PHYS_s17_T3_ctrl,76,29,76.96666666666667,-1.9979262351989746,0.17360331457647307
UBFC_PHYS_s17_T3_ctrl,76,30,77.0,-2.483213186264038,0.42754436222935405
UBFC_PHYS_s17_T3_ctrl,76,31,77.03333333333333,-2.828151226043701,0.620475869909282
UBFC_PHYS_s17_T3_ctrl,76,32,77.06666666666666,-2.975710868835449,0.7276682100606304
UBFC_PHYS_s17_T3_ctrl,76,33,77.1,-2.8691790103912354,0.7428525729610752
UBFC_PHYS_s17_T3_ctrl,76,34,77.13333333333334,-2.545029878616333,0.6788302948954295
UBFC_PHYS_s17_T3_ctrl,76,35,77.16666666666667,-2.1377251148223877,0.562896068967899
UBFC_PHYS_s17_T3_ctrl,76,36,77.2,-1.7483296394348145,0.4285481013730322
UBFC_PHYS_s17_T3_ctrl,76,37,77.23333333333333,-1.3828485012054443,0.30603087905025333
UBFC_PHYS_s17_T3_ctrl,76,38,77.26666666666667,-1.0551060438156128,0.2146807238600107
UBFC_PHYS_s17_T3_ctrl,76,39,77.3,-0.8082602024078369,0.1595559038778022
UBFC_PHYS_s17_T3_ctrl,76,40,77.33333333333333,-0.603484034538269,0.13335995305439297
UBFC_PHYS_s17_T3_ctrl,76,41,77.36666666666666,-0.3641532063484192,0.1226038726240453
UBFC_PHYS_s17_T3_ctrl,76,42,77.4,-0.11052995920181274,0.11510999980228415
UBFC_PHYS_s17_T3_ctrl,76,43,77.43333333333334,0.08350055664777756,0.10535718926676421
UBFC_PHYS_s17_T3_ctrl,76,44,77.46666666666667,0.21117253601551056,0.0953226727672157
UBFC_PHYS_s17_T3_ctrl,76,45,77.5,0.2943284809589386,0.09082303189070849
UBFC_PHYS_s17_T3_ctrl,76,46,77.53333333333333,0.30018123984336853,0.09568330710098444
UBFC_PHYS_s17_T3_ctrl,76,47,77.56666666666666,0.2095922976732254,0.10716305198142027
UBFC_PHYS_s17_T3_ctrl,76,48,77.6,0.09114425629377365,0.1153425526702394
UBFC_PHYS_s17_T3_ctrl,76,49,77.63333333333334,0.024200448766350746,0.10704741680396083
UBFC_PHYS_s17_T3_ctrl,76,50,77.66666666666667,-0.018325665965676308,0.07245927880253315
UBFC_PHYS_s17_T3_ctrl,76,51,77.7,-0.12155655026435852,0.011032264416078281
UBFC_PHYS_s17_T3_ctrl,76,52,77.73333333333333,-0.24551787972450256,-0.06648557416718413
UBFC_PHYS_s17_T3_ctrl,76,53,77.76666666666667,-0.19291332364082336,-0.14124120278005736
UBFC_PHYS_s17_T3_ctrl,76,54,77.8,0.1280166059732437,-0.19329817802102367
UBFC_PHYS_s17_T3_ctrl,76,55,77.83333333333333,0.5404368042945862,-0.20921147858701916
UBFC_PHYS_s17_T3_ctrl,76,56,77.86666666666666,0.8307334184646606,-0.18688426408844663
UBFC_PHYS_s17_T3_ctrl,76,57,77.9,0.9539924263954163,-0.13597487873973424
UBFC_PHYS_s17_T3_ctrl,76,58,77.93333333333334,0.9636260271072388,-0.07408074731736035
UBFC_PHYS_s17_T3_ctrl,76,59,77.96666666666667,0.9030851721763611,-0.02043250815308305
UBFC_PHYS_s17_T3_ctrl,76,60,78.0,0.8333671689033508,0.010531836755430277
UBFC_PHYS_s17_T3_ctrl,76,61,78.03333333333333,0.8256531953811646,0.013526679675790378
UBFC_PHYS_s17_T3_ctrl,76,62,78.06666666666666,0.8715271353721619,-0.00670004953865282
UBFC_PHYS_s17_T3_ctrl,76,63,78.1,0.9157856702804565,-0.038135874320959544
UBFC_PHYS_s17_T3_ctrl,76,64,78.13333333333334,0.9383187294006348,-0.06666882309397429
UBFC_PHYS_s17_T3_ctrl,76,65,78.16666666666667,0.9379558563232422,-0.08146612173859895
UBFC_PHYS_s17_T3_ctrl,76,66,78.2,0.8833730816841125,-0.07847786283100606
UBFC_PHYS_s17_T3_ctrl,76,67,78.23333333333333,0.7427197098731995,-0.0609309130306791
UBFC_PHYS_s17_T3_ctrl,76,68,78.26666666666667,0.5421223640441895,-0.03696523004316074
UBFC_PHYS_s17_T3_ctrl,76,69,78.3,0.3412441611289978,-0.015708632404130216
UBFC_PHYS_s17_T3_ctrl,76,70,78.33333333333333,0.1430933028459549,-0.003673232008293713
UBFC_PHYS_s17_T3_ctrl,76,71,78.36666666666666,-0.07975617796182632,-0.0030291336848808793
UBFC_PHYS_s17_T3_ctrl,76,72,78.4,-0.2560528516769409,-0.012166811906192985
UBFC_PHYS_s17_T3_ctrl,76,73,78.43333333333334,-0.2581130266189575,-0.02781500851250289
UBFC_PHYS_s17_T3_ctrl,76,74,78.46666666666667,-0.09567566961050034,-0.04755088065020064
UBFC_PHYS_s17_T3_ctrl,76,75,78.5,0.08240024000406265,-0.0716734044450723
UBFC_PHYS_s17_T3_ctrl,76,76,78.53333333333333,0.1717717945575714,-0.10367764739327169
UBFC_PHYS_s17_T3_ctrl,76,77,78.56666666666666,0.17382025718688965,-0.1489214119624083
UBFC_PHYS_s17_T3_ctrl,76,78,78.6,0.11094997078180313,-0.21163797439701929
UBFC_PHYS_s17_T3_ctrl,76,79,78.63333333333334,0.019494833424687386,-0.29118497461417586
UBFC_PHYS_s17_T3_ctrl,76,80,78.66666666666667,-0.04085877165198326,-0.3790645127292392
UBFC_PHYS_s17_T3_ctrl,76,81,78.7,-0.03667990490794182,-0.45833627087424267
UBFC_PHYS_s17_T3_ctrl,76,82,78.73333333333333,0.009299335069954395,-0.506318645212839
UBFC_PHYS_s17_T3_ctrl,76,83,78.76666666666667,0.0651814341545105,-0.5002542139856605
UBFC_PHYS_s17_T3_ctrl,76,84,78.8,0.118816077709198,-0.42444217933614553
UBFC_PHYS_s17_T3_ctrl,76,85,78.83333333333333,0.1538623720407486,-0.27654171765637275
UBFC_PHYS_s17_T3_ctrl,76,86,78.86666666666666,0.16156458854675293,-0.07059142434718842
UBFC_PHYS_s17_T3_ctrl,76,87,78.9,0.1773202121257782,0.16489916355504444
UBFC_PHYS_s17_T3_ctrl,76,88,78.93333333333334,0.23478254675865173,0.39365434878861233
UBFC_PHYS_s17_T3_ctrl,76,89,78.96666666666667,0.288066029548645,0.5809338388668659
UBFC_PHYS_s17_T3_ctrl,76,90,79.0,0.26658642292022705,0.7019032940196739
UBFC_PHYS_s17_T3_ctrl,76,91,79.03333333333333,0.2383878529071808,0.7458786074168419
UBFC_PHYS_s17_T3_ctrl,76,92,79.06666666666666,0.39661121368408203,0.7153340174454524
UBFC_PHYS_s17_T3_ctrl,76,93,79.1,0.8186884522438049,0.621197522196824
UBFC_PHYS_s17_T3_ctrl,76,94,79.13333333333334,1.3695847988128662,0.47756861668624234
UBFC_PHYS_s17_T3_ctrl,76,95,79.16666666666667,1.8155179023742676,0.2987107895898292
UBFC_PHYS_s17_T3_ctrl,76,96,79.2,1.959308385848999,0.09923926682072173
UBFC_PHYS_s17_T3_ctrl,76,97,79.23333333333333,1.744032382965088,-0.10375842202976639
UBFC_PHYS_s17_T3_ctrl,76,98,79.26666666666667,1.2593189477920532,-0.28899250090341133
UBFC_PHYS_s17_T3_ctrl,76,99,79.3,0.6464769840240479,-0.4316819675640203
UBFC_PHYS_s17_T3_ctrl,76,100,79.33333333333333,0.08708243817090988,-0.5075975197340256
UBFC_PHYS_s17_T3_ctrl,76,101,79.36666666666666,-0.21987111866474152,-0.4996862845044764
UBFC_PHYS_s17_T3_ctrl,76,102,79.4,-0.2902914583683014,-0.4049300700886139
UBFC_PHYS_s17_T3_ctrl,76,103,79.43333333333334,-0.3599626421928406,-0.23833006320446398
UBFC_PHYS_s17_T3_ctrl,76,104,79.46666666666667,-0.5310386419296265,-0.03155820244500249
UBFC_PHYS_s17_T3_ctrl,76,105,79.5,-0.7056146264076233,0.1742722446605534
UBFC_PHYS_s17_T3_ctrl,76,106,79.53333333333333,-0.881606936454773,0.3398032403516695
UBFC_PHYS_s17_T3_ctrl,76,107,79.56666666666666,-1.182251214981079,0.43866694666961853
UBFC_PHYS_s17_T3_ctrl,76,108,79.6,-1.605370283126831,0.4642928927599747
UBFC_PHYS_s17_T3_ctrl,76,109,79.63333333333334,-1.9763295650482178,0.4295115776371932
UBFC_PHYS_s17_T3_ctrl,76,110,79.66666666666667,-2.129648208618164,0.35961166842948694
UBFC_PHYS_s17_T3_ctrl,76,111,79.7,-2.0889949798583984,0.2824110916032583
UBFC_PHYS_s17_T3_ctrl,76,112,79.73333333333333,-2.024813652038574,0.21939315619593242
UBFC_PHYS_s17_T3_ctrl,76,113,79.76666666666667,-2.001121759414673,0.18057192623303683
UBFC_PHYS_s17_T3_ctrl,76,114,79.8,-1.8455321788787842,0.16395441330555705
UBFC_PHYS_s17_T3_ctrl,76,115,79.83333333333333,-1.4441736936569214,0.15889703990140996
UBFC_PHYS_s17_T3_ctrl,76,116,79.86666666666666,-0.978973388671875,0.15150431628140015
UBFC_PHYS_s17_T3_ctrl,76,117,79.9,-0.7009090185165405,0.12984658633495438
UBFC_PHYS_s17_T3_ctrl,76,118,79.93333333333334,-0.6186426877975464,0.0873353435446111
UBFC_PHYS_s17_T3_ctrl,76,119,79.96666666666667,-0.5886063575744629,0.023691879539724486
UBFC_PHYS_s17_T3_ctrl,76,120,80.0,-0.5407425165176392,-0.05604935348815758
UBFC_PHYS_s17_T3_ctrl,76,121,80.03333333333333,-0.4573056697845459,-0.1436248563908064
UBFC_PHYS_s17_T3_ctrl,76,122,80.06666666666666,-0.3200117349624634,-0.23001937839003578
UBFC_PHYS_s17_T3_ctrl,76,123,80.1,-0.18441513180732727,-0.3079586042277095
UBFC_PHYS_s17_T3_ctrl,76,124,80.13333333333334,-0.1393723338842392,-0.37403667781124245
UBFC_PHYS_s17_T3_ctrl,76,125,80.16666666666667,-0.1714337170124054,-0.4298953915591572
UBFC_PHYS_s17_T3_ctrl,76,126,80.2,-0.1943531036376953,-0.481827346445555
UBFC_PHYS_s17_T3_ctrl,76,127,80.23333333333333,-0.15552593767642975,-0.5384442451862964
UBFC_PHYS_s17_T3_ctrl,76,128,80.26666666666667,-0.02553625963628292,-0.6066316901570341
UBFC_PHYS_s17_T3_ctrl,76,129,80.3,0.20246364176273346,-0.6868376751237473
UBFC_PHYS_s17_T3_ctrl,76,130,80.33333333333333,0.4667506217956543,-0.7695073522940854
UBFC_PHYS_s17_T3_ctrl,76,131,80.36666666666666,0.6966233849525452,-0.8345624381886343
UBFC_PHYS_s17_T3_ctrl,76,132,80.4,0.8599503636360168,-0.8548904525532949
UBFC_PHYS_s17_T3_ctrl,76,133,80.43333333333334,0.9286265969276428,-0.8033207686939351
UBFC_PHYS_s17_T3_ctrl,76,134,80.46666666666667,0.9229025840759277,-0.6612563571805473
UBFC_PHYS_s17_T3_ctrl,76,135,80.5,0.9699704647064209,-0.4263937770350848
UBFC_PHYS_s17_T3_ctrl,76,136,80.53333333333333,1.1816762685775757,-0.11691791109975774
UBFC_PHYS_s17_T3_ctrl,76,137,80.56666666666666,1.4680984020233154,0.22980597698683264
UBFC_PHYS_s17_T3_ctrl,76,138,80.6,1.646033763885498,0.5646928802999405
UBFC_PHYS_s17_T3_ctrl,76,139,80.63333333333334,1.645588994026184,0.8391045606797765
UBFC_PHYS_s17_T3_ctrl,76,140,80.66666666666667,1.5550702810287476,1.0179296103305215
UBFC_PHYS_s17_T3_ctrl,76,141,80.7,1.4592138528823853,1.0887418979495869
UBFC_PHYS_s17_T3_ctrl,76,142,80.73333333333333,1.234561800956726,1.0635467900617517
UBFC_PHYS_s17_T3_ctrl,76,143,80.76666666666667,0.6156212687492371,0.9725713166490704
UBFC_PHYS_s17_T3_ctrl,76,144,80.8,-0.3371368944644928,0.8525377328270324
UBFC_PHYS_s17_T3_ctrl,76,145,80.83333333333333,-1.1428738832473755,0.7338543525723712
UBFC_PHYS_s17_T3_ctrl,76,146,80.86666666666666,-1.4473224878311157,0.6315783479236176
UBFC_PHYS_s17_T3_ctrl,76,147,80.9,-1.2861961126327515,0.5434885824393134
UBFC_PHYS_s17_T3_ctrl,76,148,80.93333333333334,-0.8741154074668884,0.45551123169642643
UBFC_PHYS_s17_T3_ctrl,76,149,80.96666666666667,-0.4412690997123718,0.35149026756533497
UBFC_PHYS_s17_T3_ctrl,76,150,81.0,-0.13620014488697052,0.22251449512907348
UBFC_PHYS_s17_T3_ctrl,76,151,81.03333333333333,0.06007783114910126,0.07157902421355718
UBFC_PHYS_s17_T3_ctrl,76,152,81.06666666666666,0.18504583835601807,-0.08802621201600438
UBFC_PHYS_s17_T3_ctrl,76,153,81.1,0.1687868982553482,-0.23908387133430417
UBFC_PHYS_s17_T3_ctrl,76,154,81.13333333333334,-0.0013292666990309954,-0.3680703202971915
UBFC_PHYS_s17_T3_ctrl,76,155,81.16666666666667,-0.2189580798149109,-0.4703125049934486
UBFC_PHYS_s17_T3_ctrl,76,156,81.2,-0.378995805978775,-0.5503088459809831
UBFC_PHYS_s17_T3_ctrl,76,157,81.23333333333333,-0.45530402660369873,-0.6171319184826765
UBFC_PHYS_s17_T3_ctrl,76,158,81.26666666666667,-0.4904322326183319,-0.6771594515704252
UBFC_PHYS_s17_T3_ctrl,76,159,81.3,-0.5418662428855896,-0.7277278787050054
UBFC_PHYS_s17_T3_ctrl,76,160,81.33333333333333,-0.6078150868415833,-0.7550189871697898
UBFC_PHYS_s17_T3_ctrl,76,161,81.36666666666666,-0.6425219178199768,-0.737696627030132
UBFC_PHYS_s17_T3_ctrl,76,162,81.4,-0.640052080154419,-0.6552731909415805
UBFC_PHYS_s17_T3_ctrl,76,163,81.43333333333334,-0.6529983282089233,-0.4980174237446624
UBFC_PHYS_s17_T3_ctrl,76,164,81.46666666666667,-0.705872118473053,-0.2743542366522057
UBFC_PHYS_s17_T3_ctrl,76,165,81.5,-0.7040343880653381,-0.012445145638693965
UBFC_PHYS_s17_T3_ctrl,76,166,81.53333333333333,-0.5087162256240845,0.24531736615021638
UBFC_PHYS_s17_T3_ctrl,76,167,81.56666666666666,-0.17838679254055023,0.4535043052571863
UBFC_PHYS_s17_T3_ctrl,76,168,81.6,0.08148720860481262,0.5767900296403481
UBFC_PHYS_s17_T3_ctrl,76,169,81.63333333333334,0.18593546748161316,0.6002436158045394
UBFC_PHYS_s17_T3_ctrl,76,170,81.66666666666667,0.20560072362422943,0.5328503659640802
UBFC_PHYS_s17_T3_ctrl,76,171,81.7,0.18711772561073303,0.4030566862274769
UBFC_PHYS_s17_T3_ctrl,76,172,81.73333333333333,0.15589912235736847,0.24861281106793354
UBFC_PHYS_s17_T3_ctrl,76,173,81.76666666666667,0.17164303362369537,0.10519786496188528
UBFC_PHYS_s17_T3_ctrl,76,174,81.8,0.22167238593101501,-0.0020704750195339417
UBFC_PHYS_s17_T3_ctrl,76,175,81.83333333333333,0.23164547979831696,-0.06227712176325834
UBFC_PHYS_s17_T3_ctrl,76,176,81.86666666666666,0.20841003954410553,-0.07776180103809589
UBFC_PHYS_s17_T3_ctrl,76,177,81.9,0.2036575973033905,-0.060220915674134005
UBFC_PHYS_s17_T3_ctrl,76,178,81.93333333333334,0.20185495913028717,-0.02582848931302329
UBFC_PHYS_s17_T3_ctrl,76,179,81.96666666666667,0.1614709496498108,0.00914180712521296
UBFC_PHYS_s17_T3_ctrl,76,180,82.0,0.09995850175619125,0.03152872453276563
UBFC_PHYS_s17_T3_ctrl,76,181,82.03333333333333,0.05079536512494087,0.03327831109790623
UBFC_PHYS_s17_T3_ctrl,76,182,82.06666666666666,-0.014146799221634865,0.012328532718293225
UBFC_PHYS_s17_T3_ctrl,76,183,82.1,-0.1382720172405243,-0.027582294157169417
UBFC_PHYS_s17_T3_ctrl,76,184,82.13333333333334,-0.2979234457015991,-0.07812813049569978
UBFC_PHYS_s17_T3_ctrl,76,185,82.16666666666667,-0.39928144216537476,-0.12843807774748447
UBFC_PHYS_s17_T3_ctrl,76,186,82.2,-0.3552219271659851,-0.16763570498026176
UBFC_PHYS_s17_T3_ctrl,76,187,82.23333333333333,-0.18072789907455444,-0.18739396770964564
UBFC_PHYS_s17_T3_ctrl,76,188,82.26666666666667,0.01391130592674017,-0.18389617954526322
UBFC_PHYS_s17_T3_ctrl,76,189,82.3,0.1391134262084961,-0.15863719753400243
UBFC_PHYS_s17_T3_ctrl,76,190,82.33333333333333,0.19149558246135712,-0.11779774602288007
UBFC_PHYS_s17_T3_ctrl,76,191,82.36666666666666,0.1928182989358902,-0.07030414249587738
UBFC_PHYS_s17_T3_ctrl,76,192,82.4,0.1593054234981537,-0.024985649955885345
UBFC_PHYS_s17_T3_ctrl,76,193,82.43333333333334,0.1321837604045868,0.012428805122224619
UBFC_PHYS_s17_T3_ctrl,76,194,82.46666666666667,0.1505965292453766,0.041378976241805455
UBFC_PHYS_s17_T3_ctrl,76,195,82.5,0.17089387774467468,0.06657569816563635
UBFC_PHYS_s17_T3_ctrl,76,196,82.53333333333333,0.10737979412078857,0.09586879950036184
UBFC_PHYS_s17_T3_ctrl,76,197,82.56666666666666,-0.01514176744967699,0.13662590237504582
UBFC_PHYS_s17_T3_ctrl,76,198,82.6,-0.12050305306911469,0.19200721375685775
UBFC_PHYS_s17_T3_ctrl,76,199,82.63333333333334,-0.22656667232513428,0.2585966906239818
UBFC_PHYS_s17_T3_ctrl,76,200,82.66666666666667,-0.4081776440143585,0.32642566332415096
UBFC_PHYS_s17_T3_ctrl,76,201,82.7,-0.692586362361908,0.3815705008278897
UBFC_PHYS_s17_T3_ctrl,76,202,82.73333333333333,-1.0646343231201172,0.41044829714117625
UBFC_PHYS_s17_T3_ctrl,76,203,82.76666666666667,-1.4825209379196167,0.4041775424625958
UBFC_PHYS_s17_T3_ctrl,76,204,82.8,-1.8707809448242188,0.3613448234352254
UBFC_PHYS_s17_T3_ctrl,76,205,82.83333333333333,-2.1603167057037354,0.2882347579626874
UBFC_PHYS_s17_T3_ctrl,76,206,82.86666666666666,-2.2570276260375977,0.19665439825956624
UBFC_PHYS_s17_T3_ctrl,76,207,82.9,-2.039586067199707,0.1002851324870245
UBFC_PHYS_s17_T3_ctrl,76,208,82.93333333333334,-1.541048526763916,0.010661103406144132
UBFC_PHYS_s17_T3_ctrl,76,209,82.96666666666667,-1.0077571868896484,-0.06629395847251832
UBFC_PHYS_s17_T3_ctrl,76,210,83.0,-0.6301140785217285,-0.13231845104743703
UBFC_PHYS_s17_T3_ctrl,76,211,83.03333333333333,-0.3820977509021759,-0.19662130283648244
UBFC_PHYS_s17_T3_ctrl,76,212,83.06666666666666,-0.20148175954818726,-0.27288593763683394
UBFC_PHYS_s17_T3_ctrl,76,213,83.1,-0.10199664533138275,-0.3736926093379639
UBFC_PHYS_s17_T3_ctrl,76,214,83.13333333333334,-0.06018456444144249,-0.5037851871556498
UBFC_PHYS_s17_T3_ctrl,76,215,83.16666666666667,-0.028919151052832603,-0.6546004638141496
UBFC_PHYS_s17_T3_ctrl,76,216,83.2,-0.037768516689538956,-0.8025732672646464
UBFC_PHYS_s17_T3_ctrl,76,217,83.23333333333333,-0.14216995239257812,-0.9127289452923092
UBFC_PHYS_s17_T3_ctrl,76,218,83.26666666666667,-0.3046892285346985,-0.9472759899250561
UBFC_PHYS_s17_T3_ctrl,76,219,83.3,-0.44083601236343384,-0.8769897584989641
UBFC_PHYS_s17_T3_ctrl,76,220,83.33333333333333,-0.5635682940483093,-0.6918737099766659
UBFC_PHYS_s17_T3_ctrl,76,221,83.36666666666666,-0.7171679735183716,-0.40737076145423606
UBFC_PHYS_s17_T3_ctrl,76,222,83.4,-0.8515940308570862,-0.06345978009730745
UBFC_PHYS_s17_T3_ctrl,76,223,83.43333333333334,-0.9511025547981262,0.28379038215496394
UBFC_PHYS_s17_T3_ctrl,76,224,83.46666666666667,-1.1459407806396484,0.5758770599152416
UBFC_PHYS_s17_T3_ctrl,76,225,83.5,-1.4713305234909058,0.7664254491727553
UBFC_PHYS_s17_T3_ctrl,76,226,83.53333333333333,-1.7248483896255493,0.8321787429807331
UBFC_PHYS_s17_T3_ctrl,76,227,83.56666666666666,-1.7452276945114136,0.7773926278426745
UBFC_PHYS_s17_T3_ctrl,76,228,83.6,-1.514910101890564,0.6308358500822615
UBFC_PHYS_s17_T3_ctrl,76,229,83.63333333333334,-1.0307468175888062,0.43674598228221334
UBFC_PHYS_s17_T3_ctrl,76,230,83.66666666666667,-0.37674835324287415,0.24257306391913833
UBFC_PHYS_s17_T3_ctrl,76,231,83.7,0.22212889790534973,0.08697086378678945
UBFC_PHYS_s17_T3_ctrl,76,232,83.73333333333333,0.5983439683914185,-0.008721651049014179
UBFC_PHYS_s17_T3_ctrl,76,233,83.76666666666667,0.7652996182441711,-0.04330446572269861
UBFC_PHYS_s17_T3_ctrl,76,234,83.8,0.8200579881668091,-0.032356008109232906
UBFC_PHYS_s17_T3_ctrl,76,235,83.83333333333333,0.8532080054283142,-0.00016992729901560248
UBFC_PHYS_s17_T3_ctrl,76,236,83.86666666666666,0.9450494050979614,0.029952557366655395
UBFC_PHYS_s17_T3_ctrl,76,237,83.9,1.1211470365524292,0.04357711015481794
UBFC_PHYS_s17_T3_ctrl,76,238,83.93333333333334,1.3117244243621826,0.038731303831242264
UBFC_PHYS_s17_T3_ctrl,76,239,83.96666666666667,1.4102380275726318,0.024622026380299627
UBFC_PHYS_s17_T3_ctrl,77,0,77.0,-2.483213186264038,-0.10849715554185779
UBFC_PHYS_s17_T3_ctrl,77,1,77.03333333333333,-2.828151226043701,0.06829113543297748
UBFC_PHYS_s17_T3_ctrl,77,2,77.06666666666666,-2.975710868835449,0.2198345416863821
UBFC_PHYS_s17_T3_ctrl,77,3,77.1,-2.8691790103912354,0.3248445091437625
UBFC_PHYS_s17_T3_ctrl,77,4,77.13333333333334,-2.545029878616333,0.37296895313795125
UBFC_PHYS_s17_T3_ctrl,77,5,77.16666666666667,-2.1377251148223877,0.36673923438992456
UBFC_PHYS_s17_T3_ctrl,77,6,77.2,-1.7483296394348145,0.31982369298861824
UBFC_PHYS_s17_T3_ctrl,77,7,77.23333333333333,-1.3828485012054443,0.25223847268194627
UBFC_PHYS_s17_T3_ctrl,77,8,77.26666666666667,-1.0551060438156128,0.18419245791674066
UBFC_PHYS_s17_T3_ctrl,77,9,77.3,-0.8082602024078369,0.13063065309210747
UBFC_PHYS_s17_T3_ctrl,77,10,77.33333333333333,-0.603484034538269,0.09843523395898221
UBFC_PHYS_s17_T3_ctrl,77,11,77.36666666666666,-0.3641532063484192,0.08724666817094154
UBFC_PHYS_s17_T3_ctrl,77,12,77.4,-0.11052995920181274,0.0929804527717713
UBFC_PHYS_s17_T3_ctrl,77,13,77.43333333333334,0.08350055664777756,0.11157598348600674
UBFC_PHYS_s17_T3_ctrl,77,14,77.46666666666667,0.21117253601551056,0.1405627774767377
UBFC_PHYS_s17_T3_ctrl,77,15,77.5,0.2943284809589386,0.17763304299839364
UBFC_PHYS_s17_T3_ctrl,77,16,77.53333333333333,0.30018123984336853,0.21755834326034637
UBFC_PHYS_s17_T3_ctrl,77,17,77.56666666666666,0.2095922976732254,0.2501364441130566
UBFC_PHYS_s17_T3_ctrl,77,18,77.6,0.09114425629377365,0.26148590031295943
UBFC_PHYS_s17_T3_ctrl,77,19,77.63333333333334,0.024200448766350746,0.2390579619980743
UBFC_PHYS_s17_T3_ctrl,77,20,77.66666666666667,-0.018325665965676308,0.1782555450950875
UBFC_PHYS_s17_T3_ctrl,77,21,77.7,-0.12155655026435852,0.08704142596431358
UBFC_PHYS_s17_T3_ctrl,77,22,77.73333333333333,-0.24551787972450256,-0.014552336357948765
UBFC_PHYS_s17_T3_ctrl,77,23,77.76666666666667,-0.19291332364082336,-0.10068139597854203
UBFC_PHYS_s17_T3_ctrl,77,24,77.8,0.1280166059732437,-0.1493043011515188
UBFC_PHYS_s17_T3_ctrl,77,25,77.83333333333333,0.5404368042945862,-0.1508471087368542
UBFC_PHYS_s17_T3_ctrl,77,26,77.86666666666666,0.8307334184646606,-0.11205630372670593
UBFC_PHYS_s17_T3_ctrl,77,27,77.9,0.9539924263954163,-0.053451218852531214
UBFC_PHYS_s17_T3_ctrl,77,28,77.93333333333334,0.9636260271072388,-0.0015172047749625935
UBFC_PHYS_s17_T3_ctrl,77,29,77.96666666666667,0.9030851721763611,0.021148412996334416
UBFC_PHYS_s17_T3_ctrl,77,30,78.0,0.8333671689033508,0.0038213241915036047
UBFC_PHYS_s17_T3_ctrl,77,31,78.03333333333333,0.8256531953811646,-0.04920622338491216
UBFC_PHYS_s17_T3_ctrl,77,32,78.06666666666666,0.8715271353721619,-0.12110137327930862
UBFC_PHYS_s17_T3_ctrl,77,33,78.1,0.9157856702804565,-0.1890782819437284
UBFC_PHYS_s17_T3_ctrl,77,34,78.13333333333334,0.9383187294006348,-0.23230857439644595
UBFC_PHYS_s17_T3_ctrl,77,35,78.16666666666667,0.9379558563232422,-0.23834614779592828
UBFC_PHYS_s17_T3_ctrl,77,36,78.2,0.8833730816841125,-0.20616931569500718
UBFC_PHYS_s17_T3_ctrl,77,37,78.23333333333333,0.7427197098731995,-0.14528973108630136
UBFC_PHYS_s17_T3_ctrl,77,38,78.26666666666667,0.5421223640441895,-0.07168398894219984
UBFC_PHYS_s17_T3_ctrl,77,39,78.3,0.3412441611289978,-0.002237960823828636
UBFC_PHYS_s17_T3_ctrl,77,40,78.33333333333333,0.1430933028459549,0.05026254110454976
UBFC_PHYS_s17_T3_ctrl,77,41,78.36666666666666,-0.07975617796182632,0.07995995269566092
UBFC_PHYS_s17_T3_ctrl,77,42,78.4,-0.2560528516769409,0.08796168066915987
UBFC_PHYS_s17_T3_ctrl,77,43,78.43333333333334,-0.2581130266189575,0.08009448540018516
UBFC_PHYS_s17_T3_ctrl,77,44,78.46666666666667,-0.09567566961050034,0.06357534151054182
UBFC_PHYS_s17_T3_ctrl,77,45,78.5,0.08240024000406265,0.04394274712136961
UBFC_PHYS_s17_T3_ctrl,77,46,78.53333333333333,0.1717717945575714,0.023324039756823994
UBFC_PHYS_s17_T3_ctrl,77,47,78.56666666666666,0.17382025718688965,0.0005760867106663322
UBFC_PHYS_s17_T3_ctrl,77,48,78.6,0.11094997078180313,-0.026848668099641336
UBFC_PHYS_s17_T3_ctrl,77,49,78.63333333333334,0.019494833424687386,-0.06017979224764054
UBFC_PHYS_s17_T3_ctrl,77,50,78.66666666666667,-0.04085877165198326,-0.09714054691579264
UBFC_PHYS_s17_T3_ctrl,77,51,78.7,-0.03667990490794182,-0.13157536406887085
UBFC_PHYS_s17_T3_ctrl,77,52,78.73333333333333,0.009299335069954395,-0.15527528683414515
UBFC_PHYS_s17_T3_ctrl,77,53,78.76666666666667,0.0651814341545105,-0.1611967148836075
UBFC_PHYS_s17_T3_ctrl,77,54,78.8,0.118816077709198,-0.14649593572045394
UBFC_PHYS_s17_T3_ctrl,77,55,78.83333333333333,0.1538623720407486,-0.11380226766670032
UBFC_PHYS_s17_T3_ctrl,77,56,78.86666666666666,0.16156458854675293,-0.06993679557563058
UBFC_PHYS_s17_T3_ctrl,77,57,78.9,0.1773202121257782,-0.022604792264731378
UBFC_PHYS_s17_T3_ctrl,77,58,78.93333333333334,0.23478254675865173,0.023136970639990213
UBFC_PHYS_s17_T3_ctrl,77,59,78.96666666666667,0.288066029548645,0.06649520266393805
UBFC_PHYS_s17_T3_ctrl,77,60,79.0,0.26658642292022705,0.10950202642579676
UBFC_PHYS_s17_T3_ctrl,77,61,79.03333333333333,0.2383878529071808,0.1530752027531193
UBFC_PHYS_s17_T3_ctrl,77,62,79.06666666666666,0.39661121368408203,0.19251097686005272
UBFC_PHYS_s17_T3_ctrl,77,63,79.1,0.8186884522438049,0.21499261121620153
UBFC_PHYS_s17_T3_ctrl,77,64,79.13333333333334,1.3695847988128662,0.2014048771989169
UBFC_PHYS_s17_T3_ctrl,77,65,79.16666666666667,1.8155179023742676,0.13316341069687362
UBFC_PHYS_s17_T3_ctrl,77,66,79.2,1.959308385848999,0.0021359787838413904
UBFC_PHYS_s17_T3_ctrl,77,67,79.23333333333333,1.744032382965088,-0.18056922656012853
UBFC_PHYS_s17_T3_ctrl,77,68,79.26666666666667,1.2593189477920532,-0.3816466818957342
UBFC_PHYS_s17_T3_ctrl,77,69,79.3,0.6464769840240479,-0.5513257312083624
UBFC_PHYS_s17_T3_ctrl,77,70,79.33333333333333,0.08708243817090988,-0.6371268941404604
UBFC_PHYS_s17_T3_ctrl,77,71,79.36666666666666,-0.21987111866474152,-0.6012953769343228
UBFC_PHYS_s17_T3_ctrl,77,72,79.4,-0.2902914583683014,-0.4354182246544536
UBFC_PHYS_s17_T3_ctrl,77,73,79.43333333333334,-0.3599626421928406,-0.16618789926899302
UBFC_PHYS_s17_T3_ctrl,77,74,79.46666666666667,-0.5310386419296265,0.15064976824577875
UBFC_PHYS_s17_T3_ctrl,77,75,79.5,-0.7056146264076233,0.44663498583284217
UBFC_PHYS_s17_T3_ctrl,77,76,79.53333333333333,-0.881606936454773,0.6616017046317159
UBFC_PHYS_s17_T3_ctrl,77,77,79.56666666666666,-1.182251214981079,0.7616960677264965
UBFC_PHYS_s17_T3_ctrl,77,78,79.6,-1.605370283126831,0.7477327870965348
UBFC_PHYS_s17_T3_ctrl,77,79,79.63333333333334,-1.9763295650482178,0.651115615185629
UBFC_PHYS_s17_T3_ctrl,77,80,79.66666666666667,-2.129648208618164,0.5198372327180218
UBFC_PHYS_s17_T3_ctrl,77,81,79.7,-2.0889949798583984,0.4008958659315045
UBFC_PHYS_s17_T3_ctrl,77,82,79.73333333333333,-2.024813652038574,0.32579999817912325
UBFC_PHYS_s17_T3_ctrl,77,83,79.76666666666667,-2.001121759414673,0.3033834026021611
UBFC_PHYS_s17_T3_ctrl,77,84,79.8,-1.8455321788787842,0.32086640514370984
UBFC_PHYS_s17_T3_ctrl,77,85,79.83333333333333,-1.4441736936569214,0.3513401362963891
UBFC_PHYS_s17_T3_ctrl,77,86,79.86666666666666,-0.978973388671875,0.36427733272193735
UBFC_PHYS_s17_T3_ctrl,77,87,79.9,-0.7009090185165405,0.33544117760164943
UBFC_PHYS_s17_T3_ctrl,77,88,79.93333333333334,-0.6186426877975464,0.25343342621355464
UBFC_PHYS_s17_T3_ctrl,77,89,79.96666666666667,-0.5886063575744629,0.12162511115430609
UBFC_PHYS_s17_T3_ctrl,77,90,80.0,-0.5407425165176392,-0.04421023832015181
UBFC_PHYS_s17_T3_ctrl,77,91,80.03333333333333,-0.4573056697845459,-0.22112607148756247
UBFC_PHYS_s17_T3_ctrl,77,92,80.06666666666666,-0.3200117349624634,-0.38528027428910916
UBFC_PHYS_s17_T3_ctrl,77,93,80.1,-0.18441513180732727,-0.5176604116241376
UBFC_PHYS_s17_T3_ctrl,77,94,80.13333333333334,-0.1393723338842392,-0.6081414495286527
UBFC_PHYS_s17_T3_ctrl,77,95,80.16666666666667,-0.1714337170124054,-0.6572656303761211
UBFC_PHYS_s17_T3_ctrl,77,96,80.2,-0.1943531036376953,-0.6755265608627479
UBFC_PHYS_s17_T3_ctrl,77,97,80.23333333333333,-0.15552593767642975,-0.6801774663706783
UBFC_PHYS_s17_T3_ctrl,77,98,80.26666666666667,-0.02553625963628292,-0.6898214291251593
UBFC_PHYS_s17_T3_ctrl,77,99,80.3,0.20246364176273346,-0.7176460875052127
UBFC_PHYS_s17_T3_ctrl,77,100,80.33333333333333,0.4667506217956543,-0.765144468743142
UBFC_PHYS_s17_T3_ctrl,77,101,80.36666666666666,0.6966233849525452,-0.8187492023319227
UBFC_PHYS_s17_T3_ctrl,77,102,80.4,0.8599503636360168,-0.8512753314402203
UBFC_PHYS_s17_T3_ctrl,77,103,80.43333333333334,0.9286265969276428,-0.8285842539493825
UBFC_PHYS_s17_T3_ctrl,77,104,80.46666666666667,0.9229025840759277,-0.7200815740741856
UBFC_PHYS_s17_T3_ctrl,77,105,80.5,0.9699704647064209,-0.5100799253284624
UBFC_PHYS_s17_T3_ctrl,77,106,80.53333333333333,1.1816762685775757,-0.20618101350166892
UBFC_PHYS_s17_T3_ctrl,77,107,80.56666666666666,1.4680984020233154,0.15885656932219092
UBFC_PHYS_s17_T3_ctrl,77,108,80.6,1.646033763885498,0.5335256719180734
UBFC_PHYS_s17_T3_ctrl,77,109,80.63333333333334,1.645588994026184,0.8609697480272516
UBFC_PHYS_s17_T3_ctrl,77,110,80.66666666666667,1.5550702810287476,1.0948089764780073
UBFC_PHYS_s17_T3_ctrl,77,111,80.7,1.4592138528823853,1.2113145842518636
UBFC_PHYS_s17_T3_ctrl,77,112,80.73333333333333,1.234561800956726,1.2133715383885662
UBFC_PHYS_s17_T3_ctrl,77,113,80.76666666666667,0.6156212687492371,1.1252717123968425
UBFC_PHYS_s17_T3_ctrl,77,114,80.8,-0.3371368944644928,0.9811036073713795
UBFC_PHYS_s17_T3_ctrl,77,115,80.83333333333333,-1.1428738832473755,0.8118885149963857
UBFC_PHYS_s17_T3_ctrl,77,116,80.86666666666666,-1.4473224878311157,0.6368499748400754
UBFC_PHYS_s17_T3_ctrl,77,117,80.9,-1.2861961126327515,0.4621022497639114
UBFC_PHYS_s17_T3_ctrl,77,118,80.93333333333334,-0.8741154074668884,0.2863546297698974
UBFC_PHYS_s17_T3_ctrl,77,119,80.96666666666667,-0.4412690997123718,0.10973730503701154
UBFC_PHYS_s17_T3_ctrl,77,120,81.0,-0.13620014488697052,-0.05961792100984744
UBFC_PHYS_s17_T3_ctrl,77,121,81.03333333333333,0.06007783114910126,-0.20524684219650996
UBFC_PHYS_s17_T3_ctrl,77,122,81.06666666666666,0.18504583835601807,-0.30870092909748426
UBFC_PHYS_s17_T3_ctrl,77,123,81.1,0.1687868982553482,-0.3592567035714966
UBFC_PHYS_s17_T3_ctrl,77,124,81.13333333333334,-0.0013292666990309954,-0.3617999668618004
UBFC_PHYS_s17_T3_ctrl,77,125,81.16666666666667,-0.2189580798149109,-0.33836004189800756
UBFC_PHYS_s17_T3_ctrl,77,126,81.2,-0.378995805978775,-0.3214885466992664
UBFC_PHYS_s17_T3_ctrl,77,127,81.23333333333333,-0.45530402660369873,-0.3414383582771591
UBFC_PHYS_s17_T3_ctrl,77,128,81.26666666666667,-0.4904322326183319,-0.4123852944026498
UBFC_PHYS_s17_T3_ctrl,77,129,81.3,-0.5418662428855896,-0.5239250331761569
UBFC_PHYS_s17_T3_ctrl,77,130,81.33333333333333,-0.6078150868415833,-0.6419536577148367
UBFC_PHYS_s17_T3_ctrl,77,131,81.36666666666666,-0.6425219178199768,-0.7190309384284368
UBFC_PHYS_s17_T3_ctrl,77,132,81.4,-0.640052080154419,-0.7105187559615752
UBFC_PHYS_s17_T3_ctrl,77,133,81.43333333333334,-0.6529983282089233,-0.5906998002161442
UBFC_PHYS_s17_T3_ctrl,77,134,81.46666666666667,-0.705872118473053,-0.36327342390141915
UBFC_PHYS_s17_T3_ctrl,77,135,81.5,-0.7040343880653381,-0.06262383521867852
UBFC_PHYS_s17_T3_ctrl,77,136,81.53333333333333,-0.5087162256240845,0.25481098035109623
UBFC_PHYS_s17_T3_ctrl,77,137,81.56666666666666,-0.17838679254055023,0.5265133573417919
UBFC_PHYS_s17_T3_ctrl,77,138,81.6,0.08148720860481262,0.7019039337189692
UBFC_PHYS_s17_T3_ctrl,77,139,81.63333333333334,0.18593546748161316,0.7560958578526237
UBFC_PHYS_s17_T3_ctrl,77,140,81.66666666666667,0.20560072362422943,0.6946351137301541
UBFC_PHYS_s17_T3_ctrl,77,141,81.7,0.18711772561073303,0.5481434335256131
UBFC_PHYS_s17_T3_ctrl,77,142,81.73333333333333,0.15589912235736847,0.35995921685547044
UBFC_PHYS_s17_T3_ctrl,77,143,81.76666666666667,0.17164303362369537,0.17233919721154706
UBFC_PHYS_s17_T3_ctrl,77,144,81.8,0.22167238593101501,0.01624669543952327
UBFC_PHYS_s17_T3_ctrl,77,145,81.83333333333333,0.23164547979831696,-0.09289453264410498
UBFC_PHYS_s17_T3_ctrl,77,146,81.86666666666666,0.20841003954410553,-0.15398941036115452
UBFC_PHYS_s17_T3_ctrl,77,147,81.9,0.2036575973033905,-0.17588292252843085
UBFC_PHYS_s17_T3_ctrl,77,148,81.93333333333334,0.20185495913028717,-0.17227518909233386
UBFC_PHYS_s17_T3_ctrl,77,149,81.96666666666667,0.1614709496498108,-0.1575385559413829
UBFC_PHYS_s17_T3_ctrl,77,150,82.0,0.09995850175619125,-0.14391906813808938
UBFC_PHYS_s17_T3_ctrl,77,151,82.03333333333333,0.05079536512494087,-0.13983824483731136
UBFC_PHYS_s17_T3_ctrl,77,152,82.06666666666666,-0.014146799221634865,-0.14882287532334976
UBFC_PHYS_s17_T3_ctrl,77,153,82.1,-0.1382720172405243,-0.16892669996582893
UBFC_PHYS_s17_T3_ctrl,77,154,82.13333333333334,-0.2979234457015991,-0.1930266390860082
UBFC_PHYS_s17_T3_ctrl,77,155,82.16666666666667,-0.39928144216537476,-0.21054046458988238
UBFC_PHYS_s17_T3_ctrl,77,156,82.2,-0.3552219271659851,-0.21062432120493202
UBFC_PHYS_s17_T3_ctrl,77,157,82.23333333333333,-0.18072789907455444,-0.18605455948622246
UBFC_PHYS_s17_T3_ctrl,77,158,82.26666666666667,0.01391130592674017,-0.13635381011686037
UBFC_PHYS_s17_T3_ctrl,77,159,82.3,0.1391134262084961,-0.06873565872488788
UBFC_PHYS_s17_T3_ctrl,77,160,82.33333333333333,0.19149558246135712,0.003790835877243332
UBFC_PHYS_s17_T3_ctrl,77,161,82.36666666666666,0.1928182989358902,0.06667578980601031
UBFC_PHYS_s17_T3_ctrl,77,162,82.4,0.1593054234981537,0.10898828369713266
UBFC_PHYS_s17_T3_ctrl,77,163,82.43333333333334,0.1321837604045868,0.1275640075190706
UBFC_PHYS_s17_T3_ctrl,77,164,82.46666666666667,0.1505965292453766,0.12843265602223042
UBFC_PHYS_s17_T3_ctrl,77,165,82.5,0.17089387774467468,0.12473289621698595
UBFC_PHYS_s17_T3_ctrl,77,166,82.53333333333333,0.10737979412078857,0.13170157969423252
UBFC_PHYS_s17_T3_ctrl,77,167,82.56666666666666,-0.01514176744967699,0.16056041817837052
UBFC_PHYS_s17_T3_ctrl,77,168,82.6,-0.12050305306911469,0.2136278905249792
UBFC_PHYS_s17_T3_ctrl,77,169,82.63333333333334,-0.22656667232513428,0.28256898222323706
UBFC_PHYS_s17_T3_ctrl,77,170,82.66666666666667,-0.4081776440143585,0.3505442470745744
UBFC_PHYS_s17_T3_ctrl,77,171,82.7,-0.692586362361908,0.39756654563759397
UBFC_PHYS_s17_T3_ctrl,77,172,82.73333333333333,-1.0646343231201172,0.407154643798509
UBFC_PHYS_s17_T3_ctrl,77,173,82.76666666666667,-1.4825209379196167,0.3718582304088449
UBFC_PHYS_s17_T3_ctrl,77,174,82.8,-1.8707809448242188,0.29564727111926264
UBFC_PHYS_s17_T3_ctrl,77,175,82.83333333333333,-2.1603167057037354,0.19236586637442368
UBFC_PHYS_s17_T3_ctrl,77,176,82.86666666666666,-2.2570276260375977,0.0809558629424091
UBFC_PHYS_s17_T3_ctrl,77,177,82.9,-2.039586067199707,-0.020761242530775197
UBFC_PHYS_s17_T3_ctrl,77,178,82.93333333333334,-1.541048526763916,-0.10172813044299714
UBFC_PHYS_s17_T3_ctrl,77,179,82.96666666666667,-1.0077571868896484,-0.16107253738431151
UBFC_PHYS_s17_T3_ctrl,77,180,83.0,-0.6301140785217285,-0.20823569074995849
UBFC_PHYS_s17_T3_ctrl,77,181,83.03333333333333,-0.3820977509021759,-0.25959188281274465
UBFC_PHYS_s17_T3_ctrl,77,182,83.06666666666666,-0.20148175954818726,-0.332472930542572
UBFC_PHYS_s17_T3_ctrl,77,183,83.1,-0.10199664533138275,-0.43835687042589483
UBFC_PHYS_s17_T3_ctrl,77,184,83.13333333333334,-0.06018456444144249,-0.577085165765976
UBFC_PHYS_s17_T3_ctrl,77,185,83.16666666666667,-0.028919151052832603,-0.7336350406397918
UBFC_PHYS_s17_T3_ctrl,77,186,83.2,-0.037768516689538956,-0.8786046011253835
UBFC_PHYS_s17_T3_ctrl,77,187,83.23333333333333,-0.14216995239257812,-0.9730469797671525
UBFC_PHYS_s17_T3_ctrl,77,188,83.26666666666667,-0.3046892285346985,-0.97734173945741
UBFC_PHYS_s17_T3_ctrl,77,189,83.3,-0.44083601236343384,-0.8624719312664983
UBFC_PHYS_s17_T3_ctrl,77,190,83.33333333333333,-0.5635682940483093,-0.6207685984800858
UBFC_PHYS_s17_T3_ctrl,77,191,83.36666666666666,-0.7171679735183716,-0.2724682368296344
UBFC_PHYS_s17_T3_ctrl,77,192,83.4,-0.8515940308570862,0.13508166215701736
UBFC_PHYS_s17_T3_ctrl,77,193,83.43333333333334,-0.9511025547981262,0.5366345507895047
UBFC_PHYS_s17_T3_ctrl,77,194,83.46666666666667,-1.1459407806396484,0.8645133036599454
UBFC_PHYS_s17_T3_ctrl,77,195,83.5,-1.4713305234909058,1.0655746651367037
UBFC_PHYS_s17_T3_ctrl,77,196,83.53333333333333,-1.7248483896255493,1.1144449552411366
UBFC_PHYS_s17_T3_ctrl,77,197,83.56666666666666,-1.7452276945114136,1.0192732092906363
UBFC_PHYS_s17_T3_ctrl,77,198,83.6,-1.514910101890564,0.8186146519010463
UBFC_PHYS_s17_T3_ctrl,77,199,83.63333333333334,-1.0307468175888062,0.5705307961007512
UBFC_PHYS_s17_T3_ctrl,77,200,83.66666666666667,-0.37674835324287415,0.33702714961904184
UBFC_PHYS_s17_T3_ctrl,77,201,83.7,0.22212889790534973,0.16809012900291567
UBFC_PHYS_s17_T3_ctrl,77,202,83.73333333333333,0.5983439683914185,0.08958514798921603
UBFC_PHYS_s17_T3_ctrl,77,203,83.76666666666667,0.7652996182441711,0.09821765581843085
UBFC_PHYS_s17_T3_ctrl,77,204,83.8,0.8200579881668091,0.16487139908863763
UBFC_PHYS_s17_T3_ctrl,77,205,83.83333333333333,0.8532080054283142,0.24518823628959552
UBFC_PHYS_s17_T3_ctrl,77,206,83.86666666666666,0.9450494050979614,0.2938483637664035
UBFC_PHYS_s17_T3_ctrl,77,207,83.9,1.1211470365524292,0.277792053919838
UBFC_PHYS_s17_T3_ctrl,77,208,83.93333333333334,1.3117244243621826,0.18437022339066073
UBFC_PHYS_s17_T3_ctrl,77,209,83.96666666666667,1.4102380275726318,0.022681792318583006
UBFC_PHYS_s17_T3_ctrl,77,210,84.0,1.362046480178833,-0.18102163865522244
UBFC_PHYS_s17_T3_ctrl,77,211,84.03333333333333,1.1999485492706299,-0.39122074105697824
UBFC_PHYS_s17_T3_ctrl,77,212,84.06666666666666,1.0194379091262817,-0.5713995067034765
UBFC_PHYS_s17_T3_ctrl,77,213,84.1,0.8789834976196289,-0.69071376885084
UBFC_PHYS_s17_T3_ctrl,77,214,84.13333333333334,0.7435390949249268,-0.7283716499405462
UBFC_PHYS_s17_T3_ctrl,77,215,84.16666666666667,0.5379201173782349,-0.6761006225146082
UBFC_PHYS_s17_T3_ctrl,77,216,84.2,0.2761381268501282,-0.5394853717022539
UBFC_PHYS_s17_T3_ctrl,77,217,84.23333333333333,0.13098980486392975,-0.338502980529182
UBFC_PHYS_s17_T3_ctrl,77,218,84.26666666666667,0.29808592796325684,-0.10654062968162159
UBFC_PHYS_s17_T3_ctrl,77,219,84.3,0.7275961637496948,0.11352563274357146
UBFC_PHYS_s17_T3_ctrl,77,220,84.33333333333333,1.1677935123443604,0.2771212071479781
UBFC_PHYS_s17_T3_ctrl,77,221,84.36666666666666,1.4931715726852417,0.3487633726589094
UBFC_PHYS_s17_T3_ctrl,77,222,84.4,1.7769482135772705,0.3127353858527134
UBFC_PHYS_s17_T3_ctrl,77,223,84.43333333333334,2.057201623916626,0.17949995094624407
UBFC_PHYS_s17_T3_ctrl,77,224,84.46666666666667,2.222729206085205,-0.015058795692612072
UBFC_PHYS_s17_T3_ctrl,77,225,84.5,2.189391851425171,-0.21781044149816842
UBFC_PHYS_s17_T3_ctrl,77,226,84.53333333333333,2.0405211448669434,-0.3716967847362949
UBFC_PHYS_s17_T3_ctrl,77,227,84.56666666666666,1.9007924795150757,-0.43051310202798837
UBFC_PHYS_s17_T3_ctrl,77,228,84.6,1.773050308227539,-0.37133319130426345
UBFC_PHYS_s17_T3_ctrl,77,229,84.63333333333334,1.5710951089859009,-0.2013354749369035
UBFC_PHYS_s17_T3_ctrl,77,230,84.66666666666667,1.1746997833251953,0.04330295528612321
UBFC_PHYS_s17_T3_ctrl,77,231,84.7,0.5204086899757385,0.3070478390086331
UBFC_PHYS_s17_T3_ctrl,77,232,84.73333333333333,-0.256099671125412,0.5309711741127422
UBFC_PHYS_s17_T3_ctrl,77,233,84.76666666666667,-0.8785635232925415,0.6699375838189454
UBFC_PHYS_s17_T3_ctrl,77,234,84.8,-1.2740809917449951,0.7046150321322775
UBFC_PHYS_s17_T3_ctrl,77,235,84.83333333333333,-1.7391525506973267,0.6434931432186093
UBFC_PHYS_s17_T3_ctrl,77,236,84.86666666666666,-2.6597673892974854,0.5144383140375862
UBFC_PHYS_s17_T3_ctrl,77,237,84.9,-4.010817050933838,0.3502602091458676
UBFC_PHYS_s17_T3_ctrl,77,238,84.93333333333334,-5.081169128417969,0.1755501895014379
UBFC_PHYS_s17_T3_ctrl,77,239,84.96666666666667,-5.030179500579834,0.0010286542864833639
UBFC_PHYS_s17_T3_ctrl,78,0,78.0,0.8333671689033508,0.091240993823544
UBFC_PHYS_s17_T3_ctrl,78,1,78.03333333333333,0.8256531953811646,0.074161729824348
UBFC_PHYS_s17_T3_ctrl,78,2,78.06666666666666,0.8715271353721619,0.049555807368169946
UBFC_PHYS_s17_T3_ctrl,78,3,78.1,0.9157856702804565,0.013883544424163114
UBFC_PHYS_s17_T3_ctrl,78,4,78.13333333333334,0.9383187294006348,-0.03076144293411544
UBFC_PHYS_s17_T3_ctrl,78,5,78.16666666666667,0.9379558563232422,-0.07752725842069007
UBFC_PHYS_s17_T3_ctrl,78,6,78.2,0.8833730816841125,-0.11795919466947061
UBFC_PHYS_s17_T3_ctrl,78,7,78.23333333333333,0.7427197098731995,-0.14586122766855308
UBFC_PHYS_s17_T3_ctrl,78,8,78.26666666666667,0.5421223640441895,-0.1598457778383515
UBFC_PHYS_s17_T3_ctrl,78,9,78.3,0.3412441611289978,-0.16324872038846172
UBFC_PHYS_s17_T3_ctrl,78,10,78.33333333333333,0.1430933028459549,-0.16180621930017297
UBFC_PHYS_s17_T3_ctrl,78,11,78.36666666666666,-0.07975617796182632,-0.16079601291071227
UBFC_PHYS_s17_T3_ctrl,78,12,78.4,-0.2560528516769409,-0.16312486704612078
UBFC_PHYS_s17_T3_ctrl,78,13,78.43333333333334,-0.2581130266189575,-0.1688297271298693
UBFC_PHYS_s17_T3_ctrl,78,14,78.46666666666667,-0.09567566961050034,-0.1758139428387548
UBFC_PHYS_s17_T3_ctrl,78,15,78.5,0.08240024000406265,-0.18139310459684313
UBFC_PHYS_s17_T3_ctrl,78,16,78.53333333333333,0.1717717945575714,-0.18398874938191956
UBFC_PHYS_s17_T3_ctrl,78,17,78.56666666666666,0.17382025718688965,-0.18416447025647661
UBFC_PHYS_s17_T3_ctrl,78,18,78.6,0.11094997078180313,-0.18440374605796875
UBFC_PHYS_s17_T3_ctrl,78,19,78.63333333333334,0.019494833424687386,-0.1876103409339718
UBFC_PHYS_s17_T3_ctrl,78,20,78.66666666666667,-0.04085877165198326,-0.19503129647320372
UBFC_PHYS_s17_T3_ctrl,78,21,78.7,-0.03667990490794182,-0.2047134395174957
UBFC_PHYS_s17_T3_ctrl,78,22,78.73333333333333,0.009299335069954395,-0.21138780624524162
UBFC_PHYS_s17_T3_ctrl,78,23,78.76666666666667,0.0651814341545105,-0.20794144343609036
UBFC_PHYS_s17_T3_ctrl,78,24,78.8,0.118816077709198,-0.18779795366966834
UBFC_PHYS_s17_T3_ctrl,78,25,78.83333333333333,0.1538623720407486,-0.14708168746833844
UBFC_PHYS_s17_T3_ctrl,78,26,78.86666666666666,0.16156458854675293,-0.08565929487876878
UBFC_PHYS_s17_T3_ctrl,78,27,78.9,0.1773202121257782,-0.006861866357888295
UBFC_PHYS_s17_T3_ctrl,78,28,78.93333333333334,0.23478254675865173,0.08355379315337672
UBFC_PHYS_s17_T3_ctrl,78,29,78.96666666666667,0.288066029548645,0.17829422787581686
UBFC_PHYS_s17_T3_ctrl,78,30,79.0,0.26658642292022705,0.2686176933874333
UBFC_PHYS_s17_T3_ctrl,78,31,79.03333333333333,0.2383878529071808,0.3436476827079545
UBFC_PHYS_s17_T3_ctrl,78,32,79.06666666666666,0.39661121368408203,0.389666631395762
UBFC_PHYS_s17_T3_ctrl,78,33,79.1,0.8186884522438049,0.39066573391773013
UBFC_PHYS_s17_T3_ctrl,78,34,79.13333333333334,1.3695847988128662,0.33142109466178343
UBFC_PHYS_s17_T3_ctrl,78,35,79.16666666666667,1.8155179023742676,0.20335024938461418
UBFC_PHYS_s17_T3_ctrl,78,36,79.2,1.959308385848999,0.011488929325777626
UBFC_PHYS_s17_T3_ctrl,78,37,79.23333333333333,1.744032382965088,-0.2206209061220204
UBFC_PHYS_s17_T3_ctrl,78,38,79.26666666666667,1.2593189477920532,-0.45129932619733754
UBFC_PHYS_s17_T3_ctrl,78,39,79.3,0.6464769840240479,-0.6279172087429067
UBFC_PHYS_s17_T3_ctrl,78,40,79.33333333333333,0.08708243817090988,-0.7000372130936331
UBFC_PHYS_s17_T3_ctrl,78,41,79.36666666666666,-0.21987111866474152,-0.6350663076838462
UBFC_PHYS_s17_T3_ctrl,78,42,79.4,-0.2902914583683014,-0.43110894377619785
UBFC_PHYS_s17_T3_ctrl,78,43,79.43333333333334,-0.3599626421928406,-0.12165878203248232
UBFC_PHYS_s17_T3_ctrl,78,44,79.46666666666667,-0.5310386419296265,0.23089384743285593
UBFC_PHYS_s17_T3_ctrl,78,45,79.5,-0.7056146264076233,0.5519516454468336
UBFC_PHYS_s17_T3_ctrl,78,46,79.53333333333333,-0.881606936454773,0.7765038161273634
UBFC_PHYS_s17_T3_ctrl,78,47,79.56666666666666,-1.182251214981079,0.8684520507427551
UBFC_PHYS_s17_T3_ctrl,78,48,79.6,-1.605370283126831,0.8303049605041357
UBFC_PHYS_s17_T3_ctrl,78,49,79.63333333333334,-1.9763295650482178,0.6995934232030658
UBFC_PHYS_s17_T3_ctrl,78,50,79.66666666666667,-2.129648208618164,0.5337451003041842
UBFC_PHYS_s17_T3_ctrl,78,51,79.7,-2.0889949798583984,0.3896957102373517
UBFC_PHYS_s17_T3_ctrl,78,52,79.73333333333333,-2.024813652038574,0.3059188693347593
UBFC_PHYS_s17_T3_ctrl,78,53,79.76666666666667,-2.001121759414673,0.29273557926065263
UBFC_PHYS_s17_T3_ctrl,78,54,79.8,-1.8455321788787842,0.33307270105756076
UBFC_PHYS_s17_T3_ctrl,78,55,79.83333333333333,-1.4441736936569214,0.39192434340185517
UBFC_PHYS_s17_T3_ctrl,78,56,79.86666666666666,-0.978973388671875,0.43004349104141215
UBFC_PHYS_s17_T3_ctrl,78,57,79.9,-0.7009090185165405,0.41666237991251254
UBFC_PHYS_s17_T3_ctrl,78,58,79.93333333333334,-0.6186426877975464,0.3373220942893906
UBFC_PHYS_s17_T3_ctrl,78,59,79.96666666666667,-0.5886063575744629,0.19540443015057116
UBFC_PHYS_s17_T3_ctrl,78,60,80.0,-0.5407425165176392,0.008496700095588495
UBFC_PHYS_s17_T3_ctrl,78,61,80.03333333333333,-0.4573056697845459,-0.197901353788484
UBFC_PHYS_s17_T3_ctrl,78,62,80.06666666666666,-0.3200117349624634,-0.3970226939986017
UBFC_PHYS_s17_T3_ctrl,78,63,80.1,-0.18441513180732727,-0.5665107516419134
UBFC_PHYS_s17_T3_ctrl,78,64,80.13333333333334,-0.1393723338842392,-0.6925488005392904
UBFC_PHYS_s17_T3_ctrl,78,65,80.16666666666667,-0.1714337170124054,-0.7721070486289503
UBFC_PHYS_s17_T3_ctrl,78,66,80.2,-0.1943531036376953,-0.8129893301300308
UBFC_PHYS_s17_T3_ctrl,78,67,80.23333333333333,-0.15552593767642975,-0.8314038010435132
UBFC_PHYS_s17_T3_ctrl,78,68,80.26666666666667,-0.02553625963628292,-0.847064683308638
UBFC_PHYS_s17_T3_ctrl,78,69,80.3,0.20246364176273346,-0.8764995145409632
UBFC_PHYS_s17_T3_ctrl,78,70,80.33333333333333,0.4667506217956543,-0.9261536063660353
UBFC_PHYS_s17_T3_ctrl,78,71,80.36666666666666,0.6966233849525452,-0.9875345525687963
UBFC_PHYS_s17_T3_ctrl,78,72,80.4,0.8599503636360168,-1.0365136481236399
UBFC_PHYS_s17_T3_ctrl,78,73,80.43333333333334,0.9286265969276428,-1.0379112999862345
UBFC_PHYS_s17_T3_ctrl,78,74,80.46666666666667,0.9229025840759277,-0.9549012917091473
UBFC_PHYS_s17_T3_ctrl,78,75,80.5,0.9699704647064209,-0.7610216763325822
UBFC_PHYS_s17_T3_ctrl,78,76,80.53333333333333,1.1816762685775757,-0.45122653292794324
UBFC_PHYS_s17_T3_ctrl,78,77,80.56666666666666,1.4680984020233154,-0.047975688886676034
UBFC_PHYS_s17_T3_ctrl,78,78,80.6,1.646033763885498,0.4007187642338149
UBFC_PHYS_s17_T3_ctrl,78,79,80.63333333333334,1.645588994026184,0.8318526067824119
UBFC_PHYS_s17_T3_ctrl,78,80,80.66666666666667,1.5550702810287476,1.1836461418488338
UBFC_PHYS_s17_T3_ctrl,78,81,80.7,1.4592138528823853,1.411762181195913
UBFC_PHYS_s17_T3_ctrl,78,82,80.73333333333333,1.234561800956726,1.4996361509265859
UBFC_PHYS_s17_T3_ctrl,78,83,80.76666666666667,0.6156212687492371,1.4594170106305375
UBFC_PHYS_s17_T3_ctrl,78,84,80.8,-0.3371368944644928,1.3238912663020583
UBFC_PHYS_s17_T3_ctrl,78,85,80.83333333333333,-1.1428738832473755,1.1333054554882742
UBFC_PHYS_s17_T3_ctrl,78,86,80.86666666666666,-1.4473224878311157,0.9226372304314154
UBFC_PHYS_s17_T3_ctrl,78,87,80.9,-1.2861961126327515,0.7140788578111884
UBFC_PHYS_s17_T3_ctrl,78,88,80.93333333333334,-0.8741154074668884,0.5167707813871097
UBFC_PHYS_s17_T3_ctrl,78,89,80.96666666666667,-0.4412690997123718,0.332309855937643
UBFC_PHYS_s17_T3_ctrl,78,90,81.0,-0.13620014488697052,0.1618197326660265
UBFC_PHYS_s17_T3_ctrl,78,91,81.03333333333333,0.06007783114910126,0.009994991664544498
UBFC_PHYS_s17_T3_ctrl,78,92,81.06666666666666,0.18504583835601807,-0.11609535366539078
UBFC_PHYS_s17_T3_ctrl,78,93,81.1,0.1687868982553482,-0.21218990211432442
UBFC_PHYS_s17_T3_ctrl,78,94,81.13333333333334,-0.0013292666990309954,-0.28235344681583796
UBFC_PHYS_s17_T3_ctrl,78,95,81.16666666666667,-0.2189580798149109,-0.3408745947381135
UBFC_PHYS_s17_T3_ctrl,78,96,81.2,-0.378995805978775,-0.40829711704441385
UBFC_PHYS_s17_T3_ctrl,78,97,81.23333333333333,-0.45530402660369873,-0.5023582324239436
UBFC_PHYS_s17_T3_ctrl,78,98,81.26666666666667,-0.4904322326183319,-0.6276134567500758
UBFC_PHYS_s17_T3_ctrl,78,99,81.3,-0.5418662428855896,-0.7688215394056326
UBFC_PHYS_s17_T3_ctrl,78,100,81.33333333333333,-0.6078150868415833,-0.8918342104860996
UBFC_PHYS_s17_T3_ctrl,78,101,81.36666666666666,-0.6425219178199768,-0.9526122786457858
UBFC_PHYS_s17_T3_ctrl,78,102,81.4,-0.640052080154419,-0.9116938173011926
UBFC_PHYS_s17_T3_ctrl,78,103,81.43333333333334,-0.6529983282089233,-0.7492230859863366
UBFC_PHYS_s17_T3_ctrl,78,104,81.46666666666667,-0.705872118473053,-0.47517382325843094
UBFC_PHYS_s17_T3_ctrl,78,105,81.5,-0.7040343880653381,-0.13071202682710756
UBFC_PHYS_s17_T3_ctrl,78,106,81.53333333333333,-0.5087162256240845,0.22066440546726995
UBFC_PHYS_s17_T3_ctrl,78,107,81.56666666666666,-0.17838679254055023,0.5101575025547533
UBFC_PHYS_s17_T3_ctrl,78,108,81.6,0.08148720860481262,0.6836365863155287
UBFC_PHYS_s17_T3_ctrl,78,109,81.63333333333334,0.18593546748161316,0.7175614445114525
UBFC_PHYS_s17_T3_ctrl,78,110,81.66666666666667,0.20560072362422943,0.6246845114816003
UBFC_PHYS_s17_T3_ctrl,78,111,81.7,0.18711772561073303,0.4472247775483822
UBFC_PHYS_s17_T3_ctrl,78,112,81.73333333333333,0.15589912235736847,0.2408964531256585
UBFC_PHYS_s17_T3_ctrl,78,113,81.76666666666667,0.17164303362369537,0.05708555304774036
UBFC_PHYS_s17_T3_ctrl,78,114,81.8,0.22167238593101501,-0.07005088423374249
UBFC_PHYS_s17_T3_ctrl,78,115,81.83333333333333,0.23164547979831696,-0.12842918423967697
UBFC_PHYS_s17_T3_ctrl,78,116,81.86666666666666,0.20841003954410553,-0.1255270712969173
UBFC_PHYS_s17_T3_ctrl,78,117,81.9,0.2036575973033905,-0.08152535662082165
UBFC_PHYS_s17_T3_ctrl,78,118,81.93333333333334,0.20185495913028717,-0.021490388252806455
UBFC_PHYS_s17_T3_ctrl,78,119,81.96666666666667,0.1614709496498108,0.031113129915744386
UBFC_PHYS_s17_T3_ctrl,78,120,82.0,0.09995850175619125,0.058863044682787205
UBFC_PHYS_s17_T3_ctrl,78,121,82.03333333333333,0.05079536512494087,0.05301570727662358
UBFC_PHYS_s17_T3_ctrl,78,122,82.06666666666666,-0.014146799221634865,0.014500465936341836
UBFC_PHYS_s17_T3_ctrl,78,123,82.1,-0.1382720172405243,-0.04695151739680546
UBFC_PHYS_s17_T3_ctrl,78,124,82.13333333333334,-0.2979234457015991,-0.1156252394556571
UBFC_PHYS_s17_T3_ctrl,78,125,82.16666666666667,-0.39928144216537476,-0.17409571538716295
UBFC_PHYS_s17_T3_ctrl,78,126,82.2,-0.3552219271659851,-0.20796927781989177
UBFC_PHYS_s17_T3_ctrl,78,127,82.23333333333333,-0.18072789907455444,-0.20987624034352406
UBFC_PHYS_s17_T3_ctrl,78,128,82.26666666666667,0.01391130592674017,-0.18156542984531257
UBFC_PHYS_s17_T3_ctrl,78,129,82.3,0.1391134262084961,-0.13335924230734292
UBFC_PHYS_s17_T3_ctrl,78,130,82.33333333333333,0.19149558246135712,-0.08094632465038665
UBFC_PHYS_s17_T3_ctrl,78,131,82.36666666666666,0.1928182989358902,-0.04030656831287611
UBFC_PHYS_s17_T3_ctrl,78,132,82.4,0.1593054234981537,-0.02221263291665731
UBFC_PHYS_s17_T3_ctrl,78,133,82.43333333333334,0.1321837604045868,-0.028053931757720432
UBFC_PHYS_s17_T3_ctrl,78,134,82.46666666666667,0.1505965292453766,-0.048544359535426546
UBFC_PHYS_s17_T3_ctrl,78,135,82.5,0.17089387774467468,-0.0660819454667192
UBFC_PHYS_s17_T3_ctrl,78,136,82.53333333333333,0.10737979412078857,-0.06025773096895592
UBFC_PHYS_s17_T3_ctrl,78,137,82.56666666666666,-0.01514176744967699,-0.014818483871382425
UBFC_PHYS_s17_T3_ctrl,78,138,82.6,-0.12050305306911469,0.07617300915499713
UBFC_PHYS_s17_T3_ctrl,78,139,82.63333333333334,-0.22656667232513428,0.2050514546950423
UBFC_PHYS_s17_T3_ctrl,78,140,82.66666666666667,-0.4081776440143585,0.3514093698137265
UBFC_PHYS_s17_T3_ctrl,78,141,82.7,-0.692586362361908,0.48710787990530285
UBFC_PHYS_s17_T3_ctrl,78,142,82.73333333333333,-1.0646343231201172,0.5839917288697011
UBFC_PHYS_s17_T3_ctrl,78,143,82.76666666666667,-1.4825209379196167,0.6217835662114335
UBFC_PHYS_s17_T3_ctrl,78,144,82.8,-1.8707809448242188,0.5934659115038361
UBFC_PHYS_s17_T3_ctrl,78,145,82.83333333333333,-2.1603167057037354,0.5064215380927302
UBFC_PHYS_s17_T3_ctrl,78,146,82.86666666666666,-2.2570276260375977,0.37932683718767635
UBFC_PHYS_s17_T3_ctrl,78,147,82.9,-2.039586067199707,0.23624525346107594
UBFC_PHYS_s17_T3_ctrl,78,148,82.93333333333334,-1.541048526763916,0.09979820417020822
UBFC_PHYS_s17_T3_ctrl,78,149,82.96666666666667,-1.0077571868896484,-0.014944739523134017
UBFC_PHYS_s17_T3_ctrl,78,150,83.0,-0.6301140785217285,-0.1044752053632453
UBFC_PHYS_s17_T3_ctrl,78,151,83.03333333333333,-0.3820977509021759,-0.1776286830409579
UBFC_PHYS_s17_T3_ctrl,78,152,83.06666666666666,-0.20148175954818726,-0.25254138216146677
UBFC_PHYS_s17_T3_ctrl,78,153,83.1,-0.10199664533138275,-0.35009495303102917
UBFC_PHYS_s17_T3_ctrl,78,154,83.13333333333334,-0.06018456444144249,-0.48531716227902894
UBFC_PHYS_s17_T3_ctrl,78,155,83.16666666666667,-0.028919151052832603,-0.6592019557122798
UBFC_PHYS_s17_T3_ctrl,78,156,83.2,-0.037768516689538956,-0.8537777267069148
UBFC_PHYS_s17_T3_ctrl,78,157,83.23333333333333,-0.14216995239257812,-1.0326952369180111
UBFC_PHYS_s17_T3_ctrl,78,158,83.26666666666667,-0.3046892285346985,-1.1481523985679885
UBFC_PHYS_s17_T3_ctrl,78,159,83.3,-0.44083601236343384,-1.1530472663591886
UBFC_PHYS_s17_T3_ctrl,78,160,83.33333333333333,-0.5635682940483093,-1.0154371621391598
UBFC_PHYS_s17_T3_ctrl,78,161,83.36666666666666,-0.7171679735183716,-0.7311503642197732
UBFC_PHYS_s17_T3_ctrl,78,162,83.4,-0.8515940308570862,-0.33016807657602587
UBFC_PHYS_s17_T3_ctrl,78,163,83.43333333333334,-0.9511025547981262,0.12644346155408323
UBFC_PHYS_s17_T3_ctrl,78,164,83.46666666666667,-1.1459407806396484,0.5596467055812581
UBFC_PHYS_s17_T3_ctrl,78,165,83.5,-1.4713305234909058,0.8926290192623729
UBFC_PHYS_s17_T3_ctrl,78,166,83.53333333333333,-1.7248483896255493,1.0718873907636783
UBFC_PHYS_s17_T3_ctrl,78,167,83.56666666666666,-1.7452276945114136,1.0819525926668554
UBFC_PHYS_s17_T3_ctrl,78,168,83.6,-1.514910101890564,0.9486237970588751
UBFC_PHYS_s17_T3_ctrl,78,169,83.63333333333334,-1.0307468175888062,0.7297952719862052
UBFC_PHYS_s17_T3_ctrl,78,170,83.66666666666667,-0.37674835324287415,0.4972231167121521
UBFC_PHYS_s17_T3_ctrl,78,171,83.7,0.22212889790534973,0.3153137599410388
UBFC_PHYS_s17_T3_ctrl,78,172,83.73333333333333,0.5983439683914185,0.22349073970009695
UBFC_PHYS_s17_T3_ctrl,78,173,83.76666666666667,0.7652996182441711,0.22718050584440036
UBFC_PHYS_s17_T3_ctrl,78,174,83.8,0.8200579881668091,0.2996520070237298
UBFC_PHYS_s17_T3_ctrl,78,175,83.83333333333333,0.8532080054283142,0.3934277192469389
UBFC_PHYS_s17_T3_ctrl,78,176,83.86666666666666,0.9450494050979614,0.45669265963617955
UBFC_PHYS_s17_T3_ctrl,78,177,83.9,1.1211470365524292,0.4487329690462754
UBFC_PHYS_s17_T3_ctrl,78,178,83.93333333333334,1.3117244243621826,0.3498311456710356
UBFC_PHYS_s17_T3_ctrl,78,179,83.96666666666667,1.4102380275726318,0.16403437320781755
UBFC_PHYS_s17_T3_ctrl,78,180,84.0,1.362046480178833,-0.08410035744609422
UBFC_PHYS_s17_T3_ctrl,78,181,84.03333333333333,1.1999485492706299,-0.35631653215761094
UBFC_PHYS_s17_T3_ctrl,78,182,84.06666666666666,1.0194379091262817,-0.6086091017744321
UBFC_PHYS_s17_T3_ctrl,78,183,84.1,0.8789834976196289,-0.7988385784437759
UBFC_PHYS_s17_T3_ctrl,78,184,84.13333333333334,0.7435390949249268,-0.8935553624264039
UBFC_PHYS_s17_T3_ctrl,78,185,84.16666666666667,0.5379201173782349,-0.87403469001384
UBFC_PHYS_s17_T3_ctrl,78,186,84.2,0.2761381268501282,-0.7411832835817074
UBFC_PHYS_s17_T3_ctrl,78,187,84.23333333333333,0.13098980486392975,-0.518186348932586
UBFC_PHYS_s17_T3_ctrl,78,188,84.26666666666667,0.29808592796325684,-0.24916779682408763
UBFC_PHYS_s17_T3_ctrl,78,189,84.3,0.7275961637496948,0.007674085973469902
UBFC_PHYS_s17_T3_ctrl,78,190,84.33333333333333,1.1677935123443604,0.19266863855480273
UBFC_PHYS_s17_T3_ctrl,78,191,84.36666666666666,1.4931715726852417,0.2607928767190702
UBFC_PHYS_s17_T3_ctrl,78,192,84.4,1.7769482135772705,0.19644731181697353
UBFC_PHYS_s17_T3_ctrl,78,193,84.43333333333334,2.057201623916626,0.021086102302048
UBFC_PHYS_s17_T3_ctrl,78,194,84.46666666666667,2.222729206085205,-0.21009852641147958
UBFC_PHYS_s17_T3_ctrl,78,195,84.5,2.189391851425171,-0.42226885045711704
UBFC_PHYS_s17_T3_ctrl,78,196,84.53333333333333,2.0405211448669434,-0.5417416875843055
UBFC_PHYS_s17_T3_ctrl,78,197,84.56666666666666,1.9007924795150757,-0.5172009285854928
UBFC_PHYS_s17_T3_ctrl,78,198,84.6,1.773050308227539,-0.335083976996788
UBFC_PHYS_s17_T3_ctrl,78,199,84.63333333333334,1.5710951089859009,-0.024611521105982564
UBFC_PHYS_s17_T3_ctrl,78,200,84.66666666666667,1.1746997833251953,0.3495243593816899
UBFC_PHYS_s17_T3_ctrl,78,201,84.7,0.5204086899757385,0.7054652182120595
UBFC_PHYS_s17_T3_ctrl,78,202,84.73333333333333,-0.256099671125412,0.9683000202784261
UBFC_PHYS_s17_T3_ctrl,78,203,84.76666666666667,-0.8785635232925415,1.0919529919337356
UBFC_PHYS_s17_T3_ctrl,78,204,84.8,-1.2740809917449951,1.0707479691177966
UBFC_PHYS_s17_T3_ctrl,78,205,84.83333333333333,-1.7391525506973267,0.9362092245888556
UBFC_PHYS_s17_T3_ctrl,78,206,84.86666666666666,-2.6597673892974854,0.7410312964926523
UBFC_PHYS_s17_T3_ctrl,78,207,84.9,-4.010817050933838,0.5378283762451187
UBFC_PHYS_s17_T3_ctrl,78,208,84.93333333333334,-5.081169128417969,0.3619411091538405
UBFC_PHYS_s17_T3_ctrl,78,209,84.96666666666667,-5.030179500579834,0.22454006675539318
UBFC_PHYS_s17_T3_ctrl,78,210,85.0,-3.82466459274292,0.11643574218667167
UBFC_PHYS_s17_T3_ctrl,78,211,85.03333333333333,-2.255997657775879,0.018044748447862927
UBFC_PHYS_s17_T3_ctrl,78,212,85.06666666666666,-1.031285285949707,-0.09035658998822799
UBFC_PHYS_s17_T3_ctrl,78,213,85.1,-0.33927902579307556,-0.2219996280962641
UBFC_PHYS_s17_T3_ctrl,78,214,85.13333333333334,-0.106315977871418,-0.3813880113454922
UBFC_PHYS_s17_T3_ctrl,78,215,85.16666666666667,-0.08920252323150635,-0.5648327164980655
UBFC_PHYS_s17_T3_ctrl,78,216,85.2,-0.01884070783853531,-0.7614932338056862
UBFC_PHYS_s17_T3_ctrl,78,217,85.23333333333333,0.1375448852777481,-0.9536909263126446
UBFC_PHYS_s17_T3_ctrl,78,218,85.26666666666667,0.25663673877716064,-1.1170088970974277
UBFC_PHYS_s17_T3_ctrl,78,219,85.3,0.32821592688560486,-1.2219097341604144
UBFC_PHYS_s17_T3_ctrl,78,220,85.33333333333333,0.41138356924057007,-1.238423021898389
UBFC_PHYS_s17_T3_ctrl,78,221,85.36666666666666,0.4965996742248535,-1.1439338491149889
UBFC_PHYS_s17_T3_ctrl,78,222,85.4,0.5512409806251526,-0.9320384727597105
UBFC_PHYS_s17_T3_ctrl,78,223,85.43333333333334,0.5599615573883057,-0.6189334674488659
UBFC_PHYS_s17_T3_ctrl,78,224,85.46666666666667,0.4923856854438782,-0.24384006990744175
UBFC_PHYS_s17_T3_ctrl,78,225,85.5,0.318207710981369,0.13808147196348244
UBFC_PHYS_s17_T3_ctrl,78,226,85.53333333333333,0.10881957411766052,0.4686613246385201
UBFC_PHYS_s17_T3_ctrl,78,227,85.56666666666666,0.053663212805986404,0.7011745556588647
UBFC_PHYS_s17_T3_ctrl,78,228,85.6,0.25169700384140015,0.8114575396949827
UBFC_PHYS_s17_T3_ctrl,78,229,85.63333333333334,0.5827404856681824,0.802317122474695
UBFC_PHYS_s17_T3_ctrl,78,230,85.66666666666667,0.8656158447265625,0.7003574608765172
UBFC_PHYS_s17_T3_ctrl,78,231,85.7,1.0391851663589478,0.5467657506883036
UBFC_PHYS_s17_T3_ctrl,78,232,85.73333333333333,1.1064449548721313,0.3852079649737315
UBFC_PHYS_s17_T3_ctrl,78,233,85.76666666666667,1.0519558191299438,0.25061666945306205
UBFC_PHYS_s17_T3_ctrl,78,234,85.8,0.9225631356239319,0.1622840756664464
UBFC_PHYS_s17_T3_ctrl,78,235,85.83333333333333,0.8394539952278137,0.12306735425059939
UBFC_PHYS_s17_T3_ctrl,78,236,85.86666666666666,0.849719762802124,0.12394175142945238
UBFC_PHYS_s17_T3_ctrl,78,237,85.9,0.8705906867980957,0.150982272085861
UBFC_PHYS_s17_T3_ctrl,78,238,85.93333333333334,0.8154577016830444,0.19138415778482248
UBFC_PHYS_s17_T3_ctrl,78,239,85.96666666666667,0.692924439907074,0.23628985338038203
UBFC_PHYS_s17_T3_ctrl,79,0,79.0,0.26658642292022705,-0.15101469378400423
UBFC_PHYS_s17_T3_ctrl,79,1,79.03333333333333,0.2383878529071808,0.01471850065054868
UBFC_PHYS_s17_T3_ctrl,79,2,79.06666666666666,0.39661121368408203,0.14503693199517198
UBFC_PHYS_s17_T3_ctrl,79,3,79.1,0.8186884522438049,0.20637327619585663
UBFC_PHYS_s17_T3_ctrl,79,4,79.13333333333334,1.3695847988128662,0.17437618771279656
UBFC_PHYS_s17_T3_ctrl,79,5,79.16666666666667,1.8155179023742676,0.04010724935555113
UBFC_PHYS_s17_T3_ctrl,79,6,79.2,1.959308385848999,-0.1841891569555903
UBFC_PHYS_s17_T3_ctrl,79,7,79.23333333333333,1.744032382965088,-0.4622188762673228
UBFC_PHYS_s17_T3_ctrl,79,8,79.26666666666667,1.2593189477920532,-0.736560105734813
UBFC_PHYS_s17_T3_ctrl,79,9,79.3,0.6464769840240479,-0.9391298749439588
UBFC_PHYS_s17_T3_ctrl,79,10,79.33333333333333,0.08708243817090988,-1.00796501464933
UBFC_PHYS_s17_T3_ctrl,79,11,79.36666666666666,-0.21987111866474152,-0.9057360491928529
UBFC_PHYS_s17_T3_ctrl,79,12,79.4,-0.2902914583683014,-0.6336446042461923
UBFC_PHYS_s17_T3_ctrl,79,13,79.43333333333334,-0.3599626421928406,-0.23503012483483543
UBFC_PHYS_s17_T3_ctrl,79,14,79.46666666666667,-0.5310386419296265,0.21400385714576342
UBFC_PHYS_s17_T3_ctrl,79,15,79.5,-0.7056146264076233,0.6251255633551298
UBFC_PHYS_s17_T3_ctrl,79,16,79.53333333333333,-0.881606936454773,0.9231131037805532
UBFC_PHYS_s17_T3_ctrl,79,17,79.56666666666666,-1.182251214981079,1.0671035210219986
UBFC_PHYS_s17_T3_ctrl,79,18,79.6,-1.605370283126831,1.0598956274505307
UBFC_PHYS_s17_T3_ctrl,79,19,79.63333333333334,-1.9763295650482178,0.9420966783124399
UBFC_PHYS_s17_T3_ctrl,79,20,79.66666666666667,-2.129648208618164,0.7743237004316259
UBFC_PHYS_s17_T3_ctrl,79,21,79.7,-2.0889949798583984,0.6153504783005307
UBFC_PHYS_s17_T3_ctrl,79,22,79.73333333333333,-2.024813652038574,0.5044862737424245
UBFC_PHYS_s17_T3_ctrl,79,23,79.76666666666667,-2.001121759414673,0.45333219810148595
UBFC_PHYS_s17_T3_ctrl,79,24,79.8,-1.8455321788787842,0.4477709426060116
UBFC_PHYS_s17_T3_ctrl,79,25,79.83333333333333,-1.4441736936569214,0.45750462149650184
UBFC_PHYS_s17_T3_ctrl,79,26,79.86666666666666,-0.978973388671875,0.44867369280473895
UBFC_PHYS_s17_T3_ctrl,79,27,79.9,-0.7009090185165405,0.3951847083551602
UBFC_PHYS_s17_T3_ctrl,79,28,79.93333333333334,-0.6186426877975464,0.2857925027777622
UBFC_PHYS_s17_T3_ctrl,79,29,79.96666666666667,-0.5886063575744629,0.1258620325093141
UBFC_PHYS_s17_T3_ctrl,79,30,80.0,-0.5407425165176392,-0.06565435439616105
UBFC_PHYS_s17_T3_ctrl,79,31,80.03333333333333,-0.4573056697845459,-0.2624409024626599
UBFC_PHYS_s17_T3_ctrl,79,32,80.06666666666666,-0.3200117349624634,-0.43819539664418355
UBFC_PHYS_s17_T3_ctrl,79,33,80.1,-0.18441513180732727,-0.5732218258550048
UBFC_PHYS_s17_T3_ctrl,79,34,80.13333333333334,-0.1393723338842392,-0.658868489855407
UBFC_PHYS_s17_T3_ctrl,79,35,80.16666666666667,-0.1714337170124054,-0.6991338614425768
UBFC_PHYS_s17_T3_ctrl,79,36,80.2,-0.1943531036376953,-0.7092938844539367
UBFC_PHYS_s17_T3_ctrl,79,37,80.23333333333333,-0.15552593767642975,-0.711741318312742
UBFC_PHYS_s17_T3_ctrl,79,38,80.26666666666667,-0.02553625963628292,-0.7295569114576256
UBFC_PHYS_s17_T3_ctrl,79,39,80.3,0.20246364176273346,-0.7789288485891889
UBFC_PHYS_s17_T3_ctrl,79,40,80.33333333333333,0.4667506217956543,-0.8623479091218106
UBFC_PHYS_s17_T3_ctrl,79,41,80.36666666666666,0.6966233849525452,-0.9648826089293866
UBFC_PHYS_s17_T3_ctrl,79,42,80.4,0.8599503636360168,-1.0552461597186436
UBFC_PHYS_s17_T3_ctrl,79,43,80.43333333333334,0.9286265969276428,-1.0920872387026603
UBFC_PHYS_s17_T3_ctrl,79,44,80.46666666666667,0.9229025840759277,-1.034510121618794
UBFC_PHYS_s17_T3_ctrl,79,45,80.5,0.9699704647064209,-0.8544398964497669
UBFC_PHYS_s17_T3_ctrl,79,46,80.53333333333333,1.1816762685775757,-0.547309285328907
UBFC_PHYS_s17_T3_ctrl,79,47,80.56666666666666,1.4680984020233154,-0.13726200479003123
UBFC_PHYS_s17_T3_ctrl,79,48,80.6,1.646033763885498,0.32579727464133157
UBFC_PHYS_s17_T3_ctrl,79,49,80.63333333333334,1.645588994026184,0.7774350893569614
UBFC_PHYS_s17_T3_ctrl,79,50,80.66666666666667,1.5550702810287476,1.1551294457098245
UBFC_PHYS_s17_T3_ctrl,79,51,80.7,1.4592138528823853,1.4143908637745561
UBFC_PHYS_s17_T3_ctrl,79,52,80.73333333333333,1.234561800956726,1.5386885975335394
UBFC_PHYS_s17_T3_ctrl,79,53,80.76666666666667,0.6156212687492371,1.5395777574131326
UBFC_PHYS_s17_T3_ctrl,79,54,80.8,-0.3371368944644928,1.447565017098484
UBFC_PHYS_s17_T3_ctrl,79,55,80.83333333333333,-1.1428738832473755,1.298198775861378
UBFC_PHYS_s17_T3_ctrl,79,56,80.86666666666666,-1.4473224878311157,1.1195846820950481
UBFC_PHYS_s17_T3_ctrl,79,57,80.9,-1.2861961126327515,0.9263438143240473
UBFC_PHYS_s17_T3_ctrl,79,58,80.93333333333334,-0.8741154074668884,0.7216104277660735
UBFC_PHYS_s17_T3_ctrl,79,59,80.96666666666667,-0.4412690997123718,0.5045761936632434
UBFC_PHYS_s17_T3_ctrl,79,60,81.0,-0.13620014488697052,0.2783036279804496
UBFC_PHYS_s17_T3_ctrl,79,61,81.03333333333333,0.06007783114910126,0.05280061858522687
UBFC_PHYS_s17_T3_ctrl,79,62,81.06666666666666,0.18504583835601807,-0.15822605466697684
UBFC_PHYS_s17_T3_ctrl,79,63,81.1,0.1687868982553482,-0.34436163328488323
UBFC_PHYS_s17_T3_ctrl,79,64,81.13333333333334,-0.0013292666990309954,-0.5045067829827691
UBFC_PHYS_s17_T3_ctrl,79,65,81.16666666666667,-0.2189580798149109,-0.6479087763454896
UBFC_PHYS_s17_T3_ctrl,79,66,81.2,-0.378995805978775,-0.7889136441522434
UBFC_PHYS_s17_T3_ctrl,79,67,81.23333333333333,-0.45530402660369873,-0.9375044604737685
UBFC_PHYS_s17_T3_ctrl,79,68,81.26666666666667,-0.4904322326183319,-1.0900690548131629
UBFC_PHYS_s17_T3_ctrl,79,69,81.3,-0.5418662428855896,-1.2250306660457293
UBFC_PHYS_s17_T3_ctrl,79,70,81.33333333333333,-0.6078150868415833,-1.3058580470911696
UBFC_PHYS_s17_T3_ctrl,79,71,81.36666666666666,-0.6425219178199768,-1.2909096683197965
UBFC_PHYS_s17_T3_ctrl,79,72,81.4,-0.640052080154419,-1.1471423505382001
UBFC_PHYS_s17_T3_ctrl,79,73,81.43333333333334,-0.6529983282089233,-0.8634603244196736
UBFC_PHYS_s17_T3_ctrl,79,74,81.46666666666667,-0.705872118473053,-0.45933419646710777
UBFC_PHYS_s17_T3_ctrl,79,75,81.5,-0.7040343880653381,0.014741632740930348
UBFC_PHYS_s17_T3_ctrl,79,76,81.53333333333333,-0.5087162256240845,0.48635989232350924
UBFC_PHYS_s17_T3_ctrl,79,77,81.56666666666666,-0.17838679254055023,0.8783169618862902
UBFC_PHYS_s17_T3_ctrl,79,78,81.6,0.08148720860481262,1.1289374482620746
UBFC_PHYS_s17_T3_ctrl,79,79,81.63333333333334,0.18593546748161316,1.2087432679729104
UBFC_PHYS_s17_T3_ctrl,79,80,81.66666666666667,0.20560072362422943,1.1271404329722958
UBFC_PHYS_s17_T3_ctrl,79,81,81.7,0.18711772561073303,0.9264703230038328
UBFC_PHYS_s17_T3_ctrl,79,82,81.73333333333333,0.15589912235736847,0.6663174047467118
UBFC_PHYS_s17_T3_ctrl,79,83,81.76666666666667,0.17164303362369537,0.40501752231180893
UBFC_PHYS_s17_T3_ctrl,79,84,81.8,0.22167238593101501,0.18530823370555444
UBFC_PHYS_s17_T3_ctrl,79,85,81.83333333333333,0.23164547979831696,0.027890174120688067
UBFC_PHYS_s17_T3_ctrl,79,86,81.86666666666666,0.20841003954410553,-0.06716548373811479
UBFC_PHYS_s17_T3_ctrl,79,87,81.9,0.2036575973033905,-0.11391492458480197
UBFC_PHYS_s17_T3_ctrl,79,88,81.93333333333334,0.20185495913028717,-0.1325065878660393
UBFC_PHYS_s17_T3_ctrl,79,89,81.96666666666667,0.1614709496498108,-0.14238352030577367
UBFC_PHYS_s17_T3_ctrl,79,90,82.0,0.09995850175619125,-0.15796652763398772
UBFC_PHYS_s17_T3_ctrl,79,91,82.03333333333333,0.05079536512494087,-0.18670928477842824
UBFC_PHYS_s17_T3_ctrl,79,92,82.06666666666666,-0.014146799221634865,-0.2288084648987589
UBFC_PHYS_s17_T3_ctrl,79,93,82.1,-0.1382720172405243,-0.2779985981771382
UBFC_PHYS_s17_T3_ctrl,79,94,82.13333333333334,-0.2979234457015991,-0.3233374807039686
UBFC_PHYS_s17_T3_ctrl,79,95,82.16666666666667,-0.39928144216537476,-0.35210618458449466
UBFC_PHYS_s17_T3_ctrl,79,96,82.2,-0.3552219271659851,-0.35359450155114514
UBFC_PHYS_s17_T3_ctrl,79,97,82.23333333333333,-0.18072789907455444,-0.32289508983892995
UBFC_PHYS_s17_T3_ctrl,79,98,82.26666666666667,0.01391130592674017,-0.26340627170534325
UBFC_PHYS_s17_T3_ctrl,79,99,82.3,0.1391134262084961,-0.18685569051331863
UBFC_PHYS_s17_T3_ctrl,79,100,82.33333333333333,0.19149558246135712,-0.11035325107436458
UBFC_PHYS_s17_T3_ctrl,79,101,82.36666666666666,0.1928182989358902,-0.05106925647609717
UBFC_PHYS_s17_T3_ctrl,79,102,82.4,0.1593054234981537,-0.020207865507480376
UBFC_PHYS_s17_T3_ctrl,79,103,82.43333333333334,0.1321837604045868,-0.0184896614512718
UBFC_PHYS_s17_T3_ctrl,79,104,82.46666666666667,0.1505965292453766,-0.03502018386730378
UBFC_PHYS_s17_T3_ctrl,79,105,82.5,0.17089387774467468,-0.05027526662705544
UBFC_PHYS_s17_T3_ctrl,79,106,82.53333333333333,0.10737979412078857,-0.04240496809066647
UBFC_PHYS_s17_T3_ctrl,79,107,82.56666666666666,-0.01514176744967699,0.0052364212171541295
UBFC_PHYS_s17_T3_ctrl,79,108,82.6,-0.12050305306911469,0.09794899976804776
UBFC_PHYS_s17_T3_ctrl,79,109,82.63333333333334,-0.22656667232513428,0.22710042328623706
UBFC_PHYS_s17_T3_ctrl,79,110,82.66666666666667,-0.4081776440143585,0.3720065556237262
UBFC_PHYS_s17_T3_ctrl,79,111,82.7,-0.692586362361908,0.5056141823037381
UBFC_PHYS_s17_T3_ctrl,79,112,82.73333333333333,-1.0646343231201172,0.6020174222554685
UBFC_PHYS_s17_T3_ctrl,79,113,82.76666666666667,-1.4825209379196167,0.6433179786737805
UBFC_PHYS_s17_T3_ctrl,79,114,82.8,-1.8707809448242188,0.623776796698233
UBFC_PHYS_s17_T3_ctrl,79,115,82.83333333333333,-2.1603167057037354,0.5502999666557593
UBFC_PHYS_s17_T3_ctrl,79,116,82.86666666666666,-2.2570276260375977,0.4395070415483314
UBFC_PHYS_s17_T3_ctrl,79,117,82.9,-2.039586067199707,0.3124352225172584
UBFC_PHYS_s17_T3_ctrl,79,118,82.93333333333334,-1.541048526763916,0.18820775438992546
UBFC_PHYS_s17_T3_ctrl,79,119,82.96666666666667,-1.0077571868896484,0.07817165130274874
UBFC_PHYS_s17_T3_ctrl,79,120,83.0,-0.6301140785217285,-0.017700189853102195
UBFC_PHYS_s17_T3_ctrl,79,121,83.03333333333333,-0.3820977509021759,-0.11060345271184215
UBFC_PHYS_s17_T3_ctrl,79,122,83.06666666666666,-0.20148175954818726,-0.21860817820720632
UBFC_PHYS_s17_T3_ctrl,79,123,83.1,-0.10199664533138275,-0.3594534999164372
UBFC_PHYS_s17_T3_ctrl,79,124,83.13333333333334,-0.06018456444144249,-0.5423751618542568
UBFC_PHYS_s17_T3_ctrl,79,125,83.16666666666667,-0.028919151052832603,-0.7611188533626401
UBFC_PHYS_s17_T3_ctrl,79,126,83.2,-0.037768516689538956,-0.9903399391299691
UBFC_PHYS_s17_T3_ctrl,79,127,83.23333333333333,-0.14216995239257812,-1.1872689901867874
UBFC_PHYS_s17_T3_ctrl,79,128,83.26666666666667,-0.3046892285346985,-1.2994686781501037
UBFC_PHYS_s17_T3_ctrl,79,129,83.3,-0.44083601236343384,-1.2777776712822284
UBFC_PHYS_s17_T3_ctrl,79,130,83.33333333333333,-0.5635682940483093,-1.0915681930486318
UBFC_PHYS_s17_T3_ctrl,79,131,83.36666666666666,-0.7171679735183716,-0.7418835701241434
UBFC_PHYS_s17_T3_ctrl,79,132,83.4,-0.8515940308570862,-0.2676022319548865
UBFC_PHYS_s17_T3_ctrl,79,133,83.43333333333334,-0.9511025547981262,0.25891795678283286
UBFC_PHYS_s17_T3_ctrl,79,134,83.46666666666667,-1.1459407806396484,0.7471762324035042
UBFC_PHYS_s17_T3_ctrl,79,135,83.5,-1.4713305234909058,1.1112402881106314
UBFC_PHYS_s17_T3_ctrl,79,136,83.53333333333333,-1.7248483896255493,1.2927676072980991
UBFC_PHYS_s17_T3_ctrl,79,137,83.56666666666666,-1.7452276945114136,1.2764378931335034
UBFC_PHYS_s17_T3_ctrl,79,138,83.6,-1.514910101890564,1.0925891573654907
UBFC_PHYS_s17_T3_ctrl,79,139,83.63333333333334,-1.0307468175888062,0.8065957932570602
UBFC_PHYS_s17_T3_ctrl,79,140,83.66666666666667,-0.37674835324287415,0.4989598444735862
UBFC_PHYS_s17_T3_ctrl,79,141,83.7,0.22212889790534973,0.2426565688413501
UBFC_PHYS_s17_T3_ctrl,79,142,83.73333333333333,0.5983439683914185,0.08447614925348673
UBFC_PHYS_s17_T3_ctrl,79,143,83.76666666666667,0.7652996182441711,0.0353579529853316
UBFC_PHYS_s17_T3_ctrl,79,144,83.8,0.8200579881668091,0.07182069321052276
UBFC_PHYS_s17_T3_ctrl,79,145,83.83333333333333,0.8532080054283142,0.147208178907351
UBFC_PHYS_s17_T3_ctrl,79,146,83.86666666666666,0.9450494050979614,0.20842968221926758
UBFC_PHYS_s17_T3_ctrl,79,147,83.9,1.1211470365524292,0.21247365214602817
UBFC_PHYS_s17_T3_ctrl,79,148,83.93333333333334,1.3117244243621826,0.137899841387491
UBFC_PHYS_s17_T3_ctrl,79,149,83.96666666666667,1.4102380275726318,-0.011097654312870544
UBFC_PHYS_s17_T3_ctrl,79,150,84.0,1.362046480178833,-0.20796677974358205
UBFC_PHYS_s17_T3_ctrl,79,151,84.03333333333333,1.1999485492706299,-0.41240583495900346
UBFC_PHYS_s17_T3_ctrl,79,152,84.06666666666666,1.0194379091262817,-0.5812289589527841
UBFC_PHYS_s17_T3_ctrl,79,153,84.1,0.8789834976196289,-0.6784582211403897
UBFC_PHYS_s17_T3_ctrl,79,154,84.13333333333334,0.7435390949249268,-0.6826608315824486
UBFC_PHYS_s17_T3_ctrl,79,155,84.16666666666667,0.5379201173782349,-0.5908377840956881
UBFC_PHYS_s17_T3_ctrl,79,156,84.2,0.2761381268501282,-0.4189560584901198
UBFC_PHYS_s17_T3_ctrl,79,157,84.23333333333333,0.13098980486392975,-0.19942036372929045
UBFC_PHYS_s17_T3_ctrl,79,158,84.26666666666667,0.29808592796325684,0.024270415127094894
UBFC_PHYS_s17_T3_ctrl,79,159,84.3,0.7275961637496948,0.20541842830331625
UBFC_PHYS_s17_T3_ctrl,79,160,84.33333333333333,1.1677935123443604,0.3039209527172658
UBFC_PHYS_s17_T3_ctrl,79,161,84.36666666666666,1.4931715726852417,0.2962845824992842
UBFC_PHYS_s17_T3_ctrl,79,162,84.4,1.7769482135772705,0.18293076744958392
UBFC_PHYS_s17_T3_ctrl,79,163,84.43333333333334,2.057201623916626,-0.01017398193022272
UBFC_PHYS_s17_T3_ctrl,79,164,84.46666666666667,2.222729206085205,-0.23659501893752116
UBFC_PHYS_s17_T3_ctrl,79,165,84.5,2.189391851425171,-0.439732924697614
UBFC_PHYS_s17_T3_ctrl,79,166,84.53333333333333,2.0405211448669434,-0.5655209215091372
UBFC_PHYS_s17_T3_ctrl,79,167,84.56666666666666,1.9007924795150757,-0.5746439363200313
UBFC_PHYS_s17_T3_ctrl,79,168,84.6,1.773050308227539,-0.45193014605145604
UBFC_PHYS_s17_T3_ctrl,79,169,84.63333333333334,1.5710951089859009,-0.21101893078023726
UBFC_PHYS_s17_T3_ctrl,79,170,84.66666666666667,1.1746997833251953,0.10728180690760686
UBFC_PHYS_s17_T3_ctrl,79,171,84.7,0.5204086899757385,0.44374401862670715
UBFC_PHYS_s17_T3_ctrl,79,172,84.73333333333333,-0.256099671125412,0.7354982784323282
UBFC_PHYS_s17_T3_ctrl,79,173,84.76666666666667,-0.8785635232925415,0.9330284710740345
UBFC_PHYS_s17_T3_ctrl,79,174,84.8,-1.2740809917449951,1.0132889696902525
UBFC_PHYS_s17_T3_ctrl,79,175,84.83333333333333,-1.7391525506973267,0.9832840857231048
UBFC_PHYS_s17_T3_ctrl,79,176,84.86666666666666,-2.6597673892974854,0.8725381584290794
UBFC_PHYS_s17_T3_ctrl,79,177,84.9,-4.010817050933838,0.7184151719517755
UBFC_PHYS_s17_T3_ctrl,79,178,84.93333333333334,-5.081169128417969,0.551728363139197
UBFC_PHYS_s17_T3_ctrl,79,179,84.96666666666667,-5.030179500579834,0.38914440436213893
UBFC_PHYS_s17_T3_ctrl,79,180,85.0,-3.82466459274292,0.23397102710738782
UBFC_PHYS_s17_T3_ctrl,79,181,85.03333333333333,-2.255997657775879,0.08195148786690597
UBFC_PHYS_s17_T3_ctrl,79,182,85.06666666666666,-1.031285285949707,-0.07270529781601076
UBFC_PHYS_s17_T3_ctrl,79,183,85.1,-0.33927902579307556,-0.23396637502028417
UBFC_PHYS_s17_T3_ctrl,79,184,85.13333333333334,-0.106315977871418,-0.40342856602384336
UBFC_PHYS_s17_T3_ctrl,79,185,85.16666666666667,-0.08920252323150635,-0.5808358064014756
UBFC_PHYS_s17_T3_ctrl,79,186,85.2,-0.01884070783853531,-0.7636744854234779
UBFC_PHYS_s17_T3_ctrl,79,187,85.23333333333333,0.1375448852777481,-0.9450565316117315
UBFC_PHYS_s17_T3_ctrl,79,188,85.26666666666667,0.25663673877716064,-1.1108322808572335
UBFC_PHYS_s17_T3_ctrl,79,189,85.3,0.32821592688560486,-1.2380965007450035
UBFC_PHYS_s17_T3_ctrl,79,190,85.33333333333333,0.41138356924057007,-1.2972265295964573
UBFC_PHYS_s17_T3_ctrl,79,191,85.36666666666666,0.4965996742248535,-1.2582571828965998
UBFC_PHYS_s17_T3_ctrl,79,192,85.4,0.5512409806251526,-1.1003315988312827
UBFC_PHYS_s17_T3_ctrl,79,193,85.43333333333334,0.5599615573883057,-0.8211673218346789
UBFC_PHYS_s17_T3_ctrl,79,194,85.46666666666667,0.4923856854438782,-0.4428486316008695
UBFC_PHYS_s17_T3_ctrl,79,195,85.5,0.318207710981369,-0.011118972939201995
UBFC_PHYS_s17_T3_ctrl,79,196,85.53333333333333,0.10881957411766052,0.41257667814937005
UBFC_PHYS_s17_T3_ctrl,79,197,85.56666666666666,0.053663212805986404,0.764502081930517
UBFC_PHYS_s17_T3_ctrl,79,198,85.6,0.25169700384140015,0.9936585473106638
UBFC_PHYS_s17_T3_ctrl,79,199,85.63333333333334,0.5827404856681824,1.0739968194119585
UBFC_PHYS_s17_T3_ctrl,79,200,85.66666666666667,0.8656158447265625,1.0104358744932538
UBFC_PHYS_s17_T3_ctrl,79,201,85.7,1.0391851663589478,0.8371207091654225
UBFC_PHYS_s17_T3_ctrl,79,202,85.73333333333333,1.1064449548721313,0.6080861067716495
UBFC_PHYS_s17_T3_ctrl,79,203,85.76666666666667,1.0519558191299438,0.38250639437841866
UBFC_PHYS_s17_T3_ctrl,79,204,85.8,0.9225631356239319,0.20898798338225247
UBFC_PHYS_s17_T3_ctrl,79,205,85.83333333333333,0.8394539952278137,0.1141486257696941
UBFC_PHYS_s17_T3_ctrl,79,206,85.86666666666666,0.849719762802124,0.09879527334376764
UBFC_PHYS_s17_T3_ctrl,79,207,85.9,0.8705906867980957,0.14181706472879324
UBFC_PHYS_s17_T3_ctrl,79,208,85.93333333333334,0.8154577016830444,0.20955148345174823
UBFC_PHYS_s17_T3_ctrl,79,209,85.96666666666667,0.692924439907074,0.26736947406405936
UBFC_PHYS_s17_T3_ctrl,79,210,86.0,0.5510302782058716,0.2901537539058195
UBFC_PHYS_s17_T3_ctrl,79,211,86.03333333333333,0.40289705991744995,0.26890540296917553
UBFC_PHYS_s17_T3_ctrl,79,212,86.06666666666666,0.23118895292282104,0.2117914487268943
UBFC_PHYS_s17_T3_ctrl,79,213,86.1,0.009428096003830433,0.13952879306948016
UBFC_PHYS_s17_T3_ctrl,79,214,86.13333333333334,-0.23351973295211792,0.07683764750541636
UBFC_PHYS_s17_T3_ctrl,79,215,86.16666666666667,-0.34725046157836914,0.04302607785563667
UBFC_PHYS_s17_T3_ctrl,79,216,86.2,-0.19340495765209198,0.04490221071797033
UBFC_PHYS_s17_T3_ctrl,79,217,86.23333333333333,0.15008148550987244,0.07416181929376876
UBFC_PHYS_s17_T3_ctrl,79,218,86.26666666666667,0.4740314483642578,0.10971484555306996
UBFC_PHYS_s17_T3_ctrl,79,219,86.3,0.6847891211509705,0.1238793807685389
UBFC_PHYS_s17_T3_ctrl,79,220,86.33333333333333,0.7982506155967712,0.09052276904711767
UBFC_PHYS_s17_T3_ctrl,79,221,86.36666666666666,0.8086217045783997,-0.007008438499586596
UBFC_PHYS_s17_T3_ctrl,79,222,86.4,0.7294222116470337,-0.1701694986831027
UBFC_PHYS_s17_T3_ctrl,79,223,86.43333333333334,0.6411392688751221,-0.38303419290300467
UBFC_PHYS_s17_T3_ctrl,79,224,86.46666666666667,0.6062920093536377,-0.613860197024601
UBFC_PHYS_s17_T3_ctrl,79,225,86.5,0.5973840951919556,-0.8198405365305004
UBFC_PHYS_s17_T3_ctrl,79,226,86.53333333333333,0.5451775193214417,-0.9544895552402161
UBFC_PHYS_s17_T3_ctrl,79,227,86.56666666666666,0.4379901885986328,-0.9771590019211022
UBFC_PHYS_s17_T3_ctrl,79,228,86.6,0.31058743596076965,-0.8634340244882409
UBFC_PHYS_s17_T3_ctrl,79,229,86.63333333333334,0.1707065999507904,-0.6138678062074099
UBFC_PHYS_s17_T3_ctrl,79,230,86.66666666666667,-0.0011185675393790007,-0.2576899807018628
UBFC_PHYS_s17_T3_ctrl,79,231,86.7,-0.20379945635795593,0.1511241130059925
UBFC_PHYS_s17_T3_ctrl,79,232,86.73333333333333,-0.40451380610466003,0.5454088017521312
UBFC_PHYS_s17_T3_ctrl,79,233,86.76666666666667,-0.5150723457336426,0.860632557840963
UBFC_PHYS_s17_T3_ctrl,79,234,86.8,-0.41748350858688354,1.049455215662673
UBFC_PHYS_s17_T3_ctrl,79,235,86.83333333333333,-0.12168531119823456,1.089990608372277
UBFC_PHYS_s17_T3_ctrl,79,236,86.86666666666666,0.21537481248378754,0.985967247472074
UBFC_PHYS_s17_T3_ctrl,79,237,86.9,0.47370368242263794,0.760752412994282
UBFC_PHYS_s17_T3_ctrl,79,238,86.93333333333334,0.6479167938232422,0.44918704840657747
UBFC_PHYS_s17_T3_ctrl,79,239,86.96666666666667,0.7414438128471375,0.0908656129825379
UBFC_PHYS_s17_T3_ctrl,80,0,80.0,-0.5407425165176392,-0.05932207133026207
UBFC_PHYS_s17_T3_ctrl,80,1,80.03333333333333,-0.4573056697845459,-0.020469474836175203
UBFC_PHYS_s17_T3_ctrl,80,2,80.06666666666666,-0.3200117349624634,-0.002146848631599192
UBFC_PHYS_s17_T3_ctrl,80,3,80.1,-0.18441513180732727,-0.020070434050649344
UBFC_PHYS_s17_T3_ctrl,80,4,80.13333333333334,-0.1393723338842392,-0.08144887089422727
UBFC_PHYS_s17_T3_ctrl,80,5,80.16666666666667,-0.1714337170124054,-0.18488655543610813
UBFC_PHYS_s17_T3_ctrl,80,6,80.2,-0.1943531036376953,-0.3232633966701443
UBFC_PHYS_s17_T3_ctrl,80,7,80.23333333333333,-0.15552593767642975,-0.48772119043774514
UBFC_PHYS_s17_T3_ctrl,80,8,80.26666666666667,-0.02553625963628292,-0.6701443231086096
UBFC_PHYS_s17_T3_ctrl,80,9,80.3,0.20246364176273346,-0.8624109765020512
UBFC_PHYS_s17_T3_ctrl,80,10,80.33333333333333,0.4667506217956543,-1.0529242683680415
UBFC_PHYS_s17_T3_ctrl,80,11,80.36666666666666,0.6966233849525452,-1.2229353569744401
UBFC_PHYS_s17_T3_ctrl,80,12,80.4,0.8599503636360168,-1.3455058690112294
UBFC_PHYS_s17_T3_ctrl,80,13,80.43333333333334,0.9286265969276428,-1.3887078857639075
UBFC_PHYS_s17_T3_ctrl,80,14,80.46666666666667,0.9229025840759277,-1.322769788706299
UBFC_PHYS_s17_T3_ctrl,80,15,80.5,0.9699704647064209,-1.1292106555452168
UBFC_PHYS_s17_T3_ctrl,80,16,80.53333333333333,1.1816762685775757,-0.8090763884889
UBFC_PHYS_s17_T3_ctrl,80,17,80.56666666666666,1.4680984020233154,-0.38724250060832477
UBFC_PHYS_s17_T3_ctrl,80,18,80.6,1.646033763885498,0.08961189909195033
UBFC_PHYS_s17_T3_ctrl,80,19,80.63333333333334,1.645588994026184,0.5620053220294421
UBFC_PHYS_s17_T3_ctrl,80,20,80.66666666666667,1.5550702810287476,0.9715384347916363
UBFC_PHYS_s17_T3_ctrl,80,21,80.7,1.4592138528823853,1.2750522677636782
UBFC_PHYS_s17_T3_ctrl,80,22,80.73333333333333,1.234561800956726,1.4536639044338266
UBFC_PHYS_s17_T3_ctrl,80,23,80.76666666666667,0.6156212687492371,1.5130575976202651
UBFC_PHYS_s17_T3_ctrl,80,24,80.8,-0.3371368944644928,1.4752900843776344
UBFC_PHYS_s17_T3_ctrl,80,25,80.83333333333333,-1.1428738832473755,1.3664065870834077
UBFC_PHYS_s17_T3_ctrl,80,26,80.86666666666666,-1.4473224878311157,1.2061116332285555
UBFC_PHYS_s17_T3_ctrl,80,27,80.9,-1.2861961126327515,1.004392803809381
UBFC_PHYS_s17_T3_ctrl,80,28,80.93333333333334,-0.8741154074668884,0.7658726466028444
UBFC_PHYS_s17_T3_ctrl,80,29,80.96666666666667,-0.4412690997123718,0.49813512349383465
UBFC_PHYS_s17_T3_ctrl,80,30,81.0,-0.13620014488697052,0.21803324471020716
UBFC_PHYS_s17_T3_ctrl,80,31,81.03333333333333,0.06007783114910126,-0.04860190074649702
UBFC_PHYS_s17_T3_ctrl,80,32,81.06666666666666,0.18504583835601807,-0.2741395238535596
UBFC_PHYS_s17_T3_ctrl,80,33,81.1,0.1687868982553482,-0.43932862648690196
UBFC_PHYS_s17_T3_ctrl,80,34,81.13333333333334,-0.0013292666990309954,-0.5411938644343521
UBFC_PHYS_s17_T3_ctrl,80,35,81.16666666666667,-0.2189580798149109,-0.594684667879072
UBFC_PHYS_s17_T3_ctrl,80,36,81.2,-0.378995805978775,-0.6267758821405869
UBFC_PHYS_s17_T3_ctrl,80,37,81.23333333333333,-0.45530402660369873,-0.6648060362295722
UBFC_PHYS_s17_T3_ctrl,80,38,81.26666666666667,-0.4904322326183319,-0.7235218370913059
UBFC_PHYS_s17_T3_ctrl,80,39,81.3,-0.5418662428855896,-0.7963462685013716
UBFC_PHYS_s17_T3_ctrl,80,40,81.33333333333333,-0.6078150868415833,-0.8550331881964129
UBFC_PHYS_s17_T3_ctrl,80,41,81.36666666666666,-0.6425219178199768,-0.8586049860367373
UBFC_PHYS_s17_T3_ctrl,80,42,81.4,-0.640052080154419,-0.7686821860753791
UBFC_PHYS_s17_T3_ctrl,80,43,81.43333333333334,-0.6529983282089233,-0.5656720909156198
UBFC_PHYS_s17_T3_ctrl,80,44,81.46666666666667,-0.705872118473053,-0.25988071057161116
UBFC_PHYS_s17_T3_ctrl,80,45,81.5,-0.7040343880653381,0.10671223829945481
UBFC_PHYS_s17_T3_ctrl,80,46,81.53333333333333,-0.5087162256240845,0.46931386079467136
UBFC_PHYS_s17_T3_ctrl,80,47,81.56666666666666,-0.17838679254055023,0.7575755841074869
UBFC_PHYS_s17_T3_ctrl,80,48,81.6,0.08148720860481262,0.9157914447197092
UBFC_PHYS_s17_T3_ctrl,80,49,81.63333333333334,0.18593546748161316,0.9189959312061745
UBFC_PHYS_s17_T3_ctrl,80,50,81.66666666666667,0.20560072362422943,0.7790362002966559
UBFC_PHYS_s17_T3_ctrl,80,51,81.7,0.18711772561073303,0.5386058632273687
UBFC_PHYS_s17_T3_ctrl,80,52,81.73333333333333,0.15589912235736847,0.2564601161114071
UBFC_PHYS_s17_T3_ctrl,80,53,81.76666666666667,0.17164303362369537,-0.00954529756122063
UBFC_PHYS_s17_T3_ctrl,80,54,81.8,0.22167238593101501,-0.21546376423332944
UBFC_PHYS_s17_T3_ctrl,80,55,81.83333333333333,0.23164547979831696,-0.3374405334321472
UBFC_PHYS_s17_T3_ctrl,80,56,81.86666666666666,0.20841003954410553,-0.37159558693627737
UBFC_PHYS_s17_T3_ctrl,80,57,81.9,0.2036575973033905,-0.3300802185043151
UBFC_PHYS_s17_T3_ctrl,80,58,81.93333333333334,0.20185495913028717,-0.23587103429692452
UBFC_PHYS_s17_T3_ctrl,80,59,81.96666666666667,0.1614709496498108,-0.11764301413298084
UBFC_PHYS_s17_T3_ctrl,80,60,82.0,0.09995850175619125,-0.004682851541199931
UBFC_PHYS_s17_T3_ctrl,80,61,82.03333333333333,0.05079536512494087,0.07848269840976882
UBFC_PHYS_s17_T3_ctrl,80,62,82.06666666666666,-0.014146799221634865,0.11701104620969785
UBFC_PHYS_s17_T3_ctrl,80,63,82.1,-0.1382720172405243,0.10851869074670689
UBFC_PHYS_s17_T3_ctrl,80,64,82.13333333333334,-0.2979234457015991,0.06246532907853693
UBFC_PHYS_s17_T3_ctrl,80,65,82.16666666666667,-0.39928144216537476,-0.0036928532377648337
UBFC_PHYS_s17_T3_ctrl,80,66,82.2,-0.3552219271659851,-0.07025498768856343
UBFC_PHYS_s17_T3_ctrl,80,67,82.23333333333333,-0.18072789907455444,-0.12113815563441287
UBFC_PHYS_s17_T3_ctrl,80,68,82.26666666666667,0.01391130592674017,-0.14820586527112234
UBFC_PHYS_s17_T3_ctrl,80,69,82.3,0.1391134262084961,-0.15294725633910514
UBFC_PHYS_s17_T3_ctrl,80,70,82.33333333333333,0.19149558246135712,-0.14508053095890877
UBFC_PHYS_s17_T3_ctrl,80,71,82.36666666666666,0.1928182989358902,-0.13841236885869937
UBFC_PHYS_s17_T3_ctrl,80,72,82.4,0.1593054234981537,-0.14506283941410103
UBFC_PHYS_s17_T3_ctrl,80,73,82.43333333333334,0.1321837604045868,-0.16982751804721857
UBFC_PHYS_s17_T3_ctrl,80,74,82.46666666666667,0.1505965292453766,-0.2067220048474644
UBFC_PHYS_s17_T3_ctrl,80,75,82.5,0.17089387774467468,-0.2392652398087975
UBFC_PHYS_s17_T3_ctrl,80,76,82.53333333333333,0.10737979412078857,-0.24476263644239749
UBFC_PHYS_s17_T3_ctrl,80,77,82.56666666666666,-0.01514176744967699,-0.20137685962749158
UBFC_PHYS_s17_T3_ctrl,80,78,82.6,-0.12050305306911469,-0.09582976054399604
UBFC_PHYS_s17_T3_ctrl,80,79,82.63333333333334,-0.22656667232513428,0.0706689773679477
UBFC_PHYS_s17_T3_ctrl,80,80,82.66666666666667,-0.4081776440143585,0.2803044515407012
UBFC_PHYS_s17_T3_ctrl,80,81,82.7,-0.692586362361908,0.5013994876279539
UBFC_PHYS_s17_T3_ctrl,80,82,82.73333333333333,-1.0646343231201172,0.6955681933853493
UBFC_PHYS_s17_T3_ctrl,80,83,82.76666666666667,-1.4825209379196167,0.8272754201869348
UBFC_PHYS_s17_T3_ctrl,80,84,82.8,-1.8707809448242188,0.8728116343194795
UBFC_PHYS_s17_T3_ctrl,80,85,82.83333333333333,-2.1603167057037354,0.825815449633305
UBFC_PHYS_s17_T3_ctrl,80,86,82.86666666666666,-2.2570276260375977,0.697757298584049
UBFC_PHYS_s17_T3_ctrl,80,87,82.9,-2.039586067199707,0.5135244607331342
UBFC_PHYS_s17_T3_ctrl,80,88,82.93333333333334,-1.541048526763916,0.3036138601716015
UBFC_PHYS_s17_T3_ctrl,80,89,82.96666666666667,-1.0077571868896484,0.09521060666929289
UBFC_PHYS_s17_T3_ctrl,80,90,83.0,-0.6301140785217285,-0.09531144376007102
UBFC_PHYS_s17_T3_ctrl,80,91,83.03333333333333,-0.3820977509021759,-0.2661439839464422
UBFC_PHYS_s17_T3_ctrl,80,92,83.06666666666666,-0.20148175954818726,-0.4284822472218004
UBFC_PHYS_s17_T3_ctrl,80,93,83.1,-0.10199664533138275,-0.5994931671544285
UBFC_PHYS_s17_T3_ctrl,80,94,83.13333333333334,-0.06018456444144249,-0.7916106259549693
UBFC_PHYS_s17_T3_ctrl,80,95,83.16666666666667,-0.028919151052832603,-1.0017879623140382
UBFC_PHYS_s17_T3_ctrl,80,96,83.2,-0.037768516689538956,-1.2051556843394382
UBFC_PHYS_s17_T3_ctrl,80,97,83.23333333333333,-0.14216995239257812,-1.3566100613591199
UBFC_PHYS_s17_T3_ctrl,80,98,83.26666666666667,-0.3046892285346985,-1.4011968084000188
UBFC_PHYS_s17_T3_ctrl,80,99,83.3,-0.44083601236343384,-1.2908472115758374
UBFC_PHYS_s17_T3_ctrl,80,100,83.33333333333333,-0.5635682940483093,-1.0024446166172392
UBFC_PHYS_s17_T3_ctrl,80,101,83.36666666666666,-0.7171679735183716,-0.5511064319753597
UBFC_PHYS_s17_T3_ctrl,80,102,83.4,-0.8515940308570862,0.006675916949112477
UBFC_PHYS_s17_T3_ctrl,80,103,83.43333333333334,-0.9511025547981262,0.5825729585415362
UBFC_PHYS_s17_T3_ctrl,80,104,83.46666666666667,-1.1459407806396484,1.0768180807058283
UBFC_PHYS_s17_T3_ctrl,80,105,83.5,-1.4713305234909058,1.4035524555120884
UBFC_PHYS_s17_T3_ctrl,80,106,83.53333333333333,-1.7248483896255493,1.5131912580829732
UBFC_PHYS_s17_T3_ctrl,80,107,83.56666666666666,-1.7452276945114136,1.4047941349217448
UBFC_PHYS_s17_T3_ctrl,80,108,83.6,-1.514910101890564,1.124817632829589
UBFC_PHYS_s17_T3_ctrl,80,109,83.63333333333334,-1.0307468175888062,0.753036524340092
UBFC_PHYS_s17_T3_ctrl,80,110,83.66666666666667,-0.37674835324287415,0.3801912436879776
UBFC_PHYS_s17_T3_ctrl,80,111,83.7,0.22212889790534973,0.0840667928311962
UBFC_PHYS_s17_T3_ctrl,80,112,83.73333333333333,0.5983439683914185,-0.08914856847859501
UBFC_PHYS_s17_T3_ctrl,80,113,83.76666666666667,0.7652996182441711,-0.1332197323700605
UBFC_PHYS_s17_T3_ctrl,80,114,83.8,0.8200579881668091,-0.07825940285586305
UBFC_PHYS_s17_T3_ctrl,80,115,83.83333333333333,0.8532080054283142,0.022750289064150817
UBFC_PHYS_s17_T3_ctrl,80,116,83.86666666666666,0.9450494050979614,0.11228191037864624
UBFC_PHYS_s17_T3_ctrl,80,117,83.9,1.1211470365524292,0.14538425543568503
UBFC_PHYS_s17_T3_ctrl,80,118,83.93333333333334,1.3117244243621826,0.10078195191298958
UBFC_PHYS_s17_T3_ctrl,80,119,83.96666666666667,1.4102380275726318,-0.01621751593049609
UBFC_PHYS_s17_T3_ctrl,80,120,84.0,1.362046480178833,-0.17838599442225442
UBFC_PHYS_s17_T3_ctrl,80,121,84.03333333333333,1.1999485492706299,-0.34617879355463155
UBFC_PHYS_s17_T3_ctrl,80,122,84.06666666666666,1.0194379091262817,-0.4788852140455685
UBFC_PHYS_s17_T3_ctrl,80,123,84.1,0.8789834976196289,-0.5443785827502329
UBFC_PHYS_s17_T3_ctrl,80,124,84.13333333333334,0.7435390949249268,-0.5257406420977112
UBFC_PHYS_s17_T3_ctrl,80,125,84.16666666666667,0.5379201173782349,-0.4242830005320864
UBFC_PHYS_s17_T3_ctrl,80,126,84.2,0.2761381268501282,-0.25921755051347917
UBFC_PHYS_s17_T3_ctrl,80,127,84.23333333333333,0.13098980486392975,-0.06448053788273679
UBFC_PHYS_s17_T3_ctrl,80,128,84.26666666666667,0.29808592796325684,0.11675722992411645
UBFC_PHYS_s17_T3_ctrl,80,129,84.3,0.7275961637496948,0.23953793861762315
UBFC_PHYS_s17_T3_ctrl,80,130,84.33333333333333,1.1677935123443604,0.2663072782087717
UBFC_PHYS_s17_T3_ctrl,80,131,84.36666666666666,1.4931715726852417,0.17692374571864045
UBFC_PHYS_s17_T3_ctrl,80,132,84.4,1.7769482135772705,-0.023082623817709445
UBFC_PHYS_s17_T3_ctrl,80,133,84.43333333333334,2.057201623916626,-0.29950393052471086
UBFC_PHYS_s17_T3_ctrl,80,134,84.46666666666667,2.222729206085205,-0.5940045217753712
UBFC_PHYS_s17_T3_ctrl,80,135,84.5,2.189391851425171,-0.8359466611109763
UBFC_PHYS_s17_T3_ctrl,80,136,84.53333333333333,2.0405211448669434,-0.9588113430932862
UBFC_PHYS_s17_T3_ctrl,80,137,84.56666666666666,1.9007924795150757,-0.9171035502883815
UBFC_PHYS_s17_T3_ctrl,80,138,84.6,1.773050308227539,-0.699295846140887
UBFC_PHYS_s17_T3_ctrl,80,139,84.63333333333334,1.5710951089859009,-0.3329554839335318
UBFC_PHYS_s17_T3_ctrl,80,140,84.66666666666667,1.1746997833251953,0.12033004220241526
UBFC_PHYS_s17_T3_ctrl,80,141,84.7,0.5204086899757385,0.5799629486430563
UBFC_PHYS_s17_T3_ctrl,80,142,84.73333333333333,-0.256099671125412,0.9674367407442526
UBFC_PHYS_s17_T3_ctrl,80,143,84.76666666666667,-0.8785635232925415,1.2267395652968076
UBFC_PHYS_s17_T3_ctrl,80,144,84.8,-1.2740809917449951,1.33678023552171
UBFC_PHYS_s17_T3_ctrl,80,145,84.83333333333333,-1.7391525506973267,1.3113524749843541
UBFC_PHYS_s17_T3_ctrl,80,146,84.86666666666666,-2.6597673892974854,1.1874184324383263
UBFC_PHYS_s17_T3_ctrl,80,147,84.9,-4.010817050933838,1.0076278578842455
UBFC_PHYS_s17_T3_ctrl,80,148,84.93333333333334,-5.081169128417969,0.8051680206110712
UBFC_PHYS_s17_T3_ctrl,80,149,84.96666666666667,-5.030179500579834,0.5969077560320123
UBFC_PHYS_s17_T3_ctrl,80,150,85.0,-3.82466459274292,0.385501027085913
UBFC_PHYS_s17_T3_ctrl,80,151,85.03333333333333,-2.255997657775879,0.166476475313546
UBFC_PHYS_s17_T3_ctrl,80,152,85.06666666666666,-1.031285285949707,-0.06458010994331667
UBFC_PHYS_s17_T3_ctrl,80,153,85.1,-0.33927902579307556,-0.3076522495186989
UBFC_PHYS_s17_T3_ctrl,80,154,85.13333333333334,-0.106315977871418,-0.5571606542307718
UBFC_PHYS_s17_T3_ctrl,80,155,85.16666666666667,-0.08920252323150635,-0.8028303219472966
UBFC_PHYS_s17_T3_ctrl,80,156,85.2,-0.01884070783853531,-1.0307764438215348
UBFC_PHYS_s17_T3_ctrl,80,157,85.23333333333333,0.1375448852777481,-1.2236814556655229
UBFC_PHYS_s17_T3_ctrl,80,158,85.26666666666667,0.25663673877716064,-1.3603726968273795
UBFC_PHYS_s17_T3_ctrl,80,159,85.3,0.32821592688560486,-1.4164047833967242
UBFC_PHYS_s17_T3_ctrl,80,160,85.33333333333333,0.41138356924057007,-1.3674846882235872
UBFC_PHYS_s17_T3_ctrl,80,161,85.36666666666666,0.4965996742248535,-1.1963811727921136
UBFC_PHYS_s17_T3_ctrl,80,162,85.4,0.5512409806251526,-0.9017540997472866
UBFC_PHYS_s17_T3_ctrl,80,163,85.43333333333334,0.5599615573883057,-0.5053103883597481
UBFC_PHYS_s17_T3_ctrl,80,164,85.46666666666667,0.4923856854438782,-0.05317898459739612
UBFC_PHYS_s17_T3_ctrl,80,165,85.5,0.318207710981369,0.3908390632034901
UBFC_PHYS_s17_T3_ctrl,80,166,85.53333333333333,0.10881957411766052,0.7589667213808142
UBFC_PHYS_s17_T3_ctrl,80,167,85.56666666666666,0.053663212805986404,0.9957183183677061
UBFC_PHYS_s17_T3_ctrl,80,168,85.6,0.25169700384140015,1.0713975579265935
UBFC_PHYS_s17_T3_ctrl,80,169,85.63333333333334,0.5827404856681824,0.9887819999483436
UBFC_PHYS_s17_T3_ctrl,80,170,85.66666666666667,0.8656158447265625,0.7814109028189853
UBFC_PHYS_s17_T3_ctrl,80,171,85.7,1.0391851663589478,0.5043758523522343
UBFC_PHYS_s17_T3_ctrl,80,172,85.73333333333333,1.1064449548721313,0.22033019269082796
UBFC_PHYS_s17_T3_ctrl,80,173,85.76666666666667,1.0519558191299438,-0.015398005782346512
UBFC_PHYS_s17_T3_ctrl,80,174,85.8,0.9225631356239319,-0.1662482957882227
UBFC_PHYS_s17_T3_ctrl,80,175,85.83333333333333,0.8394539952278137,-0.21915069470078546
UBFC_PHYS_s17_T3_ctrl,80,176,85.86666666666666,0.849719762802124,-0.18203839172101066
UBFC_PHYS_s17_T3_ctrl,80,177,85.9,0.8705906867980957,-0.07652705058938578
UBFC_PHYS_s17_T3_ctrl,80,178,85.93333333333334,0.8154577016830444,0.07065704768537179
UBFC_PHYS_s17_T3_ctrl,80,179,85.96666666666667,0.692924439907074,0.2344638797273641
UBFC_PHYS_s17_T3_ctrl,80,180,86.0,0.5510302782058716,0.394943873152356
UBFC_PHYS_s17_T3_ctrl,80,181,86.03333333333333,0.40289705991744995,0.5373557937119552
UBFC_PHYS_s17_T3_ctrl,80,182,86.06666666666666,0.23118895292282104,0.6502555805913722
UBFC_PHYS_s17_T3_ctrl,80,183,86.1,0.009428096003830433,0.7233895129437181
UBFC_PHYS_s17_T3_ctrl,80,184,86.13333333333334,-0.23351973295211792,0.7469199234839894
UBFC_PHYS_s17_T3_ctrl,80,185,86.16666666666667,-0.34725046157836914,0.7125656893270331
UBFC_PHYS_s17_T3_ctrl,80,186,86.2,-0.19340495765209198,0.616045945857081
UBFC_PHYS_s17_T3_ctrl,80,187,86.23333333333333,0.15008148550987244,0.4593252836210321
UBFC_PHYS_s17_T3_ctrl,80,188,86.26666666666667,0.4740314483642578,0.25107624697807585
UBFC_PHYS_s17_T3_ctrl,80,189,86.3,0.6847891211509705,0.004752457607827666
UBFC_PHYS_s17_T3_ctrl,80,190,86.33333333333333,0.7982506155967712,-0.2647075457797998
UBFC_PHYS_s17_T3_ctrl,80,191,86.36666666666666,0.8086217045783997,-0.5434990273534845
UBFC_PHYS_s17_T3_ctrl,80,192,86.4,0.7294222116470337,-0.8193083826439148
UBFC_PHYS_s17_T3_ctrl,80,193,86.43333333333334,0.6411392688751221,-1.07923199061031
UBFC_PHYS_s17_T3_ctrl,80,194,86.46666666666667,0.6062920093536377,-1.306408646158671
UBFC_PHYS_s17_T3_ctrl,80,195,86.5,0.5973840951919556,-1.4773769587964845
UBFC_PHYS_s17_T3_ctrl,80,196,86.53333333333333,0.5451775193214417,-1.5624176664815248
UBFC_PHYS_s17_T3_ctrl,80,197,86.56666666666666,0.4379901885986328,-1.53043058298559
UBFC_PHYS_s17_T3_ctrl,80,198,86.6,0.31058743596076965,-1.3580932930598308
UBFC_PHYS_s17_T3_ctrl,80,199,86.63333333333334,0.1707065999507904,-1.0406507817653992
UBFC_PHYS_s17_T3_ctrl,80,200,86.66666666666667,-0.0011185675393790007,-0.5998028712275055
UBFC_PHYS_s17_T3_ctrl,80,201,86.7,-0.20379945635795593,-0.08423092824849092
UBFC_PHYS_s17_T3_ctrl,80,202,86.73333333333333,-0.40451380610466003,0.4390254989950908
UBFC_PHYS_s17_T3_ctrl,80,203,86.76666666666667,-0.5150723457336426,0.899964876481569
UBFC_PHYS_s17_T3_ctrl,80,204,86.8,-0.41748350858688354,1.241969130409056
UBFC_PHYS_s17_T3_ctrl,80,205,86.83333333333333,-0.12168531119823456,1.4328398190004978
UBFC_PHYS_s17_T3_ctrl,80,206,86.86666666666666,0.21537481248378754,1.46738693753346
UBFC_PHYS_s17_T3_ctrl,80,207,86.9,0.47370368242263794,1.3626711596769627
UBFC_PHYS_s17_T3_ctrl,80,208,86.93333333333334,0.6479167938232422,1.1494958479474124
UBFC_PHYS_s17_T3_ctrl,80,209,86.96666666666667,0.7414438128471375,0.8638600709916575
UBFC_PHYS_s17_T3_ctrl,80,210,87.0,0.7541793584823608,0.5407306150342781
UBFC_PHYS_s17_T3_ctrl,80,211,87.03333333333333,0.7604418396949768,0.21089663692674832
UBFC_PHYS_s17_T3_ctrl,80,212,87.06666666666666,0.8417717218399048,-0.09938987415781746
UBFC_PHYS_s17_T3_ctrl,80,213,87.1,0.9724988341331482,-0.36697855741668683
UBFC_PHYS_s17_T3_ctrl,80,214,87.13333333333334,1.0630409717559814,-0.5702104577449613
UBFC_PHYS_s17_T3_ctrl,80,215,87.16666666666667,1.0829870700836182,-0.6889152131850562
UBFC_PHYS_s17_T3_ctrl,80,216,87.2,1.0955822467803955,-0.7070498338278456
UBFC_PHYS_s17_T3_ctrl,80,217,87.23333333333333,1.1414912939071655,-0.6176188861761002
UBFC_PHYS_s17_T3_ctrl,80,218,87.26666666666667,1.1683553457260132,-0.4281202674721322
UBFC_PHYS_s17_T3_ctrl,80,219,87.3,1.1462905406951904,-0.1639362650409768
UBFC_PHYS_s17_T3_ctrl,80,220,87.33333333333333,1.1179865598678589,0.13276588837791364
UBFC_PHYS_s17_T3_ctrl,80,221,87.36666666666666,1.1152241230010986,0.409799370697355
UBFC_PHYS_s17_T3_ctrl,80,222,87.4,1.1684138774871826,0.6164246123838385
UBFC_PHYS_s17_T3_ctrl,80,223,87.43333333333334,1.2331688404083252,0.7162081855989023
UBFC_PHYS_s17_T3_ctrl,80,224,87.46666666666667,1.092140793800354,0.6965078265421071
UBFC_PHYS_s17_T3_ctrl,80,225,87.5,0.6839463114738464,0.5705369912458269
UBFC_PHYS_s17_T3_ctrl,80,226,87.53333333333333,0.3809141218662262,0.37109173360857156
UBFC_PHYS_s17_T3_ctrl,80,227,87.56666666666666,0.4350755214691162,0.13880739702409184
UBFC_PHYS_s17_T3_ctrl,80,228,87.6,0.5768760442733765,-0.08998375740171674
UBFC_PHYS_s17_T3_ctrl,80,229,87.63333333333334,0.5082349181175232,-0.2911275712247478
UBFC_PHYS_s17_T3_ctrl,80,230,87.66666666666667,0.293333500623703,-0.45416709660684357
UBFC_PHYS_s17_T3_ctrl,80,231,87.7,0.06737036257982254,-0.578499356846241
UBFC_PHYS_s17_T3_ctrl,80,232,87.73333333333333,-0.2570126950740814,-0.6670881965257313
UBFC_PHYS_s17_T3_ctrl,80,233,87.76666666666667,-0.8783879280090332,-0.7209391648278226
UBFC_PHYS_s17_T3_ctrl,80,234,87.8,-1.831942081451416,-0.7365757950516806
UBFC_PHYS_s17_T3_ctrl,80,235,87.83333333333333,-2.8121964931488037,-0.7071883882754162
UBFC_PHYS_s17_T3_ctrl,80,236,87.86666666666666,-3.311378002166748,-0.6265869818517514
UBFC_PHYS_s17_T3_ctrl,80,237,87.9,-3.1049513816833496,-0.49398125870160364
UBFC_PHYS_s17_T3_ctrl,80,238,87.93333333333334,-2.541717290878296,-0.31724867417018976
UBFC_PHYS_s17_T3_ctrl,80,239,87.96666666666667,-2.1500391960144043,-0.11311106270754584
UBFC_PHYS_s17_T3_ctrl,81,0,81.0,-0.13620014488697052,-0.10523063325298403
UBFC_PHYS_s17_T3_ctrl,81,1,81.03333333333333,0.06007783114910126,0.06598178983728928
UBFC_PHYS_s17_T3_ctrl,81,2,81.06666666666666,0.18504583835601807,0.23260429346725767
UBFC_PHYS_s17_T3_ctrl,81,3,81.1,0.1687868982553482,0.3829947632915772
UBFC_PHYS_s17_T3_ctrl,81,4,81.13333333333334,-0.0013292666990309954,0.4992098426968198
UBFC_PHYS_s17_T3_ctrl,81,5,81.16666666666667,-0.2189580798149109,0.5594578214666176
UBFC_PHYS_s17_T3_ctrl,81,6,81.2,-0.378995805978775,0.5447942513859415
UBFC_PHYS_s17_T3_ctrl,81,7,81.23333333333333,-0.45530402660369873,0.4481066550192605
UBFC_PHYS_s17_T3_ctrl,81,8,81.26666666666667,-0.4904322326183319,0.28147510220625926
UBFC_PHYS_s17_T3_ctrl,81,9,81.3,-0.5418662428855896,0.07772365598424517
UBFC_PHYS_s17_T3_ctrl,81,10,81.33333333333333,-0.6078150868415833,-0.1155570515518066
UBFC_PHYS_s17_T3_ctrl,81,11,81.36666666666666,-0.6425219178199768,-0.24781243130583347
UBFC_PHYS_s17_T3_ctrl,81,12,81.4,-0.640052080154419,-0.2793786258992964
UBFC_PHYS_s17_T3_ctrl,81,13,81.43333333333334,-0.6529983282089233,-0.19327433894144494
UBFC_PHYS_s17_T3_ctrl,81,14,81.46666666666667,-0.705872118473053,-0.001538048197642531
UBFC_PHYS_s17_T3_ctrl,81,15,81.5,-0.7040343880653381,0.2559375309736444
UBFC_PHYS_s17_T3_ctrl,81,16,81.53333333333333,-0.5087162256240845,0.5203370778689476
UBFC_PHYS_s17_T3_ctrl,81,17,81.56666666666666,-0.17838679254055023,0.7287464392201419
UBFC_PHYS_s17_T3_ctrl,81,18,81.6,0.08148720860481262,0.8308549251961476
UBFC_PHYS_s17_T3_ctrl,81,19,81.63333333333334,0.18593546748161316,0.8022425366614439
UBFC_PHYS_s17_T3_ctrl,81,20,81.66666666666667,0.20560072362422943,0.6495186086086546
UBFC_PHYS_s17_T3_ctrl,81,21,81.7,0.18711772561073303,0.40551121551343605
UBFC_PHYS_s17_T3_ctrl,81,22,81.73333333333333,0.15589912235736847,0.11710594120844202
UBFC_PHYS_s17_T3_ctrl,81,23,81.76666666666667,0.17164303362369537,-0.16864413221666746
UBFC_PHYS_s17_T3_ctrl,81,24,81.8,0.22167238593101501,-0.4149621176669612
UBFC_PHYS_s17_T3_ctrl,81,25,81.83333333333333,0.23164547979831696,-0.5999906322601617
UBFC_PHYS_s17_T3_ctrl,81,26,81.86666666666666,0.20841003954410553,-0.716144053495361
UBFC_PHYS_s17_T3_ctrl,81,27,81.9,0.2036575973033905,-0.7663553776481125
UBFC_PHYS_s17_T3_ctrl,81,28,81.93333333333334,0.20185495913028717,-0.7596820744811615
UBFC_PHYS_s17_T3_ctrl,81,29,81.96666666666667,0.1614709496498108,-0.7079238363907949
UBFC_PHYS_s17_T3_ctrl,81,30,82.0,0.09995850175619125,-0.6236524543473495
UBFC_PHYS_s17_T3_ctrl,81,31,82.03333333333333,0.05079536512494087,-0.5191168692974996
UBFC_PHYS_s17_T3_ctrl,81,32,82.06666666666666,-0.014146799221634865,-0.4053092487710679
UBFC_PHYS_s17_T3_ctrl,81,33,82.1,-0.1382720172405243,-0.2909088899731947
UBFC_PHYS_s17_T3_ctrl,81,34,82.13333333333334,-0.2979234457015991,-0.18138937514606862
UBFC_PHYS_s17_T3_ctrl,81,35,82.16666666666667,-0.39928144216537476,-0.07887325467426624
UBFC_PHYS_s17_T3_ctrl,81,36,82.2,-0.3552219271659851,0.01685624798239599
UBFC_PHYS_s17_T3_ctrl,81,37,82.23333333333333,-0.18072789907455444,0.10636349502181663
UBFC_PHYS_s17_T3_ctrl,81,38,82.26666666666667,0.01391130592674017,0.18843949661557732
UBFC_PHYS_s17_T3_ctrl,81,39,82.3,0.1391134262084961,0.25897543312846966
UBFC_PHYS_s17_T3_ctrl,81,40,82.33333333333333,0.19149558246135712,0.3115561208189851
UBFC_PHYS_s17_T3_ctrl,81,41,82.36666666666666,0.1928182989358902,0.33969043611203026
UBFC_PHYS_s17_T3_ctrl,81,42,82.4,0.1593054234981537,0.3398411350120097
UBFC_PHYS_s17_T3_ctrl,81,43,82.43333333333334,0.1321837604045868,0.3139940592241348
UBFC_PHYS_s17_T3_ctrl,81,44,82.46666666666667,0.1505965292453766,0.27054505094423403
UBFC_PHYS_s17_T3_ctrl,81,45,82.5,0.17089387774467468,0.22283841159105683
UBFC_PHYS_s17_T3_ctrl,81,46,82.53333333333333,0.10737979412078857,0.18561778012983698
UBFC_PHYS_s17_T3_ctrl,81,47,82.56666666666666,-0.01514176744967699,0.17051951105751523
UBFC_PHYS_s17_T3_ctrl,81,48,82.6,-0.12050305306911469,0.18214785795626648
UBFC_PHYS_s17_T3_ctrl,81,49,82.63333333333334,-0.22656667232513428,0.21614965069638495
UBFC_PHYS_s17_T3_ctrl,81,50,82.66666666666667,-0.4081776440143585,0.2601555097848432
UBFC_PHYS_s17_T3_ctrl,81,51,82.7,-0.692586362361908,0.29756162139075676
UBFC_PHYS_s17_T3_ctrl,81,52,82.73333333333333,-1.0646343231201172,0.31307112715999874
UBFC_PHYS_s17_T3_ctrl,81,53,82.76666666666667,-1.4825209379196167,0.29807001737287286
UBFC_PHYS_s17_T3_ctrl,81,54,82.8,-1.8707809448242188,0.25370557520320897
UBFC_PHYS_s17_T3_ctrl,81,55,82.83333333333333,-2.1603167057037354,0.1902518786067603
UBFC_PHYS_s17_T3_ctrl,81,56,82.86666666666666,-2.2570276260375977,0.12282717850807404
UBFC_PHYS_s17_T3_ctrl,81,57,82.9,-2.039586067199707,0.06499317062875773
UBFC_PHYS_s17_T3_ctrl,81,58,82.93333333333334,-1.541048526763916,0.02250765017191842
UBFC_PHYS_s17_T3_ctrl,81,59,82.96666666666667,-1.0077571868896484,-0.01046383110600664
UBFC_PHYS_s17_T3_ctrl,81,60,83.0,-0.6301140785217285,-0.05088465737942483
UBFC_PHYS_s17_T3_ctrl,81,61,83.03333333333333,-0.3820977509021759,-0.12166891977538227
UBFC_PHYS_s17_T3_ctrl,81,62,83.06666666666666,-0.20148175954818726,-0.24331864285994456
UBFC_PHYS_s17_T3_ctrl,81,63,83.1,-0.10199664533138275,-0.4252712827791727
UBFC_PHYS_s17_T3_ctrl,81,64,83.13333333333334,-0.06018456444144249,-0.6596257205293369
UBFC_PHYS_s17_T3_ctrl,81,65,83.16666666666667,-0.028919151052832603,-0.9188373474243986
UBFC_PHYS_s17_T3_ctrl,81,66,83.2,-0.037768516689538956,-1.1581294121040682
UBFC_PHYS_s17_T3_ctrl,81,67,83.23333333333333,-0.14216995239257812,-1.3227506872859893
UBFC_PHYS_s17_T3_ctrl,81,68,83.26666666666667,-0.3046892285346985,-1.3593477095499455
UBFC_PHYS_s17_T3_ctrl,81,69,83.3,-0.44083601236343384,-1.2295347018895972
UBFC_PHYS_s17_T3_ctrl,81,70,83.33333333333333,-0.5635682940483093,-0.9225297371205584
UBFC_PHYS_s17_T3_ctrl,81,71,83.36666666666666,-0.7171679735183716,-0.46295857983884675
UBFC_PHYS_s17_T3_ctrl,81,72,83.4,-0.8515940308570862,0.08974921543189365
UBFC_PHYS_s17_T3_ctrl,81,73,83.43333333333334,-0.9511025547981262,0.6518933047704506
UBFC_PHYS_s17_T3_ctrl,81,74,83.46666666666667,-1.1459407806396484,1.1339508140206287
UBFC_PHYS_s17_T3_ctrl,81,75,83.5,-1.4713305234909058,1.4616614722241166
UBFC_PHYS_s17_T3_ctrl,81,76,83.53333333333333,-1.7248483896255493,1.593313366358918
UBFC_PHYS_s17_T3_ctrl,81,77,83.56666666666666,-1.7452276945114136,1.5281599527511298
UBFC_PHYS_s17_T3_ctrl,81,78,83.6,-1.514910101890564,1.3039963380486408
UBFC_PHYS_s17_T3_ctrl,81,79,83.63333333333334,-1.0307468175888062,0.9852989751833019
UBFC_PHYS_s17_T3_ctrl,81,80,83.66666666666667,-0.37674835324287415,0.6457269235452293
UBFC_PHYS_s17_T3_ctrl,81,81,83.7,0.22212889790534973,0.3498323409987756
UBFC_PHYS_s17_T3_ctrl,81,82,83.73333333333333,0.5983439683914185,0.13867640547052737
UBFC_PHYS_s17_T3_ctrl,81,83,83.76666666666667,0.7652996182441711,0.022840764690290644
UBFC_PHYS_s17_T3_ctrl,81,84,83.8,0.8200579881668091,-0.01575193545508422
UBFC_PHYS_s17_T3_ctrl,81,85,83.83333333333333,0.8532080054283142,-0.014371187545483607
UBFC_PHYS_s17_T3_ctrl,81,86,83.86666666666666,0.9450494050979614,-0.01587535408530364
UBFC_PHYS_s17_T3_ctrl,81,87,83.9,1.1211470365524292,-0.05547138210654779
UBFC_PHYS_s17_T3_ctrl,81,88,83.93333333333334,1.3117244243621826,-0.15143000540901194
UBFC_PHYS_s17_T3_ctrl,81,89,83.96666666666667,1.4102380275726318,-0.3014311415294312
UBFC_PHYS_s17_T3_ctrl,81,90,84.0,1.362046480178833,-0.4844743778584405
UBFC_PHYS_s17_T3_ctrl,81,91,84.03333333333333,1.1999485492706299,-0.6670617834675878
UBFC_PHYS_s17_T3_ctrl,81,92,84.06666666666666,1.0194379091262817,-0.811597213249054
UBFC_PHYS_s17_T3_ctrl,81,93,84.1,0.8789834976196289,-0.8848423244695093
UBFC_PHYS_s17_T3_ctrl,81,94,84.13333333333334,0.7435390949249268,-0.8648683595552086
UBFC_PHYS_s17_T3_ctrl,81,95,84.16666666666667,0.5379201173782349,-0.7457459550312024
UBFC_PHYS_s17_T3_ctrl,81,96,84.2,0.2761381268501282,-0.5396874458833899
UBFC_PHYS_s17_T3_ctrl,81,97,84.23333333333333,0.13098980486392975,-0.27641927302937264
UBFC_PHYS_s17_T3_ctrl,81,98,84.26666666666667,0.29808592796325684,0.0005275363429073426
UBFC_PHYS_s17_T3_ctrl,81,99,84.3,0.7275961637496948,0.24083354540375965
UBFC_PHYS_s17_T3_ctrl,81,100,84.33333333333333,1.1677935123443604,0.397368627058095
UBFC_PHYS_s17_T3_ctrl,81,101,84.36666666666666,1.4931715726852417,0.4375561205630734
UBFC_PHYS_s17_T3_ctrl,81,102,84.4,1.7769482135772705,0.3530766593157697
UBFC_PHYS_s17_T3_ctrl,81,103,84.43333333333334,2.057201623916626,0.16438221134703546
UBFC_PHYS_s17_T3_ctrl,81,104,84.46666666666667,2.222729206085205,-0.08216629207947708
UBFC_PHYS_s17_T3_ctrl,81,105,84.5,2.189391851425171,-0.3242291064154554
UBFC_PHYS_s17_T3_ctrl,81,106,84.53333333333333,2.0405211448669434,-0.49788000153204
UBFC_PHYS_s17_T3_ctrl,81,107,84.56666666666666,1.9007924795150757,-0.5527224857908914
UBFC_PHYS_s17_T3_ctrl,81,108,84.6,1.773050308227539,-0.4641904001927767
UBFC_PHYS_s17_T3_ctrl,81,109,84.63333333333334,1.5710951089859009,-0.2402669808585993
UBFC_PHYS_s17_T3_ctrl,81,110,84.66666666666667,1.1746997833251953,0.07938486422244746
UBFC_PHYS_s17_T3_ctrl,81,111,84.7,0.5204086899757385,0.43264431174092394
UBFC_PHYS_s17_T3_ctrl,81,112,84.73333333333333,-0.256099671125412,0.7509758103659323
UBFC_PHYS_s17_T3_ctrl,81,113,84.76666666666667,-0.8785635232925415,0.9779111198341095
UBFC_PHYS_s17_T3_ctrl,81,114,84.8,-1.2740809917449951,1.083612476419703
UBFC_PHYS_s17_T3_ctrl,81,115,84.83333333333333,-1.7391525506973267,1.0698745786265589
UBFC_PHYS_s17_T3_ctrl,81,116,84.86666666666666,-2.6597673892974854,0.9638765258302727
UBFC_PHYS_s17_T3_ctrl,81,117,84.9,-4.010817050933838,0.8041844592580578
UBFC_PHYS_s17_T3_ctrl,81,118,84.93333333333334,-5.081169128417969,0.6259002265736203
UBFC_PHYS_s17_T3_ctrl,81,119,84.96666666666667,-5.030179500579834,0.4513196342390959
UBFC_PHYS_s17_T3_ctrl,81,120,85.0,-3.82466459274292,0.28829282102831966
UBFC_PHYS_s17_T3_ctrl,81,121,85.03333333333333,-2.255997657775879,0.1340478275924047
UBFC_PHYS_s17_T3_ctrl,81,122,85.06666666666666,-1.031285285949707,-0.019300952897757892
UBFC_PHYS_s17_T3_ctrl,81,123,85.1,-0.33927902579307556,-0.18021825089725096
UBFC_PHYS_s17_T3_ctrl,81,124,85.13333333333334,-0.106315977871418,-0.3549639606423693
UBFC_PHYS_s17_T3_ctrl,81,125,85.16666666666667,-0.08920252323150635,-0.5459370333513295
UBFC_PHYS_s17_T3_ctrl,81,126,85.2,-0.01884070783853531,-0.7501206161551631
UBFC_PHYS_s17_T3_ctrl,81,127,85.23333333333333,0.1375448852777481,-0.9572342143201517
UBFC_PHYS_s17_T3_ctrl,81,128,85.26666666666667,0.25663673877716064,-1.1483591283868184
UBFC_PHYS_s17_T3_ctrl,81,129,85.3,0.32821592688560486,-1.2965383341232433
UBFC_PHYS_s17_T3_ctrl,81,130,85.33333333333333,0.41138356924057007,-1.3704992728688177
UBFC_PHYS_s17_T3_ctrl,81,131,85.36666666666666,0.4965996742248535,-1.3414674229087307
UBFC_PHYS_s17_T3_ctrl,81,132,85.4,0.5512409806251526,-1.191690013882119
UBFC_PHYS_s17_T3_ctrl,81,133,85.43333333333334,0.5599615573883057,-0.9221888948600906
UBFC_PHYS_s17_T3_ctrl,81,134,85.46666666666667,0.4923856854438782,-0.5567871760073628
UBFC_PHYS_s17_T3_ctrl,81,135,85.5,0.318207710981369,-0.14013768061634813
UBFC_PHYS_s17_T3_ctrl,81,136,85.53333333333333,0.10881957411766052,0.2705731097583769
UBFC_PHYS_s17_T3_ctrl,81,137,85.56666666666666,0.053663212805986404,0.6181756973741424
UBFC_PHYS_s17_T3_ctrl,81,138,85.6,0.25169700384140015,0.8585644278531762
UBFC_PHYS_s17_T3_ctrl,81,139,85.63333333333334,0.5827404856681824,0.9703003765462297
UBFC_PHYS_s17_T3_ctrl,81,140,85.66666666666667,0.8656158447265625,0.9581820393221286
UBFC_PHYS_s17_T3_ctrl,81,141,85.7,1.0391851663589478,0.8501590344335858
UBFC_PHYS_s17_T3_ctrl,81,142,85.73333333333333,1.1064449548721313,0.6886483299438867
UBFC_PHYS_s17_T3_ctrl,81,143,85.76666666666667,1.0519558191299438,0.518746593344871
UBFC_PHYS_s17_T3_ctrl,81,144,85.8,0.9225631356239319,0.37698985358777604
UBFC_PHYS_s17_T3_ctrl,81,145,85.83333333333333,0.8394539952278137,0.28419697409809996
UBFC_PHYS_s17_T3_ctrl,81,146,85.86666666666666,0.849719762802124,0.24402644879959148
UBFC_PHYS_s17_T3_ctrl,81,147,85.9,0.8705906867980957,0.24647539463165524
UBFC_PHYS_s17_T3_ctrl,81,148,85.93333333333334,0.8154577016830444,0.27418806779762045
UBFC_PHYS_s17_T3_ctrl,81,149,85.96666666666667,0.692924439907074,0.30923699187188014
UBFC_PHYS_s17_T3_ctrl,81,150,86.0,0.5510302782058716,0.338418452040166
UBFC_PHYS_s17_T3_ctrl,81,151,86.03333333333333,0.40289705991744995,0.35575900940010113
UBFC_PHYS_s17_T3_ctrl,81,152,86.06666666666666,0.23118895292282104,0.36179744091486393
UBFC_PHYS_s17_T3_ctrl,81,153,86.1,0.009428096003830433,0.36027517143594956
UBFC_PHYS_s17_T3_ctrl,81,154,86.13333333333334,-0.23351973295211792,0.3538994127611781
UBFC_PHYS_s17_T3_ctrl,81,155,86.16666666666667,-0.34725046157836914,0.34119063750593126
UBFC_PHYS_s17_T3_ctrl,81,156,86.2,-0.19340495765209198,0.31570701551122526
UBFC_PHYS_s17_T3_ctrl,81,157,86.23333333333333,0.15008148550987244,0.2676435349189293
UBFC_PHYS_s17_T3_ctrl,81,158,86.26666666666667,0.4740314483642578,0.18676461813274142
UBFC_PHYS_s17_T3_ctrl,81,159,86.3,0.6847891211509705,0.0653721633057143
UBFC_PHYS_s17_T3_ctrl,81,160,86.33333333333333,0.7982506155967712,-0.09948451865059088
UBFC_PHYS_s17_T3_ctrl,81,161,86.36666666666666,0.8086217045783997,-0.3046880617328426
UBFC_PHYS_s17_T3_ctrl,81,162,86.4,0.7294222116470337,-0.5404780854100852
UBFC_PHYS_s17_T3_ctrl,81,163,86.43333333333334,0.6411392688751221,-0.7904882071519465
UBFC_PHYS_s17_T3_ctrl,81,164,86.46666666666667,0.6062920093536377,-1.0323082776474584
UBFC_PHYS_s17_T3_ctrl,81,165,86.5,0.5973840951919556,-1.2387273671613281
UBFC_PHYS_s17_T3_ctrl,81,166,86.53333333333333,0.5451775193214417,-1.3802578123758444
UBFC_PHYS_s17_T3_ctrl,81,167,86.56666666666666,0.4379901885986328,-1.429546571075163
UBFC_PHYS_s17_T3_ctrl,81,168,86.6,0.31058743596076965,-1.367382156354446
UBFC_PHYS_s17_T3_ctrl,81,169,86.63333333333334,0.1707065999507904,-1.188693116779274
UBFC_PHYS_s17_T3_ctrl,81,170,86.66666666666667,-0.0011185675393790007,-0.9061427237815862
UBFC_PHYS_s17_T3_ctrl,81,171,86.7,-0.20379945635795593,-0.5493300136480102
UBFC_PHYS_s17_T3_ctrl,81,172,86.73333333333333,-0.40451380610466003,-0.15922709178458386
UBFC_PHYS_s17_T3_ctrl,81,173,86.76666666666667,-0.5150723457336426,0.2205090192316237
UBFC_PHYS_s17_T3_ctrl,81,174,86.8,-0.41748350858688354,0.5523971624505756
UBFC_PHYS_s17_T3_ctrl,81,175,86.83333333333333,-0.12168531119823456,0.8112499043370998
UBFC_PHYS_s17_T3_ctrl,81,176,86.86666666666666,0.21537481248378754,0.9859827330551146
UBFC_PHYS_s17_T3_ctrl,81,177,86.9,0.47370368242263794,1.0774173230998925
UBFC_PHYS_s17_T3_ctrl,81,178,86.93333333333334,0.6479167938232422,1.0938084901340606
UBFC_PHYS_s17_T3_ctrl,81,179,86.96666666666667,0.7414438128471375,1.0462978760949555
UBFC_PHYS_s17_T3_ctrl,81,180,87.0,0.7541793584823608,0.9460224214315504
UBFC_PHYS_s17_T3_ctrl,81,181,87.03333333333333,0.7604418396949768,0.8036047512835838
UBFC_PHYS_s17_T3_ctrl,81,182,87.06666666666666,0.8417717218399048,0.6306949641081508
UBFC_PHYS_s17_T3_ctrl,81,183,87.1,0.9724988341331482,0.4423021104089432
UBFC_PHYS_s17_T3_ctrl,81,184,87.13333333333334,1.0630409717559814,0.2580640614495175
UBFC_PHYS_s17_T3_ctrl,81,185,87.16666666666667,1.0829870700836182,0.10089086679830114
UBFC_PHYS_s17_T3_ctrl,81,186,87.2,1.0955822467803955,-0.007263621570258229
UBFC_PHYS_s17_T3_ctrl,81,187,87.23333333333333,1.1414912939071655,-0.05120836573573445
UBFC_PHYS_s17_T3_ctrl,81,188,87.26666666666667,1.1683553457260132,-0.027787026641985464
UBFC_PHYS_s17_T3_ctrl,81,189,87.3,1.1462905406951904,0.051426195319473414
UBFC_PHYS_s17_T3_ctrl,81,190,87.33333333333333,1.1179865598678589,0.16133649218305862
UBFC_PHYS_s17_T3_ctrl,81,191,87.36666666666666,1.1152241230010986,0.268631311711056
UBFC_PHYS_s17_T3_ctrl,81,192,87.4,1.1684138774871826,0.340009506204571
UBFC_PHYS_s17_T3_ctrl,81,193,87.43333333333334,1.2331688404083252,0.3509334102984085
UBFC_PHYS_s17_T3_ctrl,81,194,87.46666666666667,1.092140793800354,0.29189369772271345
UBFC_PHYS_s17_T3_ctrl,81,195,87.5,0.6839463114738464,0.16985679434708764
UBFC_PHYS_s17_T3_ctrl,81,196,87.53333333333333,0.3809141218662262,0.0045690417487889694
UBFC_PHYS_s17_T3_ctrl,81,197,87.56666666666666,0.4350755214691162,-0.17844309177660128
UBFC_PHYS_s17_T3_ctrl,81,198,87.6,0.5768760442733765,-0.35529938992704835
UBFC_PHYS_s17_T3_ctrl,81,199,87.63333333333334,0.5082349181175232,-0.5091171705636313
UBFC_PHYS_s17_T3_ctrl,81,200,87.66666666666667,0.293333500623703,-0.6320912521438554
UBFC_PHYS_s17_T3_ctrl,81,201,87.7,0.06737036257982254,-0.7245662844776702
UBFC_PHYS_s17_T3_ctrl,81,202,87.73333333333333,-0.2570126950740814,-0.7922906343639012
UBFC_PHYS_s17_T3_ctrl,81,203,87.76666666666667,-0.8783879280090332,-0.8431393808021482
UBFC_PHYS_s17_T3_ctrl,81,204,87.8,-1.831942081451416,-0.8840612263370193
UBFC_PHYS_s17_T3_ctrl,81,205,87.83333333333333,-2.8121964931488037,-0.9184490323650113
UBFC_PHYS_s17_T3_ctrl,81,206,87.86666666666666,-3.311378002166748,-0.9440376521814869
UBFC_PHYS_s17_T3_ctrl,81,207,87.9,-3.1049513816833496,-0.9516836991696017
UBFC_PHYS_s17_T3_ctrl,81,208,87.93333333333334,-2.541717290878296,-0.9256130579045819
UBFC_PHYS_s17_T3_ctrl,81,209,87.96666666666667,-2.1500391960144043,-0.8457511508639922
UBFC_PHYS_s17_T3_ctrl,81,210,88.0,-2.0607614517211914,-0.6924606158822166
UBFC_PHYS_s17_T3_ctrl,81,211,88.03333333333333,-1.9695520401000977,-0.4532173040407317
UBFC_PHYS_s17_T3_ctrl,81,212,88.06666666666666,-1.6022098064422607,-0.12955477837310342
UBFC_PHYS_s17_T3_ctrl,81,213,88.1,-1.018397569656372,0.2583734018801957
UBFC_PHYS_s17_T3_ctrl,81,214,88.13333333333334,-0.4495683014392853,0.6722211825771072
UBFC_PHYS_s17_T3_ctrl,81,215,88.16666666666667,-0.04372661933302879,1.0619047904526768
UBFC_PHYS_s17_T3_ctrl,81,216,88.2,0.17953254282474518,1.3764548038332878
UBFC_PHYS_s17_T3_ctrl,81,217,88.23333333333333,0.27191242575645447,1.5755388866688025
UBFC_PHYS_s17_T3_ctrl,81,218,88.26666666666667,0.31865251064300537,1.6378133745854555
UBFC_PHYS_s17_T3_ctrl,81,219,88.3,0.3671601414680481,1.5638539538817215
UBFC_PHYS_s17_T3_ctrl,81,220,88.33333333333333,0.4048284888267517,1.373563207793754
UBFC_PHYS_s17_T3_ctrl,81,221,88.36666666666666,0.432020366191864,1.099703689026508
UBFC_PHYS_s17_T3_ctrl,81,222,88.4,0.474967896938324,0.780033945066062
UBFC_PHYS_s17_T3_ctrl,81,223,88.43333333333334,0.5323716998100281,0.450373019457582
UBFC_PHYS_s17_T3_ctrl,81,224,88.46666666666667,0.5703326463699341,0.14007074579735673
UBFC_PHYS_s17_T3_ctrl,81,225,88.5,0.5692908763885498,-0.12974874379590468
UBFC_PHYS_s17_T3_ctrl,81,226,88.53333333333333,0.5584867000579834,-0.3457584684321775
UBFC_PHYS_s17_T3_ctrl,81,227,88.56666666666666,0.5843441486358643,-0.5009307944017434
UBFC_PHYS_s17_T3_ctrl,81,228,88.6,0.6319036483764648,-0.5930986914824453
UBFC_PHYS_s17_T3_ctrl,81,229,88.63333333333334,0.6354153156280518,-0.6242921205980719
UBFC_PHYS_s17_T3_ctrl,81,230,88.66666666666667,0.6059876680374146,-0.6009273014689424
UBFC_PHYS_s17_T3_ctrl,81,231,88.7,0.6513581871986389,-0.534291275834931
UBFC_PHYS_s17_T3_ctrl,81,232,88.73333333333333,0.8000532984733582,-0.4403910345649086
UBFC_PHYS_s17_T3_ctrl,81,233,88.76666666666667,0.9361063838005066,-0.3383989117489471
UBFC_PHYS_s17_T3_ctrl,81,234,88.8,0.9756944179534912,-0.24764235358854386
UBFC_PHYS_s17_T3_ctrl,81,235,88.83333333333333,0.9552214741706848,-0.18392707133810657
UBFC_PHYS_s17_T3_ctrl,81,236,88.86666666666666,0.9157388210296631,-0.15641416117305587
UBFC_PHYS_s17_T3_ctrl,81,237,88.9,0.8648315668106079,-0.1660424273489062
UBFC_PHYS_s17_T3_ctrl,81,238,88.93333333333334,0.8194376230239868,-0.20576434178136874
UBFC_PHYS_s17_T3_ctrl,81,239,88.96666666666667,0.8041619062423706,-0.2622234087591075
UBFC_PHYS_s17_T3_ctrl,82,0,82.0,0.09995850175619125,-0.04845581084624268
UBFC_PHYS_s17_T3_ctrl,82,1,82.03333333333333,0.05079536512494087,0.27765897763298586
UBFC_PHYS_s17_T3_ctrl,82,2,82.06666666666666,-0.014146799221634865,0.551896366256119
UBFC_PHYS_s17_T3_ctrl,82,3,82.1,-0.1382720172405243,0.7336616304758632
UBFC_PHYS_s17_T3_ctrl,82,4,82.13333333333334,-0.2979234457015991,0.8039250859155569
UBFC_PHYS_s17_T3_ctrl,82,5,82.16666666666667,-0.39928144216537476,0.7681437672564292
UBFC_PHYS_s17_T3_ctrl,82,6,82.2,-0.3552219271659851,0.6518534712773166
UBFC_PHYS_s17_T3_ctrl,82,7,82.23333333333333,-0.18072789907455444,0.4907918877925057
UBFC_PHYS_s17_T3_ctrl,82,8,82.26666666666667,0.01391130592674017,0.319521240831488
UBFC_PHYS_s17_T3_ctrl,82,9,82.3,0.1391134262084961,0.1627245412192322
UBFC_PHYS_s17_T3_ctrl,82,10,82.33333333333333,0.19149558246135712,0.03176552072653707
UBFC_PHYS_s17_T3_ctrl,82,11,82.36666666666666,0.1928182989358902,-0.07328709970781255
UBFC_PHYS_s17_T3_ctrl,82,12,82.4,0.1593054234981537,-0.15800470752214807
UBFC_PHYS_s17_T3_ctrl,82,13,82.43333333333334,0.1321837604045868,-0.22718249918939834
UBFC_PHYS_s17_T3_ctrl,82,14,82.46666666666667,0.1505965292453766,-0.2804146456931504
UBFC_PHYS_s17_T3_ctrl,82,15,82.5,0.17089387774467468,-0.3113075983754987
UBFC_PHYS_s17_T3_ctrl,82,16,82.53333333333333,0.10737979412078857,-0.31033466367304546
UBFC_PHYS_s17_T3_ctrl,82,17,82.56666666666666,-0.01514176744967699,-0.26983296696983355
UBFC_PHYS_s17_T3_ctrl,82,18,82.6,-0.12050305306911469,-0.18886601364273653
UBFC_PHYS_s17_T3_ctrl,82,19,82.63333333333334,-0.22656667232513428,-0.07582143509272135
UBFC_PHYS_s17_T3_ctrl,82,20,82.66666666666667,-0.4081776440143585,0.0524424020410879
UBFC_PHYS_s17_T3_ctrl,82,21,82.7,-0.692586362361908,0.17467577081152336
UBFC_PHYS_s17_T3_ctrl,82,22,82.73333333333333,-1.0646343231201172,0.270961099354898
UBFC_PHYS_s17_T3_ctrl,82,23,82.76666666666667,-1.4825209379196167,0.3278509004070715
UBFC_PHYS_s17_T3_ctrl,82,24,82.8,-1.8707809448242188,0.34109532064687326
UBFC_PHYS_s17_T3_ctrl,82,25,82.83333333333333,-2.1603167057037354,0.31526798161342834
UBFC_PHYS_s17_T3_ctrl,82,26,82.86666666666666,-2.2570276260375977,0.2608084359692615
UBFC_PHYS_s17_T3_ctrl,82,27,82.9,-2.039586067199707,0.18973514688298637
UBFC_PHYS_s17_T3_ctrl,82,28,82.93333333333334,-1.541048526763916,0.11136869302930273
UBFC_PHYS_s17_T3_ctrl,82,29,82.96666666666667,-1.0077571868896484,0.02916479647362192
UBFC_PHYS_s17_T3_ctrl,82,30,83.0,-0.6301140785217285,-0.06046025234764158
UBFC_PHYS_s17_T3_ctrl,82,31,83.03333333333333,-0.3820977509021759,-0.16669660961409
UBFC_PHYS_s17_T3_ctrl,82,32,83.06666666666666,-0.20148175954818726,-0.3002197208076525
UBFC_PHYS_s17_T3_ctrl,82,33,83.1,-0.10199664533138275,-0.4670974793418705
UBFC_PHYS_s17_T3_ctrl,82,34,83.13333333333334,-0.06018456444144249,-0.6623050991049206
UBFC_PHYS_s17_T3_ctrl,82,35,83.16666666666667,-0.028919151052832603,-0.865071256674979
UBFC_PHYS_s17_T3_ctrl,82,36,83.2,-0.037768516689538956,-1.0383751564716777
UBFC_PHYS_s17_T3_ctrl,82,37,83.23333333333333,-0.14216995239257812,-1.1341857207520516
UBFC_PHYS_s17_T3_ctrl,82,38,83.26666666666667,-0.3046892285346985,-1.104439263330105
UBFC_PHYS_s17_T3_ctrl,82,39,83.3,-0.44083601236343384,-0.9156363827758501
UBFC_PHYS_s17_T3_ctrl,82,40,83.33333333333333,-0.5635682940483093,-0.562962820067994
UBFC_PHYS_s17_T3_ctrl,82,41,83.36666666666666,-0.7171679735183716,-0.07878992913774048
UBFC_PHYS_s17_T3_ctrl,82,42,83.4,-0.8515940308570862,0.4689012583911443
UBFC_PHYS_s17_T3_ctrl,82,43,83.43333333333334,-0.9511025547981262,0.9896015230865922
UBFC_PHYS_s17_T3_ctrl,82,44,83.46666666666667,-1.1459407806396484,1.391638013159185
UBFC_PHYS_s17_T3_ctrl,82,45,83.5,-1.4713305234909058,1.6050214988079177
UBFC_PHYS_s17_T3_ctrl,82,46,83.53333333333333,-1.7248483896255493,1.598676665044222
UBFC_PHYS_s17_T3_ctrl,82,47,83.56666666666666,-1.7452276945114136,1.3873010902515364
UBFC_PHYS_s17_T3_ctrl,82,48,83.6,-1.514910101890564,1.0263371607121496
UBFC_PHYS_s17_T3_ctrl,82,49,83.63333333333334,-1.0307468175888062,0.5968093386943328
UBFC_PHYS_s17_T3_ctrl,82,50,83.66666666666667,-0.37674835324287415,0.1845561823342278
UBFC_PHYS_s17_T3_ctrl,82,51,83.7,0.22212889790534973,-0.14024319019517026
UBFC_PHYS_s17_T3_ctrl,82,52,83.73333333333333,0.5983439683914185,-0.3379310631294394
UBFC_PHYS_s17_T3_ctrl,82,53,83.76666666666667,0.7652996182441711,-0.40528002862760576
UBFC_PHYS_s17_T3_ctrl,82,54,83.8,0.8200579881668091,-0.3715944152149242
UBFC_PHYS_s17_T3_ctrl,82,55,83.83333333333333,0.8532080054283142,-0.28672752099229193
UBFC_PHYS_s17_T3_ctrl,82,56,83.86666666666666,0.9450494050979614,-0.2049691201271232
UBFC_PHYS_s17_T3_ctrl,82,57,83.9,1.1211470365524292,-0.16970521290275065
UBFC_PHYS_s17_T3_ctrl,82,58,83.93333333333334,1.3117244243621826,-0.20286948101104654
UBFC_PHYS_s17_T3_ctrl,82,59,83.96666666666667,1.4102380275726318,-0.30117367397549566
UBFC_PHYS_s17_T3_ctrl,82,60,84.0,1.362046480178833,-0.4390201848316713
UBFC_PHYS_s17_T3_ctrl,82,61,84.03333333333333,1.1999485492706299,-0.5764897643655609
UBFC_PHYS_s17_T3_ctrl,82,62,84.06666666666666,1.0194379091262817,-0.6700334157331865
UBFC_PHYS_s17_T3_ctrl,82,63,84.1,0.8789834976196289,-0.6834020394980975
UBFC_PHYS_s17_T3_ctrl,82,64,84.13333333333334,0.7435390949249268,-0.5966871685378599
UBFC_PHYS_s17_T3_ctrl,82,65,84.16666666666667,0.5379201173782349,-0.41182945240002966
UBFC_PHYS_s17_T3_ctrl,82,66,84.2,0.2761381268501282,-0.15348927353012698
UBFC_PHYS_s17_T3_ctrl,82,67,84.23333333333333,0.13098980486392975,0.1349941979204572
UBFC_PHYS_s17_T3_ctrl,82,68,84.26666666666667,0.29808592796325684,0.3996884123778468
UBFC_PHYS_s17_T3_ctrl,82,69,84.3,0.7275961637496948,0.5865626125655169
UBFC_PHYS_s17_T3_ctrl,82,70,84.33333333333333,1.1677935123443604,0.6527450978412402
UBFC_PHYS_s17_T3_ctrl,82,71,84.36666666666666,1.4931715726852417,0.5768359425531184
UBFC_PHYS_s17_T3_ctrl,82,72,84.4,1.7769482135772705,0.36594296602246446
UBFC_PHYS_s17_T3_ctrl,82,73,84.43333333333334,2.057201623916626,0.05698385557541838
UBFC_PHYS_s17_T3_ctrl,82,74,84.46666666666667,2.222729206085205,-0.2888472644895632
UBFC_PHYS_s17_T3_ctrl,82,75,84.5,2.189391851425171,-0.5975166311516859
UBFC_PHYS_s17_T3_ctrl,82,76,84.53333333333333,2.0405211448669434,-0.797129523538047
UBFC_PHYS_s17_T3_ctrl,82,77,84.56666666666666,1.9007924795150757,-0.8335483554976979
UBFC_PHYS_s17_T3_ctrl,82,78,84.6,1.773050308227539,-0.6836920761738705
UBFC_PHYS_s17_T3_ctrl,82,79,84.63333333333334,1.5710951089859009,-0.36347015454880477
UBFC_PHYS_s17_T3_ctrl,82,80,84.66666666666667,1.1746997833251953,0.07270203945254952
UBFC_PHYS_s17_T3_ctrl,82,81,84.7,0.5204086899757385,0.5426361260013732
UBFC_PHYS_s17_T3_ctrl,82,82,84.73333333333333,-0.256099671125412,0.956025780369659
UBFC_PHYS_s17_T3_ctrl,82,83,84.76666666666667,-0.8785635232925415,1.237736822112791
UBFC_PHYS_s17_T3_ctrl,82,84,84.8,-1.2740809917449951,1.346864247181125
UBFC_PHYS_s17_T3_ctrl,82,85,84.83333333333333,-1.7391525506973267,1.2844734233979191
UBFC_PHYS_s17_T3_ctrl,82,86,84.86666666666666,-2.6597673892974854,1.0874534772359452
UBFC_PHYS_s17_T3_ctrl,82,87,84.9,-4.010817050933838,0.8119278205994355
UBFC_PHYS_s17_T3_ctrl,82,88,84.93333333333334,-5.081169128417969,0.513904717659251
UBFC_PHYS_s17_T3_ctrl,82,89,84.96666666666667,-5.030179500579834,0.23486838087171633
UBFC_PHYS_s17_T3_ctrl,82,90,85.0,-3.82466459274292,-0.004085106630689778
UBFC_PHYS_s17_T3_ctrl,82,91,85.03333333333333,-2.255997657775879,-0.20069316256654476
UBFC_PHYS_s17_T3_ctrl,82,92,85.06666666666666,-1.031285285949707,-0.36574196439034556
UBFC_PHYS_s17_T3_ctrl,82,93,85.1,-0.33927902579307556,-0.5158815353791202
UBFC_PHYS_s17_T3_ctrl,82,94,85.13333333333334,-0.106315977871418,-0.66686807819948
UBFC_PHYS_s17_T3_ctrl,82,95,85.16666666666667,-0.08920252323150635,-0.8281551580011453
UBFC_PHYS_s17_T3_ctrl,82,96,85.2,-0.01884070783853531,-0.9990844447058222
UBFC_PHYS_s17_T3_ctrl,82,97,85.23333333333333,0.1375448852777481,-1.166779821775338
UBFC_PHYS_s17_T3_ctrl,82,98,85.26666666666667,0.25663673877716064,-1.30625276206668
UBFC_PHYS_s17_T3_ctrl,82,99,85.3,0.32821592688560486,-1.3836217986930393
UBFC_PHYS_s17_T3_ctrl,82,100,85.33333333333333,0.41138356924057007,-1.3630597597370744
UBFC_PHYS_s17_T3_ctrl,82,101,85.36666666666666,0.4965996742248535,-1.2168565414527244
UBFC_PHYS_s17_T3_ctrl,82,102,85.4,0.5512409806251526,-0.936187648022488
UBFC_PHYS_s17_T3_ctrl,82,103,85.43333333333334,0.5599615573883057,-0.5387581828453518
UBFC_PHYS_s17_T3_ctrl,82,104,85.46666666666667,0.4923856854438782,-0.06953534772576805
UBFC_PHYS_s17_T3_ctrl,82,105,85.5,0.318207710981369,0.4070556745479252
UBFC_PHYS_s17_T3_ctrl,82,106,85.53333333333333,0.10881957411766052,0.8214403812307065
UBFC_PHYS_s17_T3_ctrl,82,107,85.56666666666666,0.053663212805986404,1.1148282899563688
UBFC_PHYS_s17_T3_ctrl,82,108,85.6,0.25169700384140015,1.2517414626449275
UBFC_PHYS_s17_T3_ctrl,82,109,85.63333333333334,0.5827404856681824,1.2261582664654318
UBFC_PHYS_s17_T3_ctrl,82,110,85.66666666666667,0.8656158447265625,1.0608248894464394
UBFC_PHYS_s17_T3_ctrl,82,111,85.7,1.0391851663589478,0.8009322325174953
UBFC_PHYS_s17_T3_ctrl,82,112,85.73333333333333,1.1064449548721313,0.5038222888017442
UBFC_PHYS_s17_T3_ctrl,82,113,85.76666666666667,1.0519558191299438,0.22671237651536957
UBFC_PHYS_s17_T3_ctrl,82,114,85.8,0.9225631356239319,0.015274796362611103
UBFC_PHYS_s17_T3_ctrl,82,115,85.83333333333333,0.8394539952278137,-0.1038960879415585
UBFC_PHYS_s17_T3_ctrl,82,116,85.86666666666666,0.849719762802124,-0.12539402370120034
UBFC_PHYS_s17_T3_ctrl,82,117,85.9,0.8705906867980957,-0.06223624701117627
UBFC_PHYS_s17_T3_ctrl,82,118,85.93333333333334,0.8154577016830444,0.060062097559433446
UBFC_PHYS_s17_T3_ctrl,82,119,85.96666666666667,0.692924439907074,0.21063206472458654
UBFC_PHYS_s17_T3_ctrl,82,120,86.0,0.5510302782058716,0.35981034769242237
UBFC_PHYS_s17_T3_ctrl,82,121,86.03333333333333,0.40289705991744995,0.48376202599907403
UBFC_PHYS_s17_T3_ctrl,82,122,86.06666666666666,0.23118895292282104,0.5666343520062445
UBFC_PHYS_s17_T3_ctrl,82,123,86.1,0.009428096003830433,0.6005642426690201
UBFC_PHYS_s17_T3_ctrl,82,124,86.13333333333334,-0.23351973295211792,0.5843557279530905
UBFC_PHYS_s17_T3_ctrl,82,125,86.16666666666667,-0.34725046157836914,0.5216689070266475
UBFC_PHYS_s17_T3_ctrl,82,126,86.2,-0.19340495765209198,0.41924919213041667
UBFC_PHYS_s17_T3_ctrl,82,127,86.23333333333333,0.15008148550987244,0.28531522698290807
UBFC_PHYS_s17_T3_ctrl,82,128,86.26666666666667,0.4740314483642578,0.12798828523308217
UBFC_PHYS_s17_T3_ctrl,82,129,86.3,0.6847891211509705,-0.04619285561438168
UBFC_PHYS_s17_T3_ctrl,82,130,86.33333333333333,0.7982506155967712,-0.23316755125979904
UBFC_PHYS_s17_T3_ctrl,82,131,86.36666666666666,0.8086217045783997,-0.4309550366000147
UBFC_PHYS_s17_T3_ctrl,82,132,86.4,0.7294222116470337,-0.6377008600271301
UBFC_PHYS_s17_T3_ctrl,82,133,86.43333333333334,0.6411392688751221,-0.8486300578563212
UBFC_PHYS_s17_T3_ctrl,82,134,86.46666666666667,0.6062920093536377,-1.0528825969184685
UBFC_PHYS_s17_T3_ctrl,82,135,86.5,0.5973840951919556,-1.231548849212357
UBFC_PHYS_s17_T3_ctrl,82,136,86.53333333333333,0.5451775193214417,-1.3584107948965007
UBFC_PHYS_s17_T3_ctrl,82,137,86.56666666666666,0.4379901885986328,-1.4044063374843017
UBFC_PHYS_s17_T3_ctrl,82,138,86.6,0.31058743596076965,-1.3453590337905048
UBFC_PHYS_s17_T3_ctrl,82,139,86.63333333333334,0.1707065999507904,-1.1706689959421404
UBFC_PHYS_s17_T3_ctrl,82,140,86.66666666666667,-0.0011185675393790007,-0.889507258939875
UBFC_PHYS_s17_T3_ctrl,82,141,86.7,-0.20379945635795593,-0.5314295321114924
UBFC_PHYS_s17_T3_ctrl,82,142,86.73333333333333,-0.40451380610466003,-0.14037289664690836
UBFC_PHYS_s17_T3_ctrl,82,143,86.76666666666667,-0.5150723457336426,0.23608594051197215
UBFC_PHYS_s17_T3_ctrl,82,144,86.8,-0.41748350858688354,0.5579876806230164
UBFC_PHYS_s17_T3_ctrl,82,145,86.83333333333333,-0.12168531119823456,0.8002716882475368
UBFC_PHYS_s17_T3_ctrl,82,146,86.86666666666666,0.21537481248378754,0.9538223724596316
UBFC_PHYS_s17_T3_ctrl,82,147,86.9,0.47370368242263794,1.0212820974541967
UBFC_PHYS_s17_T3_ctrl,82,148,86.93333333333334,0.6479167938232422,1.0108947436913862
UBFC_PHYS_s17_T3_ctrl,82,149,86.96666666666667,0.7414438128471375,0.9318438710189689
UBFC_PHYS_s17_T3_ctrl,82,150,87.0,0.7541793584823608,0.7929177107873867
UBFC_PHYS_s17_T3_ctrl,82,151,87.03333333333333,0.7604418396949768,0.6042725249947936
UBFC_PHYS_s17_T3_ctrl,82,152,87.06666666666666,0.8417717218399048,0.3808336128162731
UBFC_PHYS_s17_T3_ctrl,82,153,87.1,0.9724988341331482,0.14539494348578452
UBFC_PHYS_s17_T3_ctrl,82,154,87.13333333333334,1.0630409717559814,-0.0706698395220612
UBFC_PHYS_s17_T3_ctrl,82,155,87.16666666666667,1.0829870700836182,-0.2306800347877683
UBFC_PHYS_s17_T3_ctrl,82,156,87.2,1.0955822467803955,-0.3000523280746912
UBFC_PHYS_s17_T3_ctrl,82,157,87.23333333333333,1.1414912939071655,-0.2560737558913354
UBFC_PHYS_s17_T3_ctrl,82,158,87.26666666666667,1.1683553457260132,-0.09680763797654096
UBFC_PHYS_s17_T3_ctrl,82,159,87.3,1.1462905406951904,0.15437990902506946
UBFC_PHYS_s17_T3_ctrl,82,160,87.33333333333333,1.1179865598678589,0.45102546489286016
UBFC_PHYS_s17_T3_ctrl,82,161,87.36666666666666,1.1152241230010986,0.7327689357639714
UBFC_PHYS_s17_T3_ctrl,82,162,87.4,1.1684138774871826,0.9395454840733014
UBFC_PHYS_s17_T3_ctrl,82,163,87.43333333333334,1.2331688404083252,1.0267912112168527
UBFC_PHYS_s17_T3_ctrl,82,164,87.46666666666667,1.092140793800354,0.9766228512600411
UBFC_PHYS_s17_T3_ctrl,82,165,87.5,0.6839463114738464,0.8008760222950744
UBFC_PHYS_s17_T3_ctrl,82,166,87.53333333333333,0.3809141218662262,0.5350443904799125
UBFC_PHYS_s17_T3_ctrl,82,167,87.56666666666666,0.4350755214691162,0.22589665810983928
UBFC_PHYS_s17_T3_ctrl,82,168,87.6,0.5768760442733765,-0.08222859721969747
UBFC_PHYS_s17_T3_ctrl,82,169,87.63333333333334,0.5082349181175232,-0.3576214674468105
UBFC_PHYS_s17_T3_ctrl,82,170,87.66666666666667,0.293333500623703,-0.5852302302363657
UBFC_PHYS_s17_T3_ctrl,82,171,87.7,0.06737036257982254,-0.7646711125942465
UBFC_PHYS_s17_T3_ctrl,82,172,87.73333333333333,-0.2570126950740814,-0.9044116261383672
UBFC_PHYS_s17_T3_ctrl,82,173,87.76666666666667,-0.8783879280090332,-1.014961088797522
UBFC_PHYS_s17_T3_ctrl,82,174,87.8,-1.831942081451416,-1.103305506084624
UBFC_PHYS_s17_T3_ctrl,82,175,87.83333333333333,-2.8121964931488037,-1.169715496146843
UBFC_PHYS_s17_T3_ctrl,82,176,87.86666666666666,-3.311378002166748,-1.2071386873524907
UBFC_PHYS_s17_T3_ctrl,82,177,87.9,-3.1049513816833496,-1.202839974177541
UBFC_PHYS_s17_T3_ctrl,82,178,87.93333333333334,-2.541717290878296,-1.1416562721633265
UBFC_PHYS_s17_T3_ctrl,82,179,87.96666666666667,-2.1500391960144043,-1.0101233053829102
UBFC_PHYS_s17_T3_ctrl,82,180,88.0,-2.0607614517211914,-0.800764239647949
UBFC_PHYS_s17_T3_ctrl,82,181,88.03333333333333,-1.9695520401000977,-0.5159063820985522
UBFC_PHYS_s17_T3_ctrl,82,182,88.06666666666666,-1.6022098064422607,-0.1703830556209857
UBFC_PHYS_s17_T3_ctrl,82,183,88.1,-1.018397569656372,0.20775192519331134
UBFC_PHYS_s17_T3_ctrl,82,184,88.13333333333334,-0.4495683014392853,0.5795894557489684
UBFC_PHYS_s17_T3_ctrl,82,185,88.16666666666667,-0.04372661933302879,0.9013198695344586
UBFC_PHYS_s17_T3_ctrl,82,186,88.2,0.17953254282474518,1.1326583724747394
UBFC_PHYS_s17_T3_ctrl,82,187,88.23333333333333,0.27191242575645447,1.2451578677836015
UBFC_PHYS_s17_T3_ctrl,82,188,88.26666666666667,0.31865251064300537,1.2277755631565317
UBFC_PHYS_s17_T3_ctrl,82,189,88.3,0.3671601414680481,1.0882538699588489
UBFC_PHYS_s17_T3_ctrl,82,190,88.33333333333333,0.4048284888267517,0.8504326484275726
UBFC_PHYS_s17_T3_ctrl,82,191,88.36666666666666,0.432020366191864,0.5488779201625816
UBFC_PHYS_s17_T3_ctrl,82,192,88.4,0.474967896938324,0.22278886273767726
UBFC_PHYS_s17_T3_ctrl,82,193,88.43333333333334,0.5323716998100281,-0.08920961002469663
UBFC_PHYS_s17_T3_ctrl,82,194,88.46666666666667,0.5703326463699341,-0.3528383939025291
UBFC_PHYS_s17_T3_ctrl,82,195,88.5,0.5692908763885498,-0.5408490508561312
UBFC_PHYS_s17_T3_ctrl,82,196,88.53333333333333,0.5584867000579834,-0.6350821425114366
UBFC_PHYS_s17_T3_ctrl,82,197,88.56666666666666,0.5843441486358643,-0.6280308801059826
UBFC_PHYS_s17_T3_ctrl,82,198,88.6,0.6319036483764648,-0.5238316831722665
UBFC_PHYS_s17_T3_ctrl,82,199,88.63333333333334,0.6354153156280518,-0.3384401946548561
UBFC_PHYS_s17_T3_ctrl,82,200,88.66666666666667,0.6059876680374146,-0.09847975309103044
UBFC_PHYS_s17_T3_ctrl,82,201,88.7,0.6513581871986389,0.16178876056762673
UBFC_PHYS_s17_T3_ctrl,82,202,88.73333333333333,0.8000532984733582,0.4054215830420132
UBFC_PHYS_s17_T3_ctrl,82,203,88.76666666666667,0.9361063838005066,0.5989297213082461
UBFC_PHYS_s17_T3_ctrl,82,204,88.8,0.9756944179534912,0.7182430121958272
UBFC_PHYS_s17_T3_ctrl,82,205,88.83333333333333,0.9552214741706848,0.7528971245007798
UBFC_PHYS_s17_T3_ctrl,82,206,88.86666666666666,0.9157388210296631,0.7070634966876657
UBFC_PHYS_s17_T3_ctrl,82,207,88.9,0.8648315668106079,0.5969133866098768
UBFC_PHYS_s17_T3_ctrl,82,208,88.93333333333334,0.8194376230239868,0.4451860375271696
UBFC_PHYS_s17_T3_ctrl,82,209,88.96666666666667,0.8041619062423706,0.27496166319416315
UBFC_PHYS_s17_T3_ctrl,82,210,89.0,0.830382227897644,0.10480607261975658
UBFC_PHYS_s17_T3_ctrl,82,211,89.03333333333333,0.8797560930252075,-0.053357710329974654
UBFC_PHYS_s17_T3_ctrl,82,212,89.06666666666666,0.8972440958023071,-0.19358489106305377
UBFC_PHYS_s17_T3_ctrl,82,213,89.1,0.8550691604614258,-0.31349147334974475
UBFC_PHYS_s17_T3_ctrl,82,214,89.13333333333334,0.7945634126663208,-0.411570429541634
UBFC_PHYS_s17_T3_ctrl,82,215,89.16666666666667,0.7627829313278198,-0.48549027186055566
UBFC_PHYS_s17_T3_ctrl,82,216,89.2,0.750211238861084,-0.5319614231832569
UBFC_PHYS_s17_T3_ctrl,82,217,89.23333333333333,0.7137836813926697,-0.5479662396275999
UBFC_PHYS_s17_T3_ctrl,82,218,89.26666666666667,0.6279940009117126,-0.5325235263504874
UBFC_PHYS_s17_T3_ctrl,82,219,89.3,0.5333666801452637,-0.4879501678492471
UBFC_PHYS_s17_T3_ctrl,82,220,89.33333333333333,0.4958973228931427,-0.4198953296809052
UBFC_PHYS_s17_T3_ctrl,82,221,89.36666666666666,0.44206368923187256,-0.33613514964884983
UBFC_PHYS_s17_T3_ctrl,82,222,89.4,0.15832217037677765,-0.24485939400495568
UBFC_PHYS_s17_T3_ctrl,82,223,89.43333333333334,-0.40841174125671387,-0.15340575142620996
UBFC_PHYS_s17_T3_ctrl,82,224,89.46666666666667,-1.006809115409851,-0.06788972366348048
UBFC_PHYS_s17_T3_ctrl,82,225,89.5,-1.3845926523208618,0.006538580497235874
UBFC_PHYS_s17_T3_ctrl,82,226,89.53333333333333,-1.5485868453979492,0.0653869698761372
UBFC_PHYS_s17_T3_ctrl,82,227,89.56666666666666,-1.6076645851135254,0.1048915853079782
UBFC_PHYS_s17_T3_ctrl,82,228,89.6,-1.5236892700195312,0.12256593891246041
UBFC_PHYS_s17_T3_ctrl,82,229,89.63333333333334,-1.1699721813201904,0.11804547545858775
UBFC_PHYS_s17_T3_ctrl,82,230,89.66666666666667,-0.49649569392204285,0.09389713740466062
UBFC_PHYS_s17_T3_ctrl,82,231,89.7,0.3153632879257202,0.05599776092673271
UBFC_PHYS_s17_T3_ctrl,82,232,89.73333333333333,0.8031083941459656,0.013079691055682878
UBFC_PHYS_s17_T3_ctrl,82,233,89.76666666666667,0.5118051171302795,-0.02473902262370188
UBFC_PHYS_s17_T3_ctrl,82,234,89.8,-0.46506640315055847,-0.04813075462084641
UBFC_PHYS_s17_T3_ctrl,82,235,89.83333333333333,-1.5130020380020142,-0.05069963794816518
UBFC_PHYS_s17_T3_ctrl,82,236,89.86666666666666,-2.116210460662842,-0.030323535268015876
UBFC_PHYS_s17_T3_ctrl,82,237,89.9,-2.2071621417999268,0.010698601478657447
UBFC_PHYS_s17_T3_ctrl,82,238,89.93333333333334,-2.0159175395965576,0.06656106188794034
UBFC_PHYS_s17_T3_ctrl,82,239,89.96666666666667,-1.759438157081604,0.12934169497252884
UBFC_PHYS_s17_T3_ctrl,83,0,83.0,-0.6301140785217285,0.007935969859020047
UBFC_PHYS_s17_T3_ctrl,83,1,83.03333333333333,-0.3820977509021759,-0.006504176110806463
UBFC_PHYS_s17_T3_ctrl,83,2,83.06666666666666,-0.20148175954818726,-0.06903532103624169
UBFC_PHYS_s17_T3_ctrl,83,3,83.1,-0.10199664533138275,-0.21255982899924353
UBFC_PHYS_s17_T3_ctrl,83,4,83.13333333333334,-0.06018456444144249,-0.442130280727285
UBFC_PHYS_s17_T3_ctrl,83,5,83.16666666666667,-0.028919151052832603,-0.7306654079077275
UBFC_PHYS_s17_T3_ctrl,83,6,83.2,-0.037768516689538956,-1.0235234996444142
UBFC_PHYS_s17_T3_ctrl,83,7,83.23333333333333,-0.14216995239257812,-1.2509027189802258
UBFC_PHYS_s17_T3_ctrl,83,8,83.26666666666667,-0.3046892285346985,-1.3451556044004673
UBFC_PHYS_s17_T3_ctrl,83,9,83.3,-0.44083601236343384,-1.2589656563464435
UBFC_PHYS_s17_T3_ctrl,83,10,83.33333333333333,-0.5635682940483093,-0.9799501304899905
UBFC_PHYS_s17_T3_ctrl,83,11,83.36666666666666,-0.7171679735183716,-0.5375971290291914
UBFC_PHYS_s17_T3_ctrl,83,12,83.4,-0.8515940308570862,0.0002945967432887956
UBFC_PHYS_s17_T3_ctrl,83,13,83.43333333333334,-0.9511025547981262,0.5418795819304815
UBFC_PHYS_s17_T3_ctrl,83,14,83.46666666666667,-1.1459407806396484,0.9927772241984766
UBFC_PHYS_s17_T3_ctrl,83,15,83.5,-1.4713305234909058,1.278557024855352
UBFC_PHYS_s17_T3_ctrl,83,16,83.53333333333333,-1.7248483896255493,1.3616516849659503
UBFC_PHYS_s17_T3_ctrl,83,17,83.56666666666666,-1.7452276945114136,1.248201714226776
UBFC_PHYS_s17_T3_ctrl,83,18,83.6,-1.514910101890564,0.9834794342580819
UBFC_PHYS_s17_T3_ctrl,83,19,83.63333333333334,-1.0307468175888062,0.6377330059800091
UBFC_PHYS_s17_T3_ctrl,83,20,83.66666666666667,-0.37674835324287415,0.28676862302099887
UBFC_PHYS_s17_T3_ctrl,83,21,83.7,0.22212889790534973,-0.0071904074133845725
UBFC_PHYS_s17_T3_ctrl,83,22,83.73333333333333,0.5983439683914185,-0.20912941136543303
UBFC_PHYS_s17_T3_ctrl,83,23,83.76666666666667,0.7652996182441711,-0.31586265683527587
UBFC_PHYS_s17_T3_ctrl,83,24,83.8,0.8200579881668091,-0.3509408118355783
UBFC_PHYS_s17_T3_ctrl,83,25,83.83333333333333,0.8532080054283142,-0.35220512411663346
UBFC_PHYS_s17_T3_ctrl,83,26,83.86666666666666,0.9450494050979614,-0.35668855469014893
UBFC_PHYS_s17_T3_ctrl,83,27,83.9,1.1211470365524292,-0.3880900722086915
UBFC_PHYS_s17_T3_ctrl,83,28,83.93333333333334,1.3117244243621826,-0.4504318626618102
UBFC_PHYS_s17_T3_ctrl,83,29,83.96666666666667,1.4102380275726318,-0.5288283366901235
UBFC_PHYS_s17_T3_ctrl,83,30,84.0,1.362046480178833,-0.5959649454587165
UBFC_PHYS_s17_T3_ctrl,83,31,84.03333333333333,1.1999485492706299,-0.6215355777123125
UBFC_PHYS_s17_T3_ctrl,83,32,84.06666666666666,1.0194379091262817,-0.5815686634556657
UBFC_PHYS_s17_T3_ctrl,83,33,84.1,0.8789834976196289,-0.46515254647843307
UBFC_PHYS_s17_T3_ctrl,83,34,84.13333333333334,0.7435390949249268,-0.27726590319300737
UBFC_PHYS_s17_T3_ctrl,83,35,84.16666666666667,0.5379201173782349,-0.03779253035773113
UBFC_PHYS_s17_T3_ctrl,83,36,84.2,0.2761381268501282,0.22214904505679312
UBFC_PHYS_s17_T3_ctrl,83,37,84.23333333333333,0.13098980486392975,0.4651710824277691
UBFC_PHYS_s17_T3_ctrl,83,38,84.26666666666667,0.29808592796325684,0.6530549639433147
UBFC_PHYS_s17_T3_ctrl,83,39,84.3,0.7275961637496948,0.7525793259961281
UBFC_PHYS_s17_T3_ctrl,83,40,84.33333333333333,1.1677935123443604,0.7417923954144413
UBFC_PHYS_s17_T3_ctrl,83,41,84.36666666666666,1.4931715726852417,0.6160411046323768
UBFC_PHYS_s17_T3_ctrl,83,42,84.4,1.7769482135772705,0.39192730618106936
UBFC_PHYS_s17_T3_ctrl,83,43,84.43333333333334,2.057201623916626,0.10700185856229007
UBFC_PHYS_s17_T3_ctrl,83,44,84.46666666666667,2.222729206085205,-0.18585307599463138
UBFC_PHYS_s17_T3_ctrl,83,45,84.5,2.189391851425171,-0.4285285673680817
UBFC_PHYS_s17_T3_ctrl,83,46,84.53333333333333,2.0405211448669434,-0.5700222125953963
UBFC_PHYS_s17_T3_ctrl,83,47,84.56666666666666,1.9007924795150757,-0.5781324088240407
UBFC_PHYS_s17_T3_ctrl,83,48,84.6,1.773050308227539,-0.4477169506674806
UBFC_PHYS_s17_T3_ctrl,83,49,84.63333333333334,1.5710951089859009,-0.20325456513452242
UBFC_PHYS_s17_T3_ctrl,83,50,84.66666666666667,1.1746997833251953,0.10561797575702103
UBFC_PHYS_s17_T3_ctrl,83,51,84.7,0.5204086899757385,0.41541957930450957
UBFC_PHYS_s17_T3_ctrl,83,52,84.73333333333333,-0.256099671125412,0.6647292376398891
UBFC_PHYS_s17_T3_ctrl,83,53,84.76666666666667,-0.8785635232925415,0.810247771115334
UBFC_PHYS_s17_T3_ctrl,83,54,84.8,-1.2740809917449951,0.8374120301643893
UBFC_PHYS_s17_T3_ctrl,83,55,84.83333333333333,-1.7391525506973267,0.7612196481061496
UBFC_PHYS_s17_T3_ctrl,83,56,84.86666666666666,-2.6597673892974854,0.616906274807888
UBFC_PHYS_s17_T3_ctrl,83,57,84.9,-4.010817050933838,0.4447994391855795
UBFC_PHYS_s17_T3_ctrl,83,58,84.93333333333334,-5.081169128417969,0.27626719776118525
UBFC_PHYS_s17_T3_ctrl,83,59,84.96666666666667,-5.030179500579834,0.12651059390801503
UBFC_PHYS_s17_T3_ctrl,83,60,85.0,-3.82466459274292,-0.004419871189890823
UBFC_PHYS_s17_T3_ctrl,83,61,85.03333333333333,-2.255997657775879,-0.1254093122305832
UBFC_PHYS_s17_T3_ctrl,83,62,85.06666666666666,-1.031285285949707,-0.24738923288554335
UBFC_PHYS_s17_T3_ctrl,83,63,85.1,-0.33927902579307556,-0.37885430602087555
UBFC_PHYS_s17_T3_ctrl,83,64,85.13333333333334,-0.106315977871418,-0.5242416185630479
UBFC_PHYS_s17_T3_ctrl,83,65,85.16666666666667,-0.08920252323150635,-0.6836445434681634
UBFC_PHYS_s17_T3_ctrl,83,66,85.2,-0.01884070783853531,-0.8520425344194216
UBFC_PHYS_s17_T3_ctrl,83,67,85.23333333333333,0.1375448852777481,-1.0174393368882453
UBFC_PHYS_s17_T3_ctrl,83,68,85.26666666666667,0.25663673877716064,-1.1589997105803636
UBFC_PHYS_s17_T3_ctrl,83,69,85.3,0.32821592688560486,-1.2473148474264977
UBFC_PHYS_s17_T3_ctrl,83,70,85.33333333333333,0.41138356924057007,-1.2486025371841385
UBFC_PHYS_s17_T3_ctrl,83,71,85.36666666666666,0.4965996742248535,-1.1330967818192659
UBFC_PHYS_s17_T3_ctrl,83,72,85.4,0.5512409806251526,-0.8858067273438726
UBFC_PHYS_s17_T3_ctrl,83,73,85.43333333333334,0.5599615573883057,-0.5160528290940372
UBFC_PHYS_s17_T3_ctrl,83,74,85.46666666666667,0.4923856854438782,-0.061574141854045784
UBFC_PHYS_s17_T3_ctrl,83,75,85.5,0.318207710981369,0.41572245075457565
UBFC_PHYS_s17_T3_ctrl,83,76,85.53333333333333,0.10881957411766052,0.8422453910251199
UBFC_PHYS_s17_T3_ctrl,83,77,85.56666666666666,0.053663212805986404,1.1499248987585597
UBFC_PHYS_s17_T3_ctrl,83,78,85.6,0.25169700384140015,1.2926825349682247
UBFC_PHYS_s17_T3_ctrl,83,79,85.63333333333334,0.5827404856681824,1.2570987672603668
UBFC_PHYS_s17_T3_ctrl,83,80,85.66666666666667,0.8656158447265625,1.064619934559287
UBFC_PHYS_s17_T3_ctrl,83,81,85.7,1.0391851663589478,0.7654711315164436
UBFC_PHYS_s17_T3_ctrl,83,82,85.73333333333333,1.1064449548721313,0.42632284585923796
UBFC_PHYS_s17_T3_ctrl,83,83,85.76666666666667,1.0519558191299438,0.11487360522906266
UBFC_PHYS_s17_T3_ctrl,83,84,85.8,0.9225631356239319,-0.11471206798976787
UBFC_PHYS_s17_T3_ctrl,83,85,85.83333333333333,0.8394539952278137,-0.23178061866407318
UBFC_PHYS_s17_T3_ctrl,83,86,85.86666666666666,0.849719762802124,-0.232531188883019
UBFC_PHYS_s17_T3_ctrl,83,87,85.9,0.8705906867980957,-0.13686027776639917
UBFC_PHYS_s17_T3_ctrl,83,88,85.93333333333334,0.8154577016830444,0.019626499343295092
UBFC_PHYS_s17_T3_ctrl,83,89,85.96666666666667,0.692924439907074,0.19600605202447616
UBFC_PHYS_s17_T3_ctrl,83,90,86.0,0.5510302782058716,0.3560838979819842
UBFC_PHYS_s17_T3_ctrl,83,91,86.03333333333333,0.40289705991744995,0.47553679534281773
UBFC_PHYS_s17_T3_ctrl,83,92,86.06666666666666,0.23118895292282104,0.5444840146851281
UBFC_PHYS_s17_T3_ctrl,83,93,86.1,0.009428096003830433,0.5653319756342601
UBFC_PHYS_s17_T3_ctrl,83,94,86.13333333333334,-0.23351973295211792,0.5474238103626021
UBFC_PHYS_s17_T3_ctrl,83,95,86.16666666666667,-0.34725046157836914,0.5010819986910019
UBFC_PHYS_s17_T3_ctrl,83,96,86.2,-0.19340495765209198,0.4334375802297724
UBFC_PHYS_s17_T3_ctrl,83,97,86.23333333333333,0.15008148550987244,0.3470698633764434
UBFC_PHYS_s17_T3_ctrl,83,98,86.26666666666667,0.4740314483642578,0.24074577068574812
UBFC_PHYS_s17_T3_ctrl,83,99,86.3,0.6847891211509705,0.11077134043651116
UBFC_PHYS_s17_T3_ctrl,83,100,86.33333333333333,0.7982506155967712,-0.047773959093577116
UBFC_PHYS_s17_T3_ctrl,83,101,86.36666666666666,0.8086217045783997,-0.2394923233990556
UBFC_PHYS_s17_T3_ctrl,83,102,86.4,0.7294222116470337,-0.46615787509373946
UBFC_PHYS_s17_T3_ctrl,83,103,86.43333333333334,0.6411392688751221,-0.7232388598058114
UBFC_PHYS_s17_T3_ctrl,83,104,86.46666666666667,0.6062920093536377,-0.9962896772658971
UBFC_PHYS_s17_T3_ctrl,83,105,86.5,0.5973840951919556,-1.2587528822844618
UBFC_PHYS_s17_T3_ctrl,83,106,86.53333333333333,0.5451775193214417,-1.4730220444520095
UBFC_PHYS_s17_T3_ctrl,83,107,86.56666666666666,0.4379901885986328,-1.5960559960869591
UBFC_PHYS_s17_T3_ctrl,83,108,86.6,0.31058743596076965,-1.5892140756319502
UBFC_PHYS_s17_T3_ctrl,83,109,86.63333333333334,0.1707065999507904,-1.4298623561450403
UBFC_PHYS_s17_T3_ctrl,83,110,86.66666666666667,-0.0011185675393790007,-1.120724254961603
UBFC_PHYS_s17_T3_ctrl,83,111,86.7,-0.20379945635795593,-0.6929590916826688
UBFC_PHYS_s17_T3_ctrl,83,112,86.73333333333333,-0.40451380610466003,-0.20096017961124843
UBFC_PHYS_s17_T3_ctrl,83,113,86.76666666666667,-0.5150723457336426,0.28983464528841885
UBFC_PHYS_s17_T3_ctrl,83,114,86.8,-0.41748350858688354,0.7177868640727734
UBFC_PHYS_s17_T3_ctrl,83,115,86.83333333333333,-0.12168531119823456,1.0372732103805955
UBFC_PHYS_s17_T3_ctrl,83,116,86.86666666666666,0.21537481248378754,1.2248156496091476
UBFC_PHYS_s17_T3_ctrl,83,117,86.9,0.47370368242263794,1.278746323712983
UBFC_PHYS_s17_T3_ctrl,83,118,86.93333333333334,0.6479167938232422,1.2143400148160655
UBFC_PHYS_s17_T3_ctrl,83,119,86.96666666666667,0.7414438128471375,1.0571818011056584
UBFC_PHYS_s17_T3_ctrl,83,120,87.0,0.7541793584823608,0.837164367299228
UBFC_PHYS_s17_T3_ctrl,83,121,87.03333333333333,0.7604418396949768,0.5844795045233353
UBFC_PHYS_s17_T3_ctrl,83,122,87.06666666666666,0.8417717218399048,0.32781487516860003
UBFC_PHYS_s17_T3_ctrl,83,123,87.1,0.9724988341331482,0.09399206936436694
UBFC_PHYS_s17_T3_ctrl,83,124,87.13333333333334,1.0630409717559814,-0.09230256561949082
UBFC_PHYS_s17_T3_ctrl,83,125,87.16666666666667,1.0829870700836182,-0.20994156107825482
UBFC_PHYS_s17_T3_ctrl,83,126,87.2,1.0955822467803955,-0.24433882603920318
UBFC_PHYS_s17_T3_ctrl,83,127,87.23333333333333,1.1414912939071655,-0.191266030236241
UBFC_PHYS_s17_T3_ctrl,83,128,87.26666666666667,1.1683553457260132,-0.05996953980858552
UBFC_PHYS_s17_T3_ctrl,83,129,87.3,1.1462905406951904,0.12608139227950788
UBFC_PHYS_s17_T3_ctrl,83,130,87.33333333333333,1.1179865598678589,0.3319061657825247
UBFC_PHYS_s17_T3_ctrl,83,131,87.36666666666666,1.1152241230010986,0.5172158436837081
UBFC_PHYS_s17_T3_ctrl,83,132,87.4,1.1684138774871826,0.6449333922546405
UBFC_PHYS_s17_T3_ctrl,83,133,87.43333333333334,1.2331688404083252,0.6897651939380602
UBFC_PHYS_s17_T3_ctrl,83,134,87.46666666666667,1.092140793800354,0.6439813773461021
UBFC_PHYS_s17_T3_ctrl,83,135,87.5,0.6839463114738464,0.5181622935149255
UBFC_PHYS_s17_T3_ctrl,83,136,87.53333333333333,0.3809141218662262,0.33657828361607695
UBFC_PHYS_s17_T3_ctrl,83,137,87.56666666666666,0.4350755214691162,0.12905268675096299
UBFC_PHYS_s17_T3_ctrl,83,138,87.6,0.5768760442733765,-0.07763655792410422
UBFC_PHYS_s17_T3_ctrl,83,139,87.63333333333334,0.5082349181175232,-0.26595624822996505
UBFC_PHYS_s17_T3_ctrl,83,140,87.66666666666667,0.293333500623703,-0.4298320489036739
UBFC_PHYS_s17_T3_ctrl,83,141,87.7,0.06737036257982254,-0.5728990344848514
UBFC_PHYS_s17_T3_ctrl,83,142,87.73333333333333,-0.2570126950740814,-0.704018088129334
UBFC_PHYS_s17_T3_ctrl,83,143,87.76666666666667,-0.8783879280090332,-0.8317629238756326
UBFC_PHYS_s17_T3_ctrl,83,144,87.8,-1.831942081451416,-0.9594111171770664
UBFC_PHYS_s17_T3_ctrl,83,145,87.83333333333333,-2.8121964931488037,-1.0815353528576266
UBFC_PHYS_s17_T3_ctrl,83,146,87.86666666666666,-3.311378002166748,-1.182916693068174
UBFC_PHYS_s17_T3_ctrl,83,147,87.9,-3.1049513816833496,-1.2401818466840973
UBFC_PHYS_s17_T3_ctrl,83,148,87.93333333333334,-2.541717290878296,-1.2261554170976008
UBFC_PHYS_s17_T3_ctrl,83,149,87.96666666666667,-2.1500391960144043,-1.1164029538271245
UBFC_PHYS_s17_T3_ctrl,83,150,88.0,-2.0607614517211914,-0.8968564868292493
UBFC_PHYS_s17_T3_ctrl,83,151,88.03333333333333,-1.9695520401000977,-0.5707441660686068
UBFC_PHYS_s17_T3_ctrl,83,152,88.06666666666666,-1.6022098064422607,-0.16249047463624078
UBFC_PHYS_s17_T3_ctrl,83,153,88.1,-1.018397569656372,0.28361165210109557
UBFC_PHYS_s17_T3_ctrl,83,154,88.13333333333334,-0.4495683014392853,0.7108598091640341
UBFC_PHYS_s17_T3_ctrl,83,155,88.16666666666667,-0.04372661933302879,1.0623184153140641
UBFC_PHYS_s17_T3_ctrl,83,156,88.2,0.17953254282474518,1.2939142960478554
UBFC_PHYS_s17_T3_ctrl,83,157,88.23333333333333,0.27191242575645447,1.3838501106491214
UBFC_PHYS_s17_T3_ctrl,83,158,88.26666666666667,0.31865251064300537,1.3353612821951815
UBFC_PHYS_s17_T3_ctrl,83,159,88.3,0.3671601414680481,1.1726987946932743
UBFC_PHYS_s17_T3_ctrl,83,160,88.33333333333333,0.4048284888267517,0.932546944432196
UBFC_PHYS_s17_T3_ctrl,83,161,88.36666666666666,0.432020366191864,0.6542097527079228
UBFC_PHYS_s17_T3_ctrl,83,162,88.4,0.474967896938324,0.37180737229775357
UBFC_PHYS_s17_T3_ctrl,83,163,88.43333333333334,0.5323716998100281,0.11041216721083055
UBFC_PHYS_s17_T3_ctrl,83,164,88.46666666666667,0.5703326463699341,-0.11399871894767916
UBFC_PHYS_s17_T3_ctrl,83,165,88.5,0.5692908763885498,-0.29237810076889215
UBFC_PHYS_s17_T3_ctrl,83,166,88.53333333333333,0.5584867000579834,-0.4198950965617091
UBFC_PHYS_s17_T3_ctrl,83,167,88.56666666666666,0.5843441486358643,-0.4937077477542405
UBFC_PHYS_s17_T3_ctrl,83,168,88.6,0.6319036483764648,-0.5119031064215482
UBFC_PHYS_s17_T3_ctrl,83,169,88.63333333333334,0.6354153156280518,-0.4740226922218449
UBFC_PHYS_s17_T3_ctrl,83,170,88.66666666666667,0.6059876680374146,-0.3829387809934949
UBFC_PHYS_s17_T3_ctrl,83,171,88.7,0.6513581871986389,-0.24704117551184712
UBFC_PHYS_s17_T3_ctrl,83,172,88.73333333333333,0.8000532984733582,-0.08129642990568743
UBFC_PHYS_s17_T3_ctrl,83,173,88.76666666666667,0.9361063838005066,0.09390792237667689
UBFC_PHYS_s17_T3_ctrl,83,174,88.8,0.9756944179534912,0.25617906291249387
UBFC_PHYS_s17_T3_ctrl,83,175,88.83333333333333,0.9552214741706848,0.38560600587684474
UBFC_PHYS_s17_T3_ctrl,83,176,88.86666666666666,0.9157388210296631,0.468418458517848
UBFC_PHYS_s17_T3_ctrl,83,177,88.9,0.8648315668106079,0.498328394258436
UBFC_PHYS_s17_T3_ctrl,83,178,88.93333333333334,0.8194376230239868,0.4754954142093149
UBFC_PHYS_s17_T3_ctrl,83,179,88.96666666666667,0.8041619062423706,0.40436108717932795
UBFC_PHYS_s17_T3_ctrl,83,180,89.0,0.830382227897644,0.29177823924506313
UBFC_PHYS_s17_T3_ctrl,83,181,89.03333333333333,0.8797560930252075,0.1461943035515101
UBFC_PHYS_s17_T3_ctrl,83,182,89.06666666666666,0.8972440958023071,-0.022109524827425984
UBFC_PHYS_s17_T3_ctrl,83,183,89.1,0.8550691604614258,-0.2002839145252997
UBFC_PHYS_s17_T3_ctrl,83,184,89.13333333333334,0.7945634126663208,-0.3725645793345881
UBFC_PHYS_s17_T3_ctrl,83,185,89.16666666666667,0.7627829313278198,-0.5211343652181852
UBFC_PHYS_s17_T3_ctrl,83,186,89.2,0.750211238861084,-0.6285102920604569
UBFC_PHYS_s17_T3_ctrl,83,187,89.23333333333333,0.7137836813926697,-0.6810259733128882
UBFC_PHYS_s17_T3_ctrl,83,188,89.26666666666667,0.6279940009117126,-0.672326494401446
UBFC_PHYS_s17_T3_ctrl,83,189,89.3,0.5333666801452637,-0.6055158397817431
UBFC_PHYS_s17_T3_ctrl,83,190,89.33333333333333,0.4958973228931427,-0.4928820194404879
UBFC_PHYS_s17_T3_ctrl,83,191,89.36666666666666,0.44206368923187256,-0.3530174959201869
UBFC_PHYS_s17_T3_ctrl,83,192,89.4,0.15832217037677765,-0.20633312968252548
UBFC_PHYS_s17_T3_ctrl,83,193,89.43333333333334,-0.40841174125671387,-0.07065034088667731
UBFC_PHYS_s17_T3_ctrl,83,194,89.46666666666667,-1.006809115409851,0.04175543175195462
UBFC_PHYS_s17_T3_ctrl,83,195,89.5,-1.3845926523208618,0.12517235272743482
UBFC_PHYS_s17_T3_ctrl,83,196,89.53333333333333,-1.5485868453979492,0.17978866935273197
UBFC_PHYS_s17_T3_ctrl,83,197,89.56666666666666,-1.6076645851135254,0.20993355216701762
UBFC_PHYS_s17_T3_ctrl,83,198,89.6,-1.5236892700195312,0.22181909887814297
UBFC_PHYS_s17_T3_ctrl,83,199,89.63333333333334,-1.1699721813201904,0.22134074132604328
UBFC_PHYS_s17_T3_ctrl,83,200,89.66666666666667,-0.49649569392204285,0.21252543947509275
UBFC_PHYS_s17_T3_ctrl,83,201,89.7,0.3153632879257202,0.19707712252958684
UBFC_PHYS_s17_T3_ctrl,83,202,89.73333333333333,0.8031083941459656,0.17500184271524988
UBFC_PHYS_s17_T3_ctrl,83,203,89.76666666666667,0.5118051171302795,0.14586369129465238
UBFC_PHYS_s17_T3_ctrl,83,204,89.8,-0.46506640315055847,0.1101771169851451
UBFC_PHYS_s17_T3_ctrl,83,205,89.83333333333333,-1.5130020380020142,0.07059316216073695
UBFC_PHYS_s17_T3_ctrl,83,206,89.86666666666666,-2.116210460662842,0.032570271659815186
UBFC_PHYS_s17_T3_ctrl,83,207,89.9,-2.2071621417999268,0.00414809199860746
UBFC_PHYS_s17_T3_ctrl,83,208,89.93333333333334,-2.0159175395965576,-0.005514909202973268
UBFC_PHYS_s17_T3_ctrl,83,209,89.96666666666667,-1.759438157081604,0.011181659277373409
UBFC_PHYS_s17_T3_ctrl,83,210,90.0,-1.492049217224121,0.057069841497418505
UBFC_PHYS_s17_T3_ctrl,83,211,90.03333333333333,-1.149721622467041,0.12774277110289398
UBFC_PHYS_s17_T3_ctrl,83,212,90.06666666666666,-0.7033554315567017,0.21117554175626127
UBFC_PHYS_s17_T3_ctrl,83,213,90.1,-0.24614998698234558,0.29014880053598846
UBFC_PHYS_s17_T3_ctrl,83,214,90.13333333333334,0.08055076748132706,0.34696822634265034
UBFC_PHYS_s17_T3_ctrl,83,215,90.16666666666667,0.2558758854866028,0.3686693782420277
UBFC_PHYS_s17_T3_ctrl,83,216,90.2,0.37425369024276733,0.3502712839409989
UBFC_PHYS_s17_T3_ctrl,83,217,90.23333333333333,0.4761384427547455,0.2945102618841831
UBFC_PHYS_s17_T3_ctrl,83,218,90.26666666666667,0.5431876182556152,0.20870952516341207
UBFC_PHYS_s17_T3_ctrl,83,219,90.3,0.60862135887146,0.10125880909895103
UBFC_PHYS_s17_T3_ctrl,83,220,90.33333333333333,0.6957688927650452,-0.01998933760707759
UBFC_PHYS_s17_T3_ctrl,83,221,90.36666666666666,0.7817458510398865,-0.14690230044536867
UBFC_PHYS_s17_T3_ctrl,83,222,90.4,0.8711876273155212,-0.2692796758889512
UBFC_PHYS_s17_T3_ctrl,83,223,90.43333333333334,0.933168351650238,-0.37426194271302893
UBFC_PHYS_s17_T3_ctrl,83,224,90.46666666666667,0.8352751731872559,-0.4481149212123436
UBFC_PHYS_s17_T3_ctrl,83,225,90.5,0.5489233136177063,-0.47981521592014187
UBFC_PHYS_s17_T3_ctrl,83,226,90.53333333333333,0.2644091844558716,-0.4646562930301428
UBFC_PHYS_s17_T3_ctrl,83,227,90.56666666666666,0.09301713109016418,-0.4059906493299091
UBFC_PHYS_s17_T3_ctrl,83,228,90.6,-0.025477731600403786,-0.3141176442925974
UBFC_PHYS_s17_T3_ctrl,83,229,90.63333333333334,-0.09509038925170898,-0.20279274920053206
UBFC_PHYS_s17_T3_ctrl,83,230,90.66666666666667,-0.1449207365512848,-0.08515809011467972
UBFC_PHYS_s17_T3_ctrl,83,231,90.7,-0.33253663778305054,0.028801418133778837
UBFC_PHYS_s17_T3_ctrl,83,232,90.73333333333333,-0.6201176047325134,0.13222245192449852
UBFC_PHYS_s17_T3_ctrl,83,233,90.76666666666667,-0.7154706716537476,0.2193601125546088
UBFC_PHYS_s17_T3_ctrl,83,234,90.8,-0.5352292060852051,0.28341411725641974
UBFC_PHYS_s17_T3_ctrl,83,235,90.83333333333333,-0.24511989951133728,0.3160702983757085
UBFC_PHYS_s17_T3_ctrl,83,236,90.86666666666666,0.024247270077466965,0.30961640818307223
UBFC_PHYS_s17_T3_ctrl,83,237,90.9,0.12057190388441086,0.2608421699938983
UBFC_PHYS_s17_T3_ctrl,83,238,90.93333333333334,-0.06569785624742508,0.17453678286697202
UBFC_PHYS_s17_T3_ctrl,83,239,90.96666666666667,-0.3436685800552368,0.06424013492256743
UBFC_PHYS_s17_T3_ctrl,84,0,84.0,1.362046480178833,-0.07617982338983267
UBFC_PHYS_s17_T3_ctrl,84,1,84.03333333333333,1.1999485492706299,0.0940421779429443
UBFC_PHYS_s17_T3_ctrl,84,2,84.06666666666666,1.0194379091262817,0.2599655972290904
UBFC_PHYS_s17_T3_ctrl,84,3,84.1,0.8789834976196289,0.41744361980874817
UBFC_PHYS_s17_T3_ctrl,84,4,84.13333333333334,0.7435390949249268,0.5617005206788928
UBFC_PHYS_s17_T3_ctrl,84,5,84.16666666666667,0.5379201173782349,0.6872696444624072
UBFC_PHYS_s17_T3_ctrl,84,6,84.2,0.2761381268501282,0.7876607280372786
UBFC_PHYS_s17_T3_ctrl,84,7,84.23333333333333,0.13098980486392975,0.8548263471915637
UBFC_PHYS_s17_T3_ctrl,84,8,84.26666666666667,0.29808592796325684,0.8788981940710467
UBFC_PHYS_s17_T3_ctrl,84,9,84.3,0.7275961637496948,0.8489106847637943
UBFC_PHYS_s17_T3_ctrl,84,10,84.33333333333333,1.1677935123443604,0.7553418595871042
UBFC_PHYS_s17_T3_ctrl,84,11,84.36666666666666,1.4931715726852417,0.5945701616902916
UBFC_PHYS_s17_T3_ctrl,84,12,84.4,1.7769482135772705,0.37367334790008383
UBFC_PHYS_s17_T3_ctrl,84,13,84.43333333333334,2.057201623916626,0.11300479725791387
UBFC_PHYS_s17_T3_ctrl,84,14,84.46666666666667,2.222729206085205,-0.15507101489125746
UBFC_PHYS_s17_T3_ctrl,84,15,84.5,2.189391851425171,-0.39109770959487433
UBFC_PHYS_s17_T3_ctrl,84,16,84.53333333333333,2.0405211448669434,-0.5558493696560669
UBFC_PHYS_s17_T3_ctrl,84,17,84.56666666666666,1.9007924795150757,-0.6185955837800922
UBFC_PHYS_s17_T3_ctrl,84,18,84.6,1.773050308227539,-0.5648272881869789
UBFC_PHYS_s17_T3_ctrl,84,19,84.63333333333334,1.5710951089859009,-0.4016881542577676
UBFC_PHYS_s17_T3_ctrl,84,20,84.66666666666667,1.1746997833251953,-0.15899251142061113
UBFC_PHYS_s17_T3_ctrl,84,21,84.7,0.5204086899757385,0.1159098526386716
UBFC_PHYS_s17_T3_ctrl,84,22,84.73333333333333,-0.256099671125412,0.36937462364947166
UBFC_PHYS_s17_T3_ctrl,84,23,84.76666666666667,-0.8785635232925415,0.5559098493370832
UBFC_PHYS_s17_T3_ctrl,84,24,84.8,-1.2740809917449951,0.6504356053402685
UBFC_PHYS_s17_T3_ctrl,84,25,84.83333333333333,-1.7391525506973267,0.6529446315654089
UBFC_PHYS_s17_T3_ctrl,84,26,84.86666666666666,-2.6597673892974854,0.583518031929845
UBFC_PHYS_s17_T3_ctrl,84,27,84.9,-4.010817050933838,0.4705643618528621
UBFC_PHYS_s17_T3_ctrl,84,28,84.93333333333334,-5.081169128417969,0.33854368044362954
UBFC_PHYS_s17_T3_ctrl,84,29,84.96666666666667,-5.030179500579834,0.2010048806277392
UBFC_PHYS_s17_T3_ctrl,84,30,85.0,-3.82466459274292,0.06067021723652869
UBFC_PHYS_s17_T3_ctrl,84,31,85.03333333333333,-2.255997657775879,-0.08599742054629164
UBFC_PHYS_s17_T3_ctrl,84,32,85.06666666666666,-1.031285285949707,-0.24357137547261934
UBFC_PHYS_s17_T3_ctrl,84,33,85.1,-0.33927902579307556,-0.4141764205187837
UBFC_PHYS_s17_T3_ctrl,84,34,85.13333333333334,-0.106315977871418,-0.5960836904949474
UBFC_PHYS_s17_T3_ctrl,84,35,85.16666666666667,-0.08920252323150635,-0.7833919079808308
UBFC_PHYS_s17_T3_ctrl,84,36,85.2,-0.01884070783853531,-0.9656316637505995
UBFC_PHYS_s17_T3_ctrl,84,37,85.23333333333333,0.1375448852777481,-1.1269275559560725
UBFC_PHYS_s17_T3_ctrl,84,38,85.26666666666667,0.25663673877716064,-1.2454886511090897
UBFC_PHYS_s17_T3_ctrl,84,39,85.3,0.32821592688560486,-1.294944204907557
UBFC_PHYS_s17_T3_ctrl,84,40,85.33333333333333,0.41138356924057007,-1.2488390809391534
UBFC_PHYS_s17_T3_ctrl,84,41,85.36666666666666,0.4965996742248535,-1.088277539114572
UBFC_PHYS_s17_T3_ctrl,84,42,85.4,0.5512409806251526,-0.8106996623422746
UBFC_PHYS_s17_T3_ctrl,84,43,85.43333333333334,0.5599615573883057,-0.4361809413364143
UBFC_PHYS_s17_T3_ctrl,84,44,85.46666666666667,0.4923856854438782,-0.007613366470722868
UBFC_PHYS_s17_T3_ctrl,84,45,85.5,0.318207710981369,0.4168004112857212
UBFC_PHYS_s17_T3_ctrl,84,46,85.53333333333333,0.10881957411766052,0.7768277290479022
UBFC_PHYS_s17_T3_ctrl,84,47,85.56666666666666,0.053663212805986404,1.0246112684424054
UBFC_PHYS_s17_T3_ctrl,84,48,85.6,0.25169700384140015,1.1353212696108126
UBFC_PHYS_s17_T3_ctrl,84,49,85.63333333333334,0.5827404856681824,1.1111260855499927
UBFC_PHYS_s17_T3_ctrl,84,50,85.66666666666667,0.8656158447265625,0.9782217729864789
UBFC_PHYS_s17_T3_ctrl,84,51,85.7,1.0391851663589478,0.7787928527456086
UBFC_PHYS_s17_T3_ctrl,84,52,85.73333333333333,1.1064449548721313,0.5607178508117917
UBFC_PHYS_s17_T3_ctrl,84,53,85.76666666666667,1.0519558191299438,0.36767608662807166
UBFC_PHYS_s17_T3_ctrl,84,54,85.8,0.9225631356239319,0.2315465887540652
UBFC_PHYS_s17_T3_ctrl,84,55,85.83333333333333,0.8394539952278137,0.1680762109996318
UBFC_PHYS_s17_T3_ctrl,84,56,85.86666666666666,0.849719762802124,0.17602845774461845
UBFC_PHYS_s17_T3_ctrl,84,57,85.9,0.8705906867980957,0.23951923741770453
UBFC_PHYS_s17_T3_ctrl,84,58,85.93333333333334,0.8154577016830444,0.332924738887799
UBFC_PHYS_s17_T3_ctrl,84,59,85.96666666666667,0.692924439907074,0.42741763470216826
UBFC_PHYS_s17_T3_ctrl,84,60,86.0,0.5510302782058716,0.49776584921395167
UBFC_PHYS_s17_T3_ctrl,84,61,86.03333333333333,0.40289705991744995,0.5276997887392868
UBFC_PHYS_s17_T3_ctrl,84,62,86.06666666666666,0.23118895292282104,0.5122738253688205
UBFC_PHYS_s17_T3_ctrl,84,63,86.1,0.009428096003830433,0.4565285310505714
UBFC_PHYS_s17_T3_ctrl,84,64,86.13333333333334,-0.23351973295211792,0.3712413015009468
UBFC_PHYS_s17_T3_ctrl,84,65,86.16666666666667,-0.34725046157836914,0.267734263363806
UBFC_PHYS_s17_T3_ctrl,84,66,86.2,-0.19340495765209198,0.15379120335592916
UBFC_PHYS_s17_T3_ctrl,84,67,86.23333333333333,0.15008148550987244,0.03184514106271169
UBFC_PHYS_s17_T3_ctrl,84,68,86.26666666666667,0.4740314483642578,-0.10056835906978416
UBFC_PHYS_s17_T3_ctrl,84,69,86.3,0.6847891211509705,-0.24881766599782276
UBFC_PHYS_s17_T3_ctrl,84,70,86.33333333333333,0.7982506155967712,-0.41837161541589546
UBFC_PHYS_s17_T3_ctrl,84,71,86.36666666666666,0.8086217045783997,-0.611671244012396
UBFC_PHYS_s17_T3_ctrl,84,72,86.4,0.7294222116470337,-0.8251681349573282
UBFC_PHYS_s17_T3_ctrl,84,73,86.43333333333334,0.6411392688751221,-1.0471248075427482
UBFC_PHYS_s17_T3_ctrl,84,74,86.46666666666667,0.6062920093536377,-1.2567168290688395
UBFC_PHYS_s17_T3_ctrl,84,75,86.5,0.5973840951919556,-1.4249983266018507
UBFC_PHYS_s17_T3_ctrl,84,76,86.53333333333333,0.5451775193214417,-1.5184687613309378
UBFC_PHYS_s17_T3_ctrl,84,77,86.56666666666666,0.4379901885986328,-1.5056484837776307
UBFC_PHYS_s17_T3_ctrl,84,78,86.6,0.31058743596076965,-1.365766364628266
UBFC_PHYS_s17_T3_ctrl,84,79,86.63333333333334,0.1707065999507904,-1.0969933691073135
UBFC_PHYS_s17_T3_ctrl,84,80,86.66666666666667,-0.0011185675393790007,-0.7207707625727591
UBFC_PHYS_s17_T3_ctrl,84,81,86.7,-0.20379945635795593,-0.2795808161040059
UBFC_PHYS_s17_T3_ctrl,84,82,86.73333333333333,-0.40451380610466003,0.17198075154591072
UBFC_PHYS_s17_T3_ctrl,84,83,86.76666666666667,-0.5150723457336426,0.5799430849774596
UBFC_PHYS_s17_T3_ctrl,84,84,86.8,-0.41748350858688354,0.9027590535163434
UBFC_PHYS_s17_T3_ctrl,84,85,86.83333333333333,-0.12168531119823456,1.1179459822164088
UBFC_PHYS_s17_T3_ctrl,84,86,86.86666666666666,0.21537481248378754,1.2221445869883252
UBFC_PHYS_s17_T3_ctrl,84,87,86.9,0.47370368242263794,1.226285679726212
UBFC_PHYS_s17_T3_ctrl,84,88,86.93333333333334,0.6479167938232422,1.1490223922711706
UBFC_PHYS_s17_T3_ctrl,84,89,86.96666666666667,0.7414438128471375,1.0111927280599176
UBFC_PHYS_s17_T3_ctrl,84,90,87.0,0.7541793584823608,0.8327041889271131
UBFC_PHYS_s17_T3_ctrl,84,91,87.03333333333333,0.7604418396949768,0.631831351842108
UBFC_PHYS_s17_T3_ctrl,84,92,87.06666666666666,0.8417717218399048,0.42606095485134793
UBFC_PHYS_s17_T3_ctrl,84,93,87.1,0.9724988341331482,0.23326004487907856
UBFC_PHYS_s17_T3_ctrl,84,94,87.13333333333334,1.0630409717559814,0.07188934851590781
UBFC_PHYS_s17_T3_ctrl,84,95,87.16666666666667,1.0829870700836182,-0.04060233423073858
UBFC_PHYS_s17_T3_ctrl,84,96,87.2,1.0955822467803955,-0.0911152018614004
UBFC_PHYS_s17_T3_ctrl,84,97,87.23333333333333,1.1414912939071655,-0.07485775209265484
UBFC_PHYS_s17_T3_ctrl,84,98,87.26666666666667,1.1683553457260132,0.001694722774091018
UBFC_PHYS_s17_T3_ctrl,84,99,87.3,1.1462905406951904,0.12026482559188378
UBFC_PHYS_s17_T3_ctrl,84,100,87.33333333333333,1.1179865598678589,0.2533159183594192
UBFC_PHYS_s17_T3_ctrl,84,101,87.36666666666666,1.1152241230010986,0.3693722814404768
UBFC_PHYS_s17_T3_ctrl,84,102,87.4,1.1684138774871826,0.43998372718594375
UBFC_PHYS_s17_T3_ctrl,84,103,87.43333333333334,1.2331688404083252,0.4465007493824845
UBFC_PHYS_s17_T3_ctrl,84,104,87.46666666666667,1.092140793800354,0.38439560606387224
UBFC_PHYS_s17_T3_ctrl,84,105,87.5,0.6839463114738464,0.26332428585141116
UBFC_PHYS_s17_T3_ctrl,84,106,87.53333333333333,0.3809141218662262,0.10274514809366889
UBFC_PHYS_s17_T3_ctrl,84,107,87.56666666666666,0.4350755214691162,-0.0751329260348208
UBFC_PHYS_s17_T3_ctrl,84,108,87.6,0.5768760442733765,-0.25216534775405075
UBFC_PHYS_s17_T3_ctrl,84,109,87.63333333333334,0.5082349181175232,-0.4182178620536787
UBFC_PHYS_s17_T3_ctrl,84,110,87.66666666666667,0.293333500623703,-0.5711165095579543
UBFC_PHYS_s17_T3_ctrl,84,111,87.7,0.06737036257982254,-0.7133048063547208
UBFC_PHYS_s17_T3_ctrl,84,112,87.73333333333333,-0.2570126950740814,-0.8470902164389812
UBFC_PHYS_s17_T3_ctrl,84,113,87.76666666666667,-0.8783879280090332,-0.9704811413049239
UBFC_PHYS_s17_T3_ctrl,84,114,87.8,-1.831942081451416,-1.074898463678617
UBFC_PHYS_s17_T3_ctrl,84,115,87.83333333333333,-2.8121964931488037,-1.145190735329609
UBFC_PHYS_s17_T3_ctrl,84,116,87.86666666666666,-3.311378002166748,-1.1619105857823167
UBFC_PHYS_s17_T3_ctrl,84,117,87.9,-3.1049513816833496,-1.1055275510354383
UBFC_PHYS_s17_T3_ctrl,84,118,87.93333333333334,-2.541717290878296,-0.9617999674564709
UBFC_PHYS_s17_T3_ctrl,84,119,87.96666666666667,-2.1500391960144043,-0.726999668922668
UBFC_PHYS_s17_T3_ctrl,84,120,88.0,-2.0607614517211914,-0.41143837576408365
UBFC_PHYS_s17_T3_ctrl,84,121,88.03333333333333,-1.9695520401000977,-0.04008631062044993
UBFC_PHYS_s17_T3_ctrl,84,122,88.06666666666666,-1.6022098064422607,0.35005397270683114
UBFC_PHYS_s17_T3_ctrl,84,123,88.1,-1.018397569656372,0.7153448612740168
UBFC_PHYS_s17_T3_ctrl,84,124,88.13333333333334,-0.4495683014392853,1.0128387176765994
UBFC_PHYS_s17_T3_ctrl,84,125,88.16666666666667,-0.04372661933302879,1.2082828084890829
UBFC_PHYS_s17_T3_ctrl,84,126,88.2,0.17953254282474518,1.2828292503858416
UBFC_PHYS_s17_T3_ctrl,84,127,88.23333333333333,0.27191242575645447,1.2362683634391003
UBFC_PHYS_s17_T3_ctrl,84,128,88.26666666666667,0.31865251064300537,1.0856682195973528
UBFC_PHYS_s17_T3_ctrl,84,129,88.3,0.3671601414680481,0.8600597972760466
UBFC_PHYS_s17_T3_ctrl,84,130,88.33333333333333,0.4048284888267517,0.5931866976560171
UBFC_PHYS_s17_T3_ctrl,84,131,88.36666666666666,0.432020366191864,0.31680337233475286
UBFC_PHYS_s17_T3_ctrl,84,132,88.4,0.474967896938324,0.056485520425746824
UBFC_PHYS_s17_T3_ctrl,84,133,88.43333333333334,0.5323716998100281,-0.1694016660731472
UBFC_PHYS_s17_T3_ctrl,84,134,88.46666666666667,0.5703326463699341,-0.3484753344291367
UBFC_PHYS_s17_T3_ctrl,84,135,88.5,0.5692908763885498,-0.47254268811067657
UBFC_PHYS_s17_T3_ctrl,84,136,88.53333333333333,0.5584867000579834,-0.5365107622537701
UBFC_PHYS_s17_T3_ctrl,84,137,88.56666666666666,0.5843441486358643,-0.5383242628457687
UBFC_PHYS_s17_T3_ctrl,84,138,88.6,0.6319036483764648,-0.47969092272922054
UBFC_PHYS_s17_T3_ctrl,84,139,88.63333333333334,0.6354153156280518,-0.3671500263524368
UBFC_PHYS_s17_T3_ctrl,84,140,88.66666666666667,0.6059876680374146,-0.21287230714864203
UBFC_PHYS_s17_T3_ctrl,84,141,88.7,0.6513581871986389,-0.03451475667467276
UBFC_PHYS_s17_T3_ctrl,84,142,88.73333333333333,0.8000532984733582,0.14632828502166137
UBFC_PHYS_s17_T3_ctrl,84,143,88.76666666666667,0.9361063838005066,0.3070958127408121
UBFC_PHYS_s17_T3_ctrl,84,144,88.8,0.9756944179534912,0.4281494121739489
UBFC_PHYS_s17_T3_ctrl,84,145,88.83333333333333,0.9552214741706848,0.49652408539852955
UBFC_PHYS_s17_T3_ctrl,84,146,88.86666666666666,0.9157388210296631,0.5081146971464886
UBFC_PHYS_s17_T3_ctrl,84,147,88.9,0.8648315668106079,0.46724847712618767
UBFC_PHYS_s17_T3_ctrl,84,148,88.93333333333334,0.8194376230239868,0.3838619773685857
UBFC_PHYS_s17_T3_ctrl,84,149,88.96666666666667,0.8041619062423706,0.269770905419883
UBFC_PHYS_s17_T3_ctrl,84,150,89.0,0.830382227897644,0.13581682475652407
UBFC_PHYS_s17_T3_ctrl,84,151,89.03333333333333,0.8797560930252075,-0.009072002160132148
UBFC_PHYS_s17_T3_ctrl,84,152,89.06666666666666,0.8972440958023071,-0.15707084067659868
UBFC_PHYS_s17_T3_ctrl,84,153,89.1,0.8550691604614258,-0.2999677173976629
UBFC_PHYS_s17_T3_ctrl,84,154,89.13333333333334,0.7945634126663208,-0.42819417804737536
UBFC_PHYS_s17_T3_ctrl,84,155,89.16666666666667,0.7627829313278198,-0.5311004233349341
UBFC_PHYS_s17_T3_ctrl,84,156,89.2,0.750211238861084,-0.5985297422067175
UBFC_PHYS_s17_T3_ctrl,84,157,89.23333333333333,0.7137836813926697,-0.6231630559238661
UBFC_PHYS_s17_T3_ctrl,84,158,89.26666666666667,0.6279940009117126,-0.6027427659308415
UBFC_PHYS_s17_T3_ctrl,84,159,89.3,0.5333666801452637,-0.5412337224777298
UBFC_PHYS_s17_T3_ctrl,84,160,89.33333333333333,0.4958973228931427,-0.448280748007987
UBFC_PHYS_s17_T3_ctrl,84,161,89.36666666666666,0.44206368923187256,-0.33696797614455654
UBFC_PHYS_s17_T3_ctrl,84,162,89.4,0.15832217037677765,-0.220667447181458
UBFC_PHYS_s17_T3_ctrl,84,163,89.43333333333334,-0.40841174125671387,-0.11019565300770674
UBFC_PHYS_s17_T3_ctrl,84,164,89.46666666666667,-1.006809115409851,-0.012250131283817321
UBFC_PHYS_s17_T3_ctrl,84,165,89.5,-1.3845926523208618,0.07059787839024217
UBFC_PHYS_s17_T3_ctrl,84,166,89.53333333333333,-1.5485868453979492,0.13875437440481195
UBFC_PHYS_s17_T3_ctrl,84,167,89.56666666666666,-1.6076645851135254,0.19403112546058215
UBFC_PHYS_s17_T3_ctrl,84,168,89.6,-1.5236892700195312,0.2383097275393777
UBFC_PHYS_s17_T3_ctrl,84,169,89.63333333333334,-1.1699721813201904,0.27280153068278457
UBFC_PHYS_s17_T3_ctrl,84,170,89.66666666666667,-0.49649569392204285,0.2979679646546162
UBFC_PHYS_s17_T3_ctrl,84,171,89.7,0.3153632879257202,0.3139136477283999
UBFC_PHYS_s17_T3_ctrl,84,172,89.73333333333333,0.8031083941459656,0.32088568266230666
UBFC_PHYS_s17_T3_ctrl,84,173,89.76666666666667,0.5118051171302795,0.31959536813166606
UBFC_PHYS_s17_T3_ctrl,84,174,89.8,-0.46506640315055847,0.3114300491642313
UBFC_PHYS_s17_T3_ctrl,84,175,89.83333333333333,-1.5130020380020142,0.2987949635907702
UBFC_PHYS_s17_T3_ctrl,84,176,89.86666666666666,-2.116210460662842,0.2855042271134008
UBFC_PHYS_s17_T3_ctrl,84,177,89.9,-2.2071621417999268,0.27668447541528646
UBFC_PHYS_s17_T3_ctrl,84,178,89.93333333333334,-2.0159175395965576,0.27761331056618177
UBFC_PHYS_s17_T3_ctrl,84,179,89.96666666666667,-1.759438157081604,0.29145997918083627
UBFC_PHYS_s17_T3_ctrl,84,180,90.0,-1.492049217224121,0.3167461246052096
UBFC_PHYS_s17_T3_ctrl,84,181,90.03333333333333,-1.149721622467041,0.3458652982169099
UBFC_PHYS_s17_T3_ctrl,84,182,90.06666666666666,-0.7033554315567017,0.36574037510723
UBFC_PHYS_s17_T3_ctrl,84,183,90.1,-0.24614998698234558,0.36086869841641506
UBFC_PHYS_s17_T3_ctrl,84,184,90.13333333333334,0.08055076748132706,0.31802468407737533
UBFC_PHYS_s17_T3_ctrl,84,185,90.16666666666667,0.2558758854866028,0.23088626089161024
UBFC_PHYS_s17_T3_ctrl,84,186,90.2,0.37425369024276733,0.10222885339321525
UBFC_PHYS_s17_T3_ctrl,84,187,90.23333333333333,0.4761384427547455,-0.05781106242653809
UBFC_PHYS_s17_T3_ctrl,84,188,90.26666666666667,0.5431876182556152,-0.23639114766989996
UBFC_PHYS_s17_T3_ctrl,84,189,90.3,0.60862135887146,-0.42242123605139725
UBFC_PHYS_s17_T3_ctrl,84,190,90.33333333333333,0.6957688927650452,-0.6079914327468563
UBFC_PHYS_s17_T3_ctrl,84,191,90.36666666666666,0.7817458510398865,-0.7862063859483943
UBFC_PHYS_s17_T3_ctrl,84,192,90.4,0.8711876273155212,-0.9473468113005162
UBFC_PHYS_s17_T3_ctrl,84,193,90.43333333333334,0.933168351650238,-1.0763655387402524
UBFC_PHYS_s17_T3_ctrl,84,194,90.46666666666667,0.8352751731872559,-1.1538126368118171
UBFC_PHYS_s17_T3_ctrl,84,195,90.5,0.5489233136177063,-1.1602616605671552
UBFC_PHYS_s17_T3_ctrl,84,196,90.53333333333333,0.2644091844558716,-1.082528740051857
UBFC_PHYS_s17_T3_ctrl,84,197,90.56666666666666,0.09301713109016418,-0.9191046228022542
UBFC_PHYS_s17_T3_ctrl,84,198,90.6,-0.025477731600403786,-0.6824107580727931
UBFC_PHYS_s17_T3_ctrl,84,199,90.63333333333334,-0.09509038925170898,-0.396727592986101
UBFC_PHYS_s17_T3_ctrl,84,200,90.66666666666667,-0.1449207365512848,-0.09250266762348086
UBFC_PHYS_s17_T3_ctrl,84,201,90.7,-0.33253663778305054,0.20074341164000425
UBFC_PHYS_s17_T3_ctrl,84,202,90.73333333333333,-0.6201176047325134,0.4603317428184835
UBFC_PHYS_s17_T3_ctrl,84,203,90.76666666666667,-0.7154706716537476,0.6733200814479685
UBFC_PHYS_s17_T3_ctrl,84,204,90.8,-0.5352292060852051,0.8358586202928507
UBFC_PHYS_s17_T3_ctrl,84,205,90.83333333333333,-0.24511989951133728,0.9498734561672509
UBFC_PHYS_s17_T3_ctrl,84,206,90.86666666666666,0.024247270077466965,1.0189195683727341
UBFC_PHYS_s17_T3_ctrl,84,207,90.9,0.12057190388441086,1.045171925139051
UBFC_PHYS_s17_T3_ctrl,84,208,90.93333333333334,-0.06569785624742508,1.028716253577668
UBFC_PHYS_s17_T3_ctrl,84,209,90.96666666666667,-0.3436685800552368,0.969047031157169
UBFC_PHYS_s17_T3_ctrl,84,210,91.0,-0.3837716579437256,0.8676574181367587
UBFC_PHYS_s17_T3_ctrl,84,211,91.03333333333333,-0.13765162229537964,0.7302519898809575
UBFC_PHYS_s17_T3_ctrl,84,212,91.06666666666666,0.10859716683626175,0.5674825235664235
UBFC_PHYS_s17_T3_ctrl,84,213,91.1,0.12352169305086136,0.3938566124866856
UBFC_PHYS_s17_T3_ctrl,84,214,91.13333333333334,-0.06559251248836517,0.22517460113782428
UBFC_PHYS_s17_T3_ctrl,84,215,91.16666666666667,-0.2791244089603424,0.07532287139852235
UBFC_PHYS_s17_T3_ctrl,84,216,91.2,-0.4045957624912262,-0.04654840821001232
UBFC_PHYS_s17_T3_ctrl,84,217,91.23333333333333,-0.4454596936702728,-0.13753460305588686
UBFC_PHYS_s17_T3_ctrl,84,218,91.26666666666667,-0.4351354241371155,-0.20064550840636214
UBFC_PHYS_s17_T3_ctrl,84,219,91.3,-0.41442838311195374,-0.24274850722897096
UBFC_PHYS_s17_T3_ctrl,84,220,91.33333333333333,-0.4321154057979584,-0.2715915659589619
UBFC_PHYS_s17_T3_ctrl,84,221,91.36666666666666,-0.49919965863227844,-0.29309844456745243
UBFC_PHYS_s17_T3_ctrl,84,222,91.4,-0.5616017580032349,-0.30996400116321
UBFC_PHYS_s17_T3_ctrl,84,223,91.43333333333334,-0.537886381149292,-0.3219651924455811
UBFC_PHYS_s17_T3_ctrl,84,224,91.46666666666667,-0.38844215869903564,-0.3276552281912075
UBFC_PHYS_s17_T3_ctrl,84,225,91.5,-0.15252932906150818,-0.32654302085117165
UBFC_PHYS_s17_T3_ctrl,84,226,91.53333333333333,0.0868600383400917,-0.32068237495589813
UBFC_PHYS_s17_T3_ctrl,84,227,91.56666666666666,0.2751431465148926,-0.31481571624016347
UBFC_PHYS_s17_T3_ctrl,84,228,91.6,0.4029790163040161,-0.3147719040454241
UBFC_PHYS_s17_T3_ctrl,84,229,91.63333333333334,0.47604480385780334,-0.32468263039973294
UBFC_PHYS_s17_T3_ctrl,84,230,91.66666666666667,0.5111144781112671,-0.3444438876429812
UBFC_PHYS_s17_T3_ctrl,84,231,91.7,0.5304520130157471,-0.3688972385143826
UBFC_PHYS_s17_T3_ctrl,84,232,91.73333333333333,0.5247865319252014,-0.3891167971405146
UBFC_PHYS_s17_T3_ctrl,84,233,91.76666666666667,0.44740140438079834,-0.3949430344720843
UBFC_PHYS_s17_T3_ctrl,84,234,91.8,0.2892014682292938,-0.3775676210833343
UBFC_PHYS_s17_T3_ctrl,84,235,91.83333333333333,0.12822730839252472,-0.33144335725967766
UBFC_PHYS_s17_T3_ctrl,84,236,91.86666666666666,0.02586263045668602,-0.25538209106478216
UBFC_PHYS_s17_T3_ctrl,84,237,91.9,-0.05806586891412735,-0.15293761389820126
UBFC_PHYS_s17_T3_ctrl,84,238,91.93333333333334,-0.16978324949741364,-0.0320415475048718
UBFC_PHYS_s17_T3_ctrl,84,239,91.96666666666667,-0.2562752366065979,0.09613450699083148
UBFC_PHYS_s17_T3_ctrl,85,0,85.0,-3.82466459274292,-0.07726295667706881
UBFC_PHYS_s17_T3_ctrl,85,1,85.03333333333333,-2.255997657775879,-0.12820740964679433
UBFC_PHYS_s17_T3_ctrl,85,2,85.06666666666666,-1.031285285949707,-0.19981088506248568
UBFC_PHYS_s17_T3_ctrl,85,3,85.1,-0.33927902579307556,-0.30921114245175124
UBFC_PHYS_s17_T3_ctrl,85,4,85.13333333333334,-0.106315977871418,-0.464341605703012
UBFC_PHYS_s17_T3_ctrl,85,5,85.16666666666667,-0.08920252323150635,-0.6618443766920846
UBFC_PHYS_s17_T3_ctrl,85,6,85.2,-0.01884070783853531,-0.8868579809365138
UBFC_PHYS_s17_T3_ctrl,85,7,85.23333333333333,0.1375448852777481,-1.1142198851371052
UBFC_PHYS_s17_T3_ctrl,85,8,85.26666666666667,0.25663673877716064,-1.31073494707055
UBFC_PHYS_s17_T3_ctrl,85,9,85.3,0.32821592688560486,-1.4387166226980874
UBFC_PHYS_s17_T3_ctrl,85,10,85.33333333333333,0.41138356924057007,-1.4614940730495851
UBFC_PHYS_s17_T3_ctrl,85,11,85.36666666666666,0.4965996742248535,-1.3512272379192571
UBFC_PHYS_s17_T3_ctrl,85,12,85.4,0.5512409806251526,-1.0979037021513471
UBFC_PHYS_s17_T3_ctrl,85,13,85.43333333333334,0.5599615573883057,-0.7165853672644485
UBFC_PHYS_s17_T3_ctrl,85,14,85.46666666666667,0.4923856854438782,-0.24916978363738526
UBFC_PHYS_s17_T3_ctrl,85,15,85.5,0.318207710981369,0.24173709392588952
UBFC_PHYS_s17_T3_ctrl,85,16,85.53333333333333,0.10881957411766052,0.6859211604517701
UBFC_PHYS_s17_T3_ctrl,85,17,85.56666666666666,0.053663212805986404,1.021472312407478
UBFC_PHYS_s17_T3_ctrl,85,18,85.6,0.25169700384140015,1.2082835316419267
UBFC_PHYS_s17_T3_ctrl,85,19,85.63333333333334,0.5827404856681824,1.2352835987257202
UBFC_PHYS_s17_T3_ctrl,85,20,85.66666666666667,0.8656158447265625,1.1202176054579265
UBFC_PHYS_s17_T3_ctrl,85,21,85.7,1.0391851663589478,0.9031416214946261
UBFC_PHYS_s17_T3_ctrl,85,22,85.73333333333333,1.1064449548721313,0.6358961704110774
UBFC_PHYS_s17_T3_ctrl,85,23,85.76666666666667,1.0519558191299438,0.37021413052220714
UBFC_PHYS_s17_T3_ctrl,85,24,85.8,0.9225631356239319,0.14744388994403154
UBFC_PHYS_s17_T3_ctrl,85,25,85.83333333333333,0.8394539952278137,-0.0074916741847293015
UBFC_PHYS_s17_T3_ctrl,85,26,85.86666666666666,0.849719762802124,-0.08689522955982995
UBFC_PHYS_s17_T3_ctrl,85,27,85.9,0.8705906867980957,-0.09686751745814488
UBFC_PHYS_s17_T3_ctrl,85,28,85.93333333333334,0.8154577016830444,-0.051871416885524116
UBFC_PHYS_s17_T3_ctrl,85,29,85.96666666666667,0.692924439907074,0.030479378024902682
UBFC_PHYS_s17_T3_ctrl,85,30,86.0,0.5510302782058716,0.13303543041336088
UBFC_PHYS_s17_T3_ctrl,85,31,86.03333333333333,0.40289705991744995,0.24086415281857676
UBFC_PHYS_s17_T3_ctrl,85,32,86.06666666666666,0.23118895292282104,0.341639080664079
UBFC_PHYS_s17_T3_ctrl,85,33,86.1,0.009428096003830433,0.42535933766837203
UBFC_PHYS_s17_T3_ctrl,85,34,86.13333333333334,-0.23351973295211792,0.4838673393900993
UBFC_PHYS_s17_T3_ctrl,85,35,86.16666666666667,-0.34725046157836914,0.510407687619212
UBFC_PHYS_s17_T3_ctrl,85,36,86.2,-0.19340495765209198,0.4994648498086072
UBFC_PHYS_s17_T3_ctrl,85,37,86.23333333333333,0.15008148550987244,0.4469884730031288
UBFC_PHYS_s17_T3_ctrl,85,38,86.26666666666667,0.4740314483642578,0.35068522574403427
UBFC_PHYS_s17_T3_ctrl,85,39,86.3,0.6847891211509705,0.20996627830388398
UBFC_PHYS_s17_T3_ctrl,85,40,86.33333333333333,0.7982506155967712,0.02577970035386187
UBFC_PHYS_s17_T3_ctrl,85,41,86.36666666666666,0.8086217045783997,-0.1989085139233471
UBFC_PHYS_s17_T3_ctrl,85,42,86.4,0.7294222116470337,-0.4575893606425392
UBFC_PHYS_s17_T3_ctrl,85,43,86.43333333333334,0.6411392688751221,-0.738020111655929
UBFC_PHYS_s17_T3_ctrl,85,44,86.46666666666667,0.6062920093536377,-1.0201799402967797
UBFC_PHYS_s17_T3_ctrl,85,45,86.5,0.5973840951919556,-1.2754164347720807
UBFC_PHYS_s17_T3_ctrl,85,46,86.53333333333333,0.5451775193214417,-1.4680763867302158
UBFC_PHYS_s17_T3_ctrl,85,47,86.56666666666666,0.4379901885986328,-1.5606502655815593
UBFC_PHYS_s17_T3_ctrl,85,48,86.6,0.31058743596076965,-1.52220312188839
UBFC_PHYS_s17_T3_ctrl,85,49,86.63333333333334,0.1707065999507904,-1.3380120545171874
UBFC_PHYS_s17_T3_ctrl,85,50,86.66666666666667,-0.0011185675393790007,-1.0168860096486
UBFC_PHYS_s17_T3_ctrl,85,51,86.7,-0.20379945635795593,-0.592686622503431
UBFC_PHYS_s17_T3_ctrl,85,52,86.73333333333333,-0.40451380610466003,-0.11851496793688694
UBFC_PHYS_s17_T3_ctrl,85,53,86.76666666666667,-0.5150723457336426,0.3449259895430779
UBFC_PHYS_s17_T3_ctrl,85,54,86.8,-0.41748350858688354,0.7426883830392063
UBFC_PHYS_s17_T3_ctrl,85,55,86.83333333333333,-0.12168531119823456,1.035947805067069
UBFC_PHYS_s17_T3_ctrl,85,56,86.86666666666666,0.21537481248378754,1.2065083298245383
UBFC_PHYS_s17_T3_ctrl,85,57,86.9,0.47370368242263794,1.2554517727094778
UBFC_PHYS_s17_T3_ctrl,85,58,86.93333333333334,0.6479167938232422,1.1980377010556251
UBFC_PHYS_s17_T3_ctrl,85,59,86.96666666666667,0.7414438128471375,1.0574993201666938
UBFC_PHYS_s17_T3_ctrl,85,60,87.0,0.7541793584823608,0.8596609027313218
UBFC_PHYS_s17_T3_ctrl,85,61,87.03333333333333,0.7604418396949768,0.6293277183123616
UBFC_PHYS_s17_T3_ctrl,85,62,87.06666666666666,0.8417717218399048,0.3888465019584694
UBFC_PHYS_s17_T3_ctrl,85,63,87.1,0.9724988341331482,0.15863691992921952
UBFC_PHYS_s17_T3_ctrl,85,64,87.13333333333334,1.0630409717559814,-0.04152991783575552
UBFC_PHYS_s17_T3_ctrl,85,65,87.16666666666667,1.0829870700836182,-0.19228822422638803
UBFC_PHYS_s17_T3_ctrl,85,66,87.2,1.0955822467803955,-0.27652817756420944
UBFC_PHYS_s17_T3_ctrl,85,67,87.23333333333333,1.1414912939071655,-0.2830176047645481
UBFC_PHYS_s17_T3_ctrl,85,68,87.26666666666667,1.1683553457260132,-0.21047735290950756
UBFC_PHYS_s17_T3_ctrl,85,69,87.3,1.1462905406951904,-0.07047899676773506
UBFC_PHYS_s17_T3_ctrl,85,70,87.33333333333333,1.1179865598678589,0.11225990243769071
UBFC_PHYS_s17_T3_ctrl,85,71,87.36666666666666,1.1152241230010986,0.30303279192957083
UBFC_PHYS_s17_T3_ctrl,85,72,87.4,1.1684138774871826,0.4637034802064673
UBFC_PHYS_s17_T3_ctrl,85,73,87.43333333333334,1.2331688404083252,0.5613299133389196
UBFC_PHYS_s17_T3_ctrl,85,74,87.46666666666667,1.092140793800354,0.5761641957740616
UBFC_PHYS_s17_T3_ctrl,85,75,87.5,0.6839463114738464,0.5059731368973976
UBFC_PHYS_s17_T3_ctrl,85,76,87.53333333333333,0.3809141218662262,0.364925087336918
UBFC_PHYS_s17_T3_ctrl,85,77,87.56666666666666,0.4350755214691162,0.17758479805386335
UBFC_PHYS_s17_T3_ctrl,85,78,87.6,0.5768760442733765,-0.029440831065197334
UBFC_PHYS_s17_T3_ctrl,85,79,87.63333333333334,0.5082349181175232,-0.23490012825488277
UBFC_PHYS_s17_T3_ctrl,85,80,87.66666666666667,0.293333500623703,-0.42676235725153544
UBFC_PHYS_s17_T3_ctrl,85,81,87.7,0.06737036257982254,-0.6016554866283745
UBFC_PHYS_s17_T3_ctrl,85,82,87.73333333333333,-0.2570126950740814,-0.7607459735372197
UBFC_PHYS_s17_T3_ctrl,85,83,87.76666666666667,-0.8783879280090332,-0.904158052219795
UBFC_PHYS_s17_T3_ctrl,85,84,87.8,-1.831942081451416,-1.0263796974589474
UBFC_PHYS_s17_T3_ctrl,85,85,87.83333333333333,-2.8121964931488037,-1.1144831202339387
UBFC_PHYS_s17_T3_ctrl,85,86,87.86666666666666,-3.311378002166748,-1.1497031666247015
UBFC_PHYS_s17_T3_ctrl,85,87,87.9,-3.1049513816833496,-1.1117149731389258
UBFC_PHYS_s17_T3_ctrl,85,88,87.93333333333334,-2.541717290878296,-0.9843915326965319
UBFC_PHYS_s17_T3_ctrl,85,89,87.96666666666667,-2.1500391960144043,-0.7617339596778333
UBFC_PHYS_s17_T3_ctrl,85,90,88.0,-2.0607614517211914,-0.45262307082927067
UBFC_PHYS_s17_T3_ctrl,85,91,88.03333333333333,-1.9695520401000977,-0.08290039024046089
UBFC_PHYS_s17_T3_ctrl,85,92,88.06666666666666,-1.6022098064422607,0.3066588606164994
UBFC_PHYS_s17_T3_ctrl,85,93,88.1,-1.018397569656372,0.6670299001526607
UBFC_PHYS_s17_T3_ctrl,85,94,88.13333333333334,-0.4495683014392853,0.9509834975503234
UBFC_PHYS_s17_T3_ctrl,85,95,88.16666666666667,-0.04372661933302879,1.1234688034534093
UBFC_PHYS_s17_T3_ctrl,85,96,88.2,0.17953254282474518,1.168927356389553
UBFC_PHYS_s17_T3_ctrl,85,97,88.23333333333333,0.27191242575645447,1.0933212906371277
UBFC_PHYS_s17_T3_ctrl,85,98,88.26666666666667,0.31865251064300537,0.9207517780904216
UBFC_PHYS_s17_T3_ctrl,85,99,88.3,0.3671601414680481,0.686367273743889
UBFC_PHYS_s17_T3_ctrl,85,100,88.33333333333333,0.4048284888267517,0.4279949441082832
UBFC_PHYS_s17_T3_ctrl,85,101,88.36666666666666,0.432020366191864,0.1788008240962674
UBFC_PHYS_s17_T3_ctrl,85,102,88.4,0.474967896938324,-0.03723966923685014
UBFC_PHYS_s17_T3_ctrl,85,103,88.43333333333334,0.5323716998100281,-0.20633200972919682
UBFC_PHYS_s17_T3_ctrl,85,104,88.46666666666667,0.5703326463699341,-0.3231039610836687
UBFC_PHYS_s17_T3_ctrl,85,105,88.5,0.5692908763885498,-0.38786211102675655
UBFC_PHYS_s17_T3_ctrl,85,106,88.53333333333333,0.5584867000579834,-0.4042973373021327
UBFC_PHYS_s17_T3_ctrl,85,107,88.56666666666666,0.5843441486358643,-0.3780616355364917
UBFC_PHYS_s17_T3_ctrl,85,108,88.6,0.6319036483764648,-0.3159683807099036
UBFC_PHYS_s17_T3_ctrl,85,109,88.63333333333334,0.6354153156280518,-0.2255436159917881
UBFC_PHYS_s17_T3_ctrl,85,110,88.66666666666667,0.6059876680374146,-0.11495339338196292
UBFC_PHYS_s17_T3_ctrl,85,111,88.7,0.6513581871986389,0.006646564457996118
UBFC_PHYS_s17_T3_ctrl,85,112,88.73333333333333,0.8000532984733582,0.12876794239818892
UBFC_PHYS_s17_T3_ctrl,85,113,88.76666666666667,0.9361063838005066,0.2400166965811248
UBFC_PHYS_s17_T3_ctrl,85,114,88.8,0.9756944179534912,0.3296255808835677
UBFC_PHYS_s17_T3_ctrl,85,115,88.83333333333333,0.9552214741706848,0.3895212606825732
UBFC_PHYS_s17_T3_ctrl,85,116,88.86666666666666,0.9157388210296631,0.41572834709336925
UBFC_PHYS_s17_T3_ctrl,85,117,88.9,0.8648315668106079,0.4081799017454644
UBFC_PHYS_s17_T3_ctrl,85,118,88.93333333333334,0.8194376230239868,0.3691240682473843
UBFC_PHYS_s17_T3_ctrl,85,119,88.96666666666667,0.8041619062423706,0.3013357721035687
UBFC_PHYS_s17_T3_ctrl,85,120,89.0,0.830382227897644,0.20737583350246594
UBFC_PHYS_s17_T3_ctrl,85,121,89.03333333333333,0.8797560930252075,0.09032717093281212
UBFC_PHYS_s17_T3_ctrl,85,122,89.06666666666666,0.8972440958023071,-0.0445377879926495
UBFC_PHYS_s17_T3_ctrl,85,123,89.1,0.8550691604614258,-0.18829303083809829
UBFC_PHYS_s17_T3_ctrl,85,124,89.13333333333334,0.7945634126663208,-0.32817875004688607
UBFC_PHYS_s17_T3_ctrl,85,125,89.16666666666667,0.7627829313278198,-0.44917419141992715
UBFC_PHYS_s17_T3_ctrl,85,126,89.2,0.750211238861084,-0.5369597295500473
UBFC_PHYS_s17_T3_ctrl,85,127,89.23333333333333,0.7137836813926697,-0.5812742108164048
UBFC_PHYS_s17_T3_ctrl,85,128,89.26666666666667,0.6279940009117126,-0.5785173677399496
UBFC_PHYS_s17_T3_ctrl,85,129,89.3,0.5333666801452637,-0.5326980384698621
UBFC_PHYS_s17_T3_ctrl,85,130,89.33333333333333,0.4958973228931427,-0.4543148181750316
UBFC_PHYS_s17_T3_ctrl,85,131,89.36666666666666,0.44206368923187256,-0.3574394237599165
UBFC_PHYS_s17_T3_ctrl,85,132,89.4,0.15832217037677765,-0.25600906200445467
UBFC_PHYS_s17_T3_ctrl,85,133,89.43333333333334,-0.40841174125671387,-0.16066069597163568
UBFC_PHYS_s17_T3_ctrl,85,134,89.46666666666667,-1.006809115409851,-0.07707054065170842
UBFC_PHYS_s17_T3_ctrl,85,135,89.5,-1.3845926523208618,-0.006030429026972066
UBFC_PHYS_s17_T3_ctrl,85,136,89.53333333333333,-1.5485868453979492,0.05510182201634934
UBFC_PHYS_s17_T3_ctrl,85,137,89.56666666666666,-1.6076645851135254,0.1102345854554178
UBFC_PHYS_s17_T3_ctrl,85,138,89.6,-1.5236892700195312,0.16237604563695274
UBFC_PHYS_s17_T3_ctrl,85,139,89.63333333333334,-1.1699721813201904,0.21212838105313273
UBFC_PHYS_s17_T3_ctrl,85,140,89.66666666666667,-0.49649569392204285,0.2573426746233387
UBFC_PHYS_s17_T3_ctrl,85,141,89.7,0.3153632879257202,0.2940495681261189
UBFC_PHYS_s17_T3_ctrl,85,142,89.73333333333333,0.8031083941459656,0.3181977401565189
UBFC_PHYS_s17_T3_ctrl,85,143,89.76666666666667,0.5118051171302795,0.32738437466057024
UBFC_PHYS_s17_T3_ctrl,85,144,89.8,-0.46506640315055847,0.32195871387215785
UBFC_PHYS_s17_T3_ctrl,85,145,89.83333333333333,-1.5130020380020142,0.30531980203250986
UBFC_PHYS_s17_T3_ctrl,85,146,89.86666666666666,-2.116210460662842,0.2834749251213683
UBFC_PHYS_s17_T3_ctrl,85,147,89.9,-2.2071621417999268,0.26392202771827955
UBFC_PHYS_s17_T3_ctrl,85,148,89.93333333333334,-2.0159175395965576,0.253869586337782
UBFC_PHYS_s17_T3_ctrl,85,149,89.96666666666667,-1.759438157081604,0.25793167931695454
UBFC_PHYS_s17_T3_ctrl,85,150,90.0,-1.492049217224121,0.27580498511989526
UBFC_PHYS_s17_T3_ctrl,85,151,90.03333333333333,-1.149721622467041,0.30086228645963464
UBFC_PHYS_s17_T3_ctrl,85,152,90.06666666666666,-0.7033554315567017,0.320725500638419
UBFC_PHYS_s17_T3_ctrl,85,153,90.1,-0.24614998698234558,0.3203518172044557
UBFC_PHYS_s17_T3_ctrl,85,154,90.13333333333334,0.08055076748132706,0.28695893347634593
UBFC_PHYS_s17_T3_ctrl,85,155,90.16666666666667,0.2558758854866028,0.2147793247840189
UBFC_PHYS_s17_T3_ctrl,85,156,90.2,0.37425369024276733,0.10708959861748243
UBFC_PHYS_s17_T3_ctrl,85,157,90.23333333333333,0.4761384427547455,-0.02588522648041873
UBFC_PHYS_s17_T3_ctrl,85,158,90.26666666666667,0.5431876182556152,-0.17197393110804865
UBFC_PHYS_s17_T3_ctrl,85,159,90.3,0.60862135887146,-0.3217431957206307
UBFC_PHYS_s17_T3_ctrl,85,160,90.33333333333333,0.6957688927650452,-0.4700378825631504
UBFC_PHYS_s17_T3_ctrl,85,161,90.36666666666666,0.7817458510398865,-0.6138145081917884
UBFC_PHYS_s17_T3_ctrl,85,162,90.4,0.8711876273155212,-0.7480788923164187
UBFC_PHYS_s17_T3_ctrl,85,163,90.43333333333334,0.933168351650238,-0.8628190547061552
UBFC_PHYS_s17_T3_ctrl,85,164,90.46666666666667,0.8352751731872559,-0.9431092566307528
UBFC_PHYS_s17_T3_ctrl,85,165,90.5,0.5489233136177063,-0.9726716203917103
UBFC_PHYS_s17_T3_ctrl,85,166,90.53333333333333,0.2644091844558716,-0.9392767310345944
UBFC_PHYS_s17_T3_ctrl,85,167,90.56666666666666,0.09301713109016418,-0.8394015092246817
UBFC_PHYS_s17_T3_ctrl,85,168,90.6,-0.025477731600403786,-0.6799683468244325
UBFC_PHYS_s17_T3_ctrl,85,169,90.63333333333334,-0.09509038925170898,-0.47650735067768907
UBFC_PHYS_s17_T3_ctrl,85,170,90.66666666666667,-0.1449207365512848,-0.2488785414951524
UBFC_PHYS_s17_T3_ctrl,85,171,90.7,-0.33253663778305054,-0.016636626649406825
UBFC_PHYS_s17_T3_ctrl,85,172,90.73333333333333,-0.6201176047325134,0.20430592564876557
UBFC_PHYS_s17_T3_ctrl,85,173,90.76666666666667,-0.7154706716537476,0.40311432251326185
UBFC_PHYS_s17_T3_ctrl,85,174,90.8,-0.5352292060852051,0.5736969245486342
UBFC_PHYS_s17_T3_ctrl,85,175,90.83333333333333,-0.24511989951133728,0.7131147974493701
UBFC_PHYS_s17_T3_ctrl,85,176,90.86666666666666,0.024247270077466965,0.8195650173726218
UBFC_PHYS_s17_T3_ctrl,85,177,90.9,0.12057190388441086,0.8908988944216113
UBFC_PHYS_s17_T3_ctrl,85,178,90.93333333333334,-0.06569785624742508,0.9243685890268847
UBFC_PHYS_s17_T3_ctrl,85,179,90.96666666666667,-0.3436685800552368,0.9176954757035808
UBFC_PHYS_s17_T3_ctrl,85,180,91.0,-0.3837716579437256,0.8708902710356138
UBFC_PHYS_s17_T3_ctrl,85,181,91.03333333333333,-0.13765162229537964,0.7878509295625838
UBFC_PHYS_s17_T3_ctrl,85,182,91.06666666666666,0.10859716683626175,0.676819661522487
UBFC_PHYS_s17_T3_ctrl,85,183,91.1,0.12352169305086136,0.5492325553982095
UBFC_PHYS_s17_T3_ctrl,85,184,91.13333333333334,-0.06559251248836517,0.417152249371493
UBFC_PHYS_s17_T3_ctrl,85,185,91.16666666666667,-0.2791244089603424,0.2901714278312325
UBFC_PHYS_s17_T3_ctrl,85,186,91.2,-0.4045957624912262,0.17314759034383764
UBFC_PHYS_s17_T3_ctrl,85,187,91.23333333333333,-0.4454596936702728,0.06593418364859978
UBFC_PHYS_s17_T3_ctrl,85,188,91.26666666666667,-0.4351354241371155,-0.03470712598596661
UBFC_PHYS_s17_T3_ctrl,85,189,91.3,-0.41442838311195374,-0.13197700787657024
UBFC_PHYS_s17_T3_ctrl,85,190,91.33333333333333,-0.4321154057979584,-0.22622007725725657
UBFC_PHYS_s17_T3_ctrl,85,191,91.36666666666666,-0.49919965863227844,-0.3136874535577853
UBFC_PHYS_s17_T3_ctrl,85,192,91.4,-0.5616017580032349,-0.38731795996188645
UBFC_PHYS_s17_T3_ctrl,85,193,91.43333333333334,-0.537886381149292,-0.43911103830803316
UBFC_PHYS_s17_T3_ctrl,85,194,91.46666666666667,-0.38844215869903564,-0.4631896404779829
UBFC_PHYS_s17_T3_ctrl,85,195,91.5,-0.15252932906150818,-0.4585260414840876
UBFC_PHYS_s17_T3_ctrl,85,196,91.53333333333333,0.0868600383400917,-0.43034616808507575
UBFC_PHYS_s17_T3_ctrl,85,197,91.56666666666666,0.2751431465148926,-0.38947170212583204
UBFC_PHYS_s17_T3_ctrl,85,198,91.6,0.4029790163040161,-0.34944470750716194
UBFC_PHYS_s17_T3_ctrl,85,199,91.63333333333334,0.47604480385780334,-0.32226597708391563
UBFC_PHYS_s17_T3_ctrl,85,200,91.66666666666667,0.5111144781112671,-0.3145890262317447
UBFC_PHYS_s17_T3_ctrl,85,201,91.7,0.5304520130157471,-0.32626927963316327
UBFC_PHYS_s17_T3_ctrl,85,202,91.73333333333333,0.5247865319252014,-0.35182366030827744
UBFC_PHYS_s17_T3_ctrl,85,203,91.76666666666667,0.44740140438079834,-0.3836453100497442
UBFC_PHYS_s17_T3_ctrl,85,204,91.8,0.2892014682292938,-0.41505337504834844
UBFC_PHYS_s17_T3_ctrl,85,205,91.83333333333333,0.12822730839252472,-0.4417120816823997
UBFC_PHYS_s17_T3_ctrl,85,206,91.86666666666666,0.02586263045668602,-0.4610864845731961
UBFC_PHYS_s17_T3_ctrl,85,207,91.9,-0.05806586891412735,-0.47058224529701653
UBFC_PHYS_s17_T3_ctrl,85,208,91.93333333333334,-0.16978324949741364,-0.4653393750164783
UBFC_PHYS_s17_T3_ctrl,85,209,91.96666666666667,-0.2562752366065979,-0.4365986554435446
UBFC_PHYS_s17_T3_ctrl,85,210,92.0,-0.26525336503982544,-0.37155858220328025
UBFC_PHYS_s17_T3_ctrl,85,211,92.03333333333333,-0.2606882154941559,-0.25557588489105365
UBFC_PHYS_s17_T3_ctrl,85,212,92.06666666666666,-0.2972562313079834,-0.07705474942927489
UBFC_PHYS_s17_T3_ctrl,85,213,92.1,-0.28895702958106995,0.16580112465464097
UBFC_PHYS_s17_T3_ctrl,85,214,92.13333333333334,-0.12083080410957336,0.45873891819809126
UBFC_PHYS_s17_T3_ctrl,85,215,92.16666666666667,0.21127788722515106,0.7690220451944704
UBFC_PHYS_s17_T3_ctrl,85,216,92.2,0.6258285045623779,1.0495306943329614
UBFC_PHYS_s17_T3_ctrl,85,217,92.23333333333333,1.0400981903076172,1.2497966648139185
UBFC_PHYS_s17_T3_ctrl,85,218,92.26666666666667,1.3769124746322632,1.3310564105768365
UBFC_PHYS_s17_T3_ctrl,85,219,92.3,1.5634397268295288,1.2796218875249021
UBFC_PHYS_s17_T3_ctrl,85,220,92.33333333333333,1.5871434211730957,1.112350924001988
UBFC_PHYS_s17_T3_ctrl,85,221,92.36666666666666,1.5295288562774658,0.870932375570486
UBFC_PHYS_s17_T3_ctrl,85,222,92.4,1.516137719154358,0.6072205714972985
UBFC_PHYS_s17_T3_ctrl,85,223,92.43333333333334,1.5887587070465088,0.3662439744672991
UBFC_PHYS_s17_T3_ctrl,85,224,92.46666666666667,1.687705397605896,0.1737314703990575
UBFC_PHYS_s17_T3_ctrl,85,225,92.5,1.7813377380371094,0.03196628278195774
UBFC_PHYS_s17_T3_ctrl,85,226,92.53333333333333,1.8862543106079102,-0.07589479560567308
UBFC_PHYS_s17_T3_ctrl,85,227,92.56666666666666,1.9403454065322876,-0.17570353186432833
UBFC_PHYS_s17_T3_ctrl,85,228,92.6,1.8263922929763794,-0.2904986381765813
UBFC_PHYS_s17_T3_ctrl,85,229,92.63333333333334,1.5034841299057007,-0.43106836086815187
UBFC_PHYS_s17_T3_ctrl,85,230,92.66666666666667,1.0134564638137817,-0.5917904499261365
UBFC_PHYS_s17_T3_ctrl,85,231,92.7,0.41217952966690063,-0.7526760022367804
UBFC_PHYS_s17_T3_ctrl,85,232,92.73333333333333,-0.2650777995586395,-0.8863683292887069
UBFC_PHYS_s17_T3_ctrl,85,233,92.76666666666667,-0.9886069893836975,-0.9671694007465114
UBFC_PHYS_s17_T3_ctrl,85,234,92.8,-1.6723374128341675,-0.9786172364477282
UBFC_PHYS_s17_T3_ctrl,85,235,92.83333333333333,-2.1602582931518555,-0.9170448784023777
UBFC_PHYS_s17_T3_ctrl,85,236,92.86666666666666,-2.353024482727051,-0.7905731687066692
UBFC_PHYS_s17_T3_ctrl,85,237,92.9,-2.300326347351074,-0.6149386613389539
UBFC_PHYS_s17_T3_ctrl,85,238,92.93333333333334,-2.1310179233551025,-0.4084332762179393
UBFC_PHYS_s17_T3_ctrl,85,239,92.96666666666667,-1.9484119415283203,-0.18815369549922734
UBFC_PHYS_s17_T3_ctrl,86,0,86.0,0.5510302782058716,0.1558359846259727
UBFC_PHYS_s17_T3_ctrl,86,1,86.03333333333333,0.40289705991744995,0.486208196130176
UBFC_PHYS_s17_T3_ctrl,86,2,86.06666666666666,0.23118895292282104,0.7754112576550934
UBFC_PHYS_s17_T3_ctrl,86,3,86.1,0.009428096003830433,0.9929857653089933
UBFC_PHYS_s17_T3_ctrl,86,4,86.13333333333334,-0.23351973295211792,1.118768527716258
UBFC_PHYS_s17_T3_ctrl,86,5,86.16666666666667,-0.34725046157836914,1.1459561476258828
UBFC_PHYS_s17_T3_ctrl,86,6,86.2,-0.19340495765209198,1.0811785693622256
UBFC_PHYS_s17_T3_ctrl,86,7,86.23333333333333,0.15008148550987244,0.9414266485974101
UBFC_PHYS_s17_T3_ctrl,86,8,86.26666666666667,0.4740314483642578,0.7484786436865845
UBFC_PHYS_s17_T3_ctrl,86,9,86.3,0.6847891211509705,0.5223133115773572
UBFC_PHYS_s17_T3_ctrl,86,10,86.33333333333333,0.7982506155967712,0.27609016776564715
UBFC_PHYS_s17_T3_ctrl,86,11,86.36666666666666,0.8086217045783997,0.015227354725776946
UBFC_PHYS_s17_T3_ctrl,86,12,86.4,0.7294222116470337,-0.2589584112883826
UBFC_PHYS_s17_T3_ctrl,86,13,86.43333333333334,0.6411392688751221,-0.5430438180820241
UBFC_PHYS_s17_T3_ctrl,86,14,86.46666666666667,0.6062920093536377,-0.8256610322291837
UBFC_PHYS_s17_T3_ctrl,86,15,86.5,0.5973840951919556,-1.0845280640249544
UBFC_PHYS_s17_T3_ctrl,86,16,86.53333333333333,0.5451775193214417,-1.2879221677291037
UBFC_PHYS_s17_T3_ctrl,86,17,86.56666666666666,0.4379901885986328,-1.4009166771294106
UBFC_PHYS_s17_T3_ctrl,86,18,86.6,0.31058743596076965,-1.3950390867496254
UBFC_PHYS_s17_T3_ctrl,86,19,86.63333333333334,0.1707065999507904,-1.2583112862062138
UBFC_PHYS_s17_T3_ctrl,86,20,86.66666666666667,-0.0011185675393790007,-1.001687526314185
UBFC_PHYS_s17_T3_ctrl,86,21,86.7,-0.20379945635795593,-0.658648235315912
UBFC_PHYS_s17_T3_ctrl,86,22,86.73333333333333,-0.40451380610466003,-0.2773589810485495
UBFC_PHYS_s17_T3_ctrl,86,23,86.76666666666667,-0.5150723457336426,0.09181086248370293
UBFC_PHYS_s17_T3_ctrl,86,24,86.8,-0.41748350858688354,0.408348268255283
UBFC_PHYS_s17_T3_ctrl,86,25,86.83333333333333,-0.12168531119823456,0.6485569350750697
UBFC_PHYS_s17_T3_ctrl,86,26,86.86666666666666,0.21537481248378754,0.8057615139265172
UBFC_PHYS_s17_T3_ctrl,86,27,86.9,0.47370368242263794,0.8855072443856815
UBFC_PHYS_s17_T3_ctrl,86,28,86.93333333333334,0.6479167938232422,0.8990481722688489
UBFC_PHYS_s17_T3_ctrl,86,29,86.96666666666667,0.7414438128471375,0.8580369205352546
UBFC_PHYS_s17_T3_ctrl,86,30,87.0,0.7541793584823608,0.7720815002793168
UBFC_PHYS_s17_T3_ctrl,86,31,87.03333333333333,0.7604418396949768,0.6494220404923134
UBFC_PHYS_s17_T3_ctrl,86,32,87.06666666666666,0.8417717218399048,0.49974999018378
UBFC_PHYS_s17_T3_ctrl,86,33,87.1,0.9724988341331482,0.337347833323037
UBFC_PHYS_s17_T3_ctrl,86,34,87.13333333333334,1.0630409717559814,0.18245577829435042
UBFC_PHYS_s17_T3_ctrl,86,35,87.16666666666667,1.0829870700836182,0.059336495751533255
UBFC_PHYS_s17_T3_ctrl,86,36,87.2,1.0955822467803955,-0.009077877933343161
UBFC_PHYS_s17_T3_ctrl,86,37,87.23333333333333,1.1414912939071655,-0.008338287636925054
UBFC_PHYS_s17_T3_ctrl,86,38,87.26666666666667,1.1683553457260132,0.06141093668544652
UBFC_PHYS_s17_T3_ctrl,86,39,87.3,1.1462905406951904,0.18314916349669105
UBFC_PHYS_s17_T3_ctrl,86,40,87.33333333333333,1.1179865598678589,0.32583863953011477
UBFC_PHYS_s17_T3_ctrl,86,41,87.36666666666666,1.1152241230010986,0.4517424447005564
UBFC_PHYS_s17_T3_ctrl,86,42,87.4,1.1684138774871826,0.5260159647804649
UBFC_PHYS_s17_T3_ctrl,86,43,87.43333333333334,1.2331688404083252,0.5256470414572966
UBFC_PHYS_s17_T3_ctrl,86,44,87.46666666666667,1.092140793800354,0.44484304633520416
UBFC_PHYS_s17_T3_ctrl,86,45,87.5,0.6839463114738464,0.29502585265916026
UBFC_PHYS_s17_T3_ctrl,86,46,87.53333333333333,0.3809141218662262,0.09962831803379461
UBFC_PHYS_s17_T3_ctrl,86,47,87.56666666666666,0.4350755214691162,-0.11408932045254473
UBFC_PHYS_s17_T3_ctrl,86,48,87.6,0.5768760442733765,-0.3230335042069201
UBFC_PHYS_s17_T3_ctrl,86,49,87.63333333333334,0.5082349181175232,-0.5133199772342227
UBFC_PHYS_s17_T3_ctrl,86,50,87.66666666666667,0.293333500623703,-0.681008963187929
UBFC_PHYS_s17_T3_ctrl,86,51,87.7,0.06737036257982254,-0.8288949541532946
UBFC_PHYS_s17_T3_ctrl,86,52,87.73333333333333,-0.2570126950740814,-0.9610458232328918
UBFC_PHYS_s17_T3_ctrl,86,53,87.76666666666667,-0.8783879280090332,-1.0773042510312156
UBFC_PHYS_s17_T3_ctrl,86,54,87.8,-1.831942081451416,-1.1696547012451681
UBFC_PHYS_s17_T3_ctrl,86,55,87.83333333333333,-2.8121964931488037,-1.221641205792589
UBFC_PHYS_s17_T3_ctrl,86,56,87.86666666666666,-3.311378002166748,-1.2112735578288747
UBFC_PHYS_s17_T3_ctrl,86,57,87.9,-3.1049513816833496,-1.1170177706863182
UBFC_PHYS_s17_T3_ctrl,86,58,87.93333333333334,-2.541717290878296,-0.9254290988527176
UBFC_PHYS_s17_T3_ctrl,86,59,87.96666666666667,-2.1500391960144043,-0.6380503061614677
UBFC_PHYS_s17_T3_ctrl,86,60,88.0,-2.0607614517211914,-0.27490881885854745
UBFC_PHYS_s17_T3_ctrl,86,61,88.03333333333333,-1.9695520401000977,0.12720634919125987
UBFC_PHYS_s17_T3_ctrl,86,62,88.06666666666666,-1.6022098064422607,0.5215936534317129
UBFC_PHYS_s17_T3_ctrl,86,63,88.1,-1.018397569656372,0.8615087163697438
UBFC_PHYS_s17_T3_ctrl,86,64,88.13333333333334,-0.4495683014392853,1.1099102106241578
UBFC_PHYS_s17_T3_ctrl,86,65,88.16666666666667,-0.04372661933302879,1.2461999181478574
UBFC_PHYS_s17_T3_ctrl,86,66,88.2,0.17953254282474518,1.2683460449069746
UBFC_PHYS_s17_T3_ctrl,86,67,88.23333333333333,0.27191242575645447,1.1904406507067313
UBFC_PHYS_s17_T3_ctrl,86,68,88.26666666666667,0.31865251064300537,1.0371220458435637
UBFC_PHYS_s17_T3_ctrl,86,69,88.3,0.3671601414680481,0.8369145449868148
UBFC_PHYS_s17_T3_ctrl,86,70,88.33333333333333,0.4048284888267517,0.6163331486513461
UBFC_PHYS_s17_T3_ctrl,86,71,88.36666666666666,0.432020366191864,0.3959912761969602
UBFC_PHYS_s17_T3_ctrl,86,72,88.4,0.474967896938324,0.1893240204360582
UBFC_PHYS_s17_T3_ctrl,86,73,88.43333333333334,0.5323716998100281,0.0037986255261479186
UBFC_PHYS_s17_T3_ctrl,86,74,88.46666666666667,0.5703326463699341,-0.156404472374634
UBFC_PHYS_s17_T3_ctrl,86,75,88.5,0.5692908763885498,-0.2877243875436721
UBFC_PHYS_s17_T3_ctrl,86,76,88.53333333333333,0.5584867000579834,-0.3856838242636307
UBFC_PHYS_s17_T3_ctrl,86,77,88.56666666666666,0.5843441486358643,-0.4448620638411529
UBFC_PHYS_s17_T3_ctrl,86,78,88.6,0.6319036483764648,-0.4602416536216967
UBFC_PHYS_s17_T3_ctrl,86,79,88.63333333333334,0.6354153156280518,-0.4294795641991079
UBFC_PHYS_s17_T3_ctrl,86,80,88.66666666666667,0.6059876680374146,-0.3553197585115641
UBFC_PHYS_s17_T3_ctrl,86,81,88.7,0.6513581871986389,-0.24711851474076274
UBFC_PHYS_s17_T3_ctrl,86,82,88.73333333333333,0.8000532984733582,-0.12053992469459468
UBFC_PHYS_s17_T3_ctrl,86,83,88.76666666666667,0.9361063838005066,0.0050003058820082096
UBFC_PHYS_s17_T3_ctrl,86,84,88.8,0.9756944179534912,0.11068985968982702
UBFC_PHYS_s17_T3_ctrl,86,85,88.83333333333333,0.9552214741706848,0.18305062087209006
UBFC_PHYS_s17_T3_ctrl,86,86,88.86666666666666,0.9157388210296631,0.21704978607018371
UBFC_PHYS_s17_T3_ctrl,86,87,88.9,0.8648315668106079,0.21608695840514736
UBFC_PHYS_s17_T3_ctrl,86,88,88.93333333333334,0.8194376230239868,0.18896536411608253
UBFC_PHYS_s17_T3_ctrl,86,89,88.96666666666667,0.8041619062423706,0.1455595343673904
UBFC_PHYS_s17_T3_ctrl,86,90,89.0,0.830382227897644,0.09331905950756586
UBFC_PHYS_s17_T3_ctrl,86,91,89.03333333333333,0.8797560930252075,0.035960391566743834
UBFC_PHYS_s17_T3_ctrl,86,92,89.06666666666666,0.8972440958023071,-0.025607399375589097
UBFC_PHYS_s17_T3_ctrl,86,93,89.1,0.8550691604614258,-0.09112101557560591
UBFC_PHYS_s17_T3_ctrl,86,94,89.13333333333334,0.7945634126663208,-0.1588736616787558
UBFC_PHYS_s17_T3_ctrl,86,95,89.16666666666667,0.7627829313278198,-0.22467475034184192
UBFC_PHYS_s17_T3_ctrl,86,96,89.2,0.750211238861084,-0.28222110852636895
UBFC_PHYS_s17_T3_ctrl,86,97,89.23333333333333,0.7137836813926697,-0.3246047512791185
UBFC_PHYS_s17_T3_ctrl,86,98,89.26666666666667,0.6279940009117126,-0.34621490823555356
UBFC_PHYS_s17_T3_ctrl,86,99,89.3,0.5333666801452637,-0.3441954036813907
UBFC_PHYS_s17_T3_ctrl,86,100,89.33333333333333,0.4958973228931427,-0.31894939914509285
UBFC_PHYS_s17_T3_ctrl,86,101,89.36666666666666,0.44206368923187256,-0.27373791028510447
UBFC_PHYS_s17_T3_ctrl,86,102,89.4,0.15832217037677765,-0.21384867235561145
UBFC_PHYS_s17_T3_ctrl,86,103,89.43333333333334,-0.40841174125671387,-0.1457940444840025
UBFC_PHYS_s17_T3_ctrl,86,104,89.46666666666667,-1.006809115409851,-0.07655452546264267
UBFC_PHYS_s17_T3_ctrl,86,105,89.5,-1.3845926523208618,-0.012577251596607697
UBFC_PHYS_s17_T3_ctrl,86,106,89.53333333333333,-1.5485868453979492,0.04150136625035173
UBFC_PHYS_s17_T3_ctrl,86,107,89.56666666666666,-1.6076645851135254,0.08391658273697411
UBFC_PHYS_s17_T3_ctrl,86,108,89.6,-1.5236892700195312,0.11592616582041604
UBFC_PHYS_s17_T3_ctrl,86,109,89.63333333333334,-1.1699721813201904,0.1407678138261338
UBFC_PHYS_s17_T3_ctrl,86,110,89.66666666666667,-0.49649569392204285,0.16194425613165048
UBFC_PHYS_s17_T3_ctrl,86,111,89.7,0.3153632879257202,0.18182088884775743
UBFC_PHYS_s17_T3_ctrl,86,112,89.73333333333333,0.8031083941459656,0.2011693378053698
UBFC_PHYS_s17_T3_ctrl,86,113,89.76666666666667,0.5118051171302795,0.2195866934626246
UBFC_PHYS_s17_T3_ctrl,86,114,89.8,-0.46506640315055847,0.23633862842553732
UBFC_PHYS_s17_T3_ctrl,86,115,89.83333333333333,-1.5130020380020142,0.2512019065469201
UBFC_PHYS_s17_T3_ctrl,86,116,89.86666666666666,-2.116210460662842,0.265048978001031
UBFC_PHYS_s17_T3_ctrl,86,117,89.9,-2.2071621417999268,0.27997620390821926
UBFC_PHYS_s17_T3_ctrl,86,118,89.93333333333334,-2.0159175395965576,0.29870904314036834
UBFC_PHYS_s17_T3_ctrl,86,119,89.96666666666667,-1.759438157081604,0.32313015720065463
UBFC_PHYS_s17_T3_ctrl,86,120,90.0,-1.492049217224121,0.3522639950133996
UBFC_PHYS_s17_T3_ctrl,86,121,90.03333333333333,-1.149721622467041,0.38059468680879976
UBFC_PHYS_s17_T3_ctrl,86,122,90.06666666666666,-0.7033554315567017,0.39776384329726294
UBFC_PHYS_s17_T3_ctrl,86,123,90.1,-0.24614998698234558,0.39040991505284434
UBFC_PHYS_s17_T3_ctrl,86,124,90.13333333333334,0.08055076748132706,0.34618613811690424
UBFC_PHYS_s17_T3_ctrl,86,125,90.16666666666667,0.2558758854866028,0.2586898766932922
UBFC_PHYS_s17_T3_ctrl,86,126,90.2,0.37425369024276733,0.13068468354843601
UBFC_PHYS_s17_T3_ctrl,86,127,90.23333333333333,0.4761384427547455,-0.026667709218375784
UBFC_PHYS_s17_T3_ctrl,86,128,90.26666666666667,0.5431876182556152,-0.19819232852467744
UBFC_PHYS_s17_T3_ctrl,86,129,90.3,0.60862135887146,-0.3697294676849087
UBFC_PHYS_s17_T3_ctrl,86,130,90.33333333333333,0.6957688927650452,-0.5307763620169825
UBFC_PHYS_s17_T3_ctrl,86,131,90.36666666666666,0.7817458510398865,-0.6738336556725943
UBFC_PHYS_s17_T3_ctrl,86,132,90.4,0.8711876273155212,-0.7919314366785258
UBFC_PHYS_s17_T3_ctrl,86,133,90.43333333333334,0.933168351650238,-0.8768650179134583
UBFC_PHYS_s17_T3_ctrl,86,134,90.46666666666667,0.8352751731872559,-0.9198525537744895
UBFC_PHYS_s17_T3_ctrl,86,135,90.5,0.5489233136177063,-0.9144364926798654
UBFC_PHYS_s17_T3_ctrl,86,136,90.53333333333333,0.2644091844558716,-0.8598228706135346
UBFC_PHYS_s17_T3_ctrl,86,137,90.56666666666666,0.09301713109016418,-0.7623742852701073
UBFC_PHYS_s17_T3_ctrl,86,138,90.6,-0.025477731600403786,-0.6338895209441663
UBFC_PHYS_s17_T3_ctrl,86,139,90.63333333333334,-0.09509038925170898,-0.48723614775011453
UBFC_PHYS_s17_T3_ctrl,86,140,90.66666666666667,-0.1449207365512848,-0.33178465271080604
UBFC_PHYS_s17_T3_ctrl,86,141,90.7,-0.33253663778305054,-0.17135860237981146
UBFC_PHYS_s17_T3_ctrl,86,142,90.73333333333333,-0.6201176047325134,-0.005569675645662266
UBFC_PHYS_s17_T3_ctrl,86,143,90.76666666666667,-0.7154706716537476,0.1667977671421705
UBFC_PHYS_s17_T3_ctrl,86,144,90.8,-0.5352292060852051,0.3443874753254267
UBFC_PHYS_s17_T3_ctrl,86,145,90.83333333333333,-0.24511989951133728,0.5212698126514576
UBFC_PHYS_s17_T3_ctrl,86,146,90.86666666666666,0.024247270077466965,0.6868707452507008
UBFC_PHYS_s17_T3_ctrl,86,147,90.9,0.12057190388441086,0.8276897908457884
UBFC_PHYS_s17_T3_ctrl,86,148,90.93333333333334,-0.06569785624742508,0.930220402459844
UBFC_PHYS_s17_T3_ctrl,86,149,90.96666666666667,-0.3436685800552368,0.9842344432453228
UBFC_PHYS_s17_T3_ctrl,86,150,91.0,-0.3837716579437256,0.9855051222239817
UBFC_PHYS_s17_T3_ctrl,86,151,91.03333333333333,-0.13765162229537964,0.9371394966341083
UBFC_PHYS_s17_T3_ctrl,86,152,91.06666666666666,0.10859716683626175,0.8490049954222723
UBFC_PHYS_s17_T3_ctrl,86,153,91.1,0.12352169305086136,0.7352444516350265
UBFC_PHYS_s17_T3_ctrl,86,154,91.13333333333334,-0.06559251248836517,0.6104981762760745
UBFC_PHYS_s17_T3_ctrl,86,155,91.16666666666667,-0.2791244089603424,0.48604451491141565
UBFC_PHYS_s17_T3_ctrl,86,156,91.2,-0.4045957624912262,0.3673532725608172
UBFC_PHYS_s17_T3_ctrl,86,157,91.23333333333333,-0.4454596936702728,0.2541129624740781
UBFC_PHYS_s17_T3_ctrl,86,158,91.26666666666667,-0.4351354241371155,0.14261800068741728
UBFC_PHYS_s17_T3_ctrl,86,159,91.3,-0.41442838311195374,0.029229992834667276
UBFC_PHYS_s17_T3_ctrl,86,160,91.33333333333333,-0.4321154057979584,-0.08675056723521926
UBFC_PHYS_s17_T3_ctrl,86,161,91.36666666666666,-0.49919965863227844,-0.20195913206554805
UBFC_PHYS_s17_T3_ctrl,86,162,91.4,-0.5616017580032349,-0.30978788570175975
UBFC_PHYS_s17_T3_ctrl,86,163,91.43333333333334,-0.537886381149292,-0.40254591043782034
UBFC_PHYS_s17_T3_ctrl,86,164,91.46666666666667,-0.38844215869903564,-0.4740582770454604
UBFC_PHYS_s17_T3_ctrl,86,165,91.5,-0.15252932906150818,-0.5218439176731923
UBFC_PHYS_s17_T3_ctrl,86,166,91.53333333333333,0.0868600383400917,-0.5481144709073185
UBFC_PHYS_s17_T3_ctrl,86,167,91.56666666666666,0.2751431465148926,-0.5590895899735824
UBFC_PHYS_s17_T3_ctrl,86,168,91.6,0.4029790163040161,-0.5626960276394344
UBFC_PHYS_s17_T3_ctrl,86,169,91.63333333333334,0.47604480385780334,-0.5655108356299648
UBFC_PHYS_s17_T3_ctrl,86,170,91.66666666666667,0.5111144781112671,-0.5704105189963732
UBFC_PHYS_s17_T3_ctrl,86,171,91.7,0.5304520130157471,-0.5761641198348784
UBFC_PHYS_s17_T3_ctrl,86,172,91.73333333333333,0.5247865319252014,-0.5790276842050048
UBFC_PHYS_s17_T3_ctrl,86,173,91.76666666666667,0.44740140438079834,-0.5751808657662674
UBFC_PHYS_s17_T3_ctrl,86,174,91.8,0.2892014682292938,-0.562556462249513
UBFC_PHYS_s17_T3_ctrl,86,175,91.83333333333333,0.12822730839252472,-0.5412281580872607
UBFC_PHYS_s17_T3_ctrl,86,176,91.86666666666666,0.02586263045668602,-0.5124158876569331
UBFC_PHYS_s17_T3_ctrl,86,177,91.9,-0.05806586891412735,-0.4767172109679545
UBFC_PHYS_s17_T3_ctrl,86,178,91.93333333333334,-0.16978324949741364,-0.4321596852341391
UBFC_PHYS_s17_T3_ctrl,86,179,91.96666666666667,-0.2562752366065979,-0.37251130028547175
UBFC_PHYS_s17_T3_ctrl,86,180,92.0,-0.26525336503982544,-0.2864686507202734
UBFC_PHYS_s17_T3_ctrl,86,181,92.03333333333333,-0.2606882154941559,-0.15883195979905404
UBFC_PHYS_s17_T3_ctrl,86,182,92.06666666666666,-0.2972562313079834,0.02506036390804511
UBFC_PHYS_s17_T3_ctrl,86,183,92.1,-0.28895702958106995,0.2715508956401064
UBFC_PHYS_s17_T3_ctrl,86,184,92.13333333333334,-0.12083080410957336,0.5700549648774796
UBFC_PHYS_s17_T3_ctrl,86,185,92.16666666666667,0.21127788722515106,0.8883031971188786
UBFC_PHYS_s17_T3_ctrl,86,186,92.2,0.6258285045623779,1.1757423233030833
UBFC_PHYS_s17_T3_ctrl,86,187,92.23333333333333,1.0400981903076172,1.3760920316429783
UBFC_PHYS_s17_T3_ctrl,86,188,92.26666666666667,1.3769124746322632,1.4452363386827771
UBFC_PHYS_s17_T3_ctrl,86,189,92.3,1.5634397268295288,1.3670781295476264
UBFC_PHYS_s17_T3_ctrl,86,190,92.33333333333333,1.5871434211730957,1.160084556141756
UBFC_PHYS_s17_T3_ctrl,86,191,92.36666666666666,1.5295288562774658,0.8712908413316349
UBFC_PHYS_s17_T3_ctrl,86,192,92.4,1.516137719154358,0.560516649243159
UBFC_PHYS_s17_T3_ctrl,86,193,92.43333333333334,1.5887587070465088,0.2817750568209249
UBFC_PHYS_s17_T3_ctrl,86,194,92.46666666666667,1.687705397605896,0.0688426919808262
UBFC_PHYS_s17_T3_ctrl,86,195,92.5,1.7813377380371094,-0.07104836385523039
UBFC_PHYS_s17_T3_ctrl,86,196,92.53333333333333,1.8862543106079102,-0.15482794129746652
UBFC_PHYS_s17_T3_ctrl,86,197,92.56666666666666,1.9403454065322876,-0.2144656989922399
UBFC_PHYS_s17_T3_ctrl,86,198,92.6,1.8263922929763794,-0.2845053359652142
UBFC_PHYS_s17_T3_ctrl,86,199,92.63333333333334,1.5034841299057007,-0.39008725972409386
UBFC_PHYS_s17_T3_ctrl,86,200,92.66666666666667,1.0134564638137817,-0.5388245222542548
UBFC_PHYS_s17_T3_ctrl,86,201,92.7,0.41217952966690063,-0.7185320162991374
UBFC_PHYS_s17_T3_ctrl,86,202,92.73333333333333,-0.2650777995586395,-0.9008112999076054
UBFC_PHYS_s17_T3_ctrl,86,203,92.76666666666667,-0.9886069893836975,-1.0487153720739673
UBFC_PHYS_s17_T3_ctrl,86,204,92.8,-1.6723374128341675,-1.1259349655289639
UBFC_PHYS_s17_T3_ctrl,86,205,92.83333333333333,-2.1602582931518555,-1.1052140651147178
UBFC_PHYS_s17_T3_ctrl,86,206,92.86666666666666,-2.353024482727051,-0.9745459554519679
UBFC_PHYS_s17_T3_ctrl,86,207,92.9,-2.300326347351074,-0.7404800885777442
UBFC_PHYS_s17_T3_ctrl,86,208,92.93333333333334,-2.1310179233551025,-0.4282149379375942
UBFC_PHYS_s17_T3_ctrl,86,209,92.96666666666667,-1.9484119415283203,-0.07826238832900599
UBFC_PHYS_s17_T3_ctrl,86,210,93.0,-1.8059909343719482,0.26021868794299396
UBFC_PHYS_s17_T3_ctrl,86,211,93.03333333333333,-1.702760100364685,0.53857173213945
UBFC_PHYS_s17_T3_ctrl,86,212,93.06666666666666,-1.5842885971069336,0.7184181228669995
UBFC_PHYS_s17_T3_ctrl,86,213,93.1,-1.4098414182662964,0.7795713256109236
UBFC_PHYS_s17_T3_ctrl,86,214,93.13333333333334,-1.1927745342254639,0.7238929004692406
UBFC_PHYS_s17_T3_ctrl,86,215,93.16666666666667,-0.9826840162277222,0.5740133601982297
UBFC_PHYS_s17_T3_ctrl,86,216,93.2,-0.8233603239059448,0.3673325223720008
UBFC_PHYS_s17_T3_ctrl,86,217,93.23333333333333,-0.7243434190750122,0.14712966072674552
UBFC_PHYS_s17_T3_ctrl,86,218,93.26666666666667,-0.6671152114868164,-0.04653603742676386
UBFC_PHYS_s17_T3_ctrl,86,219,93.3,-0.6307461857795715,-0.18371857927983543
UBFC_PHYS_s17_T3_ctrl,86,220,93.33333333333333,-0.6055325269699097,-0.24820636104947583
UBFC_PHYS_s17_T3_ctrl,86,221,93.36666666666666,-0.5944473743438721,-0.2381773118704826
UBFC_PHYS_s17_T3_ctrl,86,222,93.4,-0.6156109571456909,-0.16464178202747548
UBFC_PHYS_s17_T3_ctrl,86,223,93.43333333333334,-0.666845977306366,-0.04821423283448585
UBFC_PHYS_s17_T3_ctrl,86,224,93.46666666666667,-0.6690583229064941,0.08536202943241128
UBFC_PHYS_s17_T3_ctrl,86,225,93.5,-0.5186191201210022,0.21018742480531105
UBFC_PHYS_s17_T3_ctrl,86,226,93.53333333333333,-0.22327741980552673,0.3044419778329207
UBFC_PHYS_s17_T3_ctrl,86,227,93.56666666666666,0.08455405384302139,0.3528484909507525
UBFC_PHYS_s17_T3_ctrl,86,228,93.6,0.32502031326293945,0.3474824489967136
UBFC_PHYS_s17_T3_ctrl,86,229,93.63333333333334,0.4927368462085724,0.28796864638820613
UBFC_PHYS_s17_T3_ctrl,86,230,93.66666666666667,0.5670668482780457,0.18172405733197058
UBFC_PHYS_s17_T3_ctrl,86,231,93.7,0.5420053601264954,0.04383534055653605
UBFC_PHYS_s17_T3_ctrl,86,232,93.73333333333333,0.4882887601852417,-0.10439320313188057
UBFC_PHYS_s17_T3_ctrl,86,233,93.76666666666667,0.46225571632385254,-0.23873279095810657
UBFC_PHYS_s17_T3_ctrl,86,234,93.8,0.4326173663139343,-0.3365694131163588
UBFC_PHYS_s17_T3_ctrl,86,235,93.83333333333333,0.36526384949684143,-0.3813010851937021
UBFC_PHYS_s17_T3_ctrl,86,236,93.86666666666666,0.2732585668563843,-0.3653855914935018
UBFC_PHYS_s17_T3_ctrl,86,237,93.9,0.17921650409698486,-0.291541442225622
UBFC_PHYS_s17_T3_ctrl,86,238,93.93333333333334,0.0836644321680069,-0.17212222882679018
UBFC_PHYS_s17_T3_ctrl,86,239,93.96666666666667,-0.03795580193400383,-0.026920645144860565
UBFC_PHYS_s17_T3_ctrl,87,0,87.0,0.7541793584823608,0.03949454642085561
UBFC_PHYS_s17_T3_ctrl,87,1,87.03333333333333,0.7604418396949768,0.3025940130533398
UBFC_PHYS_s17_T3_ctrl,87,2,87.06666666666666,0.8417717218399048,0.5363152679408655
UBFC_PHYS_s17_T3_ctrl,87,3,87.1,0.9724988341331482,0.7169511696521578
UBFC_PHYS_s17_T3_ctrl,87,4,87.13333333333334,1.0630409717559814,0.8327143124018196
UBFC_PHYS_s17_T3_ctrl,87,5,87.16666666666667,1.0829870700836182,0.8854938946666822
UBFC_PHYS_s17_T3_ctrl,87,6,87.2,1.0955822467803955,0.8886807941848801
UBFC_PHYS_s17_T3_ctrl,87,7,87.23333333333333,1.1414912939071655,0.8621297669677722
UBFC_PHYS_s17_T3_ctrl,87,8,87.26666666666667,1.1683553457260132,0.8258970750444431
UBFC_PHYS_s17_T3_ctrl,87,9,87.3,1.1462905406951904,0.7942694298511066
UBFC_PHYS_s17_T3_ctrl,87,10,87.33333333333333,1.1179865598678589,0.7716590573803448
UBFC_PHYS_s17_T3_ctrl,87,11,87.36666666666666,1.1152241230010986,0.7517922520527173
UBFC_PHYS_s17_T3_ctrl,87,12,87.4,1.1684138774871826,0.7206464153974498
UBFC_PHYS_s17_T3_ctrl,87,13,87.43333333333334,1.2331688404083252,0.662125780101767
UBFC_PHYS_s17_T3_ctrl,87,14,87.46666666666667,1.092140793800354,0.5643092745042497
UBFC_PHYS_s17_T3_ctrl,87,15,87.5,0.6839463114738464,0.42384553913945794
UBFC_PHYS_s17_T3_ctrl,87,16,87.53333333333333,0.3809141218662262,0.2468852340597624
UBFC_PHYS_s17_T3_ctrl,87,17,87.56666666666666,0.4350755214691162,0.04650191802947944
UBFC_PHYS_s17_T3_ctrl,87,18,87.6,0.5768760442733765,-0.1618656284919307
UBFC_PHYS_s17_T3_ctrl,87,19,87.63333333333334,0.5082349181175232,-0.3647074143896794
UBFC_PHYS_s17_T3_ctrl,87,20,87.66666666666667,0.293333500623703,-0.5528006936476528
UBFC_PHYS_s17_T3_ctrl,87,21,87.7,0.06737036257982254,-0.7212412513067692
UBFC_PHYS_s17_T3_ctrl,87,22,87.73333333333333,-0.2570126950740814,-0.8678383698590976
UBFC_PHYS_s17_T3_ctrl,87,23,87.76666666666667,-0.8783879280090332,-0.9909404106044557
UBFC_PHYS_s17_T3_ctrl,87,24,87.8,-1.831942081451416,-1.0874772560947639
UBFC_PHYS_s17_T3_ctrl,87,25,87.83333333333333,-2.8121964931488037,-1.1516149448901607
UBFC_PHYS_s17_T3_ctrl,87,26,87.86666666666666,-3.311378002166748,-1.1743519297506633
UBFC_PHYS_s17_T3_ctrl,87,27,87.9,-3.1049513816833496,-1.1444353058247294
UBFC_PHYS_s17_T3_ctrl,87,28,87.93333333333334,-2.541717290878296,-1.0507632499533437
UBFC_PHYS_s17_T3_ctrl,87,29,87.96666666666667,-2.1500391960144043,-0.8859826405709422
UBFC_PHYS_s17_T3_ctrl,87,30,88.0,-2.0607614517211914,-0.6504921768140401
UBFC_PHYS_s17_T3_ctrl,87,31,88.03333333333333,-1.9695520401000977,-0.35563516137084433
UBFC_PHYS_s17_T3_ctrl,87,32,88.06666666666666,-1.6022098064422607,-0.02467086876878522
UBFC_PHYS_s17_T3_ctrl,87,33,88.1,-1.018397569656372,0.3095489210864065
UBFC_PHYS_s17_T3_ctrl,87,34,88.13333333333334,-0.4495683014392853,0.6102453961780134
UBFC_PHYS_s17_T3_ctrl,87,35,88.16666666666667,-0.04372661933302879,0.8443170745544549
UBFC_PHYS_s17_T3_ctrl,87,36,88.2,0.17953254282474518,0.9893110031937513
UBFC_PHYS_s17_T3_ctrl,87,37,88.23333333333333,0.27191242575645447,1.0372773800495771
UBFC_PHYS_s17_T3_ctrl,87,38,88.26666666666667,0.31865251064300537,0.9945993637754134
UBFC_PHYS_s17_T3_ctrl,87,39,88.3,0.3671601414680481,0.8786687116674137
UBFC_PHYS_s17_T3_ctrl,87,40,88.33333333333333,0.4048284888267517,0.7129967035083108
UBFC_PHYS_s17_T3_ctrl,87,41,88.36666666666666,0.432020366191864,0.5222586346151283
UBFC_PHYS_s17_T3_ctrl,87,42,88.4,0.474967896938324,0.32852196490607477
UBFC_PHYS_s17_T3_ctrl,87,43,88.43333333333334,0.5323716998100281,0.1493253328504781
UBFC_PHYS_s17_T3_ctrl,87,44,88.46666666666667,0.5703326463699341,-0.0027505513766941034
UBFC_PHYS_s17_T3_ctrl,87,45,88.5,0.5692908763885498,-0.11998393509238064
UBFC_PHYS_s17_T3_ctrl,87,46,88.53333333333333,0.5584867000579834,-0.19940211290679533
UBFC_PHYS_s17_T3_ctrl,87,47,88.56666666666666,0.5843441486358643,-0.24241171656251514
UBFC_PHYS_s17_T3_ctrl,87,48,88.6,0.6319036483764648,-0.25379427793234244
UBFC_PHYS_s17_T3_ctrl,87,49,88.63333333333334,0.6354153156280518,-0.24017170852070463
UBFC_PHYS_s17_T3_ctrl,87,50,88.66666666666667,0.6059876680374146,-0.20852738860416617
UBFC_PHYS_s17_T3_ctrl,87,51,88.7,0.6513581871986389,-0.16533903010413858
UBFC_PHYS_s17_T3_ctrl,87,52,88.73333333333333,0.8000532984733582,-0.11630667631989984
UBFC_PHYS_s17_T3_ctrl,87,53,88.76666666666667,0.9361063838005066,-0.06617864863219929
UBFC_PHYS_s17_T3_ctrl,87,54,88.8,0.9756944179534912,-0.01834443808342383
UBFC_PHYS_s17_T3_ctrl,87,55,88.83333333333333,0.9552214741706848,0.025565515805767755
UBFC_PHYS_s17_T3_ctrl,87,56,88.86666666666666,0.9157388210296631,0.06546888341451328
UBFC_PHYS_s17_T3_ctrl,87,57,88.9,0.8648315668106079,0.10164823165611536
UBFC_PHYS_s17_T3_ctrl,87,58,88.93333333333334,0.8194376230239868,0.13300843677606364
UBFC_PHYS_s17_T3_ctrl,87,59,88.96666666666667,0.8041619062423706,0.15585912295978263
UBFC_PHYS_s17_T3_ctrl,87,60,89.0,0.830382227897644,0.1642473493087682
UBFC_PHYS_s17_T3_ctrl,87,61,89.03333333333333,0.8797560930252075,0.15202462329135524
UBFC_PHYS_s17_T3_ctrl,87,62,89.06666666666666,0.8972440958023071,0.11571247971573949
UBFC_PHYS_s17_T3_ctrl,87,63,89.1,0.8550691604614258,0.05665904415394734
UBFC_PHYS_s17_T3_ctrl,87,64,89.13333333333334,0.7945634126663208,-0.018581848946800636
UBFC_PHYS_s17_T3_ctrl,87,65,89.16666666666667,0.7627829313278198,-0.0997234081418604
UBFC_PHYS_s17_T3_ctrl,87,66,89.2,0.750211238861084,-0.17534315820884352
UBFC_PHYS_s17_T3_ctrl,87,67,89.23333333333333,0.7137836813926697,-0.23558573016965992
UBFC_PHYS_s17_T3_ctrl,87,68,89.26666666666667,0.6279940009117126,-0.2741218033152466
UBFC_PHYS_s17_T3_ctrl,87,69,89.3,0.5333666801452637,-0.2889300744695879
UBFC_PHYS_s17_T3_ctrl,87,70,89.33333333333333,0.4958973228931427,-0.28190177423658297
UBFC_PHYS_s17_T3_ctrl,87,71,89.36666666666666,0.44206368923187256,-0.2575994765212202
UBFC_PHYS_s17_T3_ctrl,87,72,89.4,0.15832217037677765,-0.22168696753727501
UBFC_PHYS_s17_T3_ctrl,87,73,89.43333333333334,-0.40841174125671387,-0.17953763179950252
UBFC_PHYS_s17_T3_ctrl,87,74,89.46666666666667,-1.006809115409851,-0.13533292078696216
UBFC_PHYS_s17_T3_ctrl,87,75,89.5,-1.3845926523208618,-0.09169121687566766
UBFC_PHYS_s17_T3_ctrl,87,76,89.53333333333333,-1.5485868453979492,-0.049672887661480765
UBFC_PHYS_s17_T3_ctrl,87,77,89.56666666666666,-1.6076645851135254,-0.009007738037677158
UBFC_PHYS_s17_T3_ctrl,87,78,89.6,-1.5236892700195312,0.031452794890232304
UBFC_PHYS_s17_T3_ctrl,87,79,89.63333333333334,-1.1699721813201904,0.07300170488172456
UBFC_PHYS_s17_T3_ctrl,87,80,89.66666666666667,-0.49649569392204285,0.11619416007293129
UBFC_PHYS_s17_T3_ctrl,87,81,89.7,0.3153632879257202,0.16013401196322025
UBFC_PHYS_s17_T3_ctrl,87,82,89.73333333333333,0.8031083941459656,0.20218230541823926
UBFC_PHYS_s17_T3_ctrl,87,83,89.76666666666667,0.5118051171302795,0.23820209817198992
UBFC_PHYS_s17_T3_ctrl,87,84,89.8,-0.46506640315055847,0.2634348154609427
UBFC_PHYS_s17_T3_ctrl,87,85,89.83333333333333,-1.5130020380020142,0.27402786557938486
UBFC_PHYS_s17_T3_ctrl,87,86,89.86666666666666,-2.116210460662842,0.2688975436271722
UBFC_PHYS_s17_T3_ctrl,87,87,89.9,-2.2071621417999268,0.2511484180246314
UBFC_PHYS_s17_T3_ctrl,87,88,89.93333333333334,-2.0159175395965576,0.22804095544896813
UBFC_PHYS_s17_T3_ctrl,87,89,89.96666666666667,-1.759438157081604,0.20887257976021723
UBFC_PHYS_s17_T3_ctrl,87,90,90.0,-1.492049217224121,0.20114918856067257
UBFC_PHYS_s17_T3_ctrl,87,91,90.03333333333333,-1.149721622467041,0.20654343272450842
UBFC_PHYS_s17_T3_ctrl,87,92,90.06666666666666,-0.7033554315567017,0.21865462867502597
UBFC_PHYS_s17_T3_ctrl,87,93,90.1,-0.24614998698234558,0.2240918301902273
UBFC_PHYS_s17_T3_ctrl,87,94,90.13333333333334,0.08055076748132706,0.20694764142852992
UBFC_PHYS_s17_T3_ctrl,87,95,90.16666666666667,0.2558758854866028,0.15486369951393641
UBFC_PHYS_s17_T3_ctrl,87,96,90.2,0.37425369024276733,0.06364163181060249
UBFC_PHYS_s17_T3_ctrl,87,97,90.23333333333333,0.4761384427547455,-0.06198423852890411
UBFC_PHYS_s17_T3_ctrl,87,98,90.26666666666667,0.5431876182556152,-0.21116953026941562
UBFC_PHYS_s17_T3_ctrl,87,99,90.3,0.60862135887146,-0.37077462626051155
UBFC_PHYS_s17_T3_ctrl,87,100,90.33333333333333,0.6957688927650452,-0.5275611203147546
UBFC_PHYS_s17_T3_ctrl,87,101,90.36666666666666,0.7817458510398865,-0.6680662509818062
UBFC_PHYS_s17_T3_ctrl,87,102,90.4,0.8711876273155212,-0.7775142755775358
UBFC_PHYS_s17_T3_ctrl,87,103,90.43333333333334,0.933168351650238,-0.8399587069786885
UBFC_PHYS_s17_T3_ctrl,87,104,90.46666666666667,0.8352751731872559,-0.8410045437930679
UBFC_PHYS_s17_T3_ctrl,87,105,90.5,0.5489233136177063,-0.7726081977777581
UBFC_PHYS_s17_T3_ctrl,87,106,90.53333333333333,0.2644091844558716,-0.6377791855876108
UBFC_PHYS_s17_T3_ctrl,87,107,90.56666666666666,0.09301713109016418,-0.45243157743397133
UBFC_PHYS_s17_T3_ctrl,87,108,90.6,-0.025477731600403786,-0.24257466295038804
UBFC_PHYS_s17_T3_ctrl,87,109,90.63333333333334,-0.09509038925170898,-0.03731771566893005
UBFC_PHYS_s17_T3_ctrl,87,110,90.66666666666667,-0.1449207365512848,0.13930354420764493
UBFC_PHYS_s17_T3_ctrl,87,111,90.7,-0.33253663778305054,0.27389741142094326
UBFC_PHYS_s17_T3_ctrl,87,112,90.73333333333333,-0.6201176047325134,0.3647739422984242
UBFC_PHYS_s17_T3_ctrl,87,113,90.76666666666667,-0.7154706716537476,0.4192329040805266
UBFC_PHYS_s17_T3_ctrl,87,114,90.8,-0.5352292060852051,0.4490728843477873
UBFC_PHYS_s17_T3_ctrl,87,115,90.83333333333333,-0.24511989951133728,0.4661606214235951
UBFC_PHYS_s17_T3_ctrl,87,116,90.86666666666666,0.024247270077466965,0.47930896204190065
UBFC_PHYS_s17_T3_ctrl,87,117,90.9,0.12057190388441086,0.49301301773844675
UBFC_PHYS_s17_T3_ctrl,87,118,90.93333333333334,-0.06569785624742508,0.5078317541111823
UBFC_PHYS_s17_T3_ctrl,87,119,90.96666666666667,-0.3436685800552368,0.5216490363366221
UBFC_PHYS_s17_T3_ctrl,87,120,91.0,-0.3837716579437256,0.5309636213322548
UBFC_PHYS_s17_T3_ctrl,87,121,91.03333333333333,-0.13765162229537964,0.5317322020835571
UBFC_PHYS_s17_T3_ctrl,87,122,91.06666666666666,0.10859716683626175,0.5198451336378822
UBFC_PHYS_s17_T3_ctrl,87,123,91.1,0.12352169305086136,0.4915958031358641
UBFC_PHYS_s17_T3_ctrl,87,124,91.13333333333334,-0.06559251248836517,0.44430786840668196
UBFC_PHYS_s17_T3_ctrl,87,125,91.16666666666667,-0.2791244089603424,0.3769803443710697
UBFC_PHYS_s17_T3_ctrl,87,126,91.2,-0.4045957624912262,0.29078960055840697
UBFC_PHYS_s17_T3_ctrl,87,127,91.23333333333333,-0.4454596936702728,0.189407369374874
UBFC_PHYS_s17_T3_ctrl,87,128,91.26666666666667,-0.4351354241371155,0.07907158302488276
UBFC_PHYS_s17_T3_ctrl,87,129,91.3,-0.41442838311195374,-0.03179040358831377
UBFC_PHYS_s17_T3_ctrl,87,130,91.33333333333333,-0.4321154057979584,-0.13363005843524847
UBFC_PHYS_s17_T3_ctrl,87,131,91.36666666666666,-0.49919965863227844,-0.21755428418355233
UBFC_PHYS_s17_T3_ctrl,87,132,91.4,-0.5616017580032349,-0.27738164515489133
UBFC_PHYS_s17_T3_ctrl,87,133,91.43333333333334,-0.537886381149292,-0.3112685358325229
UBFC_PHYS_s17_T3_ctrl,87,134,91.46666666666667,-0.38844215869903564,-0.32235321560559604
UBFC_PHYS_s17_T3_ctrl,87,135,91.5,-0.15252932906150818,-0.31822331511437796
UBFC_PHYS_s17_T3_ctrl,87,136,91.53333333333333,0.0868600383400917,-0.30925466899618176
UBFC_PHYS_s17_T3_ctrl,87,137,91.56666666666666,0.2751431465148926,-0.3060562177174144
UBFC_PHYS_s17_T3_ctrl,87,138,91.6,0.4029790163040161,-0.31655604468318566
UBFC_PHYS_s17_T3_ctrl,87,139,91.63333333333334,0.47604480385780334,-0.3436365063048241
UBFC_PHYS_s17_T3_ctrl,87,140,91.66666666666667,0.5111144781112671,-0.3843805358823029
UBFC_PHYS_s17_T3_ctrl,87,141,91.7,0.5304520130157471,-0.4314722308199572
UBFC_PHYS_s17_T3_ctrl,87,142,91.73333333333333,0.5247865319252014,-0.4761163442267514
UBFC_PHYS_s17_T3_ctrl,87,143,91.76666666666667,0.44740140438079834,-0.5109421308025676
UBFC_PHYS_s17_T3_ctrl,87,144,91.8,0.2892014682292938,-0.53154379007472
UBFC_PHYS_s17_T3_ctrl,87,145,91.83333333333333,0.12822730839252472,-0.5362378778783796
UBFC_PHYS_s17_T3_ctrl,87,146,91.86666666666666,0.02586263045668602,-0.524489697248821
UBFC_PHYS_s17_T3_ctrl,87,147,91.9,-0.05806586891412735,-0.4948804240181373
UBFC_PHYS_s17_T3_ctrl,87,148,91.93333333333334,-0.16978324949741364,-0.44347817674951723
UBFC_PHYS_s17_T3_ctrl,87,149,91.96666666666667,-0.2562752366065979,-0.36332498068768526
UBFC_PHYS_s17_T3_ctrl,87,150,92.0,-0.26525336503982544,-0.24563411861354972
UBFC_PHYS_s17_T3_ctrl,87,151,92.03333333333333,-0.2606882154941559,-0.08298153391711852
UBFC_PHYS_s17_T3_ctrl,87,152,92.06666666666666,-0.2972562313079834,0.12596386207311047
UBFC_PHYS_s17_T3_ctrl,87,153,92.1,-0.28895702958106995,0.37161260852193895
UBFC_PHYS_s17_T3_ctrl,87,154,92.13333333333334,-0.12083080410957336,0.6307209225836677
UBFC_PHYS_s17_T3_ctrl,87,155,92.16666666666667,0.21127788722515106,0.867914328790541
UBFC_PHYS_s17_T3_ctrl,87,156,92.2,0.6258285045623779,1.042494012901745
UBFC_PHYS_s17_T3_ctrl,87,157,92.23333333333333,1.0400981903076172,1.1194165944156316
UBFC_PHYS_s17_T3_ctrl,87,158,92.26666666666667,1.3769124746322632,1.0809747079306469
UBFC_PHYS_s17_T3_ctrl,87,159,92.3,1.5634397268295288,0.9344995734139169
UBFC_PHYS_s17_T3_ctrl,87,160,92.33333333333333,1.5871434211730957,0.7123887199377764
UBFC_PHYS_s17_T3_ctrl,87,161,92.36666666666666,1.5295288562774658,0.4636870638158018
UBFC_PHYS_s17_T3_ctrl,87,162,92.4,1.516137719154358,0.23997946559899477
UBFC_PHYS_s17_T3_ctrl,87,163,92.43333333333334,1.5887587070465088,0.08060165799590657
UBFC_PHYS_s17_T3_ctrl,87,164,92.46666666666667,1.687705397605896,0.0020175109300942014
UBFC_PHYS_s17_T3_ctrl,87,165,92.5,1.7813377380371094,-0.005672145967076943
UBFC_PHYS_s17_T3_ctrl,87,166,92.53333333333333,1.8862543106079102,0.025576104901828635
UBFC_PHYS_s17_T3_ctrl,87,167,92.56666666666666,1.9403454065322876,0.0524122737404796
UBFC_PHYS_s17_T3_ctrl,87,168,92.6,1.8263922929763794,0.0339676963634548
UBFC_PHYS_s17_T3_ctrl,87,169,92.63333333333334,1.5034841299057007,-0.055257701124366544
UBFC_PHYS_s17_T3_ctrl,87,170,92.66666666666667,1.0134564638137817,-0.21764648757419625
UBFC_PHYS_s17_T3_ctrl,87,171,92.7,0.41217952966690063,-0.43231252174775303
UBFC_PHYS_s17_T3_ctrl,87,172,92.73333333333333,-0.2650777995586395,-0.6619455714862892
UBFC_PHYS_s17_T3_ctrl,87,173,92.76666666666667,-0.9886069893836975,-0.8633976091870025
UBFC_PHYS_s17_T3_ctrl,87,174,92.8,-1.6723374128341675,-0.9981270558137444
UBFC_PHYS_s17_T3_ctrl,87,175,92.83333333333333,-2.1602582931518555,-1.0398329321468327
UBFC_PHYS_s17_T3_ctrl,87,176,92.86666666666666,-2.353024482727051,-0.9784395283380884
UBFC_PHYS_s17_T3_ctrl,87,177,92.9,-2.300326347351074,-0.8208327024802065
UBFC_PHYS_s17_T3_ctrl,87,178,92.93333333333334,-2.1310179233551025,-0.5889443627789476
UBFC_PHYS_s17_T3_ctrl,87,179,92.96666666666667,-1.9484119415283203,-0.31559244395686936
UBFC_PHYS_s17_T3_ctrl,87,180,93.0,-1.8059909343719482,-0.03866497400373757
UBFC_PHYS_s17_T3_ctrl,87,181,93.03333333333333,-1.702760100364685,0.2053924314762224
UBFC_PHYS_s17_T3_ctrl,87,182,93.06666666666666,-1.5842885971069336,0.3877064428585168
UBFC_PHYS_s17_T3_ctrl,87,183,93.1,-1.4098414182662964,0.4916760237404013
UBFC_PHYS_s17_T3_ctrl,87,184,93.13333333333334,-1.1927745342254639,0.5152391998064226
UBFC_PHYS_s17_T3_ctrl,87,185,93.16666666666667,-0.9826840162277222,0.47007581533578474
UBFC_PHYS_s17_T3_ctrl,87,186,93.2,-0.8233603239059448,0.3780086599910433
UBFC_PHYS_s17_T3_ctrl,87,187,93.23333333333333,-0.7243434190750122,0.265790503233278
UBFC_PHYS_s17_T3_ctrl,87,188,93.26666666666667,-0.6671152114868164,0.1597942947500654
UBFC_PHYS_s17_T3_ctrl,87,189,93.3,-0.6307461857795715,0.08170489006462232
UBFC_PHYS_s17_T3_ctrl,87,190,93.33333333333333,-0.6055325269699097,0.04551329869066706
UBFC_PHYS_s17_T3_ctrl,87,191,93.36666666666666,-0.5944473743438721,0.055689026704949705
UBFC_PHYS_s17_T3_ctrl,87,192,93.4,-0.6156109571456909,0.10670083145900282
UBFC_PHYS_s17_T3_ctrl,87,193,93.43333333333334,-0.666845977306366,0.18441248917921838
UBFC_PHYS_s17_T3_ctrl,87,194,93.46666666666667,-0.6690583229064941,0.26954399671997015
UBFC_PHYS_s17_T3_ctrl,87,195,93.5,-0.5186191201210022,0.34246777832832676
UBFC_PHYS_s17_T3_ctrl,87,196,93.53333333333333,-0.22327741980552673,0.38778440929048347
UBFC_PHYS_s17_T3_ctrl,87,197,93.56666666666666,0.08455405384302139,0.3971141526529166
UBFC_PHYS_s17_T3_ctrl,87,198,93.6,0.32502031326293945,0.36951408433435223
UBFC_PHYS_s17_T3_ctrl,87,199,93.63333333333334,0.4927368462085724,0.31010020739434857
UBFC_PHYS_s17_T3_ctrl,87,200,93.66666666666667,0.5670668482780457,0.2279309646314277
UBFC_PHYS_s17_T3_ctrl,87,201,93.7,0.5420053601264954,0.1338791880969516
UBFC_PHYS_s17_T3_ctrl,87,202,93.73333333333333,0.4882887601852417,0.03859582211869228
UBFC_PHYS_s17_T3_ctrl,87,203,93.76666666666667,0.46225571632385254,-0.04950455418241794
UBFC_PHYS_s17_T3_ctrl,87,204,93.8,0.4326173663139343,-0.12579827235452853
UBFC_PHYS_s17_T3_ctrl,87,205,93.83333333333333,0.36526384949684143,-0.1897216246623224
UBFC_PHYS_s17_T3_ctrl,87,206,93.86666666666666,0.2732585668563843,-0.24340176290685728
UBFC_PHYS_s17_T3_ctrl,87,207,93.9,0.17921650409698486,-0.2892298977626866
UBFC_PHYS_s17_T3_ctrl,87,208,93.93333333333334,0.0836644321680069,-0.32754124414755303
UBFC_PHYS_s17_T3_ctrl,87,209,93.96666666666667,-0.03795580193400383,-0.3554809975219417
UBFC_PHYS_s17_T3_ctrl,87,210,94.0,-0.21486115455627441,-0.3675236639382376
UBFC_PHYS_s17_T3_ctrl,87,211,94.03333333333333,-0.44417208433151245,-0.35738146548039496
UBFC_PHYS_s17_T3_ctrl,87,212,94.06666666666666,-0.6436573266983032,-0.32056011836405235
UBFC_PHYS_s17_T3_ctrl,87,213,94.1,-0.6784695386886597,-0.25667158207975865
UBFC_PHYS_s17_T3_ctrl,87,214,94.13333333333334,-0.5134686827659607,-0.170707177165221
UBFC_PHYS_s17_T3_ctrl,87,215,94.16666666666667,-0.29445862770080566,-0.07275000055733172
UBFC_PHYS_s17_T3_ctrl,87,216,94.2,-0.16043053567409515,0.023964536610470197
UBFC_PHYS_s17_T3_ctrl,87,217,94.23333333333333,-0.09137974679470062,0.10617330685380132
UBFC_PHYS_s17_T3_ctrl,87,218,94.26666666666667,-0.04952084645628929,0.1638931789170461
UBFC_PHYS_s17_T3_ctrl,87,219,94.3,-0.07952206581830978,0.19274503737970505
UBFC_PHYS_s17_T3_ctrl,87,220,94.33333333333333,-0.16950231790542603,0.19453042179960123
UBFC_PHYS_s17_T3_ctrl,87,221,94.36666666666666,-0.21833769977092743,0.176003990419913
UBFC_PHYS_s17_T3_ctrl,87,222,94.4,-0.18971772491931915,0.1463899006939263
UBFC_PHYS_s17_T3_ctrl,87,223,94.43333333333334,-0.15570151805877686,0.11450552035574586
UBFC_PHYS_s17_T3_ctrl,87,224,94.46666666666667,-0.1585693657398224,0.08636946962687568
UBFC_PHYS_s17_T3_ctrl,87,225,94.5,-0.15077349543571472,0.06394272527359258
UBFC_PHYS_s17_T3_ctrl,87,226,94.53333333333333,-0.11173562705516815,0.045275759566388664
UBFC_PHYS_s17_T3_ctrl,87,227,94.56666666666666,-0.11659341305494308,0.025913844953096638
UBFC_PHYS_s17_T3_ctrl,87,228,94.6,-0.2637784779071808,0.0010503983703937605
UBFC_PHYS_s17_T3_ctrl,87,229,94.63333333333334,-0.6227864623069763,-0.032281775761741446
UBFC_PHYS_s17_T3_ctrl,87,230,94.66666666666667,-1.1304075717926025,-0.07367236941464606
UBFC_PHYS_s17_T3_ctrl,87,231,94.7,-1.4972113370895386,-0.11893239393687342
UBFC_PHYS_s17_T3_ctrl,87,232,94.73333333333333,-1.4329012632369995,-0.16098132592396125
UBFC_PHYS_s17_T3_ctrl,87,233,94.76666666666667,-0.9763278961181641,-0.19176096056768657
UBFC_PHYS_s17_T3_ctrl,87,234,94.8,-0.4165002405643463,-0.20452029849083028
UBFC_PHYS_s17_T3_ctrl,87,235,94.83333333333333,0.04722518473863602,-0.19564815914944958
UBFC_PHYS_s17_T3_ctrl,87,236,94.86666666666666,0.34151336550712585,-0.16542775018884542
UBFC_PHYS_s17_T3_ctrl,87,237,94.9,0.4462074637413025,-0.11755329522277388
UBFC_PHYS_s17_T3_ctrl,87,238,94.93333333333334,0.4308849275112152,-0.05777318955406884
UBFC_PHYS_s17_T3_ctrl,87,239,94.96666666666667,0.42078307271003723,0.007564226078437959
UBFC_PHYS_s17_T3_ctrl,88,0,88.0,-2.0607614517211914,-0.04629311131501082
UBFC_PHYS_s17_T3_ctrl,88,1,88.03333333333333,-1.9695520401000977,0.14033971600327727
UBFC_PHYS_s17_T3_ctrl,88,2,88.06666666666666,-1.6022098064422607,0.3062277934202366
UBFC_PHYS_s17_T3_ctrl,88,3,88.1,-1.018397569656372,0.4339314743197787
UBFC_PHYS_s17_T3_ctrl,88,4,88.13333333333334,-0.4495683014392853,0.5125256173239292
UBFC_PHYS_s17_T3_ctrl,88,5,88.16666666666667,-0.04372661933302879,0.5395625469061684
UBFC_PHYS_s17_T3_ctrl,88,6,88.2,0.17953254282474518,0.5210148238433939
UBFC_PHYS_s17_T3_ctrl,88,7,88.23333333333333,0.27191242575645447,0.4691054647173271
UBFC_PHYS_s17_T3_ctrl,88,8,88.26666666666667,0.31865251064300537,0.3986810671338957
UBFC_PHYS_s17_T3_ctrl,88,9,88.3,0.3671601414680481,0.3232323990596684
UBFC_PHYS_s17_T3_ctrl,88,10,88.33333333333333,0.4048284888267517,0.2518658911847745
UBFC_PHYS_s17_T3_ctrl,88,11,88.36666666666666,0.432020366191864,0.1882768115536268
UBFC_PHYS_s17_T3_ctrl,88,12,88.4,0.474967896938324,0.13196109948691964
UBFC_PHYS_s17_T3_ctrl,88,13,88.43333333333334,0.5323716998100281,0.08085612222727588
UBFC_PHYS_s17_T3_ctrl,88,14,88.46666666666667,0.5703326463699341,0.033897784800320956
UBFC_PHYS_s17_T3_ctrl,88,15,88.5,0.5692908763885498,-0.007847800021055291
UBFC_PHYS_s17_T3_ctrl,88,16,88.53333333333333,0.5584867000579834,-0.041777517150347956
UBFC_PHYS_s17_T3_ctrl,88,17,88.56666666666666,0.5843441486358643,-0.06528835648095303
UBFC_PHYS_s17_T3_ctrl,88,18,88.6,0.6319036483764648,-0.07717044468549704
UBFC_PHYS_s17_T3_ctrl,88,19,88.63333333333334,0.6354153156280518,-0.07818743416045527
UBFC_PHYS_s17_T3_ctrl,88,20,88.66666666666667,0.6059876680374146,-0.07079768706094716
UBFC_PHYS_s17_T3_ctrl,88,21,88.7,0.6513581871986389,-0.058348358337076134
UBFC_PHYS_s17_T3_ctrl,88,22,88.73333333333333,0.8000532984733582,-0.044079007928316934
UBFC_PHYS_s17_T3_ctrl,88,23,88.76666666666667,0.9361063838005066,-0.030181117602541215
UBFC_PHYS_s17_T3_ctrl,88,24,88.8,0.9756944179534912,-0.01723389265229139
UBFC_PHYS_s17_T3_ctrl,88,25,88.83333333333333,0.9552214741706848,-0.004405344433912403
UBFC_PHYS_s17_T3_ctrl,88,26,88.86666666666666,0.9157388210296631,0.009418239517699652
UBFC_PHYS_s17_T3_ctrl,88,27,88.9,0.8648315668106079,0.023965708624925405
UBFC_PHYS_s17_T3_ctrl,88,28,88.93333333333334,0.8194376230239868,0.036350534620637864
UBFC_PHYS_s17_T3_ctrl,88,29,88.96666666666667,0.8041619062423706,0.04128637537040802
UBFC_PHYS_s17_T3_ctrl,88,30,89.0,0.830382227897644,0.03298089429491304
UBFC_PHYS_s17_T3_ctrl,88,31,89.03333333333333,0.8797560930252075,0.007855808937725712
UBFC_PHYS_s17_T3_ctrl,88,32,89.06666666666666,0.8972440958023071,-0.03336768929640743
UBFC_PHYS_s17_T3_ctrl,88,33,89.1,0.8550691604614258,-0.08537409299805201
UBFC_PHYS_s17_T3_ctrl,88,34,89.13333333333334,0.7945634126663208,-0.1398486628129271
UBFC_PHYS_s17_T3_ctrl,88,35,89.16666666666667,0.7627829313278198,-0.18805567568031129
UBFC_PHYS_s17_T3_ctrl,88,36,89.2,0.750211238861084,-0.223234292638852
UBFC_PHYS_s17_T3_ctrl,88,37,89.23333333333333,0.7137836813926697,-0.24203215360475117
UBFC_PHYS_s17_T3_ctrl,88,38,89.26666666666667,0.6279940009117126,-0.24474413868455838
UBFC_PHYS_s17_T3_ctrl,88,39,89.3,0.5333666801452637,-0.23451939410501985
UBFC_PHYS_s17_T3_ctrl,88,40,89.33333333333333,0.4958973228931427,-0.2158777765786367
UBFC_PHYS_s17_T3_ctrl,88,41,89.36666666666666,0.44206368923187256,-0.19297996839797826
UBFC_PHYS_s17_T3_ctrl,88,42,89.4,0.15832217037677765,-0.16821516309140558
UBFC_PHYS_s17_T3_ctrl,88,43,89.43333333333334,-0.40841174125671387,-0.1416235200025961
UBFC_PHYS_s17_T3_ctrl,88,44,89.46666666666667,-1.006809115409851,-0.11131710396832606
UBFC_PHYS_s17_T3_ctrl,88,45,89.5,-1.3845926523208618,-0.07461909585715365
UBFC_PHYS_s17_T3_ctrl,88,46,89.53333333333333,-1.5485868453979492,-0.02940502089237307
UBFC_PHYS_s17_T3_ctrl,88,47,89.56666666666666,-1.6076645851135254,0.024826098666133372
UBFC_PHYS_s17_T3_ctrl,88,48,89.6,-1.5236892700195312,0.08640811048116849
UBFC_PHYS_s17_T3_ctrl,88,49,89.63333333333334,-1.1699721813201904,0.15154644882350823
UBFC_PHYS_s17_T3_ctrl,88,50,89.66666666666667,-0.49649569392204285,0.21490353007259436
UBFC_PHYS_s17_T3_ctrl,88,51,89.7,0.3153632879257202,0.27062296823673715
UBFC_PHYS_s17_T3_ctrl,88,52,89.73333333333333,0.8031083941459656,0.3135500795096766
UBFC_PHYS_s17_T3_ctrl,88,53,89.76666666666667,0.5118051171302795,0.3403391169646301
UBFC_PHYS_s17_T3_ctrl,88,54,89.8,-0.46506640315055847,0.35023148906503393
UBFC_PHYS_s17_T3_ctrl,88,55,89.83333333333333,-1.5130020380020142,0.3453635717337391
UBFC_PHYS_s17_T3_ctrl,88,56,89.86666666666666,-2.116210460662842,0.3303902346065728
UBFC_PHYS_s17_T3_ctrl,88,57,89.9,-2.2071621417999268,0.3112155670033689
UBFC_PHYS_s17_T3_ctrl,88,58,89.93333333333334,-2.0159175395965576,0.29294680397316203
UBFC_PHYS_s17_T3_ctrl,88,59,89.96666666666667,-1.759438157081604,0.27773575255393607
UBFC_PHYS_s17_T3_ctrl,88,60,90.0,-1.492049217224121,0.2635531936156114
UBFC_PHYS_s17_T3_ctrl,88,61,90.03333333333333,-1.149721622467041,0.244644946052317
UBFC_PHYS_s17_T3_ctrl,88,62,90.06666666666666,-0.7033554315567017,0.21343894859146315
UBFC_PHYS_s17_T3_ctrl,88,63,90.1,-0.24614998698234558,0.16294514240251295
UBFC_PHYS_s17_T3_ctrl,88,64,90.13333333333334,0.08055076748132706,0.08886827739647585
UBFC_PHYS_s17_T3_ctrl,88,65,90.16666666666667,0.2558758854866028,-0.008985505668760097
UBFC_PHYS_s17_T3_ctrl,88,66,90.2,0.37425369024276733,-0.12654510381571638
UBFC_PHYS_s17_T3_ctrl,88,67,90.23333333333333,0.4761384427547455,-0.25690023078096735
UBFC_PHYS_s17_T3_ctrl,88,68,90.26666666666667,0.5431876182556152,-0.392546855448073
UBFC_PHYS_s17_T3_ctrl,88,69,90.3,0.60862135887146,-0.5267535987551323
UBFC_PHYS_s17_T3_ctrl,88,70,90.33333333333333,0.6957688927650452,-0.6528555066174946
UBFC_PHYS_s17_T3_ctrl,88,71,90.36666666666666,0.7817458510398865,-0.7619129052775178
UBFC_PHYS_s17_T3_ctrl,88,72,90.4,0.8711876273155212,-0.840705066076455
UBFC_PHYS_s17_T3_ctrl,88,73,90.43333333333334,0.933168351650238,-0.8723207349541594
UBFC_PHYS_s17_T3_ctrl,88,74,90.46666666666667,0.8352751731872559,-0.8402913668031194
UBFC_PHYS_s17_T3_ctrl,88,75,90.5,0.5489233136177063,-0.7351046325468085
UBFC_PHYS_s17_T3_ctrl,88,76,90.53333333333333,0.2644091844558716,-0.5603004040893343
UBFC_PHYS_s17_T3_ctrl,88,77,90.56666666666666,0.09301713109016418,-0.3350129739123064
UBFC_PHYS_s17_T3_ctrl,88,78,90.6,-0.025477731600403786,-0.09101372175507383
UBFC_PHYS_s17_T3_ctrl,88,79,90.63333333333334,-0.09509038925170898,0.13531649444999733
UBFC_PHYS_s17_T3_ctrl,88,80,90.66666666666667,-0.1449207365512848,0.3131304058346653
UBFC_PHYS_s17_T3_ctrl,88,81,90.7,-0.33253663778305054,0.425344442122329
UBFC_PHYS_s17_T3_ctrl,88,82,90.73333333333333,-0.6201176047325134,0.4720935060861476
UBFC_PHYS_s17_T3_ctrl,88,83,90.76666666666667,-0.7154706716537476,0.4688112242181213
UBFC_PHYS_s17_T3_ctrl,88,84,90.8,-0.5352292060852051,0.44013891052733206
UBFC_PHYS_s17_T3_ctrl,88,85,90.83333333333333,-0.24511989951133728,0.41184251621720613
UBFC_PHYS_s17_T3_ctrl,88,86,90.86666666666666,0.024247270077466965,0.4032664486232127
UBFC_PHYS_s17_T3_ctrl,88,87,90.9,0.12057190388441086,0.42250608694869285
UBFC_PHYS_s17_T3_ctrl,88,88,90.93333333333334,-0.06569785624742508,0.4654345689517458
UBFC_PHYS_s17_T3_ctrl,88,89,90.96666666666667,-0.3436685800552368,0.518425754166027
UBFC_PHYS_s17_T3_ctrl,88,90,91.0,-0.3837716579437256,0.5635835757603083
UBFC_PHYS_s17_T3_ctrl,88,91,91.03333333333333,-0.13765162229537964,0.5846897242779923
UBFC_PHYS_s17_T3_ctrl,88,92,91.06666666666666,0.10859716683626175,0.5719466527480807
UBFC_PHYS_s17_T3_ctrl,88,93,91.1,0.12352169305086136,0.5240308731274232
UBFC_PHYS_s17_T3_ctrl,88,94,91.13333333333334,-0.06559251248836517,0.44698038122162326
UBFC_PHYS_s17_T3_ctrl,88,95,91.16666666666667,-0.2791244089603424,0.35070521149031847
UBFC_PHYS_s17_T3_ctrl,88,96,91.2,-0.4045957624912262,0.24490409420061993
UBFC_PHYS_s17_T3_ctrl,88,97,91.23333333333333,-0.4454596936702728,0.13633586102996995
UBFC_PHYS_s17_T3_ctrl,88,98,91.26666666666667,-0.4351354241371155,0.028530641789824562
UBFC_PHYS_s17_T3_ctrl,88,99,91.3,-0.41442838311195374,-0.07642138358747283
UBFC_PHYS_s17_T3_ctrl,88,100,91.33333333333333,-0.4321154057979584,-0.17557100511577334
UBFC_PHYS_s17_T3_ctrl,88,101,91.36666666666666,-0.49919965863227844,-0.26402734556782625
UBFC_PHYS_s17_T3_ctrl,88,102,91.4,-0.5616017580032349,-0.33578934383921455
UBFC_PHYS_s17_T3_ctrl,88,103,91.43333333333334,-0.537886381149292,-0.38589476290609004
UBFC_PHYS_s17_T3_ctrl,88,104,91.46666666666667,-0.38844215869903564,-0.41269940121778975
UBFC_PHYS_s17_T3_ctrl,88,105,91.5,-0.15252932906150818,-0.4192158245907455
UBFC_PHYS_s17_T3_ctrl,88,106,91.53333333333333,0.0868600383400917,-0.41284550584442875
UBFC_PHYS_s17_T3_ctrl,88,107,91.56666666666666,0.2751431465148926,-0.4033764974088255
UBFC_PHYS_s17_T3_ctrl,88,108,91.6,0.4029790163040161,-0.3997688843969593
UBFC_PHYS_s17_T3_ctrl,88,109,91.63333333333334,0.47604480385780334,-0.406903286978073
UBFC_PHYS_s17_T3_ctrl,88,110,91.66666666666667,0.5111144781112671,-0.42381021383797657
UBFC_PHYS_s17_T3_ctrl,88,111,91.7,0.5304520130157471,-0.44440594379046094
UBFC_PHYS_s17_T3_ctrl,88,112,91.73333333333333,0.5247865319252014,-0.4603914432467184
UBFC_PHYS_s17_T3_ctrl,88,113,91.76666666666667,0.44740140438079834,-0.46469438552116404
UBFC_PHYS_s17_T3_ctrl,88,114,91.8,0.2892014682292938,-0.45364944367121596
UBFC_PHYS_s17_T3_ctrl,88,115,91.83333333333333,0.12822730839252472,-0.4270369040685151
UBFC_PHYS_s17_T3_ctrl,88,116,91.86666666666666,0.02586263045668602,-0.38642505666739013
UBFC_PHYS_s17_T3_ctrl,88,117,91.9,-0.05806586891412735,-0.33306708559298626
UBFC_PHYS_s17_T3_ctrl,88,118,91.93333333333334,-0.16978324949741364,-0.2664222268144446
UBFC_PHYS_s17_T3_ctrl,88,119,91.96666666666667,-0.2562752366065979,-0.18367280360471028
UBFC_PHYS_s17_T3_ctrl,88,120,92.0,-0.26525336503982544,-0.0801471332039846
UBFC_PHYS_s17_T3_ctrl,88,121,92.03333333333333,-0.2606882154941559,0.04937149642443771
UBFC_PHYS_s17_T3_ctrl,88,122,92.06666666666666,-0.2972562313079834,0.20817155747850755
UBFC_PHYS_s17_T3_ctrl,88,123,92.1,-0.28895702958106995,0.39395345914557744
UBFC_PHYS_s17_T3_ctrl,88,124,92.13333333333334,-0.12083080410957336,0.5950903133471848
UBFC_PHYS_s17_T3_ctrl,88,125,92.16666666666667,0.21127788722515106,0.7890235415859468
UBFC_PHYS_s17_T3_ctrl,88,126,92.2,0.6258285045623779,0.9449313534263032
UBFC_PHYS_s17_T3_ctrl,88,127,92.23333333333333,1.0400981903076172,1.0312203967173852
UBFC_PHYS_s17_T3_ctrl,88,128,92.26666666666667,1.3769124746322632,1.02588970914545
UBFC_PHYS_s17_T3_ctrl,88,129,92.3,1.5634397268295288,0.9256929715336747
UBFC_PHYS_s17_T3_ctrl,88,130,92.33333333333333,1.5871434211730957,0.7496380080521077
UBFC_PHYS_s17_T3_ctrl,88,131,92.36666666666666,1.5295288562774658,0.5344246952446836
UBFC_PHYS_s17_T3_ctrl,88,132,92.4,1.516137719154358,0.3232280266441634
UBFC_PHYS_s17_T3_ctrl,88,133,92.43333333333334,1.5887587070465088,0.15236171154281122
UBFC_PHYS_s17_T3_ctrl,88,134,92.46666666666667,1.687705397605896,0.040822471722198626
UBFC_PHYS_s17_T3_ctrl,88,135,92.5,1.7813377380371094,-0.014042115482131846
UBFC_PHYS_s17_T3_ctrl,88,136,92.53333333333333,1.8862543106079102,-0.033937917282706766
UBFC_PHYS_s17_T3_ctrl,88,137,92.56666666666666,1.9403454065322876,-0.05143474205841423
UBFC_PHYS_s17_T3_ctrl,88,138,92.6,1.8263922929763794,-0.09893691808723205
UBFC_PHYS_s17_T3_ctrl,88,139,92.63333333333334,1.5034841299057007,-0.19814535166215738
UBFC_PHYS_s17_T3_ctrl,88,140,92.66666666666667,1.0134564638137817,-0.35306995649900663
UBFC_PHYS_s17_T3_ctrl,88,141,92.7,0.41217952966690063,-0.5484977980119933
UBFC_PHYS_s17_T3_ctrl,88,142,92.73333333333333,-0.2650777995586395,-0.754006363659555
UBFC_PHYS_s17_T3_ctrl,88,143,92.76666666666667,-0.9886069893836975,-0.9318486420243207
UBFC_PHYS_s17_T3_ctrl,88,144,92.8,-1.6723374128341675,-1.046079413449679
UBFC_PHYS_s17_T3_ctrl,88,145,92.83333333333333,-2.1602582931518555,-1.070445019544817
UBFC_PHYS_s17_T3_ctrl,88,146,92.86666666666666,-2.353024482727051,-0.9935538828025992
UBFC_PHYS_s17_T3_ctrl,88,147,92.9,-2.300326347351074,-0.8208922834205105
UBFC_PHYS_s17_T3_ctrl,88,148,92.93333333333334,-2.1310179233551025,-0.5737614864085353
UBFC_PHYS_s17_T3_ctrl,88,149,92.96666666666667,-1.9484119415283203,-0.28540510582375994
UBFC_PHYS_s17_T3_ctrl,88,150,93.0,-1.8059909343719482,0.005071119636299458
UBFC_PHYS_s17_T3_ctrl,88,151,93.03333333333333,-1.702760100364685,0.25986798567675956
UBFC_PHYS_s17_T3_ctrl,88,152,93.06666666666666,-1.5842885971069336,0.449206686400758
UBFC_PHYS_s17_T3_ctrl,88,153,93.1,-1.4098414182662964,0.5560593316133113
UBFC_PHYS_s17_T3_ctrl,88,154,93.13333333333334,-1.1927745342254639,0.5779632091674921
UBFC_PHYS_s17_T3_ctrl,88,155,93.16666666666667,-0.9826840162277222,0.5258820585092611
UBFC_PHYS_s17_T3_ctrl,88,156,93.2,-0.8233603239059448,0.42084756243538085
UBFC_PHYS_s17_T3_ctrl,88,157,93.23333333333333,-0.7243434190750122,0.28950211734683207
UBFC_PHYS_s17_T3_ctrl,88,158,93.26666666666667,-0.6671152114868164,0.15959708469732156
UBFC_PHYS_s17_T3_ctrl,88,159,93.3,-0.6307461857795715,0.05604760491784087
UBFC_PHYS_s17_T3_ctrl,88,160,93.33333333333333,-0.6055325269699097,-0.002403240603595366
UBFC_PHYS_s17_T3_ctrl,88,161,93.36666666666666,-0.5944473743438721,-0.0059785714871605986
UBFC_PHYS_s17_T3_ctrl,88,162,93.4,-0.6156109571456909,0.044289468875510184
UBFC_PHYS_s17_T3_ctrl,88,163,93.43333333333334,-0.666845977306366,0.1365292815388758
UBFC_PHYS_s17_T3_ctrl,88,164,93.46666666666667,-0.6690583229064941,0.25042126999302033
UBFC_PHYS_s17_T3_ctrl,88,165,93.5,-0.5186191201210022,0.36170886360641796
UBFC_PHYS_s17_T3_ctrl,88,166,93.53333333333333,-0.22327741980552673,0.44753890781617034
UBFC_PHYS_s17_T3_ctrl,88,167,93.56666666666666,0.08455405384302139,0.49100788818635677
UBFC_PHYS_s17_T3_ctrl,88,168,93.6,0.32502031326293945,0.48387739601867413
UBFC_PHYS_s17_T3_ctrl,88,169,93.63333333333334,0.4927368462085724,0.42729111250729807
UBFC_PHYS_s17_T3_ctrl,88,170,93.66666666666667,0.5670668482780457,0.33076249860110163
UBFC_PHYS_s17_T3_ctrl,88,171,93.7,0.5420053601264954,0.20975155041478058
UBFC_PHYS_s17_T3_ctrl,88,172,93.73333333333333,0.4882887601852417,0.08219361923642642
UBFC_PHYS_s17_T3_ctrl,88,173,93.76666666666667,0.46225571632385254,-0.03545243861860621
UBFC_PHYS_s17_T3_ctrl,88,174,93.8,0.4326173663139343,-0.13177453469657663
UBFC_PHYS_s17_T3_ctrl,88,175,93.83333333333333,0.36526384949684143,-0.2025547623015588
UBFC_PHYS_s17_T3_ctrl,88,176,93.86666666666666,0.2732585668563843,-0.25064619549005446
UBFC_PHYS_s17_T3_ctrl,88,177,93.9,0.17921650409698486,-0.28347290750995524
UBFC_PHYS_s17_T3_ctrl,88,178,93.93333333333334,0.0836644321680069,-0.30913192315422705
UBFC_PHYS_s17_T3_ctrl,88,179,93.96666666666667,-0.03795580193400383,-0.3327606071223442
UBFC_PHYS_s17_T3_ctrl,88,180,94.0,-0.21486115455627441,-0.3545779198499387
UBFC_PHYS_s17_T3_ctrl,88,181,94.03333333333333,-0.44417208433151245,-0.3701570998380018
UBFC_PHYS_s17_T3_ctrl,88,182,94.06666666666666,-0.6436573266983032,-0.37264897982694173
UBFC_PHYS_s17_T3_ctrl,88,183,94.1,-0.6784695386886597,-0.35603052419642883
UBFC_PHYS_s17_T3_ctrl,88,184,94.13333333333334,-0.5134686827659607,-0.3180457055298409
UBFC_PHYS_s17_T3_ctrl,88,185,94.16666666666667,-0.29445862770080566,-0.261582394028189
UBFC_PHYS_s17_T3_ctrl,88,186,94.2,-0.16043053567409515,-0.19391752938379125
UBFC_PHYS_s17_T3_ctrl,88,187,94.23333333333333,-0.09137974679470062,-0.12425710130179331
UBFC_PHYS_s17_T3_ctrl,88,188,94.26666666666667,-0.04952084645628929,-0.06077416906350001
UBFC_PHYS_s17_T3_ctrl,88,189,94.3,-0.07952206581830978,-0.00846553297840377
UBFC_PHYS_s17_T3_ctrl,88,190,94.33333333333333,-0.16950231790542603,0.03146186092143961
UBFC_PHYS_s17_T3_ctrl,88,191,94.36666666666666,-0.21833769977092743,0.06082561604408608
UBFC_PHYS_s17_T3_ctrl,88,192,94.4,-0.18971772491931915,0.08302523077790283
UBFC_PHYS_s17_T3_ctrl,88,193,94.43333333333334,-0.15570151805877686,0.10168125832895794
UBFC_PHYS_s17_T3_ctrl,88,194,94.46666666666667,-0.1585693657398224,0.11980458886402752
UBFC_PHYS_s17_T3_ctrl,88,195,94.5,-0.15077349543571472,0.13951227886866127
UBFC_PHYS_s17_T3_ctrl,88,196,94.53333333333333,-0.11173562705516815,0.16199678073522428
UBFC_PHYS_s17_T3_ctrl,88,197,94.56666666666666,-0.11659341305494308,0.18739738684083315
UBFC_PHYS_s17_T3_ctrl,88,198,94.6,-0.2637784779071808,0.21440813014567744
UBFC_PHYS_s17_T3_ctrl,88,199,94.63333333333334,-0.6227864623069763,0.23976258209512372
UBFC_PHYS_s17_T3_ctrl,88,200,94.66666666666667,-1.1304075717926025,0.2579897274197612
UBFC_PHYS_s17_T3_ctrl,88,201,94.7,-1.4972113370895386,0.2618904781450754
UBFC_PHYS_s17_T3_ctrl,88,202,94.73333333333333,-1.4329012632369995,0.24399153582366026
UBFC_PHYS_s17_T3_ctrl,88,203,94.76666666666667,-0.9763278961181641,0.19887823701254417
UBFC_PHYS_s17_T3_ctrl,88,204,94.8,-0.4165002405643463,0.12591909692592407
UBFC_PHYS_s17_T3_ctrl,88,205,94.83333333333333,0.04722518473863602,0.03154414662047377
UBFC_PHYS_s17_T3_ctrl,88,206,94.86666666666666,0.34151336550712585,-0.06996998350597179
UBFC_PHYS_s17_T3_ctrl,88,207,94.9,0.4462074637413025,-0.15812462651711828
UBFC_PHYS_s17_T3_ctrl,88,208,94.93333333333334,0.4308849275112152,-0.21055143103553764
UBFC_PHYS_s17_T3_ctrl,88,209,94.96666666666667,0.42078307271003723,-0.20945554123907253
UBFC_PHYS_s17_T3_ctrl,88,210,95.0,0.4542842507362366,-0.14849679775634142
UBFC_PHYS_s17_T3_ctrl,88,211,95.03333333333333,0.46037110686302185,-0.0377468934715814
UBFC_PHYS_s17_T3_ctrl,88,212,95.06666666666666,0.41043540835380554,0.09566416742339579
UBFC_PHYS_s17_T3_ctrl,88,213,95.1,0.36027732491493225,0.21265646891025414
UBFC_PHYS_s17_T3_ctrl,88,214,95.13333333333334,0.3464765250682831,0.27260295287957215
UBFC_PHYS_s17_T3_ctrl,88,215,95.16666666666667,0.34372571110725403,0.2461415079128972
UBFC_PHYS_s17_T3_ctrl,88,216,95.2,0.3122730255126953,0.12564876615643222
UBFC_PHYS_s17_T3_ctrl,88,217,95.23333333333333,0.23588286340236664,-0.0710378257226806
UBFC_PHYS_s17_T3_ctrl,88,218,95.26666666666667,0.11739970743656158,-0.3050726778235027
UBFC_PHYS_s17_T3_ctrl,88,219,95.3,-0.004267349373549223,-0.5270764695858763
UBFC_PHYS_s17_T3_ctrl,88,220,95.33333333333333,-0.030499394983053207,-0.68966846545551
UBFC_PHYS_s17_T3_ctrl,88,221,95.36666666666666,0.11039981245994568,-0.758346882410258
UBFC_PHYS_s17_T3_ctrl,88,222,95.4,0.359083354473114,-0.7183678074705363
UBFC_PHYS_s17_T3_ctrl,88,223,95.43333333333334,0.5933340191841125,-0.5767508310719643
UBFC_PHYS_s17_T3_ctrl,88,224,95.46666666666667,0.7590254545211792,-0.3595884835534061
UBFC_PHYS_s17_T3_ctrl,88,225,95.5,0.8532080054283142,-0.10556716155484848
UBFC_PHYS_s17_T3_ctrl,88,226,95.53333333333333,0.8620222210884094,0.14271591718605478
UBFC_PHYS_s17_T3_ctrl,88,227,95.56666666666666,0.8088792562484741,0.3475646995346256
UBFC_PHYS_s17_T3_ctrl,88,228,95.6,0.764363169670105,0.4830580802213945
UBFC_PHYS_s17_T3_ctrl,88,229,95.63333333333334,0.7702978849411011,0.5385755196091004
UBFC_PHYS_s17_T3_ctrl,88,230,95.66666666666667,0.7935684323310852,0.5186933310126158
UBFC_PHYS_s17_T3_ctrl,88,231,95.7,0.7826939821243286,0.44019290900600744
UBFC_PHYS_s17_T3_ctrl,88,232,95.73333333333333,0.7259339690208435,0.3273671213723665
UBFC_PHYS_s17_T3_ctrl,88,233,95.76666666666667,0.6435506343841553,0.20677313328328706
UBFC_PHYS_s17_T3_ctrl,88,234,95.8,0.5626187324523926,0.10237022309613324
UBFC_PHYS_s17_T3_ctrl,88,235,95.83333333333333,0.4877620041370392,0.03171893457448148
UBFC_PHYS_s17_T3_ctrl,88,236,95.86666666666666,0.3746867775917053,0.0036268895231152806
UBFC_PHYS_s17_T3_ctrl,88,237,95.9,0.18199071288108826,0.017393025730993453
UBFC_PHYS_s17_T3_ctrl,88,238,95.93333333333334,-0.018091555684804916,0.06365438505735503
UBFC_PHYS_s17_T3_ctrl,88,239,95.96666666666667,-0.06377815455198288,0.1266559763304396
UBFC_PHYS_s17_T3_ctrl,89,0,89.0,0.830382227897644,-0.04380042003600555
UBFC_PHYS_s17_T3_ctrl,89,1,89.03333333333333,0.8797560930252075,0.13584629941137044
UBFC_PHYS_s17_T3_ctrl,89,2,89.06666666666666,0.8972440958023071,0.271264300878305
UBFC_PHYS_s17_T3_ctrl,89,3,89.1,0.8550691604614258,0.3305895457180246
UBFC_PHYS_s17_T3_ctrl,89,4,89.13333333333334,0.7945634126663208,0.30350806092792926
UBFC_PHYS_s17_T3_ctrl,89,5,89.16666666666667,0.7627829313278198,0.20300584892099133
UBFC_PHYS_s17_T3_ctrl,89,6,89.2,0.750211238861084,0.059573256902022254
UBFC_PHYS_s17_T3_ctrl,89,7,89.23333333333333,0.7137836813926697,-0.08969227326082085
UBFC_PHYS_s17_T3_ctrl,89,8,89.26666666666667,0.6279940009117126,-0.21276474663748038
UBFC_PHYS_s17_T3_ctrl,89,9,89.3,0.5333666801452637,-0.2908988520621688
UBFC_PHYS_s17_T3_ctrl,89,10,89.33333333333333,0.4958973228931427,-0.32097618143456424
UBFC_PHYS_s17_T3_ctrl,89,11,89.36666666666666,0.44206368923187256,-0.3122321093793052
UBFC_PHYS_s17_T3_ctrl,89,12,89.4,0.15832217037677765,-0.27975432167627995
UBFC_PHYS_s17_T3_ctrl,89,13,89.43333333333334,-0.40841174125671387,-0.237897432917077
UBFC_PHYS_s17_T3_ctrl,89,14,89.46666666666667,-1.006809115409851,-0.19597235993860707
UBFC_PHYS_s17_T3_ctrl,89,15,89.5,-1.3845926523208618,-0.15700088520553304
UBFC_PHYS_s17_T3_ctrl,89,16,89.53333333333333,-1.5485868453979492,-0.11896802639028678
UBFC_PHYS_s17_T3_ctrl,89,17,89.56666666666666,-1.6076645851135254,-0.0773873090160887
UBFC_PHYS_s17_T3_ctrl,89,18,89.6,-1.5236892700195312,-0.028090951401983564
UBFC_PHYS_s17_T3_ctrl,89,19,89.63333333333334,-1.1699721813201904,0.030489595662251297
UBFC_PHYS_s17_T3_ctrl,89,20,89.66666666666667,-0.49649569392204285,0.09607012721378563
UBFC_PHYS_s17_T3_ctrl,89,21,89.7,0.3153632879257202,0.16261998436295347
UBFC_PHYS_s17_T3_ctrl,89,22,89.73333333333333,0.8031083941459656,0.22180017861421375
UBFC_PHYS_s17_T3_ctrl,89,23,89.76666666666667,0.5118051171302795,0.26530051145297595
UBFC_PHYS_s17_T3_ctrl,89,24,89.8,-0.46506640315055847,0.28741089927270463
UBFC_PHYS_s17_T3_ctrl,89,25,89.83333333333333,-1.5130020380020142,0.28710779320236646
UBFC_PHYS_s17_T3_ctrl,89,26,89.86666666666666,-2.116210460662842,0.268991103658488
UBFC_PHYS_s17_T3_ctrl,89,27,89.9,-2.2071621417999268,0.2425839409194965
UBFC_PHYS_s17_T3_ctrl,89,28,89.93333333333334,-2.0159175395965576,0.21986446967374837
UBFC_PHYS_s17_T3_ctrl,89,29,89.96666666666667,-1.759438157081604,0.2114606727691093
UBFC_PHYS_s17_T3_ctrl,89,30,90.0,-1.492049217224121,0.2225881100479057
UBFC_PHYS_s17_T3_ctrl,89,31,90.03333333333333,-1.149721622467041,0.25023560701332226
UBFC_PHYS_s17_T3_ctrl,89,32,90.06666666666666,-0.7033554315567017,0.2829810117031182
UBFC_PHYS_s17_T3_ctrl,89,33,90.1,-0.24614998698234558,0.30403354037496466
UBFC_PHYS_s17_T3_ctrl,89,34,90.13333333333334,0.08055076748132706,0.29680283204121255
UBFC_PHYS_s17_T3_ctrl,89,35,90.16666666666667,0.2558758854866028,0.250899260607437
UBFC_PHYS_s17_T3_ctrl,89,36,90.2,0.37425369024276733,0.16572910838284552
UBFC_PHYS_s17_T3_ctrl,89,37,90.23333333333333,0.4761384427547455,0.049765579538942784
UBFC_PHYS_s17_T3_ctrl,89,38,90.26666666666667,0.5431876182556152,-0.08387199197801669
UBFC_PHYS_s17_T3_ctrl,89,39,90.3,0.60862135887146,-0.22268269732602233
UBFC_PHYS_s17_T3_ctrl,89,40,90.33333333333333,0.6957688927650452,-0.35798739499704235
UBFC_PHYS_s17_T3_ctrl,89,41,90.36666666666666,0.7817458510398865,-0.4848926076577394
UBFC_PHYS_s17_T3_ctrl,89,42,90.4,0.8711876273155212,-0.5998531565400372
UBFC_PHYS_s17_T3_ctrl,89,43,90.43333333333334,0.933168351650238,-0.6978400200139607
UBFC_PHYS_s17_T3_ctrl,89,44,90.46666666666667,0.8352751731872559,-0.7709961341711042
UBFC_PHYS_s17_T3_ctrl,89,45,90.5,0.5489233136177063,-0.8095575004927044
UBFC_PHYS_s17_T3_ctrl,89,46,90.53333333333333,0.2644091844558716,-0.8044804441090918
UBFC_PHYS_s17_T3_ctrl,89,47,90.56666666666666,0.09301713109016418,-0.7504003393103482
UBFC_PHYS_s17_T3_ctrl,89,48,90.6,-0.025477731600403786,-0.6476235260216269
UBFC_PHYS_s17_T3_ctrl,89,49,90.63333333333334,-0.09509038925170898,-0.5025748454329113
UBFC_PHYS_s17_T3_ctrl,89,50,90.66666666666667,-0.1449207365512848,-0.3269049302736854
UBFC_PHYS_s17_T3_ctrl,89,51,90.7,-0.33253663778305054,-0.13577343917296605
UBFC_PHYS_s17_T3_ctrl,89,52,90.73333333333333,-0.6201176047325134,0.05440516479922684
UBFC_PHYS_s17_T3_ctrl,89,53,90.76666666666667,-0.7154706716537476,0.22863910303954096
UBFC_PHYS_s17_T3_ctrl,89,54,90.8,-0.5352292060852051,0.37600654641558917
UBFC_PHYS_s17_T3_ctrl,89,55,90.83333333333333,-0.24511989951133728,0.49140066344008737
UBFC_PHYS_s17_T3_ctrl,89,56,90.86666666666666,0.024247270077466965,0.5756236335027184
UBFC_PHYS_s17_T3_ctrl,89,57,90.9,0.12057190388441086,0.6337618166512806
UBFC_PHYS_s17_T3_ctrl,89,58,90.93333333333334,-0.06569785624742508,0.6725688940633346
UBFC_PHYS_s17_T3_ctrl,89,59,90.96666666666667,-0.3436685800552368,0.6979146843838852
UBFC_PHYS_s17_T3_ctrl,89,60,91.0,-0.3837716579437256,0.7130077142755076
UBFC_PHYS_s17_T3_ctrl,89,61,91.03333333333333,-0.13765162229537964,0.7175670992250691
UBFC_PHYS_s17_T3_ctrl,89,62,91.06666666666666,0.10859716683626175,0.707933012222178
UBFC_PHYS_s17_T3_ctrl,89,63,91.1,0.12352169305086136,0.678148618749332
UBFC_PHYS_s17_T3_ctrl,89,64,91.13333333333334,-0.06559251248836517,0.6219502122514404
UBFC_PHYS_s17_T3_ctrl,89,65,91.16666666666667,-0.2791244089603424,0.5352465403324117
UBFC_PHYS_s17_T3_ctrl,89,66,91.2,-0.4045957624912262,0.41825704011381853
UBFC_PHYS_s17_T3_ctrl,89,67,91.23333333333333,-0.4454596936702728,0.2764685013401879
UBFC_PHYS_s17_T3_ctrl,89,68,91.26666666666667,-0.4351354241371155,0.12013757439799688
UBFC_PHYS_s17_T3_ctrl,89,69,91.3,-0.41442838311195374,-0.03731944521530076
UBFC_PHYS_s17_T3_ctrl,89,70,91.33333333333333,-0.4321154057979584,-0.18155670887738445
UBFC_PHYS_s17_T3_ctrl,89,71,91.36666666666666,-0.49919965863227844,-0.29973883028958953
UBFC_PHYS_s17_T3_ctrl,89,72,91.4,-0.5616017580032349,-0.3827429373871004
UBFC_PHYS_s17_T3_ctrl,89,73,91.43333333333334,-0.537886381149292,-0.4266847940294144
UBFC_PHYS_s17_T3_ctrl,89,74,91.46666666666667,-0.38844215869903564,-0.43359048130343486
UBFC_PHYS_s17_T3_ctrl,89,75,91.5,-0.15252932906150818,-0.4112628470990885
UBFC_PHYS_s17_T3_ctrl,89,76,91.53333333333333,0.0868600383400917,-0.37230367473821385
UBFC_PHYS_s17_T3_ctrl,89,77,91.56666666666666,0.2751431465148926,-0.3320447054050687
UBFC_PHYS_s17_T3_ctrl,89,78,91.6,0.4029790163040161,-0.30524795312116954
UBFC_PHYS_s17_T3_ctrl,89,79,91.63333333333334,0.47604480385780334,-0.30217464189701415
UBFC_PHYS_s17_T3_ctrl,89,80,91.66666666666667,0.5111144781112671,-0.32565224435315016
UBFC_PHYS_s17_T3_ctrl,89,81,91.7,0.5304520130157471,-0.3708379883554518
UBFC_PHYS_s17_T3_ctrl,89,82,91.73333333333333,0.5247865319252014,-0.4278568630147859
UBFC_PHYS_s17_T3_ctrl,89,83,91.76666666666667,0.44740140438079834,-0.48569193314710196
UBFC_PHYS_s17_T3_ctrl,89,84,91.8,0.2892014682292938,-0.535210898242688
UBFC_PHYS_s17_T3_ctrl,89,85,91.83333333333333,0.12822730839252472,-0.5701110400522104
UBFC_PHYS_s17_T3_ctrl,89,86,91.86666666666666,0.02586263045668602,-0.5859624483810858
UBFC_PHYS_s17_T3_ctrl,89,87,91.9,-0.05806586891412735,-0.5784434449343222
UBFC_PHYS_s17_T3_ctrl,89,88,91.93333333333334,-0.16978324949741364,-0.541845839903203
UBFC_PHYS_s17_T3_ctrl,89,89,91.96666666666667,-0.2562752366065979,-0.4684643021447664
UBFC_PHYS_s17_T3_ctrl,89,90,92.0,-0.26525336503982544,-0.3492364174586063
UBFC_PHYS_s17_T3_ctrl,89,91,92.03333333333333,-0.2606882154941559,-0.17601535873692656
UBFC_PHYS_s17_T3_ctrl,89,92,92.06666666666666,-0.2972562313079834,0.05430487404040552
UBFC_PHYS_s17_T3_ctrl,89,93,92.1,-0.28895702958106995,0.3344988891282604
UBFC_PHYS_s17_T3_ctrl,89,94,92.13333333333334,-0.12083080410957336,0.6427693884508613
UBFC_PHYS_s17_T3_ctrl,89,95,92.16666666666667,0.21127788722515106,0.9425747698697727
UBFC_PHYS_s17_T3_ctrl,89,96,92.2,0.6258285045623779,1.1884434274355984
UBFC_PHYS_s17_T3_ctrl,89,97,92.23333333333333,1.0400981903076172,1.3370713715611462
UBFC_PHYS_s17_T3_ctrl,89,98,92.26666666666667,1.3769124746322632,1.3602218810020341
UBFC_PHYS_s17_T3_ctrl,89,99,92.3,1.5634397268295288,1.254437143208042
UBFC_PHYS_s17_T3_ctrl,89,100,92.33333333333333,1.5871434211730957,1.0432635232815226
UBFC_PHYS_s17_T3_ctrl,89,101,92.36666666666666,1.5295288562774658,0.7705825253025544
UBFC_PHYS_s17_T3_ctrl,89,102,92.4,1.516137719154358,0.4875255657680019
UBFC_PHYS_s17_T3_ctrl,89,103,92.43333333333334,1.5887587070465088,0.23804926364372614
UBFC_PHYS_s17_T3_ctrl,89,104,92.46666666666667,1.687705397605896,0.04806372539163729
UBFC_PHYS_s17_T3_ctrl,89,105,92.5,1.7813377380371094,-0.07907307519622798
UBFC_PHYS_s17_T3_ctrl,89,106,92.53333333333333,1.8862543106079102,-0.16017927575121346
UBFC_PHYS_s17_T3_ctrl,89,107,92.56666666666666,1.9403454065322876,-0.22431767332900063
UBFC_PHYS_s17_T3_ctrl,89,108,92.6,1.8263922929763794,-0.3019456062571065
UBFC_PHYS_s17_T3_ctrl,89,109,92.63333333333334,1.5034841299057007,-0.41440719106560087
UBFC_PHYS_s17_T3_ctrl,89,110,92.66666666666667,1.0134564638137817,-0.5667997073325529
UBFC_PHYS_s17_T3_ctrl,89,111,92.7,0.41217952966690063,-0.7461417902098554
UBFC_PHYS_s17_T3_ctrl,89,112,92.73333333333333,-0.2650777995586395,-0.925041558188466
UBFC_PHYS_s17_T3_ctrl,89,113,92.76666666666667,-0.9886069893836975,-1.0693156899180238
UBFC_PHYS_s17_T3_ctrl,89,114,92.8,-1.6723374128341675,-1.1469335456573793
UBFC_PHYS_s17_T3_ctrl,89,115,92.83333333333333,-2.1602582931518555,-1.1357040833225
UBFC_PHYS_s17_T3_ctrl,89,116,92.86666666666666,-2.353024482727051,-1.028145273053726
UBFC_PHYS_s17_T3_ctrl,89,117,92.9,-2.300326347351074,-0.8330714127383373
UBFC_PHYS_s17_T3_ctrl,89,118,92.93333333333334,-2.1310179233551025,-0.5739215667408977
UBFC_PHYS_s17_T3_ctrl,89,119,92.96666666666667,-1.9484119415283203,-0.2841241263137097
UBFC_PHYS_s17_T3_ctrl,89,120,93.0,-1.8059909343719482,-0.0004028060970498841
UBFC_PHYS_s17_T3_ctrl,89,121,93.03333333333333,-1.702760100364685,0.24437973921809403
UBFC_PHYS_s17_T3_ctrl,89,122,93.06666666666666,-1.5842885971069336,0.4270270368486985
UBFC_PHYS_s17_T3_ctrl,89,123,93.1,-1.4098414182662964,0.5370846437075982
UBFC_PHYS_s17_T3_ctrl,89,124,93.13333333333334,-1.1927745342254639,0.5767197386148375
UBFC_PHYS_s17_T3_ctrl,89,125,93.16666666666667,-0.9826840162277222,0.5579181029506364
UBFC_PHYS_s17_T3_ctrl,89,126,93.2,-0.8233603239059448,0.49820453779454943
UBFC_PHYS_s17_T3_ctrl,89,127,93.23333333333333,-0.7243434190750122,0.4164273980517379
UBFC_PHYS_s17_T3_ctrl,89,128,93.26666666666667,-0.6671152114868164,0.3300303250465877
UBFC_PHYS_s17_T3_ctrl,89,129,93.3,-0.6307461857795715,0.25428762387137976
UBFC_PHYS_s17_T3_ctrl,89,130,93.33333333333333,-0.6055325269699097,0.2024307594768876
UBFC_PHYS_s17_T3_ctrl,89,131,93.36666666666666,-0.5944473743438721,0.18493104466802504
UBFC_PHYS_s17_T3_ctrl,89,132,93.4,-0.6156109571456909,0.20734969522098107
UBFC_PHYS_s17_T3_ctrl,89,133,93.43333333333334,-0.666845977306366,0.2678522054314591
UBFC_PHYS_s17_T3_ctrl,89,134,93.46666666666667,-0.6690583229064941,0.35604380377929384
UBFC_PHYS_s17_T3_ctrl,89,135,93.5,-0.5186191201210022,0.4541008686270976
UBFC_PHYS_s17_T3_ctrl,89,136,93.53333333333333,-0.22327741980552673,0.5400610108263276
UBFC_PHYS_s17_T3_ctrl,89,137,93.56666666666666,0.08455405384302139,0.5923517367190947
UBFC_PHYS_s17_T3_ctrl,89,138,93.6,0.32502031326293945,0.5944737777658716
UBFC_PHYS_s17_T3_ctrl,89,139,93.63333333333334,0.4927368462085724,0.538825496321222
UBFC_PHYS_s17_T3_ctrl,89,140,93.66666666666667,0.5670668482780457,0.42860421326784004
UBFC_PHYS_s17_T3_ctrl,89,141,93.7,0.5420053601264954,0.27688185918724745
UBFC_PHYS_s17_T3_ctrl,89,142,93.73333333333333,0.4882887601852417,0.1027550515285094
UBFC_PHYS_s17_T3_ctrl,89,143,93.76666666666667,0.46225571632385254,-0.0742317484216058
UBFC_PHYS_s17_T3_ctrl,89,144,93.8,0.4326173663139343,-0.23909146655937782
UBFC_PHYS_s17_T3_ctrl,89,145,93.83333333333333,0.36526384949684143,-0.3836071406915316
UBFC_PHYS_s17_T3_ctrl,89,146,93.86666666666666,0.2732585668563843,-0.5050958848300583
UBFC_PHYS_s17_T3_ctrl,89,147,93.9,0.17921650409698486,-0.6030282846577183
UBFC_PHYS_s17_T3_ctrl,89,148,93.93333333333334,0.0836644321680069,-0.6757829224797423
UBFC_PHYS_s17_T3_ctrl,89,149,93.96666666666667,-0.03795580193400383,-0.7193563124386759
UBFC_PHYS_s17_T3_ctrl,89,150,94.0,-0.21486115455627441,-0.7284239718878738
UBFC_PHYS_s17_T3_ctrl,89,151,94.03333333333333,-0.44417208433151245,-0.6988077272929261
UBFC_PHYS_s17_T3_ctrl,89,152,94.06666666666666,-0.6436573266983032,-0.629966569727992
UBFC_PHYS_s17_T3_ctrl,89,153,94.1,-0.6784695386886597,-0.5264880117654621
UBFC_PHYS_s17_T3_ctrl,89,154,94.13333333333334,-0.5134686827659607,-0.39815342405217125
UBFC_PHYS_s17_T3_ctrl,89,155,94.16666666666667,-0.29445862770080566,-0.2585905829804664
UBFC_PHYS_s17_T3_ctrl,89,156,94.2,-0.16043053567409515,-0.1227496769183056
UBFC_PHYS_s17_T3_ctrl,89,157,94.23333333333333,-0.09137974679470062,-0.003723132606031565
UBFC_PHYS_s17_T3_ctrl,89,158,94.26666666666667,-0.04952084645628929,0.09011696945936601
UBFC_PHYS_s17_T3_ctrl,89,159,94.3,-0.07952206581830978,0.1565512480008091
UBFC_PHYS_s17_T3_ctrl,89,160,94.33333333333333,-0.16950231790542603,0.1989681715841688
UBFC_PHYS_s17_T3_ctrl,89,161,94.36666666666666,-0.21833769977092743,0.2241880237497522
UBFC_PHYS_s17_T3_ctrl,89,162,94.4,-0.18971772491931915,0.2396160363757851
UBFC_PHYS_s17_T3_ctrl,89,163,94.43333333333334,-0.15570151805877686,0.2508093599604575
UBFC_PHYS_s17_T3_ctrl,89,164,94.46666666666667,-0.1585693657398224,0.2602532481389739
UBFC_PHYS_s17_T3_ctrl,89,165,94.5,-0.15077349543571472,0.2675988310357217
UBFC_PHYS_s17_T3_ctrl,89,166,94.53333333333333,-0.11173562705516815,0.27102262963403384
UBFC_PHYS_s17_T3_ctrl,89,167,94.56666666666666,-0.11659341305494308,0.2689432570859443
UBFC_PHYS_s17_T3_ctrl,89,168,94.6,-0.2637784779071808,0.26123511872470306
UBFC_PHYS_s17_T3_ctrl,89,169,94.63333333333334,-0.6227864623069763,0.24936194373927667
UBFC_PHYS_s17_T3_ctrl,89,170,94.66666666666667,-1.1304075717926025,0.2354145791169464
UBFC_PHYS_s17_T3_ctrl,89,171,94.7,-1.4972113370895386,0.22062658806570715
UBFC_PHYS_s17_T3_ctrl,89,172,94.73333333333333,-1.4329012632369995,0.20427533244957952
UBFC_PHYS_s17_T3_ctrl,89,173,94.76666666666667,-0.9763278961181641,0.18377466268604548
UBFC_PHYS_s17_T3_ctrl,89,174,94.8,-0.4165002405643463,0.1562232278587212
UBFC_PHYS_s17_T3_ctrl,89,175,94.83333333333333,0.04722518473863602,0.1208904979928231
UBFC_PHYS_s17_T3_ctrl,89,176,94.86666666666666,0.34151336550712585,0.08144648837459521
UBFC_PHYS_s17_T3_ctrl,89,177,94.9,0.4462074637413025,0.04654960867732867
UBFC_PHYS_s17_T3_ctrl,89,178,94.93333333333334,0.4308849275112152,0.02790373798049398
UBFC_PHYS_s17_T3_ctrl,89,179,94.96666666666667,0.42078307271003723,0.03593856686725454
UBFC_PHYS_s17_T3_ctrl,89,180,95.0,0.4542842507362366,0.07444228296616642
UBFC_PHYS_s17_T3_ctrl,89,181,95.03333333333333,0.46037110686302185,0.13625439335614936
UBFC_PHYS_s17_T3_ctrl,89,182,95.06666666666666,0.41043540835380554,0.20211537219791792
UBFC_PHYS_s17_T3_ctrl,89,183,95.1,0.36027732491493225,0.2439354911306813
UBFC_PHYS_s17_T3_ctrl,89,184,95.13333333333334,0.3464765250682831,0.23227770175693047
UBFC_PHYS_s17_T3_ctrl,89,185,95.16666666666667,0.34372571110725403,0.14600172917848447
UBFC_PHYS_s17_T3_ctrl,89,186,95.2,0.3122730255126953,-0.019506481469993762
UBFC_PHYS_s17_T3_ctrl,89,187,95.23333333333333,0.23588286340236664,-0.24895062625559713
UBFC_PHYS_s17_T3_ctrl,89,188,95.26666666666667,0.11739970743656158,-0.5097592354792596
UBFC_PHYS_s17_T3_ctrl,89,189,95.3,-0.004267349373549223,-0.7592545052888453
UBFC_PHYS_s17_T3_ctrl,89,190,95.33333333333333,-0.030499394983053207,-0.953694639573724
UBFC_PHYS_s17_T3_ctrl,89,191,95.36666666666666,0.11039981245994568,-1.0568890689381503
UBFC_PHYS_s17_T3_ctrl,89,192,95.4,0.359083354473114,-1.0469961341719012
UBFC_PHYS_s17_T3_ctrl,89,193,95.43333333333334,0.5933340191841125,-0.9207421305412155
UBFC_PHYS_s17_T3_ctrl,89,194,95.46666666666667,0.7590254545211792,-0.6944065355196263
UBFC_PHYS_s17_T3_ctrl,89,195,95.5,0.8532080054283142,-0.4009931742723501
UBFC_PHYS_s17_T3_ctrl,89,196,95.53333333333333,0.8620222210884094,-0.0836588254649432
UBFC_PHYS_s17_T3_ctrl,89,197,95.56666666666666,0.8088792562484741,0.21325902665548527
UBFC_PHYS_s17_T3_ctrl,89,198,95.6,0.764363169670105,0.4530191913292345
UBFC_PHYS_s17_T3_ctrl,89,199,95.63333333333334,0.7702978849411011,0.612348065469772
UBFC_PHYS_s17_T3_ctrl,89,200,95.66666666666667,0.7935684323310852,0.6831787416171328
UBFC_PHYS_s17_T3_ctrl,89,201,95.7,0.7826939821243286,0.670971962576778
UBFC_PHYS_s17_T3_ctrl,89,202,95.73333333333333,0.7259339690208435,0.5913185469616349
UBFC_PHYS_s17_T3_ctrl,89,203,95.76666666666667,0.6435506343841553,0.46629146966449575
UBFC_PHYS_s17_T3_ctrl,89,204,95.8,0.5626187324523926,0.32112509914856646
UBFC_PHYS_s17_T3_ctrl,89,205,95.83333333333333,0.4877620041370392,0.18099552926586418
UBFC_PHYS_s17_T3_ctrl,89,206,95.86666666666666,0.3746867775917053,0.06752145777826024
UBFC_PHYS_s17_T3_ctrl,89,207,95.9,0.18199071288108826,-0.004803351175568281
UBFC_PHYS_s17_T3_ctrl,89,208,95.93333333333334,-0.018091555684804916,-0.03114860110449898
UBFC_PHYS_s17_T3_ctrl,89,209,95.96666666666667,-0.06377815455198288,-0.016447806747887525
UBFC_PHYS_s17_T3_ctrl,89,210,96.0,0.09592010080814362,0.027534502393784584
UBFC_PHYS_s17_T3_ctrl,89,211,96.03333333333333,0.3015507757663727,0.08722270536348062
UBFC_PHYS_s17_T3_ctrl,89,212,96.06666666666666,0.3718072474002838,0.1520917428911301
UBFC_PHYS_s17_T3_ctrl,89,213,96.1,0.28993889689445496,0.21699885878049205
UBFC_PHYS_s17_T3_ctrl,89,214,96.13333333333334,0.13436098396778107,0.2809433214303991
UBFC_PHYS_s17_T3_ctrl,89,215,96.16666666666667,-0.023768726736307144,0.3432312059079651
UBFC_PHYS_s17_T3_ctrl,89,216,96.2,-0.0946572870016098,0.3995262781811437
UBFC_PHYS_s17_T3_ctrl,89,217,96.23333333333333,0.013384558260440826,0.4403794414331458
UBFC_PHYS_s17_T3_ctrl,89,218,96.26666666666667,0.26882216334342957,0.45340186821731693
UBFC_PHYS_s17_T3_ctrl,89,219,96.3,0.5076613426208496,0.4280363775076068
UBFC_PHYS_s17_T3_ctrl,89,220,96.33333333333333,0.6266478896141052,0.36018331302889645
UBFC_PHYS_s17_T3_ctrl,89,221,96.36666666666666,0.6624550223350525,0.2540244196830997
UBFC_PHYS_s17_T3_ctrl,89,222,96.4,0.6870365738868713,0.12038709990014558
UBFC_PHYS_s17_T3_ctrl,89,223,96.43333333333334,0.7103773951530457,-0.026832667759825016
UBFC_PHYS_s17_T3_ctrl,89,224,96.46666666666667,0.7028858661651611,-0.17405536182773704
UBFC_PHYS_s17_T3_ctrl,89,225,96.5,0.6572577953338623,-0.3099263597702422
UBFC_PHYS_s17_T3_ctrl,89,226,96.53333333333333,0.6142048835754395,-0.42570400335076647
UBFC_PHYS_s17_T3_ctrl,89,227,96.56666666666666,0.6618229150772095,-0.514884641386044
UBFC_PHYS_s17_T3_ctrl,89,228,96.6,0.8371597528457642,-0.5728740526357512
UBFC_PHYS_s17_T3_ctrl,89,229,96.63333333333334,0.9856089949607849,-0.5970795719196289
UBFC_PHYS_s17_T3_ctrl,89,230,96.66666666666667,0.8901973962783813,-0.5873336815888672
UBFC_PHYS_s17_T3_ctrl,89,231,96.7,0.5663411021232605,-0.5462976340812302
UBFC_PHYS_s17_T3_ctrl,89,232,96.73333333333333,0.2151055932044983,-0.4794855832935369
UBFC_PHYS_s17_T3_ctrl,89,233,96.76666666666667,-0.03480702266097069,-0.39479561518649997
UBFC_PHYS_s17_T3_ctrl,89,234,96.8,-0.16608430445194244,-0.3017438504399177
UBFC_PHYS_s17_T3_ctrl,89,235,96.83333333333333,-0.20280449092388153,-0.21052717710986893
UBFC_PHYS_s17_T3_ctrl,89,236,96.86666666666666,-0.2021723836660385,-0.13057509508954476
UBFC_PHYS_s17_T3_ctrl,89,237,96.9,-0.23069870471954346,-0.06830440806938827
UBFC_PHYS_s17_T3_ctrl,89,238,96.93333333333334,-0.35140591859817505,-0.02483171100036747
UBFC_PHYS_s17_T3_ctrl,89,239,96.96666666666667,-0.6021496057510376,0.004735341576369776
UBFC_PHYS_s17_T3_ctrl,90,0,90.0,-1.492049217224121,0.12692796686736738
UBFC_PHYS_s17_T3_ctrl,90,1,90.03333333333333,-1.149721622467041,0.1391231706250418
UBFC_PHYS_s17_T3_ctrl,90,2,90.06666666666666,-0.7033554315567017,0.13241255612391814
UBFC_PHYS_s17_T3_ctrl,90,3,90.1,-0.24614998698234558,0.09506108541687593
UBFC_PHYS_s17_T3_ctrl,90,4,90.13333333333334,0.08055076748132706,0.021374855874101522
UBFC_PHYS_s17_T3_ctrl,90,5,90.16666666666667,0.2558758854866028,-0.08657512780073759
UBFC_PHYS_s17_T3_ctrl,90,6,90.2,0.37425369024276733,-0.21948736625392645
UBFC_PHYS_s17_T3_ctrl,90,7,90.23333333333333,0.4761384427547455,-0.36418871294964483
UBFC_PHYS_s17_T3_ctrl,90,8,90.26666666666667,0.5431876182556152,-0.5084102950639872
UBFC_PHYS_s17_T3_ctrl,90,9,90.3,0.60862135887146,-0.644113463745903
UBFC_PHYS_s17_T3_ctrl,90,10,90.33333333333333,0.6957688927650452,-0.7673704221172145
UBFC_PHYS_s17_T3_ctrl,90,11,90.36666666666666,0.7817458510398865,-0.8752185430113764
UBFC_PHYS_s17_T3_ctrl,90,12,90.4,0.8711876273155212,-0.9619053017949779
UBFC_PHYS_s17_T3_ctrl,90,13,90.43333333333334,0.933168351650238,-1.0172805624849512
UBFC_PHYS_s17_T3_ctrl,90,14,90.46666666666667,0.8352751731872559,-1.0286743842865858
UBFC_PHYS_s17_T3_ctrl,90,15,90.5,0.5489233136177063,-0.985463017835851
UBFC_PHYS_s17_T3_ctrl,90,16,90.53333333333333,0.2644091844558716,-0.8839931246128203
UBFC_PHYS_s17_T3_ctrl,90,17,90.56666666666666,0.09301713109016418,-0.7302714103584206
UBFC_PHYS_s17_T3_ctrl,90,18,90.6,-0.025477731600403786,-0.5388655847815245
UBFC_PHYS_s17_T3_ctrl,90,19,90.63333333333334,-0.09509038925170898,-0.32841205389285005
UBFC_PHYS_s17_T3_ctrl,90,20,90.66666666666667,-0.1449207365512848,-0.11604959599969267
UBFC_PHYS_s17_T3_ctrl,90,21,90.7,-0.33253663778305054,0.08642032107193037
UBFC_PHYS_s17_T3_ctrl,90,22,90.73333333333333,-0.6201176047325134,0.2733196635075649
UBFC_PHYS_s17_T3_ctrl,90,23,90.76666666666667,-0.7154706716537476,0.44347220872296744
UBFC_PHYS_s17_T3_ctrl,90,24,90.8,-0.5352292060852051,0.5976529919866809
UBFC_PHYS_s17_T3_ctrl,90,25,90.83333333333333,-0.24511989951133728,0.7362847398875363
UBFC_PHYS_s17_T3_ctrl,90,26,90.86666666666666,0.024247270077466965,0.8579343576101142
UBFC_PHYS_s17_T3_ctrl,90,27,90.9,0.12057190388441086,0.9587104960840931
UBFC_PHYS_s17_T3_ctrl,90,28,90.93333333333334,-0.06569785624742508,1.032499383395676
UBFC_PHYS_s17_T3_ctrl,90,29,90.96666666666667,-0.3436685800552368,1.0719794787242631
UBFC_PHYS_s17_T3_ctrl,90,30,91.0,-0.3837716579437256,1.0703249607929557
UBFC_PHYS_s17_T3_ctrl,90,31,91.03333333333333,-0.13765162229537964,1.0233456520826552
UBFC_PHYS_s17_T3_ctrl,90,32,91.06666666666666,0.10859716683626175,0.9315437723003315
UBFC_PHYS_s17_T3_ctrl,90,33,91.1,0.12352169305086136,0.8013165389058842
UBFC_PHYS_s17_T3_ctrl,90,34,91.13333333333334,-0.06559251248836517,0.6445243470377074
UBFC_PHYS_s17_T3_ctrl,90,35,91.16666666666667,-0.2791244089603424,0.4761606534696041
UBFC_PHYS_s17_T3_ctrl,90,36,91.2,-0.4045957624912262,0.3108184513844807
UBFC_PHYS_s17_T3_ctrl,90,37,91.23333333333333,-0.4454596936702728,0.15931170285964025
UBFC_PHYS_s17_T3_ctrl,90,38,91.26666666666667,-0.4351354241371155,0.026624373447033514
UBFC_PHYS_s17_T3_ctrl,90,39,91.3,-0.41442838311195374,-0.08827073612690185
UBFC_PHYS_s17_T3_ctrl,90,40,91.33333333333333,-0.4321154057979584,-0.19069043703315997
UBFC_PHYS_s17_T3_ctrl,90,41,91.36666666666666,-0.49919965863227844,-0.2870756263145204
UBFC_PHYS_s17_T3_ctrl,90,42,91.4,-0.5616017580032349,-0.38148746579094345
UBFC_PHYS_s17_T3_ctrl,90,43,91.43333333333334,-0.537886381149292,-0.47327991874145797
UBFC_PHYS_s17_T3_ctrl,90,44,91.46666666666667,-0.38844215869903564,-0.557139608805157
UBFC_PHYS_s17_T3_ctrl,90,45,91.5,-0.15252932906150818,-0.6255797195809689
UBFC_PHYS_s17_T3_ctrl,90,46,91.53333333333333,0.0868600383400917,-0.6725936871676762
UBFC_PHYS_s17_T3_ctrl,90,47,91.56666666666666,0.2751431465148926,-0.6964708151117909
UBFC_PHYS_s17_T3_ctrl,90,48,91.6,0.4029790163040161,-0.7003489804813666
UBFC_PHYS_s17_T3_ctrl,90,49,91.63333333333334,0.47604480385780334,-0.6904811738286634
UBFC_PHYS_s17_T3_ctrl,90,50,91.66666666666667,0.5111144781112671,-0.6734498354598633
UBFC_PHYS_s17_T3_ctrl,90,51,91.7,0.5304520130157471,-0.6538869870526746
UBFC_PHYS_s17_T3_ctrl,90,52,91.73333333333333,0.5247865319252014,-0.6335167672410944
UBFC_PHYS_s17_T3_ctrl,90,53,91.76666666666667,0.44740140438079834,-0.6112807708965476
UBFC_PHYS_s17_T3_ctrl,90,54,91.8,0.2892014682292938,-0.5838141451722371
UBFC_PHYS_s17_T3_ctrl,90,55,91.83333333333333,0.12822730839252472,-0.5458320024875043
UBFC_PHYS_s17_T3_ctrl,90,56,91.86666666666666,0.02586263045668602,-0.4906465360552993
UBFC_PHYS_s17_T3_ctrl,90,57,91.9,-0.05806586891412735,-0.41129128886456606
UBFC_PHYS_s17_T3_ctrl,90,58,91.93333333333334,-0.16978324949741364,-0.3022069082580777
UBFC_PHYS_s17_T3_ctrl,90,59,91.96666666666667,-0.2562752366065979,-0.16075949872151912
UBFC_PHYS_s17_T3_ctrl,90,60,92.0,-0.26525336503982544,0.012154003519442572
UBFC_PHYS_s17_T3_ctrl,90,61,92.03333333333333,-0.2606882154941559,0.21234662274571015
UBFC_PHYS_s17_T3_ctrl,90,62,92.06666666666666,-0.2972562313079834,0.4323642293663592
UBFC_PHYS_s17_T3_ctrl,90,63,92.1,-0.28895702958106995,0.6602985523664688
UBFC_PHYS_s17_T3_ctrl,90,64,92.13333333333334,-0.12083080410957336,0.8779750172612057
UBFC_PHYS_s17_T3_ctrl,90,65,92.16666666666667,0.21127788722515106,1.0606879308173145
UBFC_PHYS_s17_T3_ctrl,90,66,92.2,0.6258285045623779,1.1805590537531294
UBFC_PHYS_s17_T3_ctrl,90,67,92.23333333333333,1.0400981903076172,1.2137522028109884
UBFC_PHYS_s17_T3_ctrl,90,68,92.26666666666667,1.3769124746322632,1.1493108062243562
UBFC_PHYS_s17_T3_ctrl,90,69,92.3,1.5634397268295288,0.9957224977763176
UBFC_PHYS_s17_T3_ctrl,90,70,92.33333333333333,1.5871434211730957,0.7815370778189642
UBFC_PHYS_s17_T3_ctrl,90,71,92.36666666666666,1.5295288562774658,0.5486548244489764
UBFC_PHYS_s17_T3_ctrl,90,72,92.4,1.516137719154358,0.3402856793777295
UBFC_PHYS_s17_T3_ctrl,90,73,92.43333333333334,1.5887587070465088,0.18804625062159303
UBFC_PHYS_s17_T3_ctrl,90,74,92.46666666666667,1.687705397605896,0.10277369532705902
UBFC_PHYS_s17_T3_ctrl,90,75,92.5,1.7813377380371094,0.0719377445100324
UBFC_PHYS_s17_T3_ctrl,90,76,92.53333333333333,1.8862543106079102,0.06430102498045986
UBFC_PHYS_s17_T3_ctrl,90,77,92.56666666666666,1.9403454065322876,0.0402940220974685
UBFC_PHYS_s17_T3_ctrl,90,78,92.6,1.8263922929763794,-0.03523943126650622
UBFC_PHYS_s17_T3_ctrl,90,79,92.63333333333334,1.5034841299057007,-0.18206097155414433
UBFC_PHYS_s17_T3_ctrl,90,80,92.66666666666667,1.0134564638137817,-0.3987354367796884
UBFC_PHYS_s17_T3_ctrl,90,81,92.7,0.41217952966690063,-0.6633702420703526
UBFC_PHYS_s17_T3_ctrl,90,82,92.73333333333333,-0.2650777995586395,-0.9397256114087379
UBFC_PHYS_s17_T3_ctrl,90,83,92.76666666666667,-0.9886069893836975,-1.1858299885860253
UBFC_PHYS_s17_T3_ctrl,90,84,92.8,-1.6723374128341675,-1.3622293514850699
UBFC_PHYS_s17_T3_ctrl,90,85,92.83333333333333,-2.1602582931518555,-1.4382817716922085
UBFC_PHYS_s17_T3_ctrl,90,86,92.86666666666666,-2.353024482727051,-1.3963772100417144
UBFC_PHYS_s17_T3_ctrl,90,87,92.9,-2.300326347351074,-1.2345889062634736
UBFC_PHYS_s17_T3_ctrl,90,88,92.93333333333334,-2.1310179233551025,-0.967768796715437
UBFC_PHYS_s17_T3_ctrl,90,89,92.96666666666667,-1.9484119415283203,-0.6263201761096745
UBFC_PHYS_s17_T3_ctrl,90,90,93.0,-1.8059909343719482,-0.25184595205498783
UBFC_PHYS_s17_T3_ctrl,90,91,93.03333333333333,-1.702760100364685,0.11018858741229531
UBFC_PHYS_s17_T3_ctrl,90,92,93.06666666666666,-1.5842885971069336,0.419227399184174
UBFC_PHYS_s17_T3_ctrl,90,93,93.1,-1.4098414182662964,0.6472838020602374
UBFC_PHYS_s17_T3_ctrl,90,94,93.13333333333334,-1.1927745342254639,0.7830803354126186
UBFC_PHYS_s17_T3_ctrl,90,95,93.16666666666667,-0.9826840162277222,0.8315499113859816
UBFC_PHYS_s17_T3_ctrl,90,96,93.2,-0.8233603239059448,0.8094229380903342
UBFC_PHYS_s17_T3_ctrl,90,97,93.23333333333333,-0.7243434190750122,0.7390690914883351
UBFC_PHYS_s17_T3_ctrl,90,98,93.26666666666667,-0.6671152114868164,0.6430447810370854
UBFC_PHYS_s17_T3_ctrl,90,99,93.3,-0.6307461857795715,0.5408297591202689
UBFC_PHYS_s17_T3_ctrl,90,100,93.33333333333333,-0.6055325269699097,0.44765208625697617
UBFC_PHYS_s17_T3_ctrl,90,101,93.36666666666666,-0.5944473743438721,0.3742605202708588
UBFC_PHYS_s17_T3_ctrl,90,102,93.4,-0.6156109571456909,0.32669948148025013
UBFC_PHYS_s17_T3_ctrl,90,103,93.43333333333334,-0.666845977306366,0.30599476398223
UBFC_PHYS_s17_T3_ctrl,90,104,93.46666666666667,-0.6690583229064941,0.3081974853115687
UBFC_PHYS_s17_T3_ctrl,90,105,93.5,-0.5186191201210022,0.32511384544468813
UBFC_PHYS_s17_T3_ctrl,90,106,93.53333333333333,-0.22327741980552673,0.345560178010685
UBFC_PHYS_s17_T3_ctrl,90,107,93.56666666666666,0.08455405384302139,0.3567983181066246
UBFC_PHYS_s17_T3_ctrl,90,108,93.6,0.32502031326293945,0.3462133875496584
UBFC_PHYS_s17_T3_ctrl,90,109,93.63333333333334,0.4927368462085724,0.3036051842481227
UBFC_PHYS_s17_T3_ctrl,90,110,93.66666666666667,0.5670668482780457,0.22400250538446698
UBFC_PHYS_s17_T3_ctrl,90,111,93.7,0.5420053601264954,0.11001539338206424
UBFC_PHYS_s17_T3_ctrl,90,112,93.73333333333333,0.4882887601852417,-0.027723383331980135
UBFC_PHYS_s17_T3_ctrl,90,113,93.76666666666667,0.46225571632385254,-0.17284294820226354
UBFC_PHYS_s17_T3_ctrl,90,114,93.8,0.4326173663139343,-0.3075017097164645
UBFC_PHYS_s17_T3_ctrl,90,115,93.83333333333333,0.36526384949684143,-0.416736839880325
UBFC_PHYS_s17_T3_ctrl,90,116,93.86666666666666,0.2732585668563843,-0.49128406486645654
UBFC_PHYS_s17_T3_ctrl,90,117,93.9,0.17921650409698486,-0.5284221977604775
UBFC_PHYS_s17_T3_ctrl,90,118,93.93333333333334,0.0836644321680069,-0.531293735647754
UBFC_PHYS_s17_T3_ctrl,90,119,93.96666666666667,-0.03795580193400383,-0.507300363273593
UBFC_PHYS_s17_T3_ctrl,90,120,94.0,-0.21486115455627441,-0.46584216299275105
UBFC_PHYS_s17_T3_ctrl,90,121,94.03333333333333,-0.44417208433151245,-0.4156509423308174
UBFC_PHYS_s17_T3_ctrl,90,122,94.06666666666666,-0.6436573266983032,-0.36256338225214835
UBFC_PHYS_s17_T3_ctrl,90,123,94.1,-0.6784695386886597,-0.3088265712587465
UBFC_PHYS_s17_T3_ctrl,90,124,94.13333333333334,-0.5134686827659607,-0.25416162063402076
UBFC_PHYS_s17_T3_ctrl,90,125,94.16666666666667,-0.29445862770080566,-0.19765877559484574
UBFC_PHYS_s17_T3_ctrl,90,126,94.2,-0.16043053567409515,-0.1392788315454581
UBFC_PHYS_s17_T3_ctrl,90,127,94.23333333333333,-0.09137974679470062,-0.08032366703489936
UBFC_PHYS_s17_T3_ctrl,90,128,94.26666666666667,-0.04952084645628929,-0.02305959515802275
UBFC_PHYS_s17_T3_ctrl,90,129,94.3,-0.07952206581830978,0.02992276412667004
UBFC_PHYS_s17_T3_ctrl,90,130,94.33333333333333,-0.16950231790542603,0.07625857875260032
UBFC_PHYS_s17_T3_ctrl,90,131,94.36666666666666,-0.21833769977092743,0.11428765491877631
UBFC_PHYS_s17_T3_ctrl,90,132,94.4,-0.18971772491931915,0.1434942435890747
UBFC_PHYS_s17_T3_ctrl,90,133,94.43333333333334,-0.15570151805877686,0.16475566831224414
UBFC_PHYS_s17_T3_ctrl,90,134,94.46666666666667,-0.1585693657398224,0.18022778669828726
UBFC_PHYS_s17_T3_ctrl,90,135,94.5,-0.15077349543571472,0.1928560285025289
UBFC_PHYS_s17_T3_ctrl,90,136,94.53333333333333,-0.11173562705516815,0.20566346186764198
UBFC_PHYS_s17_T3_ctrl,90,137,94.56666666666666,-0.11659341305494308,0.22099397561996229
UBFC_PHYS_s17_T3_ctrl,90,138,94.6,-0.2637784779071808,0.23977901337035165
UBFC_PHYS_s17_T3_ctrl,90,139,94.63333333333334,-0.6227864623069763,0.26082703440294264
UBFC_PHYS_s17_T3_ctrl,90,140,94.66666666666667,-1.1304075717926025,0.2802536732980206
UBFC_PHYS_s17_T3_ctrl,90,141,94.7,-1.4972113370895386,0.2914019441801231
UBFC_PHYS_s17_T3_ctrl,90,142,94.73333333333333,-1.4329012632369995,0.285733825016498
UBFC_PHYS_s17_T3_ctrl,90,143,94.76666666666667,-0.9763278961181641,0.2550067136650942
UBFC_PHYS_s17_T3_ctrl,90,144,94.8,-0.4165002405643463,0.1945254513320936
UBFC_PHYS_s17_T3_ctrl,90,145,94.83333333333333,0.04722518473863602,0.10656254155548035
UBFC_PHYS_s17_T3_ctrl,90,146,94.86666666666666,0.34151336550712585,0.0025078951469975808
UBFC_PHYS_s17_T3_ctrl,90,147,94.9,0.4462074637413025,-0.09769271556036607
UBFC_PHYS_s17_T3_ctrl,90,148,94.93333333333334,0.4308849275112152,-0.16954909353188502
UBFC_PHYS_s17_T3_ctrl,90,149,94.96666666666667,0.42078307271003723,-0.19100143698060534
UBFC_PHYS_s17_T3_ctrl,90,150,95.0,0.4542842507362366,-0.15054599522791512
UBFC_PHYS_s17_T3_ctrl,90,151,95.03333333333333,0.46037110686302185,-0.05374722976653841
UBFC_PHYS_s17_T3_ctrl,90,152,95.06666666666666,0.41043540835380554,0.07475825635511521
UBFC_PHYS_s17_T3_ctrl,90,153,95.1,0.36027732491493225,0.195665236191821
UBFC_PHYS_s17_T3_ctrl,90,154,95.13333333333334,0.3464765250682831,0.2655847500992606
UBFC_PHYS_s17_T3_ctrl,90,155,95.16666666666667,0.34372571110725403,0.25075450811986194
UBFC_PHYS_s17_T3_ctrl,90,156,95.2,0.3122730255126953,0.1385438385785505
UBFC_PHYS_s17_T3_ctrl,90,157,95.23333333333333,0.23588286340236664,-0.0581722149424519
UBFC_PHYS_s17_T3_ctrl,90,158,95.26666666666667,0.11739970743656158,-0.30503023603948093
UBFC_PHYS_s17_T3_ctrl,90,159,95.3,-0.004267349373549223,-0.5557889831139341
UBFC_PHYS_s17_T3_ctrl,90,160,95.33333333333333,-0.030499394983053207,-0.7633151705728565
UBFC_PHYS_s17_T3_ctrl,90,161,95.36666666666666,0.11039981245994568,-0.8888290278379737
UBFC_PHYS_s17_T3_ctrl,90,162,95.4,0.359083354473114,-0.9081525419231478
UBFC_PHYS_s17_T3_ctrl,90,163,95.43333333333334,0.5933340191841125,-0.8149959566485557
UBFC_PHYS_s17_T3_ctrl,90,164,95.46666666666667,0.7590254545211792,-0.6215931835180295
UBFC_PHYS_s17_T3_ctrl,90,165,95.5,0.8532080054283142,-0.3566858562398773
UBFC_PHYS_s17_T3_ctrl,90,166,95.53333333333333,0.8620222210884094,-0.0607086202102364
UBFC_PHYS_s17_T3_ctrl,90,167,95.56666666666666,0.8088792562484741,0.22156065778732992
UBFC_PHYS_s17_T3_ctrl,90,168,95.6,0.764363169670105,0.4497426346825789
UBFC_PHYS_s17_T3_ctrl,90,169,95.63333333333334,0.7702978849411011,0.5960033320242957
UBFC_PHYS_s17_T3_ctrl,90,170,95.66666666666667,0.7935684323310852,0.6503774170303281
UBFC_PHYS_s17_T3_ctrl,90,171,95.7,0.7826939821243286,0.6216319206496786
UBFC_PHYS_s17_T3_ctrl,90,172,95.73333333333333,0.7259339690208435,0.5333362221792347
UBFC_PHYS_s17_T3_ctrl,90,173,95.76666666666667,0.6435506343841553,0.41639969439750096
UBFC_PHYS_s17_T3_ctrl,90,174,95.8,0.5626187324523926,0.30059058214953016
UBFC_PHYS_s17_T3_ctrl,90,175,95.83333333333333,0.4877620041370392,0.20775369231942487
UBFC_PHYS_s17_T3_ctrl,90,176,95.86666666666666,0.3746867775917053,0.14841956294798034
UBFC_PHYS_s17_T3_ctrl,90,177,95.9,0.18199071288108826,0.12202188793021923
UBFC_PHYS_s17_T3_ctrl,90,178,95.93333333333334,-0.018091555684804916,0.11991420444950607
UBFC_PHYS_s17_T3_ctrl,90,179,95.96666666666667,-0.06377815455198288,0.1299803158786665
UBFC_PHYS_s17_T3_ctrl,90,180,96.0,0.09592010080814362,0.14157825180882122
UBFC_PHYS_s17_T3_ctrl,90,181,96.03333333333333,0.3015507757663727,0.1495256596674904
UBFC_PHYS_s17_T3_ctrl,90,182,96.06666666666666,0.3718072474002838,0.15578971443470768
UBFC_PHYS_s17_T3_ctrl,90,183,96.1,0.28993889689445496,0.16789095874750776
UBFC_PHYS_s17_T3_ctrl,90,184,96.13333333333334,0.13436098396778107,0.1941198802988262
UBFC_PHYS_s17_T3_ctrl,90,185,96.16666666666667,-0.023768726736307144,0.2372862042548098
UBFC_PHYS_s17_T3_ctrl,90,186,96.2,-0.0946572870016098,0.2900613173631066
UBFC_PHYS_s17_T3_ctrl,90,187,96.23333333333333,0.013384558260440826,0.3348467285804875
UBFC_PHYS_s17_T3_ctrl,90,188,96.26666666666667,0.26882216334342957,0.3490145208897959
UBFC_PHYS_s17_T3_ctrl,90,189,96.3,0.5076613426208496,0.31339075097995206
UBFC_PHYS_s17_T3_ctrl,90,190,96.33333333333333,0.6266478896141052,0.21982404781901774
UBFC_PHYS_s17_T3_ctrl,90,191,96.36666666666666,0.6624550223350525,0.07408720167104571
UBFC_PHYS_s17_T3_ctrl,90,192,96.4,0.6870365738868713,-0.10681312217693371
UBFC_PHYS_s17_T3_ctrl,90,193,96.43333333333334,0.7103773951530457,-0.3007362126270246
UBFC_PHYS_s17_T3_ctrl,90,194,96.46666666666667,0.7028858661651611,-0.4865530262936406
UBFC_PHYS_s17_T3_ctrl,90,195,96.5,0.6572577953338623,-0.6479221358694327
UBFC_PHYS_s17_T3_ctrl,90,196,96.53333333333333,0.6142048835754395,-0.7742097714126447
UBFC_PHYS_s17_T3_ctrl,90,197,96.56666666666666,0.6618229150772095,-0.8596118891564859
UBFC_PHYS_s17_T3_ctrl,90,198,96.6,0.8371597528457642,-0.9018759461878805
UBFC_PHYS_s17_T3_ctrl,90,199,96.63333333333334,0.9856089949607849,-0.9013978252003292
UBFC_PHYS_s17_T3_ctrl,90,200,96.66666666666667,0.8901973962783813,-0.860657600998567
UBFC_PHYS_s17_T3_ctrl,90,201,96.7,0.5663411021232605,-0.7835520099583757
UBFC_PHYS_s17_T3_ctrl,90,202,96.73333333333333,0.2151055932044983,-0.6743909760997807
UBFC_PHYS_s17_T3_ctrl,90,203,96.76666666666667,-0.03480702266097069,-0.5369274208625509
UBFC_PHYS_s17_T3_ctrl,90,204,96.8,-0.16608430445194244,-0.3742451609327038
UBFC_PHYS_s17_T3_ctrl,90,205,96.83333333333333,-0.20280449092388153,-0.19002734254931228
UBFC_PHYS_s17_T3_ctrl,90,206,96.86666666666666,-0.2021723836660385,0.009364788830059603
UBFC_PHYS_s17_T3_ctrl,90,207,96.9,-0.23069870471954346,0.21348190996445648
UBFC_PHYS_s17_T3_ctrl,90,208,96.93333333333334,-0.35140591859817505,0.4083094508109042
UBFC_PHYS_s17_T3_ctrl,90,209,96.96666666666667,-0.6021496057510376,0.5787853246237269
UBFC_PHYS_s17_T3_ctrl,90,210,97.0,-0.9433534741401672,0.7120715739438266
UBFC_PHYS_s17_T3_ctrl,90,211,97.03333333333333,-1.3168177604675293,0.7999503506737164
UBFC_PHYS_s17_T3_ctrl,90,212,97.06666666666666,-1.7080626487731934,0.8395762751839755
UBFC_PHYS_s17_T3_ctrl,90,213,97.1,-2.064659357070923,0.8330353387474094
UBFC_PHYS_s17_T3_ctrl,90,214,97.13333333333334,-2.2854838371276855,0.7866447979858974
UBFC_PHYS_s17_T3_ctrl,90,215,97.16666666666667,-2.329519748687744,0.710488446953832
UBFC_PHYS_s17_T3_ctrl,90,216,97.2,-2.2125701904296875,0.6178401494449594
UBFC_PHYS_s17_T3_ctrl,90,217,97.23333333333333,-1.9044928550720215,0.5236566342890714
UBFC_PHYS_s17_T3_ctrl,90,218,97.26666666666667,-1.3795359134674072,0.44167883200419933
UBFC_PHYS_s17_T3_ctrl,90,219,97.3,-0.7706504464149475,0.38058619765980395
UBFC_PHYS_s17_T3_ctrl,90,220,97.33333333333333,-0.27292048931121826,0.3405000586173429
UBFC_PHYS_s17_T3_ctrl,90,221,97.36666666666666,0.0799654945731163,0.3115494545991637
UBFC_PHYS_s17_T3_ctrl,90,222,97.4,0.3704259991645813,0.2759280381095499
UBFC_PHYS_s17_T3_ctrl,90,223,97.43333333333334,0.6036699414253235,0.21361178922116808
UBFC_PHYS_s17_T3_ctrl,90,224,97.46666666666667,0.7186180353164673,0.10997434161273338
UBFC_PHYS_s17_T3_ctrl,90,225,97.5,0.715024471282959,-0.03782083601972036
UBFC_PHYS_s17_T3_ctrl,90,226,97.53333333333333,0.6503398418426514,-0.21845560602968903
UBFC_PHYS_s17_T3_ctrl,90,227,97.56666666666666,0.579685389995575,-0.4090744314341804
UBFC_PHYS_s17_T3_ctrl,90,228,97.6,0.517810046672821,-0.5815410382946281
UBFC_PHYS_s17_T3_ctrl,90,229,97.63333333333334,0.4379901885986328,-0.7096497641125188
UBFC_PHYS_s17_T3_ctrl,90,230,97.66666666666667,0.31826624274253845,-0.7749445828782486
UBFC_PHYS_s17_T3_ctrl,90,231,97.7,0.18132349848747253,-0.7701184328892557
UBFC_PHYS_s17_T3_ctrl,90,232,97.73333333333333,0.05730362609028816,-0.7000770784502391
UBFC_PHYS_s17_T3_ctrl,90,233,97.76666666666667,-0.05841703340411186,-0.5810506612898123
UBFC_PHYS_s17_T3_ctrl,90,234,97.8,-0.1911926120519638,-0.43777510813198933
UBFC_PHYS_s17_T3_ctrl,90,235,97.83333333333333,-0.35620516538619995,-0.2985085315361003
UBFC_PHYS_s17_T3_ctrl,90,236,97.86666666666666,-0.5135037899017334,-0.1881768932788853
UBFC_PHYS_s17_T3_ctrl,90,237,97.9,-0.5514881610870361,-0.12119923314704295
UBFC_PHYS_s17_T3_ctrl,90,238,97.93333333333334,-0.3964253067970276,-0.09672173456645397
UBFC_PHYS_s17_T3_ctrl,90,239,97.96666666666667,-0.12632068991661072,-0.09886246656693501
UBFC_PHYS_s17_T3_ctrl,91,0,91.0,-0.3837716579437256,0.04012697653988775
UBFC_PHYS_s17_T3_ctrl,91,1,91.03333333333333,-0.13765162229537964,0.35948741217653535
UBFC_PHYS_s17_T3_ctrl,91,2,91.06666666666666,0.10859716683626175,0.6571067971286539
UBFC_PHYS_s17_T3_ctrl,91,3,91.1,0.12352169305086136,0.9118961453103841
UBFC_PHYS_s17_T3_ctrl,91,4,91.13333333333334,-0.06559251248836517,1.1049480092233712
UBFC_PHYS_s17_T3_ctrl,91,5,91.16666666666667,-0.2791244089603424,1.222150772778842
UBFC_PHYS_s17_T3_ctrl,91,6,91.2,-0.4045957624912262,1.2568689265923887
UBFC_PHYS_s17_T3_ctrl,91,7,91.23333333333333,-0.4454596936702728,1.211786731045167
UBFC_PHYS_s17_T3_ctrl,91,8,91.26666666666667,-0.4351354241371155,1.0990353554065433
UBFC_PHYS_s17_T3_ctrl,91,9,91.3,-0.41442838311195374,0.9380288632617169
UBFC_PHYS_s17_T3_ctrl,91,10,91.33333333333333,-0.4321154057979584,0.7513906363723273
UBFC_PHYS_s17_T3_ctrl,91,11,91.36666666666666,-0.49919965863227844,0.5602811050493871
UBFC_PHYS_s17_T3_ctrl,91,12,91.4,-0.5616017580032349,0.38057166527451114
UBFC_PHYS_s17_T3_ctrl,91,13,91.43333333333334,-0.537886381149292,0.22079863242014183
UBFC_PHYS_s17_T3_ctrl,91,14,91.46666666666667,-0.38844215869903564,0.08218969083464753
UBFC_PHYS_s17_T3_ctrl,91,15,91.5,-0.15252932906150818,-0.039510658822064726
UBFC_PHYS_s17_T3_ctrl,91,16,91.53333333333333,0.0868600383400917,-0.15112647081667918
UBFC_PHYS_s17_T3_ctrl,91,17,91.56666666666666,0.2751431465148926,-0.25892867686573523
UBFC_PHYS_s17_T3_ctrl,91,18,91.6,0.4029790163040161,-0.3660758352267104
UBFC_PHYS_s17_T3_ctrl,91,19,91.63333333333334,0.47604480385780334,-0.4712456496541396
UBFC_PHYS_s17_T3_ctrl,91,20,91.66666666666667,0.5111144781112671,-0.5690045625284257
UBFC_PHYS_s17_T3_ctrl,91,21,91.7,0.5304520130157471,-0.652013063767405
UBFC_PHYS_s17_T3_ctrl,91,22,91.73333333333333,0.5247865319252014,-0.714187966688648
UBFC_PHYS_s17_T3_ctrl,91,23,91.76666666666667,0.44740140438079834,-0.7532375134559152
UBFC_PHYS_s17_T3_ctrl,91,24,91.8,0.2892014682292938,-0.7713058808810637
UBFC_PHYS_s17_T3_ctrl,91,25,91.83333333333333,0.12822730839252472,-0.7735150072200642
UBFC_PHYS_s17_T3_ctrl,91,26,91.86666666666666,0.02586263045668602,-0.7651790789700316
UBFC_PHYS_s17_T3_ctrl,91,27,91.9,-0.05806586891412735,-0.748831729257272
UBFC_PHYS_s17_T3_ctrl,91,28,91.93333333333334,-0.16978324949741364,-0.7219175078065868
UBFC_PHYS_s17_T3_ctrl,91,29,91.96666666666667,-0.2562752366065979,-0.6756355910321967
UBFC_PHYS_s17_T3_ctrl,91,30,92.0,-0.26525336503982544,-0.5954593127183752
UBFC_PHYS_s17_T3_ctrl,91,31,92.03333333333333,-0.2606882154941559,-0.46401497121818114
UBFC_PHYS_s17_T3_ctrl,91,32,92.06666666666666,-0.2972562313079834,-0.2666836130346768
UBFC_PHYS_s17_T3_ctrl,91,33,92.1,-0.28895702958106995,0.0008588295488710269
UBFC_PHYS_s17_T3_ctrl,91,34,92.13333333333334,-0.12083080410957336,0.325622937315187
UBFC_PHYS_s17_T3_ctrl,91,35,92.16666666666667,0.21127788722515106,0.6743820674781691
UBFC_PHYS_s17_T3_ctrl,91,36,92.2,0.6258285045623779,0.9978403872553311
UBFC_PHYS_s17_T3_ctrl,91,37,92.23333333333333,1.0400981903076172,1.2422947241897255
UBFC_PHYS_s17_T3_ctrl,91,38,92.26666666666667,1.3769124746322632,1.3654606495457506
UBFC_PHYS_s17_T3_ctrl,91,39,92.3,1.5634397268295288,1.350346872586644
UBFC_PHYS_s17_T3_ctrl,91,40,92.33333333333333,1.5871434211730957,1.2111213148389997
UBFC_PHYS_s17_T3_ctrl,91,41,92.36666666666666,1.5295288562774658,0.9881352847964863
UBFC_PHYS_s17_T3_ctrl,91,42,92.4,1.516137719154358,0.7341836834443196
UBFC_PHYS_s17_T3_ctrl,91,43,92.43333333333334,1.5887587070465088,0.4977948859448149
UBFC_PHYS_s17_T3_ctrl,91,44,92.46666666666667,1.687705397605896,0.3097725272061957
UBFC_PHYS_s17_T3_ctrl,91,45,92.5,1.7813377380371094,0.17696938166152382
UBFC_PHYS_s17_T3_ctrl,91,46,92.53333333333333,1.8862543106079102,0.08421091627896961
UBFC_PHYS_s17_T3_ctrl,91,47,92.56666666666666,1.9403454065322876,0.002664068580308007
UBFC_PHYS_s17_T3_ctrl,91,48,92.6,1.8263922929763794,-0.09864842350246962
UBFC_PHYS_s17_T3_ctrl,91,49,92.63333333333334,1.5034841299057007,-0.24191297461127115
UBFC_PHYS_s17_T3_ctrl,91,50,92.66666666666667,1.0134564638137817,-0.4332741478966258
UBFC_PHYS_s17_T3_ctrl,91,51,92.7,0.41217952966690063,-0.6609195846275523
UBFC_PHYS_s17_T3_ctrl,91,52,92.73333333333333,-0.2650777995586395,-0.8982893688826935
UBFC_PHYS_s17_T3_ctrl,91,53,92.76666666666667,-0.9886069893836975,-1.1106694403762443
UBFC_PHYS_s17_T3_ctrl,91,54,92.8,-1.6723374128341675,-1.2628522371047408
UBFC_PHYS_s17_T3_ctrl,91,55,92.83333333333333,-2.1602582931518555,-1.325997726397706
UBFC_PHYS_s17_T3_ctrl,91,56,92.86666666666666,-2.353024482727051,-1.2828273697239965
UBFC_PHYS_s17_T3_ctrl,91,57,92.9,-2.300326347351074,-1.1309722830587683
UBFC_PHYS_s17_T3_ctrl,91,58,92.93333333333334,-2.1310179233551025,-0.884216254992627
UBFC_PHYS_s17_T3_ctrl,91,59,92.96666666666667,-1.9484119415283203,-0.5710649837165158
UBFC_PHYS_s17_T3_ctrl,91,60,93.0,-1.8059909343719482,-0.23029024019115496
UBFC_PHYS_s17_T3_ctrl,91,61,93.03333333333333,-1.702760100364685,0.09606540034463977
UBFC_PHYS_s17_T3_ctrl,91,62,93.06666666666666,-1.5842885971069336,0.37071298883440523
UBFC_PHYS_s17_T3_ctrl,91,63,93.1,-1.4098414182662964,0.5680540209283858
UBFC_PHYS_s17_T3_ctrl,91,64,93.13333333333334,-1.1927745342254639,0.6781400209488413
UBFC_PHYS_s17_T3_ctrl,91,65,93.16666666666667,-0.9826840162277222,0.7067362912731452
UBFC_PHYS_s17_T3_ctrl,91,66,93.2,-0.8233603239059448,0.6718454663088307
UBFC_PHYS_s17_T3_ctrl,91,67,93.23333333333333,-0.7243434190750122,0.5980860317326611
UBFC_PHYS_s17_T3_ctrl,91,68,93.26666666666667,-0.6671152114868164,0.5107301728759125
UBFC_PHYS_s17_T3_ctrl,91,69,93.3,-0.6307461857795715,0.4309206061452243
UBFC_PHYS_s17_T3_ctrl,91,70,93.33333333333333,-0.6055325269699097,0.37284383818298017
UBFC_PHYS_s17_T3_ctrl,91,71,93.36666666666666,-0.5944473743438721,0.34286371392930903
UBFC_PHYS_s17_T3_ctrl,91,72,93.4,-0.6156109571456909,0.340156568453375
UBFC_PHYS_s17_T3_ctrl,91,73,93.43333333333334,-0.666845977306366,0.35827559654949354
UBFC_PHYS_s17_T3_ctrl,91,74,93.46666666666667,-0.6690583229064941,0.38715013060872416
UBFC_PHYS_s17_T3_ctrl,91,75,93.5,-0.5186191201210022,0.41511921314433986
UBFC_PHYS_s17_T3_ctrl,91,76,93.53333333333333,-0.22327741980552673,0.4306714782487111
UBFC_PHYS_s17_T3_ctrl,91,77,93.56666666666666,0.08455405384302139,0.42379828144556353
UBFC_PHYS_s17_T3_ctrl,91,78,93.6,0.32502031326293945,0.38725602386653696
UBFC_PHYS_s17_T3_ctrl,91,79,93.63333333333334,0.4927368462085724,0.3180479030553895
UBFC_PHYS_s17_T3_ctrl,91,80,93.66666666666667,0.5670668482780457,0.21879208425813537
UBFC_PHYS_s17_T3_ctrl,91,81,93.7,0.5420053601264954,0.09798109583963974
UBFC_PHYS_s17_T3_ctrl,91,82,93.73333333333333,0.4882887601852417,-0.031736806064675264
UBFC_PHYS_s17_T3_ctrl,91,83,93.76666666666667,0.46225571632385254,-0.15707603017555372
UBFC_PHYS_s17_T3_ctrl,91,84,93.8,0.4326173663139343,-0.2679137494938032
UBFC_PHYS_s17_T3_ctrl,91,85,93.83333333333333,0.36526384949684143,-0.35939720477616227
UBFC_PHYS_s17_T3_ctrl,91,86,93.86666666666666,0.2732585668563843,-0.43141052403251823
UBFC_PHYS_s17_T3_ctrl,91,87,93.9,0.17921650409698486,-0.486072659373182
UBFC_PHYS_s17_T3_ctrl,91,88,93.93333333333334,0.0836644321680069,-0.524883421049119
UBFC_PHYS_s17_T3_ctrl,91,89,93.96666666666667,-0.03795580193400383,-0.5470126481658071
UBFC_PHYS_s17_T3_ctrl,91,90,94.0,-0.21486115455627441,-0.5493701707585408
UBFC_PHYS_s17_T3_ctrl,91,91,94.03333333333333,-0.44417208433151245,-0.5281436807249621
UBFC_PHYS_s17_T3_ctrl,91,92,94.06666666666666,-0.6436573266983032,-0.480961478322334
UBFC_PHYS_s17_T3_ctrl,91,93,94.1,-0.6784695386886597,-0.4087538140607632
UBFC_PHYS_s17_T3_ctrl,91,94,94.13333333333334,-0.5134686827659607,-0.3165648419038088
UBFC_PHYS_s17_T3_ctrl,91,95,94.16666666666667,-0.29445862770080566,-0.21294731355122407
UBFC_PHYS_s17_T3_ctrl,91,96,94.2,-0.16043053567409515,-0.10810810419081017
UBFC_PHYS_s17_T3_ctrl,91,97,94.23333333333333,-0.09137974679470062,-0.011488768459728493
UBFC_PHYS_s17_T3_ctrl,91,98,94.26666666666667,-0.04952084645628929,0.07027743259327296
UBFC_PHYS_s17_T3_ctrl,91,99,94.3,-0.07952206581830978,0.13429162417324558
UBFC_PHYS_s17_T3_ctrl,91,100,94.33333333333333,-0.16950231790542603,0.18106540930532491
UBFC_PHYS_s17_T3_ctrl,91,101,94.36666666666666,-0.21833769977092743,0.21339361143105506
UBFC_PHYS_s17_T3_ctrl,91,102,94.4,-0.18971772491931915,0.23503115369039154
UBFC_PHYS_s17_T3_ctrl,91,103,94.43333333333334,-0.15570151805877686,0.2495780503149356
UBFC_PHYS_s17_T3_ctrl,91,104,94.46666666666667,-0.1585693657398224,0.25969381504608763
UBFC_PHYS_s17_T3_ctrl,91,105,94.5,-0.15077349543571472,0.2666192398387356
UBFC_PHYS_s17_T3_ctrl,91,106,94.53333333333333,-0.11173562705516815,0.27001603388653994
UBFC_PHYS_s17_T3_ctrl,91,107,94.56666666666666,-0.11659341305494308,0.2681656268415205
UBFC_PHYS_s17_T3_ctrl,91,108,94.6,-0.2637784779071808,0.2584535706782429
UBFC_PHYS_s17_T3_ctrl,91,109,94.63333333333334,-0.6227864623069763,0.2379255616317663
UBFC_PHYS_s17_T3_ctrl,91,110,94.66666666666667,-1.1304075717926025,0.20372601042398336
UBFC_PHYS_s17_T3_ctrl,91,111,94.7,-1.4972113370895386,0.15345333534178396
UBFC_PHYS_s17_T3_ctrl,91,112,94.73333333333333,-1.4329012632369995,0.08573951962150347
UBFC_PHYS_s17_T3_ctrl,91,113,94.76666666666667,-0.9763278961181641,0.0014066295214002818
UBFC_PHYS_s17_T3_ctrl,91,114,94.8,-0.4165002405643463,-0.0948072277475526
UBFC_PHYS_s17_T3_ctrl,91,115,94.83333333333333,0.04722518473863602,-0.19259947936378577
UBFC_PHYS_s17_T3_ctrl,91,116,94.86666666666666,0.34151336550712585,-0.2757176095555207
UBFC_PHYS_s17_T3_ctrl,91,117,94.9,0.4462074637413025,-0.32398058394098006
UBFC_PHYS_s17_T3_ctrl,91,118,94.93333333333334,0.4308849275112152,-0.31801947181768914
UBFC_PHYS_s17_T3_ctrl,91,119,94.96666666666667,0.42078307271003723,-0.24577568204083267
UBFC_PHYS_s17_T3_ctrl,91,120,95.0,0.4542842507362366,-0.10871147823247802
UBFC_PHYS_s17_T3_ctrl,91,121,95.03333333333333,0.46037110686302185,0.07466819657820224
UBFC_PHYS_s17_T3_ctrl,91,122,95.06666666666666,0.41043540835380554,0.26982250756748244
UBFC_PHYS_s17_T3_ctrl,91,123,95.1,0.36027732491493225,0.4323883386258199
UBFC_PHYS_s17_T3_ctrl,91,124,95.13333333333334,0.3464765250682831,0.5188458719449341
UBFC_PHYS_s17_T3_ctrl,91,125,95.16666666666667,0.34372571110725403,0.4990912823575847
UBFC_PHYS_s17_T3_ctrl,91,126,95.2,0.3122730255126953,0.36664727199575947
UBFC_PHYS_s17_T3_ctrl,91,127,95.23333333333333,0.23588286340236664,0.14219911670427698
UBFC_PHYS_s17_T3_ctrl,91,128,95.26666666666667,0.11739970743656158,-0.13131160473981573
UBFC_PHYS_s17_T3_ctrl,91,129,95.3,-0.004267349373549223,-0.40019618198407075
UBFC_PHYS_s17_T3_ctrl,91,130,95.33333333333333,-0.030499394983053207,-0.6138646318478708
UBFC_PHYS_s17_T3_ctrl,91,131,95.36666666666666,0.11039981245994568,-0.7364816168050734
UBFC_PHYS_s17_T3_ctrl,91,132,95.4,0.359083354473114,-0.7534870993466064
UBFC_PHYS_s17_T3_ctrl,91,133,95.43333333333334,0.5933340191841125,-0.6722211572420683
UBFC_PHYS_s17_T3_ctrl,91,134,95.46666666666667,0.7590254545211792,-0.5175333700438227
UBFC_PHYS_s17_T3_ctrl,91,135,95.5,0.8532080054283142,-0.3241766280874707
UBFC_PHYS_s17_T3_ctrl,91,136,95.53333333333333,0.8620222210884094,-0.12821611168974975
UBFC_PHYS_s17_T3_ctrl,91,137,95.56666666666666,0.8088792562484741,0.04042850376685312
UBFC_PHYS_s17_T3_ctrl,91,138,95.6,0.764363169670105,0.16287490235116767
UBFC_PHYS_s17_T3_ctrl,91,139,95.63333333333334,0.7702978849411011,0.23306472189333627
UBFC_PHYS_s17_T3_ctrl,91,140,95.66666666666667,0.7935684323310852,0.2566190605206083
UBFC_PHYS_s17_T3_ctrl,91,141,95.7,0.7826939821243286,0.24741216428920662
UBFC_PHYS_s17_T3_ctrl,91,142,95.73333333333333,0.7259339690208435,0.22284513584209403
UBFC_PHYS_s17_T3_ctrl,91,143,95.76666666666667,0.6435506343841553,0.19900922342197186
UBFC_PHYS_s17_T3_ctrl,91,144,95.8,0.5626187324523926,0.18693086889766997
UBFC_PHYS_s17_T3_ctrl,91,145,95.83333333333333,0.4877620041370392,0.1907600460491647
UBFC_PHYS_s17_T3_ctrl,91,146,95.86666666666666,0.3746867775917053,0.20811295098827526
UBFC_PHYS_s17_T3_ctrl,91,147,95.9,0.18199071288108826,0.2321201906580656
UBFC_PHYS_s17_T3_ctrl,91,148,95.93333333333334,-0.018091555684804916,0.25438454568473906
UBFC_PHYS_s17_T3_ctrl,91,149,95.96666666666667,-0.06377815455198288,0.268063602075801
UBFC_PHYS_s17_T3_ctrl,91,150,96.0,0.09592010080814362,0.2704626349230813
UBFC_PHYS_s17_T3_ctrl,91,151,96.03333333333333,0.3015507757663727,0.26452888883196474
UBFC_PHYS_s17_T3_ctrl,91,152,96.06666666666666,0.3718072474002838,0.25846417310581865
UBFC_PHYS_s17_T3_ctrl,91,153,96.1,0.28993889689445496,0.2628922325016747
UBFC_PHYS_s17_T3_ctrl,91,154,96.13333333333334,0.13436098396778107,0.28602761417933587
UBFC_PHYS_s17_T3_ctrl,91,155,96.16666666666667,-0.023768726736307144,0.32859715623224695
UBFC_PHYS_s17_T3_ctrl,91,156,96.2,-0.0946572870016098,0.3809632063124722
UBFC_PHYS_s17_T3_ctrl,91,157,96.23333333333333,0.013384558260440826,0.42436060051674596
UBFC_PHYS_s17_T3_ctrl,91,158,96.26666666666667,0.26882216334342957,0.4364005034592748
UBFC_PHYS_s17_T3_ctrl,91,159,96.3,0.5076613426208496,0.398836918931917
UBFC_PHYS_s17_T3_ctrl,91,160,96.33333333333333,0.6266478896141052,0.3042242232036002
UBFC_PHYS_s17_T3_ctrl,91,161,96.36666666666666,0.6624550223350525,0.1584717579412551
UBFC_PHYS_s17_T3_ctrl,91,162,96.4,0.6870365738868713,-0.021586599868520347
UBFC_PHYS_s17_T3_ctrl,91,163,96.43333333333334,0.7103773951530457,-0.2140382632861291
UBFC_PHYS_s17_T3_ctrl,91,164,96.46666666666667,0.7028858661651611,-0.39832495857763395
UBFC_PHYS_s17_T3_ctrl,91,165,96.5,0.6572577953338623,-0.5597620127097097
UBFC_PHYS_s17_T3_ctrl,91,166,96.53333333333333,0.6142048835754395,-0.6910193443400092
UBFC_PHYS_s17_T3_ctrl,91,167,96.56666666666666,0.6618229150772095,-0.7909257319174129
UBFC_PHYS_s17_T3_ctrl,91,168,96.6,0.8371597528457642,-0.8617873727303846
UBFC_PHYS_s17_T3_ctrl,91,169,96.63333333333334,0.9856089949607849,-0.9064575708587214
UBFC_PHYS_s17_T3_ctrl,91,170,96.66666666666667,0.8901973962783813,-0.9259741258178369
UBFC_PHYS_s17_T3_ctrl,91,171,96.7,0.5663411021232605,-0.9181118970305233
UBFC_PHYS_s17_T3_ctrl,91,172,96.73333333333333,0.2151055932044983,-0.8769965791839287
UBFC_PHYS_s17_T3_ctrl,91,173,96.76666666666667,-0.03480702266097069,-0.7940696301017783
UBFC_PHYS_s17_T3_ctrl,91,174,96.8,-0.16608430445194244,-0.6608572003542544
UBFC_PHYS_s17_T3_ctrl,91,175,96.83333333333333,-0.20280449092388153,-0.4734616772892958
UBFC_PHYS_s17_T3_ctrl,91,176,96.86666666666666,-0.2021723836660385,-0.23732360282677076
UBFC_PHYS_s17_T3_ctrl,91,177,96.9,-0.23069870471954346,0.03023430349980885
UBFC_PHYS_s17_T3_ctrl,91,178,96.93333333333334,-0.35140591859817505,0.3016655874185677
UBFC_PHYS_s17_T3_ctrl,91,179,96.96666666666667,-0.6021496057510376,0.5451006861437231
UBFC_PHYS_s17_T3_ctrl,91,180,97.0,-0.9433534741401672,0.7322908311664829
UBFC_PHYS_s17_T3_ctrl,91,181,97.03333333333333,-1.3168177604675293,0.845406835684281
UBFC_PHYS_s17_T3_ctrl,91,182,97.06666666666666,-1.7080626487731934,0.8804570591888323
UBFC_PHYS_s17_T3_ctrl,91,183,97.1,-2.064659357070923,0.8468922957295139
UBFC_PHYS_s17_T3_ctrl,91,184,97.13333333333334,-2.2854838371276855,0.7642039416997795
UBFC_PHYS_s17_T3_ctrl,91,185,97.16666666666667,-2.329519748687744,0.6567888404488791
UBFC_PHYS_s17_T3_ctrl,91,186,97.2,-2.2125701904296875,0.5484379058298874
UBFC_PHYS_s17_T3_ctrl,91,187,97.23333333333333,-1.9044928550720215,0.45764284689037604
UBFC_PHYS_s17_T3_ctrl,91,188,97.26666666666667,-1.3795359134674072,0.3945177966457295
UBFC_PHYS_s17_T3_ctrl,91,189,97.3,-0.7706504464149475,0.35961226745725255
UBFC_PHYS_s17_T3_ctrl,91,190,97.33333333333333,-0.27292048931121826,0.34445844116537117
UBFC_PHYS_s17_T3_ctrl,91,191,97.36666666666666,0.0799654945731163,0.33362054329932456
UBFC_PHYS_s17_T3_ctrl,91,192,97.4,0.3704259991645813,0.3082340879940522
UBFC_PHYS_s17_T3_ctrl,91,193,97.43333333333334,0.6036699414253235,0.25088578456405847
UBFC_PHYS_s17_T3_ctrl,91,194,97.46666666666667,0.7186180353164673,0.15085241962580692
UBFC_PHYS_s17_T3_ctrl,91,195,97.5,0.715024471282959,0.007937508484223945
UBFC_PHYS_s17_T3_ctrl,91,196,97.53333333333333,0.6503398418426514,-0.1666714809358151
UBFC_PHYS_s17_T3_ctrl,91,197,97.56666666666666,0.579685389995575,-0.3529041778787094
UBFC_PHYS_s17_T3_ctrl,91,198,97.6,0.517810046672821,-0.526532704214819
UBFC_PHYS_s17_T3_ctrl,91,199,97.63333333333334,0.4379901885986328,-0.6642163155794857
UBFC_PHYS_s17_T3_ctrl,91,200,97.66666666666667,0.31826624274253845,-0.7474628966450099
UBFC_PHYS_s17_T3_ctrl,91,201,97.7,0.18132349848747253,-0.7652059141635318
UBFC_PHYS_s17_T3_ctrl,91,202,97.73333333333333,0.05730362609028816,-0.7153698647109712
UBFC_PHYS_s17_T3_ctrl,91,203,97.76666666666667,-0.05841703340411186,-0.6056455930323312
UBFC_PHYS_s17_T3_ctrl,91,204,97.8,-0.1911926120519638,-0.45303198290908914
UBFC_PHYS_s17_T3_ctrl,91,205,97.83333333333333,-0.35620516538619995,-0.28134293252397063
UBFC_PHYS_s17_T3_ctrl,91,206,97.86666666666666,-0.5135037899017334,-0.11643667868550286
UBFC_PHYS_s17_T3_ctrl,91,207,97.9,-0.5514881610870361,0.019846147057006186
UBFC_PHYS_s17_T3_ctrl,91,208,97.93333333333334,-0.3964253067970276,0.11496086220258192
UBFC_PHYS_s17_T3_ctrl,91,209,97.96666666666667,-0.12632068991661072,0.16799331195223488
UBFC_PHYS_s17_T3_ctrl,91,210,98.0,0.1071573868393898,0.18810155463321182
UBFC_PHYS_s17_T3_ctrl,91,211,98.03333333333333,0.2366437315940857,0.18991507975925348
UBFC_PHYS_s17_T3_ctrl,91,212,98.06666666666666,0.2975943088531494,0.18803735933323265
UBFC_PHYS_s17_T3_ctrl,91,213,98.1,0.32189494371414185,0.1928659019332862
UBFC_PHYS_s17_T3_ctrl,91,214,98.13333333333334,0.32559388875961304,0.20882794794911444
UBFC_PHYS_s17_T3_ctrl,91,215,98.16666666666667,0.3345954120159149,0.23476405403702597
UBFC_PHYS_s17_T3_ctrl,91,216,98.2,0.36350804567337036,0.26551497734229607
UBFC_PHYS_s17_T3_ctrl,91,217,98.23333333333333,0.3894123136997223,0.2938644950075567
UBFC_PHYS_s17_T3_ctrl,91,218,98.26666666666667,0.3863922953605652,0.3124186138566573
UBFC_PHYS_s17_T3_ctrl,91,219,98.3,0.3492858409881592,0.315310006901006
UBFC_PHYS_s17_T3_ctrl,91,220,98.33333333333333,0.2702736556529999,0.299593133209631
UBFC_PHYS_s17_T3_ctrl,91,221,98.36666666666666,0.15344096720218658,0.2659941129854906
UBFC_PHYS_s17_T3_ctrl,91,222,98.4,0.03815341368317604,0.21861995395894704
UBFC_PHYS_s17_T3_ctrl,91,223,98.43333333333334,-0.05408599600195885,0.16352947068272425
UBFC_PHYS_s17_T3_ctrl,91,224,98.46666666666667,-0.15662625432014465,0.10663314031716725
UBFC_PHYS_s17_T3_ctrl,91,225,98.5,-0.2965070903301239,0.05174809936997511
UBFC_PHYS_s17_T3_ctrl,91,226,98.53333333333333,-0.42772582173347473,-0.0005290921196131441
UBFC_PHYS_s17_T3_ctrl,91,227,98.56666666666666,-0.4421938359737396,-0.05283540736999016
UBFC_PHYS_s17_T3_ctrl,91,228,98.6,-0.27705252170562744,-0.10984537127615103
UBFC_PHYS_s17_T3_ctrl,91,229,98.63333333333334,-0.008493037894368172,-0.17598596221311344
UBFC_PHYS_s17_T3_ctrl,91,230,98.66666666666667,0.22830940783023834,-0.25264153796399047
UBFC_PHYS_s17_T3_ctrl,91,231,98.7,0.38643911480903625,-0.33590026769174947
UBFC_PHYS_s17_T3_ctrl,91,232,98.73333333333333,0.47739091515541077,-0.41596718809151295
UBFC_PHYS_s17_T3_ctrl,91,233,98.76666666666667,0.49586221575737,-0.4788334743695673
UBFC_PHYS_s17_T3_ctrl,91,234,98.8,0.4788306951522827,-0.5098072749197586
UBFC_PHYS_s17_T3_ctrl,91,235,98.83333333333333,0.4958973228931427,-0.4976508910311216
UBFC_PHYS_s17_T3_ctrl,91,236,98.86666666666666,0.5465587973594666,-0.4378494052146442
UBFC_PHYS_s17_T3_ctrl,91,237,98.9,0.5825297832489014,-0.33396633778007756
UBFC_PHYS_s17_T3_ctrl,91,238,98.93333333333334,0.5924912095069885,-0.19684211465243856
UBFC_PHYS_s17_T3_ctrl,91,239,98.96666666666667,0.5852571725845337,-0.042288325631459046
UBFC_PHYS_s17_T3_ctrl,92,0,92.0,-0.26525336503982544,0.12579814601788086
UBFC_PHYS_s17_T3_ctrl,92,1,92.03333333333333,-0.2606882154941559,0.3203688934316639
UBFC_PHYS_s17_T3_ctrl,92,2,92.06666666666666,-0.2972562313079834,0.49665350085910015
UBFC_PHYS_s17_T3_ctrl,92,3,92.1,-0.28895702958106995,0.6379356273113924
UBFC_PHYS_s17_T3_ctrl,92,4,92.13333333333334,-0.12083080410957336,0.7301496374218529
UBFC_PHYS_s17_T3_ctrl,92,5,92.16666666666667,0.21127788722515106,0.7634047129408292
UBFC_PHYS_s17_T3_ctrl,92,6,92.2,0.6258285045623779,0.7335104660632605
UBFC_PHYS_s17_T3_ctrl,92,7,92.23333333333333,1.0400981903076172,0.6435262487641848
UBFC_PHYS_s17_T3_ctrl,92,8,92.26666666666667,1.3769124746322632,0.5048694762776645
UBFC_PHYS_s17_T3_ctrl,92,9,92.3,1.5634397268295288,0.33700488564280157
UBFC_PHYS_s17_T3_ctrl,92,10,92.33333333333333,1.5871434211730957,0.1649615175016708
UBFC_PHYS_s17_T3_ctrl,92,11,92.36666666666666,1.5295288562774658,0.014736470511351983
UBFC_PHYS_s17_T3_ctrl,92,12,92.4,1.516137719154358,-0.09251680879037377
UBFC_PHYS_s17_T3_ctrl,92,13,92.43333333333334,1.5887587070465088,-0.14606396575025524
UBFC_PHYS_s17_T3_ctrl,92,14,92.46666666666667,1.687705397605896,-0.1493028905784915
UBFC_PHYS_s17_T3_ctrl,92,15,92.5,1.7813377380371094,-0.12018613332235327
UBFC_PHYS_s17_T3_ctrl,92,16,92.53333333333333,1.8862543106079102,-0.08752016047251723
UBFC_PHYS_s17_T3_ctrl,92,17,92.56666666666666,1.9403454065322876,-0.08343696309018112
UBFC_PHYS_s17_T3_ctrl,92,18,92.6,1.8263922929763794,-0.13384437326288126
UBFC_PHYS_s17_T3_ctrl,92,19,92.63333333333334,1.5034841299057007,-0.2498261918124064
UBFC_PHYS_s17_T3_ctrl,92,20,92.66666666666667,1.0134564638137817,-0.4230145328166231
UBFC_PHYS_s17_T3_ctrl,92,21,92.7,0.41217952966690063,-0.6266965888443434
UBFC_PHYS_s17_T3_ctrl,92,22,92.73333333333333,-0.2650777995586395,-0.8223138394946142
UBFC_PHYS_s17_T3_ctrl,92,23,92.76666666666667,-0.9886069893836975,-0.9690904345122271
UBFC_PHYS_s17_T3_ctrl,92,24,92.8,-1.6723374128341675,-1.0337139208554096
UBFC_PHYS_s17_T3_ctrl,92,25,92.83333333333333,-2.1602582931518555,-0.997480512153174
UBFC_PHYS_s17_T3_ctrl,92,26,92.86666666666666,-2.353024482727051,-0.8596267272333675
UBFC_PHYS_s17_T3_ctrl,92,27,92.9,-2.300326347351074,-0.6368025408788268
UBFC_PHYS_s17_T3_ctrl,92,28,92.93333333333334,-2.1310179233551025,-0.3592352172579468
UBFC_PHYS_s17_T3_ctrl,92,29,92.96666666666667,-1.9484119415283203,-0.06443076334752507
UBFC_PHYS_s17_T3_ctrl,92,30,93.0,-1.8059909343719482,0.21027157329318055
UBFC_PHYS_s17_T3_ctrl,92,31,93.03333333333333,-1.702760100364685,0.43456117396034855
UBFC_PHYS_s17_T3_ctrl,92,32,93.06666666666666,-1.5842885971069336,0.5898039937297612
UBFC_PHYS_s17_T3_ctrl,92,33,93.1,-1.4098414182662964,0.6705702583437038
UBFC_PHYS_s17_T3_ctrl,92,34,93.13333333333334,-1.1927745342254639,0.68320879282786
UBFC_PHYS_s17_T3_ctrl,92,35,93.16666666666667,-0.9826840162277222,0.6425009353215211
UBFC_PHYS_s17_T3_ctrl,92,36,93.2,-0.8233603239059448,0.5676745190504396
UBFC_PHYS_s17_T3_ctrl,92,37,93.23333333333333,-0.7243434190750122,0.47879218027788856
UBFC_PHYS_s17_T3_ctrl,92,38,93.26666666666667,-0.6671152114868164,0.3940555279465431
UBFC_PHYS_s17_T3_ctrl,92,39,93.3,-0.6307461857795715,0.3280353571101226
UBFC_PHYS_s17_T3_ctrl,92,40,93.33333333333333,-0.6055325269699097,0.29040882297320153
UBFC_PHYS_s17_T3_ctrl,92,41,93.36666666666666,-0.5944473743438721,0.2848059789678013
UBFC_PHYS_s17_T3_ctrl,92,42,93.4,-0.6156109571456909,0.3079278851885678
UBFC_PHYS_s17_T3_ctrl,92,43,93.43333333333334,-0.666845977306366,0.34966513666754206
UBFC_PHYS_s17_T3_ctrl,92,44,93.46666666666667,-0.6690583229064941,0.394906484063319
UBFC_PHYS_s17_T3_ctrl,92,45,93.5,-0.5186191201210022,0.42696973590660475
UBFC_PHYS_s17_T3_ctrl,92,46,93.53333333333333,-0.22327741980552673,0.43156657447781094
UBFC_PHYS_s17_T3_ctrl,92,47,93.56666666666666,0.08455405384302139,0.39979557208403216
UBFC_PHYS_s17_T3_ctrl,92,48,93.6,0.32502031326293945,0.3292937391266563
UBFC_PHYS_s17_T3_ctrl,92,49,93.63333333333334,0.4927368462085724,0.22372595451215732
UBFC_PHYS_s17_T3_ctrl,92,50,93.66666666666667,0.5670668482780457,0.09137617417485927
UBFC_PHYS_s17_T3_ctrl,92,51,93.7,0.5420053601264954,-0.05645812256720657
UBFC_PHYS_s17_T3_ctrl,92,52,93.73333333333333,0.4882887601852417,-0.2069650125941769
UBFC_PHYS_s17_T3_ctrl,92,53,93.76666666666667,0.46225571632385254,-0.3472296728541736
UBFC_PHYS_s17_T3_ctrl,92,54,93.8,0.4326173663139343,-0.46560108486289753
UBFC_PHYS_s17_T3_ctrl,92,55,93.83333333333333,0.36526384949684143,-0.5529447749852093
UBFC_PHYS_s17_T3_ctrl,92,56,93.86666666666666,0.2732585668563843,-0.6036932999805926
UBFC_PHYS_s17_T3_ctrl,92,57,93.9,0.17921650409698486,-0.6166323691470623
UBFC_PHYS_s17_T3_ctrl,92,58,93.93333333333334,0.0836644321680069,-0.5952795384531813
UBFC_PHYS_s17_T3_ctrl,92,59,93.96666666666667,-0.03795580193400383,-0.5474872229552725
UBFC_PHYS_s17_T3_ctrl,92,60,94.0,-0.21486115455627441,-0.4837798114667446
UBFC_PHYS_s17_T3_ctrl,92,61,94.03333333333333,-0.44417208433151245,-0.4144802866168489
UBFC_PHYS_s17_T3_ctrl,92,62,94.06666666666666,-0.6436573266983032,-0.34684139360747285
UBFC_PHYS_s17_T3_ctrl,92,63,94.1,-0.6784695386886597,-0.28382068862998233
UBFC_PHYS_s17_T3_ctrl,92,64,94.13333333333334,-0.5134686827659607,-0.2249703226968162
UBFC_PHYS_s17_T3_ctrl,92,65,94.16666666666667,-0.29445862770080566,-0.16839445102273187
UBFC_PHYS_s17_T3_ctrl,92,66,94.2,-0.16043053567409515,-0.11238999851719277
UBFC_PHYS_s17_T3_ctrl,92,67,94.23333333333333,-0.09137974679470062,-0.056120062639624595
UBFC_PHYS_s17_T3_ctrl,92,68,94.26666666666667,-0.04952084645628929,0.00046456451794849116
UBFC_PHYS_s17_T3_ctrl,92,69,94.3,-0.07952206581830978,0.05687272435429615
UBFC_PHYS_s17_T3_ctrl,92,70,94.33333333333333,-0.16950231790542603,0.1121396711221784
UBFC_PHYS_s17_T3_ctrl,92,71,94.36666666666666,-0.21833769977092743,0.16477870680467185
UBFC_PHYS_s17_T3_ctrl,92,72,94.4,-0.18971772491931915,0.21283273376680664
UBFC_PHYS_s17_T3_ctrl,92,73,94.43333333333334,-0.15570151805877686,0.25414270860075394
UBFC_PHYS_s17_T3_ctrl,92,74,94.46666666666667,-0.1585693657398224,0.2868146111661703
UBFC_PHYS_s17_T3_ctrl,92,75,94.5,-0.15077349543571472,0.30975085063479363
UBFC_PHYS_s17_T3_ctrl,92,76,94.53333333333333,-0.11173562705516815,0.32301647889467566
UBFC_PHYS_s17_T3_ctrl,92,77,94.56666666666666,-0.11659341305494308,0.3278038610535653
UBFC_PHYS_s17_T3_ctrl,92,78,94.6,-0.2637784779071808,0.3258921692372587
UBFC_PHYS_s17_T3_ctrl,92,79,94.63333333333334,-0.6227864623069763,0.3187157664314245
UBFC_PHYS_s17_T3_ctrl,92,80,94.66666666666667,-1.1304075717926025,0.30636496649793826
UBFC_PHYS_s17_T3_ctrl,92,81,94.7,-1.4972113370895386,0.28698937382221984
UBFC_PHYS_s17_T3_ctrl,92,82,94.73333333333333,-1.4329012632369995,0.2570937362551464
UBFC_PHYS_s17_T3_ctrl,92,83,94.76666666666667,-0.9763278961181641,0.21299932173582475
UBFC_PHYS_s17_T3_ctrl,92,84,94.8,-0.4165002405643463,0.1532583343092935
UBFC_PHYS_s17_T3_ctrl,92,85,94.83333333333333,0.04722518473863602,0.08120900126670169
UBFC_PHYS_s17_T3_ctrl,92,86,94.86666666666666,0.34151336550712585,0.006436960676332606
UBFC_PHYS_s17_T3_ctrl,92,87,94.9,0.4462074637413025,-0.05601590292208766
UBFC_PHYS_s17_T3_ctrl,92,88,94.93333333333334,0.4308849275112152,-0.08915984414758267
UBFC_PHYS_s17_T3_ctrl,92,89,94.96666666666667,0.42078307271003723,-0.0796895262518362
UBFC_PHYS_s17_T3_ctrl,92,90,95.0,0.4542842507362366,-0.024133938383819657
UBFC_PHYS_s17_T3_ctrl,92,91,95.03333333333333,0.46037110686302185,0.06675170386460316
UBFC_PHYS_s17_T3_ctrl,92,92,95.06666666666666,0.41043540835380554,0.16766740102957692
UBFC_PHYS_s17_T3_ctrl,92,93,95.1,0.36027732491493225,0.24391280298303783
UBFC_PHYS_s17_T3_ctrl,92,94,95.13333333333334,0.3464765250682831,0.2614142026390441
UBFC_PHYS_s17_T3_ctrl,92,95,95.16666666666667,0.34372571110725403,0.19849653144354484
UBFC_PHYS_s17_T3_ctrl,92,96,95.2,0.3122730255126953,0.0543831457127141
UBFC_PHYS_s17_T3_ctrl,92,97,95.23333333333333,0.23588286340236664,-0.149824925911064
UBFC_PHYS_s17_T3_ctrl,92,98,95.26666666666667,0.11739970743656158,-0.3780918912621109
UBFC_PHYS_s17_T3_ctrl,92,99,95.3,-0.004267349373549223,-0.5906299378336433
UBFC_PHYS_s17_T3_ctrl,92,100,95.33333333333333,-0.030499394983053207,-0.754332289275452
UBFC_PHYS_s17_T3_ctrl,92,101,95.36666666666666,0.11039981245994568,-0.8489619187881496
UBFC_PHYS_s17_T3_ctrl,92,102,95.4,0.359083354473114,-0.8682198296174761
UBFC_PHYS_s17_T3_ctrl,92,103,95.43333333333334,0.5933340191841125,-0.8170524331552754
UBFC_PHYS_s17_T3_ctrl,92,104,95.46666666666667,0.7590254545211792,-0.7075351140359893
UBFC_PHYS_s17_T3_ctrl,92,105,95.5,0.8532080054283142,-0.5553038413249362
UBFC_PHYS_s17_T3_ctrl,92,106,95.53333333333333,0.8620222210884094,-0.3773435004943871
UBFC_PHYS_s17_T3_ctrl,92,107,95.56666666666666,0.8088792562484741,-0.19080882823971762
UBFC_PHYS_s17_T3_ctrl,92,108,95.6,0.764363169670105,-0.012075930456772629
UBFC_PHYS_s17_T3_ctrl,92,109,95.63333333333334,0.7702978849411011,0.14455815283693538
UBFC_PHYS_s17_T3_ctrl,92,110,95.66666666666667,0.7935684323310852,0.26854036862039304
UBFC_PHYS_s17_T3_ctrl,92,111,95.7,0.7826939821243286,0.35459473537278835
UBFC_PHYS_s17_T3_ctrl,92,112,95.73333333333333,0.7259339690208435,0.4034654775295118
UBFC_PHYS_s17_T3_ctrl,92,113,95.76666666666667,0.6435506343841553,0.42142663691212323
UBFC_PHYS_s17_T3_ctrl,92,114,95.8,0.5626187324523926,0.41854574393754257
UBFC_PHYS_s17_T3_ctrl,92,115,95.83333333333333,0.4877620041370392,0.40611405093636066
UBFC_PHYS_s17_T3_ctrl,92,116,95.86666666666666,0.3746867775917053,0.39390828606674966
UBFC_PHYS_s17_T3_ctrl,92,117,95.9,0.18199071288108826,0.3880099134358651
UBFC_PHYS_s17_T3_ctrl,92,118,95.93333333333334,-0.018091555684804916,0.3898211453021148
UBFC_PHYS_s17_T3_ctrl,92,119,95.96666666666667,-0.06377815455198288,0.39669419431010233
UBFC_PHYS_s17_T3_ctrl,92,120,96.0,0.09592010080814362,0.4041706808819746
UBFC_PHYS_s17_T3_ctrl,92,121,96.03333333333333,0.3015507757663727,0.4090935299228108
UBFC_PHYS_s17_T3_ctrl,92,122,96.06666666666666,0.3718072474002838,0.4120269950021363
UBFC_PHYS_s17_T3_ctrl,92,123,96.1,0.28993889689445496,0.41731571785065813
UBFC_PHYS_s17_T3_ctrl,92,124,96.13333333333334,0.13436098396778107,0.43023928724550087
UBFC_PHYS_s17_T3_ctrl,92,125,96.16666666666667,-0.023768726736307144,0.4524607029972217
UBFC_PHYS_s17_T3_ctrl,92,126,96.2,-0.0946572870016098,0.478218622160299
UBFC_PHYS_s17_T3_ctrl,92,127,96.23333333333333,0.013384558260440826,0.49369917982638334
UBFC_PHYS_s17_T3_ctrl,92,128,96.26666666666667,0.26882216334342957,0.4806055373088192
UBFC_PHYS_s17_T3_ctrl,92,129,96.3,0.5076613426208496,0.42273046303758166
UBFC_PHYS_s17_T3_ctrl,92,130,96.33333333333333,0.6266478896141052,0.31248624737844427
UBFC_PHYS_s17_T3_ctrl,92,131,96.36666666666666,0.6624550223350525,0.154160561645033
UBFC_PHYS_s17_T3_ctrl,92,132,96.4,0.6870365738868713,-0.03749176929818206
UBFC_PHYS_s17_T3_ctrl,92,133,96.43333333333334,0.7103773951530457,-0.24219774156500512
UBFC_PHYS_s17_T3_ctrl,92,134,96.46666666666667,0.7028858661651611,-0.4400521152554008
UBFC_PHYS_s17_T3_ctrl,92,135,96.5,0.6572577953338623,-0.6158674099292023
UBFC_PHYS_s17_T3_ctrl,92,136,96.53333333333333,0.6142048835754395,-0.7608161909513513
UBFC_PHYS_s17_T3_ctrl,92,137,96.56666666666666,0.6618229150772095,-0.8716742679546312
UBFC_PHYS_s17_T3_ctrl,92,138,96.6,0.8371597528457642,-0.9487760273844313
UBFC_PHYS_s17_T3_ctrl,92,139,96.63333333333334,0.9856089949607849,-0.9937834912539115
UBFC_PHYS_s17_T3_ctrl,92,140,96.66666666666667,0.8901973962783813,-1.0079109996433717
UBFC_PHYS_s17_T3_ctrl,92,141,96.7,0.5663411021232605,-0.9907956938038709
UBFC_PHYS_s17_T3_ctrl,92,142,96.73333333333333,0.2151055932044983,-0.940069519475027
UBFC_PHYS_s17_T3_ctrl,92,143,96.76666666666667,-0.03480702266097069,-0.8518683248993975
UBFC_PHYS_s17_T3_ctrl,92,144,96.8,-0.16608430445194244,-0.7226626985954453
UBFC_PHYS_s17_T3_ctrl,92,145,96.83333333333333,-0.20280449092388153,-0.5523457744263057
UBFC_PHYS_s17_T3_ctrl,92,146,96.86666666666666,-0.2021723836660385,-0.34741131443512896
UBFC_PHYS_s17_T3_ctrl,92,147,96.9,-0.23069870471954346,-0.122287863331212
UBFC_PHYS_s17_T3_ctrl,92,148,96.93333333333334,-0.35140591859817505,0.10258102852444456
UBFC_PHYS_s17_T3_ctrl,92,149,96.96666666666667,-0.6021496057510376,0.3056717095477503
UBFC_PHYS_s17_T3_ctrl,92,150,97.0,-0.9433534741401672,0.47030275940422517
UBFC_PHYS_s17_T3_ctrl,92,151,97.03333333333333,-1.3168177604675293,0.5887717314574085
UBFC_PHYS_s17_T3_ctrl,92,152,97.06666666666666,-1.7080626487731934,0.6628404853597412
UBFC_PHYS_s17_T3_ctrl,92,153,97.1,-2.064659357070923,0.7007106401044775
UBFC_PHYS_s17_T3_ctrl,92,154,97.13333333333334,-2.2854838371276855,0.712489221240624
UBFC_PHYS_s17_T3_ctrl,92,155,97.16666666666667,-2.329519748687744,0.7066204113987308
UBFC_PHYS_s17_T3_ctrl,92,156,97.2,-2.2125701904296875,0.6885510185304385
UBFC_PHYS_s17_T3_ctrl,92,157,97.23333333333333,-1.9044928550720215,0.661210641798997
UBFC_PHYS_s17_T3_ctrl,92,158,97.26666666666667,-1.3795359134674072,0.6260781869975117
UBFC_PHYS_s17_T3_ctrl,92,159,97.3,-0.7706504464149475,0.5837986895001925
UBFC_PHYS_s17_T3_ctrl,92,160,97.33333333333333,-0.27292048931121826,0.5339826272558165
UBFC_PHYS_s17_T3_ctrl,92,161,97.36666666666666,0.0799654945731163,0.4746058262606774
UBFC_PHYS_s17_T3_ctrl,92,162,97.4,0.3704259991645813,0.4019795977844694
UBFC_PHYS_s17_T3_ctrl,92,163,97.43333333333334,0.6036699414253235,0.3120536149125309
UBFC_PHYS_s17_T3_ctrl,92,164,97.46666666666667,0.7186180353164673,0.20278836598886857
UBFC_PHYS_s17_T3_ctrl,92,165,97.5,0.715024471282959,0.07636708982694204
UBFC_PHYS_s17_T3_ctrl,92,166,97.53333333333333,0.6503398418426514,-0.06000733215659444
UBFC_PHYS_s17_T3_ctrl,92,167,97.56666666666666,0.579685389995575,-0.19511854271478404
UBFC_PHYS_s17_T3_ctrl,92,168,97.6,0.517810046672821,-0.31588297433922946
UBFC_PHYS_s17_T3_ctrl,92,169,97.63333333333334,0.4379901885986328,-0.40956931490813
UBFC_PHYS_s17_T3_ctrl,92,170,97.66666666666667,0.31826624274253845,-0.46555213299611203
UBFC_PHYS_s17_T3_ctrl,92,171,97.7,0.18132349848747253,-0.4768065092423678
UBFC_PHYS_s17_T3_ctrl,92,172,97.73333333333333,0.05730362609028816,-0.4414832981693583
UBFC_PHYS_s17_T3_ctrl,92,173,97.76666666666667,-0.05841703340411186,-0.36439366144306307
UBFC_PHYS_s17_T3_ctrl,92,174,97.8,-0.1911926120519638,-0.2576078343056053
UBFC_PHYS_s17_T3_ctrl,92,175,97.83333333333333,-0.35620516538619995,-0.13926018649726032
UBFC_PHYS_s17_T3_ctrl,92,176,97.86666666666666,-0.5135037899017334,-0.03030852386400127
UBFC_PHYS_s17_T3_ctrl,92,177,97.9,-0.5514881610870361,0.05000769760973417
UBFC_PHYS_s17_T3_ctrl,92,178,97.93333333333334,-0.3964253067970276,0.08858474032183965
UBFC_PHYS_s17_T3_ctrl,92,179,97.96666666666667,-0.12632068991661072,0.08129985598888241
UBFC_PHYS_s17_T3_ctrl,92,180,98.0,0.1071573868393898,0.03344408037317447
UBFC_PHYS_s17_T3_ctrl,92,181,98.03333333333333,0.2366437315940857,-0.04219826006534414
UBFC_PHYS_s17_T3_ctrl,92,182,98.06666666666666,0.2975943088531494,-0.12880379556766172
UBFC_PHYS_s17_T3_ctrl,92,183,98.1,0.32189494371414185,-0.20935397936358496
UBFC_PHYS_s17_T3_ctrl,92,184,98.13333333333334,0.32559388875961304,-0.2698910777324133
UBFC_PHYS_s17_T3_ctrl,92,185,98.16666666666667,0.3345954120159149,-0.3016539318531981
UBFC_PHYS_s17_T3_ctrl,92,186,98.2,0.36350804567337036,-0.3019830048839956
UBFC_PHYS_s17_T3_ctrl,92,187,98.23333333333333,0.3894123136997223,-0.2740844055881222
UBFC_PHYS_s17_T3_ctrl,92,188,98.26666666666667,0.3863922953605652,-0.2257349913561918
UBFC_PHYS_s17_T3_ctrl,92,189,98.3,0.3492858409881592,-0.1670396011262779
UBFC_PHYS_s17_T3_ctrl,92,190,98.33333333333333,0.2702736556529999,-0.10761961713188306
UBFC_PHYS_s17_T3_ctrl,92,191,98.36666666666666,0.15344096720218658,-0.054027034802105536
UBFC_PHYS_s17_T3_ctrl,92,192,98.4,0.03815341368317604,-0.008402556882758136
UBFC_PHYS_s17_T3_ctrl,92,193,98.43333333333334,-0.05408599600195885,0.030985699378556948
UBFC_PHYS_s17_T3_ctrl,92,194,98.46666666666667,-0.15662625432014465,0.06767087474385342
UBFC_PHYS_s17_T3_ctrl,92,195,98.5,-0.2965070903301239,0.10455312255752092
UBFC_PHYS_s17_T3_ctrl,92,196,98.53333333333333,-0.42772582173347473,0.14225389206657477
UBFC_PHYS_s17_T3_ctrl,92,197,98.56666666666666,-0.4421938359737396,0.17878504650843788
UBFC_PHYS_s17_T3_ctrl,92,198,98.6,-0.27705252170562744,0.21041614070439316
UBFC_PHYS_s17_T3_ctrl,92,199,98.63333333333334,-0.008493037894368172,0.23323240964270267
UBFC_PHYS_s17_T3_ctrl,92,200,98.66666666666667,0.22830940783023834,0.244743677653083
UBFC_PHYS_s17_T3_ctrl,92,201,98.7,0.38643911480903625,0.244941559276216
UBFC_PHYS_s17_T3_ctrl,92,202,98.73333333333333,0.47739091515541077,0.23636015875478011
UBFC_PHYS_s17_T3_ctrl,92,203,98.76666666666667,0.49586221575737,0.22305877241853675
UBFC_PHYS_s17_T3_ctrl,92,204,98.8,0.4788306951522827,0.20897839923361036
UBFC_PHYS_s17_T3_ctrl,92,205,98.83333333333333,0.4958973228931427,0.19645809161843159
UBFC_PHYS_s17_T3_ctrl,92,206,98.86666666666666,0.5465587973594666,0.18554236158907045
UBFC_PHYS_s17_T3_ctrl,92,207,98.9,0.5825297832489014,0.17424956959984375
UBFC_PHYS_s17_T3_ctrl,92,208,98.93333333333334,0.5924912095069885,0.15956135612355346
UBFC_PHYS_s17_T3_ctrl,92,209,98.96666666666667,0.5852571725845337,0.138712337754405
UBFC_PHYS_s17_T3_ctrl,92,210,99.0,0.5566489100456238,0.11038087750781243
UBFC_PHYS_s17_T3_ctrl,92,211,99.03333333333333,0.5330623388290405,0.07543459327380612
UBFC_PHYS_s17_T3_ctrl,92,212,99.06666666666666,0.5601722598075867,0.03689401610187035
UBFC_PHYS_s17_T3_ctrl,92,213,99.1,0.6220007538795471,-0.0010482879532441665
UBFC_PHYS_s17_T3_ctrl,92,214,99.13333333333334,0.6644800901412964,-0.03466786270075778
UBFC_PHYS_s17_T3_ctrl,92,215,99.16666666666667,0.6773326992988586,-0.06233380515790396
UBFC_PHYS_s17_T3_ctrl,92,216,99.2,0.6982387900352478,-0.08545674426978286
UBFC_PHYS_s17_T3_ctrl,92,217,99.23333333333333,0.7805168032646179,-0.10840834825694122
UBFC_PHYS_s17_T3_ctrl,92,218,99.26666666666667,1.0034364461898804,-0.13740178512273937
UBFC_PHYS_s17_T3_ctrl,92,219,99.3,1.3970576524734497,-0.17857208139723635
UBFC_PHYS_s17_T3_ctrl,92,220,99.33333333333333,1.8285695314407349,-0.2356540647441099
UBFC_PHYS_s17_T3_ctrl,92,221,99.36666666666666,2.1158812046051025,-0.307756834757304
UBFC_PHYS_s17_T3_ctrl,92,222,99.4,2.16273832321167,-0.3878078417771335
UBFC_PHYS_s17_T3_ctrl,92,223,99.43333333333334,1.8609235286712646,-0.4622877696038881
UBFC_PHYS_s17_T3_ctrl,92,224,99.46666666666667,1.1502352952957153,-0.5128099866173763
UBFC_PHYS_s17_T3_ctrl,92,225,99.5,0.34208694100379944,-0.519727488851573
UBFC_PHYS_s17_T3_ctrl,92,226,99.53333333333333,-0.08216751366853714,-0.4672376932069571
UBFC_PHYS_s17_T3_ctrl,92,227,99.56666666666666,-0.1397586166858673,-0.3487143866154315
UBFC_PHYS_s17_T3_ctrl,92,228,99.6,-0.14522509276866913,-0.1706012717240727
UBFC_PHYS_s17_T3_ctrl,92,229,99.63333333333334,-0.212379589676857,0.046734180372264435
UBFC_PHYS_s17_T3_ctrl,92,230,99.66666666666667,-0.3385298550128937,0.2722107576984914
UBFC_PHYS_s17_T3_ctrl,92,231,99.7,-0.5985091924667358,0.4710690584159393
UBFC_PHYS_s17_T3_ctrl,92,232,99.73333333333333,-0.9707210063934326,0.6137623199881299
UBFC_PHYS_s17_T3_ctrl,92,233,99.76666666666667,-1.2939451932907104,0.6835124361255973
UBFC_PHYS_s17_T3_ctrl,92,234,99.8,-1.507992148399353,0.6795702580895907
UBFC_PHYS_s17_T3_ctrl,92,235,99.83333333333333,-1.6635934114456177,0.6149409285902121
UBFC_PHYS_s17_T3_ctrl,92,236,99.86666666666666,-1.764132022857666,0.5097679939486804
UBFC_PHYS_s17_T3_ctrl,92,237,99.9,-1.8427931070327759,0.3834465008590642
UBFC_PHYS_s17_T3_ctrl,92,238,99.93333333333334,-2.008039712905884,0.24886528531693658
UBFC_PHYS_s17_T3_ctrl,92,239,99.96666666666667,-2.2372686862945557,0.11093036692204578
UBFC_PHYS_s17_T3_ctrl,93,0,93.0,-1.8059909343719482,-0.10958740917147272
UBFC_PHYS_s17_T3_ctrl,93,1,93.03333333333333,-1.702760100364685,0.05795942688637665
UBFC_PHYS_s17_T3_ctrl,93,2,93.06666666666666,-1.5842885971069336,0.2111695528094431
UBFC_PHYS_s17_T3_ctrl,93,3,93.1,-1.4098414182662964,0.33574164025311876
UBFC_PHYS_s17_T3_ctrl,93,4,93.13333333333334,-1.1927745342254639,0.4217010933213147
UBFC_PHYS_s17_T3_ctrl,93,5,93.16666666666667,-0.9826840162277222,0.4649501970916709
UBFC_PHYS_s17_T3_ctrl,93,6,93.2,-0.8233603239059448,0.46790826460114443
UBFC_PHYS_s17_T3_ctrl,93,7,93.23333333333333,-0.7243434190750122,0.43936392861993956
UBFC_PHYS_s17_T3_ctrl,93,8,93.26666666666667,-0.6671152114868164,0.3934426933813394
UBFC_PHYS_s17_T3_ctrl,93,9,93.3,-0.6307461857795715,0.3471984963338779
UBFC_PHYS_s17_T3_ctrl,93,10,93.33333333333333,-0.6055325269699097,0.3167031983904047
UBFC_PHYS_s17_T3_ctrl,93,11,93.36666666666666,-0.5944473743438721,0.3125022066290383
UBFC_PHYS_s17_T3_ctrl,93,12,93.4,-0.6156109571456909,0.33615163859933184
UBFC_PHYS_s17_T3_ctrl,93,13,93.43333333333334,-0.666845977306366,0.3795279571999789
UBFC_PHYS_s17_T3_ctrl,93,14,93.46666666666667,-0.6690583229064941,0.42749294524155323
UBFC_PHYS_s17_T3_ctrl,93,15,93.5,-0.5186191201210022,0.462893723787484
UBFC_PHYS_s17_T3_ctrl,93,16,93.53333333333333,-0.22327741980552673,0.4717387289998068
UBFC_PHYS_s17_T3_ctrl,93,17,93.56666666666666,0.08455405384302139,0.4464742676897204
UBFC_PHYS_s17_T3_ctrl,93,18,93.6,0.32502031326293945,0.38658238078751794
UBFC_PHYS_s17_T3_ctrl,93,19,93.63333333333334,0.4927368462085724,0.2971548953701731
UBFC_PHYS_s17_T3_ctrl,93,20,93.66666666666667,0.5670668482780457,0.18663408339711798
UBFC_PHYS_s17_T3_ctrl,93,21,93.7,0.5420053601264954,0.06461181147550693
UBFC_PHYS_s17_T3_ctrl,93,22,93.73333333333333,0.4882887601852417,-0.05992227782018879
UBFC_PHYS_s17_T3_ctrl,93,23,93.76666666666667,0.46225571632385254,-0.17974293040815054
UBFC_PHYS_s17_T3_ctrl,93,24,93.8,0.4326173663139343,-0.28977900175875004
UBFC_PHYS_s17_T3_ctrl,93,25,93.83333333333333,0.36526384949684143,-0.386627662790383
UBFC_PHYS_s17_T3_ctrl,93,26,93.86666666666666,0.2732585668563843,-0.46754054808282314
UBFC_PHYS_s17_T3_ctrl,93,27,93.9,0.17921650409698486,-0.5295886067795049
UBFC_PHYS_s17_T3_ctrl,93,28,93.93333333333334,0.0836644321680069,-0.5695114336517308
UBFC_PHYS_s17_T3_ctrl,93,29,93.96666666666667,-0.03795580193400383,-0.5842379895356989
UBFC_PHYS_s17_T3_ctrl,93,30,94.0,-0.21486115455627441,-0.5717193866365861
UBFC_PHYS_s17_T3_ctrl,93,31,94.03333333333333,-0.44417208433151245,-0.5317195945953944
UBFC_PHYS_s17_T3_ctrl,93,32,94.06666666666666,-0.6436573266983032,-0.4664298371502659
UBFC_PHYS_s17_T3_ctrl,93,33,94.1,-0.6784695386886597,-0.3808805943730512
UBFC_PHYS_s17_T3_ctrl,93,34,94.13333333333334,-0.5134686827659607,-0.28295458254579897
UBFC_PHYS_s17_T3_ctrl,93,35,94.16666666666667,-0.29445862770080566,-0.18262312219156593
UBFC_PHYS_s17_T3_ctrl,93,36,94.2,-0.16043053567409515,-0.09019021235152952
UBFC_PHYS_s17_T3_ctrl,93,37,94.23333333333333,-0.09137974679470062,-0.013876705401893875
UBFC_PHYS_s17_T3_ctrl,93,38,94.26666666666667,-0.04952084645628929,0.04231117500388622
UBFC_PHYS_s17_T3_ctrl,93,39,94.3,-0.07952206581830978,0.07939947028934598
UBFC_PHYS_s17_T3_ctrl,93,40,94.33333333333333,-0.16950231790542603,0.10260102626907795
UBFC_PHYS_s17_T3_ctrl,93,41,94.36666666666666,-0.21833769977092743,0.11929894102005192
UBFC_PHYS_s17_T3_ctrl,93,42,94.4,-0.18971772491931915,0.13668226189364005
UBFC_PHYS_s17_T3_ctrl,93,43,94.43333333333334,-0.15570151805877686,0.15973529620616653
UBFC_PHYS_s17_T3_ctrl,93,44,94.46666666666667,-0.1585693657398224,0.1900481925908864
UBFC_PHYS_s17_T3_ctrl,93,45,94.5,-0.15077349543571472,0.225654683938943
UBFC_PHYS_s17_T3_ctrl,93,46,94.53333333333333,-0.11173562705516815,0.2617970173077023
UBFC_PHYS_s17_T3_ctrl,93,47,94.56666666666666,-0.11659341305494308,0.29226888974036125
UBFC_PHYS_s17_T3_ctrl,93,48,94.6,-0.2637784779071808,0.3108973284520871
UBFC_PHYS_s17_T3_ctrl,93,49,94.63333333333334,-0.6227864623069763,0.31277642386941956
UBFC_PHYS_s17_T3_ctrl,93,50,94.66666666666667,-1.1304075717926025,0.2950120334169167
UBFC_PHYS_s17_T3_ctrl,93,51,94.7,-1.4972113370895386,0.256988422122975
UBFC_PHYS_s17_T3_ctrl,93,52,94.73333333333333,-1.4329012632369995,0.2004577928382411
UBFC_PHYS_s17_T3_ctrl,93,53,94.76666666666667,-0.9763278961181641,0.12982687917323657
UBFC_PHYS_s17_T3_ctrl,93,54,94.8,-0.4165002405643463,0.052698653996458796
UBFC_PHYS_s17_T3_ctrl,93,55,94.83333333333333,0.04722518473863602,-0.019819050131030764
UBFC_PHYS_s17_T3_ctrl,93,56,94.86666666666666,0.34151336550712585,-0.07391007298169286
UBFC_PHYS_s17_T3_ctrl,93,57,94.9,0.4462074637413025,-0.09561746340151407
UBFC_PHYS_s17_T3_ctrl,93,58,94.93333333333334,0.4308849275112152,-0.07496266349084567
UBFC_PHYS_s17_T3_ctrl,93,59,94.96666666666667,0.42078307271003723,-0.010341164930266772
UBFC_PHYS_s17_T3_ctrl,93,60,95.0,0.4542842507362366,0.08861322616703157
UBFC_PHYS_s17_T3_ctrl,93,61,95.03333333333333,0.46037110686302185,0.2011283900062052
UBFC_PHYS_s17_T3_ctrl,93,62,95.06666666666666,0.41043540835380554,0.29869154404356596
UBFC_PHYS_s17_T3_ctrl,93,63,95.1,0.36027732491493225,0.35106463149878403
UBFC_PHYS_s17_T3_ctrl,93,64,95.13333333333334,0.3464765250682831,0.3337918257826688
UBFC_PHYS_s17_T3_ctrl,93,65,95.16666666666667,0.34372571110725403,0.23555743760934714
UBFC_PHYS_s17_T3_ctrl,93,66,95.2,0.3122730255126953,0.0628795551672556
UBFC_PHYS_s17_T3_ctrl,93,67,95.23333333333333,0.23588286340236664,-0.1602549085525195
UBFC_PHYS_s17_T3_ctrl,93,68,95.26666666666667,0.11739970743656158,-0.39815399621412734
UBFC_PHYS_s17_T3_ctrl,93,69,95.3,-0.004267349373549223,-0.6123491464618817
UBFC_PHYS_s17_T3_ctrl,93,70,95.33333333333333,-0.030499394983053207,-0.770302996895998
UBFC_PHYS_s17_T3_ctrl,93,71,95.36666666666666,0.11039981245994568,-0.8512072628895735
UBFC_PHYS_s17_T3_ctrl,93,72,95.4,0.359083354473114,-0.8479540159314252
UBFC_PHYS_s17_T3_ctrl,93,73,95.43333333333334,0.5933340191841125,-0.7659992885707405
UBFC_PHYS_s17_T3_ctrl,93,74,95.46666666666667,0.7590254545211792,-0.6204822125967657
UBFC_PHYS_s17_T3_ctrl,93,75,95.5,0.8532080054283142,-0.4327410406662182
UBFC_PHYS_s17_T3_ctrl,93,76,95.53333333333333,0.8620222210884094,-0.22686693267522834
UBFC_PHYS_s17_T3_ctrl,93,77,95.56666666666666,0.8088792562484741,-0.026539912133942377
UBFC_PHYS_s17_T3_ctrl,93,78,95.6,0.764363169670105,0.1477691519475367
UBFC_PHYS_s17_T3_ctrl,93,79,95.63333333333334,0.7702978849411011,0.2811099388192301
UBFC_PHYS_s17_T3_ctrl,93,80,95.66666666666667,0.7935684323310852,0.36565053241624795
UBFC_PHYS_s17_T3_ctrl,93,81,95.7,0.7826939821243286,0.40126575913364626
UBFC_PHYS_s17_T3_ctrl,93,82,95.73333333333333,0.7259339690208435,0.39487906202118755
UBFC_PHYS_s17_T3_ctrl,93,83,95.76666666666667,0.6435506343841553,0.3585905975132766
UBFC_PHYS_s17_T3_ctrl,93,84,95.8,0.5626187324523926,0.30702880301073754
UBFC_PHYS_s17_T3_ctrl,93,85,95.83333333333333,0.4877620041370392,0.2545794945679954
UBFC_PHYS_s17_T3_ctrl,93,86,95.86666666666666,0.3746867775917053,0.21299140711123515
UBFC_PHYS_s17_T3_ctrl,93,87,95.9,0.18199071288108826,0.18961821716812097
UBFC_PHYS_s17_T3_ctrl,93,88,95.93333333333334,-0.018091555684804916,0.1865494350143536
UBFC_PHYS_s17_T3_ctrl,93,89,95.96666666666667,-0.06377815455198288,0.2009995324913721
UBFC_PHYS_s17_T3_ctrl,93,90,96.0,0.09592010080814362,0.22721121672683683
UBFC_PHYS_s17_T3_ctrl,93,91,96.03333333333333,0.3015507757663727,0.2594748955737626
UBFC_PHYS_s17_T3_ctrl,93,92,96.06666666666666,0.3718072474002838,0.2948733153386816
UBFC_PHYS_s17_T3_ctrl,93,93,96.1,0.28993889689445496,0.3339923700433736
UBFC_PHYS_s17_T3_ctrl,93,94,96.13333333333334,0.13436098396778107,0.37879669956492573
UBFC_PHYS_s17_T3_ctrl,93,95,96.16666666666667,-0.023768726736307144,0.4286306979550637
UBFC_PHYS_s17_T3_ctrl,93,96,96.2,-0.0946572870016098,0.47671027994414983
UBFC_PHYS_s17_T3_ctrl,93,97,96.23333333333333,0.013384558260440826,0.509550333157886
UBFC_PHYS_s17_T3_ctrl,93,98,96.26666666666667,0.26882216334342957,0.5102912869134836
UBFC_PHYS_s17_T3_ctrl,93,99,96.3,0.5076613426208496,0.46463912560445025
UBFC_PHYS_s17_T3_ctrl,93,100,96.33333333333333,0.6266478896141052,0.36645695457802946
UBFC_PHYS_s17_T3_ctrl,93,101,96.36666666666666,0.6624550223350525,0.22014119680673222
UBFC_PHYS_s17_T3_ctrl,93,102,96.4,0.6870365738868713,0.03889329235332407
UBFC_PHYS_s17_T3_ctrl,93,103,96.43333333333334,0.7103773951530457,-0.15968160281898053
UBFC_PHYS_s17_T3_ctrl,93,104,96.46666666666667,0.7028858661651611,-0.35821726022285094
UBFC_PHYS_s17_T3_ctrl,93,105,96.5,0.6572577953338623,-0.5425915686389363
UBFC_PHYS_s17_T3_ctrl,93,106,96.53333333333333,0.6142048835754395,-0.7027554082875576
UBFC_PHYS_s17_T3_ctrl,93,107,96.56666666666666,0.6618229150772095,-0.8319990700374311
UBFC_PHYS_s17_T3_ctrl,93,108,96.6,0.8371597528457642,-0.9256406908302978
UBFC_PHYS_s17_T3_ctrl,93,109,96.63333333333334,0.9856089949607849,-0.9798969750965684
UBFC_PHYS_s17_T3_ctrl,93,110,96.66666666666667,0.8901973962783813,-0.9913536283026704
UBFC_PHYS_s17_T3_ctrl,93,111,96.7,0.5663411021232605,-0.9571754595783336
UBFC_PHYS_s17_T3_ctrl,93,112,96.73333333333333,0.2151055932044983,-0.875980969672608
UBFC_PHYS_s17_T3_ctrl,93,113,96.76666666666667,-0.03480702266097069,-0.7491626395756538
UBFC_PHYS_s17_T3_ctrl,93,114,96.8,-0.16608430445194244,-0.5823234046868425
UBFC_PHYS_s17_T3_ctrl,93,115,96.83333333333333,-0.20280449092388153,-0.38629284705117795
UBFC_PHYS_s17_T3_ctrl,93,116,96.86666666666666,-0.2021723836660385,-0.17694417340568097
UBFC_PHYS_s17_T3_ctrl,93,117,96.9,-0.23069870471954346,0.026806482054176132
UBFC_PHYS_s17_T3_ctrl,93,118,96.93333333333334,-0.35140591859817505,0.20662321350493706
UBFC_PHYS_s17_T3_ctrl,93,119,96.96666666666667,-0.6021496057510376,0.34878284439668605
UBFC_PHYS_s17_T3_ctrl,93,120,97.0,-0.9433534741401672,0.44692224351541626
UBFC_PHYS_s17_T3_ctrl,93,121,97.03333333333333,-1.3168177604675293,0.502350791522128
UBFC_PHYS_s17_T3_ctrl,93,122,97.06666666666666,-1.7080626487731934,0.5221590638051005
UBFC_PHYS_s17_T3_ctrl,93,123,97.1,-2.064659357070923,0.5165179681607099
UBFC_PHYS_s17_T3_ctrl,93,124,97.13333333333334,-2.2854838371276855,0.4965859080642377
UBFC_PHYS_s17_T3_ctrl,93,125,97.16666666666667,-2.329519748687744,0.4734817522806727
UBFC_PHYS_s17_T3_ctrl,93,126,97.2,-2.2125701904296875,0.4576696886401054
UBFC_PHYS_s17_T3_ctrl,93,127,97.23333333333333,-1.9044928550720215,0.4576901726229295
UBFC_PHYS_s17_T3_ctrl,93,128,97.26666666666667,-1.3795359134674072,0.4778037660599879
UBFC_PHYS_s17_T3_ctrl,93,129,97.3,-0.7706504464149475,0.5152960640673726
UBFC_PHYS_s17_T3_ctrl,93,130,97.33333333333333,-0.27292048931121826,0.5590528394721392
UBFC_PHYS_s17_T3_ctrl,93,131,97.36666666666666,0.0799654945731163,0.5909188694532049
UBFC_PHYS_s17_T3_ctrl,93,132,97.4,0.3704259991645813,0.5902047732021821
UBFC_PHYS_s17_T3_ctrl,93,133,97.43333333333334,0.6036699414253235,0.5400721274269676
UBFC_PHYS_s17_T3_ctrl,93,134,97.46666666666667,0.7186180353164673,0.43332478001526425
UBFC_PHYS_s17_T3_ctrl,93,135,97.5,0.715024471282959,0.27517740748103964
UBFC_PHYS_s17_T3_ctrl,93,136,97.53333333333333,0.6503398418426514,0.0820045097580094
UBFC_PHYS_s17_T3_ctrl,93,137,97.56666666666666,0.579685389995575,-0.12298514670314023
UBFC_PHYS_s17_T3_ctrl,93,138,97.6,0.517810046672821,-0.314965957101889
UBFC_PHYS_s17_T3_ctrl,93,139,97.63333333333334,0.4379901885986328,-0.47162864269377003
UBFC_PHYS_s17_T3_ctrl,93,140,97.66666666666667,0.31826624274253845,-0.57567898045874
UBFC_PHYS_s17_T3_ctrl,93,141,97.7,0.18132349848747253,-0.616468766719261
UBFC_PHYS_s17_T3_ctrl,93,142,97.73333333333333,0.05730362609028816,-0.5915902765536443
UBFC_PHYS_s17_T3_ctrl,93,143,97.76666666666667,-0.05841703340411186,-0.5083185118358791
UBFC_PHYS_s17_T3_ctrl,93,144,97.8,-0.1911926120519638,-0.3838224689174507
UBFC_PHYS_s17_T3_ctrl,93,145,97.83333333333333,-0.35620516538619995,-0.24291563147347991
UBFC_PHYS_s17_T3_ctrl,93,146,97.86666666666666,-0.5135037899017334,-0.11303922926418326
UBFC_PHYS_s17_T3_ctrl,93,147,97.9,-0.5514881610870361,-0.017678903603183152
UBFC_PHYS_s17_T3_ctrl,93,148,97.93333333333334,-0.3964253067970276,0.029423333829249443
UBFC_PHYS_s17_T3_ctrl,93,149,97.96666666666667,-0.12632068991661072,0.026967160179975157
UBFC_PHYS_s17_T3_ctrl,93,150,98.0,0.1071573868393898,-0.015146431684827908
UBFC_PHYS_s17_T3_ctrl,93,151,98.03333333333333,0.2366437315940857,-0.08003397387899068
UBFC_PHYS_s17_T3_ctrl,93,152,98.06666666666666,0.2975943088531494,-0.14907521526802403
UBFC_PHYS_s17_T3_ctrl,93,153,98.1,0.32189494371414185,-0.2063505856583407
UBFC_PHYS_s17_T3_ctrl,93,154,98.13333333333334,0.32559388875961304,-0.24127636421681628
UBFC_PHYS_s17_T3_ctrl,93,155,98.16666666666667,0.3345954120159149,-0.24939681856963544
UBFC_PHYS_s17_T3_ctrl,93,156,98.2,0.36350804567337036,-0.2318563489169785
UBFC_PHYS_s17_T3_ctrl,93,157,98.23333333333333,0.3894123136997223,-0.1941203764899139
UBFC_PHYS_s17_T3_ctrl,93,158,98.26666666666667,0.3863922953605652,-0.1442479287840608
UBFC_PHYS_s17_T3_ctrl,93,159,98.3,0.3492858409881592,-0.09082245102598922
UBFC_PHYS_s17_T3_ctrl,93,160,98.33333333333333,0.2702736556529999,-0.04077205955994471
UBFC_PHYS_s17_T3_ctrl,93,161,98.36666666666666,0.15344096720218658,0.0023617148909916394
UBFC_PHYS_s17_T3_ctrl,93,162,98.4,0.03815341368317604,0.03897099952181849
UBFC_PHYS_s17_T3_ctrl,93,163,98.43333333333334,-0.05408599600195885,0.07233470617046786
UBFC_PHYS_s17_T3_ctrl,93,164,98.46666666666667,-0.15662625432014465,0.10637948364589835
UBFC_PHYS_s17_T3_ctrl,93,165,98.5,-0.2965070903301239,0.14333640999134878
UBFC_PHYS_s17_T3_ctrl,93,166,98.53333333333333,-0.42772582173347473,0.18238122572216828
UBFC_PHYS_s17_T3_ctrl,93,167,98.56666666666666,-0.4421938359737396,0.21978113518103665
UBFC_PHYS_s17_T3_ctrl,93,168,98.6,-0.27705252170562744,0.25038293806848205
UBFC_PHYS_s17_T3_ctrl,93,169,98.63333333333334,-0.008493037894368172,0.26975726882340956
UBFC_PHYS_s17_T3_ctrl,93,170,98.66666666666667,0.22830940783023834,0.2760991739190728
UBFC_PHYS_s17_T3_ctrl,93,171,98.7,0.38643911480903625,0.27111738314582756
UBFC_PHYS_s17_T3_ctrl,93,172,98.73333333333333,0.47739091515541077,0.2595633577033788
UBFC_PHYS_s17_T3_ctrl,93,173,98.76666666666667,0.49586221575737,0.2476034571308152
UBFC_PHYS_s17_T3_ctrl,93,174,98.8,0.4788306951522827,0.24070309251742897
UBFC_PHYS_s17_T3_ctrl,93,175,98.83333333333333,0.4958973228931427,0.2418290849838414
UBFC_PHYS_s17_T3_ctrl,93,176,98.86666666666666,0.5465587973594666,0.25051850724888397
UBFC_PHYS_s17_T3_ctrl,93,177,98.9,0.5825297832489014,0.2629563976104658
UBFC_PHYS_s17_T3_ctrl,93,178,98.93333333333334,0.5924912095069885,0.27293415873805804
UBFC_PHYS_s17_T3_ctrl,93,179,98.96666666666667,0.5852571725845337,0.2734647564700152
UBFC_PHYS_s17_T3_ctrl,93,180,99.0,0.5566489100456238,0.2587661512542293
UBFC_PHYS_s17_T3_ctrl,93,181,99.03333333333333,0.5330623388290405,0.22610235712460613
UBFC_PHYS_s17_T3_ctrl,93,182,99.06666666666666,0.5601722598075867,0.17667222135782432
UBFC_PHYS_s17_T3_ctrl,93,183,99.1,0.6220007538795471,0.11489326761998019
UBFC_PHYS_s17_T3_ctrl,93,184,99.13333333333334,0.6644800901412964,0.04628698461116535
UBFC_PHYS_s17_T3_ctrl,93,185,99.16666666666667,0.6773326992988586,-0.02495081042905343
UBFC_PHYS_s17_T3_ctrl,93,186,99.2,0.6982387900352478,-0.09749006410432152
UBFC_PHYS_s17_T3_ctrl,93,187,99.23333333333333,0.7805168032646179,-0.17292857668210884
UBFC_PHYS_s17_T3_ctrl,93,188,99.26666666666667,1.0034364461898804,-0.2546085224776923
UBFC_PHYS_s17_T3_ctrl,93,189,99.3,1.3970576524734497,-0.34587303442083545
UBFC_PHYS_s17_T3_ctrl,93,190,99.33333333333333,1.8285695314407349,-0.44831291667586215
UBFC_PHYS_s17_T3_ctrl,93,191,99.36666666666666,2.1158812046051025,-0.5602043191950123
UBFC_PHYS_s17_T3_ctrl,93,192,99.4,2.16273832321167,-0.6752499694628369
UBFC_PHYS_s17_T3_ctrl,93,193,99.43333333333334,1.8609235286712646,-0.7819589728356056
UBFC_PHYS_s17_T3_ctrl,93,194,99.46666666666667,1.1502352952957153,-0.8642557218813632
UBFC_PHYS_s17_T3_ctrl,93,195,99.5,0.34208694100379944,-0.9038324398746507
UBFC_PHYS_s17_T3_ctrl,93,196,99.53333333333333,-0.08216751366853714,-0.8841866945423362
UBFC_PHYS_s17_T3_ctrl,93,197,99.56666666666666,-0.1397586166858673,-0.7954655165273301
UBFC_PHYS_s17_T3_ctrl,93,198,99.6,-0.14522509276866913,-0.6386080931073345
UBFC_PHYS_s17_T3_ctrl,93,199,99.63333333333334,-0.212379589676857,-0.4271571946019759
UBFC_PHYS_s17_T3_ctrl,93,200,99.66666666666667,-0.3385298550128937,-0.1856192430239564
UBFC_PHYS_s17_T3_ctrl,93,201,99.7,-0.5985091924667358,0.055708566251187655
UBFC_PHYS_s17_T3_ctrl,93,202,99.73333333333333,-0.9707210063934326,0.26823215633476427
UBFC_PHYS_s17_T3_ctrl,93,203,99.76666666666667,-1.2939451932907104,0.43247295807141894
UBFC_PHYS_s17_T3_ctrl,93,204,99.8,-1.507992148399353,0.542476761700925
UBFC_PHYS_s17_T3_ctrl,93,205,99.83333333333333,-1.6635934114456177,0.6052241710637732
UBFC_PHYS_s17_T3_ctrl,93,206,99.86666666666666,-1.764132022857666,0.6354201980503112
UBFC_PHYS_s17_T3_ctrl,93,207,99.9,-1.8427931070327759,0.6483435382383007
UBFC_PHYS_s17_T3_ctrl,93,208,99.93333333333334,-2.008039712905884,0.6540928727593455
UBFC_PHYS_s17_T3_ctrl,93,209,99.96666666666667,-2.2372686862945557,0.655431828547495
UBFC_PHYS_s17_T3_ctrl,93,210,100.0,-2.31500506401062,0.6493967729443805
UBFC_PHYS_s17_T3_ctrl,93,211,100.03333333333333,-2.086829423904419,0.6310776385188206
UBFC_PHYS_s17_T3_ctrl,93,212,100.06666666666666,-1.6334868669509888,0.5973602626057426
UBFC_PHYS_s17_T3_ctrl,93,213,100.1,-1.092633843421936,0.5489613077491594
UBFC_PHYS_s17_T3_ctrl,93,214,100.13333333333334,-0.5843806862831116,0.490245810423137
UBFC_PHYS_s17_T3_ctrl,93,215,100.16666666666667,-0.2269178330898285,0.42737925825259016
UBFC_PHYS_s17_T3_ctrl,93,216,100.2,-0.05448398366570473,0.36585905256344636
UBFC_PHYS_s17_T3_ctrl,93,217,100.23333333333333,0.047002777457237244,0.30845096245463954
UBFC_PHYS_s17_T3_ctrl,93,218,100.26666666666667,0.19332164525985718,0.25428491283694016
UBFC_PHYS_s17_T3_ctrl,93,219,100.3,0.3469330370426178,0.1994295450383675
UBFC_PHYS_s17_T3_ctrl,93,220,100.33333333333333,0.431809663772583,0.1387094146892975
UBFC_PHYS_s17_T3_ctrl,93,221,100.36666666666666,0.4712689518928528,0.06802090836676655
UBFC_PHYS_s17_T3_ctrl,93,222,100.4,0.5083637237548828,-0.01382830791138557
UBFC_PHYS_s17_T3_ctrl,93,223,100.43333333333334,0.5199638605117798,-0.1045005087948701
UBFC_PHYS_s17_T3_ctrl,93,224,100.46666666666667,0.4905362129211426,-0.19884462397831024
UBFC_PHYS_s17_T3_ctrl,93,225,100.5,0.46552154421806335,-0.29047554686636684
UBFC_PHYS_s17_T3_ctrl,93,226,100.53333333333333,0.47384417057037354,-0.37356639685896487
UBFC_PHYS_s17_T3_ctrl,93,227,100.56666666666666,0.47440603375434875,-0.44432391033063906
UBFC_PHYS_s17_T3_ctrl,93,228,100.6,0.42861407995224,-0.5017570825952978
UBFC_PHYS_s17_T3_ctrl,93,229,100.63333333333334,0.35449478030204773,-0.5474448475117856
UBFC_PHYS_s17_T3_ctrl,93,230,100.66666666666667,0.3111844062805176,-0.5841705132653683
UBFC_PHYS_s17_T3_ctrl,93,231,100.7,0.3411036729812622,-0.613677221865443
UBFC_PHYS_s17_T3_ctrl,93,232,100.73333333333333,0.4237328767776489,-0.6343733356348151
UBFC_PHYS_s17_T3_ctrl,93,233,100.76666666666667,0.4963889718055725,-0.6401849518706718
UBFC_PHYS_s17_T3_ctrl,93,234,100.8,0.5020778179168701,-0.6215080349266623
UBFC_PHYS_s17_T3_ctrl,93,235,100.83333333333333,0.4023118019104004,-0.5683133666787302
UBFC_PHYS_s17_T3_ctrl,93,236,100.86666666666666,0.18162783980369568,-0.47429639983517446
UBFC_PHYS_s17_T3_ctrl,93,237,100.9,-0.12025723606348038,-0.3402788241474181
UBFC_PHYS_s17_T3_ctrl,93,238,100.93333333333334,-0.3931594789028168,-0.1753863161537887
UBFC_PHYS_s17_T3_ctrl,93,239,100.96666666666667,-0.5258297324180603,0.0043344278360377495
UBFC_PHYS_s17_T3_ctrl,94,0,94.0,-0.21486115455627441,-0.005865095405376355
UBFC_PHYS_s17_T3_ctrl,94,1,94.03333333333333,-0.44417208433151245,0.05606268638393838
UBFC_PHYS_s17_T3_ctrl,94,2,94.06666666666666,-0.6436573266983032,0.10533332285653109
UBFC_PHYS_s17_T3_ctrl,94,3,94.1,-0.6784695386886597,0.1327523046668335
UBFC_PHYS_s17_T3_ctrl,94,4,94.13333333333334,-0.5134686827659607,0.13538570152334548
UBFC_PHYS_s17_T3_ctrl,94,5,94.16666666666667,-0.29445862770080566,0.11622936555745567
UBFC_PHYS_s17_T3_ctrl,94,6,94.2,-0.16043053567409515,0.08185071259083815
UBFC_PHYS_s17_T3_ctrl,94,7,94.23333333333333,-0.09137974679470062,0.039528472619747734
UBFC_PHYS_s17_T3_ctrl,94,8,94.26666666666667,-0.04952084645628929,-0.004692453222303425
UBFC_PHYS_s17_T3_ctrl,94,9,94.3,-0.07952206581830978,-0.046504522087683055
UBFC_PHYS_s17_T3_ctrl,94,10,94.33333333333333,-0.16950231790542603,-0.08282087841821212
UBFC_PHYS_s17_T3_ctrl,94,11,94.36666666666666,-0.21833769977092743,-0.11110399600341059
UBFC_PHYS_s17_T3_ctrl,94,12,94.4,-0.18971772491931915,-0.1291851909774291
UBFC_PHYS_s17_T3_ctrl,94,13,94.43333333333334,-0.15570151805877686,-0.13565504106332396
UBFC_PHYS_s17_T3_ctrl,94,14,94.46666666666667,-0.1585693657398224,-0.13044956322899381
UBFC_PHYS_s17_T3_ctrl,94,15,94.5,-0.15077349543571472,-0.1151296847903529
UBFC_PHYS_s17_T3_ctrl,94,16,94.53333333333333,-0.11173562705516815,-0.0925487605760564
UBFC_PHYS_s17_T3_ctrl,94,17,94.56666666666666,-0.11659341305494308,-0.06599953955489447
UBFC_PHYS_s17_T3_ctrl,94,18,94.6,-0.2637784779071808,-0.038313379731858714
UBFC_PHYS_s17_T3_ctrl,94,19,94.63333333333334,-0.6227864623069763,-0.01150416031614869
UBFC_PHYS_s17_T3_ctrl,94,20,94.66666666666667,-1.1304075717926025,0.01272810994672679
UBFC_PHYS_s17_T3_ctrl,94,21,94.7,-1.4972113370895386,0.03190454676068872
UBFC_PHYS_s17_T3_ctrl,94,22,94.73333333333333,-1.4329012632369995,0.041948054058900036
UBFC_PHYS_s17_T3_ctrl,94,23,94.76666666666667,-0.9763278961181641,0.03767513505812866
UBFC_PHYS_s17_T3_ctrl,94,24,94.8,-0.4165002405643463,0.015119480757201527
UBFC_PHYS_s17_T3_ctrl,94,25,94.83333333333333,0.04722518473863602,-0.024891619247737716
UBFC_PHYS_s17_T3_ctrl,94,26,94.86666666666666,0.34151336550712585,-0.07364526329510443
UBFC_PHYS_s17_T3_ctrl,94,27,94.9,0.4462074637413025,-0.1140805129528229
UBFC_PHYS_s17_T3_ctrl,94,28,94.93333333333334,0.4308849275112152,-0.12428195943389153
UBFC_PHYS_s17_T3_ctrl,94,29,94.96666666666667,0.42078307271003723,-0.08459279714320146
UBFC_PHYS_s17_T3_ctrl,94,30,95.0,0.4542842507362366,0.013712498915395846
UBFC_PHYS_s17_T3_ctrl,94,31,95.03333333333333,0.46037110686302185,0.1614338380389834
UBFC_PHYS_s17_T3_ctrl,94,32,95.06666666666666,0.41043540835380554,0.3295349045077656
UBFC_PHYS_s17_T3_ctrl,94,33,95.1,0.36027732491493225,0.4745091023013017
UBFC_PHYS_s17_T3_ctrl,94,34,95.13333333333334,0.3464765250682831,0.5506121818479057
UBFC_PHYS_s17_T3_ctrl,94,35,95.16666666666667,0.34372571110725403,0.5251388908716192
UBFC_PHYS_s17_T3_ctrl,94,36,95.2,0.3122730255126953,0.39031000451184816
UBFC_PHYS_s17_T3_ctrl,94,37,95.23333333333333,0.23588286340236664,0.1661452438630016
UBFC_PHYS_s17_T3_ctrl,94,38,95.26666666666667,0.11739970743656158,-0.10648113732292189
UBFC_PHYS_s17_T3_ctrl,94,39,95.3,-0.004267349373549223,-0.37834856034702463
UBFC_PHYS_s17_T3_ctrl,94,40,95.33333333333333,-0.030499394983053207,-0.6042988925238149
UBFC_PHYS_s17_T3_ctrl,94,41,95.36666666666666,0.11039981245994568,-0.7518179918718607
UBFC_PHYS_s17_T3_ctrl,94,42,95.4,0.359083354473114,-0.804882761649034
UBFC_PHYS_s17_T3_ctrl,94,43,95.43333333333334,0.5933340191841125,-0.7640523810026847
UBFC_PHYS_s17_T3_ctrl,94,44,95.46666666666667,0.7590254545211792,-0.6441354020315907
UBFC_PHYS_s17_T3_ctrl,94,45,95.5,0.8532080054283142,-0.4702309522286428
UBFC_PHYS_s17_T3_ctrl,94,46,95.53333333333333,0.8620222210884094,-0.27254468413837335
UBFC_PHYS_s17_T3_ctrl,94,47,95.56666666666666,0.8088792562484741,-0.08054501682481668
UBFC_PHYS_s17_T3_ctrl,94,48,95.6,0.764363169670105,0.08245755056020981
UBFC_PHYS_s17_T3_ctrl,94,49,95.63333333333334,0.7702978849411011,0.20296152744531917
UBFC_PHYS_s17_T3_ctrl,94,50,95.66666666666667,0.7935684323310852,0.2782438413201214
UBFC_PHYS_s17_T3_ctrl,94,51,95.7,0.7826939821243286,0.3146476613450223
UBFC_PHYS_s17_T3_ctrl,94,52,95.73333333333333,0.7259339690208435,0.3240443345577138
UBFC_PHYS_s17_T3_ctrl,94,53,95.76666666666667,0.6435506343841553,0.3197392512542501
UBFC_PHYS_s17_T3_ctrl,94,54,95.8,0.5626187324523926,0.31296807445821323
UBFC_PHYS_s17_T3_ctrl,94,55,95.83333333333333,0.4877620041370392,0.31069758811075204
UBFC_PHYS_s17_T3_ctrl,94,56,95.86666666666666,0.3746867775917053,0.3149864010954295
UBFC_PHYS_s17_T3_ctrl,94,57,95.9,0.18199071288108826,0.32374830726576137
UBFC_PHYS_s17_T3_ctrl,94,58,95.93333333333334,-0.018091555684804916,0.3324297762179826
UBFC_PHYS_s17_T3_ctrl,94,59,95.96666666666667,-0.06377815455198288,0.3360457967788791
UBFC_PHYS_s17_T3_ctrl,94,60,96.0,0.09592010080814362,0.3312240927055782
UBFC_PHYS_s17_T3_ctrl,94,61,96.03333333333333,0.3015507757663727,0.3179620429781103
UBFC_PHYS_s17_T3_ctrl,94,62,96.06666666666666,0.3718072474002838,0.3004655298873812
UBFC_PHYS_s17_T3_ctrl,94,63,96.1,0.28993889689445496,0.2861979607491726
UBFC_PHYS_s17_T3_ctrl,94,64,96.13333333333334,0.13436098396778107,0.28272674952992394
UBFC_PHYS_s17_T3_ctrl,94,65,96.16666666666667,-0.023768726736307144,0.2931650732406791
UBFC_PHYS_s17_T3_ctrl,94,66,96.2,-0.0946572870016098,0.3123479296715419
UBFC_PHYS_s17_T3_ctrl,94,67,96.23333333333333,0.013384558260440826,0.32621988370502575
UBFC_PHYS_s17_T3_ctrl,94,68,96.26666666666667,0.26882216334342957,0.3155807909609574
UBFC_PHYS_s17_T3_ctrl,94,69,96.3,0.5076613426208496,0.26298105142161554
UBFC_PHYS_s17_T3_ctrl,94,70,96.33333333333333,0.6266478896141052,0.15960665212057398
UBFC_PHYS_s17_T3_ctrl,94,71,96.36666666666666,0.6624550223350525,0.008819780275360177
UBFC_PHYS_s17_T3_ctrl,94,72,96.4,0.6870365738868713,-0.1750712383475452
UBFC_PHYS_s17_T3_ctrl,94,73,96.43333333333334,0.7103773951530457,-0.3716568095370374
UBFC_PHYS_s17_T3_ctrl,94,74,96.46666666666667,0.7028858661651611,-0.5602221979311882
UBFC_PHYS_s17_T3_ctrl,94,75,96.5,0.6572577953338623,-0.7240092671092672
UBFC_PHYS_s17_T3_ctrl,94,76,96.53333333333333,0.6142048835754395,-0.8518502616215068
UBFC_PHYS_s17_T3_ctrl,94,77,96.56666666666666,0.6618229150772095,-0.937574917542024
UBFC_PHYS_s17_T3_ctrl,94,78,96.6,0.8371597528457642,-0.9782964923175995
UBFC_PHYS_s17_T3_ctrl,94,79,96.63333333333334,0.9856089949607849,-0.9726468628764101
UBFC_PHYS_s17_T3_ctrl,94,80,96.66666666666667,0.8901973962783813,-0.9197137281425274
UBFC_PHYS_s17_T3_ctrl,94,81,96.7,0.5663411021232605,-0.8190275484260077
UBFC_PHYS_s17_T3_ctrl,94,82,96.73333333333333,0.2151055932044983,-0.6715218978393603
UBFC_PHYS_s17_T3_ctrl,94,83,96.76666666666667,-0.03480702266097069,-0.4811134983925709
UBFC_PHYS_s17_T3_ctrl,94,84,96.8,-0.16608430445194244,-0.2564456059082846
UBFC_PHYS_s17_T3_ctrl,94,85,96.83333333333333,-0.20280449092388153,-0.012126899977363785
UBFC_PHYS_s17_T3_ctrl,94,86,96.86666666666666,-0.2021723836660385,0.23155357659201603
UBFC_PHYS_s17_T3_ctrl,94,87,96.9,-0.23069870471954346,0.45128542865112414
UBFC_PHYS_s17_T3_ctrl,94,88,96.93333333333334,-0.35140591859817505,0.6255117565722631
UBFC_PHYS_s17_T3_ctrl,94,89,96.96666666666667,-0.6021496057510376,0.7397057369284342
UBFC_PHYS_s17_T3_ctrl,94,90,97.0,-0.9433534741401672,0.7899465950284671
UBFC_PHYS_s17_T3_ctrl,94,91,97.03333333333333,-1.3168177604675293,0.7831805317036381
UBFC_PHYS_s17_T3_ctrl,94,92,97.06666666666666,-1.7080626487731934,0.7340420779306028
UBFC_PHYS_s17_T3_ctrl,94,93,97.1,-2.064659357070923,0.6597012948217069
UBFC_PHYS_s17_T3_ctrl,94,94,97.13333333333334,-2.2854838371276855,0.5750262207687981
UBFC_PHYS_s17_T3_ctrl,94,95,97.16666666666667,-2.329519748687744,0.48996481096616246
UBFC_PHYS_s17_T3_ctrl,94,96,97.2,-2.2125701904296875,0.40965732622676704
UBFC_PHYS_s17_T3_ctrl,94,97,97.23333333333333,-1.9044928550720215,0.3362494365415801
UBFC_PHYS_s17_T3_ctrl,94,98,97.26666666666667,-1.3795359134674072,0.27063198348312534
UBFC_PHYS_s17_T3_ctrl,94,99,97.3,-0.7706504464149475,0.21280975792458418
UBFC_PHYS_s17_T3_ctrl,94,100,97.33333333333333,-0.27292048931121826,0.16096580877928948
UBFC_PHYS_s17_T3_ctrl,94,101,97.36666666666666,0.0799654945731163,0.110479415645818
UBFC_PHYS_s17_T3_ctrl,94,102,97.4,0.3704259991645813,0.054267508484350205
UBFC_PHYS_s17_T3_ctrl,94,103,97.43333333333334,0.6036699414253235,-0.015086487979751288
UBFC_PHYS_s17_T3_ctrl,94,104,97.46666666666667,0.7186180353164673,-0.10217638713922719
UBFC_PHYS_s17_T3_ctrl,94,105,97.5,0.715024471282959,-0.2061157668975098
UBFC_PHYS_s17_T3_ctrl,94,106,97.53333333333333,0.6503398418426514,-0.31973368468903884
UBFC_PHYS_s17_T3_ctrl,94,107,97.56666666666666,0.579685389995575,-0.43095029419629355
UBFC_PHYS_s17_T3_ctrl,94,108,97.6,0.517810046672821,-0.5254184425763091
UBFC_PHYS_s17_T3_ctrl,94,109,97.63333333333334,0.4379901885986328,-0.5890630737928448
UBFC_PHYS_s17_T3_ctrl,94,110,97.66666666666667,0.31826624274253845,-0.6098893780984624
UBFC_PHYS_s17_T3_ctrl,94,111,97.7,0.18132349848747253,-0.5794576104583954
UBFC_PHYS_s17_T3_ctrl,94,112,97.73333333333333,0.05730362609028816,-0.49465307760911237
UBFC_PHYS_s17_T3_ctrl,94,113,97.76666666666667,-0.05841703340411186,-0.35974615747907923
UBFC_PHYS_s17_T3_ctrl,94,114,97.8,-0.1911926120519638,-0.18785283265332867
UBFC_PHYS_s17_T3_ctrl,94,115,97.83333333333333,-0.35620516538619995,-0.00046058962875359646
UBFC_PHYS_s17_T3_ctrl,94,116,97.86666666666666,-0.5135037899017334,0.1758778006030136
UBFC_PHYS_s17_T3_ctrl,94,117,97.9,-0.5514881610870361,0.3153001812048983
UBFC_PHYS_s17_T3_ctrl,94,118,97.93333333333334,-0.3964253067970276,0.3989660829464899
UBFC_PHYS_s17_T3_ctrl,94,119,97.96666666666667,-0.12632068991661072,0.41948491914255515
UBFC_PHYS_s17_T3_ctrl,94,120,98.0,0.1071573868393898,0.3818400800919951
UBFC_PHYS_s17_T3_ctrl,94,121,98.03333333333333,0.2366437315940857,0.30083717850698094
UBFC_PHYS_s17_T3_ctrl,94,122,98.06666666666666,0.2975943088531494,0.19637074955507844
UBFC_PHYS_s17_T3_ctrl,94,123,98.1,0.32189494371414185,0.0882535365653659
UBFC_PHYS_s17_T3_ctrl,94,124,98.13333333333334,0.32559388875961304,-0.007914376132079692
UBFC_PHYS_s17_T3_ctrl,94,125,98.16666666666667,0.3345954120159149,-0.08300451758599536
UBFC_PHYS_s17_T3_ctrl,94,126,98.2,0.36350804567337036,-0.13458718124907693
UBFC_PHYS_s17_T3_ctrl,94,127,98.23333333333333,0.3894123136997223,-0.16548778957676782
UBFC_PHYS_s17_T3_ctrl,94,128,98.26666666666667,0.3863922953605652,-0.18135022370658777
UBFC_PHYS_s17_T3_ctrl,94,129,98.3,0.3492858409881592,-0.1879698249843328
UBFC_PHYS_s17_T3_ctrl,94,130,98.33333333333333,0.2702736556529999,-0.18906624161042607
UBFC_PHYS_s17_T3_ctrl,94,131,98.36666666666666,0.15344096720218658,-0.18507257921850662
UBFC_PHYS_s17_T3_ctrl,94,132,98.4,0.03815341368317604,-0.17343025914875354
UBFC_PHYS_s17_T3_ctrl,94,133,98.43333333333334,-0.05408599600195885,-0.15044041690621332
UBFC_PHYS_s17_T3_ctrl,94,134,98.46666666666667,-0.15662625432014465,-0.11385787663762181
UBFC_PHYS_s17_T3_ctrl,94,135,98.5,-0.2965070903301239,-0.06486940028251834
UBFC_PHYS_s17_T3_ctrl,94,136,98.53333333333333,-0.42772582173347473,-0.008488699781130205
UBFC_PHYS_s17_T3_ctrl,94,137,98.56666666666666,-0.4421938359737396,0.047710936000788684
UBFC_PHYS_s17_T3_ctrl,94,138,98.6,-0.27705252170562744,0.09594427788094946
UBFC_PHYS_s17_T3_ctrl,94,139,98.63333333333334,-0.008493037894368172,0.13077598723486247
UBFC_PHYS_s17_T3_ctrl,94,140,98.66666666666667,0.22830940783023834,0.15098797482103243
UBFC_PHYS_s17_T3_ctrl,94,141,98.7,0.38643911480903625,0.16001852687868803
UBFC_PHYS_s17_T3_ctrl,94,142,98.73333333333333,0.47739091515541077,0.16466695810769386
UBFC_PHYS_s17_T3_ctrl,94,143,98.76666666666667,0.49586221575737,0.17242051478586273
UBFC_PHYS_s17_T3_ctrl,94,144,98.8,0.4788306951522827,0.1884472973193168
UBFC_PHYS_s17_T3_ctrl,94,145,98.83333333333333,0.4958973228931427,0.21353998052726494
UBFC_PHYS_s17_T3_ctrl,94,146,98.86666666666666,0.5465587973594666,0.2438220327842793
UBFC_PHYS_s17_T3_ctrl,94,147,98.9,0.5825297832489014,0.27217972569895166
UBFC_PHYS_s17_T3_ctrl,94,148,98.93333333333334,0.5924912095069885,0.2907022906021992
UBFC_PHYS_s17_T3_ctrl,94,149,98.96666666666667,0.5852571725845337,0.2931776576316642
UBFC_PHYS_s17_T3_ctrl,94,150,99.0,0.5566489100456238,0.2768757832944497
UBFC_PHYS_s17_T3_ctrl,94,151,99.03333333333333,0.5330623388290405,0.24319563713840067
UBFC_PHYS_s17_T3_ctrl,94,152,99.06666666666666,0.5601722598075867,0.19704055139484059
UBFC_PHYS_s17_T3_ctrl,94,153,99.1,0.6220007538795471,0.14508434870246
UBFC_PHYS_s17_T3_ctrl,94,154,99.13333333333334,0.6644800901412964,0.09346707587037927
UBFC_PHYS_s17_T3_ctrl,94,155,99.16666666666667,0.6773326992988586,0.0457103333377792
UBFC_PHYS_s17_T3_ctrl,94,156,99.2,0.6982387900352478,0.001551076522317054
UBFC_PHYS_s17_T3_ctrl,94,157,99.23333333333333,0.7805168032646179,-0.04298765100319261
UBFC_PHYS_s17_T3_ctrl,94,158,99.26666666666667,1.0034364461898804,-0.09441092276767894
UBFC_PHYS_s17_T3_ctrl,94,159,99.3,1.3970576524734497,-0.15982119512846302
UBFC_PHYS_s17_T3_ctrl,94,160,99.33333333333333,1.8285695314407349,-0.2445949403759299
UBFC_PHYS_s17_T3_ctrl,94,161,99.36666666666666,2.1158812046051025,-0.3499657483001936
UBFC_PHYS_s17_T3_ctrl,94,162,99.4,2.16273832321167,-0.47095362766517546
UBFC_PHYS_s17_T3_ctrl,94,163,99.43333333333334,1.8609235286712646,-0.5953429202023001
UBFC_PHYS_s17_T3_ctrl,94,164,99.46666666666667,1.1502352952957153,-0.7045145531526847
UBFC_PHYS_s17_T3_ctrl,94,165,99.5,0.34208694100379944,-0.776583697667174
UBFC_PHYS_s17_T3_ctrl,94,166,99.53333333333333,-0.08216751366853714,-0.7914570373527967
UBFC_PHYS_s17_T3_ctrl,94,167,99.56666666666666,-0.1397586166858673,-0.7365516762059949
UBFC_PHYS_s17_T3_ctrl,94,168,99.6,-0.14522509276866913,-0.6114806204821618
UBFC_PHYS_s17_T3_ctrl,94,169,99.63333333333334,-0.212379589676857,-0.430042510523453
UBFC_PHYS_s17_T3_ctrl,94,170,99.66666666666667,-0.3385298550128937,-0.21830953001464856
UBFC_PHYS_s17_T3_ctrl,94,171,99.7,-0.5985091924667358,-0.008700211089466064
UBFC_PHYS_s17_T3_ctrl,94,172,99.73333333333333,-0.9707210063934326,0.16843344713509847
UBFC_PHYS_s17_T3_ctrl,94,173,99.76666666666667,-1.2939451932907104,0.2928400319819862
UBFC_PHYS_s17_T3_ctrl,94,174,99.8,-1.507992148399353,0.3590413158222179
UBFC_PHYS_s17_T3_ctrl,94,175,99.83333333333333,-1.6635934114456177,0.3759345745381645
UBFC_PHYS_s17_T3_ctrl,94,176,99.86666666666666,-1.764132022857666,0.3617338893454292
UBFC_PHYS_s17_T3_ctrl,94,177,99.9,-1.8427931070327759,0.3365886276024976
UBFC_PHYS_s17_T3_ctrl,94,178,99.93333333333334,-2.008039712905884,0.31599722333263175
UBFC_PHYS_s17_T3_ctrl,94,179,99.96666666666667,-2.2372686862945557,0.30742060093727247
UBFC_PHYS_s17_T3_ctrl,94,180,100.0,-2.31500506401062,0.31070926038506147
UBFC_PHYS_s17_T3_ctrl,94,181,100.03333333333333,-2.086829423904419,0.3211819091780492
UBFC_PHYS_s17_T3_ctrl,94,182,100.06666666666666,-1.6334868669509888,0.33338205160589385
UBFC_PHYS_s17_T3_ctrl,94,183,100.1,-1.092633843421936,0.3437650278488449
UBFC_PHYS_s17_T3_ctrl,94,184,100.13333333333334,-0.5843806862831116,0.3514037266783641
UBFC_PHYS_s17_T3_ctrl,94,185,100.16666666666667,-0.2269178330898285,0.3568444145782764
UBFC_PHYS_s17_T3_ctrl,94,186,100.2,-0.05448398366570473,0.3601202545262715
UBFC_PHYS_s17_T3_ctrl,94,187,100.23333333333333,0.047002777457237244,0.3592535273188276
UBFC_PHYS_s17_T3_ctrl,94,188,100.26666666666667,0.19332164525985718,0.35019195604099446
UBFC_PHYS_s17_T3_ctrl,94,189,100.3,0.3469330370426178,0.3282827458383479
UBFC_PHYS_s17_T3_ctrl,94,190,100.33333333333333,0.431809663772583,0.2905412348957426
UBFC_PHYS_s17_T3_ctrl,94,191,100.36666666666666,0.4712689518928528,0.23750415048064608
UBFC_PHYS_s17_T3_ctrl,94,192,100.4,0.5083637237548828,0.17359852359654457
UBFC_PHYS_s17_T3_ctrl,94,193,100.43333333333334,0.5199638605117798,0.10572816841857023
UBFC_PHYS_s17_T3_ctrl,94,194,100.46666666666667,0.4905362129211426,0.0408303101256074
UBFC_PHYS_s17_T3_ctrl,94,195,100.5,0.46552154421806335,-0.0162744819212946
UBFC_PHYS_s17_T3_ctrl,94,196,100.53333333333333,0.47384417057037354,-0.06378537759047836
UBFC_PHYS_s17_T3_ctrl,94,197,100.56666666666666,0.47440603375434875,-0.10248924636797775
UBFC_PHYS_s17_T3_ctrl,94,198,100.6,0.42861407995224,-0.13455143852048337
UBFC_PHYS_s17_T3_ctrl,94,199,100.63333333333334,0.35449478030204773,-0.16224760108418612
UBFC_PHYS_s17_T3_ctrl,94,200,100.66666666666667,0.3111844062805176,-0.18712801787014846
UBFC_PHYS_s17_T3_ctrl,94,201,100.7,0.3411036729812622,-0.20973116544190779
UBFC_PHYS_s17_T3_ctrl,94,202,100.73333333333333,0.4237328767776489,-0.22968897531513618
UBFC_PHYS_s17_T3_ctrl,94,203,100.76666666666667,0.4963889718055725,-0.24603317460670987
UBFC_PHYS_s17_T3_ctrl,94,204,100.8,0.5020778179168701,-0.25765932298708905
UBFC_PHYS_s17_T3_ctrl,94,205,100.83333333333333,0.4023118019104004,-0.26395903467719356
UBFC_PHYS_s17_T3_ctrl,94,206,100.86666666666666,0.18162783980369568,-0.26544063741085033
UBFC_PHYS_s17_T3_ctrl,94,207,100.9,-0.12025723606348038,-0.263976672002039
UBFC_PHYS_s17_T3_ctrl,94,208,100.93333333333334,-0.3931594789028168,-0.2624239997213176
UBFC_PHYS_s17_T3_ctrl,94,209,100.96666666666667,-0.5258297324180603,-0.2636763475018955
UBFC_PHYS_s17_T3_ctrl,94,210,101.0,-0.5135272145271301,-0.26951058649329745
UBFC_PHYS_s17_T3_ctrl,94,211,101.03333333333333,-0.42865055799484253,-0.2797974164355558
UBFC_PHYS_s17_T3_ctrl,94,212,101.06666666666666,-0.312602162361145,-0.29266415150187153
UBFC_PHYS_s17_T3_ctrl,94,213,101.1,-0.20095501840114594,-0.3057625603225319
UBFC_PHYS_s17_T3_ctrl,94,214,101.13333333333334,-0.1650308072566986,-0.3179468099740685
UBFC_PHYS_s17_T3_ctrl,94,215,101.16666666666667,-0.2117006778717041,-0.3300905917743196
UBFC_PHYS_s17_T3_ctrl,94,216,101.2,-0.26630687713623047,-0.3440894725045955
UBFC_PHYS_s17_T3_ctrl,94,217,101.23333333333333,-0.287306547164917,-0.3601536629905492
UBFC_PHYS_s17_T3_ctrl,94,218,101.26666666666667,-0.31923916935920715,-0.3736844389176092
UBFC_PHYS_s17_T3_ctrl,94,219,101.3,-0.42917731404304504,-0.3737423440131937
UBFC_PHYS_s17_T3_ctrl,94,220,101.33333333333333,-0.5986847877502441,-0.3448634512195428
UBFC_PHYS_s17_T3_ctrl,94,221,101.36666666666666,-0.6917436122894287,-0.2724705813097026
UBFC_PHYS_s17_T3_ctrl,94,222,101.4,-0.5841114521026611,-0.14984517258939703
UBFC_PHYS_s17_T3_ctrl,94,223,101.43333333333334,-0.3170853555202484,0.01686621698581493
UBFC_PHYS_s17_T3_ctrl,94,224,101.46666666666667,-0.04516639560461044,0.20851876112094583
UBFC_PHYS_s17_T3_ctrl,94,225,101.5,0.1336703598499298,0.3980908888586518
UBFC_PHYS_s17_T3_ctrl,94,226,101.53333333333333,0.20857392251491547,0.5585157410410754
UBFC_PHYS_s17_T3_ctrl,94,227,101.56666666666666,0.20036835968494415,0.6694731392307258
UBFC_PHYS_s17_T3_ctrl,94,228,101.6,0.15779541432857513,0.7208173358496415
UBFC_PHYS_s17_T3_ctrl,94,229,101.63333333333334,0.15502122044563293,0.7126941446757096
UBFC_PHYS_s17_T3_ctrl,94,230,101.66666666666667,0.20314255356788635,0.6536460900712376
UBFC_PHYS_s17_T3_ctrl,94,231,101.7,0.24112693965435028,0.5578983745492638
UBFC_PHYS_s17_T3_ctrl,94,232,101.73333333333333,0.23968715965747833,0.44242097476776554
UBFC_PHYS_s17_T3_ctrl,94,233,101.76666666666667,0.22767730057239532,0.3239901871093641
UBFC_PHYS_s17_T3_ctrl,94,234,101.8,0.20425458252429962,0.21656083627325298
UBFC_PHYS_s17_T3_ctrl,94,235,101.83333333333333,0.13659673929214478,0.1294548905313096
UBFC_PHYS_s17_T3_ctrl,94,236,101.86666666666666,0.03810659423470497,0.06673868655138533
UBFC_PHYS_s17_T3_ctrl,94,237,101.9,-0.04897068813443184,0.027723809273497317
UBFC_PHYS_s17_T3_ctrl,94,238,101.93333333333334,-0.12937583029270172,0.008114914261716583
UBFC_PHYS_s17_T3_ctrl,94,239,101.96666666666667,-0.23872868716716766,0.0012925848905862864
UBFC_PHYS_s17_T3_ctrl,95,0,95.0,0.4542842507362366,-0.02418170181933152
UBFC_PHYS_s17_T3_ctrl,95,1,95.03333333333333,0.46037110686302185,0.16470606862106538
UBFC_PHYS_s17_T3_ctrl,95,2,95.06666666666666,0.41043540835380554,0.3122915752954092
UBFC_PHYS_s17_T3_ctrl,95,3,95.1,0.36027732491493225,0.38442112389197863
UBFC_PHYS_s17_T3_ctrl,95,4,95.13333333333334,0.3464765250682831,0.3596495703951257
UBFC_PHYS_s17_T3_ctrl,95,5,95.16666666666667,0.34372571110725403,0.23389793255588007
UBFC_PHYS_s17_T3_ctrl,95,6,95.2,0.3122730255126953,0.022029596166501592
UBFC_PHYS_s17_T3_ctrl,95,7,95.23333333333333,0.23588286340236664,-0.24457929041539392
UBFC_PHYS_s17_T3_ctrl,95,8,95.26666666666667,0.11739970743656158,-0.5241119612735716
UBFC_PHYS_s17_T3_ctrl,95,9,95.3,-0.004267349373549223,-0.7724514686987163
UBFC_PHYS_s17_T3_ctrl,95,10,95.33333333333333,-0.030499394983053207,-0.9512404141691737
UBFC_PHYS_s17_T3_ctrl,95,11,95.36666666666666,0.11039981245994568,-1.0340290473141176
UBFC_PHYS_s17_T3_ctrl,95,12,95.4,0.359083354473114,-1.009659848180644
UBFC_PHYS_s17_T3_ctrl,95,13,95.43333333333334,0.5933340191841125,-0.8829261055971482
UBFC_PHYS_s17_T3_ctrl,95,14,95.46666666666667,0.7590254545211792,-0.6728262396923148
UBFC_PHYS_s17_T3_ctrl,95,15,95.5,0.8532080054283142,-0.4087669982434309
UBFC_PHYS_s17_T3_ctrl,95,16,95.53333333333333,0.8620222210884094,-0.12534014447599034
UBFC_PHYS_s17_T3_ctrl,95,17,95.56666666666666,0.8088792562484741,0.1433322985918847
UBFC_PHYS_s17_T3_ctrl,95,18,95.6,0.764363169670105,0.36859549704531736
UBFC_PHYS_s17_T3_ctrl,95,19,95.63333333333334,0.7702978849411011,0.5307890438034966
UBFC_PHYS_s17_T3_ctrl,95,20,95.66666666666667,0.7935684323310852,0.6209765528328388
UBFC_PHYS_s17_T3_ctrl,95,21,95.7,0.7826939821243286,0.6409522464873297
UBFC_PHYS_s17_T3_ctrl,95,22,95.73333333333333,0.7259339690208435,0.6017505841287416
UBFC_PHYS_s17_T3_ctrl,95,23,95.76666666666667,0.6435506343841553,0.5209422819876219
UBFC_PHYS_s17_T3_ctrl,95,24,95.8,0.5626187324523926,0.4191491689378375
UBFC_PHYS_s17_T3_ctrl,95,25,95.83333333333333,0.4877620041370392,0.3163669974846748
UBFC_PHYS_s17_T3_ctrl,95,26,95.86666666666666,0.3746867775917053,0.2287083841576578
UBFC_PHYS_s17_T3_ctrl,95,27,95.9,0.18199071288108826,0.16611461306042696
UBFC_PHYS_s17_T3_ctrl,95,28,95.93333333333334,-0.018091555684804916,0.13150863881008973
UBFC_PHYS_s17_T3_ctrl,95,29,95.96666666666667,-0.06377815455198288,0.12170904834735732
UBFC_PHYS_s17_T3_ctrl,95,30,96.0,0.09592010080814362,0.13005090012959158
UBFC_PHYS_s17_T3_ctrl,95,31,96.03333333333333,0.3015507757663727,0.14994624221004768
UBFC_PHYS_s17_T3_ctrl,95,32,96.06666666666666,0.3718072474002838,0.17781298662601064
UBFC_PHYS_s17_T3_ctrl,95,33,96.1,0.28993889689445496,0.21369991245520453
UBFC_PHYS_s17_T3_ctrl,95,34,96.13333333333334,0.13436098396778107,0.2590299810532553
UBFC_PHYS_s17_T3_ctrl,95,35,96.16666666666667,-0.023768726736307144,0.31259598364708835
UBFC_PHYS_s17_T3_ctrl,95,36,96.2,-0.0946572870016098,0.3671878255937307
UBFC_PHYS_s17_T3_ctrl,95,37,96.23333333333333,0.013384558260440826,0.4091852227800691
UBFC_PHYS_s17_T3_ctrl,95,38,96.26666666666667,0.26882216334342957,0.42196220431098724
UBFC_PHYS_s17_T3_ctrl,95,39,96.3,0.5076613426208496,0.39174320214001246
UBFC_PHYS_s17_T3_ctrl,95,40,96.33333333333333,0.6266478896141052,0.3128922584463253
UBFC_PHYS_s17_T3_ctrl,95,41,96.36666666666666,0.6624550223350525,0.18977965514773346
UBFC_PHYS_s17_T3_ctrl,95,42,96.4,0.6870365738868713,0.03451305620456905
UBFC_PHYS_s17_T3_ctrl,95,43,96.43333333333334,0.7103773951530457,-0.13774181109944825
UBFC_PHYS_s17_T3_ctrl,95,44,96.46666666666667,0.7028858661651611,-0.3131975976387366
UBFC_PHYS_s17_T3_ctrl,95,45,96.5,0.6572577953338623,-0.4817379115907707
UBFC_PHYS_s17_T3_ctrl,95,46,96.53333333333333,0.6142048835754395,-0.6367066187768191
UBFC_PHYS_s17_T3_ctrl,95,47,96.56666666666666,0.6618229150772095,-0.7731602804699911
UBFC_PHYS_s17_T3_ctrl,95,48,96.6,0.8371597528457642,-0.8860075561027985
UBFC_PHYS_s17_T3_ctrl,95,49,96.63333333333334,0.9856089949607849,-0.9690471371144067
UBFC_PHYS_s17_T3_ctrl,95,50,96.66666666666667,0.8901973962783813,-1.0150995777090543
UBFC_PHYS_s17_T3_ctrl,95,51,96.7,0.5663411021232605,-1.0168049181637213
UBFC_PHYS_s17_T3_ctrl,95,52,96.73333333333333,0.2151055932044983,-0.9676031173501148
UBFC_PHYS_s17_T3_ctrl,95,53,96.76666666666667,-0.03480702266097069,-0.8628293964552051
UBFC_PHYS_s17_T3_ctrl,95,54,96.8,-0.16608430445194244,-0.7012634353989146
UBFC_PHYS_s17_T3_ctrl,95,55,96.83333333333333,-0.20280449092388153,-0.4872575152266951
UBFC_PHYS_s17_T3_ctrl,95,56,96.86666666666666,-0.2021723836660385,-0.23266539203877407
UBFC_PHYS_s17_T3_ctrl,95,57,96.9,-0.23069870471954346,0.04286940884166126
UBFC_PHYS_s17_T3_ctrl,95,58,96.93333333333334,-0.35140591859817505,0.31424739925585704
UBFC_PHYS_s17_T3_ctrl,95,59,96.96666666666667,-0.6021496057510376,0.5554812853618165
UBFC_PHYS_s17_T3_ctrl,95,60,97.0,-0.9433534741401672,0.7447782604272151
UBFC_PHYS_s17_T3_ctrl,95,61,97.03333333333333,-1.3168177604675293,0.8681458094536366
UBFC_PHYS_s17_T3_ctrl,95,62,97.06666666666666,-1.7080626487731934,0.9206101519113074
UBFC_PHYS_s17_T3_ctrl,95,63,97.1,-2.064659357070923,0.9055738594672685
UBFC_PHYS_s17_T3_ctrl,95,64,97.13333333333334,-2.2854838371276855,0.8334590010873817
UBFC_PHYS_s17_T3_ctrl,95,65,97.16666666666667,-2.329519748687744,0.7203792092239201
UBFC_PHYS_s17_T3_ctrl,95,66,97.2,-2.2125701904296875,0.5866957155786086
UBFC_PHYS_s17_T3_ctrl,95,67,97.23333333333333,-1.9044928550720215,0.454707820004533
UBFC_PHYS_s17_T3_ctrl,95,68,97.26666666666667,-1.3795359134674072,0.3449283451090195
UBFC_PHYS_s17_T3_ctrl,95,69,97.3,-0.7706504464149475,0.27129447303231313
UBFC_PHYS_s17_T3_ctrl,95,70,97.33333333333333,-0.27292048931121826,0.2367285339836207
UBFC_PHYS_s17_T3_ctrl,95,71,97.36666666666666,0.0799654945731163,0.23107599733682205
UBFC_PHYS_s17_T3_ctrl,95,72,97.4,0.3704259991645813,0.23311766342194348
UBFC_PHYS_s17_T3_ctrl,95,73,97.43333333333334,0.6036699414253235,0.21690548036032004
UBFC_PHYS_s17_T3_ctrl,95,74,97.46666666666667,0.7186180353164673,0.16057583663120875
UBFC_PHYS_s17_T3_ctrl,95,75,97.5,0.715024471282959,0.054271655244459316
UBFC_PHYS_s17_T3_ctrl,95,76,97.53333333333333,0.6503398418426514,-0.09605393206658173
UBFC_PHYS_s17_T3_ctrl,95,77,97.56666666666666,0.579685389995575,-0.2702949682311622
UBFC_PHYS_s17_T3_ctrl,95,78,97.6,0.517810046672821,-0.44003500740558743
UBFC_PHYS_s17_T3_ctrl,95,79,97.63333333333334,0.4379901885986328,-0.5757374602386045
UBFC_PHYS_s17_T3_ctrl,95,80,97.66666666666667,0.31826624274253845,-0.6529488314065002
UBFC_PHYS_s17_T3_ctrl,95,81,97.7,0.18132349848747253,-0.6566938183350803
UBFC_PHYS_s17_T3_ctrl,95,82,97.73333333333333,0.05730362609028816,-0.584184432064184
UBFC_PHYS_s17_T3_ctrl,95,83,97.76666666666667,-0.05841703340411186,-0.44591028644172376
UBFC_PHYS_s17_T3_ctrl,95,84,97.8,-0.1911926120519638,-0.2646372177903259
UBFC_PHYS_s17_T3_ctrl,95,85,97.83333333333333,-0.35620516538619995,-0.07165828291518533
UBFC_PHYS_s17_T3_ctrl,95,86,97.86666666666666,-0.5135037899017334,0.09964882201601301
UBFC_PHYS_s17_T3_ctrl,95,87,97.9,-0.5514881610870361,0.221581469017263
UBFC_PHYS_s17_T3_ctrl,95,88,97.93333333333334,-0.3964253067970276,0.2787053410539459
UBFC_PHYS_s17_T3_ctrl,95,89,97.96666666666667,-0.12632068991661072,0.2707822569494907
UBFC_PHYS_s17_T3_ctrl,95,90,98.0,0.1071573868393898,0.2109193655689973
UBFC_PHYS_s17_T3_ctrl,95,91,98.03333333333333,0.2366437315940857,0.1199148494150945
UBFC_PHYS_s17_T3_ctrl,95,92,98.06666666666666,0.2975943088531494,0.019387720284905017
UBFC_PHYS_s17_T3_ctrl,95,93,98.1,0.32189494371414185,-0.07353853493593301
UBFC_PHYS_s17_T3_ctrl,95,94,98.13333333333334,0.32559388875961304,-0.14856660890098256
UBFC_PHYS_s17_T3_ctrl,95,95,98.16666666666667,0.3345954120159149,-0.201879929776253
UBFC_PHYS_s17_T3_ctrl,95,96,98.2,0.36350804567337036,-0.2343627406446909
UBFC_PHYS_s17_T3_ctrl,95,97,98.23333333333333,0.3894123136997223,-0.24955237398069174
UBFC_PHYS_s17_T3_ctrl,95,98,98.26666666666667,0.3863922953605652,-0.25189561861726023
UBFC_PHYS_s17_T3_ctrl,95,99,98.3,0.3492858409881592,-0.24535343122805645
UBFC_PHYS_s17_T3_ctrl,95,100,98.33333333333333,0.2702736556529999,-0.232293063196683
UBFC_PHYS_s17_T3_ctrl,95,101,98.36666666666666,0.15344096720218658,-0.21283492229304715
UBFC_PHYS_s17_T3_ctrl,95,102,98.4,0.03815341368317604,-0.18501888331543082
UBFC_PHYS_s17_T3_ctrl,95,103,98.43333333333334,-0.05408599600195885,-0.14596264695972228
UBFC_PHYS_s17_T3_ctrl,95,104,98.46666666666667,-0.15662625432014465,-0.09361114037477428
UBFC_PHYS_s17_T3_ctrl,95,105,98.5,-0.2965070903301239,-0.028304193883378216
UBFC_PHYS_s17_T3_ctrl,95,106,98.53333333333333,-0.42772582173347473,0.04637818300370931
UBFC_PHYS_s17_T3_ctrl,95,107,98.56666666666666,-0.4421938359737396,0.12366026488634467
UBFC_PHYS_s17_T3_ctrl,95,108,98.6,-0.27705252170562744,0.1946280725602028
UBFC_PHYS_s17_T3_ctrl,95,109,98.63333333333334,-0.008493037894368172,0.25034301729573644
UBFC_PHYS_s17_T3_ctrl,95,110,98.66666666666667,0.22830940783023834,0.28454123695182904
UBFC_PHYS_s17_T3_ctrl,95,111,98.7,0.38643911480903625,0.29589564316201405
UBFC_PHYS_s17_T3_ctrl,95,112,98.73333333333333,0.47739091515541077,0.28880789146543245
UBFC_PHYS_s17_T3_ctrl,95,113,98.76666666666667,0.49586221575737,0.27229536358747475
UBFC_PHYS_s17_T3_ctrl,95,114,98.8,0.4788306951522827,0.25738200412725
UBFC_PHYS_s17_T3_ctrl,95,115,98.83333333333333,0.4958973228931427,0.25395130733775034
UBFC_PHYS_s17_T3_ctrl,95,116,98.86666666666666,0.5465587973594666,0.2679836702501245
UBFC_PHYS_s17_T3_ctrl,95,117,98.9,0.5825297832489014,0.29976419143669364
UBFC_PHYS_s17_T3_ctrl,95,118,98.93333333333334,0.5924912095069885,0.3434142370284279
UBFC_PHYS_s17_T3_ctrl,95,119,98.96666666666667,0.5852571725845337,0.38800651108923934
UBFC_PHYS_s17_T3_ctrl,95,120,99.0,0.5566489100456238,0.42032057490355923
UBFC_PHYS_s17_T3_ctrl,95,121,99.03333333333333,0.5330623388290405,0.4286729540218811
UBFC_PHYS_s17_T3_ctrl,95,122,99.06666666666666,0.5601722598075867,0.40637527865217954
UBFC_PHYS_s17_T3_ctrl,95,123,99.1,0.6220007538795471,0.3531982581783487
UBFC_PHYS_s17_T3_ctrl,95,124,99.13333333333334,0.6644800901412964,0.27430346557293517
UBFC_PHYS_s17_T3_ctrl,95,125,99.16666666666667,0.6773326992988586,0.17752314979167405
UBFC_PHYS_s17_T3_ctrl,95,126,99.2,0.6982387900352478,0.07044801509585488
UBFC_PHYS_s17_T3_ctrl,95,127,99.23333333333333,0.7805168032646179,-0.04156791150312257
UBFC_PHYS_s17_T3_ctrl,95,128,99.26666666666667,1.0034364461898804,-0.15609716976965785
UBFC_PHYS_s17_T3_ctrl,95,129,99.3,1.3970576524734497,-0.27318501859091
UBFC_PHYS_s17_T3_ctrl,95,130,99.33333333333333,1.8285695314407349,-0.39405668166601676
UBFC_PHYS_s17_T3_ctrl,95,131,99.36666666666666,2.1158812046051025,-0.5192394992466417
UBFC_PHYS_s17_T3_ctrl,95,132,99.4,2.16273832321167,-0.6464290877070462
UBFC_PHYS_s17_T3_ctrl,95,133,99.43333333333334,1.8609235286712646,-0.7686850136839124
UBFC_PHYS_s17_T3_ctrl,95,134,99.46666666666667,1.1502352952957153,-0.8737805458919063
UBFC_PHYS_s17_T3_ctrl,95,135,99.5,0.34208694100379944,-0.9454310149123931
UBFC_PHYS_s17_T3_ctrl,95,136,99.53333333333333,-0.08216751366853714,-0.9665489819118502
UBFC_PHYS_s17_T3_ctrl,95,137,99.56666666666666,-0.1397586166858673,-0.9239178099709278
UBFC_PHYS_s17_T3_ctrl,95,138,99.6,-0.14522509276866913,-0.8130873850684551
UBFC_PHYS_s17_T3_ctrl,95,139,99.63333333333334,-0.212379589676857,-0.6418890759166697
UBFC_PHYS_s17_T3_ctrl,95,140,99.66666666666667,-0.3385298550128937,-0.43083010327395205
UBFC_PHYS_s17_T3_ctrl,95,141,99.7,-0.5985091924667358,-0.20927242593686055
UBFC_PHYS_s17_T3_ctrl,95,142,99.73333333333333,-0.9707210063934326,-0.007943445287495857
UBFC_PHYS_s17_T3_ctrl,95,143,99.76666666666667,-1.2939451932907104,0.14976765791794552
UBFC_PHYS_s17_T3_ctrl,95,144,99.8,-1.507992148399353,0.2542480940051094
UBFC_PHYS_s17_T3_ctrl,95,145,99.83333333333333,-1.6635934114456177,0.31103430571523905
UBFC_PHYS_s17_T3_ctrl,95,146,99.86666666666666,-1.764132022857666,0.33662079936756617
UBFC_PHYS_s17_T3_ctrl,95,147,99.9,-1.8427931070327759,0.3508316420699714
UBFC_PHYS_s17_T3_ctrl,95,148,99.93333333333334,-2.008039712905884,0.36931932038895293
UBFC_PHYS_s17_T3_ctrl,95,149,99.96666666666667,-2.2372686862945557,0.39935532459482515
UBFC_PHYS_s17_T3_ctrl,95,150,100.0,-2.31500506401062,0.4401521013308686
UBFC_PHYS_s17_T3_ctrl,95,151,100.03333333333333,-2.086829423904419,0.4865850626810408
UBFC_PHYS_s17_T3_ctrl,95,152,100.06666666666666,-1.6334868669509888,0.5336192239840268
UBFC_PHYS_s17_T3_ctrl,95,153,100.1,-1.092633843421936,0.5787862329533437
UBFC_PHYS_s17_T3_ctrl,95,154,100.13333333333334,-0.5843806862831116,0.6216186841413264
UBFC_PHYS_s17_T3_ctrl,95,155,100.16666666666667,-0.2269178330898285,0.66092246553247
UBFC_PHYS_s17_T3_ctrl,95,156,100.2,-0.05448398366570473,0.6919348894001403
UBFC_PHYS_s17_T3_ctrl,95,157,100.23333333333333,0.047002777457237244,0.7053660302744865
UBFC_PHYS_s17_T3_ctrl,95,158,100.26666666666667,0.19332164525985718,0.6892930435777042
UBFC_PHYS_s17_T3_ctrl,95,159,100.3,0.3469330370426178,0.6333938125361745
UBFC_PHYS_s17_T3_ctrl,95,160,100.33333333333333,0.431809663772583,0.5337194874253699
UBFC_PHYS_s17_T3_ctrl,95,161,100.36666666666666,0.4712689518928528,0.3957295603339428
UBFC_PHYS_s17_T3_ctrl,95,162,100.4,0.5083637237548828,0.2339525893556993
UBFC_PHYS_s17_T3_ctrl,95,163,100.43333333333334,0.5199638605117798,0.0681858001788937
UBFC_PHYS_s17_T3_ctrl,95,164,100.46666666666667,0.4905362129211426,-0.082126839398845
UBFC_PHYS_s17_T3_ctrl,95,165,100.5,0.46552154421806335,-0.20290082433649714
UBFC_PHYS_s17_T3_ctrl,95,166,100.53333333333333,0.47384417057037354,-0.28803607367923956
UBFC_PHYS_s17_T3_ctrl,95,167,100.56666666666666,0.47440603375434875,-0.3392731747278715
UBFC_PHYS_s17_T3_ctrl,95,168,100.6,0.42861407995224,-0.36393116322500896
UBFC_PHYS_s17_T3_ctrl,95,169,100.63333333333334,0.35449478030204773,-0.3716331594700063
UBFC_PHYS_s17_T3_ctrl,95,170,100.66666666666667,0.3111844062805176,-0.371186394703246
UBFC_PHYS_s17_T3_ctrl,95,171,100.7,0.3411036729812622,-0.3685184914365695
UBFC_PHYS_s17_T3_ctrl,95,172,100.73333333333333,0.4237328767776489,-0.36605517296378476
UBFC_PHYS_s17_T3_ctrl,95,173,100.76666666666667,0.4963889718055725,-0.36338553355629016
UBFC_PHYS_s17_T3_ctrl,95,174,100.8,0.5020778179168701,-0.35870949737093255
UBFC_PHYS_s17_T3_ctrl,95,175,100.83333333333333,0.4023118019104004,-0.3504267021261076
UBFC_PHYS_s17_T3_ctrl,95,176,100.86666666666666,0.18162783980369568,-0.3382737210930679
UBFC_PHYS_s17_T3_ctrl,95,177,100.9,-0.12025723606348038,-0.32368057798297684
UBFC_PHYS_s17_T3_ctrl,95,178,100.93333333333334,-0.3931594789028168,-0.30943477813338205
UBFC_PHYS_s17_T3_ctrl,95,179,100.96666666666667,-0.5258297324180603,-0.2990151905390791
UBFC_PHYS_s17_T3_ctrl,95,180,101.0,-0.5135272145271301,-0.29590554542059405
UBFC_PHYS_s17_T3_ctrl,95,181,101.03333333333333,-0.42865055799484253,-0.3030486014114758
UBFC_PHYS_s17_T3_ctrl,95,182,101.06666666666666,-0.312602162361145,-0.32255733685485655
UBFC_PHYS_s17_T3_ctrl,95,183,101.1,-0.20095501840114594,-0.3556116016348271
UBFC_PHYS_s17_T3_ctrl,95,184,101.13333333333334,-0.1650308072566986,-0.40203967280640196
UBFC_PHYS_s17_T3_ctrl,95,185,101.16666666666667,-0.2117006778717041,-0.4589987552522023
UBFC_PHYS_s17_T3_ctrl,95,186,101.2,-0.26630687713623047,-0.518874485760721
UBFC_PHYS_s17_T3_ctrl,95,187,101.23333333333333,-0.287306547164917,-0.5675438513235153
UBFC_PHYS_s17_T3_ctrl,95,188,101.26666666666667,-0.31923916935920715,-0.5846648888866456
UBFC_PHYS_s17_T3_ctrl,95,189,101.3,-0.42917731404304504,-0.5472198181527026
UBFC_PHYS_s17_T3_ctrl,95,190,101.33333333333333,-0.5986847877502441,-0.43618065950401
UBFC_PHYS_s17_T3_ctrl,95,191,101.36666666666666,-0.6917436122894287,-0.24436775722804227
UBFC_PHYS_s17_T3_ctrl,95,192,101.4,-0.5841114521026611,0.017792894985350943
UBFC_PHYS_s17_T3_ctrl,95,193,101.43333333333334,-0.3170853555202484,0.3217832192159252
UBFC_PHYS_s17_T3_ctrl,95,194,101.46666666666667,-0.04516639560461044,0.6269183350475938
UBFC_PHYS_s17_T3_ctrl,95,195,101.5,0.1336703598499298,0.8907642656075064
UBFC_PHYS_s17_T3_ctrl,95,196,101.53333333333333,0.20857392251491547,1.0797417385893027
UBFC_PHYS_s17_T3_ctrl,95,197,101.56666666666666,0.20036835968494415,1.1756440608364533
UBFC_PHYS_s17_T3_ctrl,95,198,101.6,0.15779541432857513,1.1764886050673709
UBFC_PHYS_s17_T3_ctrl,95,199,101.63333333333334,0.15502122044563293,1.0931686891629762
UBFC_PHYS_s17_T3_ctrl,95,200,101.66666666666667,0.20314255356788635,0.9444785274245298
UBFC_PHYS_s17_T3_ctrl,95,201,101.7,0.24112693965435028,0.752450338464031
UBFC_PHYS_s17_T3_ctrl,95,202,101.73333333333333,0.23968715965747833,0.5389151169978746
UBFC_PHYS_s17_T3_ctrl,95,203,101.76666666666667,0.22767730057239532,0.3234953429882048
UBFC_PHYS_s17_T3_ctrl,95,204,101.8,0.20425458252429962,0.12290234274337551
UBFC_PHYS_s17_T3_ctrl,95,205,101.83333333333333,0.13659673929214478,-0.04890686388234208
UBFC_PHYS_s17_T3_ctrl,95,206,101.86666666666666,0.03810659423470497,-0.18059645827541113
UBFC_PHYS_s17_T3_ctrl,95,207,101.9,-0.04897068813443184,-0.26421804475767713
UBFC_PHYS_s17_T3_ctrl,95,208,101.93333333333334,-0.12937583029270172,-0.2969260509135582
UBFC_PHYS_s17_T3_ctrl,95,209,101.96666666666667,-0.23872868716716766,-0.28271327390649365
UBFC_PHYS_s17_T3_ctrl,95,210,102.0,-0.3553272783756256,-0.23293689405071455
UBFC_PHYS_s17_T3_ctrl,95,211,102.03333333333333,-0.38137203454971313,-0.1648372978959895
UBFC_PHYS_s17_T3_ctrl,95,212,102.06666666666666,-0.25611138343811035,-0.09804659000558949
UBFC_PHYS_s17_T3_ctrl,95,213,102.1,-0.035099659115076065,-0.04994259372877912
UBFC_PHYS_s17_T3_ctrl,95,214,102.13333333333334,0.15857969224452972,-0.031334101484226495
UBFC_PHYS_s17_T3_ctrl,95,215,102.16666666666667,0.253944456577301,-0.043999854574437613
UBFC_PHYS_s17_T3_ctrl,95,216,102.2,0.26381221413612366,-0.08092714130988968
UBFC_PHYS_s17_T3_ctrl,95,217,102.23333333333333,0.2259448915719986,-0.12908457907935167
UBFC_PHYS_s17_T3_ctrl,95,218,102.26666666666667,0.17153768241405487,-0.17372001163649778
UBFC_PHYS_s17_T3_ctrl,95,219,102.3,0.13416199386119843,-0.20272301589722194
UBFC_PHYS_s17_T3_ctrl,95,220,102.33333333333333,0.12664705514907837,-0.2096077064514178
UBFC_PHYS_s17_T3_ctrl,95,221,102.36666666666666,0.12744303047657013,-0.1942441540494908
UBFC_PHYS_s17_T3_ctrl,95,222,102.4,0.10894833505153656,-0.16148229989228824
UBFC_PHYS_s17_T3_ctrl,95,223,102.43333333333334,0.06473662704229355,-0.11878178762092101
UBFC_PHYS_s17_T3_ctrl,95,224,102.46666666666667,-0.0029680379666388035,-0.07429986919246152
UBFC_PHYS_s17_T3_ctrl,95,225,102.5,-0.08738816529512405,-0.03625223009185922
UBFC_PHYS_s17_T3_ctrl,95,226,102.53333333333333,-0.17262768745422363,-0.013070693589427265
UBFC_PHYS_s17_T3_ctrl,95,227,102.56666666666666,-0.26034876704216003,-0.01310888883724718
UBFC_PHYS_s17_T3_ctrl,95,228,102.6,-0.3811028003692627,-0.0431637974462152
UBFC_PHYS_s17_T3_ctrl,95,229,102.63333333333334,-0.5297861695289612,-0.10616741452773623
UBFC_PHYS_s17_T3_ctrl,95,230,102.66666666666667,-0.6175306439399719,-0.19899117558298787
UBFC_PHYS_s17_T3_ctrl,95,231,102.7,-0.5439381003379822,-0.311249180612153
UBFC_PHYS_s17_T3_ctrl,95,232,102.73333333333333,-0.32325416803359985,-0.42564880819428363
UBFC_PHYS_s17_T3_ctrl,95,233,102.76666666666667,-0.07864414900541306,-0.5200858262662734
UBFC_PHYS_s17_T3_ctrl,95,234,102.8,0.09960733354091644,-0.571382913837054
UBFC_PHYS_s17_T3_ctrl,95,235,102.83333333333333,0.21543334424495697,-0.5602011272573844
UBFC_PHYS_s17_T3_ctrl,95,236,102.86666666666666,0.27472174167633057,-0.4761276708735754
UBFC_PHYS_s17_T3_ctrl,95,237,102.9,0.2704492509365082,-0.3214297481212778
UBFC_PHYS_s17_T3_ctrl,95,238,102.93333333333334,0.24742449820041656,-0.1119101571371363
UBFC_PHYS_s17_T3_ctrl,95,239,102.96666666666667,0.2615998685359955,0.12570167852116043
UBFC_PHYS_s17_T3_ctrl,96,0,96.0,0.09592010080814362,0.10901450198598864
UBFC_PHYS_s17_T3_ctrl,96,1,96.03333333333333,0.3015507757663727,0.35706891165818966
UBFC_PHYS_s17_T3_ctrl,96,2,96.06666666666666,0.3718072474002838,0.5943160878450446
UBFC_PHYS_s17_T3_ctrl,96,3,96.1,0.28993889689445496,0.8107511044484574
UBFC_PHYS_s17_T3_ctrl,96,4,96.13333333333334,0.13436098396778107,0.9963391025674955
UBFC_PHYS_s17_T3_ctrl,96,5,96.16666666666667,-0.023768726736307144,1.140783625110021
UBFC_PHYS_s17_T3_ctrl,96,6,96.2,-0.0946572870016098,1.2333051855857378
UBFC_PHYS_s17_T3_ctrl,96,7,96.23333333333333,0.013384558260440826,1.2634076969386314
UBFC_PHYS_s17_T3_ctrl,96,8,96.26666666666667,0.26882216334342957,1.2232428296580016
UBFC_PHYS_s17_T3_ctrl,96,9,96.3,0.5076613426208496,1.110915985614152
UBFC_PHYS_s17_T3_ctrl,96,10,96.33333333333333,0.6266478896141052,0.9329877808868873
UBFC_PHYS_s17_T3_ctrl,96,11,96.36666666666666,0.6624550223350525,0.7044724527978328
UBFC_PHYS_s17_T3_ctrl,96,12,96.4,0.6870365738868713,0.4459789942161464
UBFC_PHYS_s17_T3_ctrl,96,13,96.43333333333334,0.7103773951530457,0.17925332868559235
UBFC_PHYS_s17_T3_ctrl,96,14,96.46666666666667,0.7028858661651611,-0.07693022392272282
UBFC_PHYS_s17_T3_ctrl,96,15,96.5,0.6572577953338623,-0.30908209017222177
UBFC_PHYS_s17_T3_ctrl,96,16,96.53333333333333,0.6142048835754395,-0.509241276365657
UBFC_PHYS_s17_T3_ctrl,96,17,96.56666666666666,0.6618229150772095,-0.673821554303167
UBFC_PHYS_s17_T3_ctrl,96,18,96.6,0.8371597528457642,-0.801893377167429
UBFC_PHYS_s17_T3_ctrl,96,19,96.63333333333334,0.9856089949607849,-0.8934504725858786
UBFC_PHYS_s17_T3_ctrl,96,20,96.66666666666667,0.8901973962783813,-0.9480364493037794
UBFC_PHYS_s17_T3_ctrl,96,21,96.7,0.5663411021232605,-0.9640779383396556
UBFC_PHYS_s17_T3_ctrl,96,22,96.73333333333333,0.2151055932044983,-0.939183394019618
UBFC_PHYS_s17_T3_ctrl,96,23,96.76666666666667,-0.03480702266097069,-0.8714784515248885
UBFC_PHYS_s17_T3_ctrl,96,24,96.8,-0.16608430445194244,-0.7617616720664133
UBFC_PHYS_s17_T3_ctrl,96,25,96.83333333333333,-0.20280449092388153,-0.6157961661049918
UBFC_PHYS_s17_T3_ctrl,96,26,96.86666666666666,-0.2021723836660385,-0.4455447698401997
UBFC_PHYS_s17_T3_ctrl,96,27,96.9,-0.23069870471954346,-0.26818254051110085
UBFC_PHYS_s17_T3_ctrl,96,28,96.93333333333334,-0.35140591859817505,-0.10264128053983322
UBFC_PHYS_s17_T3_ctrl,96,29,96.96666666666667,-0.6021496057510376,0.03518679678217369
UBFC_PHYS_s17_T3_ctrl,96,30,97.0,-0.9433534741401672,0.1365139740722149
UBFC_PHYS_s17_T3_ctrl,96,31,97.03333333333333,-1.3168177604675293,0.20116165581013823
UBFC_PHYS_s17_T3_ctrl,96,32,97.06666666666666,-1.7080626487731934,0.236115926203498
UBFC_PHYS_s17_T3_ctrl,96,33,97.1,-2.064659357070923,0.25226746754099466
UBFC_PHYS_s17_T3_ctrl,96,34,97.13333333333334,-2.2854838371276855,0.2609750566792981
UBFC_PHYS_s17_T3_ctrl,96,35,97.16666666666667,-2.329519748687744,0.271618005333082
UBFC_PHYS_s17_T3_ctrl,96,36,97.2,-2.2125701904296875,0.2904756868497928
UBFC_PHYS_s17_T3_ctrl,96,37,97.23333333333333,-1.9044928550720215,0.32055782290827617
UBFC_PHYS_s17_T3_ctrl,96,38,97.26666666666667,-1.3795359134674072,0.361681311368002
UBFC_PHYS_s17_T3_ctrl,96,39,97.3,-0.7706504464149475,0.41029001147183153
UBFC_PHYS_s17_T3_ctrl,96,40,97.33333333333333,-0.27292048931121826,0.4591276223211583
UBFC_PHYS_s17_T3_ctrl,96,41,97.36666666666666,0.0799654945731163,0.49748149519374885
UBFC_PHYS_s17_T3_ctrl,96,42,97.4,0.3704259991645813,0.5128323339361541
UBFC_PHYS_s17_T3_ctrl,96,43,97.43333333333334,0.6036699414253235,0.4940952160894213
UBFC_PHYS_s17_T3_ctrl,96,44,97.46666666666667,0.7186180353164673,0.4354723831600044
UBFC_PHYS_s17_T3_ctrl,96,45,97.5,0.715024471282959,0.33915761650248244
UBFC_PHYS_s17_T3_ctrl,96,46,97.53333333333333,0.6503398418426514,0.21547395528738522
UBFC_PHYS_s17_T3_ctrl,96,47,97.56666666666666,0.579685389995575,0.08029829983745121
UBFC_PHYS_s17_T3_ctrl,96,48,97.6,0.517810046672821,-0.04899686221203591
UBFC_PHYS_s17_T3_ctrl,96,49,97.63333333333334,0.4379901885986328,-0.15729858685682901
UBFC_PHYS_s17_T3_ctrl,96,50,97.66666666666667,0.31826624274253845,-0.23403650114824145
UBFC_PHYS_s17_T3_ctrl,96,51,97.7,0.18132349848747253,-0.27393164939181674
UBFC_PHYS_s17_T3_ctrl,96,52,97.73333333333333,0.05730362609028816,-0.2768251418866149
UBFC_PHYS_s17_T3_ctrl,96,53,97.76666666666667,-0.05841703340411186,-0.24715432309324634
UBFC_PHYS_s17_T3_ctrl,96,54,97.8,-0.1911926120519638,-0.19317382248438414
UBFC_PHYS_s17_T3_ctrl,96,55,97.83333333333333,-0.35620516538619995,-0.12573700470518942
UBFC_PHYS_s17_T3_ctrl,96,56,97.86666666666666,-0.5135037899017334,-0.05669270722664033
UBFC_PHYS_s17_T3_ctrl,96,57,97.9,-0.5514881610870361,0.0026992840205527654
UBFC_PHYS_s17_T3_ctrl,96,58,97.93333333333334,-0.3964253067970276,0.042983480898749385
UBFC_PHYS_s17_T3_ctrl,96,59,97.96666666666667,-0.12632068991661072,0.05737998624504975
UBFC_PHYS_s17_T3_ctrl,96,60,98.0,0.1071573868393898,0.04261849628273624
UBFC_PHYS_s17_T3_ctrl,96,61,98.03333333333333,0.2366437315940857,-0.00013349618082889817
UBFC_PHYS_s17_T3_ctrl,96,62,98.06666666666666,0.2975943088531494,-0.0646945476973495
UBFC_PHYS_s17_T3_ctrl,96,63,98.1,0.32189494371414185,-0.1404139968809464
UBFC_PHYS_s17_T3_ctrl,96,64,98.13333333333334,0.32559388875961304,-0.21417725684743597
UBFC_PHYS_s17_T3_ctrl,96,65,98.16666666666667,0.3345954120159149,-0.27340281028336055
UBFC_PHYS_s17_T3_ctrl,96,66,98.2,0.36350804567337036,-0.3090288135601288
UBFC_PHYS_s17_T3_ctrl,96,67,98.23333333333333,0.3894123136997223,-0.3174700816452343
UBFC_PHYS_s17_T3_ctrl,96,68,98.26666666666667,0.3863922953605652,-0.3009277418345814
UBFC_PHYS_s17_T3_ctrl,96,69,98.3,0.3492858409881592,-0.26601490959163143
UBFC_PHYS_s17_T3_ctrl,96,70,98.33333333333333,0.2702736556529999,-0.22119873672291607
UBFC_PHYS_s17_T3_ctrl,96,71,98.36666666666666,0.15344096720218658,-0.17397122632062617
UBFC_PHYS_s17_T3_ctrl,96,72,98.4,0.03815341368317604,-0.12884019852767106
UBFC_PHYS_s17_T3_ctrl,96,73,98.43333333333334,-0.05408599600195885,-0.08690221715629987
UBFC_PHYS_s17_T3_ctrl,96,74,98.46666666666667,-0.15662625432014465,-0.046913882589713844
UBFC_PHYS_s17_T3_ctrl,96,75,98.5,-0.2965070903301239,-0.007028843917390435
UBFC_PHYS_s17_T3_ctrl,96,76,98.53333333333333,-0.42772582173347473,0.03373417023494578
UBFC_PHYS_s17_T3_ctrl,96,77,98.56666666666666,-0.4421938359737396,0.07485136103952995
UBFC_PHYS_s17_T3_ctrl,96,78,98.6,-0.27705252170562744,0.11460349457475692
UBFC_PHYS_s17_T3_ctrl,96,79,98.63333333333334,-0.008493037894368172,0.1510692609266767
UBFC_PHYS_s17_T3_ctrl,96,80,98.66666666666667,0.22830940783023834,0.18321871210227206
UBFC_PHYS_s17_T3_ctrl,96,81,98.7,0.38643911480903625,0.2114591624220395
UBFC_PHYS_s17_T3_ctrl,96,82,98.73333333333333,0.47739091515541077,0.23730058851133468
UBFC_PHYS_s17_T3_ctrl,96,83,98.76666666666667,0.49586221575737,0.26234566632038236
UBFC_PHYS_s17_T3_ctrl,96,84,98.8,0.4788306951522827,0.28724103664185946
UBFC_PHYS_s17_T3_ctrl,96,85,98.83333333333333,0.4958973228931427,0.3112195301582623
UBFC_PHYS_s17_T3_ctrl,96,86,98.86666666666666,0.5465587973594666,0.33238184672561705
UBFC_PHYS_s17_T3_ctrl,96,87,98.9,0.5825297832489014,0.3483586840734814
UBFC_PHYS_s17_T3_ctrl,96,88,98.93333333333334,0.5924912095069885,0.3568990939383544
UBFC_PHYS_s17_T3_ctrl,96,89,98.96666666666667,0.5852571725845337,0.356191637914339
UBFC_PHYS_s17_T3_ctrl,96,90,99.0,0.5566489100456238,0.34501359321726693
UBFC_PHYS_s17_T3_ctrl,96,91,99.03333333333333,0.5330623388290405,0.32284835596151373
UBFC_PHYS_s17_T3_ctrl,96,92,99.06666666666666,0.5601722598075867,0.28989965049567606
UBFC_PHYS_s17_T3_ctrl,96,93,99.1,0.6220007538795471,0.24680024365284067
UBFC_PHYS_s17_T3_ctrl,96,94,99.13333333333334,0.6644800901412964,0.19401861102973922
UBFC_PHYS_s17_T3_ctrl,96,95,99.16666666666667,0.6773326992988586,0.13128797287538344
UBFC_PHYS_s17_T3_ctrl,96,96,99.2,0.6982387900352478,0.057466039246754565
UBFC_PHYS_s17_T3_ctrl,96,97,99.23333333333333,0.7805168032646179,-0.028998237562552973
UBFC_PHYS_s17_T3_ctrl,96,98,99.26666666666667,1.0034364461898804,-0.12918370180516187
UBFC_PHYS_s17_T3_ctrl,96,99,99.3,1.3970576524734497,-0.24278186041404426
UBFC_PHYS_s17_T3_ctrl,96,100,99.33333333333333,1.8285695314407349,-0.3673775020543533
UBFC_PHYS_s17_T3_ctrl,96,101,99.36666666666666,2.1158812046051025,-0.4979120300820711
UBFC_PHYS_s17_T3_ctrl,96,102,99.4,2.16273832321167,-0.6262879113294704
UBFC_PHYS_s17_T3_ctrl,96,103,99.43333333333334,1.8609235286712646,-0.7412689070718473
UBFC_PHYS_s17_T3_ctrl,96,104,99.46666666666667,1.1502352952957153,-0.8290508018883892
UBFC_PHYS_s17_T3_ctrl,96,105,99.5,0.34208694100379944,-0.8748829568596338
UBFC_PHYS_s17_T3_ctrl,96,106,99.53333333333333,-0.08216751366853714,-0.8658009717231929
UBFC_PHYS_s17_T3_ctrl,96,107,99.56666666666666,-0.1397586166858673,-0.7940212153325759
UBFC_PHYS_s17_T3_ctrl,96,108,99.6,-0.14522509276866913,-0.6601027862952621
UBFC_PHYS_s17_T3_ctrl,96,109,99.63333333333334,-0.212379589676857,-0.47480002722825976
UBFC_PHYS_s17_T3_ctrl,96,110,99.66666666666667,-0.3385298550128937,-0.2586918261850426
UBFC_PHYS_s17_T3_ctrl,96,111,99.7,-0.5985091924667358,-0.039118983250006054
UBFC_PHYS_s17_T3_ctrl,96,112,99.73333333333333,-0.9707210063934326,0.15536190791968632
UBFC_PHYS_s17_T3_ctrl,96,113,99.76666666666667,-1.2939451932907104,0.30180663280515013
UBFC_PHYS_s17_T3_ctrl,96,114,99.8,-1.507992148399353,0.38874847967403353
UBFC_PHYS_s17_T3_ctrl,96,115,99.83333333333333,-1.6635934114456177,0.41870277203033324
UBFC_PHYS_s17_T3_ctrl,96,116,99.86666666666666,-1.764132022857666,0.40621377966485017
UBFC_PHYS_s17_T3_ctrl,96,117,99.9,-1.8427931070327759,0.37232327778921387
UBFC_PHYS_s17_T3_ctrl,96,118,99.93333333333334,-2.008039712905884,0.3377683189096436
UBFC_PHYS_s17_T3_ctrl,96,119,99.96666666666667,-2.2372686862945557,0.3174796899124103
UBFC_PHYS_s17_T3_ctrl,96,120,100.0,-2.31500506401062,0.3180887944869387
UBFC_PHYS_s17_T3_ctrl,96,121,100.03333333333333,-2.086829423904419,0.3386798322486565
UBFC_PHYS_s17_T3_ctrl,96,122,100.06666666666666,-1.6334868669509888,0.3736629131519583
UBFC_PHYS_s17_T3_ctrl,96,123,100.1,-1.092633843421936,0.41598503863044184
UBFC_PHYS_s17_T3_ctrl,96,124,100.13333333333334,-0.5843806862831116,0.4591709873846689
UBFC_PHYS_s17_T3_ctrl,96,125,100.16666666666667,-0.2269178330898285,0.4976417131266249
UBFC_PHYS_s17_T3_ctrl,96,126,100.2,-0.05448398366570473,0.5258487684608202
UBFC_PHYS_s17_T3_ctrl,96,127,100.23333333333333,0.047002777457237244,0.5374229919551237
UBFC_PHYS_s17_T3_ctrl,96,128,100.26666666666667,0.19332164525985718,0.52544430741147
UBFC_PHYS_s17_T3_ctrl,96,129,100.3,0.3469330370426178,0.4842072841054661
UBFC_PHYS_s17_T3_ctrl,96,130,100.33333333333333,0.431809663772583,0.41187345759309635
UBFC_PHYS_s17_T3_ctrl,96,131,100.36666666666666,0.4712689518928528,0.3126062480880347
UBFC_PHYS_s17_T3_ctrl,96,132,100.4,0.5083637237548828,0.19664019086274023
UBFC_PHYS_s17_T3_ctrl,96,133,100.43333333333334,0.5199638605117798,0.07766581312543522
UBFC_PHYS_s17_T3_ctrl,96,134,100.46666666666667,0.4905362129211426,-0.03137720118544543
UBFC_PHYS_s17_T3_ctrl,96,135,100.5,0.46552154421806335,-0.12193331956003424
UBFC_PHYS_s17_T3_ctrl,96,136,100.53333333333333,0.47384417057037354,-0.19130480931255323
UBFC_PHYS_s17_T3_ctrl,96,137,100.56666666666666,0.47440603375434875,-0.24182502514775256
UBFC_PHYS_s17_T3_ctrl,96,138,100.6,0.42861407995224,-0.27861053687887194
UBFC_PHYS_s17_T3_ctrl,96,139,100.63333333333334,0.35449478030204773,-0.30703080904184726
UBFC_PHYS_s17_T3_ctrl,96,140,100.66666666666667,0.3111844062805176,-0.3308057755796896
UBFC_PHYS_s17_T3_ctrl,96,141,100.7,0.3411036729812622,-0.35121589573747564
UBFC_PHYS_s17_T3_ctrl,96,142,100.73333333333333,0.4237328767776489,-0.36749227644578125
UBFC_PHYS_s17_T3_ctrl,96,143,100.76666666666667,0.4963889718055725,-0.378135117946553
UBFC_PHYS_s17_T3_ctrl,96,144,100.8,0.5020778179168701,-0.3826672235029179
UBFC_PHYS_s17_T3_ctrl,96,145,100.83333333333333,0.4023118019104004,-0.3830935227458159
UBFC_PHYS_s17_T3_ctrl,96,146,100.86666666666666,0.18162783980369568,-0.3841959942149104
UBFC_PHYS_s17_T3_ctrl,96,147,100.9,-0.12025723606348038,-0.39211999002681797
UBFC_PHYS_s17_T3_ctrl,96,148,100.93333333333334,-0.3931594789028168,-0.41160815765590913
UBFC_PHYS_s17_T3_ctrl,96,149,100.96666666666667,-0.5258297324180603,-0.443084989224128
UBFC_PHYS_s17_T3_ctrl,96,150,101.0,-0.5135272145271301,-0.4809440727612439
UBFC_PHYS_s17_T3_ctrl,96,151,101.03333333333333,-0.42865055799484253,-0.5139109004749113
UBFC_PHYS_s17_T3_ctrl,96,152,101.06666666666666,-0.312602162361145,-0.5276284451093091
UBFC_PHYS_s17_T3_ctrl,96,153,101.1,-0.20095501840114594,-0.5088386122464961
UBFC_PHYS_s17_T3_ctrl,96,154,101.13333333333334,-0.1650308072566986,-0.44986009041808583
UBFC_PHYS_s17_T3_ctrl,96,155,101.16666666666667,-0.2117006778717041,-0.35176072540670467
UBFC_PHYS_s17_T3_ctrl,96,156,101.2,-0.26630687713623047,-0.22487942446035628
UBFC_PHYS_s17_T3_ctrl,96,157,101.23333333333333,-0.287306547164917,-0.08607751545210843
UBFC_PHYS_s17_T3_ctrl,96,158,101.26666666666667,-0.31923916935920715,0.046828002642428423
UBFC_PHYS_s17_T3_ctrl,96,159,101.3,-0.42917731404304504,0.16151450365284425
UBFC_PHYS_s17_T3_ctrl,96,160,101.33333333333333,-0.5986847877502441,0.25525126629269496
UBFC_PHYS_s17_T3_ctrl,96,161,101.36666666666666,-0.6917436122894287,0.33406332135548367
UBFC_PHYS_s17_T3_ctrl,96,162,101.4,-0.5841114521026611,0.4075157560492171
UBFC_PHYS_s17_T3_ctrl,96,163,101.43333333333334,-0.3170853555202484,0.4825777520494287
UBFC_PHYS_s17_T3_ctrl,96,164,101.46666666666667,-0.04516639560461044,0.5600183640913207
UBFC_PHYS_s17_T3_ctrl,96,165,101.5,0.1336703598499298,0.6344883714070619
UBFC_PHYS_s17_T3_ctrl,96,166,101.53333333333333,0.20857392251491547,0.6970785767512357
UBFC_PHYS_s17_T3_ctrl,96,167,101.56666666666666,0.20036835968494415,0.7382415721032014
UBFC_PHYS_s17_T3_ctrl,96,168,101.6,0.15779541432857513,0.7497511743976747
UBFC_PHYS_s17_T3_ctrl,96,169,101.63333333333334,0.15502122044563293,0.7257166939054566
UBFC_PHYS_s17_T3_ctrl,96,170,101.66666666666667,0.20314255356788635,0.663301930902227
UBFC_PHYS_s17_T3_ctrl,96,171,101.7,0.24112693965435028,0.5635635051789748
UBFC_PHYS_s17_T3_ctrl,96,172,101.73333333333333,0.23968715965747833,0.4322523244021192
UBFC_PHYS_s17_T3_ctrl,96,173,101.76666666666667,0.22767730057239532,0.28004652127795937
UBFC_PHYS_s17_T3_ctrl,96,174,101.8,0.20425458252429962,0.12175190956187434
UBFC_PHYS_s17_T3_ctrl,96,175,101.83333333333333,0.13659673929214478,-0.025670575930374577
UBFC_PHYS_s17_T3_ctrl,96,176,101.86666666666666,0.03810659423470497,-0.14607872867888272
UBFC_PHYS_s17_T3_ctrl,96,177,101.9,-0.04897068813443184,-0.22762774558566942
UBFC_PHYS_s17_T3_ctrl,96,178,101.93333333333334,-0.12937583029270172,-0.26587793499186446
UBFC_PHYS_s17_T3_ctrl,96,179,101.96666666666667,-0.23872868716716766,-0.265442708198649
UBFC_PHYS_s17_T3_ctrl,96,180,102.0,-0.3553272783756256,-0.23930692374502896
UBFC_PHYS_s17_T3_ctrl,96,181,102.03333333333333,-0.38137203454971313,-0.20564203490656335
UBFC_PHYS_s17_T3_ctrl,96,182,102.06666666666666,-0.25611138343811035,-0.1828964628045008
UBFC_PHYS_s17_T3_ctrl,96,183,102.1,-0.035099659115076065,-0.18469803055911826
UBFC_PHYS_s17_T3_ctrl,96,184,102.13333333333334,0.15857969224452972,-0.2162574574177808
UBFC_PHYS_s17_T3_ctrl,96,185,102.16666666666667,0.253944456577301,-0.27340011295116656
UBFC_PHYS_s17_T3_ctrl,96,186,102.2,0.26381221413612366,-0.3443299218074312
UBFC_PHYS_s17_T3_ctrl,96,187,102.23333333333333,0.2259448915719986,-0.4133034946041121
UBFC_PHYS_s17_T3_ctrl,96,188,102.26666666666667,0.17153768241405487,-0.46498335054832335
UBFC_PHYS_s17_T3_ctrl,96,189,102.3,0.13416199386119843,-0.4882441300684543
UBFC_PHYS_s17_T3_ctrl,96,190,102.33333333333333,0.12664705514907837,-0.4784045476785886
UBFC_PHYS_s17_T3_ctrl,96,191,102.36666666666666,0.12744303047657013,-0.4373291823233293
UBFC_PHYS_s17_T3_ctrl,96,192,102.4,0.10894833505153656,-0.3716384153363131
UBFC_PHYS_s17_T3_ctrl,96,193,102.43333333333334,0.06473662704229355,-0.29005800023918826
UBFC_PHYS_s17_T3_ctrl,96,194,102.46666666666667,-0.0029680379666388035,-0.20124706906742487
UBFC_PHYS_s17_T3_ctrl,96,195,102.5,-0.08738816529512405,-0.11291866295165069
UBFC_PHYS_s17_T3_ctrl,96,196,102.53333333333333,-0.17262768745422363,-0.031926477364731656
UBFC_PHYS_s17_T3_ctrl,96,197,102.56666666666666,-0.26034876704216003,0.03576793388575554
UBFC_PHYS_s17_T3_ctrl,96,198,102.6,-0.3811028003692627,0.08598186100368271
UBFC_PHYS_s17_T3_ctrl,96,199,102.63333333333334,-0.5297861695289612,0.11780683326875498
UBFC_PHYS_s17_T3_ctrl,96,200,102.66666666666667,-0.6175306439399719,0.13477029227381962
UBFC_PHYS_s17_T3_ctrl,96,201,102.7,-0.5439381003379822,0.14470092811221774
UBFC_PHYS_s17_T3_ctrl,96,202,102.73333333333333,-0.32325416803359985,0.15789723379346488
UBFC_PHYS_s17_T3_ctrl,96,203,102.76666666666667,-0.07864414900541306,0.18397147151400417
UBFC_PHYS_s17_T3_ctrl,96,204,102.8,0.09960733354091644,0.22833188810602378
UBFC_PHYS_s17_T3_ctrl,96,205,102.83333333333333,0.21543334424495697,0.28950613679045123
UBFC_PHYS_s17_T3_ctrl,96,206,102.86666666666666,0.27472174167633057,0.3583864616683317
UBFC_PHYS_s17_T3_ctrl,96,207,102.9,0.2704492509365082,0.4200275188944809
UBFC_PHYS_s17_T3_ctrl,96,208,102.93333333333334,0.24742449820041656,0.45786983644183166
UBFC_PHYS_s17_T3_ctrl,96,209,102.96666666666667,0.2615998685359955,0.45918287251240464
UBFC_PHYS_s17_T3_ctrl,96,210,103.0,0.30187854170799255,0.41951606424578847
UBFC_PHYS_s17_T3_ctrl,96,211,103.03333333333333,0.32957375049591064,0.34407202861218283
UBFC_PHYS_s17_T3_ctrl,96,212,103.06666666666666,0.3277477025985718,0.2455714507087535
UBFC_PHYS_s17_T3_ctrl,96,213,103.1,0.2833369970321655,0.14000233399394105
UBFC_PHYS_s17_T3_ctrl,96,214,103.13333333333334,0.20441846549510956,0.04218214675013152
UBFC_PHYS_s17_T3_ctrl,96,215,103.16666666666667,0.12594473361968994,-0.03754143777408593
UBFC_PHYS_s17_T3_ctrl,96,216,103.2,0.06522825360298157,-0.09496689848933712
UBFC_PHYS_s17_T3_ctrl,96,217,103.23333333333333,-0.0021135357674211264,-0.1321601398127949
UBFC_PHYS_s17_T3_ctrl,96,218,103.26666666666667,-0.11620713025331497,-0.1562619639596819
UBFC_PHYS_s17_T3_ctrl,96,219,103.3,-0.23133081197738647,-0.1772273264819556
UBFC_PHYS_s17_T3_ctrl,96,220,103.33333333333333,-0.18308070302009583,-0.20484234031081
UBFC_PHYS_s17_T3_ctrl,96,221,103.36666666666666,0.12018562108278275,-0.24562808865092473
UBFC_PHYS_s17_T3_ctrl,96,222,103.4,0.5350522398948669,-0.3004914571402087
UBFC_PHYS_s17_T3_ctrl,96,223,103.43333333333334,0.7954646944999695,-0.3638770175111266
UBFC_PHYS_s17_T3_ctrl,96,224,103.46666666666667,0.7557947635650635,-0.424593657127079
UBFC_PHYS_s17_T3_ctrl,96,225,103.5,0.5232882499694824,-0.46786644863230614
UBFC_PHYS_s17_T3_ctrl,96,226,103.53333333333333,0.36216190457344055,-0.4779753186578756
UBFC_PHYS_s17_T3_ctrl,96,227,103.56666666666666,0.4322661757469177,-0.44108920036507193
UBFC_PHYS_s17_T3_ctrl,96,228,103.6,0.7056132555007935,-0.3482362159648261
UBFC_PHYS_s17_T3_ctrl,96,229,103.63333333333334,1.0558888912200928,-0.19832359884089706
UBFC_PHYS_s17_T3_ctrl,96,230,103.66666666666667,1.3320218324661255,-0.0006089920444764217
UBFC_PHYS_s17_T3_ctrl,96,231,103.7,1.4269417524337769,0.22450554962734773
UBFC_PHYS_s17_T3_ctrl,96,232,103.73333333333333,1.3146157264709473,0.44743404235744155
UBFC_PHYS_s17_T3_ctrl,96,233,103.76666666666667,1.0266953706741333,0.6343649899671869
UBFC_PHYS_s17_T3_ctrl,96,234,103.8,0.6542377471923828,0.754162060018383
UBFC_PHYS_s17_T3_ctrl,96,235,103.83333333333333,0.3110673427581787,0.7851497490454727
UBFC_PHYS_s17_T3_ctrl,96,236,103.86666666666666,0.06124838441610336,0.7196817923362807
UBFC_PHYS_s17_T3_ctrl,96,237,103.9,-0.09564054757356644,0.5653253937204715
UBFC_PHYS_s17_T3_ctrl,96,238,103.93333333333334,-0.20128276944160461,0.3428783274301145
UBFC_PHYS_s17_T3_ctrl,96,239,103.96666666666667,-0.3012009859085083,0.08244409399064133
UBFC_PHYS_s17_T3_ctrl,97,0,97.0,-0.9433534741401672,0.0028779376778209865
UBFC_PHYS_s17_T3_ctrl,97,1,97.03333333333333,-1.3168177604675293,0.21688051268615788
UBFC_PHYS_s17_T3_ctrl,97,2,97.06666666666666,-1.7080626487731934,0.40405787378960284
UBFC_PHYS_s17_T3_ctrl,97,3,97.1,-2.064659357070923,0.5426838975033959
UBFC_PHYS_s17_T3_ctrl,97,4,97.13333333333334,-2.2854838371276855,0.6206678547963848
UBFC_PHYS_s17_T3_ctrl,97,5,97.16666666666667,-2.329519748687744,0.6378386626026357
UBFC_PHYS_s17_T3_ctrl,97,6,97.2,-2.2125701904296875,0.6052668996027939
UBFC_PHYS_s17_T3_ctrl,97,7,97.23333333333333,-1.9044928550720215,0.5417664646662701
UBFC_PHYS_s17_T3_ctrl,97,8,97.26666666666667,-1.3795359134674072,0.46841230440547177
UBFC_PHYS_s17_T3_ctrl,97,9,97.3,-0.7706504464149475,0.40239028028608004
UBFC_PHYS_s17_T3_ctrl,97,10,97.33333333333333,-0.27292048931121826,0.35198709028004754
UBFC_PHYS_s17_T3_ctrl,97,11,97.36666666666666,0.0799654945731163,0.31457173282478895
UBFC_PHYS_s17_T3_ctrl,97,12,97.4,0.3704259991645813,0.27854382609656625
UBFC_PHYS_s17_T3_ctrl,97,13,97.43333333333334,0.6036699414253235,0.2286836244884741
UBFC_PHYS_s17_T3_ctrl,97,14,97.46666666666667,0.7186180353164673,0.15286159518753709
UBFC_PHYS_s17_T3_ctrl,97,15,97.5,0.715024471282959,0.047420214259071905
UBFC_PHYS_s17_T3_ctrl,97,16,97.53333333333333,0.6503398418426514,-0.0808542917939915
UBFC_PHYS_s17_T3_ctrl,97,17,97.56666666666666,0.579685389995575,-0.21662904721047646
UBFC_PHYS_s17_T3_ctrl,97,18,97.6,0.517810046672821,-0.3404426332757129
UBFC_PHYS_s17_T3_ctrl,97,19,97.63333333333334,0.4379901885986328,-0.4334936966273312
UBFC_PHYS_s17_T3_ctrl,97,20,97.66666666666667,0.31826624274253845,-0.48134946038522286
UBFC_PHYS_s17_T3_ctrl,97,21,97.7,0.18132349848747253,-0.4763512126281872
UBFC_PHYS_s17_T3_ctrl,97,22,97.73333333333333,0.05730362609028816,-0.41904103330834624
UBFC_PHYS_s17_T3_ctrl,97,23,97.76666666666667,-0.05841703340411186,-0.3186608748770942
UBFC_PHYS_s17_T3_ctrl,97,24,97.8,-0.1911926120519638,-0.19226958831944102
UBFC_PHYS_s17_T3_ctrl,97,25,97.83333333333333,-0.35620516538619995,-0.06196000595535415
UBFC_PHYS_s17_T3_ctrl,97,26,97.86666666666666,-0.5135037899017334,0.049681226670289104
UBFC_PHYS_s17_T3_ctrl,97,27,97.9,-0.5514881610870361,0.12477259252334771
UBFC_PHYS_s17_T3_ctrl,97,28,97.93333333333334,-0.3964253067970276,0.1543272593564863
UBFC_PHYS_s17_T3_ctrl,97,29,97.96666666666667,-0.12632068991661072,0.1399519500765115
UBFC_PHYS_s17_T3_ctrl,97,30,98.0,0.1071573868393898,0.09247266882963955
UBFC_PHYS_s17_T3_ctrl,97,31,98.03333333333333,0.2366437315940857,0.028085407720630902
UBFC_PHYS_s17_T3_ctrl,97,32,98.06666666666666,0.2975943088531494,-0.03647716541756331
UBFC_PHYS_s17_T3_ctrl,97,33,98.1,0.32189494371414185,-0.08808726198085867
UBFC_PHYS_s17_T3_ctrl,97,34,98.13333333333334,0.32559388875961304,-0.11956222471950384
UBFC_PHYS_s17_T3_ctrl,97,35,98.16666666666667,0.3345954120159149,-0.12996796488046136
UBFC_PHYS_s17_T3_ctrl,97,36,98.2,0.36350804567337036,-0.12331545178008639
UBFC_PHYS_s17_T3_ctrl,97,37,98.23333333333333,0.3894123136997223,-0.10636121745988833
UBFC_PHYS_s17_T3_ctrl,97,38,98.26666666666667,0.3863922953605652,-0.08620695612310543
UBFC_PHYS_s17_T3_ctrl,97,39,98.3,0.3492858409881592,-0.06825456955234024
UBFC_PHYS_s17_T3_ctrl,97,40,98.33333333333333,0.2702736556529999,-0.05493575620203766
UBFC_PHYS_s17_T3_ctrl,97,41,98.36666666666666,0.15344096720218658,-0.045479828400472
UBFC_PHYS_s17_T3_ctrl,97,42,98.4,0.03815341368317604,-0.03673663096384494
UBFC_PHYS_s17_T3_ctrl,97,43,98.43333333333334,-0.05408599600195885,-0.024729410253935154
UBFC_PHYS_s17_T3_ctrl,97,44,98.46666666666667,-0.15662625432014465,-0.006307989646676921
UBFC_PHYS_s17_T3_ctrl,97,45,98.5,-0.2965070903301239,0.01972024109060887
UBFC_PHYS_s17_T3_ctrl,97,46,98.53333333333333,-0.42772582173347473,0.0522142583014853
UBFC_PHYS_s17_T3_ctrl,97,47,98.56666666666666,-0.4421938359737396,0.08794277361708261
UBFC_PHYS_s17_T3_ctrl,97,48,98.6,-0.27705252170562744,0.12229926347154141
UBFC_PHYS_s17_T3_ctrl,97,49,98.63333333333334,-0.008493037894368172,0.15044036705792074
UBFC_PHYS_s17_T3_ctrl,97,50,98.66666666666667,0.22830940783023834,0.16868032900122365
UBFC_PHYS_s17_T3_ctrl,97,51,98.7,0.38643911480903625,0.17574606413941862
UBFC_PHYS_s17_T3_ctrl,97,52,98.73333333333333,0.47739091515541077,0.1734282898382293
UBFC_PHYS_s17_T3_ctrl,97,53,98.76666666666667,0.49586221575737,0.1663256212099774
UBFC_PHYS_s17_T3_ctrl,97,54,98.8,0.4788306951522827,0.1606800805483185
UBFC_PHYS_s17_T3_ctrl,97,55,98.83333333333333,0.4958973228931427,0.16258579975905843
UBFC_PHYS_s17_T3_ctrl,97,56,98.86666666666666,0.5465587973594666,0.17601056400533036
UBFC_PHYS_s17_T3_ctrl,97,57,98.9,0.5825297832489014,0.20114000333141732
UBFC_PHYS_s17_T3_ctrl,97,58,98.93333333333334,0.5924912095069885,0.23359052823799784
UBFC_PHYS_s17_T3_ctrl,97,59,98.96666666666667,0.5852571725845337,0.26498342868772606
UBFC_PHYS_s17_T3_ctrl,97,60,99.0,0.5566489100456238,0.28508033299680197
UBFC_PHYS_s17_T3_ctrl,97,61,99.03333333333333,0.5330623388290405,0.28498686492904923
UBFC_PHYS_s17_T3_ctrl,97,62,99.06666666666666,0.5601722598075867,0.26007627736167677
UBFC_PHYS_s17_T3_ctrl,97,63,99.1,0.6220007538795471,0.21115445637152447
UBFC_PHYS_s17_T3_ctrl,97,64,99.13333333333334,0.6644800901412964,0.14342439389146366
UBFC_PHYS_s17_T3_ctrl,97,65,99.16666666666667,0.6773326992988586,0.06407373799124141
UBFC_PHYS_s17_T3_ctrl,97,66,99.2,0.6982387900352478,-0.020273819743300506
UBFC_PHYS_s17_T3_ctrl,97,67,99.23333333333333,0.7805168032646179,-0.10536013061947448
UBFC_PHYS_s17_T3_ctrl,97,68,99.26666666666667,1.0034364461898804,-0.18998627233056878
UBFC_PHYS_s17_T3_ctrl,97,69,99.3,1.3970576524734497,-0.27559134116420975
UBFC_PHYS_s17_T3_ctrl,97,70,99.33333333333333,1.8285695314407349,-0.36486135073583437
UBFC_PHYS_s17_T3_ctrl,97,71,99.36666666666666,2.1158812046051025,-0.4596089839508372
UBFC_PHYS_s17_T3_ctrl,97,72,99.4,2.16273832321167,-0.5583536411556987
UBFC_PHYS_s17_T3_ctrl,97,73,99.43333333333334,1.8609235286712646,-0.6542947056053009
UBFC_PHYS_s17_T3_ctrl,97,74,99.46666666666667,1.1502352952957153,-0.7345572295708975
UBFC_PHYS_s17_T3_ctrl,97,75,99.5,0.34208694100379944,-0.7815116321316431
UBFC_PHYS_s17_T3_ctrl,97,76,99.53333333333333,-0.08216751366853714,-0.7764962269570264
UBFC_PHYS_s17_T3_ctrl,97,77,99.56666666666666,-0.1397586166858673,-0.7054196043855216
UBFC_PHYS_s17_T3_ctrl,97,78,99.6,-0.14522509276866913,-0.5647234367436431
UBFC_PHYS_s17_T3_ctrl,97,79,99.63333333333334,-0.212379589676857,-0.36549270289686814
UBFC_PHYS_s17_T3_ctrl,97,80,99.66666666666667,-0.3385298550128937,-0.13357041974391978
UBFC_PHYS_s17_T3_ctrl,97,81,99.7,-0.5985091924667358,0.09540427909865098
UBFC_PHYS_s17_T3_ctrl,97,82,99.73333333333333,-0.9707210063934326,0.285225946837435
UBFC_PHYS_s17_T3_ctrl,97,83,99.76666666666667,-1.2939451932907104,0.40971181093166287
UBFC_PHYS_s17_T3_ctrl,97,84,99.8,-1.507992148399353,0.4604574311777466
UBFC_PHYS_s17_T3_ctrl,97,85,99.83333333333333,-1.6635934114456177,0.44828659694668904
UBFC_PHYS_s17_T3_ctrl,97,86,99.86666666666666,-1.764132022857666,0.39779983301993105
UBFC_PHYS_s17_T3_ctrl,97,87,99.9,-1.8427931070327759,0.3377023236864544
UBFC_PHYS_s17_T3_ctrl,97,88,99.93333333333334,-2.008039712905884,0.29122257455887784
UBFC_PHYS_s17_T3_ctrl,97,89,99.96666666666667,-2.2372686862945557,0.2703138487064525
UBFC_PHYS_s17_T3_ctrl,97,90,100.0,-2.31500506401062,0.27511782522290595
UBFC_PHYS_s17_T3_ctrl,97,91,100.03333333333333,-2.086829423904419,0.2976838106239208
UBFC_PHYS_s17_T3_ctrl,97,92,100.06666666666666,-1.6334868669509888,0.32740678402401185
UBFC_PHYS_s17_T3_ctrl,97,93,100.1,-1.092633843421936,0.35554344180097763
UBFC_PHYS_s17_T3_ctrl,97,94,100.13333333333334,-0.5843806862831116,0.3772253107761708
UBFC_PHYS_s17_T3_ctrl,97,95,100.16666666666667,-0.2269178330898285,0.3908758871638317
UBFC_PHYS_s17_T3_ctrl,97,96,100.2,-0.05448398366570473,0.39610172122056786
UBFC_PHYS_s17_T3_ctrl,97,97,100.23333333333333,0.047002777457237244,0.39161000812484353
UBFC_PHYS_s17_T3_ctrl,97,98,100.26666666666667,0.19332164525985718,0.37446582878422524
UBFC_PHYS_s17_T3_ctrl,97,99,100.3,0.3469330370426178,0.34113697423068456
UBFC_PHYS_s17_T3_ctrl,97,100,100.33333333333333,0.431809663772583,0.28964219791313955
UBFC_PHYS_s17_T3_ctrl,97,101,100.36666666666666,0.4712689518928528,0.22139699589637185
UBFC_PHYS_s17_T3_ctrl,97,102,100.4,0.5083637237548828,0.1415384085594237
UBFC_PHYS_s17_T3_ctrl,97,103,100.43333333333334,0.5199638605117798,0.05747962319580863
UBFC_PHYS_s17_T3_ctrl,97,104,100.46666666666667,0.4905362129211426,-0.023433181441804066
UBFC_PHYS_s17_T3_ctrl,97,105,100.5,0.46552154421806335,-0.09584304754525648
UBFC_PHYS_s17_T3_ctrl,97,106,100.53333333333333,0.47384417057037354,-0.15711900483699015
UBFC_PHYS_s17_T3_ctrl,97,107,100.56666666666666,0.47440603375434875,-0.20701168813624335
UBFC_PHYS_s17_T3_ctrl,97,108,100.6,0.42861407995224,-0.2467295622984425
UBFC_PHYS_s17_T3_ctrl,97,109,100.63333333333334,0.35449478030204773,-0.2779053550338274
UBFC_PHYS_s17_T3_ctrl,97,110,100.66666666666667,0.3111844062805176,-0.3018170691078763
UBFC_PHYS_s17_T3_ctrl,97,111,100.7,0.3411036729812622,-0.31908770848019263
UBFC_PHYS_s17_T3_ctrl,97,112,100.73333333333333,0.4237328767776489,-0.32985404076260877
UBFC_PHYS_s17_T3_ctrl,97,113,100.76666666666667,0.4963889718055725,-0.33419055823075094
UBFC_PHYS_s17_T3_ctrl,97,114,100.8,0.5020778179168701,-0.3325271369713346
UBFC_PHYS_s17_T3_ctrl,97,115,100.83333333333333,0.4023118019104004,-0.3258550959413432
UBFC_PHYS_s17_T3_ctrl,97,116,100.86666666666666,0.18162783980369568,-0.3155986264333051
UBFC_PHYS_s17_T3_ctrl,97,117,100.9,-0.12025723606348038,-0.3031897431760154
UBFC_PHYS_s17_T3_ctrl,97,118,100.93333333333334,-0.3931594789028168,-0.2896040795874789
UBFC_PHYS_s17_T3_ctrl,97,119,100.96666666666667,-0.5258297324180603,-0.2751233596486725
UBFC_PHYS_s17_T3_ctrl,97,120,101.0,-0.5135272145271301,-0.2593169973663909
UBFC_PHYS_s17_T3_ctrl,97,121,101.03333333333333,-0.42865055799484253,-0.24116951997053207
UBFC_PHYS_s17_T3_ctrl,97,122,101.06666666666666,-0.312602162361145,-0.21963948806307823
UBFC_PHYS_s17_T3_ctrl,97,123,101.1,-0.20095501840114594,-0.19495376417678723
UBFC_PHYS_s17_T3_ctrl,97,124,101.13333333333334,-0.1650308072566986,-0.170101390561662
UBFC_PHYS_s17_T3_ctrl,97,125,101.16666666666667,-0.2117006778717041,-0.1511613294714399
UBFC_PHYS_s17_T3_ctrl,97,126,101.2,-0.26630687713623047,-0.14532705866694712
UBFC_PHYS_s17_T3_ctrl,97,127,101.23333333333333,-0.287306547164917,-0.15670728858448368
UBFC_PHYS_s17_T3_ctrl,97,128,101.26666666666667,-0.31923916935920715,-0.18147541901965636
UBFC_PHYS_s17_T3_ctrl,97,129,101.3,-0.42917731404304504,-0.20507457470111565
UBFC_PHYS_s17_T3_ctrl,97,130,101.33333333333333,-0.5986847877502441,-0.20423705236948403
UBFC_PHYS_s17_T3_ctrl,97,131,101.36666666666666,-0.6917436122894287,-0.15466616610723957
UBFC_PHYS_s17_T3_ctrl,97,132,101.4,-0.5841114521026611,-0.04171482461690412
UBFC_PHYS_s17_T3_ctrl,97,133,101.43333333333334,-0.3170853555202484,0.13116585612528972
UBFC_PHYS_s17_T3_ctrl,97,134,101.46666666666667,-0.04516639560461044,0.34076795651435426
UBFC_PHYS_s17_T3_ctrl,97,135,101.5,0.1336703598499298,0.5503678354997947
UBFC_PHYS_s17_T3_ctrl,97,136,101.53333333333333,0.20857392251491547,0.720974786928769
UBFC_PHYS_s17_T3_ctrl,97,137,101.56666666666666,0.20036835968494415,0.8225922416331806
UBFC_PHYS_s17_T3_ctrl,97,138,101.6,0.15779541432857513,0.8413874556422015
UBFC_PHYS_s17_T3_ctrl,97,139,101.63333333333334,0.15502122044563293,0.7812261279063906
UBFC_PHYS_s17_T3_ctrl,97,140,101.66666666666667,0.20314255356788635,0.6602745931209232
UBFC_PHYS_s17_T3_ctrl,97,141,101.7,0.24112693965435028,0.5045780269806398
UBFC_PHYS_s17_T3_ctrl,97,142,101.73333333333333,0.23968715965747833,0.3408626678602848
UBFC_PHYS_s17_T3_ctrl,97,143,101.76666666666667,0.22767730057239532,0.19063277589984928
UBFC_PHYS_s17_T3_ctrl,97,144,101.8,0.20425458252429962,0.06710592296696552
UBFC_PHYS_s17_T3_ctrl,97,145,101.83333333333333,0.13659673929214478,-0.024558767808800987
UBFC_PHYS_s17_T3_ctrl,97,146,101.86666666666666,0.03810659423470497,-0.08481434234531922
UBFC_PHYS_s17_T3_ctrl,97,147,101.9,-0.04897068813443184,-0.11705032335863214
UBFC_PHYS_s17_T3_ctrl,97,148,101.93333333333334,-0.12937583029270172,-0.12617321855571964
UBFC_PHYS_s17_T3_ctrl,97,149,101.96666666666667,-0.23872868716716766,-0.11858625699985416
UBFC_PHYS_s17_T3_ctrl,97,150,102.0,-0.3553272783756256,-0.10262698741579597
UBFC_PHYS_s17_T3_ctrl,97,151,102.03333333333333,-0.38137203454971313,-0.08827335564279462
UBFC_PHYS_s17_T3_ctrl,97,152,102.06666666666666,-0.25611138343811035,-0.08551227738649271
UBFC_PHYS_s17_T3_ctrl,97,153,102.1,-0.035099659115076065,-0.10174710213552235
UBFC_PHYS_s17_T3_ctrl,97,154,102.13333333333334,0.15857969224452972,-0.13938670227344985
UBFC_PHYS_s17_T3_ctrl,97,155,102.16666666666667,0.253944456577301,-0.1948100461671936
UBFC_PHYS_s17_T3_ctrl,97,156,102.2,0.26381221413612366,-0.25919392063885505
UBFC_PHYS_s17_T3_ctrl,97,157,102.23333333333333,0.2259448915719986,-0.3208211632076068
UBFC_PHYS_s17_T3_ctrl,97,158,102.26666666666667,0.17153768241405487,-0.3680456989059399
UBFC_PHYS_s17_T3_ctrl,97,159,102.3,0.13416199386119843,-0.39205624464338756
UBFC_PHYS_s17_T3_ctrl,97,160,102.33333333333333,0.12664705514907837,-0.3887068932238835
UBFC_PHYS_s17_T3_ctrl,97,161,102.36666666666666,0.12744303047657013,-0.3589657811313819
UBFC_PHYS_s17_T3_ctrl,97,162,102.4,0.10894833505153656,-0.30801170668680294
UBFC_PHYS_s17_T3_ctrl,97,163,102.43333333333334,0.06473662704229355,-0.2435235814391461
UBFC_PHYS_s17_T3_ctrl,97,164,102.46666666666667,-0.0029680379666388035,-0.17397696483194633
UBFC_PHYS_s17_T3_ctrl,97,165,102.5,-0.08738816529512405,-0.10751781600549688
UBFC_PHYS_s17_T3_ctrl,97,166,102.53333333333333,-0.17262768745422363,-0.05131263401189856
UBFC_PHYS_s17_T3_ctrl,97,167,102.56666666666666,-0.26034876704216003,-0.010826650444220574
UBFC_PHYS_s17_T3_ctrl,97,168,102.6,-0.3811028003692627,0.011260969981282547
UBFC_PHYS_s17_T3_ctrl,97,169,102.63333333333334,-0.5297861695289612,0.016187509653714956
UBFC_PHYS_s17_T3_ctrl,97,170,102.66666666666667,-0.6175306439399719,0.009619748751302708
UBFC_PHYS_s17_T3_ctrl,97,171,102.7,-0.5439381003379822,0.001003304361045113
UBFC_PHYS_s17_T3_ctrl,97,172,102.73333333333333,-0.32325416803359985,0.0016405434476012004
UBFC_PHYS_s17_T3_ctrl,97,173,102.76666666666667,-0.07864414900541306,0.02187642670467395
UBFC_PHYS_s17_T3_ctrl,97,174,102.8,0.09960733354091644,0.06807437693186502
UBFC_PHYS_s17_T3_ctrl,97,175,102.83333333333333,0.21543334424495697,0.14013899250185705
UBFC_PHYS_s17_T3_ctrl,97,176,102.86666666666666,0.27472174167633057,0.23028631867988
UBFC_PHYS_s17_T3_ctrl,97,177,102.9,0.2704492509365082,0.32371783186694547
UBFC_PHYS_s17_T3_ctrl,97,178,102.93333333333334,0.24742449820041656,0.40169955587883255
UBFC_PHYS_s17_T3_ctrl,97,179,102.96666666666667,0.2615998685359955,0.44673002454250055
UBFC_PHYS_s17_T3_ctrl,97,180,103.0,0.30187854170799255,0.44802819258750687
UBFC_PHYS_s17_T3_ctrl,97,181,103.03333333333333,0.32957375049591064,0.40486789949639246
UBFC_PHYS_s17_T3_ctrl,97,182,103.06666666666666,0.3277477025985718,0.32634811155120985
UBFC_PHYS_s17_T3_ctrl,97,183,103.1,0.2833369970321655,0.22806089739431376
UBFC_PHYS_s17_T3_ctrl,97,184,103.13333333333334,0.20441846549510956,0.12730063046887088
UBFC_PHYS_s17_T3_ctrl,97,185,103.16666666666667,0.12594473361968994,0.03853261859867625
UBFC_PHYS_s17_T3_ctrl,97,186,103.2,0.06522825360298157,-0.029780081154691336
UBFC_PHYS_s17_T3_ctrl,97,187,103.23333333333333,-0.0021135357674211264,-0.07654008115729453
UBFC_PHYS_s17_T3_ctrl,97,188,103.26666666666667,-0.11620713025331497,-0.1074133636663288
UBFC_PHYS_s17_T3_ctrl,97,189,103.3,-0.23133081197738647,-0.13233716743820248
UBFC_PHYS_s17_T3_ctrl,97,190,103.33333333333333,-0.18308070302009583,-0.16173432301585272
UBFC_PHYS_s17_T3_ctrl,97,191,103.36666666666666,0.12018562108278275,-0.20262468647432086
UBFC_PHYS_s17_T3_ctrl,97,192,103.4,0.5350522398948669,-0.2560185010101366
UBFC_PHYS_s17_T3_ctrl,97,193,103.43333333333334,0.7954646944999695,-0.31647668723877925
UBFC_PHYS_s17_T3_ctrl,97,194,103.46666666666667,0.7557947635650635,-0.37368474253418843
UBFC_PHYS_s17_T3_ctrl,97,195,103.5,0.5232882499694824,-0.4150241374609706
UBFC_PHYS_s17_T3_ctrl,97,196,103.53333333333333,0.36216190457344055,-0.4280602501017811
UBFC_PHYS_s17_T3_ctrl,97,197,103.56666666666666,0.4322661757469177,-0.4025097304539417
UBFC_PHYS_s17_T3_ctrl,97,198,103.6,0.7056132555007935,-0.33200543621471806
UBFC_PHYS_s17_T3_ctrl,97,199,103.63333333333334,1.0558888912200928,-0.21613290835261967
UBFC_PHYS_s17_T3_ctrl,97,200,103.66666666666667,1.3320218324661255,-0.06253507037738025
UBFC_PHYS_s17_T3_ctrl,97,201,103.7,1.4269417524337769,0.11198510445981327
UBFC_PHYS_s17_T3_ctrl,97,202,103.73333333333333,1.3146157264709473,0.2826710532345226
UBFC_PHYS_s17_T3_ctrl,97,203,103.76666666666667,1.0266953706741333,0.4210222086832473
UBFC_PHYS_s17_T3_ctrl,97,204,103.8,0.6542377471923828,0.5014817345273458
UBFC_PHYS_s17_T3_ctrl,97,205,103.83333333333333,0.3110673427581787,0.5086717639256735
UBFC_PHYS_s17_T3_ctrl,97,206,103.86666666666666,0.06124838441610336,0.4423394186824628
UBFC_PHYS_s17_T3_ctrl,97,207,103.9,-0.09564054757356644,0.31768984629646174
UBFC_PHYS_s17_T3_ctrl,97,208,103.93333333333334,-0.20128276944160461,0.16085433713478162
UBFC_PHYS_s17_T3_ctrl,97,209,103.96666666666667,-0.3012009859085083,0.0014728412760606465
UBFC_PHYS_s17_T3_ctrl,97,210,104.0,-0.3846495747566223,-0.13472464563043224
UBFC_PHYS_s17_T3_ctrl,97,211,104.03333333333333,-0.35332563519477844,-0.23096471885960806
UBFC_PHYS_s17_T3_ctrl,97,212,104.06666666666666,-0.1288490742444992,-0.2809775994748934
UBFC_PHYS_s17_T3_ctrl,97,213,104.1,0.21931956708431244,-0.28731326263977824
UBFC_PHYS_s17_T3_ctrl,97,214,104.13333333333334,0.49698594212532043,-0.25779905785558543
UBFC_PHYS_s17_T3_ctrl,97,215,104.16666666666667,0.5653110146522522,-0.20196343118011661
UBFC_PHYS_s17_T3_ctrl,97,216,104.2,0.4374634325504303,-0.12890459146111719
UBFC_PHYS_s17_T3_ctrl,97,217,104.23333333333333,0.2132209986448288,-0.04709335142174828
UBFC_PHYS_s17_T3_ctrl,97,218,104.26666666666667,-0.008024817332625389,0.034588743326563476
UBFC_PHYS_s17_T3_ctrl,97,219,104.3,-0.17465274035930634,0.1060153372360928
UBFC_PHYS_s17_T3_ctrl,97,220,104.33333333333333,-0.2887229323387146,0.1564651147972107
UBFC_PHYS_s17_T3_ctrl,97,221,104.36666666666666,-0.3837014138698578,0.17705835009778376
UBFC_PHYS_s17_T3_ctrl,97,222,104.4,-0.5004990100860596,0.16403880036600985
UBFC_PHYS_s17_T3_ctrl,97,223,104.43333333333334,-0.6511605978012085,0.12124233586356974
UBFC_PHYS_s17_T3_ctrl,97,224,104.46666666666667,-0.818244993686676,0.060357197183328735
UBFC_PHYS_s17_T3_ctrl,97,225,104.5,-0.9953259825706482,-0.0015231405125338967
UBFC_PHYS_s17_T3_ctrl,97,226,104.53333333333333,-1.1782596111297607,-0.04659046930648586
UBFC_PHYS_s17_T3_ctrl,97,227,104.56666666666666,-1.354404091835022,-0.06191637401861576
UBFC_PHYS_s17_T3_ctrl,97,228,104.6,-1.5151207447052002,-0.043952002629751005
UBFC_PHYS_s17_T3_ctrl,97,229,104.63333333333334,-1.6064705848693848,2.1020660279802037e-05
UBFC_PHYS_s17_T3_ctrl,97,230,104.66666666666667,-1.5190889835357666,0.054385128265391665
UBFC_PHYS_s17_T3_ctrl,97,231,104.7,-1.214979887008667,0.10085066350574182
UBFC_PHYS_s17_T3_ctrl,97,232,104.73333333333333,-0.8016465902328491,0.12504139179395862
UBFC_PHYS_s17_T3_ctrl,97,233,104.76666666666667,-0.4292241334915161,0.12127663816774642
UBFC_PHYS_s17_T3_ctrl,97,234,104.8,-0.17707577347755432,0.09366525201948314
UBFC_PHYS_s17_T3_ctrl,97,235,104.83333333333333,-0.051627837121486664,0.05332766697553983
UBFC_PHYS_s17_T3_ctrl,97,236,104.86666666666666,-0.014638430438935757,0.013243762467368289
UBFC_PHYS_s17_T3_ctrl,97,237,104.9,-0.002230590907856822,-0.016934906782662948
UBFC_PHYS_s17_T3_ctrl,97,238,104.93333333333334,0.019213901832699776,-0.03409408091556113
UBFC_PHYS_s17_T3_ctrl,97,239,104.96666666666667,0.04461485520005226,-0.041922236667074654
UBFC_PHYS_s17_T3_ctrl,98,0,98.0,0.1071573868393898,-0.06752736737002142
UBFC_PHYS_s17_T3_ctrl,98,1,98.03333333333333,0.2366437315940857,0.05298608167165397
UBFC_PHYS_s17_T3_ctrl,98,2,98.06666666666666,0.2975943088531494,0.1481922852488997
UBFC_PHYS_s17_T3_ctrl,98,3,98.1,0.32189494371414185,0.19883361122143695
UBFC_PHYS_s17_T3_ctrl,98,4,98.13333333333334,0.32559388875961304,0.1977616513653559
UBFC_PHYS_s17_T3_ctrl,98,5,98.16666666666667,0.3345954120159149,0.15079886819183455
UBFC_PHYS_s17_T3_ctrl,98,6,98.2,0.36350804567337036,0.07341584030560162
UBFC_PHYS_s17_T3_ctrl,98,7,98.23333333333333,0.3894123136997223,-0.015167597733414705
UBFC_PHYS_s17_T3_ctrl,98,8,98.26666666666667,0.3863922953605652,-0.09789182967633216
UBFC_PHYS_s17_T3_ctrl,98,9,98.3,0.3492858409881592,-0.16352292702003493
UBFC_PHYS_s17_T3_ctrl,98,10,98.33333333333333,0.2702736556529999,-0.20718010003091183
UBFC_PHYS_s17_T3_ctrl,98,11,98.36666666666666,0.15344096720218658,-0.22846088523625127
UBFC_PHYS_s17_T3_ctrl,98,12,98.4,0.03815341368317604,-0.22890859334008562
UBFC_PHYS_s17_T3_ctrl,98,13,98.43333333333334,-0.05408599600195885,-0.2104326405106011
UBFC_PHYS_s17_T3_ctrl,98,14,98.46666666666667,-0.15662625432014465,-0.17518831656216183
UBFC_PHYS_s17_T3_ctrl,98,15,98.5,-0.2965070903301239,-0.12629793224249855
UBFC_PHYS_s17_T3_ctrl,98,16,98.53333333333333,-0.42772582173347473,-0.06846888274685613
UBFC_PHYS_s17_T3_ctrl,98,17,98.56666666666666,-0.4421938359737396,-0.007889770104645241
UBFC_PHYS_s17_T3_ctrl,98,18,98.6,-0.27705252170562744,0.04875952996988396
UBFC_PHYS_s17_T3_ctrl,98,19,98.63333333333334,-0.008493037894368172,0.09594683047193286
UBFC_PHYS_s17_T3_ctrl,98,20,98.66666666666667,0.22830940783023834,0.13099706559475
UBFC_PHYS_s17_T3_ctrl,98,21,98.7,0.38643911480903625,0.15509299042665337
UBFC_PHYS_s17_T3_ctrl,98,22,98.73333333333333,0.47739091515541077,0.17288002816516268
UBFC_PHYS_s17_T3_ctrl,98,23,98.76666666666667,0.49586221575737,0.1905358301267187
UBFC_PHYS_s17_T3_ctrl,98,24,98.8,0.4788306951522827,0.21303045166448378
UBFC_PHYS_s17_T3_ctrl,98,25,98.83333333333333,0.4958973228931427,0.24184488912549446
UBFC_PHYS_s17_T3_ctrl,98,26,98.86666666666666,0.5465587973594666,0.27415180084017254
UBFC_PHYS_s17_T3_ctrl,98,27,98.9,0.5825297832489014,0.3036839480898513
UBFC_PHYS_s17_T3_ctrl,98,28,98.93333333333334,0.5924912095069885,0.3228072161363028
UBFC_PHYS_s17_T3_ctrl,98,29,98.96666666666667,0.5852571725845337,0.324974169529031
UBFC_PHYS_s17_T3_ctrl,98,30,99.0,0.5566489100456238,0.30676317406167625
UBFC_PHYS_s17_T3_ctrl,98,31,99.03333333333333,0.5330623388290405,0.26892005405412867
UBFC_PHYS_s17_T3_ctrl,98,32,99.06666666666666,0.5601722598075867,0.21606702463374053
UBFC_PHYS_s17_T3_ctrl,98,33,99.1,0.6220007538795471,0.15510571328143619
UBFC_PHYS_s17_T3_ctrl,98,34,99.13333333333334,0.6644800901412964,0.09284396436012463
UBFC_PHYS_s17_T3_ctrl,98,35,99.16666666666667,0.6773326992988586,0.0337309990235659
UBFC_PHYS_s17_T3_ctrl,98,36,99.2,0.6982387900352478,-0.02148319219994696
UBFC_PHYS_s17_T3_ctrl,98,37,99.23333333333333,0.7805168032646179,-0.07576354194576654
UBFC_PHYS_s17_T3_ctrl,98,38,99.26666666666667,1.0034364461898804,-0.1345730468728475
UBFC_PHYS_s17_T3_ctrl,98,39,99.3,1.3970576524734497,-0.20384931537746115
UBFC_PHYS_s17_T3_ctrl,98,40,99.33333333333333,1.8285695314407349,-0.28768861255070427
UBFC_PHYS_s17_T3_ctrl,98,41,99.36666666666666,2.1158812046051025,-0.38621605373464357
UBFC_PHYS_s17_T3_ctrl,98,42,99.4,2.16273832321167,-0.49410547067100563
UBFC_PHYS_s17_T3_ctrl,98,43,99.43333333333334,1.8609235286712646,-0.6002014938950526
UBFC_PHYS_s17_T3_ctrl,98,44,99.46666666666667,1.1502352952957153,-0.6885914911759171
UBFC_PHYS_s17_T3_ctrl,98,45,99.5,0.34208694100379944,-0.74121987081482
UBFC_PHYS_s17_T3_ctrl,98,46,99.53333333333333,-0.08216751366853714,-0.7417487700885498
UBFC_PHYS_s17_T3_ctrl,98,47,99.56666666666666,-0.1397586166858673,-0.6799468410210198
UBFC_PHYS_s17_T3_ctrl,98,48,99.6,-0.14522509276866913,-0.5555476821719929
UBFC_PHYS_s17_T3_ctrl,98,49,99.63333333333334,-0.212379589676857,-0.38032019738009226
UBFC_PHYS_s17_T3_ctrl,98,50,99.66666666666667,-0.3385298550128937,-0.1771717606865855
UBFC_PHYS_s17_T3_ctrl,98,51,99.7,-0.5985091924667358,0.024249501477144463
UBFC_PHYS_s17_T3_ctrl,98,52,99.73333333333333,-0.9707210063934326,0.1947176834075605
UBFC_PHYS_s17_T3_ctrl,98,53,99.76666666666667,-1.2939451932907104,0.31322810113494615
UBFC_PHYS_s17_T3_ctrl,98,54,99.8,-1.507992148399353,0.3725661621466971
UBFC_PHYS_s17_T3_ctrl,98,55,99.83333333333333,-1.6635934114456177,0.3803459171186192
UBFC_PHYS_s17_T3_ctrl,98,56,99.86666666666666,-1.764132022857666,0.35507882537117935
UBFC_PHYS_s17_T3_ctrl,98,57,99.9,-1.8427931070327759,0.31900494118185474
UBFC_PHYS_s17_T3_ctrl,98,58,99.93333333333334,-2.008039712905884,0.2907037909329076
UBFC_PHYS_s17_T3_ctrl,98,59,99.96666666666667,-2.2372686862945557,0.28033022798578716
UBFC_PHYS_s17_T3_ctrl,98,60,100.0,-2.31500506401062,0.2888694297240041
UBFC_PHYS_s17_T3_ctrl,98,61,100.03333333333333,-2.086829423904419,0.3108903570400635
UBFC_PHYS_s17_T3_ctrl,98,62,100.06666666666666,-1.6334868669509888,0.3388570746367012
UBFC_PHYS_s17_T3_ctrl,98,63,100.1,-1.092633843421936,0.3667190673409152
UBFC_PHYS_s17_T3_ctrl,98,64,100.13333333333334,-0.5843806862831116,0.39128162181866677
UBFC_PHYS_s17_T3_ctrl,98,65,100.16666666666667,-0.2269178330898285,0.41123517874053106
UBFC_PHYS_s17_T3_ctrl,98,66,100.2,-0.05448398366570473,0.4249596721265814
UBFC_PHYS_s17_T3_ctrl,98,67,100.23333333333333,0.047002777457237244,0.428744820624537
UBFC_PHYS_s17_T3_ctrl,98,68,100.26666666666667,0.19332164525985718,0.4166820575034014
UBFC_PHYS_s17_T3_ctrl,98,69,100.3,0.3469330370426178,0.3824499518968294
UBFC_PHYS_s17_T3_ctrl,98,70,100.33333333333333,0.431809663772583,0.3221001655427338
UBFC_PHYS_s17_T3_ctrl,98,71,100.36666666666666,0.4712689518928528,0.23638498676196704
UBFC_PHYS_s17_T3_ctrl,98,72,100.4,0.5083637237548828,0.13146065887273017
UBFC_PHYS_s17_T3_ctrl,98,73,100.43333333333334,0.5199638605117798,0.01767091677493643
UBFC_PHYS_s17_T3_ctrl,98,74,100.46666666666667,0.4905362129211426,-0.09299395900096341
UBFC_PHYS_s17_T3_ctrl,98,75,100.5,0.46552154421806335,-0.1896873134010032
UBFC_PHYS_s17_T3_ctrl,98,76,100.53333333333333,0.47384417057037354,-0.26476019495552666
UBFC_PHYS_s17_T3_ctrl,98,77,100.56666666666666,0.47440603375434875,-0.3145913647394002
UBFC_PHYS_s17_T3_ctrl,98,78,100.6,0.42861407995224,-0.33928767729782683
UBFC_PHYS_s17_T3_ctrl,98,79,100.63333333333334,0.35449478030204773,-0.34173400592989756
UBFC_PHYS_s17_T3_ctrl,98,80,100.66666666666667,0.3111844062805176,-0.3265240346753014
UBFC_PHYS_s17_T3_ctrl,98,81,100.7,0.3411036729812622,-0.29908616190853665
UBFC_PHYS_s17_T3_ctrl,98,82,100.73333333333333,0.4237328767776489,-0.26502958122385156
UBFC_PHYS_s17_T3_ctrl,98,83,100.76666666666667,0.4963889718055725,-0.22959997559823786
UBFC_PHYS_s17_T3_ctrl,98,84,100.8,0.5020778179168701,-0.1972168713895993
UBFC_PHYS_s17_T3_ctrl,98,85,100.83333333333333,0.4023118019104004,-0.17114968108544082
UBFC_PHYS_s17_T3_ctrl,98,86,100.86666666666666,0.18162783980369568,-0.15330976322958104
UBFC_PHYS_s17_T3_ctrl,98,87,100.9,-0.12025723606348038,-0.14407661350752937
UBFC_PHYS_s17_T3_ctrl,98,88,100.93333333333334,-0.3931594789028168,-0.14222265630411812
UBFC_PHYS_s17_T3_ctrl,98,89,100.96666666666667,-0.5258297324180603,-0.14518370347678844
UBFC_PHYS_s17_T3_ctrl,98,90,101.0,-0.5135272145271301,-0.1498868952810657
UBFC_PHYS_s17_T3_ctrl,98,91,101.03333333333333,-0.42865055799484253,-0.15406707094844443
UBFC_PHYS_s17_T3_ctrl,98,92,101.06666666666666,-0.312602162361145,-0.15763296635347412
UBFC_PHYS_s17_T3_ctrl,98,93,101.1,-0.20095501840114594,-0.1634145317538414
UBFC_PHYS_s17_T3_ctrl,98,94,101.13333333333334,-0.1650308072566986,-0.17669339518252802
UBFC_PHYS_s17_T3_ctrl,98,95,101.16666666666667,-0.2117006778717041,-0.20326568497134087
UBFC_PHYS_s17_T3_ctrl,98,96,101.2,-0.26630687713623047,-0.24630700922172113
UBFC_PHYS_s17_T3_ctrl,98,97,101.23333333333333,-0.287306547164917,-0.3029394472693309
UBFC_PHYS_s17_T3_ctrl,98,98,101.26666666666667,-0.31923916935920715,-0.36196226908082585
UBFC_PHYS_s17_T3_ctrl,98,99,101.3,-0.42917731404304504,-0.40430818871763824
UBFC_PHYS_s17_T3_ctrl,98,100,101.33333333333333,-0.5986847877502441,-0.4070811506493332
UBFC_PHYS_s17_T3_ctrl,98,101,101.36666666666666,-0.6917436122894287,-0.35051883652016474
UBFC_PHYS_s17_T3_ctrl,98,102,101.4,-0.5841114521026611,-0.22547508996301524
UBFC_PHYS_s17_T3_ctrl,98,103,101.43333333333334,-0.3170853555202484,-0.03819164390470374
UBFC_PHYS_s17_T3_ctrl,98,104,101.46666666666667,-0.04516639560461044,0.18994709269133284
UBFC_PHYS_s17_T3_ctrl,98,105,101.5,0.1336703598499298,0.42765659663622635
UBFC_PHYS_s17_T3_ctrl,98,106,101.53333333333333,0.20857392251491547,0.6415441754220144
UBFC_PHYS_s17_T3_ctrl,98,107,101.56666666666666,0.20036835968494415,0.8031456589130962
UBFC_PHYS_s17_T3_ctrl,98,108,101.6,0.15779541432857513,0.8932259909399851
UBFC_PHYS_s17_T3_ctrl,98,109,101.63333333333334,0.15502122044563293,0.9033606851557829
UBFC_PHYS_s17_T3_ctrl,98,110,101.66666666666667,0.20314255356788635,0.8357482706454444
UBFC_PHYS_s17_T3_ctrl,98,111,101.7,0.24112693965435028,0.7020276095718813
UBFC_PHYS_s17_T3_ctrl,98,112,101.73333333333333,0.23968715965747833,0.5214123542499168
UBFC_PHYS_s17_T3_ctrl,98,113,101.76666666666667,0.22767730057239532,0.3182324559141405
UBFC_PHYS_s17_T3_ctrl,98,114,101.8,0.20425458252429962,0.11904172765322113
UBFC_PHYS_s17_T3_ctrl,98,115,101.83333333333333,0.13659673929214478,-0.05055499265836835
UBFC_PHYS_s17_T3_ctrl,98,116,101.86666666666666,0.03810659423470497,-0.1694425658373947
UBFC_PHYS_s17_T3_ctrl,98,117,101.9,-0.04897068813443184,-0.22490045454470453
UBFC_PHYS_s17_T3_ctrl,98,118,101.93333333333334,-0.12937583029270172,-0.21608374489273277
UBFC_PHYS_s17_T3_ctrl,98,119,101.96666666666667,-0.23872868716716766,-0.155519873530425
UBFC_PHYS_s17_T3_ctrl,98,120,102.0,-0.3553272783756256,-0.06719709861938716
UBFC_PHYS_s17_T3_ctrl,98,121,102.03333333333333,-0.38137203454971313,0.0190273498673747
UBFC_PHYS_s17_T3_ctrl,98,122,102.06666666666666,-0.25611138343811035,0.07535038772325367
UBFC_PHYS_s17_T3_ctrl,98,123,102.1,-0.035099659115076065,0.08366458312329485
UBFC_PHYS_s17_T3_ctrl,98,124,102.13333333333334,0.15857969224452972,0.040124767459419154
UBFC_PHYS_s17_T3_ctrl,98,125,102.16666666666667,0.253944456577301,-0.044996488890576704
UBFC_PHYS_s17_T3_ctrl,98,126,102.2,0.26381221413612366,-0.15177198353468607
UBFC_PHYS_s17_T3_ctrl,98,127,102.23333333333333,0.2259448915719986,-0.25731179559711015
UBFC_PHYS_s17_T3_ctrl,98,128,102.26666666666667,0.17153768241405487,-0.3421742938961128
UBFC_PHYS_s17_T3_ctrl,98,129,102.3,0.13416199386119843,-0.3946375838033482
UBFC_PHYS_s17_T3_ctrl,98,130,102.33333333333333,0.12664705514907837,-0.41199919247043004
UBFC_PHYS_s17_T3_ctrl,98,131,102.36666666666666,0.12744303047657013,-0.3990881640610773
UBFC_PHYS_s17_T3_ctrl,98,132,102.4,0.10894833505153656,-0.3650042005909244
UBFC_PHYS_s17_T3_ctrl,98,133,102.43333333333334,0.06473662704229355,-0.31956145926848806
UBFC_PHYS_s17_T3_ctrl,98,134,102.46666666666667,-0.0029680379666388035,-0.2708271626380734
UBFC_PHYS_s17_T3_ctrl,98,135,102.5,-0.08738816529512405,-0.22437037542775168
UBFC_PHYS_s17_T3_ctrl,98,136,102.53333333333333,-0.17262768745422363,-0.18366631899128458
UBFC_PHYS_s17_T3_ctrl,98,137,102.56666666666666,-0.26034876704216003,-0.15049086830171932
UBFC_PHYS_s17_T3_ctrl,98,138,102.6,-0.3811028003692627,-0.12466572885527437
UBFC_PHYS_s17_T3_ctrl,98,139,102.63333333333334,-0.5297861695289612,-0.10347846072079864
UBFC_PHYS_s17_T3_ctrl,98,140,102.66666666666667,-0.6175306439399719,-0.08153883603640402
UBFC_PHYS_s17_T3_ctrl,98,141,102.7,-0.5439381003379822,-0.051618077237415926
UBFC_PHYS_s17_T3_ctrl,98,142,102.73333333333333,-0.32325416803359985,-0.006512530459259685
UBFC_PHYS_s17_T3_ctrl,98,143,102.76666666666667,-0.07864414900541306,0.058509829647169324
UBFC_PHYS_s17_T3_ctrl,98,144,102.8,0.09960733354091644,0.14340601933949548
UBFC_PHYS_s17_T3_ctrl,98,145,102.83333333333333,0.21543334424495697,0.24198284497664052
UBFC_PHYS_s17_T3_ctrl,98,146,102.86666666666666,0.27472174167633057,0.3421122001143946
UBFC_PHYS_s17_T3_ctrl,98,147,102.9,0.2704492509365082,0.42791714520506363
UBFC_PHYS_s17_T3_ctrl,98,148,102.93333333333334,0.24742449820041656,0.48379428428222915
UBFC_PHYS_s17_T3_ctrl,98,149,102.96666666666667,0.2615998685359955,0.4992162571257261
UBFC_PHYS_s17_T3_ctrl,98,150,103.0,0.30187854170799255,0.47225884597967066
UBFC_PHYS_s17_T3_ctrl,98,151,103.03333333333333,0.32957375049591064,0.4099310690247106
UBFC_PHYS_s17_T3_ctrl,98,152,103.06666666666666,0.3277477025985718,0.32517000138621255
UBFC_PHYS_s17_T3_ctrl,98,153,103.1,0.2833369970321655,0.2322821446222974
UBFC_PHYS_s17_T3_ctrl,98,154,103.13333333333334,0.20441846549510956,0.14301401654298793
UBFC_PHYS_s17_T3_ctrl,98,155,103.16666666666667,0.12594473361968994,0.06446421001578545
UBFC_PHYS_s17_T3_ctrl,98,156,103.2,0.06522825360298157,-0.0011939878059910132
UBFC_PHYS_s17_T3_ctrl,98,157,103.23333333333333,-0.0021135357674211264,-0.05588262184170435
UBFC_PHYS_s17_T3_ctrl,98,158,103.26666666666667,-0.11620713025331497,-0.1042773337702507
UBFC_PHYS_s17_T3_ctrl,98,159,103.3,-0.23133081197738647,-0.15218893580062218
UBFC_PHYS_s17_T3_ctrl,98,160,103.33333333333333,-0.18308070302009583,-0.20484594567264108
UBFC_PHYS_s17_T3_ctrl,98,161,103.36666666666666,0.12018562108278275,-0.26539272218111776
UBFC_PHYS_s17_T3_ctrl,98,162,103.4,0.5350522398948669,-0.33390124889783773
UBFC_PHYS_s17_T3_ctrl,98,163,103.43333333333334,0.7954646944999695,-0.40697064711827063
UBFC_PHYS_s17_T3_ctrl,98,164,103.46666666666667,0.7557947635650635,-0.4777334929163486
UBFC_PHYS_s17_T3_ctrl,98,165,103.5,0.5232882499694824,-0.536045671115874
UBFC_PHYS_s17_T3_ctrl,98,166,103.53333333333333,0.36216190457344055,-0.5689151195336936
UBFC_PHYS_s17_T3_ctrl,98,167,103.56666666666666,0.4322661757469177,-0.5616438559754106
UBFC_PHYS_s17_T3_ctrl,98,168,103.6,0.7056132555007935,-0.5003421638193847
UBFC_PHYS_s17_T3_ctrl,98,169,103.63333333333334,1.0558888912200928,-0.3760372671658361
UBFC_PHYS_s17_T3_ctrl,98,170,103.66666666666667,1.3320218324661255,-0.18953030209625485
UBFC_PHYS_s17_T3_ctrl,98,171,103.7,1.4269417524337769,0.04492651868023468
UBFC_PHYS_s17_T3_ctrl,98,172,103.73333333333333,1.3146157264709473,0.2993592666408428
UBFC_PHYS_s17_T3_ctrl,98,173,103.76666666666667,1.0266953706741333,0.5365246946516249
UBFC_PHYS_s17_T3_ctrl,98,174,103.8,0.6542377471923828,0.7184796262130558
UBFC_PHYS_s17_T3_ctrl,98,175,103.83333333333333,0.3110673427581787,0.8166006647599817
UBFC_PHYS_s17_T3_ctrl,98,176,103.86666666666666,0.06124838441610336,0.8192954352443979
UBFC_PHYS_s17_T3_ctrl,98,177,103.9,-0.09564054757356644,0.7343034586881256
UBFC_PHYS_s17_T3_ctrl,98,178,103.93333333333334,-0.20128276944160461,0.5847930412321276
UBFC_PHYS_s17_T3_ctrl,98,179,103.96666666666667,-0.3012009859085083,0.4011591951407309
UBFC_PHYS_s17_T3_ctrl,98,180,104.0,-0.3846495747566223,0.21205116725127587
UBFC_PHYS_s17_T3_ctrl,98,181,104.03333333333333,-0.35332563519477844,0.03805990589528411
UBFC_PHYS_s17_T3_ctrl,98,182,104.06666666666666,-0.1288490742444992,-0.11010851054107713
UBFC_PHYS_s17_T3_ctrl,98,183,104.1,0.21931956708431244,-0.22939870791164743
UBFC_PHYS_s17_T3_ctrl,98,184,104.13333333333334,0.49698594212532043,-0.3203204266809514
UBFC_PHYS_s17_T3_ctrl,98,185,104.16666666666667,0.5653110146522522,-0.3836160396508553
UBFC_PHYS_s17_T3_ctrl,98,186,104.2,0.4374634325504303,-0.4191663621820651
UBFC_PHYS_s17_T3_ctrl,98,187,104.23333333333333,0.2132209986448288,-0.42699055837688604
UBFC_PHYS_s17_T3_ctrl,98,188,104.26666666666667,-0.008024817332625389,-0.40916072184361474
UBFC_PHYS_s17_T3_ctrl,98,189,104.3,-0.17465274035930634,-0.3711905852831938
UBFC_PHYS_s17_T3_ctrl,98,190,104.33333333333333,-0.2887229323387146,-0.3217484341373153
UBFC_PHYS_s17_T3_ctrl,98,191,104.36666666666666,-0.3837014138698578,-0.2704124891512066
UBFC_PHYS_s17_T3_ctrl,98,192,104.4,-0.5004990100860596,-0.22442091193847843
UBFC_PHYS_s17_T3_ctrl,98,193,104.43333333333334,-0.6511605978012085,-0.18609440489956586
UBFC_PHYS_s17_T3_ctrl,98,194,104.46666666666667,-0.818244993686676,-0.15221297264509492
UBFC_PHYS_s17_T3_ctrl,98,195,104.5,-0.9953259825706482,-0.11559618191281695
UBFC_PHYS_s17_T3_ctrl,98,196,104.53333333333333,-1.1782596111297607,-0.06827074000690568
UBFC_PHYS_s17_T3_ctrl,98,197,104.56666666666666,-1.354404091835022,-0.005148483826243908
UBFC_PHYS_s17_T3_ctrl,98,198,104.6,-1.5151207447052002,0.07300724687166565
UBFC_PHYS_s17_T3_ctrl,98,199,104.63333333333334,-1.6064705848693848,0.1584289610588111
UBFC_PHYS_s17_T3_ctrl,98,200,104.66666666666667,-1.5190889835357666,0.23768608415985606
UBFC_PHYS_s17_T3_ctrl,98,201,104.7,-1.214979887008667,0.2953812649580014
UBFC_PHYS_s17_T3_ctrl,98,202,104.73333333333333,-0.8016465902328491,0.31901257484608797
UBFC_PHYS_s17_T3_ctrl,98,203,104.76666666666667,-0.4292241334915161,0.30317319004311943
UBFC_PHYS_s17_T3_ctrl,98,204,104.8,-0.17707577347755432,0.2515384828861665
UBFC_PHYS_s17_T3_ctrl,98,205,104.83333333333333,-0.051627837121486664,0.1760593085485913
UBFC_PHYS_s17_T3_ctrl,98,206,104.86666666666666,-0.014638430438935757,0.09385174665112357
UBFC_PHYS_s17_T3_ctrl,98,207,104.9,-0.002230590907856822,0.022982697534569788
UBFC_PHYS_s17_T3_ctrl,98,208,104.93333333333334,0.019213901832699776,-0.021527555898854394
UBFC_PHYS_s17_T3_ctrl,98,209,104.96666666666667,0.04461485520005226,-0.030586297263761324
UBFC_PHYS_s17_T3_ctrl,98,210,105.0,0.07625484466552734,-0.00255067579664472
UBFC_PHYS_s17_T3_ctrl,98,211,105.03333333333333,0.10094176232814789,0.05644592746763104
UBFC_PHYS_s17_T3_ctrl,98,212,105.06666666666666,0.05676517263054848,0.1332988244766542
UBFC_PHYS_s17_T3_ctrl,98,213,105.1,-0.06315776705741882,0.21010072092430723
UBFC_PHYS_s17_T3_ctrl,98,214,105.13333333333334,-0.16444553434848785,0.26787670907277694
UBFC_PHYS_s17_T3_ctrl,98,215,105.16666666666667,-0.17307248711585999,0.291411859450058
UBFC_PHYS_s17_T3_ctrl,98,216,105.2,-0.14922836422920227,0.2736400070770531
UBFC_PHYS_s17_T3_ctrl,98,217,105.23333333333333,-0.30704203248023987,0.2176058483456861
UBFC_PHYS_s17_T3_ctrl,98,218,105.26666666666667,-0.8732258081436157,0.13487516785143713
UBFC_PHYS_s17_T3_ctrl,98,219,105.3,-1.6837503910064697,0.0409908531146281
UBFC_PHYS_s17_T3_ctrl,98,220,105.33333333333333,-2.1703834533691406,-0.049938813297161065
UBFC_PHYS_s17_T3_ctrl,98,221,105.36666666666666,-2.0218639373779297,-0.12912289922607548
UBFC_PHYS_s17_T3_ctrl,98,222,105.4,-1.5177193880081177,-0.1941061402653442
UBFC_PHYS_s17_T3_ctrl,98,223,105.43333333333334,-1.0593316555023193,-0.24712578292531934
UBFC_PHYS_s17_T3_ctrl,98,224,105.46666666666667,-0.7529282569885254,-0.29198702891136513
UBFC_PHYS_s17_T3_ctrl,98,225,105.5,-0.5579496026039124,-0.3308335774850558
UBFC_PHYS_s17_T3_ctrl,98,226,105.53333333333333,-0.44804659485816956,-0.36190644213707746
UBFC_PHYS_s17_T3_ctrl,98,227,105.56666666666666,-0.33630579710006714,-0.37895361516182835
UBFC_PHYS_s17_T3_ctrl,98,228,105.6,-0.1381315439939499,-0.3725475923735961
UBFC_PHYS_s17_T3_ctrl,98,229,105.63333333333334,0.11976422369480133,-0.3331131102949276
UBFC_PHYS_s17_T3_ctrl,98,230,105.66666666666667,0.3664929270744324,-0.25490086892232966
UBFC_PHYS_s17_T3_ctrl,98,231,105.7,0.5845314264297485,-0.13967093386023471
UBFC_PHYS_s17_T3_ctrl,98,232,105.73333333333333,0.778292715549469,0.0012588931418114064
UBFC_PHYS_s17_T3_ctrl,98,233,105.76666666666667,0.9150716066360474,0.1476107470882479
UBFC_PHYS_s17_T3_ctrl,98,234,105.8,0.9629471302032471,0.2736982378216395
UBFC_PHYS_s17_T3_ctrl,98,235,105.83333333333333,0.9431648254394531,0.35432290981659753
UBFC_PHYS_s17_T3_ctrl,98,236,105.86666666666666,0.8806222677230835,0.37151826455802617
UBFC_PHYS_s17_T3_ctrl,98,237,105.9,0.7438902258872986,0.32009188669890737
UBFC_PHYS_s17_T3_ctrl,98,238,105.93333333333334,0.530042290687561,0.21000574830714996
UBFC_PHYS_s17_T3_ctrl,98,239,105.96666666666667,0.3769225478172302,0.06455860999196966
UBFC_PHYS_s17_T3_ctrl,99,0,99.0,0.5566489100456238,0.14022223307442733
UBFC_PHYS_s17_T3_ctrl,99,1,99.03333333333333,0.5330623388290405,0.16072719861827678
UBFC_PHYS_s17_T3_ctrl,99,2,99.06666666666666,0.5601722598075867,0.16547876094376845
UBFC_PHYS_s17_T3_ctrl,99,3,99.1,0.6220007538795471,0.1468195357768978
UBFC_PHYS_s17_T3_ctrl,99,4,99.13333333333334,0.6644800901412964,0.10348192796554934
UBFC_PHYS_s17_T3_ctrl,99,5,99.16666666666667,0.6773326992988586,0.03976716777292792
UBFC_PHYS_s17_T3_ctrl,99,6,99.2,0.6982387900352478,-0.03756155113559867
UBFC_PHYS_s17_T3_ctrl,99,7,99.23333333333333,0.7805168032646179,-0.12276581618539562
UBFC_PHYS_s17_T3_ctrl,99,8,99.26666666666667,1.0034364461898804,-0.21312734914861686
UBFC_PHYS_s17_T3_ctrl,99,9,99.3,1.3970576524734497,-0.3086756977358098
UBFC_PHYS_s17_T3_ctrl,99,10,99.33333333333333,1.8285695314407349,-0.41021017527552955
UBFC_PHYS_s17_T3_ctrl,99,11,99.36666666666666,2.1158812046051025,-0.5168799725966147
UBFC_PHYS_s17_T3_ctrl,99,12,99.4,2.16273832321167,-0.6243314115329915
UBFC_PHYS_s17_T3_ctrl,99,13,99.43333333333334,1.8609235286712646,-0.7238498920944598
UBFC_PHYS_s17_T3_ctrl,99,14,99.46666666666667,1.1502352952957153,-0.8027041058046088
UBFC_PHYS_s17_T3_ctrl,99,15,99.5,0.34208694100379944,-0.845900895910012
UBFC_PHYS_s17_T3_ctrl,99,16,99.53333333333333,-0.08216751366853714,-0.8393347322758139
UBFC_PHYS_s17_T3_ctrl,99,17,99.56666666666666,-0.1397586166858673,-0.7737779628375404
UBFC_PHYS_s17_T3_ctrl,99,18,99.6,-0.14522509276866913,-0.6485533897705442
UBFC_PHYS_s17_T3_ctrl,99,19,99.63333333333334,-0.212379589676857,-0.4734717188224423
UBFC_PHYS_s17_T3_ctrl,99,20,99.66666666666667,-0.3385298550128937,-0.26797715123807
UBFC_PHYS_s17_T3_ctrl,99,21,99.7,-0.5985091924667358,-0.05728829842530115
UBFC_PHYS_s17_T3_ctrl,99,22,99.73333333333333,-0.9707210063934326,0.13364932325636825
UBFC_PHYS_s17_T3_ctrl,99,23,99.76666666666667,-1.2939451932907104,0.2865481326684272
UBFC_PHYS_s17_T3_ctrl,99,24,99.8,-1.507992148399353,0.3940035385345283
UBFC_PHYS_s17_T3_ctrl,99,25,99.83333333333333,-1.6635934114456177,0.4596302706964839
UBFC_PHYS_s17_T3_ctrl,99,26,99.86666666666666,-1.764132022857666,0.49416267970107963
UBFC_PHYS_s17_T3_ctrl,99,27,99.9,-1.8427931070327759,0.5096772969622266
UBFC_PHYS_s17_T3_ctrl,99,28,99.93333333333334,-2.008039712905884,0.5148459986848689
UBFC_PHYS_s17_T3_ctrl,99,29,99.96666666666667,-2.2372686862945557,0.5132397011994365
UBFC_PHYS_s17_T3_ctrl,99,30,100.0,-2.31500506401062,0.5048538531486816
UBFC_PHYS_s17_T3_ctrl,99,31,100.03333333333333,-2.086829423904419,0.489294935190251
UBFC_PHYS_s17_T3_ctrl,99,32,100.06666666666666,-1.6334868669509888,0.4683722499577429
UBFC_PHYS_s17_T3_ctrl,99,33,100.1,-1.092633843421936,0.4464629035467241
UBFC_PHYS_s17_T3_ctrl,99,34,100.13333333333334,-0.5843806862831116,0.4285295617120512
UBFC_PHYS_s17_T3_ctrl,99,35,100.16666666666667,-0.2269178330898285,0.41708664163628073
UBFC_PHYS_s17_T3_ctrl,99,36,100.2,-0.05448398366570473,0.40990320308067874
UBFC_PHYS_s17_T3_ctrl,99,37,100.23333333333333,0.047002777457237244,0.3997636130252697
UBFC_PHYS_s17_T3_ctrl,99,38,100.26666666666667,0.19332164525985718,0.3766118731192447
UBFC_PHYS_s17_T3_ctrl,99,39,100.3,0.3469330370426178,0.33131763896688693
UBFC_PHYS_s17_T3_ctrl,99,40,100.33333333333333,0.431809663772583,0.2595263012008046
UBFC_PHYS_s17_T3_ctrl,99,41,100.36666666666666,0.4712689518928528,0.16395940099821418
UBFC_PHYS_s17_T3_ctrl,99,42,100.4,0.5083637237548828,0.054206844860320534
UBFC_PHYS_s17_T3_ctrl,99,43,100.43333333333334,0.5199638605117798,-0.05585454064067254
UBFC_PHYS_s17_T3_ctrl,99,44,100.46666666666667,0.4905362129211426,-0.15193016606009208
UBFC_PHYS_s17_T3_ctrl,99,45,100.5,0.46552154421806335,-0.22303388208437885
UBFC_PHYS_s17_T3_ctrl,99,46,100.53333333333333,0.47384417057037354,-0.2639951431925297
UBFC_PHYS_s17_T3_ctrl,99,47,100.56666666666666,0.47440603375434875,-0.27629684734530063
UBFC_PHYS_s17_T3_ctrl,99,48,100.6,0.42861407995224,-0.2672392531680474
UBFC_PHYS_s17_T3_ctrl,99,49,100.63333333333334,0.35449478030204773,-0.24769264523442439
UBFC_PHYS_s17_T3_ctrl,99,50,100.66666666666667,0.3111844062805176,-0.2289728431921319
UBFC_PHYS_s17_T3_ctrl,99,51,100.7,0.3411036729812622,-0.21966274885005224
UBFC_PHYS_s17_T3_ctrl,99,52,100.73333333333333,0.4237328767776489,-0.22335797425327888
UBFC_PHYS_s17_T3_ctrl,99,53,100.76666666666667,0.4963889718055725,-0.23811014521757234
UBFC_PHYS_s17_T3_ctrl,99,54,100.8,0.5020778179168701,-0.25772189471344786
UBFC_PHYS_s17_T3_ctrl,99,55,100.83333333333333,0.4023118019104004,-0.2743208775056721
UBFC_PHYS_s17_T3_ctrl,99,56,100.86666666666666,0.18162783980369568,-0.28120645279344636
UBFC_PHYS_s17_T3_ctrl,99,57,100.9,-0.12025723606348038,-0.2750054549466076
UBFC_PHYS_s17_T3_ctrl,99,58,100.93333333333334,-0.3931594789028168,-0.2565863205549843
UBFC_PHYS_s17_T3_ctrl,99,59,100.96666666666667,-0.5258297324180603,-0.23059402713286595
UBFC_PHYS_s17_T3_ctrl,99,60,101.0,-0.5135272145271301,-0.20371099578127105
UBFC_PHYS_s17_T3_ctrl,99,61,101.03333333333333,-0.42865055799484253,-0.18220320116679886
UBFC_PHYS_s17_T3_ctrl,99,62,101.06666666666666,-0.312602162361145,-0.1700213450465539
UBFC_PHYS_s17_T3_ctrl,99,63,101.1,-0.20095501840114594,-0.16867014510700648
UBFC_PHYS_s17_T3_ctrl,99,64,101.13333333333334,-0.1650308072566986,-0.17867122860441845
UBFC_PHYS_s17_T3_ctrl,99,65,101.16666666666667,-0.2117006778717041,-0.2009946307042832
UBFC_PHYS_s17_T3_ctrl,99,66,101.2,-0.26630687713623047,-0.23676486322002127
UBFC_PHYS_s17_T3_ctrl,99,67,101.23333333333333,-0.287306547164917,-0.28473877960874255
UBFC_PHYS_s17_T3_ctrl,99,68,101.26666666666667,-0.31923916935920715,-0.33760170873655543
UBFC_PHYS_s17_T3_ctrl,99,69,101.3,-0.42917731404304504,-0.37941345730763254
UBFC_PHYS_s17_T3_ctrl,99,70,101.33333333333333,-0.5986847877502441,-0.3869201891783034
UBFC_PHYS_s17_T3_ctrl,99,71,101.36666666666666,-0.6917436122894287,-0.3360257955778562
UBFC_PHYS_s17_T3_ctrl,99,72,101.4,-0.5841114521026611,-0.21159547860538527
UBFC_PHYS_s17_T3_ctrl,99,73,101.43333333333334,-0.3170853555202484,-0.01601159804316969
UBFC_PHYS_s17_T3_ctrl,99,74,101.46666666666667,-0.04516639560461044,0.22826311157819584
UBFC_PHYS_s17_T3_ctrl,99,75,101.5,0.1336703598499298,0.4839988940203321
UBFC_PHYS_s17_T3_ctrl,99,76,101.53333333333333,0.20857392251491547,0.7099591187672756
UBFC_PHYS_s17_T3_ctrl,99,77,101.56666666666666,0.20036835968494415,0.8719929897473402
UBFC_PHYS_s17_T3_ctrl,99,78,101.6,0.15779541432857513,0.9502030118589363
UBFC_PHYS_s17_T3_ctrl,99,79,101.63333333333334,0.15502122044563293,0.9408294457901216
UBFC_PHYS_s17_T3_ctrl,99,80,101.66666666666667,0.20314255356788635,0.8538956993438327
UBFC_PHYS_s17_T3_ctrl,99,81,101.7,0.24112693965435028,0.7086618863382392
UBFC_PHYS_s17_T3_ctrl,99,82,101.73333333333333,0.23968715965747833,0.528814024277925
UBFC_PHYS_s17_T3_ctrl,99,83,101.76666666666667,0.22767730057239532,0.33858269346075714
UBFC_PHYS_s17_T3_ctrl,99,84,101.8,0.20425458252429962,0.1601275388301174
UBFC_PHYS_s17_T3_ctrl,99,85,101.83333333333333,0.13659673929214478,0.011843489777432077
UBFC_PHYS_s17_T3_ctrl,99,86,101.86666666666666,0.03810659423470497,-0.09307204751424503
UBFC_PHYS_s17_T3_ctrl,99,87,101.9,-0.04897068813443184,-0.14821093433233012
UBFC_PHYS_s17_T3_ctrl,99,88,101.93333333333334,-0.12937583029270172,-0.15541280264630714
UBFC_PHYS_s17_T3_ctrl,99,89,101.96666666666667,-0.23872868716716766,-0.12517807020880584
UBFC_PHYS_s17_T3_ctrl,99,90,102.0,-0.3553272783756256,-0.07514258438806672
UBFC_PHYS_s17_T3_ctrl,99,91,102.03333333333333,-0.38137203454971313,-0.026415516581914822
UBFC_PHYS_s17_T3_ctrl,99,92,102.06666666666666,-0.25611138343811035,0.0014263874859350087
UBFC_PHYS_s17_T3_ctrl,99,93,102.1,-0.035099659115076065,-0.004845357078961364
UBFC_PHYS_s17_T3_ctrl,99,94,102.13333333333334,0.15857969224452972,-0.04908170649399772
UBFC_PHYS_s17_T3_ctrl,99,95,102.16666666666667,0.253944456577301,-0.12544865064214958
UBFC_PHYS_s17_T3_ctrl,99,96,102.2,0.26381221413612366,-0.22071650533037662
UBFC_PHYS_s17_T3_ctrl,99,97,102.23333333333333,0.2259448915719986,-0.31813837687605256
UBFC_PHYS_s17_T3_ctrl,99,98,102.26666666666667,0.17153768241405487,-0.4016205886736927
UBFC_PHYS_s17_T3_ctrl,99,99,102.3,0.13416199386119843,-0.4590977093505658
UBFC_PHYS_s17_T3_ctrl,99,100,102.33333333333333,0.12664705514907837,-0.48443318101509986
UBFC_PHYS_s17_T3_ctrl,99,101,102.36666666666666,0.12744303047657013,-0.4776173171719985
UBFC_PHYS_s17_T3_ctrl,99,102,102.4,0.10894833505153656,-0.4434920294154943
UBFC_PHYS_s17_T3_ctrl,99,103,102.43333333333334,0.06473662704229355,-0.38968434250556777
UBFC_PHYS_s17_T3_ctrl,99,104,102.46666666666667,-0.0029680379666388035,-0.3247084098089815
UBFC_PHYS_s17_T3_ctrl,99,105,102.5,-0.08738816529512405,-0.25687261054478766
UBFC_PHYS_s17_T3_ctrl,99,106,102.53333333333333,-0.17262768745422363,-0.19371447080492024
UBFC_PHYS_s17_T3_ctrl,99,107,102.56666666666666,-0.26034876704216003,-0.14115433315086234
UBFC_PHYS_s17_T3_ctrl,99,108,102.6,-0.3811028003692627,-0.10210229568144484
UBFC_PHYS_s17_T3_ctrl,99,109,102.63333333333334,-0.5297861695289612,-0.07515207460987607
UBFC_PHYS_s17_T3_ctrl,99,110,102.66666666666667,-0.6175306439399719,-0.05424908237761111
UBFC_PHYS_s17_T3_ctrl,99,111,102.7,-0.5439381003379822,-0.029789800564022854
UBFC_PHYS_s17_T3_ctrl,99,112,102.73333333333333,-0.32325416803359985,0.00900708614844328
UBFC_PHYS_s17_T3_ctrl,99,113,102.76666666666667,-0.07864414900541306,0.07102351645859657
UBFC_PHYS_s17_T3_ctrl,99,114,102.8,0.09960733354091644,0.16011635073534147
UBFC_PHYS_s17_T3_ctrl,99,115,102.83333333333333,0.21543334424495697,0.2726268011208972
UBFC_PHYS_s17_T3_ctrl,99,116,102.86666666666666,0.27472174167633057,0.3963712957600924
UBFC_PHYS_s17_T3_ctrl,99,117,102.9,0.2704492509365082,0.5120505438507997
UBFC_PHYS_s17_T3_ctrl,99,118,102.93333333333334,0.24742449820041656,0.5975892274535537
UBFC_PHYS_s17_T3_ctrl,99,119,102.96666666666667,0.2615998685359955,0.6346154484820022
UBFC_PHYS_s17_T3_ctrl,99,120,103.0,0.30187854170799255,0.614569963305021
UBFC_PHYS_s17_T3_ctrl,99,121,103.03333333333333,0.32957375049591064,0.541493273835036
UBFC_PHYS_s17_T3_ctrl,99,122,103.06666666666666,0.3277477025985718,0.43030665935098444
UBFC_PHYS_s17_T3_ctrl,99,123,103.1,0.2833369970321655,0.30182311665852035
UBFC_PHYS_s17_T3_ctrl,99,124,103.13333333333334,0.20441846549510956,0.1768228137992059
UBFC_PHYS_s17_T3_ctrl,99,125,103.16666666666667,0.12594473361968994,0.07114001013369455
UBFC_PHYS_s17_T3_ctrl,99,126,103.2,0.06522825360298157,-0.007277700761507113
UBFC_PHYS_s17_T3_ctrl,99,127,103.23333333333333,-0.0021135357674211264,-0.05916976183782894
UBFC_PHYS_s17_T3_ctrl,99,128,103.26666666666667,-0.11620713025331497,-0.09276038632690774
UBFC_PHYS_s17_T3_ctrl,99,129,103.3,-0.23133081197738647,-0.12086701578836659
UBFC_PHYS_s17_T3_ctrl,99,130,103.33333333333333,-0.18308070302009583,-0.15703895868228782
UBFC_PHYS_s17_T3_ctrl,99,131,103.36666666666666,0.12018562108278275,-0.21181188085523303
UBFC_PHYS_s17_T3_ctrl,99,132,103.4,0.5350522398948669,-0.29006102127901956
UBFC_PHYS_s17_T3_ctrl,99,133,103.43333333333334,0.7954646944999695,-0.3898406867121598
UBFC_PHYS_s17_T3_ctrl,99,134,103.46666666666667,0.7557947635650635,-0.5023792886935345
UBFC_PHYS_s17_T3_ctrl,99,135,103.5,0.5232882499694824,-0.6126558177359641
UBFC_PHYS_s17_T3_ctrl,99,136,103.53333333333333,0.36216190457344055,-0.7004717651674198
UBFC_PHYS_s17_T3_ctrl,99,137,103.56666666666666,0.4322661757469177,-0.7426288064542644
UBFC_PHYS_s17_T3_ctrl,99,138,103.6,0.7056132555007935,-0.7169737652761582
UBFC_PHYS_s17_T3_ctrl,99,139,103.63333333333334,1.0558888912200928,-0.6083447626341586
UBFC_PHYS_s17_T3_ctrl,99,140,103.66666666666667,1.3320218324661255,-0.4151019084869873
UBFC_PHYS_s17_T3_ctrl,99,141,103.7,1.4269417524337769,-0.15374807402422996
UBFC_PHYS_s17_T3_ctrl,99,142,103.73333333333333,1.3146157264709473,0.1410103881291288
UBFC_PHYS_s17_T3_ctrl,99,143,103.76666666666667,1.0266953706741333,0.42218305723095534
UBFC_PHYS_s17_T3_ctrl,99,144,103.8,0.6542377471923828,0.6415057000178394
UBFC_PHYS_s17_T3_ctrl,99,145,103.83333333333333,0.3110673427581787,0.762223634699281
UBFC_PHYS_s17_T3_ctrl,99,146,103.86666666666666,0.06124838441610336,0.7690349252590111
UBFC_PHYS_s17_T3_ctrl,99,147,103.9,-0.09564054757356644,0.6714509308539766
UBFC_PHYS_s17_T3_ctrl,99,148,103.93333333333334,-0.20128276944160461,0.4997320894360808
UBFC_PHYS_s17_T3_ctrl,99,149,103.96666666666667,-0.3012009859085083,0.295602056489194
UBFC_PHYS_s17_T3_ctrl,99,150,104.0,-0.3846495747566223,0.1013058087291529
UBFC_PHYS_s17_T3_ctrl,99,151,104.03333333333333,-0.35332563519477844,-0.049758326467911417
UBFC_PHYS_s17_T3_ctrl,99,152,104.06666666666666,-0.1288490742444992,-0.1387551186328505
UBFC_PHYS_s17_T3_ctrl,99,153,104.1,0.21931956708431244,-0.16278892096853814
UBFC_PHYS_s17_T3_ctrl,99,154,104.13333333333334,0.49698594212532043,-0.1325279468822276
UBFC_PHYS_s17_T3_ctrl,99,155,104.16666666666667,0.5653110146522522,-0.06747835319278281
UBFC_PHYS_s17_T3_ctrl,99,156,104.2,0.4374634325504303,0.009495346545219802
UBFC_PHYS_s17_T3_ctrl,99,157,104.23333333333333,0.2132209986448288,0.07706074858616437
UBFC_PHYS_s17_T3_ctrl,99,158,104.26666666666667,-0.008024817332625389,0.11884837069415846
UBFC_PHYS_s17_T3_ctrl,99,159,104.3,-0.17465274035930634,0.12520308918178408
UBFC_PHYS_s17_T3_ctrl,99,160,104.33333333333333,-0.2887229323387146,0.09371012864875643
UBFC_PHYS_s17_T3_ctrl,99,161,104.36666666666666,-0.3837014138698578,0.029106599068084767
UBFC_PHYS_s17_T3_ctrl,99,162,104.4,-0.5004990100860596,-0.0573598301023308
UBFC_PHYS_s17_T3_ctrl,99,163,104.43333333333334,-0.6511605978012085,-0.14955768578325748
UBFC_PHYS_s17_T3_ctrl,99,164,104.46666666666667,-0.818244993686676,-0.22927826820173977
UBFC_PHYS_s17_T3_ctrl,99,165,104.5,-0.9953259825706482,-0.27985036968143046
UBFC_PHYS_s17_T3_ctrl,99,166,104.53333333333333,-1.1782596111297607,-0.28990812534032784
UBFC_PHYS_s17_T3_ctrl,99,167,104.56666666666666,-1.354404091835022,-0.2565224560279794
UBFC_PHYS_s17_T3_ctrl,99,168,104.6,-1.5151207447052002,-0.1866948828433763
UBFC_PHYS_s17_T3_ctrl,99,169,104.63333333333334,-1.6064705848693848,-0.09628767248359667
UBFC_PHYS_s17_T3_ctrl,99,170,104.66666666666667,-1.5190889835357666,-0.006189887261935088
UBFC_PHYS_s17_T3_ctrl,99,171,104.7,-1.214979887008667,0.06336673621521764
UBFC_PHYS_s17_T3_ctrl,99,172,104.73333333333333,-0.8016465902328491,0.09853185807995464
UBFC_PHYS_s17_T3_ctrl,99,173,104.76666666666667,-0.4292241334915161,0.0956412940630013
UBFC_PHYS_s17_T3_ctrl,99,174,104.8,-0.17707577347755432,0.06188024542112082
UBFC_PHYS_s17_T3_ctrl,99,175,104.83333333333333,-0.051627837121486664,0.012762244226991109
UBFC_PHYS_s17_T3_ctrl,99,176,104.86666666666666,-0.014638430438935757,-0.03259614246172242
UBFC_PHYS_s17_T3_ctrl,99,177,104.9,-0.002230590907856822,-0.05685550878392067
UBFC_PHYS_s17_T3_ctrl,99,178,104.93333333333334,0.019213901832699776,-0.04890332794482268
UBFC_PHYS_s17_T3_ctrl,99,179,104.96666666666667,0.04461485520005226,-0.006296370560170855
UBFC_PHYS_s17_T3_ctrl,99,180,105.0,0.07625484466552734,0.0645357001345942
UBFC_PHYS_s17_T3_ctrl,99,181,105.03333333333333,0.10094176232814789,0.14990103296963725
UBFC_PHYS_s17_T3_ctrl,99,182,105.06666666666666,0.05676517263054848,0.23172689587102396
UBFC_PHYS_s17_T3_ctrl,99,183,105.1,-0.06315776705741882,0.2913351312816396
UBFC_PHYS_s17_T3_ctrl,99,184,105.13333333333334,-0.16444553434848785,0.3137149893606387
UBFC_PHYS_s17_T3_ctrl,99,185,105.16666666666667,-0.17307248711585999,0.29145202036586204
UBFC_PHYS_s17_T3_ctrl,99,186,105.2,-0.14922836422920227,0.22690398683430793
UBFC_PHYS_s17_T3_ctrl,99,187,105.23333333333333,-0.30704203248023987,0.1314189107723926
UBFC_PHYS_s17_T3_ctrl,99,188,105.26666666666667,-0.8732258081436157,0.021745969579146714
UBFC_PHYS_s17_T3_ctrl,99,189,105.3,-1.6837503910064697,-0.08476179685744079
UBFC_PHYS_s17_T3_ctrl,99,190,105.33333333333333,-2.1703834533691406,-0.17421277484626846
UBFC_PHYS_s17_T3_ctrl,99,191,105.36666666666666,-2.0218639373779297,-0.2383128145842988
UBFC_PHYS_s17_T3_ctrl,99,192,105.4,-1.5177193880081177,-0.2744679112636429
UBFC_PHYS_s17_T3_ctrl,99,193,105.43333333333334,-1.0593316555023193,-0.2845147815760915
UBFC_PHYS_s17_T3_ctrl,99,194,105.46666666666667,-0.7529282569885254,-0.272877856381168
UBFC_PHYS_s17_T3_ctrl,99,195,105.5,-0.5579496026039124,-0.2446918520173275
UBFC_PHYS_s17_T3_ctrl,99,196,105.53333333333333,-0.44804659485816956,-0.20418818052124216
UBFC_PHYS_s17_T3_ctrl,99,197,105.56666666666666,-0.33630579710006714,-0.15361867234366613
UBFC_PHYS_s17_T3_ctrl,99,198,105.6,-0.1381315439939499,-0.09309174563840765
UBFC_PHYS_s17_T3_ctrl,99,199,105.63333333333334,0.11976422369480133,-0.021609073953285738
UBFC_PHYS_s17_T3_ctrl,99,200,105.66666666666667,0.3664929270744324,0.06087390050092982
UBFC_PHYS_s17_T3_ctrl,99,201,105.7,0.5845314264297485,0.15113896215094877
UBFC_PHYS_s17_T3_ctrl,99,202,105.73333333333333,0.778292715549469,0.24125218285464317
UBFC_PHYS_s17_T3_ctrl,99,203,105.76666666666667,0.9150716066360474,0.3189124443662079
UBFC_PHYS_s17_T3_ctrl,99,204,105.8,0.9629471302032471,0.36990815392140997
UBFC_PHYS_s17_T3_ctrl,99,205,105.83333333333333,0.9431648254394531,0.3820851146276668
UBFC_PHYS_s17_T3_ctrl,99,206,105.86666666666666,0.8806222677230835,0.3494248566336373
UBFC_PHYS_s17_T3_ctrl,99,207,105.9,0.7438902258872986,0.27453900173510776
UBFC_PHYS_s17_T3_ctrl,99,208,105.93333333333334,0.530042290687561,0.1683551292449795
UBFC_PHYS_s17_T3_ctrl,99,209,105.96666666666667,0.3769225478172302,0.04692334354451047
UBFC_PHYS_s17_T3_ctrl,99,210,106.0,0.4367259740829468,-0.07337298959901503
UBFC_PHYS_s17_T3_ctrl,99,211,106.03333333333333,0.6506558656692505,-0.18018320308542377
UBFC_PHYS_s17_T3_ctrl,99,212,106.06666666666666,0.8241900205612183,-0.26748575621179466
UBFC_PHYS_s17_T3_ctrl,99,213,106.1,0.8974547982215881,-0.3352507425777663
UBFC_PHYS_s17_T3_ctrl,99,214,106.13333333333334,0.9219544529914856,-0.38696568824368
UBFC_PHYS_s17_T3_ctrl,99,215,106.16666666666667,0.9147789478302002,-0.42615820186193437
UBFC_PHYS_s17_T3_ctrl,99,216,106.2,0.87248694896698,-0.45320266877662213
UBFC_PHYS_s17_T3_ctrl,99,217,106.23333333333333,0.8302534818649292,-0.4635442228920855
UBFC_PHYS_s17_T3_ctrl,99,218,106.26666666666667,0.8059528470039368,-0.44816582222220497
UBFC_PHYS_s17_T3_ctrl,99,219,106.3,0.7704032063484192,-0.39659186153633824
UBFC_PHYS_s17_T3_ctrl,99,220,106.33333333333333,0.7221062779426575,-0.30186991277255065
UBFC_PHYS_s17_T3_ctrl,99,221,106.36666666666666,0.6728261113166809,-0.16592529171250586
UBFC_PHYS_s17_T3_ctrl,99,222,106.4,0.5880430936813354,-0.0028711350658933
UBFC_PHYS_s17_T3_ctrl,99,223,106.43333333333334,0.44651180505752563,0.1620432293101802
UBFC_PHYS_s17_T3_ctrl,99,224,106.46666666666667,0.29587361216545105,0.2986949395499567
UBFC_PHYS_s17_T3_ctrl,99,225,106.5,0.17563462257385254,0.3817974872389451
UBFC_PHYS_s17_T3_ctrl,99,226,106.53333333333333,0.055255163460969925,0.399799514141793
UBFC_PHYS_s17_T3_ctrl,99,227,106.56666666666666,-0.11887598782777786,0.35857542686118565
UBFC_PHYS_s17_T3_ctrl,99,228,106.6,-0.34475719928741455,0.2785104957266303
UBFC_PHYS_s17_T3_ctrl,99,229,106.63333333333334,-0.5205388069152832,0.18712984300296573
UBFC_PHYS_s17_T3_ctrl,99,230,106.66666666666667,-0.5192629098892212,0.11070178938527983
UBFC_PHYS_s17_T3_ctrl,99,231,106.7,-0.34749627113342285,0.06743497676638949
UBFC_PHYS_s17_T3_ctrl,99,232,106.73333333333333,-0.14257964491844177,0.06355556588728568
UBFC_PHYS_s17_T3_ctrl,99,233,106.76666666666667,-0.002066713757812977,0.0925641739686132
UBFC_PHYS_s17_T3_ctrl,99,234,106.8,0.07867788523435593,0.13749815041406338
UBFC_PHYS_s17_T3_ctrl,99,235,106.83333333333333,0.11371247470378876,0.1758698068148064
UBFC_PHYS_s17_T3_ctrl,99,236,106.86666666666666,0.11039981245994568,0.18665978635103658
UBFC_PHYS_s17_T3_ctrl,99,237,106.9,0.11569070816040039,0.15780230602948486
UBFC_PHYS_s17_T3_ctrl,99,238,106.93333333333334,0.17487375438213348,0.09132844662814639
UBFC_PHYS_s17_T3_ctrl,99,239,106.96666666666667,0.26182228326797485,0.0034111680592699366
UBFC_PHYS_s17_T3_ctrl,100,0,100.0,-2.31500506401062,-0.05514502163463276
UBFC_PHYS_s17_T3_ctrl,100,1,100.03333333333333,-2.086829423904419,0.12038537122187623
UBFC_PHYS_s17_T3_ctrl,100,2,100.06666666666666,-1.6334868669509888,0.29007280037783945
UBFC_PHYS_s17_T3_ctrl,100,3,100.1,-1.092633843421936,0.4468978415541764
UBFC_PHYS_s17_T3_ctrl,100,4,100.13333333333334,-0.5843806862831116,0.5851397434730605
UBFC_PHYS_s17_T3_ctrl,100,5,100.16666666666667,-0.2269178330898285,0.6998539886043424
UBFC_PHYS_s17_T3_ctrl,100,6,100.2,-0.05448398366570473,0.7858446007453681
UBFC_PHYS_s17_T3_ctrl,100,7,100.23333333333333,0.047002777457237244,0.8372651938218866
UBFC_PHYS_s17_T3_ctrl,100,8,100.26666666666667,0.19332164525985718,0.8485171953648056
UBFC_PHYS_s17_T3_ctrl,100,9,100.3,0.3469330370426178,0.816109221940632
UBFC_PHYS_s17_T3_ctrl,100,10,100.33333333333333,0.431809663772583,0.7406636245442164
UBFC_PHYS_s17_T3_ctrl,100,11,100.36666666666666,0.4712689518928528,0.628240863490452
UBFC_PHYS_s17_T3_ctrl,100,12,100.4,0.5083637237548828,0.49022745988851446
UBFC_PHYS_s17_T3_ctrl,100,13,100.43333333333334,0.5199638605117798,0.34145126304675116
UBFC_PHYS_s17_T3_ctrl,100,14,100.46666666666667,0.4905362129211426,0.19708189231579903
UBFC_PHYS_s17_T3_ctrl,100,15,100.5,0.46552154421806335,0.06953902811719151
UBFC_PHYS_s17_T3_ctrl,100,16,100.53333333333333,0.47384417057037354,-0.03355272635216928
UBFC_PHYS_s17_T3_ctrl,100,17,100.56666666666666,0.47440603375434875,-0.1099842897649835
UBFC_PHYS_s17_T3_ctrl,100,18,100.6,0.42861407995224,-0.16227722817581064
UBFC_PHYS_s17_T3_ctrl,100,19,100.63333333333334,0.35449478030204773,-0.19605147080104862
UBFC_PHYS_s17_T3_ctrl,100,20,100.66666666666667,0.3111844062805176,-0.21795141606658958
UBFC_PHYS_s17_T3_ctrl,100,21,100.7,0.3411036729812622,-0.23373318774479143
UBFC_PHYS_s17_T3_ctrl,100,22,100.73333333333333,0.4237328767776489,-0.2470918157499991
UBFC_PHYS_s17_T3_ctrl,100,23,100.76666666666667,0.4963889718055725,-0.25956726065746705
UBFC_PHYS_s17_T3_ctrl,100,24,100.8,0.5020778179168701,-0.27141189059327286
UBFC_PHYS_s17_T3_ctrl,100,25,100.83333333333333,0.4023118019104004,-0.28281748921683636
UBFC_PHYS_s17_T3_ctrl,100,26,100.86666666666666,0.18162783980369568,-0.29467073561580576
UBFC_PHYS_s17_T3_ctrl,100,27,100.9,-0.12025723606348038,-0.3082699455972193
UBFC_PHYS_s17_T3_ctrl,100,28,100.93333333333334,-0.3931594789028168,-0.32414202711625395
UBFC_PHYS_s17_T3_ctrl,100,29,100.96666666666667,-0.5258297324180603,-0.3407641964142661
UBFC_PHYS_s17_T3_ctrl,100,30,101.0,-0.5135272145271301,-0.35415089563952196
UBFC_PHYS_s17_T3_ctrl,100,31,101.03333333333333,-0.42865055799484253,-0.35890056789354624
UBFC_PHYS_s17_T3_ctrl,100,32,101.06666666666666,-0.312602162361145,-0.35063222575780073
UBFC_PHYS_s17_T3_ctrl,100,33,101.1,-0.20095501840114594,-0.3289466152302772
UBFC_PHYS_s17_T3_ctrl,100,34,101.13333333333334,-0.1650308072566986,-0.29938932677022934
UBFC_PHYS_s17_T3_ctrl,100,35,101.16666666666667,-0.2117006778717041,-0.2728550048735355
UBFC_PHYS_s17_T3_ctrl,100,36,101.2,-0.26630687713623047,-0.26176198455001837
UBFC_PHYS_s17_T3_ctrl,100,37,101.23333333333333,-0.287306547164917,-0.2739167343530702
UBFC_PHYS_s17_T3_ctrl,100,38,101.26666666666667,-0.31923916935920715,-0.3065637831550252
UBFC_PHYS_s17_T3_ctrl,100,39,101.3,-0.42917731404304504,-0.34371569384518375
UBFC_PHYS_s17_T3_ctrl,100,40,101.33333333333333,-0.5986847877502441,-0.35887882816135136
UBFC_PHYS_s17_T3_ctrl,100,41,101.36666666666666,-0.6917436122894287,-0.3230305897175489
UBFC_PHYS_s17_T3_ctrl,100,42,101.4,-0.5841114521026611,-0.2151703236374248
UBFC_PHYS_s17_T3_ctrl,100,43,101.43333333333334,-0.3170853555202484,-0.031256966474925894
UBFC_PHYS_s17_T3_ctrl,100,44,101.46666666666667,-0.04516639560461044,0.212225882799391
UBFC_PHYS_s17_T3_ctrl,100,45,101.5,0.1336703598499298,0.48153636708567227
UBFC_PHYS_s17_T3_ctrl,100,46,101.53333333333333,0.20857392251491547,0.7341705564261508
UBFC_PHYS_s17_T3_ctrl,100,47,101.56666666666666,0.20036835968494415,0.9290554868865774
UBFC_PHYS_s17_T3_ctrl,100,48,101.6,0.15779541432857513,1.0352058154252768
UBFC_PHYS_s17_T3_ctrl,100,49,101.63333333333334,0.15502122044563293,1.0371838881713882
UBFC_PHYS_s17_T3_ctrl,100,50,101.66666666666667,0.20314255356788635,0.937021803269474
UBFC_PHYS_s17_T3_ctrl,100,51,101.7,0.24112693965435028,0.7528745213177138
UBFC_PHYS_s17_T3_ctrl,100,52,101.73333333333333,0.23968715965747833,0.514908054579185
UBFC_PHYS_s17_T3_ctrl,100,53,101.76666666666667,0.22767730057239532,0.25927188844826804
UBFC_PHYS_s17_T3_ctrl,100,54,101.8,0.20425458252429962,0.02155290838808796
UBFC_PHYS_s17_T3_ctrl,100,55,101.83333333333333,0.13659673929214478,-0.1687871352652606
UBFC_PHYS_s17_T3_ctrl,100,56,101.86666666666666,0.03810659423470497,-0.2922285172994765
UBFC_PHYS_s17_T3_ctrl,100,57,101.9,-0.04897068813443184,-0.34133576215875533
UBFC_PHYS_s17_T3_ctrl,100,58,101.93333333333334,-0.12937583029270172,-0.3214037660326821
UBFC_PHYS_s17_T3_ctrl,100,59,101.96666666666667,-0.23872868716716766,-0.2493890794517862
UBFC_PHYS_s17_T3_ctrl,100,60,102.0,-0.3553272783756256,-0.15071205961502596
UBFC_PHYS_s17_T3_ctrl,100,61,102.03333333333333,-0.38137203454971313,-0.053955419194766846
UBFC_PHYS_s17_T3_ctrl,100,62,102.06666666666666,-0.25611138343811035,0.015542293712832368
UBFC_PHYS_s17_T3_ctrl,100,63,102.1,-0.035099659115076065,0.041377073282967705
UBFC_PHYS_s17_T3_ctrl,100,64,102.13333333333334,0.15857969224452972,0.01923843506203423
UBFC_PHYS_s17_T3_ctrl,100,65,102.16666666666667,0.253944456577301,-0.043375864634640306
UBFC_PHYS_s17_T3_ctrl,100,66,102.2,0.26381221413612366,-0.1304741076101454
UBFC_PHYS_s17_T3_ctrl,100,67,102.23333333333333,0.2259448915719986,-0.2224984058881178
UBFC_PHYS_s17_T3_ctrl,100,68,102.26666666666667,0.17153768241405487,-0.3012634829524686
UBFC_PHYS_s17_T3_ctrl,100,69,102.3,0.13416199386119843,-0.3537024975122445
UBFC_PHYS_s17_T3_ctrl,100,70,102.33333333333333,0.12664705514907837,-0.37374721376723347
UBFC_PHYS_s17_T3_ctrl,100,71,102.36666666666666,0.12744303047657013,-0.36219389000192764
UBFC_PHYS_s17_T3_ctrl,100,72,102.4,0.10894833505153656,-0.3249415463672486
UBFC_PHYS_s17_T3_ctrl,100,73,102.43333333333334,0.06473662704229355,-0.2704703625274183
UBFC_PHYS_s17_T3_ctrl,100,74,102.46666666666667,-0.0029680379666388035,-0.20764030973872197
UBFC_PHYS_s17_T3_ctrl,100,75,102.5,-0.08738816529512405,-0.1444908419028084
UBFC_PHYS_s17_T3_ctrl,100,76,102.53333333333333,-0.17262768745422363,-0.08779409588439877
UBFC_PHYS_s17_T3_ctrl,100,77,102.56666666666666,-0.26034876704216003,-0.042561046337285816
UBFC_PHYS_s17_T3_ctrl,100,78,102.6,-0.3811028003692627,-0.011145574411655652
UBFC_PHYS_s17_T3_ctrl,100,79,102.63333333333334,-0.5297861695289612,0.007615994702456185
UBFC_PHYS_s17_T3_ctrl,100,80,102.66666666666667,-0.6175306439399719,0.01854729940285252
UBFC_PHYS_s17_T3_ctrl,100,81,102.7,-0.5439381003379822,0.029190710855465454
UBFC_PHYS_s17_T3_ctrl,100,82,102.73333333333333,-0.32325416803359985,0.04787473390989074
UBFC_PHYS_s17_T3_ctrl,100,83,102.76666666666667,-0.07864414900541306,0.08123867611222073
UBFC_PHYS_s17_T3_ctrl,100,84,102.8,0.09960733354091644,0.1318527202195853
UBFC_PHYS_s17_T3_ctrl,100,85,102.83333333333333,0.21543334424495697,0.19662133147080382
UBFC_PHYS_s17_T3_ctrl,100,86,102.86666666666666,0.27472174167633057,0.2665996213003883
UBFC_PHYS_s17_T3_ctrl,100,87,102.9,0.2704492509365082,0.3286492584314607
UBFC_PHYS_s17_T3_ctrl,100,88,102.93333333333334,0.24742449820041656,0.368902010553895
UBFC_PHYS_s17_T3_ctrl,100,89,102.96666666666667,0.2615998685359955,0.37715142086510783
UBFC_PHYS_s17_T3_ctrl,100,90,103.0,0.30187854170799255,0.35037382578087645
UBFC_PHYS_s17_T3_ctrl,100,91,103.03333333333333,0.32957375049591064,0.2936313654184226
UBFC_PHYS_s17_T3_ctrl,100,92,103.06666666666666,0.3277477025985718,0.21806744987171192
UBFC_PHYS_s17_T3_ctrl,100,93,103.1,0.2833369970321655,0.13727905314869374
UBFC_PHYS_s17_T3_ctrl,100,94,103.13333333333334,0.20441846549510956,0.06368244555225454
UBFC_PHYS_s17_T3_ctrl,100,95,103.16666666666667,0.12594473361968994,0.005835037950505211
UBFC_PHYS_s17_T3_ctrl,100,96,103.2,0.06522825360298157,-0.03302699916613502
UBFC_PHYS_s17_T3_ctrl,100,97,103.23333333333333,-0.0021135357674211264,-0.05529260691222658
UBFC_PHYS_s17_T3_ctrl,100,98,103.26666666666667,-0.11620713025331497,-0.06816672704810021
UBFC_PHYS_s17_T3_ctrl,100,99,103.3,-0.23133081197738647,-0.0817707227809067
UBFC_PHYS_s17_T3_ctrl,100,100,103.33333333333333,-0.18308070302009583,-0.10639684153355401
UBFC_PHYS_s17_T3_ctrl,100,101,103.36666666666666,0.12018562108278275,-0.1495359710717582
UBFC_PHYS_s17_T3_ctrl,100,102,103.4,0.5350522398948669,-0.21352542480367664
UBFC_PHYS_s17_T3_ctrl,100,103,103.43333333333334,0.7954646944999695,-0.2944728027232149
UBFC_PHYS_s17_T3_ctrl,100,104,103.46666666666667,0.7557947635650635,-0.3825304879071569
UBFC_PHYS_s17_T3_ctrl,100,105,103.5,0.5232882499694824,-0.4631074970949953
UBFC_PHYS_s17_T3_ctrl,100,106,103.53333333333333,0.36216190457344055,-0.5186352430861625
UBFC_PHYS_s17_T3_ctrl,100,107,103.56666666666666,0.4322661757469177,-0.5309205088042689
UBFC_PHYS_s17_T3_ctrl,100,108,103.6,0.7056132555007935,-0.48444260074666967
UBFC_PHYS_s17_T3_ctrl,100,109,103.63333333333334,1.0558888912200928,-0.37070171477716024
UBFC_PHYS_s17_T3_ctrl,100,110,103.66666666666667,1.3320218324661255,-0.192816614759862
UBFC_PHYS_s17_T3_ctrl,100,111,103.7,1.4269417524337769,0.03144267507282966
UBFC_PHYS_s17_T3_ctrl,100,112,103.73333333333333,1.3146157264709473,0.2703189921540174
UBFC_PHYS_s17_T3_ctrl,100,113,103.76666666666667,1.0266953706741333,0.48366309257354073
UBFC_PHYS_s17_T3_ctrl,100,114,103.8,0.6542377471923828,0.6326857496344093
UBFC_PHYS_s17_T3_ctrl,100,115,103.83333333333333,0.3110673427581787,0.6908554773367959
UBFC_PHYS_s17_T3_ctrl,100,116,103.86666666666666,0.06124838441610336,0.6517159548140982
UBFC_PHYS_s17_T3_ctrl,100,117,103.9,-0.09564054757356644,0.5302473909090324
UBFC_PHYS_s17_T3_ctrl,100,118,103.93333333333334,-0.20128276944160461,0.35724884588786815
UBFC_PHYS_s17_T3_ctrl,100,119,103.96666666666667,-0.3012009859085083,0.16936684640867783
UBFC_PHYS_s17_T3_ctrl,100,120,104.0,-0.3846495747566223,-0.001049872596109638
UBFC_PHYS_s17_T3_ctrl,100,121,104.03333333333333,-0.35332563519477844,-0.13267435238323963
UBFC_PHYS_s17_T3_ctrl,100,122,104.06666666666666,-0.1288490742444992,-0.21699397651110927
UBFC_PHYS_s17_T3_ctrl,100,123,104.1,0.21931956708431244,-0.25597055406585234
UBFC_PHYS_s17_T3_ctrl,100,124,104.13333333333334,0.49698594212532043,-0.2577385966680109
UBFC_PHYS_s17_T3_ctrl,100,125,104.16666666666667,0.5653110146522522,-0.23256009156945995
UBFC_PHYS_s17_T3_ctrl,100,126,104.2,0.4374634325504303,-0.19032042468612004
UBFC_PHYS_s17_T3_ctrl,100,127,104.23333333333333,0.2132209986448288,-0.13972159215546842
UBFC_PHYS_s17_T3_ctrl,100,128,104.26666666666667,-0.008024817332625389,-0.08862028104121662
UBFC_PHYS_s17_T3_ctrl,100,129,104.3,-0.17465274035930634,-0.044615285170152494
UBFC_PHYS_s17_T3_ctrl,100,130,104.33333333333333,-0.2887229323387146,-0.014870513851757307
UBFC_PHYS_s17_T3_ctrl,100,131,104.36666666666666,-0.3837014138698578,-0.004629510197760413
UBFC_PHYS_s17_T3_ctrl,100,132,104.4,-0.5004990100860596,-0.01499417784048924
UBFC_PHYS_s17_T3_ctrl,100,133,104.43333333333334,-0.6511605978012085,-0.04134913592017509
UBFC_PHYS_s17_T3_ctrl,100,134,104.46666666666667,-0.818244993686676,-0.07352970847078392
UBFC_PHYS_s17_T3_ctrl,100,135,104.5,-0.9953259825706482,-0.09797248176194923
UBFC_PHYS_s17_T3_ctrl,100,136,104.53333333333333,-1.1782596111297607,-0.10143660321507027
UBFC_PHYS_s17_T3_ctrl,100,137,104.56666666666666,-1.354404091835022,-0.07538222661480445
UBFC_PHYS_s17_T3_ctrl,100,138,104.6,-1.5151207447052002,-0.01955131842479845
UBFC_PHYS_s17_T3_ctrl,100,139,104.63333333333334,-1.6064705848693848,0.05683730896697897
UBFC_PHYS_s17_T3_ctrl,100,140,104.66666666666667,-1.5190889835357666,0.13714788502265832
UBFC_PHYS_s17_T3_ctrl,100,141,104.7,-1.214979887008667,0.20218487734912122
UBFC_PHYS_s17_T3_ctrl,100,142,104.73333333333333,-0.8016465902328491,0.23612783044638497
UBFC_PHYS_s17_T3_ctrl,100,143,104.76666666666667,-0.4292241334915161,0.23130574376193752
UBFC_PHYS_s17_T3_ctrl,100,144,104.8,-0.17707577347755432,0.1901107629176912
UBFC_PHYS_s17_T3_ctrl,100,145,104.83333333333333,-0.051627837121486664,0.12362792131800313
UBFC_PHYS_s17_T3_ctrl,100,146,104.86666666666666,-0.014638430438935757,0.04789541918645495
UBFC_PHYS_s17_T3_ctrl,100,147,104.9,-0.002230590907856822,-0.020555301395619518
UBFC_PHYS_s17_T3_ctrl,100,148,104.93333333333334,0.019213901832699776,-0.06839643284851352
UBFC_PHYS_s17_T3_ctrl,100,149,104.96666666666667,0.04461485520005226,-0.08772925807907495
UBFC_PHYS_s17_T3_ctrl,100,150,105.0,0.07625484466552734,-0.07692648582686396
UBFC_PHYS_s17_T3_ctrl,100,151,105.03333333333333,0.10094176232814789,-0.0404967250663899
UBFC_PHYS_s17_T3_ctrl,100,152,105.06666666666666,0.05676517263054848,0.011864322129594387
UBFC_PHYS_s17_T3_ctrl,100,153,105.1,-0.06315776705741882,0.06716155124270126
UBFC_PHYS_s17_T3_ctrl,100,154,105.13333333333334,-0.16444553434848785,0.11189331499879684
UBFC_PHYS_s17_T3_ctrl,100,155,105.16666666666667,-0.17307248711585999,0.13520170482798183
UBFC_PHYS_s17_T3_ctrl,100,156,105.2,-0.14922836422920227,0.13140084970022378
UBFC_PHYS_s17_T3_ctrl,100,157,105.23333333333333,-0.30704203248023987,0.10093686736643145
UBFC_PHYS_s17_T3_ctrl,100,158,105.26666666666667,-0.8732258081436157,0.049429463718556256
UBFC_PHYS_s17_T3_ctrl,100,159,105.3,-1.6837503910064697,-0.01471174531999695
UBFC_PHYS_s17_T3_ctrl,100,160,105.33333333333333,-2.1703834533691406,-0.08300126884961534
UBFC_PHYS_s17_T3_ctrl,100,161,105.36666666666666,-2.0218639373779297,-0.14881845758639978
UBFC_PHYS_s17_T3_ctrl,100,162,105.4,-1.5177193880081177,-0.20803580743253855
UBFC_PHYS_s17_T3_ctrl,100,163,105.43333333333334,-1.0593316555023193,-0.25843750593702447
UBFC_PHYS_s17_T3_ctrl,100,164,105.46666666666667,-0.7529282569885254,-0.298338847996417
UBFC_PHYS_s17_T3_ctrl,100,165,105.5,-0.5579496026039124,-0.3249713228276901
UBFC_PHYS_s17_T3_ctrl,100,166,105.53333333333333,-0.44804659485816956,-0.33342740118174596
UBFC_PHYS_s17_T3_ctrl,100,167,105.56666666666666,-0.33630579710006714,-0.3169906301693869
UBFC_PHYS_s17_T3_ctrl,100,168,105.6,-0.1381315439939499,-0.26918864141820886
UBFC_PHYS_s17_T3_ctrl,100,169,105.63333333333334,0.11976422369480133,-0.18703024273911326
UBFC_PHYS_s17_T3_ctrl,100,170,105.66666666666667,0.3664929270744324,-0.07408214189708362
UBFC_PHYS_s17_T3_ctrl,100,171,105.7,0.5845314264297485,0.058164274046230396
UBFC_PHYS_s17_T3_ctrl,100,172,105.73333333333333,0.778292715549469,0.19157425341768233
UBFC_PHYS_s17_T3_ctrl,100,173,105.76666666666667,0.9150716066360474,0.30519288867898153
UBFC_PHYS_s17_T3_ctrl,100,174,105.8,0.9629471302032471,0.3805631891615845
UBFC_PHYS_s17_T3_ctrl,100,175,105.83333333333333,0.9431648254394531,0.40686476649806325
UBFC_PHYS_s17_T3_ctrl,100,176,105.86666666666666,0.8806222677230835,0.38400929761533514
UBFC_PHYS_s17_T3_ctrl,100,177,105.9,0.7438902258872986,0.32236304289313333
UBFC_PHYS_s17_T3_ctrl,100,178,105.93333333333334,0.530042290687561,0.2390659482635694
UBFC_PHYS_s17_T3_ctrl,100,179,105.96666666666667,0.3769225478172302,0.15241732192092183
UBFC_PHYS_s17_T3_ctrl,100,180,106.0,0.4367259740829468,0.07667624645900704
UBFC_PHYS_s17_T3_ctrl,100,181,106.03333333333333,0.6506558656692505,0.01926030400288875
UBFC_PHYS_s17_T3_ctrl,100,182,106.06666666666666,0.8241900205612183,-0.019151122564502937
UBFC_PHYS_s17_T3_ctrl,100,183,106.1,0.8974547982215881,-0.04252323813344778
UBFC_PHYS_s17_T3_ctrl,100,184,106.13333333333334,0.9219544529914856,-0.056663587604514905
UBFC_PHYS_s17_T3_ctrl,100,185,106.16666666666667,0.9147789478302002,-0.0666077479689122
UBFC_PHYS_s17_T3_ctrl,100,186,106.2,0.87248694896698,-0.07471478870705628
UBFC_PHYS_s17_T3_ctrl,100,187,106.23333333333333,0.8302534818649292,-0.07985861373219022
UBFC_PHYS_s17_T3_ctrl,100,188,106.26666666666667,0.8059528470039368,-0.07803313597778463
UBFC_PHYS_s17_T3_ctrl,100,189,106.3,0.7704032063484192,-0.06444124825017329
UBFC_PHYS_s17_T3_ctrl,100,190,106.33333333333333,0.7221062779426575,-0.036593581429997385
UBFC_PHYS_s17_T3_ctrl,100,191,106.36666666666666,0.6728261113166809,0.0027242254605603913
UBFC_PHYS_s17_T3_ctrl,100,192,106.4,0.5880430936813354,0.04414450765639395
UBFC_PHYS_s17_T3_ctrl,100,193,106.43333333333334,0.44651180505752563,0.07324409981984364
UBFC_PHYS_s17_T3_ctrl,100,194,106.46666666666667,0.29587361216545105,0.07486386769269987
UBFC_PHYS_s17_T3_ctrl,100,195,106.5,0.17563462257385254,0.03864810792177379
UBFC_PHYS_s17_T3_ctrl,100,196,106.53333333333333,0.055255163460969925,-0.036685379633631526
UBFC_PHYS_s17_T3_ctrl,100,197,106.56666666666666,-0.11887598782777786,-0.14223907523472692
UBFC_PHYS_s17_T3_ctrl,100,198,106.6,-0.34475719928741455,-0.2609231075638116
UBFC_PHYS_s17_T3_ctrl,100,199,106.63333333333334,-0.5205388069152832,-0.3709191487899915
UBFC_PHYS_s17_T3_ctrl,100,200,106.66666666666667,-0.5192629098892212,-0.4492900939531103
UBFC_PHYS_s17_T3_ctrl,100,201,106.7,-0.34749627113342285,-0.4757001930273203
UBFC_PHYS_s17_T3_ctrl,100,202,106.73333333333333,-0.14257964491844177,-0.43686488315959215
UBFC_PHYS_s17_T3_ctrl,100,203,106.76666666666667,-0.002066713757812977,-0.3316276224653309
UBFC_PHYS_s17_T3_ctrl,100,204,106.8,0.07867788523435593,-0.1748912580955211
UBFC_PHYS_s17_T3_ctrl,100,205,106.83333333333333,0.11371247470378876,0.002616816046146302
UBFC_PHYS_s17_T3_ctrl,100,206,106.86666666666666,0.11039981245994568,0.161128500529136
UBFC_PHYS_s17_T3_ctrl,100,207,106.9,0.11569070816040039,0.26441409275836997
UBFC_PHYS_s17_T3_ctrl,100,208,106.93333333333334,0.17487375438213348,0.29312247205224606
UBFC_PHYS_s17_T3_ctrl,100,209,106.96666666666667,0.26182228326797485,0.2520845171522865
UBFC_PHYS_s17_T3_ctrl,100,210,107.0,0.3210170269012451,0.16778263744062433
UBFC_PHYS_s17_T3_ctrl,100,211,107.03333333333333,0.3468979001045227,0.07753509488256773
UBFC_PHYS_s17_T3_ctrl,100,212,107.06666666666666,0.3611552119255066,0.015743160401251448
UBFC_PHYS_s17_T3_ctrl,100,213,107.1,0.3442992866039276,0.0031541036063268786
UBFC_PHYS_s17_T3_ctrl,100,214,107.13333333333334,0.2732234299182892,0.04288091329600697
UBFC_PHYS_s17_T3_ctrl,100,215,107.16666666666667,0.18441374599933624,0.12335581017447533
UBFC_PHYS_s17_T3_ctrl,100,216,107.2,0.1333191990852356,0.22533379980656132
UBFC_PHYS_s17_T3_ctrl,100,217,107.23333333333333,0.10384473204612732,0.3290019066343122
UBFC_PHYS_s17_T3_ctrl,100,218,107.26666666666667,0.020208869129419327,0.4184699825203619
UBFC_PHYS_s17_T3_ctrl,100,219,107.3,-0.11660511791706085,0.48305151454756773
UBFC_PHYS_s17_T3_ctrl,100,220,107.33333333333333,-0.16558097302913666,0.5162334403913266
UBFC_PHYS_s17_T3_ctrl,100,221,107.36666666666666,-0.007006438449025154,0.5137976933097463
UBFC_PHYS_s17_T3_ctrl,100,222,107.4,0.28955262899398804,0.4725312379846945
UBFC_PHYS_s17_T3_ctrl,100,223,107.43333333333334,0.5589432120323181,0.39042668166010136
UBFC_PHYS_s17_T3_ctrl,100,224,107.46666666666667,0.7486661076545715,0.2683430677357721
UBFC_PHYS_s17_T3_ctrl,100,225,107.5,0.8935920000076294,0.11223574035882572
UBFC_PHYS_s17_T3_ctrl,100,226,107.53333333333333,0.9692564010620117,-0.0652916764862731
UBFC_PHYS_s17_T3_ctrl,100,227,107.56666666666666,0.9520961046218872,-0.24519797965308163
UBFC_PHYS_s17_T3_ctrl,100,228,107.6,0.9228089451789856,-0.4045403804829156
UBFC_PHYS_s17_T3_ctrl,100,229,107.63333333333334,0.9771459102630615,-0.5210646492726021
UBFC_PHYS_s17_T3_ctrl,100,230,107.66666666666667,1.0832797288894653,-0.5786161616577513
UBFC_PHYS_s17_T3_ctrl,100,231,107.7,1.11616051197052,-0.5715730439642054
UBFC_PHYS_s17_T3_ctrl,100,232,107.73333333333333,1.032583236694336,-0.5067465384936541
UBFC_PHYS_s17_T3_ctrl,100,233,107.76666666666667,0.9215564727783203,-0.402106260770061
UBFC_PHYS_s17_T3_ctrl,100,234,107.8,0.8561577796936035,-0.28275059596058333
UBFC_PHYS_s17_T3_ctrl,100,235,107.83333333333333,0.7332850694656372,-0.17515847518174993
UBFC_PHYS_s17_T3_ctrl,100,236,107.86666666666666,0.2726030647754669,-0.10080323784333049
UBFC_PHYS_s17_T3_ctrl,100,237,107.9,-0.6705683469772339,-0.07037690579112599
UBFC_PHYS_s17_T3_ctrl,100,238,107.93333333333334,-1.7723376750946045,-0.08046853453729322
UBFC_PHYS_s17_T3_ctrl,100,239,107.96666666666667,-2.5242292881011963,-0.114468459747207
UBFC_PHYS_s17_T3_ctrl,101,0,101.0,-0.5135272145271301,-0.09009525157760818
UBFC_PHYS_s17_T3_ctrl,101,1,101.03333333333333,-0.42865055799484253,-0.20589759736436147
UBFC_PHYS_s17_T3_ctrl,101,2,101.06666666666666,-0.312602162361145,-0.3228575587371067
UBFC_PHYS_s17_T3_ctrl,101,3,101.1,-0.20095501840114594,-0.44257224201556244
UBFC_PHYS_s17_T3_ctrl,101,4,101.13333333333334,-0.1650308072566986,-0.5652999534848169
UBFC_PHYS_s17_T3_ctrl,101,5,101.16666666666667,-0.2117006778717041,-0.6892187713988783
UBFC_PHYS_s17_T3_ctrl,101,6,101.2,-0.26630687713623047,-0.8093917572392173
UBFC_PHYS_s17_T3_ctrl,101,7,101.23333333333333,-0.287306547164917,-0.9166497440875715
UBFC_PHYS_s17_T3_ctrl,101,8,101.26666666666667,-0.31923916935920715,-0.9969446157420221
UBFC_PHYS_s17_T3_ctrl,101,9,101.3,-0.42917731404304504,-1.0320248506453171
UBFC_PHYS_s17_T3_ctrl,101,10,101.33333333333333,-0.5986847877502441,-1.0023786850458138
UBFC_PHYS_s17_T3_ctrl,101,11,101.36666666666666,-0.6917436122894287,-0.8926567023565469
UBFC_PHYS_s17_T3_ctrl,101,12,101.4,-0.5841114521026611,-0.6981213230733797
UBFC_PHYS_s17_T3_ctrl,101,13,101.43333333333334,-0.3170853555202484,-0.4292819562175825
UBFC_PHYS_s17_T3_ctrl,101,14,101.46666666666667,-0.04516639560461044,-0.1120854582294716
UBFC_PHYS_s17_T3_ctrl,101,15,101.5,0.1336703598499298,0.21700737829137842
UBFC_PHYS_s17_T3_ctrl,101,16,101.53333333333333,0.20857392251491547,0.5191022191638002
UBFC_PHYS_s17_T3_ctrl,101,17,101.56666666666666,0.20036835968494415,0.7607798563032525
UBFC_PHYS_s17_T3_ctrl,101,18,101.6,0.15779541432857513,0.9194122351678541
UBFC_PHYS_s17_T3_ctrl,101,19,101.63333333333334,0.15502122044563293,0.9853853040728854
UBFC_PHYS_s17_T3_ctrl,101,20,101.66666666666667,0.20314255356788635,0.9619037216900853
UBFC_PHYS_s17_T3_ctrl,101,21,101.7,0.24112693965435028,0.8631781158854226
UBFC_PHYS_s17_T3_ctrl,101,22,101.73333333333333,0.23968715965747833,0.7114712638439931
UBFC_PHYS_s17_T3_ctrl,101,23,101.76666666666667,0.22767730057239532,0.5332933030125453
UBFC_PHYS_s17_T3_ctrl,101,24,101.8,0.20425458252429962,0.355207286273542
UBFC_PHYS_s17_T3_ctrl,101,25,101.83333333333333,0.13659673929214478,0.1999127073785478
UBFC_PHYS_s17_T3_ctrl,101,26,101.86666666666666,0.03810659423470497,0.08317548279335348
UBFC_PHYS_s17_T3_ctrl,101,27,101.9,-0.04897068813443184,0.011942354916481684
UBFC_PHYS_s17_T3_ctrl,101,28,101.93333333333334,-0.12937583029270172,-0.016123747631113357
UBFC_PHYS_s17_T3_ctrl,101,29,101.96666666666667,-0.23872868716716766,-0.011532902035038319
UBFC_PHYS_s17_T3_ctrl,101,30,102.0,-0.3553272783756256,0.009630846624519972
UBFC_PHYS_s17_T3_ctrl,101,31,102.03333333333333,-0.38137203454971313,0.029397059121406055
UBFC_PHYS_s17_T3_ctrl,101,32,102.06666666666666,-0.25611138343811035,0.0320400350558555
UBFC_PHYS_s17_T3_ctrl,101,33,102.1,-0.035099659115076065,0.007779063578320575
UBFC_PHYS_s17_T3_ctrl,101,34,102.13333333333334,0.15857969224452972,-0.044997475316770286
UBFC_PHYS_s17_T3_ctrl,101,35,102.16666666666667,0.253944456577301,-0.11977659780625052
UBFC_PHYS_s17_T3_ctrl,101,36,102.2,0.26381221413612366,-0.20420258085980506
UBFC_PHYS_s17_T3_ctrl,101,37,102.23333333333333,0.2259448915719986,-0.28371500765263546
UBFC_PHYS_s17_T3_ctrl,101,38,102.26666666666667,0.17153768241405487,-0.3453564011099584
UBFC_PHYS_s17_T3_ctrl,101,39,102.3,0.13416199386119843,-0.3807228200812364
UBFC_PHYS_s17_T3_ctrl,101,40,102.33333333333333,0.12664705514907837,-0.3873563254778876
UBFC_PHYS_s17_T3_ctrl,101,41,102.36666666666666,0.12744303047657013,-0.36834148901819425
UBFC_PHYS_s17_T3_ctrl,101,42,102.4,0.10894833505153656,-0.3304752744489815
UBFC_PHYS_s17_T3_ctrl,101,43,102.43333333333334,0.06473662704229355,-0.28189671392970883
UBFC_PHYS_s17_T3_ctrl,101,44,102.46666666666667,-0.0029680379666388035,-0.23017749459214396
UBFC_PHYS_s17_T3_ctrl,101,45,102.5,-0.08738816529512405,-0.18141022861689826
UBFC_PHYS_s17_T3_ctrl,101,46,102.53333333333333,-0.17262768745422363,-0.14001258770418568
UBFC_PHYS_s17_T3_ctrl,101,47,102.56666666666666,-0.26034876704216003,-0.10853626794900302
UBFC_PHYS_s17_T3_ctrl,101,48,102.6,-0.3811028003692627,-0.08716721401614892
UBFC_PHYS_s17_T3_ctrl,101,49,102.63333333333334,-0.5297861695289612,-0.07325498371047216
UBFC_PHYS_s17_T3_ctrl,101,50,102.66666666666667,-0.6175306439399719,-0.06138407023593044
UBFC_PHYS_s17_T3_ctrl,101,51,102.7,-0.5439381003379822,-0.0442186550576569
UBFC_PHYS_s17_T3_ctrl,101,52,102.73333333333333,-0.32325416803359985,-0.014008937560510911
UBFC_PHYS_s17_T3_ctrl,101,53,102.76666666666667,-0.07864414900541306,0.03551549325343686
UBFC_PHYS_s17_T3_ctrl,101,54,102.8,0.09960733354091644,0.10712879914915961
UBFC_PHYS_s17_T3_ctrl,101,55,102.83333333333333,0.21543334424495697,0.19828921000047614
UBFC_PHYS_s17_T3_ctrl,101,56,102.86666666666666,0.27472174167633057,0.3001025329603923
UBFC_PHYS_s17_T3_ctrl,101,57,102.9,0.2704492509365082,0.39787921631930695
UBFC_PHYS_s17_T3_ctrl,101,58,102.93333333333334,0.24742449820041656,0.4738793501054825
UBFC_PHYS_s17_T3_ctrl,101,59,102.96666666666667,0.2615998685359955,0.5119602096350747
UBFC_PHYS_s17_T3_ctrl,101,60,103.0,0.30187854170799255,0.5026030575934417
UBFC_PHYS_s17_T3_ctrl,101,61,103.03333333333333,0.32957375049591064,0.4461781065223089
UBFC_PHYS_s17_T3_ctrl,101,62,103.06666666666666,0.3277477025985718,0.3529868695922753
UBFC_PHYS_s17_T3_ctrl,101,63,103.1,0.2833369970321655,0.24009237830072383
UBFC_PHYS_s17_T3_ctrl,101,64,103.13333333333334,0.20441846549510956,0.1262395240249387
UBFC_PHYS_s17_T3_ctrl,101,65,103.16666666666667,0.12594473361968994,0.02672565529840422
UBFC_PHYS_s17_T3_ctrl,101,66,103.2,0.06522825360298157,-0.050167983671423666
UBFC_PHYS_s17_T3_ctrl,101,67,103.23333333333333,-0.0021135357674211264,-0.10433095501387858
UBFC_PHYS_s17_T3_ctrl,101,68,103.26666666666667,-0.11620713025331497,-0.14256452625911695
UBFC_PHYS_s17_T3_ctrl,101,69,103.3,-0.23133081197738647,-0.1755909894336128
UBFC_PHYS_s17_T3_ctrl,101,70,103.33333333333333,-0.18308070302009583,-0.2143949288729757
UBFC_PHYS_s17_T3_ctrl,101,71,103.36666666666666,0.12018562108278275,-0.266982168611401
UBFC_PHYS_s17_T3_ctrl,101,72,103.4,0.5350522398948669,-0.3363168229436014
UBFC_PHYS_s17_T3_ctrl,101,73,103.43333333333334,0.7954646944999695,-0.41960890073377477
UBFC_PHYS_s17_T3_ctrl,101,74,103.46666666666667,0.7557947635650635,-0.5085229764098338
UBFC_PHYS_s17_T3_ctrl,101,75,103.5,0.5232882499694824,-0.5897102405198406
UBFC_PHYS_s17_T3_ctrl,101,76,103.53333333333333,0.36216190457344055,-0.6455387084880655
UBFC_PHYS_s17_T3_ctrl,101,77,103.56666666666666,0.4322661757469177,-0.6556174135858827
UBFC_PHYS_s17_T3_ctrl,101,78,103.6,0.7056132555007935,-0.6000355030253581
UBFC_PHYS_s17_T3_ctrl,101,79,103.63333333333334,1.0558888912200928,-0.4647231501294962
UBFC_PHYS_s17_T3_ctrl,101,80,103.66666666666667,1.3320218324661255,-0.24802294179462306
UBFC_PHYS_s17_T3_ctrl,101,81,103.7,1.4269417524337769,0.03393662962971992
UBFC_PHYS_s17_T3_ctrl,101,82,103.73333333333333,1.3146157264709473,0.3461763942703641
UBFC_PHYS_s17_T3_ctrl,101,83,103.76666666666667,1.0266953706741333,0.6402221041587859
UBFC_PHYS_s17_T3_ctrl,101,84,103.8,0.6542377471923828,0.8652848284500381
UBFC_PHYS_s17_T3_ctrl,101,85,103.83333333333333,0.3110673427581787,0.9816959426356364
UBFC_PHYS_s17_T3_ctrl,101,86,103.86666666666666,0.06124838441610336,0.971591612076897
UBFC_PHYS_s17_T3_ctrl,101,87,103.9,-0.09564054757356644,0.8428684129881202
UBFC_PHYS_s17_T3_ctrl,101,88,103.93333333333334,-0.20128276944160461,0.6254593674634146
UBFC_PHYS_s17_T3_ctrl,101,89,103.96666666666667,-0.3012009859085083,0.3621217789839761
UBFC_PHYS_s17_T3_ctrl,101,90,104.0,-0.3846495747566223,0.09743609810853678
UBFC_PHYS_s17_T3_ctrl,101,91,104.03333333333333,-0.35332563519477844,-0.13154905817965568
UBFC_PHYS_s17_T3_ctrl,101,92,104.06666666666666,-0.1288490742444992,-0.30087571504201027
UBFC_PHYS_s17_T3_ctrl,101,93,104.1,0.21931956708431244,-0.4009485367618409
UBFC_PHYS_s17_T3_ctrl,101,94,104.13333333333334,0.49698594212532043,-0.4345129367207397
UBFC_PHYS_s17_T3_ctrl,101,95,104.16666666666667,0.5653110146522522,-0.41307723626540516
UBFC_PHYS_s17_T3_ctrl,101,96,104.2,0.4374634325504303,-0.3533074230863443
UBFC_PHYS_s17_T3_ctrl,101,97,104.23333333333333,0.2132209986448288,-0.27414535118198946
UBFC_PHYS_s17_T3_ctrl,101,98,104.26666666666667,-0.008024817332625389,-0.19461205688095323
UBFC_PHYS_s17_T3_ctrl,101,99,104.3,-0.17465274035930634,-0.13172901674390602
UBFC_PHYS_s17_T3_ctrl,101,100,104.33333333333333,-0.2887229323387146,-0.09791355168515477
UBFC_PHYS_s17_T3_ctrl,101,101,104.36666666666666,-0.3837014138698578,-0.09791400244889197
UBFC_PHYS_s17_T3_ctrl,101,102,104.4,-0.5004990100860596,-0.12659704778888417
UBFC_PHYS_s17_T3_ctrl,101,103,104.43333333333334,-0.6511605978012085,-0.1693541223320936
UBFC_PHYS_s17_T3_ctrl,101,104,104.46666666666667,-0.818244993686676,-0.20573748775791578
UBFC_PHYS_s17_T3_ctrl,101,105,104.5,-0.9953259825706482,-0.21526972271803382
UBFC_PHYS_s17_T3_ctrl,101,106,104.53333333333333,-1.1782596111297607,-0.1835869320872749
UBFC_PHYS_s17_T3_ctrl,101,107,104.56666666666666,-1.354404091835022,-0.1071357004882241
UBFC_PHYS_s17_T3_ctrl,101,108,104.6,-1.5151207447052002,0.0050078575125389845
UBFC_PHYS_s17_T3_ctrl,101,109,104.63333333333334,-1.6064705848693848,0.13296502262632837
UBFC_PHYS_s17_T3_ctrl,101,110,104.66666666666667,-1.5190889835357666,0.25120127380867846
UBFC_PHYS_s17_T3_ctrl,101,111,104.7,-1.214979887008667,0.33551740974377026
UBFC_PHYS_s17_T3_ctrl,101,112,104.73333333333333,-0.8016465902328491,0.36973460538020125
UBFC_PHYS_s17_T3_ctrl,101,113,104.76666666666667,-0.4292241334915161,0.3499931267047532
UBFC_PHYS_s17_T3_ctrl,101,114,104.8,-0.17707577347755432,0.285379750084323
UBFC_PHYS_s17_T3_ctrl,101,115,104.83333333333333,-0.051627837121486664,0.19484535255890695
UBFC_PHYS_s17_T3_ctrl,101,116,104.86666666666666,-0.014638430438935757,0.10162070593171228
UBFC_PHYS_s17_T3_ctrl,101,117,104.9,-0.002230590907856822,0.027075588479474215
UBFC_PHYS_s17_T3_ctrl,101,118,104.93333333333334,0.019213901832699776,-0.014116799910915547
UBFC_PHYS_s17_T3_ctrl,101,119,104.96666666666667,0.04461485520005226,-0.016452749475464063
UBFC_PHYS_s17_T3_ctrl,101,120,105.0,0.07625484466552734,0.016282089737850235
UBFC_PHYS_s17_T3_ctrl,101,121,105.03333333333333,0.10094176232814789,0.0725702223924734
UBFC_PHYS_s17_T3_ctrl,101,122,105.06666666666666,0.05676517263054848,0.1357779258520938
UBFC_PHYS_s17_T3_ctrl,101,123,105.1,-0.06315776705741882,0.18756255582505568
UBFC_PHYS_s17_T3_ctrl,101,124,105.13333333333334,-0.16444553434848785,0.21183983355299021
UBFC_PHYS_s17_T3_ctrl,101,125,105.16666666666667,-0.17307248711585999,0.19861775873541954
UBFC_PHYS_s17_T3_ctrl,101,126,105.2,-0.14922836422920227,0.14642639219366907
UBFC_PHYS_s17_T3_ctrl,101,127,105.23333333333333,-0.30704203248023987,0.06219428294517868
UBFC_PHYS_s17_T3_ctrl,101,128,105.26666666666667,-0.8732258081436157,-0.04142629082775556
UBFC_PHYS_s17_T3_ctrl,101,129,105.3,-1.6837503910064697,-0.14999463955409342
UBFC_PHYS_s17_T3_ctrl,101,130,105.33333333333333,-2.1703834533691406,-0.2508030300511972
UBFC_PHYS_s17_T3_ctrl,101,131,105.36666666666666,-2.0218639373779297,-0.33488118630300545
UBFC_PHYS_s17_T3_ctrl,101,132,105.4,-1.5177193880081177,-0.39732346468658347
UBFC_PHYS_s17_T3_ctrl,101,133,105.43333333333334,-1.0593316555023193,-0.43645703663767305
UBFC_PHYS_s17_T3_ctrl,101,134,105.46666666666667,-0.7529282569885254,-0.4524810422835237
UBFC_PHYS_s17_T3_ctrl,101,135,105.5,-0.5579496026039124,-0.4460100323839912
UBFC_PHYS_s17_T3_ctrl,101,136,105.53333333333333,-0.44804659485816956,-0.41684996899800186
UBFC_PHYS_s17_T3_ctrl,101,137,105.56666666666666,-0.33630579710006714,-0.36340083602685774
UBFC_PHYS_s17_T3_ctrl,101,138,105.6,-0.1381315439939499,-0.28313522015739456
UBFC_PHYS_s17_T3_ctrl,101,139,105.63333333333334,0.11976422369480133,-0.17438743689470906
UBFC_PHYS_s17_T3_ctrl,101,140,105.66666666666667,0.3664929270744324,-0.0391013460259639
UBFC_PHYS_s17_T3_ctrl,101,141,105.7,0.5845314264297485,0.11453415825133222
UBFC_PHYS_s17_T3_ctrl,101,142,105.73333333333333,0.778292715549469,0.2710477550139753
UBFC_PHYS_s17_T3_ctrl,101,143,105.76666666666667,0.9150716066360474,0.4094426795001424
UBFC_PHYS_s17_T3_ctrl,101,144,105.8,0.9629471302032471,0.507861192430993
UBFC_PHYS_s17_T3_ctrl,101,145,105.83333333333333,0.9431648254394531,0.549801712600755
UBFC_PHYS_s17_T3_ctrl,101,146,105.86666666666666,0.8806222677230835,0.5294296910127696
UBFC_PHYS_s17_T3_ctrl,101,147,105.9,0.7438902258872986,0.45357216720437943
UBFC_PHYS_s17_T3_ctrl,101,148,105.93333333333334,0.530042290687561,0.3394088610461883
UBFC_PHYS_s17_T3_ctrl,101,149,105.96666666666667,0.3769225478172302,0.20888444180036977
UBFC_PHYS_s17_T3_ctrl,101,150,106.0,0.4367259740829468,0.08230964355281023
UBFC_PHYS_s17_T3_ctrl,101,151,106.03333333333333,0.6506558656692505,-0.02627102190933387
UBFC_PHYS_s17_T3_ctrl,101,152,106.06666666666666,0.8241900205612183,-0.11057353871080751
UBFC_PHYS_s17_T3_ctrl,101,153,106.1,0.8974547982215881,-0.17066216887432936
UBFC_PHYS_s17_T3_ctrl,101,154,106.13333333333334,0.9219544529914856,-0.20988387565070024
UBFC_PHYS_s17_T3_ctrl,101,155,106.16666666666667,0.9147789478302002,-0.2316348319694849
UBFC_PHYS_s17_T3_ctrl,101,156,106.2,0.87248694896698,-0.2371566251649563
UBFC_PHYS_s17_T3_ctrl,101,157,106.23333333333333,0.8302534818649292,-0.22503907965617745
UBFC_PHYS_s17_T3_ctrl,101,158,106.26666666666667,0.8059528470039368,-0.19253924822700774
UBFC_PHYS_s17_T3_ctrl,101,159,106.3,0.7704032063484192,-0.13826112341508603
UBFC_PHYS_s17_T3_ctrl,101,160,106.33333333333333,0.7221062779426575,-0.06519862245311686
UBFC_PHYS_s17_T3_ctrl,101,161,106.36666666666666,0.6728261113166809,0.017258269873636645
UBFC_PHYS_s17_T3_ctrl,101,162,106.4,0.5880430936813354,0.09374780072096676
UBFC_PHYS_s17_T3_ctrl,101,163,106.43333333333334,0.44651180505752563,0.14638824764945169
UBFC_PHYS_s17_T3_ctrl,101,164,106.46666666666667,0.29587361216545105,0.16031677923979562
UBFC_PHYS_s17_T3_ctrl,101,165,106.5,0.17563462257385254,0.12897610052972056
UBFC_PHYS_s17_T3_ctrl,101,166,106.53333333333333,0.055255163460969925,0.05660789677205649
UBFC_PHYS_s17_T3_ctrl,101,167,106.56666666666666,-0.11887598782777786,-0.043120888027322765
UBFC_PHYS_s17_T3_ctrl,101,168,106.6,-0.34475719928741455,-0.1510241973641895
UBFC_PHYS_s17_T3_ctrl,101,169,106.63333333333334,-0.5205388069152832,-0.24623649888029164
UBFC_PHYS_s17_T3_ctrl,101,170,106.66666666666667,-0.5192629098892212,-0.30855934574411176
UBFC_PHYS_s17_T3_ctrl,101,171,106.7,-0.34749627113342285,-0.32013883028093953
UBFC_PHYS_s17_T3_ctrl,101,172,106.73333333333333,-0.14257964491844177,-0.2683924724207317
UBFC_PHYS_s17_T3_ctrl,101,173,106.76666666666667,-0.002066713757812977,-0.15105324841307308
UBFC_PHYS_s17_T3_ctrl,101,174,106.8,0.07867788523435593,0.018386235093523936
UBFC_PHYS_s17_T3_ctrl,101,175,106.83333333333333,0.11371247470378876,0.20871642098388898
UBFC_PHYS_s17_T3_ctrl,101,176,106.86666666666666,0.11039981245994568,0.37616912722647233
UBFC_PHYS_s17_T3_ctrl,101,177,106.9,0.11569070816040039,0.4769130705896973
UBFC_PHYS_s17_T3_ctrl,101,178,106.93333333333334,0.17487375438213348,0.4821313575981416
UBFC_PHYS_s17_T3_ctrl,101,179,106.96666666666667,0.26182228326797485,0.38838722001657067
UBFC_PHYS_s17_T3_ctrl,101,180,107.0,0.3210170269012451,0.21845395624753486
UBFC_PHYS_s17_T3_ctrl,101,181,107.03333333333333,0.3468979001045227,0.013015935519170015
UBFC_PHYS_s17_T3_ctrl,101,182,107.06666666666666,0.3611552119255066,-0.18228576303946142
UBFC_PHYS_s17_T3_ctrl,101,183,107.1,0.3442992866039276,-0.32897021799350185
UBFC_PHYS_s17_T3_ctrl,101,184,107.13333333333334,0.2732234299182892,-0.4032759355175032
UBFC_PHYS_s17_T3_ctrl,101,185,107.16666666666667,0.18441374599933624,-0.39831530906956736
UBFC_PHYS_s17_T3_ctrl,101,186,107.2,0.1333191990852356,-0.32213329387921696
UBFC_PHYS_s17_T3_ctrl,101,187,107.23333333333333,0.10384473204612732,-0.1937225590951837
UBFC_PHYS_s17_T3_ctrl,101,188,107.26666666666667,0.020208869129419327,-0.03863039952836245
UBFC_PHYS_s17_T3_ctrl,101,189,107.3,-0.11660511791706085,0.11510698037318587
UBFC_PHYS_s17_T3_ctrl,101,190,107.33333333333333,-0.16558097302913666,0.2406783689811752
UBFC_PHYS_s17_T3_ctrl,101,191,107.36666666666666,-0.007006438449025154,0.3160633450998835
UBFC_PHYS_s17_T3_ctrl,101,192,107.4,0.28955262899398804,0.32743542457917757
UBFC_PHYS_s17_T3_ctrl,101,193,107.43333333333334,0.5589432120323181,0.2719182343640453
UBFC_PHYS_s17_T3_ctrl,101,194,107.46666666666667,0.7486661076545715,0.15882557627696095
UBFC_PHYS_s17_T3_ctrl,101,195,107.5,0.8935920000076294,0.008626945715096751
UBFC_PHYS_s17_T3_ctrl,101,196,107.53333333333333,0.9692564010620117,-0.1504366394622205
UBFC_PHYS_s17_T3_ctrl,101,197,107.56666666666666,0.9520961046218872,-0.2874486733585456
UBFC_PHYS_s17_T3_ctrl,101,198,107.6,0.9228089451789856,-0.3747037086076115
UBFC_PHYS_s17_T3_ctrl,101,199,107.63333333333334,0.9771459102630615,-0.39332783072717553
UBFC_PHYS_s17_T3_ctrl,101,200,107.66666666666667,1.0832797288894653,-0.3373144025089197
UBFC_PHYS_s17_T3_ctrl,101,201,107.7,1.11616051197052,-0.2147205534018349
UBFC_PHYS_s17_T3_ctrl,101,202,107.73333333333333,1.032583236694336,-0.04558006720270998
UBFC_PHYS_s17_T3_ctrl,101,203,107.76666666666667,0.9215564727783203,0.14275360617224978
UBFC_PHYS_s17_T3_ctrl,101,204,107.8,0.8561577796936035,0.3213305504454104
UBFC_PHYS_s17_T3_ctrl,101,205,107.83333333333333,0.7332850694656372,0.46487170143434425
UBFC_PHYS_s17_T3_ctrl,101,206,107.86666666666666,0.2726030647754669,0.5556771600901252
UBFC_PHYS_s17_T3_ctrl,101,207,107.9,-0.6705683469772339,0.5858300109578295
UBFC_PHYS_s17_T3_ctrl,101,208,107.93333333333334,-1.7723376750946045,0.5574254130802702
UBFC_PHYS_s17_T3_ctrl,101,209,107.96666666666667,-2.5242292881011963,0.48070013081459767
UBFC_PHYS_s17_T3_ctrl,101,210,108.0,-2.7567708492279053,0.3706290147028212
UBFC_PHYS_s17_T3_ctrl,101,211,108.03333333333333,-2.5439531803131104,0.24317247467997233
UBFC_PHYS_s17_T3_ctrl,101,212,108.06666666666666,-1.9665788412094116,0.11222208974255336
UBFC_PHYS_s17_T3_ctrl,101,213,108.1,-1.1993881464004517,-0.012263937841459403
UBFC_PHYS_s17_T3_ctrl,101,214,108.13333333333334,-0.4712703227996826,-0.12482904389907754
UBFC_PHYS_s17_T3_ctrl,101,215,108.16666666666667,0.20050881803035736,-0.22390644257852704
UBFC_PHYS_s17_T3_ctrl,101,216,108.2,0.8744885921478271,-0.31041647493555036
UBFC_PHYS_s17_T3_ctrl,101,217,108.23333333333333,1.3760696649551392,-0.38622115601461354
UBFC_PHYS_s17_T3_ctrl,101,218,108.26666666666667,1.4608643054962158,-0.45309507437887314
UBFC_PHYS_s17_T3_ctrl,101,219,108.3,1.235416293144226,-0.5124371031017981
UBFC_PHYS_s17_T3_ctrl,101,220,108.33333333333333,1.0100033283233643,-0.56522492313349
UBFC_PHYS_s17_T3_ctrl,101,221,108.36666666666666,0.8363988995552063,-0.6114008020698226
UBFC_PHYS_s17_T3_ctrl,101,222,108.4,0.5487126111984253,-0.6484282018963334
UBFC_PHYS_s17_T3_ctrl,101,223,108.43333333333334,0.1630277782678604,-0.6696939123986912
UBFC_PHYS_s17_T3_ctrl,101,224,108.46666666666667,-0.09490310400724411,-0.6639583908228637
UBFC_PHYS_s17_T3_ctrl,101,225,108.5,-0.18167604506015778,-0.6168265062961158
UBFC_PHYS_s17_T3_ctrl,101,226,108.53333333333333,-0.3340349495410919,-0.5143616689780628
UBFC_PHYS_s17_T3_ctrl,101,227,108.56666666666666,-0.6736234426498413,-0.34800350201240726
UBFC_PHYS_s17_T3_ctrl,101,228,108.6,-1.091475009918213,-0.11933401041276621
UBFC_PHYS_s17_T3_ctrl,101,229,108.63333333333334,-1.5066460371017456,0.1569875981626918
UBFC_PHYS_s17_T3_ctrl,101,230,108.66666666666667,-1.9238654375076294,0.4536271316783632
UBFC_PHYS_s17_T3_ctrl,101,231,108.7,-2.268756628036499,0.7349183859841694
UBFC_PHYS_s17_T3_ctrl,101,232,108.73333333333333,-2.384699583053589,0.9641424866122711
UBFC_PHYS_s17_T3_ctrl,101,233,108.76666666666667,-2.1849100589752197,1.1113642992086001
UBFC_PHYS_s17_T3_ctrl,101,234,108.8,-1.7648344039916992,1.1592386094441471
UBFC_PHYS_s17_T3_ctrl,101,235,108.83333333333333,-1.3255383968353271,1.1051360617243282
UBFC_PHYS_s17_T3_ctrl,101,236,108.86666666666666,-0.98844313621521,0.9594221377308244
UBFC_PHYS_s17_T3_ctrl,101,237,108.9,-0.7230324149131775,0.7411275762841038
UBFC_PHYS_s17_T3_ctrl,101,238,108.93333333333334,-0.4637671113014221,0.4730717176818221
UBFC_PHYS_s17_T3_ctrl,101,239,108.96666666666667,-0.21886444091796875,0.17844558571221308
UBFC_PHYS_s17_T3_ctrl,102,0,102.0,-0.3553272783756256,-0.008742419778971533
UBFC_PHYS_s17_T3_ctrl,102,1,102.03333333333333,-0.38137203454971313,0.23240619960214653
UBFC_PHYS_s17_T3_ctrl,102,2,102.06666666666666,-0.25611138343811035,0.42875632979057166
UBFC_PHYS_s17_T3_ctrl,102,3,102.1,-0.035099659115076065,0.5468525059293871
UBFC_PHYS_s17_T3_ctrl,102,4,102.13333333333334,0.15857969224452972,0.5727440705592163
UBFC_PHYS_s17_T3_ctrl,102,5,102.16666666666667,0.253944456577301,0.5140357541817496
UBFC_PHYS_s17_T3_ctrl,102,6,102.2,0.26381221413612366,0.3953604983697341
UBFC_PHYS_s17_T3_ctrl,102,7,102.23333333333333,0.2259448915719986,0.24934933069696533
UBFC_PHYS_s17_T3_ctrl,102,8,102.26666666666667,0.17153768241405487,0.10662194078570929
UBFC_PHYS_s17_T3_ctrl,102,9,102.3,0.13416199386119843,-0.011797051570145552
UBFC_PHYS_s17_T3_ctrl,102,10,102.33333333333333,0.12664705514907837,-0.09750591387227629
UBFC_PHYS_s17_T3_ctrl,102,11,102.36666666666666,0.12744303047657013,-0.15297976128000598
UBFC_PHYS_s17_T3_ctrl,102,12,102.4,0.10894833505153656,-0.18671790718337847
UBFC_PHYS_s17_T3_ctrl,102,13,102.43333333333334,0.06473662704229355,-0.2079610128940122
UBFC_PHYS_s17_T3_ctrl,102,14,102.46666666666667,-0.0029680379666388035,-0.2232796876824842
UBFC_PHYS_s17_T3_ctrl,102,15,102.5,-0.08738816529512405,-0.23585260616340925
UBFC_PHYS_s17_T3_ctrl,102,16,102.53333333333333,-0.17262768745422363,-0.24654533992861657
UBFC_PHYS_s17_T3_ctrl,102,17,102.56666666666666,-0.26034876704216003,-0.25509599320660975
UBFC_PHYS_s17_T3_ctrl,102,18,102.6,-0.3811028003692627,-0.2603065237287189
UBFC_PHYS_s17_T3_ctrl,102,19,102.63333333333334,-0.5297861695289612,-0.25936535893145757
UBFC_PHYS_s17_T3_ctrl,102,20,102.66666666666667,-0.6175306439399719,-0.24721776286229286
UBFC_PHYS_s17_T3_ctrl,102,21,102.7,-0.5439381003379822,-0.2169261048373509
UBFC_PHYS_s17_T3_ctrl,102,22,102.73333333333333,-0.32325416803359985,-0.16143431169282133
UBFC_PHYS_s17_T3_ctrl,102,23,102.76666666666667,-0.07864414900541306,-0.07641816766553851
UBFC_PHYS_s17_T3_ctrl,102,24,102.8,0.09960733354091644,0.03669870594026122
UBFC_PHYS_s17_T3_ctrl,102,25,102.83333333333333,0.21543334424495697,0.16875318759782384
UBFC_PHYS_s17_T3_ctrl,102,26,102.86666666666666,0.27472174167633057,0.30294264481021654
UBFC_PHYS_s17_T3_ctrl,102,27,102.9,0.2704492509365082,0.4176197119049853
UBFC_PHYS_s17_T3_ctrl,102,28,102.93333333333334,0.24742449820041656,0.4915961867687465
UBFC_PHYS_s17_T3_ctrl,102,29,102.96666666666667,0.2615998685359955,0.5105524919232424
UBFC_PHYS_s17_T3_ctrl,102,30,103.0,0.30187854170799255,0.47192871230518707
UBFC_PHYS_s17_T3_ctrl,102,31,103.03333333333333,0.32957375049591064,0.3858212139780056
UBFC_PHYS_s17_T3_ctrl,102,32,103.06666666666666,0.3277477025985718,0.271489931171802
UBFC_PHYS_s17_T3_ctrl,102,33,103.1,0.2833369970321655,0.15137686296782812
UBFC_PHYS_s17_T3_ctrl,102,34,103.13333333333334,0.20441846549510956,0.04517999348652865
UBFC_PHYS_s17_T3_ctrl,102,35,103.16666666666667,0.12594473361968994,-0.03430466594708458
UBFC_PHYS_s17_T3_ctrl,102,36,103.2,0.06522825360298157,-0.08301096693272551
UBFC_PHYS_s17_T3_ctrl,102,37,103.23333333333333,-0.0021135357674211264,-0.10529137011170173
UBFC_PHYS_s17_T3_ctrl,102,38,103.26666666666667,-0.11620713025331497,-0.11188647828458198
UBFC_PHYS_s17_T3_ctrl,102,39,103.3,-0.23133081197738647,-0.11664193035598237
UBFC_PHYS_s17_T3_ctrl,102,40,103.33333333333333,-0.18308070302009583,-0.1326422833381483
UBFC_PHYS_s17_T3_ctrl,102,41,103.36666666666666,0.12018562108278275,-0.16867882631535397
UBFC_PHYS_s17_T3_ctrl,102,42,103.4,0.5350522398948669,-0.2269593752049095
UBFC_PHYS_s17_T3_ctrl,102,43,103.43333333333334,0.7954646944999695,-0.30257580557078945
UBFC_PHYS_s17_T3_ctrl,102,44,103.46666666666667,0.7557947635650635,-0.3845983595730568
UBFC_PHYS_s17_T3_ctrl,102,45,103.5,0.5232882499694824,-0.4581413615162836
UBFC_PHYS_s17_T3_ctrl,102,46,103.53333333333333,0.36216190457344055,-0.5066748000711133
UBFC_PHYS_s17_T3_ctrl,102,47,103.56666666666666,0.4322661757469177,-0.5142456726153464
UBFC_PHYS_s17_T3_ctrl,102,48,103.6,0.7056132555007935,-0.46781346403599683
UBFC_PHYS_s17_T3_ctrl,102,49,103.63333333333334,1.0558888912200928,-0.3601009332161722
UBFC_PHYS_s17_T3_ctrl,102,50,103.66666666666667,1.3320218324661255,-0.19290477500317188
UBFC_PHYS_s17_T3_ctrl,102,51,103.7,1.4269417524337769,0.02011571364472045
UBFC_PHYS_s17_T3_ctrl,102,52,103.73333333333333,1.3146157264709473,0.2529372108139889
UBFC_PHYS_s17_T3_ctrl,102,53,103.76666666666667,1.0266953706741333,0.4705658594991743
UBFC_PHYS_s17_T3_ctrl,102,54,103.8,0.6542377471923828,0.6364851591622627
UBFC_PHYS_s17_T3_ctrl,102,55,103.83333333333333,0.3110673427581787,0.7221781043377599
UBFC_PHYS_s17_T3_ctrl,102,56,103.86666666666666,0.06124838441610336,0.7151414289961789
UBFC_PHYS_s17_T3_ctrl,102,57,103.9,-0.09564054757356644,0.6220224850982876
UBFC_PHYS_s17_T3_ctrl,102,58,103.93333333333334,-0.20128276944160461,0.4657550753032654
UBFC_PHYS_s17_T3_ctrl,102,59,103.96666666666667,-0.3012009859085083,0.2782593712035473
UBFC_PHYS_s17_T3_ctrl,102,60,104.0,-0.3846495747566223,0.09167963235433363
UBFC_PHYS_s17_T3_ctrl,102,61,104.03333333333333,-0.35332563519477844,-0.06889986788140795
UBFC_PHYS_s17_T3_ctrl,102,62,104.06666666666666,-0.1288490742444992,-0.18922471296022467
UBFC_PHYS_s17_T3_ctrl,102,63,104.1,0.21931956708431244,-0.26561661849417595
UBFC_PHYS_s17_T3_ctrl,102,64,104.13333333333334,0.49698594212532043,-0.3019285683953048
UBFC_PHYS_s17_T3_ctrl,102,65,104.16666666666667,0.5653110146522522,-0.3058623639002537
UBFC_PHYS_s17_T3_ctrl,102,66,104.2,0.4374634325504303,-0.2862956011640337
UBFC_PHYS_s17_T3_ctrl,102,67,104.23333333333333,0.2132209986448288,-0.2520732586244161
UBFC_PHYS_s17_T3_ctrl,102,68,104.26666666666667,-0.008024817332625389,-0.21184919788681025
UBFC_PHYS_s17_T3_ctrl,102,69,104.3,-0.17465274035930634,-0.17414076548871346
UBFC_PHYS_s17_T3_ctrl,102,70,104.33333333333333,-0.2887229323387146,-0.14665719211120481
UBFC_PHYS_s17_T3_ctrl,102,71,104.36666666666666,-0.3837014138698578,-0.13451240547455454
UBFC_PHYS_s17_T3_ctrl,102,72,104.4,-0.5004990100860596,-0.13809718084583453
UBFC_PHYS_s17_T3_ctrl,102,73,104.43333333333334,-0.6511605978012085,-0.15204949147634722
UBFC_PHYS_s17_T3_ctrl,102,74,104.46666666666667,-0.818244993686676,-0.16614568759701961
UBFC_PHYS_s17_T3_ctrl,102,75,104.5,-0.9953259825706482,-0.1678833951878786
UBFC_PHYS_s17_T3_ctrl,102,76,104.53333333333333,-1.1782596111297607,-0.14606907223460955
UBFC_PHYS_s17_T3_ctrl,102,77,104.56666666666666,-1.354404091835022,-0.09458355321393261
UBFC_PHYS_s17_T3_ctrl,102,78,104.6,-1.5151207447052002,-0.015166706727627818
UBFC_PHYS_s17_T3_ctrl,102,79,104.63333333333334,-1.6064705848693848,0.08205142526025237
UBFC_PHYS_s17_T3_ctrl,102,80,104.66666666666667,-1.5190889835357666,0.18089905770099454
UBFC_PHYS_s17_T3_ctrl,102,81,104.7,-1.214979887008667,0.2638259747695486
UBFC_PHYS_s17_T3_ctrl,102,82,104.73333333333333,-0.8016465902328491,0.3172279896093556
UBFC_PHYS_s17_T3_ctrl,102,83,104.76666666666667,-0.4292241334915161,0.33536959238546726
UBFC_PHYS_s17_T3_ctrl,102,84,104.8,-0.17707577347755432,0.3213837236001936
UBFC_PHYS_s17_T3_ctrl,102,85,104.83333333333333,-0.051627837121486664,0.28513037871088054
UBFC_PHYS_s17_T3_ctrl,102,86,104.86666666666666,-0.014638430438935757,0.2391463585535822
UBFC_PHYS_s17_T3_ctrl,102,87,104.9,-0.002230590907856822,0.1946580681439472
UBFC_PHYS_s17_T3_ctrl,102,88,104.93333333333334,0.019213901832699776,0.15918752191318805
UBFC_PHYS_s17_T3_ctrl,102,89,104.96666666666667,0.04461485520005226,0.1360842203822299
UBFC_PHYS_s17_T3_ctrl,102,90,105.0,0.07625484466552734,0.12522068091223257
UBFC_PHYS_s17_T3_ctrl,102,91,105.03333333333333,0.10094176232814789,0.12378115060862688
UBFC_PHYS_s17_T3_ctrl,102,92,105.06666666666666,0.05676517263054848,0.1266622450885926
UBFC_PHYS_s17_T3_ctrl,102,93,105.1,-0.06315776705741882,0.12684964766092333
UBFC_PHYS_s17_T3_ctrl,102,94,105.13333333333334,-0.16444553434848785,0.11646490922069859
UBFC_PHYS_s17_T3_ctrl,102,95,105.16666666666667,-0.17307248711585999,0.08875111227040686
UBFC_PHYS_s17_T3_ctrl,102,96,105.2,-0.14922836422920227,0.04040984298798565
UBFC_PHYS_s17_T3_ctrl,102,97,105.23333333333333,-0.30704203248023987,-0.026883929555035612
UBFC_PHYS_s17_T3_ctrl,102,98,105.26666666666667,-0.8732258081436157,-0.10673969099567697
UBFC_PHYS_s17_T3_ctrl,102,99,105.3,-1.6837503910064697,-0.19011152518293534
UBFC_PHYS_s17_T3_ctrl,102,100,105.33333333333333,-2.1703834533691406,-0.2681600077833531
UBFC_PHYS_s17_T3_ctrl,102,101,105.36666666666666,-2.0218639373779297,-0.33449684782838673
UBFC_PHYS_s17_T3_ctrl,102,102,105.4,-1.5177193880081177,-0.38589761330402544
UBFC_PHYS_s17_T3_ctrl,102,103,105.43333333333334,-1.0593316555023193,-0.4215044171243978
UBFC_PHYS_s17_T3_ctrl,102,104,105.46666666666667,-0.7529282569885254,-0.4412181706588127
UBFC_PHYS_s17_T3_ctrl,102,105,105.5,-0.5579496026039124,-0.44416601134080547
UBFC_PHYS_s17_T3_ctrl,102,106,105.53333333333333,-0.44804659485816956,-0.42793355779933495
UBFC_PHYS_s17_T3_ctrl,102,107,105.56666666666666,-0.33630579710006714,-0.38888289568213236
UBFC_PHYS_s17_T3_ctrl,102,108,105.6,-0.1381315439939499,-0.32350989279512726
UBFC_PHYS_s17_T3_ctrl,102,109,105.63333333333334,0.11976422369480133,-0.23047306921362468
UBFC_PHYS_s17_T3_ctrl,102,110,105.66666666666667,0.3664929270744324,-0.11264970100671509
UBFC_PHYS_s17_T3_ctrl,102,111,105.7,0.5845314264297485,0.02160035234446382
UBFC_PHYS_s17_T3_ctrl,102,112,105.73333333333333,0.778292715549469,0.1587354964999715
UBFC_PHYS_s17_T3_ctrl,102,113,105.76666666666667,0.9150716066360474,0.2822565395965989
UBFC_PHYS_s17_T3_ctrl,102,114,105.8,0.9629471302032471,0.37645095341758494
UBFC_PHYS_s17_T3_ctrl,102,115,105.83333333333333,0.9431648254394531,0.43046735654571616
UBFC_PHYS_s17_T3_ctrl,102,116,105.86666666666666,0.8806222677230835,0.4411515293197398
UBFC_PHYS_s17_T3_ctrl,102,117,105.9,0.7438902258872986,0.41339474384811753
UBFC_PHYS_s17_T3_ctrl,102,118,105.93333333333334,0.530042290687561,0.3577524622201325
UBFC_PHYS_s17_T3_ctrl,102,119,105.96666666666667,0.3769225478172302,0.28639689116338196
UBFC_PHYS_s17_T3_ctrl,102,120,106.0,0.4367259740829468,0.2093826078611007
UBFC_PHYS_s17_T3_ctrl,102,121,106.03333333333333,0.6506558656692505,0.1329515204728708
UBFC_PHYS_s17_T3_ctrl,102,122,106.06666666666666,0.8241900205612183,0.060150804410711696
UBFC_PHYS_s17_T3_ctrl,102,123,106.1,0.8974547982215881,-0.007325552644482756
UBFC_PHYS_s17_T3_ctrl,102,124,106.13333333333334,0.9219544529914856,-0.0673157344762668
UBFC_PHYS_s17_T3_ctrl,102,125,106.16666666666667,0.9147789478302002,-0.11604040042556857
UBFC_PHYS_s17_T3_ctrl,102,126,106.2,0.87248694896698,-0.14786651803442957
UBFC_PHYS_s17_T3_ctrl,102,127,106.23333333333333,0.8302534818649292,-0.1561347675382668
UBFC_PHYS_s17_T3_ctrl,102,128,106.26666666666667,0.8059528470039368,-0.1351080095920163
UBFC_PHYS_s17_T3_ctrl,102,129,106.3,0.7704032063484192,-0.08279905905767139
UBFC_PHYS_s17_T3_ctrl,102,130,106.33333333333333,0.7221062779426575,-0.003913101361256582
UBFC_PHYS_s17_T3_ctrl,102,131,106.36666666666666,0.6728261113166809,0.08843436895004406
UBFC_PHYS_s17_T3_ctrl,102,132,106.4,0.5880430936813354,0.17376665674636305
UBFC_PHYS_s17_T3_ctrl,102,133,106.43333333333334,0.44651180505752563,0.22883383618404263
UBFC_PHYS_s17_T3_ctrl,102,134,106.46666666666667,0.29587361216545105,0.23470999645553997
UBFC_PHYS_s17_T3_ctrl,102,135,106.5,0.17563462257385254,0.18357311580538235
UBFC_PHYS_s17_T3_ctrl,102,136,106.53333333333333,0.055255163460969925,0.08190785928657507
UBFC_PHYS_s17_T3_ctrl,102,137,106.56666666666666,-0.11887598782777786,-0.051458139635672764
UBFC_PHYS_s17_T3_ctrl,102,138,106.6,-0.34475719928741455,-0.19104291786299404
UBFC_PHYS_s17_T3_ctrl,102,139,106.63333333333334,-0.5205388069152832,-0.3108230451933535
UBFC_PHYS_s17_T3_ctrl,102,140,106.66666666666667,-0.5192629098892212,-0.3884806085727604
UBFC_PHYS_s17_T3_ctrl,102,141,106.7,-0.34749627113342285,-0.40792736857640866
UBFC_PHYS_s17_T3_ctrl,102,142,106.73333333333333,-0.14257964491844177,-0.3616368286800982
UBFC_PHYS_s17_T3_ctrl,102,143,106.76666666666667,-0.002066713757812977,-0.25367524306985373
UBFC_PHYS_s17_T3_ctrl,102,144,106.8,0.07867788523435593,-0.1022976995712969
UBFC_PHYS_s17_T3_ctrl,102,145,106.83333333333333,0.11371247470378876,0.06067673363884969
UBFC_PHYS_s17_T3_ctrl,102,146,106.86666666666666,0.11039981245994568,0.19609481884577143
UBFC_PHYS_s17_T3_ctrl,102,147,106.9,0.11569070816040039,0.2688224570934162
UBFC_PHYS_s17_T3_ctrl,102,148,106.93333333333334,0.17487375438213348,0.2598841066324403
UBFC_PHYS_s17_T3_ctrl,102,149,106.96666666666667,0.26182228326797485,0.1734358362880416
UBFC_PHYS_s17_T3_ctrl,102,150,107.0,0.3210170269012451,0.03513025946338698
UBFC_PHYS_s17_T3_ctrl,102,151,107.03333333333333,0.3468979001045227,-0.11703649216684256
UBFC_PHYS_s17_T3_ctrl,102,152,107.06666666666666,0.3611552119255066,-0.24506510129191028
UBFC_PHYS_s17_T3_ctrl,102,153,107.1,0.3442992866039276,-0.32152423753776715
UBFC_PHYS_s17_T3_ctrl,102,154,107.13333333333334,0.2732234299182892,-0.3350009354121815
UBFC_PHYS_s17_T3_ctrl,102,155,107.16666666666667,0.18441374599933624,-0.2897196680605048
UBFC_PHYS_s17_T3_ctrl,102,156,107.2,0.1333191990852356,-0.20093541396713954
UBFC_PHYS_s17_T3_ctrl,102,157,107.23333333333333,0.10384473204612732,-0.08877549657520957
UBFC_PHYS_s17_T3_ctrl,102,158,107.26666666666667,0.020208869129419327,0.02713258485334128
UBFC_PHYS_s17_T3_ctrl,102,159,107.3,-0.11660511791706085,0.1310035783400461
UBFC_PHYS_s17_T3_ctrl,102,160,107.33333333333333,-0.16558097302913666,0.21201829537794173
UBFC_PHYS_s17_T3_ctrl,102,161,107.36666666666666,-0.007006438449025154,0.2637739164551402
UBFC_PHYS_s17_T3_ctrl,102,162,107.4,0.28955262899398804,0.2830302700379236
UBFC_PHYS_s17_T3_ctrl,102,163,107.43333333333334,0.5589432120323181,0.26879850505946346
UBFC_PHYS_s17_T3_ctrl,102,164,107.46666666666667,0.7486661076545715,0.2225025143713326
UBFC_PHYS_s17_T3_ctrl,102,165,107.5,0.8935920000076294,0.1492662717252047
UBFC_PHYS_s17_T3_ctrl,102,166,107.53333333333333,0.9692564010620117,0.05954455949367807
UBFC_PHYS_s17_T3_ctrl,102,167,107.56666666666666,0.9520961046218872,-0.030263105428895112
UBFC_PHYS_s17_T3_ctrl,102,168,107.6,0.9228089451789856,-0.09948425405693177
UBFC_PHYS_s17_T3_ctrl,102,169,107.63333333333334,0.9771459102630615,-0.12748067902404356
UBFC_PHYS_s17_T3_ctrl,102,170,107.66666666666667,1.0832797288894653,-0.09951311571209324
UBFC_PHYS_s17_T3_ctrl,102,171,107.7,1.11616051197052,-0.012010078212853924
UBFC_PHYS_s17_T3_ctrl,102,172,107.73333333333333,1.032583236694336,0.1249036026421139
UBFC_PHYS_s17_T3_ctrl,102,173,107.76666666666667,0.9215564727783203,0.28871134379067986
UBFC_PHYS_s17_T3_ctrl,102,174,107.8,0.8561577796936035,0.44926574027133387
UBFC_PHYS_s17_T3_ctrl,102,175,107.83333333333333,0.7332850694656372,0.5755687323190886
UBFC_PHYS_s17_T3_ctrl,102,176,107.86666666666666,0.2726030647754669,0.6428642300973495
UBFC_PHYS_s17_T3_ctrl,102,177,107.9,-0.6705683469772339,0.6383379165591179
UBFC_PHYS_s17_T3_ctrl,102,178,107.93333333333334,-1.7723376750946045,0.5636553024787987
UBFC_PHYS_s17_T3_ctrl,102,179,107.96666666666667,-2.5242292881011963,0.43323752319216796
UBFC_PHYS_s17_T3_ctrl,102,180,108.0,-2.7567708492279053,0.2689941592889436
UBFC_PHYS_s17_T3_ctrl,102,181,108.03333333333333,-2.5439531803131104,0.09384936186097567
UBFC_PHYS_s17_T3_ctrl,102,182,108.06666666666666,-1.9665788412094116,-0.07355525542787039
UBFC_PHYS_s17_T3_ctrl,102,183,108.1,-1.1993881464004517,-0.2217082650229663
UBFC_PHYS_s17_T3_ctrl,102,184,108.13333333333334,-0.4712703227996826,-0.3465197022799056
UBFC_PHYS_s17_T3_ctrl,102,185,108.16666666666667,0.20050881803035736,-0.4496988541035267
UBFC_PHYS_s17_T3_ctrl,102,186,108.2,0.8744885921478271,-0.5361919868922063
UBFC_PHYS_s17_T3_ctrl,102,187,108.23333333333333,1.3760696649551392,-0.6116583738562545
UBFC_PHYS_s17_T3_ctrl,102,188,108.26666666666667,1.4608643054962158,-0.6807128962726597
UBFC_PHYS_s17_T3_ctrl,102,189,108.3,1.235416293144226,-0.7461360783994263
UBFC_PHYS_s17_T3_ctrl,102,190,108.33333333333333,1.0100033283233643,-0.808592226002029
UBFC_PHYS_s17_T3_ctrl,102,191,108.36666666666666,0.8363988995552063,-0.8661185366143753
UBFC_PHYS_s17_T3_ctrl,102,192,108.4,0.5487126111984253,-0.9130853765645633
UBFC_PHYS_s17_T3_ctrl,102,193,108.43333333333334,0.1630277782678604,-0.9391336278501053
UBFC_PHYS_s17_T3_ctrl,102,194,108.46666666666667,-0.09490310400724411,-0.9291520146820312
UBFC_PHYS_s17_T3_ctrl,102,195,108.5,-0.18167604506015778,-0.8652917366656427
UBFC_PHYS_s17_T3_ctrl,102,196,108.53333333333333,-0.3340349495410919,-0.7312878412735015
UBFC_PHYS_s17_T3_ctrl,102,197,108.56666666666666,-0.6736234426498413,-0.5182434541701207
UBFC_PHYS_s17_T3_ctrl,102,198,108.6,-1.091475009918213,-0.2300096896191394
UBFC_PHYS_s17_T3_ctrl,102,199,108.63333333333334,-1.5066460371017456,0.1141485821774025
UBFC_PHYS_s17_T3_ctrl,102,200,108.66666666666667,-1.9238654375076294,0.48138019981537955
UBFC_PHYS_s17_T3_ctrl,102,201,108.7,-2.268756628036499,0.8316790952758871
UBFC_PHYS_s17_T3_ctrl,102,202,108.73333333333333,-2.384699583053589,1.1267873425103532
UBFC_PHYS_s17_T3_ctrl,102,203,108.76666666666667,-2.1849100589752197,1.338149326995148
UBFC_PHYS_s17_T3_ctrl,102,204,108.8,-1.7648344039916992,1.451217571091813
UBFC_PHYS_s17_T3_ctrl,102,205,108.83333333333333,-1.3255383968353271,1.465423160029864
UBFC_PHYS_s17_T3_ctrl,102,206,108.86666666666666,-0.98844313621521,1.3909785106605423
UBFC_PHYS_s17_T3_ctrl,102,207,108.9,-0.7230324149131775,1.2444801161276633
UBFC_PHYS_s17_T3_ctrl,102,208,108.93333333333334,-0.4637671113014221,1.04491644286071
UBFC_PHYS_s17_T3_ctrl,102,209,108.96666666666667,-0.21886444091796875,0.8107766554161484
UBFC_PHYS_s17_T3_ctrl,102,210,109.0,-0.0185597762465477,0.5582684208700429
UBFC_PHYS_s17_T3_ctrl,102,211,109.03333333333333,0.14089266955852509,0.3005243504788203
UBFC_PHYS_s17_T3_ctrl,102,212,109.06666666666666,0.25876712799072266,0.04789765087295762
UBFC_PHYS_s17_T3_ctrl,102,213,109.1,0.31845352053642273,-0.19061700880225324
UBFC_PHYS_s17_T3_ctrl,102,214,109.13333333333334,0.3379783034324646,-0.40546710217230625
UBFC_PHYS_s17_T3_ctrl,102,215,109.16666666666667,0.34788116812705994,-0.5854157508847208
UBFC_PHYS_s17_T3_ctrl,102,216,109.2,0.3329215347766876,-0.7183696677934834
UBFC_PHYS_s17_T3_ctrl,102,217,109.23333333333333,0.26953619718551636,-0.7943635617534062
UBFC_PHYS_s17_T3_ctrl,102,218,109.26666666666667,0.17969642579555511,-0.8096211105410938
UBFC_PHYS_s17_T3_ctrl,102,219,109.3,0.09019610285758972,-0.7697867572551498
UBFC_PHYS_s17_T3_ctrl,102,220,109.33333333333333,-0.02166173607110977,-0.6905675461653803
UBFC_PHYS_s17_T3_ctrl,102,221,109.36666666666666,-0.16213954985141754,-0.5949660670041369
UBFC_PHYS_s17_T3_ctrl,102,222,109.4,-0.23329733312129974,-0.5075207704969745
UBFC_PHYS_s17_T3_ctrl,102,223,109.43333333333334,-0.12927047908306122,-0.4471090359176945
UBFC_PHYS_s17_T3_ctrl,102,224,109.46666666666667,0.08923625200986862,-0.4206071879883749
UBFC_PHYS_s17_T3_ctrl,102,225,109.5,0.2704492509365082,-0.41975972066582523
UBFC_PHYS_s17_T3_ctrl,102,226,109.53333333333333,0.3690096139907837,-0.42283201951621563
UBFC_PHYS_s17_T3_ctrl,102,227,109.56666666666666,0.420221209526062,-0.40109351088600126
UBFC_PHYS_s17_T3_ctrl,102,228,109.6,0.42102891206741333,-0.3283346613989293
UBFC_PHYS_s17_T3_ctrl,102,229,109.63333333333334,0.3885578215122223,-0.19024689040703022
UBFC_PHYS_s17_T3_ctrl,102,230,109.66666666666667,0.3748038411140442,0.009675690449810316
UBFC_PHYS_s17_T3_ctrl,102,231,109.7,0.393638014793396,0.2497683576424674
UBFC_PHYS_s17_T3_ctrl,102,232,109.73333333333333,0.4089254140853882,0.49517881006945313
UBFC_PHYS_s17_T3_ctrl,102,233,109.76666666666667,0.3870712220668793,0.706120313312674
UBFC_PHYS_s17_T3_ctrl,102,234,109.8,0.33099013566970825,0.8467470321567269
UBFC_PHYS_s17_T3_ctrl,102,235,109.83333333333333,0.2643623650074005,0.8924852486263831
UBFC_PHYS_s17_T3_ctrl,102,236,109.86666666666666,0.19572126865386963,0.8344452476418927
UBFC_PHYS_s17_T3_ctrl,102,237,109.9,0.11825421452522278,0.6803791839658416
UBFC_PHYS_s17_T3_ctrl,102,238,109.93333333333334,0.023299124091863632,0.4525077770007151
UBFC_PHYS_s17_T3_ctrl,102,239,109.96666666666667,-0.10025252401828766,0.18322279247468462
UBFC_PHYS_s17_T3_ctrl,103,0,103.0,0.30187854170799255,0.11506474155377105
UBFC_PHYS_s17_T3_ctrl,103,1,103.03333333333333,0.32957375049591064,0.12599266020474537
UBFC_PHYS_s17_T3_ctrl,103,2,103.06666666666666,0.3277477025985718,0.11077966152638105
UBFC_PHYS_s17_T3_ctrl,103,3,103.1,0.2833369970321655,0.0544896315410708
UBFC_PHYS_s17_T3_ctrl,103,4,103.13333333333334,0.20441846549510956,-0.04447104397787289
UBFC_PHYS_s17_T3_ctrl,103,5,103.16666666666667,0.12594473361968994,-0.17393924442076864
UBFC_PHYS_s17_T3_ctrl,103,6,103.2,0.06522825360298157,-0.3126190504816022
UBFC_PHYS_s17_T3_ctrl,103,7,103.23333333333333,-0.0021135357674211264,-0.4379258456958695
UBFC_PHYS_s17_T3_ctrl,103,8,103.26666666666667,-0.11620713025331497,-0.5337582330623913
UBFC_PHYS_s17_T3_ctrl,103,9,103.3,-0.23133081197738647,-0.594947951212671
UBFC_PHYS_s17_T3_ctrl,103,10,103.33333333333333,-0.18308070302009583,-0.6270089050881164
UBFC_PHYS_s17_T3_ctrl,103,11,103.36666666666666,0.12018562108278275,-0.6421437226678247
UBFC_PHYS_s17_T3_ctrl,103,12,103.4,0.5350522398948669,-0.6536958509052038
UBFC_PHYS_s17_T3_ctrl,103,13,103.43333333333334,0.7954646944999695,-0.6710899587144847
UBFC_PHYS_s17_T3_ctrl,103,14,103.46666666666667,0.7557947635650635,-0.6964073751665931
UBFC_PHYS_s17_T3_ctrl,103,15,103.5,0.5232882499694824,-0.7228754860499447
UBFC_PHYS_s17_T3_ctrl,103,16,103.53333333333333,0.36216190457344055,-0.7352114616716148
UBFC_PHYS_s17_T3_ctrl,103,17,103.56666666666666,0.4322661757469177,-0.7118920675346793
UBFC_PHYS_s17_T3_ctrl,103,18,103.6,0.7056132555007935,-0.6295764304302416
UBFC_PHYS_s17_T3_ctrl,103,19,103.63333333333334,1.0558888912200928,-0.4695846039955257
UBFC_PHYS_s17_T3_ctrl,103,20,103.66666666666667,1.3320218324661255,-0.22537030800511265
UBFC_PHYS_s17_T3_ctrl,103,21,103.7,1.4269417524337769,0.09123176046608247
UBFC_PHYS_s17_T3_ctrl,103,22,103.73333333333333,1.3146157264709473,0.4477849674520196
UBFC_PHYS_s17_T3_ctrl,103,23,103.76666666666667,1.0266953706741333,0.7952111306791776
UBFC_PHYS_s17_T3_ctrl,103,24,103.8,0.6542377471923828,1.078066440996209
UBFC_PHYS_s17_T3_ctrl,103,25,103.83333333333333,0.3110673427581787,1.2484832562432477
UBFC_PHYS_s17_T3_ctrl,103,26,103.86666666666666,0.06124838441610336,1.2789073623068656
UBFC_PHYS_s17_T3_ctrl,103,27,103.9,-0.09564054757356644,1.1687969704062753
UBFC_PHYS_s17_T3_ctrl,103,28,103.93333333333334,-0.20128276944160461,0.9432205271006223
UBFC_PHYS_s17_T3_ctrl,103,29,103.96666666666667,-0.3012009859085083,0.6448570141076718
UBFC_PHYS_s17_T3_ctrl,103,30,104.0,-0.3846495747566223,0.322984523567626
UBFC_PHYS_s17_T3_ctrl,103,31,104.03333333333333,-0.35332563519477844,0.02317995959381625
UBFC_PHYS_s17_T3_ctrl,103,32,104.06666666666666,-0.1288490742444992,-0.21969588040524732
UBFC_PHYS_s17_T3_ctrl,103,33,104.1,0.21931956708431244,-0.3843844526776314
UBFC_PHYS_s17_T3_ctrl,103,34,104.13333333333334,0.49698594212532043,-0.46280310135685043
UBFC_PHYS_s17_T3_ctrl,103,35,104.16666666666667,0.5653110146522522,-0.4581007849882626
UBFC_PHYS_s17_T3_ctrl,103,36,104.2,0.4374634325504303,-0.3829119038434988
UBFC_PHYS_s17_T3_ctrl,103,37,104.23333333333333,0.2132209986448288,-0.25838643349061735
UBFC_PHYS_s17_T3_ctrl,103,38,104.26666666666667,-0.008024817332625389,-0.11298480323828913
UBFC_PHYS_s17_T3_ctrl,103,39,104.3,-0.17465274035930634,0.02076942124044721
UBFC_PHYS_s17_T3_ctrl,103,40,104.33333333333333,-0.2887229323387146,0.11251786583271828
UBFC_PHYS_s17_T3_ctrl,103,41,104.36666666666666,-0.3837014138698578,0.1420937113148297
UBFC_PHYS_s17_T3_ctrl,103,42,104.4,-0.5004990100860596,0.10615092781105613
UBFC_PHYS_s17_T3_ctrl,103,43,104.43333333333334,-0.6511605978012085,0.019915949110374698
UBFC_PHYS_s17_T3_ctrl,103,44,104.46666666666667,-0.818244993686676,-0.08739926424652289
UBFC_PHYS_s17_T3_ctrl,103,45,104.5,-0.9953259825706482,-0.1820578974154514
UBFC_PHYS_s17_T3_ctrl,103,46,104.53333333333333,-1.1782596111297607,-0.23668749059980496
UBFC_PHYS_s17_T3_ctrl,103,47,104.56666666666666,-1.354404091835022,-0.2387612813873648
UBFC_PHYS_s17_T3_ctrl,103,48,104.6,-1.5151207447052002,-0.1938173387498555
UBFC_PHYS_s17_T3_ctrl,103,49,104.63333333333334,-1.6064705848693848,-0.12246516524777429
UBFC_PHYS_s17_T3_ctrl,103,50,104.66666666666667,-1.5190889835357666,-0.05242173570327039
UBFC_PHYS_s17_T3_ctrl,103,51,104.7,-1.214979887008667,-0.00852394678704843
UBFC_PHYS_s17_T3_ctrl,103,52,104.73333333333333,-0.8016465902328491,-0.004270101229330614
UBFC_PHYS_s17_T3_ctrl,103,53,104.76666666666667,-0.4292241334915161,-0.03777560937025298
UBFC_PHYS_s17_T3_ctrl,103,54,104.8,-0.17707577347755432,-0.09333809104105288
UBFC_PHYS_s17_T3_ctrl,103,55,104.83333333333333,-0.051627837121486664,-0.14767898871288893
UBFC_PHYS_s17_T3_ctrl,103,56,104.86666666666666,-0.014638430438935757,-0.17816713538180104
UBFC_PHYS_s17_T3_ctrl,103,57,104.9,-0.002230590907856822,-0.16977970799405015
UBFC_PHYS_s17_T3_ctrl,103,58,104.93333333333334,0.019213901832699776,-0.11853112057925884
UBFC_PHYS_s17_T3_ctrl,103,59,104.96666666666667,0.04461485520005226,-0.03095407065570188
UBFC_PHYS_s17_T3_ctrl,103,60,105.0,0.07625484466552734,0.07911228259810271
UBFC_PHYS_s17_T3_ctrl,103,61,105.03333333333333,0.10094176232814789,0.19449726513591112
UBFC_PHYS_s17_T3_ctrl,103,62,105.06666666666666,0.05676517263054848,0.2980195441837307
UBFC_PHYS_s17_T3_ctrl,103,63,105.1,-0.06315776705741882,0.37485429035004975
UBFC_PHYS_s17_T3_ctrl,103,64,105.13333333333334,-0.16444553434848785,0.4144637366442548
UBFC_PHYS_s17_T3_ctrl,103,65,105.16666666666667,-0.17307248711585999,0.4124462588514676
UBFC_PHYS_s17_T3_ctrl,103,66,105.2,-0.14922836422920227,0.371672713541132
UBFC_PHYS_s17_T3_ctrl,103,67,105.23333333333333,-0.30704203248023987,0.30151909014752637
UBFC_PHYS_s17_T3_ctrl,103,68,105.26666666666667,-0.8732258081436157,0.21479911494516019
UBFC_PHYS_s17_T3_ctrl,103,69,105.3,-1.6837503910064697,0.12345703468688504
UBFC_PHYS_s17_T3_ctrl,103,70,105.33333333333333,-2.1703834533691406,0.03493478107907119
UBFC_PHYS_s17_T3_ctrl,103,71,105.36666666666666,-2.0218639373779297,-0.049176775722298775
UBFC_PHYS_s17_T3_ctrl,103,72,105.4,-1.5177193880081177,-0.1317991936189552
UBFC_PHYS_s17_T3_ctrl,103,73,105.43333333333334,-1.0593316555023193,-0.21717502647485085
UBFC_PHYS_s17_T3_ctrl,103,74,105.46666666666667,-0.7529282569885254,-0.3071846485772464
UBFC_PHYS_s17_T3_ctrl,103,75,105.5,-0.5579496026039124,-0.39840085730642566
UBFC_PHYS_s17_T3_ctrl,103,76,105.53333333333333,-0.44804659485816956,-0.4807428771514394
UBFC_PHYS_s17_T3_ctrl,103,77,105.56666666666666,-0.33630579710006714,-0.5382281851902225
UBFC_PHYS_s17_T3_ctrl,103,78,105.6,-0.1381315439939499,-0.5519786942740856
UBFC_PHYS_s17_T3_ctrl,103,79,105.63333333333334,0.11976422369480133,-0.5051882895378137
UBFC_PHYS_s17_T3_ctrl,103,80,105.66666666666667,0.3664929270744324,-0.3891098279355648
UBFC_PHYS_s17_T3_ctrl,103,81,105.7,0.5845314264297485,-0.20839147404043626
UBFC_PHYS_s17_T3_ctrl,103,82,105.73333333333333,0.778292715549469,0.01636321482578747
UBFC_PHYS_s17_T3_ctrl,103,83,105.76666666666667,0.9150716066360474,0.25063523560093487
UBFC_PHYS_s17_T3_ctrl,103,84,105.8,0.9629471302032471,0.453122837822968
UBFC_PHYS_s17_T3_ctrl,103,85,105.83333333333333,0.9431648254394531,0.5863602983322058
UBFC_PHYS_s17_T3_ctrl,103,86,105.86666666666666,0.8806222677230835,0.6272303619564247
UBFC_PHYS_s17_T3_ctrl,103,87,105.9,0.7438902258872986,0.5732482969398355
UBFC_PHYS_s17_T3_ctrl,103,88,105.93333333333334,0.530042290687561,0.4421327436587646
UBFC_PHYS_s17_T3_ctrl,103,89,105.96666666666667,0.3769225478172302,0.265136373992993
UBFC_PHYS_s17_T3_ctrl,103,90,106.0,0.4367259740829468,0.07723984576832145
UBFC_PHYS_s17_T3_ctrl,103,91,106.03333333333333,0.6506558656692505,-0.0918020382041371
UBFC_PHYS_s17_T3_ctrl,103,92,106.06666666666666,0.8241900205612183,-0.22278358141718924
UBFC_PHYS_s17_T3_ctrl,103,93,106.1,0.8974547982215881,-0.30808757755516314
UBFC_PHYS_s17_T3_ctrl,103,94,106.13333333333334,0.9219544529914856,-0.3493832418729581
UBFC_PHYS_s17_T3_ctrl,103,95,106.16666666666667,0.9147789478302002,-0.35358521955165984
UBFC_PHYS_s17_T3_ctrl,103,96,106.2,0.87248694896698,-0.32867485975945643
UBFC_PHYS_s17_T3_ctrl,103,97,106.23333333333333,0.8302534818649292,-0.2806581289416665
UBFC_PHYS_s17_T3_ctrl,103,98,106.26666666666667,0.8059528470039368,-0.21249359162591117
UBFC_PHYS_s17_T3_ctrl,103,99,106.3,0.7704032063484192,-0.1252760351093762
UBFC_PHYS_s17_T3_ctrl,103,100,106.33333333333333,0.7221062779426575,-0.02122884072550966
UBFC_PHYS_s17_T3_ctrl,103,101,106.36666666666666,0.6728261113166809,0.0928420570183339
UBFC_PHYS_s17_T3_ctrl,103,102,106.4,0.5880430936813354,0.2036953254859767
UBFC_PHYS_s17_T3_ctrl,103,103,106.43333333333334,0.44651180505752563,0.29322915928523197
UBFC_PHYS_s17_T3_ctrl,103,104,106.46666666666667,0.29587361216545105,0.3437074257557068
UBFC_PHYS_s17_T3_ctrl,103,105,106.5,0.17563462257385254,0.34451259760365643
UBFC_PHYS_s17_T3_ctrl,103,106,106.53333333333333,0.055255163460969925,0.2967017079953087
UBFC_PHYS_s17_T3_ctrl,103,107,106.56666666666666,-0.11887598782777786,0.212602975563446
UBFC_PHYS_s17_T3_ctrl,103,108,106.6,-0.34475719928741455,0.1111945501597634
UBFC_PHYS_s17_T3_ctrl,103,109,106.63333333333334,-0.5205388069152832,0.012743717642977518
UBFC_PHYS_s17_T3_ctrl,103,110,106.66666666666667,-0.5192629098892212,-0.06459327972060216
UBFC_PHYS_s17_T3_ctrl,103,111,106.7,-0.34749627113342285,-0.1063538470362051
UBFC_PHYS_s17_T3_ctrl,103,112,106.73333333333333,-0.14257964491844177,-0.10353418063636863
UBFC_PHYS_s17_T3_ctrl,103,113,106.76666666666667,-0.002066713757812977,-0.05597575489391526
UBFC_PHYS_s17_T3_ctrl,103,114,106.8,0.07867788523435593,0.023657437573742054
UBFC_PHYS_s17_T3_ctrl,103,115,106.83333333333333,0.11371247470378876,0.10871512233017112
UBFC_PHYS_s17_T3_ctrl,103,116,106.86666666666666,0.11039981245994568,0.16368910531818281
UBFC_PHYS_s17_T3_ctrl,103,117,106.9,0.11569070816040039,0.1558991378396908
UBFC_PHYS_s17_T3_ctrl,103,118,106.93333333333334,0.17487375438213348,0.06901700420408555
UBFC_PHYS_s17_T3_ctrl,103,119,106.96666666666667,0.26182228326797485,-0.088710086975864
UBFC_PHYS_s17_T3_ctrl,103,120,107.0,0.3210170269012451,-0.28581379425116993
UBFC_PHYS_s17_T3_ctrl,103,121,107.03333333333333,0.3468979001045227,-0.477442108663207
UBFC_PHYS_s17_T3_ctrl,103,122,107.06666666666666,0.3611552119255066,-0.6189787654957927
UBFC_PHYS_s17_T3_ctrl,103,123,107.1,0.3442992866039276,-0.6781741442294684
UBFC_PHYS_s17_T3_ctrl,103,124,107.13333333333334,0.2732234299182892,-0.6421335798713825
UBFC_PHYS_s17_T3_ctrl,103,125,107.16666666666667,0.18441374599933624,-0.5180023542640094
UBFC_PHYS_s17_T3_ctrl,103,126,107.2,0.1333191990852356,-0.32841820603546956
UBFC_PHYS_s17_T3_ctrl,103,127,107.23333333333333,0.10384473204612732,-0.10423058164513457
UBFC_PHYS_s17_T3_ctrl,103,128,107.26666666666667,0.020208869129419327,0.12259534959161084
UBFC_PHYS_s17_T3_ctrl,103,129,107.3,-0.11660511791706085,0.32378722124096065
UBFC_PHYS_s17_T3_ctrl,103,130,107.33333333333333,-0.16558097302913666,0.47694695139855503
UBFC_PHYS_s17_T3_ctrl,103,131,107.36666666666666,-0.007006438449025154,0.5662798604264939
UBFC_PHYS_s17_T3_ctrl,103,132,107.4,0.28955262899398804,0.5832912973478127
UBFC_PHYS_s17_T3_ctrl,103,133,107.43333333333334,0.5589432120323181,0.5280185692711712
UBFC_PHYS_s17_T3_ctrl,103,134,107.46666666666667,0.7486661076545715,0.4102571763624795
UBFC_PHYS_s17_T3_ctrl,103,135,107.5,0.8935920000076294,0.2496245153772254
UBFC_PHYS_s17_T3_ctrl,103,136,107.53333333333333,0.9692564010620117,0.07353265641474081
UBFC_PHYS_s17_T3_ctrl,103,137,107.56666666666666,0.9520961046218872,-0.08698240846849604
UBFC_PHYS_s17_T3_ctrl,103,138,107.6,0.9228089451789856,-0.20266041401205542
UBFC_PHYS_s17_T3_ctrl,103,139,107.63333333333334,0.9771459102630615,-0.2512776745534622
UBFC_PHYS_s17_T3_ctrl,103,140,107.66666666666667,1.0832797288894653,-0.22166972903775653
UBFC_PHYS_s17_T3_ctrl,103,141,107.7,1.11616051197052,-0.11591931967615593
UBFC_PHYS_s17_T3_ctrl,103,142,107.73333333333333,1.032583236694336,0.050620262503131376
UBFC_PHYS_s17_T3_ctrl,103,143,107.76666666666667,0.9215564727783203,0.2515514868685326
UBFC_PHYS_s17_T3_ctrl,103,144,107.8,0.8561577796936035,0.4535386837768561
UBFC_PHYS_s17_T3_ctrl,103,145,107.83333333333333,0.7332850694656372,0.6216892285302033
UBFC_PHYS_s17_T3_ctrl,103,146,107.86666666666666,0.2726030647754669,0.7257688677107161
UBFC_PHYS_s17_T3_ctrl,103,147,107.9,-0.6705683469772339,0.7464950949019015
UBFC_PHYS_s17_T3_ctrl,103,148,107.93333333333334,-1.7723376750946045,0.6800270841350922
UBFC_PHYS_s17_T3_ctrl,103,149,107.96666666666667,-2.5242292881011963,0.5384083485326087
UBFC_PHYS_s17_T3_ctrl,103,150,108.0,-2.7567708492279053,0.34533846244982525
UBFC_PHYS_s17_T3_ctrl,103,151,108.03333333333333,-2.5439531803131104,0.12895910790420448
UBFC_PHYS_s17_T3_ctrl,103,152,108.06666666666666,-1.9665788412094116,-0.08553566402025399
UBFC_PHYS_s17_T3_ctrl,103,153,108.1,-1.1993881464004517,-0.28099978614163995
UBFC_PHYS_s17_T3_ctrl,103,154,108.13333333333334,-0.4712703227996826,-0.4498638162234237
UBFC_PHYS_s17_T3_ctrl,103,155,108.16666666666667,0.20050881803035736,-0.5922751940723469
UBFC_PHYS_s17_T3_ctrl,103,156,108.2,0.8744885921478271,-0.7122917210907118
UBFC_PHYS_s17_T3_ctrl,103,157,108.23333333333333,1.3760696649551392,-0.814114215352759
UBFC_PHYS_s17_T3_ctrl,103,158,108.26666666666667,1.4608643054962158,-0.8999231460029359
UBFC_PHYS_s17_T3_ctrl,103,159,108.3,1.235416293144226,-0.9697168933434211
UBFC_PHYS_s17_T3_ctrl,103,160,108.33333333333333,1.0100033283233643,-1.0222576414182463
UBFC_PHYS_s17_T3_ctrl,103,161,108.36666666666666,0.8363988995552063,-1.0556406963311165
UBFC_PHYS_s17_T3_ctrl,103,162,108.4,0.5487126111984253,-1.066547077416254
UBFC_PHYS_s17_T3_ctrl,103,163,108.43333333333334,0.1630277782678604,-1.0484926405654518
UBFC_PHYS_s17_T3_ctrl,103,164,108.46666666666667,-0.09490310400724411,-0.9904932216507406
UBFC_PHYS_s17_T3_ctrl,103,165,108.5,-0.18167604506015778,-0.8778141303229657
UBFC_PHYS_s17_T3_ctrl,103,166,108.53333333333333,-0.3340349495410919,-0.6956372383137739
UBFC_PHYS_s17_T3_ctrl,103,167,108.56666666666666,-0.6736234426498413,-0.43499246966436883
UBFC_PHYS_s17_T3_ctrl,103,168,108.6,-1.091475009918213,-0.09891430653467886
UBFC_PHYS_s17_T3_ctrl,103,169,108.63333333333334,-1.5066460371017456,0.2938705954271082
UBFC_PHYS_s17_T3_ctrl,103,170,108.66666666666667,-1.9238654375076294,0.7099262264449343
UBFC_PHYS_s17_T3_ctrl,103,171,108.7,-2.268756628036499,1.1071908994521595
UBFC_PHYS_s17_T3_ctrl,103,172,108.73333333333333,-2.384699583053589,1.4441565062360298
UBFC_PHYS_s17_T3_ctrl,103,173,108.76666666666667,-2.1849100589752197,1.6886071262709959
UBFC_PHYS_s17_T3_ctrl,103,174,108.8,-1.7648344039916992,1.822871930750763
UBFC_PHYS_s17_T3_ctrl,103,175,108.83333333333333,-1.3255383968353271,1.8444550516827831
UBFC_PHYS_s17_T3_ctrl,103,176,108.86666666666666,-0.98844313621521,1.7628799174439447
UBFC_PHYS_s17_T3_ctrl,103,177,108.9,-0.7230324149131775,1.594746270121619
UBFC_PHYS_s17_T3_ctrl,103,178,108.93333333333334,-0.4637671113014221,1.3590792893427595
UBFC_PHYS_s17_T3_ctrl,103,179,108.96666666666667,-0.21886444091796875,1.074310531932261
UBFC_PHYS_s17_T3_ctrl,103,180,109.0,-0.0185597762465477,0.7572050851398121
UBFC_PHYS_s17_T3_ctrl,103,181,109.03333333333333,0.14089266955852509,0.4232510437628431
UBFC_PHYS_s17_T3_ctrl,103,182,109.06666666666666,0.25876712799072266,0.08769618395692338
UBFC_PHYS_s17_T3_ctrl,103,183,109.1,0.31845352053642273,-0.2336065624693139
UBFC_PHYS_s17_T3_ctrl,103,184,109.13333333333334,0.3379783034324646,-0.52428770800144
UBFC_PHYS_s17_T3_ctrl,103,185,109.16666666666667,0.34788116812705994,-0.768881603965866
UBFC_PHYS_s17_T3_ctrl,103,186,109.2,0.3329215347766876,-0.9553192935705488
UBFC_PHYS_s17_T3_ctrl,103,187,109.23333333333333,0.26953619718551636,-1.0776527828845366
UBFC_PHYS_s17_T3_ctrl,103,188,109.26666666666667,0.17969642579555511,-1.1380245097849435
UBFC_PHYS_s17_T3_ctrl,103,189,109.3,0.09019610285758972,-1.1470511543223887
UBFC_PHYS_s17_T3_ctrl,103,190,109.33333333333333,-0.02166173607110977,-1.1220579779330486
UBFC_PHYS_s17_T3_ctrl,103,191,109.36666666666666,-0.16213954985141754,-1.0831735078461455
UBFC_PHYS_s17_T3_ctrl,103,192,109.4,-0.23329733312129974,-1.048201102506348
UBFC_PHYS_s17_T3_ctrl,103,193,109.43333333333334,-0.12927047908306122,-1.0277852134775132
UBFC_PHYS_s17_T3_ctrl,103,194,109.46666666666667,0.08923625200986862,-1.0221758982918878
UBFC_PHYS_s17_T3_ctrl,103,195,109.5,0.2704492509365082,-1.020245766441384
UBFC_PHYS_s17_T3_ctrl,103,196,109.53333333333333,0.3690096139907837,-1.000940505392942
UBFC_PHYS_s17_T3_ctrl,103,197,109.56666666666666,0.420221209526062,-0.9371596506207314
UBFC_PHYS_s17_T3_ctrl,103,198,109.6,0.42102891206741333,-0.8018990626442828
UBFC_PHYS_s17_T3_ctrl,103,199,109.63333333333334,0.3885578215122223,-0.5759808971865551
UBFC_PHYS_s17_T3_ctrl,103,200,109.66666666666667,0.3748038411140442,-0.25581221321381276
UBFC_PHYS_s17_T3_ctrl,103,201,109.7,0.393638014793396,0.14109327085817036
UBFC_PHYS_s17_T3_ctrl,103,202,109.73333333333333,0.4089254140853882,0.5750477619960976
UBFC_PHYS_s17_T3_ctrl,103,203,109.76666666666667,0.3870712220668793,0.9890084066603747
UBFC_PHYS_s17_T3_ctrl,103,204,109.8,0.33099013566970825,1.3193896356854793
UBFC_PHYS_s17_T3_ctrl,103,205,109.83333333333333,0.2643623650074005,1.5110661629843711
UBFC_PHYS_s17_T3_ctrl,103,206,109.86666666666666,0.19572126865386963,1.5326229570336372
UBFC_PHYS_s17_T3_ctrl,103,207,109.9,0.11825421452522278,1.3867743715407017
UBFC_PHYS_s17_T3_ctrl,103,208,109.93333333333334,0.023299124091863632,1.1118225993158943
UBFC_PHYS_s17_T3_ctrl,103,209,109.96666666666667,-0.10025252401828766,0.7728811704485544
UBFC_PHYS_s17_T3_ctrl,103,210,110.0,-0.23259499669075012,0.44518894704532813
UBFC_PHYS_s17_T3_ctrl,103,211,110.03333333333333,-0.2768184244632721,0.19460021580333398
UBFC_PHYS_s17_T3_ctrl,103,212,110.06666666666666,-0.16369637846946716,0.0610953772526095
UBFC_PHYS_s17_T3_ctrl,103,213,110.1,0.03383408114314079,0.04989254427826465
UBFC_PHYS_s17_T3_ctrl,103,214,110.13333333333334,0.18964610993862152,0.13223604376195197
UBFC_PHYS_s17_T3_ctrl,103,215,110.16666666666667,0.2700980603694916,0.25525801038735463
UBFC_PHYS_s17_T3_ctrl,103,216,110.2,0.3001929223537445,0.3581374149085536
UBFC_PHYS_s17_T3_ctrl,103,217,110.23333333333333,0.2888971269130707,0.38998783277062116
UBFC_PHYS_s17_T3_ctrl,103,218,110.26666666666667,0.25677719712257385,0.3237498987062817
UBFC_PHYS_s17_T3_ctrl,103,219,110.3,0.24625395238399506,0.16143517682112393
UBFC_PHYS_s17_T3_ctrl,103,220,110.33333333333333,0.2699810266494751,-0.0700718902600217
UBFC_PHYS_s17_T3_ctrl,103,221,110.36666666666666,0.29950231313705444,-0.3293307425925002
UBFC_PHYS_s17_T3_ctrl,103,222,110.4,0.2915191650390625,-0.5719106664937588
UBFC_PHYS_s17_T3_ctrl,103,223,110.43333333333334,0.23110702633857727,-0.7595561365625304
UBFC_PHYS_s17_T3_ctrl,103,224,110.46666666666667,0.14688588678836823,-0.8657409010170689
UBFC_PHYS_s17_T3_ctrl,103,225,110.5,0.07274319231510162,-0.8782746429073072
UBFC_PHYS_s17_T3_ctrl,103,226,110.53333333333333,0.027477990835905075,-0.799958568056559
UBFC_PHYS_s17_T3_ctrl,103,227,110.56666666666666,0.007145521696656942,-0.6475737159765769
UBFC_PHYS_s17_T3_ctrl,103,228,110.6,-0.024529585614800453,-0.4488531746992808
UBFC_PHYS_s17_T3_ctrl,103,229,110.63333333333334,-0.08581963181495667,-0.2372214507219734
UBFC_PHYS_s17_T3_ctrl,103,230,110.66666666666667,-0.10758017003536224,-0.04497151964913877
UBFC_PHYS_s17_T3_ctrl,103,231,110.7,0.010902989655733109,0.10347727328254455
UBFC_PHYS_s17_T3_ctrl,103,232,110.73333333333333,0.28659114241600037,0.19627428149575163
UBFC_PHYS_s17_T3_ctrl,103,233,110.76666666666667,0.633706271648407,0.23532069225094687
UBFC_PHYS_s17_T3_ctrl,103,234,110.8,0.9526931047439575,0.2335664848159375
UBFC_PHYS_s17_T3_ctrl,103,235,110.83333333333333,1.2099334001541138,0.20935501895444625
UBFC_PHYS_s17_T3_ctrl,103,236,110.86666666666666,1.4098751544952393,0.17980384193425725
UBFC_PHYS_s17_T3_ctrl,103,237,110.9,1.5786100625991821,0.1555087698627187
UBFC_PHYS_s17_T3_ctrl,103,238,110.93333333333334,1.7806237936019897,0.13821152595281097
UBFC_PHYS_s17_T3_ctrl,103,239,110.96666666666667,2.078622579574585,0.12187220112096266
UBFC_PHYS_s17_T3_ctrl,104,0,104.0,-0.3846495747566223,-0.08684623870620488
UBFC_PHYS_s17_T3_ctrl,104,1,104.03333333333333,-0.35332563519477844,0.08185063010356487
UBFC_PHYS_s17_T3_ctrl,104,2,104.06666666666666,-0.1288490742444992,0.22351178387000661
UBFC_PHYS_s17_T3_ctrl,104,3,104.1,0.21931956708431244,0.3174750873073366
UBFC_PHYS_s17_T3_ctrl,104,4,104.13333333333334,0.49698594212532043,0.35456321930669193
UBFC_PHYS_s17_T3_ctrl,104,5,104.16666666666667,0.5653110146522522,0.33879896934787973
UBFC_PHYS_s17_T3_ctrl,104,6,104.2,0.4374634325504303,0.2849786812416398
UBFC_PHYS_s17_T3_ctrl,104,7,104.23333333333333,0.2132209986448288,0.21287292192887267
UBFC_PHYS_s17_T3_ctrl,104,8,104.26666666666667,-0.008024817332625389,0.14022028416874485
UBFC_PHYS_s17_T3_ctrl,104,9,104.3,-0.17465274035930634,0.07723875344097832
UBFC_PHYS_s17_T3_ctrl,104,10,104.33333333333333,-0.2887229323387146,0.025018805287804008
UBFC_PHYS_s17_T3_ctrl,104,11,104.36666666666666,-0.3837014138698578,-0.021442670973031527
UBFC_PHYS_s17_T3_ctrl,104,12,104.4,-0.5004990100860596,-0.06729735259836045
UBFC_PHYS_s17_T3_ctrl,104,13,104.43333333333334,-0.6511605978012085,-0.11233547045628962
UBFC_PHYS_s17_T3_ctrl,104,14,104.46666666666667,-0.818244993686676,-0.1487038253285957
UBFC_PHYS_s17_T3_ctrl,104,15,104.5,-0.9953259825706482,-0.16279315370466121
UBFC_PHYS_s17_T3_ctrl,104,16,104.53333333333333,-1.1782596111297607,-0.14055301277862606
UBFC_PHYS_s17_T3_ctrl,104,17,104.56666666666666,-1.354404091835022,-0.07430026749013555
UBFC_PHYS_s17_T3_ctrl,104,18,104.6,-1.5151207447052002,0.031695511498661
UBFC_PHYS_s17_T3_ctrl,104,19,104.63333333333334,-1.6064705848693848,0.15952544039098587
UBFC_PHYS_s17_T3_ctrl,104,20,104.66666666666667,-1.5190889835357666,0.2812869820745585
UBFC_PHYS_s17_T3_ctrl,104,21,104.7,-1.214979887008667,0.36732273719292297
UBFC_PHYS_s17_T3_ctrl,104,22,104.73333333333333,-0.8016465902328491,0.3960896414803304
UBFC_PHYS_s17_T3_ctrl,104,23,104.76666666666667,-0.4292241334915161,0.3616489239017207
UBFC_PHYS_s17_T3_ctrl,104,24,104.8,-0.17707577347755432,0.2756523163848216
UBFC_PHYS_s17_T3_ctrl,104,25,104.83333333333333,-0.051627837121486664,0.16309432758404788
UBFC_PHYS_s17_T3_ctrl,104,26,104.86666666666666,-0.014638430438935757,0.053788464833828854
UBFC_PHYS_s17_T3_ctrl,104,27,104.9,-0.002230590907856822,-0.026865586384026016
UBFC_PHYS_s17_T3_ctrl,104,28,104.93333333333334,0.019213901832699776,-0.06448469931821128
UBFC_PHYS_s17_T3_ctrl,104,29,104.96666666666667,0.04461485520005226,-0.05797751676937553
UBFC_PHYS_s17_T3_ctrl,104,30,105.0,0.07625484466552734,-0.01778096443702964
UBFC_PHYS_s17_T3_ctrl,104,31,105.03333333333333,0.10094176232814789,0.038322005447817345
UBFC_PHYS_s17_T3_ctrl,104,32,105.06666666666666,0.05676517263054848,0.09000394196035164
UBFC_PHYS_s17_T3_ctrl,104,33,105.1,-0.06315776705741882,0.11874404363020874
UBFC_PHYS_s17_T3_ctrl,104,34,105.13333333333334,-0.16444553434848785,0.1115385146472246
UBFC_PHYS_s17_T3_ctrl,104,35,105.16666666666667,-0.17307248711585999,0.06392320196154626
UBFC_PHYS_s17_T3_ctrl,104,36,105.2,-0.14922836422920227,-0.01846261097271419
UBFC_PHYS_s17_T3_ctrl,104,37,105.23333333333333,-0.30704203248023987,-0.12096020398693605
UBFC_PHYS_s17_T3_ctrl,104,38,105.26666666666667,-0.8732258081436157,-0.22393274788291892
UBFC_PHYS_s17_T3_ctrl,104,39,105.3,-1.6837503910064697,-0.30851704178583
UBFC_PHYS_s17_T3_ctrl,104,40,105.33333333333333,-2.1703834533691406,-0.3618640672781773
UBFC_PHYS_s17_T3_ctrl,104,41,105.36666666666666,-2.0218639373779297,-0.37991111385430015
UBFC_PHYS_s17_T3_ctrl,104,42,105.4,-1.5177193880081177,-0.36703341657634503
UBFC_PHYS_s17_T3_ctrl,104,43,105.43333333333334,-1.0593316555023193,-0.3332766419355834
UBFC_PHYS_s17_T3_ctrl,104,44,105.46666666666667,-0.7529282569885254,-0.2904341323104929
UBFC_PHYS_s17_T3_ctrl,104,45,105.5,-0.5579496026039124,-0.24817719641941743
UBFC_PHYS_s17_T3_ctrl,104,46,105.53333333333333,-0.44804659485816956,-0.2112679669855897
UBFC_PHYS_s17_T3_ctrl,104,47,105.56666666666666,-0.33630579710006714,-0.17860946183382986
UBFC_PHYS_s17_T3_ctrl,104,48,105.6,-0.1381315439939499,-0.1443812438394943
UBFC_PHYS_s17_T3_ctrl,104,49,105.63333333333334,0.11976422369480133,-0.10088097862946067
UBFC_PHYS_s17_T3_ctrl,104,50,105.66666666666667,0.3664929270744324,-0.042152457757299935
UBFC_PHYS_s17_T3_ctrl,104,51,105.7,0.5845314264297485,0.03284327638713345
UBFC_PHYS_s17_T3_ctrl,104,52,105.73333333333333,0.778292715549469,0.11875322479874208
UBFC_PHYS_s17_T3_ctrl,104,53,105.76666666666667,0.9150716066360474,0.2048167303151792
UBFC_PHYS_s17_T3_ctrl,104,54,105.8,0.9629471302032471,0.27812410937541693
UBFC_PHYS_s17_T3_ctrl,104,55,105.83333333333333,0.9431648254394531,0.327855956256715
UBFC_PHYS_s17_T3_ctrl,104,56,105.86666666666666,0.8806222677230835,0.3484938312641577
UBFC_PHYS_s17_T3_ctrl,104,57,105.9,0.7438902258872986,0.3402981974941026
UBFC_PHYS_s17_T3_ctrl,104,58,105.93333333333334,0.530042290687561,0.30683223409274973
UBFC_PHYS_s17_T3_ctrl,104,59,105.96666666666667,0.3769225478172302,0.251248598807029
UBFC_PHYS_s17_T3_ctrl,104,60,106.0,0.4367259740829468,0.1741875725310688
UBFC_PHYS_s17_T3_ctrl,104,61,106.03333333333333,0.6506558656692505,0.07523208654019375
UBFC_PHYS_s17_T3_ctrl,104,62,106.06666666666666,0.8241900205612183,-0.04289830670673299
UBFC_PHYS_s17_T3_ctrl,104,63,106.1,0.8974547982215881,-0.17043661971053395
UBFC_PHYS_s17_T3_ctrl,104,64,106.13333333333334,0.9219544529914856,-0.289601567080249
UBFC_PHYS_s17_T3_ctrl,104,65,106.16666666666667,0.9147789478302002,-0.37721792329597276
UBFC_PHYS_s17_T3_ctrl,104,66,106.2,0.87248694896698,-0.4098514282938433
UBFC_PHYS_s17_T3_ctrl,104,67,106.23333333333333,0.8302534818649292,-0.369737371355239
UBFC_PHYS_s17_T3_ctrl,104,68,106.26666666666667,0.8059528470039368,-0.249998847742034
UBFC_PHYS_s17_T3_ctrl,104,69,106.3,0.7704032063484192,-0.058181749873213916
UBFC_PHYS_s17_T3_ctrl,104,70,106.33333333333333,0.7221062779426575,0.18253260063016635
UBFC_PHYS_s17_T3_ctrl,104,71,106.36666666666666,0.6728261113166809,0.43508546425986006
UBFC_PHYS_s17_T3_ctrl,104,72,106.4,0.5880430936813354,0.6539367948872904
UBFC_PHYS_s17_T3_ctrl,104,73,106.43333333333334,0.44651180505752563,0.7940927917316393
UBFC_PHYS_s17_T3_ctrl,104,74,106.46666666666667,0.29587361216545105,0.8221209536645613
UBFC_PHYS_s17_T3_ctrl,104,75,106.5,0.17563462257385254,0.7257190617901857
UBFC_PHYS_s17_T3_ctrl,104,76,106.53333333333333,0.055255163460969925,0.5178767313677457
UBFC_PHYS_s17_T3_ctrl,104,77,106.56666666666666,-0.11887598782777786,0.23362857546964488
UBFC_PHYS_s17_T3_ctrl,104,78,106.6,-0.34475719928741455,-0.07873549456240787
UBFC_PHYS_s17_T3_ctrl,104,79,106.63333333333334,-0.5205388069152832,-0.36769310032869085
UBFC_PHYS_s17_T3_ctrl,104,80,106.66666666666667,-0.5192629098892212,-0.5867418334524347
UBFC_PHYS_s17_T3_ctrl,104,81,106.7,-0.34749627113342285,-0.7008905435722439
UBFC_PHYS_s17_T3_ctrl,104,82,106.73333333333333,-0.14257964491844177,-0.6928032003407929
UBFC_PHYS_s17_T3_ctrl,104,83,106.76666666666667,-0.002066713757812977,-0.5688021479486215
UBFC_PHYS_s17_T3_ctrl,104,84,106.8,0.07867788523435593,-0.3623031339885663
UBFC_PHYS_s17_T3_ctrl,104,85,106.83333333333333,0.11371247470378876,-0.13055194502172002
UBFC_PHYS_s17_T3_ctrl,104,86,106.86666666666666,0.11039981245994568,0.05815919850914938
UBFC_PHYS_s17_T3_ctrl,104,87,106.9,0.11569070816040039,0.14491456932239058
UBFC_PHYS_s17_T3_ctrl,104,88,106.93333333333334,0.17487375438213348,0.10057303152086039
UBFC_PHYS_s17_T3_ctrl,104,89,106.96666666666667,0.26182228326797485,-0.0634427316946366
UBFC_PHYS_s17_T3_ctrl,104,90,107.0,0.3210170269012451,-0.2989498272585358
UBFC_PHYS_s17_T3_ctrl,104,91,107.03333333333333,0.3468979001045227,-0.5370368456135514
UBFC_PHYS_s17_T3_ctrl,104,92,107.06666666666666,0.3611552119255066,-0.7092131056862518
UBFC_PHYS_s17_T3_ctrl,104,93,107.1,0.3442992866039276,-0.765975603001042
UBFC_PHYS_s17_T3_ctrl,104,94,107.13333333333334,0.2732234299182892,-0.6875232963508532
UBFC_PHYS_s17_T3_ctrl,104,95,107.16666666666667,0.18441374599933624,-0.4850386475524737
UBFC_PHYS_s17_T3_ctrl,104,96,107.2,0.1333191990852356,-0.19423586512502355
UBFC_PHYS_s17_T3_ctrl,104,97,107.23333333333333,0.10384473204612732,0.13533744548818677
UBFC_PHYS_s17_T3_ctrl,104,98,107.26666666666667,0.020208869129419327,0.45167645979694243
UBFC_PHYS_s17_T3_ctrl,104,99,107.3,-0.11660511791706085,0.7097935675352626
UBFC_PHYS_s17_T3_ctrl,104,100,107.33333333333333,-0.16558097302913666,0.8779452096349855
UBFC_PHYS_s17_T3_ctrl,104,101,107.36666666666666,-0.007006438449025154,0.9403522413040339
UBFC_PHYS_s17_T3_ctrl,104,102,107.4,0.28955262899398804,0.896981767230938
UBFC_PHYS_s17_T3_ctrl,104,103,107.43333333333334,0.5589432120323181,0.7613909374121755
UBFC_PHYS_s17_T3_ctrl,104,104,107.46666666666667,0.7486661076545715,0.5576105114579997
UBFC_PHYS_s17_T3_ctrl,104,105,107.5,0.8935920000076294,0.31667683104157085
UBFC_PHYS_s17_T3_ctrl,104,106,107.53333333333333,0.9692564010620117,0.0729521930242209
UBFC_PHYS_s17_T3_ctrl,104,107,107.56666666666666,0.9520961046218872,-0.13987384661180935
UBFC_PHYS_s17_T3_ctrl,104,108,107.6,0.9228089451789856,-0.29306185727470074
UBFC_PHYS_s17_T3_ctrl,104,109,107.63333333333334,0.9771459102630615,-0.3669307838813147
UBFC_PHYS_s17_T3_ctrl,104,110,107.66666666666667,1.0832797288894653,-0.3539901356270661
UBFC_PHYS_s17_T3_ctrl,104,111,107.7,1.11616051197052,-0.26025440227429236
UBFC_PHYS_s17_T3_ctrl,104,112,107.73333333333333,1.032583236694336,-0.10428310763189111
UBFC_PHYS_s17_T3_ctrl,104,113,107.76666666666667,0.9215564727783203,0.08588110981849413
UBFC_PHYS_s17_T3_ctrl,104,114,107.8,0.8561577796936035,0.27718293504087993
UBFC_PHYS_s17_T3_ctrl,104,115,107.83333333333333,0.7332850694656372,0.4366925406162367
UBFC_PHYS_s17_T3_ctrl,104,116,107.86666666666666,0.2726030647754669,0.5369994718355584
UBFC_PHYS_s17_T3_ctrl,104,117,107.9,-0.6705683469772339,0.5613094471150154
UBFC_PHYS_s17_T3_ctrl,104,118,107.93333333333334,-1.7723376750946045,0.5068141227051364
UBFC_PHYS_s17_T3_ctrl,104,119,107.96666666666667,-2.5242292881011963,0.38466756342486197
UBFC_PHYS_s17_T3_ctrl,104,120,108.0,-2.7567708492279053,0.21630723733238053
UBFC_PHYS_s17_T3_ctrl,104,121,108.03333333333333,-2.5439531803131104,0.02762866598534722
UBFC_PHYS_s17_T3_ctrl,104,122,108.06666666666666,-1.9665788412094116,-0.1569349724697897
UBFC_PHYS_s17_T3_ctrl,104,123,108.1,-1.1993881464004517,-0.31890173422777995
UBFC_PHYS_s17_T3_ctrl,104,124,108.13333333333334,-0.4712703227996826,-0.44800338825666985
UBFC_PHYS_s17_T3_ctrl,104,125,108.16666666666667,0.20050881803035736,-0.5421177750060421
UBFC_PHYS_s17_T3_ctrl,104,126,108.2,0.8744885921478271,-0.6054385685958286
UBFC_PHYS_s17_T3_ctrl,104,127,108.23333333333333,1.3760696649551392,-0.6459019745502931
UBFC_PHYS_s17_T3_ctrl,104,128,108.26666666666667,1.4608643054962158,-0.6728732368280125
UBFC_PHYS_s17_T3_ctrl,104,129,108.3,1.235416293144226,-0.6955317784730266
UBFC_PHYS_s17_T3_ctrl,104,130,108.33333333333333,1.0100033283233643,-0.7215750288985332
UBFC_PHYS_s17_T3_ctrl,104,131,108.36666666666666,0.8363988995552063,-0.7555167529062913
UBFC_PHYS_s17_T3_ctrl,104,132,108.4,0.5487126111984253,-0.7963987640685579
UBFC_PHYS_s17_T3_ctrl,104,133,108.43333333333334,0.1630277782678604,-0.8356266757059881
UBFC_PHYS_s17_T3_ctrl,104,134,108.46666666666667,-0.09490310400724411,-0.856117859010198
UBFC_PHYS_s17_T3_ctrl,104,135,108.5,-0.18167604506015778,-0.8338357779046935
UBFC_PHYS_s17_T3_ctrl,104,136,108.53333333333333,-0.3340349495410919,-0.7422311939291159
UBFC_PHYS_s17_T3_ctrl,104,137,108.56666666666666,-0.6736234426498413,-0.5592335707919746
UBFC_PHYS_s17_T3_ctrl,104,138,108.6,-1.091475009918213,-0.27536324536174417
UBFC_PHYS_s17_T3_ctrl,104,139,108.63333333333334,-1.5066460371017456,0.09951810721345246
UBFC_PHYS_s17_T3_ctrl,104,140,108.66666666666667,-1.9238654375076294,0.5338120968459777
UBFC_PHYS_s17_T3_ctrl,104,141,108.7,-2.268756628036499,0.9782293676431054
UBFC_PHYS_s17_T3_ctrl,104,142,108.73333333333333,-2.384699583053589,1.3758572956817305
UBFC_PHYS_s17_T3_ctrl,104,143,108.76666666666667,-2.1849100589752197,1.6750857014900216
UBFC_PHYS_s17_T3_ctrl,104,144,108.8,-1.7648344039916992,1.840925893848325
UBFC_PHYS_s17_T3_ctrl,104,145,108.83333333333333,-1.3255383968353271,1.8610468395118163
UBFC_PHYS_s17_T3_ctrl,104,146,108.86666666666666,-0.98844313621521,1.745238210378876
UBFC_PHYS_s17_T3_ctrl,104,147,108.9,-0.7230324149131775,1.5196310711185486
UBFC_PHYS_s17_T3_ctrl,104,148,108.93333333333334,-0.4637671113014221,1.2185517411652873
UBFC_PHYS_s17_T3_ctrl,104,149,108.96666666666667,-0.21886444091796875,0.8769558396398511
UBFC_PHYS_s17_T3_ctrl,104,150,109.0,-0.0185597762465477,0.5253483200549903
UBFC_PHYS_s17_T3_ctrl,104,151,109.03333333333333,0.14089266955852509,0.18766672852636546
UBFC_PHYS_s17_T3_ctrl,104,152,109.06666666666666,0.25876712799072266,-0.11854464436739784
UBFC_PHYS_s17_T3_ctrl,104,153,109.1,0.31845352053642273,-0.38094736339044566
UBFC_PHYS_s17_T3_ctrl,104,154,109.13333333333334,0.3379783034324646,-0.5915003150178956
UBFC_PHYS_s17_T3_ctrl,104,155,109.16666666666667,0.34788116812705994,-0.7464771816001546
UBFC_PHYS_s17_T3_ctrl,104,156,109.2,0.3329215347766876,-0.8470323945352509
UBFC_PHYS_s17_T3_ctrl,104,157,109.23333333333333,0.26953619718551636,-0.8994206228540099
UBFC_PHYS_s17_T3_ctrl,104,158,109.26666666666667,0.17969642579555511,-0.9144257277484316
UBFC_PHYS_s17_T3_ctrl,104,159,109.3,0.09019610285758972,-0.9061481686754272
UBFC_PHYS_s17_T3_ctrl,104,160,109.33333333333333,-0.02166173607110977,-0.890223092419856
UBFC_PHYS_s17_T3_ctrl,104,161,109.36666666666666,-0.16213954985141754,-0.8812744784024878
UBFC_PHYS_s17_T3_ctrl,104,162,109.4,-0.23329733312129974,-0.8896629835368443
UBFC_PHYS_s17_T3_ctrl,104,163,109.43333333333334,-0.12927047908306122,-0.9181321710277732
UBFC_PHYS_s17_T3_ctrl,104,164,109.46666666666667,0.08923625200986862,-0.9592846704194056
UBFC_PHYS_s17_T3_ctrl,104,165,109.5,0.2704492509365082,-0.9948889206636023
UBFC_PHYS_s17_T3_ctrl,104,166,109.53333333333333,0.3690096139907837,-0.9979041224011088
UBFC_PHYS_s17_T3_ctrl,104,167,109.56666666666666,0.420221209526062,-0.9376118711689233
UBFC_PHYS_s17_T3_ctrl,104,168,109.6,0.42102891206741333,-0.7872747747021828
UBFC_PHYS_s17_T3_ctrl,104,169,109.63333333333334,0.3885578215122223,-0.5327231501994986
UBFC_PHYS_s17_T3_ctrl,104,170,109.66666666666667,0.3748038411140442,-0.17968369411845447
UBFC_PHYS_s17_T3_ctrl,104,171,109.7,0.393638014793396,0.2424125972448434
UBFC_PHYS_s17_T3_ctrl,104,172,109.73333333333333,0.4089254140853882,0.6820280153751485
UBFC_PHYS_s17_T3_ctrl,104,173,109.76666666666667,0.3870712220668793,1.0734871341033094
UBFC_PHYS_s17_T3_ctrl,104,174,109.8,0.33099013566970825,1.350713274512525
UBFC_PHYS_s17_T3_ctrl,104,175,109.83333333333333,0.2643623650074005,1.463969206007389
UBFC_PHYS_s17_T3_ctrl,104,176,109.86666666666666,0.19572126865386963,1.3947522033337811
UBFC_PHYS_s17_T3_ctrl,104,177,109.9,0.11825421452522278,1.1634082752568977
UBFC_PHYS_s17_T3_ctrl,104,178,109.93333333333334,0.023299124091863632,0.8259337933850859
UBFC_PHYS_s17_T3_ctrl,104,179,109.96666666666667,-0.10025252401828766,0.460217082289596
UBFC_PHYS_s17_T3_ctrl,104,180,110.0,-0.23259499669075012,0.14592601951104908
UBFC_PHYS_s17_T3_ctrl,104,181,110.03333333333333,-0.2768184244632721,-0.05557945528928493
UBFC_PHYS_s17_T3_ctrl,104,182,110.06666666666666,-0.16369637846946716,-0.1155122326478389
UBFC_PHYS_s17_T3_ctrl,104,183,110.1,0.03383408114314079,-0.042732824490056276
UBFC_PHYS_s17_T3_ctrl,104,184,110.13333333333334,0.18964610993862152,0.12098131319310172
UBFC_PHYS_s17_T3_ctrl,104,185,110.16666666666667,0.2700980603694916,0.3137965773514331
UBFC_PHYS_s17_T3_ctrl,104,186,110.2,0.3001929223537445,0.4714059409894441
UBFC_PHYS_s17_T3_ctrl,104,187,110.23333333333333,0.2888971269130707,0.5445375342131291
UBFC_PHYS_s17_T3_ctrl,104,188,110.26666666666667,0.25677719712257385,0.5109239589672392
UBFC_PHYS_s17_T3_ctrl,104,189,110.3,0.24625395238399506,0.37780929290289406
UBFC_PHYS_s17_T3_ctrl,104,190,110.33333333333333,0.2699810266494751,0.1751862661563764
UBFC_PHYS_s17_T3_ctrl,104,191,110.36666666666666,0.29950231313705444,-0.05602805469372345
UBFC_PHYS_s17_T3_ctrl,104,192,110.4,0.2915191650390625,-0.2755680365021869
UBFC_PHYS_s17_T3_ctrl,104,193,110.43333333333334,0.23110702633857727,-0.451626164438345
UBFC_PHYS_s17_T3_ctrl,104,194,110.46666666666667,0.14688588678836823,-0.5642523195337996
UBFC_PHYS_s17_T3_ctrl,104,195,110.5,0.07274319231510162,-0.6057880854889656
UBFC_PHYS_s17_T3_ctrl,104,196,110.53333333333333,0.027477990835905075,-0.5800837026434965
UBFC_PHYS_s17_T3_ctrl,104,197,110.56666666666666,0.007145521696656942,-0.5013260137126584
UBFC_PHYS_s17_T3_ctrl,104,198,110.6,-0.024529585614800453,-0.39231811404275074
UBFC_PHYS_s17_T3_ctrl,104,199,110.63333333333334,-0.08581963181495667,-0.28164815639268526
UBFC_PHYS_s17_T3_ctrl,104,200,110.66666666666667,-0.10758017003536224,-0.199436301140327
UBFC_PHYS_s17_T3_ctrl,104,201,110.7,0.010902989655733109,-0.17191233537303702
UBFC_PHYS_s17_T3_ctrl,104,202,110.73333333333333,0.28659114241600037,-0.21557550153868987
UBFC_PHYS_s17_T3_ctrl,104,203,110.76666666666667,0.633706271648407,-0.3320777820633341
UBFC_PHYS_s17_T3_ctrl,104,204,110.8,0.9526931047439575,-0.5052576914987299
UBFC_PHYS_s17_T3_ctrl,104,205,110.83333333333333,1.2099334001541138,-0.701697663482075
UBFC_PHYS_s17_T3_ctrl,104,206,110.86666666666666,1.4098751544952393,-0.8755781638201442
UBFC_PHYS_s17_T3_ctrl,104,207,110.9,1.5786100625991821,-0.9775767828933656
UBFC_PHYS_s17_T3_ctrl,104,208,110.93333333333334,1.7806237936019897,-0.9663576269393899
UBFC_PHYS_s17_T3_ctrl,104,209,110.96666666666667,2.078622579574585,-0.8199661615615043
UBFC_PHYS_s17_T3_ctrl,104,210,111.0,2.485248565673828,-0.5435856554052901
UBFC_PHYS_s17_T3_ctrl,104,211,111.03333333333333,2.936823606491089,-0.17047560335922743
UBFC_PHYS_s17_T3_ctrl,104,212,111.06666666666666,3.2669425010681152,0.2450593431153502
UBFC_PHYS_s17_T3_ctrl,104,213,111.1,3.275721549987793,0.6408912540954586
UBFC_PHYS_s17_T3_ctrl,104,214,111.13333333333334,2.8032052516937256,0.9622582592721165
UBFC_PHYS_s17_T3_ctrl,104,215,111.16666666666667,1.8118891716003418,1.1739411971235052
UBFC_PHYS_s17_T3_ctrl,104,216,111.2,0.5749446153640747,1.2658094177697097
UBFC_PHYS_s17_T3_ctrl,104,217,111.23333333333333,-0.3682384490966797,1.2508849592061175
UBFC_PHYS_s17_T3_ctrl,104,218,111.26666666666667,-0.6871082186698914,1.157840513769652
UBFC_PHYS_s17_T3_ctrl,104,219,111.3,-0.5302777886390686,1.0211669310779123
UBFC_PHYS_s17_T3_ctrl,104,220,111.33333333333333,-0.1797446310520172,0.8717398575253986
UBFC_PHYS_s17_T3_ctrl,104,221,111.36666666666666,0.17150257527828217,0.7295613953251209
UBFC_PHYS_s17_T3_ctrl,104,222,111.4,0.3498477041721344,0.6002178306919657
UBFC_PHYS_s17_T3_ctrl,104,223,111.43333333333334,0.26620012521743774,0.4762333864675067
UBFC_PHYS_s17_T3_ctrl,104,224,111.46666666666667,-0.00279245525598526,0.342994940096156
UBFC_PHYS_s17_T3_ctrl,104,225,111.5,-0.3231956362724304,0.1870357261075935
UBFC_PHYS_s17_T3_ctrl,104,226,111.53333333333333,-0.6245539784431458,0.0035092623204058485
UBFC_PHYS_s17_T3_ctrl,104,227,111.56666666666666,-0.9204575419425964,-0.19996306067254604
UBFC_PHYS_s17_T3_ctrl,104,228,111.6,-1.2421599626541138,-0.4044918133234493
UBFC_PHYS_s17_T3_ctrl,104,229,111.63333333333334,-1.5477440357208252,-0.5855792727007977
UBFC_PHYS_s17_T3_ctrl,104,230,111.66666666666667,-1.7784245014190674,-0.7207582274549185
UBFC_PHYS_s17_T3_ctrl,104,231,111.7,-1.9989211559295654,-0.7960235231052754
UBFC_PHYS_s17_T3_ctrl,104,232,111.73333333333333,-2.3034517765045166,-0.8088513371109549
UBFC_PHYS_s17_T3_ctrl,104,233,111.76666666666667,-2.6177563667297363,-0.7674464459488057
UBFC_PHYS_s17_T3_ctrl,104,234,111.8,-2.816293478012085,-0.6873252721755886
UBFC_PHYS_s17_T3_ctrl,104,235,111.83333333333333,-2.9505555629730225,-0.5867966289845931
UBFC_PHYS_s17_T3_ctrl,104,236,111.86666666666666,-3.1219594478607178,-0.4824957112681264
UBFC_PHYS_s17_T3_ctrl,104,237,111.9,-3.2574622631073,-0.38567513130222
UBFC_PHYS_s17_T3_ctrl,104,238,111.93333333333334,-3.148226499557495,-0.3000147223867896
UBFC_PHYS_s17_T3_ctrl,104,239,111.96666666666667,-2.6930344104766846,-0.22180065528992254
UBFC_PHYS_s17_T3_ctrl,105,0,105.0,0.07625484466552734,0.04207611070707709
UBFC_PHYS_s17_T3_ctrl,105,1,105.03333333333333,0.10094176232814789,0.41163134855032846
UBFC_PHYS_s17_T3_ctrl,105,2,105.06666666666666,0.05676517263054848,0.7245539523175715
UBFC_PHYS_s17_T3_ctrl,105,3,105.1,-0.06315776705741882,0.9350807967206648
UBFC_PHYS_s17_T3_ctrl,105,4,105.13333333333334,-0.16444553434848785,1.0161150409439792
UBFC_PHYS_s17_T3_ctrl,105,5,105.16666666666667,-0.17307248711585999,0.9642229748089711
UBFC_PHYS_s17_T3_ctrl,105,6,105.2,-0.14922836422920227,0.7993935557225591
UBFC_PHYS_s17_T3_ctrl,105,7,105.23333333333333,-0.30704203248023987,0.5594204581038413
UBFC_PHYS_s17_T3_ctrl,105,8,105.26666666666667,-0.8732258081436157,0.2903223938735113
UBFC_PHYS_s17_T3_ctrl,105,9,105.3,-1.6837503910064697,0.035429585089936724
UBFC_PHYS_s17_T3_ctrl,105,10,105.33333333333333,-2.1703834533691406,-0.17363134184115728
UBFC_PHYS_s17_T3_ctrl,105,11,105.36666666666666,-2.0218639373779297,-0.3214861959264334
UBFC_PHYS_s17_T3_ctrl,105,12,105.4,-1.5177193880081177,-0.40850874295599693
UBFC_PHYS_s17_T3_ctrl,105,13,105.43333333333334,-1.0593316555023193,-0.44657392073559476
UBFC_PHYS_s17_T3_ctrl,105,14,105.46666666666667,-0.7529282569885254,-0.45296719871315416
UBFC_PHYS_s17_T3_ctrl,105,15,105.5,-0.5579496026039124,-0.44410020308471587
UBFC_PHYS_s17_T3_ctrl,105,16,105.53333333333333,-0.44804659485816956,-0.4304960423782804
UBFC_PHYS_s17_T3_ctrl,105,17,105.56666666666666,-0.33630579710006714,-0.41429353229777294
UBFC_PHYS_s17_T3_ctrl,105,18,105.6,-0.1381315439939499,-0.3898819961616041
UBFC_PHYS_s17_T3_ctrl,105,19,105.63333333333334,0.11976422369480133,-0.3473685255396466
UBFC_PHYS_s17_T3_ctrl,105,20,105.66666666666667,0.3664929270744324,-0.27776328578624954
UBFC_PHYS_s17_T3_ctrl,105,21,105.7,0.5845314264297485,-0.17821176620732213
UBFC_PHYS_s17_T3_ctrl,105,22,105.73333333333333,0.778292715549469,-0.055415315378518806
UBFC_PHYS_s17_T3_ctrl,105,23,105.76666666666667,0.9150716066360474,0.07424334156426629
UBFC_PHYS_s17_T3_ctrl,105,24,105.8,0.9629471302032471,0.18832481095281323
UBFC_PHYS_s17_T3_ctrl,105,25,105.83333333333333,0.9431648254394531,0.2646967317919319
UBFC_PHYS_s17_T3_ctrl,105,26,105.86666666666666,0.8806222677230835,0.2882886523704314
UBFC_PHYS_s17_T3_ctrl,105,27,105.9,0.7438902258872986,0.2555146988041356
UBFC_PHYS_s17_T3_ctrl,105,28,105.93333333333334,0.530042290687561,0.17465924423027124
UBFC_PHYS_s17_T3_ctrl,105,29,105.96666666666667,0.3769225478172302,0.062408119418378
UBFC_PHYS_s17_T3_ctrl,105,30,106.0,0.4367259740829468,-0.06157208568260574
UBFC_PHYS_s17_T3_ctrl,105,31,106.03333333333333,0.6506558656692505,-0.1794774363358452
UBFC_PHYS_s17_T3_ctrl,105,32,106.06666666666666,0.8241900205612183,-0.27785468011618464
UBFC_PHYS_s17_T3_ctrl,105,33,106.1,0.8974547982215881,-0.34741444830591883
UBFC_PHYS_s17_T3_ctrl,105,34,106.13333333333334,0.9219544529914856,-0.38109725138628175
UBFC_PHYS_s17_T3_ctrl,105,35,106.16666666666667,0.9147789478302002,-0.37194303743347823
UBFC_PHYS_s17_T3_ctrl,105,36,106.2,0.87248694896698,-0.3122826330186658
UBFC_PHYS_s17_T3_ctrl,105,37,106.23333333333333,0.8302534818649292,-0.19517012197145606
UBFC_PHYS_s17_T3_ctrl,105,38,106.26666666666667,0.8059528470039368,-0.018003421458764428
UBFC_PHYS_s17_T3_ctrl,105,39,106.3,0.7704032063484192,0.21277035276668774
UBFC_PHYS_s17_T3_ctrl,105,40,106.33333333333333,0.7221062779426575,0.4777847943039162
UBFC_PHYS_s17_T3_ctrl,105,41,106.36666666666666,0.6728261113166809,0.7439729982157117
UBFC_PHYS_s17_T3_ctrl,105,42,106.4,0.5880430936813354,0.9686649760206995
UBFC_PHYS_s17_T3_ctrl,105,43,106.43333333333334,0.44651180505752563,1.1086768847585775
UBFC_PHYS_s17_T3_ctrl,105,44,106.46666666666667,0.29587361216545105,1.1319036263289075
UBFC_PHYS_s17_T3_ctrl,105,45,106.5,0.17563462257385254,1.02695349900004
UBFC_PHYS_s17_T3_ctrl,105,46,106.53333333333333,0.055255163460969925,0.8066241493525153
UBFC_PHYS_s17_T3_ctrl,105,47,106.56666666666666,-0.11887598782777786,0.5038481950530388
UBFC_PHYS_s17_T3_ctrl,105,48,106.6,-0.34475719928741455,0.1626973089106507
UBFC_PHYS_s17_T3_ctrl,105,49,106.63333333333334,-0.5205388069152832,-0.17093267994623776
UBFC_PHYS_s17_T3_ctrl,105,50,106.66666666666667,-0.5192629098892212,-0.455946998900496
UBFC_PHYS_s17_T3_ctrl,105,51,106.7,-0.34749627113342285,-0.6601648537618086
UBFC_PHYS_s17_T3_ctrl,105,52,106.73333333333333,-0.14257964491844177,-0.7637910429016216
UBFC_PHYS_s17_T3_ctrl,105,53,106.76666666666667,-0.002066713757812977,-0.7634184547665679
UBFC_PHYS_s17_T3_ctrl,105,54,106.8,0.07867788523435593,-0.6755432665708347
UBFC_PHYS_s17_T3_ctrl,105,55,106.83333333333333,0.11371247470378876,-0.5365283275825818
UBFC_PHYS_s17_T3_ctrl,105,56,106.86666666666666,0.11039981245994568,-0.39581913085689885
UBFC_PHYS_s17_T3_ctrl,105,57,106.9,0.11569070816040039,-0.30221640764574326
UBFC_PHYS_s17_T3_ctrl,105,58,106.93333333333334,0.17487375438213348,-0.2880017429428047
UBFC_PHYS_s17_T3_ctrl,105,59,106.96666666666667,0.26182228326797485,-0.3583206702813046
UBFC_PHYS_s17_T3_ctrl,105,60,107.0,0.3210170269012451,-0.4905106812787899
UBFC_PHYS_s17_T3_ctrl,105,61,107.03333333333333,0.3468979001045227,-0.6426989384252171
UBFC_PHYS_s17_T3_ctrl,105,62,107.06666666666666,0.3611552119255066,-0.7672582454357771
UBFC_PHYS_s17_T3_ctrl,105,63,107.1,0.3442992866039276,-0.8238880559604757
UBFC_PHYS_s17_T3_ctrl,105,64,107.13333333333334,0.2732234299182892,-0.7884149504457155
UBFC_PHYS_s17_T3_ctrl,105,65,107.16666666666667,0.18441374599933624,-0.6557640481202267
UBFC_PHYS_s17_T3_ctrl,105,66,107.2,0.1333191990852356,-0.43785131286043794
UBFC_PHYS_s17_T3_ctrl,105,67,107.23333333333333,0.10384473204612732,-0.15857459274296412
UBFC_PHYS_s17_T3_ctrl,105,68,107.26666666666667,0.020208869129419327,0.1516907779826768
UBFC_PHYS_s17_T3_ctrl,105,69,107.3,-0.11660511791706085,0.4604619077602486
UBFC_PHYS_s17_T3_ctrl,105,70,107.33333333333333,-0.16558097302913666,0.7359959621479376
UBFC_PHYS_s17_T3_ctrl,105,71,107.36666666666666,-0.007006438449025154,0.9493064539906217
UBFC_PHYS_s17_T3_ctrl,105,72,107.4,0.28955262899398804,1.076464207300546
UBFC_PHYS_s17_T3_ctrl,105,73,107.43333333333334,0.5589432120323181,1.1018887233906063
UBFC_PHYS_s17_T3_ctrl,105,74,107.46666666666667,0.7486661076545715,1.0223043554937155
UBFC_PHYS_s17_T3_ctrl,105,75,107.5,0.8935920000076294,0.8499593231628959
UBFC_PHYS_s17_T3_ctrl,105,76,107.53333333333333,0.9692564010620117,0.6132256985686378
UBFC_PHYS_s17_T3_ctrl,105,77,107.56666666666666,0.9520961046218872,0.3531930692501435
UBFC_PHYS_s17_T3_ctrl,105,78,107.6,0.9228089451789856,0.11625918022581813
UBFC_PHYS_s17_T3_ctrl,105,79,107.63333333333334,0.9771459102630615,-0.05558729783877736
UBFC_PHYS_s17_T3_ctrl,105,80,107.66666666666667,1.0832797288894653,-0.1339462461328163
UBFC_PHYS_s17_T3_ctrl,105,81,107.7,1.11616051197052,-0.10991311733992391
UBFC_PHYS_s17_T3_ctrl,105,82,107.73333333333333,1.032583236694336,0.004627412215738067
UBFC_PHYS_s17_T3_ctrl,105,83,107.76666666666667,0.9215564727783203,0.18001330781227798
UBFC_PHYS_s17_T3_ctrl,105,84,107.8,0.8561577796936035,0.3749433674637177
UBFC_PHYS_s17_T3_ctrl,105,85,107.83333333333333,0.7332850694656372,0.5444918969057426
UBFC_PHYS_s17_T3_ctrl,105,86,107.86666666666666,0.2726030647754669,0.648870646934507
UBFC_PHYS_s17_T3_ctrl,105,87,107.9,-0.6705683469772339,0.6615019564608924
UBFC_PHYS_s17_T3_ctrl,105,88,107.93333333333334,-1.7723376750946045,0.5743255184697325
UBFC_PHYS_s17_T3_ctrl,105,89,107.96666666666667,-2.5242292881011963,0.3984695551814166
UBFC_PHYS_s17_T3_ctrl,105,90,108.0,-2.7567708492279053,0.16013166620205663
UBFC_PHYS_s17_T3_ctrl,105,91,108.03333333333333,-2.5439531803131104,-0.10657596986455817
UBFC_PHYS_s17_T3_ctrl,105,92,108.06666666666666,-1.9665788412094116,-0.367440533072543
UBFC_PHYS_s17_T3_ctrl,105,93,108.1,-1.1993881464004517,-0.5946990366039464
UBFC_PHYS_s17_T3_ctrl,105,94,108.13333333333334,-0.4712703227996826,-0.7711040298587517
UBFC_PHYS_s17_T3_ctrl,105,95,108.16666666666667,0.20050881803035736,-0.8910688113170767
UBFC_PHYS_s17_T3_ctrl,105,96,108.2,0.8744885921478271,-0.959340297072525
UBFC_PHYS_s17_T3_ctrl,105,97,108.23333333333333,1.3760696649551392,-0.9882227631483681
UBFC_PHYS_s17_T3_ctrl,105,98,108.26666666666667,1.4608643054962158,-0.9942904752072997
UBFC_PHYS_s17_T3_ctrl,105,99,108.3,1.235416293144226,-0.9949660814041296
UBFC_PHYS_s17_T3_ctrl,105,100,108.33333333333333,1.0100033283233643,-1.0048205274686095
UBFC_PHYS_s17_T3_ctrl,105,101,108.36666666666666,0.8363988995552063,-1.0314905992982857
UBFC_PHYS_s17_T3_ctrl,105,102,108.4,0.5487126111984253,-1.0718177176524282
UBFC_PHYS_s17_T3_ctrl,105,103,108.43333333333334,0.1630277782678604,-1.1096184582191568
UBFC_PHYS_s17_T3_ctrl,105,104,108.46666666666667,-0.09490310400724411,-1.1166863329065775
UBFC_PHYS_s17_T3_ctrl,105,105,108.5,-0.18167604506015778,-1.0579263620448762
UBFC_PHYS_s17_T3_ctrl,105,106,108.53333333333333,-0.3340349495410919,-0.9001372237006685
UBFC_PHYS_s17_T3_ctrl,105,107,108.56666666666666,-0.6736234426498413,-0.6224165501119773
UBFC_PHYS_s17_T3_ctrl,105,108,108.6,-1.091475009918213,-0.22509866741663337
UBFC_PHYS_s17_T3_ctrl,105,109,108.63333333333334,-1.5066460371017456,0.266028937479974
UBFC_PHYS_s17_T3_ctrl,105,110,108.66666666666667,-1.9238654375076294,0.8024647311358191
UBFC_PHYS_s17_T3_ctrl,105,111,108.7,-2.268756628036499,1.3225773861739532
UBFC_PHYS_s17_T3_ctrl,105,112,108.73333333333333,-2.384699583053589,1.7649628461120268
UBFC_PHYS_s17_T3_ctrl,105,113,108.76666666666667,-2.1849100589752197,2.0808929303490245
UBFC_PHYS_s17_T3_ctrl,105,114,108.8,-1.7648344039916992,2.2421895711676663
UBFC_PHYS_s17_T3_ctrl,105,115,108.83333333333333,-1.3255383968353271,2.243325811773015
UBFC_PHYS_s17_T3_ctrl,105,116,108.86666666666666,-0.98844313621521,2.0986028541944646
UBFC_PHYS_s17_T3_ctrl,105,117,108.9,-0.7230324149131775,1.836260602989144
UBFC_PHYS_s17_T3_ctrl,105,118,108.93333333333334,-0.4637671113014221,1.4915653829999
UBFC_PHYS_s17_T3_ctrl,105,119,108.96666666666667,-0.21886444091796875,1.1005947090778279
UBFC_PHYS_s17_T3_ctrl,105,120,109.0,-0.0185597762465477,0.6958555173071951
UBFC_PHYS_s17_T3_ctrl,105,121,109.03333333333333,0.14089266955852509,0.3041577832742686
UBFC_PHYS_s17_T3_ctrl,105,122,109.06666666666666,0.25876712799072266,-0.053583857436194135
UBFC_PHYS_s17_T3_ctrl,105,123,109.1,0.31845352053642273,-0.36154155722578774
UBFC_PHYS_s17_T3_ctrl,105,124,109.13333333333334,0.3379783034324646,-0.6082861843652878
UBFC_PHYS_s17_T3_ctrl,105,125,109.16666666666667,0.34788116812705994,-0.7869841857243155
UBFC_PHYS_s17_T3_ctrl,105,126,109.2,0.3329215347766876,-0.8964406649297826
UBFC_PHYS_s17_T3_ctrl,105,127,109.23333333333333,0.26953619718551636,-0.9423061511711415
UBFC_PHYS_s17_T3_ctrl,105,128,109.26666666666667,0.17969642579555511,-0.9376962616000712
UBFC_PHYS_s17_T3_ctrl,105,129,109.3,0.09019610285758972,-0.9026400694010601
UBFC_PHYS_s17_T3_ctrl,105,130,109.33333333333333,-0.02166173607110977,-0.8618154614176785
UBFC_PHYS_s17_T3_ctrl,105,131,109.36666666666666,-0.16213954985141754,-0.8402915912275065
UBFC_PHYS_s17_T3_ctrl,105,132,109.4,-0.23329733312129974,-0.8577946297675012
UBFC_PHYS_s17_T3_ctrl,105,133,109.43333333333334,-0.12927047908306122,-0.9228896829354225
UBFC_PHYS_s17_T3_ctrl,105,134,109.46666666666667,0.08923625200986862,-1.0288067417359104
UBFC_PHYS_s17_T3_ctrl,105,135,109.5,0.2704492509365082,-1.152326038479
UBFC_PHYS_s17_T3_ctrl,105,136,109.53333333333333,0.3690096139907837,-1.2564286404238152
UBFC_PHYS_s17_T3_ctrl,105,137,109.56666666666666,0.420221209526062,-1.2966448133470256
UBFC_PHYS_s17_T3_ctrl,105,138,109.6,0.42102891206741333,-1.2303790876242535
UBFC_PHYS_s17_T3_ctrl,105,139,109.63333333333334,0.3885578215122223,-1.0278467210631796
UBFC_PHYS_s17_T3_ctrl,105,140,109.66666666666667,0.3748038411140442,-0.6825135295180993
UBFC_PHYS_s17_T3_ctrl,105,141,109.7,0.393638014793396,-0.21827286010819627
UBFC_PHYS_s17_T3_ctrl,105,142,109.73333333333333,0.4089254140853882,0.30957777104158385
UBFC_PHYS_s17_T3_ctrl,105,143,109.76666666666667,0.3870712220668793,0.8217690040589651
UBFC_PHYS_s17_T3_ctrl,105,144,109.8,0.33099013566970825,1.2311724074339725
UBFC_PHYS_s17_T3_ctrl,105,145,109.83333333333333,0.2643623650074005,1.4646831339179902
UBFC_PHYS_s17_T3_ctrl,105,146,109.86666666666666,0.19572126865386963,1.4845176747048903
UBFC_PHYS_s17_T3_ctrl,105,147,109.9,0.11825421452522278,1.3012015215043287
UBFC_PHYS_s17_T3_ctrl,105,148,109.93333333333334,0.023299124091863632,0.9728373715730179
UBFC_PHYS_s17_T3_ctrl,105,149,109.96666666666667,-0.10025252401828766,0.5901953567387149
UBFC_PHYS_s17_T3_ctrl,105,150,110.0,-0.23259499669075012,0.2522738645422887
UBFC_PHYS_s17_T3_ctrl,105,151,110.03333333333333,-0.2768184244632721,0.04003178625787111
UBFC_PHYS_s17_T3_ctrl,105,152,110.06666666666666,-0.16369637846946716,-0.0040316283836154335
UBFC_PHYS_s17_T3_ctrl,105,153,110.1,0.03383408114314079,0.11481892850036454
UBFC_PHYS_s17_T3_ctrl,105,154,110.13333333333334,0.18964610993862152,0.347259634977082
UBFC_PHYS_s17_T3_ctrl,105,155,110.16666666666667,0.2700980603694916,0.6152207222157876
UBFC_PHYS_s17_T3_ctrl,105,156,110.2,0.3001929223537445,0.8346419501444606
UBFC_PHYS_s17_T3_ctrl,105,157,110.23333333333333,0.2888971269130707,0.9392036965944992
UBFC_PHYS_s17_T3_ctrl,105,158,110.26666666666667,0.25677719712257385,0.8973598307238623
UBFC_PHYS_s17_T3_ctrl,105,159,110.3,0.24625395238399506,0.716973850714569
UBFC_PHYS_s17_T3_ctrl,105,160,110.33333333333333,0.2699810266494751,0.43745697741937767
UBFC_PHYS_s17_T3_ctrl,105,161,110.36666666666666,0.29950231313705444,0.11471341737001223
UBFC_PHYS_s17_T3_ctrl,105,162,110.4,0.2915191650390625,-0.19441047892480484
UBFC_PHYS_s17_T3_ctrl,105,163,110.43333333333334,0.23110702633857727,-0.4436722873867183
UBFC_PHYS_s17_T3_ctrl,105,164,110.46666666666667,0.14688588678836823,-0.6036659460752601
UBFC_PHYS_s17_T3_ctrl,105,165,110.5,0.07274319231510162,-0.6636988622376838
UBFC_PHYS_s17_T3_ctrl,105,166,110.53333333333333,0.027477990835905075,-0.6309027171817985
UBFC_PHYS_s17_T3_ctrl,105,167,110.56666666666666,0.007145521696656942,-0.5276431116563634
UBFC_PHYS_s17_T3_ctrl,105,168,110.6,-0.024529585614800453,-0.38756809713497287
UBFC_PHYS_s17_T3_ctrl,105,169,110.63333333333334,-0.08581963181495667,-0.2502866053862698
UBFC_PHYS_s17_T3_ctrl,105,170,110.66666666666667,-0.10758017003536224,-0.15482472044623238
UBFC_PHYS_s17_T3_ctrl,105,171,110.7,0.010902989655733109,-0.13248221542592778
UBFC_PHYS_s17_T3_ctrl,105,172,110.73333333333333,0.28659114241600037,-0.2001963119689064
UBFC_PHYS_s17_T3_ctrl,105,173,110.76666666666667,0.633706271648407,-0.3558201395430813
UBFC_PHYS_s17_T3_ctrl,105,174,110.8,0.9526931047439575,-0.5767076158321913
UBFC_PHYS_s17_T3_ctrl,105,175,110.83333333333333,1.2099334001541138,-0.8225360100407868
UBFC_PHYS_s17_T3_ctrl,105,176,110.86666666666666,1.4098751544952393,-1.0423941157822254
UBFC_PHYS_s17_T3_ctrl,105,177,110.9,1.5786100625991821,-1.1850602711415446
UBFC_PHYS_s17_T3_ctrl,105,178,110.93333333333334,1.7806237936019897,-1.210389618315065
UBFC_PHYS_s17_T3_ctrl,105,179,110.96666666666667,2.078622579574585,-1.09898534641159
UBFC_PHYS_s17_T3_ctrl,105,180,111.0,2.485248565673828,-0.8571773789711811
UBFC_PHYS_s17_T3_ctrl,105,181,111.03333333333333,2.936823606491089,-0.515458689086435
UBFC_PHYS_s17_T3_ctrl,105,182,111.06666666666666,3.2669425010681152,-0.12093783325318452
UBFC_PHYS_s17_T3_ctrl,105,183,111.1,3.275721549987793,0.2734394987303219
UBFC_PHYS_s17_T3_ctrl,105,184,111.13333333333334,2.8032052516937256,0.6195819210040597
UBFC_PHYS_s17_T3_ctrl,105,185,111.16666666666667,1.8118891716003418,0.8823738046640944
UBFC_PHYS_s17_T3_ctrl,105,186,111.2,0.5749446153640747,1.0440130700051842
UBFC_PHYS_s17_T3_ctrl,105,187,111.23333333333333,-0.3682384490966797,1.1044877717264345
UBFC_PHYS_s17_T3_ctrl,105,188,111.26666666666667,-0.6871082186698914,1.0788618773058753
UBFC_PHYS_s17_T3_ctrl,105,189,111.3,-0.5302777886390686,0.9922120436404589
UBFC_PHYS_s17_T3_ctrl,105,190,111.33333333333333,-0.1797446310520172,0.8728961496801999
UBFC_PHYS_s17_T3_ctrl,105,191,111.36666666666666,0.17150257527828217,0.7452157182237912
UBFC_PHYS_s17_T3_ctrl,105,192,111.4,0.3498477041721344,0.6236423953772355
UBFC_PHYS_s17_T3_ctrl,105,193,111.43333333333334,0.26620012521743774,0.5110999496483842
UBFC_PHYS_s17_T3_ctrl,105,194,111.46666666666667,-0.00279245525598526,0.402139047162471
UBFC_PHYS_s17_T3_ctrl,105,195,111.5,-0.3231956362724304,0.2892908447951421
UBFC_PHYS_s17_T3_ctrl,105,196,111.53333333333333,-0.6245539784431458,0.16931419870041645
UBFC_PHYS_s17_T3_ctrl,105,197,111.56666666666666,-0.9204575419425964,0.04634018950368959
UBFC_PHYS_s17_T3_ctrl,105,198,111.6,-1.2421599626541138,-0.06921382471657611
UBFC_PHYS_s17_T3_ctrl,105,199,111.63333333333334,-1.5477440357208252,-0.16483712436940567
UBFC_PHYS_s17_T3_ctrl,105,200,111.66666666666667,-1.7784245014190674,-0.23076069295023652
UBFC_PHYS_s17_T3_ctrl,105,201,111.7,-1.9989211559295654,-0.2631008503991174
UBFC_PHYS_s17_T3_ctrl,105,202,111.73333333333333,-2.3034517765045166,-0.26430092435556285
UBFC_PHYS_s17_T3_ctrl,105,203,111.76666666666667,-2.6177563667297363,-0.24142208906199217
UBFC_PHYS_s17_T3_ctrl,105,204,111.8,-2.816293478012085,-0.20369560358346772
UBFC_PHYS_s17_T3_ctrl,105,205,111.83333333333333,-2.9505555629730225,-0.16063353650726214
UBFC_PHYS_s17_T3_ctrl,105,206,111.86666666666666,-3.1219594478607178,-0.12120034311795679
UBFC_PHYS_s17_T3_ctrl,105,207,111.9,-3.2574622631073,-0.09365474155628929
UBFC_PHYS_s17_T3_ctrl,105,208,111.93333333333334,-3.148226499557495,-0.08521380928933621
UBFC_PHYS_s17_T3_ctrl,105,209,111.96666666666667,-2.6930344104766846,-0.1008605021103161
UBFC_PHYS_s17_T3_ctrl,105,210,112.0,-2.0289809703826904,-0.14129462460666667
UBFC_PHYS_s17_T3_ctrl,105,211,112.03333333333333,-1.4111641645431519,-0.20091896654103678
UBFC_PHYS_s17_T3_ctrl,105,212,112.06666666666666,-1.0031687021255493,-0.26736401755995187
UBFC_PHYS_s17_T3_ctrl,105,213,112.1,-0.8264856934547424,-0.3237630824390952
UBFC_PHYS_s17_T3_ctrl,105,214,112.13333333333334,-0.7853642702102661,-0.3536327646960319
UBFC_PHYS_s17_T3_ctrl,105,215,112.16666666666667,-0.7089506983757019,-0.3465380138008427
UBFC_PHYS_s17_T3_ctrl,105,216,112.2,-0.49962106347084045,-0.301833316005754
UBFC_PHYS_s17_T3_ctrl,105,217,112.23333333333333,-0.24906465411186218,-0.22843265875158464
UBFC_PHYS_s17_T3_ctrl,105,218,112.26666666666667,-0.1228441521525383,-0.1406470369073129
UBFC_PHYS_s17_T3_ctrl,105,219,112.3,-0.16425824165344238,-0.052390437464142806
UBFC_PHYS_s17_T3_ctrl,105,220,112.33333333333333,-0.27508601546287537,0.02700754079727733
UBFC_PHYS_s17_T3_ctrl,105,221,112.36666666666666,-0.3361419439315796,0.09329581732665394
UBFC_PHYS_s17_T3_ctrl,105,222,112.4,-0.3205619156360626,0.1446666914765005
UBFC_PHYS_s17_T3_ctrl,105,223,112.43333333333334,-0.3040454387664795,0.17863267654730666
UBFC_PHYS_s17_T3_ctrl,105,224,112.46666666666667,-0.3283460736274719,0.1909240611494418
UBFC_PHYS_s17_T3_ctrl,105,225,112.5,-0.30914902687072754,0.17712197932709506
UBFC_PHYS_s17_T3_ctrl,105,226,112.53333333333333,-0.13648107647895813,0.13588317806292255
UBFC_PHYS_s17_T3_ctrl,105,227,112.56666666666666,0.17033201456069946,0.0718252099598102
UBFC_PHYS_s17_T3_ctrl,105,228,112.6,0.5068536996841431,-0.003378062440561528
UBFC_PHYS_s17_T3_ctrl,105,229,112.63333333333334,0.7926905155181885,-0.07222723277560929
UBFC_PHYS_s17_T3_ctrl,105,230,112.66666666666667,1.0035651922225952,-0.11495416334862034
UBFC_PHYS_s17_T3_ctrl,105,231,112.7,1.125712275505066,-0.11503101056680164
UBFC_PHYS_s17_T3_ctrl,105,232,112.73333333333333,1.161226749420166,-0.0655322835870886
UBFC_PHYS_s17_T3_ctrl,105,233,112.76666666666667,1.1751445531845093,0.02577924492857105
UBFC_PHYS_s17_T3_ctrl,105,234,112.8,1.2292357683181763,0.13544607825187396
UBFC_PHYS_s17_T3_ctrl,105,235,112.83333333333333,1.280517578125,0.2294848578974525
UBFC_PHYS_s17_T3_ctrl,105,236,112.86666666666666,1.2622452974319458,0.2743294685829135
UBFC_PHYS_s17_T3_ctrl,105,237,112.9,1.1867096424102783,0.24988102578366062
UBFC_PHYS_s17_T3_ctrl,105,238,112.93333333333334,1.1013882160186768,0.15886680974427286
UBFC_PHYS_s17_T3_ctrl,105,239,112.96666666666667,1.014111876487732,0.027568866734752475
UBFC_PHYS_s17_T3_ctrl,106,0,106.0,0.4367259740829468,0.13724928863045222
UBFC_PHYS_s17_T3_ctrl,106,1,106.03333333333333,0.6506558656692505,0.21648021546410384
UBFC_PHYS_s17_T3_ctrl,106,2,106.06666666666666,0.8241900205612183,0.2605232798799313
UBFC_PHYS_s17_T3_ctrl,106,3,106.1,0.8974547982215881,0.24646382319026175
UBFC_PHYS_s17_T3_ctrl,106,4,106.13333333333334,0.9219544529914856,0.17092207168421705
UBFC_PHYS_s17_T3_ctrl,106,5,106.16666666666667,0.9147789478302002,0.051666786546454777
UBFC_PHYS_s17_T3_ctrl,106,6,106.2,0.87248694896698,-0.07772498569207288
UBFC_PHYS_s17_T3_ctrl,106,7,106.23333333333333,0.8302534818649292,-0.17815825485739128
UBFC_PHYS_s17_T3_ctrl,106,8,106.26666666666667,0.8059528470039368,-0.2168070245887265
UBFC_PHYS_s17_T3_ctrl,106,9,106.3,0.7704032063484192,-0.17696501108020066
UBFC_PHYS_s17_T3_ctrl,106,10,106.33333333333333,0.7221062779426575,-0.06367536756418693
UBFC_PHYS_s17_T3_ctrl,106,11,106.36666666666666,0.6728261113166809,0.0959161318241065
UBFC_PHYS_s17_T3_ctrl,106,12,106.4,0.5880430936813354,0.2578610038693244
UBFC_PHYS_s17_T3_ctrl,106,13,106.43333333333334,0.44651180505752563,0.3719481388827297
UBFC_PHYS_s17_T3_ctrl,106,14,106.46666666666667,0.29587361216545105,0.3954672377860878
UBFC_PHYS_s17_T3_ctrl,106,15,106.5,0.17563462257385254,0.3062981705092936
UBFC_PHYS_s17_T3_ctrl,106,16,106.53333333333333,0.055255163460969925,0.11063021564875282
UBFC_PHYS_s17_T3_ctrl,106,17,106.56666666666666,-0.11887598782777786,-0.15776060601858458
UBFC_PHYS_s17_T3_ctrl,106,18,106.6,-0.34475719928741455,-0.445971459926286
UBFC_PHYS_s17_T3_ctrl,106,19,106.63333333333334,-0.5205388069152832,-0.6944313902636141
UBFC_PHYS_s17_T3_ctrl,106,20,106.66666666666667,-0.5192629098892212,-0.8496248887612924
UBFC_PHYS_s17_T3_ctrl,106,21,106.7,-0.34749627113342285,-0.875101245465852
UBFC_PHYS_s17_T3_ctrl,106,22,106.73333333333333,-0.14257964491844177,-0.7599064416814224
UBFC_PHYS_s17_T3_ctrl,106,23,106.76666666666667,-0.002066713757812977,-0.5234281049457639
UBFC_PHYS_s17_T3_ctrl,106,24,106.8,0.07867788523435593,-0.21491620448445808
UBFC_PHYS_s17_T3_ctrl,106,25,106.83333333333333,0.11371247470378876,0.09441347388736762
UBFC_PHYS_s17_T3_ctrl,106,26,106.86666666666666,0.11039981245994568,0.32765746226667575
UBFC_PHYS_s17_T3_ctrl,106,27,106.9,0.11569070816040039,0.424211450136323
UBFC_PHYS_s17_T3_ctrl,106,28,106.93333333333334,0.17487375438213348,0.35986528768717974
UBFC_PHYS_s17_T3_ctrl,106,29,106.96666666666667,0.26182228326797485,0.1558751390921109
UBFC_PHYS_s17_T3_ctrl,106,30,107.0,0.3210170269012451,-0.12736954977728315
UBFC_PHYS_s17_T3_ctrl,106,31,107.03333333333333,0.3468979001045227,-0.40906819869378813
UBFC_PHYS_s17_T3_ctrl,106,32,107.06666666666666,0.3611552119255066,-0.6114016239234207
UBFC_PHYS_s17_T3_ctrl,106,33,107.1,0.3442992866039276,-0.6795196778813607
UBFC_PHYS_s17_T3_ctrl,106,34,107.13333333333334,0.2732234299182892,-0.592855674671685
UBFC_PHYS_s17_T3_ctrl,106,35,107.16666666666667,0.18441374599933624,-0.3663324794328951
UBFC_PHYS_s17_T3_ctrl,106,36,107.2,0.1333191990852356,-0.04306236197106377
UBFC_PHYS_s17_T3_ctrl,106,37,107.23333333333333,0.10384473204612732,0.3181543953180563
UBFC_PHYS_s17_T3_ctrl,106,38,107.26666666666667,0.020208869129419327,0.656660711505673
UBFC_PHYS_s17_T3_ctrl,106,39,107.3,-0.11660511791706085,0.921662829191891
UBFC_PHYS_s17_T3_ctrl,106,40,107.33333333333333,-0.16558097302913666,1.0796467236562133
UBFC_PHYS_s17_T3_ctrl,106,41,107.36666666666666,-0.007006438449025154,1.116946257080763
UBFC_PHYS_s17_T3_ctrl,106,42,107.4,0.28955262899398804,1.03839652998079
UBFC_PHYS_s17_T3_ctrl,106,43,107.43333333333334,0.5589432120323181,0.8637052258993319
UBFC_PHYS_s17_T3_ctrl,106,44,107.46666666666667,0.7486661076545715,0.6229116606248416
UBFC_PHYS_s17_T3_ctrl,106,45,107.5,0.8935920000076294,0.35163953204104054
UBFC_PHYS_s17_T3_ctrl,106,46,107.53333333333333,0.9692564010620117,0.08643884321891132
UBFC_PHYS_s17_T3_ctrl,106,47,107.56666666666666,0.9520961046218872,-0.13955362661283807
UBFC_PHYS_s17_T3_ctrl,106,48,107.6,0.9228089451789856,-0.3003571386309239
UBFC_PHYS_s17_T3_ctrl,106,49,107.63333333333334,0.9771459102630615,-0.38002213908080185
UBFC_PHYS_s17_T3_ctrl,106,50,107.66666666666667,1.0832797288894653,-0.37444345399090123
UBFC_PHYS_s17_T3_ctrl,106,51,107.7,1.11616051197052,-0.2918952820906937
UBFC_PHYS_s17_T3_ctrl,106,52,107.73333333333333,1.032583236694336,-0.15193533826971517
UBFC_PHYS_s17_T3_ctrl,106,53,107.76666666666667,0.9215564727783203,0.017527453440204215
UBFC_PHYS_s17_T3_ctrl,106,54,107.8,0.8561577796936035,0.18460855004463245
UBFC_PHYS_s17_T3_ctrl,106,55,107.83333333333333,0.7332850694656372,0.3184365785809354
UBFC_PHYS_s17_T3_ctrl,106,56,107.86666666666666,0.2726030647754669,0.39407822772263884
UBFC_PHYS_s17_T3_ctrl,106,57,107.9,-0.6705683469772339,0.39681901726172003
UBFC_PHYS_s17_T3_ctrl,106,58,107.93333333333334,-1.7723376750946045,0.32478750999952255
UBFC_PHYS_s17_T3_ctrl,106,59,107.96666666666667,-2.5242292881011963,0.1888058491086704
UBFC_PHYS_s17_T3_ctrl,106,60,108.0,-2.7567708492279053,0.009306389181593397
UBFC_PHYS_s17_T3_ctrl,106,61,108.03333333333333,-2.5439531803131104,-0.18864246069817828
UBFC_PHYS_s17_T3_ctrl,106,62,108.06666666666666,-1.9665788412094116,-0.3807385406744833
UBFC_PHYS_s17_T3_ctrl,106,63,108.1,-1.1993881464004517,-0.5480015029103829
UBFC_PHYS_s17_T3_ctrl,106,64,108.13333333333334,-0.4712703227996826,-0.679481102981333
UBFC_PHYS_s17_T3_ctrl,106,65,108.16666666666667,0.20050881803035736,-0.7725887266599124
UBFC_PHYS_s17_T3_ctrl,106,66,108.2,0.8744885921478271,-0.8313413113238302
UBFC_PHYS_s17_T3_ctrl,106,67,108.23333333333333,1.3760696649551392,-0.8635273140501413
UBFC_PHYS_s17_T3_ctrl,106,68,108.26666666666667,1.4608643054962158,-0.8779088034409777
UBFC_PHYS_s17_T3_ctrl,106,69,108.3,1.235416293144226,-0.8820459781761786
UBFC_PHYS_s17_T3_ctrl,106,70,108.33333333333333,1.0100033283233643,-0.8806026841291119
UBFC_PHYS_s17_T3_ctrl,106,71,108.36666666666666,0.8363988995552063,-0.8737240541426775
UBFC_PHYS_s17_T3_ctrl,106,72,108.4,0.5487126111984253,-0.8555673935498679
UBFC_PHYS_s17_T3_ctrl,106,73,108.43333333333334,0.1630277782678604,-0.8138032456010016
UBFC_PHYS_s17_T3_ctrl,106,74,108.46666666666667,-0.09490310400724411,-0.7311397796866599
UBFC_PHYS_s17_T3_ctrl,106,75,108.5,-0.18167604506015778,-0.5893555630436943
UBFC_PHYS_s17_T3_ctrl,106,76,108.53333333333333,-0.3340349495410919,-0.3751755187244268
UBFC_PHYS_s17_T3_ctrl,106,77,108.56666666666666,-0.6736234426498413,-0.08623537738516482
UBFC_PHYS_s17_T3_ctrl,106,78,108.6,-1.091475009918213,0.26503014296754185
UBFC_PHYS_s17_T3_ctrl,106,79,108.63333333333334,-1.5066460371017456,0.6513191019607383
UBFC_PHYS_s17_T3_ctrl,106,80,108.66666666666667,-1.9238654375076294,1.034838915457551
UBFC_PHYS_s17_T3_ctrl,106,81,108.7,-2.268756628036499,1.3751182802219364
UBFC_PHYS_s17_T3_ctrl,106,82,108.73333333333333,-2.384699583053589,1.6376465626931673
UBFC_PHYS_s17_T3_ctrl,106,83,108.76666666666667,-2.1849100589752197,1.8002714670733695
UBFC_PHYS_s17_T3_ctrl,106,84,108.8,-1.7648344039916992,1.855504527231559
UBFC_PHYS_s17_T3_ctrl,106,85,108.83333333333333,-1.3255383968353271,1.8088249611184097
UBFC_PHYS_s17_T3_ctrl,106,86,108.86666666666666,-0.98844313621521,1.6744415539907018
UBFC_PHYS_s17_T3_ctrl,106,87,108.9,-0.7230324149131775,1.4703975277910581
UBFC_PHYS_s17_T3_ctrl,106,88,108.93333333333334,-0.4637671113014221,1.2146236133477173
UBFC_PHYS_s17_T3_ctrl,106,89,108.96666666666667,-0.21886444091796875,0.9228777599177437
UBFC_PHYS_s17_T3_ctrl,106,90,109.0,-0.0185597762465477,0.6087260087860267
UBFC_PHYS_s17_T3_ctrl,106,91,109.03333333333333,0.14089266955852509,0.2849859240012775
UBFC_PHYS_s17_T3_ctrl,106,92,109.06666666666666,0.25876712799072266,-0.03448359764494536
UBFC_PHYS_s17_T3_ctrl,106,93,109.1,0.31845352053642273,-0.33389530442527987
UBFC_PHYS_s17_T3_ctrl,106,94,109.13333333333334,0.3379783034324646,-0.5964044716918236
UBFC_PHYS_s17_T3_ctrl,106,95,109.16666666666667,0.34788116812705994,-0.8067870509889976
UBFC_PHYS_s17_T3_ctrl,106,96,109.2,0.3329215347766876,-0.9550856184130526
UBFC_PHYS_s17_T3_ctrl,106,97,109.23333333333333,0.26953619718551636,-1.0398620160314596
UBFC_PHYS_s17_T3_ctrl,106,98,109.26666666666667,0.17969642579555511,-1.0697912634171909
UBFC_PHYS_s17_T3_ctrl,106,99,109.3,0.09019610285758972,-1.0628365093754801
UBFC_PHYS_s17_T3_ctrl,106,100,109.33333333333333,-0.02166173607110977,-1.0428533858544866
UBFC_PHYS_s17_T3_ctrl,106,101,109.36666666666666,-0.16213954985141754,-1.0341433032048344
UBFC_PHYS_s17_T3_ctrl,106,102,109.4,-0.23329733312129974,-1.0551594120263739
UBFC_PHYS_s17_T3_ctrl,106,103,109.43333333333334,-0.12927047908306122,-1.1129319487985883
UBFC_PHYS_s17_T3_ctrl,106,104,109.46666666666667,0.08923625200986862,-1.1995961986127617
UBFC_PHYS_s17_T3_ctrl,106,105,109.5,0.2704492509365082,-1.2919358175071134
UBFC_PHYS_s17_T3_ctrl,106,106,109.53333333333333,0.3690096139907837,-1.3544096158350765
UBFC_PHYS_s17_T3_ctrl,106,107,109.56666666666666,0.420221209526062,-1.3456546651806545
UBFC_PHYS_s17_T3_ctrl,106,108,109.6,0.42102891206741333,-1.2277678109347934
UBFC_PHYS_s17_T3_ctrl,106,109,109.63333333333334,0.3885578215122223,-0.976761667866606
UBFC_PHYS_s17_T3_ctrl,106,110,109.66666666666667,0.3748038411140442,-0.5917295437783575
UBFC_PHYS_s17_T3_ctrl,106,111,109.7,0.393638014793396,-0.09990871402521638
UBFC_PHYS_s17_T3_ctrl,106,112,109.73333333333333,0.4089254140853882,0.44461399491300463
UBFC_PHYS_s17_T3_ctrl,106,113,109.76666666666667,0.3870712220668793,0.9693839758275102
UBFC_PHYS_s17_T3_ctrl,106,114,109.8,0.33099013566970825,1.3981046135664559
UBFC_PHYS_s17_T3_ctrl,106,115,109.83333333333333,0.2643623650074005,1.667996271353124
UBFC_PHYS_s17_T3_ctrl,106,116,109.86666666666666,0.19572126865386963,1.7452896608935193
UBFC_PHYS_s17_T3_ctrl,106,117,109.9,0.11825421452522278,1.634120597332331
UBFC_PHYS_s17_T3_ctrl,106,118,109.93333333333334,0.023299124091863632,1.3758962231358631
UBFC_PHYS_s17_T3_ctrl,106,119,109.96666666666667,-0.10025252401828766,1.0391292045007483
UBFC_PHYS_s17_T3_ctrl,106,120,110.0,-0.23259499669075012,0.7025839316065613
UBFC_PHYS_s17_T3_ctrl,106,121,110.03333333333333,-0.2768184244632721,0.4363941848842172
UBFC_PHYS_s17_T3_ctrl,106,122,110.06666666666666,-0.16369637846946716,0.28611992847001666
UBFC_PHYS_s17_T3_ctrl,106,123,110.1,0.03383408114314079,0.2636118619067602
UBFC_PHYS_s17_T3_ctrl,106,124,110.13333333333334,0.18964610993862152,0.3465600950773001
UBFC_PHYS_s17_T3_ctrl,106,125,110.16666666666667,0.2700980603694916,0.48643669209104623
UBFC_PHYS_s17_T3_ctrl,106,126,110.2,0.3001929223537445,0.622674409631395
UBFC_PHYS_s17_T3_ctrl,106,127,110.23333333333333,0.2888971269130707,0.6992925474915437
UBFC_PHYS_s17_T3_ctrl,106,128,110.26666666666667,0.25677719712257385,0.6790616521770941
UBFC_PHYS_s17_T3_ctrl,106,129,110.3,0.24625395238399506,0.5509682160894506
UBFC_PHYS_s17_T3_ctrl,106,130,110.33333333333333,0.2699810266494751,0.3296642313933192
UBFC_PHYS_s17_T3_ctrl,106,131,110.36666666666666,0.29950231313705444,0.04882867746004416
UBFC_PHYS_s17_T3_ctrl,106,132,110.4,0.2915191650390625,-0.24822096410988628
UBFC_PHYS_s17_T3_ctrl,106,133,110.43333333333334,0.23110702633857727,-0.5178528620132157
UBFC_PHYS_s17_T3_ctrl,106,134,110.46666666666667,0.14688588678836823,-0.7238949772873476
UBFC_PHYS_s17_T3_ctrl,106,135,110.5,0.07274319231510162,-0.8433949671539996
UBFC_PHYS_s17_T3_ctrl,106,136,110.53333333333333,0.027477990835905075,-0.870111818657537
UBFC_PHYS_s17_T3_ctrl,106,137,110.56666666666666,0.007145521696656942,-0.815278091757079
UBFC_PHYS_s17_T3_ctrl,106,138,110.6,-0.024529585614800453,-0.7052217629512229
UBFC_PHYS_s17_T3_ctrl,106,139,110.63333333333334,-0.08581963181495667,-0.5759724043728364
UBFC_PHYS_s17_T3_ctrl,106,140,110.66666666666667,-0.10758017003536224,-0.46578045938159335
UBFC_PHYS_s17_T3_ctrl,106,141,110.7,0.010902989655733109,-0.40707191427615275
UBFC_PHYS_s17_T3_ctrl,106,142,110.73333333333333,0.28659114241600037,-0.41942353643900926
UBFC_PHYS_s17_T3_ctrl,106,143,110.76666666666667,0.633706271648407,-0.5048779106804414
UBFC_PHYS_s17_T3_ctrl,106,144,110.8,0.9526931047439575,-0.6466050520168033
UBFC_PHYS_s17_T3_ctrl,106,145,110.83333333333333,1.2099334001541138,-0.8114802518743599
UBFC_PHYS_s17_T3_ctrl,106,146,110.86666666666666,1.4098751544952393,-0.956440378222246
UBFC_PHYS_s17_T3_ctrl,106,147,110.9,1.5786100625991821,-1.0376372133705536
UBFC_PHYS_s17_T3_ctrl,106,148,110.93333333333334,1.7806237936019897,-1.0206361976872933
UBFC_PHYS_s17_T3_ctrl,106,149,110.96666666666667,2.078622579574585,-0.8892654476896972
UBFC_PHYS_s17_T3_ctrl,106,150,111.0,2.485248565673828,-0.6504358648117712
UBFC_PHYS_s17_T3_ctrl,106,151,111.03333333333333,2.936823606491089,-0.3329580227322348
UBFC_PHYS_s17_T3_ctrl,106,152,111.06666666666666,3.2669425010681152,0.019698869769666477
UBFC_PHYS_s17_T3_ctrl,106,153,111.1,3.275721549987793,0.36050635689109195
UBFC_PHYS_s17_T3_ctrl,106,154,111.13333333333334,2.8032052516937256,0.650238766123933
UBFC_PHYS_s17_T3_ctrl,106,155,111.16666666666667,1.8118891716003418,0.8655451809566053
UBFC_PHYS_s17_T3_ctrl,106,156,111.2,0.5749446153640747,1.0015653464110414
UBFC_PHYS_s17_T3_ctrl,106,157,111.23333333333333,-0.3682384490966797,1.069009298455391
UBFC_PHYS_s17_T3_ctrl,106,158,111.26666666666667,-0.6871082186698914,1.0874966369336903
UBFC_PHYS_s17_T3_ctrl,106,159,111.3,-0.5302777886390686,1.0777862165912602
UBFC_PHYS_s17_T3_ctrl,106,160,111.33333333333333,-0.1797446310520172,1.0551368444089313
UBFC_PHYS_s17_T3_ctrl,106,161,111.36666666666666,0.17150257527828217,1.025231036594414
UBFC_PHYS_s17_T3_ctrl,106,162,111.4,0.3498477041721344,0.9835684207513533
UBFC_PHYS_s17_T3_ctrl,106,163,111.43333333333334,0.26620012521743774,0.918603701407643
UBFC_PHYS_s17_T3_ctrl,106,164,111.46666666666667,-0.00279245525598526,0.8177047416698149
UBFC_PHYS_s17_T3_ctrl,106,165,111.5,-0.3231956362724304,0.6737782433576828
UBFC_PHYS_s17_T3_ctrl,106,166,111.53333333333333,-0.6245539784431458,0.4899943346212305
UBFC_PHYS_s17_T3_ctrl,106,167,111.56666666666666,-0.9204575419425964,0.2807190089161749
UBFC_PHYS_s17_T3_ctrl,106,168,111.6,-1.2421599626541138,0.06827199657513001
UBFC_PHYS_s17_T3_ctrl,106,169,111.63333333333334,-1.5477440357208252,-0.1231626697183468
UBFC_PHYS_s17_T3_ctrl,106,170,111.66666666666667,-1.7784245014190674,-0.2740008178981424
UBFC_PHYS_s17_T3_ctrl,106,171,111.7,-1.9989211559295654,-0.37366350244281005
UBFC_PHYS_s17_T3_ctrl,106,172,111.73333333333333,-2.3034517765045166,-0.42173397700569565
UBFC_PHYS_s17_T3_ctrl,106,173,111.76666666666667,-2.6177563667297363,-0.42627618994551525
UBFC_PHYS_s17_T3_ctrl,106,174,111.8,-2.816293478012085,-0.40071005347698213
UBFC_PHYS_s17_T3_ctrl,106,175,111.83333333333333,-2.9505555629730225,-0.36068992084798723
UBFC_PHYS_s17_T3_ctrl,106,176,111.86666666666666,-3.1219594478607178,-0.32179057544167883
UBFC_PHYS_s17_T3_ctrl,106,177,111.9,-3.2574622631073,-0.297987355213975
UBFC_PHYS_s17_T3_ctrl,106,178,111.93333333333334,-3.148226499557495,-0.3004043595549659
UBFC_PHYS_s17_T3_ctrl,106,179,111.96666666666667,-2.6930344104766846,-0.3357683718035547
UBFC_PHYS_s17_T3_ctrl,106,180,112.0,-2.0289809703826904,-0.40441529491222916
UBFC_PHYS_s17_T3_ctrl,106,181,112.03333333333333,-1.4111641645431519,-0.4984810420558922
UBFC_PHYS_s17_T3_ctrl,106,182,112.06666666666666,-1.0031687021255493,-0.6016863541494714
UBFC_PHYS_s17_T3_ctrl,106,183,112.1,-0.8264856934547424,-0.6920494630821851
UBFC_PHYS_s17_T3_ctrl,106,184,112.13333333333334,-0.7853642702102661,-0.7475159869999444
UBFC_PHYS_s17_T3_ctrl,106,185,112.16666666666667,-0.7089506983757019,-0.7526534822359823
UBFC_PHYS_s17_T3_ctrl,106,186,112.2,-0.49962106347084045,-0.7034862679376234
UBFC_PHYS_s17_T3_ctrl,106,187,112.23333333333333,-0.24906465411186218,-0.6081040041545228
UBFC_PHYS_s17_T3_ctrl,106,188,112.26666666666667,-0.1228441521525383,-0.4827725167457412
UBFC_PHYS_s17_T3_ctrl,106,189,112.3,-0.16425824165344238,-0.34564152538130966
UBFC_PHYS_s17_T3_ctrl,106,190,112.33333333333333,-0.27508601546287537,-0.21127113712061132
UBFC_PHYS_s17_T3_ctrl,106,191,112.36666666666666,-0.3361419439315796,-0.0883624298256917
UBFC_PHYS_s17_T3_ctrl,106,192,112.4,-0.3205619156360626,0.0192270628743274
UBFC_PHYS_s17_T3_ctrl,106,193,112.43333333333334,-0.3040454387664795,0.11015250172719951
UBFC_PHYS_s17_T3_ctrl,106,194,112.46666666666667,-0.3283460736274719,0.184198606581636
UBFC_PHYS_s17_T3_ctrl,106,195,112.5,-0.30914902687072754,0.24271545201722325
UBFC_PHYS_s17_T3_ctrl,106,196,112.53333333333333,-0.13648107647895813,0.2898817223924048
UBFC_PHYS_s17_T3_ctrl,106,197,112.56666666666666,0.17033201456069946,0.33297488526133834
UBFC_PHYS_s17_T3_ctrl,106,198,112.6,0.5068536996841431,0.3806890066482955
UBFC_PHYS_s17_T3_ctrl,106,199,112.63333333333334,0.7926905155181885,0.4401025313257307
UBFC_PHYS_s17_T3_ctrl,106,200,112.66666666666667,1.0035651922225952,0.513763034030294
UBFC_PHYS_s17_T3_ctrl,106,201,112.7,1.125712275505066,0.5980985921229683
UBFC_PHYS_s17_T3_ctrl,106,202,112.73333333333333,1.161226749420166,0.6834641388363734
UBFC_PHYS_s17_T3_ctrl,106,203,112.76666666666667,1.1751445531845093,0.7555423257783225
UBFC_PHYS_s17_T3_ctrl,106,204,112.8,1.2292357683181763,0.7979871730989591
UBFC_PHYS_s17_T3_ctrl,106,205,112.83333333333333,1.280517578125,0.7963098233227954
UBFC_PHYS_s17_T3_ctrl,106,206,112.86666666666666,1.2622452974319458,0.7422998174497477
UBFC_PHYS_s17_T3_ctrl,106,207,112.9,1.1867096424102783,0.6373410019631156
UBFC_PHYS_s17_T3_ctrl,106,208,112.93333333333334,1.1013882160186768,0.4928658761089788
UBFC_PHYS_s17_T3_ctrl,106,209,112.96666666666667,1.014111876487732,0.327289582314299
UBFC_PHYS_s17_T3_ctrl,106,210,113.0,0.9072874188423157,0.16058529116758363
UBFC_PHYS_s17_T3_ctrl,106,211,113.03333333333333,0.777871310710907,0.008939152387115854
UBFC_PHYS_s17_T3_ctrl,106,212,113.06666666666666,0.6430941224098206,-0.11830102244242802
UBFC_PHYS_s17_T3_ctrl,106,213,113.1,0.5509951710700989,-0.21855333737763227
UBFC_PHYS_s17_T3_ctrl,106,214,113.13333333333334,0.5909343361854553,-0.2935321466397762
UBFC_PHYS_s17_T3_ctrl,106,215,113.16666666666667,0.8289190530776978,-0.34606312153210766
UBFC_PHYS_s17_T3_ctrl,106,216,113.2,1.2189817428588867,-0.37787191252825686
UBFC_PHYS_s17_T3_ctrl,106,217,113.23333333333333,1.626883625984192,-0.38922227415475474
UBFC_PHYS_s17_T3_ctrl,106,218,113.26666666666667,1.9475208520889282,-0.38015489627881843
UBFC_PHYS_s17_T3_ctrl,106,219,113.3,2.1897780895233154,-0.35232401382285417
UBFC_PHYS_s17_T3_ctrl,106,220,113.33333333333333,2.4281256198883057,-0.3104045566160283
UBFC_PHYS_s17_T3_ctrl,106,221,113.36666666666666,2.7004778385162354,-0.2624203182733376
UBFC_PHYS_s17_T3_ctrl,106,222,113.4,2.990926504135132,-0.218699425080246
UBFC_PHYS_s17_T3_ctrl,106,223,113.43333333333334,3.211481809616089,-0.18957330041661266
UBFC_PHYS_s17_T3_ctrl,106,224,113.46666666666667,3.1612064838409424,-0.1825003579369101
UBFC_PHYS_s17_T3_ctrl,106,225,113.5,2.689626693725586,-0.19964690008366726
UBFC_PHYS_s17_T3_ctrl,106,226,113.53333333333333,1.8458117246627808,-0.2367605894110925
UBFC_PHYS_s17_T3_ctrl,106,227,113.56666666666666,0.6836186051368713,-0.28363785308348827
UBFC_PHYS_s17_T3_ctrl,106,228,113.6,-0.7655234336853027,-0.32602379267417575
UBFC_PHYS_s17_T3_ctrl,106,229,113.63333333333334,-2.1285595893859863,-0.3485815547232878
UBFC_PHYS_s17_T3_ctrl,106,230,113.66666666666667,-2.9592177867889404,-0.33853282013516084
UBFC_PHYS_s17_T3_ctrl,106,231,113.7,-3.308943271636963,-0.28937888135228357
UBFC_PHYS_s17_T3_ctrl,106,232,113.73333333333333,-3.4936912059783936,-0.20366615040626485
UBFC_PHYS_s17_T3_ctrl,106,233,113.76666666666667,-3.567260265350342,-0.0935394065691675
UBFC_PHYS_s17_T3_ctrl,106,234,113.8,-3.447021245956421,0.02167826547080855
UBFC_PHYS_s17_T3_ctrl,106,235,113.83333333333333,-3.1916306018829346,0.12052216100964058
UBFC_PHYS_s17_T3_ctrl,106,236,113.86666666666666,-2.893584966659546,0.18549925893879257
UBFC_PHYS_s17_T3_ctrl,106,237,113.9,-2.619079113006592,0.2082075863325023
UBFC_PHYS_s17_T3_ctrl,106,238,113.93333333333334,-2.4483189582824707,0.191820157452164
UBFC_PHYS_s17_T3_ctrl,106,239,113.96666666666667,-2.3610427379608154,0.15014569092282146
UBFC_PHYS_s17_T3_ctrl,107,0,107.0,0.3210170269012451,-0.08466139414822771
UBFC_PHYS_s17_T3_ctrl,107,1,107.03333333333333,0.3468979001045227,0.08477242501178145
UBFC_PHYS_s17_T3_ctrl,107,2,107.06666666666666,0.3611552119255066,0.24723681094070796
UBFC_PHYS_s17_T3_ctrl,107,3,107.1,0.3442992866039276,0.395422038975101
UBFC_PHYS_s17_T3_ctrl,107,4,107.13333333333334,0.2732234299182892,0.5240359976278852
UBFC_PHYS_s17_T3_ctrl,107,5,107.16666666666667,0.18441374599933624,0.6302872846429466
UBFC_PHYS_s17_T3_ctrl,107,6,107.2,0.1333191990852356,0.7135964816154378
UBFC_PHYS_s17_T3_ctrl,107,7,107.23333333333333,0.10384473204612732,0.7748102966210414
UBFC_PHYS_s17_T3_ctrl,107,8,107.26666666666667,0.020208869129419327,0.8149767529051344
UBFC_PHYS_s17_T3_ctrl,107,9,107.3,-0.11660511791706085,0.833597453898252
UBFC_PHYS_s17_T3_ctrl,107,10,107.33333333333333,-0.16558097302913666,0.82703743529737
UBFC_PHYS_s17_T3_ctrl,107,11,107.36666666666666,-0.007006438449025154,0.788457507715515
UBFC_PHYS_s17_T3_ctrl,107,12,107.4,0.28955262899398804,0.7100746927306117
UBFC_PHYS_s17_T3_ctrl,107,13,107.43333333333334,0.5589432120323181,0.5871601952972016
UBFC_PHYS_s17_T3_ctrl,107,14,107.46666666666667,0.7486661076545715,0.4220679716539459
UBFC_PHYS_s17_T3_ctrl,107,15,107.5,0.8935920000076294,0.22642931140802658
UBFC_PHYS_s17_T3_ctrl,107,16,107.53333333333333,0.9692564010620117,0.020474119042189334
UBFC_PHYS_s17_T3_ctrl,107,17,107.56666666666666,0.9520961046218872,-0.17035994732785315
UBFC_PHYS_s17_T3_ctrl,107,18,107.6,0.9228089451789856,-0.3204812195780648
UBFC_PHYS_s17_T3_ctrl,107,19,107.63333333333334,0.9771459102630615,-0.40945228468635286
UBFC_PHYS_s17_T3_ctrl,107,20,107.66666666666667,1.0832797288894653,-0.42622747564462937
UBFC_PHYS_s17_T3_ctrl,107,21,107.7,1.11616051197052,-0.37139752822186994
UBFC_PHYS_s17_T3_ctrl,107,22,107.73333333333333,1.032583236694336,-0.25710522797622165
UBFC_PHYS_s17_T3_ctrl,107,23,107.76666666666667,0.9215564727783203,-0.10489900942789246
UBFC_PHYS_s17_T3_ctrl,107,24,107.8,0.8561577796936035,0.057802461373440556
UBFC_PHYS_s17_T3_ctrl,107,25,107.83333333333333,0.7332850694656372,0.2020149196495525
UBFC_PHYS_s17_T3_ctrl,107,26,107.86666666666666,0.2726030647754669,0.30200900647352497
UBFC_PHYS_s17_T3_ctrl,107,27,107.9,-0.6705683469772339,0.34022801750324083
UBFC_PHYS_s17_T3_ctrl,107,28,107.93333333333334,-1.7723376750946045,0.31092996317266247
UBFC_PHYS_s17_T3_ctrl,107,29,107.96666666666667,-2.5242292881011963,0.2207954418267714
UBFC_PHYS_s17_T3_ctrl,107,30,108.0,-2.7567708492279053,0.08598268622771663
UBFC_PHYS_s17_T3_ctrl,107,31,108.03333333333333,-2.5439531803131104,-0.0730903843430264
UBFC_PHYS_s17_T3_ctrl,107,32,108.06666666666666,-1.9665788412094116,-0.23713680928954428
UBFC_PHYS_s17_T3_ctrl,107,33,108.1,-1.1993881464004517,-0.39178484337985325
UBFC_PHYS_s17_T3_ctrl,107,34,108.13333333333334,-0.4712703227996826,-0.5288674307524188
UBFC_PHYS_s17_T3_ctrl,107,35,108.16666666666667,0.20050881803035736,-0.6453798537305966
UBFC_PHYS_s17_T3_ctrl,107,36,108.2,0.8744885921478271,-0.741153589829132
UBFC_PHYS_s17_T3_ctrl,107,37,108.23333333333333,1.3760696649551392,-0.8166217150590497
UBFC_PHYS_s17_T3_ctrl,107,38,108.26666666666667,1.4608643054962158,-0.871646403725549
UBFC_PHYS_s17_T3_ctrl,107,39,108.3,1.235416293144226,-0.9055136091062065
UBFC_PHYS_s17_T3_ctrl,107,40,108.33333333333333,1.0100033283233643,-0.9174023323167051
UBFC_PHYS_s17_T3_ctrl,107,41,108.36666666666666,0.8363988995552063,-0.9064187037565902
UBFC_PHYS_s17_T3_ctrl,107,42,108.4,0.5487126111984253,-0.8707877889160864
UBFC_PHYS_s17_T3_ctrl,107,43,108.43333333333334,0.1630277782678604,-0.8065625403359334
UBFC_PHYS_s17_T3_ctrl,107,44,108.46666666666667,-0.09490310400724411,-0.7066885456747649
UBFC_PHYS_s17_T3_ctrl,107,45,108.5,-0.18167604506015778,-0.5613310692138229
UBFC_PHYS_s17_T3_ctrl,107,46,108.53333333333333,-0.3340349495410919,-0.3601017003090335
UBFC_PHYS_s17_T3_ctrl,107,47,108.56666666666666,-0.6736234426498413,-0.09620081226814
UBFC_PHYS_s17_T3_ctrl,107,48,108.6,-1.091475009918213,0.2284315649294701
UBFC_PHYS_s17_T3_ctrl,107,49,108.63333333333334,-1.5066460371017456,0.5988182155970961
UBFC_PHYS_s17_T3_ctrl,107,50,108.66666666666667,-1.9238654375076294,0.9858065966567254
UBFC_PHYS_s17_T3_ctrl,107,51,108.7,-2.268756628036499,1.349618133482654
UBFC_PHYS_s17_T3_ctrl,107,52,108.73333333333333,-2.384699583053589,1.6475785486416206
UBFC_PHYS_s17_T3_ctrl,107,53,108.76666666666667,-2.1849100589752197,1.8435023017721235
UBFC_PHYS_s17_T3_ctrl,107,54,108.8,-1.7648344039916992,1.9155302772046996
UBFC_PHYS_s17_T3_ctrl,107,55,108.83333333333333,-1.3255383968353271,1.860007253792365
UBFC_PHYS_s17_T3_ctrl,107,56,108.86666666666666,-0.98844313621521,1.6905720840400695
UBFC_PHYS_s17_T3_ctrl,107,57,108.9,-0.7230324149131775,1.4332654503335687
UBFC_PHYS_s17_T3_ctrl,107,58,108.93333333333334,-0.4637671113014221,1.1195701151729827
UBFC_PHYS_s17_T3_ctrl,107,59,108.96666666666667,-0.21886444091796875,0.7796744554999954
UBFC_PHYS_s17_T3_ctrl,107,60,109.0,-0.0185597762465477,0.43790558791982553
UBFC_PHYS_s17_T3_ctrl,107,61,109.03333333333333,0.14089266955852509,0.11128948104211818
UBFC_PHYS_s17_T3_ctrl,107,62,109.06666666666666,0.25876712799072266,-0.18914548083431054
UBFC_PHYS_s17_T3_ctrl,107,63,109.1,0.31845352053642273,-0.45577295981271826
UBFC_PHYS_s17_T3_ctrl,107,64,109.13333333333334,0.3379783034324646,-0.6821912101171378
UBFC_PHYS_s17_T3_ctrl,107,65,109.16666666666667,0.34788116812705994,-0.8625784598432011
UBFC_PHYS_s17_T3_ctrl,107,66,109.2,0.3329215347766876,-0.9926559754048903
UBFC_PHYS_s17_T3_ctrl,107,67,109.23333333333333,0.26953619718551636,-1.0715290939377904
UBFC_PHYS_s17_T3_ctrl,107,68,109.26666666666667,0.17969642579555511,-1.1034915062622999
UBFC_PHYS_s17_T3_ctrl,107,69,109.3,0.09019610285758972,-1.0989676730536595
UBFC_PHYS_s17_T3_ctrl,107,70,109.33333333333333,-0.02166173607110977,-1.073787888436322
UBFC_PHYS_s17_T3_ctrl,107,71,109.36666666666666,-0.16213954985141754,-1.0462930033329076
UBFC_PHYS_s17_T3_ctrl,107,72,109.4,-0.23329733312129974,-1.03263148325806
UBFC_PHYS_s17_T3_ctrl,107,73,109.43333333333334,-0.12927047908306122,-1.0414842882648931
UBFC_PHYS_s17_T3_ctrl,107,74,109.46666666666667,0.08923625200986862,-1.06973558538608
UBFC_PHYS_s17_T3_ctrl,107,75,109.5,0.2704492509365082,-1.1004794476828617
UBFC_PHYS_s17_T3_ctrl,107,76,109.53333333333333,0.3690096139907837,-1.1045236969982386
UBFC_PHYS_s17_T3_ctrl,107,77,109.56666666666666,0.420221209526062,-1.0459939257382378
UBFC_PHYS_s17_T3_ctrl,107,78,109.6,0.42102891206741333,-0.8915088357284112
UBFC_PHYS_s17_T3_ctrl,107,79,109.63333333333334,0.3885578215122223,-0.6209992572311217
UBFC_PHYS_s17_T3_ctrl,107,80,109.66666666666667,0.3748038411140442,-0.23718751672442706
UBFC_PHYS_s17_T3_ctrl,107,81,109.7,0.393638014793396,0.22944182733074098
UBFC_PHYS_s17_T3_ctrl,107,82,109.73333333333333,0.4089254140853882,0.7224798177109154
UBFC_PHYS_s17_T3_ctrl,107,83,109.76666666666667,0.3870712220668793,1.1689564918818027
UBFC_PHYS_s17_T3_ctrl,107,84,109.8,0.33099013566970825,1.4950415814100215
UBFC_PHYS_s17_T3_ctrl,107,85,109.83333333333333,0.2643623650074005,1.6446916592700036
UBFC_PHYS_s17_T3_ctrl,107,86,109.86666666666666,0.19572126865386963,1.595832149845678
UBFC_PHYS_s17_T3_ctrl,107,87,109.9,0.11825421452522278,1.3683598268828527
UBFC_PHYS_s17_T3_ctrl,107,88,109.93333333333334,0.023299124091863632,1.0206441462206792
UBFC_PHYS_s17_T3_ctrl,107,89,109.96666666666667,-0.10025252401828766,0.6351886810464092
UBFC_PHYS_s17_T3_ctrl,107,90,110.0,-0.23259499669075012,0.29771289079926355
UBFC_PHYS_s17_T3_ctrl,107,91,110.03333333333333,-0.2768184244632721,0.07578130271106133
UBFC_PHYS_s17_T3_ctrl,107,92,110.06666666666666,-0.16369637846946716,0.002829056243054979
UBFC_PHYS_s17_T3_ctrl,107,93,110.1,0.03383408114314079,0.07154630209275396
UBFC_PHYS_s17_T3_ctrl,107,94,110.13333333333334,0.18964610993862152,0.2379795625355102
UBFC_PHYS_s17_T3_ctrl,107,95,110.16666666666667,0.2700980603694916,0.43504321441816285
UBFC_PHYS_s17_T3_ctrl,107,96,110.2,0.3001929223537445,0.5917827595997316
UBFC_PHYS_s17_T3_ctrl,107,97,110.23333333333333,0.2888971269130707,0.6528980732203474
UBFC_PHYS_s17_T3_ctrl,107,98,110.26666666666667,0.25677719712257385,0.5923664100876227
UBFC_PHYS_s17_T3_ctrl,107,99,110.3,0.24625395238399506,0.4168960266364407
UBFC_PHYS_s17_T3_ctrl,107,100,110.33333333333333,0.2699810266494751,0.15944281763790635
UBFC_PHYS_s17_T3_ctrl,107,101,110.36666666666666,0.29950231313705444,-0.13283219168990348
UBFC_PHYS_s17_T3_ctrl,107,102,110.4,0.2915191650390625,-0.410857421598641
UBFC_PHYS_s17_T3_ctrl,107,103,110.43333333333334,0.23110702633857727,-0.6328273421050703
UBFC_PHYS_s17_T3_ctrl,107,104,110.46666666666667,0.14688588678836823,-0.769606334494543
UBFC_PHYS_s17_T3_ctrl,107,105,110.5,0.07274319231510162,-0.8074449345062621
UBFC_PHYS_s17_T3_ctrl,107,106,110.53333333333333,0.027477990835905075,-0.749166844277085
UBFC_PHYS_s17_T3_ctrl,107,107,110.56666666666666,0.007145521696656942,-0.6140220865629074
UBFC_PHYS_s17_T3_ctrl,107,108,110.6,-0.024529585614800453,-0.43554484692053846
UBFC_PHYS_s17_T3_ctrl,107,109,110.63333333333334,-0.08581963181495667,-0.25668755778578134
UBFC_PHYS_s17_T3_ctrl,107,110,110.66666666666667,-0.10758017003536224,-0.12225753560352409
UBFC_PHYS_s17_T3_ctrl,107,111,110.7,0.010902989655733109,-0.0697075518151503
UBFC_PHYS_s17_T3_ctrl,107,112,110.73333333333333,0.28659114241600037,-0.12006150140097252
UBFC_PHYS_s17_T3_ctrl,107,113,110.76666666666667,0.633706271648407,-0.27116214659819476
UBFC_PHYS_s17_T3_ctrl,107,114,110.8,0.9526931047439575,-0.49551189443812377
UBFC_PHYS_s17_T3_ctrl,107,115,110.83333333333333,1.2099334001541138,-0.7442943245184995
UBFC_PHYS_s17_T3_ctrl,107,116,110.86666666666666,1.4098751544952393,-0.9574953563022762
UBFC_PHYS_s17_T3_ctrl,107,117,110.9,1.5786100625991821,-1.0780417721759767
UBFC_PHYS_s17_T3_ctrl,107,118,110.93333333333334,1.7806237936019897,-1.0664001436818595
UBFC_PHYS_s17_T3_ctrl,107,119,110.96666666666667,2.078622579574585,-0.9114528183765651
UBFC_PHYS_s17_T3_ctrl,107,120,111.0,2.485248565673828,-0.6339137746783567
UBFC_PHYS_s17_T3_ctrl,107,121,111.03333333333333,2.936823606491089,-0.280577224264317
UBFC_PHYS_s17_T3_ctrl,107,122,111.06666666666666,3.2669425010681152,0.0889279700014366
UBFC_PHYS_s17_T3_ctrl,107,123,111.1,3.275721549987793,0.4182729721388711
UBFC_PHYS_s17_T3_ctrl,107,124,111.13333333333334,2.8032052516937256,0.6680905860111613
UBFC_PHYS_s17_T3_ctrl,107,125,111.16666666666667,1.8118891716003418,0.8232219029899618
UBFC_PHYS_s17_T3_ctrl,107,126,111.2,0.5749446153640747,0.8921846332219537
UBFC_PHYS_s17_T3_ctrl,107,127,111.23333333333333,-0.3682384490966797,0.9001890849233574
UBFC_PHYS_s17_T3_ctrl,107,128,111.26666666666667,-0.6871082186698914,0.878905343654516
UBFC_PHYS_s17_T3_ctrl,107,129,111.3,-0.5302777886390686,0.8565213678714291
UBFC_PHYS_s17_T3_ctrl,107,130,111.33333333333333,-0.1797446310520172,0.8504937965811189
UBFC_PHYS_s17_T3_ctrl,107,131,111.36666666666666,0.17150257527828217,0.8640012820967952
UBFC_PHYS_s17_T3_ctrl,107,132,111.4,0.3498477041721344,0.8864277956776764
UBFC_PHYS_s17_T3_ctrl,107,133,111.43333333333334,0.26620012521743774,0.8977038517978722
UBFC_PHYS_s17_T3_ctrl,107,134,111.46666666666667,-0.00279245525598526,0.8753181403373606
UBFC_PHYS_s17_T3_ctrl,107,135,111.5,-0.3231956362724304,0.8018031949172284
UBFC_PHYS_s17_T3_ctrl,107,136,111.53333333333333,-0.6245539784431458,0.6703340790669526
UBFC_PHYS_s17_T3_ctrl,107,137,111.56666666666666,-0.9204575419425964,0.4868313943425682
UBFC_PHYS_s17_T3_ctrl,107,138,111.6,-1.2421599626541138,0.2682255435910995
UBFC_PHYS_s17_T3_ctrl,107,139,111.63333333333334,-1.5477440357208252,0.037872488255348793
UBFC_PHYS_s17_T3_ctrl,107,140,111.66666666666667,-1.7784245014190674,-0.1799805483177806
UBFC_PHYS_s17_T3_ctrl,107,141,111.7,-1.9989211559295654,-0.36482721267952395
UBFC_PHYS_s17_T3_ctrl,107,142,111.73333333333333,-2.3034517765045166,-0.5027878991208704
UBFC_PHYS_s17_T3_ctrl,107,143,111.76666666666667,-2.6177563667297363,-0.5879715156247493
UBFC_PHYS_s17_T3_ctrl,107,144,111.8,-2.816293478012085,-0.622830803033457
UBFC_PHYS_s17_T3_ctrl,107,145,111.83333333333333,-2.9505555629730225,-0.6177352854686072
UBFC_PHYS_s17_T3_ctrl,107,146,111.86666666666666,-3.1219594478607178,-0.5896703486774025
UBFC_PHYS_s17_T3_ctrl,107,147,111.9,-3.2574622631073,-0.5598189500144638
UBFC_PHYS_s17_T3_ctrl,107,148,111.93333333333334,-3.148226499557495,-0.5498016571026052
UBFC_PHYS_s17_T3_ctrl,107,149,111.96666666666667,-2.6930344104766846,-0.5766516179101449
UBFC_PHYS_s17_T3_ctrl,107,150,112.0,-2.0289809703826904,-0.647243771564305
UBFC_PHYS_s17_T3_ctrl,107,151,112.03333333333333,-1.4111641645431519,-0.7537363112128809
UBFC_PHYS_s17_T3_ctrl,107,152,112.06666666666666,-1.0031687021255493,-0.8721717862113695
UBFC_PHYS_s17_T3_ctrl,107,153,112.1,-0.8264856934547424,-0.9660300630010422
UBFC_PHYS_s17_T3_ctrl,107,154,112.13333333333334,-0.7853642702102661,-0.9949212531868309
UBFC_PHYS_s17_T3_ctrl,107,155,112.16666666666667,-0.7089506983757019,-0.9263809185815444
UBFC_PHYS_s17_T3_ctrl,107,156,112.2,-0.49962106347084045,-0.7469833120653591
UBFC_PHYS_s17_T3_ctrl,107,157,112.23333333333333,-0.24906465411186218,-0.4686500847444734
UBFC_PHYS_s17_T3_ctrl,107,158,112.26666666666667,-0.1228441521525383,-0.12746606930301638
UBFC_PHYS_s17_T3_ctrl,107,159,112.3,-0.16425824165344238,0.2249377618137418
UBFC_PHYS_s17_T3_ctrl,107,160,112.33333333333333,-0.27508601546287537,0.5344740216451612
UBFC_PHYS_s17_T3_ctrl,107,161,112.36666666666666,-0.3361419439315796,0.7576738177151842
UBFC_PHYS_s17_T3_ctrl,107,162,112.4,-0.3205619156360626,0.8708763228806369
UBFC_PHYS_s17_T3_ctrl,107,163,112.43333333333334,-0.3040454387664795,0.8735713431038057
UBFC_PHYS_s17_T3_ctrl,107,164,112.46666666666667,-0.3283460736274719,0.7858468372312617
UBFC_PHYS_s17_T3_ctrl,107,165,112.5,-0.30914902687072754,0.6413566369368076
UBFC_PHYS_s17_T3_ctrl,107,166,112.53333333333333,-0.13648107647895813,0.4781999341148033
UBFC_PHYS_s17_T3_ctrl,107,167,112.56666666666666,0.17033201456069946,0.33038479072781035
UBFC_PHYS_s17_T3_ctrl,107,168,112.6,0.5068536996841431,0.22198361602434094
UBFC_PHYS_s17_T3_ctrl,107,169,112.63333333333334,0.7926905155181885,0.16487255022751343
UBFC_PHYS_s17_T3_ctrl,107,170,112.66666666666667,1.0035651922225952,0.1595659603438131
UBFC_PHYS_s17_T3_ctrl,107,171,112.7,1.125712275505066,0.19776642216601054
UBFC_PHYS_s17_T3_ctrl,107,172,112.73333333333333,1.161226749420166,0.2652541716137617
UBFC_PHYS_s17_T3_ctrl,107,173,112.76666666666667,1.1751445531845093,0.3444559797240236
UBFC_PHYS_s17_T3_ctrl,107,174,112.8,1.2292357683181763,0.41687617791188664
UBFC_PHYS_s17_T3_ctrl,107,175,112.83333333333333,1.280517578125,0.46587042873253715
UBFC_PHYS_s17_T3_ctrl,107,176,112.86666666666666,1.2622452974319458,0.4797298140566114
UBFC_PHYS_s17_T3_ctrl,107,177,112.9,1.1867096424102783,0.4541913745940494
UBFC_PHYS_s17_T3_ctrl,107,178,112.93333333333334,1.1013882160186768,0.3930941744230176
UBFC_PHYS_s17_T3_ctrl,107,179,112.96666666666667,1.014111876487732,0.30651602201062883
UBFC_PHYS_s17_T3_ctrl,107,180,113.0,0.9072874188423157,0.20714519192445294
UBFC_PHYS_s17_T3_ctrl,107,181,113.03333333333333,0.777871310710907,0.10664738030373554
UBFC_PHYS_s17_T3_ctrl,107,182,113.06666666666666,0.6430941224098206,0.0134584197905928
UBFC_PHYS_s17_T3_ctrl,107,183,113.1,0.5509951710700989,-0.06766906119988081
UBFC_PHYS_s17_T3_ctrl,107,184,113.13333333333334,0.5909343361854553,-0.13489942326022292
UBFC_PHYS_s17_T3_ctrl,107,185,113.16666666666667,0.8289190530776978,-0.18821086504584308
UBFC_PHYS_s17_T3_ctrl,107,186,113.2,1.2189817428588867,-0.22877226824952743
UBFC_PHYS_s17_T3_ctrl,107,187,113.23333333333333,1.626883625984192,-0.2591060427098204
UBFC_PHYS_s17_T3_ctrl,107,188,113.26666666666667,1.9475208520889282,-0.2835663419136772
UBFC_PHYS_s17_T3_ctrl,107,189,113.3,2.1897780895233154,-0.30829032295874215
UBFC_PHYS_s17_T3_ctrl,107,190,113.33333333333333,2.4281256198883057,-0.3402050894959413
UBFC_PHYS_s17_T3_ctrl,107,191,113.36666666666666,2.7004778385162354,-0.38534152225242957
UBFC_PHYS_s17_T3_ctrl,107,192,113.4,2.990926504135132,-0.44697147053009595
UBFC_PHYS_s17_T3_ctrl,107,193,113.43333333333334,3.211481809616089,-0.5240800818063334
UBFC_PHYS_s17_T3_ctrl,107,194,113.46666666666667,3.1612064838409424,-0.610723720799323
UBFC_PHYS_s17_T3_ctrl,107,195,113.5,2.689626693725586,-0.6967342199836488
UBFC_PHYS_s17_T3_ctrl,107,196,113.53333333333333,1.8458117246627808,-0.7697896282846766
UBFC_PHYS_s17_T3_ctrl,107,197,113.56666666666666,0.6836186051368713,-0.8182841402425131
UBFC_PHYS_s17_T3_ctrl,107,198,113.6,-0.7655234336853027,-0.8340543395653985
UBFC_PHYS_s17_T3_ctrl,107,199,113.63333333333334,-2.1285595893859863,-0.8140303054295941
UBFC_PHYS_s17_T3_ctrl,107,200,113.66666666666667,-2.9592177867889404,-0.7602430179420567
UBFC_PHYS_s17_T3_ctrl,107,201,113.7,-3.308943271636963,-0.6781282016607343
UBFC_PHYS_s17_T3_ctrl,107,202,113.73333333333333,-3.4936912059783936,-0.5735503571864651
UBFC_PHYS_s17_T3_ctrl,107,203,113.76666666666667,-3.567260265350342,-0.44946182883177604
UBFC_PHYS_s17_T3_ctrl,107,204,113.8,-3.447021245956421,-0.303579836419384
UBFC_PHYS_s17_T3_ctrl,107,205,113.83333333333333,-3.1916306018829346,-0.1285841049903239
UBFC_PHYS_s17_T3_ctrl,107,206,113.86666666666666,-2.893584966659546,0.08428785058009441
UBFC_PHYS_s17_T3_ctrl,107,207,113.9,-2.619079113006592,0.3389065014108155
UBFC_PHYS_s17_T3_ctrl,107,208,113.93333333333334,-2.4483189582824707,0.6277506240759104
UBFC_PHYS_s17_T3_ctrl,107,209,113.96666666666667,-2.3610427379608154,0.9286897320771023
UBFC_PHYS_s17_T3_ctrl,107,210,114.0,-2.15557599067688,1.2073379613913362
UBFC_PHYS_s17_T3_ctrl,107,211,114.03333333333333,-1.6910779476165771,1.4247238185085924
UBFC_PHYS_s17_T3_ctrl,107,212,114.06666666666666,-1.1398656368255615,1.5475770728861378
UBFC_PHYS_s17_T3_ctrl,107,213,114.1,-0.7251393795013428,1.5574360692080176
UBFC_PHYS_s17_T3_ctrl,107,214,114.13333333333334,-0.46582725644111633,1.4554748242996447
UBFC_PHYS_s17_T3_ctrl,107,215,114.16666666666667,-0.26361459493637085,1.2618138507817076
UBFC_PHYS_s17_T3_ctrl,107,216,114.2,-0.0859483927488327,1.0100395885419817
UBFC_PHYS_s17_T3_ctrl,107,217,114.23333333333333,0.05344080924987793,0.7389248721826709
UBFC_PHYS_s17_T3_ctrl,107,218,114.26666666666667,0.17935696244239807,0.48367593063179587
UBFC_PHYS_s17_T3_ctrl,107,219,114.3,0.3033885359764099,0.26878777109170754
UBFC_PHYS_s17_T3_ctrl,107,220,114.33333333333333,0.36795613169670105,0.10413946120780765
UBFC_PHYS_s17_T3_ctrl,107,221,114.36666666666666,0.33209043741226196,-0.014835497443087152
UBFC_PHYS_s17_T3_ctrl,107,222,114.4,0.25190770626068115,-0.10328643736560003
UBFC_PHYS_s17_T3_ctrl,107,223,114.43333333333334,0.26548609137535095,-0.18084080273984876
UBFC_PHYS_s17_T3_ctrl,107,224,114.46666666666667,0.49206963181495667,-0.2650977238290882
UBFC_PHYS_s17_T3_ctrl,107,225,114.5,0.8988595008850098,-0.3664747414241441
UBFC_PHYS_s17_T3_ctrl,107,226,114.53333333333333,1.3044670820236206,-0.4858535952265862
UBFC_PHYS_s17_T3_ctrl,107,227,114.56666666666666,1.5940730571746826,-0.6155917162475273
UBFC_PHYS_s17_T3_ctrl,107,228,114.6,1.802302360534668,-0.7429765555661428
UBFC_PHYS_s17_T3_ctrl,107,229,114.63333333333334,1.957622766494751,-0.8541765991136043
UBFC_PHYS_s17_T3_ctrl,107,230,114.66666666666667,2.052730083465576,-0.937089310909335
UBFC_PHYS_s17_T3_ctrl,107,231,114.7,2.160245180130005,-0.9826831978156777
UBFC_PHYS_s17_T3_ctrl,107,232,114.73333333333333,2.3622353076934814,-0.9853944301135893
UBFC_PHYS_s17_T3_ctrl,107,233,114.76666666666667,2.5511388778686523,-0.9432802099708871
UBFC_PHYS_s17_T3_ctrl,107,234,114.8,2.4943087100982666,-0.8580843508125027
UBFC_PHYS_s17_T3_ctrl,107,235,114.83333333333333,2.061567544937134,-0.7349176705931934
UBFC_PHYS_s17_T3_ctrl,107,236,114.86666666666666,1.2545078992843628,-0.5814420529975252
UBFC_PHYS_s17_T3_ctrl,107,237,114.9,0.2554895877838135,-0.40681046191705056
UBFC_PHYS_s17_T3_ctrl,107,238,114.93333333333334,-0.5976898074150085,-0.2206210031246427
UBFC_PHYS_s17_T3_ctrl,107,239,114.96666666666667,-1.1325379610061646,-0.03213776659939002
UBFC_PHYS_s17_T3_ctrl,108,0,108.0,-2.7567708492279053,-0.08454158123642189
UBFC_PHYS_s17_T3_ctrl,108,1,108.03333333333333,-2.5439531803131104,-0.030711725364300113
UBFC_PHYS_s17_T3_ctrl,108,2,108.06666666666666,-1.9665788412094116,-0.02102775764015595
UBFC_PHYS_s17_T3_ctrl,108,3,108.1,-1.1993881464004517,-0.08510568277022781
UBFC_PHYS_s17_T3_ctrl,108,4,108.13333333333334,-0.4712703227996826,-0.23074426611143323
UBFC_PHYS_s17_T3_ctrl,108,5,108.16666666666667,0.20050881803035736,-0.4424415706677213
UBFC_PHYS_s17_T3_ctrl,108,6,108.2,0.8744885921478271,-0.687470099322114
UBFC_PHYS_s17_T3_ctrl,108,7,108.23333333333333,1.3760696649551392,-0.9269209961021618
UBFC_PHYS_s17_T3_ctrl,108,8,108.26666666666667,1.4608643054962158,-1.1274335144671959
UBFC_PHYS_s17_T3_ctrl,108,9,108.3,1.235416293144226,-1.2693797158003761
UBFC_PHYS_s17_T3_ctrl,108,10,108.33333333333333,1.0100033283233643,-1.3488387031534383
UBFC_PHYS_s17_T3_ctrl,108,11,108.36666666666666,0.8363988995552063,-1.3732085149466173
UBFC_PHYS_s17_T3_ctrl,108,12,108.4,0.5487126111984253,-1.3528840724643856
UBFC_PHYS_s17_T3_ctrl,108,13,108.43333333333334,0.1630277782678604,-1.2929325306606678
UBFC_PHYS_s17_T3_ctrl,108,14,108.46666666666667,-0.09490310400724411,-1.188422417415715
UBFC_PHYS_s17_T3_ctrl,108,15,108.5,-0.18167604506015778,-1.0253435177900052
UBFC_PHYS_s17_T3_ctrl,108,16,108.53333333333333,-0.3340349495410919,-0.7867856750078261
UBFC_PHYS_s17_T3_ctrl,108,17,108.56666666666666,-0.6736234426498413,-0.4620790190729051
UBFC_PHYS_s17_T3_ctrl,108,18,108.6,-1.091475009918213,-0.05550466798291587
UBFC_PHYS_s17_T3_ctrl,108,19,108.63333333333334,-1.5066460371017456,0.40887418035699624
UBFC_PHYS_s17_T3_ctrl,108,20,108.66666666666667,-1.9238654375076294,0.888712720046198
UBFC_PHYS_s17_T3_ctrl,108,21,108.7,-2.268756628036499,1.3315109117903545
UBFC_PHYS_s17_T3_ctrl,108,22,108.73333333333333,-2.384699583053589,1.6868276080980988
UBFC_PHYS_s17_T3_ctrl,108,23,108.76666666666667,-2.1849100589752197,1.9180942132294414
UBFC_PHYS_s17_T3_ctrl,108,24,108.8,-1.7648344039916992,2.009768059477778
UBFC_PHYS_s17_T3_ctrl,108,25,108.83333333333333,-1.3255383968353271,1.9677080566112788
UBFC_PHYS_s17_T3_ctrl,108,26,108.86666666666666,-0.98844313621521,1.81348959207353
UBFC_PHYS_s17_T3_ctrl,108,27,108.9,-0.7230324149131775,1.5756150588116853
UBFC_PHYS_s17_T3_ctrl,108,28,108.93333333333334,-0.4637671113014221,1.281353975779568
UBFC_PHYS_s17_T3_ctrl,108,29,108.96666666666667,-0.21886444091796875,0.9521424651214847
UBFC_PHYS_s17_T3_ctrl,108,30,109.0,-0.0185597762465477,0.6035888542422421
UBFC_PHYS_s17_T3_ctrl,108,31,109.03333333333333,0.14089266955852509,0.24902298476392376
UBFC_PHYS_s17_T3_ctrl,108,32,109.06666666666666,0.25876712799072266,-0.09594795014029235
UBFC_PHYS_s17_T3_ctrl,108,33,109.1,0.31845352053642273,-0.41070269443436097
UBFC_PHYS_s17_T3_ctrl,108,34,109.13333333333334,0.3379783034324646,-0.6705584283542964
UBFC_PHYS_s17_T3_ctrl,108,35,109.16666666666667,0.34788116812705994,-0.8515758869603666
UBFC_PHYS_s17_T3_ctrl,108,36,109.2,0.3329215347766876,-0.9376718064403603
UBFC_PHYS_s17_T3_ctrl,108,37,109.23333333333333,0.26953619718551636,-0.927442905007732
UBFC_PHYS_s17_T3_ctrl,108,38,109.26666666666667,0.17969642579555511,-0.8380393414829966
UBFC_PHYS_s17_T3_ctrl,108,39,109.3,0.09019610285758972,-0.7041915666885405
UBFC_PHYS_s17_T3_ctrl,108,40,109.33333333333333,-0.02166173607110977,-0.5718017871158846
UBFC_PHYS_s17_T3_ctrl,108,41,109.36666666666666,-0.16213954985141754,-0.48724450980272743
UBFC_PHYS_s17_T3_ctrl,108,42,109.4,-0.23329733312129974,-0.48526946276863525
UBFC_PHYS_s17_T3_ctrl,108,43,109.43333333333334,-0.12927047908306122,-0.5790996516293098
UBFC_PHYS_s17_T3_ctrl,108,44,109.46666666666667,0.08923625200986862,-0.7553867504492049
UBFC_PHYS_s17_T3_ctrl,108,45,109.5,0.2704492509365082,-0.9750348632885181
UBFC_PHYS_s17_T3_ctrl,108,46,109.53333333333333,0.3690096139907837,-1.1796786069788359
UBFC_PHYS_s17_T3_ctrl,108,47,109.56666666666666,0.420221209526062,-1.3028959893658147
UBFC_PHYS_s17_T3_ctrl,108,48,109.6,0.42102891206741333,-1.284607378656814
UBFC_PHYS_s17_T3_ctrl,108,49,109.63333333333334,0.3885578215122223,-1.0863244693348952
UBFC_PHYS_s17_T3_ctrl,108,50,109.66666666666667,0.3748038411140442,-0.7040744975560418
UBFC_PHYS_s17_T3_ctrl,108,51,109.7,0.393638014793396,-0.17534084528616498
UBFC_PHYS_s17_T3_ctrl,108,52,109.73333333333333,0.4089254140853882,0.42323927379092
UBFC_PHYS_s17_T3_ctrl,108,53,109.76666666666667,0.3870712220668793,0.9890390347034513
UBFC_PHYS_s17_T3_ctrl,108,54,109.8,0.33099013566970825,1.4161861956450295
UBFC_PHYS_s17_T3_ctrl,108,55,109.83333333333333,0.2643623650074005,1.6228905841126855
UBFC_PHYS_s17_T3_ctrl,108,56,109.86666666666666,0.19572126865386963,1.5751703519179912
UBFC_PHYS_s17_T3_ctrl,108,57,109.9,0.11825421452522278,1.298393641118569
UBFC_PHYS_s17_T3_ctrl,108,58,109.93333333333334,0.023299124091863632,0.8716915858879449
UBFC_PHYS_s17_T3_ctrl,108,59,109.96666666666667,-0.10025252401828766,0.4064850421802793
UBFC_PHYS_s17_T3_ctrl,108,60,110.0,-0.23259499669075012,0.016138993211077042
UBFC_PHYS_s17_T3_ctrl,108,61,110.03333333333333,-0.2768184244632721,-0.21355544063479184
UBFC_PHYS_s17_T3_ctrl,108,62,110.06666666666666,-0.16369637846946716,-0.24473069196758493
UBFC_PHYS_s17_T3_ctrl,108,63,110.1,0.03383408114314079,-0.09407017464830587
UBFC_PHYS_s17_T3_ctrl,108,64,110.13333333333334,0.18964610993862152,0.1748696740984185
UBFC_PHYS_s17_T3_ctrl,108,65,110.16666666666667,0.2700980603694916,0.47095033079955645
UBFC_PHYS_s17_T3_ctrl,108,66,110.2,0.3001929223537445,0.7011150354181566
UBFC_PHYS_s17_T3_ctrl,108,67,110.23333333333333,0.2888971269130707,0.7954504698303965
UBFC_PHYS_s17_T3_ctrl,108,68,110.26666666666667,0.25677719712257385,0.7243475567998431
UBFC_PHYS_s17_T3_ctrl,108,69,110.3,0.24625395238399506,0.5027414824400924
UBFC_PHYS_s17_T3_ctrl,108,70,110.33333333333333,0.2699810266494751,0.18129958171563187
UBFC_PHYS_s17_T3_ctrl,108,71,110.36666666666666,0.29950231313705444,-0.17070728195762921
UBFC_PHYS_s17_T3_ctrl,108,72,110.4,0.2915191650390625,-0.48407608299364
UBFC_PHYS_s17_T3_ctrl,108,73,110.43333333333334,0.23110702633857727,-0.7043306104257663
UBFC_PHYS_s17_T3_ctrl,108,74,110.46666666666667,0.14688588678836823,-0.7999030637723691
UBFC_PHYS_s17_T3_ctrl,108,75,110.5,0.07274319231510162,-0.7642954976741303
UBFC_PHYS_s17_T3_ctrl,108,76,110.53333333333333,0.027477990835905075,-0.6140104953228533
UBFC_PHYS_s17_T3_ctrl,108,77,110.56666666666666,0.007145521696656942,-0.38392403012344173
UBFC_PHYS_s17_T3_ctrl,108,78,110.6,-0.024529585614800453,-0.12113619916275288
UBFC_PHYS_s17_T3_ctrl,108,79,110.63333333333334,-0.08581963181495667,0.12214778609634759
UBFC_PHYS_s17_T3_ctrl,108,80,110.66666666666667,-0.10758017003536224,0.2962749705616086
UBFC_PHYS_s17_T3_ctrl,108,81,110.7,0.010902989655733109,0.36190262725450667
UBFC_PHYS_s17_T3_ctrl,108,82,110.73333333333333,0.28659114241600037,0.2974000625338505
UBFC_PHYS_s17_T3_ctrl,108,83,110.76666666666667,0.633706271648407,0.1049091707494754
UBFC_PHYS_s17_T3_ctrl,108,84,110.8,0.9526931047439575,-0.1869813458620092
UBFC_PHYS_s17_T3_ctrl,108,85,110.83333333333333,1.2099334001541138,-0.5262511936775752
UBFC_PHYS_s17_T3_ctrl,108,86,110.86666666666666,1.4098751544952393,-0.8469071788510006
UBFC_PHYS_s17_T3_ctrl,108,87,110.9,1.5786100625991821,-1.083210097877984
UBFC_PHYS_s17_T3_ctrl,108,88,110.93333333333334,1.7806237936019897,-1.185161423286948
UBFC_PHYS_s17_T3_ctrl,108,89,110.96666666666667,2.078622579574585,-1.1309491800193872
UBFC_PHYS_s17_T3_ctrl,108,90,111.0,2.485248565673828,-0.9323307473423886
UBFC_PHYS_s17_T3_ctrl,108,91,111.03333333333333,2.936823606491089,-0.6306038932663927
UBFC_PHYS_s17_T3_ctrl,108,92,111.06666666666666,3.2669425010681152,-0.28386122017233256
UBFC_PHYS_s17_T3_ctrl,108,93,111.1,3.275721549987793,0.05036080287879899
UBFC_PHYS_s17_T3_ctrl,108,94,111.13333333333334,2.8032052516937256,0.33072547800960156
UBFC_PHYS_s17_T3_ctrl,108,95,111.16666666666667,1.8118891716003418,0.5402448375390071
UBFC_PHYS_s17_T3_ctrl,108,96,111.2,0.5749446153640747,0.6846139538597216
UBFC_PHYS_s17_T3_ctrl,108,97,111.23333333333333,-0.3682384490966797,0.7828895673072099
UBFC_PHYS_s17_T3_ctrl,108,98,111.26666666666667,-0.6871082186698914,0.8556267414886017
UBFC_PHYS_s17_T3_ctrl,108,99,111.3,-0.5302777886390686,0.9156212113194536
UBFC_PHYS_s17_T3_ctrl,108,100,111.33333333333333,-0.1797446310520172,0.9639031295855996
UBFC_PHYS_s17_T3_ctrl,108,101,111.36666666666666,0.17150257527828217,0.990778795369869
UBFC_PHYS_s17_T3_ctrl,108,102,111.4,0.3498477041721344,0.9803807582235081
UBFC_PHYS_s17_T3_ctrl,108,103,111.43333333333334,0.26620012521743774,0.9169858188482181
UBFC_PHYS_s17_T3_ctrl,108,104,111.46666666666667,-0.00279245525598526,0.7912429965576909
UBFC_PHYS_s17_T3_ctrl,108,105,111.5,-0.3231956362724304,0.6044907557060049
UBFC_PHYS_s17_T3_ctrl,108,106,111.53333333333333,-0.6245539784431458,0.3699733522750264
UBFC_PHYS_s17_T3_ctrl,108,107,111.56666666666666,-0.9204575419425964,0.11082050834956782
UBFC_PHYS_s17_T3_ctrl,108,108,111.6,-1.2421599626541138,-0.14434383152162575
UBFC_PHYS_s17_T3_ctrl,108,109,111.63333333333334,-1.5477440357208252,-0.36671866859320246
UBFC_PHYS_s17_T3_ctrl,108,110,111.66666666666667,-1.7784245014190674,-0.5321390741679775
UBFC_PHYS_s17_T3_ctrl,108,111,111.7,-1.9989211559295654,-0.6245056953984003
UBFC_PHYS_s17_T3_ctrl,108,112,111.73333333333333,-2.3034517765045166,-0.6377218014403224
UBFC_PHYS_s17_T3_ctrl,108,113,111.76666666666667,-2.6177563667297363,-0.5764966017576325
UBFC_PHYS_s17_T3_ctrl,108,114,111.8,-2.816293478012085,-0.45623742024607394
UBFC_PHYS_s17_T3_ctrl,108,115,111.83333333333333,-2.9505555629730225,-0.30177851941932604
UBFC_PHYS_s17_T3_ctrl,108,116,111.86666666666666,-3.1219594478607178,-0.14440543616672533
UBFC_PHYS_s17_T3_ctrl,108,117,111.9,-3.2574622631073,-0.01690628278954567
UBFC_PHYS_s17_T3_ctrl,108,118,111.93333333333334,-3.148226499557495,0.05279894450940509
UBFC_PHYS_s17_T3_ctrl,108,119,111.96666666666667,-2.6930344104766846,0.04803209948368178
UBFC_PHYS_s17_T3_ctrl,108,120,112.0,-2.0289809703826904,-0.03206269662036013
UBFC_PHYS_s17_T3_ctrl,108,121,112.03333333333333,-1.4111641645431519,-0.1713007178687666
UBFC_PHYS_s17_T3_ctrl,108,122,112.06666666666666,-1.0031687021255493,-0.339433980852763
UBFC_PHYS_s17_T3_ctrl,108,123,112.1,-0.8264856934547424,-0.49897163425801055
UBFC_PHYS_s17_T3_ctrl,108,124,112.13333333333334,-0.7853642702102661,-0.6141145042199091
UBFC_PHYS_s17_T3_ctrl,108,125,112.16666666666667,-0.7089506983757019,-0.6591616343432944
UBFC_PHYS_s17_T3_ctrl,108,126,112.2,-0.49962106347084045,-0.6238646133970437
UBFC_PHYS_s17_T3_ctrl,108,127,112.23333333333333,-0.24906465411186218,-0.5143494126187358
UBFC_PHYS_s17_T3_ctrl,108,128,112.26666666666667,-0.1228441521525383,-0.3499048722155397
UBFC_PHYS_s17_T3_ctrl,108,129,112.3,-0.16425824165344238,-0.15740268617914352
UBFC_PHYS_s17_T3_ctrl,108,130,112.33333333333333,-0.27508601546287537,0.03435185331982875
UBFC_PHYS_s17_T3_ctrl,108,131,112.36666666666666,-0.3361419439315796,0.19882561735887733
UBFC_PHYS_s17_T3_ctrl,108,132,112.4,-0.3205619156360626,0.314645512372033
UBFC_PHYS_s17_T3_ctrl,108,133,112.43333333333334,-0.3040454387664795,0.368233331241355
UBFC_PHYS_s17_T3_ctrl,108,134,112.46666666666667,-0.3283460736274719,0.3565261385132698
UBFC_PHYS_s17_T3_ctrl,108,135,112.5,-0.30914902687072754,0.28877402214276154
UBFC_PHYS_s17_T3_ctrl,108,136,112.53333333333333,-0.13648107647895813,0.1859695426399588
UBFC_PHYS_s17_T3_ctrl,108,137,112.56666666666666,0.17033201456069946,0.07722917464678321
UBFC_PHYS_s17_T3_ctrl,108,138,112.6,0.5068536996841431,-0.0062297554502295065
UBFC_PHYS_s17_T3_ctrl,108,139,112.63333333333334,0.7926905155181885,-0.0379164244958345
UBFC_PHYS_s17_T3_ctrl,108,140,112.66666666666667,1.0035651922225952,-0.0020422570291010996
UBFC_PHYS_s17_T3_ctrl,108,141,112.7,1.125712275505066,0.10252257579402435
UBFC_PHYS_s17_T3_ctrl,108,142,112.73333333333333,1.161226749420166,0.26105091841989836
UBFC_PHYS_s17_T3_ctrl,108,143,112.76666666666667,1.1751445531845093,0.44502843010679083
UBFC_PHYS_s17_T3_ctrl,108,144,112.8,1.2292357683181763,0.6177083888977879
UBFC_PHYS_s17_T3_ctrl,108,145,112.83333333333333,1.280517578125,0.7426047308563739
UBFC_PHYS_s17_T3_ctrl,108,146,112.86666666666666,1.2622452974319458,0.7930719276461783
UBFC_PHYS_s17_T3_ctrl,108,147,112.9,1.1867096424102783,0.7598938343319439
UBFC_PHYS_s17_T3_ctrl,108,148,112.93333333333334,1.1013882160186768,0.6536344088932914
UBFC_PHYS_s17_T3_ctrl,108,149,112.96666666666667,1.014111876487732,0.5001921995013875
UBFC_PHYS_s17_T3_ctrl,108,150,113.0,0.9072874188423157,0.3311984077962169
UBFC_PHYS_s17_T3_ctrl,108,151,113.03333333333333,0.777871310710907,0.1735358430367907
UBFC_PHYS_s17_T3_ctrl,108,152,113.06666666666666,0.6430941224098206,0.042434685806972385
UBFC_PHYS_s17_T3_ctrl,108,153,113.1,0.5509951710700989,-0.05954103530379219
UBFC_PHYS_s17_T3_ctrl,108,154,113.13333333333334,0.5909343361854553,-0.13832382429295398
UBFC_PHYS_s17_T3_ctrl,108,155,113.16666666666667,0.8289190530776978,-0.20201828395058585
UBFC_PHYS_s17_T3_ctrl,108,156,113.2,1.2189817428588867,-0.2559845515926292
UBFC_PHYS_s17_T3_ctrl,108,157,113.23333333333333,1.626883625984192,-0.30149495114796626
UBFC_PHYS_s17_T3_ctrl,108,158,113.26666666666667,1.9475208520889282,-0.3376853778217292
UBFC_PHYS_s17_T3_ctrl,108,159,113.3,2.1897780895233154,-0.36470743313300547
UBFC_PHYS_s17_T3_ctrl,108,160,113.33333333333333,2.4281256198883057,-0.3859028558788393
UBFC_PHYS_s17_T3_ctrl,108,161,113.36666666666666,2.7004778385162354,-0.4078749318089397
UBFC_PHYS_s17_T3_ctrl,108,162,113.4,2.990926504135132,-0.4384282086731215
UBFC_PHYS_s17_T3_ctrl,108,163,113.43333333333334,3.211481809616089,-0.4832272529254623
UBFC_PHYS_s17_T3_ctrl,108,164,113.46666666666667,3.1612064838409424,-0.5427043085133387
UBFC_PHYS_s17_T3_ctrl,108,165,113.5,2.689626693725586,-0.6108387795806183
UBFC_PHYS_s17_T3_ctrl,108,166,113.53333333333333,1.8458117246627808,-0.6766500690539266
UBFC_PHYS_s17_T3_ctrl,108,167,113.56666666666666,0.6836186051368713,-0.727914518486465
UBFC_PHYS_s17_T3_ctrl,108,168,113.6,-0.7655234336853027,-0.7554267512511879
UBFC_PHYS_s17_T3_ctrl,108,169,113.63333333333334,-2.1285595893859863,-0.7557483051002644
UBFC_PHYS_s17_T3_ctrl,108,170,113.66666666666667,-2.9592177867889404,-0.7310752936081626
UBFC_PHYS_s17_T3_ctrl,108,171,113.7,-3.308943271636963,-0.6861741045287366
UBFC_PHYS_s17_T3_ctrl,108,172,113.73333333333333,-3.4936912059783936,-0.6236145306935946
UBFC_PHYS_s17_T3_ctrl,108,173,113.76666666666667,-3.567260265350342,-0.5393936949469864
UBFC_PHYS_s17_T3_ctrl,108,174,113.8,-3.447021245956421,-0.42128775859293804
UBFC_PHYS_s17_T3_ctrl,108,175,113.83333333333333,-3.1916306018829346,-0.25170878694540444
UBFC_PHYS_s17_T3_ctrl,108,176,113.86666666666666,-2.893584966659546,-0.015351748519956824
UBFC_PHYS_s17_T3_ctrl,108,177,113.9,-2.619079113006592,0.2904874534816384
UBFC_PHYS_s17_T3_ctrl,108,178,113.93333333333334,-2.4483189582824707,0.6474998210135174
UBFC_PHYS_s17_T3_ctrl,108,179,113.96666666666667,-2.3610427379608154,1.0149137975059066
UBFC_PHYS_s17_T3_ctrl,108,180,114.0,-2.15557599067688,1.3373646600572238
UBFC_PHYS_s17_T3_ctrl,108,181,114.03333333333333,-1.6910779476165771,1.5599723838343733
UBFC_PHYS_s17_T3_ctrl,108,182,114.06666666666666,-1.1398656368255615,1.6448943517960453
UBFC_PHYS_s17_T3_ctrl,108,183,114.1,-0.7251393795013428,1.582778594663167
UBFC_PHYS_s17_T3_ctrl,108,184,114.13333333333334,-0.46582725644111633,1.3948930270915423
UBFC_PHYS_s17_T3_ctrl,108,185,114.16666666666667,-0.26361459493637085,1.1257583505559479
UBFC_PHYS_s17_T3_ctrl,108,186,114.2,-0.0859483927488327,0.8296920074816648
UBFC_PHYS_s17_T3_ctrl,108,187,114.23333333333333,0.05344080924987793,0.5562930667352768
UBFC_PHYS_s17_T3_ctrl,108,188,114.26666666666667,0.17935696244239807,0.33925371152065154
UBFC_PHYS_s17_T3_ctrl,108,189,114.3,0.3033885359764099,0.19091794336804035
UBFC_PHYS_s17_T3_ctrl,108,190,114.33333333333333,0.36795613169670105,0.1029749758454745
UBFC_PHYS_s17_T3_ctrl,108,191,114.36666666666666,0.33209043741226196,0.052180643092813866
UBFC_PHYS_s17_T3_ctrl,108,192,114.4,0.25190770626068115,0.009115176962456043
UBFC_PHYS_s17_T3_ctrl,108,193,114.43333333333334,0.26548609137535095,-0.052415548833175216
UBFC_PHYS_s17_T3_ctrl,108,194,114.46666666666667,0.49206963181495667,-0.14776510768499468
UBFC_PHYS_s17_T3_ctrl,108,195,114.5,0.8988595008850098,-0.2776944728818053
UBFC_PHYS_s17_T3_ctrl,108,196,114.53333333333333,1.3044670820236206,-0.42964588533391923
UBFC_PHYS_s17_T3_ctrl,108,197,114.56666666666666,1.5940730571746826,-0.5835481301715704
UBFC_PHYS_s17_T3_ctrl,108,198,114.6,1.802302360534668,-0.7196740431416828
UBFC_PHYS_s17_T3_ctrl,108,199,114.63333333333334,1.957622766494751,-0.8251561449570213
UBFC_PHYS_s17_T3_ctrl,108,200,114.66666666666667,2.052730083465576,-0.8968210623699321
UBFC_PHYS_s17_T3_ctrl,108,201,114.7,2.160245180130005,-0.9400954922889355
UBFC_PHYS_s17_T3_ctrl,108,202,114.73333333333333,2.3622353076934814,-0.9653114453636794
UBFC_PHYS_s17_T3_ctrl,108,203,114.76666666666667,2.5511388778686523,-0.9830413960127405
UBFC_PHYS_s17_T3_ctrl,108,204,114.8,2.4943087100982666,-0.9994476189535523
UBFC_PHYS_s17_T3_ctrl,108,205,114.83333333333333,2.061567544937134,-1.0122789529551042
UBFC_PHYS_s17_T3_ctrl,108,206,114.86666666666666,1.2545078992843628,-1.0087609487577218
UBFC_PHYS_s17_T3_ctrl,108,207,114.9,0.2554895877838135,-0.9670765891396154
UBFC_PHYS_s17_T3_ctrl,108,208,114.93333333333334,-0.5976898074150085,-0.862174439916427
UBFC_PHYS_s17_T3_ctrl,108,209,114.96666666666667,-1.1325379610061646,-0.6746520074877232
UBFC_PHYS_s17_T3_ctrl,108,210,115.0,-1.4981945753097534,-0.3997165710895207
UBFC_PHYS_s17_T3_ctrl,108,211,115.03333333333333,-1.8077819347381592,-0.05277922186851046
UBFC_PHYS_s17_T3_ctrl,108,212,115.06666666666666,-1.9188905954360962,0.3306039042999714
UBFC_PHYS_s17_T3_ctrl,108,213,115.1,-1.7817254066467285,0.7006941457171545
UBFC_PHYS_s17_T3_ctrl,108,214,115.13333333333334,-1.6185154914855957,1.0038613210785599
UBFC_PHYS_s17_T3_ctrl,108,215,115.16666666666667,-1.6484348773956299,1.1946894292823877
UBFC_PHYS_s17_T3_ctrl,108,216,115.2,-1.8964511156082153,1.2472714786811254
UBFC_PHYS_s17_T3_ctrl,108,217,115.23333333333333,-2.2339677810668945,1.1629413586118063
UBFC_PHYS_s17_T3_ctrl,108,218,115.26666666666667,-2.3611598014831543,0.9714037808852082
UBFC_PHYS_s17_T3_ctrl,108,219,115.3,-1.9752174615859985,0.7234209657758701
UBFC_PHYS_s17_T3_ctrl,108,220,115.33333333333333,-1.1674554347991943,0.4766830272507367
UBFC_PHYS_s17_T3_ctrl,108,221,115.36666666666666,-0.2809387445449829,0.27979346698765223
UBFC_PHYS_s17_T3_ctrl,108,222,115.4,0.49709129333496094,0.15985861809594037
UBFC_PHYS_s17_T3_ctrl,108,223,115.43333333333334,1.1223644018173218,0.11742481502946861
UBFC_PHYS_s17_T3_ctrl,108,224,115.46666666666667,1.4840530157089233,0.13002383877356866
UBFC_PHYS_s17_T3_ctrl,108,225,115.5,1.4870612621307373,0.16281315003489186
UBFC_PHYS_s17_T3_ctrl,108,226,115.53333333333333,1.1700878143310547,0.18210935446214024
UBFC_PHYS_s17_T3_ctrl,108,227,115.56666666666666,0.6783159971237183,0.16643819704486554
UBFC_PHYS_s17_T3_ctrl,108,228,115.6,0.14683906733989716,0.11112257298381116
UBFC_PHYS_s17_T3_ctrl,108,229,115.63333333333334,-0.34557658433914185,0.02569685127365241
UBFC_PHYS_s17_T3_ctrl,108,230,115.66666666666667,-0.7832221388816833,-0.07321541733410167
UBFC_PHYS_s17_T3_ctrl,108,231,115.7,-1.1584070920944214,-0.16931682290181718
UBFC_PHYS_s17_T3_ctrl,108,232,115.73333333333333,-1.452168583869934,-0.2510228296555535
UBFC_PHYS_s17_T3_ctrl,108,233,115.76666666666667,-1.6218633651733398,-0.3119808934077862
UBFC_PHYS_s17_T3_ctrl,108,234,115.8,-1.580086350440979,-0.34919557227457443
UBFC_PHYS_s17_T3_ctrl,108,235,115.83333333333333,-1.3009568452835083,-0.3611017807095715
UBFC_PHYS_s17_T3_ctrl,108,236,115.86666666666666,-0.9168522357940674,-0.34710415568581404
UBFC_PHYS_s17_T3_ctrl,108,237,115.9,-0.601775050163269,-0.30854047307617966
UBFC_PHYS_s17_T3_ctrl,108,238,115.93333333333334,-0.4021141827106476,-0.249938165224393
UBFC_PHYS_s17_T3_ctrl,108,239,115.96666666666667,-0.28450894355773926,-0.17926670225561173
UBFC_PHYS_s17_T3_ctrl,109,0,109.0,-0.0185597762465477,0.1403100598784188
UBFC_PHYS_s17_T3_ctrl,109,1,109.03333333333333,0.14089266955852509,0.12684154282969456
UBFC_PHYS_s17_T3_ctrl,109,2,109.06666666666666,0.25876712799072266,0.08352471356698839
UBFC_PHYS_s17_T3_ctrl,109,3,109.1,0.31845352053642273,-0.0032519188116459058
UBFC_PHYS_s17_T3_ctrl,109,4,109.13333333333334,0.3379783034324646,-0.1281743087680099
UBFC_PHYS_s17_T3_ctrl,109,5,109.16666666666667,0.34788116812705994,-0.26797973696959276
UBFC_PHYS_s17_T3_ctrl,109,6,109.2,0.3329215347766876,-0.39027977087455723
UBFC_PHYS_s17_T3_ctrl,109,7,109.23333333333333,0.26953619718551636,-0.4664692058359071
UBFC_PHYS_s17_T3_ctrl,109,8,109.26666666666667,0.17969642579555511,-0.48324414273678956
UBFC_PHYS_s17_T3_ctrl,109,9,109.3,0.09019610285758972,-0.4480330851999387
UBFC_PHYS_s17_T3_ctrl,109,10,109.33333333333333,-0.02166173607110977,-0.38643311648909173
UBFC_PHYS_s17_T3_ctrl,109,11,109.36666666666666,-0.16213954985141754,-0.3330879961474752
UBFC_PHYS_s17_T3_ctrl,109,12,109.4,-0.23329733312129974,-0.3197827387520982
UBFC_PHYS_s17_T3_ctrl,109,13,109.43333333333334,-0.12927047908306122,-0.36502469635359236
UBFC_PHYS_s17_T3_ctrl,109,14,109.46666666666667,0.08923625200986862,-0.46813673672106954
UBFC_PHYS_s17_T3_ctrl,109,15,109.5,0.2704492509365082,-0.6088640446739392
UBFC_PHYS_s17_T3_ctrl,109,16,109.53333333333333,0.3690096139907837,-0.7517901079845769
UBFC_PHYS_s17_T3_ctrl,109,17,109.56666666666666,0.420221209526062,-0.854007378904908
UBFC_PHYS_s17_T3_ctrl,109,18,109.6,0.42102891206741333,-0.8744134917293249
UBFC_PHYS_s17_T3_ctrl,109,19,109.63333333333334,0.3885578215122223,-0.7831844173995247
UBFC_PHYS_s17_T3_ctrl,109,20,109.66666666666667,0.3748038411140442,-0.569957047561227
UBFC_PHYS_s17_T3_ctrl,109,21,109.7,0.393638014793396,-0.2490820182045955
UBFC_PHYS_s17_T3_ctrl,109,22,109.73333333333333,0.4089254140853882,0.13970224809842918
UBFC_PHYS_s17_T3_ctrl,109,23,109.76666666666667,0.3870712220668793,0.5364571394476264
UBFC_PHYS_s17_T3_ctrl,109,24,109.8,0.33099013566970825,0.8724133153641078
UBFC_PHYS_s17_T3_ctrl,109,25,109.83333333333333,0.2643623650074005,1.0859998207843478
UBFC_PHYS_s17_T3_ctrl,109,26,109.86666666666666,0.19572126865386963,1.1396211098620308
UBFC_PHYS_s17_T3_ctrl,109,27,109.9,0.11825421452522278,1.0317245999129248
UBFC_PHYS_s17_T3_ctrl,109,28,109.93333333333334,0.023299124091863632,0.799336875157231
UBFC_PHYS_s17_T3_ctrl,109,29,109.96666666666667,-0.10025252401828766,0.5091550125236243
UBFC_PHYS_s17_T3_ctrl,109,30,110.0,-0.23259499669075012,0.23938427231581302
UBFC_PHYS_s17_T3_ctrl,109,31,110.03333333333333,-0.2768184244632721,0.058008970618814146
UBFC_PHYS_s17_T3_ctrl,109,32,110.06666666666666,-0.16369637846946716,0.004468417240572471
UBFC_PHYS_s17_T3_ctrl,109,33,110.1,0.03383408114314079,0.08028732936368288
UBFC_PHYS_s17_T3_ctrl,109,34,110.13333333333334,0.18964610993862152,0.2508253927972483
UBFC_PHYS_s17_T3_ctrl,109,35,110.16666666666667,0.2700980603694916,0.45674517369403705
UBFC_PHYS_s17_T3_ctrl,109,36,110.2,0.3001929223537445,0.6314653860550405
UBFC_PHYS_s17_T3_ctrl,109,37,110.23333333333333,0.2888971269130707,0.7196355943624895
UBFC_PHYS_s17_T3_ctrl,109,38,110.26666666666667,0.25677719712257385,0.6912547974712198
UBFC_PHYS_s17_T3_ctrl,109,39,110.3,0.24625395238399506,0.5473663902881658
UBFC_PHYS_s17_T3_ctrl,109,40,110.33333333333333,0.2699810266494751,0.3166038454813514
UBFC_PHYS_s17_T3_ctrl,109,41,110.36666666666666,0.29950231313705444,0.04526786097416633
UBFC_PHYS_s17_T3_ctrl,109,42,110.4,0.2915191650390625,-0.21500861280210487
UBFC_PHYS_s17_T3_ctrl,109,43,110.43333333333334,0.23110702633857727,-0.41862607675527613
UBFC_PHYS_s17_T3_ctrl,109,44,110.46666666666667,0.14688588678836823,-0.5345644506520788
UBFC_PHYS_s17_T3_ctrl,109,45,110.5,0.07274319231510162,-0.5515097136541759
UBFC_PHYS_s17_T3_ctrl,109,46,110.53333333333333,0.027477990835905075,-0.47940808037878124
UBFC_PHYS_s17_T3_ctrl,109,47,110.56666666666666,0.007145521696656942,-0.3472697341105043
UBFC_PHYS_s17_T3_ctrl,109,48,110.6,-0.024529585614800453,-0.1972132612877762
UBFC_PHYS_s17_T3_ctrl,109,49,110.63333333333334,-0.08581963181495667,-0.0754468864449098
UBFC_PHYS_s17_T3_ctrl,109,50,110.66666666666667,-0.10758017003536224,-0.021933259198311586
UBFC_PHYS_s17_T3_ctrl,109,51,110.7,0.010902989655733109,-0.061177487044299345
UBFC_PHYS_s17_T3_ctrl,109,52,110.73333333333333,0.28659114241600037,-0.19635734574703664
UBFC_PHYS_s17_T3_ctrl,109,53,110.76666666666667,0.633706271648407,-0.40810134270404536
UBFC_PHYS_s17_T3_ctrl,109,54,110.8,0.9526931047439575,-0.6581395478460005
UBFC_PHYS_s17_T3_ctrl,109,55,110.83333333333333,1.2099334001541138,-0.8970818892826575
UBFC_PHYS_s17_T3_ctrl,109,56,110.86666666666666,1.4098751544952393,-1.0748037037309053
UBFC_PHYS_s17_T3_ctrl,109,57,110.9,1.5786100625991821,-1.1513762119477327
UBFC_PHYS_s17_T3_ctrl,109,58,110.93333333333334,1.7806237936019897,-1.1061875912695314
UBFC_PHYS_s17_T3_ctrl,109,59,110.96666666666667,2.078622579574585,-0.9428605872342498
UBFC_PHYS_s17_T3_ctrl,109,60,111.0,2.485248565673828,-0.6880508997013689
UBFC_PHYS_s17_T3_ctrl,109,61,111.03333333333333,2.936823606491089,-0.38383605168032986
UBFC_PHYS_s17_T3_ctrl,109,62,111.06666666666666,3.2669425010681152,-0.07602919502562425
UBFC_PHYS_s17_T3_ctrl,109,63,111.1,3.275721549987793,0.19740495544586104
UBFC_PHYS_s17_T3_ctrl,109,64,111.13333333333334,2.8032052516937256,0.41407117074371147
UBFC_PHYS_s17_T3_ctrl,109,65,111.16666666666667,1.8118891716003418,0.5692201504553562
UBFC_PHYS_s17_T3_ctrl,109,66,111.2,0.5749446153640747,0.6724614203915718
UBFC_PHYS_s17_T3_ctrl,109,67,111.23333333333333,-0.3682384490966797,0.7409011519751841
UBFC_PHYS_s17_T3_ctrl,109,68,111.26666666666667,-0.6871082186698914,0.7913000996412949
UBFC_PHYS_s17_T3_ctrl,109,69,111.3,-0.5302777886390686,0.8337488640324568
UBFC_PHYS_s17_T3_ctrl,109,70,111.33333333333333,-0.1797446310520172,0.8684371652899316
UBFC_PHYS_s17_T3_ctrl,109,71,111.36666666666666,0.17150257527828217,0.8860180444988927
UBFC_PHYS_s17_T3_ctrl,109,72,111.4,0.3498477041721344,0.8713440375355397
UBFC_PHYS_s17_T3_ctrl,109,73,111.43333333333334,0.26620012521743774,0.8096912683766725
UBFC_PHYS_s17_T3_ctrl,109,74,111.46666666666667,-0.00279245525598526,0.6936883516665787
UBFC_PHYS_s17_T3_ctrl,109,75,111.5,-0.3231956362724304,0.5285010534099008
UBFC_PHYS_s17_T3_ctrl,109,76,111.53333333333333,-0.6245539784431458,0.333056883609543
UBFC_PHYS_s17_T3_ctrl,109,77,111.56666666666666,-0.9204575419425964,0.1363740013931345
UBFC_PHYS_s17_T3_ctrl,109,78,111.6,-1.2421599626541138,-0.030038513774136855
UBFC_PHYS_s17_T3_ctrl,109,79,111.63333333333334,-1.5477440357208252,-0.1410828545061636
UBFC_PHYS_s17_T3_ctrl,109,80,111.66666666666667,-1.7784245014190674,-0.18506209396466297
UBFC_PHYS_s17_T3_ctrl,109,81,111.7,-1.9989211559295654,-0.16632073144578685
UBFC_PHYS_s17_T3_ctrl,109,82,111.73333333333333,-2.3034517765045166,-0.10290813326966453
UBFC_PHYS_s17_T3_ctrl,109,83,111.76666666666667,-2.6177563667297363,-0.02057714798449671
UBFC_PHYS_s17_T3_ctrl,109,84,111.8,-2.816293478012085,0.05440679306744659
UBFC_PHYS_s17_T3_ctrl,109,85,111.83333333333333,-2.9505555629730225,0.101167286501806
UBFC_PHYS_s17_T3_ctrl,109,86,111.86666666666666,-3.1219594478607178,0.10732911869025016
UBFC_PHYS_s17_T3_ctrl,109,87,111.9,-3.2574622631073,0.06919707288330004
UBFC_PHYS_s17_T3_ctrl,109,88,111.93333333333334,-3.148226499557495,-0.010055011275796145
UBFC_PHYS_s17_T3_ctrl,109,89,111.96666666666667,-2.6930344104766846,-0.1227502767191821
UBFC_PHYS_s17_T3_ctrl,109,90,112.0,-2.0289809703826904,-0.25837565903967064
UBFC_PHYS_s17_T3_ctrl,109,91,112.03333333333333,-1.4111641645431519,-0.40410373649970777
UBFC_PHYS_s17_T3_ctrl,109,92,112.06666666666666,-1.0031687021255493,-0.544811559683064
UBFC_PHYS_s17_T3_ctrl,109,93,112.1,-0.8264856934547424,-0.6638534798880104
UBFC_PHYS_s17_T3_ctrl,109,94,112.13333333333334,-0.7853642702102661,-0.7454418263689837
UBFC_PHYS_s17_T3_ctrl,109,95,112.16666666666667,-0.7089506983757019,-0.7782784604212889
UBFC_PHYS_s17_T3_ctrl,109,96,112.2,-0.49962106347084045,-0.7588577346564283
UBFC_PHYS_s17_T3_ctrl,109,97,112.23333333333333,-0.24906465411186218,-0.692613599924647
UBFC_PHYS_s17_T3_ctrl,109,98,112.26666666666667,-0.1228441521525383,-0.5921861739802402
UBFC_PHYS_s17_T3_ctrl,109,99,112.3,-0.16425824165344238,-0.47371527950019404
UBFC_PHYS_s17_T3_ctrl,109,100,112.33333333333333,-0.27508601546287537,-0.35303060240947587
UBFC_PHYS_s17_T3_ctrl,109,101,112.36666666666666,-0.3361419439315796,-0.24328202170115065
UBFC_PHYS_s17_T3_ctrl,109,102,112.4,-0.3205619156360626,-0.1541948094700413
UBFC_PHYS_s17_T3_ctrl,109,103,112.43333333333334,-0.3040454387664795,-0.0918428483080183
UBFC_PHYS_s17_T3_ctrl,109,104,112.46666666666667,-0.3283460736274719,-0.05766666017040467
UBFC_PHYS_s17_T3_ctrl,109,105,112.5,-0.30914902687072754,-0.04656806336363435
UBFC_PHYS_s17_T3_ctrl,109,106,112.53333333333333,-0.13648107647895813,-0.04548423241095501
UBFC_PHYS_s17_T3_ctrl,109,107,112.56666666666666,0.17033201456069946,-0.034452242936145995
UBFC_PHYS_s17_T3_ctrl,109,108,112.6,0.5068536996841431,0.008941429170543611
UBFC_PHYS_s17_T3_ctrl,109,109,112.63333333333334,0.7926905155181885,0.10272782939888388
UBFC_PHYS_s17_T3_ctrl,109,110,112.66666666666667,1.0035651922225952,0.2536265563586686
UBFC_PHYS_s17_T3_ctrl,109,111,112.7,1.125712275505066,0.45256996566313473
UBFC_PHYS_s17_T3_ctrl,109,112,112.73333333333333,1.161226749420166,0.6746324547593326
UBFC_PHYS_s17_T3_ctrl,109,113,112.76666666666667,1.1751445531845093,0.8840265654513833
UBFC_PHYS_s17_T3_ctrl,109,114,112.8,1.2292357683181763,1.0431187767363277
UBFC_PHYS_s17_T3_ctrl,109,115,112.83333333333333,1.280517578125,1.1228061019805016
UBFC_PHYS_s17_T3_ctrl,109,116,112.86666666666666,1.2622452974319458,1.1107201488910312
UBFC_PHYS_s17_T3_ctrl,109,117,112.9,1.1867096424102783,1.014153792027444
UBFC_PHYS_s17_T3_ctrl,109,118,112.93333333333334,1.1013882160186768,0.8564621666988094
UBFC_PHYS_s17_T3_ctrl,109,119,112.96666666666667,1.014111876487732,0.668374537306589
UBFC_PHYS_s17_T3_ctrl,109,120,113.0,0.9072874188423157,0.477965140313041
UBFC_PHYS_s17_T3_ctrl,109,121,113.03333333333333,0.777871310710907,0.3035165871596118
UBFC_PHYS_s17_T3_ctrl,109,122,113.06666666666666,0.6430941224098206,0.15165962481344317
UBFC_PHYS_s17_T3_ctrl,109,123,113.1,0.5509951710700989,0.020322974319610825
UBFC_PHYS_s17_T3_ctrl,109,124,113.13333333333334,0.5909343361854553,-0.09600852103826008
UBFC_PHYS_s17_T3_ctrl,109,125,113.16666666666667,0.8289190530776978,-0.20165888144282207
UBFC_PHYS_s17_T3_ctrl,109,126,113.2,1.2189817428588867,-0.29767163228377214
UBFC_PHYS_s17_T3_ctrl,109,127,113.23333333333333,1.626883625984192,-0.38246985680700535
UBFC_PHYS_s17_T3_ctrl,109,128,113.26666666666667,1.9475208520889282,-0.45398552074440107
UBFC_PHYS_s17_T3_ctrl,109,129,113.3,2.1897780895233154,-0.5115118057863602
UBFC_PHYS_s17_T3_ctrl,109,130,113.33333333333333,2.4281256198883057,-0.5562281019026789
UBFC_PHYS_s17_T3_ctrl,109,131,113.36666666666666,2.7004778385162354,-0.5904623943819497
UBFC_PHYS_s17_T3_ctrl,109,132,113.4,2.990926504135132,-0.6164384450947311
UBFC_PHYS_s17_T3_ctrl,109,133,113.43333333333334,3.211481809616089,-0.6353333001408944
UBFC_PHYS_s17_T3_ctrl,109,134,113.46666666666667,3.1612064838409424,-0.647174714691587
UBFC_PHYS_s17_T3_ctrl,109,135,113.5,2.689626693725586,-0.6516463757419796
UBFC_PHYS_s17_T3_ctrl,109,136,113.53333333333333,1.8458117246627808,-0.6493996051799957
UBFC_PHYS_s17_T3_ctrl,109,137,113.56666666666666,0.6836186051368713,-0.6431198601422723
UBFC_PHYS_s17_T3_ctrl,109,138,113.6,-0.7655234336853027,-0.6375063387480603
UBFC_PHYS_s17_T3_ctrl,109,139,113.63333333333334,-2.1285595893859863,-0.6376750935182729
UBFC_PHYS_s17_T3_ctrl,109,140,113.66666666666667,-2.9592177867889404,-0.6462547027925565
UBFC_PHYS_s17_T3_ctrl,109,141,113.7,-3.308943271636963,-0.6601644996254394
UBFC_PHYS_s17_T3_ctrl,109,142,113.73333333333333,-3.4936912059783936,-0.6683431711288755
UBFC_PHYS_s17_T3_ctrl,109,143,113.76666666666667,-3.567260265350342,-0.6515961398513852
UBFC_PHYS_s17_T3_ctrl,109,144,113.8,-3.447021245956421,-0.5854079725896468
UBFC_PHYS_s17_T3_ctrl,109,145,113.83333333333333,-3.1916306018829346,-0.4458791565398041
UBFC_PHYS_s17_T3_ctrl,109,146,113.86666666666666,-2.893584966659546,-0.2178122649713077
UBFC_PHYS_s17_T3_ctrl,109,147,113.9,-2.619079113006592,0.09726762438700029
UBFC_PHYS_s17_T3_ctrl,109,148,113.93333333333334,-2.4483189582824707,0.4761329176713181
UBFC_PHYS_s17_T3_ctrl,109,149,113.96666666666667,-2.3610427379608154,0.8746402877707047
UBFC_PHYS_s17_T3_ctrl,109,150,114.0,-2.15557599067688,1.2354986481410557
UBFC_PHYS_s17_T3_ctrl,109,151,114.03333333333333,-1.6910779476165771,1.5016587194228046
UBFC_PHYS_s17_T3_ctrl,109,152,114.06666666666666,-1.1398656368255615,1.6312674800048323
UBFC_PHYS_s17_T3_ctrl,109,153,114.1,-0.7251393795013428,1.6089892018759167
UBFC_PHYS_s17_T3_ctrl,109,154,114.13333333333334,-0.46582725644111633,1.4498665703614741
UBFC_PHYS_s17_T3_ctrl,109,155,114.16666666666667,-0.26361459493637085,1.1947579695489017
UBFC_PHYS_s17_T3_ctrl,109,156,114.2,-0.0859483927488327,0.8990860958254213
UBFC_PHYS_s17_T3_ctrl,109,157,114.23333333333333,0.05344080924987793,0.6183935308181887
UBFC_PHYS_s17_T3_ctrl,109,158,114.26666666666667,0.17935696244239807,0.39485000714565965
UBFC_PHYS_s17_T3_ctrl,109,159,114.3,0.3033885359764099,0.24833266577432014
UBFC_PHYS_s17_T3_ctrl,109,160,114.33333333333333,0.36795613169670105,0.174174253118874
UBFC_PHYS_s17_T3_ctrl,109,161,114.36666666666666,0.33209043741226196,0.14768456380737555
UBFC_PHYS_s17_T3_ctrl,109,162,114.4,0.25190770626068115,0.13371849170994457
UBFC_PHYS_s17_T3_ctrl,109,163,114.43333333333334,0.26548609137535095,0.09831958898888765
UBFC_PHYS_s17_T3_ctrl,109,164,114.46666666666667,0.49206963181495667,0.019028831184594114
UBFC_PHYS_s17_T3_ctrl,109,165,114.5,0.8988595008850098,-0.10915702971159838
UBFC_PHYS_s17_T3_ctrl,109,166,114.53333333333333,1.3044670820236206,-0.2739700256915726
UBFC_PHYS_s17_T3_ctrl,109,167,114.56666666666666,1.5940730571746826,-0.45190921762689107
UBFC_PHYS_s17_T3_ctrl,109,168,114.6,1.802302360534668,-0.617440782437658
UBFC_PHYS_s17_T3_ctrl,109,169,114.63333333333334,1.957622766494751,-0.7514506613400738
UBFC_PHYS_s17_T3_ctrl,109,170,114.66666666666667,2.052730083465576,-0.8459681135398985
UBFC_PHYS_s17_T3_ctrl,109,171,114.7,2.160245180130005,-0.9043052442583467
UBFC_PHYS_s17_T3_ctrl,109,172,114.73333333333333,2.3622353076934814,-0.9375336018997876
UBFC_PHYS_s17_T3_ctrl,109,173,114.76666666666667,2.5511388778686523,-0.9589745303535566
UBFC_PHYS_s17_T3_ctrl,109,174,114.8,2.4943087100982666,-0.9783133340414276
UBFC_PHYS_s17_T3_ctrl,109,175,114.83333333333333,2.061567544937134,-0.996761259249608
UBFC_PHYS_s17_T3_ctrl,109,176,114.86666666666666,1.2545078992843628,-1.0047677603516234
UBFC_PHYS_s17_T3_ctrl,109,177,114.9,0.2554895877838135,-0.983559516083051
UBFC_PHYS_s17_T3_ctrl,109,178,114.93333333333334,-0.5976898074150085,-0.9106626211410757
UBFC_PHYS_s17_T3_ctrl,109,179,114.96666666666667,-1.1325379610061646,-0.7679221956473915
UBFC_PHYS_s17_T3_ctrl,109,180,115.0,-1.4981945753097534,-0.5492739744349867
UBFC_PHYS_s17_T3_ctrl,109,181,115.03333333333333,-1.8077819347381592,-0.26542546085246377
UBFC_PHYS_s17_T3_ctrl,109,182,115.06666666666666,-1.9188905954360962,0.05618061326527256
UBFC_PHYS_s17_T3_ctrl,109,183,115.1,-1.7817254066467285,0.3760073415552865
UBFC_PHYS_s17_T3_ctrl,109,184,115.13333333333334,-1.6185154914855957,0.6502788440073763
UBFC_PHYS_s17_T3_ctrl,109,185,115.16666666666667,-1.6484348773956299,0.8402560614086082
UBFC_PHYS_s17_T3_ctrl,109,186,115.2,-1.8964511156082153,0.9212943841836411
UBFC_PHYS_s17_T3_ctrl,109,187,115.23333333333333,-2.2339677810668945,0.889853170214152
UBFC_PHYS_s17_T3_ctrl,109,188,115.26666666666667,-2.3611598014831543,0.7659489933773991
UBFC_PHYS_s17_T3_ctrl,109,189,115.3,-1.9752174615859985,0.5889735528602301
UBFC_PHYS_s17_T3_ctrl,109,190,115.33333333333333,-1.1674554347991943,0.40734278257417855
UBFC_PHYS_s17_T3_ctrl,109,191,115.36666666666666,-0.2809387445449829,0.26539309418027196
UBFC_PHYS_s17_T3_ctrl,109,192,115.4,0.49709129333496094,0.19207964777173406
UBFC_PHYS_s17_T3_ctrl,109,193,115.43333333333334,1.1223644018173218,0.19509226021182707
UBFC_PHYS_s17_T3_ctrl,109,194,115.46666666666667,1.4840530157089233,0.2618536517623495
UBFC_PHYS_s17_T3_ctrl,109,195,115.5,1.4870612621307373,0.3663269154748329
UBFC_PHYS_s17_T3_ctrl,109,196,115.53333333333333,1.1700878143310547,0.4784740958759323
UBFC_PHYS_s17_T3_ctrl,109,197,115.56666666666666,0.6783159971237183,0.5725272495369848
UBFC_PHYS_s17_T3_ctrl,109,198,115.6,0.14683906733989716,0.6313692441168784
UBFC_PHYS_s17_T3_ctrl,109,199,115.63333333333334,-0.34557658433914185,0.6466208301495672
UBFC_PHYS_s17_T3_ctrl,109,200,115.66666666666667,-0.7832221388816833,0.6161995463707362
UBFC_PHYS_s17_T3_ctrl,109,201,115.7,-1.1584070920944214,0.5418507832231537
UBFC_PHYS_s17_T3_ctrl,109,202,115.73333333333333,-1.452168583869934,0.42808726637757144
UBFC_PHYS_s17_T3_ctrl,109,203,115.76666666666667,-1.6218633651733398,0.28229166040847514
UBFC_PHYS_s17_T3_ctrl,109,204,115.8,-1.580086350440979,0.11486494832584272
UBFC_PHYS_s17_T3_ctrl,109,205,115.83333333333333,-1.3009568452835083,-0.0614470804746872
UBFC_PHYS_s17_T3_ctrl,109,206,115.86666666666666,-0.9168522357940674,-0.23308688272115258
UBFC_PHYS_s17_T3_ctrl,109,207,115.9,-0.601775050163269,-0.38750647339249333
UBFC_PHYS_s17_T3_ctrl,109,208,115.93333333333334,-0.4021141827106476,-0.5147407282812388
UBFC_PHYS_s17_T3_ctrl,109,209,115.96666666666667,-0.28450894355773926,-0.6084585639732872
UBFC_PHYS_s17_T3_ctrl,109,210,116.0,-0.25700098276138306,-0.6662559575739923
UBFC_PHYS_s17_T3_ctrl,109,211,116.03333333333333,-0.3049350380897522,-0.6890802036668311
UBFC_PHYS_s17_T3_ctrl,109,212,116.06666666666666,-0.29510241746902466,-0.6801579305793185
UBFC_PHYS_s17_T3_ctrl,109,213,116.1,-0.1354275792837143,-0.6440771383628341
UBFC_PHYS_s17_T3_ctrl,109,214,116.13333333333334,0.08645034581422806,-0.5862835208768057
UBFC_PHYS_s17_T3_ctrl,109,215,116.16666666666667,0.20524954795837402,-0.5127355673333769
UBFC_PHYS_s17_T3_ctrl,109,216,116.2,0.1714557558298111,-0.4294594995375017
UBFC_PHYS_s17_T3_ctrl,109,217,116.23333333333333,0.10295511037111282,-0.34204338260910794
UBFC_PHYS_s17_T3_ctrl,109,218,116.26666666666667,0.14324547350406647,-0.2552369369262025
UBFC_PHYS_s17_T3_ctrl,109,219,116.3,0.2384229600429535,-0.1727381834069643
UBFC_PHYS_s17_T3_ctrl,109,220,116.33333333333333,0.17645400762557983,-0.09712786205830116
UBFC_PHYS_s17_T3_ctrl,109,221,116.36666666666666,-0.0975017249584198,-0.029849204443802672
UBFC_PHYS_s17_T3_ctrl,109,222,116.4,-0.38608935475349426,0.028842733561169617
UBFC_PHYS_s17_T3_ctrl,109,223,116.43333333333334,-0.4839707911014557,0.07989393554379061
UBFC_PHYS_s17_T3_ctrl,109,224,116.46666666666667,-0.36562812328338623,0.12517073712615104
UBFC_PHYS_s17_T3_ctrl,109,225,116.5,-0.135673388838768,0.16662859483157053
UBFC_PHYS_s17_T3_ctrl,109,226,116.53333333333333,0.12003345042467117,0.20500053671568588
UBFC_PHYS_s17_T3_ctrl,109,227,116.56666666666666,0.40279170870780945,0.2385687788740049
UBFC_PHYS_s17_T3_ctrl,109,228,116.6,0.633905291557312,0.262878990487911
UBFC_PHYS_s17_T3_ctrl,109,229,116.63333333333334,0.5813241600990295,0.27198488271570553
UBFC_PHYS_s17_T3_ctrl,109,230,116.66666666666667,0.16615314781665802,0.26096176693207074
UBFC_PHYS_s17_T3_ctrl,109,231,116.7,-0.36266660690307617,0.22859248313256264
UBFC_PHYS_s17_T3_ctrl,109,232,116.73333333333333,-0.7061998844146729,0.1789284100226072
UBFC_PHYS_s17_T3_ctrl,109,233,116.76666666666667,-0.7430254220962524,0.12092333578282034
UBFC_PHYS_s17_T3_ctrl,109,234,116.8,-0.5098048448562622,0.06619510552825757
UBFC_PHYS_s17_T3_ctrl,109,235,116.83333333333333,-0.1735992431640625,0.02575679251980739
UBFC_PHYS_s17_T3_ctrl,109,236,116.86666666666666,0.06039388105273247,0.0069296472020769365
UBFC_PHYS_s17_T3_ctrl,109,237,116.9,0.11720071732997894,0.011491502617247835
UBFC_PHYS_s17_T3_ctrl,109,238,116.93333333333334,0.0712214782834053,0.0355380457088408
UBFC_PHYS_s17_T3_ctrl,109,239,116.96666666666667,-0.007018144242465496,0.07080855407477056
UBFC_PHYS_s17_T3_ctrl,110,0,110.0,-0.23259499669075012,0.051595369006805614
UBFC_PHYS_s17_T3_ctrl,110,1,110.03333333333333,-0.2768184244632721,0.25816559161859354
UBFC_PHYS_s17_T3_ctrl,110,2,110.06666666666666,-0.16369637846946716,0.4494484069226774
UBFC_PHYS_s17_T3_ctrl,110,3,110.1,0.03383408114314079,0.6102410116537141
UBFC_PHYS_s17_T3_ctrl,110,4,110.13333333333334,0.18964610993862152,0.7266321866629084
UBFC_PHYS_s17_T3_ctrl,110,5,110.16666666666667,0.2700980603694916,0.7878485415291605
UBFC_PHYS_s17_T3_ctrl,110,6,110.2,0.3001929223537445,0.7885611038994903
UBFC_PHYS_s17_T3_ctrl,110,7,110.23333333333333,0.2888971269130707,0.730847231505797
UBFC_PHYS_s17_T3_ctrl,110,8,110.26666666666667,0.25677719712257385,0.6245559776799035
UBFC_PHYS_s17_T3_ctrl,110,9,110.3,0.24625395238399506,0.48522824042747137
UBFC_PHYS_s17_T3_ctrl,110,10,110.33333333333333,0.2699810266494751,0.33039013945774603
UBFC_PHYS_s17_T3_ctrl,110,11,110.36666666666666,0.29950231313705444,0.17628771580322458
UBFC_PHYS_s17_T3_ctrl,110,12,110.4,0.2915191650390625,0.036457496531014266
UBFC_PHYS_s17_T3_ctrl,110,13,110.43333333333334,0.23110702633857727,-0.07817445584152038
UBFC_PHYS_s17_T3_ctrl,110,14,110.46666666666667,0.14688588678836823,-0.15902192517359323
UBFC_PHYS_s17_T3_ctrl,110,15,110.5,0.07274319231510162,-0.20060206712768067
UBFC_PHYS_s17_T3_ctrl,110,16,110.53333333333333,0.027477990835905075,-0.2025403175714125
UBFC_PHYS_s17_T3_ctrl,110,17,110.56666666666666,0.007145521696656942,-0.17185392247471265
UBFC_PHYS_s17_T3_ctrl,110,18,110.6,-0.024529585614800453,-0.12390954128507552
UBFC_PHYS_s17_T3_ctrl,110,19,110.63333333333334,-0.08581963181495667,-0.08076775530886536
UBFC_PHYS_s17_T3_ctrl,110,20,110.66666666666667,-0.10758017003536224,-0.066783170320639
UBFC_PHYS_s17_T3_ctrl,110,21,110.7,0.010902989655733109,-0.10255444218247692
UBFC_PHYS_s17_T3_ctrl,110,22,110.73333333333333,0.28659114241600037,-0.19890304736074382
UBFC_PHYS_s17_T3_ctrl,110,23,110.76666666666667,0.633706271648407,-0.3525181780300235
UBFC_PHYS_s17_T3_ctrl,110,24,110.8,0.9526931047439575,-0.5445479906878705
UBFC_PHYS_s17_T3_ctrl,110,25,110.83333333333333,1.2099334001541138,-0.7428358043342801
UBFC_PHYS_s17_T3_ctrl,110,26,110.86666666666666,1.4098751544952393,-0.9077075125298506
UBFC_PHYS_s17_T3_ctrl,110,27,110.9,1.5786100625991821,-1.0003619576686096
UBFC_PHYS_s17_T3_ctrl,110,28,110.93333333333334,1.7806237936019897,-0.992164829116917
UBFC_PHYS_s17_T3_ctrl,110,29,110.96666666666667,2.078622579574585,-0.8725595746521636
UBFC_PHYS_s17_T3_ctrl,110,30,111.0,2.485248565673828,-0.6530911035114213
UBFC_PHYS_s17_T3_ctrl,110,31,111.03333333333333,2.936823606491089,-0.3656853940678512
UBFC_PHYS_s17_T3_ctrl,110,32,111.06666666666666,3.2669425010681152,-0.055060383611031535
UBFC_PHYS_s17_T3_ctrl,110,33,111.1,3.275721549987793,0.23261714641370218
UBFC_PHYS_s17_T3_ctrl,110,34,111.13333333333334,2.8032052516937256,0.4610409571562387
UBFC_PHYS_s17_T3_ctrl,110,35,111.16666666666667,1.8118891716003418,0.6112028188663173
UBFC_PHYS_s17_T3_ctrl,110,36,111.2,0.5749446153640747,0.6829341714665844
UBFC_PHYS_s17_T3_ctrl,110,37,111.23333333333333,-0.3682384490966797,0.691083581650937
UBFC_PHYS_s17_T3_ctrl,110,38,111.26666666666667,-0.6871082186698914,0.6586708833734743
UBFC_PHYS_s17_T3_ctrl,110,39,111.3,-0.5302777886390686,0.6096784775066485
UBFC_PHYS_s17_T3_ctrl,110,40,111.33333333333333,-0.1797446310520172,0.563221708928823
UBFC_PHYS_s17_T3_ctrl,110,41,111.36666666666666,0.17150257527828217,0.5298179633209432
UBFC_PHYS_s17_T3_ctrl,110,42,111.4,0.3498477041721344,0.5101636524434641
UBFC_PHYS_s17_T3_ctrl,110,43,111.43333333333334,0.26620012521743774,0.49671345973190445
UBFC_PHYS_s17_T3_ctrl,110,44,111.46666666666667,-0.00279245525598526,0.4777006449366901
UBFC_PHYS_s17_T3_ctrl,110,45,111.5,-0.3231956362724304,0.4422950120898821
UBFC_PHYS_s17_T3_ctrl,110,46,111.53333333333333,-0.6245539784431458,0.3850561053456779
UBFC_PHYS_s17_T3_ctrl,110,47,111.56666666666666,-0.9204575419425964,0.3080706512841751
UBFC_PHYS_s17_T3_ctrl,110,48,111.6,-1.2421599626541138,0.22010512125296394
UBFC_PHYS_s17_T3_ctrl,110,49,111.63333333333334,-1.5477440357208252,0.1333021467727304
UBFC_PHYS_s17_T3_ctrl,110,50,111.66666666666667,-1.7784245014190674,0.05884539328798844
UBFC_PHYS_s17_T3_ctrl,110,51,111.7,-1.9989211559295654,0.0032655217823944517
UBFC_PHYS_s17_T3_ctrl,110,52,111.73333333333333,-2.3034517765045166,-0.03337310958422438
UBFC_PHYS_s17_T3_ctrl,110,53,111.76666666666667,-2.6177563667297363,-0.05699147724440932
UBFC_PHYS_s17_T3_ctrl,110,54,111.8,-2.816293478012085,-0.0771425181221036
UBFC_PHYS_s17_T3_ctrl,110,55,111.83333333333333,-2.9505555629730225,-0.10380113969953494
UBFC_PHYS_s17_T3_ctrl,110,56,111.86666666666666,-3.1219594478607178,-0.14451503062886548
UBFC_PHYS_s17_T3_ctrl,110,57,111.9,-3.2574622631073,-0.20283249145303142
UBFC_PHYS_s17_T3_ctrl,110,58,111.93333333333334,-3.148226499557495,-0.2781997091652368
UBFC_PHYS_s17_T3_ctrl,110,59,111.96666666666667,-2.6930344104766846,-0.3667515628870051
UBFC_PHYS_s17_T3_ctrl,110,60,112.0,-2.0289809703826904,-0.46206910432660386
UBFC_PHYS_s17_T3_ctrl,110,61,112.03333333333333,-1.4111641645431519,-0.555336685072981
UBFC_PHYS_s17_T3_ctrl,110,62,112.06666666666666,-1.0031687021255493,-0.6352373854165508
UBFC_PHYS_s17_T3_ctrl,110,63,112.1,-0.8264856934547424,-0.688629677988085
UBFC_PHYS_s17_T3_ctrl,110,64,112.13333333333334,-0.7853642702102661,-0.7028582091260186
UBFC_PHYS_s17_T3_ctrl,110,65,112.16666666666667,-0.7089506983757019,-0.6694584762801454
UBFC_PHYS_s17_T3_ctrl,110,66,112.2,-0.49962106347084045,-0.5877043909604851
UBFC_PHYS_s17_T3_ctrl,110,67,112.23333333333333,-0.24906465411186218,-0.46603687087266027
UBFC_PHYS_s17_T3_ctrl,110,68,112.26666666666667,-0.1228441521525383,-0.3204416828931338
UBFC_PHYS_s17_T3_ctrl,110,69,112.3,-0.16425824165344238,-0.1704765212646634
UBFC_PHYS_s17_T3_ctrl,110,70,112.33333333333333,-0.27508601546287537,-0.0346577400408674
UBFC_PHYS_s17_T3_ctrl,110,71,112.36666666666666,-0.3361419439315796,0.07316685761908434
UBFC_PHYS_s17_T3_ctrl,110,72,112.4,-0.3205619156360626,0.14572313743331555
UBFC_PHYS_s17_T3_ctrl,110,73,112.43333333333334,-0.3040454387664795,0.18267601902054936
UBFC_PHYS_s17_T3_ctrl,110,74,112.46666666666667,-0.3283460736274719,0.18996676829658715
UBFC_PHYS_s17_T3_ctrl,110,75,112.5,-0.30914902687072754,0.17847684452928825
UBFC_PHYS_s17_T3_ctrl,110,76,112.53333333333333,-0.13648107647895813,0.16214786794135547
UBFC_PHYS_s17_T3_ctrl,110,77,112.56666666666666,0.17033201456069946,0.15560786791696232
UBFC_PHYS_s17_T3_ctrl,110,78,112.6,0.5068536996841431,0.1714555232347623
UBFC_PHYS_s17_T3_ctrl,110,79,112.63333333333334,0.7926905155181885,0.21759991415021343
UBFC_PHYS_s17_T3_ctrl,110,80,112.66666666666667,1.0035651922225952,0.2952853262858333
UBFC_PHYS_s17_T3_ctrl,110,81,112.7,1.125712275505066,0.398371145420477
UBFC_PHYS_s17_T3_ctrl,110,82,112.73333333333333,1.161226749420166,0.5140277564408471
UBFC_PHYS_s17_T3_ctrl,110,83,112.76666666666667,1.1751445531845093,0.6246686589787365
UBFC_PHYS_s17_T3_ctrl,110,84,112.8,1.2292357683181763,0.7109508117006365
UBFC_PHYS_s17_T3_ctrl,110,85,112.83333333333333,1.280517578125,0.7556442824600922
UBFC_PHYS_s17_T3_ctrl,110,86,112.86666666666666,1.2622452974319458,0.7477048878511152
UBFC_PHYS_s17_T3_ctrl,110,87,112.9,1.1867096424102783,0.6852704510205982
UBFC_PHYS_s17_T3_ctrl,110,88,112.93333333333334,1.1013882160186768,0.5761744135310761
UBFC_PHYS_s17_T3_ctrl,110,89,112.96666666666667,1.014111876487732,0.4353893763881382
UBFC_PHYS_s17_T3_ctrl,110,90,113.0,0.9072874188423157,0.2803662686216658
UBFC_PHYS_s17_T3_ctrl,110,91,113.03333333333333,0.777871310710907,0.1263924649291871
UBFC_PHYS_s17_T3_ctrl,110,92,113.06666666666666,0.6430941224098206,-0.016096804634549513
UBFC_PHYS_s17_T3_ctrl,110,93,113.1,0.5509951710700989,-0.1415796762712268
UBFC_PHYS_s17_T3_ctrl,110,94,113.13333333333334,0.5909343361854553,-0.247624155100415
UBFC_PHYS_s17_T3_ctrl,110,95,113.16666666666667,0.8289190530776978,-0.33274743816256297
UBFC_PHYS_s17_T3_ctrl,110,96,113.2,1.2189817428588867,-0.3954068613145496
UBFC_PHYS_s17_T3_ctrl,110,97,113.23333333333333,1.626883625984192,-0.43463724847629764
UBFC_PHYS_s17_T3_ctrl,110,98,113.26666666666667,1.9475208520889282,-0.45166106444728865
UBFC_PHYS_s17_T3_ctrl,110,99,113.3,2.1897780895233154,-0.4511621832712862
UBFC_PHYS_s17_T3_ctrl,110,100,113.33333333333333,2.4281256198883057,-0.44124496277542236
UBFC_PHYS_s17_T3_ctrl,110,101,113.36666666666666,2.7004778385162354,-0.43192687047653566
UBFC_PHYS_s17_T3_ctrl,110,102,113.4,2.990926504135132,-0.43265527094897654
UBFC_PHYS_s17_T3_ctrl,110,103,113.43333333333334,3.211481809616089,-0.44963917910461143
UBFC_PHYS_s17_T3_ctrl,110,104,113.46666666666667,3.1612064838409424,-0.48385079101193884
UBFC_PHYS_s17_T3_ctrl,110,105,113.5,2.689626693725586,-0.5303894190188517
UBFC_PHYS_s17_T3_ctrl,110,106,113.53333333333333,1.8458117246627808,-0.579503004845482
UBFC_PHYS_s17_T3_ctrl,110,107,113.56666666666666,0.6836186051368713,-0.6190161554402936
UBFC_PHYS_s17_T3_ctrl,110,108,113.6,-0.7655234336853027,-0.6374032413708693
UBFC_PHYS_s17_T3_ctrl,110,109,113.63333333333334,-2.1285595893859863,-0.6265204227172555
UBFC_PHYS_s17_T3_ctrl,110,110,113.66666666666667,-2.9592177867889404,-0.5831780832755837
UBFC_PHYS_s17_T3_ctrl,110,111,113.7,-3.308943271636963,-0.5090923489203816
UBFC_PHYS_s17_T3_ctrl,110,112,113.73333333333333,-3.4936912059783936,-0.40913079183414575
UBFC_PHYS_s17_T3_ctrl,110,113,113.76666666666667,-3.567260265350342,-0.28832591291680104
UBFC_PHYS_s17_T3_ctrl,110,114,113.8,-3.447021245956421,-0.14890695176203148
UBFC_PHYS_s17_T3_ctrl,110,115,113.83333333333333,-3.1916306018829346,0.010905877041527715
UBFC_PHYS_s17_T3_ctrl,110,116,113.86666666666666,-2.893584966659546,0.1950067266699619
UBFC_PHYS_s17_T3_ctrl,110,117,113.9,-2.619079113006592,0.4045879134870671
UBFC_PHYS_s17_T3_ctrl,110,118,113.93333333333334,-2.4483189582824707,0.6326086204333127
UBFC_PHYS_s17_T3_ctrl,110,119,113.96666666666667,-2.3610427379608154,0.8607857556898842
UBFC_PHYS_s17_T3_ctrl,110,120,114.0,-2.15557599067688,1.0613472624462663
UBFC_PHYS_s17_T3_ctrl,110,121,114.03333333333333,-1.6910779476165771,1.2034534908413181
UBFC_PHYS_s17_T3_ctrl,110,122,114.06666666666666,-1.1398656368255615,1.2619851036364544
UBFC_PHYS_s17_T3_ctrl,110,123,114.1,-0.7251393795013428,1.2253479715072886
UBFC_PHYS_s17_T3_ctrl,110,124,114.13333333333334,-0.46582725644111633,1.0994043253046264
UBFC_PHYS_s17_T3_ctrl,110,125,114.16666666666667,-0.26361459493637085,0.9062502536124114
UBFC_PHYS_s17_T3_ctrl,110,126,114.2,-0.0859483927488327,0.6785234495157982
UBFC_PHYS_s17_T3_ctrl,110,127,114.23333333333333,0.05344080924987793,0.45135961408450026
UBFC_PHYS_s17_T3_ctrl,110,128,114.26666666666667,0.17935696244239807,0.25449536187626154
UBFC_PHYS_s17_T3_ctrl,110,129,114.3,0.3033885359764099,0.10647936810318133
UBFC_PHYS_s17_T3_ctrl,110,130,114.33333333333333,0.36795613169670105,0.012008790042043874
UBFC_PHYS_s17_T3_ctrl,110,131,114.36666666666666,0.33209043741226196,-0.03745644486642058
UBFC_PHYS_s17_T3_ctrl,110,132,114.4,0.25190770626068115,-0.06019897096241394
UBFC_PHYS_s17_T3_ctrl,110,133,114.43333333333334,0.26548609137535095,-0.07862675873685981
UBFC_PHYS_s17_T3_ctrl,110,134,114.46666666666667,0.49206963181495667,-0.11270964429551279
UBFC_PHYS_s17_T3_ctrl,110,135,114.5,0.8988595008850098,-0.1742142027442764
UBFC_PHYS_s17_T3_ctrl,110,136,114.53333333333333,1.3044670820236206,-0.2638310754044498
UBFC_PHYS_s17_T3_ctrl,110,137,114.56666666666666,1.5940730571746826,-0.3725219843708862
UBFC_PHYS_s17_T3_ctrl,110,138,114.6,1.802302360534668,-0.4863597721333209
UBFC_PHYS_s17_T3_ctrl,110,139,114.63333333333334,1.957622766494751,-0.5923465649224188
UBFC_PHYS_s17_T3_ctrl,110,140,114.66666666666667,2.052730083465576,-0.682638706477659
UBFC_PHYS_s17_T3_ctrl,110,141,114.7,2.160245180130005,-0.7558675081838488
UBFC_PHYS_s17_T3_ctrl,110,142,114.73333333333333,2.3622353076934814,-0.8156156346333208
UBFC_PHYS_s17_T3_ctrl,110,143,114.76666666666667,2.5511388778686523,-0.8669533468008683
UBFC_PHYS_s17_T3_ctrl,110,144,114.8,2.4943087100982666,-0.9122377200929893
UBFC_PHYS_s17_T3_ctrl,110,145,114.83333333333333,2.061567544937134,-0.9475044303379027
UBFC_PHYS_s17_T3_ctrl,110,146,114.86666666666666,1.2545078992843628,-0.9609308571745857
UBFC_PHYS_s17_T3_ctrl,110,147,114.9,0.2554895877838135,-0.9345858680033985
UBFC_PHYS_s17_T3_ctrl,110,148,114.93333333333334,-0.5976898074150085,-0.8496080632216919
UBFC_PHYS_s17_T3_ctrl,110,149,114.96666666666667,-1.1325379610061646,-0.6934077185990201
UBFC_PHYS_s17_T3_ctrl,110,150,115.0,-1.4981945753097534,-0.4662424878387122
UBFC_PHYS_s17_T3_ctrl,110,151,115.03333333333333,-1.8077819347381592,-0.18430381064888718
UBFC_PHYS_s17_T3_ctrl,110,152,115.06666666666666,-1.9188905954360962,0.1223890283287887
UBFC_PHYS_s17_T3_ctrl,110,153,115.1,-1.7817254066467285,0.41676449641907565
UBFC_PHYS_s17_T3_ctrl,110,154,115.13333333333334,-1.6185154914855957,0.6633992652943161
UBFC_PHYS_s17_T3_ctrl,110,155,115.16666666666667,-1.6484348773956299,0.8358389392868356
UBFC_PHYS_s17_T3_ctrl,110,156,115.2,-1.8964511156082153,0.9208487655137472
UBFC_PHYS_s17_T3_ctrl,110,157,115.23333333333333,-2.2339677810668945,0.9197441158423563
UBFC_PHYS_s17_T3_ctrl,110,158,115.26666666666667,-2.3611598014831543,0.8472384499369661
UBFC_PHYS_s17_T3_ctrl,110,159,115.3,-1.9752174615859985,0.7278820395572906
UBFC_PHYS_s17_T3_ctrl,110,160,115.33333333333333,-1.1674554347991943,0.5905807264427894
UBFC_PHYS_s17_T3_ctrl,110,161,115.36666666666666,-0.2809387445449829,0.46248731841100443
UBFC_PHYS_s17_T3_ctrl,110,162,115.4,0.49709129333496094,0.363790105326138
UBFC_PHYS_s17_T3_ctrl,110,163,115.43333333333334,1.1223644018173218,0.30458205673075933
UBFC_PHYS_s17_T3_ctrl,110,164,115.46666666666667,1.4840530157089233,0.28444475421997617
UBFC_PHYS_s17_T3_ctrl,110,165,115.5,1.4870612621307373,0.29463441196815104
UBFC_PHYS_s17_T3_ctrl,110,166,115.53333333333333,1.1700878143310547,0.32187256824887134
UBFC_PHYS_s17_T3_ctrl,110,167,115.56666666666666,0.6783159971237183,0.35222745899912855
UBFC_PHYS_s17_T3_ctrl,110,168,115.6,0.14683906733989716,0.37383417800675395
UBFC_PHYS_s17_T3_ctrl,110,169,115.63333333333334,-0.34557658433914185,0.3780223883991792
UBFC_PHYS_s17_T3_ctrl,110,170,115.66666666666667,-0.7832221388816833,0.3592615709443949
UBFC_PHYS_s17_T3_ctrl,110,171,115.7,-1.1584070920944214,0.31475683984119596
UBFC_PHYS_s17_T3_ctrl,110,172,115.73333333333333,-1.452168583869934,0.24436105861200894
UBFC_PHYS_s17_T3_ctrl,110,173,115.76666666666667,-1.6218633651733398,0.1508759228566308
UBFC_PHYS_s17_T3_ctrl,110,174,115.8,-1.580086350440979,0.0402167226279937
UBFC_PHYS_s17_T3_ctrl,110,175,115.83333333333333,-1.3009568452835083,-0.07917991811147053
UBFC_PHYS_s17_T3_ctrl,110,176,115.86666666666666,-0.9168522357940674,-0.19779327919076878
UBFC_PHYS_s17_T3_ctrl,110,177,115.9,-0.601775050163269,-0.3068039662288692
UBFC_PHYS_s17_T3_ctrl,110,178,115.93333333333334,-0.4021141827106476,-0.3996282629181622
UBFC_PHYS_s17_T3_ctrl,110,179,115.96666666666667,-0.28450894355773926,-0.47275834768461567
UBFC_PHYS_s17_T3_ctrl,110,180,116.0,-0.25700098276138306,-0.5255718569162975
UBFC_PHYS_s17_T3_ctrl,110,181,116.03333333333333,-0.3049350380897522,-0.5591266117982409
UBFC_PHYS_s17_T3_ctrl,110,182,116.06666666666666,-0.29510241746902466,-0.5746684614256554
UBFC_PHYS_s17_T3_ctrl,110,183,116.1,-0.1354275792837143,-0.5728687436712884
UBFC_PHYS_s17_T3_ctrl,110,184,116.13333333333334,0.08645034581422806,-0.5541321164776667
UBFC_PHYS_s17_T3_ctrl,110,185,116.16666666666667,0.20524954795837402,-0.5194358444789066
UBFC_PHYS_s17_T3_ctrl,110,186,116.2,0.1714557558298111,-0.4709852451608881
UBFC_PHYS_s17_T3_ctrl,110,187,116.23333333333333,0.10295511037111282,-0.41234148206033355
UBFC_PHYS_s17_T3_ctrl,110,188,116.26666666666667,0.14324547350406647,-0.34803227241329426
UBFC_PHYS_s17_T3_ctrl,110,189,116.3,0.2384229600429535,-0.28282942815335604
UBFC_PHYS_s17_T3_ctrl,110,190,116.33333333333333,0.17645400762557983,-0.22093453370308233
UBFC_PHYS_s17_T3_ctrl,110,191,116.36666666666666,-0.0975017249584198,-0.16527482965700327
UBFC_PHYS_s17_T3_ctrl,110,192,116.4,-0.38608935475349426,-0.11700944586258001
UBFC_PHYS_s17_T3_ctrl,110,193,116.43333333333334,-0.4839707911014557,-0.0752937994072303
UBFC_PHYS_s17_T3_ctrl,110,194,116.46666666666667,-0.36562812328338623,-0.0374004586126035
UBFC_PHYS_s17_T3_ctrl,110,195,116.5,-0.135673388838768,0.0006684335470591198
UBFC_PHYS_s17_T3_ctrl,110,196,116.53333333333333,0.12003345042467117,0.04305317391895377
UBFC_PHYS_s17_T3_ctrl,110,197,116.56666666666666,0.40279170870780945,0.09261653598799356
UBFC_PHYS_s17_T3_ctrl,110,198,116.6,0.633905291557312,0.14970441888746136
UBFC_PHYS_s17_T3_ctrl,110,199,116.63333333333334,0.5813241600990295,0.21162484871735754
UBFC_PHYS_s17_T3_ctrl,110,200,116.66666666666667,0.16615314781665802,0.273161398358292
UBFC_PHYS_s17_T3_ctrl,110,201,116.7,-0.36266660690307617,0.32801811581096185
UBFC_PHYS_s17_T3_ctrl,110,202,116.73333333333333,-0.7061998844146729,0.370678958977819
UBFC_PHYS_s17_T3_ctrl,110,203,116.76666666666667,-0.7430254220962524,0.397952618827494
UBFC_PHYS_s17_T3_ctrl,110,204,116.8,-0.5098048448562622,0.40958340633130863
UBFC_PHYS_s17_T3_ctrl,110,205,116.83333333333333,-0.1735992431640625,0.40772881836370384
UBFC_PHYS_s17_T3_ctrl,110,206,116.86666666666666,0.06039388105273247,0.39564848871989255
UBFC_PHYS_s17_T3_ctrl,110,207,116.9,0.11720071732997894,0.37627209408011403
UBFC_PHYS_s17_T3_ctrl,110,208,116.93333333333334,0.0712214782834053,0.35122001064690234
UBFC_PHYS_s17_T3_ctrl,110,209,116.96666666666667,-0.007018144242465496,0.32054884756962243
UBFC_PHYS_s17_T3_ctrl,110,210,117.0,-0.15656772255897522,0.2832531123338667
UBFC_PHYS_s17_T3_ctrl,110,211,117.03333333333333,-0.43097996711730957,0.23835100270753462
UBFC_PHYS_s17_T3_ctrl,110,212,117.06666666666666,-0.6835965514183044,0.18614190393096794
UBFC_PHYS_s17_T3_ctrl,110,213,117.1,-0.6607005596160889,0.1290832134562006
UBFC_PHYS_s17_T3_ctrl,110,214,117.13333333333334,-0.3229966461658478,0.07185319896465707
UBFC_PHYS_s17_T3_ctrl,110,215,117.16666666666667,0.08550219982862473,0.020509405404580034
UBFC_PHYS_s17_T3_ctrl,110,216,117.2,0.3579244911670685,-0.018965005967539538
UBFC_PHYS_s17_T3_ctrl,110,217,117.23333333333333,0.52983158826828,-0.04224454939845215
UBFC_PHYS_s17_T3_ctrl,110,218,117.26666666666667,0.6916017532348633,-0.047978100305781306
UBFC_PHYS_s17_T3_ctrl,110,219,117.3,0.8016920685768127,-0.03859840123609381
UBFC_PHYS_s17_T3_ctrl,110,220,117.33333333333333,0.8264608979225159,-0.020415507466770642
UBFC_PHYS_s17_T3_ctrl,110,221,117.36666666666666,0.8608399629592896,-0.0028001623820530443
UBFC_PHYS_s17_T3_ctrl,110,222,117.4,1.0225398540496826,0.0035602314241977378
UBFC_PHYS_s17_T3_ctrl,110,223,117.43333333333334,1.3219550848007202,-0.010971875484692228
UBFC_PHYS_s17_T3_ctrl,110,224,117.46666666666667,1.5427443981170654,-0.05258973790826551
UBFC_PHYS_s17_T3_ctrl,110,225,117.5,1.2740795612335205,-0.12223535721507242
UBFC_PHYS_s17_T3_ctrl,110,226,117.53333333333333,0.39066481590270996,-0.2147033402146132
UBFC_PHYS_s17_T3_ctrl,110,227,117.56666666666666,-0.4900693893432617,-0.3187009223332623
UBFC_PHYS_s17_T3_ctrl,110,228,117.6,-0.7349017858505249,-0.41792928136914737
UBFC_PHYS_s17_T3_ctrl,110,229,117.63333333333334,-0.46876534819602966,-0.49341803571791887
UBFC_PHYS_s17_T3_ctrl,110,230,117.66666666666667,-0.22434261441230774,-0.5272884156975003
UBFC_PHYS_s17_T3_ctrl,110,231,117.7,-0.10101337730884552,-0.5075677433689275
UBFC_PHYS_s17_T3_ctrl,110,232,117.73333333333333,0.1857832968235016,-0.4327598141070844
UBFC_PHYS_s17_T3_ctrl,110,233,117.76666666666667,0.7004393935203552,-0.3142725127905741
UBFC_PHYS_s17_T3_ctrl,110,234,117.8,1.2089383602142334,-0.17512558814997542
UBFC_PHYS_s17_T3_ctrl,110,235,117.83333333333333,1.4613677263259888,-0.04452739124810649
UBFC_PHYS_s17_T3_ctrl,110,236,117.86666666666666,1.263848900794983,0.05055321284518123
UBFC_PHYS_s17_T3_ctrl,110,237,117.9,0.6894596219062805,0.09423730828992727
UBFC_PHYS_s17_T3_ctrl,110,238,117.93333333333334,0.17774160206317902,0.08760937462156419
UBFC_PHYS_s17_T3_ctrl,110,239,117.96666666666667,0.07311777025461197,0.04875527000712708
UBFC_PHYS_s17_T3_ctrl,111,0,111.0,2.485248565673828,-0.07213653709729247
UBFC_PHYS_s17_T3_ctrl,111,1,111.03333333333333,2.936823606491089,0.141046017561011
UBFC_PHYS_s17_T3_ctrl,111,2,111.06666666666666,3.2669425010681152,0.33675886579728403
UBFC_PHYS_s17_T3_ctrl,111,3,111.1,3.275721549987793,0.4984489426631892
UBFC_PHYS_s17_T3_ctrl,111,4,111.13333333333334,2.8032052516937256,0.6159081234194149
UBFC_PHYS_s17_T3_ctrl,111,5,111.16666666666667,1.8118891716003418,0.6868819952734695
UBFC_PHYS_s17_T3_ctrl,111,6,111.2,0.5749446153640747,0.7166317153932867
UBFC_PHYS_s17_T3_ctrl,111,7,111.23333333333333,-0.3682384490966797,0.7157347641334226
UBFC_PHYS_s17_T3_ctrl,111,8,111.26666666666667,-0.6871082186698914,0.6969306797980501
UBFC_PHYS_s17_T3_ctrl,111,9,111.3,-0.5302777886390686,0.671776119472465
UBFC_PHYS_s17_T3_ctrl,111,10,111.33333333333333,-0.1797446310520172,0.6477451176200956
UBFC_PHYS_s17_T3_ctrl,111,11,111.36666666666666,0.17150257527828217,0.6264133530512295
UBFC_PHYS_s17_T3_ctrl,111,12,111.4,0.3498477041721344,0.6033853196297402
UBFC_PHYS_s17_T3_ctrl,111,13,111.43333333333334,0.26620012521743774,0.5703049549219787
UBFC_PHYS_s17_T3_ctrl,111,14,111.46666666666667,-0.00279245525598526,0.518487678012428
UBFC_PHYS_s17_T3_ctrl,111,15,111.5,-0.3231956362724304,0.4428668305076923
UBFC_PHYS_s17_T3_ctrl,111,16,111.53333333333333,-0.6245539784431458,0.34464682746927255
UBFC_PHYS_s17_T3_ctrl,111,17,111.56666666666666,-0.9204575419425964,0.23151244336636623
UBFC_PHYS_s17_T3_ctrl,111,18,111.6,-1.2421599626541138,0.11527929947356574
UBFC_PHYS_s17_T3_ctrl,111,19,111.63333333333334,-1.5477440357208252,0.008015292142747071
UBFC_PHYS_s17_T3_ctrl,111,20,111.66666666666667,-1.7784245014190674,-0.08165400963695886
UBFC_PHYS_s17_T3_ctrl,111,21,111.7,-1.9989211559295654,-0.15056143599666133
UBFC_PHYS_s17_T3_ctrl,111,22,111.73333333333333,-2.3034517765045166,-0.20089707873536736
UBFC_PHYS_s17_T3_ctrl,111,23,111.76666666666667,-2.6177563667297363,-0.23866724552423516
UBFC_PHYS_s17_T3_ctrl,111,24,111.8,-2.816293478012085,-0.27180539217106636
UBFC_PHYS_s17_T3_ctrl,111,25,111.83333333333333,-2.9505555629730225,-0.3087061956814884
UBFC_PHYS_s17_T3_ctrl,111,26,111.86666666666666,-3.1219594478607178,-0.35731106590504386
UBFC_PHYS_s17_T3_ctrl,111,27,111.9,-3.2574622631073,-0.42433184038388627
UBFC_PHYS_s17_T3_ctrl,111,28,111.93333333333334,-3.148226499557495,-0.5140423664037479
UBFC_PHYS_s17_T3_ctrl,111,29,111.96666666666667,-2.6930344104766846,-0.6263525945313384
UBFC_PHYS_s17_T3_ctrl,111,30,112.0,-2.0289809703826904,-0.7544741335828985
UBFC_PHYS_s17_T3_ctrl,111,31,112.03333333333333,-1.4111641645431519,-0.8831564790571923
UBFC_PHYS_s17_T3_ctrl,111,32,112.06666666666666,-1.0031687021255493,-0.9888885879947014
UBFC_PHYS_s17_T3_ctrl,111,33,112.1,-0.8264856934547424,-1.0432423703878637
UBFC_PHYS_s17_T3_ctrl,111,34,112.13333333333334,-0.7853642702102661,-1.0195031708331548
UBFC_PHYS_s17_T3_ctrl,111,35,112.16666666666667,-0.7089506983757019,-0.9011192467567138
UBFC_PHYS_s17_T3_ctrl,111,36,112.2,-0.49962106347084045,-0.6890069942594024
UBFC_PHYS_s17_T3_ctrl,111,37,112.23333333333333,-0.24906465411186218,-0.404405464291105
UBFC_PHYS_s17_T3_ctrl,111,38,112.26666666666667,-0.1228441521525383,-0.08538059715671362
UBFC_PHYS_s17_T3_ctrl,111,39,112.3,-0.16425824165344238,0.2222748791412166
UBFC_PHYS_s17_T3_ctrl,111,40,112.33333333333333,-0.27508601546287537,0.47646100887021736
UBFC_PHYS_s17_T3_ctrl,111,41,112.36666666666666,-0.3361419439315796,0.6483897993060777
UBFC_PHYS_s17_T3_ctrl,111,42,112.4,-0.3205619156360626,0.7276977941959092
UBFC_PHYS_s17_T3_ctrl,111,43,112.43333333333334,-0.3040454387664795,0.7225605990626922
UBFC_PHYS_s17_T3_ctrl,111,44,112.46666666666667,-0.3283460736274719,0.6557043941325441
UBFC_PHYS_s17_T3_ctrl,111,45,112.5,-0.30914902687072754,0.557765120693953
UBFC_PHYS_s17_T3_ctrl,111,46,112.53333333333333,-0.13648107647895813,0.45976861430413135
UBFC_PHYS_s17_T3_ctrl,111,47,112.56666666666666,0.17033201456069946,0.3865365529607628
UBFC_PHYS_s17_T3_ctrl,111,48,112.6,0.5068536996841431,0.3523527185913875
UBFC_PHYS_s17_T3_ctrl,111,49,112.63333333333334,0.7926905155181885,0.3595107673565922
UBFC_PHYS_s17_T3_ctrl,111,50,112.66666666666667,1.0035651922225952,0.39971628973869844
UBFC_PHYS_s17_T3_ctrl,111,51,112.7,1.125712275505066,0.4576747069085141
UBFC_PHYS_s17_T3_ctrl,111,52,112.73333333333333,1.161226749420166,0.5155814033338947
UBFC_PHYS_s17_T3_ctrl,111,53,112.76666666666667,1.1751445531845093,0.557138397425121
UBFC_PHYS_s17_T3_ctrl,111,54,112.8,1.2292357683181763,0.5703823341169048
UBFC_PHYS_s17_T3_ctrl,111,55,112.83333333333333,1.280517578125,0.5493198016572945
UBFC_PHYS_s17_T3_ctrl,111,56,112.86666666666666,1.2622452974319458,0.49445232644603593
UBFC_PHYS_s17_T3_ctrl,111,57,112.9,1.1867096424102783,0.41201969350281703
UBFC_PHYS_s17_T3_ctrl,111,58,112.93333333333334,1.1013882160186768,0.311830767381555
UBFC_PHYS_s17_T3_ctrl,111,59,112.96666666666667,1.014111876487732,0.2041080032579761
UBFC_PHYS_s17_T3_ctrl,111,60,113.0,0.9072874188423157,0.09652378888339434
UBFC_PHYS_s17_T3_ctrl,111,61,113.03333333333333,0.777871310710907,-0.007208902337731329
UBFC_PHYS_s17_T3_ctrl,111,62,113.06666666666666,0.6430941224098206,-0.106625054938306
UBFC_PHYS_s17_T3_ctrl,111,63,113.1,0.5509951710700989,-0.2022784013541643
UBFC_PHYS_s17_T3_ctrl,111,64,113.13333333333334,0.5909343361854553,-0.29329498620477423
UBFC_PHYS_s17_T3_ctrl,111,65,113.16666666666667,0.8289190530776978,-0.376016826132266
UBFC_PHYS_s17_T3_ctrl,111,66,113.2,1.2189817428588867,-0.4445222033050172
UBFC_PHYS_s17_T3_ctrl,111,67,113.23333333333333,1.626883625984192,-0.49293498242100037
UBFC_PHYS_s17_T3_ctrl,111,68,113.26666666666667,1.9475208520889282,-0.5185059787043103
UBFC_PHYS_s17_T3_ctrl,111,69,113.3,2.1897780895233154,-0.5239739851833997
UBFC_PHYS_s17_T3_ctrl,111,70,113.33333333333333,2.4281256198883057,-0.518003349255376
UBFC_PHYS_s17_T3_ctrl,111,71,113.36666666666666,2.7004778385162354,-0.5133055049104742
UBFC_PHYS_s17_T3_ctrl,111,72,113.4,2.990926504135132,-0.5229306875803006
UBFC_PHYS_s17_T3_ctrl,111,73,113.43333333333334,3.211481809616089,-0.5558974205692863
UBFC_PHYS_s17_T3_ctrl,111,74,113.46666666666667,3.1612064838409424,-0.613642009860898
UBFC_PHYS_s17_T3_ctrl,111,75,113.5,2.689626693725586,-0.6885267104466933
UBFC_PHYS_s17_T3_ctrl,111,76,113.53333333333333,1.8458117246627808,-0.7648711508322124
UBFC_PHYS_s17_T3_ctrl,111,77,113.56666666666666,0.6836186051368713,-0.8221041941955155
UBFC_PHYS_s17_T3_ctrl,111,78,113.6,-0.7655234336853027,-0.8391236216072429
UBFC_PHYS_s17_T3_ctrl,111,79,113.63333333333334,-2.1285595893859863,-0.7988724671075225
UBFC_PHYS_s17_T3_ctrl,111,80,113.66666666666667,-2.9592177867889404,-0.6922855507893513
UBFC_PHYS_s17_T3_ctrl,111,81,113.7,-3.308943271636963,-0.5208339471235356
UBFC_PHYS_s17_T3_ctrl,111,82,113.73333333333333,-3.4936912059783936,-0.2968400049998432
UBFC_PHYS_s17_T3_ctrl,111,83,113.76666666666667,-3.567260265350342,-0.04092600629894135
UBFC_PHYS_s17_T3_ctrl,111,84,113.8,-3.447021245956421,0.2232112848153948
UBFC_PHYS_s17_T3_ctrl,111,85,113.83333333333333,-3.1916306018829346,0.4750834537391415
UBFC_PHYS_s17_T3_ctrl,111,86,113.86666666666666,-2.893584966659546,0.7018884729520976
UBFC_PHYS_s17_T3_ctrl,111,87,113.9,-2.619079113006592,0.898727592405827
UBFC_PHYS_s17_T3_ctrl,111,88,113.93333333333334,-2.4483189582824707,1.0646231426686423
UBFC_PHYS_s17_T3_ctrl,111,89,113.96666666666667,-2.3610427379608154,1.1971239200142207
UBFC_PHYS_s17_T3_ctrl,111,90,114.0,-2.15557599067688,1.2890250399537482
UBFC_PHYS_s17_T3_ctrl,111,91,114.03333333333333,-1.6910779476165771,1.3292230507769007
UBFC_PHYS_s17_T3_ctrl,111,92,114.06666666666666,-1.1398656368255615,1.307163936246486
UBFC_PHYS_s17_T3_ctrl,111,93,114.1,-0.7251393795013428,1.2183624208398898
UBFC_PHYS_s17_T3_ctrl,111,94,114.13333333333334,-0.46582725644111633,1.0681656857851018
UBFC_PHYS_s17_T3_ctrl,111,95,114.16666666666667,-0.26361459493637085,0.8720686811350504
UBFC_PHYS_s17_T3_ctrl,111,96,114.2,-0.0859483927488327,0.652530853534346
UBFC_PHYS_s17_T3_ctrl,111,97,114.23333333333333,0.05344080924987793,0.43360404562762994
UBFC_PHYS_s17_T3_ctrl,111,98,114.26666666666667,0.17935696244239807,0.23530432405067453
UBFC_PHYS_s17_T3_ctrl,111,99,114.3,0.3033885359764099,0.06947723971317797
UBFC_PHYS_s17_T3_ctrl,111,100,114.33333333333333,0.36795613169670105,-0.061824417577179214
UBFC_PHYS_s17_T3_ctrl,111,101,114.36666666666666,0.33209043741226196,-0.16525943995841752
UBFC_PHYS_s17_T3_ctrl,111,102,114.4,0.25190770626068115,-0.2528450483901383
UBFC_PHYS_s17_T3_ctrl,111,103,114.43333333333334,0.26548609137535095,-0.3372661326576203
UBFC_PHYS_s17_T3_ctrl,111,104,114.46666666666667,0.49206963181495667,-0.427261470992875
UBFC_PHYS_s17_T3_ctrl,111,105,114.5,0.8988595008850098,-0.5246958254510706
UBFC_PHYS_s17_T3_ctrl,111,106,114.53333333333333,1.3044670820236206,-0.6244890074558914
UBFC_PHYS_s17_T3_ctrl,111,107,114.56666666666666,1.5940730571746826,-0.7174314949463673
UBFC_PHYS_s17_T3_ctrl,111,108,114.6,1.802302360534668,-0.7945018009368231
UBFC_PHYS_s17_T3_ctrl,111,109,114.63333333333334,1.957622766494751,-0.8505866042179813
UBFC_PHYS_s17_T3_ctrl,111,110,114.66666666666667,2.052730083465576,-0.8860688790002269
UBFC_PHYS_s17_T3_ctrl,111,111,114.7,2.160245180130005,-0.9059689913537863
UBFC_PHYS_s17_T3_ctrl,111,112,114.73333333333333,2.3622353076934814,-0.9172489559838752
UBFC_PHYS_s17_T3_ctrl,111,113,114.76666666666667,2.5511388778686523,-0.9252163031811039
UBFC_PHYS_s17_T3_ctrl,111,114,114.8,2.4943087100982666,-0.9299424333295473
UBFC_PHYS_s17_T3_ctrl,111,115,114.83333333333333,2.061567544937134,-0.9237277671174625
UBFC_PHYS_s17_T3_ctrl,111,116,114.86666666666666,1.2545078992843628,-0.8909757105556867
UBFC_PHYS_s17_T3_ctrl,111,117,114.9,0.2554895877838135,-0.8115994255258743
UBFC_PHYS_s17_T3_ctrl,111,118,114.93333333333334,-0.5976898074150085,-0.6677013672921004
UBFC_PHYS_s17_T3_ctrl,111,119,114.96666666666667,-1.1325379610061646,-0.4513717263132546
UBFC_PHYS_s17_T3_ctrl,111,120,115.0,-1.4981945753097534,-0.17030025511102462
UBFC_PHYS_s17_T3_ctrl,111,121,115.03333333333333,-1.8077819347381592,0.15152056763836094
UBFC_PHYS_s17_T3_ctrl,111,122,115.06666666666666,-1.9188905954360962,0.47844981777312456
UBFC_PHYS_s17_T3_ctrl,111,123,115.1,-1.7817254066467285,0.7712028600092506
UBFC_PHYS_s17_T3_ctrl,111,124,115.13333333333334,-1.6185154914855957,0.9951684660555372
UBFC_PHYS_s17_T3_ctrl,111,125,115.16666666666667,-1.6484348773956299,1.1267066969573578
UBFC_PHYS_s17_T3_ctrl,111,126,115.2,-1.8964511156082153,1.1566864975756808
UBFC_PHYS_s17_T3_ctrl,111,127,115.23333333333333,-2.2339677810668945,1.091529145696666
UBFC_PHYS_s17_T3_ctrl,111,128,115.26666666666667,-2.3611598014831543,0.9517843090935492
UBFC_PHYS_s17_T3_ctrl,111,129,115.3,-1.9752174615859985,0.767967594844265
UBFC_PHYS_s17_T3_ctrl,111,130,115.33333333333333,-1.1674554347991943,0.5741788015888549
UBFC_PHYS_s17_T3_ctrl,111,131,115.36666666666666,-0.2809387445449829,0.4011387982457305
UBFC_PHYS_s17_T3_ctrl,111,132,115.4,0.49709129333496094,0.27054134516449385
UBFC_PHYS_s17_T3_ctrl,111,133,115.43333333333334,1.1223644018173218,0.19207114356858745
UBFC_PHYS_s17_T3_ctrl,111,134,115.46666666666667,1.4840530157089233,0.1636308043760457
UBFC_PHYS_s17_T3_ctrl,111,135,115.5,1.4870612621307373,0.1743443965337647
UBFC_PHYS_s17_T3_ctrl,111,136,115.53333333333333,1.1700878143310547,0.208900379541611
UBFC_PHYS_s17_T3_ctrl,111,137,115.56666666666666,0.6783159971237183,0.25142004995858586
UBFC_PHYS_s17_T3_ctrl,111,138,115.6,0.14683906733989716,0.28770995003322003
UBFC_PHYS_s17_T3_ctrl,111,139,115.63333333333334,-0.34557658433914185,0.305957308515282
UBFC_PHYS_s17_T3_ctrl,111,140,115.66666666666667,-0.7832221388816833,0.2967951985188114
UBFC_PHYS_s17_T3_ctrl,111,141,115.7,-1.1584070920944214,0.25371774711544687
UBFC_PHYS_s17_T3_ctrl,111,142,115.73333333333333,-1.452168583869934,0.1741397434811646
UBFC_PHYS_s17_T3_ctrl,111,143,115.76666666666667,-1.6218633651733398,0.060566711806239515
UBFC_PHYS_s17_T3_ctrl,111,144,115.8,-1.580086350440979,-0.07900015825412322
UBFC_PHYS_s17_T3_ctrl,111,145,115.83333333333333,-1.3009568452835083,-0.23198712061257845
UBFC_PHYS_s17_T3_ctrl,111,146,115.86666666666666,-0.9168522357940674,-0.3833727088015532
UBFC_PHYS_s17_T3_ctrl,111,147,115.9,-0.601775050163269,-0.5183654852233214
UBFC_PHYS_s17_T3_ctrl,111,148,115.93333333333334,-0.4021141827106476,-0.6249472557599233
UBFC_PHYS_s17_T3_ctrl,111,149,115.96666666666667,-0.28450894355773926,-0.6957409419239694
UBFC_PHYS_s17_T3_ctrl,111,150,116.0,-0.25700098276138306,-0.7287068713987105
UBFC_PHYS_s17_T3_ctrl,111,151,116.03333333333333,-0.3049350380897522,-0.7264357979529446
UBFC_PHYS_s17_T3_ctrl,111,152,116.06666666666666,-0.29510241746902466,-0.6944825005234521
UBFC_PHYS_s17_T3_ctrl,111,153,116.1,-0.1354275792837143,-0.6396339722197778
UBFC_PHYS_s17_T3_ctrl,111,154,116.13333333333334,0.08645034581422806,-0.5687034412310998
UBFC_PHYS_s17_T3_ctrl,111,155,116.16666666666667,0.20524954795837402,-0.4878707518840252
UBFC_PHYS_s17_T3_ctrl,111,156,116.2,0.1714557558298111,-0.4023902817706317
UBFC_PHYS_s17_T3_ctrl,111,157,116.23333333333333,0.10295511037111282,-0.31654377746599466
UBFC_PHYS_s17_T3_ctrl,111,158,116.26666666666667,0.14324547350406647,-0.2336917625275503
UBFC_PHYS_s17_T3_ctrl,111,159,116.3,0.2384229600429535,-0.15624344011639846
UBFC_PHYS_s17_T3_ctrl,111,160,116.33333333333333,0.17645400762557983,-0.08548743522246942
UBFC_PHYS_s17_T3_ctrl,111,161,116.36666666666666,-0.0975017249584198,-0.021407024710439863
UBFC_PHYS_s17_T3_ctrl,111,162,116.4,-0.38608935475349426,0.03732856809063581
UBFC_PHYS_s17_T3_ctrl,111,163,116.43333333333334,-0.4839707911014557,0.0930759740813738
UBFC_PHYS_s17_T3_ctrl,111,164,116.46666666666667,-0.36562812328338623,0.1486399617184675
UBFC_PHYS_s17_T3_ctrl,111,165,116.5,-0.135673388838768,0.2064935555554139
UBFC_PHYS_s17_T3_ctrl,111,166,116.53333333333333,0.12003345042467117,0.26788960077831336
UBFC_PHYS_s17_T3_ctrl,111,167,116.56666666666666,0.40279170870780945,0.3320123045320271
UBFC_PHYS_s17_T3_ctrl,111,168,116.6,0.633905291557312,0.3954786381343244
UBFC_PHYS_s17_T3_ctrl,111,169,116.63333333333334,0.5813241600990295,0.4525779162335152
UBFC_PHYS_s17_T3_ctrl,111,170,116.66666666666667,0.16615314781665802,0.4964449172573141
UBFC_PHYS_s17_T3_ctrl,111,171,116.7,-0.36266660690307617,0.5209675661611948
UBFC_PHYS_s17_T3_ctrl,111,172,116.73333333333333,-0.7061998844146729,0.522842481007954
UBFC_PHYS_s17_T3_ctrl,111,173,116.76666666666667,-0.7430254220962524,0.502984463783937
UBFC_PHYS_s17_T3_ctrl,111,174,116.8,-0.5098048448562622,0.46659589546552344
UBFC_PHYS_s17_T3_ctrl,111,175,116.83333333333333,-0.1735992431640625,0.421678642254832
UBFC_PHYS_s17_T3_ctrl,111,176,116.86666666666666,0.06039388105273247,0.37648035761120546
UBFC_PHYS_s17_T3_ctrl,111,177,116.9,0.11720071732997894,0.3368654303930904
UBFC_PHYS_s17_T3_ctrl,111,178,116.93333333333334,0.0712214782834053,0.30456633176927006
UBFC_PHYS_s17_T3_ctrl,111,179,116.96666666666667,-0.007018144242465496,0.2768841402570783
UBFC_PHYS_s17_T3_ctrl,111,180,117.0,-0.15656772255897522,0.24795709199269755
UBFC_PHYS_s17_T3_ctrl,111,181,117.03333333333333,-0.43097996711730957,0.2111917193720703
UBFC_PHYS_s17_T3_ctrl,111,182,117.06666666666666,-0.6835965514183044,0.16189622278908716
UBFC_PHYS_s17_T3_ctrl,111,183,117.1,-0.6607005596160889,0.09900404785615996
UBFC_PHYS_s17_T3_ctrl,111,184,117.13333333333334,-0.3229966461658478,0.02529209508345488
UBFC_PHYS_s17_T3_ctrl,111,185,117.16666666666667,0.08550219982862473,-0.05373732203617729
UBFC_PHYS_s17_T3_ctrl,111,186,117.2,0.3579244911670685,-0.13168483063746322
UBFC_PHYS_s17_T3_ctrl,111,187,117.23333333333333,0.52983158826828,-0.20311781878900745
UBFC_PHYS_s17_T3_ctrl,111,188,117.26666666666667,0.6916017532348633,-0.26497574571914445
UBFC_PHYS_s17_T3_ctrl,111,189,117.3,0.8016920685768127,-0.31725763693815656
UBFC_PHYS_s17_T3_ctrl,111,190,117.33333333333333,0.8264608979225159,-0.36292084236195676
UBFC_PHYS_s17_T3_ctrl,111,191,117.36666666666666,0.8608399629592896,-0.4070633551702649
UBFC_PHYS_s17_T3_ctrl,111,192,117.4,1.0225398540496826,-0.4555927560238014
UBFC_PHYS_s17_T3_ctrl,111,193,117.43333333333334,1.3219550848007202,-0.5136852177285606
UBFC_PHYS_s17_T3_ctrl,111,194,117.46666666666667,1.5427443981170654,-0.584356810580327
UBFC_PHYS_s17_T3_ctrl,111,195,117.5,1.2740795612335205,-0.6673614792020385
UBFC_PHYS_s17_T3_ctrl,111,196,117.53333333333333,0.39066481590270996,-0.7584384934255759
UBFC_PHYS_s17_T3_ctrl,111,197,117.56666666666666,-0.4900693893432617,-0.8488383149845541
UBFC_PHYS_s17_T3_ctrl,111,198,117.6,-0.7349017858505249,-0.9251944600885766
UBFC_PHYS_s17_T3_ctrl,111,199,117.63333333333334,-0.46876534819602966,-0.9700984243408338
UBFC_PHYS_s17_T3_ctrl,111,200,117.66666666666667,-0.22434261441230774,-0.9639138506810793
UBFC_PHYS_s17_T3_ctrl,111,201,117.7,-0.10101337730884552,-0.8881109681485102
UBFC_PHYS_s17_T3_ctrl,111,202,117.73333333333333,0.1857832968235016,-0.7296694392158104
UBFC_PHYS_s17_T3_ctrl,111,203,117.76666666666667,0.7004393935203552,-0.48536508437446163
UBFC_PHYS_s17_T3_ctrl,111,204,117.8,1.2089383602142334,-0.16455837700563733
UBFC_PHYS_s17_T3_ctrl,111,205,117.83333333333333,1.4613677263259888,0.21046595571734567
UBFC_PHYS_s17_T3_ctrl,111,206,117.86666666666666,1.263848900794983,0.6067745083722605
UBFC_PHYS_s17_T3_ctrl,111,207,117.9,0.6894596219062805,0.9851558670402921
UBFC_PHYS_s17_T3_ctrl,111,208,117.93333333333334,0.17774160206317902,1.3057637760402552
UBFC_PHYS_s17_T3_ctrl,111,209,117.96666666666667,0.07311777025461197,1.5341503476491607
UBFC_PHYS_s17_T3_ctrl,111,210,118.0,0.2537688910961151,1.646757903596728
UBFC_PHYS_s17_T3_ctrl,111,211,118.03333333333333,0.42094695568084717,1.6349320728369277
UBFC_PHYS_s17_T3_ctrl,111,212,118.06666666666666,0.46829575300216675,1.50665429892976
UBFC_PHYS_s17_T3_ctrl,111,213,118.1,0.4398513734340668,1.2853908245060441
UBFC_PHYS_s17_T3_ctrl,111,214,118.13333333333334,0.392362117767334,1.0057462995983102
UBFC_PHYS_s17_T3_ctrl,111,215,118.16666666666667,0.3479982316493988,0.7063447905035238
UBFC_PHYS_s17_T3_ctrl,111,216,118.2,0.30096548795700073,0.4215707999375553
UBFC_PHYS_s17_T3_ctrl,111,217,118.23333333333333,0.24089282751083374,0.17468049370949038
UBFC_PHYS_s17_T3_ctrl,111,218,118.26666666666667,0.15155638754367828,-0.025466401693601055
UBFC_PHYS_s17_T3_ctrl,111,219,118.3,0.0091822799295187,-0.1831197623176772
UBFC_PHYS_s17_T3_ctrl,111,220,118.33333333333333,-0.16405925154685974,-0.31055831237530684
UBFC_PHYS_s17_T3_ctrl,111,221,118.36666666666666,-0.25731703639030457,-0.4212617267035599
UBFC_PHYS_s17_T3_ctrl,111,222,118.4,-0.14508461952209473,-0.5237602396975605
UBFC_PHYS_s17_T3_ctrl,111,223,118.43333333333334,0.15531384944915771,-0.6181416443003381
UBFC_PHYS_s17_T3_ctrl,111,224,118.46666666666667,0.47462841868400574,-0.6962491973468664
UBFC_PHYS_s17_T3_ctrl,111,225,118.5,0.6765718460083008,-0.7453368030347689
UBFC_PHYS_s17_T3_ctrl,111,226,118.53333333333333,0.751276433467865,-0.7536472845640311
UBFC_PHYS_s17_T3_ctrl,111,227,118.56666666666666,0.7443233728408813,-0.7156681601605457
UBFC_PHYS_s17_T3_ctrl,111,228,118.6,0.6939545273780823,-0.6351160503613243
UBFC_PHYS_s17_T3_ctrl,111,229,118.63333333333334,0.6665870547294617,-0.5247220900532407
UBFC_PHYS_s17_T3_ctrl,111,230,118.66666666666667,0.7209357619285583,-0.40304441207295844
UBFC_PHYS_s17_T3_ctrl,111,231,118.7,0.8328052759170532,-0.2893927612810753
UBFC_PHYS_s17_T3_ctrl,111,232,118.73333333333333,0.9212170243263245,-0.19838100526865632
UBFC_PHYS_s17_T3_ctrl,111,233,118.76666666666667,0.9511362910270691,-0.13579005784678477
UBFC_PHYS_s17_T3_ctrl,111,234,118.8,0.9240731596946716,-0.09734879931202307
UBFC_PHYS_s17_T3_ctrl,111,235,118.83333333333333,0.8179743885993958,-0.07127428456541705
UBFC_PHYS_s17_T3_ctrl,111,236,118.86666666666666,0.639020562171936,-0.043812919595648064
UBFC_PHYS_s17_T3_ctrl,111,237,118.9,0.4134086072444916,-0.005452685246317748
UBFC_PHYS_s17_T3_ctrl,111,238,118.93333333333334,0.13276904821395874,0.044981932767423585
UBFC_PHYS_s17_T3_ctrl,111,239,118.96666666666667,-0.13274700939655304,0.10008166284047189
UBFC_PHYS_s17_T3_ctrl,112,0,112.0,-2.0289809703826904,-0.04348700410686993
UBFC_PHYS_s17_T3_ctrl,112,1,112.03333333333333,-1.4111641645431519,0.09117783073831615
UBFC_PHYS_s17_T3_ctrl,112,2,112.06666666666666,-1.0031687021255493,0.20402878573078068
UBFC_PHYS_s17_T3_ctrl,112,3,112.1,-0.8264856934547424,0.2797468112993928
UBFC_PHYS_s17_T3_ctrl,112,4,112.13333333333334,-0.7853642702102661,0.3127163938055836
UBFC_PHYS_s17_T3_ctrl,112,5,112.16666666666667,-0.7089506983757019,0.3075580474582272
UBFC_PHYS_s17_T3_ctrl,112,6,112.2,-0.49962106347084045,0.27599083563696303
UBFC_PHYS_s17_T3_ctrl,112,7,112.23333333333333,-0.24906465411186218,0.2316333389068603
UBFC_PHYS_s17_T3_ctrl,112,8,112.26666666666667,-0.1228441521525383,0.18507545094955072
UBFC_PHYS_s17_T3_ctrl,112,9,112.3,-0.16425824165344238,0.14098530346895943
UBFC_PHYS_s17_T3_ctrl,112,10,112.33333333333333,-0.27508601546287537,0.09786970009640313
UBFC_PHYS_s17_T3_ctrl,112,11,112.36666666666666,-0.3361419439315796,0.050095406667099524
UBFC_PHYS_s17_T3_ctrl,112,12,112.4,-0.3205619156360626,-0.008731610616196105
UBFC_PHYS_s17_T3_ctrl,112,13,112.43333333333334,-0.3040454387664795,-0.08209437597945356
UBFC_PHYS_s17_T3_ctrl,112,14,112.46666666666667,-0.3283460736274719,-0.16772177162607366
UBFC_PHYS_s17_T3_ctrl,112,15,112.5,-0.30914902687072754,-0.2565366901659641
UBFC_PHYS_s17_T3_ctrl,112,16,112.53333333333333,-0.13648107647895813,-0.33383609707008643
UBFC_PHYS_s17_T3_ctrl,112,17,112.56666666666666,0.17033201456069946,-0.3824261370639188
UBFC_PHYS_s17_T3_ctrl,112,18,112.6,0.5068536996841431,-0.38682096950893363
UBFC_PHYS_s17_T3_ctrl,112,19,112.63333333333334,0.7926905155181885,-0.3372988844972978
UBFC_PHYS_s17_T3_ctrl,112,20,112.66666666666667,1.0035651922225952,-0.2326952542392048
UBFC_PHYS_s17_T3_ctrl,112,21,112.7,1.125712275505066,-0.0813287429770514
UBFC_PHYS_s17_T3_ctrl,112,22,112.73333333333333,1.161226749420166,0.09984064647794985
UBFC_PHYS_s17_T3_ctrl,112,23,112.76666666666667,1.1751445531845093,0.2874641277425995
UBFC_PHYS_s17_T3_ctrl,112,24,112.8,1.2292357683181763,0.455472170292011
UBFC_PHYS_s17_T3_ctrl,112,25,112.83333333333333,1.280517578125,0.580234509076982
UBFC_PHYS_s17_T3_ctrl,112,26,112.86666666666666,1.2622452974319458,0.6463569479093222
UBFC_PHYS_s17_T3_ctrl,112,27,112.9,1.1867096424102783,0.6510259502262861
UBFC_PHYS_s17_T3_ctrl,112,28,112.93333333333334,1.1013882160186768,0.6045346607777133
UBFC_PHYS_s17_T3_ctrl,112,29,112.96666666666667,1.014111876487732,0.5259938658677867
UBFC_PHYS_s17_T3_ctrl,112,30,113.0,0.9072874188423157,0.43578765918530626
UBFC_PHYS_s17_T3_ctrl,112,31,113.03333333333333,0.777871310710907,0.3483097857677356
UBFC_PHYS_s17_T3_ctrl,112,32,113.06666666666666,0.6430941224098206,0.26838201359470126
UBFC_PHYS_s17_T3_ctrl,112,33,113.1,0.5509951710700989,0.19269906746393733
UBFC_PHYS_s17_T3_ctrl,112,34,113.13333333333334,0.5909343361854553,0.11497839034185656
UBFC_PHYS_s17_T3_ctrl,112,35,113.16666666666667,0.8289190530776978,0.03167725013148062
UBFC_PHYS_s17_T3_ctrl,112,36,113.2,1.2189817428588867,-0.05488079201738814
UBFC_PHYS_s17_T3_ctrl,112,37,113.23333333333333,1.626883625984192,-0.13740650448184757
UBFC_PHYS_s17_T3_ctrl,112,38,113.26666666666667,1.9475208520889282,-0.20756263472011519
UBFC_PHYS_s17_T3_ctrl,112,39,113.3,2.1897780895233154,-0.26034687163150433
UBFC_PHYS_s17_T3_ctrl,112,40,113.33333333333333,2.4281256198883057,-0.2966919634971679
UBFC_PHYS_s17_T3_ctrl,112,41,113.36666666666666,2.7004778385162354,-0.32339991266468504
UBFC_PHYS_s17_T3_ctrl,112,42,113.4,2.990926504135132,-0.3507175593365504
UBFC_PHYS_s17_T3_ctrl,112,43,113.43333333333334,3.211481809616089,-0.38857951364594184
UBFC_PHYS_s17_T3_ctrl,112,44,113.46666666666667,3.1612064838409424,-0.4429233015480333
UBFC_PHYS_s17_T3_ctrl,112,45,113.5,2.689626693725586,-0.5133943718896241
UBFC_PHYS_s17_T3_ctrl,112,46,113.53333333333333,1.8458117246627808,-0.5931418771264118
UBFC_PHYS_s17_T3_ctrl,112,47,113.56666666666666,0.6836186051368713,-0.6706023509488853
UBFC_PHYS_s17_T3_ctrl,112,48,113.6,-0.7655234336853027,-0.7325735072346761
UBFC_PHYS_s17_T3_ctrl,112,49,113.63333333333334,-2.1285595893859863,-0.7675858292463061
UBFC_PHYS_s17_T3_ctrl,112,50,113.66666666666667,-2.9592177867889404,-0.7685269162213422
UBFC_PHYS_s17_T3_ctrl,112,51,113.7,-3.308943271636963,-0.7336540524289553
UBFC_PHYS_s17_T3_ctrl,112,52,113.73333333333333,-3.4936912059783936,-0.6655800689196604
UBFC_PHYS_s17_T3_ctrl,112,53,113.76666666666667,-3.567260265350342,-0.568558639108758
UBFC_PHYS_s17_T3_ctrl,112,54,113.8,-3.447021245956421,-0.44526223399540205
UBFC_PHYS_s17_T3_ctrl,112,55,113.83333333333333,-3.1916306018829346,-0.29477895730562875
UBFC_PHYS_s17_T3_ctrl,112,56,113.86666666666666,-2.893584966659546,-0.11329620043303726
UBFC_PHYS_s17_T3_ctrl,112,57,113.9,-2.619079113006592,0.10222888870359392
UBFC_PHYS_s17_T3_ctrl,112,58,113.93333333333334,-2.4483189582824707,0.3487830850482894
UBFC_PHYS_s17_T3_ctrl,112,59,113.96666666666667,-2.3610427379608154,0.6130000064044379
UBFC_PHYS_s17_T3_ctrl,112,60,114.0,-2.15557599067688,0.8704134890694813
UBFC_PHYS_s17_T3_ctrl,112,61,114.03333333333333,-1.6910779476165771,1.089389401768061
UBFC_PHYS_s17_T3_ctrl,112,62,114.06666666666666,-1.1398656368255615,1.2387057254736131
UBFC_PHYS_s17_T3_ctrl,112,63,114.1,-0.7251393795013428,1.29609725610232
UBFC_PHYS_s17_T3_ctrl,112,64,114.13333333333334,-0.46582725644111633,1.254822040198143
UBFC_PHYS_s17_T3_ctrl,112,65,114.16666666666667,-0.26361459493637085,1.1262084466464766
UBFC_PHYS_s17_T3_ctrl,112,66,114.2,-0.0859483927488327,0.9374691800459137
UBFC_PHYS_s17_T3_ctrl,112,67,114.23333333333333,0.05344080924987793,0.7253363142061425
UBFC_PHYS_s17_T3_ctrl,112,68,114.26666666666667,0.17935696244239807,0.5270836578383419
UBFC_PHYS_s17_T3_ctrl,112,69,114.3,0.3033885359764099,0.37124129915797444
UBFC_PHYS_s17_T3_ctrl,112,70,114.33333333333333,0.36795613169670105,0.2706575120136617
UBFC_PHYS_s17_T3_ctrl,112,71,114.36666666666666,0.33209043741226196,0.22012815754356954
UBFC_PHYS_s17_T3_ctrl,112,72,114.4,0.25190770626068115,0.19942415348480846
UBFC_PHYS_s17_T3_ctrl,112,73,114.43333333333334,0.26548609137535095,0.180746939979346
UBFC_PHYS_s17_T3_ctrl,112,74,114.46666666666667,0.49206963181495667,0.1381734013698077
UBFC_PHYS_s17_T3_ctrl,112,75,114.5,0.8988595008850098,0.055886445322824024
UBFC_PHYS_s17_T3_ctrl,112,76,114.53333333333333,1.3044670820236206,-0.06780523789488446
UBFC_PHYS_s17_T3_ctrl,112,77,114.56666666666666,1.5940730571746826,-0.22206729064113784
UBFC_PHYS_s17_T3_ctrl,112,78,114.6,1.802302360534668,-0.38952973228543886
UBFC_PHYS_s17_T3_ctrl,112,79,114.63333333333334,1.957622766494751,-0.5534521055512961
UBFC_PHYS_s17_T3_ctrl,112,80,114.66666666666667,2.052730083465576,-0.7029030545593347
UBFC_PHYS_s17_T3_ctrl,112,81,114.7,2.160245180130005,-0.8343504178083113
UBFC_PHYS_s17_T3_ctrl,112,82,114.73333333333333,2.3622353076934814,-0.9497710453896191
UBFC_PHYS_s17_T3_ctrl,112,83,114.76666666666667,2.5511388778686523,-1.0524742194767642
UBFC_PHYS_s17_T3_ctrl,112,84,114.8,2.4943087100982666,-1.142203207276001
UBFC_PHYS_s17_T3_ctrl,112,85,114.83333333333333,2.061567544937134,-1.2111818129025054
UBFC_PHYS_s17_T3_ctrl,112,86,114.86666666666666,1.2545078992843628,-1.2428673483122559
UBFC_PHYS_s17_T3_ctrl,112,87,114.9,0.2554895877838135,-1.214750273504833
UBFC_PHYS_s17_T3_ctrl,112,88,114.93333333333334,-0.5976898074150085,-1.105147670086146
UBFC_PHYS_s17_T3_ctrl,112,89,114.96666666666667,-1.1325379610061646,-0.9020221875345087
UBFC_PHYS_s17_T3_ctrl,112,90,115.0,-1.4981945753097534,-0.6104215282676748
UBFC_PHYS_s17_T3_ctrl,112,91,115.03333333333333,-1.8077819347381592,-0.2551355950159844
UBFC_PHYS_s17_T3_ctrl,112,92,115.06666666666666,-1.9188905954360962,0.1230721479961667
UBFC_PHYS_s17_T3_ctrl,112,93,115.1,-1.7817254066467285,0.47653224582377834
UBFC_PHYS_s17_T3_ctrl,112,94,115.13333333333334,-1.6185154914855957,0.7615846998451513
UBFC_PHYS_s17_T3_ctrl,112,95,115.16666666666667,-1.6484348773956299,0.9475607343134366
UBFC_PHYS_s17_T3_ctrl,112,96,115.2,-1.8964511156082153,1.0219037614955035
UBFC_PHYS_s17_T3_ctrl,112,97,115.23333333333333,-2.2339677810668945,0.991426091620026
UBFC_PHYS_s17_T3_ctrl,112,98,115.26666666666667,-2.3611598014831543,0.8799800797550662
UBFC_PHYS_s17_T3_ctrl,112,99,115.3,-1.9752174615859985,0.7226365836839691
UBFC_PHYS_s17_T3_ctrl,112,100,115.33333333333333,-1.1674554347991943,0.5573643041098462
UBFC_PHYS_s17_T3_ctrl,112,101,115.36666666666666,-0.2809387445449829,0.4164698000568073
UBFC_PHYS_s17_T3_ctrl,112,102,115.4,0.49709129333496094,0.3203071064907592
UBFC_PHYS_s17_T3_ctrl,112,103,115.43333333333334,1.1223644018173218,0.2748864244380457
UBFC_PHYS_s17_T3_ctrl,112,104,115.46666666666667,1.4840530157089233,0.27360862230593197
UBFC_PHYS_s17_T3_ctrl,112,105,115.5,1.4870612621307373,0.3019435961774557
UBFC_PHYS_s17_T3_ctrl,112,106,115.53333333333333,1.1700878143310547,0.3429272619708522
UBFC_PHYS_s17_T3_ctrl,112,107,115.56666666666666,0.6783159971237183,0.3813686084966845
UBFC_PHYS_s17_T3_ctrl,112,108,115.6,0.14683906733989716,0.405710367104048
UBFC_PHYS_s17_T3_ctrl,112,109,115.63333333333334,-0.34557658433914185,0.4079020316210948
UBFC_PHYS_s17_T3_ctrl,112,110,115.66666666666667,-0.7832221388816833,0.38256391502543524
UBFC_PHYS_s17_T3_ctrl,112,111,115.7,-1.1584070920944214,0.3267189086574132
UBFC_PHYS_s17_T3_ctrl,112,112,115.73333333333333,-1.452168583869934,0.24055623331552195
UBFC_PHYS_s17_T3_ctrl,112,113,115.76666666666667,-1.6218633651733398,0.12864011385405125
UBFC_PHYS_s17_T3_ctrl,112,114,115.8,-1.580086350440979,0.0003733718343967105
UBFC_PHYS_s17_T3_ctrl,112,115,115.83333333333333,-1.3009568452835083,-0.13120397492281619
UBFC_PHYS_s17_T3_ctrl,112,116,115.86666666666666,-0.9168522357940674,-0.2522010586087186
UBFC_PHYS_s17_T3_ctrl,112,117,115.9,-0.601775050163269,-0.3512476427511331
UBFC_PHYS_s17_T3_ctrl,112,118,115.93333333333334,-0.4021141827106476,-0.42225417536695153
UBFC_PHYS_s17_T3_ctrl,112,119,115.96666666666667,-0.28450894355773926,-0.465611058590587
UBFC_PHYS_s17_T3_ctrl,112,120,116.0,-0.25700098276138306,-0.4871958148694434
UBFC_PHYS_s17_T3_ctrl,112,121,116.03333333333333,-0.3049350380897522,-0.49530437052272347
UBFC_PHYS_s17_T3_ctrl,112,122,116.06666666666666,-0.29510241746902466,-0.49686690494641517
UBFC_PHYS_s17_T3_ctrl,112,123,116.1,-0.1354275792837143,-0.49490929945975176
UBFC_PHYS_s17_T3_ctrl,112,124,116.13333333333334,0.08645034581422806,-0.4883378806870741
UBFC_PHYS_s17_T3_ctrl,112,125,116.16666666666667,0.20524954795837402,-0.473638974621127
UBFC_PHYS_s17_T3_ctrl,112,126,116.2,0.1714557558298111,-0.4472728465795929
UBFC_PHYS_s17_T3_ctrl,112,127,116.23333333333333,0.10295511037111282,-0.40760899343075807
UBFC_PHYS_s17_T3_ctrl,112,128,116.26666666666667,0.14324547350406647,-0.3557641714319041
UBFC_PHYS_s17_T3_ctrl,112,129,116.3,0.2384229600429535,-0.2952726836993567
UBFC_PHYS_s17_T3_ctrl,112,130,116.33333333333333,0.17645400762557983,-0.23091010116356536
UBFC_PHYS_s17_T3_ctrl,112,131,116.36666666666666,-0.0975017249584198,-0.16716860184482982
UBFC_PHYS_s17_T3_ctrl,112,132,116.4,-0.38608935475349426,-0.10690660362880697
UBFC_PHYS_s17_T3_ctrl,112,133,116.43333333333334,-0.4839707911014557,-0.05060831432409489
UBFC_PHYS_s17_T3_ctrl,112,134,116.46666666666667,-0.36562812328338623,0.003493197974548102
UBFC_PHYS_s17_T3_ctrl,112,135,116.5,-0.135673388838768,0.058436978920624646
UBFC_PHYS_s17_T3_ctrl,112,136,116.53333333333333,0.12003345042467117,0.11700400829703836
UBFC_PHYS_s17_T3_ctrl,112,137,116.56666666666666,0.40279170870780945,0.18018070793333288
UBFC_PHYS_s17_T3_ctrl,112,138,116.6,0.633905291557312,0.2462313410944896
UBFC_PHYS_s17_T3_ctrl,112,139,116.63333333333334,0.5813241600990295,0.31081206235902553
UBFC_PHYS_s17_T3_ctrl,112,140,116.66666666666667,0.16615314781665802,0.3681453479643771
UBFC_PHYS_s17_T3_ctrl,112,141,116.7,-0.36266660690307617,0.4128021943444183
UBFC_PHYS_s17_T3_ctrl,112,142,116.73333333333333,-0.7061998844146729,0.4413487220309397
UBFC_PHYS_s17_T3_ctrl,112,143,116.76666666666667,-0.7430254220962524,0.45318800669555465
UBFC_PHYS_s17_T3_ctrl,112,144,116.8,-0.5098048448562622,0.45035231625401323
UBFC_PHYS_s17_T3_ctrl,112,145,116.83333333333333,-0.1735992431640625,0.43648041850752417
UBFC_PHYS_s17_T3_ctrl,112,146,116.86666666666666,0.06039388105273247,0.4154585469362892
UBFC_PHYS_s17_T3_ctrl,112,147,116.9,0.11720071732997894,0.39020103144390883
UBFC_PHYS_s17_T3_ctrl,112,148,116.93333333333334,0.0712214782834053,0.3619188331654982
UBFC_PHYS_s17_T3_ctrl,112,149,116.96666666666667,-0.007018144242465496,0.33003490257278
UBFC_PHYS_s17_T3_ctrl,112,150,117.0,-0.15656772255897522,0.2926926188149053
UBFC_PHYS_s17_T3_ctrl,112,151,117.03333333333333,-0.43097996711730957,0.24763420911393078
UBFC_PHYS_s17_T3_ctrl,112,152,117.06666666666666,-0.6835965514183044,0.1931533516451049
UBFC_PHYS_s17_T3_ctrl,112,153,117.1,-0.6607005596160889,0.12885089146471046
UBFC_PHYS_s17_T3_ctrl,112,154,117.13333333333334,-0.3229966461658478,0.05601307928791556
UBFC_PHYS_s17_T3_ctrl,112,155,117.16666666666667,0.08550219982862473,-0.022450247586195713
UBFC_PHYS_s17_T3_ctrl,112,156,117.2,0.3579244911670685,-0.10246690111020536
UBFC_PHYS_s17_T3_ctrl,112,157,117.23333333333333,0.52983158826828,-0.1795794811857561
UBFC_PHYS_s17_T3_ctrl,112,158,117.26666666666667,0.6916017532348633,-0.2499576937059687
UBFC_PHYS_s17_T3_ctrl,112,159,117.3,0.8016920685768127,-0.31150065053712045
UBFC_PHYS_s17_T3_ctrl,112,160,117.33333333333333,0.8264608979225159,-0.36470930322541517
UBFC_PHYS_s17_T3_ctrl,112,161,117.36666666666666,0.8608399629592896,-0.4128889266200345
UBFC_PHYS_s17_T3_ctrl,112,162,117.4,1.0225398540496826,-0.4613685673443615
UBFC_PHYS_s17_T3_ctrl,112,163,117.43333333333334,1.3219550848007202,-0.5158181593223236
UBFC_PHYS_s17_T3_ctrl,112,164,117.46666666666667,1.5427443981170654,-0.5802008207827402
UBFC_PHYS_s17_T3_ctrl,112,165,117.5,1.2740795612335205,-0.655030169740343
UBFC_PHYS_s17_T3_ctrl,112,166,117.53333333333333,0.39066481590270996,-0.7362622958868921
UBFC_PHYS_s17_T3_ctrl,112,167,117.56666666666666,-0.4900693893432617,-0.8147633793521907
UBFC_PHYS_s17_T3_ctrl,112,168,117.6,-0.7349017858505249,-0.8763103961122481
UBFC_PHYS_s17_T3_ctrl,112,169,117.63333333333334,-0.46876534819602966,-0.9024356404506926
UBFC_PHYS_s17_T3_ctrl,112,170,117.66666666666667,-0.22434261441230774,-0.8726838349275439
UBFC_PHYS_s17_T3_ctrl,112,171,117.7,-0.10101337730884552,-0.7685334871480752
UBFC_PHYS_s17_T3_ctrl,112,172,117.73333333333333,0.1857832968235016,-0.5783030925958974
UBFC_PHYS_s17_T3_ctrl,112,173,117.76666666666667,0.7004393935203552,-0.30153629867523046
UBFC_PHYS_s17_T3_ctrl,112,174,117.8,1.2089383602142334,0.04865435219193404
UBFC_PHYS_s17_T3_ctrl,112,175,117.83333333333333,1.4613677263259888,0.4460892585687111
UBFC_PHYS_s17_T3_ctrl,112,176,117.86666666666666,1.263848900794983,0.8547315480285677
UBFC_PHYS_s17_T3_ctrl,112,177,117.9,0.6894596219062805,1.2337224736913601
UBFC_PHYS_s17_T3_ctrl,112,178,117.93333333333334,0.17774160206317902,1.5430653273379042
UBFC_PHYS_s17_T3_ctrl,112,179,117.96666666666667,0.07311777025461197,1.7490008072202985
UBFC_PHYS_s17_T3_ctrl,112,180,118.0,0.2537688910961151,1.8286194090100987
UBFC_PHYS_s17_T3_ctrl,112,181,118.03333333333333,0.42094695568084717,1.7735012307176108
UBFC_PHYS_s17_T3_ctrl,112,182,118.06666666666666,0.46829575300216675,1.59185695064262
UBFC_PHYS_s17_T3_ctrl,112,183,118.1,0.4398513734340668,1.308141037329828
UBFC_PHYS_s17_T3_ctrl,112,184,118.13333333333334,0.392362117767334,0.9591281949807823
UBFC_PHYS_s17_T3_ctrl,112,185,118.16666666666667,0.3479982316493988,0.5865221010080413
UBFC_PHYS_s17_T3_ctrl,112,186,118.2,0.30096548795700073,0.22802060252434492
UBFC_PHYS_s17_T3_ctrl,112,187,118.23333333333333,0.24089282751083374,-0.09002726224071206
UBFC_PHYS_s17_T3_ctrl,112,188,118.26666666666667,0.15155638754367828,-0.35582203034450915
UBFC_PHYS_s17_T3_ctrl,112,189,118.3,0.0091822799295187,-0.5705437838249733
UBFC_PHYS_s17_T3_ctrl,112,190,118.33333333333333,-0.16405925154685974,-0.7433623599022591
UBFC_PHYS_s17_T3_ctrl,112,191,118.36666666666666,-0.25731703639030457,-0.8853934091752063
UBFC_PHYS_s17_T3_ctrl,112,192,118.4,-0.14508461952209473,-1.0047016858753695
UBFC_PHYS_s17_T3_ctrl,112,193,118.43333333333334,0.15531384944915771,-1.103487820862763
UBFC_PHYS_s17_T3_ctrl,112,194,118.46666666666667,0.47462841868400574,-1.177699982538446
UBFC_PHYS_s17_T3_ctrl,112,195,118.5,0.6765718460083008,-1.2187337098879225
UBFC_PHYS_s17_T3_ctrl,112,196,118.53333333333333,0.751276433467865,-1.2165543460481143
UBFC_PHYS_s17_T3_ctrl,112,197,118.56666666666666,0.7443233728408813,-1.1634620507911115
UBFC_PHYS_s17_T3_ctrl,112,198,118.6,0.6939545273780823,-1.0577173294886009
UBFC_PHYS_s17_T3_ctrl,112,199,118.63333333333334,0.6665870547294617,-0.9060969033876622
UBFC_PHYS_s17_T3_ctrl,112,200,118.66666666666667,0.7209357619285583,-0.7241692395049802
UBFC_PHYS_s17_T3_ctrl,112,201,118.7,0.8328052759170532,-0.5332473172587646
UBFC_PHYS_s17_T3_ctrl,112,202,118.73333333333333,0.9212170243263245,-0.35409348185921363
UBFC_PHYS_s17_T3_ctrl,112,203,118.76666666666667,0.9511362910270691,-0.19927947856713477
UBFC_PHYS_s17_T3_ctrl,112,204,118.8,0.9240731596946716,-0.06768365698132005
UBFC_PHYS_s17_T3_ctrl,112,205,118.83333333333333,0.8179743885993958,0.05541908968614764
UBFC_PHYS_s17_T3_ctrl,112,206,118.86666666666666,0.639020562171936,0.19149441297609957
UBFC_PHYS_s17_T3_ctrl,112,207,118.9,0.4134086072444916,0.35747566610772846
UBFC_PHYS_s17_T3_ctrl,112,208,118.93333333333334,0.13276904821395874,0.555290465920255
UBFC_PHYS_s17_T3_ctrl,112,209,118.96666666666667,-0.13274700939655304,0.7676230618307583
UBFC_PHYS_s17_T3_ctrl,112,210,119.0,-0.17237016558647156,0.962389859864662
UBFC_PHYS_s17_T3_ctrl,112,211,119.03333333333333,0.11807862669229507,1.1039375065924624
UBFC_PHYS_s17_T3_ctrl,112,212,119.06666666666666,0.514415442943573,1.1656298051905896
UBFC_PHYS_s17_T3_ctrl,112,213,119.1,0.7155511975288391,1.1382337146451842
UBFC_PHYS_s17_T3_ctrl,112,214,119.13333333333334,0.6001114845275879,1.0313925179223655
UBFC_PHYS_s17_T3_ctrl,112,215,119.16666666666667,0.2762434780597687,0.8690450072647623
UBFC_PHYS_s17_T3_ctrl,112,216,119.2,-0.0478820763528347,0.6815016897407468
UBFC_PHYS_s17_T3_ctrl,112,217,119.23333333333333,-0.26246747374534607,0.49705697041062163
UBFC_PHYS_s17_T3_ctrl,112,218,119.26666666666667,-0.45724713802337646,0.3355362771208293
UBFC_PHYS_s17_T3_ctrl,112,219,119.3,-0.7986031770706177,0.2052981132639039
UBFC_PHYS_s17_T3_ctrl,112,220,119.33333333333333,-1.3485397100448608,0.10393685954209776
UBFC_PHYS_s17_T3_ctrl,112,221,119.36666666666666,-1.9661574363708496,0.02174685292786848
UBFC_PHYS_s17_T3_ctrl,112,222,119.4,-2.290879964828491,-0.05358819431854808
UBFC_PHYS_s17_T3_ctrl,112,223,119.43333333333334,-2.0832009315490723,-0.1325880959872107
UBFC_PHYS_s17_T3_ctrl,112,224,119.46666666666667,-1.593044400215149,-0.22092228877371148
UBFC_PHYS_s17_T3_ctrl,112,225,119.5,-1.2302554845809937,-0.31812907587841877
UBFC_PHYS_s17_T3_ctrl,112,226,119.53333333333333,-1.0253740549087524,-0.41790279870375263
UBFC_PHYS_s17_T3_ctrl,112,227,119.56666666666666,-0.8127551078796387,-0.5095008203721697
UBFC_PHYS_s17_T3_ctrl,112,228,119.6,-0.6151193380355835,-0.5800245481597948
UBFC_PHYS_s17_T3_ctrl,112,229,119.63333333333334,-0.48000264167785645,-0.6174514493232159
UBFC_PHYS_s17_T3_ctrl,112,230,119.66666666666667,-0.3574342429637909,-0.6139389452951839
UBFC_PHYS_s17_T3_ctrl,112,231,119.7,-0.22760845720767975,-0.5684664001874408
UBFC_PHYS_s17_T3_ctrl,112,232,119.73333333333333,-0.1093008816242218,-0.48786401426043635
UBFC_PHYS_s17_T3_ctrl,112,233,119.76666666666667,0.028238847851753235,-0.3856898211126687
UBFC_PHYS_s17_T3_ctrl,112,234,119.8,0.19680988788604736,-0.27903332963015226
UBFC_PHYS_s17_T3_ctrl,112,235,119.83333333333333,0.3242945671081543,-0.1840965478707735
UBFC_PHYS_s17_T3_ctrl,112,236,119.86666666666666,0.3427073359489441,-0.11210379880073522
UBFC_PHYS_s17_T3_ctrl,112,237,119.9,0.27248600125312805,-0.06704536719417534
UBFC_PHYS_s17_T3_ctrl,112,238,119.93333333333334,0.19266612827777863,-0.04572900901753224
UBFC_PHYS_s17_T3_ctrl,112,239,119.96666666666667,0.15330050885677338,-0.03953773721609982
UBFC_PHYS_s17_T3_ctrl,113,0,113.0,0.9072874188423157,0.22469757486826009
UBFC_PHYS_s17_T3_ctrl,113,1,113.03333333333333,0.777871310710907,0.3351438017914302
UBFC_PHYS_s17_T3_ctrl,113,2,113.06666666666666,0.6430941224098206,0.4083215106158627
UBFC_PHYS_s17_T3_ctrl,113,3,113.1,0.5509951710700989,0.4211804353785674
UBFC_PHYS_s17_T3_ctrl,113,4,113.13333333333334,0.5909343361854553,0.3657018820699794
UBFC_PHYS_s17_T3_ctrl,113,5,113.16666666666667,0.8289190530776978,0.25055643569375996
UBFC_PHYS_s17_T3_ctrl,113,6,113.2,1.2189817428588867,0.09753424663197023
UBFC_PHYS_s17_T3_ctrl,113,7,113.23333333333333,1.626883625984192,-0.06587808676142143
UBFC_PHYS_s17_T3_ctrl,113,8,113.26666666666667,1.9475208520889282,-0.21498086431510804
UBFC_PHYS_s17_T3_ctrl,113,9,113.3,2.1897780895233154,-0.33443138829254815
UBFC_PHYS_s17_T3_ctrl,113,10,113.33333333333333,2.4281256198883057,-0.4210567092649727
UBFC_PHYS_s17_T3_ctrl,113,11,113.36666666666666,2.7004778385162354,-0.4826771341324542
UBFC_PHYS_s17_T3_ctrl,113,12,113.4,2.990926504135132,-0.5338965723016462
UBFC_PHYS_s17_T3_ctrl,113,13,113.43333333333334,3.211481809616089,-0.5903923215989676
UBFC_PHYS_s17_T3_ctrl,113,14,113.46666666666667,3.1612064838409424,-0.6633648822780394
UBFC_PHYS_s17_T3_ctrl,113,15,113.5,2.689626693725586,-0.7555124826463415
UBFC_PHYS_s17_T3_ctrl,113,16,113.53333333333333,1.8458117246627808,-0.859262027182769
UBFC_PHYS_s17_T3_ctrl,113,17,113.56666666666666,0.6836186051368713,-0.9573868580424204
UBFC_PHYS_s17_T3_ctrl,113,18,113.6,-0.7655234336853027,-1.0258492460824706
UBFC_PHYS_s17_T3_ctrl,113,19,113.63333333333334,-2.1285595893859863,-1.0385836622384919
UBFC_PHYS_s17_T3_ctrl,113,20,113.66666666666667,-2.9592177867889404,-0.9736688278219949
UBFC_PHYS_s17_T3_ctrl,113,21,113.7,-3.308943271636963,-0.8197399965046879
UBFC_PHYS_s17_T3_ctrl,113,22,113.73333333333333,-3.4936912059783936,-0.5807537899075453
UBFC_PHYS_s17_T3_ctrl,113,23,113.76666666666667,-3.567260265350342,-0.2769589621185773
UBFC_PHYS_s17_T3_ctrl,113,24,113.8,-3.447021245956421,0.05922001360900303
UBFC_PHYS_s17_T3_ctrl,113,25,113.83333333333333,-3.1916306018829346,0.39156350847753096
UBFC_PHYS_s17_T3_ctrl,113,26,113.86666666666666,-2.893584966659546,0.6893799095293345
UBFC_PHYS_s17_T3_ctrl,113,27,113.9,-2.619079113006592,0.9336174806568444
UBFC_PHYS_s17_T3_ctrl,113,28,113.93333333333334,-2.4483189582824707,1.117554074548587
UBFC_PHYS_s17_T3_ctrl,113,29,113.96666666666667,-2.3610427379608154,1.2429450190429547
UBFC_PHYS_s17_T3_ctrl,113,30,114.0,-2.15557599067688,1.3144492746355243
UBFC_PHYS_s17_T3_ctrl,113,31,114.03333333333333,-1.6910779476165771,1.3352622414293016
UBFC_PHYS_s17_T3_ctrl,113,32,114.06666666666666,-1.1398656368255615,1.3056833618268586
UBFC_PHYS_s17_T3_ctrl,113,33,114.1,-0.7251393795013428,1.224711150965723
UBFC_PHYS_s17_T3_ctrl,113,34,114.13333333333334,-0.46582725644111633,1.0934543029644195
UBFC_PHYS_s17_T3_ctrl,113,35,114.16666666666667,-0.26361459493637085,0.918488286839296
UBFC_PHYS_s17_T3_ctrl,113,36,114.2,-0.0859483927488327,0.7133329232621923
UBFC_PHYS_s17_T3_ctrl,113,37,114.23333333333333,0.05344080924987793,0.4970488257537258
UBFC_PHYS_s17_T3_ctrl,113,38,114.26666666666667,0.17935696244239807,0.2903194040304518
UBFC_PHYS_s17_T3_ctrl,113,39,114.3,0.3033885359764099,0.11052960772168978
UBFC_PHYS_s17_T3_ctrl,113,40,114.33333333333333,0.36795613169670105,-0.03236305785549616
UBFC_PHYS_s17_T3_ctrl,113,41,114.36666666666666,0.33209043741226196,-0.13781682873447146
UBFC_PHYS_s17_T3_ctrl,113,42,114.4,0.25190770626068115,-0.213948255058611
UBFC_PHYS_s17_T3_ctrl,113,43,114.43333333333334,0.26548609137535095,-0.2742581596038232
UBFC_PHYS_s17_T3_ctrl,113,44,114.46666666666667,0.49206963181495667,-0.3328948236483808
UBFC_PHYS_s17_T3_ctrl,113,45,114.5,0.8988595008850098,-0.40013606248503364
UBFC_PHYS_s17_T3_ctrl,113,46,114.53333333333333,1.3044670820236206,-0.4798770731399246
UBFC_PHYS_s17_T3_ctrl,113,47,114.56666666666666,1.5940730571746826,-0.570077607126636
UBFC_PHYS_s17_T3_ctrl,113,48,114.6,1.802302360534668,-0.665502802515925
UBFC_PHYS_s17_T3_ctrl,113,49,114.63333333333334,1.957622766494751,-0.7608710790561044
UBFC_PHYS_s17_T3_ctrl,113,50,114.66666666666667,2.052730083465576,-0.8526664769780042
UBFC_PHYS_s17_T3_ctrl,113,51,114.7,2.160245180130005,-0.9389533093993511
UBFC_PHYS_s17_T3_ctrl,113,52,114.73333333333333,2.3622353076934814,-1.0175839093018892
UBFC_PHYS_s17_T3_ctrl,113,53,114.76666666666667,2.5511388778686523,-1.0837547292190746
UBFC_PHYS_s17_T3_ctrl,113,54,114.8,2.4943087100982666,-1.1279715872137404
UBFC_PHYS_s17_T3_ctrl,113,55,114.83333333333333,2.061567544937134,-1.1354305043363755
UBFC_PHYS_s17_T3_ctrl,113,56,114.86666666666666,1.2545078992843628,-1.087730888244555
UBFC_PHYS_s17_T3_ctrl,113,57,114.9,0.2554895877838135,-0.9673324764059585
UBFC_PHYS_s17_T3_ctrl,113,58,114.93333333333334,-0.5976898074150085,-0.7639714954374907
UBFC_PHYS_s17_T3_ctrl,113,59,114.96666666666667,-1.1325379610061646,-0.48079611116749654
UBFC_PHYS_s17_T3_ctrl,113,60,115.0,-1.4981945753097534,-0.1372203171810674
UBFC_PHYS_s17_T3_ctrl,113,61,115.03333333333333,-1.8077819347381592,0.23353292288185218
UBFC_PHYS_s17_T3_ctrl,113,62,115.06666666666666,-1.9188905954360962,0.5915672496480416
UBFC_PHYS_s17_T3_ctrl,113,63,115.1,-1.7817254066467285,0.8990536658327949
UBFC_PHYS_s17_T3_ctrl,113,64,115.13333333333334,-1.6185154914855957,1.1271468255035335
UBFC_PHYS_s17_T3_ctrl,113,65,115.16666666666667,-1.6484348773956299,1.2592857657320662
UBFC_PHYS_s17_T3_ctrl,113,66,115.2,-1.8964511156082153,1.2913097678092713
UBFC_PHYS_s17_T3_ctrl,113,67,115.23333333333333,-2.2339677810668945,1.2300060202521081
UBFC_PHYS_s17_T3_ctrl,113,68,115.26666666666667,-2.3611598014831543,1.091215621125463
UBFC_PHYS_s17_T3_ctrl,113,69,115.3,-1.9752174615859985,0.8975712561077578
UBFC_PHYS_s17_T3_ctrl,113,70,115.33333333333333,-1.1674554347991943,0.6756294659602895
UBFC_PHYS_s17_T3_ctrl,113,71,115.36666666666666,-0.2809387445449829,0.4524915611959602
UBFC_PHYS_s17_T3_ctrl,113,72,115.4,0.49709129333496094,0.2523204518329273
UBFC_PHYS_s17_T3_ctrl,113,73,115.43333333333334,1.1223644018173218,0.0933165048241277
UBFC_PHYS_s17_T3_ctrl,113,74,115.46666666666667,1.4840530157089233,-0.014228976512160573
UBFC_PHYS_s17_T3_ctrl,113,75,115.5,1.4870612621307373,-0.06838399788894692
UBFC_PHYS_s17_T3_ctrl,113,76,115.53333333333333,1.1700878143310547,-0.0746210577250691
UBFC_PHYS_s17_T3_ctrl,113,77,115.56666666666666,0.6783159971237183,-0.04403277263368388
UBFC_PHYS_s17_T3_ctrl,113,78,115.6,0.14683906733989716,0.008618792828991181
UBFC_PHYS_s17_T3_ctrl,113,79,115.63333333333334,-0.34557658433914185,0.06669485966189692
UBFC_PHYS_s17_T3_ctrl,113,80,115.66666666666667,-0.7832221388816833,0.11347615124354747
UBFC_PHYS_s17_T3_ctrl,113,81,115.7,-1.1584070920944214,0.1343131146209377
UBFC_PHYS_s17_T3_ctrl,113,82,115.73333333333333,-1.452168583869934,0.11913871130542025
UBFC_PHYS_s17_T3_ctrl,113,83,115.76666666666667,-1.6218633651733398,0.064744963261943
UBFC_PHYS_s17_T3_ctrl,113,84,115.8,-1.580086350440979,-0.024151677492984438
UBFC_PHYS_s17_T3_ctrl,113,85,115.83333333333333,-1.3009568452835083,-0.13581321969868562
UBFC_PHYS_s17_T3_ctrl,113,86,115.86666666666666,-0.9168522357940674,-0.2543167133995044
UBFC_PHYS_s17_T3_ctrl,113,87,115.9,-0.601775050163269,-0.3634393795301423
UBFC_PHYS_s17_T3_ctrl,113,88,115.93333333333334,-0.4021141827106476,-0.45032241106970944
UBFC_PHYS_s17_T3_ctrl,113,89,115.96666666666667,-0.28450894355773926,-0.5077747515362804
UBFC_PHYS_s17_T3_ctrl,113,90,116.0,-0.25700098276138306,-0.5345682614858076
UBFC_PHYS_s17_T3_ctrl,113,91,116.03333333333333,-0.3049350380897522,-0.5338782787083103
UBFC_PHYS_s17_T3_ctrl,113,92,116.06666666666666,-0.29510241746902466,-0.5108979756570038
UBFC_PHYS_s17_T3_ctrl,113,93,116.1,-0.1354275792837143,-0.4709286269227602
UBFC_PHYS_s17_T3_ctrl,113,94,116.13333333333334,0.08645034581422806,-0.4185965552359777
UBFC_PHYS_s17_T3_ctrl,113,95,116.16666666666667,0.20524954795837402,-0.35795677131405734
UBFC_PHYS_s17_T3_ctrl,113,96,116.2,0.1714557558298111,-0.2929010679412357
UBFC_PHYS_s17_T3_ctrl,113,97,116.23333333333333,0.10295511037111282,-0.22745068208677477
UBFC_PHYS_s17_T3_ctrl,113,98,116.26666666666667,0.14324547350406647,-0.16576073965828225
UBFC_PHYS_s17_T3_ctrl,113,99,116.3,0.2384229600429535,-0.11180053522828118
UBFC_PHYS_s17_T3_ctrl,113,100,116.33333333333333,0.17645400762557983,-0.0687204650525064
UBFC_PHYS_s17_T3_ctrl,113,101,116.36666666666666,-0.0975017249584198,-0.03799553218861762
UBFC_PHYS_s17_T3_ctrl,113,102,116.4,-0.38608935475349426,-0.018605920979064317
UBFC_PHYS_s17_T3_ctrl,113,103,116.43333333333334,-0.4839707911014557,-0.006638029023733403
UBFC_PHYS_s17_T3_ctrl,113,104,116.46666666666667,-0.36562812328338623,0.004376337992550439
UBFC_PHYS_s17_T3_ctrl,113,105,116.5,-0.135673388838768,0.022258103400101446
UBFC_PHYS_s17_T3_ctrl,113,106,116.53333333333333,0.12003345042467117,0.05421659119307448
UBFC_PHYS_s17_T3_ctrl,113,107,116.56666666666666,0.40279170870780945,0.10451926203511853
UBFC_PHYS_s17_T3_ctrl,113,108,116.6,0.633905291557312,0.17253915591779798
UBFC_PHYS_s17_T3_ctrl,113,109,116.63333333333334,0.5813241600990295,0.25206849265062237
UBFC_PHYS_s17_T3_ctrl,113,110,116.66666666666667,0.16615314781665802,0.33249252955628167
UBFC_PHYS_s17_T3_ctrl,113,111,116.7,-0.36266660690307617,0.4017280731408331
UBFC_PHYS_s17_T3_ctrl,113,112,116.73333333333333,-0.7061998844146729,0.45002224846053573
UBFC_PHYS_s17_T3_ctrl,113,113,116.76666666666667,-0.7430254220962524,0.47315985398717675
UBFC_PHYS_s17_T3_ctrl,113,114,116.8,-0.5098048448562622,0.4736710285042256
UBFC_PHYS_s17_T3_ctrl,113,115,116.83333333333333,-0.1735992431640625,0.4593826838231781
UBFC_PHYS_s17_T3_ctrl,113,116,116.86666666666666,0.06039388105273247,0.43986516121574487
UBFC_PHYS_s17_T3_ctrl,113,117,116.9,0.11720071732997894,0.42232615262981393
UBFC_PHYS_s17_T3_ctrl,113,118,116.93333333333334,0.0712214782834053,0.4087141873389232
UBFC_PHYS_s17_T3_ctrl,113,119,116.96666666666667,-0.007018144242465496,0.39518546430193896
UBFC_PHYS_s17_T3_ctrl,113,120,117.0,-0.15656772255897522,0.3740197084802698
UBFC_PHYS_s17_T3_ctrl,113,121,117.03333333333333,-0.43097996711730957,0.3370104183202058
UBFC_PHYS_s17_T3_ctrl,113,122,117.06666666666666,-0.6835965514183044,0.2787612282071602
UBFC_PHYS_s17_T3_ctrl,113,123,117.1,-0.6607005596160889,0.19853106661102382
UBFC_PHYS_s17_T3_ctrl,113,124,117.13333333333334,-0.3229966461658478,0.10019637605950636
UBFC_PHYS_s17_T3_ctrl,113,125,117.16666666666667,0.08550219982862473,-0.009149455621606926
UBFC_PHYS_s17_T3_ctrl,113,126,117.2,0.3579244911670685,-0.12109363206122488
UBFC_PHYS_s17_T3_ctrl,113,127,117.23333333333333,0.52983158826828,-0.2276502723357742
UBFC_PHYS_s17_T3_ctrl,113,128,117.26666666666667,0.6916017532348633,-0.3225932538740495
UBFC_PHYS_s17_T3_ctrl,113,129,117.3,0.8016920685768127,-0.4023682341059384
UBFC_PHYS_s17_T3_ctrl,113,130,117.33333333333333,0.8264608979225159,-0.4665967663263191
UBFC_PHYS_s17_T3_ctrl,113,131,117.36666666666666,0.8608399629592896,-0.5180709021354039
UBFC_PHYS_s17_T3_ctrl,113,132,117.4,1.0225398540496826,-0.5620784466415817
UBFC_PHYS_s17_T3_ctrl,113,133,117.43333333333334,1.3219550848007202,-0.6050322405732166
UBFC_PHYS_s17_T3_ctrl,113,134,117.46666666666667,1.5427443981170654,-0.6526554335779207
UBFC_PHYS_s17_T3_ctrl,113,135,117.5,1.2740795612335205,-0.7081218818731732
UBFC_PHYS_s17_T3_ctrl,113,136,117.53333333333333,0.39066481590270996,-0.7704219945028524
UBFC_PHYS_s17_T3_ctrl,113,137,117.56666666666666,-0.4900693893432617,-0.8331153321131839
UBFC_PHYS_s17_T3_ctrl,113,138,117.6,-0.7349017858505249,-0.8838119498791694
UBFC_PHYS_s17_T3_ctrl,113,139,117.63333333333334,-0.46876534819602966,-0.904986238197999
UBFC_PHYS_s17_T3_ctrl,113,140,117.66666666666667,-0.22434261441230774,-0.8766592928669329
UBFC_PHYS_s17_T3_ctrl,113,141,117.7,-0.10101337730884552,-0.7808531897273833
UBFC_PHYS_s17_T3_ctrl,113,142,117.73333333333333,0.1857832968235016,-0.6067163129586058
UBFC_PHYS_s17_T3_ctrl,113,143,117.76666666666667,0.7004393935203552,-0.3545516771601455
UBFC_PHYS_s17_T3_ctrl,113,144,117.8,1.2089383602142334,-0.03724007331890153
UBFC_PHYS_s17_T3_ctrl,113,145,117.83333333333333,1.4613677263259888,0.32140326281289994
UBFC_PHYS_s17_T3_ctrl,113,146,117.86666666666666,1.263848900794983,0.6905820703479288
UBFC_PHYS_s17_T3_ctrl,113,147,117.9,0.6894596219062805,1.0373120218701444
UBFC_PHYS_s17_T3_ctrl,113,148,117.93333333333334,0.17774160206317902,1.3307186693177158
UBFC_PHYS_s17_T3_ctrl,113,149,117.96666666666667,0.07311777025461197,1.5452431504226483
UBFC_PHYS_s17_T3_ctrl,113,150,118.0,0.2537688910961151,1.6629252955747185
UBFC_PHYS_s17_T3_ctrl,113,151,118.03333333333333,0.42094695568084717,1.6752099887607954
UBFC_PHYS_s17_T3_ctrl,113,152,118.06666666666666,0.46829575300216675,1.5843482500484227
UBFC_PHYS_s17_T3_ctrl,113,153,118.1,0.4398513734340668,1.4038075230161728
UBFC_PHYS_s17_T3_ctrl,113,154,118.13333333333334,0.392362117767334,1.1567602828012187
UBFC_PHYS_s17_T3_ctrl,113,155,118.16666666666667,0.3479982316493988,0.872113864179488
UBFC_PHYS_s17_T3_ctrl,113,156,118.2,0.30096548795700073,0.5786422727450914
UBFC_PHYS_s17_T3_ctrl,113,157,118.23333333333333,0.24089282751083374,0.2989542921793177
UBFC_PHYS_s17_T3_ctrl,113,158,118.26666666666667,0.15155638754367828,0.04551095065383347
UBFC_PHYS_s17_T3_ctrl,113,159,118.3,0.0091822799295187,-0.17970078678823045
UBFC_PHYS_s17_T3_ctrl,113,160,118.33333333333333,-0.16405925154685974,-0.38173555702578177
UBFC_PHYS_s17_T3_ctrl,113,161,118.36666666666666,-0.25731703639030457,-0.5670209010633861
UBFC_PHYS_s17_T3_ctrl,113,162,118.4,-0.14508461952209473,-0.737886516415787
UBFC_PHYS_s17_T3_ctrl,113,163,118.43333333333334,0.15531384944915771,-0.8895837551335575
UBFC_PHYS_s17_T3_ctrl,113,164,118.46666666666667,0.47462841868400574,-1.0110189628026232
UBFC_PHYS_s17_T3_ctrl,113,165,118.5,0.6765718460083008,-1.0888678459465968
UBFC_PHYS_s17_T3_ctrl,113,166,118.53333333333333,0.751276433467865,-1.113318873634403
UBFC_PHYS_s17_T3_ctrl,113,167,118.56666666666666,0.7443233728408813,-1.0830536040219922
UBFC_PHYS_s17_T3_ctrl,113,168,118.6,0.6939545273780823,-1.0074790109886063
UBFC_PHYS_s17_T3_ctrl,113,169,118.63333333333334,0.6665870547294617,-0.9052949646532559
UBFC_PHYS_s17_T3_ctrl,113,170,118.66666666666667,0.7209357619285583,-0.7996413138839847
UBFC_PHYS_s17_T3_ctrl,113,171,118.7,0.8328052759170532,-0.7110666216085199
UBFC_PHYS_s17_T3_ctrl,113,172,118.73333333333333,0.9212170243263245,-0.650321976385107
UBFC_PHYS_s17_T3_ctrl,113,173,118.76666666666667,0.9511362910270691,-0.6134146124510412
UBFC_PHYS_s17_T3_ctrl,113,174,118.8,0.9240731596946716,-0.5812018490554255
UBFC_PHYS_s17_T3_ctrl,113,175,118.83333333333333,0.8179743885993958,-0.5246385176492744
UBFC_PHYS_s17_T3_ctrl,113,176,118.86666666666666,0.639020562171936,-0.4146234836402323
UBFC_PHYS_s17_T3_ctrl,113,177,118.9,0.4134086072444916,-0.2331705883367724
UBFC_PHYS_s17_T3_ctrl,113,178,118.93333333333334,0.13276904821395874,0.018415071126338355
UBFC_PHYS_s17_T3_ctrl,113,179,118.96666666666667,-0.13274700939655304,0.31783648454778163
UBFC_PHYS_s17_T3_ctrl,113,180,119.0,-0.17237016558647156,0.6274873035983498
UBFC_PHYS_s17_T3_ctrl,113,181,119.03333333333333,0.11807862669229507,0.9052123921842282
UBFC_PHYS_s17_T3_ctrl,113,182,119.06666666666666,0.514415442943573,1.1155863411250149
UBFC_PHYS_s17_T3_ctrl,113,183,119.1,0.7155511975288391,1.2373104613075472
UBFC_PHYS_s17_T3_ctrl,113,184,119.13333333333334,0.6001114845275879,1.2649811821096386
UBFC_PHYS_s17_T3_ctrl,113,185,119.16666666666667,0.2762434780597687,1.2065439142577417
UBFC_PHYS_s17_T3_ctrl,113,186,119.2,-0.0478820763528347,1.0790433433405486
UBFC_PHYS_s17_T3_ctrl,113,187,119.23333333333333,-0.26246747374534607,0.9046169746814882
UBFC_PHYS_s17_T3_ctrl,113,188,119.26666666666667,-0.45724713802337646,0.7071812137602981
UBFC_PHYS_s17_T3_ctrl,113,189,119.3,-0.7986031770706177,0.5092401847828667
UBFC_PHYS_s17_T3_ctrl,113,190,119.33333333333333,-1.3485397100448608,0.3284278026344575
UBFC_PHYS_s17_T3_ctrl,113,191,119.36666666666666,-1.9661574363708496,0.17439519771642417
UBFC_PHYS_s17_T3_ctrl,113,192,119.4,-2.290879964828491,0.04747464823809969
UBFC_PHYS_s17_T3_ctrl,113,193,119.43333333333334,-2.0832009315490723,-0.05972180958764893
UBFC_PHYS_s17_T3_ctrl,113,194,119.46666666666667,-1.593044400215149,-0.15805338584968323
UBFC_PHYS_s17_T3_ctrl,113,195,119.5,-1.2302554845809937,-0.2566764596990536
UBFC_PHYS_s17_T3_ctrl,113,196,119.53333333333333,-1.0253740549087524,-0.3589722336614616
UBFC_PHYS_s17_T3_ctrl,113,197,119.56666666666666,-0.8127551078796387,-0.4609253877153119
UBFC_PHYS_s17_T3_ctrl,113,198,119.6,-0.6151193380355835,-0.5523445312377407
UBFC_PHYS_s17_T3_ctrl,113,199,119.63333333333334,-0.48000264167785645,-0.620376704142927
UBFC_PHYS_s17_T3_ctrl,113,200,119.66666666666667,-0.3574342429637909,-0.6539969505761839
UBFC_PHYS_s17_T3_ctrl,113,201,119.7,-0.22760845720767975,-0.6478692644114993
UBFC_PHYS_s17_T3_ctrl,113,202,119.73333333333333,-0.1093008816242218,-0.6043270899732581
UBFC_PHYS_s17_T3_ctrl,113,203,119.76666666666667,0.028238847851753235,-0.5328833212711658
UBFC_PHYS_s17_T3_ctrl,113,204,119.8,0.19680988788604736,-0.4473394795283731
UBFC_PHYS_s17_T3_ctrl,113,205,119.83333333333333,0.3242945671081543,-0.3613700377622017
UBFC_PHYS_s17_T3_ctrl,113,206,119.86666666666666,0.3427073359489441,-0.2843432134340361
UBFC_PHYS_s17_T3_ctrl,113,207,119.9,0.27248600125312805,-0.21924364983312003
UBFC_PHYS_s17_T3_ctrl,113,208,119.93333333333334,0.19266612827777863,-0.1633829985745192
UBFC_PHYS_s17_T3_ctrl,113,209,119.96666666666667,0.15330050885677338,-0.11102739701606534
UBFC_PHYS_s17_T3_ctrl,113,210,120.0,0.14069366455078125,-0.05633026890270372
UBFC_PHYS_s17_T3_ctrl,113,211,120.03333333333333,0.11912041902542114,0.0047133532408276425
UBFC_PHYS_s17_T3_ctrl,113,212,120.06666666666666,0.08347714692354202,0.07365596501393613
UBFC_PHYS_s17_T3_ctrl,113,213,120.1,0.05311305448412895,0.1499096386203364
UBFC_PHYS_s17_T3_ctrl,113,214,120.13333333333334,0.03679557517170906,0.2313612638375998
UBFC_PHYS_s17_T3_ctrl,113,215,120.16666666666667,0.01286951545625925,0.31485409179523344
UBFC_PHYS_s17_T3_ctrl,113,216,120.2,-0.03769828379154205,0.39630748590167075
UBFC_PHYS_s17_T3_ctrl,113,217,120.23333333333333,-0.08730623126029968,0.4705180888806943
UBFC_PHYS_s17_T3_ctrl,113,218,120.26666666666667,-0.1092657595872879,0.5310517436531496
UBFC_PHYS_s17_T3_ctrl,113,219,120.3,-0.14185389876365662,0.570722563699576
UBFC_PHYS_s17_T3_ctrl,113,220,120.33333333333333,-0.2219429910182953,0.5827400985348937
UBFC_PHYS_s17_T3_ctrl,113,221,120.36666666666666,-0.29993680119514465,0.5621219588406487
UBFC_PHYS_s17_T3_ctrl,113,222,120.4,-0.2843567728996277,0.5068835980958677
UBFC_PHYS_s17_T3_ctrl,113,223,120.43333333333334,-0.14165490865707397,0.41869105603473433
UBFC_PHYS_s17_T3_ctrl,113,224,120.46666666666667,0.07467459887266159,0.30280169655258055
UBFC_PHYS_s17_T3_ctrl,113,225,120.5,0.2702736556529999,0.16727250415139525
UBFC_PHYS_s17_T3_ctrl,113,226,120.53333333333333,0.3793221712112427,0.0216891490261966
UBFC_PHYS_s17_T3_ctrl,113,227,120.56666666666666,0.4154922068119049,-0.12410295164996335
UBFC_PHYS_s17_T3_ctrl,113,228,120.6,0.4238031208515167,-0.26082319395815895
UBFC_PHYS_s17_T3_ctrl,113,229,120.63333333333334,0.4270104169845581,-0.3800290334296228
UBFC_PHYS_s17_T3_ctrl,113,230,120.66666666666667,0.428824782371521,-0.47417153634023557
UBFC_PHYS_s17_T3_ctrl,113,231,120.7,0.43353039026260376,-0.5369544971092065
UBFC_PHYS_s17_T3_ctrl,113,232,120.73333333333333,0.43453705310821533,-0.5642508310082763
UBFC_PHYS_s17_T3_ctrl,113,233,120.76666666666667,0.4154922068119049,-0.5553275949854786
UBFC_PHYS_s17_T3_ctrl,113,234,120.8,0.3796265125274658,-0.5137495723247587
UBFC_PHYS_s17_T3_ctrl,113,235,120.83333333333333,0.34314045310020447,-0.4472280255828924
UBFC_PHYS_s17_T3_ctrl,113,236,120.86666666666666,0.3072279393672943,-0.3659293846495135
UBFC_PHYS_s17_T3_ctrl,113,237,120.9,0.262758731842041,-0.27947567911130966
UBFC_PHYS_s17_T3_ctrl,113,238,120.93333333333334,0.2095571756362915,-0.1938671566273939
UBFC_PHYS_s17_T3_ctrl,113,239,120.96666666666667,0.15750278532505035,-0.11010834905409002
UBFC_PHYS_s17_T3_ctrl,114,0,114.0,-2.15557599067688,0.12445907647108291
UBFC_PHYS_s17_T3_ctrl,114,1,114.03333333333333,-1.6910779476165771,0.43058094613189113
UBFC_PHYS_s17_T3_ctrl,114,2,114.06666666666666,-1.1398656368255615,0.6912056861481666
UBFC_PHYS_s17_T3_ctrl,114,3,114.1,-0.7251393795013428,0.8706481111996736
UBFC_PHYS_s17_T3_ctrl,114,4,114.13333333333334,-0.46582725644111633,0.9498347428337859
UBFC_PHYS_s17_T3_ctrl,114,5,114.16666666666667,-0.26361459493637085,0.9296169981071198
UBFC_PHYS_s17_T3_ctrl,114,6,114.2,-0.0859483927488327,0.8290281853923364
UBFC_PHYS_s17_T3_ctrl,114,7,114.23333333333333,0.05344080924987793,0.6791577348383598
UBFC_PHYS_s17_T3_ctrl,114,8,114.26666666666667,0.17935696244239807,0.5145574199759997
UBFC_PHYS_s17_T3_ctrl,114,9,114.3,0.3033885359764099,0.36457747207173435
UBFC_PHYS_s17_T3_ctrl,114,10,114.33333333333333,0.36795613169670105,0.24695449842675138
UBFC_PHYS_s17_T3_ctrl,114,11,114.36666666666666,0.33209043741226196,0.1652890764679924
UBFC_PHYS_s17_T3_ctrl,114,12,114.4,0.25190770626068115,0.11079801139880191
UBFC_PHYS_s17_T3_ctrl,114,13,114.43333333333334,0.26548609137535095,0.06739622137692688
UBFC_PHYS_s17_T3_ctrl,114,14,114.46666666666667,0.49206963181495667,0.018263292555795424
UBFC_PHYS_s17_T3_ctrl,114,15,114.5,0.8988595008850098,-0.04833193124521835
UBFC_PHYS_s17_T3_ctrl,114,16,114.53333333333333,1.3044670820236206,-0.1359878365173827
UBFC_PHYS_s17_T3_ctrl,114,17,114.56666666666666,1.5940730571746826,-0.2408369128167278
UBFC_PHYS_s17_T3_ctrl,114,18,114.6,1.802302360534668,-0.3549775213770394
UBFC_PHYS_s17_T3_ctrl,114,19,114.63333333333334,1.957622766494751,-0.470400179817829
UBFC_PHYS_s17_T3_ctrl,114,20,114.66666666666667,2.052730083465576,-0.5814118394557821
UBFC_PHYS_s17_T3_ctrl,114,21,114.7,2.160245180130005,-0.6848739468318222
UBFC_PHYS_s17_T3_ctrl,114,22,114.73333333333333,2.3622353076934814,-0.7787478838457402
UBFC_PHYS_s17_T3_ctrl,114,23,114.76666666666667,2.5511388778686523,-0.8599041713992394
UBFC_PHYS_s17_T3_ctrl,114,24,114.8,2.4943087100982666,-0.9220170911706976
UBFC_PHYS_s17_T3_ctrl,114,25,114.83333333333333,2.061567544937134,-0.9542608307513923
UBFC_PHYS_s17_T3_ctrl,114,26,114.86666666666666,1.2545078992843628,-0.9417471491316998
UBFC_PHYS_s17_T3_ctrl,114,27,114.9,0.2554895877838135,-0.8685098421791146
UBFC_PHYS_s17_T3_ctrl,114,28,114.93333333333334,-0.5976898074150085,-0.7227637999311579
UBFC_PHYS_s17_T3_ctrl,114,29,114.96666666666667,-1.1325379610061646,-0.5027438974481686
UBFC_PHYS_s17_T3_ctrl,114,30,115.0,-1.4981945753097534,-0.22067702048719046
UBFC_PHYS_s17_T3_ctrl,114,31,115.03333333333333,-1.8077819347381592,0.09715916337692658
UBFC_PHYS_s17_T3_ctrl,114,32,115.06666666666666,-1.9188905954360962,0.4148914416424321
UBFC_PHYS_s17_T3_ctrl,114,33,115.1,-1.7817254066467285,0.6946986261788722
UBFC_PHYS_s17_T3_ctrl,114,34,115.13333333333334,-1.6185154914855957,0.9048623010510825
UBFC_PHYS_s17_T3_ctrl,114,35,115.16666666666667,-1.6484348773956299,1.0254745621913555
UBFC_PHYS_s17_T3_ctrl,114,36,115.2,-1.8964511156082153,1.050715754017771
UBFC_PHYS_s17_T3_ctrl,114,37,115.23333333333333,-2.2339677810668945,0.9883070190198915
UBFC_PHYS_s17_T3_ctrl,114,38,115.26666666666667,-2.3611598014831543,0.85708201971374
UBFC_PHYS_s17_T3_ctrl,114,39,115.3,-1.9752174615859985,0.683196354218526
UBFC_PHYS_s17_T3_ctrl,114,40,115.33333333333333,-1.1674554347991943,0.49541482509750373
UBFC_PHYS_s17_T3_ctrl,114,41,115.36666666666666,-0.2809387445449829,0.3201829123031662
UBFC_PHYS_s17_T3_ctrl,114,42,115.4,0.49709129333496094,0.17734510810206675
UBFC_PHYS_s17_T3_ctrl,114,43,115.43333333333334,1.1223644018173218,0.07738435888333167
UBFC_PHYS_s17_T3_ctrl,114,44,115.46666666666667,1.4840530157089233,0.020940371975929437
UBFC_PHYS_s17_T3_ctrl,114,45,115.5,1.4870612621307373,0.0008128809117513638
UBFC_PHYS_s17_T3_ctrl,114,46,115.53333333333333,1.1700878143310547,0.0056262686587301835
UBFC_PHYS_s17_T3_ctrl,114,47,115.56666666666666,0.6783159971237183,0.023542658804766303
UBFC_PHYS_s17_T3_ctrl,114,48,115.6,0.14683906733989716,0.044568065520420086
UBFC_PHYS_s17_T3_ctrl,114,49,115.63333333333334,-0.34557658433914185,0.06099910553384047
UBFC_PHYS_s17_T3_ctrl,114,50,115.66666666666667,-0.7832221388816833,0.06673750736920862
UBFC_PHYS_s17_T3_ctrl,114,51,115.7,-1.1584070920944214,0.056767064007711206
UBFC_PHYS_s17_T3_ctrl,114,52,115.73333333333333,-1.452168583869934,0.027658659468874344
UBFC_PHYS_s17_T3_ctrl,114,53,115.76666666666667,-1.6218633651733398,-0.021058968130311856
UBFC_PHYS_s17_T3_ctrl,114,54,115.8,-1.580086350440979,-0.08568610457497552
UBFC_PHYS_s17_T3_ctrl,114,55,115.83333333333333,-1.3009568452835083,-0.15842296562180824
UBFC_PHYS_s17_T3_ctrl,114,56,115.86666666666666,-0.9168522357940674,-0.22912195328510568
UBFC_PHYS_s17_T3_ctrl,114,57,115.9,-0.601775050163269,-0.28815135000418085
UBFC_PHYS_s17_T3_ctrl,114,58,115.93333333333334,-0.4021141827106476,-0.32924851368955965
UBFC_PHYS_s17_T3_ctrl,114,59,115.96666666666667,-0.28450894355773926,-0.35120270077584265
UBFC_PHYS_s17_T3_ctrl,114,60,116.0,-0.25700098276138306,-0.3575712816337063
UBFC_PHYS_s17_T3_ctrl,114,61,116.03333333333333,-0.3049350380897522,-0.35447103372893435
UBFC_PHYS_s17_T3_ctrl,114,62,116.06666666666666,-0.29510241746902466,-0.34757593203627557
UBFC_PHYS_s17_T3_ctrl,114,63,116.1,-0.1354275792837143,-0.33990015557715697
UBFC_PHYS_s17_T3_ctrl,114,64,116.13333333333334,0.08645034581422806,-0.3312303403530235
UBFC_PHYS_s17_T3_ctrl,114,65,116.16666666666667,0.20524954795837402,-0.3189689304965017
UBFC_PHYS_s17_T3_ctrl,114,66,116.2,0.1714557558298111,-0.2996340068593106
UBFC_PHYS_s17_T3_ctrl,114,67,116.23333333333333,0.10295511037111282,-0.2703455417313278
UBFC_PHYS_s17_T3_ctrl,114,68,116.26666666666667,0.14324547350406647,-0.229882603360461
UBFC_PHYS_s17_T3_ctrl,114,69,116.3,0.2384229600429535,-0.17912605192607498
UBFC_PHYS_s17_T3_ctrl,114,70,116.33333333333333,0.17645400762557983,-0.12088037615335072
UBFC_PHYS_s17_T3_ctrl,114,71,116.36666666666666,-0.0975017249584198,-0.05918139137612373
UBFC_PHYS_s17_T3_ctrl,114,72,116.4,-0.38608935475349426,0.0017339704986994494
UBFC_PHYS_s17_T3_ctrl,114,73,116.43333333333334,-0.4839707911014557,0.05852042548831157
UBFC_PHYS_s17_T3_ctrl,114,74,116.46666666666667,-0.36562812328338623,0.10948438374199387
UBFC_PHYS_s17_T3_ctrl,114,75,116.5,-0.135673388838768,0.15465752573987257
UBFC_PHYS_s17_T3_ctrl,114,76,116.53333333333333,0.12003345042467117,0.1951389006798625
UBFC_PHYS_s17_T3_ctrl,114,77,116.56666666666666,0.40279170870780945,0.2320379251611768
UBFC_PHYS_s17_T3_ctrl,114,78,116.6,0.633905291557312,0.2655338859388725
UBFC_PHYS_s17_T3_ctrl,114,79,116.63333333333334,0.5813241600990295,0.2944964547607168
UBFC_PHYS_s17_T3_ctrl,114,80,116.66666666666667,0.16615314781665802,0.3168570125570968
UBFC_PHYS_s17_T3_ctrl,114,81,116.7,-0.36266660690307617,0.3305712767478607
UBFC_PHYS_s17_T3_ctrl,114,82,116.73333333333333,-0.7061998844146729,0.334701978060993
UBFC_PHYS_s17_T3_ctrl,114,83,116.76666666666667,-0.7430254220962524,0.3300640016555629
UBFC_PHYS_s17_T3_ctrl,114,84,116.8,-0.5098048448562622,0.3191000981677049
UBFC_PHYS_s17_T3_ctrl,114,85,116.83333333333333,-0.1735992431640625,0.3050496230906451
UBFC_PHYS_s17_T3_ctrl,114,86,116.86666666666666,0.06039388105273247,0.29079709088427347
UBFC_PHYS_s17_T3_ctrl,114,87,116.9,0.11720071732997894,0.27787390373980264
UBFC_PHYS_s17_T3_ctrl,114,88,116.93333333333334,0.0712214782834053,0.2659259865523759
UBFC_PHYS_s17_T3_ctrl,114,89,116.96666666666667,-0.007018144242465496,0.2527308400149122
UBFC_PHYS_s17_T3_ctrl,114,90,117.0,-0.15656772255897522,0.23471589801180096
UBFC_PHYS_s17_T3_ctrl,114,91,117.03333333333333,-0.43097996711730957,0.20786453862971052
UBFC_PHYS_s17_T3_ctrl,114,92,117.06666666666666,-0.6835965514183044,0.16881027569457277
UBFC_PHYS_s17_T3_ctrl,114,93,117.1,-0.6607005596160889,0.11583717852380444
UBFC_PHYS_s17_T3_ctrl,114,94,117.13333333333334,-0.3229966461658478,0.04949930542514972
UBFC_PHYS_s17_T3_ctrl,114,95,117.16666666666667,0.08550219982862473,-0.02731982800180823
UBFC_PHYS_s17_T3_ctrl,114,96,117.2,0.3579244911670685,-0.1099009617701801
UBFC_PHYS_s17_T3_ctrl,114,97,117.23333333333333,0.52983158826828,-0.1925836697844211
UBFC_PHYS_s17_T3_ctrl,114,98,117.26666666666667,0.6916017532348633,-0.2698810392035124
UBFC_PHYS_s17_T3_ctrl,114,99,117.3,0.8016920685768127,-0.33765306730351896
UBFC_PHYS_s17_T3_ctrl,114,100,117.33333333333333,0.8264608979225159,-0.3941455606634064
UBFC_PHYS_s17_T3_ctrl,114,101,117.36666666666666,0.8608399629592896,-0.44061555929835955
UBFC_PHYS_s17_T3_ctrl,114,102,117.4,1.0225398540496826,-0.4812123417671722
UBFC_PHYS_s17_T3_ctrl,114,103,117.43333333333334,1.3219550848007202,-0.5218936446123668
UBFC_PHYS_s17_T3_ctrl,114,104,117.46666666666667,1.5427443981170654,-0.5684586295461117
UBFC_PHYS_s17_T3_ctrl,114,105,117.5,1.2740795612335205,-0.6240949721677538
UBFC_PHYS_s17_T3_ctrl,114,106,117.53333333333333,0.39066481590270996,-0.6870057073940354
UBFC_PHYS_s17_T3_ctrl,114,107,117.56666666666666,-0.4900693893432617,-0.7487695029989603
UBFC_PHYS_s17_T3_ctrl,114,108,117.6,-0.7349017858505249,-0.7941651523065798
UBFC_PHYS_s17_T3_ctrl,114,109,117.63333333333334,-0.46876534819602966,-0.8031119501176294
UBFC_PHYS_s17_T3_ctrl,114,110,117.66666666666667,-0.22434261441230774,-0.7549249972571915
UBFC_PHYS_s17_T3_ctrl,114,111,117.7,-0.10101337730884552,-0.6341695007722246
UBFC_PHYS_s17_T3_ctrl,114,112,117.73333333333333,0.1857832968235016,-0.43630588861500336
UBFC_PHYS_s17_T3_ctrl,114,113,117.76666666666667,0.7004393935203552,-0.17080219150233925
UBFC_PHYS_s17_T3_ctrl,114,114,117.8,1.2089383602142334,0.13992458601006286
UBFC_PHYS_s17_T3_ctrl,114,115,117.83333333333333,1.4613677263259888,0.4655961852103608
UBFC_PHYS_s17_T3_ctrl,114,116,117.86666666666666,1.263848900794983,0.7750446355559008
UBFC_PHYS_s17_T3_ctrl,114,117,117.9,0.6894596219062805,1.0420848194660333
UBFC_PHYS_s17_T3_ctrl,114,118,117.93333333333334,0.17774160206317902,1.248341554985854
UBFC_PHYS_s17_T3_ctrl,114,119,117.96666666666667,0.07311777025461197,1.383054205185859
UBFC_PHYS_s17_T3_ctrl,114,120,118.0,0.2537688910961151,1.441337992215236
UBFC_PHYS_s17_T3_ctrl,114,121,118.03333333333333,0.42094695568084717,1.422676247324892
UBFC_PHYS_s17_T3_ctrl,114,122,118.06666666666666,0.46829575300216675,1.33066446855397
UBFC_PHYS_s17_T3_ctrl,114,123,118.1,0.4398513734340668,1.1737825604324843
UBFC_PHYS_s17_T3_ctrl,114,124,118.13333333333334,0.392362117767334,0.9659856494275937
UBFC_PHYS_s17_T3_ctrl,114,125,118.16666666666667,0.3479982316493988,0.7258193952837644
UBFC_PHYS_s17_T3_ctrl,114,126,118.2,0.30096548795700073,0.47367180164912187
UBFC_PHYS_s17_T3_ctrl,114,127,118.23333333333333,0.24089282751083374,0.2279536793420893
UBFC_PHYS_s17_T3_ctrl,114,128,118.26666666666667,0.15155638754367828,0.0016416601630986887
UBFC_PHYS_s17_T3_ctrl,114,129,118.3,0.0091822799295187,-0.19945632927094697
UBFC_PHYS_s17_T3_ctrl,114,130,118.33333333333333,-0.16405925154685974,-0.37595349029145636
UBFC_PHYS_s17_T3_ctrl,114,131,118.36666666666666,-0.25731703639030457,-0.5318470637171627
UBFC_PHYS_s17_T3_ctrl,114,132,118.4,-0.14508461952209473,-0.6704168084161208
UBFC_PHYS_s17_T3_ctrl,114,133,118.43333333333334,0.15531384944915771,-0.7909269190164603
UBFC_PHYS_s17_T3_ctrl,114,134,118.46666666666667,0.47462841868400574,-0.8878259533069714
UBFC_PHYS_s17_T3_ctrl,114,135,118.5,0.6765718460083008,-0.9530317975994236
UBFC_PHYS_s17_T3_ctrl,114,136,118.53333333333333,0.751276433467865,-0.9802594850455149
UBFC_PHYS_s17_T3_ctrl,114,137,118.56666666666666,0.7443233728408813,-0.9691873739402578
UBFC_PHYS_s17_T3_ctrl,114,138,118.6,0.6939545273780823,-0.9273198028462051
UBFC_PHYS_s17_T3_ctrl,114,139,118.63333333333334,0.6665870547294617,-0.8684820353156762
UBFC_PHYS_s17_T3_ctrl,114,140,118.66666666666667,0.7209357619285583,-0.8082904535275869
UBFC_PHYS_s17_T3_ctrl,114,141,118.7,0.8328052759170532,-0.7581460198976132
UBFC_PHYS_s17_T3_ctrl,114,142,118.73333333333333,0.9212170243263245,-0.7199669179305042
UBFC_PHYS_s17_T3_ctrl,114,143,118.76666666666667,0.9511362910270691,-0.6838294143208344
UBFC_PHYS_s17_T3_ctrl,114,144,118.8,0.9240731596946716,-0.629900086428757
UBFC_PHYS_s17_T3_ctrl,114,145,118.83333333333333,0.8179743885993958,-0.5346455812361499
UBFC_PHYS_s17_T3_ctrl,114,146,118.86666666666666,0.639020562171936,-0.3796390373667839
UBFC_PHYS_s17_T3_ctrl,114,147,118.9,0.4134086072444916,-0.15991630142722216
UBFC_PHYS_s17_T3_ctrl,114,148,118.93333333333334,0.13276904821395874,0.11155364484554156
UBFC_PHYS_s17_T3_ctrl,114,149,118.96666666666667,-0.13274700939655304,0.40557009169423014
UBFC_PHYS_s17_T3_ctrl,114,150,119.0,-0.17237016558647156,0.6843129183223391
UBFC_PHYS_s17_T3_ctrl,114,151,119.03333333333333,0.11807862669229507,0.9118926905185478
UBFC_PHYS_s17_T3_ctrl,114,152,119.06666666666666,0.514415442943573,1.06352228070059
UBFC_PHYS_s17_T3_ctrl,114,153,119.1,0.7155511975288391,1.1299221486801592
UBFC_PHYS_s17_T3_ctrl,114,154,119.13333333333334,0.6001114845275879,1.1163325995851172
UBFC_PHYS_s17_T3_ctrl,114,155,119.16666666666667,0.2762434780597687,1.03806693575948
UBFC_PHYS_s17_T3_ctrl,114,156,119.2,-0.0478820763528347,0.9151911554101955
UBFC_PHYS_s17_T3_ctrl,114,157,119.23333333333333,-0.26246747374534607,0.7680395185558397
UBFC_PHYS_s17_T3_ctrl,114,158,119.26666666666667,-0.45724713802337646,0.614148251724797
UBFC_PHYS_s17_T3_ctrl,114,159,119.3,-0.7986031770706177,0.4664873153396412
UBFC_PHYS_s17_T3_ctrl,114,160,119.33333333333333,-1.3485397100448608,0.33269293033629893
UBFC_PHYS_s17_T3_ctrl,114,161,119.36666666666666,-1.9661574363708496,0.21516857343557272
UBFC_PHYS_s17_T3_ctrl,114,162,119.4,-2.290879964828491,0.11210090544033209
UBFC_PHYS_s17_T3_ctrl,114,163,119.43333333333334,-2.0832009315490723,0.01933461481845063
UBFC_PHYS_s17_T3_ctrl,114,164,119.46666666666667,-1.593044400215149,-0.06734992349987594
UBFC_PHYS_s17_T3_ctrl,114,165,119.5,-1.2302554845809937,-0.15032092936992372
UBFC_PHYS_s17_T3_ctrl,114,166,119.53333333333333,-1.0253740549087524,-0.2291680213374124
UBFC_PHYS_s17_T3_ctrl,114,167,119.56666666666666,-0.8127551078796387,-0.3009164585594029
UBFC_PHYS_s17_T3_ctrl,114,168,119.6,-0.6151193380355835,-0.36107648098066014
UBFC_PHYS_s17_T3_ctrl,114,169,119.63333333333334,-0.48000264167785645,-0.4050482754788601
UBFC_PHYS_s17_T3_ctrl,114,170,119.66666666666667,-0.3574342429637909,-0.4295389011573738
UBFC_PHYS_s17_T3_ctrl,114,171,119.7,-0.22760845720767975,-0.43379664950427743
UBFC_PHYS_s17_T3_ctrl,114,172,119.73333333333333,-0.1093008816242218,-0.4203823743868667
UBFC_PHYS_s17_T3_ctrl,114,173,119.76666666666667,0.028238847851753235,-0.3950125001354834
UBFC_PHYS_s17_T3_ctrl,114,174,119.8,0.19680988788604736,-0.36508166262910724
UBFC_PHYS_s17_T3_ctrl,114,175,119.83333333333333,0.3242945671081543,-0.33710977705449263
UBFC_PHYS_s17_T3_ctrl,114,176,119.86666666666666,0.3427073359489441,-0.3143272452070043
UBFC_PHYS_s17_T3_ctrl,114,177,119.9,0.27248600125312805,-0.29588383719044353
UBFC_PHYS_s17_T3_ctrl,114,178,119.93333333333334,0.19266612827777863,-0.27813521997672136
UBFC_PHYS_s17_T3_ctrl,114,179,119.96666666666667,0.15330050885677338,-0.25701673042654033
UBFC_PHYS_s17_T3_ctrl,114,180,120.0,0.14069366455078125,-0.2299189100573933
UBFC_PHYS_s17_T3_ctrl,114,181,120.03333333333333,0.11912041902542114,-0.19608958141133273
UBFC_PHYS_s17_T3_ctrl,114,182,120.06666666666666,0.08347714692354202,-0.15584448245622837
UBFC_PHYS_s17_T3_ctrl,114,183,120.1,0.05311305448412895,-0.10964484141382294
UBFC_PHYS_s17_T3_ctrl,114,184,120.13333333333334,0.03679557517170906,-0.057760139769071
UBFC_PHYS_s17_T3_ctrl,114,185,120.16666666666667,0.01286951545625925,-0.0004856018743076354
UBFC_PHYS_s17_T3_ctrl,114,186,120.2,-0.03769828379154205,0.06138010494741686
UBFC_PHYS_s17_T3_ctrl,114,187,120.23333333333333,-0.08730623126029968,0.12600355865292773
UBFC_PHYS_s17_T3_ctrl,114,188,120.26666666666667,-0.1092657595872879,0.19014993569465843
UBFC_PHYS_s17_T3_ctrl,114,189,120.3,-0.14185389876365662,0.24924258872594873
UBFC_PHYS_s17_T3_ctrl,114,190,120.33333333333333,-0.2219429910182953,0.29797253601513046
UBFC_PHYS_s17_T3_ctrl,114,191,120.36666666666666,-0.29993680119514465,0.3313542519847344
UBFC_PHYS_s17_T3_ctrl,114,192,120.4,-0.2843567728996277,0.3459635010012026
UBFC_PHYS_s17_T3_ctrl,114,193,120.43333333333334,-0.14165490865707397,0.34095475829543204
UBFC_PHYS_s17_T3_ctrl,114,194,120.46666666666667,0.07467459887266159,0.31834013622318247
UBFC_PHYS_s17_T3_ctrl,114,195,120.5,0.2702736556529999,0.28218055499140715
UBFC_PHYS_s17_T3_ctrl,114,196,120.53333333333333,0.3793221712112427,0.236916672980941
UBFC_PHYS_s17_T3_ctrl,114,197,120.56666666666666,0.4154922068119049,0.18567843995996222
UBFC_PHYS_s17_T3_ctrl,114,198,120.6,0.4238031208515167,0.12957795634004604
UBFC_PHYS_s17_T3_ctrl,114,199,120.63333333333334,0.4270104169845581,0.06856804761112179
UBFC_PHYS_s17_T3_ctrl,114,200,120.66666666666667,0.428824782371521,0.0036311520802197695
UBFC_PHYS_s17_T3_ctrl,114,201,120.7,0.43353039026260376,-0.06073748335357212
UBFC_PHYS_s17_T3_ctrl,114,202,120.73333333333333,0.43453705310821533,-0.1151549549816265
UBFC_PHYS_s17_T3_ctrl,114,203,120.76666666666667,0.4154922068119049,-0.1462200554572481
UBFC_PHYS_s17_T3_ctrl,114,204,120.8,0.3796265125274658,-0.13993184552552465
UBFC_PHYS_s17_T3_ctrl,114,205,120.83333333333333,0.34314045310020447,-0.08688655973961856
UBFC_PHYS_s17_T3_ctrl,114,206,120.86666666666666,0.3072279393672943,0.01242545523553758
UBFC_PHYS_s17_T3_ctrl,114,207,120.9,0.262758731842041,0.14431098207755716
UBFC_PHYS_s17_T3_ctrl,114,208,120.93333333333334,0.2095571756362915,0.2823327947316077
UBFC_PHYS_s17_T3_ctrl,114,209,120.96666666666667,0.15750278532505035,0.39220062726387883
UBFC_PHYS_s17_T3_ctrl,114,210,121.0,0.11400511115789413,0.4400983512829915
UBFC_PHYS_s17_T3_ctrl,114,211,121.03333333333333,0.07762438803911209,0.40197574512136475
UBFC_PHYS_s17_T3_ctrl,114,212,121.06666666666666,0.054424069821834564,0.270775317273322
UBFC_PHYS_s17_T3_ctrl,114,213,121.1,0.083840012550354,0.05916795385821708
UBFC_PHYS_s17_T3_ctrl,114,214,121.13333333333334,0.219975084066391,-0.20308659614242755
UBFC_PHYS_s17_T3_ctrl,114,215,121.16666666666667,0.4674529433250427,-0.4761094224354617
UBFC_PHYS_s17_T3_ctrl,114,216,121.2,0.7571291923522949,-0.7186326351086496
UBFC_PHYS_s17_T3_ctrl,114,217,121.23333333333333,1.013561725616455,-0.8956561182404458
UBFC_PHYS_s17_T3_ctrl,114,218,121.26666666666667,1.223020076751709,-0.9833721896825273
UBFC_PHYS_s17_T3_ctrl,114,219,121.3,1.4132814407348633,-0.9712893641525475
UBFC_PHYS_s17_T3_ctrl,114,220,121.33333333333333,1.6110225915908813,-0.8623472444434941
UBFC_PHYS_s17_T3_ctrl,114,221,121.36666666666666,1.840450644493103,-0.6717795650037615
UBFC_PHYS_s17_T3_ctrl,114,222,121.4,2.1065869331359863,-0.4249975998255043
UBFC_PHYS_s17_T3_ctrl,114,223,121.43333333333334,2.3859975337982178,-0.15429605214156478
UBFC_PHYS_s17_T3_ctrl,114,224,121.46666666666667,2.6919913291931152,0.10587181845074839
UBFC_PHYS_s17_T3_ctrl,114,225,121.5,3.0873212814331055,0.3246571737066532
UBFC_PHYS_s17_T3_ctrl,114,226,121.53333333333333,3.448272466659546,0.4801788204510256
UBFC_PHYS_s17_T3_ctrl,114,227,121.56666666666666,3.333148717880249,0.5627298534548796
UBFC_PHYS_s17_T3_ctrl,114,228,121.6,2.4375252723693848,0.5750691936922624
UBFC_PHYS_s17_T3_ctrl,114,229,121.63333333333334,0.9628534913063049,0.5302539936023937
UBFC_PHYS_s17_T3_ctrl,114,230,121.66666666666667,-0.6297628879547119,0.4477974245462839
UBFC_PHYS_s17_T3_ctrl,114,231,121.7,-1.9023858308792114,0.3489407878870213
UBFC_PHYS_s17_T3_ctrl,114,232,121.73333333333333,-2.5481319427490234,0.25223107859034555
UBFC_PHYS_s17_T3_ctrl,114,233,121.76666666666667,-2.622239589691162,0.17072554023727263
UBFC_PHYS_s17_T3_ctrl,114,234,121.8,-2.466848850250244,0.11132258879559107
UBFC_PHYS_s17_T3_ctrl,114,235,121.83333333333333,-2.207080125808716,0.07567232653859873
UBFC_PHYS_s17_T3_ctrl,114,236,121.86666666666666,-1.8095377683639526,0.06178058853576528
UBFC_PHYS_s17_T3_ctrl,114,237,121.9,-1.37753427028656,0.06563313657700491
UBFC_PHYS_s17_T3_ctrl,114,238,121.93333333333334,-1.0243088006973267,0.08240547384361491
UBFC_PHYS_s17_T3_ctrl,114,239,121.96666666666667,-0.7596004009246826,0.10704315866205592
UBFC_PHYS_s17_T3_ctrl,115,0,115.0,-1.4981945753097534,-0.0985662798661712
UBFC_PHYS_s17_T3_ctrl,115,1,115.03333333333333,-1.8077819347381592,0.10688766757889977
UBFC_PHYS_s17_T3_ctrl,115,2,115.06666666666666,-1.9188905954360962,0.2968144327770961
UBFC_PHYS_s17_T3_ctrl,115,3,115.1,-1.7817254066467285,0.45533282917033296
UBFC_PHYS_s17_T3_ctrl,115,4,115.13333333333334,-1.6185154914855957,0.5692534842026153
UBFC_PHYS_s17_T3_ctrl,115,5,115.16666666666667,-1.6484348773956299,0.6297939299049321
UBFC_PHYS_s17_T3_ctrl,115,6,115.2,-1.8964511156082153,0.6342507768343134
UBFC_PHYS_s17_T3_ctrl,115,7,115.23333333333333,-2.2339677810668945,0.5874714151774175
UBFC_PHYS_s17_T3_ctrl,115,8,115.26666666666667,-2.3611598014831543,0.5023690247641929
UBFC_PHYS_s17_T3_ctrl,115,9,115.3,-1.9752174615859985,0.3983245515413974
UBFC_PHYS_s17_T3_ctrl,115,10,115.33333333333333,-1.1674554347991943,0.2971681641505129
UBFC_PHYS_s17_T3_ctrl,115,11,115.36666666666666,-0.2809387445449829,0.2178294234450657
UBFC_PHYS_s17_T3_ctrl,115,12,115.4,0.49709129333496094,0.17150320149732332
UBFC_PHYS_s17_T3_ctrl,115,13,115.43333333333334,1.1223644018173218,0.159091138599899
UBFC_PHYS_s17_T3_ctrl,115,14,115.46666666666667,1.4840530157089233,0.17199515451011405
UBFC_PHYS_s17_T3_ctrl,115,15,115.5,1.4870612621307373,0.19609401288470152
UBFC_PHYS_s17_T3_ctrl,115,16,115.53333333333333,1.1700878143310547,0.21722847610767393
UBFC_PHYS_s17_T3_ctrl,115,17,115.56666666666666,0.6783159971237183,0.22573064812075957
UBFC_PHYS_s17_T3_ctrl,115,18,115.6,0.14683906733989716,0.21815954303633342
UBFC_PHYS_s17_T3_ctrl,115,19,115.63333333333334,-0.34557658433914185,0.1959900041537242
UBFC_PHYS_s17_T3_ctrl,115,20,115.66666666666667,-0.7832221388816833,0.1625247158010138
UBFC_PHYS_s17_T3_ctrl,115,21,115.7,-1.1584070920944214,0.11996080893456441
UBFC_PHYS_s17_T3_ctrl,115,22,115.73333333333333,-1.452168583869934,0.06810208938619443
UBFC_PHYS_s17_T3_ctrl,115,23,115.76666666666667,-1.6218633651733398,0.005114013465363359
UBFC_PHYS_s17_T3_ctrl,115,24,115.8,-1.580086350440979,-0.07033109012035144
UBFC_PHYS_s17_T3_ctrl,115,25,115.83333333333333,-1.3009568452835083,-0.15672882923064516
UBFC_PHYS_s17_T3_ctrl,115,26,115.86666666666666,-0.9168522357940674,-0.24840123128170966
UBFC_PHYS_s17_T3_ctrl,115,27,115.9,-0.601775050163269,-0.3358348039238256
UBFC_PHYS_s17_T3_ctrl,115,28,115.93333333333334,-0.4021141827106476,-0.40775284791630273
UBFC_PHYS_s17_T3_ctrl,115,29,115.96666666666667,-0.28450894355773926,-0.4542569373249477
UBFC_PHYS_s17_T3_ctrl,115,30,116.0,-0.25700098276138306,-0.4697695321282612
UBFC_PHYS_s17_T3_ctrl,115,31,116.03333333333333,-0.3049350380897522,-0.4545271741439509
UBFC_PHYS_s17_T3_ctrl,115,32,116.06666666666666,-0.29510241746902466,-0.41418356328193234
UBFC_PHYS_s17_T3_ctrl,115,33,116.1,-0.1354275792837143,-0.35799001011371095
UBFC_PHYS_s17_T3_ctrl,115,34,116.13333333333334,0.08645034581422806,-0.29633724527080757
UBFC_PHYS_s17_T3_ctrl,115,35,116.16666666666667,0.20524954795837402,-0.23833664027378074
UBFC_PHYS_s17_T3_ctrl,115,36,116.2,0.1714557558298111,-0.1900088672479019
UBFC_PHYS_s17_T3_ctrl,115,37,116.23333333333333,0.10295511037111282,-0.15350615096586634
UBFC_PHYS_s17_T3_ctrl,115,38,116.26666666666667,0.14324547350406647,-0.12746822521433387
UBFC_PHYS_s17_T3_ctrl,115,39,116.3,0.2384229600429535,-0.10821888176965928
UBFC_PHYS_s17_T3_ctrl,115,40,116.33333333333333,0.17645400762557983,-0.0912599412231818
UBFC_PHYS_s17_T3_ctrl,115,41,116.36666666666666,-0.0975017249584198,-0.07249851335641487
UBFC_PHYS_s17_T3_ctrl,115,42,116.4,-0.38608935475349426,-0.04884361268822251
UBFC_PHYS_s17_T3_ctrl,115,43,116.43333333333334,-0.4839707911014557,-0.018181916720204517
UBFC_PHYS_s17_T3_ctrl,115,44,116.46666666666667,-0.36562812328338623,0.02086586190718773
UBFC_PHYS_s17_T3_ctrl,115,45,116.5,-0.135673388838768,0.0688912067767689
UBFC_PHYS_s17_T3_ctrl,115,46,116.53333333333333,0.12003345042467117,0.125141030492956
UBFC_PHYS_s17_T3_ctrl,115,47,116.56666666666666,0.40279170870780945,0.18675932848547616
UBFC_PHYS_s17_T3_ctrl,115,48,116.6,0.633905291557312,0.24845308103306166
UBFC_PHYS_s17_T3_ctrl,115,49,116.63333333333334,0.5813241600990295,0.30311411129062565
UBFC_PHYS_s17_T3_ctrl,115,50,116.66666666666667,0.16615314781665802,0.34344725203207943
UBFC_PHYS_s17_T3_ctrl,115,51,116.7,-0.36266660690307617,0.36411394222969296
UBFC_PHYS_s17_T3_ctrl,115,52,116.73333333333333,-0.7061998844146729,0.36363226724130937
UBFC_PHYS_s17_T3_ctrl,115,53,116.76666666666667,-0.7430254220962524,0.34533076764058407
UBFC_PHYS_s17_T3_ctrl,115,54,116.8,-0.5098048448562622,0.31691844371866795
UBFC_PHYS_s17_T3_ctrl,115,55,116.83333333333333,-0.1735992431640625,0.28859080329170445
UBFC_PHYS_s17_T3_ctrl,115,56,116.86666666666666,0.06039388105273247,0.2699847961300648
UBFC_PHYS_s17_T3_ctrl,115,57,116.9,0.11720071732997894,0.2667444717995109
UBFC_PHYS_s17_T3_ctrl,115,58,116.93333333333334,0.0712214782834053,0.27788463159941174
UBFC_PHYS_s17_T3_ctrl,115,59,116.96666666666667,-0.007018144242465496,0.29523403722170843
UBFC_PHYS_s17_T3_ctrl,115,60,117.0,-0.15656772255897522,0.30569139190913647
UBFC_PHYS_s17_T3_ctrl,115,61,117.03333333333333,-0.43097996711730957,0.29578708922935143
UBFC_PHYS_s17_T3_ctrl,115,62,117.06666666666666,-0.6835965514183044,0.25663703998877757
UBFC_PHYS_s17_T3_ctrl,115,63,117.1,-0.6607005596160889,0.1869840203906431
UBFC_PHYS_s17_T3_ctrl,115,64,117.13333333333334,-0.3229966461658478,0.093212569191746
UBFC_PHYS_s17_T3_ctrl,115,65,117.16666666666667,0.08550219982862473,-0.01311606301705838
UBFC_PHYS_s17_T3_ctrl,115,66,117.2,0.3579244911670685,-0.1188642769958916
UBFC_PHYS_s17_T3_ctrl,115,67,117.23333333333333,0.52983158826828,-0.2128066772916437
UBFC_PHYS_s17_T3_ctrl,115,68,117.26666666666667,0.6916017532348633,-0.2881682613946234
UBFC_PHYS_s17_T3_ctrl,115,69,117.3,0.8016920685768127,-0.34380083898001884
UBFC_PHYS_s17_T3_ctrl,115,70,117.33333333333333,0.8264608979225159,-0.38395555852596064
UBFC_PHYS_s17_T3_ctrl,115,71,117.36666666666666,0.8608399629592896,-0.41686344626897076
UBFC_PHYS_s17_T3_ctrl,115,72,117.4,1.0225398540496826,-0.4524757230194382
UBFC_PHYS_s17_T3_ctrl,115,73,117.43333333333334,1.3219550848007202,-0.4998206865372167
UBFC_PHYS_s17_T3_ctrl,115,74,117.46666666666667,1.5427443981170654,-0.5645189809571285
UBFC_PHYS_s17_T3_ctrl,115,75,117.5,1.2740795612335205,-0.6469114460420325
UBFC_PHYS_s17_T3_ctrl,115,76,117.53333333333333,0.39066481590270996,-0.7409603057594982
UBFC_PHYS_s17_T3_ctrl,115,77,117.56666666666666,-0.4900693893432617,-0.8339163355431837
UBFC_PHYS_s17_T3_ctrl,115,78,117.6,-0.7349017858505249,-0.9069390890248011
UBFC_PHYS_s17_T3_ctrl,115,79,117.63333333333334,-0.46876534819602966,-0.9371377267945444
UBFC_PHYS_s17_T3_ctrl,115,80,117.66666666666667,-0.22434261441230774,-0.9014141668244267
UBFC_PHYS_s17_T3_ctrl,115,81,117.7,-0.10101337730884552,-0.7818331784504546
UBFC_PHYS_s17_T3_ctrl,115,82,117.73333333333333,0.1857832968235016,-0.5712330077488338
UBFC_PHYS_s17_T3_ctrl,115,83,117.76666666666667,0.7004393935203552,-0.27707555110016185
UBFC_PHYS_s17_T3_ctrl,115,84,117.8,1.2089383602142334,0.07825895757936559
UBFC_PHYS_s17_T3_ctrl,115,85,117.83333333333333,1.4613677263259888,0.4612866732988033
UBFC_PHYS_s17_T3_ctrl,115,86,117.86666666666666,1.263848900794983,0.8341307947545373
UBFC_PHYS_s17_T3_ctrl,115,87,117.9,0.6894596219062805,1.1616521742538175
UBFC_PHYS_s17_T3_ctrl,115,88,117.93333333333334,0.17774160206317902,1.416582987655326
UBFC_PHYS_s17_T3_ctrl,115,89,117.96666666666667,0.07311777025461197,1.5815478124949114
UBFC_PHYS_s17_T3_ctrl,115,90,118.0,0.2537688910961151,1.648580137366031
UBFC_PHYS_s17_T3_ctrl,115,91,118.03333333333333,0.42094695568084717,1.617736186573503
UBFC_PHYS_s17_T3_ctrl,115,92,118.06666666666666,0.46829575300216675,1.496057189267701
UBFC_PHYS_s17_T3_ctrl,115,93,118.1,0.4398513734340668,1.297020372300058
UBFC_PHYS_s17_T3_ctrl,115,94,118.13333333333334,0.392362117767334,1.0397498667927072
UBFC_PHYS_s17_T3_ctrl,115,95,118.16666666666667,0.3479982316493988,0.7471311355634777
UBFC_PHYS_s17_T3_ctrl,115,96,118.2,0.30096548795700073,0.442584050377967
UBFC_PHYS_s17_T3_ctrl,115,97,118.23333333333333,0.24089282751083374,0.14628279859455068
UBFC_PHYS_s17_T3_ctrl,115,98,118.26666666666667,0.15155638754367828,-0.1275706146709927
UBFC_PHYS_s17_T3_ctrl,115,99,118.3,0.0091822799295187,-0.37104090607947765
UBFC_PHYS_s17_T3_ctrl,115,100,118.33333333333333,-0.16405925154685974,-0.5803662666294646
UBFC_PHYS_s17_T3_ctrl,115,101,118.36666666666666,-0.25731703639030457,-0.7529655011227958
UBFC_PHYS_s17_T3_ctrl,115,102,118.4,-0.14508461952209473,-0.8853263583063451
UBFC_PHYS_s17_T3_ctrl,115,103,118.43333333333334,0.15531384944915771,-0.9728415861064573
UBFC_PHYS_s17_T3_ctrl,115,104,118.46666666666667,0.47462841868400574,-1.0116545158169254
UBFC_PHYS_s17_T3_ctrl,115,105,118.5,0.6765718460083008,-1.0016325391092886
UBFC_PHYS_s17_T3_ctrl,115,106,118.53333333333333,0.751276433467865,-0.9489386294288112
UBFC_PHYS_s17_T3_ctrl,115,107,118.56666666666666,0.7443233728408813,-0.8667374894376234
UBFC_PHYS_s17_T3_ctrl,115,108,118.6,0.6939545273780823,-0.7734425877494938
UBFC_PHYS_s17_T3_ctrl,115,109,118.63333333333334,0.6665870547294617,-0.6889195352306858
UBFC_PHYS_s17_T3_ctrl,115,110,118.66666666666667,0.7209357619285583,-0.6295713585627056
UBFC_PHYS_s17_T3_ctrl,115,111,118.7,0.8328052759170532,-0.6033763697860153
UBFC_PHYS_s17_T3_ctrl,115,112,118.73333333333333,0.9212170243263245,-0.60610743634573
UBFC_PHYS_s17_T3_ctrl,115,113,118.76666666666667,0.9511362910270691,-0.6201388771876138
UBFC_PHYS_s17_T3_ctrl,115,114,118.8,0.9240731596946716,-0.617113383068024
UBFC_PHYS_s17_T3_ctrl,115,115,118.83333333333333,0.8179743885993958,-0.5648464215910779
UBFC_PHYS_s17_T3_ctrl,115,116,118.86666666666666,0.639020562171936,-0.43715616455267026
UBFC_PHYS_s17_T3_ctrl,115,117,118.9,0.4134086072444916,-0.22360487413180938
UBFC_PHYS_s17_T3_ctrl,115,118,118.93333333333334,0.13276904821395874,0.06453876437091956
UBFC_PHYS_s17_T3_ctrl,115,119,118.96666666666667,-0.13274700939655304,0.3948637844490015
UBFC_PHYS_s17_T3_ctrl,115,120,119.0,-0.17237016558647156,0.7212641497213661
UBFC_PHYS_s17_T3_ctrl,115,121,119.03333333333333,0.11807862669229507,0.9958249568242606
UBFC_PHYS_s17_T3_ctrl,115,122,119.06666666666666,0.514415442943573,1.1808744855954918
UBFC_PHYS_s17_T3_ctrl,115,123,119.1,0.7155511975288391,1.2571352879973325
UBFC_PHYS_s17_T3_ctrl,115,124,119.13333333333334,0.6001114845275879,1.2260684403121858
UBFC_PHYS_s17_T3_ctrl,115,125,119.16666666666667,0.2762434780597687,1.1069439609934986
UBFC_PHYS_s17_T3_ctrl,115,126,119.2,-0.0478820763528347,0.9303657329603751
UBFC_PHYS_s17_T3_ctrl,115,127,119.23333333333333,-0.26246747374534607,0.7301944368338816
UBFC_PHYS_s17_T3_ctrl,115,128,119.26666666666667,-0.45724713802337646,0.5358617991503745
UBFC_PHYS_s17_T3_ctrl,115,129,119.3,-0.7986031770706177,0.36690322715369716
UBFC_PHYS_s17_T3_ctrl,115,130,119.33333333333333,-1.3485397100448608,0.2308378062622039
UBFC_PHYS_s17_T3_ctrl,115,131,119.36666666666666,-1.9661574363708496,0.12448739744269971
UBFC_PHYS_s17_T3_ctrl,115,132,119.4,-2.290879964828491,0.0378641027891965
UBFC_PHYS_s17_T3_ctrl,115,133,119.43333333333334,-2.0832009315490723,-0.040860355272303236
UBFC_PHYS_s17_T3_ctrl,115,134,119.46666666666667,-1.593044400215149,-0.1209065618453982
UBFC_PHYS_s17_T3_ctrl,115,135,119.5,-1.2302554845809937,-0.20610303350795672
UBFC_PHYS_s17_T3_ctrl,115,136,119.53333333333333,-1.0253740549087524,-0.2940760760658568
UBFC_PHYS_s17_T3_ctrl,115,137,119.56666666666666,-0.8127551078796387,-0.37714139675212893
UBFC_PHYS_s17_T3_ctrl,115,138,119.6,-0.6151193380355835,-0.4446029991221927
UBFC_PHYS_s17_T3_ctrl,115,139,119.63333333333334,-0.48000264167785645,-0.4861271987356728
UBFC_PHYS_s17_T3_ctrl,115,140,119.66666666666667,-0.3574342429637909,-0.4953334146603717
UBFC_PHYS_s17_T3_ctrl,115,141,119.7,-0.22760845720767975,-0.47229788078251494
UBFC_PHYS_s17_T3_ctrl,115,142,119.73333333333333,-0.1093008816242218,-0.42397258954233874
UBFC_PHYS_s17_T3_ctrl,115,143,119.76666666666667,0.028238847851753235,-0.36234559194491833
UBFC_PHYS_s17_T3_ctrl,115,144,119.8,0.19680988788604736,-0.3009609122730698
UBFC_PHYS_s17_T3_ctrl,115,145,119.83333333333333,0.3242945671081543,-0.251010819290412
UBFC_PHYS_s17_T3_ctrl,115,146,119.86666666666666,0.3427073359489441,-0.21849835681503776
UBFC_PHYS_s17_T3_ctrl,115,147,119.9,0.27248600125312805,-0.2035520535684795
UBFC_PHYS_s17_T3_ctrl,115,148,119.93333333333334,0.19266612827777863,-0.20181615101730818
UBFC_PHYS_s17_T3_ctrl,115,149,119.96666666666667,0.15330050885677338,-0.20677183443588032
UBFC_PHYS_s17_T3_ctrl,115,150,120.0,0.14069366455078125,-0.21168444784786683
UBFC_PHYS_s17_T3_ctrl,115,151,120.03333333333333,0.11912041902542114,-0.2105264346619485
UBFC_PHYS_s17_T3_ctrl,115,152,120.06666666666666,0.08347714692354202,-0.1980713874279987
UBFC_PHYS_s17_T3_ctrl,115,153,120.1,0.05311305448412895,-0.16980299815802152
UBFC_PHYS_s17_T3_ctrl,115,154,120.13333333333334,0.03679557517170906,-0.12213747858108995
UBFC_PHYS_s17_T3_ctrl,115,155,120.16666666666667,0.01286951545625925,-0.053103650707246805
UBFC_PHYS_s17_T3_ctrl,115,156,120.2,-0.03769828379154205,0.036561997785060266
UBFC_PHYS_s17_T3_ctrl,115,157,120.23333333333333,-0.08730623126029968,0.14215986598130112
UBFC_PHYS_s17_T3_ctrl,115,158,120.26666666666667,-0.1092657595872879,0.25428242462688877
UBFC_PHYS_s17_T3_ctrl,115,159,120.3,-0.14185389876365662,0.3594617597771503
UBFC_PHYS_s17_T3_ctrl,115,160,120.33333333333333,-0.2219429910182953,0.44265791634254
UBFC_PHYS_s17_T3_ctrl,115,161,120.36666666666666,-0.29993680119514465,0.49109412482554027
UBFC_PHYS_s17_T3_ctrl,115,162,120.4,-0.2843567728996277,0.4980244417842462
UBFC_PHYS_s17_T3_ctrl,115,163,120.43333333333334,-0.14165490865707397,0.4647143510982416
UBFC_PHYS_s17_T3_ctrl,115,164,120.46666666666667,0.07467459887266159,0.39954343185638513
UBFC_PHYS_s17_T3_ctrl,115,165,120.5,0.2702736556529999,0.3144805968682104
UBFC_PHYS_s17_T3_ctrl,115,166,120.53333333333333,0.3793221712112427,0.2205708226157862
UBFC_PHYS_s17_T3_ctrl,115,167,120.56666666666666,0.4154922068119049,0.1246477133371235
UBFC_PHYS_s17_T3_ctrl,115,168,120.6,0.4238031208515167,0.02881776301160715
UBFC_PHYS_s17_T3_ctrl,115,169,120.63333333333334,0.4270104169845581,-0.06716473751732957
UBFC_PHYS_s17_T3_ctrl,115,170,120.66666666666667,0.428824782371521,-0.16186482931380178
UBFC_PHYS_s17_T3_ctrl,115,171,120.7,0.43353039026260376,-0.2484704198209642
UBFC_PHYS_s17_T3_ctrl,115,172,120.73333333333333,0.43453705310821533,-0.3133981610258441
UBFC_PHYS_s17_T3_ctrl,115,173,120.76666666666667,0.4154922068119049,-0.33835846420883875
UBFC_PHYS_s17_T3_ctrl,115,174,120.8,0.3796265125274658,-0.305701643664906
UBFC_PHYS_s17_T3_ctrl,115,175,120.83333333333333,0.34314045310020447,-0.20550251716120907
UBFC_PHYS_s17_T3_ctrl,115,176,120.86666666666666,0.3072279393672943,-0.04195513455857567
UBFC_PHYS_s17_T3_ctrl,115,177,120.9,0.262758731842041,0.16346851073960184
UBFC_PHYS_s17_T3_ctrl,115,178,120.93333333333334,0.2095571756362915,0.37390181093262503
UBFC_PHYS_s17_T3_ctrl,115,179,120.96666666666667,0.15750278532505035,0.5442899427464338
UBFC_PHYS_s17_T3_ctrl,115,180,121.0,0.11400511115789413,0.6322538091854639
UBFC_PHYS_s17_T3_ctrl,115,181,121.03333333333333,0.07762438803911209,0.6092936311910339
UBFC_PHYS_s17_T3_ctrl,115,182,121.06666666666666,0.054424069821834564,0.4684924404242398
UBFC_PHYS_s17_T3_ctrl,115,183,121.1,0.083840012550354,0.22610990466778014
UBFC_PHYS_s17_T3_ctrl,115,184,121.13333333333334,0.219975084066391,-0.08288501602608855
UBFC_PHYS_s17_T3_ctrl,115,185,121.16666666666667,0.4674529433250427,-0.41290748078437467
UBFC_PHYS_s17_T3_ctrl,115,186,121.2,0.7571291923522949,-0.7164359960661415
UBFC_PHYS_s17_T3_ctrl,115,187,121.23333333333333,1.013561725616455,-0.9512423791829304
UBFC_PHYS_s17_T3_ctrl,115,188,121.26666666666667,1.223020076751709,-1.085623839429542
UBFC_PHYS_s17_T3_ctrl,115,189,121.3,1.4132814407348633,-1.1020193190046004
UBFC_PHYS_s17_T3_ctrl,115,190,121.33333333333333,1.6110225915908813,-0.9993176610600467
UBFC_PHYS_s17_T3_ctrl,115,191,121.36666666666666,1.840450644493103,-0.7934593745750707
UBFC_PHYS_s17_T3_ctrl,115,192,121.4,2.1065869331359863,-0.5154120615499206
UBFC_PHYS_s17_T3_ctrl,115,193,121.43333333333334,2.3859975337982178,-0.20596687601185135
UBFC_PHYS_s17_T3_ctrl,115,194,121.46666666666667,2.6919913291931152,0.09189961266851888
UBFC_PHYS_s17_T3_ctrl,115,195,121.5,3.0873212814331055,0.3410480214928726
UBFC_PHYS_s17_T3_ctrl,115,196,121.53333333333333,3.448272466659546,0.5162431797613508
UBFC_PHYS_s17_T3_ctrl,115,197,121.56666666666666,3.333148717880249,0.6068626983629513
UBFC_PHYS_s17_T3_ctrl,115,198,121.6,2.4375252723693848,0.6163853117408247
UBFC_PHYS_s17_T3_ctrl,115,199,121.63333333333334,0.9628534913063049,0.5597671555749851
UBFC_PHYS_s17_T3_ctrl,115,200,121.66666666666667,-0.6297628879547119,0.45963306672974424
UBFC_PHYS_s17_T3_ctrl,115,201,121.7,-1.9023858308792114,0.3417834295632925
UBFC_PHYS_s17_T3_ctrl,115,202,121.73333333333333,-2.5481319427490234,0.23072176094748348
UBFC_PHYS_s17_T3_ctrl,115,203,121.76666666666667,-2.622239589691162,0.14612305190567024
UBFC_PHYS_s17_T3_ctrl,115,204,121.8,-2.466848850250244,0.10064975797375804
UBFC_PHYS_s17_T3_ctrl,115,205,121.83333333333333,-2.207080125808716,0.09887239932198019
UBFC_PHYS_s17_T3_ctrl,115,206,121.86666666666666,-1.8095377683639526,0.13704704097749287
UBFC_PHYS_s17_T3_ctrl,115,207,121.9,-1.37753427028656,0.2038931048302071
UBFC_PHYS_s17_T3_ctrl,115,208,121.93333333333334,-1.0243088006973267,0.28267272643386115
UBFC_PHYS_s17_T3_ctrl,115,209,121.96666666666667,-0.7596004009246826,0.35459956555916194
UBFC_PHYS_s17_T3_ctrl,115,210,122.0,-0.601142942905426,0.4030481244959389
UBFC_PHYS_s17_T3_ctrl,115,211,122.03333333333333,-0.5494046211242676,0.41746275023092455
UBFC_PHYS_s17_T3_ctrl,115,212,122.06666666666666,-0.5172027349472046,0.3955983747021661
UBFC_PHYS_s17_T3_ctrl,115,213,122.1,-0.4513007402420044,0.3430350113315531
UBFC_PHYS_s17_T3_ctrl,115,214,122.13333333333334,-0.36697423458099365,0.26985173036948307
UBFC_PHYS_s17_T3_ctrl,115,215,122.16666666666667,-0.28310427069664,0.1856439914331907
UBFC_PHYS_s17_T3_ctrl,115,216,122.2,-0.21939119696617126,0.09512447408957363
UBFC_PHYS_s17_T3_ctrl,115,217,122.23333333333333,-0.20492318272590637,-0.003401523418602167
UBFC_PHYS_s17_T3_ctrl,115,218,122.26666666666667,-0.2426617443561554,-0.11566515306596871
UBFC_PHYS_s17_T3_ctrl,115,219,122.3,-0.30293339490890503,-0.24611407647806613
UBFC_PHYS_s17_T3_ctrl,115,220,122.33333333333333,-0.3608873784542084,-0.3921826345282875
UBFC_PHYS_s17_T3_ctrl,115,221,122.36666666666666,-0.40983980894088745,-0.541040124412067
UBFC_PHYS_s17_T3_ctrl,115,222,122.4,-0.4548474848270416,-0.670601606551159
UBFC_PHYS_s17_T3_ctrl,115,223,122.43333333333334,-0.5059420466423035,-0.7547277213392329
UBFC_PHYS_s17_T3_ctrl,115,224,122.46666666666667,-0.5596234798431396,-0.770897079530076
UBFC_PHYS_s17_T3_ctrl,115,225,122.5,-0.5669043064117432,-0.7077539994348564
UBFC_PHYS_s17_T3_ctrl,115,226,122.53333333333333,-0.458628386259079,-0.5699562809164633
UBFC_PHYS_s17_T3_ctrl,115,227,122.56666666666666,-0.2643754482269287,-0.3785504062293935
UBFC_PHYS_s17_T3_ctrl,115,228,122.6,-0.10206687450408936,-0.1664269372790937
UBFC_PHYS_s17_T3_ctrl,115,229,122.63333333333334,-0.057328421622514725,0.03003195868601389
UBFC_PHYS_s17_T3_ctrl,115,230,122.66666666666667,-0.1470862627029419,0.18060584750293138
UBFC_PHYS_s17_T3_ctrl,115,231,122.7,-0.3603489398956299,0.26900539720006034
UBFC_PHYS_s17_T3_ctrl,115,232,122.73333333333333,-0.6166059374809265,0.2960503899143155
UBFC_PHYS_s17_T3_ctrl,115,233,122.76666666666667,-0.7752975225448608,0.27720847424377626
UBFC_PHYS_s17_T3_ctrl,115,234,122.8,-0.8172149062156677,0.2357201455126223
UBFC_PHYS_s17_T3_ctrl,115,235,122.83333333333333,-0.8781538009643555,0.19425607759231195
UBFC_PHYS_s17_T3_ctrl,115,236,122.86666666666666,-1.0136919021606445,0.16827705228389114
UBFC_PHYS_s17_T3_ctrl,115,237,122.9,-1.1168291568756104,0.1630393910960722
UBFC_PHYS_s17_T3_ctrl,115,238,122.93333333333334,-1.1091619729995728,0.17430744034322507
UBFC_PHYS_s17_T3_ctrl,115,239,122.96666666666667,-1.0372785329818726,0.19137905868029423
UBFC_PHYS_s17_T3_ctrl,116,0,116.0,-0.25700098276138306,-0.04485339470928196
UBFC_PHYS_s17_T3_ctrl,116,1,116.03333333333333,-0.3049350380897522,0.018038179550238155
UBFC_PHYS_s17_T3_ctrl,116,2,116.06666666666666,-0.29510241746902466,0.05914224840308759
UBFC_PHYS_s17_T3_ctrl,116,3,116.1,-0.1354275792837143,0.06250712456936185
UBFC_PHYS_s17_T3_ctrl,116,4,116.13333333333334,0.08645034581422806,0.022761063234122254
UBFC_PHYS_s17_T3_ctrl,116,5,116.16666666666667,0.20524954795837402,-0.05417686643391172
UBFC_PHYS_s17_T3_ctrl,116,6,116.2,0.1714557558298111,-0.15387264912173446
UBFC_PHYS_s17_T3_ctrl,116,7,116.23333333333333,0.10295511037111282,-0.25830262836611656
UBFC_PHYS_s17_T3_ctrl,116,8,116.26666666666667,0.14324547350406647,-0.35085167730658773
UBFC_PHYS_s17_T3_ctrl,116,9,116.3,0.2384229600429535,-0.4195753598112129
UBFC_PHYS_s17_T3_ctrl,116,10,116.33333333333333,0.17645400762557983,-0.45808320245599626
UBFC_PHYS_s17_T3_ctrl,116,11,116.36666666666666,-0.0975017249584198,-0.46463772855000657
UBFC_PHYS_s17_T3_ctrl,116,12,116.4,-0.38608935475349426,-0.4405872834818001
UBFC_PHYS_s17_T3_ctrl,116,13,116.43333333333334,-0.4839707911014557,-0.3890415958982169
UBFC_PHYS_s17_T3_ctrl,116,14,116.46666666666667,-0.36562812328338623,-0.3141797550962997
UBFC_PHYS_s17_T3_ctrl,116,15,116.5,-0.135673388838768,-0.22113348799712174
UBFC_PHYS_s17_T3_ctrl,116,16,116.53333333333333,0.12003345042467117,-0.11618487661543794
UBFC_PHYS_s17_T3_ctrl,116,17,116.56666666666666,0.40279170870780945,-0.006949877333906333
UBFC_PHYS_s17_T3_ctrl,116,18,116.6,0.633905291557312,0.0978356235524624
UBFC_PHYS_s17_T3_ctrl,116,19,116.63333333333334,0.5813241600990295,0.18923512407613607
UBFC_PHYS_s17_T3_ctrl,116,20,116.66666666666667,0.16615314781665802,0.2597182373494377
UBFC_PHYS_s17_T3_ctrl,116,21,116.7,-0.36266660690307617,0.30498904818135364
UBFC_PHYS_s17_T3_ctrl,116,22,116.73333333333333,-0.7061998844146729,0.32526903540457175
UBFC_PHYS_s17_T3_ctrl,116,23,116.76666666666667,-0.7430254220962524,0.3253502618874001
UBFC_PHYS_s17_T3_ctrl,116,24,116.8,-0.5098048448562622,0.3132332751788113
UBFC_PHYS_s17_T3_ctrl,116,25,116.83333333333333,-0.1735992431640625,0.29779657619877026
UBFC_PHYS_s17_T3_ctrl,116,26,116.86666666666666,0.06039388105273247,0.2863447522508815
UBFC_PHYS_s17_T3_ctrl,116,27,116.9,0.11720071732997894,0.28286155289561576
UBFC_PHYS_s17_T3_ctrl,116,28,116.93333333333334,0.0712214782834053,0.28740179020725637
UBFC_PHYS_s17_T3_ctrl,116,29,116.96666666666667,-0.007018144242465496,0.2965624923504352
UBFC_PHYS_s17_T3_ctrl,116,30,117.0,-0.15656772255897522,0.30465795786536004
UBFC_PHYS_s17_T3_ctrl,116,31,117.03333333333333,-0.43097996711730957,0.3051677542211018
UBFC_PHYS_s17_T3_ctrl,116,32,117.06666666666666,-0.6835965514183044,0.29214642286612696
UBFC_PHYS_s17_T3_ctrl,116,33,117.1,-0.6607005596160889,0.2614155718477671
UBFC_PHYS_s17_T3_ctrl,116,34,117.13333333333334,-0.3229966461658478,0.21140028719222415
UBFC_PHYS_s17_T3_ctrl,116,35,117.16666666666667,0.08550219982862473,0.1434833390628846
UBFC_PHYS_s17_T3_ctrl,116,36,117.2,0.3579244911670685,0.061818335815593435
UBFC_PHYS_s17_T3_ctrl,116,37,117.23333333333333,0.52983158826828,-0.02737257561986911
UBFC_PHYS_s17_T3_ctrl,116,38,117.26666666666667,0.6916017532348633,-0.11693886197079038
UBFC_PHYS_s17_T3_ctrl,116,39,117.3,0.8016920685768127,-0.200223043189978
UBFC_PHYS_s17_T3_ctrl,116,40,117.33333333333333,0.8264608979225159,-0.2724693299008558
UBFC_PHYS_s17_T3_ctrl,116,41,117.36666666666666,0.8608399629592896,-0.3318493685891552
UBFC_PHYS_s17_T3_ctrl,116,42,117.4,1.0225398540496826,-0.37982568845721004
UBFC_PHYS_s17_T3_ctrl,116,43,117.43333333333334,1.3219550848007202,-0.42075429360265637
UBFC_PHYS_s17_T3_ctrl,116,44,117.46666666666667,1.5427443981170654,-0.460768758903133
UBFC_PHYS_s17_T3_ctrl,116,45,117.5,1.2740795612335205,-0.5060512520721501
UBFC_PHYS_s17_T3_ctrl,116,46,117.53333333333333,0.39066481590270996,-0.5606417299537984
UBFC_PHYS_s17_T3_ctrl,116,47,117.56666666666666,-0.4900693893432617,-0.6240868709227891
UBFC_PHYS_s17_T3_ctrl,116,48,117.6,-0.7349017858505249,-0.6895090038843255
UBFC_PHYS_s17_T3_ctrl,116,49,117.63333333333334,-0.46876534819602966,-0.7428919131623396
UBFC_PHYS_s17_T3_ctrl,116,50,117.66666666666667,-0.22434261441230774,-0.7643062525591485
UBFC_PHYS_s17_T3_ctrl,116,51,117.7,-0.10101337730884552,-0.731371379026093
UBFC_PHYS_s17_T3_ctrl,116,52,117.73333333333333,0.1857832968235016,-0.6245615896664835
UBFC_PHYS_s17_T3_ctrl,116,53,117.76666666666667,0.7004393935203552,-0.43319375703005103
UBFC_PHYS_s17_T3_ctrl,116,54,117.8,1.2089383602142334,-0.16036651396597992
UBFC_PHYS_s17_T3_ctrl,116,55,117.83333333333333,1.4613677263259888,0.17488641399873833
UBFC_PHYS_s17_T3_ctrl,116,56,117.86666666666666,1.263848900794983,0.5392570677378183
UBFC_PHYS_s17_T3_ctrl,116,57,117.9,0.6894596219062805,0.8905099410741322
UBFC_PHYS_s17_T3_ctrl,116,58,117.93333333333334,0.17774160206317902,1.1852537882961944
UBFC_PHYS_s17_T3_ctrl,116,59,117.96666666666667,0.07311777025461197,1.3871649126308774
UBFC_PHYS_s17_T3_ctrl,116,60,118.0,0.2537688910961151,1.4736162064986635
UBFC_PHYS_s17_T3_ctrl,116,61,118.03333333333333,0.42094695568084717,1.439227900129037
UBFC_PHYS_s17_T3_ctrl,116,62,118.06666666666666,0.46829575300216675,1.2957983056557139
UBFC_PHYS_s17_T3_ctrl,116,63,118.1,0.4398513734340668,1.068933073354413
UBFC_PHYS_s17_T3_ctrl,116,64,118.13333333333334,0.392362117767334,0.7922131865593929
UBFC_PHYS_s17_T3_ctrl,116,65,118.16666666666667,0.3479982316493988,0.5001866031797088
UBFC_PHYS_s17_T3_ctrl,116,66,118.2,0.30096548795700073,0.22196451394665326
UBFC_PHYS_s17_T3_ctrl,116,67,118.23333333333333,0.24089282751083374,-0.022822088626125496
UBFC_PHYS_s17_T3_ctrl,116,68,118.26666666666667,0.15155638754367828,-0.22489582463684804
UBFC_PHYS_s17_T3_ctrl,116,69,118.3,0.0091822799295187,-0.383473430083869
UBFC_PHYS_s17_T3_ctrl,116,70,118.33333333333333,-0.16405925154685974,-0.5028554106230794
UBFC_PHYS_s17_T3_ctrl,116,71,118.36666666666666,-0.25731703639030457,-0.5888020762317512
UBFC_PHYS_s17_T3_ctrl,116,72,118.4,-0.14508461952209473,-0.6458550339604333
UBFC_PHYS_s17_T3_ctrl,116,73,118.43333333333334,0.15531384944915771,-0.6763656322492198
UBFC_PHYS_s17_T3_ctrl,116,74,118.46666666666667,0.47462841868400574,-0.6813973175459619
UBFC_PHYS_s17_T3_ctrl,116,75,118.5,0.6765718460083008,-0.6629364744422802
UBFC_PHYS_s17_T3_ctrl,116,76,118.53333333333333,0.751276433467865,-0.6261953351646516
UBFC_PHYS_s17_T3_ctrl,116,77,118.56666666666666,0.7443233728408813,-0.5806543828815781
UBFC_PHYS_s17_T3_ctrl,116,78,118.6,0.6939545273780823,-0.539069239446943
UBFC_PHYS_s17_T3_ctrl,116,79,118.63333333333334,0.6665870547294617,-0.5145399630705977
UBFC_PHYS_s17_T3_ctrl,116,80,118.66666666666667,0.7209357619285583,-0.5163877274421491
UBFC_PHYS_s17_T3_ctrl,116,81,118.7,0.8328052759170532,-0.5459161726507438
UBFC_PHYS_s17_T3_ctrl,116,82,118.73333333333333,0.9212170243263245,-0.5932902570408206
UBFC_PHYS_s17_T3_ctrl,116,83,118.76666666666667,0.9511362910270691,-0.6368195897434715
UBFC_PHYS_s17_T3_ctrl,116,84,118.8,0.9240731596946716,-0.645774600287512
UBFC_PHYS_s17_T3_ctrl,116,85,118.83333333333333,0.8179743885993958,-0.5871856219256347
UBFC_PHYS_s17_T3_ctrl,116,86,118.86666666666666,0.639020562171936,-0.43572167932050127
UBFC_PHYS_s17_T3_ctrl,116,87,118.9,0.4134086072444916,-0.18403827596263164
UBFC_PHYS_s17_T3_ctrl,116,88,118.93333333333334,0.13276904821395874,0.15029137137416052
UBFC_PHYS_s17_T3_ctrl,116,89,118.96666666666667,-0.13274700939655304,0.5249630474784776
UBFC_PHYS_s17_T3_ctrl,116,90,119.0,-0.17237016558647156,0.8817459500810473
UBFC_PHYS_s17_T3_ctrl,116,91,119.03333333333333,0.11807862669229507,1.1617234817079363
UBFC_PHYS_s17_T3_ctrl,116,92,119.06666666666666,0.514415442943573,1.321341075822379
UBFC_PHYS_s17_T3_ctrl,116,93,119.1,0.7155511975288391,1.342917195509777
UBFC_PHYS_s17_T3_ctrl,116,94,119.13333333333334,0.6001114845275879,1.2362569470394258
UBFC_PHYS_s17_T3_ctrl,116,95,119.16666666666667,0.2762434780597687,1.0322975196897755
UBFC_PHYS_s17_T3_ctrl,116,96,119.2,-0.0478820763528347,0.7723723995779609
UBFC_PHYS_s17_T3_ctrl,116,97,119.23333333333333,-0.26246747374534607,0.4971681380792344
UBFC_PHYS_s17_T3_ctrl,116,98,119.26666666666667,-0.45724713802337646,0.23857541953600608
UBFC_PHYS_s17_T3_ctrl,116,99,119.3,-0.7986031770706177,0.016043576810359617
UBFC_PHYS_s17_T3_ctrl,116,100,119.33333333333333,-1.3485397100448608,-0.16274415939668277
UBFC_PHYS_s17_T3_ctrl,116,101,119.36666666666666,-1.9661574363708496,-0.2984347593767533
UBFC_PHYS_s17_T3_ctrl,116,102,119.4,-2.290879964828491,-0.39588769549673647
UBFC_PHYS_s17_T3_ctrl,116,103,119.43333333333334,-2.0832009315490723,-0.46105422824086845
UBFC_PHYS_s17_T3_ctrl,116,104,119.46666666666667,-1.593044400215149,-0.499510061544039
UBFC_PHYS_s17_T3_ctrl,116,105,119.5,-1.2302554845809937,-0.5161939687584667
UBFC_PHYS_s17_T3_ctrl,116,106,119.53333333333333,-1.0253740549087524,-0.5153164832116444
UBFC_PHYS_s17_T3_ctrl,116,107,119.56666666666666,-0.8127551078796387,-0.49977568813707957
UBFC_PHYS_s17_T3_ctrl,116,108,119.6,-0.6151193380355835,-0.4705068005367298
UBFC_PHYS_s17_T3_ctrl,116,109,119.63333333333334,-0.48000264167785645,-0.42678582613406196
UBFC_PHYS_s17_T3_ctrl,116,110,119.66666666666667,-0.3574342429637909,-0.367813893344897
UBFC_PHYS_s17_T3_ctrl,116,111,119.7,-0.22760845720767975,-0.2947778489067438
UBFC_PHYS_s17_T3_ctrl,116,112,119.73333333333333,-0.1093008816242218,-0.21217996117763305
UBFC_PHYS_s17_T3_ctrl,116,113,119.76666666666667,0.028238847851753235,-0.1275902256393292
UBFC_PHYS_s17_T3_ctrl,116,114,119.8,0.19680988788604736,-0.0496582424549816
UBFC_PHYS_s17_T3_ctrl,116,115,119.83333333333333,0.3242945671081543,0.014865553821706172
UBFC_PHYS_s17_T3_ctrl,116,116,119.86666666666666,0.3427073359489441,0.06347773421699836
UBFC_PHYS_s17_T3_ctrl,116,117,119.9,0.27248600125312805,0.09808812906974874
UBFC_PHYS_s17_T3_ctrl,116,118,119.93333333333334,0.19266612827777863,0.1228635514069018
UBFC_PHYS_s17_T3_ctrl,116,119,119.96666666666667,0.15330050885677338,0.14127329629144195
UBFC_PHYS_s17_T3_ctrl,116,120,120.0,0.14069366455078125,0.15438381421209596
UBFC_PHYS_s17_T3_ctrl,116,121,120.03333333333333,0.11912041902542114,0.16142334093156419
UBFC_PHYS_s17_T3_ctrl,116,122,120.06666666666666,0.08347714692354202,0.16180473653205224
UBFC_PHYS_s17_T3_ctrl,116,123,120.1,0.05311305448412895,0.15677132793687157
UBFC_PHYS_s17_T3_ctrl,116,124,120.13333333333334,0.03679557517170906,0.14953226472764855
UBFC_PHYS_s17_T3_ctrl,116,125,120.16666666666667,0.01286951545625925,0.14411153871202245
UBFC_PHYS_s17_T3_ctrl,116,126,120.2,-0.03769828379154205,0.14374533395355338
UBFC_PHYS_s17_T3_ctrl,116,127,120.23333333333333,-0.08730623126029968,0.14954474203920004
UBFC_PHYS_s17_T3_ctrl,116,128,120.26666666666667,-0.1092657595872879,0.15989596159337244
UBFC_PHYS_s17_T3_ctrl,116,129,120.3,-0.14185389876365662,0.17081094983780187
UBFC_PHYS_s17_T3_ctrl,116,130,120.33333333333333,-0.2219429910182953,0.17708987967784717
UBFC_PHYS_s17_T3_ctrl,116,131,120.36666666666666,-0.29993680119514465,0.17384485625176396
UBFC_PHYS_s17_T3_ctrl,116,132,120.4,-0.2843567728996277,0.1578231948868736
UBFC_PHYS_s17_T3_ctrl,116,133,120.43333333333334,-0.14165490865707397,0.12804639520184913
UBFC_PHYS_s17_T3_ctrl,116,134,120.46666666666667,0.07467459887266159,0.08549586703290157
UBFC_PHYS_s17_T3_ctrl,116,135,120.5,0.2702736556529999,0.03196820589127072
UBFC_PHYS_s17_T3_ctrl,116,136,120.53333333333333,0.3793221712112427,-0.03127602922431333
UBFC_PHYS_s17_T3_ctrl,116,137,120.56666666666666,0.4154922068119049,-0.10417162035329491
UBFC_PHYS_s17_T3_ctrl,116,138,120.6,0.4238031208515167,-0.18715094748278766
UBFC_PHYS_s17_T3_ctrl,116,139,120.63333333333334,0.4270104169845581,-0.279070476662011
UBFC_PHYS_s17_T3_ctrl,116,140,120.66666666666667,0.428824782371521,-0.3744855627026234
UBFC_PHYS_s17_T3_ctrl,116,141,120.7,0.43353039026260376,-0.4615240102366999
UBFC_PHYS_s17_T3_ctrl,116,142,120.73333333333333,0.43453705310821533,-0.5216922777758394
UBFC_PHYS_s17_T3_ctrl,116,143,120.76666666666667,0.4154922068119049,-0.5325111288776475
UBFC_PHYS_s17_T3_ctrl,116,144,120.8,0.3796265125274658,-0.47299074193017976
UBFC_PHYS_s17_T3_ctrl,116,145,120.83333333333333,0.34314045310020447,-0.33081825439546425
UBFC_PHYS_s17_T3_ctrl,116,146,120.86666666666666,0.3072279393672943,-0.10910521147814972
UBFC_PHYS_s17_T3_ctrl,116,147,120.9,0.262758731842041,0.169875223538319
UBFC_PHYS_s17_T3_ctrl,116,148,120.93333333333334,0.2095571756362915,0.46598246519359693
UBFC_PHYS_s17_T3_ctrl,116,149,120.96666666666667,0.15750278532505035,0.7280916345526592
UBFC_PHYS_s17_T3_ctrl,116,150,121.0,0.11400511115789413,0.9051813375958759
UBFC_PHYS_s17_T3_ctrl,116,151,121.03333333333333,0.07762438803911209,0.9585164557534012
UBFC_PHYS_s17_T3_ctrl,116,152,121.06666666666666,0.054424069821834564,0.8710811849812229
UBFC_PHYS_s17_T3_ctrl,116,153,121.1,0.083840012550354,0.6512742742787049
UBFC_PHYS_s17_T3_ctrl,116,154,121.13333333333334,0.219975084066391,0.33017018246015584
UBFC_PHYS_s17_T3_ctrl,116,155,121.16666666666667,0.4674529433250427,-0.045906560150951334
UBFC_PHYS_s17_T3_ctrl,116,156,121.2,0.7571291923522949,-0.4245151764030311
UBFC_PHYS_s17_T3_ctrl,116,157,121.23333333333333,1.013561725616455,-0.7553191579705759
UBFC_PHYS_s17_T3_ctrl,116,158,121.26666666666667,1.223020076751709,-0.9961850741396547
UBFC_PHYS_s17_T3_ctrl,116,159,121.3,1.4132814407348633,-1.1173618532274656
UBFC_PHYS_s17_T3_ctrl,116,160,121.33333333333333,1.6110225915908813,-1.1044640337010994
UBFC_PHYS_s17_T3_ctrl,116,161,121.36666666666666,1.840450644493103,-0.9604986439141308
UBFC_PHYS_s17_T3_ctrl,116,162,121.4,2.1065869331359863,-0.70626673224277
UBFC_PHYS_s17_T3_ctrl,116,163,121.43333333333334,2.3859975337982178,-0.3780747756031575
UBFC_PHYS_s17_T3_ctrl,116,164,121.46666666666667,2.6919913291931152,-0.022355922956015854
UBFC_PHYS_s17_T3_ctrl,116,165,121.5,3.0873212814331055,0.3119130433059887
UBFC_PHYS_s17_T3_ctrl,116,166,121.53333333333333,3.448272466659546,0.5811319174450031
UBFC_PHYS_s17_T3_ctrl,116,167,121.56666666666666,3.333148717880249,0.7535095453690265
UBFC_PHYS_s17_T3_ctrl,116,168,121.6,2.4375252723693848,0.8131802879339993
UBFC_PHYS_s17_T3_ctrl,116,169,121.63333333333334,0.9628534913063049,0.7619914196360756
UBFC_PHYS_s17_T3_ctrl,116,170,121.66666666666667,-0.6297628879547119,0.6188245939597864
UBFC_PHYS_s17_T3_ctrl,116,171,121.7,-1.9023858308792114,0.4161296223774901
UBFC_PHYS_s17_T3_ctrl,116,172,121.73333333333333,-2.5481319427490234,0.19402659071398604
UBFC_PHYS_s17_T3_ctrl,116,173,121.76666666666667,-2.622239589691162,-0.006766755887153095
UBFC_PHYS_s17_T3_ctrl,116,174,121.8,-2.466848850250244,-0.1517477116443862
UBFC_PHYS_s17_T3_ctrl,116,175,121.83333333333333,-2.207080125808716,-0.21814642609956572
UBFC_PHYS_s17_T3_ctrl,116,176,121.86666666666666,-1.8095377683639526,-0.19850045802991984
UBFC_PHYS_s17_T3_ctrl,116,177,121.9,-1.37753427028656,-0.10179106435453315
UBFC_PHYS_s17_T3_ctrl,116,178,121.93333333333334,-1.0243088006973267,0.04829274703323665
UBFC_PHYS_s17_T3_ctrl,116,179,121.96666666666667,-0.7596004009246826,0.2181072561357876
UBFC_PHYS_s17_T3_ctrl,116,180,122.0,-0.601142942905426,0.3712518421369737
UBFC_PHYS_s17_T3_ctrl,116,181,122.03333333333333,-0.5494046211242676,0.47667627207674057
UBFC_PHYS_s17_T3_ctrl,116,182,122.06666666666666,-0.5172027349472046,0.5154310649188152
UBFC_PHYS_s17_T3_ctrl,116,183,122.1,-0.4513007402420044,0.48384632654398757
UBFC_PHYS_s17_T3_ctrl,116,184,122.13333333333334,-0.36697423458099365,0.39201510310782334
UBFC_PHYS_s17_T3_ctrl,116,185,122.16666666666667,-0.28310427069664,0.2582429600175832
UBFC_PHYS_s17_T3_ctrl,116,186,122.2,-0.21939119696617126,0.10182528227581067
UBFC_PHYS_s17_T3_ctrl,116,187,122.23333333333333,-0.20492318272590637,-0.06277324120549417
UBFC_PHYS_s17_T3_ctrl,116,188,122.26666666666667,-0.2426617443561554,-0.22800118914149659
UBFC_PHYS_s17_T3_ctrl,116,189,122.3,-0.30293339490890503,-0.3910105825365054
UBFC_PHYS_s17_T3_ctrl,116,190,122.33333333333333,-0.3608873784542084,-0.5485612539976469
UBFC_PHYS_s17_T3_ctrl,116,191,122.36666666666666,-0.40983980894088745,-0.6918120137286526
UBFC_PHYS_s17_T3_ctrl,116,192,122.4,-0.4548474848270416,-0.8040055930320735
UBFC_PHYS_s17_T3_ctrl,116,193,122.43333333333334,-0.5059420466423035,-0.8629498548715958
UBFC_PHYS_s17_T3_ctrl,116,194,122.46666666666667,-0.5596234798431396,-0.8480586080534236
UBFC_PHYS_s17_T3_ctrl,116,195,122.5,-0.5669043064117432,-0.7494195301767824
UBFC_PHYS_s17_T3_ctrl,116,196,122.53333333333333,-0.458628386259079,-0.5749545052021436
UBFC_PHYS_s17_T3_ctrl,116,197,122.56666666666666,-0.2643754482269287,-0.35197329265483435
UBFC_PHYS_s17_T3_ctrl,116,198,122.6,-0.10206687450408936,-0.12141947030009974
UBFC_PHYS_s17_T3_ctrl,116,199,122.63333333333334,-0.057328421622514725,0.07379924173491045
UBFC_PHYS_s17_T3_ctrl,116,200,122.66666666666667,-0.1470862627029419,0.20214175258626432
UBFC_PHYS_s17_T3_ctrl,116,201,122.7,-0.3603489398956299,0.2531613568266492
UBFC_PHYS_s17_T3_ctrl,116,202,122.73333333333333,-0.6166059374809265,0.23994738668099416
UBFC_PHYS_s17_T3_ctrl,116,203,122.76666666666667,-0.7752975225448608,0.19369912215310497
UBFC_PHYS_s17_T3_ctrl,116,204,122.8,-0.8172149062156677,0.15274719647980317
UBFC_PHYS_s17_T3_ctrl,116,205,122.83333333333333,-0.8781538009643555,0.14997591999167575
UBFC_PHYS_s17_T3_ctrl,116,206,122.86666666666666,-1.0136919021606445,0.20268550931223198
UBFC_PHYS_s17_T3_ctrl,116,207,122.9,-1.1168291568756104,0.30775968812337445
UBFC_PHYS_s17_T3_ctrl,116,208,122.93333333333334,-1.1091619729995728,0.44315878147250265
UBFC_PHYS_s17_T3_ctrl,116,209,122.96666666666667,-1.0372785329818726,0.5748229128755226
UBFC_PHYS_s17_T3_ctrl,116,210,123.0,-0.9340476393699646,0.6665611842615178
UBFC_PHYS_s17_T3_ctrl,116,211,123.03333333333333,-0.7467711567878723,0.689863211701216
UBFC_PHYS_s17_T3_ctrl,116,212,123.06666666666666,-0.45127731561660767,0.6309610841814282
UBFC_PHYS_s17_T3_ctrl,116,213,123.1,-0.09922243654727936,0.49361542161960226
UBFC_PHYS_s17_T3_ctrl,116,214,123.13333333333334,0.22737295925617218,0.2974957264961771
UBFC_PHYS_s17_T3_ctrl,116,215,123.16666666666667,0.44726094603538513,0.07318535807716095
UBFC_PHYS_s17_T3_ctrl,116,216,123.2,0.52897709608078,-0.14453853217923254
UBFC_PHYS_s17_T3_ctrl,116,217,123.23333333333333,0.5743359327316284,-0.3234468270379738
UBFC_PHYS_s17_T3_ctrl,116,218,123.26666666666667,0.743503987789154,-0.43928562156515116
UBFC_PHYS_s17_T3_ctrl,116,219,123.3,1.0112323760986328,-0.47914581265413175
UBFC_PHYS_s17_T3_ctrl,116,220,123.33333333333333,1.1739389896392822,-0.4426463279850107
UBFC_PHYS_s17_T3_ctrl,116,221,123.36666666666666,1.1123563051223755,-0.34122727259893043
UBFC_PHYS_s17_T3_ctrl,116,222,123.4,0.8675004243850708,-0.19598886691229872
UBFC_PHYS_s17_T3_ctrl,116,223,123.43333333333334,0.5397461652755737,-0.03445809088844085
UBFC_PHYS_s17_T3_ctrl,116,224,123.46666666666667,0.2383527308702469,0.11342695626297886
UBFC_PHYS_s17_T3_ctrl,116,225,123.5,0.05395585298538208,0.21987194795978163
UBFC_PHYS_s17_T3_ctrl,116,226,123.53333333333333,-0.0023476460482925177,0.2639931993078584
UBFC_PHYS_s17_T3_ctrl,116,227,123.56666666666666,-0.017108293250203133,0.2360919046811422
UBFC_PHYS_s17_T3_ctrl,116,228,123.6,-0.06038355827331543,0.1401952078748679
UBFC_PHYS_s17_T3_ctrl,116,229,123.63333333333334,-0.12117026746273041,-0.006398120645471213
UBFC_PHYS_s17_T3_ctrl,116,230,123.66666666666667,-0.1604890674352646,-0.1769058808840681
UBFC_PHYS_s17_T3_ctrl,116,231,123.7,-0.1794285774230957,-0.3411757197973975
UBFC_PHYS_s17_T3_ctrl,116,232,123.73333333333333,-0.1982627511024475,-0.47219839860714835
UBFC_PHYS_s17_T3_ctrl,116,233,123.76666666666667,-0.2144748717546463,-0.5510458532291777
UBFC_PHYS_s17_T3_ctrl,116,234,123.8,-0.21099834144115448,-0.5690306186240193
UBFC_PHYS_s17_T3_ctrl,116,235,123.83333333333333,-0.18003727495670319,-0.5270477913641993
UBFC_PHYS_s17_T3_ctrl,116,236,123.86666666666666,-0.12751464545726776,-0.43305160389511776
UBFC_PHYS_s17_T3_ctrl,116,237,123.9,-0.07948695123195648,-0.2990047946307952
UBFC_PHYS_s17_T3_ctrl,116,238,123.93333333333334,-0.052107762545347214,-0.1383631696685828
UBFC_PHYS_s17_T3_ctrl,116,239,123.96666666666667,-0.006386046763509512,0.035356627908955364
UBFC_PHYS_s17_T3_ctrl,117,0,117.0,-0.15656772255897522,0.15648704616073497
UBFC_PHYS_s17_T3_ctrl,117,1,117.03333333333333,-0.43097996711730957,0.15188978209845913
UBFC_PHYS_s17_T3_ctrl,117,2,117.06666666666666,-0.6835965514183044,0.12295385208150987
UBFC_PHYS_s17_T3_ctrl,117,3,117.1,-0.6607005596160889,0.056104664288777376
UBFC_PHYS_s17_T3_ctrl,117,4,117.13333333333334,-0.3229966461658478,-0.050191233341617236
UBFC_PHYS_s17_T3_ctrl,117,5,117.16666666666667,0.08550219982862473,-0.1850804974266063
UBFC_PHYS_s17_T3_ctrl,117,6,117.2,0.3579244911670685,-0.32916024665905447
UBFC_PHYS_s17_T3_ctrl,117,7,117.23333333333333,0.52983158826828,-0.46070960777655934
UBFC_PHYS_s17_T3_ctrl,117,8,117.26666666666667,0.6916017532348633,-0.5618091110805205
UBFC_PHYS_s17_T3_ctrl,117,9,117.3,0.8016920685768127,-0.6222945544855144
UBFC_PHYS_s17_T3_ctrl,117,10,117.33333333333333,0.8264608979225159,-0.6408550320418198
UBFC_PHYS_s17_T3_ctrl,117,11,117.36666666666666,0.8608399629592896,-0.6238838762613355
UBFC_PHYS_s17_T3_ctrl,117,12,117.4,1.0225398540496826,-0.5831365251780032
UBFC_PHYS_s17_T3_ctrl,117,13,117.43333333333334,1.3219550848007202,-0.5330375471736103
UBFC_PHYS_s17_T3_ctrl,117,14,117.46666666666667,1.5427443981170654,-0.48814837725133126
UBFC_PHYS_s17_T3_ctrl,117,15,117.5,1.2740795612335205,-0.4609834061028078
UBFC_PHYS_s17_T3_ctrl,117,16,117.53333333333333,0.39066481590270996,-0.46004013670790056
UBFC_PHYS_s17_T3_ctrl,117,17,117.56666666666666,-0.4900693893432617,-0.48780746398318287
UBFC_PHYS_s17_T3_ctrl,117,18,117.6,-0.7349017858505249,-0.5388115678009356
UBFC_PHYS_s17_T3_ctrl,117,19,117.63333333333334,-0.46876534819602966,-0.5983220337855351
UBFC_PHYS_s17_T3_ctrl,117,20,117.66666666666667,-0.22434261441230774,-0.6427876554912167
UBFC_PHYS_s17_T3_ctrl,117,21,117.7,-0.10101337730884552,-0.6429234627008226
UBFC_PHYS_s17_T3_ctrl,117,22,117.73333333333333,0.1857832968235016,-0.5694912708172705
UBFC_PHYS_s17_T3_ctrl,117,23,117.76666666666667,0.7004393935203552,-0.40073168485296184
UBFC_PHYS_s17_T3_ctrl,117,24,117.8,1.2089383602142334,-0.1296980897998181
UBFC_PHYS_s17_T3_ctrl,117,25,117.83333333333333,1.4613677263259888,0.23056605155904766
UBFC_PHYS_s17_T3_ctrl,117,26,117.86666666666666,1.263848900794983,0.646016650726012
UBFC_PHYS_s17_T3_ctrl,117,27,117.9,0.6894596219062805,1.0659895921878904
UBFC_PHYS_s17_T3_ctrl,117,28,117.93333333333334,0.17774160206317902,1.4325395149089013
UBFC_PHYS_s17_T3_ctrl,117,29,117.96666666666667,0.07311777025461197,1.692504765688096
UBFC_PHYS_s17_T3_ctrl,117,30,118.0,0.2537688910961151,1.8090347193960632
UBFC_PHYS_s17_T3_ctrl,117,31,118.03333333333333,0.42094695568084717,1.769369557281476
UBFC_PHYS_s17_T3_ctrl,117,32,118.06666666666666,0.46829575300216675,1.5866899152946268
UBFC_PHYS_s17_T3_ctrl,117,33,118.1,0.4398513734340668,1.2955704975382014
UBFC_PHYS_s17_T3_ctrl,117,34,118.13333333333334,0.392362117767334,0.9425157175657959
UBFC_PHYS_s17_T3_ctrl,117,35,118.16666666666667,0.3479982316493988,0.5745921928271696
UBFC_PHYS_s17_T3_ctrl,117,36,118.2,0.30096548795700073,0.22970049553979482
UBFC_PHYS_s17_T3_ctrl,117,37,118.23333333333333,0.24089282751083374,-0.06878547580827668
UBFC_PHYS_s17_T3_ctrl,117,38,118.26666666666667,0.15155638754367828,-0.3121821967057708
UBFC_PHYS_s17_T3_ctrl,117,39,118.3,0.0091822799295187,-0.5026088140053776
UBFC_PHYS_s17_T3_ctrl,117,40,118.33333333333333,-0.16405925154685974,-0.6472851621601936
UBFC_PHYS_s17_T3_ctrl,117,41,118.36666666666666,-0.25731703639030457,-0.7533152537020281
UBFC_PHYS_s17_T3_ctrl,117,42,118.4,-0.14508461952209473,-0.8246219355576911
UBFC_PHYS_s17_T3_ctrl,117,43,118.43333333333334,0.15531384944915771,-0.8617052303462173
UBFC_PHYS_s17_T3_ctrl,117,44,118.46666666666667,0.47462841868400574,-0.8638357900076231
UBFC_PHYS_s17_T3_ctrl,117,45,118.5,0.6765718460083008,-0.8324288323099283
UBFC_PHYS_s17_T3_ctrl,117,46,118.53333333333333,0.751276433467865,-0.773913584483004
UBFC_PHYS_s17_T3_ctrl,117,47,118.56666666666666,0.7443233728408813,-0.7006334021571763
UBFC_PHYS_s17_T3_ctrl,117,48,118.6,0.6939545273780823,-0.6291416812026625
UBFC_PHYS_s17_T3_ctrl,117,49,118.63333333333334,0.6665870547294617,-0.5762336135702052
UBFC_PHYS_s17_T3_ctrl,117,50,118.66666666666667,0.7209357619285583,-0.5537300042793636
UBFC_PHYS_s17_T3_ctrl,117,51,118.7,0.8328052759170532,-0.5634006750038418
UBFC_PHYS_s17_T3_ctrl,117,52,118.73333333333333,0.9212170243263245,-0.5936276336108602
UBFC_PHYS_s17_T3_ctrl,117,53,118.76666666666667,0.9511362910270691,-0.6194313963116697
UBFC_PHYS_s17_T3_ctrl,117,54,118.8,0.9240731596946716,-0.6070637324590766
UBFC_PHYS_s17_T3_ctrl,117,55,118.83333333333333,0.8179743885993958,-0.5231290904389421
UBFC_PHYS_s17_T3_ctrl,117,56,118.86666666666666,0.639020562171936,-0.3461965350875774
UBFC_PHYS_s17_T3_ctrl,117,57,118.9,0.4134086072444916,-0.07702380780603547
UBFC_PHYS_s17_T3_ctrl,117,58,118.93333333333334,0.13276904821395874,0.25699271008159036
UBFC_PHYS_s17_T3_ctrl,117,59,118.96666666666667,-0.13274700939655304,0.6060462101403095
UBFC_PHYS_s17_T3_ctrl,117,60,119.0,-0.17237016558647156,0.9105015000891096
UBFC_PHYS_s17_T3_ctrl,117,61,119.03333333333333,0.11807862669229507,1.1178117011435975
UBFC_PHYS_s17_T3_ctrl,117,62,119.06666666666666,0.514415442943573,1.197414858892265
UBFC_PHYS_s17_T3_ctrl,117,63,119.1,0.7155511975288391,1.1479164604021306
UBFC_PHYS_s17_T3_ctrl,117,64,119.13333333333334,0.6001114845275879,0.9945591916977569
UBFC_PHYS_s17_T3_ctrl,117,65,119.16666666666667,0.2762434780597687,0.7792481007948522
UBFC_PHYS_s17_T3_ctrl,117,66,119.2,-0.0478820763528347,0.5476516090896612
UBFC_PHYS_s17_T3_ctrl,117,67,119.23333333333333,-0.26246747374534607,0.3378018527391186
UBFC_PHYS_s17_T3_ctrl,117,68,119.26666666666667,-0.45724713802337646,0.17313212428539404
UBFC_PHYS_s17_T3_ctrl,117,69,119.3,-0.7986031770706177,0.060891191997553926
UBFC_PHYS_s17_T3_ctrl,117,70,119.33333333333333,-1.3485397100448608,-0.004956106106291568
UBFC_PHYS_s17_T3_ctrl,117,71,119.36666666666666,-1.9661574363708496,-0.03835202347492136
UBFC_PHYS_s17_T3_ctrl,117,72,119.4,-2.290879964828491,-0.05548558141756073
UBFC_PHYS_s17_T3_ctrl,117,73,119.43333333333334,-2.0832009315490723,-0.07046815458718222
UBFC_PHYS_s17_T3_ctrl,117,74,119.46666666666667,-1.593044400215149,-0.09302390869518314
UBFC_PHYS_s17_T3_ctrl,117,75,119.5,-1.2302554845809937,-0.12794376078320555
UBFC_PHYS_s17_T3_ctrl,117,76,119.53333333333333,-1.0253740549087524,-0.17548070385078385
UBFC_PHYS_s17_T3_ctrl,117,77,119.56666666666666,-0.8127551078796387,-0.2319760316725515
UBFC_PHYS_s17_T3_ctrl,117,78,119.6,-0.6151193380355835,-0.29068197203656815
UBFC_PHYS_s17_T3_ctrl,117,79,119.63333333333334,-0.48000264167785645,-0.34317254534758806
UBFC_PHYS_s17_T3_ctrl,117,80,119.66666666666667,-0.3574342429637909,-0.3813602925215945
UBFC_PHYS_s17_T3_ctrl,117,81,119.7,-0.22760845720767975,-0.3995190855357112
UBFC_PHYS_s17_T3_ctrl,117,82,119.73333333333333,-0.1093008816242218,-0.3955919774352008
UBFC_PHYS_s17_T3_ctrl,117,83,119.76666666666667,0.028238847851753235,-0.37136183801727657
UBFC_PHYS_s17_T3_ctrl,117,84,119.8,0.19680988788604736,-0.3314378581928461
UBFC_PHYS_s17_T3_ctrl,117,85,119.83333333333333,0.3242945671081543,-0.28149488237221665
UBFC_PHYS_s17_T3_ctrl,117,86,119.86666666666666,0.3427073359489441,-0.22671567854243113
UBFC_PHYS_s17_T3_ctrl,117,87,119.9,0.27248600125312805,-0.17129882166858115
UBFC_PHYS_s17_T3_ctrl,117,88,119.93333333333334,0.19266612827777863,-0.11895141352185873
UBFC_PHYS_s17_T3_ctrl,117,89,119.96666666666667,0.15330050885677338,-0.07339827784139323
UBFC_PHYS_s17_T3_ctrl,117,90,120.0,0.14069366455078125,-0.03803472578320064
UBFC_PHYS_s17_T3_ctrl,117,91,120.03333333333333,0.11912041902542114,-0.014704948166248628
UBFC_PHYS_s17_T3_ctrl,117,92,120.06666666666666,0.08347714692354202,-0.0023966474285034315
UBFC_PHYS_s17_T3_ctrl,117,93,120.1,0.05311305448412895,0.0031884798270534753
UBFC_PHYS_s17_T3_ctrl,117,94,120.13333333333334,0.03679557517170906,0.008775755389018942
UBFC_PHYS_s17_T3_ctrl,117,95,120.16666666666667,0.01286951545625925,0.02168031946191214
UBFC_PHYS_s17_T3_ctrl,117,96,120.2,-0.03769828379154205,0.04765341849535264
UBFC_PHYS_s17_T3_ctrl,117,97,120.23333333333333,-0.08730623126029968,0.08909157421017569
UBFC_PHYS_s17_T3_ctrl,117,98,120.26666666666667,-0.1092657595872879,0.14418651610555164
UBFC_PHYS_s17_T3_ctrl,117,99,120.3,-0.14185389876365662,0.20729968304736401
UBFC_PHYS_s17_T3_ctrl,117,100,120.33333333333333,-0.2219429910182953,0.2703409713808721
UBFC_PHYS_s17_T3_ctrl,117,101,120.36666666666666,-0.29993680119514465,0.32459249913621724
UBFC_PHYS_s17_T3_ctrl,117,102,120.4,-0.2843567728996277,0.36249087581890366
UBFC_PHYS_s17_T3_ctrl,117,103,120.43333333333334,-0.14165490865707397,0.37901201431184145
UBFC_PHYS_s17_T3_ctrl,117,104,120.46666666666667,0.07467459887266159,0.37221701784624944
UBFC_PHYS_s17_T3_ctrl,117,105,120.5,0.2702736556529999,0.3426514545218622
UBFC_PHYS_s17_T3_ctrl,117,106,120.53333333333333,0.3793221712112427,0.2919686624514218
UBFC_PHYS_s17_T3_ctrl,117,107,120.56666666666666,0.4154922068119049,0.2217999476439222
UBFC_PHYS_s17_T3_ctrl,117,108,120.6,0.4238031208515167,0.13382866537656565
UBFC_PHYS_s17_T3_ctrl,117,109,120.63333333333334,0.4270104169845581,0.031271028442819856
UBFC_PHYS_s17_T3_ctrl,117,110,120.66666666666667,0.428824782371521,-0.07897397072521854
UBFC_PHYS_s17_T3_ctrl,117,111,120.7,0.43353039026260376,-0.18482064164603387
UBFC_PHYS_s17_T3_ctrl,117,112,120.73333333333333,0.43453705310821533,-0.26935069563160613
UBFC_PHYS_s17_T3_ctrl,117,113,120.76666666666667,0.4154922068119049,-0.3135645006066642
UBFC_PHYS_s17_T3_ctrl,117,114,120.8,0.3796265125274658,-0.3011660187350156
UBFC_PHYS_s17_T3_ctrl,117,115,120.83333333333333,0.34314045310020447,-0.2241978892758569
UBFC_PHYS_s17_T3_ctrl,117,116,120.86666666666666,0.3072279393672943,-0.08783456410017336
UBFC_PHYS_s17_T3_ctrl,117,117,120.9,0.262758731842041,0.08743250844602347
UBFC_PHYS_s17_T3_ctrl,117,118,120.93333333333334,0.2095571756362915,0.26755139677904727
UBFC_PHYS_s17_T3_ctrl,117,119,120.96666666666667,0.15750278532505035,0.4109551156862581
UBFC_PHYS_s17_T3_ctrl,117,120,121.0,0.11400511115789413,0.4778370326249537
UBFC_PHYS_s17_T3_ctrl,117,121,121.03333333333333,0.07762438803911209,0.44021430749139046
UBFC_PHYS_s17_T3_ctrl,117,122,121.06666666666666,0.054424069821834564,0.2896371793253848
UBFC_PHYS_s17_T3_ctrl,117,123,121.1,0.083840012550354,0.04004568050737845
UBFC_PHYS_s17_T3_ctrl,117,124,121.13333333333334,0.219975084066391,-0.2747840726822526
UBFC_PHYS_s17_T3_ctrl,117,125,121.16666666666667,0.4674529433250427,-0.6077694995797841
UBFC_PHYS_s17_T3_ctrl,117,126,121.2,0.7571291923522949,-0.906787454420057
UBFC_PHYS_s17_T3_ctrl,117,127,121.23333333333333,1.013561725616455,-1.1228599904772882
UBFC_PHYS_s17_T3_ctrl,117,128,121.26666666666667,1.223020076751709,-1.2173690938263266
UBFC_PHYS_s17_T3_ctrl,117,129,121.3,1.4132814407348633,-1.1680435867396142
UBFC_PHYS_s17_T3_ctrl,117,130,121.33333333333333,1.6110225915908813,-0.9733984696031694
UBFC_PHYS_s17_T3_ctrl,117,131,121.36666666666666,1.840450644493103,-0.6548029139926762
UBFC_PHYS_s17_T3_ctrl,117,132,121.4,2.1065869331359863,-0.2550212849942266
UBFC_PHYS_s17_T3_ctrl,117,133,121.43333333333334,2.3859975337982178,0.16756893789909907
UBFC_PHYS_s17_T3_ctrl,117,134,121.46666666666667,2.6919913291931152,0.5487313868277303
UBFC_PHYS_s17_T3_ctrl,117,135,121.5,3.0873212814331055,0.8303191658761261
UBFC_PHYS_s17_T3_ctrl,117,136,121.53333333333333,3.448272466659546,0.9716855235994819
UBFC_PHYS_s17_T3_ctrl,117,137,121.56666666666666,3.333148717880249,0.9578797947239568
UBFC_PHYS_s17_T3_ctrl,117,138,121.6,2.4375252723693848,0.8029364372277393
UBFC_PHYS_s17_T3_ctrl,117,139,121.63333333333334,0.9628534913063049,0.547597586231359
UBFC_PHYS_s17_T3_ctrl,117,140,121.66666666666667,-0.6297628879547119,0.25139715820277425
UBFC_PHYS_s17_T3_ctrl,117,141,121.7,-1.9023858308792114,-0.019953503781911654
UBFC_PHYS_s17_T3_ctrl,117,142,121.73333333333333,-2.5481319427490234,-0.20903617462653662
UBFC_PHYS_s17_T3_ctrl,117,143,121.76666666666667,-2.622239589691162,-0.2789496557655356
UBFC_PHYS_s17_T3_ctrl,117,144,121.8,-2.466848850250244,-0.2200150730002722
UBFC_PHYS_s17_T3_ctrl,117,145,121.83333333333333,-2.207080125808716,-0.04986129518630037
UBFC_PHYS_s17_T3_ctrl,117,146,121.86666666666666,-1.8095377683639526,0.19225202719827908
UBFC_PHYS_s17_T3_ctrl,117,147,121.9,-1.37753427028656,0.4549520236451898
UBFC_PHYS_s17_T3_ctrl,117,148,121.93333333333334,-1.0243088006973267,0.6859201484114905
UBFC_PHYS_s17_T3_ctrl,117,149,121.96666666666667,-0.7596004009246826,0.8425714979023184
UBFC_PHYS_s17_T3_ctrl,117,150,122.0,-0.601142942905426,0.9001454401785167
UBFC_PHYS_s17_T3_ctrl,117,151,122.03333333333333,-0.5494046211242676,0.8553275534964856
UBFC_PHYS_s17_T3_ctrl,117,152,122.06666666666666,-0.5172027349472046,0.7243242212606193
UBFC_PHYS_s17_T3_ctrl,117,153,122.1,-0.4513007402420044,0.5358225879599797
UBFC_PHYS_s17_T3_ctrl,117,154,122.13333333333334,-0.36697423458099365,0.3211127759227524
UBFC_PHYS_s17_T3_ctrl,117,155,122.16666666666667,-0.28310427069664,0.10489491910529292
UBFC_PHYS_s17_T3_ctrl,117,156,122.2,-0.21939119696617126,-0.09988075296082258
UBFC_PHYS_s17_T3_ctrl,117,157,122.23333333333333,-0.20492318272590637,-0.2914195884987046
UBFC_PHYS_s17_T3_ctrl,117,158,122.26666666666667,-0.2426617443561554,-0.47342944869961445
UBFC_PHYS_s17_T3_ctrl,117,159,122.3,-0.30293339490890503,-0.6472473755204559
UBFC_PHYS_s17_T3_ctrl,117,160,122.33333333333333,-0.3608873784542084,-0.8055028889913154
UBFC_PHYS_s17_T3_ctrl,117,161,122.36666666666666,-0.40983980894088745,-0.9304145739822686
UBFC_PHYS_s17_T3_ctrl,117,162,122.4,-0.4548474848270416,-0.997879776278793
UBFC_PHYS_s17_T3_ctrl,117,163,122.43333333333334,-0.5059420466423035,-0.9861535996058152
UBFC_PHYS_s17_T3_ctrl,117,164,122.46666666666667,-0.5596234798431396,-0.8860330482294495
UBFC_PHYS_s17_T3_ctrl,117,165,122.5,-0.5669043064117432,-0.7085649248812615
UBFC_PHYS_s17_T3_ctrl,117,166,122.53333333333333,-0.458628386259079,-0.4866347607512523
UBFC_PHYS_s17_T3_ctrl,117,167,122.56666666666666,-0.2643754482269287,-0.2685522781262867
UBFC_PHYS_s17_T3_ctrl,117,168,122.6,-0.10206687450408936,-0.10466600482654606
UBFC_PHYS_s17_T3_ctrl,117,169,122.63333333333334,-0.057328421622514725,-0.031108084421292936
UBFC_PHYS_s17_T3_ctrl,117,170,122.66666666666667,-0.1470862627029419,-0.05662681987954086
UBFC_PHYS_s17_T3_ctrl,117,171,122.7,-0.3603489398956299,-0.1579607707347668
UBFC_PHYS_s17_T3_ctrl,117,172,122.73333333333333,-0.6166059374809265,-0.2861576429302305
UBFC_PHYS_s17_T3_ctrl,117,173,122.76666666666667,-0.7752975225448608,-0.3819280454117275
UBFC_PHYS_s17_T3_ctrl,117,174,122.8,-0.8172149062156677,-0.3945229703120598
UBFC_PHYS_s17_T3_ctrl,117,175,122.83333333333333,-0.8781538009643555,-0.2973939153612377
UBFC_PHYS_s17_T3_ctrl,117,176,122.86666666666666,-1.0136919021606445,-0.09555801794918872
UBFC_PHYS_s17_T3_ctrl,117,177,122.9,-1.1168291568756104,0.17695863257991817
UBFC_PHYS_s17_T3_ctrl,117,178,122.93333333333334,-1.1091619729995728,0.46773793480551507
UBFC_PHYS_s17_T3_ctrl,117,179,122.96666666666667,-1.0372785329818726,0.7205369712023003
UBFC_PHYS_s17_T3_ctrl,117,180,123.0,-0.9340476393699646,0.8892093034615148
UBFC_PHYS_s17_T3_ctrl,117,181,123.03333333333333,-0.7467711567878723,0.9474084440178092
UBFC_PHYS_s17_T3_ctrl,117,182,123.06666666666666,-0.45127731561660767,0.8923318105781073
UBFC_PHYS_s17_T3_ctrl,117,183,123.1,-0.09922243654727936,0.7426253605215308
UBFC_PHYS_s17_T3_ctrl,117,184,123.13333333333334,0.22737295925617218,0.5319289098047595
UBFC_PHYS_s17_T3_ctrl,117,185,123.16666666666667,0.44726094603538513,0.30027602315782065
UBFC_PHYS_s17_T3_ctrl,117,186,123.2,0.52897709608078,0.08572203399936382
UBFC_PHYS_s17_T3_ctrl,117,187,123.23333333333333,0.5743359327316284,-0.08187016512067821
UBFC_PHYS_s17_T3_ctrl,117,188,123.26666666666667,0.743503987789154,-0.18393623433071776
UBFC_PHYS_s17_T3_ctrl,117,189,123.3,1.0112323760986328,-0.2134055486617178
UBFC_PHYS_s17_T3_ctrl,117,190,123.33333333333333,1.1739389896392822,-0.1730495916590047
UBFC_PHYS_s17_T3_ctrl,117,191,123.36666666666666,1.1123563051223755,-0.07334152993300766
UBFC_PHYS_s17_T3_ctrl,117,192,123.4,0.8675004243850708,0.06917211027030673
UBFC_PHYS_s17_T3_ctrl,117,193,123.43333333333334,0.5397461652755737,0.23284861376162758
UBFC_PHYS_s17_T3_ctrl,117,194,123.46666666666667,0.2383527308702469,0.39207270669760436
UBFC_PHYS_s17_T3_ctrl,117,195,123.5,0.05395585298538208,0.5196548457524215
UBFC_PHYS_s17_T3_ctrl,117,196,123.53333333333333,-0.0023476460482925177,0.5909848588101713
UBFC_PHYS_s17_T3_ctrl,117,197,123.56666666666666,-0.017108293250203133,0.5891938570424922
UBFC_PHYS_s17_T3_ctrl,117,198,123.6,-0.06038355827331543,0.5095729223389835
UBFC_PHYS_s17_T3_ctrl,117,199,123.63333333333334,-0.12117026746273041,0.36140684143329943
UBFC_PHYS_s17_T3_ctrl,117,200,123.66666666666667,-0.1604890674352646,0.16634130238118264
UBFC_PHYS_s17_T3_ctrl,117,201,123.7,-0.1794285774230957,-0.046256951374833585
UBFC_PHYS_s17_T3_ctrl,117,202,123.73333333333333,-0.1982627511024475,-0.245573325077143
UBFC_PHYS_s17_T3_ctrl,117,203,123.76666666666667,-0.2144748717546463,-0.4056398313926728
UBFC_PHYS_s17_T3_ctrl,117,204,123.8,-0.21099834144115448,-0.5103144484634906
UBFC_PHYS_s17_T3_ctrl,117,205,123.83333333333333,-0.18003727495670319,-0.5561158715835488
UBFC_PHYS_s17_T3_ctrl,117,206,123.86666666666666,-0.12751464545726776,-0.5525568556192113
UBFC_PHYS_s17_T3_ctrl,117,207,123.9,-0.07948695123195648,-0.5199088503679196
UBFC_PHYS_s17_T3_ctrl,117,208,123.93333333333334,-0.052107762545347214,-0.4845174660254319
UBFC_PHYS_s17_T3_ctrl,117,209,123.96666666666667,-0.006386046763509512,-0.47219081074704244
UBFC_PHYS_s17_T3_ctrl,117,210,124.0,0.10680622607469559,-0.5009163516160285
UBFC_PHYS_s17_T3_ctrl,117,211,124.03333333333333,0.2735980153083801,-0.5747852039071075
UBFC_PHYS_s17_T3_ctrl,117,212,124.06666666666666,0.43000704050064087,-0.6810062275480782
UBFC_PHYS_s17_T3_ctrl,117,213,124.1,0.495440810918808,-0.7912423967072062
UBFC_PHYS_s17_T3_ctrl,117,214,124.13333333333334,0.4007432460784912,-0.8674442923484184
UBFC_PHYS_s17_T3_ctrl,117,215,124.16666666666667,0.19155411422252655,-0.8711475879401585
UBFC_PHYS_s17_T3_ctrl,117,216,124.2,0.019050024449825287,-0.7741067148069065
UBFC_PHYS_s17_T3_ctrl,117,217,124.23333333333333,-0.03829526528716087,-0.5674323496014259
UBFC_PHYS_s17_T3_ctrl,117,218,124.26666666666667,-0.040402255952358246,-0.266341975737649
UBFC_PHYS_s17_T3_ctrl,117,219,124.3,-0.053535837680101395,0.09161916094423277
UBFC_PHYS_s17_T3_ctrl,117,220,124.33333333333333,-0.06959579139947891,0.4553348982230161
UBFC_PHYS_s17_T3_ctrl,117,221,124.36666666666666,-0.07867927104234695,0.7735521949240413
UBFC_PHYS_s17_T3_ctrl,117,222,124.4,-0.10456015169620514,1.00784829286067
UBFC_PHYS_s17_T3_ctrl,117,223,124.43333333333334,-0.1582064926624298,1.1396557759770876
UBFC_PHYS_s17_T3_ctrl,117,224,124.46666666666667,-0.20667900145053864,1.1692896542907247
UBFC_PHYS_s17_T3_ctrl,117,225,124.5,-0.2146855741739273,1.1093853388574164
UBFC_PHYS_s17_T3_ctrl,117,226,124.53333333333333,-0.20642147958278656,0.9772742869053899
UBFC_PHYS_s17_T3_ctrl,117,227,124.56666666666666,-0.2546364665031433,0.7900177004586844
UBFC_PHYS_s17_T3_ctrl,117,228,124.6,-0.38233187794685364,0.5633840724643638
UBFC_PHYS_s17_T3_ctrl,117,229,124.63333333333334,-0.5085289478302002,0.31355056692644623
UBFC_PHYS_s17_T3_ctrl,117,230,124.66666666666667,-0.5066794753074646,0.0589842604363327
UBFC_PHYS_s17_T3_ctrl,117,231,124.7,-0.33587270975112915,-0.17962328031210525
UBFC_PHYS_s17_T3_ctrl,117,232,124.73333333333333,-0.09518403559923172,-0.38176740338717885
UBFC_PHYS_s17_T3_ctrl,117,233,124.76666666666667,0.0767698884010315,-0.5306353223664977
UBFC_PHYS_s17_T3_ctrl,117,234,124.8,0.12310028821229935,-0.6160144577930049
UBFC_PHYS_s17_T3_ctrl,117,235,124.83333333333333,0.07098736613988876,-0.635506235940817
UBFC_PHYS_s17_T3_ctrl,117,236,124.86666666666666,-0.008106756024062634,-0.5938171785711361
UBFC_PHYS_s17_T3_ctrl,117,237,124.9,-0.03236057236790657,-0.5006671536404619
UBFC_PHYS_s17_T3_ctrl,117,238,124.93333333333334,0.007801030296832323,-0.3683625512897794
UBFC_PHYS_s17_T3_ctrl,117,239,124.96666666666667,0.05125187709927559,-0.2101322620296016
UBFC_PHYS_s17_T3_ctrl,118,0,118.0,0.2537688910961151,0.16729154537106272
UBFC_PHYS_s17_T3_ctrl,118,1,118.03333333333333,0.42094695568084717,0.39162694696813416
UBFC_PHYS_s17_T3_ctrl,118,2,118.06666666666666,0.46829575300216675,0.5555832883640658
UBFC_PHYS_s17_T3_ctrl,118,3,118.1,0.4398513734340668,0.6179970296444839
UBFC_PHYS_s17_T3_ctrl,118,4,118.13333333333334,0.392362117767334,0.5651459920870197
UBFC_PHYS_s17_T3_ctrl,118,5,118.16666666666667,0.3479982316493988,0.41326155916612206
UBFC_PHYS_s17_T3_ctrl,118,6,118.2,0.30096548795700073,0.2015429548644332
UBFC_PHYS_s17_T3_ctrl,118,7,118.23333333333333,0.24089282751083374,-0.021574945008637568
UBFC_PHYS_s17_T3_ctrl,118,8,118.26666666666667,0.15155638754367828,-0.2136295001908715
UBFC_PHYS_s17_T3_ctrl,118,9,118.3,0.0091822799295187,-0.34929093301102127
UBFC_PHYS_s17_T3_ctrl,118,10,118.33333333333333,-0.16405925154685974,-0.42404769025151906
UBFC_PHYS_s17_T3_ctrl,118,11,118.36666666666666,-0.25731703639030457,-0.4502886023399264
UBFC_PHYS_s17_T3_ctrl,118,12,118.4,-0.14508461952209473,-0.44857923423354934
UBFC_PHYS_s17_T3_ctrl,118,13,118.43333333333334,0.15531384944915771,-0.43833723819257053
UBFC_PHYS_s17_T3_ctrl,118,14,118.46666666666667,0.47462841868400574,-0.43161813949633343
UBFC_PHYS_s17_T3_ctrl,118,15,118.5,0.6765718460083008,-0.43179544501462686
UBFC_PHYS_s17_T3_ctrl,118,16,118.53333333333333,0.751276433467865,-0.43654763067013214
UBFC_PHYS_s17_T3_ctrl,118,17,118.56666666666666,0.7443233728408813,-0.44282565553688147
UBFC_PHYS_s17_T3_ctrl,118,18,118.6,0.6939545273780823,-0.45101458125261334
UBFC_PHYS_s17_T3_ctrl,118,19,118.63333333333334,0.6665870547294617,-0.4661835467209762
UBFC_PHYS_s17_T3_ctrl,118,20,118.66666666666667,0.7209357619285583,-0.4956315958127642
UBFC_PHYS_s17_T3_ctrl,118,21,118.7,0.8328052759170532,-0.5434852885467425
UBFC_PHYS_s17_T3_ctrl,118,22,118.73333333333333,0.9212170243263245,-0.6045135384082769
UBFC_PHYS_s17_T3_ctrl,118,23,118.76666666666667,0.9511362910270691,-0.6601175422605875
UBFC_PHYS_s17_T3_ctrl,118,24,118.8,0.9240731596946716,-0.6791992908248878
UBFC_PHYS_s17_T3_ctrl,118,25,118.83333333333333,0.8179743885993958,-0.6251302256748488
UBFC_PHYS_s17_T3_ctrl,118,26,118.86666666666666,0.639020562171936,-0.4676246129544849
UBFC_PHYS_s17_T3_ctrl,118,27,118.9,0.4134086072444916,-0.19584731045896325
UBFC_PHYS_s17_T3_ctrl,118,28,118.93333333333334,0.13276904821395874,0.17234270299438068
UBFC_PHYS_s17_T3_ctrl,118,29,118.96666666666667,-0.13274700939655304,0.589640708053192
UBFC_PHYS_s17_T3_ctrl,118,30,119.0,-0.17237016558647156,0.9890137304086403
UBFC_PHYS_s17_T3_ctrl,118,31,119.03333333333333,0.11807862669229507,1.3015640442214798
UBFC_PHYS_s17_T3_ctrl,118,32,119.06666666666666,0.514415442943573,1.4760225614130789
UBFC_PHYS_s17_T3_ctrl,118,33,119.1,0.7155511975288391,1.4921993491129228
UBFC_PHYS_s17_T3_ctrl,118,34,119.13333333333334,0.6001114845275879,1.3639031689120311
UBFC_PHYS_s17_T3_ctrl,118,35,119.16666666666667,0.2762434780597687,1.1317677632742682
UBFC_PHYS_s17_T3_ctrl,118,36,119.2,-0.0478820763528347,0.8497634636034782
UBFC_PHYS_s17_T3_ctrl,118,37,119.23333333333333,-0.26246747374534607,0.5702381284001439
UBFC_PHYS_s17_T3_ctrl,118,38,119.26666666666667,-0.45724713802337646,0.3318698897143268
UBFC_PHYS_s17_T3_ctrl,118,39,119.3,-0.7986031770706177,0.15340551944892597
UBFC_PHYS_s17_T3_ctrl,118,40,119.33333333333333,-1.3485397100448608,0.033919487684281865
UBFC_PHYS_s17_T3_ctrl,118,41,119.36666666666666,-1.9661574363708496,-0.041716181019418416
UBFC_PHYS_s17_T3_ctrl,118,42,119.4,-2.290879964828491,-0.09475111789465002
UBFC_PHYS_s17_T3_ctrl,118,43,119.43333333333334,-2.0832009315490723,-0.14474176762430008
UBFC_PHYS_s17_T3_ctrl,118,44,119.46666666666667,-1.593044400215149,-0.20422828746461166
UBFC_PHYS_s17_T3_ctrl,118,45,119.5,-1.2302554845809937,-0.27685156008094797
UBFC_PHYS_s17_T3_ctrl,118,46,119.53333333333333,-1.0253740549087524,-0.3584747264571744
UBFC_PHYS_s17_T3_ctrl,118,47,119.56666666666666,-0.8127551078796387,-0.4400825236022771
UBFC_PHYS_s17_T3_ctrl,118,48,119.6,-0.6151193380355835,-0.5113047553759351
UBFC_PHYS_s17_T3_ctrl,118,49,119.63333333333334,-0.48000264167785645,-0.563747967097893
UBFC_PHYS_s17_T3_ctrl,118,50,119.66666666666667,-0.3574342429637909,-0.5933481910615079
UBFC_PHYS_s17_T3_ctrl,118,51,119.7,-0.22760845720767975,-0.6009800474199899
UBFC_PHYS_s17_T3_ctrl,118,52,119.73333333333333,-0.1093008816242218,-0.5910540958767924
UBFC_PHYS_s17_T3_ctrl,118,53,119.76666666666667,0.028238847851753235,-0.568667662137357
UBFC_PHYS_s17_T3_ctrl,118,54,119.8,0.19680988788604736,-0.5365881750932773
UBFC_PHYS_s17_T3_ctrl,118,55,119.83333333333333,0.3242945671081543,-0.493599390240418
UBFC_PHYS_s17_T3_ctrl,118,56,119.86666666666666,0.3427073359489441,-0.43532697462544684
UBFC_PHYS_s17_T3_ctrl,118,57,119.9,0.27248600125312805,-0.35752427468256676
UBFC_PHYS_s17_T3_ctrl,118,58,119.93333333333334,0.19266612827777863,-0.26030406101956277
UBFC_PHYS_s17_T3_ctrl,118,59,119.96666666666667,0.15330050885677338,-0.15085897128174708
UBFC_PHYS_s17_T3_ctrl,118,60,120.0,0.14069366455078125,-0.04264264539157166
UBFC_PHYS_s17_T3_ctrl,118,61,120.03333333333333,0.11912041902542114,0.04914098695883312
UBFC_PHYS_s17_T3_ctrl,118,62,120.06666666666666,0.08347714692354202,0.11352062269329137
UBFC_PHYS_s17_T3_ctrl,118,63,120.1,0.05311305448412895,0.14798930859614032
UBFC_PHYS_s17_T3_ctrl,118,64,120.13333333333334,0.03679557517170906,0.1590771504137901
UBFC_PHYS_s17_T3_ctrl,118,65,120.16666666666667,0.01286951545625925,0.15953197525274368
UBFC_PHYS_s17_T3_ctrl,118,66,120.2,-0.03769828379154205,0.16359654898906506
UBFC_PHYS_s17_T3_ctrl,118,67,120.23333333333333,-0.08730623126029968,0.18212276321963244
UBFC_PHYS_s17_T3_ctrl,118,68,120.26666666666667,-0.1092657595872879,0.2191781493920286
UBFC_PHYS_s17_T3_ctrl,118,69,120.3,-0.14185389876365662,0.27127723211465193
UBFC_PHYS_s17_T3_ctrl,118,70,120.33333333333333,-0.2219429910182953,0.3292704345386044
UBFC_PHYS_s17_T3_ctrl,118,71,120.36666666666666,-0.29993680119514465,0.3818382973238349
UBFC_PHYS_s17_T3_ctrl,118,72,120.4,-0.2843567728996277,0.4191068765506961
UBFC_PHYS_s17_T3_ctrl,118,73,120.43333333333334,-0.14165490865707397,0.4350956728039163
UBFC_PHYS_s17_T3_ctrl,118,74,120.46666666666667,0.07467459887266159,0.42824693155295857
UBFC_PHYS_s17_T3_ctrl,118,75,120.5,0.2702736556529999,0.40008974669134784
UBFC_PHYS_s17_T3_ctrl,118,76,120.53333333333333,0.3793221712112427,0.3530025907201773
UBFC_PHYS_s17_T3_ctrl,118,77,120.56666666666666,0.4154922068119049,0.2885229733517395
UBFC_PHYS_s17_T3_ctrl,118,78,120.6,0.4238031208515167,0.20731162556691374
UBFC_PHYS_s17_T3_ctrl,118,79,120.63333333333334,0.4270104169845581,0.1109170252236985
UBFC_PHYS_s17_T3_ctrl,118,80,120.66666666666667,0.428824782371521,0.0044529094483067725
UBFC_PHYS_s17_T3_ctrl,118,81,120.7,0.43353039026260376,-0.10128971951492197
UBFC_PHYS_s17_T3_ctrl,118,82,120.73333333333333,0.43453705310821533,-0.18967880327122996
UBFC_PHYS_s17_T3_ctrl,118,83,120.76666666666667,0.4154922068119049,-0.24079029692244566
UBFC_PHYS_s17_T3_ctrl,118,84,120.8,0.3796265125274658,-0.23656912083542575
UBFC_PHYS_s17_T3_ctrl,118,85,120.83333333333333,0.34314045310020447,-0.16747450642768472
UBFC_PHYS_s17_T3_ctrl,118,86,120.86666666666666,0.3072279393672943,-0.03848270462116011
UBFC_PHYS_s17_T3_ctrl,118,87,120.9,0.262758731842041,0.12811285458433955
UBFC_PHYS_s17_T3_ctrl,118,88,120.93333333333334,0.2095571756362915,0.29505334666987076
UBFC_PHYS_s17_T3_ctrl,118,89,120.96666666666667,0.15750278532505035,0.41795042844722696
UBFC_PHYS_s17_T3_ctrl,118,90,121.0,0.11400511115789413,0.4568089556785523
UBFC_PHYS_s17_T3_ctrl,118,91,121.03333333333333,0.07762438803911209,0.3875643584813271
UBFC_PHYS_s17_T3_ctrl,118,92,121.06666666666666,0.054424069821834564,0.20928978739066745
UBFC_PHYS_s17_T3_ctrl,118,93,121.1,0.083840012550354,-0.05583645711950991
UBFC_PHYS_s17_T3_ctrl,118,94,121.13333333333334,0.219975084066391,-0.36939518748685074
UBFC_PHYS_s17_T3_ctrl,118,95,121.16666666666667,0.4674529433250427,-0.6869012599876795
UBFC_PHYS_s17_T3_ctrl,118,96,121.2,0.7571291923522949,-0.9669136709949873
UBFC_PHYS_s17_T3_ctrl,118,97,121.23333333333333,1.013561725616455,-1.1762322634556426
UBFC_PHYS_s17_T3_ctrl,118,98,121.26666666666667,1.223020076751709,-1.2909926893870352
UBFC_PHYS_s17_T3_ctrl,118,99,121.3,1.4132814407348633,-1.2956657886303762
UBFC_PHYS_s17_T3_ctrl,118,100,121.33333333333333,1.6110225915908813,-1.182571183172001
UBFC_PHYS_s17_T3_ctrl,118,101,121.36666666666666,1.840450644493103,-0.9534946884627011
UBFC_PHYS_s17_T3_ctrl,118,102,121.4,2.1065869331359863,-0.6231008636553639
UBFC_PHYS_s17_T3_ctrl,118,103,121.43333333333334,2.3859975337982178,-0.22203149777890058
UBFC_PHYS_s17_T3_ctrl,118,104,121.46666666666667,2.6919913291931152,0.2031877117754884
UBFC_PHYS_s17_T3_ctrl,118,105,121.5,3.0873212814331055,0.5954156434132676
UBFC_PHYS_s17_T3_ctrl,118,106,121.53333333333333,3.448272466659546,0.8970470951787737
UBFC_PHYS_s17_T3_ctrl,118,107,121.56666666666666,3.333148717880249,1.0626010222690387
UBFC_PHYS_s17_T3_ctrl,118,108,121.6,2.4375252723693848,1.0704562396440758
UBFC_PHYS_s17_T3_ctrl,118,109,121.63333333333334,0.9628534913063049,0.9303991932838465
UBFC_PHYS_s17_T3_ctrl,118,110,121.66666666666667,-0.6297628879547119,0.6838674663145264
UBFC_PHYS_s17_T3_ctrl,118,111,121.7,-1.9023858308792114,0.3952964207217591
UBFC_PHYS_s17_T3_ctrl,118,112,121.73333333333333,-2.5481319427490234,0.13630366900486668
UBFC_PHYS_s17_T3_ctrl,118,113,121.76666666666667,-2.622239589691162,-0.03244038069260553
UBFC_PHYS_s17_T3_ctrl,118,114,121.8,-2.466848850250244,-0.07607672525139546
UBFC_PHYS_s17_T3_ctrl,118,115,121.83333333333333,-2.207080125808716,0.00692755459312944
UBFC_PHYS_s17_T3_ctrl,118,116,121.86666666666666,-1.8095377683639526,0.18626984337257183
UBFC_PHYS_s17_T3_ctrl,118,117,121.9,-1.37753427028656,0.40949487899606424
UBFC_PHYS_s17_T3_ctrl,118,118,121.93333333333334,-1.0243088006973267,0.617014072402276
UBFC_PHYS_s17_T3_ctrl,118,119,121.96666666666667,-0.7596004009246826,0.7582363001406173
UBFC_PHYS_s17_T3_ctrl,118,120,122.0,-0.601142942905426,0.8041548921379116
UBFC_PHYS_s17_T3_ctrl,118,121,122.03333333333333,-0.5494046211242676,0.7526659291242344
UBFC_PHYS_s17_T3_ctrl,118,122,122.06666666666666,-0.5172027349472046,0.6252403507732115
UBFC_PHYS_s17_T3_ctrl,118,123,122.1,-0.4513007402420044,0.45653401616501194
UBFC_PHYS_s17_T3_ctrl,118,124,122.13333333333334,-0.36697423458099365,0.28093861490316546
UBFC_PHYS_s17_T3_ctrl,118,125,122.16666666666667,-0.28310427069664,0.12106220834980103
UBFC_PHYS_s17_T3_ctrl,118,126,122.2,-0.21939119696617126,-0.017712243493076443
UBFC_PHYS_s17_T3_ctrl,118,127,122.23333333333333,-0.20492318272590637,-0.14487264391482368
UBFC_PHYS_s17_T3_ctrl,118,128,122.26666666666667,-0.2426617443561554,-0.27608060725818157
UBFC_PHYS_s17_T3_ctrl,118,129,122.3,-0.30293339490890503,-0.4221866902514556
UBFC_PHYS_s17_T3_ctrl,118,130,122.33333333333333,-0.3608873784542084,-0.5808973334397433
UBFC_PHYS_s17_T3_ctrl,118,131,122.36666666666666,-0.40983980894088745,-0.7348017996852978
UBFC_PHYS_s17_T3_ctrl,118,132,122.4,-0.4548474848270416,-0.8566462673631061
UBFC_PHYS_s17_T3_ctrl,118,133,122.43333333333334,-0.5059420466423035,-0.9196977117150476
UBFC_PHYS_s17_T3_ctrl,118,134,122.46666666666667,-0.5596234798431396,-0.9091008469418973
UBFC_PHYS_s17_T3_ctrl,118,135,122.5,-0.5669043064117432,-0.8297550457991765
UBFC_PHYS_s17_T3_ctrl,118,136,122.53333333333333,-0.458628386259079,-0.7073088353610933
UBFC_PHYS_s17_T3_ctrl,118,137,122.56666666666666,-0.2643754482269287,-0.5811180403724842
UBFC_PHYS_s17_T3_ctrl,118,138,122.6,-0.10206687450408936,-0.4909237153650298
UBFC_PHYS_s17_T3_ctrl,118,139,122.63333333333334,-0.057328421622514725,-0.46171462183024786
UBFC_PHYS_s17_T3_ctrl,118,140,122.66666666666667,-0.1470862627029419,-0.4926523257627596
UBFC_PHYS_s17_T3_ctrl,118,141,122.7,-0.3603489398956299,-0.5549989105102447
UBFC_PHYS_s17_T3_ctrl,118,142,122.73333333333333,-0.6166059374809265,-0.600603228478154
UBFC_PHYS_s17_T3_ctrl,118,143,122.76666666666667,-0.7752975225448608,-0.578223156812701
UBFC_PHYS_s17_T3_ctrl,118,144,122.8,-0.8172149062156677,-0.4518321113221225
UBFC_PHYS_s17_T3_ctrl,118,145,122.83333333333333,-0.8781538009643555,-0.2142976799206429
UBFC_PHYS_s17_T3_ctrl,118,146,122.86666666666666,-1.0136919021606445,0.10840148881103703
UBFC_PHYS_s17_T3_ctrl,118,147,122.9,-1.1168291568756104,0.4637595520660726
UBFC_PHYS_s17_T3_ctrl,118,148,122.93333333333334,-1.1091619729995728,0.7876396625117144
UBFC_PHYS_s17_T3_ctrl,118,149,122.96666666666667,-1.0372785329818726,1.0222527363387506
UBFC_PHYS_s17_T3_ctrl,118,150,123.0,-0.9340476393699646,1.1312793102975325
UBFC_PHYS_s17_T3_ctrl,118,151,123.03333333333333,-0.7467711567878723,1.1076077449961919
UBFC_PHYS_s17_T3_ctrl,118,152,123.06666666666666,-0.45127731561660767,0.9720331656727741
UBFC_PHYS_s17_T3_ctrl,118,153,123.1,-0.09922243654727936,0.7644231477954735
UBFC_PHYS_s17_T3_ctrl,118,154,123.13333333333334,0.22737295925617218,0.5311470822086279
UBFC_PHYS_s17_T3_ctrl,118,155,123.16666666666667,0.44726094603538513,0.31329955469369264
UBFC_PHYS_s17_T3_ctrl,118,156,123.2,0.52897709608078,0.13930275015839713
UBFC_PHYS_s17_T3_ctrl,118,157,123.23333333333333,0.5743359327316284,0.02326312876147489
UBFC_PHYS_s17_T3_ctrl,118,158,123.26666666666667,0.743503987789154,-0.03210535925966492
UBFC_PHYS_s17_T3_ctrl,118,159,123.3,1.0112323760986328,-0.030840584735652075
UBFC_PHYS_s17_T3_ctrl,118,160,123.33333333333333,1.1739389896392822,0.019804935229702638
UBFC_PHYS_s17_T3_ctrl,118,161,123.36666666666666,1.1123563051223755,0.11035504744911662
UBFC_PHYS_s17_T3_ctrl,118,162,123.4,0.8675004243850708,0.22789607992724514
UBFC_PHYS_s17_T3_ctrl,118,163,123.43333333333334,0.5397461652755737,0.3543294161518064
UBFC_PHYS_s17_T3_ctrl,118,164,123.46666666666667,0.2383527308702469,0.4661219848103579
UBFC_PHYS_s17_T3_ctrl,118,165,123.5,0.05395585298538208,0.5369272444346977
UBFC_PHYS_s17_T3_ctrl,118,166,123.53333333333333,-0.0023476460482925177,0.5430766955057453
UBFC_PHYS_s17_T3_ctrl,118,167,123.56666666666666,-0.017108293250203133,0.47032809023484884
UBFC_PHYS_s17_T3_ctrl,118,168,123.6,-0.06038355827331543,0.3191216994756882
UBFC_PHYS_s17_T3_ctrl,118,169,123.63333333333334,-0.12117026746273041,0.10588174183206782
UBFC_PHYS_s17_T3_ctrl,118,170,123.66666666666667,-0.1604890674352646,-0.14024912986462645
UBFC_PHYS_s17_T3_ctrl,118,171,123.7,-0.1794285774230957,-0.3838465041848468
UBFC_PHYS_s17_T3_ctrl,118,172,123.73333333333333,-0.1982627511024475,-0.5906572963350393
UBFC_PHYS_s17_T3_ctrl,118,173,123.76666666666667,-0.2144748717546463,-0.7342739855374368
UBFC_PHYS_s17_T3_ctrl,118,174,123.8,-0.21099834144115448,-0.8008964960937129
UBFC_PHYS_s17_T3_ctrl,118,175,123.83333333333333,-0.18003727495670319,-0.7915980485425714
UBFC_PHYS_s17_T3_ctrl,118,176,123.86666666666666,-0.12751464545726776,-0.7218783999129585
UBFC_PHYS_s17_T3_ctrl,118,177,123.9,-0.07948695123195648,-0.6185086839167409
UBFC_PHYS_s17_T3_ctrl,118,178,123.93333333333334,-0.052107762545347214,-0.5138973895390985
UBFC_PHYS_s17_T3_ctrl,118,179,123.96666666666667,-0.006386046763509512,-0.4386621081807649
UBFC_PHYS_s17_T3_ctrl,118,180,124.0,0.10680622607469559,-0.41382404760085134
UBFC_PHYS_s17_T3_ctrl,118,181,124.03333333333333,0.2735980153083801,-0.44474223022014325
UBFC_PHYS_s17_T3_ctrl,118,182,124.06666666666666,0.43000704050064087,-0.5190097672196085
UBFC_PHYS_s17_T3_ctrl,118,183,124.1,0.495440810918808,-0.6094817613967347
UBFC_PHYS_s17_T3_ctrl,118,184,124.13333333333334,0.4007432460784912,-0.6815506488249881
UBFC_PHYS_s17_T3_ctrl,118,185,124.16666666666667,0.19155411422252655,-0.7020801502772408
UBFC_PHYS_s17_T3_ctrl,118,186,124.2,0.019050024449825287,-0.6472161528750132
UBFC_PHYS_s17_T3_ctrl,118,187,124.23333333333333,-0.03829526528716087,-0.5072659334983782
UBFC_PHYS_s17_T3_ctrl,118,188,124.26666666666667,-0.040402255952358246,-0.28801134823591934
UBFC_PHYS_s17_T3_ctrl,118,189,124.3,-0.053535837680101395,-0.00869633469440612
UBFC_PHYS_s17_T3_ctrl,118,190,124.33333333333333,-0.06959579139947891,0.3025102593015895
UBFC_PHYS_s17_T3_ctrl,118,191,124.36666666666666,-0.07867927104234695,0.6142667476271052
UBFC_PHYS_s17_T3_ctrl,118,192,124.4,-0.10456015169620514,0.8972598056916684
UBFC_PHYS_s17_T3_ctrl,118,193,124.43333333333334,-0.1582064926624298,1.1273409487665007
UBFC_PHYS_s17_T3_ctrl,118,194,124.46666666666667,-0.20667900145053864,1.2863712531289695
UBFC_PHYS_s17_T3_ctrl,118,195,124.5,-0.2146855741739273,1.36197716874388
UBFC_PHYS_s17_T3_ctrl,118,196,124.53333333333333,-0.20642147958278656,1.3478411801181818
UBFC_PHYS_s17_T3_ctrl,118,197,124.56666666666666,-0.2546364665031433,1.245230147272437
UBFC_PHYS_s17_T3_ctrl,118,198,124.6,-0.38233187794685364,1.0648340667462204
UBFC_PHYS_s17_T3_ctrl,118,199,124.63333333333334,-0.5085289478302002,0.8270261197146366
UBFC_PHYS_s17_T3_ctrl,118,200,124.66666666666667,-0.5066794753074646,0.5592727448337765
UBFC_PHYS_s17_T3_ctrl,118,201,124.7,-0.33587270975112915,0.2910289859433122
UBFC_PHYS_s17_T3_ctrl,118,202,124.73333333333333,-0.09518403559923172,0.04783392811262988
UBFC_PHYS_s17_T3_ctrl,118,203,124.76666666666667,0.0767698884010315,-0.15326421181996194
UBFC_PHYS_s17_T3_ctrl,118,204,124.8,0.12310028821229935,-0.30547194408859474
UBFC_PHYS_s17_T3_ctrl,118,205,124.83333333333333,0.07098736613988876,-0.4109602136656247
UBFC_PHYS_s17_T3_ctrl,118,206,124.86666666666666,-0.008106756024062634,-0.4774378150815356
UBFC_PHYS_s17_T3_ctrl,118,207,124.9,-0.03236057236790657,-0.5141389155444991
UBFC_PHYS_s17_T3_ctrl,118,208,124.93333333333334,0.007801030296832323,-0.5287496645602258
UBFC_PHYS_s17_T3_ctrl,118,209,124.96666666666667,0.05125187709927559,-0.526300666327402
UBFC_PHYS_s17_T3_ctrl,118,210,125.0,0.07678159326314926,-0.5102900066894615
UBFC_PHYS_s17_T3_ctrl,118,211,125.03333333333333,0.12548822164535522,-0.48526069156217655
UBFC_PHYS_s17_T3_ctrl,118,212,125.06666666666666,0.18854579329490662,-0.4589688010907164
UBFC_PHYS_s17_T3_ctrl,118,213,125.1,0.19407078623771667,-0.4419935809461775
UBFC_PHYS_s17_T3_ctrl,118,214,125.13333333333334,0.10938143730163574,-0.44382675170483954
UBFC_PHYS_s17_T3_ctrl,118,215,125.16666666666667,-0.03401104733347893,-0.4668309618640202
UBFC_PHYS_s17_T3_ctrl,118,216,125.2,-0.21563372015953064,-0.5016430127847917
UBFC_PHYS_s17_T3_ctrl,118,217,125.23333333333333,-0.47502779960632324,-0.5276194382434468
UBFC_PHYS_s17_T3_ctrl,118,218,125.26666666666667,-0.8558313846588135,-0.5191280657330306
UBFC_PHYS_s17_T3_ctrl,118,219,125.3,-1.2885841131210327,-0.4551061016638521
UBFC_PHYS_s17_T3_ctrl,118,220,125.33333333333333,-1.5911363363265991,-0.3278564224135051
UBFC_PHYS_s17_T3_ctrl,118,221,125.36666666666666,-1.6369868516921997,-0.14768301842679948
UBFC_PHYS_s17_T3_ctrl,118,222,125.4,-1.4809173345565796,0.058384563253241255
UBFC_PHYS_s17_T3_ctrl,118,223,125.43333333333334,-1.2779672145843506,0.2535394240622319
UBFC_PHYS_s17_T3_ctrl,118,224,125.46666666666667,-1.1337201595306396,0.4016904930434461
UBFC_PHYS_s17_T3_ctrl,118,225,125.5,-1.0787277221679688,0.47808890793081016
UBFC_PHYS_s17_T3_ctrl,118,226,125.53333333333333,-1.1123692989349365,0.47646742958501126
UBFC_PHYS_s17_T3_ctrl,118,227,125.56666666666666,-1.201167345046997,0.4102177124648142
UBFC_PHYS_s17_T3_ctrl,118,228,125.6,-1.3068095445632935,0.30736045822853864
UBFC_PHYS_s17_T3_ctrl,118,229,125.63333333333334,-1.4225536584854126,0.20134370864116408
UBFC_PHYS_s17_T3_ctrl,118,230,125.66666666666667,-1.5656183958053589,0.1209779332987322
UBFC_PHYS_s17_T3_ctrl,118,231,125.7,-1.7264169454574585,0.08275490841374869
UBFC_PHYS_s17_T3_ctrl,118,232,125.73333333333333,-1.8068220615386963,0.08765953374900418
UBFC_PHYS_s17_T3_ctrl,118,233,125.76666666666667,-1.6474164724349976,0.12291679683150299
UBFC_PHYS_s17_T3_ctrl,118,234,125.8,-1.2423005104064941,0.16754168026346303
UBFC_PHYS_s17_T3_ctrl,118,235,125.83333333333333,-0.8017753958702087,0.19958636060178864
UBFC_PHYS_s17_T3_ctrl,118,236,125.86666666666666,-0.4881145656108856,0.20282480114538934
UBFC_PHYS_s17_T3_ctrl,118,237,125.9,-0.31230953335762024,0.17111764910010063
UBFC_PHYS_s17_T3_ctrl,118,238,125.93333333333334,-0.2820507884025574,0.10954713971060434
UBFC_PHYS_s17_T3_ctrl,118,239,125.96666666666667,-0.40355396270751953,0.03236883335336505
UBFC_PHYS_s17_T3_ctrl,119,0,119.0,-0.17237016558647156,0.016097608378136632
UBFC_PHYS_s17_T3_ctrl,119,1,119.03333333333333,0.11807862669229507,0.28875627486040806
UBFC_PHYS_s17_T3_ctrl,119,2,119.06666666666666,0.514415442943573,0.5242198835220417
UBFC_PHYS_s17_T3_ctrl,119,3,119.1,0.7155511975288391,0.6932857705424026
UBFC_PHYS_s17_T3_ctrl,119,4,119.13333333333334,0.6001114845275879,0.7804849438107998
UBFC_PHYS_s17_T3_ctrl,119,5,119.16666666666667,0.2762434780597687,0.7867266936826047
UBFC_PHYS_s17_T3_ctrl,119,6,119.2,-0.0478820763528347,0.7273715324930101
UBFC_PHYS_s17_T3_ctrl,119,7,119.23333333333333,-0.26246747374534607,0.6262291227520856
UBFC_PHYS_s17_T3_ctrl,119,8,119.26666666666667,-0.45724713802337646,0.5077160201595227
UBFC_PHYS_s17_T3_ctrl,119,9,119.3,-0.7986031770706177,0.39016618683147586
UBFC_PHYS_s17_T3_ctrl,119,10,119.33333333333333,-1.3485397100448608,0.2825695274927885
UBFC_PHYS_s17_T3_ctrl,119,11,119.36666666666666,-1.9661574363708496,0.18531177165362395
UBFC_PHYS_s17_T3_ctrl,119,12,119.4,-2.290879964828491,0.09378097637278696
UBFC_PHYS_s17_T3_ctrl,119,13,119.43333333333334,-2.0832009315490723,0.0028105087548885984
UBFC_PHYS_s17_T3_ctrl,119,14,119.46666666666667,-1.593044400215149,-0.08986260771107542
UBFC_PHYS_s17_T3_ctrl,119,15,119.5,-1.2302554845809937,-0.18204348224946232
UBFC_PHYS_s17_T3_ctrl,119,16,119.53333333333333,-1.0253740549087524,-0.2674266718733978
UBFC_PHYS_s17_T3_ctrl,119,17,119.56666666666666,-0.8127551078796387,-0.3373308201267789
UBFC_PHYS_s17_T3_ctrl,119,18,119.6,-0.6151193380355835,-0.38323257511967207
UBFC_PHYS_s17_T3_ctrl,119,19,119.63333333333334,-0.48000264167785645,-0.39950860278475453
UBFC_PHYS_s17_T3_ctrl,119,20,119.66666666666667,-0.3574342429637909,-0.3856108862269068
UBFC_PHYS_s17_T3_ctrl,119,21,119.7,-0.22760845720767975,-0.34683972383140527
UBFC_PHYS_s17_T3_ctrl,119,22,119.73333333333333,-0.1093008816242218,-0.29327677324149315
UBFC_PHYS_s17_T3_ctrl,119,23,119.76666666666667,0.028238847851753235,-0.23710977945052492
UBFC_PHYS_s17_T3_ctrl,119,24,119.8,0.19680988788604736,-0.18916339140871163
UBFC_PHYS_s17_T3_ctrl,119,25,119.83333333333333,0.3242945671081543,-0.15583137543516448
UBFC_PHYS_s17_T3_ctrl,119,26,119.86666666666666,0.3427073359489441,-0.13766478827293946
UBFC_PHYS_s17_T3_ctrl,119,27,119.9,0.27248600125312805,-0.13026430264259645
UBFC_PHYS_s17_T3_ctrl,119,28,119.93333333333334,0.19266612827777863,-0.12689574894196712
UBFC_PHYS_s17_T3_ctrl,119,29,119.96666666666667,0.15330050885677338,-0.1213064367610372
UBFC_PHYS_s17_T3_ctrl,119,30,120.0,0.14069366455078125,-0.10936553856002645
UBFC_PHYS_s17_T3_ctrl,119,31,120.03333333333333,0.11912041902542114,-0.08912172947981808
UBFC_PHYS_s17_T3_ctrl,119,32,120.06666666666666,0.08347714692354202,-0.0598670282853244
UBFC_PHYS_s17_T3_ctrl,119,33,120.1,0.05311305448412895,-0.021203332179075548
UBFC_PHYS_s17_T3_ctrl,119,34,120.13333333333334,0.03679557517170906,0.027207585420505054
UBFC_PHYS_s17_T3_ctrl,119,35,120.16666666666667,0.01286951545625925,0.08512126806556031
UBFC_PHYS_s17_T3_ctrl,119,36,120.2,-0.03769828379154205,0.1507159614258183
UBFC_PHYS_s17_T3_ctrl,119,37,120.23333333333333,-0.08730623126029968,0.2196480505554821
UBFC_PHYS_s17_T3_ctrl,119,38,120.26666666666667,-0.1092657595872879,0.28484017054644806
UBFC_PHYS_s17_T3_ctrl,119,39,120.3,-0.14185389876365662,0.33751953973696597
UBFC_PHYS_s17_T3_ctrl,119,40,120.33333333333333,-0.2219429910182953,0.369384021423501
UBFC_PHYS_s17_T3_ctrl,119,41,120.36666666666666,-0.29993680119514465,0.3750923064543936
UBFC_PHYS_s17_T3_ctrl,119,42,120.4,-0.2843567728996277,0.3540488302775302
UBFC_PHYS_s17_T3_ctrl,119,43,120.43333333333334,-0.14165490865707397,0.31069218805401055
UBFC_PHYS_s17_T3_ctrl,119,44,120.46666666666667,0.07467459887266159,0.2529975302408834
UBFC_PHYS_s17_T3_ctrl,119,45,120.5,0.2702736556529999,0.18959628933144287
UBFC_PHYS_s17_T3_ctrl,119,46,120.53333333333333,0.3793221712112427,0.12664544513583992
UBFC_PHYS_s17_T3_ctrl,119,47,120.56666666666666,0.4154922068119049,0.06591767133245587
UBFC_PHYS_s17_T3_ctrl,119,48,120.6,0.4238031208515167,0.005193917235564557
UBFC_PHYS_s17_T3_ctrl,119,49,120.63333333333334,0.4270104169845581,-0.058974689374173626
UBFC_PHYS_s17_T3_ctrl,119,50,120.66666666666667,0.428824782371521,-0.1272521359989227
UBFC_PHYS_s17_T3_ctrl,119,51,120.7,0.43353039026260376,-0.19411892777700274
UBFC_PHYS_s17_T3_ctrl,119,52,120.73333333333333,0.43453705310821533,-0.24687231044031935
UBFC_PHYS_s17_T3_ctrl,119,53,120.76666666666667,0.4154922068119049,-0.26795141326999217
UBFC_PHYS_s17_T3_ctrl,119,54,120.8,0.3796265125274658,-0.2402669959963644
UBFC_PHYS_s17_T3_ctrl,119,55,120.83333333333333,0.34314045310020447,-0.1540307509176447
UBFC_PHYS_s17_T3_ctrl,119,56,120.86666666666666,0.3072279393672943,-0.012843012139105213
UBFC_PHYS_s17_T3_ctrl,119,57,120.9,0.262758731842041,0.16327714971874288
UBFC_PHYS_s17_T3_ctrl,119,58,120.93333333333334,0.2095571756362915,0.33959136985783545
UBFC_PHYS_s17_T3_ctrl,119,59,120.96666666666667,0.15750278532505035,0.4734545925252581
UBFC_PHYS_s17_T3_ctrl,119,60,121.0,0.11400511115789413,0.5249191408639466
UBFC_PHYS_s17_T3_ctrl,119,61,121.03333333333333,0.07762438803911209,0.4680787987371207
UBFC_PHYS_s17_T3_ctrl,119,62,121.06666666666666,0.054424069821834564,0.29910283204813043
UBFC_PHYS_s17_T3_ctrl,119,63,121.1,0.083840012550354,0.037761021542398694
UBFC_PHYS_s17_T3_ctrl,119,64,121.13333333333334,0.219975084066391,-0.27790602850326046
UBFC_PHYS_s17_T3_ctrl,119,65,121.16666666666667,0.4674529433250427,-0.6011038310878704
UBFC_PHYS_s17_T3_ctrl,119,66,121.2,0.7571291923522949,-0.8861383285943045
UBFC_PHYS_s17_T3_ctrl,119,67,121.23333333333333,1.013561725616455,-1.0956398371376772
UBFC_PHYS_s17_T3_ctrl,119,68,121.26666666666667,1.223020076751709,-1.2041496067485238
UBFC_PHYS_s17_T3_ctrl,119,69,121.3,1.4132814407348633,-1.1988480419607916
UBFC_PHYS_s17_T3_ctrl,119,70,121.33333333333333,1.6110225915908813,-1.0789514744097783
UBFC_PHYS_s17_T3_ctrl,119,71,121.36666666666666,1.840450644493103,-0.8550017985561057
UBFC_PHYS_s17_T3_ctrl,119,72,121.4,2.1065869331359863,-0.5484138806701734
UBFC_PHYS_s17_T3_ctrl,119,73,121.43333333333334,2.3859975337982178,-0.19072896109157245
UBFC_PHYS_s17_T3_ctrl,119,74,121.46666666666667,2.6919913291931152,0.17849267228092702
UBFC_PHYS_s17_T3_ctrl,119,75,121.5,3.0873212814331055,0.515918674664383
UBFC_PHYS_s17_T3_ctrl,119,76,121.53333333333333,3.448272466659546,0.7806171952103321
UBFC_PHYS_s17_T3_ctrl,119,77,121.56666666666666,3.333148717880249,0.9411010464038482
UBFC_PHYS_s17_T3_ctrl,119,78,121.6,2.4375252723693848,0.9820247341784847
UBFC_PHYS_s17_T3_ctrl,119,79,121.63333333333334,0.9628534913063049,0.9090731375477629
UBFC_PHYS_s17_T3_ctrl,119,80,121.66666666666667,-0.6297628879547119,0.7498829712618463
UBFC_PHYS_s17_T3_ctrl,119,81,121.7,-1.9023858308792114,0.549134148290834
UBFC_PHYS_s17_T3_ctrl,119,82,121.73333333333333,-2.5481319427490234,0.3582159876085662
UBFC_PHYS_s17_T3_ctrl,119,83,121.76666666666667,-2.622239589691162,0.22246040162032688
UBFC_PHYS_s17_T3_ctrl,119,84,121.8,-2.466848850250244,0.16982731273287166
UBFC_PHYS_s17_T3_ctrl,119,85,121.83333333333333,-2.207080125808716,0.20418398278418487
UBFC_PHYS_s17_T3_ctrl,119,86,121.86666666666666,-1.8095377683639526,0.30492922901988806
UBFC_PHYS_s17_T3_ctrl,119,87,121.9,-1.37753427028656,0.4331532614357112
UBFC_PHYS_s17_T3_ctrl,119,88,121.93333333333334,-1.0243088006973267,0.5429137398559134
UBFC_PHYS_s17_T3_ctrl,119,89,121.96666666666667,-0.7596004009246826,0.5946806456261822
UBFC_PHYS_s17_T3_ctrl,119,90,122.0,-0.601142942905426,0.5669235573906829
UBFC_PHYS_s17_T3_ctrl,119,91,122.03333333333333,-0.5494046211242676,0.461868371861181
UBFC_PHYS_s17_T3_ctrl,119,92,122.06666666666666,-0.5172027349472046,0.3031076490400535
UBFC_PHYS_s17_T3_ctrl,119,93,122.1,-0.4513007402420044,0.12571501432902887
UBFC_PHYS_s17_T3_ctrl,119,94,122.13333333333334,-0.36697423458099365,-0.03732313281332484
UBFC_PHYS_s17_T3_ctrl,119,95,122.16666666666667,-0.28310427069664,-0.1668813939019375
UBFC_PHYS_s17_T3_ctrl,119,96,122.2,-0.21939119696617126,-0.26308278819562897
UBFC_PHYS_s17_T3_ctrl,119,97,122.23333333333333,-0.20492318272590637,-0.3424894891766701
UBFC_PHYS_s17_T3_ctrl,119,98,122.26666666666667,-0.2426617443561554,-0.42851058073668424
UBFC_PHYS_s17_T3_ctrl,119,99,122.3,-0.30293339490890503,-0.5389628495518657
UBFC_PHYS_s17_T3_ctrl,119,100,122.33333333333333,-0.3608873784542084,-0.6757880956853001
UBFC_PHYS_s17_T3_ctrl,119,101,122.36666666666666,-0.40983980894088745,-0.8211340852690389
UBFC_PHYS_s17_T3_ctrl,119,102,122.4,-0.4548474848270416,-0.9415632825959378
UBFC_PHYS_s17_T3_ctrl,119,103,122.43333333333334,-0.5059420466423035,-0.999073158410483
UBFC_PHYS_s17_T3_ctrl,119,104,122.46666666666667,-0.5596234798431396,-0.9651025580865068
UBFC_PHYS_s17_T3_ctrl,119,105,122.5,-0.5669043064117432,-0.8325430514735342
UBFC_PHYS_s17_T3_ctrl,119,106,122.53333333333333,-0.458628386259079,-0.6212568013365779
UBFC_PHYS_s17_T3_ctrl,119,107,122.56666666666666,-0.2643754482269287,-0.37454264021181477
UBFC_PHYS_s17_T3_ctrl,119,108,122.6,-0.10206687450408936,-0.1468906188332912
UBFC_PHYS_s17_T3_ctrl,119,109,122.63333333333334,-0.057328421622514725,0.01345167644286953
UBFC_PHYS_s17_T3_ctrl,119,110,122.66666666666667,-0.1470862627029419,0.08110515978365962
UBFC_PHYS_s17_T3_ctrl,119,111,122.7,-0.3603489398956299,0.06293820787142482
UBFC_PHYS_s17_T3_ctrl,119,112,122.73333333333333,-0.6166059374809265,-0.003937336796860157
UBFC_PHYS_s17_T3_ctrl,119,113,122.76666666666667,-0.7752975225448608,-0.06536531804032138
UBFC_PHYS_s17_T3_ctrl,119,114,122.8,-0.8172149062156677,-0.06979176989315639
UBFC_PHYS_s17_T3_ctrl,119,115,122.83333333333333,-0.8781538009643555,0.013065256286561324
UBFC_PHYS_s17_T3_ctrl,119,116,122.86666666666666,-1.0136919021606445,0.1814393865262292
UBFC_PHYS_s17_T3_ctrl,119,117,122.9,-1.1168291568756104,0.4023194867153117
UBFC_PHYS_s17_T3_ctrl,119,118,122.93333333333334,-1.1091619729995728,0.6230961652742855
UBFC_PHYS_s17_T3_ctrl,119,119,122.96666666666667,-1.0372785329818726,0.7893570077977258
UBFC_PHYS_s17_T3_ctrl,119,120,123.0,-0.9340476393699646,0.8620615663987855
UBFC_PHYS_s17_T3_ctrl,119,121,123.03333333333333,-0.7467711567878723,0.8280158896585899
UBFC_PHYS_s17_T3_ctrl,119,122,123.06666666666666,-0.45127731561660767,0.7007647575531443
UBFC_PHYS_s17_T3_ctrl,119,123,123.1,-0.09922243654727936,0.5130233917840205
UBFC_PHYS_s17_T3_ctrl,119,124,123.13333333333334,0.22737295925617218,0.30466240764302227
UBFC_PHYS_s17_T3_ctrl,119,125,123.16666666666667,0.44726094603538513,0.11116338709223712
UBFC_PHYS_s17_T3_ctrl,119,126,123.2,0.52897709608078,-0.04356515650439399
UBFC_PHYS_s17_T3_ctrl,119,127,123.23333333333333,0.5743359327316284,-0.14846743135248752
UBFC_PHYS_s17_T3_ctrl,119,128,123.26666666666667,0.743503987789154,-0.20184574066312566
UBFC_PHYS_s17_T3_ctrl,119,129,123.3,1.0112323760986328,-0.20608110606393132
UBFC_PHYS_s17_T3_ctrl,119,130,123.33333333333333,1.1739389896392822,-0.16383419304536562
UBFC_PHYS_s17_T3_ctrl,119,131,123.36666666666666,1.1123563051223755,-0.07770412960938664
UBFC_PHYS_s17_T3_ctrl,119,132,123.4,0.8675004243850708,0.04682935539668084
UBFC_PHYS_s17_T3_ctrl,119,133,123.43333333333334,0.5397461652755737,0.19729272486531657
UBFC_PHYS_s17_T3_ctrl,119,134,123.46666666666667,0.2383527308702469,0.35185162900390743
UBFC_PHYS_s17_T3_ctrl,119,135,123.5,0.05395585298538208,0.4810018477971852
UBFC_PHYS_s17_T3_ctrl,119,136,123.53333333333333,-0.0023476460482925177,0.5538666494126289
UBFC_PHYS_s17_T3_ctrl,119,137,123.56666666666666,-0.017108293250203133,0.5472786517082053
UBFC_PHYS_s17_T3_ctrl,119,138,123.6,-0.06038355827331543,0.45386990800011057
UBFC_PHYS_s17_T3_ctrl,119,139,123.63333333333334,-0.12117026746273041,0.28533927423566596
UBFC_PHYS_s17_T3_ctrl,119,140,123.66666666666667,-0.1604890674352646,0.06939283115800576
UBFC_PHYS_s17_T3_ctrl,119,141,123.7,-0.1794285774230957,-0.1581045442852498
UBFC_PHYS_s17_T3_ctrl,119,142,123.73333333333333,-0.1982627511024475,-0.36250936212860385
UBFC_PHYS_s17_T3_ctrl,119,143,123.76666666666667,-0.2144748717546463,-0.5181793268961197
UBFC_PHYS_s17_T3_ctrl,119,144,123.8,-0.21099834144115448,-0.6128577174338277
UBFC_PHYS_s17_T3_ctrl,119,145,123.83333333333333,-0.18003727495670319,-0.6484028327987796
UBFC_PHYS_s17_T3_ctrl,119,146,123.86666666666666,-0.12751464545726776,-0.6385482587423017
UBFC_PHYS_s17_T3_ctrl,119,147,123.9,-0.07948695123195648,-0.6046280029636376
UBFC_PHYS_s17_T3_ctrl,119,148,123.93333333333334,-0.052107762545347214,-0.570101293602143
UBFC_PHYS_s17_T3_ctrl,119,149,123.96666666666667,-0.006386046763509512,-0.5546772026559987
UBFC_PHYS_s17_T3_ctrl,119,150,124.0,0.10680622607469559,-0.5690454732191615
UBFC_PHYS_s17_T3_ctrl,119,151,124.03333333333333,0.2735980153083801,-0.6114318010519441
UBFC_PHYS_s17_T3_ctrl,119,152,124.06666666666666,0.43000704050064087,-0.6670665098176436
UBFC_PHYS_s17_T3_ctrl,119,153,124.1,0.495440810918808,-0.7110910956498601
UBFC_PHYS_s17_T3_ctrl,119,154,124.13333333333334,0.4007432460784912,-0.7145539087262311
UBFC_PHYS_s17_T3_ctrl,119,155,124.16666666666667,0.19155411422252655,-0.6522122115987825
UBFC_PHYS_s17_T3_ctrl,119,156,124.2,0.019050024449825287,-0.510145707024552
UBFC_PHYS_s17_T3_ctrl,119,157,124.23333333333333,-0.03829526528716087,-0.2909125042396286
UBFC_PHYS_s17_T3_ctrl,119,158,124.26666666666667,-0.040402255952358246,-0.014322885745540682
UBFC_PHYS_s17_T3_ctrl,119,159,124.3,-0.053535837680101395,0.2869919614869842
UBFC_PHYS_s17_T3_ctrl,119,160,124.33333333333333,-0.06959579139947891,0.5762579108559652
UBFC_PHYS_s17_T3_ctrl,119,161,124.36666666666666,-0.07867927104234695,0.8225066099559099
UBFC_PHYS_s17_T3_ctrl,119,162,124.4,-0.10456015169620514,1.0075655475688277
UBFC_PHYS_s17_T3_ctrl,119,163,124.43333333333334,-0.1582064926624298,1.1268454722649226
UBFC_PHYS_s17_T3_ctrl,119,164,124.46666666666667,-0.20667900145053864,1.184135326844878
UBFC_PHYS_s17_T3_ctrl,119,165,124.5,-0.2146855741739273,1.1842127834285163
UBFC_PHYS_s17_T3_ctrl,119,166,124.53333333333333,-0.20642147958278656,1.1281499735558254
UBFC_PHYS_s17_T3_ctrl,119,167,124.56666666666666,-0.2546364665031433,1.0141019707867214
UBFC_PHYS_s17_T3_ctrl,119,168,124.6,-0.38233187794685364,0.8425214691868358
UBFC_PHYS_s17_T3_ctrl,119,169,124.63333333333334,-0.5085289478302002,0.6218845753083556
UBFC_PHYS_s17_T3_ctrl,119,170,124.66666666666667,-0.5066794753074646,0.37107673675794556
UBFC_PHYS_s17_T3_ctrl,119,171,124.7,-0.33587270975112915,0.11690245812355829
UBFC_PHYS_s17_T3_ctrl,119,172,124.73333333333333,-0.09518403559923172,-0.11216544143001272
UBFC_PHYS_s17_T3_ctrl,119,173,124.76666666666667,0.0767698884010315,-0.2932687552462606
UBFC_PHYS_s17_T3_ctrl,119,174,124.8,0.12310028821229935,-0.41467089863428286
UBFC_PHYS_s17_T3_ctrl,119,175,124.83333333333333,0.07098736613988876,-0.4777496989934625
UBFC_PHYS_s17_T3_ctrl,119,176,124.86666666666666,-0.008106756024062634,-0.49517349205946093
UBFC_PHYS_s17_T3_ctrl,119,177,124.9,-0.03236057236790657,-0.4861315918588871
UBFC_PHYS_s17_T3_ctrl,119,178,124.93333333333334,0.007801030296832323,-0.4701507201227179
UBFC_PHYS_s17_T3_ctrl,119,179,124.96666666666667,0.05125187709927559,-0.461350807577626
UBFC_PHYS_s17_T3_ctrl,119,180,125.0,0.07678159326314926,-0.4650466493290253
UBFC_PHYS_s17_T3_ctrl,119,181,125.03333333333333,0.12548822164535522,-0.47792019099231897
UBFC_PHYS_s17_T3_ctrl,119,182,125.06666666666666,0.18854579329490662,-0.49140521390667696
UBFC_PHYS_s17_T3_ctrl,119,183,125.1,0.19407078623771667,-0.49633686695047896
UBFC_PHYS_s17_T3_ctrl,119,184,125.13333333333334,0.10938143730163574,-0.4864259789766946
UBFC_PHYS_s17_T3_ctrl,119,185,125.16666666666667,-0.03401104733347893,-0.4590692795172867
UBFC_PHYS_s17_T3_ctrl,119,186,125.2,-0.21563372015953064,-0.4138408249350657
UBFC_PHYS_s17_T3_ctrl,119,187,125.23333333333333,-0.47502779960632324,-0.3504283170600203
UBFC_PHYS_s17_T3_ctrl,119,188,125.26666666666667,-0.8558313846588135,-0.26781251488650165
UBFC_PHYS_s17_T3_ctrl,119,189,125.3,-1.2885841131210327,-0.16543833531526825
UBFC_PHYS_s17_T3_ctrl,119,190,125.33333333333333,-1.5911363363265991,-0.045851268674254736
UBFC_PHYS_s17_T3_ctrl,119,191,125.36666666666666,-1.6369868516921997,0.08269559143852756
UBFC_PHYS_s17_T3_ctrl,119,192,125.4,-1.4809173345565796,0.20549049891332852
UBFC_PHYS_s17_T3_ctrl,119,193,125.43333333333334,-1.2779672145843506,0.30366491786190797
UBFC_PHYS_s17_T3_ctrl,119,194,125.46666666666667,-1.1337201595306396,0.35926573463341444
UBFC_PHYS_s17_T3_ctrl,119,195,125.5,-1.0787277221679688,0.3613422284628244
UBFC_PHYS_s17_T3_ctrl,119,196,125.53333333333333,-1.1123692989349365,0.3106945263473077
UBFC_PHYS_s17_T3_ctrl,119,197,125.56666666666666,-1.201167345046997,0.22134795216566885
UBFC_PHYS_s17_T3_ctrl,119,198,125.6,-1.3068095445632935,0.11792195011535607
UBFC_PHYS_s17_T3_ctrl,119,199,125.63333333333334,-1.4225536584854126,0.02944801588303759
UBFC_PHYS_s17_T3_ctrl,119,200,125.66666666666667,-1.5656183958053589,-0.01857515301787038
UBFC_PHYS_s17_T3_ctrl,119,201,125.7,-1.7264169454574585,-0.011450732305433975
UBFC_PHYS_s17_T3_ctrl,119,202,125.73333333333333,-1.8068220615386963,0.05038865609761223
UBFC_PHYS_s17_T3_ctrl,119,203,125.76666666666667,-1.6474164724349976,0.15137412549910434
UBFC_PHYS_s17_T3_ctrl,119,204,125.8,-1.2423005104064941,0.26519279894485936
UBFC_PHYS_s17_T3_ctrl,119,205,125.83333333333333,-0.8017753958702087,0.36225595713487135
UBFC_PHYS_s17_T3_ctrl,119,206,125.86666666666666,-0.4881145656108856,0.41783229935129446
UBFC_PHYS_s17_T3_ctrl,119,207,125.9,-0.31230953335762024,0.41822106509980694
UBFC_PHYS_s17_T3_ctrl,119,208,125.93333333333334,-0.2820507884025574,0.3632251211236175
UBFC_PHYS_s17_T3_ctrl,119,209,125.96666666666667,-0.40355396270751953,0.2646612376272267
UBFC_PHYS_s17_T3_ctrl,119,210,126.0,-0.5618124604225159,0.14196994608052071
UBFC_PHYS_s17_T3_ctrl,119,211,126.03333333333333,-0.5795345902442932,0.016735248899442577
UBFC_PHYS_s17_T3_ctrl,119,212,126.06666666666666,-0.39363938570022583,-0.09205715701067113
UBFC_PHYS_s17_T3_ctrl,119,213,126.1,-0.07625623047351837,-0.17091050270808572
UBFC_PHYS_s17_T3_ctrl,119,214,126.13333333333334,0.23598821461200714,-0.21286317296062204
UBFC_PHYS_s17_T3_ctrl,119,215,126.16666666666667,0.4438663423061371,-0.21745754628536845
UBFC_PHYS_s17_T3_ctrl,119,216,126.2,0.5291175842285156,-0.19028856804297825
UBFC_PHYS_s17_T3_ctrl,119,217,126.23333333333333,0.5275724530220032,-0.1421352717761601
UBFC_PHYS_s17_T3_ctrl,119,218,126.26666666666667,0.5051798224449158,-0.08719605230627135
UBFC_PHYS_s17_T3_ctrl,119,219,126.3,0.5160893201828003,-0.04014686960028939
UBFC_PHYS_s17_T3_ctrl,119,220,126.33333333333333,0.5479868650436401,-0.012574430259053282
UBFC_PHYS_s17_T3_ctrl,119,221,126.36666666666666,0.5868140459060669,-0.01007514072956799
UBFC_PHYS_s17_T3_ctrl,119,222,126.4,0.6669499278068542,-0.031255165362398134
UBFC_PHYS_s17_T3_ctrl,119,223,126.43333333333334,0.7747927904129028,-0.06905441063394085
UBFC_PHYS_s17_T3_ctrl,119,224,126.46666666666667,0.8035181164741516,-0.11375149163755872
UBFC_PHYS_s17_T3_ctrl,119,225,126.5,0.6997487545013428,-0.15622435101909107
UBFC_PHYS_s17_T3_ctrl,119,226,126.53333333333333,0.530252993106842,-0.18995096285006882
UBFC_PHYS_s17_T3_ctrl,119,227,126.56666666666666,0.36027732491493225,-0.21099231026030843
UBFC_PHYS_s17_T3_ctrl,119,228,126.6,0.19572126865386963,-0.21648076606130842
UBFC_PHYS_s17_T3_ctrl,119,229,126.63333333333334,0.035613320767879486,-0.20306808056957057
UBFC_PHYS_s17_T3_ctrl,119,230,126.66666666666667,-0.10272238403558731,-0.16672023346896145
UBFC_PHYS_s17_T3_ctrl,119,231,126.7,-0.1237688884139061,-0.10445002024288938
UBFC_PHYS_s17_T3_ctrl,119,232,126.73333333333333,0.09489001333713531,-0.017593445209975085
UBFC_PHYS_s17_T3_ctrl,119,233,126.76666666666667,0.4672539532184601,0.08483139021282465
UBFC_PHYS_s17_T3_ctrl,119,234,126.8,0.6982036232948303,0.18500576141112665
UBFC_PHYS_s17_T3_ctrl,119,235,126.83333333333333,0.6238385438919067,0.2594122102843702
UBFC_PHYS_s17_T3_ctrl,119,236,126.86666666666666,0.27461639046669006,0.2861003952473411
UBFC_PHYS_s17_T3_ctrl,119,237,126.9,-0.25668492913246155,0.2534337239100737
UBFC_PHYS_s17_T3_ctrl,119,238,126.93333333333334,-0.8087401390075684,0.16616413566243043
UBFC_PHYS_s17_T3_ctrl,119,239,126.96666666666667,-1.1530576944351196,0.0455309404833647
UBFC_PHYS_s17_T3_ctrl,120,0,120.0,0.14069366455078125,0.025389869295116194
UBFC_PHYS_s17_T3_ctrl,120,1,120.03333333333333,0.11912041902542114,0.03871432184646782
UBFC_PHYS_s17_T3_ctrl,120,2,120.06666666666666,0.08347714692354202,0.04082139155650028
UBFC_PHYS_s17_T3_ctrl,120,3,120.1,0.05311305448412895,0.025292735808182615
UBFC_PHYS_s17_T3_ctrl,120,4,120.13333333333334,0.03679557517170906,-0.005549626453776862
UBFC_PHYS_s17_T3_ctrl,120,5,120.16666666666667,0.01286951545625925,-0.041772201662740836
UBFC_PHYS_s17_T3_ctrl,120,6,120.2,-0.03769828379154205,-0.07043149751148473
UBFC_PHYS_s17_T3_ctrl,120,7,120.23333333333333,-0.08730623126029968,-0.08140154316645713
UBFC_PHYS_s17_T3_ctrl,120,8,120.26666666666667,-0.1092657595872879,-0.07160801163578842
UBFC_PHYS_s17_T3_ctrl,120,9,120.3,-0.14185389876365662,-0.04575901646870422
UBFC_PHYS_s17_T3_ctrl,120,10,120.33333333333333,-0.2219429910182953,-0.013754091327838117
UBFC_PHYS_s17_T3_ctrl,120,11,120.36666666666666,-0.29993680119514465,0.013363772375006355
UBFC_PHYS_s17_T3_ctrl,120,12,120.4,-0.2843567728996277,0.02699047898739652
UBFC_PHYS_s17_T3_ctrl,120,13,120.43333333333334,-0.14165490865707397,0.023061173265285402
UBFC_PHYS_s17_T3_ctrl,120,14,120.46666666666667,0.07467459887266159,0.00237355047998346
UBFC_PHYS_s17_T3_ctrl,120,15,120.5,0.2702736556529999,-0.030717177135361245
UBFC_PHYS_s17_T3_ctrl,120,16,120.53333333333333,0.3793221712112427,-0.07059576757269351
UBFC_PHYS_s17_T3_ctrl,120,17,120.56666666666666,0.4154922068119049,-0.1126095288124985
UBFC_PHYS_s17_T3_ctrl,120,18,120.6,0.4238031208515167,-0.15409057149950822
UBFC_PHYS_s17_T3_ctrl,120,19,120.63333333333334,0.4270104169845581,-0.19357760468192867
UBFC_PHYS_s17_T3_ctrl,120,20,120.66666666666667,0.428824782371521,-0.22861973330988536
UBFC_PHYS_s17_T3_ctrl,120,21,120.7,0.43353039026260376,-0.2534072402285817
UBFC_PHYS_s17_T3_ctrl,120,22,120.73333333333333,0.43453705310821533,-0.25769082440905905
UBFC_PHYS_s17_T3_ctrl,120,23,120.76666666666667,0.4154922068119049,-0.2280361394708539
UBFC_PHYS_s17_T3_ctrl,120,24,120.8,0.3796265125274658,-0.15167551354334052
UBFC_PHYS_s17_T3_ctrl,120,25,120.83333333333333,0.34314045310020447,-0.022216065345216033
UBFC_PHYS_s17_T3_ctrl,120,26,120.86666666666666,0.3072279393672943,0.1545429759032123
UBFC_PHYS_s17_T3_ctrl,120,27,120.9,0.262758731842041,0.35700605035212263
UBFC_PHYS_s17_T3_ctrl,120,28,120.93333333333334,0.2095571756362915,0.5484801247889547
UBFC_PHYS_s17_T3_ctrl,120,29,120.96666666666667,0.15750278532505035,0.6832115800366634
UBFC_PHYS_s17_T3_ctrl,120,30,121.0,0.11400511115789413,0.7171213901735185
UBFC_PHYS_s17_T3_ctrl,120,31,121.03333333333333,0.07762438803911209,0.6205615537476182
UBFC_PHYS_s17_T3_ctrl,120,32,121.06666666666666,0.054424069821834564,0.388755118457557
UBFC_PHYS_s17_T3_ctrl,120,33,121.1,0.083840012550354,0.045724876137746055
UBFC_PHYS_s17_T3_ctrl,120,34,121.13333333333334,0.219975084066391,-0.35993188737598614
UBFC_PHYS_s17_T3_ctrl,120,35,121.16666666666667,0.4674529433250427,-0.7655982370598624
UBFC_PHYS_s17_T3_ctrl,120,36,121.2,0.7571291923522949,-1.1074580055432
UBFC_PHYS_s17_T3_ctrl,120,37,121.23333333333333,1.013561725616455,-1.331599512359621
UBFC_PHYS_s17_T3_ctrl,120,38,121.26666666666667,1.223020076751709,-1.4014395337842138
UBFC_PHYS_s17_T3_ctrl,120,39,121.3,1.4132814407348633,-1.3016929048961525
UBFC_PHYS_s17_T3_ctrl,120,40,121.33333333333333,1.6110225915908813,-1.0398993938319223
UBFC_PHYS_s17_T3_ctrl,120,41,121.36666666666666,1.840450644493103,-0.6459763558552943
UBFC_PHYS_s17_T3_ctrl,120,42,121.4,2.1065869331359863,-0.16939922149915962
UBFC_PHYS_s17_T3_ctrl,120,43,121.43333333333334,2.3859975337982178,0.32670472815554885
UBFC_PHYS_s17_T3_ctrl,120,44,121.46666666666667,2.6919913291931152,0.7746534962807353
UBFC_PHYS_s17_T3_ctrl,120,45,121.5,3.0873212814331055,1.1133427025234435
UBFC_PHYS_s17_T3_ctrl,120,46,121.53333333333333,3.448272466659546,1.2990935329022881
UBFC_PHYS_s17_T3_ctrl,120,47,121.56666666666666,3.333148717880249,1.313673099247125
UBFC_PHYS_s17_T3_ctrl,120,48,121.6,2.4375252723693848,1.1678320421530144
UBFC_PHYS_s17_T3_ctrl,120,49,121.63333333333334,0.9628534913063049,0.8996772389867971
UBFC_PHYS_s17_T3_ctrl,120,50,121.66666666666667,-0.6297628879547119,0.5675928202304158
UBFC_PHYS_s17_T3_ctrl,120,51,121.7,-1.9023858308792114,0.23829260271039499
UBFC_PHYS_s17_T3_ctrl,120,52,121.73333333333333,-2.5481319427490234,-0.02740672867436409
UBFC_PHYS_s17_T3_ctrl,120,53,121.76666666666667,-2.622239589691162,-0.1870362760923806
UBFC_PHYS_s17_T3_ctrl,120,54,121.8,-2.466848850250244,-0.22382361890201394
UBFC_PHYS_s17_T3_ctrl,120,55,121.83333333333333,-2.207080125808716,-0.14775515232782035
UBFC_PHYS_s17_T3_ctrl,120,56,121.86666666666666,-1.8095377683639526,0.008950381282196107
UBFC_PHYS_s17_T3_ctrl,120,57,121.9,-1.37753427028656,0.2003368295358966
UBFC_PHYS_s17_T3_ctrl,120,58,121.93333333333334,-1.0243088006973267,0.37738002621897554
UBFC_PHYS_s17_T3_ctrl,120,59,121.96666666666667,-0.7596004009246826,0.4989363433914866
UBFC_PHYS_s17_T3_ctrl,120,60,122.0,-0.601142942905426,0.5406749372020266
UBFC_PHYS_s17_T3_ctrl,120,61,122.03333333333333,-0.5494046211242676,0.49952619499918416
UBFC_PHYS_s17_T3_ctrl,120,62,122.06666666666666,-0.5172027349472046,0.3919780954283424
UBFC_PHYS_s17_T3_ctrl,120,63,122.1,-0.4513007402420044,0.24644868058200048
UBFC_PHYS_s17_T3_ctrl,120,64,122.13333333333334,-0.36697423458099365,0.09233552253477124
UBFC_PHYS_s17_T3_ctrl,120,65,122.16666666666667,-0.28310427069664,-0.050031963533932425
UBFC_PHYS_s17_T3_ctrl,120,66,122.2,-0.21939119696617126,-0.17449854608792714
UBFC_PHYS_s17_T3_ctrl,120,67,122.23333333333333,-0.20492318272590637,-0.28734486803514636
UBFC_PHYS_s17_T3_ctrl,120,68,122.26666666666667,-0.2426617443561554,-0.3999839074388308
UBFC_PHYS_s17_T3_ctrl,120,69,122.3,-0.30293339490890503,-0.519872477708358
UBFC_PHYS_s17_T3_ctrl,120,70,122.33333333333333,-0.3608873784542084,-0.6438920821021232
UBFC_PHYS_s17_T3_ctrl,120,71,122.36666666666666,-0.40983980894088745,-0.757010477496295
UBFC_PHYS_s17_T3_ctrl,120,72,122.4,-0.4548474848270416,-0.8366738408326422
UBFC_PHYS_s17_T3_ctrl,120,73,122.43333333333334,-0.5059420466423035,-0.8611644758052596
UBFC_PHYS_s17_T3_ctrl,120,74,122.46666666666667,-0.5596234798431396,-0.8188324266872632
UBFC_PHYS_s17_T3_ctrl,120,75,122.5,-0.5669043064117432,-0.7148584657044564
UBFC_PHYS_s17_T3_ctrl,120,76,122.53333333333333,-0.458628386259079,-0.5728782772198436
UBFC_PHYS_s17_T3_ctrl,120,77,122.56666666666666,-0.2643754482269287,-0.4301703998480059
UBFC_PHYS_s17_T3_ctrl,120,78,122.6,-0.10206687450408936,-0.3269609886143486
UBFC_PHYS_s17_T3_ctrl,120,79,122.63333333333334,-0.057328421622514725,-0.2924904304635534
UBFC_PHYS_s17_T3_ctrl,120,80,122.66666666666667,-0.1470862627029419,-0.332310815674825
UBFC_PHYS_s17_T3_ctrl,120,81,122.7,-0.3603489398956299,-0.42192096112422317
UBFC_PHYS_s17_T3_ctrl,120,82,122.73333333333333,-0.6166059374809265,-0.5105048843361436
UBFC_PHYS_s17_T3_ctrl,120,83,122.76666666666667,-0.7752975225448608,-0.5351666651099322
UBFC_PHYS_s17_T3_ctrl,120,84,122.8,-0.8172149062156677,-0.4416973405905134
UBFC_PHYS_s17_T3_ctrl,120,85,122.83333333333333,-0.8781538009643555,-0.20472256014623463
UBFC_PHYS_s17_T3_ctrl,120,86,122.86666666666666,-1.0136919021606445,0.16016647352581317
UBFC_PHYS_s17_T3_ctrl,120,87,122.9,-1.1168291568756104,0.5970445590585625
UBFC_PHYS_s17_T3_ctrl,120,88,122.93333333333334,-1.1091619729995728,1.0234425212960174
UBFC_PHYS_s17_T3_ctrl,120,89,122.96666666666667,-1.0372785329818726,1.353065868642313
UBFC_PHYS_s17_T3_ctrl,120,90,123.0,-0.9340476393699646,1.519846875036894
UBFC_PHYS_s17_T3_ctrl,120,91,123.03333333333333,-0.7467711567878723,1.4951418548858575
UBFC_PHYS_s17_T3_ctrl,120,92,123.06666666666666,-0.45127731561660767,1.2926207563410688
UBFC_PHYS_s17_T3_ctrl,120,93,123.1,-0.09922243654727936,0.9603116597918775
UBFC_PHYS_s17_T3_ctrl,120,94,123.13333333333334,0.22737295925617218,0.5641554004420338
UBFC_PHYS_s17_T3_ctrl,120,95,123.16666666666667,0.44726094603538513,0.16999392985190834
UBFC_PHYS_s17_T3_ctrl,120,96,123.2,0.52897709608078,-0.16991023571768776
UBFC_PHYS_s17_T3_ctrl,120,97,123.23333333333333,0.5743359327316284,-0.4228502630319555
UBFC_PHYS_s17_T3_ctrl,120,98,123.26666666666667,0.743503987789154,-0.5746195811841796
UBFC_PHYS_s17_T3_ctrl,120,99,123.3,1.0112323760986328,-0.6242963115602703
UBFC_PHYS_s17_T3_ctrl,120,100,123.33333333333333,1.1739389896392822,-0.5785100899919411
UBFC_PHYS_s17_T3_ctrl,120,101,123.36666666666666,1.1123563051223755,-0.4480539361301453
UBFC_PHYS_s17_T3_ctrl,120,102,123.4,0.8675004243850708,-0.24790835370863576
UBFC_PHYS_s17_T3_ctrl,120,103,123.43333333333334,0.5397461652755737,0.00033954103890969367
UBFC_PHYS_s17_T3_ctrl,120,104,123.46666666666667,0.2383527308702469,0.26627339058897875
UBFC_PHYS_s17_T3_ctrl,120,105,123.5,0.05395585298538208,0.5115282499539029
UBFC_PHYS_s17_T3_ctrl,120,106,123.53333333333333,-0.0023476460482925177,0.6953817511011318
UBFC_PHYS_s17_T3_ctrl,120,107,123.56666666666666,-0.017108293250203133,0.7840614122792424
UBFC_PHYS_s17_T3_ctrl,120,108,123.6,-0.06038355827331543,0.7601056326185331
UBFC_PHYS_s17_T3_ctrl,120,109,123.63333333333334,-0.12117026746273041,0.6274445519269003
UBFC_PHYS_s17_T3_ctrl,120,110,123.66666666666667,-0.1604890674352646,0.41008250331030593
UBFC_PHYS_s17_T3_ctrl,120,111,123.7,-0.1794285774230957,0.14548058330579278
UBFC_PHYS_s17_T3_ctrl,120,112,123.73333333333333,-0.1982627511024475,-0.12444735348532934
UBFC_PHYS_s17_T3_ctrl,120,113,123.76666666666667,-0.2144748717546463,-0.3619006800753177
UBFC_PHYS_s17_T3_ctrl,120,114,123.8,-0.21099834144115448,-0.5396612496686451
UBFC_PHYS_s17_T3_ctrl,120,115,123.83333333333333,-0.18003727495670319,-0.6449634658916311
UBFC_PHYS_s17_T3_ctrl,120,116,123.86666666666666,-0.12751464545726776,-0.680729013453012
UBFC_PHYS_s17_T3_ctrl,120,117,123.9,-0.07948695123195648,-0.6640752416970797
UBFC_PHYS_s17_T3_ctrl,120,118,123.93333333333334,-0.052107762545347214,-0.6219985295359711
UBFC_PHYS_s17_T3_ctrl,120,119,123.96666666666667,-0.006386046763509512,-0.5845321388137296
UBFC_PHYS_s17_T3_ctrl,120,120,124.0,0.10680622607469559,-0.5764989753470161
UBFC_PHYS_s17_T3_ctrl,120,121,124.03333333333333,0.2735980153083801,-0.6099057936917257
UBFC_PHYS_s17_T3_ctrl,120,122,124.06666666666666,0.43000704050064087,-0.6794861104843672
UBFC_PHYS_s17_T3_ctrl,120,123,124.1,0.495440810918808,-0.7632823797230391
UBFC_PHYS_s17_T3_ctrl,120,124,124.13333333333334,0.4007432460784912,-0.8284207134794148
UBFC_PHYS_s17_T3_ctrl,120,125,124.16666666666667,0.19155411422252655,-0.840332054111407
UBFC_PHYS_s17_T3_ctrl,120,126,124.2,0.019050024449825287,-0.772622852705156
UBFC_PHYS_s17_T3_ctrl,120,127,124.23333333333333,-0.03829526528716087,-0.6146988985053502
UBFC_PHYS_s17_T3_ctrl,120,128,124.26666666666667,-0.040402255952358246,-0.37483568071256157
UBFC_PHYS_s17_T3_ctrl,120,129,124.3,-0.053535837680101395,-0.07766376727425084
UBFC_PHYS_s17_T3_ctrl,120,130,124.33333333333333,-0.06959579139947891,0.24307329607615807
UBFC_PHYS_s17_T3_ctrl,120,131,124.36666666666666,-0.07867927104234695,0.5536402081045897
UBFC_PHYS_s17_T3_ctrl,120,132,124.4,-0.10456015169620514,0.82735397367484
UBFC_PHYS_s17_T3_ctrl,120,133,124.43333333333334,-0.1582064926624298,1.0466150442151059
UBFC_PHYS_s17_T3_ctrl,120,134,124.46666666666667,-0.20667900145053864,1.2001755072766345
UBFC_PHYS_s17_T3_ctrl,120,135,124.5,-0.2146855741739273,1.2790061278535712
UBFC_PHYS_s17_T3_ctrl,120,136,124.53333333333333,-0.20642147958278656,1.2747504911965102
UBFC_PHYS_s17_T3_ctrl,120,137,124.56666666666666,-0.2546364665031433,1.1825141323170396
UBFC_PHYS_s17_T3_ctrl,120,138,124.6,-0.38233187794685364,1.0061844427006914
UBFC_PHYS_s17_T3_ctrl,120,139,124.63333333333334,-0.5085289478302002,0.7622974845335853
UBFC_PHYS_s17_T3_ctrl,120,140,124.66666666666667,-0.5066794753074646,0.47933117678913223
UBFC_PHYS_s17_T3_ctrl,120,141,124.7,-0.33587270975112915,0.19211250187232093
UBFC_PHYS_s17_T3_ctrl,120,142,124.73333333333333,-0.09518403559923172,-0.06641621584062062
UBFC_PHYS_s17_T3_ctrl,120,143,124.76666666666667,0.0767698884010315,-0.27277449998665926
UBFC_PHYS_s17_T3_ctrl,120,144,124.8,0.12310028821229935,-0.4171696605453131
UBFC_PHYS_s17_T3_ctrl,120,145,124.83333333333333,0.07098736613988876,-0.5032370516317306
UBFC_PHYS_s17_T3_ctrl,120,146,124.86666666666666,-0.008106756024062634,-0.543778082534744
UBFC_PHYS_s17_T3_ctrl,120,147,124.9,-0.03236057236790657,-0.5541931771282296
UBFC_PHYS_s17_T3_ctrl,120,148,124.93333333333334,0.007801030296832323,-0.5459723999523303
UBFC_PHYS_s17_T3_ctrl,120,149,124.96666666666667,0.05125187709927559,-0.5226517992256144
UBFC_PHYS_s17_T3_ctrl,120,150,125.0,0.07678159326314926,-0.479962028589466
UBFC_PHYS_s17_T3_ctrl,120,151,125.03333333333333,0.12548822164535522,-0.41033307144656517
UBFC_PHYS_s17_T3_ctrl,120,152,125.06666666666666,0.18854579329490662,-0.309785461233469
UBFC_PHYS_s17_T3_ctrl,120,153,125.1,0.19407078623771667,-0.1836752720827746
UBFC_PHYS_s17_T3_ctrl,120,154,125.13333333333334,0.10938143730163574,-0.04793007263695771
UBFC_PHYS_s17_T3_ctrl,120,155,125.16666666666667,-0.03401104733347893,0.07538768420605287
UBFC_PHYS_s17_T3_ctrl,120,156,125.2,-0.21563372015953064,0.1660907538064725
UBFC_PHYS_s17_T3_ctrl,120,157,125.23333333333333,-0.47502779960632324,0.21320534493379062
UBFC_PHYS_s17_T3_ctrl,120,158,125.26666666666667,-0.8558313846588135,0.2179439125145859
UBFC_PHYS_s17_T3_ctrl,120,159,125.3,-1.2885841131210327,0.19123255108898207
UBFC_PHYS_s17_T3_ctrl,120,160,125.33333333333333,-1.5911363363265991,0.14758321116572012
UBFC_PHYS_s17_T3_ctrl,120,161,125.36666666666666,-1.6369868516921997,0.09869127556343783
UBFC_PHYS_s17_T3_ctrl,120,162,125.4,-1.4809173345565796,0.04979957217100957
UBFC_PHYS_s17_T3_ctrl,120,163,125.43333333333334,-1.2779672145843506,0.0001246132628142803
UBFC_PHYS_s17_T3_ctrl,120,164,125.46666666666667,-1.1337201595306396,-0.05341875392902276
UBFC_PHYS_s17_T3_ctrl,120,165,125.5,-1.0787277221679688,-0.11142103657373649
UBFC_PHYS_s17_T3_ctrl,120,166,125.53333333333333,-1.1123692989349365,-0.16867652553130416
UBFC_PHYS_s17_T3_ctrl,120,167,125.56666666666666,-1.201167345046997,-0.21408182697596315
UBFC_PHYS_s17_T3_ctrl,120,168,125.6,-1.3068095445632935,-0.23381018917745583
UBFC_PHYS_s17_T3_ctrl,120,169,125.63333333333334,-1.4225536584854126,-0.2163061190788711
UBFC_PHYS_s17_T3_ctrl,120,170,125.66666666666667,-1.5656183958053589,-0.1569678788070815
UBFC_PHYS_s17_T3_ctrl,120,171,125.7,-1.7264169454574585,-0.06071003699124072
UBFC_PHYS_s17_T3_ctrl,120,172,125.73333333333333,-1.8068220615386963,0.05839337204684846
UBFC_PHYS_s17_T3_ctrl,120,173,125.76666666666667,-1.6474164724349976,0.1799982060339524
UBFC_PHYS_s17_T3_ctrl,120,174,125.8,-1.2423005104064941,0.2816749543911591
UBFC_PHYS_s17_T3_ctrl,120,175,125.83333333333333,-0.8017753958702087,0.34299767651842994
UBFC_PHYS_s17_T3_ctrl,120,176,125.86666666666666,-0.4881145656108856,0.3486917786198548
UBFC_PHYS_s17_T3_ctrl,120,177,125.9,-0.31230953335762024,0.2907966363391374
UBFC_PHYS_s17_T3_ctrl,120,178,125.93333333333334,-0.2820507884025574,0.17028528473275154
UBFC_PHYS_s17_T3_ctrl,120,179,125.96666666666667,-0.40355396270751953,-0.001585322456381191
UBFC_PHYS_s17_T3_ctrl,120,180,126.0,-0.5618124604225159,-0.20261952877583359
UBFC_PHYS_s17_T3_ctrl,120,181,126.03333333333333,-0.5795345902442932,-0.40073666240386774
UBFC_PHYS_s17_T3_ctrl,120,182,126.06666666666666,-0.39363938570022583,-0.5576766207793167
UBFC_PHYS_s17_T3_ctrl,120,183,126.1,-0.07625623047351837,-0.6357099282653889
UBFC_PHYS_s17_T3_ctrl,120,184,126.13333333333334,0.23598821461200714,-0.6068251222072867
UBFC_PHYS_s17_T3_ctrl,120,185,126.16666666666667,0.4438663423061371,-0.46245052537797415
UBFC_PHYS_s17_T3_ctrl,120,186,126.2,0.5291175842285156,-0.22009517697253309
UBFC_PHYS_s17_T3_ctrl,120,187,126.23333333333333,0.5275724530220032,0.07705081391044594
UBFC_PHYS_s17_T3_ctrl,120,188,126.26666666666667,0.5051798224449158,0.3693368815015357
UBFC_PHYS_s17_T3_ctrl,120,189,126.3,0.5160893201828003,0.5966044620411405
UBFC_PHYS_s17_T3_ctrl,120,190,126.33333333333333,0.5479868650436401,0.7153062948079913
UBFC_PHYS_s17_T3_ctrl,120,191,126.36666666666666,0.5868140459060669,0.7102179616732005
UBFC_PHYS_s17_T3_ctrl,120,192,126.4,0.6669499278068542,0.5964390323799644
UBFC_PHYS_s17_T3_ctrl,120,193,126.43333333333334,0.7747927904129028,0.4116309237350179
UBFC_PHYS_s17_T3_ctrl,120,194,126.46666666666667,0.8035181164741516,0.20239570048184455
UBFC_PHYS_s17_T3_ctrl,120,195,126.5,0.6997487545013428,0.010567210106659935
UBFC_PHYS_s17_T3_ctrl,120,196,126.53333333333333,0.530252993106842,-0.13569647278338715
UBFC_PHYS_s17_T3_ctrl,120,197,126.56666666666666,0.36027732491493225,-0.22398911262390625
UBFC_PHYS_s17_T3_ctrl,120,198,126.6,0.19572126865386963,-0.2541442710732192
UBFC_PHYS_s17_T3_ctrl,120,199,126.63333333333334,0.035613320767879486,-0.23255120727925277
UBFC_PHYS_s17_T3_ctrl,120,200,126.66666666666667,-0.10272238403558731,-0.1679309216063787
UBFC_PHYS_s17_T3_ctrl,120,201,126.7,-0.1237688884139061,-0.07065007583068966
UBFC_PHYS_s17_T3_ctrl,120,202,126.73333333333333,0.09489001333713531,0.044800720876801904
UBFC_PHYS_s17_T3_ctrl,120,203,126.76666666666667,0.4672539532184601,0.15684368904709906
UBFC_PHYS_s17_T3_ctrl,120,204,126.8,0.6982036232948303,0.23707240354546394
UBFC_PHYS_s17_T3_ctrl,120,205,126.83333333333333,0.6238385438919067,0.2561041546767236
UBFC_PHYS_s17_T3_ctrl,120,206,126.86666666666666,0.27461639046669006,0.19388219132864523
UBFC_PHYS_s17_T3_ctrl,120,207,126.9,-0.25668492913246155,0.04983280813772836
UBFC_PHYS_s17_T3_ctrl,120,208,126.93333333333334,-0.8087401390075684,-0.15263697775075624
UBFC_PHYS_s17_T3_ctrl,120,209,126.96666666666667,-1.1530576944351196,-0.3704912436934204
UBFC_PHYS_s17_T3_ctrl,120,210,127.0,-1.1607247591018677,-0.5531238469925647
UBFC_PHYS_s17_T3_ctrl,120,211,127.03333333333333,-0.9060012102127075,-0.6573402535055894
UBFC_PHYS_s17_T3_ctrl,120,212,127.06666666666666,-0.5786215662956238,-0.6596131540570729
UBFC_PHYS_s17_T3_ctrl,120,213,127.1,-0.34682905673980713,-0.5615074606099908
UBFC_PHYS_s17_T3_ctrl,120,214,127.13333333333334,-0.3491116464138031,-0.3867504553744992
UBFC_PHYS_s17_T3_ctrl,120,215,127.16666666666667,-0.5837017297744751,-0.17135026284616037
UBFC_PHYS_s17_T3_ctrl,120,216,127.2,-0.852998673915863,0.04913713788150813
UBFC_PHYS_s17_T3_ctrl,120,217,127.23333333333333,-0.9854114055633545,0.2497718262267615
UBFC_PHYS_s17_T3_ctrl,120,218,127.26666666666667,-1.0649268627166748,0.41946354450190676
UBFC_PHYS_s17_T3_ctrl,120,219,127.3,-1.283983826637268,0.5564145178744672
UBFC_PHYS_s17_T3_ctrl,120,220,127.33333333333333,-1.5553760528564453,0.6593958221804895
UBFC_PHYS_s17_T3_ctrl,120,221,127.36666666666666,-1.5005942583084106,0.7209283494287172
UBFC_PHYS_s17_T3_ctrl,120,222,127.4,-0.9049360156059265,0.7268701640094303
UBFC_PHYS_s17_T3_ctrl,120,223,127.43333333333334,-0.04677005112171173,0.6626742955970125
UBFC_PHYS_s17_T3_ctrl,120,224,127.46666666666667,0.5887571573257446,0.5225985725159502
UBFC_PHYS_s17_T3_ctrl,120,225,127.5,0.7763028144836426,0.3166324612458193
UBFC_PHYS_s17_T3_ctrl,120,226,127.53333333333333,0.6213335394859314,0.071445985441447
UBFC_PHYS_s17_T3_ctrl,120,227,127.56666666666666,0.3912852108478546,-0.17508495188991535
UBFC_PHYS_s17_T3_ctrl,120,228,127.6,0.3031427264213562,-0.38330655801509267
UBFC_PHYS_s17_T3_ctrl,120,229,127.63333333333334,0.41715437173843384,-0.5214336606429218
UBFC_PHYS_s17_T3_ctrl,120,230,127.66666666666667,0.6381192803382874,-0.5723295539639371
UBFC_PHYS_s17_T3_ctrl,120,231,127.7,0.8352283239364624,-0.5361506876312856
UBFC_PHYS_s17_T3_ctrl,120,232,127.73333333333333,0.910646915435791,-0.42934525896713693
UBFC_PHYS_s17_T3_ctrl,120,233,127.76666666666667,0.8373353481292725,-0.28113635175676777
UBFC_PHYS_s17_T3_ctrl,120,234,127.8,0.7088088393211365,-0.12805252481702975
UBFC_PHYS_s17_T3_ctrl,120,235,127.83333333333333,0.6106698513031006,-0.006561545069989906
UBFC_PHYS_s17_T3_ctrl,120,236,127.86666666666666,0.48304468393325806,0.05547415168023917
UBFC_PHYS_s17_T3_ctrl,120,237,127.9,0.2296087145805359,0.04646065758908807
UBFC_PHYS_s17_T3_ctrl,120,238,127.93333333333334,-0.12341772019863129,-0.024960225431430477
UBFC_PHYS_s17_T3_ctrl,120,239,127.96666666666667,-0.4267308712005615,-0.13176145698922342
UBFC_PHYS_s17_T3_ctrl,121,0,121.0,0.11400511115789413,-0.029038417025478113
UBFC_PHYS_s17_T3_ctrl,121,1,121.03333333333333,0.07762438803911209,-0.23595168159307997
UBFC_PHYS_s17_T3_ctrl,121,2,121.06666666666666,0.054424069821834564,-0.4818023955769608
UBFC_PHYS_s17_T3_ctrl,121,3,121.1,0.083840012550354,-0.7889149441998501
UBFC_PHYS_s17_T3_ctrl,121,4,121.13333333333334,0.219975084066391,-1.1519882174819174
UBFC_PHYS_s17_T3_ctrl,121,5,121.16666666666667,0.4674529433250427,-1.536772101720334
UBFC_PHYS_s17_T3_ctrl,121,6,121.2,0.7571291923522949,-1.8878021440943105
UBFC_PHYS_s17_T3_ctrl,121,7,121.23333333333333,1.013561725616455,-2.1417620860646855
UBFC_PHYS_s17_T3_ctrl,121,8,121.26666666666667,1.223020076751709,-2.2420816844431433
UBFC_PHYS_s17_T3_ctrl,121,9,121.3,1.4132814407348633,-2.1512577866509957
UBFC_PHYS_s17_T3_ctrl,121,10,121.33333333333333,1.6110225915908813,-1.8591034747407087
UBFC_PHYS_s17_T3_ctrl,121,11,121.36666666666666,1.840450644493103,-1.3864814420468006
UBFC_PHYS_s17_T3_ctrl,121,12,121.4,2.1065869331359863,-0.784410371747788
UBFC_PHYS_s17_T3_ctrl,121,13,121.43333333333334,2.3859975337982178,-0.12812147824623935
UBFC_PHYS_s17_T3_ctrl,121,14,121.46666666666667,2.6919913291931152,0.4943041494781998
UBFC_PHYS_s17_T3_ctrl,121,15,121.5,3.0873212814331055,0.9976890740435329
UBFC_PHYS_s17_T3_ctrl,121,16,121.53333333333333,3.448272466659546,1.3164573223149094
UBFC_PHYS_s17_T3_ctrl,121,17,121.56666666666666,3.333148717880249,1.4177372879394596
UBFC_PHYS_s17_T3_ctrl,121,18,121.6,2.4375252723693848,1.3079391393251028
UBFC_PHYS_s17_T3_ctrl,121,19,121.63333333333334,0.9628534913063049,1.0319559263554117
UBFC_PHYS_s17_T3_ctrl,121,20,121.66666666666667,-0.6297628879547119,0.6646634483636991
UBFC_PHYS_s17_T3_ctrl,121,21,121.7,-1.9023858308792114,0.29518275125666493
UBFC_PHYS_s17_T3_ctrl,121,22,121.73333333333333,-2.5481319427490234,0.007118295947887003
UBFC_PHYS_s17_T3_ctrl,121,23,121.76666666666667,-2.622239589691162,-0.13965355626964693
UBFC_PHYS_s17_T3_ctrl,121,24,121.8,-2.466848850250244,-0.12073447990894293
UBFC_PHYS_s17_T3_ctrl,121,25,121.83333333333333,-2.207080125808716,0.04977140227948469
UBFC_PHYS_s17_T3_ctrl,121,26,121.86666666666666,-1.8095377683639526,0.32482368719352633
UBFC_PHYS_s17_T3_ctrl,121,27,121.9,-1.37753427028656,0.6368527798427982
UBFC_PHYS_s17_T3_ctrl,121,28,121.93333333333334,-1.0243088006973267,0.9140862609720617
UBFC_PHYS_s17_T3_ctrl,121,29,121.96666666666667,-0.7596004009246826,1.0971291886770356
UBFC_PHYS_s17_T3_ctrl,121,30,122.0,-0.601142942905426,1.1519903800858746
UBFC_PHYS_s17_T3_ctrl,121,31,122.03333333333333,-0.5494046211242676,1.0762661835066178
UBFC_PHYS_s17_T3_ctrl,121,32,122.06666666666666,-0.5172027349472046,0.8965163405299129
UBFC_PHYS_s17_T3_ctrl,121,33,122.1,-0.4513007402420044,0.6572758689742074
UBFC_PHYS_s17_T3_ctrl,121,34,122.13333333333334,-0.36697423458099365,0.40527074907526317
UBFC_PHYS_s17_T3_ctrl,121,35,122.16666666666667,-0.28310427069664,0.17464656784576715
UBFC_PHYS_s17_T3_ctrl,121,36,122.2,-0.21939119696617126,-0.021171787756063237
UBFC_PHYS_s17_T3_ctrl,121,37,122.23333333333333,-0.20492318272590637,-0.18814180741811745
UBFC_PHYS_s17_T3_ctrl,121,38,122.26666666666667,-0.2426617443561554,-0.3421221570029215
UBFC_PHYS_s17_T3_ctrl,121,39,122.3,-0.30293339490890503,-0.4961924911131478
UBFC_PHYS_s17_T3_ctrl,121,40,122.33333333333333,-0.3608873784542084,-0.6509673631893866
UBFC_PHYS_s17_T3_ctrl,121,41,122.36666666666666,-0.40983980894088745,-0.7923900827714465
UBFC_PHYS_s17_T3_ctrl,121,42,122.4,-0.4548474848270416,-0.8976797232929188
UBFC_PHYS_s17_T3_ctrl,121,43,122.43333333333334,-0.5059420466423035,-0.9463136128533273
UBFC_PHYS_s17_T3_ctrl,121,44,122.46666666666667,-0.5596234798431396,-0.931058003734558
UBFC_PHYS_s17_T3_ctrl,121,45,122.5,-0.5669043064117432,-0.8644007621484027
UBFC_PHYS_s17_T3_ctrl,121,46,122.53333333333333,-0.458628386259079,-0.7775582752803182
UBFC_PHYS_s17_T3_ctrl,121,47,122.56666666666666,-0.2643754482269287,-0.7116458486313018
UBFC_PHYS_s17_T3_ctrl,121,48,122.6,-0.10206687450408936,-0.7030120358662754
UBFC_PHYS_s17_T3_ctrl,121,49,122.63333333333334,-0.057328421622514725,-0.7670111125745247
UBFC_PHYS_s17_T3_ctrl,121,50,122.66666666666667,-0.1470862627029419,-0.8862041262074015
UBFC_PHYS_s17_T3_ctrl,121,51,122.7,-0.3603489398956299,-1.0088451620054841
UBFC_PHYS_s17_T3_ctrl,121,52,122.73333333333333,-0.6166059374809265,-1.0606003351148787
UBFC_PHYS_s17_T3_ctrl,121,53,122.76666666666667,-0.7752975225448608,-0.9674685565552511
UBFC_PHYS_s17_T3_ctrl,121,54,122.8,-0.8172149062156677,-0.6828152599300382
UBFC_PHYS_s17_T3_ctrl,121,55,122.83333333333333,-0.8781538009643555,-0.20876393594632447
UBFC_PHYS_s17_T3_ctrl,121,56,122.86666666666666,-1.0136919021606445,0.3965374711987839
UBFC_PHYS_s17_T3_ctrl,121,57,122.9,-1.1168291568756104,1.0296219993133557
UBFC_PHYS_s17_T3_ctrl,121,58,122.93333333333334,-1.1091619729995728,1.5680367803474327
UBFC_PHYS_s17_T3_ctrl,121,59,122.96666666666667,-1.0372785329818726,1.9041049909233405
UBFC_PHYS_s17_T3_ctrl,121,60,123.0,-0.9340476393699646,1.9745066791796602
UBFC_PHYS_s17_T3_ctrl,121,61,123.03333333333333,-0.7467711567878723,1.7753976175413537
UBFC_PHYS_s17_T3_ctrl,121,62,123.06666666666666,-0.45127731561660767,1.3590209031400586
UBFC_PHYS_s17_T3_ctrl,121,63,123.1,-0.09922243654727936,0.8152068899374941
UBFC_PHYS_s17_T3_ctrl,121,64,123.13333333333334,0.22737295925617218,0.24573721298437798
UBFC_PHYS_s17_T3_ctrl,121,65,123.16666666666667,0.44726094603538513,-0.2596124665475978
UBFC_PHYS_s17_T3_ctrl,121,66,123.2,0.52897709608078,-0.6385253849931698
UBFC_PHYS_s17_T3_ctrl,121,67,123.23333333333333,0.5743359327316284,-0.8602949753282992
UBFC_PHYS_s17_T3_ctrl,121,68,123.26666666666667,0.743503987789154,-0.9206894017795877
UBFC_PHYS_s17_T3_ctrl,121,69,123.3,1.0112323760986328,-0.8328278606533264
UBFC_PHYS_s17_T3_ctrl,121,70,123.33333333333333,1.1739389896392822,-0.6194701036482879
UBFC_PHYS_s17_T3_ctrl,121,71,123.36666666666666,1.1123563051223755,-0.3095809844221363
UBFC_PHYS_s17_T3_ctrl,121,72,123.4,0.8675004243850708,0.06132596232078743
UBFC_PHYS_s17_T3_ctrl,121,73,123.43333333333334,0.5397461652755737,0.4499168416726244
UBFC_PHYS_s17_T3_ctrl,121,74,123.46666666666667,0.2383527308702469,0.8060582704978352
UBFC_PHYS_s17_T3_ctrl,121,75,123.5,0.05395585298538208,1.0780867736546178
UBFC_PHYS_s17_T3_ctrl,121,76,123.53333333333333,-0.0023476460482925177,1.222224229356397
UBFC_PHYS_s17_T3_ctrl,121,77,123.56666666666666,-0.017108293250203133,1.2135929401413854
UBFC_PHYS_s17_T3_ctrl,121,78,123.6,-0.06038355827331543,1.054258073334481
UBFC_PHYS_s17_T3_ctrl,121,79,123.63333333333334,-0.12117026746273041,0.7739715159058074
UBFC_PHYS_s17_T3_ctrl,121,80,123.66666666666667,-0.1604890674352646,0.4225480269740146
UBFC_PHYS_s17_T3_ctrl,121,81,123.7,-0.1794285774230957,0.05686383217537748
UBFC_PHYS_s17_T3_ctrl,121,82,123.73333333333333,-0.1982627511024475,-0.27247030045485443
UBFC_PHYS_s17_T3_ctrl,121,83,123.76666666666667,-0.2144748717546463,-0.5304548227778563
UBFC_PHYS_s17_T3_ctrl,121,84,123.8,-0.21099834144115448,-0.701373448235074
UBFC_PHYS_s17_T3_ctrl,121,85,123.83333333333333,-0.18003727495670319,-0.7877487800138516
UBFC_PHYS_s17_T3_ctrl,121,86,123.86666666666666,-0.12751464545726776,-0.8067054943081287
UBFC_PHYS_s17_T3_ctrl,121,87,123.9,-0.07948695123195648,-0.7853718685356825
UBFC_PHYS_s17_T3_ctrl,121,88,123.93333333333334,-0.052107762545347214,-0.755685224332395
UBFC_PHYS_s17_T3_ctrl,121,89,123.96666666666667,-0.006386046763509512,-0.7482196692980572
UBFC_PHYS_s17_T3_ctrl,121,90,124.0,0.10680622607469559,-0.7851528651828478
UBFC_PHYS_s17_T3_ctrl,121,91,124.03333333333333,0.2735980153083801,-0.8736804401842981
UBFC_PHYS_s17_T3_ctrl,121,92,124.06666666666666,0.43000704050064087,-1.0019959769397184
UBFC_PHYS_s17_T3_ctrl,121,93,124.1,0.495440810918808,-1.1397456012465395
UBFC_PHYS_s17_T3_ctrl,121,94,124.13333333333334,0.4007432460784912,-1.2436361024268487
UBFC_PHYS_s17_T3_ctrl,121,95,124.16666666666667,0.19155411422252655,-1.2672267112625075
UBFC_PHYS_s17_T3_ctrl,121,96,124.2,0.019050024449825287,-1.1725933509332238
UBFC_PHYS_s17_T3_ctrl,121,97,124.23333333333333,-0.03829526528716087,-0.940868533734604
UBFC_PHYS_s17_T3_ctrl,121,98,124.26666666666667,-0.040402255952358246,-0.5787137963581738
UBFC_PHYS_s17_T3_ctrl,121,99,124.3,-0.053535837680101395,-0.11856721276606536
UBFC_PHYS_s17_T3_ctrl,121,100,124.33333333333333,-0.06959579139947891,0.3879650920122042
UBFC_PHYS_s17_T3_ctrl,121,101,124.36666666666666,-0.07867927104234695,0.8819045143066507
UBFC_PHYS_s17_T3_ctrl,121,102,124.4,-0.10456015169620514,1.3098000610842506
UBFC_PHYS_s17_T3_ctrl,121,103,124.43333333333334,-0.1582064926624298,1.6329080454260825
UBFC_PHYS_s17_T3_ctrl,121,104,124.46666666666667,-0.20667900145053864,1.829887384444971
UBFC_PHYS_s17_T3_ctrl,121,105,124.5,-0.2146855741739273,1.8939649061522446
UBFC_PHYS_s17_T3_ctrl,121,106,124.53333333333333,-0.20642147958278656,1.8284656384403546
UBFC_PHYS_s17_T3_ctrl,121,107,124.56666666666666,-0.2546364665031433,1.644527041322441
UBFC_PHYS_s17_T3_ctrl,121,108,124.6,-0.38233187794685364,1.3616262683246836
UBFC_PHYS_s17_T3_ctrl,121,109,124.63333333333334,-0.5085289478302002,1.0084268563779137
UBFC_PHYS_s17_T3_ctrl,121,110,124.66666666666667,-0.5066794753074646,0.6212959545154897
UBFC_PHYS_s17_T3_ctrl,121,111,124.7,-0.33587270975112915,0.23986059496351547
UBFC_PHYS_s17_T3_ctrl,121,112,124.73333333333333,-0.09518403559923172,-0.09914127198732456
UBFC_PHYS_s17_T3_ctrl,121,113,124.76666666666667,0.0767698884010315,-0.3677616250534976
UBFC_PHYS_s17_T3_ctrl,121,114,124.8,0.12310028821229935,-0.5509293152083465
UBFC_PHYS_s17_T3_ctrl,121,115,124.83333333333333,0.07098736613988876,-0.6479287870719874
UBFC_PHYS_s17_T3_ctrl,121,116,124.86666666666666,-0.008106756024062634,-0.671053202911537
UBFC_PHYS_s17_T3_ctrl,121,117,124.9,-0.03236057236790657,-0.6417480850256659
UBFC_PHYS_s17_T3_ctrl,121,118,124.93333333333334,0.007801030296832323,-0.5852642875724683
UBFC_PHYS_s17_T3_ctrl,121,119,124.96666666666667,0.05125187709927559,-0.525287952432519
UBFC_PHYS_s17_T3_ctrl,121,120,125.0,0.07678159326314926,-0.4797949724700237
UBFC_PHYS_s17_T3_ctrl,121,121,125.03333333333333,0.12548822164535522,-0.4587523002622141
UBFC_PHYS_s17_T3_ctrl,121,122,125.06666666666666,0.18854579329490662,-0.4636971671299239
UBFC_PHYS_s17_T3_ctrl,121,123,125.1,0.19407078623771667,-0.4887339712653432
UBFC_PHYS_s17_T3_ctrl,121,124,125.13333333333334,0.10938143730163574,-0.5221728825132249
UBFC_PHYS_s17_T3_ctrl,121,125,125.16666666666667,-0.03401104733347893,-0.5483474998593747
UBFC_PHYS_s17_T3_ctrl,121,126,125.2,-0.21563372015953064,-0.5500516725709883
UBFC_PHYS_s17_T3_ctrl,121,127,125.23333333333333,-0.47502779960632324,-0.512317655981397
UBFC_PHYS_s17_T3_ctrl,121,128,125.26666666666667,-0.8558313846588135,-0.4271535633480663
UBFC_PHYS_s17_T3_ctrl,121,129,125.3,-1.2885841131210327,-0.2974912556544572
UBFC_PHYS_s17_T3_ctrl,121,130,125.33333333333333,-1.5911363363265991,-0.13838522963071404
UBFC_PHYS_s17_T3_ctrl,121,131,125.36666666666666,-1.6369868516921997,0.025563618156086147
UBFC_PHYS_s17_T3_ctrl,121,132,125.4,-1.4809173345565796,0.16624603622420256
UBFC_PHYS_s17_T3_ctrl,121,133,125.43333333333334,-1.2779672145843506,0.2599853794830837
UBFC_PHYS_s17_T3_ctrl,121,134,125.46666666666667,-1.1337201595306396,0.29497913180418933
UBFC_PHYS_s17_T3_ctrl,121,135,125.5,-1.0787277221679688,0.27564961946849903
UBFC_PHYS_s17_T3_ctrl,121,136,125.53333333333333,-1.1123692989349365,0.22198598595367783
UBFC_PHYS_s17_T3_ctrl,121,137,125.56666666666666,-1.201167345046997,0.1636143950526477
UBFC_PHYS_s17_T3_ctrl,121,138,125.6,-1.3068095445632935,0.13052898780118585
UBFC_PHYS_s17_T3_ctrl,121,139,125.63333333333334,-1.4225536584854126,0.1438674617458739
UBFC_PHYS_s17_T3_ctrl,121,140,125.66666666666667,-1.5656183958053589,0.20986645560495962
UBFC_PHYS_s17_T3_ctrl,121,141,125.7,-1.7264169454574585,0.3186416395330819
UBFC_PHYS_s17_T3_ctrl,121,142,125.73333333333333,-1.8068220615386963,0.44768201898034443
UBFC_PHYS_s17_T3_ctrl,121,143,125.76666666666667,-1.6474164724349976,0.5683949457992218
UBFC_PHYS_s17_T3_ctrl,121,144,125.8,-1.2423005104064941,0.6530391104363313
UBFC_PHYS_s17_T3_ctrl,121,145,125.83333333333333,-0.8017753958702087,0.6796064477477538
UBFC_PHYS_s17_T3_ctrl,121,146,125.86666666666666,-0.4881145656108856,0.6338102720621682
UBFC_PHYS_s17_T3_ctrl,121,147,125.9,-0.31230953335762024,0.5092360386923416
UBFC_PHYS_s17_T3_ctrl,121,148,125.93333333333334,-0.2820507884025574,0.3075946340815911
UBFC_PHYS_s17_T3_ctrl,121,149,125.96666666666667,-0.40355396270751953,0.040386087624366865
UBFC_PHYS_s17_T3_ctrl,121,150,126.0,-0.5618124604225159,-0.2684389758975911
UBFC_PHYS_s17_T3_ctrl,121,151,126.03333333333333,-0.5795345902442932,-0.5809074094878858
UBFC_PHYS_s17_T3_ctrl,121,152,126.06666666666666,-0.39363938570022583,-0.8471869535654265
UBFC_PHYS_s17_T3_ctrl,121,153,126.1,-0.07625623047351837,-1.0133124408459746
UBFC_PHYS_s17_T3_ctrl,121,154,126.13333333333334,0.23598821461200714,-1.0343225376159908
UBFC_PHYS_s17_T3_ctrl,121,155,126.16666666666667,0.4438663423061371,-0.8897726575687436
UBFC_PHYS_s17_T3_ctrl,121,156,126.2,0.5291175842285156,-0.5957826497545459
UBFC_PHYS_s17_T3_ctrl,121,157,126.23333333333333,0.5275724530220032,-0.20712553719907603
UBFC_PHYS_s17_T3_ctrl,121,158,126.26666666666667,0.5051798224449158,0.1941689259261638
UBFC_PHYS_s17_T3_ctrl,121,159,126.3,0.5160893201828003,0.5214256955004841
UBFC_PHYS_s17_T3_ctrl,121,160,126.33333333333333,0.5479868650436401,0.7090163980384345
UBFC_PHYS_s17_T3_ctrl,121,161,126.36666666666666,0.5868140459060669,0.7307723887058686
UBFC_PHYS_s17_T3_ctrl,121,162,126.4,0.6669499278068542,0.6040639325374102
UBFC_PHYS_s17_T3_ctrl,121,163,126.43333333333334,0.7747927904129028,0.37918161043449483
UBFC_PHYS_s17_T3_ctrl,121,164,126.46666666666667,0.8035181164741516,0.11983421751835743
UBFC_PHYS_s17_T3_ctrl,121,165,126.5,0.6997487545013428,-0.11659013562770576
UBFC_PHYS_s17_T3_ctrl,121,166,126.53333333333333,0.530252993106842,-0.2917446383237095
UBFC_PHYS_s17_T3_ctrl,121,167,126.56666666666666,0.36027732491493225,-0.38908736915448283
UBFC_PHYS_s17_T3_ctrl,121,168,126.6,0.19572126865386963,-0.4085738516071966
UBFC_PHYS_s17_T3_ctrl,121,169,126.63333333333334,0.035613320767879486,-0.35828012477429194
UBFC_PHYS_s17_T3_ctrl,121,170,126.66666666666667,-0.10272238403558731,-0.2482189636079418
UBFC_PHYS_s17_T3_ctrl,121,171,126.7,-0.1237688884139061,-0.0894328230823883
UBFC_PHYS_s17_T3_ctrl,121,172,126.73333333333333,0.09489001333713531,0.10191422895570432
UBFC_PHYS_s17_T3_ctrl,121,173,126.76666666666667,0.4672539532184601,0.29905389984942443
UBFC_PHYS_s17_T3_ctrl,121,174,126.8,0.6982036232948303,0.46321939217779184
UBFC_PHYS_s17_T3_ctrl,121,175,126.83333333333333,0.6238385438919067,0.5504412163719482
UBFC_PHYS_s17_T3_ctrl,121,176,126.86666666666666,0.27461639046669006,0.5258170626023151
UBFC_PHYS_s17_T3_ctrl,121,177,126.9,-0.25668492913246155,0.37915081617142277
UBFC_PHYS_s17_T3_ctrl,121,178,126.93333333333334,-0.8087401390075684,0.13360078018160534
UBFC_PHYS_s17_T3_ctrl,121,179,126.96666666666667,-1.1530576944351196,-0.1582196438889732
UBFC_PHYS_s17_T3_ctrl,121,180,127.0,-1.1607247591018677,-0.4296305183414404
UBFC_PHYS_s17_T3_ctrl,121,181,127.03333333333333,-0.9060012102127075,-0.6199643667822142
UBFC_PHYS_s17_T3_ctrl,121,182,127.06666666666666,-0.5786215662956238,-0.6914632045107628
UBFC_PHYS_s17_T3_ctrl,121,183,127.1,-0.34682905673980713,-0.6376566514133568
UBFC_PHYS_s17_T3_ctrl,121,184,127.13333333333334,-0.3491116464138031,-0.4812647677533186
UBFC_PHYS_s17_T3_ctrl,121,185,127.16666666666667,-0.5837017297744751,-0.26306323806411297
UBFC_PHYS_s17_T3_ctrl,121,186,127.2,-0.852998673915863,-0.026372569256794494
UBFC_PHYS_s17_T3_ctrl,121,187,127.23333333333333,-0.9854114055633545,0.19628746733401756
UBFC_PHYS_s17_T3_ctrl,121,188,127.26666666666667,-1.0649268627166748,0.3886488461251546
UBFC_PHYS_s17_T3_ctrl,121,189,127.3,-1.283983826637268,0.5464746835799243
UBFC_PHYS_s17_T3_ctrl,121,190,127.33333333333333,-1.5553760528564453,0.6674873922323598
UBFC_PHYS_s17_T3_ctrl,121,191,127.36666666666666,-1.5005942583084106,0.7427031589173299
UBFC_PHYS_s17_T3_ctrl,121,192,127.4,-0.9049360156059265,0.7549706132139747
UBFC_PHYS_s17_T3_ctrl,121,193,127.43333333333334,-0.04677005112171173,0.6855385200356879
UBFC_PHYS_s17_T3_ctrl,121,194,127.46666666666667,0.5887571573257446,0.5245148125717224
UBFC_PHYS_s17_T3_ctrl,121,195,127.5,0.7763028144836426,0.2790647904095606
UBFC_PHYS_s17_T3_ctrl,121,196,127.53333333333333,0.6213335394859314,-0.02494675947328677
UBFC_PHYS_s17_T3_ctrl,121,197,127.56666666666666,0.3912852108478546,-0.34821010173620637
UBFC_PHYS_s17_T3_ctrl,121,198,127.6,0.3031427264213562,-0.6471181932882494
UBFC_PHYS_s17_T3_ctrl,121,199,127.63333333333334,0.41715437173843384,-0.8826910411761907
UBFC_PHYS_s17_T3_ctrl,121,200,127.66666666666667,0.6381192803382874,-1.026427755278756
UBFC_PHYS_s17_T3_ctrl,121,201,127.7,0.8352283239364624,-1.0627132194600797
UBFC_PHYS_s17_T3_ctrl,121,202,127.73333333333333,0.910646915435791,-0.9893639839178349
UBFC_PHYS_s17_T3_ctrl,121,203,127.76666666666667,0.8373353481292725,-0.8179756908185027
UBFC_PHYS_s17_T3_ctrl,121,204,127.8,0.7088088393211365,-0.573954489328101
UBFC_PHYS_s17_T3_ctrl,121,205,127.83333333333333,0.6106698513031006,-0.29436869611750915
UBFC_PHYS_s17_T3_ctrl,121,206,127.86666666666666,0.48304468393325806,-0.021920393854381413
UBFC_PHYS_s17_T3_ctrl,121,207,127.9,0.2296087145805359,0.20460949512143822
UBFC_PHYS_s17_T3_ctrl,121,208,127.93333333333334,-0.12341772019863129,0.3605002666180316
UBFC_PHYS_s17_T3_ctrl,121,209,127.96666666666667,-0.4267308712005615,0.44137361244941264
UBFC_PHYS_s17_T3_ctrl,121,210,128.0,-0.4861363172531128,0.4620002987782878
UBFC_PHYS_s17_T3_ctrl,121,211,128.03333333333333,-0.2230081856250763,0.4474096628191489
UBFC_PHYS_s17_T3_ctrl,121,212,128.06666666666666,0.12353339791297913,0.4206276336055675
UBFC_PHYS_s17_T3_ctrl,121,213,128.1,0.2591417133808136,0.3938715181505702
UBFC_PHYS_s17_T3_ctrl,121,214,128.13333333333333,0.1746162325143814,0.3681796594359339
UBFC_PHYS_s17_T3_ctrl,121,215,128.16666666666666,-0.0331331342458725,0.34125006384857653
UBFC_PHYS_s17_T3_ctrl,121,216,128.2,-0.5336489677429199,0.31786990287412653
UBFC_PHYS_s17_T3_ctrl,121,217,128.23333333333332,-1.4456720352172852,0.3151506975927754
UBFC_PHYS_s17_T3_ctrl,121,218,128.26666666666668,-2.276412010192871,0.35752701457648145
UBFC_PHYS_s17_T3_ctrl,121,219,128.3,-2.3298592567443848,0.4626697281722936
UBFC_PHYS_s17_T3_ctrl,121,220,128.33333333333334,-1.5701249837875366,0.6255836676169519
UBFC_PHYS_s17_T3_ctrl,121,221,128.36666666666667,-0.428697407245636,0.8104116381261125
UBFC_PHYS_s17_T3_ctrl,121,222,128.4,0.6361176371574402,0.9561195866984696
UBFC_PHYS_s17_T3_ctrl,121,223,128.43333333333334,1.1873300075531006,0.9952849128680984
UBFC_PHYS_s17_T3_ctrl,121,224,128.46666666666667,1.0812078714370728,0.878564863897278
UBFC_PHYS_s17_T3_ctrl,121,225,128.5,0.7390792965888977,0.5944911565852694
UBFC_PHYS_s17_T3_ctrl,121,226,128.53333333333333,0.5925965309143066,0.1764008660116358
UBFC_PHYS_s17_T3_ctrl,121,227,128.56666666666666,0.511641263961792,-0.30593809720020326
UBFC_PHYS_s17_T3_ctrl,121,228,128.6,0.2653222382068634,-0.7661874727129622
UBFC_PHYS_s17_T3_ctrl,121,229,128.63333333333333,-0.05376994609832764,-1.125075945677817
UBFC_PHYS_s17_T3_ctrl,121,230,128.66666666666666,-0.15955263376235962,-1.3299618996072036
UBFC_PHYS_s17_T3_ctrl,121,231,128.7,0.1481032520532608,-1.3651591171001323
UBFC_PHYS_s17_T3_ctrl,121,232,128.73333333333332,0.7824950218200684,-1.2514991069262424
UBFC_PHYS_s17_T3_ctrl,121,233,128.76666666666668,1.4157981872558594,-1.0368432435630093
UBFC_PHYS_s17_T3_ctrl,121,234,128.8,1.8033207654953003,-0.781357447051654
UBFC_PHYS_s17_T3_ctrl,121,235,128.83333333333334,1.9608417749404907,-0.5419531709713343
UBFC_PHYS_s17_T3_ctrl,121,236,128.86666666666667,2.0085651874542236,-0.35953930680783347
UBFC_PHYS_s17_T3_ctrl,121,237,128.9,2.029576539993286,-0.25135200639555444
UBFC_PHYS_s17_T3_ctrl,121,238,128.93333333333334,2.0342938899993896,-0.20935255565368893
UBFC_PHYS_s17_T3_ctrl,121,239,128.96666666666667,2.033053159713745,-0.20471805997664885
UBFC_PHYS_s17_T3_ctrl,122,0,122.0,-0.601142942905426,0.23035993001246913
UBFC_PHYS_s17_T3_ctrl,122,1,122.03333333333333,-0.5494046211242676,0.4550598971217476
UBFC_PHYS_s17_T3_ctrl,122,2,122.06666666666666,-0.5172027349472046,0.629205097980285
UBFC_PHYS_s17_T3_ctrl,122,3,122.1,-0.4513007402420044,0.7175827430676003
UBFC_PHYS_s17_T3_ctrl,122,4,122.13333333333334,-0.36697423458099365,0.7059474381509794
UBFC_PHYS_s17_T3_ctrl,122,5,122.16666666666667,-0.28310427069664,0.6015295576651074
UBFC_PHYS_s17_T3_ctrl,122,6,122.2,-0.21939119696617126,0.42666002118638663
UBFC_PHYS_s17_T3_ctrl,122,7,122.23333333333333,-0.20492318272590637,0.20983229951205382
UBFC_PHYS_s17_T3_ctrl,122,8,122.26666666666667,-0.2426617443561554,-0.02131367856583792
UBFC_PHYS_s17_T3_ctrl,122,9,122.3,-0.30293339490890503,-0.24316721741483777
UBFC_PHYS_s17_T3_ctrl,122,10,122.33333333333333,-0.3608873784542084,-0.4365593053273055
UBFC_PHYS_s17_T3_ctrl,122,11,122.36666666666666,-0.40983980894088745,-0.5869041546208557
UBFC_PHYS_s17_T3_ctrl,122,12,122.4,-0.4548474848270416,-0.6857166174374333
UBFC_PHYS_s17_T3_ctrl,122,13,122.43333333333334,-0.5059420466423035,-0.7331958534192908
UBFC_PHYS_s17_T3_ctrl,122,14,122.46666666666667,-0.5596234798431396,-0.7401478373213747
UBFC_PHYS_s17_T3_ctrl,122,15,122.5,-0.5669043064117432,-0.7273147581043072
UBFC_PHYS_s17_T3_ctrl,122,16,122.53333333333333,-0.458628386259079,-0.7210367222546648
UBFC_PHYS_s17_T3_ctrl,122,17,122.56666666666666,-0.2643754482269287,-0.7455670125284545
UBFC_PHYS_s17_T3_ctrl,122,18,122.6,-0.10206687450408936,-0.8137408215105103
UBFC_PHYS_s17_T3_ctrl,122,19,122.63333333333334,-0.057328421622514725,-0.9187689284725319
UBFC_PHYS_s17_T3_ctrl,122,20,122.66666666666667,-0.1470862627029419,-1.0304365318010156
UBFC_PHYS_s17_T3_ctrl,122,21,122.7,-0.3603489398956299,-1.0985036323117956
UBFC_PHYS_s17_T3_ctrl,122,22,122.73333333333333,-0.6166059374809265,-1.0643162758175928
UBFC_PHYS_s17_T3_ctrl,122,23,122.76666666666667,-0.7752975225448608,-0.8787036542243484
UBFC_PHYS_s17_T3_ctrl,122,24,122.8,-0.8172149062156677,-0.521061992151877
UBFC_PHYS_s17_T3_ctrl,122,25,122.83333333333333,-0.8781538009643555,-0.012778165109100926
UBFC_PHYS_s17_T3_ctrl,122,26,122.86666666666666,-1.0136919021606445,0.5808607941169828
UBFC_PHYS_s17_T3_ctrl,122,27,122.9,-1.1168291568756104,1.1625240823970395
UBFC_PHYS_s17_T3_ctrl,122,28,122.93333333333334,-1.1091619729995728,1.625851990833429
UBFC_PHYS_s17_T3_ctrl,122,29,122.96666666666667,-1.0372785329818726,1.8828986708256166
UBFC_PHYS_s17_T3_ctrl,122,30,123.0,-0.9340476393699646,1.8875452995157087
UBFC_PHYS_s17_T3_ctrl,122,31,123.03333333333333,-0.7467711567878723,1.6475341497491576
UBFC_PHYS_s17_T3_ctrl,122,32,123.06666666666666,-0.45127731561660767,1.221277848150414
UBFC_PHYS_s17_T3_ctrl,122,33,123.1,-0.09922243654727936,0.7006541735311814
UBFC_PHYS_s17_T3_ctrl,122,34,123.13333333333334,0.22737295925617218,0.18601659086678415
UBFC_PHYS_s17_T3_ctrl,122,35,123.16666666666667,0.44726094603538513,-0.23782462908313093
UBFC_PHYS_s17_T3_ctrl,122,36,123.2,0.52897709608078,-0.5173310923834703
UBFC_PHYS_s17_T3_ctrl,122,37,123.23333333333333,0.5743359327316284,-0.634595268104022
UBFC_PHYS_s17_T3_ctrl,122,38,123.26666666666667,0.743503987789154,-0.6018771975256968
UBFC_PHYS_s17_T3_ctrl,122,39,123.3,1.0112323760986328,-0.4508983276702051
UBFC_PHYS_s17_T3_ctrl,122,40,123.33333333333333,1.1739389896392822,-0.22197027281121565
UBFC_PHYS_s17_T3_ctrl,122,41,123.36666666666666,1.1123563051223755,0.043672101822651146
UBFC_PHYS_s17_T3_ctrl,122,42,123.4,0.8675004243850708,0.30765122059625055
UBFC_PHYS_s17_T3_ctrl,122,43,123.43333333333334,0.5397461652755737,0.5357872364084498
UBFC_PHYS_s17_T3_ctrl,122,44,123.46666666666667,0.2383527308702469,0.6990508294690999
UBFC_PHYS_s17_T3_ctrl,122,45,123.5,0.05395585298538208,0.7755088242454542
UBFC_PHYS_s17_T3_ctrl,122,46,123.53333333333333,-0.0023476460482925177,0.7534476541141653
UBFC_PHYS_s17_T3_ctrl,122,47,123.56666666666666,-0.017108293250203133,0.6345781231982923
UBFC_PHYS_s17_T3_ctrl,122,48,123.6,-0.06038355827331543,0.43532397076427004
UBFC_PHYS_s17_T3_ctrl,122,49,123.63333333333334,-0.12117026746273041,0.1845125305399392
UBFC_PHYS_s17_T3_ctrl,122,50,123.66666666666667,-0.1604890674352646,-0.08247676733242985
UBFC_PHYS_s17_T3_ctrl,122,51,123.7,-0.1794285774230957,-0.3311177710738753
UBFC_PHYS_s17_T3_ctrl,122,52,123.73333333333333,-0.1982627511024475,-0.5340229099336806
UBFC_PHYS_s17_T3_ctrl,122,53,123.76666666666667,-0.2144748717546463,-0.6743413436453829
UBFC_PHYS_s17_T3_ctrl,122,54,123.8,-0.21099834144115448,-0.7463073498281284
UBFC_PHYS_s17_T3_ctrl,122,55,123.83333333333333,-0.18003727495670319,-0.7543722773917738
UBFC_PHYS_s17_T3_ctrl,122,56,123.86666666666666,-0.12751464545726776,-0.7123530731412767
UBFC_PHYS_s17_T3_ctrl,122,57,123.9,-0.07948695123195648,-0.6427662047978575
UBFC_PHYS_s17_T3_ctrl,122,58,123.93333333333334,-0.052107762545347214,-0.5749899748576448
UBFC_PHYS_s17_T3_ctrl,122,59,123.96666666666667,-0.006386046763509512,-0.5404079689130483
UBFC_PHYS_s17_T3_ctrl,122,60,124.0,0.10680622607469559,-0.5639779443784327
UBFC_PHYS_s17_T3_ctrl,122,61,124.03333333333333,0.2735980153083801,-0.6542735546314076
UBFC_PHYS_s17_T3_ctrl,122,62,124.06666666666666,0.43000704050064087,-0.7963920295902441
UBFC_PHYS_s17_T3_ctrl,122,63,124.1,0.495440810918808,-0.9521065389667711
UBFC_PHYS_s17_T3_ctrl,122,64,124.13333333333334,0.4007432460784912,-1.068561332998691
UBFC_PHYS_s17_T3_ctrl,122,65,124.16666666666667,0.19155411422252655,-1.0928058612408817
UBFC_PHYS_s17_T3_ctrl,122,66,124.2,0.019050024449825287,-0.9871599895371086
UBFC_PHYS_s17_T3_ctrl,122,67,124.23333333333333,-0.03829526528716087,-0.7403609352657731
UBFC_PHYS_s17_T3_ctrl,122,68,124.26666666666667,-0.040402255952358246,-0.37101270672827374
UBFC_PHYS_s17_T3_ctrl,122,69,124.3,-0.053535837680101395,0.07760123877585959
UBFC_PHYS_s17_T3_ctrl,122,70,124.33333333333333,-0.06959579139947891,0.5494106203000432
UBFC_PHYS_s17_T3_ctrl,122,71,124.36666666666666,-0.07867927104234695,0.9897844027916648
UBFC_PHYS_s17_T3_ctrl,122,72,124.4,-0.10456015169620514,1.3566929085561437
UBFC_PHYS_s17_T3_ctrl,122,73,124.43333333333334,-0.1582064926624298,1.6249339726071073
UBFC_PHYS_s17_T3_ctrl,122,74,124.46666666666667,-0.20667900145053864,1.783462031307062
UBFC_PHYS_s17_T3_ctrl,122,75,124.5,-0.2146855741739273,1.8296352850889765
UBFC_PHYS_s17_T3_ctrl,122,76,124.53333333333333,-0.20642147958278656,1.7651897391209515
UBFC_PHYS_s17_T3_ctrl,122,77,124.56666666666666,-0.2546364665031433,1.596490945720693
UBFC_PHYS_s17_T3_ctrl,122,78,124.6,-0.38233187794685364,1.3377593508590073
UBFC_PHYS_s17_T3_ctrl,122,79,124.63333333333334,-0.5085289478302002,1.0134668892513474
UBFC_PHYS_s17_T3_ctrl,122,80,124.66666666666667,-0.5066794753074646,0.6568421015326431
UBFC_PHYS_s17_T3_ctrl,122,81,124.7,-0.33587270975112915,0.30425933842072866
UBFC_PHYS_s17_T3_ctrl,122,82,124.73333333333333,-0.09518403559923172,-0.012175665519688047
UBFC_PHYS_s17_T3_ctrl,122,83,124.76666666666667,0.0767698884010315,-0.2707588707527009
UBFC_PHYS_s17_T3_ctrl,122,84,124.8,0.12310028821229935,-0.46302496112530245
UBFC_PHYS_s17_T3_ctrl,122,85,124.83333333333333,0.07098736613988876,-0.592976512297955
UBFC_PHYS_s17_T3_ctrl,122,86,124.86666666666666,-0.008106756024062634,-0.6735144451510638
UBFC_PHYS_s17_T3_ctrl,122,87,124.9,-0.03236057236790657,-0.7214110896880326
UBFC_PHYS_s17_T3_ctrl,122,88,124.93333333333334,0.007801030296832323,-0.7524840375014333
UBFC_PHYS_s17_T3_ctrl,122,89,124.96666666666667,0.05125187709927559,-0.778519463845719
UBFC_PHYS_s17_T3_ctrl,122,90,125.0,0.07678159326314926,-0.8066643768170533
UBFC_PHYS_s17_T3_ctrl,122,91,125.03333333333333,0.12548822164535522,-0.840680659868769
UBFC_PHYS_s17_T3_ctrl,122,92,125.06666666666666,0.18854579329490662,-0.8822997358223393
UBFC_PHYS_s17_T3_ctrl,122,93,125.1,0.19407078623771667,-0.9308028356161112
UBFC_PHYS_s17_T3_ctrl,122,94,125.13333333333334,0.10938143730163574,-0.9802827637947198
UBFC_PHYS_s17_T3_ctrl,122,95,125.16666666666667,-0.03401104733347893,-1.0162304796932005
UBFC_PHYS_s17_T3_ctrl,122,96,125.2,-0.21563372015953064,-1.014730745995962
UBFC_PHYS_s17_T3_ctrl,122,97,125.23333333333333,-0.47502779960632324,-0.9469471898367655
UBFC_PHYS_s17_T3_ctrl,122,98,125.26666666666667,-0.8558313846588135,-0.7884728630907599
UBFC_PHYS_s17_T3_ctrl,122,99,125.3,-1.2885841131210327,-0.52992376377871
UBFC_PHYS_s17_T3_ctrl,122,100,125.33333333333333,-1.5911363363265991,-0.18430539262330475
UBFC_PHYS_s17_T3_ctrl,122,101,125.36666666666666,-1.6369868516921997,0.21196520476768574
UBFC_PHYS_s17_T3_ctrl,122,102,125.4,-1.4809173345565796,0.6052941235953323
UBFC_PHYS_s17_T3_ctrl,122,103,125.43333333333334,-1.2779672145843506,0.9370108709333221
UBFC_PHYS_s17_T3_ctrl,122,104,125.46666666666667,-1.1337201595306396,1.1579712775103361
UBFC_PHYS_s17_T3_ctrl,122,105,125.5,-1.0787277221679688,1.2412168087875675
UBFC_PHYS_s17_T3_ctrl,122,106,125.53333333333333,-1.1123692989349365,1.1885587738871775
UBFC_PHYS_s17_T3_ctrl,122,107,125.56666666666666,-1.201167345046997,1.0288718824397602
UBFC_PHYS_s17_T3_ctrl,122,108,125.6,-1.3068095445632935,0.8088907919181315
UBFC_PHYS_s17_T3_ctrl,122,109,125.63333333333334,-1.4225536584854126,0.5799729452511672
UBFC_PHYS_s17_T3_ctrl,122,110,125.66666666666667,-1.5656183958053589,0.38530261816683387
UBFC_PHYS_s17_T3_ctrl,122,111,125.7,-1.7264169454574585,0.25117767040125416
UBFC_PHYS_s17_T3_ctrl,122,112,125.73333333333333,-1.8068220615386963,0.18401647734822588
UBFC_PHYS_s17_T3_ctrl,122,113,125.76666666666667,-1.6474164724349976,0.1725698051728801
UBFC_PHYS_s17_T3_ctrl,122,114,125.8,-1.2423005104064941,0.19341471283892847
UBFC_PHYS_s17_T3_ctrl,122,115,125.83333333333333,-0.8017753958702087,0.2175278732686179
UBFC_PHYS_s17_T3_ctrl,122,116,125.86666666666666,-0.4881145656108856,0.21638177001881814
UBFC_PHYS_s17_T3_ctrl,122,117,125.9,-0.31230953335762024,0.16690291726121087
UBFC_PHYS_s17_T3_ctrl,122,118,125.93333333333334,-0.2820507884025574,0.055196417122118716
UBFC_PHYS_s17_T3_ctrl,122,119,125.96666666666667,-0.40355396270751953,-0.12082368821897628
UBFC_PHYS_s17_T3_ctrl,122,120,126.0,-0.5618124604225159,-0.3497106154962588
UBFC_PHYS_s17_T3_ctrl,122,121,126.03333333333333,-0.5795345902442932,-0.6058152705343228
UBFC_PHYS_s17_T3_ctrl,122,122,126.06666666666666,-0.39363938570022583,-0.8505589206107449
UBFC_PHYS_s17_T3_ctrl,122,123,126.1,-0.07625623047351837,-1.0370666846387877
UBFC_PHYS_s17_T3_ctrl,122,124,126.13333333333334,0.23598821461200714,-1.1191097078931576
UBFC_PHYS_s17_T3_ctrl,122,125,126.16666666666667,0.4438663423061371,-1.0634418768005918
UBFC_PHYS_s17_T3_ctrl,122,126,126.2,0.5291175842285156,-0.8619776281844995
UBFC_PHYS_s17_T3_ctrl,122,127,126.23333333333333,0.5275724530220032,-0.5386744776393931
UBFC_PHYS_s17_T3_ctrl,122,128,126.26666666666667,0.5051798224449158,-0.14703118005430482
UBFC_PHYS_s17_T3_ctrl,122,129,126.3,0.5160893201828003,0.24236513383159128
UBFC_PHYS_s17_T3_ctrl,122,130,126.33333333333333,0.5479868650436401,0.5604470151511433
UBFC_PHYS_s17_T3_ctrl,122,131,126.36666666666666,0.5868140459060669,0.7577870029275026
UBFC_PHYS_s17_T3_ctrl,122,132,126.4,0.6669499278068542,0.8158671208203188
UBFC_PHYS_s17_T3_ctrl,122,133,126.43333333333334,0.7747927904129028,0.748163622818217
UBFC_PHYS_s17_T3_ctrl,122,134,126.46666666666667,0.8035181164741516,0.591837462145845
UBFC_PHYS_s17_T3_ctrl,122,135,126.5,0.6997487545013428,0.3941851590275401
UBFC_PHYS_s17_T3_ctrl,122,136,126.53333333333333,0.530252993106842,0.1992824392632341
UBFC_PHYS_s17_T3_ctrl,122,137,126.56666666666666,0.36027732491493225,0.03917839054471738
UBFC_PHYS_s17_T3_ctrl,122,138,126.6,0.19572126865386963,-0.06870423416587264
UBFC_PHYS_s17_T3_ctrl,122,139,126.63333333333334,0.035613320767879486,-0.119247323360926
UBFC_PHYS_s17_T3_ctrl,122,140,126.66666666666667,-0.10272238403558731,-0.11551610241048388
UBFC_PHYS_s17_T3_ctrl,122,141,126.7,-0.1237688884139061,-0.06605179205931447
UBFC_PHYS_s17_T3_ctrl,122,142,126.73333333333333,0.09489001333713531,0.014825222279876381
UBFC_PHYS_s17_T3_ctrl,122,143,126.76666666666667,0.4672539532184601,0.1049047202810954
UBFC_PHYS_s17_T3_ctrl,122,144,126.8,0.6982036232948303,0.17392913114892294
UBFC_PHYS_s17_T3_ctrl,122,145,126.83333333333333,0.6238385438919067,0.18908147064248157
UBFC_PHYS_s17_T3_ctrl,122,146,126.86666666666666,0.27461639046669006,0.1261771945455151
UBFC_PHYS_s17_T3_ctrl,122,147,126.9,-0.25668492913246155,-0.018151149801062867
UBFC_PHYS_s17_T3_ctrl,122,148,126.93333333333334,-0.8087401390075684,-0.2202925459033225
UBFC_PHYS_s17_T3_ctrl,122,149,126.96666666666667,-1.1530576944351196,-0.4343086497015606
UBFC_PHYS_s17_T3_ctrl,122,150,127.0,-1.1607247591018677,-0.6063317383432518
UBFC_PHYS_s17_T3_ctrl,122,151,127.03333333333333,-0.9060012102127075,-0.6923972573282712
UBFC_PHYS_s17_T3_ctrl,122,152,127.06666666666666,-0.5786215662956238,-0.6723535278953975
UBFC_PHYS_s17_T3_ctrl,122,153,127.1,-0.34682905673980713,-0.5548920808477027
UBFC_PHYS_s17_T3_ctrl,122,154,127.13333333333334,-0.3491116464138031,-0.3722094016177079
UBFC_PHYS_s17_T3_ctrl,122,155,127.16666666666667,-0.5837017297744751,-0.1665341338087002
UBFC_PHYS_s17_T3_ctrl,122,156,127.2,-0.852998673915863,0.025811293770133362
UBFC_PHYS_s17_T3_ctrl,122,157,127.23333333333333,-0.9854114055633545,0.18575548031450922
UBFC_PHYS_s17_T3_ctrl,122,158,127.26666666666667,-1.0649268627166748,0.3132078961980854
UBFC_PHYS_s17_T3_ctrl,122,159,127.3,-1.283983826637268,0.4190027400675429
UBFC_PHYS_s17_T3_ctrl,122,160,127.33333333333333,-1.5553760528564453,0.5121846048541967
UBFC_PHYS_s17_T3_ctrl,122,161,127.36666666666666,-1.5005942583084106,0.5902603428017733
UBFC_PHYS_s17_T3_ctrl,122,162,127.4,-0.9049360156059265,0.6379214515027635
UBFC_PHYS_s17_T3_ctrl,122,163,127.43333333333334,-0.04677005112171173,0.6344992475014124
UBFC_PHYS_s17_T3_ctrl,122,164,127.46666666666667,0.5887571573257446,0.5653597324170584
UBFC_PHYS_s17_T3_ctrl,122,165,127.5,0.7763028144836426,0.4305892346282321
UBFC_PHYS_s17_T3_ctrl,122,166,127.53333333333333,0.6213335394859314,0.24664544622421813
UBFC_PHYS_s17_T3_ctrl,122,167,127.56666666666666,0.3912852108478546,0.041087070157933836
UBFC_PHYS_s17_T3_ctrl,122,168,127.6,0.3031427264213562,-0.15600655646338676
UBFC_PHYS_s17_T3_ctrl,122,169,127.63333333333334,0.41715437173843384,-0.31946317518438866
UBFC_PHYS_s17_T3_ctrl,122,170,127.66666666666667,0.6381192803382874,-0.43258793474198676
UBFC_PHYS_s17_T3_ctrl,122,171,127.7,0.8352283239364624,-0.4869976715875803
UBFC_PHYS_s17_T3_ctrl,122,172,127.73333333333333,0.910646915435791,-0.48084125056759885
UBFC_PHYS_s17_T3_ctrl,122,173,127.76666666666667,0.8373353481292725,-0.4176727903707299
UBFC_PHYS_s17_T3_ctrl,122,174,127.8,0.7088088393211365,-0.3067347003348674
UBFC_PHYS_s17_T3_ctrl,122,175,127.83333333333333,0.6106698513031006,-0.16359296202075393
UBFC_PHYS_s17_T3_ctrl,122,176,127.86666666666666,0.48304468393325806,-0.009343926404802506
UBFC_PHYS_s17_T3_ctrl,122,177,127.9,0.2296087145805359,0.1326704193458542
UBFC_PHYS_s17_T3_ctrl,122,178,127.93333333333334,-0.12341772019863129,0.2420708906448828
UBFC_PHYS_s17_T3_ctrl,122,179,127.96666666666667,-0.4267308712005615,0.3063879494586456
UBFC_PHYS_s17_T3_ctrl,122,180,128.0,-0.4861363172531128,0.32303406761452996
UBFC_PHYS_s17_T3_ctrl,122,181,128.03333333333333,-0.2230081856250763,0.29704400453897756
UBFC_PHYS_s17_T3_ctrl,122,182,128.06666666666666,0.12353339791297913,0.2363102534173163
UBFC_PHYS_s17_T3_ctrl,122,183,128.1,0.2591417133808136,0.1480893220454334
UBFC_PHYS_s17_T3_ctrl,122,184,128.13333333333333,0.1746162325143814,0.03960725802394621
UBFC_PHYS_s17_T3_ctrl,122,185,128.16666666666666,-0.0331331342458725,-0.0776945638863787
UBFC_PHYS_s17_T3_ctrl,122,186,128.2,-0.5336489677429199,-0.18402662245930024
UBFC_PHYS_s17_T3_ctrl,122,187,128.23333333333332,-1.4456720352172852,-0.25194693975550525
UBFC_PHYS_s17_T3_ctrl,122,188,128.26666666666668,-2.276412010192871,-0.25422404029377144
UBFC_PHYS_s17_T3_ctrl,122,189,128.3,-2.3298592567443848,-0.17670219234402937
UBFC_PHYS_s17_T3_ctrl,122,190,128.33333333333334,-1.5701249837875366,-0.029999632111505647
UBFC_PHYS_s17_T3_ctrl,122,191,128.36666666666667,-0.428697407245636,0.14692018074498106
UBFC_PHYS_s17_T3_ctrl,122,192,128.4,0.6361176371574402,0.2948602076693055
UBFC_PHYS_s17_T3_ctrl,122,193,128.43333333333334,1.1873300075531006,0.3521562156740871
UBFC_PHYS_s17_T3_ctrl,122,194,128.46666666666667,1.0812078714370728,0.27549048872226717
UBFC_PHYS_s17_T3_ctrl,122,195,128.5,0.7390792965888977,0.05572028578940775
UBFC_PHYS_s17_T3_ctrl,122,196,128.53333333333333,0.5925965309143066,-0.27711166523082614
UBFC_PHYS_s17_T3_ctrl,122,197,128.56666666666666,0.511641263961792,-0.6609106957158735
UBFC_PHYS_s17_T3_ctrl,122,198,128.6,0.2653222382068634,-1.0175420040952452
UBFC_PHYS_s17_T3_ctrl,122,199,128.63333333333333,-0.05376994609832764,-1.2718047761718285
UBFC_PHYS_s17_T3_ctrl,122,200,128.66666666666666,-0.15955263376235962,-1.3676349268837027
UBFC_PHYS_s17_T3_ctrl,122,201,128.7,0.1481032520532608,-1.2780179932546825
UBFC_PHYS_s17_T3_ctrl,122,202,128.73333333333332,0.7824950218200684,-1.0078270601420003
UBFC_PHYS_s17_T3_ctrl,122,203,128.76666666666668,1.4157981872558594,-0.5909371755376858
UBFC_PHYS_s17_T3_ctrl,122,204,128.8,1.8033207654953003,-0.08385988684266237
UBFC_PHYS_s17_T3_ctrl,122,205,128.83333333333334,1.9608417749404907,0.4425166305266129
UBFC_PHYS_s17_T3_ctrl,122,206,128.86666666666667,2.0085651874542236,0.9130458889267653
UBFC_PHYS_s17_T3_ctrl,122,207,128.9,2.029576539993286,1.2607993349243944
UBFC_PHYS_s17_T3_ctrl,122,208,128.93333333333334,2.0342938899993896,1.4407469120959036
UBFC_PHYS_s17_T3_ctrl,122,209,128.96666666666667,2.033053159713745,1.4408943404402608
UBFC_PHYS_s17_T3_ctrl,122,210,129.0,2.0961575508117676,1.285958435244971
UBFC_PHYS_s17_T3_ctrl,122,211,129.03333333333333,2.2564525604248047,1.0305835991355832
UBFC_PHYS_s17_T3_ctrl,122,212,129.06666666666666,2.4034154415130615,0.7436938181362196
UBFC_PHYS_s17_T3_ctrl,122,213,129.1,2.396052598953247,0.489685527202477
UBFC_PHYS_s17_T3_ctrl,122,214,129.13333333333333,2.1973164081573486,0.3129346007160689
UBFC_PHYS_s17_T3_ctrl,122,215,129.16666666666666,1.9302903413772583,0.22985808522068552
UBFC_PHYS_s17_T3_ctrl,122,216,129.2,1.7763161659240723,0.22953591175204735
UBFC_PHYS_s17_T3_ctrl,122,217,129.23333333333332,1.6612744331359863,0.28122678597714057
UBFC_PHYS_s17_T3_ctrl,122,218,129.26666666666668,1.1813719272613525,0.3456807691826105
UBFC_PHYS_s17_T3_ctrl,122,219,129.3,0.23803667724132538,0.3867019643603635
UBFC_PHYS_s17_T3_ctrl,122,220,129.33333333333334,-0.6013770699501038,0.37961012829942237
UBFC_PHYS_s17_T3_ctrl,122,221,129.36666666666667,-0.8225643634796143,0.31444819083546116
UBFC_PHYS_s17_T3_ctrl,122,222,129.4,-0.5361071228981018,0.194046842940948
UBFC_PHYS_s17_T3_ctrl,122,223,129.43333333333334,-0.1585693657398224,0.029200205994058297
UBFC_PHYS_s17_T3_ctrl,122,224,129.46666666666667,0.016825977712869644,-0.16607019358430522
UBFC_PHYS_s17_T3_ctrl,122,225,129.5,-0.18027137219905853,-0.37708180825208554
UBFC_PHYS_s17_T3_ctrl,122,226,129.53333333333333,-0.7368917465209961,-0.5886033736020986
UBFC_PHYS_s17_T3_ctrl,122,227,129.56666666666666,-1.23382568359375,-0.783778659444703
UBFC_PHYS_s17_T3_ctrl,122,228,129.6,-1.210239052772522,-0.9436069287576031
UBFC_PHYS_s17_T3_ctrl,122,229,129.63333333333333,-0.689800500869751,-1.0482420434459565
UBFC_PHYS_s17_T3_ctrl,122,230,129.66666666666666,-0.07989664375782013,-1.0804510146596455
UBFC_PHYS_s17_T3_ctrl,122,231,129.7,0.3857367932796478,-1.0305292671111375
UBFC_PHYS_s17_T3_ctrl,122,232,129.73333333333332,0.7420992851257324,-0.9010589668530014
UBFC_PHYS_s17_T3_ctrl,122,233,129.76666666666668,0.9863815903663635,-0.7095074871730023
UBFC_PHYS_s17_T3_ctrl,122,234,129.8,1.0758116245269775,-0.48701474845074705
UBFC_PHYS_s17_T3_ctrl,122,235,129.83333333333334,1.0854452848434448,-0.2725847965394435
UBFC_PHYS_s17_T3_ctrl,122,236,129.86666666666667,1.0715274810791016,-0.10312954901992565
UBFC_PHYS_s17_T3_ctrl,122,237,129.9,0.9712697267532349,-0.0017603161500918587
UBFC_PHYS_s17_T3_ctrl,122,238,129.93333333333334,0.8181734085083008,0.031056836852595856
UBFC_PHYS_s17_T3_ctrl,122,239,129.96666666666667,0.8522949814796448,0.018546565430307395
UBFC_PHYS_s17_T3_ctrl,123,0,123.0,-0.9340476393699646,-0.0841242662810635
UBFC_PHYS_s17_T3_ctrl,123,1,123.03333333333333,-0.7467711567878723,0.10518982653778447
UBFC_PHYS_s17_T3_ctrl,123,2,123.06666666666666,-0.45127731561660767,0.26124334612025185
UBFC_PHYS_s17_T3_ctrl,123,3,123.1,-0.09922243654727936,0.35608908890201846
UBFC_PHYS_s17_T3_ctrl,123,4,123.13333333333334,0.22737295925617218,0.3765787701163427
UBFC_PHYS_s17_T3_ctrl,123,5,123.16666666666667,0.44726094603538513,0.3274518251780673
UBFC_PHYS_s17_T3_ctrl,123,6,123.2,0.52897709608078,0.23036089042812585
UBFC_PHYS_s17_T3_ctrl,123,7,123.23333333333333,0.5743359327316284,0.11936195549143812
UBFC_PHYS_s17_T3_ctrl,123,8,123.26666666666667,0.743503987789154,0.03367431847120383
UBFC_PHYS_s17_T3_ctrl,123,9,123.3,1.0112323760986328,0.008601659685170914
UBFC_PHYS_s17_T3_ctrl,123,10,123.33333333333333,1.1739389896392822,0.06631701314014868
UBFC_PHYS_s17_T3_ctrl,123,11,123.36666666666666,1.1123563051223755,0.20904308811205963
UBFC_PHYS_s17_T3_ctrl,123,12,123.4,0.8675004243850708,0.41691629867316476
UBFC_PHYS_s17_T3_ctrl,123,13,123.43333333333334,0.5397461652755737,0.6514917706379701
UBFC_PHYS_s17_T3_ctrl,123,14,123.46666666666667,0.2383527308702469,0.8641187279121305
UBFC_PHYS_s17_T3_ctrl,123,15,123.5,0.05395585298538208,1.007073024696904
UBFC_PHYS_s17_T3_ctrl,123,16,123.53333333333333,-0.0023476460482925177,1.0447726158282433
UBFC_PHYS_s17_T3_ctrl,123,17,123.56666666666666,-0.017108293250203133,0.9623172604206233
UBFC_PHYS_s17_T3_ctrl,123,18,123.6,-0.06038355827331543,0.7688270227376263
UBFC_PHYS_s17_T3_ctrl,123,19,123.63333333333334,-0.12117026746273041,0.4942996306918508
UBFC_PHYS_s17_T3_ctrl,123,20,123.66666666666667,-0.1604890674352646,0.1811538538071086
UBFC_PHYS_s17_T3_ctrl,123,21,123.7,-0.1794285774230957,-0.12624901232497057
UBFC_PHYS_s17_T3_ctrl,123,22,123.73333333333333,-0.1982627511024475,-0.3905692081275517
UBFC_PHYS_s17_T3_ctrl,123,23,123.76666666666667,-0.2144748717546463,-0.5868956662604475
UBFC_PHYS_s17_T3_ctrl,123,24,123.8,-0.21099834144115448,-0.7045821560881902
UBFC_PHYS_s17_T3_ctrl,123,25,123.83333333333333,-0.18003727495670319,-0.7468014028660854
UBFC_PHYS_s17_T3_ctrl,123,26,123.86666666666666,-0.12751464545726776,-0.7290469913379327
UBFC_PHYS_s17_T3_ctrl,123,27,123.9,-0.07948695123195648,-0.6767982786254395
UBFC_PHYS_s17_T3_ctrl,123,28,123.93333333333334,-0.052107762545347214,-0.6215887417645362
UBFC_PHYS_s17_T3_ctrl,123,29,123.96666666666667,-0.006386046763509512,-0.5947028342082523
UBFC_PHYS_s17_T3_ctrl,123,30,124.0,0.10680622607469559,-0.6189298389637229
UBFC_PHYS_s17_T3_ctrl,123,31,124.03333333333333,0.2735980153083801,-0.7004886406419615
UBFC_PHYS_s17_T3_ctrl,123,32,124.06666666666666,0.43000704050064087,-0.8242560603291073
UBFC_PHYS_s17_T3_ctrl,123,33,124.1,0.495440810918808,-0.9549795981154312
UBFC_PHYS_s17_T3_ctrl,123,34,124.13333333333334,0.4007432460784912,-1.0451876643832116
UBFC_PHYS_s17_T3_ctrl,123,35,124.16666666666667,0.19155411422252655,-1.0479179432769157
UBFC_PHYS_s17_T3_ctrl,123,36,124.2,0.019050024449825287,-0.9303800160574862
UBFC_PHYS_s17_T3_ctrl,123,37,124.23333333333333,-0.03829526528716087,-0.6840665981623238
UBFC_PHYS_s17_T3_ctrl,123,38,124.26666666666667,-0.040402255952358246,-0.32787835294818746
UBFC_PHYS_s17_T3_ctrl,123,39,124.3,-0.053535837680101395,0.09681768159689617
UBFC_PHYS_s17_T3_ctrl,123,40,124.33333333333333,-0.06959579139947891,0.5373852396066248
UBFC_PHYS_s17_T3_ctrl,123,41,124.36666666666666,-0.07867927104234695,0.9430759118040627
UBFC_PHYS_s17_T3_ctrl,123,42,124.4,-0.10456015169620514,1.2748930579110023
UBFC_PHYS_s17_T3_ctrl,123,43,124.43333333333334,-0.1582064926624298,1.508641534843553
UBFC_PHYS_s17_T3_ctrl,123,44,124.46666666666667,-0.20667900145053864,1.6317731626962904
UBFC_PHYS_s17_T3_ctrl,123,45,124.5,-0.2146855741739273,1.6383974069987606
UBFC_PHYS_s17_T3_ctrl,123,46,124.53333333333333,-0.20642147958278656,1.5273697248343705
UBFC_PHYS_s17_T3_ctrl,123,47,124.56666666666666,-0.2546364665031433,1.3052596688758726
UBFC_PHYS_s17_T3_ctrl,123,48,124.6,-0.38233187794685364,0.9913603327185844
UBFC_PHYS_s17_T3_ctrl,123,49,124.63333333333334,-0.5085289478302002,0.6196052504248926
UBFC_PHYS_s17_T3_ctrl,123,50,124.66666666666667,-0.5066794753074646,0.23443471523338738
UBFC_PHYS_s17_T3_ctrl,123,51,124.7,-0.33587270975112915,-0.1181500237432894
UBFC_PHYS_s17_T3_ctrl,123,52,124.73333333333333,-0.09518403559923172,-0.40052977271237994
UBFC_PHYS_s17_T3_ctrl,123,53,124.76666666666667,0.0767698884010315,-0.5906696303248482
UBFC_PHYS_s17_T3_ctrl,123,54,124.8,0.12310028821229935,-0.6846597766946572
UBFC_PHYS_s17_T3_ctrl,123,55,124.83333333333333,0.07098736613988876,-0.6947728202097807
UBFC_PHYS_s17_T3_ctrl,123,56,124.86666666666666,-0.008106756024062634,-0.6444802660953605
UBFC_PHYS_s17_T3_ctrl,123,57,124.9,-0.03236057236790657,-0.5621973821617021
UBFC_PHYS_s17_T3_ctrl,123,58,124.93333333333334,0.007801030296832323,-0.4753247421526067
UBFC_PHYS_s17_T3_ctrl,123,59,124.96666666666667,0.05125187709927559,-0.405683016906681
UBFC_PHYS_s17_T3_ctrl,123,60,125.0,0.07678159326314926,-0.3668430278353234
UBFC_PHYS_s17_T3_ctrl,123,61,125.03333333333333,0.12548822164535522,-0.3633126401105004
UBFC_PHYS_s17_T3_ctrl,123,62,125.06666666666666,0.18854579329490662,-0.39117830893201916
UBFC_PHYS_s17_T3_ctrl,123,63,125.1,0.19407078623771667,-0.43962375332162756
UBFC_PHYS_s17_T3_ctrl,123,64,125.13333333333334,0.10938143730163574,-0.4927752097912985
UBFC_PHYS_s17_T3_ctrl,123,65,125.16666666666667,-0.03401104733347893,-0.5316594039690773
UBFC_PHYS_s17_T3_ctrl,123,66,125.2,-0.21563372015953064,-0.5365977333145715
UBFC_PHYS_s17_T3_ctrl,123,67,125.23333333333333,-0.47502779960632324,-0.4905427760488956
UBFC_PHYS_s17_T3_ctrl,123,68,125.26666666666667,-0.8558313846588135,-0.3833269384783493
UBFC_PHYS_s17_T3_ctrl,123,69,125.3,-1.2885841131210327,-0.21593784746710246
UBFC_PHYS_s17_T3_ctrl,123,70,125.33333333333333,-1.5911363363265991,-0.0033560025982890228
UBFC_PHYS_s17_T3_ctrl,123,71,125.36666666666666,-1.6369868516921997,0.22566398594371476
UBFC_PHYS_s17_T3_ctrl,123,72,125.4,-1.4809173345565796,0.433134092356433
UBFC_PHYS_s17_T3_ctrl,123,73,125.43333333333334,-1.2779672145843506,0.580720336643216
UBFC_PHYS_s17_T3_ctrl,123,74,125.46666666666667,-1.1337201595306396,0.6409252734506619
UBFC_PHYS_s17_T3_ctrl,123,75,125.5,-1.0787277221679688,0.6066816793930966
UBFC_PHYS_s17_T3_ctrl,123,76,125.53333333333333,-1.1123692989349365,0.495208428642183
UBFC_PHYS_s17_T3_ctrl,123,77,125.56666666666666,-1.201167345046997,0.3438942504303713
UBFC_PHYS_s17_T3_ctrl,123,78,125.6,-1.3068095445632935,0.19939746660548877
UBFC_PHYS_s17_T3_ctrl,123,79,125.63333333333334,-1.4225536584854126,0.10398361448808674
UBFC_PHYS_s17_T3_ctrl,123,80,125.66666666666667,-1.5656183958053589,0.08369717543036759
UBFC_PHYS_s17_T3_ctrl,123,81,125.7,-1.7264169454574585,0.1417239456092925
UBFC_PHYS_s17_T3_ctrl,123,82,125.73333333333333,-1.8068220615386963,0.2584574064998161
UBFC_PHYS_s17_T3_ctrl,123,83,125.76666666666667,-1.6474164724349976,0.3977645133619082
UBFC_PHYS_s17_T3_ctrl,123,84,125.8,-1.2423005104064941,0.5170243154648883
UBFC_PHYS_s17_T3_ctrl,123,85,125.83333333333333,-0.8017753958702087,0.5775332918715088
UBFC_PHYS_s17_T3_ctrl,123,86,125.86666666666666,-0.4881145656108856,0.5524121383270196
UBFC_PHYS_s17_T3_ctrl,123,87,125.9,-0.31230953335762024,0.4307082235917166
UBFC_PHYS_s17_T3_ctrl,123,88,125.93333333333334,-0.2820507884025574,0.21799780523925746
UBFC_PHYS_s17_T3_ctrl,123,89,125.96666666666667,-0.40355396270751953,-0.06524217076497495
UBFC_PHYS_s17_T3_ctrl,123,90,126.0,-0.5618124604225159,-0.38618538629387117
UBFC_PHYS_s17_T3_ctrl,123,91,126.03333333333333,-0.5795345902442932,-0.7026028854146205
UBFC_PHYS_s17_T3_ctrl,123,92,126.06666666666666,-0.39363938570022583,-0.9667684794804571
UBFC_PHYS_s17_T3_ctrl,123,93,126.1,-0.07625623047351837,-1.1315080147554593
UBFC_PHYS_s17_T3_ctrl,123,94,126.13333333333334,0.23598821461200714,-1.1590718059481773
UBFC_PHYS_s17_T3_ctrl,123,95,126.16666666666667,0.4438663423061371,-1.0317194059264958
UBFC_PHYS_s17_T3_ctrl,123,96,126.2,0.5291175842285156,-0.7605747745161159
UBFC_PHYS_s17_T3_ctrl,123,97,126.23333333333333,0.5275724530220032,-0.3881338242312789
UBFC_PHYS_s17_T3_ctrl,123,98,126.26666666666667,0.5051798224449158,0.018813849604573628
UBFC_PHYS_s17_T3_ctrl,123,99,126.3,0.5160893201828003,0.3852735476561376
UBFC_PHYS_s17_T3_ctrl,123,100,126.33333333333333,0.5479868650436401,0.6480367853399885
UBFC_PHYS_s17_T3_ctrl,123,101,126.36666666666666,0.5868140459060669,0.7720167389635005
UBFC_PHYS_s17_T3_ctrl,123,102,126.4,0.6669499278068542,0.7568209762031984
UBFC_PHYS_s17_T3_ctrl,123,103,126.43333333333334,0.7747927904129028,0.6318695305521511
UBFC_PHYS_s17_T3_ctrl,123,104,126.46666666666667,0.8035181164741516,0.4432352832124991
UBFC_PHYS_s17_T3_ctrl,123,105,126.5,0.6997487545013428,0.23831623107782635
UBFC_PHYS_s17_T3_ctrl,123,106,126.53333333333333,0.530252993106842,0.05423862039348248
UBFC_PHYS_s17_T3_ctrl,123,107,126.56666666666666,0.36027732491493225,-0.08683643293168182
UBFC_PHYS_s17_T3_ctrl,123,108,126.6,0.19572126865386963,-0.1758927182512285
UBFC_PHYS_s17_T3_ctrl,123,109,126.63333333333334,0.035613320767879486,-0.21183371268187165
UBFC_PHYS_s17_T3_ctrl,123,110,126.66666666666667,-0.10272238403558731,-0.1967894065793309
UBFC_PHYS_s17_T3_ctrl,123,111,126.7,-0.1237688884139061,-0.13480159777753498
UBFC_PHYS_s17_T3_ctrl,123,112,126.73333333333333,0.09489001333713531,-0.03437540976122018
UBFC_PHYS_s17_T3_ctrl,123,113,126.76666666666667,0.4672539532184601,0.08739490308538772
UBFC_PHYS_s17_T3_ctrl,123,114,126.8,0.6982036232948303,0.20333828735709716
UBFC_PHYS_s17_T3_ctrl,123,115,126.83333333333333,0.6238385438919067,0.28086424270391075
UBFC_PHYS_s17_T3_ctrl,123,116,126.86666666666666,0.27461639046669006,0.2925182908195368
UBFC_PHYS_s17_T3_ctrl,123,117,126.9,-0.25668492913246155,0.22771601883460618
UBFC_PHYS_s17_T3_ctrl,123,118,126.93333333333334,-0.8087401390075684,0.09896133633306765
UBFC_PHYS_s17_T3_ctrl,123,119,126.96666666666667,-1.1530576944351196,-0.06178179953849926
UBFC_PHYS_s17_T3_ctrl,123,120,127.0,-1.1607247591018677,-0.21517573728076558
UBFC_PHYS_s17_T3_ctrl,123,121,127.03333333333333,-0.9060012102127075,-0.328825390542566
UBFC_PHYS_s17_T3_ctrl,123,122,127.06666666666666,-0.5786215662956238,-0.3871442721244866
UBFC_PHYS_s17_T3_ctrl,123,123,127.1,-0.34682905673980713,-0.3931162617180434
UBFC_PHYS_s17_T3_ctrl,123,124,127.13333333333334,-0.3491116464138031,-0.36209539095342097
UBFC_PHYS_s17_T3_ctrl,123,125,127.16666666666667,-0.5837017297744751,-0.3110295224996016
UBFC_PHYS_s17_T3_ctrl,123,126,127.2,-0.852998673915863,-0.24852479504899797
UBFC_PHYS_s17_T3_ctrl,123,127,127.23333333333333,-0.9854114055633545,-0.1709728510197421
UBFC_PHYS_s17_T3_ctrl,123,128,127.26666666666667,-1.0649268627166748,-0.06711384730394251
UBFC_PHYS_s17_T3_ctrl,123,129,127.3,-1.283983826637268,0.07105576889749564
UBFC_PHYS_s17_T3_ctrl,123,130,127.33333333333333,-1.5553760528564453,0.2370415211141485
UBFC_PHYS_s17_T3_ctrl,123,131,127.36666666666666,-1.5005942583084106,0.4051461541667155
UBFC_PHYS_s17_T3_ctrl,123,132,127.4,-0.9049360156059265,0.5359357664020865
UBFC_PHYS_s17_T3_ctrl,123,133,127.43333333333334,-0.04677005112171173,0.5900099590870245
UBFC_PHYS_s17_T3_ctrl,123,134,127.46666666666667,0.5887571573257446,0.543645215176611
UBFC_PHYS_s17_T3_ctrl,123,135,127.5,0.7763028144836426,0.39884160827330123
UBFC_PHYS_s17_T3_ctrl,123,136,127.53333333333333,0.6213335394859314,0.1833920660183715
UBFC_PHYS_s17_T3_ctrl,123,137,127.56666666666666,0.3912852108478546,-0.05828418369649454
UBFC_PHYS_s17_T3_ctrl,123,138,127.6,0.3031427264213562,-0.2786983039657231
UBFC_PHYS_s17_T3_ctrl,123,139,127.63333333333334,0.41715437173843384,-0.4392971370665926
UBFC_PHYS_s17_T3_ctrl,123,140,127.66666666666667,0.6381192803382874,-0.5170743918537144
UBFC_PHYS_s17_T3_ctrl,123,141,127.7,0.8352283239364624,-0.505503304048695
UBFC_PHYS_s17_T3_ctrl,123,142,127.73333333333333,0.910646915435791,-0.41219872015781694
UBFC_PHYS_s17_T3_ctrl,123,143,127.76666666666667,0.8373353481292725,-0.25610222546222833
UBFC_PHYS_s17_T3_ctrl,123,144,127.8,0.7088088393211365,-0.06519962522268688
UBFC_PHYS_s17_T3_ctrl,123,145,127.83333333333333,0.6106698513031006,0.12635601444871425
UBFC_PHYS_s17_T3_ctrl,123,146,127.86666666666666,0.48304468393325806,0.28339958079112726
UBFC_PHYS_s17_T3_ctrl,123,147,127.9,0.2296087145805359,0.3773929238641003
UBFC_PHYS_s17_T3_ctrl,123,148,127.93333333333334,-0.12341772019863129,0.3942563208959783
UBFC_PHYS_s17_T3_ctrl,123,149,127.96666666666667,-0.4267308712005615,0.3385083055148112
UBFC_PHYS_s17_T3_ctrl,123,150,128.0,-0.4861363172531128,0.23069417456319938
UBFC_PHYS_s17_T3_ctrl,123,151,128.03333333333333,-0.2230081856250763,0.0984033575285808
UBFC_PHYS_s17_T3_ctrl,123,152,128.06666666666666,0.12353339791297913,-0.03476798167434613
UBFC_PHYS_s17_T3_ctrl,123,153,128.1,0.2591417133808136,-0.15611635885317
UBFC_PHYS_s17_T3_ctrl,123,154,128.13333333333333,0.1746162325143814,-0.26262018658058445
UBFC_PHYS_s17_T3_ctrl,123,155,128.16666666666666,-0.0331331342458725,-0.3526302559449743
UBFC_PHYS_s17_T3_ctrl,123,156,128.2,-0.5336489677429199,-0.4161584981083583
UBFC_PHYS_s17_T3_ctrl,123,157,128.23333333333332,-1.4456720352172852,-0.43101754023852257
UBFC_PHYS_s17_T3_ctrl,123,158,128.26666666666668,-2.276412010192871,-0.36925662678404503
UBFC_PHYS_s17_T3_ctrl,123,159,128.3,-2.3298592567443848,-0.21240715692325432
UBFC_PHYS_s17_T3_ctrl,123,160,128.33333333333334,-1.5701249837875366,0.031901525570887955
UBFC_PHYS_s17_T3_ctrl,123,161,128.36666666666667,-0.428697407245636,0.3216458677620272
UBFC_PHYS_s17_T3_ctrl,123,162,128.4,0.6361176371574402,0.586776848671722
UBFC_PHYS_s17_T3_ctrl,123,163,128.43333333333334,1.1873300075531006,0.7494912043968129
UBFC_PHYS_s17_T3_ctrl,123,164,128.46666666666667,1.0812078714370728,0.7506534230718842
UBFC_PHYS_s17_T3_ctrl,123,165,128.5,0.7390792965888977,0.5713365356828295
UBFC_PHYS_s17_T3_ctrl,123,166,128.53333333333333,0.5925965309143066,0.2405765659911414
UBFC_PHYS_s17_T3_ctrl,123,167,128.56666666666666,0.511641263961792,-0.17324156227150136
UBFC_PHYS_s17_T3_ctrl,123,168,128.6,0.2653222382068634,-0.5827216785460011
UBFC_PHYS_s17_T3_ctrl,123,169,128.63333333333333,-0.05376994609832764,-0.9046578777268078
UBFC_PHYS_s17_T3_ctrl,123,170,128.66666666666666,-0.15955263376235962,-1.0780803115217128
UBFC_PHYS_s17_T3_ctrl,123,171,128.7,0.1481032520532608,-1.0733506790120517
UBFC_PHYS_s17_T3_ctrl,123,172,128.73333333333332,0.7824950218200684,-0.892930243068762
UBFC_PHYS_s17_T3_ctrl,123,173,128.76666666666668,1.4157981872558594,-0.5669458061933621
UBFC_PHYS_s17_T3_ctrl,123,174,128.8,1.8033207654953003,-0.14667942885290214
UBFC_PHYS_s17_T3_ctrl,123,175,128.83333333333334,1.9608417749404907,0.3026365248540515
UBFC_PHYS_s17_T3_ctrl,123,176,128.86666666666667,2.0085651874542236,0.7102792344640969
UBFC_PHYS_s17_T3_ctrl,123,177,128.9,2.029576539993286,1.0108942266660346
UBFC_PHYS_s17_T3_ctrl,123,178,128.93333333333334,2.0342938899993896,1.1574300173962582
UBFC_PHYS_s17_T3_ctrl,123,179,128.96666666666667,2.033053159713745,1.133030292194776
UBFC_PHYS_s17_T3_ctrl,123,180,129.0,2.0961575508117676,0.9566420638114836
UBFC_PHYS_s17_T3_ctrl,123,181,129.03333333333333,2.2564525604248047,0.6782390842384559
UBFC_PHYS_s17_T3_ctrl,123,182,129.06666666666666,2.4034154415130615,0.3643977715993873
UBFC_PHYS_s17_T3_ctrl,123,183,129.1,2.396052598953247,0.07980319606284672
UBFC_PHYS_s17_T3_ctrl,123,184,129.13333333333333,2.1973164081573486,-0.1286097164421928
UBFC_PHYS_s17_T3_ctrl,123,185,129.16666666666666,1.9302903413772583,-0.24037184990678304
UBFC_PHYS_s17_T3_ctrl,123,186,129.2,1.7763161659240723,-0.2617323874960949
UBFC_PHYS_s17_T3_ctrl,123,187,129.23333333333332,1.6612744331359863,-0.21883782901277127
UBFC_PHYS_s17_T3_ctrl,123,188,129.26666666666668,1.1813719272613525,-0.14692355466951437
UBFC_PHYS_s17_T3_ctrl,123,189,129.3,0.23803667724132538,-0.07929883224605479
UBFC_PHYS_s17_T3_ctrl,123,190,129.33333333333334,-0.6013770699501038,-0.03963473538747251
UBFC_PHYS_s17_T3_ctrl,123,191,129.36666666666667,-0.8225643634796143,-0.03946610746062924
UBFC_PHYS_s17_T3_ctrl,123,192,129.4,-0.5361071228981018,-0.0801741267972658
UBFC_PHYS_s17_T3_ctrl,123,193,129.43333333333334,-0.1585693657398224,-0.15679867856296556
UBFC_PHYS_s17_T3_ctrl,123,194,129.46666666666667,0.016825977712869644,-0.26120366085506797
UBFC_PHYS_s17_T3_ctrl,123,195,129.5,-0.18027137219905853,-0.3835763588656796
UBFC_PHYS_s17_T3_ctrl,123,196,129.53333333333333,-0.7368917465209961,-0.5124827783657111
UBFC_PHYS_s17_T3_ctrl,123,197,129.56666666666666,-1.23382568359375,-0.6342308705181833
UBFC_PHYS_s17_T3_ctrl,123,198,129.6,-1.210239052772522,-0.7323475568946824
UBFC_PHYS_s17_T3_ctrl,123,199,129.63333333333333,-0.689800500869751,-0.787924207510426
UBFC_PHYS_s17_T3_ctrl,123,200,129.66666666666666,-0.07989664375782013,-0.7815495829991135
UBFC_PHYS_s17_T3_ctrl,123,201,129.7,0.3857367932796478,-0.6971603095017529
UBFC_PHYS_s17_T3_ctrl,123,202,129.73333333333332,0.7420992851257324,-0.5271994409936921
UBFC_PHYS_s17_T3_ctrl,123,203,129.76666666666668,0.9863815903663635,-0.27756698026356913
UBFC_PHYS_s17_T3_ctrl,123,204,129.8,1.0758116245269775,0.02941989192479975
UBFC_PHYS_s17_T3_ctrl,123,205,129.83333333333334,1.0854452848434448,0.3556091402272381
UBFC_PHYS_s17_T3_ctrl,123,206,129.86666666666667,1.0715274810791016,0.652171495899808
UBFC_PHYS_s17_T3_ctrl,123,207,129.9,0.9712697267532349,0.8691625155322356
UBFC_PHYS_s17_T3_ctrl,123,208,129.93333333333334,0.8181734085083008,0.9673558490673843
UBFC_PHYS_s17_T3_ctrl,123,209,129.96666666666667,0.8522949814796448,0.9285642297751034
UBFC_PHYS_s17_T3_ctrl,123,210,130.0,1.2263211011886597,0.7606189813104338
UBFC_PHYS_s17_T3_ctrl,123,211,130.03333333333333,1.762433409690857,0.4951660414339584
UBFC_PHYS_s17_T3_ctrl,123,212,130.06666666666666,2.1033213138580322,0.179626879696341
UBFC_PHYS_s17_T3_ctrl,123,213,130.1,2.004011631011963,-0.13297747545728014
UBFC_PHYS_s17_T3_ctrl,123,214,130.13333333333333,1.466330885887146,-0.3926900662847781
UBFC_PHYS_s17_T3_ctrl,123,215,130.16666666666666,0.7300660610198975,-0.5581059216083275
UBFC_PHYS_s17_T3_ctrl,123,216,130.2,0.08327814936637878,-0.5993477749188864
UBFC_PHYS_s17_T3_ctrl,123,217,130.23333333333332,-0.30398690700531006,-0.50040052338795
UBFC_PHYS_s17_T3_ctrl,123,218,130.26666666666668,-0.39917609095573425,-0.26215416008227943
UBFC_PHYS_s17_T3_ctrl,123,219,130.3,-0.2961559295654297,0.0941225191066044
UBFC_PHYS_s17_T3_ctrl,123,220,130.33333333333334,-0.11360850930213928,0.5247468136890193
UBFC_PHYS_s17_T3_ctrl,123,221,130.36666666666667,0.13024064898490906,0.9656585968132292
UBFC_PHYS_s17_T3_ctrl,123,222,130.4,0.47970861196517944,1.3406172140002945
UBFC_PHYS_s17_T3_ctrl,123,223,130.43333333333334,0.8951722383499146,1.575519967142941
UBFC_PHYS_s17_T3_ctrl,123,224,130.46666666666667,1.2001475095748901,1.6156183687940324
UBFC_PHYS_s17_T3_ctrl,123,225,130.5,1.2108697891235352,1.4398378335526318
UBFC_PHYS_s17_T3_ctrl,123,226,130.53333333333333,0.9270697236061096,1.0662894409396637
UBFC_PHYS_s17_T3_ctrl,123,227,130.56666666666666,0.5639063119888306,0.5462567209815761
UBFC_PHYS_s17_T3_ctrl,123,228,130.6,0.33386969566345215,-0.05070168276912959
UBFC_PHYS_s17_T3_ctrl,123,229,130.63333333333333,0.3774609863758087,-0.6538559862989841
UBFC_PHYS_s17_T3_ctrl,123,230,130.66666666666666,0.7277834415435791,-1.203988225439864
UBFC_PHYS_s17_T3_ctrl,123,231,130.7,1.208025336265564,-1.658384449701174
UBFC_PHYS_s17_T3_ctrl,123,232,130.73333333333332,1.5291659832000732,-1.988983886040033
UBFC_PHYS_s17_T3_ctrl,123,233,130.76666666666668,1.5608410835266113,-2.1774297044974764
UBFC_PHYS_s17_T3_ctrl,123,234,130.8,1.3535131216049194,-2.2113961186514475
UBFC_PHYS_s17_T3_ctrl,123,235,130.83333333333334,0.9754135012626648,-2.084815367156437
UBFC_PHYS_s17_T3_ctrl,123,236,130.86666666666667,0.5286727547645569,-1.8015033822800195
UBFC_PHYS_s17_T3_ctrl,123,237,130.9,0.14100971817970276,-1.3791744100318162
UBFC_PHYS_s17_T3_ctrl,123,238,130.93333333333334,-0.1432819664478302,-0.8506088743238016
UBFC_PHYS_s17_T3_ctrl,123,239,130.96666666666667,-0.33206841349601746,-0.2609382729501634
UBFC_PHYS_s17_T3_ctrl,124,0,124.0,0.10680622607469559,-0.030250174392232224
UBFC_PHYS_s17_T3_ctrl,124,1,124.03333333333333,0.2735980153083801,-0.23145597113603852
UBFC_PHYS_s17_T3_ctrl,124,2,124.06666666666666,0.43000704050064087,-0.4401246916268259
UBFC_PHYS_s17_T3_ctrl,124,3,124.1,0.495440810918808,-0.6558626737958254
UBFC_PHYS_s17_T3_ctrl,124,4,124.13333333333334,0.4007432460784912,-0.8631306622468156
UBFC_PHYS_s17_T3_ctrl,124,5,124.16666666666667,0.19155411422252655,-1.0334124152253026
UBFC_PHYS_s17_T3_ctrl,124,6,124.2,0.019050024449825287,-1.1337143621522294
UBFC_PHYS_s17_T3_ctrl,124,7,124.23333333333333,-0.03829526528716087,-1.1374334019832488
UBFC_PHYS_s17_T3_ctrl,124,8,124.26666666666667,-0.040402255952358246,-1.0325706768335197
UBFC_PHYS_s17_T3_ctrl,124,9,124.3,-0.053535837680101395,-0.8238629255250699
UBFC_PHYS_s17_T3_ctrl,124,10,124.33333333333333,-0.06959579139947891,-0.5290640198951916
UBFC_PHYS_s17_T3_ctrl,124,11,124.36666666666666,-0.07867927104234695,-0.17296480107673728
UBFC_PHYS_s17_T3_ctrl,124,12,124.4,-0.10456015169620514,0.2165146282107662
UBFC_PHYS_s17_T3_ctrl,124,13,124.43333333333334,-0.1582064926624298,0.608074043827351
UBFC_PHYS_s17_T3_ctrl,124,14,124.46666666666667,-0.20667900145053864,0.9643390108813376
UBFC_PHYS_s17_T3_ctrl,124,15,124.5,-0.2146855741739273,1.241261365995195
UBFC_PHYS_s17_T3_ctrl,124,16,124.53333333333333,-0.20642147958278656,1.3938398536952126
UBFC_PHYS_s17_T3_ctrl,124,17,124.56666666666666,-0.2546364665031433,1.3885368644022564
UBFC_PHYS_s17_T3_ctrl,124,18,124.6,-0.38233187794685364,1.2173637525515721
UBFC_PHYS_s17_T3_ctrl,124,19,124.63333333333334,-0.5085289478302002,0.9057697547236968
UBFC_PHYS_s17_T3_ctrl,124,20,124.66666666666667,-0.5066794753074646,0.5089194110466775
UBFC_PHYS_s17_T3_ctrl,124,21,124.7,-0.33587270975112915,0.0969210255256583
UBFC_PHYS_s17_T3_ctrl,124,22,124.73333333333333,-0.09518403559923172,-0.26488684709246924
UBFC_PHYS_s17_T3_ctrl,124,23,124.76666666666667,0.0767698884010315,-0.532476243794199
UBFC_PHYS_s17_T3_ctrl,124,24,124.8,0.12310028821229935,-0.6907102062985032
UBFC_PHYS_s17_T3_ctrl,124,25,124.83333333333333,0.07098736613988876,-0.7507077538590567
UBFC_PHYS_s17_T3_ctrl,124,26,124.86666666666666,-0.008106756024062634,-0.7396517685232373
UBFC_PHYS_s17_T3_ctrl,124,27,124.9,-0.03236057236790657,-0.6878132502016837
UBFC_PHYS_s17_T3_ctrl,124,28,124.93333333333334,0.007801030296832323,-0.617841757697818
UBFC_PHYS_s17_T3_ctrl,124,29,124.96666666666667,0.05125187709927559,-0.5399926797526053
UBFC_PHYS_s17_T3_ctrl,124,30,125.0,0.07678159326314926,-0.4543609272891707
UBFC_PHYS_s17_T3_ctrl,124,31,125.03333333333333,0.12548822164535522,-0.3581406270958809
UBFC_PHYS_s17_T3_ctrl,124,32,125.06666666666666,0.18854579329490662,-0.2535210168894782
UBFC_PHYS_s17_T3_ctrl,124,33,125.1,0.19407078623771667,-0.15132829304437936
UBFC_PHYS_s17_T3_ctrl,124,34,125.13333333333334,0.10938143730163574,-0.06763697654893853
UBFC_PHYS_s17_T3_ctrl,124,35,125.16666666666667,-0.03401104733347893,-0.014785385588591797
UBFC_PHYS_s17_T3_ctrl,124,36,125.2,-0.21563372015953064,0.007565058683106382
UBFC_PHYS_s17_T3_ctrl,124,37,125.23333333333333,-0.47502779960632324,0.014928247156927216
UBFC_PHYS_s17_T3_ctrl,124,38,125.26666666666667,-0.8558313846588135,0.031723461465879725
UBFC_PHYS_s17_T3_ctrl,124,39,125.3,-1.2885841131210327,0.0794593757190607
UBFC_PHYS_s17_T3_ctrl,124,40,125.33333333333333,-1.5911363363265991,0.1654448069384262
UBFC_PHYS_s17_T3_ctrl,124,41,125.36666666666666,-1.6369868516921997,0.27745291438437186
UBFC_PHYS_s17_T3_ctrl,124,42,125.4,-1.4809173345565796,0.3869131961003415
UBFC_PHYS_s17_T3_ctrl,124,43,125.43333333333334,-1.2779672145843506,0.459522679575543
UBFC_PHYS_s17_T3_ctrl,124,44,125.46666666666667,-1.1337201595306396,0.4689650289439062
UBFC_PHYS_s17_T3_ctrl,124,45,125.5,-1.0787277221679688,0.407931887593666
UBFC_PHYS_s17_T3_ctrl,124,46,125.53333333333333,-1.1123692989349365,0.29159938509361244
UBFC_PHYS_s17_T3_ctrl,124,47,125.56666666666666,-1.201167345046997,0.15204472960438037
UBFC_PHYS_s17_T3_ctrl,124,48,125.6,-1.3068095445632935,0.02644307348812321
UBFC_PHYS_s17_T3_ctrl,124,49,125.63333333333334,-1.4225536584854126,-0.0553973733952053
UBFC_PHYS_s17_T3_ctrl,124,50,125.66666666666667,-1.5656183958053589,-0.07923343138523499
UBFC_PHYS_s17_T3_ctrl,124,51,125.7,-1.7264169454574585,-0.048185449412864234
UBFC_PHYS_s17_T3_ctrl,124,52,125.73333333333333,-1.8068220615386963,0.02119237385503902
UBFC_PHYS_s17_T3_ctrl,124,53,125.76666666666667,-1.6474164724349976,0.10603634695038683
UBFC_PHYS_s17_T3_ctrl,124,54,125.8,-1.2423005104064941,0.18423012617672122
UBFC_PHYS_s17_T3_ctrl,124,55,125.83333333333333,-0.8017753958702087,0.23871999856339132
UBFC_PHYS_s17_T3_ctrl,124,56,125.86666666666666,-0.4881145656108856,0.25815456839801093
UBFC_PHYS_s17_T3_ctrl,124,57,125.9,-0.31230953335762024,0.23498632096952163
UBFC_PHYS_s17_T3_ctrl,124,58,125.93333333333334,-0.2820507884025574,0.16354759587001963
UBFC_PHYS_s17_T3_ctrl,124,59,125.96666666666667,-0.40355396270751953,0.0405747016124863
UBFC_PHYS_s17_T3_ctrl,124,60,126.0,-0.5618124604225159,-0.13091030593287312
UBFC_PHYS_s17_T3_ctrl,124,61,126.03333333333333,-0.5795345902442932,-0.33591596177780203
UBFC_PHYS_s17_T3_ctrl,124,62,126.06666666666666,-0.39363938570022583,-0.5437107692250401
UBFC_PHYS_s17_T3_ctrl,124,63,126.1,-0.07625623047351837,-0.7101088741457875
UBFC_PHYS_s17_T3_ctrl,124,64,126.13333333333334,0.23598821461200714,-0.7878342229280956
UBFC_PHYS_s17_T3_ctrl,124,65,126.16666666666667,0.4438663423061371,-0.7427991954647191
UBFC_PHYS_s17_T3_ctrl,124,66,126.2,0.5291175842285156,-0.5698097193641818
UBFC_PHYS_s17_T3_ctrl,124,67,126.23333333333333,0.5275724530220032,-0.29971266522493883
UBFC_PHYS_s17_T3_ctrl,124,68,126.26666666666667,0.5051798224449158,0.006942538873478283
UBFC_PHYS_s17_T3_ctrl,124,69,126.3,0.5160893201828003,0.27850825964004344
UBFC_PHYS_s17_T3_ctrl,124,70,126.33333333333333,0.5479868650436401,0.45592526535097305
UBFC_PHYS_s17_T3_ctrl,124,71,126.36666666666666,0.5868140459060669,0.5116272354506505
UBFC_PHYS_s17_T3_ctrl,124,72,126.4,0.6669499278068542,0.4558832473035766
UBFC_PHYS_s17_T3_ctrl,124,73,126.43333333333334,0.7747927904129028,0.3285550470524469
UBFC_PHYS_s17_T3_ctrl,124,74,126.46666666666667,0.8035181164741516,0.18083500536474423
UBFC_PHYS_s17_T3_ctrl,124,75,126.5,0.6997487545013428,0.05570242357585214
UBFC_PHYS_s17_T3_ctrl,124,76,126.53333333333333,0.530252993106842,-0.02442500174855685
UBFC_PHYS_s17_T3_ctrl,124,77,126.56666666666666,0.36027732491493225,-0.05858237551282932
UBFC_PHYS_s17_T3_ctrl,124,78,126.6,0.19572126865386963,-0.05830964306148253
UBFC_PHYS_s17_T3_ctrl,124,79,126.63333333333334,0.035613320767879486,-0.03512764150815262
UBFC_PHYS_s17_T3_ctrl,124,80,126.66666666666667,-0.10272238403558731,0.008063745560984907
UBFC_PHYS_s17_T3_ctrl,124,81,126.7,-0.1237688884139061,0.07670327170914526
UBFC_PHYS_s17_T3_ctrl,124,82,126.73333333333333,0.09489001333713531,0.1754963384684799
UBFC_PHYS_s17_T3_ctrl,124,83,126.76666666666667,0.4672539532184601,0.295997474424555
UBFC_PHYS_s17_T3_ctrl,124,84,126.8,0.6982036232948303,0.40928675765604744
UBFC_PHYS_s17_T3_ctrl,124,85,126.83333333333333,0.6238385438919067,0.47050281955405476
UBFC_PHYS_s17_T3_ctrl,124,86,126.86666666666666,0.27461639046669006,0.43559889214273245
UBFC_PHYS_s17_T3_ctrl,124,87,126.9,-0.25668492913246155,0.2830527026035181
UBFC_PHYS_s17_T3_ctrl,124,88,126.93333333333334,-0.8087401390075684,0.029077314467816553
UBFC_PHYS_s17_T3_ctrl,124,89,126.96666666666667,-1.1530576944351196,-0.2727789206365669
UBFC_PHYS_s17_T3_ctrl,124,90,127.0,-1.1607247591018677,-0.5486105286948354
UBFC_PHYS_s17_T3_ctrl,124,91,127.03333333333333,-0.9060012102127075,-0.7301351985088893
UBFC_PHYS_s17_T3_ctrl,124,92,127.06666666666666,-0.5786215662956238,-0.7784403680333993
UBFC_PHYS_s17_T3_ctrl,124,93,127.1,-0.34682905673980713,-0.6959461038811399
UBFC_PHYS_s17_T3_ctrl,124,94,127.13333333333334,-0.3491116464138031,-0.5219871591096522
UBFC_PHYS_s17_T3_ctrl,124,95,127.16666666666667,-0.5837017297744751,-0.3140390920138352
UBFC_PHYS_s17_T3_ctrl,124,96,127.2,-0.852998673915863,-0.12298461554562794
UBFC_PHYS_s17_T3_ctrl,124,97,127.23333333333333,-0.9854114055633545,0.026130953284907693
UBFC_PHYS_s17_T3_ctrl,124,98,127.26666666666667,-1.0649268627166748,0.13883773102753694
UBFC_PHYS_s17_T3_ctrl,124,99,127.3,-1.283983826637268,0.2396807831770653
UBFC_PHYS_s17_T3_ctrl,124,100,127.33333333333333,-1.5553760528564453,0.35121854792352536
UBFC_PHYS_s17_T3_ctrl,124,101,127.36666666666666,-1.5005942583084106,0.4755215112004839
UBFC_PHYS_s17_T3_ctrl,124,102,127.4,-0.9049360156059265,0.5883730284261361
UBFC_PHYS_s17_T3_ctrl,124,103,127.43333333333334,-0.04677005112171173,0.6491169695860266
UBFC_PHYS_s17_T3_ctrl,124,104,127.46666666666667,0.5887571573257446,0.6205882216665007
UBFC_PHYS_s17_T3_ctrl,124,105,127.5,0.7763028144836426,0.488472269407467
UBFC_PHYS_s17_T3_ctrl,124,106,127.53333333333333,0.6213335394859314,0.27040220078750504
UBFC_PHYS_s17_T3_ctrl,124,107,127.56666666666666,0.3912852108478546,0.010972255466355036
UBFC_PHYS_s17_T3_ctrl,124,108,127.6,0.3031427264213562,-0.23396262512119953
UBFC_PHYS_s17_T3_ctrl,124,109,127.63333333333334,0.41715437173843384,-0.41578042990789454
UBFC_PHYS_s17_T3_ctrl,124,110,127.66666666666667,0.6381192803382874,-0.5066611028371804
UBFC_PHYS_s17_T3_ctrl,124,111,127.7,0.8352283239364624,-0.5042195733719637
UBFC_PHYS_s17_T3_ctrl,124,112,127.73333333333333,0.910646915435791,-0.42759960693569177
UBFC_PHYS_s17_T3_ctrl,124,113,127.76666666666667,0.8373353481292725,-0.30842285786259055
UBFC_PHYS_s17_T3_ctrl,124,114,127.8,0.7088088393211365,-0.18069174151280776
UBFC_PHYS_s17_T3_ctrl,124,115,127.83333333333333,0.6106698513031006,-0.07253719959948478
UBFC_PHYS_s17_T3_ctrl,124,116,127.86666666666666,0.48304468393325806,-0.0008317905487095032
UBFC_PHYS_s17_T3_ctrl,124,117,127.9,0.2296087145805359,0.031369835036518516
UBFC_PHYS_s17_T3_ctrl,124,118,127.93333333333334,-0.12341772019863129,0.03431121074089281
UBFC_PHYS_s17_T3_ctrl,124,119,127.96666666666667,-0.4267308712005615,0.027194272072885384
UBFC_PHYS_s17_T3_ctrl,124,120,128.0,-0.4861363172531128,0.030034546121402616
UBFC_PHYS_s17_T3_ctrl,124,121,128.03333333333333,-0.2230081856250763,0.05393795112571343
UBFC_PHYS_s17_T3_ctrl,124,122,128.06666666666666,0.12353339791297913,0.09438442106040004
UBFC_PHYS_s17_T3_ctrl,124,123,128.1,0.2591417133808136,0.13215012213688404
UBFC_PHYS_s17_T3_ctrl,124,124,128.13333333333333,0.1746162325143814,0.14299612497960187
UBFC_PHYS_s17_T3_ctrl,124,125,128.16666666666666,-0.0331331342458725,0.11216265275418014
UBFC_PHYS_s17_T3_ctrl,124,126,128.2,-0.5336489677429199,0.04627036323049366
UBFC_PHYS_s17_T3_ctrl,124,127,128.23333333333332,-1.4456720352172852,-0.024489238228998317
UBFC_PHYS_s17_T3_ctrl,124,128,128.26666666666668,-2.276412010192871,-0.05681136616265132
UBFC_PHYS_s17_T3_ctrl,124,129,128.3,-2.3298592567443848,-0.014077589864764265
UBFC_PHYS_s17_T3_ctrl,124,130,128.33333333333334,-1.5701249837875366,0.11312988574884024
UBFC_PHYS_s17_T3_ctrl,124,131,128.36666666666667,-0.428697407245636,0.2959534857025341
UBFC_PHYS_s17_T3_ctrl,124,132,128.4,0.6361176371574402,0.47225684959349384
UBFC_PHYS_s17_T3_ctrl,124,133,128.43333333333334,1.1873300075531006,0.5671992244101286
UBFC_PHYS_s17_T3_ctrl,124,134,128.46666666666667,1.0812078714370728,0.5214666998300603
UBFC_PHYS_s17_T3_ctrl,124,135,128.5,0.7390792965888977,0.3152365440774704
UBFC_PHYS_s17_T3_ctrl,124,136,128.53333333333333,0.5925965309143066,-0.02236926658587908
UBFC_PHYS_s17_T3_ctrl,124,137,128.56666666666666,0.511641263961792,-0.42194190515816665
UBFC_PHYS_s17_T3_ctrl,124,138,128.6,0.2653222382068634,-0.7958434780230851
UBFC_PHYS_s17_T3_ctrl,124,139,128.63333333333333,-0.05376994609832764,-1.063636777219636
UBFC_PHYS_s17_T3_ctrl,124,140,128.66666666666666,-0.15955263376235962,-1.1713607006133135
UBFC_PHYS_s17_T3_ctrl,124,141,128.7,0.1481032520532608,-1.0998602056830333
UBFC_PHYS_s17_T3_ctrl,124,142,128.73333333333332,0.7824950218200684,-0.8628016917391577
UBFC_PHYS_s17_T3_ctrl,124,143,128.76666666666668,1.4157981872558594,-0.49860701314313643
UBFC_PHYS_s17_T3_ctrl,124,144,128.8,1.8033207654953003,-0.061245237028981776
UBFC_PHYS_s17_T3_ctrl,124,145,128.83333333333334,1.9608417749404907,0.3871970778923926
UBFC_PHYS_s17_T3_ctrl,124,146,128.86666666666667,2.0085651874542236,0.7825270424447728
UBFC_PHYS_s17_T3_ctrl,124,147,128.9,2.029576539993286,1.0655292269768988
UBFC_PHYS_s17_T3_ctrl,124,148,128.93333333333334,2.0342938899993896,1.1918786457869144
UBFC_PHYS_s17_T3_ctrl,124,149,128.96666666666667,2.033053159713745,1.1434124177346656
UBFC_PHYS_s17_T3_ctrl,124,150,129.0,2.0961575508117676,0.93585173088053
UBFC_PHYS_s17_T3_ctrl,124,151,129.03333333333333,2.2564525604248047,0.6176750904949639
UBFC_PHYS_s17_T3_ctrl,124,152,129.06666666666666,2.4034154415130615,0.258737294445606
UBFC_PHYS_s17_T3_ctrl,124,153,129.1,2.396052598953247,-0.06764201728632792
UBFC_PHYS_s17_T3_ctrl,124,154,129.13333333333333,2.1973164081573486,-0.3028088877824444
UBFC_PHYS_s17_T3_ctrl,124,155,129.16666666666666,1.9302903413772583,-0.41546538541909833
UBFC_PHYS_s17_T3_ctrl,124,156,129.2,1.7763161659240723,-0.40585362405923
UBFC_PHYS_s17_T3_ctrl,124,157,129.23333333333332,1.6612744331359863,-0.3013829051787487
UBFC_PHYS_s17_T3_ctrl,124,158,129.26666666666668,1.1813719272613525,-0.14601734788554946
UBFC_PHYS_s17_T3_ctrl,124,159,129.3,0.23803667724132538,0.012789724297014592
UBFC_PHYS_s17_T3_ctrl,124,160,129.33333333333334,-0.6013770699501038,0.13536119332512925
UBFC_PHYS_s17_T3_ctrl,124,161,129.36666666666667,-0.8225643634796143,0.19614216511939245
UBFC_PHYS_s17_T3_ctrl,124,162,129.4,-0.5361071228981018,0.1846703744706322
UBFC_PHYS_s17_T3_ctrl,124,163,129.43333333333334,-0.1585693657398224,0.10316171583005475
UBFC_PHYS_s17_T3_ctrl,124,164,129.46666666666667,0.016825977712869644,-0.036699069505674545
UBFC_PHYS_s17_T3_ctrl,124,165,129.5,-0.18027137219905853,-0.21619661491469008
UBFC_PHYS_s17_T3_ctrl,124,166,129.53333333333333,-0.7368917465209961,-0.41113536449092114
UBFC_PHYS_s17_T3_ctrl,124,167,129.56666666666666,-1.23382568359375,-0.5933080111573955
UBFC_PHYS_s17_T3_ctrl,124,168,129.6,-1.210239052772522,-0.7327460747906616
UBFC_PHYS_s17_T3_ctrl,124,169,129.63333333333333,-0.689800500869751,-0.8011836618408426
UBFC_PHYS_s17_T3_ctrl,124,170,129.66666666666666,-0.07989664375782013,-0.7767013755886591
UBFC_PHYS_s17_T3_ctrl,124,171,129.7,0.3857367932796478,-0.6489548630800517
UBFC_PHYS_s17_T3_ctrl,124,172,129.73333333333332,0.7420992851257324,-0.4236658010617209
UBFC_PHYS_s17_T3_ctrl,124,173,129.76666666666668,0.9863815903663635,-0.12463500855672686
UBFC_PHYS_s17_T3_ctrl,124,174,129.8,1.0758116245269775,0.20811064079284036
UBFC_PHYS_s17_T3_ctrl,124,175,129.83333333333334,1.0854452848434448,0.5244362467249712
UBFC_PHYS_s17_T3_ctrl,124,176,129.86666666666667,1.0715274810791016,0.7736190219234879
UBFC_PHYS_s17_T3_ctrl,124,177,129.9,0.9712697267532349,0.9150601550992038
UBFC_PHYS_s17_T3_ctrl,124,178,129.93333333333334,0.8181734085083008,0.9269748872231206
UBFC_PHYS_s17_T3_ctrl,124,179,129.96666666666667,0.8522949814796448,0.8101610521803972
UBFC_PHYS_s17_T3_ctrl,124,180,130.0,1.2263211011886597,0.5859378720834304
UBFC_PHYS_s17_T3_ctrl,124,181,130.03333333333333,1.762433409690857,0.2897835217848187
UBFC_PHYS_s17_T3_ctrl,124,182,130.06666666666666,2.1033213138580322,-0.036435199413519505
UBFC_PHYS_s17_T3_ctrl,124,183,130.1,2.004011631011963,-0.35084776769058196
UBFC_PHYS_s17_T3_ctrl,124,184,130.13333333333333,1.466330885887146,-0.6150057816197223
UBFC_PHYS_s17_T3_ctrl,124,185,130.16666666666666,0.7300660610198975,-0.7946449495885286
UBFC_PHYS_s17_T3_ctrl,124,186,130.2,0.08327814936637878,-0.8598596377501095
UBFC_PHYS_s17_T3_ctrl,124,187,130.23333333333332,-0.30398690700531006,-0.7873816589731031
UBFC_PHYS_s17_T3_ctrl,124,188,130.26666666666668,-0.39917609095573425,-0.5664590158715993
UBFC_PHYS_s17_T3_ctrl,124,189,130.3,-0.2961559295654297,-0.20728352753141452
UBFC_PHYS_s17_T3_ctrl,124,190,130.33333333333334,-0.11360850930213928,0.25173462570248967
UBFC_PHYS_s17_T3_ctrl,124,191,130.36666666666667,0.13024064898490906,0.7428615221306666
UBFC_PHYS_s17_T3_ctrl,124,192,130.4,0.47970861196517944,1.1779939682674463
UBFC_PHYS_s17_T3_ctrl,124,193,130.43333333333334,0.8951722383499146,1.4677430693510505
UBFC_PHYS_s17_T3_ctrl,124,194,130.46666666666667,1.2001475095748901,1.5454174640059772
UBFC_PHYS_s17_T3_ctrl,124,195,130.5,1.2108697891235352,1.3867353846438797
UBFC_PHYS_s17_T3_ctrl,124,196,130.53333333333333,0.9270697236061096,1.0163459878457146
UBFC_PHYS_s17_T3_ctrl,124,197,130.56666666666666,0.5639063119888306,0.4977377229017491
UBFC_PHYS_s17_T3_ctrl,124,198,130.6,0.33386969566345215,-0.08835212915232862
UBFC_PHYS_s17_T3_ctrl,124,199,130.63333333333333,0.3774609863758087,-0.6661381567446305
UBFC_PHYS_s17_T3_ctrl,124,200,130.66666666666666,0.7277834415435791,-1.177960784427464
UBFC_PHYS_s17_T3_ctrl,124,201,130.7,1.208025336265564,-1.5851772362696086
UBFC_PHYS_s17_T3_ctrl,124,202,130.73333333333332,1.5291659832000732,-1.8603232448671163
UBFC_PHYS_s17_T3_ctrl,124,203,130.76666666666668,1.5608410835266113,-1.9781050970123268
UBFC_PHYS_s17_T3_ctrl,124,204,130.8,1.3535131216049194,-1.9126846583349721
UBFC_PHYS_s17_T3_ctrl,124,205,130.83333333333334,0.9754135012626648,-1.6449015108762075
UBFC_PHYS_s17_T3_ctrl,124,206,130.86666666666667,0.5286727547645569,-1.1772819576764721
UBFC_PHYS_s17_T3_ctrl,124,207,130.9,0.14100971817970276,-0.5494012851976362
UBFC_PHYS_s17_T3_ctrl,124,208,130.93333333333334,-0.1432819664478302,0.15610710136916706
UBFC_PHYS_s17_T3_ctrl,124,209,130.96666666666667,-0.33206841349601746,0.824150777718857
UBFC_PHYS_s17_T3_ctrl,124,210,131.0,-0.42362889647483826,1.3346734272395218
UBFC_PHYS_s17_T3_ctrl,124,211,131.03333333333333,-0.45907318592071533,1.5986265066552279
UBFC_PHYS_s17_T3_ctrl,124,212,131.06666666666666,-0.5113734006881714,1.5878758964217443
UBFC_PHYS_s17_T3_ctrl,124,213,131.1,-0.6139253377914429,1.3451756488294293
UBFC_PHYS_s17_T3_ctrl,124,214,131.13333333333333,-0.8085996508598328,0.9687186831149248
UBFC_PHYS_s17_T3_ctrl,124,215,131.16666666666666,-1.1388355493545532,0.5772545591352359
UBFC_PHYS_s17_T3_ctrl,124,216,131.2,-1.5494296550750732,0.2700498006771697
UBFC_PHYS_s17_T3_ctrl,124,217,131.23333333333332,-1.9334874153137207,0.09743124247021304
UBFC_PHYS_s17_T3_ctrl,124,218,131.26666666666668,-2.246551275253296,0.05223420433804034
UBFC_PHYS_s17_T3_ctrl,124,219,131.3,-2.4476051330566406,0.0834471493765897
UBFC_PHYS_s17_T3_ctrl,124,220,131.33333333333334,-2.4407806396484375,0.12486500238543168
UBFC_PHYS_s17_T3_ctrl,124,221,131.36666666666667,-2.158935546875,0.1261925960930543
UBFC_PHYS_s17_T3_ctrl,124,222,131.4,-1.6317778825759888,0.0732523003940644
UBFC_PHYS_s17_T3_ctrl,124,223,131.43333333333334,-0.9686959385871887,-0.01112146478874266
UBFC_PHYS_s17_T3_ctrl,124,224,131.46666666666667,-0.2899636924266815,-0.08449426951889755
UBFC_PHYS_s17_T3_ctrl,124,225,131.5,0.33137640357017517,-0.11061555943760101
UBFC_PHYS_s17_T3_ctrl,124,226,131.53333333333333,0.8036351799964905,-0.0802369605903756
UBFC_PHYS_s17_T3_ctrl,124,227,131.56666666666666,0.9716911315917969,-0.017012489173657136
UBFC_PHYS_s17_T3_ctrl,124,228,131.6,0.7996904253959656,0.03348962597592534
UBFC_PHYS_s17_T3_ctrl,124,229,131.63333333333333,0.5439835786819458,0.025312712510437024
UBFC_PHYS_s17_T3_ctrl,124,230,131.66666666666666,0.4922100901603699,-0.06670711547864214
UBFC_PHYS_s17_T3_ctrl,124,231,131.7,0.5812305212020874,-0.2358139719234932
UBFC_PHYS_s17_T3_ctrl,124,232,131.73333333333332,0.4705432057380676,-0.44607983869992335
UBFC_PHYS_s17_T3_ctrl,124,233,131.76666666666668,0.0003095044812653214,-0.6459157043458857
UBFC_PHYS_s17_T3_ctrl,124,234,131.8,-0.5422876477241516,-0.7851066523239048
UBFC_PHYS_s17_T3_ctrl,124,235,131.83333333333334,-0.8137149810791016,-0.8283399559985589
UBFC_PHYS_s17_T3_ctrl,124,236,131.86666666666667,-0.8273519277572632,-0.7617295595752189
UBFC_PHYS_s17_T3_ctrl,124,237,131.9,-0.7723008990287781,-0.5927783614539933
UBFC_PHYS_s17_T3_ctrl,124,238,131.93333333333334,-0.7119824290275574,-0.3461488870608971
UBFC_PHYS_s17_T3_ctrl,124,239,131.96666666666667,-0.683116614818573,-0.05772016459358226
UBFC_PHYS_s17_T3_ctrl,125,0,125.0,0.07678159326314926,-0.029339080343002432
UBFC_PHYS_s17_T3_ctrl,125,1,125.03333333333333,0.12548822164535522,0.2375064524466503
UBFC_PHYS_s17_T3_ctrl,125,2,125.06666666666666,0.18854579329490662,0.4522820404654225
UBFC_PHYS_s17_T3_ctrl,125,3,125.1,0.19407078623771667,0.5733744229852722
UBFC_PHYS_s17_T3_ctrl,125,4,125.13333333333334,0.10938143730163574,0.5795638404685568
UBFC_PHYS_s17_T3_ctrl,125,5,125.16666666666667,-0.03401104733347893,0.47593003533038986
UBFC_PHYS_s17_T3_ctrl,125,6,125.2,-0.21563372015953064,0.2934166185376957
UBFC_PHYS_s17_T3_ctrl,125,7,125.23333333333333,-0.47502779960632324,0.08087753307197816
UBFC_PHYS_s17_T3_ctrl,125,8,125.26666666666667,-0.8558313846588135,-0.10870879927192253
UBFC_PHYS_s17_T3_ctrl,125,9,125.3,-1.2885841131210327,-0.2334878021617549
UBFC_PHYS_s17_T3_ctrl,125,10,125.33333333333333,-1.5911363363265991,-0.27408110276167114
UBFC_PHYS_s17_T3_ctrl,125,11,125.36666666666666,-1.6369868516921997,-0.23703696669350996
UBFC_PHYS_s17_T3_ctrl,125,12,125.4,-1.4809173345565796,-0.14954436038099664
UBFC_PHYS_s17_T3_ctrl,125,13,125.43333333333334,-1.2779672145843506,-0.04793325073146646
UBFC_PHYS_s17_T3_ctrl,125,14,125.46666666666667,-1.1337201595306396,0.03553345270905858
UBFC_PHYS_s17_T3_ctrl,125,15,125.5,-1.0787277221679688,0.08282631812510234
UBFC_PHYS_s17_T3_ctrl,125,16,125.53333333333333,-1.1123692989349365,0.09378851265542658
UBFC_PHYS_s17_T3_ctrl,125,17,125.56666666666666,-1.201167345046997,0.08242894535844855
UBFC_PHYS_s17_T3_ctrl,125,18,125.6,-1.3068095445632935,0.06836420030450752
UBFC_PHYS_s17_T3_ctrl,125,19,125.63333333333334,-1.4225536584854126,0.06786746380733928
UBFC_PHYS_s17_T3_ctrl,125,20,125.66666666666667,-1.5656183958053589,0.08826023075060727
UBFC_PHYS_s17_T3_ctrl,125,21,125.7,-1.7264169454574585,0.12699994950163176
UBFC_PHYS_s17_T3_ctrl,125,22,125.73333333333333,-1.8068220615386963,0.17458116451927355
UBFC_PHYS_s17_T3_ctrl,125,23,125.76666666666667,-1.6474164724349976,0.2190626665609267
UBFC_PHYS_s17_T3_ctrl,125,24,125.8,-1.2423005104064941,0.24978655224591786
UBFC_PHYS_s17_T3_ctrl,125,25,125.83333333333333,-0.8017753958702087,0.2587557920031021
UBFC_PHYS_s17_T3_ctrl,125,26,125.86666666666666,-0.4881145656108856,0.2398464911956102
UBFC_PHYS_s17_T3_ctrl,125,27,125.9,-0.31230953335762024,0.18749272559467203
UBFC_PHYS_s17_T3_ctrl,125,28,125.93333333333334,-0.2820507884025574,0.09674908817150352
UBFC_PHYS_s17_T3_ctrl,125,29,125.96666666666667,-0.40355396270751953,-0.03433156888367168
UBFC_PHYS_s17_T3_ctrl,125,30,126.0,-0.5618124604225159,-0.20064436948894224
UBFC_PHYS_s17_T3_ctrl,125,31,126.03333333333333,-0.5795345902442932,-0.3862931200131837
UBFC_PHYS_s17_T3_ctrl,125,32,126.06666666666666,-0.39363938570022583,-0.5636181619243811
UBFC_PHYS_s17_T3_ctrl,125,33,126.1,-0.07625623047351837,-0.696838975147417
UBFC_PHYS_s17_T3_ctrl,125,34,126.13333333333334,0.23598821461200714,-0.750614168789387
UBFC_PHYS_s17_T3_ctrl,125,35,126.16666666666667,0.4438663423061371,-0.7015480070594865
UBFC_PHYS_s17_T3_ctrl,125,36,126.2,0.5291175842285156,-0.5484188763155975
UBFC_PHYS_s17_T3_ctrl,125,37,126.23333333333333,0.5275724530220032,-0.31619944783166454
UBFC_PHYS_s17_T3_ctrl,125,38,126.26666666666667,0.5051798224449158,-0.050842963978815305
UBFC_PHYS_s17_T3_ctrl,125,39,126.3,0.5160893201828003,0.19425809393674218
UBFC_PHYS_s17_T3_ctrl,125,40,126.33333333333333,0.5479868650436401,0.37512738534520035
UBFC_PHYS_s17_T3_ctrl,125,41,126.36666666666666,0.5868140459060669,0.470371012956057
UBFC_PHYS_s17_T3_ctrl,125,42,126.4,0.6669499278068542,0.4851367072597272
UBFC_PHYS_s17_T3_ctrl,125,43,126.43333333333334,0.7747927904129028,0.4446036706245093
UBFC_PHYS_s17_T3_ctrl,125,44,126.46666666666667,0.8035181164741516,0.3806149910720299
UBFC_PHYS_s17_T3_ctrl,125,45,126.5,0.6997487545013428,0.3180239480686636
UBFC_PHYS_s17_T3_ctrl,125,46,126.53333333333333,0.530252993106842,0.2668522030029019
UBFC_PHYS_s17_T3_ctrl,125,47,126.56666666666666,0.36027732491493225,0.22302012631588375
UBFC_PHYS_s17_T3_ctrl,125,48,126.6,0.19572126865386963,0.17608604950132392
UBFC_PHYS_s17_T3_ctrl,125,49,126.63333333333334,0.035613320767879486,0.119164589409305
UBFC_PHYS_s17_T3_ctrl,125,50,126.66666666666667,-0.10272238403558731,0.05541469790952268
UBFC_PHYS_s17_T3_ctrl,125,51,126.7,-0.1237688884139061,-0.0025528086316318
UBFC_PHYS_s17_T3_ctrl,125,52,126.73333333333333,0.09489001333713531,-0.04017867529896902
UBFC_PHYS_s17_T3_ctrl,125,53,126.76666666666667,0.4672539532184601,-0.05118620478419207
UBFC_PHYS_s17_T3_ctrl,125,54,126.8,0.6982036232948303,-0.044165038686743784
UBFC_PHYS_s17_T3_ctrl,125,55,126.83333333333333,0.6238385438919067,-0.04052495157826963
UBFC_PHYS_s17_T3_ctrl,125,56,126.86666666666666,0.27461639046669006,-0.06374589121225979
UBFC_PHYS_s17_T3_ctrl,125,57,126.9,-0.25668492913246155,-0.12538140785097926
UBFC_PHYS_s17_T3_ctrl,125,58,126.93333333333334,-0.8087401390075684,-0.21584253998830874
UBFC_PHYS_s17_T3_ctrl,125,59,126.96666666666667,-1.1530576944351196,-0.3057692684551789
UBFC_PHYS_s17_T3_ctrl,125,60,127.0,-1.1607247591018677,-0.3578385681707107
UBFC_PHYS_s17_T3_ctrl,125,61,127.03333333333333,-0.9060012102127075,-0.3432242320603145
UBFC_PHYS_s17_T3_ctrl,125,62,127.06666666666666,-0.5786215662956238,-0.25513495764951677
UBFC_PHYS_s17_T3_ctrl,125,63,127.1,-0.34682905673980713,-0.11359354698104607
UBFC_PHYS_s17_T3_ctrl,125,64,127.13333333333334,-0.3491116464138031,0.040984451324177426
UBFC_PHYS_s17_T3_ctrl,125,65,127.16666666666667,-0.5837017297744751,0.16349565325788276
UBFC_PHYS_s17_T3_ctrl,125,66,127.2,-0.852998673915863,0.22275215631531056
UBFC_PHYS_s17_T3_ctrl,125,67,127.23333333333333,-0.9854114055633545,0.21438672087950358
UBFC_PHYS_s17_T3_ctrl,125,68,127.26666666666667,-1.0649268627166748,0.16147486256553317
UBFC_PHYS_s17_T3_ctrl,125,69,127.3,-1.283983826637268,0.10212621835546137
UBFC_PHYS_s17_T3_ctrl,125,70,127.33333333333333,-1.5553760528564453,0.07022762317979143
UBFC_PHYS_s17_T3_ctrl,125,71,127.36666666666666,-1.5005942583084106,0.07931546754088362
UBFC_PHYS_s17_T3_ctrl,125,72,127.4,-0.9049360156059265,0.11756910181078309
UBFC_PHYS_s17_T3_ctrl,125,73,127.43333333333334,-0.04677005112171173,0.15567573997776746
UBFC_PHYS_s17_T3_ctrl,125,74,127.46666666666667,0.5887571573257446,0.1626551947963817
UBFC_PHYS_s17_T3_ctrl,125,75,127.5,0.7763028144836426,0.12118338767204398
UBFC_PHYS_s17_T3_ctrl,125,76,127.53333333333333,0.6213335394859314,0.03514366498012409
UBFC_PHYS_s17_T3_ctrl,125,77,127.56666666666666,0.3912852108478546,-0.0731535574328651
UBFC_PHYS_s17_T3_ctrl,125,78,127.6,0.3031427264213562,-0.1732931624908735
UBFC_PHYS_s17_T3_ctrl,125,79,127.63333333333334,0.41715437173843384,-0.23872753280990444
UBFC_PHYS_s17_T3_ctrl,125,80,127.66666666666667,0.6381192803382874,-0.2550233367779907
UBFC_PHYS_s17_T3_ctrl,125,81,127.7,0.8352283239364624,-0.22205076959172795
UBFC_PHYS_s17_T3_ctrl,125,82,127.73333333333333,0.910646915435791,-0.15109590142688178
UBFC_PHYS_s17_T3_ctrl,125,83,127.76666666666667,0.8373353481292725,-0.05967324461438446
UBFC_PHYS_s17_T3_ctrl,125,84,127.8,0.7088088393211365,0.03346079045865115
UBFC_PHYS_s17_T3_ctrl,125,85,127.83333333333333,0.6106698513031006,0.11200244168494937
UBFC_PHYS_s17_T3_ctrl,125,86,127.86666666666666,0.48304468393325806,0.16456227480906968
UBFC_PHYS_s17_T3_ctrl,125,87,127.9,0.2296087145805359,0.18615426313541567
UBFC_PHYS_s17_T3_ctrl,125,88,127.93333333333334,-0.12341772019863129,0.1784389953583539
UBFC_PHYS_s17_T3_ctrl,125,89,127.96666666666667,-0.4267308712005615,0.14811755260895046
UBFC_PHYS_s17_T3_ctrl,125,90,128.0,-0.4861363172531128,0.10348905267872625
UBFC_PHYS_s17_T3_ctrl,125,91,128.03333333333333,-0.2230081856250763,0.050458640624693754
UBFC_PHYS_s17_T3_ctrl,125,92,128.06666666666666,0.12353339791297913,-0.009742955647786657
UBFC_PHYS_s17_T3_ctrl,125,93,128.1,0.2591417133808136,-0.07916519788686012
UBFC_PHYS_s17_T3_ctrl,125,94,128.13333333333333,0.1746162325143814,-0.15797074503134875
UBFC_PHYS_s17_T3_ctrl,125,95,128.16666666666666,-0.0331331342458725,-0.23796968857720355
UBFC_PHYS_s17_T3_ctrl,125,96,128.2,-0.5336489677429199,-0.2990892240047021
UBFC_PHYS_s17_T3_ctrl,125,97,128.23333333333332,-1.4456720352172852,-0.3125549562311393
UBFC_PHYS_s17_T3_ctrl,125,98,128.26666666666668,-2.276412010192871,-0.2515098933305636
UBFC_PHYS_s17_T3_ctrl,125,99,128.3,-2.3298592567443848,-0.10543333015019123
UBFC_PHYS_s17_T3_ctrl,125,100,128.33333333333334,-1.5701249837875366,0.10859959808115548
UBFC_PHYS_s17_T3_ctrl,125,101,128.36666666666667,-0.428697407245636,0.3446306651449036
UBFC_PHYS_s17_T3_ctrl,125,102,128.4,0.6361176371574402,0.5390150170012075
UBFC_PHYS_s17_T3_ctrl,125,103,128.43333333333334,1.1873300075531006,0.6304812910211973
UBFC_PHYS_s17_T3_ctrl,125,104,128.46666666666667,1.0812078714370728,0.5809576310406998
UBFC_PHYS_s17_T3_ctrl,125,105,128.5,0.7390792965888977,0.38861387114549495
UBFC_PHYS_s17_T3_ctrl,125,106,128.53333333333333,0.5925965309143066,0.08835762432520664
UBFC_PHYS_s17_T3_ctrl,125,107,128.56666666666666,0.511641263961792,-0.25925253886915733
UBFC_PHYS_s17_T3_ctrl,125,108,128.6,0.2653222382068634,-0.5851732084042969
UBFC_PHYS_s17_T3_ctrl,125,109,128.63333333333333,-0.05376994609832764,-0.8283012262201629
UBFC_PHYS_s17_T3_ctrl,125,110,128.66666666666666,-0.15955263376235962,-0.9464126181345167
UBFC_PHYS_s17_T3_ctrl,125,111,128.7,0.1481032520532608,-0.9204820779328434
UBFC_PHYS_s17_T3_ctrl,125,112,128.73333333333332,0.7824950218200684,-0.7541060958240349
UBFC_PHYS_s17_T3_ctrl,125,113,128.76666666666668,1.4157981872558594,-0.47075968049345357
UBFC_PHYS_s17_T3_ctrl,125,114,128.8,1.8033207654953003,-0.11079909893241405
UBFC_PHYS_s17_T3_ctrl,125,115,128.83333333333334,1.9608417749404907,0.27185092000994177
UBFC_PHYS_s17_T3_ctrl,125,116,128.86666666666667,2.0085651874542236,0.6152537263249285
UBFC_PHYS_s17_T3_ctrl,125,117,128.9,2.029576539993286,0.8593239546589814
UBFC_PHYS_s17_T3_ctrl,125,118,128.93333333333334,2.0342938899993896,0.9597149952517924
UBFC_PHYS_s17_T3_ctrl,125,119,128.96666666666667,2.033053159713745,0.9017089350285401
UBFC_PHYS_s17_T3_ctrl,125,120,129.0,2.0961575508117676,0.707471502916765
UBFC_PHYS_s17_T3_ctrl,125,121,129.03333333333333,2.2564525604248047,0.4314698476037055
UBFC_PHYS_s17_T3_ctrl,125,122,129.06666666666666,2.4034154415130615,0.14464057816717127
UBFC_PHYS_s17_T3_ctrl,125,123,129.1,2.396052598953247,-0.08637262157850487
UBFC_PHYS_s17_T3_ctrl,125,124,129.13333333333333,2.1973164081573486,-0.2172049001403568
UBFC_PHYS_s17_T3_ctrl,125,125,129.16666666666666,1.9302903413772583,-0.2356061192322464
UBFC_PHYS_s17_T3_ctrl,125,126,129.2,1.7763161659240723,-0.1611045936342621
UBFC_PHYS_s17_T3_ctrl,125,127,129.23333333333332,1.6612744331359863,-0.03557469309079139
UBFC_PHYS_s17_T3_ctrl,125,128,129.26666666666668,1.1813719272613525,0.09169898980623507
UBFC_PHYS_s17_T3_ctrl,125,129,129.3,0.23803667724132538,0.17929135576708233
UBFC_PHYS_s17_T3_ctrl,125,130,129.33333333333334,-0.6013770699501038,0.20398844248028294
UBFC_PHYS_s17_T3_ctrl,125,131,129.36666666666667,-0.8225643634796143,0.16307944859081094
UBFC_PHYS_s17_T3_ctrl,125,132,129.4,-0.5361071228981018,0.06934037945815613
UBFC_PHYS_s17_T3_ctrl,125,133,129.43333333333334,-0.1585693657398224,-0.057300534549026345
UBFC_PHYS_s17_T3_ctrl,125,134,129.46666666666667,0.016825977712869644,-0.1969689868611303
UBFC_PHYS_s17_T3_ctrl,125,135,129.5,-0.18027137219905853,-0.3333827394015138
UBFC_PHYS_s17_T3_ctrl,125,136,129.53333333333333,-0.7368917465209961,-0.45370970197982796
UBFC_PHYS_s17_T3_ctrl,125,137,129.56666666666666,-1.23382568359375,-0.5464754466726549
UBFC_PHYS_s17_T3_ctrl,125,138,129.6,-1.210239052772522,-0.599642547664263
UBFC_PHYS_s17_T3_ctrl,125,139,129.63333333333333,-0.689800500869751,-0.6004486745021622
UBFC_PHYS_s17_T3_ctrl,125,140,129.66666666666666,-0.07989664375782013,-0.5377449704041877
UBFC_PHYS_s17_T3_ctrl,125,141,129.7,0.3857367932796478,-0.406451833194888
UBFC_PHYS_s17_T3_ctrl,125,142,129.73333333333332,0.7420992851257324,-0.2124330092405408
UBFC_PHYS_s17_T3_ctrl,125,143,129.76666666666668,0.9863815903663635,0.024630311648680382
UBFC_PHYS_s17_T3_ctrl,125,144,129.8,1.0758116245269775,0.2722589152231639
UBFC_PHYS_s17_T3_ctrl,125,145,129.83333333333334,1.0854452848434448,0.4905458060237733
UBFC_PHYS_s17_T3_ctrl,125,146,129.86666666666667,1.0715274810791016,0.6407298857066511
UBFC_PHYS_s17_T3_ctrl,125,147,129.9,0.9712697267532349,0.6945210198497912
UBFC_PHYS_s17_T3_ctrl,125,148,129.93333333333334,0.8181734085083008,0.6411089096379232
UBFC_PHYS_s17_T3_ctrl,125,149,129.96666666666667,0.8522949814796448,0.48937091394624993
UBFC_PHYS_s17_T3_ctrl,125,150,130.0,1.2263211011886597,0.2646331492191801
UBFC_PHYS_s17_T3_ctrl,125,151,130.03333333333333,1.762433409690857,0.0015710112805247586
UBFC_PHYS_s17_T3_ctrl,125,152,130.06666666666666,2.1033213138580322,-0.26369429982803494
UBFC_PHYS_s17_T3_ctrl,125,153,130.1,2.004011631011963,-0.4992402201395669
UBFC_PHYS_s17_T3_ctrl,125,154,130.13333333333333,1.466330885887146,-0.6791315715849783
UBFC_PHYS_s17_T3_ctrl,125,155,130.16666666666666,0.7300660610198975,-0.78197125490791
UBFC_PHYS_s17_T3_ctrl,125,156,130.2,0.08327814936637878,-0.7887068597062565
UBFC_PHYS_s17_T3_ctrl,125,157,130.23333333333332,-0.30398690700531006,-0.6827571522515331
UBFC_PHYS_s17_T3_ctrl,125,158,130.26666666666668,-0.39917609095573425,-0.4543725713179355
UBFC_PHYS_s17_T3_ctrl,125,159,130.3,-0.2961559295654297,-0.10870335443830136
UBFC_PHYS_s17_T3_ctrl,125,160,130.33333333333334,-0.11360850930213928,0.32566060092241056
UBFC_PHYS_s17_T3_ctrl,125,161,130.36666666666667,0.13024064898490906,0.7927022501093042
UBFC_PHYS_s17_T3_ctrl,125,162,130.4,0.47970861196517944,1.2142717740784952
UBFC_PHYS_s17_T3_ctrl,125,163,130.43333333333334,0.8951722383499146,1.5061744108452275
UBFC_PHYS_s17_T3_ctrl,125,164,130.46666666666667,1.2001475095748901,1.6010924837143745
UBFC_PHYS_s17_T3_ctrl,125,165,130.5,1.2108697891235352,1.4695494983817439
UBFC_PHYS_s17_T3_ctrl,125,166,130.53333333333333,0.9270697236061096,1.1292697414342725
UBFC_PHYS_s17_T3_ctrl,125,167,130.56666666666666,0.5639063119888306,0.6381039862266218
UBFC_PHYS_s17_T3_ctrl,125,168,130.6,0.33386969566345215,0.07432155338739091
UBFC_PHYS_s17_T3_ctrl,125,169,130.63333333333333,0.3774609863758087,-0.485553061681347
UBFC_PHYS_s17_T3_ctrl,125,170,130.66666666666666,0.7277834415435791,-0.9817322113147058
UBFC_PHYS_s17_T3_ctrl,125,171,130.7,1.208025336265564,-1.375025074671249
UBFC_PHYS_s17_T3_ctrl,125,172,130.73333333333332,1.5291659832000732,-1.6417550934830358
UBFC_PHYS_s17_T3_ctrl,125,173,130.76666666666668,1.5608410835266113,-1.765708142910672
UBFC_PHYS_s17_T3_ctrl,125,174,130.8,1.3535131216049194,-1.7335137138958245
UBFC_PHYS_s17_T3_ctrl,125,175,130.83333333333334,0.9754135012626648,-1.5371551850491108
UBFC_PHYS_s17_T3_ctrl,125,176,130.86666666666667,0.5286727547645569,-1.1828069989350931
UBFC_PHYS_s17_T3_ctrl,125,177,130.9,0.14100971817970276,-0.7010435175715624
UBFC_PHYS_s17_T3_ctrl,125,178,130.93333333333334,-0.1432819664478302,-0.1516420637547329
UBFC_PHYS_s17_T3_ctrl,125,179,130.96666666666667,-0.33206841349601746,0.3823601997204118
UBFC_PHYS_s17_T3_ctrl,125,180,131.0,-0.42362889647483826,0.8123390198181987
UBFC_PHYS_s17_T3_ctrl,125,181,131.03333333333333,-0.45907318592071533,1.0687049081103874
UBFC_PHYS_s17_T3_ctrl,125,182,131.06666666666666,-0.5113734006881714,1.1230426439542387
UBFC_PHYS_s17_T3_ctrl,125,183,131.1,-0.6139253377914429,0.997773681387722
UBFC_PHYS_s17_T3_ctrl,125,184,131.13333333333333,-0.8085996508598328,0.7580961050827407
UBFC_PHYS_s17_T3_ctrl,125,185,131.16666666666666,-1.1388355493545532,0.488750507538326
UBFC_PHYS_s17_T3_ctrl,125,186,131.2,-1.5494296550750732,0.2649796869579698
UBFC_PHYS_s17_T3_ctrl,125,187,131.23333333333332,-1.9334874153137207,0.12945976599909223
UBFC_PHYS_s17_T3_ctrl,125,188,131.26666666666668,-2.246551275253296,0.08381937876189856
UBFC_PHYS_s17_T3_ctrl,125,189,131.3,-2.4476051330566406,0.09673175347738941
UBFC_PHYS_s17_T3_ctrl,125,190,131.33333333333334,-2.4407806396484375,0.12384122469318776
UBFC_PHYS_s17_T3_ctrl,125,191,131.36666666666667,-2.158935546875,0.1303705782454537
UBFC_PHYS_s17_T3_ctrl,125,192,131.4,-1.6317778825759888,0.10649826906172291
UBFC_PHYS_s17_T3_ctrl,125,193,131.43333333333334,-0.9686959385871887,0.06902178675997671
UBFC_PHYS_s17_T3_ctrl,125,194,131.46666666666667,-0.2899636924266815,0.04935733256726684
UBFC_PHYS_s17_T3_ctrl,125,195,131.5,0.33137640357017517,0.07447447750554731
UBFC_PHYS_s17_T3_ctrl,125,196,131.53333333333333,0.8036351799964905,0.15061698911610516
UBFC_PHYS_s17_T3_ctrl,125,197,131.56666666666666,0.9716911315917969,0.2579976092964186
UBFC_PHYS_s17_T3_ctrl,125,198,131.6,0.7996904253959656,0.3588310093872921
UBFC_PHYS_s17_T3_ctrl,125,199,131.63333333333333,0.5439835786819458,0.4141944550319207
UBFC_PHYS_s17_T3_ctrl,125,200,131.66666666666666,0.4922100901603699,0.4009294762822071
UBFC_PHYS_s17_T3_ctrl,125,201,131.7,0.5812305212020874,0.3203303394669101
UBFC_PHYS_s17_T3_ctrl,125,202,131.73333333333332,0.4705432057380676,0.19534014028146157
UBFC_PHYS_s17_T3_ctrl,125,203,131.76666666666668,0.0003095044812653214,0.0591424517863431
UBFC_PHYS_s17_T3_ctrl,125,204,131.8,-0.5422876477241516,-0.058290601954328045
UBFC_PHYS_s17_T3_ctrl,125,205,131.83333333333334,-0.8137149810791016,-0.13953541004141437
UBFC_PHYS_s17_T3_ctrl,125,206,131.86666666666667,-0.8273519277572632,-0.18236798091909573
UBFC_PHYS_s17_T3_ctrl,125,207,131.9,-0.7723008990287781,-0.1970614037337194
UBFC_PHYS_s17_T3_ctrl,125,208,131.93333333333334,-0.7119824290275574,-0.2013538392476277
UBFC_PHYS_s17_T3_ctrl,125,209,131.96666666666667,-0.683116614818573,-0.2154981171182895
UBFC_PHYS_s17_T3_ctrl,125,210,132.0,-0.7805883884429932,-0.25824946443714375
UBFC_PHYS_s17_T3_ctrl,125,211,132.03333333333333,-0.9565806984901428,-0.3434734348524912
UBFC_PHYS_s17_T3_ctrl,125,212,132.06666666666666,-1.021089792251587,-0.476914624275197
UBFC_PHYS_s17_T3_ctrl,125,213,132.1,-0.8863945007324219,-0.6532360084417479
UBFC_PHYS_s17_T3_ctrl,125,214,132.13333333333333,-0.5964022278785706,-0.8540196950333303
UBFC_PHYS_s17_T3_ctrl,125,215,132.16666666666666,-0.26379019021987915,-1.0476611430511518
UBFC_PHYS_s17_T3_ctrl,125,216,132.2,-0.03380034863948822,-1.1919900095409788
UBFC_PHYS_s17_T3_ctrl,125,217,132.23333333333332,0.04575029015541077,-1.2402185192750066
UBFC_PHYS_s17_T3_ctrl,125,218,132.26666666666668,0.07064791023731232,-1.1504228616886811
UBFC_PHYS_s17_T3_ctrl,125,219,132.3,0.12306517362594604,-0.8976365295461097
UBFC_PHYS_s17_T3_ctrl,125,220,132.33333333333334,0.23363541066646576,-0.48566868612983144
UBFC_PHYS_s17_T3_ctrl,125,221,132.36666666666667,0.4328046441078186,0.045864309602637335
UBFC_PHYS_s17_T3_ctrl,125,222,132.4,0.6423683762550354,0.6236069783741501
UBFC_PHYS_s17_T3_ctrl,125,223,132.43333333333334,0.7111499309539795,1.1533322032440918
UBFC_PHYS_s17_T3_ctrl,125,224,132.46666666666667,0.6376978754997253,1.5410775061769386
UBFC_PHYS_s17_T3_ctrl,125,225,132.5,0.5469918847084045,1.7163801520660416
UBFC_PHYS_s17_T3_ctrl,125,226,132.53333333333333,0.4895763695240021,1.6503464488506399
UBFC_PHYS_s17_T3_ctrl,125,227,132.56666666666666,0.4261676073074341,1.3628316209888311
UBFC_PHYS_s17_T3_ctrl,125,228,132.6,0.3441588282585144,0.9163061487870536
UBFC_PHYS_s17_T3_ctrl,125,229,132.63333333333333,0.245703786611557,0.3982960557695869
UBFC_PHYS_s17_T3_ctrl,125,230,132.66666666666666,0.11628768593072891,-0.10158742897152125
UBFC_PHYS_s17_T3_ctrl,125,231,132.7,-0.023160040378570557,-0.5121725243220868
UBFC_PHYS_s17_T3_ctrl,125,232,132.73333333333332,-0.11186438798904419,-0.7926535430057025
UBFC_PHYS_s17_T3_ctrl,125,233,132.76666666666668,-0.12022212147712708,-0.9338574562076021
UBFC_PHYS_s17_T3_ctrl,125,234,132.8,-0.03969992324709892,-0.9509586218376255
UBFC_PHYS_s17_T3_ctrl,125,235,132.83333333333334,0.12658853828907013,-0.8721459327064515
UBFC_PHYS_s17_T3_ctrl,125,236,132.86666666666667,0.2944455146789551,-0.7277147262772068
UBFC_PHYS_s17_T3_ctrl,125,237,132.9,0.37407809495925903,-0.5424460254148855
UBFC_PHYS_s17_T3_ctrl,125,238,132.93333333333334,0.41337350010871887,-0.33231078478436205
UBFC_PHYS_s17_T3_ctrl,125,239,132.96666666666667,0.4521070420742035,-0.1052933196607312
UBFC_PHYS_s17_T3_ctrl,126,0,126.0,-0.5618124604225159,0.008896325261959711
UBFC_PHYS_s17_T3_ctrl,126,1,126.03333333333333,-0.5795345902442932,0.1580711285667164
UBFC_PHYS_s17_T3_ctrl,126,2,126.06666666666666,-0.39363938570022583,0.27881833656943167
UBFC_PHYS_s17_T3_ctrl,126,3,126.1,-0.07625623047351837,0.35139915700770114
UBFC_PHYS_s17_T3_ctrl,126,4,126.13333333333334,0.23598821461200714,0.37109348051722607
UBFC_PHYS_s17_T3_ctrl,126,5,126.16666666666667,0.4438663423061371,0.3477781656585351
UBFC_PHYS_s17_T3_ctrl,126,6,126.2,0.5291175842285156,0.29965412023812993
UBFC_PHYS_s17_T3_ctrl,126,7,126.23333333333333,0.5275724530220032,0.2445681291680346
UBFC_PHYS_s17_T3_ctrl,126,8,126.26666666666667,0.5051798224449158,0.1933438310972521
UBFC_PHYS_s17_T3_ctrl,126,9,126.3,0.5160893201828003,0.14797934718126635
UBFC_PHYS_s17_T3_ctrl,126,10,126.33333333333333,0.5479868650436401,0.10467452081843391
UBFC_PHYS_s17_T3_ctrl,126,11,126.36666666666666,0.5868140459060669,0.05915783900439326
UBFC_PHYS_s17_T3_ctrl,126,12,126.4,0.6669499278068542,0.01100815020383949
UBFC_PHYS_s17_T3_ctrl,126,13,126.43333333333334,0.7747927904129028,-0.03528872451273531
UBFC_PHYS_s17_T3_ctrl,126,14,126.46666666666667,0.8035181164741516,-0.07274126413270485
UBFC_PHYS_s17_T3_ctrl,126,15,126.5,0.6997487545013428,-0.09592354098746635
UBFC_PHYS_s17_T3_ctrl,126,16,126.53333333333333,0.530252993106842,-0.10403995062707119
UBFC_PHYS_s17_T3_ctrl,126,17,126.56666666666666,0.36027732491493225,-0.10104500998586832
UBFC_PHYS_s17_T3_ctrl,126,18,126.6,0.19572126865386963,-0.09288516419772498
UBFC_PHYS_s17_T3_ctrl,126,19,126.63333333333334,0.035613320767879486,-0.08381742298852798
UBFC_PHYS_s17_T3_ctrl,126,20,126.66666666666667,-0.10272238403558731,-0.07426646599755443
UBFC_PHYS_s17_T3_ctrl,126,21,126.7,-0.1237688884139061,-0.06175866416036978
UBFC_PHYS_s17_T3_ctrl,126,22,126.73333333333333,0.09489001333713531,-0.04475635438227508
UBFC_PHYS_s17_T3_ctrl,126,23,126.76666666666667,0.4672539532184601,-0.027300438172550224
UBFC_PHYS_s17_T3_ctrl,126,24,126.8,0.6982036232948303,-0.021100841269376624
UBFC_PHYS_s17_T3_ctrl,126,25,126.83333333333333,0.6238385438919067,-0.042380631513529415
UBFC_PHYS_s17_T3_ctrl,126,26,126.86666666666666,0.27461639046669006,-0.10371760179798556
UBFC_PHYS_s17_T3_ctrl,126,27,126.9,-0.25668492913246155,-0.2046203707987254
UBFC_PHYS_s17_T3_ctrl,126,28,126.93333333333334,-0.8087401390075684,-0.3262604687411452
UBFC_PHYS_s17_T3_ctrl,126,29,126.96666666666667,-1.1530576944351196,-0.4343397191443206
UBFC_PHYS_s17_T3_ctrl,126,30,127.0,-1.1607247591018677,-0.4900028156124443
UBFC_PHYS_s17_T3_ctrl,126,31,127.03333333333333,-0.9060012102127075,-0.46447910044886825
UBFC_PHYS_s17_T3_ctrl,126,32,127.06666666666666,-0.5786215662956238,-0.35121470724932774
UBFC_PHYS_s17_T3_ctrl,126,33,127.1,-0.34682905673980713,-0.17012270039857244
UBFC_PHYS_s17_T3_ctrl,126,34,127.13333333333334,-0.3491116464138031,0.038471079675666264
UBFC_PHYS_s17_T3_ctrl,126,35,127.16666666666667,-0.5837017297744751,0.22837683351296648
UBFC_PHYS_s17_T3_ctrl,126,36,127.2,-0.852998673915863,0.36464155373978174
UBFC_PHYS_s17_T3_ctrl,126,37,127.23333333333333,-0.9854114055633545,0.4355035153476928
UBFC_PHYS_s17_T3_ctrl,126,38,127.26666666666667,-1.0649268627166748,0.45363124382378706
UBFC_PHYS_s17_T3_ctrl,126,39,127.3,-1.283983826637268,0.44629134919710545
UBFC_PHYS_s17_T3_ctrl,126,40,127.33333333333333,-1.5553760528564453,0.43977033760637757
UBFC_PHYS_s17_T3_ctrl,126,41,127.36666666666666,-1.5005942583084106,0.44619563583123967
UBFC_PHYS_s17_T3_ctrl,126,42,127.4,-0.9049360156059265,0.4590558376950717
UBFC_PHYS_s17_T3_ctrl,126,43,127.43333333333334,-0.04677005112171173,0.45867268584654164
UBFC_PHYS_s17_T3_ctrl,126,44,127.46666666666667,0.5887571573257446,0.42374795406880433
UBFC_PHYS_s17_T3_ctrl,126,45,127.5,0.7763028144836426,0.3425454627924635
UBFC_PHYS_s17_T3_ctrl,126,46,127.53333333333333,0.6213335394859314,0.21834796149829835
UBFC_PHYS_s17_T3_ctrl,126,47,127.56666666666666,0.3912852108478546,0.067505738046682
UBFC_PHYS_s17_T3_ctrl,126,48,127.6,0.3031427264213562,-0.08760237807915605
UBFC_PHYS_s17_T3_ctrl,126,49,127.63333333333334,0.41715437173843384,-0.22628962369257055
UBFC_PHYS_s17_T3_ctrl,126,50,127.66666666666667,0.6381192803382874,-0.3343615915916616
UBFC_PHYS_s17_T3_ctrl,126,51,127.7,0.8352283239364624,-0.40500349003257063
UBFC_PHYS_s17_T3_ctrl,126,52,127.73333333333333,0.910646915435791,-0.4371903696782794
UBFC_PHYS_s17_T3_ctrl,126,53,127.76666666666667,0.8373353481292725,-0.43384608425458093
UBFC_PHYS_s17_T3_ctrl,126,54,127.8,0.7088088393211365,-0.4009239767532227
UBFC_PHYS_s17_T3_ctrl,126,55,127.83333333333333,0.6106698513031006,-0.34697524539065333
UBFC_PHYS_s17_T3_ctrl,126,56,127.86666666666666,0.48304468393325806,-0.2820925419845289
UBFC_PHYS_s17_T3_ctrl,126,57,127.9,0.2296087145805359,-0.21570600446445937
UBFC_PHYS_s17_T3_ctrl,126,58,127.93333333333334,-0.12341772019863129,-0.15396268409720454
UBFC_PHYS_s17_T3_ctrl,126,59,127.96666666666667,-0.4267308712005615,-0.09835578326776068
UBFC_PHYS_s17_T3_ctrl,126,60,128.0,-0.4861363172531128,-0.04704846307351431
UBFC_PHYS_s17_T3_ctrl,126,61,128.03333333333333,-0.2230081856250763,0.0012545058328015009
UBFC_PHYS_s17_T3_ctrl,126,62,128.06666666666666,0.12353339791297913,0.04320276529135724
UBFC_PHYS_s17_T3_ctrl,126,63,128.1,0.2591417133808136,0.06973380954691762
UBFC_PHYS_s17_T3_ctrl,126,64,128.13333333333333,0.1746162325143814,0.06985487419796563
UBFC_PHYS_s17_T3_ctrl,126,65,128.16666666666666,-0.0331331342458725,0.03802154689107813
UBFC_PHYS_s17_T3_ctrl,126,66,128.2,-0.5336489677429199,-0.018873562899197095
UBFC_PHYS_s17_T3_ctrl,126,67,128.23333333333332,-1.4456720352172852,-0.07954746922182737
UBFC_PHYS_s17_T3_ctrl,126,68,128.26666666666668,-2.276412010192871,-0.11395846028647978
UBFC_PHYS_s17_T3_ctrl,126,69,128.3,-2.3298592567443848,-0.09516600571039681
UBFC_PHYS_s17_T3_ctrl,126,70,128.33333333333334,-1.5701249837875366,-0.012370491789010025
UBFC_PHYS_s17_T3_ctrl,126,71,128.36666666666667,-0.428697407245636,0.12120125793824306
UBFC_PHYS_s17_T3_ctrl,126,72,128.4,0.6361176371574402,0.2698003268021186
UBFC_PHYS_s17_T3_ctrl,126,73,128.43333333333334,1.1873300075531006,0.3860466626865005
UBFC_PHYS_s17_T3_ctrl,126,74,128.46666666666667,1.0812078714370728,0.42709385997395893
UBFC_PHYS_s17_T3_ctrl,126,75,128.5,0.7390792965888977,0.36977184979160616
UBFC_PHYS_s17_T3_ctrl,126,76,128.53333333333333,0.5925965309143066,0.21897329857188497
UBFC_PHYS_s17_T3_ctrl,126,77,128.56666666666666,0.511641263961792,0.006489959635647498
UBFC_PHYS_s17_T3_ctrl,126,78,128.6,0.2653222382068634,-0.21854947422742996
UBFC_PHYS_s17_T3_ctrl,126,79,128.63333333333333,-0.05376994609832764,-0.4034821120595087
UBFC_PHYS_s17_T3_ctrl,126,80,128.66666666666666,-0.15955263376235962,-0.5052719828484817
UBFC_PHYS_s17_T3_ctrl,126,81,128.7,0.1481032520532608,-0.49949328965175044
UBFC_PHYS_s17_T3_ctrl,126,82,128.73333333333332,0.7824950218200684,-0.38386699209895203
UBFC_PHYS_s17_T3_ctrl,126,83,128.76666666666668,1.4157981872558594,-0.1770617002503946
UBFC_PHYS_s17_T3_ctrl,126,84,128.8,1.8033207654953003,0.08563053329345896
UBFC_PHYS_s17_T3_ctrl,126,85,128.83333333333334,1.9608417749404907,0.35841207061849106
UBFC_PHYS_s17_T3_ctrl,126,86,128.86666666666667,2.0085651874542236,0.5924265113612919
UBFC_PHYS_s17_T3_ctrl,126,87,128.9,2.029576539993286,0.7444850250308498
UBFC_PHYS_s17_T3_ctrl,126,88,128.93333333333334,2.0342938899993896,0.7863085194415119
UBFC_PHYS_s17_T3_ctrl,126,89,128.96666666666667,2.033053159713745,0.7120221006796069
UBFC_PHYS_s17_T3_ctrl,126,90,129.0,2.0961575508117676,0.5405980993721919
UBFC_PHYS_s17_T3_ctrl,126,91,129.03333333333333,2.2564525604248047,0.3109870774842231
UBFC_PHYS_s17_T3_ctrl,126,92,129.06666666666666,2.4034154415130615,0.0710169057361214
UBFC_PHYS_s17_T3_ctrl,126,93,129.1,2.396052598953247,-0.13568836834814568
UBFC_PHYS_s17_T3_ctrl,126,94,129.13333333333333,2.1973164081573486,-0.27998542660792936
UBFC_PHYS_s17_T3_ctrl,126,95,129.16666666666666,1.9302903413772583,-0.3517766109205381
UBFC_PHYS_s17_T3_ctrl,126,96,129.2,1.7763161659240723,-0.3585823604339623
UBFC_PHYS_s17_T3_ctrl,126,97,129.23333333333332,1.6612744331359863,-0.3198857347075379
UBFC_PHYS_s17_T3_ctrl,126,98,129.26666666666668,1.1813719272613525,-0.25986581399120223
UBFC_PHYS_s17_T3_ctrl,126,99,129.3,0.23803667724132538,-0.20097744177883023
UBFC_PHYS_s17_T3_ctrl,126,100,129.33333333333334,-0.6013770699501038,-0.16007562202028883
UBFC_PHYS_s17_T3_ctrl,126,101,129.36666666666667,-0.8225643634796143,-0.1474986166733105
UBFC_PHYS_s17_T3_ctrl,126,102,129.4,-0.5361071228981018,-0.168011447645938
UBFC_PHYS_s17_T3_ctrl,126,103,129.43333333333334,-0.1585693657398224,-0.22179510334367764
UBFC_PHYS_s17_T3_ctrl,126,104,129.46666666666667,0.016825977712869644,-0.30437687448566914
UBFC_PHYS_s17_T3_ctrl,126,105,129.5,-0.18027137219905853,-0.4057734942863109
UBFC_PHYS_s17_T3_ctrl,126,106,129.53333333333333,-0.7368917465209961,-0.5100012336193191
UBFC_PHYS_s17_T3_ctrl,126,107,129.56666666666666,-1.23382568359375,-0.5960665725078111
UBFC_PHYS_s17_T3_ctrl,126,108,129.6,-1.210239052772522,-0.6408256631518253
UBFC_PHYS_s17_T3_ctrl,126,109,129.63333333333333,-0.689800500869751,-0.6232789172573588
UBFC_PHYS_s17_T3_ctrl,126,110,129.66666666666666,-0.07989664375782013,-0.5294025580939316
UBFC_PHYS_s17_T3_ctrl,126,111,129.7,0.3857367932796478,-0.35642849126895093
UBFC_PHYS_s17_T3_ctrl,126,112,129.73333333333332,0.7420992851257324,-0.1153939319393373
UBFC_PHYS_s17_T3_ctrl,126,113,129.76666666666668,0.9863815903663635,0.16900930263948288
UBFC_PHYS_s17_T3_ctrl,126,114,129.8,1.0758116245269775,0.46159366033134286
UBFC_PHYS_s17_T3_ctrl,126,115,129.83333333333334,1.0854452848434448,0.7223497634604399
UBFC_PHYS_s17_T3_ctrl,126,116,129.86666666666667,1.0715274810791016,0.9135712356184486
UBFC_PHYS_s17_T3_ctrl,126,117,129.9,0.9712697267532349,1.0070172677233322
UBFC_PHYS_s17_T3_ctrl,126,118,129.93333333333334,0.8181734085083008,0.9895133015774884
UBFC_PHYS_s17_T3_ctrl,126,119,129.96666666666667,0.8522949814796448,0.8655788468256703
UBFC_PHYS_s17_T3_ctrl,126,120,130.0,1.2263211011886597,0.6563969880539332
UBFC_PHYS_s17_T3_ctrl,126,121,130.03333333333333,1.762433409690857,0.3954704282158493
UBFC_PHYS_s17_T3_ctrl,126,122,130.06666666666666,2.1033213138580322,0.12222718698536357
UBFC_PHYS_s17_T3_ctrl,126,123,130.1,2.004011631011963,-0.12468403946339625
UBFC_PHYS_s17_T3_ctrl,126,124,130.13333333333333,1.466330885887146,-0.3128071254661895
UBFC_PHYS_s17_T3_ctrl,126,125,130.16666666666666,0.7300660610198975,-0.41913250491017506
UBFC_PHYS_s17_T3_ctrl,126,126,130.2,0.08327814936637878,-0.43136845045781375
UBFC_PHYS_s17_T3_ctrl,126,127,130.23333333333332,-0.30398690700531006,-0.3482087840901937
UBFC_PHYS_s17_T3_ctrl,126,128,130.26666666666668,-0.39917609095573425,-0.17964852051639835
UBFC_PHYS_s17_T3_ctrl,126,129,130.3,-0.2961559295654297,0.05236198522995081
UBFC_PHYS_s17_T3_ctrl,126,130,130.33333333333334,-0.11360850930213928,0.31383224624479805
UBFC_PHYS_s17_T3_ctrl,126,131,130.36666666666667,0.13024064898490906,0.5609264605223402
UBFC_PHYS_s17_T3_ctrl,126,132,130.4,0.47970861196517944,0.7458198746710042
UBFC_PHYS_s17_T3_ctrl,126,133,130.43333333333334,0.8951722383499146,0.8260324255634734
UBFC_PHYS_s17_T3_ctrl,126,134,130.46666666666667,1.2001475095748901,0.7748793693538412
UBFC_PHYS_s17_T3_ctrl,126,135,130.5,1.2108697891235352,0.5891062441605096
UBFC_PHYS_s17_T3_ctrl,126,136,130.53333333333333,0.9270697236061096,0.290013810130841
UBFC_PHYS_s17_T3_ctrl,126,137,130.56666666666666,0.5639063119888306,-0.0830353880965355
UBFC_PHYS_s17_T3_ctrl,126,138,130.6,0.33386969566345215,-0.4838820907671372
UBFC_PHYS_s17_T3_ctrl,126,139,130.63333333333333,0.3774609863758087,-0.870232227512238
UBFC_PHYS_s17_T3_ctrl,126,140,130.66666666666666,0.7277834415435791,-1.2092706708831855
UBFC_PHYS_s17_T3_ctrl,126,141,130.7,1.208025336265564,-1.4770972674919038
UBFC_PHYS_s17_T3_ctrl,126,142,130.73333333333332,1.5291659832000732,-1.654179746501873
UBFC_PHYS_s17_T3_ctrl,126,143,130.76666666666668,1.5608410835266113,-1.7208921371470645
UBFC_PHYS_s17_T3_ctrl,126,144,130.8,1.3535131216049194,-1.657088329880059
UBFC_PHYS_s17_T3_ctrl,126,145,130.83333333333334,0.9754135012626648,-1.4475918391828504
UBFC_PHYS_s17_T3_ctrl,126,146,130.86666666666667,0.5286727547645569,-1.0921926964980513
UBFC_PHYS_s17_T3_ctrl,126,147,130.9,0.14100971817970276,-0.615596326227796
UBFC_PHYS_s17_T3_ctrl,126,148,130.93333333333334,-0.1432819664478302,-0.0713444021448135
UBFC_PHYS_s17_T3_ctrl,126,149,130.96666666666667,-0.33206841349601746,0.46474760302413604
UBFC_PHYS_s17_T3_ctrl,126,150,131.0,-0.42362889647483826,0.9116851841261886
UBFC_PHYS_s17_T3_ctrl,126,151,131.03333333333333,-0.45907318592071533,1.2056384403144085
UBFC_PHYS_s17_T3_ctrl,126,152,131.06666666666666,-0.5113734006881714,1.3187894311678507
UBFC_PHYS_s17_T3_ctrl,126,153,131.1,-0.6139253377914429,1.2665867797741555
UBFC_PHYS_s17_T3_ctrl,126,154,131.13333333333333,-0.8085996508598328,1.1002384543997217
UBFC_PHYS_s17_T3_ctrl,126,155,131.16666666666666,-1.1388355493545532,0.8876946421528303
UBFC_PHYS_s17_T3_ctrl,126,156,131.2,-1.5494296550750732,0.6908484014990898
UBFC_PHYS_s17_T3_ctrl,126,157,131.23333333333332,-1.9334874153137207,0.5475973018687353
UBFC_PHYS_s17_T3_ctrl,126,158,131.26666666666668,-2.246551275253296,0.4648930238004089
UBFC_PHYS_s17_T3_ctrl,126,159,131.3,-2.4476051330566406,0.42422970229437784
UBFC_PHYS_s17_T3_ctrl,126,160,131.33333333333334,-2.4407806396484375,0.3960678409026654
UBFC_PHYS_s17_T3_ctrl,126,161,131.36666666666667,-2.158935546875,0.35634814743934934
UBFC_PHYS_s17_T3_ctrl,126,162,131.4,-1.6317778825759888,0.2978101176063202
UBFC_PHYS_s17_T3_ctrl,126,163,131.43333333333334,-0.9686959385871887,0.2315178813213472
UBFC_PHYS_s17_T3_ctrl,126,164,131.46666666666667,-0.2899636924266815,0.17873955950570952
UBFC_PHYS_s17_T3_ctrl,126,165,131.5,0.33137640357017517,0.15786150020163361
UBFC_PHYS_s17_T3_ctrl,126,166,131.53333333333333,0.8036351799964905,0.17313700102502363
UBFC_PHYS_s17_T3_ctrl,126,167,131.56666666666666,0.9716911315917969,0.21085994207184972
UBFC_PHYS_s17_T3_ctrl,126,168,131.6,0.7996904253959656,0.2446459858964678
UBFC_PHYS_s17_T3_ctrl,126,169,131.63333333333333,0.5439835786819458,0.2468655506315102
UBFC_PHYS_s17_T3_ctrl,126,170,131.66666666666666,0.4922100901603699,0.2002623296003426
UBFC_PHYS_s17_T3_ctrl,126,171,131.7,0.5812305212020874,0.10408589040162189
UBFC_PHYS_s17_T3_ctrl,126,172,131.73333333333332,0.4705432057380676,-0.027442226488757465
UBFC_PHYS_s17_T3_ctrl,126,173,131.76666666666668,0.0003095044812653214,-0.1722439453298417
UBFC_PHYS_s17_T3_ctrl,126,174,131.8,-0.5422876477241516,-0.30869113199707826
UBFC_PHYS_s17_T3_ctrl,126,175,131.83333333333334,-0.8137149810791016,-0.4213400610345833
UBFC_PHYS_s17_T3_ctrl,126,176,131.86666666666667,-0.8273519277572632,-0.5029783871572863
UBFC_PHYS_s17_T3_ctrl,126,177,131.9,-0.7723008990287781,-0.5542911415058173
UBFC_PHYS_s17_T3_ctrl,126,178,131.93333333333334,-0.7119824290275574,-0.5828972331377058
UBFC_PHYS_s17_T3_ctrl,126,179,131.96666666666667,-0.683116614818573,-0.6023005957373411
UBFC_PHYS_s17_T3_ctrl,126,180,132.0,-0.7805883884429932,-0.6299312670707756
UBFC_PHYS_s17_T3_ctrl,126,181,132.03333333333333,-0.9565806984901428,-0.6832274412166575
UBFC_PHYS_s17_T3_ctrl,126,182,132.06666666666666,-1.021089792251587,-0.773911915676719
UBFC_PHYS_s17_T3_ctrl,126,183,132.1,-0.8863945007324219,-0.9020858195374118
UBFC_PHYS_s17_T3_ctrl,126,184,132.13333333333333,-0.5964022278785706,-1.052245273083952
UBFC_PHYS_s17_T3_ctrl,126,185,132.16666666666666,-0.26379019021987915,-1.1928466338951658
UBFC_PHYS_s17_T3_ctrl,126,186,132.2,-0.03380034863948822,-1.2802233082460686
UBFC_PHYS_s17_T3_ctrl,126,187,132.23333333333332,0.04575029015541077,-1.2668200915992303
UBFC_PHYS_s17_T3_ctrl,126,188,132.26666666666668,0.07064791023731232,-1.1128224643827647
UBFC_PHYS_s17_T3_ctrl,126,189,132.3,0.12306517362594604,-0.7990397895143364
UBFC_PHYS_s17_T3_ctrl,126,190,132.33333333333334,0.23363541066646576,-0.33745158220723726
UBFC_PHYS_s17_T3_ctrl,126,191,132.36666666666667,0.4328046441078186,0.22493369152498768
UBFC_PHYS_s17_T3_ctrl,126,192,132.4,0.6423683762550354,0.8122167685678522
UBFC_PHYS_s17_T3_ctrl,126,193,132.43333333333334,0.7111499309539795,1.3357337370599853
UBFC_PHYS_s17_T3_ctrl,126,194,132.46666666666667,0.6376978754997253,1.7156238218942437
UBFC_PHYS_s17_T3_ctrl,126,195,132.5,0.5469918847084045,1.9004658193959358
UBFC_PHYS_s17_T3_ctrl,126,196,132.53333333333333,0.4895763695240021,1.8785739929829868
UBFC_PHYS_s17_T3_ctrl,126,197,132.56666666666666,0.4261676073074341,1.6780570777962232
UBFC_PHYS_s17_T3_ctrl,126,198,132.6,0.3441588282585144,1.3564610700484308
UBFC_PHYS_s17_T3_ctrl,126,199,132.63333333333333,0.245703786611557,0.9837967139428102
UBFC_PHYS_s17_T3_ctrl,126,200,132.66666666666666,0.11628768593072891,0.6246297364562724
UBFC_PHYS_s17_T3_ctrl,126,201,132.7,-0.023160040378570557,0.3248395504717806
UBFC_PHYS_s17_T3_ctrl,126,202,132.73333333333332,-0.11186438798904419,0.10631137971760668
UBFC_PHYS_s17_T3_ctrl,126,203,132.76666666666668,-0.12022212147712708,-0.03061675169084252
UBFC_PHYS_s17_T3_ctrl,126,204,132.8,-0.03969992324709892,-0.09994276202565619
UBFC_PHYS_s17_T3_ctrl,126,205,132.83333333333334,0.12658853828907013,-0.12197941320402064
UBFC_PHYS_s17_T3_ctrl,126,206,132.86666666666667,0.2944455146789551,-0.11741296727473763
UBFC_PHYS_s17_T3_ctrl,126,207,132.9,0.37407809495925903,-0.10426586262576588
UBFC_PHYS_s17_T3_ctrl,126,208,132.93333333333334,0.41337350010871887,-0.0968875912297662
UBFC_PHYS_s17_T3_ctrl,126,209,132.96666666666667,0.4521070420742035,-0.10553375532604074
UBFC_PHYS_s17_T3_ctrl,126,210,133.0,0.36245453357696533,-0.13565510145176302
UBFC_PHYS_s17_T3_ctrl,126,211,133.03333333333333,0.09184658527374268,-0.18702490073915465
UBFC_PHYS_s17_T3_ctrl,126,212,133.06666666666666,-0.14096428453922272,-0.25349008595645184
UBFC_PHYS_s17_T3_ctrl,126,213,133.1,-0.21679256856441498,-0.3241013385075461
UBFC_PHYS_s17_T3_ctrl,126,214,133.13333333333333,-0.27886688709259033,-0.3857709694121253
UBFC_PHYS_s17_T3_ctrl,126,215,133.16666666666666,-0.4348076581954956,-0.4268137703094255
UBFC_PHYS_s17_T3_ctrl,126,216,133.2,-0.6339066624641418,-0.44021382777360085
UBFC_PHYS_s17_T3_ctrl,126,217,133.23333333333332,-0.8518047332763672,-0.4255575798059033
UBFC_PHYS_s17_T3_ctrl,126,218,133.26666666666668,-1.0779902935028076,-0.3892209401309252
UBFC_PHYS_s17_T3_ctrl,126,219,133.3,-1.2010034322738647,-0.34303968193423884
UBFC_PHYS_s17_T3_ctrl,126,220,133.33333333333334,-1.1726058721542358,-0.30186601687144976
UBFC_PHYS_s17_T3_ctrl,126,221,133.36666666666667,-1.117952823638916,-0.2802942135987303
UBFC_PHYS_s17_T3_ctrl,126,222,133.4,-1.150681495666504,-0.2888404181215436
UBFC_PHYS_s17_T3_ctrl,126,223,133.43333333333334,-1.2069381475448608,-0.3301565131508086
UBFC_PHYS_s17_T3_ctrl,126,224,133.46666666666667,-1.1302084922790527,-0.3962934131951665
UBFC_PHYS_s17_T3_ctrl,126,225,133.5,-0.8648680448532104,-0.46820024959709905
UBFC_PHYS_s17_T3_ctrl,126,226,133.53333333333333,-0.5256190299987793,-0.5182563539525278
UBFC_PHYS_s17_T3_ctrl,126,227,133.56666666666666,-0.25682541728019714,-0.5158338262238923
UBFC_PHYS_s17_T3_ctrl,126,228,133.6,-0.07952206581830978,-0.4349938474787854
UBFC_PHYS_s17_T3_ctrl,126,229,133.63333333333333,0.0252656489610672,-0.2625817302685222
UBFC_PHYS_s17_T3_ctrl,126,230,133.66666666666666,0.029198700562119484,-0.0044003710173782596
UBFC_PHYS_s17_T3_ctrl,126,231,133.7,-0.06287683546543121,0.3127784856534446
UBFC_PHYS_s17_T3_ctrl,126,232,133.73333333333332,-0.16518297791481018,0.6445921874280778
UBFC_PHYS_s17_T3_ctrl,126,233,133.76666666666668,-0.19441163539886475,0.9373726371184564
UBFC_PHYS_s17_T3_ctrl,126,234,133.8,-0.1381315439939499,1.139151325699045
UBFC_PHYS_s17_T3_ctrl,126,235,133.83333333333334,-0.06555739045143127,1.2104338253506601
UBFC_PHYS_s17_T3_ctrl,126,236,133.86666666666667,-0.07486326992511749,1.1323442597472955
UBFC_PHYS_s17_T3_ctrl,126,237,133.9,-0.19175449013710022,0.9107767660421786
UBFC_PHYS_s17_T3_ctrl,126,238,133.93333333333334,-0.34880730509757996,0.5758925311289188
UBFC_PHYS_s17_T3_ctrl,126,239,133.96666666666667,-0.48476678133010864,0.17698776296904112
UBFC_PHYS_s17_T3_ctrl,127,0,127.0,-1.1607247591018677,-0.033811430658214965
UBFC_PHYS_s17_T3_ctrl,127,1,127.03333333333333,-0.9060012102127075,0.28186789893332104
UBFC_PHYS_s17_T3_ctrl,127,2,127.06666666666666,-0.5786215662956238,0.5539898666591988
UBFC_PHYS_s17_T3_ctrl,127,3,127.1,-0.34682905673980713,0.7447516803348654
UBFC_PHYS_s17_T3_ctrl,127,4,127.13333333333334,-0.3491116464138031,0.8297973817862249
UBFC_PHYS_s17_T3_ctrl,127,5,127.16666666666667,-0.5837017297744751,0.8037760287305438
UBFC_PHYS_s17_T3_ctrl,127,6,127.2,-0.852998673915863,0.6825410241168564
UBFC_PHYS_s17_T3_ctrl,127,7,127.23333333333333,-0.9854114055633545,0.5003360509897115
UBFC_PHYS_s17_T3_ctrl,127,8,127.26666666666667,-1.0649268627166748,0.3015017083825087
UBFC_PHYS_s17_T3_ctrl,127,9,127.3,-1.283983826637268,0.1282528208617809
UBFC_PHYS_s17_T3_ctrl,127,10,127.33333333333333,-1.5553760528564453,0.008554513682323435
UBFC_PHYS_s17_T3_ctrl,127,11,127.36666666666666,-1.5005942583084106,-0.05087399568849861
UBFC_PHYS_s17_T3_ctrl,127,12,127.4,-0.9049360156059265,-0.06332907981896292
UBFC_PHYS_s17_T3_ctrl,127,13,127.43333333333334,-0.04677005112171173,-0.05342072471868268
UBFC_PHYS_s17_T3_ctrl,127,14,127.46666666666667,0.5887571573257446,-0.04514907711057069
UBFC_PHYS_s17_T3_ctrl,127,15,127.5,0.7763028144836426,-0.05223939527266947
UBFC_PHYS_s17_T3_ctrl,127,16,127.53333333333333,0.6213335394859314,-0.0745727083751446
UBFC_PHYS_s17_T3_ctrl,127,17,127.56666666666666,0.3912852108478546,-0.10121846875313638
UBFC_PHYS_s17_T3_ctrl,127,18,127.6,0.3031427264213562,-0.11749679920340128
UBFC_PHYS_s17_T3_ctrl,127,19,127.63333333333334,0.41715437173843384,-0.1121272473328591
UBFC_PHYS_s17_T3_ctrl,127,20,127.66666666666667,0.6381192803382874,-0.08131053622146378
UBFC_PHYS_s17_T3_ctrl,127,21,127.7,0.8352283239364624,-0.028814876202290965
UBFC_PHYS_s17_T3_ctrl,127,22,127.73333333333333,0.910646915435791,0.0365918995164308
UBFC_PHYS_s17_T3_ctrl,127,23,127.76666666666667,0.8373353481292725,0.10406457396815742
UBFC_PHYS_s17_T3_ctrl,127,24,127.8,0.7088088393211365,0.16246471272069107
UBFC_PHYS_s17_T3_ctrl,127,25,127.83333333333333,0.6106698513031006,0.20111233473642323
UBFC_PHYS_s17_T3_ctrl,127,26,127.86666666666666,0.48304468393325806,0.2106085616830414
UBFC_PHYS_s17_T3_ctrl,127,27,127.9,0.2296087145805359,0.1845704536025771
UBFC_PHYS_s17_T3_ctrl,127,28,127.93333333333334,-0.12341772019863129,0.12188529310403559
UBFC_PHYS_s17_T3_ctrl,127,29,127.96666666666667,-0.4267308712005615,0.02797217703846942
UBFC_PHYS_s17_T3_ctrl,127,30,128.0,-0.4861363172531128,-0.08640095602770512
UBFC_PHYS_s17_T3_ctrl,127,31,128.03333333333333,-0.2230081856250763,-0.20873448352705104
UBFC_PHYS_s17_T3_ctrl,127,32,128.06666666666666,0.12353339791297913,-0.3288295450160654
UBFC_PHYS_s17_T3_ctrl,127,33,128.1,0.2591417133808136,-0.44041068867310945
UBFC_PHYS_s17_T3_ctrl,127,34,128.13333333333333,0.1746162325143814,-0.538949711188484
UBFC_PHYS_s17_T3_ctrl,127,35,128.16666666666666,-0.0331331342458725,-0.6169523140738598
UBFC_PHYS_s17_T3_ctrl,127,36,128.2,-0.5336489677429199,-0.65997152575972
UBFC_PHYS_s17_T3_ctrl,127,37,128.23333333333332,-1.4456720352172852,-0.6468115220479853
UBFC_PHYS_s17_T3_ctrl,127,38,128.26666666666668,-2.276412010192871,-0.5555778422042179
UBFC_PHYS_s17_T3_ctrl,127,39,128.3,-2.3298592567443848,-0.3740978659740823
UBFC_PHYS_s17_T3_ctrl,127,40,128.33333333333334,-1.5701249837875366,-0.1102429727511088
UBFC_PHYS_s17_T3_ctrl,127,41,128.36666666666667,-0.428697407245636,0.20330082075040107
UBFC_PHYS_s17_T3_ctrl,127,42,128.4,0.6361176371574402,0.513273030847269
UBFC_PHYS_s17_T3_ctrl,127,43,128.43333333333334,1.1873300075531006,0.7585570881702525
UBFC_PHYS_s17_T3_ctrl,127,44,128.46666666666667,1.0812078714370728,0.886965635023464
UBFC_PHYS_s17_T3_ctrl,127,45,128.5,0.7390792965888977,0.8699586478136906
UBFC_PHYS_s17_T3_ctrl,127,46,128.53333333333333,0.5925965309143066,0.7103930608370133
UBFC_PHYS_s17_T3_ctrl,127,47,128.56666666666666,0.511641263961792,0.4413873493021782
UBFC_PHYS_s17_T3_ctrl,127,48,128.6,0.2653222382068634,0.1173556996940742
UBFC_PHYS_s17_T3_ctrl,127,49,128.63333333333333,-0.05376994609832764,-0.19956985064956373
UBFC_PHYS_s17_T3_ctrl,127,50,128.66666666666666,-0.15955263376235962,-0.4534498672190124
UBFC_PHYS_s17_T3_ctrl,127,51,128.7,0.1481032520532608,-0.604989153268676
UBFC_PHYS_s17_T3_ctrl,127,52,128.73333333333332,0.7824950218200684,-0.6366822476537344
UBFC_PHYS_s17_T3_ctrl,127,53,128.76666666666668,1.4157981872558594,-0.552987125930074
UBFC_PHYS_s17_T3_ctrl,127,54,128.8,1.8033207654953003,-0.3770246117595998
UBFC_PHYS_s17_T3_ctrl,127,55,128.83333333333334,1.9608417749404907,-0.14522424994104813
UBFC_PHYS_s17_T3_ctrl,127,56,128.86666666666667,2.0085651874542236,0.09938519548502926
UBFC_PHYS_s17_T3_ctrl,127,57,128.9,2.029576539993286,0.31501907449058236
UBFC_PHYS_s17_T3_ctrl,127,58,128.93333333333334,2.0342938899993896,0.4694902186033798
UBFC_PHYS_s17_T3_ctrl,127,59,128.96666666666667,2.033053159713745,0.5472335635463795
UBFC_PHYS_s17_T3_ctrl,127,60,129.0,2.0961575508117676,0.5521226167794276
UBFC_PHYS_s17_T3_ctrl,127,61,129.03333333333333,2.2564525604248047,0.5040522528177069
UBFC_PHYS_s17_T3_ctrl,127,62,129.06666666666666,2.4034154415130615,0.43036894118442076
UBFC_PHYS_s17_T3_ctrl,127,63,129.1,2.396052598953247,0.3560024615550892
UBFC_PHYS_s17_T3_ctrl,127,64,129.13333333333333,2.1973164081573486,0.2961686476709114
UBFC_PHYS_s17_T3_ctrl,127,65,129.16666666666666,1.9302903413772583,0.2535703544222557
UBFC_PHYS_s17_T3_ctrl,127,66,129.2,1.7763161659240723,0.22008344734897228
UBFC_PHYS_s17_T3_ctrl,127,67,129.23333333333332,1.6612744331359863,0.18163863852923717
UBFC_PHYS_s17_T3_ctrl,127,68,129.26666666666668,1.1813719272613525,0.1242933059918347
UBFC_PHYS_s17_T3_ctrl,127,69,129.3,0.23803667724132538,0.03932648200955057
UBFC_PHYS_s17_T3_ctrl,127,70,129.33333333333334,-0.6013770699501038,-0.0743241345811721
UBFC_PHYS_s17_T3_ctrl,127,71,129.36666666666667,-0.8225643634796143,-0.21077064481378918
UBFC_PHYS_s17_T3_ctrl,127,72,129.4,-0.5361071228981018,-0.35996899349447264
UBFC_PHYS_s17_T3_ctrl,127,73,129.43333333333334,-0.1585693657398224,-0.5106544513475559
UBFC_PHYS_s17_T3_ctrl,127,74,129.46666666666667,0.016825977712869644,-0.6519277351857226
UBFC_PHYS_s17_T3_ctrl,127,75,129.5,-0.18027137219905853,-0.7732275503244121
UBFC_PHYS_s17_T3_ctrl,127,76,129.53333333333333,-0.7368917465209961,-0.8634352377903279
UBFC_PHYS_s17_T3_ctrl,127,77,129.56666666666666,-1.23382568359375,-0.9101872168120317
UBFC_PHYS_s17_T3_ctrl,127,78,129.6,-1.210239052772522,-0.9001995336545023
UBFC_PHYS_s17_T3_ctrl,127,79,129.63333333333333,-0.689800500869751,-0.8209571229627356
UBFC_PHYS_s17_T3_ctrl,127,80,129.66666666666666,-0.07989664375782013,-0.6637915734832052
UBFC_PHYS_s17_T3_ctrl,127,81,129.7,0.3857367932796478,-0.4279743394722397
UBFC_PHYS_s17_T3_ctrl,127,82,129.73333333333332,0.7420992851257324,-0.12479747147662656
UBFC_PHYS_s17_T3_ctrl,127,83,129.76666666666668,0.9863815903663635,0.21998719119084226
UBFC_PHYS_s17_T3_ctrl,127,84,129.8,1.0758116245269775,0.567063016394358
UBFC_PHYS_s17_T3_ctrl,127,85,129.83333333333334,1.0854452848434448,0.868772422019453
UBFC_PHYS_s17_T3_ctrl,127,86,129.86666666666667,1.0715274810791016,1.0782708885770558
UBFC_PHYS_s17_T3_ctrl,127,87,129.9,0.9712697267532349,1.1604427884204265
UBFC_PHYS_s17_T3_ctrl,127,88,129.93333333333334,0.8181734085083008,1.1010007502572081
UBFC_PHYS_s17_T3_ctrl,127,89,129.96666666666667,0.8522949814796448,0.910271766590575
UBFC_PHYS_s17_T3_ctrl,127,90,130.0,1.2263211011886597,0.620214911509796
UBFC_PHYS_s17_T3_ctrl,127,91,130.03333333333333,1.762433409690857,0.27614415962783023
UBFC_PHYS_s17_T3_ctrl,127,92,130.06666666666666,2.1033213138580322,-0.0732490103501386
UBFC_PHYS_s17_T3_ctrl,127,93,130.1,2.004011631011963,-0.3838290534578213
UBFC_PHYS_s17_T3_ctrl,127,94,130.13333333333333,1.466330885887146,-0.6200131826714712
UBFC_PHYS_s17_T3_ctrl,127,95,130.16666666666666,0.7300660610198975,-0.7554621154736163
UBFC_PHYS_s17_T3_ctrl,127,96,130.2,0.08327814936637878,-0.7727054253055974
UBFC_PHYS_s17_T3_ctrl,127,97,130.23333333333332,-0.30398690700531006,-0.6639579328219475
UBFC_PHYS_s17_T3_ctrl,127,98,130.26666666666668,-0.39917609095573425,-0.4340168937115194
UBFC_PHYS_s17_T3_ctrl,127,99,130.3,-0.2961559295654297,-0.10417482209793877
UBFC_PHYS_s17_T3_ctrl,127,100,130.33333333333334,-0.11360850930213928,0.2854432612570282
UBFC_PHYS_s17_T3_ctrl,127,101,130.36666666666667,0.13024064898490906,0.6779803750482235
UBFC_PHYS_s17_T3_ctrl,127,102,130.4,0.47970861196517944,1.0079456052084517
UBFC_PHYS_s17_T3_ctrl,127,103,130.43333333333334,0.8951722383499146,1.2143707574933862
UBFC_PHYS_s17_T3_ctrl,127,104,130.46666666666667,1.2001475095748901,1.2553849335363851
UBFC_PHYS_s17_T3_ctrl,127,105,130.5,1.2108697891235352,1.1189904802999406
UBFC_PHYS_s17_T3_ctrl,127,106,130.53333333333333,0.9270697236061096,0.825486388907977
UBFC_PHYS_s17_T3_ctrl,127,107,130.56666666666666,0.5639063119888306,0.4202081657475495
UBFC_PHYS_s17_T3_ctrl,127,108,130.6,0.33386969566345215,-0.040174756649550655
UBFC_PHYS_s17_T3_ctrl,127,109,130.63333333333333,0.3774609863758087,-0.5016019162361827
UBFC_PHYS_s17_T3_ctrl,127,110,130.66666666666666,0.7277834415435791,-0.9213694881937934
UBFC_PHYS_s17_T3_ctrl,127,111,130.7,1.208025336265564,-1.2696884586251882
UBFC_PHYS_s17_T3_ctrl,127,112,130.73333333333332,1.5291659832000732,-1.5257386892699782
UBFC_PHYS_s17_T3_ctrl,127,113,130.76666666666668,1.5608410835266113,-1.672220221503457
UBFC_PHYS_s17_T3_ctrl,127,114,130.8,1.3535131216049194,-1.692672094720384
UBFC_PHYS_s17_T3_ctrl,127,115,130.83333333333334,0.9754135012626648,-1.5740299165186313
UBFC_PHYS_s17_T3_ctrl,127,116,130.86666666666667,0.5286727547645569,-1.3137908306646109
UBFC_PHYS_s17_T3_ctrl,127,117,130.9,0.14100971817970276,-0.9282361720383311
UBFC_PHYS_s17_T3_ctrl,127,118,130.93333333333334,-0.1432819664478302,-0.456891719192172
UBFC_PHYS_s17_T3_ctrl,127,119,130.96666666666667,-0.33206841349601746,0.04053437031087386
UBFC_PHYS_s17_T3_ctrl,127,120,131.0,-0.42362889647483826,0.49542875407756404
UBFC_PHYS_s17_T3_ctrl,127,121,131.03333333333333,-0.45907318592071533,0.8466671930015587
UBFC_PHYS_s17_T3_ctrl,127,122,131.06666666666666,-0.5113734006881714,1.0562663981824392
UBFC_PHYS_s17_T3_ctrl,127,123,131.1,-0.6139253377914429,1.1182618537600408
UBFC_PHYS_s17_T3_ctrl,127,124,131.13333333333333,-0.8085996508598328,1.057519263506558
UBFC_PHYS_s17_T3_ctrl,127,125,131.16666666666666,-1.1388355493545532,0.9192365197657858
UBFC_PHYS_s17_T3_ctrl,127,126,131.2,-1.5494296550750732,0.7532047818623107
UBFC_PHYS_s17_T3_ctrl,127,127,131.23333333333332,-1.9334874153137207,0.5985397581541948
UBFC_PHYS_s17_T3_ctrl,127,128,131.26666666666668,-2.246551275253296,0.47433189595232544
UBFC_PHYS_s17_T3_ctrl,127,129,131.3,-2.4476051330566406,0.3793598801892667
UBFC_PHYS_s17_T3_ctrl,127,130,131.33333333333334,-2.4407806396484375,0.30019530108093556
UBFC_PHYS_s17_T3_ctrl,127,131,131.36666666666667,-2.158935546875,0.22334587397133432
UBFC_PHYS_s17_T3_ctrl,127,132,131.4,-1.6317778825759888,0.1453595250198471
UBFC_PHYS_s17_T3_ctrl,127,133,131.43333333333334,-0.9686959385871887,0.07597793040933207
UBFC_PHYS_s17_T3_ctrl,127,134,131.46666666666667,-0.2899636924266815,0.033060972092019386
UBFC_PHYS_s17_T3_ctrl,127,135,131.5,0.33137640357017517,0.03223567499071923
UBFC_PHYS_s17_T3_ctrl,127,136,131.53333333333333,0.8036351799964905,0.07686933916521138
UBFC_PHYS_s17_T3_ctrl,127,137,131.56666666666666,0.9716911315917969,0.15374905936987932
UBFC_PHYS_s17_T3_ctrl,127,138,131.6,0.7996904253959656,0.23685893155055338
UBFC_PHYS_s17_T3_ctrl,127,139,131.63333333333333,0.5439835786819458,0.29739636905779127
UBFC_PHYS_s17_T3_ctrl,127,140,131.66666666666666,0.4922100901603699,0.3148661689990049
UBFC_PHYS_s17_T3_ctrl,127,141,131.7,0.5812305212020874,0.2836745621158205
UBFC_PHYS_s17_T3_ctrl,127,142,131.73333333333332,0.4705432057380676,0.21249029353613916
UBFC_PHYS_s17_T3_ctrl,127,143,131.76666666666668,0.0003095044812653214,0.11776634264893865
UBFC_PHYS_s17_T3_ctrl,127,144,131.8,-0.5422876477241516,0.015581396569719009
UBFC_PHYS_s17_T3_ctrl,127,145,131.83333333333334,-0.8137149810791016,-0.08404394415876304
UBFC_PHYS_s17_T3_ctrl,127,146,131.86666666666667,-0.8273519277572632,-0.17860939719426014
UBFC_PHYS_s17_T3_ctrl,127,147,131.9,-0.7723008990287781,-0.27139716667421504
UBFC_PHYS_s17_T3_ctrl,127,148,131.93333333333334,-0.7119824290275574,-0.3687237876507637
UBFC_PHYS_s17_T3_ctrl,127,149,131.96666666666667,-0.683116614818573,-0.477734404277546
UBFC_PHYS_s17_T3_ctrl,127,150,132.0,-0.7805883884429932,-0.604862816221755
UBFC_PHYS_s17_T3_ctrl,127,151,132.03333333333333,-0.9565806984901428,-0.7541022271832248
UBFC_PHYS_s17_T3_ctrl,127,152,132.06666666666666,-1.021089792251587,-0.9244005845599256
UBFC_PHYS_s17_T3_ctrl,127,153,132.1,-0.8863945007324219,-1.1064269143282146
UBFC_PHYS_s17_T3_ctrl,127,154,132.13333333333333,-0.5964022278785706,-1.2798507236840513
UBFC_PHYS_s17_T3_ctrl,127,155,132.16666666666666,-0.26379019021987915,-1.4127220130855904
UBFC_PHYS_s17_T3_ctrl,127,156,132.2,-0.03380034863948822,-1.4644155639440684
UBFC_PHYS_s17_T3_ctrl,127,157,132.23333333333332,0.04575029015541077,-1.392888233521083
UBFC_PHYS_s17_T3_ctrl,127,158,132.26666666666668,0.07064791023731232,-1.1657254044495093
UBFC_PHYS_s17_T3_ctrl,127,159,132.3,0.12306517362594604,-0.7727059566615627
UBFC_PHYS_s17_T3_ctrl,127,160,132.33333333333334,0.23363541066646576,-0.23587818094392246
UBFC_PHYS_s17_T3_ctrl,127,161,132.36666666666667,0.4328046441078186,0.3875212826801488
UBFC_PHYS_s17_T3_ctrl,127,162,132.4,0.6423683762550354,1.0125706135741834
UBFC_PHYS_s17_T3_ctrl,127,163,132.43333333333334,0.7111499309539795,1.5442326560866517
UBFC_PHYS_s17_T3_ctrl,127,164,132.46666666666667,0.6376978754997253,1.9000819490566931
UBFC_PHYS_s17_T3_ctrl,127,165,132.5,0.5469918847084045,2.030601705155632
UBFC_PHYS_s17_T3_ctrl,127,166,132.53333333333333,0.4895763695240021,1.930523909203899
UBFC_PHYS_s17_T3_ctrl,127,167,132.56666666666666,0.4261676073074341,1.6382077533688657
UBFC_PHYS_s17_T3_ctrl,127,168,132.6,0.3441588282585144,1.2238048763132319
UBFC_PHYS_s17_T3_ctrl,127,169,132.63333333333333,0.245703786611557,0.7701631126877488
UBFC_PHYS_s17_T3_ctrl,127,170,132.66666666666666,0.11628768593072891,0.352673249078354
UBFC_PHYS_s17_T3_ctrl,127,171,132.7,-0.023160040378570557,0.02433548338406181
UBFC_PHYS_s17_T3_ctrl,127,172,132.73333333333332,-0.11186438798904419,-0.19033552826600927
UBFC_PHYS_s17_T3_ctrl,127,173,132.76666666666668,-0.12022212147712708,-0.29279901648512185
UBFC_PHYS_s17_T3_ctrl,127,174,132.8,-0.03969992324709892,-0.302524277067136
UBFC_PHYS_s17_T3_ctrl,127,175,132.83333333333334,0.12658853828907013,-0.24768609700696315
UBFC_PHYS_s17_T3_ctrl,127,176,132.86666666666667,0.2944455146789551,-0.1577087230574147
UBFC_PHYS_s17_T3_ctrl,127,177,132.9,0.37407809495925903,-0.058915470301445685
UBFC_PHYS_s17_T3_ctrl,127,178,132.93333333333334,0.41337350010871887,0.027279726767783313
UBFC_PHYS_s17_T3_ctrl,127,179,132.96666666666667,0.4521070420742035,0.08508204996547883
UBFC_PHYS_s17_T3_ctrl,127,180,133.0,0.36245453357696533,0.10507251372425609
UBFC_PHYS_s17_T3_ctrl,127,181,133.03333333333333,0.09184658527374268,0.08512601341325919
UBFC_PHYS_s17_T3_ctrl,127,182,133.06666666666666,-0.14096428453922272,0.030643962307131775
UBFC_PHYS_s17_T3_ctrl,127,183,133.1,-0.21679256856441498,-0.04690127121260801
UBFC_PHYS_s17_T3_ctrl,127,184,133.13333333333333,-0.27886688709259033,-0.133282903034313
UBFC_PHYS_s17_T3_ctrl,127,185,133.16666666666666,-0.4348076581954956,-0.21570462427236883
UBFC_PHYS_s17_T3_ctrl,127,186,133.2,-0.6339066624641418,-0.2862486303466125
UBFC_PHYS_s17_T3_ctrl,127,187,133.23333333333332,-0.8518047332763672,-0.34336203201234594
UBFC_PHYS_s17_T3_ctrl,127,188,133.26666666666668,-1.0779902935028076,-0.39127211750793967
UBFC_PHYS_s17_T3_ctrl,127,189,133.3,-1.2010034322738647,-0.4381233466976076
UBFC_PHYS_s17_T3_ctrl,127,190,133.33333333333334,-1.1726058721542358,-0.493616603137585
UBFC_PHYS_s17_T3_ctrl,127,191,133.36666666666667,-1.117952823638916,-0.5663735104794475
UBFC_PHYS_s17_T3_ctrl,127,192,133.4,-1.150681495666504,-0.6609205801284334
UBFC_PHYS_s17_T3_ctrl,127,193,133.43333333333334,-1.2069381475448608,-0.7744497354688402
UBFC_PHYS_s17_T3_ctrl,127,194,133.46666666666667,-1.1302084922790527,-0.8941903234594907
UBFC_PHYS_s17_T3_ctrl,127,195,133.5,-0.8648680448532104,-0.996721058923692
UBFC_PHYS_s17_T3_ctrl,127,196,133.53333333333333,-0.5256190299987793,-1.0503469988770195
UBFC_PHYS_s17_T3_ctrl,127,197,133.56666666666666,-0.25682541728019714,-1.0208407805144832
UBFC_PHYS_s17_T3_ctrl,127,198,133.6,-0.07952206581830978,-0.8797608855822072
UBFC_PHYS_s17_T3_ctrl,127,199,133.63333333333333,0.0252656489610672,-0.6134805234735514
UBFC_PHYS_s17_T3_ctrl,127,200,133.66666666666666,0.029198700562119484,-0.23030286404748096
UBFC_PHYS_s17_T3_ctrl,127,201,133.7,-0.06287683546543121,0.2369285884959555
UBFC_PHYS_s17_T3_ctrl,127,202,133.73333333333332,-0.16518297791481018,0.7342297991327659
UBFC_PHYS_s17_T3_ctrl,127,203,133.76666666666668,-0.19441163539886475,1.1955469980386535
UBFC_PHYS_s17_T3_ctrl,127,204,133.8,-0.1381315439939499,1.5552865723717821
UBFC_PHYS_s17_T3_ctrl,127,205,133.83333333333334,-0.06555739045143127,1.761091604954866
UBFC_PHYS_s17_T3_ctrl,127,206,133.86666666666667,-0.07486326992511749,1.7839327062522767
UBFC_PHYS_s17_T3_ctrl,127,207,133.9,-0.19175449013710022,1.6235548620638462
UBFC_PHYS_s17_T3_ctrl,127,208,133.93333333333334,-0.34880730509757996,1.3082842736763938
UBFC_PHYS_s17_T3_ctrl,127,209,133.96666666666667,-0.48476678133010864,0.8891759799359414
UBFC_PHYS_s17_T3_ctrl,127,210,134.0,-0.6090441942214966,0.42967828966329047
UBFC_PHYS_s17_T3_ctrl,127,211,134.03333333333333,-0.7721136212348938,-0.00687111321109836
UBFC_PHYS_s17_T3_ctrl,127,212,134.06666666666666,-0.9660036563873291,-0.36898307335854985
UBFC_PHYS_s17_T3_ctrl,127,213,134.1,-1.0726525783538818,-0.6252027704567898
UBFC_PHYS_s17_T3_ctrl,127,214,134.13333333333333,-0.9703229665756226,-0.7668874448758073
UBFC_PHYS_s17_T3_ctrl,127,215,134.16666666666666,-0.6861249208450317,-0.8052217088265196
UBFC_PHYS_s17_T3_ctrl,127,216,134.2,-0.3729557693004608,-0.7637760706439205
UBFC_PHYS_s17_T3_ctrl,127,217,134.23333333333332,-0.1407887041568756,-0.6691764717362473
UBFC_PHYS_s17_T3_ctrl,127,218,134.26666666666668,0.016451401636004448,-0.54289833978673
UBFC_PHYS_s17_T3_ctrl,127,219,134.3,0.12966708838939667,-0.3968010562585821
UBFC_PHYS_s17_T3_ctrl,127,220,134.33333333333334,0.20314255356788635,-0.23388250667994714
UBFC_PHYS_s17_T3_ctrl,127,221,134.36666666666667,0.27003955841064453,-0.05386665777301744
UBFC_PHYS_s17_T3_ctrl,127,222,134.4,0.37530717253685,0.13894868577624614
UBFC_PHYS_s17_T3_ctrl,127,223,134.43333333333334,0.5002283453941345,0.3294779534935003
UBFC_PHYS_s17_T3_ctrl,127,224,134.46666666666667,0.5945747494697571,0.49066193249028245
UBFC_PHYS_s17_T3_ctrl,127,225,134.5,0.6393483281135559,0.588634417141136
UBFC_PHYS_s17_T3_ctrl,127,226,134.53333333333333,0.6128236651420593,0.5928694970454205
UBFC_PHYS_s17_T3_ctrl,127,227,134.56666666666666,0.49515989422798157,0.48754555482856643
UBFC_PHYS_s17_T3_ctrl,127,228,134.6,0.3095690608024597,0.27926070508221806
UBFC_PHYS_s17_T3_ctrl,127,229,134.63333333333333,0.10430124402046204,-0.002534527617412144
UBFC_PHYS_s17_T3_ctrl,127,230,134.66666666666666,-0.10342471301555634,-0.31259977906644837
UBFC_PHYS_s17_T3_ctrl,127,231,134.7,-0.3319747745990753,-0.6012630383023944
UBFC_PHYS_s17_T3_ctrl,127,232,134.73333333333332,-0.5804007649421692,-0.8256433472909681
UBFC_PHYS_s17_T3_ctrl,127,233,134.76666666666668,-0.7942604422569275,-0.9573254400035642
UBFC_PHYS_s17_T3_ctrl,127,234,134.8,-0.9513249397277832,-0.9851353021013844
UBFC_PHYS_s17_T3_ctrl,127,235,134.83333333333334,-1.1022558212280273,-0.9135349444072638
UBFC_PHYS_s17_T3_ctrl,127,236,134.86666666666667,-1.211093544960022,-0.7581491447114695
UBFC_PHYS_s17_T3_ctrl,127,237,134.9,-1.1233257055282593,-0.5402262201083768
UBFC_PHYS_s17_T3_ctrl,127,238,134.93333333333334,-0.8558197021484375,-0.2818242380308786
UBFC_PHYS_s17_T3_ctrl,127,239,134.96666666666667,-0.8075461983680725,-0.0031814547090105814
UBFC_PHYS_s17_T3_ctrl,128,0,128.0,-0.4861363172531128,0.05922770857523752
UBFC_PHYS_s17_T3_ctrl,128,1,128.03333333333333,-0.2230081856250763,0.16583766788684673
UBFC_PHYS_s17_T3_ctrl,128,2,128.06666666666666,0.12353339791297913,0.2278914318903935
UBFC_PHYS_s17_T3_ctrl,128,3,128.1,0.2591417133808136,0.2142667950597584
UBFC_PHYS_s17_T3_ctrl,128,4,128.13333333333333,0.1746162325143814,0.11594133894433133
UBFC_PHYS_s17_T3_ctrl,128,5,128.16666666666666,-0.0331331342458725,-0.048967300951379016
UBFC_PHYS_s17_T3_ctrl,128,6,128.2,-0.5336489677429199,-0.2372715487561226
UBFC_PHYS_s17_T3_ctrl,128,7,128.23333333333332,-1.4456720352172852,-0.3906610682195026
UBFC_PHYS_s17_T3_ctrl,128,8,128.26666666666668,-2.276412010192871,-0.45214316441091845
UBFC_PHYS_s17_T3_ctrl,128,9,128.3,-2.3298592567443848,-0.38494679557048006
UBFC_PHYS_s17_T3_ctrl,128,10,128.33333333333334,-1.5701249837875366,-0.18757292949128906
UBFC_PHYS_s17_T3_ctrl,128,11,128.36666666666667,-0.428697407245636,0.10139676787933015
UBFC_PHYS_s17_T3_ctrl,128,12,128.4,0.6361176371574402,0.411885012667335
UBFC_PHYS_s17_T3_ctrl,128,13,128.43333333333334,1.1873300075531006,0.6622134781792748
UBFC_PHYS_s17_T3_ctrl,128,14,128.46666666666667,1.0812078714370728,0.7835363637075985
UBFC_PHYS_s17_T3_ctrl,128,15,128.5,0.7390792965888977,0.7401106403155906
UBFC_PHYS_s17_T3_ctrl,128,16,128.53333333333333,0.5925965309143066,0.5384735412393743
UBFC_PHYS_s17_T3_ctrl,128,17,128.56666666666666,0.511641263961792,0.2232110377260784
UBFC_PHYS_s17_T3_ctrl,128,18,128.6,0.2653222382068634,-0.1377086263519158
UBFC_PHYS_s17_T3_ctrl,128,19,128.63333333333333,-0.05376994609832764,-0.47167971965932093
UBFC_PHYS_s17_T3_ctrl,128,20,128.66666666666666,-0.15955263376235962,-0.7179108187773257
UBFC_PHYS_s17_T3_ctrl,128,21,128.7,0.1481032520532608,-0.8377403836182252
UBFC_PHYS_s17_T3_ctrl,128,22,128.73333333333332,0.7824950218200684,-0.8181414106104156
UBFC_PHYS_s17_T3_ctrl,128,23,128.76666666666668,1.4157981872558594,-0.6700548318840699
UBFC_PHYS_s17_T3_ctrl,128,24,128.8,1.8033207654953003,-0.42393907132317266
UBFC_PHYS_s17_T3_ctrl,128,25,128.83333333333334,1.9608417749404907,-0.12421526048346744
UBFC_PHYS_s17_T3_ctrl,128,26,128.86666666666667,2.0085651874542236,0.17709588951506638
UBFC_PHYS_s17_T3_ctrl,128,27,128.9,2.029576539993286,0.4282087068684721
UBFC_PHYS_s17_T3_ctrl,128,28,128.93333333333334,2.0342938899993896,0.5872087231103046
UBFC_PHYS_s17_T3_ctrl,128,29,128.96666666666667,2.033053159713745,0.6320289028733937
UBFC_PHYS_s17_T3_ctrl,128,30,129.0,2.0961575508117676,0.5671170371481108
UBFC_PHYS_s17_T3_ctrl,128,31,129.03333333333333,2.2564525604248047,0.4228777782976015
UBFC_PHYS_s17_T3_ctrl,128,32,129.06666666666666,2.4034154415130615,0.24680394106738937
UBFC_PHYS_s17_T3_ctrl,128,33,129.1,2.396052598953247,0.08918031902469907
UBFC_PHYS_s17_T3_ctrl,128,34,129.13333333333333,2.1973164081573486,-0.011433204284919715
UBFC_PHYS_s17_T3_ctrl,128,35,129.16666666666666,1.9302903413772583,-0.03802495111507822
UBFC_PHYS_s17_T3_ctrl,128,36,129.2,1.7763161659240723,0.0023722797924810323
UBFC_PHYS_s17_T3_ctrl,128,37,129.23333333333332,1.6612744331359863,0.08333743611982784
UBFC_PHYS_s17_T3_ctrl,128,38,129.26666666666668,1.1813719272613525,0.16863478077259367
UBFC_PHYS_s17_T3_ctrl,128,39,129.3,0.23803667724132538,0.22339088394521134
UBFC_PHYS_s17_T3_ctrl,128,40,129.33333333333334,-0.6013770699501038,0.22334608479619703
UBFC_PHYS_s17_T3_ctrl,128,41,129.36666666666667,-0.8225643634796143,0.159592142756778
UBFC_PHYS_s17_T3_ctrl,128,42,129.4,-0.5361071228981018,0.03824043483544186
UBFC_PHYS_s17_T3_ctrl,128,43,129.43333333333334,-0.1585693657398224,-0.12354398621162879
UBFC_PHYS_s17_T3_ctrl,128,44,129.46666666666667,0.016825977712869644,-0.302871232951657
UBFC_PHYS_s17_T3_ctrl,128,45,129.5,-0.18027137219905853,-0.47587965742480165
UBFC_PHYS_s17_T3_ctrl,128,46,129.53333333333333,-0.7368917465209961,-0.6208776668058156
UBFC_PHYS_s17_T3_ctrl,128,47,129.56666666666666,-1.23382568359375,-0.719785410308458
UBFC_PHYS_s17_T3_ctrl,128,48,129.6,-1.210239052772522,-0.7584647865559059
UBFC_PHYS_s17_T3_ctrl,128,49,129.63333333333333,-0.689800500869751,-0.7268556954514618
UBFC_PHYS_s17_T3_ctrl,128,50,129.66666666666666,-0.07989664375782013,-0.6198066095421715
UBFC_PHYS_s17_T3_ctrl,128,51,129.7,0.3857367932796478,-0.4389885636161846
UBFC_PHYS_s17_T3_ctrl,128,52,129.73333333333332,0.7420992851257324,-0.19537812318919848
UBFC_PHYS_s17_T3_ctrl,128,53,129.76666666666668,0.9863815903663635,0.08904257844751055
UBFC_PHYS_s17_T3_ctrl,128,54,129.8,1.0758116245269775,0.38194328230890234
UBFC_PHYS_s17_T3_ctrl,128,55,129.83333333333334,1.0854452848434448,0.6445948469304092
UBFC_PHYS_s17_T3_ctrl,128,56,129.86666666666667,1.0715274810791016,0.8387121474282364
UBFC_PHYS_s17_T3_ctrl,128,57,129.9,0.9712697267532349,0.9343486396948798
UBFC_PHYS_s17_T3_ctrl,128,58,129.93333333333334,0.8181734085083008,0.9162178791003163
UBFC_PHYS_s17_T3_ctrl,128,59,129.96666666666667,0.8522949814796448,0.786347919484605
UBFC_PHYS_s17_T3_ctrl,128,60,130.0,1.2263211011886597,0.5626947458297534
UBFC_PHYS_s17_T3_ctrl,128,61,130.03333333333333,1.762433409690857,0.2749577879590041
UBFC_PHYS_s17_T3_ctrl,128,62,130.06666666666666,2.1033213138580322,-0.04072331891465574
UBFC_PHYS_s17_T3_ctrl,128,63,130.1,2.004011631011963,-0.34683965110944126
UBFC_PHYS_s17_T3_ctrl,128,64,130.13333333333333,1.466330885887146,-0.6083512085605596
UBFC_PHYS_s17_T3_ctrl,128,65,130.16666666666666,0.7300660610198975,-0.7948531133812392
UBFC_PHYS_s17_T3_ctrl,128,66,130.2,0.08327814936637878,-0.8816384233792195
UBFC_PHYS_s17_T3_ctrl,128,67,130.23333333333332,-0.30398690700531006,-0.8510320249343923
UBFC_PHYS_s17_T3_ctrl,128,68,130.26666666666668,-0.39917609095573425,-0.695204731111591
UBFC_PHYS_s17_T3_ctrl,128,69,130.3,-0.2961559295654297,-0.4205017900434697
UBFC_PHYS_s17_T3_ctrl,128,70,130.33333333333334,-0.11360850930213928,-0.05172395088877256
UBFC_PHYS_s17_T3_ctrl,128,71,130.36666666666667,0.13024064898490906,0.3663306981902242
UBFC_PHYS_s17_T3_ctrl,128,72,130.4,0.47970861196517944,0.7726290274468908
UBFC_PHYS_s17_T3_ctrl,128,73,130.43333333333334,0.8951722383499146,1.0998561608678195
UBFC_PHYS_s17_T3_ctrl,128,74,130.46666666666667,1.2001475095748901,1.2886945537491503
UBFC_PHYS_s17_T3_ctrl,128,75,130.5,1.2108697891235352,1.3020226410634472
UBFC_PHYS_s17_T3_ctrl,128,76,130.53333333333333,0.9270697236061096,1.1337732814966284
UBFC_PHYS_s17_T3_ctrl,128,77,130.56666666666666,0.5639063119888306,0.8089426585716275
UBFC_PHYS_s17_T3_ctrl,128,78,130.6,0.33386969566345215,0.37512174024994394
UBFC_PHYS_s17_T3_ctrl,128,79,130.63333333333333,0.3774609863758087,-0.1103154905340899
UBFC_PHYS_s17_T3_ctrl,128,80,130.66666666666666,0.7277834415435791,-0.5918638199619831
UBFC_PHYS_s17_T3_ctrl,128,81,130.7,1.208025336265564,-1.0224168605973645
UBFC_PHYS_s17_T3_ctrl,128,82,130.73333333333332,1.5291659832000732,-1.3641035262126564
UBFC_PHYS_s17_T3_ctrl,128,83,130.76666666666668,1.5608410835266113,-1.5861436025883988
UBFC_PHYS_s17_T3_ctrl,128,84,130.8,1.3535131216049194,-1.663817661319414
UBFC_PHYS_s17_T3_ctrl,128,85,130.83333333333334,0.9754135012626648,-1.5814590319298576
UBFC_PHYS_s17_T3_ctrl,128,86,130.86666666666667,0.5286727547645569,-1.3392653755832062
UBFC_PHYS_s17_T3_ctrl,128,87,130.9,0.14100971817970276,-0.9604287799925971
UBFC_PHYS_s17_T3_ctrl,128,88,130.93333333333334,-0.1432819664478302,-0.4935127085383691
UBFC_PHYS_s17_T3_ctrl,128,89,130.96666666666667,-0.33206841349601746,-0.006276836074915785
UBFC_PHYS_s17_T3_ctrl,128,90,131.0,-0.42362889647483826,0.4290240413742536
UBFC_PHYS_s17_T3_ctrl,128,91,131.03333333333333,-0.45907318592071533,0.7543349437589271
UBFC_PHYS_s17_T3_ctrl,128,92,131.06666666666666,-0.5113734006881714,0.9412083479530974
UBFC_PHYS_s17_T3_ctrl,128,93,131.1,-0.6139253377914429,0.9964071040760075
UBFC_PHYS_s17_T3_ctrl,128,94,131.13333333333333,-0.8085996508598328,0.9554009561083557
UBFC_PHYS_s17_T3_ctrl,128,95,131.16666666666666,-1.1388355493545532,0.8666757150836678
UBFC_PHYS_s17_T3_ctrl,128,96,131.2,-1.5494296550750732,0.773222157260888
UBFC_PHYS_s17_T3_ctrl,128,97,131.23333333333332,-1.9334874153137207,0.6982552189070468
UBFC_PHYS_s17_T3_ctrl,128,98,131.26666666666668,-2.246551275253296,0.6403868663211748
UBFC_PHYS_s17_T3_ctrl,128,99,131.3,-2.4476051330566406,0.5797526778858145
UBFC_PHYS_s17_T3_ctrl,128,100,131.33333333333334,-2.4407806396484375,0.49210685445815544
UBFC_PHYS_s17_T3_ctrl,128,101,131.36666666666667,-2.158935546875,0.36441138908290993
UBFC_PHYS_s17_T3_ctrl,128,102,131.4,-1.6317778825759888,0.2046131682016377
UBFC_PHYS_s17_T3_ctrl,128,103,131.43333333333334,-0.9686959385871887,0.040904636606698186
UBFC_PHYS_s17_T3_ctrl,128,104,131.46666666666667,-0.2899636924266815,-0.08909759365688898
UBFC_PHYS_s17_T3_ctrl,128,105,131.5,0.33137640357017517,-0.15400732659876895
UBFC_PHYS_s17_T3_ctrl,128,106,131.53333333333333,0.8036351799964905,-0.14205772200679462
UBFC_PHYS_s17_T3_ctrl,128,107,131.56666666666666,0.9716911315917969,-0.06655624718456105
UBFC_PHYS_s17_T3_ctrl,128,108,131.6,0.7996904253959656,0.03872417909491126
UBFC_PHYS_s17_T3_ctrl,128,109,131.63333333333333,0.5439835786819458,0.13210840190427947
UBFC_PHYS_s17_T3_ctrl,128,110,131.66666666666666,0.4922100901603699,0.1790459553710245
UBFC_PHYS_s17_T3_ctrl,128,111,131.7,0.5812305212020874,0.1632169265259581
UBFC_PHYS_s17_T3_ctrl,128,112,131.73333333333332,0.4705432057380676,0.08953915992320195
UBFC_PHYS_s17_T3_ctrl,128,113,131.76666666666668,0.0003095044812653214,-0.02102242534991549
UBFC_PHYS_s17_T3_ctrl,128,114,131.8,-0.5422876477241516,-0.14122713675549126
UBFC_PHYS_s17_T3_ctrl,128,115,131.83333333333334,-0.8137149810791016,-0.24701468782529518
UBFC_PHYS_s17_T3_ctrl,128,116,131.86666666666667,-0.8273519277572632,-0.3234485021472226
UBFC_PHYS_s17_T3_ctrl,128,117,131.9,-0.7723008990287781,-0.36679020038233323
UBFC_PHYS_s17_T3_ctrl,128,118,131.93333333333334,-0.7119824290275574,-0.3840465961775787
UBFC_PHYS_s17_T3_ctrl,128,119,131.96666666666667,-0.683116614818573,-0.391162276668649
UBFC_PHYS_s17_T3_ctrl,128,120,132.0,-0.7805883884429932,-0.409809258609332
UBFC_PHYS_s17_T3_ctrl,128,121,132.03333333333333,-0.9565806984901428,-0.46214579888432694
UBFC_PHYS_s17_T3_ctrl,128,122,132.06666666666666,-1.021089792251587,-0.5639054630376304
UBFC_PHYS_s17_T3_ctrl,128,123,132.1,-0.8863945007324219,-0.7175814544642873
UBFC_PHYS_s17_T3_ctrl,128,124,132.13333333333333,-0.5964022278785706,-0.9078347754146873
UBFC_PHYS_s17_T3_ctrl,128,125,132.16666666666666,-0.26379019021987915,-1.1007198869166464
UBFC_PHYS_s17_T3_ctrl,128,126,132.2,-0.03380034863948822,-1.247625033743767
UBFC_PHYS_s17_T3_ctrl,128,127,132.23333333333332,0.04575029015541077,-1.2940842542564686
UBFC_PHYS_s17_T3_ctrl,128,128,132.26666666666668,0.07064791023731232,-1.192578510040537
UBFC_PHYS_s17_T3_ctrl,128,129,132.3,0.12306517362594604,-0.9169260183382222
UBFC_PHYS_s17_T3_ctrl,128,130,132.33333333333334,0.23363541066646576,-0.4742203660084571
UBFC_PHYS_s17_T3_ctrl,128,131,132.36666666666667,0.4328046441078186,0.0903902243783215
UBFC_PHYS_s17_T3_ctrl,128,132,132.4,0.6423683762550354,0.699438022210469
UBFC_PHYS_s17_T3_ctrl,128,133,132.43333333333334,0.7111499309539795,1.2592908070378221
UBFC_PHYS_s17_T3_ctrl,128,134,132.46666666666667,0.6376978754997253,1.6823233696873865
UBFC_PHYS_s17_T3_ctrl,128,135,132.5,0.5469918847084045,1.9079926954943265
UBFC_PHYS_s17_T3_ctrl,128,136,132.53333333333333,0.4895763695240021,1.9162721804347584
UBFC_PHYS_s17_T3_ctrl,128,137,132.56666666666666,0.4261676073074341,1.7298704738263029
UBFC_PHYS_s17_T3_ctrl,128,138,132.6,0.3441588282585144,1.4052258779125513
UBFC_PHYS_s17_T3_ctrl,128,139,132.63333333333333,0.245703786611557,1.0155237787555649
UBFC_PHYS_s17_T3_ctrl,128,140,132.66666666666666,0.11628768593072891,0.6313543577878955
UBFC_PHYS_s17_T3_ctrl,128,141,132.7,-0.023160040378570557,0.3051396968402746
UBFC_PHYS_s17_T3_ctrl,128,142,132.73333333333332,-0.11186438798904419,0.06360616666233132
UBFC_PHYS_s17_T3_ctrl,128,143,132.76666666666668,-0.12022212147712708,-0.0908527001120943
UBFC_PHYS_s17_T3_ctrl,128,144,132.8,-0.03969992324709892,-0.17250986611130922
UBFC_PHYS_s17_T3_ctrl,128,145,132.83333333333334,0.12658853828907013,-0.2027305630228465
UBFC_PHYS_s17_T3_ctrl,128,146,132.86666666666667,0.2944455146789551,-0.20234048965312376
UBFC_PHYS_s17_T3_ctrl,128,147,132.9,0.37407809495925903,-0.18769980805859598
UBFC_PHYS_s17_T3_ctrl,128,148,132.93333333333334,0.41337350010871887,-0.17007531658128802
UBFC_PHYS_s17_T3_ctrl,128,149,132.96666666666667,0.4521070420742035,-0.15668930099966355
UBFC_PHYS_s17_T3_ctrl,128,150,133.0,0.36245453357696533,-0.15186728237888145
UBFC_PHYS_s17_T3_ctrl,128,151,133.03333333333333,0.09184658527374268,-0.15753756787712805
UBFC_PHYS_s17_T3_ctrl,128,152,133.06666666666666,-0.14096428453922272,-0.17321592009224468
UBFC_PHYS_s17_T3_ctrl,128,153,133.1,-0.21679256856441498,-0.1960934161832131
UBFC_PHYS_s17_T3_ctrl,128,154,133.13333333333333,-0.27886688709259033,-0.22181449389154917
UBFC_PHYS_s17_T3_ctrl,128,155,133.16666666666666,-0.4348076581954956,-0.2460926047296187
UBFC_PHYS_s17_T3_ctrl,128,156,133.2,-0.6339066624641418,-0.2667426825947299
UBFC_PHYS_s17_T3_ctrl,128,157,133.23333333333332,-0.8518047332763672,-0.2853629789025026
UBFC_PHYS_s17_T3_ctrl,128,158,133.26666666666668,-1.0779902935028076,-0.3079587919914988
UBFC_PHYS_s17_T3_ctrl,128,159,133.3,-1.2010034322738647,-0.34411397966822244
UBFC_PHYS_s17_T3_ctrl,128,160,133.33333333333334,-1.1726058721542358,-0.40464743437312656
UBFC_PHYS_s17_T3_ctrl,128,161,133.36666666666667,-1.117952823638916,-0.49799353706491833
UBFC_PHYS_s17_T3_ctrl,128,162,133.4,-1.150681495666504,-0.6258897981710542
UBFC_PHYS_s17_T3_ctrl,128,163,133.43333333333334,-1.2069381475448608,-0.7794037296040407
UBFC_PHYS_s17_T3_ctrl,128,164,133.46666666666667,-1.1302084922790527,-0.9367573208388037
UBFC_PHYS_s17_T3_ctrl,128,165,133.5,-0.8648680448532104,-1.0644081167828219
UBFC_PHYS_s17_T3_ctrl,128,166,133.53333333333333,-0.5256190299987793,-1.1221299482017268
UBFC_PHYS_s17_T3_ctrl,128,167,133.56666666666666,-0.25682541728019714,-1.0716050114012972
UBFC_PHYS_s17_T3_ctrl,128,168,133.6,-0.07952206581830978,-0.8867520477501055
UBFC_PHYS_s17_T3_ctrl,128,169,133.63333333333333,0.0252656489610672,-0.5630761883880768
UBFC_PHYS_s17_T3_ctrl,128,170,133.66666666666666,0.029198700562119484,-0.12307220497471143
UBFC_PHYS_s17_T3_ctrl,128,171,133.7,-0.06287683546543121,0.38460424188308023
UBFC_PHYS_s17_T3_ctrl,128,172,133.73333333333332,-0.16518297791481018,0.8928485984910085
UBFC_PHYS_s17_T3_ctrl,128,173,133.76666666666668,-0.19441163539886475,1.3291270011687715
UBFC_PHYS_s17_T3_ctrl,128,174,133.8,-0.1381315439939499,1.6302330614208853
UBFC_PHYS_s17_T3_ctrl,128,175,133.83333333333334,-0.06555739045143127,1.7546492544526682
UBFC_PHYS_s17_T3_ctrl,128,176,133.86666666666667,-0.07486326992511749,1.6896904976117646
UBFC_PHYS_s17_T3_ctrl,128,177,133.9,-0.19175449013710022,1.4525700239549806
UBFC_PHYS_s17_T3_ctrl,128,178,133.93333333333334,-0.34880730509757996,1.08582643737089
UBFC_PHYS_s17_T3_ctrl,128,179,133.96666666666667,-0.48476678133010864,0.6483056620143265
UBFC_PHYS_s17_T3_ctrl,128,180,134.0,-0.6090441942214966,0.20365467865053463
UBFC_PHYS_s17_T3_ctrl,128,181,134.03333333333333,-0.7721136212348938,-0.19113493126203832
UBFC_PHYS_s17_T3_ctrl,128,182,134.06666666666666,-0.9660036563873291,-0.4946537920170677
UBFC_PHYS_s17_T3_ctrl,128,183,134.1,-1.0726525783538818,-0.6857666057303551
UBFC_PHYS_s17_T3_ctrl,128,184,134.13333333333333,-0.9703229665756226,-0.7635794928878358
UBFC_PHYS_s17_T3_ctrl,128,185,134.16666666666666,-0.6861249208450317,-0.7433491602654562
UBFC_PHYS_s17_T3_ctrl,128,186,134.2,-0.3729557693004608,-0.6497371314828126
UBFC_PHYS_s17_T3_ctrl,128,187,134.23333333333332,-0.1407887041568756,-0.509206643400387
UBFC_PHYS_s17_T3_ctrl,128,188,134.26666666666668,0.016451401636004448,-0.3435534066224527
UBFC_PHYS_s17_T3_ctrl,128,189,134.3,0.12966708838939667,-0.16639795669662993
UBFC_PHYS_s17_T3_ctrl,128,190,134.33333333333334,0.20314255356788635,0.016293075754409574
UBFC_PHYS_s17_T3_ctrl,128,191,134.36666666666667,0.27003955841064453,0.20196414297752407
UBFC_PHYS_s17_T3_ctrl,128,192,134.4,0.37530717253685,0.3854198451954415
UBFC_PHYS_s17_T3_ctrl,128,193,134.43333333333334,0.5002283453941345,0.5538989278351271
UBFC_PHYS_s17_T3_ctrl,128,194,134.46666666666667,0.5945747494697571,0.6859655335020698
UBFC_PHYS_s17_T3_ctrl,128,195,134.5,0.6393483281135559,0.755450783168097
UBFC_PHYS_s17_T3_ctrl,128,196,134.53333333333333,0.6128236651420593,0.7395447899623447
UBFC_PHYS_s17_T3_ctrl,128,197,134.56666666666666,0.49515989422798157,0.6280388469874647
UBFC_PHYS_s17_T3_ctrl,128,198,134.6,0.3095690608024597,0.42955589529783483
UBFC_PHYS_s17_T3_ctrl,128,199,134.63333333333333,0.10430124402046204,0.17141458970929496
UBFC_PHYS_s17_T3_ctrl,128,200,134.66666666666666,-0.10342471301555634,-0.10738033871539009
UBFC_PHYS_s17_T3_ctrl,128,201,134.7,-0.3319747745990753,-0.3673256225027274
UBFC_PHYS_s17_T3_ctrl,128,202,134.73333333333332,-0.5804007649421692,-0.579428686970306
UBFC_PHYS_s17_T3_ctrl,128,203,134.76666666666668,-0.7942604422569275,-0.7320602493640171
UBFC_PHYS_s17_T3_ctrl,128,204,134.8,-0.9513249397277832,-0.8315135602350877
UBFC_PHYS_s17_T3_ctrl,128,205,134.83333333333334,-1.1022558212280273,-0.8964627057751955
UBFC_PHYS_s17_T3_ctrl,128,206,134.86666666666667,-1.211093544960022,-0.9484363491635015
UBFC_PHYS_s17_T3_ctrl,128,207,134.9,-1.1233257055282593,-1.001512630884601
UBFC_PHYS_s17_T3_ctrl,128,208,134.93333333333334,-0.8558197021484375,-1.0545835981004223
UBFC_PHYS_s17_T3_ctrl,128,209,134.96666666666667,-0.8075461983680725,-1.0887210660747784
UBFC_PHYS_s17_T3_ctrl,128,210,135.0,-1.3851194381713867,-1.0706410392324885
UBFC_PHYS_s17_T3_ctrl,128,211,135.03333333333333,-2.3766930103302,-0.9616395632773586
UBFC_PHYS_s17_T3_ctrl,128,212,135.06666666666666,-2.9959611892700195,-0.7301241005075235
UBFC_PHYS_s17_T3_ctrl,128,213,135.1,-2.6818673610687256,-0.3648409706278146
UBFC_PHYS_s17_T3_ctrl,128,214,135.13333333333333,-1.513224482536316,0.11500220002627204
UBFC_PHYS_s17_T3_ctrl,128,215,135.16666666666666,-0.14380872249603271,0.6567525511514374
UBFC_PHYS_s17_T3_ctrl,128,216,135.2,0.6888275146484375,1.181292478603664
UBFC_PHYS_s17_T3_ctrl,128,217,135.23333333333332,0.8034010529518127,1.5998015414555486
UBFC_PHYS_s17_T3_ctrl,128,218,135.26666666666668,0.562466561794281,1.836032490333541
UBFC_PHYS_s17_T3_ctrl,128,219,135.3,0.24878233671188354,1.8467860932848315
UBFC_PHYS_s17_T3_ctrl,128,220,135.33333333333334,-0.07258069515228271,1.6332803517108079
UBFC_PHYS_s17_T3_ctrl,128,221,135.36666666666667,-0.23385919630527496,1.2395559339300473
UBFC_PHYS_s17_T3_ctrl,128,222,135.4,-0.06958408653736115,0.7394194916873364
UBFC_PHYS_s17_T3_ctrl,128,223,135.43333333333334,0.3264952003955841,0.21764400772114895
UBFC_PHYS_s17_T3_ctrl,128,224,135.46666666666667,0.7210761904716492,-0.24803367227705364
UBFC_PHYS_s17_T3_ctrl,128,225,135.5,0.9924449920654297,-0.5995704959287361
UBFC_PHYS_s17_T3_ctrl,128,226,135.53333333333333,1.1399461030960083,-0.8042994887119593
UBFC_PHYS_s17_T3_ctrl,128,227,135.56666666666666,1.1807866096496582,-0.8545533191760729
UBFC_PHYS_s17_T3_ctrl,128,228,135.6,1.1391618251800537,-0.7636384354117973
UBFC_PHYS_s17_T3_ctrl,128,229,135.63333333333333,1.0900806188583374,-0.5606508792753759
UBFC_PHYS_s17_T3_ctrl,128,230,135.66666666666666,1.092117428779602,-0.28551938669779864
UBFC_PHYS_s17_T3_ctrl,128,231,135.7,1.1151772737503052,0.015729564902220126
UBFC_PHYS_s17_T3_ctrl,128,232,135.73333333333332,1.1043497323989868,0.29618513704341953
UBFC_PHYS_s17_T3_ctrl,128,233,135.76666666666668,1.0629472732543945,0.513987082747263
UBFC_PHYS_s17_T3_ctrl,128,234,135.8,1.014498233795166,0.6380286399107374
UBFC_PHYS_s17_T3_ctrl,128,235,135.83333333333334,0.9620692133903503,0.6518221367586519
UBFC_PHYS_s17_T3_ctrl,128,236,135.86666666666667,0.9168859720230103,0.5546184692909357
UBFC_PHYS_s17_T3_ctrl,128,237,135.9,0.8872358798980713,0.3600756912390642
UBFC_PHYS_s17_T3_ctrl,128,238,135.93333333333334,0.849930465221405,0.09336416169385793
UBFC_PHYS_s17_T3_ctrl,128,239,135.96666666666667,0.7956286072731018,-0.21236870076684178
UBFC_PHYS_s17_T3_ctrl,129,0,129.0,2.0961575508117676,0.0029122634851880434
UBFC_PHYS_s17_T3_ctrl,129,1,129.03333333333333,2.2564525604248047,0.3064264489024618
UBFC_PHYS_s17_T3_ctrl,129,2,129.06666666666666,2.4034154415130615,0.5976694947279151
UBFC_PHYS_s17_T3_ctrl,129,3,129.1,2.396052598953247,0.8627925176163808
UBFC_PHYS_s17_T3_ctrl,129,4,129.13333333333333,2.1973164081573486,1.085590905945015
UBFC_PHYS_s17_T3_ctrl,129,5,129.16666666666666,1.9302903413772583,1.248614838800818
UBFC_PHYS_s17_T3_ctrl,129,6,129.2,1.7763161659240723,1.335671663884476
UBFC_PHYS_s17_T3_ctrl,129,7,129.23333333333332,1.6612744331359863,1.3355068447207676
UBFC_PHYS_s17_T3_ctrl,129,8,129.26666666666668,1.1813719272613525,1.2456897910220694
UBFC_PHYS_s17_T3_ctrl,129,9,129.3,0.23803667724132538,1.074923486248724
UBFC_PHYS_s17_T3_ctrl,129,10,129.33333333333334,-0.6013770699501038,0.842290020550123
UBFC_PHYS_s17_T3_ctrl,129,11,129.36666666666667,-0.8225643634796143,0.5733146201379353
UBFC_PHYS_s17_T3_ctrl,129,12,129.4,-0.5361071228981018,0.2943341443886412
UBFC_PHYS_s17_T3_ctrl,129,13,129.43333333333334,-0.1585693657398224,0.027494151675871145
UBFC_PHYS_s17_T3_ctrl,129,14,129.46666666666667,0.016825977712869644,-0.21175696761722937
UBFC_PHYS_s17_T3_ctrl,129,15,129.5,-0.18027137219905853,-0.4141559010606801
UBFC_PHYS_s17_T3_ctrl,129,16,129.53333333333333,-0.7368917465209961,-0.5739796219030262
UBFC_PHYS_s17_T3_ctrl,129,17,129.56666666666666,-1.23382568359375,-0.6859788280769616
UBFC_PHYS_s17_T3_ctrl,129,18,129.6,-1.210239052772522,-0.7435899075928888
UBFC_PHYS_s17_T3_ctrl,129,19,129.63333333333333,-0.689800500869751,-0.7394550829633746
UBFC_PHYS_s17_T3_ctrl,129,20,129.66666666666666,-0.07989664375782013,-0.6683026697637067
UBFC_PHYS_s17_T3_ctrl,129,21,129.7,0.3857367932796478,-0.5312105731571738
UBFC_PHYS_s17_T3_ctrl,129,22,129.73333333333332,0.7420992851257324,-0.33947101333318147
UBFC_PHYS_s17_T3_ctrl,129,23,129.76666666666668,0.9863815903663635,-0.1160975523221906
UBFC_PHYS_s17_T3_ctrl,129,24,129.8,1.0758116245269775,0.10629897326495762
UBFC_PHYS_s17_T3_ctrl,129,25,129.83333333333334,1.0854452848434448,0.2912100146915512
UBFC_PHYS_s17_T3_ctrl,129,26,129.86666666666667,1.0715274810791016,0.40600939652721413
UBFC_PHYS_s17_T3_ctrl,129,27,129.9,0.9712697267532349,0.42938246845183475
UBFC_PHYS_s17_T3_ctrl,129,28,129.93333333333334,0.8181734085083008,0.3559879768433449
UBFC_PHYS_s17_T3_ctrl,129,29,129.96666666666667,0.8522949814796448,0.19696978435790732
UBFC_PHYS_s17_T3_ctrl,129,30,130.0,1.2263211011886597,-0.023415046193793632
UBFC_PHYS_s17_T3_ctrl,129,31,130.03333333333333,1.762433409690857,-0.27334749718822016
UBFC_PHYS_s17_T3_ctrl,129,32,130.06666666666666,2.1033213138580322,-0.5189740603778731
UBFC_PHYS_s17_T3_ctrl,129,33,130.1,2.004011631011963,-0.7282801019542843
UBFC_PHYS_s17_T3_ctrl,129,34,130.13333333333333,1.466330885887146,-0.8729421354200714
UBFC_PHYS_s17_T3_ctrl,129,35,130.16666666666666,0.7300660610198975,-0.9290833500758191
UBFC_PHYS_s17_T3_ctrl,129,36,130.2,0.08327814936637878,-0.8785093008372102
UBFC_PHYS_s17_T3_ctrl,129,37,130.23333333333332,-0.30398690700531006,-0.7116167460907414
UBFC_PHYS_s17_T3_ctrl,129,38,130.26666666666668,-0.39917609095573425,-0.43184577102511507
UBFC_PHYS_s17_T3_ctrl,129,39,130.3,-0.2961559295654297,-0.059952350710885914
UBFC_PHYS_s17_T3_ctrl,129,40,130.33333333333334,-0.11360850930213928,0.3645638682262342
UBFC_PHYS_s17_T3_ctrl,129,41,130.36666666666667,0.13024064898490906,0.7870875581427753
UBFC_PHYS_s17_T3_ctrl,129,42,130.4,0.47970861196517944,1.1468837029490035
UBFC_PHYS_s17_T3_ctrl,129,43,130.43333333333334,0.8951722383499146,1.38938978470863
UBFC_PHYS_s17_T3_ctrl,129,44,130.46666666666667,1.2001475095748901,1.4780933101935863
UBFC_PHYS_s17_T3_ctrl,129,45,130.5,1.2108697891235352,1.402060940282306
UBFC_PHYS_s17_T3_ctrl,129,46,130.53333333333333,0.9270697236061096,1.1765156405634543
UBFC_PHYS_s17_T3_ctrl,129,47,130.56666666666666,0.5639063119888306,0.836486845626707
UBFC_PHYS_s17_T3_ctrl,129,48,130.6,0.33386969566345215,0.42651149575717073
UBFC_PHYS_s17_T3_ctrl,129,49,130.63333333333333,0.3774609863758087,-0.009146298471126952
UBFC_PHYS_s17_T3_ctrl,129,50,130.66666666666666,0.7277834415435791,-0.4323190681713862
UBFC_PHYS_s17_T3_ctrl,129,51,130.7,1.208025336265564,-0.811920233677327
UBFC_PHYS_s17_T3_ctrl,129,52,130.73333333333332,1.5291659832000732,-1.1215930138829782
UBFC_PHYS_s17_T3_ctrl,129,53,130.76666666666668,1.5608410835266113,-1.3369067810892026
UBFC_PHYS_s17_T3_ctrl,129,54,130.8,1.3535131216049194,-1.4350714357489354
UBFC_PHYS_s17_T3_ctrl,129,55,130.83333333333334,0.9754135012626648,-1.398734790347595
UBFC_PHYS_s17_T3_ctrl,129,56,130.86666666666667,0.5286727547645569,-1.2229009558579471
UBFC_PHYS_s17_T3_ctrl,129,57,130.9,0.14100971817970276,-0.9216626400388046
UBFC_PHYS_s17_T3_ctrl,129,58,130.93333333333334,-0.1432819664478302,-0.530697215679422
UBFC_PHYS_s17_T3_ctrl,129,59,130.96666666666667,-0.33206841349601746,-0.10297190073653159
UBFC_PHYS_s17_T3_ctrl,129,60,131.0,-0.42362889647483826,0.3017539220608502
UBFC_PHYS_s17_T3_ctrl,129,61,131.03333333333333,-0.45907318592071533,0.6301127061739571
UBFC_PHYS_s17_T3_ctrl,129,62,131.06666666666666,-0.5113734006881714,0.8464548326630703
UBFC_PHYS_s17_T3_ctrl,129,63,131.1,-0.6139253377914429,0.9387791929292268
UBFC_PHYS_s17_T3_ctrl,129,64,131.13333333333333,-0.8085996508598328,0.9179004266547407
UBFC_PHYS_s17_T3_ctrl,129,65,131.16666666666666,-1.1388355493545532,0.8107905975560963
UBFC_PHYS_s17_T3_ctrl,129,66,131.2,-1.5494296550750732,0.6507188638784517
UBFC_PHYS_s17_T3_ctrl,129,67,131.23333333333332,-1.9334874153137207,0.4676567277999284
UBFC_PHYS_s17_T3_ctrl,129,68,131.26666666666668,-2.246551275253296,0.2823155664166718
UBFC_PHYS_s17_T3_ctrl,129,69,131.3,-2.4476051330566406,0.10577422115499935
UBFC_PHYS_s17_T3_ctrl,129,70,131.33333333333334,-2.4407806396484375,-0.05592293282342045
UBFC_PHYS_s17_T3_ctrl,129,71,131.36666666666667,-2.158935546875,-0.19527273400065023
UBFC_PHYS_s17_T3_ctrl,129,72,131.4,-1.6317778825759888,-0.2989166421688232
UBFC_PHYS_s17_T3_ctrl,129,73,131.43333333333334,-0.9686959385871887,-0.3482699916654918
UBFC_PHYS_s17_T3_ctrl,129,74,131.46666666666667,-0.2899636924266815,-0.3255668582064335
UBFC_PHYS_s17_T3_ctrl,129,75,131.5,0.33137640357017517,-0.2228260943115448
UBFC_PHYS_s17_T3_ctrl,129,76,131.53333333333333,0.8036351799964905,-0.04935340301897796
UBFC_PHYS_s17_T3_ctrl,129,77,131.56666666666666,0.9716911315917969,0.16645383101528982
UBFC_PHYS_s17_T3_ctrl,129,78,131.6,0.7996904253959656,0.38286398881545175
UBFC_PHYS_s17_T3_ctrl,129,79,131.63333333333333,0.5439835786819458,0.5564653125263762
UBFC_PHYS_s17_T3_ctrl,129,80,131.66666666666666,0.4922100901603699,0.6550729909168598
UBFC_PHYS_s17_T3_ctrl,129,81,131.7,0.5812305212020874,0.6664068117029541
UBFC_PHYS_s17_T3_ctrl,129,82,131.73333333333332,0.4705432057380676,0.5989904763973829
UBFC_PHYS_s17_T3_ctrl,129,83,131.76666666666668,0.0003095044812653214,0.4755461318077649
UBFC_PHYS_s17_T3_ctrl,129,84,131.8,-0.5422876477241516,0.32284257615261747
UBFC_PHYS_s17_T3_ctrl,129,85,131.83333333333334,-0.8137149810791016,0.1631006805722699
UBFC_PHYS_s17_T3_ctrl,129,86,131.86666666666667,-0.8273519277572632,0.00987317127514677
UBFC_PHYS_s17_T3_ctrl,129,87,131.9,-0.7723008990287781,-0.13197039254681825
UBFC_PHYS_s17_T3_ctrl,129,88,131.93333333333334,-0.7119824290275574,-0.2642254327320782
UBFC_PHYS_s17_T3_ctrl,129,89,131.96666666666667,-0.683116614818573,-0.3930400026840199
UBFC_PHYS_s17_T3_ctrl,129,90,132.0,-0.7805883884429932,-0.5267455201648117
UBFC_PHYS_s17_T3_ctrl,129,91,132.03333333333333,-0.9565806984901428,-0.6732842377526566
UBFC_PHYS_s17_T3_ctrl,129,92,132.06666666666666,-1.021089792251587,-0.8367692090628404
UBFC_PHYS_s17_T3_ctrl,129,93,132.1,-0.8863945007324219,-1.013564181049502
UBFC_PHYS_s17_T3_ctrl,129,94,132.13333333333333,-0.5964022278785706,-1.189119280392727
UBFC_PHYS_s17_T3_ctrl,129,95,132.16666666666666,-0.26379019021987915,-1.3371334753725455
UBFC_PHYS_s17_T3_ctrl,129,96,132.2,-0.03380034863948822,-1.4222683596473222
UBFC_PHYS_s17_T3_ctrl,129,97,132.23333333333332,0.04575029015541077,-1.4067406822126531
UBFC_PHYS_s17_T3_ctrl,129,98,132.26666666666668,0.07064791023731232,-1.2599256737318507
UBFC_PHYS_s17_T3_ctrl,129,99,132.3,0.12306517362594604,-0.9688033008104165
UBFC_PHYS_s17_T3_ctrl,129,100,132.33333333333334,0.23363541066646576,-0.5460278308201947
UBFC_PHYS_s17_T3_ctrl,129,101,132.36666666666667,0.4328046441078186,-0.03224749295923425
UBFC_PHYS_s17_T3_ctrl,129,102,132.4,0.6423683762550354,0.5094068738052023
UBFC_PHYS_s17_T3_ctrl,129,103,132.43333333333334,0.7111499309539795,1.0060167823656532
UBFC_PHYS_s17_T3_ctrl,129,104,132.46666666666667,0.6376978754997253,1.3909566351583709
UBFC_PHYS_s17_T3_ctrl,129,105,132.5,0.5469918847084045,1.618080776796591
UBFC_PHYS_s17_T3_ctrl,129,106,132.53333333333333,0.4895763695240021,1.6700664842310398
UBFC_PHYS_s17_T3_ctrl,129,107,132.56666666666666,0.4261676073074341,1.5595718714278655
UBFC_PHYS_s17_T3_ctrl,129,108,132.6,0.3441588282585144,1.3238087582500109
UBFC_PHYS_s17_T3_ctrl,129,109,132.63333333333333,0.245703786611557,1.014350117071577
UBFC_PHYS_s17_T3_ctrl,129,110,132.66666666666666,0.11628768593072891,0.6850420782610644
UBFC_PHYS_s17_T3_ctrl,129,111,132.7,-0.023160040378570557,0.3813934728730885
UBFC_PHYS_s17_T3_ctrl,129,112,132.73333333333332,-0.11186438798904419,0.13417567066774608
UBFC_PHYS_s17_T3_ctrl,129,113,132.76666666666668,-0.12022212147712708,-0.0417320344623612
UBFC_PHYS_s17_T3_ctrl,129,114,132.8,-0.03969992324709892,-0.14428923595142654
UBFC_PHYS_s17_T3_ctrl,129,115,132.83333333333334,0.12658853828907013,-0.1795199644099376
UBFC_PHYS_s17_T3_ctrl,129,116,132.86666666666667,0.2944455146789551,-0.1576008143265329
UBFC_PHYS_s17_T3_ctrl,129,117,132.9,0.37407809495925903,-0.091199824816122
UBFC_PHYS_s17_T3_ctrl,129,118,132.93333333333334,0.41337350010871887,0.004309154074517128
UBFC_PHYS_s17_T3_ctrl,129,119,132.96666666666667,0.4521070420742035,0.1103988481153545
UBFC_PHYS_s17_T3_ctrl,129,120,133.0,0.36245453357696533,0.20637444944281796
UBFC_PHYS_s17_T3_ctrl,129,121,133.03333333333333,0.09184658527374268,0.2723546905484238
UBFC_PHYS_s17_T3_ctrl,129,122,133.06666666666666,-0.14096428453922272,0.29333484186963915
UBFC_PHYS_s17_T3_ctrl,129,123,133.1,-0.21679256856441498,0.2625481081910919
UBFC_PHYS_s17_T3_ctrl,129,124,133.13333333333333,-0.27886688709259033,0.18262905781467262
UBFC_PHYS_s17_T3_ctrl,129,125,133.16666666666666,-0.4348076581954956,0.06417794229785173
UBFC_PHYS_s17_T3_ctrl,129,126,133.2,-0.6339066624641418,-0.07755546291210261
UBFC_PHYS_s17_T3_ctrl,129,127,133.23333333333332,-0.8518047332763672,-0.22661549783141524
UBFC_PHYS_s17_T3_ctrl,129,128,133.26666666666668,-1.0779902935028076,-0.36984216087830213
UBFC_PHYS_s17_T3_ctrl,129,129,133.3,-1.2010034322738647,-0.49930222914280553
UBFC_PHYS_s17_T3_ctrl,129,130,133.33333333333334,-1.1726058721542358,-0.6132462159002043
UBFC_PHYS_s17_T3_ctrl,129,131,133.36666666666667,-1.117952823638916,-0.7152596286215862
UBFC_PHYS_s17_T3_ctrl,129,132,133.4,-1.150681495666504,-0.811506849391629
UBFC_PHYS_s17_T3_ctrl,129,133,133.43333333333334,-1.2069381475448608,-0.9064993896186212
UBFC_PHYS_s17_T3_ctrl,129,134,133.46666666666667,-1.1302084922790527,-0.9985324735135297
UBFC_PHYS_s17_T3_ctrl,129,135,133.5,-0.8648680448532104,-1.0764349348059041
UBFC_PHYS_s17_T3_ctrl,129,136,133.53333333333333,-0.5256190299987793,-1.1192027972433918
UBFC_PHYS_s17_T3_ctrl,129,137,133.56666666666666,-0.25682541728019714,-1.0994024620869691
UBFC_PHYS_s17_T3_ctrl,129,138,133.6,-0.07952206581830978,-0.990115414157141
UBFC_PHYS_s17_T3_ctrl,129,139,133.63333333333333,0.0252656489610672,-0.7738880328756012
UBFC_PHYS_s17_T3_ctrl,129,140,133.66666666666666,0.029198700562119484,-0.4510451308737305
UBFC_PHYS_s17_T3_ctrl,129,141,133.7,-0.06287683546543121,-0.04442342750374114
UBFC_PHYS_s17_T3_ctrl,129,142,133.73333333333332,-0.16518297791481018,0.40156445068621643
UBFC_PHYS_s17_T3_ctrl,129,143,133.76666666666668,-0.19441163539886475,0.8279173210107055
UBFC_PHYS_s17_T3_ctrl,129,144,133.8,-0.1381315439939499,1.1725832105304965
UBFC_PHYS_s17_T3_ctrl,129,145,133.83333333333334,-0.06555739045143127,1.3836562038659201
UBFC_PHYS_s17_T3_ctrl,129,146,133.86666666666667,-0.07486326992511749,1.4308654880833758
UBFC_PHYS_s17_T3_ctrl,129,147,133.9,-0.19175449013710022,1.3124416319151244
UBFC_PHYS_s17_T3_ctrl,129,148,133.93333333333334,-0.34880730509757996,1.0555955042601544
UBFC_PHYS_s17_T3_ctrl,129,149,133.96666666666667,-0.48476678133010864,0.7104059091226815
UBFC_PHYS_s17_T3_ctrl,129,150,134.0,-0.6090441942214966,0.33856983674996716
UBFC_PHYS_s17_T3_ctrl,129,151,134.03333333333333,-0.7721136212348938,-0.00011831479688127061
UBFC_PHYS_s17_T3_ctrl,129,152,134.06666666666666,-0.9660036563873291,-0.2599409971529725
UBFC_PHYS_s17_T3_ctrl,129,153,134.1,-1.0726525783538818,-0.41683895201592797
UBFC_PHYS_s17_T3_ctrl,129,154,134.13333333333333,-0.9703229665756226,-0.4697145246796285
UBFC_PHYS_s17_T3_ctrl,129,155,134.16666666666666,-0.6861249208450317,-0.4358303588896195
UBFC_PHYS_s17_T3_ctrl,129,156,134.2,-0.3729557693004608,-0.34235481369909104
UBFC_PHYS_s17_T3_ctrl,129,157,134.23333333333332,-0.1407887041568756,-0.21694706565462518
UBFC_PHYS_s17_T3_ctrl,129,158,134.26666666666668,0.016451401636004448,-0.08022662429478816
UBFC_PHYS_s17_T3_ctrl,129,159,134.3,0.12966708838939667,0.0577573783174218
UBFC_PHYS_s17_T3_ctrl,129,160,134.33333333333334,0.20314255356788635,0.19613990210668317
UBFC_PHYS_s17_T3_ctrl,129,161,134.36666666666667,0.27003955841064453,0.3376464737349764
UBFC_PHYS_s17_T3_ctrl,129,162,134.4,0.37530717253685,0.48126210938560504
UBFC_PHYS_s17_T3_ctrl,129,163,134.43333333333334,0.5002283453941345,0.6166314281912199
UBFC_PHYS_s17_T3_ctrl,129,164,134.46666666666667,0.5945747494697571,0.723139238149947
UBFC_PHYS_s17_T3_ctrl,129,165,134.5,0.6393483281135559,0.7747130826024136
UBFC_PHYS_s17_T3_ctrl,129,166,134.53333333333333,0.6128236651420593,0.7488533226518473
UBFC_PHYS_s17_T3_ctrl,129,167,134.56666666666666,0.49515989422798157,0.6361873859082652
UBFC_PHYS_s17_T3_ctrl,129,168,134.6,0.3095690608024597,0.4460067055269663
UBFC_PHYS_s17_T3_ctrl,129,169,134.63333333333333,0.10430124402046204,0.20471602600737082
UBFC_PHYS_s17_T3_ctrl,129,170,134.66666666666666,-0.10342471301555634,-0.052368357279803275
UBFC_PHYS_s17_T3_ctrl,129,171,134.7,-0.3319747745990753,-0.29210092845009755
UBFC_PHYS_s17_T3_ctrl,129,172,134.73333333333332,-0.5804007649421692,-0.49268645575046255
UBFC_PHYS_s17_T3_ctrl,129,173,134.76666666666668,-0.7942604422569275,-0.6475849851728359
UBFC_PHYS_s17_T3_ctrl,129,174,134.8,-0.9513249397277832,-0.763378094105849
UBFC_PHYS_s17_T3_ctrl,129,175,134.83333333333334,-1.1022558212280273,-0.8532197677761665
UBFC_PHYS_s17_T3_ctrl,129,176,134.86666666666667,-1.211093544960022,-0.928717797716302
UBFC_PHYS_s17_T3_ctrl,129,177,134.9,-1.1233257055282593,-0.993100642070901
UBFC_PHYS_s17_T3_ctrl,129,178,134.93333333333334,-0.8558197021484375,-1.0377629104308428
UBFC_PHYS_s17_T3_ctrl,129,179,134.96666666666667,-0.8075461983680725,-1.0431565050667242
UBFC_PHYS_s17_T3_ctrl,129,180,135.0,-1.3851194381713867,-0.9838318244190085
UBFC_PHYS_s17_T3_ctrl,129,181,135.03333333333333,-2.3766930103302,-0.8365306680725447
UBFC_PHYS_s17_T3_ctrl,129,182,135.06666666666666,-2.9959611892700195,-0.5896193706806486
UBFC_PHYS_s17_T3_ctrl,129,183,135.1,-2.6818673610687256,-0.25146860543960026
UBFC_PHYS_s17_T3_ctrl,129,184,135.13333333333333,-1.513224482536316,0.14530459026639048
UBFC_PHYS_s17_T3_ctrl,129,185,135.16666666666666,-0.14380872249603271,0.5464548436188299
UBFC_PHYS_s17_T3_ctrl,129,186,135.2,0.6888275146484375,0.8861939076459913
UBFC_PHYS_s17_T3_ctrl,129,187,135.23333333333332,0.8034010529518127,1.1024411856001992
UBFC_PHYS_s17_T3_ctrl,129,188,135.26666666666668,0.562466561794281,1.1527637827943487
UBFC_PHYS_s17_T3_ctrl,129,189,135.3,0.24878233671188354,1.025894271905401
UBFC_PHYS_s17_T3_ctrl,129,190,135.33333333333334,-0.07258069515228271,0.7448705983295307
UBFC_PHYS_s17_T3_ctrl,129,191,135.36666666666667,-0.23385919630527496,0.36079578265234147
UBFC_PHYS_s17_T3_ctrl,129,192,135.4,-0.06958408653736115,-0.059995078019504613
UBFC_PHYS_s17_T3_ctrl,129,193,135.43333333333334,0.3264952003955841,-0.4502791819358417
UBFC_PHYS_s17_T3_ctrl,129,194,135.46666666666667,0.7210761904716492,-0.7534431477664947
UBFC_PHYS_s17_T3_ctrl,129,195,135.5,0.9924449920654297,-0.9303005526123782
UBFC_PHYS_s17_T3_ctrl,129,196,135.53333333333333,1.1399461030960083,-0.9616198363770581
UBFC_PHYS_s17_T3_ctrl,129,197,135.56666666666666,1.1807866096496582,-0.847773308424045
UBFC_PHYS_s17_T3_ctrl,129,198,135.6,1.1391618251800537,-0.6068284055503056
UBFC_PHYS_s17_T3_ctrl,129,199,135.63333333333333,1.0900806188583374,-0.2716594464713952
UBFC_PHYS_s17_T3_ctrl,129,200,135.66666666666666,1.092117428779602,0.11409212644106399
UBFC_PHYS_s17_T3_ctrl,129,201,135.7,1.1151772737503052,0.5015085388294153
UBFC_PHYS_s17_T3_ctrl,129,202,135.73333333333332,1.1043497323989868,0.8430018667481436
UBFC_PHYS_s17_T3_ctrl,129,203,135.76666666666668,1.0629472732543945,1.0989307227716916
UBFC_PHYS_s17_T3_ctrl,129,204,135.8,1.014498233795166,1.242910226414543
UBFC_PHYS_s17_T3_ctrl,129,205,135.83333333333334,0.9620692133903503,1.2648668756637689
UBFC_PHYS_s17_T3_ctrl,129,206,135.86666666666667,0.9168859720230103,1.1714521826835933
UBFC_PHYS_s17_T3_ctrl,129,207,135.9,0.8872358798980713,0.9837900819795586
UBFC_PHYS_s17_T3_ctrl,129,208,135.93333333333334,0.849930465221405,0.7326995944841402
UBFC_PHYS_s17_T3_ctrl,129,209,135.96666666666667,0.7956286072731018,0.4521266074246131
UBFC_PHYS_s17_T3_ctrl,129,210,136.0,0.7903494238853455,0.17265565446529416
UBFC_PHYS_s17_T3_ctrl,129,211,136.03333333333333,0.9306048154830933,-0.08262131895761152
UBFC_PHYS_s17_T3_ctrl,129,212,136.06666666666666,1.1546248197555542,-0.2988646471470869
UBFC_PHYS_s17_T3_ctrl,129,213,136.1,1.2349597215652466,-0.4677527232702214
UBFC_PHYS_s17_T3_ctrl,129,214,136.13333333333333,1.0605710744857788,-0.5851134193210231
UBFC_PHYS_s17_T3_ctrl,129,215,136.16666666666666,0.8005331754684448,-0.649481177319769
UBFC_PHYS_s17_T3_ctrl,129,216,136.2,0.6419820785522461,-0.6620719915005703
UBFC_PHYS_s17_T3_ctrl,129,217,136.23333333333332,0.5949376225471497,-0.6276165270258207
UBFC_PHYS_s17_T3_ctrl,129,218,136.26666666666668,0.666540265083313,-0.5550390230263244
UBFC_PHYS_s17_T3_ctrl,129,219,136.3,0.8472732901573181,-0.4571349455499362
UBFC_PHYS_s17_T3_ctrl,129,220,136.33333333333334,0.9389508366584778,-0.34890040210688805
UBFC_PHYS_s17_T3_ctrl,129,221,136.36666666666667,0.8122386932373047,-0.24477156128093322
UBFC_PHYS_s17_T3_ctrl,129,222,136.4,0.5906066298484802,-0.15557071120439275
UBFC_PHYS_s17_T3_ctrl,129,223,136.43333333333334,0.3592238128185272,-0.08627413223494623
UBFC_PHYS_s17_T3_ctrl,129,224,136.46666666666667,0.025078361853957176,-0.03566187434693342
UBFC_PHYS_s17_T3_ctrl,129,225,136.5,-0.4984271228313446,0.001666352293477379
UBFC_PHYS_s17_T3_ctrl,129,226,136.53333333333333,-1.2457184791564941,0.03143254639034879
UBFC_PHYS_s17_T3_ctrl,129,227,136.56666666666666,-2.0907859802246094,0.05545338886704414
UBFC_PHYS_s17_T3_ctrl,129,228,136.6,-2.6956682205200195,0.06891950955087617
UBFC_PHYS_s17_T3_ctrl,129,229,136.63333333333333,-2.8339922428131104,0.06081076470450488
UBFC_PHYS_s17_T3_ctrl,129,230,136.66666666666666,-2.585519313812256,0.018203904014939067
UBFC_PHYS_s17_T3_ctrl,129,231,136.7,-2.076528787612915,-0.06641579937244135
UBFC_PHYS_s17_T3_ctrl,129,232,136.73333333333332,-1.399048924446106,-0.18775690223142977
UBFC_PHYS_s17_T3_ctrl,129,233,136.76666666666668,-0.7512894868850708,-0.3241622645370034
UBFC_PHYS_s17_T3_ctrl,129,234,136.8,-0.2760692536830902,-0.4406628258239252
UBFC_PHYS_s17_T3_ctrl,129,235,136.83333333333334,0.0780106708407402,-0.4985306409042284
UBFC_PHYS_s17_T3_ctrl,129,236,136.86666666666667,0.34676915407180786,-0.46805716781745366
UBFC_PHYS_s17_T3_ctrl,129,237,136.9,0.4960026741027832,-0.33951670065743705
UBFC_PHYS_s17_T3_ctrl,129,238,136.93333333333334,0.5571990609169006,-0.1279223233671096
UBFC_PHYS_s17_T3_ctrl,129,239,136.96666666666667,0.6247984170913696,0.1300405970932647
UBFC_PHYS_s17_T3_ctrl,130,0,130.0,1.2263211011886597,0.1516832887065686
UBFC_PHYS_s17_T3_ctrl,130,1,130.03333333333333,1.762433409690857,0.07155168022542048
UBFC_PHYS_s17_T3_ctrl,130,2,130.06666666666666,2.1033213138580322,-0.03645791593507525
UBFC_PHYS_s17_T3_ctrl,130,3,130.1,2.004011631011963,-0.185715028070447
UBFC_PHYS_s17_T3_ctrl,130,4,130.13333333333333,1.466330885887146,-0.36805819736870404
UBFC_PHYS_s17_T3_ctrl,130,5,130.16666666666666,0.7300660610198975,-0.5529259469092941
UBFC_PHYS_s17_T3_ctrl,130,6,130.2,0.08327814936637878,-0.6945733086075025
UBFC_PHYS_s17_T3_ctrl,130,7,130.23333333333332,-0.30398690700531006,-0.7453501598297532
UBFC_PHYS_s17_T3_ctrl,130,8,130.26666666666668,-0.39917609095573425,-0.6710461460389173
UBFC_PHYS_s17_T3_ctrl,130,9,130.3,-0.2961559295654297,-0.46357648155246395
UBFC_PHYS_s17_T3_ctrl,130,10,130.33333333333334,-0.11360850930213928,-0.14703993473340346
UBFC_PHYS_s17_T3_ctrl,130,11,130.36666666666667,0.13024064898490906,0.22506386669050568
UBFC_PHYS_s17_T3_ctrl,130,12,130.4,0.47970861196517944,0.5814545767005538
UBFC_PHYS_s17_T3_ctrl,130,13,130.43333333333334,0.8951722383499146,0.8508486220557389
UBFC_PHYS_s17_T3_ctrl,130,14,130.46666666666667,1.2001475095748901,0.9804922768000854
UBFC_PHYS_s17_T3_ctrl,130,15,130.5,1.2108697891235352,0.9488959079292709
UBFC_PHYS_s17_T3_ctrl,130,16,130.53333333333333,0.9270697236061096,0.7680311377088495
UBFC_PHYS_s17_T3_ctrl,130,17,130.56666666666666,0.5639063119888306,0.47473564345085123
UBFC_PHYS_s17_T3_ctrl,130,18,130.6,0.33386969566345215,0.11615571787003466
UBFC_PHYS_s17_T3_ctrl,130,19,130.63333333333333,0.3774609863758087,-0.2635072076121588
UBFC_PHYS_s17_T3_ctrl,130,20,130.66666666666666,0.7277834415435791,-0.6296427011130196
UBFC_PHYS_s17_T3_ctrl,130,21,130.7,1.208025336265564,-0.956387819518501
UBFC_PHYS_s17_T3_ctrl,130,22,130.73333333333332,1.5291659832000732,-1.221202381214039
UBFC_PHYS_s17_T3_ctrl,130,23,130.76666666666668,1.5608410835266113,-1.3995672022083072
UBFC_PHYS_s17_T3_ctrl,130,24,130.8,1.3535131216049194,-1.4641579142797394
UBFC_PHYS_s17_T3_ctrl,130,25,130.83333333333334,0.9754135012626648,-1.3904709420715267
UBFC_PHYS_s17_T3_ctrl,130,26,130.86666666666667,0.5286727547645569,-1.1672633709743576
UBFC_PHYS_s17_T3_ctrl,130,27,130.9,0.14100971817970276,-0.8070267521597911
UBFC_PHYS_s17_T3_ctrl,130,28,130.93333333333334,-0.1432819664478302,-0.3507476027350819
UBFC_PHYS_s17_T3_ctrl,130,29,130.96666666666667,-0.33206841349601746,0.13688367513229752
UBFC_PHYS_s17_T3_ctrl,130,30,131.0,-0.42362889647483826,0.5815430522034126
UBFC_PHYS_s17_T3_ctrl,130,31,131.03333333333333,-0.45907318592071533,0.9180582985619458
UBFC_PHYS_s17_T3_ctrl,130,32,131.06666666666666,-0.5113734006881714,1.1070619458272273
UBFC_PHYS_s17_T3_ctrl,130,33,131.1,-0.6139253377914429,1.1434937313137459
UBFC_PHYS_s17_T3_ctrl,130,34,131.13333333333333,-0.8085996508598328,1.0544310261145355
UBFC_PHYS_s17_T3_ctrl,130,35,131.16666666666666,-1.1388355493545532,0.8878915222225922
UBFC_PHYS_s17_T3_ctrl,130,36,131.2,-1.5494296550750732,0.6970738347925627
UBFC_PHYS_s17_T3_ctrl,130,37,131.23333333333332,-1.9334874153137207,0.5254114684731048
UBFC_PHYS_s17_T3_ctrl,130,38,131.26666666666668,-2.246551275253296,0.39706579376356876
UBFC_PHYS_s17_T3_ctrl,130,39,131.3,-2.4476051330566406,0.31530260386062753
UBFC_PHYS_s17_T3_ctrl,130,40,131.33333333333334,-2.4407806396484375,0.26814286106348006
UBFC_PHYS_s17_T3_ctrl,130,41,131.36666666666667,-2.158935546875,0.23798965241885064
UBFC_PHYS_s17_T3_ctrl,130,42,131.4,-1.6317778825759888,0.21079382973361363
UBFC_PHYS_s17_T3_ctrl,130,43,131.43333333333334,-0.9686959385871887,0.1811147057658405
UBFC_PHYS_s17_T3_ctrl,130,44,131.46666666666667,-0.2899636924266815,0.15170271739809574
UBFC_PHYS_s17_T3_ctrl,130,45,131.5,0.33137640357017517,0.1288642681943923
UBFC_PHYS_s17_T3_ctrl,130,46,131.53333333333333,0.8036351799964905,0.11665110786334107
UBFC_PHYS_s17_T3_ctrl,130,47,131.56666666666666,0.9716911315917969,0.11309904768262755
UBFC_PHYS_s17_T3_ctrl,130,48,131.6,0.7996904253959656,0.11032647959249087
UBFC_PHYS_s17_T3_ctrl,130,49,131.63333333333333,0.5439835786819458,0.0981124726277089
UBFC_PHYS_s17_T3_ctrl,130,50,131.66666666666666,0.4922100901603699,0.0687629970666825
UBFC_PHYS_s17_T3_ctrl,130,51,131.7,0.5812305212020874,0.020561749991260817
UBFC_PHYS_s17_T3_ctrl,130,52,131.73333333333332,0.4705432057380676,-0.041874378619315006
UBFC_PHYS_s17_T3_ctrl,130,53,131.76666666666668,0.0003095044812653214,-0.11013139106897951
UBFC_PHYS_s17_T3_ctrl,130,54,131.8,-0.5422876477241516,-0.17564511945067462
UBFC_PHYS_s17_T3_ctrl,130,55,131.83333333333334,-0.8137149810791016,-0.2324824433813955
UBFC_PHYS_s17_T3_ctrl,130,56,131.86666666666667,-0.8273519277572632,-0.27856832011920774
UBFC_PHYS_s17_T3_ctrl,130,57,131.9,-0.7723008990287781,-0.31605998203587765
UBFC_PHYS_s17_T3_ctrl,130,58,131.93333333333334,-0.7119824290275574,-0.35168479188316726
UBFC_PHYS_s17_T3_ctrl,130,59,131.96666666666667,-0.683116614818573,-0.39680200355658446
UBFC_PHYS_s17_T3_ctrl,130,60,132.0,-0.7805883884429932,-0.4658694106178341
UBFC_PHYS_s17_T3_ctrl,130,61,132.03333333333333,-0.9565806984901428,-0.5722224881597993
UBFC_PHYS_s17_T3_ctrl,130,62,132.06666666666666,-1.021089792251587,-0.7218585849142507
UBFC_PHYS_s17_T3_ctrl,130,63,132.1,-0.8863945007324219,-0.9076118355438936
UBFC_PHYS_s17_T3_ctrl,130,64,132.13333333333333,-0.5964022278785706,-1.1061535540680691
UBFC_PHYS_s17_T3_ctrl,130,65,132.16666666666666,-0.26379019021987915,-1.2791662334828635
UBFC_PHYS_s17_T3_ctrl,130,66,132.2,-0.03380034863948822,-1.3789823320195596
UBFC_PHYS_s17_T3_ctrl,130,67,132.23333333333332,0.04575029015541077,-1.3581512938116946
UBFC_PHYS_s17_T3_ctrl,130,68,132.26666666666668,0.07064791023731232,-1.181483596484867
UBFC_PHYS_s17_T3_ctrl,130,69,132.3,0.12306517362594604,-0.837987437840235
UBFC_PHYS_s17_T3_ctrl,130,70,132.33333333333334,0.23363541066646576,-0.34908729089877966
UBFC_PHYS_s17_T3_ctrl,130,71,132.36666666666667,0.4328046441078186,0.23058034859100054
UBFC_PHYS_s17_T3_ctrl,130,72,132.4,0.6423683762550354,0.8218952070950775
UBFC_PHYS_s17_T3_ctrl,130,73,132.43333333333334,0.7111499309539795,1.338245023110001
UBFC_PHYS_s17_T3_ctrl,130,74,132.46666666666667,0.6376978754997253,1.7056649809621842
UBFC_PHYS_s17_T3_ctrl,130,75,132.5,0.5469918847084045,1.8793572081267327
UBFC_PHYS_s17_T3_ctrl,130,76,132.53333333333333,0.4895763695240021,1.8518406503204836
UBFC_PHYS_s17_T3_ctrl,130,77,132.56666666666666,0.4261676073074341,1.6516372910296153
UBFC_PHYS_s17_T3_ctrl,130,78,132.6,0.3441588282585144,1.3340361071391307
UBFC_PHYS_s17_T3_ctrl,130,79,132.63333333333333,0.245703786611557,0.9668169739149368
UBFC_PHYS_s17_T3_ctrl,130,80,132.66666666666666,0.11628768593072891,0.6146045288682899
UBFC_PHYS_s17_T3_ctrl,130,81,132.7,-0.023160040378570557,0.3257481308699913
UBFC_PHYS_s17_T3_ctrl,130,82,132.73333333333332,-0.11186438798904419,0.1249000558074366
UBFC_PHYS_s17_T3_ctrl,130,83,132.76666666666668,-0.12022212147712708,0.012670842306152424
UBFC_PHYS_s17_T3_ctrl,130,84,132.8,-0.03969992324709892,-0.028662822403832083
UBFC_PHYS_s17_T3_ctrl,130,85,132.83333333333334,0.12658853828907013,-0.026269185699748825
UBFC_PHYS_s17_T3_ctrl,130,86,132.86666666666667,0.2944455146789551,-0.007924116584199174
UBFC_PHYS_s17_T3_ctrl,130,87,132.9,0.37407809495925903,0.004477371389445851
UBFC_PHYS_s17_T3_ctrl,130,88,132.93333333333334,0.41337350010871887,-0.0018147164960194504
UBFC_PHYS_s17_T3_ctrl,130,89,132.96666666666667,0.4521070420742035,-0.030086865099560097
UBFC_PHYS_s17_T3_ctrl,130,90,133.0,0.36245453357696533,-0.07598722983019512
UBFC_PHYS_s17_T3_ctrl,130,91,133.03333333333333,0.09184658527374268,-0.13062298698560557
UBFC_PHYS_s17_T3_ctrl,130,92,133.06666666666666,-0.14096428453922272,-0.18409658230483308
UBFC_PHYS_s17_T3_ctrl,130,93,133.1,-0.21679256856441498,-0.22868917880814857
UBFC_PHYS_s17_T3_ctrl,130,94,133.13333333333333,-0.27886688709259033,-0.2610101260923063
UBFC_PHYS_s17_T3_ctrl,130,95,133.16666666666666,-0.4348076581954956,-0.28267996174614185
UBFC_PHYS_s17_T3_ctrl,130,96,133.2,-0.6339066624641418,-0.29951599963359243
UBFC_PHYS_s17_T3_ctrl,130,97,133.23333333333332,-0.8518047332763672,-0.3196566828372464
UBFC_PHYS_s17_T3_ctrl,130,98,133.26666666666668,-1.0779902935028076,-0.3514046643163142
UBFC_PHYS_s17_T3_ctrl,130,99,133.3,-1.2010034322738647,-0.4015452884047397
UBFC_PHYS_s17_T3_ctrl,130,100,133.33333333333334,-1.1726058721542358,-0.47443420582867646
UBFC_PHYS_s17_T3_ctrl,130,101,133.36666666666667,-1.117952823638916,-0.5715206723157855
UBFC_PHYS_s17_T3_ctrl,130,102,133.4,-1.150681495666504,-0.6906130890498092
UBFC_PHYS_s17_T3_ctrl,130,103,133.43333333333334,-1.2069381475448608,-0.8244322461984581
UBFC_PHYS_s17_T3_ctrl,130,104,133.46666666666667,-1.1302084922790527,-0.9587943542069092
UBFC_PHYS_s17_T3_ctrl,130,105,133.5,-0.8648680448532104,-1.0715666401370194
UBFC_PHYS_s17_T3_ctrl,130,106,133.53333333333333,-0.5256190299987793,-1.1337565488016634
UBFC_PHYS_s17_T3_ctrl,130,107,133.56666666666666,-0.25682541728019714,-1.1136105191404355
UBFC_PHYS_s17_T3_ctrl,130,108,133.6,-0.07952206581830978,-0.98360556892487
UBFC_PHYS_s17_T3_ctrl,130,109,133.63333333333333,0.0252656489610672,-0.7289898395148906
UBFC_PHYS_s17_T3_ctrl,130,110,133.66666666666666,0.029198700562119484,-0.35545774988137174
UBFC_PHYS_s17_T3_ctrl,130,111,133.7,-0.06287683546543121,0.10686047926507965
UBFC_PHYS_s17_T3_ctrl,130,112,133.73333333333332,-0.16518297791481018,0.6052682082796934
UBFC_PHYS_s17_T3_ctrl,130,113,133.76666666666668,-0.19441163539886475,1.072690270912911
UBFC_PHYS_s17_T3_ctrl,130,114,133.8,-0.1381315439939499,1.44043209743869
UBFC_PHYS_s17_T3_ctrl,130,115,133.83333333333334,-0.06555739045143127,1.6522449301502462
UBFC_PHYS_s17_T3_ctrl,130,116,133.86666666666667,-0.07486326992511749,1.6763506432119988
UBFC_PHYS_s17_T3_ctrl,130,117,133.9,-0.19175449013710022,1.5128533177458803
UBFC_PHYS_s17_T3_ctrl,130,118,133.93333333333334,-0.34880730509757996,1.1947866828912166
UBFC_PHYS_s17_T3_ctrl,130,119,133.96666666666667,-0.48476678133010864,0.782001713211813
UBFC_PHYS_s17_T3_ctrl,130,120,134.0,-0.6090441942214966,0.3485796170748504
UBFC_PHYS_s17_T3_ctrl,130,121,134.03333333333333,-0.7721136212348938,-0.0336078211788573
UBFC_PHYS_s17_T3_ctrl,130,122,134.06666666666666,-0.9660036563873291,-0.3108494267206656
UBFC_PHYS_s17_T3_ctrl,130,123,134.1,-1.0726525783538818,-0.45835443943568266
UBFC_PHYS_s17_T3_ctrl,130,124,134.13333333333333,-0.9703229665756226,-0.4827187959076125
UBFC_PHYS_s17_T3_ctrl,130,125,134.16666666666666,-0.6861249208450317,-0.4157490051175184
UBFC_PHYS_s17_T3_ctrl,130,126,134.2,-0.3729557693004608,-0.30192488587287725
UBFC_PHYS_s17_T3_ctrl,130,127,134.23333333333332,-0.1407887041568756,-0.18360976350750036
UBFC_PHYS_s17_T3_ctrl,130,128,134.26666666666668,0.016451401636004448,-0.08877295658616965
UBFC_PHYS_s17_T3_ctrl,130,129,134.3,0.12966708838939667,-0.02506195575556698
UBFC_PHYS_s17_T3_ctrl,130,130,134.33333333333334,0.20314255356788635,0.018345432690425
UBFC_PHYS_s17_T3_ctrl,130,131,134.36666666666667,0.27003955841064453,0.06247082708749294
UBFC_PHYS_s17_T3_ctrl,130,132,134.4,0.37530717253685,0.12718207132038892
UBFC_PHYS_s17_T3_ctrl,130,133,134.43333333333334,0.5002283453941345,0.22082591862291678
UBFC_PHYS_s17_T3_ctrl,130,134,134.46666666666667,0.5945747494697571,0.3344961081748433
UBFC_PHYS_s17_T3_ctrl,130,135,134.5,0.6393483281135559,0.4432075040849546
UBFC_PHYS_s17_T3_ctrl,130,136,134.53333333333333,0.6128236651420593,0.514071444974229
UBFC_PHYS_s17_T3_ctrl,130,137,134.56666666666666,0.49515989422798157,0.5187231895604977
UBFC_PHYS_s17_T3_ctrl,130,138,134.6,0.3095690608024597,0.44466349797042237
UBFC_PHYS_s17_T3_ctrl,130,139,134.63333333333333,0.10430124402046204,0.3000416241352113
UBFC_PHYS_s17_T3_ctrl,130,140,134.66666666666666,-0.10342471301555634,0.1097355746658606
UBFC_PHYS_s17_T3_ctrl,130,141,134.7,-0.3319747745990753,-0.09491427351745116
UBFC_PHYS_s17_T3_ctrl,130,142,134.73333333333332,-0.5804007649421692,-0.28769479980269813
UBFC_PHYS_s17_T3_ctrl,130,143,134.76666666666668,-0.7942604422569275,-0.4554577232141005
UBFC_PHYS_s17_T3_ctrl,130,144,134.8,-0.9513249397277832,-0.5994979487973922
UBFC_PHYS_s17_T3_ctrl,130,145,134.83333333333334,-1.1022558212280273,-0.7303576783225257
UBFC_PHYS_s17_T3_ctrl,130,146,134.86666666666667,-1.211093544960022,-0.8585593609914836
UBFC_PHYS_s17_T3_ctrl,130,147,134.9,-1.1233257055282593,-0.9851144582745403
UBFC_PHYS_s17_T3_ctrl,130,148,134.93333333333334,-0.8558197021484375,-1.0955673898323612
UBFC_PHYS_s17_T3_ctrl,130,149,134.96666666666667,-0.8075461983680725,-1.160089944848812
UBFC_PHYS_s17_T3_ctrl,130,150,135.0,-1.3851194381713867,-1.1402505658482782
UBFC_PHYS_s17_T3_ctrl,130,151,135.03333333333333,-2.3766930103302,-1.0010042992427204
UBFC_PHYS_s17_T3_ctrl,130,152,135.06666666666666,-2.9959611892700195,-0.724601748405232
UBFC_PHYS_s17_T3_ctrl,130,153,135.1,-2.6818673610687256,-0.3219309230626342
UBFC_PHYS_s17_T3_ctrl,130,154,135.13333333333333,-1.513224482536316,0.16319170424983287
UBFC_PHYS_s17_T3_ctrl,130,155,135.16666666666666,-0.14380872249603271,0.6595147464337816
UBFC_PHYS_s17_T3_ctrl,130,156,135.2,0.6888275146484375,1.0830394710934605
UBFC_PHYS_s17_T3_ctrl,130,157,135.23333333333332,0.8034010529518127,1.3569013663052922
UBFC_PHYS_s17_T3_ctrl,130,158,135.26666666666668,0.562466561794281,1.4305601360277267
UBFC_PHYS_s17_T3_ctrl,130,159,135.3,0.24878233671188354,1.2925232473943884
UBFC_PHYS_s17_T3_ctrl,130,160,135.33333333333334,-0.07258069515228271,0.9727230161649615
UBFC_PHYS_s17_T3_ctrl,130,161,135.36666666666667,-0.23385919630527496,0.5340286169601728
UBFC_PHYS_s17_T3_ctrl,130,162,135.4,-0.06958408653736115,0.0562294101626953
UBFC_PHYS_s17_T3_ctrl,130,163,135.43333333333334,0.3264952003955841,-0.3818271524091533
UBFC_PHYS_s17_T3_ctrl,130,164,135.46666666666667,0.7210761904716492,-0.7167425174861028
UBFC_PHYS_s17_T3_ctrl,130,165,135.5,0.9924449920654297,-0.9089518167835968
UBFC_PHYS_s17_T3_ctrl,130,166,135.53333333333333,1.1399461030960083,-0.944838313668277
UBFC_PHYS_s17_T3_ctrl,130,167,135.56666666666666,1.1807866096496582,-0.8341382429523567
UBFC_PHYS_s17_T3_ctrl,130,168,135.6,1.1391618251800537,-0.6046970544954113
UBFC_PHYS_s17_T3_ctrl,130,169,135.63333333333333,1.0900806188583374,-0.29622335450792764
UBFC_PHYS_s17_T3_ctrl,130,170,135.66666666666666,1.092117428779602,0.04604866706149632
UBFC_PHYS_s17_T3_ctrl,130,171,135.7,1.1151772737503052,0.37738683377103266
UBFC_PHYS_s17_T3_ctrl,130,172,135.73333333333332,1.1043497323989868,0.658938015068086
UBFC_PHYS_s17_T3_ctrl,130,173,135.76666666666668,1.0629472732543945,0.8619520695890363
UBFC_PHYS_s17_T3_ctrl,130,174,135.8,1.014498233795166,0.9703323895646602
UBFC_PHYS_s17_T3_ctrl,130,175,135.83333333333334,0.9620692133903503,0.9812651867566001
UBFC_PHYS_s17_T3_ctrl,130,176,135.86666666666667,0.9168859720230103,0.9040958903937363
UBFC_PHYS_s17_T3_ctrl,130,177,135.9,0.8872358798980713,0.7577915377820867
UBFC_PHYS_s17_T3_ctrl,130,178,135.93333333333334,0.849930465221405,0.5671751517448816
UBFC_PHYS_s17_T3_ctrl,130,179,135.96666666666667,0.7956286072731018,0.35829120917496676
UBFC_PHYS_s17_T3_ctrl,130,180,136.0,0.7903494238853455,0.15402545817327742
UBFC_PHYS_s17_T3_ctrl,130,181,136.03333333333333,0.9306048154830933,-0.028601292874012033
UBFC_PHYS_s17_T3_ctrl,130,182,136.06666666666666,1.1546248197555542,-0.179001563559895
UBFC_PHYS_s17_T3_ctrl,130,183,136.1,1.2349597215652466,-0.29219826937534393
UBFC_PHYS_s17_T3_ctrl,130,184,136.13333333333333,1.0605710744857788,-0.367612220307922
UBFC_PHYS_s17_T3_ctrl,130,185,136.16666666666666,0.8005331754684448,-0.407993075353085
UBFC_PHYS_s17_T3_ctrl,130,186,136.2,0.6419820785522461,-0.41859975054543286
UBFC_PHYS_s17_T3_ctrl,130,187,136.23333333333332,0.5949376225471497,-0.4065403407858394
UBFC_PHYS_s17_T3_ctrl,130,188,136.26666666666668,0.666540265083313,-0.3800869446039417
UBFC_PHYS_s17_T3_ctrl,130,189,136.3,0.8472732901573181,-0.34774164405290686
UBFC_PHYS_s17_T3_ctrl,130,190,136.33333333333334,0.9389508366584778,-0.3168941386527141
UBFC_PHYS_s17_T3_ctrl,130,191,136.36666666666667,0.8122386932373047,-0.29217443465195814
UBFC_PHYS_s17_T3_ctrl,130,192,136.4,0.5906066298484802,-0.27402218037032816
UBFC_PHYS_s17_T3_ctrl,130,193,136.43333333333334,0.3592238128185272,-0.2582525068805921
UBFC_PHYS_s17_T3_ctrl,130,194,136.46666666666667,0.025078361853957176,-0.23722882657602704
UBFC_PHYS_s17_T3_ctrl,130,195,136.5,-0.4984271228313446,-0.20274881878052164
UBFC_PHYS_s17_T3_ctrl,130,196,136.53333333333333,-1.2457184791564941,-0.15013426099299365
UBFC_PHYS_s17_T3_ctrl,130,197,136.56666666666666,-2.0907859802246094,-0.0823801524163187
UBFC_PHYS_s17_T3_ctrl,130,198,136.6,-2.6956682205200195,-0.012683362355696389
UBFC_PHYS_s17_T3_ctrl,130,199,136.63333333333333,-2.8339922428131104,0.03647266779408475
UBFC_PHYS_s17_T3_ctrl,130,200,136.66666666666666,-2.585519313812256,0.038855014651299216
UBFC_PHYS_s17_T3_ctrl,130,201,136.7,-2.076528787612915,-0.025951024577745733
UBFC_PHYS_s17_T3_ctrl,130,202,136.73333333333332,-1.399048924446106,-0.16199882736987947
UBFC_PHYS_s17_T3_ctrl,130,203,136.76666666666668,-0.7512894868850708,-0.35007077293060385
UBFC_PHYS_s17_T3_ctrl,130,204,136.8,-0.2760692536830902,-0.548261136922745
UBFC_PHYS_s17_T3_ctrl,130,205,136.83333333333334,0.0780106708407402,-0.7010633148006802
UBFC_PHYS_s17_T3_ctrl,130,206,136.86666666666667,0.34676915407180786,-0.7544284870494143
UBFC_PHYS_s17_T3_ctrl,130,207,136.9,0.4960026741027832,-0.671812659973201
UBFC_PHYS_s17_T3_ctrl,130,208,136.93333333333334,0.5571990609169006,-0.4460069227368309
UBFC_PHYS_s17_T3_ctrl,130,209,136.96666666666667,0.6247984170913696,-0.10320032002100586
UBFC_PHYS_s17_T3_ctrl,130,210,137.0,0.7438200116157532,0.3018144716337678
UBFC_PHYS_s17_T3_ctrl,130,211,137.03333333333333,0.8714568614959717,0.6979773392443761
UBFC_PHYS_s17_T3_ctrl,130,212,137.06666666666666,0.9303004741668701,1.0146680190033561
UBFC_PHYS_s17_T3_ctrl,130,213,137.1,0.8919766545295715,1.198469512133082
UBFC_PHYS_s17_T3_ctrl,130,214,137.13333333333333,0.8244475722312927,1.225405466190865
UBFC_PHYS_s17_T3_ctrl,130,215,137.16666666666666,0.8169794678688049,1.1050930529600766
UBFC_PHYS_s17_T3_ctrl,130,216,137.2,0.8496612310409546,0.8756617645831682
UBFC_PHYS_s17_T3_ctrl,130,217,137.23333333333332,0.8230077624320984,0.591301770909683
UBFC_PHYS_s17_T3_ctrl,130,218,137.26666666666668,0.7256296277046204,0.3067245222519941
UBFC_PHYS_s17_T3_ctrl,130,219,137.3,0.669934868812561,0.06363734883743666
UBFC_PHYS_s17_T3_ctrl,130,220,137.33333333333334,0.7519553303718567,-0.11678687497896256
UBFC_PHYS_s17_T3_ctrl,130,221,137.36666666666667,0.9511128664016724,-0.23389181036203038
UBFC_PHYS_s17_T3_ctrl,130,222,137.4,1.1138076782226562,-0.3010987361510581
UBFC_PHYS_s17_T3_ctrl,130,223,137.43333333333334,1.069806694984436,-0.33624888448828394
UBFC_PHYS_s17_T3_ctrl,130,224,137.46666666666667,0.8171433210372925,-0.3527959470504337
UBFC_PHYS_s17_T3_ctrl,130,225,137.5,0.45410865545272827,-0.3552181148513665
UBFC_PHYS_s17_T3_ctrl,130,226,137.53333333333333,-0.07265093177556992,-0.33994769908996253
UBFC_PHYS_s17_T3_ctrl,130,227,137.56666666666666,-0.7298098802566528,-0.3006152900276122
UBFC_PHYS_s17_T3_ctrl,130,228,137.6,-1.067349910736084,-0.2346067671922573
UBFC_PHYS_s17_T3_ctrl,130,229,137.63333333333333,-0.6997618675231934,-0.1475507359312312
UBFC_PHYS_s17_T3_ctrl,130,230,137.66666666666666,0.09615421295166016,-0.05349860912641472
UBFC_PHYS_s17_T3_ctrl,130,231,137.7,0.7852575182914734,0.029299359772463243
UBFC_PHYS_s17_T3_ctrl,130,232,137.73333333333332,1.1804472208023071,0.08495942868275443
UBFC_PHYS_s17_T3_ctrl,130,233,137.76666666666668,1.2462204694747925,0.10574579800759785
UBFC_PHYS_s17_T3_ctrl,130,234,137.8,0.9032841324806213,0.09451662642354552
UBFC_PHYS_s17_T3_ctrl,130,235,137.83333333333334,0.3327810764312744,0.06292814727989512
UBFC_PHYS_s17_T3_ctrl,130,236,137.86666666666667,-0.1290597766637802,0.02624788289883262
UBFC_PHYS_s17_T3_ctrl,130,237,137.9,-0.4282291829586029,-0.003056506553522173
UBFC_PHYS_s17_T3_ctrl,130,238,137.93333333333334,-0.7673611640930176,-0.020230495485448263
UBFC_PHYS_s17_T3_ctrl,130,239,137.96666666666667,-1.239456057548523,-0.029454931674068444
UBFC_PHYS_s17_T3_ctrl,131,0,131.0,-0.42362889647483826,-0.11756175564749344
UBFC_PHYS_s17_T3_ctrl,131,1,131.03333333333333,-0.45907318592071533,0.16404953107550888
UBFC_PHYS_s17_T3_ctrl,131,2,131.06666666666666,-0.5113734006881714,0.41449702456661197
UBFC_PHYS_s17_T3_ctrl,131,3,131.1,-0.6139253377914429,0.6057990173674527
UBFC_PHYS_s17_T3_ctrl,131,4,131.13333333333333,-0.8085996508598328,0.7222121761326127
UBFC_PHYS_s17_T3_ctrl,131,5,131.16666666666666,-1.1388355493545532,0.761725636117492
UBFC_PHYS_s17_T3_ctrl,131,6,131.2,-1.5494296550750732,0.7335977317949748
UBFC_PHYS_s17_T3_ctrl,131,7,131.23333333333332,-1.9334874153137207,0.6536679567410404
UBFC_PHYS_s17_T3_ctrl,131,8,131.26666666666668,-2.246551275253296,0.5397833212909404
UBFC_PHYS_s17_T3_ctrl,131,9,131.3,-2.4476051330566406,0.40895962581343204
UBFC_PHYS_s17_T3_ctrl,131,10,131.33333333333334,-2.4407806396484375,0.276800506240807
UBFC_PHYS_s17_T3_ctrl,131,11,131.36666666666667,-2.158935546875,0.15846250512690258
UBFC_PHYS_s17_T3_ctrl,131,12,131.4,-1.6317778825759888,0.06933267321229394
UBFC_PHYS_s17_T3_ctrl,131,13,131.43333333333334,-0.9686959385871887,0.023559075651576486
UBFC_PHYS_s17_T3_ctrl,131,14,131.46666666666667,-0.2899636924266815,0.03012337255262543
UBFC_PHYS_s17_T3_ctrl,131,15,131.5,0.33137640357017517,0.08815440317030952
UBFC_PHYS_s17_T3_ctrl,131,16,131.53333333333333,0.8036351799964905,0.18416258672391492
UBFC_PHYS_s17_T3_ctrl,131,17,131.56666666666666,0.9716911315917969,0.2933297481948596
UBFC_PHYS_s17_T3_ctrl,131,18,131.6,0.7996904253959656,0.3852703884906482
UBFC_PHYS_s17_T3_ctrl,131,19,131.63333333333333,0.5439835786819458,0.4325672922172075
UBFC_PHYS_s17_T3_ctrl,131,20,131.66666666666666,0.4922100901603699,0.41885260563010085
UBFC_PHYS_s17_T3_ctrl,131,21,131.7,0.5812305212020874,0.3431362569991131
UBFC_PHYS_s17_T3_ctrl,131,22,131.73333333333332,0.4705432057380676,0.2187039791383587
UBFC_PHYS_s17_T3_ctrl,131,23,131.76666666666668,0.0003095044812653214,0.0674111466935744
UBFC_PHYS_s17_T3_ctrl,131,24,131.8,-0.5422876477241516,-0.08776755663098068
UBFC_PHYS_s17_T3_ctrl,131,25,131.83333333333334,-0.8137149810791016,-0.22873368099307947
UBFC_PHYS_s17_T3_ctrl,131,26,131.86666666666667,-0.8273519277572632,-0.3451506425999413
UBFC_PHYS_s17_T3_ctrl,131,27,131.9,-0.7723008990287781,-0.43459570584650686
UBFC_PHYS_s17_T3_ctrl,131,28,131.93333333333334,-0.7119824290275574,-0.5013221808731955
UBFC_PHYS_s17_T3_ctrl,131,29,131.96666666666667,-0.683116614818573,-0.5546230004080541
UBFC_PHYS_s17_T3_ctrl,131,30,132.0,-0.7805883884429932,-0.6068226030083472
UBFC_PHYS_s17_T3_ctrl,131,31,132.03333333333333,-0.9565806984901428,-0.6703226412311721
UBFC_PHYS_s17_T3_ctrl,131,32,132.06666666666666,-1.021089792251587,-0.7534580928613256
UBFC_PHYS_s17_T3_ctrl,131,33,132.1,-0.8863945007324219,-0.8558563615379009
UBFC_PHYS_s17_T3_ctrl,131,34,132.13333333333333,-0.5964022278785706,-0.9648238504480896
UBFC_PHYS_s17_T3_ctrl,131,35,132.16666666666666,-0.26379019021987915,-1.0545773511081633
UBFC_PHYS_s17_T3_ctrl,131,36,132.2,-0.03380034863948822,-1.0897187433381408
UBFC_PHYS_s17_T3_ctrl,131,37,132.23333333333332,0.04575029015541077,-1.0332228391156464
UBFC_PHYS_s17_T3_ctrl,131,38,132.26666666666668,0.07064791023731232,-0.8575807976948187
UBFC_PHYS_s17_T3_ctrl,131,39,132.3,0.12306517362594604,-0.5560381005176502
UBFC_PHYS_s17_T3_ctrl,131,40,132.33333333333334,0.23363541066646576,-0.1497953400952634
UBFC_PHYS_s17_T3_ctrl,131,41,132.36666666666667,0.4328046441078186,0.31248084523600983
UBFC_PHYS_s17_T3_ctrl,131,42,132.4,0.6423683762550354,0.7640719942501577
UBFC_PHYS_s17_T3_ctrl,131,43,132.43333333333334,0.7111499309539795,1.1362038013490654
UBFC_PHYS_s17_T3_ctrl,131,44,132.46666666666667,0.6376978754997253,1.3752151591633008
UBFC_PHYS_s17_T3_ctrl,131,45,132.5,0.5469918847084045,1.4548930744019049
UBFC_PHYS_s17_T3_ctrl,131,46,132.53333333333333,0.4895763695240021,1.3804299134703384
UBFC_PHYS_s17_T3_ctrl,131,47,132.56666666666666,0.4261676073074341,1.1840242980142957
UBFC_PHYS_s17_T3_ctrl,131,48,132.6,0.3441588282585144,0.9145635333499298
UBFC_PHYS_s17_T3_ctrl,131,49,132.63333333333333,0.245703786611557,0.6248443227263678
UBFC_PHYS_s17_T3_ctrl,131,50,132.66666666666666,0.11628768593072891,0.35998330687754987
UBFC_PHYS_s17_T3_ctrl,131,51,132.7,-0.023160040378570557,0.14997810118784735
UBFC_PHYS_s17_T3_ctrl,131,52,132.73333333333332,-0.11186438798904419,0.007719001327740664
UBFC_PHYS_s17_T3_ctrl,131,53,132.76666666666668,-0.12022212147712708,-0.06825018107343493
UBFC_PHYS_s17_T3_ctrl,131,54,132.8,-0.03969992324709892,-0.08840014764683571
UBFC_PHYS_s17_T3_ctrl,131,55,132.83333333333334,0.12658853828907013,-0.0668950471083657
UBFC_PHYS_s17_T3_ctrl,131,56,132.86666666666667,0.2944455146789551,-0.018137544426117536
UBFC_PHYS_s17_T3_ctrl,131,57,132.9,0.37407809495925903,0.0443620496224901
UBFC_PHYS_s17_T3_ctrl,131,58,132.93333333333334,0.41337350010871887,0.10767710797213567
UBFC_PHYS_s17_T3_ctrl,131,59,132.96666666666667,0.4521070420742035,0.15921419518227484
UBFC_PHYS_s17_T3_ctrl,131,60,133.0,0.36245453357696533,0.1876196752181566
UBFC_PHYS_s17_T3_ctrl,131,61,133.03333333333333,0.09184658527374268,0.1848515096347303
UBFC_PHYS_s17_T3_ctrl,131,62,133.06666666666666,-0.14096428453922272,0.14834683270208338
UBFC_PHYS_s17_T3_ctrl,131,63,133.1,-0.21679256856441498,0.08189633474372107
UBFC_PHYS_s17_T3_ctrl,131,64,133.13333333333333,-0.27886688709259033,-0.005469398074051196
UBFC_PHYS_s17_T3_ctrl,131,65,133.16666666666666,-0.4348076581954956,-0.1021540710257811
UBFC_PHYS_s17_T3_ctrl,131,66,133.2,-0.6339066624641418,-0.19708628819401555
UBFC_PHYS_s17_T3_ctrl,131,67,133.23333333333332,-0.8518047332763672,-0.28217701632308495
UBFC_PHYS_s17_T3_ctrl,131,68,133.26666666666668,-1.0779902935028076,-0.3537819341835145
UBFC_PHYS_s17_T3_ctrl,131,69,133.3,-1.2010034322738647,-0.4132921873085947
UBFC_PHYS_s17_T3_ctrl,131,70,133.33333333333334,-1.1726058721542358,-0.466780849876228
UBFC_PHYS_s17_T3_ctrl,131,71,133.36666666666667,-1.117952823638916,-0.5233343030278276
UBFC_PHYS_s17_T3_ctrl,131,72,133.4,-1.150681495666504,-0.5919794012081214
UBFC_PHYS_s17_T3_ctrl,131,73,133.43333333333334,-1.2069381475448608,-0.67776069784597
UBFC_PHYS_s17_T3_ctrl,131,74,133.46666666666667,-1.1302084922790527,-0.7779892205525052
UBFC_PHYS_s17_T3_ctrl,131,75,133.5,-0.8648680448532104,-0.8798298997407703
UBFC_PHYS_s17_T3_ctrl,131,76,133.53333333333333,-0.5256190299987793,-0.9602834660976117
UBFC_PHYS_s17_T3_ctrl,131,77,133.56666666666666,-0.25682541728019714,-0.9892701190599017
UBFC_PHYS_s17_T3_ctrl,131,78,133.6,-0.07952206581830978,-0.9358894885087397
UBFC_PHYS_s17_T3_ctrl,131,79,133.63333333333333,0.0252656489610672,-0.7769435485702864
UBFC_PHYS_s17_T3_ctrl,131,80,133.66666666666666,0.029198700562119484,-0.5056385454939127
UBFC_PHYS_s17_T3_ctrl,131,81,133.7,-0.06287683546543121,-0.137617793985621
UBFC_PHYS_s17_T3_ctrl,131,82,133.73333333333332,-0.16518297791481018,0.28826460428980444
UBFC_PHYS_s17_T3_ctrl,131,83,133.76666666666668,-0.19441163539886475,0.7155529084279153
UBFC_PHYS_s17_T3_ctrl,131,84,133.8,-0.1381315439939499,1.0810883773710254
UBFC_PHYS_s17_T3_ctrl,131,85,133.83333333333334,-0.06555739045143127,1.328243596947565
UBFC_PHYS_s17_T3_ctrl,131,86,133.86666666666667,-0.07486326992511749,1.4189552897519806
UBFC_PHYS_s17_T3_ctrl,131,87,133.9,-0.19175449013710022,1.3416626529735385
UBFC_PHYS_s17_T3_ctrl,131,88,133.93333333333334,-0.34880730509757996,1.1135375512876722
UBFC_PHYS_s17_T3_ctrl,131,89,133.96666666666667,-0.48476678133010864,0.7767402853507397
UBFC_PHYS_s17_T3_ctrl,131,90,134.0,-0.6090441942214966,0.38956989938578235
UBFC_PHYS_s17_T3_ctrl,131,91,134.03333333333333,-0.7721136212348938,0.01440025142714427
UBFC_PHYS_s17_T3_ctrl,131,92,134.06666666666666,-0.9660036563873291,-0.2947852746724019
UBFC_PHYS_s17_T3_ctrl,131,93,134.1,-1.0726525783538818,-0.5021047327111846
UBFC_PHYS_s17_T3_ctrl,131,94,134.13333333333333,-0.9703229665756226,-0.5942870074721254
UBFC_PHYS_s17_T3_ctrl,131,95,134.16666666666666,-0.6861249208450317,-0.5791901044471379
UBFC_PHYS_s17_T3_ctrl,131,96,134.2,-0.3729557693004608,-0.47952820867618967
UBFC_PHYS_s17_T3_ctrl,131,97,134.23333333333332,-0.1407887041568756,-0.32441610864419884
UBFC_PHYS_s17_T3_ctrl,131,98,134.26666666666668,0.016451401636004448,-0.14156961521741493
UBFC_PHYS_s17_T3_ctrl,131,99,134.3,0.12966708838939667,0.04772430481440235
UBFC_PHYS_s17_T3_ctrl,131,100,134.33333333333334,0.20314255356788635,0.22990048654997008
UBFC_PHYS_s17_T3_ctrl,131,101,134.36666666666667,0.27003955841064453,0.3969933781885853
UBFC_PHYS_s17_T3_ctrl,131,102,134.4,0.37530717253685,0.5426215851183298
UBFC_PHYS_s17_T3_ctrl,131,103,134.43333333333334,0.5002283453941345,0.6582768704894548
UBFC_PHYS_s17_T3_ctrl,131,104,134.46666666666667,0.5945747494697571,0.7319225456329058
UBFC_PHYS_s17_T3_ctrl,131,105,134.5,0.6393483281135559,0.7498988024083911
UBFC_PHYS_s17_T3_ctrl,131,106,134.53333333333333,0.6128236651420593,0.7016428878451363
UBFC_PHYS_s17_T3_ctrl,131,107,134.56666666666666,0.49515989422798157,0.5851960495607023
UBFC_PHYS_s17_T3_ctrl,131,108,134.6,0.3095690608024597,0.4105615491714704
UBFC_PHYS_s17_T3_ctrl,131,109,134.63333333333333,0.10430124402046204,0.1986230099449389
UBFC_PHYS_s17_T3_ctrl,131,110,134.66666666666666,-0.10342471301555634,-0.02437245528704723
UBFC_PHYS_s17_T3_ctrl,131,111,134.7,-0.3319747745990753,-0.23435696721692748
UBFC_PHYS_s17_T3_ctrl,131,112,134.73333333333332,-0.5804007649421692,-0.4157309651093298
UBFC_PHYS_s17_T3_ctrl,131,113,134.76666666666668,-0.7942604422569275,-0.5639541100586156
UBFC_PHYS_s17_T3_ctrl,131,114,134.8,-0.9513249397277832,-0.6837511252575397
UBFC_PHYS_s17_T3_ctrl,131,115,134.83333333333334,-1.1022558212280273,-0.784026400732407
UBFC_PHYS_s17_T3_ctrl,131,116,134.86666666666667,-1.211093544960022,-0.871682410283803
UBFC_PHYS_s17_T3_ctrl,131,117,134.9,-1.1233257055282593,-0.9466574703745505
UBFC_PHYS_s17_T3_ctrl,131,118,134.93333333333334,-0.8558197021484375,-0.9997696932303258
UBFC_PHYS_s17_T3_ctrl,131,119,134.96666666666667,-0.8075461983680725,-1.0138543058086573
UBFC_PHYS_s17_T3_ctrl,131,120,135.0,-1.3851194381713867,-0.967751372862603
UBFC_PHYS_s17_T3_ctrl,131,121,135.03333333333333,-2.3766930103302,-0.8422720530248147
UBFC_PHYS_s17_T3_ctrl,131,122,135.06666666666666,-2.9959611892700195,-0.6272030255935247
UBFC_PHYS_s17_T3_ctrl,131,123,135.1,-2.6818673610687256,-0.3280201277192776
UBFC_PHYS_s17_T3_ctrl,131,124,135.13333333333333,-1.513224482536316,0.029906117966768363
UBFC_PHYS_s17_T3_ctrl,131,125,135.16666666666666,-0.14380872249603271,0.4020949948142616
UBFC_PHYS_s17_T3_ctrl,131,126,135.2,0.6888275146484375,0.7318831797909285
UBFC_PHYS_s17_T3_ctrl,131,127,135.23333333333332,0.8034010529518127,0.9623612186448843
UBFC_PHYS_s17_T3_ctrl,131,128,135.26666666666668,0.562466561794281,1.0502012660467106
UBFC_PHYS_s17_T3_ctrl,131,129,135.3,0.24878233671188354,0.9772617513754156
UBFC_PHYS_s17_T3_ctrl,131,130,135.33333333333334,-0.07258069515228271,0.7561587177730986
UBFC_PHYS_s17_T3_ctrl,131,131,135.36666666666667,-0.23385919630527496,0.4278316682721998
UBFC_PHYS_s17_T3_ctrl,131,132,135.4,-0.06958408653736115,0.05204393073874279
UBFC_PHYS_s17_T3_ctrl,131,133,135.43333333333334,0.3264952003955841,-0.30583141589167506
UBFC_PHYS_s17_T3_ctrl,131,134,135.46666666666667,0.7210761904716492,-0.5877873314400126
UBFC_PHYS_s17_T3_ctrl,131,135,135.5,0.9924449920654297,-0.7529193198404373
UBFC_PHYS_s17_T3_ctrl,131,136,135.53333333333333,1.1399461030960083,-0.7824465641202495
UBFC_PHYS_s17_T3_ctrl,131,137,135.56666666666666,1.1807866096496582,-0.679978437217439
UBFC_PHYS_s17_T3_ctrl,131,138,135.6,1.1391618251800537,-0.46800963923659317
UBFC_PHYS_s17_T3_ctrl,131,139,135.63333333333333,1.0900806188583374,-0.18208224238730172
UBFC_PHYS_s17_T3_ctrl,131,140,135.66666666666666,1.092117428779602,0.13598387950479654
UBFC_PHYS_s17_T3_ctrl,131,141,135.7,1.1151772737503052,0.44461855822758795
UBFC_PHYS_s17_T3_ctrl,131,142,135.73333333333332,1.1043497323989868,0.7078346507002514
UBFC_PHYS_s17_T3_ctrl,131,143,135.76666666666668,1.0629472732543945,0.8987833812113397
UBFC_PHYS_s17_T3_ctrl,131,144,135.8,1.014498233795166,1.0015538870492326
UBFC_PHYS_s17_T3_ctrl,131,145,135.83333333333334,0.9620692133903503,1.011710367228262
UBFC_PHYS_s17_T3_ctrl,131,146,135.86666666666667,0.9168859720230103,0.9360005013065721
UBFC_PHYS_s17_T3_ctrl,131,147,135.9,0.8872358798980713,0.7911225096923172
UBFC_PHYS_s17_T3_ctrl,131,148,135.93333333333334,0.849930465221405,0.6009344083384215
UBFC_PHYS_s17_T3_ctrl,131,149,135.96666666666667,0.7956286072731018,0.3918800887976014
UBFC_PHYS_s17_T3_ctrl,131,150,136.0,0.7903494238853455,0.18777818618462583
UBFC_PHYS_s17_T3_ctrl,131,151,136.03333333333333,0.9306048154830933,0.006011517383204966
UBFC_PHYS_s17_T3_ctrl,131,152,136.06666666666666,1.1546248197555542,-0.14360838082061114
UBFC_PHYS_s17_T3_ctrl,131,153,136.1,1.2349597215652466,-0.25760228273776964
UBFC_PHYS_s17_T3_ctrl,131,154,136.13333333333333,1.0605710744857788,-0.3364854945240713
UBFC_PHYS_s17_T3_ctrl,131,155,136.16666666666666,0.8005331754684448,-0.38266123695489535
UBFC_PHYS_s17_T3_ctrl,131,156,136.2,0.6419820785522461,-0.3993641210371387
UBFC_PHYS_s17_T3_ctrl,131,157,136.23333333333332,0.5949376225471497,-0.39075289615132974
UBFC_PHYS_s17_T3_ctrl,131,158,136.26666666666668,0.666540265083313,-0.36261772032010425
UBFC_PHYS_s17_T3_ctrl,131,159,136.3,0.8472732901573181,-0.32284630824540517
UBFC_PHYS_s17_T3_ctrl,131,160,136.33333333333334,0.9389508366584778,-0.28089397995527166
UBFC_PHYS_s17_T3_ctrl,131,161,136.36666666666667,0.8122386932373047,-0.24599196184953306
UBFC_PHYS_s17_T3_ctrl,131,162,136.4,0.5906066298484802,-0.22452860564608076
UBFC_PHYS_s17_T3_ctrl,131,163,136.43333333333334,0.3592238128185272,-0.21765740946624573
UBFC_PHYS_s17_T3_ctrl,131,164,136.46666666666667,0.025078361853957176,-0.2204137011381035
UBFC_PHYS_s17_T3_ctrl,131,165,136.5,-0.4984271228313446,-0.22324694259216102
UBFC_PHYS_s17_T3_ctrl,131,166,136.53333333333333,-1.2457184791564941,-0.21593509800735536
UBFC_PHYS_s17_T3_ctrl,131,167,136.56666666666666,-2.0907859802246094,-0.1927138378588034
UBFC_PHYS_s17_T3_ctrl,131,168,136.6,-2.6956682205200195,-0.15661726289183245
UBFC_PHYS_s17_T3_ctrl,131,169,136.63333333333333,-2.8339922428131104,-0.12083694641560785
UBFC_PHYS_s17_T3_ctrl,131,170,136.66666666666666,-2.585519313812256,-0.10558695118781453
UBFC_PHYS_s17_T3_ctrl,131,171,136.7,-2.076528787612915,-0.13062225051006995
UBFC_PHYS_s17_T3_ctrl,131,172,136.73333333333332,-1.399048924446106,-0.20577251615483402
UBFC_PHYS_s17_T3_ctrl,131,173,136.76666666666668,-0.7512894868850708,-0.3234250256524201
UBFC_PHYS_s17_T3_ctrl,131,174,136.8,-0.2760692536830902,-0.456705943030758
UBFC_PHYS_s17_T3_ctrl,131,175,136.83333333333334,0.0780106708407402,-0.5650297752945788
UBFC_PHYS_s17_T3_ctrl,131,176,136.86666666666667,0.34676915407180786,-0.6055835030812289
UBFC_PHYS_s17_T3_ctrl,131,177,136.9,0.4960026741027832,-0.5467778276022379
UBFC_PHYS_s17_T3_ctrl,131,178,136.93333333333334,0.5571990609169006,-0.3789990959454236
UBFC_PHYS_s17_T3_ctrl,131,179,136.96666666666667,0.6247984170913696,-0.11912828910880055
UBFC_PHYS_s17_T3_ctrl,131,180,137.0,0.7438200116157532,0.19251346018999094
UBFC_PHYS_s17_T3_ctrl,131,181,137.03333333333333,0.8714568614959717,0.5017228994316685
UBFC_PHYS_s17_T3_ctrl,131,182,137.06666666666666,0.9303004741668701,0.7535153518887538
UBFC_PHYS_s17_T3_ctrl,131,183,137.1,0.8919766545295715,0.9049743944557387
UBFC_PHYS_s17_T3_ctrl,131,184,137.13333333333333,0.8244475722312927,0.9344563034498929
UBFC_PHYS_s17_T3_ctrl,131,185,137.16666666666666,0.8169794678688049,0.8450988893157163
UBFC_PHYS_s17_T3_ctrl,131,186,137.2,0.8496612310409546,0.6623230500785806
UBFC_PHYS_s17_T3_ctrl,131,187,137.23333333333332,0.8230077624320984,0.4265615824075182
UBFC_PHYS_s17_T3_ctrl,131,188,137.26666666666668,0.7256296277046204,0.18340641171420674
UBFC_PHYS_s17_T3_ctrl,131,189,137.3,0.669934868812561,-0.026329796184421873
UBFC_PHYS_s17_T3_ctrl,131,190,137.33333333333334,0.7519553303718567,-0.17436772796931888
UBFC_PHYS_s17_T3_ctrl,131,191,137.36666666666667,0.9511128664016724,-0.24888449793623327
UBFC_PHYS_s17_T3_ctrl,131,192,137.4,1.1138076782226562,-0.2539141386555864
UBFC_PHYS_s17_T3_ctrl,131,193,137.43333333333334,1.069806694984436,-0.2048158582826675
UBFC_PHYS_s17_T3_ctrl,131,194,137.46666666666667,0.8171433210372925,-0.12173782346389175
UBFC_PHYS_s17_T3_ctrl,131,195,137.5,0.45410865545272827,-0.023636634405665956
UBFC_PHYS_s17_T3_ctrl,131,196,137.53333333333333,-0.07265093177556992,0.07518084204338625
UBFC_PHYS_s17_T3_ctrl,131,197,137.56666666666666,-0.7298098802566528,0.1654439042874079
UBFC_PHYS_s17_T3_ctrl,131,198,137.6,-1.067349910736084,0.24110088902441215
UBFC_PHYS_s17_T3_ctrl,131,199,137.63333333333333,-0.6997618675231934,0.2969696644736071
UBFC_PHYS_s17_T3_ctrl,131,200,137.66666666666666,0.09615421295166016,0.3274510274791291
UBFC_PHYS_s17_T3_ctrl,131,201,137.7,0.7852575182914734,0.32705398548384274
UBFC_PHYS_s17_T3_ctrl,131,202,137.73333333333332,1.1804472208023071,0.29231388156146976
UBFC_PHYS_s17_T3_ctrl,131,203,137.76666666666668,1.2462204694747925,0.2238568311724408
UBFC_PHYS_s17_T3_ctrl,131,204,137.8,0.9032841324806213,0.12734700455149117
UBFC_PHYS_s17_T3_ctrl,131,205,137.83333333333334,0.3327810764312744,0.012783766175209363
UBFC_PHYS_s17_T3_ctrl,131,206,137.86666666666667,-0.1290597766637802,-0.10741214650923891
UBFC_PHYS_s17_T3_ctrl,131,207,137.9,-0.4282291829586029,-0.22057613467665743
UBFC_PHYS_s17_T3_ctrl,131,208,137.93333333333334,-0.7673611640930176,-0.31556211469280576
UBFC_PHYS_s17_T3_ctrl,131,209,137.96666666666667,-1.239456057548523,-0.38394015557822836
UBFC_PHYS_s17_T3_ctrl,131,210,138.0,-1.700641393661499,-0.4206833962511716
UBFC_PHYS_s17_T3_ctrl,131,211,138.03333333333333,-1.8467847108840942,-0.42438392063330366
UBFC_PHYS_s17_T3_ctrl,131,212,138.06666666666666,-1.479711651802063,-0.3970949173694255
UBFC_PHYS_s17_T3_ctrl,131,213,138.1,-0.7760934829711914,-0.34391230297822
UBFC_PHYS_s17_T3_ctrl,131,214,138.13333333333333,-0.1625492423772812,-0.2722549638899405
UBFC_PHYS_s17_T3_ctrl,131,215,138.16666666666666,0.11476597189903259,-0.19073811851073474
UBFC_PHYS_s17_T3_ctrl,131,216,138.2,0.04833720624446869,-0.10776361432933726
UBFC_PHYS_s17_T3_ctrl,131,217,138.23333333333332,-0.3365984559059143,-0.030201987642456386
UBFC_PHYS_s17_T3_ctrl,131,218,138.26666666666668,-0.9201765656471252,0.03748763330391711
UBFC_PHYS_s17_T3_ctrl,131,219,138.3,-1.405838131904602,0.09353098978149228
UBFC_PHYS_s17_T3_ctrl,131,220,138.33333333333334,-1.5614043474197388,0.13843128119614648
UBFC_PHYS_s17_T3_ctrl,131,221,138.36666666666667,-1.3506934642791748,0.17385565115100515
UBFC_PHYS_s17_T3_ctrl,131,222,138.4,-0.8714699745178223,0.20095161065452344
UBFC_PHYS_s17_T3_ctrl,131,223,138.43333333333334,-0.30409225821495056,0.21857396319916134
UBFC_PHYS_s17_T3_ctrl,131,224,138.46666666666667,0.15621517598628998,0.22228567399530422
UBFC_PHYS_s17_T3_ctrl,131,225,138.5,0.4147781729698181,0.20502388187223095
UBFC_PHYS_s17_T3_ctrl,131,226,138.53333333333333,0.5060577392578125,0.1597392729465715
UBFC_PHYS_s17_T3_ctrl,131,227,138.56666666666666,0.5322897434234619,0.08335943088738634
UBFC_PHYS_s17_T3_ctrl,131,228,138.6,0.5617057085037231,-0.019423026694147822
UBFC_PHYS_s17_T3_ctrl,131,229,138.63333333333333,0.5904076099395752,-0.1343863455724358
UBFC_PHYS_s17_T3_ctrl,131,230,138.66666666666666,0.5802940726280212,-0.23950576628780265
UBFC_PHYS_s17_T3_ctrl,131,231,138.7,0.5684480667114258,-0.31049340842730644
UBFC_PHYS_s17_T3_ctrl,131,232,138.73333333333332,0.6744297742843628,-0.3288438328960383
UBFC_PHYS_s17_T3_ctrl,131,233,138.76666666666668,0.9369140863418579,-0.2895476632238099
UBFC_PHYS_s17_T3_ctrl,131,234,138.8,1.229060173034668,-0.20495841281137356
UBFC_PHYS_s17_T3_ctrl,131,235,138.83333333333334,1.4253147840499878,-0.10211992944905716
UBFC_PHYS_s17_T3_ctrl,131,236,138.86666666666667,1.4844040870666504,-0.013319759208751723
UBFC_PHYS_s17_T3_ctrl,131,237,138.9,1.3750044107437134,0.03695577562594597
UBFC_PHYS_s17_T3_ctrl,131,238,138.93333333333334,1.1013765335083008,0.04273833297414698
UBFC_PHYS_s17_T3_ctrl,131,239,138.96666666666667,0.7329338788986206,0.01920671057857592
UBFC_PHYS_s17_T3_ctrl,132,0,132.0,-0.7805883884429932,-0.1308337944561334
UBFC_PHYS_s17_T3_ctrl,132,1,132.03333333333333,-0.9565806984901428,-0.1762449122248448
UBFC_PHYS_s17_T3_ctrl,132,2,132.06666666666666,-1.021089792251587,-0.26045872999278896
UBFC_PHYS_s17_T3_ctrl,132,3,132.1,-0.8863945007324219,-0.40778567716840164
UBFC_PHYS_s17_T3_ctrl,132,4,132.13333333333333,-0.5964022278785706,-0.6153901989523837
UBFC_PHYS_s17_T3_ctrl,132,5,132.16666666666666,-0.26379019021987915,-0.8512350711383316
UBFC_PHYS_s17_T3_ctrl,132,6,132.2,-0.03380034863948822,-1.0617224834160013
UBFC_PHYS_s17_T3_ctrl,132,7,132.23333333333332,0.04575029015541077,-1.186617102555576
UBFC_PHYS_s17_T3_ctrl,132,8,132.26666666666668,0.07064791023731232,-1.1766381978148401
UBFC_PHYS_s17_T3_ctrl,132,9,132.3,0.12306517362594604,-1.0085100883722966
UBFC_PHYS_s17_T3_ctrl,132,10,132.33333333333334,0.23363541066646576,-0.6931507926503343
UBFC_PHYS_s17_T3_ctrl,132,11,132.36666666666667,0.4328046441078186,-0.27459721356984135
UBFC_PHYS_s17_T3_ctrl,132,12,132.4,0.6423683762550354,0.18025939535944266
UBFC_PHYS_s17_T3_ctrl,132,13,132.43333333333334,0.7111499309539795,0.5982870387928313
UBFC_PHYS_s17_T3_ctrl,132,14,132.46666666666667,0.6376978754997253,0.9178604960504018
UBFC_PHYS_s17_T3_ctrl,132,15,132.5,0.5469918847084045,1.1020791984916658
UBFC_PHYS_s17_T3_ctrl,132,16,132.53333333333333,0.4895763695240021,1.143988950546905
UBFC_PHYS_s17_T3_ctrl,132,17,132.56666666666666,0.4261676073074341,1.0636305515350597
UBFC_PHYS_s17_T3_ctrl,132,18,132.6,0.3441588282585144,0.8991444615073011
UBFC_PHYS_s17_T3_ctrl,132,19,132.63333333333333,0.245703786611557,0.6952261870601956
UBFC_PHYS_s17_T3_ctrl,132,20,132.66666666666666,0.11628768593072891,0.492305720852907
UBFC_PHYS_s17_T3_ctrl,132,21,132.7,-0.023160040378570557,0.31909041511423963
UBFC_PHYS_s17_T3_ctrl,132,22,132.73333333333332,-0.11186438798904419,0.18973445202768852
UBFC_PHYS_s17_T3_ctrl,132,23,132.76666666666668,-0.12022212147712708,0.10532466019593435
UBFC_PHYS_s17_T3_ctrl,132,24,132.8,-0.03969992324709892,0.05812866421107405
UBFC_PHYS_s17_T3_ctrl,132,25,132.83333333333334,0.12658853828907013,0.036537775046523856
UBFC_PHYS_s17_T3_ctrl,132,26,132.86666666666667,0.2944455146789551,0.028971891951137224
UBFC_PHYS_s17_T3_ctrl,132,27,132.9,0.37407809495925903,0.025945117923013482
UBFC_PHYS_s17_T3_ctrl,132,28,132.93333333333334,0.41337350010871887,0.020535778101897165
UBFC_PHYS_s17_T3_ctrl,132,29,132.96666666666667,0.4521070420742035,0.008140436854606808
UBFC_PHYS_s17_T3_ctrl,132,30,133.0,0.36245453357696533,-0.013656937795603261
UBFC_PHYS_s17_T3_ctrl,132,31,133.03333333333333,0.09184658527374268,-0.04483215094663935
UBFC_PHYS_s17_T3_ctrl,132,32,133.06666666666666,-0.14096428453922272,-0.08265711579726828
UBFC_PHYS_s17_T3_ctrl,132,33,133.1,-0.21679256856441498,-0.12208194928318528
UBFC_PHYS_s17_T3_ctrl,132,34,133.13333333333333,-0.27886688709259033,-0.15714355443552122
UBFC_PHYS_s17_T3_ctrl,132,35,133.16666666666666,-0.4348076581954956,-0.1831271404516221
UBFC_PHYS_s17_T3_ctrl,132,36,133.2,-0.6339066624641418,-0.19861336048164774
UBFC_PHYS_s17_T3_ctrl,132,37,133.23333333333332,-0.8518047332763672,-0.20648498092201803
UBFC_PHYS_s17_T3_ctrl,132,38,133.26666666666668,-1.0779902935028076,-0.2135377971435436
UBFC_PHYS_s17_T3_ctrl,132,39,133.3,-1.2010034322738647,-0.2289818619584816
UBFC_PHYS_s17_T3_ctrl,132,40,133.33333333333334,-1.1726058721542358,-0.26229316965516203
UBFC_PHYS_s17_T3_ctrl,132,41,133.36666666666667,-1.117952823638916,-0.3207206684052328
UBFC_PHYS_s17_T3_ctrl,132,42,133.4,-1.150681495666504,-0.4066816137440225
UBFC_PHYS_s17_T3_ctrl,132,43,133.43333333333334,-1.2069381475448608,-0.5154672759310849
UBFC_PHYS_s17_T3_ctrl,132,44,133.46666666666667,-1.1302084922790527,-0.6339984035577801
UBFC_PHYS_s17_T3_ctrl,132,45,133.5,-0.8648680448532104,-0.741437877694664
UBFC_PHYS_s17_T3_ctrl,132,46,133.53333333333333,-0.5256190299987793,-0.8120432273419776
UBFC_PHYS_s17_T3_ctrl,132,47,133.56666666666666,-0.25682541728019714,-0.819952776565257
UBFC_PHYS_s17_T3_ctrl,132,48,133.6,-0.07952206581830978,-0.745002987111149
UBFC_PHYS_s17_T3_ctrl,132,49,133.63333333333333,0.0252656489610672,-0.5782725719382814
UBFC_PHYS_s17_T3_ctrl,132,50,133.66666666666666,0.029198700562119484,-0.32588940667383953
UBFC_PHYS_s17_T3_ctrl,132,51,133.7,-0.06287683546543121,-0.00991883438868113
UBFC_PHYS_s17_T3_ctrl,132,52,133.73333333333332,-0.16518297791481018,0.3340747924072034
UBFC_PHYS_s17_T3_ctrl,132,53,133.76666666666668,-0.19441163539886475,0.6623160329598483
UBFC_PHYS_s17_T3_ctrl,132,54,133.8,-0.1381315439939499,0.9299092542964369
UBFC_PHYS_s17_T3_ctrl,132,55,133.83333333333334,-0.06555739045143127,1.0985213987256774
UBFC_PHYS_s17_T3_ctrl,132,56,133.86666666666667,-0.07486326992511749,1.143495639250505
UBFC_PHYS_s17_T3_ctrl,132,57,133.9,-0.19175449013710022,1.0591932844511833
UBFC_PHYS_s17_T3_ctrl,132,58,133.93333333333334,-0.34880730509757996,0.861191684502197
UBFC_PHYS_s17_T3_ctrl,132,59,133.96666666666667,-0.48476678133010864,0.5841481785770292
UBFC_PHYS_s17_T3_ctrl,132,60,134.0,-0.6090441942214966,0.27509433927496635
UBFC_PHYS_s17_T3_ctrl,132,61,134.03333333333333,-0.7721136212348938,-0.016576642027491446
UBFC_PHYS_s17_T3_ctrl,132,62,134.06666666666666,-0.9660036563873291,-0.24979389485580056
UBFC_PHYS_s17_T3_ctrl,132,63,134.1,-1.0726525783538818,-0.4000115272636378
UBFC_PHYS_s17_T3_ctrl,132,64,134.13333333333333,-0.9703229665756226,-0.46248955576348083
UBFC_PHYS_s17_T3_ctrl,132,65,134.16666666666666,-0.6861249208450317,-0.4498425448161175
UBFC_PHYS_s17_T3_ctrl,132,66,134.2,-0.3729557693004608,-0.3849328083294283
UBFC_PHYS_s17_T3_ctrl,132,67,134.23333333333332,-0.1407887041568756,-0.2917351147669378
UBFC_PHYS_s17_T3_ctrl,132,68,134.26666666666668,0.016451401636004448,-0.18750873390654885
UBFC_PHYS_s17_T3_ctrl,132,69,134.3,0.12966708838939667,-0.07908464821022093
UBFC_PHYS_s17_T3_ctrl,132,70,134.33333333333334,0.20314255356788635,0.03564083958473961
UBFC_PHYS_s17_T3_ctrl,132,71,134.36666666666667,0.27003955841064453,0.1620833373065908
UBFC_PHYS_s17_T3_ctrl,132,72,134.4,0.37530717253685,0.30194910574029715
UBFC_PHYS_s17_T3_ctrl,132,73,134.43333333333334,0.5002283453941345,0.4480151823321389
UBFC_PHYS_s17_T3_ctrl,132,74,134.46666666666667,0.5945747494697571,0.583045822838597
UBFC_PHYS_s17_T3_ctrl,132,75,134.5,0.6393483281135559,0.6834314834997528
UBFC_PHYS_s17_T3_ctrl,132,76,134.53333333333333,0.6128236651420593,0.7262306327461473
UBFC_PHYS_s17_T3_ctrl,132,77,134.56666666666666,0.49515989422798157,0.6968658588680994
UBFC_PHYS_s17_T3_ctrl,132,78,134.6,0.3095690608024597,0.594292385362595
UBFC_PHYS_s17_T3_ctrl,132,79,134.63333333333333,0.10430124402046204,0.4314037781537729
UBFC_PHYS_s17_T3_ctrl,132,80,134.66666666666666,-0.10342471301555634,0.23054850716634404
UBFC_PHYS_s17_T3_ctrl,132,81,134.7,-0.3319747745990753,0.016175313843765436
UBFC_PHYS_s17_T3_ctrl,132,82,134.73333333333332,-0.5804007649421692,-0.19233663149155691
UBFC_PHYS_s17_T3_ctrl,132,83,134.76666666666668,-0.7942604422569275,-0.38493382865539866
UBFC_PHYS_s17_T3_ctrl,132,84,134.8,-0.9513249397277832,-0.5608072623513578
UBFC_PHYS_s17_T3_ctrl,132,85,134.83333333333334,-1.1022558212280273,-0.7242263871329625
UBFC_PHYS_s17_T3_ctrl,132,86,134.86666666666667,-1.211093544960022,-0.878000536738361
UBFC_PHYS_s17_T3_ctrl,132,87,134.9,-1.1233257055282593,-1.0171437719502165
UBFC_PHYS_s17_T3_ctrl,132,88,134.93333333333334,-0.8558197021484375,-1.1253888835905492
UBFC_PHYS_s17_T3_ctrl,132,89,134.96666666666667,-0.8075461983680725,-1.1764037979285125
UBFC_PHYS_s17_T3_ctrl,132,90,135.0,-1.3851194381713867,-1.140054645557872
UBFC_PHYS_s17_T3_ctrl,132,91,135.03333333333333,-2.3766930103302,-0.9922653874794496
UBFC_PHYS_s17_T3_ctrl,132,92,135.06666666666666,-2.9959611892700195,-0.7255182186763738
UBFC_PHYS_s17_T3_ctrl,132,93,135.1,-2.6818673610687256,-0.35635081447831596
UBFC_PHYS_s17_T3_ctrl,132,94,135.13333333333333,-1.513224482536316,0.0733027475702184
UBFC_PHYS_s17_T3_ctrl,132,95,135.16666666666666,-0.14380872249603271,0.5023496246843369
UBFC_PHYS_s17_T3_ctrl,132,96,135.2,0.6888275146484375,0.8632298628335405
UBFC_PHYS_s17_T3_ctrl,132,97,135.23333333333332,0.8034010529518127,1.0975555252485663
UBFC_PHYS_s17_T3_ctrl,132,98,135.26666666666668,0.562466561794281,1.169972826484592
UBFC_PHYS_s17_T3_ctrl,132,99,135.3,0.24878233671188354,1.0759156952106066
UBFC_PHYS_s17_T3_ctrl,132,100,135.33333333333334,-0.07258069515228271,0.8408680123446082
UBFC_PHYS_s17_T3_ctrl,132,101,135.36666666666667,-0.23385919630527496,0.5118264787742534
UBFC_PHYS_s17_T3_ctrl,132,102,135.4,-0.06958408653736115,0.14472356691019703
UBFC_PHYS_s17_T3_ctrl,132,103,135.43333333333334,0.3264952003955841,-0.2072894699127994
UBFC_PHYS_s17_T3_ctrl,132,104,135.46666666666667,0.7210761904716492,-0.501451694804331
UBFC_PHYS_s17_T3_ctrl,132,105,135.5,0.9924449920654297,-0.7084037695089751
UBFC_PHYS_s17_T3_ctrl,132,106,135.53333333333333,1.1399461030960083,-0.811874208175806
UBFC_PHYS_s17_T3_ctrl,132,107,135.56666666666666,1.1807866096496582,-0.8067926899983101
UBFC_PHYS_s17_T3_ctrl,132,108,135.6,1.1391618251800537,-0.6973879523827796
UBFC_PHYS_s17_T3_ctrl,132,109,135.63333333333333,1.0900806188583374,-0.4962116090786854
UBFC_PHYS_s17_T3_ctrl,132,110,135.66666666666666,1.092117428779602,-0.22410307354635886
UBFC_PHYS_s17_T3_ctrl,132,111,135.7,1.1151772737503052,0.08981334129134635
UBFC_PHYS_s17_T3_ctrl,132,112,135.73333333333332,1.1043497323989868,0.40949625100794224
UBFC_PHYS_s17_T3_ctrl,132,113,135.76666666666668,1.0629472732543945,0.6957565298601163
UBFC_PHYS_s17_T3_ctrl,132,114,135.8,1.014498233795166,0.912279850477241
UBFC_PHYS_s17_T3_ctrl,132,115,135.83333333333334,0.9620692133903503,1.0324832854453538
UBFC_PHYS_s17_T3_ctrl,132,116,135.86666666666667,0.9168859720230103,1.0451721456772949
UBFC_PHYS_s17_T3_ctrl,132,117,135.9,0.8872358798980713,0.9570451388540897
UBFC_PHYS_s17_T3_ctrl,132,118,135.93333333333334,0.849930465221405,0.7907466559205956
UBFC_PHYS_s17_T3_ctrl,132,119,135.96666666666667,0.7956286072731018,0.5786289604473854
UBFC_PHYS_s17_T3_ctrl,132,120,136.0,0.7903494238853455,0.3543886172477881
UBFC_PHYS_s17_T3_ctrl,132,121,136.03333333333333,0.9306048154830933,0.14577852778137626
UBFC_PHYS_s17_T3_ctrl,132,122,136.06666666666666,1.1546248197555542,-0.029357205366432805
UBFC_PHYS_s17_T3_ctrl,132,123,136.1,1.2349597215652466,-0.16341460056717017
UBFC_PHYS_s17_T3_ctrl,132,124,136.13333333333333,1.0605710744857788,-0.2568027133542272
UBFC_PHYS_s17_T3_ctrl,132,125,136.16666666666666,0.8005331754684448,-0.3146924709667043
UBFC_PHYS_s17_T3_ctrl,132,126,136.2,0.6419820785522461,-0.3441101186469253
UBFC_PHYS_s17_T3_ctrl,132,127,136.23333333333332,0.5949376225471497,-0.35220236612300215
UBFC_PHYS_s17_T3_ctrl,132,128,136.26666666666668,0.666540265083313,-0.34577994577400883
UBFC_PHYS_s17_T3_ctrl,132,129,136.3,0.8472732901573181,-0.3315684123840659
UBFC_PHYS_s17_T3_ctrl,132,130,136.33333333333334,0.9389508366584778,-0.3162199860348348
UBFC_PHYS_s17_T3_ctrl,132,131,136.36666666666667,0.8122386932373047,-0.30535859492433115
UBFC_PHYS_s17_T3_ctrl,132,132,136.4,0.5906066298484802,-0.30174300082063843
UBFC_PHYS_s17_T3_ctrl,132,133,136.43333333333334,0.3592238128185272,-0.30352043030871967
UBFC_PHYS_s17_T3_ctrl,132,134,136.46666666666667,0.025078361853957176,-0.30389460825285547
UBFC_PHYS_s17_T3_ctrl,132,135,136.5,-0.4984271228313446,-0.29311586914364257
UBFC_PHYS_s17_T3_ctrl,132,136,136.53333333333333,-1.2457184791564941,-0.262682618516831
UBFC_PHYS_s17_T3_ctrl,132,137,136.56666666666666,-2.0907859802246094,-0.21047763325507585
UBFC_PHYS_s17_T3_ctrl,132,138,136.6,-2.6956682205200195,-0.14475025590872329
UBFC_PHYS_s17_T3_ctrl,132,139,136.63333333333333,-2.8339922428131104,-0.0846894338410221
UBFC_PHYS_s17_T3_ctrl,132,140,136.66666666666666,-2.585519313812256,-0.056022644952012056
UBFC_PHYS_s17_T3_ctrl,132,141,136.7,-2.076528787612915,-0.08184110429100644
UBFC_PHYS_s17_T3_ctrl,132,142,136.73333333333332,-1.399048924446106,-0.17137127403689104
UBFC_PHYS_s17_T3_ctrl,132,143,136.76666666666668,-0.7512894868850708,-0.3114454779536547
UBFC_PHYS_s17_T3_ctrl,132,144,136.8,-0.2760692536830902,-0.46551574152039826
UBFC_PHYS_s17_T3_ctrl,132,145,136.83333333333334,0.0780106708407402,-0.5824205037918916
UBFC_PHYS_s17_T3_ctrl,132,146,136.86666666666667,0.34676915407180786,-0.6125262839999511
UBFC_PHYS_s17_T3_ctrl,132,147,136.9,0.4960026741027832,-0.5250198533817187
UBFC_PHYS_s17_T3_ctrl,132,148,136.93333333333334,0.5571990609169006,-0.31946548525735163
UBFC_PHYS_s17_T3_ctrl,132,149,136.96666666666667,0.6247984170913696,-0.0273336621152322
UBFC_PHYS_s17_T3_ctrl,132,150,137.0,0.7438200116157532,0.29658509227315955
UBFC_PHYS_s17_T3_ctrl,132,151,137.03333333333333,0.8714568614959717,0.589278966647219
UBFC_PHYS_s17_T3_ctrl,132,152,137.06666666666666,0.9303004741668701,0.7958758085884056
UBFC_PHYS_s17_T3_ctrl,132,153,137.1,0.8919766545295715,0.8824804286801006
UBFC_PHYS_s17_T3_ctrl,132,154,137.13333333333333,0.8244475722312927,0.8424775259903233
UBFC_PHYS_s17_T3_ctrl,132,155,137.16666666666666,0.8169794678688049,0.6954936848207472
UBFC_PHYS_s17_T3_ctrl,132,156,137.2,0.8496612310409546,0.48018283043090626
UBFC_PHYS_s17_T3_ctrl,132,157,137.23333333333332,0.8230077624320984,0.2434156797199558
UBFC_PHYS_s17_T3_ctrl,132,158,137.26666666666668,0.7256296277046204,0.0291208004784707
UBFC_PHYS_s17_T3_ctrl,132,159,137.3,0.669934868812561,-0.13034312885725383
UBFC_PHYS_s17_T3_ctrl,132,160,137.33333333333334,0.7519553303718567,-0.21871657183337134
UBFC_PHYS_s17_T3_ctrl,132,161,137.36666666666667,0.9511128664016724,-0.23609951192276737
UBFC_PHYS_s17_T3_ctrl,132,162,137.4,1.1138076782226562,-0.19558189980764878
UBFC_PHYS_s17_T3_ctrl,132,163,137.43333333333334,1.069806694984436,-0.11745909861263644
UBFC_PHYS_s17_T3_ctrl,132,164,137.46666666666667,0.8171433210372925,-0.022940793048201062
UBFC_PHYS_s17_T3_ctrl,132,165,137.5,0.45410865545272827,0.07058133146571682
UBFC_PHYS_s17_T3_ctrl,132,166,137.53333333333333,-0.07265093177556992,0.15158428179498484
UBFC_PHYS_s17_T3_ctrl,132,167,137.56666666666666,-0.7298098802566528,0.21405964224268434
UBFC_PHYS_s17_T3_ctrl,132,168,137.6,-1.067349910736084,0.2559160653633408
UBFC_PHYS_s17_T3_ctrl,132,169,137.63333333333333,-0.6997618675231934,0.2773627341748998
UBFC_PHYS_s17_T3_ctrl,132,170,137.66666666666666,0.09615421295166016,0.27995808374310727
UBFC_PHYS_s17_T3_ctrl,132,171,137.7,0.7852575182914734,0.2662789554722088
UBFC_PHYS_s17_T3_ctrl,132,172,137.73333333333332,1.1804472208023071,0.2396858452513236
UBFC_PHYS_s17_T3_ctrl,132,173,137.76666666666668,1.2462204694747925,0.20373212850339203
UBFC_PHYS_s17_T3_ctrl,132,174,137.8,0.9032841324806213,0.16130696316395338
UBFC_PHYS_s17_T3_ctrl,132,175,137.83333333333334,0.3327810764312744,0.11404368162802009
UBFC_PHYS_s17_T3_ctrl,132,176,137.86666666666667,-0.1290597766637802,0.06240873328620398
UBFC_PHYS_s17_T3_ctrl,132,177,137.9,-0.4282291829586029,0.006411566786718158
UBFC_PHYS_s17_T3_ctrl,132,178,137.93333333333334,-0.7673611640930176,-0.0534884968116489
UBFC_PHYS_s17_T3_ctrl,132,179,137.96666666666667,-1.239456057548523,-0.1157164102242556
UBFC_PHYS_s17_T3_ctrl,132,180,138.0,-1.700641393661499,-0.17732865091458147
UBFC_PHYS_s17_T3_ctrl,132,181,138.03333333333333,-1.8467847108840942,-0.23413581297709105
UBFC_PHYS_s17_T3_ctrl,132,182,138.06666666666666,-1.479711651802063,-0.28120663155660924
UBFC_PHYS_s17_T3_ctrl,132,183,138.1,-0.7760934829711914,-0.31378060478694186
UBFC_PHYS_s17_T3_ctrl,132,184,138.13333333333333,-0.1625492423772812,-0.3283736726416979
UBFC_PHYS_s17_T3_ctrl,132,185,138.16666666666666,0.11476597189903259,-0.3236425321404881
UBFC_PHYS_s17_T3_ctrl,132,186,138.2,0.04833720624446869,-0.30069704816658616
UBFC_PHYS_s17_T3_ctrl,132,187,138.23333333333332,-0.3365984559059143,-0.26284962544358637
UBFC_PHYS_s17_T3_ctrl,132,188,138.26666666666668,-0.9201765656471252,-0.2149699918987226
UBFC_PHYS_s17_T3_ctrl,132,189,138.3,-1.405838131904602,-0.1626564639999517
UBFC_PHYS_s17_T3_ctrl,132,190,138.33333333333334,-1.5614043474197388,-0.11143515170976467
UBFC_PHYS_s17_T3_ctrl,132,191,138.36666666666667,-1.3506934642791748,-0.0661525443303398
UBFC_PHYS_s17_T3_ctrl,132,192,138.4,-0.8714699745178223,-0.03062098471401617
UBFC_PHYS_s17_T3_ctrl,132,193,138.43333333333334,-0.30409225821495056,-0.007488244336097042
UBFC_PHYS_s17_T3_ctrl,132,194,138.46666666666667,0.15621517598628998,0.001717217440889254
UBFC_PHYS_s17_T3_ctrl,132,195,138.5,0.4147781729698181,-0.0035549183341400618
UBFC_PHYS_s17_T3_ctrl,132,196,138.53333333333333,0.5060577392578125,-0.02295007568687651
UBFC_PHYS_s17_T3_ctrl,132,197,138.56666666666666,0.5322897434234619,-0.055062962360804435
UBFC_PHYS_s17_T3_ctrl,132,198,138.6,0.5617057085037231,-0.09713148068191738
UBFC_PHYS_s17_T3_ctrl,132,199,138.63333333333333,0.5904076099395752,-0.14486367593907476
UBFC_PHYS_s17_T3_ctrl,132,200,138.66666666666666,0.5802940726280212,-0.1927235787360505
UBFC_PHYS_s17_T3_ctrl,132,201,138.7,0.5684480667114258,-0.23479758355661437
UBFC_PHYS_s17_T3_ctrl,132,202,138.73333333333332,0.6744297742843628,-0.2660213387330972
UBFC_PHYS_s17_T3_ctrl,132,203,138.76666666666668,0.9369140863418579,-0.2831985424040265
UBFC_PHYS_s17_T3_ctrl,132,204,138.8,1.229060173034668,-0.28510091425827094
UBFC_PHYS_s17_T3_ctrl,132,205,138.83333333333334,1.4253147840499878,-0.2713064596812747
UBFC_PHYS_s17_T3_ctrl,132,206,138.86666666666667,1.4844040870666504,-0.24030865641707977
UBFC_PHYS_s17_T3_ctrl,132,207,138.9,1.3750044107437134,-0.18821458949104516
UBFC_PHYS_s17_T3_ctrl,132,208,138.93333333333334,1.1013765335083008,-0.10935465294928716
UBFC_PHYS_s17_T3_ctrl,132,209,138.96666666666667,0.7329338788986206,0.000869833213068836
UBFC_PHYS_s17_T3_ctrl,132,210,139.0,0.25183749198913574,0.14210092395086701
UBFC_PHYS_s17_T3_ctrl,132,211,139.03333333333333,-0.3787148594856262,0.30623127295545577
UBFC_PHYS_s17_T3_ctrl,132,212,139.06666666666666,-0.9006518125534058,0.47738458153239627
UBFC_PHYS_s17_T3_ctrl,132,213,139.1,-1.024894118309021,0.6349480848501813
UBFC_PHYS_s17_T3_ctrl,132,214,139.13333333333333,-0.853209376335144,0.7585495237925778
UBFC_PHYS_s17_T3_ctrl,132,215,139.16666666666666,-0.6700884103775024,0.8331395074810503
UBFC_PHYS_s17_T3_ctrl,132,216,139.2,-0.5676769018173218,0.8524343506737996
UBFC_PHYS_s17_T3_ctrl,132,217,139.23333333333332,-0.5358496308326721,0.8196294027706388
UBFC_PHYS_s17_T3_ctrl,132,218,139.26666666666668,-0.6029222011566162,0.7451719440016589
UBFC_PHYS_s17_T3_ctrl,132,219,139.3,-0.7452260851860046,0.6424133815988258
UBFC_PHYS_s17_T3_ctrl,132,220,139.33333333333334,-0.8955950140953064,0.5229291983203975
UBFC_PHYS_s17_T3_ctrl,132,221,139.36666666666667,-1.0015299320220947,0.3935002835944991
UBFC_PHYS_s17_T3_ctrl,132,222,139.4,-0.9724650979042053,0.25582823318868314
UBFC_PHYS_s17_T3_ctrl,132,223,139.43333333333334,-0.7201060056686401,0.10872071793448776
UBFC_PHYS_s17_T3_ctrl,132,224,139.46666666666667,-0.292574018239975,-0.04839398192148224
UBFC_PHYS_s17_T3_ctrl,132,225,139.5,0.1336703598499298,-0.21209089550924823
UBFC_PHYS_s17_T3_ctrl,132,226,139.53333333333333,0.35900139808654785,-0.37313948526517876
UBFC_PHYS_s17_T3_ctrl,132,227,139.56666666666666,0.31371280550956726,-0.5171537930818887
UBFC_PHYS_s17_T3_ctrl,132,228,139.6,0.13981576263904572,-0.6275633439913106
UBFC_PHYS_s17_T3_ctrl,132,229,139.63333333333333,0.04761146381497383,-0.6898254429344008
UBFC_PHYS_s17_T3_ctrl,132,230,139.66666666666666,0.05910627543926239,-0.6954977377613403
UBFC_PHYS_s17_T3_ctrl,132,231,139.7,0.0691964253783226,-0.6450438791562376
UBFC_PHYS_s17_T3_ctrl,132,232,139.73333333333332,0.06955929100513458,-0.548679237598778
UBFC_PHYS_s17_T3_ctrl,132,233,139.76666666666668,0.08908408135175705,-0.42494308111044665
UBFC_PHYS_s17_T3_ctrl,132,234,139.8,0.06413964182138443,-0.29703136984357087
UBFC_PHYS_s17_T3_ctrl,132,235,139.83333333333334,-0.03149436414241791,-0.1875037474522395
UBFC_PHYS_s17_T3_ctrl,132,236,139.86666666666667,-0.11778737604618073,-0.1127837200708096
UBFC_PHYS_s17_T3_ctrl,132,237,139.9,-0.15056279301643372,-0.07923768746066692
UBFC_PHYS_s17_T3_ctrl,132,238,139.93333333333334,-0.20478270947933197,-0.08204597884869551
UBFC_PHYS_s17_T3_ctrl,132,239,139.96666666666667,-0.3643873333930969,-0.10702013333161708
UBFC_PHYS_s17_T3_ctrl,133,0,133.0,0.36245453357696533,0.07983728326068434
UBFC_PHYS_s17_T3_ctrl,133,1,133.03333333333333,0.09184658527374268,0.15245061701182108
UBFC_PHYS_s17_T3_ctrl,133,2,133.06666666666666,-0.14096428453922272,0.19432363123349822
UBFC_PHYS_s17_T3_ctrl,133,3,133.1,-0.21679256856441498,0.18607520454032234
UBFC_PHYS_s17_T3_ctrl,133,4,133.13333333333333,-0.27886688709259033,0.12259748181027291
UBFC_PHYS_s17_T3_ctrl,133,5,133.16666666666666,-0.4348076581954956,0.013487882359856204
UBFC_PHYS_s17_T3_ctrl,133,6,133.2,-0.6339066624641418,-0.12157616674474057
UBFC_PHYS_s17_T3_ctrl,133,7,133.23333333333332,-0.8518047332763672,-0.2602436261546778
UBFC_PHYS_s17_T3_ctrl,133,8,133.26666666666668,-1.0779902935028076,-0.38460808798441515
UBFC_PHYS_s17_T3_ctrl,133,9,133.3,-1.2010034322738647,-0.4855848604751619
UBFC_PHYS_s17_T3_ctrl,133,10,133.33333333333334,-1.1726058721542358,-0.5634708491166573
UBFC_PHYS_s17_T3_ctrl,133,11,133.36666666666667,-1.117952823638916,-0.6250664024608339
UBFC_PHYS_s17_T3_ctrl,133,12,133.4,-1.150681495666504,-0.678766807605225
UBFC_PHYS_s17_T3_ctrl,133,13,133.43333333333334,-1.2069381475448608,-0.7294089143336515
UBFC_PHYS_s17_T3_ctrl,133,14,133.46666666666667,-1.1302084922790527,-0.774455769028725
UBFC_PHYS_s17_T3_ctrl,133,15,133.5,-0.8648680448532104,-0.8026148684545663
UBFC_PHYS_s17_T3_ctrl,133,16,133.53333333333333,-0.5256190299987793,-0.7954470477189046
UBFC_PHYS_s17_T3_ctrl,133,17,133.56666666666666,-0.25682541728019714,-0.731886544806743
UBFC_PHYS_s17_T3_ctrl,133,18,133.6,-0.07952206581830978,-0.5947746744175664
UBFC_PHYS_s17_T3_ctrl,133,19,133.63333333333333,0.0252656489610672,-0.37766387489445913
UBFC_PHYS_s17_T3_ctrl,133,20,133.66666666666666,0.029198700562119484,-0.08966945246651548
UBFC_PHYS_s17_T3_ctrl,133,21,133.7,-0.06287683546543121,0.2434608855816091
UBFC_PHYS_s17_T3_ctrl,133,22,133.73333333333332,-0.16518297791481018,0.5825766434269041
UBFC_PHYS_s17_T3_ctrl,133,23,133.76666666666668,-0.19441163539886475,0.8817755356083313
UBFC_PHYS_s17_T3_ctrl,133,24,133.8,-0.1381315439939499,1.0969198624088348
UBFC_PHYS_s17_T3_ctrl,133,25,133.83333333333334,-0.06555739045143127,1.1943635505216035
UBFC_PHYS_s17_T3_ctrl,133,26,133.86666666666667,-0.07486326992511749,1.1582282141844142
UBFC_PHYS_s17_T3_ctrl,133,27,133.9,-0.19175449013710022,0.9945145276628795
UBFC_PHYS_s17_T3_ctrl,133,28,133.93333333333334,-0.34880730509757996,0.7305338048031778
UBFC_PHYS_s17_T3_ctrl,133,29,133.96666666666667,-0.48476678133010864,0.4091698665520656
UBFC_PHYS_s17_T3_ctrl,133,30,134.0,-0.6090441942214966,0.07936517888158191
UBFC_PHYS_s17_T3_ctrl,133,31,134.03333333333333,-0.7721136212348938,-0.21417218326343382
UBFC_PHYS_s17_T3_ctrl,133,32,134.06666666666666,-0.9660036563873291,-0.4388769925232691
UBFC_PHYS_s17_T3_ctrl,133,33,134.1,-1.0726525783538818,-0.5779211179466075
UBFC_PHYS_s17_T3_ctrl,133,34,134.13333333333333,-0.9703229665756226,-0.6293871178226031
UBFC_PHYS_s17_T3_ctrl,133,35,134.16666666666666,-0.6861249208450317,-0.6023980936009973
UBFC_PHYS_s17_T3_ctrl,133,36,134.2,-0.3729557693004608,-0.5121388957056009
UBFC_PHYS_s17_T3_ctrl,133,37,134.23333333333332,-0.1407887041568756,-0.37540605721231973
UBFC_PHYS_s17_T3_ctrl,133,38,134.26666666666668,0.016451401636004448,-0.2076220379044139
UBFC_PHYS_s17_T3_ctrl,133,39,134.3,0.12966708838939667,-0.021599964620065415
UBFC_PHYS_s17_T3_ctrl,133,40,134.33333333333334,0.20314255356788635,0.17205111408721174
UBFC_PHYS_s17_T3_ctrl,133,41,134.36666666666667,0.27003955841064453,0.3633132225124976
UBFC_PHYS_s17_T3_ctrl,133,42,134.4,0.37530717253685,0.540784163090359
UBFC_PHYS_s17_T3_ctrl,133,43,134.43333333333334,0.5002283453941345,0.6904537028519159
UBFC_PHYS_s17_T3_ctrl,133,44,134.46666666666667,0.5945747494697571,0.7961676705262309
UBFC_PHYS_s17_T3_ctrl,133,45,134.5,0.6393483281135559,0.842109804028516
UBFC_PHYS_s17_T3_ctrl,133,46,134.53333333333333,0.6128236651420593,0.8167961254086464
UBFC_PHYS_s17_T3_ctrl,133,47,134.56666666666666,0.49515989422798157,0.7172155064436725
UBFC_PHYS_s17_T3_ctrl,133,48,134.6,0.3095690608024597,0.5512230296820354
UBFC_PHYS_s17_T3_ctrl,133,49,134.63333333333333,0.10430124402046204,0.3366899439232931
UBFC_PHYS_s17_T3_ctrl,133,50,134.66666666666666,-0.10342471301555634,0.09735987038080637
UBFC_PHYS_s17_T3_ctrl,133,51,134.7,-0.3319747745990753,-0.14303900640460196
UBFC_PHYS_s17_T3_ctrl,133,52,134.73333333333332,-0.5804007649421692,-0.3661394985887791
UBFC_PHYS_s17_T3_ctrl,133,53,134.76666666666668,-0.7942604422569275,-0.5617754496422213
UBFC_PHYS_s17_T3_ctrl,133,54,134.8,-0.9513249397277832,-0.7274000431928018
UBFC_PHYS_s17_T3_ctrl,133,55,134.83333333333334,-1.1022558212280273,-0.8645223387484984
UBFC_PHYS_s17_T3_ctrl,133,56,134.86666666666667,-1.211093544960022,-0.9738001887014942
UBFC_PHYS_s17_T3_ctrl,133,57,134.9,-1.1233257055282593,-1.0509676234871714
UBFC_PHYS_s17_T3_ctrl,133,58,134.93333333333334,-0.8558197021484375,-1.0853829739089675
UBFC_PHYS_s17_T3_ctrl,133,59,134.96666666666667,-0.8075461983680725,-1.0618292473697142
UBFC_PHYS_s17_T3_ctrl,133,60,135.0,-1.3851194381713867,-0.9648650618310193
UBFC_PHYS_s17_T3_ctrl,133,61,135.03333333333333,-2.3766930103302,-0.7843528197013208
UBFC_PHYS_s17_T3_ctrl,133,62,135.06666666666666,-2.9959611892700195,-0.5210042368940118
UBFC_PHYS_s17_T3_ctrl,133,63,135.1,-2.6818673610687256,-0.19087153413506705
UBFC_PHYS_s17_T3_ctrl,133,64,135.13333333333333,-1.513224482536316,0.17294799570897246
UBFC_PHYS_s17_T3_ctrl,133,65,135.16666666666666,-0.14380872249603271,0.5233504927054992
UBFC_PHYS_s17_T3_ctrl,133,66,135.2,0.6888275146484375,0.8075681769088132
UBFC_PHYS_s17_T3_ctrl,133,67,135.23333333333332,0.8034010529518127,0.9790441978691389
UBFC_PHYS_s17_T3_ctrl,133,68,135.26666666666668,0.562466561794281,1.0092583687602024
UBFC_PHYS_s17_T3_ctrl,133,69,135.3,0.24878233671188354,0.8954762999901029
UBFC_PHYS_s17_T3_ctrl,133,70,135.33333333333334,-0.07258069515228271,0.6615568136581721
UBFC_PHYS_s17_T3_ctrl,133,71,135.36666666666667,-0.23385919630527496,0.35155789386793185
UBFC_PHYS_s17_T3_ctrl,133,72,135.4,-0.06958408653736115,0.01891480989141082
UBFC_PHYS_s17_T3_ctrl,133,73,135.43333333333334,0.3264952003955841,-0.2845903442920531
UBFC_PHYS_s17_T3_ctrl,133,74,135.46666666666667,0.7210761904716492,-0.5170342702279426
UBFC_PHYS_s17_T3_ctrl,133,75,135.5,0.9924449920654297,-0.6509539514561221
UBFC_PHYS_s17_T3_ctrl,133,76,135.53333333333333,1.1399461030960083,-0.6748939710371451
UBFC_PHYS_s17_T3_ctrl,133,77,135.56666666666666,1.1807866096496582,-0.5927092279599047
UBFC_PHYS_s17_T3_ctrl,133,78,135.6,1.1391618251800537,-0.4213419406731549
UBFC_PHYS_s17_T3_ctrl,133,79,135.63333333333333,1.0900806188583374,-0.18760268076033812
UBFC_PHYS_s17_T3_ctrl,133,80,135.66666666666666,1.092117428779602,0.07576076523691157
UBFC_PHYS_s17_T3_ctrl,133,81,135.7,1.1151772737503052,0.3345123498916697
UBFC_PHYS_s17_T3_ctrl,133,82,135.73333333333332,1.1043497323989868,0.5575115632015882
UBFC_PHYS_s17_T3_ctrl,133,83,135.76666666666668,1.0629472732543945,0.7207812178206372
UBFC_PHYS_s17_T3_ctrl,133,84,135.8,1.014498233795166,0.810346512779818
UBFC_PHYS_s17_T3_ctrl,133,85,135.83333333333334,0.9620692133903503,0.8233736762215621
UBFC_PHYS_s17_T3_ctrl,133,86,135.86666666666667,0.9168859720230103,0.7675437090957885
UBFC_PHYS_s17_T3_ctrl,133,87,135.9,0.8872358798980713,0.6588430928292854
UBFC_PHYS_s17_T3_ctrl,133,88,135.93333333333334,0.849930465221405,0.5179660991305045
UBFC_PHYS_s17_T3_ctrl,133,89,135.96666666666667,0.7956286072731018,0.365810160045908
UBFC_PHYS_s17_T3_ctrl,133,90,136.0,0.7903494238853455,0.2192891835907818
UBFC_PHYS_s17_T3_ctrl,133,91,136.03333333333333,0.9306048154830933,0.08898755452879142
UBFC_PHYS_s17_T3_ctrl,133,92,136.06666666666666,1.1546248197555542,-0.020681386469908386
UBFC_PHYS_s17_T3_ctrl,133,93,136.1,1.2349597215652466,-0.1094576245249381
UBFC_PHYS_s17_T3_ctrl,133,94,136.13333333333333,1.0605710744857788,-0.17870515954658434
UBFC_PHYS_s17_T3_ctrl,133,95,136.16666666666666,0.8005331754684448,-0.229611233788335
UBFC_PHYS_s17_T3_ctrl,133,96,136.2,0.6419820785522461,-0.2627581763960181
UBFC_PHYS_s17_T3_ctrl,133,97,136.23333333333332,0.5949376225471497,-0.27895599364851603
UBFC_PHYS_s17_T3_ctrl,133,98,136.26666666666668,0.666540265083313,-0.2805950293658672
UBFC_PHYS_s17_T3_ctrl,133,99,136.3,0.8472732901573181,-0.272514697149091
UBFC_PHYS_s17_T3_ctrl,133,100,136.33333333333334,0.9389508366584778,-0.2615943437811625
UBFC_PHYS_s17_T3_ctrl,133,101,136.36666666666667,0.8122386932373047,-0.25487987707808807
UBFC_PHYS_s17_T3_ctrl,133,102,136.4,0.5906066298484802,-0.2568328087361934
UBFC_PHYS_s17_T3_ctrl,133,103,136.43333333333334,0.3592238128185272,-0.2669046396868495
UBFC_PHYS_s17_T3_ctrl,133,104,136.46666666666667,0.025078361853957176,-0.27879643566075984
UBFC_PHYS_s17_T3_ctrl,133,105,136.5,-0.4984271228313446,-0.28229630454591687
UBFC_PHYS_s17_T3_ctrl,133,106,136.53333333333333,-1.2457184791564941,-0.26757089751734575
UBFC_PHYS_s17_T3_ctrl,133,107,136.56666666666666,-2.0907859802246094,-0.2305797906521712
UBFC_PHYS_s17_T3_ctrl,133,108,136.6,-2.6956682205200195,-0.177381321728422
UBFC_PHYS_s17_T3_ctrl,133,109,136.63333333333333,-2.8339922428131104,-0.12494133808626287
UBFC_PHYS_s17_T3_ctrl,133,110,136.66666666666666,-2.585519313812256,-0.09694016264028062
UBFC_PHYS_s17_T3_ctrl,133,111,136.7,-2.076528787612915,-0.11506673291285738
UBFC_PHYS_s17_T3_ctrl,133,112,136.73333333333332,-1.399048924446106,-0.188775047270496
UBFC_PHYS_s17_T3_ctrl,133,113,136.76666666666668,-0.7512894868850708,-0.30793947474329203
UBFC_PHYS_s17_T3_ctrl,133,114,136.8,-0.2760692536830902,-0.44210967318019895
UBFC_PHYS_s17_T3_ctrl,133,115,136.83333333333334,0.0780106708407402,-0.5474875596459134
UBFC_PHYS_s17_T3_ctrl,133,116,136.86666666666667,0.34676915407180786,-0.5796395323570535
UBFC_PHYS_s17_T3_ctrl,133,117,136.9,0.4960026741027832,-0.5077145869578693
UBFC_PHYS_s17_T3_ctrl,133,118,136.93333333333334,0.5571990609169006,-0.3254250278383176
UBFC_PHYS_s17_T3_ctrl,133,119,136.96666666666667,0.6247984170913696,-0.05514969706331876
UBFC_PHYS_s17_T3_ctrl,133,120,137.0,0.7438200116157532,0.2563544556284836
UBFC_PHYS_s17_T3_ctrl,133,121,137.03333333333333,0.8714568614959717,0.5495195738310771
UBFC_PHYS_s17_T3_ctrl,133,122,137.06666666666666,0.9303004741668701,0.7672588043718307
UBFC_PHYS_s17_T3_ctrl,133,123,137.1,0.8919766545295715,0.8692358321682934
UBFC_PHYS_s17_T3_ctrl,133,124,137.13333333333333,0.8244475722312927,0.8410400298564534
UBFC_PHYS_s17_T3_ctrl,133,125,137.16666666666666,0.8169794678688049,0.6961860774345904
UBFC_PHYS_s17_T3_ctrl,133,126,137.2,0.8496612310409546,0.47112582283196064
UBFC_PHYS_s17_T3_ctrl,133,127,137.23333333333332,0.8230077624320984,0.21527126146904033
UBFC_PHYS_s17_T3_ctrl,133,128,137.26666666666668,0.7256296277046204,-0.020990668280371903
UBFC_PHYS_s17_T3_ctrl,133,129,137.3,0.669934868812561,-0.197248829327991
UBFC_PHYS_s17_T3_ctrl,133,130,137.33333333333334,0.7519553303718567,-0.29060690335955947
UBFC_PHYS_s17_T3_ctrl,133,131,137.36666666666667,0.9511128664016724,-0.2983882765139124
UBFC_PHYS_s17_T3_ctrl,133,132,137.4,1.1138076782226562,-0.2355964011667872
UBFC_PHYS_s17_T3_ctrl,133,133,137.43333333333334,1.069806694984436,-0.12806128601699998
UBFC_PHYS_s17_T3_ctrl,133,134,137.46666666666667,0.8171433210372925,-0.003791399003290487
UBFC_PHYS_s17_T3_ctrl,133,135,137.5,0.45410865545272827,0.11425537268751146
UBFC_PHYS_s17_T3_ctrl,133,136,137.53333333333333,-0.07265093177556992,0.21179965467006057
UBFC_PHYS_s17_T3_ctrl,133,137,137.56666666666666,-0.7298098802566528,0.2830538495626132
UBFC_PHYS_s17_T3_ctrl,133,138,137.6,-1.067349910736084,0.3280716946900384
UBFC_PHYS_s17_T3_ctrl,133,139,137.63333333333333,-0.6997618675231934,0.3495064684361211
UBFC_PHYS_s17_T3_ctrl,133,140,137.66666666666666,0.09615421295166016,0.3501987000407491
UBFC_PHYS_s17_T3_ctrl,133,141,137.7,0.7852575182914734,0.33211382771457504
UBFC_PHYS_s17_T3_ctrl,133,142,137.73333333333332,1.1804472208023071,0.29639473596871074
UBFC_PHYS_s17_T3_ctrl,133,143,137.76666666666668,1.2462204694747925,0.2439790100731753
UBFC_PHYS_s17_T3_ctrl,133,144,137.8,0.9032841324806213,0.1763218901503693
UBFC_PHYS_s17_T3_ctrl,133,145,137.83333333333334,0.3327810764312744,0.09599673841848773
UBFC_PHYS_s17_T3_ctrl,133,146,137.86666666666667,-0.1290597766637802,0.007071461504571735
UBFC_PHYS_s17_T3_ctrl,133,147,137.9,-0.4282291829586029,-0.08481271360973164
UBFC_PHYS_s17_T3_ctrl,133,148,137.93333333333334,-0.7673611640930176,-0.17270731366849085
UBFC_PHYS_s17_T3_ctrl,133,149,137.96666666666667,-1.239456057548523,-0.24899788959814592
UBFC_PHYS_s17_T3_ctrl,133,150,138.0,-1.700641393661499,-0.30644101306298527
UBFC_PHYS_s17_T3_ctrl,133,151,138.03333333333333,-1.8467847108840942,-0.3394909707585941
UBFC_PHYS_s17_T3_ctrl,133,152,138.06666666666666,-1.479711651802063,-0.3455428719669871
UBFC_PHYS_s17_T3_ctrl,133,153,138.1,-0.7760934829711914,-0.325566925835567
UBFC_PHYS_s17_T3_ctrl,133,154,138.13333333333333,-0.1625492423772812,-0.2838027914633528
UBFC_PHYS_s17_T3_ctrl,133,155,138.16666666666666,0.11476597189903259,-0.22662316019015652
UBFC_PHYS_s17_T3_ctrl,133,156,138.2,0.04833720624446869,-0.161071221980574
UBFC_PHYS_s17_T3_ctrl,133,157,138.23333333333332,-0.3365984559059143,-0.09365982755527348
UBFC_PHYS_s17_T3_ctrl,133,158,138.26666666666668,-0.9201765656471252,-0.02974078657886843
UBFC_PHYS_s17_T3_ctrl,133,159,138.3,-1.405838131904602,0.02660854379827498
UBFC_PHYS_s17_T3_ctrl,133,160,138.33333333333334,-1.5614043474197388,0.07238542156898127
UBFC_PHYS_s17_T3_ctrl,133,161,138.36666666666667,-1.3506934642791748,0.1053057785651298
UBFC_PHYS_s17_T3_ctrl,133,162,138.4,-0.8714699745178223,0.12337294247593546
UBFC_PHYS_s17_T3_ctrl,133,163,138.43333333333334,-0.30409225821495056,0.12446196108500782
UBFC_PHYS_s17_T3_ctrl,133,164,138.46666666666667,0.15621517598628998,0.10610896820118866
UBFC_PHYS_s17_T3_ctrl,133,165,138.5,0.4147781729698181,0.06575975090915519
UBFC_PHYS_s17_T3_ctrl,133,166,138.53333333333333,0.5060577392578125,0.0016348716491567132
UBFC_PHYS_s17_T3_ctrl,133,167,138.56666666666666,0.5322897434234619,-0.08589746678918969
UBFC_PHYS_s17_T3_ctrl,133,168,138.6,0.5617057085037231,-0.19286998093846858
UBFC_PHYS_s17_T3_ctrl,133,169,138.63333333333333,0.5904076099395752,-0.31079598229822075
UBFC_PHYS_s17_T3_ctrl,133,170,138.66666666666666,0.5802940726280212,-0.42679667382582887
UBFC_PHYS_s17_T3_ctrl,133,171,138.7,0.5684480667114258,-0.5249756655080373
UBFC_PHYS_s17_T3_ctrl,133,172,138.73333333333332,0.6744297742843628,-0.5888541726542371
UBFC_PHYS_s17_T3_ctrl,133,173,138.76666666666668,0.9369140863418579,-0.6043746128630977
UBFC_PHYS_s17_T3_ctrl,133,174,138.8,1.229060173034668,-0.5628351296872753
UBFC_PHYS_s17_T3_ctrl,133,175,138.83333333333334,1.4253147840499878,-0.46310630919887336
UBFC_PHYS_s17_T3_ctrl,133,176,138.86666666666667,1.4844040870666504,-0.312575425555896
UBFC_PHYS_s17_T3_ctrl,133,177,138.9,1.3750044107437134,-0.12652080774979707
UBFC_PHYS_s17_T3_ctrl,133,178,138.93333333333334,1.1013765335083008,0.07398606327434472
UBFC_PHYS_s17_T3_ctrl,133,179,138.96666666666667,0.7329338788986206,0.26527441760169773
UBFC_PHYS_s17_T3_ctrl,133,180,139.0,0.25183749198913574,0.42495325732838823
UBFC_PHYS_s17_T3_ctrl,133,181,139.03333333333333,-0.3787148594856262,0.5359757986317022
UBFC_PHYS_s17_T3_ctrl,133,182,139.06666666666666,-0.9006518125534058,0.5900473511041655
UBFC_PHYS_s17_T3_ctrl,133,183,139.1,-1.024894118309021,0.5893181296191917
UBFC_PHYS_s17_T3_ctrl,133,184,139.13333333333333,-0.853209376335144,0.5456377371759241
UBFC_PHYS_s17_T3_ctrl,133,185,139.16666666666666,-0.6700884103775024,0.4774364221967397
UBFC_PHYS_s17_T3_ctrl,133,186,139.2,-0.5676769018173218,0.4051163785411181
UBFC_PHYS_s17_T3_ctrl,133,187,139.23333333333332,-0.5358496308326721,0.3462585510699295
UBFC_PHYS_s17_T3_ctrl,133,188,139.26666666666668,-0.6029222011566162,0.31181562043540617
UBFC_PHYS_s17_T3_ctrl,133,189,139.3,-0.7452260851860046,0.3040461837325531
UBFC_PHYS_s17_T3_ctrl,133,190,139.33333333333334,-0.8955950140953064,0.31655849541707864
UBFC_PHYS_s17_T3_ctrl,133,191,139.36666666666667,-1.0015299320220947,0.33643221992464284
UBFC_PHYS_s17_T3_ctrl,133,192,139.4,-0.9724650979042053,0.3478852748701173
UBFC_PHYS_s17_T3_ctrl,133,193,139.43333333333334,-0.7201060056686401,0.3365499992860456
UBFC_PHYS_s17_T3_ctrl,133,194,139.46666666666667,-0.292574018239975,0.29332043589152607
UBFC_PHYS_s17_T3_ctrl,133,195,139.5,0.1336703598499298,0.2168339210604474
UBFC_PHYS_s17_T3_ctrl,133,196,139.53333333333333,0.35900139808654785,0.11386548574679949
UBFC_PHYS_s17_T3_ctrl,133,197,139.56666666666666,0.31371280550956726,-0.002565698921301895
UBFC_PHYS_s17_T3_ctrl,133,198,139.6,0.13981576263904572,-0.11673211121929396
UBFC_PHYS_s17_T3_ctrl,133,199,139.63333333333333,0.04761146381497383,-0.21410599884898796
UBFC_PHYS_s17_T3_ctrl,133,200,139.66666666666666,0.05910627543926239,-0.2844480215400198
UBFC_PHYS_s17_T3_ctrl,133,201,139.7,0.0691964253783226,-0.32345039309455326
UBFC_PHYS_s17_T3_ctrl,133,202,139.73333333333332,0.06955929100513458,-0.33287160689839196
UBFC_PHYS_s17_T3_ctrl,133,203,139.76666666666668,0.08908408135175705,-0.3194027137973845
UBFC_PHYS_s17_T3_ctrl,133,204,139.8,0.06413964182138443,-0.2925875328153888
UBFC_PHYS_s17_T3_ctrl,133,205,139.83333333333334,-0.03149436414241791,-0.26225098074776393
UBFC_PHYS_s17_T3_ctrl,133,206,139.86666666666667,-0.11778737604618073,-0.2361658460284447
UBFC_PHYS_s17_T3_ctrl,133,207,139.9,-0.15056279301643372,-0.218712997823409
UBFC_PHYS_s17_T3_ctrl,133,208,139.93333333333334,-0.20478270947933197,-0.21078526552886123
UBFC_PHYS_s17_T3_ctrl,133,209,139.96666666666667,-0.3643873333930969,-0.2105668150940098
UBFC_PHYS_s17_T3_ctrl,133,210,140.0,-0.5883254408836365,-0.2146066476297006
UBFC_PHYS_s17_T3_ctrl,133,211,140.03333333333333,-0.7196963429450989,-0.21878680415380886
UBFC_PHYS_s17_T3_ctrl,133,212,140.06666666666666,-0.6406022310256958,-0.21907298423796043
UBFC_PHYS_s17_T3_ctrl,133,213,140.1,-0.3813486099243164,-0.2121117239950988
UBFC_PHYS_s17_T3_ctrl,133,214,140.13333333333333,-0.07892508804798126,-0.19574279218860963
UBFC_PHYS_s17_T3_ctrl,133,215,140.16666666666666,0.16738222539424896,-0.16943054004026284
UBFC_PHYS_s17_T3_ctrl,133,216,140.2,0.35946962237358093,-0.13459511969509508
UBFC_PHYS_s17_T3_ctrl,133,217,140.23333333333332,0.5265072584152222,-0.09481200714564801
UBFC_PHYS_s17_T3_ctrl,133,218,140.26666666666668,0.6818861365318298,-0.0557660273571568
UBFC_PHYS_s17_T3_ctrl,133,219,140.3,0.8582999110221863,-0.02468489923288229
UBFC_PHYS_s17_T3_ctrl,133,220,140.33333333333334,1.0649605989456177,-0.00888969719473926
UBFC_PHYS_s17_T3_ctrl,133,221,140.36666666666667,1.228521704673767,-0.013412532843715633
UBFC_PHYS_s17_T3_ctrl,133,222,140.4,1.2592252492904663,-0.038376245992894145
UBFC_PHYS_s17_T3_ctrl,133,223,140.43333333333334,1.146267056465149,-0.07738611685183977
UBFC_PHYS_s17_T3_ctrl,133,224,140.46666666666667,0.9580308198928833,-0.11795143343565906
UBFC_PHYS_s17_T3_ctrl,133,225,140.5,0.7826237678527832,-0.14404544727503457
UBFC_PHYS_s17_T3_ctrl,133,226,140.53333333333333,0.6581708192825317,-0.1399163397360981
UBFC_PHYS_s17_T3_ctrl,133,227,140.56666666666666,0.5570586323738098,-0.09384169152736094
UBFC_PHYS_s17_T3_ctrl,133,228,140.6,0.4575852155685425,-0.0009136571321033699
UBFC_PHYS_s17_T3_ctrl,133,229,140.63333333333333,0.36849457025527954,0.1353674546147824
UBFC_PHYS_s17_T3_ctrl,133,230,140.66666666666666,0.340740829706192,0.30259817160244845
UBFC_PHYS_s17_T3_ctrl,133,231,140.7,0.4551621675491333,0.4802139520174211
UBFC_PHYS_s17_T3_ctrl,133,232,140.73333333333332,0.6925498843193054,0.6419908517139353
UBFC_PHYS_s17_T3_ctrl,133,233,140.76666666666668,0.8762561678886414,0.7605818572638744
UBFC_PHYS_s17_T3_ctrl,133,234,140.8,0.8729434609413147,0.8132315220524351
UBFC_PHYS_s17_T3_ctrl,133,235,140.83333333333334,0.6894479393959045,0.7867808334846381
UBFC_PHYS_s17_T3_ctrl,133,236,140.86666666666667,0.36948955059051514,0.6801941325032023
UBFC_PHYS_s17_T3_ctrl,133,237,140.9,0.040084823966026306,0.5040113183809428
UBFC_PHYS_s17_T3_ctrl,133,238,140.93333333333334,-0.11148981004953384,0.2775274559624371
UBFC_PHYS_s17_T3_ctrl,133,239,140.96666666666667,-0.06608413904905319,0.025274539680917273
UBFC_PHYS_s17_T3_ctrl,134,0,134.0,-0.6090441942214966,-0.0894106163175936
UBFC_PHYS_s17_T3_ctrl,134,1,134.03333333333333,-0.7721136212348938,0.04676985111232244
UBFC_PHYS_s17_T3_ctrl,134,2,134.06666666666666,-0.9660036563873291,0.1698047916293268
UBFC_PHYS_s17_T3_ctrl,134,3,134.1,-1.0726525783538818,0.26593589911362336
UBFC_PHYS_s17_T3_ctrl,134,4,134.13333333333333,-0.9703229665756226,0.3264705787349023
UBFC_PHYS_s17_T3_ctrl,134,5,134.16666666666666,-0.6861249208450317,0.34970771789315114
UBFC_PHYS_s17_T3_ctrl,134,6,134.2,-0.3729557693004608,0.34183986675778855
UBFC_PHYS_s17_T3_ctrl,134,7,134.23333333333332,-0.1407887041568756,0.31657953159685753
UBFC_PHYS_s17_T3_ctrl,134,8,134.26666666666668,0.016451401636004448,0.2931700538903603
UBFC_PHYS_s17_T3_ctrl,134,9,134.3,0.12966708838939667,0.29243747879506043
UBFC_PHYS_s17_T3_ctrl,134,10,134.33333333333334,0.20314255356788635,0.33116684989305095
UBFC_PHYS_s17_T3_ctrl,134,11,134.36666666666667,0.27003955841064453,0.4161220631022211
UBFC_PHYS_s17_T3_ctrl,134,12,134.4,0.37530717253685,0.5398133469640314
UBFC_PHYS_s17_T3_ctrl,134,13,134.43333333333334,0.5002283453941345,0.6800797240086769
UBFC_PHYS_s17_T3_ctrl,134,14,134.46666666666667,0.5945747494697571,0.8044825457119738
UBFC_PHYS_s17_T3_ctrl,134,15,134.5,0.6393483281135559,0.8787202193025813
UBFC_PHYS_s17_T3_ctrl,134,16,134.53333333333333,0.6128236651420593,0.8764988074832699
UBFC_PHYS_s17_T3_ctrl,134,17,134.56666666666666,0.49515989422798157,0.7873944466722134
UBFC_PHYS_s17_T3_ctrl,134,18,134.6,0.3095690608024597,0.6197817979631841
UBFC_PHYS_s17_T3_ctrl,134,19,134.63333333333333,0.10430124402046204,0.39774430458022236
UBFC_PHYS_s17_T3_ctrl,134,20,134.66666666666666,-0.10342471301555634,0.15326256251371043
UBFC_PHYS_s17_T3_ctrl,134,21,134.7,-0.3319747745990753,-0.08324933091508797
UBFC_PHYS_s17_T3_ctrl,134,22,134.73333333333332,-0.5804007649421692,-0.2906593620891719
UBFC_PHYS_s17_T3_ctrl,134,23,134.76666666666668,-0.7942604422569275,-0.46072904301787043
UBFC_PHYS_s17_T3_ctrl,134,24,134.8,-0.9513249397277832,-0.5970116969855047
UBFC_PHYS_s17_T3_ctrl,134,25,134.83333333333334,-1.1022558212280273,-0.7100695969954494
UBFC_PHYS_s17_T3_ctrl,134,26,134.86666666666667,-1.211093544960022,-0.8109959516475685
UBFC_PHYS_s17_T3_ctrl,134,27,134.9,-1.1233257055282593,-0.9053942236013084
UBFC_PHYS_s17_T3_ctrl,134,28,134.93333333333334,-0.8558197021484375,-0.9895458098418546
UBFC_PHYS_s17_T3_ctrl,134,29,134.96666666666667,-0.8075461983680725,-1.0497383641415738
UBFC_PHYS_s17_T3_ctrl,134,30,135.0,-1.3851194381713867,-1.0648886977463263
UBFC_PHYS_s17_T3_ctrl,134,31,135.03333333333333,-2.3766930103302,-1.0119367121810772
UBFC_PHYS_s17_T3_ctrl,134,32,135.06666666666666,-2.9959611892700195,-0.873062925574872
UBFC_PHYS_s17_T3_ctrl,134,33,135.1,-2.6818673610687256,-0.6433183726850734
UBFC_PHYS_s17_T3_ctrl,134,34,135.13333333333333,-1.513224482536316,-0.33662234435545424
UBFC_PHYS_s17_T3_ctrl,134,35,135.16666666666666,-0.14380872249603271,0.01231294497052994
UBFC_PHYS_s17_T3_ctrl,134,36,135.2,0.6888275146484375,0.35210299135664447
UBFC_PHYS_s17_T3_ctrl,134,37,135.23333333333332,0.8034010529518127,0.6251125940669009
UBFC_PHYS_s17_T3_ctrl,134,38,135.26666666666668,0.562466561794281,0.7818151230427407
UBFC_PHYS_s17_T3_ctrl,134,39,135.3,0.24878233671188354,0.7945127480815606
UBFC_PHYS_s17_T3_ctrl,134,40,135.33333333333334,-0.07258069515228271,0.6654442947187615
UBFC_PHYS_s17_T3_ctrl,134,41,135.36666666666667,-0.23385919630527496,0.4262736170112953
UBFC_PHYS_s17_T3_ctrl,134,42,135.4,-0.06958408653736115,0.12950841469138935
UBFC_PHYS_s17_T3_ctrl,134,43,135.43333333333334,0.3264952003955841,-0.16456522228186096
UBFC_PHYS_s17_T3_ctrl,134,44,135.46666666666667,0.7210761904716492,-0.40103836604271725
UBFC_PHYS_s17_T3_ctrl,134,45,135.5,0.9924449920654297,-0.5403571231691067
UBFC_PHYS_s17_T3_ctrl,134,46,135.53333333333333,1.1399461030960083,-0.5636389456759127
UBFC_PHYS_s17_T3_ctrl,134,47,135.56666666666666,1.1807866096496582,-0.4733311381630764
UBFC_PHYS_s17_T3_ctrl,134,48,135.6,1.1391618251800537,-0.2900297455654206
UBFC_PHYS_s17_T3_ctrl,134,49,135.63333333333333,1.0900806188583374,-0.04658613120233647
UBFC_PHYS_s17_T3_ctrl,134,50,135.66666666666666,1.092117428779602,0.21918843500511703
UBFC_PHYS_s17_T3_ctrl,134,51,135.7,1.1151772737503052,0.47165327405192037
UBFC_PHYS_s17_T3_ctrl,134,52,135.73333333333332,1.1043497323989868,0.6826014944481549
UBFC_PHYS_s17_T3_ctrl,134,53,135.76666666666668,1.0629472732543945,0.8335344958805275
UBFC_PHYS_s17_T3_ctrl,134,54,135.8,1.014498233795166,0.9152400435175403
UBFC_PHYS_s17_T3_ctrl,134,55,135.83333333333334,0.9620692133903503,0.9261401682945133
UBFC_PHYS_s17_T3_ctrl,134,56,135.86666666666667,0.9168859720230103,0.8708074431748961
UBFC_PHYS_s17_T3_ctrl,134,57,135.9,0.8872358798980713,0.7590532603678516
UBFC_PHYS_s17_T3_ctrl,134,58,135.93333333333334,0.849930465221405,0.6050509657245307
UBFC_PHYS_s17_T3_ctrl,134,59,135.96666666666667,0.7956286072731018,0.4258167997058797
UBFC_PHYS_s17_T3_ctrl,134,60,136.0,0.7903494238853455,0.23906399436748935
UBFC_PHYS_s17_T3_ctrl,134,61,136.03333333333333,0.9306048154830933,0.0611004671072041
UBFC_PHYS_s17_T3_ctrl,134,62,136.06666666666666,1.1546248197555542,-0.09467491561639024
UBFC_PHYS_s17_T3_ctrl,134,63,136.1,1.2349597215652466,-0.21863563232117125
UBFC_PHYS_s17_T3_ctrl,134,64,136.13333333333333,1.0605710744857788,-0.3053539970370495
UBFC_PHYS_s17_T3_ctrl,134,65,136.16666666666666,0.8005331754684448,-0.35373950161765727
UBFC_PHYS_s17_T3_ctrl,134,66,136.2,0.6419820785522461,-0.3669328911137351
UBFC_PHYS_s17_T3_ctrl,134,67,136.23333333333332,0.5949376225471497,-0.3519119722686775
UBFC_PHYS_s17_T3_ctrl,134,68,136.26666666666668,0.666540265083313,-0.3186829627428247
UBFC_PHYS_s17_T3_ctrl,134,69,136.3,0.8472732901573181,-0.2789114518724447
UBFC_PHYS_s17_T3_ctrl,134,70,136.33333333333334,0.9389508366584778,-0.24395749439818204
UBFC_PHYS_s17_T3_ctrl,134,71,136.36666666666667,0.8122386932373047,-0.22252920266416312
UBFC_PHYS_s17_T3_ctrl,134,72,136.4,0.5906066298484802,-0.21848263801474008
UBFC_PHYS_s17_T3_ctrl,134,73,136.43333333333334,0.3592238128185272,-0.2295167036938414
UBFC_PHYS_s17_T3_ctrl,134,74,136.46666666666667,0.025078361853957176,-0.24748474034583745
UBFC_PHYS_s17_T3_ctrl,134,75,136.5,-0.4984271228313446,-0.26070809392242617
UBFC_PHYS_s17_T3_ctrl,134,76,136.53333333333333,-1.2457184791564941,-0.25806742003635874
UBFC_PHYS_s17_T3_ctrl,134,77,136.56666666666666,-2.0907859802246094,-0.23388633803269732
UBFC_PHYS_s17_T3_ctrl,134,78,136.6,-2.6956682205200195,-0.19193527836466726
UBFC_PHYS_s17_T3_ctrl,134,79,136.63333333333333,-2.8339922428131104,-0.14657961817262488
UBFC_PHYS_s17_T3_ctrl,134,80,136.66666666666666,-2.585519313812256,-0.1195401646755087
UBFC_PHYS_s17_T3_ctrl,134,81,136.7,-2.076528787612915,-0.13224262743474616
UBFC_PHYS_s17_T3_ctrl,134,82,136.73333333333332,-1.399048924446106,-0.19600777126713398
UBFC_PHYS_s17_T3_ctrl,134,83,136.76666666666668,-0.7512894868850708,-0.3041049210009748
UBFC_PHYS_s17_T3_ctrl,134,84,136.8,-0.2760692536830902,-0.4296750265355607
UBFC_PHYS_s17_T3_ctrl,134,85,136.83333333333334,0.0780106708407402,-0.5314591647498063
UBFC_PHYS_s17_T3_ctrl,134,86,136.86666666666667,0.34676915407180786,-0.5659806697224969
UBFC_PHYS_s17_T3_ctrl,134,87,136.9,0.4960026741027832,-0.5019949970433047
UBFC_PHYS_s17_T3_ctrl,134,88,136.93333333333334,0.5571990609169006,-0.3320531346871515
UBFC_PHYS_s17_T3_ctrl,134,89,136.96666666666667,0.6247984170913696,-0.07706500817170332
UBFC_PHYS_s17_T3_ctrl,134,90,137.0,0.7438200116157532,0.2178594787681504
UBFC_PHYS_s17_T3_ctrl,134,91,137.03333333333333,0.8714568614959717,0.49507232840733384
UBFC_PHYS_s17_T3_ctrl,134,92,137.06666666666666,0.9303004741668701,0.6997671503166215
UBFC_PHYS_s17_T3_ctrl,134,93,137.1,0.8919766545295715,0.7941385313395058
UBFC_PHYS_s17_T3_ctrl,134,94,137.13333333333333,0.8244475722312927,0.7661448299973115
UBFC_PHYS_s17_T3_ctrl,134,95,137.16666666666666,0.8169794678688049,0.630817592444326
UBFC_PHYS_s17_T3_ctrl,134,96,137.2,0.8496612310409546,0.42451107709753266
UBFC_PHYS_s17_T3_ctrl,134,97,137.23333333333332,0.8230077624320984,0.19444829921953588
UBFC_PHYS_s17_T3_ctrl,134,98,137.26666666666668,0.7256296277046204,-0.013093759348034726
UBFC_PHYS_s17_T3_ctrl,134,99,137.3,0.669934868812561,-0.16277068034811776
UBFC_PHYS_s17_T3_ctrl,134,100,137.33333333333334,0.7519553303718567,-0.23619856632607833
UBFC_PHYS_s17_T3_ctrl,134,101,137.36666666666667,0.9511128664016724,-0.23323001057830595
UBFC_PHYS_s17_T3_ctrl,134,102,137.4,1.1138076782226562,-0.16880600383150945
UBFC_PHYS_s17_T3_ctrl,134,103,137.43333333333334,1.069806694984436,-0.06667182701556142
UBFC_PHYS_s17_T3_ctrl,134,104,137.46666666666667,0.8171433210372925,0.04791959103904005
UBFC_PHYS_s17_T3_ctrl,134,105,137.5,0.45410865545272827,0.15420319590439882
UBFC_PHYS_s17_T3_ctrl,134,106,137.53333333333333,-0.07265093177556992,0.2390922888372297
UBFC_PHYS_s17_T3_ctrl,134,107,137.56666666666666,-0.7298098802566528,0.2973464804115452
UBFC_PHYS_s17_T3_ctrl,134,108,137.6,-1.067349910736084,0.32951924942187794
UBFC_PHYS_s17_T3_ctrl,134,109,137.63333333333333,-0.6997618675231934,0.33899322851300623
UBFC_PHYS_s17_T3_ctrl,134,110,137.66666666666666,0.09615421295166016,0.3294361399999518
UBFC_PHYS_s17_T3_ctrl,134,111,137.7,0.7852575182914734,0.3035559357177467
UBFC_PHYS_s17_T3_ctrl,134,112,137.73333333333332,1.1804472208023071,0.2632382894451398
UBFC_PHYS_s17_T3_ctrl,134,113,137.76666666666668,1.2462204694747925,0.2104373561603067
UBFC_PHYS_s17_T3_ctrl,134,114,137.8,0.9032841324806213,0.14796346517113212
UBFC_PHYS_s17_T3_ctrl,134,115,137.83333333333334,0.3327810764312744,0.07964419437048198
UBFC_PHYS_s17_T3_ctrl,134,116,137.86666666666667,-0.1290597766637802,0.009942512392058601
UBFC_PHYS_s17_T3_ctrl,134,117,137.9,-0.4282291829586029,-0.056552763317672027
UBFC_PHYS_s17_T3_ctrl,134,118,137.93333333333334,-0.7673611640930176,-0.1155504711983927
UBFC_PHYS_s17_T3_ctrl,134,119,137.96666666666667,-1.239456057548523,-0.16344920113190398
UBFC_PHYS_s17_T3_ctrl,134,120,138.0,-1.700641393661499,-0.19765903570245616
UBFC_PHYS_s17_T3_ctrl,134,121,138.03333333333333,-1.8467847108840942,-0.2167006523126731
UBFC_PHYS_s17_T3_ctrl,134,122,138.06666666666666,-1.479711651802063,-0.22015579567207075
UBFC_PHYS_s17_T3_ctrl,134,123,138.1,-0.7760934829711914,-0.2087246925309813
UBFC_PHYS_s17_T3_ctrl,134,124,138.13333333333333,-0.1625492423772812,-0.18440254640284442
UBFC_PHYS_s17_T3_ctrl,134,125,138.16666666666666,0.11476597189903259,-0.15049322199799983
UBFC_PHYS_s17_T3_ctrl,134,126,138.2,0.04833720624446869,-0.11128126203258404
UBFC_PHYS_s17_T3_ctrl,134,127,138.23333333333332,-0.3365984559059143,-0.07148935385443941
UBFC_PHYS_s17_T3_ctrl,134,128,138.26666666666668,-0.9201765656471252,-0.03577324205272382
UBFC_PHYS_s17_T3_ctrl,134,129,138.3,-1.405838131904602,-0.008406789204608398
UBFC_PHYS_s17_T3_ctrl,134,130,138.33333333333334,-1.5614043474197388,0.0068540730124734255
UBFC_PHYS_s17_T3_ctrl,134,131,138.36666666666667,-1.3506934642791748,0.0068277653507250674
UBFC_PHYS_s17_T3_ctrl,134,132,138.4,-0.8714699745178223,-0.011040737546021145
UBFC_PHYS_s17_T3_ctrl,134,133,138.43333333333334,-0.30409225821495056,-0.04858535002852162
UBFC_PHYS_s17_T3_ctrl,134,134,138.46666666666667,0.15621517598628998,-0.10667951768228809
UBFC_PHYS_s17_T3_ctrl,134,135,138.5,0.4147781729698181,-0.18468672822921206
UBFC_PHYS_s17_T3_ctrl,134,136,138.53333333333333,0.5060577392578125,-0.2795035862084122
UBFC_PHYS_s17_T3_ctrl,134,137,138.56666666666666,0.5322897434234619,-0.38435668434091597
UBFC_PHYS_s17_T3_ctrl,134,138,138.6,0.5617057085037231,-0.48788059244777676
UBFC_PHYS_s17_T3_ctrl,134,139,138.63333333333333,0.5904076099395752,-0.5742439217584313
UBFC_PHYS_s17_T3_ctrl,134,140,138.66666666666666,0.5802940726280212,-0.6249834629237181
UBFC_PHYS_s17_T3_ctrl,134,141,138.7,0.5684480667114258,-0.6227194822816968
UBFC_PHYS_s17_T3_ctrl,134,142,138.73333333333332,0.6744297742843628,-0.5561710542760211
UBFC_PHYS_s17_T3_ctrl,134,143,138.76666666666668,0.9369140863418579,-0.4250508697225053
UBFC_PHYS_s17_T3_ctrl,134,144,138.8,1.229060173034668,-0.24282543637692883
UBFC_PHYS_s17_T3_ctrl,134,145,138.83333333333334,1.4253147840499878,-0.03546510973595033
UBFC_PHYS_s17_T3_ctrl,134,146,138.86666666666667,1.4844040870666504,0.1644808945295802
UBFC_PHYS_s17_T3_ctrl,134,147,138.9,1.3750044107437134,0.3269809397046776
UBFC_PHYS_s17_T3_ctrl,134,148,138.93333333333334,1.1013765335083008,0.43313406634345564
UBFC_PHYS_s17_T3_ctrl,134,149,138.96666666666667,0.7329338788986206,0.47939682697791247
UBFC_PHYS_s17_T3_ctrl,134,150,139.0,0.25183749198913574,0.4759536139699103
UBFC_PHYS_s17_T3_ctrl,134,151,139.03333333333333,-0.3787148594856262,0.4408975301736249
UBFC_PHYS_s17_T3_ctrl,134,152,139.06666666666666,-0.9006518125534058,0.3933690672634995
UBFC_PHYS_s17_T3_ctrl,134,153,139.1,-1.024894118309021,0.34836853513903804
UBFC_PHYS_s17_T3_ctrl,134,154,139.13333333333333,-0.853209376335144,0.31457444136048435
UBFC_PHYS_s17_T3_ctrl,134,155,139.16666666666666,-0.6700884103775024,0.29501113433004644
UBFC_PHYS_s17_T3_ctrl,134,156,139.2,-0.5676769018173218,0.2893641619680402
UBFC_PHYS_s17_T3_ctrl,134,157,139.23333333333332,-0.5358496308326721,0.29638165391294796
UBFC_PHYS_s17_T3_ctrl,134,158,139.26666666666668,-0.6029222011566162,0.3150901579708677
UBFC_PHYS_s17_T3_ctrl,134,159,139.3,-0.7452260851860046,0.3442879434806554
UBFC_PHYS_s17_T3_ctrl,134,160,139.33333333333334,-0.8955950140953064,0.38069531413024155
UBFC_PHYS_s17_T3_ctrl,134,161,139.36666666666667,-1.0015299320220947,0.41701398004870227
UBFC_PHYS_s17_T3_ctrl,134,162,139.4,-0.9724650979042053,0.44160392554245864
UBFC_PHYS_s17_T3_ctrl,134,163,139.43333333333334,-0.7201060056686401,0.44090913082438415
UBFC_PHYS_s17_T3_ctrl,134,164,139.46666666666667,-0.292574018239975,0.404098209887228
UBFC_PHYS_s17_T3_ctrl,134,165,139.5,0.1336703598499298,0.3277637717895717
UBFC_PHYS_s17_T3_ctrl,134,166,139.53333333333333,0.35900139808654785,0.21819346989098318
UBFC_PHYS_s17_T3_ctrl,134,167,139.56666666666666,0.31371280550956726,0.08991329987442584
UBFC_PHYS_s17_T3_ctrl,134,168,139.6,0.13981576263904572,-0.03882097023338298
UBFC_PHYS_s17_T3_ctrl,134,169,139.63333333333333,0.04761146381497383,-0.15143052324158604
UBFC_PHYS_s17_T3_ctrl,134,170,139.66666666666666,0.05910627543926239,-0.2370850606632252
UBFC_PHYS_s17_T3_ctrl,134,171,139.7,0.0691964253783226,-0.2922510797210151
UBFC_PHYS_s17_T3_ctrl,134,172,139.73333333333332,0.06955929100513458,-0.3198211049873815
UBFC_PHYS_s17_T3_ctrl,134,173,139.76666666666668,0.08908408135175705,-0.32674967211284084
UBFC_PHYS_s17_T3_ctrl,134,174,139.8,0.06413964182138443,-0.3212414736541075
UBFC_PHYS_s17_T3_ctrl,134,175,139.83333333333334,-0.03149436414241791,-0.3103282967520258
UBFC_PHYS_s17_T3_ctrl,134,176,139.86666666666667,-0.11778737604618073,-0.2985036155744725
UBFC_PHYS_s17_T3_ctrl,134,177,139.9,-0.15056279301643372,-0.28775433031827224
UBFC_PHYS_s17_T3_ctrl,134,178,139.93333333333334,-0.20478270947933197,-0.27865838694727246
UBFC_PHYS_s17_T3_ctrl,134,179,139.96666666666667,-0.3643873333930969,-0.27165079027171796
UBFC_PHYS_s17_T3_ctrl,134,180,140.0,-0.5883254408836365,-0.26760069580150625
UBFC_PHYS_s17_T3_ctrl,134,181,140.03333333333333,-0.7196963429450989,-0.26743522085273386
UBFC_PHYS_s17_T3_ctrl,134,182,140.06666666666666,-0.6406022310256958,-0.2712563540743135
UBFC_PHYS_s17_T3_ctrl,134,183,140.1,-0.3813486099243164,-0.2777249736637412
UBFC_PHYS_s17_T3_ctrl,134,184,140.13333333333333,-0.07892508804798126,-0.2842231397122162
UBFC_PHYS_s17_T3_ctrl,134,185,140.16666666666666,0.16738222539424896,-0.28778384320595285
UBFC_PHYS_s17_T3_ctrl,134,186,140.2,0.35946962237358093,-0.2864192858781977
UBFC_PHYS_s17_T3_ctrl,134,187,140.23333333333332,0.5265072584152222,-0.2803324543300443
UBFC_PHYS_s17_T3_ctrl,134,188,140.26666666666668,0.6818861365318298,-0.272452523166287
UBFC_PHYS_s17_T3_ctrl,134,189,140.3,0.8582999110221863,-0.2678025164532607
UBFC_PHYS_s17_T3_ctrl,134,190,140.33333333333334,1.0649605989456177,-0.2714900289472404
UBFC_PHYS_s17_T3_ctrl,134,191,140.36666666666667,1.228521704673767,-0.2857128930587392
UBFC_PHYS_s17_T3_ctrl,134,192,140.4,1.2592252492904663,-0.30693282857825627
UBFC_PHYS_s17_T3_ctrl,134,193,140.43333333333334,1.146267056465149,-0.32471098422312317
UBFC_PHYS_s17_T3_ctrl,134,194,140.46666666666667,0.9580308198928833,-0.32318320578646853
UBFC_PHYS_s17_T3_ctrl,134,195,140.5,0.7826237678527832,-0.28502495745514794
UBFC_PHYS_s17_T3_ctrl,134,196,140.53333333333333,0.6581708192825317,-0.19664712292792194
UBFC_PHYS_s17_T3_ctrl,134,197,140.56666666666666,0.5570586323738098,-0.05285822439549776
UBFC_PHYS_s17_T3_ctrl,134,198,140.6,0.4575852155685425,0.1404465443428277
UBFC_PHYS_s17_T3_ctrl,134,199,140.63333333333333,0.36849457025527954,0.3661712749126252
UBFC_PHYS_s17_T3_ctrl,134,200,140.66666666666666,0.340740829706192,0.598275469863638
UBFC_PHYS_s17_T3_ctrl,134,201,140.7,0.4551621675491333,0.8058122167972717
UBFC_PHYS_s17_T3_ctrl,134,202,140.73333333333332,0.6925498843193054,0.9582002794132666
UBFC_PHYS_s17_T3_ctrl,134,203,140.76666666666668,0.8762561678886414,1.0311760644878198
UBFC_PHYS_s17_T3_ctrl,134,204,140.8,0.8729434609413147,1.0124615926679679
UBFC_PHYS_s17_T3_ctrl,134,205,140.83333333333334,0.6894479393959045,0.9056463699299341
UBFC_PHYS_s17_T3_ctrl,134,206,140.86666666666667,0.36948955059051514,0.7306814457279444
UBFC_PHYS_s17_T3_ctrl,134,207,140.9,0.040084823966026306,0.5200922284288629
UBFC_PHYS_s17_T3_ctrl,134,208,140.93333333333334,-0.11148981004953384,0.311454360078938
UBFC_PHYS_s17_T3_ctrl,134,209,140.96666666666667,-0.06608413904905319,0.13821430357815728
UBFC_PHYS_s17_T3_ctrl,134,210,141.0,0.0009298964287154377,0.021763010236036173
UBFC_PHYS_s17_T3_ctrl,134,211,141.03333333333333,-0.040847063064575195,-0.03274368951898281
UBFC_PHYS_s17_T3_ctrl,134,212,141.06666666666666,-0.17190194129943848,-0.03584627775396323
UBFC_PHYS_s17_T3_ctrl,134,213,141.1,-0.35371190309524536,-0.009206671016724838
UBFC_PHYS_s17_T3_ctrl,134,214,141.13333333333333,-0.5793941020965576,0.021389037269688875
UBFC_PHYS_s17_T3_ctrl,134,215,141.16666666666666,-0.85322105884552,0.03348385268012535
UBFC_PHYS_s17_T3_ctrl,134,216,141.2,-1.1786693334579468,0.013767731078256169
UBFC_PHYS_s17_T3_ctrl,134,217,141.23333333333332,-1.5627154111862183,-0.039453120840712015
UBFC_PHYS_s17_T3_ctrl,134,218,141.26666666666668,-1.9611592292785645,-0.11771032195818784
UBFC_PHYS_s17_T3_ctrl,134,219,141.3,-2.1835989952087402,-0.2068886200616897
UBFC_PHYS_s17_T3_ctrl,134,220,141.33333333333334,-2.0509872436523438,-0.29290821808957446
UBFC_PHYS_s17_T3_ctrl,134,221,141.36666666666667,-1.6366004943847656,-0.36642872150764944
UBFC_PHYS_s17_T3_ctrl,134,222,141.4,-1.1722781658172607,-0.42496715379988775
UBFC_PHYS_s17_T3_ctrl,134,223,141.43333333333334,-0.8089976906776428,-0.4718553495673258
UBFC_PHYS_s17_T3_ctrl,134,224,141.46666666666667,-0.6233834028244019,-0.5125914230223446
UBFC_PHYS_s17_T3_ctrl,134,225,141.5,-0.6390687823295593,-0.5500572085155162
UBFC_PHYS_s17_T3_ctrl,134,226,141.53333333333333,-0.7264621257781982,-0.5805573270387641
UBFC_PHYS_s17_T3_ctrl,134,227,141.56666666666666,-0.69511479139328,-0.592527682486284
UBFC_PHYS_s17_T3_ctrl,134,228,141.6,-0.5151776671409607,-0.5689863584967622
UBFC_PHYS_s17_T3_ctrl,134,229,141.63333333333333,-0.3197893500328064,-0.49341137719821687
UBFC_PHYS_s17_T3_ctrl,134,230,141.66666666666666,-0.255888968706131,-0.3571291510394071
UBFC_PHYS_s17_T3_ctrl,134,231,141.7,-0.3489009439945221,-0.16533725755589135
UBFC_PHYS_s17_T3_ctrl,134,232,141.73333333333332,-0.5171676278114319,0.060805635948780586
UBFC_PHYS_s17_T3_ctrl,134,233,141.76666666666668,-0.6719729900360107,0.28723752255239227
UBFC_PHYS_s17_T3_ctrl,134,234,141.8,-0.7514065504074097,0.4746458973859335
UBFC_PHYS_s17_T3_ctrl,134,235,141.83333333333334,-0.7468180060386658,0.5884638448203502
UBFC_PHYS_s17_T3_ctrl,134,236,141.86666666666667,-0.7503530979156494,0.6078870248364556
UBFC_PHYS_s17_T3_ctrl,134,237,141.9,-0.8663078546524048,0.5309563175540918
UBFC_PHYS_s17_T3_ctrl,134,238,141.93333333333334,-1.0189008712768555,0.37462201601374834
UBFC_PHYS_s17_T3_ctrl,134,239,141.96666666666667,-0.9804365634918213,0.17064253298779564
UBFC_PHYS_s17_T3_ctrl,135,0,135.0,-1.3851194381713867,-0.03577281073869725
UBFC_PHYS_s17_T3_ctrl,135,1,135.03333333333333,-2.3766930103302,0.07100191105458452
UBFC_PHYS_s17_T3_ctrl,135,2,135.06666666666666,-2.9959611892700195,0.18985939696316767
UBFC_PHYS_s17_T3_ctrl,135,3,135.1,-2.6818673610687256,0.32758432184908803
UBFC_PHYS_s17_T3_ctrl,135,4,135.13333333333333,-1.513224482536316,0.47969899480575795
UBFC_PHYS_s17_T3_ctrl,135,5,135.16666666666666,-0.14380872249603271,0.6296832566374984
UBFC_PHYS_s17_T3_ctrl,135,6,135.2,0.6888275146484375,0.7521268790482422
UBFC_PHYS_s17_T3_ctrl,135,7,135.23333333333332,0.8034010529518127,0.8192151076713343
UBFC_PHYS_s17_T3_ctrl,135,8,135.26666666666668,0.562466561794281,0.8088673186406257
UBFC_PHYS_s17_T3_ctrl,135,9,135.3,0.24878233671188354,0.7118853484768648
UBFC_PHYS_s17_T3_ctrl,135,10,135.33333333333334,-0.07258069515228271,0.5354055276805151
UBFC_PHYS_s17_T3_ctrl,135,11,135.36666666666667,-0.23385919630527496,0.3013216463689112
UBFC_PHYS_s17_T3_ctrl,135,12,135.4,-0.06958408653736115,0.0407309756288749
UBFC_PHYS_s17_T3_ctrl,135,13,135.43333333333334,0.3264952003955841,-0.21289396849905529
UBFC_PHYS_s17_T3_ctrl,135,14,135.46666666666667,0.7210761904716492,-0.4294340511652762
UBFC_PHYS_s17_T3_ctrl,135,15,135.5,0.9924449920654297,-0.5857931959026756
UBFC_PHYS_s17_T3_ctrl,135,16,135.53333333333333,1.1399461030960083,-0.6675982561322076
UBFC_PHYS_s17_T3_ctrl,135,17,135.56666666666666,1.1807866096496582,-0.669443539205226
UBFC_PHYS_s17_T3_ctrl,135,18,135.6,1.1391618251800537,-0.5943235185145802
UBFC_PHYS_s17_T3_ctrl,135,19,135.63333333333333,1.0900806188583374,-0.452784091193496
UBFC_PHYS_s17_T3_ctrl,135,20,135.66666666666666,1.092117428779602,-0.2619647459397121
UBFC_PHYS_s17_T3_ctrl,135,21,135.7,1.1151772737503052,-0.04431567528985031
UBFC_PHYS_s17_T3_ctrl,135,22,135.73333333333332,1.1043497323989868,0.17438978351220552
UBFC_PHYS_s17_T3_ctrl,135,23,135.76666666666668,1.0629472732543945,0.36796435497043134
UBFC_PHYS_s17_T3_ctrl,135,24,135.8,1.014498233795166,0.5134472242802341
UBFC_PHYS_s17_T3_ctrl,135,25,135.83333333333334,0.9620692133903503,0.5948646292452637
UBFC_PHYS_s17_T3_ctrl,135,26,135.86666666666667,0.9168859720230103,0.6062476964670273
UBFC_PHYS_s17_T3_ctrl,135,27,135.9,0.8872358798980713,0.5529186739201237
UBFC_PHYS_s17_T3_ctrl,135,28,135.93333333333334,0.849930465221405,0.45014644409557725
UBFC_PHYS_s17_T3_ctrl,135,29,135.96666666666667,0.7956286072731018,0.3190678193129566
UBFC_PHYS_s17_T3_ctrl,135,30,136.0,0.7903494238853455,0.18124498745018594
UBFC_PHYS_s17_T3_ctrl,135,31,136.03333333333333,0.9306048154830933,0.05411522562355757
UBFC_PHYS_s17_T3_ctrl,135,32,136.06666666666666,1.1546248197555542,-0.05110409502347164
UBFC_PHYS_s17_T3_ctrl,135,33,136.1,1.2349597215652466,-0.12904337279356784
UBFC_PHYS_s17_T3_ctrl,135,34,136.13333333333333,1.0605710744857788,-0.1784603142623857
UBFC_PHYS_s17_T3_ctrl,135,35,136.16666666666666,0.8005331754684448,-0.20051648604314304
UBFC_PHYS_s17_T3_ctrl,135,36,136.2,0.6419820785522461,-0.19789568859529946
UBFC_PHYS_s17_T3_ctrl,135,37,136.23333333333332,0.5949376225471497,-0.17483213256696187
UBFC_PHYS_s17_T3_ctrl,135,38,136.26666666666668,0.666540265083313,-0.13751756662517403
UBFC_PHYS_s17_T3_ctrl,135,39,136.3,0.8472732901573181,-0.094153846339125
UBFC_PHYS_s17_T3_ctrl,135,40,136.33333333333334,0.9389508366584778,-0.05411396123197326
UBFC_PHYS_s17_T3_ctrl,135,41,136.36666666666667,0.8122386932373047,-0.026150233285070507
UBFC_PHYS_s17_T3_ctrl,135,42,136.4,0.5906066298484802,-0.01613436099367888
UBFC_PHYS_s17_T3_ctrl,135,43,136.43333333333334,0.3592238128185272,-0.02518295427583925
UBFC_PHYS_s17_T3_ctrl,135,44,136.46666666666667,0.025078361853957176,-0.0490452237909599
UBFC_PHYS_s17_T3_ctrl,135,45,136.5,-0.4984271228313446,-0.07931183559606568
UBFC_PHYS_s17_T3_ctrl,135,46,136.53333333333333,-1.2457184791564941,-0.1064380216201671
UBFC_PHYS_s17_T3_ctrl,135,47,136.56666666666666,-2.0907859802246094,-0.12384514732450212
UBFC_PHYS_s17_T3_ctrl,135,48,136.6,-2.6956682205200195,-0.13164468257002565
UBFC_PHYS_s17_T3_ctrl,135,49,136.63333333333333,-2.8339922428131104,-0.13813882306298064
UBFC_PHYS_s17_T3_ctrl,135,50,136.66666666666666,-2.585519313812256,-0.15758531528994899
UBFC_PHYS_s17_T3_ctrl,135,51,136.7,-2.076528787612915,-0.20407510536300255
UBFC_PHYS_s17_T3_ctrl,135,52,136.73333333333332,-1.399048924446106,-0.2834698892898505
UBFC_PHYS_s17_T3_ctrl,135,53,136.76666666666668,-0.7512894868850708,-0.3869926212122411
UBFC_PHYS_s17_T3_ctrl,135,54,136.8,-0.2760692536830902,-0.49004954197049594
UBFC_PHYS_s17_T3_ctrl,135,55,136.83333333333334,0.0780106708407402,-0.5579084866908494
UBFC_PHYS_s17_T3_ctrl,135,56,136.86666666666667,0.34676915407180786,-0.5567525646212841
UBFC_PHYS_s17_T3_ctrl,135,57,136.9,0.4960026741027832,-0.46601254945774434
UBFC_PHYS_s17_T3_ctrl,135,58,136.93333333333334,0.5571990609169006,-0.2871704558208355
UBFC_PHYS_s17_T3_ctrl,135,59,136.96666666666667,0.6247984170913696,-0.04558965625119289
UBFC_PHYS_s17_T3_ctrl,135,60,137.0,0.7438200116157532,0.2154032707610178
UBFC_PHYS_s17_T3_ctrl,135,61,137.03333333333333,0.8714568614959717,0.4461159828618235
UBFC_PHYS_s17_T3_ctrl,135,62,137.06666666666666,0.9303004741668701,0.6037789479800854
UBFC_PHYS_s17_T3_ctrl,135,63,137.1,0.8919766545295715,0.6632455815401753
UBFC_PHYS_s17_T3_ctrl,135,64,137.13333333333333,0.8244475722312927,0.6221527335676171
UBFC_PHYS_s17_T3_ctrl,135,65,137.16666666666666,0.8169794678688049,0.4996927806221818
UBFC_PHYS_s17_T3_ctrl,135,66,137.2,0.8496612310409546,0.33004592802742444
UBFC_PHYS_s17_T3_ctrl,135,67,137.23333333333332,0.8230077624320984,0.15278046067477474
UBFC_PHYS_s17_T3_ctrl,135,68,137.26666666666668,0.7256296277046204,0.003052389910134126
UBFC_PHYS_s17_T3_ctrl,135,69,137.3,0.669934868812561,-0.09585504115224641
UBFC_PHYS_s17_T3_ctrl,135,70,137.33333333333334,0.7519553303718567,-0.1360929665406877
UBFC_PHYS_s17_T3_ctrl,135,71,137.36666666666667,0.9511128664016724,-0.12451858769987219
UBFC_PHYS_s17_T3_ctrl,135,72,137.4,1.1138076782226562,-0.07824374750198752
UBFC_PHYS_s17_T3_ctrl,135,73,137.43333333333334,1.069806694984436,-0.017887256286272024
UBFC_PHYS_s17_T3_ctrl,135,74,137.46666666666667,0.8171433210372925,0.039245318725743654
UBFC_PHYS_s17_T3_ctrl,135,75,137.5,0.45410865545272827,0.08367376592607528
UBFC_PHYS_s17_T3_ctrl,135,76,137.53333333333333,-0.07265093177556992,0.11451772718576754
UBFC_PHYS_s17_T3_ctrl,135,77,137.56666666666666,-0.7298098802566528,0.13678350728031288
UBFC_PHYS_s17_T3_ctrl,135,78,137.6,-1.067349910736084,0.15693662875213166
UBFC_PHYS_s17_T3_ctrl,135,79,137.63333333333333,-0.6997618675231934,0.17904060303394811
UBFC_PHYS_s17_T3_ctrl,135,80,137.66666666666666,0.09615421295166016,0.20296555053916818
UBFC_PHYS_s17_T3_ctrl,135,81,137.7,0.7852575182914734,0.22480290377461457
UBFC_PHYS_s17_T3_ctrl,135,82,137.73333333333332,1.1804472208023071,0.23861693710370527
UBFC_PHYS_s17_T3_ctrl,135,83,137.76666666666668,1.2462204694747925,0.23846105312306176
UBFC_PHYS_s17_T3_ctrl,135,84,137.8,0.9032841324806213,0.22002837326161045
UBFC_PHYS_s17_T3_ctrl,135,85,137.83333333333334,0.3327810764312744,0.18177884129332603
UBFC_PHYS_s17_T3_ctrl,135,86,137.86666666666667,-0.1290597766637802,0.12545711954017574
UBFC_PHYS_s17_T3_ctrl,135,87,137.9,-0.4282291829586029,0.05587144974913585
UBFC_PHYS_s17_T3_ctrl,135,88,137.93333333333334,-0.7673611640930176,-0.019984785886342435
UBFC_PHYS_s17_T3_ctrl,135,89,137.96666666666667,-1.239456057548523,-0.09412420221539158
UBFC_PHYS_s17_T3_ctrl,135,90,138.0,-1.700641393661499,-0.1587290340505775
UBFC_PHYS_s17_T3_ctrl,135,91,138.03333333333333,-1.8467847108840942,-0.20713381638326986
UBFC_PHYS_s17_T3_ctrl,135,92,138.06666666666666,-1.479711651802063,-0.2346081337323796
UBFC_PHYS_s17_T3_ctrl,135,93,138.1,-0.7760934829711914,-0.23893033756052315
UBFC_PHYS_s17_T3_ctrl,135,94,138.13333333333333,-0.1625492423772812,-0.2206899435837642
UBFC_PHYS_s17_T3_ctrl,135,95,138.16666666666666,0.11476597189903259,-0.18324796451388703
UBFC_PHYS_s17_T3_ctrl,135,96,138.2,0.04833720624446869,-0.13236008581521294
UBFC_PHYS_s17_T3_ctrl,135,97,138.23333333333332,-0.3365984559059143,-0.07551471167685374
UBFC_PHYS_s17_T3_ctrl,135,98,138.26666666666668,-0.9201765656471252,-0.020988858878719287
UBFC_PHYS_s17_T3_ctrl,135,99,138.3,-1.405838131904602,0.023366834872107282
UBFC_PHYS_s17_T3_ctrl,135,100,138.33333333333334,-1.5614043474197388,0.05141898443071236
UBFC_PHYS_s17_T3_ctrl,135,101,138.36666666666667,-1.3506934642791748,0.05972473151331453
UBFC_PHYS_s17_T3_ctrl,135,102,138.4,-0.8714699745178223,0.04780332534703964
UBFC_PHYS_s17_T3_ctrl,135,103,138.43333333333334,-0.30409225821495056,0.017574244118737033
UBFC_PHYS_s17_T3_ctrl,135,104,138.46666666666667,0.15621517598628998,-0.027796824646313667
UBFC_PHYS_s17_T3_ctrl,135,105,138.5,0.4147781729698181,-0.08510176335656176
UBFC_PHYS_s17_T3_ctrl,135,106,138.53333333333333,0.5060577392578125,-0.151741547341553
UBFC_PHYS_s17_T3_ctrl,135,107,138.56666666666666,0.5322897434234619,-0.22546125093532393
UBFC_PHYS_s17_T3_ctrl,135,108,138.6,0.5617057085037231,-0.30325908754190856
UBFC_PHYS_s17_T3_ctrl,135,109,138.63333333333333,0.5904076099395752,-0.3800312434910362
UBFC_PHYS_s17_T3_ctrl,135,110,138.66666666666666,0.5802940726280212,-0.44777078669287396
UBFC_PHYS_s17_T3_ctrl,135,111,138.7,0.5684480667114258,-0.4960239992039241
UBFC_PHYS_s17_T3_ctrl,135,112,138.73333333333332,0.6744297742843628,-0.5138143039761207
UBFC_PHYS_s17_T3_ctrl,135,113,138.76666666666668,0.9369140863418579,-0.49255378403733713
UBFC_PHYS_s17_T3_ctrl,135,114,138.8,1.229060173034668,-0.428875922498193
UBFC_PHYS_s17_T3_ctrl,135,115,138.83333333333334,1.4253147840499878,-0.3261500566432889
UBFC_PHYS_s17_T3_ctrl,135,116,138.86666666666667,1.4844040870666504,-0.19387946477795912
UBFC_PHYS_s17_T3_ctrl,135,117,138.9,1.3750044107437134,-0.04522688588977798
UBFC_PHYS_s17_T3_ctrl,135,118,138.93333333333334,1.1013765335083008,0.10595927302272311
UBFC_PHYS_s17_T3_ctrl,135,119,138.96666666666667,0.7329338788986206,0.24712397725820276
UBFC_PHYS_s17_T3_ctrl,135,120,139.0,0.25183749198913574,0.3677308550730345
UBFC_PHYS_s17_T3_ctrl,135,121,139.03333333333333,-0.3787148594856262,0.4596182636266873
UBFC_PHYS_s17_T3_ctrl,135,122,139.06666666666666,-0.9006518125534058,0.5176357800972986
UBFC_PHYS_s17_T3_ctrl,135,123,139.1,-1.024894118309021,0.5403490012439198
UBFC_PHYS_s17_T3_ctrl,135,124,139.13333333333333,-0.853209376335144,0.5303278927006481
UBFC_PHYS_s17_T3_ctrl,135,125,139.16666666666666,-0.6700884103775024,0.49377790943757555
UBFC_PHYS_s17_T3_ctrl,135,126,139.2,-0.5676769018173218,0.43947295721415713
UBFC_PHYS_s17_T3_ctrl,135,127,139.23333333333332,-0.5358496308326721,0.3770595817226608
UBFC_PHYS_s17_T3_ctrl,135,128,139.26666666666668,-0.6029222011566162,0.314996891148892
UBFC_PHYS_s17_T3_ctrl,135,129,139.3,-0.7452260851860046,0.25866785376946494
UBFC_PHYS_s17_T3_ctrl,135,130,139.33333333333334,-0.8955950140953064,0.20936538801105775
UBFC_PHYS_s17_T3_ctrl,135,131,139.36666666666667,-1.0015299320220947,0.16466794826306838
UBFC_PHYS_s17_T3_ctrl,135,132,139.4,-0.9724650979042053,0.12014580159507898
UBFC_PHYS_s17_T3_ctrl,135,133,139.43333333333334,-0.7201060056686401,0.07179696480382136
UBFC_PHYS_s17_T3_ctrl,135,134,139.46666666666667,-0.292574018239975,0.018447831259266072
UBFC_PHYS_s17_T3_ctrl,135,135,139.5,0.1336703598499298,-0.036634657545043955
UBFC_PHYS_s17_T3_ctrl,135,136,139.53333333333333,0.35900139808654785,-0.08567926846315577
UBFC_PHYS_s17_T3_ctrl,135,137,139.56666666666666,0.31371280550956726,-0.11833555685228327
UBFC_PHYS_s17_T3_ctrl,135,138,139.6,0.13981576263904572,-0.12515959877827554
UBFC_PHYS_s17_T3_ctrl,135,139,139.63333333333333,0.04761146381497383,-0.10134874733547124
UBFC_PHYS_s17_T3_ctrl,135,140,139.66666666666666,0.05910627543926239,-0.04918560806618867
UBFC_PHYS_s17_T3_ctrl,135,141,139.7,0.0691964253783226,0.021808801648162863
UBFC_PHYS_s17_T3_ctrl,135,142,139.73333333333332,0.06955929100513458,0.09704370712133602
UBFC_PHYS_s17_T3_ctrl,135,143,139.76666666666668,0.08908408135175705,0.16051290792308176
UBFC_PHYS_s17_T3_ctrl,135,144,139.8,0.06413964182138443,0.1987097575659278
UBFC_PHYS_s17_T3_ctrl,135,145,139.83333333333334,-0.03149436414241791,0.2036130543115959
UBFC_PHYS_s17_T3_ctrl,135,146,139.86666666666667,-0.11778737604618073,0.17386500133363658
UBFC_PHYS_s17_T3_ctrl,135,147,139.9,-0.15056279301643372,0.1139419070010469
UBFC_PHYS_s17_T3_ctrl,135,148,139.93333333333334,-0.20478270947933197,0.03204907618972727
UBFC_PHYS_s17_T3_ctrl,135,149,139.96666666666667,-0.3643873333930969,-0.062057327784586884
UBFC_PHYS_s17_T3_ctrl,135,150,140.0,-0.5883254408836365,-0.15855980074523485
UBFC_PHYS_s17_T3_ctrl,135,151,140.03333333333333,-0.7196963429450989,-0.24840264160301861
UBFC_PHYS_s17_T3_ctrl,135,152,140.06666666666666,-0.6406022310256958,-0.3238385568205023
UBFC_PHYS_s17_T3_ctrl,135,153,140.1,-0.3813486099243164,-0.3789859645158021
UBFC_PHYS_s17_T3_ctrl,135,154,140.13333333333333,-0.07892508804798126,-0.41043533004279253
UBFC_PHYS_s17_T3_ctrl,135,155,140.16666666666666,0.16738222539424896,-0.41777120559448117
UBFC_PHYS_s17_T3_ctrl,135,156,140.2,0.35946962237358093,-0.4038503671037105
UBFC_PHYS_s17_T3_ctrl,135,157,140.23333333333332,0.5265072584152222,-0.3747273468679654
UBFC_PHYS_s17_T3_ctrl,135,158,140.26666666666668,0.6818861365318298,-0.33913803837542955
UBFC_PHYS_s17_T3_ctrl,135,159,140.3,0.8582999110221863,-0.30739916143693125
UBFC_PHYS_s17_T3_ctrl,135,160,140.33333333333334,1.0649605989456177,-0.2895548016270836
UBFC_PHYS_s17_T3_ctrl,135,161,140.36666666666667,1.228521704673767,-0.2928436612205096
UBFC_PHYS_s17_T3_ctrl,135,162,140.4,1.2592252492904663,-0.31909488424618315
UBFC_PHYS_s17_T3_ctrl,135,163,140.43333333333334,1.146267056465149,-0.3630139918743548
UBFC_PHYS_s17_T3_ctrl,135,164,140.46666666666667,0.9580308198928833,-0.41209293638306105
UBFC_PHYS_s17_T3_ctrl,135,165,140.5,0.7826237678527832,-0.44829148122479706
UBFC_PHYS_s17_T3_ctrl,135,166,140.53333333333333,0.6581708192825317,-0.4511481737454539
UBFC_PHYS_s17_T3_ctrl,135,167,140.56666666666666,0.5570586323738098,-0.40180885884019807
UBFC_PHYS_s17_T3_ctrl,135,168,140.6,0.4575852155685425,-0.2875125850359817
UBFC_PHYS_s17_T3_ctrl,135,169,140.63333333333333,0.36849457025527954,-0.10598756870921015
UBFC_PHYS_s17_T3_ctrl,135,170,140.66666666666666,0.340740829706192,0.13122632476569143
UBFC_PHYS_s17_T3_ctrl,135,171,140.7,0.4551621675491333,0.3980088847647148
UBFC_PHYS_s17_T3_ctrl,135,172,140.73333333333332,0.6925498843193054,0.6569062791055605
UBFC_PHYS_s17_T3_ctrl,135,173,140.76666666666668,0.8762561678886414,0.8668195544093845
UBFC_PHYS_s17_T3_ctrl,135,174,140.8,0.8729434609413147,0.9936035293424862
UBFC_PHYS_s17_T3_ctrl,135,175,140.83333333333334,0.6894479393959045,1.020169662823524
UBFC_PHYS_s17_T3_ctrl,135,176,140.86666666666667,0.36948955059051514,0.9521171318997235
UBFC_PHYS_s17_T3_ctrl,135,177,140.9,0.040084823966026306,0.8162675003445866
UBFC_PHYS_s17_T3_ctrl,135,178,140.93333333333334,-0.11148981004953384,0.6523409302389445
UBFC_PHYS_s17_T3_ctrl,135,179,140.96666666666667,-0.06608413904905319,0.500862666175237
UBFC_PHYS_s17_T3_ctrl,135,180,141.0,0.0009298964287154377,0.3916896807958125
UBFC_PHYS_s17_T3_ctrl,135,181,141.03333333333333,-0.040847063064575195,0.3368565177903377
UBFC_PHYS_s17_T3_ctrl,135,182,141.06666666666666,-0.17190194129943848,0.32936307130934517
UBFC_PHYS_s17_T3_ctrl,135,183,141.1,-0.35371190309524536,0.3473453789167455
UBFC_PHYS_s17_T3_ctrl,135,184,141.13333333333333,-0.5793941020965576,0.36177685504693313
UBFC_PHYS_s17_T3_ctrl,135,185,141.16666666666666,-0.85322105884552,0.3453599447491581
UBFC_PHYS_s17_T3_ctrl,135,186,141.2,-1.1786693334579468,0.2801590973270609
UBFC_PHYS_s17_T3_ctrl,135,187,141.23333333333332,-1.5627154111862183,0.16184219622687712
UBFC_PHYS_s17_T3_ctrl,135,188,141.26666666666668,-1.9611592292785645,-0.0006433467819341541
UBFC_PHYS_s17_T3_ctrl,135,189,141.3,-2.1835989952087402,-0.1895947416286887
UBFC_PHYS_s17_T3_ctrl,135,190,141.33333333333334,-2.0509872436523438,-0.3852765297660581
UBFC_PHYS_s17_T3_ctrl,135,191,141.36666666666667,-1.6366004943847656,-0.5719895294220693
UBFC_PHYS_s17_T3_ctrl,135,192,141.4,-1.1722781658172607,-0.7411407510568571
UBFC_PHYS_s17_T3_ctrl,135,193,141.43333333333334,-0.8089976906776428,-0.8904552860678515
UBFC_PHYS_s17_T3_ctrl,135,194,141.46666666666667,-0.6233834028244019,-1.020111789031138
UBFC_PHYS_s17_T3_ctrl,135,195,141.5,-0.6390687823295593,-1.1277352075794034
UBFC_PHYS_s17_T3_ctrl,135,196,141.53333333333333,-0.7264621257781982,-1.2045311188316958
UBFC_PHYS_s17_T3_ctrl,135,197,141.56666666666666,-0.69511479139328,-1.234439695996717
UBFC_PHYS_s17_T3_ctrl,135,198,141.6,-0.5151776671409607,-1.19720978789682
UBFC_PHYS_s17_T3_ctrl,135,199,141.63333333333333,-0.3197893500328064,-1.0748701784079315
UBFC_PHYS_s17_T3_ctrl,135,200,141.66666666666666,-0.255888968706131,-0.8595366469136576
UBFC_PHYS_s17_T3_ctrl,135,201,141.7,-0.3489009439945221,-0.5595829977037423
UBFC_PHYS_s17_T3_ctrl,135,202,141.73333333333332,-0.5171676278114319,-0.2015245333213592
UBFC_PHYS_s17_T3_ctrl,135,203,141.76666666666668,-0.6719729900360107,0.17357715126887507
UBFC_PHYS_s17_T3_ctrl,135,204,141.8,-0.7514065504074097,0.5183852207935888
UBFC_PHYS_s17_T3_ctrl,135,205,141.83333333333334,-0.7468180060386658,0.7897055888779089
UBFC_PHYS_s17_T3_ctrl,135,206,141.86666666666667,-0.7503530979156494,0.9577843490850048
UBFC_PHYS_s17_T3_ctrl,135,207,141.9,-0.8663078546524048,1.0118382778773611
UBFC_PHYS_s17_T3_ctrl,135,208,141.93333333333334,-1.0189008712768555,0.9608440656761708
UBFC_PHYS_s17_T3_ctrl,135,209,141.96666666666667,-0.9804365634918213,0.830215498548848
UBFC_PHYS_s17_T3_ctrl,135,210,142.0,-0.6564514636993408,0.655687392601594
UBFC_PHYS_s17_T3_ctrl,135,211,142.03333333333333,-0.2053796947002411,0.47586943178412516
UBFC_PHYS_s17_T3_ctrl,135,212,142.06666666666666,0.17160792648792267,0.32507724571376057
UBFC_PHYS_s17_T3_ctrl,135,213,142.1,0.391144722700119,0.22784466267846423
UBFC_PHYS_s17_T3_ctrl,135,214,142.13333333333333,0.44202858209609985,0.19568652233310768
UBFC_PHYS_s17_T3_ctrl,135,215,142.16666666666666,0.3832318186759949,0.22596351343957916
UBFC_PHYS_s17_T3_ctrl,135,216,142.2,0.31862911581993103,0.30275408122064124
UBFC_PHYS_s17_T3_ctrl,135,217,142.23333333333332,0.30693531036376953,0.39994285614427505
UBFC_PHYS_s17_T3_ctrl,135,218,142.26666666666668,0.34978917241096497,0.4865355509473666
UBFC_PHYS_s17_T3_ctrl,135,219,142.3,0.42984315752983093,0.5335577896621421
UBFC_PHYS_s17_T3_ctrl,135,220,142.33333333333334,0.5183134078979492,0.5211739236482102
UBFC_PHYS_s17_T3_ctrl,135,221,142.36666666666667,0.5835716128349304,0.4439852040060007
UBFC_PHYS_s17_T3_ctrl,135,222,142.4,0.6078137159347534,0.3122039200671231
UBFC_PHYS_s17_T3_ctrl,135,223,142.43333333333334,0.5721704363822937,0.1475539938418615
UBFC_PHYS_s17_T3_ctrl,135,224,142.46666666666667,0.458755761384964,-0.02458827531244217
UBFC_PHYS_s17_T3_ctrl,135,225,142.5,0.29345056414604187,-0.18316286949312552
UBFC_PHYS_s17_T3_ctrl,135,226,142.53333333333333,0.1140870526432991,-0.3161333959719944
UBFC_PHYS_s17_T3_ctrl,135,227,142.56666666666666,-0.13594262301921844,-0.42074428807363107
UBFC_PHYS_s17_T3_ctrl,135,228,142.6,-0.5038350820541382,-0.5004742534986629
UBFC_PHYS_s17_T3_ctrl,135,229,142.63333333333333,-0.7984626889228821,-0.5609494378052897
UBFC_PHYS_s17_T3_ctrl,135,230,142.66666666666666,-0.7230558395385742,-0.6066282875388073
UBFC_PHYS_s17_T3_ctrl,135,231,142.7,-0.2996675670146942,-0.6389531209498788
UBFC_PHYS_s17_T3_ctrl,135,232,142.73333333333332,0.0913783609867096,-0.6559421397715122
UBFC_PHYS_s17_T3_ctrl,135,233,142.76666666666668,0.1151522547006607,-0.6529872621330859
UBFC_PHYS_s17_T3_ctrl,135,234,142.8,-0.2845674753189087,-0.6245537660567952
UBFC_PHYS_s17_T3_ctrl,135,235,142.83333333333334,-0.9438802599906921,-0.5663428482824001
UBFC_PHYS_s17_T3_ctrl,135,236,142.86666666666667,-1.5388596057891846,-0.47729283125687166
UBFC_PHYS_s17_T3_ctrl,135,237,142.9,-1.8205642700195312,-0.36073241069955336
UBFC_PHYS_s17_T3_ctrl,135,238,142.93333333333334,-1.8930448293685913,-0.22424985682535925
UBFC_PHYS_s17_T3_ctrl,135,239,142.96666666666667,-1.8851670026779175,-0.07844490034468912
UBFC_PHYS_s17_T3_ctrl,136,0,136.0,0.7903494238853455,0.1279536376144479
UBFC_PHYS_s17_T3_ctrl,136,1,136.03333333333333,0.9306048154830933,0.3535983232558405
UBFC_PHYS_s17_T3_ctrl,136,2,136.06666666666666,1.1546248197555542,0.5426108230561837
UBFC_PHYS_s17_T3_ctrl,136,3,136.1,1.2349597215652466,0.6676722583340864
UBFC_PHYS_s17_T3_ctrl,136,4,136.13333333333333,1.0605710744857788,0.7159247449101125
UBFC_PHYS_s17_T3_ctrl,136,5,136.16666666666666,0.8005331754684448,0.6905639195656352
UBFC_PHYS_s17_T3_ctrl,136,6,136.2,0.6419820785522461,0.607622031741193
UBFC_PHYS_s17_T3_ctrl,136,7,136.23333333333332,0.5949376225471497,0.4894279005174521
UBFC_PHYS_s17_T3_ctrl,136,8,136.26666666666668,0.666540265083313,0.35748597025651574
UBFC_PHYS_s17_T3_ctrl,136,9,136.3,0.8472732901573181,0.227433786992248
UBFC_PHYS_s17_T3_ctrl,136,10,136.33333333333334,0.9389508366584778,0.1074451201683171
UBFC_PHYS_s17_T3_ctrl,136,11,136.36666666666667,0.8122386932373047,-0.00023038158124748785
UBFC_PHYS_s17_T3_ctrl,136,12,136.4,0.5906066298484802,-0.09606388320947644
UBFC_PHYS_s17_T3_ctrl,136,13,136.43333333333334,0.3592238128185272,-0.1801504937739923
UBFC_PHYS_s17_T3_ctrl,136,14,136.46666666666667,0.025078361853957176,-0.2505521853970455
UBFC_PHYS_s17_T3_ctrl,136,15,136.5,-0.4984271228313446,-0.30364374607899053
UBFC_PHYS_s17_T3_ctrl,136,16,136.53333333333333,-1.2457184791564941,-0.3362774869618213
UBFC_PHYS_s17_T3_ctrl,136,17,136.56666666666666,-2.0907859802246094,-0.3489202849964281
UBFC_PHYS_s17_T3_ctrl,136,18,136.6,-2.6956682205200195,-0.34834676623703104
UBFC_PHYS_s17_T3_ctrl,136,19,136.63333333333333,-2.8339922428131104,-0.34820352146861466
UBFC_PHYS_s17_T3_ctrl,136,20,136.66666666666666,-2.585519313812256,-0.36612668108176183
UBFC_PHYS_s17_T3_ctrl,136,21,136.7,-2.076528787612915,-0.41738232995394275
UBFC_PHYS_s17_T3_ctrl,136,22,136.73333333333332,-1.399048924446106,-0.5069462407233298
UBFC_PHYS_s17_T3_ctrl,136,23,136.76666666666668,-0.7512894868850708,-0.6234399689387881
UBFC_PHYS_s17_T3_ctrl,136,24,136.8,-0.2760692536830902,-0.7382944489956722
UBFC_PHYS_s17_T3_ctrl,136,25,136.83333333333334,0.0780106708407402,-0.8117310576615616
UBFC_PHYS_s17_T3_ctrl,136,26,136.86666666666667,0.34676915407180786,-0.8043467374852761
UBFC_PHYS_s17_T3_ctrl,136,27,136.9,0.4960026741027832,-0.690585721525002
UBFC_PHYS_s17_T3_ctrl,136,28,136.93333333333334,0.5571990609169006,-0.4693420737000164
UBFC_PHYS_s17_T3_ctrl,136,29,136.96666666666667,0.6247984170913696,-0.16765664381979972
UBFC_PHYS_s17_T3_ctrl,136,30,137.0,0.7438200116157532,0.16437381967313494
UBFC_PHYS_s17_T3_ctrl,136,31,137.03333333333333,0.8714568614959717,0.4663258635214944
UBFC_PHYS_s17_T3_ctrl,136,32,137.06666666666666,0.9303004741668701,0.6837348926830533
UBFC_PHYS_s17_T3_ctrl,136,33,137.1,0.8919766545295715,0.7824813249189039
UBFC_PHYS_s17_T3_ctrl,136,34,137.13333333333333,0.8244475722312927,0.7568164772934991
UBFC_PHYS_s17_T3_ctrl,136,35,137.16666666666666,0.8169794678688049,0.629123753508518
UBFC_PHYS_s17_T3_ctrl,136,36,137.2,0.8496612310409546,0.44222792307106135
UBFC_PHYS_s17_T3_ctrl,136,37,137.23333333333332,0.8230077624320984,0.24710400423949083
UBFC_PHYS_s17_T3_ctrl,136,38,137.26666666666668,0.7256296277046204,0.08981500916419653
UBFC_PHYS_s17_T3_ctrl,136,39,137.3,0.669934868812561,0.001225418752383434
UBFC_PHYS_s17_T3_ctrl,136,40,137.33333333333334,0.7519553303718567,-0.008303721091416293
UBFC_PHYS_s17_T3_ctrl,136,41,137.36666666666667,0.9511128664016724,0.051324823465083276
UBFC_PHYS_s17_T3_ctrl,136,42,137.4,1.1138076782226562,0.15499826229759672
UBFC_PHYS_s17_T3_ctrl,136,43,137.43333333333334,1.069806694984436,0.2705739556586517
UBFC_PHYS_s17_T3_ctrl,136,44,137.46666666666667,0.8171433210372925,0.36777501950768104
UBFC_PHYS_s17_T3_ctrl,136,45,137.5,0.45410865545272827,0.4252991501875407
UBFC_PHYS_s17_T3_ctrl,136,46,137.53333333333333,-0.07265093177556992,0.43446305691304815
UBFC_PHYS_s17_T3_ctrl,136,47,137.56666666666666,-0.7298098802566528,0.39898538282244406
UBFC_PHYS_s17_T3_ctrl,136,48,137.6,-1.067349910736084,0.33160435127463234
UBFC_PHYS_s17_T3_ctrl,136,49,137.63333333333333,-0.6997618675231934,0.24890810935990942
UBFC_PHYS_s17_T3_ctrl,136,50,137.66666666666666,0.09615421295166016,0.16604570080137993
UBFC_PHYS_s17_T3_ctrl,136,51,137.7,0.7852575182914734,0.09289021287578707
UBFC_PHYS_s17_T3_ctrl,136,52,137.73333333333332,1.1804472208023071,0.03272141401196109
UBFC_PHYS_s17_T3_ctrl,136,53,137.76666666666668,1.2462204694747925,-0.01641544854668899
UBFC_PHYS_s17_T3_ctrl,136,54,137.8,0.9032841324806213,-0.05861561369056055
UBFC_PHYS_s17_T3_ctrl,136,55,137.83333333333334,0.3327810764312744,-0.09694633340113404
UBFC_PHYS_s17_T3_ctrl,136,56,137.86666666666667,-0.1290597766637802,-0.13174332382648152
UBFC_PHYS_s17_T3_ctrl,136,57,137.9,-0.4282291829586029,-0.16102177074118776
UBFC_PHYS_s17_T3_ctrl,136,58,137.93333333333334,-0.7673611640930176,-0.18246267384754508
UBFC_PHYS_s17_T3_ctrl,136,59,137.96666666666667,-1.239456057548523,-0.1955485907582232
UBFC_PHYS_s17_T3_ctrl,136,60,138.0,-1.700641393661499,-0.20234134795470496
UBFC_PHYS_s17_T3_ctrl,136,61,138.03333333333333,-1.8467847108840942,-0.20631147346737364
UBFC_PHYS_s17_T3_ctrl,136,62,138.06666666666666,-1.479711651802063,-0.2100843612546622
UBFC_PHYS_s17_T3_ctrl,136,63,138.1,-0.7760934829711914,-0.21373952945903604
UBFC_PHYS_s17_T3_ctrl,136,64,138.13333333333333,-0.1625492423772812,-0.21466756309694016
UBFC_PHYS_s17_T3_ctrl,136,65,138.16666666666666,0.11476597189903259,-0.20880998319508
UBFC_PHYS_s17_T3_ctrl,136,66,138.2,0.04833720624446869,-0.19251272065181113
UBFC_PHYS_s17_T3_ctrl,136,67,138.23333333333332,-0.3365984559059143,-0.16423954419700793
UBFC_PHYS_s17_T3_ctrl,136,68,138.26666666666668,-0.9201765656471252,-0.12557999049190224
UBFC_PHYS_s17_T3_ctrl,136,69,138.3,-1.405838131904602,-0.08126895620713717
UBFC_PHYS_s17_T3_ctrl,136,70,138.33333333333334,-1.5614043474197388,-0.03833394405493385
UBFC_PHYS_s17_T3_ctrl,136,71,138.36666666666667,-1.3506934642791748,-0.004797512983342799
UBFC_PHYS_s17_T3_ctrl,136,72,138.4,-0.8714699745178223,0.011614010108199572
UBFC_PHYS_s17_T3_ctrl,136,73,138.43333333333334,-0.30409225821495056,0.0045310325007855735
UBFC_PHYS_s17_T3_ctrl,136,74,138.46666666666667,0.15621517598628998,-0.03017136892750792
UBFC_PHYS_s17_T3_ctrl,136,75,138.5,0.4147781729698181,-0.09347304595442836
UBFC_PHYS_s17_T3_ctrl,136,76,138.53333333333333,0.5060577392578125,-0.1822301199275153
UBFC_PHYS_s17_T3_ctrl,136,77,138.56666666666666,0.5322897434234619,-0.28829422738994104
UBFC_PHYS_s17_T3_ctrl,136,78,138.6,0.5617057085037231,-0.3981047934841138
UBFC_PHYS_s17_T3_ctrl,136,79,138.63333333333333,0.5904076099395752,-0.49325842533138503
UBFC_PHYS_s17_T3_ctrl,136,80,138.66666666666666,0.5802940726280212,-0.552587240551343
UBFC_PHYS_s17_T3_ctrl,136,81,138.7,0.5684480667114258,-0.5560370874159123
UBFC_PHYS_s17_T3_ctrl,136,82,138.73333333333332,0.6744297742843628,-0.489991522522885
UBFC_PHYS_s17_T3_ctrl,136,83,138.76666666666668,0.9369140863418579,-0.35271445902586146
UBFC_PHYS_s17_T3_ctrl,136,84,138.8,1.229060173034668,-0.15770580661970182
UBFC_PHYS_s17_T3_ctrl,136,85,138.83333333333334,1.4253147840499878,0.06727015945628453
UBFC_PHYS_s17_T3_ctrl,136,86,138.86666666666667,1.4844040870666504,0.2863854379852527
UBFC_PHYS_s17_T3_ctrl,136,87,138.9,1.3750044107437134,0.46558816185241986
UBFC_PHYS_s17_T3_ctrl,136,88,138.93333333333334,1.1013765335083008,0.5820811767249776
UBFC_PHYS_s17_T3_ctrl,136,89,138.96666666666667,0.7329338788986206,0.629205705099788
UBFC_PHYS_s17_T3_ctrl,136,90,139.0,0.25183749198913574,0.615210112810683
UBFC_PHYS_s17_T3_ctrl,136,91,139.03333333333333,-0.3787148594856262,0.5577550983384318
UBFC_PHYS_s17_T3_ctrl,136,92,139.06666666666666,-0.9006518125534058,0.4774000137667713
UBFC_PHYS_s17_T3_ctrl,136,93,139.1,-1.024894118309021,0.3925684028310803
UBFC_PHYS_s17_T3_ctrl,136,94,139.13333333333333,-0.853209376335144,0.31688460951737957
UBFC_PHYS_s17_T3_ctrl,136,95,139.16666666666666,-0.6700884103775024,0.25847020316131397
UBFC_PHYS_s17_T3_ctrl,136,96,139.2,-0.5676769018173218,0.22034247185392664
UBFC_PHYS_s17_T3_ctrl,136,97,139.23333333333332,-0.5358496308326721,0.20121701104243067
UBFC_PHYS_s17_T3_ctrl,136,98,139.26666666666668,-0.6029222011566162,0.19629556905743764
UBFC_PHYS_s17_T3_ctrl,136,99,139.3,-0.7452260851860046,0.1979224931196659
UBFC_PHYS_s17_T3_ctrl,136,100,139.33333333333334,-0.8955950140953064,0.1963395688668623
UBFC_PHYS_s17_T3_ctrl,136,101,139.36666666666667,-1.0015299320220947,0.1809590514213183
UBFC_PHYS_s17_T3_ctrl,136,102,139.4,-0.9724650979042053,0.1424246508473186
UBFC_PHYS_s17_T3_ctrl,136,103,139.43333333333334,-0.7201060056686401,0.07532031066865315
UBFC_PHYS_s17_T3_ctrl,136,104,139.46666666666667,-0.292574018239975,-0.019095985913760168
UBFC_PHYS_s17_T3_ctrl,136,105,139.5,0.1336703598499298,-0.1312034126993118
UBFC_PHYS_s17_T3_ctrl,136,106,139.53333333333333,0.35900139808654785,-0.24361483324988123
UBFC_PHYS_s17_T3_ctrl,136,107,139.56666666666666,0.31371280550956726,-0.3346822406065236
UBFC_PHYS_s17_T3_ctrl,136,108,139.6,0.13981576263904572,-0.3841059833915766
UBFC_PHYS_s17_T3_ctrl,136,109,139.63333333333333,0.04761146381497383,-0.37864549006636206
UBFC_PHYS_s17_T3_ctrl,136,110,139.66666666666666,0.05910627543926239,-0.31592985069083995
UBFC_PHYS_s17_T3_ctrl,136,111,139.7,0.0691964253783226,-0.20532119727075873
UBFC_PHYS_s17_T3_ctrl,136,112,139.73333333333332,0.06955929100513458,-0.06587871355292378
UBFC_PHYS_s17_T3_ctrl,136,113,139.76666666666668,0.08908408135175705,0.07784295412792304
UBFC_PHYS_s17_T3_ctrl,136,114,139.8,0.06413964182138443,0.2011981448185966
UBFC_PHYS_s17_T3_ctrl,136,115,139.83333333333334,-0.03149436414241791,0.28485630710820226
UBFC_PHYS_s17_T3_ctrl,136,116,139.86666666666667,-0.11778737604618073,0.31859861920141436
UBFC_PHYS_s17_T3_ctrl,136,117,139.9,-0.15056279301643372,0.3021078945232116
UBFC_PHYS_s17_T3_ctrl,136,118,139.93333333333334,-0.20478270947933197,0.24271199891751177
UBFC_PHYS_s17_T3_ctrl,136,119,139.96666666666667,-0.3643873333930969,0.15162537772124868
UBFC_PHYS_s17_T3_ctrl,136,120,140.0,-0.5883254408836365,0.04078067668026316
UBFC_PHYS_s17_T3_ctrl,136,121,140.03333333333333,-0.7196963429450989,-0.07850969826347956
UBFC_PHYS_s17_T3_ctrl,136,122,140.06666666666666,-0.6406022310256958,-0.19543942572148215
UBFC_PHYS_s17_T3_ctrl,136,123,140.1,-0.3813486099243164,-0.29954858040976046
UBFC_PHYS_s17_T3_ctrl,136,124,140.13333333333333,-0.07892508804798126,-0.3815395357845549
UBFC_PHYS_s17_T3_ctrl,136,125,140.16666666666666,0.16738222539424896,-0.4350100355778687
UBFC_PHYS_s17_T3_ctrl,136,126,140.2,0.35946962237358093,-0.45836802487300693
UBFC_PHYS_s17_T3_ctrl,136,127,140.23333333333332,0.5265072584152222,-0.45608967900010905
UBFC_PHYS_s17_T3_ctrl,136,128,140.26666666666668,0.6818861365318298,-0.43863569636712296
UBFC_PHYS_s17_T3_ctrl,136,129,140.3,0.8582999110221863,-0.4205786002801001
UBFC_PHYS_s17_T3_ctrl,136,130,140.33333333333334,1.0649605989456177,-0.41685862385007616
UBFC_PHYS_s17_T3_ctrl,136,131,140.36666666666667,1.228521704673767,-0.43778215967092965
UBFC_PHYS_s17_T3_ctrl,136,132,140.4,1.2592252492904663,-0.48430621096167864
UBFC_PHYS_s17_T3_ctrl,136,133,140.43333333333334,1.146267056465149,-0.5455759690659316
UBFC_PHYS_s17_T3_ctrl,136,134,140.46666666666667,0.9580308198928833,-0.6000241386130977
UBFC_PHYS_s17_T3_ctrl,136,135,140.5,0.7826237678527832,-0.6199625486266656
UBFC_PHYS_s17_T3_ctrl,136,136,140.53333333333333,0.6581708192825317,-0.5783155968513307
UBFC_PHYS_s17_T3_ctrl,136,137,140.56666666666666,0.5570586323738098,-0.45558636208276465
UBFC_PHYS_s17_T3_ctrl,136,138,140.6,0.4575852155685425,-0.24542976539608072
UBFC_PHYS_s17_T3_ctrl,136,139,140.63333333333333,0.36849457025527954,0.04217985587341065
UBFC_PHYS_s17_T3_ctrl,136,140,140.66666666666666,0.340740829706192,0.3807972296886282
UBFC_PHYS_s17_T3_ctrl,136,141,140.7,0.4551621675491333,0.730780492624595
UBFC_PHYS_s17_T3_ctrl,136,142,140.73333333333332,0.6925498843193054,1.0460271998301316
UBFC_PHYS_s17_T3_ctrl,136,143,140.76666666666668,0.8762561678886414,1.2832805114130243
UBFC_PHYS_s17_T3_ctrl,136,144,140.8,0.8729434609413147,1.4117854515976236
UBFC_PHYS_s17_T3_ctrl,136,145,140.83333333333334,0.6894479393959045,1.4203401373875546
UBFC_PHYS_s17_T3_ctrl,136,146,140.86666666666667,0.36948955059051514,1.3194373505210244
UBFC_PHYS_s17_T3_ctrl,136,147,140.9,0.040084823966026306,1.1378048637275195
UBFC_PHYS_s17_T3_ctrl,136,148,140.93333333333334,-0.11148981004953384,0.9143645652993111
UBFC_PHYS_s17_T3_ctrl,136,149,140.96666666666667,-0.06608413904905319,0.6880322246235754
UBFC_PHYS_s17_T3_ctrl,136,150,141.0,0.0009298964287154377,0.48855463210975036
UBFC_PHYS_s17_T3_ctrl,136,151,141.03333333333333,-0.040847063064575195,0.3311277195075865
UBFC_PHYS_s17_T3_ctrl,136,152,141.06666666666666,-0.17190194129943848,0.21580012359034903
UBFC_PHYS_s17_T3_ctrl,136,153,141.1,-0.35371190309524536,0.1308088176821864
UBFC_PHYS_s17_T3_ctrl,136,154,141.13333333333333,-0.5793941020965576,0.05813510286957565
UBFC_PHYS_s17_T3_ctrl,136,155,141.16666666666666,-0.85322105884552,-0.020450665457931023
UBFC_PHYS_s17_T3_ctrl,136,156,141.2,-1.1786693334579468,-0.11837301859000075
UBFC_PHYS_s17_T3_ctrl,136,157,141.23333333333332,-1.5627154111862183,-0.24140368121320926
UBFC_PHYS_s17_T3_ctrl,136,158,141.26666666666668,-1.9611592292785645,-0.3874492249299139
UBFC_PHYS_s17_T3_ctrl,136,159,141.3,-2.1835989952087402,-0.54860313665649
UBFC_PHYS_s17_T3_ctrl,136,160,141.33333333333334,-2.0509872436523438,-0.7143684544912319
UBFC_PHYS_s17_T3_ctrl,136,161,141.36666666666667,-1.6366004943847656,-0.8746092068036116
UBFC_PHYS_s17_T3_ctrl,136,162,141.4,-1.1722781658172607,-1.0209817045970466
UBFC_PHYS_s17_T3_ctrl,136,163,141.43333333333334,-0.8089976906776428,-1.1463343031971964
UBFC_PHYS_s17_T3_ctrl,136,164,141.46666666666667,-0.6233834028244019,-1.242614278197759
UBFC_PHYS_s17_T3_ctrl,136,165,141.5,-0.6390687823295593,-1.2987029919059454
UBFC_PHYS_s17_T3_ctrl,136,166,141.53333333333333,-0.7264621257781982,-1.2998597549375983
UBFC_PHYS_s17_T3_ctrl,136,167,141.56666666666666,-0.69511479139328,-1.2299374510755325
UBFC_PHYS_s17_T3_ctrl,136,168,141.6,-0.5151776671409607,-1.0763760701511549
UBFC_PHYS_s17_T3_ctrl,136,169,141.63333333333333,-0.3197893500328064,-0.8365319661543138
UBFC_PHYS_s17_T3_ctrl,136,170,141.66666666666666,-0.255888968706131,-0.5227537041786664
UBFC_PHYS_s17_T3_ctrl,136,171,141.7,-0.3489009439945221,-0.16354005932056845
UBFC_PHYS_s17_T3_ctrl,136,172,141.73333333333332,-0.5171676278114319,0.20054408833399456
UBFC_PHYS_s17_T3_ctrl,136,173,141.76666666666668,-0.6719729900360107,0.5253459247730818
UBFC_PHYS_s17_T3_ctrl,136,174,141.8,-0.7514065504074097,0.7732281733551036
UBFC_PHYS_s17_T3_ctrl,136,175,141.83333333333334,-0.7468180060386658,0.9213431096280339
UBFC_PHYS_s17_T3_ctrl,136,176,141.86666666666667,-0.7503530979156494,0.965528021068744
UBFC_PHYS_s17_T3_ctrl,136,177,141.9,-0.8663078546524048,0.9191657967421081
UBFC_PHYS_s17_T3_ctrl,136,178,141.93333333333334,-1.0189008712768555,0.8081923776716801
UBFC_PHYS_s17_T3_ctrl,136,179,141.96666666666667,-0.9804365634918213,0.6643779948786651
UBFC_PHYS_s17_T3_ctrl,136,180,142.0,-0.6564514636993408,0.5188353917699464
UBFC_PHYS_s17_T3_ctrl,136,181,142.03333333333333,-0.2053796947002411,0.39698250665694285
UBFC_PHYS_s17_T3_ctrl,136,182,142.06666666666666,0.17160792648792267,0.31554573015500326
UBFC_PHYS_s17_T3_ctrl,136,183,142.1,0.391144722700119,0.2816452436404791
UBFC_PHYS_s17_T3_ctrl,136,184,142.13333333333333,0.44202858209609985,0.2934437208185286
UBFC_PHYS_s17_T3_ctrl,136,185,142.16666666666666,0.3832318186759949,0.34158634168221874
UBFC_PHYS_s17_T3_ctrl,136,186,142.2,0.31862911581993103,0.41095222520519736
UBFC_PHYS_s17_T3_ctrl,136,187,142.23333333333332,0.30693531036376953,0.4827223075976766
UBFC_PHYS_s17_T3_ctrl,136,188,142.26666666666668,0.34978917241096497,0.5369814572018922
UBFC_PHYS_s17_T3_ctrl,136,189,142.3,0.42984315752983093,0.555952418552952
UBFC_PHYS_s17_T3_ctrl,136,190,142.33333333333334,0.5183134078979492,0.5275898764126734
UBFC_PHYS_s17_T3_ctrl,136,191,142.36666666666667,0.5835716128349304,0.448571253763576
UBFC_PHYS_s17_T3_ctrl,136,192,142.4,0.6078137159347534,0.3250737135451249
UBFC_PHYS_s17_T3_ctrl,136,193,142.43333333333334,0.5721704363822937,0.17032614773853327
UBFC_PHYS_s17_T3_ctrl,136,194,142.46666666666667,0.458755761384964,3.5126999565719165e-05
UBFC_PHYS_s17_T3_ctrl,136,195,142.5,0.29345056414604187,-0.1716799527123097
UBFC_PHYS_s17_T3_ctrl,136,196,142.53333333333333,0.1140870526432991,-0.33401127378299256
UBFC_PHYS_s17_T3_ctrl,136,197,142.56666666666666,-0.13594262301921844,-0.4790440720151644
UBFC_PHYS_s17_T3_ctrl,136,198,142.6,-0.5038350820541382,-0.6006331298075189
UBFC_PHYS_s17_T3_ctrl,136,199,142.63333333333333,-0.7984626889228821,-0.6938783263726929
UBFC_PHYS_s17_T3_ctrl,136,200,142.66666666666666,-0.7230558395385742,-0.7555390489656361
UBFC_PHYS_s17_T3_ctrl,136,201,142.7,-0.2996675670146942,-0.7848580160117746
UBFC_PHYS_s17_T3_ctrl,136,202,142.73333333333332,0.0913783609867096,-0.7841024622390546
UBFC_PHYS_s17_T3_ctrl,136,203,142.76666666666668,0.1151522547006607,-0.7584356638355233
UBFC_PHYS_s17_T3_ctrl,136,204,142.8,-0.2845674753189087,-0.715003850503608
UBFC_PHYS_s17_T3_ctrl,136,205,142.83333333333334,-0.9438802599906921,-0.6612770541264871
UBFC_PHYS_s17_T3_ctrl,136,206,142.86666666666667,-1.5388596057891846,-0.6028627341997673
UBFC_PHYS_s17_T3_ctrl,136,207,142.9,-1.8205642700195312,-0.5413000213253489
UBFC_PHYS_s17_T3_ctrl,136,208,142.93333333333334,-1.8930448293685913,-0.4726624917050571
UBFC_PHYS_s17_T3_ctrl,136,209,142.96666666666667,-1.8851670026779175,-0.3878900555596288
UBFC_PHYS_s17_T3_ctrl,136,210,143.0,-1.5326088666915894,-0.27538926539236497
UBFC_PHYS_s17_T3_ctrl,136,211,143.03333333333333,-0.5879859328269958,-0.12556528155208377
UBFC_PHYS_s17_T3_ctrl,136,212,143.06666666666666,0.5805866718292236,0.06411318780204628
UBFC_PHYS_s17_T3_ctrl,136,213,143.1,1.4480468034744263,0.2855414887733599
UBFC_PHYS_s17_T3_ctrl,136,214,143.13333333333333,1.8009912967681885,0.5196170322891499
UBFC_PHYS_s17_T3_ctrl,136,215,143.16666666666666,1.6624683141708374,0.7396067036255373
UBFC_PHYS_s17_T3_ctrl,136,216,143.2,1.1928901672363281,0.917216269073314
UBFC_PHYS_s17_T3_ctrl,136,217,143.23333333333332,0.7240377068519592,1.0292770546640488
UBFC_PHYS_s17_T3_ctrl,136,218,143.26666666666668,0.49211645126342773,1.062944826737682
UBFC_PHYS_s17_T3_ctrl,136,219,143.3,0.33608201146125793,1.0180973801999513
UBFC_PHYS_s17_T3_ctrl,136,220,143.33333333333334,0.05787719786167145,0.9066292891099008
UBFC_PHYS_s17_T3_ctrl,136,221,143.36666666666667,-0.16109775006771088,0.7491229099169529
UBFC_PHYS_s17_T3_ctrl,136,222,143.4,-0.059681229293346405,0.5697931270492664
UBFC_PHYS_s17_T3_ctrl,136,223,143.43333333333334,0.27533042430877686,0.39088206974340955
UBFC_PHYS_s17_T3_ctrl,136,224,143.46666666666667,0.5880548357963562,0.22794796254614674
UBFC_PHYS_s17_T3_ctrl,136,225,143.5,0.792631983757019,0.08740607220941787
UBFC_PHYS_s17_T3_ctrl,136,226,143.53333333333333,0.899491548538208,-0.033036532242066576
UBFC_PHYS_s17_T3_ctrl,136,227,143.56666666666666,0.8970100283622742,-0.14141745676149362
UBFC_PHYS_s17_T3_ctrl,136,228,143.6,0.8525056838989258,-0.24715943075052182
UBFC_PHYS_s17_T3_ctrl,136,229,143.63333333333333,0.8849767446517944,-0.35674907349282875
UBFC_PHYS_s17_T3_ctrl,136,230,143.66666666666666,0.990689218044281,-0.4707284648480583
UBFC_PHYS_s17_T3_ctrl,136,231,143.7,1.0733885765075684,-0.5827486113402672
UBFC_PHYS_s17_T3_ctrl,136,232,143.73333333333332,1.0948448181152344,-0.6807420771266606
UBFC_PHYS_s17_T3_ctrl,136,233,143.76666666666668,1.0652532577514648,-0.7497174831125011
UBFC_PHYS_s17_T3_ctrl,136,234,143.8,0.977415144443512,-0.775427536685562
UBFC_PHYS_s17_T3_ctrl,136,235,143.83333333333334,0.8467699885368347,-0.7480608944599899
UBFC_PHYS_s17_T3_ctrl,136,236,143.86666666666667,0.7247517108917236,-0.6650182411275317
UBFC_PHYS_s17_T3_ctrl,136,237,143.9,0.6210877299308777,-0.5319400004837171
UBFC_PHYS_s17_T3_ctrl,136,238,143.93333333333334,0.46485432982444763,-0.3616816063310427
UBFC_PHYS_s17_T3_ctrl,136,239,143.96666666666667,0.21684971451759338,-0.17181493813046517
UBFC_PHYS_s17_T3_ctrl,137,0,137.0,0.7438200116157532,-0.13100221093938125
UBFC_PHYS_s17_T3_ctrl,137,1,137.03333333333333,0.8714568614959717,0.054828649186525816
UBFC_PHYS_s17_T3_ctrl,137,2,137.06666666666666,0.9303004741668701,0.21321629067347653
UBFC_PHYS_s17_T3_ctrl,137,3,137.1,0.8919766545295715,0.3213687848181273
UBFC_PHYS_s17_T3_ctrl,137,4,137.13333333333333,0.8244475722312927,0.36681669322117516
UBFC_PHYS_s17_T3_ctrl,137,5,137.16666666666666,0.8169794678688049,0.3500672303263781
UBFC_PHYS_s17_T3_ctrl,137,6,137.2,0.8496612310409546,0.2842226960651859
UBFC_PHYS_s17_T3_ctrl,137,7,137.23333333333332,0.8230077624320984,0.19161808085487572
UBFC_PHYS_s17_T3_ctrl,137,8,137.26666666666668,0.7256296277046204,0.09821042034171899
UBFC_PHYS_s17_T3_ctrl,137,9,137.3,0.669934868812561,0.02690737212145906
UBFC_PHYS_s17_T3_ctrl,137,10,137.33333333333334,0.7519553303718567,-0.008351412776923571
UBFC_PHYS_s17_T3_ctrl,137,11,137.36666666666667,0.9511128664016724,-0.005684600329782418
UBFC_PHYS_s17_T3_ctrl,137,12,137.4,1.1138076782226562,0.025780281549386636
UBFC_PHYS_s17_T3_ctrl,137,13,137.43333333333334,1.069806694984436,0.07074601620695893
UBFC_PHYS_s17_T3_ctrl,137,14,137.46666666666667,0.8171433210372925,0.11426730834338647
UBFC_PHYS_s17_T3_ctrl,137,15,137.5,0.45410865545272827,0.14709405422979838
UBFC_PHYS_s17_T3_ctrl,137,16,137.53333333333333,-0.07265093177556992,0.1677821843725681
UBFC_PHYS_s17_T3_ctrl,137,17,137.56666666666666,-0.7298098802566528,0.18123189877826434
UBFC_PHYS_s17_T3_ctrl,137,18,137.6,-1.067349910736084,0.19485061620007163
UBFC_PHYS_s17_T3_ctrl,137,19,137.63333333333333,-0.6997618675231934,0.21428826087396358
UBFC_PHYS_s17_T3_ctrl,137,20,137.66666666666666,0.09615421295166016,0.2405344050391056
UBFC_PHYS_s17_T3_ctrl,137,21,137.7,0.7852575182914734,0.2693122249663692
UBFC_PHYS_s17_T3_ctrl,137,22,137.73333333333332,1.1804472208023071,0.29261253466829296
UBFC_PHYS_s17_T3_ctrl,137,23,137.76666666666668,1.2462204694747925,0.3014523308746493
UBFC_PHYS_s17_T3_ctrl,137,24,137.8,0.9032841324806213,0.2888011651123462
UBFC_PHYS_s17_T3_ctrl,137,25,137.83333333333334,0.3327810764312744,0.2518154979698981
UBFC_PHYS_s17_T3_ctrl,137,26,137.86666666666667,-0.1290597766637802,0.19273598761351732
UBFC_PHYS_s17_T3_ctrl,137,27,137.9,-0.4282291829586029,0.11818099406906088
UBFC_PHYS_s17_T3_ctrl,137,28,137.93333333333334,-0.7673611640930176,0.03722298698433503
UBFC_PHYS_s17_T3_ctrl,137,29,137.96666666666667,-1.239456057548523,-0.040861158037783396
UBFC_PHYS_s17_T3_ctrl,137,30,138.0,-1.700641393661499,-0.1083336154926331
UBFC_PHYS_s17_T3_ctrl,137,31,138.03333333333333,-1.8467847108840942,-0.1598677429159177
UBFC_PHYS_s17_T3_ctrl,137,32,138.06666666666666,-1.479711651802063,-0.19265979465617697
UBFC_PHYS_s17_T3_ctrl,137,33,138.1,-0.7760934829711914,-0.2061365690108203
UBFC_PHYS_s17_T3_ctrl,137,34,138.13333333333333,-0.1625492423772812,-0.20158930633419228
UBFC_PHYS_s17_T3_ctrl,137,35,138.16666666666666,0.11476597189903259,-0.1818802537399668
UBFC_PHYS_s17_T3_ctrl,137,36,138.2,0.04833720624446869,-0.15118625774121283
UBFC_PHYS_s17_T3_ctrl,137,37,138.23333333333332,-0.3365984559059143,-0.11465406906082977
UBFC_PHYS_s17_T3_ctrl,137,38,138.26666666666668,-0.9201765656471252,-0.07787054752959219
UBFC_PHYS_s17_T3_ctrl,137,39,138.3,-1.405838131904602,-0.04618787706614899
UBFC_PHYS_s17_T3_ctrl,137,40,138.33333333333334,-1.5614043474197388,-0.024113986589833714
UBFC_PHYS_s17_T3_ctrl,137,41,138.36666666666667,-1.3506934642791748,-0.01503422880485944
UBFC_PHYS_s17_T3_ctrl,137,42,138.4,-0.8714699745178223,-0.021376678535499568
UBFC_PHYS_s17_T3_ctrl,137,43,138.43333333333334,-0.30409225821495056,-0.045036433989515214
UBFC_PHYS_s17_T3_ctrl,137,44,138.46666666666667,0.15621517598628998,-0.08761899533816228
UBFC_PHYS_s17_T3_ctrl,137,45,138.5,0.4147781729698181,-0.15006240707189875
UBFC_PHYS_s17_T3_ctrl,137,46,138.53333333333333,0.5060577392578125,-0.23152227618212315
UBFC_PHYS_s17_T3_ctrl,137,47,138.56666666666666,0.5322897434234619,-0.3278558097918688
UBFC_PHYS_s17_T3_ctrl,137,48,138.6,0.5617057085037231,-0.43035979884342174
UBFC_PHYS_s17_T3_ctrl,137,49,138.63333333333333,0.5904076099395752,-0.5255022580082457
UBFC_PHYS_s17_T3_ctrl,137,50,138.66666666666666,0.5802940726280212,-0.596235460053997
UBFC_PHYS_s17_T3_ctrl,137,51,138.7,0.5684480667114258,-0.6250976852222014
UBFC_PHYS_s17_T3_ctrl,137,52,138.73333333333332,0.6744297742843628,-0.5987130105637062
UBFC_PHYS_s17_T3_ctrl,137,53,138.76666666666668,0.9369140863418579,-0.5125122551814816
UBFC_PHYS_s17_T3_ctrl,137,54,138.8,1.229060173034668,-0.373800889266982
UBFC_PHYS_s17_T3_ctrl,137,55,138.83333333333334,1.4253147840499878,-0.2013309093952597
UBFC_PHYS_s17_T3_ctrl,137,56,138.86666666666667,1.4844040870666504,-0.02071707878029178
UBFC_PHYS_s17_T3_ctrl,137,57,138.9,1.3750044107437134,0.14296673760600673
UBFC_PHYS_s17_T3_ctrl,137,58,138.93333333333334,1.1013765335083008,0.2723182133459568
UBFC_PHYS_s17_T3_ctrl,137,59,138.96666666666667,0.7329338788986206,0.36126782424717074
UBFC_PHYS_s17_T3_ctrl,137,60,139.0,0.25183749198913574,0.4140653697465256
UBFC_PHYS_s17_T3_ctrl,137,61,139.03333333333333,-0.3787148594856262,0.4409282314756328
UBFC_PHYS_s17_T3_ctrl,137,62,139.06666666666666,-0.9006518125534058,0.4529450602165072
UBFC_PHYS_s17_T3_ctrl,137,63,139.1,-1.024894118309021,0.4584577976382503
UBFC_PHYS_s17_T3_ctrl,137,64,139.13333333333333,-0.853209376335144,0.46184550883221354
UBFC_PHYS_s17_T3_ctrl,137,65,139.16666666666666,-0.6700884103775024,0.4643249581312881
UBFC_PHYS_s17_T3_ctrl,137,66,139.2,-0.5676769018173218,0.46568987125248285
UBFC_PHYS_s17_T3_ctrl,137,67,139.23333333333332,-0.5358496308326721,0.4658102958614601
UBFC_PHYS_s17_T3_ctrl,137,68,139.26666666666668,-0.6029222011566162,0.464976442203729
UBFC_PHYS_s17_T3_ctrl,137,69,139.3,-0.7452260851860046,0.4628485722566554
UBFC_PHYS_s17_T3_ctrl,137,70,139.33333333333334,-0.8955950140953064,0.4567606475961733
UBFC_PHYS_s17_T3_ctrl,137,71,139.36666666666667,-1.0015299320220947,0.44075963414025804
UBFC_PHYS_s17_T3_ctrl,137,72,139.4,-0.9724650979042053,0.40648513499433536
UBFC_PHYS_s17_T3_ctrl,137,73,139.43333333333334,-0.7201060056686401,0.34599020560237626
UBFC_PHYS_s17_T3_ctrl,137,74,139.46666666666667,-0.292574018239975,0.2554913533749173
UBFC_PHYS_s17_T3_ctrl,137,75,139.5,0.1336703598499298,0.13840262830838612
UBFC_PHYS_s17_T3_ctrl,137,76,139.53333333333333,0.35900139808654785,0.006172344664985161
UBFC_PHYS_s17_T3_ctrl,137,77,139.56666666666666,0.31371280550956726,-0.1237069891123583
UBFC_PHYS_s17_T3_ctrl,137,78,139.6,0.13981576263904572,-0.232015344979633
UBFC_PHYS_s17_T3_ctrl,137,79,139.63333333333333,0.04761146381497383,-0.30304907592945485
UBFC_PHYS_s17_T3_ctrl,137,80,139.66666666666666,0.05910627543926239,-0.3290788393042982
UBFC_PHYS_s17_T3_ctrl,137,81,139.7,0.0691964253783226,-0.3125861596633623
UBFC_PHYS_s17_T3_ctrl,137,82,139.73333333333332,0.06955929100513458,-0.26553107097930245
UBFC_PHYS_s17_T3_ctrl,137,83,139.76666666666668,0.08908408135175705,-0.2058223164391874
UBFC_PHYS_s17_T3_ctrl,137,84,139.8,0.06413964182138443,-0.15209650775738884
UBFC_PHYS_s17_T3_ctrl,137,85,139.83333333333334,-0.03149436414241791,-0.11856399023602085
UBFC_PHYS_s17_T3_ctrl,137,86,139.86666666666667,-0.11778737604618073,-0.11173329200936619
UBFC_PHYS_s17_T3_ctrl,137,87,139.9,-0.15056279301643372,-0.13006743054564013
UBFC_PHYS_s17_T3_ctrl,137,88,139.93333333333334,-0.20478270947933197,-0.16626675342528363
UBFC_PHYS_s17_T3_ctrl,137,89,139.96666666666667,-0.3643873333930969,-0.21075135677050247
UBFC_PHYS_s17_T3_ctrl,137,90,140.0,-0.5883254408836365,-0.2547361473523247
UBFC_PHYS_s17_T3_ctrl,137,91,140.03333333333333,-0.7196963429450989,-0.29191394199498427
UBFC_PHYS_s17_T3_ctrl,137,92,140.06666666666666,-0.6406022310256958,-0.31862327255773354
UBFC_PHYS_s17_T3_ctrl,137,93,140.1,-0.3813486099243164,-0.3330449805765458
UBFC_PHYS_s17_T3_ctrl,137,94,140.13333333333333,-0.07892508804798126,-0.3342397748147204
UBFC_PHYS_s17_T3_ctrl,137,95,140.16666666666666,0.16738222539424896,-0.3217246841639009
UBFC_PHYS_s17_T3_ctrl,137,96,140.2,0.35946962237358093,-0.29591457759163126
UBFC_PHYS_s17_T3_ctrl,137,97,140.23333333333332,0.5265072584152222,-0.25922919735428607
UBFC_PHYS_s17_T3_ctrl,137,98,140.26666666666668,0.6818861365318298,-0.21714560780703818
UBFC_PHYS_s17_T3_ctrl,137,99,140.3,0.8582999110221863,-0.17823996418311266
UBFC_PHYS_s17_T3_ctrl,137,100,140.33333333333334,1.0649605989456177,-0.15254032108573212
UBFC_PHYS_s17_T3_ctrl,137,101,140.36666666666667,1.228521704673767,-0.14830681680880292
UBFC_PHYS_s17_T3_ctrl,137,102,140.4,1.2592252492904663,-0.16833580958475503
UBFC_PHYS_s17_T3_ctrl,137,103,140.43333333333334,1.146267056465149,-0.20739850143771388
UBFC_PHYS_s17_T3_ctrl,137,104,140.46666666666667,0.9580308198928833,-0.2520487196386924
UBFC_PHYS_s17_T3_ctrl,137,105,140.5,0.7826237678527832,-0.28305530433415754
UBFC_PHYS_s17_T3_ctrl,137,106,140.53333333333333,0.6581708192825317,-0.2797420520219673
UBFC_PHYS_s17_T3_ctrl,137,107,140.56666666666666,0.5570586323738098,-0.22499603629907222
UBFC_PHYS_s17_T3_ctrl,137,108,140.6,0.4575852155685425,-0.10973939216500506
UBFC_PHYS_s17_T3_ctrl,137,109,140.63333333333333,0.36849457025527954,0.06402384647678247
UBFC_PHYS_s17_T3_ctrl,137,110,140.66666666666666,0.340740829706192,0.2821896279506782
UBFC_PHYS_s17_T3_ctrl,137,111,140.7,0.4551621675491333,0.5199438406403009
UBFC_PHYS_s17_T3_ctrl,137,112,140.73333333333332,0.6925498843193054,0.7456381496855259
UBFC_PHYS_s17_T3_ctrl,137,113,140.76666666666668,0.8762561678886414,0.9267527368831247
UBFC_PHYS_s17_T3_ctrl,137,114,140.8,0.8729434609413147,1.036904079927771
UBFC_PHYS_s17_T3_ctrl,137,115,140.83333333333334,0.6894479393959045,1.0621920808368348
UBFC_PHYS_s17_T3_ctrl,137,116,140.86666666666667,0.36948955059051514,1.0048369333672247
UBFC_PHYS_s17_T3_ctrl,137,117,140.9,0.040084823966026306,0.8825204241761828
UBFC_PHYS_s17_T3_ctrl,137,118,140.93333333333334,-0.11148981004953384,0.7232592912922328
UBFC_PHYS_s17_T3_ctrl,137,119,140.96666666666667,-0.06608413904905319,0.5573876146353215
UBFC_PHYS_s17_T3_ctrl,137,120,141.0,0.0009298964287154377,0.40940011993471276
UBFC_PHYS_s17_T3_ctrl,137,121,141.03333333333333,-0.040847063064575195,0.2923763133149846
UBFC_PHYS_s17_T3_ctrl,137,122,141.06666666666666,-0.17190194129943848,0.20646996400362902
UBFC_PHYS_s17_T3_ctrl,137,123,141.1,-0.35371190309524536,0.1413074746772364
UBFC_PHYS_s17_T3_ctrl,137,124,141.13333333333333,-0.5793941020965576,0.08096031868638634
UBFC_PHYS_s17_T3_ctrl,137,125,141.16666666666666,-0.85322105884552,0.009667872083623014
UBFC_PHYS_s17_T3_ctrl,137,126,141.2,-1.1786693334579468,-0.08344793054313315
UBFC_PHYS_s17_T3_ctrl,137,127,141.23333333333332,-1.5627154111862183,-0.2019197508656179
UBFC_PHYS_s17_T3_ctrl,137,128,141.26666666666668,-1.9611592292785645,-0.34212356643282843
UBFC_PHYS_s17_T3_ctrl,137,129,141.3,-2.1835989952087402,-0.49557813840740594
UBFC_PHYS_s17_T3_ctrl,137,130,141.33333333333334,-2.0509872436523438,-0.6520850962474145
UBFC_PHYS_s17_T3_ctrl,137,131,141.36666666666667,-1.6366004943847656,-0.8022418785266686
UBFC_PHYS_s17_T3_ctrl,137,132,141.4,-1.1722781658172607,-0.9383120142870135
UBFC_PHYS_s17_T3_ctrl,137,133,141.43333333333334,-0.8089976906776428,-1.0532874567182242
UBFC_PHYS_s17_T3_ctrl,137,134,141.46666666666667,-0.6233834028244019,-1.1388490766781847
UBFC_PHYS_s17_T3_ctrl,137,135,141.5,-0.6390687823295593,-1.183587798851929
UBFC_PHYS_s17_T3_ctrl,137,136,141.53333333333333,-0.7264621257781982,-1.1730598735913282
UBFC_PHYS_s17_T3_ctrl,137,137,141.56666666666666,-0.69511479139328,-1.092678079308913
UBFC_PHYS_s17_T3_ctrl,137,138,141.6,-0.5151776671409607,-0.9330541349321456
UBFC_PHYS_s17_T3_ctrl,137,139,141.63333333333333,-0.3197893500328064,-0.6958171073261493
UBFC_PHYS_s17_T3_ctrl,137,140,141.66666666666666,-0.255888968706131,-0.39706819806657784
UBFC_PHYS_s17_T3_ctrl,137,141,141.7,-0.3489009439945221,-0.06626881247605605
UBFC_PHYS_s17_T3_ctrl,137,142,141.73333333333332,-0.5171676278114319,0.2595524601802501
UBFC_PHYS_s17_T3_ctrl,137,143,141.76666666666668,-0.6719729900360107,0.5441193684841071
UBFC_PHYS_s17_T3_ctrl,137,144,141.8,-0.7514065504074097,0.7595687126986621
UBFC_PHYS_s17_T3_ctrl,137,145,141.83333333333334,-0.7468180060386658,0.890903533632575
UBFC_PHYS_s17_T3_ctrl,137,146,141.86666666666667,-0.7503530979156494,0.9364613494314445
UBFC_PHYS_s17_T3_ctrl,137,147,141.9,-0.8663078546524048,0.905381574184925
UBFC_PHYS_s17_T3_ctrl,137,148,141.93333333333334,-1.0189008712768555,0.8138477079915295
UBFC_PHYS_s17_T3_ctrl,137,149,141.96666666666667,-0.9804365634918213,0.6816194928542878
UBFC_PHYS_s17_T3_ctrl,137,150,142.0,-0.6564514636993408,0.5295574779134384
UBFC_PHYS_s17_T3_ctrl,137,151,142.03333333333333,-0.2053796947002411,0.37806883761432136
UBFC_PHYS_s17_T3_ctrl,137,152,142.06666666666666,0.17160792648792267,0.24602025552326454
UBFC_PHYS_s17_T3_ctrl,137,153,142.1,0.391144722700119,0.1495776733445147
UBFC_PHYS_s17_T3_ctrl,137,154,142.13333333333333,0.44202858209609985,0.10049001025028231
UBFC_PHYS_s17_T3_ctrl,137,155,142.16666666666666,0.3832318186759949,0.1037058649723992
UBFC_PHYS_s17_T3_ctrl,137,156,142.2,0.31862911581993103,0.1549631155024921
UBFC_PHYS_s17_T3_ctrl,137,157,142.23333333333332,0.30693531036376953,0.23966985552364584
UBFC_PHYS_s17_T3_ctrl,137,158,142.26666666666668,0.34978917241096497,0.33443437783989505
UBFC_PHYS_s17_T3_ctrl,137,159,142.3,0.42984315752983093,0.41179178294088986
UBFC_PHYS_s17_T3_ctrl,137,160,142.33333333333334,0.5183134078979492,0.4472280298334314
UBFC_PHYS_s17_T3_ctrl,137,161,142.36666666666667,0.5835716128349304,0.4260897886032858
UBFC_PHYS_s17_T3_ctrl,137,162,142.4,0.6078137159347534,0.34730405094550115
UBFC_PHYS_s17_T3_ctrl,137,163,142.43333333333334,0.5721704363822937,0.2220760505289188
UBFC_PHYS_s17_T3_ctrl,137,164,142.46666666666667,0.458755761384964,0.06866311209746716
UBFC_PHYS_s17_T3_ctrl,137,165,142.5,0.29345056414604187,-0.09353727599891688
UBFC_PHYS_s17_T3_ctrl,137,166,142.53333333333333,0.1140870526432991,-0.24793245625416854
UBFC_PHYS_s17_T3_ctrl,137,167,142.56666666666666,-0.13594262301921844,-0.3821888374977422
UBFC_PHYS_s17_T3_ctrl,137,168,142.6,-0.5038350820541382,-0.4881679770626646
UBFC_PHYS_s17_T3_ctrl,137,169,142.63333333333333,-0.7984626889228821,-0.561495091666576
UBFC_PHYS_s17_T3_ctrl,137,170,142.66666666666666,-0.7230558395385742,-0.6012477083327632
UBFC_PHYS_s17_T3_ctrl,137,171,142.7,-0.2996675670146942,-0.609585989302667
UBFC_PHYS_s17_T3_ctrl,137,172,142.73333333333332,0.0913783609867096,-0.5910489583925499
UBFC_PHYS_s17_T3_ctrl,137,173,142.76666666666668,0.1151522547006607,-0.5515368602513644
UBFC_PHYS_s17_T3_ctrl,137,174,142.8,-0.2845674753189087,-0.49723449078737686
UBFC_PHYS_s17_T3_ctrl,137,175,142.83333333333334,-0.9438802599906921,-0.43374459700041285
UBFC_PHYS_s17_T3_ctrl,137,176,142.86666666666667,-1.5388596057891846,-0.36556295709909326
UBFC_PHYS_s17_T3_ctrl,137,177,142.9,-1.8205642700195312,-0.29586906854375433
UBFC_PHYS_s17_T3_ctrl,137,178,142.93333333333334,-1.8930448293685913,-0.2265337880326825
UBFC_PHYS_s17_T3_ctrl,137,179,142.96666666666667,-1.8851670026779175,-0.1582645638654127
UBFC_PHYS_s17_T3_ctrl,137,180,143.0,-1.5326088666915894,-0.090866698890632
UBFC_PHYS_s17_T3_ctrl,137,181,143.03333333333333,-0.5879859328269958,-0.023642306113344357
UBFC_PHYS_s17_T3_ctrl,137,182,143.06666666666666,0.5805866718292236,0.04405713501288529
UBFC_PHYS_s17_T3_ctrl,137,183,143.1,1.4480468034744263,0.11216937482891837
UBFC_PHYS_s17_T3_ctrl,137,184,143.13333333333333,1.8009912967681885,0.1792913805112364
UBFC_PHYS_s17_T3_ctrl,137,185,143.16666666666666,1.6624683141708374,0.2423158753098299
UBFC_PHYS_s17_T3_ctrl,137,186,143.2,1.1928901672363281,0.2965980577334821
UBFC_PHYS_s17_T3_ctrl,137,187,143.23333333333332,0.7240377068519592,0.3367835658003675
UBFC_PHYS_s17_T3_ctrl,137,188,143.26666666666668,0.49211645126342773,0.3581336540831681
UBFC_PHYS_s17_T3_ctrl,137,189,143.3,0.33608201146125793,0.35790766110410865
UBFC_PHYS_s17_T3_ctrl,137,190,143.33333333333334,0.05787719786167145,0.3362940557035793
UBFC_PHYS_s17_T3_ctrl,137,191,143.36666666666667,-0.16109775006771088,0.2965304287793768
UBFC_PHYS_s17_T3_ctrl,137,192,143.4,-0.059681229293346405,0.24413241600018898
UBFC_PHYS_s17_T3_ctrl,137,193,143.43333333333334,0.27533042430877686,0.18548234774588232
UBFC_PHYS_s17_T3_ctrl,137,194,143.46666666666667,0.5880548357963562,0.12630240688054595
UBFC_PHYS_s17_T3_ctrl,137,195,143.5,0.792631983757019,0.07059044622803604
UBFC_PHYS_s17_T3_ctrl,137,196,143.53333333333333,0.899491548538208,0.02036300573671245
UBFC_PHYS_s17_T3_ctrl,137,197,143.56666666666666,0.8970100283622742,-0.023812648071429396
UBFC_PHYS_s17_T3_ctrl,137,198,143.6,0.8525056838989258,-0.06180477616175799
UBFC_PHYS_s17_T3_ctrl,137,199,143.63333333333333,0.8849767446517944,-0.09288526004377454
UBFC_PHYS_s17_T3_ctrl,137,200,143.66666666666666,0.990689218044281,-0.11516553160496787
UBFC_PHYS_s17_T3_ctrl,137,201,143.7,1.0733885765075684,-0.1258317839828092
UBFC_PHYS_s17_T3_ctrl,137,202,143.73333333333332,1.0948448181152344,-0.12217721315329985
UBFC_PHYS_s17_T3_ctrl,137,203,143.76666666666668,1.0652532577514648,-0.10303731475676632
UBFC_PHYS_s17_T3_ctrl,137,204,143.8,0.977415144443512,-0.06996949554235567
UBFC_PHYS_s17_T3_ctrl,137,205,143.83333333333334,0.8467699885368347,-0.027542008094656217
UBFC_PHYS_s17_T3_ctrl,137,206,143.86666666666667,0.7247517108917236,0.01754617617936472
UBFC_PHYS_s17_T3_ctrl,137,207,143.9,0.6210877299308777,0.05824080040655431
UBFC_PHYS_s17_T3_ctrl,137,208,143.93333333333334,0.46485432982444763,0.08906000415033306
UBFC_PHYS_s17_T3_ctrl,137,209,143.96666666666667,0.21684971451759338,0.10737010385638968
UBFC_PHYS_s17_T3_ctrl,137,210,144.0,-0.002230590907856822,0.11362544574409465
UBFC_PHYS_s17_T3_ctrl,137,211,144.03333333333333,0.01135950442403555,0.11069904523606652
UBFC_PHYS_s17_T3_ctrl,137,212,144.06666666666666,0.2713037431240082,0.10264842419668582
UBFC_PHYS_s17_T3_ctrl,137,213,144.1,0.6070411205291748,0.09326459979002466
UBFC_PHYS_s17_T3_ctrl,137,214,144.13333333333333,0.8852225542068481,0.08477730359232878
UBFC_PHYS_s17_T3_ctrl,137,215,144.16666666666666,1.1148260831832886,0.07716362375463469
UBFC_PHYS_s17_T3_ctrl,137,216,144.2,1.3055088520050049,0.06845711503359278
UBFC_PHYS_s17_T3_ctrl,137,217,144.23333333333332,1.3901865482330322,0.056017054762770004
UBFC_PHYS_s17_T3_ctrl,137,218,144.26666666666668,1.382694959640503,0.03798594042299468
UBFC_PHYS_s17_T3_ctrl,137,219,144.3,1.4526822566986084,0.013885290266443855
UBFC_PHYS_s17_T3_ctrl,137,220,144.33333333333334,1.6796754598617554,-0.01603360789843569
UBFC_PHYS_s17_T3_ctrl,137,221,144.36666666666667,1.875227689743042,-0.052047386676730825
UBFC_PHYS_s17_T3_ctrl,137,222,144.4,1.7444303035736084,-0.09569233282793967
UBFC_PHYS_s17_T3_ctrl,137,223,144.43333333333334,1.2718437910079956,-0.1491096662367868
UBFC_PHYS_s17_T3_ctrl,137,224,144.46666666666667,0.8710471987724304,-0.2129347973572738
UBFC_PHYS_s17_T3_ctrl,137,225,144.5,0.9455644488334656,-0.2835150260558899
UBFC_PHYS_s17_T3_ctrl,137,226,144.53333333333333,1.3139485120773315,-0.3507646997629368
UBFC_PHYS_s17_T3_ctrl,137,227,144.56666666666666,1.3827184438705444,-0.3980523259700044
UBFC_PHYS_s17_T3_ctrl,137,228,144.6,0.9471797943115234,-0.40511667784085714
UBFC_PHYS_s17_T3_ctrl,137,229,144.63333333333333,0.31769266724586487,-0.35394958804756393
UBFC_PHYS_s17_T3_ctrl,137,230,144.66666666666666,-0.21960188448429108,-0.23603133279971306
UBFC_PHYS_s17_T3_ctrl,137,231,144.7,-0.7178000211715698,-0.058148903328064716
UBFC_PHYS_s17_T3_ctrl,137,232,144.73333333333332,-1.3716580867767334,0.155879600900061
UBFC_PHYS_s17_T3_ctrl,137,233,144.76666666666668,-2.270500659942627,0.3688792448256955
UBFC_PHYS_s17_T3_ctrl,137,234,144.8,-3.1297085285186768,0.5386652931074762
UBFC_PHYS_s17_T3_ctrl,137,235,144.83333333333334,-3.3693201541900635,0.6285472077903793
UBFC_PHYS_s17_T3_ctrl,137,236,144.86666666666667,-2.8485538959503174,0.616703537978737
UBFC_PHYS_s17_T3_ctrl,137,237,144.9,-2.0986521244049072,0.5016840601835383
UBFC_PHYS_s17_T3_ctrl,137,238,144.93333333333334,-1.5044453144073486,0.3028309657346706
UBFC_PHYS_s17_T3_ctrl,137,239,144.96666666666667,-0.9317299127578735,0.056052510353700034
UBFC_PHYS_s17_T3_ctrl,138,0,138.0,-1.700641393661499,0.20153728439016438
UBFC_PHYS_s17_T3_ctrl,138,1,138.03333333333333,-1.8467847108840942,0.3018989037919583
UBFC_PHYS_s17_T3_ctrl,138,2,138.06666666666666,-1.479711651802063,0.38067425418456496
UBFC_PHYS_s17_T3_ctrl,138,3,138.1,-0.7760934829711914,0.4239479601207188
UBFC_PHYS_s17_T3_ctrl,138,4,138.13333333333333,-0.1625492423772812,0.42678197573546517
UBFC_PHYS_s17_T3_ctrl,138,5,138.16666666666666,0.11476597189903259,0.39347578601917776
UBFC_PHYS_s17_T3_ctrl,138,6,138.2,0.04833720624446869,0.3345331983736725
UBFC_PHYS_s17_T3_ctrl,138,7,138.23333333333332,-0.3365984559059143,0.26190950137651836
UBFC_PHYS_s17_T3_ctrl,138,8,138.26666666666668,-0.9201765656471252,0.18482150747442821
UBFC_PHYS_s17_T3_ctrl,138,9,138.3,-1.405838131904602,0.10784252136812651
UBFC_PHYS_s17_T3_ctrl,138,10,138.33333333333334,-1.5614043474197388,0.03146739736824249
UBFC_PHYS_s17_T3_ctrl,138,11,138.36666666666667,-1.3506934642791748,-0.046016935154233475
UBFC_PHYS_s17_T3_ctrl,138,12,138.4,-0.8714699745178223,-0.12673683701080954
UBFC_PHYS_s17_T3_ctrl,138,13,138.43333333333334,-0.30409225821495056,-0.21224064723398875
UBFC_PHYS_s17_T3_ctrl,138,14,138.46666666666667,0.15621517598628998,-0.3032803319925011
UBFC_PHYS_s17_T3_ctrl,138,15,138.5,0.4147781729698181,-0.3998698350674543
UBFC_PHYS_s17_T3_ctrl,138,16,138.53333333333333,0.5060577392578125,-0.5010399281907122
UBFC_PHYS_s17_T3_ctrl,138,17,138.56666666666666,0.5322897434234619,-0.6039892305816311
UBFC_PHYS_s17_T3_ctrl,138,18,138.6,0.5617057085037231,-0.7028293046656475
UBFC_PHYS_s17_T3_ctrl,138,19,138.63333333333333,0.5904076099395752,-0.787574272119874
UBFC_PHYS_s17_T3_ctrl,138,20,138.66666666666666,0.5802940726280212,-0.8442009434500878
UBFC_PHYS_s17_T3_ctrl,138,21,138.7,0.5684480667114258,-0.8564453698610416
UBFC_PHYS_s17_T3_ctrl,138,22,138.73333333333332,0.6744297742843628,-0.8095165457817982
UBFC_PHYS_s17_T3_ctrl,138,23,138.76666666666668,0.9369140863418579,-0.695075351288252
UBFC_PHYS_s17_T3_ctrl,138,24,138.8,1.229060173034668,-0.5158451594241402
UBFC_PHYS_s17_T3_ctrl,138,25,138.83333333333334,1.4253147840499878,-0.28768157214618306
UBFC_PHYS_s17_T3_ctrl,138,26,138.86666666666667,1.4844040870666504,-0.03744316871738224
UBFC_PHYS_s17_T3_ctrl,138,27,138.9,1.3750044107437134,0.20323565114560407
UBFC_PHYS_s17_T3_ctrl,138,28,138.93333333333334,1.1013765335083008,0.40589285822990506
UBFC_PHYS_s17_T3_ctrl,138,29,138.96666666666667,0.7329338788986206,0.5515350085257439
UBFC_PHYS_s17_T3_ctrl,138,30,139.0,0.25183749198913574,0.633203955220062
UBFC_PHYS_s17_T3_ctrl,138,31,139.03333333333333,-0.3787148594856262,0.6549711087538146
UBFC_PHYS_s17_T3_ctrl,138,32,139.06666666666666,-0.9006518125534058,0.6288333819963863
UBFC_PHYS_s17_T3_ctrl,138,33,139.1,-1.024894118309021,0.5710442065661847
UBFC_PHYS_s17_T3_ctrl,138,34,139.13333333333333,-0.853209376335144,0.49882059030926473
UBFC_PHYS_s17_T3_ctrl,138,35,139.16666666666666,-0.6700884103775024,0.42774022586001437
UBFC_PHYS_s17_T3_ctrl,138,36,139.2,-0.5676769018173218,0.36982215006386543
UBFC_PHYS_s17_T3_ctrl,138,37,139.23333333333332,-0.5358496308326721,0.3322031351241288
UBFC_PHYS_s17_T3_ctrl,138,38,139.26666666666668,-0.6029222011566162,0.31630476041365213
UBFC_PHYS_s17_T3_ctrl,138,39,139.3,-0.7452260851860046,0.31748395109954836
UBFC_PHYS_s17_T3_ctrl,138,40,139.33333333333334,-0.8955950140953064,0.3254214063792805
UBFC_PHYS_s17_T3_ctrl,138,41,139.36666666666667,-1.0015299320220947,0.3257354496152684
UBFC_PHYS_s17_T3_ctrl,138,42,139.4,-0.9724650979042053,0.3032141283926993
UBFC_PHYS_s17_T3_ctrl,138,43,139.43333333333334,-0.7201060056686401,0.24642438598332697
UBFC_PHYS_s17_T3_ctrl,138,44,139.46666666666667,-0.292574018239975,0.15244282866095807
UBFC_PHYS_s17_T3_ctrl,138,45,139.5,0.1336703598499298,0.029730301291215542
UBFC_PHYS_s17_T3_ctrl,138,46,139.53333333333333,0.35900139808654785,-0.10258211850721533
UBFC_PHYS_s17_T3_ctrl,138,47,139.56666666666666,0.31371280550956726,-0.21938419478570442
UBFC_PHYS_s17_T3_ctrl,138,48,139.6,0.13981576263904572,-0.2967756947440942
UBFC_PHYS_s17_T3_ctrl,138,49,139.63333333333333,0.04761146381497383,-0.3190721061122958
UBFC_PHYS_s17_T3_ctrl,138,50,139.66666666666666,0.05910627543926239,-0.28320766354322535
UBFC_PHYS_s17_T3_ctrl,138,51,139.7,0.0691964253783226,-0.19938260409470615
UBFC_PHYS_s17_T3_ctrl,138,52,139.73333333333332,0.06955929100513458,-0.08812551901125973
UBFC_PHYS_s17_T3_ctrl,138,53,139.76666666666668,0.08908408135175705,0.025190497223178118
UBFC_PHYS_s17_T3_ctrl,138,54,139.8,0.06413964182138443,0.11693173139453929
UBFC_PHYS_s17_T3_ctrl,138,55,139.83333333333334,-0.03149436414241791,0.17113434527142599
UBFC_PHYS_s17_T3_ctrl,138,56,139.86666666666667,-0.11778737604618073,0.1827916377130109
UBFC_PHYS_s17_T3_ctrl,138,57,139.9,-0.15056279301643372,0.15714605749335633
UBFC_PHYS_s17_T3_ctrl,138,58,139.93333333333334,-0.20478270947933197,0.10549860144747499
UBFC_PHYS_s17_T3_ctrl,138,59,139.96666666666667,-0.3643873333930969,0.039896721489672105
UBFC_PHYS_s17_T3_ctrl,138,60,140.0,-0.5883254408836365,-0.030577098973774232
UBFC_PHYS_s17_T3_ctrl,138,61,140.03333333333333,-0.7196963429450989,-0.1005278775257533
UBFC_PHYS_s17_T3_ctrl,138,62,140.06666666666666,-0.6406022310256958,-0.16668104356381577
UBFC_PHYS_s17_T3_ctrl,138,63,140.1,-0.3813486099243164,-0.22601212549531363
UBFC_PHYS_s17_T3_ctrl,138,64,140.13333333333333,-0.07892508804798126,-0.27515153803901155
UBFC_PHYS_s17_T3_ctrl,138,65,140.16666666666666,0.16738222539424896,-0.31131087989214296
UBFC_PHYS_s17_T3_ctrl,138,66,140.2,0.35946962237358093,-0.3339681468711097
UBFC_PHYS_s17_T3_ctrl,138,67,140.23333333333332,0.5265072584152222,-0.34624447338195036
UBFC_PHYS_s17_T3_ctrl,138,68,140.26666666666668,0.6818861365318298,-0.35510267054635414
UBFC_PHYS_s17_T3_ctrl,138,69,140.3,0.8582999110221863,-0.36992852148672317
UBFC_PHYS_s17_T3_ctrl,138,70,140.33333333333334,1.0649605989456177,-0.39956420912654
UBFC_PHYS_s17_T3_ctrl,138,71,140.36666666666667,1.228521704673767,-0.44850169607820534
UBFC_PHYS_s17_T3_ctrl,138,72,140.4,1.2592252492904663,-0.5136088011540615
UBFC_PHYS_s17_T3_ctrl,138,73,140.43333333333334,1.146267056465149,-0.5828994321616958
UBFC_PHYS_s17_T3_ctrl,138,74,140.46666666666667,0.9580308198928833,-0.6371254923901277
UBFC_PHYS_s17_T3_ctrl,138,75,140.5,0.7826237678527832,-0.653828251098054
UBFC_PHYS_s17_T3_ctrl,138,76,140.53333333333333,0.6581708192825317,-0.61264962656385
UBFC_PHYS_s17_T3_ctrl,138,77,140.56666666666666,0.5570586323738098,-0.5004636326880509
UBFC_PHYS_s17_T3_ctrl,138,78,140.6,0.4575852155685425,-0.3151599416942669
UBFC_PHYS_s17_T3_ctrl,138,79,140.63333333333333,0.36849457025527954,-0.06739678345329671
UBFC_PHYS_s17_T3_ctrl,138,80,140.66666666666666,0.340740829706192,0.21995736518500097
UBFC_PHYS_s17_T3_ctrl,138,81,140.7,0.4551621675491333,0.5147641089883288
UBFC_PHYS_s17_T3_ctrl,138,82,140.73333333333332,0.6925498843193054,0.7808477393961827
UBFC_PHYS_s17_T3_ctrl,138,83,140.76666666666668,0.8762561678886414,0.9849730564728159
UBFC_PHYS_s17_T3_ctrl,138,84,140.8,0.8729434609413147,1.104181199358248
UBFC_PHYS_s17_T3_ctrl,138,85,140.83333333333334,0.6894479393959045,1.1314010115987838
UBFC_PHYS_s17_T3_ctrl,138,86,140.86666666666667,0.36948955059051514,1.0773249727488434
UBFC_PHYS_s17_T3_ctrl,138,87,140.9,0.040084823966026306,0.9675006233213874
UBFC_PHYS_s17_T3_ctrl,138,88,140.93333333333334,-0.11148981004953384,0.8351315692663782
UBFC_PHYS_s17_T3_ctrl,138,89,140.96666666666667,-0.06608413904905319,0.7116578712944258
UBFC_PHYS_s17_T3_ctrl,138,90,141.0,0.0009298964287154377,0.6181430711933339
UBFC_PHYS_s17_T3_ctrl,138,91,141.03333333333333,-0.040847063064575195,0.560272574662304
UBFC_PHYS_s17_T3_ctrl,138,92,141.06666666666666,-0.17190194129943848,0.5283491069160293
UBFC_PHYS_s17_T3_ctrl,138,93,141.1,-0.35371190309524536,0.5018882788361292
UBFC_PHYS_s17_T3_ctrl,138,94,141.13333333333333,-0.5793941020965576,0.4571241834878921
UBFC_PHYS_s17_T3_ctrl,138,95,141.16666666666666,-0.85322105884552,0.375010170382901
UBFC_PHYS_s17_T3_ctrl,138,96,141.2,-1.1786693334579468,0.24706475402520447
UBFC_PHYS_s17_T3_ctrl,138,97,141.23333333333332,-1.5627154111862183,0.07706436631785461
UBFC_PHYS_s17_T3_ctrl,138,98,141.26666666666668,-1.9611592292785645,-0.12173594170942237
UBFC_PHYS_s17_T3_ctrl,138,99,141.3,-2.1835989952087402,-0.3322830687379946
UBFC_PHYS_s17_T3_ctrl,138,100,141.33333333333334,-2.0509872436523438,-0.5396707639885983
UBFC_PHYS_s17_T3_ctrl,138,101,141.36666666666667,-1.6366004943847656,-0.7348868579620597
UBFC_PHYS_s17_T3_ctrl,138,102,141.4,-1.1722781658172607,-0.9150937482023432
UBFC_PHYS_s17_T3_ctrl,138,103,141.43333333333334,-0.8089976906776428,-1.0806952715094464
UBFC_PHYS_s17_T3_ctrl,138,104,141.46666666666667,-0.6233834028244019,-1.2306144390908902
UBFC_PHYS_s17_T3_ctrl,138,105,141.5,-0.6390687823295593,-1.3577849648934386
UBFC_PHYS_s17_T3_ctrl,138,106,141.53333333333333,-0.7264621257781982,-1.4468573836693062
UBFC_PHYS_s17_T3_ctrl,138,107,141.56666666666666,-0.69511479139328,-1.475553492502974
UBFC_PHYS_s17_T3_ctrl,138,108,141.6,-0.5151776671409607,-1.419996126223786
UBFC_PHYS_s17_T3_ctrl,138,109,141.63333333333333,-0.3197893500328064,-1.2627982851047244
UBFC_PHYS_s17_T3_ctrl,138,110,141.66666666666666,-0.255888968706131,-1.0011700546731346
UBFC_PHYS_s17_T3_ctrl,138,111,141.7,-0.3489009439945221,-0.6517297065607408
UBFC_PHYS_s17_T3_ctrl,138,112,141.73333333333332,-0.5171676278114319,-0.2497009242989827
UBFC_PHYS_s17_T3_ctrl,138,113,141.76666666666668,-0.6719729900360107,0.15771233420543837
UBFC_PHYS_s17_T3_ctrl,138,114,141.8,-0.7514065504074097,0.5217799943752235
UBFC_PHYS_s17_T3_ctrl,138,115,141.83333333333334,-0.7468180060386658,0.803156405779218
UBFC_PHYS_s17_T3_ctrl,138,116,141.86666666666667,-0.7503530979156494,0.9798416612750447
UBFC_PHYS_s17_T3_ctrl,138,117,141.9,-0.8663078546524048,1.050062303135896
UBFC_PHYS_s17_T3_ctrl,138,118,141.93333333333334,-1.0189008712768555,1.0299218008925184
UBFC_PHYS_s17_T3_ctrl,138,119,141.96666666666667,-0.9804365634918213,0.9473478599171008
UBFC_PHYS_s17_T3_ctrl,138,120,142.0,-0.6564514636993408,0.8345339578624292
UBFC_PHYS_s17_T3_ctrl,138,121,142.03333333333333,-0.2053796947002411,0.720935892295134
UBFC_PHYS_s17_T3_ctrl,138,122,142.06666666666666,0.17160792648792267,0.6283799230153242
UBFC_PHYS_s17_T3_ctrl,138,123,142.1,0.391144722700119,0.5689527924746636
UBFC_PHYS_s17_T3_ctrl,138,124,142.13333333333333,0.44202858209609985,0.5451735531438525
UBFC_PHYS_s17_T3_ctrl,138,125,142.16666666666666,0.3832318186759949,0.551258290715041
UBFC_PHYS_s17_T3_ctrl,138,126,142.2,0.31862911581993103,0.5746352033083603
UBFC_PHYS_s17_T3_ctrl,138,127,142.23333333333332,0.30693531036376953,0.5977731724672531
UBFC_PHYS_s17_T3_ctrl,138,128,142.26666666666668,0.34978917241096497,0.6009669113174222
UBFC_PHYS_s17_T3_ctrl,138,129,142.3,0.42984315752983093,0.5664577891366532
UBFC_PHYS_s17_T3_ctrl,138,130,142.33333333333334,0.5183134078979492,0.4832431766912764
UBFC_PHYS_s17_T3_ctrl,138,131,142.36666666666667,0.5835716128349304,0.3508241051531008
UBFC_PHYS_s17_T3_ctrl,138,132,142.4,0.6078137159347534,0.17986673967609218
UBFC_PHYS_s17_T3_ctrl,138,133,142.43333333333334,0.5721704363822937,-0.011063368614477523
UBFC_PHYS_s17_T3_ctrl,138,134,142.46666666666667,0.458755761384964,-0.20129894514148272
UBFC_PHYS_s17_T3_ctrl,138,135,142.5,0.29345056414604187,-0.3735239145739503
UBFC_PHYS_s17_T3_ctrl,138,136,142.53333333333333,0.1140870526432991,-0.516625920322495
UBFC_PHYS_s17_T3_ctrl,138,137,142.56666666666666,-0.13594262301921844,-0.6255989619558832
UBFC_PHYS_s17_T3_ctrl,138,138,142.6,-0.5038350820541382,-0.6997067525424964
UBFC_PHYS_s17_T3_ctrl,138,139,142.63333333333333,-0.7984626889228821,-0.7405243397776766
UBFC_PHYS_s17_T3_ctrl,138,140,142.66666666666666,-0.7230558395385742,-0.7508341273759568
UBFC_PHYS_s17_T3_ctrl,138,141,142.7,-0.2996675670146942,-0.7344071671586917
UBFC_PHYS_s17_T3_ctrl,138,142,142.73333333333332,0.0913783609867096,-0.6961706174120508
UBFC_PHYS_s17_T3_ctrl,138,143,142.76666666666668,0.1151522547006607,-0.6422255473112661
UBFC_PHYS_s17_T3_ctrl,138,144,142.8,-0.2845674753189087,-0.5793745447016097
UBFC_PHYS_s17_T3_ctrl,138,145,142.83333333333334,-0.9438802599906921,-0.5140743568377745
UBFC_PHYS_s17_T3_ctrl,138,146,142.86666666666667,-1.5388596057891846,-0.45097946762702174
UBFC_PHYS_s17_T3_ctrl,138,147,142.9,-1.8205642700195312,-0.39148102401331497
UBFC_PHYS_s17_T3_ctrl,138,148,142.93333333333334,-1.8930448293685913,-0.3328384322835993
UBFC_PHYS_s17_T3_ctrl,138,149,142.96666666666667,-1.8851670026779175,-0.2685198834302842
UBFC_PHYS_s17_T3_ctrl,138,150,143.0,-1.5326088666915894,-0.19008513356028064
UBFC_PHYS_s17_T3_ctrl,138,151,143.03333333333333,-0.5879859328269958,-0.09034746623497672
UBFC_PHYS_s17_T3_ctrl,138,152,143.06666666666666,0.5805866718292236,0.03315481252376151
UBFC_PHYS_s17_T3_ctrl,138,153,143.1,1.4480468034744263,0.17572749570249324
UBFC_PHYS_s17_T3_ctrl,138,154,143.13333333333333,1.8009912967681885,0.3252157909152523
UBFC_PHYS_s17_T3_ctrl,138,155,143.16666666666666,1.6624683141708374,0.46412669259371214
UBFC_PHYS_s17_T3_ctrl,138,156,143.2,1.1928901672363281,0.573568298507174
UBFC_PHYS_s17_T3_ctrl,138,157,143.23333333333332,0.7240377068519592,0.637762780524599
UBFC_PHYS_s17_T3_ctrl,138,158,143.26666666666668,0.49211645126342773,0.6477792146036171
UBFC_PHYS_s17_T3_ctrl,138,159,143.3,0.33608201146125793,0.6035134884728179
UBFC_PHYS_s17_T3_ctrl,138,160,143.33333333333334,0.05787719786167145,0.5135725457934891
UBFC_PHYS_s17_T3_ctrl,138,161,143.36666666666667,-0.16109775006771088,0.39326454460662824
UBFC_PHYS_s17_T3_ctrl,138,162,143.4,-0.059681229293346405,0.2611974829842629
UBFC_PHYS_s17_T3_ctrl,138,163,143.43333333333334,0.27533042430877686,0.13524825910541624
UBFC_PHYS_s17_T3_ctrl,138,164,143.46666666666667,0.5880548357963562,0.02898853874619116
UBFC_PHYS_s17_T3_ctrl,138,165,143.5,0.792631983757019,-0.05034270570446801
UBFC_PHYS_s17_T3_ctrl,138,166,143.53333333333333,0.899491548538208,-0.10183219161485056
UBFC_PHYS_s17_T3_ctrl,138,167,143.56666666666666,0.8970100283622742,-0.12917526530903478
UBFC_PHYS_s17_T3_ctrl,138,168,143.6,0.8525056838989258,-0.13806642044459266
UBFC_PHYS_s17_T3_ctrl,138,169,143.63333333333333,0.8849767446517944,-0.1336194249080219
UBFC_PHYS_s17_T3_ctrl,138,170,143.66666666666666,0.990689218044281,-0.11861060565213377
UBFC_PHYS_s17_T3_ctrl,138,171,143.7,1.0733885765075684,-0.09305000879523007
UBFC_PHYS_s17_T3_ctrl,138,172,143.73333333333332,1.0948448181152344,-0.055163703863335974
UBFC_PHYS_s17_T3_ctrl,138,173,143.76666666666668,1.0652532577514648,-0.003382314085442902
UBFC_PHYS_s17_T3_ctrl,138,174,143.8,0.977415144443512,0.06148646332569237
UBFC_PHYS_s17_T3_ctrl,138,175,143.83333333333334,0.8467699885368347,0.13485772184737863
UBFC_PHYS_s17_T3_ctrl,138,176,143.86666666666667,0.7247517108917236,0.2084152196769618
UBFC_PHYS_s17_T3_ctrl,138,177,143.9,0.6210877299308777,0.27166682707538475
UBFC_PHYS_s17_T3_ctrl,138,178,143.93333333333334,0.46485432982444763,0.3144219375748355
UBFC_PHYS_s17_T3_ctrl,138,179,143.96666666666667,0.21684971451759338,0.3292997065511633
UBFC_PHYS_s17_T3_ctrl,138,180,144.0,-0.002230590907856822,0.3135600995354252
UBFC_PHYS_s17_T3_ctrl,138,181,144.03333333333333,0.01135950442403555,0.26985011041805385
UBFC_PHYS_s17_T3_ctrl,138,182,144.06666666666666,0.2713037431240082,0.20557336974740473
UBFC_PHYS_s17_T3_ctrl,138,183,144.1,0.6070411205291748,0.13081302357019958
UBFC_PHYS_s17_T3_ctrl,138,184,144.13333333333333,0.8852225542068481,0.055329949885128106
UBFC_PHYS_s17_T3_ctrl,138,185,144.16666666666666,1.1148260831832886,-0.014256182724604624
UBFC_PHYS_s17_T3_ctrl,138,186,144.2,1.3055088520050049,-0.075958055731095
UBFC_PHYS_s17_T3_ctrl,138,187,144.23333333333332,1.3901865482330322,-0.13208635924484582
UBFC_PHYS_s17_T3_ctrl,138,188,144.26666666666668,1.382694959640503,-0.18757497970118872
UBFC_PHYS_s17_T3_ctrl,138,189,144.3,1.4526822566986084,-0.2480333507297876
UBFC_PHYS_s17_T3_ctrl,138,190,144.33333333333334,1.6796754598617554,-0.31832532770792615
UBFC_PHYS_s17_T3_ctrl,138,191,144.36666666666667,1.875227689743042,-0.4017518201624425
UBFC_PHYS_s17_T3_ctrl,138,192,144.4,1.7444303035736084,-0.49941024024056857
UBFC_PHYS_s17_T3_ctrl,138,193,144.43333333333334,1.2718437910079956,-0.6092961570453762
UBFC_PHYS_s17_T3_ctrl,138,194,144.46666666666667,0.8710471987724304,-0.7251020716860032
UBFC_PHYS_s17_T3_ctrl,138,195,144.5,0.9455644488334656,-0.8351409957347496
UBFC_PHYS_s17_T3_ctrl,138,196,144.53333333333333,1.3139485120773315,-0.9221022576350751
UBFC_PHYS_s17_T3_ctrl,138,197,144.56666666666666,1.3827184438705444,-0.964419046823201
UBFC_PHYS_s17_T3_ctrl,138,198,144.6,0.9471797943115234,-0.9398484613614324
UBFC_PHYS_s17_T3_ctrl,138,199,144.63333333333333,0.31769266724586487,-0.8311129339123843
UBFC_PHYS_s17_T3_ctrl,138,200,144.66666666666666,-0.21960188448429108,-0.632139299092576
UBFC_PHYS_s17_T3_ctrl,138,201,144.7,-0.7178000211715698,-0.35240290130176233
UBFC_PHYS_s17_T3_ctrl,138,202,144.73333333333332,-1.3716580867767334,-0.017087902070270576
UBFC_PHYS_s17_T3_ctrl,138,203,144.76666666666668,-2.270500659942627,0.337555486865156
UBFC_PHYS_s17_T3_ctrl,138,204,144.8,-3.1297085285186768,0.6719073819487253
UBFC_PHYS_s17_T3_ctrl,138,205,144.83333333333334,-3.3693201541900635,0.9505932478247171
UBFC_PHYS_s17_T3_ctrl,138,206,144.86666666666667,-2.8485538959503174,1.1475544389230434
UBFC_PHYS_s17_T3_ctrl,138,207,144.9,-2.0986521244049072,1.2479945661893148
UBFC_PHYS_s17_T3_ctrl,138,208,144.93333333333334,-1.5044453144073486,1.248189697433615
UBFC_PHYS_s17_T3_ctrl,138,209,144.96666666666667,-0.9317299127578735,1.1546556167836532
UBFC_PHYS_s17_T3_ctrl,138,210,145.0,-0.29843848943710327,0.9836023083689318
UBFC_PHYS_s17_T3_ctrl,138,211,145.03333333333333,0.2303110510110855,0.7603899960813222
UBFC_PHYS_s17_T3_ctrl,138,212,145.06666666666666,0.612015962600708,0.5176156753903837
UBFC_PHYS_s17_T3_ctrl,138,213,145.1,0.8825302720069885,0.29047786705686174
UBFC_PHYS_s17_T3_ctrl,138,214,145.13333333333333,1.01323401927948,0.10952836184216122
UBFC_PHYS_s17_T3_ctrl,138,215,145.16666666666666,1.0468170642852783,-0.007082841023848143
UBFC_PHYS_s17_T3_ctrl,138,216,145.2,1.1302422285079956,-0.058606241429558795
UBFC_PHYS_s17_T3_ctrl,138,217,145.23333333333332,1.3107411861419678,-0.06123398139826482
UBFC_PHYS_s17_T3_ctrl,138,218,145.26666666666668,1.4804593324661255,-0.04171485855722058
UBFC_PHYS_s17_T3_ctrl,138,219,145.3,1.5800849199295044,-0.027373161804449937
UBFC_PHYS_s17_T3_ctrl,138,220,145.33333333333334,1.6871669292449951,-0.0366999913636723
UBFC_PHYS_s17_T3_ctrl,138,221,145.36666666666667,1.8999496698379517,-0.07441690638196324
UBFC_PHYS_s17_T3_ctrl,138,222,145.4,2.279465675354004,-0.13254768728374258
UBFC_PHYS_s17_T3_ctrl,138,223,145.43333333333334,2.8160111904144287,-0.1961515371784094
UBFC_PHYS_s17_T3_ctrl,138,224,145.46666666666667,3.350320816040039,-0.25068224777853676
UBFC_PHYS_s17_T3_ctrl,138,225,145.5,3.551913022994995,-0.2878503589947277
UBFC_PHYS_s17_T3_ctrl,138,226,145.53333333333333,3.035454273223877,-0.30793929268426534
UBFC_PHYS_s17_T3_ctrl,138,227,145.56666666666666,1.7641775608062744,-0.31820167769251856
UBFC_PHYS_s17_T3_ctrl,138,228,145.6,0.189119353890419,-0.3285935508955857
UBFC_PHYS_s17_T3_ctrl,138,229,145.63333333333333,-1.0345861911773682,-0.34697030164310505
UBFC_PHYS_s17_T3_ctrl,138,230,145.66666666666666,-1.579138159751892,-0.3756424949734908
UBFC_PHYS_s17_T3_ctrl,138,231,145.7,-1.5799459218978882,-0.4102867335639335
UBFC_PHYS_s17_T3_ctrl,138,232,145.73333333333332,-1.308998465538025,-0.44125239009440353
UBFC_PHYS_s17_T3_ctrl,138,233,145.76666666666668,-0.9005932807922363,-0.45657321075629376
UBFC_PHYS_s17_T3_ctrl,138,234,145.8,-0.3777316212654114,-0.44555139157608914
UBFC_PHYS_s17_T3_ctrl,138,235,145.83333333333334,0.19044208526611328,-0.4017255867760934
UBFC_PHYS_s17_T3_ctrl,138,236,145.86666666666667,0.6312130093574524,-0.32438895398173045
UBFC_PHYS_s17_T3_ctrl,138,237,145.9,0.7706841826438904,-0.21844038753219178
UBFC_PHYS_s17_T3_ctrl,138,238,145.93333333333334,0.5914142727851868,-0.09298471118534629
UBFC_PHYS_s17_T3_ctrl,138,239,145.96666666666667,0.2409396469593048,0.04050321946032682
UBFC_PHYS_s17_T3_ctrl,139,0,139.0,0.25183749198913574,-0.1121820398893172
UBFC_PHYS_s17_T3_ctrl,139,1,139.03333333333333,-0.3787148594856262,0.07666295868426877
UBFC_PHYS_s17_T3_ctrl,139,2,139.06666666666666,-0.9006518125534058,0.24272631915625287
UBFC_PHYS_s17_T3_ctrl,139,3,139.1,-1.024894118309021,0.3671125871160974
UBFC_PHYS_s17_T3_ctrl,139,4,139.13333333333333,-0.853209376335144,0.4410604954993792
UBFC_PHYS_s17_T3_ctrl,139,5,139.16666666666666,-0.6700884103775024,0.46748759100152404
UBFC_PHYS_s17_T3_ctrl,139,6,139.2,-0.5676769018173218,0.459212077597892
UBFC_PHYS_s17_T3_ctrl,139,7,139.23333333333332,-0.5358496308326721,0.4347048786762852
UBFC_PHYS_s17_T3_ctrl,139,8,139.26666666666668,-0.6029222011566162,0.41266483451082164
UBFC_PHYS_s17_T3_ctrl,139,9,139.3,-0.7452260851860046,0.40662086707891887
UBFC_PHYS_s17_T3_ctrl,139,10,139.33333333333334,-0.8955950140953064,0.42090581143197825
UBFC_PHYS_s17_T3_ctrl,139,11,139.36666666666667,-1.0015299320220947,0.44934026543071787
UBFC_PHYS_s17_T3_ctrl,139,12,139.4,-0.9724650979042053,0.4772487674025606
UBFC_PHYS_s17_T3_ctrl,139,13,139.43333333333334,-0.7201060056686401,0.48632846439871164
UBFC_PHYS_s17_T3_ctrl,139,14,139.46666666666667,-0.292574018239975,0.4609929359950282
UBFC_PHYS_s17_T3_ctrl,139,15,139.5,0.1336703598499298,0.3942610972571943
UBFC_PHYS_s17_T3_ctrl,139,16,139.53333333333333,0.35900139808654785,0.2911208409763704
UBFC_PHYS_s17_T3_ctrl,139,17,139.56666666666666,0.31371280550956726,0.16793863768186457
UBFC_PHYS_s17_T3_ctrl,139,18,139.6,0.13981576263904572,0.047970186006104094
UBFC_PHYS_s17_T3_ctrl,139,19,139.63333333333333,0.04761146381497383,-0.04543255391464627
UBFC_PHYS_s17_T3_ctrl,139,20,139.66666666666666,0.05910627543926239,-0.0955955792253167
UBFC_PHYS_s17_T3_ctrl,139,21,139.7,0.0691964253783226,-0.09719354620301046
UBFC_PHYS_s17_T3_ctrl,139,22,139.73333333333332,0.06955929100513458,-0.05758866266658737
UBFC_PHYS_s17_T3_ctrl,139,23,139.76666666666668,0.08908408135175705,0.005384516776214143
UBFC_PHYS_s17_T3_ctrl,139,24,139.8,0.06413964182138443,0.06853788392411374
UBFC_PHYS_s17_T3_ctrl,139,25,139.83333333333334,-0.03149436414241791,0.10986877821137055
UBFC_PHYS_s17_T3_ctrl,139,26,139.86666666666667,-0.11778737604618073,0.11433763185537607
UBFC_PHYS_s17_T3_ctrl,139,27,139.9,-0.15056279301643372,0.07687900473239755
UBFC_PHYS_s17_T3_ctrl,139,28,139.93333333333334,-0.20478270947933197,0.002026705629011399
UBFC_PHYS_s17_T3_ctrl,139,29,139.96666666666667,-0.3643873333930969,-0.09887649923966566
UBFC_PHYS_s17_T3_ctrl,139,30,140.0,-0.5883254408836365,-0.21127203306990133
UBFC_PHYS_s17_T3_ctrl,139,31,140.03333333333333,-0.7196963429450989,-0.32052426773651727
UBFC_PHYS_s17_T3_ctrl,139,32,140.06666666666666,-0.6406022310256958,-0.4140995839886353
UBFC_PHYS_s17_T3_ctrl,139,33,140.1,-0.3813486099243164,-0.4828640715285633
UBFC_PHYS_s17_T3_ctrl,139,34,140.13333333333333,-0.07892508804798126,-0.5217470960547056
UBFC_PHYS_s17_T3_ctrl,139,35,140.16666666666666,0.16738222539424896,-0.5299720023707806
UBFC_PHYS_s17_T3_ctrl,139,36,140.2,0.35946962237358093,-0.5110411395142163
UBFC_PHYS_s17_T3_ctrl,139,37,140.23333333333332,0.5265072584152222,-0.4725717972979921
UBFC_PHYS_s17_T3_ctrl,139,38,140.26666666666668,0.6818861365318298,-0.425783988157051
UBFC_PHYS_s17_T3_ctrl,139,39,140.3,0.8582999110221863,-0.3841456719294734
UBFC_PHYS_s17_T3_ctrl,139,40,140.33333333333334,1.0649605989456177,-0.3607268199033435
UBFC_PHYS_s17_T3_ctrl,139,41,140.36666666666667,1.228521704673767,-0.3644060183289859
UBFC_PHYS_s17_T3_ctrl,139,42,140.4,1.2592252492904663,-0.39600808632368617
UBFC_PHYS_s17_T3_ctrl,139,43,140.43333333333334,1.146267056465149,-0.44600061419142834
UBFC_PHYS_s17_T3_ctrl,139,44,140.46666666666667,0.9580308198928833,-0.49499041691648277
UBFC_PHYS_s17_T3_ctrl,139,45,140.5,0.7826237678527832,-0.5172157709344188
UBFC_PHYS_s17_T3_ctrl,139,46,140.53333333333333,0.6581708192825317,-0.48619819843337425
UBFC_PHYS_s17_T3_ctrl,139,47,140.56666666666666,0.5570586323738098,-0.38119189463565734
UBFC_PHYS_s17_T3_ctrl,139,48,140.6,0.4575852155685425,-0.19311536909071145
UBFC_PHYS_s17_T3_ctrl,139,49,140.63333333333333,0.36849457025527954,0.07117371709075371
UBFC_PHYS_s17_T3_ctrl,139,50,140.66666666666666,0.340740829706192,0.387434039578523
UBFC_PHYS_s17_T3_ctrl,139,51,140.7,0.4551621675491333,0.7165502408867311
UBFC_PHYS_s17_T3_ctrl,139,52,140.73333333333332,0.6925498843193054,1.011471234597691
UBFC_PHYS_s17_T3_ctrl,139,53,140.76666666666668,0.8762561678886414,1.2276143676437103
UBFC_PHYS_s17_T3_ctrl,139,54,140.8,0.8729434609413147,1.3339988681002792
UBFC_PHYS_s17_T3_ctrl,139,55,140.83333333333334,0.6894479393959045,1.3214097131676381
UBFC_PHYS_s17_T3_ctrl,139,56,140.86666666666667,0.36948955059051514,1.2046056032484034
UBFC_PHYS_s17_T3_ctrl,139,57,140.9,0.040084823966026306,1.017622932262504
UBFC_PHYS_s17_T3_ctrl,139,58,140.93333333333334,-0.11148981004953384,0.8036183563650685
UBFC_PHYS_s17_T3_ctrl,139,59,140.96666666666667,-0.06608413904905319,0.6026066389232229
UBFC_PHYS_s17_T3_ctrl,139,60,141.0,0.0009298964287154377,0.4412216562367218
UBFC_PHYS_s17_T3_ctrl,139,61,141.03333333333333,-0.040847063064575195,0.32774253160448813
UBFC_PHYS_s17_T3_ctrl,139,62,141.06666666666666,-0.17190194129943848,0.2533093659121241
UBFC_PHYS_s17_T3_ctrl,139,63,141.1,-0.35371190309524536,0.19785650225853293
UBFC_PHYS_s17_T3_ctrl,139,64,141.13333333333333,-0.5793941020965576,0.13809238845182614
UBFC_PHYS_s17_T3_ctrl,139,65,141.16666666666666,-0.85322105884552,0.05490568895758774
UBFC_PHYS_s17_T3_ctrl,139,66,141.2,-1.1786693334579468,-0.06169763233184235
UBFC_PHYS_s17_T3_ctrl,139,67,141.23333333333332,-1.5627154111862183,-0.21103470164919308
UBFC_PHYS_s17_T3_ctrl,139,68,141.26666666666668,-1.9611592292785645,-0.38345768434016353
UBFC_PHYS_s17_T3_ctrl,139,69,141.3,-2.1835989952087402,-0.5643606650131225
UBFC_PHYS_s17_T3_ctrl,139,70,141.33333333333334,-2.0509872436523438,-0.7389210612755197
UBFC_PHYS_s17_T3_ctrl,139,71,141.36666666666667,-1.6366004943847656,-0.8958693331650428
UBFC_PHYS_s17_T3_ctrl,139,72,141.4,-1.1722781658172607,-1.0289674990227693
UBFC_PHYS_s17_T3_ctrl,139,73,141.43333333333334,-0.8089976906776428,-1.1357481529207427
UBFC_PHYS_s17_T3_ctrl,139,74,141.46666666666667,-0.6233834028244019,-1.214191077160196
UBFC_PHYS_s17_T3_ctrl,139,75,141.5,-0.6390687823295593,-1.2589827450331956
UBFC_PHYS_s17_T3_ctrl,139,76,141.53333333333333,-0.7264621257781982,-1.2593874984989084
UBFC_PHYS_s17_T3_ctrl,139,77,141.56666666666666,-0.69511479139328,-1.2003070328964187
UBFC_PHYS_s17_T3_ctrl,139,78,141.6,-0.5151776671409607,-1.0668623270754072
UBFC_PHYS_s17_T3_ctrl,139,79,141.63333333333333,-0.3197893500328064,-0.8511986197793524
UBFC_PHYS_s17_T3_ctrl,139,80,141.66666666666666,-0.255888968706131,-0.5588566884611958
UBFC_PHYS_s17_T3_ctrl,139,81,141.7,-0.3489009439945221,-0.21172080554893447
UBFC_PHYS_s17_T3_ctrl,139,82,141.73333333333332,-0.5171676278114319,0.15435853901104113
UBFC_PHYS_s17_T3_ctrl,139,83,141.76666666666668,-0.6719729900360107,0.49698168079280924
UBFC_PHYS_s17_T3_ctrl,139,84,141.8,-0.7514065504074097,0.7770648544319897
UBFC_PHYS_s17_T3_ctrl,139,85,141.83333333333334,-0.7468180060386658,0.9674918639194046
UBFC_PHYS_s17_T3_ctrl,139,86,141.86666666666667,-0.7503530979156494,1.0577644554902086
UBFC_PHYS_s17_T3_ctrl,139,87,141.9,-0.8663078546524048,1.0539181172364585
UBFC_PHYS_s17_T3_ctrl,139,88,141.93333333333334,-1.0189008712768555,0.9748451640860696
UBFC_PHYS_s17_T3_ctrl,139,89,141.96666666666667,-0.9804365634918213,0.8469553854948068
UBFC_PHYS_s17_T3_ctrl,139,90,142.0,-0.6564514636993408,0.6987306311739637
UBFC_PHYS_s17_T3_ctrl,139,91,142.03333333333333,-0.2053796947002411,0.5560035702969482
UBFC_PHYS_s17_T3_ctrl,139,92,142.06666666666666,0.17160792648792267,0.4384537107671078
UBFC_PHYS_s17_T3_ctrl,139,93,142.1,0.391144722700119,0.3576642633043247
UBFC_PHYS_s17_T3_ctrl,139,94,142.13333333333333,0.44202858209609985,0.3167076805504833
UBFC_PHYS_s17_T3_ctrl,139,95,142.16666666666666,0.3832318186759949,0.3108263457968122
UBFC_PHYS_s17_T3_ctrl,139,96,142.2,0.31862911581993103,0.3287306571925979
UBFC_PHYS_s17_T3_ctrl,139,97,142.23333333333332,0.30693531036376953,0.3543889157380254
UBFC_PHYS_s17_T3_ctrl,139,98,142.26666666666668,0.34978917241096497,0.3696112187568071
UBFC_PHYS_s17_T3_ctrl,139,99,142.3,0.42984315752983093,0.3576834719802608
UBFC_PHYS_s17_T3_ctrl,139,100,142.33333333333334,0.5183134078979492,0.3075566549304979
UBFC_PHYS_s17_T3_ctrl,139,101,142.36666666666667,0.5835716128349304,0.21715583784751039
UBFC_PHYS_s17_T3_ctrl,139,102,142.4,0.6078137159347534,0.09408248623938023
UBFC_PHYS_s17_T3_ctrl,139,103,142.43333333333334,0.5721704363822937,-0.04707200193497492
UBFC_PHYS_s17_T3_ctrl,139,104,142.46666666666667,0.458755761384964,-0.18969866651677883
UBFC_PHYS_s17_T3_ctrl,139,105,142.5,0.29345056414604187,-0.31997211569398565
UBFC_PHYS_s17_T3_ctrl,139,106,142.53333333333333,0.1140870526432991,-0.4293861884754849
UBFC_PHYS_s17_T3_ctrl,139,107,142.56666666666666,-0.13594262301921844,-0.514542061630164
UBFC_PHYS_s17_T3_ctrl,139,108,142.6,-0.5038350820541382,-0.5752749132062001
UBFC_PHYS_s17_T3_ctrl,139,109,142.63333333333333,-0.7984626889228821,-0.6127390728044004
UBFC_PHYS_s17_T3_ctrl,139,110,142.66666666666666,-0.7230558395385742,-0.6284051503779584
UBFC_PHYS_s17_T3_ctrl,139,111,142.7,-0.2996675670146942,-0.6239103668558927
UBFC_PHYS_s17_T3_ctrl,139,112,142.73333333333332,0.0913783609867096,-0.6012503671836972
UBFC_PHYS_s17_T3_ctrl,139,113,142.76666666666668,0.1151522547006607,-0.5629066131211209
UBFC_PHYS_s17_T3_ctrl,139,114,142.8,-0.2845674753189087,-0.5117436761835564
UBFC_PHYS_s17_T3_ctrl,139,115,142.83333333333334,-0.9438802599906921,-0.450684180892306
UBFC_PHYS_s17_T3_ctrl,139,116,142.86666666666667,-1.5388596057891846,-0.3822616265409847
UBFC_PHYS_s17_T3_ctrl,139,117,142.9,-1.8205642700195312,-0.3082067826237092
UBFC_PHYS_s17_T3_ctrl,139,118,142.93333333333334,-1.8930448293685913,-0.22926047836986624
UBFC_PHYS_s17_T3_ctrl,139,119,142.96666666666667,-1.8851670026779175,-0.1453522265536305
UBFC_PHYS_s17_T3_ctrl,139,120,143.0,-1.5326088666915894,-0.05611998325379306
UBFC_PHYS_s17_T3_ctrl,139,121,143.03333333333333,-0.5879859328269958,0.03837149504686953
UBFC_PHYS_s17_T3_ctrl,139,122,143.06666666666666,0.5805866718292236,0.1368303437935693
UBFC_PHYS_s17_T3_ctrl,139,123,143.1,1.4480468034744263,0.23597488516313173
UBFC_PHYS_s17_T3_ctrl,139,124,143.13333333333333,1.8009912967681885,0.33008924192219524
UBFC_PHYS_s17_T3_ctrl,139,125,143.16666666666666,1.6624683141708374,0.41129135064620514
UBFC_PHYS_s17_T3_ctrl,139,126,143.2,1.1928901672363281,0.4707388408860705
UBFC_PHYS_s17_T3_ctrl,139,127,143.23333333333332,0.7240377068519592,0.5006139193164467
UBFC_PHYS_s17_T3_ctrl,139,128,143.26666666666668,0.49211645126342773,0.4963442522297929
UBFC_PHYS_s17_T3_ctrl,139,129,143.3,0.33608201146125793,0.4582912873554722
UBFC_PHYS_s17_T3_ctrl,139,130,143.33333333333334,0.05787719786167145,0.3921800418164655
UBFC_PHYS_s17_T3_ctrl,139,131,143.36666666666667,-0.16109775006771088,0.3079311161017485
UBFC_PHYS_s17_T3_ctrl,139,132,143.4,-0.059681229293346405,0.2171996728632625
UBFC_PHYS_s17_T3_ctrl,139,133,143.43333333333334,0.27533042430877686,0.13049556538723925
UBFC_PHYS_s17_T3_ctrl,139,134,143.46666666666667,0.5880548357963562,0.054926629516030084
UBFC_PHYS_s17_T3_ctrl,139,135,143.5,0.792631983757019,-0.006692648137135459
UBFC_PHYS_s17_T3_ctrl,139,136,143.53333333333333,0.899491548538208,-0.055219208314711096
UBFC_PHYS_s17_T3_ctrl,139,137,143.56666666666666,0.8970100283622742,-0.09347042180465717
UBFC_PHYS_s17_T3_ctrl,139,138,143.6,0.8525056838989258,-0.12414591828394653
UBFC_PHYS_s17_T3_ctrl,139,139,143.63333333333333,0.8849767446517944,-0.14811581413362943
UBFC_PHYS_s17_T3_ctrl,139,140,143.66666666666666,0.990689218044281,-0.16363753951372148
UBFC_PHYS_s17_T3_ctrl,139,141,143.7,1.0733885765075684,-0.16677326918609836
UBFC_PHYS_s17_T3_ctrl,139,142,143.73333333333332,1.0948448181152344,-0.15291021446275951
UBFC_PHYS_s17_T3_ctrl,139,143,143.76666666666668,1.0652532577514648,-0.11889313721399683
UBFC_PHYS_s17_T3_ctrl,139,144,143.8,0.977415144443512,-0.06497718280740421
UBFC_PHYS_s17_T3_ctrl,139,145,143.83333333333334,0.8467699885368347,0.004215155227869687
UBFC_PHYS_s17_T3_ctrl,139,146,143.86666666666667,0.7247517108917236,0.08020169868193143
UBFC_PHYS_s17_T3_ctrl,139,147,143.9,0.6210877299308777,0.15250390050240087
UBFC_PHYS_s17_T3_ctrl,139,148,143.93333333333334,0.46485432982444763,0.21121798694371835
UBFC_PHYS_s17_T3_ctrl,139,149,143.96666666666667,0.21684971451759338,0.24939294856035843
UBFC_PHYS_s17_T3_ctrl,139,150,144.0,-0.002230590907856822,0.26444758013323455
UBFC_PHYS_s17_T3_ctrl,139,151,144.03333333333333,0.01135950442403555,0.2582537598465382
UBFC_PHYS_s17_T3_ctrl,139,152,144.06666666666666,0.2713037431240082,0.23596345933652094
UBFC_PHYS_s17_T3_ctrl,139,153,144.1,0.6070411205291748,0.20402990213796496
UBFC_PHYS_s17_T3_ctrl,139,154,144.13333333333333,0.8852225542068481,0.16810053918244097
UBFC_PHYS_s17_T3_ctrl,139,155,144.16666666666666,1.1148260831832886,0.13150186288249593
UBFC_PHYS_s17_T3_ctrl,139,156,144.2,1.3055088520050049,0.09483717609407953
UBFC_PHYS_s17_T3_ctrl,139,157,144.23333333333332,1.3901865482330322,0.056690094050499365
UBFC_PHYS_s17_T3_ctrl,139,158,144.26666666666668,1.382694959640503,0.014743583153615352
UBFC_PHYS_s17_T3_ctrl,139,159,144.3,1.4526822566986084,-0.03358345803716661
UBFC_PHYS_s17_T3_ctrl,139,160,144.33333333333334,1.6796754598617554,-0.09126777622251331
UBFC_PHYS_s17_T3_ctrl,139,161,144.36666666666667,1.875227689743042,-0.1620156136863461
UBFC_PHYS_s17_T3_ctrl,139,162,144.4,1.7444303035736084,-0.2499138899972585
UBFC_PHYS_s17_T3_ctrl,139,163,144.43333333333334,1.2718437910079956,-0.3578802565411967
UBFC_PHYS_s17_T3_ctrl,139,164,144.46666666666667,0.8710471987724304,-0.4851318430561896
UBFC_PHYS_s17_T3_ctrl,139,165,144.5,0.9455644488334656,-0.6245474501845001
UBFC_PHYS_s17_T3_ctrl,139,166,144.53333333333333,1.3139485120773315,-0.7610584176918078
UBFC_PHYS_s17_T3_ctrl,139,167,144.56666666666666,1.3827184438705444,-0.8721215026189347
UBFC_PHYS_s17_T3_ctrl,139,168,144.6,0.9471797943115234,-0.9309838296985804
UBFC_PHYS_s17_T3_ctrl,139,169,144.63333333333333,0.31769266724586487,-0.9126461897878839
UBFC_PHYS_s17_T3_ctrl,139,170,144.66666666666666,-0.21960188448429108,-0.8011816420945793
UBFC_PHYS_s17_T3_ctrl,139,171,144.7,-0.7178000211715698,-0.5960312680668878
UBFC_PHYS_s17_T3_ctrl,139,172,144.73333333333332,-1.3716580867767334,-0.31481208069496
UBFC_PHYS_s17_T3_ctrl,139,173,144.76666666666668,-2.270500659942627,0.008797549822762329
UBFC_PHYS_s17_T3_ctrl,139,174,144.8,-3.1297085285186768,0.33176581103242786
UBFC_PHYS_s17_T3_ctrl,139,175,144.83333333333334,-3.3693201541900635,0.6109406170298856
UBFC_PHYS_s17_T3_ctrl,139,176,144.86666666666667,-2.8485538959503174,0.8118422255603602
UBFC_PHYS_s17_T3_ctrl,139,177,144.9,-2.0986521244049072,0.9145156304890572
UBFC_PHYS_s17_T3_ctrl,139,178,144.93333333333334,-1.5044453144073486,0.9155485868353201
UBFC_PHYS_s17_T3_ctrl,139,179,144.96666666666667,-0.9317299127578735,0.8269213938814167
UBFC_PHYS_s17_T3_ctrl,139,180,145.0,-0.29843848943710327,0.6728570511602333
UBFC_PHYS_s17_T3_ctrl,139,181,145.03333333333333,0.2303110510110855,0.48548477864796463
UBFC_PHYS_s17_T3_ctrl,139,182,145.06666666666666,0.612015962600708,0.29966748980291164
UBFC_PHYS_s17_T3_ctrl,139,183,145.1,0.8825302720069885,0.14721821867533147
UBFC_PHYS_s17_T3_ctrl,139,184,145.13333333333333,1.01323401927948,0.05103058536987504
UBFC_PHYS_s17_T3_ctrl,139,185,145.16666666666666,1.0468170642852783,0.020217610944817922
UBFC_PHYS_s17_T3_ctrl,139,186,145.2,1.1302422285079956,0.04781452013496526
UBFC_PHYS_s17_T3_ctrl,139,187,145.23333333333332,1.3107411861419678,0.11247527667624489
UBFC_PHYS_s17_T3_ctrl,139,188,145.26666666666668,1.4804593324661255,0.18457410383401868
UBFC_PHYS_s17_T3_ctrl,139,189,145.3,1.5800849199295044,0.2353332461311287
UBFC_PHYS_s17_T3_ctrl,139,190,145.33333333333334,1.6871669292449951,0.24580502248629996
UBFC_PHYS_s17_T3_ctrl,139,191,145.36666666666667,1.8999496698379517,0.2121135618955795
UBFC_PHYS_s17_T3_ctrl,139,192,145.4,2.279465675354004,0.14500149706397503
UBFC_PHYS_s17_T3_ctrl,139,193,145.43333333333334,2.8160111904144287,0.06435655657690482
UBFC_PHYS_s17_T3_ctrl,139,194,145.46666666666667,3.350320816040039,-0.0086250141418533
UBFC_PHYS_s17_T3_ctrl,139,195,145.5,3.551913022994995,-0.058461460442891425
UBFC_PHYS_s17_T3_ctrl,139,196,145.53333333333333,3.035454273223877,-0.07930241264192318
UBFC_PHYS_s17_T3_ctrl,139,197,145.56666666666666,1.7641775608062744,-0.07505423900873116
UBFC_PHYS_s17_T3_ctrl,139,198,145.6,0.189119353890419,-0.05650198812460558
UBFC_PHYS_s17_T3_ctrl,139,199,145.63333333333333,-1.0345861911773682,-0.03697873203779142
UBFC_PHYS_s17_T3_ctrl,139,200,145.66666666666666,-1.579138159751892,-0.028098346946853685
UBFC_PHYS_s17_T3_ctrl,139,201,145.7,-1.5799459218978882,-0.03666746638691094
UBFC_PHYS_s17_T3_ctrl,139,202,145.73333333333332,-1.308998465538025,-0.06350024444267963
UBFC_PHYS_s17_T3_ctrl,139,203,145.76666666666668,-0.9005932807922363,-0.10429035798754968
UBFC_PHYS_s17_T3_ctrl,139,204,145.8,-0.3777316212654114,-0.15184381285295329
UBFC_PHYS_s17_T3_ctrl,139,205,145.83333333333334,0.19044208526611328,-0.1984390339157289
UBFC_PHYS_s17_T3_ctrl,139,206,145.86666666666667,0.6312130093574524,-0.23738391701893133
UBFC_PHYS_s17_T3_ctrl,139,207,145.9,0.7706841826438904,-0.2636728957549223
UBFC_PHYS_s17_T3_ctrl,139,208,145.93333333333334,0.5914142727851868,-0.27432155547409964
UBFC_PHYS_s17_T3_ctrl,139,209,145.96666666666667,0.2409396469593048,-0.26900320056839144
UBFC_PHYS_s17_T3_ctrl,139,210,146.0,-0.10125919431447983,-0.2510131270659721
UBFC_PHYS_s17_T3_ctrl,139,211,146.03333333333333,-0.32646146416664124,-0.22783322979355927
UBFC_PHYS_s17_T3_ctrl,139,212,146.06666666666666,-0.4460449516773224,-0.21029496822290833
UBFC_PHYS_s17_T3_ctrl,139,213,146.1,-0.5364934206008911,-0.209891053571019
UBFC_PHYS_s17_T3_ctrl,139,214,146.13333333333333,-0.6476138234138489,-0.23492850701231727
UBFC_PHYS_s17_T3_ctrl,139,215,146.16666666666666,-0.7615084052085876,-0.2870456344732519
UBFC_PHYS_s17_T3_ctrl,139,216,146.2,-0.8598815202713013,-0.3594451027954502
UBFC_PHYS_s17_T3_ctrl,139,217,146.23333333333332,-0.969527006149292,-0.4373534906001342
UBFC_PHYS_s17_T3_ctrl,139,218,146.26666666666668,-1.0881155729293823,-0.5004285858962771
UBFC_PHYS_s17_T3_ctrl,139,219,146.3,-1.1465728282928467,-0.526463809417781
UBFC_PHYS_s17_T3_ctrl,139,220,146.33333333333334,-1.1206334829330444,-0.49575828689230517
UBFC_PHYS_s17_T3_ctrl,139,221,146.36666666666667,-1.0668349266052246,-0.3956460227189656
UBFC_PHYS_s17_T3_ctrl,139,222,146.4,-1.0292836427688599,-0.22461959463541767
UBFC_PHYS_s17_T3_ctrl,139,223,146.43333333333334,-1.0091736316680908,0.004806955963023336
UBFC_PHYS_s17_T3_ctrl,139,224,146.46666666666667,-1.0068793296813965,0.26566221011071284
UBFC_PHYS_s17_T3_ctrl,139,225,146.5,-1.0067387819290161,0.5196261194404728
UBFC_PHYS_s17_T3_ctrl,139,226,146.53333333333333,-0.9629836082458496,0.7240695000900954
UBFC_PHYS_s17_T3_ctrl,139,227,146.56666666666666,-0.8702526092529297,0.8419629942729994
UBFC_PHYS_s17_T3_ctrl,139,228,146.6,-0.775391161441803,0.8519207196323941
UBFC_PHYS_s17_T3_ctrl,139,229,146.63333333333333,-0.7069022059440613,0.754784468270608
UBFC_PHYS_s17_T3_ctrl,139,230,146.66666666666666,-0.6505987048149109,0.5739376343333041
UBFC_PHYS_s17_T3_ctrl,139,231,146.7,-0.5889574885368347,0.3488323275230985
UBFC_PHYS_s17_T3_ctrl,139,232,146.73333333333332,-0.5207963585853577,0.12401245162840724
UBFC_PHYS_s17_T3_ctrl,139,233,146.76666666666668,-0.4530799686908722,-0.062280100047739664
UBFC_PHYS_s17_T3_ctrl,139,234,146.8,-0.4046308696269989,-0.18601927048463462
UBFC_PHYS_s17_T3_ctrl,139,235,146.83333333333334,-0.38371312618255615,-0.23977317328384962
UBFC_PHYS_s17_T3_ctrl,139,236,146.86666666666667,-0.35701286792755127,-0.22988470543719172
UBFC_PHYS_s17_T3_ctrl,139,237,146.9,-0.2882547080516815,-0.17068130011511287
UBFC_PHYS_s17_T3_ctrl,139,238,146.93333333333334,-0.19486814737319946,-0.07864682295753816
UBFC_PHYS_s17_T3_ctrl,139,239,146.96666666666667,-0.11854822933673859,0.031103031352144192
UBFC_PHYS_s17_T3_ctrl,140,0,140.0,-0.5883254408836365,0.00024266195134876357
UBFC_PHYS_s17_T3_ctrl,140,1,140.03333333333333,-0.7196963429450989,-0.015890573607433813
UBFC_PHYS_s17_T3_ctrl,140,2,140.06666666666666,-0.6406022310256958,-0.046721398839920686
UBFC_PHYS_s17_T3_ctrl,140,3,140.1,-0.3813486099243164,-0.09827990038533083
UBFC_PHYS_s17_T3_ctrl,140,4,140.13333333333333,-0.07892508804798126,-0.1681461733662568
UBFC_PHYS_s17_T3_ctrl,140,5,140.16666666666666,0.16738222539424896,-0.24649959851017533
UBFC_PHYS_s17_T3_ctrl,140,6,140.2,0.35946962237358093,-0.3207490586620082
UBFC_PHYS_s17_T3_ctrl,140,7,140.23333333333332,0.5265072584152222,-0.38152721164106695
UBFC_PHYS_s17_T3_ctrl,140,8,140.26666666666668,0.6818861365318298,-0.4271307269312099
UBFC_PHYS_s17_T3_ctrl,140,9,140.3,0.8582999110221863,-0.464235517326725
UBFC_PHYS_s17_T3_ctrl,140,10,140.33333333333334,1.0649605989456177,-0.5045038583187895
UBFC_PHYS_s17_T3_ctrl,140,11,140.36666666666667,1.228521704673767,-0.5585863384305753
UBFC_PHYS_s17_T3_ctrl,140,12,140.4,1.2592252492904663,-0.6300773058336055
UBFC_PHYS_s17_T3_ctrl,140,13,140.43333333333334,1.146267056465149,-0.7118232298129543
UBFC_PHYS_s17_T3_ctrl,140,14,140.46666666666667,0.9580308198928833,-0.7858375293154759
UBFC_PHYS_s17_T3_ctrl,140,15,140.5,0.7826237678527832,-0.8266659542343345
UBFC_PHYS_s17_T3_ctrl,140,16,140.53333333333333,0.6581708192825317,-0.8070826682664959
UBFC_PHYS_s17_T3_ctrl,140,17,140.56666666666666,0.5570586323738098,-0.7047060062485508
UBFC_PHYS_s17_T3_ctrl,140,18,140.6,0.4575852155685425,-0.5082899070455854
UBFC_PHYS_s17_T3_ctrl,140,19,140.63333333333333,0.36849457025527954,-0.2226149672370559
UBFC_PHYS_s17_T3_ctrl,140,20,140.66666666666666,0.340740829706192,0.12919098038493482
UBFC_PHYS_s17_T3_ctrl,140,21,140.7,0.4551621675491333,0.5071706467677172
UBFC_PHYS_s17_T3_ctrl,140,22,140.73333333333332,0.6925498843193054,0.8607433372385027
UBFC_PHYS_s17_T3_ctrl,140,23,140.76666666666668,0.8762561678886414,1.1391388249070995
UBFC_PHYS_s17_T3_ctrl,140,24,140.8,0.8729434609413147,1.303658317022546
UBFC_PHYS_s17_T3_ctrl,140,25,140.83333333333334,0.6894479393959045,1.3379452999208101
UBFC_PHYS_s17_T3_ctrl,140,26,140.86666666666667,0.36948955059051514,1.2526074108000158
UBFC_PHYS_s17_T3_ctrl,140,27,140.9,0.040084823966026306,1.0822053877077082
UBFC_PHYS_s17_T3_ctrl,140,28,140.93333333333334,-0.11148981004953384,0.8751128938041579
UBFC_PHYS_s17_T3_ctrl,140,29,140.96666666666667,-0.06608413904905319,0.6793341317109874
UBFC_PHYS_s17_T3_ctrl,140,30,141.0,0.0009298964287154377,0.5291382640563793
UBFC_PHYS_s17_T3_ctrl,140,31,141.03333333333333,-0.040847063064575195,0.43715363996421475
UBFC_PHYS_s17_T3_ctrl,140,32,141.06666666666666,-0.17190194129943848,0.3940903705063103
UBFC_PHYS_s17_T3_ctrl,140,33,141.1,-0.35371190309524536,0.375089404510636
UBFC_PHYS_s17_T3_ctrl,140,34,141.13333333333333,-0.5793941020965576,0.34963876998066146
UBFC_PHYS_s17_T3_ctrl,140,35,141.16666666666666,-0.85322105884552,0.29147437759507266
UBFC_PHYS_s17_T3_ctrl,140,36,141.2,-1.1786693334579468,0.18550188044733243
UBFC_PHYS_s17_T3_ctrl,140,37,141.23333333333332,-1.5627154111862183,0.030165605643704088
UBFC_PHYS_s17_T3_ctrl,140,38,141.26666666666668,-1.9611592292785645,-0.1645855609937993
UBFC_PHYS_s17_T3_ctrl,140,39,141.3,-2.1835989952087402,-0.3821720369065581
UBFC_PHYS_s17_T3_ctrl,140,40,141.33333333333334,-2.0509872436523438,-0.6049162477458598
UBFC_PHYS_s17_T3_ctrl,140,41,141.36666666666667,-1.6366004943847656,-0.8182422520889541
UBFC_PHYS_s17_T3_ctrl,140,42,141.4,-1.1722781658172607,-1.0122862933808612
UBFC_PHYS_s17_T3_ctrl,140,43,141.43333333333334,-0.8089976906776428,-1.1806696260492893
UBFC_PHYS_s17_T3_ctrl,140,44,141.46666666666667,-0.6233834028244019,-1.3172231993592467
UBFC_PHYS_s17_T3_ctrl,140,45,141.5,-0.6390687823295593,-1.4123155624211832
UBFC_PHYS_s17_T3_ctrl,140,46,141.53333333333333,-0.7264621257781982,-1.4508660217307285
UBFC_PHYS_s17_T3_ctrl,140,47,141.56666666666666,-0.69511479139328,-1.4137887181558135
UBFC_PHYS_s17_T3_ctrl,140,48,141.6,-0.5151776671409607,-1.2833659957343702
UBFC_PHYS_s17_T3_ctrl,140,49,141.63333333333333,-0.3197893500328064,-1.051198967762486
UBFC_PHYS_s17_T3_ctrl,140,50,141.66666666666666,-0.255888968706131,-0.7256638091087741
UBFC_PHYS_s17_T3_ctrl,140,51,141.7,-0.3489009439945221,-0.3351871349159409
UBFC_PHYS_s17_T3_ctrl,140,52,141.73333333333332,-0.5171676278114319,0.07519888960652837
UBFC_PHYS_s17_T3_ctrl,140,53,141.76666666666668,-0.6719729900360107,0.4538233432609022
UBFC_PHYS_s17_T3_ctrl,140,54,141.8,-0.7514065504074097,0.7554825836548538
UBFC_PHYS_s17_T3_ctrl,140,55,141.83333333333334,-0.7468180060386658,0.9525891327961995
UBFC_PHYS_s17_T3_ctrl,140,56,141.86666666666667,-0.7503530979156494,1.0402453644629486
UBFC_PHYS_s17_T3_ctrl,140,57,141.9,-0.8663078546524048,1.0340514039694155
UBFC_PHYS_s17_T3_ctrl,140,58,141.93333333333334,-1.0189008712768555,0.962551953415538
UBFC_PHYS_s17_T3_ctrl,140,59,141.96666666666667,-0.9804365634918213,0.857925601871939
UBFC_PHYS_s17_T3_ctrl,140,60,142.0,-0.6564514636993408,0.7482269365961829
UBFC_PHYS_s17_T3_ctrl,140,61,142.03333333333333,-0.2053796947002411,0.6529699665379185
UBFC_PHYS_s17_T3_ctrl,140,62,142.06666666666666,0.17160792648792267,0.5822252151165154
UBFC_PHYS_s17_T3_ctrl,140,63,142.1,0.391144722700119,0.5381553116969898
UBFC_PHYS_s17_T3_ctrl,140,64,142.13333333333333,0.44202858209609985,0.5172330628712082
UBFC_PHYS_s17_T3_ctrl,140,65,142.16666666666666,0.3832318186759949,0.511716070686431
UBFC_PHYS_s17_T3_ctrl,140,66,142.2,0.31862911581993103,0.5102625895490037
UBFC_PHYS_s17_T3_ctrl,140,67,142.23333333333332,0.30693531036376953,0.49877869120320384
UBFC_PHYS_s17_T3_ctrl,140,68,142.26666666666668,0.34978917241096497,0.4626427817498096
UBFC_PHYS_s17_T3_ctrl,140,69,142.3,0.42984315752983093,0.3904423968341854
UBFC_PHYS_s17_T3_ctrl,140,70,142.33333333333334,0.5183134078979492,0.2780579941554965
UBFC_PHYS_s17_T3_ctrl,140,71,142.36666666666667,0.5835716128349304,0.13112743389689743
UBFC_PHYS_s17_T3_ctrl,140,72,142.4,0.6078137159347534,-0.03580764465570023
UBFC_PHYS_s17_T3_ctrl,140,73,142.43333333333334,0.5721704363822937,-0.2036565256918286
UBFC_PHYS_s17_T3_ctrl,140,74,142.46666666666667,0.458755761384964,-0.35471692978648145
UBFC_PHYS_s17_T3_ctrl,140,75,142.5,0.29345056414604187,-0.4772386732297669
UBFC_PHYS_s17_T3_ctrl,140,76,142.53333333333333,0.1140870526432991,-0.5667088865159354
UBFC_PHYS_s17_T3_ctrl,140,77,142.56666666666666,-0.13594262301921844,-0.6241078510389703
UBFC_PHYS_s17_T3_ctrl,140,78,142.6,-0.5038350820541382,-0.6529424557235199
UBFC_PHYS_s17_T3_ctrl,140,79,142.63333333333333,-0.7984626889228821,-0.656981694168534
UBFC_PHYS_s17_T3_ctrl,140,80,142.66666666666666,-0.7230558395385742,-0.6395094325669436
UBFC_PHYS_s17_T3_ctrl,140,81,142.7,-0.2996675670146942,-0.6036478745738192
UBFC_PHYS_s17_T3_ctrl,140,82,142.73333333333332,0.0913783609867096,-0.5528581557632773
UBFC_PHYS_s17_T3_ctrl,140,83,142.76666666666668,0.1151522547006607,-0.49106266689171363
UBFC_PHYS_s17_T3_ctrl,140,84,142.8,-0.2845674753189087,-0.42237631844770257
UBFC_PHYS_s17_T3_ctrl,140,85,142.83333333333334,-0.9438802599906921,-0.3507027298351933
UBFC_PHYS_s17_T3_ctrl,140,86,142.86666666666667,-1.5388596057891846,-0.27932620693999716
UBFC_PHYS_s17_T3_ctrl,140,87,142.9,-1.8205642700195312,-0.21044380961331122
UBFC_PHYS_s17_T3_ctrl,140,88,142.93333333333334,-1.8930448293685913,-0.14466848578060998
UBFC_PHYS_s17_T3_ctrl,140,89,142.96666666666667,-1.8851670026779175,-0.08078667559518961
UBFC_PHYS_s17_T3_ctrl,140,90,143.0,-1.5326088666915894,-0.016152656656076632
UBFC_PHYS_s17_T3_ctrl,140,91,143.03333333333333,-0.5879859328269958,0.05215820284482155
UBFC_PHYS_s17_T3_ctrl,140,92,143.06666666666666,0.5805866718292236,0.12582739485350938
UBFC_PHYS_s17_T3_ctrl,140,93,143.1,1.4480468034744263,0.20406662885291785
UBFC_PHYS_s17_T3_ctrl,140,94,143.13333333333333,1.8009912967681885,0.2830896293381308
UBFC_PHYS_s17_T3_ctrl,140,95,143.16666666666666,1.6624683141708374,0.35628615374318845
UBFC_PHYS_s17_T3_ctrl,140,96,143.2,1.1928901672363281,0.4150221285561594
UBFC_PHYS_s17_T3_ctrl,140,97,143.23333333333332,0.7240377068519592,0.45009733893329773
UBFC_PHYS_s17_T3_ctrl,140,98,143.26666666666668,0.49211645126342773,0.45382799338315133
UBFC_PHYS_s17_T3_ctrl,140,99,143.3,0.33608201146125793,0.42236244678070933
UBFC_PHYS_s17_T3_ctrl,140,100,143.33333333333334,0.05787719786167145,0.3573894840375886
UBFC_PHYS_s17_T3_ctrl,140,101,143.36666666666667,-0.16109775006771088,0.2663415509546139
UBFC_PHYS_s17_T3_ctrl,140,102,143.4,-0.059681229293346405,0.16079223007399682
UBFC_PHYS_s17_T3_ctrl,140,103,143.43333333333334,0.27533042430877686,0.053616120336076975
UBFC_PHYS_s17_T3_ctrl,140,104,143.46666666666667,0.5880548357963562,-0.0439669993557149
UBFC_PHYS_s17_T3_ctrl,140,105,143.5,0.792631983757019,-0.12437716035246918
UBFC_PHYS_s17_T3_ctrl,140,106,143.53333333333333,0.899491548538208,-0.1841424463864173
UBFC_PHYS_s17_T3_ctrl,140,107,143.56666666666666,0.8970100283622742,-0.22298829199186465
UBFC_PHYS_s17_T3_ctrl,140,108,143.6,0.8525056838989258,-0.24215367876282137
UBFC_PHYS_s17_T3_ctrl,140,109,143.63333333333333,0.8849767446517944,-0.2426999898827739
UBFC_PHYS_s17_T3_ctrl,140,110,143.66666666666666,0.990689218044281,-0.2244950765193357
UBFC_PHYS_s17_T3_ctrl,140,111,143.7,1.0733885765075684,-0.18629333279259683
UBFC_PHYS_s17_T3_ctrl,140,112,143.73333333333332,1.0948448181152344,-0.12693413515230115
UBFC_PHYS_s17_T3_ctrl,140,113,143.76666666666668,1.0652532577514648,-0.04717639931267658
UBFC_PHYS_s17_T3_ctrl,140,114,143.8,0.977415144443512,0.04875749394816678
UBFC_PHYS_s17_T3_ctrl,140,115,143.83333333333334,0.8467699885368347,0.15285138668537826
UBFC_PHYS_s17_T3_ctrl,140,116,143.86666666666667,0.7247517108917236,0.2544821471150319
UBFC_PHYS_s17_T3_ctrl,140,117,143.9,0.6210877299308777,0.342621257633448
UBFC_PHYS_s17_T3_ctrl,140,118,143.93333333333334,0.46485432982444763,0.4081317382772482
UBFC_PHYS_s17_T3_ctrl,140,119,143.96666666666667,0.21684971451759338,0.445425430352515
UBFC_PHYS_s17_T3_ctrl,140,120,144.0,-0.002230590907856822,0.45328428182174657
UBFC_PHYS_s17_T3_ctrl,140,121,144.03333333333333,0.01135950442403555,0.4349136947382468
UBFC_PHYS_s17_T3_ctrl,140,122,144.06666666666666,0.2713037431240082,0.39703629357783843
UBFC_PHYS_s17_T3_ctrl,140,123,144.1,0.6070411205291748,0.3477648989066691
UBFC_PHYS_s17_T3_ctrl,140,124,144.13333333333333,0.8852225542068481,0.29369095865677075
UBFC_PHYS_s17_T3_ctrl,140,125,144.16666666666666,1.1148260831832886,0.23747969503698677
UBFC_PHYS_s17_T3_ctrl,140,126,144.2,1.3055088520050049,0.17733477436037462
UBFC_PHYS_s17_T3_ctrl,140,127,144.23333333333332,1.3901865482330322,0.10872774707724966
UBFC_PHYS_s17_T3_ctrl,140,128,144.26666666666668,1.382694959640503,0.02733682226554641
UBFC_PHYS_s17_T3_ctrl,140,129,144.3,1.4526822566986084,-0.0686171021408928
UBFC_PHYS_s17_T3_ctrl,140,130,144.33333333333334,1.6796754598617554,-0.17781415067175926
UBFC_PHYS_s17_T3_ctrl,140,131,144.36666666666667,1.875227689743042,-0.2969136869338321
UBFC_PHYS_s17_T3_ctrl,140,132,144.4,1.7444303035736084,-0.42221380050454854
UBFC_PHYS_s17_T3_ctrl,140,133,144.43333333333334,1.2718437910079956,-0.5507038742047079
UBFC_PHYS_s17_T3_ctrl,140,134,144.46666666666667,0.8710471987724304,-0.6797770083042515
UBFC_PHYS_s17_T3_ctrl,140,135,144.5,0.9455644488334656,-0.8055927081631108
UBFC_PHYS_s17_T3_ctrl,140,136,144.53333333333333,1.3139485120773315,-0.920773789382161
UBFC_PHYS_s17_T3_ctrl,140,137,144.56666666666666,1.3827184438705444,-1.0126265911403847
UBFC_PHYS_s17_T3_ctrl,140,138,144.6,0.9471797943115234,-1.0632228721773163
UBFC_PHYS_s17_T3_ctrl,140,139,144.63333333333333,0.31769266724586487,-1.0521766227526885
UBFC_PHYS_s17_T3_ctrl,140,140,144.66666666666666,-0.21960188448429108,-0.9617923652843703
UBFC_PHYS_s17_T3_ctrl,140,141,144.7,-0.7178000211715698,-0.7831036556691696
UBFC_PHYS_s17_T3_ctrl,140,142,144.73333333333332,-1.3716580867767334,-0.5208229824363378
UBFC_PHYS_s17_T3_ctrl,140,143,144.76666666666668,-2.270500659942627,-0.19541541500185033
UBFC_PHYS_s17_T3_ctrl,140,144,144.8,-3.1297085285186768,0.15881251654552292
UBFC_PHYS_s17_T3_ctrl,140,145,144.83333333333334,-3.3693201541900635,0.4995351852741399
UBFC_PHYS_s17_T3_ctrl,140,146,144.86666666666667,-2.8485538959503174,0.7846190873690863
UBFC_PHYS_s17_T3_ctrl,140,147,144.9,-2.0986521244049072,0.9803623767933047
UBFC_PHYS_s17_T3_ctrl,140,148,144.93333333333334,-1.5044453144073486,1.0677519661616945
UBFC_PHYS_s17_T3_ctrl,140,149,144.96666666666667,-0.9317299127578735,1.0456883247078885
UBFC_PHYS_s17_T3_ctrl,140,150,145.0,-0.29843848943710327,0.9308669196376097
UBFC_PHYS_s17_T3_ctrl,140,151,145.03333333333333,0.2303110510110855,0.7543922578036397
UBFC_PHYS_s17_T3_ctrl,140,152,145.06666666666666,0.612015962600708,0.5555260276658526
UBFC_PHYS_s17_T3_ctrl,140,153,145.1,0.8825302720069885,0.3734733033622441
UBFC_PHYS_s17_T3_ctrl,140,154,145.13333333333333,1.01323401927948,0.23879307468616057
UBFC_PHYS_s17_T3_ctrl,140,155,145.16666666666666,1.0468170642852783,0.1665748965631036
UBFC_PHYS_s17_T3_ctrl,140,156,145.2,1.1302422285079956,0.1535282729133631
UBFC_PHYS_s17_T3_ctrl,140,157,145.23333333333332,1.3107411861419678,0.18032087971433955
UBFC_PHYS_s17_T3_ctrl,140,158,145.26666666666668,1.4804593324661255,0.2188989505286267
UBFC_PHYS_s17_T3_ctrl,140,159,145.3,1.5800849199295044,0.24250978147473098
UBFC_PHYS_s17_T3_ctrl,140,160,145.33333333333334,1.6871669292449951,0.23459944674091698
UBFC_PHYS_s17_T3_ctrl,140,161,145.36666666666667,1.8999496698379517,0.1929657085274121
UBFC_PHYS_s17_T3_ctrl,140,162,145.4,2.279465675354004,0.127885563590859
UBFC_PHYS_s17_T3_ctrl,140,163,145.43333333333334,2.8160111904144287,0.05584267616928956
UBFC_PHYS_s17_T3_ctrl,140,164,145.46666666666667,3.350320816040039,-0.007912467223275224
UBFC_PHYS_s17_T3_ctrl,140,165,145.5,3.551913022994995,-0.05485066922920672
UBFC_PHYS_s17_T3_ctrl,140,166,145.53333333333333,3.035454273223877,-0.0848886051387366
UBFC_PHYS_s17_T3_ctrl,140,167,145.56666666666666,1.7641775608062744,-0.10436155854698616
UBFC_PHYS_s17_T3_ctrl,140,168,145.6,0.189119353890419,-0.12185560242570155
UBFC_PHYS_s17_T3_ctrl,140,169,145.63333333333333,-1.0345861911773682,-0.14414046478631865
UBFC_PHYS_s17_T3_ctrl,140,170,145.66666666666666,-1.579138159751892,-0.17384743467831762
UBFC_PHYS_s17_T3_ctrl,140,171,145.7,-1.5799459218978882,-0.2092867351134264
UBFC_PHYS_s17_T3_ctrl,140,172,145.73333333333332,-1.308998465538025,-0.2457397058179371
UBFC_PHYS_s17_T3_ctrl,140,173,145.76666666666668,-0.9005932807922363,-0.2771779598065445
UBFC_PHYS_s17_T3_ctrl,140,174,145.8,-0.3777316212654114,-0.29766242315082553
UBFC_PHYS_s17_T3_ctrl,140,175,145.83333333333334,0.19044208526611328,-0.3022531717706661
UBFC_PHYS_s17_T3_ctrl,140,176,145.86666666666667,0.6312130093574524,-0.2876664329691574
UBFC_PHYS_s17_T3_ctrl,140,177,145.9,0.7706841826438904,-0.2530173632554959
UBFC_PHYS_s17_T3_ctrl,140,178,145.93333333333334,0.5914142727851868,-0.20082709901506582
UBFC_PHYS_s17_T3_ctrl,140,179,145.96666666666667,0.2409396469593048,-0.13805576403893993
UBFC_PHYS_s17_T3_ctrl,140,180,146.0,-0.10125919431447983,-0.07641552119966542
UBFC_PHYS_s17_T3_ctrl,140,181,146.03333333333333,-0.32646146416664124,-0.0310829141261939
UBFC_PHYS_s17_T3_ctrl,140,182,146.06666666666666,-0.4460449516773224,-0.01747962708114009
UBFC_PHYS_s17_T3_ctrl,140,183,146.1,-0.5364934206008911,-0.04677526124295241
UBFC_PHYS_s17_T3_ctrl,140,184,146.13333333333333,-0.6476138234138489,-0.1216056927427627
UBFC_PHYS_s17_T3_ctrl,140,185,146.16666666666666,-0.7615084052085876,-0.2336500053509141
UBFC_PHYS_s17_T3_ctrl,140,186,146.2,-0.8598815202713013,-0.3640260382561027
UBFC_PHYS_s17_T3_ctrl,140,187,146.23333333333332,-0.969527006149292,-0.48644729361276234
UBFC_PHYS_s17_T3_ctrl,140,188,146.26666666666668,-1.0881155729293823,-0.572330684443471
UBFC_PHYS_s17_T3_ctrl,140,189,146.3,-1.1465728282928467,-0.5967004023970855
UBFC_PHYS_s17_T3_ctrl,140,190,146.33333333333334,-1.1206334829330444,-0.5436789084713837
UBFC_PHYS_s17_T3_ctrl,140,191,146.36666666666667,-1.0668349266052246,-0.4104908853412125
UBFC_PHYS_s17_T3_ctrl,140,192,146.4,-1.0292836427688599,-0.20916639334891943
UBFC_PHYS_s17_T3_ctrl,140,193,146.43333333333334,-1.0091736316680908,0.03453814470084775
UBFC_PHYS_s17_T3_ctrl,140,194,146.46666666666667,-1.0068793296813965,0.285066908525366
UBFC_PHYS_s17_T3_ctrl,140,195,146.5,-1.0067387819290161,0.5033220884054929
UBFC_PHYS_s17_T3_ctrl,140,196,146.53333333333333,-0.9629836082458496,0.6540674685822397
UBFC_PHYS_s17_T3_ctrl,140,197,146.56666666666666,-0.8702526092529297,0.7129661179458091
UBFC_PHYS_s17_T3_ctrl,140,198,146.6,-0.775391161441803,0.6719571108769292
UBFC_PHYS_s17_T3_ctrl,140,199,146.63333333333333,-0.7069022059440613,0.5419451031270208
UBFC_PHYS_s17_T3_ctrl,140,200,146.66666666666666,-0.6505987048149109,0.3517928246229847
UBFC_PHYS_s17_T3_ctrl,140,201,146.7,-0.5889574885368347,0.1430279555778915
UBFC_PHYS_s17_T3_ctrl,140,202,146.73333333333332,-0.5207963585853577,-0.039000593943289454
UBFC_PHYS_s17_T3_ctrl,140,203,146.76666666666668,-0.4530799686908722,-0.15530483380194865
UBFC_PHYS_s17_T3_ctrl,140,204,146.8,-0.4046308696269989,-0.18196744958929806
UBFC_PHYS_s17_T3_ctrl,140,205,146.83333333333334,-0.38371312618255615,-0.11506239599245384
UBFC_PHYS_s17_T3_ctrl,140,206,146.86666666666667,-0.35701286792755127,0.02930361009600555
UBFC_PHYS_s17_T3_ctrl,140,207,146.9,-0.2882547080516815,0.2194726676603665
UBFC_PHYS_s17_T3_ctrl,140,208,146.93333333333334,-0.19486814737319946,0.4157173480050728
UBFC_PHYS_s17_T3_ctrl,140,209,146.96666666666667,-0.11854822933673859,0.5786619109244698
UBFC_PHYS_s17_T3_ctrl,140,210,147.0,-0.07158572971820831,0.6767510103854337
UBFC_PHYS_s17_T3_ctrl,140,211,147.03333333333333,-0.038845423609018326,0.6914973004427718
UBFC_PHYS_s17_T3_ctrl,140,212,147.06666666666666,-0.005742243491113186,0.619939993405413
UBFC_PHYS_s17_T3_ctrl,140,213,147.1,0.024177037179470062,0.47422972888945225
UBFC_PHYS_s17_T3_ctrl,140,214,147.13333333333333,0.0399794727563858,0.2785033587763141
UBFC_PHYS_s17_T3_ctrl,140,215,147.16666666666666,0.051790330559015274,0.06354927807210829
UBFC_PHYS_s17_T3_ctrl,140,216,147.2,0.07161946594715118,-0.13963352210013874
UBFC_PHYS_s17_T3_ctrl,140,217,147.23333333333332,0.08395706862211227,-0.3058009923762775
UBFC_PHYS_s17_T3_ctrl,140,218,147.26666666666668,0.07199404388666153,-0.4194786891572706
UBFC_PHYS_s17_T3_ctrl,140,219,147.3,0.03520362451672554,-0.4762209502404636
UBFC_PHYS_s17_T3_ctrl,140,220,147.33333333333334,-0.024119893088936806,-0.48123159470286186
UBFC_PHYS_s17_T3_ctrl,140,221,147.36666666666667,-0.08117254078388214,-0.4463042950743466
UBFC_PHYS_s17_T3_ctrl,140,222,147.4,-0.0887577086687088,-0.38646446937296086
UBFC_PHYS_s17_T3_ctrl,140,223,147.43333333333334,-0.05120643973350525,-0.31738102048582917
UBFC_PHYS_s17_T3_ctrl,140,224,147.46666666666667,-0.023476090282201767,-0.2536645725830223
UBFC_PHYS_s17_T3_ctrl,140,225,147.5,-0.023476090282201767,-0.20735920559119603
UBFC_PHYS_s17_T3_ctrl,140,226,147.53333333333333,-0.04168986156582832,-0.18599370948044686
UBFC_PHYS_s17_T3_ctrl,140,227,147.56666666666666,-0.10960522294044495,-0.19043975813763975
UBFC_PHYS_s17_T3_ctrl,140,228,147.6,-0.24499113857746124,-0.21381870568852615
UBFC_PHYS_s17_T3_ctrl,140,229,147.63333333333333,-0.3942948877811432,-0.24280805750159595
UBFC_PHYS_s17_T3_ctrl,140,230,147.66666666666666,-0.5025240182876587,-0.2615448765813393
UBFC_PHYS_s17_T3_ctrl,140,231,147.7,-0.5780362486839294,-0.25682457075646414
UBFC_PHYS_s17_T3_ctrl,140,232,147.73333333333332,-0.6506221294403076,-0.2225820174375478
UBFC_PHYS_s17_T3_ctrl,140,233,147.76666666666668,-0.7243668437004089,-0.16190465135480236
UBFC_PHYS_s17_T3_ctrl,140,234,147.8,-0.7830816507339478,-0.08573773130701286
UBFC_PHYS_s17_T3_ctrl,140,235,147.83333333333334,-0.8117835521697998,-0.008755309285172088
UBFC_PHYS_s17_T3_ctrl,140,236,147.86666666666667,-0.8099223971366882,0.05584715653941909
UBFC_PHYS_s17_T3_ctrl,140,237,147.9,-0.7972336411476135,0.10046820911195949
UBFC_PHYS_s17_T3_ctrl,140,238,147.93333333333334,-0.7816419005393982,0.12477556004398822
UBFC_PHYS_s17_T3_ctrl,140,239,147.96666666666667,-0.7160442471504211,0.1348294086315208
UBFC_PHYS_s17_T3_ctrl,141,0,141.0,0.0009298964287154377,0.14767465937853003
UBFC_PHYS_s17_T3_ctrl,141,1,141.03333333333333,-0.040847063064575195,0.36104028358314194
UBFC_PHYS_s17_T3_ctrl,141,2,141.06666666666666,-0.17190194129943848,0.5447452127579375
UBFC_PHYS_s17_T3_ctrl,141,3,141.1,-0.35371190309524536,0.6760572375027186
UBFC_PHYS_s17_T3_ctrl,141,4,141.13333333333333,-0.5793941020965576,0.7372436509601941
UBFC_PHYS_s17_T3_ctrl,141,5,141.16666666666666,-0.85322105884552,0.7185778053012347
UBFC_PHYS_s17_T3_ctrl,141,6,141.2,-1.1786693334579468,0.6204246172180556
UBFC_PHYS_s17_T3_ctrl,141,7,141.23333333333332,-1.5627154111862183,0.453373757929556
UBFC_PHYS_s17_T3_ctrl,141,8,141.26666666666668,-1.9611592292785645,0.23604503385072245
UBFC_PHYS_s17_T3_ctrl,141,9,141.3,-2.1835989952087402,-0.008926320482301572
UBFC_PHYS_s17_T3_ctrl,141,10,141.33333333333334,-2.0509872436523438,-0.25944188447209005
UBFC_PHYS_s17_T3_ctrl,141,11,141.36666666666667,-1.6366004943847656,-0.4974788164957416
UBFC_PHYS_s17_T3_ctrl,141,12,141.4,-1.1722781658172607,-0.7104839568672457
UBFC_PHYS_s17_T3_ctrl,141,13,141.43333333333334,-0.8089976906776428,-0.8903436330103582
UBFC_PHYS_s17_T3_ctrl,141,14,141.46666666666667,-0.6233834028244019,-1.0305625079227672
UBFC_PHYS_s17_T3_ctrl,141,15,141.5,-0.6390687823295593,-1.1231099723431217
UBFC_PHYS_s17_T3_ctrl,141,16,141.53333333333333,-0.7264621257781982,-1.1568886103555514
UBFC_PHYS_s17_T3_ctrl,141,17,141.56666666666666,-0.69511479139328,-1.1193601715922639
UBFC_PHYS_s17_T3_ctrl,141,18,141.6,-0.5151776671409607,-1.0013092582362686
UBFC_PHYS_s17_T3_ctrl,141,19,141.63333333333333,-0.3197893500328064,-0.8027967982152181
UBFC_PHYS_s17_T3_ctrl,141,20,141.66666666666666,-0.255888968706131,-0.5372294802474771
UBFC_PHYS_s17_T3_ctrl,141,21,141.7,-0.3489009439945221,-0.23098200354759385
UBFC_PHYS_s17_T3_ctrl,141,22,141.73333333333332,-0.5171676278114319,0.08189013768409076
UBFC_PHYS_s17_T3_ctrl,141,23,141.76666666666668,-0.6719729900360107,0.3678015766377028
UBFC_PHYS_s17_T3_ctrl,141,24,141.8,-0.7514065504074097,0.6011744529917838
UBFC_PHYS_s17_T3_ctrl,141,25,141.83333333333334,-0.7468180060386658,0.768362755840286
UBFC_PHYS_s17_T3_ctrl,141,26,141.86666666666667,-0.7503530979156494,0.8670849113449697
UBFC_PHYS_s17_T3_ctrl,141,27,141.9,-0.8663078546524048,0.9028055621452956
UBFC_PHYS_s17_T3_ctrl,141,28,141.93333333333334,-1.0189008712768555,0.8845825211415258
UBFC_PHYS_s17_T3_ctrl,141,29,141.96666666666667,-0.9804365634918213,0.8224351226462435
UBFC_PHYS_s17_T3_ctrl,141,30,142.0,-0.6564514636993408,0.7268921506874887
UBFC_PHYS_s17_T3_ctrl,141,31,142.03333333333333,-0.2053796947002411,0.6099570827183852
UBFC_PHYS_s17_T3_ctrl,141,32,142.06666666666666,0.17160792648792267,0.48601549236948854
UBFC_PHYS_s17_T3_ctrl,141,33,142.1,0.391144722700119,0.3713471802191862
UBFC_PHYS_s17_T3_ctrl,141,34,142.13333333333333,0.44202858209609985,0.2816558378259808
UBFC_PHYS_s17_T3_ctrl,141,35,142.16666666666666,0.3832318186759949,0.22808662582283248
UBFC_PHYS_s17_T3_ctrl,141,36,142.2,0.31862911581993103,0.213183619087484
UBFC_PHYS_s17_T3_ctrl,141,37,142.23333333333332,0.30693531036376953,0.22867988071466924
UBFC_PHYS_s17_T3_ctrl,141,38,142.26666666666668,0.34978917241096497,0.2566041612583585
UBFC_PHYS_s17_T3_ctrl,141,39,142.3,0.42984315752983093,0.27399454194143424
UBFC_PHYS_s17_T3_ctrl,141,40,142.33333333333334,0.5183134078979492,0.2599326931074294
UBFC_PHYS_s17_T3_ctrl,141,41,142.36666666666667,0.5835716128349304,0.20226450755424352
UBFC_PHYS_s17_T3_ctrl,141,42,142.4,0.6078137159347534,0.10102961503261065
UBFC_PHYS_s17_T3_ctrl,141,43,142.43333333333334,0.5721704363822937,-0.032939181343278404
UBFC_PHYS_s17_T3_ctrl,141,44,142.46666666666667,0.458755761384964,-0.18296336250089837
UBFC_PHYS_s17_T3_ctrl,141,45,142.5,0.29345056414604187,-0.3318490803304128
UBFC_PHYS_s17_T3_ctrl,141,46,142.53333333333333,0.1140870526432991,-0.4651997846360771
UBFC_PHYS_s17_T3_ctrl,141,47,142.56666666666666,-0.13594262301921844,-0.5724762719994524
UBFC_PHYS_s17_T3_ctrl,141,48,142.6,-0.5038350820541382,-0.6469816307386241
UBFC_PHYS_s17_T3_ctrl,141,49,142.63333333333333,-0.7984626889228821,-0.6858946573237994
UBFC_PHYS_s17_T3_ctrl,141,50,142.66666666666666,-0.7230558395385742,-0.6904908653432053
UBFC_PHYS_s17_T3_ctrl,141,51,142.7,-0.2996675670146942,-0.6658576057882771
UBFC_PHYS_s17_T3_ctrl,141,52,142.73333333333332,0.0913783609867096,-0.6195039299813504
UBFC_PHYS_s17_T3_ctrl,141,53,142.76666666666668,0.1151522547006607,-0.5590474456641655
UBFC_PHYS_s17_T3_ctrl,141,54,142.8,-0.2845674753189087,-0.4898954167847368
UBFC_PHYS_s17_T3_ctrl,141,55,142.83333333333334,-0.9438802599906921,-0.41400488649942
UBFC_PHYS_s17_T3_ctrl,141,56,142.86666666666667,-1.5388596057891846,-0.33030211863511955
UBFC_PHYS_s17_T3_ctrl,141,57,142.9,-1.8205642700195312,-0.23652232311231894
UBFC_PHYS_s17_T3_ctrl,141,58,142.93333333333334,-1.8930448293685913,-0.13158205306032073
UBFC_PHYS_s17_T3_ctrl,141,59,142.96666666666667,-1.8851670026779175,-0.01736679862440361
UBFC_PHYS_s17_T3_ctrl,141,60,143.0,-1.5326088666915894,0.10092374690948697
UBFC_PHYS_s17_T3_ctrl,141,61,143.03333333333333,-0.5879859328269958,0.21597910003571982
UBFC_PHYS_s17_T3_ctrl,141,62,143.06666666666666,0.5805866718292236,0.32029770718838924
UBFC_PHYS_s17_T3_ctrl,141,63,143.1,1.4480468034744263,0.4076014759899785
UBFC_PHYS_s17_T3_ctrl,141,64,143.13333333333333,1.8009912967681885,0.47309814123697475
UBFC_PHYS_s17_T3_ctrl,141,65,143.16666666666666,1.6624683141708374,0.5129279181132438
UBFC_PHYS_s17_T3_ctrl,141,66,143.2,1.1928901672363281,0.5236999794609913
UBFC_PHYS_s17_T3_ctrl,141,67,143.23333333333332,0.7240377068519592,0.5028846156310273
UBFC_PHYS_s17_T3_ctrl,141,68,143.26666666666668,0.49211645126342773,0.45015894316440513
UBFC_PHYS_s17_T3_ctrl,141,69,143.3,0.33608201146125793,0.36903418041870584
UBFC_PHYS_s17_T3_ctrl,141,70,143.33333333333334,0.05787719786167145,0.2676846858971138
UBFC_PHYS_s17_T3_ctrl,141,71,143.36666666666667,-0.16109775006771088,0.15813676941610094
UBFC_PHYS_s17_T3_ctrl,141,72,143.4,-0.059681229293346405,0.05378533967866761
UBFC_PHYS_s17_T3_ctrl,141,73,143.43333333333334,0.27533042430877686,-0.03390056377292815
UBFC_PHYS_s17_T3_ctrl,141,74,143.46666666666667,0.5880548357963562,-0.09818011228827181
UBFC_PHYS_s17_T3_ctrl,141,75,143.5,0.792631983757019,-0.13824769004849888
UBFC_PHYS_s17_T3_ctrl,141,76,143.53333333333333,0.899491548538208,-0.1584326044712195
UBFC_PHYS_s17_T3_ctrl,141,77,143.56666666666666,0.8970100283622742,-0.16577750204010033
UBFC_PHYS_s17_T3_ctrl,141,78,143.6,0.8525056838989258,-0.16692683512902706
UBFC_PHYS_s17_T3_ctrl,141,79,143.63333333333333,0.8849767446517944,-0.1654478760743844
UBFC_PHYS_s17_T3_ctrl,141,80,143.66666666666666,0.990689218044281,-0.16056716917696798
UBFC_PHYS_s17_T3_ctrl,141,81,143.7,1.0733885765075684,-0.14782552572542823
UBFC_PHYS_s17_T3_ctrl,141,82,143.73333333333332,1.0948448181152344,-0.12141433160953186
UBFC_PHYS_s17_T3_ctrl,141,83,143.76666666666668,1.0652532577514648,-0.07723830003746268
UBFC_PHYS_s17_T3_ctrl,141,84,143.8,0.977415144443512,-0.015400054759978288
UBFC_PHYS_s17_T3_ctrl,141,85,143.83333333333334,0.8467699885368347,0.0589507787473017
UBFC_PHYS_s17_T3_ctrl,141,86,143.86666666666667,0.7247517108917236,0.13668842108920906
UBFC_PHYS_s17_T3_ctrl,141,87,143.9,0.6210877299308777,0.20715271906550906
UBFC_PHYS_s17_T3_ctrl,141,88,143.93333333333334,0.46485432982444763,0.2609791368208006
UBFC_PHYS_s17_T3_ctrl,141,89,143.96666666666667,0.21684971451759338,0.29236778046755524
UBFC_PHYS_s17_T3_ctrl,141,90,144.0,-0.002230590907856822,0.3001680865978313
UBFC_PHYS_s17_T3_ctrl,141,91,144.03333333333333,0.01135950442403555,0.2875823312622702
UBFC_PHYS_s17_T3_ctrl,141,92,144.06666666666666,0.2713037431240082,0.26068050778772817
UBFC_PHYS_s17_T3_ctrl,141,93,144.1,0.6070411205291748,0.2262154422259145
UBFC_PHYS_s17_T3_ctrl,141,94,144.13333333333333,0.8852225542068481,0.18941209219786254
UBFC_PHYS_s17_T3_ctrl,141,95,144.16666666666666,1.1148260831832886,0.15244468894870708
UBFC_PHYS_s17_T3_ctrl,141,96,144.2,1.3055088520050049,0.11414211811983738
UBFC_PHYS_s17_T3_ctrl,141,97,144.23333333333332,1.3901865482330322,0.07099317319102333
UBFC_PHYS_s17_T3_ctrl,141,98,144.26666666666668,1.382694959640503,0.0188784742035226
UBFC_PHYS_s17_T3_ctrl,141,99,144.3,1.4526822566986084,-0.04540072115341193
UBFC_PHYS_s17_T3_ctrl,141,100,144.33333333333334,1.6796754598617554,-0.1234558418031192
UBFC_PHYS_s17_T3_ctrl,141,101,144.36666666666667,1.875227689743042,-0.21548984166518426
UBFC_PHYS_s17_T3_ctrl,141,102,144.4,1.7444303035736084,-0.32071115308804776
UBFC_PHYS_s17_T3_ctrl,141,103,144.43333333333334,1.2718437910079956,-0.4372193612594816
UBFC_PHYS_s17_T3_ctrl,141,104,144.46666666666667,0.8710471987724304,-0.5609712409904772
UBFC_PHYS_s17_T3_ctrl,141,105,144.5,0.9455644488334656,-0.6840934949488507
UBFC_PHYS_s17_T3_ctrl,141,106,144.53333333333333,1.3139485120773315,-0.7934020977389054
UBFC_PHYS_s17_T3_ctrl,141,107,144.56666666666666,1.3827184438705444,-0.8702982035118364
UBFC_PHYS_s17_T3_ctrl,141,108,144.6,0.9471797943115234,-0.893063903452233
UBFC_PHYS_s17_T3_ctrl,141,109,144.63333333333333,0.31769266724586487,-0.841775044773974
UBFC_PHYS_s17_T3_ctrl,141,110,144.66666666666666,-0.21960188448429108,-0.7047244022264822
UBFC_PHYS_s17_T3_ctrl,141,111,144.7,-0.7178000211715698,-0.48415558353170685
UBFC_PHYS_s17_T3_ctrl,141,112,144.73333333333332,-1.3716580867767334,-0.19897408262660587
UBFC_PHYS_s17_T3_ctrl,141,113,144.76666666666668,-2.270500659942627,0.11701328340528633
UBFC_PHYS_s17_T3_ctrl,141,114,144.8,-3.1297085285186768,0.4212801806313659
UBFC_PHYS_s17_T3_ctrl,141,115,144.83333333333334,-3.3693201541900635,0.6715551193426218
UBFC_PHYS_s17_T3_ctrl,141,116,144.86666666666667,-2.8485538959503174,0.8349062438128448
UBFC_PHYS_s17_T3_ctrl,141,117,144.9,-2.0986521244049072,0.8943077281395914
UBFC_PHYS_s17_T3_ctrl,141,118,144.93333333333334,-1.5044453144073486,0.8512513369135549
UBFC_PHYS_s17_T3_ctrl,141,119,144.96666666666667,-0.9317299127578735,0.7244168696981595
UBFC_PHYS_s17_T3_ctrl,141,120,145.0,-0.29843848943710327,0.5452576052182986
UBFC_PHYS_s17_T3_ctrl,141,121,145.03333333333333,0.2303110510110855,0.35162810707089337
UBFC_PHYS_s17_T3_ctrl,141,122,145.06666666666666,0.612015962600708,0.18065970502118708
UBFC_PHYS_s17_T3_ctrl,141,123,145.1,0.8825302720069885,0.06201375770480699
UBFC_PHYS_s17_T3_ctrl,141,124,145.13333333333333,1.01323401927948,0.01241615346652579
UBFC_PHYS_s17_T3_ctrl,141,125,145.16666666666666,1.0468170642852783,0.032304356445608015
UBFC_PHYS_s17_T3_ctrl,141,126,145.2,1.1302422285079956,0.10559108938380768
UBFC_PHYS_s17_T3_ctrl,141,127,145.23333333333332,1.3107411861419678,0.2034259948325375
UBFC_PHYS_s17_T3_ctrl,141,128,145.26666666666668,1.4804593324661255,0.2918688857875538
UBFC_PHYS_s17_T3_ctrl,141,129,145.3,1.5800849199295044,0.3416794402665168
UBFC_PHYS_s17_T3_ctrl,141,130,145.33333333333334,1.6871669292449951,0.33684304316065994
UBFC_PHYS_s17_T3_ctrl,141,131,145.36666666666667,1.8999496698379517,0.2783950763521646
UBFC_PHYS_s17_T3_ctrl,141,132,145.4,2.279465675354004,0.18215161185027276
UBFC_PHYS_s17_T3_ctrl,141,133,145.43333333333334,2.8160111904144287,0.07174619649431972
UBFC_PHYS_s17_T3_ctrl,141,134,145.46666666666667,3.350320816040039,-0.029883793620820595
UBFC_PHYS_s17_T3_ctrl,141,135,145.5,3.551913022994995,-0.10731001766648247
UBFC_PHYS_s17_T3_ctrl,141,136,145.53333333333333,3.035454273223877,-0.15565110965852108
UBFC_PHYS_s17_T3_ctrl,141,137,145.56666666666666,1.7641775608062744,-0.1795137741352023
UBFC_PHYS_s17_T3_ctrl,141,138,145.6,0.189119353890419,-0.1890651862786461
UBFC_PHYS_s17_T3_ctrl,141,139,145.63333333333333,-1.0345861911773682,-0.1952244764258677
UBFC_PHYS_s17_T3_ctrl,141,140,145.66666666666666,-1.579138159751892,-0.2057711076901417
UBFC_PHYS_s17_T3_ctrl,141,141,145.7,-1.5799459218978882,-0.223397550882635
UBFC_PHYS_s17_T3_ctrl,141,142,145.73333333333332,-1.308998465538025,-0.24587856712967143
UBFC_PHYS_s17_T3_ctrl,141,143,145.76666666666668,-0.9005932807922363,-0.2678115397291069
UBFC_PHYS_s17_T3_ctrl,141,144,145.8,-0.3777316212654114,-0.2829159545829703
UBFC_PHYS_s17_T3_ctrl,141,145,145.83333333333334,0.19044208526611328,-0.2858824958397079
UBFC_PHYS_s17_T3_ctrl,141,146,145.86666666666667,0.6312130093574524,-0.27328198510903595
UBFC_PHYS_s17_T3_ctrl,141,147,145.9,0.7706841826438904,-0.24372685525156934
UBFC_PHYS_s17_T3_ctrl,141,148,145.93333333333334,0.5914142727851868,-0.1978750654337632
UBFC_PHYS_s17_T3_ctrl,141,149,145.96666666666667,0.2409396469593048,-0.13877730996267587
UBFC_PHYS_s17_T3_ctrl,141,150,146.0,-0.10125919431447983,-0.07257186868447181
UBFC_PHYS_s17_T3_ctrl,141,151,146.03333333333333,-0.32646146416664124,-0.008923065597165075
UBFC_PHYS_s17_T3_ctrl,141,152,146.06666666666666,-0.4460449516773224,0.03970906450020553
UBFC_PHYS_s17_T3_ctrl,141,153,146.1,-0.5364934206008911,0.06051111726976343
UBFC_PHYS_s17_T3_ctrl,141,154,146.13333333333333,-0.6476138234138489,0.04402599862843805
UBFC_PHYS_s17_T3_ctrl,141,155,146.16666666666666,-0.7615084052085876,-0.012181839821345061
UBFC_PHYS_s17_T3_ctrl,141,156,146.2,-0.8598815202713013,-0.10129498851238983
UBFC_PHYS_s17_T3_ctrl,141,157,146.23333333333332,-0.969527006149292,-0.2072540268977596
UBFC_PHYS_s17_T3_ctrl,141,158,146.26666666666668,-1.0881155729293823,-0.30708984586262533
UBFC_PHYS_s17_T3_ctrl,141,159,146.3,-1.1465728282928467,-0.37511942374392415
UBFC_PHYS_s17_T3_ctrl,141,160,146.33333333333334,-1.1206334829330444,-0.388280497492516
UBFC_PHYS_s17_T3_ctrl,141,161,146.36666666666667,-1.0668349266052246,-0.33172329306416143
UBFC_PHYS_s17_T3_ctrl,141,162,146.4,-1.0292836427688599,-0.2035762918859645
UBFC_PHYS_s17_T3_ctrl,141,163,146.43333333333334,-1.0091736316680908,-0.017638731822641515
UBFC_PHYS_s17_T3_ctrl,141,164,146.46666666666667,-1.0068793296813965,0.1971635523865711
UBFC_PHYS_s17_T3_ctrl,141,165,146.5,-1.0067387819290161,0.40123134786765985
UBFC_PHYS_s17_T3_ctrl,141,166,146.53333333333333,-0.9629836082458496,0.5523960660274324
UBFC_PHYS_s17_T3_ctrl,141,167,146.56666666666666,-0.8702526092529297,0.616193928322867
UBFC_PHYS_s17_T3_ctrl,141,168,146.6,-0.775391161441803,0.5756799438751075
UBFC_PHYS_s17_T3_ctrl,141,169,146.63333333333333,-0.7069022059440613,0.43760263341720596
UBFC_PHYS_s17_T3_ctrl,141,170,146.66666666666666,-0.6505987048149109,0.23230841107564462
UBFC_PHYS_s17_T3_ctrl,141,171,146.7,-0.5889574885368347,0.006595419173092881
UBFC_PHYS_s17_T3_ctrl,141,172,146.73333333333332,-0.5207963585853577,-0.1885923529108081
UBFC_PHYS_s17_T3_ctrl,141,173,146.76666666666668,-0.4530799686908722,-0.3116020737246461
UBFC_PHYS_s17_T3_ctrl,141,174,146.8,-0.4046308696269989,-0.3402235834064414
UBFC_PHYS_s17_T3_ctrl,141,175,146.83333333333334,-0.38371312618255615,-0.2755799650889536
UBFC_PHYS_s17_T3_ctrl,141,176,146.86666666666667,-0.35701286792755127,-0.13925078825090492
UBFC_PHYS_s17_T3_ctrl,141,177,146.9,-0.2882547080516815,0.034551189469455845
UBFC_PHYS_s17_T3_ctrl,141,178,146.93333333333334,-0.19486814737319946,0.20867569471779285
UBFC_PHYS_s17_T3_ctrl,141,179,146.96666666666667,-0.11854822933673859,0.3515518108690813
UBFC_PHYS_s17_T3_ctrl,141,180,147.0,-0.07158572971820831,0.4424710554752533
UBFC_PHYS_s17_T3_ctrl,141,181,147.03333333333333,-0.038845423609018326,0.4730872872186124
UBFC_PHYS_s17_T3_ctrl,141,182,147.06666666666666,-0.005742243491113186,0.4460037692935341
UBFC_PHYS_s17_T3_ctrl,141,183,147.1,0.024177037179470062,0.3719595144035506
UBFC_PHYS_s17_T3_ctrl,141,184,147.13333333333333,0.0399794727563858,0.26676749114529613
UBFC_PHYS_s17_T3_ctrl,141,185,147.16666666666666,0.051790330559015274,0.14844114965496558
UBFC_PHYS_s17_T3_ctrl,141,186,147.2,0.07161946594715118,0.03458004431483694
UBFC_PHYS_s17_T3_ctrl,141,187,147.23333333333332,0.08395706862211227,-0.059957462623920404
UBFC_PHYS_s17_T3_ctrl,141,188,147.26666666666668,0.07199404388666153,-0.12505812268598523
UBFC_PHYS_s17_T3_ctrl,141,189,147.3,0.03520362451672554,-0.15686674276034224
UBFC_PHYS_s17_T3_ctrl,141,190,147.33333333333334,-0.024119893088936806,-0.1583659602046212
UBFC_PHYS_s17_T3_ctrl,141,191,147.36666666666667,-0.08117254078388214,-0.13857355691664963
UBFC_PHYS_s17_T3_ctrl,141,192,147.4,-0.0887577086687088,-0.11040505547652799
UBFC_PHYS_s17_T3_ctrl,141,193,147.43333333333334,-0.05120643973350525,-0.08777030579165401
UBFC_PHYS_s17_T3_ctrl,141,194,147.46666666666667,-0.023476090282201767,-0.08253817710524909
UBFC_PHYS_s17_T3_ctrl,141,195,147.5,-0.023476090282201767,-0.10184990148897737
UBFC_PHYS_s17_T3_ctrl,141,196,147.53333333333333,-0.04168986156582832,-0.14626992749654386
UBFC_PHYS_s17_T3_ctrl,141,197,147.56666666666666,-0.10960522294044495,-0.20933642891413765
UBFC_PHYS_s17_T3_ctrl,141,198,147.6,-0.24499113857746124,-0.27891646464618963
UBFC_PHYS_s17_T3_ctrl,141,199,147.63333333333333,-0.3942948877811432,-0.3402699947789824
UBFC_PHYS_s17_T3_ctrl,141,200,147.66666666666666,-0.5025240182876587,-0.3800368176604536
UBFC_PHYS_s17_T3_ctrl,141,201,147.7,-0.5780362486839294,-0.38988348890961294
UBFC_PHYS_s17_T3_ctrl,141,202,147.73333333333332,-0.6506221294403076,-0.36859601043347723
UBFC_PHYS_s17_T3_ctrl,141,203,147.76666666666668,-0.7243668437004089,-0.3218846854334425
UBFC_PHYS_s17_T3_ctrl,141,204,147.8,-0.7830816507339478,-0.2598654356441994
UBFC_PHYS_s17_T3_ctrl,141,205,147.83333333333334,-0.8117835521697998,-0.1930608118480215
UBFC_PHYS_s17_T3_ctrl,141,206,147.86666666666667,-0.8099223971366882,-0.12859278412414546
UBFC_PHYS_s17_T3_ctrl,141,207,147.9,-0.7972336411476135,-0.06830348539706685
UBFC_PHYS_s17_T3_ctrl,141,208,147.93333333333334,-0.7816419005393982,-0.009494377186711086
UBFC_PHYS_s17_T3_ctrl,141,209,147.96666666666667,-0.7160442471504211,0.05241244565604547
UBFC_PHYS_s17_T3_ctrl,141,210,148.0,-0.5314366221427917,0.1207362480649004
UBFC_PHYS_s17_T3_ctrl,141,211,148.03333333333333,-0.24850279092788696,0.19526796982574318
UBFC_PHYS_s17_T3_ctrl,141,212,148.06666666666666,0.0028730109333992004,0.27158479897009596
UBFC_PHYS_s17_T3_ctrl,141,213,148.1,0.1454695165157318,0.3419388504425379
UBFC_PHYS_s17_T3_ctrl,141,214,148.13333333333333,0.20103557407855988,0.39721742025861884
UBFC_PHYS_s17_T3_ctrl,141,215,148.16666666666666,0.19518281519412994,0.4292986845977324
UBFC_PHYS_s17_T3_ctrl,141,216,148.2,0.1420983374118805,0.4331790746810158
UBFC_PHYS_s17_T3_ctrl,141,217,148.23333333333332,0.10126952081918716,0.40838305403771386
UBFC_PHYS_s17_T3_ctrl,141,218,148.26666666666668,0.11839468032121658,0.3593127201594968
UBFC_PHYS_s17_T3_ctrl,141,219,148.3,0.1392187774181366,0.2944315413212279
UBFC_PHYS_s17_T3_ctrl,141,220,148.33333333333334,0.09275960922241211,0.22451830323411712
UBFC_PHYS_s17_T3_ctrl,141,221,148.36666666666667,-0.009839171543717384,0.16043656573808002
UBFC_PHYS_s17_T3_ctrl,141,222,148.4,-0.12626215815544128,0.11079500319713895
UBFC_PHYS_s17_T3_ctrl,141,223,148.43333333333334,-0.26326343417167664,0.0797788211819282
UBFC_PHYS_s17_T3_ctrl,141,224,148.46666666666667,-0.45124220848083496,0.06556440356520875
UBFC_PHYS_s17_T3_ctrl,141,225,148.5,-0.6759411692619324,0.05994303371926764
UBFC_PHYS_s17_T3_ctrl,141,226,148.53333333333333,-0.8771354556083679,0.0497575029831611
UBFC_PHYS_s17_T3_ctrl,141,227,148.56666666666666,-1.0041987895965576,0.020319045367986437
UBFC_PHYS_s17_T3_ctrl,141,228,148.6,-1.0446646213531494,-0.03982485167465743
UBFC_PHYS_s17_T3_ctrl,141,229,148.63333333333333,-1.0064462423324585,-0.1342567424383005
UBFC_PHYS_s17_T3_ctrl,141,230,148.66666666666666,-0.8898593187332153,-0.25609118683019627
UBFC_PHYS_s17_T3_ctrl,141,231,148.7,-0.6929024457931519,-0.388752004037082
UBFC_PHYS_s17_T3_ctrl,141,232,148.73333333333332,-0.4444412887096405,-0.5099571733067377
UBFC_PHYS_s17_T3_ctrl,141,233,148.76666666666668,-0.2060820311307907,-0.5973183474054338
UBFC_PHYS_s17_T3_ctrl,141,234,148.8,-0.018138376995921135,-0.6335818236621675
UBFC_PHYS_s17_T3_ctrl,141,235,148.83333333333334,0.16076861321926117,-0.6100692082467195
UBFC_PHYS_s17_T3_ctrl,141,236,148.86666666666667,0.4136427342891693,-0.5276989645246055
UBFC_PHYS_s17_T3_ctrl,141,237,148.9,0.7286496758460999,-0.39574330994393175
UBFC_PHYS_s17_T3_ctrl,141,238,148.93333333333334,0.9372769594192505,-0.22910045599533574
UBFC_PHYS_s17_T3_ctrl,141,239,148.96666666666667,0.8549404144287109,-0.045321965528163276
UBFC_PHYS_s17_T3_ctrl,142,0,142.0,-0.6564514636993408,0.011425094855752042
UBFC_PHYS_s17_T3_ctrl,142,1,142.03333333333333,-0.2053796947002411,0.21566206391674195
UBFC_PHYS_s17_T3_ctrl,142,2,142.06666666666666,0.17160792648792267,0.4025075335323698
UBFC_PHYS_s17_T3_ctrl,142,3,142.1,0.391144722700119,0.5586228342132834
UBFC_PHYS_s17_T3_ctrl,142,4,142.13333333333333,0.44202858209609985,0.6777080141874555
UBFC_PHYS_s17_T3_ctrl,142,5,142.16666666666666,0.3832318186759949,0.7603301614752815
UBFC_PHYS_s17_T3_ctrl,142,6,142.2,0.31862911581993103,0.8109631647299697
UBFC_PHYS_s17_T3_ctrl,142,7,142.23333333333332,0.30693531036376953,0.8339388923599518
UBFC_PHYS_s17_T3_ctrl,142,8,142.26666666666668,0.34978917241096497,0.8304046368968772
UBFC_PHYS_s17_T3_ctrl,142,9,142.3,0.42984315752983093,0.7976551532932795
UBFC_PHYS_s17_T3_ctrl,142,10,142.33333333333334,0.5183134078979492,0.7311097087594777
UBFC_PHYS_s17_T3_ctrl,142,11,142.36666666666667,0.5835716128349304,0.6279774820567922
UBFC_PHYS_s17_T3_ctrl,142,12,142.4,0.6078137159347534,0.4906085479429361
UBFC_PHYS_s17_T3_ctrl,142,13,142.43333333333334,0.5721704363822937,0.32759494317376014
UBFC_PHYS_s17_T3_ctrl,142,14,142.46666666666667,0.458755761384964,0.15219262223526916
UBFC_PHYS_s17_T3_ctrl,142,15,142.5,0.29345056414604187,-0.02073186226457193
UBFC_PHYS_s17_T3_ctrl,142,16,142.53333333333333,0.1140870526432991,-0.17763836156819476
UBFC_PHYS_s17_T3_ctrl,142,17,142.56666666666666,-0.13594262301921844,-0.3082364094517697
UBFC_PHYS_s17_T3_ctrl,142,18,142.6,-0.5038350820541382,-0.40635728353701434
UBFC_PHYS_s17_T3_ctrl,142,19,142.63333333333333,-0.7984626889228821,-0.47015641517698453
UBFC_PHYS_s17_T3_ctrl,142,20,142.66666666666666,-0.7230558395385742,-0.5019051429094387
UBFC_PHYS_s17_T3_ctrl,142,21,142.7,-0.2996675670146942,-0.5073443552143528
UBFC_PHYS_s17_T3_ctrl,142,22,142.73333333333332,0.0913783609867096,-0.49452156320683455
UBFC_PHYS_s17_T3_ctrl,142,23,142.76666666666668,0.1151522547006607,-0.4721877573106397
UBFC_PHYS_s17_T3_ctrl,142,24,142.8,-0.2845674753189087,-0.4479886766448985
UBFC_PHYS_s17_T3_ctrl,142,25,142.83333333333334,-0.9438802599906921,-0.42679821722608974
UBFC_PHYS_s17_T3_ctrl,142,26,142.86666666666667,-1.5388596057891846,-0.40961049227526
UBFC_PHYS_s17_T3_ctrl,142,27,142.9,-1.8205642700195312,-0.3933576800994225
UBFC_PHYS_s17_T3_ctrl,142,28,142.93333333333334,-1.8930448293685913,-0.371806823067523
UBFC_PHYS_s17_T3_ctrl,142,29,142.96666666666667,-1.8851670026779175,-0.33739324239184404
UBFC_PHYS_s17_T3_ctrl,142,30,143.0,-1.5326088666915894,-0.28358108284973665
UBFC_PHYS_s17_T3_ctrl,142,31,143.03333333333333,-0.5879859328269958,-0.2071315287506331
UBFC_PHYS_s17_T3_ctrl,142,32,143.06666666666666,0.5805866718292236,-0.10956438253410028
UBFC_PHYS_s17_T3_ctrl,142,33,143.1,1.4480468034744263,0.0027074519493815287
UBFC_PHYS_s17_T3_ctrl,142,34,143.13333333333333,1.8009912967681885,0.11957079169770629
UBFC_PHYS_s17_T3_ctrl,142,35,143.16666666666666,1.6624683141708374,0.22919700918926061
UBFC_PHYS_s17_T3_ctrl,142,36,143.2,1.1928901672363281,0.3200966037942001
UBFC_PHYS_s17_T3_ctrl,142,37,143.23333333333332,0.7240377068519592,0.38277671652424305
UBFC_PHYS_s17_T3_ctrl,142,38,143.26666666666668,0.49211645126342773,0.4110008517029917
UBFC_PHYS_s17_T3_ctrl,142,39,143.3,0.33608201146125793,0.4028364623071119
UBFC_PHYS_s17_T3_ctrl,142,40,143.33333333333334,0.05787719786167145,0.3613576724808536
UBFC_PHYS_s17_T3_ctrl,142,41,143.36666666666667,-0.16109775006771088,0.2944984273015463
UBFC_PHYS_s17_T3_ctrl,142,42,143.4,-0.059681229293346405,0.2136574487911981
UBFC_PHYS_s17_T3_ctrl,142,43,143.43333333333334,0.27533042430877686,0.13121885420925888
UBFC_PHYS_s17_T3_ctrl,142,44,143.46666666666667,0.5880548357963562,0.05777057720068135
UBFC_PHYS_s17_T3_ctrl,142,45,143.5,0.792631983757019,2.403960951132553e-05
UBFC_PHYS_s17_T3_ctrl,142,46,143.53333333333333,0.899491548538208,-0.0399143122085429
UBFC_PHYS_s17_T3_ctrl,142,47,143.56666666666666,0.8970100283622742,-0.0638708616722825
UBFC_PHYS_s17_T3_ctrl,142,48,143.6,0.8525056838989258,-0.07592016779429588
UBFC_PHYS_s17_T3_ctrl,142,49,143.63333333333333,0.8849767446517944,-0.08027618921799555
UBFC_PHYS_s17_T3_ctrl,142,50,143.66666666666666,0.990689218044281,-0.07941165526153024
UBFC_PHYS_s17_T3_ctrl,142,51,143.7,1.0733885765075684,-0.07302149886815891
UBFC_PHYS_s17_T3_ctrl,142,52,143.73333333333332,1.0948448181152344,-0.05825952565777
UBFC_PHYS_s17_T3_ctrl,142,53,143.76666666666668,1.0652532577514648,-0.031240937636235287
UBFC_PHYS_s17_T3_ctrl,142,54,143.8,0.977415144443512,0.010799256336716186
UBFC_PHYS_s17_T3_ctrl,142,55,143.83333333333334,0.8467699885368347,0.06764034351362565
UBFC_PHYS_s17_T3_ctrl,142,56,143.86666666666667,0.7247517108917236,0.13521820769551607
UBFC_PHYS_s17_T3_ctrl,142,57,143.9,0.6210877299308777,0.20593829160856686
UBFC_PHYS_s17_T3_ctrl,142,58,143.93333333333334,0.46485432982444763,0.2699061707313414
UBFC_PHYS_s17_T3_ctrl,142,59,143.96666666666667,0.21684971451759338,0.3167869955307264
UBFC_PHYS_s17_T3_ctrl,142,60,144.0,-0.002230590907856822,0.33817523529932003
UBFC_PHYS_s17_T3_ctrl,142,61,144.03333333333333,0.01135950442403555,0.330122446115255
UBFC_PHYS_s17_T3_ctrl,142,62,144.06666666666666,0.2713037431240082,0.29472167103873487
UBFC_PHYS_s17_T3_ctrl,142,63,144.1,0.6070411205291748,0.23947984655950097
UBFC_PHYS_s17_T3_ctrl,142,64,144.13333333333333,0.8852225542068481,0.17439167856482535
UBFC_PHYS_s17_T3_ctrl,142,65,144.16666666666666,1.1148260831832886,0.10816843764773756
UBFC_PHYS_s17_T3_ctrl,142,66,144.2,1.3055088520050049,0.045568378224794495
UBFC_PHYS_s17_T3_ctrl,142,67,144.23333333333332,1.3901865482330322,-0.013068177189754103
UBFC_PHYS_s17_T3_ctrl,142,68,144.26666666666668,1.382694959640503,-0.07046536976618767
UBFC_PHYS_s17_T3_ctrl,142,69,144.3,1.4526822566986084,-0.13059478957871484
UBFC_PHYS_s17_T3_ctrl,142,70,144.33333333333334,1.6796754598617554,-0.1974917250604158
UBFC_PHYS_s17_T3_ctrl,142,71,144.36666666666667,1.875227689743042,-0.27481833669781236
UBFC_PHYS_s17_T3_ctrl,142,72,144.4,1.7444303035736084,-0.3655186666614295
UBFC_PHYS_s17_T3_ctrl,142,73,144.43333333333334,1.2718437910079956,-0.4708120907049921
UBFC_PHYS_s17_T3_ctrl,142,74,144.46666666666667,0.8710471987724304,-0.5882998702590264
UBFC_PHYS_s17_T3_ctrl,142,75,144.5,0.9455644488334656,-0.7097466643081087
UBFC_PHYS_s17_T3_ctrl,142,76,144.53333333333333,1.3139485120773315,-0.8196922706104036
UBFC_PHYS_s17_T3_ctrl,142,77,144.56666666666666,1.3827184438705444,-0.8961654487581738
UBFC_PHYS_s17_T3_ctrl,142,78,144.6,0.9471797943115234,-0.9142901141833765
UBFC_PHYS_s17_T3_ctrl,142,79,144.63333333333333,0.31769266724586487,-0.8524953781279199
UBFC_PHYS_s17_T3_ctrl,142,80,144.66666666666666,-0.21960188448429108,-0.6996848133932777
UBFC_PHYS_s17_T3_ctrl,142,81,144.7,-0.7178000211715698,-0.46081796618485826
UBFC_PHYS_s17_T3_ctrl,142,82,144.73333333333332,-1.3716580867767334,-0.15855029910604806
UBFC_PHYS_s17_T3_ctrl,142,83,144.76666666666668,-2.270500659942627,0.17008956563646038
UBFC_PHYS_s17_T3_ctrl,142,84,144.8,-3.1297085285186768,0.4811044208640407
UBFC_PHYS_s17_T3_ctrl,142,85,144.83333333333334,-3.3693201541900635,0.7326665809245803
UBFC_PHYS_s17_T3_ctrl,142,86,144.86666666666667,-2.8485538959503174,0.8933488427786561
UBFC_PHYS_s17_T3_ctrl,142,87,144.9,-2.0986521244049072,0.9475598882270968
UBFC_PHYS_s17_T3_ctrl,142,88,144.93333333333334,-1.5044453144073486,0.8974667372032468
UBFC_PHYS_s17_T3_ctrl,142,89,144.96666666666667,-0.9317299127578735,0.7616715274972353
UBFC_PHYS_s17_T3_ctrl,142,90,145.0,-0.29843848943710327,0.5713769360415534
UBFC_PHYS_s17_T3_ctrl,142,91,145.03333333333333,0.2303110510110855,0.36478885399170113
UBFC_PHYS_s17_T3_ctrl,142,92,145.06666666666666,0.612015962600708,0.1803878485587772
UBFC_PHYS_s17_T3_ctrl,142,93,145.1,0.8825302720069885,0.04980483369340037
UBFC_PHYS_s17_T3_ctrl,142,94,145.13333333333333,1.01323401927948,-0.008546105692719966
UBFC_PHYS_s17_T3_ctrl,142,95,145.16666666666666,1.0468170642852783,0.006468181297068694
UBFC_PHYS_s17_T3_ctrl,142,96,145.2,1.1302422285079956,0.078405805597243
UBFC_PHYS_s17_T3_ctrl,142,97,145.23333333333332,1.3107411861419678,0.1774743108595321
UBFC_PHYS_s17_T3_ctrl,142,98,145.26666666666668,1.4804593324661255,0.2687510727114348
UBFC_PHYS_s17_T3_ctrl,142,99,145.3,1.5800849199295044,0.3223057025119932
UBFC_PHYS_s17_T3_ctrl,142,100,145.33333333333334,1.6871669292449951,0.32186750228098016
UBFC_PHYS_s17_T3_ctrl,142,101,145.36666666666667,1.8999496698379517,0.2687180000786718
UBFC_PHYS_s17_T3_ctrl,142,102,145.4,2.279465675354004,0.17928717444765932
UBFC_PHYS_s17_T3_ctrl,142,103,145.43333333333334,2.8160111904144287,0.07763994055454869
UBFC_PHYS_s17_T3_ctrl,142,104,145.46666666666667,3.350320816040039,-0.013792349535480928
UBFC_PHYS_s17_T3_ctrl,142,105,145.5,3.551913022994995,-0.08136642424853349
UBFC_PHYS_s17_T3_ctrl,142,106,145.53333333333333,3.035454273223877,-0.12277664949435439
UBFC_PHYS_s17_T3_ctrl,142,107,145.56666666666666,1.7641775608062744,-0.14487817318374
UBFC_PHYS_s17_T3_ctrl,142,108,145.6,0.189119353890419,-0.15868752185837354
UBFC_PHYS_s17_T3_ctrl,142,109,145.63333333333333,-1.0345861911773682,-0.17419467009684797
UBFC_PHYS_s17_T3_ctrl,142,110,145.66666666666666,-1.579138159751892,-0.19692022886612015
UBFC_PHYS_s17_T3_ctrl,142,111,145.7,-1.5799459218978882,-0.2268409051614086
UBFC_PHYS_s17_T3_ctrl,142,112,145.73333333333332,-1.308998465538025,-0.2593132959714708
UBFC_PHYS_s17_T3_ctrl,142,113,145.76666666666668,-0.9005932807922363,-0.287151776571985
UBFC_PHYS_s17_T3_ctrl,142,114,145.8,-0.3777316212654114,-0.3029085870997487
UBFC_PHYS_s17_T3_ctrl,142,115,145.83333333333334,0.19044208526611328,-0.30066294423085693
UBFC_PHYS_s17_T3_ctrl,142,116,145.86666666666667,0.6312130093574524,-0.27716696752980796
UBFC_PHYS_s17_T3_ctrl,142,117,145.9,0.7706841826438904,-0.23261793464798944
UBFC_PHYS_s17_T3_ctrl,142,118,145.93333333333334,0.5914142727851868,-0.1712903318225965
UBFC_PHYS_s17_T3_ctrl,142,119,145.96666666666667,0.2409396469593048,-0.10184976943133968
UBFC_PHYS_s17_T3_ctrl,142,120,146.0,-0.10125919431447983,-0.036770286143740186
UBFC_PHYS_s17_T3_ctrl,142,121,146.03333333333333,-0.32646146416664124,0.009662043830086245
UBFC_PHYS_s17_T3_ctrl,142,122,146.06666666666666,-0.4460449516773224,0.024624347610044173
UBFC_PHYS_s17_T3_ctrl,142,123,146.1,-0.5364934206008911,0.00039401170712655576
UBFC_PHYS_s17_T3_ctrl,142,124,146.13333333333333,-0.6476138234138489,-0.06290181709385557
UBFC_PHYS_s17_T3_ctrl,142,125,146.16666666666666,-0.7615084052085876,-0.1563770048705332
UBFC_PHYS_s17_T3_ctrl,142,126,146.2,-0.8598815202713013,-0.2635504280917376
UBFC_PHYS_s17_T3_ctrl,142,127,146.23333333333332,-0.969527006149292,-0.3631156485890418
UBFC_PHYS_s17_T3_ctrl,142,128,146.26666666666668,-1.0881155729293823,-0.43254143406785706
UBFC_PHYS_s17_T3_ctrl,142,129,146.3,-1.1465728282928467,-0.4518503236446497
UBFC_PHYS_s17_T3_ctrl,142,130,146.33333333333334,-1.1206334829330444,-0.407231380783721
UBFC_PHYS_s17_T3_ctrl,142,131,146.36666666666667,-1.0668349266052246,-0.29427665294286026
UBFC_PHYS_s17_T3_ctrl,142,132,146.4,-1.0292836427688599,-0.1204077016428948
UBFC_PHYS_s17_T3_ctrl,142,133,146.43333333333334,-1.0091736316680908,0.09429998260743577
UBFC_PHYS_s17_T3_ctrl,142,134,146.46666666666667,-1.0068793296813965,0.3187960050619862
UBFC_PHYS_s17_T3_ctrl,142,135,146.5,-1.0067387819290161,0.5157642072476691
UBFC_PHYS_s17_T3_ctrl,142,136,146.53333333333333,-0.9629836082458496,0.6490220637630066
UBFC_PHYS_s17_T3_ctrl,142,137,146.56666666666666,-0.8702526092529297,0.692139692742297
UBFC_PHYS_s17_T3_ctrl,142,138,146.6,-0.775391161441803,0.6358656679990713
UBFC_PHYS_s17_T3_ctrl,142,139,146.63333333333333,-0.7069022059440613,0.491765485981171
UBFC_PHYS_s17_T3_ctrl,142,140,146.66666666666666,-0.6505987048149109,0.29039469471714985
UBFC_PHYS_s17_T3_ctrl,142,141,146.7,-0.5889574885368347,0.07412224417328375
UBFC_PHYS_s17_T3_ctrl,142,142,146.73333333333332,-0.5207963585853577,-0.11331132860711733
UBFC_PHYS_s17_T3_ctrl,142,143,146.76666666666668,-0.4530799686908722,-0.23722343458773454
UBFC_PHYS_s17_T3_ctrl,142,144,146.8,-0.4046308696269989,-0.27931795309394286
UBFC_PHYS_s17_T3_ctrl,142,145,146.83333333333334,-0.38371312618255615,-0.24014964025149846
UBFC_PHYS_s17_T3_ctrl,142,146,146.86666666666667,-0.35701286792755127,-0.13669860019788693
UBFC_PHYS_s17_T3_ctrl,142,147,146.9,-0.2882547080516815,0.0035372628793099922
UBFC_PHYS_s17_T3_ctrl,142,148,146.93333333333334,-0.19486814737319946,0.14983093473796996
UBFC_PHYS_s17_T3_ctrl,142,149,146.96666666666667,-0.11854822933673859,0.2748517573752516
UBFC_PHYS_s17_T3_ctrl,142,150,147.0,-0.07158572971820831,0.3591726351625349
UBFC_PHYS_s17_T3_ctrl,142,151,147.03333333333333,-0.038845423609018326,0.39311917863861
UBFC_PHYS_s17_T3_ctrl,142,152,147.06666666666666,-0.005742243491113186,0.3763703244634841
UBFC_PHYS_s17_T3_ctrl,142,153,147.1,0.024177037179470062,0.3162352952997646
UBFC_PHYS_s17_T3_ctrl,142,154,147.13333333333333,0.0399794727563858,0.2253964592823215
UBFC_PHYS_s17_T3_ctrl,142,155,147.16666666666666,0.051790330559015274,0.11949657855964592
UBFC_PHYS_s17_T3_ctrl,142,156,147.2,0.07161946594715118,0.014717253242560024
UBFC_PHYS_s17_T3_ctrl,142,157,147.23333333333332,0.08395706862211227,-0.0745432077187876
UBFC_PHYS_s17_T3_ctrl,142,158,147.26666666666668,0.07199404388666153,-0.1377752331914535
UBFC_PHYS_s17_T3_ctrl,142,159,147.3,0.03520362451672554,-0.1700293848372637
UBFC_PHYS_s17_T3_ctrl,142,160,147.33333333333334,-0.024119893088936806,-0.17275153290400141
UBFC_PHYS_s17_T3_ctrl,142,161,147.36666666666667,-0.08117254078388214,-0.15338678422891397
UBFC_PHYS_s17_T3_ctrl,142,162,147.4,-0.0887577086687088,-0.12371453367773179
UBFC_PHYS_s17_T3_ctrl,142,163,147.43333333333334,-0.05120643973350525,-0.09727678988547471
UBFC_PHYS_s17_T3_ctrl,142,164,147.46666666666667,-0.023476090282201767,-0.0863882666945426
UBFC_PHYS_s17_T3_ctrl,142,165,147.5,-0.023476090282201767,-0.09920406344167927
UBFC_PHYS_s17_T3_ctrl,142,166,147.53333333333333,-0.04168986156582832,-0.13740515774208265
UBFC_PHYS_s17_T3_ctrl,142,167,147.56666666666666,-0.10960522294044495,-0.19519593278932793
UBFC_PHYS_s17_T3_ctrl,142,168,147.6,-0.24499113857746124,-0.26025435652468515
UBFC_PHYS_s17_T3_ctrl,142,169,147.63333333333333,-0.3942948877811432,-0.3167998305419656
UBFC_PHYS_s17_T3_ctrl,142,170,147.66666666666666,-0.5025240182876587,-0.35008583253634795
UBFC_PHYS_s17_T3_ctrl,142,171,147.7,-0.5780362486839294,-0.35087044976100207
UBFC_PHYS_s17_T3_ctrl,142,172,147.73333333333332,-0.6506221294403076,-0.31825858955996755
UBFC_PHYS_s17_T3_ctrl,142,173,147.76666666666668,-0.7243668437004089,-0.25978184793785575
UBFC_PHYS_s17_T3_ctrl,142,174,147.8,-0.7830816507339478,-0.18849223411764895
UBFC_PHYS_s17_T3_ctrl,142,175,147.83333333333334,-0.8117835521697998,-0.11804323225397209
UBFC_PHYS_s17_T3_ctrl,142,176,147.86666666666667,-0.8099223971366882,-0.05781556526129829
UBFC_PHYS_s17_T3_ctrl,142,177,147.9,-0.7972336411476135,-0.010275168295150173
UBFC_PHYS_s17_T3_ctrl,142,178,147.93333333333334,-0.7816419005393982,0.028453035517207945
UBFC_PHYS_s17_T3_ctrl,142,179,147.96666666666667,-0.7160442471504211,0.06550601546968453
UBFC_PHYS_s17_T3_ctrl,142,180,148.0,-0.5314366221427917,0.1074405335005363
UBFC_PHYS_s17_T3_ctrl,142,181,148.03333333333333,-0.24850279092788696,0.1573035440072729
UBFC_PHYS_s17_T3_ctrl,142,182,148.06666666666666,0.0028730109333992004,0.21341399538751787
UBFC_PHYS_s17_T3_ctrl,142,183,148.1,0.1454695165157318,0.269730154025953
UBFC_PHYS_s17_T3_ctrl,142,184,148.13333333333333,0.20103557407855988,0.31730433583069284
UBFC_PHYS_s17_T3_ctrl,142,185,148.16666666666666,0.19518281519412994,0.34640836524377366
UBFC_PHYS_s17_T3_ctrl,142,186,148.2,0.1420983374118805,0.3490224597394446
UBFC_PHYS_s17_T3_ctrl,142,187,148.23333333333332,0.10126952081918716,0.32126207910142995
UBFC_PHYS_s17_T3_ctrl,142,188,148.26666666666668,0.11839468032121658,0.26505144855736745
UBFC_PHYS_s17_T3_ctrl,142,189,148.3,0.1392187774181366,0.18836307598632557
UBFC_PHYS_s17_T3_ctrl,142,190,148.33333333333334,0.09275960922241211,0.10385937484729812
UBFC_PHYS_s17_T3_ctrl,142,191,148.36666666666667,-0.009839171543717384,0.02636317381421013
UBFC_PHYS_s17_T3_ctrl,142,192,148.4,-0.12626215815544128,-0.030228970119451408
UBFC_PHYS_s17_T3_ctrl,142,193,148.43333333333334,-0.26326343417167664,-0.056083116096511926
UBFC_PHYS_s17_T3_ctrl,142,194,148.46666666666667,-0.45124220848083496,-0.04815802191924476
UBFC_PHYS_s17_T3_ctrl,142,195,148.5,-0.6759411692619324,-0.011925171693407134
UBFC_PHYS_s17_T3_ctrl,142,196,148.53333333333333,-0.8771354556083679,0.03872517621280524
UBFC_PHYS_s17_T3_ctrl,142,197,148.56666666666666,-1.0041987895965576,0.08405766357507423
UBFC_PHYS_s17_T3_ctrl,142,198,148.6,-1.0446646213531494,0.10345392060280928
UBFC_PHYS_s17_T3_ctrl,142,199,148.63333333333333,-1.0064462423324585,0.08145897171939114
UBFC_PHYS_s17_T3_ctrl,142,200,148.66666666666666,-0.8898593187332153,0.012615958796226383
UBFC_PHYS_s17_T3_ctrl,142,201,148.7,-0.6929024457931519,-0.09694442434229679
UBFC_PHYS_s17_T3_ctrl,142,202,148.73333333333332,-0.4444412887096405,-0.23143307857913836
UBFC_PHYS_s17_T3_ctrl,142,203,148.76666666666668,-0.2060820311307907,-0.3692801347868953
UBFC_PHYS_s17_T3_ctrl,142,204,148.8,-0.018138376995921135,-0.48696558406041635
UBFC_PHYS_s17_T3_ctrl,142,205,148.83333333333334,0.16076861321926117,-0.5617796161284472
UBFC_PHYS_s17_T3_ctrl,142,206,148.86666666666667,0.4136427342891693,-0.5738799565854489
UBFC_PHYS_s17_T3_ctrl,142,207,148.9,0.7286496758460999,-0.5088016034927798
UBFC_PHYS_s17_T3_ctrl,142,208,148.93333333333334,0.9372769594192505,-0.3612105083845674
UBFC_PHYS_s17_T3_ctrl,142,209,148.96666666666667,0.8549404144287109,-0.1394241121007364
UBFC_PHYS_s17_T3_ctrl,142,210,149.0,0.48536238074302673,0.13119482929524498
UBFC_PHYS_s17_T3_ctrl,142,211,149.03333333333333,0.04051792621612549,0.4086240405845488
UBFC_PHYS_s17_T3_ctrl,142,212,149.06666666666666,-0.2511599361896515,0.6404391690501842
UBFC_PHYS_s17_T3_ctrl,142,213,149.1,-0.32379263639450073,0.775823886942407
UBFC_PHYS_s17_T3_ctrl,142,214,149.13333333333333,-0.28658080101013184,0.7800399040802445
UBFC_PHYS_s17_T3_ctrl,142,215,149.16666666666666,-0.2730960547924042,0.6459550210598638
UBFC_PHYS_s17_T3_ctrl,142,216,149.2,-0.25345420837402344,0.397865671047165
UBFC_PHYS_s17_T3_ctrl,142,217,149.23333333333332,-0.11969537287950516,0.0859450700114159
UBFC_PHYS_s17_T3_ctrl,142,218,149.26666666666668,0.0818500816822052,-0.22653540180133136
UBFC_PHYS_s17_T3_ctrl,142,219,149.3,0.21106718480587006,-0.4786841541193313
UBFC_PHYS_s17_T3_ctrl,142,220,149.33333333333334,0.25253981351852417,-0.6257671031688019
UBFC_PHYS_s17_T3_ctrl,142,221,149.36666666666667,0.24834923446178436,-0.6484105783465508
UBFC_PHYS_s17_T3_ctrl,142,222,149.4,0.20734484493732452,-0.5556995990357758
UBFC_PHYS_s17_T3_ctrl,142,223,149.43333333333334,0.15704627335071564,-0.38155712098991174
UBFC_PHYS_s17_T3_ctrl,142,224,149.46666666666667,0.14250802993774414,-0.17486307482744567
UBFC_PHYS_s17_T3_ctrl,142,225,149.5,0.16527524590492249,0.014473893475710172
UBFC_PHYS_s17_T3_ctrl,142,226,149.53333333333333,0.19307582080364227,0.1492391210681405
UBFC_PHYS_s17_T3_ctrl,142,227,149.56666666666666,0.19527645409107208,0.21359814856137335
UBFC_PHYS_s17_T3_ctrl,142,228,149.6,0.14350299537181854,0.21394975222135107
UBFC_PHYS_s17_T3_ctrl,142,229,149.63333333333333,0.020454684272408485,0.17254271555362125
UBFC_PHYS_s17_T3_ctrl,142,230,149.66666666666666,-0.14931030571460724,0.11714434517775633
UBFC_PHYS_s17_T3_ctrl,142,231,149.7,-0.31234464049339294,0.07103448375133314
UBFC_PHYS_s17_T3_ctrl,142,232,149.73333333333332,-0.46469181776046753,0.046820367817339684
UBFC_PHYS_s17_T3_ctrl,142,233,149.76666666666668,-0.6752973198890686,0.045485436584439425
UBFC_PHYS_s17_T3_ctrl,142,234,149.8,-0.9529754519462585,0.05965728806878548
UBFC_PHYS_s17_T3_ctrl,142,235,149.83333333333334,-1.145039439201355,0.07862894539951491
UBFC_PHYS_s17_T3_ctrl,142,236,149.86666666666667,-1.077123999595642,0.09286672228626441
UBFC_PHYS_s17_T3_ctrl,142,237,149.9,-0.7743727564811707,0.09683753032450156
UBFC_PHYS_s17_T3_ctrl,142,238,149.93333333333334,-0.4459630250930786,0.08991361124011223
UBFC_PHYS_s17_T3_ctrl,142,239,149.96666666666667,-0.24233399331569672,0.07563043258523026
UBFC_PHYS_s17_T3_ctrl,143,0,143.0,-1.5326088666915894,-0.06916498169576255
UBFC_PHYS_s17_T3_ctrl,143,1,143.03333333333333,-0.5879859328269958,0.11377358284076493
UBFC_PHYS_s17_T3_ctrl,143,2,143.06666666666666,0.5805866718292236,0.28241356100722337
UBFC_PHYS_s17_T3_ctrl,143,3,143.1,1.4480468034744263,0.42280408925457474
UBFC_PHYS_s17_T3_ctrl,143,4,143.13333333333333,1.8009912967681885,0.5239203250820924
UBFC_PHYS_s17_T3_ctrl,143,5,143.16666666666666,1.6624683141708374,0.5789058178012826
UBFC_PHYS_s17_T3_ctrl,143,6,143.2,1.1928901672363281,0.5857449330280798
UBFC_PHYS_s17_T3_ctrl,143,7,143.23333333333332,0.7240377068519592,0.5473716982363589
UBFC_PHYS_s17_T3_ctrl,143,8,143.26666666666668,0.49211645126342773,0.4712350755991459
UBFC_PHYS_s17_T3_ctrl,143,9,143.3,0.33608201146125793,0.36824758160883503
UBFC_PHYS_s17_T3_ctrl,143,10,143.33333333333334,0.05787719786167145,0.251217298210177
UBFC_PHYS_s17_T3_ctrl,143,11,143.36666666666667,-0.16109775006771088,0.13311037538320822
UBFC_PHYS_s17_T3_ctrl,143,12,143.4,-0.059681229293346405,0.0254926178951313
UBFC_PHYS_s17_T3_ctrl,143,13,143.43333333333334,0.27533042430877686,-0.06269333457373892
UBFC_PHYS_s17_T3_ctrl,143,14,143.46666666666667,0.5880548357963562,-0.1260153593265619
UBFC_PHYS_s17_T3_ctrl,143,15,143.5,0.792631983757019,-0.16308522602659786
UBFC_PHYS_s17_T3_ctrl,143,16,143.53333333333333,0.899491548538208,-0.17655573109849126
UBFC_PHYS_s17_T3_ctrl,143,17,143.56666666666666,0.8970100283622742,-0.17229885311538262
UBFC_PHYS_s17_T3_ctrl,143,18,143.6,0.8525056838989258,-0.15764752848658756
UBFC_PHYS_s17_T3_ctrl,143,19,143.63333333333333,0.8849767446517944,-0.13902304866161258
UBFC_PHYS_s17_T3_ctrl,143,20,143.66666666666666,0.990689218044281,-0.11976989298872537
UBFC_PHYS_s17_T3_ctrl,143,21,143.7,1.0733885765075684,-0.09920603417142759
UBFC_PHYS_s17_T3_ctrl,143,22,143.73333333333332,1.0948448181152344,-0.0735099476547713
UBFC_PHYS_s17_T3_ctrl,143,23,143.76666666666668,1.0652532577514648,-0.03821145676676365
UBFC_PHYS_s17_T3_ctrl,143,24,143.8,0.977415144443512,0.008840950206243613
UBFC_PHYS_s17_T3_ctrl,143,25,143.83333333333334,0.8467699885368347,0.06551374863018813
UBFC_PHYS_s17_T3_ctrl,143,26,143.86666666666667,0.7247517108917236,0.1254011299466781
UBFC_PHYS_s17_T3_ctrl,143,27,143.9,0.6210877299308777,0.17977260838572864
UBFC_PHYS_s17_T3_ctrl,143,28,143.93333333333334,0.46485432982444763,0.2204847531083608
UBFC_PHYS_s17_T3_ctrl,143,29,143.96666666666667,0.21684971451759338,0.24253345803569423
UBFC_PHYS_s17_T3_ctrl,143,30,144.0,-0.002230590907856822,0.24526429534484764
UBFC_PHYS_s17_T3_ctrl,143,31,144.03333333333333,0.01135950442403555,0.23196687654691758
UBFC_PHYS_s17_T3_ctrl,143,32,144.06666666666666,0.2713037431240082,0.20821009231712273
UBFC_PHYS_s17_T3_ctrl,143,33,144.1,0.6070411205291748,0.17961518972431662
UBFC_PHYS_s17_T3_ctrl,143,34,144.13333333333333,0.8852225542068481,0.14982223905388473
UBFC_PHYS_s17_T3_ctrl,143,35,144.16666666666666,1.1148260831832886,0.11931981610091191
UBFC_PHYS_s17_T3_ctrl,143,36,144.2,1.3055088520050049,0.08561360461724848
UBFC_PHYS_s17_T3_ctrl,143,37,144.23333333333332,1.3901865482330322,0.044685009987739756
UBFC_PHYS_s17_T3_ctrl,143,38,144.26666666666668,1.382694959640503,-0.007110888742836827
UBFC_PHYS_s17_T3_ctrl,143,39,144.3,1.4526822566986084,-0.07188497473103157
UBFC_PHYS_s17_T3_ctrl,143,40,144.33333333333334,1.6796754598617554,-0.15030543640900187
UBFC_PHYS_s17_T3_ctrl,143,41,144.36666666666667,1.875227689743042,-0.2423931945511128
UBFC_PHYS_s17_T3_ctrl,143,42,144.4,1.7444303035736084,-0.3479182828988488
UBFC_PHYS_s17_T3_ctrl,143,43,144.43333333333334,1.2718437910079956,-0.4655530732356663
UBFC_PHYS_s17_T3_ctrl,143,44,144.46666666666667,0.8710471987724304,-0.5907811727394552
UBFC_PHYS_s17_T3_ctrl,143,45,144.5,0.9455644488334656,-0.7134733429131273
UBFC_PHYS_s17_T3_ctrl,143,46,144.53333333333333,1.3139485120773315,-0.8165459227860768
UBFC_PHYS_s17_T3_ctrl,143,47,144.56666666666666,1.3827184438705444,-0.8770653033548473
UBFC_PHYS_s17_T3_ctrl,143,48,144.6,0.9471797943115234,-0.8705503132809408
UBFC_PHYS_s17_T3_ctrl,143,49,144.63333333333333,0.31769266724586487,-0.777994191802567
UBFC_PHYS_s17_T3_ctrl,143,50,144.66666666666666,-0.21960188448429108,-0.5935479973377242
UBFC_PHYS_s17_T3_ctrl,143,51,144.7,-0.7178000211715698,-0.32974945843589054
UBFC_PHYS_s17_T3_ctrl,143,52,144.73333333333332,-1.3716580867767334,-0.017513543312109234
UBFC_PHYS_s17_T3_ctrl,143,53,144.76666666666668,-2.270500659942627,0.2999808152605172
UBFC_PHYS_s17_T3_ctrl,143,54,144.8,-3.1297085285186768,0.5776161201709711
UBFC_PHYS_s17_T3_ctrl,143,55,144.83333333333334,-3.3693201541900635,0.779021919356012
UBFC_PHYS_s17_T3_ctrl,143,56,144.86666666666667,-2.8485538959503174,0.8838731676954275
UBFC_PHYS_s17_T3_ctrl,143,57,144.9,-2.0986521244049072,0.8899673076201353
UBFC_PHYS_s17_T3_ctrl,143,58,144.93333333333334,-1.5044453144073486,0.8106964983342575
UBFC_PHYS_s17_T3_ctrl,143,59,144.96666666666667,-0.9317299127578735,0.6700712185886963
UBFC_PHYS_s17_T3_ctrl,143,60,145.0,-0.29843848943710327,0.49737604640542243
UBFC_PHYS_s17_T3_ctrl,143,61,145.03333333333333,0.2303110510110855,0.3225069582639148
UBFC_PHYS_s17_T3_ctrl,143,62,145.06666666666666,0.612015962600708,0.1721217815054788
UBFC_PHYS_s17_T3_ctrl,143,63,145.1,0.8825302720069885,0.06634970454131033
UBFC_PHYS_s17_T3_ctrl,143,64,145.13333333333333,1.01323401927948,0.015914441634603364
UBFC_PHYS_s17_T3_ctrl,143,65,145.16666666666666,1.0468170642852783,0.020020246602981785
UBFC_PHYS_s17_T3_ctrl,143,66,145.2,1.1302422285079956,0.06594137183485627
UBFC_PHYS_s17_T3_ctrl,143,67,145.23333333333332,1.3107411861419678,0.13142114092723578
UBFC_PHYS_s17_T3_ctrl,143,68,145.26666666666668,1.4804593324661255,0.1902978484944914
UBFC_PHYS_s17_T3_ctrl,143,69,145.3,1.5800849199295044,0.2202225797070371
UBFC_PHYS_s17_T3_ctrl,143,70,145.33333333333334,1.6871669292449951,0.2096471932861493
UBFC_PHYS_s17_T3_ctrl,143,71,145.36666666666667,1.8999496698379517,0.1609207255593315
UBFC_PHYS_s17_T3_ctrl,143,72,145.4,2.279465675354004,0.08809276488230378
UBFC_PHYS_s17_T3_ctrl,143,73,145.43333333333334,2.8160111904144287,0.010659928704856138
UBFC_PHYS_s17_T3_ctrl,143,74,145.46666666666667,3.350320816040039,-0.053785157297853145
UBFC_PHYS_s17_T3_ctrl,143,75,145.5,3.551913022994995,-0.09498226794007492
UBFC_PHYS_s17_T3_ctrl,143,76,145.53333333333333,3.035454273223877,-0.11182319968827782
UBFC_PHYS_s17_T3_ctrl,143,77,145.56666666666666,1.7641775608062744,-0.11070146583332134
UBFC_PHYS_s17_T3_ctrl,143,78,145.6,0.189119353890419,-0.10186480801384414
UBFC_PHYS_s17_T3_ctrl,143,79,145.63333333333333,-1.0345861911773682,-0.09556445220853166
UBFC_PHYS_s17_T3_ctrl,143,80,145.66666666666666,-1.579138159751892,-0.09920924828427247
UBFC_PHYS_s17_T3_ctrl,143,81,145.7,-1.5799459218978882,-0.11591786193382123
UBFC_PHYS_s17_T3_ctrl,143,82,145.73333333333332,-1.308998465538025,-0.14440266986242112
UBFC_PHYS_s17_T3_ctrl,143,83,145.76666666666668,-0.9005932807922363,-0.17992017278422975
UBFC_PHYS_s17_T3_ctrl,143,84,145.8,-0.3777316212654114,-0.21581253245868534
UBFC_PHYS_s17_T3_ctrl,143,85,145.83333333333334,0.19044208526611328,-0.24506340316585015
UBFC_PHYS_s17_T3_ctrl,143,86,145.86666666666667,0.6312130093574524,-0.26149017782839984
UBFC_PHYS_s17_T3_ctrl,143,87,145.9,0.7706841826438904,-0.2605852436522916
UBFC_PHYS_s17_T3_ctrl,143,88,145.93333333333334,0.5914142727851868,-0.24031399047795587
UBFC_PHYS_s17_T3_ctrl,143,89,145.96666666666667,0.2409396469593048,-0.2021072820219829
UBFC_PHYS_s17_T3_ctrl,143,90,146.0,-0.10125919431447983,-0.15181755359203503
UBFC_PHYS_s17_T3_ctrl,143,91,146.03333333333333,-0.32646146416664124,-0.09987649167558407
UBFC_PHYS_s17_T3_ctrl,143,92,146.06666666666666,-0.4460449516773224,-0.05977911362841452
UBFC_PHYS_s17_T3_ctrl,143,93,146.1,-0.5364934206008911,-0.044653751981743955
UBFC_PHYS_s17_T3_ctrl,143,94,146.13333333333333,-0.6476138234138489,-0.06286832735084041
UBFC_PHYS_s17_T3_ctrl,143,95,146.16666666666666,-0.7615084052085876,-0.1144827555783641
UBFC_PHYS_s17_T3_ctrl,143,96,146.2,-0.8598815202713013,-0.19013841929320002
UBFC_PHYS_s17_T3_ctrl,143,97,146.23333333333332,-0.969527006149292,-0.2728733390793572
UBFC_PHYS_s17_T3_ctrl,143,98,146.26666666666668,-1.0881155729293823,-0.3420945735138615
UBFC_PHYS_s17_T3_ctrl,143,99,146.3,-1.1465728282928467,-0.3781970709458569
UBFC_PHYS_s17_T3_ctrl,143,100,146.33333333333334,-1.1206334829330444,-0.3664075623517884
UBFC_PHYS_s17_T3_ctrl,143,101,146.36666666666667,-1.0668349266052246,-0.2991536004007585
UBFC_PHYS_s17_T3_ctrl,143,102,146.4,-1.0292836427688599,-0.17710805901539428
UBFC_PHYS_s17_T3_ctrl,143,103,146.43333333333334,-1.0091736316680908,-0.00953183247686542
UBFC_PHYS_s17_T3_ctrl,143,104,146.46666666666667,-1.0068793296813965,0.18565738627944917
UBFC_PHYS_s17_T3_ctrl,143,105,146.5,-1.0067387819290161,0.3824534419277275
UBFC_PHYS_s17_T3_ctrl,143,106,146.53333333333333,-0.9629836082458496,0.5491673508047276
UBFC_PHYS_s17_T3_ctrl,143,107,146.56666666666666,-0.8702526092529297,0.6537959693604932
UBFC_PHYS_s17_T3_ctrl,143,108,146.6,-0.775391161441803,0.6720417470827142
UBFC_PHYS_s17_T3_ctrl,143,109,146.63333333333333,-0.7069022059440613,0.595667352373098
UBFC_PHYS_s17_T3_ctrl,143,110,146.66666666666666,-0.6505987048149109,0.43765527958061096
UBFC_PHYS_s17_T3_ctrl,143,111,146.7,-0.5889574885368347,0.23120719656294642
UBFC_PHYS_s17_T3_ctrl,143,112,146.73333333333332,-0.5207963585853577,0.021984431372102126
UBFC_PHYS_s17_T3_ctrl,143,113,146.76666666666668,-0.4530799686908722,-0.1440647258254954
UBFC_PHYS_s17_T3_ctrl,143,114,146.8,-0.4046308696269989,-0.23302124848407368
UBFC_PHYS_s17_T3_ctrl,143,115,146.83333333333334,-0.38371312618255615,-0.23124229185706793
UBFC_PHYS_s17_T3_ctrl,143,116,146.86666666666667,-0.35701286792755127,-0.1472618859871081
UBFC_PHYS_s17_T3_ctrl,143,117,146.9,-0.2882547080516815,-0.007632258642387502
UBFC_PHYS_s17_T3_ctrl,143,118,146.93333333333334,-0.19486814737319946,0.1511743701981707
UBFC_PHYS_s17_T3_ctrl,143,119,146.96666666666667,-0.11854822933673859,0.292025145566418
UBFC_PHYS_s17_T3_ctrl,143,120,147.0,-0.07158572971820831,0.3850904071833281
UBFC_PHYS_s17_T3_ctrl,143,121,147.03333333333333,-0.038845423609018326,0.4130093864325207
UBFC_PHYS_s17_T3_ctrl,143,122,147.06666666666666,-0.005742243491113186,0.3728692307957083
UBFC_PHYS_s17_T3_ctrl,143,123,147.1,0.024177037179470062,0.2753029076522855
UBFC_PHYS_s17_T3_ctrl,143,124,147.13333333333333,0.0399794727563858,0.14113006269078876
UBFC_PHYS_s17_T3_ctrl,143,125,147.16666666666666,0.051790330559015274,-0.003876552950952626
UBFC_PHYS_s17_T3_ctrl,143,126,147.2,0.07161946594715118,-0.13490333371849741
UBFC_PHYS_s17_T3_ctrl,143,127,147.23333333333332,0.08395706862211227,-0.23307766566216406
UBFC_PHYS_s17_T3_ctrl,143,128,147.26666666666668,0.07199404388666153,-0.2883591368023867
UBFC_PHYS_s17_T3_ctrl,143,129,147.3,0.03520362451672554,-0.3000688339735004
UBFC_PHYS_s17_T3_ctrl,143,130,147.33333333333334,-0.024119893088936806,-0.2754308282707196
UBFC_PHYS_s17_T3_ctrl,143,131,147.36666666666667,-0.08117254078388214,-0.22686604387390322
UBFC_PHYS_s17_T3_ctrl,143,132,147.4,-0.0887577086687088,-0.16899765851681756
UBFC_PHYS_s17_T3_ctrl,143,133,147.43333333333334,-0.05120643973350525,-0.1161598140969518
UBFC_PHYS_s17_T3_ctrl,143,134,147.46666666666667,-0.023476090282201767,-0.08055565645600188
UBFC_PHYS_s17_T3_ctrl,143,135,147.5,-0.023476090282201767,-0.07062674241799728
UBFC_PHYS_s17_T3_ctrl,143,136,147.53333333333333,-0.04168986156582832,-0.08925942680023825
UBFC_PHYS_s17_T3_ctrl,143,137,147.56666666666666,-0.10960522294044495,-0.1321807833635728
UBFC_PHYS_s17_T3_ctrl,143,138,147.6,-0.24499113857746124,-0.18771541610267362
UBFC_PHYS_s17_T3_ctrl,143,139,147.63333333333333,-0.3942948877811432,-0.23905109544718628
UBFC_PHYS_s17_T3_ctrl,143,140,147.66666666666666,-0.5025240182876587,-0.26893028099727156
UBFC_PHYS_s17_T3_ctrl,143,141,147.7,-0.5780362486839294,-0.2651718432707495
UBFC_PHYS_s17_T3_ctrl,143,142,147.73333333333332,-0.6506221294403076,-0.22479019048779525
UBFC_PHYS_s17_T3_ctrl,143,143,147.76666666666668,-0.7243668437004089,-0.15495314094225954
UBFC_PHYS_s17_T3_ctrl,143,144,147.8,-0.7830816507339478,-0.07025332631061308
UBFC_PHYS_s17_T3_ctrl,143,145,147.83333333333334,-0.8117835521697998,0.012658391109761543
UBFC_PHYS_s17_T3_ctrl,143,146,147.86666666666667,-0.8099223971366882,0.08073913743928715
UBFC_PHYS_s17_T3_ctrl,143,147,147.9,-0.7972336411476135,0.12807136693215815
UBFC_PHYS_s17_T3_ctrl,143,148,147.93333333333334,-0.7816419005393982,0.15612071077136477
UBFC_PHYS_s17_T3_ctrl,143,149,147.96666666666667,-0.7160442471504211,0.1713511296864194
UBFC_PHYS_s17_T3_ctrl,143,150,148.0,-0.5314366221427917,0.181718940094724
UBFC_PHYS_s17_T3_ctrl,143,151,148.03333333333333,-0.24850279092788696,0.19349274908122144
UBFC_PHYS_s17_T3_ctrl,143,152,148.06666666666666,0.0028730109333992004,0.20927117942844473
UBFC_PHYS_s17_T3_ctrl,143,153,148.1,0.1454695165157318,0.22745945957915872
UBFC_PHYS_s17_T3_ctrl,143,154,148.13333333333333,0.20103557407855988,0.24307174815902743
UBFC_PHYS_s17_T3_ctrl,143,155,148.16666666666666,0.19518281519412994,0.24950987780679365
UBFC_PHYS_s17_T3_ctrl,143,156,148.2,0.1420983374118805,0.24080236449674783
UBFC_PHYS_s17_T3_ctrl,143,157,148.23333333333332,0.10126952081918716,0.21368104333349286
UBFC_PHYS_s17_T3_ctrl,143,158,148.26666666666668,0.11839468032121658,0.1689076233277091
UBFC_PHYS_s17_T3_ctrl,143,159,148.3,0.1392187774181366,0.11147437073792892
UBFC_PHYS_s17_T3_ctrl,143,160,148.33333333333334,0.09275960922241211,0.04963740922218951
UBFC_PHYS_s17_T3_ctrl,143,161,148.36666666666667,-0.009839171543717384,-0.006965189626158998
UBFC_PHYS_s17_T3_ctrl,143,162,148.4,-0.12626215815544128,-0.049719301442732684
UBFC_PHYS_s17_T3_ctrl,143,163,148.43333333333334,-0.26326343417167664,-0.07351880116238134
UBFC_PHYS_s17_T3_ctrl,143,164,148.46666666666667,-0.45124220848083496,-0.07879023246133687
UBFC_PHYS_s17_T3_ctrl,143,165,148.5,-0.6759411692619324,-0.07236800282162621
UBFC_PHYS_s17_T3_ctrl,143,166,148.53333333333333,-0.8771354556083679,-0.06648127850429586
UBFC_PHYS_s17_T3_ctrl,143,167,148.56666666666666,-1.0041987895965576,-0.07551598892500137
UBFC_PHYS_s17_T3_ctrl,143,168,148.6,-1.0446646213531494,-0.11117184122964417
UBFC_PHYS_s17_T3_ctrl,143,169,148.63333333333333,-1.0064462423324585,-0.1776576582482343
UBFC_PHYS_s17_T3_ctrl,143,170,148.66666666666666,-0.8898593187332153,-0.2689476471101995
UBFC_PHYS_s17_T3_ctrl,143,171,148.7,-0.6929024457931519,-0.36940385616314164
UBFC_PHYS_s17_T3_ctrl,143,172,148.73333333333332,-0.4444412887096405,-0.45748989589093386
UBFC_PHYS_s17_T3_ctrl,143,173,148.76666666666668,-0.2060820311307907,-0.5109649606872675
UBFC_PHYS_s17_T3_ctrl,143,174,148.8,-0.018138376995921135,-0.5117611679927763
UBFC_PHYS_s17_T3_ctrl,143,175,148.83333333333334,0.16076861321926117,-0.44942182474013515
UBFC_PHYS_s17_T3_ctrl,143,176,148.86666666666667,0.4136427342891693,-0.32275357888254097
UBFC_PHYS_s17_T3_ctrl,143,177,148.9,0.7286496758460999,-0.139867618432714
UBFC_PHYS_s17_T3_ctrl,143,178,148.93333333333334,0.9372769594192505,0.08296578331890928
UBFC_PHYS_s17_T3_ctrl,143,179,148.96666666666667,0.8549404144287109,0.3231606254615994
UBFC_PHYS_s17_T3_ctrl,143,180,149.0,0.48536238074302673,0.5539455698335046
UBFC_PHYS_s17_T3_ctrl,143,181,149.03333333333333,0.04051792621612549,0.74670375398612
UBFC_PHYS_s17_T3_ctrl,143,182,149.06666666666666,-0.2511599361896515,0.8739271378549868
UBFC_PHYS_s17_T3_ctrl,143,183,149.1,-0.32379263639450073,0.9132108145339518
UBFC_PHYS_s17_T3_ctrl,143,184,149.13333333333333,-0.28658080101013184,0.8519265944960712
UBFC_PHYS_s17_T3_ctrl,143,185,149.16666666666666,-0.2730960547924042,0.6912263986883544
UBFC_PHYS_s17_T3_ctrl,143,186,149.2,-0.25345420837402344,0.4476949330646757
UBFC_PHYS_s17_T3_ctrl,143,187,149.23333333333332,-0.11969537287950516,0.15160528334954276
UBFC_PHYS_s17_T3_ctrl,143,188,149.26666666666668,0.0818500816822052,-0.15801304020806073
UBFC_PHYS_s17_T3_ctrl,143,189,149.3,0.21106718480587006,-0.44026166175231346
UBFC_PHYS_s17_T3_ctrl,143,190,149.33333333333334,0.25253981351852417,-0.6597391607382422
UBFC_PHYS_s17_T3_ctrl,143,191,149.36666666666667,0.24834923446178436,-0.7929874633560106
UBFC_PHYS_s17_T3_ctrl,143,192,149.4,0.20734484493732452,-0.8325323622042132
UBFC_PHYS_s17_T3_ctrl,143,193,149.43333333333334,0.15704627335071564,-0.7871737744669804
UBFC_PHYS_s17_T3_ctrl,143,194,149.46666666666667,0.14250802993774414,-0.6781020593078793
UBFC_PHYS_s17_T3_ctrl,143,195,149.5,0.16527524590492249,-0.5319578044844034
UBFC_PHYS_s17_T3_ctrl,143,196,149.53333333333333,0.19307582080364227,-0.3733634493399258
UBFC_PHYS_s17_T3_ctrl,143,197,149.56666666666666,0.19527645409107208,-0.21975514890189848
UBFC_PHYS_s17_T3_ctrl,143,198,149.6,0.14350299537181854,-0.08010786258073739
UBFC_PHYS_s17_T3_ctrl,143,199,149.63333333333333,0.020454684272408485,0.04287385533792227
UBFC_PHYS_s17_T3_ctrl,143,200,149.66666666666666,-0.14931030571460724,0.14910117946510903
UBFC_PHYS_s17_T3_ctrl,143,201,149.7,-0.31234464049339294,0.23825976886845918
UBFC_PHYS_s17_T3_ctrl,143,202,149.73333333333332,-0.46469181776046753,0.3089805185947088
UBFC_PHYS_s17_T3_ctrl,143,203,149.76666666666668,-0.6752973198890686,0.3596678555108116
UBFC_PHYS_s17_T3_ctrl,143,204,149.8,-0.9529754519462585,0.3896844714751211
UBFC_PHYS_s17_T3_ctrl,143,205,149.83333333333334,-1.145039439201355,0.39974573814455133
UBFC_PHYS_s17_T3_ctrl,143,206,149.86666666666667,-1.077123999595642,0.3913725358062813
UBFC_PHYS_s17_T3_ctrl,143,207,149.9,-0.7743727564811707,0.366185906806452
UBFC_PHYS_s17_T3_ctrl,143,208,149.93333333333334,-0.4459630250930786,0.3259121839329984
UBFC_PHYS_s17_T3_ctrl,143,209,149.96666666666667,-0.24233399331569672,0.2732287736516472
UBFC_PHYS_s17_T3_ctrl,143,210,150.0,-0.15428514778614044,0.2126782822008301
UBFC_PHYS_s17_T3_ctrl,143,211,150.03333333333333,-0.1581362634897232,0.15067808755758091
UBFC_PHYS_s17_T3_ctrl,143,212,150.06666666666666,-0.2751445174217224,0.09442508663820404
UBFC_PHYS_s17_T3_ctrl,143,213,150.1,-0.4920358955860138,0.0503563976348279
UBFC_PHYS_s17_T3_ctrl,143,214,150.13333333333333,-0.7450153827667236,0.022889915205598157
UBFC_PHYS_s17_T3_ctrl,143,215,150.16666666666666,-0.9760704040527344,0.013691327987171832
UBFC_PHYS_s17_T3_ctrl,143,216,150.2,-1.1268724203109741,0.021370641260994173
UBFC_PHYS_s17_T3_ctrl,143,217,150.23333333333332,-1.1559957265853882,0.04150322795137015
UBFC_PHYS_s17_T3_ctrl,143,218,150.26666666666668,-1.1294125318527222,0.06704278023397439
UBFC_PHYS_s17_T3_ctrl,143,219,150.3,-1.1321399211883545,0.08930383903307192
UBFC_PHYS_s17_T3_ctrl,143,220,150.33333333333334,-1.0402165651321411,0.0995706629331205
UBFC_PHYS_s17_T3_ctrl,143,221,150.36666666666667,-0.6903740167617798,0.09106936526770305
UBFC_PHYS_s17_T3_ctrl,143,222,150.4,-0.22564193606376648,0.060714212644215476
UBFC_PHYS_s17_T3_ctrl,143,223,150.43333333333334,0.03056824393570423,0.009954159968154866
UBFC_PHYS_s17_T3_ctrl,143,224,150.46666666666667,-0.04928673803806305,-0.05566956828653536
UBFC_PHYS_s17_T3_ctrl,143,225,150.5,-0.3841228187084198,-0.12811909810533625
UBFC_PHYS_s17_T3_ctrl,143,226,150.53333333333333,-0.816325306892395,-0.19898330491992333
UBFC_PHYS_s17_T3_ctrl,143,227,150.56666666666666,-1.0789968967437744,-0.2613084240182385
UBFC_PHYS_s17_T3_ctrl,143,228,150.6,-0.9645287394523621,-0.3105213065270367
UBFC_PHYS_s17_T3_ctrl,143,229,150.63333333333333,-0.5655816197395325,-0.3443030035139064
UBFC_PHYS_s17_T3_ctrl,143,230,150.66666666666666,-0.17769616842269897,-0.36175909634892633
UBFC_PHYS_s17_T3_ctrl,143,231,150.7,-0.04847905784845352,-0.36253076579814475
UBFC_PHYS_s17_T3_ctrl,143,232,150.73333333333332,-0.3095470070838928,-0.34646305599637583
UBFC_PHYS_s17_T3_ctrl,143,233,150.76666666666668,-0.8414453268051147,-0.3140474697254601
UBFC_PHYS_s17_T3_ctrl,143,234,150.8,-1.0906322002410889,-0.2672504112676971
UBFC_PHYS_s17_T3_ctrl,143,235,150.83333333333334,-0.6196961998939514,-0.20995820462202422
UBFC_PHYS_s17_T3_ctrl,143,236,150.86666666666667,0.23871560394763947,-0.1474450098169336
UBFC_PHYS_s17_T3_ctrl,143,237,150.9,0.8192854523658752,-0.08489662914412195
UBFC_PHYS_s17_T3_ctrl,143,238,150.93333333333334,1.015820860862732,-0.02571435020721647
UBFC_PHYS_s17_T3_ctrl,143,239,150.96666666666667,1.128135323524475,0.029333609657985264
UBFC_PHYS_s17_T3_ctrl,144,0,144.0,-0.002230590907856822,0.17689553657958704
UBFC_PHYS_s17_T3_ctrl,144,1,144.03333333333333,0.01135950442403555,0.22656852170653408
UBFC_PHYS_s17_T3_ctrl,144,2,144.06666666666666,0.2713037431240082,0.26036161559836796
UBFC_PHYS_s17_T3_ctrl,144,3,144.1,0.6070411205291748,0.2696270775989201
UBFC_PHYS_s17_T3_ctrl,144,4,144.13333333333333,0.8852225542068481,0.25030032981459616
UBFC_PHYS_s17_T3_ctrl,144,5,144.16666666666666,1.1148260831832886,0.20284647591288246
UBFC_PHYS_s17_T3_ctrl,144,6,144.2,1.3055088520050049,0.13081459636161616
UBFC_PHYS_s17_T3_ctrl,144,7,144.23333333333332,1.3901865482330322,0.03923355553284792
UBFC_PHYS_s17_T3_ctrl,144,8,144.26666666666668,1.382694959640503,-0.06629608650550359
UBFC_PHYS_s17_T3_ctrl,144,9,144.3,1.4526822566986084,-0.17991764100179267
UBFC_PHYS_s17_T3_ctrl,144,10,144.33333333333334,1.6796754598617554,-0.29587728644005995
UBFC_PHYS_s17_T3_ctrl,144,11,144.36666666666667,1.875227689743042,-0.4093017090650908
UBFC_PHYS_s17_T3_ctrl,144,12,144.4,1.7444303035736084,-0.517025269151869
UBFC_PHYS_s17_T3_ctrl,144,13,144.43333333333334,1.2718437910079956,-0.6176206986501052
UBFC_PHYS_s17_T3_ctrl,144,14,144.46666666666667,0.8710471987724304,-0.7100988322936581
UBFC_PHYS_s17_T3_ctrl,144,15,144.5,0.9455644488334656,-0.7915545740082799
UBFC_PHYS_s17_T3_ctrl,144,16,144.53333333333333,1.3139485120773315,-0.8547532456021315
UBFC_PHYS_s17_T3_ctrl,144,17,144.56666666666666,1.3827184438705444,-0.8869830995538941
UBFC_PHYS_s17_T3_ctrl,144,18,144.6,0.9471797943115234,-0.8713292140351536
UBFC_PHYS_s17_T3_ctrl,144,19,144.63333333333333,0.31769266724586487,-0.7907296091579985
UBFC_PHYS_s17_T3_ctrl,144,20,144.66666666666666,-0.21960188448429108,-0.6339075544554733
UBFC_PHYS_s17_T3_ctrl,144,21,144.7,-0.7178000211715698,-0.40116107770276116
UBFC_PHYS_s17_T3_ctrl,144,22,144.73333333333332,-1.3716580867767334,-0.1076993411844127
UBFC_PHYS_s17_T3_ctrl,144,23,144.76666666666668,-2.270500659942627,0.2170218143048993
UBFC_PHYS_s17_T3_ctrl,144,24,144.8,-3.1297085285186768,0.5340025050142129
UBFC_PHYS_s17_T3_ctrl,144,25,144.83333333333334,-3.3693201541900635,0.8020013888171965
UBFC_PHYS_s17_T3_ctrl,144,26,144.86666666666667,-2.8485538959503174,0.9853052550828818
UBFC_PHYS_s17_T3_ctrl,144,27,144.9,-2.0986521244049072,1.060131324445294
UBFC_PHYS_s17_T3_ctrl,144,28,144.93333333333334,-1.5044453144073486,1.0187575791090349
UBFC_PHYS_s17_T3_ctrl,144,29,144.96666666666667,-0.9317299127578735,0.8712494779026988
UBFC_PHYS_s17_T3_ctrl,144,30,145.0,-0.29843848943710327,0.6447482504103897
UBFC_PHYS_s17_T3_ctrl,144,31,145.03333333333333,0.2303110510110855,0.3800162214993992
UBFC_PHYS_s17_T3_ctrl,144,32,145.06666666666666,0.612015962600708,0.12495222966985703
UBFC_PHYS_s17_T3_ctrl,144,33,145.1,0.8825302720069885,-0.07453679452820151
UBFC_PHYS_s17_T3_ctrl,144,34,145.13333333333333,1.01323401927948,-0.18471847890256302
UBFC_PHYS_s17_T3_ctrl,144,35,145.16666666666666,1.0468170642852783,-0.1925789274307199
UBFC_PHYS_s17_T3_ctrl,144,36,145.2,1.1302422285079956,-0.10975710087711162
UBFC_PHYS_s17_T3_ctrl,144,37,145.23333333333332,1.3107411861419678,0.030214955968071756
UBFC_PHYS_s17_T3_ctrl,144,38,145.26666666666668,1.4804593324661255,0.18146857327124388
UBFC_PHYS_s17_T3_ctrl,144,39,145.3,1.5800849199295044,0.29959007536849036
UBFC_PHYS_s17_T3_ctrl,144,40,145.33333333333334,1.6871669292449951,0.3547820322802018
UBFC_PHYS_s17_T3_ctrl,144,41,145.36666666666667,1.8999496698379517,0.33927398905301215
UBFC_PHYS_s17_T3_ctrl,144,42,145.4,2.279465675354004,0.2664037046371988
UBFC_PHYS_s17_T3_ctrl,144,43,145.43333333333334,2.8160111904144287,0.1626046555683285
UBFC_PHYS_s17_T3_ctrl,144,44,145.46666666666667,3.350320816040039,0.0563609210122752
UBFC_PHYS_s17_T3_ctrl,144,45,145.5,3.551913022994995,-0.03120056661113449
UBFC_PHYS_s17_T3_ctrl,144,46,145.53333333333333,3.035454273223877,-0.09096693517794828
UBFC_PHYS_s17_T3_ctrl,144,47,145.56666666666666,1.7641775608062744,-0.12521233637849194
UBFC_PHYS_s17_T3_ctrl,144,48,145.6,0.189119353890419,-0.14333510785271775
UBFC_PHYS_s17_T3_ctrl,144,49,145.63333333333333,-1.0345861911773682,-0.15652220348658688
UBFC_PHYS_s17_T3_ctrl,144,50,145.66666666666666,-1.579138159751892,-0.1734665674498538
UBFC_PHYS_s17_T3_ctrl,144,51,145.7,-1.5799459218978882,-0.1981173805398026
UBFC_PHYS_s17_T3_ctrl,144,52,145.73333333333332,-1.308998465538025,-0.22939115579357258
UBFC_PHYS_s17_T3_ctrl,144,53,145.76666666666668,-0.9005932807922363,-0.2622012905900377
UBFC_PHYS_s17_T3_ctrl,144,54,145.8,-0.3777316212654114,-0.28908906131795503
UBFC_PHYS_s17_T3_ctrl,144,55,145.83333333333334,0.19044208526611328,-0.30199028565618113
UBFC_PHYS_s17_T3_ctrl,144,56,145.86666666666667,0.6312130093574524,-0.29399703424532847
UBFC_PHYS_s17_T3_ctrl,144,57,145.9,0.7706841826438904,-0.26114765894239844
UBFC_PHYS_s17_T3_ctrl,144,58,145.93333333333334,0.5914142727851868,-0.2041693321745251
UBFC_PHYS_s17_T3_ctrl,144,59,145.96666666666667,0.2409396469593048,-0.12969876430845328
UBFC_PHYS_s17_T3_ctrl,144,60,146.0,-0.10125919431447983,-0.05011177391381212
UBFC_PHYS_s17_T3_ctrl,144,61,146.03333333333333,-0.32646146416664124,0.01866217352223272
UBFC_PHYS_s17_T3_ctrl,144,62,146.06666666666666,-0.4460449516773224,0.060900154330140906
UBFC_PHYS_s17_T3_ctrl,144,63,146.1,-0.5364934206008911,0.06500710550441616
UBFC_PHYS_s17_T3_ctrl,144,64,146.13333333333333,-0.6476138234138489,0.026209812132269424
UBFC_PHYS_s17_T3_ctrl,144,65,146.16666666666666,-0.7615084052085876,-0.05253682795488731
UBFC_PHYS_s17_T3_ctrl,144,66,146.2,-0.8598815202713013,-0.16110896833866822
UBFC_PHYS_s17_T3_ctrl,144,67,146.23333333333332,-0.969527006149292,-0.2835265719447843
UBFC_PHYS_s17_T3_ctrl,144,68,146.26666666666668,-1.0881155729293823,-0.3995417668410602
UBFC_PHYS_s17_T3_ctrl,144,69,146.3,-1.1465728282928467,-0.4865473578388454
UBFC_PHYS_s17_T3_ctrl,144,70,146.33333333333334,-1.1206334829330444,-0.5221926385352335
UBFC_PHYS_s17_T3_ctrl,144,71,146.36666666666667,-1.0668349266052246,-0.48802322811175075
UBFC_PHYS_s17_T3_ctrl,144,72,146.4,-1.0292836427688599,-0.3739919145169931
UBFC_PHYS_s17_T3_ctrl,144,73,146.43333333333334,-1.0091736316680908,-0.18300227740348404
UBFC_PHYS_s17_T3_ctrl,144,74,146.46666666666667,-1.0068793296813965,0.06598333857196317
UBFC_PHYS_s17_T3_ctrl,144,75,146.5,-1.0067387819290161,0.33806736182324015
UBFC_PHYS_s17_T3_ctrl,144,76,146.53333333333333,-0.9629836082458496,0.5872529781000706
UBFC_PHYS_s17_T3_ctrl,144,77,146.56666666666666,-0.8702526092529297,0.7660574164283619
UBFC_PHYS_s17_T3_ctrl,144,78,146.6,-0.775391161441803,0.8376608024902396
UBFC_PHYS_s17_T3_ctrl,144,79,146.63333333333333,-0.7069022059440613,0.7865846744738575
UBFC_PHYS_s17_T3_ctrl,144,80,146.66666666666666,-0.6505987048149109,0.6240020145739633
UBFC_PHYS_s17_T3_ctrl,144,81,146.7,-0.5889574885368347,0.3856471772106262
UBFC_PHYS_s17_T3_ctrl,144,82,146.73333333333332,-0.5207963585853577,0.1229112510428035
UBFC_PHYS_s17_T3_ctrl,144,83,146.76666666666668,-0.4530799686908722,-0.11000540592483429
UBFC_PHYS_s17_T3_ctrl,144,84,146.8,-0.4046308696269989,-0.26889671469123205
UBFC_PHYS_s17_T3_ctrl,144,85,146.83333333333334,-0.38371312618255615,-0.32875469901762644
UBFC_PHYS_s17_T3_ctrl,144,86,146.86666666666667,-0.35701286792755127,-0.28749161401871215
UBFC_PHYS_s17_T3_ctrl,144,87,146.9,-0.2882547080516815,-0.16420146754996703
UBFC_PHYS_s17_T3_ctrl,144,88,146.93333333333334,-0.19486814737319946,0.00677858279250057
UBFC_PHYS_s17_T3_ctrl,144,89,146.96666666666667,-0.11854822933673859,0.1842098563134448
UBFC_PHYS_s17_T3_ctrl,144,90,147.0,-0.07158572971820831,0.32876006513902906
UBFC_PHYS_s17_T3_ctrl,144,91,147.03333333333333,-0.038845423609018326,0.4105611558424337
UBFC_PHYS_s17_T3_ctrl,144,92,147.06666666666666,-0.005742243491113186,0.41435220808804224
UBFC_PHYS_s17_T3_ctrl,144,93,147.1,0.024177037179470062,0.3415915919059748
UBFC_PHYS_s17_T3_ctrl,144,94,147.13333333333333,0.0399794727563858,0.2092641095662914
UBFC_PHYS_s17_T3_ctrl,144,95,147.16666666666666,0.051790330559015274,0.045523909587673814
UBFC_PHYS_s17_T3_ctrl,144,96,147.2,0.07161946594715118,-0.11696024753887908
UBFC_PHYS_s17_T3_ctrl,144,97,147.23333333333332,0.08395706862211227,-0.24837743208116556
UBFC_PHYS_s17_T3_ctrl,144,98,147.26666666666668,0.07199404388666153,-0.3280441434399596
UBFC_PHYS_s17_T3_ctrl,144,99,147.3,0.03520362451672554,-0.3480779767418622
UBFC_PHYS_s17_T3_ctrl,144,100,147.33333333333334,-0.024119893088936806,-0.31373907698110315
UBFC_PHYS_s17_T3_ctrl,144,101,147.36666666666667,-0.08117254078388214,-0.24070284240415846
UBFC_PHYS_s17_T3_ctrl,144,102,147.4,-0.0887577086687088,-0.15044535877166687
UBFC_PHYS_s17_T3_ctrl,144,103,147.43333333333334,-0.05120643973350525,-0.0652496583738195
UBFC_PHYS_s17_T3_ctrl,144,104,147.46666666666667,-0.023476090282201767,-0.003890587986038134
UBFC_PHYS_s17_T3_ctrl,144,105,147.5,-0.023476090282201767,0.021628523476300142
UBFC_PHYS_s17_T3_ctrl,144,106,147.53333333333333,-0.04168986156582832,0.008195485109508922
UBFC_PHYS_s17_T3_ctrl,144,107,147.56666666666666,-0.10960522294044495,-0.03772802086236105
UBFC_PHYS_s17_T3_ctrl,144,108,147.6,-0.24499113857746124,-0.10143724794790435
UBFC_PHYS_s17_T3_ctrl,144,109,147.63333333333333,-0.3942948877811432,-0.16367611472924332
UBFC_PHYS_s17_T3_ctrl,144,110,147.66666666666666,-0.5025240182876587,-0.20609029945429763
UBFC_PHYS_s17_T3_ctrl,144,111,147.7,-0.5780362486839294,-0.2167962561715916
UBFC_PHYS_s17_T3_ctrl,144,112,147.73333333333332,-0.6506221294403076,-0.19404894087115163
UBFC_PHYS_s17_T3_ctrl,144,113,147.76666666666668,-0.7243668437004089,-0.14647643225175105
UBFC_PHYS_s17_T3_ctrl,144,114,147.8,-0.7830816507339478,-0.08950387987314788
UBFC_PHYS_s17_T3_ctrl,144,115,147.83333333333334,-0.8117835521697998,-0.03916979575038168
UBFC_PHYS_s17_T3_ctrl,144,116,147.86666666666667,-0.8099223971366882,-0.005958190330129905
UBFC_PHYS_s17_T3_ctrl,144,117,147.9,-0.7972336411476135,0.008552972755670992
UBFC_PHYS_s17_T3_ctrl,144,118,147.93333333333334,-0.7816419005393982,0.010963998603119992
UBFC_PHYS_s17_T3_ctrl,144,119,147.96666666666667,-0.7160442471504211,0.012168175390763467
UBFC_PHYS_s17_T3_ctrl,144,120,148.0,-0.5314366221427917,0.022571437425555285
UBFC_PHYS_s17_T3_ctrl,144,121,148.03333333333333,-0.24850279092788696,0.048525590290326166
UBFC_PHYS_s17_T3_ctrl,144,122,148.06666666666666,0.0028730109333992004,0.09080769418173529
UBFC_PHYS_s17_T3_ctrl,144,123,148.1,0.1454695165157318,0.14477864766570764
UBFC_PHYS_s17_T3_ctrl,144,124,148.13333333333333,0.20103557407855988,0.20161135006695644
UBFC_PHYS_s17_T3_ctrl,144,125,148.16666666666666,0.19518281519412994,0.25027595105748296
UBFC_PHYS_s17_T3_ctrl,144,126,148.2,0.1420983374118805,0.28003976205375597
UBFC_PHYS_s17_T3_ctrl,144,127,148.23333333333332,0.10126952081918716,0.28304077841777225
UBFC_PHYS_s17_T3_ctrl,144,128,148.26666666666668,0.11839468032121658,0.25634975868177134
UBFC_PHYS_s17_T3_ctrl,144,129,148.3,0.1392187774181366,0.2030070699077745
UBFC_PHYS_s17_T3_ctrl,144,130,148.33333333333334,0.09275960922241211,0.13177507824380452
UBFC_PHYS_s17_T3_ctrl,144,131,148.36666666666667,-0.009839171543717384,0.05560692848551498
UBFC_PHYS_s17_T3_ctrl,144,132,148.4,-0.12626215815544128,-0.011016381821433502
UBFC_PHYS_s17_T3_ctrl,144,133,148.43333333333334,-0.26326343417167664,-0.05556417924851255
UBFC_PHYS_s17_T3_ctrl,144,134,148.46666666666667,-0.45124220848083496,-0.07111721836182426
UBFC_PHYS_s17_T3_ctrl,144,135,148.5,-0.6759411692619324,-0.05918896500959884
UBFC_PHYS_s17_T3_ctrl,144,136,148.53333333333333,-0.8771354556083679,-0.03048581127149286
UBFC_PHYS_s17_T3_ctrl,144,137,148.56666666666666,-1.0041987895965576,-0.0027131440626762407
UBFC_PHYS_s17_T3_ctrl,144,138,148.6,-1.0446646213531494,0.00448038717224856
UBFC_PHYS_s17_T3_ctrl,144,139,148.63333333333333,-1.0064462423324585,-0.02401675335664936
UBFC_PHYS_s17_T3_ctrl,144,140,148.66666666666666,-0.8898593187332153,-0.09331639720280734
UBFC_PHYS_s17_T3_ctrl,144,141,148.7,-0.6929024457931519,-0.1962981560770053
UBFC_PHYS_s17_T3_ctrl,144,142,148.73333333333332,-0.4444412887096405,-0.3151863188597576
UBFC_PHYS_s17_T3_ctrl,144,143,148.76666666666668,-0.2060820311307907,-0.42571955455459237
UBFC_PHYS_s17_T3_ctrl,144,144,148.8,-0.018138376995921135,-0.5020571972369996
UBFC_PHYS_s17_T3_ctrl,144,145,148.83333333333334,0.16076861321926117,-0.521131478917935
UBFC_PHYS_s17_T3_ctrl,144,146,148.86666666666667,0.4136427342891693,-0.46617487835144705
UBFC_PHYS_s17_T3_ctrl,144,147,148.9,0.7286496758460999,-0.3298361559508404
UBFC_PHYS_s17_T3_ctrl,144,148,148.93333333333334,0.9372769594192505,-0.11718667161817314
UBFC_PHYS_s17_T3_ctrl,144,149,148.96666666666667,0.8549404144287109,0.15189733920515516
UBFC_PHYS_s17_T3_ctrl,144,150,149.0,0.48536238074302673,0.4424262574617202
UBFC_PHYS_s17_T3_ctrl,144,151,149.03333333333333,0.04051792621612549,0.7077400257565108
UBFC_PHYS_s17_T3_ctrl,144,152,149.06666666666666,-0.2511599361896515,0.8974053633163454
UBFC_PHYS_s17_T3_ctrl,144,153,149.1,-0.32379263639450073,0.9684061551400943
UBFC_PHYS_s17_T3_ctrl,144,154,149.13333333333333,-0.28658080101013184,0.8966082015963605
UBFC_PHYS_s17_T3_ctrl,144,155,149.16666666666666,-0.2730960547924042,0.6846616823148179
UBFC_PHYS_s17_T3_ctrl,144,156,149.2,-0.25345420837402344,0.363344374429887
UBFC_PHYS_s17_T3_ctrl,144,157,149.23333333333332,-0.11969537287950516,-0.014409913694242972
UBFC_PHYS_s17_T3_ctrl,144,158,149.26666666666668,0.0818500816822052,-0.38493339292919343
UBFC_PHYS_s17_T3_ctrl,144,159,149.3,0.21106718480587006,-0.687271515453172
UBFC_PHYS_s17_T3_ctrl,144,160,149.33333333333334,0.25253981351852417,-0.8754194071832211
UBFC_PHYS_s17_T3_ctrl,144,161,149.36666666666667,0.24834923446178436,-0.9271137753155849
UBFC_PHYS_s17_T3_ctrl,144,162,149.4,0.20734484493732452,-0.8476296684554971
UBFC_PHYS_s17_T3_ctrl,144,163,149.43333333333334,0.15704627335071564,-0.6675051482468851
UBFC_PHYS_s17_T3_ctrl,144,164,149.46666666666667,0.14250802993774414,-0.43409569561903266
UBFC_PHYS_s17_T3_ctrl,144,165,149.5,0.16527524590492249,-0.19871826005300372
UBFC_PHYS_s17_T3_ctrl,144,166,149.53333333333333,0.19307582080364227,-0.003304773478626012
UBFC_PHYS_s17_T3_ctrl,144,167,149.56666666666666,0.19527645409107208,0.12877994050930808
UBFC_PHYS_s17_T3_ctrl,144,168,149.6,0.14350299537181854,0.19489914928371854
UBFC_PHYS_s17_T3_ctrl,144,169,149.63333333333333,0.020454684272408485,0.20864274578508932
UBFC_PHYS_s17_T3_ctrl,144,170,149.66666666666666,-0.14931030571460724,0.19165880862356868
UBFC_PHYS_s17_T3_ctrl,144,171,149.7,-0.31234464049339294,0.1656470124495055
UBFC_PHYS_s17_T3_ctrl,144,172,149.73333333333332,-0.46469181776046753,0.14723634730363655
UBFC_PHYS_s17_T3_ctrl,144,173,149.76666666666668,-0.6752973198890686,0.14631588929347192
UBFC_PHYS_s17_T3_ctrl,144,174,149.8,-0.9529754519462585,0.16652335001223298
UBFC_PHYS_s17_T3_ctrl,144,175,149.83333333333334,-1.145039439201355,0.20610551464439264
UBFC_PHYS_s17_T3_ctrl,144,176,149.86666666666667,-1.077123999595642,0.2583735588335458
UBFC_PHYS_s17_T3_ctrl,144,177,149.9,-0.7743727564811707,0.31231046703763377
UBFC_PHYS_s17_T3_ctrl,144,178,149.93333333333334,-0.4459630250930786,0.3542820699962377
UBFC_PHYS_s17_T3_ctrl,144,179,149.96666666666667,-0.24233399331569672,0.37112190130276135
UBFC_PHYS_s17_T3_ctrl,144,180,150.0,-0.15428514778614044,0.3537969615813254
UBFC_PHYS_s17_T3_ctrl,144,181,150.03333333333333,-0.1581362634897232,0.3003145605445187
UBFC_PHYS_s17_T3_ctrl,144,182,150.06666666666666,-0.2751445174217224,0.21689162585717042
UBFC_PHYS_s17_T3_ctrl,144,183,150.1,-0.4920358955860138,0.11706351104765096
UBFC_PHYS_s17_T3_ctrl,144,184,150.13333333333333,-0.7450153827667236,0.018747547234614283
UBFC_PHYS_s17_T3_ctrl,144,185,150.16666666666666,-0.9760704040527344,-0.06034142012149096
UBFC_PHYS_s17_T3_ctrl,144,186,150.2,-1.1268724203109741,-0.10773514784242837
UBFC_PHYS_s17_T3_ctrl,144,187,150.23333333333332,-1.1559957265853882,-0.11993289488130798
UBFC_PHYS_s17_T3_ctrl,144,188,150.26666666666668,-1.1294125318527222,-0.10332939859426346
UBFC_PHYS_s17_T3_ctrl,144,189,150.3,-1.1321399211883545,-0.07196927030712724
UBFC_PHYS_s17_T3_ctrl,144,190,150.33333333333334,-1.0402165651321411,-0.04299063914677651
UBFC_PHYS_s17_T3_ctrl,144,191,150.36666666666667,-0.6903740167617798,-0.031433295639501535
UBFC_PHYS_s17_T3_ctrl,144,192,150.4,-0.22564193606376648,-0.04614911082013425
UBFC_PHYS_s17_T3_ctrl,144,193,150.43333333333334,0.03056824393570423,-0.08795095289120504
UBFC_PHYS_s17_T3_ctrl,144,194,150.46666666666667,-0.04928673803806305,-0.15022211787787415
UBFC_PHYS_s17_T3_ctrl,144,195,150.5,-0.3841228187084198,-0.22139580853844415
UBFC_PHYS_s17_T3_ctrl,144,196,150.53333333333333,-0.816325306892395,-0.28828501297278375
UBFC_PHYS_s17_T3_ctrl,144,197,150.56666666666666,-1.0789968967437744,-0.33921175335599846
UBFC_PHYS_s17_T3_ctrl,144,198,150.6,-0.9645287394523621,-0.366137548839194
UBFC_PHYS_s17_T3_ctrl,144,199,150.63333333333333,-0.5655816197395325,-0.365453526580578
UBFC_PHYS_s17_T3_ctrl,144,200,150.66666666666666,-0.17769616842269897,-0.3376212306199923
UBFC_PHYS_s17_T3_ctrl,144,201,150.7,-0.04847905784845352,-0.28620853938973123
UBFC_PHYS_s17_T3_ctrl,144,202,150.73333333333332,-0.3095470070838928,-0.2168687394953341
UBFC_PHYS_s17_T3_ctrl,144,203,150.76666666666668,-0.8414453268051147,-0.13656533077661084
UBFC_PHYS_s17_T3_ctrl,144,204,150.8,-1.0906322002410889,-0.05304705842649463
UBFC_PHYS_s17_T3_ctrl,144,205,150.83333333333334,-0.6196961998939514,0.02567853065485678
UBFC_PHYS_s17_T3_ctrl,144,206,150.86666666666667,0.23871560394763947,0.09224040527025336
UBFC_PHYS_s17_T3_ctrl,144,207,150.9,0.8192854523658752,0.1413080803788427
UBFC_PHYS_s17_T3_ctrl,144,208,150.93333333333334,1.015820860862732,0.1710851158752203
UBFC_PHYS_s17_T3_ctrl,144,209,150.96666666666667,1.128135323524475,0.18404994433625252
UBFC_PHYS_s17_T3_ctrl,144,210,151.0,1.1746997833251953,0.18626008253793166
UBFC_PHYS_s17_T3_ctrl,144,211,151.03333333333333,0.9488537311553955,0.18521422621929765
UBFC_PHYS_s17_T3_ctrl,144,212,151.06666666666666,0.4799310266971588,0.1870535950744246
UBFC_PHYS_s17_T3_ctrl,144,213,151.1,-0.024670051410794258,0.19430056727261422
UBFC_PHYS_s17_T3_ctrl,144,214,151.13333333333333,-0.4302542209625244,0.2051165055373856
UBFC_PHYS_s17_T3_ctrl,144,215,151.16666666666666,-0.7784228920936584,0.21437543400204667
UBFC_PHYS_s17_T3_ctrl,144,216,151.2,-1.1513837575912476,0.2160737526050583
UBFC_PHYS_s17_T3_ctrl,144,217,151.23333333333332,-1.4622353315353394,0.20604789735034187
UBFC_PHYS_s17_T3_ctrl,144,218,151.26666666666668,-1.4776279926300049,0.18385591505579468
UBFC_PHYS_s17_T3_ctrl,144,219,151.3,-1.0722311735153198,0.15306267367734586
UBFC_PHYS_s17_T3_ctrl,144,220,151.33333333333334,-0.3799673616886139,0.11990045255729712
UBFC_PHYS_s17_T3_ctrl,144,221,151.36666666666667,0.30049726366996765,0.09096378693615473
UBFC_PHYS_s17_T3_ctrl,144,222,151.4,0.7351813316345215,0.07088295668398603
UBFC_PHYS_s17_T3_ctrl,144,223,151.43333333333334,0.9075917601585388,0.06074746940616324
UBFC_PHYS_s17_T3_ctrl,144,224,151.46666666666667,0.929352343082428,0.057620407682046994
UBFC_PHYS_s17_T3_ctrl,144,225,151.5,0.9181735515594482,0.05512903990933454
UBFC_PHYS_s17_T3_ctrl,144,226,151.53333333333333,0.977824866771698,0.04500069574308963
UBFC_PHYS_s17_T3_ctrl,144,227,151.56666666666666,1.1122742891311646,0.019314874051363395
UBFC_PHYS_s17_T3_ctrl,144,228,151.6,1.2125554084777832,-0.027031380354451753
UBFC_PHYS_s17_T3_ctrl,144,229,151.63333333333333,1.2226104736328125,-0.09437090803959587
UBFC_PHYS_s17_T3_ctrl,144,230,151.66666666666666,1.2033783197402954,-0.17744795235296376
UBFC_PHYS_s17_T3_ctrl,144,231,151.7,1.1636731624603271,-0.2660001854708602
UBFC_PHYS_s17_T3_ctrl,144,232,151.73333333333332,1.0154814720153809,-0.3466210204816904
UBFC_PHYS_s17_T3_ctrl,144,233,151.76666666666668,0.7611558437347412,-0.4054621999227504
UBFC_PHYS_s17_T3_ctrl,144,234,151.8,0.5285907983779907,-0.4311192246022887
UBFC_PHYS_s17_T3_ctrl,144,235,151.83333333333334,0.34161871671676636,-0.41698184645733577
UBFC_PHYS_s17_T3_ctrl,144,236,151.86666666666667,0.08547879010438919,-0.3624690101637012
UBFC_PHYS_s17_T3_ctrl,144,237,151.9,-0.299527108669281,-0.27288266671382416
UBFC_PHYS_s17_T3_ctrl,144,238,151.93333333333334,-0.7108352780342102,-0.15804977277988583
UBFC_PHYS_s17_T3_ctrl,144,239,151.96666666666667,-0.9184792637825012,-0.030400501183083507
UBFC_PHYS_s17_T3_ctrl,145,0,145.0,-0.29843848943710327,-0.08088752631482903
UBFC_PHYS_s17_T3_ctrl,145,1,145.03333333333333,0.2303110510110855,0.03290077594437454
UBFC_PHYS_s17_T3_ctrl,145,2,145.06666666666666,0.612015962600708,0.15120582156027573
UBFC_PHYS_s17_T3_ctrl,145,3,145.1,0.8825302720069885,0.27453932340819365
UBFC_PHYS_s17_T3_ctrl,145,4,145.13333333333333,1.01323401927948,0.40038101893913497
UBFC_PHYS_s17_T3_ctrl,145,5,145.16666666666666,1.0468170642852783,0.5221191655640569
UBFC_PHYS_s17_T3_ctrl,145,6,145.2,1.1302422285079956,0.6288528853888575
UBFC_PHYS_s17_T3_ctrl,145,7,145.23333333333332,1.3107411861419678,0.7068590387274799
UBFC_PHYS_s17_T3_ctrl,145,8,145.26666666666668,1.4804593324661255,0.7430660666179152
UBFC_PHYS_s17_T3_ctrl,145,9,145.3,1.5800849199295044,0.7296967259151874
UBFC_PHYS_s17_T3_ctrl,145,10,145.33333333333334,1.6871669292449951,0.6680867667218375
UBFC_PHYS_s17_T3_ctrl,145,11,145.36666666666667,1.8999496698379517,0.569567797912674
UBFC_PHYS_s17_T3_ctrl,145,12,145.4,2.279465675354004,0.4526143080675048
UBFC_PHYS_s17_T3_ctrl,145,13,145.43333333333334,2.8160111904144287,0.33730529084769806
UBFC_PHYS_s17_T3_ctrl,145,14,145.46666666666667,3.350320816040039,0.23933768828199883
UBFC_PHYS_s17_T3_ctrl,145,15,145.5,3.551913022994995,0.16591988321747217
UBFC_PHYS_s17_T3_ctrl,145,16,145.53333333333333,3.035454273223877,0.11501440638571606
UBFC_PHYS_s17_T3_ctrl,145,17,145.56666666666666,1.7641775608062744,0.07793803286190848
UBFC_PHYS_s17_T3_ctrl,145,18,145.6,0.189119353890419,0.04385810977356571
UBFC_PHYS_s17_T3_ctrl,145,19,145.63333333333333,-1.0345861911773682,0.004067430624922089
UBFC_PHYS_s17_T3_ctrl,145,20,145.66666666666666,-1.579138159751892,-0.0455383043649053
UBFC_PHYS_s17_T3_ctrl,145,21,145.7,-1.5799459218978882,-0.10418948566696883
UBFC_PHYS_s17_T3_ctrl,145,22,145.73333333333332,-1.308998465538025,-0.16762023012568705
UBFC_PHYS_s17_T3_ctrl,145,23,145.76666666666668,-0.9005932807922363,-0.23007962919444155
UBFC_PHYS_s17_T3_ctrl,145,24,145.8,-0.3777316212654114,-0.28598613264131206
UBFC_PHYS_s17_T3_ctrl,145,25,145.83333333333334,0.19044208526611328,-0.3306779283067939
UBFC_PHYS_s17_T3_ctrl,145,26,145.86666666666667,0.6312130093574524,-0.36038851662528104
UBFC_PHYS_s17_T3_ctrl,145,27,145.9,0.7706841826438904,-0.3721070114404663
UBFC_PHYS_s17_T3_ctrl,145,28,145.93333333333334,0.5914142727851868,-0.36403750692917086
UBFC_PHYS_s17_T3_ctrl,145,29,145.96666666666667,0.2409396469593048,-0.33690279667354533
UBFC_PHYS_s17_T3_ctrl,145,30,146.0,-0.10125919431447983,-0.2955814181045523
UBFC_PHYS_s17_T3_ctrl,145,31,146.03333333333333,-0.32646146416664124,-0.24995447326898204
UBFC_PHYS_s17_T3_ctrl,145,32,146.06666666666666,-0.4460449516773224,-0.2138044760059498
UBFC_PHYS_s17_T3_ctrl,145,33,146.1,-0.5364934206008911,-0.20138052962969805
UBFC_PHYS_s17_T3_ctrl,145,34,146.13333333333333,-0.6476138234138489,-0.22255141542166032
UBFC_PHYS_s17_T3_ctrl,145,35,146.16666666666666,-0.7615084052085876,-0.2784249237933479
UBFC_PHYS_s17_T3_ctrl,145,36,146.2,-0.8598815202713013,-0.3592171238300021
UBFC_PHYS_s17_T3_ctrl,145,37,146.23333333333332,-0.969527006149292,-0.4452359864151155
UBFC_PHYS_s17_T3_ctrl,145,38,146.26666666666668,-1.0881155729293823,-0.5107506196741562
UBFC_PHYS_s17_T3_ctrl,145,39,146.3,-1.1465728282928467,-0.5296903854762939
UBFC_PHYS_s17_T3_ctrl,145,40,146.33333333333334,-1.1206334829330444,-0.48174555897883103
UBFC_PHYS_s17_T3_ctrl,145,41,146.36666666666667,-1.0668349266052246,-0.35752283685696074
UBFC_PHYS_s17_T3_ctrl,145,42,146.4,-1.0292836427688599,-0.16177631475464982
UBFC_PHYS_s17_T3_ctrl,145,43,146.43333333333334,-1.0091736316680908,0.08589497140763962
UBFC_PHYS_s17_T3_ctrl,145,44,146.46666666666667,-1.0068793296813965,0.3532377983199433
UBFC_PHYS_s17_T3_ctrl,145,45,146.5,-1.0067387819290161,0.6004132448860413
UBFC_PHYS_s17_T3_ctrl,145,46,146.53333333333333,-0.9629836082458496,0.7872875970184333
UBFC_PHYS_s17_T3_ctrl,145,47,146.56666666666666,-0.8702526092529297,0.8816465479877598
UBFC_PHYS_s17_T3_ctrl,145,48,146.6,-0.775391161441803,0.866692910976962
UBFC_PHYS_s17_T3_ctrl,145,49,146.63333333333333,-0.7069022059440613,0.7460318437597137
UBFC_PHYS_s17_T3_ctrl,145,50,146.66666666666666,-0.6505987048149109,0.5443633487831052
UBFC_PHYS_s17_T3_ctrl,145,51,146.7,-0.5889574885368347,0.3028255753272838
UBFC_PHYS_s17_T3_ctrl,145,52,146.73333333333332,-0.5207963585853577,0.0696277467358219
UBFC_PHYS_s17_T3_ctrl,145,53,146.76666666666668,-0.4530799686908722,-0.11148892940228292
UBFC_PHYS_s17_T3_ctrl,145,54,146.8,-0.4046308696269989,-0.21141916568056845
UBFC_PHYS_s17_T3_ctrl,145,55,146.83333333333334,-0.38371312618255615,-0.22140934765773587
UBFC_PHYS_s17_T3_ctrl,145,56,146.86666666666667,-0.35701286792755127,-0.15298819993380175
UBFC_PHYS_s17_T3_ctrl,145,57,146.9,-0.2882547080516815,-0.032881140514277395
UBFC_PHYS_s17_T3_ctrl,145,58,146.93333333333334,-0.19486814737319946,0.10487367928290801
UBFC_PHYS_s17_T3_ctrl,145,59,146.96666666666667,-0.11854822933673859,0.2270010347771771
UBFC_PHYS_s17_T3_ctrl,145,60,147.0,-0.07158572971820831,0.30721553835984416
UBFC_PHYS_s17_T3_ctrl,145,61,147.03333333333333,-0.038845423609018326,0.32969717583946523
UBFC_PHYS_s17_T3_ctrl,145,62,147.06666666666666,-0.005742243491113186,0.29006694407191463
UBFC_PHYS_s17_T3_ctrl,145,63,147.1,0.024177037179470062,0.1946831611428705
UBFC_PHYS_s17_T3_ctrl,145,64,147.13333333333333,0.0399794727563858,0.05887432831852589
UBFC_PHYS_s17_T3_ctrl,145,65,147.16666666666666,0.051790330559015274,-0.09573076914479858
UBFC_PHYS_s17_T3_ctrl,145,66,147.2,0.07161946594715118,-0.2447205410009984
UBFC_PHYS_s17_T3_ctrl,145,67,147.23333333333332,0.08395706862211227,-0.36493683903214047
UBFC_PHYS_s17_T3_ctrl,145,68,147.26666666666668,0.07199404388666153,-0.4383607891491382
UBFC_PHYS_s17_T3_ctrl,145,69,147.3,0.03520362451672554,-0.45505393675792305
UBFC_PHYS_s17_T3_ctrl,145,70,147.33333333333334,-0.024119893088936806,-0.41457246050152613
UBFC_PHYS_s17_T3_ctrl,145,71,147.36666666666667,-0.08117254078388214,-0.3257115106832273
UBFC_PHYS_s17_T3_ctrl,145,72,147.4,-0.0887577086687088,-0.20485493088437234
UBFC_PHYS_s17_T3_ctrl,145,73,147.43333333333334,-0.05120643973350525,-0.07335538239563869
UBFC_PHYS_s17_T3_ctrl,145,74,147.46666666666667,-0.023476090282201767,0.04578905828645097
UBFC_PHYS_s17_T3_ctrl,145,75,147.5,-0.023476090282201767,0.1318713832541462
UBFC_PHYS_s17_T3_ctrl,145,76,147.53333333333333,-0.04168986156582832,0.1707663550784915
UBFC_PHYS_s17_T3_ctrl,145,77,147.56666666666666,-0.10960522294044495,0.1586708829778187
UBFC_PHYS_s17_T3_ctrl,145,78,147.6,-0.24499113857746124,0.10366911683071608
UBFC_PHYS_s17_T3_ctrl,145,79,147.63333333333333,-0.3942948877811432,0.02371145519467263
UBFC_PHYS_s17_T3_ctrl,145,80,147.66666666666666,-0.5025240182876587,-0.05882176178096826
UBFC_PHYS_s17_T3_ctrl,145,81,147.7,-0.5780362486839294,-0.12397749776534302
UBFC_PHYS_s17_T3_ctrl,145,82,147.73333333333332,-0.6506221294403076,-0.1598227572028693
UBFC_PHYS_s17_T3_ctrl,145,83,147.76666666666668,-0.7243668437004089,-0.16473503911990237
UBFC_PHYS_s17_T3_ctrl,145,84,147.8,-0.7830816507339478,-0.14580076037078346
UBFC_PHYS_s17_T3_ctrl,145,85,147.83333333333334,-0.8117835521697998,-0.11436462375839088
UBFC_PHYS_s17_T3_ctrl,145,86,147.86666666666667,-0.8099223971366882,-0.0809343181988576
UBFC_PHYS_s17_T3_ctrl,145,87,147.9,-0.7972336411476135,-0.05167473284281276
UBFC_PHYS_s17_T3_ctrl,145,88,147.93333333333334,-0.7816419005393982,-0.027550885784041055
UBFC_PHYS_s17_T3_ctrl,145,89,147.96666666666667,-0.7160442471504211,-0.005720110493410275
UBFC_PHYS_s17_T3_ctrl,145,90,148.0,-0.5314366221427917,0.017995370264712256
UBFC_PHYS_s17_T3_ctrl,145,91,148.03333333333333,-0.24850279092788696,0.04671508860838416
UBFC_PHYS_s17_T3_ctrl,145,92,148.06666666666666,0.0028730109333992004,0.08094966462580756
UBFC_PHYS_s17_T3_ctrl,145,93,148.1,0.1454695165157318,0.11817433993293341
UBFC_PHYS_s17_T3_ctrl,145,94,148.13333333333333,0.20103557407855988,0.15341758123075644
UBFC_PHYS_s17_T3_ctrl,145,95,148.16666666666666,0.19518281519412994,0.18055462168599265
UBFC_PHYS_s17_T3_ctrl,145,96,148.2,0.1420983374118805,0.19396022377404298
UBFC_PHYS_s17_T3_ctrl,145,97,148.23333333333332,0.10126952081918716,0.1901593543028759
UBFC_PHYS_s17_T3_ctrl,145,98,148.26666666666668,0.11839468032121658,0.16904683273612495
UBFC_PHYS_s17_T3_ctrl,145,99,148.3,0.1392187774181366,0.1342806024166833
UBFC_PHYS_s17_T3_ctrl,145,100,148.33333333333334,0.09275960922241211,0.09270277706774077
UBFC_PHYS_s17_T3_ctrl,145,101,148.36666666666667,-0.009839171543717384,0.05292810531741134
UBFC_PHYS_s17_T3_ctrl,145,102,148.4,-0.12626215815544128,0.02336472770072639
UBFC_PHYS_s17_T3_ctrl,145,103,148.43333333333334,-0.26326343417167664,0.009967101262815596
UBFC_PHYS_s17_T3_ctrl,145,104,148.46666666666667,-0.45124220848083496,0.01412558807222082
UBFC_PHYS_s17_T3_ctrl,145,105,148.5,-0.6759411692619324,0.03130794836650084
UBFC_PHYS_s17_T3_ctrl,145,106,148.53333333333333,-0.8771354556083679,0.05122247857217881
UBFC_PHYS_s17_T3_ctrl,145,107,148.56666666666666,-1.0041987895965576,0.060030835816123576
UBFC_PHYS_s17_T3_ctrl,145,108,148.6,-1.0446646213531494,0.044345552054697576
UBFC_PHYS_s17_T3_ctrl,145,109,148.63333333333333,-1.0064462423324585,-0.00425869155849283
UBFC_PHYS_s17_T3_ctrl,145,110,148.66666666666666,-0.8898593187332153,-0.08605809404381785
UBFC_PHYS_s17_T3_ctrl,145,111,148.7,-0.6929024457931519,-0.19264484778383067
UBFC_PHYS_s17_T3_ctrl,145,112,148.73333333333332,-0.4444412887096405,-0.3088590330065857
UBFC_PHYS_s17_T3_ctrl,145,113,148.76666666666668,-0.2060820311307907,-0.41571620907400064
UBFC_PHYS_s17_T3_ctrl,145,114,148.8,-0.018138376995921135,-0.49290750322699683
UBFC_PHYS_s17_T3_ctrl,145,115,148.83333333333334,0.16076861321926117,-0.5205756234780379
UBFC_PHYS_s17_T3_ctrl,145,116,148.86666666666667,0.4136427342891693,-0.48124918754692236
UBFC_PHYS_s17_T3_ctrl,145,117,148.9,0.7286496758460999,-0.36313176901347294
UBFC_PHYS_s17_T3_ctrl,145,118,148.93333333333334,0.9372769594192505,-0.16503044796785113
UBFC_PHYS_s17_T3_ctrl,145,119,148.96666666666667,0.8549404144287109,0.09848839909993341
UBFC_PHYS_s17_T3_ctrl,145,120,149.0,0.48536238074302673,0.3945632367023298
UBFC_PHYS_s17_T3_ctrl,145,121,149.03333333333333,0.04051792621612549,0.674920867874204
UBFC_PHYS_s17_T3_ctrl,145,122,149.06666666666666,-0.2511599361896515,0.8850031054249665
UBFC_PHYS_s17_T3_ctrl,145,123,149.1,-0.32379263639450073,0.9772898802242798
UBFC_PHYS_s17_T3_ctrl,145,124,149.13333333333333,-0.28658080101013184,0.9245923009478424
UBFC_PHYS_s17_T3_ctrl,145,125,149.16666666666666,-0.2730960547924042,0.7286145480306886
UBFC_PHYS_s17_T3_ctrl,145,126,149.2,-0.25345420837402344,0.4205795258965301
UBFC_PHYS_s17_T3_ctrl,145,127,149.23333333333332,-0.11969537287950516,0.053718782646917436
UBFC_PHYS_s17_T3_ctrl,145,128,149.26666666666668,0.0818500816822052,-0.3093678161879407
UBFC_PHYS_s17_T3_ctrl,145,129,149.3,0.21106718480587006,-0.6100755638630779
UBFC_PHYS_s17_T3_ctrl,145,130,149.33333333333334,0.25253981351852417,-0.8046830685226022
UBFC_PHYS_s17_T3_ctrl,145,131,149.36666666666667,0.24834923446178436,-0.8715410995828767
UBFC_PHYS_s17_T3_ctrl,145,132,149.4,0.20734484493732452,-0.8140776151827116
UBFC_PHYS_s17_T3_ctrl,145,133,149.43333333333334,0.15704627335071564,-0.6589629341507077
UBFC_PHYS_s17_T3_ctrl,145,134,149.46666666666667,0.14250802993774414,-0.4490751667839269
UBFC_PHYS_s17_T3_ctrl,145,135,149.5,0.16527524590492249,-0.2323634321542506
UBFC_PHYS_s17_T3_ctrl,145,136,149.53333333333333,0.19307582080364227,-0.04978785262040694
UBFC_PHYS_s17_T3_ctrl,145,137,149.56666666666666,0.19527645409107208,0.07356120444675593
UBFC_PHYS_s17_T3_ctrl,145,138,149.6,0.14350299537181854,0.1314968846573901
UBFC_PHYS_s17_T3_ctrl,145,139,149.63333333333333,0.020454684272408485,0.13401194603653663
UBFC_PHYS_s17_T3_ctrl,145,140,149.66666666666666,-0.14931030571460724,0.10109620829089634
UBFC_PHYS_s17_T3_ctrl,145,141,149.7,-0.31234464049339294,0.05604647598912372
UBFC_PHYS_s17_T3_ctrl,145,142,149.73333333333332,-0.46469181776046753,0.020333243013110076
UBFC_PHYS_s17_T3_ctrl,145,143,149.76666666666668,-0.6752973198890686,0.010504352621087756
UBFC_PHYS_s17_T3_ctrl,145,144,149.8,-0.9529754519462585,0.03640527982656691
UBFC_PHYS_s17_T3_ctrl,145,145,149.83333333333334,-1.145039439201355,0.09987105484781116
UBFC_PHYS_s17_T3_ctrl,145,146,149.86666666666667,-1.077123999595642,0.1939005701732754
UBFC_PHYS_s17_T3_ctrl,145,147,149.9,-0.7743727564811707,0.3031828976436688
UBFC_PHYS_s17_T3_ctrl,145,148,149.93333333333334,-0.4459630250930786,0.4067813829901576
UBFC_PHYS_s17_T3_ctrl,145,149,149.96666666666667,-0.24233399331569672,0.48282635721900685
UBFC_PHYS_s17_T3_ctrl,145,150,150.0,-0.15428514778614044,0.5139256288540887
UBFC_PHYS_s17_T3_ctrl,145,151,150.03333333333333,-0.1581362634897232,0.4915039061965224
UBFC_PHYS_s17_T3_ctrl,145,152,150.06666666666666,-0.2751445174217224,0.41778023525867664
UBFC_PHYS_s17_T3_ctrl,145,153,150.1,-0.4920358955860138,0.3050365077983022
UBFC_PHYS_s17_T3_ctrl,145,154,150.13333333333333,-0.7450153827667236,0.1725337908968762
UBFC_PHYS_s17_T3_ctrl,145,155,150.16666666666666,-0.9760704040527344,0.04185935454991063
UBFC_PHYS_s17_T3_ctrl,145,156,150.2,-1.1268724203109741,-0.06816709317788935
UBFC_PHYS_s17_T3_ctrl,145,157,150.23333333333332,-1.1559957265853882,-0.14571138997919247
UBFC_PHYS_s17_T3_ctrl,145,158,150.26666666666668,-1.1294125318527222,-0.18811308856260797
UBFC_PHYS_s17_T3_ctrl,145,159,150.3,-1.1321399211883545,-0.2014698854894307
UBFC_PHYS_s17_T3_ctrl,145,160,150.33333333333334,-1.0402165651321411,-0.19789043650670776
UBFC_PHYS_s17_T3_ctrl,145,161,150.36666666666667,-0.6903740167617798,-0.19140369365730936
UBFC_PHYS_s17_T3_ctrl,145,162,150.4,-0.22564193606376648,-0.19377795189282226
UBFC_PHYS_s17_T3_ctrl,145,163,150.43333333333334,0.03056824393570423,-0.21136527056395663
UBFC_PHYS_s17_T3_ctrl,145,164,150.46666666666667,-0.04928673803806305,-0.24373287388380085
UBFC_PHYS_s17_T3_ctrl,145,165,150.5,-0.3841228187084198,-0.2843395034952994
UBFC_PHYS_s17_T3_ctrl,145,166,150.53333333333333,-0.816325306892395,-0.32291756120051246
UBFC_PHYS_s17_T3_ctrl,145,167,150.56666666666666,-1.0789968967437744,-0.3487099348778174
UBFC_PHYS_s17_T3_ctrl,145,168,150.6,-0.9645287394523621,-0.3534850206953465
UBFC_PHYS_s17_T3_ctrl,145,169,150.63333333333333,-0.5655816197395325,-0.33341646188832746
UBFC_PHYS_s17_T3_ctrl,145,170,150.66666666666666,-0.17769616842269897,-0.2894126314888944
UBFC_PHYS_s17_T3_ctrl,145,171,150.7,-0.04847905784845352,-0.22608875170309603
UBFC_PHYS_s17_T3_ctrl,145,172,150.73333333333332,-0.3095470070838928,-0.1500232295231974
UBFC_PHYS_s17_T3_ctrl,145,173,150.76666666666668,-0.8414453268051147,-0.06805805096395709
UBFC_PHYS_s17_T3_ctrl,145,174,150.8,-1.0906322002410889,0.013822568217997846
UBFC_PHYS_s17_T3_ctrl,145,175,150.83333333333334,-0.6196961998939514,0.09091262117123634
UBFC_PHYS_s17_T3_ctrl,145,176,150.86666666666667,0.23871560394763947,0.15974504915103305
UBFC_PHYS_s17_T3_ctrl,145,177,150.9,0.8192854523658752,0.2179551596028432
UBFC_PHYS_s17_T3_ctrl,145,178,150.93333333333334,1.015820860862732,0.2642540529802349
UBFC_PHYS_s17_T3_ctrl,145,179,150.96666666666667,1.128135323524475,0.29847922697025386
UBFC_PHYS_s17_T3_ctrl,145,180,151.0,1.1746997833251953,0.32156413394321093
UBFC_PHYS_s17_T3_ctrl,145,181,151.03333333333333,0.9488537311553955,0.3352556067045584
UBFC_PHYS_s17_T3_ctrl,145,182,151.06666666666666,0.4799310266971588,0.3414579634377832
UBFC_PHYS_s17_T3_ctrl,145,183,151.1,-0.024670051410794258,0.34126549072582757
UBFC_PHYS_s17_T3_ctrl,145,184,151.13333333333333,-0.4302542209625244,0.33406388532432807
UBFC_PHYS_s17_T3_ctrl,145,185,151.16666666666666,-0.7784228920936584,0.3173061816534266
UBFC_PHYS_s17_T3_ctrl,145,186,151.2,-1.1513837575912476,0.28742897448992233
UBFC_PHYS_s17_T3_ctrl,145,187,151.23333333333332,-1.4622353315353394,0.24178411355077414
UBFC_PHYS_s17_T3_ctrl,145,188,151.26666666666668,-1.4776279926300049,0.1806923712852292
UBFC_PHYS_s17_T3_ctrl,145,189,151.3,-1.0722311735153198,0.10844356865982756
UBFC_PHYS_s17_T3_ctrl,145,190,151.33333333333334,-0.3799673616886139,0.03263549662671428
UBFC_PHYS_s17_T3_ctrl,145,191,151.36666666666667,0.30049726366996765,-0.03786445796039713
UBFC_PHYS_s17_T3_ctrl,145,192,151.4,0.7351813316345215,-0.09553410906105357
UBFC_PHYS_s17_T3_ctrl,145,193,151.43333333333334,0.9075917601585388,-0.13654256932160092
UBFC_PHYS_s17_T3_ctrl,145,194,151.46666666666667,0.929352343082428,-0.1621761791391876
UBFC_PHYS_s17_T3_ctrl,145,195,151.5,0.9181735515594482,-0.17894769706704805
UBFC_PHYS_s17_T3_ctrl,145,196,151.53333333333333,0.977824866771698,-0.19724826565501113
UBFC_PHYS_s17_T3_ctrl,145,197,151.56666666666666,1.1122742891311646,-0.22870243608856936
UBFC_PHYS_s17_T3_ctrl,145,198,151.6,1.2125554084777832,-0.2827525056459146
UBFC_PHYS_s17_T3_ctrl,145,199,151.63333333333333,1.2226104736328125,-0.3633076813756005
UBFC_PHYS_s17_T3_ctrl,145,200,151.66666666666666,1.2033783197402954,-0.46638842523503227
UBFC_PHYS_s17_T3_ctrl,145,201,151.7,1.1636731624603271,-0.5795177977757079
UBFC_PHYS_s17_T3_ctrl,145,202,151.73333333333332,1.0154814720153809,-0.6832002398730426
UBFC_PHYS_s17_T3_ctrl,145,203,151.76666666666668,0.7611558437347412,-0.7543051453244891
UBFC_PHYS_s17_T3_ctrl,145,204,151.8,0.5285907983779907,-0.7706882757549365
UBFC_PHYS_s17_T3_ctrl,145,205,151.83333333333334,0.34161871671676636,-0.7160646358114677
UBFC_PHYS_s17_T3_ctrl,145,206,151.86666666666667,0.08547879010438919,-0.5840408583785702
UBFC_PHYS_s17_T3_ctrl,145,207,151.9,-0.299527108669281,-0.3802626499314269
UBFC_PHYS_s17_T3_ctrl,145,208,151.93333333333334,-0.7108352780342102,-0.12189096382975369
UBFC_PHYS_s17_T3_ctrl,145,209,151.96666666666667,-0.9184792637825012,0.16559133064757867
UBFC_PHYS_s17_T3_ctrl,145,210,152.0,-0.7138670086860657,0.45302603481183484
UBFC_PHYS_s17_T3_ctrl,145,211,152.03333333333333,-0.15409785509109497,0.7118681713564348
UBFC_PHYS_s17_T3_ctrl,145,212,152.06666666666666,0.4204787313938141,0.9170570345417076
UBFC_PHYS_s17_T3_ctrl,145,213,152.1,0.8007790446281433,1.0487563194303007
UBFC_PHYS_s17_T3_ctrl,145,214,152.13333333333333,0.9941189289093018,1.093995024739271
UBFC_PHYS_s17_T3_ctrl,145,215,152.16666666666666,1.0151536464691162,1.0489522271481257
UBFC_PHYS_s17_T3_ctrl,145,216,152.2,0.9052155613899231,0.9215716244441877
UBFC_PHYS_s17_T3_ctrl,145,217,152.23333333333332,0.8540508151054382,0.7330043927269316
UBFC_PHYS_s17_T3_ctrl,145,218,152.26666666666668,0.9820154309272766,0.5158760230792744
UBFC_PHYS_s17_T3_ctrl,145,219,152.3,1.1404260396957397,0.30826607498665287
UBFC_PHYS_s17_T3_ctrl,145,220,152.33333333333334,1.1756361722946167,0.14444996222222187
UBFC_PHYS_s17_T3_ctrl,145,221,152.36666666666667,1.1266369819641113,0.045464387736264184
UBFC_PHYS_s17_T3_ctrl,145,222,152.4,1.0641529560089111,0.013031819706225226
UBFC_PHYS_s17_T3_ctrl,145,223,152.43333333333334,0.9531964659690857,0.02926502274024888
UBFC_PHYS_s17_T3_ctrl,145,224,152.46666666666667,0.7601491808891296,0.0625518924528556
UBFC_PHYS_s17_T3_ctrl,145,225,152.5,0.5610384941101074,0.07768976916937742
UBFC_PHYS_s17_T3_ctrl,145,226,152.53333333333333,0.4372176229953766,0.046510162119559245
UBFC_PHYS_s17_T3_ctrl,145,227,152.56666666666666,0.3300771117210388,-0.044839125791245764
UBFC_PHYS_s17_T3_ctrl,145,228,152.6,0.13103662431240082,-0.19375991374870966
UBFC_PHYS_s17_T3_ctrl,145,229,152.63333333333333,-0.17126984894275665,-0.3835137796530293
UBFC_PHYS_s17_T3_ctrl,145,230,152.66666666666666,-0.4296572506427765,-0.5880544109440247
UBFC_PHYS_s17_T3_ctrl,145,231,152.7,-0.39974966645240784,-0.7776230741654455
UBFC_PHYS_s17_T3_ctrl,145,232,152.73333333333332,0.008831114508211613,-0.9240428665969351
UBFC_PHYS_s17_T3_ctrl,145,233,152.76666666666668,0.5715968608856201,-1.0051761267045543
UBFC_PHYS_s17_T3_ctrl,145,234,152.8,0.9939550161361694,-1.008115955025528
UBFC_PHYS_s17_T3_ctrl,145,235,152.83333333333334,1.2027344703674316,-0.9306202349435693
UBFC_PHYS_s17_T3_ctrl,145,236,152.86666666666667,1.2254314422607422,-0.7804679840235821
UBFC_PHYS_s17_T3_ctrl,145,237,152.9,1.0726511478424072,-0.5729520874724344
UBFC_PHYS_s17_T3_ctrl,145,238,152.93333333333334,0.8394539952278137,-0.3274367590414955
UBFC_PHYS_s17_T3_ctrl,145,239,152.96666666666667,0.7122034430503845,-0.0643966272902359
UBFC_PHYS_s17_T3_ctrl,146,0,146.0,-0.10125919431447983,0.034203511084125796
UBFC_PHYS_s17_T3_ctrl,146,1,146.03333333333333,-0.32646146416664124,-0.01509415103015379
UBFC_PHYS_s17_T3_ctrl,146,2,146.06666666666666,-0.4460449516773224,-0.08845946113583178
UBFC_PHYS_s17_T3_ctrl,146,3,146.1,-0.5364934206008911,-0.20255792428005837
UBFC_PHYS_s17_T3_ctrl,146,4,146.13333333333333,-0.6476138234138489,-0.3613425553123048
UBFC_PHYS_s17_T3_ctrl,146,5,146.16666666666666,-0.7615084052085876,-0.5539394419464455
UBFC_PHYS_s17_T3_ctrl,146,6,146.2,-0.8598815202713013,-0.7565004781720985
UBFC_PHYS_s17_T3_ctrl,146,7,146.23333333333332,-0.969527006149292,-0.937458561388247
UBFC_PHYS_s17_T3_ctrl,146,8,146.26666666666668,-1.0881155729293823,-1.064477375690936
UBFC_PHYS_s17_T3_ctrl,146,9,146.3,-1.1465728282928467,-1.1109971226221853
UBFC_PHYS_s17_T3_ctrl,146,10,146.33333333333334,-1.1206334829330444,-1.0609716935625058
UBFC_PHYS_s17_T3_ctrl,146,11,146.36666666666667,-1.0668349266052246,-0.9115225609616174
UBFC_PHYS_s17_T3_ctrl,146,12,146.4,-1.0292836427688599,-0.673909002656042
UBFC_PHYS_s17_T3_ctrl,146,13,146.43333333333334,-1.0091736316680908,-0.3731152381672227
UBFC_PHYS_s17_T3_ctrl,146,14,146.46666666666667,-1.0068793296813965,-0.04577172406703278
UBFC_PHYS_s17_T3_ctrl,146,15,146.5,-1.0067387819290161,0.26425135549727613
UBFC_PHYS_s17_T3_ctrl,146,16,146.53333333333333,-0.9629836082458496,0.5128555896509792
UBFC_PHYS_s17_T3_ctrl,146,17,146.56666666666666,-0.8702526092529297,0.6645095857114681
UBFC_PHYS_s17_T3_ctrl,146,18,146.6,-0.775391161441803,0.7007453136665001
UBFC_PHYS_s17_T3_ctrl,146,19,146.63333333333333,-0.7069022059440613,0.6255974303106162
UBFC_PHYS_s17_T3_ctrl,146,20,146.66666666666666,-0.6505987048149109,0.4656878197919433
UBFC_PHYS_s17_T3_ctrl,146,21,146.7,-0.5889574885368347,0.26424108617015774
UBFC_PHYS_s17_T3_ctrl,146,22,146.73333333333332,-0.5207963585853577,0.07045785790033379
UBFC_PHYS_s17_T3_ctrl,146,23,146.76666666666668,-0.4530799686908722,-0.07257082798068944
UBFC_PHYS_s17_T3_ctrl,146,24,146.8,-0.4046308696269989,-0.1376848033243575
UBFC_PHYS_s17_T3_ctrl,146,25,146.83333333333334,-0.38371312618255615,-0.11840955402237412
UBFC_PHYS_s17_T3_ctrl,146,26,146.86666666666667,-0.35701286792755127,-0.027811439588913647
UBFC_PHYS_s17_T3_ctrl,146,27,146.9,-0.2882547080516815,0.1073254876805907
UBFC_PHYS_s17_T3_ctrl,146,28,146.93333333333334,-0.19486814737319946,0.25454254806638954
UBFC_PHYS_s17_T3_ctrl,146,29,146.96666666666667,-0.11854822933673859,0.3833673299504942
UBFC_PHYS_s17_T3_ctrl,146,30,147.0,-0.07158572971820831,0.4707288535795992
UBFC_PHYS_s17_T3_ctrl,146,31,147.03333333333333,-0.038845423609018326,0.5034544697999925
UBFC_PHYS_s17_T3_ctrl,146,32,147.06666666666666,-0.005742243491113186,0.47830262007912283
UBFC_PHYS_s17_T3_ctrl,146,33,147.1,0.024177037179470062,0.4005633584972892
UBFC_PHYS_s17_T3_ctrl,146,34,147.13333333333333,0.0399794727563858,0.2821346437367116
UBFC_PHYS_s17_T3_ctrl,146,35,147.16666666666666,0.051790330559015274,0.1395164983440233
UBFC_PHYS_s17_T3_ctrl,146,36,147.2,0.07161946594715118,-0.008206865940610274
UBFC_PHYS_s17_T3_ctrl,146,37,147.23333333333332,0.08395706862211227,-0.14153020041575992
UBFC_PHYS_s17_T3_ctrl,146,38,147.26666666666668,0.07199404388666153,-0.24302882612169652
UBFC_PHYS_s17_T3_ctrl,146,39,147.3,0.03520362451672554,-0.3001357694634248
UBFC_PHYS_s17_T3_ctrl,146,40,147.33333333333334,-0.024119893088936806,-0.30759328737294306
UBFC_PHYS_s17_T3_ctrl,146,41,147.36666666666667,-0.08117254078388214,-0.2687250178498396
UBFC_PHYS_s17_T3_ctrl,146,42,147.4,-0.0887577086687088,-0.1950737934093677
UBFC_PHYS_s17_T3_ctrl,146,43,147.43333333333334,-0.05120643973350525,-0.10450269802431852
UBFC_PHYS_s17_T3_ctrl,146,44,147.46666666666667,-0.023476090282201767,-0.018027822777186828
UBFC_PHYS_s17_T3_ctrl,146,45,147.5,-0.023476090282201767,0.044304998785989085
UBFC_PHYS_s17_T3_ctrl,146,46,147.53333333333333,-0.04168986156582832,0.06785775529547462
UBFC_PHYS_s17_T3_ctrl,146,47,147.56666666666666,-0.10960522294044495,0.04702542365916062
UBFC_PHYS_s17_T3_ctrl,146,48,147.6,-0.24499113857746124,-0.013268141701165477
UBFC_PHYS_s17_T3_ctrl,146,49,147.63333333333333,-0.3942948877811432,-0.09902552290864791
UBFC_PHYS_s17_T3_ctrl,146,50,147.66666666666666,-0.5025240182876587,-0.19125750007596304
UBFC_PHYS_s17_T3_ctrl,146,51,147.7,-0.5780362486839294,-0.2712415227254518
UBFC_PHYS_s17_T3_ctrl,146,52,147.73333333333332,-0.6506221294403076,-0.32509811067251015
UBFC_PHYS_s17_T3_ctrl,146,53,147.76666666666668,-0.7243668437004089,-0.3462141250666974
UBFC_PHYS_s17_T3_ctrl,146,54,147.8,-0.7830816507339478,-0.33494553803333954
UBFC_PHYS_s17_T3_ctrl,146,55,147.83333333333334,-0.8117835521697998,-0.29616163417529395
UBFC_PHYS_s17_T3_ctrl,146,56,147.86666666666667,-0.8099223971366882,-0.23613820300525276
UBFC_PHYS_s17_T3_ctrl,146,57,147.9,-0.7972336411476135,-0.16046813751971095
UBFC_PHYS_s17_T3_ctrl,146,58,147.93333333333334,-0.7816419005393982,-0.07379759426910629
UBFC_PHYS_s17_T3_ctrl,146,59,147.96666666666667,-0.7160442471504211,0.01910625718532197
UBFC_PHYS_s17_T3_ctrl,146,60,148.0,-0.5314366221427917,0.11229026656826367
UBFC_PHYS_s17_T3_ctrl,146,61,148.03333333333333,-0.24850279092788696,0.19865194049618787
UBFC_PHYS_s17_T3_ctrl,146,62,148.06666666666666,0.0028730109333992004,0.2710391235749424
UBFC_PHYS_s17_T3_ctrl,146,63,148.1,0.1454695165157318,0.32349499231095674
UBFC_PHYS_s17_T3_ctrl,146,64,148.13333333333333,0.20103557407855988,0.35196737331753103
UBFC_PHYS_s17_T3_ctrl,146,65,148.16666666666666,0.19518281519412994,0.35455439748099127
UBFC_PHYS_s17_T3_ctrl,146,66,148.2,0.1420983374118805,0.33166871468494397
UBFC_PHYS_s17_T3_ctrl,146,67,148.23333333333332,0.10126952081918716,0.28628348464003234
UBFC_PHYS_s17_T3_ctrl,146,68,148.26666666666668,0.11839468032121658,0.22407999590270844
UBFC_PHYS_s17_T3_ctrl,146,69,148.3,0.1392187774181366,0.15315953919466813
UBFC_PHYS_s17_T3_ctrl,146,70,148.33333333333334,0.09275960922241211,0.08310537841437718
UBFC_PHYS_s17_T3_ctrl,146,71,148.36666666666667,-0.009839171543717384,0.023435301723927215
UBFC_PHYS_s17_T3_ctrl,146,72,148.4,-0.12626215815544128,-0.018321080253402813
UBFC_PHYS_s17_T3_ctrl,146,73,148.43333333333334,-0.26326343417167664,-0.038580369291139775
UBFC_PHYS_s17_T3_ctrl,146,74,148.46666666666667,-0.45124220848083496,-0.03927158929926244
UBFC_PHYS_s17_T3_ctrl,146,75,148.5,-0.6759411692619324,-0.02845833058790012
UBFC_PHYS_s17_T3_ctrl,146,76,148.53333333333333,-0.8771354556083679,-0.019381952286670938
UBFC_PHYS_s17_T3_ctrl,146,77,148.56666666666666,-1.0041987895965576,-0.027520489697091366
UBFC_PHYS_s17_T3_ctrl,146,78,148.6,-1.0446646213531494,-0.06596556796191583
UBFC_PHYS_s17_T3_ctrl,146,79,148.63333333333333,-1.0064462423324585,-0.1403946964334837
UBFC_PHYS_s17_T3_ctrl,146,80,148.66666666666666,-0.8898593187332153,-0.2456009290759222
UBFC_PHYS_s17_T3_ctrl,146,81,148.7,-0.6929024457931519,-0.36521928151788663
UBFC_PHYS_s17_T3_ctrl,146,82,148.73333333333332,-0.4444412887096405,-0.47485873017220537
UBFC_PHYS_s17_T3_ctrl,146,83,148.76666666666668,-0.2060820311307907,-0.547387075739345
UBFC_PHYS_s17_T3_ctrl,146,84,148.8,-0.018138376995921135,-0.5586847639501299
UBFC_PHYS_s17_T3_ctrl,146,85,148.83333333333334,0.16076861321926117,-0.4926474819321299
UBFC_PHYS_s17_T3_ctrl,146,86,148.86666666666667,0.4136427342891693,-0.34485027950698555
UBFC_PHYS_s17_T3_ctrl,146,87,148.9,0.7286496758460999,-0.12459048239448534
UBFC_PHYS_s17_T3_ctrl,146,88,148.93333333333334,0.9372769594192505,0.1450457324092927
UBFC_PHYS_s17_T3_ctrl,146,89,148.96666666666667,0.8549404144287109,0.4294843400352811
UBFC_PHYS_s17_T3_ctrl,146,90,149.0,0.48536238074302673,0.6873634414934594
UBFC_PHYS_s17_T3_ctrl,146,91,149.03333333333333,0.04051792621612549,0.8770943776511614
UBFC_PHYS_s17_T3_ctrl,146,92,149.06666666666666,-0.2511599361896515,0.9642924551033621
UBFC_PHYS_s17_T3_ctrl,146,93,149.1,-0.32379263639450073,0.9287502689514361
UBFC_PHYS_s17_T3_ctrl,146,94,149.13333333333333,-0.28658080101013184,0.7693847165273336
UBFC_PHYS_s17_T3_ctrl,146,95,149.16666666666666,-0.2730960547924042,0.5056792651856574
UBFC_PHYS_s17_T3_ctrl,146,96,149.2,-0.25345420837402344,0.17482068930646288
UBFC_PHYS_s17_T3_ctrl,146,97,149.23333333333332,-0.11969537287950516,-0.17503378005924594
UBFC_PHYS_s17_T3_ctrl,146,98,149.26666666666668,0.0818500816822052,-0.49360179262990916
UBFC_PHYS_s17_T3_ctrl,146,99,149.3,0.21106718480587006,-0.737180400526504
UBFC_PHYS_s17_T3_ctrl,146,100,149.33333333333334,0.25253981351852417,-0.8756471445716544
UBFC_PHYS_s17_T3_ctrl,146,101,149.36666666666667,0.24834923446178436,-0.8971004658593187
UBFC_PHYS_s17_T3_ctrl,146,102,149.4,0.20734484493732452,-0.8096306063952324
UBFC_PHYS_s17_T3_ctrl,146,103,149.43333333333334,0.15704627335071564,-0.6394352341714844
UBFC_PHYS_s17_T3_ctrl,146,104,149.46666666666667,0.14250802993774414,-0.42474495863121725
UBFC_PHYS_s17_T3_ctrl,146,105,149.5,0.16527524590492249,-0.20640632539126863
UBFC_PHYS_s17_T3_ctrl,146,106,149.53333333333333,0.19307582080364227,-0.017996270872399484
UBFC_PHYS_s17_T3_ctrl,146,107,149.56666666666666,0.19527645409107208,0.1208477071169882
UBFC_PHYS_s17_T3_ctrl,146,108,149.6,0.14350299537181854,0.20579507274120915
UBFC_PHYS_s17_T3_ctrl,146,109,149.63333333333333,0.020454684272408485,0.24450322526461868
UBFC_PHYS_s17_T3_ctrl,146,110,149.66666666666666,-0.14931030571460724,0.25103011409560705
UBFC_PHYS_s17_T3_ctrl,146,111,149.7,-0.31234464049339294,0.24063395958426634
UBFC_PHYS_s17_T3_ctrl,146,112,149.73333333333332,-0.46469181776046753,0.22661935490518742
UBFC_PHYS_s17_T3_ctrl,146,113,149.76666666666668,-0.6752973198890686,0.21928924348290094
UBFC_PHYS_s17_T3_ctrl,146,114,149.8,-0.9529754519462585,0.2257241632379739
UBFC_PHYS_s17_T3_ctrl,146,115,149.83333333333334,-1.145039439201355,0.24901758188309828
UBFC_PHYS_s17_T3_ctrl,146,116,149.86666666666667,-1.077123999595642,0.28689428981467435
UBFC_PHYS_s17_T3_ctrl,146,117,149.9,-0.7743727564811707,0.3309884524507179
UBFC_PHYS_s17_T3_ctrl,146,118,149.93333333333334,-0.4459630250930786,0.3681061485608335
UBFC_PHYS_s17_T3_ctrl,146,119,149.96666666666667,-0.24233399331569672,0.3836502899901478
UBFC_PHYS_s17_T3_ctrl,146,120,150.0,-0.15428514778614044,0.3660391718981599
UBFC_PHYS_s17_T3_ctrl,146,121,150.03333333333333,-0.1581362634897232,0.31037560661727315
UBFC_PHYS_s17_T3_ctrl,146,122,150.06666666666666,-0.2751445174217224,0.2201429134841625
UBFC_PHYS_s17_T3_ctrl,146,123,150.1,-0.4920358955860138,0.10661934727909751
UBFC_PHYS_s17_T3_ctrl,146,124,150.13333333333333,-0.7450153827667236,-0.01373749196199008
UBFC_PHYS_s17_T3_ctrl,146,125,150.16666666666666,-0.9760704040527344,-0.12333855033948792
UBFC_PHYS_s17_T3_ctrl,146,126,150.2,-1.1268724203109741,-0.20788609307361136
UBFC_PHYS_s17_T3_ctrl,146,127,150.23333333333332,-1.1559957265853882,-0.2598099688432336
UBFC_PHYS_s17_T3_ctrl,146,128,150.26666666666668,-1.1294125318527222,-0.2796013672552784
UBFC_PHYS_s17_T3_ctrl,146,129,150.3,-1.1321399211883545,-0.27468106621248856
UBFC_PHYS_s17_T3_ctrl,146,130,150.33333333333334,-1.0402165651321411,-0.2563477093651284
UBFC_PHYS_s17_T3_ctrl,146,131,150.36666666666667,-0.6903740167617798,-0.2359850118401055
UBFC_PHYS_s17_T3_ctrl,146,132,150.4,-0.22564193606376648,-0.2218009631039058
UBFC_PHYS_s17_T3_ctrl,146,133,150.43333333333334,0.03056824393570423,-0.21701770001207404
UBFC_PHYS_s17_T3_ctrl,146,134,150.46666666666667,-0.04928673803806305,-0.2198717074930671
UBFC_PHYS_s17_T3_ctrl,146,135,150.5,-0.3841228187084198,-0.22518765652327966
UBFC_PHYS_s17_T3_ctrl,146,136,150.53333333333333,-0.816325306892395,-0.22679015837102423
UBFC_PHYS_s17_T3_ctrl,146,137,150.56666666666666,-1.0789968967437744,-0.21978528628966598
UBFC_PHYS_s17_T3_ctrl,146,138,150.6,-0.9645287394523621,-0.20188694043845876
UBFC_PHYS_s17_T3_ctrl,146,139,150.63333333333333,-0.5655816197395325,-0.1734370374499743
UBFC_PHYS_s17_T3_ctrl,146,140,150.66666666666666,-0.17769616842269897,-0.1363807301378704
UBFC_PHYS_s17_T3_ctrl,146,141,150.7,-0.04847905784845352,-0.09291527561331317
UBFC_PHYS_s17_T3_ctrl,146,142,150.73333333333332,-0.3095470070838928,-0.04459916835010214
UBFC_PHYS_s17_T3_ctrl,146,143,150.76666666666668,-0.8414453268051147,0.007644168022603306
UBFC_PHYS_s17_T3_ctrl,146,144,150.8,-1.0906322002410889,0.06277808337973179
UBFC_PHYS_s17_T3_ctrl,146,145,150.83333333333334,-0.6196961998939514,0.11877201376071486
UBFC_PHYS_s17_T3_ctrl,146,146,150.86666666666667,0.23871560394763947,0.1722599264990023
UBFC_PHYS_s17_T3_ctrl,146,147,150.9,0.8192854523658752,0.21907069227638692
UBFC_PHYS_s17_T3_ctrl,146,148,150.93333333333334,1.015820860862732,0.25543540355689154
UBFC_PHYS_s17_T3_ctrl,146,149,150.96666666666667,1.128135323524475,0.2792268774764821
UBFC_PHYS_s17_T3_ctrl,146,150,151.0,1.1746997833251953,0.29046510057280794
UBFC_PHYS_s17_T3_ctrl,146,151,151.03333333333333,0.9488537311553955,0.29068784627555555
UBFC_PHYS_s17_T3_ctrl,146,152,151.06666666666666,0.4799310266971588,0.28151463257423154
UBFC_PHYS_s17_T3_ctrl,146,153,151.1,-0.024670051410794258,0.2633243251449722
UBFC_PHYS_s17_T3_ctrl,146,154,151.13333333333333,-0.4302542209625244,0.23497200283156658
UBFC_PHYS_s17_T3_ctrl,146,155,151.16666666666666,-0.7784228920936584,0.1949053383857283
UBFC_PHYS_s17_T3_ctrl,146,156,151.2,-1.1513837575912476,0.1432386011869019
UBFC_PHYS_s17_T3_ctrl,146,157,151.23333333333332,-1.4622353315353394,0.08370116609763847
UBFC_PHYS_s17_T3_ctrl,146,158,151.26666666666668,-1.4776279926300049,0.024229879927478236
UBFC_PHYS_s17_T3_ctrl,146,159,151.3,-1.0722311735153198,-0.024524385107077412
UBFC_PHYS_s17_T3_ctrl,146,160,151.33333333333334,-0.3799673616886139,-0.052519414696626084
UBFC_PHYS_s17_T3_ctrl,146,161,151.36666666666667,0.30049726366996765,-0.05427059902406078
UBFC_PHYS_s17_T3_ctrl,146,162,151.4,0.7351813316345215,-0.03183589527747795
UBFC_PHYS_s17_T3_ctrl,146,163,151.43333333333334,0.9075917601585388,0.004438520728545489
UBFC_PHYS_s17_T3_ctrl,146,164,151.46666666666667,0.929352343082428,0.0378570876951319
UBFC_PHYS_s17_T3_ctrl,146,165,151.5,0.9181735515594482,0.049473881543231915
UBFC_PHYS_s17_T3_ctrl,146,166,151.53333333333333,0.977824866771698,0.023115288246218092
UBFC_PHYS_s17_T3_ctrl,146,167,151.56666666666666,1.1122742891311646,-0.05011108871313526
UBFC_PHYS_s17_T3_ctrl,146,168,151.6,1.2125554084777832,-0.1689390231437162
UBFC_PHYS_s17_T3_ctrl,146,169,151.63333333333333,1.2226104736328125,-0.3212429467686587
UBFC_PHYS_s17_T3_ctrl,146,170,151.66666666666666,1.2033783197402954,-0.4855456817491339
UBFC_PHYS_s17_T3_ctrl,146,171,151.7,1.1636731624603271,-0.6344445178212514
UBFC_PHYS_s17_T3_ctrl,146,172,151.73333333333332,1.0154814720153809,-0.7394848884493841
UBFC_PHYS_s17_T3_ctrl,146,173,151.76666666666668,0.7611558437347412,-0.7768127346193751
UBFC_PHYS_s17_T3_ctrl,146,174,151.8,0.5285907983779907,-0.7326127735716512
UBFC_PHYS_s17_T3_ctrl,146,175,151.83333333333334,0.34161871671676636,-0.6069636060784155
UBFC_PHYS_s17_T3_ctrl,146,176,151.86666666666667,0.08547879010438919,-0.41461521040881066
UBFC_PHYS_s17_T3_ctrl,146,177,151.9,-0.299527108669281,-0.18177932794126653
UBFC_PHYS_s17_T3_ctrl,146,178,151.93333333333334,-0.7108352780342102,0.06054566705094249
UBFC_PHYS_s17_T3_ctrl,146,179,151.96666666666667,-0.9184792637825012,0.2844933121038921
UBFC_PHYS_s17_T3_ctrl,146,180,152.0,-0.7138670086860657,0.471306220496015
UBFC_PHYS_s17_T3_ctrl,146,181,152.03333333333333,-0.15409785509109497,0.6129144946851364
UBFC_PHYS_s17_T3_ctrl,146,182,152.06666666666666,0.4204787313938141,0.7090349205670771
UBFC_PHYS_s17_T3_ctrl,146,183,152.1,0.8007790446281433,0.762101865723469
UBFC_PHYS_s17_T3_ctrl,146,184,152.13333333333333,0.9941189289093018,0.7731043242478525
UBFC_PHYS_s17_T3_ctrl,146,185,152.16666666666666,1.0151536464691162,0.7404777228736983
UBFC_PHYS_s17_T3_ctrl,146,186,152.2,0.9052155613899231,0.6624315025440939
UBFC_PHYS_s17_T3_ctrl,146,187,152.23333333333332,0.8540508151054382,0.5412749642659609
UBFC_PHYS_s17_T3_ctrl,146,188,152.26666666666668,0.9820154309272766,0.38714519079419635
UBFC_PHYS_s17_T3_ctrl,146,189,152.3,1.1404260396957397,0.2186989473555124
UBFC_PHYS_s17_T3_ctrl,146,190,152.33333333333334,1.1756361722946167,0.059849017564941064
UBFC_PHYS_s17_T3_ctrl,146,191,152.36666666666667,1.1266369819641113,-0.06644670438897662
UBFC_PHYS_s17_T3_ctrl,146,192,152.4,1.0641529560089111,-0.1450689023461595
UBFC_PHYS_s17_T3_ctrl,146,193,152.43333333333334,0.9531964659690857,-0.1737126366639339
UBFC_PHYS_s17_T3_ctrl,146,194,152.46666666666667,0.7601491808891296,-0.1639364987667701
UBFC_PHYS_s17_T3_ctrl,146,195,152.5,0.5610384941101074,-0.13769395285787112
UBFC_PHYS_s17_T3_ctrl,146,196,152.53333333333333,0.4372176229953766,-0.12064574649727697
UBFC_PHYS_s17_T3_ctrl,146,197,152.56666666666666,0.3300771117210388,-0.13472438401085282
UBFC_PHYS_s17_T3_ctrl,146,198,152.6,0.13103662431240082,-0.19211925128791138
UBFC_PHYS_s17_T3_ctrl,146,199,152.63333333333333,-0.17126984894275665,-0.2917982880413195
UBFC_PHYS_s17_T3_ctrl,146,200,152.66666666666666,-0.4296572506427765,-0.4189263931347344
UBFC_PHYS_s17_T3_ctrl,146,201,152.7,-0.39974966645240784,-0.5472119394770097
UBFC_PHYS_s17_T3_ctrl,146,202,152.73333333333332,0.008831114508211613,-0.6439554375900753
UBFC_PHYS_s17_T3_ctrl,146,203,152.76666666666668,0.5715968608856201,-0.6771955247304018
UBFC_PHYS_s17_T3_ctrl,146,204,152.8,0.9939550161361694,-0.6238233871846918
UBFC_PHYS_s17_T3_ctrl,146,205,152.83333333333334,1.2027344703674316,-0.47694084654594976
UBFC_PHYS_s17_T3_ctrl,146,206,152.86666666666667,1.2254314422607422,-0.2503017789823153
UBFC_PHYS_s17_T3_ctrl,146,207,152.9,1.0726511478424072,0.022229955570557628
UBFC_PHYS_s17_T3_ctrl,146,208,152.93333333333334,0.8394539952278137,0.2932859422386347
UBFC_PHYS_s17_T3_ctrl,146,209,152.96666666666667,0.7122034430503845,0.5137057929602515
UBFC_PHYS_s17_T3_ctrl,146,210,153.0,0.754881739616394,0.6459043895291932
UBFC_PHYS_s17_T3_ctrl,146,211,153.03333333333333,0.8183372616767883,0.6740717177697033
UBFC_PHYS_s17_T3_ctrl,146,212,153.06666666666666,0.7658731937408447,0.6073567779121016
UBFC_PHYS_s17_T3_ctrl,146,213,153.1,0.6420171856880188,0.4750435988634199
UBFC_PHYS_s17_T3_ctrl,146,214,153.13333333333333,0.5336944460868835,0.3159563846459803
UBFC_PHYS_s17_T3_ctrl,146,215,153.16666666666666,0.4038335084915161,0.16634131974856128
UBFC_PHYS_s17_T3_ctrl,146,216,153.2,0.12517216801643372,0.05042665926267501
UBFC_PHYS_s17_T3_ctrl,146,217,153.23333333333332,-0.36029040813446045,-0.023753980874882327
UBFC_PHYS_s17_T3_ctrl,146,218,153.26666666666668,-0.9579034447669983,-0.06282290417169027
UBFC_PHYS_s17_T3_ctrl,146,219,153.3,-1.4341771602630615,-0.08224975158152997
UBFC_PHYS_s17_T3_ctrl,146,220,153.33333333333334,-1.543612003326416,-0.09890214372295278
UBFC_PHYS_s17_T3_ctrl,146,221,153.36666666666667,-1.252718448638916,-0.12469049017674015
UBFC_PHYS_s17_T3_ctrl,146,222,153.4,-0.8011666536331177,-0.16310104938353698
UBFC_PHYS_s17_T3_ctrl,146,223,153.43333333333334,-0.4404263198375702,-0.20904166798030646
UBFC_PHYS_s17_T3_ctrl,146,224,153.46666666666667,-0.231143519282341,-0.251327830334107
UBFC_PHYS_s17_T3_ctrl,146,225,153.5,-0.07737995684146881,-0.27660388215791354
UBFC_PHYS_s17_T3_ctrl,146,226,153.53333333333333,0.19418784976005554,-0.27347379766274527
UBFC_PHYS_s17_T3_ctrl,146,227,153.56666666666666,0.6355323791503906,-0.23590160558496487
UBFC_PHYS_s17_T3_ctrl,146,228,153.6,1.0595526695251465,-0.16528636623660162
UBFC_PHYS_s17_T3_ctrl,146,229,153.63333333333333,1.2562286853790283,-0.07082931576448522
UBFC_PHYS_s17_T3_ctrl,146,230,153.66666666666666,1.215376377105713,0.032081782311600075
UBFC_PHYS_s17_T3_ctrl,146,231,153.7,1.0320916175842285,0.12544290766405586
UBFC_PHYS_s17_T3_ctrl,146,232,153.73333333333332,0.7612261176109314,0.19344456671053128
UBFC_PHYS_s17_T3_ctrl,146,233,153.76666666666668,0.44633620977401733,0.2270163092385784
UBFC_PHYS_s17_T3_ctrl,146,234,153.8,0.15927031636238098,0.22625061710626015
UBFC_PHYS_s17_T3_ctrl,146,235,153.83333333333334,-0.06754732877016068,0.19945036831782278
UBFC_PHYS_s17_T3_ctrl,146,236,153.86666666666667,-0.24726200103759766,0.1590614732258536
UBFC_PHYS_s17_T3_ctrl,146,237,153.9,-0.37369319796562195,0.11632878871490618
UBFC_PHYS_s17_T3_ctrl,146,238,153.93333333333334,-0.4391855299472809,0.07715754957090976
UBFC_PHYS_s17_T3_ctrl,146,239,153.96666666666667,-0.49670639634132385,0.04101666227207873
UBFC_PHYS_s17_T3_ctrl,147,0,147.0,-0.07158572971820831,-0.04515353313551068
UBFC_PHYS_s17_T3_ctrl,147,1,147.03333333333333,-0.038845423609018326,0.15350933359672342
UBFC_PHYS_s17_T3_ctrl,147,2,147.06666666666666,-0.005742243491113186,0.32265480931798135
UBFC_PHYS_s17_T3_ctrl,147,3,147.1,0.024177037179470062,0.4395726445228516
UBFC_PHYS_s17_T3_ctrl,147,4,147.13333333333333,0.0399794727563858,0.4942643483404947
UBFC_PHYS_s17_T3_ctrl,147,5,147.16666666666666,0.051790330559015274,0.4910379504799562
UBFC_PHYS_s17_T3_ctrl,147,6,147.2,0.07161946594715118,0.4458675219229636
UBFC_PHYS_s17_T3_ctrl,147,7,147.23333333333332,0.08395706862211227,0.38076633854787273
UBFC_PHYS_s17_T3_ctrl,147,8,147.26666666666668,0.07199404388666153,0.3172527116382456
UBFC_PHYS_s17_T3_ctrl,147,9,147.3,0.03520362451672554,0.2708659590489078
UBFC_PHYS_s17_T3_ctrl,147,10,147.33333333333334,-0.024119893088936806,0.2481386297743001
UBFC_PHYS_s17_T3_ctrl,147,11,147.36666666666667,-0.08117254078388214,0.24653070433805332
UBFC_PHYS_s17_T3_ctrl,147,12,147.4,-0.0887577086687088,0.2567099388836293
UBFC_PHYS_s17_T3_ctrl,147,13,147.43333333333334,-0.05120643973350525,0.26590153520859455
UBFC_PHYS_s17_T3_ctrl,147,14,147.46666666666667,-0.023476090282201767,0.26127133683897236
UBFC_PHYS_s17_T3_ctrl,147,15,147.5,-0.023476090282201767,0.23293424771040475
UBFC_PHYS_s17_T3_ctrl,147,16,147.53333333333333,-0.04168986156582832,0.176453130470644
UBFC_PHYS_s17_T3_ctrl,147,17,147.56666666666666,-0.10960522294044495,0.09445398131704323
UBFC_PHYS_s17_T3_ctrl,147,18,147.6,-0.24499113857746124,-0.0033849162354688154
UBFC_PHYS_s17_T3_ctrl,147,19,147.63333333333333,-0.3942948877811432,-0.10255564959661417
UBFC_PHYS_s17_T3_ctrl,147,20,147.66666666666666,-0.5025240182876587,-0.18780702887779882
UBFC_PHYS_s17_T3_ctrl,147,21,147.7,-0.5780362486839294,-0.2476975434528543
UBFC_PHYS_s17_T3_ctrl,147,22,147.73333333333332,-0.6506221294403076,-0.2778632856933709
UBFC_PHYS_s17_T3_ctrl,147,23,147.76666666666668,-0.7243668437004089,-0.28170953289403083
UBFC_PHYS_s17_T3_ctrl,147,24,147.8,-0.7830816507339478,-0.26822061294753835
UBFC_PHYS_s17_T3_ctrl,147,25,147.83333333333334,-0.8117835521697998,-0.24779913130450745
UBFC_PHYS_s17_T3_ctrl,147,26,147.86666666666667,-0.8099223971366882,-0.22803157084791575
UBFC_PHYS_s17_T3_ctrl,147,27,147.9,-0.7972336411476135,-0.21130825036741885
UBFC_PHYS_s17_T3_ctrl,147,28,147.93333333333334,-0.7816419005393982,-0.19508036439440968
UBFC_PHYS_s17_T3_ctrl,147,29,147.96666666666667,-0.7160442471504211,-0.17410445781116296
UBFC_PHYS_s17_T3_ctrl,147,30,148.0,-0.5314366221427917,-0.14332218898563867
UBFC_PHYS_s17_T3_ctrl,147,31,148.03333333333333,-0.24850279092788696,-0.10017858574982691
UBFC_PHYS_s17_T3_ctrl,147,32,148.06666666666666,0.0028730109333992004,-0.045768633246413754
UBFC_PHYS_s17_T3_ctrl,147,33,148.1,0.1454695165157318,0.015227326052771793
UBFC_PHYS_s17_T3_ctrl,147,34,148.13333333333333,0.20103557407855988,0.07556088644875655
UBFC_PHYS_s17_T3_ctrl,147,35,148.16666666666666,0.19518281519412994,0.12705885582224344
UBFC_PHYS_s17_T3_ctrl,147,36,148.2,0.1420983374118805,0.16255115482540883
UBFC_PHYS_s17_T3_ctrl,147,37,148.23333333333332,0.10126952081918716,0.17768328591877733
UBFC_PHYS_s17_T3_ctrl,147,38,148.26666666666668,0.11839468032121658,0.17214353963263546
UBFC_PHYS_s17_T3_ctrl,147,39,148.3,0.1392187774181366,0.14990318656009477
UBFC_PHYS_s17_T3_ctrl,147,40,148.33333333333334,0.09275960922241211,0.11834794110807562
UBFC_PHYS_s17_T3_ctrl,147,41,148.36666666666667,-0.009839171543717384,0.08650237536356666
UBFC_PHYS_s17_T3_ctrl,147,42,148.4,-0.12626215815544128,0.06273191145828538
UBFC_PHYS_s17_T3_ctrl,147,43,148.43333333333334,-0.26326343417167664,0.05238109831643176
UBFC_PHYS_s17_T3_ctrl,147,44,148.46666666666667,-0.45124220848083496,0.05587100916167811
UBFC_PHYS_s17_T3_ctrl,147,45,148.5,-0.6759411692619324,0.06782876290734643
UBFC_PHYS_s17_T3_ctrl,147,46,148.53333333333333,-0.8771354556083679,0.0777661030692767
UBFC_PHYS_s17_T3_ctrl,147,47,148.56666666666666,-1.0041987895965576,0.07254688266511453
UBFC_PHYS_s17_T3_ctrl,147,48,148.6,-1.0446646213531494,0.04032680898556425
UBFC_PHYS_s17_T3_ctrl,147,49,148.63333333333333,-1.0064462423324585,-0.025115021339636077
UBFC_PHYS_s17_T3_ctrl,147,50,148.66666666666666,-0.8898593187332153,-0.12132864806593555
UBFC_PHYS_s17_T3_ctrl,147,51,148.7,-0.6929024457931519,-0.23682171658519358
UBFC_PHYS_s17_T3_ctrl,147,52,148.73333333333332,-0.4444412887096405,-0.3534250995837796
UBFC_PHYS_s17_T3_ctrl,147,53,148.76666666666668,-0.2060820311307907,-0.45014519031216144
UBFC_PHYS_s17_T3_ctrl,147,54,148.8,-0.018138376995921135,-0.5070208429742671
UBFC_PHYS_s17_T3_ctrl,147,55,148.83333333333334,0.16076861321926117,-0.5081714237794188
UBFC_PHYS_s17_T3_ctrl,147,56,148.86666666666667,0.4136427342891693,-0.44400731931668674
UBFC_PHYS_s17_T3_ctrl,147,57,148.9,0.7286496758460999,-0.3129458525176173
UBFC_PHYS_s17_T3_ctrl,147,58,148.93333333333334,0.9372769594192505,-0.12279675578783056
UBFC_PHYS_s17_T3_ctrl,147,59,148.96666666666667,0.8549404144287109,0.10852067927990722
UBFC_PHYS_s17_T3_ctrl,147,60,149.0,0.48536238074302673,0.35367128070186205
UBFC_PHYS_s17_T3_ctrl,147,61,149.03333333333333,0.04051792621612549,0.5786842679482251
UBFC_PHYS_s17_T3_ctrl,147,62,149.06666666666666,-0.2511599361896515,0.7478869692707262
UBFC_PHYS_s17_T3_ctrl,147,63,149.1,-0.32379263639450073,0.8302876077827729
UBFC_PHYS_s17_T3_ctrl,147,64,149.13333333333333,-0.28658080101013184,0.8061704677471593
UBFC_PHYS_s17_T3_ctrl,147,65,149.16666666666666,-0.2730960547924042,0.6723710873777963
UBFC_PHYS_s17_T3_ctrl,147,66,149.2,-0.25345420837402344,0.4446305173486773
UBFC_PHYS_s17_T3_ctrl,147,67,149.23333333333332,-0.11969537287950516,0.15593748840126037
UBFC_PHYS_s17_T3_ctrl,147,68,149.26666666666668,0.0818500816822052,-0.14905002049240781
UBFC_PHYS_s17_T3_ctrl,147,69,149.3,0.21106718480587006,-0.4222688144250061
UBFC_PHYS_s17_T3_ctrl,147,70,149.33333333333334,0.25253981351852417,-0.6214971247394341
UBFC_PHYS_s17_T3_ctrl,147,71,149.36666666666667,0.24834923446178436,-0.7188020000939886
UBFC_PHYS_s17_T3_ctrl,147,72,149.4,0.20734484493732452,-0.706299046896646
UBFC_PHYS_s17_T3_ctrl,147,73,149.43333333333334,0.15704627335071564,-0.5974663006033694
UBFC_PHYS_s17_T3_ctrl,147,74,149.46666666666667,0.14250802993774414,-0.42310640658956244
UBFC_PHYS_s17_T3_ctrl,147,75,149.5,0.16527524590492249,-0.22272031900491576
UBFC_PHYS_s17_T3_ctrl,147,76,149.53333333333333,0.19307582080364227,-0.03398144900832758
UBFC_PHYS_s17_T3_ctrl,147,77,149.56666666666666,0.19527645409107208,0.11603745210170087
UBFC_PHYS_s17_T3_ctrl,147,78,149.6,0.14350299537181854,0.2150716735844248
UBFC_PHYS_s17_T3_ctrl,147,79,149.63333333333333,0.020454684272408485,0.26464653872660426
UBFC_PHYS_s17_T3_ctrl,147,80,149.66666666666666,-0.14931030571460724,0.2754005780892674
UBFC_PHYS_s17_T3_ctrl,147,81,149.7,-0.31234464049339294,0.26144693738900726
UBFC_PHYS_s17_T3_ctrl,147,82,149.73333333333332,-0.46469181776046753,0.236025215236717
UBFC_PHYS_s17_T3_ctrl,147,83,149.76666666666668,-0.6752973198890686,0.2092556369089739
UBFC_PHYS_s17_T3_ctrl,147,84,149.8,-0.9529754519462585,0.18744411527252788
UBFC_PHYS_s17_T3_ctrl,147,85,149.83333333333334,-1.145039439201355,0.17295049577042315
UBFC_PHYS_s17_T3_ctrl,147,86,149.86666666666667,-1.077123999595642,0.16422987684588086
UBFC_PHYS_s17_T3_ctrl,147,87,149.9,-0.7743727564811707,0.1564275626799139
UBFC_PHYS_s17_T3_ctrl,147,88,149.93333333333334,-0.4459630250930786,0.1429734373456441
UBFC_PHYS_s17_T3_ctrl,147,89,149.96666666666667,-0.24233399331569672,0.11802517307223548
UBFC_PHYS_s17_T3_ctrl,147,90,150.0,-0.15428514778614044,0.07893918866809548
UBFC_PHYS_s17_T3_ctrl,147,91,150.03333333333333,-0.1581362634897232,0.027737866934661036
UBFC_PHYS_s17_T3_ctrl,147,92,150.06666666666666,-0.2751445174217224,-0.0290363999348512
UBFC_PHYS_s17_T3_ctrl,147,93,150.1,-0.4920358955860138,-0.08199307586705742
UBFC_PHYS_s17_T3_ctrl,147,94,150.13333333333333,-0.7450153827667236,-0.121493578302169
UBFC_PHYS_s17_T3_ctrl,147,95,150.16666666666666,-0.9760704040527344,-0.1403712982830246
UBFC_PHYS_s17_T3_ctrl,147,96,150.2,-1.1268724203109741,-0.13598649688390932
UBFC_PHYS_s17_T3_ctrl,147,97,150.23333333333332,-1.1559957265853882,-0.11107207054034772
UBFC_PHYS_s17_T3_ctrl,147,98,150.26666666666668,-1.1294125318527222,-0.07322326610100345
UBFC_PHYS_s17_T3_ctrl,147,99,150.3,-1.1321399211883545,-0.033232511091258604
UBFC_PHYS_s17_T3_ctrl,147,100,150.33333333333334,-1.0402165651321411,-0.002636963942610992
UBFC_PHYS_s17_T3_ctrl,147,101,150.36666666666667,-0.6903740167617798,0.00904748050925527
UBFC_PHYS_s17_T3_ctrl,147,102,150.4,-0.22564193606376648,-0.0032313557051668555
UBFC_PHYS_s17_T3_ctrl,147,103,150.43333333333334,0.03056824393570423,-0.03866687769297689
UBFC_PHYS_s17_T3_ctrl,147,104,150.46666666666667,-0.04928673803806305,-0.09077918075488756
UBFC_PHYS_s17_T3_ctrl,147,105,150.5,-0.3841228187084198,-0.14920904395822707
UBFC_PHYS_s17_T3_ctrl,147,106,150.53333333333333,-0.816325306892395,-0.20250885304125232
UBFC_PHYS_s17_T3_ctrl,147,107,150.56666666666666,-1.0789968967437744,-0.240914224827615
UBFC_PHYS_s17_T3_ctrl,147,108,150.6,-0.9645287394523621,-0.25817870426938855
UBFC_PHYS_s17_T3_ctrl,147,109,150.63333333333333,-0.5655816197395325,-0.25205828281984033
UBFC_PHYS_s17_T3_ctrl,147,110,150.66666666666666,-0.17769616842269897,-0.22364258899523454
UBFC_PHYS_s17_T3_ctrl,147,111,150.7,-0.04847905784845352,-0.17616674132205798
UBFC_PHYS_s17_T3_ctrl,147,112,150.73333333333332,-0.3095470070838928,-0.11402157475847131
UBFC_PHYS_s17_T3_ctrl,147,113,150.76666666666668,-0.8414453268051147,-0.04237117542256648
UBFC_PHYS_s17_T3_ctrl,147,114,150.8,-1.0906322002410889,0.032756980194274934
UBFC_PHYS_s17_T3_ctrl,147,115,150.83333333333334,-0.6196961998939514,0.1044733750857231
UBFC_PHYS_s17_T3_ctrl,147,116,150.86666666666667,0.23871560394763947,0.1656896185688421
UBFC_PHYS_s17_T3_ctrl,147,117,150.9,0.8192854523658752,0.2105506429903914
UBFC_PHYS_s17_T3_ctrl,147,118,150.93333333333334,1.015820860862732,0.23608440751139262
UBFC_PHYS_s17_T3_ctrl,147,119,150.96666666666667,1.128135323524475,0.2431950773036229
UBFC_PHYS_s17_T3_ctrl,147,120,151.0,1.1746997833251953,0.23643030633687617
UBFC_PHYS_s17_T3_ctrl,147,121,151.03333333333333,0.9488537311553955,0.2225264163069952
UBFC_PHYS_s17_T3_ctrl,147,122,151.06666666666666,0.4799310266971588,0.20814016359358678
UBFC_PHYS_s17_T3_ctrl,147,123,151.1,-0.024670051410794258,0.1974801897227241
UBFC_PHYS_s17_T3_ctrl,147,124,151.13333333333333,-0.4302542209625244,0.19083047442779244
UBFC_PHYS_s17_T3_ctrl,147,125,151.16666666666666,-0.7784228920936584,0.18480651269043272
UBFC_PHYS_s17_T3_ctrl,147,126,151.2,-1.1513837575912476,0.1743555965424615
UBFC_PHYS_s17_T3_ctrl,147,127,151.23333333333332,-1.4622353315353394,0.15552201490659567
UBFC_PHYS_s17_T3_ctrl,147,128,151.26666666666668,-1.4776279926300049,0.127563836014951
UBFC_PHYS_s17_T3_ctrl,147,129,151.3,-1.0722311735153198,0.09339666867428748
UBFC_PHYS_s17_T3_ctrl,147,130,151.33333333333334,-0.3799673616886139,0.05829636338922937
UBFC_PHYS_s17_T3_ctrl,147,131,151.36666666666667,0.30049726366996765,0.027655211683374606
UBFC_PHYS_s17_T3_ctrl,147,132,151.4,0.7351813316345215,0.0048257841666078626
UBFC_PHYS_s17_T3_ctrl,147,133,151.43333333333334,0.9075917601585388,-0.010214728018680421
UBFC_PHYS_s17_T3_ctrl,147,134,151.46666666666667,0.929352343082428,-0.02110527429450698
UBFC_PHYS_s17_T3_ctrl,147,135,151.5,0.9181735515594482,-0.03431179408516272
UBFC_PHYS_s17_T3_ctrl,147,136,151.53333333333333,0.977824866771698,-0.05752149346181771
UBFC_PHYS_s17_T3_ctrl,147,137,151.56666666666666,1.1122742891311646,-0.09752310494018955
UBFC_PHYS_s17_T3_ctrl,147,138,151.6,1.2125554084777832,-0.15802678424362265
UBFC_PHYS_s17_T3_ctrl,147,139,151.63333333333333,1.2226104736328125,-0.23799874784791242
UBFC_PHYS_s17_T3_ctrl,147,140,151.66666666666666,1.2033783197402954,-0.3310285705804457
UBFC_PHYS_s17_T3_ctrl,147,141,151.7,1.1636731624603271,-0.42599592890937127
UBFC_PHYS_s17_T3_ctrl,147,142,151.73333333333332,1.0154814720153809,-0.5089420457195611
UBFC_PHYS_s17_T3_ctrl,147,143,151.76666666666668,0.7611558437347412,-0.565697025012385
UBFC_PHYS_s17_T3_ctrl,147,144,151.8,0.5285907983779907,-0.5845839097467627
UBFC_PHYS_s17_T3_ctrl,147,145,151.83333333333334,0.34161871671676636,-0.5584918763577519
UBFC_PHYS_s17_T3_ctrl,147,146,151.86666666666667,0.08547879010438919,-0.48581120131630906
UBFC_PHYS_s17_T3_ctrl,147,147,151.9,-0.299527108669281,-0.370116050261721
UBFC_PHYS_s17_T3_ctrl,147,148,151.93333333333334,-0.7108352780342102,-0.21895732781719685
UBFC_PHYS_s17_T3_ctrl,147,149,151.96666666666667,-0.9184792637825012,-0.042505519025015065
UBFC_PHYS_s17_T3_ctrl,147,150,152.0,-0.7138670086860657,0.14716702187931527
UBFC_PHYS_s17_T3_ctrl,147,151,152.03333333333333,-0.15409785509109497,0.3358719686326107
UBFC_PHYS_s17_T3_ctrl,147,152,152.06666666666666,0.4204787313938141,0.5067829645885642
UBFC_PHYS_s17_T3_ctrl,147,153,152.1,0.8007790446281433,0.6408800989172074
UBFC_PHYS_s17_T3_ctrl,147,154,152.13333333333333,0.9941189289093018,0.7194088852056708
UBFC_PHYS_s17_T3_ctrl,147,155,152.16666666666666,1.0151536464691162,0.7283809505230701
UBFC_PHYS_s17_T3_ctrl,147,156,152.2,0.9052155613899231,0.6638594133585416
UBFC_PHYS_s17_T3_ctrl,147,157,152.23333333333332,0.8540508151054382,0.5358045338047013
UBFC_PHYS_s17_T3_ctrl,147,158,152.26666666666668,0.9820154309272766,0.3681590674687258
UBFC_PHYS_s17_T3_ctrl,147,159,152.3,1.1404260396957397,0.19405546929066786
UBFC_PHYS_s17_T3_ctrl,147,160,152.33333333333334,1.1756361722946167,0.04724609455533791
UBFC_PHYS_s17_T3_ctrl,147,161,152.36666666666667,1.1266369819641113,-0.04725119051807987
UBFC_PHYS_s17_T3_ctrl,147,162,152.4,1.0641529560089111,-0.07994098561487537
UBFC_PHYS_s17_T3_ctrl,147,163,152.43333333333334,0.9531964659690857,-0.0587940868134695
UBFC_PHYS_s17_T3_ctrl,147,164,152.46666666666667,0.7601491808891296,-0.005836984388768236
UBFC_PHYS_s17_T3_ctrl,147,165,152.5,0.5610384941101074,0.050190912177755495
UBFC_PHYS_s17_T3_ctrl,147,166,152.53333333333333,0.4372176229953766,0.08222115663787104
UBFC_PHYS_s17_T3_ctrl,147,167,152.56666666666666,0.3300771117210388,0.07137801928704254
UBFC_PHYS_s17_T3_ctrl,147,168,152.6,0.13103662431240082,0.010362479958712468
UBFC_PHYS_s17_T3_ctrl,147,169,152.63333333333333,-0.17126984894275665,-0.0958526585976597
UBFC_PHYS_s17_T3_ctrl,147,170,152.66666666666666,-0.4296572506427765,-0.2311788744180539
UBFC_PHYS_s17_T3_ctrl,147,171,152.7,-0.39974966645240784,-0.3710913834580685
UBFC_PHYS_s17_T3_ctrl,147,172,152.73333333333332,0.008831114508211613,-0.48681462619481214
UBFC_PHYS_s17_T3_ctrl,147,173,152.76666666666668,0.5715968608856201,-0.5508128327615378
UBFC_PHYS_s17_T3_ctrl,147,174,152.8,0.9939550161361694,-0.5429258922356774
UBFC_PHYS_s17_T3_ctrl,147,175,152.83333333333334,1.2027344703674316,-0.4559779902853454
UBFC_PHYS_s17_T3_ctrl,147,176,152.86666666666667,1.2254314422607422,-0.2993235657533798
UBFC_PHYS_s17_T3_ctrl,147,177,152.9,1.0726511478424072,-0.09875878770899699
UBFC_PHYS_s17_T3_ctrl,147,178,152.93333333333334,0.8394539952278137,0.10823722315204269
UBFC_PHYS_s17_T3_ctrl,147,179,152.96666666666667,0.7122034430503845,0.2815261492214276
UBFC_PHYS_s17_T3_ctrl,147,180,153.0,0.754881739616394,0.3891256322789235
UBFC_PHYS_s17_T3_ctrl,147,181,153.03333333333333,0.8183372616767883,0.4160060286606338
UBFC_PHYS_s17_T3_ctrl,147,182,153.06666666666666,0.7658731937408447,0.3676005706188426
UBFC_PHYS_s17_T3_ctrl,147,183,153.1,0.6420171856880188,0.2668420904323164
UBFC_PHYS_s17_T3_ctrl,147,184,153.13333333333333,0.5336944460868835,0.14599993264183259
UBFC_PHYS_s17_T3_ctrl,147,185,153.16666666666666,0.4038335084915161,0.03636966928191452
UBFC_PHYS_s17_T3_ctrl,147,186,153.2,0.12517216801643372,-0.040651062576888705
UBFC_PHYS_s17_T3_ctrl,147,187,153.23333333333332,-0.36029040813446045,-0.07837303120891455
UBFC_PHYS_s17_T3_ctrl,147,188,153.26666666666668,-0.9579034447669983,-0.08441721847471906
UBFC_PHYS_s17_T3_ctrl,147,189,153.3,-1.4341771602630615,-0.07583310661611868
UBFC_PHYS_s17_T3_ctrl,147,190,153.33333333333334,-1.543612003326416,-0.07182919461130101
UBFC_PHYS_s17_T3_ctrl,147,191,153.36666666666667,-1.252718448638916,-0.08665344537479122
UBFC_PHYS_s17_T3_ctrl,147,192,153.4,-0.8011666536331177,-0.1246239855835033
UBFC_PHYS_s17_T3_ctrl,147,193,153.43333333333334,-0.4404263198375702,-0.1783206748210328
UBFC_PHYS_s17_T3_ctrl,147,194,153.46666666666667,-0.231143519282341,-0.23009524026137002
UBFC_PHYS_s17_T3_ctrl,147,195,153.5,-0.07737995684146881,-0.256501161361995
UBFC_PHYS_s17_T3_ctrl,147,196,153.53333333333333,0.19418784976005554,-0.2348367590543755
UBFC_PHYS_s17_T3_ctrl,147,197,153.56666666666666,0.6355323791503906,-0.15053679021604627
UBFC_PHYS_s17_T3_ctrl,147,198,153.6,1.0595526695251465,-0.00360600780841936
UBFC_PHYS_s17_T3_ctrl,147,199,153.63333333333333,1.2562286853790283,0.1880746368437456
UBFC_PHYS_s17_T3_ctrl,147,200,153.66666666666666,1.215376377105713,0.3904790068855595
UBFC_PHYS_s17_T3_ctrl,147,201,153.7,1.0320916175842285,0.5608477197406831
UBFC_PHYS_s17_T3_ctrl,147,202,153.73333333333332,0.7612261176109314,0.6592459950664404
UBFC_PHYS_s17_T3_ctrl,147,203,153.76666666666668,0.44633620977401733,0.6604923165448512
UBFC_PHYS_s17_T3_ctrl,147,204,153.8,0.15927031636238098,0.5616816517546745
UBFC_PHYS_s17_T3_ctrl,147,205,153.83333333333334,-0.06754732877016068,0.3819656196627724
UBFC_PHYS_s17_T3_ctrl,147,206,153.86666666666667,-0.24726200103759766,0.1549401695753989
UBFC_PHYS_s17_T3_ctrl,147,207,153.9,-0.37369319796562195,-0.08248151153566105
UBFC_PHYS_s17_T3_ctrl,147,208,153.93333333333334,-0.4391855299472809,-0.29982001549889525
UBFC_PHYS_s17_T3_ctrl,147,209,153.96666666666667,-0.49670639634132385,-0.4780449220831074
UBFC_PHYS_s17_T3_ctrl,147,210,154.0,-0.6125558018684387,-0.6091781347950571
UBFC_PHYS_s17_T3_ctrl,147,211,154.03333333333333,-0.7441959977149963,-0.6922009418507168
UBFC_PHYS_s17_T3_ctrl,147,212,154.06666666666666,-0.7140191793441772,-0.7281092078393616
UBFC_PHYS_s17_T3_ctrl,147,213,154.1,-0.4051224887371063,-0.7166309771871684
UBFC_PHYS_s17_T3_ctrl,147,214,154.13333333333333,0.05895410478115082,-0.6558014237822226
UBFC_PHYS_s17_T3_ctrl,147,215,154.16666666666666,0.4349701702594757,-0.5441178930724511
UBFC_PHYS_s17_T3_ctrl,147,216,154.2,0.6209473013877869,-0.38403445988002777
UBFC_PHYS_s17_T3_ctrl,147,217,154.23333333333332,0.6634851098060608,-0.18516055029410955
UBFC_PHYS_s17_T3_ctrl,147,218,154.26666666666668,0.6118637919425964,0.03442928750295369
UBFC_PHYS_s17_T3_ctrl,147,219,154.3,0.5198819041252136,0.24976070400357658
UBFC_PHYS_s17_T3_ctrl,147,220,154.33333333333334,0.4788658320903778,0.4332435805695775
UBFC_PHYS_s17_T3_ctrl,147,221,154.36666666666667,0.521953821182251,0.5604187499008928
UBFC_PHYS_s17_T3_ctrl,147,222,154.4,0.5771218538284302,0.6154394434614084
UBFC_PHYS_s17_T3_ctrl,147,223,154.43333333333334,0.569583535194397,0.5947519948157614
UBFC_PHYS_s17_T3_ctrl,147,224,154.46666666666667,0.4976063370704651,0.5080318910203094
UBFC_PHYS_s17_T3_ctrl,147,225,154.5,0.38317328691482544,0.3761831451991707
UBFC_PHYS_s17_T3_ctrl,147,226,154.53333333333333,0.24031925201416016,0.22692864743379845
UBFC_PHYS_s17_T3_ctrl,147,227,154.56666666666666,0.10289658606052399,0.08903402962737408
UBFC_PHYS_s17_T3_ctrl,147,228,154.6,-0.021579796448349953,-0.013570944233861681
UBFC_PHYS_s17_T3_ctrl,147,229,154.63333333333333,-0.1835489273071289,-0.06654236503201377
UBFC_PHYS_s17_T3_ctrl,147,230,154.66666666666666,-0.382132887840271,-0.06772909066351235
UBFC_PHYS_s17_T3_ctrl,147,231,154.7,-0.4745127558708191,-0.026999617700399964
UBFC_PHYS_s17_T3_ctrl,147,232,154.73333333333332,-0.32567721605300903,0.03678508623435721
UBFC_PHYS_s17_T3_ctrl,147,233,154.76666666666668,-0.01406486053019762,0.10095394782306435
UBFC_PHYS_s17_T3_ctrl,147,234,154.8,0.24793954193592072,0.1448684848189191
UBFC_PHYS_s17_T3_ctrl,147,235,154.83333333333334,0.375506192445755,0.15463041776445224
UBFC_PHYS_s17_T3_ctrl,147,236,154.86666666666667,0.40492212772369385,0.1253930894552704
UBFC_PHYS_s17_T3_ctrl,147,237,154.9,0.36048799753189087,0.061069756596868856
UBFC_PHYS_s17_T3_ctrl,147,238,154.93333333333334,0.266750305891037,-0.02780040319664205
UBFC_PHYS_s17_T3_ctrl,147,239,154.96666666666667,0.19497211277484894,-0.12682680347997033
UBFC_PHYS_s17_T3_ctrl,148,0,148.0,-0.5314366221427917,0.07637375833867667
UBFC_PHYS_s17_T3_ctrl,148,1,148.03333333333333,-0.24850279092788696,0.13330578581096855
UBFC_PHYS_s17_T3_ctrl,148,2,148.06666666666666,0.0028730109333992004,0.17713065006332357
UBFC_PHYS_s17_T3_ctrl,148,3,148.1,0.1454695165157318,0.198468374551855
UBFC_PHYS_s17_T3_ctrl,148,4,148.13333333333333,0.20103557407855988,0.19319677802131674
UBFC_PHYS_s17_T3_ctrl,148,5,148.16666666666666,0.19518281519412994,0.16261094089234274
UBFC_PHYS_s17_T3_ctrl,148,6,148.2,0.1420983374118805,0.11195638892778983
UBFC_PHYS_s17_T3_ctrl,148,7,148.23333333333332,0.10126952081918716,0.0482890843920046
UBFC_PHYS_s17_T3_ctrl,148,8,148.26666666666668,0.11839468032121658,-0.02125013760976806
UBFC_PHYS_s17_T3_ctrl,148,9,148.3,0.1392187774181366,-0.0901342318522003
UBFC_PHYS_s17_T3_ctrl,148,10,148.33333333333334,0.09275960922241211,-0.15228232471569747
UBFC_PHYS_s17_T3_ctrl,148,11,148.36666666666667,-0.009839171543717384,-0.20174631307451185
UBFC_PHYS_s17_T3_ctrl,148,12,148.4,-0.12626215815544128,-0.23297691652732813
UBFC_PHYS_s17_T3_ctrl,148,13,148.43333333333334,-0.26326343417167664,-0.24197223501444692
UBFC_PHYS_s17_T3_ctrl,148,14,148.46666666666667,-0.45124220848083496,-0.22807107936355647
UBFC_PHYS_s17_T3_ctrl,148,15,148.5,-0.6759411692619324,-0.19564371110435758
UBFC_PHYS_s17_T3_ctrl,148,16,148.53333333333333,-0.8771354556083679,-0.1546125822950811
UBFC_PHYS_s17_T3_ctrl,148,17,148.56666666666666,-1.0041987895965576,-0.11893039774437612
UBFC_PHYS_s17_T3_ctrl,148,18,148.6,-1.0446646213531494,-0.10298347008720274
UBFC_PHYS_s17_T3_ctrl,148,19,148.63333333333333,-1.0064462423324585,-0.11699625643391014
UBFC_PHYS_s17_T3_ctrl,148,20,148.66666666666666,-0.8898593187332153,-0.16322932352040362
UBFC_PHYS_s17_T3_ctrl,148,21,148.7,-0.6929024457931519,-0.23449990641708887
UBFC_PHYS_s17_T3_ctrl,148,22,148.73333333333332,-0.4444412887096405,-0.3153430535497147
UBFC_PHYS_s17_T3_ctrl,148,23,148.76666666666668,-0.2060820311307907,-0.38495254251590616
UBFC_PHYS_s17_T3_ctrl,148,24,148.8,-0.018138376995921135,-0.42079144455042566
UBFC_PHYS_s17_T3_ctrl,148,25,148.83333333333334,0.16076861321926117,-0.4022663648025613
UBFC_PHYS_s17_T3_ctrl,148,26,148.86666666666667,0.4136427342891693,-0.3144175315194158
UBFC_PHYS_s17_T3_ctrl,148,27,148.9,0.7286496758460999,-0.1517100057594638
UBFC_PHYS_s17_T3_ctrl,148,28,148.93333333333334,0.9372769594192505,0.07839217033563121
UBFC_PHYS_s17_T3_ctrl,148,29,148.96666666666667,0.8549404144287109,0.3530766631715765
UBFC_PHYS_s17_T3_ctrl,148,30,149.0,0.48536238074302673,0.6345693521466012
UBFC_PHYS_s17_T3_ctrl,148,31,149.03333333333333,0.04051792621612549,0.8746204231114545
UBFC_PHYS_s17_T3_ctrl,148,32,149.06666666666666,-0.2511599361896515,1.0234137004852397
UBFC_PHYS_s17_T3_ctrl,148,33,149.1,-0.32379263639450073,1.0414379891081562
UBFC_PHYS_s17_T3_ctrl,148,34,149.13333333333333,-0.28658080101013184,0.9109973668264069
UBFC_PHYS_s17_T3_ctrl,148,35,149.16666666666666,-0.2730960547924042,0.6432157553646907
UBFC_PHYS_s17_T3_ctrl,148,36,149.2,-0.25345420837402344,0.27745030384306524
UBFC_PHYS_s17_T3_ctrl,148,37,149.23333333333332,-0.11969537287950516,-0.12717194314856237
UBFC_PHYS_s17_T3_ctrl,148,38,149.26666666666668,0.0818500816822052,-0.5051143685058339
UBFC_PHYS_s17_T3_ctrl,148,39,149.3,0.21106718480587006,-0.7981355089613202
UBFC_PHYS_s17_T3_ctrl,148,40,149.33333333333334,0.25253981351852417,-0.9659175341081935
UBFC_PHYS_s17_T3_ctrl,148,41,149.36666666666667,0.24834923446178436,-0.9922916406064094
UBFC_PHYS_s17_T3_ctrl,148,42,149.4,0.20734484493732452,-0.8867462641217944
UBFC_PHYS_s17_T3_ctrl,148,43,149.43333333333334,0.15704627335071564,-0.680989403445434
UBFC_PHYS_s17_T3_ctrl,148,44,149.46666666666667,0.14250802993774414,-0.4207156636494296
UBFC_PHYS_s17_T3_ctrl,148,45,149.5,0.16527524590492249,-0.1540877928438943
UBFC_PHYS_s17_T3_ctrl,148,46,149.53333333333333,0.19307582080364227,0.07970077489204717
UBFC_PHYS_s17_T3_ctrl,148,47,149.56666666666666,0.19527645409107208,0.25782514264691647
UBFC_PHYS_s17_T3_ctrl,148,48,149.6,0.14350299537181854,0.3750192301677808
UBFC_PHYS_s17_T3_ctrl,148,49,149.63333333333333,0.020454684272408485,0.43927316064863303
UBFC_PHYS_s17_T3_ctrl,148,50,149.66666666666666,-0.14931030571460724,0.46477731084642493
UBFC_PHYS_s17_T3_ctrl,148,51,149.7,-0.31234464049339294,0.46530338948226313
UBFC_PHYS_s17_T3_ctrl,148,52,149.73333333333332,-0.46469181776046753,0.45031283555230756
UBFC_PHYS_s17_T3_ctrl,148,53,149.76666666666668,-0.6752973198890686,0.42434282736855283
UBFC_PHYS_s17_T3_ctrl,148,54,149.8,-0.9529754519462585,0.38847938843672336
UBFC_PHYS_s17_T3_ctrl,148,55,149.83333333333334,-1.145039439201355,0.34211582361683796
UBFC_PHYS_s17_T3_ctrl,148,56,149.86666666666667,-1.077123999595642,0.2840808627540557
UBFC_PHYS_s17_T3_ctrl,148,57,149.9,-0.7743727564811707,0.2134393315621889
UBFC_PHYS_s17_T3_ctrl,148,58,149.93333333333334,-0.4459630250930786,0.1305420484695388
UBFC_PHYS_s17_T3_ctrl,148,59,149.96666666666667,-0.24233399331569672,0.03828451627688226
UBFC_PHYS_s17_T3_ctrl,148,60,150.0,-0.15428514778614044,-0.05714744554610194
UBFC_PHYS_s17_T3_ctrl,148,61,150.03333333333333,-0.1581362634897232,-0.14678593118605276
UBFC_PHYS_s17_T3_ctrl,148,62,150.06666666666666,-0.2751445174217224,-0.2206404771136604
UBFC_PHYS_s17_T3_ctrl,148,63,150.1,-0.4920358955860138,-0.26999409060245105
UBFC_PHYS_s17_T3_ctrl,148,64,150.13333333333333,-0.7450153827667236,-0.28951296490442946
UBFC_PHYS_s17_T3_ctrl,148,65,150.16666666666666,-0.9760704040527344,-0.2787428060186908
UBFC_PHYS_s17_T3_ctrl,148,66,150.2,-1.1268724203109741,-0.2426066736018386
UBFC_PHYS_s17_T3_ctrl,148,67,150.23333333333332,-1.1559957265853882,-0.19055763046145438
UBFC_PHYS_s17_T3_ctrl,148,68,150.26666666666668,-1.1294125318527222,-0.13445059335122383
UBFC_PHYS_s17_T3_ctrl,148,69,150.3,-1.1321399211883545,-0.08573392551482496
UBFC_PHYS_s17_T3_ctrl,148,70,150.33333333333334,-1.0402165651321411,-0.05280621145696404
UBFC_PHYS_s17_T3_ctrl,148,71,150.36666666666667,-0.6903740167617798,-0.03928475277122925
UBFC_PHYS_s17_T3_ctrl,148,72,150.4,-0.22564193606376648,-0.0436335331221613
UBFC_PHYS_s17_T3_ctrl,148,73,150.43333333333334,0.03056824393570423,-0.060208441500781744
UBFC_PHYS_s17_T3_ctrl,148,74,150.46666666666667,-0.04928673803806305,-0.0813725491086141
UBFC_PHYS_s17_T3_ctrl,148,75,150.5,-0.3841228187084198,-0.09998943040035774
UBFC_PHYS_s17_T3_ctrl,148,76,150.53333333333333,-0.816325306892395,-0.1114262760178118
UBFC_PHYS_s17_T3_ctrl,148,77,150.56666666666666,-1.0789968967437744,-0.11434097825928792
UBFC_PHYS_s17_T3_ctrl,148,78,150.6,-0.9645287394523621,-0.11002520634825794
UBFC_PHYS_s17_T3_ctrl,148,79,150.63333333333333,-0.5655816197395325,-0.10071991045174412
UBFC_PHYS_s17_T3_ctrl,148,80,150.66666666666666,-0.17769616842269897,-0.08779772413172296
UBFC_PHYS_s17_T3_ctrl,148,81,150.7,-0.04847905784845352,-0.07078146124750838
UBFC_PHYS_s17_T3_ctrl,148,82,150.73333333333332,-0.3095470070838928,-0.04776799735252213
UBFC_PHYS_s17_T3_ctrl,148,83,150.76666666666668,-0.8414453268051147,-0.017093895359744142
UBFC_PHYS_s17_T3_ctrl,148,84,150.8,-1.0906322002410889,0.02065990314413171
UBFC_PHYS_s17_T3_ctrl,148,85,150.83333333333334,-0.6196961998939514,0.06154883192465241
UBFC_PHYS_s17_T3_ctrl,148,86,150.86666666666667,0.23871560394763947,0.09890100563128866
UBFC_PHYS_s17_T3_ctrl,148,87,150.9,0.8192854523658752,0.1256744620604238
UBFC_PHYS_s17_T3_ctrl,148,88,150.93333333333334,1.015820860862732,0.13749865625224125
UBFC_PHYS_s17_T3_ctrl,148,89,150.96666666666667,1.128135323524475,0.1348733618957072
UBFC_PHYS_s17_T3_ctrl,148,90,151.0,1.1746997833251953,0.12336881576437417
UBFC_PHYS_s17_T3_ctrl,148,91,151.03333333333333,0.9488537311553955,0.11165473982896826
UBFC_PHYS_s17_T3_ctrl,148,92,151.06666666666666,0.4799310266971588,0.10821399270033646
UBFC_PHYS_s17_T3_ctrl,148,93,151.1,-0.024670051410794258,0.11815642311782254
UBFC_PHYS_s17_T3_ctrl,148,94,151.13333333333333,-0.4302542209625244,0.14141193288838766
UBFC_PHYS_s17_T3_ctrl,148,95,151.16666666666666,-0.7784228920936584,0.1729351255965026
UBFC_PHYS_s17_T3_ctrl,148,96,151.2,-1.1513837575912476,0.2047464076029848
UBFC_PHYS_s17_T3_ctrl,148,97,151.23333333333332,-1.4622353315353394,0.22889893620773524
UBFC_PHYS_s17_T3_ctrl,148,98,151.26666666666668,-1.4776279926300049,0.2400336098784418
UBFC_PHYS_s17_T3_ctrl,148,99,151.3,-1.0722311735153198,0.23641456833122285
UBFC_PHYS_s17_T3_ctrl,148,100,151.33333333333334,-0.3799673616886139,0.21924545059598885
UBFC_PHYS_s17_T3_ctrl,148,101,151.36666666666667,0.30049726366996765,0.19100109370985052
UBFC_PHYS_s17_T3_ctrl,148,102,151.4,0.7351813316345215,0.15381011638412986
UBFC_PHYS_s17_T3_ctrl,148,103,151.43333333333334,0.9075917601585388,0.10858368368162154
UBFC_PHYS_s17_T3_ctrl,148,104,151.46666666666667,0.929352343082428,0.05500663537134778
UBFC_PHYS_s17_T3_ctrl,148,105,151.5,0.9181735515594482,-0.00788988050665733
UBFC_PHYS_s17_T3_ctrl,148,106,151.53333333333333,0.977824866771698,-0.08089605728677704
UBFC_PHYS_s17_T3_ctrl,148,107,151.56666666666666,1.1122742891311646,-0.1637641673853963
UBFC_PHYS_s17_T3_ctrl,148,108,151.6,1.2125554084777832,-0.2545728910304367
UBFC_PHYS_s17_T3_ctrl,148,109,151.63333333333333,1.2226104736328125,-0.3495566213422768
UBFC_PHYS_s17_T3_ctrl,148,110,151.66666666666666,1.2033783197402954,-0.44342822580483576
UBFC_PHYS_s17_T3_ctrl,148,111,151.7,1.1636731624603271,-0.5299403099485269
UBFC_PHYS_s17_T3_ctrl,148,112,151.73333333333332,1.0154814720153809,-0.6023160443802151
UBFC_PHYS_s17_T3_ctrl,148,113,151.76666666666668,0.7611558437347412,-0.6533302266262512
UBFC_PHYS_s17_T3_ctrl,148,114,151.8,0.5285907983779907,-0.6751550998377082
UBFC_PHYS_s17_T3_ctrl,148,115,151.83333333333334,0.34161871671676636,-0.659386210557596
UBFC_PHYS_s17_T3_ctrl,148,116,151.86666666666667,0.08547879010438919,-0.5977196486102118
UBFC_PHYS_s17_T3_ctrl,148,117,151.9,-0.299527108669281,-0.4835019389679568
UBFC_PHYS_s17_T3_ctrl,148,118,151.93333333333334,-0.7108352780342102,-0.31394895153944374
UBFC_PHYS_s17_T3_ctrl,148,119,151.96666666666667,-0.9184792637825012,-0.09252813709706786
UBFC_PHYS_s17_T3_ctrl,148,120,152.0,-0.7138670086860657,0.16903269973502638
UBFC_PHYS_s17_T3_ctrl,148,121,152.03333333333333,-0.15409785509109497,0.44965935844684374
UBFC_PHYS_s17_T3_ctrl,148,122,152.06666666666666,0.4204787313938141,0.7194939061515478
UBFC_PHYS_s17_T3_ctrl,148,123,152.1,0.8007790446281433,0.9428580684453227
UBFC_PHYS_s17_T3_ctrl,148,124,152.13333333333333,0.9941189289093018,1.0838919840427073
UBFC_PHYS_s17_T3_ctrl,148,125,152.16666666666666,1.0151536464691162,1.1142698746948483
UBFC_PHYS_s17_T3_ctrl,148,126,152.2,0.9052155613899231,1.0214246697103364
UBFC_PHYS_s17_T3_ctrl,148,127,152.23333333333332,0.8540508151054382,0.8148085675499226
UBFC_PHYS_s17_T3_ctrl,148,128,152.26666666666668,0.9820154309272766,0.5272829559009947
UBFC_PHYS_s17_T3_ctrl,148,129,152.3,1.1404260396957397,0.20966078454182568
UBFC_PHYS_s17_T3_ctrl,148,130,152.33333333333334,1.1756361722946167,-0.08104027197271901
UBFC_PHYS_s17_T3_ctrl,148,131,152.36666666666667,1.1266369819641113,-0.29628567983295706
UBFC_PHYS_s17_T3_ctrl,148,132,152.4,1.0641529560089111,-0.40888710905377
UBFC_PHYS_s17_T3_ctrl,148,133,152.43333333333334,0.9531964659690857,-0.4196903350497574
UBFC_PHYS_s17_T3_ctrl,148,134,152.46666666666667,0.7601491808891296,-0.3556900063222297
UBFC_PHYS_s17_T3_ctrl,148,135,152.5,0.5610384941101074,-0.2602062720301448
UBFC_PHYS_s17_T3_ctrl,148,136,152.53333333333333,0.4372176229953766,-0.17884802428958937
UBFC_PHYS_s17_T3_ctrl,148,137,152.56666666666666,0.3300771117210388,-0.1463131167134169
UBFC_PHYS_s17_T3_ctrl,148,138,152.6,0.13103662431240082,-0.17777191382347696
UBFC_PHYS_s17_T3_ctrl,148,139,152.63333333333333,-0.17126984894275665,-0.2661833141470306
UBFC_PHYS_s17_T3_ctrl,148,140,152.66666666666666,-0.4296572506427765,-0.385253753658597
UBFC_PHYS_s17_T3_ctrl,148,141,152.7,-0.39974966645240784,-0.49691529716074434
UBFC_PHYS_s17_T3_ctrl,148,142,152.73333333333332,0.008831114508211613,-0.5615115845265591
UBFC_PHYS_s17_T3_ctrl,148,143,152.76666666666668,0.5715968608856201,-0.5483727795665996
UBFC_PHYS_s17_T3_ctrl,148,144,152.8,0.9939550161361694,-0.44440925404872916
UBFC_PHYS_s17_T3_ctrl,148,145,152.83333333333334,1.2027344703674316,-0.25867529984077786
UBFC_PHYS_s17_T3_ctrl,148,146,152.86666666666667,1.2254314422607422,-0.021449646315928713
UBFC_PHYS_s17_T3_ctrl,148,147,152.9,1.0726511478424072,0.22256510197843657
UBFC_PHYS_s17_T3_ctrl,148,148,152.93333333333334,0.8394539952278137,0.4256958561237901
UBFC_PHYS_s17_T3_ctrl,148,149,152.96666666666667,0.7122034430503845,0.5503192228655653
UBFC_PHYS_s17_T3_ctrl,148,150,153.0,0.754881739616394,0.5791213516163127
UBFC_PHYS_s17_T3_ctrl,148,151,153.03333333333333,0.8183372616767883,0.5188094847005194
UBFC_PHYS_s17_T3_ctrl,148,152,153.06666666666666,0.7658731937408447,0.3961004193712425
UBFC_PHYS_s17_T3_ctrl,148,153,153.1,0.6420171856880188,0.24799310393940954
UBFC_PHYS_s17_T3_ctrl,148,154,153.13333333333333,0.5336944460868835,0.11023767805663506
UBFC_PHYS_s17_T3_ctrl,148,155,153.16666666666666,0.4038335084915161,0.007929233604046357
UBFC_PHYS_s17_T3_ctrl,148,156,153.2,0.12517216801643372,-0.04928288468951784
UBFC_PHYS_s17_T3_ctrl,148,157,153.23333333333332,-0.36029040813446045,-0.06681426047577582
UBFC_PHYS_s17_T3_ctrl,148,158,153.26666666666668,-0.9579034447669983,-0.060598462670548026
UBFC_PHYS_s17_T3_ctrl,148,159,153.3,-1.4341771602630615,-0.05027759707028375
UBFC_PHYS_s17_T3_ctrl,148,160,153.33333333333334,-1.543612003326416,-0.05231394110015216
UBFC_PHYS_s17_T3_ctrl,148,161,153.36666666666667,-1.252718448638916,-0.07489587551016401
UBFC_PHYS_s17_T3_ctrl,148,162,153.4,-0.8011666536331177,-0.11573608201948146
UBFC_PHYS_s17_T3_ctrl,148,163,153.43333333333334,-0.4404263198375702,-0.16297743279453747
UBFC_PHYS_s17_T3_ctrl,148,164,153.46666666666667,-0.231143519282341,-0.19873846149964222
UBFC_PHYS_s17_T3_ctrl,148,165,153.5,-0.07737995684146881,-0.20436178778278208
UBFC_PHYS_s17_T3_ctrl,148,166,153.53333333333333,0.19418784976005554,-0.1661039539282611
UBFC_PHYS_s17_T3_ctrl,148,167,153.56666666666666,0.6355323791503906,-0.0798899261281979
UBFC_PHYS_s17_T3_ctrl,148,168,153.6,1.0595526695251465,0.046080131150341014
UBFC_PHYS_s17_T3_ctrl,148,169,153.63333333333333,1.2562286853790283,0.1917308068022928
UBFC_PHYS_s17_T3_ctrl,148,170,153.66666666666666,1.215376377105713,0.3288780359581985
UBFC_PHYS_s17_T3_ctrl,148,171,153.7,1.0320916175842285,0.42791696076881647
UBFC_PHYS_s17_T3_ctrl,148,172,153.73333333333332,0.7612261176109314,0.4658606861970861
UBFC_PHYS_s17_T3_ctrl,148,173,153.76666666666668,0.44633620977401733,0.4331541966416081
UBFC_PHYS_s17_T3_ctrl,148,174,153.8,0.15927031636238098,0.3364970296133022
UBFC_PHYS_s17_T3_ctrl,148,175,153.83333333333334,-0.06754732877016068,0.1961296187726814
UBFC_PHYS_s17_T3_ctrl,148,176,153.86666666666667,-0.24726200103759766,0.03846957075775943
UBFC_PHYS_s17_T3_ctrl,148,177,153.9,-0.37369319796562195,-0.11281241869057969
UBFC_PHYS_s17_T3_ctrl,148,178,153.93333333333334,-0.4391855299472809,-0.24360309969486105
UBFC_PHYS_s17_T3_ctrl,148,179,153.96666666666667,-0.49670639634132385,-0.3514637928087828
UBFC_PHYS_s17_T3_ctrl,148,180,154.0,-0.6125558018684387,-0.4425051982511289
UBFC_PHYS_s17_T3_ctrl,148,181,154.03333333333333,-0.7441959977149963,-0.5246627890561918
UBFC_PHYS_s17_T3_ctrl,148,182,154.06666666666666,-0.7140191793441772,-0.6005702320317494
UBFC_PHYS_s17_T3_ctrl,148,183,154.1,-0.4051224887371063,-0.6633302665446973
UBFC_PHYS_s17_T3_ctrl,148,184,154.13333333333333,0.05895410478115082,-0.6969709674385327
UBFC_PHYS_s17_T3_ctrl,148,185,154.16666666666666,0.4349701702594757,-0.6812330231920641
UBFC_PHYS_s17_T3_ctrl,148,186,154.2,0.6209473013877869,-0.5987548603261247
UBFC_PHYS_s17_T3_ctrl,148,187,154.23333333333332,0.6634851098060608,-0.44214212721538854
UBFC_PHYS_s17_T3_ctrl,148,188,154.26666666666668,0.6118637919425964,-0.21868636064241112
UBFC_PHYS_s17_T3_ctrl,148,189,154.3,0.5198819041252136,0.0487032421631581
UBFC_PHYS_s17_T3_ctrl,148,190,154.33333333333334,0.4788658320903778,0.32477923874318526
UBFC_PHYS_s17_T3_ctrl,148,191,154.36666666666667,0.521953821182251,0.5687775954700948
UBFC_PHYS_s17_T3_ctrl,148,192,154.4,0.5771218538284302,0.7431092584385917
UBFC_PHYS_s17_T3_ctrl,148,193,154.43333333333334,0.569583535194397,0.8217531262518835
UBFC_PHYS_s17_T3_ctrl,148,194,154.46666666666667,0.4976063370704651,0.7964025272559954
UBFC_PHYS_s17_T3_ctrl,148,195,154.5,0.38317328691482544,0.6789517225649654
UBFC_PHYS_s17_T3_ctrl,148,196,154.53333333333333,0.24031925201416016,0.49941427880857625
UBFC_PHYS_s17_T3_ctrl,148,197,154.56666666666666,0.10289658606052399,0.29915655412933573
UBFC_PHYS_s17_T3_ctrl,148,198,154.6,-0.021579796448349953,0.12067656263634877
UBFC_PHYS_s17_T3_ctrl,148,199,154.63333333333333,-0.1835489273071289,-0.003428323763790178
UBFC_PHYS_s17_T3_ctrl,148,200,154.66666666666666,-0.382132887840271,-0.05896876121883186
UBFC_PHYS_s17_T3_ctrl,148,201,154.7,-0.4745127558708191,-0.05330211060477143
UBFC_PHYS_s17_T3_ctrl,148,202,154.73333333333332,-0.32567721605300903,-0.011898470561723568
UBFC_PHYS_s17_T3_ctrl,148,203,154.76666666666668,-0.01406486053019762,0.030673873027671064
UBFC_PHYS_s17_T3_ctrl,148,204,154.8,0.24793954193592072,0.042423332993243745
UBFC_PHYS_s17_T3_ctrl,148,205,154.83333333333334,0.375506192445755,0.004364405083282991
UBFC_PHYS_s17_T3_ctrl,148,206,154.86666666666667,0.40492212772369385,-0.08384292213952418
UBFC_PHYS_s17_T3_ctrl,148,207,154.9,0.36048799753189087,-0.20483574539996716
UBFC_PHYS_s17_T3_ctrl,148,208,154.93333333333334,0.266750305891037,-0.33026348116660875
UBFC_PHYS_s17_T3_ctrl,148,209,154.96666666666667,0.19497211277484894,-0.43022126822978257
UBFC_PHYS_s17_T3_ctrl,148,210,155.0,0.19126147031784058,-0.4816040803455279
UBFC_PHYS_s17_T3_ctrl,148,211,155.03333333333333,0.22279611229896545,-0.47269949556981444
UBFC_PHYS_s17_T3_ctrl,148,212,155.06666666666666,0.22836793959140778,-0.40363104559008994
UBFC_PHYS_s17_T3_ctrl,148,213,155.1,0.17900580167770386,-0.28411391670263464
UBFC_PHYS_s17_T3_ctrl,148,214,155.13333333333333,0.0808551087975502,-0.13025403509157574
UBFC_PHYS_s17_T3_ctrl,148,215,155.16666666666666,-0.04612625017762184,0.03862600548462553
UBFC_PHYS_s17_T3_ctrl,148,216,155.2,-0.18638165295124054,0.20281627639666952
UBFC_PHYS_s17_T3_ctrl,148,217,155.23333333333332,-0.3322674036026001,0.34467226540337
UBFC_PHYS_s17_T3_ctrl,148,218,155.26666666666668,-0.48803260922431946,0.45071026459363955
UBFC_PHYS_s17_T3_ctrl,148,219,155.3,-0.6145925521850586,0.5132104292336832
UBFC_PHYS_s17_T3_ctrl,148,220,155.33333333333334,-0.5893788933753967,0.5309262506926157
UBFC_PHYS_s17_T3_ctrl,148,221,155.36666666666667,-0.34215855598449707,0.5084421406994645
UBFC_PHYS_s17_T3_ctrl,148,222,155.4,0.009252512827515602,0.4541018358159871
UBFC_PHYS_s17_T3_ctrl,148,223,155.43333333333334,0.2931462228298187,0.3770900625761489
UBFC_PHYS_s17_T3_ctrl,148,224,155.46666666666667,0.4635784327983856,0.2847852432196002
UBFC_PHYS_s17_T3_ctrl,148,225,155.5,0.5541907548904419,0.1815097918554078
UBFC_PHYS_s17_T3_ctrl,148,226,155.53333333333333,0.581382691860199,0.06916462803984282
UBFC_PHYS_s17_T3_ctrl,148,227,155.56666666666666,0.5842973589897156,-0.050705710852714136
UBFC_PHYS_s17_T3_ctrl,148,228,155.6,0.6405774354934692,-0.1745731884282709
UBFC_PHYS_s17_T3_ctrl,148,229,155.63333333333333,0.7867206931114197,-0.29555110050150346
UBFC_PHYS_s17_T3_ctrl,148,230,155.66666666666666,0.9623033404350281,-0.4036691301531639
UBFC_PHYS_s17_T3_ctrl,148,231,155.7,1.0947043895721436,-0.48771596986173066
UBFC_PHYS_s17_T3_ctrl,148,232,155.73333333333332,1.2072995901107788,-0.5380135010639638
UBFC_PHYS_s17_T3_ctrl,148,233,155.76666666666668,1.374477744102478,-0.5491679479176829
UBFC_PHYS_s17_T3_ctrl,148,234,155.8,1.5609112977981567,-0.5217101644495804
UBFC_PHYS_s17_T3_ctrl,148,235,155.83333333333334,1.5987904071807861,-0.4618194942017667
UBFC_PHYS_s17_T3_ctrl,148,236,155.86666666666667,1.333344578742981,-0.3791305311629031
UBFC_PHYS_s17_T3_ctrl,148,237,155.9,0.7525991201400757,-0.2835479578398193
UBFC_PHYS_s17_T3_ctrl,148,238,155.93333333333334,0.06856432557106018,-0.18249751038230072
UBFC_PHYS_s17_T3_ctrl,148,239,155.96666666666667,-0.359389066696167,-0.07986425313058498
UBFC_PHYS_s17_T3_ctrl,149,0,149.0,0.48536238074302673,-0.04327166477517357
UBFC_PHYS_s17_T3_ctrl,149,1,149.03333333333333,0.04051792621612549,0.22225765591061725
UBFC_PHYS_s17_T3_ctrl,149,2,149.06666666666666,-0.2511599361896515,0.434086056326177
UBFC_PHYS_s17_T3_ctrl,149,3,149.1,-0.32379263639450073,0.5472239083943645
UBFC_PHYS_s17_T3_ctrl,149,4,149.13333333333333,-0.28658080101013184,0.5336857901650062
UBFC_PHYS_s17_T3_ctrl,149,5,149.16666666666666,-0.2730960547924042,0.38922934126526176
UBFC_PHYS_s17_T3_ctrl,149,6,149.2,-0.25345420837402344,0.13604456014905925
UBFC_PHYS_s17_T3_ctrl,149,7,149.23333333333332,-0.11969537287950516,-0.18039456555397618
UBFC_PHYS_s17_T3_ctrl,149,8,149.26666666666668,0.0818500816822052,-0.5002944744146015
UBFC_PHYS_s17_T3_ctrl,149,9,149.3,0.21106718480587006,-0.7623452966043461
UBFC_PHYS_s17_T3_ctrl,149,10,149.33333333333334,0.25253981351852417,-0.9172261445005621
UBFC_PHYS_s17_T3_ctrl,149,11,149.36666666666667,0.24834923446178436,-0.9384955647917528
UBFC_PHYS_s17_T3_ctrl,149,12,149.4,0.20734484493732452,-0.8281175121588515
UBFC_PHYS_s17_T3_ctrl,149,13,149.43333333333334,0.15704627335071564,-0.6149838373141937
UBFC_PHYS_s17_T3_ctrl,149,14,149.46666666666667,0.14250802993774414,-0.34639928544987414
UBFC_PHYS_s17_T3_ctrl,149,15,149.5,0.16527524590492249,-0.07467358161500788
UBFC_PHYS_s17_T3_ctrl,149,16,149.53333333333333,0.19307582080364227,0.1568285721999434
UBFC_PHYS_s17_T3_ctrl,149,17,149.56666666666666,0.19527645409107208,0.3232467766030417
UBFC_PHYS_s17_T3_ctrl,149,18,149.6,0.14350299537181854,0.42049629124500865
UBFC_PHYS_s17_T3_ctrl,149,19,149.63333333333333,0.020454684272408485,0.46073729788249146
UBFC_PHYS_s17_T3_ctrl,149,20,149.66666666666666,-0.14931030571460724,0.46416630562808153
UBFC_PHYS_s17_T3_ctrl,149,21,149.7,-0.31234464049339294,0.4509571052966146
UBFC_PHYS_s17_T3_ctrl,149,22,149.73333333333332,-0.46469181776046753,0.4359566099792285
UBFC_PHYS_s17_T3_ctrl,149,23,149.76666666666668,-0.6752973198890686,0.42668028622945586
UBFC_PHYS_s17_T3_ctrl,149,24,149.8,-0.9529754519462585,0.4235979497199544
UBFC_PHYS_s17_T3_ctrl,149,25,149.83333333333334,-1.145039439201355,0.42140170044020125
UBFC_PHYS_s17_T3_ctrl,149,26,149.86666666666667,-1.077123999595642,0.41073152451604733
UBFC_PHYS_s17_T3_ctrl,149,27,149.9,-0.7743727564811707,0.38063987353139495
UBFC_PHYS_s17_T3_ctrl,149,28,149.93333333333334,-0.4459630250930786,0.32198036363786114
UBFC_PHYS_s17_T3_ctrl,149,29,149.96666666666667,-0.24233399331569672,0.23106862313503462
UBFC_PHYS_s17_T3_ctrl,149,30,150.0,-0.15428514778614044,0.11221017919594986
UBFC_PHYS_s17_T3_ctrl,149,31,150.03333333333333,-0.1581362634897232,-0.022186708786189384
UBFC_PHYS_s17_T3_ctrl,149,32,150.06666666666666,-0.2751445174217224,-0.1540886044230872
UBFC_PHYS_s17_T3_ctrl,149,33,150.1,-0.4920358955860138,-0.2639529789626377
UBFC_PHYS_s17_T3_ctrl,149,34,150.13333333333333,-0.7450153827667236,-0.3352533612065293
UBFC_PHYS_s17_T3_ctrl,149,35,150.16666666666666,-0.9760704040527344,-0.35842097333118333
UBFC_PHYS_s17_T3_ctrl,149,36,150.2,-1.1268724203109741,-0.33334077090116443
UBFC_PHYS_s17_T3_ctrl,149,37,150.23333333333332,-1.1559957265853882,-0.26966866933288053
UBFC_PHYS_s17_T3_ctrl,149,38,150.26666666666668,-1.1294125318527222,-0.18469301856229203
UBFC_PHYS_s17_T3_ctrl,149,39,150.3,-1.1321399211883545,-0.09917559410574163
UBFC_PHYS_s17_T3_ctrl,149,40,150.33333333333334,-1.0402165651321411,-0.03227395837871958
UBFC_PHYS_s17_T3_ctrl,149,41,150.36666666666667,-0.6903740167617798,0.0029987614618620898
UBFC_PHYS_s17_T3_ctrl,149,42,150.4,-0.22564193606376648,0.0024444924567354523
UBFC_PHYS_s17_T3_ctrl,149,43,150.43333333333334,0.03056824393570423,-0.02923525077912534
UBFC_PHYS_s17_T3_ctrl,149,44,150.46666666666667,-0.04928673803806305,-0.08075052364790561
UBFC_PHYS_s17_T3_ctrl,149,45,150.5,-0.3841228187084198,-0.13796304164508663
UBFC_PHYS_s17_T3_ctrl,149,46,150.53333333333333,-0.816325306892395,-0.18778290778194842
UBFC_PHYS_s17_T3_ctrl,149,47,150.56666666666666,-1.0789968967437744,-0.22110054956598651
UBFC_PHYS_s17_T3_ctrl,149,48,150.6,-0.9645287394523621,-0.2340560817183495
UBFC_PHYS_s17_T3_ctrl,149,49,150.63333333333333,-0.5655816197395325,-0.22751377418070046
UBFC_PHYS_s17_T3_ctrl,149,50,150.66666666666666,-0.17769616842269897,-0.20519814443577475
UBFC_PHYS_s17_T3_ctrl,149,51,150.7,-0.04847905784845352,-0.17138923035000214
UBFC_PHYS_s17_T3_ctrl,149,52,150.73333333333332,-0.3095470070838928,-0.1291880346586903
UBFC_PHYS_s17_T3_ctrl,149,53,150.76666666666668,-0.8414453268051147,-0.08002631750303459
UBFC_PHYS_s17_T3_ctrl,149,54,150.8,-1.0906322002410889,-0.024407519335552286
UBFC_PHYS_s17_T3_ctrl,149,55,150.83333333333334,-0.6196961998939514,0.03675192882793798
UBFC_PHYS_s17_T3_ctrl,149,56,150.86666666666667,0.23871560394763947,0.10098618743027785
UBFC_PHYS_s17_T3_ctrl,149,57,150.9,0.8192854523658752,0.16390959004914
UBFC_PHYS_s17_T3_ctrl,149,58,150.93333333333334,1.015820860862732,0.21976740602881129
UBFC_PHYS_s17_T3_ctrl,149,59,150.96666666666667,1.128135323524475,0.2627435434982113
UBFC_PHYS_s17_T3_ctrl,149,60,151.0,1.1746997833251953,0.28868978542774376
UBFC_PHYS_s17_T3_ctrl,149,61,151.03333333333333,0.9488537311553955,0.296706293818414
UBFC_PHYS_s17_T3_ctrl,149,62,151.06666666666666,0.4799310266971588,0.28970546365828964
UBFC_PHYS_s17_T3_ctrl,149,63,151.1,-0.024670051410794258,0.27332304868025525
UBFC_PHYS_s17_T3_ctrl,149,64,151.13333333333333,-0.4302542209625244,0.2535610197960832
UBFC_PHYS_s17_T3_ctrl,149,65,151.16666666666666,-0.7784228920936584,0.23447549895059006
UBFC_PHYS_s17_T3_ctrl,149,66,151.2,-1.1513837575912476,0.21713975307897118
UBFC_PHYS_s17_T3_ctrl,149,67,151.23333333333332,-1.4622353315353394,0.20018783769240878
UBFC_PHYS_s17_T3_ctrl,149,68,151.26666666666668,-1.4776279926300049,0.18126347223133493
UBFC_PHYS_s17_T3_ctrl,149,69,151.3,-1.0722311735153198,0.15834755136315343
UBFC_PHYS_s17_T3_ctrl,149,70,151.33333333333334,-0.3799673616886139,0.13038131816266166
UBFC_PHYS_s17_T3_ctrl,149,71,151.36666666666667,0.30049726366996765,0.09726926169835352
UBFC_PHYS_s17_T3_ctrl,149,72,151.4,0.7351813316345215,0.05960746048117639
UBFC_PHYS_s17_T3_ctrl,149,73,151.43333333333334,0.9075917601585388,0.0183367893757068
UBFC_PHYS_s17_T3_ctrl,149,74,151.46666666666667,0.929352343082428,-0.025687758013356314
UBFC_PHYS_s17_T3_ctrl,149,75,151.5,0.9181735515594482,-0.07221447705075293
UBFC_PHYS_s17_T3_ctrl,149,76,151.53333333333333,0.977824866771698,-0.1219737551560601
UBFC_PHYS_s17_T3_ctrl,149,77,151.56666666666666,1.1122742891311646,-0.17657967001487657
UBFC_PHYS_s17_T3_ctrl,149,78,151.6,1.2125554084777832,-0.23786131107805278
UBFC_PHYS_s17_T3_ctrl,149,79,151.63333333333333,1.2226104736328125,-0.3068835216213324
UBFC_PHYS_s17_T3_ctrl,149,80,151.66666666666666,1.2033783197402954,-0.38302962284895736
UBFC_PHYS_s17_T3_ctrl,149,81,151.7,1.1636731624603271,-0.46338804778800763
UBFC_PHYS_s17_T3_ctrl,149,82,151.73333333333332,1.0154814720153809,-0.5424940917881925
UBFC_PHYS_s17_T3_ctrl,149,83,151.76666666666668,0.7611558437347412,-0.612368923869711
UBFC_PHYS_s17_T3_ctrl,149,84,151.8,0.5285907983779907,-0.6628201831274471
UBFC_PHYS_s17_T3_ctrl,149,85,151.83333333333334,0.34161871671676636,-0.6820697472927275
UBFC_PHYS_s17_T3_ctrl,149,86,151.86666666666667,0.08547879010438919,-0.6578607125182399
UBFC_PHYS_s17_T3_ctrl,149,87,151.9,-0.299527108669281,-0.5792054079508588
UBFC_PHYS_s17_T3_ctrl,149,88,151.93333333333334,-0.7108352780342102,-0.4388314820626147
UBFC_PHYS_s17_T3_ctrl,149,89,151.96666666666667,-0.9184792637825012,-0.23613709723829454
UBFC_PHYS_s17_T3_ctrl,149,90,152.0,-0.7138670086860657,0.01990804027725831
UBFC_PHYS_s17_T3_ctrl,149,91,152.03333333333333,-0.15409785509109497,0.308907970101232
UBFC_PHYS_s17_T3_ctrl,149,92,152.06666666666666,0.4204787313938141,0.5994860833397057
UBFC_PHYS_s17_T3_ctrl,149,93,152.1,0.8007790446281433,0.8529993190027274
UBFC_PHYS_s17_T3_ctrl,149,94,152.13333333333333,0.9941189289093018,1.030511870275956
UBFC_PHYS_s17_T3_ctrl,149,95,152.16666666666666,1.0151536464691162,1.1017744966401244
UBFC_PHYS_s17_T3_ctrl,149,96,152.2,0.9052155613899231,1.0539674959620629
UBFC_PHYS_s17_T3_ctrl,149,97,152.23333333333332,0.8540508151054382,0.8973632654202397
UBFC_PHYS_s17_T3_ctrl,149,98,152.26666666666668,0.9820154309272766,0.6651094728209771
UBFC_PHYS_s17_T3_ctrl,149,99,152.3,1.1404260396957397,0.40582510070959
UBFC_PHYS_s17_T3_ctrl,149,100,152.33333333333334,1.1756361722946167,0.17066675841464699
UBFC_PHYS_s17_T3_ctrl,149,101,152.36666666666667,1.1266369819641113,-0.0008437651974191425
UBFC_PHYS_s17_T3_ctrl,149,102,152.4,1.0641529560089111,-0.09140293312563615
UBFC_PHYS_s17_T3_ctrl,149,103,152.43333333333334,0.9531964659690857,-0.10948154973398865
UBFC_PHYS_s17_T3_ctrl,149,104,152.46666666666667,0.7601491808891296,-0.08474337081638866
UBFC_PHYS_s17_T3_ctrl,149,105,152.5,0.5610384941101074,-0.0570076246589736
UBFC_PHYS_s17_T3_ctrl,149,106,152.53333333333333,0.4372176229953766,-0.06296529832755494
UBFC_PHYS_s17_T3_ctrl,149,107,152.56666666666666,0.3300771117210388,-0.12546358645661662
UBFC_PHYS_s17_T3_ctrl,149,108,152.6,0.13103662431240082,-0.24815589055965265
UBFC_PHYS_s17_T3_ctrl,149,109,152.63333333333333,-0.17126984894275665,-0.41554790190861535
UBFC_PHYS_s17_T3_ctrl,149,110,152.66666666666666,-0.4296572506427765,-0.5970689028667513
UBFC_PHYS_s17_T3_ctrl,149,111,152.7,-0.39974966645240784,-0.7537577005773525
UBFC_PHYS_s17_T3_ctrl,149,112,152.73333333333332,0.008831114508211613,-0.8464481550042653
UBFC_PHYS_s17_T3_ctrl,149,113,152.76666666666668,0.5715968608856201,-0.8444137087082418
UBFC_PHYS_s17_T3_ctrl,149,114,152.8,0.9939550161361694,-0.7331947623506309
UBFC_PHYS_s17_T3_ctrl,149,115,152.83333333333334,1.2027344703674316,-0.5199313604345814
UBFC_PHYS_s17_T3_ctrl,149,116,152.86666666666667,1.2254314422607422,-0.23432274095221875
UBFC_PHYS_s17_T3_ctrl,149,117,152.9,1.0726511478424072,0.07619647929126597
UBFC_PHYS_s17_T3_ctrl,149,118,152.93333333333334,0.8394539952278137,0.3570255226715198
UBFC_PHYS_s17_T3_ctrl,149,119,152.96666666666667,0.7122034430503845,0.5603478664095938
UBFC_PHYS_s17_T3_ctrl,149,120,153.0,0.754881739616394,0.6578505550942285
UBFC_PHYS_s17_T3_ctrl,149,121,153.03333333333333,0.8183372616767883,0.647318077614142
UBFC_PHYS_s17_T3_ctrl,149,122,153.06666666666666,0.7658731937408447,0.5507765031018264
UBFC_PHYS_s17_T3_ctrl,149,123,153.1,0.6420171856880188,0.40554123833532013
UBFC_PHYS_s17_T3_ctrl,149,124,153.13333333333333,0.5336944460868835,0.25196731787844207
UBFC_PHYS_s17_T3_ctrl,149,125,153.16666666666666,0.4038335084915161,0.12220428802782084
UBFC_PHYS_s17_T3_ctrl,149,126,153.2,0.12517216801643372,0.03323518225237669
UBFC_PHYS_s17_T3_ctrl,149,127,153.23333333333332,-0.36029040813446045,-0.014407026709577931
UBFC_PHYS_s17_T3_ctrl,149,128,153.26666666666668,-0.9579034447669983,-0.032865452096148384
UBFC_PHYS_s17_T3_ctrl,149,129,153.3,-1.4341771602630615,-0.040182544581285895
UBFC_PHYS_s17_T3_ctrl,149,130,153.33333333333334,-1.543612003326416,-0.053039278346103516
UBFC_PHYS_s17_T3_ctrl,149,131,153.36666666666667,-1.252718448638916,-0.08112162803278382
UBFC_PHYS_s17_T3_ctrl,149,132,153.4,-0.8011666536331177,-0.12433596166588234
UBFC_PHYS_s17_T3_ctrl,149,133,153.43333333333334,-0.4404263198375702,-0.1731473498111368
UBFC_PHYS_s17_T3_ctrl,149,134,153.46666666666667,-0.231143519282341,-0.2115867089497476
UBFC_PHYS_s17_T3_ctrl,149,135,153.5,-0.07737995684146881,-0.22200261330510235
UBFC_PHYS_s17_T3_ctrl,149,136,153.53333333333333,0.19418784976005554,-0.19036730650181027
UBFC_PHYS_s17_T3_ctrl,149,137,153.56666666666666,0.6355323791503906,-0.11090403378568213
UBFC_PHYS_s17_T3_ctrl,149,138,153.6,1.0595526695251465,0.01102041879673916
UBFC_PHYS_s17_T3_ctrl,149,139,153.63333333333333,1.2562286853790283,0.15854304267428138
UBFC_PHYS_s17_T3_ctrl,149,140,153.66666666666666,1.215376377105713,0.30600015347133197
UBFC_PHYS_s17_T3_ctrl,149,141,153.7,1.0320916175842285,0.42456815805535586
UBFC_PHYS_s17_T3_ctrl,149,142,153.73333333333332,0.7612261176109314,0.48967750861223064
UBFC_PHYS_s17_T3_ctrl,149,143,153.76666666666668,0.44633620977401733,0.48787585062800687
UBFC_PHYS_s17_T3_ctrl,149,144,153.8,0.15927031636238098,0.4203413903096097
UBFC_PHYS_s17_T3_ctrl,149,145,153.83333333333334,-0.06754732877016068,0.3012600362315022
UBFC_PHYS_s17_T3_ctrl,149,146,153.86666666666667,-0.24726200103759766,0.15171466655900084
UBFC_PHYS_s17_T3_ctrl,149,147,153.9,-0.37369319796562195,-0.007978157229954545
UBFC_PHYS_s17_T3_ctrl,149,148,153.93333333333334,-0.4391855299472809,-0.16399114377989849
UBFC_PHYS_s17_T3_ctrl,149,149,153.96666666666667,-0.49670639634132385,-0.3105232638644997
UBFC_PHYS_s17_T3_ctrl,149,150,154.0,-0.6125558018684387,-0.4470339572490913
UBFC_PHYS_s17_T3_ctrl,149,151,154.03333333333333,-0.7441959977149963,-0.5729805065889028
UBFC_PHYS_s17_T3_ctrl,149,152,154.06666666666666,-0.7140191793441772,-0.6827781258371557
UBFC_PHYS_s17_T3_ctrl,149,153,154.1,-0.4051224887371063,-0.7634062082567296
UBFC_PHYS_s17_T3_ctrl,149,154,154.13333333333333,0.05895410478115082,-0.7958877507796318
UBFC_PHYS_s17_T3_ctrl,149,155,154.16666666666666,0.4349701702594757,-0.7603655066649366
UBFC_PHYS_s17_T3_ctrl,149,156,154.2,0.6209473013877869,-0.643237608023467
UBFC_PHYS_s17_T3_ctrl,149,157,154.23333333333332,0.6634851098060608,-0.4440359182306939
UBFC_PHYS_s17_T3_ctrl,149,158,154.26666666666668,0.6118637919425964,-0.179544814499051
UBFC_PHYS_s17_T3_ctrl,149,159,154.3,0.5198819041252136,0.11675273542817045
UBFC_PHYS_s17_T3_ctrl,149,160,154.33333333333334,0.4788658320903778,0.40042612989396553
UBFC_PHYS_s17_T3_ctrl,149,161,154.36666666666667,0.521953821182251,0.6257453589387086
UBFC_PHYS_s17_T3_ctrl,149,162,154.4,0.5771218538284302,0.7563796824195855
UBFC_PHYS_s17_T3_ctrl,149,163,154.43333333333334,0.569583535194397,0.7739109750445965
UBFC_PHYS_s17_T3_ctrl,149,164,154.46666666666667,0.4976063370704651,0.6819608122049908
UBFC_PHYS_s17_T3_ctrl,149,165,154.5,0.38317328691482544,0.5052474848624641
UBFC_PHYS_s17_T3_ctrl,149,166,154.53333333333333,0.24031925201416016,0.2839456245201144
UBFC_PHYS_s17_T3_ctrl,149,167,154.56666666666666,0.10289658606052399,0.06451814493930982
UBFC_PHYS_s17_T3_ctrl,149,168,154.6,-0.021579796448349953,-0.11088314216668581
UBFC_PHYS_s17_T3_ctrl,149,169,154.63333333333333,-0.1835489273071289,-0.21374563511941896
UBFC_PHYS_s17_T3_ctrl,149,170,154.66666666666666,-0.382132887840271,-0.23483411719667185
UBFC_PHYS_s17_T3_ctrl,149,171,154.7,-0.4745127558708191,-0.1847565856030617
UBFC_PHYS_s17_T3_ctrl,149,172,154.73333333333332,-0.32567721605300903,-0.08943276137044161
UBFC_PHYS_s17_T3_ctrl,149,173,154.76666666666668,-0.01406486053019762,0.018125993887183597
UBFC_PHYS_s17_T3_ctrl,149,174,154.8,0.24793954193592072,0.10712879696098213
UBFC_PHYS_s17_T3_ctrl,149,175,154.83333333333334,0.375506192445755,0.15650095643495077
UBFC_PHYS_s17_T3_ctrl,149,176,154.86666666666667,0.40492212772369385,0.15855397751116174
UBFC_PHYS_s17_T3_ctrl,149,177,154.9,0.36048799753189087,0.11842072435984732
UBFC_PHYS_s17_T3_ctrl,149,178,154.93333333333334,0.266750305891037,0.050315571157006654
UBFC_PHYS_s17_T3_ctrl,149,179,154.96666666666667,0.19497211277484894,-0.027526762360630577
UBFC_PHYS_s17_T3_ctrl,149,180,155.0,0.19126147031784058,-0.09743280310428433
UBFC_PHYS_s17_T3_ctrl,149,181,155.03333333333333,0.22279611229896545,-0.14532978717851017
UBFC_PHYS_s17_T3_ctrl,149,182,155.06666666666666,0.22836793959140778,-0.16216680924464552
UBFC_PHYS_s17_T3_ctrl,149,183,155.1,0.17900580167770386,-0.14428544113795677
UBFC_PHYS_s17_T3_ctrl,149,184,155.13333333333333,0.0808551087975502,-0.0932940204869334
UBFC_PHYS_s17_T3_ctrl,149,185,155.16666666666666,-0.04612625017762184,-0.01560501855794912
UBFC_PHYS_s17_T3_ctrl,149,186,155.2,-0.18638165295124054,0.07851008124400374
UBFC_PHYS_s17_T3_ctrl,149,187,155.23333333333332,-0.3322674036026001,0.176502255087419
UBFC_PHYS_s17_T3_ctrl,149,188,155.26666666666668,-0.48803260922431946,0.2656608876009672
UBFC_PHYS_s17_T3_ctrl,149,189,155.3,-0.6145925521850586,0.3352943031789792
UBFC_PHYS_s17_T3_ctrl,149,190,155.33333333333334,-0.5893788933753967,0.37826942972888467
UBFC_PHYS_s17_T3_ctrl,149,191,155.36666666666667,-0.34215855598449707,0.3913750308969339
UBFC_PHYS_s17_T3_ctrl,149,192,155.4,0.009252512827515602,0.37457039712115975
UBFC_PHYS_s17_T3_ctrl,149,193,155.43333333333334,0.2931462228298187,0.329786064365396
UBFC_PHYS_s17_T3_ctrl,149,194,155.46666666666667,0.4635784327983856,0.2600886049927315
UBFC_PHYS_s17_T3_ctrl,149,195,155.5,0.5541907548904419,0.1696153924017212
UBFC_PHYS_s17_T3_ctrl,149,196,155.53333333333333,0.581382691860199,0.06400828436797526
UBFC_PHYS_s17_T3_ctrl,149,197,155.56666666666666,0.5842973589897156,-0.04935667785733071
UBFC_PHYS_s17_T3_ctrl,149,198,155.6,0.6405774354934692,-0.16190365058146836
UBFC_PHYS_s17_T3_ctrl,149,199,155.63333333333333,0.7867206931114197,-0.2652038701836161
UBFC_PHYS_s17_T3_ctrl,149,200,155.66666666666666,0.9623033404350281,-0.35271938885792087
UBFC_PHYS_s17_T3_ctrl,149,201,155.7,1.0947043895721436,-0.4213425902031679
UBFC_PHYS_s17_T3_ctrl,149,202,155.73333333333332,1.2072995901107788,-0.47221584638573005
UBFC_PHYS_s17_T3_ctrl,149,203,155.76666666666668,1.374477744102478,-0.5104676665843113
UBFC_PHYS_s17_T3_ctrl,149,204,155.8,1.5609112977981567,-0.5436076852189665
UBFC_PHYS_s17_T3_ctrl,149,205,155.83333333333334,1.5987904071807861,-0.5785924289750821
UBFC_PHYS_s17_T3_ctrl,149,206,155.86666666666667,1.333344578742981,-0.6181566575547327
UBFC_PHYS_s17_T3_ctrl,149,207,155.9,0.7525991201400757,-0.6576230838487512
UBFC_PHYS_s17_T3_ctrl,149,208,155.93333333333334,0.06856432557106018,-0.683626890696472
UBFC_PHYS_s17_T3_ctrl,149,209,155.96666666666667,-0.359389066696167,-0.675796058395546
UBFC_PHYS_s17_T3_ctrl,149,210,156.0,-0.37376344203948975,-0.6115028639084839
UBFC_PHYS_s17_T3_ctrl,149,211,156.03333333333333,-0.20934785902500153,-0.47276089081224665
UBFC_PHYS_s17_T3_ctrl,149,212,156.06666666666666,-0.12069033831357956,-0.25357196292635426
UBFC_PHYS_s17_T3_ctrl,149,213,156.1,-0.09644822776317596,0.034441322993709354
UBFC_PHYS_s17_T3_ctrl,149,214,156.13333333333333,-0.1121453195810318,0.360398992553045
UBFC_PHYS_s17_T3_ctrl,149,215,156.16666666666666,-0.23844775557518005,0.6781738688820976
UBFC_PHYS_s17_T3_ctrl,149,216,156.2,-0.4923519492149353,0.93606471268195
UBFC_PHYS_s17_T3_ctrl,149,217,156.23333333333332,-0.8428499698638916,1.089893743168747
UBFC_PHYS_s17_T3_ctrl,149,218,156.26666666666668,-1.2755558490753174,1.1153599754904435
UBFC_PHYS_s17_T3_ctrl,149,219,156.3,-1.6951632499694824,1.0150666566885524
UBFC_PHYS_s17_T3_ctrl,149,220,156.33333333333334,-1.939667820930481,0.8173625105889247
UBFC_PHYS_s17_T3_ctrl,149,221,156.36666666666667,-1.9703831672668457,0.5673414950016851
UBFC_PHYS_s17_T3_ctrl,149,222,156.4,-1.8897087574005127,0.3135300248930269
UBFC_PHYS_s17_T3_ctrl,149,223,156.43333333333334,-1.7471356391906738,0.09529752173697295
UBFC_PHYS_s17_T3_ctrl,149,224,156.46666666666667,-1.5061192512512207,-0.06490092742120131
UBFC_PHYS_s17_T3_ctrl,149,225,156.5,-1.2116438150405884,-0.1627935415248953
UBFC_PHYS_s17_T3_ctrl,149,226,156.53333333333333,-0.991416335105896,-0.2079227521173522
UBFC_PHYS_s17_T3_ctrl,149,227,156.56666666666666,-0.8489368557929993,-0.21623737721449962
UBFC_PHYS_s17_T3_ctrl,149,228,156.6,-0.6689178347587585,-0.20291503651731688
UBFC_PHYS_s17_T3_ctrl,149,229,156.63333333333333,-0.402816504240036,-0.17809302136777533
UBFC_PHYS_s17_T3_ctrl,149,230,156.66666666666666,-0.12449462711811066,-0.14653054025025014
UBFC_PHYS_s17_T3_ctrl,149,231,156.7,0.07534181326627731,-0.11025968347551435
UBFC_PHYS_s17_T3_ctrl,149,232,156.73333333333332,0.17562291026115417,-0.07195172393211993
UBFC_PHYS_s17_T3_ctrl,149,233,156.76666666666668,0.21082137525081635,-0.03673441972655777
UBFC_PHYS_s17_T3_ctrl,149,234,156.8,0.22188307344913483,-0.011534135805050525
UBFC_PHYS_s17_T3_ctrl,149,235,156.83333333333334,0.23937110602855682,-0.0027137308830725007
UBFC_PHYS_s17_T3_ctrl,149,236,156.86666666666667,0.2849406599998474,-0.013693282817468438
UBFC_PHYS_s17_T3_ctrl,149,237,156.9,0.34851327538490295,-0.043904577786006836
UBFC_PHYS_s17_T3_ctrl,149,238,156.93333333333334,0.3859708905220032,-0.08922115472549559
UBFC_PHYS_s17_T3_ctrl,149,239,156.96666666666667,0.37432393431663513,-0.1430211016046467
UBFC_PHYS_s17_T3_ctrl,150,0,150.0,-0.15428514778614044,-0.020581805485873406
UBFC_PHYS_s17_T3_ctrl,150,1,150.03333333333333,-0.1581362634897232,0.1875104259101555
UBFC_PHYS_s17_T3_ctrl,150,2,150.06666666666666,-0.2751445174217224,0.3637914976711709
UBFC_PHYS_s17_T3_ctrl,150,3,150.1,-0.4920358955860138,0.4844248235598674
UBFC_PHYS_s17_T3_ctrl,150,4,150.13333333333333,-0.7450153827667236,0.5393911135931744
UBFC_PHYS_s17_T3_ctrl,150,5,150.16666666666666,-0.9760704040527344,0.5337767503280365
UBFC_PHYS_s17_T3_ctrl,150,6,150.2,-1.1268724203109741,0.4841613183858281
UBFC_PHYS_s17_T3_ctrl,150,7,150.23333333333332,-1.1559957265853882,0.41172280838952596
UBFC_PHYS_s17_T3_ctrl,150,8,150.26666666666668,-1.1294125318527222,0.33489473282883475
UBFC_PHYS_s17_T3_ctrl,150,9,150.3,-1.1321399211883545,0.26429218284503964
UBFC_PHYS_s17_T3_ctrl,150,10,150.33333333333334,-1.0402165651321411,0.20147432420196368
UBFC_PHYS_s17_T3_ctrl,150,11,150.36666666666667,-0.6903740167617798,0.14146965896531058
UBFC_PHYS_s17_T3_ctrl,150,12,150.4,-0.22564193606376648,0.07749995516202206
UBFC_PHYS_s17_T3_ctrl,150,13,150.43333333333334,0.03056824393570423,0.005609590691038067
UBFC_PHYS_s17_T3_ctrl,150,14,150.46666666666667,-0.04928673803806305,-0.0727652368834046
UBFC_PHYS_s17_T3_ctrl,150,15,150.5,-0.3841228187084198,-0.15108929733949839
UBFC_PHYS_s17_T3_ctrl,150,16,150.53333333333333,-0.816325306892395,-0.22027757919437696
UBFC_PHYS_s17_T3_ctrl,150,17,150.56666666666666,-1.0789968967437744,-0.27196154708227455
UBFC_PHYS_s17_T3_ctrl,150,18,150.6,-0.9645287394523621,-0.3009072574835109
UBFC_PHYS_s17_T3_ctrl,150,19,150.63333333333333,-0.5655816197395325,-0.3057462090860103
UBFC_PHYS_s17_T3_ctrl,150,20,150.66666666666666,-0.17769616842269897,-0.28816020760002564
UBFC_PHYS_s17_T3_ctrl,150,21,150.7,-0.04847905784845352,-0.25140456953837126
UBFC_PHYS_s17_T3_ctrl,150,22,150.73333333333332,-0.3095470070838928,-0.19923064829831194
UBFC_PHYS_s17_T3_ctrl,150,23,150.76666666666668,-0.8414453268051147,-0.13580828470540507
UBFC_PHYS_s17_T3_ctrl,150,24,150.8,-1.0906322002410889,-0.06640984996273755
UBFC_PHYS_s17_T3_ctrl,150,25,150.83333333333334,-0.6196961998939514,0.002045653805785839
UBFC_PHYS_s17_T3_ctrl,150,26,150.86666666666667,0.23871560394763947,0.06150992795846137
UBFC_PHYS_s17_T3_ctrl,150,27,150.9,0.8192854523658752,0.10465721221397759
UBFC_PHYS_s17_T3_ctrl,150,28,150.93333333333334,1.015820860862732,0.1274081160747104
UBFC_PHYS_s17_T3_ctrl,150,29,150.96666666666667,1.128135323524475,0.1308491475880719
UBFC_PHYS_s17_T3_ctrl,150,30,151.0,1.1746997833251953,0.12140798410299272
UBFC_PHYS_s17_T3_ctrl,150,31,151.03333333333333,0.9488537311553955,0.10892983852932735
UBFC_PHYS_s17_T3_ctrl,150,32,151.06666666666666,0.4799310266971588,0.10328768359158812
UBFC_PHYS_s17_T3_ctrl,150,33,151.1,-0.024670051410794258,0.11085109817266817
UBFC_PHYS_s17_T3_ctrl,150,34,151.13333333333333,-0.4302542209625244,0.13221786967377006
UBFC_PHYS_s17_T3_ctrl,150,35,151.16666666666666,-0.7784228920936584,0.16211131788708474
UBFC_PHYS_s17_T3_ctrl,150,36,151.2,-1.1513837575912476,0.19150417317074428
UBFC_PHYS_s17_T3_ctrl,150,37,151.23333333333332,-1.4622353315353394,0.2111086203228331
UBFC_PHYS_s17_T3_ctrl,150,38,151.26666666666668,-1.4776279926300049,0.21471886549783512
UBFC_PHYS_s17_T3_ctrl,150,39,151.3,-1.0722311735153198,0.2009656981104988
UBFC_PHYS_s17_T3_ctrl,150,40,151.33333333333334,-0.3799673616886139,0.1729341077586676
UBFC_PHYS_s17_T3_ctrl,150,41,151.36666666666667,0.30049726366996765,0.1361653568186788
UBFC_PHYS_s17_T3_ctrl,150,42,151.4,0.7351813316345215,0.09611198156973001
UBFC_PHYS_s17_T3_ctrl,150,43,151.43333333333334,0.9075917601585388,0.05605505069524416
UBFC_PHYS_s17_T3_ctrl,150,44,151.46666666666667,0.929352343082428,0.016103046641775243
UBFC_PHYS_s17_T3_ctrl,150,45,151.5,0.9181735515594482,-0.026578582815748476
UBFC_PHYS_s17_T3_ctrl,150,46,151.53333333333333,0.977824866771698,-0.07654065771855902
UBFC_PHYS_s17_T3_ctrl,150,47,151.56666666666666,1.1122742891311646,-0.1382709097690984
UBFC_PHYS_s17_T3_ctrl,150,48,151.6,1.2125554084777832,-0.2143470730561804
UBFC_PHYS_s17_T3_ctrl,150,49,151.63333333333333,1.2226104736328125,-0.3039353454216918
UBFC_PHYS_s17_T3_ctrl,150,50,151.66666666666666,1.2033783197402954,-0.4019382440788067
UBFC_PHYS_s17_T3_ctrl,150,51,151.7,1.1636731624603271,-0.49900810493015385
UBFC_PHYS_s17_T3_ctrl,150,52,151.73333333333332,1.0154814720153809,-0.5825648602750164
UBFC_PHYS_s17_T3_ctrl,150,53,151.76666666666668,0.7611558437347412,-0.6387944160645591
UBFC_PHYS_s17_T3_ctrl,150,54,151.8,0.5285907983779907,-0.6552987240704315
UBFC_PHYS_s17_T3_ctrl,150,55,151.83333333333334,0.34161871671676636,-0.6237093587025712
UBFC_PHYS_s17_T3_ctrl,150,56,151.86666666666667,0.08547879010438919,-0.5413841565916352
UBFC_PHYS_s17_T3_ctrl,150,57,151.9,-0.299527108669281,-0.4115532720992656
UBFC_PHYS_s17_T3_ctrl,150,58,151.93333333333334,-0.7108352780342102,-0.24200665480902042
UBFC_PHYS_s17_T3_ctrl,150,59,151.96666666666667,-0.9184792637825012,-0.04321724666154125
UBFC_PHYS_s17_T3_ctrl,150,60,152.0,-0.7138670086860657,0.1728764231451322
UBFC_PHYS_s17_T3_ctrl,150,61,152.03333333333333,-0.15409785509109497,0.3926799771827113
UBFC_PHYS_s17_T3_ctrl,150,62,152.06666666666666,0.4204787313938141,0.5997256922400727
UBFC_PHYS_s17_T3_ctrl,150,63,152.1,0.8007790446281433,0.7738573614631807
UBFC_PHYS_s17_T3_ctrl,150,64,152.13333333333333,0.9941189289093018,0.8924696977144927
UBFC_PHYS_s17_T3_ctrl,150,65,152.16666666666666,1.0151536464691162,0.9346733257351588
UBFC_PHYS_s17_T3_ctrl,150,66,152.2,0.9052155613899231,0.887776746522117
UBFC_PHYS_s17_T3_ctrl,150,67,152.23333333333332,0.8540508151054382,0.7538527691924057
UBFC_PHYS_s17_T3_ctrl,150,68,152.26666666666668,0.9820154309272766,0.5531800031995172
UBFC_PHYS_s17_T3_ctrl,150,69,152.3,1.1404260396957397,0.321921410302443
UBFC_PHYS_s17_T3_ctrl,150,70,152.33333333333334,1.1756361722946167,0.10369437727887638
UBFC_PHYS_s17_T3_ctrl,150,71,152.36666666666667,1.1266369819641113,-0.062482452993258664
UBFC_PHYS_s17_T3_ctrl,150,72,152.4,1.0641529560089111,-0.15357381786337435
UBFC_PHYS_s17_T3_ctrl,150,73,152.43333333333334,0.9531964659690857,-0.16899110576309465
UBFC_PHYS_s17_T3_ctrl,150,74,152.46666666666667,0.7601491808891296,-0.1297355123362202
UBFC_PHYS_s17_T3_ctrl,150,75,152.5,0.5610384941101074,-0.0707392272125132
UBFC_PHYS_s17_T3_ctrl,150,76,152.53333333333333,0.4372176229953766,-0.029602652281972532
UBFC_PHYS_s17_T3_ctrl,150,77,152.56666666666666,0.3300771117210388,-0.03586457487193403
UBFC_PHYS_s17_T3_ctrl,150,78,152.6,0.13103662431240082,-0.10368749569476603
UBFC_PHYS_s17_T3_ctrl,150,79,152.63333333333333,-0.17126984894275665,-0.22888344622664342
UBFC_PHYS_s17_T3_ctrl,150,80,152.66666666666666,-0.4296572506427765,-0.3901194154465865
UBFC_PHYS_s17_T3_ctrl,150,81,152.7,-0.39974966645240784,-0.5537615974319611
UBFC_PHYS_s17_T3_ctrl,150,82,152.73333333333332,0.008831114508211613,-0.681383645124288
UBFC_PHYS_s17_T3_ctrl,150,83,152.76666666666668,0.5715968608856201,-0.7385040338516683
UBFC_PHYS_s17_T3_ctrl,150,84,152.8,0.9939550161361694,-0.702923401667989
UBFC_PHYS_s17_T3_ctrl,150,85,152.83333333333334,1.2027344703674316,-0.5709926808764049
UBFC_PHYS_s17_T3_ctrl,150,86,152.86666666666667,1.2254314422607422,-0.3601452928544177
UBFC_PHYS_s17_T3_ctrl,150,87,152.9,1.0726511478424072,-0.10633810040523624
UBFC_PHYS_s17_T3_ctrl,150,88,152.93333333333334,0.8394539952278137,0.1439420654117803
UBFC_PHYS_s17_T3_ctrl,150,89,152.96666666666667,0.7122034430503845,0.34557962057247765
UBFC_PHYS_s17_T3_ctrl,150,90,153.0,0.754881739616394,0.46699076449893956
UBFC_PHYS_s17_T3_ctrl,150,91,153.03333333333333,0.8183372616767883,0.4981028810433482
UBFC_PHYS_s17_T3_ctrl,150,92,153.06666666666666,0.7658731937408447,0.4512686314143756
UBFC_PHYS_s17_T3_ctrl,150,93,153.1,0.6420171856880188,0.35519484282027197
UBFC_PHYS_s17_T3_ctrl,150,94,153.13333333333333,0.5336944460868835,0.24460280097891604
UBFC_PHYS_s17_T3_ctrl,150,95,153.16666666666666,0.4038335084915161,0.1495397371819838
UBFC_PHYS_s17_T3_ctrl,150,96,153.2,0.12517216801643372,0.08778900900061921
UBFC_PHYS_s17_T3_ctrl,150,97,153.23333333333332,-0.36029040813446045,0.06223605420850927
UBFC_PHYS_s17_T3_ctrl,150,98,153.26666666666668,-0.9579034447669983,0.06318546652904165
UBFC_PHYS_s17_T3_ctrl,150,99,153.3,-1.4341771602630615,0.0740969442769239
UBFC_PHYS_s17_T3_ctrl,150,100,153.33333333333334,-1.543612003326416,0.07838088858494303
UBFC_PHYS_s17_T3_ctrl,150,101,153.36666666666667,-1.252718448638916,0.06499119949345965
UBFC_PHYS_s17_T3_ctrl,150,102,153.4,-0.8011666536331177,0.03144941892653341
UBFC_PHYS_s17_T3_ctrl,150,103,153.43333333333334,-0.4404263198375702,-0.015966275259834357
UBFC_PHYS_s17_T3_ctrl,150,104,153.46666666666667,-0.231143519282341,-0.064394751452626
UBFC_PHYS_s17_T3_ctrl,150,105,153.5,-0.07737995684146881,-0.09814551007810011
UBFC_PHYS_s17_T3_ctrl,150,106,153.53333333333333,0.19418784976005554,-0.10316238327281516
UBFC_PHYS_s17_T3_ctrl,150,107,153.56666666666666,0.6355323791503906,-0.07130507563500971
UBFC_PHYS_s17_T3_ctrl,150,108,153.6,1.0595526695251465,-0.0035281301689211865
UBFC_PHYS_s17_T3_ctrl,150,109,153.63333333333333,1.2562286853790283,0.08899484409996392
UBFC_PHYS_s17_T3_ctrl,150,110,153.66666666666666,1.215376377105713,0.18661560756351364
UBFC_PHYS_s17_T3_ctrl,150,111,153.7,1.0320916175842285,0.26598126519618775
UBFC_PHYS_s17_T3_ctrl,150,112,153.73333333333332,0.7612261176109314,0.3067434799569359
UBFC_PHYS_s17_T3_ctrl,150,113,153.76666666666668,0.44633620977401733,0.2978702121931441
UBFC_PHYS_s17_T3_ctrl,150,114,153.8,0.15927031636238098,0.24082491778430035
UBFC_PHYS_s17_T3_ctrl,150,115,153.83333333333334,-0.06754732877016068,0.147951995621229
UBFC_PHYS_s17_T3_ctrl,150,116,153.86666666666667,-0.24726200103759766,0.03671650857282643
UBFC_PHYS_s17_T3_ctrl,150,117,153.9,-0.37369319796562195,-0.07743145493425195
UBFC_PHYS_s17_T3_ctrl,150,118,153.93333333333334,-0.4391855299472809,-0.1862256858722976
UBFC_PHYS_s17_T3_ctrl,150,119,153.96666666666667,-0.49670639634132385,-0.2894928840433617
UBFC_PHYS_s17_T3_ctrl,150,120,154.0,-0.6125558018684387,-0.3914761670554819
UBFC_PHYS_s17_T3_ctrl,150,121,154.03333333333333,-0.7441959977149963,-0.4944072762072899
UBFC_PHYS_s17_T3_ctrl,150,122,154.06666666666666,-0.7140191793441772,-0.5926776085003267
UBFC_PHYS_s17_T3_ctrl,150,123,154.1,-0.4051224887371063,-0.6708345566327178
UBFC_PHYS_s17_T3_ctrl,150,124,154.13333333333333,0.05895410478115082,-0.7066695294133125
UBFC_PHYS_s17_T3_ctrl,150,125,154.16666666666666,0.4349701702594757,-0.6781881875017198
UBFC_PHYS_s17_T3_ctrl,150,126,154.2,0.6209473013877869,-0.5717549228639147
UBFC_PHYS_s17_T3_ctrl,150,127,154.23333333333332,0.6634851098060608,-0.38846976745788603
UBFC_PHYS_s17_T3_ctrl,150,128,154.26666666666668,0.6118637919425964,-0.14651327325902327
UBFC_PHYS_s17_T3_ctrl,150,129,154.3,0.5198819041252136,0.12144976613584785
UBFC_PHYS_s17_T3_ctrl,150,130,154.33333333333334,0.4788658320903778,0.37502400158465593
UBFC_PHYS_s17_T3_ctrl,150,131,154.36666666666667,0.521953821182251,0.574879562273327
UBFC_PHYS_s17_T3_ctrl,150,132,154.4,0.5771218538284302,0.6910880844876682
UBFC_PHYS_s17_T3_ctrl,150,133,154.43333333333334,0.569583535194397,0.7090638274870391
UBFC_PHYS_s17_T3_ctrl,150,134,154.46666666666667,0.4976063370704651,0.6322142827522536
UBFC_PHYS_s17_T3_ctrl,150,135,154.5,0.38317328691482544,0.4811676945980059
UBFC_PHYS_s17_T3_ctrl,150,136,154.53333333333333,0.24031925201416016,0.28963937089888264
UBFC_PHYS_s17_T3_ctrl,150,137,154.56666666666666,0.10289658606052399,0.09729069247341651
UBFC_PHYS_s17_T3_ctrl,150,138,154.6,-0.021579796448349953,-0.059135763275349654
UBFC_PHYS_s17_T3_ctrl,150,139,154.63333333333333,-0.1835489273071289,-0.15416807418418718
UBFC_PHYS_s17_T3_ctrl,150,140,154.66666666666666,-0.382132887840271,-0.17908455174890547
UBFC_PHYS_s17_T3_ctrl,150,141,154.7,-0.4745127558708191,-0.14292242798623822
UBFC_PHYS_s17_T3_ctrl,150,142,154.73333333333332,-0.32567721605300903,-0.06868587542769335
UBFC_PHYS_s17_T3_ctrl,150,143,154.76666666666668,-0.01406486053019762,0.01410125018063617
UBFC_PHYS_s17_T3_ctrl,150,144,154.8,0.24793954193592072,0.07808192766487265
UBFC_PHYS_s17_T3_ctrl,150,145,154.83333333333334,0.375506192445755,0.10517658892960652
UBFC_PHYS_s17_T3_ctrl,150,146,154.86666666666667,0.40492212772369385,0.09011226058558117
UBFC_PHYS_s17_T3_ctrl,150,147,154.9,0.36048799753189087,0.03987740342087977
UBFC_PHYS_s17_T3_ctrl,150,148,154.93333333333334,0.266750305891037,-0.029973387861825518
UBFC_PHYS_s17_T3_ctrl,150,149,154.96666666666667,0.19497211277484894,-0.10038993069567131
UBFC_PHYS_s17_T3_ctrl,150,150,155.0,0.19126147031784058,-0.15341713496702042
UBFC_PHYS_s17_T3_ctrl,150,151,155.03333333333333,0.22279611229896545,-0.17522027306186108
UBFC_PHYS_s17_T3_ctrl,150,152,155.06666666666666,0.22836793959140778,-0.15768711499964494
UBFC_PHYS_s17_T3_ctrl,150,153,155.1,0.17900580167770386,-0.0993799575785511
UBFC_PHYS_s17_T3_ctrl,150,154,155.13333333333333,0.0808551087975502,-0.00608339983664731
UBFC_PHYS_s17_T3_ctrl,150,155,155.16666666666666,-0.04612625017762184,0.10960069040217357
UBFC_PHYS_s17_T3_ctrl,150,156,155.2,-0.18638165295124054,0.2301724353268734
UBFC_PHYS_s17_T3_ctrl,150,157,155.23333333333332,-0.3322674036026001,0.3366025385863436
UBFC_PHYS_s17_T3_ctrl,150,158,155.26666666666668,-0.48803260922431946,0.4124417606437945
UBFC_PHYS_s17_T3_ctrl,150,159,155.3,-0.6145925521850586,0.4475057679487053
UBFC_PHYS_s17_T3_ctrl,150,160,155.33333333333334,-0.5893788933753967,0.4398080209728363
UBFC_PHYS_s17_T3_ctrl,150,161,155.36666666666667,-0.34215855598449707,0.3949107797709377
UBFC_PHYS_s17_T3_ctrl,150,162,155.4,0.009252512827515602,0.32304660351681713
UBFC_PHYS_s17_T3_ctrl,150,163,155.43333333333334,0.2931462228298187,0.23542827206056383
UBFC_PHYS_s17_T3_ctrl,150,164,155.46666666666667,0.4635784327983856,0.1413260872206426
UBFC_PHYS_s17_T3_ctrl,150,165,155.5,0.5541907548904419,0.0468214969961499
UBFC_PHYS_s17_T3_ctrl,150,166,155.53333333333333,0.581382691860199,-0.04479810605137055
UBFC_PHYS_s17_T3_ctrl,150,167,155.56666666666666,0.5842973589897156,-0.131757072985737
UBFC_PHYS_s17_T3_ctrl,150,168,155.6,0.6405774354934692,-0.21258256833414443
UBFC_PHYS_s17_T3_ctrl,150,169,155.63333333333333,0.7867206931114197,-0.28562025905092947
UBFC_PHYS_s17_T3_ctrl,150,170,155.66666666666666,0.9623033404350281,-0.34934536024824336
UBFC_PHYS_s17_T3_ctrl,150,171,155.7,1.0947043895721436,-0.4030817532756316
UBFC_PHYS_s17_T3_ctrl,150,172,155.73333333333332,1.2072995901107788,-0.4476325093526159
UBFC_PHYS_s17_T3_ctrl,150,173,155.76666666666668,1.374477744102478,-0.48538537581342306
UBFC_PHYS_s17_T3_ctrl,150,174,155.8,1.5609112977981567,-0.5195152225725623
UBFC_PHYS_s17_T3_ctrl,150,175,155.83333333333334,1.5987904071807861,-0.5521876031333057
UBFC_PHYS_s17_T3_ctrl,150,176,155.86666666666667,1.333344578742981,-0.5822985047438333
UBFC_PHYS_s17_T3_ctrl,150,177,155.9,0.7525991201400757,-0.6038211071938562
UBFC_PHYS_s17_T3_ctrl,150,178,155.93333333333334,0.06856432557106018,-0.6057727774894905
UBFC_PHYS_s17_T3_ctrl,150,179,155.96666666666667,-0.359389066696167,-0.5741683003722664
UBFC_PHYS_s17_T3_ctrl,150,180,156.0,-0.37376344203948975,-0.49550102008681685
UBFC_PHYS_s17_T3_ctrl,150,181,156.03333333333333,-0.20934785902500153,-0.36086896969124765
UBFC_PHYS_s17_T3_ctrl,150,182,156.06666666666666,-0.12069033831357956,-0.16999327674641945
UBFC_PHYS_s17_T3_ctrl,150,183,156.1,-0.09644822776317596,0.06561191253960426
UBFC_PHYS_s17_T3_ctrl,150,184,156.13333333333333,-0.1121453195810318,0.32157649046531067
UBFC_PHYS_s17_T3_ctrl,150,185,156.16666666666666,-0.23844775557518005,0.563215252782027
UBFC_PHYS_s17_T3_ctrl,150,186,156.2,-0.4923519492149353,0.7522354237651371
UBFC_PHYS_s17_T3_ctrl,150,187,156.23333333333332,-0.8428499698638916,0.8563066218318195
UBFC_PHYS_s17_T3_ctrl,150,188,156.26666666666668,-1.2755558490753174,0.8584054478500681
UBFC_PHYS_s17_T3_ctrl,150,189,156.3,-1.6951632499694824,0.7622714050976218
UBFC_PHYS_s17_T3_ctrl,150,190,156.33333333333334,-1.939667820930481,0.5915255747736111
UBFC_PHYS_s17_T3_ctrl,150,191,156.36666666666667,-1.9703831672668457,0.3825446566707199
UBFC_PHYS_s17_T3_ctrl,150,192,156.4,-1.8897087574005127,0.1738385918509225
UBFC_PHYS_s17_T3_ctrl,150,193,156.43333333333334,-1.7471356391906738,-0.0039646680906208
UBFC_PHYS_s17_T3_ctrl,150,194,156.46666666666667,-1.5061192512512207,-0.1340845544948043
UBFC_PHYS_s17_T3_ctrl,150,195,156.5,-1.2116438150405884,-0.21407671330695172
UBFC_PHYS_s17_T3_ctrl,150,196,156.53333333333333,-0.991416335105896,-0.2516119497542237
UBFC_PHYS_s17_T3_ctrl,150,197,156.56666666666666,-0.8489368557929993,-0.25796609406598975
UBFC_PHYS_s17_T3_ctrl,150,198,156.6,-0.6689178347587585,-0.2423360578978805
UBFC_PHYS_s17_T3_ctrl,150,199,156.63333333333333,-0.402816504240036,-0.20944455415160665
UBFC_PHYS_s17_T3_ctrl,150,200,156.66666666666666,-0.12449462711811066,-0.16100106830171196
UBFC_PHYS_s17_T3_ctrl,150,201,156.7,0.07534181326627731,-0.09939969641353803
UBFC_PHYS_s17_T3_ctrl,150,202,156.73333333333332,0.17562291026115417,-0.030775067939575337
UBFC_PHYS_s17_T3_ctrl,150,203,156.76666666666668,0.21082137525081635,0.03498969141002827
UBFC_PHYS_s17_T3_ctrl,150,204,156.8,0.22188307344913483,0.08765375539512144
UBFC_PHYS_s17_T3_ctrl,150,205,156.83333333333334,0.23937110602855682,0.12144931703439664
UBFC_PHYS_s17_T3_ctrl,150,206,156.86666666666667,0.2849406599998474,0.1383356927627702
UBFC_PHYS_s17_T3_ctrl,150,207,156.9,0.34851327538490295,0.14747177439129253
UBFC_PHYS_s17_T3_ctrl,150,208,156.93333333333334,0.3859708905220032,0.16088726191155767
UBFC_PHYS_s17_T3_ctrl,150,209,156.96666666666667,0.37432393431663513,0.1874447719592416
UBFC_PHYS_s17_T3_ctrl,150,210,157.0,0.32540661096572876,0.22795314121687796
UBFC_PHYS_s17_T3_ctrl,150,211,157.03333333333333,0.24078747630119324,0.2736696480009603
UBFC_PHYS_s17_T3_ctrl,150,212,157.06666666666666,0.12657682597637177,0.3089991757996889
UBFC_PHYS_s17_T3_ctrl,150,213,157.1,0.021578414365649223,0.31740749305936955
UBFC_PHYS_s17_T3_ctrl,150,214,157.13333333333333,-0.06230326369404793,0.28800319518747314
UBFC_PHYS_s17_T3_ctrl,150,215,157.16666666666666,-0.17482832074165344,0.21988724054164155
UBFC_PHYS_s17_T3_ctrl,150,216,157.2,-0.3549058735370636,0.12262549302310156
UBFC_PHYS_s17_T3_ctrl,150,217,157.23333333333332,-0.5595532655715942,0.01310403727154486
UBFC_PHYS_s17_T3_ctrl,150,218,157.26666666666668,-0.6715047359466553,-0.08967835646269523
UBFC_PHYS_s17_T3_ctrl,150,219,157.3,-0.6026880741119385,-0.17003559989731215
UBFC_PHYS_s17_T3_ctrl,150,220,157.33333333333334,-0.40724119544029236,-0.219804638514074
UBFC_PHYS_s17_T3_ctrl,150,221,157.36666666666667,-0.21338626742362976,-0.24045215822554267
UBFC_PHYS_s17_T3_ctrl,150,222,157.4,-0.07815252244472504,-0.24252935518401073
UBFC_PHYS_s17_T3_ctrl,150,223,157.43333333333334,0.006138847675174475,-0.2423207844082585
UBFC_PHYS_s17_T3_ctrl,150,224,157.46666666666667,0.030181962996721268,-0.2562828356341865
UBFC_PHYS_s17_T3_ctrl,150,225,157.5,0.004792714491486549,-0.2947351294344425
UBFC_PHYS_s17_T3_ctrl,150,226,157.53333333333333,0.004476665519177914,-0.35678795154050924
UBFC_PHYS_s17_T3_ctrl,150,227,157.56666666666666,0.07371474802494049,-0.428387412664817
UBFC_PHYS_s17_T3_ctrl,150,228,157.6,0.16450268030166626,-0.4846081631217514
UBFC_PHYS_s17_T3_ctrl,150,229,157.63333333333333,0.21303372085094452,-0.49613207247416047
UBFC_PHYS_s17_T3_ctrl,150,230,157.66666666666666,0.22649505734443665,-0.43853787259786053
UBFC_PHYS_s17_T3_ctrl,150,231,157.7,0.2597035765647888,-0.30187598049751263
UBFC_PHYS_s17_T3_ctrl,150,232,157.73333333333332,0.3117813766002655,-0.09734772830391068
UBFC_PHYS_s17_T3_ctrl,150,233,157.76666666666668,0.3146258294582367,0.14183798885563306
UBFC_PHYS_s17_T3_ctrl,150,234,157.8,0.262337327003479,0.3669161986408026
UBFC_PHYS_s17_T3_ctrl,150,235,157.83333333333334,0.24914520978927612,0.5262893924229103
UBFC_PHYS_s17_T3_ctrl,150,236,157.86666666666667,0.30891352891921997,0.580705135350142
UBFC_PHYS_s17_T3_ctrl,150,237,157.9,0.3478109538555145,0.5156257663270863
UBFC_PHYS_s17_T3_ctrl,150,238,157.93333333333334,0.30292031168937683,0.34647264402792105
UBFC_PHYS_s17_T3_ctrl,150,239,157.96666666666667,0.2966695725917816,0.11506990800906894
UBFC_PHYS_s17_T3_ctrl,151,0,151.0,1.1746997833251953,0.11183389032431242
UBFC_PHYS_s17_T3_ctrl,151,1,151.03333333333333,0.9488537311553955,0.11351843447272099
UBFC_PHYS_s17_T3_ctrl,151,2,151.06666666666666,0.4799310266971588,0.10362615231366656
UBFC_PHYS_s17_T3_ctrl,151,3,151.1,-0.024670051410794258,0.07510250496491687
UBFC_PHYS_s17_T3_ctrl,151,4,151.13333333333333,-0.4302542209625244,0.02697110340257976
UBFC_PHYS_s17_T3_ctrl,151,5,151.16666666666666,-0.7784228920936584,-0.035636408233309345
UBFC_PHYS_s17_T3_ctrl,151,6,151.2,-1.1513837575912476,-0.10336807741374675
UBFC_PHYS_s17_T3_ctrl,151,7,151.23333333333332,-1.4622353315353394,-0.16551635992237476
UBFC_PHYS_s17_T3_ctrl,151,8,151.26666666666668,-1.4776279926300049,-0.21274117144047996
UBFC_PHYS_s17_T3_ctrl,151,9,151.3,-1.0722311735153198,-0.23885148550343968
UBFC_PHYS_s17_T3_ctrl,151,10,151.33333333333334,-0.3799673616886139,-0.24153558769221584
UBFC_PHYS_s17_T3_ctrl,151,11,151.36666666666667,0.30049726366996765,-0.22242368793698686
UBFC_PHYS_s17_T3_ctrl,151,12,151.4,0.7351813316345215,-0.18677754502089397
UBFC_PHYS_s17_T3_ctrl,151,13,151.43333333333334,0.9075917601585388,-0.1427704325834251
UBFC_PHYS_s17_T3_ctrl,151,14,151.46666666666667,0.929352343082428,-0.10023941363245054
UBFC_PHYS_s17_T3_ctrl,151,15,151.5,0.9181735515594482,-0.06897534400592345
UBFC_PHYS_s17_T3_ctrl,151,16,151.53333333333333,0.977824866771698,-0.056845863962325015
UBFC_PHYS_s17_T3_ctrl,151,17,151.56666666666666,1.1122742891311646,-0.06821134843231176
UBFC_PHYS_s17_T3_ctrl,151,18,151.6,1.2125554084777832,-0.10312542682356551
UBFC_PHYS_s17_T3_ctrl,151,19,151.63333333333333,1.2226104736328125,-0.15760796460274648
UBFC_PHYS_s17_T3_ctrl,151,20,151.66666666666666,1.2033783197402954,-0.22485433459486062
UBFC_PHYS_s17_T3_ctrl,151,21,151.7,1.1636731624603271,-0.2968490450476402
UBFC_PHYS_s17_T3_ctrl,151,22,151.73333333333332,1.0154814720153809,-0.36573447150202476
UBFC_PHYS_s17_T3_ctrl,151,23,151.76666666666668,0.7611558437347412,-0.42446177933342716
UBFC_PHYS_s17_T3_ctrl,151,24,151.8,0.5285907983779907,-0.46659579796030254
UBFC_PHYS_s17_T3_ctrl,151,25,151.83333333333334,0.34161871671676636,-0.485528279875298
UBFC_PHYS_s17_T3_ctrl,151,26,151.86666666666667,0.08547879010438919,-0.47366412751936454
UBFC_PHYS_s17_T3_ctrl,151,27,151.9,-0.299527108669281,-0.42230172837999164
UBFC_PHYS_s17_T3_ctrl,151,28,151.93333333333334,-0.7108352780342102,-0.32286610905048907
UBFC_PHYS_s17_T3_ctrl,151,29,151.96666666666667,-0.9184792637825012,-0.1698184761732617
UBFC_PHYS_s17_T3_ctrl,151,30,152.0,-0.7138670086860657,0.035090156537786035
UBFC_PHYS_s17_T3_ctrl,151,31,152.03333333333333,-0.15409785509109497,0.27855091993123204
UBFC_PHYS_s17_T3_ctrl,151,32,152.06666666666666,0.4204787313938141,0.533700140213443
UBFC_PHYS_s17_T3_ctrl,151,33,152.1,0.8007790446281433,0.7626111235144282
UBFC_PHYS_s17_T3_ctrl,151,34,152.13333333333333,0.9941189289093018,0.9238749661214912
UBFC_PHYS_s17_T3_ctrl,151,35,152.16666666666666,1.0151536464691162,0.9835641930658036
UBFC_PHYS_s17_T3_ctrl,151,36,152.2,0.9052155613899231,0.9261487150188549
UBFC_PHYS_s17_T3_ctrl,151,37,152.23333333333332,0.8540508151054382,0.7613532705111107
UBFC_PHYS_s17_T3_ctrl,151,38,152.26666666666668,0.9820154309272766,0.5237165096077926
UBFC_PHYS_s17_T3_ctrl,151,39,152.3,1.1404260396957397,0.26399461649320455
UBFC_PHYS_s17_T3_ctrl,151,40,152.33333333333334,1.1756361722946167,0.03498489206283913
UBFC_PHYS_s17_T3_ctrl,151,41,152.36666666666667,1.1266369819641113,-0.12317816892421672
UBFC_PHYS_s17_T3_ctrl,151,42,152.4,1.0641529560089111,-0.19325663121019235
UBFC_PHYS_s17_T3_ctrl,151,43,152.43333333333334,0.9531964659690857,-0.18365336800148885
UBFC_PHYS_s17_T3_ctrl,151,44,152.46666666666667,0.7601491808891296,-0.1232028308534451
UBFC_PHYS_s17_T3_ctrl,151,45,152.5,0.5610384941101074,-0.05020730707178773
UBFC_PHYS_s17_T3_ctrl,151,46,152.53333333333333,0.4372176229953766,-0.0001213709831561667
UBFC_PHYS_s17_T3_ctrl,151,47,152.56666666666666,0.3300771117210388,0.003569040949842568
UBFC_PHYS_s17_T3_ctrl,151,48,152.6,0.13103662431240082,-0.04679250604963153
UBFC_PHYS_s17_T3_ctrl,151,49,152.63333333333333,-0.17126984894275665,-0.1436179026313759
UBFC_PHYS_s17_T3_ctrl,151,50,152.66666666666666,-0.4296572506427765,-0.2673070401771091
UBFC_PHYS_s17_T3_ctrl,151,51,152.7,-0.39974966645240784,-0.39089800434496624
UBFC_PHYS_s17_T3_ctrl,151,52,152.73333333333332,0.008831114508211613,-0.4855690543649639
UBFC_PHYS_s17_T3_ctrl,151,53,152.76666666666668,0.5715968608856201,-0.5265641746770685
UBFC_PHYS_s17_T3_ctrl,151,54,152.8,0.9939550161361694,-0.4988074453013424
UBFC_PHYS_s17_T3_ctrl,151,55,152.83333333333334,1.2027344703674316,-0.40105463671092456
UBFC_PHYS_s17_T3_ctrl,151,56,152.86666666666667,1.2254314422607422,-0.24729168772714447
UBFC_PHYS_s17_T3_ctrl,151,57,152.9,1.0726511478424072,-0.06445223648421691
UBFC_PHYS_s17_T3_ctrl,151,58,152.93333333333334,0.8394539952278137,0.11357725103370056
UBFC_PHYS_s17_T3_ctrl,151,59,152.96666666666667,0.7122034430503845,0.25440667733535804
UBFC_PHYS_s17_T3_ctrl,151,60,153.0,0.754881739616394,0.3355678626290654
UBFC_PHYS_s17_T3_ctrl,151,61,153.03333333333333,0.8183372616767883,0.35009102230782574
UBFC_PHYS_s17_T3_ctrl,151,62,153.06666666666666,0.7658731937408447,0.3073669626177604
UBFC_PHYS_s17_T3_ctrl,151,63,153.1,0.6420171856880188,0.22914979490605797
UBFC_PHYS_s17_T3_ctrl,151,64,153.13333333333333,0.5336944460868835,0.1421589749340927
UBFC_PHYS_s17_T3_ctrl,151,65,153.16666666666666,0.4038335084915161,0.06976501653406311
UBFC_PHYS_s17_T3_ctrl,151,66,153.2,0.12517216801643372,0.02549185795370292
UBFC_PHYS_s17_T3_ctrl,151,67,153.23333333333332,-0.36029040813446045,0.010383602443976106
UBFC_PHYS_s17_T3_ctrl,151,68,153.26666666666668,-0.9579034447669983,0.014801379738072915
UBFC_PHYS_s17_T3_ctrl,151,69,153.3,-1.4341771602630615,0.023575397844523192
UBFC_PHYS_s17_T3_ctrl,151,70,153.33333333333334,-1.543612003326416,0.022363567562377222
UBFC_PHYS_s17_T3_ctrl,151,71,153.36666666666667,-1.252718448638916,0.0029346712047240452
UBFC_PHYS_s17_T3_ctrl,151,72,153.4,-0.8011666536331177,-0.03417017662758169
UBFC_PHYS_s17_T3_ctrl,151,73,153.43333333333334,-0.4404263198375702,-0.08001808510815184
UBFC_PHYS_s17_T3_ctrl,151,74,153.46666666666667,-0.231143519282341,-0.12015963228828144
UBFC_PHYS_s17_T3_ctrl,151,75,153.5,-0.07737995684146881,-0.13893288412791874
UBFC_PHYS_s17_T3_ctrl,151,76,153.53333333333333,0.19418784976005554,-0.12405925006341703
UBFC_PHYS_s17_T3_ctrl,151,77,153.56666666666666,0.6355323791503906,-0.07054885625097433
UBFC_PHYS_s17_T3_ctrl,151,78,153.6,1.0595526695251465,0.016913608283896632
UBFC_PHYS_s17_T3_ctrl,151,79,153.63333333333333,1.2562286853790283,0.12382284419901973
UBFC_PHYS_s17_T3_ctrl,151,80,153.66666666666666,1.215376377105713,0.2284394673716947
UBFC_PHYS_s17_T3_ctrl,151,81,153.7,1.0320916175842285,0.30697284294522115
UBFC_PHYS_s17_T3_ctrl,151,82,153.73333333333332,0.7612261176109314,0.34015185408174575
UBFC_PHYS_s17_T3_ctrl,151,83,153.76666666666668,0.44633620977401733,0.3189362832570881
UBFC_PHYS_s17_T3_ctrl,151,84,153.8,0.15927031636238098,0.24687099303046947
UBFC_PHYS_s17_T3_ctrl,151,85,153.83333333333334,-0.06754732877016068,0.13776091528915457
UBFC_PHYS_s17_T3_ctrl,151,86,153.86666666666667,-0.24726200103759766,0.009703814562373717
UBFC_PHYS_s17_T3_ctrl,151,87,153.9,-0.37369319796562195,-0.12151994030100001
UBFC_PHYS_s17_T3_ctrl,151,88,153.93333333333334,-0.4391855299472809,-0.2465641256030816
UBFC_PHYS_s17_T3_ctrl,151,89,153.96666666666667,-0.49670639634132385,-0.36251468396355424
UBFC_PHYS_s17_T3_ctrl,151,90,154.0,-0.6125558018684387,-0.4692269021290598
UBFC_PHYS_s17_T3_ctrl,151,91,154.03333333333333,-0.7441959977149963,-0.5641356052522084
UBFC_PHYS_s17_T3_ctrl,151,92,154.06666666666666,-0.7140191793441772,-0.6383047280446738
UBFC_PHYS_s17_T3_ctrl,151,93,154.1,-0.4051224887371063,-0.6758854373125434
UBFC_PHYS_s17_T3_ctrl,151,94,154.13333333333333,0.05895410478115082,-0.6576369343991286
UBFC_PHYS_s17_T3_ctrl,151,95,154.16666666666666,0.4349701702594757,-0.5674641948520346
UBFC_PHYS_s17_T3_ctrl,151,96,154.2,0.6209473013877869,-0.3997341317919822
UBFC_PHYS_s17_T3_ctrl,151,97,154.23333333333332,0.6634851098060608,-0.16467783691585153
UBFC_PHYS_s17_T3_ctrl,151,98,154.26666666666668,0.6118637919425964,0.11047263533093651
UBFC_PHYS_s17_T3_ctrl,151,99,154.3,0.5198819041252136,0.38565939313591807
UBFC_PHYS_s17_T3_ctrl,151,100,154.33333333333334,0.4788658320903778,0.6165041552786005
UBFC_PHYS_s17_T3_ctrl,151,101,154.36666666666667,0.521953821182251,0.7644810940758144
UBFC_PHYS_s17_T3_ctrl,151,102,154.4,0.5771218538284302,0.8057160413462503
UBFC_PHYS_s17_T3_ctrl,151,103,154.43333333333334,0.569583535194397,0.7362167404561116
UBFC_PHYS_s17_T3_ctrl,151,104,154.46666666666667,0.4976063370704651,0.5726780143762129
UBFC_PHYS_s17_T3_ctrl,151,105,154.5,0.38317328691482544,0.34904531680346174
UBFC_PHYS_s17_T3_ctrl,151,106,154.53333333333333,0.24031925201416016,0.10949096259813836
UBFC_PHYS_s17_T3_ctrl,151,107,154.56666666666666,0.10289658606052399,-0.10105125122470975
UBFC_PHYS_s17_T3_ctrl,151,108,154.6,-0.021579796448349953,-0.24674832138407843
UBFC_PHYS_s17_T3_ctrl,151,109,154.63333333333333,-0.1835489273071289,-0.30854311202698
UBFC_PHYS_s17_T3_ctrl,151,110,154.66666666666666,-0.382132887840271,-0.28763155896775594
UBFC_PHYS_s17_T3_ctrl,151,111,154.7,-0.4745127558708191,-0.20394746494637112
UBFC_PHYS_s17_T3_ctrl,151,112,154.73333333333332,-0.32567721605300903,-0.09000275420865257
UBFC_PHYS_s17_T3_ctrl,151,113,154.76666666666668,-0.01406486053019762,0.018432402719858763
UBFC_PHYS_s17_T3_ctrl,151,114,154.8,0.24793954193592072,0.09214993007974596
UBFC_PHYS_s17_T3_ctrl,151,115,154.83333333333334,0.375506192445755,0.115722514523277
UBFC_PHYS_s17_T3_ctrl,151,116,154.86666666666667,0.40492212772369385,0.08995082033168623
UBFC_PHYS_s17_T3_ctrl,151,117,154.9,0.36048799753189087,0.029223023764673287
UBFC_PHYS_s17_T3_ctrl,151,118,154.93333333333334,0.266750305891037,-0.044713008986606864
UBFC_PHYS_s17_T3_ctrl,151,119,154.96666666666667,0.19497211277484894,-0.1099954305359661
UBFC_PHYS_s17_T3_ctrl,151,120,155.0,0.19126147031784058,-0.15035453053661235
UBFC_PHYS_s17_T3_ctrl,151,121,155.03333333333333,0.22279611229896545,-0.1577590062398353
UBFC_PHYS_s17_T3_ctrl,151,122,155.06666666666666,0.22836793959140778,-0.13203813468587897
UBFC_PHYS_s17_T3_ctrl,151,123,155.1,0.17900580167770386,-0.07869299586908511
UBFC_PHYS_s17_T3_ctrl,151,124,155.13333333333333,0.0808551087975502,-0.006301643931069757
UBFC_PHYS_s17_T3_ctrl,151,125,155.16666666666666,-0.04612625017762184,0.07562195279258202
UBFC_PHYS_s17_T3_ctrl,151,126,155.2,-0.18638165295124054,0.158104394094301
UBFC_PHYS_s17_T3_ctrl,151,127,155.23333333333332,-0.3322674036026001,0.2336432636954932
UBFC_PHYS_s17_T3_ctrl,151,128,155.26666666666668,-0.48803260922431946,0.2966607892888706
UBFC_PHYS_s17_T3_ctrl,151,129,155.3,-0.6145925521850586,0.3434219937435024
UBFC_PHYS_s17_T3_ctrl,151,130,155.33333333333334,-0.5893788933753967,0.37145028250902073
UBFC_PHYS_s17_T3_ctrl,151,131,155.36666666666667,-0.34215855598449707,0.37873147973847265
UBFC_PHYS_s17_T3_ctrl,151,132,155.4,0.009252512827515602,0.3631895187235342
UBFC_PHYS_s17_T3_ctrl,151,133,155.43333333333334,0.2931462228298187,0.322882981531014
UBFC_PHYS_s17_T3_ctrl,151,134,155.46666666666667,0.4635784327983856,0.2570660987205901
UBFC_PHYS_s17_T3_ctrl,151,135,155.5,0.5541907548904419,0.1677577969399736
UBFC_PHYS_s17_T3_ctrl,151,136,155.53333333333333,0.581382691860199,0.060995936732023
UBFC_PHYS_s17_T3_ctrl,151,137,155.56666666666666,0.5842973589897156,-0.05313107389083375
UBFC_PHYS_s17_T3_ctrl,151,138,155.6,0.6405774354934692,-0.16211688446868874
UBFC_PHYS_s17_T3_ctrl,151,139,155.63333333333333,0.7867206931114197,-0.2540134234160434
UBFC_PHYS_s17_T3_ctrl,151,140,155.66666666666666,0.9623033404350281,-0.32079886563406784
UBFC_PHYS_s17_T3_ctrl,151,141,155.7,1.0947043895721436,-0.3609716940551773
UBFC_PHYS_s17_T3_ctrl,151,142,155.73333333333332,1.2072995901107788,-0.38044893232763777
UBFC_PHYS_s17_T3_ctrl,151,143,155.76666666666668,1.374477744102478,-0.3913180030807113
UBFC_PHYS_s17_T3_ctrl,151,144,155.8,1.5609112977981567,-0.4084791896285082
UBFC_PHYS_s17_T3_ctrl,151,145,155.83333333333334,1.5987904071807861,-0.4447768739599878
UBFC_PHYS_s17_T3_ctrl,151,146,155.86666666666667,1.333344578742981,-0.5058622290997833
UBFC_PHYS_s17_T3_ctrl,151,147,155.9,0.7525991201400757,-0.5864212579828695
UBFC_PHYS_s17_T3_ctrl,151,148,155.93333333333334,0.06856432557106018,-0.6692033660946763
UBFC_PHYS_s17_T3_ctrl,151,149,155.96666666666667,-0.359389066696167,-0.7275393840842079
UBFC_PHYS_s17_T3_ctrl,151,150,156.0,-0.37376344203948975,-0.7310605593563236
UBFC_PHYS_s17_T3_ctrl,151,151,156.03333333333333,-0.20934785902500153,-0.6535251108124226
UBFC_PHYS_s17_T3_ctrl,151,152,156.06666666666666,-0.12069033831357956,-0.48118420189369193
UBFC_PHYS_s17_T3_ctrl,151,153,156.1,-0.09644822776317596,-0.2196636849853776
UBFC_PHYS_s17_T3_ctrl,151,154,156.13333333333333,-0.1121453195810318,0.10313965950341597
UBFC_PHYS_s17_T3_ctrl,151,155,156.16666666666666,-0.23844775557518005,0.44033576863521734
UBFC_PHYS_s17_T3_ctrl,151,156,156.2,-0.4923519492149353,0.7359152781999249
UBFC_PHYS_s17_T3_ctrl,151,157,156.23333333333332,-0.8428499698638916,0.9389292050052583
UBFC_PHYS_s17_T3_ctrl,151,158,156.26666666666668,-1.2755558490753174,1.0173482813635628
UBFC_PHYS_s17_T3_ctrl,151,159,156.3,-1.6951632499694824,0.9664765665845015
UBFC_PHYS_s17_T3_ctrl,151,160,156.33333333333334,-1.939667820930481,0.8087649425650089
UBFC_PHYS_s17_T3_ctrl,151,161,156.36666666666667,-1.9703831672668457,0.5853878984881273
UBFC_PHYS_s17_T3_ctrl,151,162,156.4,-1.8897087574005127,0.3432410345112921
UBFC_PHYS_s17_T3_ctrl,151,163,156.43333333333334,-1.7471356391906738,0.12245389112065108
UBFC_PHYS_s17_T3_ctrl,151,164,156.46666666666667,-1.5061192512512207,-0.051501620890326824
UBFC_PHYS_s17_T3_ctrl,151,165,156.5,-1.2116438150405884,-0.16948976770219448
UBFC_PHYS_s17_T3_ctrl,151,166,156.53333333333333,-0.991416335105896,-0.23500678004757083
UBFC_PHYS_s17_T3_ctrl,151,167,156.56666666666666,-0.8489368557929993,-0.25764355982716447
UBFC_PHYS_s17_T3_ctrl,151,168,156.6,-0.6689178347587585,-0.24697297824995285
UBFC_PHYS_s17_T3_ctrl,151,169,156.63333333333333,-0.402816504240036,-0.20949176736798453
UBFC_PHYS_s17_T3_ctrl,151,170,156.66666666666666,-0.12449462711811066,-0.14938536236845396
UBFC_PHYS_s17_T3_ctrl,151,171,156.7,0.07534181326627731,-0.0717098687361563
UBFC_PHYS_s17_T3_ctrl,151,172,156.73333333333332,0.17562291026115417,0.014735166492770315
UBFC_PHYS_s17_T3_ctrl,151,173,156.76666666666668,0.21082137525081635,0.09729356440152935
UBFC_PHYS_s17_T3_ctrl,151,174,156.8,0.22188307344913483,0.16275985279721433
UBFC_PHYS_s17_T3_ctrl,151,175,156.83333333333334,0.23937110602855682,0.20251442402511458
UBFC_PHYS_s17_T3_ctrl,151,176,156.86666666666667,0.2849406599998474,0.21652254285375663
UBFC_PHYS_s17_T3_ctrl,151,177,156.9,0.34851327538490295,0.2136120798326461
UBFC_PHYS_s17_T3_ctrl,151,178,156.93333333333334,0.3859708905220032,0.20746035508546665
UBFC_PHYS_s17_T3_ctrl,151,179,156.96666666666667,0.37432393431663513,0.21010202423272828
UBFC_PHYS_s17_T3_ctrl,151,180,157.0,0.32540661096572876,0.22607579595667396
UBFC_PHYS_s17_T3_ctrl,151,181,157.03333333333333,0.24078747630119324,0.24998195126960676
UBFC_PHYS_s17_T3_ctrl,151,182,157.06666666666666,0.12657682597637177,0.2685325817443354
UBFC_PHYS_s17_T3_ctrl,151,183,157.1,0.021578414365649223,0.26606738914939326
UBFC_PHYS_s17_T3_ctrl,151,184,157.13333333333333,-0.06230326369404793,0.23101881010158876
UBFC_PHYS_s17_T3_ctrl,151,185,157.16666666666666,-0.17482832074165344,0.16057793958635297
UBFC_PHYS_s17_T3_ctrl,151,186,157.2,-0.3549058735370636,0.06184223268871823
UBFC_PHYS_s17_T3_ctrl,151,187,157.23333333333332,-0.5595532655715942,-0.05064562332843442
UBFC_PHYS_s17_T3_ctrl,151,188,157.26666666666668,-0.6715047359466553,-0.15968153240740204
UBFC_PHYS_s17_T3_ctrl,151,189,157.3,-0.6026880741119385,-0.2506238940293732
UBFC_PHYS_s17_T3_ctrl,151,190,157.33333333333334,-0.40724119544029236,-0.31541443223378873
UBFC_PHYS_s17_T3_ctrl,151,191,157.36666666666667,-0.21338626742362976,-0.35442426211658873
UBFC_PHYS_s17_T3_ctrl,151,192,157.4,-0.07815252244472504,-0.37581568037435104
UBFC_PHYS_s17_T3_ctrl,151,193,157.43333333333334,0.006138847675174475,-0.3926736711822494
UBFC_PHYS_s17_T3_ctrl,151,194,157.46666666666667,0.030181962996721268,-0.41866742208399593
UBFC_PHYS_s17_T3_ctrl,151,195,157.5,0.004792714491486549,-0.4633415540710601
UBFC_PHYS_s17_T3_ctrl,151,196,157.53333333333333,0.004476665519177914,-0.5282073062768992
UBFC_PHYS_s17_T3_ctrl,151,197,157.56666666666666,0.07371474802494049,-0.6046873306275169
UBFC_PHYS_s17_T3_ctrl,151,198,157.6,0.16450268030166626,-0.6747164232406873
UBFC_PHYS_s17_T3_ctrl,151,199,157.63333333333333,0.21303372085094452,-0.7142654369391047
UBFC_PHYS_s17_T3_ctrl,151,200,157.66666666666666,0.22649505734443665,-0.6992009423067389
UBFC_PHYS_s17_T3_ctrl,151,201,157.7,0.2597035765647888,-0.612083885301762
UBFC_PHYS_s17_T3_ctrl,151,202,157.73333333333332,0.3117813766002655,-0.44814157127183224
UBFC_PHYS_s17_T3_ctrl,151,203,157.76666666666668,0.3146258294582367,-0.21874890324507304
UBFC_PHYS_s17_T3_ctrl,151,204,157.8,0.262337327003479,0.04879946688717669
UBFC_PHYS_s17_T3_ctrl,151,205,157.83333333333334,0.24914520978927612,0.31570393870723473
UBFC_PHYS_s17_T3_ctrl,151,206,157.86666666666667,0.30891352891921997,0.5397256288690677
UBFC_PHYS_s17_T3_ctrl,151,207,157.9,0.3478109538555145,0.6851726429912725
UBFC_PHYS_s17_T3_ctrl,151,208,157.93333333333334,0.30292031168937683,0.7320529789933217
UBFC_PHYS_s17_T3_ctrl,151,209,157.96666666666667,0.2966695725917816,0.6814587266508991
UBFC_PHYS_s17_T3_ctrl,151,210,158.0,0.5206544995307922,0.5553117098009762
UBFC_PHYS_s17_T3_ctrl,151,211,158.03333333333333,0.9489356279373169,0.3905019112042813
UBFC_PHYS_s17_T3_ctrl,151,212,158.06666666666666,1.340976595878601,0.2293321797454612
UBFC_PHYS_s17_T3_ctrl,151,213,158.1,1.6258418560028076,0.10925913414739126
UBFC_PHYS_s17_T3_ctrl,151,214,158.13333333333333,1.9702646732330322,0.05480954790493774
UBFC_PHYS_s17_T3_ctrl,151,215,158.16666666666666,2.4617791175842285,0.07349317603543774
UBFC_PHYS_s17_T3_ctrl,151,216,158.2,2.8150980472564697,0.15610924545848887
UBFC_PHYS_s17_T3_ctrl,151,217,158.23333333333332,2.511106014251709,0.28063321682097475
UBFC_PHYS_s17_T3_ctrl,151,218,158.26666666666668,1.480915904045105,0.41820119548067264
UBFC_PHYS_s17_T3_ctrl,151,219,158.3,0.513350248336792,0.5395268352210687
UBFC_PHYS_s17_T3_ctrl,151,220,158.33333333333334,0.2850225865840912,0.6202307056836188
UBFC_PHYS_s17_T3_ctrl,151,221,158.36666666666667,0.5652759075164795,0.6440481788362009
UBFC_PHYS_s17_T3_ctrl,151,222,158.4,0.7939313054084778,0.6036941720575846
UBFC_PHYS_s17_T3_ctrl,151,223,158.43333333333334,0.7958042025566101,0.5000297111425932
UBFC_PHYS_s17_T3_ctrl,151,224,158.46666666666667,0.6290709376335144,0.34068508412713633
UBFC_PHYS_s17_T3_ctrl,151,225,158.5,0.3269868493080139,0.13908053291945643
UBFC_PHYS_s17_T3_ctrl,151,226,158.53333333333333,-0.002921215957030654,-0.0860905081375244
UBFC_PHYS_s17_T3_ctrl,151,227,158.56666666666666,-0.24541254341602325,-0.3116626787664728
UBFC_PHYS_s17_T3_ctrl,151,228,158.6,-0.4780243933200836,-0.5119262430359159
UBFC_PHYS_s17_T3_ctrl,151,229,158.63333333333333,-0.8091732263565063,-0.6620236318187409
UBFC_PHYS_s17_T3_ctrl,151,230,158.66666666666666,-1.1459758281707764,-0.7425053603743912
UBFC_PHYS_s17_T3_ctrl,151,231,158.7,-1.3288626670837402,-0.7441235605660477
UBFC_PHYS_s17_T3_ctrl,151,232,158.73333333333332,-1.3312740325927734,-0.6714582725368387
UBFC_PHYS_s17_T3_ctrl,151,233,158.76666666666668,-1.187155842781067,-0.5437930327394613
UBFC_PHYS_s17_T3_ctrl,151,234,158.8,-0.9428267478942871,-0.39201934517883347
UBFC_PHYS_s17_T3_ctrl,151,235,158.83333333333334,-0.7184321284294128,-0.25145715342675334
UBFC_PHYS_s17_T3_ctrl,151,236,158.86666666666667,-0.634644091129303,-0.15216380624506035
UBFC_PHYS_s17_T3_ctrl,151,237,158.9,-0.7267547845840454,-0.1098101991471533
UBFC_PHYS_s17_T3_ctrl,151,238,158.93333333333334,-0.9645990133285522,-0.12061676809676536
UBFC_PHYS_s17_T3_ctrl,151,239,158.96666666666667,-1.2500377893447876,-0.16263920088838874
UBFC_PHYS_s17_T3_ctrl,152,0,152.0,-0.7138670086860657,0.00782327705760376
UBFC_PHYS_s17_T3_ctrl,152,1,152.03333333333333,-0.15409785509109497,0.2704484876188519
UBFC_PHYS_s17_T3_ctrl,152,2,152.06666666666666,0.4204787313938141,0.5032431800078822
UBFC_PHYS_s17_T3_ctrl,152,3,152.1,0.8007790446281433,0.6790260721709536
UBFC_PHYS_s17_T3_ctrl,152,4,152.13333333333333,0.9941189289093018,0.7766553463704244
UBFC_PHYS_s17_T3_ctrl,152,5,152.16666666666666,1.0151536464691162,0.7850670067380143
UBFC_PHYS_s17_T3_ctrl,152,6,152.2,0.9052155613899231,0.7069539399359062
UBFC_PHYS_s17_T3_ctrl,152,7,152.23333333333332,0.8540508151054382,0.5607567789059226
UBFC_PHYS_s17_T3_ctrl,152,8,152.26666666666668,0.9820154309272766,0.37906995563155127
UBFC_PHYS_s17_T3_ctrl,152,9,152.3,1.1404260396957397,0.20205500014738864
UBFC_PHYS_s17_T3_ctrl,152,10,152.33333333333334,1.1756361722946167,0.06687480044529331
UBFC_PHYS_s17_T3_ctrl,152,11,152.36666666666667,1.1266369819641113,-0.003207205134875155
UBFC_PHYS_s17_T3_ctrl,152,12,152.4,1.0641529560089111,-0.005738656613440399
UBFC_PHYS_s17_T3_ctrl,152,13,152.43333333333334,0.9531964659690857,0.0408429711019565
UBFC_PHYS_s17_T3_ctrl,152,14,152.46666666666667,0.7601491808891296,0.10413890307992739
UBFC_PHYS_s17_T3_ctrl,152,15,152.5,0.5610384941101074,0.1490483610084339
UBFC_PHYS_s17_T3_ctrl,152,16,152.53333333333333,0.4372176229953766,0.14879916295436568
UBFC_PHYS_s17_T3_ctrl,152,17,152.56666666666666,0.3300771117210388,0.09161912984465546
UBFC_PHYS_s17_T3_ctrl,152,18,152.6,0.13103662431240082,-0.0182817429231532
UBFC_PHYS_s17_T3_ctrl,152,19,152.63333333333333,-0.17126984894275665,-0.1638593393455004
UBFC_PHYS_s17_T3_ctrl,152,20,152.66666666666666,-0.4296572506427765,-0.3201183287645945
UBFC_PHYS_s17_T3_ctrl,152,21,152.7,-0.39974966645240784,-0.4591583094782989
UBFC_PHYS_s17_T3_ctrl,152,22,152.73333333333332,0.008831114508211613,-0.5548316211751101
UBFC_PHYS_s17_T3_ctrl,152,23,152.76666666666668,0.5715968608856201,-0.5869911923740667
UBFC_PHYS_s17_T3_ctrl,152,24,152.8,0.9939550161361694,-0.5452971865178851
UBFC_PHYS_s17_T3_ctrl,152,25,152.83333333333334,1.2027344703674316,-0.4321580483888006
UBFC_PHYS_s17_T3_ctrl,152,26,152.86666666666667,1.2254314422607422,-0.26390219721078895
UBFC_PHYS_s17_T3_ctrl,152,27,152.9,1.0726511478424072,-0.06904867484790833
UBFC_PHYS_s17_T3_ctrl,152,28,152.93333333333334,0.8394539952278137,0.11707318932763841
UBFC_PHYS_s17_T3_ctrl,152,29,152.96666666666667,0.7122034430503845,0.2607958271712691
UBFC_PHYS_s17_T3_ctrl,152,30,153.0,0.754881739616394,0.3392370851218658
UBFC_PHYS_s17_T3_ctrl,152,31,153.03333333333333,0.8183372616767883,0.3465862847176375
UBFC_PHYS_s17_T3_ctrl,152,32,153.06666666666666,0.7658731937408447,0.29493557149861205
UBFC_PHYS_s17_T3_ctrl,152,33,153.1,0.6420171856880188,0.2093145562609328
UBFC_PHYS_s17_T3_ctrl,152,34,153.13333333333333,0.5336944460868835,0.11893337769276462
UBFC_PHYS_s17_T3_ctrl,152,35,153.16666666666666,0.4038335084915161,0.04798271724692282
UBFC_PHYS_s17_T3_ctrl,152,36,153.2,0.12517216801643372,0.009203322020299089
UBFC_PHYS_s17_T3_ctrl,152,37,153.23333333333332,-0.36029040813446045,0.002086470486615938
UBFC_PHYS_s17_T3_ctrl,152,38,153.26666666666668,-0.9579034447669983,0.015698389129797322
UBFC_PHYS_s17_T3_ctrl,152,39,153.3,-1.4341771602630615,0.03447244641953899
UBFC_PHYS_s17_T3_ctrl,152,40,153.33333333333334,-1.543612003326416,0.044473013750381714
UBFC_PHYS_s17_T3_ctrl,152,41,153.36666666666667,-1.252718448638916,0.037918084583904096
UBFC_PHYS_s17_T3_ctrl,152,42,153.4,-0.8011666536331177,0.014935507115542226
UBFC_PHYS_s17_T3_ctrl,152,43,153.43333333333334,-0.4404263198375702,-0.017232730263483747
UBFC_PHYS_s17_T3_ctrl,152,44,153.46666666666667,-0.231143519282341,-0.046789027528044806
UBFC_PHYS_s17_T3_ctrl,152,45,153.5,-0.07737995684146881,-0.06089604907244369
UBFC_PHYS_s17_T3_ctrl,152,46,153.53333333333333,0.19418784976005554,-0.04943643281246594
UBFC_PHYS_s17_T3_ctrl,152,47,153.56666666666666,0.6355323791503906,-0.008310294701979477
UBFC_PHYS_s17_T3_ctrl,152,48,153.6,1.0595526695251465,0.0584828591081106
UBFC_PHYS_s17_T3_ctrl,152,49,153.63333333333333,1.2562286853790283,0.1387293219688545
UBFC_PHYS_s17_T3_ctrl,152,50,153.66666666666666,1.215376377105713,0.2143731151945977
UBFC_PHYS_s17_T3_ctrl,152,51,153.7,1.0320916175842285,0.26622242307831495
UBFC_PHYS_s17_T3_ctrl,152,52,153.73333333333332,0.7612261176109314,0.2797870004228691
UBFC_PHYS_s17_T3_ctrl,152,53,153.76666666666668,0.44633620977401733,0.25014734256611676
UBFC_PHYS_s17_T3_ctrl,152,54,153.8,0.15927031636238098,0.1836684327047796
UBFC_PHYS_s17_T3_ctrl,152,55,153.83333333333334,-0.06754732877016068,0.0954178873191293
UBFC_PHYS_s17_T3_ctrl,152,56,153.86666666666667,-0.24726200103759766,0.003042812793099126
UBFC_PHYS_s17_T3_ctrl,152,57,153.9,-0.37369319796562195,-0.08039204673793587
UBFC_PHYS_s17_T3_ctrl,152,58,153.93333333333334,-0.4391855299472809,-0.1514691956523302
UBFC_PHYS_s17_T3_ctrl,152,59,153.96666666666667,-0.49670639634132385,-0.21694027595172224
UBFC_PHYS_s17_T3_ctrl,152,60,154.0,-0.6125558018684387,-0.28899391685673476
UBFC_PHYS_s17_T3_ctrl,152,61,154.03333333333333,-0.7441959977149963,-0.3769588866761679
UBFC_PHYS_s17_T3_ctrl,152,62,154.06666666666666,-0.7140191793441772,-0.47930119004004823
UBFC_PHYS_s17_T3_ctrl,152,63,154.1,-0.4051224887371063,-0.5800872028580057
UBFC_PHYS_s17_T3_ctrl,152,64,154.13333333333333,0.05895410478115082,-0.6518707526018488
UBFC_PHYS_s17_T3_ctrl,152,65,154.16666666666666,0.4349701702594757,-0.6638868497102061
UBFC_PHYS_s17_T3_ctrl,152,66,154.2,0.6209473013877869,-0.5925228869134266
UBFC_PHYS_s17_T3_ctrl,152,67,154.23333333333332,0.6634851098060608,-0.43059872479064204
UBFC_PHYS_s17_T3_ctrl,152,68,154.26666666666668,0.6118637919425964,-0.19246705602075176
UBFC_PHYS_s17_T3_ctrl,152,69,154.3,0.5198819041252136,0.08692740255188017
UBFC_PHYS_s17_T3_ctrl,152,70,154.33333333333334,0.4788658320903778,0.35923213775558777
UBFC_PHYS_s17_T3_ctrl,152,71,154.36666666666667,0.521953821182251,0.5743722272690891
UBFC_PHYS_s17_T3_ctrl,152,72,154.4,0.5771218538284302,0.6933177156401672
UBFC_PHYS_s17_T3_ctrl,152,73,154.43333333333334,0.569583535194397,0.6980054995091072
UBFC_PHYS_s17_T3_ctrl,152,74,154.46666666666667,0.4976063370704651,0.595569202209555
UBFC_PHYS_s17_T3_ctrl,152,75,154.5,0.38317328691482544,0.4159291905840352
UBFC_PHYS_s17_T3_ctrl,152,76,154.53333333333333,0.24031925201416016,0.20355268031536503
UBFC_PHYS_s17_T3_ctrl,152,77,154.56666666666666,0.10289658606052399,0.0056704851939802904
UBFC_PHYS_s17_T3_ctrl,152,78,154.6,-0.021579796448349953,-0.1396218054908635
UBFC_PHYS_s17_T3_ctrl,152,79,154.63333333333333,-0.1835489273071289,-0.21185746688213092
UBFC_PHYS_s17_T3_ctrl,152,80,154.66666666666666,-0.382132887840271,-0.2111278256297044
UBFC_PHYS_s17_T3_ctrl,152,81,154.7,-0.4745127558708191,-0.1552746279244587
UBFC_PHYS_s17_T3_ctrl,152,82,154.73333333333332,-0.32567721605300903,-0.07273590509554378
UBFC_PHYS_s17_T3_ctrl,152,83,154.76666666666668,-0.01406486053019762,0.0066406436259498405
UBFC_PHYS_s17_T3_ctrl,152,84,154.8,0.24793954193592072,0.060099317568114374
UBFC_PHYS_s17_T3_ctrl,152,85,154.83333333333334,0.375506192445755,0.07734644498181786
UBFC_PHYS_s17_T3_ctrl,152,86,154.86666666666667,0.40492212772369385,0.06140862732341227
UBFC_PHYS_s17_T3_ctrl,152,87,154.9,0.36048799753189087,0.02517964019002773
UBFC_PHYS_s17_T3_ctrl,152,88,154.93333333333334,0.266750305891037,-0.014613211558181554
UBFC_PHYS_s17_T3_ctrl,152,89,154.96666666666667,0.19497211277484894,-0.04344920686610853
UBFC_PHYS_s17_T3_ctrl,152,90,155.0,0.19126147031784058,-0.05275250382313998
UBFC_PHYS_s17_T3_ctrl,152,91,155.03333333333333,0.22279611229896545,-0.0403502376048451
UBFC_PHYS_s17_T3_ctrl,152,92,155.06666666666666,0.22836793959140778,-0.008440957993622331
UBFC_PHYS_s17_T3_ctrl,152,93,155.1,0.17900580167770386,0.03905997820366145
UBFC_PHYS_s17_T3_ctrl,152,94,155.13333333333333,0.0808551087975502,0.09822410868739402
UBFC_PHYS_s17_T3_ctrl,152,95,155.16666666666666,-0.04612625017762184,0.16537483350570786
UBFC_PHYS_s17_T3_ctrl,152,96,155.2,-0.18638165295124054,0.23634662825024386
UBFC_PHYS_s17_T3_ctrl,152,97,155.23333333333332,-0.3322674036026001,0.305566929113168
UBFC_PHYS_s17_T3_ctrl,152,98,155.26666666666668,-0.48803260922431946,0.3657225321229941
UBFC_PHYS_s17_T3_ctrl,152,99,155.3,-0.6145925521850586,0.408386521845053
UBFC_PHYS_s17_T3_ctrl,152,100,155.33333333333334,-0.5893788933753967,0.4254734734690385
UBFC_PHYS_s17_T3_ctrl,152,101,155.36666666666667,-0.34215855598449707,0.4109928113857491
UBFC_PHYS_s17_T3_ctrl,152,102,155.4,0.009252512827515602,0.3624588024296691
UBFC_PHYS_s17_T3_ctrl,152,103,155.43333333333334,0.2931462228298187,0.2815349024724964
UBFC_PHYS_s17_T3_ctrl,152,104,155.46666666666667,0.4635784327983856,0.17389195353172104
UBFC_PHYS_s17_T3_ctrl,152,105,155.5,0.5541907548904419,0.04850786816414327
UBFC_PHYS_s17_T3_ctrl,152,106,155.53333333333333,0.581382691860199,-0.08344376989567805
UBFC_PHYS_s17_T3_ctrl,152,107,155.56666666666666,0.5842973589897156,-0.21011100825639079
UBFC_PHYS_s17_T3_ctrl,152,108,155.6,0.6405774354934692,-0.32078823689173375
UBFC_PHYS_s17_T3_ctrl,152,109,155.63333333333333,0.7867206931114197,-0.4077110631869425
UBFC_PHYS_s17_T3_ctrl,152,110,155.66666666666666,0.9623033404350281,-0.46735707115642144
UBFC_PHYS_s17_T3_ctrl,152,111,155.7,1.0947043895721436,-0.5009018066508009
UBFC_PHYS_s17_T3_ctrl,152,112,155.73333333333332,1.2072995901107788,-0.5137653775580951
UBFC_PHYS_s17_T3_ctrl,152,113,155.76666666666668,1.374477744102478,-0.5143863486332576
UBFC_PHYS_s17_T3_ctrl,152,114,155.8,1.5609112977981567,-0.5123328771938375
UBFC_PHYS_s17_T3_ctrl,152,115,155.83333333333334,1.5987904071807861,-0.5158278151471409
UBFC_PHYS_s17_T3_ctrl,152,116,155.86666666666667,1.333344578742981,-0.528975443526075
UBFC_PHYS_s17_T3_ctrl,152,117,155.9,0.7525991201400757,-0.5493629379868591
UBFC_PHYS_s17_T3_ctrl,152,118,155.93333333333334,0.06856432557106018,-0.566982918061484
UBFC_PHYS_s17_T3_ctrl,152,119,155.96666666666667,-0.359389066696167,-0.565283273624636
UBFC_PHYS_s17_T3_ctrl,152,120,156.0,-0.37376344203948975,-0.5245579440149768
UBFC_PHYS_s17_T3_ctrl,152,121,156.03333333333333,-0.20934785902500153,-0.42725565924428055
UBFC_PHYS_s17_T3_ctrl,152,122,156.06666666666666,-0.12069033831357956,-0.2643523593342047
UBFC_PHYS_s17_T3_ctrl,152,123,156.1,-0.09644822776317596,-0.04128098316258711
UBFC_PHYS_s17_T3_ctrl,152,124,156.13333333333333,-0.1121453195810318,0.21902452694499866
UBFC_PHYS_s17_T3_ctrl,152,125,156.16666666666666,-0.23844775557518005,0.478474594749413
UBFC_PHYS_s17_T3_ctrl,152,126,156.2,-0.4923519492149353,0.6922994889114787
UBFC_PHYS_s17_T3_ctrl,152,127,156.23333333333332,-0.8428499698638916,0.8215049447452922
UBFC_PHYS_s17_T3_ctrl,152,128,156.26666666666668,-1.2755558490753174,0.8447828458769601
UBFC_PHYS_s17_T3_ctrl,152,129,156.3,-1.6951632499694824,0.7650053084994102
UBFC_PHYS_s17_T3_ctrl,152,130,156.33333333333334,-1.939667820930481,0.6075977505206709
UBFC_PHYS_s17_T3_ctrl,152,131,156.36666666666667,-1.9703831672668457,0.4116412669546092
UBFC_PHYS_s17_T3_ctrl,152,132,156.4,-1.8897087574005127,0.21760582354176045
UBFC_PHYS_s17_T3_ctrl,152,133,156.43333333333334,-1.7471356391906738,0.05660377247370255
UBFC_PHYS_s17_T3_ctrl,152,134,156.46666666666667,-1.5061192512512207,-0.05538016385710229
UBFC_PHYS_s17_T3_ctrl,152,135,156.5,-1.2116438150405884,-0.11737321664042052
UBFC_PHYS_s17_T3_ctrl,152,136,156.53333333333333,-0.991416335105896,-0.13861941567946504
UBFC_PHYS_s17_T3_ctrl,152,137,156.56666666666666,-0.8489368557929993,-0.13163505126840466
UBFC_PHYS_s17_T3_ctrl,152,138,156.6,-0.6689178347587585,-0.10622808485526315
UBFC_PHYS_s17_T3_ctrl,152,139,156.63333333333333,-0.402816504240036,-0.06699368575903807
UBFC_PHYS_s17_T3_ctrl,152,140,156.66666666666666,-0.12449462711811066,-0.014886811303745128
UBFC_PHYS_s17_T3_ctrl,152,141,156.7,0.07534181326627731,0.048775597706340636
UBFC_PHYS_s17_T3_ctrl,152,142,156.73333333333332,0.17562291026115417,0.11880488647261818
UBFC_PHYS_s17_T3_ctrl,152,143,156.76666666666668,0.21082137525081635,0.18559981032933337
UBFC_PHYS_s17_T3_ctrl,152,144,156.8,0.22188307344913483,0.2380900221622065
UBFC_PHYS_s17_T3_ctrl,152,145,156.83333333333334,0.23937110602855682,0.26843352006906107
UBFC_PHYS_s17_T3_ctrl,152,146,156.86666666666667,0.2849406599998474,0.27560985934489024
UBFC_PHYS_s17_T3_ctrl,152,147,156.9,0.34851327538490295,0.2657051837866502
UBFC_PHYS_s17_T3_ctrl,152,148,156.93333333333334,0.3859708905220032,0.24871056076045897
UBFC_PHYS_s17_T3_ctrl,152,149,156.96666666666667,0.37432393431663513,0.233603599319983
UBFC_PHYS_s17_T3_ctrl,152,150,157.0,0.32540661096572876,0.22410824887481592
UBFC_PHYS_s17_T3_ctrl,152,151,157.03333333333333,0.24078747630119324,0.21692306324428354
UBFC_PHYS_s17_T3_ctrl,152,152,157.06666666666666,0.12657682597637177,0.20308205041902802
UBFC_PHYS_s17_T3_ctrl,152,153,157.1,0.021578414365649223,0.17187219686355498
UBFC_PHYS_s17_T3_ctrl,152,154,157.13333333333333,-0.06230326369404793,0.11567883805243848
UBFC_PHYS_s17_T3_ctrl,152,155,157.16666666666666,-0.17482832074165344,0.03372354699536453
UBFC_PHYS_s17_T3_ctrl,152,156,157.2,-0.3549058735370636,-0.06683600709975938
UBFC_PHYS_s17_T3_ctrl,152,157,157.23333333333332,-0.5595532655715942,-0.17281240747222698
UBFC_PHYS_s17_T3_ctrl,152,158,157.26666666666668,-0.6715047359466553,-0.269031761939386
UBFC_PHYS_s17_T3_ctrl,152,159,157.3,-0.6026880741119385,-0.34295432452057667
UBFC_PHYS_s17_T3_ctrl,152,160,157.33333333333334,-0.40724119544029236,-0.3884206746846427
UBFC_PHYS_s17_T3_ctrl,152,161,157.36666666666667,-0.21338626742362976,-0.40758219983749777
UBFC_PHYS_s17_T3_ctrl,152,162,157.4,-0.07815252244472504,-0.41052414747068783
UBFC_PHYS_s17_T3_ctrl,152,163,157.43333333333334,0.006138847675174475,-0.41251106987144565
UBFC_PHYS_s17_T3_ctrl,152,164,157.46666666666667,0.030181962996721268,-0.4293481957384577
UBFC_PHYS_s17_T3_ctrl,152,165,157.5,0.004792714491486549,-0.4719333594294061
UBFC_PHYS_s17_T3_ctrl,152,166,157.53333333333333,0.004476665519177914,-0.5414406591987303
UBFC_PHYS_s17_T3_ctrl,152,167,157.56666666666666,0.07371474802494049,-0.6266356219398669
UBFC_PHYS_s17_T3_ctrl,152,168,157.6,0.16450268030166626,-0.70452955101564
UBFC_PHYS_s17_T3_ctrl,152,169,157.63333333333333,0.21303372085094452,-0.7448702433694316
UBFC_PHYS_s17_T3_ctrl,152,170,157.66666666666666,0.22649505734443665,-0.7178789092594888
UBFC_PHYS_s17_T3_ctrl,152,171,157.7,0.2597035765647888,-0.603454530456559
UBFC_PHYS_s17_T3_ctrl,152,172,157.73333333333332,0.3117813766002655,-0.3991811771418062
UBFC_PHYS_s17_T3_ctrl,152,173,157.76666666666668,0.3146258294582367,-0.12425634348781514
UBFC_PHYS_s17_T3_ctrl,152,174,157.8,0.262337327003479,0.18277844022582473
UBFC_PHYS_s17_T3_ctrl,152,175,157.83333333333334,0.24914520978927612,0.4726889090255918
UBFC_PHYS_s17_T3_ctrl,152,176,157.86666666666667,0.30891352891921997,0.6981405477560811
UBFC_PHYS_s17_T3_ctrl,152,177,157.9,0.3478109538555145,0.8259533056103158
UBFC_PHYS_s17_T3_ctrl,152,178,157.93333333333334,0.30292031168937683,0.8449008001861319
UBFC_PHYS_s17_T3_ctrl,152,179,157.96666666666667,0.2966695725917816,0.7668311801188182
UBFC_PHYS_s17_T3_ctrl,152,180,158.0,0.5206544995307922,0.6214113273405909
UBFC_PHYS_s17_T3_ctrl,152,181,158.03333333333333,0.9489356279373169,0.446892825936765
UBFC_PHYS_s17_T3_ctrl,152,182,158.06666666666666,1.340976595878601,0.28024992230101275
UBFC_PHYS_s17_T3_ctrl,152,183,158.1,1.6258418560028076,0.14962751269909141
UBFC_PHYS_s17_T3_ctrl,152,184,158.13333333333333,1.9702646732330322,0.07060082195964458
UBFC_PHYS_s17_T3_ctrl,152,185,158.16666666666666,2.4617791175842285,0.046108098741459755
UBFC_PHYS_s17_T3_ctrl,152,186,158.2,2.8150980472564697,0.06885317684361456
UBFC_PHYS_s17_T3_ctrl,152,187,158.23333333333332,2.511106014251709,0.12475590325702338
UBFC_PHYS_s17_T3_ctrl,152,188,158.26666666666668,1.480915904045105,0.1964368498798757
UBFC_PHYS_s17_T3_ctrl,152,189,158.3,0.513350248336792,0.26624095091287425
UBFC_PHYS_s17_T3_ctrl,152,190,158.33333333333334,0.2850225865840912,0.31855638709011175
UBFC_PHYS_s17_T3_ctrl,152,191,158.36666666666667,0.5652759075164795,0.3412839732668897
UBFC_PHYS_s17_T3_ctrl,152,192,158.4,0.7939313054084778,0.32652005081963786
UBFC_PHYS_s17_T3_ctrl,152,193,158.43333333333334,0.7958042025566101,0.27083454367276005
UBFC_PHYS_s17_T3_ctrl,152,194,158.46666666666667,0.6290709376335144,0.17569107801935102
UBFC_PHYS_s17_T3_ctrl,152,195,158.5,0.3269868493080139,0.04815933072987935
UBFC_PHYS_s17_T3_ctrl,152,196,158.53333333333333,-0.002921215957030654,-0.09880772823268634
UBFC_PHYS_s17_T3_ctrl,152,197,158.56666666666666,-0.24541254341602325,-0.2476120411198624
UBFC_PHYS_s17_T3_ctrl,152,198,158.6,-0.4780243933200836,-0.37901491555277517
UBFC_PHYS_s17_T3_ctrl,152,199,158.63333333333333,-0.8091732263565063,-0.475979928994581
UBFC_PHYS_s17_T3_ctrl,152,200,158.66666666666666,-1.1459758281707764,-0.5270007692837231
UBFC_PHYS_s17_T3_ctrl,152,201,158.7,-1.3288626670837402,-0.5279290390459173
UBFC_PHYS_s17_T3_ctrl,152,202,158.73333333333332,-1.3312740325927734,-0.48198112440252106
UBFC_PHYS_s17_T3_ctrl,152,203,158.76666666666668,-1.187155842781067,-0.39824194838766286
UBFC_PHYS_s17_T3_ctrl,152,204,158.8,-0.9428267478942871,-0.28940155634963144
UBFC_PHYS_s17_T3_ctrl,152,205,158.83333333333334,-0.7184321284294128,-0.1694702546057857
UBFC_PHYS_s17_T3_ctrl,152,206,158.86666666666667,-0.634644091129303,-0.05186400913990712
UBFC_PHYS_s17_T3_ctrl,152,207,158.9,-0.7267547845840454,0.05204186432620642
UBFC_PHYS_s17_T3_ctrl,152,208,158.93333333333334,-0.9645990133285522,0.13377814768991328
UBFC_PHYS_s17_T3_ctrl,152,209,158.96666666666667,-1.2500377893447876,0.1880255640003525
UBFC_PHYS_s17_T3_ctrl,152,210,159.0,-1.4167243242263794,0.21260548945447927
UBFC_PHYS_s17_T3_ctrl,152,211,159.03333333333333,-1.367760181427002,0.208720103854238
UBFC_PHYS_s17_T3_ctrl,152,212,159.06666666666666,-1.199598789215088,0.18134650342231323
UBFC_PHYS_s17_T3_ctrl,152,213,159.1,-1.0212419033050537,0.1390238030331126
UBFC_PHYS_s17_T3_ctrl,152,214,159.13333333333333,-0.8351711630821228,0.09236905144419441
UBFC_PHYS_s17_T3_ctrl,152,215,159.16666666666666,-0.6363765001296997,0.051474036735751356
UBFC_PHYS_s17_T3_ctrl,152,216,159.2,-0.4778839349746704,0.023216602842431718
UBFC_PHYS_s17_T3_ctrl,152,217,159.23333333333332,-0.3815944194793701,0.009710082214309116
UBFC_PHYS_s17_T3_ctrl,152,218,159.26666666666668,-0.3048180043697357,0.008383049539707824
UBFC_PHYS_s17_T3_ctrl,152,219,159.3,-0.22413192689418793,0.013252794481612611
UBFC_PHYS_s17_T3_ctrl,152,220,159.33333333333334,-0.17248721420764923,0.01663352462347003
UBFC_PHYS_s17_T3_ctrl,152,221,159.36666666666667,-0.18050548434257507,0.01079462057055868
UBFC_PHYS_s17_T3_ctrl,152,222,159.4,-0.25082048773765564,-0.010498421073067234
UBFC_PHYS_s17_T3_ctrl,152,223,159.43333333333334,-0.3682033121585846,-0.050425273461637034
UBFC_PHYS_s17_T3_ctrl,152,224,159.46666666666667,-0.4673723876476288,-0.10754813364618065
UBFC_PHYS_s17_T3_ctrl,152,225,159.5,-0.43539294600486755,-0.1746450196452024
UBFC_PHYS_s17_T3_ctrl,152,226,159.53333333333333,-0.24309484660625458,-0.2386709742821024
UBFC_PHYS_s17_T3_ctrl,152,227,159.56666666666666,-0.014357497915625572,-0.2825332641687398
UBFC_PHYS_s17_T3_ctrl,152,228,159.6,0.14736580848693848,-0.2888106725259393
UBFC_PHYS_s17_T3_ctrl,152,229,159.63333333333333,0.23855172097682953,-0.2447059245840873
UBFC_PHYS_s17_T3_ctrl,152,230,159.66666666666666,0.2801062762737274,-0.14680196947543112
UBFC_PHYS_s17_T3_ctrl,152,231,159.7,0.28741052746772766,-0.003945703099815692
UBFC_PHYS_s17_T3_ctrl,152,232,159.73333333333332,0.3230186700820923,0.16301034819986304
UBFC_PHYS_s17_T3_ctrl,152,233,159.76666666666668,0.4720180928707123,0.32487395624350307
UBFC_PHYS_s17_T3_ctrl,152,234,159.8,0.7127067446708679,0.45023625865187283
UBFC_PHYS_s17_T3_ctrl,152,235,159.83333333333334,0.9076971411705017,0.5123673713047321
UBFC_PHYS_s17_T3_ctrl,152,236,159.86666666666667,0.9722647070884705,0.4952962428821727
UBFC_PHYS_s17_T3_ctrl,152,237,159.9,0.9522014856338501,0.3978895110618309
UBFC_PHYS_s17_T3_ctrl,152,238,159.93333333333334,0.902991533279419,0.2349495715879317
UBFC_PHYS_s17_T3_ctrl,152,239,159.96666666666667,0.7831856608390808,0.034715543517371626
UBFC_PHYS_s17_T3_ctrl,153,0,153.0,0.754881739616394,-0.06392073888975311
UBFC_PHYS_s17_T3_ctrl,153,1,153.03333333333333,0.8183372616767883,0.22698722931177917
UBFC_PHYS_s17_T3_ctrl,153,2,153.06666666666666,0.7658731937408447,0.4748066282161628
UBFC_PHYS_s17_T3_ctrl,153,3,153.1,0.6420171856880188,0.6451410851869953
UBFC_PHYS_s17_T3_ctrl,153,4,153.13333333333333,0.5336944460868835,0.7215186722855093
UBFC_PHYS_s17_T3_ctrl,153,5,153.16666666666666,0.4038335084915161,0.7074907867574484
UBFC_PHYS_s17_T3_ctrl,153,6,153.2,0.12517216801643372,0.6227673775887103
UBFC_PHYS_s17_T3_ctrl,153,7,153.23333333333332,-0.36029040813446045,0.4953520561565295
UBFC_PHYS_s17_T3_ctrl,153,8,153.26666666666668,-0.9579034447669983,0.35301640822648767
UBFC_PHYS_s17_T3_ctrl,153,9,153.3,-1.4341771602630615,0.21710491254648875
UBFC_PHYS_s17_T3_ctrl,153,10,153.33333333333334,-1.543612003326416,0.1001405502008182
UBFC_PHYS_s17_T3_ctrl,153,11,153.36666666666667,-1.252718448638916,0.006920624197187787
UBFC_PHYS_s17_T3_ctrl,153,12,153.4,-0.8011666536331177,-0.06241902844551829
UBFC_PHYS_s17_T3_ctrl,153,13,153.43333333333334,-0.4404263198375702,-0.10916193325883804
UBFC_PHYS_s17_T3_ctrl,153,14,153.46666666666667,-0.231143519282341,-0.1338493051038245
UBFC_PHYS_s17_T3_ctrl,153,15,153.5,-0.07737995684146881,-0.13567154642720883
UBFC_PHYS_s17_T3_ctrl,153,16,153.53333333333333,0.19418784976005554,-0.11332376648786456
UBFC_PHYS_s17_T3_ctrl,153,17,153.56666666666666,0.6355323791503906,-0.06689787821746064
UBFC_PHYS_s17_T3_ctrl,153,18,153.6,1.0595526695251465,-8.109650845352333e-05
UBFC_PHYS_s17_T3_ctrl,153,19,153.63333333333333,1.2562286853790283,0.07834682741114565
UBFC_PHYS_s17_T3_ctrl,153,20,153.66666666666666,1.215376377105713,0.1547759625832311
UBFC_PHYS_s17_T3_ctrl,153,21,153.7,1.0320916175842285,0.21334082375843916
UBFC_PHYS_s17_T3_ctrl,153,22,153.73333333333332,0.7612261176109314,0.24025172506492906
UBFC_PHYS_s17_T3_ctrl,153,23,153.76666666666668,0.44633620977401733,0.22817643285830463
UBFC_PHYS_s17_T3_ctrl,153,24,153.8,0.15927031636238098,0.1785407798118308
UBFC_PHYS_s17_T3_ctrl,153,25,153.83333333333334,-0.06754732877016068,0.10038871969865293
UBFC_PHYS_s17_T3_ctrl,153,26,153.86666666666667,-0.24726200103759766,0.006190898367966928
UBFC_PHYS_s17_T3_ctrl,153,27,153.9,-0.37369319796562195,-0.09335442160244238
UBFC_PHYS_s17_T3_ctrl,153,28,153.93333333333334,-0.4391855299472809,-0.19297639699460994
UBFC_PHYS_s17_T3_ctrl,153,29,153.96666666666667,-0.49670639634132385,-0.2931950892886685
UBFC_PHYS_s17_T3_ctrl,153,30,154.0,-0.6125558018684387,-0.39724161586629475
UBFC_PHYS_s17_T3_ctrl,153,31,154.03333333333333,-0.7441959977149963,-0.5059831788285777
UBFC_PHYS_s17_T3_ctrl,153,32,154.06666666666666,-0.7140191793441772,-0.6132054167025532
UBFC_PHYS_s17_T3_ctrl,153,33,154.1,-0.4051224887371063,-0.7035069581242382
UBFC_PHYS_s17_T3_ctrl,153,34,154.13333333333333,0.05895410478115082,-0.7540760150987733
UBFC_PHYS_s17_T3_ctrl,153,35,154.16666666666666,0.4349701702594757,-0.7401987467400841
UBFC_PHYS_s17_T3_ctrl,153,36,154.2,0.6209473013877869,-0.643030714106383
UBFC_PHYS_s17_T3_ctrl,153,37,154.23333333333332,0.6634851098060608,-0.45731895692398233
UBFC_PHYS_s17_T3_ctrl,153,38,154.26666666666668,0.6118637919425964,-0.19657022034091814
UBFC_PHYS_s17_T3_ctrl,153,39,154.3,0.5198819041252136,0.10638286141083327
UBFC_PHYS_s17_T3_ctrl,153,40,154.33333333333334,0.4788658320903778,0.40441293872049017
UBFC_PHYS_s17_T3_ctrl,153,41,154.36666666666667,0.521953821182251,0.6460933574286727
UBFC_PHYS_s17_T3_ctrl,153,42,154.4,0.5771218538284302,0.7881709976783624
UBFC_PHYS_s17_T3_ctrl,153,43,154.43333333333334,0.569583535194397,0.8068789052510364
UBFC_PHYS_s17_T3_ctrl,153,44,154.46666666666667,0.4976063370704651,0.7046841818191807
UBFC_PHYS_s17_T3_ctrl,153,45,154.5,0.38317328691482544,0.5103378540837508
UBFC_PHYS_s17_T3_ctrl,153,46,154.53333333333333,0.24031925201416016,0.27179494179320424
UBFC_PHYS_s17_T3_ctrl,153,47,154.56666666666666,0.10289658606052399,0.043613929503901465
UBFC_PHYS_s17_T3_ctrl,153,48,154.6,-0.021579796448349953,-0.12748624164788944
UBFC_PHYS_s17_T3_ctrl,153,49,154.63333333333333,-0.1835489273071289,-0.21432661173919443
UBFC_PHYS_s17_T3_ctrl,153,50,154.66666666666666,-0.382132887840271,-0.21471786426296066
UBFC_PHYS_s17_T3_ctrl,153,51,154.7,-0.4745127558708191,-0.14947521693018664
UBFC_PHYS_s17_T3_ctrl,153,52,154.73333333333332,-0.32567721605300903,-0.054129592353584104
UBFC_PHYS_s17_T3_ctrl,153,53,154.76666666666668,-0.01406486053019762,0.03283743510283698
UBFC_PHYS_s17_T3_ctrl,153,54,154.8,0.24793954193592072,0.08154996346535322
UBFC_PHYS_s17_T3_ctrl,153,55,154.83333333333334,0.375506192445755,0.07860870225883042
UBFC_PHYS_s17_T3_ctrl,153,56,154.86666666666667,0.40492212772369385,0.02911917550278352
UBFC_PHYS_s17_T3_ctrl,153,57,154.9,0.36048799753189087,-0.04720628267624062
UBFC_PHYS_s17_T3_ctrl,153,58,154.93333333333334,0.266750305891037,-0.12385300795390587
UBFC_PHYS_s17_T3_ctrl,153,59,154.96666666666667,0.19497211277484894,-0.17601763792081082
UBFC_PHYS_s17_T3_ctrl,153,60,155.0,0.19126147031784058,-0.18693986303654822
UBFC_PHYS_s17_T3_ctrl,153,61,155.03333333333333,0.22279611229896545,-0.1505924172255093
UBFC_PHYS_s17_T3_ctrl,153,62,155.06666666666666,0.22836793959140778,-0.07096195127665987
UBFC_PHYS_s17_T3_ctrl,153,63,155.1,0.17900580167770386,0.040710786114392494
UBFC_PHYS_s17_T3_ctrl,153,64,155.13333333333333,0.0808551087975502,0.16919034955534623
UBFC_PHYS_s17_T3_ctrl,153,65,155.16666666666666,-0.04612625017762184,0.29804415286580804
UBFC_PHYS_s17_T3_ctrl,153,66,155.2,-0.18638165295124054,0.4117827581210949
UBFC_PHYS_s17_T3_ctrl,153,67,155.23333333333332,-0.3322674036026001,0.4975441539415133
UBFC_PHYS_s17_T3_ctrl,153,68,155.26666666666668,-0.48803260922431946,0.5463783619848686
UBFC_PHYS_s17_T3_ctrl,153,69,155.3,-0.6145925521850586,0.5539195054559529
UBFC_PHYS_s17_T3_ctrl,153,70,155.33333333333334,-0.5893788933753967,0.5202856139717501
UBFC_PHYS_s17_T3_ctrl,153,71,155.36666666666667,-0.34215855598449707,0.44933436738904137
UBFC_PHYS_s17_T3_ctrl,153,72,155.4,0.009252512827515602,0.3476226118253238
UBFC_PHYS_s17_T3_ctrl,153,73,155.43333333333334,0.2931462228298187,0.2234578097243882
UBFC_PHYS_s17_T3_ctrl,153,74,155.46666666666667,0.4635784327983856,0.08630120367656395
UBFC_PHYS_s17_T3_ctrl,153,75,155.5,0.5541907548904419,-0.0534972846764565
UBFC_PHYS_s17_T3_ctrl,153,76,155.53333333333333,0.581382691860199,-0.18497704841367177
UBFC_PHYS_s17_T3_ctrl,153,77,155.56666666666666,0.5842973589897156,-0.2973239712535576
UBFC_PHYS_s17_T3_ctrl,153,78,155.6,0.6405774354934692,-0.3813349914950782
UBFC_PHYS_s17_T3_ctrl,153,79,155.63333333333333,0.7867206931114197,-0.4313610485947417
UBFC_PHYS_s17_T3_ctrl,153,80,155.66666666666666,0.9623033404350281,-0.4471132797949005
UBFC_PHYS_s17_T3_ctrl,153,81,155.7,1.0947043895721436,-0.4346380919787505
UBFC_PHYS_s17_T3_ctrl,153,82,155.73333333333332,1.2072995901107788,-0.40601300249402855
UBFC_PHYS_s17_T3_ctrl,153,83,155.76666666666668,1.374477744102478,-0.37760595840116684
UBFC_PHYS_s17_T3_ctrl,153,84,155.8,1.5609112977981567,-0.36689039072815727
UBFC_PHYS_s17_T3_ctrl,153,85,155.83333333333334,1.5987904071807861,-0.38806367566273964
UBFC_PHYS_s17_T3_ctrl,153,86,155.86666666666667,1.333344578742981,-0.4472804041255122
UBFC_PHYS_s17_T3_ctrl,153,87,155.9,0.7525991201400757,-0.5388776311554809
UBFC_PHYS_s17_T3_ctrl,153,88,155.93333333333334,0.06856432557106018,-0.644085015061274
UBFC_PHYS_s17_T3_ctrl,153,89,155.96666666666667,-0.359389066696167,-0.7332254212572686
UBFC_PHYS_s17_T3_ctrl,153,90,156.0,-0.37376344203948975,-0.7714749179647471
UBFC_PHYS_s17_T3_ctrl,153,91,156.03333333333333,-0.20934785902500153,-0.7272400497478707
UBFC_PHYS_s17_T3_ctrl,153,92,156.06666666666666,-0.12069033831357956,-0.5814256210061581
UBFC_PHYS_s17_T3_ctrl,153,93,156.1,-0.09644822776317596,-0.3352854339238191
UBFC_PHYS_s17_T3_ctrl,153,94,156.13333333333333,-0.1121453195810318,-0.014218101012347278
UBFC_PHYS_s17_T3_ctrl,153,95,156.16666666666666,-0.23844775557518005,0.33476914997617135
UBFC_PHYS_s17_T3_ctrl,153,96,156.2,-0.4923519492149353,0.6527032456550834
UBFC_PHYS_s17_T3_ctrl,153,97,156.23333333333332,-0.8428499698638916,0.8835380671061749
UBFC_PHYS_s17_T3_ctrl,153,98,156.26666666666668,-1.2755558490753174,0.9896084144489377
UBFC_PHYS_s17_T3_ctrl,153,99,156.3,-1.6951632499694824,0.961848787660393
UBFC_PHYS_s17_T3_ctrl,153,100,156.33333333333334,-1.939667820930481,0.8208471141474016
UBFC_PHYS_s17_T3_ctrl,153,101,156.36666666666667,-1.9703831672668457,0.608697739329052
UBFC_PHYS_s17_T3_ctrl,153,102,156.4,-1.8897087574005127,0.37539434348611633
UBFC_PHYS_s17_T3_ctrl,153,103,156.43333333333334,-1.7471356391906738,0.16522058103175752
UBFC_PHYS_s17_T3_ctrl,153,104,156.46666666666667,-1.5061192512512207,0.007566056969441804
UBFC_PHYS_s17_T3_ctrl,153,105,156.5,-1.2116438150405884,-0.08600239329599178
UBFC_PHYS_s17_T3_ctrl,153,106,156.53333333333333,-0.991416335105896,-0.11907314055561813
UBFC_PHYS_s17_T3_ctrl,153,107,156.56666666666666,-0.8489368557929993,-0.10444364197812006
UBFC_PHYS_s17_T3_ctrl,153,108,156.6,-0.6689178347587585,-0.05787475693312596
UBFC_PHYS_s17_T3_ctrl,153,109,156.63333333333333,-0.402816504240036,0.006031416660059935
UBFC_PHYS_s17_T3_ctrl,153,110,156.66666666666666,-0.12449462711811066,0.075031026594851
UBFC_PHYS_s17_T3_ctrl,153,111,156.7,0.07534181326627731,0.13852502735131084
UBFC_PHYS_s17_T3_ctrl,153,112,156.73333333333332,0.17562291026115417,0.1869090026674296
UBFC_PHYS_s17_T3_ctrl,153,113,156.76666666666668,0.21082137525081635,0.21255666960519115
UBFC_PHYS_s17_T3_ctrl,153,114,156.8,0.22188307344913483,0.21245658522972238
UBFC_PHYS_s17_T3_ctrl,153,115,156.83333333333334,0.23937110602855682,0.19081648845704477
UBFC_PHYS_s17_T3_ctrl,153,116,156.86666666666667,0.2849406599998474,0.1592698285856342
UBFC_PHYS_s17_T3_ctrl,153,117,156.9,0.34851327538490295,0.13337238200968835
UBFC_PHYS_s17_T3_ctrl,153,118,156.93333333333334,0.3859708905220032,0.12644382574924917
UBFC_PHYS_s17_T3_ctrl,153,119,156.96666666666667,0.37432393431663513,0.14369500109513425
UBFC_PHYS_s17_T3_ctrl,153,120,157.0,0.32540661096572876,0.17949747351016368
UBFC_PHYS_s17_T3_ctrl,153,121,157.03333333333333,0.24078747630119324,0.21898879470340515
UBFC_PHYS_s17_T3_ctrl,153,122,157.06666666666666,0.12657682597637177,0.24324402518453214
UBFC_PHYS_s17_T3_ctrl,153,123,157.1,0.021578414365649223,0.23586346357020355
UBFC_PHYS_s17_T3_ctrl,153,124,157.13333333333333,-0.06230326369404793,0.18843781996208236
UBFC_PHYS_s17_T3_ctrl,153,125,157.16666666666666,-0.17482832074165344,0.10300464553377757
UBFC_PHYS_s17_T3_ctrl,153,126,157.2,-0.3549058735370636,-0.009038613193737735
UBFC_PHYS_s17_T3_ctrl,153,127,157.23333333333332,-0.5595532655715942,-0.1307264871922905
UBFC_PHYS_s17_T3_ctrl,153,128,157.26666666666668,-0.6715047359466553,-0.24441277882046597
UBFC_PHYS_s17_T3_ctrl,153,129,157.3,-0.6026880741119385,-0.33618895225973383
UBFC_PHYS_s17_T3_ctrl,153,130,157.33333333333334,-0.40724119544029236,-0.3988953643633511
UBFC_PHYS_s17_T3_ctrl,153,131,157.36666666666667,-0.21338626742362976,-0.43341531653266385
UBFC_PHYS_s17_T3_ctrl,153,132,157.4,-0.07815252244472504,-0.4481780084224268
UBFC_PHYS_s17_T3_ctrl,153,133,157.43333333333334,0.006138847675174475,-0.4568551763856206
UBFC_PHYS_s17_T3_ctrl,153,134,157.46666666666667,0.030181962996721268,-0.47448883936509423
UBFC_PHYS_s17_T3_ctrl,153,135,157.5,0.004792714491486549,-0.5127442487001501
UBFC_PHYS_s17_T3_ctrl,153,136,157.53333333333333,0.004476665519177914,-0.5754118333485304
UBFC_PHYS_s17_T3_ctrl,153,137,157.56666666666666,0.07371474802494049,-0.6554412342574673
UBFC_PHYS_s17_T3_ctrl,153,138,157.6,0.16450268030166626,-0.7345543087645567
UBFC_PHYS_s17_T3_ctrl,153,139,157.63333333333333,0.21303372085094452,-0.7859474548682124
UBFC_PHYS_s17_T3_ctrl,153,140,157.66666666666666,0.22649505734443665,-0.7799223382955748
UBFC_PHYS_s17_T3_ctrl,153,141,157.7,0.2597035765647888,-0.6915628387525359
UBFC_PHYS_s17_T3_ctrl,153,142,157.73333333333332,0.3117813766002655,-0.5088653421499283
UBFC_PHYS_s17_T3_ctrl,153,143,157.76666666666668,0.3146258294582367,-0.23913862933338234
UBFC_PHYS_s17_T3_ctrl,153,144,157.8,0.262337327003479,0.08871466686919066
UBFC_PHYS_s17_T3_ctrl,153,145,157.83333333333334,0.24914520978927612,0.4278123992301719
UBFC_PHYS_s17_T3_ctrl,153,146,157.86666666666667,0.30891352891921997,0.7229408185442667
UBFC_PHYS_s17_T3_ctrl,153,147,157.9,0.3478109538555145,0.9240636186999823
UBFC_PHYS_s17_T3_ctrl,153,148,157.93333333333334,0.30292031168937683,0.9995071514781121
UBFC_PHYS_s17_T3_ctrl,153,149,157.96666666666667,0.2966695725917816,0.9442831511733639
UBFC_PHYS_s17_T3_ctrl,153,150,158.0,0.5206544995307922,0.7808770277459268
UBFC_PHYS_s17_T3_ctrl,153,151,158.03333333333333,0.9489356279373169,0.5527180200262634
UBFC_PHYS_s17_T3_ctrl,153,152,158.06666666666666,1.340976595878601,0.31282454248318164
UBFC_PHYS_s17_T3_ctrl,153,153,158.1,1.6258418560028076,0.11115517113102243
UBFC_PHYS_s17_T3_ctrl,153,154,158.13333333333333,1.9702646732330322,-0.01594370235751251
UBFC_PHYS_s17_T3_ctrl,153,155,158.16666666666666,2.4617791175842285,-0.0519015524288953
UBFC_PHYS_s17_T3_ctrl,153,156,158.2,2.8150980472564697,-0.0010224562333452022
UBFC_PHYS_s17_T3_ctrl,153,157,158.23333333333332,2.511106014251709,0.11476358287887314
UBFC_PHYS_s17_T3_ctrl,153,158,158.26666666666668,1.480915904045105,0.26209923498213916
UBFC_PHYS_s17_T3_ctrl,153,159,158.3,0.513350248336792,0.4038006950843093
UBFC_PHYS_s17_T3_ctrl,153,160,158.33333333333334,0.2850225865840912,0.5063132414767876
UBFC_PHYS_s17_T3_ctrl,153,161,158.36666666666667,0.5652759075164795,0.5455726726202629
UBFC_PHYS_s17_T3_ctrl,153,162,158.4,0.7939313054084778,0.5101853939088821
UBFC_PHYS_s17_T3_ctrl,153,163,158.43333333333334,0.7958042025566101,0.40159943581470053
UBFC_PHYS_s17_T3_ctrl,153,164,158.46666666666667,0.6290709376335144,0.23192862528671862
UBFC_PHYS_s17_T3_ctrl,153,165,158.5,0.3269868493080139,0.02068186528839855
UBFC_PHYS_s17_T3_ctrl,153,166,158.53333333333333,-0.002921215957030654,-0.20856206172871078
UBFC_PHYS_s17_T3_ctrl,153,167,158.56666666666666,-0.24541254341602325,-0.4310635284637841
UBFC_PHYS_s17_T3_ctrl,153,168,158.6,-0.4780243933200836,-0.6232957300672002
UBFC_PHYS_s17_T3_ctrl,153,169,158.63333333333333,-0.8091732263565063,-0.7648259043273244
UBFC_PHYS_s17_T3_ctrl,153,170,158.66666666666666,-1.1459758281707764,-0.8399150924281055
UBFC_PHYS_s17_T3_ctrl,153,171,158.7,-1.3288626670837402,-0.8390731701499688
UBFC_PHYS_s17_T3_ctrl,153,172,158.73333333333332,-1.3312740325927734,-0.7605379894281501
UBFC_PHYS_s17_T3_ctrl,153,173,158.76666666666668,-1.187155842781067,-0.6112882032957498
UBFC_PHYS_s17_T3_ctrl,153,174,158.8,-0.9428267478942871,-0.40702883335321294
UBFC_PHYS_s17_T3_ctrl,153,175,158.83333333333334,-0.7184321284294128,-0.17065652104741494
UBFC_PHYS_s17_T3_ctrl,153,176,158.86666666666667,-0.634644091129303,0.07097275700053927
UBFC_PHYS_s17_T3_ctrl,153,177,158.9,-0.7267547845840454,0.29143294602473685
UBFC_PHYS_s17_T3_ctrl,153,178,158.93333333333334,-0.9645990133285522,0.46886234205338234
UBFC_PHYS_s17_T3_ctrl,153,179,158.96666666666667,-1.2500377893447876,0.5884326966326946
UBFC_PHYS_s17_T3_ctrl,153,180,159.0,-1.4167243242263794,0.6430106740190821
UBFC_PHYS_s17_T3_ctrl,153,181,159.03333333333333,-1.367760181427002,0.6329953687202735
UBFC_PHYS_s17_T3_ctrl,153,182,159.06666666666666,-1.199598789215088,0.5660116894118664
UBFC_PHYS_s17_T3_ctrl,153,183,159.1,-1.0212419033050537,0.4561124634016255
UBFC_PHYS_s17_T3_ctrl,153,184,159.13333333333333,-0.8351711630821228,0.32173620230223354
UBFC_PHYS_s17_T3_ctrl,153,185,159.16666666666666,-0.6363765001296997,0.18224600474572486
UBFC_PHYS_s17_T3_ctrl,153,186,159.2,-0.4778839349746704,0.05392268170574349
UBFC_PHYS_s17_T3_ctrl,153,187,159.23333333333332,-0.3815944194793701,-0.0531287148969177
UBFC_PHYS_s17_T3_ctrl,153,188,159.26666666666668,-0.3048180043697357,-0.13612880686807682
UBFC_PHYS_s17_T3_ctrl,153,189,159.3,-0.22413192689418793,-0.19877608824799606
UBFC_PHYS_s17_T3_ctrl,153,190,159.33333333333334,-0.17248721420764923,-0.24906479808728832
UBFC_PHYS_s17_T3_ctrl,153,191,159.36666666666667,-0.18050548434257507,-0.2965499023677904
UBFC_PHYS_s17_T3_ctrl,153,192,159.4,-0.25082048773765564,-0.3495242164956332
UBFC_PHYS_s17_T3_ctrl,153,193,159.43333333333334,-0.3682033121585846,-0.4123313840791759
UBFC_PHYS_s17_T3_ctrl,153,194,159.46666666666667,-0.4673723876476288,-0.4832077310408282
UBFC_PHYS_s17_T3_ctrl,153,195,159.5,-0.43539294600486755,-0.5533563797597738
UBFC_PHYS_s17_T3_ctrl,153,196,159.53333333333333,-0.24309484660625458,-0.6079494850664763
UBFC_PHYS_s17_T3_ctrl,153,197,159.56666666666666,-0.014357497915625572,-0.6292847346566683
UBFC_PHYS_s17_T3_ctrl,153,198,159.6,0.14736580848693848,-0.6015355966423634
UBFC_PHYS_s17_T3_ctrl,153,199,159.63333333333333,0.23855172097682953,-0.5157382005935371
UBFC_PHYS_s17_T3_ctrl,153,200,159.66666666666666,0.2801062762737274,-0.373260527050111
UBFC_PHYS_s17_T3_ctrl,153,201,159.7,0.28741052746772766,-0.18639739536163444
UBFC_PHYS_s17_T3_ctrl,153,202,159.73333333333332,0.3230186700820923,0.024082820269015294
UBFC_PHYS_s17_T3_ctrl,153,203,159.76666666666668,0.4720180928707123,0.23333111891771768
UBFC_PHYS_s17_T3_ctrl,153,204,159.8,0.7127067446708679,0.4170649870300699
UBFC_PHYS_s17_T3_ctrl,153,205,159.83333333333334,0.9076971411705017,0.5552356389658417
UBFC_PHYS_s17_T3_ctrl,153,206,159.86666666666667,0.9722647070884705,0.6345486893219101
UBFC_PHYS_s17_T3_ctrl,153,207,159.9,0.9522014856338501,0.6502322206603504
UBFC_PHYS_s17_T3_ctrl,153,208,159.93333333333334,0.902991533279419,0.6069437614739941
UBFC_PHYS_s17_T3_ctrl,153,209,159.96666666666667,0.7831856608390808,0.5181787150374116
UBFC_PHYS_s17_T3_ctrl,153,210,160.0,0.5066078901290894,0.4039689989878292
UBFC_PHYS_s17_T3_ctrl,153,211,160.03333333333333,0.05881363898515701,0.2873517825982944
UBFC_PHYS_s17_T3_ctrl,153,212,160.06666666666666,-0.42680108547210693,0.19014052292260186
UBFC_PHYS_s17_T3_ctrl,153,213,160.1,-0.7602910399436951,0.128370710853989
UBFC_PHYS_s17_T3_ctrl,153,214,160.13333333333333,-0.8583247065544128,0.10811795962674674
UBFC_PHYS_s17_T3_ctrl,153,215,160.16666666666666,-0.8257131576538086,0.12298587212973745
UBFC_PHYS_s17_T3_ctrl,153,216,160.2,-0.7933708429336548,0.1547724783746057
UBFC_PHYS_s17_T3_ctrl,153,217,160.23333333333332,-0.7262514233589172,0.17820215958231456
UBFC_PHYS_s17_T3_ctrl,153,218,160.26666666666668,-0.5191926956176758,0.1691349795544501
UBFC_PHYS_s17_T3_ctrl,153,219,160.3,-0.22434261441230774,0.11381626186822638
UBFC_PHYS_s17_T3_ctrl,153,220,160.33333333333334,0.019366072490811348,0.015446945892217682
UBFC_PHYS_s17_T3_ctrl,153,221,160.36666666666667,0.1581582874059677,-0.10520487182742143
UBFC_PHYS_s17_T3_ctrl,153,222,160.4,0.19259589910507202,-0.21600235707608423
UBFC_PHYS_s17_T3_ctrl,153,223,160.43333333333334,0.13533255457878113,-0.28433278646698773
UBFC_PHYS_s17_T3_ctrl,153,224,160.46666666666667,0.05264483392238617,-0.2887849974541926
UBFC_PHYS_s17_T3_ctrl,153,225,160.5,0.020770734176039696,-0.2275151321553679
UBFC_PHYS_s17_T3_ctrl,153,226,160.53333333333333,0.027606751769781113,-0.12029975105229151
UBFC_PHYS_s17_T3_ctrl,153,227,160.56666666666666,-0.0025934616569429636,-0.0032977297974807196
UBFC_PHYS_s17_T3_ctrl,153,228,160.6,-0.08675607293844223,0.08199325657783071
UBFC_PHYS_s17_T3_ctrl,153,229,160.63333333333333,-0.1845438927412033,0.10195062216505935
UBFC_PHYS_s17_T3_ctrl,153,230,160.66666666666666,-0.3076273202896118,0.041605413357039385
UBFC_PHYS_s17_T3_ctrl,153,231,160.7,-0.5184786319732666,-0.09070540088145596
UBFC_PHYS_s17_T3_ctrl,153,232,160.73333333333332,-0.7968590259552002,-0.2658916718546414
UBFC_PHYS_s17_T3_ctrl,153,233,160.76666666666668,-1.022271990776062,-0.4422018152752832
UBFC_PHYS_s17_T3_ctrl,153,234,160.8,-1.1092790365219116,-0.5758299585127583
UBFC_PHYS_s17_T3_ctrl,153,235,160.83333333333334,-1.0736943483352661,-0.6311418381367833
UBFC_PHYS_s17_T3_ctrl,153,236,160.86666666666667,-0.9732025265693665,-0.5884775505724384
UBFC_PHYS_s17_T3_ctrl,153,237,160.9,-0.8354052901268005,-0.44831462148462053
UBFC_PHYS_s17_T3_ctrl,153,238,160.93333333333334,-0.6282880306243896,-0.2311182035667012
UBFC_PHYS_s17_T3_ctrl,153,239,160.96666666666667,-0.33725395798683167,0.027052611068547828
UBFC_PHYS_s17_T3_ctrl,154,0,154.0,-0.6125558018684387,0.03353737971236652
UBFC_PHYS_s17_T3_ctrl,154,1,154.03333333333333,-0.7441959977149963,-0.06704101434106953
UBFC_PHYS_s17_T3_ctrl,154,2,154.06666666666666,-0.7140191793441772,-0.17222812011920696
UBFC_PHYS_s17_T3_ctrl,154,3,154.1,-0.4051224887371063,-0.27880684867844946
UBFC_PHYS_s17_T3_ctrl,154,4,154.13333333333333,0.05895410478115082,-0.3747282801956526
UBFC_PHYS_s17_T3_ctrl,154,5,154.16666666666666,0.4349701702594757,-0.4402043771935427
UBFC_PHYS_s17_T3_ctrl,154,6,154.2,0.6209473013877869,-0.45305129465039234
UBFC_PHYS_s17_T3_ctrl,154,7,154.23333333333332,0.6634851098060608,-0.39662414958182546
UBFC_PHYS_s17_T3_ctrl,154,8,154.26666666666668,0.6118637919425964,-0.26753828311256056
UBFC_PHYS_s17_T3_ctrl,154,9,154.3,0.5198819041252136,-0.08022365599228247
UBFC_PHYS_s17_T3_ctrl,154,10,154.33333333333334,0.4788658320903778,0.1337082431229273
UBFC_PHYS_s17_T3_ctrl,154,11,154.36666666666667,0.521953821182251,0.33165134153101955
UBFC_PHYS_s17_T3_ctrl,154,12,154.4,0.5771218538284302,0.4703145144402169
UBFC_PHYS_s17_T3_ctrl,154,13,154.43333333333334,0.569583535194397,0.5173211395940458
UBFC_PHYS_s17_T3_ctrl,154,14,154.46666666666667,0.4976063370704651,0.46066234464201355
UBFC_PHYS_s17_T3_ctrl,154,15,154.5,0.38317328691482544,0.31294865058539406
UBFC_PHYS_s17_T3_ctrl,154,16,154.53333333333333,0.24031925201416016,0.10876515457316696
UBFC_PHYS_s17_T3_ctrl,154,17,154.56666666666666,0.10289658606052399,-0.10441849114461822
UBFC_PHYS_s17_T3_ctrl,154,18,154.6,-0.021579796448349953,-0.2790226128090329
UBFC_PHYS_s17_T3_ctrl,154,19,154.63333333333333,-0.1835489273071289,-0.37973626121674664
UBFC_PHYS_s17_T3_ctrl,154,20,154.66666666666666,-0.382132887840271,-0.39183158862810924
UBFC_PHYS_s17_T3_ctrl,154,21,154.7,-0.4745127558708191,-0.3233777407201197
UBFC_PHYS_s17_T3_ctrl,154,22,154.73333333333332,-0.32567721605300903,-0.20121688649297823
UBFC_PHYS_s17_T3_ctrl,154,23,154.76666666666668,-0.01406486053019762,-0.06223041110799287
UBFC_PHYS_s17_T3_ctrl,154,24,154.8,0.24793954193592072,0.05737762749338357
UBFC_PHYS_s17_T3_ctrl,154,25,154.83333333333334,0.375506192445755,0.13159321637890137
UBFC_PHYS_s17_T3_ctrl,154,26,154.86666666666667,0.40492212772369385,0.15020670032787486
UBFC_PHYS_s17_T3_ctrl,154,27,154.9,0.36048799753189087,0.11926870140171066
UBFC_PHYS_s17_T3_ctrl,154,28,154.93333333333334,0.266750305891037,0.05705498183967551
UBFC_PHYS_s17_T3_ctrl,154,29,154.96666666666667,0.19497211277484894,-0.012361148162420982
UBFC_PHYS_s17_T3_ctrl,154,30,155.0,0.19126147031784058,-0.06561327440599876
UBFC_PHYS_s17_T3_ctrl,154,31,155.03333333333333,0.22279611229896545,-0.0850329641488208
UBFC_PHYS_s17_T3_ctrl,154,32,155.06666666666666,0.22836793959140778,-0.06149520686778642
UBFC_PHYS_s17_T3_ctrl,154,33,155.1,0.17900580167770386,0.004795735366885297
UBFC_PHYS_s17_T3_ctrl,154,34,155.13333333333333,0.0808551087975502,0.10516832690003346
UBFC_PHYS_s17_T3_ctrl,154,35,155.16666666666666,-0.04612625017762184,0.22455034082139855
UBFC_PHYS_s17_T3_ctrl,154,36,155.2,-0.18638165295124054,0.34435834282888045
UBFC_PHYS_s17_T3_ctrl,154,37,155.23333333333332,-0.3322674036026001,0.4458513560203972
UBFC_PHYS_s17_T3_ctrl,154,38,155.26666666666668,-0.48803260922431946,0.513515780338403
UBFC_PHYS_s17_T3_ctrl,154,39,155.3,-0.6145925521850586,0.5378588566797872
UBFC_PHYS_s17_T3_ctrl,154,40,155.33333333333334,-0.5893788933753967,0.5168293893212796
UBFC_PHYS_s17_T3_ctrl,154,41,155.36666666666667,-0.34215855598449707,0.455315505545178
UBFC_PHYS_s17_T3_ctrl,154,42,155.4,0.009252512827515602,0.36291306619554026
UBFC_PHYS_s17_T3_ctrl,154,43,155.43333333333334,0.2931462228298187,0.25093611517147757
UBFC_PHYS_s17_T3_ctrl,154,44,155.46666666666667,0.4635784327983856,0.1298785344093181
UBFC_PHYS_s17_T3_ctrl,154,45,155.5,0.5541907548904419,0.008119420860620298
UBFC_PHYS_s17_T3_ctrl,154,46,155.53333333333333,0.581382691860199,-0.10811875374439904
UBFC_PHYS_s17_T3_ctrl,154,47,155.56666666666666,0.5842973589897156,-0.21420791227141436
UBFC_PHYS_s17_T3_ctrl,154,48,155.6,0.6405774354934692,-0.3067406157894353
UBFC_PHYS_s17_T3_ctrl,154,49,155.63333333333333,0.7867206931114197,-0.3837493882329208
UBFC_PHYS_s17_T3_ctrl,154,50,155.66666666666666,0.9623033404350281,-0.44530784061767276
UBFC_PHYS_s17_T3_ctrl,154,51,155.7,1.0947043895721436,-0.4939227367405403
UBFC_PHYS_s17_T3_ctrl,154,52,155.73333333333332,1.2072995901107788,-0.534228382589071
UBFC_PHYS_s17_T3_ctrl,154,53,155.76666666666668,1.374477744102478,-0.5718170123992582
UBFC_PHYS_s17_T3_ctrl,154,54,155.8,1.5609112977981567,-0.6112773344506167
UBFC_PHYS_s17_T3_ctrl,154,55,155.83333333333334,1.5987904071807861,-0.6537850600049672
UBFC_PHYS_s17_T3_ctrl,154,56,155.86666666666667,1.333344578742981,-0.6950083194875616
UBFC_PHYS_s17_T3_ctrl,154,57,155.9,0.7525991201400757,-0.7243442245374059
UBFC_PHYS_s17_T3_ctrl,154,58,155.93333333333334,0.06856432557106018,-0.7262301015355768
UBFC_PHYS_s17_T3_ctrl,154,59,155.96666666666667,-0.359389066696167,-0.6834926929410516
UBFC_PHYS_s17_T3_ctrl,154,60,156.0,-0.37376344203948975,-0.581826002734709
UBFC_PHYS_s17_T3_ctrl,154,61,156.03333333333333,-0.20934785902500153,-0.4141977775258489
UBFC_PHYS_s17_T3_ctrl,154,62,156.06666666666666,-0.12069033831357956,-0.18442554164212605
UBFC_PHYS_s17_T3_ctrl,154,63,156.1,-0.09644822776317596,0.0906100871126759
UBFC_PHYS_s17_T3_ctrl,154,64,156.13333333333333,-0.1121453195810318,0.3812008058935376
UBFC_PHYS_s17_T3_ctrl,154,65,156.16666666666666,-0.23844775557518005,0.6488109111588355
UBFC_PHYS_s17_T3_ctrl,154,66,156.2,-0.4923519492149353,0.8539592675312457
UBFC_PHYS_s17_T3_ctrl,154,67,156.23333333333332,-0.8428499698638916,0.966071219916759
UBFC_PHYS_s17_T3_ctrl,154,68,156.26666666666668,-1.2755558490753174,0.9719232559329133
UBFC_PHYS_s17_T3_ctrl,154,69,156.3,-1.6951632499694824,0.8793357362410158
UBFC_PHYS_s17_T3_ctrl,154,70,156.33333333333334,-1.939667820930481,0.7144635166390192
UBFC_PHYS_s17_T3_ctrl,154,71,156.36666666666667,-1.9703831672668457,0.5137078514050504
UBFC_PHYS_s17_T3_ctrl,154,72,156.4,-1.8897087574005127,0.3136178793014165
UBFC_PHYS_s17_T3_ctrl,154,73,156.43333333333334,-1.7471356391906738,0.1426782819958945
UBFC_PHYS_s17_T3_ctrl,154,74,156.46666666666667,-1.5061192512512207,0.01720071465849253
UBFC_PHYS_s17_T3_ctrl,154,75,156.5,-1.2116438150405884,-0.05874355875721324
UBFC_PHYS_s17_T3_ctrl,154,76,156.53333333333333,-0.991416335105896,-0.09060068895429191
UBFC_PHYS_s17_T3_ctrl,154,77,156.56666666666666,-0.8489368557929993,-0.0892704168671716
UBFC_PHYS_s17_T3_ctrl,154,78,156.6,-0.6689178347587585,-0.06711499444849715
UBFC_PHYS_s17_T3_ctrl,154,79,156.63333333333333,-0.402816504240036,-0.03521044594439685
UBFC_PHYS_s17_T3_ctrl,154,80,156.66666666666666,-0.12449462711811066,-0.0023401292979641827
UBFC_PHYS_s17_T3_ctrl,154,81,156.7,0.07534181326627731,0.024683866674895867
UBFC_PHYS_s17_T3_ctrl,154,82,156.73333333333332,0.17562291026115417,0.040486676438868704
UBFC_PHYS_s17_T3_ctrl,154,83,156.76666666666668,0.21082137525081635,0.04148960290248976
UBFC_PHYS_s17_T3_ctrl,154,84,156.8,0.22188307344913483,0.02740947943860614
UBFC_PHYS_s17_T3_ctrl,154,85,156.83333333333334,0.23937110602855682,0.0029426542913588384
UBFC_PHYS_s17_T3_ctrl,154,86,156.86666666666667,0.2849406599998474,-0.02203409518316256
UBFC_PHYS_s17_T3_ctrl,154,87,156.9,0.34851327538490295,-0.03491430329207884
UBFC_PHYS_s17_T3_ctrl,154,88,156.93333333333334,0.3859708905220032,-0.024994724655864647
UBFC_PHYS_s17_T3_ctrl,154,89,156.96666666666667,0.37432393431663513,0.011705002346946557
UBFC_PHYS_s17_T3_ctrl,154,90,157.0,0.32540661096572876,0.0696693356429209
UBFC_PHYS_s17_T3_ctrl,154,91,157.03333333333333,0.24078747630119324,0.13447227053732977
UBFC_PHYS_s17_T3_ctrl,154,92,157.06666666666666,0.12657682597637177,0.1867060164159316
UBFC_PHYS_s17_T3_ctrl,154,93,157.1,0.021578414365649223,0.2080049619808467
UBFC_PHYS_s17_T3_ctrl,154,94,157.13333333333333,-0.06230326369404793,0.18709300784356744
UBFC_PHYS_s17_T3_ctrl,154,95,157.16666666666666,-0.17482832074165344,0.12365334848754435
UBFC_PHYS_s17_T3_ctrl,154,96,157.2,-0.3549058735370636,0.028527373865143268
UBFC_PHYS_s17_T3_ctrl,154,97,157.23333333333332,-0.5595532655715942,-0.07983120011721008
UBFC_PHYS_s17_T3_ctrl,154,98,157.26666666666668,-0.6715047359466553,-0.18113863091752577
UBFC_PHYS_s17_T3_ctrl,154,99,157.3,-0.6026880741119385,-0.2590335197786484
UBFC_PHYS_s17_T3_ctrl,154,100,157.33333333333334,-0.40724119544029236,-0.3050851037128129
UBFC_PHYS_s17_T3_ctrl,154,101,157.36666666666667,-0.21338626742362976,-0.32042515007013345
UBFC_PHYS_s17_T3_ctrl,154,102,157.4,-0.07815252244472504,-0.315030032244434
UBFC_PHYS_s17_T3_ctrl,154,103,157.43333333333334,0.006138847675174475,-0.3049134826312485
UBFC_PHYS_s17_T3_ctrl,154,104,157.46666666666667,0.030181962996721268,-0.30771490711318433
UBFC_PHYS_s17_T3_ctrl,154,105,157.5,0.004792714491486549,-0.3375050944039516
UBFC_PHYS_s17_T3_ctrl,154,106,157.53333333333333,0.004476665519177914,-0.3999560778169547
UBFC_PHYS_s17_T3_ctrl,154,107,157.56666666666666,0.07371474802494049,-0.4891323564270974
UBFC_PHYS_s17_T3_ctrl,154,108,157.6,0.16450268030166626,-0.5869242714642072
UBFC_PHYS_s17_T3_ctrl,154,109,157.63333333333333,0.21303372085094452,-0.6656380315163555
UBFC_PHYS_s17_T3_ctrl,154,110,157.66666666666666,0.22649505734443665,-0.6936147699313444
UBFC_PHYS_s17_T3_ctrl,154,111,157.7,0.2597035765647888,-0.6430146855403673
UBFC_PHYS_s17_T3_ctrl,154,112,157.73333333333332,0.3117813766002655,-0.49814036165994646
UBFC_PHYS_s17_T3_ctrl,154,113,157.76666666666668,0.3146258294582367,-0.2620946687934412
UBFC_PHYS_s17_T3_ctrl,154,114,157.8,0.262337327003479,0.0405266173786711
UBFC_PHYS_s17_T3_ctrl,154,115,157.83333333333334,0.24914520978927612,0.3665533213931789
UBFC_PHYS_s17_T3_ctrl,154,116,157.86666666666667,0.30891352891921997,0.6629327633020307
UBFC_PHYS_s17_T3_ctrl,154,117,157.9,0.3478109538555145,0.879291197494724
UBFC_PHYS_s17_T3_ctrl,154,118,157.93333333333334,0.30292031168937683,0.9805754643677062
UBFC_PHYS_s17_T3_ctrl,154,119,157.96666666666667,0.2966695725917816,0.9555349155389924
UBFC_PHYS_s17_T3_ctrl,154,120,158.0,0.5206544995307922,0.8184081420143589
UBFC_PHYS_s17_T3_ctrl,154,121,158.03333333333333,0.9489356279373169,0.6038682128766222
UBFC_PHYS_s17_T3_ctrl,154,122,158.06666666666666,1.340976595878601,0.3575385082328168
UBFC_PHYS_s17_T3_ctrl,154,123,158.1,1.6258418560028076,0.125367160028002
UBFC_PHYS_s17_T3_ctrl,154,124,158.13333333333333,1.9702646732330322,-0.055258215840715524
UBFC_PHYS_s17_T3_ctrl,154,125,158.16666666666666,2.4617791175842285,-0.1610777672001207
UBFC_PHYS_s17_T3_ctrl,154,126,158.2,2.8150980472564697,-0.18505830178542032
UBFC_PHYS_s17_T3_ctrl,154,127,158.23333333333332,2.511106014251709,-0.13570116857212847
UBFC_PHYS_s17_T3_ctrl,154,128,158.26666666666668,1.480915904045105,-0.034251926745129474
UBFC_PHYS_s17_T3_ctrl,154,129,158.3,0.513350248336792,0.08974585457667719
UBFC_PHYS_s17_T3_ctrl,154,130,158.33333333333334,0.2850225865840912,0.20403224103527198
UBFC_PHYS_s17_T3_ctrl,154,131,158.36666666666667,0.5652759075164795,0.2794842537017817
UBFC_PHYS_s17_T3_ctrl,154,132,158.4,0.7939313054084778,0.29517911593335744
UBFC_PHYS_s17_T3_ctrl,154,133,158.43333333333334,0.7958042025566101,0.24184011207739217
UBFC_PHYS_s17_T3_ctrl,154,134,158.46666666666667,0.6290709376335144,0.12339872721234223
UBFC_PHYS_s17_T3_ctrl,154,135,158.5,0.3269868493080139,-0.04331682171047006
UBFC_PHYS_s17_T3_ctrl,154,136,158.53333333333333,-0.002921215957030654,-0.23101231025179333
UBFC_PHYS_s17_T3_ctrl,154,137,158.56666666666666,-0.24541254341602325,-0.4066924760432745
UBFC_PHYS_s17_T3_ctrl,154,138,158.6,-0.4780243933200836,-0.5380721310676962
UBFC_PHYS_s17_T3_ctrl,154,139,158.63333333333333,-0.8091732263565063,-0.6000222828167152
UBFC_PHYS_s17_T3_ctrl,154,140,158.66666666666666,-1.1459758281707764,-0.5794675040493554
UBFC_PHYS_s17_T3_ctrl,154,141,158.7,-1.3288626670837402,-0.47783104593283526
UBFC_PHYS_s17_T3_ctrl,154,142,158.73333333333332,-1.3312740325927734,-0.31072893386518513
UBFC_PHYS_s17_T3_ctrl,154,143,158.76666666666668,-1.187155842781067,-0.10497357211598664
UBFC_PHYS_s17_T3_ctrl,154,144,158.8,-0.9428267478942871,0.10673658883191559
UBFC_PHYS_s17_T3_ctrl,154,145,158.83333333333334,-0.7184321284294128,0.2925779870857717
UBFC_PHYS_s17_T3_ctrl,154,146,158.86666666666667,-0.634644091129303,0.42829896177290583
UBFC_PHYS_s17_T3_ctrl,154,147,158.9,-0.7267547845840454,0.5018798558807038
UBFC_PHYS_s17_T3_ctrl,154,148,158.93333333333334,-0.9645990133285522,0.5144483079575364
UBFC_PHYS_s17_T3_ctrl,154,149,158.96666666666667,-1.2500377893447876,0.4771374802922992
UBFC_PHYS_s17_T3_ctrl,154,150,159.0,-1.4167243242263794,0.40565926996761364
UBFC_PHYS_s17_T3_ctrl,154,151,159.03333333333333,-1.367760181427002,0.31544631014380636
UBFC_PHYS_s17_T3_ctrl,154,152,159.06666666666666,-1.199598789215088,0.21918551140884185
UBFC_PHYS_s17_T3_ctrl,154,153,159.1,-1.0212419033050537,0.12652633652779485
UBFC_PHYS_s17_T3_ctrl,154,154,159.13333333333333,-0.8351711630821228,0.0444923447297638
UBFC_PHYS_s17_T3_ctrl,154,155,159.16666666666666,-0.6363765001296997,-0.022640517910909607
UBFC_PHYS_s17_T3_ctrl,154,156,159.2,-0.4778839349746704,-0.0739924627079814
UBFC_PHYS_s17_T3_ctrl,154,157,159.23333333333332,-0.3815944194793701,-0.11229375103704037
UBFC_PHYS_s17_T3_ctrl,154,158,159.26666666666668,-0.3048180043697357,-0.14295251468318368
UBFC_PHYS_s17_T3_ctrl,154,159,159.3,-0.22413192689418793,-0.1722367589763508
UBFC_PHYS_s17_T3_ctrl,154,160,159.33333333333334,-0.17248721420764923,-0.20549501039750134
UBFC_PHYS_s17_T3_ctrl,154,161,159.36666666666667,-0.18050548434257507,-0.24618920387261906
UBFC_PHYS_s17_T3_ctrl,154,162,159.4,-0.25082048773765564,-0.29573117854044495
UBFC_PHYS_s17_T3_ctrl,154,163,159.43333333333334,-0.3682033121585846,-0.35346757102645726
UBFC_PHYS_s17_T3_ctrl,154,164,159.46666666666667,-0.4673723876476288,-0.41626598987789826
UBFC_PHYS_s17_T3_ctrl,154,165,159.5,-0.43539294600486755,-0.477822820754873
UBFC_PHYS_s17_T3_ctrl,154,166,159.53333333333333,-0.24309484660625458,-0.5284190072931462
UBFC_PHYS_s17_T3_ctrl,154,167,159.56666666666666,-0.014357497915625572,-0.5559027978504365
UBFC_PHYS_s17_T3_ctrl,154,168,159.6,0.14736580848693848,-0.5480850876517248
UBFC_PHYS_s17_T3_ctrl,154,169,159.63333333333333,0.23855172097682953,-0.4959189763402704
UBFC_PHYS_s17_T3_ctrl,154,170,159.66666666666666,0.2801062762737274,-0.3963657855856638
UBFC_PHYS_s17_T3_ctrl,154,171,159.7,0.28741052746772766,-0.2540009963081813
UBFC_PHYS_s17_T3_ctrl,154,172,159.73333333333332,0.3230186700820923,-0.08104539106108566
UBFC_PHYS_s17_T3_ctrl,154,173,159.76666666666668,0.4720180928707123,0.1039125595144342
UBFC_PHYS_s17_T3_ctrl,154,174,159.8,0.7127067446708679,0.27815125400641827
UBFC_PHYS_s17_T3_ctrl,154,175,159.83333333333334,0.9076971411705017,0.41798448616705214
UBFC_PHYS_s17_T3_ctrl,154,176,159.86666666666667,0.9722647070884705,0.5030680045807775
UBFC_PHYS_s17_T3_ctrl,154,177,159.9,0.9522014856338501,0.5214955559338764
UBFC_PHYS_s17_T3_ctrl,154,178,159.93333333333334,0.902991533279419,0.47407392188858577
UBFC_PHYS_s17_T3_ctrl,154,179,159.96666666666667,0.7831856608390808,0.37560675269073246
UBFC_PHYS_s17_T3_ctrl,154,180,160.0,0.5066078901290894,0.2521434131284232
UBFC_PHYS_s17_T3_ctrl,154,181,160.03333333333333,0.05881363898515701,0.13489504766515728
UBFC_PHYS_s17_T3_ctrl,154,182,160.06666666666666,-0.42680108547210693,0.052470122051822526
UBFC_PHYS_s17_T3_ctrl,154,183,160.1,-0.7602910399436951,0.023289439145646615
UBFC_PHYS_s17_T3_ctrl,154,184,160.13333333333333,-0.8583247065544128,0.05008514989749484
UBFC_PHYS_s17_T3_ctrl,154,185,160.16666666666666,-0.8257131576538086,0.11823728813401455
UBFC_PHYS_s17_T3_ctrl,154,186,160.2,-0.7933708429336548,0.19904363845921624
UBFC_PHYS_s17_T3_ctrl,154,187,160.23333333333332,-0.7262514233589172,0.2577747086010904
UBFC_PHYS_s17_T3_ctrl,154,188,160.26666666666668,-0.5191926956176758,0.2647494774085399
UBFC_PHYS_s17_T3_ctrl,154,189,160.3,-0.22434261441230774,0.20615916815465923
UBFC_PHYS_s17_T3_ctrl,154,190,160.33333333333334,0.019366072490811348,0.09067518986567723
UBFC_PHYS_s17_T3_ctrl,154,191,160.36666666666667,0.1581582874059677,-0.051235160764245814
UBFC_PHYS_s17_T3_ctrl,154,192,160.4,0.19259589910507202,-0.17581565679452454
UBFC_PHYS_s17_T3_ctrl,154,193,160.43333333333334,0.13533255457878113,-0.23983175712741797
UBFC_PHYS_s17_T3_ctrl,154,194,160.46666666666667,0.05264483392238617,-0.21507601198953863
UBFC_PHYS_s17_T3_ctrl,154,195,160.5,0.020770734176039696,-0.09856323114549703
UBFC_PHYS_s17_T3_ctrl,154,196,160.53333333333333,0.027606751769781113,0.08524485805145943
UBFC_PHYS_s17_T3_ctrl,154,197,160.56666666666666,-0.0025934616569429636,0.29119139896347834
UBFC_PHYS_s17_T3_ctrl,154,198,160.6,-0.08675607293844223,0.4670129411025848
UBFC_PHYS_s17_T3_ctrl,154,199,160.63333333333333,-0.1845438927412033,0.5690496425273401
UBFC_PHYS_s17_T3_ctrl,154,200,160.66666666666666,-0.3076273202896118,0.5744248186376987
UBFC_PHYS_s17_T3_ctrl,154,201,160.7,-0.5184786319732666,0.4855068165969278
UBFC_PHYS_s17_T3_ctrl,154,202,160.73333333333332,-0.7968590259552002,0.32596099876715817
UBFC_PHYS_s17_T3_ctrl,154,203,160.76666666666668,-1.022271990776062,0.1312069059369234
UBFC_PHYS_s17_T3_ctrl,154,204,160.8,-1.1092790365219116,-0.06236459647822447
UBFC_PHYS_s17_T3_ctrl,154,205,160.83333333333334,-1.0736943483352661,-0.22577457961223554
UBFC_PHYS_s17_T3_ctrl,154,206,160.86666666666667,-0.9732025265693665,-0.34180271910384524
UBFC_PHYS_s17_T3_ctrl,154,207,160.9,-0.8354052901268005,-0.4055780286365934
UBFC_PHYS_s17_T3_ctrl,154,208,160.93333333333334,-0.6282880306243896,-0.4226054352775899
UBFC_PHYS_s17_T3_ctrl,154,209,160.96666666666667,-0.33725395798683167,-0.40546977000180573
UBFC_PHYS_s17_T3_ctrl,154,210,161.0,-0.03120172582566738,-0.3702172546079779
UBFC_PHYS_s17_T3_ctrl,154,211,161.03333333333333,0.20126968622207642,-0.33310250205293845
UBFC_PHYS_s17_T3_ctrl,154,212,161.06666666666666,0.3240370452404022,-0.3080204064397387
UBFC_PHYS_s17_T3_ctrl,154,213,161.1,0.3258631229400635,-0.304588700465423
UBFC_PHYS_s17_T3_ctrl,154,214,161.13333333333333,0.24157173931598663,-0.32666103022396853
UBFC_PHYS_s17_T3_ctrl,154,215,161.16666666666666,0.16006629168987274,-0.3712472355157848
UBFC_PHYS_s17_T3_ctrl,154,216,161.2,0.14065855741500854,-0.42831191860245915
UBFC_PHYS_s17_T3_ctrl,154,217,161.23333333333332,0.1721697896718979,-0.48208586550523225
UBFC_PHYS_s17_T3_ctrl,154,218,161.26666666666668,0.24619542062282562,-0.5139714328909318
UBFC_PHYS_s17_T3_ctrl,154,219,161.3,0.3702855110168457,-0.5064027117870681
UBFC_PHYS_s17_T3_ctrl,154,220,161.33333333333334,0.4978872835636139,-0.4467936676198962
UBFC_PHYS_s17_T3_ctrl,154,221,161.36666666666667,0.5624899864196777,-0.33087374917390827
UBFC_PHYS_s17_T3_ctrl,154,222,161.4,0.5663411021232605,-0.16486429624109272
UBFC_PHYS_s17_T3_ctrl,154,223,161.43333333333334,0.553851306438446,0.03405533653823495
UBFC_PHYS_s17_T3_ctrl,154,224,161.46666666666667,0.5343382358551025,0.23957407164450648
UBFC_PHYS_s17_T3_ctrl,154,225,161.5,0.48887401819229126,0.420715823851999
UBFC_PHYS_s17_T3_ctrl,154,226,161.53333333333333,0.41569119691848755,0.5485848374171081
UBFC_PHYS_s17_T3_ctrl,154,227,161.56666666666666,0.3739493489265442,0.6039411778184441
UBFC_PHYS_s17_T3_ctrl,154,228,161.6,0.4778474271297455,0.5831582111905798
UBFC_PHYS_s17_T3_ctrl,154,229,161.63333333333333,0.7563214898109436,0.49992804371094046
UBFC_PHYS_s17_T3_ctrl,154,230,161.66666666666666,1.0454124212265015,0.3812428740771681
UBFC_PHYS_s17_T3_ctrl,154,231,161.7,1.1290833950042725,0.2585812245471208
UBFC_PHYS_s17_T3_ctrl,154,232,161.73333333333332,0.9187822341918945,0.15782208570140974
UBFC_PHYS_s17_T3_ctrl,154,233,161.76666666666668,0.4548695385456085,0.09228214144204405
UBFC_PHYS_s17_T3_ctrl,154,234,161.8,-0.10733435302972794,0.06144752234484747
UBFC_PHYS_s17_T3_ctrl,154,235,161.83333333333334,-0.5338947772979736,0.05492496323189243
UBFC_PHYS_s17_T3_ctrl,154,236,161.86666666666667,-0.6684378981590271,0.058999450806693575
UBFC_PHYS_s17_T3_ctrl,154,237,161.9,-0.5567907691001892,0.0627480635834498
UBFC_PHYS_s17_T3_ctrl,154,238,161.93333333333334,-0.3874706029891968,0.06157988187237525
UBFC_PHYS_s17_T3_ctrl,154,239,161.96666666666667,-0.3200000524520874,0.05749222182710334
UBFC_PHYS_s17_T3_ctrl,155,0,155.0,0.19126147031784058,0.02587842924745452
UBFC_PHYS_s17_T3_ctrl,155,1,155.03333333333333,0.22279611229896545,0.28538767179987057
UBFC_PHYS_s17_T3_ctrl,155,2,155.06666666666666,0.22836793959140778,0.5278138234306424
UBFC_PHYS_s17_T3_ctrl,155,3,155.1,0.17900580167770386,0.7369283969387919
UBFC_PHYS_s17_T3_ctrl,155,4,155.13333333333333,0.0808551087975502,0.9015080361138478
UBFC_PHYS_s17_T3_ctrl,155,5,155.16666666666666,-0.04612625017762184,1.0165905587205502
UBFC_PHYS_s17_T3_ctrl,155,6,155.2,-0.18638165295124054,1.0832393887112228
UBFC_PHYS_s17_T3_ctrl,155,7,155.23333333333332,-0.3322674036026001,1.1071423719062647
UBFC_PHYS_s17_T3_ctrl,155,8,155.26666666666668,-0.48803260922431946,1.0964623860009257
UBFC_PHYS_s17_T3_ctrl,155,9,155.3,-0.6145925521850586,1.0592335260129127
UBFC_PHYS_s17_T3_ctrl,155,10,155.33333333333334,-0.5893788933753967,1.0009087873020204
UBFC_PHYS_s17_T3_ctrl,155,11,155.36666666666667,-0.34215855598449707,0.9229789985047439
UBFC_PHYS_s17_T3_ctrl,155,12,155.4,0.009252512827515602,0.8232807470317056
UBFC_PHYS_s17_T3_ctrl,155,13,155.43333333333334,0.2931462228298187,0.6978940689060897
UBFC_PHYS_s17_T3_ctrl,155,14,155.46666666666667,0.4635784327983856,0.543919196542765
UBFC_PHYS_s17_T3_ctrl,155,15,155.5,0.5541907548904419,0.36213318463992444
UBFC_PHYS_s17_T3_ctrl,155,16,155.53333333333333,0.581382691860199,0.15857501256199408
UBFC_PHYS_s17_T3_ctrl,155,17,155.56666666666666,0.5842973589897156,-0.05552902206304973
UBFC_PHYS_s17_T3_ctrl,155,18,155.6,0.6405774354934692,-0.2655193033265576
UBFC_PHYS_s17_T3_ctrl,155,19,155.63333333333333,0.7867206931114197,-0.45622679545126443
UBFC_PHYS_s17_T3_ctrl,155,20,155.66666666666666,0.9623033404350281,-0.6152728770908338
UBFC_PHYS_s17_T3_ctrl,155,21,155.7,1.0947043895721436,-0.7359206201224672
UBFC_PHYS_s17_T3_ctrl,155,22,155.73333333333332,1.2072995901107788,-0.8187650273261239
UBFC_PHYS_s17_T3_ctrl,155,23,155.76666666666668,1.374477744102478,-0.8716814208079572
UBFC_PHYS_s17_T3_ctrl,155,24,155.8,1.5609112977981567,-0.9076278384211302
UBFC_PHYS_s17_T3_ctrl,155,25,155.83333333333334,1.5987904071807861,-0.9403678596530346
UBFC_PHYS_s17_T3_ctrl,155,26,155.86666666666667,1.333344578742981,-0.9790212055453426
UBFC_PHYS_s17_T3_ctrl,155,27,155.9,0.7525991201400757,-1.023128392106006
UBFC_PHYS_s17_T3_ctrl,155,28,155.93333333333334,0.06856432557106018,-1.0601118980267525
UBFC_PHYS_s17_T3_ctrl,155,29,155.96666666666667,-0.359389066696167,-1.066499297450197
UBFC_PHYS_s17_T3_ctrl,155,30,156.0,-0.37376344203948975,-1.0132351913572286
UBFC_PHYS_s17_T3_ctrl,155,31,156.03333333333333,-0.20934785902500153,-0.8742056222317147
UBFC_PHYS_s17_T3_ctrl,155,32,156.06666666666666,-0.12069033831357956,-0.6360278194965955
UBFC_PHYS_s17_T3_ctrl,155,33,156.1,-0.09644822776317596,-0.30627996327348184
UBFC_PHYS_s17_T3_ctrl,155,34,156.13333333333333,-0.1121453195810318,0.08308903786770185
UBFC_PHYS_s17_T3_ctrl,155,35,156.16666666666666,-0.23844775557518005,0.47968430870256457
UBFC_PHYS_s17_T3_ctrl,155,36,156.2,-0.4923519492149353,0.8221180238114921
UBFC_PHYS_s17_T3_ctrl,155,37,156.23333333333332,-0.8428499698638916,1.056017940901811
UBFC_PHYS_s17_T3_ctrl,155,38,156.26666666666668,-1.2755558490753174,1.1491198597957515
UBFC_PHYS_s17_T3_ctrl,155,39,156.3,-1.6951632499694824,1.099767491029738
UBFC_PHYS_s17_T3_ctrl,155,40,156.33333333333334,-1.939667820930481,0.9357619951553892
UBFC_PHYS_s17_T3_ctrl,155,41,156.36666666666667,-1.9703831672668457,0.7044869507246171
UBFC_PHYS_s17_T3_ctrl,155,42,156.4,-1.8897087574005127,0.4584493899998858
UBFC_PHYS_s17_T3_ctrl,155,43,156.43333333333334,-1.7471356391906738,0.24153213980551294
UBFC_PHYS_s17_T3_ctrl,155,44,156.46666666666667,-1.5061192512512207,0.08018662596485213
UBFC_PHYS_s17_T3_ctrl,155,45,156.5,-1.2116438150405884,-0.018598444781002844
UBFC_PHYS_s17_T3_ctrl,155,46,156.53333333333333,-0.991416335105896,-0.06324130829034082
UBFC_PHYS_s17_T3_ctrl,155,47,156.56666666666666,-0.8489368557929993,-0.0700183258402344
UBFC_PHYS_s17_T3_ctrl,155,48,156.6,-0.6689178347587585,-0.055466022835353845
UBFC_PHYS_s17_T3_ctrl,155,49,156.63333333333333,-0.402816504240036,-0.031613440395629
UBFC_PHYS_s17_T3_ctrl,155,50,156.66666666666666,-0.12449462711811066,-0.005098441522448854
UBFC_PHYS_s17_T3_ctrl,155,51,156.7,0.07534181326627731,0.020876260380543854
UBFC_PHYS_s17_T3_ctrl,155,52,156.73333333333332,0.17562291026115417,0.04402184203801308
UBFC_PHYS_s17_T3_ctrl,155,53,156.76666666666668,0.21082137525081635,0.0619557183276623
UBFC_PHYS_s17_T3_ctrl,155,54,156.8,0.22188307344913483,0.0733626332158416
UBFC_PHYS_s17_T3_ctrl,155,55,156.83333333333334,0.23937110602855682,0.08021224652992245
UBFC_PHYS_s17_T3_ctrl,155,56,156.86666666666667,0.2849406599998474,0.0888966380667953
UBFC_PHYS_s17_T3_ctrl,155,57,156.9,0.34851327538490295,0.10860581031928053
UBFC_PHYS_s17_T3_ctrl,155,58,156.93333333333334,0.3859708905220032,0.14704797496217192
UBFC_PHYS_s17_T3_ctrl,155,59,156.96666666666667,0.37432393431663513,0.20549354124316796
UBFC_PHYS_s17_T3_ctrl,155,60,157.0,0.32540661096572876,0.27578046792042443
UBFC_PHYS_s17_T3_ctrl,155,61,157.03333333333333,0.24078747630119324,0.3410974725760193
UBFC_PHYS_s17_T3_ctrl,155,62,157.06666666666666,0.12657682597637177,0.3806188898673687
UBFC_PHYS_s17_T3_ctrl,155,63,157.1,0.021578414365649223,0.37630611454603136
UBFC_PHYS_s17_T3_ctrl,155,64,157.13333333333333,-0.06230326369404793,0.31923079700593976
UBFC_PHYS_s17_T3_ctrl,155,65,157.16666666666666,-0.17482832074165344,0.21295160918191042
UBFC_PHYS_s17_T3_ctrl,155,66,157.2,-0.3549058735370636,0.07266153590531486
UBFC_PHYS_s17_T3_ctrl,155,67,157.23333333333332,-0.5595532655715942,-0.07944767900598468
UBFC_PHYS_s17_T3_ctrl,155,68,157.26666666666668,-0.6715047359466553,-0.22062501494070255
UBFC_PHYS_s17_T3_ctrl,155,69,157.3,-0.6026880741119385,-0.33336655809299526
UBFC_PHYS_s17_T3_ctrl,155,70,157.33333333333334,-0.40724119544029236,-0.4090119163474876
UBFC_PHYS_s17_T3_ctrl,155,71,157.36666666666667,-0.21338626742362976,-0.44879113644651125
UBFC_PHYS_s17_T3_ctrl,155,72,157.4,-0.07815252244472504,-0.46261319009413854
UBFC_PHYS_s17_T3_ctrl,155,73,157.43333333333334,0.006138847675174475,-0.4660021041405929
UBFC_PHYS_s17_T3_ctrl,155,74,157.46666666666667,0.030181962996721268,-0.47570759340503493
UBFC_PHYS_s17_T3_ctrl,155,75,157.5,0.004792714491486549,-0.5047762900983704
UBFC_PHYS_s17_T3_ctrl,155,76,157.53333333333333,0.004476665519177914,-0.558127182734196
UBFC_PHYS_s17_T3_ctrl,155,77,157.56666666666666,0.07371474802494049,-0.6297670576988287
UBFC_PHYS_s17_T3_ctrl,155,78,157.6,0.16450268030166626,-0.7025899735344707
UBFC_PHYS_s17_T3_ctrl,155,79,157.63333333333333,0.21303372085094452,-0.7512230392961012
UBFC_PHYS_s17_T3_ctrl,155,80,157.66666666666666,0.22649505734443665,-0.7476867319926287
UBFC_PHYS_s17_T3_ctrl,155,81,157.7,0.2597035765647888,-0.6688545206428443
UBFC_PHYS_s17_T3_ctrl,155,82,157.73333333333332,0.3117813766002655,-0.5039972542323785
UBFC_PHYS_s17_T3_ctrl,155,83,157.76666666666668,0.3146258294582367,-0.2602927907864976
UBFC_PHYS_s17_T3_ctrl,155,84,157.8,0.262337327003479,0.03571636922990422
UBFC_PHYS_s17_T3_ctrl,155,85,157.83333333333334,0.24914520978927612,0.34198447196141696
UBFC_PHYS_s17_T3_ctrl,155,86,157.86666666666667,0.30891352891921997,0.6099972475681427
UBFC_PHYS_s17_T3_ctrl,155,87,157.9,0.3478109538555145,0.7969342268820172
UBFC_PHYS_s17_T3_ctrl,155,88,157.93333333333334,0.30292031168937683,0.8771738923255794
UBFC_PHYS_s17_T3_ctrl,155,89,157.96666666666667,0.2966695725917816,0.8489820763051799
UBFC_PHYS_s17_T3_ctrl,155,90,158.0,0.5206544995307922,0.7338896441503074
UBFC_PHYS_s17_T3_ctrl,155,91,158.03333333333333,0.9489356279373169,0.5691593152893908
UBFC_PHYS_s17_T3_ctrl,155,92,158.06666666666666,1.340976595878601,0.396360423272456
UBFC_PHYS_s17_T3_ctrl,155,93,158.1,1.6258418560028076,0.2502456979071002
UBFC_PHYS_s17_T3_ctrl,155,94,158.13333333333333,1.9702646732330322,0.1514502734498444
UBFC_PHYS_s17_T3_ctrl,155,95,158.16666666666666,2.4617791175842285,0.10455572438111257
UBFC_PHYS_s17_T3_ctrl,155,96,158.2,2.8150980472564697,0.10085061044194475
UBFC_PHYS_s17_T3_ctrl,155,97,158.23333333333332,2.511106014251709,0.12371471319876606
UBFC_PHYS_s17_T3_ctrl,155,98,158.26666666666668,1.480915904045105,0.15440624025385394
UBFC_PHYS_s17_T3_ctrl,155,99,158.3,0.513350248336792,0.17666323573178386
UBFC_PHYS_s17_T3_ctrl,155,100,158.33333333333334,0.2850225865840912,0.1792788400039836
UBFC_PHYS_s17_T3_ctrl,155,101,158.36666666666667,0.5652759075164795,0.15657176477427232
UBFC_PHYS_s17_T3_ctrl,155,102,158.4,0.7939313054084778,0.10746203638091861
UBFC_PHYS_s17_T3_ctrl,155,103,158.43333333333334,0.7958042025566101,0.034296300609737755
UBFC_PHYS_s17_T3_ctrl,155,104,158.46666666666667,0.6290709376335144,-0.057702260777021085
UBFC_PHYS_s17_T3_ctrl,155,105,158.5,0.3269868493080139,-0.16032458766838767
UBFC_PHYS_s17_T3_ctrl,155,106,158.53333333333333,-0.002921215957030654,-0.2624241173522633
UBFC_PHYS_s17_T3_ctrl,155,107,158.56666666666666,-0.24541254341602325,-0.3510360707185842
UBFC_PHYS_s17_T3_ctrl,155,108,158.6,-0.4780243933200836,-0.41361089513964355
UBFC_PHYS_s17_T3_ctrl,155,109,158.63333333333333,-0.8091732263565063,-0.4404681889254018
UBFC_PHYS_s17_T3_ctrl,155,110,158.66666666666666,-1.1459758281707764,-0.42648305917976065
UBFC_PHYS_s17_T3_ctrl,155,111,158.7,-1.3288626670837402,-0.3715874189983114
UBFC_PHYS_s17_T3_ctrl,155,112,158.73333333333332,-1.3312740325927734,-0.28025846560018763
UBFC_PHYS_s17_T3_ctrl,155,113,158.76666666666668,-1.187155842781067,-0.16045529248856888
UBFC_PHYS_s17_T3_ctrl,155,114,158.8,-0.9428267478942871,-0.022434729146362364
UBFC_PHYS_s17_T3_ctrl,155,115,158.83333333333334,-0.7184321284294128,0.12233760617515774
UBFC_PHYS_s17_T3_ctrl,155,116,158.86666666666667,-0.634644091129303,0.262157770873194
UBFC_PHYS_s17_T3_ctrl,155,117,158.9,-0.7267547845840454,0.38589537816101804
UBFC_PHYS_s17_T3_ctrl,155,118,158.93333333333334,-0.9645990133285522,0.4834600278293526
UBFC_PHYS_s17_T3_ctrl,155,119,158.96666666666667,-1.2500377893447876,0.5459310958264942
UBFC_PHYS_s17_T3_ctrl,155,120,159.0,-1.4167243242263794,0.5659756956608566
UBFC_PHYS_s17_T3_ctrl,155,121,159.03333333333333,-1.367760181427002,0.5392847416705211
UBFC_PHYS_s17_T3_ctrl,155,122,159.06666666666666,-1.199598789215088,0.4667568083974215
UBFC_PHYS_s17_T3_ctrl,155,123,159.1,-1.0212419033050537,0.3560186004097672
UBFC_PHYS_s17_T3_ctrl,155,124,159.13333333333333,-0.8351711630821228,0.2208241441537768
UBFC_PHYS_s17_T3_ctrl,155,125,159.16666666666666,-0.6363765001296997,0.07800797082176712
UBFC_PHYS_s17_T3_ctrl,155,126,159.2,-0.4778839349746704,-0.05683397117716233
UBFC_PHYS_s17_T3_ctrl,155,127,159.23333333333332,-0.3815944194793701,-0.17301473964184452
UBFC_PHYS_s17_T3_ctrl,155,128,159.26666666666668,-0.3048180043697357,-0.26642465192552295
UBFC_PHYS_s17_T3_ctrl,155,129,159.3,-0.22413192689418793,-0.3390907072769807
UBFC_PHYS_s17_T3_ctrl,155,130,159.33333333333334,-0.17248721420764923,-0.3974207598023026
UBFC_PHYS_s17_T3_ctrl,155,131,159.36666666666667,-0.18050548434257507,-0.45000099641237495
UBFC_PHYS_s17_T3_ctrl,155,132,159.4,-0.25082048773765564,-0.5052634931267665
UBFC_PHYS_s17_T3_ctrl,155,133,159.43333333333334,-0.3682033121585846,-0.5688972333486303
UBFC_PHYS_s17_T3_ctrl,155,134,159.46666666666667,-0.4673723876476288,-0.6411044074606104
UBFC_PHYS_s17_T3_ctrl,155,135,159.5,-0.43539294600486755,-0.7144694236479034
UBFC_PHYS_s17_T3_ctrl,155,136,159.53333333333333,-0.24309484660625458,-0.7736603718255787
UBFC_PHYS_s17_T3_ctrl,155,137,159.56666666666666,-0.014357497915625572,-0.7979142722476624
UBFC_PHYS_s17_T3_ctrl,155,138,159.6,0.14736580848693848,-0.7662105796495638
UBFC_PHYS_s17_T3_ctrl,155,139,159.63333333333333,0.23855172097682953,-0.6637521990897217
UBFC_PHYS_s17_T3_ctrl,155,140,159.66666666666666,0.2801062762737274,-0.4875825069664418
UBFC_PHYS_s17_T3_ctrl,155,141,159.7,0.28741052746772766,-0.24931204549081648
UBFC_PHYS_s17_T3_ctrl,155,142,159.73333333333332,0.3230186700820923,0.02602807156803248
UBFC_PHYS_s17_T3_ctrl,155,143,159.76666666666668,0.4720180928707123,0.30460578153447393
UBFC_PHYS_s17_T3_ctrl,155,144,159.8,0.7127067446708679,0.5504441633254588
UBFC_PHYS_s17_T3_ctrl,155,145,159.83333333333334,0.9076971411705017,0.732382841570576
UBFC_PHYS_s17_T3_ctrl,155,146,159.86666666666667,0.9722647070884705,0.8299612668817842
UBFC_PHYS_s17_T3_ctrl,155,147,159.9,0.9522014856338501,0.8372127581363541
UBFC_PHYS_s17_T3_ctrl,155,148,159.93333333333334,0.902991533279419,0.7634567395600053
UBFC_PHYS_s17_T3_ctrl,155,149,159.96666666666667,0.7831856608390808,0.6306801257370468
UBFC_PHYS_s17_T3_ctrl,155,150,160.0,0.5066078901290894,0.4683659921483562
UBFC_PHYS_s17_T3_ctrl,155,151,160.03333333333333,0.05881363898515701,0.3075228223242248
UBFC_PHYS_s17_T3_ctrl,155,152,160.06666666666666,-0.42680108547210693,0.17523731889828875
UBFC_PHYS_s17_T3_ctrl,155,153,160.1,-0.7602910399436951,0.09016963118514497
UBFC_PHYS_s17_T3_ctrl,155,154,160.13333333333333,-0.8583247065544128,0.05921007099256069
UBFC_PHYS_s17_T3_ctrl,155,155,160.16666666666666,-0.8257131576538086,0.075930484297076
UBFC_PHYS_s17_T3_ctrl,155,156,160.2,-0.7933708429336548,0.12176030099723453
UBFC_PHYS_s17_T3_ctrl,155,157,160.23333333333332,-0.7262514233589172,0.1705319080193616
UBFC_PHYS_s17_T3_ctrl,155,158,160.26666666666668,-0.5191926956176758,0.19605691951992008
UBFC_PHYS_s17_T3_ctrl,155,159,160.3,-0.22434261441230774,0.18091051140124015
UBFC_PHYS_s17_T3_ctrl,155,160,160.33333333333334,0.019366072490811348,0.12329557441661898
UBFC_PHYS_s17_T3_ctrl,155,161,160.36666666666667,0.1581582874059677,0.03886067906398869
UBFC_PHYS_s17_T3_ctrl,155,162,160.4,0.19259589910507202,-0.043838106455344236
UBFC_PHYS_s17_T3_ctrl,155,163,160.43333333333334,0.13533255457878113,-0.09291912143700079
UBFC_PHYS_s17_T3_ctrl,155,164,160.46666666666667,0.05264483392238617,-0.08451026144145926
UBFC_PHYS_s17_T3_ctrl,155,165,160.5,0.020770734176039696,-0.011890542587175694
UBFC_PHYS_s17_T3_ctrl,155,166,160.53333333333333,0.027606751769781113,0.11080559130020953
UBFC_PHYS_s17_T3_ctrl,155,167,160.56666666666666,-0.0025934616569429636,0.2517838985360326
UBFC_PHYS_s17_T3_ctrl,155,168,160.6,-0.08675607293844223,0.37081486207232306
UBFC_PHYS_s17_T3_ctrl,155,169,160.63333333333333,-0.1845438927412033,0.43142015803592654
UBFC_PHYS_s17_T3_ctrl,155,170,160.66666666666666,-0.3076273202896118,0.4117065592922306
UBFC_PHYS_s17_T3_ctrl,155,171,160.7,-0.5184786319732666,0.3100361965314832
UBFC_PHYS_s17_T3_ctrl,155,172,160.73333333333332,-0.7968590259552002,0.14400664706847716
UBFC_PHYS_s17_T3_ctrl,155,173,160.76666666666668,-1.022271990776062,-0.05601942143303979
UBFC_PHYS_s17_T3_ctrl,155,174,160.8,-1.1092790365219116,-0.2558684733568431
UBFC_PHYS_s17_T3_ctrl,155,175,160.83333333333334,-1.0736943483352661,-0.42591533773930357
UBFC_PHYS_s17_T3_ctrl,155,176,160.86666666666667,-0.9732025265693665,-0.5468922656583244
UBFC_PHYS_s17_T3_ctrl,155,177,160.9,-0.8354052901268005,-0.612537107128443
UBFC_PHYS_s17_T3_ctrl,155,178,160.93333333333334,-0.6282880306243896,-0.6292315270106698
UBFC_PHYS_s17_T3_ctrl,155,179,160.96666666666667,-0.33725395798683167,-0.6130692567636371
UBFC_PHYS_s17_T3_ctrl,155,180,161.0,-0.03120172582566738,-0.5850682874774259
UBFC_PHYS_s17_T3_ctrl,155,181,161.03333333333333,0.20126968622207642,-0.5656015154986134
UBFC_PHYS_s17_T3_ctrl,155,182,161.06666666666666,0.3240370452404022,-0.569356284814917
UBFC_PHYS_s17_T3_ctrl,155,183,161.1,0.3258631229400635,-0.6019230514050047
UBFC_PHYS_s17_T3_ctrl,155,184,161.13333333333333,0.24157173931598663,-0.6584395786581062
UBFC_PHYS_s17_T3_ctrl,155,185,161.16666666666666,0.16006629168987274,-0.7241725105556602
UBFC_PHYS_s17_T3_ctrl,155,186,161.2,0.14065855741500854,-0.7769124124113242
UBFC_PHYS_s17_T3_ctrl,155,187,161.23333333333332,0.1721697896718979,-0.7911109875063933
UBFC_PHYS_s17_T3_ctrl,155,188,161.26666666666668,0.24619542062282562,-0.74327729997047
UBFC_PHYS_s17_T3_ctrl,155,189,161.3,0.3702855110168457,-0.6175714641238691
UBFC_PHYS_s17_T3_ctrl,155,190,161.33333333333334,0.4978872835636139,-0.41030415531638126
UBFC_PHYS_s17_T3_ctrl,155,191,161.36666666666667,0.5624899864196777,-0.13219461146588846
UBFC_PHYS_s17_T3_ctrl,155,192,161.4,0.5663411021232605,0.1923899393522263
UBFC_PHYS_s17_T3_ctrl,155,193,161.43333333333334,0.553851306438446,0.5293566423166052
UBFC_PHYS_s17_T3_ctrl,155,194,161.46666666666667,0.5343382358551025,0.8412328620630075
UBFC_PHYS_s17_T3_ctrl,155,195,161.5,0.48887401819229126,1.094379792722949
UBFC_PHYS_s17_T3_ctrl,155,196,161.53333333333333,0.41569119691848755,1.2651764122940659
UBFC_PHYS_s17_T3_ctrl,155,197,161.56666666666666,0.3739493489265442,1.3436617576573646
UBFC_PHYS_s17_T3_ctrl,155,198,161.6,0.4778474271297455,1.3340824131790898
UBFC_PHYS_s17_T3_ctrl,155,199,161.63333333333333,0.7563214898109436,1.2526507773194078
UBFC_PHYS_s17_T3_ctrl,155,200,161.66666666666666,1.0454124212265015,1.1231331969169074
UBFC_PHYS_s17_T3_ctrl,155,201,161.7,1.1290833950042725,0.9710739552967942
UBFC_PHYS_s17_T3_ctrl,155,202,161.73333333333332,0.9187822341918945,0.8179375146301087
UBFC_PHYS_s17_T3_ctrl,155,203,161.76666666666668,0.4548695385456085,0.6767828689081196
UBFC_PHYS_s17_T3_ctrl,155,204,161.8,-0.10733435302972794,0.5507034367607531
UBFC_PHYS_s17_T3_ctrl,155,205,161.83333333333334,-0.5338947772979736,0.4342847236231898
UBFC_PHYS_s17_T3_ctrl,155,206,161.86666666666667,-0.6684378981590271,0.31727932478533777
UBFC_PHYS_s17_T3_ctrl,155,207,161.9,-0.5567907691001892,0.18910919415399519
UBFC_PHYS_s17_T3_ctrl,155,208,161.93333333333334,-0.3874706029891968,0.04288561701922537
UBFC_PHYS_s17_T3_ctrl,155,209,161.96666666666667,-0.3200000524520874,-0.12194249112093551
UBFC_PHYS_s17_T3_ctrl,155,210,162.0,-0.3876344561576843,-0.2988332076812749
UBFC_PHYS_s17_T3_ctrl,155,211,162.03333333333333,-0.545436441898346,-0.4754801803713503
UBFC_PHYS_s17_T3_ctrl,155,212,162.06666666666666,-0.7106245756149292,-0.6369647971248866
UBFC_PHYS_s17_T3_ctrl,155,213,162.1,-0.7865231037139893,-0.7699317923021538
UBFC_PHYS_s17_T3_ctrl,155,214,162.13333333333333,-0.7669515013694763,-0.866540083773481
UBFC_PHYS_s17_T3_ctrl,155,215,162.16666666666666,-0.8072769641876221,-0.9267969653513641
UBFC_PHYS_s17_T3_ctrl,155,216,162.2,-1.0624687671661377,-0.9582094768005084
UBFC_PHYS_s17_T3_ctrl,155,217,162.23333333333332,-1.4055923223495483,-0.97250670303128
UBFC_PHYS_s17_T3_ctrl,155,218,162.26666666666668,-1.4030990600585938,-0.9803097098437069
UBFC_PHYS_s17_T3_ctrl,155,219,162.3,-0.8216044902801514,-0.9856271952422408
UBFC_PHYS_s17_T3_ctrl,155,220,162.33333333333334,-0.07896020263433456,-0.9824433561936831
UBFC_PHYS_s17_T3_ctrl,155,221,162.36666666666667,0.21882794797420502,-0.9551009234071716
UBFC_PHYS_s17_T3_ctrl,155,222,162.4,0.0011054790811613202,-0.8827544828146979
UBFC_PHYS_s17_T3_ctrl,155,223,162.43333333333334,-0.28461429476737976,-0.7465485087532421
UBFC_PHYS_s17_T3_ctrl,155,224,162.46666666666667,-0.25899091362953186,-0.5371429664402627
UBFC_PHYS_s17_T3_ctrl,155,225,162.5,0.08556072413921356,-0.26014830491059704
UBFC_PHYS_s17_T3_ctrl,155,226,162.53333333333333,0.514626145362854,0.06217852614022268
UBFC_PHYS_s17_T3_ctrl,155,227,162.56666666666666,0.8375226259231567,0.3935524200475609
UBFC_PHYS_s17_T3_ctrl,155,228,162.6,1.0884184837341309,0.69025977921509
UBFC_PHYS_s17_T3_ctrl,155,229,162.63333333333333,1.3528575897216797,0.9105234593613709
UBFC_PHYS_s17_T3_ctrl,155,230,162.66666666666666,1.498005986213684,1.0244511252254762
UBFC_PHYS_s17_T3_ctrl,155,231,162.7,1.2613322734832764,1.0218555303539594
UBFC_PHYS_s17_T3_ctrl,155,232,162.73333333333332,0.590747058391571,0.9156277502385082
UBFC_PHYS_s17_T3_ctrl,155,233,162.76666666666668,-0.23835411667823792,0.7394122148059914
UBFC_PHYS_s17_T3_ctrl,155,234,162.8,-0.871926486492157,0.5396651773502303
UBFC_PHYS_s17_T3_ctrl,155,235,162.83333333333334,-1.283164381980896,0.3637767018784019
UBFC_PHYS_s17_T3_ctrl,155,236,162.86666666666667,-1.730326533317566,0.24756234096540564
UBFC_PHYS_s17_T3_ctrl,155,237,162.9,-2.238556385040283,0.2060583725258199
UBFC_PHYS_s17_T3_ctrl,155,238,162.93333333333334,-2.465338945388794,0.23045665079924316
UBFC_PHYS_s17_T3_ctrl,155,239,162.96666666666667,-2.228548049926758,0.2918123914220731
UBFC_PHYS_s17_T3_ctrl,156,0,156.0,-0.37376344203948975,-0.06234133546452073
UBFC_PHYS_s17_T3_ctrl,156,1,156.03333333333333,-0.20934785902500153,0.07258816333839876
UBFC_PHYS_s17_T3_ctrl,156,2,156.06666666666666,-0.12069033831357956,0.21112220489193723
UBFC_PHYS_s17_T3_ctrl,156,3,156.1,-0.09644822776317596,0.3545754145706033
UBFC_PHYS_s17_T3_ctrl,156,4,156.13333333333333,-0.1121453195810318,0.49801667492608426
UBFC_PHYS_s17_T3_ctrl,156,5,156.16666666666666,-0.23844775557518005,0.6295676472960273
UBFC_PHYS_s17_T3_ctrl,156,6,156.2,-0.4923519492149353,0.731906474720161
UBFC_PHYS_s17_T3_ctrl,156,7,156.23333333333332,-0.8428499698638916,0.7861537714273236
UBFC_PHYS_s17_T3_ctrl,156,8,156.26666666666668,-1.2755558490753174,0.7773959906852048
UBFC_PHYS_s17_T3_ctrl,156,9,156.3,-1.6951632499694824,0.6999187096215868
UBFC_PHYS_s17_T3_ctrl,156,10,156.33333333333334,-1.939667820930481,0.5598919147167335
UBFC_PHYS_s17_T3_ctrl,156,11,156.36666666666667,-1.9703831672668457,0.3742663052534062
UBFC_PHYS_s17_T3_ctrl,156,12,156.4,-1.8897087574005127,0.1665511919130007
UBFC_PHYS_s17_T3_ctrl,156,13,156.43333333333334,-1.7471356391906738,-0.038427957606087325
UBFC_PHYS_s17_T3_ctrl,156,14,156.46666666666667,-1.5061192512512207,-0.21876104724697146
UBFC_PHYS_s17_T3_ctrl,156,15,156.5,-1.2116438150405884,-0.35769333976886175
UBFC_PHYS_s17_T3_ctrl,156,16,156.53333333333333,-0.991416335105896,-0.44395289254894427
UBFC_PHYS_s17_T3_ctrl,156,17,156.56666666666666,-0.8489368557929993,-0.4710642459537307
UBFC_PHYS_s17_T3_ctrl,156,18,156.6,-0.6689178347587585,-0.437042213697409
UBFC_PHYS_s17_T3_ctrl,156,19,156.63333333333333,-0.402816504240036,-0.34548346962770843
UBFC_PHYS_s17_T3_ctrl,156,20,156.66666666666666,-0.12449462711811066,-0.20766958557863063
UBFC_PHYS_s17_T3_ctrl,156,21,156.7,0.07534181326627731,-0.04383638807838456
UBFC_PHYS_s17_T3_ctrl,156,22,156.73333333333332,0.17562291026115417,0.11855583337350833
UBFC_PHYS_s17_T3_ctrl,156,23,156.76666666666668,0.21082137525081635,0.2505078732169028
UBFC_PHYS_s17_T3_ctrl,156,24,156.8,0.22188307344913483,0.3298517474267704
UBFC_PHYS_s17_T3_ctrl,156,25,156.83333333333334,0.23937110602855682,0.34898634010927293
UBFC_PHYS_s17_T3_ctrl,156,26,156.86666666666667,0.2849406599998474,0.31808934937573785
UBFC_PHYS_s17_T3_ctrl,156,27,156.9,0.34851327538490295,0.2615536148071431
UBFC_PHYS_s17_T3_ctrl,156,28,156.93333333333334,0.3859708905220032,0.20869584989961976
UBFC_PHYS_s17_T3_ctrl,156,29,156.96666666666667,0.37432393431663513,0.18265302452962098
UBFC_PHYS_s17_T3_ctrl,156,30,157.0,0.32540661096572876,0.1919975308815718
UBFC_PHYS_s17_T3_ctrl,156,31,157.03333333333333,0.24078747630119324,0.22815569933432778
UBFC_PHYS_s17_T3_ctrl,156,32,157.06666666666666,0.12657682597637177,0.26936893149214
UBFC_PHYS_s17_T3_ctrl,156,33,157.1,0.021578414365649223,0.28951627220523996
UBFC_PHYS_s17_T3_ctrl,156,34,157.13333333333333,-0.06230326369404793,0.2682795945612393
UBFC_PHYS_s17_T3_ctrl,156,35,157.16666666666666,-0.17482832074165344,0.19864386653848715
UBFC_PHYS_s17_T3_ctrl,156,36,157.2,-0.3549058735370636,0.08894140772525584
UBFC_PHYS_s17_T3_ctrl,156,37,157.23333333333332,-0.5595532655715942,-0.040939901328289015
UBFC_PHYS_s17_T3_ctrl,156,38,157.26666666666668,-0.6715047359466553,-0.16709729268919207
UBFC_PHYS_s17_T3_ctrl,156,39,157.3,-0.6026880741119385,-0.2696235552255158
UBFC_PHYS_s17_T3_ctrl,156,40,157.33333333333334,-0.40724119544029236,-0.33841603507979134
UBFC_PHYS_s17_T3_ctrl,156,41,157.36666666666667,-0.21338626742362976,-0.37552539485142344
UBFC_PHYS_s17_T3_ctrl,156,42,157.4,-0.07815252244472504,-0.39382950301481706
UBFC_PHYS_s17_T3_ctrl,156,43,157.43333333333334,0.006138847675174475,-0.41248399367268396
UBFC_PHYS_s17_T3_ctrl,156,44,157.46666666666667,0.030181962996721268,-0.45029394935290834
UBFC_PHYS_s17_T3_ctrl,156,45,157.5,0.004792714491486549,-0.518759330145938
UBFC_PHYS_s17_T3_ctrl,156,46,157.53333333333333,0.004476665519177914,-0.6167420966043967
UBFC_PHYS_s17_T3_ctrl,156,47,157.56666666666666,0.07371474802494049,-0.7283700056591921
UBFC_PHYS_s17_T3_ctrl,156,48,157.6,0.16450268030166626,-0.825026111015574
UBFC_PHYS_s17_T3_ctrl,156,49,157.63333333333333,0.21303372085094452,-0.8713309884175692
UBFC_PHYS_s17_T3_ctrl,156,50,157.66666666666666,0.22649505734443665,-0.8341069327848972
UBFC_PHYS_s17_T3_ctrl,156,51,157.7,0.2597035765647888,-0.6923973868300513
UBFC_PHYS_s17_T3_ctrl,156,52,157.73333333333332,0.3117813766002655,-0.4458067009161965
UBFC_PHYS_s17_T3_ctrl,156,53,157.76666666666668,0.3146258294582367,-0.11823628804936426
UBFC_PHYS_s17_T3_ctrl,156,54,157.8,0.262337327003479,0.24499575531099504
UBFC_PHYS_s17_T3_ctrl,156,55,157.83333333333334,0.24914520978927612,0.5867005144739459
UBFC_PHYS_s17_T3_ctrl,156,56,157.86666666666667,0.30891352891921997,0.8516659480048658
UBFC_PHYS_s17_T3_ctrl,156,57,157.9,0.3478109538555145,1.0005947457524726
UBFC_PHYS_s17_T3_ctrl,156,58,157.93333333333334,0.30292031168937683,1.0195742191934225
UBFC_PHYS_s17_T3_ctrl,156,59,157.96666666666667,0.2966695725917816,0.9220199893094876
UBFC_PHYS_s17_T3_ctrl,156,60,158.0,0.5206544995307922,0.7428845347349097
UBFC_PHYS_s17_T3_ctrl,156,61,158.03333333333333,0.9489356279373169,0.5277646153690146
UBFC_PHYS_s17_T3_ctrl,156,62,158.06666666666666,1.340976595878601,0.3210190989089145
UBFC_PHYS_s17_T3_ctrl,156,63,158.1,1.6258418560028076,0.15661456748482394
UBFC_PHYS_s17_T3_ctrl,156,64,158.13333333333333,1.9702646732330322,0.053578466559274084
UBFC_PHYS_s17_T3_ctrl,156,65,158.16666666666666,2.4617791175842285,0.01582042092656231
UBFC_PHYS_s17_T3_ctrl,156,66,158.2,2.8150980472564697,0.03478749327603673
UBFC_PHYS_s17_T3_ctrl,156,67,158.23333333333332,2.511106014251709,0.09327799094730985
UBFC_PHYS_s17_T3_ctrl,156,68,158.26666666666668,1.480915904045105,0.16938617016909976
UBFC_PHYS_s17_T3_ctrl,156,69,158.3,0.513350248336792,0.24025344724890674
UBFC_PHYS_s17_T3_ctrl,156,70,158.33333333333334,0.2850225865840912,0.2855081531965273
UBFC_PHYS_s17_T3_ctrl,156,71,158.36666666666667,0.5652759075164795,0.2900569686717432
UBFC_PHYS_s17_T3_ctrl,156,72,158.4,0.7939313054084778,0.24570833440018952
UBFC_PHYS_s17_T3_ctrl,156,73,158.43333333333334,0.7958042025566101,0.15141384812394434
UBFC_PHYS_s17_T3_ctrl,156,74,158.46666666666667,0.6290709376335144,0.012650277607583681
UBFC_PHYS_s17_T3_ctrl,156,75,158.5,0.3269868493080139,-0.15922018519350317
UBFC_PHYS_s17_T3_ctrl,156,76,158.53333333333333,-0.002921215957030654,-0.3474105771774037
UBFC_PHYS_s17_T3_ctrl,156,77,158.56666666666666,-0.24541254341602325,-0.5305945898285269
UBFC_PHYS_s17_T3_ctrl,156,78,158.6,-0.4780243933200836,-0.6848729068946886
UBFC_PHYS_s17_T3_ctrl,156,79,158.63333333333333,-0.8091732263565063,-0.7869508363578337
UBFC_PHYS_s17_T3_ctrl,156,80,158.66666666666666,-1.1459758281707764,-0.81813039223116
UBFC_PHYS_s17_T3_ctrl,156,81,158.7,-1.3288626670837402,-0.7683258153068968
UBFC_PHYS_s17_T3_ctrl,156,82,158.73333333333332,-1.3312740325927734,-0.6390256437869726
UBFC_PHYS_s17_T3_ctrl,156,83,158.76666666666668,-1.187155842781067,-0.4441133222938262
UBFC_PHYS_s17_T3_ctrl,156,84,158.8,-0.9428267478942871,-0.20788203637856617
UBFC_PHYS_s17_T3_ctrl,156,85,158.83333333333334,-0.7184321284294128,0.03963663727585222
UBFC_PHYS_s17_T3_ctrl,156,86,158.86666666666667,-0.634644091129303,0.26897669624836695
UBFC_PHYS_s17_T3_ctrl,156,87,158.9,-0.7267547845840454,0.4572513545959084
UBFC_PHYS_s17_T3_ctrl,156,88,158.93333333333334,-0.9645990133285522,0.5916169824206021
UBFC_PHYS_s17_T3_ctrl,156,89,158.96666666666667,-1.2500377893447876,0.6689485183387671
UBFC_PHYS_s17_T3_ctrl,156,90,159.0,-1.4167243242263794,0.69275294378398
UBFC_PHYS_s17_T3_ctrl,156,91,159.03333333333333,-1.367760181427002,0.6698624934984947
UBFC_PHYS_s17_T3_ctrl,156,92,159.06666666666666,-1.199598789215088,0.6086846869911523
UBFC_PHYS_s17_T3_ctrl,156,93,159.1,-1.0212419033050537,0.5188619284692286
UBFC_PHYS_s17_T3_ctrl,156,94,159.13333333333333,-0.8351711630821228,0.4110616822442298
UBFC_PHYS_s17_T3_ctrl,156,95,159.16666666666666,-0.6363765001296997,0.2959335245752257
UBFC_PHYS_s17_T3_ctrl,156,96,159.2,-0.4778839349746704,0.18245699824111047
UBFC_PHYS_s17_T3_ctrl,156,97,159.23333333333332,-0.3815944194793701,0.07672647528969236
UBFC_PHYS_s17_T3_ctrl,156,98,159.26666666666668,-0.3048180043697357,-0.01812832497680272
UBFC_PHYS_s17_T3_ctrl,156,99,159.3,-0.22413192689418793,-0.1011705374746624
UBFC_PHYS_s17_T3_ctrl,156,100,159.33333333333334,-0.17248721420764923,-0.17291269361338565
UBFC_PHYS_s17_T3_ctrl,156,101,159.36666666666667,-0.18050548434257507,-0.2352168194101968
UBFC_PHYS_s17_T3_ctrl,156,102,159.4,-0.25082048773765564,-0.29157640548955355
UBFC_PHYS_s17_T3_ctrl,156,103,159.43333333333334,-0.3682033121585846,-0.34687444601587325
UBFC_PHYS_s17_T3_ctrl,156,104,159.46666666666667,-0.4673723876476288,-0.40595535528735255
UBFC_PHYS_s17_T3_ctrl,156,105,159.5,-0.43539294600486755,-0.4712321466631161
UBFC_PHYS_s17_T3_ctrl,156,106,159.53333333333333,-0.24309484660625458,-0.5403683381300992
UBFC_PHYS_s17_T3_ctrl,156,107,159.56666666666666,-0.014357497915625572,-0.6052826494595461
UBFC_PHYS_s17_T3_ctrl,156,108,159.6,0.14736580848693848,-0.6531844715381903
UBFC_PHYS_s17_T3_ctrl,156,109,159.63333333333333,0.23855172097682953,-0.6694214947881539
UBFC_PHYS_s17_T3_ctrl,156,110,159.66666666666666,0.2801062762737274,-0.6411742750565055
UBFC_PHYS_s17_T3_ctrl,156,111,159.7,0.28741052746772766,-0.5608742535394287
UBFC_PHYS_s17_T3_ctrl,156,112,159.73333333333332,0.3230186700820923,-0.4286496117315982
UBFC_PHYS_s17_T3_ctrl,156,113,159.76666666666668,0.4720180928707123,-0.25360400634373303
UBFC_PHYS_s17_T3_ctrl,156,114,159.8,0.7127067446708679,-0.05380973944959954
UBFC_PHYS_s17_T3_ctrl,156,115,159.83333333333334,0.9076971411705017,0.14542395539321212
UBFC_PHYS_s17_T3_ctrl,156,116,159.86666666666667,0.9722647070884705,0.3156390619876347
UBFC_PHYS_s17_T3_ctrl,156,117,159.9,0.9522014856338501,0.4315921187115557
UBFC_PHYS_s17_T3_ctrl,156,118,159.93333333333334,0.902991533279419,0.47818595950233395
UBFC_PHYS_s17_T3_ctrl,156,119,159.96666666666667,0.7831856608390808,0.45519247898667553
UBFC_PHYS_s17_T3_ctrl,156,120,160.0,0.5066078901290894,0.3777017254446073
UBFC_PHYS_s17_T3_ctrl,156,121,160.03333333333333,0.05881363898515701,0.27206346508378604
UBFC_PHYS_s17_T3_ctrl,156,122,160.06666666666666,-0.42680108547210693,0.16869293353209272
UBFC_PHYS_s17_T3_ctrl,156,123,160.1,-0.7602910399436951,0.09392069846918988
UBFC_PHYS_s17_T3_ctrl,156,124,160.13333333333333,-0.8583247065544128,0.06312812665145436
UBFC_PHYS_s17_T3_ctrl,156,125,160.16666666666666,-0.8257131576538086,0.07700893956513855
UBFC_PHYS_s17_T3_ctrl,156,126,160.2,-0.7933708429336548,0.1221410277876011
UBFC_PHYS_s17_T3_ctrl,156,127,160.23333333333332,-0.7262514233589172,0.17606145444054225
UBFC_PHYS_s17_T3_ctrl,156,128,160.26666666666668,-0.5191926956176758,0.21565131709447904
UBFC_PHYS_s17_T3_ctrl,156,129,160.3,-0.22434261441230774,0.2261517976165239
UBFC_PHYS_s17_T3_ctrl,156,130,160.33333333333334,0.019366072490811348,0.2072671554924491
UBFC_PHYS_s17_T3_ctrl,156,131,160.36666666666667,0.1581582874059677,0.1735529299014789
UBFC_PHYS_s17_T3_ctrl,156,132,160.4,0.19259589910507202,0.14877045014404017
UBFC_PHYS_s17_T3_ctrl,156,133,160.43333333333334,0.13533255457878113,0.15653348447523632
UBFC_PHYS_s17_T3_ctrl,156,134,160.46666666666667,0.05264483392238617,0.21076096059442267
UBFC_PHYS_s17_T3_ctrl,156,135,160.5,0.020770734176039696,0.3091962937417718
UBFC_PHYS_s17_T3_ctrl,156,136,160.53333333333333,0.027606751769781113,0.4322436108148135
UBFC_PHYS_s17_T3_ctrl,156,137,160.56666666666666,-0.0025934616569429636,0.5478048288341474
UBFC_PHYS_s17_T3_ctrl,156,138,160.6,-0.08675607293844223,0.6208013330315995
UBFC_PHYS_s17_T3_ctrl,156,139,160.63333333333333,-0.1845438927412033,0.6241888532204295
UBFC_PHYS_s17_T3_ctrl,156,140,160.66666666666666,-0.3076273202896118,0.5473671715048478
UBFC_PHYS_s17_T3_ctrl,156,141,160.7,-0.5184786319732666,0.3987518842699351
UBFC_PHYS_s17_T3_ctrl,156,142,160.73333333333332,-0.7968590259552002,0.20187127930693644
UBFC_PHYS_s17_T3_ctrl,156,143,160.76666666666668,-1.022271990776062,-0.012773387520979004
UBFC_PHYS_s17_T3_ctrl,156,144,160.8,-1.1092790365219116,-0.21636616126063032
UBFC_PHYS_s17_T3_ctrl,156,145,160.83333333333334,-1.0736943483352661,-0.38777863474286645
UBFC_PHYS_s17_T3_ctrl,156,146,160.86666666666667,-0.9732025265693665,-0.515745971955653
UBFC_PHYS_s17_T3_ctrl,156,147,160.9,-0.8354052901268005,-0.5980208029997595
UBFC_PHYS_s17_T3_ctrl,156,148,160.93333333333334,-0.6282880306243896,-0.63906006545138
UBFC_PHYS_s17_T3_ctrl,156,149,160.96666666666667,-0.33725395798683167,-0.6474967988538215
UBFC_PHYS_s17_T3_ctrl,156,150,161.0,-0.03120172582566738,-0.6340500565588963
UBFC_PHYS_s17_T3_ctrl,156,151,161.03333333333333,0.20126968622207642,-0.6100079858434624
UBFC_PHYS_s17_T3_ctrl,156,152,161.06666666666666,0.3240370452404022,-0.5860703576643073
UBFC_PHYS_s17_T3_ctrl,156,153,161.1,0.3258631229400635,-0.5711996046405847
UBFC_PHYS_s17_T3_ctrl,156,154,161.13333333333333,0.24157173931598663,-0.5712309872769781
UBFC_PHYS_s17_T3_ctrl,156,155,161.16666666666666,0.16006629168987274,-0.5873625220982035
UBFC_PHYS_s17_T3_ctrl,156,156,161.2,0.14065855741500854,-0.6151065293165454
UBFC_PHYS_s17_T3_ctrl,156,157,161.23333333333332,0.1721697896718979,-0.6443253412837142
UBFC_PHYS_s17_T3_ctrl,156,158,161.26666666666668,0.24619542062282562,-0.6604177047107939
UBFC_PHYS_s17_T3_ctrl,156,159,161.3,0.3702855110168457,-0.6462677053303536
UBFC_PHYS_s17_T3_ctrl,156,160,161.33333333333334,0.4978872835636139,-0.5847771226244474
UBFC_PHYS_s17_T3_ctrl,156,161,161.36666666666667,0.5624899864196777,-0.46215373695753514
UBFC_PHYS_s17_T3_ctrl,156,162,161.4,0.5663411021232605,-0.2719083994277249
UBFC_PHYS_s17_T3_ctrl,156,163,161.43333333333334,0.553851306438446,-0.01879296734970324
UBFC_PHYS_s17_T3_ctrl,156,164,161.46666666666667,0.5343382358551025,0.2787773778887518
UBFC_PHYS_s17_T3_ctrl,156,165,161.5,0.48887401819229126,0.5894509606928429
UBFC_PHYS_s17_T3_ctrl,156,166,161.53333333333333,0.41569119691848755,0.8738229663860465
UBFC_PHYS_s17_T3_ctrl,156,167,161.56666666666666,0.3739493489265442,1.0930436971126463
UBFC_PHYS_s17_T3_ctrl,156,168,161.6,0.4778474271297455,1.2188944244677635
UBFC_PHYS_s17_T3_ctrl,156,169,161.63333333333333,0.7563214898109436,1.2417334318486377
UBFC_PHYS_s17_T3_ctrl,156,170,161.66666666666666,1.0454124212265015,1.172817568210347
UBFC_PHYS_s17_T3_ctrl,156,171,161.7,1.1290833950042725,1.0396242369623065
UBFC_PHYS_s17_T3_ctrl,156,172,161.73333333333332,0.9187822341918945,0.8762233141989647
UBFC_PHYS_s17_T3_ctrl,156,173,161.76666666666668,0.4548695385456085,0.7130344745087989
UBFC_PHYS_s17_T3_ctrl,156,174,161.8,-0.10733435302972794,0.5697164090882745
UBFC_PHYS_s17_T3_ctrl,156,175,161.83333333333334,-0.5338947772979736,0.45263239056938764
UBFC_PHYS_s17_T3_ctrl,156,176,161.86666666666667,-0.6684378981590271,0.35638538386668267
UBFC_PHYS_s17_T3_ctrl,156,177,161.9,-0.5567907691001892,0.2680016720926529
UBFC_PHYS_s17_T3_ctrl,156,178,161.93333333333334,-0.3874706029891968,0.1722008390081661
UBFC_PHYS_s17_T3_ctrl,156,179,161.96666666666667,-0.3200000524520874,0.05643083145086283
UBFC_PHYS_s17_T3_ctrl,156,180,162.0,-0.3876344561576843,-0.08534268710056576
UBFC_PHYS_s17_T3_ctrl,156,181,162.03333333333333,-0.545436441898346,-0.25083983062617315
UBFC_PHYS_s17_T3_ctrl,156,182,162.06666666666666,-0.7106245756149292,-0.43008788298679396
UBFC_PHYS_s17_T3_ctrl,156,183,162.1,-0.7865231037139893,-0.6082707268939058
UBFC_PHYS_s17_T3_ctrl,156,184,162.13333333333333,-0.7669515013694763,-0.7697432701836203
UBFC_PHYS_s17_T3_ctrl,156,185,162.16666666666666,-0.8072769641876221,-0.9016081431374846
UBFC_PHYS_s17_T3_ctrl,156,186,162.2,-1.0624687671661377,-0.9955495793172732
UBFC_PHYS_s17_T3_ctrl,156,187,162.23333333333332,-1.4055923223495483,-1.0475324131608839
UBFC_PHYS_s17_T3_ctrl,156,188,162.26666666666668,-1.4030990600585938,-1.0559494792205595
UBFC_PHYS_s17_T3_ctrl,156,189,162.3,-0.8216044902801514,-1.0194545331560398
UBFC_PHYS_s17_T3_ctrl,156,190,162.33333333333334,-0.07896020263433456,-0.9358309223636112
UBFC_PHYS_s17_T3_ctrl,156,191,162.36666666666667,0.21882794797420502,-0.8027075868742899
UBFC_PHYS_s17_T3_ctrl,156,192,162.4,0.0011054790811613202,-0.6198906168694838
UBFC_PHYS_s17_T3_ctrl,156,193,162.43333333333334,-0.28461429476737976,-0.39202194544108093
UBFC_PHYS_s17_T3_ctrl,156,194,162.46666666666667,-0.25899091362953186,-0.1298878315413637
UBFC_PHYS_s17_T3_ctrl,156,195,162.5,0.08556072413921356,0.15040600459305242
UBFC_PHYS_s17_T3_ctrl,156,196,162.53333333333333,0.514626145362854,0.42940056761446793
UBFC_PHYS_s17_T3_ctrl,156,197,162.56666666666666,0.8375226259231567,0.6857152236460374
UBFC_PHYS_s17_T3_ctrl,156,198,162.6,1.0884184837341309,0.8967375727519292
UBFC_PHYS_s17_T3_ctrl,156,199,162.63333333333333,1.3528575897216797,1.0400204559216968
UBFC_PHYS_s17_T3_ctrl,156,200,162.66666666666666,1.498005986213684,1.0965512690819657
UBFC_PHYS_s17_T3_ctrl,156,201,162.7,1.2613322734832764,1.0554747774288098
UBFC_PHYS_s17_T3_ctrl,156,202,162.73333333333332,0.590747058391571,0.9186216889442302
UBFC_PHYS_s17_T3_ctrl,156,203,162.76666666666668,-0.23835411667823792,0.7028409275693968
UBFC_PHYS_s17_T3_ctrl,156,204,162.8,-0.871926486492157,0.4385783316091105
UBFC_PHYS_s17_T3_ctrl,156,205,162.83333333333334,-1.283164381980896,0.164475439837689
UBFC_PHYS_s17_T3_ctrl,156,206,162.86666666666667,-1.730326533317566,-0.08039471523665694
UBFC_PHYS_s17_T3_ctrl,156,207,162.9,-2.238556385040283,-0.2639944947525926
UBFC_PHYS_s17_T3_ctrl,156,208,162.93333333333334,-2.465338945388794,-0.36645581242613
UBFC_PHYS_s17_T3_ctrl,156,209,162.96666666666667,-2.228548049926758,-0.3823260862565927
UBFC_PHYS_s17_T3_ctrl,156,210,163.0,-1.7053821086883545,-0.3204166437404302
UBFC_PHYS_s17_T3_ctrl,156,211,163.03333333333333,-1.1006170511245728,-0.20195138835414675
UBFC_PHYS_s17_T3_ctrl,156,212,163.06666666666666,-0.586370587348938,-0.057355445626403476
UBFC_PHYS_s17_T3_ctrl,156,213,163.1,-0.3322908282279968,0.0784239729698365
UBFC_PHYS_s17_T3_ctrl,156,214,163.13333333333333,-0.29908227920532227,0.17219395285520153
UBFC_PHYS_s17_T3_ctrl,156,215,163.16666666666666,-0.2649022042751312,0.19973266517825
UBFC_PHYS_s17_T3_ctrl,156,216,163.2,-0.1180097758769989,0.15198682252582982
UBFC_PHYS_s17_T3_ctrl,156,217,163.23333333333332,0.0770508199930191,0.03770132119208031
UBFC_PHYS_s17_T3_ctrl,156,218,163.26666666666668,0.23609356582164764,-0.11903232360118063
UBFC_PHYS_s17_T3_ctrl,156,219,163.3,0.31395861506462097,-0.2857489520988487
UBFC_PHYS_s17_T3_ctrl,156,220,163.33333333333334,0.2713271379470825,-0.4306966250815598
UBFC_PHYS_s17_T3_ctrl,156,221,163.36666666666667,0.10503869503736496,-0.5308862084139276
UBFC_PHYS_s17_T3_ctrl,156,222,163.4,-0.11888769268989563,-0.5765500888056437
UBFC_PHYS_s17_T3_ctrl,156,223,163.43333333333334,-0.33337944746017456,-0.570948686865826
UBFC_PHYS_s17_T3_ctrl,156,224,163.46666666666667,-0.5620699524879456,-0.5261199193211888
UBFC_PHYS_s17_T3_ctrl,156,225,163.5,-0.8783879280090332,-0.45641830035595027
UBFC_PHYS_s17_T3_ctrl,156,226,163.53333333333333,-1.2312387228012085,-0.37223897636393355
UBFC_PHYS_s17_T3_ctrl,156,227,163.56666666666666,-1.402864933013916,-0.276151114694977
UBFC_PHYS_s17_T3_ctrl,156,228,163.6,-1.2563120126724243,-0.16289486032855194
UBFC_PHYS_s17_T3_ctrl,156,229,163.63333333333333,-0.9138321876525879,-0.023451752107647165
UBFC_PHYS_s17_T3_ctrl,156,230,163.66666666666666,-0.639946699142456,0.14810137600495007
UBFC_PHYS_s17_T3_ctrl,156,231,163.7,-0.5564396381378174,0.3475938246009351
UBFC_PHYS_s17_T3_ctrl,156,232,163.73333333333332,-0.5445351004600525,0.5568468948051213
UBFC_PHYS_s17_T3_ctrl,156,233,163.76666666666668,-0.45938923954963684,0.7452119930916071
UBFC_PHYS_s17_T3_ctrl,156,234,163.8,-0.280985563993454,0.8766068556279457
UBFC_PHYS_s17_T3_ctrl,156,235,163.83333333333334,0.05395585298538208,0.9195598235273114
UBFC_PHYS_s17_T3_ctrl,156,236,163.86666666666667,0.6260040402412415,0.8564920928191478
UBFC_PHYS_s17_T3_ctrl,156,237,163.9,1.2812784910202026,0.6890080855980244
UBFC_PHYS_s17_T3_ctrl,156,238,163.93333333333334,1.755971908569336,0.43790265525187294
UBFC_PHYS_s17_T3_ctrl,156,239,163.96666666666667,1.989414930343628,0.13875871239934778
UBFC_PHYS_s17_T3_ctrl,157,0,157.0,0.32540661096572876,0.22063196287869907
UBFC_PHYS_s17_T3_ctrl,157,1,157.03333333333333,0.24078747630119324,0.5709823224503585
UBFC_PHYS_s17_T3_ctrl,157,2,157.06666666666666,0.12657682597637177,0.8503264111010453
UBFC_PHYS_s17_T3_ctrl,157,3,157.1,0.021578414365649223,1.0063522500754338
UBFC_PHYS_s17_T3_ctrl,157,4,157.13333333333333,-0.06230326369404793,1.0141704939011118
UBFC_PHYS_s17_T3_ctrl,157,5,157.16666666666666,-0.17482832074165344,0.8812334232512716
UBFC_PHYS_s17_T3_ctrl,157,6,157.2,-0.3549058735370636,0.643347033303427
UBFC_PHYS_s17_T3_ctrl,157,7,157.23333333333332,-0.5595532655715942,0.3531401850680279
UBFC_PHYS_s17_T3_ctrl,157,8,157.26666666666668,-0.6715047359466553,0.06511732793777494
UBFC_PHYS_s17_T3_ctrl,157,9,157.3,-0.6026880741119385,-0.17771797112728302
UBFC_PHYS_s17_T3_ctrl,157,10,157.33333333333334,-0.40724119544029236,-0.35215104572468425
UBFC_PHYS_s17_T3_ctrl,157,11,157.36666666666667,-0.21338626742362976,-0.4568644355767568
UBFC_PHYS_s17_T3_ctrl,157,12,157.4,-0.07815252244472504,-0.5090495641678254
UBFC_PHYS_s17_T3_ctrl,157,13,157.43333333333334,0.006138847675174475,-0.5370570689778956
UBFC_PHYS_s17_T3_ctrl,157,14,157.46666666666667,0.030181962996721268,-0.5709979502389357
UBFC_PHYS_s17_T3_ctrl,157,15,157.5,0.004792714491486549,-0.6333682222163517
UBFC_PHYS_s17_T3_ctrl,157,16,157.53333333333333,0.004476665519177914,-0.731742044876618
UBFC_PHYS_s17_T3_ctrl,157,17,157.56666666666666,0.07371474802494049,-0.8552715444980261
UBFC_PHYS_s17_T3_ctrl,157,18,157.6,0.16450268030166626,-0.9760417045133782
UBFC_PHYS_s17_T3_ctrl,157,19,157.63333333333333,0.21303372085094452,-1.0552916509014238
UBFC_PHYS_s17_T3_ctrl,157,20,157.66666666666666,0.22649505734443665,-1.0533178970263755
UBFC_PHYS_s17_T3_ctrl,157,21,157.7,0.2597035765647888,-0.9408350233497244
UBFC_PHYS_s17_T3_ctrl,157,22,157.73333333333332,0.3117813766002655,-0.708973845446814
UBFC_PHYS_s17_T3_ctrl,157,23,157.76666666666668,0.3146258294582367,-0.3750492261046349
UBFC_PHYS_s17_T3_ctrl,157,24,157.8,0.262337327003479,0.018159413143617534
UBFC_PHYS_s17_T3_ctrl,157,25,157.83333333333334,0.24914520978927612,0.41036395382642976
UBFC_PHYS_s17_T3_ctrl,157,26,157.86666666666667,0.30891352891921997,0.7374226988713951
UBFC_PHYS_s17_T3_ctrl,157,27,157.9,0.3478109538555145,0.9469665815155617
UBFC_PHYS_s17_T3_ctrl,157,28,157.93333333333334,0.30292031168937683,1.0112594323280018
UBFC_PHYS_s17_T3_ctrl,157,29,157.96666666666667,0.2966695725917816,0.9333560118009729
UBFC_PHYS_s17_T3_ctrl,157,30,158.0,0.5206544995307922,0.7450236742155861
UBFC_PHYS_s17_T3_ctrl,157,31,158.03333333333333,0.9489356279373169,0.497709284355843
UBFC_PHYS_s17_T3_ctrl,157,32,158.06666666666666,1.340976595878601,0.24975234720463765
UBFC_PHYS_s17_T3_ctrl,157,33,158.1,1.6258418560028076,0.05350727769426919
UBFC_PHYS_s17_T3_ctrl,157,34,158.13333333333333,1.9702646732330322,-0.05476211750820948
UBFC_PHYS_s17_T3_ctrl,157,35,158.16666666666666,2.4617791175842285,-0.060689850494072495
UBFC_PHYS_s17_T3_ctrl,157,36,158.2,2.8150980472564697,0.027064927051312387
UBFC_PHYS_s17_T3_ctrl,157,37,158.23333333333332,2.511106014251709,0.18007901789115305
UBFC_PHYS_s17_T3_ctrl,157,38,158.26666666666668,1.480915904045105,0.35714223164985465
UBFC_PHYS_s17_T3_ctrl,157,39,158.3,0.513350248336792,0.5137415977700973
UBFC_PHYS_s17_T3_ctrl,157,40,158.33333333333334,0.2850225865840912,0.6120173660621706
UBFC_PHYS_s17_T3_ctrl,157,41,158.36666666666667,0.5652759075164795,0.6286436256838235
UBFC_PHYS_s17_T3_ctrl,157,42,158.4,0.7939313054084778,0.5585417494126464
UBFC_PHYS_s17_T3_ctrl,157,43,158.43333333333334,0.7958042025566101,0.4136956163972597
UBFC_PHYS_s17_T3_ctrl,157,44,158.46666666666667,0.6290709376335144,0.21800296224484397
UBFC_PHYS_s17_T3_ctrl,157,45,158.5,0.3269868493080139,0.0002838012791433601
UBFC_PHYS_s17_T3_ctrl,157,46,158.53333333333333,-0.002921215957030654,-0.21223795320752076
UBFC_PHYS_s17_T3_ctrl,157,47,158.56666666666666,-0.24541254341602325,-0.3983383326562411
UBFC_PHYS_s17_T3_ctrl,157,48,158.6,-0.4780243933200836,-0.5444962579672838
UBFC_PHYS_s17_T3_ctrl,157,49,158.63333333333333,-0.8091732263565063,-0.6442459627382411
UBFC_PHYS_s17_T3_ctrl,157,50,158.66666666666666,-1.1459758281707764,-0.6960614686823455
UBFC_PHYS_s17_T3_ctrl,157,51,158.7,-1.3288626670837402,-0.7008256512763666
UBFC_PHYS_s17_T3_ctrl,157,52,158.73333333333332,-1.3312740325927734,-0.6598824596811057
UBFC_PHYS_s17_T3_ctrl,157,53,158.76666666666668,-1.187155842781067,-0.574384473313287
UBFC_PHYS_s17_T3_ctrl,157,54,158.8,-0.9428267478942871,-0.44611341597122456
UBFC_PHYS_s17_T3_ctrl,157,55,158.83333333333334,-0.7184321284294128,-0.2793173451001791
UBFC_PHYS_s17_T3_ctrl,157,56,158.86666666666667,-0.634644091129303,-0.0826524916512482
UBFC_PHYS_s17_T3_ctrl,157,57,158.9,-0.7267547845840454,0.12964671754772866
UBFC_PHYS_s17_T3_ctrl,157,58,158.93333333333334,-0.9645990133285522,0.3377884103286633
UBFC_PHYS_s17_T3_ctrl,157,59,158.96666666666667,-1.2500377893447876,0.5178961723911141
UBFC_PHYS_s17_T3_ctrl,157,60,159.0,-1.4167243242263794,0.6455371669234796
UBFC_PHYS_s17_T3_ctrl,157,61,159.03333333333333,-1.367760181427002,0.7014989598545182
UBFC_PHYS_s17_T3_ctrl,157,62,159.06666666666666,-1.199598789215088,0.6781796341519727
UBFC_PHYS_s17_T3_ctrl,157,63,159.1,-1.0212419033050537,0.5834247748653918
UBFC_PHYS_s17_T3_ctrl,157,64,159.13333333333333,-0.8351711630821228,0.43927845326958365
UBFC_PHYS_s17_T3_ctrl,157,65,159.16666666666666,-0.6363765001296997,0.27557530649402573
UBFC_PHYS_s17_T3_ctrl,157,66,159.2,-0.4778839349746704,0.12092450295889459
UBFC_PHYS_s17_T3_ctrl,157,67,159.23333333333332,-0.3815944194793701,-0.0051807711752212705
UBFC_PHYS_s17_T3_ctrl,157,68,159.26666666666668,-0.3048180043697357,-0.09630332855350796
UBFC_PHYS_s17_T3_ctrl,157,69,159.3,-0.22413192689418793,-0.1583722551124601
UBFC_PHYS_s17_T3_ctrl,157,70,159.33333333333334,-0.17248721420764923,-0.20561444329904963
UBFC_PHYS_s17_T3_ctrl,157,71,159.36666666666667,-0.18050548434257507,-0.25510494949989265
UBFC_PHYS_s17_T3_ctrl,157,72,159.4,-0.25082048773765564,-0.32144627211882304
UBFC_PHYS_s17_T3_ctrl,157,73,159.43333333333334,-0.3682033121585846,-0.4123069963340281
UBFC_PHYS_s17_T3_ctrl,157,74,159.46666666666667,-0.4673723876476288,-0.525346870532861
UBFC_PHYS_s17_T3_ctrl,157,75,159.5,-0.43539294600486755,-0.6472346433164866
UBFC_PHYS_s17_T3_ctrl,157,76,159.53333333333333,-0.24309484660625458,-0.7554040363687051
UBFC_PHYS_s17_T3_ctrl,157,77,159.56666666666666,-0.014357497915625572,-0.8226644578069462
UBFC_PHYS_s17_T3_ctrl,157,78,159.6,0.14736580848693848,-0.8239170880788285
UBFC_PHYS_s17_T3_ctrl,157,79,159.63333333333333,0.23855172097682953,-0.7433368635224596
UBFC_PHYS_s17_T3_ctrl,157,80,159.66666666666666,0.2801062762737274,-0.5798808477672751
UBFC_PHYS_s17_T3_ctrl,157,81,159.7,0.28741052746772766,-0.3492518098740973
UBFC_PHYS_s17_T3_ctrl,157,82,159.73333333333332,0.3230186700820923,-0.08154279082185151
UBFC_PHYS_s17_T3_ctrl,157,83,159.76666666666668,0.4720180928707123,0.18474760380522967
UBFC_PHYS_s17_T3_ctrl,157,84,159.8,0.7127067446708679,0.41052028591009004
UBFC_PHYS_s17_T3_ctrl,157,85,159.83333333333334,0.9076971411705017,0.5637169871634592
UBFC_PHYS_s17_T3_ctrl,157,86,159.86666666666667,0.9722647070884705,0.6255150399338059
UBFC_PHYS_s17_T3_ctrl,157,87,159.9,0.9522014856338501,0.5943301839640497
UBFC_PHYS_s17_T3_ctrl,157,88,159.93333333333334,0.902991533279419,0.4866664982886979
UBFC_PHYS_s17_T3_ctrl,157,89,159.96666666666667,0.7831856608390808,0.3339430281883344
UBFC_PHYS_s17_T3_ctrl,157,90,160.0,0.5066078901290894,0.1756946857957308
UBFC_PHYS_s17_T3_ctrl,157,91,160.03333333333333,0.05881363898515701,0.050903222258402735
UBFC_PHYS_s17_T3_ctrl,157,92,160.06666666666666,-0.42680108547210693,-0.01056687981334207
UBFC_PHYS_s17_T3_ctrl,157,93,160.1,-0.7602910399436951,0.005141442936167051
UBFC_PHYS_s17_T3_ctrl,157,94,160.13333333333333,-0.8583247065544128,0.09208394235703532
UBFC_PHYS_s17_T3_ctrl,157,95,160.16666666666666,-0.8257131576538086,0.22511114151132527
UBFC_PHYS_s17_T3_ctrl,157,96,160.2,-0.7933708429336548,0.36544810761963775
UBFC_PHYS_s17_T3_ctrl,157,97,160.23333333333332,-0.7262514233589172,0.4706091572309049
UBFC_PHYS_s17_T3_ctrl,157,98,160.26666666666668,-0.5191926956176758,0.506582481119041
UBFC_PHYS_s17_T3_ctrl,157,99,160.3,-0.22434261441230774,0.4589371274641138
UBFC_PHYS_s17_T3_ctrl,157,100,160.33333333333334,0.019366072490811348,0.3389021505202992
UBFC_PHYS_s17_T3_ctrl,157,101,160.36666666666667,0.1581582874059677,0.18147789750407745
UBFC_PHYS_s17_T3_ctrl,157,102,160.4,0.19259589910507202,0.03545242463104857
UBFC_PHYS_s17_T3_ctrl,157,103,160.43333333333334,0.13533255457878113,-0.05166233234840507
UBFC_PHYS_s17_T3_ctrl,157,104,160.46666666666667,0.05264483392238617,-0.04896706537141776
UBFC_PHYS_s17_T3_ctrl,157,105,160.5,0.020770734176039696,0.047122386431889714
UBFC_PHYS_s17_T3_ctrl,157,106,160.53333333333333,0.027606751769781113,0.2104529640043953
UBFC_PHYS_s17_T3_ctrl,157,107,160.56666666666666,-0.0025934616569429636,0.3922200351650299
UBFC_PHYS_s17_T3_ctrl,157,108,160.6,-0.08675607293844223,0.5356186761057226
UBFC_PHYS_s17_T3_ctrl,157,109,160.63333333333333,-0.1845438927412033,0.5931860823616337
UBFC_PHYS_s17_T3_ctrl,157,110,160.66666666666666,-0.3076273202896118,0.5405895189823942
UBFC_PHYS_s17_T3_ctrl,157,111,160.7,-0.5184786319732666,0.38201185784426633
UBFC_PHYS_s17_T3_ctrl,157,112,160.73333333333332,-0.7968590259552002,0.14622418248456068
UBFC_PHYS_s17_T3_ctrl,157,113,160.76666666666668,-1.022271990776062,-0.1236272696859343
UBFC_PHYS_s17_T3_ctrl,157,114,160.8,-1.1092790365219116,-0.3819895983477618
UBFC_PHYS_s17_T3_ctrl,157,115,160.83333333333334,-1.0736943483352661,-0.5910058395303257
UBFC_PHYS_s17_T3_ctrl,157,116,160.86666666666667,-0.9732025265693665,-0.7270159876073499
UBFC_PHYS_s17_T3_ctrl,157,117,160.9,-0.8354052901268005,-0.7832602487143655
UBFC_PHYS_s17_T3_ctrl,157,118,160.93333333333334,-0.6282880306243896,-0.7691927474851614
UBFC_PHYS_s17_T3_ctrl,157,119,160.96666666666667,-0.33725395798683167,-0.7068862087643268
UBFC_PHYS_s17_T3_ctrl,157,120,161.0,-0.03120172582566738,-0.625221662976903
UBFC_PHYS_s17_T3_ctrl,157,121,161.03333333333333,0.20126968622207642,-0.5530461443250525
UBFC_PHYS_s17_T3_ctrl,157,122,161.06666666666666,0.3240370452404022,-0.5129032035361434
UBFC_PHYS_s17_T3_ctrl,157,123,161.1,0.3258631229400635,-0.5167673428062801
UBFC_PHYS_s17_T3_ctrl,157,124,161.13333333333333,0.24157173931598663,-0.5643277066394831
UBFC_PHYS_s17_T3_ctrl,157,125,161.16666666666666,0.16006629168987274,-0.643514079740685
UBFC_PHYS_s17_T3_ctrl,157,126,161.2,0.14065855741500854,-0.7327770982207295
UBFC_PHYS_s17_T3_ctrl,157,127,161.23333333333332,0.1721697896718979,-0.8047421423051299
UBFC_PHYS_s17_T3_ctrl,157,128,161.26666666666668,0.24619542062282562,-0.8307328716355339
UBFC_PHYS_s17_T3_ctrl,157,129,161.3,0.3702855110168457,-0.7855723918815444
UBFC_PHYS_s17_T3_ctrl,157,130,161.33333333333334,0.4978872835636139,-0.6523004128062274
UBFC_PHYS_s17_T3_ctrl,157,131,161.36666666666667,0.5624899864196777,-0.42650653538724126
UBFC_PHYS_s17_T3_ctrl,157,132,161.4,0.5663411021232605,-0.11946537244931647
UBFC_PHYS_s17_T3_ctrl,157,133,161.43333333333334,0.553851306438446,0.2413387035882397
UBFC_PHYS_s17_T3_ctrl,157,134,161.46666666666667,0.5343382358551025,0.6155962699006162
UBFC_PHYS_s17_T3_ctrl,157,135,161.5,0.48887401819229126,0.9576004090765502
UBFC_PHYS_s17_T3_ctrl,157,136,161.53333333333333,0.41569119691848755,1.2260444065804266
UBFC_PHYS_s17_T3_ctrl,157,137,161.56666666666666,0.3739493489265442,1.3932511997495878
UBFC_PHYS_s17_T3_ctrl,157,138,161.6,0.4778474271297455,1.4510360416370716
UBFC_PHYS_s17_T3_ctrl,157,139,161.63333333333333,0.7563214898109436,1.4115166012008804
UBFC_PHYS_s17_T3_ctrl,157,140,161.66666666666666,1.0454124212265015,1.3025095456970261
UBFC_PHYS_s17_T3_ctrl,157,141,161.7,1.1290833950042725,1.1586293708789923
UBFC_PHYS_s17_T3_ctrl,157,142,161.73333333333332,0.9187822341918945,1.010771909897792
UBFC_PHYS_s17_T3_ctrl,157,143,161.76666666666668,0.4548695385456085,0.8775389598500544
UBFC_PHYS_s17_T3_ctrl,157,144,161.8,-0.10733435302972794,0.7615811996175328
UBFC_PHYS_s17_T3_ctrl,157,145,161.83333333333334,-0.5338947772979736,0.6518815147065494
UBFC_PHYS_s17_T3_ctrl,157,146,161.86666666666667,-0.6684378981590271,0.5305371796533411
UBFC_PHYS_s17_T3_ctrl,157,147,161.9,-0.5567907691001892,0.38097365572724184
UBFC_PHYS_s17_T3_ctrl,157,148,161.93333333333334,-0.3874706029891968,0.19456575573114918
UBFC_PHYS_s17_T3_ctrl,157,149,161.96666666666667,-0.3200000524520874,-0.026146127521549323
UBFC_PHYS_s17_T3_ctrl,157,150,162.0,-0.3876344561576843,-0.26805169662463024
UBFC_PHYS_s17_T3_ctrl,157,151,162.03333333333333,-0.545436441898346,-0.5111663591718191
UBFC_PHYS_s17_T3_ctrl,157,152,162.06666666666666,-0.7106245756149292,-0.733992045747792
UBFC_PHYS_s17_T3_ctrl,157,153,162.1,-0.7865231037139893,-0.9188168245036112
UBFC_PHYS_s17_T3_ctrl,157,154,162.13333333333333,-0.7669515013694763,-1.0553727896689769
UBFC_PHYS_s17_T3_ctrl,157,155,162.16666666666666,-0.8072769641876221,-1.1418436603953277
UBFC_PHYS_s17_T3_ctrl,157,156,162.2,-1.0624687671661377,-1.1831012927242386
UBFC_PHYS_s17_T3_ctrl,157,157,162.23333333333332,-1.4055923223495483,-1.186964631323584
UBFC_PHYS_s17_T3_ctrl,157,158,162.26666666666668,-1.4030990600585938,-1.1599010105034242
UBFC_PHYS_s17_T3_ctrl,157,159,162.3,-0.8216044902801514,-1.1037519076139133
UBFC_PHYS_s17_T3_ctrl,157,160,162.33333333333334,-0.07896020263433456,-1.0147128296731067
UBFC_PHYS_s17_T3_ctrl,157,161,162.36666666666667,0.21882794797420502,-0.8849808765512598
UBFC_PHYS_s17_T3_ctrl,157,162,162.4,0.0011054790811613202,-0.7064605771846154
UBFC_PHYS_s17_T3_ctrl,157,163,162.43333333333334,-0.28461429476737976,-0.4752009206908743
UBFC_PHYS_s17_T3_ctrl,157,164,162.46666666666667,-0.25899091362953186,-0.19517968644351683
UBFC_PHYS_s17_T3_ctrl,157,165,162.5,0.08556072413921356,0.11950900111976305
UBFC_PHYS_s17_T3_ctrl,157,166,162.53333333333333,0.514626145362854,0.4444913934684172
UBFC_PHYS_s17_T3_ctrl,157,167,162.56666666666666,0.8375226259231567,0.747143439826618
UBFC_PHYS_s17_T3_ctrl,157,168,162.6,1.0884184837341309,0.9909398743357707
UBFC_PHYS_s17_T3_ctrl,157,169,162.63333333333333,1.3528575897216797,1.1419001684858407
UBFC_PHYS_s17_T3_ctrl,157,170,162.66666666666666,1.498005986213684,1.1759913447573656
UBFC_PHYS_s17_T3_ctrl,157,171,162.7,1.2613322734832764,1.0855194790843525
UBFC_PHYS_s17_T3_ctrl,157,172,162.73333333333332,0.590747058391571,0.8825396542695476
UBFC_PHYS_s17_T3_ctrl,157,173,162.76666666666668,-0.23835411667823792,0.5980645051265426
UBFC_PHYS_s17_T3_ctrl,157,174,162.8,-0.871926486492157,0.27693216982330193
UBFC_PHYS_s17_T3_ctrl,157,175,162.83333333333334,-1.283164381980896,-0.030605847321988955
UBFC_PHYS_s17_T3_ctrl,157,176,162.86666666666667,-1.730326533317566,-0.2784674917336513
UBFC_PHYS_s17_T3_ctrl,157,177,162.9,-2.238556385040283,-0.43306527956603896
UBFC_PHYS_s17_T3_ctrl,157,178,162.93333333333334,-2.465338945388794,-0.47862560864961307
UBFC_PHYS_s17_T3_ctrl,157,179,162.96666666666667,-2.228548049926758,-0.4188512584462593
UBFC_PHYS_s17_T3_ctrl,157,180,163.0,-1.7053821086883545,-0.27510918417313046
UBFC_PHYS_s17_T3_ctrl,157,181,163.03333333333333,-1.1006170511245728,-0.0818677242119782
UBFC_PHYS_s17_T3_ctrl,157,182,163.06666666666666,-0.586370587348938,0.11951759326869227
UBFC_PHYS_s17_T3_ctrl,157,183,163.1,-0.3322908282279968,0.28763957619719366
UBFC_PHYS_s17_T3_ctrl,157,184,163.13333333333333,-0.29908227920532227,0.3879721214487351
UBFC_PHYS_s17_T3_ctrl,157,185,163.16666666666666,-0.2649022042751312,0.39943990307500915
UBFC_PHYS_s17_T3_ctrl,157,186,163.2,-0.1180097758769989,0.31932123643657256
UBFC_PHYS_s17_T3_ctrl,157,187,163.23333333333332,0.0770508199930191,0.16448535106849443
UBFC_PHYS_s17_T3_ctrl,157,188,163.26666666666668,0.23609356582164764,-0.03239223863665108
UBFC_PHYS_s17_T3_ctrl,157,189,163.3,0.31395861506462097,-0.23117158142222927
UBFC_PHYS_s17_T3_ctrl,157,190,163.33333333333334,0.2713271379470825,-0.39470924254475903
UBFC_PHYS_s17_T3_ctrl,157,191,163.36666666666667,0.10503869503736496,-0.49795462693514514
UBFC_PHYS_s17_T3_ctrl,157,192,163.4,-0.11888769268989563,-0.5326692531182324
UBFC_PHYS_s17_T3_ctrl,157,193,163.43333333333334,-0.33337944746017456,-0.5064496241378763
UBFC_PHYS_s17_T3_ctrl,157,194,163.46666666666667,-0.5620699524879456,-0.4368387572726433
UBFC_PHYS_s17_T3_ctrl,157,195,163.5,-0.8783879280090332,-0.3430026232034211
UBFC_PHYS_s17_T3_ctrl,157,196,163.53333333333333,-1.2312387228012085,-0.2381599940952178
UBFC_PHYS_s17_T3_ctrl,157,197,163.56666666666666,-1.402864933013916,-0.12556236883270813
UBFC_PHYS_s17_T3_ctrl,157,198,163.6,-1.2563120126724243,0.00047534951347836694
UBFC_PHYS_s17_T3_ctrl,157,199,163.63333333333333,-0.9138321876525879,0.1488267119739655
UBFC_PHYS_s17_T3_ctrl,157,200,163.66666666666666,-0.639946699142456,0.32328089932354964
UBFC_PHYS_s17_T3_ctrl,157,201,163.7,-0.5564396381378174,0.5151991775757984
UBFC_PHYS_s17_T3_ctrl,157,202,163.73333333333332,-0.5445351004600525,0.7006301005029657
UBFC_PHYS_s17_T3_ctrl,157,203,163.76666666666668,-0.45938923954963684,0.843952471429509
UBFC_PHYS_s17_T3_ctrl,157,204,163.8,-0.280985563993454,0.9074247941521056
UBFC_PHYS_s17_T3_ctrl,157,205,163.83333333333334,0.05395585298538208,0.863308331922834
UBFC_PHYS_s17_T3_ctrl,157,206,163.86666666666667,0.6260040402412415,0.7038901121901671
UBFC_PHYS_s17_T3_ctrl,157,207,163.9,1.2812784910202026,0.4455204031172473
UBFC_PHYS_s17_T3_ctrl,157,208,163.93333333333334,1.755971908569336,0.125386486867373
UBFC_PHYS_s17_T3_ctrl,157,209,163.96666666666667,1.989414930343628,-0.2073169510618232
UBFC_PHYS_s17_T3_ctrl,157,210,164.0,2.047872304916382,-0.5024582299817147
UBFC_PHYS_s17_T3_ctrl,157,211,164.03333333333333,1.902677059173584,-0.7189979304628163
UBFC_PHYS_s17_T3_ctrl,157,212,164.06666666666666,1.5183618068695068,-0.8320498805861973
UBFC_PHYS_s17_T3_ctrl,157,213,164.1,0.9644220471382141,-0.836436054797953
UBFC_PHYS_s17_T3_ctrl,157,214,164.13333333333333,0.4350872039794922,-0.7467199039553627
UBFC_PHYS_s17_T3_ctrl,157,215,164.16666666666666,0.1873401254415512,-0.5936701462794457
UBFC_PHYS_s17_T3_ctrl,157,216,164.2,0.30714601278305054,-0.4173115968259728
UBFC_PHYS_s17_T3_ctrl,157,217,164.23333333333332,0.5664229989051819,-0.2575005712151971
UBFC_PHYS_s17_T3_ctrl,157,218,164.26666666666668,0.693135142326355,-0.1440807493986672
UBFC_PHYS_s17_T3_ctrl,157,219,164.3,0.6637192368507385,-0.08943679017490706
UBFC_PHYS_s17_T3_ctrl,157,220,164.33333333333334,0.5949844717979431,-0.08598289121681821
UBFC_PHYS_s17_T3_ctrl,157,221,164.36666666666667,0.5954175591468811,-0.10963538332255077
UBFC_PHYS_s17_T3_ctrl,157,222,164.4,0.7438551187515259,-0.1281606662196167
UBFC_PHYS_s17_T3_ctrl,157,223,164.43333333333334,0.992608904838562,-0.11165600286972652
UBFC_PHYS_s17_T3_ctrl,157,224,164.46666666666667,1.1881611347198486,-0.04213064835839591
UBFC_PHYS_s17_T3_ctrl,157,225,164.5,1.2791714668273926,0.08023640714511647
UBFC_PHYS_s17_T3_ctrl,157,226,164.53333333333333,1.3575632572174072,0.2358048045288749
UBFC_PHYS_s17_T3_ctrl,157,227,164.56666666666666,1.4657104015350342,0.3898213113158887
UBFC_PHYS_s17_T3_ctrl,157,228,164.6,1.5291659832000732,0.5017011281087376
UBFC_PHYS_s17_T3_ctrl,157,229,164.63333333333333,1.4717153310775757,0.5369780370145847
UBFC_PHYS_s17_T3_ctrl,157,230,164.66666666666666,1.295617699623108,0.47847146205324287
UBFC_PHYS_s17_T3_ctrl,157,231,164.7,1.0582534074783325,0.33294558343973013
UBFC_PHYS_s17_T3_ctrl,157,232,164.73333333333332,0.8200463056564331,0.1305720744062692
UBFC_PHYS_s17_T3_ctrl,157,233,164.76666666666668,0.6149423718452454,-0.08308976988537148
UBFC_PHYS_s17_T3_ctrl,157,234,164.8,0.4284735918045044,-0.2598527761923721
UBFC_PHYS_s17_T3_ctrl,157,235,164.83333333333334,0.21174611151218414,-0.36172725093927605
UBFC_PHYS_s17_T3_ctrl,157,236,164.86666666666667,-0.03251274302601814,-0.36956857518068376
UBFC_PHYS_s17_T3_ctrl,157,237,164.9,-0.16927990317344666,-0.28557484950814715
UBFC_PHYS_s17_T3_ctrl,157,238,164.93333333333334,-0.042076144367456436,-0.13030324211007988
UBFC_PHYS_s17_T3_ctrl,157,239,164.96666666666667,0.28293901681900024,0.06340495512616674
UBFC_PHYS_s17_T3_ctrl,158,0,158.0,0.5206544995307922,-0.06885171394574406
UBFC_PHYS_s17_T3_ctrl,158,1,158.03333333333333,0.9489356279373169,0.06391445221630869
UBFC_PHYS_s17_T3_ctrl,158,2,158.06666666666666,1.340976595878601,0.18075252971160247
UBFC_PHYS_s17_T3_ctrl,158,3,158.1,1.6258418560028076,0.27154134984806055
UBFC_PHYS_s17_T3_ctrl,158,4,158.13333333333333,1.9702646732330322,0.335710128593617
UBFC_PHYS_s17_T3_ctrl,158,5,158.16666666666666,2.4617791175842285,0.3818896114904122
UBFC_PHYS_s17_T3_ctrl,158,6,158.2,2.8150980472564697,0.4234888489683015
UBFC_PHYS_s17_T3_ctrl,158,7,158.23333333333332,2.511106014251709,0.47223011420568595
UBFC_PHYS_s17_T3_ctrl,158,8,158.26666666666668,1.480915904045105,0.5325204335456614
UBFC_PHYS_s17_T3_ctrl,158,9,158.3,0.513350248336792,0.5988620933756161
UBFC_PHYS_s17_T3_ctrl,158,10,158.33333333333334,0.2850225865840912,0.6570011231542985
UBFC_PHYS_s17_T3_ctrl,158,11,158.36666666666667,0.5652759075164795,0.6880055500274952
UBFC_PHYS_s17_T3_ctrl,158,12,158.4,0.7939313054084778,0.6736113728784597
UBFC_PHYS_s17_T3_ctrl,158,13,158.43333333333334,0.7958042025566101,0.6012618686143416
UBFC_PHYS_s17_T3_ctrl,158,14,158.46666666666667,0.6290709376335144,0.46798041901544046
UBFC_PHYS_s17_T3_ctrl,158,15,158.5,0.3269868493080139,0.28262178669543053
UBFC_PHYS_s17_T3_ctrl,158,16,158.53333333333333,-0.002921215957030654,0.06574309046943756
UBFC_PHYS_s17_T3_ctrl,158,17,158.56666666666666,-0.24541254341602325,-0.1536348855480434
UBFC_PHYS_s17_T3_ctrl,158,18,158.6,-0.4780243933200836,-0.34392920436442387
UBFC_PHYS_s17_T3_ctrl,158,19,158.63333333333333,-0.8091732263565063,-0.4777883808689261
UBFC_PHYS_s17_T3_ctrl,158,20,158.66666666666666,-1.1459758281707764,-0.5377745687966826
UBFC_PHYS_s17_T3_ctrl,158,21,158.7,-1.3288626670837402,-0.5195795692516411
UBFC_PHYS_s17_T3_ctrl,158,22,158.73333333333332,-1.3312740325927734,-0.43220183333594714
UBFC_PHYS_s17_T3_ctrl,158,23,158.76666666666668,-1.187155842781067,-0.2952335009946976
UBFC_PHYS_s17_T3_ctrl,158,24,158.8,-0.9428267478942871,-0.13409611763009255
UBFC_PHYS_s17_T3_ctrl,158,25,158.83333333333334,-0.7184321284294128,0.025478666921175588
UBFC_PHYS_s17_T3_ctrl,158,26,158.86666666666667,-0.634644091129303,0.1623599619552566
UBFC_PHYS_s17_T3_ctrl,158,27,158.9,-0.7267547845840454,0.263122583892542
UBFC_PHYS_s17_T3_ctrl,158,28,158.93333333333334,-0.9645990133285522,0.32251023636967174
UBFC_PHYS_s17_T3_ctrl,158,29,158.96666666666667,-1.2500377893447876,0.34140166768399
UBFC_PHYS_s17_T3_ctrl,158,30,159.0,-1.4167243242263794,0.3238931712495656
UBFC_PHYS_s17_T3_ctrl,158,31,159.03333333333333,-1.367760181427002,0.2755924702275127
UBFC_PHYS_s17_T3_ctrl,158,32,159.06666666666666,-1.199598789215088,0.20380854318202332
UBFC_PHYS_s17_T3_ctrl,158,33,159.1,-1.0212419033050537,0.11840437319967462
UBFC_PHYS_s17_T3_ctrl,158,34,159.13333333333333,-0.8351711630821228,0.03149341702959097
UBFC_PHYS_s17_T3_ctrl,158,35,159.16666666666666,-0.6363765001296997,-0.044823857072143945
UBFC_PHYS_s17_T3_ctrl,158,36,159.2,-0.4778839349746704,-0.10182135137017935
UBFC_PHYS_s17_T3_ctrl,158,37,159.23333333333332,-0.3815944194793701,-0.1367810931695654
UBFC_PHYS_s17_T3_ctrl,158,38,159.26666666666668,-0.3048180043697357,-0.1535626756870136
UBFC_PHYS_s17_T3_ctrl,158,39,159.3,-0.22413192689418793,-0.16110094387622192
UBFC_PHYS_s17_T3_ctrl,158,40,159.33333333333334,-0.17248721420764923,-0.17084781329038765
UBFC_PHYS_s17_T3_ctrl,158,41,159.36666666666667,-0.18050548434257507,-0.19422922240682036
UBFC_PHYS_s17_T3_ctrl,158,42,159.4,-0.25082048773765564,-0.2404209724782687
UBFC_PHYS_s17_T3_ctrl,158,43,159.43333333333334,-0.3682033121585846,-0.314112053402226
UBFC_PHYS_s17_T3_ctrl,158,44,159.46666666666667,-0.4673723876476288,-0.4131737079695039
UBFC_PHYS_s17_T3_ctrl,158,45,159.5,-0.43539294600486755,-0.5269231926494095
UBFC_PHYS_s17_T3_ctrl,158,46,159.53333333333333,-0.24309484660625458,-0.6361435519260941
UBFC_PHYS_s17_T3_ctrl,158,47,159.56666666666666,-0.014357497915625572,-0.7157687598241171
UBFC_PHYS_s17_T3_ctrl,158,48,159.6,0.14736580848693848,-0.7402081331245937
UBFC_PHYS_s17_T3_ctrl,158,49,159.63333333333333,0.23855172097682953,-0.6900784106047856
UBFC_PHYS_s17_T3_ctrl,158,50,159.66666666666666,0.2801062762737274,-0.558244240465963
UBFC_PHYS_s17_T3_ctrl,158,51,159.7,0.28741052746772766,-0.35308589857091727
UBFC_PHYS_s17_T3_ctrl,158,52,159.73333333333332,0.3230186700820923,-0.09791863481044737
UBFC_PHYS_s17_T3_ctrl,158,53,159.76666666666668,0.4720180928707123,0.17311502873577608
UBFC_PHYS_s17_T3_ctrl,158,54,159.8,0.7127067446708679,0.42136013475584927
UBFC_PHYS_s17_T3_ctrl,158,55,159.83333333333334,0.9076971411705017,0.610673070650111
UBFC_PHYS_s17_T3_ctrl,158,56,159.86666666666667,0.9722647070884705,0.7140930672111825
UBFC_PHYS_s17_T3_ctrl,158,57,159.9,0.9522014856338501,0.719301924526064
UBFC_PHYS_s17_T3_ctrl,158,58,159.93333333333334,0.902991533279419,0.6316251824219014
UBFC_PHYS_s17_T3_ctrl,158,59,159.96666666666667,0.7831856608390808,0.47339076112834716
UBFC_PHYS_s17_T3_ctrl,158,60,160.0,0.5066078901290894,0.27969030808606293
UBFC_PHYS_s17_T3_ctrl,158,61,160.03333333333333,0.05881363898515701,0.0917795970501458
UBFC_PHYS_s17_T3_ctrl,158,62,160.06666666666666,-0.42680108547210693,-0.05067269034122779
UBFC_PHYS_s17_T3_ctrl,158,63,160.1,-0.7602910399436951,-0.11774233424704071
UBFC_PHYS_s17_T3_ctrl,158,64,160.13333333333333,-0.8583247065544128,-0.0967774040003672
UBFC_PHYS_s17_T3_ctrl,158,65,160.16666666666666,-0.8257131576538086,0.0026677071640037638
UBFC_PHYS_s17_T3_ctrl,158,66,160.2,-0.7933708429336548,0.1490445469684779
UBFC_PHYS_s17_T3_ctrl,158,67,160.23333333333332,-0.7262514233589172,0.29597041411741787
UBFC_PHYS_s17_T3_ctrl,158,68,160.26666666666668,-0.5191926956176758,0.3957353738918507
UBFC_PHYS_s17_T3_ctrl,158,69,160.3,-0.22434261441230774,0.4153756740466446
UBFC_PHYS_s17_T3_ctrl,158,70,160.33333333333334,0.019366072490811348,0.34926074773453625
UBFC_PHYS_s17_T3_ctrl,158,71,160.36666666666667,0.1581582874059677,0.22255727372510134
UBFC_PHYS_s17_T3_ctrl,158,72,160.4,0.19259589910507202,0.08346499928880982
UBFC_PHYS_s17_T3_ctrl,158,73,160.43333333333334,0.13533255457878113,-0.013196356546246731
UBFC_PHYS_s17_T3_ctrl,158,74,160.46666666666667,0.05264483392238617,-0.02515809855691881
UBFC_PHYS_s17_T3_ctrl,158,75,160.5,0.020770734176039696,0.0621018866237782
UBFC_PHYS_s17_T3_ctrl,158,76,160.53333333333333,0.027606751769781113,0.2293574684431381
UBFC_PHYS_s17_T3_ctrl,158,77,160.56666666666666,-0.0025934616569429636,0.42891549200766677
UBFC_PHYS_s17_T3_ctrl,158,78,160.6,-0.08675607293844223,0.5995277137118545
UBFC_PHYS_s17_T3_ctrl,158,79,160.63333333333333,-0.1845438927412033,0.6858758640377591
UBFC_PHYS_s17_T3_ctrl,158,80,160.66666666666666,-0.3076273202896118,0.6556071206478731
UBFC_PHYS_s17_T3_ctrl,158,81,160.7,-0.5184786319732666,0.5077206609645981
UBFC_PHYS_s17_T3_ctrl,158,82,160.73333333333332,-0.7968590259552002,0.2699188992354081
UBFC_PHYS_s17_T3_ctrl,158,83,160.76666666666668,-1.022271990776062,-0.012711312540983812
UBFC_PHYS_s17_T3_ctrl,158,84,160.8,-1.1092790365219116,-0.29223044960595207
UBFC_PHYS_s17_T3_ctrl,158,85,160.83333333333334,-1.0736943483352661,-0.5299633493727582
UBFC_PHYS_s17_T3_ctrl,158,86,160.86666666666667,-0.9732025265693665,-0.7029413329211972
UBFC_PHYS_s17_T3_ctrl,158,87,160.9,-0.8354052901268005,-0.8045256281820223
UBFC_PHYS_s17_T3_ctrl,158,88,160.93333333333334,-0.6282880306243896,-0.8411369639881585
UBFC_PHYS_s17_T3_ctrl,158,89,160.96666666666667,-0.33725395798683167,-0.8275415293794393
UBFC_PHYS_s17_T3_ctrl,158,90,161.0,-0.03120172582566738,-0.7825471642469578
UBFC_PHYS_s17_T3_ctrl,158,91,161.03333333333333,0.20126968622207642,-0.7258808477199405
UBFC_PHYS_s17_T3_ctrl,158,92,161.06666666666666,0.3240370452404022,-0.6760279071818363
UBFC_PHYS_s17_T3_ctrl,158,93,161.1,0.3258631229400635,-0.648255758638897
UBFC_PHYS_s17_T3_ctrl,158,94,161.13333333333333,0.24157173931598663,-0.6520891161229418
UBFC_PHYS_s17_T3_ctrl,158,95,161.16666666666666,0.16006629168987274,-0.6882586425443787
UBFC_PHYS_s17_T3_ctrl,158,96,161.2,0.14065855741500854,-0.7462710771641576
UBFC_PHYS_s17_T3_ctrl,158,97,161.23333333333332,0.1721697896718979,-0.8042305250562465
UBFC_PHYS_s17_T3_ctrl,158,98,161.26666666666668,0.24619542062282562,-0.8317867899531676
UBFC_PHYS_s17_T3_ctrl,158,99,161.3,0.3702855110168457,-0.7958779364238711
UBFC_PHYS_s17_T3_ctrl,158,100,161.33333333333334,0.4978872835636139,-0.6682297497110299
UBFC_PHYS_s17_T3_ctrl,158,101,161.36666666666667,0.5624899864196777,-0.4332743514710122
UBFC_PHYS_s17_T3_ctrl,158,102,161.4,0.5663411021232605,-0.09480297802465433
UBFC_PHYS_s17_T3_ctrl,158,103,161.43333333333334,0.553851306438446,0.32068192821734004
UBFC_PHYS_s17_T3_ctrl,158,104,161.46666666666667,0.5343382358551025,0.7658548505696994
UBFC_PHYS_s17_T3_ctrl,158,105,161.5,0.48887401819229126,1.1805580299098064
UBFC_PHYS_s17_T3_ctrl,158,106,161.53333333333333,0.41569119691848755,1.5046801109081875
UBFC_PHYS_s17_T3_ctrl,158,107,161.56666666666666,0.3739493489265442,1.6925715823582954
UBFC_PHYS_s17_T3_ctrl,158,108,161.6,0.4778474271297455,1.7245857366469581
UBFC_PHYS_s17_T3_ctrl,158,109,161.63333333333333,0.7563214898109436,1.6118062892594403
UBFC_PHYS_s17_T3_ctrl,158,110,161.66666666666666,1.0454124212265015,1.3919708390863084
UBFC_PHYS_s17_T3_ctrl,158,111,161.7,1.1290833950042725,1.1177079000630596
UBFC_PHYS_s17_T3_ctrl,158,112,161.73333333333332,0.9187822341918945,0.8414120666633093
UBFC_PHYS_s17_T3_ctrl,158,113,161.76666666666668,0.4548695385456085,0.6023553617500669
UBFC_PHYS_s17_T3_ctrl,158,114,161.8,-0.10733435302972794,0.41990160457456105
UBFC_PHYS_s17_T3_ctrl,158,115,161.83333333333334,-0.5338947772979736,0.2934849581708346
UBFC_PHYS_s17_T3_ctrl,158,116,161.86666666666667,-0.6684378981590271,0.20756564549880543
UBFC_PHYS_s17_T3_ctrl,158,117,161.9,-0.5567907691001892,0.13891903578988551
UBFC_PHYS_s17_T3_ctrl,158,118,161.93333333333334,-0.3874706029891968,0.06402008653824298
UBFC_PHYS_s17_T3_ctrl,158,119,161.96666666666667,-0.3200000524520874,-0.03485731142052294
UBFC_PHYS_s17_T3_ctrl,158,120,162.0,-0.3876344561576843,-0.1656065584129241
UBFC_PHYS_s17_T3_ctrl,158,121,162.03333333333333,-0.545436441898346,-0.3248942727202393
UBFC_PHYS_s17_T3_ctrl,158,122,162.06666666666666,-0.7106245756149292,-0.49982639804743684
UBFC_PHYS_s17_T3_ctrl,158,123,162.1,-0.7865231037139893,-0.6724897671342495
UBFC_PHYS_s17_T3_ctrl,158,124,162.13333333333333,-0.7669515013694763,-0.8260358194845498
UBFC_PHYS_s17_T3_ctrl,158,125,162.16666666666666,-0.8072769641876221,-0.9500079422536192
UBFC_PHYS_s17_T3_ctrl,158,126,162.2,-1.0624687671661377,-1.042655764939551
UBFC_PHYS_s17_T3_ctrl,158,127,162.23333333333332,-1.4055923223495483,-1.1091510607246529
UBFC_PHYS_s17_T3_ctrl,158,128,162.26666666666668,-1.4030990600585938,-1.1564112014798928
UBFC_PHYS_s17_T3_ctrl,158,129,162.3,-0.8216044902801514,-1.1867833013476734
UBFC_PHYS_s17_T3_ctrl,158,130,162.33333333333334,-0.07896020263433456,-1.1934064234438837
UBFC_PHYS_s17_T3_ctrl,158,131,162.36666666666667,0.21882794797420502,-1.1594787941205074
UBFC_PHYS_s17_T3_ctrl,158,132,162.4,0.0011054790811613202,-1.0622059217723814
UBFC_PHYS_s17_T3_ctrl,158,133,162.43333333333334,-0.28461429476737976,-0.880437556794793
UBFC_PHYS_s17_T3_ctrl,158,134,162.46666666666667,-0.25899091362953186,-0.6035638514936682
UBFC_PHYS_s17_T3_ctrl,158,135,162.5,0.08556072413921356,-0.23871947270869473
UBFC_PHYS_s17_T3_ctrl,158,136,162.53333333333333,0.514626145362854,0.18610412754697087
UBFC_PHYS_s17_T3_ctrl,158,137,162.56666666666666,0.8375226259231567,0.624331391244724
UBFC_PHYS_s17_T3_ctrl,158,138,162.6,1.0884184837341309,1.018558359781597
UBFC_PHYS_s17_T3_ctrl,158,139,162.63333333333333,1.3528575897216797,1.3123922613403711
UBFC_PHYS_s17_T3_ctrl,158,140,162.66666666666666,1.498005986213684,1.4632422967408178
UBFC_PHYS_s17_T3_ctrl,158,141,162.7,1.2613322734832764,1.4521474140430282
UBFC_PHYS_s17_T3_ctrl,158,142,162.73333333333332,0.590747058391571,1.2877924835716354
UBFC_PHYS_s17_T3_ctrl,158,143,162.76666666666668,-0.23835411667823792,1.0040039276360593
UBFC_PHYS_s17_T3_ctrl,158,144,162.8,-0.871926486492157,0.6519403665372225
UBFC_PHYS_s17_T3_ctrl,158,145,162.83333333333334,-1.283164381980896,0.2893982027177408
UBFC_PHYS_s17_T3_ctrl,158,146,162.86666666666667,-1.730326533317566,-0.029924583208216397
UBFC_PHYS_s17_T3_ctrl,158,147,162.9,-2.238556385040283,-0.26483303471838
UBFC_PHYS_s17_T3_ctrl,158,148,162.93333333333334,-2.465338945388794,-0.3915481643307438
UBFC_PHYS_s17_T3_ctrl,158,149,162.96666666666667,-2.228548049926758,-0.40523136719649766
UBFC_PHYS_s17_T3_ctrl,158,150,163.0,-1.7053821086883545,-0.3188931296067682
UBFC_PHYS_s17_T3_ctrl,158,151,163.03333333333333,-1.1006170511245728,-0.16049639349682043
UBFC_PHYS_s17_T3_ctrl,158,152,163.06666666666666,-0.586370587348938,0.031247307430296974
UBFC_PHYS_s17_T3_ctrl,158,153,163.1,-0.3322908282279968,0.2123357063074653
UBFC_PHYS_s17_T3_ctrl,158,154,163.13333333333333,-0.29908227920532227,0.34038552902351965
UBFC_PHYS_s17_T3_ctrl,158,155,163.16666666666666,-0.2649022042751312,0.38268018469594295
UBFC_PHYS_s17_T3_ctrl,158,156,163.2,-0.1180097758769989,0.3237490703446741
UBFC_PHYS_s17_T3_ctrl,158,157,163.23333333333332,0.0770508199930191,0.1699114483132104
UBFC_PHYS_s17_T3_ctrl,158,158,163.26666666666668,0.23609356582164764,-0.05134337342702657
UBFC_PHYS_s17_T3_ctrl,158,159,163.3,0.31395861506462097,-0.2976015378888515
UBFC_PHYS_s17_T3_ctrl,158,160,163.33333333333334,0.2713271379470825,-0.5218583360158328
UBFC_PHYS_s17_T3_ctrl,158,161,163.36666666666667,0.10503869503736496,-0.6839232143688121
UBFC_PHYS_s17_T3_ctrl,158,162,163.4,-0.11888769268989563,-0.7594870622462543
UBFC_PHYS_s17_T3_ctrl,158,163,163.43333333333334,-0.33337944746017456,-0.744263823527027
UBFC_PHYS_s17_T3_ctrl,158,164,163.46666666666667,-0.5620699524879456,-0.6522968910945153
UBFC_PHYS_s17_T3_ctrl,158,165,163.5,-0.8783879280090332,-0.5092909907610547
UBFC_PHYS_s17_T3_ctrl,158,166,163.53333333333333,-1.2312387228012085,-0.34310666062293804
UBFC_PHYS_s17_T3_ctrl,158,167,163.56666666666666,-1.402864933013916,-0.17441063613624294
UBFC_PHYS_s17_T3_ctrl,158,168,163.6,-1.2563120126724243,-0.010904000530342727
UBFC_PHYS_s17_T3_ctrl,158,169,163.63333333333333,-0.9138321876525879,0.1521814490855009
UBFC_PHYS_s17_T3_ctrl,158,170,163.66666666666666,-0.639946699142456,0.3249720307506465
UBFC_PHYS_s17_T3_ctrl,158,171,163.7,-0.5564396381378174,0.5120161383027699
UBFC_PHYS_s17_T3_ctrl,158,172,163.73333333333332,-0.5445351004600525,0.7026810930929253
UBFC_PHYS_s17_T3_ctrl,158,173,163.76666666666668,-0.45938923954963684,0.8681773597993603
UBFC_PHYS_s17_T3_ctrl,158,174,163.8,-0.280985563993454,0.9678739028014205
UBFC_PHYS_s17_T3_ctrl,158,175,163.83333333333334,0.05395585298538208,0.9631502067676226
UBFC_PHYS_s17_T3_ctrl,158,176,163.86666666666667,0.6260040402412415,0.8329585505051539
UBFC_PHYS_s17_T3_ctrl,158,177,163.9,1.2812784910202026,0.5840542957011615
UBFC_PHYS_s17_T3_ctrl,158,178,163.93333333333334,1.755971908569336,0.2515151712302096
UBFC_PHYS_s17_T3_ctrl,158,179,163.96666666666667,1.989414930343628,-0.11014807391619792
UBFC_PHYS_s17_T3_ctrl,158,180,164.0,2.047872304916382,-0.4411826845090585
UBFC_PHYS_s17_T3_ctrl,158,181,164.03333333333333,1.902677059173584,-0.6908117402165331
UBFC_PHYS_s17_T3_ctrl,158,182,164.06666666666666,1.5183618068695068,-0.8276595317458263
UBFC_PHYS_s17_T3_ctrl,158,183,164.1,0.9644220471382141,-0.8448679009792471
UBFC_PHYS_s17_T3_ctrl,158,184,164.13333333333333,0.4350872039794922,-0.7597999454392218
UBFC_PHYS_s17_T3_ctrl,158,185,164.16666666666666,0.1873401254415512,-0.6087272341002596
UBFC_PHYS_s17_T3_ctrl,158,186,164.2,0.30714601278305054,-0.43734173576542834
UBFC_PHYS_s17_T3_ctrl,158,187,164.23333333333332,0.5664229989051819,-0.2888577333276272
UBFC_PHYS_s17_T3_ctrl,158,188,164.26666666666668,0.693135142326355,-0.19267670146613977
UBFC_PHYS_s17_T3_ctrl,158,189,164.3,0.6637192368507385,-0.15709283166734278
UBFC_PHYS_s17_T3_ctrl,158,190,164.33333333333334,0.5949844717979431,-0.16849278710150561
UBFC_PHYS_s17_T3_ctrl,158,191,164.36666666666667,0.5954175591468811,-0.1972406141178101
UBFC_PHYS_s17_T3_ctrl,158,192,164.4,0.7438551187515259,-0.20804498418321962
UBFC_PHYS_s17_T3_ctrl,158,193,164.43333333333334,0.992608904838562,-0.17141377341837366
UBFC_PHYS_s17_T3_ctrl,158,194,164.46666666666667,1.1881611347198486,-0.07326150126638677
UBFC_PHYS_s17_T3_ctrl,158,195,164.5,1.2791714668273926,0.07935637316849165
UBFC_PHYS_s17_T3_ctrl,158,196,164.53333333333333,1.3575632572174072,0.258070241087793
UBFC_PHYS_s17_T3_ctrl,158,197,164.56666666666666,1.4657104015350342,0.41965489086602586
UBFC_PHYS_s17_T3_ctrl,158,198,164.6,1.5291659832000732,0.5183108827025281
UBFC_PHYS_s17_T3_ctrl,158,199,164.63333333333333,1.4717153310775757,0.5205438723577119
UBFC_PHYS_s17_T3_ctrl,158,200,164.66666666666666,1.295617699623108,0.4178755728068087
UBFC_PHYS_s17_T3_ctrl,158,201,164.7,1.0582534074783325,0.23271155864057963
UBFC_PHYS_s17_T3_ctrl,158,202,164.73333333333332,0.8200463056564331,0.014537054800350686
UBFC_PHYS_s17_T3_ctrl,158,203,164.76666666666668,0.6149423718452454,-0.1731424316545488
UBFC_PHYS_s17_T3_ctrl,158,204,164.8,0.4284735918045044,-0.2711297164432819
UBFC_PHYS_s17_T3_ctrl,158,205,164.83333333333334,0.21174611151218414,-0.24207420576144986
UBFC_PHYS_s17_T3_ctrl,158,206,164.86666666666667,-0.03251274302601814,-0.0817223550358916
UBFC_PHYS_s17_T3_ctrl,158,207,164.9,-0.16927990317344666,0.1791930999633594
UBFC_PHYS_s17_T3_ctrl,158,208,164.93333333333334,-0.042076144367456436,0.48265143373005864
UBFC_PHYS_s17_T3_ctrl,158,209,164.96666666666667,0.28293901681900024,0.7583079630324576
UBFC_PHYS_s17_T3_ctrl,158,210,165.0,0.5566489100456238,0.9414698925947556
UBFC_PHYS_s17_T3_ctrl,158,211,165.03333333333333,0.6783862113952637,0.9889224996123283
UBFC_PHYS_s17_T3_ctrl,158,212,165.06666666666666,0.7509720921516418,0.8879958175481556
UBFC_PHYS_s17_T3_ctrl,158,213,165.1,0.7813595533370972,0.6565260450175451
UBFC_PHYS_s17_T3_ctrl,158,214,165.13333333333333,0.7061048746109009,0.33480329142898085
UBFC_PHYS_s17_T3_ctrl,158,215,165.16666666666666,0.5887805223464966,-0.026515067605552
UBFC_PHYS_s17_T3_ctrl,158,216,165.2,0.5531724095344543,-0.3777796937436982
UBFC_PHYS_s17_T3_ctrl,158,217,165.23333333333332,0.6063739061355591,-0.6777264473734187
UBFC_PHYS_s17_T3_ctrl,158,218,165.26666666666668,0.608398973941803,-0.8962136656548358
UBFC_PHYS_s17_T3_ctrl,158,219,165.3,0.3024755120277405,-1.01400385845121
UBFC_PHYS_s17_T3_ctrl,158,220,165.33333333333334,-0.506094217300415,-1.0221137933249143
UBFC_PHYS_s17_T3_ctrl,158,221,165.36666666666667,-1.6597423553466797,-0.9224326360319223
UBFC_PHYS_s17_T3_ctrl,158,222,165.4,-2.6813406944274902,-0.7295054766812075
UBFC_PHYS_s17_T3_ctrl,158,223,165.43333333333334,-3.249678134918213,-0.4717458174375397
UBFC_PHYS_s17_T3_ctrl,158,224,165.46666666666667,-3.445382595062256,-0.1898613075310078
UBFC_PHYS_s17_T3_ctrl,158,225,165.5,-3.492462158203125,0.0687770735304336
UBFC_PHYS_s17_T3_ctrl,158,226,165.53333333333333,-3.5283279418945312,0.25923284343581504
UBFC_PHYS_s17_T3_ctrl,158,227,165.56666666666666,-3.5770111083984375,0.349309129920614
UBFC_PHYS_s17_T3_ctrl,158,228,165.6,-3.4540798664093018,0.3281405252934408
UBFC_PHYS_s17_T3_ctrl,158,229,165.63333333333333,-2.860996723175049,0.21028970288869558
UBFC_PHYS_s17_T3_ctrl,158,230,165.66666666666666,-1.765080213546753,0.03320871155074777
UBFC_PHYS_s17_T3_ctrl,158,231,165.7,-0.4454713761806488,-0.1524198639685865
UBFC_PHYS_s17_T3_ctrl,158,232,165.73333333333332,0.8601727485656738,-0.29715835261629364
UBFC_PHYS_s17_T3_ctrl,158,233,165.76666666666668,2.0518639087677,-0.3672555397905147
UBFC_PHYS_s17_T3_ctrl,158,234,165.8,2.9808831214904785,-0.3535641793470687
UBFC_PHYS_s17_T3_ctrl,158,235,165.83333333333334,3.503978967666626,-0.27127547455382434
UBFC_PHYS_s17_T3_ctrl,158,236,165.86666666666667,3.658292770385742,-0.15052036502803257
UBFC_PHYS_s17_T3_ctrl,158,237,165.9,3.60518479347229,-0.022002359930943037
UBFC_PHYS_s17_T3_ctrl,158,238,165.93333333333334,3.4358997344970703,0.09557598269537261
UBFC_PHYS_s17_T3_ctrl,158,239,165.96666666666667,3.1541597843170166,0.20020235376020862
UBFC_PHYS_s17_T3_ctrl,159,0,159.0,-1.4167243242263794,0.17531240291449543
UBFC_PHYS_s17_T3_ctrl,159,1,159.03333333333333,-1.367760181427002,0.4479707369217599
UBFC_PHYS_s17_T3_ctrl,159,2,159.06666666666666,-1.199598789215088,0.6553103395982807
UBFC_PHYS_s17_T3_ctrl,159,3,159.1,-1.0212419033050537,0.7521230906862201
UBFC_PHYS_s17_T3_ctrl,159,4,159.13333333333333,-0.8351711630821228,0.7225899641960447
UBFC_PHYS_s17_T3_ctrl,159,5,159.16666666666666,-0.6363765001296997,0.5823433823365309
UBFC_PHYS_s17_T3_ctrl,159,6,159.2,-0.4778839349746704,0.37043893417175483
UBFC_PHYS_s17_T3_ctrl,159,7,159.23333333333332,-0.3815944194793701,0.13525563217179157
UBFC_PHYS_s17_T3_ctrl,159,8,159.26666666666668,-0.3048180043697357,-0.07992346611305155
UBFC_PHYS_s17_T3_ctrl,159,9,159.3,-0.22413192689418793,-0.2470482638876644
UBFC_PHYS_s17_T3_ctrl,159,10,159.33333333333334,-0.17248721420764923,-0.35725263368398397
UBFC_PHYS_s17_T3_ctrl,159,11,159.36666666666667,-0.18050548434257507,-0.41913845552330514
UBFC_PHYS_s17_T3_ctrl,159,12,159.4,-0.25082048773765564,-0.45297002938656333
UBFC_PHYS_s17_T3_ctrl,159,13,159.43333333333334,-0.3682033121585846,-0.4825508066551065
UBFC_PHYS_s17_T3_ctrl,159,14,159.46666666666667,-0.4673723876476288,-0.5267695796341998
UBFC_PHYS_s17_T3_ctrl,159,15,159.5,-0.43539294600486755,-0.5929938999083685
UBFC_PHYS_s17_T3_ctrl,159,16,159.53333333333333,-0.24309484660625458,-0.6741761729391587
UBFC_PHYS_s17_T3_ctrl,159,17,159.56666666666666,-0.014357497915625572,-0.750549814072897
UBFC_PHYS_s17_T3_ctrl,159,18,159.6,0.14736580848693848,-0.7953562695670431
UBFC_PHYS_s17_T3_ctrl,159,19,159.63333333333333,0.23855172097682953,-0.7827476221313708
UBFC_PHYS_s17_T3_ctrl,159,20,159.66666666666666,0.2801062762737274,-0.695451682428011
UBFC_PHYS_s17_T3_ctrl,159,21,159.7,0.28741052746772766,-0.530198553489434
UBFC_PHYS_s17_T3_ctrl,159,22,159.73333333333332,0.3230186700820923,-0.29999210871711063
UBFC_PHYS_s17_T3_ctrl,159,23,159.76666666666668,0.4720180928707123,-0.03324495335510195
UBFC_PHYS_s17_T3_ctrl,159,24,159.8,0.7127067446708679,0.2300014199530844
UBFC_PHYS_s17_T3_ctrl,159,25,159.83333333333334,0.9076971411705017,0.4447756227052093
UBFC_PHYS_s17_T3_ctrl,159,26,159.86666666666667,0.9722647070884705,0.5706587338621564
UBFC_PHYS_s17_T3_ctrl,159,27,159.9,0.9522014856338501,0.5827283827712604
UBFC_PHYS_s17_T3_ctrl,159,28,159.93333333333334,0.902991533279419,0.48075065723525756
UBFC_PHYS_s17_T3_ctrl,159,29,159.96666666666667,0.7831856608390808,0.29263361556729955
UBFC_PHYS_s17_T3_ctrl,159,30,160.0,0.5066078901290894,0.0697984122899581
UBFC_PHYS_s17_T3_ctrl,159,31,160.03333333333333,0.05881363898515701,-0.12492485208227785
UBFC_PHYS_s17_T3_ctrl,159,32,160.06666666666666,-0.42680108547210693,-0.23381482270170936
UBFC_PHYS_s17_T3_ctrl,159,33,160.1,-0.7602910399436951,-0.22074887766527174
UBFC_PHYS_s17_T3_ctrl,159,34,160.13333333333333,-0.8583247065544128,-0.0828842310406019
UBFC_PHYS_s17_T3_ctrl,159,35,160.16666666666666,-0.8257131576538086,0.1463904411159567
UBFC_PHYS_s17_T3_ctrl,159,36,160.2,-0.7933708429336548,0.4050318129320365
UBFC_PHYS_s17_T3_ctrl,159,37,160.23333333333332,-0.7262514233589172,0.6192952494611514
UBFC_PHYS_s17_T3_ctrl,159,38,160.26666666666668,-0.5191926956176758,0.7258684960234817
UBFC_PHYS_s17_T3_ctrl,159,39,160.3,-0.22434261441230774,0.6926356149709232
UBFC_PHYS_s17_T3_ctrl,159,40,160.33333333333334,0.019366072490811348,0.5308278672189181
UBFC_PHYS_s17_T3_ctrl,159,41,160.36666666666667,0.1581582874059677,0.29338891650593757
UBFC_PHYS_s17_T3_ctrl,159,42,160.4,0.19259589910507202,0.05918240097441514
UBFC_PHYS_s17_T3_ctrl,159,43,160.43333333333334,0.13533255457878113,-0.09195817328107302
UBFC_PHYS_s17_T3_ctrl,159,44,160.46666666666667,0.05264483392238617,-0.10498347496947769
UBFC_PHYS_s17_T3_ctrl,159,45,160.5,0.020770734176039696,0.032345869800042636
UBFC_PHYS_s17_T3_ctrl,159,46,160.53333333333333,0.027606751769781113,0.2849390913821661
UBFC_PHYS_s17_T3_ctrl,159,47,160.56666666666666,-0.0025934616569429636,0.580685453271493
UBFC_PHYS_s17_T3_ctrl,159,48,160.6,-0.08675607293844223,0.8322729398022066
UBFC_PHYS_s17_T3_ctrl,159,49,160.63333333333333,-0.1845438927412033,0.9634610995856242
UBFC_PHYS_s17_T3_ctrl,159,50,160.66666666666666,-0.3076273202896118,0.930999421797413
UBFC_PHYS_s17_T3_ctrl,159,51,160.7,-0.5184786319732666,0.7348906662456577
UBFC_PHYS_s17_T3_ctrl,159,52,160.73333333333332,-0.7968590259552002,0.4144922352151396
UBFC_PHYS_s17_T3_ctrl,159,53,160.76666666666668,-1.022271990776062,0.03359782567219999
UBFC_PHYS_s17_T3_ctrl,159,54,160.8,-1.1092790365219116,-0.3388076514992599
UBFC_PHYS_s17_T3_ctrl,159,55,160.83333333333334,-1.0736943483352661,-0.6453467452876959
UBFC_PHYS_s17_T3_ctrl,159,56,160.86666666666667,-0.9732025265693665,-0.8506343193535443
UBFC_PHYS_s17_T3_ctrl,159,57,160.9,-0.8354052901268005,-0.9447038904872743
UBFC_PHYS_s17_T3_ctrl,159,58,160.93333333333334,-0.6282880306243896,-0.9408844563001697
UBFC_PHYS_s17_T3_ctrl,159,59,160.96666666666667,-0.33725395798683167,-0.8698034002770615
UBFC_PHYS_s17_T3_ctrl,159,60,161.0,-0.03120172582566738,-0.7708055725160909
UBFC_PHYS_s17_T3_ctrl,159,61,161.03333333333333,0.20126968622207642,-0.6822282923991072
UBFC_PHYS_s17_T3_ctrl,159,62,161.06666666666666,0.3240370452404022,-0.6328303459573182
UBFC_PHYS_s17_T3_ctrl,159,63,161.1,0.3258631229400635,-0.6367230441373047
UBFC_PHYS_s17_T3_ctrl,159,64,161.13333333333333,0.24157173931598663,-0.6924394253514401
UBFC_PHYS_s17_T3_ctrl,159,65,161.16666666666666,0.16006629168987274,-0.7849647956992992
UBFC_PHYS_s17_T3_ctrl,159,66,161.2,0.14065855741500854,-0.8893613919914116
UBFC_PHYS_s17_T3_ctrl,159,67,161.23333333333332,0.1721697896718979,-0.9752675761026408
UBFC_PHYS_s17_T3_ctrl,159,68,161.26666666666668,0.24619542062282562,-1.011713067326134
UBFC_PHYS_s17_T3_ctrl,159,69,161.3,0.3702855110168457,-0.9716633360130563
UBFC_PHYS_s17_T3_ctrl,159,70,161.33333333333334,0.4978872835636139,-0.8361074763823086
UBFC_PHYS_s17_T3_ctrl,159,71,161.36666666666667,0.5624899864196777,-0.5978209423348328
UBFC_PHYS_s17_T3_ctrl,159,72,161.4,0.5663411021232605,-0.26453630765716546
UBFC_PHYS_s17_T3_ctrl,159,73,161.43333333333334,0.553851306438446,0.13952339360880542
UBFC_PHYS_s17_T3_ctrl,159,74,161.46666666666667,0.5343382358551025,0.5751783837998179
UBFC_PHYS_s17_T3_ctrl,159,75,161.5,0.48887401819229126,0.9938203363866941
UBFC_PHYS_s17_T3_ctrl,159,76,161.53333333333333,0.41569119691848755,1.34650052841095
UBFC_PHYS_s17_T3_ctrl,159,77,161.56666666666666,0.3739493489265442,1.5945254670311368
UBFC_PHYS_s17_T3_ctrl,159,78,161.6,0.4778474271297455,1.7184192770892557
UBFC_PHYS_s17_T3_ctrl,159,79,161.63333333333333,0.7563214898109436,1.7220525605961898
UBFC_PHYS_s17_T3_ctrl,159,80,161.66666666666666,1.0454124212265015,1.629930885199295
UBFC_PHYS_s17_T3_ctrl,159,81,161.7,1.1290833950042725,1.4780678869874617
UBFC_PHYS_s17_T3_ctrl,159,82,161.73333333333332,0.9187822341918945,1.3017576289606645
UBFC_PHYS_s17_T3_ctrl,159,83,161.76666666666668,0.4548695385456085,1.1251038387946593
UBFC_PHYS_s17_T3_ctrl,159,84,161.8,-0.10733435302972794,0.9561358108632758
UBFC_PHYS_s17_T3_ctrl,159,85,161.83333333333334,-0.5338947772979736,0.7885501388685733
UBFC_PHYS_s17_T3_ctrl,159,86,161.86666666666667,-0.6684378981590271,0.6083225935487074
UBFC_PHYS_s17_T3_ctrl,159,87,161.9,-0.5567907691001892,0.40195949735447756
UBFC_PHYS_s17_T3_ctrl,159,88,161.93333333333334,-0.3874706029891968,0.163369247914819
UBFC_PHYS_s17_T3_ctrl,159,89,161.96666666666667,-0.3200000524520874,-0.10251837751976417
UBFC_PHYS_s17_T3_ctrl,159,90,162.0,-0.3876344561576843,-0.38009010524339126
UBFC_PHYS_s17_T3_ctrl,159,91,162.03333333333333,-0.545436441898346,-0.6470128365485561
UBFC_PHYS_s17_T3_ctrl,159,92,162.06666666666666,-0.7106245756149292,-0.8804816576804024
UBFC_PHYS_s17_T3_ctrl,159,93,162.1,-0.7865231037139893,-1.0636999909417815
UBFC_PHYS_s17_T3_ctrl,159,94,162.13333333333333,-0.7669515013694763,-1.1904690253116366
UBFC_PHYS_s17_T3_ctrl,159,95,162.16666666666666,-0.8072769641876221,-1.2663584066173303
UBFC_PHYS_s17_T3_ctrl,159,96,162.2,-1.0624687671661377,-1.3059732839552565
UBFC_PHYS_s17_T3_ctrl,159,97,162.23333333333332,-1.4055923223495483,-1.3269866985480046
UBFC_PHYS_s17_T3_ctrl,159,98,162.26666666666668,-1.4030990600585938,-1.3425765382085217
UBFC_PHYS_s17_T3_ctrl,159,99,162.3,-0.8216044902801514,-1.354568433014276
UBFC_PHYS_s17_T3_ctrl,159,100,162.33333333333334,-0.07896020263433456,-1.349786647736114
UBFC_PHYS_s17_T3_ctrl,159,101,162.36666666666667,0.21882794797420502,-1.3015285052780476
UBFC_PHYS_s17_T3_ctrl,159,102,162.4,0.0011054790811613202,-1.1765772264167287
UBFC_PHYS_s17_T3_ctrl,159,103,162.43333333333334,-0.28461429476737976,-0.9461840988969082
UBFC_PHYS_s17_T3_ctrl,159,104,162.46666666666667,-0.25899091362953186,-0.597779698957685
UBFC_PHYS_s17_T3_ctrl,159,105,162.5,0.08556072413921356,-0.14364147940485705
UBFC_PHYS_s17_T3_ctrl,159,106,162.53333333333333,0.514626145362854,0.37635854418616765
UBFC_PHYS_s17_T3_ctrl,159,107,162.56666666666666,0.8375226259231567,0.8991388699431804
UBFC_PHYS_s17_T3_ctrl,159,108,162.6,1.0884184837341309,1.349478098209598
UBFC_PHYS_s17_T3_ctrl,159,109,162.63333333333333,1.3528575897216797,1.6557305805981994
UBFC_PHYS_s17_T3_ctrl,159,110,162.66666666666666,1.498005986213684,1.7666375178116
UBFC_PHYS_s17_T3_ctrl,159,111,162.7,1.2613322734832764,1.6648552078276826
UBFC_PHYS_s17_T3_ctrl,159,112,162.73333333333332,0.590747058391571,1.3732683578291496
UBFC_PHYS_s17_T3_ctrl,159,113,162.76666666666668,-0.23835411667823792,0.9517513536987923
UBFC_PHYS_s17_T3_ctrl,159,114,162.8,-0.871926486492157,0.4844010405158243
UBFC_PHYS_s17_T3_ctrl,159,115,162.83333333333334,-1.283164381980896,0.06020441735272589
UBFC_PHYS_s17_T3_ctrl,159,116,162.86666666666667,-1.730326533317566,-0.24719545379992558
UBFC_PHYS_s17_T3_ctrl,159,117,162.9,-2.238556385040283,-0.39451617981790754
UBFC_PHYS_s17_T3_ctrl,159,118,162.93333333333334,-2.465338945388794,-0.3751755701641916
UBFC_PHYS_s17_T3_ctrl,159,119,162.96666666666667,-2.228548049926758,-0.21702843615758874
UBFC_PHYS_s17_T3_ctrl,159,120,163.0,-1.7053821086883545,0.026476694533078906
UBFC_PHYS_s17_T3_ctrl,159,121,163.03333333333333,-1.1006170511245728,0.28912037854206724
UBFC_PHYS_s17_T3_ctrl,159,122,163.06666666666666,-0.586370587348938,0.5058133782510512
UBFC_PHYS_s17_T3_ctrl,159,123,163.1,-0.3322908282279968,0.6247962889836542
UBFC_PHYS_s17_T3_ctrl,159,124,163.13333333333333,-0.29908227920532227,0.61625364984688
UBFC_PHYS_s17_T3_ctrl,159,125,163.16666666666666,-0.2649022042751312,0.47648908707032217
UBFC_PHYS_s17_T3_ctrl,159,126,163.2,-0.1180097758769989,0.22734460625059708
UBFC_PHYS_s17_T3_ctrl,159,127,163.23333333333332,0.0770508199930191,-0.08905711574613966
UBFC_PHYS_s17_T3_ctrl,159,128,163.26666666666668,0.23609356582164764,-0.4193933690013377
UBFC_PHYS_s17_T3_ctrl,159,129,163.3,0.31395861506462097,-0.7102407453058119
UBFC_PHYS_s17_T3_ctrl,159,130,163.33333333333334,0.2713271379470825,-0.9187804720751377
UBFC_PHYS_s17_T3_ctrl,159,131,163.36666666666667,0.10503869503736496,-1.0206936386903065
UBFC_PHYS_s17_T3_ctrl,159,132,163.4,-0.11888769268989563,-1.0134533367951812
UBFC_PHYS_s17_T3_ctrl,159,133,163.43333333333334,-0.33337944746017456,-0.9143135523692859
UBFC_PHYS_s17_T3_ctrl,159,134,163.46666666666667,-0.5620699524879456,-0.7535854260292882
UBFC_PHYS_s17_T3_ctrl,159,135,163.5,-0.8783879280090332,-0.5649594969795727
UBFC_PHYS_s17_T3_ctrl,159,136,163.53333333333333,-1.2312387228012085,-0.37545056260720144
UBFC_PHYS_s17_T3_ctrl,159,137,163.56666666666666,-1.402864933013916,-0.1979846774279818
UBFC_PHYS_s17_T3_ctrl,159,138,163.6,-1.2563120126724243,-0.029499353598200776
UBFC_PHYS_s17_T3_ctrl,159,139,163.63333333333333,-0.9138321876525879,0.14395897794284734
UBFC_PHYS_s17_T3_ctrl,159,140,163.66666666666666,-0.639946699142456,0.33641673561252744
UBFC_PHYS_s17_T3_ctrl,159,141,163.7,-0.5564396381378174,0.5496543388848041
UBFC_PHYS_s17_T3_ctrl,159,142,163.73333333333332,-0.5445351004600525,0.7650494897638896
UBFC_PHYS_s17_T3_ctrl,159,143,163.76666666666668,-0.45938923954963684,0.9440899118385941
UBFC_PHYS_s17_T3_ctrl,159,144,163.8,-0.280985563993454,1.0384657293023813
UBFC_PHYS_s17_T3_ctrl,159,145,163.83333333333334,0.05395585298538208,1.0063181889850648
UBFC_PHYS_s17_T3_ctrl,159,146,163.86666666666667,0.6260040402412415,0.8283385538608871
UBFC_PHYS_s17_T3_ctrl,159,147,163.9,1.2812784910202026,0.5174035761760668
UBFC_PHYS_s17_T3_ctrl,159,148,163.93333333333334,1.755971908569336,0.11828889238420905
UBFC_PHYS_s17_T3_ctrl,159,149,163.96666666666667,1.989414930343628,-0.3019728078308236
UBFC_PHYS_s17_T3_ctrl,159,150,164.0,2.047872304916382,-0.669430181324484
UBFC_PHYS_s17_T3_ctrl,159,151,164.03333333333333,1.902677059173584,-0.9196007964102673
UBFC_PHYS_s17_T3_ctrl,159,152,164.06666666666666,1.5183618068695068,-1.0112156256911482
UBFC_PHYS_s17_T3_ctrl,159,153,164.1,0.9644220471382141,-0.9351152180587612
UBFC_PHYS_s17_T3_ctrl,159,154,164.13333333333333,0.4350872039794922,-0.7168948197151507
UBFC_PHYS_s17_T3_ctrl,159,155,164.16666666666666,0.1873401254415512,-0.41226308448076393
UBFC_PHYS_s17_T3_ctrl,159,156,164.2,0.30714601278305054,-0.09494269794243809
UBFC_PHYS_s17_T3_ctrl,159,157,164.23333333333332,0.5664229989051819,0.16119377490592943
UBFC_PHYS_s17_T3_ctrl,159,158,164.26666666666668,0.693135142326355,0.3015909045288781
UBFC_PHYS_s17_T3_ctrl,159,159,164.3,0.6637192368507385,0.30624642882584047
UBFC_PHYS_s17_T3_ctrl,159,160,164.33333333333334,0.5949844717979431,0.19537369404053723
UBFC_PHYS_s17_T3_ctrl,159,161,164.36666666666667,0.5954175591468811,0.02301156793520257
UBFC_PHYS_s17_T3_ctrl,159,162,164.4,0.7438551187515259,-0.13971619415137257
UBFC_PHYS_s17_T3_ctrl,159,163,164.43333333333334,0.992608904838562,-0.22651967377656293
UBFC_PHYS_s17_T3_ctrl,159,164,164.46666666666667,1.1881611347198486,-0.19659497508060078
UBFC_PHYS_s17_T3_ctrl,159,165,164.5,1.2791714668273926,-0.048130868158685156
UBFC_PHYS_s17_T3_ctrl,159,166,164.53333333333333,1.3575632572174072,0.1796251429514123
UBFC_PHYS_s17_T3_ctrl,159,167,164.56666666666666,1.4657104015350342,0.41730225006326577
UBFC_PHYS_s17_T3_ctrl,159,168,164.6,1.5291659832000732,0.5869692351673882
UBFC_PHYS_s17_T3_ctrl,159,169,164.63333333333333,1.4717153310775757,0.627974773076462
UBFC_PHYS_s17_T3_ctrl,159,170,164.66666666666666,1.295617699623108,0.5184313109361209
UBFC_PHYS_s17_T3_ctrl,159,171,164.7,1.0582534074783325,0.2844742482385416
UBFC_PHYS_s17_T3_ctrl,159,172,164.73333333333332,0.8200463056564331,-0.006531056709149434
UBFC_PHYS_s17_T3_ctrl,159,173,164.76666666666668,0.6149423718452454,-0.2667637707334175
UBFC_PHYS_s17_T3_ctrl,159,174,164.8,0.4284735918045044,-0.41531839700459405
UBFC_PHYS_s17_T3_ctrl,159,175,164.83333333333334,0.21174611151218414,-0.4025669604144192
UBFC_PHYS_s17_T3_ctrl,159,176,164.86666666666667,-0.03251274302601814,-0.2238281809448498
UBFC_PHYS_s17_T3_ctrl,159,177,164.9,-0.16927990317344666,0.0808135937623517
UBFC_PHYS_s17_T3_ctrl,159,178,164.93333333333334,-0.042076144367456436,0.43901204951824857
UBFC_PHYS_s17_T3_ctrl,159,179,164.96666666666667,0.28293901681900024,0.7661370970842074
UBFC_PHYS_s17_T3_ctrl,159,180,165.0,0.5566489100456238,0.9864885368041343
UBFC_PHYS_s17_T3_ctrl,159,181,165.03333333333333,0.6783862113952637,1.049982538120893
UBFC_PHYS_s17_T3_ctrl,159,182,165.06666666666666,0.7509720921516418,0.9404792305430814
UBFC_PHYS_s17_T3_ctrl,159,183,165.1,0.7813595533370972,0.674779715198998
UBFC_PHYS_s17_T3_ctrl,159,184,165.13333333333333,0.7061048746109009,0.29432395669188766
UBFC_PHYS_s17_T3_ctrl,159,185,165.16666666666666,0.5887805223464966,-0.14640583609913527
UBFC_PHYS_s17_T3_ctrl,159,186,165.2,0.5531724095344543,-0.5906508651491962
UBFC_PHYS_s17_T3_ctrl,159,187,165.23333333333332,0.6063739061355591,-0.9867217914349389
UBFC_PHYS_s17_T3_ctrl,159,188,165.26666666666668,0.608398973941803,-1.2916241955120213
UBFC_PHYS_s17_T3_ctrl,159,189,165.3,0.3024755120277405,-1.4725728027364813
UBFC_PHYS_s17_T3_ctrl,159,190,165.33333333333334,-0.506094217300415,-1.508655934392423
UBFC_PHYS_s17_T3_ctrl,159,191,165.36666666666667,-1.6597423553466797,-1.3940438843952714
UBFC_PHYS_s17_T3_ctrl,159,192,165.4,-2.6813406944274902,-1.1422081879827197
UBFC_PHYS_s17_T3_ctrl,159,193,165.43333333333334,-3.249678134918213,-0.7887011648341706
UBFC_PHYS_s17_T3_ctrl,159,194,165.46666666666667,-3.445382595062256,-0.38931068400116564
UBFC_PHYS_s17_T3_ctrl,159,195,165.5,-3.492462158203125,-0.01157194543619419
UBFC_PHYS_s17_T3_ctrl,159,196,165.53333333333333,-3.5283279418945312,0.2795933861094665
UBFC_PHYS_s17_T3_ctrl,159,197,165.56666666666666,-3.5770111083984375,0.4384294095873031
UBFC_PHYS_s17_T3_ctrl,159,198,165.6,-3.4540798664093018,0.4519016829731052
UBFC_PHYS_s17_T3_ctrl,159,199,165.63333333333333,-2.860996723175049,0.3453196578322936
UBFC_PHYS_s17_T3_ctrl,159,200,165.66666666666666,-1.765080213546753,0.17689895985069046
UBFC_PHYS_s17_T3_ctrl,159,201,165.7,-0.4454713761806488,0.02145960910004008
UBFC_PHYS_s17_T3_ctrl,159,202,165.73333333333332,0.8601727485656738,-0.052371592754850135
UBFC_PHYS_s17_T3_ctrl,159,203,165.76666666666668,2.0518639087677,-0.003961752542870107
UBFC_PHYS_s17_T3_ctrl,159,204,165.8,2.9808831214904785,0.16629051569147077
UBFC_PHYS_s17_T3_ctrl,159,205,165.83333333333334,3.503978967666626,0.41756639995133865
UBFC_PHYS_s17_T3_ctrl,159,206,165.86666666666667,3.658292770385742,0.6828076211126788
UBFC_PHYS_s17_T3_ctrl,159,207,165.9,3.60518479347229,0.8912841977233996
UBFC_PHYS_s17_T3_ctrl,159,208,165.93333333333334,3.4358997344970703,0.9912226869961955
UBFC_PHYS_s17_T3_ctrl,159,209,165.96666666666667,3.1541597843170166,0.964433449984858
UBFC_PHYS_s17_T3_ctrl,159,210,166.0,2.8188555240631104,0.8285282086088771
UBFC_PHYS_s17_T3_ctrl,159,211,166.03333333333333,2.5389065742492676,0.6274273909989112
UBFC_PHYS_s17_T3_ctrl,159,212,166.06666666666666,2.281795024871826,0.41494958704046175
UBFC_PHYS_s17_T3_ctrl,159,213,166.1,1.9071252346038818,0.23782779903300794
UBFC_PHYS_s17_T3_ctrl,159,214,166.13333333333333,1.3975492715835571,0.12339782903229961
UBFC_PHYS_s17_T3_ctrl,159,215,166.16666666666666,0.8903729915618896,0.0747581257445709
UBFC_PHYS_s17_T3_ctrl,159,216,166.2,0.46794459223747253,0.0737931713711785
UBFC_PHYS_s17_T3_ctrl,159,217,166.23333333333332,0.09682142734527588,0.09033659502340743
UBFC_PHYS_s17_T3_ctrl,159,218,166.26666666666668,-0.19430628418922424,0.09393131177798975
UBFC_PHYS_s17_T3_ctrl,159,219,166.3,-0.2532786428928375,0.06387107280549338
UBFC_PHYS_s17_T3_ctrl,159,220,166.33333333333334,-0.038166504353284836,-0.005834386892434496
UBFC_PHYS_s17_T3_ctrl,159,221,166.36666666666667,0.21553869545459747,-0.10751750365547262
UBFC_PHYS_s17_T3_ctrl,159,222,166.4,0.19315776228904724,-0.225157812420379
UBFC_PHYS_s17_T3_ctrl,159,223,166.43333333333334,-0.173283189535141,-0.340734507029772
UBFC_PHYS_s17_T3_ctrl,159,224,166.46666666666667,-0.7089858055114746,-0.4390843364403427
UBFC_PHYS_s17_T3_ctrl,159,225,166.5,-1.2077809572219849,-0.5103964743630918
UBFC_PHYS_s17_T3_ctrl,159,226,166.53333333333333,-1.4976444244384766,-0.5506872897426313
UBFC_PHYS_s17_T3_ctrl,159,227,166.56666666666666,-1.4945191144943237,-0.5609774060495648
UBFC_PHYS_s17_T3_ctrl,159,228,166.6,-1.2843700647354126,-0.5457929508429226
UBFC_PHYS_s17_T3_ctrl,159,229,166.63333333333333,-1.0700773000717163,-0.5114199843420145
UBFC_PHYS_s17_T3_ctrl,159,230,166.66666666666666,-0.9619652628898621,-0.4642615000666071
UBFC_PHYS_s17_T3_ctrl,159,231,166.7,-0.910308837890625,-0.40959506648531807
UBFC_PHYS_s17_T3_ctrl,159,232,166.73333333333332,-0.8630419969558716,-0.3508849661129576
UBFC_PHYS_s17_T3_ctrl,159,233,166.76666666666668,-0.8675486445426941,-0.2896810334979222
UBFC_PHYS_s17_T3_ctrl,159,234,166.8,-0.9453200101852417,-0.22612055185536475
UBFC_PHYS_s17_T3_ctrl,159,235,166.83333333333334,-1.0251749753952026,-0.15993766579435803
UBFC_PHYS_s17_T3_ctrl,159,236,166.86666666666667,-1.070299744606018,-0.09156712664750634
UBFC_PHYS_s17_T3_ctrl,159,237,166.9,-1.1346683502197266,-0.022726921952226503
UBFC_PHYS_s17_T3_ctrl,159,238,166.93333333333334,-1.2841944694519043,0.04387361555463348
UBFC_PHYS_s17_T3_ctrl,159,239,166.96666666666667,-1.4767969846725464,0.10538215728279997
UBFC_PHYS_s17_T3_ctrl,160,0,160.0,0.5066078901290894,-0.24032133626338173
UBFC_PHYS_s17_T3_ctrl,160,1,160.03333333333333,0.05881363898515701,0.0015476301300862121
UBFC_PHYS_s17_T3_ctrl,160,2,160.06666666666666,-0.42680108547210693,0.2506687764193485
UBFC_PHYS_s17_T3_ctrl,160,3,160.1,-0.7602910399436951,0.5005777725237934
UBFC_PHYS_s17_T3_ctrl,160,4,160.13333333333333,-0.8583247065544128,0.7330178927382077
UBFC_PHYS_s17_T3_ctrl,160,5,160.16666666666666,-0.8257131576538086,0.9179912042221023
UBFC_PHYS_s17_T3_ctrl,160,6,160.2,-0.7933708429336548,1.019125444090116
UBFC_PHYS_s17_T3_ctrl,160,7,160.23333333333332,-0.7262514233589172,1.0041190879319353
UBFC_PHYS_s17_T3_ctrl,160,8,160.26666666666668,-0.5191926956176758,0.85796464634164
UBFC_PHYS_s17_T3_ctrl,160,9,160.3,-0.22434261441230774,0.5943211446909532
UBFC_PHYS_s17_T3_ctrl,160,10,160.33333333333334,0.019366072490811348,0.25959442823792006
UBFC_PHYS_s17_T3_ctrl,160,11,160.36666666666667,0.1581582874059677,-0.07382490027233775
UBFC_PHYS_s17_T3_ctrl,160,12,160.4,0.19259589910507202,-0.3244753154209548
UBFC_PHYS_s17_T3_ctrl,160,13,160.43333333333334,0.13533255457878113,-0.42393436370950116
UBFC_PHYS_s17_T3_ctrl,160,14,160.46666666666667,0.05264483392238617,-0.337171403370545
UBFC_PHYS_s17_T3_ctrl,160,15,160.5,0.020770734176039696,-0.07472612635919389
UBFC_PHYS_s17_T3_ctrl,160,16,160.53333333333333,0.027606751769781113,0.3074227772646477
UBFC_PHYS_s17_T3_ctrl,160,17,160.56666666666666,-0.0025934616569429636,0.7210225832018267
UBFC_PHYS_s17_T3_ctrl,160,18,160.6,-0.08675607293844223,1.068536230942946
UBFC_PHYS_s17_T3_ctrl,160,19,160.63333333333333,-0.1845438927412033,1.2692094309348998
UBFC_PHYS_s17_T3_ctrl,160,20,160.66666666666666,-0.3076273202896118,1.2796673298420747
UBFC_PHYS_s17_T3_ctrl,160,21,160.7,-0.5184786319732666,1.1020408000080344
UBFC_PHYS_s17_T3_ctrl,160,22,160.73333333333332,-0.7968590259552002,0.7776876724293671
UBFC_PHYS_s17_T3_ctrl,160,23,160.76666666666668,-1.022271990776062,0.37055143294910264
UBFC_PHYS_s17_T3_ctrl,160,24,160.8,-1.1092790365219116,-0.052217498055385274
UBFC_PHYS_s17_T3_ctrl,160,25,160.83333333333334,-1.0736943483352661,-0.43523258831927525
UBFC_PHYS_s17_T3_ctrl,160,26,160.86666666666667,-0.9732025265693665,-0.7421437431927853
UBFC_PHYS_s17_T3_ctrl,160,27,160.9,-0.8354052901268005,-0.9561862361576228
UBFC_PHYS_s17_T3_ctrl,160,28,160.93333333333334,-0.6282880306243896,-1.0769733493058713
UBFC_PHYS_s17_T3_ctrl,160,29,160.96666666666667,-0.33725395798683167,-1.1161703879211922
UBFC_PHYS_s17_T3_ctrl,160,30,161.0,-0.03120172582566738,-1.0934082217017669
UBFC_PHYS_s17_T3_ctrl,160,31,161.03333333333333,0.20126968622207642,-1.032646643652986
UBFC_PHYS_s17_T3_ctrl,160,32,161.06666666666666,0.3240370452404022,-0.9586641693817993
UBFC_PHYS_s17_T3_ctrl,160,33,161.1,0.3258631229400635,-0.89331747601154
UBFC_PHYS_s17_T3_ctrl,160,34,161.13333333333333,0.24157173931598663,-0.8514423351856205
UBFC_PHYS_s17_T3_ctrl,160,35,161.16666666666666,0.16006629168987274,-0.8368830609468505
UBFC_PHYS_s17_T3_ctrl,160,36,161.2,0.14065855741500854,-0.8400262629239349
UBFC_PHYS_s17_T3_ctrl,160,37,161.23333333333332,0.1721697896718979,-0.8385142019335451
UBFC_PHYS_s17_T3_ctrl,160,38,161.26666666666668,0.24619542062282562,-0.8019164903563838
UBFC_PHYS_s17_T3_ctrl,160,39,161.3,0.3702855110168457,-0.699633510383527
UBFC_PHYS_s17_T3_ctrl,160,40,161.33333333333334,0.4978872835636139,-0.5101212776527636
UBFC_PHYS_s17_T3_ctrl,160,41,161.36666666666667,0.5624899864196777,-0.22897194624604447
UBFC_PHYS_s17_T3_ctrl,160,42,161.4,0.5663411021232605,0.12656914080724588
UBFC_PHYS_s17_T3_ctrl,160,43,161.43333333333334,0.553851306438446,0.5183855160586948
UBFC_PHYS_s17_T3_ctrl,160,44,161.46666666666667,0.5343382358551025,0.8940212396064291
UBFC_PHYS_s17_T3_ctrl,160,45,161.5,0.48887401819229126,1.1978011369850214
UBFC_PHYS_s17_T3_ctrl,160,46,161.53333333333333,0.41569119691848755,1.3839066318048805
UBFC_PHYS_s17_T3_ctrl,160,47,161.56666666666666,0.3739493489265442,1.4279815719727647
UBFC_PHYS_s17_T3_ctrl,160,48,161.6,0.4778474271297455,1.3340383662824167
UBFC_PHYS_s17_T3_ctrl,160,49,161.63333333333333,0.7563214898109436,1.1344305649177386
UBFC_PHYS_s17_T3_ctrl,160,50,161.66666666666666,1.0454124212265015,0.8822188142557795
UBFC_PHYS_s17_T3_ctrl,160,51,161.7,1.1290833950042725,0.6374784063182278
UBFC_PHYS_s17_T3_ctrl,160,52,161.73333333333332,0.9187822341918945,0.45155374487685523
UBFC_PHYS_s17_T3_ctrl,160,53,161.76666666666668,0.4548695385456085,0.35436748192096745
UBFC_PHYS_s17_T3_ctrl,160,54,161.8,-0.10733435302972794,0.3485477556115872
UBFC_PHYS_s17_T3_ctrl,160,55,161.83333333333334,-0.5338947772979736,0.41131265532347533
UBFC_PHYS_s17_T3_ctrl,160,56,161.86666666666667,-0.6684378981590271,0.502479942927574
UBFC_PHYS_s17_T3_ctrl,160,57,161.9,-0.5567907691001892,0.5756251819698149
UBFC_PHYS_s17_T3_ctrl,160,58,161.93333333333334,-0.3874706029891968,0.5893722816596401
UBFC_PHYS_s17_T3_ctrl,160,59,161.96666666666667,-0.3200000524520874,0.5164598896803412
UBFC_PHYS_s17_T3_ctrl,160,60,162.0,-0.3876344561576843,0.34895676084652005
UBFC_PHYS_s17_T3_ctrl,160,61,162.03333333333333,-0.545436441898346,0.0987386310609593
UBFC_PHYS_s17_T3_ctrl,160,62,162.06666666666666,-0.7106245756149292,-0.20671005524197786
UBFC_PHYS_s17_T3_ctrl,160,63,162.1,-0.7865231037139893,-0.5319352485818506
UBFC_PHYS_s17_T3_ctrl,160,64,162.13333333333333,-0.7669515013694763,-0.8422607336341065
UBFC_PHYS_s17_T3_ctrl,160,65,162.16666666666666,-0.8072769641876221,-1.110852414909516
UBFC_PHYS_s17_T3_ctrl,160,66,162.2,-1.0624687671661377,-1.3219057089595265
UBFC_PHYS_s17_T3_ctrl,160,67,162.23333333333332,-1.4055923223495483,-1.469264583213443
UBFC_PHYS_s17_T3_ctrl,160,68,162.26666666666668,-1.4030990600585938,-1.5516059193893423
UBFC_PHYS_s17_T3_ctrl,160,69,162.3,-0.8216044902801514,-1.5667231916960926
UBFC_PHYS_s17_T3_ctrl,160,70,162.33333333333334,-0.07896020263433456,-1.5078132377379405
UBFC_PHYS_s17_T3_ctrl,160,71,162.36666666666667,0.21882794797420502,-1.3638265769660274
UBFC_PHYS_s17_T3_ctrl,160,72,162.4,0.0011054790811613202,-1.124170176519915
UBFC_PHYS_s17_T3_ctrl,160,73,162.43333333333334,-0.28461429476737976,-0.7860388747886348
UBFC_PHYS_s17_T3_ctrl,160,74,162.46666666666667,-0.25899091362953186,-0.3612813066965375
UBFC_PHYS_s17_T3_ctrl,160,75,162.5,0.08556072413921356,0.12022631002215135
UBFC_PHYS_s17_T3_ctrl,160,76,162.53333333333333,0.514626145362854,0.6121913604074384
UBFC_PHYS_s17_T3_ctrl,160,77,162.56666666666666,0.8375226259231567,1.0581680068657473
UBFC_PHYS_s17_T3_ctrl,160,78,162.6,1.0884184837341309,1.4010907759557005
UBFC_PHYS_s17_T3_ctrl,160,79,162.63333333333333,1.3528575897216797,1.594174569934881
UBFC_PHYS_s17_T3_ctrl,160,80,162.66666666666666,1.498005986213684,1.6107782239375392
UBFC_PHYS_s17_T3_ctrl,160,81,162.7,1.2613322734832764,1.450738883230814
UBFC_PHYS_s17_T3_ctrl,160,82,162.73333333333332,0.590747058391571,1.1414710181987109
UBFC_PHYS_s17_T3_ctrl,160,83,162.76666666666668,-0.23835411667823792,0.7334306642906234
UBFC_PHYS_s17_T3_ctrl,160,84,162.8,-0.871926486492157,0.2908348971056994
UBFC_PHYS_s17_T3_ctrl,160,85,162.83333333333334,-1.283164381980896,-0.12024478099024623
UBFC_PHYS_s17_T3_ctrl,160,86,162.86666666666667,-1.730326533317566,-0.44333125110648264
UBFC_PHYS_s17_T3_ctrl,160,87,162.9,-2.238556385040283,-0.6396667104035307
UBFC_PHYS_s17_T3_ctrl,160,88,162.93333333333334,-2.465338945388794,-0.6918813385375508
UBFC_PHYS_s17_T3_ctrl,160,89,162.96666666666667,-2.228548049926758,-0.6039376286368303
UBFC_PHYS_s17_T3_ctrl,160,90,163.0,-1.7053821086883545,-0.3986940241027319
UBFC_PHYS_s17_T3_ctrl,160,91,163.03333333333333,-1.1006170511245728,-0.11410706135236617
UBFC_PHYS_s17_T3_ctrl,160,92,163.06666666666666,-0.586370587348938,0.20133878618474801
UBFC_PHYS_s17_T3_ctrl,160,93,163.1,-0.3322908282279968,0.4939316612474668
UBFC_PHYS_s17_T3_ctrl,160,94,163.13333333333333,-0.29908227920532227,0.7113536667789983
UBFC_PHYS_s17_T3_ctrl,160,95,163.16666666666666,-0.2649022042751312,0.8109753583381013
UBFC_PHYS_s17_T3_ctrl,160,96,163.2,-0.1180097758769989,0.768617990667645
UBFC_PHYS_s17_T3_ctrl,160,97,163.23333333333332,0.0770508199930191,0.5850077317731094
UBFC_PHYS_s17_T3_ctrl,160,98,163.26666666666668,0.23609356582164764,0.28709073312711086
UBFC_PHYS_s17_T3_ctrl,160,99,163.3,0.31395861506462097,-0.07707352009670765
UBFC_PHYS_s17_T3_ctrl,160,100,163.33333333333334,0.2713271379470825,-0.44883684430657583
UBFC_PHYS_s17_T3_ctrl,160,101,163.36666666666667,0.10503869503736496,-0.7718868317743773
UBFC_PHYS_s17_T3_ctrl,160,102,163.4,-0.11888769268989563,-1.0036468503902942
UBFC_PHYS_s17_T3_ctrl,160,103,163.43333333333334,-0.33337944746017456,-1.1218333615696272
UBFC_PHYS_s17_T3_ctrl,160,104,163.46666666666667,-0.5620699524879456,-1.1247428308363108
UBFC_PHYS_s17_T3_ctrl,160,105,163.5,-0.8783879280090332,-1.0261147167061997
UBFC_PHYS_s17_T3_ctrl,160,106,163.53333333333333,-1.2312387228012085,-0.8471148423801255
UBFC_PHYS_s17_T3_ctrl,160,107,163.56666666666666,-1.402864933013916,-0.6086823470338384
UBFC_PHYS_s17_T3_ctrl,160,108,163.6,-1.2563120126724243,-0.32714102755093877
UBFC_PHYS_s17_T3_ctrl,160,109,163.63333333333333,-0.9138321876525879,-0.014685512354277251
UBFC_PHYS_s17_T3_ctrl,160,110,163.66666666666666,-0.639946699142456,0.3156396366053166
UBFC_PHYS_s17_T3_ctrl,160,111,163.7,-0.5564396381378174,0.6430976372508418
UBFC_PHYS_s17_T3_ctrl,160,112,163.73333333333332,-0.5445351004600525,0.9348247355617608
UBFC_PHYS_s17_T3_ctrl,160,113,163.76666666666668,-0.45938923954963684,1.1478095076548318
UBFC_PHYS_s17_T3_ctrl,160,114,163.8,-0.280985563993454,1.2385345669044294
UBFC_PHYS_s17_T3_ctrl,160,115,163.83333333333334,0.05395585298538208,1.1773821078869378
UBFC_PHYS_s17_T3_ctrl,160,116,163.86666666666667,0.6260040402412415,0.9615929197808922
UBFC_PHYS_s17_T3_ctrl,160,117,163.9,1.2812784910202026,0.6204132704758767
UBFC_PHYS_s17_T3_ctrl,160,118,163.93333333333334,1.755971908569336,0.20967905820472846
UBFC_PHYS_s17_T3_ctrl,160,119,163.96666666666667,1.989414930343628,-0.2018774172516513
UBFC_PHYS_s17_T3_ctrl,160,120,164.0,2.047872304916382,-0.549008048711739
UBFC_PHYS_s17_T3_ctrl,160,121,164.03333333333333,1.902677059173584,-0.7833820381205242
UBFC_PHYS_s17_T3_ctrl,160,122,164.06666666666666,1.5183618068695068,-0.8810986492306117
UBFC_PHYS_s17_T3_ctrl,160,123,164.1,0.9644220471382141,-0.8443228895538024
UBFC_PHYS_s17_T3_ctrl,160,124,164.13333333333333,0.4350872039794922,-0.6984159116242965
UBFC_PHYS_s17_T3_ctrl,160,125,164.16666666666666,0.1873401254415512,-0.4857339640602366
UBFC_PHYS_s17_T3_ctrl,160,126,164.2,0.30714601278305054,-0.25681445768632294
UBFC_PHYS_s17_T3_ctrl,160,127,164.23333333333332,0.5664229989051819,-0.05981209802732262
UBFC_PHYS_s17_T3_ctrl,160,128,164.26666666666668,0.693135142326355,0.07011839799795311
UBFC_PHYS_s17_T3_ctrl,160,129,164.3,0.6637192368507385,0.11895688317429978
UBFC_PHYS_s17_T3_ctrl,160,130,164.33333333333334,0.5949844717979431,0.09692360689587756
UBFC_PHYS_s17_T3_ctrl,160,131,164.36666666666667,0.5954175591468811,0.03510727584067499
UBFC_PHYS_s17_T3_ctrl,160,132,164.4,0.7438551187515259,-0.023971990636930948
UBFC_PHYS_s17_T3_ctrl,160,133,164.43333333333334,0.992608904838562,-0.03964776405536655
UBFC_PHYS_s17_T3_ctrl,160,134,164.46666666666667,1.1881611347198486,0.01309051644033669
UBFC_PHYS_s17_T3_ctrl,160,135,164.5,1.2791714668273926,0.13316555095192623
UBFC_PHYS_s17_T3_ctrl,160,136,164.53333333333333,1.3575632572174072,0.2902540992513836
UBFC_PHYS_s17_T3_ctrl,160,137,164.56666666666666,1.4657104015350342,0.4314415146535733
UBFC_PHYS_s17_T3_ctrl,160,138,164.6,1.5291659832000732,0.49706739298801716
UBFC_PHYS_s17_T3_ctrl,160,139,164.63333333333333,1.4717153310775757,0.44142178235224144
UBFC_PHYS_s17_T3_ctrl,160,140,164.66666666666666,1.295617699623108,0.2514915282847958
UBFC_PHYS_s17_T3_ctrl,160,141,164.7,1.0582534074783325,-0.04316844708954442
UBFC_PHYS_s17_T3_ctrl,160,142,164.73333333333332,0.8200463056564331,-0.37392836012774316
UBFC_PHYS_s17_T3_ctrl,160,143,164.76666666666668,0.6149423718452454,-0.6499916019809756
UBFC_PHYS_s17_T3_ctrl,160,144,164.8,0.4284735918045044,-0.783812784096071
UBFC_PHYS_s17_T3_ctrl,160,145,164.83333333333334,0.21174611151218414,-0.7169489717435823
UBFC_PHYS_s17_T3_ctrl,160,146,164.86666666666667,-0.03251274302601814,-0.43838520958884547
UBFC_PHYS_s17_T3_ctrl,160,147,164.9,-0.16927990317344666,0.009895902107053645
UBFC_PHYS_s17_T3_ctrl,160,148,164.93333333333334,-0.042076144367456436,0.5415497040200921
UBFC_PHYS_s17_T3_ctrl,160,149,164.96666666666667,0.28293901681900024,1.0462996338219037
UBFC_PHYS_s17_T3_ctrl,160,150,165.0,0.5566489100456238,1.4165041867548411
UBFC_PHYS_s17_T3_ctrl,160,151,165.03333333333333,0.6783862113952637,1.5724411244101575
UBFC_PHYS_s17_T3_ctrl,160,152,165.06666666666666,0.7509720921516418,1.4793081357665032
UBFC_PHYS_s17_T3_ctrl,160,153,165.1,0.7813595533370972,1.1516043058152656
UBFC_PHYS_s17_T3_ctrl,160,154,165.13333333333333,0.7061048746109009,0.6447798618262217
UBFC_PHYS_s17_T3_ctrl,160,155,165.16666666666666,0.5887805223464966,0.03838574523584346
UBFC_PHYS_s17_T3_ctrl,160,156,165.2,0.5531724095344543,-0.5823878801209542
UBFC_PHYS_s17_T3_ctrl,160,157,165.23333333333332,0.6063739061355591,-1.1405426732666382
UBFC_PHYS_s17_T3_ctrl,160,158,165.26666666666668,0.608398973941803,-1.5740990716167595
UBFC_PHYS_s17_T3_ctrl,160,159,165.3,0.3024755120277405,-1.837859714558018
UBFC_PHYS_s17_T3_ctrl,160,160,165.33333333333334,-0.506094217300415,-1.9039255902922783
UBFC_PHYS_s17_T3_ctrl,160,161,165.36666666666667,-1.6597423553466797,-1.7637985987107077
UBFC_PHYS_s17_T3_ctrl,160,162,165.4,-2.6813406944274902,-1.4323191464974447
UBFC_PHYS_s17_T3_ctrl,160,163,165.43333333333334,-3.249678134918213,-0.9510615654097122
UBFC_PHYS_s17_T3_ctrl,160,164,165.46666666666667,-3.445382595062256,-0.3875166744861152
UBFC_PHYS_s17_T3_ctrl,160,165,165.5,-3.492462158203125,0.1727765103097472
UBFC_PHYS_s17_T3_ctrl,160,166,165.53333333333333,-3.5283279418945312,0.6412595694717399
UBFC_PHYS_s17_T3_ctrl,160,167,165.56666666666666,-3.5770111083984375,0.9454207718257049
UBFC_PHYS_s17_T3_ctrl,160,168,165.6,-3.4540798664093018,1.0465920794865442
UBFC_PHYS_s17_T3_ctrl,160,169,165.63333333333333,-2.860996723175049,0.9507190971450199
UBFC_PHYS_s17_T3_ctrl,160,170,165.66666666666666,-1.765080213546753,0.7077562253684211
UBFC_PHYS_s17_T3_ctrl,160,171,165.7,-0.4454713761806488,0.39859634680090844
UBFC_PHYS_s17_T3_ctrl,160,172,165.73333333333332,0.8601727485656738,0.11280299302684116
UBFC_PHYS_s17_T3_ctrl,160,173,165.76666666666668,2.0518639087677,-0.07601162382544961
UBFC_PHYS_s17_T3_ctrl,160,174,165.8,2.9808831214904785,-0.1292941675372198
UBFC_PHYS_s17_T3_ctrl,160,175,165.83333333333334,3.503978967666626,-0.051156140041242575
UBFC_PHYS_s17_T3_ctrl,160,176,165.86666666666667,3.658292770385742,0.11751791469032855
UBFC_PHYS_s17_T3_ctrl,160,177,165.9,3.60518479347229,0.31577602057067766
UBFC_PHYS_s17_T3_ctrl,160,178,165.93333333333334,3.4358997344970703,0.48374454327951755
UBFC_PHYS_s17_T3_ctrl,160,179,165.96666666666667,3.1541597843170166,0.5806594132059092
UBFC_PHYS_s17_T3_ctrl,160,180,166.0,2.8188555240631104,0.5940926285091751
UBFC_PHYS_s17_T3_ctrl,160,181,166.03333333333333,2.5389065742492676,0.5385603998632845
UBFC_PHYS_s17_T3_ctrl,160,182,166.06666666666666,2.281795024871826,0.4457347055660075
UBFC_PHYS_s17_T3_ctrl,160,183,166.1,1.9071252346038818,0.35095101874222745
UBFC_PHYS_s17_T3_ctrl,160,184,166.13333333333333,1.3975492715835571,0.280873536607193
UBFC_PHYS_s17_T3_ctrl,160,185,166.16666666666666,0.8903729915618896,0.24579610357272846
UBFC_PHYS_s17_T3_ctrl,160,186,166.2,0.46794459223747253,0.2382377792051077
UBFC_PHYS_s17_T3_ctrl,160,187,166.23333333333332,0.09682142734527588,0.23758337496644577
UBFC_PHYS_s17_T3_ctrl,160,188,166.26666666666668,-0.19430628418922424,0.21864667049788208
UBFC_PHYS_s17_T3_ctrl,160,189,166.3,-0.2532786428928375,0.1607848626426599
UBFC_PHYS_s17_T3_ctrl,160,190,166.33333333333334,-0.038166504353284836,0.054211108247703844
UBFC_PHYS_s17_T3_ctrl,160,191,166.36666666666667,0.21553869545459747,-0.09837098960134671
UBFC_PHYS_s17_T3_ctrl,160,192,166.4,0.19315776228904724,-0.2843289246056664
UBFC_PHYS_s17_T3_ctrl,160,193,166.43333333333334,-0.173283189535141,-0.48555883138943773
UBFC_PHYS_s17_T3_ctrl,160,194,166.46666666666667,-0.7089858055114746,-0.6823672868085795
UBFC_PHYS_s17_T3_ctrl,160,195,166.5,-1.2077809572219849,-0.855522227996379
UBFC_PHYS_s17_T3_ctrl,160,196,166.53333333333333,-1.4976444244384766,-0.9867868300102919
UBFC_PHYS_s17_T3_ctrl,160,197,166.56666666666666,-1.4945191144943237,-1.0592018510906236
UBFC_PHYS_s17_T3_ctrl,160,198,166.6,-1.2843700647354126,-1.0582876511279116
UBFC_PHYS_s17_T3_ctrl,160,199,166.63333333333333,-1.0700773000717163,-0.97456133758257
UBFC_PHYS_s17_T3_ctrl,160,200,166.66666666666666,-0.9619652628898621,-0.8069175642219666
UBFC_PHYS_s17_T3_ctrl,160,201,166.7,-0.910308837890625,-0.5657561807232517
UBFC_PHYS_s17_T3_ctrl,160,202,166.73333333333332,-0.8630419969558716,-0.27436993376026725
UBFC_PHYS_s17_T3_ctrl,160,203,166.76666666666668,-0.8675486445426941,0.032724051278442995
UBFC_PHYS_s17_T3_ctrl,160,204,166.8,-0.9453200101852417,0.3149850169038936
UBFC_PHYS_s17_T3_ctrl,160,205,166.83333333333334,-1.0251749753952026,0.5337828470656402
UBFC_PHYS_s17_T3_ctrl,160,206,166.86666666666667,-1.070299744606018,0.6610611283803103
UBFC_PHYS_s17_T3_ctrl,160,207,166.9,-1.1346683502197266,0.6861649880231219
UBFC_PHYS_s17_T3_ctrl,160,208,166.93333333333334,-1.2841944694519043,0.6186680892188223
UBFC_PHYS_s17_T3_ctrl,160,209,166.96666666666667,-1.4767969846725464,0.4861548580217111
UBFC_PHYS_s17_T3_ctrl,160,210,167.0,-1.509256362915039,0.32732010723510485
UBFC_PHYS_s17_T3_ctrl,160,211,167.03333333333333,-1.1602799892425537,0.18215893291975885
UBFC_PHYS_s17_T3_ctrl,160,212,167.06666666666666,-0.5109168887138367,0.08207442119791454
UBFC_PHYS_s17_T3_ctrl,160,213,167.1,0.12387285381555557,0.04279252201340418
UBFC_PHYS_s17_T3_ctrl,160,214,167.13333333333333,0.5024524331092834,0.06182670259698101
UBFC_PHYS_s17_T3_ctrl,160,215,167.16666666666666,0.6163470149040222,0.12067615292490118
UBFC_PHYS_s17_T3_ctrl,160,216,167.2,0.5841100215911865,0.1908663743780357
UBFC_PHYS_s17_T3_ctrl,160,217,167.23333333333332,0.5436207056045532,0.24243184783513896
UBFC_PHYS_s17_T3_ctrl,160,218,167.26666666666668,0.6172015070915222,0.25308509286073416
UBFC_PHYS_s17_T3_ctrl,160,219,167.3,0.8124728202819824,0.21572811050568325
UBFC_PHYS_s17_T3_ctrl,160,220,167.33333333333334,0.9990001320838928,0.14143549047796414
UBFC_PHYS_s17_T3_ctrl,160,221,167.36666666666667,1.091707706451416,0.05585815071429562
UBFC_PHYS_s17_T3_ctrl,160,222,167.4,1.1331568956375122,-0.010281757835502038
UBFC_PHYS_s17_T3_ctrl,160,223,167.43333333333334,1.1502352952957153,-0.032970422502275776
UBFC_PHYS_s17_T3_ctrl,160,224,167.46666666666667,1.0717147588729858,-0.004197001440518897
UBFC_PHYS_s17_T3_ctrl,160,225,167.5,0.8235345482826233,0.0647757849948468
UBFC_PHYS_s17_T3_ctrl,160,226,167.53333333333333,0.3749326169490814,0.14699282991024862
UBFC_PHYS_s17_T3_ctrl,160,227,167.56666666666666,-0.28031834959983826,0.2084098711011957
UBFC_PHYS_s17_T3_ctrl,160,228,167.6,-1.0689301490783691,0.21831501584246885
UBFC_PHYS_s17_T3_ctrl,160,229,167.63333333333333,-1.7682758569717407,0.15834782908092102
UBFC_PHYS_s17_T3_ctrl,160,230,167.66666666666666,-2.1415293216705322,0.027738067025439753
UBFC_PHYS_s17_T3_ctrl,160,231,167.7,-2.074983596801758,-0.15624780520696122
UBFC_PHYS_s17_T3_ctrl,160,232,167.73333333333332,-1.6140440702438354,-0.3621621711176756
UBFC_PHYS_s17_T3_ctrl,160,233,167.76666666666668,-1.009513020515442,-0.5510949188426844
UBFC_PHYS_s17_T3_ctrl,160,234,167.8,-0.5771934986114502,-0.6847252271121954
UBFC_PHYS_s17_T3_ctrl,160,235,167.83333333333334,-0.36381375789642334,-0.7333223122356947
UBFC_PHYS_s17_T3_ctrl,160,236,167.86666666666667,-0.23476052284240723,-0.6821494581550325
UBFC_PHYS_s17_T3_ctrl,160,237,167.9,-0.15435537695884705,-0.5347187686226714
UBFC_PHYS_s17_T3_ctrl,160,238,167.93333333333334,-0.12299632281064987,-0.3120791947632162
UBFC_PHYS_s17_T3_ctrl,160,239,167.96666666666667,-0.041081175208091736,-0.048538150470194594
UBFC_PHYS_s17_T3_ctrl,161,0,161.0,-0.03120172582566738,-0.12504593818459675
UBFC_PHYS_s17_T3_ctrl,161,1,161.03333333333333,0.20126968622207642,-0.31412324960678273
UBFC_PHYS_s17_T3_ctrl,161,2,161.06666666666666,0.3240370452404022,-0.5189154173185621
UBFC_PHYS_s17_T3_ctrl,161,3,161.1,0.3258631229400635,-0.7503895343045984
UBFC_PHYS_s17_T3_ctrl,161,4,161.13333333333333,0.24157173931598663,-1.0076628081251342
UBFC_PHYS_s17_T3_ctrl,161,5,161.16666666666666,0.16006629168987274,-1.2759350490877808
UBFC_PHYS_s17_T3_ctrl,161,6,161.2,0.14065855741500854,-1.5278288365482526
UBFC_PHYS_s17_T3_ctrl,161,7,161.23333333333332,0.1721697896718979,-1.7279988303001852
UBFC_PHYS_s17_T3_ctrl,161,8,161.26666666666668,0.24619542062282562,-1.8397980739459507
UBFC_PHYS_s17_T3_ctrl,161,9,161.3,0.3702855110168457,-1.8321680949973127
UBFC_PHYS_s17_T3_ctrl,161,10,161.33333333333334,0.4978872835636139,-1.6855681463512078
UBFC_PHYS_s17_T3_ctrl,161,11,161.36666666666667,0.5624899864196777,-1.3966927082165177
UBFC_PHYS_s17_T3_ctrl,161,12,161.4,0.5663411021232605,-0.9817324557794724
UBFC_PHYS_s17_T3_ctrl,161,13,161.43333333333334,0.553851306438446,-0.47722794728608886
UBFC_PHYS_s17_T3_ctrl,161,14,161.46666666666667,0.5343382358551025,0.06288438261999557
UBFC_PHYS_s17_T3_ctrl,161,15,161.5,0.48887401819229126,0.57491089636381
UBFC_PHYS_s17_T3_ctrl,161,16,161.53333333333333,0.41569119691848755,0.9970450635041048
UBFC_PHYS_s17_T3_ctrl,161,17,161.56666666666666,0.3739493489265442,1.2825111443985389
UBFC_PHYS_s17_T3_ctrl,161,18,161.6,0.4778474271297455,1.410552133219389
UBFC_PHYS_s17_T3_ctrl,161,19,161.63333333333333,0.7563214898109436,1.3915643815327696
UBFC_PHYS_s17_T3_ctrl,161,20,161.66666666666666,1.0454124212265015,1.2639070254235896
UBFC_PHYS_s17_T3_ctrl,161,21,161.7,1.1290833950042725,1.0825669985099446
UBFC_PHYS_s17_T3_ctrl,161,22,161.73333333333332,0.9187822341918945,0.9032473768065894
UBFC_PHYS_s17_T3_ctrl,161,23,161.76666666666668,0.4548695385456085,0.7674681769465658
UBFC_PHYS_s17_T3_ctrl,161,24,161.8,-0.10733435302972794,0.6934208717841965
UBFC_PHYS_s17_T3_ctrl,161,25,161.83333333333334,-0.5338947772979736,0.6745398917463171
UBFC_PHYS_s17_T3_ctrl,161,26,161.86666666666667,-0.6684378981590271,0.6849518564301411
UBFC_PHYS_s17_T3_ctrl,161,27,161.9,-0.5567907691001892,0.6892429108112079
UBFC_PHYS_s17_T3_ctrl,161,28,161.93333333333334,-0.3874706029891968,0.6535146176510764
UBFC_PHYS_s17_T3_ctrl,161,29,161.96666666666667,-0.3200000524520874,0.5549529224411762
UBFC_PHYS_s17_T3_ctrl,161,30,162.0,-0.3876344561576843,0.3876156931069905
UBFC_PHYS_s17_T3_ctrl,161,31,162.03333333333333,-0.545436441898346,0.16300325909369048
UBFC_PHYS_s17_T3_ctrl,161,32,162.06666666666666,-0.7106245756149292,-0.09456278339317034
UBFC_PHYS_s17_T3_ctrl,161,33,162.1,-0.7865231037139893,-0.3560326904064161
UBFC_PHYS_s17_T3_ctrl,161,34,162.13333333333333,-0.7669515013694763,-0.5962431089085837
UBFC_PHYS_s17_T3_ctrl,161,35,162.16666666666666,-0.8072769641876221,-0.7999496899845392
UBFC_PHYS_s17_T3_ctrl,161,36,162.2,-1.0624687671661377,-0.9632796292974761
UBFC_PHYS_s17_T3_ctrl,161,37,162.23333333333332,-1.4055923223495483,-1.0904699749801727
UBFC_PHYS_s17_T3_ctrl,161,38,162.26666666666668,-1.4030990600585938,-1.187567674538515
UBFC_PHYS_s17_T3_ctrl,161,39,162.3,-0.8216044902801514,-1.2558415283422568
UBFC_PHYS_s17_T3_ctrl,161,40,162.33333333333334,-0.07896020263433456,-1.2876458934387502
UBFC_PHYS_s17_T3_ctrl,161,41,162.36666666666667,0.21882794797420502,-1.2664756494749043
UBFC_PHYS_s17_T3_ctrl,161,42,162.4,0.0011054790811613202,-1.1713747998581396
UBFC_PHYS_s17_T3_ctrl,161,43,162.43333333333334,-0.28461429476737976,-0.984260613817595
UBFC_PHYS_s17_T3_ctrl,161,44,162.46666666666667,-0.25899091362953186,-0.6976956224531004
UBFC_PHYS_s17_T3_ctrl,161,45,162.5,0.08556072413921356,-0.32069759326187386
UBFC_PHYS_s17_T3_ctrl,161,46,162.53333333333333,0.514626145362854,0.11880370678339813
UBFC_PHYS_s17_T3_ctrl,161,47,162.56666666666666,0.8375226259231567,0.5753931624302568
UBFC_PHYS_s17_T3_ctrl,161,48,162.6,1.0884184837341309,0.9919099204804986
UBFC_PHYS_s17_T3_ctrl,161,49,162.63333333333333,1.3528575897216797,1.3094324254696936
UBFC_PHYS_s17_T3_ctrl,161,50,162.66666666666666,1.498005986213684,1.4796804407211028
UBFC_PHYS_s17_T3_ctrl,161,51,162.7,1.2613322734832764,1.476340027227646
UBFC_PHYS_s17_T3_ctrl,161,52,162.73333333333332,0.590747058391571,1.3018540998639763
UBFC_PHYS_s17_T3_ctrl,161,53,162.76666666666668,-0.23835411667823792,0.987683941250016
UBFC_PHYS_s17_T3_ctrl,161,54,162.8,-0.871926486492157,0.5879230877744687
UBFC_PHYS_s17_T3_ctrl,161,55,162.83333333333334,-1.283164381980896,0.16805669841551638
UBFC_PHYS_s17_T3_ctrl,161,56,162.86666666666667,-1.730326533317566,-0.20778671956683076
UBFC_PHYS_s17_T3_ctrl,161,57,162.9,-2.238556385040283,-0.48760510144841707
UBFC_PHYS_s17_T3_ctrl,161,58,162.93333333333334,-2.465338945388794,-0.6384601218564231
UBFC_PHYS_s17_T3_ctrl,161,59,162.96666666666667,-2.228548049926758,-0.6496334593547436
UBFC_PHYS_s17_T3_ctrl,161,60,163.0,-1.7053821086883545,-0.5327374458776959
UBFC_PHYS_s17_T3_ctrl,161,61,163.03333333333333,-1.1006170511245728,-0.3193028283941354
UBFC_PHYS_s17_T3_ctrl,161,62,163.06666666666666,-0.586370587348938,-0.05615369358909615
UBFC_PHYS_s17_T3_ctrl,161,63,163.1,-0.3322908282279968,0.2013216410171958
UBFC_PHYS_s17_T3_ctrl,161,64,163.13333333333333,-0.29908227920532227,0.3981065944676792
UBFC_PHYS_s17_T3_ctrl,161,65,163.16666666666666,-0.2649022042751312,0.4902083196403245
UBFC_PHYS_s17_T3_ctrl,161,66,163.2,-0.1180097758769989,0.4548673161044924
UBFC_PHYS_s17_T3_ctrl,161,67,163.23333333333332,0.0770508199930191,0.2968782934660903
UBFC_PHYS_s17_T3_ctrl,161,68,163.26666666666668,0.23609356582164764,0.04817266156824949
UBFC_PHYS_s17_T3_ctrl,161,69,163.3,0.31395861506462097,-0.23989881856421172
UBFC_PHYS_s17_T3_ctrl,161,70,163.33333333333334,0.2713271379470825,-0.5094276879579253
UBFC_PHYS_s17_T3_ctrl,161,71,163.36666666666667,0.10503869503736496,-0.7099763667508325
UBFC_PHYS_s17_T3_ctrl,161,72,163.4,-0.11888769268989563,-0.8096235832051324
UBFC_PHYS_s17_T3_ctrl,161,73,163.43333333333334,-0.33337944746017456,-0.8001040908255245
UBFC_PHYS_s17_T3_ctrl,161,74,163.46666666666667,-0.5620699524879456,-0.6950368711267951
UBFC_PHYS_s17_T3_ctrl,161,75,163.5,-0.8783879280090332,-0.5222891175973845
UBFC_PHYS_s17_T3_ctrl,161,76,163.53333333333333,-1.2312387228012085,-0.3132699402409043
UBFC_PHYS_s17_T3_ctrl,161,77,163.56666666666666,-1.402864933013916,-0.09292897432547235
UBFC_PHYS_s17_T3_ctrl,161,78,163.6,-1.2563120126724243,0.12593001768371873
UBFC_PHYS_s17_T3_ctrl,161,79,163.63333333333333,-0.9138321876525879,0.34187981518996524
UBFC_PHYS_s17_T3_ctrl,161,80,163.66666666666666,-0.639946699142456,0.5580045522916929
UBFC_PHYS_s17_T3_ctrl,161,81,163.7,-0.5564396381378174,0.7719949994445983
UBFC_PHYS_s17_T3_ctrl,161,82,163.73333333333332,-0.5445351004600525,0.9680161925243351
UBFC_PHYS_s17_T3_ctrl,161,83,163.76666666666668,-0.45938923954963684,1.1149378001639416
UBFC_PHYS_s17_T3_ctrl,161,84,163.8,-0.280985563993454,1.1730047983489362
UBFC_PHYS_s17_T3_ctrl,161,85,163.83333333333334,0.05395585298538208,1.1070938474112362
UBFC_PHYS_s17_T3_ctrl,161,86,163.86666666666667,0.6260040402412415,0.9011641474009419
UBFC_PHYS_s17_T3_ctrl,161,87,163.9,1.2812784910202026,0.5675401042415477
UBFC_PHYS_s17_T3_ctrl,161,88,163.93333333333334,1.755971908569336,0.14711043672549748
UBFC_PHYS_s17_T3_ctrl,161,89,163.96666666666667,1.989414930343628,-0.299331645024021
UBFC_PHYS_s17_T3_ctrl,161,90,164.0,2.047872304916382,-0.7050803797589639
UBFC_PHYS_s17_T3_ctrl,161,91,164.03333333333333,1.902677059173584,-1.0121767434986495
UBFC_PHYS_s17_T3_ctrl,161,92,164.06666666666666,1.5183618068695068,-1.1829878339283462
UBFC_PHYS_s17_T3_ctrl,161,93,164.1,0.9644220471382141,-1.206677483552545
UBFC_PHYS_s17_T3_ctrl,161,94,164.13333333333333,0.4350872039794922,-1.0998586078085135
UBFC_PHYS_s17_T3_ctrl,161,95,164.16666666666666,0.1873401254415512,-0.9015621062533217
UBFC_PHYS_s17_T3_ctrl,161,96,164.2,0.30714601278305054,-0.6634814940378593
UBFC_PHYS_s17_T3_ctrl,161,97,164.23333333333332,0.5664229989051819,-0.4374129574185821
UBFC_PHYS_s17_T3_ctrl,161,98,164.26666666666668,0.693135142326355,-0.262714404264224
UBFC_PHYS_s17_T3_ctrl,161,99,164.3,0.6637192368507385,-0.15703913970450137
UBFC_PHYS_s17_T3_ctrl,161,100,164.33333333333334,0.5949844717979431,-0.1131237620909155
UBFC_PHYS_s17_T3_ctrl,161,101,164.36666666666667,0.5954175591468811,-0.10284509399543222
UBFC_PHYS_s17_T3_ctrl,161,102,164.4,0.7438551187515259,-0.08748613118208612
UBFC_PHYS_s17_T3_ctrl,161,103,164.43333333333334,0.992608904838562,-0.031237901085462486
UBFC_PHYS_s17_T3_ctrl,161,104,164.46666666666667,1.1881611347198486,0.08580275860213248
UBFC_PHYS_s17_T3_ctrl,161,105,164.5,1.2791714668273926,0.2588740411632741
UBFC_PHYS_s17_T3_ctrl,161,106,164.53333333333333,1.3575632572174072,0.45733238735139836
UBFC_PHYS_s17_T3_ctrl,161,107,164.56666666666666,1.4657104015350342,0.6326737790192409
UBFC_PHYS_s17_T3_ctrl,161,108,164.6,1.5291659832000732,0.7342933289686723
UBFC_PHYS_s17_T3_ctrl,161,109,164.63333333333333,1.4717153310775757,0.7280289401910265
UBFC_PHYS_s17_T3_ctrl,161,110,164.66666666666666,1.295617699623108,0.6107143439594047
UBFC_PHYS_s17_T3_ctrl,161,111,164.7,1.0582534074783325,0.41478255087313
UBFC_PHYS_s17_T3_ctrl,161,112,164.73333333333332,0.8200463056564331,0.20030589349817185
UBFC_PHYS_s17_T3_ctrl,161,113,164.76666666666668,0.6149423718452454,0.0365825069048682
UBFC_PHYS_s17_T3_ctrl,161,114,164.8,0.4284735918045044,-0.020375715527196737
UBFC_PHYS_s17_T3_ctrl,161,115,164.83333333333334,0.21174611151218414,0.05366332409632107
UBFC_PHYS_s17_T3_ctrl,161,116,164.86666666666667,-0.03251274302601814,0.24311384892821275
UBFC_PHYS_s17_T3_ctrl,161,117,164.9,-0.16927990317344666,0.497318482159801
UBFC_PHYS_s17_T3_ctrl,161,118,164.93333333333334,-0.042076144367456436,0.7458250065594287
UBFC_PHYS_s17_T3_ctrl,161,119,164.96666666666667,0.28293901681900024,0.9185262016629914
UBFC_PHYS_s17_T3_ctrl,161,120,165.0,0.5566489100456238,0.9638101566482995
UBFC_PHYS_s17_T3_ctrl,161,121,165.03333333333333,0.6783862113952637,0.8592897574807602
UBFC_PHYS_s17_T3_ctrl,161,122,165.06666666666666,0.7509720921516418,0.6130825622648906
UBFC_PHYS_s17_T3_ctrl,161,123,165.1,0.7813595533370972,0.25727391180571185
UBFC_PHYS_s17_T3_ctrl,161,124,165.13333333333333,0.7061048746109009,-0.16255301513196296
UBFC_PHYS_s17_T3_ctrl,161,125,165.16666666666666,0.5887805223464966,-0.5975315118287404
UBFC_PHYS_s17_T3_ctrl,161,126,165.2,0.5531724095344543,-1.0025558935972114
UBFC_PHYS_s17_T3_ctrl,161,127,165.23333333333332,0.6063739061355591,-1.339321896496616
UBFC_PHYS_s17_T3_ctrl,161,128,165.26666666666668,0.608398973941803,-1.5765185640886965
UBFC_PHYS_s17_T3_ctrl,161,129,165.3,0.3024755120277405,-1.6894655897541175
UBFC_PHYS_s17_T3_ctrl,161,130,165.33333333333334,-0.506094217300415,-1.6613753302225083
UBFC_PHYS_s17_T3_ctrl,161,131,165.36666666666667,-1.6597423553466797,-1.4871373621467323
UBFC_PHYS_s17_T3_ctrl,161,132,165.4,-2.6813406944274902,-1.1786186113687125
UBFC_PHYS_s17_T3_ctrl,161,133,165.43333333333334,-3.249678134918213,-0.7687984353016841
UBFC_PHYS_s17_T3_ctrl,161,134,165.46666666666667,-3.445382595062256,-0.31147627614333795
UBFC_PHYS_s17_T3_ctrl,161,135,165.5,-3.492462158203125,0.12567158991214378
UBFC_PHYS_s17_T3_ctrl,161,136,165.53333333333333,-3.5283279418945312,0.47443200132845376
UBFC_PHYS_s17_T3_ctrl,161,137,165.56666666666666,-3.5770111083984375,0.6826962936714517
UBFC_PHYS_s17_T3_ctrl,161,138,165.6,-3.4540798664093018,0.7293746898696687
UBFC_PHYS_s17_T3_ctrl,161,139,165.63333333333333,-2.860996723175049,0.6322291875085488
UBFC_PHYS_s17_T3_ctrl,161,140,165.66666666666666,-1.765080213546753,0.44481329821115057
UBFC_PHYS_s17_T3_ctrl,161,141,165.7,-0.4454713761806488,0.2421185851025501
UBFC_PHYS_s17_T3_ctrl,161,142,165.73333333333332,0.8601727485656738,0.09890503966347489
UBFC_PHYS_s17_T3_ctrl,161,143,165.76666666666668,2.0518639087677,0.06785630534775383
UBFC_PHYS_s17_T3_ctrl,161,144,165.8,2.9808831214904785,0.1648543953365189
UBFC_PHYS_s17_T3_ctrl,161,145,165.83333333333334,3.503978967666626,0.365996780931548
UBFC_PHYS_s17_T3_ctrl,161,146,165.86666666666667,3.658292770385742,0.6168483000491064
UBFC_PHYS_s17_T3_ctrl,161,147,165.9,3.60518479347229,0.8502809848334842
UBFC_PHYS_s17_T3_ctrl,161,148,165.93333333333334,3.4358997344970703,1.006485958921042
UBFC_PHYS_s17_T3_ctrl,161,149,165.96666666666667,3.1541597843170166,1.0485398491722846
UBFC_PHYS_s17_T3_ctrl,161,150,166.0,2.8188555240631104,0.969394283406821
UBFC_PHYS_s17_T3_ctrl,161,151,166.03333333333333,2.5389065742492676,0.7897558217724523
UBFC_PHYS_s17_T3_ctrl,161,152,166.06666666666666,2.281795024871826,0.5491427651106592
UBFC_PHYS_s17_T3_ctrl,161,153,166.1,1.9071252346038818,0.2936454583729965
UBFC_PHYS_s17_T3_ctrl,161,154,166.13333333333333,1.3975492715835571,0.06380934428725944
UBFC_PHYS_s17_T3_ctrl,161,155,166.16666666666666,0.8903729915618896,-0.1145693465226983
UBFC_PHYS_s17_T3_ctrl,161,156,166.2,0.46794459223747253,-0.2345862136686692
UBFC_PHYS_s17_T3_ctrl,161,157,166.23333333333332,0.09682142734527588,-0.30628820448310484
UBFC_PHYS_s17_T3_ctrl,161,158,166.26666666666668,-0.19430628418922424,-0.34960090311162917
UBFC_PHYS_s17_T3_ctrl,161,159,166.3,-0.2532786428928375,-0.3850285357704192
UBFC_PHYS_s17_T3_ctrl,161,160,166.33333333333334,-0.038166504353284836,-0.4257839533629227
UBFC_PHYS_s17_T3_ctrl,161,161,166.36666666666667,0.21553869545459747,-0.4741279927818968
UBFC_PHYS_s17_T3_ctrl,161,162,166.4,0.19315776228904724,-0.5226156482374889
UBFC_PHYS_s17_T3_ctrl,161,163,166.43333333333334,-0.173283189535141,-0.5587730278377336
UBFC_PHYS_s17_T3_ctrl,161,164,166.46666666666667,-0.7089858055114746,-0.5705773862833419
UBFC_PHYS_s17_T3_ctrl,161,165,166.5,-1.2077809572219849,-0.5504238610955945
UBFC_PHYS_s17_T3_ctrl,161,166,166.53333333333333,-1.4976444244384766,-0.49665494966085133
UBFC_PHYS_s17_T3_ctrl,161,167,166.56666666666666,-1.4945191144943237,-0.41311956460894717
UBFC_PHYS_s17_T3_ctrl,161,168,166.6,-1.2843700647354126,-0.3077457441182488
UBFC_PHYS_s17_T3_ctrl,161,169,166.63333333333333,-1.0700773000717163,-0.190888545275457
UBFC_PHYS_s17_T3_ctrl,161,170,166.66666666666666,-0.9619652628898621,-0.07382159219406206
UBFC_PHYS_s17_T3_ctrl,161,171,166.7,-0.910308837890625,0.03253887842083865
UBFC_PHYS_s17_T3_ctrl,161,172,166.73333333333332,-0.8630419969558716,0.11871143467820683
UBFC_PHYS_s17_T3_ctrl,161,173,166.76666666666668,-0.8675486445426941,0.1775629354815372
UBFC_PHYS_s17_T3_ctrl,161,174,166.8,-0.9453200101852417,0.2050337234147058
UBFC_PHYS_s17_T3_ctrl,161,175,166.83333333333334,-1.0251749753952026,0.2005693169126438
UBFC_PHYS_s17_T3_ctrl,161,176,166.86666666666667,-1.070299744606018,0.16710609157089107
UBFC_PHYS_s17_T3_ctrl,161,177,166.9,-1.1346683502197266,0.11055260365045497
UBFC_PHYS_s17_T3_ctrl,161,178,166.93333333333334,-1.2841944694519043,0.03893958220245862
UBFC_PHYS_s17_T3_ctrl,161,179,166.96666666666667,-1.4767969846725464,-0.0384568772842891
UBFC_PHYS_s17_T3_ctrl,161,180,167.0,-1.509256362915039,-0.11186617633205966
UBFC_PHYS_s17_T3_ctrl,161,181,167.03333333333333,-1.1602799892425537,-0.17179102040150412
UBFC_PHYS_s17_T3_ctrl,161,182,167.06666666666666,-0.5109168887138367,-0.21009392346084227
UBFC_PHYS_s17_T3_ctrl,161,183,167.1,0.12387285381555557,-0.221545225139991
UBFC_PHYS_s17_T3_ctrl,161,184,167.13333333333333,0.5024524331092834,-0.20553933232638855
UBFC_PHYS_s17_T3_ctrl,161,185,167.16666666666666,0.6163470149040222,-0.1672731815532123
UBFC_PHYS_s17_T3_ctrl,161,186,167.2,0.5841100215911865,-0.11756082993979933
UBFC_PHYS_s17_T3_ctrl,161,187,167.23333333333332,0.5436207056045532,-0.0705899659469866
UBFC_PHYS_s17_T3_ctrl,161,188,167.26666666666668,0.6172015070915222,-0.039365955066188195
UBFC_PHYS_s17_T3_ctrl,161,189,167.3,0.8124728202819824,-0.029815202979238647
UBFC_PHYS_s17_T3_ctrl,161,190,167.33333333333334,0.9990001320838928,-0.03626617873646623
UBFC_PHYS_s17_T3_ctrl,161,191,167.36666666666667,1.091707706451416,-0.0414295337051005
UBFC_PHYS_s17_T3_ctrl,161,192,167.4,1.1331568956375122,-0.021874771519147684
UBFC_PHYS_s17_T3_ctrl,161,193,167.43333333333334,1.1502352952957153,0.04308464793027628
UBFC_PHYS_s17_T3_ctrl,161,194,167.46666666666667,1.0717147588729858,0.1629162989202231
UBFC_PHYS_s17_T3_ctrl,161,195,167.5,0.8235345482826233,0.3312226588813169
UBFC_PHYS_s17_T3_ctrl,161,196,167.53333333333333,0.3749326169490814,0.5264102686633634
UBFC_PHYS_s17_T3_ctrl,161,197,167.56666666666666,-0.28031834959983826,0.7170067676293082
UBFC_PHYS_s17_T3_ctrl,161,198,167.6,-1.0689301490783691,0.8696428944387823
UBFC_PHYS_s17_T3_ctrl,161,199,167.63333333333333,-1.7682758569717407,0.9572463131905812
UBFC_PHYS_s17_T3_ctrl,161,200,167.66666666666666,-2.1415293216705322,0.9650545076931124
UBFC_PHYS_s17_T3_ctrl,161,201,167.7,-2.074983596801758,0.8928136149330483
UBFC_PHYS_s17_T3_ctrl,161,202,167.73333333333332,-1.6140440702438354,0.752998121515737
UBFC_PHYS_s17_T3_ctrl,161,203,167.76666666666668,-1.009513020515442,0.5662699919861596
UBFC_PHYS_s17_T3_ctrl,161,204,167.8,-0.5771934986114502,0.3559362137738283
UBFC_PHYS_s17_T3_ctrl,161,205,167.83333333333334,-0.36381375789642334,0.14296134058516377
UBFC_PHYS_s17_T3_ctrl,161,206,167.86666666666667,-0.23476052284240723,-0.05739828430901843
UBFC_PHYS_s17_T3_ctrl,161,207,167.9,-0.15435537695884705,-0.23684654280608491
UBFC_PHYS_s17_T3_ctrl,161,208,167.93333333333334,-0.12299632281064987,-0.3932789645468007
UBFC_PHYS_s17_T3_ctrl,161,209,167.96666666666667,-0.041081175208091736,-0.5285306462192448
UBFC_PHYS_s17_T3_ctrl,161,210,168.0,0.1366552710533142,-0.6453932903031916
UBFC_PHYS_s17_T3_ctrl,161,211,168.03333333333333,0.298589289188385,-0.7447418777631225
UBFC_PHYS_s17_T3_ctrl,161,212,168.06666666666666,0.37804627418518066,-0.8236640923734349
UBFC_PHYS_s17_T3_ctrl,161,213,168.1,0.4279117286205292,-0.8754118710217252
UBFC_PHYS_s17_T3_ctrl,161,214,168.13333333333333,0.44621914625167847,-0.8915926903793545
UBFC_PHYS_s17_T3_ctrl,161,215,168.16666666666666,0.3630398213863373,-0.866125025786392
UBFC_PHYS_s17_T3_ctrl,161,216,168.2,0.20773111283779144,-0.7993348933744577
UBFC_PHYS_s17_T3_ctrl,161,217,168.23333333333332,0.08258752524852753,-0.700008409902898
UBFC_PHYS_s17_T3_ctrl,161,218,168.26666666666668,-0.019566450268030167,-0.583900140896458
UBFC_PHYS_s17_T3_ctrl,161,219,168.3,-0.19744336605072021,-0.46885654324338377
UBFC_PHYS_s17_T3_ctrl,161,220,168.33333333333334,-0.45505818724632263,-0.36847391484337955
UBFC_PHYS_s17_T3_ctrl,161,221,168.36666666666667,-0.6607123017311096,-0.28713814703331103
UBFC_PHYS_s17_T3_ctrl,161,222,168.4,-0.6571186780929565,-0.2188310560812429
UBFC_PHYS_s17_T3_ctrl,161,223,168.43333333333334,-0.4137962758541107,-0.15038130513207953
UBFC_PHYS_s17_T3_ctrl,161,224,168.46666666666667,-0.08938980847597122,-0.06768499568858208
UBFC_PHYS_s17_T3_ctrl,161,225,168.5,0.11400511115789413,0.03798667851248098
UBFC_PHYS_s17_T3_ctrl,161,226,168.53333333333333,0.1367606222629547,0.16634133425285202
UBFC_PHYS_s17_T3_ctrl,161,227,168.56666666666666,0.025839218869805336,0.3084151090657265
UBFC_PHYS_s17_T3_ctrl,161,228,168.6,-0.21363207697868347,0.4503865935423511
UBFC_PHYS_s17_T3_ctrl,161,229,168.63333333333333,-0.5312727689743042,0.5787567375505531
UBFC_PHYS_s17_T3_ctrl,161,230,168.66666666666666,-0.7976199388504028,0.6841816964679287
UBFC_PHYS_s17_T3_ctrl,161,231,168.7,-0.9815953969955444,0.7621366987667749
UBFC_PHYS_s17_T3_ctrl,161,232,168.73333333333332,-1.1758015155792236,0.8107101859203457
UBFC_PHYS_s17_T3_ctrl,161,233,168.76666666666668,-1.3875658512115479,0.8276139634066824
UBFC_PHYS_s17_T3_ctrl,161,234,168.8,-1.5054988861083984,0.8086179440051176
UBFC_PHYS_s17_T3_ctrl,161,235,168.83333333333334,-1.470159888267517,0.7484191856787505
UBFC_PHYS_s17_T3_ctrl,161,236,168.86666666666667,-1.3227289915084839,0.6435136331474173
UBFC_PHYS_s17_T3_ctrl,161,237,168.9,-1.1537717580795288,0.49559348217220267
UBFC_PHYS_s17_T3_ctrl,161,238,168.93333333333334,-1.0411179065704346,0.3136598359942855
UBFC_PHYS_s17_T3_ctrl,161,239,168.96666666666667,-1.0216867923736572,0.11366085666415797
UBFC_PHYS_s17_T3_ctrl,162,0,162.0,-0.3876344561576843,-0.07343190283689124
UBFC_PHYS_s17_T3_ctrl,162,1,162.03333333333333,-0.545436441898346,-0.027238352384440227
UBFC_PHYS_s17_T3_ctrl,162,2,162.06666666666666,-0.7106245756149292,-0.018714253962754224
UBFC_PHYS_s17_T3_ctrl,162,3,162.1,-0.7865231037139893,-0.07649734885610344
UBFC_PHYS_s17_T3_ctrl,162,4,162.13333333333333,-0.7669515013694763,-0.2106274458594232
UBFC_PHYS_s17_T3_ctrl,162,5,162.16666666666666,-0.8072769641876221,-0.41134119110450207
UBFC_PHYS_s17_T3_ctrl,162,6,162.2,-1.0624687671661377,-0.6534411149839724
UBFC_PHYS_s17_T3_ctrl,162,7,162.23333333333332,-1.4055923223495483,-0.9034395579602597
UBFC_PHYS_s17_T3_ctrl,162,8,162.26666666666668,-1.4030990600585938,-1.1261920306726996
UBFC_PHYS_s17_T3_ctrl,162,9,162.3,-0.8216044902801514,-1.2891388764046299
UBFC_PHYS_s17_T3_ctrl,162,10,162.33333333333334,-0.07896020263433456,-1.3644365289657154
UBFC_PHYS_s17_T3_ctrl,162,11,162.36666666666667,0.21882794797420502,-1.3306589460936384
UBFC_PHYS_s17_T3_ctrl,162,12,162.4,0.0011054790811613202,-1.1754837978143824
UBFC_PHYS_s17_T3_ctrl,162,13,162.43333333333334,-0.28461429476737976,-0.8993216201845476
UBFC_PHYS_s17_T3_ctrl,162,14,162.46666666666667,-0.25899091362953186,-0.518435594351289
UBFC_PHYS_s17_T3_ctrl,162,15,162.5,0.08556072413921356,-0.06584019148421234
UBFC_PHYS_s17_T3_ctrl,162,16,162.53333333333333,0.514626145362854,0.41074026543533126
UBFC_PHYS_s17_T3_ctrl,162,17,162.56666666666666,0.8375226259231567,0.8536972142508358
UBFC_PHYS_s17_T3_ctrl,162,18,162.6,1.0884184837341309,1.2031242489157616
UBFC_PHYS_s17_T3_ctrl,162,19,162.63333333333333,1.3528575897216797,1.4069829173372568
UBFC_PHYS_s17_T3_ctrl,162,20,162.66666666666666,1.498005986213684,1.432126916204317
UBFC_PHYS_s17_T3_ctrl,162,21,162.7,1.2613322734832764,1.2729700762509655
UBFC_PHYS_s17_T3_ctrl,162,22,162.73333333333332,0.590747058391571,0.9548427502277153
UBFC_PHYS_s17_T3_ctrl,162,23,162.76666666666668,-0.23835411667823792,0.5306761500481652
UBFC_PHYS_s17_T3_ctrl,162,24,162.8,-0.871926486492157,0.07142899466380588
UBFC_PHYS_s17_T3_ctrl,162,25,162.83333333333334,-1.283164381980896,-0.34764480653106966
UBFC_PHYS_s17_T3_ctrl,162,26,162.86666666666667,-1.730326533317566,-0.6613840408583854
UBFC_PHYS_s17_T3_ctrl,162,27,162.9,-2.238556385040283,-0.8260784891879666
UBFC_PHYS_s17_T3_ctrl,162,28,162.93333333333334,-2.465338945388794,-0.8255944748669473
UBFC_PHYS_s17_T3_ctrl,162,29,162.96666666666667,-2.228548049926758,-0.6720135614714136
UBFC_PHYS_s17_T3_ctrl,162,30,163.0,-1.7053821086883545,-0.4016408267393492
UBFC_PHYS_s17_T3_ctrl,162,31,163.03333333333333,-1.1006170511245728,-0.06762191200142542
UBFC_PHYS_s17_T3_ctrl,162,32,163.06666666666666,-0.586370587348938,0.26936390095756013
UBFC_PHYS_s17_T3_ctrl,162,33,163.1,-0.3322908282279968,0.5508797116037781
UBFC_PHYS_s17_T3_ctrl,162,34,163.13333333333333,-0.29908227920532227,0.7298816263933524
UBFC_PHYS_s17_T3_ctrl,162,35,163.16666666666666,-0.2649022042751312,0.7783053985287658
UBFC_PHYS_s17_T3_ctrl,162,36,163.2,-0.1180097758769989,0.6917872565668802
UBFC_PHYS_s17_T3_ctrl,162,37,163.23333333333332,0.0770508199930191,0.4900425668877001
UBFC_PHYS_s17_T3_ctrl,162,38,163.26666666666668,0.23609356582164764,0.21220353555584748
UBFC_PHYS_s17_T3_ctrl,162,39,163.3,0.31395861506462097,-0.09205834005518708
UBFC_PHYS_s17_T3_ctrl,162,40,163.33333333333334,0.2713271379470825,-0.37331692334706523
UBFC_PHYS_s17_T3_ctrl,162,41,163.36666666666667,0.10503869503736496,-0.5920934190694003
UBFC_PHYS_s17_T3_ctrl,162,42,163.4,-0.11888769268989563,-0.7249606420739018
UBFC_PHYS_s17_T3_ctrl,162,43,163.43333333333334,-0.33337944746017456,-0.765863824674389
UBFC_PHYS_s17_T3_ctrl,162,44,163.46666666666667,-0.5620699524879456,-0.7230199694514794
UBFC_PHYS_s17_T3_ctrl,162,45,163.5,-0.8783879280090332,-0.612952174250861
UBFC_PHYS_s17_T3_ctrl,162,46,163.53333333333333,-1.2312387228012085,-0.45377942850397407
UBFC_PHYS_s17_T3_ctrl,162,47,163.56666666666666,-1.402864933013916,-0.2599452686659282
UBFC_PHYS_s17_T3_ctrl,162,48,163.6,-1.2563120126724243,-0.040239753934077915
UBFC_PHYS_s17_T3_ctrl,162,49,163.63333333333333,-0.9138321876525879,0.20001562577831958
UBFC_PHYS_s17_T3_ctrl,162,50,163.66666666666666,-0.639946699142456,0.4534661952652785
UBFC_PHYS_s17_T3_ctrl,162,51,163.7,-0.5564396381378174,0.7045447639247796
UBFC_PHYS_s17_T3_ctrl,162,52,163.73333333333332,-0.5445351004600525,0.9261414540837172
UBFC_PHYS_s17_T3_ctrl,162,53,163.76666666666668,-0.45938923954963684,1.0818871136697417
UBFC_PHYS_s17_T3_ctrl,162,54,163.8,-0.280985563993454,1.1344171613331737
UBFC_PHYS_s17_T3_ctrl,162,55,163.83333333333334,0.05395585298538208,1.057026010009193
UBFC_PHYS_s17_T3_ctrl,162,56,163.86666666666667,0.6260040402412415,0.8441270427494912
UBFC_PHYS_s17_T3_ctrl,162,57,163.9,1.2812784910202026,0.5160700354846571
UBFC_PHYS_s17_T3_ctrl,162,58,163.93333333333334,1.755971908569336,0.1162512540671687
UBFC_PHYS_s17_T3_ctrl,162,59,163.96666666666667,1.989414930343628,-0.29824904557928844
UBFC_PHYS_s17_T3_ctrl,162,60,164.0,2.047872304916382,-0.6688833792410833
UBFC_PHYS_s17_T3_ctrl,162,61,164.03333333333333,1.902677059173584,-0.946851217834807
UBFC_PHYS_s17_T3_ctrl,162,62,164.06666666666666,1.5183618068695068,-1.1011749897015324
UBFC_PHYS_s17_T3_ctrl,162,63,164.1,0.9644220471382141,-1.1232823561446268
UBFC_PHYS_s17_T3_ctrl,162,64,164.13333333333333,0.4350872039794922,-1.0280280574814709
UBFC_PHYS_s17_T3_ctrl,162,65,164.16666666666666,0.1873401254415512,-0.8505491122452573
UBFC_PHYS_s17_T3_ctrl,162,66,164.2,0.30714601278305054,-0.6384560176825899
UBFC_PHYS_s17_T3_ctrl,162,67,164.23333333333332,0.5664229989051819,-0.4401637180220158
UBFC_PHYS_s17_T3_ctrl,162,68,164.26666666666668,0.693135142326355,-0.29212661166706577
UBFC_PHYS_s17_T3_ctrl,162,69,164.3,0.6637192368507385,-0.20905522250445757
UBFC_PHYS_s17_T3_ctrl,162,70,164.33333333333334,0.5949844717979431,-0.1807374958445197
UBFC_PHYS_s17_T3_ctrl,162,71,164.36666666666667,0.5954175591468811,-0.17687254704942795
UBFC_PHYS_s17_T3_ctrl,162,72,164.4,0.7438551187515259,-0.1583460485551164
UBFC_PHYS_s17_T3_ctrl,162,73,164.43333333333334,0.992608904838562,-0.09115652950503585
UBFC_PHYS_s17_T3_ctrl,162,74,164.46666666666667,1.1881611347198486,0.041289477340019996
UBFC_PHYS_s17_T3_ctrl,162,75,164.5,1.2791714668273926,0.23101194121840038
UBFC_PHYS_s17_T3_ctrl,162,76,164.53333333333333,1.3575632572174072,0.44566029158122067
UBFC_PHYS_s17_T3_ctrl,162,77,164.56666666666666,1.4657104015350342,0.6366234815188405
UBFC_PHYS_s17_T3_ctrl,162,78,164.6,1.5291659832000732,0.7533537594777581
UBFC_PHYS_s17_T3_ctrl,162,79,164.63333333333333,1.4717153310775757,0.7599880525521121
UBFC_PHYS_s17_T3_ctrl,162,80,164.66666666666666,1.295617699623108,0.6490199883295849
UBFC_PHYS_s17_T3_ctrl,162,81,164.7,1.0582534074783325,0.44707741727461003
UBFC_PHYS_s17_T3_ctrl,162,82,164.73333333333332,0.8200463056564331,0.2100412475389617
UBFC_PHYS_s17_T3_ctrl,162,83,164.76666666666668,0.6149423718452454,0.008267943061277046
UBFC_PHYS_s17_T3_ctrl,162,84,164.8,0.4284735918045044,-0.0936895598945818
UBFC_PHYS_s17_T3_ctrl,162,85,164.83333333333334,0.21174611151218414,-0.05637885675079656
UBFC_PHYS_s17_T3_ctrl,162,86,164.86666666666667,-0.03251274302601814,0.12225547300637098
UBFC_PHYS_s17_T3_ctrl,162,87,164.9,-0.16927990317344666,0.4050949286855492
UBFC_PHYS_s17_T3_ctrl,162,88,164.93333333333334,-0.042076144367456436,0.7248218100557018
UBFC_PHYS_s17_T3_ctrl,162,89,164.96666666666667,0.28293901681900024,1.000829498772052
UBFC_PHYS_s17_T3_ctrl,162,90,165.0,0.5566489100456238,1.159161220555187
UBFC_PHYS_s17_T3_ctrl,162,91,165.03333333333333,0.6783862113952637,1.1499016692645483
UBFC_PHYS_s17_T3_ctrl,162,92,165.06666666666666,0.7509720921516418,0.9573861539630468
UBFC_PHYS_s17_T3_ctrl,162,93,165.1,0.7813595533370972,0.6009991418277398
UBFC_PHYS_s17_T3_ctrl,162,94,165.13333333333333,0.7061048746109009,0.12754162002080732
UBFC_PHYS_s17_T3_ctrl,162,95,165.16666666666666,0.5887805223464966,-0.4011310164411933
UBFC_PHYS_s17_T3_ctrl,162,96,165.2,0.5531724095344543,-0.9204895976036458
UBFC_PHYS_s17_T3_ctrl,162,97,165.23333333333332,0.6063739061355591,-1.3721938283915704
UBFC_PHYS_s17_T3_ctrl,162,98,165.26666666666668,0.608398973941803,-1.7086099658025984
UBFC_PHYS_s17_T3_ctrl,162,99,165.3,0.3024755120277405,-1.894616296939063
UBFC_PHYS_s17_T3_ctrl,162,100,165.33333333333334,-0.506094217300415,-1.9090470843553007
UBFC_PHYS_s17_T3_ctrl,162,101,165.36666666666667,-1.6597423553466797,-1.7471947818114288
UBFC_PHYS_s17_T3_ctrl,162,102,165.4,-2.6813406944274902,-1.424153407291526
UBFC_PHYS_s17_T3_ctrl,162,103,165.43333333333334,-3.249678134918213,-0.9772271850904252
UBFC_PHYS_s17_T3_ctrl,162,104,165.46666666666667,-3.445382595062256,-0.46480971029427964
UBFC_PHYS_s17_T3_ctrl,162,105,165.5,-3.492462158203125,0.04030978067613215
UBFC_PHYS_s17_T3_ctrl,162,106,165.53333333333333,-3.5283279418945312,0.4632998236236034
UBFC_PHYS_s17_T3_ctrl,162,107,165.56666666666666,-3.5770111083984375,0.7429847377583383
UBFC_PHYS_s17_T3_ctrl,162,108,165.6,-3.4540798664093018,0.8468472164024572
UBFC_PHYS_s17_T3_ctrl,162,109,165.63333333333333,-2.860996723175049,0.7806560444209261
UBFC_PHYS_s17_T3_ctrl,162,110,165.66666666666666,-1.765080213546753,0.5886881299507017
UBFC_PHYS_s17_T3_ctrl,162,111,165.7,-0.4454713761806488,0.3429306527507485
UBFC_PHYS_s17_T3_ctrl,162,112,165.73333333333332,0.8601727485656738,0.12357526678287482
UBFC_PHYS_s17_T3_ctrl,162,113,165.76666666666668,2.0518639087677,-0.0032704924307838815
UBFC_PHYS_s17_T3_ctrl,162,114,165.8,2.9808831214904785,-0.003387846962780635
UBFC_PHYS_s17_T3_ctrl,162,115,165.83333333333334,3.503978967666626,0.11801968928957783
UBFC_PHYS_s17_T3_ctrl,162,116,165.86666666666667,3.658292770385742,0.32121740598729104
UBFC_PHYS_s17_T3_ctrl,162,117,165.9,3.60518479347229,0.5469951168379015
UBFC_PHYS_s17_T3_ctrl,162,118,165.93333333333334,3.4358997344970703,0.7361043987294948
UBFC_PHYS_s17_T3_ctrl,162,119,165.96666666666667,3.1541597843170166,0.846152073328097
UBFC_PHYS_s17_T3_ctrl,162,120,166.0,2.8188555240631104,0.860754578935637
UBFC_PHYS_s17_T3_ctrl,162,121,166.03333333333333,2.5389065742492676,0.7892884327511963
UBFC_PHYS_s17_T3_ctrl,162,122,166.06666666666666,2.281795024871826,0.6591159333784535
UBFC_PHYS_s17_T3_ctrl,162,123,166.1,1.9071252346038818,0.5042337753546772
UBFC_PHYS_s17_T3_ctrl,162,124,166.13333333333333,1.3975492715835571,0.35437448626739315
UBFC_PHYS_s17_T3_ctrl,162,125,166.16666666666666,0.8903729915618896,0.22747418179473936
UBFC_PHYS_s17_T3_ctrl,162,126,166.2,0.46794459223747253,0.12709551852267142
UBFC_PHYS_s17_T3_ctrl,162,127,166.23333333333332,0.09682142734527588,0.044995066321148094
UBFC_PHYS_s17_T3_ctrl,162,128,166.26666666666668,-0.19430628418922424,-0.032546287413512814
UBFC_PHYS_s17_T3_ctrl,162,129,166.3,-0.2532786428928375,-0.1173115335269429
UBFC_PHYS_s17_T3_ctrl,162,130,166.33333333333334,-0.038166504353284836,-0.21370148677527684
UBFC_PHYS_s17_T3_ctrl,162,131,166.36666666666667,0.21553869545459747,-0.3173112359845439
UBFC_PHYS_s17_T3_ctrl,162,132,166.4,0.19315776228904724,-0.41752111436802847
UBFC_PHYS_s17_T3_ctrl,162,133,166.43333333333334,-0.173283189535141,-0.5021807422643964
UBFC_PHYS_s17_T3_ctrl,162,134,166.46666666666667,-0.7089858055114746,-0.5618570011732256
UBFC_PHYS_s17_T3_ctrl,162,135,166.5,-1.2077809572219849,-0.5919057717684617
UBFC_PHYS_s17_T3_ctrl,162,136,166.53333333333333,-1.4976444244384766,-0.5921162055610654
UBFC_PHYS_s17_T3_ctrl,162,137,166.56666666666666,-1.4945191144943237,-0.5649189176921974
UBFC_PHYS_s17_T3_ctrl,162,138,166.6,-1.2843700647354126,-0.5135224473052665
UBFC_PHYS_s17_T3_ctrl,162,139,166.63333333333333,-1.0700773000717163,-0.44097031320006075
UBFC_PHYS_s17_T3_ctrl,162,140,166.66666666666666,-0.9619652628898621,-0.3504539623677905
UBFC_PHYS_s17_T3_ctrl,162,141,166.7,-0.910308837890625,-0.2465623312518247
UBFC_PHYS_s17_T3_ctrl,162,142,166.73333333333332,-0.8630419969558716,-0.13666644597324837
UBFC_PHYS_s17_T3_ctrl,162,143,166.76666666666668,-0.8675486445426941,-0.031498127114720574
UBFC_PHYS_s17_T3_ctrl,162,144,166.8,-0.9453200101852417,0.05574258661798752
UBFC_PHYS_s17_T3_ctrl,162,145,166.83333333333334,-1.0251749753952026,0.11183898233790224
UBFC_PHYS_s17_T3_ctrl,162,146,166.86666666666667,-1.070299744606018,0.12700566475411368
UBFC_PHYS_s17_T3_ctrl,162,147,166.9,-1.1346683502197266,0.09829824278102413
UBFC_PHYS_s17_T3_ctrl,162,148,166.93333333333334,-1.2841944694519043,0.03181162929778068
UBFC_PHYS_s17_T3_ctrl,162,149,166.96666666666667,-1.4767969846725464,-0.057335915127755134
UBFC_PHYS_s17_T3_ctrl,162,150,167.0,-1.509256362915039,-0.14778102856982253
UBFC_PHYS_s17_T3_ctrl,162,151,167.03333333333333,-1.1602799892425537,-0.21714236906606219
UBFC_PHYS_s17_T3_ctrl,162,152,167.06666666666666,-0.5109168887138367,-0.24824572942306897
UBFC_PHYS_s17_T3_ctrl,162,153,167.1,0.12387285381555557,-0.23417454098689286
UBFC_PHYS_s17_T3_ctrl,162,154,167.13333333333333,0.5024524331092834,-0.18026107821778106
UBFC_PHYS_s17_T3_ctrl,162,155,167.16666666666666,0.6163470149040222,-0.10226966372868113
UBFC_PHYS_s17_T3_ctrl,162,156,167.2,0.5841100215911865,-0.02137372310819257
UBFC_PHYS_s17_T3_ctrl,162,157,167.23333333333332,0.5436207056045532,0.042574621168377624
UBFC_PHYS_s17_T3_ctrl,162,158,167.26666666666668,0.6172015070915222,0.07775895360328214
UBFC_PHYS_s17_T3_ctrl,162,159,167.3,0.8124728202819824,0.08529313952561408
UBFC_PHYS_s17_T3_ctrl,162,160,167.33333333333334,0.9990001320838928,0.08030831764432299
UBFC_PHYS_s17_T3_ctrl,162,161,167.36666666666667,1.091707706451416,0.08784232552646855
UBFC_PHYS_s17_T3_ctrl,162,162,167.4,1.1331568956375122,0.13412971244170233
UBFC_PHYS_s17_T3_ctrl,162,163,167.43333333333334,1.1502352952957153,0.23624791192667163
UBFC_PHYS_s17_T3_ctrl,162,164,167.46666666666667,1.0717147588729858,0.39422340549702517
UBFC_PHYS_s17_T3_ctrl,162,165,167.5,0.8235345482826233,0.5888386123011919
UBFC_PHYS_s17_T3_ctrl,162,166,167.53333333333333,0.3749326169490814,0.7858894633482523
UBFC_PHYS_s17_T3_ctrl,162,167,167.56666666666666,-0.28031834959983826,0.9451029210138807
UBFC_PHYS_s17_T3_ctrl,162,168,167.6,-1.0689301490783691,1.0306982600901893
UBFC_PHYS_s17_T3_ctrl,162,169,167.63333333333333,-1.7682758569717407,1.0205331736176992
UBFC_PHYS_s17_T3_ctrl,162,170,167.66666666666666,-2.1415293216705322,0.9113184890387511
UBFC_PHYS_s17_T3_ctrl,162,171,167.7,-2.074983596801758,0.7185939540869215
UBFC_PHYS_s17_T3_ctrl,162,172,167.73333333333332,-1.6140440702438354,0.4719888063656653
UBFC_PHYS_s17_T3_ctrl,162,173,167.76666666666668,-1.009513020515442,0.207759778385723
UBFC_PHYS_s17_T3_ctrl,162,174,167.8,-0.5771934986114502,-0.03913031767648149
UBFC_PHYS_s17_T3_ctrl,162,175,167.83333333333334,-0.36381375789642334,-0.24169473279330297
UBFC_PHYS_s17_T3_ctrl,162,176,167.86666666666667,-0.23476052284240723,-0.38531237814356484
UBFC_PHYS_s17_T3_ctrl,162,177,167.9,-0.15435537695884705,-0.4692720292801526
UBFC_PHYS_s17_T3_ctrl,162,178,167.93333333333334,-0.12299632281064987,-0.5053578907666898
UBFC_PHYS_s17_T3_ctrl,162,179,167.96666666666667,-0.041081175208091736,-0.513762462991144
UBFC_PHYS_s17_T3_ctrl,162,180,168.0,0.1366552710533142,-0.517025345181804
UBFC_PHYS_s17_T3_ctrl,162,181,168.03333333333333,0.298589289188385,-0.5332928035556042
UBFC_PHYS_s17_T3_ctrl,162,182,168.06666666666666,0.37804627418518066,-0.5708615813645789
UBFC_PHYS_s17_T3_ctrl,162,183,168.1,0.4279117286205292,-0.6260564106399671
UBFC_PHYS_s17_T3_ctrl,162,184,168.13333333333333,0.44621914625167847,-0.6854873267573433
UBFC_PHYS_s17_T3_ctrl,162,185,168.16666666666666,0.3630398213863373,-0.7319659969112544
UBFC_PHYS_s17_T3_ctrl,162,186,168.2,0.20773111283779144,-0.7516885892203604
UBFC_PHYS_s17_T3_ctrl,162,187,168.23333333333332,0.08258752524852753,-0.7396096488289327
UBFC_PHYS_s17_T3_ctrl,162,188,168.26666666666668,-0.019566450268030167,-0.7006843566312692
UBFC_PHYS_s17_T3_ctrl,162,189,168.3,-0.19744336605072021,-0.6464891485133549
UBFC_PHYS_s17_T3_ctrl,162,190,168.33333333333334,-0.45505818724632263,-0.5887996766006752
UBFC_PHYS_s17_T3_ctrl,162,191,168.36666666666667,-0.6607123017311096,-0.5331325796774958
UBFC_PHYS_s17_T3_ctrl,162,192,168.4,-0.6571186780929565,-0.475384054115835
UBFC_PHYS_s17_T3_ctrl,162,193,168.43333333333334,-0.4137962758541107,-0.4032935075797747
UBFC_PHYS_s17_T3_ctrl,162,194,168.46666666666667,-0.08938980847597122,-0.30204637259356754
UBFC_PHYS_s17_T3_ctrl,162,195,168.5,0.11400511115789413,-0.16127677672822266
UBFC_PHYS_s17_T3_ctrl,162,196,168.53333333333333,0.1367606222629547,0.0197628866736402
UBFC_PHYS_s17_T3_ctrl,162,197,168.56666666666666,0.025839218869805336,0.23097446671864927
UBFC_PHYS_s17_T3_ctrl,162,198,168.6,-0.21363207697868347,0.45425910319129703
UBFC_PHYS_s17_T3_ctrl,162,199,168.63333333333333,-0.5312727689743042,0.6687430488285631
UBFC_PHYS_s17_T3_ctrl,162,200,168.66666666666666,-0.7976199388504028,0.8558664345261102
UBFC_PHYS_s17_T3_ctrl,162,201,168.7,-0.9815953969955444,1.0023128682225617
UBFC_PHYS_s17_T3_ctrl,162,202,168.73333333333332,-1.1758015155792236,1.1002362563628414
UBFC_PHYS_s17_T3_ctrl,162,203,168.76666666666668,-1.3875658512115479,1.1457527499801166
UBFC_PHYS_s17_T3_ctrl,162,204,168.8,-1.5054988861083984,1.1373422883123876
UBFC_PHYS_s17_T3_ctrl,162,205,168.83333333333334,-1.470159888267517,1.0755022505415415
UBFC_PHYS_s17_T3_ctrl,162,206,168.86666666666667,-1.3227289915084839,0.9640265530338453
UBFC_PHYS_s17_T3_ctrl,162,207,168.9,-1.1537717580795288,0.8120105892327506
UBFC_PHYS_s17_T3_ctrl,162,208,168.93333333333334,-1.0411179065704346,0.6346978446548158
UBFC_PHYS_s17_T3_ctrl,162,209,168.96666666666667,-1.0216867923736572,0.4514969398518609
UBFC_PHYS_s17_T3_ctrl,162,210,169.0,-1.119638442993164,0.2811450003937101
UBFC_PHYS_s17_T3_ctrl,162,211,169.03333333333333,-1.3038363456726074,0.13587460637194837
UBFC_PHYS_s17_T3_ctrl,162,212,169.06666666666666,-1.384358525276184,0.01719824402220047
UBFC_PHYS_s17_T3_ctrl,162,213,169.1,-1.1781425476074219,-0.08462293625853085
UBFC_PHYS_s17_T3_ctrl,162,214,169.13333333333333,-0.7486089468002319,-0.18671779059589672
UBFC_PHYS_s17_T3_ctrl,162,215,169.16666666666666,-0.3260049521923065,-0.30636667854403643
UBFC_PHYS_s17_T3_ctrl,162,216,169.2,-0.04019155725836754,-0.4529445180429441
UBFC_PHYS_s17_T3_ctrl,162,217,169.23333333333332,0.11119578778743744,-0.6221894192460549
UBFC_PHYS_s17_T3_ctrl,162,218,169.26666666666668,0.12400161474943161,-0.7951236469690659
UBFC_PHYS_s17_T3_ctrl,162,219,169.3,0.015854420140385628,-0.9421228602581458
UBFC_PHYS_s17_T3_ctrl,162,220,169.33333333333334,-0.08440326154232025,-1.0306850293527372
UBFC_PHYS_s17_T3_ctrl,162,221,169.36666666666667,-0.05742206424474716,-1.034324698231972
UBFC_PHYS_s17_T3_ctrl,162,222,169.4,0.05332375317811966,-0.9401216678380273
UBFC_PHYS_s17_T3_ctrl,162,223,169.43333333333334,0.11507031321525574,-0.7533038007125341
UBFC_PHYS_s17_T3_ctrl,162,224,169.46666666666667,0.07240373641252518,-0.4980882678351446
UBFC_PHYS_s17_T3_ctrl,162,225,169.5,-0.05859261751174927,-0.21449443355692605
UBFC_PHYS_s17_T3_ctrl,162,226,169.53333333333333,-0.2635560631752014,0.04886197610007687
UBFC_PHYS_s17_T3_ctrl,162,227,169.56666666666666,-0.4743371605873108,0.24533350557874684
UBFC_PHYS_s17_T3_ctrl,162,228,169.6,-0.5736467242240906,0.3421736863453099
UBFC_PHYS_s17_T3_ctrl,162,229,169.63333333333333,-0.5783640146255493,0.33025003276092657
UBFC_PHYS_s17_T3_ctrl,162,230,169.66666666666666,-0.6939091086387634,0.22727746796028692
UBFC_PHYS_s17_T3_ctrl,162,231,169.7,-1.0199426412582397,0.07217393173796591
UBFC_PHYS_s17_T3_ctrl,162,232,169.73333333333332,-1.302384853363037,-0.08752630056379682
UBFC_PHYS_s17_T3_ctrl,162,233,169.76666666666668,-1.1857980489730835,-0.209675393910437
UBFC_PHYS_s17_T3_ctrl,162,234,169.8,-0.6671620011329651,-0.26745027462023335
UBFC_PHYS_s17_T3_ctrl,162,235,169.83333333333334,-0.03576687350869179,-0.25260766876351715
UBFC_PHYS_s17_T3_ctrl,162,236,169.86666666666667,0.4825998842716217,-0.17264768930070387
UBFC_PHYS_s17_T3_ctrl,162,237,169.9,0.777637243270874,-0.04454577390713533
UBFC_PHYS_s17_T3_ctrl,162,238,169.93333333333334,0.8103073239326477,0.11176138658239881
UBFC_PHYS_s17_T3_ctrl,162,239,169.96666666666667,0.6959795951843262,0.27761739131238206
UBFC_PHYS_s17_T3_ctrl,163,0,163.0,-1.7053821086883545,-0.11413491747509326
UBFC_PHYS_s17_T3_ctrl,163,1,163.03333333333333,-1.1006170511245728,0.2591265377434489
UBFC_PHYS_s17_T3_ctrl,163,2,163.06666666666666,-0.586370587348938,0.5840663003398155
UBFC_PHYS_s17_T3_ctrl,163,3,163.1,-0.3322908282279968,0.8168435672355155
UBFC_PHYS_s17_T3_ctrl,163,4,163.13333333333333,-0.29908227920532227,0.924123660460767
UBFC_PHYS_s17_T3_ctrl,163,5,163.16666666666666,-0.2649022042751312,0.8887814718698861
UBFC_PHYS_s17_T3_ctrl,163,6,163.2,-0.1180097758769989,0.713822624595868
UBFC_PHYS_s17_T3_ctrl,163,7,163.23333333333332,0.0770508199930191,0.4229045983044777
UBFC_PHYS_s17_T3_ctrl,163,8,163.26666666666668,0.23609356582164764,0.056769535027414775
UBFC_PHYS_s17_T3_ctrl,163,9,163.3,0.31395861506462097,-0.3338308900010276
UBFC_PHYS_s17_T3_ctrl,163,10,163.33333333333334,0.2713271379470825,-0.6968358770010052
UBFC_PHYS_s17_T3_ctrl,163,11,163.36666666666667,0.10503869503736496,-0.9867795454761167
UBFC_PHYS_s17_T3_ctrl,163,12,163.4,-0.11888769268989563,-1.1701621829908893
UBFC_PHYS_s17_T3_ctrl,163,13,163.43333333333334,-0.33337944746017456,-1.2278484947709634
UBFC_PHYS_s17_T3_ctrl,163,14,163.46666666666667,-0.5620699524879456,-1.1550443401449086
UBFC_PHYS_s17_T3_ctrl,163,15,163.5,-0.8783879280090332,-0.9597318075697803
UBFC_PHYS_s17_T3_ctrl,163,16,163.53333333333333,-1.2312387228012085,-0.6602776128876798
UBFC_PHYS_s17_T3_ctrl,163,17,163.56666666666666,-1.402864933013916,-0.2827319062051044
UBFC_PHYS_s17_T3_ctrl,163,18,163.6,-1.2563120126724243,0.14162515461473887
UBFC_PHYS_s17_T3_ctrl,163,19,163.63333333333333,-0.9138321876525879,0.5779434982937648
UBFC_PHYS_s17_T3_ctrl,163,20,163.66666666666666,-0.639946699142456,0.9885770049003504
UBFC_PHYS_s17_T3_ctrl,163,21,163.7,-0.5564396381378174,1.3337355189213573
UBFC_PHYS_s17_T3_ctrl,163,22,163.73333333333332,-0.5445351004600525,1.5735219967712997
UBFC_PHYS_s17_T3_ctrl,163,23,163.76666666666668,-0.45938923954963684,1.6726423975636275
UBFC_PHYS_s17_T3_ctrl,163,24,163.8,-0.280985563993454,1.6075533964635162
UBFC_PHYS_s17_T3_ctrl,163,25,163.83333333333334,0.05395585298538208,1.373822727269293
UBFC_PHYS_s17_T3_ctrl,163,26,163.86666666666667,0.6260040402412415,0.9904042309011724
UBFC_PHYS_s17_T3_ctrl,163,27,163.9,1.2812784910202026,0.4984369155691872
UBFC_PHYS_s17_T3_ctrl,163,28,163.93333333333334,1.755971908569336,-0.0451791556962055
UBFC_PHYS_s17_T3_ctrl,163,29,163.96666666666667,1.989414930343628,-0.5768581203498319
UBFC_PHYS_s17_T3_ctrl,163,30,164.0,2.047872304916382,-1.035264080996904
UBFC_PHYS_s17_T3_ctrl,163,31,164.03333333333333,1.902677059173584,-1.3687052120378496
UBFC_PHYS_s17_T3_ctrl,163,32,164.06666666666666,1.5183618068695068,-1.541017522689644
UBFC_PHYS_s17_T3_ctrl,163,33,164.1,0.9644220471382141,-1.5364047957187632
UBFC_PHYS_s17_T3_ctrl,163,34,164.13333333333333,0.4350872039794922,-1.3629872046404783
UBFC_PHYS_s17_T3_ctrl,163,35,164.16666666666666,0.1873401254415512,-1.0536900073259898
UBFC_PHYS_s17_T3_ctrl,163,36,164.2,0.30714601278305054,-0.6626225510844657
UBFC_PHYS_s17_T3_ctrl,163,37,164.23333333333332,0.5664229989051819,-0.25589807057020036
UBFC_PHYS_s17_T3_ctrl,163,38,164.26666666666668,0.693135142326355,0.10212552477887935
UBFC_PHYS_s17_T3_ctrl,163,39,164.3,0.6637192368507385,0.36374968269361535
UBFC_PHYS_s17_T3_ctrl,163,40,164.33333333333334,0.5949844717979431,0.5089831200217282
UBFC_PHYS_s17_T3_ctrl,163,41,164.36666666666667,0.5954175591468811,0.5483920729625492
UBFC_PHYS_s17_T3_ctrl,163,42,164.4,0.7438551187515259,0.5164726812370849
UBFC_PHYS_s17_T3_ctrl,163,43,164.43333333333334,0.992608904838562,0.4579126849384631
UBFC_PHYS_s17_T3_ctrl,163,44,164.46666666666667,1.1881611347198486,0.41136040096757953
UBFC_PHYS_s17_T3_ctrl,163,45,164.5,1.2791714668273926,0.39587071590151685
UBFC_PHYS_s17_T3_ctrl,163,46,164.53333333333333,1.3575632572174072,0.4044963701032644
UBFC_PHYS_s17_T3_ctrl,163,47,164.56666666666666,1.4657104015350342,0.4076016246954487
UBFC_PHYS_s17_T3_ctrl,163,48,164.6,1.5291659832000732,0.36548173356067026
UBFC_PHYS_s17_T3_ctrl,163,49,164.63333333333333,1.4717153310775757,0.2464246368602488
UBFC_PHYS_s17_T3_ctrl,163,50,164.66666666666666,1.295617699623108,0.043659920552379015
UBFC_PHYS_s17_T3_ctrl,163,51,164.7,1.0582534074783325,-0.21578165324845658
UBFC_PHYS_s17_T3_ctrl,163,52,164.73333333333332,0.8200463056564331,-0.4746536428049567
UBFC_PHYS_s17_T3_ctrl,163,53,164.76666666666668,0.6149423718452454,-0.6611026476388648
UBFC_PHYS_s17_T3_ctrl,163,54,164.8,0.4284735918045044,-0.7109894539395671
UBFC_PHYS_s17_T3_ctrl,163,55,164.83333333333334,0.21174611151218414,-0.5889409794248299
UBFC_PHYS_s17_T3_ctrl,163,56,164.86666666666667,-0.03251274302601814,-0.3009434686556878
UBFC_PHYS_s17_T3_ctrl,163,57,164.9,-0.16927990317344666,0.10534804657340884
UBFC_PHYS_s17_T3_ctrl,163,58,164.93333333333334,-0.042076144367456436,0.5522460159195084
UBFC_PHYS_s17_T3_ctrl,163,59,164.96666666666667,0.28293901681900024,0.9515516433611844
UBFC_PHYS_s17_T3_ctrl,163,60,165.0,0.5566489100456238,1.225577720233579
UBFC_PHYS_s17_T3_ctrl,163,61,165.03333333333333,0.6783862113952637,1.323405166828849
UBFC_PHYS_s17_T3_ctrl,163,62,165.06666666666666,0.7509720921516418,1.2287068200894606
UBFC_PHYS_s17_T3_ctrl,163,63,165.1,0.7813595533370972,0.9587882155972808
UBFC_PHYS_s17_T3_ctrl,163,64,165.13333333333333,0.7061048746109009,0.5567678291042378
UBFC_PHYS_s17_T3_ctrl,163,65,165.16666666666666,0.5887805223464966,0.08003311256171917
UBFC_PHYS_s17_T3_ctrl,163,66,165.2,0.5531724095344543,-0.41129630616749635
UBFC_PHYS_s17_T3_ctrl,163,67,165.23333333333332,0.6063739061355591,-0.8627077323372976
UBFC_PHYS_s17_T3_ctrl,163,68,165.26666666666668,0.608398973941803,-1.2292367091529535
UBFC_PHYS_s17_T3_ctrl,163,69,165.3,0.3024755120277405,-1.4761724325405383
UBFC_PHYS_s17_T3_ctrl,163,70,165.33333333333334,-0.506094217300415,-1.5790176222504182
UBFC_PHYS_s17_T3_ctrl,163,71,165.36666666666667,-1.6597423553466797,-1.5249468765047562
UBFC_PHYS_s17_T3_ctrl,163,72,165.4,-2.6813406944274902,-1.3164538499262672
UBFC_PHYS_s17_T3_ctrl,163,73,165.43333333333334,-3.249678134918213,-0.9757794658059734
UBFC_PHYS_s17_T3_ctrl,163,74,165.46666666666667,-3.445382595062256,-0.5471090303378879
UBFC_PHYS_s17_T3_ctrl,163,75,165.5,-3.492462158203125,-0.09342100838914534
UBFC_PHYS_s17_T3_ctrl,163,76,165.53333333333333,-3.5283279418945312,0.3134028685440248
UBFC_PHYS_s17_T3_ctrl,163,77,165.56666666666666,-3.5770111083984375,0.6078282781282041
UBFC_PHYS_s17_T3_ctrl,163,78,165.6,-3.4540798664093018,0.7473260166482371
UBFC_PHYS_s17_T3_ctrl,163,79,165.63333333333333,-2.860996723175049,0.7249717698304095
UBFC_PHYS_s17_T3_ctrl,163,80,165.66666666666666,-1.765080213546753,0.5727566747886756
UBFC_PHYS_s17_T3_ctrl,163,81,165.7,-0.4454713761806488,0.3529845107414022
UBFC_PHYS_s17_T3_ctrl,163,82,165.73333333333332,0.8601727485656738,0.13968441881700933
UBFC_PHYS_s17_T3_ctrl,163,83,165.76666666666668,2.0518639087677,-0.0037303327194707784
UBFC_PHYS_s17_T3_ctrl,163,84,165.8,2.9808831214904785,-0.04261956038822576
UBFC_PHYS_s17_T3_ctrl,163,85,165.83333333333334,3.503978967666626,0.021212275611450504
UBFC_PHYS_s17_T3_ctrl,163,86,165.86666666666667,3.658292770385742,0.1544511874174925
UBFC_PHYS_s17_T3_ctrl,163,87,165.9,3.60518479347229,0.30707932586172093
UBFC_PHYS_s17_T3_ctrl,163,88,165.93333333333334,3.4358997344970703,0.43085443953358554
UBFC_PHYS_s17_T3_ctrl,163,89,165.96666666666667,3.1541597843170166,0.49458986337619276
UBFC_PHYS_s17_T3_ctrl,163,90,166.0,2.8188555240631104,0.49154053151917554
UBFC_PHYS_s17_T3_ctrl,163,91,166.03333333333333,2.5389065742492676,0.4377394422324218
UBFC_PHYS_s17_T3_ctrl,163,92,166.06666666666666,2.281795024871826,0.3632212951656598
UBFC_PHYS_s17_T3_ctrl,163,93,166.1,1.9071252346038818,0.2998529191098107
UBFC_PHYS_s17_T3_ctrl,163,94,166.13333333333333,1.3975492715835571,0.26989403313481014
UBFC_PHYS_s17_T3_ctrl,163,95,166.16666666666666,0.8903729915618896,0.2787321346574305
UBFC_PHYS_s17_T3_ctrl,163,96,166.2,0.46794459223747253,0.3138151910029241
UBFC_PHYS_s17_T3_ctrl,163,97,166.23333333333332,0.09682142734527588,0.3498261658999936
UBFC_PHYS_s17_T3_ctrl,163,98,166.26666666666668,-0.19430628418922424,0.35797628480056876
UBFC_PHYS_s17_T3_ctrl,163,99,166.3,-0.2532786428928375,0.3158231013050763
UBFC_PHYS_s17_T3_ctrl,163,100,166.33333333333334,-0.038166504353284836,0.2140360305014066
UBFC_PHYS_s17_T3_ctrl,163,101,166.36666666666667,0.21553869545459747,0.058097673139801166
UBFC_PHYS_s17_T3_ctrl,163,102,166.4,0.19315776228904724,-0.13468545227498765
UBFC_PHYS_s17_T3_ctrl,163,103,166.43333333333334,-0.173283189535141,-0.34062407727568644
UBFC_PHYS_s17_T3_ctrl,163,104,166.46666666666667,-0.7089858055114746,-0.5349599257758699
UBFC_PHYS_s17_T3_ctrl,163,105,166.5,-1.2077809572219849,-0.695502576289759
UBFC_PHYS_s17_T3_ctrl,163,106,166.53333333333333,-1.4976444244384766,-0.8045278707974414
UBFC_PHYS_s17_T3_ctrl,163,107,166.56666666666666,-1.4945191144943237,-0.8497995520088701
UBFC_PHYS_s17_T3_ctrl,163,108,166.6,-1.2843700647354126,-0.8254647673003973
UBFC_PHYS_s17_T3_ctrl,163,109,166.63333333333333,-1.0700773000717163,-0.7329386796913805
UBFC_PHYS_s17_T3_ctrl,163,110,166.66666666666666,-0.9619652628898621,-0.581458844928529
UBFC_PHYS_s17_T3_ctrl,163,111,166.7,-0.910308837890625,-0.38787456540915477
UBFC_PHYS_s17_T3_ctrl,163,112,166.73333333333332,-0.8630419969558716,-0.17527042168034032
UBFC_PHYS_s17_T3_ctrl,163,113,166.76666666666668,-0.8675486445426941,0.02981424252583019
UBFC_PHYS_s17_T3_ctrl,163,114,166.8,-0.9453200101852417,0.20144795814506664
UBFC_PHYS_s17_T3_ctrl,163,115,166.83333333333334,-1.0251749753952026,0.3189346930770288
UBFC_PHYS_s17_T3_ctrl,163,116,166.86666666666667,-1.070299744606018,0.37067393936198717
UBFC_PHYS_s17_T3_ctrl,163,117,166.9,-1.1346683502197266,0.35586370135406803
UBFC_PHYS_s17_T3_ctrl,163,118,166.93333333333334,-1.2841944694519043,0.28347669431892003
UBFC_PHYS_s17_T3_ctrl,163,119,166.96666666666667,-1.4767969846725464,0.16914876120042346
UBFC_PHYS_s17_T3_ctrl,163,120,167.0,-1.509256362915039,0.031413027030102056
UBFC_PHYS_s17_T3_ctrl,163,121,167.03333333333333,-1.1602799892425537,-0.11140710589136019
UBFC_PHYS_s17_T3_ctrl,163,122,167.06666666666666,-0.5109168887138367,-0.24322082224619612
UBFC_PHYS_s17_T3_ctrl,163,123,167.1,0.12387285381555557,-0.35143908339852126
UBFC_PHYS_s17_T3_ctrl,163,124,167.13333333333333,0.5024524331092834,-0.427762677109951
UBFC_PHYS_s17_T3_ctrl,163,125,167.16666666666666,0.6163470149040222,-0.46829117736447357
UBFC_PHYS_s17_T3_ctrl,163,126,167.2,0.5841100215911865,-0.47259067961962153
UBFC_PHYS_s17_T3_ctrl,163,127,167.23333333333332,0.5436207056045532,-0.44164657817372077
UBFC_PHYS_s17_T3_ctrl,163,128,167.26666666666668,0.6172015070915222,-0.3752065055052116
UBFC_PHYS_s17_T3_ctrl,163,129,167.3,0.8124728202819824,-0.26979664482031174
UBFC_PHYS_s17_T3_ctrl,163,130,167.33333333333334,0.9990001320838928,-0.11923564134848234
UBFC_PHYS_s17_T3_ctrl,163,131,167.36666666666667,1.091707706451416,0.0812583121181833
UBFC_PHYS_s17_T3_ctrl,163,132,167.4,1.1331568956375122,0.32853765278104363
UBFC_PHYS_s17_T3_ctrl,163,133,167.43333333333334,1.1502352952957153,0.605954958006603
UBFC_PHYS_s17_T3_ctrl,163,134,167.46666666666667,1.0717147588729858,0.882430744019857
UBFC_PHYS_s17_T3_ctrl,163,135,167.5,0.8235345482826233,1.1178363808207803
UBFC_PHYS_s17_T3_ctrl,163,136,167.53333333333333,0.3749326169490814,1.273140703114621
UBFC_PHYS_s17_T3_ctrl,163,137,167.56666666666666,-0.28031834959983826,1.3213066597231806
UBFC_PHYS_s17_T3_ctrl,163,138,167.6,-1.0689301490783691,1.254699581075025
UBFC_PHYS_s17_T3_ctrl,163,139,167.63333333333333,-1.7682758569717407,1.0864811458899066
UBFC_PHYS_s17_T3_ctrl,163,140,167.66666666666666,-2.1415293216705322,0.8459116138048745
UBFC_PHYS_s17_T3_ctrl,163,141,167.7,-2.074983596801758,0.5696928986420086
UBFC_PHYS_s17_T3_ctrl,163,142,167.73333333333332,-1.6140440702438354,0.29272703408273315
UBFC_PHYS_s17_T3_ctrl,163,143,167.76666666666668,-1.009513020515442,0.04136605790936653
UBFC_PHYS_s17_T3_ctrl,163,144,167.8,-0.5771934986114502,-0.1694605979263798
UBFC_PHYS_s17_T3_ctrl,163,145,167.83333333333334,-0.36381375789642334,-0.33570857417489636
UBFC_PHYS_s17_T3_ctrl,163,146,167.86666666666667,-0.23476052284240723,-0.4616092823596203
UBFC_PHYS_s17_T3_ctrl,163,147,167.9,-0.15435537695884705,-0.5562443978297515
UBFC_PHYS_s17_T3_ctrl,163,148,167.93333333333334,-0.12299632281064987,-0.6301301757710555
UBFC_PHYS_s17_T3_ctrl,163,149,167.96666666666667,-0.041081175208091736,-0.6922479229860583
UBFC_PHYS_s17_T3_ctrl,163,150,168.0,0.1366552710533142,-0.7477451660538087
UBFC_PHYS_s17_T3_ctrl,163,151,168.03333333333333,0.298589289188385,-0.7964917728495926
UBFC_PHYS_s17_T3_ctrl,163,152,168.06666666666666,0.37804627418518066,-0.8327379075089423
UBFC_PHYS_s17_T3_ctrl,163,153,168.1,0.4279117286205292,-0.8462549204656405
UBFC_PHYS_s17_T3_ctrl,163,154,168.13333333333333,0.44621914625167847,-0.8253545624662605
UBFC_PHYS_s17_T3_ctrl,163,155,168.16666666666666,0.3630398213863373,-0.761606068129368
UBFC_PHYS_s17_T3_ctrl,163,156,168.2,0.20773111283779144,-0.6548503113133731
UBFC_PHYS_s17_T3_ctrl,163,157,168.23333333333332,0.08258752524852753,-0.5161430127938023
UBFC_PHYS_s17_T3_ctrl,163,158,168.26666666666668,-0.019566450268030167,-0.36653355798106163
UBFC_PHYS_s17_T3_ctrl,163,159,168.3,-0.19744336605072021,-0.23123972297452278
UBFC_PHYS_s17_T3_ctrl,163,160,168.33333333333334,-0.45505818724632263,-0.1310975573319978
UBFC_PHYS_s17_T3_ctrl,163,161,168.36666666666667,-0.6607123017311096,-0.07488426394102994
UBFC_PHYS_s17_T3_ctrl,163,162,168.4,-0.6571186780929565,-0.05612077535659311
UBFC_PHYS_s17_T3_ctrl,163,163,168.43333333333334,-0.4137962758541107,-0.05600296432604911
UBFC_PHYS_s17_T3_ctrl,163,164,168.46666666666667,-0.08938980847597122,-0.051050273488386325
UBFC_PHYS_s17_T3_ctrl,163,165,168.5,0.11400511115789413,-0.02177744257792818
UBFC_PHYS_s17_T3_ctrl,163,166,168.53333333333333,0.1367606222629547,0.04137538383143286
UBFC_PHYS_s17_T3_ctrl,163,167,168.56666666666666,0.025839218869805336,0.1367951350325286
UBFC_PHYS_s17_T3_ctrl,163,168,168.6,-0.21363207697868347,0.25464497042121154
UBFC_PHYS_s17_T3_ctrl,163,169,168.63333333333333,-0.5312727689743042,0.3816737099716705
UBFC_PHYS_s17_T3_ctrl,163,170,168.66666666666666,-0.7976199388504028,0.5050692544790657
UBFC_PHYS_s17_T3_ctrl,163,171,168.7,-0.9815953969955444,0.6137090058534372
UBFC_PHYS_s17_T3_ctrl,163,172,168.73333333333332,-1.1758015155792236,0.6973483887565731
UBFC_PHYS_s17_T3_ctrl,163,173,168.76666666666668,-1.3875658512115479,0.7458618231213388
UBFC_PHYS_s17_T3_ctrl,163,174,168.8,-1.5054988861083984,0.7503977993230875
UBFC_PHYS_s17_T3_ctrl,163,175,168.83333333333334,-1.470159888267517,0.7067093044498469
UBFC_PHYS_s17_T3_ctrl,163,176,168.86666666666667,-1.3227289915084839,0.6192117232783169
UBFC_PHYS_s17_T3_ctrl,163,177,168.9,-1.1537717580795288,0.5033168042376901
UBFC_PHYS_s17_T3_ctrl,163,178,168.93333333333334,-1.0411179065704346,0.38374684193139297
UBFC_PHYS_s17_T3_ctrl,163,179,168.96666666666667,-1.0216867923736572,0.28811607643542925
UBFC_PHYS_s17_T3_ctrl,163,180,169.0,-1.119638442993164,0.23757747153518236
UBFC_PHYS_s17_T3_ctrl,163,181,169.03333333333333,-1.3038363456726074,0.23817436918987264
UBFC_PHYS_s17_T3_ctrl,163,182,169.06666666666666,-1.384358525276184,0.276457319483153
UBFC_PHYS_s17_T3_ctrl,163,183,169.1,-1.1781425476074219,0.3213643916731959
UBFC_PHYS_s17_T3_ctrl,163,184,169.13333333333333,-0.7486089468002319,0.33234638388269894
UBFC_PHYS_s17_T3_ctrl,163,185,169.16666666666666,-0.3260049521923065,0.27162333808655964
UBFC_PHYS_s17_T3_ctrl,163,186,169.2,-0.04019155725836754,0.11666900958324372
UBFC_PHYS_s17_T3_ctrl,163,187,169.23333333333332,0.11119578778743744,-0.1314132701866069
UBFC_PHYS_s17_T3_ctrl,163,188,169.26666666666668,0.12400161474943161,-0.44641101675883543
UBFC_PHYS_s17_T3_ctrl,163,189,169.3,0.015854420140385628,-0.782503943584846
UBFC_PHYS_s17_T3_ctrl,163,190,169.33333333333334,-0.08440326154232025,-1.084445790447524
UBFC_PHYS_s17_T3_ctrl,163,191,169.36666666666667,-0.05742206424474716,-1.2991574618049042
UBFC_PHYS_s17_T3_ctrl,163,192,169.4,0.05332375317811966,-1.3860709872933314
UBFC_PHYS_s17_T3_ctrl,163,193,169.43333333333334,0.11507031321525574,-1.3247494273597584
UBFC_PHYS_s17_T3_ctrl,163,194,169.46666666666667,0.07240373641252518,-1.1190024634032896
UBFC_PHYS_s17_T3_ctrl,163,195,169.5,-0.05859261751174927,-0.7968412082449696
UBFC_PHYS_s17_T3_ctrl,163,196,169.53333333333333,-0.2635560631752014,-0.4057227821603058
UBFC_PHYS_s17_T3_ctrl,163,197,169.56666666666666,-0.4743371605873108,-0.003176180945349852
UBFC_PHYS_s17_T3_ctrl,163,198,169.6,-0.5736467242240906,0.3557044931161445
UBFC_PHYS_s17_T3_ctrl,163,199,169.63333333333333,-0.5783640146255493,0.6305865801193481
UBFC_PHYS_s17_T3_ctrl,163,200,169.66666666666666,-0.6939091086387634,0.8035728995028755
UBFC_PHYS_s17_T3_ctrl,163,201,169.7,-1.0199426412582397,0.8789970616274355
UBFC_PHYS_s17_T3_ctrl,163,202,169.73333333333332,-1.302384853363037,0.8759932098290883
UBFC_PHYS_s17_T3_ctrl,163,203,169.76666666666668,-1.1857980489730835,0.8181047389427961
UBFC_PHYS_s17_T3_ctrl,163,204,169.8,-0.6671620011329651,0.7247185858304637
UBFC_PHYS_s17_T3_ctrl,163,205,169.83333333333334,-0.03576687350869179,0.6069996200152352
UBFC_PHYS_s17_T3_ctrl,163,206,169.86666666666667,0.4825998842716217,0.46833311538530115
UBFC_PHYS_s17_T3_ctrl,163,207,169.9,0.777637243270874,0.3075472551214147
UBFC_PHYS_s17_T3_ctrl,163,208,169.93333333333334,0.8103073239326477,0.12286884621950922
UBFC_PHYS_s17_T3_ctrl,163,209,169.96666666666667,0.6959795951843262,-0.08481655446848789
UBFC_PHYS_s17_T3_ctrl,163,210,170.0,0.6365390419960022,-0.3100132649700099
UBFC_PHYS_s17_T3_ctrl,163,211,170.03333333333333,0.6960030198097229,-0.5418308714244434
UBFC_PHYS_s17_T3_ctrl,163,212,170.06666666666666,0.7931587100028992,-0.7636931307279654
UBFC_PHYS_s17_T3_ctrl,163,213,170.1,0.8657094836235046,-0.9530622588174081
UBFC_PHYS_s17_T3_ctrl,163,214,170.13333333333333,0.860465407371521,-1.0816988826745426
UBFC_PHYS_s17_T3_ctrl,163,215,170.16666666666666,0.7194140553474426,-1.117814382679562
UBFC_PHYS_s17_T3_ctrl,163,216,170.2,0.45337122678756714,-1.0312009065640628
UBFC_PHYS_s17_T3_ctrl,163,217,170.23333333333332,0.14836077392101288,-0.8011881659949474
UBFC_PHYS_s17_T3_ctrl,163,218,170.26666666666668,-0.12143949419260025,-0.42576654033172456
UBFC_PHYS_s17_T3_ctrl,163,219,170.3,-0.37436041235923767,0.07105641754532435
UBFC_PHYS_s17_T3_ctrl,163,220,170.33333333333334,-0.6834912300109863,0.6370911618625401
UBFC_PHYS_s17_T3_ctrl,163,221,170.36666666666667,-1.023231863975525,1.1973924204651816
UBFC_PHYS_s17_T3_ctrl,163,222,170.4,-1.1798633337020874,1.667073457089419
UBFC_PHYS_s17_T3_ctrl,163,223,170.43333333333334,-0.9322918057441711,1.9684316630111733
UBFC_PHYS_s17_T3_ctrl,163,224,170.46666666666667,-0.3491116464138031,2.0476695310465343
UBFC_PHYS_s17_T3_ctrl,163,225,170.5,0.2542956471443176,1.8865492034296205
UBFC_PHYS_s17_T3_ctrl,163,226,170.53333333333333,0.6639533042907715,1.5057822580482558
UBFC_PHYS_s17_T3_ctrl,163,227,170.56666666666666,0.8999480605125427,0.959299462822955
UBFC_PHYS_s17_T3_ctrl,163,228,170.6,0.9740088582038879,0.32118071470749365
UBFC_PHYS_s17_T3_ctrl,163,229,170.63333333333333,0.8833028674125671,-0.3305802781982892
UBFC_PHYS_s17_T3_ctrl,163,230,170.66666666666666,0.7682844996452332,-0.9280316181466138
UBFC_PHYS_s17_T3_ctrl,163,231,170.7,0.7889096140861511,-1.4207637453696738
UBFC_PHYS_s17_T3_ctrl,163,232,170.73333333333332,0.8890619874000549,-1.776589426623813
UBFC_PHYS_s17_T3_ctrl,163,233,170.76666666666668,0.8868613243103027,-1.9784853014290156
UBFC_PHYS_s17_T3_ctrl,163,234,170.8,0.7271396517753601,-2.0213256492158407
UBFC_PHYS_s17_T3_ctrl,163,235,170.83333333333334,0.4803290069103241,-1.9100795600673737
UBFC_PHYS_s17_T3_ctrl,163,236,170.86666666666667,0.1945624202489853,-1.6591367519924523
UBFC_PHYS_s17_T3_ctrl,163,237,170.9,-0.12050305306911469,-1.2915233756630282
UBFC_PHYS_s17_T3_ctrl,163,238,170.93333333333334,-0.46823859214782715,-0.8371833094946152
UBFC_PHYS_s17_T3_ctrl,163,239,170.96666666666667,-0.859904944896698,-0.3307294278653735
UBFC_PHYS_s17_T3_ctrl,164,0,164.0,2.047872304916382,-0.07751615698757529
UBFC_PHYS_s17_T3_ctrl,164,1,164.03333333333333,1.902677059173584,0.028017500244826687
UBFC_PHYS_s17_T3_ctrl,164,2,164.06666666666666,1.5183618068695068,0.11900619636194881
UBFC_PHYS_s17_T3_ctrl,164,3,164.1,0.9644220471382141,0.18097657787179702
UBFC_PHYS_s17_T3_ctrl,164,4,164.13333333333333,0.4350872039794922,0.20523807450619563
UBFC_PHYS_s17_T3_ctrl,164,5,164.16666666666666,0.1873401254415512,0.18937509957865384
UBFC_PHYS_s17_T3_ctrl,164,6,164.2,0.30714601278305054,0.136153361901728
UBFC_PHYS_s17_T3_ctrl,164,7,164.23333333333332,0.5664229989051819,0.05205956963968451
UBFC_PHYS_s17_T3_ctrl,164,8,164.26666666666668,0.693135142326355,-0.05328185875224847
UBFC_PHYS_s17_T3_ctrl,164,9,164.3,0.6637192368507385,-0.16650691690812372
UBFC_PHYS_s17_T3_ctrl,164,10,164.33333333333334,0.5949844717979431,-0.2696506939422585
UBFC_PHYS_s17_T3_ctrl,164,11,164.36666666666667,0.5954175591468811,-0.3406495799591968
UBFC_PHYS_s17_T3_ctrl,164,12,164.4,0.7438551187515259,-0.3564982908564058
UBFC_PHYS_s17_T3_ctrl,164,13,164.43333333333334,0.992608904838562,-0.29923671335658575
UBFC_PHYS_s17_T3_ctrl,164,14,164.46666666666667,1.1881611347198486,-0.16356275829078967
UBFC_PHYS_s17_T3_ctrl,164,15,164.5,1.2791714668273926,0.03649445456341277
UBFC_PHYS_s17_T3_ctrl,164,16,164.53333333333333,1.3575632572174072,0.26528939986234223
UBFC_PHYS_s17_T3_ctrl,164,17,164.56666666666666,1.4657104015350342,0.4705495842235507
UBFC_PHYS_s17_T3_ctrl,164,18,164.6,1.5291659832000732,0.5960423451557119
UBFC_PHYS_s17_T3_ctrl,164,19,164.63333333333333,1.4717153310775757,0.5988209973217793
UBFC_PHYS_s17_T3_ctrl,164,20,164.66666666666666,1.295617699623108,0.46515036096952495
UBFC_PHYS_s17_T3_ctrl,164,21,164.7,1.0582534074783325,0.21873609349124043
UBFC_PHYS_s17_T3_ctrl,164,22,164.73333333333332,0.8200463056564331,-0.08265481071855178
UBFC_PHYS_s17_T3_ctrl,164,23,164.76666666666668,0.6149423718452454,-0.3617548736034235
UBFC_PHYS_s17_T3_ctrl,164,24,164.8,0.4284735918045044,-0.5428979886108217
UBFC_PHYS_s17_T3_ctrl,164,25,164.83333333333334,0.21174611151218414,-0.5728648593659359
UBFC_PHYS_s17_T3_ctrl,164,26,164.86666666666667,-0.03251274302601814,-0.4353816393226133
UBFC_PHYS_s17_T3_ctrl,164,27,164.9,-0.16927990317344666,-0.1557541728769574
UBFC_PHYS_s17_T3_ctrl,164,28,164.93333333333334,-0.042076144367456436,0.20499387069623684
UBFC_PHYS_s17_T3_ctrl,164,29,164.96666666666667,0.28293901681900024,0.5646961813927134
UBFC_PHYS_s17_T3_ctrl,164,30,165.0,0.5566489100456238,0.8397461289136015
UBFC_PHYS_s17_T3_ctrl,164,31,165.03333333333333,0.6783862113952637,0.9650632371281245
UBFC_PHYS_s17_T3_ctrl,164,32,165.06666666666666,0.7509720921516418,0.908956905297632
UBFC_PHYS_s17_T3_ctrl,164,33,165.1,0.7813595533370972,0.6786726587931825
UBFC_PHYS_s17_T3_ctrl,164,34,165.13333333333333,0.7061048746109009,0.3155205060297697
UBFC_PHYS_s17_T3_ctrl,164,35,165.16666666666666,0.5887805223464966,-0.11781732177471708
UBFC_PHYS_s17_T3_ctrl,164,36,165.2,0.5531724095344543,-0.55281151140353
UBFC_PHYS_s17_T3_ctrl,164,37,165.23333333333332,0.6063739061355591,-0.9283981881261757
UBFC_PHYS_s17_T3_ctrl,164,38,165.26666666666668,0.608398973941803,-1.1991104322016135
UBFC_PHYS_s17_T3_ctrl,164,39,165.3,0.3024755120277405,-1.3378771103712486
UBFC_PHYS_s17_T3_ctrl,164,40,165.33333333333334,-0.506094217300415,-1.335332918451206
UBFC_PHYS_s17_T3_ctrl,164,41,165.36666666666667,-1.6597423553466797,-1.1979585258145116
UBFC_PHYS_s17_T3_ctrl,164,42,165.4,-2.6813406944274902,-0.9464938351725634
UBFC_PHYS_s17_T3_ctrl,164,43,165.43333333333334,-3.249678134918213,-0.6145891616467429
UBFC_PHYS_s17_T3_ctrl,164,44,165.46666666666667,-3.445382595062256,-0.2465008972638952
UBFC_PHYS_s17_T3_ctrl,164,45,165.5,-3.492462158203125,0.10753302484497416
UBFC_PHYS_s17_T3_ctrl,164,46,165.53333333333333,-3.5283279418945312,0.39869252356808543
UBFC_PHYS_s17_T3_ctrl,164,47,165.56666666666666,-3.5770111083984375,0.5888108705430557
UBFC_PHYS_s17_T3_ctrl,164,48,165.6,-3.4540798664093018,0.6593406445680907
UBFC_PHYS_s17_T3_ctrl,164,49,165.63333333333333,-2.860996723175049,0.6172357203265804
UBFC_PHYS_s17_T3_ctrl,164,50,165.66666666666666,-1.765080213546753,0.49491656807443013
UBFC_PHYS_s17_T3_ctrl,164,51,165.7,-0.4454713761806488,0.3428108712154783
UBFC_PHYS_s17_T3_ctrl,164,52,165.73333333333332,0.8601727485656738,0.21570104429604703
UBFC_PHYS_s17_T3_ctrl,164,53,165.76666666666668,2.0518639087677,0.15691104486727694
UBFC_PHYS_s17_T3_ctrl,164,54,165.8,2.9808831214904785,0.18562359013148697
UBFC_PHYS_s17_T3_ctrl,164,55,165.83333333333334,3.503978967666626,0.2917919182806197
UBFC_PHYS_s17_T3_ctrl,164,56,165.86666666666667,3.658292770385742,0.44054465635097984
UBFC_PHYS_s17_T3_ctrl,164,57,165.9,3.60518479347229,0.5845163491466331
UBFC_PHYS_s17_T3_ctrl,164,58,165.93333333333334,3.4358997344970703,0.679464290886818
UBFC_PHYS_s17_T3_ctrl,164,59,165.96666666666667,3.1541597843170166,0.6974308989340051
UBFC_PHYS_s17_T3_ctrl,164,60,166.0,2.8188555240631104,0.6332624861987318
UBFC_PHYS_s17_T3_ctrl,164,61,166.03333333333333,2.5389065742492676,0.5033607526338993
UBFC_PHYS_s17_T3_ctrl,164,62,166.06666666666666,2.281795024871826,0.33835162505589933
UBFC_PHYS_s17_T3_ctrl,164,63,166.1,1.9071252346038818,0.1728519436366147
UBFC_PHYS_s17_T3_ctrl,164,64,166.13333333333333,1.3975492715835571,0.035572481868769754
UBFC_PHYS_s17_T3_ctrl,164,65,166.16666666666666,0.8903729915618896,-0.057716184441061066
UBFC_PHYS_s17_T3_ctrl,164,66,166.2,0.46794459223747253,-0.10669658960561433
UBFC_PHYS_s17_T3_ctrl,164,67,166.23333333333332,0.09682142734527588,-0.12402568304482431
UBFC_PHYS_s17_T3_ctrl,164,68,166.26666666666668,-0.19430628418922424,-0.12904595173123765
UBFC_PHYS_s17_T3_ctrl,164,69,166.3,-0.2532786428928375,-0.1402790645457817
UBFC_PHYS_s17_T3_ctrl,164,70,166.33333333333334,-0.038166504353284836,-0.16960256716405644
UBFC_PHYS_s17_T3_ctrl,164,71,166.36666666666667,0.21553869545459747,-0.2199969154141707
UBFC_PHYS_s17_T3_ctrl,164,72,166.4,0.19315776228904724,-0.28690693309996784
UBFC_PHYS_s17_T3_ctrl,164,73,166.43333333333334,-0.173283189535141,-0.36162638384614926
UBFC_PHYS_s17_T3_ctrl,164,74,166.46666666666667,-0.7089858055114746,-0.43458740475638785
UBFC_PHYS_s17_T3_ctrl,164,75,166.5,-1.2077809572219849,-0.49715020171909224
UBFC_PHYS_s17_T3_ctrl,164,76,166.53333333333333,-1.4976444244384766,-0.5418515600913624
UBFC_PHYS_s17_T3_ctrl,164,77,166.56666666666666,-1.4945191144943237,-0.5620604078756828
UBFC_PHYS_s17_T3_ctrl,164,78,166.6,-1.2843700647354126,-0.5519839820075603
UBFC_PHYS_s17_T3_ctrl,164,79,166.63333333333333,-1.0700773000717163,-0.5074088415315776
UBFC_PHYS_s17_T3_ctrl,164,80,166.66666666666666,-0.9619652628898621,-0.42712071891905706
UBFC_PHYS_s17_T3_ctrl,164,81,166.7,-0.910308837890625,-0.31464368932059233
UBFC_PHYS_s17_T3_ctrl,164,82,166.73333333333332,-0.8630419969558716,-0.17959853139638063
UBFC_PHYS_s17_T3_ctrl,164,83,166.76666666666668,-0.8675486445426941,-0.037788280906828745
UBFC_PHYS_s17_T3_ctrl,164,84,166.8,-0.9453200101852417,0.09064472283574343
UBFC_PHYS_s17_T3_ctrl,164,85,166.83333333333334,-1.0251749753952026,0.18494282254918365
UBFC_PHYS_s17_T3_ctrl,164,86,166.86666666666667,-1.070299744606018,0.22841369661355965
UBFC_PHYS_s17_T3_ctrl,164,87,166.9,-1.1346683502197266,0.2126834979269286
UBFC_PHYS_s17_T3_ctrl,164,88,166.93333333333334,-1.2841944694519043,0.1403960326828462
UBFC_PHYS_s17_T3_ctrl,164,89,166.96666666666667,-1.4767969846725464,0.025734853093272437
UBFC_PHYS_s17_T3_ctrl,164,90,167.0,-1.509256362915039,-0.1075660646368933
UBFC_PHYS_s17_T3_ctrl,164,91,167.03333333333333,-1.1602799892425537,-0.23068457389239863
UBFC_PHYS_s17_T3_ctrl,164,92,167.06666666666666,-0.5109168887138367,-0.31584344403718134
UBFC_PHYS_s17_T3_ctrl,164,93,167.1,0.12387285381555557,-0.3426075119993838
UBFC_PHYS_s17_T3_ctrl,164,94,167.13333333333333,0.5024524331092834,-0.30273124259586826
UBFC_PHYS_s17_T3_ctrl,164,95,167.16666666666666,0.6163470149040222,-0.20233622059755713
UBFC_PHYS_s17_T3_ctrl,164,96,167.2,0.5841100215911865,-0.060740980150146215
UBFC_PHYS_s17_T3_ctrl,164,97,167.23333333333332,0.5436207056045532,0.09418712831145504
UBFC_PHYS_s17_T3_ctrl,164,98,167.26666666666668,0.6172015070915222,0.23359977768990095
UBFC_PHYS_s17_T3_ctrl,164,99,167.3,0.8124728202819824,0.33642444233526464
UBFC_PHYS_s17_T3_ctrl,164,100,167.33333333333334,0.9990001320838928,0.39619678874062064
UBFC_PHYS_s17_T3_ctrl,164,101,167.36666666666667,1.091707706451416,0.42269501233420925
UBFC_PHYS_s17_T3_ctrl,164,102,167.4,1.1331568956375122,0.4371061601061046
UBFC_PHYS_s17_T3_ctrl,164,103,167.43333333333334,1.1502352952957153,0.462543464215264
UBFC_PHYS_s17_T3_ctrl,164,104,167.46666666666667,1.0717147588729858,0.5139872083730296
UBFC_PHYS_s17_T3_ctrl,164,105,167.5,0.8235345482826233,0.5918842292015098
UBFC_PHYS_s17_T3_ctrl,164,106,167.53333333333333,0.3749326169490814,0.6816809817814565
UBFC_PHYS_s17_T3_ctrl,164,107,167.56666666666666,-0.28031834959983826,0.7588185542164441
UBFC_PHYS_s17_T3_ctrl,164,108,167.6,-1.0689301490783691,0.796744587527184
UBFC_PHYS_s17_T3_ctrl,164,109,167.63333333333333,-1.7682758569717407,0.7749082383359069
UBFC_PHYS_s17_T3_ctrl,164,110,167.66666666666666,-2.1415293216705322,0.6843206845868752
UBFC_PHYS_s17_T3_ctrl,164,111,167.7,-2.074983596801758,0.5295369765811861
UBFC_PHYS_s17_T3_ctrl,164,112,167.73333333333332,-1.6140440702438354,0.32720090515061173
UBFC_PHYS_s17_T3_ctrl,164,113,167.76666666666668,-1.009513020515442,0.10209616359507474
UBFC_PHYS_s17_T3_ctrl,164,114,167.8,-0.5771934986114502,-0.1181593279244952
UBFC_PHYS_s17_T3_ctrl,164,115,167.83333333333334,-0.36381375789642334,-0.3087265133960501
UBFC_PHYS_s17_T3_ctrl,164,116,167.86666666666667,-0.23476052284240723,-0.4524426358244185
UBFC_PHYS_s17_T3_ctrl,164,117,167.9,-0.15435537695884705,-0.542996723947508
UBFC_PHYS_s17_T3_ctrl,164,118,167.93333333333334,-0.12299632281064987,-0.5855784288935805
UBFC_PHYS_s17_T3_ctrl,164,119,167.96666666666667,-0.041081175208091736,-0.5945876814747065
UBFC_PHYS_s17_T3_ctrl,164,120,168.0,0.1366552710533142,-0.588594383563277
UBFC_PHYS_s17_T3_ctrl,164,121,168.03333333333333,0.298589289188385,-0.5837516773705865
UBFC_PHYS_s17_T3_ctrl,164,122,168.06666666666666,0.37804627418518066,-0.5880570815513155
UBFC_PHYS_s17_T3_ctrl,164,123,168.1,0.4279117286205292,-0.5991159802155864
UBFC_PHYS_s17_T3_ctrl,164,124,168.13333333333333,0.44621914625167847,-0.6066475999548494
UBFC_PHYS_s17_T3_ctrl,164,125,168.16666666666666,0.3630398213863373,-0.5986526718200261
UBFC_PHYS_s17_T3_ctrl,164,126,168.2,0.20773111283779144,-0.5683238230793164
UBFC_PHYS_s17_T3_ctrl,164,127,168.23333333333332,0.08258752524852753,-0.518314564317307
UBFC_PHYS_s17_T3_ctrl,164,128,168.26666666666668,-0.019566450268030167,-0.46011276944191726
UBFC_PHYS_s17_T3_ctrl,164,129,168.3,-0.19744336605072021,-0.4085743571285798
UBFC_PHYS_s17_T3_ctrl,164,130,168.33333333333334,-0.45505818724632263,-0.3741673964219097
UBFC_PHYS_s17_T3_ctrl,164,131,168.36666666666667,-0.6607123017311096,-0.3568146231615551
UBFC_PHYS_s17_T3_ctrl,164,132,168.4,-0.6571186780929565,-0.34455189247759127
UBFC_PHYS_s17_T3_ctrl,164,133,168.43333333333334,-0.4137962758541107,-0.3178876393455147
UBFC_PHYS_s17_T3_ctrl,164,134,168.46666666666667,-0.08938980847597122,-0.2579609929349447
UBFC_PHYS_s17_T3_ctrl,164,135,168.5,0.11400511115789413,-0.15481441519338018
UBFC_PHYS_s17_T3_ctrl,164,136,168.53333333333333,0.1367606222629547,-0.012189656953705687
UBFC_PHYS_s17_T3_ctrl,164,137,168.56666666666666,0.025839218869805336,0.15314337867492778
UBFC_PHYS_s17_T3_ctrl,164,138,168.6,-0.21363207697868347,0.3173002108879463
UBFC_PHYS_s17_T3_ctrl,164,139,168.63333333333333,-0.5312727689743042,0.4579882765783862
UBFC_PHYS_s17_T3_ctrl,164,140,168.66666666666666,-0.7976199388504028,0.5620601300089819
UBFC_PHYS_s17_T3_ctrl,164,141,168.7,-0.9815953969955444,0.6284217799352334
UBFC_PHYS_s17_T3_ctrl,164,142,168.73333333333332,-1.1758015155792236,0.6654514335347025
UBFC_PHYS_s17_T3_ctrl,164,143,168.76666666666668,-1.3875658512115479,0.685014841241322
UBFC_PHYS_s17_T3_ctrl,164,144,168.8,-1.5054988861083984,0.6963626525177242
UBFC_PHYS_s17_T3_ctrl,164,145,168.83333333333334,-1.470159888267517,0.7026038680359673
UBFC_PHYS_s17_T3_ctrl,164,146,168.86666666666667,-1.3227289915084839,0.7009591726830284
UBFC_PHYS_s17_T3_ctrl,164,147,168.9,-1.1537717580795288,0.6861398457216946
UBFC_PHYS_s17_T3_ctrl,164,148,168.93333333333334,-1.0411179065704346,0.6545538785401731
UBFC_PHYS_s17_T3_ctrl,164,149,168.96666666666667,-1.0216867923736572,0.6066713641664248
UBFC_PHYS_s17_T3_ctrl,164,150,169.0,-1.119638442993164,0.5462308130573432
UBFC_PHYS_s17_T3_ctrl,164,151,169.03333333333333,-1.3038363456726074,0.47695607806242335
UBFC_PHYS_s17_T3_ctrl,164,152,169.06666666666666,-1.384358525276184,0.3987294777533136
UBFC_PHYS_s17_T3_ctrl,164,153,169.1,-1.1781425476074219,0.30543693958021695
UBFC_PHYS_s17_T3_ctrl,164,154,169.13333333333333,-0.7486089468002319,0.18615773723855608
UBFC_PHYS_s17_T3_ctrl,164,155,169.16666666666666,-0.3260049521923065,0.029976209220912237
UBFC_PHYS_s17_T3_ctrl,164,156,169.2,-0.04019155725836754,-0.16724951355358805
UBFC_PHYS_s17_T3_ctrl,164,157,169.23333333333332,0.11119578778743744,-0.39718140215929015
UBFC_PHYS_s17_T3_ctrl,164,158,169.26666666666668,0.12400161474943161,-0.637165761501335
UBFC_PHYS_s17_T3_ctrl,164,159,169.3,0.015854420140385628,-0.8534465166671981
UBFC_PHYS_s17_T3_ctrl,164,160,169.33333333333334,-0.08440326154232025,-1.0085031979905763
UBFC_PHYS_s17_T3_ctrl,164,161,169.36666666666667,-0.05742206424474716,-1.070152165031297
UBFC_PHYS_s17_T3_ctrl,164,162,169.4,0.05332375317811966,-1.0198701398650878
UBFC_PHYS_s17_T3_ctrl,164,163,169.43333333333334,0.11507031321525574,-0.8583920814935322
UBFC_PHYS_s17_T3_ctrl,164,164,169.46666666666667,0.07240373641252518,-0.60728031836873
UBFC_PHYS_s17_T3_ctrl,164,165,169.5,-0.05859261751174927,-0.3057762170462934
UBFC_PHYS_s17_T3_ctrl,164,166,169.53333333333333,-0.2635560631752014,-0.003084116442291427
UBFC_PHYS_s17_T3_ctrl,164,167,169.56666666666666,-0.4743371605873108,0.25259193286309023
UBFC_PHYS_s17_T3_ctrl,164,168,169.6,-0.5736467242240906,0.4256318670943815
UBFC_PHYS_s17_T3_ctrl,164,169,169.63333333333333,-0.5783640146255493,0.5016671685045407
UBFC_PHYS_s17_T3_ctrl,164,170,169.66666666666666,-0.6939091086387634,0.4900113079170621
UBFC_PHYS_s17_T3_ctrl,164,171,169.7,-1.0199426412582397,0.41850213367678646
UBFC_PHYS_s17_T3_ctrl,164,172,169.73333333333332,-1.302384853363037,0.32269253992409175
UBFC_PHYS_s17_T3_ctrl,164,173,169.76666666666668,-1.1857980489730835,0.23382859369417372
UBFC_PHYS_s17_T3_ctrl,164,174,169.8,-0.6671620011329651,0.17002660877644812
UBFC_PHYS_s17_T3_ctrl,164,175,169.83333333333334,-0.03576687350869179,0.13303367927660933
UBFC_PHYS_s17_T3_ctrl,164,176,169.86666666666667,0.4825998842716217,0.11052003522410096
UBFC_PHYS_s17_T3_ctrl,164,177,169.9,0.777637243270874,0.08210329984744438
UBFC_PHYS_s17_T3_ctrl,164,178,169.93333333333334,0.8103073239326477,0.026661777438789138
UBFC_PHYS_s17_T3_ctrl,164,179,169.96666666666667,0.6959795951843262,-0.07120205716588478
UBFC_PHYS_s17_T3_ctrl,164,180,170.0,0.6365390419960022,-0.2168651907494728
UBFC_PHYS_s17_T3_ctrl,164,181,170.03333333333333,0.6960030198097229,-0.40389494207496623
UBFC_PHYS_s17_T3_ctrl,164,182,170.06666666666666,0.7931587100028992,-0.6143183099568071
UBFC_PHYS_s17_T3_ctrl,164,183,170.1,0.8657094836235046,-0.8203098703107647
UBFC_PHYS_s17_T3_ctrl,164,184,170.13333333333333,0.860465407371521,-0.9871075379443521
UBFC_PHYS_s17_T3_ctrl,164,185,170.16666666666666,0.7194140553474426,-1.0774309803119944
UBFC_PHYS_s17_T3_ctrl,164,186,170.2,0.45337122678756714,-1.0575487664975995
UBFC_PHYS_s17_T3_ctrl,164,187,170.23333333333332,0.14836077392101288,-0.9044911232668081
UBFC_PHYS_s17_T3_ctrl,164,188,170.26666666666668,-0.12143949419260025,-0.6131330295106134
UBFC_PHYS_s17_T3_ctrl,164,189,170.3,-0.37436041235923767,-0.2012193098745845
UBFC_PHYS_s17_T3_ctrl,164,190,170.33333333333334,-0.6834912300109863,0.2898172913214168
UBFC_PHYS_s17_T3_ctrl,164,191,170.36666666666667,-1.023231863975525,0.7996287722362969
UBFC_PHYS_s17_T3_ctrl,164,192,170.4,-1.1798633337020874,1.258894006714673
UBFC_PHYS_s17_T3_ctrl,164,193,170.43333333333334,-0.9322918057441711,1.6021976888163365
UBFC_PHYS_s17_T3_ctrl,164,194,170.46666666666667,-0.3491116464138031,1.7808095005056517
UBFC_PHYS_s17_T3_ctrl,164,195,170.5,0.2542956471443176,1.7724258556878971
UBFC_PHYS_s17_T3_ctrl,164,196,170.53333333333333,0.6639533042907715,1.5854653842898374
UBFC_PHYS_s17_T3_ctrl,164,197,170.56666666666666,0.8999480605125427,1.2564621397948357
UBFC_PHYS_s17_T3_ctrl,164,198,170.6,0.9740088582038879,0.8407007271674024
UBFC_PHYS_s17_T3_ctrl,164,199,170.63333333333333,0.8833028674125671,0.39852159566952505
UBFC_PHYS_s17_T3_ctrl,164,200,170.66666666666666,0.7682844996452332,-0.018103178301127648
UBFC_PHYS_s17_T3_ctrl,164,201,170.7,0.7889096140861511,-0.3739645312163887
UBFC_PHYS_s17_T3_ctrl,164,202,170.73333333333332,0.8890619874000549,-0.6519176283055035
UBFC_PHYS_s17_T3_ctrl,164,203,170.76666666666668,0.8868613243103027,-0.848520454636981
UBFC_PHYS_s17_T3_ctrl,164,204,170.8,0.7271396517753601,-0.9672741254601582
UBFC_PHYS_s17_T3_ctrl,164,205,170.83333333333334,0.4803290069103241,-1.012646005298717
UBFC_PHYS_s17_T3_ctrl,164,206,170.86666666666667,0.1945624202489853,-0.9869815080470239
UBFC_PHYS_s17_T3_ctrl,164,207,170.9,-0.12050305306911469,-0.891010303104068
UBFC_PHYS_s17_T3_ctrl,164,208,170.93333333333334,-0.46823859214782715,-0.7272846670699001
UBFC_PHYS_s17_T3_ctrl,164,209,170.96666666666667,-0.859904944896698,-0.5047548717803407
UBFC_PHYS_s17_T3_ctrl,164,210,171.0,-1.2386834621429443,-0.24204850630903427
UBFC_PHYS_s17_T3_ctrl,164,211,171.03333333333333,-1.372477412223816,0.032652122435055275
UBFC_PHYS_s17_T3_ctrl,164,212,171.06666666666666,-1.0843697786331177,0.28578653580943125
UBFC_PHYS_s17_T3_ctrl,164,213,171.1,-0.5257477760314941,0.48533213358414673
UBFC_PHYS_s17_T3_ctrl,164,214,171.13333333333333,-0.00712349358946085,0.6077024351627891
UBFC_PHYS_s17_T3_ctrl,164,215,171.16666666666666,0.35519713163375854,0.641887874379328
UBFC_PHYS_s17_T3_ctrl,164,216,171.2,0.6035295128822327,0.5896788196622855
UBFC_PHYS_s17_T3_ctrl,164,217,171.23333333333332,0.7206196784973145,0.46275926719117977
UBFC_PHYS_s17_T3_ctrl,164,218,171.26666666666668,0.6989411115646362,0.27847893111985983
UBFC_PHYS_s17_T3_ctrl,164,219,171.3,0.6756237149238586,0.05599446985341721
UBFC_PHYS_s17_T3_ctrl,164,220,171.33333333333334,0.759680986404419,-0.18624071511199344
UBFC_PHYS_s17_T3_ctrl,164,221,171.36666666666667,0.8866974711418152,-0.4312887942401067
UBFC_PHYS_s17_T3_ctrl,164,222,171.4,0.9397000074386597,-0.662785857546251
UBFC_PHYS_s17_T3_ctrl,164,223,171.43333333333334,0.8876104950904846,-0.8626448488267551
UBFC_PHYS_s17_T3_ctrl,164,224,171.46666666666667,0.7599151134490967,-1.008740495669841
UBFC_PHYS_s17_T3_ctrl,164,225,171.5,0.5800014138221741,-1.0746303350865158
UBFC_PHYS_s17_T3_ctrl,164,226,171.53333333333333,0.3446504473686218,-1.0329857580708737
UBFC_PHYS_s17_T3_ctrl,164,227,171.56666666666666,0.033026400953531265,-0.8628655354045552
UBFC_PHYS_s17_T3_ctrl,164,228,171.6,-0.34711000323295593,-0.5589041698201804
UBFC_PHYS_s17_T3_ctrl,164,229,171.63333333333333,-0.6536772847175598,-0.1389064305150408
UBFC_PHYS_s17_T3_ctrl,164,230,171.66666666666666,-0.6351474523544312,0.3538621275858411
UBFC_PHYS_s17_T3_ctrl,164,231,171.7,-0.2060469090938568,0.8558786257939208
UBFC_PHYS_s17_T3_ctrl,164,232,171.73333333333332,0.3920343518257141,1.295438688711
UBFC_PHYS_s17_T3_ctrl,164,233,171.76666666666668,0.8494388461112976,1.6080831805069742
UBFC_PHYS_s17_T3_ctrl,164,234,171.8,1.0820273160934448,1.7502541109771674
UBFC_PHYS_s17_T3_ctrl,164,235,171.83333333333334,1.1347254514694214,1.706648601894992
UBFC_PHYS_s17_T3_ctrl,164,236,171.86666666666667,1.0574105978012085,1.4894243564008915
UBFC_PHYS_s17_T3_ctrl,164,237,171.9,0.9642464518547058,1.1308834546970965
UBFC_PHYS_s17_T3_ctrl,164,238,171.93333333333334,0.9557599425315857,0.6737969085890357
UBFC_PHYS_s17_T3_ctrl,164,239,171.96666666666667,0.9883949160575867,0.16390053619998945
UBFC_PHYS_s17_T3_ctrl,165,0,165.0,0.5566489100456238,0.010510699430123805
UBFC_PHYS_s17_T3_ctrl,165,1,165.03333333333333,0.6783862113952637,0.17354762726786246
UBFC_PHYS_s17_T3_ctrl,165,2,165.06666666666666,0.7509720921516418,0.2774731497313399
UBFC_PHYS_s17_T3_ctrl,165,3,165.1,0.7813595533370972,0.2771152233512364
UBFC_PHYS_s17_T3_ctrl,165,4,165.13333333333333,0.7061048746109009,0.15207979158174528
UBFC_PHYS_s17_T3_ctrl,165,5,165.16666666666666,0.5887805223464966,-0.08854015543873436
UBFC_PHYS_s17_T3_ctrl,165,6,165.2,0.5531724095344543,-0.40886988112210154
UBFC_PHYS_s17_T3_ctrl,165,7,165.23333333333332,0.6063739061355591,-0.7551969131657987
UBFC_PHYS_s17_T3_ctrl,165,8,165.26666666666668,0.608398973941803,-1.0680630500454882
UBFC_PHYS_s17_T3_ctrl,165,9,165.3,0.3024755120277405,-1.2939648357188187
UBFC_PHYS_s17_T3_ctrl,165,10,165.33333333333334,-0.506094217300415,-1.3942040930751607
UBFC_PHYS_s17_T3_ctrl,165,11,165.36666666666667,-1.6597423553466797,-1.3501309744998757
UBFC_PHYS_s17_T3_ctrl,165,12,165.4,-2.6813406944274902,-1.16522177400506
UBFC_PHYS_s17_T3_ctrl,165,13,165.43333333333334,-3.249678134918213,-0.8645976410845637
UBFC_PHYS_s17_T3_ctrl,165,14,165.46666666666667,-3.445382595062256,-0.49196333062531306
UBFC_PHYS_s17_T3_ctrl,165,15,165.5,-3.492462158203125,-0.10343883280603514
UBFC_PHYS_s17_T3_ctrl,165,16,165.53333333333333,-3.5283279418945312,0.24185446896290966
UBFC_PHYS_s17_T3_ctrl,165,17,165.56666666666666,-3.5770111083984375,0.4934138540237947
UBFC_PHYS_s17_T3_ctrl,165,18,165.6,-3.4540798664093018,0.6208042264208711
UBFC_PHYS_s17_T3_ctrl,165,19,165.63333333333333,-2.860996723175049,0.6216546848265189
UBFC_PHYS_s17_T3_ctrl,165,20,165.66666666666666,-1.765080213546753,0.5230038697077137
UBFC_PHYS_s17_T3_ctrl,165,21,165.7,-0.4454713761806488,0.37433007574038346
UBFC_PHYS_s17_T3_ctrl,165,22,165.73333333333332,0.8601727485656738,0.2334326819145863
UBFC_PHYS_s17_T3_ctrl,165,23,165.76666666666668,2.0518639087677,0.14930742322224647
UBFC_PHYS_s17_T3_ctrl,165,24,165.8,2.9808831214904785,0.14779966974500539
UBFC_PHYS_s17_T3_ctrl,165,25,165.83333333333334,3.503978967666626,0.22514913766013875
UBFC_PHYS_s17_T3_ctrl,165,26,165.86666666666667,3.658292770385742,0.3516042604846842
UBFC_PHYS_s17_T3_ctrl,165,27,165.9,3.60518479347229,0.48340652716946797
UBFC_PHYS_s17_T3_ctrl,165,28,165.93333333333334,3.4358997344970703,0.5783904475912172
UBFC_PHYS_s17_T3_ctrl,165,29,165.96666666666667,3.1541597843170166,0.6094668588400586
UBFC_PHYS_s17_T3_ctrl,165,30,166.0,2.8188555240631104,0.5716320018471065
UBFC_PHYS_s17_T3_ctrl,165,31,166.03333333333333,2.5389065742492676,0.4809869305952862
UBFC_PHYS_s17_T3_ctrl,165,32,166.06666666666666,2.281795024871826,0.3671786192787856
UBFC_PHYS_s17_T3_ctrl,165,33,166.1,1.9071252346038818,0.2625596442289725
UBFC_PHYS_s17_T3_ctrl,165,34,166.13333333333333,1.3975492715835571,0.19175084180500995
UBFC_PHYS_s17_T3_ctrl,165,35,166.16666666666666,0.8903729915618896,0.16456434914853668
UBFC_PHYS_s17_T3_ctrl,165,36,166.2,0.46794459223747253,0.17402153681557828
UBFC_PHYS_s17_T3_ctrl,165,37,166.23333333333332,0.09682142734527588,0.19973859044209466
UBFC_PHYS_s17_T3_ctrl,165,38,166.26666666666668,-0.19430628418922424,0.21538659636719787
UBFC_PHYS_s17_T3_ctrl,165,39,166.3,-0.2532786428928375,0.19761326982602223
UBFC_PHYS_s17_T3_ctrl,165,40,166.33333333333334,-0.038166504353284836,0.13326256103522072
UBFC_PHYS_s17_T3_ctrl,165,41,166.36666666666667,0.21553869545459747,0.022475110933602556
UBFC_PHYS_s17_T3_ctrl,165,42,166.4,0.19315776228904724,-0.1228013029502746
UBFC_PHYS_s17_T3_ctrl,165,43,166.43333333333334,-0.173283189535141,-0.28339201486688176
UBFC_PHYS_s17_T3_ctrl,165,44,166.46666666666667,-0.7089858055114746,-0.4382583744562117
UBFC_PHYS_s17_T3_ctrl,165,45,166.5,-1.2077809572219849,-0.5688165195035559
UBFC_PHYS_s17_T3_ctrl,165,46,166.53333333333333,-1.4976444244384766,-0.6615102503123258
UBFC_PHYS_s17_T3_ctrl,165,47,166.56666666666666,-1.4945191144943237,-0.7088333499289327
UBFC_PHYS_s17_T3_ctrl,165,48,166.6,-1.2843700647354126,-0.7091992071477617
UBFC_PHYS_s17_T3_ctrl,165,49,166.63333333333333,-1.0700773000717163,-0.6659368404585301
UBFC_PHYS_s17_T3_ctrl,165,50,166.66666666666666,-0.9619652628898621,-0.5857599997293259
UBFC_PHYS_s17_T3_ctrl,165,51,166.7,-0.910308837890625,-0.4772090915976397
UBFC_PHYS_s17_T3_ctrl,165,52,166.73333333333332,-0.8630419969558716,-0.34950744247498716
UBFC_PHYS_s17_T3_ctrl,165,53,166.76666666666668,-0.8675486445426941,-0.21202018732275643
UBFC_PHYS_s17_T3_ctrl,165,54,166.8,-0.9453200101852417,-0.07422942805798166
UBFC_PHYS_s17_T3_ctrl,165,55,166.83333333333334,-1.0251749753952026,0.05404276006896058
UBFC_PHYS_s17_T3_ctrl,165,56,166.86666666666667,-1.070299744606018,0.16250249512331158
UBFC_PHYS_s17_T3_ctrl,165,57,166.9,-1.1346683502197266,0.24071248444754692
UBFC_PHYS_s17_T3_ctrl,165,58,166.93333333333334,-1.2841944694519043,0.27924786845640925
UBFC_PHYS_s17_T3_ctrl,165,59,166.96666666666667,-1.4767969846725464,0.2718458552219968
UBFC_PHYS_s17_T3_ctrl,165,60,167.0,-1.509256362915039,0.21819159610709687
UBFC_PHYS_s17_T3_ctrl,165,61,167.03333333333333,-1.1602799892425537,0.1262729461007931
UBFC_PHYS_s17_T3_ctrl,165,62,167.06666666666666,-0.5109168887138367,0.012773681163795549
UBFC_PHYS_s17_T3_ctrl,165,63,167.1,0.12387285381555557,-0.09961848530111163
UBFC_PHYS_s17_T3_ctrl,165,64,167.13333333333333,0.5024524331092834,-0.1877049979604608
UBFC_PHYS_s17_T3_ctrl,165,65,167.16666666666666,0.6163470149040222,-0.23425674789105022
UBFC_PHYS_s17_T3_ctrl,165,66,167.2,0.5841100215911865,-0.23300773594924445
UBFC_PHYS_s17_T3_ctrl,165,67,167.23333333333332,0.5436207056045532,-0.19005713568492055
UBFC_PHYS_s17_T3_ctrl,165,68,167.26666666666668,0.6172015070915222,-0.12073557682674967
UBFC_PHYS_s17_T3_ctrl,165,69,167.3,0.8124728202819824,-0.042841090058003996
UBFC_PHYS_s17_T3_ctrl,165,70,167.33333333333334,0.9990001320838928,0.030867806528021145
UBFC_PHYS_s17_T3_ctrl,165,71,167.36666666666667,1.091707706451416,0.09735154668579213
UBFC_PHYS_s17_T3_ctrl,165,72,167.4,1.1331568956375122,0.1630327427042895
UBFC_PHYS_s17_T3_ctrl,165,73,167.43333333333334,1.1502352952957153,0.23906100447000916
UBFC_PHYS_s17_T3_ctrl,165,74,167.46666666666667,1.0717147588729858,0.334549961031831
UBFC_PHYS_s17_T3_ctrl,165,75,167.5,0.8235345482826233,0.45079884320884206
UBFC_PHYS_s17_T3_ctrl,165,76,167.53333333333333,0.3749326169490814,0.5786905568402325
UBFC_PHYS_s17_T3_ctrl,165,77,167.56666666666666,-0.28031834959983826,0.6999739795286919
UBFC_PHYS_s17_T3_ctrl,165,78,167.6,-1.0689301490783691,0.7917837245544885
UBFC_PHYS_s17_T3_ctrl,165,79,167.63333333333333,-1.7682758569717407,0.8328390714438428
UBFC_PHYS_s17_T3_ctrl,165,80,167.66666666666666,-2.1415293216705322,0.8093486242560958
UBFC_PHYS_s17_T3_ctrl,165,81,167.7,-2.074983596801758,0.7188316012198148
UBFC_PHYS_s17_T3_ctrl,165,82,167.73333333333332,-1.6140440702438354,0.5708180812155784
UBFC_PHYS_s17_T3_ctrl,165,83,167.76666666666668,-1.009513020515442,0.3843562480542105
UBFC_PHYS_s17_T3_ctrl,165,84,167.8,-0.5771934986114502,0.18309209170554122
UBFC_PHYS_s17_T3_ctrl,165,85,167.83333333333334,-0.36381375789642334,-0.01063852456775386
UBFC_PHYS_s17_T3_ctrl,165,86,167.86666666666667,-0.23476052284240723,-0.18083066545659277
UBFC_PHYS_s17_T3_ctrl,165,87,167.9,-0.15435537695884705,-0.3202995539245912
UBFC_PHYS_s17_T3_ctrl,165,88,167.93333333333334,-0.12299632281064987,-0.43005929434454937
UBFC_PHYS_s17_T3_ctrl,165,89,167.96666666666667,-0.041081175208091736,-0.5162801420598568
UBFC_PHYS_s17_T3_ctrl,165,90,168.0,0.1366552710533142,-0.5862363967779446
UBFC_PHYS_s17_T3_ctrl,165,91,168.03333333333333,0.298589289188385,-0.6446975193694219
UBFC_PHYS_s17_T3_ctrl,165,92,168.06666666666666,0.37804627418518066,-0.6918356955077912
UBFC_PHYS_s17_T3_ctrl,165,93,168.1,0.4279117286205292,-0.7232415185462863
UBFC_PHYS_s17_T3_ctrl,165,94,168.13333333333333,0.44621914625167847,-0.7321627039626686
UBFC_PHYS_s17_T3_ctrl,165,95,168.16666666666666,0.3630398213863373,-0.7133667340678101
UBFC_PHYS_s17_T3_ctrl,165,96,168.2,0.20773111283779144,-0.6670646084639289
UBFC_PHYS_s17_T3_ctrl,165,97,168.23333333333332,0.08258752524852753,-0.6008185266174237
UBFC_PHYS_s17_T3_ctrl,165,98,168.26666666666668,-0.019566450268030167,-0.5279633254289217
UBFC_PHYS_s17_T3_ctrl,165,99,168.3,-0.19744336605072021,-0.46266684115161766
UBFC_PHYS_s17_T3_ctrl,165,100,168.33333333333334,-0.45505818724632263,-0.41356986806017415
UBFC_PHYS_s17_T3_ctrl,165,101,168.36666666666667,-0.6607123017311096,-0.37897679192266726
UBFC_PHYS_s17_T3_ctrl,165,102,168.4,-0.6571186780929565,-0.34614037137583087
UBFC_PHYS_s17_T3_ctrl,165,103,168.43333333333334,-0.4137962758541107,-0.2954413771009211
UBFC_PHYS_s17_T3_ctrl,165,104,168.46666666666667,-0.08938980847597122,-0.20802179208540386
UBFC_PHYS_s17_T3_ctrl,165,105,168.5,0.11400511115789413,-0.07382569197165158
UBFC_PHYS_s17_T3_ctrl,165,106,168.53333333333333,0.1367606222629547,0.1031790792728335
UBFC_PHYS_s17_T3_ctrl,165,107,168.56666666666666,0.025839218869805336,0.30470545950417266
UBFC_PHYS_s17_T3_ctrl,165,108,168.6,-0.21363207697868347,0.5030466343261335
UBFC_PHYS_s17_T3_ctrl,165,109,168.63333333333333,-0.5312727689743042,0.6693811570160126
UBFC_PHYS_s17_T3_ctrl,165,110,168.66666666666666,-0.7976199388504028,0.7821243809944538
UBFC_PHYS_s17_T3_ctrl,165,111,168.7,-0.9815953969955444,0.8320061530504163
UBFC_PHYS_s17_T3_ctrl,165,112,168.73333333333332,-1.1758015155792236,0.8224945915484402
UBFC_PHYS_s17_T3_ctrl,165,113,168.76666666666668,-1.3875658512115479,0.7665008990475944
UBFC_PHYS_s17_T3_ctrl,165,114,168.8,-1.5054988861083984,0.6813949358847522
UBFC_PHYS_s17_T3_ctrl,165,115,168.83333333333334,-1.470159888267517,0.5843074253193695
UBFC_PHYS_s17_T3_ctrl,165,116,168.86666666666667,-1.3227289915084839,0.4891634474546507
UBFC_PHYS_s17_T3_ctrl,165,117,168.9,-1.1537717580795288,0.40589610707119317
UBFC_PHYS_s17_T3_ctrl,165,118,168.93333333333334,-1.0411179065704346,0.3409570990167838
UBFC_PHYS_s17_T3_ctrl,165,119,168.96666666666667,-1.0216867923736572,0.29758385993431374
UBFC_PHYS_s17_T3_ctrl,165,120,169.0,-1.119638442993164,0.2749866965230851
UBFC_PHYS_s17_T3_ctrl,165,121,169.03333333333333,-1.3038363456726074,0.2669342854574113
UBFC_PHYS_s17_T3_ctrl,165,122,169.06666666666666,-1.384358525276184,0.2610106448880644
UBFC_PHYS_s17_T3_ctrl,165,123,169.1,-1.1781425476074219,0.2397664844173063
UBFC_PHYS_s17_T3_ctrl,165,124,169.13333333333333,-0.7486089468002319,0.18429072312085057
UBFC_PHYS_s17_T3_ctrl,165,125,169.16666666666666,-0.3260049521923065,0.0796355645091867
UBFC_PHYS_s17_T3_ctrl,165,126,169.2,-0.04019155725836754,-0.07956281290191812
UBFC_PHYS_s17_T3_ctrl,165,127,169.23333333333332,0.11119578778743744,-0.28541855251297715
UBFC_PHYS_s17_T3_ctrl,165,128,169.26666666666668,0.12400161474943161,-0.5167248323314938
UBFC_PHYS_s17_T3_ctrl,165,129,169.3,0.015854420140385628,-0.7427507241451945
UBFC_PHYS_s17_T3_ctrl,165,130,169.33333333333334,-0.08440326154232025,-0.9296198138743529
UBFC_PHYS_s17_T3_ctrl,165,131,169.36666666666667,-0.05742206424474716,-1.0471819467128671
UBFC_PHYS_s17_T3_ctrl,165,132,169.4,0.05332375317811966,-1.07469088771792
UBFC_PHYS_s17_T3_ctrl,165,133,169.43333333333334,0.11507031321525574,-1.0045301728190839
UBFC_PHYS_s17_T3_ctrl,165,134,169.46666666666667,0.07240373641252518,-0.8437896212877742
UBFC_PHYS_s17_T3_ctrl,165,135,169.5,-0.05859261751174927,-0.6135203819593944
UBFC_PHYS_s17_T3_ctrl,165,136,169.53333333333333,-0.2635560631752014,-0.3453700250190547
UBFC_PHYS_s17_T3_ctrl,165,137,169.56666666666666,-0.4743371605873108,-0.07553170247480245
UBFC_PHYS_s17_T3_ctrl,165,138,169.6,-0.5736467242240906,0.16318264820063524
UBFC_PHYS_s17_T3_ctrl,165,139,169.63333333333333,-0.5783640146255493,0.3490289736853589
UBFC_PHYS_s17_T3_ctrl,165,140,169.66666666666666,-0.6939091086387634,0.47574218724675377
UBFC_PHYS_s17_T3_ctrl,165,141,169.7,-1.0199426412582397,0.5513489818578587
UBFC_PHYS_s17_T3_ctrl,165,142,169.73333333333332,-1.302384853363037,0.591673556592156
UBFC_PHYS_s17_T3_ctrl,165,143,169.76666666666668,-1.1857980489730835,0.6115643428788922
UBFC_PHYS_s17_T3_ctrl,165,144,169.8,-0.6671620011329651,0.6177687077648188
UBFC_PHYS_s17_T3_ctrl,165,145,169.83333333333334,-0.03576687350869179,0.6062491848830015
UBFC_PHYS_s17_T3_ctrl,165,146,169.86666666666667,0.4825998842716217,0.5645402882540395
UBFC_PHYS_s17_T3_ctrl,165,147,169.9,0.777637243270874,0.47763531333127873
UBFC_PHYS_s17_T3_ctrl,165,148,169.93333333333334,0.8103073239326477,0.3347493580194695
UBFC_PHYS_s17_T3_ctrl,165,149,169.96666666666667,0.6959795951843262,0.13444112647778544
UBFC_PHYS_s17_T3_ctrl,165,150,170.0,0.6365390419960022,-0.11327858713902278
UBFC_PHYS_s17_T3_ctrl,165,151,170.03333333333333,0.6960030198097229,-0.38777365913599804
UBFC_PHYS_s17_T3_ctrl,165,152,170.06666666666666,0.7931587100028992,-0.6604688375519985
UBFC_PHYS_s17_T3_ctrl,165,153,170.1,0.8657094836235046,-0.8982147141700716
UBFC_PHYS_s17_T3_ctrl,165,154,170.13333333333333,0.860465407371521,-1.0668155366229297
UBFC_PHYS_s17_T3_ctrl,165,155,170.16666666666666,0.7194140553474426,-1.1349068083482408
UBFC_PHYS_s17_T3_ctrl,165,156,170.2,0.45337122678756714,-1.0784575321303906
UBFC_PHYS_s17_T3_ctrl,165,157,170.23333333333332,0.14836077392101288,-0.8857079225915335
UBFC_PHYS_s17_T3_ctrl,165,158,170.26666666666668,-0.12143949419260025,-0.5617458853419653
UBFC_PHYS_s17_T3_ctrl,165,159,170.3,-0.37436041235923767,-0.1314308734686675
UBFC_PHYS_s17_T3_ctrl,165,160,170.33333333333334,-0.6834912300109863,0.36079789011108554
UBFC_PHYS_s17_T3_ctrl,165,161,170.36666666666667,-1.023231863975525,0.8552626424544532
UBFC_PHYS_s17_T3_ctrl,165,162,170.4,-1.1798633337020874,1.2855072855111245
UBFC_PHYS_s17_T3_ctrl,165,163,170.43333333333334,-0.9322918057441711,1.5896064181947596
UBFC_PHYS_s17_T3_ctrl,165,164,170.46666666666667,-0.3491116464138031,1.7221247669477322
UBFC_PHYS_s17_T3_ctrl,165,165,170.5,0.2542956471443176,1.663960218081861
UBFC_PHYS_s17_T3_ctrl,165,166,170.53333333333333,0.6639533042907715,1.4271435410218696
UBFC_PHYS_s17_T3_ctrl,165,167,170.56666666666666,0.8999480605125427,1.0523524375913582
UBFC_PHYS_s17_T3_ctrl,165,168,170.6,0.9740088582038879,0.5988300064772861
UBFC_PHYS_s17_T3_ctrl,165,169,170.63333333333333,0.8833028674125671,0.1294423000643081
UBFC_PHYS_s17_T3_ctrl,165,170,170.66666666666666,0.7682844996452332,-0.3035380739922639
UBFC_PHYS_s17_T3_ctrl,165,171,170.7,0.7889096140861511,-0.6662738485853043
UBFC_PHYS_s17_T3_ctrl,165,172,170.73333333333332,0.8890619874000549,-0.9428968384383579
UBFC_PHYS_s17_T3_ctrl,165,173,170.76666666666668,0.8868613243103027,-1.1292964934022882
UBFC_PHYS_s17_T3_ctrl,165,174,170.8,0.7271396517753601,-1.2256281942485734
UBFC_PHYS_s17_T3_ctrl,165,175,170.83333333333334,0.4803290069103241,-1.231264315276414
UBFC_PHYS_s17_T3_ctrl,165,176,170.86666666666667,0.1945624202489853,-1.1440894688828789
UBFC_PHYS_s17_T3_ctrl,165,177,170.9,-0.12050305306911469,-0.9640405088648542
UBFC_PHYS_s17_T3_ctrl,165,178,170.93333333333334,-0.46823859214782715,-0.6990136200475097
UBFC_PHYS_s17_T3_ctrl,165,179,170.96666666666667,-0.859904944896698,-0.3700651848308212
UBFC_PHYS_s17_T3_ctrl,165,180,171.0,-1.2386834621429443,-0.012668289294878846
UBFC_PHYS_s17_T3_ctrl,165,181,171.03333333333333,-1.372477412223816,0.32779617429966323
UBFC_PHYS_s17_T3_ctrl,165,182,171.06666666666666,-1.0843697786331177,0.6053435916658502
UBFC_PHYS_s17_T3_ctrl,165,183,171.1,-0.5257477760314941,0.7839526881139737
UBFC_PHYS_s17_T3_ctrl,165,184,171.13333333333333,-0.00712349358946085,0.8451849699992812
UBFC_PHYS_s17_T3_ctrl,165,185,171.16666666666666,0.35519713163375854,0.7901554561000343
UBFC_PHYS_s17_T3_ctrl,165,186,171.2,0.6035295128822327,0.6359012378692388
UBFC_PHYS_s17_T3_ctrl,165,187,171.23333333333332,0.7206196784973145,0.408491150476861
UBFC_PHYS_s17_T3_ctrl,165,188,171.26666666666668,0.6989411115646362,0.13587313189289732
UBFC_PHYS_s17_T3_ctrl,165,189,171.3,0.6756237149238586,-0.15721188679804235
UBFC_PHYS_s17_T3_ctrl,165,190,171.33333333333334,0.759680986404419,-0.4510120152932585
UBFC_PHYS_s17_T3_ctrl,165,191,171.36666666666667,0.8866974711418152,-0.7291416817937715
UBFC_PHYS_s17_T3_ctrl,165,192,171.4,0.9397000074386597,-0.9745850541506829
UBFC_PHYS_s17_T3_ctrl,165,193,171.43333333333334,0.8876104950904846,-1.165382212055512
UBFC_PHYS_s17_T3_ctrl,165,194,171.46666666666667,0.7599151134490967,-1.2726476057822793
UBFC_PHYS_s17_T3_ctrl,165,195,171.5,0.5800014138221741,-1.2631358736597804
UBFC_PHYS_s17_T3_ctrl,165,196,171.53333333333333,0.3446504473686218,-1.1068709334126365
UBFC_PHYS_s17_T3_ctrl,165,197,171.56666666666666,0.033026400953531265,-0.7880633312511598
UBFC_PHYS_s17_T3_ctrl,165,198,171.6,-0.34711000323295593,-0.31568680562384055
UBFC_PHYS_s17_T3_ctrl,165,199,171.63333333333333,-0.6536772847175598,0.2706287772993694
UBFC_PHYS_s17_T3_ctrl,165,200,171.66666666666666,-0.6351474523544312,0.902875269749907
UBFC_PHYS_s17_T3_ctrl,165,201,171.7,-0.2060469090938568,1.4959606470412674
UBFC_PHYS_s17_T3_ctrl,165,202,171.73333333333332,0.3920343518257141,1.9651841828426047
UBFC_PHYS_s17_T3_ctrl,165,203,171.76666666666668,0.8494388461112976,2.2444805058423847
UBFC_PHYS_s17_T3_ctrl,165,204,171.8,1.0820273160934448,2.300108489041161
UBFC_PHYS_s17_T3_ctrl,165,205,171.83333333333334,1.1347254514694214,2.1363784772102647
UBFC_PHYS_s17_T3_ctrl,165,206,171.86666666666667,1.0574105978012085,1.7922447270903004
UBFC_PHYS_s17_T3_ctrl,165,207,171.9,0.9642464518547058,1.3298027695036023
UBFC_PHYS_s17_T3_ctrl,165,208,171.93333333333334,0.9557599425315857,0.8179462670060927
UBFC_PHYS_s17_T3_ctrl,165,209,171.96666666666667,0.9883949160575867,0.3160229494830198
UBFC_PHYS_s17_T3_ctrl,165,210,172.0,0.9576796293258667,-0.13755394479416255
UBFC_PHYS_s17_T3_ctrl,165,211,172.03333333333333,0.8304876089096069,-0.528539149823732
UBFC_PHYS_s17_T3_ctrl,165,212,172.06666666666666,0.6220476031303406,-0.861884492200844
UBFC_PHYS_s17_T3_ctrl,165,213,172.1,0.3287777900695801,-1.1514900177185454
UBFC_PHYS_s17_T3_ctrl,165,214,172.13333333333333,-0.031026141718029976,-1.4089552278570718
UBFC_PHYS_s17_T3_ctrl,165,215,172.16666666666666,-0.40273457765579224,-1.635166003769376
UBFC_PHYS_s17_T3_ctrl,165,216,172.2,-0.7552342414855957,-1.816986238227199
UBFC_PHYS_s17_T3_ctrl,165,217,172.23333333333332,-1.1091386079788208,-1.929464837204007
UBFC_PHYS_s17_T3_ctrl,165,218,172.26666666666668,-1.455258846282959,-1.9424694464741943
UBFC_PHYS_s17_T3_ctrl,165,219,172.3,-1.6617323160171509,-1.829782117000363
UBFC_PHYS_s17_T3_ctrl,165,220,172.33333333333334,-1.5551419258117676,-1.5783899193919586
UBFC_PHYS_s17_T3_ctrl,165,221,172.36666666666667,-1.0788213014602661,-1.1957828286787893
UBFC_PHYS_s17_T3_ctrl,165,222,172.4,-0.3496383726596832,-0.713344112300029
UBFC_PHYS_s17_T3_ctrl,165,223,172.43333333333334,0.43189162015914917,-0.18429561450562995
UBFC_PHYS_s17_T3_ctrl,165,224,172.46666666666667,1.1022427082061768,0.3246076772510374
UBFC_PHYS_s17_T3_ctrl,165,225,172.5,1.603999376296997,0.7467215394713185
UBFC_PHYS_s17_T3_ctrl,165,226,172.53333333333333,1.9974565505981445,1.031004534612995
UBFC_PHYS_s17_T3_ctrl,165,227,172.56666666666666,2.3863370418548584,1.154151832249563
UBFC_PHYS_s17_T3_ctrl,165,228,172.6,2.758209228515625,1.124933980820034
UBFC_PHYS_s17_T3_ctrl,165,229,172.63333333333333,2.973543882369995,0.9793319134400992
UBFC_PHYS_s17_T3_ctrl,165,230,172.66666666666666,2.93152117729187,0.7687487050686795
UBFC_PHYS_s17_T3_ctrl,165,231,172.7,2.6745617389678955,0.5459116294658175
UBFC_PHYS_s17_T3_ctrl,165,232,172.73333333333332,2.283796787261963,0.352967309700996
UBFC_PHYS_s17_T3_ctrl,165,233,172.76666666666668,1.7929613590240479,0.21456752460191508
UBFC_PHYS_s17_T3_ctrl,165,234,172.8,1.2607001066207886,0.13683974374500002
UBFC_PHYS_s17_T3_ctrl,165,235,172.83333333333334,0.7477413415908813,0.11148512216654624
UBFC_PHYS_s17_T3_ctrl,165,236,172.86666666666667,0.19556909799575806,0.12288351580027729
UBFC_PHYS_s17_T3_ctrl,165,237,172.9,-0.516406774520874,0.15536291829923754
UBFC_PHYS_s17_T3_ctrl,165,238,172.93333333333334,-1.3546382188796997,0.19806135440910477
UBFC_PHYS_s17_T3_ctrl,165,239,172.96666666666667,-2.019768714904785,0.2460305922064272
UBFC_PHYS_s17_T3_ctrl,166,0,166.0,2.8188555240631104,0.028521457342896753
UBFC_PHYS_s17_T3_ctrl,166,1,166.03333333333333,2.5389065742492676,0.3539151620101573
UBFC_PHYS_s17_T3_ctrl,166,2,166.06666666666666,2.281795024871826,0.6348664409216691
UBFC_PHYS_s17_T3_ctrl,166,3,166.1,1.9071252346038818,0.8357372537235758
UBFC_PHYS_s17_T3_ctrl,166,4,166.13333333333333,1.3975492715835571,0.9359401359289906
UBFC_PHYS_s17_T3_ctrl,166,5,166.16666666666666,0.8903729915618896,0.9322481687155592
UBFC_PHYS_s17_T3_ctrl,166,6,166.2,0.46794459223747253,0.8366901286119146
UBFC_PHYS_s17_T3_ctrl,166,7,166.23333333333332,0.09682142734527588,0.6716633834693329
UBFC_PHYS_s17_T3_ctrl,166,8,166.26666666666668,-0.19430628418922424,0.4642967248989461
UBFC_PHYS_s17_T3_ctrl,166,9,166.3,-0.2532786428928375,0.24139757224856737
UBFC_PHYS_s17_T3_ctrl,166,10,166.33333333333334,-0.038166504353284836,0.025701587995951992
UBFC_PHYS_s17_T3_ctrl,166,11,166.36666666666667,0.21553869545459747,-0.16619628292667812
UBFC_PHYS_s17_T3_ctrl,166,12,166.4,0.19315776228904724,-0.324188505826869
UBFC_PHYS_s17_T3_ctrl,166,13,166.43333333333334,-0.173283189535141,-0.4435880954920793
UBFC_PHYS_s17_T3_ctrl,166,14,166.46666666666667,-0.7089858055114746,-0.5232130366705775
UBFC_PHYS_s17_T3_ctrl,166,15,166.5,-1.2077809572219849,-0.5633346030818606
UBFC_PHYS_s17_T3_ctrl,166,16,166.53333333333333,-1.4976444244384766,-0.5642237437590631
UBFC_PHYS_s17_T3_ctrl,166,17,166.56666666666666,-1.4945191144943237,-0.5258263617552834
UBFC_PHYS_s17_T3_ctrl,166,18,166.6,-1.2843700647354126,-0.4486506008598685
UBFC_PHYS_s17_T3_ctrl,166,19,166.63333333333333,-1.0700773000717163,-0.33546165864941513
UBFC_PHYS_s17_T3_ctrl,166,20,166.66666666666666,-0.9619652628898621,-0.1930838713500075
UBFC_PHYS_s17_T3_ctrl,166,21,166.7,-0.910308837890625,-0.03355826298548385
UBFC_PHYS_s17_T3_ctrl,166,22,166.73333333333332,-0.8630419969558716,0.12595655707430917
UBFC_PHYS_s17_T3_ctrl,166,23,166.76666666666668,-0.8675486445426941,0.26487829779505206
UBFC_PHYS_s17_T3_ctrl,166,24,166.8,-0.9453200101852417,0.36243246951732083
UBFC_PHYS_s17_T3_ctrl,166,25,166.83333333333334,-1.0251749753952026,0.401808049028442
UBFC_PHYS_s17_T3_ctrl,166,26,166.86666666666667,-1.070299744606018,0.37405042622416323
UBFC_PHYS_s17_T3_ctrl,166,27,166.9,-1.1346683502197266,0.28039414294777454
UBFC_PHYS_s17_T3_ctrl,166,28,166.93333333333334,-1.2841944694519043,0.13234163967765927
UBFC_PHYS_s17_T3_ctrl,166,29,166.96666666666667,-1.4767969846725464,-0.05036348909275752
UBFC_PHYS_s17_T3_ctrl,166,30,167.0,-1.509256362915039,-0.24320989695140394
UBFC_PHYS_s17_T3_ctrl,166,31,167.03333333333333,-1.1602799892425537,-0.4210123101332129
UBFC_PHYS_s17_T3_ctrl,166,32,167.06666666666666,-0.5109168887138367,-0.561773950491263
UBFC_PHYS_s17_T3_ctrl,166,33,167.1,0.12387285381555557,-0.6495898978938044
UBFC_PHYS_s17_T3_ctrl,166,34,167.13333333333333,0.5024524331092834,-0.6761831888007421
UBFC_PHYS_s17_T3_ctrl,166,35,167.16666666666666,0.6163470149040222,-0.6410516005882683
UBFC_PHYS_s17_T3_ctrl,166,36,167.2,0.5841100215911865,-0.5504647792041424
UBFC_PHYS_s17_T3_ctrl,166,37,167.23333333333332,0.5436207056045532,-0.41557013012434296
UBFC_PHYS_s17_T3_ctrl,166,38,167.26666666666668,0.6172015070915222,-0.2497700432566938
UBFC_PHYS_s17_T3_ctrl,166,39,167.3,0.8124728202819824,-0.06576697075982225
UBFC_PHYS_s17_T3_ctrl,166,40,167.33333333333334,0.9990001320838928,0.12669352500650424
UBFC_PHYS_s17_T3_ctrl,166,41,167.36666666666667,1.091707706451416,0.32114797707040166
UBFC_PHYS_s17_T3_ctrl,166,42,167.4,1.1331568956375122,0.5124559046762197
UBFC_PHYS_s17_T3_ctrl,166,43,167.43333333333334,1.1502352952957153,0.693619184592041
UBFC_PHYS_s17_T3_ctrl,166,44,167.46666666666667,1.0717147588729858,0.8533394890254111
UBFC_PHYS_s17_T3_ctrl,166,45,167.5,0.8235345482826233,0.9760098553638921
UBFC_PHYS_s17_T3_ctrl,166,46,167.53333333333333,0.3749326169490814,1.0445144223629566
UBFC_PHYS_s17_T3_ctrl,166,47,167.56666666666666,-0.28031834959983826,1.0447419904611803
UBFC_PHYS_s17_T3_ctrl,166,48,167.6,-1.0689301490783691,0.9700143412268893
UBFC_PHYS_s17_T3_ctrl,166,49,167.63333333333333,-1.7682758569717407,0.823802159674442
UBFC_PHYS_s17_T3_ctrl,166,50,167.66666666666666,-2.1415293216705322,0.619818942103182
UBFC_PHYS_s17_T3_ctrl,166,51,167.7,-2.074983596801758,0.3795607361200304
UBFC_PHYS_s17_T3_ctrl,166,52,167.73333333333332,-1.6140440702438354,0.128269695978649
UBFC_PHYS_s17_T3_ctrl,166,53,167.76666666666668,-1.009513020515442,-0.10932264804344623
UBFC_PHYS_s17_T3_ctrl,166,54,167.8,-0.5771934986114502,-0.312462917825733
UBFC_PHYS_s17_T3_ctrl,166,55,167.83333333333334,-0.36381375789642334,-0.4667092412130531
UBFC_PHYS_s17_T3_ctrl,166,56,167.86666666666667,-0.23476052284240723,-0.5652306989841014
UBFC_PHYS_s17_T3_ctrl,166,57,167.9,-0.15435537695884705,-0.6092288767606447
UBFC_PHYS_s17_T3_ctrl,166,58,167.93333333333334,-0.12299632281064987,-0.6074186205424851
UBFC_PHYS_s17_T3_ctrl,166,59,167.96666666666667,-0.041081175208091736,-0.5742179644355104
UBFC_PHYS_s17_T3_ctrl,166,60,168.0,0.1366552710533142,-0.5262823949475992
UBFC_PHYS_s17_T3_ctrl,166,61,168.03333333333333,0.298589289188385,-0.47772886993244584
UBFC_PHYS_s17_T3_ctrl,166,62,168.06666666666666,0.37804627418518066,-0.43567827046354884
UBFC_PHYS_s17_T3_ctrl,166,63,168.1,0.4279117286205292,-0.39837239616178605
UBFC_PHYS_s17_T3_ctrl,166,64,168.13333333333333,0.44621914625167847,-0.35716149339132547
UBFC_PHYS_s17_T3_ctrl,166,65,168.16666666666666,0.3630398213863373,-0.3017681258084278
UBFC_PHYS_s17_T3_ctrl,166,66,168.2,0.20773111283779144,-0.22667303006501308
UBFC_PHYS_s17_T3_ctrl,166,67,168.23333333333332,0.08258752524852753,-0.135896753807915
UBFC_PHYS_s17_T3_ctrl,166,68,168.26666666666668,-0.019566450268030167,-0.04397453068643668
UBFC_PHYS_s17_T3_ctrl,166,69,168.3,-0.19744336605072021,0.027672314299344608
UBFC_PHYS_s17_T3_ctrl,166,70,168.33333333333334,-0.45505818724632263,0.057940189612680076
UBFC_PHYS_s17_T3_ctrl,166,71,168.36666666666667,-0.6607123017311096,0.03416094006283622
UBFC_PHYS_s17_T3_ctrl,166,72,168.4,-0.6571186780929565,-0.042256177733298955
UBFC_PHYS_s17_T3_ctrl,166,73,168.43333333333334,-0.4137962758541107,-0.1551811333866656
UBFC_PHYS_s17_T3_ctrl,166,74,168.46666666666667,-0.08938980847597122,-0.2782910682542197
UBFC_PHYS_s17_T3_ctrl,166,75,168.5,0.11400511115789413,-0.38255611581058896
UBFC_PHYS_s17_T3_ctrl,166,76,168.53333333333333,0.1367606222629547,-0.4435246159691532
UBFC_PHYS_s17_T3_ctrl,166,77,168.56666666666666,0.025839218869805336,-0.4459341952368683
UBFC_PHYS_s17_T3_ctrl,166,78,168.6,-0.21363207697868347,-0.3847944328315138
UBFC_PHYS_s17_T3_ctrl,166,79,168.63333333333333,-0.5312727689743042,-0.2637492336257662
UBFC_PHYS_s17_T3_ctrl,166,80,168.66666666666666,-0.7976199388504028,-0.09246985324592305
UBFC_PHYS_s17_T3_ctrl,166,81,168.7,-0.9815953969955444,0.11533528687370585
UBFC_PHYS_s17_T3_ctrl,166,82,168.73333333333332,-1.1758015155792236,0.3427808578656307
UBFC_PHYS_s17_T3_ctrl,166,83,168.76666666666668,-1.3875658512115479,0.5701930974142989
UBFC_PHYS_s17_T3_ctrl,166,84,168.8,-1.5054988861083984,0.7761490927343148
UBFC_PHYS_s17_T3_ctrl,166,85,168.83333333333334,-1.470159888267517,0.9398467425876516
UBFC_PHYS_s17_T3_ctrl,166,86,168.86666666666667,-1.3227289915084839,1.0444914664712104
UBFC_PHYS_s17_T3_ctrl,166,87,168.9,-1.1537717580795288,1.0805078372360075
UBFC_PHYS_s17_T3_ctrl,166,88,168.93333333333334,-1.0411179065704346,1.0471912866620674
UBFC_PHYS_s17_T3_ctrl,166,89,168.96666666666667,-1.0216867923736572,0.9520066234574085
UBFC_PHYS_s17_T3_ctrl,166,90,169.0,-1.119638442993164,0.8077736502430473
UBFC_PHYS_s17_T3_ctrl,166,91,169.03333333333333,-1.3038363456726074,0.6288443662877203
UBFC_PHYS_s17_T3_ctrl,166,92,169.06666666666666,-1.384358525276184,0.427627293524693
UBFC_PHYS_s17_T3_ctrl,166,93,169.1,-1.1781425476074219,0.21254216033949228
UBFC_PHYS_s17_T3_ctrl,166,94,169.13333333333333,-0.7486089468002319,-0.012021282385189099
UBFC_PHYS_s17_T3_ctrl,166,95,169.16666666666666,-0.3260049521923065,-0.24381120646223323
UBFC_PHYS_s17_T3_ctrl,166,96,169.2,-0.04019155725836754,-0.47964360238982323
UBFC_PHYS_s17_T3_ctrl,166,97,169.23333333333332,0.11119578778743744,-0.7123459330521689
UBFC_PHYS_s17_T3_ctrl,166,98,169.26666666666668,0.12400161474943161,-0.9288633347860304
UBFC_PHYS_s17_T3_ctrl,166,99,169.3,0.015854420140385628,-1.1102238706730687
UBFC_PHYS_s17_T3_ctrl,166,100,169.33333333333334,-0.08440326154232025,-1.2334608229532957
UBFC_PHYS_s17_T3_ctrl,166,101,169.36666666666667,-0.05742206424474716,-1.275136941320903
UBFC_PHYS_s17_T3_ctrl,166,102,169.4,0.05332375317811966,-1.2159360872604439
UBFC_PHYS_s17_T3_ctrl,166,103,169.43333333333334,0.11507031321525574,-1.0457261532829005
UBFC_PHYS_s17_T3_ctrl,166,104,169.46666666666667,0.07240373641252518,-0.7683036761181511
UBFC_PHYS_s17_T3_ctrl,166,105,169.5,-0.05859261751174927,-0.4045851597914158
UBFC_PHYS_s17_T3_ctrl,166,106,169.53333333333333,-0.2635560631752014,0.007428699047305905
UBFC_PHYS_s17_T3_ctrl,166,107,169.56666666666666,-0.4743371605873108,0.4173155634686216
UBFC_PHYS_s17_T3_ctrl,166,108,169.6,-0.5736467242240906,0.771475449931925
UBFC_PHYS_s17_T3_ctrl,166,109,169.63333333333333,-0.5783640146255493,1.0247311761341993
UBFC_PHYS_s17_T3_ctrl,166,110,169.66666666666666,-0.6939091086387634,1.1503306943627367
UBFC_PHYS_s17_T3_ctrl,166,111,169.7,-1.0199426412582397,1.1445817824261477
UBFC_PHYS_s17_T3_ctrl,166,112,169.73333333333332,-1.302384853363037,1.0247958454947852
UBFC_PHYS_s17_T3_ctrl,166,113,169.76666666666668,-1.1857980489730835,0.8221313605968064
UBFC_PHYS_s17_T3_ctrl,166,114,169.8,-0.6671620011329651,0.5723589850756537
UBFC_PHYS_s17_T3_ctrl,166,115,169.83333333333334,-0.03576687350869179,0.3074256762467189
UBFC_PHYS_s17_T3_ctrl,166,116,169.86666666666667,0.4825998842716217,0.04982597428492118
UBFC_PHYS_s17_T3_ctrl,166,117,169.9,0.777637243270874,-0.18924256033551193
UBFC_PHYS_s17_T3_ctrl,166,118,169.93333333333334,0.8103073239326477,-0.40793420538861164
UBFC_PHYS_s17_T3_ctrl,166,119,169.96666666666667,0.6959795951843262,-0.6088892103229586
UBFC_PHYS_s17_T3_ctrl,166,120,170.0,0.6365390419960022,-0.7930686540958422
UBFC_PHYS_s17_T3_ctrl,166,121,170.03333333333333,0.6960030198097229,-0.954359287283141
UBFC_PHYS_s17_T3_ctrl,166,122,170.06666666666666,0.7931587100028992,-1.0769349392297798
UBFC_PHYS_s17_T3_ctrl,166,123,170.1,0.8657094836235046,-1.1366552885558223
UBFC_PHYS_s17_T3_ctrl,166,124,170.13333333333333,0.860465407371521,-1.106558725130286
UBFC_PHYS_s17_T3_ctrl,166,125,170.16666666666666,0.7194140553474426,-0.9650993095995629
UBFC_PHYS_s17_T3_ctrl,166,126,170.2,0.45337122678756714,-0.7046510763531286
UBFC_PHYS_s17_T3_ctrl,166,127,170.23333333333332,0.14836077392101288,-0.33739313350103106
UBFC_PHYS_s17_T3_ctrl,166,128,170.26666666666668,-0.12143949419260025,0.1037191878510205
UBFC_PHYS_s17_T3_ctrl,166,129,170.3,-0.37436041235923767,0.5695988206038711
UBFC_PHYS_s17_T3_ctrl,166,130,170.33333333333334,-0.6834912300109863,1.0039122264894482
UBFC_PHYS_s17_T3_ctrl,166,131,170.36666666666667,-1.023231863975525,1.3533783749307633
UBFC_PHYS_s17_T3_ctrl,166,132,170.4,-1.1798633337020874,1.5766395754285103
UBFC_PHYS_s17_T3_ctrl,166,133,170.43333333333334,-0.9322918057441711,1.6500031403579447
UBFC_PHYS_s17_T3_ctrl,166,134,170.46666666666667,-0.3491116464138031,1.5697347925319867
UBFC_PHYS_s17_T3_ctrl,166,135,170.5,0.2542956471443176,1.3513238350390553
UBFC_PHYS_s17_T3_ctrl,166,136,170.53333333333333,0.6639533042907715,1.0260153076525174
UBFC_PHYS_s17_T3_ctrl,166,137,170.56666666666666,0.8999480605125427,0.6347013925306254
UBFC_PHYS_s17_T3_ctrl,166,138,170.6,0.9740088582038879,0.2198362077474672
UBFC_PHYS_s17_T3_ctrl,166,139,170.63333333333333,0.8833028674125671,-0.18266070770784398
UBFC_PHYS_s17_T3_ctrl,166,140,170.66666666666666,0.7682844996452332,-0.5484874139427577
UBFC_PHYS_s17_T3_ctrl,166,141,170.7,0.7889096140861511,-0.8646897511239167
UBFC_PHYS_s17_T3_ctrl,166,142,170.73333333333332,0.8890619874000549,-1.1244673668357288
UBFC_PHYS_s17_T3_ctrl,166,143,170.76666666666668,0.8868613243103027,-1.3202318479400044
UBFC_PHYS_s17_T3_ctrl,166,144,170.8,0.7271396517753601,-1.4386901851754894
UBFC_PHYS_s17_T3_ctrl,166,145,170.83333333333334,0.4803290069103241,-1.4604473989591606
UBFC_PHYS_s17_T3_ctrl,166,146,170.86666666666667,0.1945624202489853,-1.3647520985086745
UBFC_PHYS_s17_T3_ctrl,166,147,170.9,-0.12050305306911469,-1.1381266450569463
UBFC_PHYS_s17_T3_ctrl,166,148,170.93333333333334,-0.46823859214782715,-0.7839725182664788
UBFC_PHYS_s17_T3_ctrl,166,149,170.96666666666667,-0.859904944896698,-0.3292820663280081
UBFC_PHYS_s17_T3_ctrl,166,150,171.0,-1.2386834621429443,0.175117910449779
UBFC_PHYS_s17_T3_ctrl,166,151,171.03333333333333,-1.372477412223816,0.6624093666318535
UBFC_PHYS_s17_T3_ctrl,166,152,171.06666666666666,-1.0843697786331177,1.0640821961029083
UBFC_PHYS_s17_T3_ctrl,166,153,171.1,-0.5257477760314941,1.326057999374025
UBFC_PHYS_s17_T3_ctrl,166,154,171.13333333333333,-0.00712349358946085,1.4209192843825
UBFC_PHYS_s17_T3_ctrl,166,155,171.16666666666666,0.35519713163375854,1.351983623156237
UBFC_PHYS_s17_T3_ctrl,166,156,171.2,0.6035295128822327,1.148327436792306
UBFC_PHYS_s17_T3_ctrl,166,157,171.23333333333332,0.7206196784973145,0.8533633721383526
UBFC_PHYS_s17_T3_ctrl,166,158,171.26666666666668,0.6989411115646362,0.5115462575116403
UBFC_PHYS_s17_T3_ctrl,166,159,171.3,0.6756237149238586,0.15783812959538016
UBFC_PHYS_s17_T3_ctrl,166,160,171.33333333333334,0.759680986404419,-0.18687051069523575
UBFC_PHYS_s17_T3_ctrl,166,161,171.36666666666667,0.8866974711418152,-0.5135409364042769
UBFC_PHYS_s17_T3_ctrl,166,162,171.4,0.9397000074386597,-0.8176809209075521
UBFC_PHYS_s17_T3_ctrl,166,163,171.43333333333334,0.8876104950904846,-1.0905047630190503
UBFC_PHYS_s17_T3_ctrl,166,164,171.46666666666667,0.7599151134490967,-1.3125566230981114
UBFC_PHYS_s17_T3_ctrl,166,165,171.5,0.5800014138221741,-1.4528162293705318
UBFC_PHYS_s17_T3_ctrl,166,166,171.53333333333333,0.3446504473686218,-1.4743242087694721
UBFC_PHYS_s17_T3_ctrl,166,167,171.56666666666666,0.033026400953531265,-1.345005147592973
UBFC_PHYS_s17_T3_ctrl,166,168,171.6,-0.34711000323295593,-1.0503166437496902
UBFC_PHYS_s17_T3_ctrl,166,169,171.63333333333333,-0.6536772847175598,-0.6032294547111146
UBFC_PHYS_s17_T3_ctrl,166,170,171.66666666666666,-0.6351474523544312,-0.04736622526025392
UBFC_PHYS_s17_T3_ctrl,166,171,171.7,-0.2060469090938568,0.5487749929895163
UBFC_PHYS_s17_T3_ctrl,166,172,171.73333333333332,0.3920343518257141,1.1052109082048878
UBFC_PHYS_s17_T3_ctrl,166,173,171.76666666666668,0.8494388461112976,1.5472588921153134
UBFC_PHYS_s17_T3_ctrl,166,174,171.8,1.0820273160934448,1.8206055778628123
UBFC_PHYS_s17_T3_ctrl,166,175,171.83333333333334,1.1347254514694214,1.900689088793429
UBFC_PHYS_s17_T3_ctrl,166,176,171.86666666666667,1.0574105978012085,1.7946342900807655
UBFC_PHYS_s17_T3_ctrl,166,177,171.9,0.9642464518547058,1.5361284564226914
UBFC_PHYS_s17_T3_ctrl,166,178,171.93333333333334,0.9557599425315857,1.175065272844089
UBFC_PHYS_s17_T3_ctrl,166,179,171.96666666666667,0.9883949160575867,0.7647199561658118
UBFC_PHYS_s17_T3_ctrl,166,180,172.0,0.9576796293258667,0.3498778781317229
UBFC_PHYS_s17_T3_ctrl,166,181,172.03333333333333,0.8304876089096069,-0.04079205619572187
UBFC_PHYS_s17_T3_ctrl,166,182,172.06666666666666,0.6220476031303406,-0.39619286565893325
UBFC_PHYS_s17_T3_ctrl,166,183,172.1,0.3287777900695801,-0.7182471971418148
UBFC_PHYS_s17_T3_ctrl,166,184,172.13333333333333,-0.031026141718029976,-1.0134038528507159
UBFC_PHYS_s17_T3_ctrl,166,185,172.16666666666666,-0.40273457765579224,-1.2833489900524977
UBFC_PHYS_s17_T3_ctrl,166,186,172.2,-0.7552342414855957,-1.51809136137716
UBFC_PHYS_s17_T3_ctrl,166,187,172.23333333333332,-1.1091386079788208,-1.6937428655200297
UBFC_PHYS_s17_T3_ctrl,166,188,172.26666666666668,-1.455258846282959,-1.7759632606117837
UBFC_PHYS_s17_T3_ctrl,166,189,172.3,-1.6617323160171509,-1.7285070947306764
UBFC_PHYS_s17_T3_ctrl,166,190,172.33333333333334,-1.5551419258117676,-1.5248559996650077
UBFC_PHYS_s17_T3_ctrl,166,191,172.36666666666667,-1.0788213014602661,-1.1597535583317025
UBFC_PHYS_s17_T3_ctrl,166,192,172.4,-0.3496383726596832,-0.6568801081214761
UBFC_PHYS_s17_T3_ctrl,166,193,172.43333333333334,0.43189162015914917,-0.06933229928611667
UBFC_PHYS_s17_T3_ctrl,166,194,172.46666666666667,1.1022427082061768,0.5286616005515581
UBFC_PHYS_s17_T3_ctrl,166,195,172.5,1.603999376296997,1.0573020401069742
UBFC_PHYS_s17_T3_ctrl,166,196,172.53333333333333,1.9974565505981445,1.4492359232496168
UBFC_PHYS_s17_T3_ctrl,166,197,172.56666666666666,2.3863370418548584,1.6638212404379487
UBFC_PHYS_s17_T3_ctrl,166,198,172.6,2.758209228515625,1.6932703125855315
UBFC_PHYS_s17_T3_ctrl,166,199,172.63333333333333,2.973543882369995,1.5599222796837464
UBFC_PHYS_s17_T3_ctrl,166,200,172.66666666666666,2.93152117729187,1.3069347998203271
UBFC_PHYS_s17_T3_ctrl,166,201,172.7,2.6745617389678955,0.9860172955152181
UBFC_PHYS_s17_T3_ctrl,166,202,172.73333333333332,2.283796787261963,0.6455620649699121
UBFC_PHYS_s17_T3_ctrl,166,203,172.76666666666668,1.7929613590240479,0.321547680008096
UBFC_PHYS_s17_T3_ctrl,166,204,172.8,1.2607001066207886,0.03270368156234906
UBFC_PHYS_s17_T3_ctrl,166,205,172.83333333333334,0.7477413415908813,-0.21933672260733728
UBFC_PHYS_s17_T3_ctrl,166,206,172.86666666666667,0.19556909799575806,-0.44510638820946924
UBFC_PHYS_s17_T3_ctrl,166,207,172.9,-0.516406774520874,-0.6589117230025643
UBFC_PHYS_s17_T3_ctrl,166,208,172.93333333333334,-1.3546382188796997,-0.8692860070983726
UBFC_PHYS_s17_T3_ctrl,166,209,172.96666666666667,-2.019768714904785,-1.071084689576943
UBFC_PHYS_s17_T3_ctrl,166,210,173.0,-2.1471481323242188,-1.2417515743754275
UBFC_PHYS_s17_T3_ctrl,166,211,173.03333333333333,-1.7070794105529785,-1.3433968030580565
UBFC_PHYS_s17_T3_ctrl,166,212,173.06666666666666,-1.1346098184585571,-1.3310574030395725
UBFC_PHYS_s17_T3_ctrl,166,213,173.1,-0.7760583758354187,-1.1659419386361622
UBFC_PHYS_s17_T3_ctrl,166,214,173.13333333333333,-0.6210306286811829,-0.8306871859082381
UBFC_PHYS_s17_T3_ctrl,166,215,173.16666666666666,-0.5720547437667847,-0.3419755871902624
UBFC_PHYS_s17_T3_ctrl,166,216,173.2,-0.6593310236930847,0.2449191488256989
UBFC_PHYS_s17_T3_ctrl,166,217,173.23333333333332,-0.8730267882347107,0.8436596439202457
UBFC_PHYS_s17_T3_ctrl,166,218,173.26666666666668,-1.0466545820236206,1.3563120897241727
UBFC_PHYS_s17_T3_ctrl,166,219,173.3,-1.0012255907058716,1.6992666768869134
UBFC_PHYS_s17_T3_ctrl,166,220,173.33333333333334,-0.7293182611465454,1.8262441794170632
UBFC_PHYS_s17_T3_ctrl,166,221,173.36666666666667,-0.4200587272644043,1.7392205468887338
UBFC_PHYS_s17_T3_ctrl,166,222,173.4,-0.29250380396842957,1.4830472007545885
UBFC_PHYS_s17_T3_ctrl,166,223,173.43333333333334,-0.3763737678527832,1.1266703426432125
UBFC_PHYS_s17_T3_ctrl,166,224,173.46666666666667,-0.5480584502220154,0.7393566061996042
UBFC_PHYS_s17_T3_ctrl,166,225,173.5,-0.6912168264389038,0.3715885907015417
UBFC_PHYS_s17_T3_ctrl,166,226,173.53333333333333,-0.7127432823181152,0.04698063019614421
UBFC_PHYS_s17_T3_ctrl,166,227,173.56666666666666,-0.6166878342628479,-0.23394886979696353
UBFC_PHYS_s17_T3_ctrl,166,228,173.6,-0.5583710074424744,-0.4820263609903531
UBFC_PHYS_s17_T3_ctrl,166,229,173.63333333333333,-0.618783175945282,-0.7059870821125929
UBFC_PHYS_s17_T3_ctrl,166,230,173.66666666666666,-0.5955243110656738,-0.9034661137247524
UBFC_PHYS_s17_T3_ctrl,166,231,173.7,-0.25362980365753174,-1.0599638770055098
UBFC_PHYS_s17_T3_ctrl,166,232,173.73333333333332,0.31001386046409607,-1.1553680563468733
UBFC_PHYS_s17_T3_ctrl,166,233,173.76666666666668,0.7841688990592957,-1.1741205283242673
UBFC_PHYS_s17_T3_ctrl,166,234,173.8,1.0635559558868408,-1.1137280477931788
UBFC_PHYS_s17_T3_ctrl,166,235,173.83333333333334,1.26243257522583,-0.9873671354944973
UBFC_PHYS_s17_T3_ctrl,166,236,173.86666666666667,1.4038937091827393,-0.8191862011568712
UBFC_PHYS_s17_T3_ctrl,166,237,173.9,1.4252210855484009,-0.6345003501089663
UBFC_PHYS_s17_T3_ctrl,166,238,173.93333333333334,1.3743606805801392,-0.44993536416547425
UBFC_PHYS_s17_T3_ctrl,166,239,173.96666666666667,1.391719937324524,-0.26897078026452964
UBFC_PHYS_s17_T3_ctrl,167,0,167.0,-1.509256362915039,-0.1380271606887603
UBFC_PHYS_s17_T3_ctrl,167,1,167.03333333333333,-1.1602799892425537,-0.02491837429429412
UBFC_PHYS_s17_T3_ctrl,167,2,167.06666666666666,-0.5109168887138367,0.06436241224110405
UBFC_PHYS_s17_T3_ctrl,167,3,167.1,0.12387285381555557,0.10929657558944131
UBFC_PHYS_s17_T3_ctrl,167,4,167.13333333333333,0.5024524331092834,0.09963999179687928
UBFC_PHYS_s17_T3_ctrl,167,5,167.16666666666666,0.6163470149040222,0.03686180070323231
UBFC_PHYS_s17_T3_ctrl,167,6,167.2,0.5841100215911865,-0.06749463994294094
UBFC_PHYS_s17_T3_ctrl,167,7,167.23333333333332,0.5436207056045532,-0.19544499353289835
UBFC_PHYS_s17_T3_ctrl,167,8,167.26666666666668,0.6172015070915222,-0.3263694813117978
UBFC_PHYS_s17_T3_ctrl,167,9,167.3,0.8124728202819824,-0.43961852464436757
UBFC_PHYS_s17_T3_ctrl,167,10,167.33333333333334,0.9990001320838928,-0.5159614576118943
UBFC_PHYS_s17_T3_ctrl,167,11,167.36666666666667,1.091707706451416,-0.5390204558714726
UBFC_PHYS_s17_T3_ctrl,167,12,167.4,1.1331568956375122,-0.49758072404967396
UBFC_PHYS_s17_T3_ctrl,167,13,167.43333333333334,1.1502352952957153,-0.38848608381693905
UBFC_PHYS_s17_T3_ctrl,167,14,167.46666666666667,1.0717147588729858,-0.2188101272027498
UBFC_PHYS_s17_T3_ctrl,167,15,167.5,0.8235345482826233,-0.0058668601286835185
UBFC_PHYS_s17_T3_ctrl,167,16,167.53333333333333,0.3749326169490814,0.22551670644265426
UBFC_PHYS_s17_T3_ctrl,167,17,167.56666666666666,-0.28031834959983826,0.44778020472171803
UBFC_PHYS_s17_T3_ctrl,167,18,167.6,-1.0689301490783691,0.6358869269395725
UBFC_PHYS_s17_T3_ctrl,167,19,167.63333333333333,-1.7682758569717407,0.7714124696165432
UBFC_PHYS_s17_T3_ctrl,167,20,167.66666666666666,-2.1415293216705322,0.8445220611786823
UBFC_PHYS_s17_T3_ctrl,167,21,167.7,-2.074983596801758,0.8538504126265408
UBFC_PHYS_s17_T3_ctrl,167,22,167.73333333333332,-1.6140440702438354,0.8049342006302225
UBFC_PHYS_s17_T3_ctrl,167,23,167.76666666666668,-1.009513020515442,0.707951707307389
UBFC_PHYS_s17_T3_ctrl,167,24,167.8,-0.5771934986114502,0.5752656585444923
UBFC_PHYS_s17_T3_ctrl,167,25,167.83333333333334,-0.36381375789642334,0.41906617523387657
UBFC_PHYS_s17_T3_ctrl,167,26,167.86666666666667,-0.23476052284240723,0.24950329536936788
UBFC_PHYS_s17_T3_ctrl,167,27,167.9,-0.15435537695884705,0.0737791715735185
UBFC_PHYS_s17_T3_ctrl,167,28,167.93333333333334,-0.12299632281064987,-0.10357275983373727
UBFC_PHYS_s17_T3_ctrl,167,29,167.96666666666667,-0.041081175208091736,-0.27934444865354413
UBFC_PHYS_s17_T3_ctrl,167,30,168.0,0.1366552710533142,-0.4495654678009646
UBFC_PHYS_s17_T3_ctrl,167,31,168.03333333333333,0.298589289188385,-0.6072240376588712
UBFC_PHYS_s17_T3_ctrl,167,32,168.06666666666666,0.37804627418518066,-0.7407665476094801
UBFC_PHYS_s17_T3_ctrl,167,33,168.1,0.4279117286205292,-0.8345750783570298
UBFC_PHYS_s17_T3_ctrl,167,34,168.13333333333333,0.44621914625167847,-0.8721881032479195
UBFC_PHYS_s17_T3_ctrl,167,35,168.16666666666666,0.3630398213863373,-0.8418351527615722
UBFC_PHYS_s17_T3_ctrl,167,36,168.2,0.20773111283779144,-0.742342239122692
UBFC_PHYS_s17_T3_ctrl,167,37,168.23333333333332,0.08258752524852753,-0.5865600288303867
UBFC_PHYS_s17_T3_ctrl,167,38,168.26666666666668,-0.019566450268030167,-0.3999643604806727
UBFC_PHYS_s17_T3_ctrl,167,39,168.3,-0.19744336605072021,-0.21401224027343677
UBFC_PHYS_s17_T3_ctrl,167,40,168.33333333333334,-0.45505818724632263,-0.05643339013673783
UBFC_PHYS_s17_T3_ctrl,167,41,168.36666666666667,-0.6607123017311096,0.05745833805180247
UBFC_PHYS_s17_T3_ctrl,167,42,168.4,-0.6571186780929565,0.12835304831364844
UBFC_PHYS_s17_T3_ctrl,167,43,168.43333333333334,-0.4137962758541107,0.1696056031268631
UBFC_PHYS_s17_T3_ctrl,167,44,168.46666666666667,-0.08938980847597122,0.19871411641844466
UBFC_PHYS_s17_T3_ctrl,167,45,168.5,0.11400511115789413,0.2280668377821841
UBFC_PHYS_s17_T3_ctrl,167,46,168.53333333333333,0.1367606222629547,0.259513840731947
UBFC_PHYS_s17_T3_ctrl,167,47,168.56666666666666,0.025839218869805336,0.28510192013857394
UBFC_PHYS_s17_T3_ctrl,167,48,168.6,-0.21363207697868347,0.2932003693979256
UBFC_PHYS_s17_T3_ctrl,167,49,168.63333333333333,-0.5312727689743042,0.27662063024639183
UBFC_PHYS_s17_T3_ctrl,167,50,168.66666666666666,-0.7976199388504028,0.23830244596394148
UBFC_PHYS_s17_T3_ctrl,167,51,168.7,-0.9815953969955444,0.1914125801733819
UBFC_PHYS_s17_T3_ctrl,167,52,168.73333333333332,-1.1758015155792236,0.15384700775796456
UBFC_PHYS_s17_T3_ctrl,167,53,168.76666666666668,-1.3875658512115479,0.14017403495716463
UBFC_PHYS_s17_T3_ctrl,167,54,168.8,-1.5054988861083984,0.15513721424744886
UBFC_PHYS_s17_T3_ctrl,167,55,168.83333333333334,-1.470159888267517,0.19178499196776896
UBFC_PHYS_s17_T3_ctrl,167,56,168.86666666666667,-1.3227289915084839,0.23500127209428692
UBFC_PHYS_s17_T3_ctrl,167,57,168.9,-1.1537717580795288,0.26866939409609525
UBFC_PHYS_s17_T3_ctrl,167,58,168.93333333333334,-1.0411179065704346,0.28291510266625586
UBFC_PHYS_s17_T3_ctrl,167,59,168.96666666666667,-1.0216867923736572,0.277792890501132
UBFC_PHYS_s17_T3_ctrl,167,60,169.0,-1.119638442993164,0.26161904822027093
UBFC_PHYS_s17_T3_ctrl,167,61,169.03333333333333,-1.3038363456726074,0.24490611732813164
UBFC_PHYS_s17_T3_ctrl,167,62,169.06666666666666,-1.384358525276184,0.23305005152974548
UBFC_PHYS_s17_T3_ctrl,167,63,169.1,-1.1781425476074219,0.2215405923881864
UBFC_PHYS_s17_T3_ctrl,167,64,169.13333333333333,-0.7486089468002319,0.1962588484935115
UBFC_PHYS_s17_T3_ctrl,167,65,169.16666666666666,-0.3260049521923065,0.1390162777143923
UBFC_PHYS_s17_T3_ctrl,167,66,169.2,-0.04019155725836754,0.03601462233798736
UBFC_PHYS_s17_T3_ctrl,167,67,169.23333333333332,0.11119578778743744,-0.11447145486030023
UBFC_PHYS_s17_T3_ctrl,167,68,169.26666666666668,0.12400161474943161,-0.29851586674673086
UBFC_PHYS_s17_T3_ctrl,167,69,169.3,0.015854420140385628,-0.4885168109357193
UBFC_PHYS_s17_T3_ctrl,167,70,169.33333333333334,-0.08440326154232025,-0.6497654789435278
UBFC_PHYS_s17_T3_ctrl,167,71,169.36666666666667,-0.05742206424474716,-0.7490146131097531
UBFC_PHYS_s17_T3_ctrl,167,72,169.4,0.05332375317811966,-0.7623523103099383
UBFC_PHYS_s17_T3_ctrl,167,73,169.43333333333334,0.11507031321525574,-0.6806112345535107
UBFC_PHYS_s17_T3_ctrl,167,74,169.46666666666667,0.07240373641252518,-0.5115553702353411
UBFC_PHYS_s17_T3_ctrl,167,75,169.5,-0.05859261751174927,-0.2787434970054165
UBFC_PHYS_s17_T3_ctrl,167,76,169.53333333333333,-0.2635560631752014,-0.017298366774087384
UBFC_PHYS_s17_T3_ctrl,167,77,169.56666666666666,-0.4743371605873108,0.2329336753805687
UBFC_PHYS_s17_T3_ctrl,167,78,169.6,-0.5736467242240906,0.4358481366133366
UBFC_PHYS_s17_T3_ctrl,167,79,169.63333333333333,-0.5783640146255493,0.5672480001301163
UBFC_PHYS_s17_T3_ctrl,167,80,169.66666666666666,-0.6939091086387634,0.6198765746908158
UBFC_PHYS_s17_T3_ctrl,167,81,169.7,-1.0199426412582397,0.6029840908374807
UBFC_PHYS_s17_T3_ctrl,167,82,169.73333333333332,-1.302384853363037,0.5365336061257744
UBFC_PHYS_s17_T3_ctrl,167,83,169.76666666666668,-1.1857980489730835,0.4427614894085124
UBFC_PHYS_s17_T3_ctrl,167,84,169.8,-0.6671620011329651,0.33861069760129403
UBFC_PHYS_s17_T3_ctrl,167,85,169.83333333333334,-0.03576687350869179,0.23155106733117842
UBFC_PHYS_s17_T3_ctrl,167,86,169.86666666666667,0.4825998842716217,0.11957999273889089
UBFC_PHYS_s17_T3_ctrl,167,87,169.9,0.777637243270874,-0.005322301607314379
UBFC_PHYS_s17_T3_ctrl,167,88,169.93333333333334,0.8103073239326477,-0.15186169515369125
UBFC_PHYS_s17_T3_ctrl,167,89,169.96666666666667,0.6959795951843262,-0.3240366815721403
UBFC_PHYS_s17_T3_ctrl,167,90,170.0,0.6365390419960022,-0.5173035745283145
UBFC_PHYS_s17_T3_ctrl,167,91,170.03333333333333,0.6960030198097229,-0.7172647287678907
UBFC_PHYS_s17_T3_ctrl,167,92,170.06666666666666,0.7931587100028992,-0.9008492855941429
UBFC_PHYS_s17_T3_ctrl,167,93,170.1,0.8657094836235046,-1.0392766944651528
UBFC_PHYS_s17_T3_ctrl,167,94,170.13333333333333,0.860465407371521,-1.1021625479491826
UBFC_PHYS_s17_T3_ctrl,167,95,170.16666666666666,0.7194140553474426,-1.0624936353205172
UBFC_PHYS_s17_T3_ctrl,167,96,170.2,0.45337122678756714,-0.9022200186278536
UBFC_PHYS_s17_T3_ctrl,167,97,170.23333333333332,0.14836077392101288,-0.6178055051068737
UBFC_PHYS_s17_T3_ctrl,167,98,170.26666666666668,-0.12143949419260025,-0.2245284304990987
UBFC_PHYS_s17_T3_ctrl,167,99,170.3,-0.37436041235923767,0.24206934164755944
UBFC_PHYS_s17_T3_ctrl,167,100,170.33333333333334,-0.6834912300109863,0.7290699658835594
UBFC_PHYS_s17_T3_ctrl,167,101,170.36666666666667,-1.023231863975525,1.1738565393137486
UBFC_PHYS_s17_T3_ctrl,167,102,170.4,-1.1798633337020874,1.5152275962652164
UBFC_PHYS_s17_T3_ctrl,167,103,170.43333333333334,-0.9322918057441711,1.7051111274893527
UBFC_PHYS_s17_T3_ctrl,167,104,170.46666666666667,-0.3491116464138031,1.7178302020538379
UBFC_PHYS_s17_T3_ctrl,167,105,170.5,0.2542956471443176,1.5547105752449002
UBFC_PHYS_s17_T3_ctrl,167,106,170.53333333333333,0.6639533042907715,1.243018333169678
UBFC_PHYS_s17_T3_ctrl,167,107,170.56666666666666,0.8999480605125427,0.8294684653050847
UBFC_PHYS_s17_T3_ctrl,167,108,170.6,0.9740088582038879,0.3698103809892027
UBFC_PHYS_s17_T3_ctrl,167,109,170.63333333333333,0.8833028674125671,-0.08278100996373916
UBFC_PHYS_s17_T3_ctrl,167,110,170.66666666666666,0.7682844996452332,-0.4870118022211096
UBFC_PHYS_s17_T3_ctrl,167,111,170.7,0.7889096140861511,-0.8175747357198585
UBFC_PHYS_s17_T3_ctrl,167,112,170.73333333333332,0.8890619874000549,-1.0633894820637828
UBFC_PHYS_s17_T3_ctrl,167,113,170.76666666666668,0.8868613243103027,-1.2218466533076957
UBFC_PHYS_s17_T3_ctrl,167,114,170.8,0.7271396517753601,-1.292234782291855
UBFC_PHYS_s17_T3_ctrl,167,115,170.83333333333334,0.4803290069103241,-1.2713879654138478
UBFC_PHYS_s17_T3_ctrl,167,116,170.86666666666667,0.1945624202489853,-1.1534880137065828
UBFC_PHYS_s17_T3_ctrl,167,117,170.9,-0.12050305306911469,-0.9343025049540176
UBFC_PHYS_s17_T3_ctrl,167,118,170.93333333333334,-0.46823859214782715,-0.6183084380588503
UBFC_PHYS_s17_T3_ctrl,167,119,170.96666666666667,-0.859904944896698,-0.22558578686593098
UBFC_PHYS_s17_T3_ctrl,167,120,171.0,-1.2386834621429443,0.20529537119406646
UBFC_PHYS_s17_T3_ctrl,167,121,171.03333333333333,-1.372477412223816,0.6211150993949496
UBFC_PHYS_s17_T3_ctrl,167,122,171.06666666666666,-1.0843697786331177,0.9644422850050122
UBFC_PHYS_s17_T3_ctrl,167,123,171.1,-0.5257477760314941,1.1872635684365722
UBFC_PHYS_s17_T3_ctrl,167,124,171.13333333333333,-0.00712349358946085,1.2625362506629296
UBFC_PHYS_s17_T3_ctrl,167,125,171.16666666666666,0.35519713163375854,1.1891248389972942
UBFC_PHYS_s17_T3_ctrl,167,126,171.2,0.6035295128822327,0.9886585312908525
UBFC_PHYS_s17_T3_ctrl,167,127,171.23333333333332,0.7206196784973145,0.6963890898655988
UBFC_PHYS_s17_T3_ctrl,167,128,171.26666666666668,0.6989411115646362,0.3501725139702332
UBFC_PHYS_s17_T3_ctrl,167,129,171.3,0.6756237149238586,-0.018230494678970612
UBFC_PHYS_s17_T3_ctrl,167,130,171.33333333333334,0.759680986404419,-0.3867337774255618
UBFC_PHYS_s17_T3_ctrl,167,131,171.36666666666667,0.8866974711418152,-0.7407576915994194
UBFC_PHYS_s17_T3_ctrl,167,132,171.4,0.9397000074386597,-1.066932386142025
UBFC_PHYS_s17_T3_ctrl,167,133,171.43333333333334,0.8876104950904846,-1.3459419264695993
UBFC_PHYS_s17_T3_ctrl,167,134,171.46666666666667,0.7599151134490967,-1.548306183459771
UBFC_PHYS_s17_T3_ctrl,167,135,171.5,0.5800014138221741,-1.6359968198390369
UBFC_PHYS_s17_T3_ctrl,167,136,171.53333333333333,0.3446504473686218,-1.5706011953548702
UBFC_PHYS_s17_T3_ctrl,167,137,171.56666666666666,0.033026400953531265,-1.326030988081946
UBFC_PHYS_s17_T3_ctrl,167,138,171.6,-0.34711000323295593,-0.9015304832875787
UBFC_PHYS_s17_T3_ctrl,167,139,171.63333333333333,-0.6536772847175598,-0.32982371473961175
UBFC_PHYS_s17_T3_ctrl,167,140,171.66666666666666,-0.6351474523544312,0.32378816608283556
UBFC_PHYS_s17_T3_ctrl,167,141,171.7,-0.2060469090938568,0.972569669451176
UBFC_PHYS_s17_T3_ctrl,167,142,171.73333333333332,0.3920343518257141,1.5267977655096197
UBFC_PHYS_s17_T3_ctrl,167,143,171.76666666666668,0.8494388461112976,1.9135464643288747
UBFC_PHYS_s17_T3_ctrl,167,144,171.8,1.0820273160934448,2.0916382560314277
UBFC_PHYS_s17_T3_ctrl,167,145,171.83333333333334,1.1347254514694214,2.0577570558360407
UBFC_PHYS_s17_T3_ctrl,167,146,171.86666666666667,1.0574105978012085,1.842763990044318
UBFC_PHYS_s17_T3_ctrl,167,147,171.9,0.9642464518547058,1.5000847043294019
UBFC_PHYS_s17_T3_ctrl,167,148,171.93333333333334,0.9557599425315857,1.09001274186911
UBFC_PHYS_s17_T3_ctrl,167,149,171.96666666666667,0.9883949160575867,0.6645823112812919
UBFC_PHYS_s17_T3_ctrl,167,150,172.0,0.9576796293258667,0.257220480843081
UBFC_PHYS_s17_T3_ctrl,167,151,172.03333333333333,0.8304876089096069,-0.12022946356433353
UBFC_PHYS_s17_T3_ctrl,167,152,172.06666666666666,0.6220476031303406,-0.47292988722755924
UBFC_PHYS_s17_T3_ctrl,167,153,172.1,0.3287777900695801,-0.8131111372236253
UBFC_PHYS_s17_T3_ctrl,167,154,172.13333333333333,-0.031026141718029976,-1.1484777405046906
UBFC_PHYS_s17_T3_ctrl,167,155,172.16666666666666,-0.40273457765579224,-1.4728602931101684
UBFC_PHYS_s17_T3_ctrl,167,156,172.2,-0.7552342414855957,-1.7619881113002915
UBFC_PHYS_s17_T3_ctrl,167,157,172.23333333333332,-1.1091386079788208,-1.975610769910488
UBFC_PHYS_s17_T3_ctrl,167,158,172.26666666666668,-1.455258846282959,-2.065571570156691
UBFC_PHYS_s17_T3_ctrl,167,159,172.3,-1.6617323160171509,-1.988087266375604
UBFC_PHYS_s17_T3_ctrl,167,160,172.33333333333334,-1.5551419258117676,-1.7174377137589256
UBFC_PHYS_s17_T3_ctrl,167,161,172.36666666666667,-1.0788213014602661,-1.2575524847633899
UBFC_PHYS_s17_T3_ctrl,167,162,172.4,-0.3496383726596832,-0.6478018034654047
UBFC_PHYS_s17_T3_ctrl,167,163,172.43333333333334,0.43189162015914917,0.03995945688818913
UBFC_PHYS_s17_T3_ctrl,167,164,172.46666666666667,1.1022427082061768,0.7140241727953973
UBFC_PHYS_s17_T3_ctrl,167,165,172.5,1.603999376296997,1.2827410215602684
UBFC_PHYS_s17_T3_ctrl,167,166,172.53333333333333,1.9974565505981445,1.6757222585862748
UBFC_PHYS_s17_T3_ctrl,167,167,172.56666666666666,2.3863370418548584,1.859029145584693
UBFC_PHYS_s17_T3_ctrl,167,168,172.6,2.758209228515625,1.839412999061874
UBFC_PHYS_s17_T3_ctrl,167,169,172.63333333333333,2.973543882369995,1.6572756371632555
UBFC_PHYS_s17_T3_ctrl,167,170,172.66666666666666,2.93152117729187,1.3720399121903895
UBFC_PHYS_s17_T3_ctrl,167,171,172.7,2.6745617389678955,1.0454309526867993
UBFC_PHYS_s17_T3_ctrl,167,172,172.73333333333332,2.283796787261963,0.727541399887223
UBFC_PHYS_s17_T3_ctrl,167,173,172.76666666666668,1.7929613590240479,0.44854150462157905
UBFC_PHYS_s17_T3_ctrl,167,174,172.8,1.2607001066207886,0.21680901572335037
UBFC_PHYS_s17_T3_ctrl,167,175,172.83333333333334,0.7477413415908813,0.022682634574431867
UBFC_PHYS_s17_T3_ctrl,167,176,172.86666666666667,0.19556909799575806,-0.15393782494944522
UBFC_PHYS_s17_T3_ctrl,167,177,172.9,-0.516406774520874,-0.3343129824361085
UBFC_PHYS_s17_T3_ctrl,167,178,172.93333333333334,-1.3546382188796997,-0.5319679802212242
UBFC_PHYS_s17_T3_ctrl,167,179,172.96666666666667,-2.019768714904785,-0.7458451374117511
UBFC_PHYS_s17_T3_ctrl,167,180,173.0,-2.1471481323242188,-0.9567609669716233
UBFC_PHYS_s17_T3_ctrl,167,181,173.03333333333333,-1.7070794105529785,-1.1282767890261824
UBFC_PHYS_s17_T3_ctrl,167,182,173.06666666666666,-1.1346098184585571,-1.2130396076237873
UBFC_PHYS_s17_T3_ctrl,167,183,173.1,-0.7760583758354187,-1.1648349148880346
UBFC_PHYS_s17_T3_ctrl,167,184,173.13333333333333,-0.6210306286811829,-0.9544878421565913
UBFC_PHYS_s17_T3_ctrl,167,185,173.16666666666666,-0.5720547437667847,-0.5850779224193648
UBFC_PHYS_s17_T3_ctrl,167,186,173.2,-0.6593310236930847,-0.10021967025642427
UBFC_PHYS_s17_T3_ctrl,167,187,173.23333333333332,-0.8730267882347107,0.4200994158329457
UBFC_PHYS_s17_T3_ctrl,167,188,173.26666666666668,-1.0466545820236206,0.877768003893491
UBFC_PHYS_s17_T3_ctrl,167,189,173.3,-1.0012255907058716,1.184333461074321
UBFC_PHYS_s17_T3_ctrl,167,190,173.33333333333334,-0.7293182611465454,1.2879122390406805
UBFC_PHYS_s17_T3_ctrl,167,191,173.36666666666667,-0.4200587272644043,1.1875625505338587
UBFC_PHYS_s17_T3_ctrl,167,192,173.4,-0.29250380396842957,0.9288876993982107
UBFC_PHYS_s17_T3_ctrl,167,193,173.43333333333334,-0.3763737678527832,0.583630329289108
UBFC_PHYS_s17_T3_ctrl,167,194,173.46666666666667,-0.5480584502220154,0.22321494376054035
UBFC_PHYS_s17_T3_ctrl,167,195,173.5,-0.6912168264389038,-0.10217151550518952
UBFC_PHYS_s17_T3_ctrl,167,196,173.53333333333333,-0.7127432823181152,-0.37174084758285025
UBFC_PHYS_s17_T3_ctrl,167,197,173.56666666666666,-0.6166878342628479,-0.5891597751732995
UBFC_PHYS_s17_T3_ctrl,167,198,173.6,-0.5583710074424744,-0.7693797774295
UBFC_PHYS_s17_T3_ctrl,167,199,173.63333333333333,-0.618783175945282,-0.9242256038897629
UBFC_PHYS_s17_T3_ctrl,167,200,173.66666666666666,-0.5955243110656738,-1.053028764936938
UBFC_PHYS_s17_T3_ctrl,167,201,173.7,-0.25362980365753174,-1.1416873812734933
UBFC_PHYS_s17_T3_ctrl,167,202,173.73333333333332,0.31001386046409607,-1.1695048705709572
UBFC_PHYS_s17_T3_ctrl,167,203,173.76666666666668,0.7841688990592957,-1.1197712017624426
UBFC_PHYS_s17_T3_ctrl,167,204,173.8,1.0635559558868408,-0.9887781347826983
UBFC_PHYS_s17_T3_ctrl,167,205,173.83333333333334,1.26243257522583,-0.7891069392020615
UBFC_PHYS_s17_T3_ctrl,167,206,173.86666666666667,1.4038937091827393,-0.5458700038902731
UBFC_PHYS_s17_T3_ctrl,167,207,173.9,1.4252210855484009,-0.28779395334887403
UBFC_PHYS_s17_T3_ctrl,167,208,173.93333333333334,1.3743606805801392,-0.03724892737861382
UBFC_PHYS_s17_T3_ctrl,167,209,173.96666666666667,1.391719937324524,0.1962596616357432
UBFC_PHYS_s17_T3_ctrl,167,210,174.0,1.5497442483901978,0.4161684019085894
UBFC_PHYS_s17_T3_ctrl,167,211,174.03333333333333,1.8023842573165894,0.6325528188947247
UBFC_PHYS_s17_T3_ctrl,167,212,174.06666666666666,2.039210081100464,0.8527207541620442
UBFC_PHYS_s17_T3_ctrl,167,213,174.1,2.189216136932373,1.073483881408267
UBFC_PHYS_s17_T3_ctrl,167,214,174.13333333333333,2.262083053588867,1.2786553376529506
UBFC_PHYS_s17_T3_ctrl,167,215,174.16666666666666,2.299072504043579,1.4425271177286378
UBFC_PHYS_s17_T3_ctrl,167,216,174.2,2.2504944801330566,1.5375868588722208
UBFC_PHYS_s17_T3_ctrl,167,217,174.23333333333332,1.8892742395401,1.5433866271129577
UBFC_PHYS_s17_T3_ctrl,167,218,174.26666666666668,1.0142172574996948,1.4533418761528065
UBFC_PHYS_s17_T3_ctrl,167,219,174.3,-0.11000321060419083,1.2771220756185149
UBFC_PHYS_s17_T3_ctrl,167,220,174.33333333333334,-0.9207618832588196,1.0378649714176187
UBFC_PHYS_s17_T3_ctrl,167,221,174.36666666666667,-1.177170991897583,0.7653136020127909
UBFC_PHYS_s17_T3_ctrl,167,222,174.4,-1.0203640460968018,0.4875522425718641
UBFC_PHYS_s17_T3_ctrl,167,223,174.43333333333334,-0.6467710137367249,0.22445440943094477
UBFC_PHYS_s17_T3_ctrl,167,224,174.46666666666667,-0.2667282819747925,-0.015104190903018809
UBFC_PHYS_s17_T3_ctrl,167,225,174.5,-0.08124277740716934,-0.23201142460004393
UBFC_PHYS_s17_T3_ctrl,167,226,174.53333333333333,-0.06755903363227844,-0.4328726098547507
UBFC_PHYS_s17_T3_ctrl,167,227,174.56666666666666,-0.08493001013994217,-0.6250115431894049
UBFC_PHYS_s17_T3_ctrl,167,228,174.6,-0.15660284459590912,-0.8122288176159096
UBFC_PHYS_s17_T3_ctrl,167,229,174.63333333333333,-0.32182610034942627,-0.9923446851666425
UBFC_PHYS_s17_T3_ctrl,167,230,174.66666666666666,-0.4836781620979309,-1.156737519559766
UBFC_PHYS_s17_T3_ctrl,167,231,174.7,-0.5921180248260498,-1.291556960470158
UBFC_PHYS_s17_T3_ctrl,167,232,174.73333333333332,-0.7302898168563843,-1.3801924259298415
UBFC_PHYS_s17_T3_ctrl,167,233,174.76666666666668,-0.9164191484451294,-1.406623579718489
UBFC_PHYS_s17_T3_ctrl,167,234,174.8,-1.0568150281906128,-1.3591328817829458
UBFC_PHYS_s17_T3_ctrl,167,235,174.83333333333334,-1.1110934019088745,-1.2335370417503242
UBFC_PHYS_s17_T3_ctrl,167,236,174.86666666666667,-1.0848028659820557,-1.0348940599726038
UBFC_PHYS_s17_T3_ctrl,167,237,174.9,-0.9814900159835815,-0.7769467146604158
UBFC_PHYS_s17_T3_ctrl,167,238,174.93333333333334,-0.8286395072937012,-0.47949298168893106
UBFC_PHYS_s17_T3_ctrl,167,239,174.96666666666667,-0.6312494874000549,-0.16502928155713567
UBFC_PHYS_s17_T3_ctrl,168,0,168.0,0.1366552710533142,-0.05122665664079448
UBFC_PHYS_s17_T3_ctrl,168,1,168.03333333333333,0.298589289188385,-0.23578591880413247
UBFC_PHYS_s17_T3_ctrl,168,2,168.06666666666666,0.37804627418518066,-0.4277028241365612
UBFC_PHYS_s17_T3_ctrl,168,3,168.1,0.4279117286205292,-0.6271655652606504
UBFC_PHYS_s17_T3_ctrl,168,4,168.13333333333333,0.44621914625167847,-0.82369655274285
UBFC_PHYS_s17_T3_ctrl,168,5,168.16666666666666,0.3630398213863373,-0.998363939073282
UBFC_PHYS_s17_T3_ctrl,168,6,168.2,0.20773111283779144,-1.1303621533767219
UBFC_PHYS_s17_T3_ctrl,168,7,168.23333333333332,0.08258752524852753,-1.2045409548741453
UBFC_PHYS_s17_T3_ctrl,168,8,168.26666666666668,-0.019566450268030167,-1.21608859434908
UBFC_PHYS_s17_T3_ctrl,168,9,168.3,-0.19744336605072021,-1.1702263523299261
UBFC_PHYS_s17_T3_ctrl,168,10,168.33333333333334,-0.45505818724632263,-1.0776239403242813
UBFC_PHYS_s17_T3_ctrl,168,11,168.36666666666667,-0.6607123017311096,-0.9485182610068723
UBFC_PHYS_s17_T3_ctrl,168,12,168.4,-0.6571186780929565,-0.7888155541032658
UBFC_PHYS_s17_T3_ctrl,168,13,168.43333333333334,-0.4137962758541107,-0.5999637581879936
UBFC_PHYS_s17_T3_ctrl,168,14,168.46666666666667,-0.08938980847597122,-0.3822167530529391
UBFC_PHYS_s17_T3_ctrl,168,15,168.5,0.11400511115789413,-0.1391851939526184
UBFC_PHYS_s17_T3_ctrl,168,16,168.53333333333333,0.1367606222629547,0.11896762849685369
UBFC_PHYS_s17_T3_ctrl,168,17,168.56666666666666,0.025839218869805336,0.375483589514471
UBFC_PHYS_s17_T3_ctrl,168,18,168.6,-0.21363207697868347,0.6101540949170045
UBFC_PHYS_s17_T3_ctrl,168,19,168.63333333333333,-0.5312727689743042,0.8039894028389626
UBFC_PHYS_s17_T3_ctrl,168,20,168.66666666666666,-0.7976199388504028,0.9430858966851543
UBFC_PHYS_s17_T3_ctrl,168,21,168.7,-0.9815953969955444,1.0200871885510239
UBFC_PHYS_s17_T3_ctrl,168,22,168.73333333333332,-1.1758015155792236,1.0332964383045735
UBFC_PHYS_s17_T3_ctrl,168,23,168.76666666666668,-1.3875658512115479,0.9849034423092807
UBFC_PHYS_s17_T3_ctrl,168,24,168.8,-1.5054988861083984,0.8799760735382633
UBFC_PHYS_s17_T3_ctrl,168,25,168.83333333333334,-1.470159888267517,0.7269738566885933
UBFC_PHYS_s17_T3_ctrl,168,26,168.86666666666667,-1.3227289915084839,0.5393013302494949
UBFC_PHYS_s17_T3_ctrl,168,27,168.9,-1.1537717580795288,0.33643409449715805
UBFC_PHYS_s17_T3_ctrl,168,28,168.93333333333334,-1.0411179065704346,0.14288988173595038
UBFC_PHYS_s17_T3_ctrl,168,29,168.96666666666667,-1.0216867923736572,-0.015851439504342892
UBFC_PHYS_s17_T3_ctrl,168,30,169.0,-1.119638442993164,-0.11968221948884784
UBFC_PHYS_s17_T3_ctrl,168,31,169.03333333333333,-1.3038363456726074,-0.16023492939190356
UBFC_PHYS_s17_T3_ctrl,168,32,169.06666666666666,-1.384358525276184,-0.14484192405052146
UBFC_PHYS_s17_T3_ctrl,168,33,169.1,-1.1781425476074219,-0.09634366343658268
UBFC_PHYS_s17_T3_ctrl,168,34,169.13333333333333,-0.7486089468002319,-0.048030800367466486
UBFC_PHYS_s17_T3_ctrl,168,35,169.16666666666666,-0.3260049521923065,-0.03444071553311982
UBFC_PHYS_s17_T3_ctrl,168,36,169.2,-0.04019155725836754,-0.08051059318114037
UBFC_PHYS_s17_T3_ctrl,168,37,169.23333333333332,0.11119578778743744,-0.1927484055874849
UBFC_PHYS_s17_T3_ctrl,168,38,169.26666666666668,0.12400161474943161,-0.3556783340755481
UBFC_PHYS_s17_T3_ctrl,168,39,169.3,0.015854420140385628,-0.5349315342699665
UBFC_PHYS_s17_T3_ctrl,168,40,169.33333333333334,-0.08440326154232025,-0.6858998948202197
UBFC_PHYS_s17_T3_ctrl,168,41,169.36666666666667,-0.05742206424474716,-0.7651258052037098
UBFC_PHYS_s17_T3_ctrl,168,42,169.4,0.05332375317811966,-0.7413156569217836
UBFC_PHYS_s17_T3_ctrl,168,43,169.43333333333334,0.11507031321525574,-0.603575269033429
UBFC_PHYS_s17_T3_ctrl,168,44,169.46666666666667,0.07240373641252518,-0.36531145114221153
UBFC_PHYS_s17_T3_ctrl,168,45,169.5,-0.05859261751174927,-0.06287749001801997
UBFC_PHYS_s17_T3_ctrl,168,46,169.53333333333333,-0.2635560631752014,0.25134502593278585
UBFC_PHYS_s17_T3_ctrl,168,47,169.56666666666666,-0.4743371605873108,0.5206496739182697
UBFC_PHYS_s17_T3_ctrl,168,48,169.6,-0.5736467242240906,0.6980112148433855
UBFC_PHYS_s17_T3_ctrl,168,49,169.63333333333333,-0.5783640146255493,0.7582921577156014
UBFC_PHYS_s17_T3_ctrl,168,50,169.66666666666666,-0.6939091086387634,0.7041934375266136
UBFC_PHYS_s17_T3_ctrl,168,51,169.7,-1.0199426412582397,0.5634096500146831
UBFC_PHYS_s17_T3_ctrl,168,52,169.73333333333332,-1.302384853363037,0.37825525198771165
UBFC_PHYS_s17_T3_ctrl,168,53,169.76666666666668,-1.1857980489730835,0.1922167202144463
UBFC_PHYS_s17_T3_ctrl,168,54,169.8,-0.6671620011329651,0.0383036490584637
UBFC_PHYS_s17_T3_ctrl,168,55,169.83333333333334,-0.03576687350869179,-0.06772094302007188
UBFC_PHYS_s17_T3_ctrl,168,56,169.86666666666667,0.4825998842716217,-0.12840911685336523
UBFC_PHYS_s17_T3_ctrl,168,57,169.9,0.777637243270874,-0.16087103247847048
UBFC_PHYS_s17_T3_ctrl,168,58,169.93333333333334,0.8103073239326477,-0.18992915021984863
UBFC_PHYS_s17_T3_ctrl,168,59,169.96666666666667,0.6959795951843262,-0.24010413134071526
UBFC_PHYS_s17_T3_ctrl,168,60,170.0,0.6365390419960022,-0.3281819279047414
UBFC_PHYS_s17_T3_ctrl,168,61,170.03333333333333,0.6960030198097229,-0.45778907041990136
UBFC_PHYS_s17_T3_ctrl,168,62,170.06666666666666,0.7931587100028992,-0.616983500954332
UBFC_PHYS_s17_T3_ctrl,168,63,170.1,0.8657094836235046,-0.7793306337016965
UBFC_PHYS_s17_T3_ctrl,168,64,170.13333333333333,0.860465407371521,-0.9082875755709945
UBFC_PHYS_s17_T3_ctrl,168,65,170.16666666666666,0.7194140553474426,-0.9641086118545091
UBFC_PHYS_s17_T3_ctrl,168,66,170.2,0.45337122678756714,-0.912074450302508
UBFC_PHYS_s17_T3_ctrl,168,67,170.23333333333332,0.14836077392101288,-0.7306805672193161
UBFC_PHYS_s17_T3_ctrl,168,68,170.26666666666668,-0.12143949419260025,-0.41840875084042417
UBFC_PHYS_s17_T3_ctrl,168,69,170.3,-0.37436041235923767,0.0023452387727335533
UBFC_PHYS_s17_T3_ctrl,168,70,170.33333333333334,-0.6834912300109863,0.48565112514465686
UBFC_PHYS_s17_T3_ctrl,168,71,170.36666666666667,-1.023231863975525,0.9676876500774634
UBFC_PHYS_s17_T3_ctrl,168,72,170.4,-1.1798633337020874,1.3772694344572942
UBFC_PHYS_s17_T3_ctrl,168,73,170.43333333333334,-0.9322918057441711,1.6493040781353887
UBFC_PHYS_s17_T3_ctrl,168,74,170.46666666666667,-0.3491116464138031,1.738207572421821
UBFC_PHYS_s17_T3_ctrl,168,75,170.5,0.2542956471443176,1.628044571986899
UBFC_PHYS_s17_T3_ctrl,168,76,170.53333333333333,0.6639533042907715,1.3365933278898168
UBFC_PHYS_s17_T3_ctrl,168,77,170.56666666666666,0.8999480605125427,0.9116985959532309
UBFC_PHYS_s17_T3_ctrl,168,78,170.6,0.9740088582038879,0.4202037546413082
UBFC_PHYS_s17_T3_ctrl,168,79,170.63333333333333,0.8833028674125671,-0.06771017996671194
UBFC_PHYS_s17_T3_ctrl,168,80,170.66666666666666,0.7682844996452332,-0.49371210715792724
UBFC_PHYS_s17_T3_ctrl,168,81,170.7,0.7889096140861511,-0.8209065241550368
UBFC_PHYS_s17_T3_ctrl,168,82,170.73333333333332,0.8890619874000549,-1.0355374982503556
UBFC_PHYS_s17_T3_ctrl,168,83,170.76666666666668,0.8868613243103027,-1.142116264087291
UBFC_PHYS_s17_T3_ctrl,168,84,170.8,0.7271396517753601,-1.155163014424644
UBFC_PHYS_s17_T3_ctrl,168,85,170.83333333333334,0.4803290069103241,-1.0909351109915248
UBFC_PHYS_s17_T3_ctrl,168,86,170.86666666666667,0.1945624202489853,-0.9619454366065767
UBFC_PHYS_s17_T3_ctrl,168,87,170.9,-0.12050305306911469,-0.7758728598633642
UBFC_PHYS_s17_T3_ctrl,168,88,170.93333333333334,-0.46823859214782715,-0.5386136367008149
UBFC_PHYS_s17_T3_ctrl,168,89,170.96666666666667,-0.859904944896698,-0.2594168872204546
UBFC_PHYS_s17_T3_ctrl,168,90,171.0,-1.2386834621429443,0.04482309988207697
UBFC_PHYS_s17_T3_ctrl,168,91,171.03333333333333,-1.372477412223816,0.348536758691453
UBFC_PHYS_s17_T3_ctrl,168,92,171.06666666666666,-1.0843697786331177,0.6204658968081884
UBFC_PHYS_s17_T3_ctrl,168,93,171.1,-0.5257477760314941,0.8295124408609467
UBFC_PHYS_s17_T3_ctrl,168,94,171.13333333333333,-0.00712349358946085,0.9511221065546602
UBFC_PHYS_s17_T3_ctrl,168,95,171.16666666666666,0.35519713163375854,0.9718638131412031
UBFC_PHYS_s17_T3_ctrl,168,96,171.2,0.6035295128822327,0.8908497521896364
UBFC_PHYS_s17_T3_ctrl,168,97,171.23333333333332,0.7206196784973145,0.7180191584752634
UBFC_PHYS_s17_T3_ctrl,168,98,171.26666666666668,0.6989411115646362,0.47043752738185707
UBFC_PHYS_s17_T3_ctrl,168,99,171.3,0.6756237149238586,0.16832802989404339
UBFC_PHYS_s17_T3_ctrl,168,100,171.33333333333334,0.759680986404419,-0.16751272765428954
UBFC_PHYS_s17_T3_ctrl,168,101,171.36666666666667,0.8866974711418152,-0.5159237443236406
UBFC_PHYS_s17_T3_ctrl,168,102,171.4,0.9397000074386597,-0.853326189778817
UBFC_PHYS_s17_T3_ctrl,168,103,171.43333333333334,0.8876104950904846,-1.1507628127302933
UBFC_PHYS_s17_T3_ctrl,168,104,171.46666666666667,0.7599151134490967,-1.3723139914538671
UBFC_PHYS_s17_T3_ctrl,168,105,171.5,0.5800014138221741,-1.4772499173212643
UBFC_PHYS_s17_T3_ctrl,168,106,171.53333333333333,0.3446504473686218,-1.42717233265687
UBFC_PHYS_s17_T3_ctrl,168,107,171.56666666666666,0.033026400953531265,-1.1972736062755802
UBFC_PHYS_s17_T3_ctrl,168,108,171.6,-0.34711000323295593,-0.788413243137727
UBFC_PHYS_s17_T3_ctrl,168,109,171.63333333333333,-0.6536772847175598,-0.23513376675716144
UBFC_PHYS_s17_T3_ctrl,168,110,171.66666666666666,-0.6351474523544312,0.39492040310112086
UBFC_PHYS_s17_T3_ctrl,168,111,171.7,-0.2060469090938568,1.0120435903301641
UBFC_PHYS_s17_T3_ctrl,168,112,171.73333333333332,0.3920343518257141,1.5236257379543043
UBFC_PHYS_s17_T3_ctrl,168,113,171.76666666666668,0.8494388461112976,1.8555300288230232
UBFC_PHYS_s17_T3_ctrl,168,114,171.8,1.0820273160934448,1.968828484187957
UBFC_PHYS_s17_T3_ctrl,168,115,171.83333333333334,1.1347254514694214,1.866742081160067
UBFC_PHYS_s17_T3_ctrl,168,116,171.86666666666667,1.0574105978012085,1.5899724240775803
UBFC_PHYS_s17_T3_ctrl,168,117,171.9,0.9642464518547058,1.2023959622281362
UBFC_PHYS_s17_T3_ctrl,168,118,171.93333333333334,0.9557599425315857,0.7721366739687757
UBFC_PHYS_s17_T3_ctrl,168,119,171.96666666666667,0.9883949160575867,0.3542512778856248
UBFC_PHYS_s17_T3_ctrl,168,120,172.0,0.9576796293258667,-0.019813527973846834
UBFC_PHYS_s17_T3_ctrl,168,121,172.03333333333333,0.8304876089096069,-0.34363301049702105
UBFC_PHYS_s17_T3_ctrl,168,122,172.06666666666666,0.6220476031303406,-0.6290306207045526
UBFC_PHYS_s17_T3_ctrl,168,123,172.1,0.3287777900695801,-0.8945108193592866
UBFC_PHYS_s17_T3_ctrl,168,124,172.13333333333333,-0.031026141718029976,-1.153083743639362
UBFC_PHYS_s17_T3_ctrl,168,125,172.16666666666666,-0.40273457765579224,-1.403062364447692
UBFC_PHYS_s17_T3_ctrl,168,126,172.2,-0.7552342414855957,-1.6241406233768505
UBFC_PHYS_s17_T3_ctrl,168,127,172.23333333333332,-1.1091386079788208,-1.7796564844510485
UBFC_PHYS_s17_T3_ctrl,168,128,172.26666666666668,-1.455258846282959,-1.824625257163412
UBFC_PHYS_s17_T3_ctrl,168,129,172.3,-1.6617323160171509,-1.7178691269354822
UBFC_PHYS_s17_T3_ctrl,168,130,172.33333333333334,-1.5551419258117676,-1.4354005031358712
UBFC_PHYS_s17_T3_ctrl,168,131,172.36666666666667,-1.0788213014602661,-0.9814944637160624
UBFC_PHYS_s17_T3_ctrl,168,132,172.4,-0.3496383726596832,-0.39399731947950006
UBFC_PHYS_s17_T3_ctrl,168,133,172.43333333333334,0.43189162015914917,0.2585832840487335
UBFC_PHYS_s17_T3_ctrl,168,134,172.46666666666667,1.1022427082061768,0.8888178853306445
UBFC_PHYS_s17_T3_ctrl,168,135,172.5,1.603999376296997,1.4088004307916957
UBFC_PHYS_s17_T3_ctrl,168,136,172.53333333333333,1.9974565505981445,1.7502078121063784
UBFC_PHYS_s17_T3_ctrl,168,137,172.56666666666666,2.3863370418548584,1.8795607753948873
UBFC_PHYS_s17_T3_ctrl,168,138,172.6,2.758209228515625,1.803893684942885
UBFC_PHYS_s17_T3_ctrl,168,139,172.63333333333333,2.973543882369995,1.5656276792998378
UBFC_PHYS_s17_T3_ctrl,168,140,172.66666666666666,2.93152117729187,1.2290247286231744
UBFC_PHYS_s17_T3_ctrl,168,141,172.7,2.6745617389678955,0.8627894302078474
UBFC_PHYS_s17_T3_ctrl,168,142,172.73333333333332,2.283796787261963,0.5237324951737828
UBFC_PHYS_s17_T3_ctrl,168,143,172.76666666666668,1.7929613590240479,0.24542319215606925
UBFC_PHYS_s17_T3_ctrl,168,144,172.8,1.2607001066207886,0.03417193532343162
UBFC_PHYS_s17_T3_ctrl,168,145,172.83333333333334,0.7477413415908813,-0.12722854095734523
UBFC_PHYS_s17_T3_ctrl,168,146,172.86666666666667,0.19556909799575806,-0.2696002224160529
UBFC_PHYS_s17_T3_ctrl,168,147,172.9,-0.516406774520874,-0.4244129020778405
UBFC_PHYS_s17_T3_ctrl,168,148,172.93333333333334,-1.3546382188796997,-0.6113038368817967
UBFC_PHYS_s17_T3_ctrl,168,149,172.96666666666667,-2.019768714904785,-0.8291643830346475
UBFC_PHYS_s17_T3_ctrl,168,150,173.0,-2.1471481323242188,-1.0529127941650271
UBFC_PHYS_s17_T3_ctrl,168,151,173.03333333333333,-1.7070794105529785,-1.2369658042796696
UBFC_PHYS_s17_T3_ctrl,168,152,173.06666666666666,-1.1346098184585571,-1.3252755013877078
UBFC_PHYS_s17_T3_ctrl,168,153,173.1,-0.7760583758354187,-1.2664775680045286
UBFC_PHYS_s17_T3_ctrl,168,154,173.13333333333333,-0.6210306286811829,-1.0310994205530222
UBFC_PHYS_s17_T3_ctrl,168,155,173.16666666666666,-0.5720547437667847,-0.6261029050619761
UBFC_PHYS_s17_T3_ctrl,168,156,173.2,-0.6593310236930847,-0.10108696295864666
UBFC_PHYS_s17_T3_ctrl,168,157,173.23333333333332,-0.8730267882347107,0.45837855028380053
UBFC_PHYS_s17_T3_ctrl,168,158,173.26666666666668,-1.0466545820236206,0.9508242573260782
UBFC_PHYS_s17_T3_ctrl,168,159,173.3,-1.0012255907058716,1.287025642446571
UBFC_PHYS_s17_T3_ctrl,168,160,173.33333333333334,-0.7293182611465454,1.4158538208406857
UBFC_PHYS_s17_T3_ctrl,168,161,173.36666666666667,-0.4200587272644043,1.3370048116098212
UBFC_PHYS_s17_T3_ctrl,168,162,173.4,-0.29250380396842957,1.0954424413224995
UBFC_PHYS_s17_T3_ctrl,168,163,173.43333333333334,-0.3763737678527832,0.7609617521096562
UBFC_PHYS_s17_T3_ctrl,168,164,173.46666666666667,-0.5480584502220154,0.40274286745047116
UBFC_PHYS_s17_T3_ctrl,168,165,173.5,-0.6912168264389038,0.06989530904139972
UBFC_PHYS_s17_T3_ctrl,168,166,173.53333333333333,-0.7127432823181152,-0.21537507505239661
UBFC_PHYS_s17_T3_ctrl,168,167,173.56666666666666,-0.6166878342628479,-0.45207490572034187
UBFC_PHYS_s17_T3_ctrl,168,168,173.6,-0.5583710074424744,-0.6475832132687575
UBFC_PHYS_s17_T3_ctrl,168,169,173.63333333333333,-0.618783175945282,-0.8050681744510707
UBFC_PHYS_s17_T3_ctrl,168,170,173.66666666666666,-0.5955243110656738,-0.9172955397513077
UBFC_PHYS_s17_T3_ctrl,168,171,173.7,-0.25362980365753174,-0.9692293390810118
UBFC_PHYS_s17_T3_ctrl,168,172,173.73333333333332,0.31001386046409607,-0.9472505972014469
UBFC_PHYS_s17_T3_ctrl,168,173,173.76666666666668,0.7841688990592957,-0.8495725011627684
UBFC_PHYS_s17_T3_ctrl,168,174,173.8,1.0635559558868408,-0.6920338460090689
UBFC_PHYS_s17_T3_ctrl,168,175,173.83333333333334,1.26243257522583,-0.5057902907345119
UBFC_PHYS_s17_T3_ctrl,168,176,173.86666666666667,1.4038937091827393,-0.3272438951284917
UBFC_PHYS_s17_T3_ctrl,168,177,173.9,1.4252210855484009,-0.1842681778634235
UBFC_PHYS_s17_T3_ctrl,168,178,173.93333333333334,1.3743606805801392,-0.08485920359936629
UBFC_PHYS_s17_T3_ctrl,168,179,173.96666666666667,1.391719937324524,-0.013653789048173708
UBFC_PHYS_s17_T3_ctrl,168,180,174.0,1.5497442483901978,0.061650699619822835
UBFC_PHYS_s17_T3_ctrl,168,181,174.03333333333333,1.8023842573165894,0.17641341429041116
UBFC_PHYS_s17_T3_ctrl,168,182,174.06666666666666,2.039210081100464,0.3534569115525691
UBFC_PHYS_s17_T3_ctrl,168,183,174.1,2.189216136932373,0.5920911991529644
UBFC_PHYS_s17_T3_ctrl,168,184,174.13333333333333,2.262083053588867,0.8657504535840485
UBFC_PHYS_s17_T3_ctrl,168,185,174.16666666666666,2.299072504043579,1.1285816221366065
UBFC_PHYS_s17_T3_ctrl,168,186,174.2,2.2504944801330566,1.3282670851702076
UBFC_PHYS_s17_T3_ctrl,168,187,174.23333333333332,1.8892742395401,1.420740260307391
UBFC_PHYS_s17_T3_ctrl,168,188,174.26666666666668,1.0142172574996948,1.3822764222663466
UBFC_PHYS_s17_T3_ctrl,168,189,174.3,-0.11000321060419083,1.2154447737469716
UBFC_PHYS_s17_T3_ctrl,168,190,174.33333333333334,-0.9207618832588196,0.9472696550974246
UBFC_PHYS_s17_T3_ctrl,168,191,174.36666666666667,-1.177170991897583,0.6203989880455724
UBFC_PHYS_s17_T3_ctrl,168,192,174.4,-1.0203640460968018,0.2805196073136129
UBFC_PHYS_s17_T3_ctrl,168,193,174.43333333333334,-0.6467710137367249,-0.03550781710391974
UBFC_PHYS_s17_T3_ctrl,168,194,174.46666666666667,-0.2667282819747925,-0.307069581746736
UBFC_PHYS_s17_T3_ctrl,168,195,174.5,-0.08124277740716934,-0.5311811555026678
UBFC_PHYS_s17_T3_ctrl,168,196,174.53333333333333,-0.06755903363227844,-0.7185163639301654
UBFC_PHYS_s17_T3_ctrl,168,197,174.56666666666666,-0.08493001013994217,-0.8862435986193781
UBFC_PHYS_s17_T3_ctrl,168,198,174.6,-0.15660284459590912,-1.0501381600236077
UBFC_PHYS_s17_T3_ctrl,168,199,174.63333333333333,-0.32182610034942627,-1.217905477397432
UBFC_PHYS_s17_T3_ctrl,168,200,174.66666666666666,-0.4836781620979309,-1.3848672737515184
UBFC_PHYS_s17_T3_ctrl,168,201,174.7,-0.5921180248260498,-1.5325456556531416
UBFC_PHYS_s17_T3_ctrl,168,202,174.73333333333332,-0.7302898168563843,-1.6303624523198155
UBFC_PHYS_s17_T3_ctrl,168,203,174.76666666666668,-0.9164191484451294,-1.6405461242453725
UBFC_PHYS_s17_T3_ctrl,168,204,174.8,-1.0568150281906128,-1.526115377211862
UBFC_PHYS_s17_T3_ctrl,168,205,174.83333333333334,-1.1110934019088745,-1.2611478535434857
UBFC_PHYS_s17_T3_ctrl,168,206,174.86666666666667,-1.0848028659820557,-0.841382313282177
UBFC_PHYS_s17_T3_ctrl,168,207,174.9,-0.9814900159835815,-0.2919815137968601
UBFC_PHYS_s17_T3_ctrl,168,208,174.93333333333334,-0.8286395072937012,0.33117621827363497
UBFC_PHYS_s17_T3_ctrl,168,209,174.96666666666667,-0.6312494874000549,0.9491209567211264
UBFC_PHYS_s17_T3_ctrl,168,210,175.0,-0.375168114900589,1.4757933255553362
UBFC_PHYS_s17_T3_ctrl,168,211,175.03333333333333,-0.12030405551195145,1.838298777345976
UBFC_PHYS_s17_T3_ctrl,168,212,175.06666666666666,0.10802359879016876,1.9948802065280624
UBFC_PHYS_s17_T3_ctrl,168,213,175.1,0.3973954916000366,1.9442443859387417
UBFC_PHYS_s17_T3_ctrl,168,214,175.13333333333333,0.730663001537323,1.7229100882139852
UBFC_PHYS_s17_T3_ctrl,168,215,175.16666666666666,0.9373705983161926,1.3918888623302859
UBFC_PHYS_s17_T3_ctrl,168,216,175.2,0.9577147960662842,1.0181298494415665
UBFC_PHYS_s17_T3_ctrl,168,217,175.23333333333332,0.9074747562408447,0.6576849766714326
UBFC_PHYS_s17_T3_ctrl,168,218,175.26666666666668,0.8753665089607239,0.34574738131251526
UBFC_PHYS_s17_T3_ctrl,168,219,175.3,0.8549989461898804,0.0950534795644384
UBFC_PHYS_s17_T3_ctrl,168,220,175.33333333333334,0.8489940166473389,-0.09917067020222194
UBFC_PHYS_s17_T3_ctrl,168,221,175.36666666666667,0.8927491903305054,-0.2511770823974758
UBFC_PHYS_s17_T3_ctrl,168,222,175.4,0.9885470867156982,-0.37681528632692823
UBFC_PHYS_s17_T3_ctrl,168,223,175.43333333333334,1.0821794271469116,-0.4877164702191974
UBFC_PHYS_s17_T3_ctrl,168,224,175.46666666666667,1.107112169265747,-0.5880899655750428
UBFC_PHYS_s17_T3_ctrl,168,225,175.5,1.0173777341842651,-0.6739733299644036
UBFC_PHYS_s17_T3_ctrl,168,226,175.53333333333333,0.8193673491477966,-0.734756616914534
UBFC_PHYS_s17_T3_ctrl,168,227,175.56666666666666,0.6058706045150757,-0.7568040105432704
UBFC_PHYS_s17_T3_ctrl,168,228,175.6,0.41246047616004944,-0.7284743838037595
UBFC_PHYS_s17_T3_ctrl,168,229,175.63333333333333,0.09267767518758774,-0.6451047505842616
UBFC_PHYS_s17_T3_ctrl,168,230,175.66666666666666,-0.485843688249588,-0.512215889624684
UBFC_PHYS_s17_T3_ctrl,168,231,175.7,-1.1281366348266602,-0.3456400011745765
UBFC_PHYS_s17_T3_ctrl,168,232,175.73333333333332,-1.4381219148635864,-0.16836813167747866
UBFC_PHYS_s17_T3_ctrl,168,233,175.76666666666668,-1.2586063146591187,-0.0052447135363206015
UBFC_PHYS_s17_T3_ctrl,168,234,175.8,-0.8126146793365479,0.12245607620605847
UBFC_PHYS_s17_T3_ctrl,168,235,175.83333333333334,-0.38090381026268005,0.20072940524916227
UBFC_PHYS_s17_T3_ctrl,168,236,175.86666666666667,-0.0983913466334343,0.2242515044170131
UBFC_PHYS_s17_T3_ctrl,168,237,175.9,-0.0017038430087268353,0.19613931594443837
UBFC_PHYS_s17_T3_ctrl,168,238,175.93333333333334,-0.05160442739725113,0.12681507011423526
UBFC_PHYS_s17_T3_ctrl,168,239,175.96666666666667,-0.1318339854478836,0.032204064661992875
