recording_id,measurement_id,sample_index,time_seconds,gt_signal,predicted_signal
302,0,0,0.0,0.04130221283236797,0.08016787425767528
302,0,1,0.03333333333333333,0.04762562508233251,0.1483085451179138
302,0,2,0.06666666666666667,0.03729150547861726,0.20734940547460623
302,0,3,0.1,0.0013481740469508396,0.24623196171936929
302,0,4,0.13333333333333333,-0.05392599978093489,0.25744352269423193
302,0,5,0.16666666666666666,-0.11214829391665625,0.23698247648141502
302,0,6,0.2,-0.16314677887588913,0.18516542633319702
302,0,7,0.23333333333333334,-0.20529982643722391,0.10679956150606856
302,0,8,0.26666666666666666,-0.240075854162783,0.007741307349742543
302,0,9,0.3,-0.2713877406614076,-0.10467475201799466
302,0,10,0.3333333333333333,-0.3050783960180908,-0.22646214341269671
302,0,11,0.36666666666666664,-0.3466125876314109,-0.3562612285687434
302,0,12,0.4,-0.3987683106185937,-0.4917738312537141
302,0,13,0.43333333333333335,-0.4612452018026296,-0.6288808853856733
302,0,14,0.4666666666666667,-0.5302934331265499,-0.759095404857663
302,0,15,0.5,-0.5999005187129477,-0.8688236202832506
302,0,16,0.5333333333333333,-0.6614570466271603,-0.9411274346651589
302,0,17,0.5666666666666667,-0.7023435117074813,-0.9554457926212107
302,0,18,0.6,-0.7063447250114941,-0.8993482222250355
302,0,19,0.6333333333333333,-0.6530828464085543,-0.7688301190536283
302,0,20,0.6666666666666666,-0.5196332359868304,-0.561626187851566
302,0,21,0.7,-0.2866264235239478,-0.2782663491858123
302,0,22,0.7333333333333333,0.039828584228189544,0.05659668987351914
302,0,23,0.7666666666666667,0.40583179111224443,0.39280420313564035
302,0,24,0.8,0.7244842875568508,0.6899798608235425
302,0,25,0.8333333333333334,0.9232373555118563,0.9162233976187025
302,0,26,0.8666666666666667,0.9834592648127125,1.0557518884275967
302,0,27,0.9,0.9339747837151829,1.1076858417131172
302,0,28,0.9333333333333333,0.8205305621865362,1.082746584896224
302,0,29,0.9666666666666667,0.6851070613609542,1.0025491850741681
302,0,30,1.0,0.5555445685895062,0.8829928752575549
302,0,31,1.0333333333333334,0.4424340449943855,0.7343776158949588
302,0,32,1.0666666666666667,0.3408358494272212,0.5669682585149698
302,0,33,1.1,0.2405512933675151,0.39178973800134065
302,0,34,1.1333333333333333,0.13836171425445984,0.2184111334521486
302,0,35,1.1666666666666667,0.04043540180117078,0.05597292534840889
302,0,36,1.2,-0.044862731101667316,-0.08875315671454949
302,0,37,1.2333333333333334,-0.11198124150841134,-0.21033363509240124
302,0,38,1.2666666666666666,-0.1584564188917676,-0.30600647608804
302,0,39,1.3,-0.18716404651956528,-0.3748234882974959
302,0,40,1.3333333333333333,-0.2058493460620089,-0.42270770702678734
302,0,41,1.3666666666666667,-0.22486406680961699,-0.461729270580869
302,0,42,1.4,-0.2548463852141179,-0.5023712250194003
302,0,43,1.4333333333333333,-0.3033401396600574,-0.5529021919207602
302,0,44,1.4666666666666666,-0.374303722096192,-0.6178836035657284
302,0,45,1.5,-0.46670718924271815,-0.6976522661603077
302,0,46,1.5333333333333334,-0.5729178191330685,-0.7848647697130765
302,0,47,1.5666666666666667,-0.6812608449439193,-0.8641395914728199
302,0,48,1.6,-0.778560217615261,-0.9146247608541034
302,0,49,1.6333333333333333,-0.8493845343963381,-0.9100595057206726
302,0,50,1.6666666666666667,-0.8751262106802407,-0.829131948477309
302,0,51,1.7,-0.8345648277792982,-0.6561783193340677
302,0,52,1.7333333333333334,-0.7019569671966877,-0.39109702620840114
302,0,53,1.7666666666666666,-0.45181589872524525,-0.05065970693433277
302,0,54,1.8,-0.08480530265078229,0.32454345591701506
302,0,55,1.8333333333333333,0.34719779081340646,0.668758897346389
302,0,56,1.8666666666666667,0.7509325383224684,0.9358122382291278
302,0,57,1.9,1.0375372240413343,1.0979029910024791
302,0,58,1.9333333333333333,1.1709210828303287,1.1517649699594201
302,0,59,1.9666666666666666,1.1704535523284199,1.1175465724810127
302,0,60,2.0,1.0747926045777851,1.0218716858137147
302,0,61,2.033333333333333,0.9226670782625488,0.8972903748441969
302,0,62,2.066666666666667,0.7501532825884958,0.762025286052764
302,0,63,2.1,0.580561973595495,0.620340587606408
302,0,64,2.1333333333333333,0.4216101763528002,0.47558116426243846
302,0,65,2.1666666666666665,0.2719634467730578,0.33112050112868224
302,0,66,2.2,0.13112660265437268,0.19071578576713047
302,0,67,2.2333333333333334,0.004861681987800376,0.05948632318717938
302,0,68,2.2666666666666666,-0.09944266547711414,-0.05992499443738841
302,0,69,2.3,-0.17733708180388688,-0.1664218105049451
302,0,70,2.3333333333333335,-0.22992028080938348,-0.26042560227581246
302,0,71,2.3666666666666667,-0.2632140104656252,-0.3430305513630876
302,0,72,2.4,-0.28417045425953824,-0.4163515678895624
302,0,73,2.433333333333333,-0.301928322947108,-0.4828076223471357
302,0,74,2.466666666666667,-0.3289618367437197,-0.5467904773343705
302,0,75,2.5,-0.3751534339502484,-0.614013505355343
302,0,76,2.533333333333333,-0.4436345294395837,-0.6891402738769422
302,0,77,2.566666666666667,-0.5320859117908123,-0.7751427414712688
302,0,78,2.6,-0.63418219375798,-0.8641804362016913
302,0,79,2.6333333333333333,-0.7372415982177132,-0.937211423133947
302,0,80,2.6666666666666665,-0.8236922147677835,-0.9724657126660465
302,0,81,2.7,-0.8746061868722598,-0.945578202131933
302,0,82,2.7333333333333334,-0.866069950713785,-0.8370074448222915
302,0,83,2.7666666666666666,-0.7677019252790857,-0.6328443947327388
302,0,84,2.8,-0.5506536094607631,-0.3376611434755367
302,0,85,2.8333333333333335,-0.2090015027107512,0.024088598181876794
302,0,86,2.8666666666666667,0.21379137456514138,0.4102841523715155
302,0,87,2.9,0.6259537289474996,0.7596847871518208
302,0,88,2.933333333333333,0.9320679250978317,1.0289331670376591
302,0,89,2.966666666666667,1.088244078488749,1.1912334748138047
302,0,90,3.0,1.1099093948850773,1.2403256969297114
302,0,91,3.033333333333333,1.0373128330643628,1.1894539576280212
302,0,92,3.066666666666667,0.908723520453137,1.065456075088627
302,0,93,3.1,0.7544351947278187,0.9083321469191037
302,0,94,3.1333333333333333,0.5983921115917012,0.7409644022225699
302,0,95,3.1666666666666665,0.4540870200795522,0.5695907430141195
302,0,96,3.2,0.32067947581263856,0.3998761375877141
302,0,97,3.2333333333333334,0.19183006181445483,0.2380122915339306
302,0,98,3.2666666666666666,0.06751319239990565,0.08905261450127173
302,0,99,3.3,-0.045043598738887206,-0.04201654102325769
302,0,100,3.3333333333333335,-0.13721516858002492,-0.15351667971243882
302,0,101,3.3666666666666667,-0.2049543226178466,-0.24611606118250604
302,0,102,3.4,-0.25031229515055486,-0.3202672160834121
302,0,103,3.433333333333333,-0.27824799364995867,-0.37545687124677507
302,0,104,3.466666666666667,-0.2971958630851508,-0.41679725535407225
302,0,105,3.5,-0.31870522866914763,-0.4544165689815281
302,0,106,3.533333333333333,-0.3519262189266283,-0.4961184509037817
302,0,107,3.566666666666667,-0.40070857197849724,-0.5468363049718389
302,0,108,3.6,-0.4645177314122415,-0.6098204993985588
302,0,109,3.6333333333333333,-0.5396875975484836,-0.6861522130114325
302,0,110,3.6666666666666665,-0.619009081073592,-0.7673049918315042
302,0,111,3.7,-0.6917037062087854,-0.834840444635491
302,0,112,3.7333333333333334,-0.744037021861246,-0.8695371727343028
302,0,113,3.7666666666666666,-0.7595266256022897,-0.8514841601430762
302,0,114,3.8,-0.7192877491927957,-0.7652772974882199
302,0,115,3.8333333333333335,-0.6004013271491884,-0.6006392061192822
302,0,116,3.8666666666666667,-0.37965545810444545,-0.35659897700056264
302,0,117,3.9,-0.055884926885649076,-0.04276241935601654
302,0,118,3.933333333333333,0.32597934734042316,0.3081484261336553
302,0,119,3.966666666666667,0.6802327791964011,0.63892089530202
302,0,120,4.0,0.9236606283538449,0.9056488911691837
302,0,121,4.033333333333333,1.0242049264808746,1.076565036143312
302,0,122,4.066666666666666,1.0046529797658104,1.1433552640569236
302,0,123,4.1,0.9087682865990145,1.120127352409692
302,0,124,4.133333333333334,0.7762891743821105,1.030459255043371
302,0,125,4.166666666666667,0.6367336976309538,0.9068640738523175
302,0,126,4.2,0.5069154397048524,0.7684395151895432
302,0,127,4.233333333333333,0.3892054438755358,0.6212087131297491
302,0,128,4.266666666666667,0.2763833989718192,0.46948123925885493
302,0,129,4.3,0.16387715253229235,0.31681566399385075
302,0,130,4.333333333333333,0.05618238666899617,0.1673346484100669
302,0,131,4.366666666666666,-0.03936329730106311,0.0267526559071999
302,0,132,4.4,-0.11749424495782675,-0.10106508976634804
302,0,133,4.433333333333334,-0.17428741803562764,-0.21314179687659046
302,0,134,4.466666666666667,-0.21063400159882106,-0.3082653847671868
302,0,135,4.5,-0.23447472616513743,-0.38615330752759147
302,0,136,4.533333333333333,-0.2567334418721423,-0.45018456011741126
302,0,137,4.566666666666666,-0.28752397424224896,-0.5066852160246375
302,0,138,4.6,-0.3341568802851663,-0.5619251434109926
302,0,139,4.633333333333334,-0.4003035793108565,-0.6214905905571689
302,0,140,4.666666666666667,-0.4856768538319286,-0.6889342741736219
302,0,141,4.7,-0.5833025048298756,-0.765228308701028
302,0,142,4.733333333333333,-0.6797953120778162,-0.8429239865136974
302,0,143,4.766666666666667,-0.7607279927216228,-0.9058297145787302
302,0,144,4.8,-0.8119137513362822,-0.9343893384713561
302,0,145,4.833333333333333,-0.817864823417203,-0.9058328692829561
302,0,146,4.866666666666666,-0.7583792154055954,-0.7978396480666496
302,0,147,4.9,-0.6077339857298125,-0.5894480061121173
302,0,148,4.933333333333334,-0.34573103936350785,-0.2871201653217989
302,0,149,4.966666666666667,0.017833102450906337,0.07387294184674503
302,0,150,5.0,0.42231218617550703,0.44723960016414466
302,0,151,5.033333333333333,0.7718036300066401,0.7743318032497342
302,0,152,5.066666666666666,0.9911770316846713,1.0147366573423005
302,0,153,5.1,1.0691651468192376,1.1450219186822073
302,0,154,5.133333333333334,1.0389496731604775,1.1637383314737098
302,0,155,5.166666666666667,0.9396121379138436,1.0904714029389506
302,0,156,5.2,0.8044993559160705,0.9544375951643895
302,0,157,5.233333333333333,0.6590932052792983,0.7941376690797525
302,0,158,5.266666666666667,0.5175162924074731,0.6359618656727916
302,0,159,5.3,0.38128524149154985,0.49457834324799765
302,0,160,5.333333333333333,0.2475076534381411,0.37474978383326096
302,0,161,5.366666666666666,0.11920209071475539,0.27223829463862564
302,0,162,5.4,0.004918416516288479,0.17792865757411547
302,0,163,5.433333333333334,-0.08757998750212305,0.07887831786428419
302,0,164,5.466666666666667,-0.15488653943260255,-0.023422428753280294
302,0,165,5.5,-0.19782478224903505,-0.11231486682777961
302,0,166,5.533333333333333,-0.220768010882524,-0.18293560141723877
302,0,167,5.566666666666666,-0.23098249532118503,-0.2416443970175281
302,0,168,5.6,-0.2397753891772575,-0.2943001947442674
302,0,169,5.633333333333334,-0.2601296938976104,-0.3455994631338768
302,0,170,5.666666666666667,-0.2996207144173647,-0.4019060491044572
302,0,171,5.7,-0.3600601558398667,-0.47064028836489313
302,0,172,5.733333333333333,-0.4399256489566933,-0.554803417560305
302,0,173,5.766666666666667,-0.5339244259868839,-0.6523585014648968
302,0,174,5.8,-0.6328961490273148,-0.7549491408285132
302,0,175,5.833333333333333,-0.7234016320102529,-0.8474263211864687
302,0,176,5.866666666666666,-0.7906826520313075,-0.9133432973046703
302,0,177,5.9,-0.8184345851492468,-0.9347793734146137
302,0,178,5.933333333333334,-0.7860333725256292,-0.8949573219833808
302,0,179,5.966666666666667,-0.6689950386590411,-0.7786116043077588
302,0,180,6.0,-0.4420520022916032,-0.5776966285145223
302,0,181,6.033333333333333,-0.10214489823535257,-0.2925108693207599
302,0,182,6.066666666666666,0.3030743372155018,0.05209083166568677
302,0,183,6.1,0.6829683072418633,0.40530023120755587
302,0,184,6.133333333333334,0.9512682674657947,0.7201192302894114
302,0,185,6.166666666666667,1.0738318025709408,0.9521138107270682
302,0,186,6.2,1.0702370428339112,1.082761259770191
302,0,187,6.233333333333333,0.9807645660530315,1.1182643009047506
302,0,188,6.266666666666667,0.8442492185945769,1.077933205316432
302,0,189,6.3,0.6917035180631579,0.9933394042347312
302,0,190,6.333333333333333,0.5434615031171759,0.8838710738759856
302,0,191,6.366666666666666,0.40680529142462013,0.7567722026323487
302,0,192,6.4,0.2780703089651091,0.6168097632141948
302,0,193,6.433333333333334,0.15240290522242542,0.4670667011451387
302,0,194,6.466666666666667,0.031171989159648403,0.31293259807219015
302,0,195,6.5,-0.07822266327119361,0.16306548823301326
302,0,196,6.533333333333333,-0.16716924763971097,0.02294148325124161
302,0,197,6.566666666666666,-0.2299061467745523,-0.1041677631440187
302,0,198,6.6,-0.2658062860574185,-0.21654845851713328
302,0,199,6.633333333333334,-0.2807821103546343,-0.3131141020553898
302,0,200,6.666666666666667,-0.2860079764770197,-0.3931443999759531
302,0,201,6.7,-0.2936903584231149,-0.4555473694688511
302,0,202,6.733333333333333,-0.312980792005245,-0.5055211073234848
302,0,203,6.766666666666667,-0.35037284307688804,-0.5539023093252788
302,0,204,6.8,-0.40896226994895285,-0.6101451916652426
302,0,205,6.833333333333333,-0.4858928518256493,-0.6816680397926275
302,0,206,6.866666666666666,-0.5731732984596167,-0.7655297209070387
302,0,207,6.9,-0.659488855519714,-0.8479931178659547
302,0,208,6.933333333333334,-0.7298901958205335,-0.9083970789145419
302,0,209,6.966666666666667,-0.7655068272069891,-0.9191795616271985
302,0,210,7.0,-0.744927390572765,-0.8617833620962683
302,0,211,7.033333333333333,-0.6439733983709385,-0.727157864812092
302,0,212,7.066666666666666,-0.437360956600105,-0.5149727885535255
302,0,213,7.1,-0.11904115558802232,-0.23465621239283868
302,0,214,7.133333333333334,0.26920152023055427,0.09026620649921747
302,0,215,7.166666666666667,0.6403751909373432,0.4207666509705731
302,0,216,7.2,0.9065955111994816,0.7190964462427938
302,0,217,7.233333333333333,1.029479377428266,0.9474333290341987
302,0,218,7.266666666666667,1.0262867251317345,1.084866523025995
302,0,219,7.3,0.9389195338779761,1.1263041971837566
302,0,220,7.333333333333333,0.8093616376121194,1.0866250088064027
302,0,221,7.366666666666666,0.6697201127099639,0.999916323104364
302,0,222,7.4,0.5375657716923137,0.8874392104890889
302,0,223,7.433333333333334,0.4158069360551019,0.7576291206946552
302,0,224,7.466666666666667,0.2991380382614888,0.6163256541380706
302,0,225,7.5,0.18331743821363866,0.46755520805716533
302,0,226,7.533333333333333,0.07132482488199757,0.3160627790576729
302,0,227,7.566666666666666,-0.028385534495895273,0.1682870049747233
302,0,228,7.6,-0.10856740087607435,0.028318859636619537
302,0,229,7.633333333333334,-0.16627842142557547,-0.10109410214626169
302,0,230,7.666666666666667,-0.20230899014034187,-0.21717849260351613
302,0,231,7.7,-0.222365846998756,-0.316216712463975
302,0,232,7.733333333333333,-0.23663843490290631,-0.3982051402442564
302,0,233,7.766666666666667,-0.25562851967228417,-0.46607635909727674
302,0,234,7.8,-0.2877678163012043,-0.5261790678077533
302,0,235,7.833333333333333,-0.3390395507590922,-0.587553331173382
302,0,236,7.866666666666666,-0.4124872605991659,-0.6567476563720664
302,0,237,7.9,-0.5059041087993581,-0.7371559788463259
302,0,238,7.933333333333334,-0.6096224178006342,-0.823242155211588
302,0,239,7.966666666666667,-0.7097460342470943,-0.9001151464884426
302,0,240,8.0,-0.7932338659205941,-0.9499450926765305
302,0,241,8.033333333333333,-0.8457436914913128,-0.9519463217187116
302,0,242,8.066666666666666,-0.8480263283647257,-0.887991799529767
302,0,243,8.1,-0.7780606456253172,-0.7431671693773988
302,0,244,8.133333333333333,-0.6096852876749115,-0.5118352268066982
302,0,245,8.166666666666666,-0.3221746609498008,-0.1989015363854384
302,0,246,8.2,0.06715913947053231,0.16618218378389155
302,0,247,8.233333333333333,0.48663277863695636,0.5279495938065331
302,0,248,8.266666666666667,0.8390445119595903,0.8386989396299908
302,0,249,8.3,1.0552511805031597,1.0572033492338795
302,0,250,8.333333333333334,1.126047346048344,1.1674618584740288
302,0,251,8.366666666666667,1.0853611899027689,1.1775376851141621
302,0,252,8.4,0.9758510094166682,1.1094346172518625
302,0,253,8.433333333333334,0.832526892843692,0.9983578969543423
302,0,254,8.466666666666667,0.6807420932231095,0.8667743848726969
302,0,255,8.5,0.5365095643767792,0.7245573445468242
302,0,256,8.533333333333333,0.40291731056777197,0.5763287820656979
302,0,257,8.566666666666666,0.2736964100185562,0.42237074825171317
302,0,258,8.6,0.14695339778597977,0.2656913592123839
302,0,259,8.633333333333333,0.0284721365442316,0.11309150725581081
302,0,260,8.666666666666666,-0.07257202094918039,-0.03008734510091167
302,0,261,8.7,-0.14907804750366435,-0.15895666460371877
302,0,262,8.733333333333333,-0.20107958470198412,-0.2705804592157739
302,0,263,8.766666666666667,-0.2326989079092635,-0.36306281378419125
302,0,264,8.8,-0.25161459348337567,-0.4364959460931505
302,0,265,8.833333333333334,-0.26977834848861404,-0.49222506088953577
302,0,266,8.866666666666667,-0.2982907733544051,-0.5354204889263783
302,0,267,8.9,-0.3439264331656441,-0.5744731643674149
302,0,268,8.933333333333334,-0.40841254805718624,-0.6178132109907332
302,0,269,8.966666666666667,-0.4901785363479274,-0.6733524372551697
302,0,270,9.0,-0.5849934734689091,-0.7412539753966061
302,0,271,9.033333333333333,-0.6834746729108118,-0.8135213642699008
302,0,272,9.066666666666666,-0.7716019126566922,-0.8724097675249012
302,0,273,9.1,-0.8331910344958614,-0.8904392945368322
302,0,274,9.133333333333333,-0.8497543524265756,-0.8447378940708283
302,0,275,9.166666666666666,-0.7988706479185498,-0.7176168545896539
302,0,276,9.2,-0.654678337124253,-0.5063972130445034
302,0,277,9.233333333333333,-0.39495184221452295,-0.22446301543219546
302,0,278,9.266666666666667,-0.026832421896885533,0.10249037854620432
302,0,279,9.3,0.38916615775827595,0.4351014821280876
302,0,280,9.333333333333334,0.756861057448183,0.7327767646220026
302,0,281,9.366666666666667,0.996366775664372,0.952403862723084
302,0,282,9.4,1.0858229466166518,1.0758406336923139
302,0,283,9.433333333333334,1.0545449805879403,1.1088046261211
302,0,284,9.466666666666667,0.9472415510905894,1.0694958783564557
302,0,285,9.5,0.8035030306829833,0.987799772494608
302,0,286,9.533333333333333,0.6532725551587958,0.8819469209833559
302,0,287,9.566666666666666,0.5138744604330306,0.7585650505300708
302,0,288,9.6,0.3880538108569836,0.621394729232966
302,0,289,9.633333333333333,0.26846101782674736,0.472086463569596
302,0,290,9.666666666666666,0.14995009468357517,0.3154632669618819
302,0,291,9.7,0.03648157832691544,0.1604975796242415
302,0,292,9.733333333333333,-0.06332748172536334,0.013945560935714862
302,0,293,9.766666666666667,-0.1425554822312769,-0.11867336682646328
302,0,294,9.8,-0.1981463562125929,-0.23382750295319724
302,0,295,9.833333333333334,-0.23226965262054772,-0.32905241722614037
302,0,296,9.866666666666667,-0.2533476176465666,-0.40528499478237645
302,0,297,9.9,-0.27332880879655985,-0.4660844244153446
302,0,298,9.933333333333334,-0.3038210698411294,-0.5175437266225366
302,0,299,9.966666666666667,-0.35247794150800205,-0.5676208869513785
302,0,300,10.0,-0.42250461860361843,-0.6224377622371141
302,0,301,10.033333333333333,-0.5118425586452497,-0.685707297186924
302,0,302,10.066666666666666,-0.6110308531702393,-0.7551013126846654
302,0,303,10.1,-0.706589009229273,-0.8218521297079111
302,0,304,10.133333333333333,-0.7840434871082578,-0.870170093964349
302,0,305,10.166666666666666,-0.825813002592422,-0.8772355439761386
302,0,306,10.2,-0.8113093289551752,-0.8247718742541003
302,0,307,10.233333333333333,-0.7173764275311898,-0.6995623168598156
302,0,308,10.266666666666667,-0.5176139468126191,-0.4953725279226585
302,0,309,10.3,-0.20074947758072018,-0.2140877403245639
302,0,310,10.333333333333334,0.19797932999625856,0.1190661382387104
302,0,311,10.366666666666667,0.5939442548069592,0.454163189591283
302,0,312,10.4,0.8936558713918316,0.7456776107030375
302,0,313,10.433333333333334,1.0467399056003366,0.9513245739608648
302,0,314,10.466666666666667,1.0622782302270055,1.0545055713829634
302,0,315,10.5,0.9832626082375805,1.0632554430548389
302,0,316,10.533333333333333,0.8552685022305284,0.9979248262855495
302,0,317,10.566666666666666,0.7127203917155386,0.890494388035416
302,0,318,10.6,0.5766612877045157,0.7630267313015012
302,0,319,10.633333333333333,0.45308552215611053,0.6277897684903134
302,0,320,10.666666666666666,0.33552280919316285,0.4976468697963112
302,0,321,10.7,0.2169317792676835,0.38667125114049206
302,0,322,10.733333333333333,0.09872725367450019,0.2928570355308804
302,0,323,10.766666666666667,-0.009865139587968488,0.19901144720256386
302,0,324,10.8,-0.09861199048319463,0.09789114845267241
302,0,325,10.833333333333334,-0.16291194133297218,-0.006860919679457345
302,0,326,10.866666666666667,-0.20497818872450305,-0.11222071208143149
302,0,327,10.9,-0.23202636345102168,-0.21505622438002872
302,0,328,10.933333333333334,-0.25311425817751537,-0.31489117262560534
302,0,329,10.966666666666667,-0.27790215369250104,-0.4131205085692191
302,0,330,11.0,-0.31544367822039265,-0.5124758947502417
302,0,331,11.033333333333333,-0.37219572367871756,-0.6161931817427221
302,0,332,11.066666666666666,-0.4496420083256305,-0.7215858833566485
302,0,333,11.1,-0.5438208464810675,-0.8193486482023593
302,0,334,11.133333333333333,-0.6467611076962206,-0.8989244990088289
302,0,335,11.166666666666666,-0.7460362268514042,-0.9481021688526211
302,0,336,11.2,-0.8262844239507475,-0.9528609829351732
302,0,337,11.233333333333333,-0.870205522377873,-0.8974421796001305
302,0,338,11.266666666666667,-0.8572749645151734,-0.7718360135060741
302,0,339,11.3,-0.7627725075101627,-0.5725104543207159
302,0,340,11.333333333333334,-0.5603825146498117,-0.30754206084739133
302,0,341,11.366666666666667,-0.23766744415110255,0.0021285076839765715
302,0,342,11.4,0.1740664398759181,0.3255860770529071
302,0,343,11.433333333333334,0.5909089936353976,0.6205459234208122
302,0,344,11.466666666666667,0.9167949277776788,0.8533539973161397
302,0,345,11.5,1.0977089785392409,0.99778068649419
302,0,346,11.533333333333333,1.137738371227838,1.0495048010542647
302,0,347,11.566666666666666,1.0742336418670995,1.0251559985966525
302,0,348,11.6,0.9488054516753033,0.9472814602856271
302,0,349,11.633333333333333,0.7958682018502355,0.8438466190333174
302,0,350,11.666666666666666,0.6406553678146636,0.7301916913546527
302,0,351,11.7,0.4958205249781079,0.6093336128304294
302,0,352,11.733333333333333,0.36219847649257975,0.4833059809280651
302,0,353,11.766666666666667,0.23540106959055493,0.3539954742885363
302,0,354,11.8,0.11339473132922306,0.22508810211384822
302,0,355,11.833333333333334,0.0014230160263717095,0.10294018929252642
302,0,356,11.866666666666667,-0.09232661902206722,-0.009992678557348311
302,0,357,11.9,-0.16307891571054267,-0.11428665120066583
302,0,358,11.933333333333334,-0.2101398970087595,-0.2108182584627083
302,0,359,11.966666666666667,-0.23753095399493931,-0.2999228696198807
302,0,360,12.0,-0.25462918056216266,-0.3830913990790716
302,0,361,12.033333333333333,-0.273443944180879,-0.4622252940513332
302,0,362,12.066666666666666,-0.3050945629897086,-0.5402908235783778
302,0,363,12.1,-0.35753753139230926,-0.6206175251445547
302,0,364,12.133333333333333,-0.4332034237157684,-0.703240952245146
302,0,365,12.166666666666666,-0.5278738939518361,-0.7842988201847101
302,0,366,12.2,-0.6321028419859974,-0.8559427616536782
302,0,367,12.233333333333333,-0.7339419131788272,-0.9059826533289516
302,0,368,12.266666666666667,-0.8204270636542839,-0.9189045285240789
302,0,369,12.3,-0.8753455083383426,-0.8759851020324827
302,0,370,12.333333333333334,-0.877657719673661,-0.7631761455817234
302,0,371,12.366666666666667,-0.8017200033399956,-0.5718666238465118
302,0,372,12.4,-0.6194263615643907,-0.30728510230562917
302,0,373,12.433333333333334,-0.3132598454986376,0.010213823132687226
302,0,374,12.466666666666667,0.0951982088628566,0.3474417562355583
302,0,375,12.5,0.5293203800066844,0.6569854130376913
302,0,376,12.533333333333333,0.8876082818777016,0.9024440057449679
302,0,377,12.566666666666666,1.100540351061974,1.0571934286732627
302,0,378,12.6,1.161584310530532,1.115866146409451
302,0,379,12.633333333333333,1.1085691332929737,1.0933470417000042
302,0,380,12.666666666666666,0.9877224253672696,1.011965333222869
302,0,381,12.7,0.8350018879266952,0.9009871746452428
302,0,382,12.733333333333333,0.6760311136041086,0.7762491699079845
302,0,383,12.766666666666667,0.5263525207961719,0.6404999623259227
302,0,384,12.8,0.38680422660775676,0.4959056100853406
302,0,385,12.833333333333334,0.25057620944636594,0.3449894690305124
302,0,386,12.866666666666667,0.1137602809384981,0.1931635343604459
302,0,387,12.9,-0.020142686198975857,0.049705049325470846
302,0,388,12.933333333333334,-0.14139017022666245,-0.0813984048049985
302,0,389,12.966666666666667,-0.2406013792572858,-0.2004716335772223
302,0,390,13.0,-0.31360182837380335,-0.30791150574841986
302,0,391,13.033333333333333,-0.36269599704608896,-0.4032551181123415
302,0,392,13.066666666666666,-0.3942080195821144,-0.487810079867272
302,0,393,13.1,-0.4178057058507479,-0.5638737381297516
302,0,394,13.133333333333333,-0.4441635811723449,-0.6347224410171026
302,0,395,13.166666666666666,-0.4790251274728326,-0.7039285548188167
302,0,396,13.2,-0.5242793552537015,-0.7722550564646384
302,0,397,13.233333333333333,-0.5793852588190436,-0.8371172395086527
302,0,398,13.266666666666667,-0.6380019967740337,-0.8893303442565187
302,0,399,13.3,-0.6894531229420926,-0.9129156182551836
302,0,400,13.333333333333334,-0.7217556984686435,-0.8911821261219555
302,0,401,13.366666666666667,-0.7186417561318887,-0.8070709587880656
302,0,402,13.4,-0.6578680501159779,-0.6478769331275496
302,0,403,13.433333333333334,-0.5129399967484747,-0.406271006757572
302,0,404,13.466666666666667,-0.2613812439932075,-0.09538634533875393
302,0,405,13.5,0.08701133225373028,0.24976238821962016
302,0,406,13.533333333333333,0.4702123845900879,0.5850680302376438
302,0,407,13.566666666666666,0.7956502812685755,0.8560603686444563
302,0,408,13.6,0.9900796165333168,1.034971875765064
302,0,409,13.633333333333333,1.0395380300995376,1.1195377421643569
302,0,410,13.666666666666666,0.9798707182188762,1.1185037925043453
302,0,411,13.7,0.8611678296745582,1.0507303331271018
302,0,412,13.733333333333333,0.7265287955747115,0.9376659267407147
302,0,413,13.766666666666667,0.6016632169456082,0.8032032270325813
302,0,414,13.8,0.49267050670348367,0.6611024656347633
302,0,415,13.833333333333334,0.3913930696690062,0.5155748761234902
302,0,416,13.866666666666667,0.2857313955467124,0.3700031958097806
302,0,417,13.9,0.17181891178595013,0.2279287491424291
302,0,418,13.933333333333334,0.05810876495736932,0.0933187390205531
302,0,419,13.966666666666667,-0.04368206173418705,-0.02846955361290225
302,0,420,14.0,-0.1272904690192696,-0.13712467931221456
302,0,421,14.033333333333333,-0.1903381469841926,-0.2364474484226408
302,0,422,14.066666666666666,-0.23529609135594745,-0.32878963609794554
302,0,423,14.1,-0.2711282099773794,-0.4142056456290808
302,0,424,14.133333333333333,-0.3081020156237189,-0.4947598275723373
302,0,425,14.166666666666666,-0.3550848499654961,-0.5737972306450579
302,0,426,14.2,-0.41900603291535743,-0.6539866077568312
302,0,427,14.233333333333333,-0.5025202565688229,-0.7366393741046805
302,0,428,14.266666666666667,-0.602502817231358,-0.8199087215421548
302,0,429,14.3,-0.7105197337911449,-0.898238922529544
302,0,430,14.333333333333334,-0.8132530130476722,-0.9585324428357566
302,0,431,14.366666666666667,-0.8929670404005746,-0.9799832795664122
302,0,432,14.4,-0.9294215638447614,-0.941753295171379
302,0,433,14.433333333333334,-0.8990511890244846,-0.8234636129682851
302,0,434,14.466666666666667,-0.7730916235488612,-0.6171157865896763
302,0,435,14.5,-0.5246518063095028,-0.3282361920261576
302,0,436,14.533333333333333,-0.15308362073238124,0.019924426920658524
302,0,437,14.566666666666666,0.28979612008926064,0.3849126347697595
302,0,438,14.6,0.7065727061677497,0.7218595501485969
302,0,439,14.633333333333333,1.0044562927288956,0.9820802196976238
302,0,440,14.666666666666666,1.1478065916039786,1.1401783728982944
302,0,441,14.7,1.1583364907985625,1.1928480569444342
302,0,442,14.733333333333333,1.0785469434626689,1.1548297372568126
302,0,443,14.766666666666667,0.9473959349652357,1.058065589179367
302,0,444,14.8,0.7946162652663701,0.9270936376672313
302,0,445,14.833333333333334,0.6405117461832885,0.779020601415134
302,0,446,14.866666666666667,0.49404773929970514,0.6251815900992953
302,0,447,14.9,0.3530242566779966,0.47189140504875526
302,0,448,14.933333333333334,0.21312465456749302,0.3245532358481514
302,0,449,14.966666666666667,0.07692042865088722,0.18864525911855196
302,0,450,15.0,-0.0460432291625109,0.06582672820203389
302,0,451,15.033333333333333,-0.1452115067292965,-0.04507237303827327
302,0,452,15.066666666666666,-0.2154152872027688,-0.14708443639076677
302,0,453,15.1,-0.25811914643349787,-0.24414857276879748
302,0,454,15.133333333333333,-0.2808650697275318,-0.33828131506410236
302,0,455,15.166666666666666,-0.2958256351007898,-0.42874999616057125
302,0,456,15.2,-0.31519674707756723,-0.5161086918118917
302,0,457,15.233333333333333,-0.34827922013599366,-0.6014719439154482
302,0,458,15.266666666666667,-0.40154872751992254,-0.6863830971037432
302,0,459,15.3,-0.4765680249142748,-0.7721158303185116
302,0,460,15.333333333333334,-0.5675236977169456,-0.8550202199824668
302,0,461,15.366666666666667,-0.6644800015821806,-0.92599710349713
302,0,462,15.4,-0.754710812781168,-0.9724191793749232
302,0,463,15.433333333333334,-0.82074245513769,-0.9779981491837577
302,0,464,15.466666666666667,-0.8439000807911056,-0.9238952258669658
302,0,465,15.5,-0.8043285479931375,-0.7892624728678247
302,0,466,15.533333333333333,-0.6759743918022411,-0.565168876746116
302,0,467,15.566666666666666,-0.43506884894141995,-0.2558813184841048
302,0,468,15.6,-0.08595561352489521,0.11247376056678642
302,0,469,15.633333333333333,0.31850987794086155,0.4903775002663863
302,0,470,15.666666666666666,0.6884886017252804,0.8305702700434843
302,0,471,15.7,0.9429466313149506,1.0866376956863546
302,0,472,15.733333333333333,1.054364343853701,1.236157665572719
302,0,473,15.766666666666667,1.0470027172700047,1.2794574718059535
302,0,474,15.8,0.9624567912237865,1.2317525546175898
302,0,475,15.833333333333334,0.8375013410200677,1.1223669509052954
302,0,476,15.866666666666667,0.6993477940933641,0.9734467241886667
302,0,477,15.9,0.565319524615073,0.8001028285564238
302,0,478,15.933333333333334,0.44143409320854,0.6110723451954698
302,0,479,15.966666666666667,0.3234088772593555,0.4097336566994631
302,0,480,16.0,0.2052553195585012,0.20521799384232986
302,0,481,16.033333333333335,0.08940658626885836,0.013636308216798843
302,0,482,16.066666666666666,-0.014373453274024797,-0.15537165124442384
302,0,483,16.1,-0.0990018625856937,-0.2974815038940434
302,0,484,16.133333333333333,-0.16278794065246927,-0.41273044920400015
302,0,485,16.166666666666668,-0.20725066783179225,-0.504434422297126
302,0,486,16.2,-0.23881887152698236,-0.5801722166817623
302,0,487,16.233333333333334,-0.2668979048992468,-0.6508547415900154
302,0,488,16.266666666666666,-0.3001059988663994,-0.7234932884971443
302,0,489,16.3,-0.3466744926494292,-0.8004533798514737
302,0,490,16.333333333333332,-0.4115456256797073,-0.8756043035212591
302,0,491,16.366666666666667,-0.4925771490991161,-0.9339308194104343
302,0,492,16.4,-0.5838908650423658,-0.9613297143495148
302,0,493,16.433333333333334,-0.6773345156360502,-0.9446117473450152
302,0,494,16.466666666666665,-0.7601687157882847,-0.870669046602081
302,0,495,16.5,-0.8166599326082751,-0.7270115309941226
302,0,496,16.533333333333335,-0.8291092807505855,-0.5101352058765593
302,0,497,16.566666666666666,-0.7760726280817593,-0.22671084042805473
302,0,498,16.6,-0.6305999014639055,0.10408427659577443
302,0,499,16.633333333333333,-0.36955264585993913,0.44901997469597016
302,0,500,16.666666666666668,-0.003326083292399815,0.7669690055490344
302,0,501,16.7,0.40387083406225976,1.0075544325521495
302,0,502,16.733333333333334,0.7559895350851087,1.1474049463197598
302,0,503,16.766666666666666,0.9765274779279879,1.1890522261254595
302,0,504,16.8,1.0485685999749925,1.147314505225352
302,0,505,16.833333333333332,1.0053327880499714,1.0485422676647216
302,0,506,16.866666666666667,0.8940703756730062,0.9140181229289359
302,0,507,16.9,0.7556205601456756,0.7600506572778147
302,0,508,16.933333333333334,0.6175338605167745,0.5989045697279287
302,0,509,16.966666666666665,0.49249313054652455,0.4395782678759096
302,0,510,17.0,0.3788167236767977,0.2867017903883936
302,0,511,17.033333333333335,0.26764819526612393,0.14159666670741178
302,0,512,17.066666666666666,0.15521010727243634,0.004249727491540081
302,0,513,17.1,0.046925067627958394,-0.125579481461412
302,0,514,17.133333333333333,-0.0490891457312399,-0.2490926543269275
302,0,515,17.166666666666668,-0.12695670660890213,-0.36741525065445785
302,0,516,17.2,-0.18355832139864603,-0.4798931823258785
302,0,517,17.233333333333334,-0.22103248121551924,-0.5831969707121285
302,0,518,17.266666666666666,-0.24815098679893982,-0.6759811084655627
302,0,519,17.3,-0.2772732175950139,-0.7581315740070481
302,0,520,17.333333333333332,-0.3194349860412941,-0.8299965661555571
302,0,521,17.366666666666667,-0.3812415229795242,-0.8917605193947717
302,0,522,17.4,-0.46307477001635333,-0.9382961419031295
302,0,523,17.433333333333334,-0.5593993162428235,-0.9588705433053907
302,0,524,17.466666666666665,-0.6607089690253515,-0.9393662463183532
302,0,525,17.5,-0.7540991253812568,-0.8625701322896363
302,0,526,17.533333333333335,-0.8223558605399233,-0.7177510647749111
302,0,527,17.566666666666666,-0.8462687928556264,-0.5015734870261527
302,0,528,17.6,-0.8047742670343092,-0.22212050736693195
302,0,529,17.633333333333333,-0.6713989660019586,0.09971966443162113
302,0,530,17.666666666666668,-0.4222793102874686,0.4343645090084879
302,0,531,17.7,-0.06237057284173678,0.7420082350718251
302,0,532,17.733333333333334,0.35267564169287596,0.9878278335646252
302,0,533,17.766666666666666,0.7298658674552063,1.1407143676853695
302,0,534,17.8,0.9860860893234221,1.192567989016171
302,0,535,17.833333333333332,1.0918017820652217,1.1573868947519603
302,0,536,17.866666666666667,1.070692774568097,1.056003838538669
302,0,537,17.9,0.9681921622410992,0.9157155586295589
302,0,538,17.933333333333334,0.8271970881876899,0.7565899104848445
302,0,539,17.966666666666665,0.678917999904947,0.5919000164534255
302,0,540,18.0,0.5412769047231447,0.4300280753463274
302,0,541,18.033333333333335,0.41745286379083985,0.27543876302068837
302,0,542,18.066666666666666,0.2987261420652155,0.13079357131229086
302,0,543,18.1,0.178685429242178,-0.0019616944724408503
302,0,544,18.133333333333333,0.061691143916604976,-0.12258448921859366
302,0,545,18.166666666666668,-0.04375167818226253,-0.23152217538089692
302,0,546,18.2,-0.12999832509392278,-0.32906755088038225
302,0,547,18.233333333333334,-0.1934424036998092,-0.41449855816319625
302,0,548,18.266666666666666,-0.23761443149403436,-0.4889952512889727
302,0,549,18.3,-0.27065452383981436,-0.554930576594669
302,0,550,18.333333333333332,-0.30285869457811726,-0.6159227280311559
302,0,551,18.366666666666667,-0.34458081995404904,-0.6762126507632473
302,0,552,18.4,-0.4038198031196634,-0.7368577651294915
302,0,553,18.433333333333334,-0.4851906335917684,-0.795247685732089
302,0,554,18.466666666666665,-0.5855391904553954,-0.8446981138568868
302,0,555,18.5,-0.6935981604685849,-0.8742306987444288
302,0,556,18.533333333333335,-0.7952562286197826,-0.86965043591334
302,0,557,18.566666666666666,-0.8747548961737514,-0.8137757952830288
302,0,558,18.6,-0.9144105949826532,-0.6912065719146011
302,0,559,18.633333333333333,-0.8918330754399831,-0.48922324843862086
302,0,560,18.666666666666668,-0.7799716810248588,-0.21285358585507264
302,0,561,18.7,-0.5518413665533313,0.11375549215450884
302,0,562,18.733333333333334,-0.19949062734921824,0.45677741096657704
302,0,563,18.766666666666666,0.23476150773470167,0.7712677537862791
302,0,564,18.8,0.6585747969254173,1.0212396179154795
302,0,565,18.833333333333332,0.9738374696702967,1.1783834425108777
302,0,566,18.866666666666667,1.1303688234432903,1.2324747962394362
302,0,567,18.9,1.14089398022921,1.1904988949735518
302,0,568,18.933333333333334,1.04974046367159,1.0725551320139928
302,0,569,18.966666666666665,0.9013659934502992,0.9115612474048895
302,0,570,19.0,0.7321324360188289,0.7320838159731052
302,0,571,19.033333333333335,0.5704035013213014,0.5507953302445558
302,0,572,19.066666666666666,0.430681406232597,0.37735016309208
302,0,573,19.1,0.3104476232995967,0.21544281220995876
302,0,574,19.133333333333333,0.201171909962143,0.06685782916597885
302,0,575,19.166666666666668,0.10017289729064605,-0.06736482339914375
302,0,576,19.2,0.012195836279308897,-0.18826667702676483
302,0,577,19.233333333333334,-0.05586454459262513,-0.2979127477613472
302,0,578,19.266666666666666,-0.10009251648019081,-0.39949455685671453
302,0,579,19.3,-0.12147689924484854,-0.49638744615974273
302,0,580,19.333333333333332,-0.12741453572546108,-0.5897134341164456
302,0,581,19.366666666666667,-0.13048373395029583,-0.6775610181679315
302,0,582,19.4,-0.14419870942485075,-0.7576886360777201
302,0,583,19.433333333333334,-0.180650325950225,-0.8269261991151242
302,0,584,19.466666666666665,-0.24811722546803439,-0.880265364653799
302,0,585,19.5,-0.34863129709194257,-0.9104997495834144
302,0,586,19.533333333333335,-0.4784378385398914,-0.9097264888854049
302,0,587,19.566666666666666,-0.6282069844473074,-0.8693767389224183
302,0,588,19.6,-0.784057360742926,-0.7799991264596975
302,0,589,19.633333333333333,-0.928958385463306,-0.6318655405910296
302,0,590,19.666666666666668,-1.041264626260753,-0.42082523097559654
302,0,591,19.7,-1.0932852972316993,-0.14954834831822483
302,0,592,19.733333333333334,-1.0513127503466868,0.1620478201639623
302,0,593,19.766666666666666,-0.8776265937627257,0.4753583320346324
302,0,594,19.8,-0.5471535943349004,0.7591945525896743
302,0,595,19.833333333333332,-0.08247860962605423,0.9883710945182173
302,0,596,19.866666666666667,0.4291288776066488,1.1451086090361164
302,0,597,19.9,0.8676778711077594,1.217852694774002
302,0,598,19.933333333333334,1.1459952651180347,1.203022450138513
302,0,599,19.966666666666665,1.2506634528999374,1.1045655281464668
302,0,600,20.0,1.2209204690191822,0.9380809996708876
302,0,601,20.033333333333335,1.1087608524107004,0.731077471634661
302,0,602,20.066666666666666,0.957927562238428,0.5122729740772615
302,0,603,20.1,0.7975454604032316,0.3122814575049745
302,0,604,20.133333333333333,0.6419364782537517,0.14386780965816126
302,0,605,20.166666666666668,0.4921543767893616,0.003067282543344596
302,0,606,20.2,0.34391063119105275,-0.11426434553189176
302,0,607,20.233333333333334,0.1969313872100863,-0.2112531213728235
302,0,608,20.266666666666666,0.058677812749808544,-0.29101421828701224
302,0,609,20.3,-0.06000223024281809,-0.3557928300816253
302,0,610,20.333333333333332,-0.15346787253894328,-0.41200138432575645
302,0,611,20.366666666666667,-0.22240589024170632,-0.4695016568666239
302,0,612,20.4,-0.2708547173788031,-0.5325964565780773
302,0,613,20.433333333333334,-0.3072311508815011,-0.5994394519337249
302,0,614,20.466666666666665,-0.343539336349826,-0.6663966257885838
302,0,615,20.5,-0.38962273317270596,-0.7276399038899379
302,0,616,20.533333333333335,-0.4507571535233011,-0.7783086820473131
302,0,617,20.566666666666666,-0.528512423108368,-0.8142054703330658
302,0,618,20.6,-0.6186380496163864,-0.8267290848755234
302,0,619,20.633333333333333,-0.712641537566347,-0.8028871767888079
302,0,620,20.666666666666668,-0.7991456190061035,-0.7274242638286248
302,0,621,20.7,-0.8616337731832344,-0.5834785585994094
302,0,622,20.733333333333334,-0.8820272272478581,-0.36497900413333967
302,0,623,20.766666666666666,-0.8408545565987734,-0.07791586687900376
302,0,624,20.8,-0.7139241351801099,0.25039869168739626
302,0,625,20.833333333333332,-0.47693960844083794,0.5699882143792221
302,0,626,20.866666666666667,-0.12361762179518745,0.8403196309071054
302,0,627,20.9,0.30627349787014035,1.0291116677652348
302,0,628,20.933333333333334,0.7206778667693645,1.1190298018877023
302,0,629,20.966666666666665,1.0180606134371009,1.1067768692379278
302,0,630,21.0,1.1488170506331792,1.0068440467768496
302,0,631,21.033333333333335,1.1299617163157445,0.8511461266717226
302,0,632,21.066666666666666,1.0121386864202857,0.6688079416617128
302,0,633,21.1,0.8508124807614614,0.48643054738282526
302,0,634,21.133333333333333,0.6898152513763659,0.3184376677759506
302,0,635,21.166666666666668,0.5474167862401401,0.16798051680046094
302,0,636,21.2,0.41921383709766535,0.038039145951350335
302,0,637,21.233333333333334,0.2946270825337853,-0.06755230892972043
302,0,638,21.266666666666666,0.16989968777687722,-0.14998484975585313
302,0,639,21.3,0.05018364550708797,-0.21463824586781702
302,0,640,21.333333333333332,-0.05639855046558749,-0.27067376220684747
302,0,641,21.366666666666667,-0.14409279837044855,-0.3302572004575978
302,0,642,21.4,-0.21063219560586244,-0.39636775284109044
302,0,643,21.433333333333334,-0.25659732550451,-0.46223906986389623
302,0,644,21.466666666666665,-0.28776112491297623,-0.51603979567354
302,0,645,21.5,-0.31456761713116815,-0.5407065261849295
302,0,646,21.533333333333335,-0.34668508783119234,-0.5302863702048666
302,0,647,21.566666666666666,-0.39058211346856514,-0.489910798550306
302,0,648,21.6,-0.450274556374465,-0.4261999848096004
302,0,649,21.633333333333333,-0.5256899012829812,-0.3473578748141219
302,0,650,21.666666666666668,-0.6116655105760057,-0.27060593770571295
302,0,651,21.7,-0.6999884362567688,-0.22226585071687874
302,0,652,21.733333333333334,-0.7789982729487064,-0.21632823758947764
302,0,653,21.766666666666666,-0.8320776039462762,-0.25442504509420866
302,0,654,21.8,-0.8386761237339755,-0.31005252241050163
302,0,655,21.833333333333332,-0.7745349209600358,-0.32910167242973076
302,0,656,21.866666666666667,-0.6110443916286755,-0.27365120336241305
302,0,657,21.9,-0.32546014619638186,-0.12296807561155566
302,0,658,21.933333333333334,0.07031177937954558,0.1145814259509022
302,0,659,21.966666666666665,0.5090360874965749,0.40065111308436685
302,0,660,22.0,0.8885003621604747,0.6852781577157862
302,0,661,22.033333333333335,1.1261654042498872,0.9062409714850593
302,0,662,22.066666666666666,1.2043887481011342,1.025968346342767
302,0,663,22.1,1.1609493388023562,1.0310234521910326
302,0,664,22.133333333333333,1.0482170548974812,0.9327498946633704
302,0,665,22.166666666666668,0.9093088896739769,0.7669141485031158
302,0,666,22.2,0.7709509862642635,0.5685152424526226
302,0,667,22.233333333333334,0.6418290765065606,0.3719913275302824
302,0,668,22.266666666666666,0.5159891955713434,0.19560058009138867
302,0,669,22.3,0.38222466797517474,0.042347916302824355
302,0,670,22.333333333333332,0.23465048037229277,-0.09048776031484161
302,0,671,22.366666666666667,0.07618332313457632,-0.21012088109375732
302,0,672,22.4,-0.08369521533893778,-0.31887523701963594
302,0,673,22.433333333333334,-0.23290298442861607,-0.4132002429996207
302,0,674,22.466666666666665,-0.36143010247154184,-0.48370980639647543
302,0,675,22.5,-0.4629213612480794,-0.5147224012548155
302,0,676,22.533333333333335,-0.5364019477471311,-0.5007861521352649
302,0,677,22.566666666666666,-0.5862558718012002,-0.4465718306444961
302,0,678,22.6,-0.6188832325727502,-0.3741179445955794
302,0,679,22.633333333333333,-0.6426836154849389,-0.322560750303769
302,0,680,22.666666666666668,-0.6665200900442847,-0.3183701656530277
302,0,681,22.7,-0.6955166294055499,-0.37495490656470715
302,0,682,22.733333333333334,-0.7312546575235052,-0.48247599013616654
302,0,683,22.766666666666666,-0.7715249692972093,-0.6077459472720093
302,0,684,22.8,-0.8082661197168327,-0.7166788334270209
302,0,685,22.833333333333332,-0.8275418807676124,-0.7744171579066056
302,0,686,22.866666666666667,-0.8056432491570822,-0.7497951302038824
302,0,687,22.9,-0.7059381252479464,-0.6158821075702183
302,0,688,22.933333333333334,-0.4853332252625712,-0.3692196705463895
302,0,689,22.966666666666665,-0.12073163179192488,-0.03094932051571853
302,0,690,23.0,0.3506950352442387,0.3569302260873135
302,0,691,23.033333333333335,0.8228025907484753,0.7302811954833179
302,0,692,23.066666666666666,1.17041396150007,1.0326085499910307
302,0,693,23.1,1.3244866209351704,1.2139555936092452
302,0,694,23.133333333333333,1.301924559173328,1.2602900377817436
302,0,695,23.166666666666668,1.1672062561264458,1.1925727114397637
302,0,696,23.2,0.9869591961984755,1.0459302410565006
302,0,697,23.233333333333334,0.8108544664082502,0.8691191215331415
302,0,698,23.266666666666666,0.6604477848129449,0.6916632528080489
302,0,699,23.3,0.528102434687417,0.5242898297899938
302,0,700,23.333333333333332,0.3913142101575926,0.3687634892815661
302,0,701,23.366666666666667,0.23481756214400698,0.21907988269184436
302,0,702,23.4,0.06702791727314242,0.07165798086308216
302,0,703,23.433333333333334,-0.08818072184575514,-0.07342081900399594
302,0,704,23.466666666666665,-0.21337164850589302,-0.2131112179192343
302,0,705,23.5,-0.3027865537795509,-0.34038052299199706
302,0,706,23.533333333333335,-0.35957035612302896,-0.44814392752727217
302,0,707,23.566666666666666,-0.39466785107349567,-0.5284876989338095
302,0,708,23.6,-0.42258319547589596,-0.585598252557932
302,0,709,23.633333333333333,-0.4575489844414942,-0.6350099987122005
302,0,710,23.666666666666668,-0.5105963856210716,-0.692612541383103
302,0,711,23.7,-0.5882612335284474,-0.7738047882957526
302,0,712,23.733333333333334,-0.6890498904153084,-0.8751622113946492
302,0,713,23.766666666666666,-0.8013022379128832,-0.9739471532490449
302,0,714,23.8,-0.9056960473393731,-1.0444078106858157
302,0,715,23.833333333333332,-0.9768742275006613,-1.0578350114231876
302,0,716,23.866666666666667,-0.9856416204025595,-0.9894087829935951
302,0,717,23.9,-0.8993291130916456,-0.8188664000381238
302,0,718,23.933333333333334,-0.6803520524832817,-0.5422866277735231
302,0,719,23.966666666666665,-0.3085097864654848,-0.17349292076000628
302,0,720,24.0,0.176089758118523,0.24956465629129695
302,0,721,24.033333333333335,0.6656270696964814,0.663184176184455
302,0,722,24.066666666666666,1.0391063046940854,1.0159221767497566
302,0,723,24.1,1.2327118956768528,1.2670413191934193
302,0,724,24.133333333333333,1.258057849773134,1.3981357920250588
302,0,725,24.166666666666668,1.1667566315278062,1.4118094881524006
302,0,726,24.2,1.012347705592145,1.3271051881105749
302,0,727,24.233333333333334,0.835246578160963,1.1788325871429666
302,0,728,24.266666666666666,0.663374323995154,0.9956730368117043
302,0,729,24.3,0.5095873577998148,0.8004219603785272
302,0,730,24.333333333333332,0.3691565445291362,0.6020747636825764
302,0,731,24.366666666666667,0.23195617521620263,0.3970031365307185
302,0,732,24.4,0.09539304797778611,0.1859830733767995
302,0,733,24.433333333333334,-0.03408369507393946,-0.02429837092938024
302,0,734,24.466666666666665,-0.14754912679174942,-0.22512611796769022
302,0,735,24.5,-0.24017269659515877,-0.4044290001770324
302,0,736,24.533333333333335,-0.31130198832434186,-0.5537886369923206
302,0,737,24.566666666666666,-0.36485275099270936,-0.667324393709329
302,0,738,24.6,-0.4095440724586079,-0.747396786860169
302,0,739,24.633333333333333,-0.45626702012681564,-0.8036647280168417
302,0,740,24.666666666666668,-0.5146800085680637,-0.8476772746535962
302,0,741,24.7,-0.5897041062774846,-0.8920980125224738
302,0,742,24.733333333333334,-0.6790241335466678,-0.9387572436230501
302,0,743,24.766666666666666,-0.7724813768371813,-0.978269272722759
302,0,744,24.8,-0.8546937473487759,-0.9947102231969885
302,0,745,24.833333333333332,-0.9058706223406174,-0.9658121143497999
302,0,746,24.866666666666667,-0.9015135186982097,-0.8726331784398855
302,0,747,24.9,-0.8132302545112868,-0.7003564094867641
302,0,748,24.933333333333334,-0.6102349244291657,-0.4472478743397636
302,0,749,24.966666666666665,-0.27650030492371125,-0.12600673097352671
302,0,750,25.0,0.1562131451055768,0.23689227270200192
302,0,751,25.033333333333335,0.5992730661868236,0.5995853398843812
302,0,752,25.066666666666666,0.946991931490111,0.9185852435225
302,0,753,25.1,1.1359941155325908,1.147365112322454
302,0,754,25.133333333333333,1.169912818045254,1.2672888016282082
302,0,755,25.166666666666668,1.093537363879988,1.2864546989803305
302,0,756,25.2,0.9560127266754334,1.2242528790248481
302,0,757,25.233333333333334,0.7950544963360043,1.110641108308513
302,0,758,25.266666666666666,0.6363726846281395,0.9665682662178362
302,0,759,25.3,0.4912660439303392,0.8041871762760104
302,0,760,25.333333333333332,0.3568845827168108,0.6279824480719234
302,0,761,25.366666666666667,0.22611190385455066,0.4358365434468956
302,0,762,25.4,0.09688736291162019,0.23170972678340573
302,0,763,25.433333333333334,-0.024155934401395088,0.02695804908298713
302,0,764,25.466666666666665,-0.12802076542599675,-0.16721416688456084
302,0,765,25.5,-0.2101180467808737,-0.33854079589652697
302,0,766,25.533333333333335,-0.26957472365303975,-0.4793304567855654
302,0,767,25.566666666666666,-0.3118255782566708,-0.5853888174638961
302,0,768,25.6,-0.34800143085180896,-0.6602476732697451
302,0,769,25.633333333333333,-0.3888853807592134,-0.7142405568342618
302,0,770,25.666666666666668,-0.4424107050011343,-0.7594089668559849
302,0,771,25.7,-0.513103754930398,-0.808724634169852
302,0,772,25.733333333333334,-0.5996546095927467,-0.8635203082787956
302,0,773,25.766666666666666,-0.6944319986042415,-0.9130795768461532
302,0,774,25.8,-0.7849666090185657,-0.9418066854527856
302,0,775,25.833333333333332,-0.853637228129319,-0.9293306411931775
302,0,776,25.866666666666667,-0.8794358861996306,-0.8588193441353005
302,0,777,25.9,-0.8380884130434267,-0.7175904283199224
302,0,778,25.933333333333334,-0.7006932785174949,-0.5012124785454943
302,0,779,25.966666666666665,-0.44044138913190256,-0.21470159674000613
302,0,780,26.0,-0.060283989686396984,0.12024423407967402
302,0,781,26.033333333333335,0.3790542071701641,0.463749737956532
302,0,782,26.066666666666666,0.7736634150866253,0.7720383832962605
302,0,783,26.1,1.0328641762495177,0.9961658029374818
302,0,784,26.133333333333333,1.1301290528771362,1.117161257241484
302,0,785,26.166666666666668,1.097020414909124,1.1449145920374637
302,0,786,26.2,0.9831482538368255,1.101219291709139
302,0,787,26.233333333333334,0.8328649967461633,1.0189142248438932
302,0,788,26.266666666666666,0.6784265840380209,0.9161132667185099
302,0,789,26.3,0.5368575409889452,0.7962689499123863
302,0,790,26.333333333333332,0.40904266542396955,0.6561511683965477
302,0,791,26.366666666666667,0.2854589041043597,0.48682228772881964
302,0,792,26.4,0.15952822428887847,0.2929802586876959
302,0,793,26.433333333333334,0.035330162769802366,0.0940830401483588
302,0,794,26.466666666666665,-0.07615631288319116,-0.09349894843177531
302,0,795,26.5,-0.16573267491673277,-0.2554677300136594
302,0,796,26.533333333333335,-0.2314024166426472,-0.380885430672527
302,0,797,26.566666666666666,-0.27674127004232507,-0.4612622534470997
302,0,798,26.6,-0.3102993423919418,-0.5012389175705013
302,0,799,26.633333333333333,-0.34399380357579645,-0.5178158736732491
302,0,800,26.666666666666668,-0.38868183234841636,-0.5338371224891519
302,0,801,26.7,-0.45088154029468236,-0.5771670365552379
302,0,802,26.733333333333334,-0.5310016113974908,-0.651524871011267
302,0,803,26.766666666666666,-0.6242477275799228,-0.7360430153450819
302,0,804,26.8,-0.7208341061010439,-0.8118561806011938
302,0,805,26.833333333333332,-0.8048737193985087,-0.8620415467683828
302,0,806,26.866666666666667,-0.8566266555353768,-0.8703752771576336
302,0,807,26.9,-0.8538701917347333,-0.8214694804626166
302,0,808,26.933333333333334,-0.7703370222536118,-0.707486737639267
302,0,809,26.966666666666665,-0.5788343137793339,-0.5287688982224235
302,0,810,27.0,-0.2663552618047764,-0.29511258930087314
302,0,811,27.033333333333335,0.1387430035832814,-0.026836299141740995
302,0,812,27.066666666666666,0.5559127010195811,0.25306679028856577
302,0,813,27.1,0.887418466671899,0.517594217348373
302,0,814,27.133333333333333,1.073320507181203,0.7452609975816299
302,0,815,27.166666666666668,1.1141062194362452,0.9187540634499567
302,0,816,27.2,1.048220125700456,1.0286103386638352
302,0,817,27.233333333333334,0.9190766968468492,1.072193707988372
302,0,818,27.266666666666666,0.7622192629775295,1.0550369274768756
302,0,819,27.3,0.6034198613834245,0.9903423754160365
302,0,820,27.333333333333332,0.4554324493613887,0.890103107029939
302,0,821,27.366666666666667,0.31942613769334177,0.7652225716607348
302,0,822,27.4,0.1922062837331494,0.623166114892461
302,0,823,27.433333333333334,0.07422089848484056,0.4686711439479278
302,0,824,27.466666666666665,-0.028113335833047842,0.3083562288390777
302,0,825,27.5,-0.10722271098346278,0.1516916262617288
302,0,826,27.533333333333335,-0.16054206393892143,0.003943694323654101
302,0,827,27.566666666666666,-0.19420807250972544,-0.13278486566807685
302,0,828,27.6,-0.2193175221963341,-0.26070627257925627
302,0,829,27.633333333333333,-0.24574181473417156,-0.3852303204021995
302,0,830,27.666666666666668,-0.2809350189320201,-0.508947104713023
302,0,831,27.7,-0.3301589291692776,-0.6305930421451049
302,0,832,27.733333333333334,-0.3973985848693954,-0.7476349669744612
302,0,833,27.766666666666666,-0.48350409139729067,-0.855421508390135
302,0,834,27.8,-0.5843518997552016,-0.9469347510458073
302,0,835,27.833333333333332,-0.691645629102274,-1.0121951662509008
302,0,836,27.866666666666667,-0.7909757077146717,-1.0408534657262247
302,0,837,27.9,-0.8633414447478192,-1.0220254922388043
302,0,838,27.933333333333334,-0.8878977402446155,-0.9439914322196115
302,0,839,27.966666666666665,-0.8402056059979606,-0.7947016695397312
302,0,840,28.0,-0.6917059312303231,-0.5733575034557722
302,0,841,28.033333333333335,-0.4197091339055924,-0.2915610748722274
302,0,842,28.066666666666666,-0.03568206690771477,0.02639749407820939
302,0,843,28.1,0.39440249323519694,0.3421487420586996
302,0,844,28.133333333333333,0.77085201497226,0.6225031506665974
302,0,845,28.166666666666668,1.0134783839318362,0.8380697948736957
302,0,846,28.2,1.1027643001323624,0.9763597480116277
302,0,847,28.233333333333334,1.0700732775056871,1.0405352777840213
302,0,848,28.266666666666666,0.9610876264566922,1.0403961367704302
302,0,849,28.3,0.8153908754183791,0.9915908389446435
302,0,850,28.333333333333332,0.6626439427814789,0.9068906260661843
302,0,851,28.366666666666667,0.5190786844242652,0.7961509473414319
302,0,852,28.4,0.38642150009774345,0.6683065813329475
302,0,853,28.433333333333334,0.25842562745213543,0.5319160049649783
302,0,854,28.466666666666665,0.1313062133895808,0.3939395476089023
302,0,855,28.5,0.012202992120512492,0.26055078546685034
302,0,856,28.533333333333335,-0.08566026522556579,0.1349124325559822
302,0,857,28.566666666666666,-0.15364198179897467,0.018095928525057356
302,0,858,28.6,-0.19091186886828276,-0.09065956946370309
302,0,859,28.633333333333333,-0.20380994038055866,-0.19302167585168986
302,0,860,28.666666666666668,-0.20357831204117255,-0.2921179459839446
302,0,861,28.7,-0.2025418621316611,-0.3916440576624275
302,0,862,28.733333333333334,-0.21347168988423762,-0.49376285049649205
302,0,863,28.766666666666666,-0.24705714826628183,-0.598268809460325
302,0,864,28.8,-0.30807586970643785,-0.7020771795711135
302,0,865,28.833333333333332,-0.3966207840652831,-0.7985206897744563
302,0,866,28.866666666666667,-0.5074339548008758,-0.8781804852193038
302,0,867,28.9,-0.6296075626379051,-0.9284458956201913
302,0,868,28.933333333333334,-0.7479869547135828,-0.9379039904749389
302,0,869,28.966666666666665,-0.8427362598486619,-0.896313017373346
302,0,870,29.0,-0.8909654490576623,-0.7957621398974806
302,0,871,29.033333333333335,-0.8667357399790474,-0.6312258991122888
302,0,872,29.066666666666666,-0.739606245310404,-0.40377229996070785
302,0,873,29.1,-0.4818776870225769,-0.12175748090754827
302,0,874,29.133333333333333,-0.09516297240157388,0.19211320781783237
302,0,875,29.166666666666668,0.3597852939171049,0.49936333729710825
302,0,876,29.2,0.7744099660158144,0.7673722392483732
302,0,877,29.233333333333334,1.0509359332198944,0.9680601043481535
302,0,878,29.266666666666666,1.1557173401533813,1.0895864436008518
302,0,879,29.3,1.118575002229451,1.1352127488128816
302,0,880,29.333333333333332,0.9954838502233015,1.1125746866791708
302,0,881,29.366666666666667,0.8371644159481986,1.0331153950502958
302,0,882,29.4,0.6780601671478413,0.9093561020118011
302,0,883,29.433333333333334,0.5340223028575672,0.7551094616498757
302,0,884,29.466666666666665,0.40165140821453493,0.5820340517967727
302,0,885,29.5,0.2692351793345752,0.4004319327370827
302,0,886,29.533333333333335,0.13221916774705478,0.21794363527364338
302,0,887,29.566666666666666,-0.0027339279522809318,0.0406754029119495
302,0,888,29.6,-0.12405169191718218,-0.12807543286171275
302,0,889,29.633333333333333,-0.21979592241047058,-0.2865902031072244
302,0,890,29.666666666666668,-0.2827577840029387,-0.43528180208889944
302,0,891,29.7,-0.3164287637505703,-0.5754937205628976
302,0,892,29.733333333333334,-0.3330445219107225,-0.706841495572941
302,0,893,29.766666666666666,-0.34933804618820624,-0.8261783287854473
302,0,894,29.8,-0.38042985234765375,-0.9311617566480053
302,0,895,29.833333333333332,-0.4335791195783075,-1.019446589555643
302,0,896,29.866666666666667,-0.5077022262719575,-1.0803644411897158
302,0,897,29.9,-0.5939377192361721,-1.094605873729917
302,0,898,29.933333333333334,-0.6791426810518765,-1.045087591827595
302,0,899,29.966666666666665,-0.7502244326015349,-0.917377806643021
302,0,900,30.0,-0.7938985394779999,-0.7107459953161676
302,0,901,30.033333333333335,-0.7949876031777222,-0.43915823495209577
302,0,902,30.066666666666666,-0.7347165694045027,-0.12578045705322943
302,0,903,30.1,-0.5902132831177977,0.1956681895406316
302,0,904,30.133333333333333,-0.3376492187959466,0.49668927680350716
302,0,905,30.166666666666668,0.025203377857752333,0.7524441083888278
302,0,906,30.2,0.44663942111789484,0.9454628108795166
302,0,907,30.233333333333334,0.8275474633594667,1.0642449486237515
302,0,908,30.266666666666666,1.0732548918095843,1.107797896624529
302,0,909,30.3,1.1477291737350164,1.084764129222542
302,0,910,30.333333333333332,1.0815537048726553,1.0069127822874246
302,0,911,30.366666666666667,0.9365297843513438,0.8889433540194082
302,0,912,30.4,0.7711727371578909,0.7447795491897786
302,0,913,30.433333333333334,0.6230428497360179,0.5880225090628151
302,0,914,30.466666666666665,0.5024075621087818,0.4307969300382814
302,0,915,30.5,0.3966259821821991,0.28456408270077105
302,0,916,30.533333333333335,0.28756381857260654,0.15488959168701688
302,0,917,30.566666666666666,0.16842088797215093,0.04239459473402943
302,0,918,30.6,0.046210809408144385,-0.05558903959742957
302,0,919,30.633333333333333,-0.06532034851208297,-0.1440558836768458
302,0,920,30.666666666666668,-0.15338217764436024,-0.22427376389472747
302,0,921,30.7,-0.21283122200854115,-0.2930271748448108
302,0,922,30.733333333333334,-0.24751687217499532,-0.3494120465668601
302,0,923,30.766666666666666,-0.26779661805795424,-0.39428693371419155
302,0,924,30.8,-0.2897538403789327,-0.43321737910418334
302,0,925,30.833333333333332,-0.3288965504018604,-0.47592522414855887
302,0,926,30.866666666666667,-0.3939653179652354,-0.5285950720555372
302,0,927,30.9,-0.4864981328744672,-0.5933425421574096
302,0,928,30.933333333333334,-0.6022826400605263,-0.6672909971964732
302,0,929,30.966666666666665,-0.73253608600993,-0.7421696920440393
302,0,930,31.0,-0.8616630102325766,-0.8062665608006857
302,0,931,31.033333333333335,-0.9667357867815636,-0.8442375997795408
302,0,932,31.066666666666666,-1.0208352908873959,-0.840355605692888
302,0,933,31.1,-0.9950642614144869,-0.7787279018431973
302,0,934,31.133333333333333,-0.8589964895784397,-0.6449917200455345
302,0,935,31.166666666666668,-0.5835827398114772,-0.42722953558522564
302,0,936,31.2,-0.1667554772643178,-0.1370638885983175
302,0,937,31.233333333333334,0.33089505773964006,0.18904236707262195
302,0,938,31.266666666666666,0.7943034267628905,0.510683981081838
302,0,939,31.3,1.1135306639822833,0.7822620730098371
302,0,940,31.333333333333332,1.2477486409334673,0.9759001808274179
302,0,941,31.366666666666667,1.228989766605664,1.0802304673587173
302,0,942,31.4,1.114881769400888,1.0986342082191942
302,0,943,31.433333333333334,0.9559723515098705,1.048343611373391
302,0,944,31.466666666666665,0.7887977002551867,0.9481364980133237
302,0,945,31.5,0.6338767979916499,0.8181269689538736
302,0,946,31.533333333333335,0.4938356492051838,0.6729959506038737
302,0,947,31.566666666666666,0.35933354344834056,0.522497928046459
302,0,948,31.6,0.2215207895331151,0.3712511710041259
302,0,949,31.633333333333333,0.08143604891292652,0.2197057171993317
302,0,950,31.666666666666668,-0.049644815975213086,0.06945735810688995
302,0,951,31.7,-0.15650907809364434,-0.07567137111621201
302,0,952,31.733333333333334,-0.2296306032778021,-0.21349206830642076
302,0,953,31.766666666666666,-0.27069047482693154,-0.3424227070120386
302,0,954,31.8,-0.28816643021416555,-0.45901168381832147
302,0,955,31.833333333333332,-0.29484624388330616,-0.5570622144988014
302,0,956,31.866666666666667,-0.30787711068900026,-0.6304911592174571
302,0,957,31.9,-0.3431538451168016,-0.6727591015006713
302,0,958,31.933333333333334,-0.40855513631142837,-0.6790820068591862
302,0,959,31.966666666666665,-0.502205870055767,-0.646239234894909
302,0,960,32.0,-0.6157903742310333,-0.5993119913077682
302,0,961,32.03333333333333,-0.7365940515451032,-0.591189202758499
302,0,962,32.06666666666667,-0.8470523308631224,-0.6235922790492375
302,0,963,32.1,-0.9243992535921626,-0.6470979642945279
302,0,964,32.13333333333333,-0.9424403806650195,-0.6206902827276765
302,0,965,32.166666666666664,-0.8728543428446494,-0.5128066517027504
302,0,966,32.2,-0.6850525283898761,-0.3251867095547985
302,0,967,32.233333333333334,-0.3618605910769534,-0.09364110300721434
302,0,968,32.266666666666666,0.06758604125394733,0.14744880339747762
302,0,969,32.3,0.5167163492605018,0.3644117118242002
302,0,970,32.333333333333336,0.8797790665641545,0.548892135064788
302,0,971,32.36666666666667,1.0921975174383793,0.7164906772638684
302,0,972,32.4,1.1546569770099964,0.8704935742494804
302,0,973,32.43333333333333,1.106243279055658,1.0005452523319938
302,0,974,32.46666666666667,0.9892558339642417,1.0863217762848687
302,0,975,32.5,0.8369320782279697,1.0971736205840545
302,0,976,32.53333333333333,0.6762254999072986,1.0178686356110884
302,0,977,32.56666666666667,0.5253539006090795,0.8489665707929805
302,0,978,32.6,0.38775700559789844,0.6121774405493731
302,0,979,32.63333333333333,0.2564496352619387,0.35098296412616226
302,0,980,32.666666666666664,0.12723213315361193,0.09924625243175204
302,0,981,32.7,0.006245106915143184,-0.11783776785732969
302,0,982,32.733333333333334,-0.09562938798840198,-0.29049429593765663
302,0,983,32.766666666666666,-0.17198456607019957,-0.42303107575013876
302,0,984,32.8,-0.22278295635325657,-0.5175551701950964
302,0,985,32.833333333333336,-0.25372685554098273,-0.5728996517186766
302,0,986,32.86666666666667,-0.2749902894641461,-0.5884533737185836
302,0,987,32.9,-0.2968708794166367,-0.56372962889963
302,0,988,32.93333333333333,-0.32877910732438265,-0.518544216750338
302,0,989,32.96666666666667,-0.37830399175841967,-0.4925880356665751
302,0,990,33.0,-0.4475605513785109,-0.5134188413915942
302,0,991,33.03333333333333,-0.5337455299546869,-0.5958439128683354
302,0,992,33.06666666666667,-0.6305708259512924,-0.7224204591311313
302,0,993,33.1,-0.7273117456074584,-0.8433848019041263
302,0,994,33.13333333333333,-0.8106836925924894,-0.9168227366612038
302,0,995,33.166666666666664,-0.8645267051465576,-0.9090530492999963
302,0,996,33.2,-0.868633514259353,-0.7961876243605626
302,0,997,33.233333333333334,-0.7993278143561393,-0.564938439197221
302,0,998,33.266666666666666,-0.6295681666281169,-0.23578777678095517
302,0,999,33.3,-0.3400422188531928,0.13587009921300003
302,0,1000,33.333333333333336,0.054539226140988495,0.5037272997953423
302,0,1001,33.36666666666667,0.4866379833664798,0.8291582634815515
302,0,1002,33.4,0.8563135266067465,1.0825342847361095
302,0,1003,33.43333333333333,1.088770565741203,1.241682063624427
302,0,1004,33.46666666666667,1.1723470665610005,1.2981120919164215
302,0,1005,33.5,1.140759191011852,1.2560822693476656
302,0,1006,33.53333333333333,1.038173562339134,1.1327696549442594
302,0,1007,33.56666666666667,0.9002675916406059,0.9580658759401455
302,0,1008,33.6,0.7505590216508468,0.7562379399398773
302,0,1009,33.63333333333333,0.6023377089216031,0.5465018654120533
302,0,1010,33.666666666666664,0.4593202066487708,0.34366775762616
302,0,1011,33.7,0.3186172937279276,0.1592656280917416
302,0,1012,33.733333333333334,0.17744940879322943,0.0009076095156977382
302,0,1013,33.766666666666666,0.03980384043642307,-0.12653904807184885
302,0,1014,33.8,-0.08617099145941133,-0.22578335797688456
302,0,1015,33.833333333333336,-0.19294516377016951,-0.3060371771987457
302,0,1016,33.86666666666667,-0.2748413095935255,-0.3757879074923589
302,0,1017,33.9,-0.33264245903977374,-0.44189675360716574
302,0,1018,33.93333333333333,-0.3730857769668432,-0.5057162369879878
302,0,1019,33.96666666666667,-0.40467994322254147,-0.5625060423394526
302,0,1020,34.0,-0.43534391817433515,-0.6109437845549984
302,0,1021,34.03333333333333,-0.4703278611116041,-0.652704410830241
302,0,1022,34.06666666666667,-0.5128846955026432,-0.691733397007396
302,0,1023,34.1,-0.563965615962498,-0.7338082985104033
302,0,1024,34.13333333333333,-0.6204880252329753,-0.7729462645242553
302,0,1025,34.166666666666664,-0.6762802638122883,-0.7912788650746212
302,0,1026,34.2,-0.7241351804300694,-0.7731874629685614
302,0,1027,34.233333333333334,-0.7540845378732103,-0.7056548632106194
302,0,1028,34.266666666666666,-0.7511402184527568,-0.5874205197944252
302,0,1029,34.3,-0.6941466904373684,-0.42955866246769175
302,0,1030,34.333333333333336,-0.554593943658174,-0.24372041025495234
302,0,1031,34.36666666666667,-0.3047911156024216,-0.043004238645690335
302,0,1032,34.4,0.05350864503063458,0.17218439435176336
302,0,1033,34.43333333333333,0.4623506124115323,0.41262497586179503
302,0,1034,34.46666666666667,0.817021814155903,0.6732513150918895
302,0,1035,34.5,1.0274729072546287,0.931498258027552
302,0,1036,34.53333333333333,1.0809739060332553,1.1530751523512393
302,0,1037,34.56666666666667,1.0235924401001213,1.2910429592713426
302,0,1038,34.6,0.9071575881917924,1.3150778884910421
302,0,1039,34.63333333333333,0.7708164268167853,1.211320124433592
302,0,1040,34.666666666666664,0.6389530466469711,0.9940962496178551
302,0,1041,34.7,0.5177012029505559,0.7062412818153506
302,0,1042,34.733333333333334,0.3982921544290585,0.38828084758724857
302,0,1043,34.766666666666666,0.27240228191223326,0.07934375581386445
302,0,1044,34.8,0.14384782405078506,-0.19403889084854703
302,0,1045,34.833333333333336,0.0254002398430761,-0.4164464047274584
302,0,1046,34.86666666666667,-0.07081685644827103,-0.572575757328543
302,0,1047,34.9,-0.139249455212209,-0.6460386732346285
302,0,1048,34.93333333333333,-0.1812708746504781,-0.6258757764876205
302,0,1049,34.96666666666667,-0.20365749362390123,-0.5062925694508258
302,0,1050,35.0,-0.21704947557194082,-0.31971901288212823
302,0,1051,35.03333333333333,-0.23264199022029336,-0.13668350992454856
302,0,1052,35.06666666666667,-0.25982932767266076,-0.014869404349819496
302,0,1053,35.1,-0.3057798004554362,0.0012729127936894954
302,0,1054,35.13333333333333,-0.37499906924720966,-0.08818707293362431
302,0,1055,35.166666666666664,-0.4669556177199313,-0.23875536415065052
302,0,1056,35.2,-0.5744397165915708,-0.41322068836919823
302,0,1057,35.233333333333334,-0.6861394120483785,-0.5816432286361715
302,0,1058,35.266666666666666,-0.7884899067397997,-0.7220569405389671
302,0,1059,35.3,-0.8655550869358667,-0.8199097637201418
302,0,1060,35.333333333333336,-0.899503421239597,-0.856856054149728
302,0,1061,35.36666666666667,-0.8703852601279882,-0.8106151831841852
302,0,1062,35.4,-0.7527611485218436,-0.6632171321738151
302,0,1063,35.43333333333333,-0.5185479003612646,-0.4018953525159727
302,0,1064,35.46666666666667,-0.1608783939525154,-0.04732720402265782
302,0,1065,35.5,0.27706103440786556,0.34504020271789865
302,0,1066,35.53333333333333,0.7027290044076941,0.7141565571232982
302,0,1067,35.56666666666667,1.0174574217015633,0.9922707189781096
302,0,1068,35.6,1.1722610274827985,1.150609455145917
302,0,1069,35.63333333333333,1.1816237555555538,1.1981822264211537
302,0,1070,35.666666666666664,1.0901315818490849,1.1544888325132587
302,0,1071,35.7,0.9406671808318275,1.0486065519476926
302,0,1072,35.733333333333334,0.7673250181553826,0.9002126799778256
302,0,1073,35.766666666666666,0.5955118041043834,0.7197909499556181
302,0,1074,35.8,0.43752642807084474,0.5167718920919054
302,0,1075,35.833333333333336,0.2934265023839416,0.30059236020858104
302,0,1076,35.86666666666667,0.15961927900507403,0.0868483179204336
302,0,1077,35.9,0.03591187846632211,-0.10154871939114134
302,0,1078,35.93333333333333,-0.07047416995662578,-0.2552510457051166
302,0,1079,35.96666666666667,-0.15027980021067072,-0.3773277186777011
302,0,1080,36.0,-0.20050670074496826,-0.4697121638524896
302,0,1081,36.03333333333333,-0.2236086151855691,-0.5322056801113604
302,0,1082,36.06666666666667,-0.22688180304382013,-0.565055981909249
302,0,1083,36.1,-0.222047311866241,-0.5684462139273567
302,0,1084,36.13333333333333,-0.22123325703526708,-0.5486681347450406
302,0,1085,36.166666666666664,-0.23282223896202253,-0.5178785659525404
302,0,1086,36.2,-0.2611615284998489,-0.49231617573533293
302,0,1087,36.233333333333334,-0.3081969305422766,-0.49203994259988093
302,0,1088,36.266666666666666,-0.3731756210526543,-0.5230174393330107
302,0,1089,36.3,-0.45413355788186116,-0.5769669504334093
302,0,1090,36.333333333333336,-0.5474448136370764,-0.6379618532676914
302,0,1091,36.36666666666667,-0.6455429175590305,-0.682540947401951
302,0,1092,36.4,-0.736500575601664,-0.6907213896725547
302,0,1093,36.43333333333333,-0.8055434566174501,-0.6463153788976247
302,0,1094,36.46666666666667,-0.8348533862729536,-0.5325142527336083
302,0,1095,36.5,-0.8000530934352683,-0.33276674983716426
302,0,1096,36.53333333333333,-0.6705437199928732,-0.04888058603081408
302,0,1097,36.56666666666667,-0.41733478071218294,0.2975168739995231
302,0,1098,36.6,-0.04162370922235618,0.6627686074232253
302,0,1099,36.63333333333333,0.396520499260688,0.979887821891669
302,0,1100,36.666666666666664,0.793425836192081,1.2038469448293398
302,0,1101,36.7,1.0567628702387033,1.3105436854491626
302,0,1102,36.733333333333334,1.1548324782936192,1.296174964762712
302,0,1103,36.766666666666666,1.1185367409948688,1.1765488306078022
302,0,1104,36.8,1.0023365081476097,0.9795950381777974
302,0,1105,36.833333333333336,0.8489653210311789,0.7454149370597427
302,0,1106,36.86666666666667,0.686788105947057,0.49972070549030556
302,0,1107,36.9,0.5329317836087741,0.25480020276473947
302,0,1108,36.93333333333333,0.3901078671843577,0.024040355471631303
302,0,1109,36.96666666666667,0.2532495954731521,-0.17665055381050565
302,0,1110,37.0,0.11998417379729143,-0.335130300874543
302,0,1111,37.03333333333333,-0.0029889893813998675,-0.44186418740982447
302,0,1112,37.06666666666667,-0.10488881714946523,-0.497148314561505
302,0,1113,37.1,-0.17889762790771885,-0.5102580846755362
302,0,1114,37.13333333333333,-0.22268255139609094,-0.4925494870513672
302,0,1115,37.166666666666664,-0.23849996436000734,-0.45696095698705097
302,0,1116,37.2,-0.23344529153776983,-0.4038102440918516
302,0,1117,37.233333333333334,-0.21897682740546082,-0.32097168881723886
302,0,1118,37.266666666666666,-0.2080084178520321,-0.20389519384006263
302,0,1119,37.3,-0.211163788481902,-0.056276034586383084
302,0,1120,37.333333333333336,-0.23655084377844005,0.08623759745669668
302,0,1121,37.36666666666667,-0.2890882149613709,0.15605144316264338
302,0,1122,37.4,-0.3682383470501606,0.13098428905308857
302,0,1123,37.43333333333333,-0.4665014857942495,0.034424846276290576
302,0,1124,37.46666666666667,-0.5728334455638809,-0.11075174037997923
302,0,1125,37.5,-0.676040009136225,-0.2821539871774676
302,0,1126,37.53333333333333,-0.7633931868970177,-0.45846134641767755
302,0,1127,37.56666666666667,-0.8202598213493012,-0.6188352225070312
302,0,1128,37.6,-0.8280489136989099,-0.7452092421291485
302,0,1129,37.63333333333333,-0.762522159754003,-0.8217072317328581
302,0,1130,37.666666666666664,-0.5962800283479319,-0.8306634615116802
302,0,1131,37.7,-0.3089607689027993,-0.7526494772260157
302,0,1132,37.733333333333334,0.0831195134005355,-0.586994295224943
302,0,1133,37.766666666666666,0.5066323749725441,-0.35244306063919734
302,0,1134,37.8,0.859216165307618,-0.07145721344114467
302,0,1135,37.833333333333336,1.0675169521269465,0.2286654080588856
302,0,1136,37.86666666666667,1.1229553717347267,0.5190962962878239
302,0,1137,37.9,1.0642863021202136,0.7680737503240526
302,0,1138,37.93333333333333,0.938282986399787,0.9558198670834
302,0,1139,37.96666666666667,0.7824617936258547,1.073258419959572
302,0,1140,38.0,0.6238277561946487,1.1179881146346564
302,0,1141,38.03333333333333,0.4760171513675255,1.0934661404494357
302,0,1142,38.06666666666667,0.33933688018057473,1.0062377168078769
302,0,1143,38.1,0.2092418625176198,0.8659084717818344
302,0,1144,38.13333333333333,0.08488386696211489,0.687005256957433
302,0,1145,38.166666666666664,-0.027197144813784976,0.4895788293809898
302,0,1146,38.2,-0.11564022890644586,0.2922303953374678
302,0,1147,38.233333333333334,-0.1725883868832734,0.11303295153541124
302,0,1148,38.266666666666666,-0.19746050385481365,-0.03666593228526656
302,0,1149,38.3,-0.196522342126417,-0.15122477811758267
302,0,1150,38.333333333333336,-0.18104382441302908,-0.2341837393406494
302,0,1151,38.36666666666667,-0.16346295333137584,-0.29726951061767604
302,0,1152,38.4,-0.15486779496512892,-0.3514230332756616
302,0,1153,38.43333333333333,-0.1641036297677583,-0.4059604666178731
302,0,1154,38.46666666666667,-0.196285244701073,-0.46554549944389856
302,0,1155,38.5,-0.25097421777969087,-0.5296027784660738
302,0,1156,38.53333333333333,-0.3253831200998288,-0.5984467454445059
302,0,1157,38.56666666666667,-0.4161048353407053,-0.6727707862778645
302,0,1158,38.6,-0.5167508470311042,-0.7484731968520658
302,0,1159,38.63333333333333,-0.6207573182334124,-0.8162243622212604
302,0,1160,38.666666666666664,-0.7209111826484337,-0.8649177114696625
302,0,1161,38.7,-0.8037250274308421,-0.8815126286808896
302,0,1162,38.733333333333334,-0.850980943437775,-0.8523453692035453
302,0,1163,38.766666666666666,-0.8412610877837824,-0.7634376296074937
302,0,1164,38.8,-0.7465255848926685,-0.6016495854820304
302,0,1165,38.833333333333336,-0.5350428252315934,-0.3557492702540817
302,0,1166,38.86666666666667,-0.1935691769510058,-0.04015038117903914
302,0,1167,38.9,0.23892011282580408,0.303676367949119
302,0,1168,38.93333333333333,0.6658517443097257,0.6306537160845381
302,0,1169,38.96666666666667,0.9805144667482022,0.8908686936393363
302,0,1170,39.0,1.1311292049058967,1.0622409471341976
302,0,1171,39.03333333333333,1.136412359467051,1.1492423035429526
302,0,1172,39.06666666666667,1.0478149785199258,1.1591304772519209
302,0,1173,39.1,0.9137736104561685,1.1010864392630444
302,0,1174,39.13333333333333,0.7688084470068515,0.9880343148495205
302,0,1175,39.166666666666664,0.6317112723161308,0.8366826653609758
302,0,1176,39.2,0.5057841546152544,0.6602250861568341
302,0,1177,39.233333333333334,0.3845759526984397,0.46907136229390867
302,0,1178,39.266666666666666,0.26038659454384644,0.27781365943922215
302,0,1179,39.3,0.133766642134937,0.10622807991616245
302,0,1180,39.333333333333336,0.015115023818991963,-0.03612321909710954
302,0,1181,39.36666666666667,-0.08287686372263035,-0.14886760622148779
302,0,1182,39.4,-0.15169742295327426,-0.23442676315245906
302,0,1183,39.43333333333333,-0.18942150190263407,-0.29706010359334395
302,0,1184,39.46666666666667,-0.2013722756995297,-0.3436711008024537
302,0,1185,39.5,-0.20002938047492572,-0.38308252045679536
302,0,1186,39.53333333333333,-0.2008532568223793,-0.4233944123104164
302,0,1187,39.56666666666667,-0.21802562077587367,-0.47140302318599153
302,0,1188,39.6,-0.2622036165510328,-0.5301400739855354
302,0,1189,39.63333333333333,-0.33816896453911116,-0.5983961918428311
302,0,1190,39.666666666666664,-0.4450833988194284,-0.6735431631973738
302,0,1191,39.7,-0.5759086584922857,-0.7511014733727139
302,0,1192,39.733333333333334,-0.7154851367708719,-0.8212143557433698
302,0,1193,39.766666666666666,-0.8437989438485126,-0.8683860572240387
302,0,1194,39.8,-0.9405041779509279,-0.8765575863173581
302,0,1195,39.833333333333336,-0.98647148237422,-0.8292698905129608
302,0,1196,39.86666666666667,-0.9662171892627563,-0.7130533384989765
302,0,1197,39.9,-0.8669715850361707,-0.5182170066337471
302,0,1198,39.93333333333333,-0.6725363817644971,-0.2524153836915847
302,0,1199,39.96666666666667,-0.362329601198238,0.05809822024636138
302,0,1200,40.0,0.06138658941592376,0.38092456924106183
302,0,1201,40.03333333333333,0.5363397329739138,0.6761448622283758
302,0,1202,40.06666666666667,0.9505520433583251,0.9169987537666319
302,0,1203,40.1,1.2030001191896635,1.0884658938283054
302,0,1204,40.13333333333333,1.2636539583135464,1.1812480936703371
302,0,1205,40.166666666666664,1.1749978145166988,1.1907537247613513
302,0,1206,40.2,1.0073806726164802,1.1244297545644368
302,0,1207,40.233333333333334,0.8230603386318399,1.0014513929230806
302,0,1208,40.266666666666666,0.6606224408770043,0.8397535627169693
302,0,1209,40.3,0.5304548856875411,0.6563981801451716
302,0,1210,40.333333333333336,0.41883474355501,0.4658302534253168
302,0,1211,40.36666666666667,0.3058096731563532,0.28080710892325833
302,0,1212,40.4,0.18362113445658945,0.11093230267430695
302,0,1213,40.43333333333333,0.06036537335864675,-0.03624106245109457
302,0,1214,40.46666666666667,-0.04898030580767512,-0.15744241338333773
302,0,1215,40.5,-0.13302323638127958,-0.25265570779840396
302,0,1216,40.53333333333333,-0.1863717866586117,-0.32745230489228394
302,0,1217,40.56666666666667,-0.21043411536886444,-0.3920778374314561
302,0,1218,40.6,-0.21351568040763544,-0.4543205299778563
302,0,1219,40.63333333333333,-0.2091376727690543,-0.5187613758032226
302,0,1220,40.666666666666664,-0.21382543941709964,-0.5864869895315653
302,0,1221,40.7,-0.24159873934375387,-0.6545515927841002
302,0,1222,40.733333333333334,-0.3007997817477021,-0.7213130862512049
302,0,1223,40.766666666666666,-0.39359425086401745,-0.7859722162908641
302,0,1224,40.8,-0.5149038920538835,-0.8434458000900055
302,0,1225,40.833333333333336,-0.6537637339797175,-0.8840579316326235
302,0,1226,40.86666666666667,-0.796546169356997,-0.8935830612516397
302,0,1227,40.9,-0.9267327026545356,-0.8534015422242568
302,0,1228,40.93333333333333,-1.0224797370972396,-0.7492959893014877
302,0,1229,40.96666666666667,-1.059385337641492,-0.5722101088381175
302,0,1230,41.0,-1.0121828870807024,-0.32609517451030123
302,0,1231,41.03333333333333,-0.8502744707242811,-0.02914293338503908
302,0,1232,41.06666666666667,-0.5426860965337642,0.292534268535239
302,0,1233,41.1,-0.09079970061380484,0.6034447434150347
302,0,1234,41.13333333333333,0.4358656408759918,0.8707255650090238
302,0,1235,41.166666666666664,0.912772575772702,1.062785363946572
302,0,1236,41.2,1.228702452911175,1.1670741527500672
302,0,1237,41.233333333333334,1.349759069251871,1.1890112459230018
302,0,1238,41.266666666666666,1.3134384101168999,1.1362686575427001
302,0,1239,41.3,1.1803183175676861,1.0183628243296807
302,0,1240,41.333333333333336,1.0035461104653467,0.8529929771679219
302,0,1241,41.36666666666667,0.8192140350854444,0.6663776337328647
302,0,1242,41.4,0.6465720072150671,0.4777431720206348
302,0,1243,41.43333333333333,0.490684288442298,0.3001395403688869
302,0,1244,41.46666666666667,0.3454263104854233,0.14208184199578006
302,0,1245,41.5,0.2040234959761846,0.008635732916293076
302,0,1246,41.53333333333333,0.06960161385650555,-0.10132840583570996
302,0,1247,41.56666666666667,-0.04737536069873072,-0.1940713635713111
302,0,1248,41.6,-0.1374481950587665,-0.27458921286984733
302,0,1249,41.63333333333333,-0.19896425449799443,-0.34572231984013235
302,0,1250,41.666666666666664,-0.23773291068367114,-0.4095901175355383
302,0,1251,41.7,-0.2610226568183551,-0.4669409843221955
302,0,1252,41.733333333333334,-0.2804280404869821,-0.5176763331234718
302,0,1253,41.766666666666666,-0.31139352773380813,-0.560375576647383
302,0,1254,41.8,-0.365500586522735,-0.5954392827893631
302,0,1255,41.833333333333336,-0.44935760179824547,-0.6247245162567685
302,0,1256,41.86666666666667,-0.5621787866368915,-0.6469881928042593
302,0,1257,41.9,-0.6935474370095897,-0.6576903843391538
302,0,1258,41.93333333333333,-0.8259914054643686,-0.6541682125934195
302,0,1259,41.96666666666667,-0.9378640579229227,-0.6356393459679948
302,0,1260,42.0,-1.0066462727903887,-0.5957106116108565
302,0,1261,42.03333333333333,-1.008165197897319,-0.5227228264123915
302,0,1262,42.06666666666667,-0.9125494745154793,-0.40803776944074055
302,0,1263,42.1,-0.6860906037359329,-0.24685729952314558
302,0,1264,42.13333333333333,-0.3127885462351211,-0.04386308181546841
302,0,1265,42.166666666666664,0.16792047401369636,0.18570450256660653
302,0,1266,42.2,0.6514829875998607,0.42354202693979137
302,0,1267,42.233333333333334,1.015666198224383,0.6471044377307762
302,0,1268,42.266666666666666,1.1920812191294878,0.8333114164345846
302,0,1269,42.3,1.1928814996559387,0.9575570096959485
302,0,1270,42.333333333333336,1.0764601004176302,1.005402378808007
302,0,1271,42.36666666666667,0.9066016053727453,0.9720637363702234
302,0,1272,42.4,0.7328139990916469,0.8679186506039628
302,0,1273,42.43333333333333,0.5826936822820014,0.7184288098341933
302,0,1274,42.46666666666667,0.4601686943587891,0.5465253105615642
302,0,1275,42.5,0.35167446263616975,0.3730237298248293
302,0,1276,42.53333333333333,0.24119920554757018,0.21019973005041187
302,0,1277,42.56666666666667,0.12329001284964375,0.06270200975464923
302,0,1278,42.6,0.00569513413501696,-0.06667668418900759
302,0,1279,42.63333333333333,-0.10018040315131309,-0.1759868706056881
302,0,1280,42.666666666666664,-0.1880432126036418,-0.267613072641286
302,0,1281,42.7,-0.25606772295108604,-0.347380588029933
302,0,1282,42.733333333333334,-0.30902188417655874,-0.4194297751089979
302,0,1283,42.766666666666666,-0.3576029868603826,-0.48548715737396775
302,0,1284,42.8,-0.41307407042538813,-0.5501712636267717
302,0,1285,42.833333333333336,-0.48574797180581364,-0.6203587747516885
302,0,1286,42.86666666666667,-0.5803793204382939,-0.6985063461027591
302,0,1287,42.9,-0.6926038875027098,-0.782065360173584
302,0,1288,42.93333333333333,-0.8086195700051829,-0.8541228219012915
302,0,1289,42.96666666666667,-0.9055534725184498,-0.8832966003934722
302,0,1290,43.0,-0.9577892007661671,-0.8396222483101792
302,0,1291,43.03333333333333,-0.9388062795726712,-0.6952309135561608
302,0,1292,43.06666666666667,-0.8178058532421546,-0.44185880930705046
302,0,1293,43.1,-0.5657243208663774,-0.09215550082720078
302,0,1294,43.13333333333333,-0.18079348922690897,0.313783595617671
302,0,1295,43.166666666666664,0.2827863558918754,0.7070271494202763
302,0,1296,43.2,0.7221452990497139,1.0286973383519062
302,0,1297,43.233333333333334,1.0359160121186288,1.228814430777354
302,0,1298,43.266666666666666,1.1797498667683846,1.2934672551037756
302,0,1299,43.3,1.1751499864732402,1.2437601109333738
302,0,1300,43.333333333333336,1.0731263661737758,1.1075811110712837
302,0,1301,43.36666666666667,0.9223504557847748,0.9191542595265076
302,0,1302,43.4,0.7602614038722245,0.7032728291623374
302,0,1303,43.43333333333333,0.6098315703464932,0.4759546246993382
302,0,1304,43.46666666666667,0.47528100936158046,0.24700059120822304
302,0,1305,43.5,0.3475106557769622,0.02137660321221626
302,0,1306,43.53333333333333,0.2184113204513349,-0.1932968436232382
302,0,1307,43.56666666666667,0.0887347181984681,-0.38530425665357876
302,0,1308,43.6,-0.03191310274609367,-0.5460280463130224
302,0,1309,43.63333333333333,-0.13212628647944802,-0.668779927969344
302,0,1310,43.666666666666664,-0.20870995749569454,-0.7560157759450014
302,0,1311,43.7,-0.26566621940576635,-0.8183564717921182
302,0,1312,43.733333333333334,-0.30969243032903965,-0.8573864651527968
302,0,1313,43.766666666666666,-0.3495230836542613,-0.8651529263526345
302,0,1314,43.8,-0.3969336276261086,-0.8395054165228649
302,0,1315,43.833333333333336,-0.4624499059103729,-0.784118856496024
302,0,1316,43.86666666666667,-0.5493892368773425,-0.7020282055850897
302,0,1317,43.9,-0.6549162221415235,-0.595980558643868
302,0,1318,43.93333333333333,-0.7695460566506084,-0.47057274918570824
302,0,1319,43.96666666666667,-0.8767781923930639,-0.3329441641297716
302,0,1320,44.0,-0.9564175620473417,-0.18888441135501044
302,0,1321,44.03333333333333,-0.9862759998562368,-0.0437338843570623
302,0,1322,44.06666666666667,-0.9404075801168056,0.10354832285836799
302,0,1323,44.1,-0.7878082280829085,0.2592268867532422
302,0,1324,44.13333333333333,-0.5009033397023959,0.4228390173245682
302,0,1325,44.166666666666664,-0.08494713414548827,0.5860093532165603
302,0,1326,44.2,0.3935980495193196,0.7338901737138357
302,0,1327,44.233333333333334,0.8246872319350382,0.8443521086706187
302,0,1328,44.266666666666666,1.1144079357642824,0.900134659974664
302,0,1329,44.3,1.2341679452892576,0.8885078771494148
302,0,1330,44.333333333333336,1.2149536166174333,0.8142272703951583
302,0,1331,44.36666666666667,1.1057128338944893,0.6994654732407917
302,0,1332,44.4,0.9482206188033226,0.5650553246147438
302,0,1333,44.43333333333333,0.7752701851204868,0.43072874466530847
302,0,1334,44.46666666666667,0.6092908953508639,0.3065222586210491
302,0,1335,44.5,0.45756259262200205,0.1934966801406017
302,0,1336,44.53333333333333,0.3159076163157524,0.09169547750850758
302,0,1337,44.56666666666667,0.17932694082264194,0.001024320650346272
302,0,1338,44.6,0.049979630801043826,-0.07819018007681122
302,0,1339,44.63333333333333,-0.06182372247994382,-0.1444718725711857
302,0,1340,44.666666666666664,-0.1467542059360566,-0.1986134611540154
302,0,1341,44.7,-0.20289894471360298,-0.24308134210281113
302,0,1342,44.733333333333334,-0.23322681176124924,-0.2798431330186676
302,0,1343,44.766666666666666,-0.24605654068214539,-0.3098942672526436
302,0,1344,44.8,-0.25455772366927687,-0.33239293787914126
302,0,1345,44.833333333333336,-0.27193925896319365,-0.34437789147316866
302,0,1346,44.86666666666667,-0.30841645732271317,-0.34743187134794684
302,0,1347,44.9,-0.36950021954827356,-0.34747237223680827
302,0,1348,44.93333333333333,-0.4549401652944075,-0.3513681391970039
302,0,1349,44.96666666666667,-0.5588626115191189,-0.36668135789894
302,0,1350,45.0,-0.671699555620916,-0.39552698875250686
302,0,1351,45.03333333333333,-0.7822261076730934,-0.4343635012447616
302,0,1352,45.06666666666667,-0.8766577122788529,-0.4749904458152045
302,0,1353,45.1,-0.9383020969355665,-0.5044896243096265
302,0,1354,45.13333333333333,-0.9466799307456675,-0.5085360845320133
302,0,1355,45.166666666666664,-0.8739424406909337,-0.4716029112901417
302,0,1356,45.2,-0.6875602424784201,-0.38154237348352515
302,0,1357,45.233333333333334,-0.3671445791271715,-0.23022035132775825
302,0,1358,45.266666666666666,0.06534338184217049,-0.02245716124463862
302,0,1359,45.3,0.5293561125752446,0.22299685577701484
302,0,1360,45.333333333333336,0.9167675505709423,0.4723415382245859
302,0,1361,45.36666666666667,1.1539610847394284,0.6759085327524043
302,0,1362,45.4,1.2341849721995377,0.8102461307450446
302,0,1363,45.43333333333333,1.1939834287431135,0.8773068439845381
302,0,1364,45.46666666666667,1.0758003360532908,0.8865961276378425
302,0,1365,45.5,0.9145407819863158,0.8543980806282682
302,0,1366,45.53333333333333,0.7393965416022039,0.7851991514359669
302,0,1367,45.56666666666667,0.5703944320169203,0.6717817042042505
302,0,1368,45.6,0.41305677415131953,0.5081201870267357
302,0,1369,45.63333333333333,0.2639045238458764,0.29037045299196806
302,0,1370,45.666666666666664,0.12224010352112036,0.03521809059043157
302,0,1371,45.7,-0.005704827234968637,-0.21903259529096566
302,0,1372,45.733333333333334,-0.11027559410662856,-0.4441255409306857
302,0,1373,45.766666666666666,-0.18451690640259788,-0.6208363029822874
302,0,1374,45.8,-0.22982790478256224,-0.7401942308527021
302,0,1375,45.833333333333336,-0.2540355407170223,-0.80247397817968
302,0,1376,45.86666666666667,-0.26764005814663483,-0.8076032172057993
302,0,1377,45.9,-0.2827910137552894,-0.754732236304074
302,0,1378,45.93333333333333,-0.31045526482266844,-0.6503927080725498
302,0,1379,45.96666666666667,-0.357190495411001,-0.5087204723320989
302,0,1380,46.0,-0.42522833044985,-0.353631711078315
302,0,1381,46.03333333333333,-0.5130259727270067,-0.21920018928442592
302,0,1382,46.06666666666667,-0.6133015333262509,-0.13172350695382357
302,0,1383,46.1,-0.7149305017628542,-0.10999639772256732
302,0,1384,46.13333333333333,-0.8043132861409045,-0.1424499479143163
302,0,1385,46.166666666666664,-0.8647304146159356,-0.18771973576521012
302,0,1386,46.2,-0.8774573057855186,-0.20692276738156004
302,0,1387,46.233333333333334,-0.8187611016151248,-0.16453701534724674
302,0,1388,46.266666666666666,-0.6575163428427357,-0.047854994972220156
302,0,1389,46.3,-0.36852025080159684,0.13226628004017993
302,0,1390,46.333333333333336,0.03210837435569878,0.34832147279444897
302,0,1391,46.36666666666667,0.46848797845692974,0.555590617702605
302,0,1392,46.4,0.8375791879471507,0.7230905275461648
302,0,1393,46.43333333333333,1.0666007300890656,0.8329341460724203
302,0,1394,46.46666666666667,1.146079094576379,0.8794126837168845
302,0,1395,46.5,1.1106665058830667,0.8683511574179492
302,0,1396,46.53333333333333,1.002458999145896,0.8105031578492845
302,0,1397,46.56666666666667,0.8573089939591053,0.721328186946677
302,0,1398,46.6,0.7027877704026214,0.6112322997395485
302,0,1399,46.63333333333333,0.5546772608996369,0.48594486130171083
302,0,1400,46.666666666666664,0.4157249271857042,0.3476645092635142
302,0,1401,46.7,0.28040298284704324,0.19595700050130982
302,0,1402,46.733333333333334,0.14542051068536369,0.03981156733507697
302,0,1403,46.766666666666666,0.016473848816233774,-0.10144869661710648
302,0,1404,46.8,-0.0963508406053404,-0.21794329890400893
302,0,1405,46.833333333333336,-0.1854191188252559,-0.3084147922647507
302,0,1406,46.86666666666667,-0.24855614586186195,-0.3725416090350603
302,0,1407,46.9,-0.2902747293897098,-0.41020730216919565
302,0,1408,46.93333333333333,-0.31938812216951973,-0.42631829436752233
302,0,1409,46.96666666666667,-0.3449125539560424,-0.4303107033170359
302,0,1410,47.0,-0.3739968612753934,-0.43368476571918546
302,0,1411,47.03333333333333,-0.41284578809560385,-0.4495810467702574
302,0,1412,47.06666666666667,-0.4641413612584052,-0.48571242429020894
302,0,1413,47.1,-0.5250371906948522,-0.5439883793857101
302,0,1414,47.13333333333333,-0.5902227249691752,-0.6230756464591081
302,0,1415,47.166666666666664,-0.6534998149189796,-0.7180073755762454
302,0,1416,47.2,-0.7083007941218715,-0.8083445192919003
302,0,1417,47.233333333333334,-0.7474677332717594,-0.8581012726145227
302,0,1418,47.266666666666666,-0.762709057233701,-0.8381780553785073
302,0,1419,47.3,-0.7408211393919961,-0.7268857194876618
302,0,1420,47.333333333333336,-0.6570121881947703,-0.5167903495694399
302,0,1421,47.36666666666667,-0.47585575014266024,-0.21578626281522167
302,0,1422,47.4,-0.17091172456443077,0.14394710932920857
302,0,1423,47.43333333333333,0.2399517273864478,0.5046447578134245
302,0,1424,47.46666666666667,0.676462957412417,0.817426924847882
302,0,1425,47.5,1.0295475935594125,1.0410540140052866
302,0,1426,47.53333333333333,1.2270257857263758,1.1582879882014347
302,0,1427,47.56666666666667,1.2653137823672906,1.1747308433372625
302,0,1428,47.6,1.183876011132068,1.1035273913932795
302,0,1429,47.63333333333333,1.0293434697200012,0.964834490365797
302,0,1430,47.666666666666664,0.8416475615742411,0.7814816630699595
302,0,1431,47.7,0.6513567764624131,0.5792989434499727
302,0,1432,47.733333333333334,0.4760630669084515,0.37664639783558446
302,0,1433,47.766666666666666,0.3175090443228887,0.18535155771981796
302,0,1434,47.8,0.16781165905586998,0.015144454648071765
302,0,1435,47.833333333333336,0.023123214252419394,-0.1252126642003361
302,0,1436,47.86666666666667,-0.11160803616312248,-0.22627230710977966
302,0,1437,47.9,-0.22736681741584597,-0.27711414682416863
302,0,1438,47.93333333333333,-0.3149074963307541,-0.2742457852253538
302,0,1439,47.96666666666667,-0.36780280541120824,-0.22127844701496419
302,0,1440,48.0,-0.3856083239319073,-0.1449242831547641
302,0,1441,48.03333333333333,-0.3754224793272699,-0.09454739145474957
302,0,1442,48.06666666666667,-0.35169385288730026,-0.09440353800619161
302,0,1443,48.1,-0.3329631555925401,-0.14325258843740402
302,0,1444,48.13333333333333,-0.33476626219094957,-0.2343876943138786
302,0,1445,48.166666666666664,-0.3673960770368558,-0.3554444533743733
302,0,1446,48.2,-0.43556842622945696,-0.4984260511146523
302,0,1447,48.233333333333334,-0.5354770096959368,-0.6590530665031508
302,0,1448,48.266666666666666,-0.6544392035100908,-0.8214029731019742
302,0,1449,48.3,-0.7738201054811231,-0.9572287918318177
302,0,1450,48.333333333333336,-0.8712089273360357,-1.0368478018462306
302,0,1451,48.36666666666667,-0.9208378719262446,-1.0290587284324932
302,0,1452,48.4,-0.8949164873643437,-0.9163689682379443
302,0,1453,48.43333333333333,-0.7634259408197762,-0.6956107128079627
302,0,1454,48.46666666666667,-0.4986138135837239,-0.37824571173687993
302,0,1455,48.5,-0.09931110396352742,0.008313039926791325
302,0,1456,48.53333333333333,0.3791421287307824,0.41729313005975927
302,0,1457,48.56666666666667,0.8301636217163004,0.7810671441911228
302,0,1458,48.6,1.1483290255503478,1.0548919923974087
302,0,1459,48.63333333333333,1.2881485147233032,1.2155269767098784
302,0,1460,48.666666666666664,1.2719276942109166,1.260718703711877
302,0,1461,48.7,1.1533875450395425,1.2080705410954213
302,0,1462,48.733333333333334,0.9838463028261438,1.0865879047883555
302,0,1463,48.766666666666666,0.8002523212469344,0.9362031843862927
302,0,1464,48.8,0.6266682307451518,0.7789162673191832
302,0,1465,48.833333333333336,0.4710469330941682,0.619252449921218
302,0,1466,48.86666666666667,0.32733055259891813,0.46126153146481075
302,0,1467,48.9,0.18963752548719465,0.3095880921404046
302,0,1468,48.93333333333333,0.06049302081918982,0.16623878736814257
302,0,1469,48.96666666666667,-0.05036836860018486,0.031676381603752704
302,0,1470,49.0,-0.1345765487314064,-0.09401785619220505
302,0,1471,49.03333333333333,-0.19157104988807117,-0.21010486743648438
302,0,1472,49.06666666666667,-0.22457185737333277,-0.3170051054665891
302,0,1473,49.1,-0.24005368853482073,-0.41537608159129735
302,0,1474,49.13333333333333,-0.2506039634798699,-0.5098088318830236
302,0,1475,49.166666666666664,-0.2707509677179542,-0.6079225005808319
302,0,1476,49.2,-0.31090327846001753,-0.7114696475762933
302,0,1477,49.233333333333334,-0.37491135623363897,-0.8155347075293609
302,0,1478,49.266666666666666,-0.4614977755701238,-0.9117987487295505
302,0,1479,49.3,-0.567571880810727,-0.9880131250668418
302,0,1480,49.333333333333336,-0.6876845447808226,-1.0323018322710729
302,0,1481,49.36666666666667,-0.8113748168069056,-1.0329686308341595
302,0,1482,49.4,-0.9244815014436919,-0.979064351747923
302,0,1483,49.43333333333333,-1.0089680750430143,-0.8607393174631746
302,0,1484,49.46666666666667,-1.042690695375043,-0.6702250274148003
302,0,1485,49.5,-0.9993492075185153,-0.40297267777781287
302,0,1486,49.53333333333333,-0.845559831662448,-0.0707772502137025
302,0,1487,49.56666666666667,-0.5485784008073437,0.2965651526779086
302,0,1488,49.6,-0.10796704724043882,0.6536389835096125
302,0,1489,49.63333333333333,0.4108777593813389,0.9380005261158891
302,0,1490,49.666666666666664,0.8891261091387381,1.116417449368524
302,0,1491,49.7,1.2182289442585665,1.18371396483152
302,0,1492,49.733333333333334,1.3601313921593876,1.1557158049972585
302,0,1493,49.766666666666666,1.346165011817067,1.0682589498813213
302,0,1494,49.8,1.2306928305976936,0.9506155203423254
302,0,1495,49.833333333333336,1.0596468945080142,0.8252530219494967
302,0,1496,49.86666666666667,0.8675251845678528,0.7027782993523012
302,0,1497,49.9,0.6790536496580698,0.5825377885434811
302,0,1498,49.93333333333333,0.5051992176618623,0.46066156285303433
302,0,1499,49.96666666666667,0.34424678905944295,0.33107325727722875
302,0,1500,50.0,0.19273448505303065,0.19220195891945513
302,0,1501,50.03333333333333,0.053619055768707624,0.048015612534315494
302,0,1502,50.06666666666667,-0.06471869158531132,-0.0963798676514769
302,0,1503,50.1,-0.15443902239836996,-0.23378166569311806
302,0,1504,50.13333333333333,-0.21255840265988996,-0.36012519338344195
302,0,1505,50.166666666666664,-0.24103657967113173,-0.47354133274150656
302,0,1506,50.2,-0.2478631843526753,-0.5741712811282396
302,0,1507,50.233333333333334,-0.2466185526579769,-0.6632828246817193
302,0,1508,50.266666666666666,-0.2525045735583857,-0.7418826024164629
302,0,1509,50.3,-0.2782139726482253,-0.8099992590634688
302,0,1510,50.333333333333336,-0.3308576619940434,-0.8635141570697248
302,0,1511,50.36666666666667,-0.41176552113148684,-0.8937669340021556
302,0,1512,50.4,-0.5178927109581819,-0.8934857212217239
302,0,1513,50.43333333333333,-0.6421076688003055,-0.8567821669086513
302,0,1514,50.46666666666667,-0.772619759984378,-0.774150879898932
302,0,1515,50.5,-0.8943144405185554,-0.6330346439825846
302,0,1516,50.53333333333333,-0.9891480358924476,-0.43072318978474866
302,0,1517,50.56666666666667,-1.0339073371481773,-0.17549144563262195
302,0,1518,50.6,-1.0003346814871736,0.11222821361344607
302,0,1519,50.63333333333333,-0.8548858026441644,0.39854494129089335
302,0,1520,50.666666666666664,-0.5667506348641254,0.6527538562508888
302,0,1521,50.7,-0.14050422003299698,0.8461071310352931
302,0,1522,50.733333333333334,0.354564144014225,0.9667159147157317
302,0,1523,50.766666666666666,0.8033123437791194,1.0184550209189354
302,0,1524,50.8,1.1083595470663568,1.0134113320019298
302,0,1525,50.833333333333336,1.242736905471062,0.9711306261117953
302,0,1526,50.86666666666667,1.2390818652589564,0.9021762670468967
302,0,1527,50.9,1.1449678097284355,0.8081166512843041
302,0,1528,50.93333333333333,1.0001076276468726,0.6877061698937079
302,0,1529,50.96666666666667,0.8340151536335841,0.5376072630324827
302,0,1530,51.0,0.6674920881992343,0.3569193734325523
302,0,1531,51.03333333333333,0.5107055179155268,0.14831182379133578
302,0,1532,51.06666666666667,0.3619200410391903,-0.07760413628159933
302,0,1533,51.1,0.21666644652182443,-0.30104335451020264
302,0,1534,51.13333333333333,0.07680691753256683,-0.5099974557114867
302,0,1535,51.166666666666664,-0.049377393034249095,-0.6989350111913224
302,0,1536,51.2,-0.15189512347316875,-0.8566057729000456
302,0,1537,51.233333333333334,-0.22503844903515444,-0.9649740863308249
302,0,1538,51.266666666666666,-0.2681978625945769,-1.0084438150430162
302,0,1539,51.3,-0.2863887865327241,-0.9735099383103643
302,0,1540,51.333333333333336,-0.2931678336037811,-0.8597913778529797
302,0,1541,51.36666666666667,-0.3068461244529008,-0.680291227515364
302,0,1542,51.4,-0.34083729459565376,-0.4585906745379368
302,0,1543,51.43333333333333,-0.3983830802267257,-0.22947539702279773
302,0,1544,51.46666666666667,-0.47593168171126066,-0.02525400790299933
302,0,1545,51.5,-0.5664549552632961,0.12349405588826026
302,0,1546,51.53333333333333,-0.6609411119669725,0.20362116674584807
302,0,1547,51.56666666666667,-0.7495068557451052,0.21867599588344538
302,0,1548,51.6,-0.8191440215691528,0.19038894338024936
302,0,1549,51.63333333333333,-0.8517071888073935,0.15788574137482014
302,0,1550,51.666666666666664,-0.8220982178017257,0.14971317226736375
302,0,1551,51.7,-0.6989763007343588,0.18320074339052383
302,0,1552,51.733333333333334,-0.45348500232280253,0.256037693449786
302,0,1553,51.766666666666666,-0.08527743180030334,0.3460615301258668
302,0,1554,51.8,0.3477034454522969,0.4369976931908848
302,0,1555,51.833333333333336,0.7393578638013277,0.5182617840043141
302,0,1556,51.86666666666667,0.9946585303469717,0.5797564588850569
302,0,1557,51.9,1.0855746775591115,0.6115789676487043
302,0,1558,51.93333333333333,1.0455410559438958,0.6087940248836998
302,0,1559,51.96666666666667,0.9273807757673238,0.5713691944341703
302,0,1560,52.0,0.7770822645670765,0.5024985260690146
302,0,1561,52.03333333333333,0.6269742038592974,0.4088214612063296
302,0,1562,52.06666666666667,0.4941855958653616,0.2992360591573616
302,0,1563,52.1,0.3778762588917561,0.18537473067562807
302,0,1564,52.13333333333333,0.2670747043242265,0.07337881427866999
302,0,1565,52.166666666666664,0.15610971256757505,-0.03538942222412804
302,0,1566,52.2,0.0481976552410271,-0.1383130991202391
302,0,1567,52.233333333333334,-0.048269523546527804,-0.2307390401461455
302,0,1568,52.266666666666666,-0.12351705774131387,-0.3066646626135848
302,0,1569,52.3,-0.1721866585976803,-0.35817461745913204
302,0,1570,52.333333333333336,-0.19593640532834822,-0.3848733178603465
302,0,1571,52.36666666666667,-0.20153170101278248,-0.3934650062821497
302,0,1572,52.4,-0.2003299831997673,-0.39389743165259256
302,0,1573,52.43333333333333,-0.20745744166307745,-0.3989702524986653
302,0,1574,52.46666666666667,-0.23713220896360052,-0.42321745125106586
302,0,1575,52.5,-0.29654695117777374,-0.4824329340255149
302,0,1576,52.53333333333333,-0.3839316990119087,-0.5766490733897746
302,0,1577,52.56666666666667,-0.49191065004931706,-0.6897193078112469
302,0,1578,52.6,-0.6107325807088348,-0.7957556858247987
302,0,1579,52.63333333333333,-0.7284017853721598,-0.8590997294626563
302,0,1580,52.666666666666664,-0.8295432342778689,-0.8520538060191356
302,0,1581,52.7,-0.8949626968516218,-0.7552847478864234
302,0,1582,52.733333333333334,-0.9008560452202714,-0.5631812141685156
302,0,1583,52.766666666666666,-0.8180330709999969,-0.2847859372909116
302,0,1584,52.8,-0.6131595311549044,0.05670465458734444
302,0,1585,52.833333333333336,-0.2690489144312706,0.4225288565583388
302,0,1586,52.86666666666667,0.17811309872226544,0.7676591912844618
302,0,1587,52.9,0.6312606030829896,1.0393970820716503
302,0,1588,52.93333333333333,0.9779022568800743,1.2066649846896436
302,0,1589,52.96666666666667,1.1558663271038951,1.2588885846407416
302,0,1590,53.0,1.1772544692976497,1.204029857042999
302,0,1591,53.03333333333333,1.0933540845011225,1.0679418091628787
302,0,1592,53.06666666666667,0.9550403624121053,0.8791481686392303
302,0,1593,53.1,0.8000661870193084,0.668984383496079
302,0,1594,53.13333333333333,0.652168474373218,0.4597706464043057
302,0,1595,53.166666666666664,0.5185727038255358,0.2656917734929712
302,0,1596,53.2,0.3916642958013271,0.09889085060380062
302,0,1597,53.233333333333334,0.262184474696124,-0.029447990756624312
302,0,1598,53.266666666666666,0.1297216966302729,-0.10989522896169535
302,0,1599,53.3,0.0015596651071899947,-0.13406878378608006
302,0,1600,53.333333333333336,-0.11180928710172175,-0.12440549676751855
302,0,1601,53.36666666666667,-0.20035688487172051,-0.1332745857995741
302,0,1602,53.4,-0.2595003137210461,-0.18394874682930543
302,0,1603,53.43333333333333,-0.2940652560075986,-0.26980548775667035
302,0,1604,53.46666666666667,-0.31690750173355586,-0.38291261628383105
302,0,1605,53.5,-0.3425692631494063,-0.5135886730760917
302,0,1606,53.53333333333333,-0.38359052618059525,-0.6531913486010714
302,0,1607,53.56666666666667,-0.4499680070486979,-0.7933970214633307
302,0,1608,53.6,-0.5447156173966705,-0.9214559635936365
302,0,1609,53.63333333333333,-0.6613650659370742,-1.0195473193350348
302,0,1610,53.666666666666664,-0.7866331024857093,-1.0689629723780645
302,0,1611,53.7,-0.9018586442123981,-1.0499635660459774
302,0,1612,53.733333333333334,-0.9845461730937212,-0.9471989330624472
302,0,1613,53.766666666666666,-1.010516266995044,-0.7503319673809347
302,0,1614,53.8,-0.9540247544065417,-0.4673702713838441
302,0,1615,53.833333333333336,-0.7856314868018706,-0.1259106706756501
302,0,1616,53.86666666666667,-0.4771198735865069,0.2398422401362906
302,0,1617,53.9,-0.03222868679629731,0.5875414176411631
302,0,1618,53.93333333333333,0.47865163807434075,0.8803667292724807
302,0,1619,53.96666666666667,0.9321105325342839,1.0855243353015993
302,0,1620,54.0,1.2216203117650029,1.1902920252729747
302,0,1621,54.03333333333333,1.3184915789735698,1.2008610123525856
302,0,1622,54.06666666666667,1.2629975763808705,1.1313844709607266
302,0,1623,54.1,1.117505251676283,1.0034638445260498
302,0,1624,54.13333333333333,0.936631748340765,0.8382754073380452
302,0,1625,54.166666666666664,0.7582364762064362,0.6568758602593738
302,0,1626,54.2,0.6000567760133714,0.4762970053179705
302,0,1627,54.233333333333334,0.4605511284768116,0.3103830828196012
302,0,1628,54.266666666666666,0.3277667886376405,0.1682037998058171
302,0,1629,54.3,0.19371924673691754,0.055034593088604075
302,0,1630,54.333333333333336,0.0628126195819806,-0.03131727143983029
302,0,1631,54.36666666666667,-0.05475621080169463,-0.09956935733033359
302,0,1632,54.4,-0.15157164172385862,-0.16021917935302482
302,0,1633,54.43333333333333,-0.2242311114678418,-0.2246767295286603
302,0,1634,54.46666666666667,-0.2746025377057043,-0.3010488240087264
302,0,1635,54.5,-0.3109501057346805,-0.3933713112382625
302,0,1636,54.53333333333333,-0.3472525010633285,-0.5000492009578182
302,0,1637,54.56666666666667,-0.39893148988184157,-0.613182016389249
302,0,1638,54.6,-0.4764592007717186,-0.7251304608476798
302,0,1639,54.63333333333333,-0.5828822076715652,-0.8278880690292545
302,0,1640,54.666666666666664,-0.713176668656637,-0.9115810889285685
302,0,1641,54.7,-0.8531991244345383,-0.9640053868971276
302,0,1642,54.733333333333334,-0.981023897010548,-0.9730208077573056
302,0,1643,54.766666666666666,-1.0721287259537189,-0.9265421861412457
302,0,1644,54.8,-1.1010752064894984,-0.8139839055854442
302,0,1645,54.833333333333336,-1.0384608592498483,-0.6269403013311079
302,0,1646,54.86666666666667,-0.8497429947899675,-0.3710824066572695
302,0,1647,54.9,-0.5061178157535992,-0.06739579347283461
302,0,1648,54.93333333333333,-0.02136906290508938,0.25841382394137397
302,0,1649,54.96666666666667,0.5188488177046034,0.5744158694678406
302,0,1650,55.0,0.9856967729123309,0.8500840591017482
302,0,1651,55.03333333333333,1.2801460443729435,1.054845978792773
302,0,1652,55.06666666666667,1.3831593725218112,1.1721055078680884
302,0,1653,55.1,1.3371313970330856,1.198203122804842
302,0,1654,55.13333333333333,1.1995975813486779,1.1427226070026129
302,0,1655,55.166666666666664,1.0186591129861138,1.0280007758087926
302,0,1656,55.2,0.8285001105794318,0.874817066378223
302,0,1657,55.233333333333334,0.6503280219431723,0.7026172555317195
302,0,1658,55.266666666666666,0.4887360202789193,0.52457754161445
302,0,1659,55.3,0.33467020054943825,0.34848570667139905
302,0,1660,55.333333333333336,0.18102799976047937,0.18134937015384633
302,0,1661,55.36666666666667,0.03163109693915517,0.030503776152870976
302,0,1662,55.4,-0.10283158936301658,-0.10267781672501472
302,0,1663,55.43333333333333,-0.21323139981760247,-0.2216827850575885
302,0,1664,55.46666666666667,-0.2968819493568243,-0.3304664365282208
302,0,1665,55.5,-0.3556522692124138,-0.43242379205023485
302,0,1666,55.53333333333333,-0.3976480818687199,-0.5308188397445858
302,0,1667,55.56666666666667,-0.4373509651190565,-0.6279076365690028
302,0,1668,55.6,-0.48888945906646086,-0.7252356871387506
302,0,1669,55.63333333333333,-0.5616812611969809,-0.8228641079565886
302,0,1670,55.666666666666664,-0.6580251983953005,-0.9156384879653102
302,0,1671,55.7,-0.7724778565570017,-0.9926296411780943
302,0,1672,55.733333333333334,-0.8903085406637212,-1.0381002553659069
302,0,1673,55.766666666666666,-0.9899317016382699,-1.0314268433074039
302,0,1674,55.8,-1.0474279458592246,-0.9545352949356438
302,0,1675,55.833333333333336,-1.0346578149810226,-0.7925165459276446
302,0,1676,55.86666666666667,-0.9185784373407707,-0.5471292513654202
302,0,1677,55.9,-0.6656876601414239,-0.23797789931209024
302,0,1678,55.93333333333333,-0.2661922163098482,0.10716683484047561
302,0,1679,55.96666666666667,0.23091759281795562,0.4508745436751683
302,0,1680,56.0,0.7183830626677321,0.7593433524861621
302,0,1681,56.03333333333333,1.0831013276886217,1.0008344047441045
302,0,1682,56.06666666666667,1.2699064804505227,1.1589918497800513
302,0,1683,56.1,1.2948446303641987,1.2315214842959716
302,0,1684,56.13333333333333,1.2072020389410687,1.2234235522562937
302,0,1685,56.166666666666664,1.054329663750522,1.1462912234456109
302,0,1686,56.2,0.8726792504908627,1.012921940952643
302,0,1687,56.233333333333334,0.6898221816971373,0.8374938601486812
302,0,1688,56.266666666666666,0.5220207968439268,0.6367365552550375
302,0,1689,56.3,0.3709180436132708,0.43072932536627945
302,0,1690,56.333333333333336,0.22985212153194584,0.2352549501262306
302,0,1691,56.36666666666667,0.09689415426881975,0.06287087669915864
302,0,1692,56.4,-0.01972189754907587,-0.08007912153864102
302,0,1693,56.43333333333333,-0.10977001701607744,-0.19234437615811512
302,0,1694,56.46666666666667,-0.16974947859467648,-0.27909336918684324
302,0,1695,56.5,-0.20413666574839126,-0.35088421208657783
302,0,1696,56.53333333333333,-0.22246505896211324,-0.41488432943404574
302,0,1697,56.56666666666667,-0.2368462757497862,-0.4740761549018103
302,0,1698,56.6,-0.26284861729465236,-0.5329294092106477
302,0,1699,56.63333333333333,-0.3151557802173578,-0.5967875890841692
302,0,1700,56.666666666666664,-0.4001423232278989,-0.6678955695917174
302,0,1701,56.7,-0.5169765562339578,-0.7448375822527494
302,0,1702,56.733333333333334,-0.6586588839589016,-0.820854725954145
302,0,1703,56.766666666666666,-0.8099289152634714,-0.8834745543221549
302,0,1704,56.8,-0.9504104279384286,-0.9162715951854468
302,0,1705,56.833333333333336,-1.0574683173087451,-0.8989055210346533
302,0,1706,56.86666666666667,-1.1040449588644674,-0.8177700653133412
302,0,1707,56.9,-1.0588007591222044,-0.6665479484416559
302,0,1708,56.93333333333333,-0.8885285821377035,-0.4440372691703388
302,0,1709,56.96666666666667,-0.5650977292120009,-0.15532627398092214
302,0,1710,57.0,-0.09913984011693686,0.18061123294460696
302,0,1711,57.03333333333333,0.42788728849302904,0.529329249621276
302,0,1712,57.06666666666667,0.8897378697799028,0.8506363961914196
302,0,1713,57.1,1.1870964399755641,1.0971943981511176
302,0,1714,57.13333333333333,1.298540282762652,1.2429089865703835
302,0,1715,57.166666666666664,1.2641281902523787,1.281869364591837
302,0,1716,57.2,1.140391665946384,1.222887992051502
302,0,1717,57.233333333333334,0.9758881966812644,1.0889454682106183
302,0,1718,57.266666666666666,0.8050338370689034,0.9011228374665105
302,0,1719,57.3,0.6460987602505415,0.6789594141518726
302,0,1720,57.333333333333336,0.5011178736286741,0.44180938780450063
302,0,1721,57.36666666666667,0.3622754532000267,0.20990787003311145
302,0,1722,57.4,0.2230760174075524,0.0009714812075947987
302,0,1723,57.43333333333333,0.08737333065759391,-0.1685979587318004
302,0,1724,57.46666666666667,-0.034563176695090084,-0.29254152246032045
302,0,1725,57.5,-0.1351405092645822,-0.3736440361246091
302,0,1726,57.53333333333333,-0.2112988370197279,-0.418812569812325
302,0,1727,57.56666666666667,-0.26488342948651367,-0.4382298256192566
302,0,1728,57.6,-0.304349779780108,-0.44378025618025874
302,0,1729,57.63333333333333,-0.34398280722577623,-0.4485095392690214
302,0,1730,57.666666666666664,-0.39892442026123054,-0.46134589785321684
302,0,1731,57.7,-0.4784449574631559,-0.4867654850683263
302,0,1732,57.733333333333334,-0.5852961475759781,-0.5250462463206524
302,0,1733,57.766666666666666,-0.7153109529399699,-0.5720554925414506
302,0,1734,57.8,-0.8529432191313219,-0.6199748174042747
302,0,1735,57.833333333333336,-0.9763291647753783,-0.6571904647148541
302,0,1736,57.86666666666667,-1.0632794362421287,-0.6728618652835776
302,0,1737,57.9,-1.0897912677106043,-0.6569934612675603
302,0,1738,57.93333333333333,-1.0287945950213675,-0.6000104688829926
302,0,1739,57.96666666666667,-0.84775521049835,-0.493195572208
302,0,1740,58.0,-0.5181843317429593,-0.3318567201098297
302,0,1741,58.03333333333333,-0.05178962700290238,-0.11628941397751694
302,0,1742,58.06666666666667,0.47174711586970436,0.1403596571876105
302,0,1743,58.1,0.930306503515655,0.41085925091700026
302,0,1744,58.13333333333333,1.2264792219827776,0.6669609603065492
302,0,1745,58.166666666666664,1.337732074760794,0.8782116189763611
302,0,1746,58.2,1.3034856407037239,1.0216561827143167
302,0,1747,58.233333333333334,1.179385226350863,1.0809359914528558
302,0,1748,58.266666666666666,1.0110502043384053,1.0583219618849113
302,0,1749,58.3,0.8309649392196929,0.9741959750308204
302,0,1750,58.333333333333336,0.6597749353937533,0.8452359869678197
302,0,1751,58.36666666666667,0.5040670730196806,0.6845341595935734
302,0,1752,58.4,0.35805648022430264,0.5012806530764237
302,0,1753,58.43333333333333,0.2149596160109234,0.30166925675315875
302,0,1754,58.46666666666667,0.07704815015042236,0.09926482896053353
302,0,1755,58.5,-0.04533580847215184,-0.08392044616916426
302,0,1756,58.53333333333333,-0.1434569275824838,-0.23616576117428856
302,0,1757,58.56666666666667,-0.2165187739200093,-0.35502032861382377
302,0,1758,58.6,-0.2690258804135901,-0.44739641100009153
302,0,1759,58.63333333333333,-0.3100618956800003,-0.5284719549321978
302,0,1760,58.666666666666664,-0.35258590734684625,-0.6058143581229171
302,0,1761,58.7,-0.4096399280775433,-0.6785439230066769
302,0,1762,58.733333333333334,-0.4898861817357163,-0.7426478961171901
302,0,1763,58.766666666666666,-0.5949880714804034,-0.7905536784320031
302,0,1764,58.8,-0.720819365791671,-0.8162060217078954
302,0,1765,58.833333333333336,-0.8575963167264776,-0.8148976875726798
302,0,1766,58.86666666666667,-0.9878530492271199,-0.7820637383924371
302,0,1767,58.9,-1.0888422153262494,-0.7134433251166019
302,0,1768,58.93333333333333,-1.1354930082532173,-0.6004621834852069
302,0,1769,58.96666666666667,-1.0980411468795928,-0.4310103904758176
302,0,1770,59.0,-0.9422306008290761,-0.20263328734796904
302,0,1771,59.03333333333333,-0.6358065994963906,0.07613332899446099
302,0,1772,59.06666666666667,-0.17776849129558672,0.3794524354822872
302,0,1773,59.1,0.36587690290108904,0.6628805601427574
302,0,1774,59.13333333333333,0.8725604657676763,0.8896715882973298
302,0,1775,59.166666666666664,1.2262187782391438,1.029760846206167
302,0,1776,59.2,1.3833530275716732,1.0747035966963638
302,0,1777,59.233333333333334,1.375045922519123,1.03688832153351
302,0,1778,59.266666666666666,1.2599168379375598,0.9383071469072715
302,0,1779,59.3,1.0906010232635497,0.8101905318840292
302,0,1780,59.333333333333336,0.9063171238272014,0.6717067176571279
302,0,1781,59.36666666666667,0.7326421484385109,0.5303502406973408
302,0,1782,59.4,0.5768112825000605,0.39016017702702027
302,0,1783,59.43333333333333,0.4308425962485046,0.25266230523870536
302,0,1784,59.46666666666667,0.2858184134479581,0.11930234005673632
302,0,1785,59.5,0.14255635781314144,-0.007548258598128271
302,0,1786,59.53333333333333,0.010795913356510256,-0.12735459509269526
302,0,1787,59.56666666666667,-0.09934189655248404,-0.24045497981719496
302,0,1788,59.6,-0.18413435729314634,-0.3473060708274903
302,0,1789,59.63333333333333,-0.24544080414280237,-0.44759203019417504
302,0,1790,59.666666666666664,-0.28996248130844415,-0.5422736652539875
302,0,1791,59.7,-0.33056422675912894,-0.6327873676850007
302,0,1792,59.733333333333334,-0.3836474821048983,-0.7211420479694988
302,0,1793,59.766666666666666,-0.4625849181434604,-0.8091788112376304
302,0,1794,59.8,-0.573120199067884,-0.8917938067141414
302,0,1795,59.833333333333336,-0.7128308677718042,-0.9564471944445286
302,0,1796,59.86666666666667,-0.8703975601379038,-0.9881587073160727
302,0,1797,59.9,-1.027944809863755,-0.9694973330633976
302,0,1798,59.93333333333333,-1.1622632140172782,-0.8841281089463203
302,0,1799,59.96666666666667,-1.2416868820508578,-0.717464044322882
302,0,1800,60.0,-1.2261176496718884,-0.46954460219216815
302,0,1801,60.03333333333333,-1.0701292068435648,-0.15629576118820748
302,0,1802,60.06666666666667,-0.7336737565614629,0.19542906010724975
302,0,1803,60.1,-0.22154553914399688,0.5463021780323405
302,0,1804,60.13333333333333,0.37549794350728555,0.8533900732958337
302,0,1805,60.166666666666664,0.9085058421832026,1.0688036436193185
302,0,1806,60.2,1.2580909606931854,1.1761352178552924
302,0,1807,60.233333333333334,1.3981295066312645,1.1893306287614633
302,0,1808,60.266666666666666,1.3778603503916367,1.1295254200627385
302,0,1809,60.3,1.264844322436322,1.024309042681951
302,0,1810,60.333333333333336,1.113828115342363,0.8925490911029037
302,0,1811,60.36666666666667,0.9576160745378348,0.7445990642823562
302,0,1812,60.4,0.8053467830538709,0.5879766958177227
302,0,1813,60.43333333333333,0.6489647829904066,0.4282346407737903
302,0,1814,60.46666666666667,0.4781612400997455,0.27050407184423986
302,0,1815,60.5,0.2943527586162765,0.12054358608054609
302,0,1816,60.53333333333333,0.11204002286612344,-0.016602146212400568
302,0,1817,60.56666666666667,-0.05255367828033854,-0.1356044822766753
302,0,1818,60.6,-0.189870218553982,-0.23661031194675136
302,0,1819,60.63333333333333,-0.296375207930848,-0.3243103188646755
302,0,1820,60.666666666666664,-0.3762618707472697,-0.40558498969319234
302,0,1821,60.7,-0.44165260712154814,-0.4886081782662774
302,0,1822,60.733333333333334,-0.5087470473708713,-0.5804081746468206
302,0,1823,60.766666666666666,-0.5930901303594669,-0.6860158721484115
302,0,1824,60.8,-0.7030634838605436,-0.8010306426595439
302,0,1825,60.833333333333336,-0.8371502216617402,-0.9109596195863953
302,0,1826,60.86666666666667,-0.9831999606588202,-0.9986949290976506
302,0,1827,60.9,-1.118811696489482,-1.0442169482441295
302,0,1828,60.93333333333333,-1.2146258909932166,-1.0321366002620302
302,0,1829,60.96666666666667,-1.2340764986019217,-0.9518405146053421
302,0,1830,61.0,-1.13394387491275,-0.798203231862876
302,0,1831,61.03333333333333,-0.8707363855648828,-0.5723645577086056
302,0,1832,61.06666666666667,-0.42461829662773964,-0.28339789786651504
302,0,1833,61.1,0.15546758963216503,0.05026024830942148
302,0,1834,61.13333333333333,0.7427438549567895,0.3949159910370852
302,0,1835,61.166666666666664,1.19467181940438,0.7001182744911221
302,0,1836,61.2,1.4336065144249446,0.9336669345329587
302,0,1837,61.233333333333334,1.47258994096077,1.0802795036826025
302,0,1838,61.266666666666666,1.3742447884026445,1.1411872234041947
302,0,1839,61.3,1.202186442805501,1.1329926000647177
302,0,1840,61.333333333333336,1.0038064652523224,1.072729941977866
302,0,1841,61.36666666666667,0.8096252602503227,0.977403134528307
302,0,1842,61.4,0.6326027385132843,0.8567427123098319
302,0,1843,61.43333333333333,0.46885352613301434,0.7136087818804301
302,0,1844,61.46666666666667,0.3074832987964281,0.5556444927767794
302,0,1845,61.5,0.1460786497120145,0.3961111529729632
302,0,1846,61.53333333333333,-0.005697799792834357,0.24392981464174013
302,0,1847,61.56666666666667,-0.13534926909681594,0.10462110415413838
302,0,1848,61.6,-0.23412868161541728,-0.02174534733125981
302,0,1849,61.63333333333333,-0.2987890490239995,-0.13948586762691484
302,0,1850,61.666666666666664,-0.334260748234747,-0.25456083966378074
302,0,1851,61.7,-0.3533779926776238,-0.3734862158198546
302,0,1852,61.733333333333334,-0.3721432283167979,-0.4994266924352434
302,0,1853,61.766666666666666,-0.4069620448391193,-0.6311862763645024
302,0,1854,61.8,-0.4707756105438994,-0.7642961430198822
302,0,1855,61.833333333333336,-0.5689027445266759,-0.8901503379413287
302,0,1856,61.86666666666667,-0.6998360118664462,-0.9953313133622932
302,0,1857,61.9,-0.8528410335953099,-1.0610705700389993
302,0,1858,61.93333333333333,-1.0075394597448668,-1.0736899010105974
302,0,1859,61.96666666666667,-1.1388673477664126,-1.0245289821131014
302,0,1860,62.0,-1.2186076608773477,-0.9096881675884868
302,0,1861,62.03333333333333,-1.215307167563797,-0.7305256461107879
302,0,1862,62.06666666666667,-1.0909108008125057,-0.4900974055766418
302,0,1863,62.1,-0.8019277769699745,-0.19440801973042546
302,0,1864,62.13333333333333,-0.3277991130053776,0.13161014713689423
302,0,1865,62.166666666666664,0.2796265172024037,0.4426283195441008
302,0,1866,62.2,0.8863632781316949,0.7024855586536908
302,0,1867,62.233333333333334,1.3420824776019313,0.8829323547138732
302,0,1868,62.266666666666666,1.567580872008406,0.9782251535591717
302,0,1869,62.3,1.581506997588662,1.0039396376618634
302,0,1870,62.333333333333336,1.4527028138740856,0.9777078591801474
302,0,1871,62.36666666666667,1.249178725972125,0.918487005210012
302,0,1872,62.4,1.0215076022918437,0.836806996630516
302,0,1873,62.43333333333333,0.8005614856057465,0.7348788157546078
302,0,1874,62.46666666666667,0.5997168163417688,0.6150727600857309
302,0,1875,62.5,0.41763570743611095,0.4805959332749659
302,0,1876,62.53333333333333,0.24718616085823736,0.34058371625353484
302,0,1877,62.56666666666667,0.08818740565182338,0.21084104457635222
302,0,1878,62.6,-0.050707783280892774,0.09929037756361013
302,0,1879,62.63333333333333,-0.15901410683220557,0.006733315877698778
302,0,1880,62.666666666666664,-0.22995253812666838,-0.07023546698971063
302,0,1881,62.7,-0.2631084897232384,-0.13839590382382394
302,0,1882,62.733333333333334,-0.2668368214194112,-0.20555235928415655
302,0,1883,62.766666666666666,-0.2559057785967833,-0.27974827988824025
302,0,1884,62.8,-0.2476030046331364,-0.36453162307953224
302,0,1885,62.833333333333336,-0.2589296864528964,-0.45825754871759694
302,0,1886,62.86666666666667,-0.30364591673076413,-0.5560103174931839
302,0,1887,62.9,-0.38852059578320447,-0.6490273150357854
302,0,1888,62.93333333333333,-0.5120097676702341,-0.7303151649656073
302,0,1889,62.96666666666667,-0.6663056838647069,-0.7941629463012582
302,0,1890,63.0,-0.8367549340810332,-0.8356579199513746
302,0,1891,63.03333333333333,-1.002963371157674,-0.8503760487943928
302,0,1892,63.06666666666667,-1.1425171143578645,-0.8310403673299817
302,0,1893,63.1,-1.2310572206514099,-0.7676602809922917
302,0,1894,63.13333333333333,-1.2396485006605482,-0.652818701497552
302,0,1895,63.166666666666664,-1.1350645523961167,-0.482400048347717
302,0,1896,63.2,-0.8811513969854595,-0.2619354078002773
302,0,1897,63.233333333333334,-0.45268172268882767,-0.007742188276519513
302,0,1898,63.266666666666666,0.12311469018112613,0.2595059938209391
302,0,1899,63.3,0.7393506524563497,0.5134681274309203
302,0,1900,63.333333333333336,1.2474658092878648,0.7351093032287599
302,0,1901,63.36666666666667,1.540953031165912,0.911347947625908
302,0,1902,63.4,1.6087158639550652,1.0276410893564492
302,0,1903,63.43333333333333,1.509259972422015,1.0670738032672118
302,0,1904,63.46666666666667,1.3153382050043148,1.0283645683841847
302,0,1905,63.5,1.0865165828162957,0.925575736872175
302,0,1906,63.53333333333333,0.8621700898333413,0.7775025744484837
302,0,1907,63.56666666666667,0.6582845514500499,0.6078513778227889
302,0,1908,63.6,0.471489528967599,0.4359716735887505
302,0,1909,63.63333333333333,0.2921219241545872,0.27752416715501255
302,0,1910,63.666666666666664,0.11595293817218286,0.14065571257458037
302,0,1911,63.7,-0.04972645750029153,0.026932168856568725
302,0,1912,63.733333333333334,-0.18904191608086807,-0.06353914379378031
302,0,1913,63.766666666666666,-0.2883502678771369,-0.13125020298507784
302,0,1914,63.8,-0.3416044520179815,-0.17709338091969368
302,0,1915,63.833333333333336,-0.351027208736884,-0.2017967145391278
302,0,1916,63.86666666666667,-0.32474133391374294,-0.20487052447481424
302,0,1917,63.9,-0.27200485774554906,-0.18439358906747744
302,0,1918,63.93333333333333,-0.20251270112117545,-0.1425785892983912
302,0,1919,63.96666666666667,-0.12583445287690118,-0.08581607000955097
