recording_id,measurement_id,sample_index,time_seconds,gt_signal,predicted_signal
COHFACE_s39_session0_lamp,0,0,0.0,0.05866420002436351,0.10573645814838503
COHFACE_s39_session0_lamp,0,1,0.03333333333333333,1.7558505322523845,0.17691210859521295
COHFACE_s39_session0_lamp,0,2,0.06666666666666667,3.207373594684591,0.24336158971869382
COHFACE_s39_session0_lamp,0,3,0.1,4.10640406473974,0.2833409935121786
COHFACE_s39_session0_lamp,0,4,0.13333333333333333,4.4139951848863985,0.30796817345521
COHFACE_s39_session0_lamp,0,5,0.16666666666666666,4.31166954277834,0.3606401208062349
COHFACE_s39_session0_lamp,0,6,0.2,3.9404592225299906,0.43792081604846794
COHFACE_s39_session0_lamp,0,7,0.23333333333333334,3.391494832497395,0.48929772777868896
COHFACE_s39_session0_lamp,0,8,0.26666666666666666,2.750259050302864,0.4858387697212199
COHFACE_s39_session0_lamp,0,9,0.3,2.0883692082748206,0.42070062639734257
COHFACE_s39_session0_lamp,0,10,0.3333333333333333,1.458036372470788,0.3048370218285062
COHFACE_s39_session0_lamp,0,11,0.36666666666666664,0.8935125247049164,0.1671962472656787
COHFACE_s39_session0_lamp,0,12,0.4,0.4115949918873572,0.016339000652352748
COHFACE_s39_session0_lamp,0,13,0.43333333333333335,0.015102990653658922,-0.15877875798318383
COHFACE_s39_session0_lamp,0,14,0.4666666666666667,-0.30210389200124593,-0.35852211196438766
COHFACE_s39_session0_lamp,0,15,0.5,-0.5513127179828372,-0.5712793857460263
COHFACE_s39_session0_lamp,0,16,0.5333333333333333,-0.7456598181923036,-0.7803528140851113
COHFACE_s39_session0_lamp,0,17,0.5666666666666667,-0.8964761769265267,-0.9629008711965525
COHFACE_s39_session0_lamp,0,18,0.6,-1.0105514164802802,-1.103786729284642
COHFACE_s39_session0_lamp,0,19,0.6333333333333333,-1.0892637392753453,-1.1947161970946156
COHFACE_s39_session0_lamp,0,20,0.6666666666666666,-1.128247380342661,-1.2243902889660099
COHFACE_s39_session0_lamp,0,21,0.7,-1.1172693421656608,-1.1782155572054993
COHFACE_s39_session0_lamp,0,22,0.7333333333333333,-1.0409203898161983,-1.040798958986028
COHFACE_s39_session0_lamp,0,23,0.7666666666666667,-0.8791109638911337,-0.7967825965425771
COHFACE_s39_session0_lamp,0,24,0.8,-0.6079277209218529,-0.44946281113061465
COHFACE_s39_session0_lamp,0,25,0.8333333333333334,-0.2147957831389224,-0.02252067246731043
COHFACE_s39_session0_lamp,0,26,0.8666666666666667,0.2573433509249187,0.4383315715575248
COHFACE_s39_session0_lamp,0,27,0.9,0.6936352221395523,0.8635262119882465
COHFACE_s39_session0_lamp,0,28,0.9333333333333333,0.9823944038959107,1.2072261618333084
COHFACE_s39_session0_lamp,0,29,0.9666666666666667,1.096008629261913,1.4455251199790882
COHFACE_s39_session0_lamp,0,30,1.0,1.0777568820830645,1.5639803318793986
COHFACE_s39_session0_lamp,0,31,1.0333333333333334,0.9824700306155183,1.5562680031275902
COHFACE_s39_session0_lamp,0,32,1.0666666666666667,0.8477143726278032,1.430269705705889
COHFACE_s39_session0_lamp,0,33,1.1,0.6989035564188146,1.2078761620465632
COHFACE_s39_session0_lamp,0,34,1.1333333333333333,0.5546860581409647,0.9220108628924786
COHFACE_s39_session0_lamp,0,35,1.1666666666666667,0.4212283451280707,0.6172819648954826
COHFACE_s39_session0_lamp,0,36,1.2,0.29273567868760814,0.31812239505605777
COHFACE_s39_session0_lamp,0,37,1.2333333333333334,0.1623376310233915,0.0303039933309404
COHFACE_s39_session0_lamp,0,38,1.2666666666666666,0.030240338449567708,-0.2355443084373648
COHFACE_s39_session0_lamp,0,39,1.3,-0.09691887892292293,-0.46212664592518093
COHFACE_s39_session0_lamp,0,40,1.3333333333333333,-0.21210662034408487,-0.6341162272823551
COHFACE_s39_session0_lamp,0,41,1.3666666666666667,-0.3126357346907833,-0.7369115897081162
COHFACE_s39_session0_lamp,0,42,1.4,-0.40040644453827323,-0.7739462211539864
COHFACE_s39_session0_lamp,0,43,1.4333333333333333,-0.4801104332926692,-0.7657947491211305
COHFACE_s39_session0_lamp,0,44,1.4666666666666666,-0.5574214067733528,-0.7285448811937774
COHFACE_s39_session0_lamp,0,45,1.5,-0.6368393029967719,-0.673347053185246
COHFACE_s39_session0_lamp,0,46,1.5333333333333334,-0.7193912622217564,-0.6155796344569345
COHFACE_s39_session0_lamp,0,47,1.5666666666666667,-0.8008298608621194,-0.5747757234738241
COHFACE_s39_session0_lamp,0,48,1.6,-0.8708391356860928,-0.5557263080411795
COHFACE_s39_session0_lamp,0,49,1.6333333333333333,-0.9135677068706056,-0.5486314728734745
COHFACE_s39_session0_lamp,0,50,1.6666666666666667,-0.9081234101633133,-0.532700969778899
COHFACE_s39_session0_lamp,0,51,1.7,-0.828773788295547,-0.4768226060066811
COHFACE_s39_session0_lamp,0,52,1.7333333333333334,-0.6460031277905598,-0.37183783246563656
COHFACE_s39_session0_lamp,0,53,1.7666666666666666,-0.3332335549295067,-0.2312422710998606
COHFACE_s39_session0_lamp,0,54,1.8,0.09968026444079069,-0.0741616957964877
COHFACE_s39_session0_lamp,0,55,1.8333333333333333,0.5652355128166855,0.07414424044831336
COHFACE_s39_session0_lamp,0,56,1.8666666666666667,0.9345614948487269,0.20988718810618945
COHFACE_s39_session0_lamp,0,57,1.9,1.1348286490029393,0.34974666446878755
COHFACE_s39_session0_lamp,0,58,1.9333333333333333,1.1805448277950314,0.5016604526786669
COHFACE_s39_session0_lamp,0,59,1.9666666666666666,1.12282747548377,0.6635502175986012
COHFACE_s39_session0_lamp,0,60,2.0,1.0024931056449713,0.8140838347068157
COHFACE_s39_session0_lamp,0,61,2.033333333333333,0.8453749072469176,0.9121008200349734
COHFACE_s39_session0_lamp,0,62,2.066666666666667,0.6754074302423649,0.935719767577299
COHFACE_s39_session0_lamp,0,63,2.1,0.5134134209121158,0.8822575099191511
COHFACE_s39_session0_lamp,0,64,2.1333333333333333,0.3670440271470593,0.7703595704868055
COHFACE_s39_session0_lamp,0,65,2.1666666666666665,0.23257076403971116,0.6398598508798615
COHFACE_s39_session0_lamp,0,66,2.2,0.10540014961391747,0.5042610545814278
COHFACE_s39_session0_lamp,0,67,2.2333333333333334,-0.013348636696580318,0.3513157207376687
COHFACE_s39_session0_lamp,0,68,2.2666666666666666,-0.11792812359879819,0.18155677491240296
COHFACE_s39_session0_lamp,0,69,2.3,-0.2036501656491741,0.009429122459481715
COHFACE_s39_session0_lamp,0,70,2.3333333333333335,-0.2711203832907372,-0.15115358063764228
COHFACE_s39_session0_lamp,0,71,2.3666666666666667,-0.3259110504936702,-0.28591717313564013
COHFACE_s39_session0_lamp,0,72,2.4,-0.3760978079729751,-0.3947662272232228
COHFACE_s39_session0_lamp,0,73,2.433333333333333,-0.42996573847668607,-0.49076309977671917
COHFACE_s39_session0_lamp,0,74,2.466666666666667,-0.4939393043400389,-0.5779311951757807
COHFACE_s39_session0_lamp,0,75,2.5,-0.5710651434048757,-0.650403533374159
COHFACE_s39_session0_lamp,0,76,2.533333333333333,-0.6601889619108432,-0.7028489863200615
COHFACE_s39_session0_lamp,0,77,2.566666666666667,-0.7552376807397174,-0.7300770338903105
COHFACE_s39_session0_lamp,0,78,2.6,-0.8447180787878714,-0.7349014451013985
COHFACE_s39_session0_lamp,0,79,2.6333333333333333,-0.9122609997458269,-0.7278578480608364
COHFACE_s39_session0_lamp,0,80,2.6666666666666665,-0.9376822277953653,-0.7075475652800581
COHFACE_s39_session0_lamp,0,81,2.7,-0.8972030645683339,-0.6607471173941349
COHFACE_s39_session0_lamp,0,82,2.7333333333333334,-0.7631438592917223,-0.5765907479071651
COHFACE_s39_session0_lamp,0,83,2.7666666666666666,-0.5052929833350935,-0.4472606149774558
COHFACE_s39_session0_lamp,0,84,2.8,-0.10955991817984895,-0.28061327085635285
COHFACE_s39_session0_lamp,0,85,2.8333333333333335,0.3739416266130129,-0.1009395574829017
COHFACE_s39_session0_lamp,0,86,2.8666666666666667,0.8202596710322626,0.07368870277813518
COHFACE_s39_session0_lamp,0,87,2.9,1.1153400436990204,0.23058274382074545
COHFACE_s39_session0_lamp,0,88,2.933333333333333,1.2352483307427273,0.3696832259349544
COHFACE_s39_session0_lamp,0,89,2.966666666666667,1.2229671766249903,0.5023686103186313
COHFACE_s39_session0_lamp,0,90,3.0,1.1263715520239803,0.6285671300498572
COHFACE_s39_session0_lamp,0,91,3.033333333333333,0.9751414832444835,0.7357487931291108
COHFACE_s39_session0_lamp,0,92,3.066666666666667,0.7927665742354573,0.8077631619600756
COHFACE_s39_session0_lamp,0,93,3.1,0.6050693523636839,0.8244954905282906
COHFACE_s39_session0_lamp,0,94,3.1333333333333333,0.4312444599331621,0.787288040137609
COHFACE_s39_session0_lamp,0,95,3.1666666666666665,0.27668266508486433,0.718764272859164
COHFACE_s39_session0_lamp,0,96,3.2,0.1387538153831637,0.6340516983198481
COHFACE_s39_session0_lamp,0,97,3.2333333333333334,0.016307127629658025,0.5408459524942016
COHFACE_s39_session0_lamp,0,98,3.2666666666666666,-0.08675193532895295,0.4449816595310237
COHFACE_s39_session0_lamp,0,99,3.3,-0.16503841910566758,0.3509657688436619
COHFACE_s39_session0_lamp,0,100,3.3333333333333335,-0.21669283996855374,0.260644116379602
COHFACE_s39_session0_lamp,0,101,3.3666666666666667,-0.24495316674579878,0.1738753257678063
COHFACE_s39_session0_lamp,0,102,3.4,-0.257061795295797,0.08544952245301288
COHFACE_s39_session0_lamp,0,103,3.433333333333333,-0.26250850430819606,-0.01407416542328531
COHFACE_s39_session0_lamp,0,104,3.466666666666667,-0.2710523933203883,-0.1252984141743199
COHFACE_s39_session0_lamp,0,105,3.5,-0.2910719334122769,-0.2391885905349283
COHFACE_s39_session0_lamp,0,106,3.533333333333333,-0.3283594948212718,-0.35320360331108236
COHFACE_s39_session0_lamp,0,107,3.566666666666667,-0.38551953229454444,-0.4704914224163711
COHFACE_s39_session0_lamp,0,108,3.6,-0.4623138250905872,-0.5933906241076957
COHFACE_s39_session0_lamp,0,109,3.6333333333333333,-0.5553621240831873,-0.7224774171549488
COHFACE_s39_session0_lamp,0,110,3.6666666666666665,-0.6572156996995191,-0.851679497016771
COHFACE_s39_session0_lamp,0,111,3.7,-0.756470447144919,-0.9675048979025055
COHFACE_s39_session0_lamp,0,112,3.7333333333333334,-0.8381321086749433,-1.0558574635767077
COHFACE_s39_session0_lamp,0,113,3.7666666666666666,-0.8836382405782027,-1.101620524909697
COHFACE_s39_session0_lamp,0,114,3.8,-0.8709217373434193,-1.0915812439145962
COHFACE_s39_session0_lamp,0,115,3.8333333333333335,-0.7739622034934844,-1.0145198979212267
COHFACE_s39_session0_lamp,0,116,3.8666666666666667,-0.5626014151139868,-0.8561536153297231
COHFACE_s39_session0_lamp,0,117,3.9,-0.21324183026207763,-0.6001611002239429
COHFACE_s39_session0_lamp,0,118,3.933333333333333,0.24893725399805863,-0.2542953986243296
COHFACE_s39_session0_lamp,0,119,3.966666666666667,0.7161383957136386,0.1479287238114155
COHFACE_s39_session0_lamp,0,120,4.0,1.0573176582812955,0.561910151751774
COHFACE_s39_session0_lamp,0,121,4.033333333333333,1.217307812414281,0.9302849081763116
COHFACE_s39_session0_lamp,0,122,4.066666666666666,1.226737824967866,1.2106864150124383
COHFACE_s39_session0_lamp,0,123,4.1,1.1406514140365793,1.3742578316912284
COHFACE_s39_session0_lamp,0,124,4.133333333333334,0.9983191943720642,1.4165239304377975
COHFACE_s39_session0_lamp,0,125,4.166666666666667,0.8255238162766746,1.3563019450778953
COHFACE_s39_session0_lamp,0,126,4.2,0.6465987434086743,1.2117956193812207
COHFACE_s39_session0_lamp,0,127,4.233333333333333,0.4804039849716725,1.00048683316222
COHFACE_s39_session0_lamp,0,128,4.266666666666667,0.3315424700970588,0.7484923006776234
COHFACE_s39_session0_lamp,0,129,4.3,0.19525033669587474,0.4913429561871879
COHFACE_s39_session0_lamp,0,130,4.333333333333333,0.06844181661763689,0.2561245764522326
COHFACE_s39_session0_lamp,0,131,4.366666666666666,-0.04581705519369729,0.06258791932744057
COHFACE_s39_session0_lamp,0,132,4.4,-0.14139311606148708,-0.08577242709624833
COHFACE_s39_session0_lamp,0,133,4.433333333333334,-0.21456334956451573,-0.20036121337387416
COHFACE_s39_session0_lamp,0,134,4.466666666666667,-0.2664266574235366,-0.28157389405604366
COHFACE_s39_session0_lamp,0,135,4.5,-0.30229508898225066,-0.31788048960232407
COHFACE_s39_session0_lamp,0,136,4.533333333333333,-0.3304390634787927,-0.31515201287645556
COHFACE_s39_session0_lamp,0,137,4.566666666666666,-0.36022279744721536,-0.29614539928024886
COHFACE_s39_session0_lamp,0,138,4.6,-0.39969800971024316,-0.2854818130698798
COHFACE_s39_session0_lamp,0,139,4.633333333333334,-0.4537893646561878,-0.30899601359419515
COHFACE_s39_session0_lamp,0,140,4.666666666666667,-0.5237870903341105,-0.37166027490237763
COHFACE_s39_session0_lamp,0,141,4.7,-0.6069622482101515,-0.4572124100020427
COHFACE_s39_session0_lamp,0,142,4.733333333333333,-0.695814939553784,-0.5506762638465343
COHFACE_s39_session0_lamp,0,143,4.766666666666667,-0.7778254416488355,-0.6381442672592481
COHFACE_s39_session0_lamp,0,144,4.8,-0.8359182084993997,-0.7121731573738682
COHFACE_s39_session0_lamp,0,145,4.833333333333333,-0.8497207539095498,-0.771364797294214
COHFACE_s39_session0_lamp,0,146,4.866666666666666,-0.7965452075297372,-0.8045476511553541
COHFACE_s39_session0_lamp,0,147,4.9,-0.6507470143799845,-0.7906982764971522
COHFACE_s39_session0_lamp,0,148,4.933333333333334,-0.38460813964860147,-0.7163161803636163
COHFACE_s39_session0_lamp,0,149,4.966666666666667,0.009356337502193897,-0.5759646560091707
COHFACE_s39_session0_lamp,0,150,5.0,0.46971662757896765,-0.3766000035593386
COHFACE_s39_session0_lamp,0,151,5.033333333333333,0.8681550121109769,-0.13845306519166656
COHFACE_s39_session0_lamp,0,152,5.066666666666666,1.102433191010131,0.11347537138537236
COHFACE_s39_session0_lamp,0,153,5.1,1.1641991302566277,0.3483367749176544
COHFACE_s39_session0_lamp,0,154,5.133333333333334,1.1068597776476339,0.5354975593878202
COHFACE_s39_session0_lamp,0,155,5.166666666666667,0.9854867814275363,0.6436416696183598
COHFACE_s39_session0_lamp,0,156,5.2,0.8349515858577153,0.6617459555789069
COHFACE_s39_session0_lamp,0,157,5.233333333333333,0.6787383023549237,0.598530461674488
COHFACE_s39_session0_lamp,0,158,5.266666666666667,0.5335389826604943,0.48783611453853026
COHFACE_s39_session0_lamp,0,159,5.3,0.40249275631765413,0.38802403139917485
COHFACE_s39_session0_lamp,0,160,5.333333333333333,0.2777600912088518,0.3317463285709064
COHFACE_s39_session0_lamp,0,161,5.366666666666666,0.15281855605586978,0.3256623773071873
COHFACE_s39_session0_lamp,0,162,5.4,0.028791894917453417,0.3581890707250978
COHFACE_s39_session0_lamp,0,163,5.433333333333334,-0.08750755795165975,0.3998445363290938
COHFACE_s39_session0_lamp,0,164,5.466666666666667,-0.1892759600601247,0.4279996550433735
COHFACE_s39_session0_lamp,0,165,5.5,-0.2745409248307824,0.4272241936515956
COHFACE_s39_session0_lamp,0,166,5.533333333333333,-0.34682400198082924,0.391479879977056
COHFACE_s39_session0_lamp,0,167,5.566666666666666,-0.4129055629210911,0.3243180417773743
COHFACE_s39_session0_lamp,0,168,5.6,-0.4803188896439971,0.2338479043672093
COHFACE_s39_session0_lamp,0,169,5.633333333333334,-0.5553951315591393,0.13302491691269558
COHFACE_s39_session0_lamp,0,170,5.666666666666667,-0.641028628750789,0.02853811469887698
COHFACE_s39_session0_lamp,0,171,5.7,-0.7344720086636457,-0.07860139038971017
COHFACE_s39_session0_lamp,0,172,5.733333333333333,-0.8264745043427262,-0.18010973287667909
COHFACE_s39_session0_lamp,0,173,5.766666666666667,-0.9017900332818277,-0.25983008387490386
COHFACE_s39_session0_lamp,0,174,5.8,-0.9404025621019666,-0.3109869471396873
COHFACE_s39_session0_lamp,0,175,5.833333333333333,-0.9188044289974734,-0.3357326134160546
COHFACE_s39_session0_lamp,0,176,5.866666666666666,-0.8104281997023915,-0.33593362749942035
COHFACE_s39_session0_lamp,0,177,5.9,-0.5855834269613441,-0.3128614873325263
COHFACE_s39_session0_lamp,0,178,5.933333333333334,-0.22286237987396856,-0.26876934298142846
COHFACE_s39_session0_lamp,0,179,5.966666666666667,0.24753529826767284,-0.20691808748374518
COHFACE_s39_session0_lamp,0,180,6.0,0.7144428013034194,-0.1317078793190442
COHFACE_s39_session0_lamp,0,181,6.033333333333333,1.0504326431837447,-0.048927437308133835
COHFACE_s39_session0_lamp,0,182,6.066666666666666,1.2062320840212473,0.030731086353376888
COHFACE_s39_session0_lamp,0,183,6.1,1.2146013111076506,0.09144481696615146
COHFACE_s39_session0_lamp,0,184,6.133333333333334,1.1303459531949036,0.12901959592599194
COHFACE_s39_session0_lamp,0,185,6.166666666666667,0.9919839267037505,0.15062299674460186
COHFACE_s39_session0_lamp,0,186,6.2,0.8242181124236116,0.15750256685655606
COHFACE_s39_session0_lamp,0,187,6.233333333333333,0.6504312808469586,0.14483062364778246
COHFACE_s39_session0_lamp,0,188,6.266666666666667,0.48845111092305904,0.10964697539324371
COHFACE_s39_session0_lamp,0,189,6.3,0.3416183102109498,0.05105755155598154
COHFACE_s39_session0_lamp,0,190,6.333333333333333,0.2039455042824928,-0.02394518895308903
COHFACE_s39_session0_lamp,0,191,6.366666666666666,0.07175256101812454,-0.100255988214353
COHFACE_s39_session0_lamp,0,192,6.4,-0.05188930246831944,-0.17323633865159885
COHFACE_s39_session0_lamp,0,193,6.433333333333334,-0.161015109474849,-0.24831003362788062
COHFACE_s39_session0_lamp,0,194,6.466666666666667,-0.2522758779317745,-0.32690973569522935
COHFACE_s39_session0_lamp,0,195,6.5,-0.32758499962708987,-0.40592489156968076
COHFACE_s39_session0_lamp,0,196,6.533333333333333,-0.3932844254250084,-0.4769406703244441
COHFACE_s39_session0_lamp,0,197,6.566666666666666,-0.4571963794931422,-0.5259606792459777
COHFACE_s39_session0_lamp,0,198,6.6,-0.5261315562165993,-0.5481262819586179
COHFACE_s39_session0_lamp,0,199,6.633333333333334,-0.6043437447381322,-0.5475705452124948
COHFACE_s39_session0_lamp,0,200,6.666666666666667,-0.6921982266188803,-0.5266739906229839
COHFACE_s39_session0_lamp,0,201,6.7,-0.785183882356481,-0.48608120171087094
COHFACE_s39_session0_lamp,0,202,6.733333333333333,-0.8733476315496626,-0.41740123804530316
COHFACE_s39_session0_lamp,0,203,6.766666666666667,-0.9410094840554715,-0.303832117442428
COHFACE_s39_session0_lamp,0,204,6.8,-0.9673765080857699,-0.14118701236736642
COHFACE_s39_session0_lamp,0,205,6.833333333333333,-0.92809520477441,0.06107649912812023
COHFACE_s39_session0_lamp,0,206,6.866666666666666,-0.7954764536794778,0.2841218338959458
COHFACE_s39_session0_lamp,0,207,6.9,-0.5388064636240754,0.4987383204602729
COHFACE_s39_session0_lamp,0,208,6.933333333333334,-0.1418941289938597,0.686242161911788
COHFACE_s39_session0_lamp,0,209,6.966666666666667,0.34819021817714335,0.8374047153365459
COHFACE_s39_session0_lamp,0,210,7.0,0.8063284640306335,0.9428776283391488
COHFACE_s39_session0_lamp,0,211,7.033333333333333,1.1131264235818379,0.9923318381653046
COHFACE_s39_session0_lamp,0,212,7.066666666666666,1.239291756348834,0.979770714892607
COHFACE_s39_session0_lamp,0,213,7.1,1.22724564612642,0.9033322975137454
COHFACE_s39_session0_lamp,0,214,7.133333333333334,1.1278061844303144,0.7735883323123003
COHFACE_s39_session0_lamp,0,215,7.166666666666667,0.9734145819742115,0.613804504485073
COHFACE_s39_session0_lamp,0,216,7.2,0.7884066374187639,0.4428787138053125
COHFACE_s39_session0_lamp,0,217,7.233333333333333,0.5989224731300069,0.27598987831117766
COHFACE_s39_session0_lamp,0,218,7.266666666666667,0.42476622521247687,0.1233189695607959
COHFACE_s39_session0_lamp,0,219,7.3,0.2711892140398817,-0.008974734309855015
COHFACE_s39_session0_lamp,0,220,7.333333333333333,0.1349334258971112,-0.11543894912735486
COHFACE_s39_session0_lamp,0,221,7.366666666666666,0.014473695143400453,-0.1904469851866013
COHFACE_s39_session0_lamp,0,222,7.4,-0.08636564716398137,-0.23968359517535853
COHFACE_s39_session0_lamp,0,223,7.433333333333334,-0.1617230697068323,-0.27934652296101825
COHFACE_s39_session0_lamp,0,224,7.466666666666667,-0.20880181000816803,-0.31792174950892765
COHFACE_s39_session0_lamp,0,225,7.5,-0.23018750390069265,-0.3555612654383819
COHFACE_s39_session0_lamp,0,226,7.533333333333333,-0.23272722394131265,-0.3888233933203218
COHFACE_s39_session0_lamp,0,227,7.566666666666666,-0.22541260091636722,-0.41042186616208254
COHFACE_s39_session0_lamp,0,228,7.6,-0.2180502047220939,-0.4239330610846924
COHFACE_s39_session0_lamp,0,229,7.633333333333334,-0.21976818825933292,-0.4434790423625343
COHFACE_s39_session0_lamp,0,230,7.666666666666667,-0.23760133905695474,-0.47731801503957716
COHFACE_s39_session0_lamp,0,231,7.7,-0.2762724667105669,-0.5274344186812983
COHFACE_s39_session0_lamp,0,232,7.733333333333333,-0.33797105965487384,-0.589909573298691
COHFACE_s39_session0_lamp,0,233,7.766666666666667,-0.4215467602843424,-0.6546743648513416
COHFACE_s39_session0_lamp,0,234,7.8,-0.5226515869254857,-0.713343042461019
COHFACE_s39_session0_lamp,0,235,7.833333333333333,-0.6342942340345904,-0.7590212657715982
COHFACE_s39_session0_lamp,0,236,7.866666666666666,-0.7461621356247089,-0.7799461077566091
COHFACE_s39_session0_lamp,0,237,7.9,-0.8438701326334443,-0.7595572819475161
COHFACE_s39_session0_lamp,0,238,7.933333333333334,-0.9091039490359027,-0.6775894403251163
COHFACE_s39_session0_lamp,0,239,7.966666666666667,-0.9198366478121621,-0.5108847509614508
COHFACE_s39_session0_lamp,0,240,8.0,-0.8501326033769645,-0.26290144285352013
COHFACE_s39_session0_lamp,0,241,8.033333333333333,-0.67003293601428,0.03509517260902434
COHFACE_s39_session0_lamp,0,242,8.066666666666666,-0.3500055634106437,0.34960742190744787
COHFACE_s39_session0_lamp,0,243,8.1,0.10726264287837992,0.643637482172824
COHFACE_s39_session0_lamp,0,244,8.133333333333333,0.6161264940610479,0.8912044419299157
COHFACE_s39_session0_lamp,0,245,8.166666666666666,1.0324968034994055,1.0758999899002606
COHFACE_s39_session0_lamp,0,246,8.2,1.263115211437289,1.1871728414750673
COHFACE_s39_session0_lamp,0,247,8.233333333333333,1.3161153955300198,1.219246807055342
COHFACE_s39_session0_lamp,0,248,8.266666666666667,1.249368880032952,1.175539510977553
COHFACE_s39_session0_lamp,0,249,8.3,1.1120902279719238,1.0683037812028588
COHFACE_s39_session0_lamp,0,250,8.333333333333334,0.9333296891422388,0.9159740820677174
COHFACE_s39_session0_lamp,0,251,8.366666666666667,0.7370491562396814,0.7434096718402695
COHFACE_s39_session0_lamp,0,252,8.4,0.5466986913425832,0.5629673071087576
COHFACE_s39_session0_lamp,0,253,8.433333333333334,0.37501008800192037,0.3754225495284808
COHFACE_s39_session0_lamp,0,254,8.466666666666667,0.2218924376487303,0.18931712216626173
COHFACE_s39_session0_lamp,0,255,8.5,0.08406658948748397,0.022126468385037804
COHFACE_s39_session0_lamp,0,256,8.533333333333333,-0.0372492232560815,-0.11563372295379698
COHFACE_s39_session0_lamp,0,257,8.566666666666666,-0.13637461412198199,-0.21942307980400455
COHFACE_s39_session0_lamp,0,258,8.6,-0.20775402040986665,-0.2934516702021194
COHFACE_s39_session0_lamp,0,259,8.633333333333333,-0.250293604301736,-0.3497173426865887
COHFACE_s39_session0_lamp,0,260,8.666666666666666,-0.2684285658023056,-0.39568705567495377
COHFACE_s39_session0_lamp,0,261,8.7,-0.2705237831838654,-0.43358426535542594
COHFACE_s39_session0_lamp,0,262,8.733333333333333,-0.26700716105009226,-0.4646502280839693
COHFACE_s39_session0_lamp,0,263,8.766666666666667,-0.26844145659513846,-0.4887564440377973
COHFACE_s39_session0_lamp,0,264,8.8,-0.2835106434892878,-0.5101191718765963
COHFACE_s39_session0_lamp,0,265,8.833333333333334,-0.3179053382665249,-0.5369480044358284
COHFACE_s39_session0_lamp,0,266,8.866666666666667,-0.37389229696836024,-0.5736079494525991
COHFACE_s39_session0_lamp,0,267,8.9,-0.4504546749183282,-0.6202737536274392
COHFACE_s39_session0_lamp,0,268,8.933333333333334,-0.5434775422502853,-0.6729960615846206
COHFACE_s39_session0_lamp,0,269,8.966666666666667,-0.6454841895977688,-0.7234863259610718
COHFACE_s39_session0_lamp,0,270,9.0,-0.7455518889920377,-0.7619928873287308
COHFACE_s39_session0_lamp,0,271,9.033333333333333,-0.8292637367038219,-0.7772592083353516
COHFACE_s39_session0_lamp,0,272,9.066666666666666,-0.8787847039169238,-0.7527216249840653
COHFACE_s39_session0_lamp,0,273,9.1,-0.8730542335354914,-0.6669465131552182
COHFACE_s39_session0_lamp,0,274,9.133333333333333,-0.7872053549116372,-0.5097196143116093
COHFACE_s39_session0_lamp,0,275,9.166666666666666,-0.5916411826638929,-0.2830476174508095
COHFACE_s39_session0_lamp,0,276,9.2,-0.2587241834385813,-0.0075841563794448175
COHFACE_s39_session0_lamp,0,277,9.233333333333333,0.19932057732780828,0.27623506278152843
COHFACE_s39_session0_lamp,0,278,9.266666666666667,0.684985653184538,0.5343086171909914
COHFACE_s39_session0_lamp,0,279,9.3,1.0565217423911069,0.7377110082202081
COHFACE_s39_session0_lamp,0,280,9.333333333333334,1.2362170978476414,0.8759905376578001
COHFACE_s39_session0_lamp,0,281,9.366666666666667,1.2453528835682608,0.9559170318177256
COHFACE_s39_session0_lamp,0,282,9.4,1.147851583102603,0.9820016858632968
COHFACE_s39_session0_lamp,0,283,9.433333333333334,0.9966748686354349,0.9557204112610547
COHFACE_s39_session0_lamp,0,284,9.466666666666667,0.8240917446888957,0.8837777871006038
COHFACE_s39_session0_lamp,0,285,9.5,0.6525557344515709,0.7780577114791353
COHFACE_s39_session0_lamp,0,286,9.533333333333333,0.49630554905357516,0.6494664440764707
COHFACE_s39_session0_lamp,0,287,9.566666666666666,0.3562500441919412,0.5083642487457001
COHFACE_s39_session0_lamp,0,288,9.6,0.22497443324685304,0.36193656800763097
COHFACE_s39_session0_lamp,0,289,9.633333333333333,0.09762539678466464,0.2150182814325984
COHFACE_s39_session0_lamp,0,290,9.666666666666666,-0.022918200203996084,0.07701812999998803
COHFACE_s39_session0_lamp,0,291,9.7,-0.128800172051043,-0.03725198369674705
COHFACE_s39_session0_lamp,0,292,9.733333333333333,-0.21376131453884595,-0.1226725193451225
COHFACE_s39_session0_lamp,0,293,9.766666666666667,-0.2771892045832175,-0.18307685653603561
COHFACE_s39_session0_lamp,0,294,9.8,-0.323625382378139,-0.2256128744331117
COHFACE_s39_session0_lamp,0,295,9.833333333333334,-0.3609285350578153,-0.2600236452298633
COHFACE_s39_session0_lamp,0,296,9.866666666666667,-0.3984891281099887,-0.29010022349995856
COHFACE_s39_session0_lamp,0,297,9.9,-0.4448983532694586,-0.3132410188398882
COHFACE_s39_session0_lamp,0,298,9.933333333333334,-0.5055520590720682,-0.32925951645392615
COHFACE_s39_session0_lamp,0,299,9.966666666666667,-0.5809829070572713,-0.34014206845001954
COHFACE_s39_session0_lamp,0,300,10.0,-0.6665184483800108,-0.34817922058223394
COHFACE_s39_session0_lamp,0,301,10.033333333333333,-0.7523278271953354,-0.3557490412279819
COHFACE_s39_session0_lamp,0,302,10.066666666666666,-0.8235191809080308,-0.36241226776234436
COHFACE_s39_session0_lamp,0,303,10.1,-0.861190350214725,-0.36481136124421953
COHFACE_s39_session0_lamp,0,304,10.133333333333333,-0.8434970221973438,-0.36070842734375214
COHFACE_s39_session0_lamp,0,305,10.166666666666666,-0.7457799106800935,-0.3489888958285433
COHFACE_s39_session0_lamp,0,306,10.2,-0.5402148191828963,-0.3266599350112895
COHFACE_s39_session0_lamp,0,307,10.233333333333333,-0.2037213526046392,-0.28899326676173537
COHFACE_s39_session0_lamp,0,308,10.266666666666667,0.24265292745185651,-0.23283095076902027
COHFACE_s39_session0_lamp,0,309,10.3,0.6959689503362609,-0.15693369040438054
COHFACE_s39_session0_lamp,0,310,10.333333333333334,1.0239562924876706,-0.060111728777186985
COHFACE_s39_session0_lamp,0,311,10.366666666666667,1.1663206154638845,0.05819779421309469
COHFACE_s39_session0_lamp,0,312,10.4,1.153760929081433,0.19027121180219836
COHFACE_s39_session0_lamp,0,313,10.433333333333334,1.0498296497985493,0.3194660628446877
COHFACE_s39_session0_lamp,0,314,10.466666666666667,0.9044732250413933,0.4382523336059335
COHFACE_s39_session0_lamp,0,315,10.5,0.7482659674910603,0.5474930428979339
COHFACE_s39_session0_lamp,0,316,10.533333333333333,0.6007901199889963,0.6423986813870454
COHFACE_s39_session0_lamp,0,317,10.566666666666666,0.46887836486308954,0.7118716336142252
COHFACE_s39_session0_lamp,0,318,10.6,0.344909914310448,0.7262527792737863
COHFACE_s39_session0_lamp,0,319,10.633333333333333,0.21736502845166086,0.6376685560417121
COHFACE_s39_session0_lamp,0,320,10.666666666666666,0.08214938945451344,0.44098335728970894
COHFACE_s39_session0_lamp,0,321,10.7,-0.05573898498628817,0.17457275059726848
COHFACE_s39_session0_lamp,0,322,10.733333333333333,-0.18749407989211375,-0.12136500917956043
COHFACE_s39_session0_lamp,0,323,10.766666666666667,-0.3066706091643362,-0.40407100643329114
COHFACE_s39_session0_lamp,0,324,10.8,-0.41156763515884803,-0.6490440658729298
COHFACE_s39_session0_lamp,0,325,10.833333333333334,-0.5041250685466275,-0.848742192798968
COHFACE_s39_session0_lamp,0,326,10.866666666666667,-0.5885699666630954,-0.9960469605379798
COHFACE_s39_session0_lamp,0,327,10.9,-0.6696068336109064,-1.0830720357850547
COHFACE_s39_session0_lamp,0,328,10.933333333333334,-0.7495966054302888,-1.0992148249128186
COHFACE_s39_session0_lamp,0,329,10.966666666666667,-0.8259533162560385,-1.0308883197816865
COHFACE_s39_session0_lamp,0,330,11.0,-0.88938591883533,-0.8720378053067984
COHFACE_s39_session0_lamp,0,331,11.033333333333333,-0.9236384097862869,-0.624869193499539
COHFACE_s39_session0_lamp,0,332,11.066666666666666,-0.9066043035207388,-0.3085830419453804
COHFACE_s39_session0_lamp,0,333,11.1,-0.8112499418854598,0.03933440908753485
COHFACE_s39_session0_lamp,0,334,11.133333333333333,-0.6064499779740076,0.38397034319633633
COHFACE_s39_session0_lamp,0,335,11.166666666666666,-0.266509685992944,0.6914253071299289
COHFACE_s39_session0_lamp,0,336,11.2,0.1889781571037403,0.937143005746646
COHFACE_s39_session0_lamp,0,337,11.233333333333333,0.6583830354627432,1.1043526609496428
COHFACE_s39_session0_lamp,0,338,11.266666666666667,1.0107374015046173,1.1849104938046509
COHFACE_s39_session0_lamp,0,339,11.3,1.1851313700980113,1.1782948088648273
COHFACE_s39_session0_lamp,0,340,11.333333333333334,1.2077044255599811,1.0963845490242166
COHFACE_s39_session0_lamp,0,341,11.366666666666667,1.1334148549610927,0.9631504438751682
COHFACE_s39_session0_lamp,0,342,11.4,1.0024081369288862,0.7975811216179881
COHFACE_s39_session0_lamp,0,343,11.433333333333334,0.8395557841960132,0.6141062357029438
COHFACE_s39_session0_lamp,0,344,11.466666666666667,0.6671929012492674,0.4263984440268819
COHFACE_s39_session0_lamp,0,345,11.5,0.5016276857503551,0.24833641327857664
COHFACE_s39_session0_lamp,0,346,11.533333333333333,0.34466312933010584,0.08600099651127882
COHFACE_s39_session0_lamp,0,347,11.566666666666666,0.18971995733499675,-0.06116219201541219
COHFACE_s39_session0_lamp,0,348,11.6,0.033243532183905355,-0.19542173812182
COHFACE_s39_session0_lamp,0,349,11.633333333333333,-0.12157533024338532,-0.31956909347379353
COHFACE_s39_session0_lamp,0,350,11.666666666666666,-0.26789343436644186,-0.43836693417558636
COHFACE_s39_session0_lamp,0,351,11.7,-0.40049163626109274,-0.5574525191840334
COHFACE_s39_session0_lamp,0,352,11.733333333333333,-0.5189201460311683,-0.6756638801170403
COHFACE_s39_session0_lamp,0,353,11.766666666666667,-0.6263940271976146,-0.7841625370946258
COHFACE_s39_session0_lamp,0,354,11.8,-0.7266114755896791,-0.8780915159617753
COHFACE_s39_session0_lamp,0,355,11.833333333333334,-0.8211627923404052,-0.9559015488022942
COHFACE_s39_session0_lamp,0,356,11.866666666666667,-0.9074902426000736,-1.0118735771908898
COHFACE_s39_session0_lamp,0,357,11.9,-0.9773166376774852,-1.0357163126888052
COHFACE_s39_session0_lamp,0,358,11.933333333333334,-1.016214553878093,-1.0110045013514024
COHFACE_s39_session0_lamp,0,359,11.966666666666667,-1.003967540285745,-0.9154993633134609
COHFACE_s39_session0_lamp,0,360,12.0,-0.9149650010852978,-0.7398965418379367
COHFACE_s39_session0_lamp,0,361,12.033333333333333,-0.7184967093491935,-0.4888206808441957
COHFACE_s39_session0_lamp,0,362,12.066666666666666,-0.3858658769442329,-0.17915276413079334
COHFACE_s39_session0_lamp,0,363,12.1,0.0726080352340147,0.15859888138126454
COHFACE_s39_session0_lamp,0,364,12.133333333333333,0.5647017054755993,0.4917698709143036
COHFACE_s39_session0_lamp,0,365,12.166666666666666,0.9578901384473715,0.7839974416704546
COHFACE_s39_session0_lamp,0,366,12.2,1.1802861444748998,1.0089304951540377
COHFACE_s39_session0_lamp,0,367,12.233333333333333,1.2467601118995897,1.1488387638683408
COHFACE_s39_session0_lamp,0,368,12.266666666666667,1.2038268876991751,1.1971797750158049
COHFACE_s39_session0_lamp,0,369,12.3,1.085480929702314,1.1577467120784315
COHFACE_s39_session0_lamp,0,370,12.333333333333334,0.9141101596684893,1.0450277853824779
COHFACE_s39_session0_lamp,0,371,12.366666666666667,0.7171851400250239,0.8840585474733985
COHFACE_s39_session0_lamp,0,372,12.4,0.5248855418897269,0.6979348735580809
COHFACE_s39_session0_lamp,0,373,12.433333333333334,0.35401561383847235,0.5083160990561728
COHFACE_s39_session0_lamp,0,374,12.466666666666667,0.20506001067543625,0.32889083201910735
COHFACE_s39_session0_lamp,0,375,12.5,0.07375571242732058,0.16638216952314128
COHFACE_s39_session0_lamp,0,376,12.533333333333333,-0.03965631208895294,0.025415835244815527
COHFACE_s39_session0_lamp,0,377,12.566666666666666,-0.13057380618321043,-0.09038815466348574
COHFACE_s39_session0_lamp,0,378,12.6,-0.1953158012878129,-0.181030372068148
COHFACE_s39_session0_lamp,0,379,12.633333333333333,-0.23531041351482515,-0.2492308472686015
COHFACE_s39_session0_lamp,0,380,12.666666666666666,-0.25724901865433836,-0.29978555993618705
COHFACE_s39_session0_lamp,0,381,12.7,-0.2705067457992456,-0.3388672564878055
COHFACE_s39_session0_lamp,0,382,12.733333333333333,-0.28462943919732897,-0.3736012470874689
COHFACE_s39_session0_lamp,0,383,12.766666666666667,-0.30813190398096674,-0.41151636929341007
COHFACE_s39_session0_lamp,0,384,12.8,-0.3475786941789615,-0.4583294334800313
COHFACE_s39_session0_lamp,0,385,12.833333333333334,-0.40659987301422096,-0.5174621104072824
COHFACE_s39_session0_lamp,0,386,12.866666666666667,-0.4855656351642269,-0.5888625241909222
COHFACE_s39_session0_lamp,0,387,12.9,-0.5814732464109469,-0.6685596817984369
COHFACE_s39_session0_lamp,0,388,12.933333333333334,-0.6875969068564247,-0.747921821918555
COHFACE_s39_session0_lamp,0,389,12.966666666666667,-0.7931239211534612,-0.8133377921676994
COHFACE_s39_session0_lamp,0,390,13.0,-0.8830347853873205,-0.8492845570759228
COHFACE_s39_session0_lamp,0,391,13.033333333333333,-0.9384634791121402,-0.8383370109083212
COHFACE_s39_session0_lamp,0,392,13.066666666666666,-0.9370988328850253,-0.7650752373048382
COHFACE_s39_session0_lamp,0,393,13.1,-0.8527517182072352,-0.6166627995899034
COHFACE_s39_session0_lamp,0,394,13.133333333333333,-0.6546541620490639,-0.39670818281092635
COHFACE_s39_session0_lamp,0,395,13.166666666666666,-0.3140638962350151,-0.126297105943193
COHFACE_s39_session0_lamp,0,396,13.2,0.157428341622273,0.1710485547752945
COHFACE_s39_session0_lamp,0,397,13.233333333333333,0.6621558649294622,0.46803087140324595
COHFACE_s39_session0_lamp,0,398,13.266666666666667,1.0600304869678017,0.7373169329385977
COHFACE_s39_session0_lamp,0,399,13.3,1.2767106750469313,0.9501229709817899
COHFACE_s39_session0_lamp,0,400,13.333333333333334,1.3308556813519463,1.0879387604181354
COHFACE_s39_session0_lamp,0,401,13.366666666666667,1.2731943246685116,1.1414766524663746
COHFACE_s39_session0_lamp,0,402,13.4,1.1395755748118181,1.1129495489260752
COHFACE_s39_session0_lamp,0,403,13.433333333333334,0.9528418732287139,1.015588899454819
COHFACE_s39_session0_lamp,0,404,13.466666666666667,0.7405146108968819,0.8676839283112789
COHFACE_s39_session0_lamp,0,405,13.5,0.532867137982164,0.692747281039291
COHFACE_s39_session0_lamp,0,406,13.533333333333333,0.3469613166382165,0.5113995124418278
COHFACE_s39_session0_lamp,0,407,13.566666666666666,0.18438078344916578,0.3420530603785934
COHFACE_s39_session0_lamp,0,408,13.6,0.042595950808360566,0.19377797927360926
COHFACE_s39_session0_lamp,0,409,13.633333333333333,-0.07699001649512836,0.0673039275813774
COHFACE_s39_session0_lamp,0,410,13.666666666666666,-0.16914555923475066,-0.03810124780510904
COHFACE_s39_session0_lamp,0,411,13.7,-0.22975828582749755,-0.12363666972584551
COHFACE_s39_session0_lamp,0,412,13.733333333333333,-0.26014244671885706,-0.1931100303264158
COHFACE_s39_session0_lamp,0,413,13.766666666666667,-0.26696073170585055,-0.25213941137828644
COHFACE_s39_session0_lamp,0,414,13.8,-0.25965180524724973,-0.306490297002531
COHFACE_s39_session0_lamp,0,415,13.833333333333334,-0.24817919274340833,-0.36141298589848647
COHFACE_s39_session0_lamp,0,416,13.866666666666667,-0.24168433461753458,-0.4216786777891518
COHFACE_s39_session0_lamp,0,417,13.9,-0.24768968739227873,-0.49098657372129717
COHFACE_s39_session0_lamp,0,418,13.933333333333334,-0.27153117809108196,-0.5700621300040541
COHFACE_s39_session0_lamp,0,419,13.966666666666667,-0.31622432023673197,-0.6560972850960687
COHFACE_s39_session0_lamp,0,420,14.0,-0.38222303734492896,-0.7412117713622945
COHFACE_s39_session0_lamp,0,421,14.033333333333333,-0.46703351439080565,-0.8120467351419727
COHFACE_s39_session0_lamp,0,422,14.066666666666666,-0.5652322288430285,-0.8565181773424934
COHFACE_s39_session0_lamp,0,423,14.1,-0.6685042797923816,-0.8636684973918117
COHFACE_s39_session0_lamp,0,424,14.133333333333333,-0.7655658563502004,-0.8220059564920543
COHFACE_s39_session0_lamp,0,425,14.166666666666666,-0.8416208705345576,-0.7198222412877406
COHFACE_s39_session0_lamp,0,426,14.2,-0.8779671771715,-0.5551817739795077
COHFACE_s39_session0_lamp,0,427,14.233333333333333,-0.852111882210025,-0.3367690649251651
COHFACE_s39_session0_lamp,0,428,14.266666666666667,-0.7373579303560787,-0.08156499661254907
COHFACE_s39_session0_lamp,0,429,14.3,-0.5025577148087482,0.1840049012040048
COHFACE_s39_session0_lamp,0,430,14.333333333333334,-0.12630962085787717,0.44124535791200725
COHFACE_s39_session0_lamp,0,431,14.366666666666667,0.354160267032112,0.6777525386458845
COHFACE_s39_session0_lamp,0,432,14.4,0.8174737965573101,0.8780140037577749
COHFACE_s39_session0_lamp,0,433,14.433333333333334,1.1359625638838784,1.02209602745815
COHFACE_s39_session0_lamp,0,434,14.466666666666667,1.2702720245982118,1.1000291098382726
COHFACE_s39_session0_lamp,0,435,14.5,1.2602863625135752,1.1110176426560594
COHFACE_s39_session0_lamp,0,436,14.533333333333333,1.1597900327356538,1.0634004614805135
COHFACE_s39_session0_lamp,0,437,14.566666666666666,1.0035834173435807,0.9743133755610676
COHFACE_s39_session0_lamp,0,438,14.6,0.8155982780568352,0.8521445359336577
COHFACE_s39_session0_lamp,0,439,14.633333333333333,0.6216539705354694,0.6969415377484526
COHFACE_s39_session0_lamp,0,440,14.666666666666666,0.4424953342765423,0.5150141893181013
COHFACE_s39_session0_lamp,0,441,14.7,0.2838002754523249,0.3199015159881338
COHFACE_s39_session0_lamp,0,442,14.733333333333333,0.14186724017522806,0.12561779286424718
COHFACE_s39_session0_lamp,0,443,14.766666666666667,0.014786312567072621,-0.052297110704750974
COHFACE_s39_session0_lamp,0,444,14.8,-0.09378848669486234,-0.2107803129361542
COHFACE_s39_session0_lamp,0,445,14.833333333333334,-0.1784862586668548,-0.35799398071236477
COHFACE_s39_session0_lamp,0,446,14.866666666666667,-0.2372452226287753,-0.4998068406682458
COHFACE_s39_session0_lamp,0,447,14.9,-0.2727935947069202,-0.6385069277294684
COHFACE_s39_session0_lamp,0,448,14.933333333333334,-0.29178738978143437,-0.7713605104486995
COHFACE_s39_session0_lamp,0,449,14.966666666666667,-0.30340682207721037,-0.8896465388479251
COHFACE_s39_session0_lamp,0,450,15.0,-0.31731549054958375,-0.983171631550352
COHFACE_s39_session0_lamp,0,451,15.033333333333333,-0.34170179455430627,-1.0396872191667097
COHFACE_s39_session0_lamp,0,452,15.066666666666666,-0.3820966147963195,-1.0536029010103611
COHFACE_s39_session0_lamp,0,453,15.1,-0.44077316985575427,-1.025740108264547
COHFACE_s39_session0_lamp,0,454,15.133333333333333,-0.5162404590903006,-0.9485026280145068
COHFACE_s39_session0_lamp,0,455,15.166666666666666,-0.603058448866422,-0.8063195635812187
COHFACE_s39_session0_lamp,0,456,15.2,-0.6920598034983835,-0.5894944407314608
COHFACE_s39_session0_lamp,0,457,15.233333333333333,-0.7704782374132363,-0.29555026402875123
COHFACE_s39_session0_lamp,0,458,15.266666666666667,-0.8221135351300782,0.048613488108757624
COHFACE_s39_session0_lamp,0,459,15.3,-0.8275331856457755,0.38532880865962565
COHFACE_s39_session0_lamp,0,460,15.333333333333334,-0.7640316265104746,0.6760311375675789
COHFACE_s39_session0_lamp,0,461,15.366666666666667,-0.6050613503148379,0.8998941561362641
COHFACE_s39_session0_lamp,0,462,15.4,-0.32278230550580195,1.0475336336956338
COHFACE_s39_session0_lamp,0,463,15.433333333333334,0.08494484917878838,1.1196188988638658
COHFACE_s39_session0_lamp,0,464,15.466666666666667,0.5455735906846708,1.118026205705576
COHFACE_s39_session0_lamp,0,465,15.5,0.9261407238544881,1.0452314939681766
COHFACE_s39_session0_lamp,0,466,15.533333333333333,1.1335968254839657,0.9123212736085304
COHFACE_s39_session0_lamp,0,467,15.566666666666666,1.1721672490622237,0.7391820149123738
COHFACE_s39_session0_lamp,0,468,15.6,1.100481763145435,0.5452574384282185
COHFACE_s39_session0_lamp,0,469,15.633333333333333,0.9719184193331057,0.3502410511071672
COHFACE_s39_session0_lamp,0,470,15.666666666666666,0.8182207199067226,0.16882455567527554
COHFACE_s39_session0_lamp,0,471,15.7,0.6607110666491882,0.011705592272573534
COHFACE_s39_session0_lamp,0,472,15.733333333333333,0.5137426474523463,-0.11764396209181381
COHFACE_s39_session0_lamp,0,473,15.766666666666667,0.3786971200159777,-0.22190368457955506
COHFACE_s39_session0_lamp,0,474,15.8,0.24808985438080436,-0.3050229670045219
COHFACE_s39_session0_lamp,0,475,15.833333333333334,0.11766443905757643,-0.3713052438332186
COHFACE_s39_session0_lamp,0,476,15.866666666666667,-0.008651126810303306,-0.4217914462711463
COHFACE_s39_session0_lamp,0,477,15.9,-0.12292631555504935,-0.45370244945419425
COHFACE_s39_session0_lamp,0,478,15.933333333333334,-0.21918090044334237,-0.46692175031646727
COHFACE_s39_session0_lamp,0,479,15.966666666666667,-0.2962475314151147,-0.4637275964569515
COHFACE_s39_session0_lamp,0,480,16.0,-0.35748880604356986,-0.46264807283537346
COHFACE_s39_session0_lamp,0,481,16.033333333333335,-0.40950509684489433,-0.4979236565539348
COHFACE_s39_session0_lamp,0,482,16.066666666666666,-0.460727563493335,-0.5642016614335957
COHFACE_s39_session0_lamp,0,483,16.1,-0.5189983179790167,-0.6164306529529413
COHFACE_s39_session0_lamp,0,484,16.133333333333333,-0.5885287236260481,-0.6296064002099246
COHFACE_s39_session0_lamp,0,485,16.166666666666668,-0.6678668021499378,-0.5991312148410672
COHFACE_s39_session0_lamp,0,486,16.2,-0.7492760573788103,-0.5289351307792306
COHFACE_s39_session0_lamp,0,487,16.233333333333334,-0.8193012635896807,-0.4316123246760608
COHFACE_s39_session0_lamp,0,488,16.266666666666666,-0.8597018420701862,-0.31069790496916494
COHFACE_s39_session0_lamp,0,489,16.3,-0.8481530184736816,-0.16130760886153825
COHFACE_s39_session0_lamp,0,490,16.333333333333332,-0.7592073094789185,0.015798578610047347
COHFACE_s39_session0_lamp,0,491,16.366666666666667,-0.5647059056790825,0.21311824722911984
COHFACE_s39_session0_lamp,0,492,16.4,-0.2408757694610262,0.4184535874232602
COHFACE_s39_session0_lamp,0,493,16.433333333333334,0.19420466085519392,0.6138027177827404
COHFACE_s39_session0_lamp,0,494,16.466666666666665,0.6428753519002782,0.7837036431883416
COHFACE_s39_session0_lamp,0,495,16.5,0.9770460667394034,0.9142460104338218
COHFACE_s39_session0_lamp,0,496,16.533333333333335,1.1367251098560847,0.9933608557442221
COHFACE_s39_session0_lamp,0,497,16.566666666666666,1.149083771710568,1.01021836149073
COHFACE_s39_session0_lamp,0,498,16.6,1.0710401822365503,0.963290253941476
COHFACE_s39_session0_lamp,0,499,16.633333333333333,0.9440535290439525,0.8602817971515713
COHFACE_s39_session0_lamp,0,500,16.666666666666668,0.7922335006274991,0.713086766279668
COHFACE_s39_session0_lamp,0,501,16.7,0.6357629274350062,0.5382147661561718
COHFACE_s39_session0_lamp,0,502,16.733333333333334,0.488643510084986,0.3495956422840856
COHFACE_s39_session0_lamp,0,503,16.766666666666666,0.3506546075994376,0.15948172376363248
COHFACE_s39_session0_lamp,0,504,16.8,0.21410077538271047,-0.024079471420780707
COHFACE_s39_session0_lamp,0,505,16.833333333333332,0.07564577113710615,-0.19605371241483321
COHFACE_s39_session0_lamp,0,506,16.866666666666667,-0.06059314300390373,-0.35527927931048486
COHFACE_s39_session0_lamp,0,507,16.9,-0.1870068437853596,-0.5032067443731028
COHFACE_s39_session0_lamp,0,508,16.933333333333334,-0.2985030450003566,-0.6404006489779617
COHFACE_s39_session0_lamp,0,509,16.966666666666665,-0.39571761672530803,-0.7654123874027763
COHFACE_s39_session0_lamp,0,510,17.0,-0.48353741300140163,-0.8763790510313585
COHFACE_s39_session0_lamp,0,511,17.033333333333335,-0.5680808897318662,-0.9701505233970713
COHFACE_s39_session0_lamp,0,512,17.066666666666666,-0.6542292608418109,-1.039929285125935
COHFACE_s39_session0_lamp,0,513,17.1,-0.7432803194409588,-1.0747902202277708
COHFACE_s39_session0_lamp,0,514,17.133333333333333,-0.8310510780122836,-1.064675511554813
COHFACE_s39_session0_lamp,0,515,17.166666666666668,-0.9073001876606841,-1.0004596099223058
COHFACE_s39_session0_lamp,0,516,17.2,-0.9560065561429884,-0.8704881273070074
COHFACE_s39_session0_lamp,0,517,17.233333333333334,-0.9559705527928847,-0.661425334457147
COHFACE_s39_session0_lamp,0,518,17.266666666666666,-0.8814946592239921,-0.37805308326438436
COHFACE_s39_session0_lamp,0,519,17.3,-0.7028254251021719,-0.044701975900779296
COHFACE_s39_session0_lamp,0,520,17.333333333333332,-0.3913266767329129,0.3025523631403436
COHFACE_s39_session0_lamp,0,521,17.366666666666667,0.048354430685463565,0.6144607865115268
COHFACE_s39_session0_lamp,0,522,17.4,0.5330287451136476,0.8632299877091125
COHFACE_s39_session0_lamp,0,523,17.433333333333334,0.9310175532741639,1.041013551129412
COHFACE_s39_session0_lamp,0,524,17.466666666666665,1.16231512030711,1.1469524897901322
COHFACE_s39_session0_lamp,0,525,17.5,1.2361817876951242,1.1858681428661604
COHFACE_s39_session0_lamp,0,526,17.533333333333335,1.2005181144569295,1.1641701473578827
COHFACE_s39_session0_lamp,0,527,17.566666666666666,1.0928823648726829,1.0893610854307871
COHFACE_s39_session0_lamp,0,528,17.6,0.9358422016822109,0.9695919775058579
COHFACE_s39_session0_lamp,0,529,17.633333333333333,0.7527734184946531,0.8139625782888006
COHFACE_s39_session0_lamp,0,530,17.666666666666668,0.5693865473473747,0.6342461693963013
COHFACE_s39_session0_lamp,0,531,17.7,0.400223688559395,0.4456951094037337
COHFACE_s39_session0_lamp,0,532,17.733333333333334,0.24485052706327337,0.2598613706998794
COHFACE_s39_session0_lamp,0,533,17.766666666666666,0.0981436673867207,0.0856695469784513
COHFACE_s39_session0_lamp,0,534,17.8,-0.04052537623838885,-0.07074762228355626
COHFACE_s39_session0_lamp,0,535,17.833333333333332,-0.16685763403850862,-0.20490683069165966
COHFACE_s39_session0_lamp,0,536,17.866666666666667,-0.27664695896229663,-0.31844567423876113
COHFACE_s39_session0_lamp,0,537,17.9,-0.3699408662545617,-0.41803815957754853
COHFACE_s39_session0_lamp,0,538,17.933333333333334,-0.45128066189339816,-0.5104132980919291
COHFACE_s39_session0_lamp,0,539,17.966666666666665,-0.5272419706766571,-0.6013781175785908
COHFACE_s39_session0_lamp,0,540,18.0,-0.6038529836963968,-0.6916139063109443
COHFACE_s39_session0_lamp,0,541,18.033333333333335,-0.6847699655806914,-0.7759522141521262
COHFACE_s39_session0_lamp,0,542,18.066666666666666,-0.7697023835549403,-0.8511800764032866
COHFACE_s39_session0_lamp,0,543,18.1,-0.8530629386772475,-0.9155006281596535
COHFACE_s39_session0_lamp,0,544,18.133333333333333,-0.9232710565974626,-0.9626590379082777
COHFACE_s39_session0_lamp,0,545,18.166666666666668,-0.9631131067859712,-0.981663597559871
COHFACE_s39_session0_lamp,0,546,18.2,-0.9508014178957785,-0.9578886402783365
COHFACE_s39_session0_lamp,0,547,18.233333333333334,-0.8607615906704514,-0.8733910322949249
COHFACE_s39_session0_lamp,0,548,18.266666666666666,-0.66369629044081,-0.7166983879951905
COHFACE_s39_session0_lamp,0,549,18.3,-0.33307591121954966,-0.48380137597041534
COHFACE_s39_session0_lamp,0,550,18.333333333333332,0.11834798639795924,-0.18861991332732156
COHFACE_s39_session0_lamp,0,551,18.366666666666667,0.5974844641592624,0.13565644295486404
COHFACE_s39_session0_lamp,0,552,18.4,0.9745323251803539,0.4572917870849791
COHFACE_s39_session0_lamp,0,553,18.433333333333334,1.1823460149931773,0.7445174230507967
COHFACE_s39_session0_lamp,0,554,18.466666666666665,1.2388212761676332,0.9710290037030223
COHFACE_s39_session0_lamp,0,555,18.5,1.1900659459027152,1.1146172681557076
COHFACE_s39_session0_lamp,0,556,18.533333333333335,1.0680921435705213,1.173852887068554
COHFACE_s39_session0_lamp,0,557,18.566666666666666,0.8940573808166381,1.167049399588922
COHFACE_s39_session0_lamp,0,558,18.6,0.6950843047473557,1.1080024825107155
COHFACE_s39_session0_lamp,0,559,18.633333333333333,0.5012188229678235,1.0056195383655546
COHFACE_s39_session0_lamp,0,560,18.666666666666668,0.329293192484119,0.8675642724841661
COHFACE_s39_session0_lamp,0,561,18.7,0.18028780053697857,0.7007786990753311
COHFACE_s39_session0_lamp,0,562,18.733333333333334,0.0504843277874087,0.5153033422166053
COHFACE_s39_session0_lamp,0,563,18.766666666666666,-0.05975677071570683,0.3252212208596752
COHFACE_s39_session0_lamp,0,564,18.8,-0.14571339094384028,0.14293930398006774
COHFACE_s39_session0_lamp,0,565,18.833333333333332,-0.20359790566467206,-0.019746227248543302
COHFACE_s39_session0_lamp,0,566,18.866666666666667,-0.23520555652487937,-0.15972626183649125
COHFACE_s39_session0_lamp,0,567,18.9,-0.24758400882893036,-0.2814290715588429
COHFACE_s39_session0_lamp,0,568,18.933333333333334,-0.24996638395403484,-0.3878779224364278
COHFACE_s39_session0_lamp,0,569,18.966666666666665,-0.25181219586169695,-0.47965670297974317
COHFACE_s39_session0_lamp,0,570,19.0,-0.2621978382453536,-0.5600322803160073
COHFACE_s39_session0_lamp,0,571,19.033333333333335,-0.28852362219874605,-0.6341369784592645
COHFACE_s39_session0_lamp,0,572,19.066666666666666,-0.33488572065506017,-0.7045400847656456
COHFACE_s39_session0_lamp,0,573,19.1,-0.4020858042033647,-0.7705961194782321
COHFACE_s39_session0_lamp,0,574,19.133333333333333,-0.48780377274837877,-0.8300566272908794
COHFACE_s39_session0_lamp,0,575,19.166666666666668,-0.5861292673141846,-0.8786408478744604
COHFACE_s39_session0_lamp,0,576,19.2,-0.688299094975422,-0.9096748981140661
COHFACE_s39_session0_lamp,0,577,19.233333333333334,-0.7831825633223637,-0.9139443125589625
COHFACE_s39_session0_lamp,0,578,19.266666666666666,-0.8559177801666423,-0.8775484696603676
COHFACE_s39_session0_lamp,0,579,19.3,-0.887535289752635,-0.7823070248289821
COHFACE_s39_session0_lamp,0,580,19.333333333333332,-0.8557539533414097,-0.6163484402115725
COHFACE_s39_session0_lamp,0,581,19.366666666666667,-0.7342791376355251,-0.3751937153565493
COHFACE_s39_session0_lamp,0,582,19.4,-0.49278321188769925,-0.07351568720575231
COHFACE_s39_session0_lamp,0,583,19.433333333333334,-0.11210838986604384,0.25348300429960025
COHFACE_s39_session0_lamp,0,584,19.466666666666665,0.3680017999999292,0.5692308297689297
COHFACE_s39_session0_lamp,0,585,19.5,0.826446537501112,0.8344235245354914
COHFACE_s39_session0_lamp,0,586,19.533333333333335,1.1395179648744953,1.0246228536765294
COHFACE_s39_session0_lamp,0,587,19.566666666666666,1.2721054199379023,1.1289966812002539
COHFACE_s39_session0_lamp,0,588,19.6,1.2648825472561096,1.150253533304914
COHFACE_s39_session0_lamp,0,589,19.633333333333333,1.1686621445456122,1.1037740593524452
COHFACE_s39_session0_lamp,0,590,19.666666666666668,1.0144960625981476,1.00449667359727
COHFACE_s39_session0_lamp,0,591,19.7,0.8247259274806007,0.8668056693226208
COHFACE_s39_session0_lamp,0,592,19.733333333333334,0.6254209900187322,0.7034283357120952
COHFACE_s39_session0_lamp,0,593,19.766666666666666,0.4387466544093496,0.5260706054065644
COHFACE_s39_session0_lamp,0,594,19.8,0.2728187342395221,0.34628000674694837
COHFACE_s39_session0_lamp,0,595,19.833333333333332,0.12609657706736715,0.176427197464939
COHFACE_s39_session0_lamp,0,596,19.866666666666667,-0.0025426979263180605,0.024552738199747723
COHFACE_s39_session0_lamp,0,597,19.9,-0.11008777251768544,-0.10458298963317751
COHFACE_s39_session0_lamp,0,598,19.933333333333334,-0.19217480019411576,-0.20854426427277553
COHFACE_s39_session0_lamp,0,599,19.966666666666665,-0.247366187021693,-0.286288327429593
COHFACE_s39_session0_lamp,0,600,20.0,-0.2791502524234388,-0.34117969355212946
COHFACE_s39_session0_lamp,0,601,20.033333333333335,-0.29494808541796225,-0.38025760557691524
COHFACE_s39_session0_lamp,0,602,20.066666666666666,-0.3040178609137646,-0.4102015906601331
COHFACE_s39_session0_lamp,0,603,20.1,-0.31594527379655063,-0.4367882338589013
COHFACE_s39_session0_lamp,0,604,20.133333333333333,-0.33912514036311714,-0.46511238888640083
COHFACE_s39_session0_lamp,0,605,20.166666666666668,-0.3791412984745545,-0.4991952858648489
COHFACE_s39_session0_lamp,0,606,20.2,-0.4381049262148077,-0.5438192466512926
COHFACE_s39_session0_lamp,0,607,20.233333333333334,-0.5143223432380867,-0.6041136160540285
COHFACE_s39_session0_lamp,0,608,20.266666666666666,-0.6019726051364094,-0.6749411943604746
COHFACE_s39_session0_lamp,0,609,20.3,-0.6914369616004603,-0.7406083616523473
COHFACE_s39_session0_lamp,0,610,20.333333333333332,-0.7696888093460379,-0.7811455385021207
COHFACE_s39_session0_lamp,0,611,20.366666666666667,-0.8205400788276597,-0.7724328964805268
COHFACE_s39_session0_lamp,0,612,20.4,-0.8248614949244677,-0.7008002449506626
COHFACE_s39_session0_lamp,0,613,20.433333333333334,-0.7602583467672653,-0.5635280466638402
COHFACE_s39_session0_lamp,0,614,20.466666666666665,-0.6005981561262286,-0.3629757548625977
COHFACE_s39_session0_lamp,0,615,20.5,-0.3187976987772735,-0.10755960708323618
COHFACE_s39_session0_lamp,0,616,20.533333333333335,0.08665970739504614,0.18068385676884763
COHFACE_s39_session0_lamp,0,617,20.566666666666666,0.5435355360040477,0.4648321243439373
COHFACE_s39_session0_lamp,0,618,20.6,0.9208941866990263,0.718932451802241
COHFACE_s39_session0_lamp,0,619,20.633333333333333,1.128634844643389,0.9266455245572685
COHFACE_s39_session0_lamp,0,620,20.666666666666668,1.1718616323245925,1.074998785234269
COHFACE_s39_session0_lamp,0,621,20.7,1.1065492214203771,1.1532162969382054
COHFACE_s39_session0_lamp,0,622,20.733333333333334,0.9822910460621734,1.1597407351499265
COHFACE_s39_session0_lamp,0,623,20.766666666666666,0.8286677985078378,1.1016822425299977
COHFACE_s39_session0_lamp,0,624,20.8,0.6669741499163652,0.9849118937268051
COHFACE_s39_session0_lamp,0,625,20.833333333333332,0.5132707980826443,0.814296294298743
COHFACE_s39_session0_lamp,0,626,20.866666666666667,0.3717416609139992,0.6000986773935886
COHFACE_s39_session0_lamp,0,627,20.9,0.2374883298318775,0.3589151269990524
COHFACE_s39_session0_lamp,0,628,20.933333333333334,0.10697352377600786,0.10491441907542332
COHFACE_s39_session0_lamp,0,629,20.966666666666665,-0.016517418260635186,-0.14881718047602482
COHFACE_s39_session0_lamp,0,630,21.0,-0.1254925035699424,-0.39276433360408797
COHFACE_s39_session0_lamp,0,631,21.033333333333335,-0.21469001147231603,-0.6194078036069999
COHFACE_s39_session0_lamp,0,632,21.066666666666666,-0.2842783177372813,-0.8220518384735424
COHFACE_s39_session0_lamp,0,633,21.1,-0.3386879146388889,-0.9933666391923358
COHFACE_s39_session0_lamp,0,634,21.133333333333333,-0.3847820801831457,-1.1251763847547376
COHFACE_s39_session0_lamp,0,635,21.166666666666668,-0.43070868517024696,-1.2074544698668874
COHFACE_s39_session0_lamp,0,636,21.2,-0.48419639566625566,-1.229650710273607
COHFACE_s39_session0_lamp,0,637,21.233333333333334,-0.5497432776978568,-1.180412516967356
COHFACE_s39_session0_lamp,0,638,21.266666666666666,-0.6265688565147183,-1.0414525099892127
COHFACE_s39_session0_lamp,0,639,21.3,-0.708353513486044,-0.7884554981913691
COHFACE_s39_session0_lamp,0,640,21.333333333333332,-0.7840003006743382,-0.4445968069810538
COHFACE_s39_session0_lamp,0,641,21.366666666666667,-0.8382464227990342,-0.08173116942720396
COHFACE_s39_session0_lamp,0,642,21.4,-0.851502411839662,0.2550724982185172
COHFACE_s39_session0_lamp,0,643,21.433333333333334,-0.8000834349761945,0.5461777323401006
COHFACE_s39_session0_lamp,0,644,21.466666666666665,-0.6570904244081666,0.7784157343025391
COHFACE_s39_session0_lamp,0,645,21.5,-0.39436643844805674,0.9433300896109851
COHFACE_s39_session0_lamp,0,646,21.533333333333335,-0.003724300715750308,1.0380251576135329
COHFACE_s39_session0_lamp,0,647,21.566666666666666,0.45500917440544963,1.0640327577081101
COHFACE_s39_session0_lamp,0,648,21.6,0.855226705967879,1.0291718396189569
COHFACE_s39_session0_lamp,0,649,21.633333333333333,1.0961948177395782,0.9471240752161503
COHFACE_s39_session0_lamp,0,650,21.666666666666668,1.1700043207855315,0.8291676660855205
COHFACE_s39_session0_lamp,0,651,21.7,1.1277662303931122,0.6844543166876415
COHFACE_s39_session0_lamp,0,652,21.733333333333334,1.0195946852369204,0.5232708666627568
COHFACE_s39_session0_lamp,0,653,21.766666666666666,0.8746487930832514,0.3578205184189567
COHFACE_s39_session0_lamp,0,654,21.8,0.7132229006602273,0.19911167302068708
COHFACE_s39_session0_lamp,0,655,21.833333333333332,0.5544977079006648,0.057889283483341575
COHFACE_s39_session0_lamp,0,656,21.866666666666667,0.40801110859735373,-0.06306885602931178
COHFACE_s39_session0_lamp,0,657,21.9,0.2704768664693541,-0.16794244900671332
COHFACE_s39_session0_lamp,0,658,21.933333333333334,0.1359397047118994,-0.2572932018826773
COHFACE_s39_session0_lamp,0,659,21.966666666666665,0.0044179441358969535,-0.32721391097842467
COHFACE_s39_session0_lamp,0,660,22.0,-0.11836271591181964,-0.3795111348555559
COHFACE_s39_session0_lamp,0,661,22.033333333333335,-0.22617839468622314,-0.4210730692277298
COHFACE_s39_session0_lamp,0,662,22.066666666666666,-0.3171623143650074,-0.4582003195758524
COHFACE_s39_session0_lamp,0,663,22.1,-0.3950199385836379,-0.49606062580590987
COHFACE_s39_session0_lamp,0,664,22.133333333333333,-0.4667104644477099,-0.5355948198313298
COHFACE_s39_session0_lamp,0,665,22.166666666666668,-0.5391525139330511,-0.57317280292757
COHFACE_s39_session0_lamp,0,666,22.2,-0.6171613595314743,-0.6081265778528847
COHFACE_s39_session0_lamp,0,667,22.233333333333334,-0.7023077233060939,-0.6424797520825596
COHFACE_s39_session0_lamp,0,668,22.266666666666666,-0.7911922862611945,-0.6722623425635564
COHFACE_s39_session0_lamp,0,669,22.3,-0.8742458032739666,-0.6873855974708686
COHFACE_s39_session0_lamp,0,670,22.333333333333332,-0.9362243149662112,-0.6744155891686359
COHFACE_s39_session0_lamp,0,671,22.366666666666667,-0.9569715409199006,-0.6168842146093844
COHFACE_s39_session0_lamp,0,672,22.4,-0.9121499881496011,-0.509022345004076
COHFACE_s39_session0_lamp,0,673,22.433333333333334,-0.7736402592769485,-0.3563916551392118
COHFACE_s39_session0_lamp,0,674,22.466666666666665,-0.5104567050758557,-0.16483193385844358
COHFACE_s39_session0_lamp,0,675,22.5,-0.10873039962125414,0.058546813123407884
COHFACE_s39_session0_lamp,0,676,22.533333333333335,0.37862932595902904,0.3013190851651723
COHFACE_s39_session0_lamp,0,677,22.566666666666666,0.8250114853325049,0.5444311876860284
COHFACE_s39_session0_lamp,0,678,22.6,1.1190142811270603,0.7633062714492731
COHFACE_s39_session0_lamp,0,679,22.633333333333333,1.2399969972670137,0.9267474832288509
COHFACE_s39_session0_lamp,0,680,22.666666666666668,1.2310754705065667,1.0179460533912184
COHFACE_s39_session0_lamp,0,681,22.7,1.1378981339742966,1.0337481722617956
COHFACE_s39_session0_lamp,0,682,22.733333333333334,0.9876632738704063,0.9842048213969888
COHFACE_s39_session0_lamp,0,683,22.766666666666666,0.8027293483194861,0.8921460441440429
COHFACE_s39_session0_lamp,0,684,22.8,0.6105691783653796,0.77125157841288
COHFACE_s39_session0_lamp,0,685,22.833333333333332,0.43342450585681613,0.6263193955762567
COHFACE_s39_session0_lamp,0,686,22.866666666666667,0.27767523140016487,0.46492260384802003
COHFACE_s39_session0_lamp,0,687,22.9,0.13939091781292745,0.2982569496068568
COHFACE_s39_session0_lamp,0,688,22.933333333333334,0.01572186627385795,0.13758082891719275
COHFACE_s39_session0_lamp,0,689,22.966666666666665,-0.09072651656002308,-0.004869207339622206
COHFACE_s39_session0_lamp,0,690,23.0,-0.17494302822499824,-0.12761919911665423
COHFACE_s39_session0_lamp,0,691,23.033333333333335,-0.2347669810892486,-0.23892408446384464
COHFACE_s39_session0_lamp,0,692,23.066666666666666,-0.27365627422617445,-0.34466148113651157
COHFACE_s39_session0_lamp,0,693,23.1,-0.29947055555899593,-0.4473095768844342
COHFACE_s39_session0_lamp,0,694,23.133333333333333,-0.3219027738758254,-0.5459179137626252
COHFACE_s39_session0_lamp,0,695,23.166666666666668,-0.35048947107833484,-0.6353541704292542
COHFACE_s39_session0_lamp,0,696,23.2,-0.3929861471262772,-0.7155449945777934
COHFACE_s39_session0_lamp,0,697,23.233333333333334,-0.4538329759785218,-0.7908108378369074
COHFACE_s39_session0_lamp,0,698,23.266666666666666,-0.5330969002925724,-0.859590809429379
COHFACE_s39_session0_lamp,0,699,23.3,-0.6265424229123742,-0.913946386496918
COHFACE_s39_session0_lamp,0,700,23.333333333333332,-0.7261149067505265,-0.9410026360961905
COHFACE_s39_session0_lamp,0,701,23.366666666666667,-0.820016834174484,-0.9229543764119827
COHFACE_s39_session0_lamp,0,702,23.4,-0.8924580159082109,-0.8434685999995136
COHFACE_s39_session0_lamp,0,703,23.433333333333334,-0.9236462273536982,-0.6883336533013942
COHFACE_s39_session0_lamp,0,704,23.466666666666665,-0.890146314298924,-0.4586732454055326
COHFACE_s39_session0_lamp,0,705,23.5,-0.764916051504357,-0.17209320175579254
COHFACE_s39_session0_lamp,0,706,23.533333333333335,-0.5174352001053141,0.14370226750388654
COHFACE_s39_session0_lamp,0,707,23.566666666666666,-0.12919259777482953,0.44957940951781905
COHFACE_s39_session0_lamp,0,708,23.6,0.35738772837850846,0.7173411607507568
COHFACE_s39_session0_lamp,0,709,23.633333333333333,0.8190121915119262,0.9282754615719855
COHFACE_s39_session0_lamp,0,710,23.666666666666668,1.1333984439104143,1.0701168206252807
COHFACE_s39_session0_lamp,0,711,23.7,1.2680760423627477,1.1358311922369646
COHFACE_s39_session0_lamp,0,712,23.733333333333334,1.264282538976671,1.1319293784628166
COHFACE_s39_session0_lamp,0,713,23.766666666666666,1.1720844495111216,1.0777761403445543
COHFACE_s39_session0_lamp,0,714,23.8,1.021994009427208,0.9842139525739663
COHFACE_s39_session0_lamp,0,715,23.833333333333332,0.8358022065651507,0.8536361058862343
COHFACE_s39_session0_lamp,0,716,23.866666666666667,0.639263076554891,0.6901366238540909
COHFACE_s39_session0_lamp,0,717,23.9,0.45489733848320335,0.5003555738788912
COHFACE_s39_session0_lamp,0,718,23.933333333333334,0.2911474219142389,0.29889465016930966
COHFACE_s39_session0_lamp,0,719,23.966666666666665,0.14616015385811879,0.10930967187708503
COHFACE_s39_session0_lamp,0,720,24.0,0.018206984945905877,-0.05624539644848399
COHFACE_s39_session0_lamp,0,721,24.033333333333335,-0.08983377730998705,-0.19593942686683125
COHFACE_s39_session0_lamp,0,722,24.066666666666666,-0.1732601848648112,-0.31059441545774674
COHFACE_s39_session0_lamp,0,723,24.1,-0.23049197809428848,-0.40258323407058394
COHFACE_s39_session0_lamp,0,724,24.133333333333333,-0.26500059680572624,-0.4771276909664998
COHFACE_s39_session0_lamp,0,725,24.166666666666668,-0.2840104786690617,-0.5414155774719425
COHFACE_s39_session0_lamp,0,726,24.2,-0.2969381796507553,-0.6007306460937308
COHFACE_s39_session0_lamp,0,727,24.233333333333334,-0.31369450590128667,-0.6577808123179432
COHFACE_s39_session0_lamp,0,728,24.266666666666666,-0.3424273042689757,-0.7137676258416912
COHFACE_s39_session0_lamp,0,729,24.3,-0.3882866596640955,-0.7679064696265501
COHFACE_s39_session0_lamp,0,730,24.333333333333332,-0.45294740904286585,-0.8157730241348802
COHFACE_s39_session0_lamp,0,731,24.366666666666667,-0.5342543352076489,-0.8490339194433242
COHFACE_s39_session0_lamp,0,732,24.4,-0.626430727164952,-0.8580708837339066
COHFACE_s39_session0_lamp,0,733,24.433333333333334,-0.7201716258503768,-0.8320393455867318
COHFACE_s39_session0_lamp,0,734,24.466666666666665,-0.8023948028335575,-0.7569889882848326
COHFACE_s39_session0_lamp,0,735,24.5,-0.8563669924516523,-0.6164977597024706
COHFACE_s39_session0_lamp,0,736,24.533333333333335,-0.8625036471566735,-0.4065058160372582
COHFACE_s39_session0_lamp,0,737,24.566666666666666,-0.7983882375249632,-0.1365034917856464
COHFACE_s39_session0_lamp,0,738,24.6,-0.6372191011471355,0.16952044766447844
COHFACE_s39_session0_lamp,0,739,24.633333333333333,-0.350727489592131,0.47176233817605656
COHFACE_s39_session0_lamp,0,740,24.666666666666668,0.06243480294774492,0.7373314317876803
COHFACE_s39_session0_lamp,0,741,24.7,0.5291077431996557,0.9389621618738855
COHFACE_s39_session0_lamp,0,742,24.733333333333334,0.9184654892156731,1.0643706124125087
COHFACE_s39_session0_lamp,0,743,24.766666666666666,1.140454100429597,1.1151087784398697
COHFACE_s39_session0_lamp,0,744,24.8,1.1984551681706472,1.0976734733278017
COHFACE_s39_session0_lamp,0,745,24.833333333333332,1.1454032580546543,1.0229244931385466
COHFACE_s39_session0_lamp,0,746,24.866666666666667,1.0277668297648854,0.9041405640829208
COHFACE_s39_session0_lamp,0,747,24.9,0.8727884427159998,0.7571700365258441
COHFACE_s39_session0_lamp,0,748,24.933333333333334,0.7017370476465252,0.5957529594423981
COHFACE_s39_session0_lamp,0,749,24.966666666666665,0.5343997615650292,0.4322049341315338
COHFACE_s39_session0_lamp,0,750,25.0,0.3805751335442538,0.2741238877138131
COHFACE_s39_session0_lamp,0,751,25.033333333333335,0.23926670275201062,0.12539425248659436
COHFACE_s39_session0_lamp,0,752,25.066666666666666,0.10807589850520799,-0.011644367606271994
COHFACE_s39_session0_lamp,0,753,25.1,-0.010826420022204172,-0.1351310283239795
COHFACE_s39_session0_lamp,0,754,25.133333333333333,-0.11187895981352768,-0.24376872128919885
COHFACE_s39_session0_lamp,0,755,25.166666666666668,-0.19037300929323048,-0.3359023945699364
COHFACE_s39_session0_lamp,0,756,25.2,-0.24599508879675644,-0.41502193929307507
COHFACE_s39_session0_lamp,0,757,25.233333333333334,-0.28351281658146976,-0.48893097241046657
COHFACE_s39_session0_lamp,0,758,25.266666666666666,-0.31085785560671453,-0.5619338473341677
COHFACE_s39_session0_lamp,0,759,25.3,-0.33677402302113335,-0.6341254860738725
COHFACE_s39_session0_lamp,0,760,25.333333333333332,-0.36935226332441173,-0.7030944460401182
COHFACE_s39_session0_lamp,0,761,25.366666666666667,-0.4149251064832308,-0.7634404615752883
COHFACE_s39_session0_lamp,0,762,25.4,-0.47678298818796877,-0.8114365928864833
COHFACE_s39_session0_lamp,0,763,25.433333333333334,-0.5540050550579128,-0.8446966100177403
COHFACE_s39_session0_lamp,0,764,25.466666666666665,-0.640836810711174,-0.8555036825491963
COHFACE_s39_session0_lamp,0,765,25.5,-0.7265974733372693,-0.8308153598795249
COHFACE_s39_session0_lamp,0,766,25.533333333333335,-0.7964170197726663,-0.7582613036117329
COHFACE_s39_session0_lamp,0,767,25.566666666666666,-0.8322381598360203,-0.6267235488673051
COHFACE_s39_session0_lamp,0,768,25.6,-0.8131821568994803,-0.4311603202123721
COHFACE_s39_session0_lamp,0,769,25.633333333333333,-0.71559945150543,-0.17376016986820556
COHFACE_s39_session0_lamp,0,770,25.666666666666668,-0.5129696091584741,0.12442262536497527
COHFACE_s39_session0_lamp,0,771,25.7,-0.18405990621379598,0.4221543454501512
COHFACE_s39_session0_lamp,0,772,25.733333333333334,0.24901585416786412,0.6882895654727401
COHFACE_s39_session0_lamp,0,773,25.766666666666666,0.6857724327006608,0.9004612561033063
COHFACE_s39_session0_lamp,0,774,25.8,0.9997785963561554,1.0447269734590865
COHFACE_s39_session0_lamp,0,775,25.833333333333332,1.1361795187639718,1.114389911685692
COHFACE_s39_session0_lamp,0,776,25.866666666666667,1.1269065000588272,1.113035056711795
COHFACE_s39_session0_lamp,0,777,25.9,1.031883085502361,1.053888986314101
COHFACE_s39_session0_lamp,0,778,25.933333333333334,0.8952301787739239,0.949212378599573
COHFACE_s39_session0_lamp,0,779,25.966666666666665,0.7427534383267622,0.8103605408252473
COHFACE_s39_session0_lamp,0,780,26.0,0.5924160421249792,0.6456563173815896
COHFACE_s39_session0_lamp,0,781,26.033333333333335,0.45332267328069525,0.46116320650083886
COHFACE_s39_session0_lamp,0,782,26.066666666666666,0.32289139693303737,0.26808853517671494
COHFACE_s39_session0_lamp,0,783,26.1,0.19458844550121407,0.0838242320957934
COHFACE_s39_session0_lamp,0,784,26.133333333333333,0.06677901312117784,-0.0825422034827583
COHFACE_s39_session0_lamp,0,785,26.166666666666668,-0.055922868045433116,-0.22911168653264902
COHFACE_s39_session0_lamp,0,786,26.2,-0.16681421762544124,-0.3585763332288871
COHFACE_s39_session0_lamp,0,787,26.233333333333334,-0.2619741866463903,-0.47702832885985136
COHFACE_s39_session0_lamp,0,788,26.266666666666666,-0.3421353471486539,-0.5864581911411022
COHFACE_s39_session0_lamp,0,789,26.3,-0.4115041691341733,-0.6837897375452215
COHFACE_s39_session0_lamp,0,790,26.333333333333332,-0.4758128714363495,-0.7672583002667769
COHFACE_s39_session0_lamp,0,791,26.366666666666667,-0.5406930766289,-0.8357185999714207
COHFACE_s39_session0_lamp,0,792,26.4,-0.6100517027676637,-0.8856279343621942
COHFACE_s39_session0_lamp,0,793,26.433333333333334,-0.6837375892109665,-0.9106318052642961
COHFACE_s39_session0_lamp,0,794,26.466666666666665,-0.7558170748552853,-0.8998271325606586
COHFACE_s39_session0_lamp,0,795,26.5,-0.8146018130949435,-0.8378934921302901
COHFACE_s39_session0_lamp,0,796,26.533333333333335,-0.8431971951690846,-0.7124319199089749
COHFACE_s39_session0_lamp,0,797,26.566666666666666,-0.8204387900579316,-0.5147826515078745
COHFACE_s39_session0_lamp,0,798,26.6,-0.7217301849472954,-0.23600942019512755
COHFACE_s39_session0_lamp,0,799,26.633333333333333,-0.5190922057455836,0.1313953993242063
COHFACE_s39_session0_lamp,0,800,26.666666666666668,-0.1905857922630277,0.5331501727998305
COHFACE_s39_session0_lamp,0,801,26.7,0.2398789530565313,0.8520774798789432
COHFACE_s39_session0_lamp,0,802,26.733333333333334,0.6705696253537037,1.0397185424307989
COHFACE_s39_session0_lamp,0,803,26.766666666666666,0.9790617779512232,1.1154093523562778
COHFACE_s39_session0_lamp,0,804,26.8,1.1164910485072612,1.102558908003916
COHFACE_s39_session0_lamp,0,805,26.833333333333332,1.1161462688100723,1.0274087904916425
COHFACE_s39_session0_lamp,0,806,26.866666666666667,1.0334061917483202,0.902822494373035
COHFACE_s39_session0_lamp,0,807,26.9,0.905628668846211,0.7284452980471149
COHFACE_s39_session0_lamp,0,808,26.933333333333334,0.7549139747346106,0.5192200976806551
COHFACE_s39_session0_lamp,0,809,26.966666666666665,0.6003217793919995,0.3062144905579804
COHFACE_s39_session0_lamp,0,810,27.0,0.4532151489926918,0.10782395320867885
COHFACE_s39_session0_lamp,0,811,27.033333333333335,0.3109469779626789,-0.0692114531245256
COHFACE_s39_session0_lamp,0,812,27.066666666666666,0.165595833206634,-0.22823554308270175
COHFACE_s39_session0_lamp,0,813,27.1,0.015213599888639878,-0.3812853998280069
COHFACE_s39_session0_lamp,0,814,27.133333333333333,-0.13441829924536847,-0.5323975238635298
COHFACE_s39_session0_lamp,0,815,27.166666666666668,-0.2746454507604351,-0.6763720520968729
COHFACE_s39_session0_lamp,0,816,27.2,-0.3997883760510711,-0.8054434918972744
COHFACE_s39_session0_lamp,0,817,27.233333333333334,-0.509557587377219,-0.9084606167362657
COHFACE_s39_session0_lamp,0,818,27.266666666666666,-0.6069274055489917,-0.9738877361500977
COHFACE_s39_session0_lamp,0,819,27.3,-0.6952840418802766,-0.9894027313209665
COHFACE_s39_session0_lamp,0,820,27.333333333333332,-0.7764085089161813,-0.9439307107046095
COHFACE_s39_session0_lamp,0,821,27.366666666666667,-0.8478596139147068,-0.8278735538057924
COHFACE_s39_session0_lamp,0,822,27.4,-0.9011476312226472,-0.6414103597148346
COHFACE_s39_session0_lamp,0,823,27.433333333333334,-0.9219949148846224,-0.39536083713957126
COHFACE_s39_session0_lamp,0,824,27.466666666666665,-0.8902770894434741,-0.10722916079589563
COHFACE_s39_session0_lamp,0,825,27.5,-0.7795261646258974,0.1974914915263761
COHFACE_s39_session0_lamp,0,826,27.533333333333335,-0.5587132079850043,0.4962618363930499
COHFACE_s39_session0_lamp,0,827,27.566666666666666,-0.2066303654668263,0.7679170263465731
COHFACE_s39_session0_lamp,0,828,27.6,0.2445118566412939,0.9893756399308229
COHFACE_s39_session0_lamp,0,829,27.633333333333333,0.6854222264218522,1.134323179162682
COHFACE_s39_session0_lamp,0,830,27.666666666666668,0.9984371540957362,1.1909139801754511
COHFACE_s39_session0_lamp,0,831,27.7,1.1445915328387108,1.1610577850312858
COHFACE_s39_session0_lamp,0,832,27.733333333333334,1.1579243982752483,1.054375605533817
COHFACE_s39_session0_lamp,0,833,27.766666666666666,1.08579503575569,0.8881441641904517
COHFACE_s39_session0_lamp,0,834,27.8,0.9583914744932505,0.6829190903899827
COHFACE_s39_session0_lamp,0,835,27.833333333333332,0.7966716153606554,0.46316552096605523
COHFACE_s39_session0_lamp,0,836,27.866666666666667,0.62357695895185,0.24622358569244304
COHFACE_s39_session0_lamp,0,837,27.9,0.45712773073376206,0.04343465894399211
COHFACE_s39_session0_lamp,0,838,27.933333333333334,0.30118819671877883,-0.13803567165135927
COHFACE_s39_session0_lamp,0,839,27.966666666666665,0.15077816969186256,-0.2938885139162478
COHFACE_s39_session0_lamp,0,840,28.0,0.0030468269096896455,-0.42332811047018093
COHFACE_s39_session0_lamp,0,841,28.033333333333335,-0.1389382022159127,-0.5279045993652104
COHFACE_s39_session0_lamp,0,842,28.066666666666666,-0.2697461863892995,-0.6109554999929845
COHFACE_s39_session0_lamp,0,843,28.1,-0.38636714508807635,-0.6767064268615222
COHFACE_s39_session0_lamp,0,844,28.133333333333333,-0.49019715171902706,-0.7301691390557598
COHFACE_s39_session0_lamp,0,845,28.166666666666668,-0.585399063461411,-0.7764909604249242
COHFACE_s39_session0_lamp,0,846,28.2,-0.6757678120560373,-0.816718208846175
COHFACE_s39_session0_lamp,0,847,28.233333333333334,-0.7627975417847774,-0.8474241724480702
COHFACE_s39_session0_lamp,0,848,28.266666666666666,-0.8443407752169294,-0.8615657593771829
COHFACE_s39_session0_lamp,0,849,28.3,-0.9128180938546884,-0.8484841755611301
COHFACE_s39_session0_lamp,0,850,28.333333333333332,-0.9547438660355331,-0.7929853396635496
COHFACE_s39_session0_lamp,0,851,28.366666666666667,-0.9517611717315851,-0.6759153330681207
COHFACE_s39_session0_lamp,0,852,28.4,-0.8808777207925076,-0.4983930233903002
COHFACE_s39_session0_lamp,0,853,28.433333333333334,-0.7136939349553931,-0.28268112331778966
COHFACE_s39_session0_lamp,0,854,28.466666666666665,-0.42044409878198513,-0.04113670962356472
COHFACE_s39_session0_lamp,0,855,28.5,0.00024929178491051376,0.22252354064428953
COHFACE_s39_session0_lamp,0,856,28.533333333333335,0.474513588171612,0.4939675602241625
COHFACE_s39_session0_lamp,0,857,28.566666666666666,0.8739342937890264,0.7466964062552154
COHFACE_s39_session0_lamp,0,858,28.6,1.1132937248609398,0.9555982037542697
COHFACE_s39_session0_lamp,0,859,28.633333333333333,1.1957893564046942,1.095797842938353
COHFACE_s39_session0_lamp,0,860,28.666666666666668,1.1658455813120208,1.1553736687921319
COHFACE_s39_session0_lamp,0,861,28.7,1.0588708049332534,1.1346559362274022
COHFACE_s39_session0_lamp,0,862,28.733333333333334,0.8970280728175768,1.0452803377786009
COHFACE_s39_session0_lamp,0,863,28.766666666666666,0.7064728042111963,0.9099898206955368
COHFACE_s39_session0_lamp,0,864,28.8,0.5178898970977568,0.7462111099628519
COHFACE_s39_session0_lamp,0,865,28.833333333333332,0.3500101105556449,0.5665415164267744
COHFACE_s39_session0_lamp,0,866,28.866666666666667,0.20429212498218505,0.38270853219828654
COHFACE_s39_session0_lamp,0,867,28.9,0.07630055325689447,0.20656675165462748
COHFACE_s39_session0_lamp,0,868,28.933333333333334,-0.033928654002515685,0.046696761730763106
COHFACE_s39_session0_lamp,0,869,28.966666666666665,-0.12191538461143955,-0.09051162451161589
COHFACE_s39_session0_lamp,0,870,29.0,-0.18420201025075714,-0.20383775193098982
COHFACE_s39_session0_lamp,0,871,29.033333333333335,-0.2218605445593947,-0.2962026019489601
COHFACE_s39_session0_lamp,0,872,29.066666666666666,-0.2399978062163018,-0.37060686106981755
COHFACE_s39_session0_lamp,0,873,29.1,-0.2458943865631842,-0.4293026902093071
COHFACE_s39_session0_lamp,0,874,29.133333333333333,-0.24796476015919508,-0.4761342274650685
COHFACE_s39_session0_lamp,0,875,29.166666666666668,-0.2548919531956814,-0.5159363753037742
COHFACE_s39_session0_lamp,0,876,29.2,-0.27429947020542017,-0.5550564318321591
COHFACE_s39_session0_lamp,0,877,29.233333333333334,-0.3116531189910154,-0.6008352183840551
COHFACE_s39_session0_lamp,0,878,29.266666666666666,-0.36976271959605844,-0.6539694149294676
COHFACE_s39_session0_lamp,0,879,29.3,-0.448184335584775,-0.7081383652211616
COHFACE_s39_session0_lamp,0,880,29.333333333333332,-0.5425876066284052,-0.7565507828899476
COHFACE_s39_session0_lamp,0,881,29.366666666666667,-0.6450208526050025,-0.7917564780142097
COHFACE_s39_session0_lamp,0,882,29.4,-0.7444065131432591,-0.8046387614243439
COHFACE_s39_session0_lamp,0,883,29.433333333333334,-0.8265562932423789,-0.7844584032402898
COHFACE_s39_session0_lamp,0,884,29.466666666666665,-0.8740934037870081,-0.7157309336627591
COHFACE_s39_session0_lamp,0,885,29.5,-0.8662325696699067,-0.5788764165078487
COHFACE_s39_session0_lamp,0,886,29.533333333333335,-0.778149518036092,-0.3736518968959035
COHFACE_s39_session0_lamp,0,887,29.566666666666666,-0.5802323917404546,-0.12021600699415103
COHFACE_s39_session0_lamp,0,888,29.6,-0.2458590115430139,0.15933054811635608
COHFACE_s39_session0_lamp,0,889,29.633333333333333,0.20885876797062186,0.4396814059148472
COHFACE_s39_session0_lamp,0,890,29.666666666666668,0.6842767666791568,0.6958946226187314
COHFACE_s39_session0_lamp,0,891,29.7,1.0469757965155402,0.9020228726428935
COHFACE_s39_session0_lamp,0,892,29.733333333333334,1.2328499308201888,1.0447189590002255
COHFACE_s39_session0_lamp,0,893,29.766666666666666,1.266047242113772,1.1220802960104823
COHFACE_s39_session0_lamp,0,894,29.8,1.1976621896133413,1.1344338016443736
COHFACE_s39_session0_lamp,0,895,29.833333333333332,1.0623679350045552,1.0837348482704323
COHFACE_s39_session0_lamp,0,896,29.866666666666667,0.8823893120004567,0.9771103346614196
COHFACE_s39_session0_lamp,0,897,29.9,0.6838031280814557,0.8270102563491847
COHFACE_s39_session0_lamp,0,898,29.933333333333334,0.49275217328978094,0.6493118890377738
COHFACE_s39_session0_lamp,0,899,29.966666666666665,0.321736555254225,0.4639627427788554
COHFACE_s39_session0_lamp,0,900,30.0,0.17058661835961808,0.2851071606702585
COHFACE_s39_session0_lamp,0,901,30.033333333333335,0.037739180087165716,0.12205858643704602
COHFACE_s39_session0_lamp,0,902,30.066666666666666,-0.07415655938039185,-0.019439976368692352
COHFACE_s39_session0_lamp,0,903,30.1,-0.16013901597104996,-0.13614276847767923
COHFACE_s39_session0_lamp,0,904,30.133333333333333,-0.21732900086818935,-0.23174586547486437
COHFACE_s39_session0_lamp,0,905,30.166666666666668,-0.24801346530637852,-0.31586587789609766
COHFACE_s39_session0_lamp,0,906,30.2,-0.25926552813042936,-0.3952904245283928
COHFACE_s39_session0_lamp,0,907,30.233333333333334,-0.26040082789732466,-0.47310415562231456
COHFACE_s39_session0_lamp,0,908,30.266666666666666,-0.2608480232503214,-0.5511386515145982
COHFACE_s39_session0_lamp,0,909,30.3,-0.268856817122463,-0.6292998332175046
COHFACE_s39_session0_lamp,0,910,30.333333333333332,-0.2908772417884575,-0.7072226404921877
COHFACE_s39_session0_lamp,0,911,30.366666666666667,-0.33123057881708867,-0.7836812921810685
COHFACE_s39_session0_lamp,0,912,30.4,-0.39139412881858526,-0.8544114620400283
COHFACE_s39_session0_lamp,0,913,30.433333333333334,-0.4695470935204376,-0.9116728792950506
COHFACE_s39_session0_lamp,0,914,30.466666666666665,-0.5608363329095308,-0.9437412153538296
COHFACE_s39_session0_lamp,0,915,30.5,-0.6574947704811598,-0.9348529920662577
COHFACE_s39_session0_lamp,0,916,30.533333333333335,-0.7484752112955186,-0.870250833842204
COHFACE_s39_session0_lamp,0,917,30.566666666666666,-0.8193597923814335,-0.7367172995981007
COHFACE_s39_session0_lamp,0,918,30.6,-0.8525769723404757,-0.5279514218705722
COHFACE_s39_session0_lamp,0,919,30.633333333333333,-0.8270250368962543,-0.2457729302884026
COHFACE_s39_session0_lamp,0,920,30.666666666666668,-0.717379693463694,0.08728666410489357
COHFACE_s39_session0_lamp,0,921,30.7,-0.4943232603575521,0.4265348307751076
COHFACE_s39_session0_lamp,0,922,30.733333333333334,-0.13758211376763285,0.7344612284718851
COHFACE_s39_session0_lamp,0,923,30.766666666666666,0.3191605490749002,0.9793129419289633
COHFACE_s39_session0_lamp,0,924,30.8,0.7628508719264884,1.1418449604925716
COHFACE_s39_session0_lamp,0,925,30.833333333333332,1.0717750238578991,1.2140598275492211
COHFACE_s39_session0_lamp,0,926,30.866666666666667,1.2061229863565166,1.2005196578316202
COHFACE_s39_session0_lamp,0,927,30.9,1.2026450941225564,1.1176611728123438
COHFACE_s39_session0_lamp,0,928,30.933333333333334,1.1126993445017987,0.983703160336606
COHFACE_s39_session0_lamp,0,929,30.966666666666665,0.9698467947435969,0.8187093262608514
COHFACE_s39_session0_lamp,0,930,31.0,0.7971460256696905,0.6355731761537505
COHFACE_s39_session0_lamp,0,931,31.033333333333335,0.6183383807878917,0.4408536792580262
COHFACE_s39_session0_lamp,0,932,31.066666666666666,0.4515488052859082,0.2469722439014176
COHFACE_s39_session0_lamp,0,933,31.1,0.300888409097962,0.07330176658092363
COHFACE_s39_session0_lamp,0,934,31.133333333333333,0.16274947605529644,-0.06895297080751149
COHFACE_s39_session0_lamp,0,935,31.166666666666668,0.036604307913206124,-0.175763065002565
COHFACE_s39_session0_lamp,0,936,31.2,-0.0728735861805441,-0.25166104126686734
COHFACE_s39_session0_lamp,0,937,31.233333333333334,-0.1600546781165496,-0.30876539605923436
COHFACE_s39_session0_lamp,0,938,31.266666666666666,-0.22266207136512237,-0.3579221210158656
COHFACE_s39_session0_lamp,0,939,31.3,-0.26340523629469725,-0.40790526888541623
COHFACE_s39_session0_lamp,0,940,31.333333333333332,-0.288926939932267,-0.4618642541522712
COHFACE_s39_session0_lamp,0,941,31.366666666666667,-0.30790904090090493,-0.5168089247402157
COHFACE_s39_session0_lamp,0,942,31.4,-0.3293485884023415,-0.5721960439616767
COHFACE_s39_session0_lamp,0,943,31.433333333333334,-0.36085742454232084,-0.6295052482566592
COHFACE_s39_session0_lamp,0,944,31.466666666666665,-0.40739237757978913,-0.6844374923208184
COHFACE_s39_session0_lamp,0,945,31.5,-0.4705781582730116,-0.7266081397702135
COHFACE_s39_session0_lamp,0,946,31.533333333333335,-0.5483445490488188,-0.7466183670702978
COHFACE_s39_session0_lamp,0,947,31.566666666666666,-0.6346048987053042,-0.7360322695574391
COHFACE_s39_session0_lamp,0,948,31.6,-0.7191657521204317,-0.686499886043884
COHFACE_s39_session0_lamp,0,949,31.633333333333333,-0.7883111848566794,-0.5901100128394603
COHFACE_s39_session0_lamp,0,950,31.666666666666668,-0.8254049224491843,-0.440507828040583
COHFACE_s39_session0_lamp,0,951,31.7,-0.8105470470410728,-0.23382868899208828
COHFACE_s39_session0_lamp,0,952,31.733333333333334,-0.7199850320163845,0.016656950787214762
COHFACE_s39_session0_lamp,0,953,31.766666666666666,-0.526438777181446,0.2793684472847593
COHFACE_s39_session0_lamp,0,954,31.8,-0.20695988520245046,0.5143337114057537
COHFACE_s39_session0_lamp,0,955,31.833333333333332,0.22076624057907307,0.6723744589300269
COHFACE_s39_session0_lamp,0,956,31.866666666666667,0.6614841545523804,0.731158042622196
COHFACE_s39_session0_lamp,0,957,31.9,0.9888138019916142,0.6946264009393633
COHFACE_s39_session0_lamp,0,958,31.933333333333334,1.1418414077436339,0.5714345050666719
COHFACE_s39_session0_lamp,0,959,31.966666666666665,1.146368647375061,0.37489072953727287
COHFACE_s39_session0_lamp,0,960,32.0,1.0597799942126112,0.1634592259417709
COHFACE_s39_session0_lamp,0,961,32.03333333333333,0.9258065611164015,0.040428043041139276
COHFACE_s39_session0_lamp,0,962,32.06666666666667,0.7708866883565999,0.035691930670106044
COHFACE_s39_session0_lamp,0,963,32.1,0.6150766779048709,0.10573685691216442
COHFACE_s39_session0_lamp,0,964,32.13333333333333,0.4702848055482087,0.2189165749961293
COHFACE_s39_session0_lamp,0,965,32.166666666666664,0.3355024315669661,0.35584856254293806
COHFACE_s39_session0_lamp,0,966,32.2,0.2041125638186078,0.4871603116094916
COHFACE_s39_session0_lamp,0,967,32.233333333333334,0.07395508758994607,0.5733624908253323
COHFACE_s39_session0_lamp,0,968,32.266666666666666,-0.05045873611162499,0.5952586091869366
COHFACE_s39_session0_lamp,0,969,32.3,-0.16216912819818763,0.5539087251277318
COHFACE_s39_session0_lamp,0,970,32.333333333333336,-0.25705087985313596,0.45294714900342725
COHFACE_s39_session0_lamp,0,971,32.36666666666667,-0.335834332343022,0.29881893971327234
COHFACE_s39_session0_lamp,0,972,32.4,-0.40276053251303734,0.10625144077401485
COHFACE_s39_session0_lamp,0,973,32.43333333333333,-0.46369517982881303,-0.10100979991392159
COHFACE_s39_session0_lamp,0,974,32.46666666666667,-0.5248563158487682,-0.3061501634154718
COHFACE_s39_session0_lamp,0,975,32.5,-0.5910194599833176,-0.49822578625877867
COHFACE_s39_session0_lamp,0,976,32.53333333333333,-0.6629150422365684,-0.6666776630916981
COHFACE_s39_session0_lamp,0,977,32.56666666666667,-0.7355651129988382,-0.800204149469736
COHFACE_s39_session0_lamp,0,978,32.6,-0.7981581925232433,-0.8893942259030617
COHFACE_s39_session0_lamp,0,979,32.63333333333333,-0.8347453136174083,-0.9259972424720506
COHFACE_s39_session0_lamp,0,980,32.666666666666664,-0.8253422457785375,-0.9015204621937014
COHFACE_s39_session0_lamp,0,981,32.7,-0.746694380531785,-0.8071817528893809
COHFACE_s39_session0_lamp,0,982,32.733333333333334,-0.5721711197839366,-0.6462261703635931
COHFACE_s39_session0_lamp,0,983,32.766666666666666,-0.2767964749186623,-0.43449418709707943
COHFACE_s39_session0_lamp,0,984,32.8,0.13125950747934803,-0.18691635396766573
COHFACE_s39_session0_lamp,0,985,32.833333333333336,0.5698016298113034,0.08140167254349553
COHFACE_s39_session0_lamp,0,986,32.86666666666667,0.9147167940470109,0.3498586360232559
COHFACE_s39_session0_lamp,0,987,32.9,1.0947971258878149,0.5910242472422345
COHFACE_s39_session0_lamp,0,988,32.93333333333333,1.1256034418129257,0.7809471312100692
COHFACE_s39_session0_lamp,0,989,32.96666666666667,1.0603447840217457,0.898113236202613
COHFACE_s39_session0_lamp,0,990,33.0,0.9416000301540595,0.9380488240906262
COHFACE_s39_session0_lamp,0,991,33.03333333333333,0.7947968153985435,0.912613281205964
COHFACE_s39_session0_lamp,0,992,33.06666666666667,0.63985776788698,0.8340135025317222
COHFACE_s39_session0_lamp,0,993,33.1,0.490373694675291,0.7146486371815692
COHFACE_s39_session0_lamp,0,994,33.13333333333333,0.346716151169344,0.5643168764071207
COHFACE_s39_session0_lamp,0,995,33.166666666666664,0.20179549785843887,0.3908133454281634
COHFACE_s39_session0_lamp,0,996,33.2,0.052042235582527324,0.20258932314517913
COHFACE_s39_session0_lamp,0,997,33.233333333333334,-0.09947971607968022,0.00978386114534327
COHFACE_s39_session0_lamp,0,998,33.266666666666666,-0.245874845854455,-0.181621443382387
COHFACE_s39_session0_lamp,0,999,33.3,-0.38045115921412687,-0.36856103242840044
COHFACE_s39_session0_lamp,0,1000,33.333333333333336,-0.5002081079510259,-0.5442446619510006
COHFACE_s39_session0_lamp,0,1001,33.36666666666667,-0.6062149942806065,-0.6969890416612077
COHFACE_s39_session0_lamp,0,1002,33.4,-0.7011113295323904,-0.8200345364460033
COHFACE_s39_session0_lamp,0,1003,33.43333333333333,-0.7863308857977802,-0.9106363422598811
COHFACE_s39_session0_lamp,0,1004,33.46666666666667,-0.8596471487247404,-0.9683170916481658
COHFACE_s39_session0_lamp,0,1005,33.5,-0.9133177681942202,-0.9942432285274305
COHFACE_s39_session0_lamp,0,1006,33.53333333333333,-0.9336461910752896,-0.9813912086236648
COHFACE_s39_session0_lamp,0,1007,33.56666666666667,-0.9013100854256917,-0.9145986923505667
COHFACE_s39_session0_lamp,0,1008,33.6,-0.7911931632597436,-0.7815760607384113
COHFACE_s39_session0_lamp,0,1009,33.63333333333333,-0.5733694123714344,-0.5737939448615242
COHFACE_s39_session0_lamp,0,1010,33.666666666666664,-0.22722651875564623,-0.3002337641531628
COHFACE_s39_session0_lamp,0,1011,33.7,0.21640190073758367,0.01131394114920034
COHFACE_s39_session0_lamp,0,1012,33.733333333333334,0.6532454636792798,0.33337800576204973
COHFACE_s39_session0_lamp,0,1013,33.766666666666666,0.9704427904732044,0.6372943355736918
COHFACE_s39_session0_lamp,0,1014,33.8,1.1280712723151416,0.9020036303360308
COHFACE_s39_session0_lamp,0,1015,33.833333333333336,1.1547302796179306,1.1124175741211253
COHFACE_s39_session0_lamp,0,1016,33.86666666666667,1.0928035215964778,1.2558351116140851
COHFACE_s39_session0_lamp,0,1017,33.9,0.9703672887306429,1.3207570345059358
COHFACE_s39_session0_lamp,0,1018,33.93333333333333,0.8092312819328282,1.3039706914371583
COHFACE_s39_session0_lamp,0,1019,33.96666666666667,0.6348396109475286,1.2101603188658587
COHFACE_s39_session0_lamp,0,1020,34.0,0.46752605376564543,1.049887859408365
COHFACE_s39_session0_lamp,0,1021,34.03333333333333,0.3124720674847628,0.8399728008924983
COHFACE_s39_session0_lamp,0,1022,34.06666666666667,0.16491140734224022,0.5985845118216555
COHFACE_s39_session0_lamp,0,1023,34.1,0.02112186294579195,0.3462605541072204
COHFACE_s39_session0_lamp,0,1024,34.13333333333333,-0.11699094027632632,0.09467714730294258
COHFACE_s39_session0_lamp,0,1025,34.166666666666664,-0.2445840408380286,-0.15182419969868247
COHFACE_s39_session0_lamp,0,1026,34.2,-0.3587180593049826,-0.3908224180910483
COHFACE_s39_session0_lamp,0,1027,34.233333333333334,-0.46043834559318264,-0.6200597420945977
COHFACE_s39_session0_lamp,0,1028,34.266666666666666,-0.5535271820292638,-0.8336556484646498
COHFACE_s39_session0_lamp,0,1029,34.3,-0.642087033983704,-1.0205804807546028
COHFACE_s39_session0_lamp,0,1030,34.333333333333336,-0.7282846478545038,-1.1716439422670917
COHFACE_s39_session0_lamp,0,1031,34.36666666666667,-0.8107325518690399,-1.2783863706159406
COHFACE_s39_session0_lamp,0,1032,34.4,-0.8835406031539229,-1.3330428401191385
COHFACE_s39_session0_lamp,0,1033,34.43333333333333,-0.9354615329533527,-1.327995190771877
COHFACE_s39_session0_lamp,0,1034,34.46666666666667,-0.9494536638711462,-1.256231105279844
COHFACE_s39_session0_lamp,0,1035,34.5,-0.903433009471498,-1.1116056820571678
COHFACE_s39_session0_lamp,0,1036,34.53333333333333,-0.7705961637934539,-0.8925542556379656
COHFACE_s39_session0_lamp,0,1037,34.56666666666667,-0.5207386407548502,-0.6032242739339042
COHFACE_s39_session0_lamp,0,1038,34.6,-0.13934860298803808,-0.25275533057638216
COHFACE_s39_session0_lamp,0,1039,34.63333333333333,0.3261028355752629,0.14284209988414728
COHFACE_s39_session0_lamp,0,1040,34.666666666666664,0.7580555681489005,0.5482570760217156
COHFACE_s39_session0_lamp,0,1041,34.7,1.0503955251936203,0.9069863399792468
COHFACE_s39_session0_lamp,0,1042,34.733333333333334,1.1802717112588186,1.1831177589386943
COHFACE_s39_session0_lamp,0,1043,34.766666666666666,1.184525095643426,1.359728510513838
COHFACE_s39_session0_lamp,0,1044,34.8,1.1032384539434275,1.4316400407288743
COHFACE_s39_session0_lamp,0,1045,34.833333333333336,0.9617090380846002,1.4042570246007298
COHFACE_s39_session0_lamp,0,1046,34.86666666666667,0.7837586894935988,1.2909737179648992
COHFACE_s39_session0_lamp,0,1047,34.9,0.5980859777687371,1.1129694123197271
COHFACE_s39_session0_lamp,0,1048,34.93333333333333,0.426101574097795,0.8898876329802748
COHFACE_s39_session0_lamp,0,1049,34.96666666666667,0.27342684170373993,0.6405637312786655
COHFACE_s39_session0_lamp,0,1050,35.0,0.13732254126979576,0.3855841113418954
COHFACE_s39_session0_lamp,0,1051,35.03333333333333,0.01682104589317028,0.1485278205876121
COHFACE_s39_session0_lamp,0,1052,35.06666666666667,-0.08504741007799149,-0.0539312673468714
COHFACE_s39_session0_lamp,0,1053,35.1,-0.16450466746345363,-0.21073550202471708
COHFACE_s39_session0_lamp,0,1054,35.13333333333333,-0.22087250932571664,-0.3222381539684266
COHFACE_s39_session0_lamp,0,1055,35.166666666666664,-0.2579289065573246,-0.3989870257610841
COHFACE_s39_session0_lamp,0,1056,35.2,-0.28276951958973084,-0.45332964775165613
COHFACE_s39_session0_lamp,0,1057,35.233333333333334,-0.3040548794038542,-0.4984246906360692
COHFACE_s39_session0_lamp,0,1058,35.266666666666666,-0.330362677458069,-0.5426671953580785
COHFACE_s39_session0_lamp,0,1059,35.3,-0.36891828362412915,-0.5890513734706679
COHFACE_s39_session0_lamp,0,1060,35.333333333333336,-0.42435566318490053,-0.6382201124729905
COHFACE_s39_session0_lamp,0,1061,35.36666666666667,-0.49759344376965464,-0.68806160555692
COHFACE_s39_session0_lamp,0,1062,35.4,-0.5856277792942467,-0.7372249906265039
COHFACE_s39_session0_lamp,0,1063,35.43333333333333,-0.6814627893211661,-0.7847755384993892
COHFACE_s39_session0_lamp,0,1064,35.46666666666667,-0.7739932344321766,-0.82206929132332
COHFACE_s39_session0_lamp,0,1065,35.5,-0.8484176419261086,-0.8326633184201448
COHFACE_s39_session0_lamp,0,1066,35.53333333333333,-0.8866617922567069,-0.8025495510615238
COHFACE_s39_session0_lamp,0,1067,35.56666666666667,-0.8673874886597962,-0.7205116602890862
COHFACE_s39_session0_lamp,0,1068,35.6,-0.765359915060733,-0.5794429775042746
COHFACE_s39_session0_lamp,0,1069,35.63333333333333,-0.5512384939977663,-0.377190284656053
COHFACE_s39_session0_lamp,0,1070,35.666666666666664,-0.20197452780754838,-0.12117423909469055
COHFACE_s39_session0_lamp,0,1071,35.7,0.25746586994218074,0.17031083232575858
COHFACE_s39_session0_lamp,0,1072,35.733333333333334,0.7209829258585417,0.472035874688923
COHFACE_s39_session0_lamp,0,1073,35.766666666666666,1.0611283905895288,0.7504090462675691
COHFACE_s39_session0_lamp,0,1074,35.8,1.2256988072804513,0.9811535557044808
COHFACE_s39_session0_lamp,0,1075,35.833333333333336,1.2445403393456491,1.1479559417531686
COHFACE_s39_session0_lamp,0,1076,35.86666666666667,1.1683373959275067,1.2349527504715652
COHFACE_s39_session0_lamp,0,1077,35.9,1.031126125641539,1.2259557650406396
COHFACE_s39_session0_lamp,0,1078,35.93333333333333,0.8562386370395699,1.1248342775815354
COHFACE_s39_session0_lamp,0,1079,35.96666666666667,0.6691411972380361,0.955457841219979
COHFACE_s39_session0_lamp,0,1080,36.0,0.4913149162177368,0.7462253447221796
COHFACE_s39_session0_lamp,0,1081,36.03333333333333,0.3302585533442294,0.5304782585268666
COHFACE_s39_session0_lamp,0,1082,36.06666666666667,0.18394567272296836,0.3256518752712795
COHFACE_s39_session0_lamp,0,1083,36.1,0.05136406217038056,0.13436132045375476
COHFACE_s39_session0_lamp,0,1084,36.13333333333333,-0.06386307267202246,-0.03955005089535174
COHFACE_s39_session0_lamp,0,1085,36.166666666666664,-0.1566182780989962,-0.18969108646693805
COHFACE_s39_session0_lamp,0,1086,36.2,-0.22451022142068217,-0.3158862045916075
COHFACE_s39_session0_lamp,0,1087,36.233333333333334,-0.269895021660995,-0.42303777419443395
COHFACE_s39_session0_lamp,0,1088,36.266666666666666,-0.29941945118778535,-0.5138919118194164
COHFACE_s39_session0_lamp,0,1089,36.3,-0.32211702687576804,-0.5881282213009668
COHFACE_s39_session0_lamp,0,1090,36.333333333333336,-0.3469507906317165,-0.6448761679379447
COHFACE_s39_session0_lamp,0,1091,36.36666666666667,-0.3811711238017384,-0.682158148483302
COHFACE_s39_session0_lamp,0,1092,36.4,-0.4298970917333331,-0.704444131897576
COHFACE_s39_session0_lamp,0,1093,36.43333333333333,-0.49526106407464066,-0.7222265588925993
COHFACE_s39_session0_lamp,0,1094,36.46666666666667,-0.5750627427895437,-0.7387801694741563
COHFACE_s39_session0_lamp,0,1095,36.5,-0.6627140561915104,-0.7499364446280672
COHFACE_s39_session0_lamp,0,1096,36.53333333333333,-0.7481128873905053,-0.7430927126975417
COHFACE_s39_session0_lamp,0,1097,36.56666666666667,-0.817713778918553,-0.6975176833017046
COHFACE_s39_session0_lamp,0,1098,36.6,-0.8542957647006421,-0.6050371118891752
COHFACE_s39_session0_lamp,0,1099,36.63333333333333,-0.8370839294772786,-0.47064143133629355
COHFACE_s39_session0_lamp,0,1100,36.666666666666664,-0.7417077205334808,-0.29507601607940714
COHFACE_s39_session0_lamp,0,1101,36.7,-0.5404331371163933,-0.07584483653613788
COHFACE_s39_session0_lamp,0,1102,36.733333333333334,-0.21004192045787903,0.18352822302278315
COHFACE_s39_session0_lamp,0,1103,36.766666666666666,0.23062577934514472,0.4719606456517347
COHFACE_s39_session0_lamp,0,1104,36.8,0.6828723752598577,0.7561499950669521
COHFACE_s39_session0_lamp,0,1105,36.833333333333336,1.017475823172892,0.9794004345999816
COHFACE_s39_session0_lamp,0,1106,36.86666666666667,1.174354797056304,1.115050795670753
COHFACE_s39_session0_lamp,0,1107,36.9,1.18166388468839,1.1655896948181577
COHFACE_s39_session0_lamp,0,1108,36.93333333333333,1.0970716528344886,1.138284644726256
COHFACE_s39_session0_lamp,0,1109,36.96666666666667,0.9625545663272516,1.0445770531198812
COHFACE_s39_session0_lamp,0,1110,37.0,0.8031864080861644,0.8877913904201639
COHFACE_s39_session0_lamp,0,1111,37.03333333333333,0.6397958069173499,0.6636998263984739
COHFACE_s39_session0_lamp,0,1112,37.06666666666667,0.48658670608876475,0.3911831405266941
COHFACE_s39_session0_lamp,0,1113,37.1,0.34449168048724493,0.11330195088244509
COHFACE_s39_session0_lamp,0,1114,37.13333333333333,0.20793946203279098,-0.14198211086981127
COHFACE_s39_session0_lamp,0,1115,37.166666666666664,0.07551762355499925,-0.36059687608783064
COHFACE_s39_session0_lamp,0,1116,37.2,-0.04802536028267525,-0.5352135016495746
COHFACE_s39_session0_lamp,0,1117,37.233333333333334,-0.15635356204642392,-0.6638611920186595
COHFACE_s39_session0_lamp,0,1118,37.266666666666666,-0.24585497172774612,-0.7383438993614095
COHFACE_s39_session0_lamp,0,1119,37.3,-0.31710545766834936,-0.743527499994399
COHFACE_s39_session0_lamp,0,1120,37.333333333333336,-0.37482638222165227,-0.702805384148605
COHFACE_s39_session0_lamp,0,1121,37.36666666666667,-0.4263735316925781,-0.6773705467311313
COHFACE_s39_session0_lamp,0,1122,37.4,-0.4793379850741451,-0.6847968173728737
COHFACE_s39_session0_lamp,0,1123,37.43333333333333,-0.5397906554425479,-0.6987129193907063
COHFACE_s39_session0_lamp,0,1124,37.46666666666667,-0.610093839755764,-0.6917723266344078
COHFACE_s39_session0_lamp,0,1125,37.5,-0.6872689572745962,-0.6363553425585656
COHFACE_s39_session0_lamp,0,1126,37.53333333333333,-0.7632444850557314,-0.5208533593370439
COHFACE_s39_session0_lamp,0,1127,37.56666666666667,-0.824904579470999,-0.350427430886248
COHFACE_s39_session0_lamp,0,1128,37.6,-0.8543591288107907,-0.135815916817907
COHFACE_s39_session0_lamp,0,1129,37.63333333333333,-0.8300404688644261,0.10571966815828394
COHFACE_s39_session0_lamp,0,1130,37.666666666666664,-0.7270514528545517,0.35568549688244133
COHFACE_s39_session0_lamp,0,1131,37.7,-0.517436940163313,0.5931247164746916
COHFACE_s39_session0_lamp,0,1132,37.733333333333334,-0.1800373555846104,0.7974441402458878
COHFACE_s39_session0_lamp,0,1133,37.766666666666666,0.2590145166096366,0.947283399145519
COHFACE_s39_session0_lamp,0,1134,37.8,0.6947067750557309,1.0314218617164883
COHFACE_s39_session0_lamp,0,1135,37.833333333333336,1.0034310071489783,1.0480230615414945
COHFACE_s39_session0_lamp,0,1136,37.86666666666667,1.1377845707122494,0.9991190101932707
COHFACE_s39_session0_lamp,0,1137,37.9,1.132694305222424,0.8904497381364117
COHFACE_s39_session0_lamp,0,1138,37.93333333333333,1.0448115578077213,0.7353842041398264
COHFACE_s39_session0_lamp,0,1139,37.96666666666667,0.9129548036895259,0.5553535448731818
COHFACE_s39_session0_lamp,0,1140,38.0,0.7606205004812496,0.3654817890997139
COHFACE_s39_session0_lamp,0,1141,38.03333333333333,0.6073697782656234,0.1754986960434028
COHFACE_s39_session0_lamp,0,1142,38.06666666666667,0.4642261021306864,-0.0071674201731605075
COHFACE_s39_session0_lamp,0,1143,38.1,0.32842291450378597,-0.17617264118719128
COHFACE_s39_session0_lamp,0,1144,38.13333333333333,0.19228938605969517,-0.32873945369375007
COHFACE_s39_session0_lamp,0,1145,38.166666666666664,0.05377758693383822,-0.46445485076702675
COHFACE_s39_session0_lamp,0,1146,38.2,-0.08186935378316285,-0.5848016536089817
COHFACE_s39_session0_lamp,0,1147,38.233333333333334,-0.2068422574309058,-0.6920819344587089
COHFACE_s39_session0_lamp,0,1148,38.266666666666666,-0.3164431624543693,-0.7857679739168507
COHFACE_s39_session0_lamp,0,1149,38.3,-0.41123170249203733,-0.8617065075361087
COHFACE_s39_session0_lamp,0,1150,38.333333333333336,-0.49560746256499244,-0.9182381429553242
COHFACE_s39_session0_lamp,0,1151,38.36666666666667,-0.5753581348693587,-0.9556849797729403
COHFACE_s39_session0_lamp,0,1152,38.4,-0.6552738461102691,-0.9705436076186115
COHFACE_s39_session0_lamp,0,1153,38.43333333333333,-0.7368513615099842,-0.9553311095057647
COHFACE_s39_session0_lamp,0,1154,38.46666666666667,-0.816336217104802,-0.8977975393307633
COHFACE_s39_session0_lamp,0,1155,38.5,-0.88354678926353,-0.7814293844930119
COHFACE_s39_session0_lamp,0,1156,38.53333333333333,-0.9217445782394269,-0.5944129591775408
COHFACE_s39_session0_lamp,0,1157,38.56666666666667,-0.9086526447779905,-0.3308722871371993
COHFACE_s39_session0_lamp,0,1158,38.6,-0.8179698708152663,-0.005146975840707925
COHFACE_s39_session0_lamp,0,1159,38.63333333333333,-0.6203228732663673,0.34665660498556067
COHFACE_s39_session0_lamp,0,1160,38.666666666666664,-0.29043818118973036,0.6836817228615579
COHFACE_s39_session0_lamp,0,1161,38.7,0.15606249893524743,0.9589017612680553
COHFACE_s39_session0_lamp,0,1162,38.733333333333334,0.62300920639746,1.1472800216684267
COHFACE_s39_session0_lamp,0,1163,38.766666666666666,0.979988089962809,1.2444559164182891
COHFACE_s39_session0_lamp,0,1164,38.8,1.162599287704721,1.254285066578158
COHFACE_s39_session0_lamp,0,1165,38.833333333333336,1.1945722131377947,1.187991996301083
COHFACE_s39_session0_lamp,0,1166,38.86666666666667,1.1300029833037408,1.0612141041463325
COHFACE_s39_session0_lamp,0,1167,38.9,1.0073538191398976,0.8940156300333824
COHFACE_s39_session0_lamp,0,1168,38.93333333333333,0.8488727877177731,0.7047130318188383
COHFACE_s39_session0_lamp,0,1169,38.96666666666667,0.6764013715528822,0.5105652690009277
COHFACE_s39_session0_lamp,0,1170,39.0,0.5103814922315557,0.32233442420451747
COHFACE_s39_session0_lamp,0,1171,39.03333333333333,0.35827464634502193,0.14541313644972242
COHFACE_s39_session0_lamp,0,1172,39.06666666666667,0.21551916282460412,-0.01762955006827363
COHFACE_s39_session0_lamp,0,1173,39.1,0.0768361934783895,-0.1657898990979294
COHFACE_s39_session0_lamp,0,1174,39.13333333333333,-0.05724437408923007,-0.29767465260182835
COHFACE_s39_session0_lamp,0,1175,39.166666666666664,-0.1818422513946451,-0.4104073297080788
COHFACE_s39_session0_lamp,0,1176,39.2,-0.2921843633308919,-0.5056906839971798
COHFACE_s39_session0_lamp,0,1177,39.233333333333334,-0.3873347841118834,-0.5888813819826212
COHFACE_s39_session0_lamp,0,1178,39.266666666666666,-0.4710464639780879,-0.6631171464946392
COHFACE_s39_session0_lamp,0,1179,39.3,-0.5496106722595393,-0.7285759246028277
COHFACE_s39_session0_lamp,0,1180,39.333333333333336,-0.6288909523022983,-0.7849400771416909
COHFACE_s39_session0_lamp,0,1181,39.36666666666667,-0.7122979751512161,-0.8309044804175366
COHFACE_s39_session0_lamp,0,1182,39.4,-0.7991898499557339,-0.8649207057384247
COHFACE_s39_session0_lamp,0,1183,39.43333333333333,-0.8829922010744438,-0.8849075003722475
COHFACE_s39_session0_lamp,0,1184,39.46666666666667,-0.9502629304455935,-0.8815420680932285
COHFACE_s39_session0_lamp,0,1185,39.5,-0.9814785849402159,-0.8384087624736167
COHFACE_s39_session0_lamp,0,1186,39.53333333333333,-0.95232737729687,-0.7374558628868738
COHFACE_s39_session0_lamp,0,1187,39.56666666666667,-0.8344988946961551,-0.5598725940914117
COHFACE_s39_session0_lamp,0,1188,39.6,-0.5963797479661334,-0.30711955221622883
COHFACE_s39_session0_lamp,0,1189,39.63333333333333,-0.21579419377227463,-0.0022239347780587115
COHFACE_s39_session0_lamp,0,1190,39.666666666666664,0.27394151061862404,0.3196385928217811
COHFACE_s39_session0_lamp,0,1191,39.7,0.7555139951782466,0.6099014161560394
COHFACE_s39_session0_lamp,0,1192,39.733333333333334,1.099145003010043,0.8423584667053235
COHFACE_s39_session0_lamp,0,1193,39.766666666666666,1.259009696063619,1.0117738419006825
COHFACE_s39_session0_lamp,0,1194,39.8,1.2706665933452908,1.114749361131163
COHFACE_s39_session0_lamp,0,1195,39.833333333333336,1.186724801991461,1.1485598026023853
COHFACE_s39_session0_lamp,0,1196,39.86666666666667,1.0414407935316268,1.1171308893485978
COHFACE_s39_session0_lamp,0,1197,39.9,0.857936440433999,1.0306601782647649
COHFACE_s39_session0_lamp,0,1198,39.93333333333333,0.6624996729740376,0.9025505967043992
COHFACE_s39_session0_lamp,0,1199,39.96666666666667,0.4792525445345372,0.7496489585612364
COHFACE_s39_session0_lamp,0,1200,40.0,0.31786555127576493,0.5822754881977744
COHFACE_s39_session0_lamp,0,1201,40.03333333333333,0.1752623251465687,0.40505470294488777
COHFACE_s39_session0_lamp,0,1202,40.06666666666667,0.04673041893072992,0.22545374571102106
COHFACE_s39_session0_lamp,0,1203,40.1,-0.06684050498680598,0.05489142569122962
COHFACE_s39_session0_lamp,0,1204,40.13333333333333,-0.1605372284648154,-0.09979935011944627
COHFACE_s39_session0_lamp,0,1205,40.166666666666664,-0.23140289951619544,-0.23527954975935844
COHFACE_s39_session0_lamp,0,1206,40.2,-0.28155759560137883,-0.35607517029313723
COHFACE_s39_session0_lamp,0,1207,40.233333333333334,-0.31764177789546144,-0.4734080815519595
COHFACE_s39_session0_lamp,0,1208,40.266666666666666,-0.3488585787408306,-0.5928900944586313
COHFACE_s39_session0_lamp,0,1209,40.3,-0.3845515114911222,-0.7134626042752528
COHFACE_s39_session0_lamp,0,1210,40.333333333333336,-0.4323848444784058,-0.8309497534056987
COHFACE_s39_session0_lamp,0,1211,40.36666666666667,-0.4971459920452799,-0.9372767369705957
COHFACE_s39_session0_lamp,0,1212,40.4,-0.5795805798464936,-1.024979966458626
COHFACE_s39_session0_lamp,0,1213,40.43333333333333,-0.675447951940288,-1.0866489915211681
COHFACE_s39_session0_lamp,0,1214,40.46666666666667,-0.7754026477065535,-1.1077115836911169
COHFACE_s39_session0_lamp,0,1215,40.5,-0.8655683005287566,-1.066430017578961
COHFACE_s39_session0_lamp,0,1216,40.53333333333333,-0.9278279222149325,-0.9461732414088656
COHFACE_s39_session0_lamp,0,1217,40.56666666666667,-0.9402712030553628,-0.7362375589340548
COHFACE_s39_session0_lamp,0,1218,40.6,-0.8779037569674008,-0.4424991306871973
COHFACE_s39_session0_lamp,0,1219,40.63333333333333,-0.7123880122656295,-0.0888150595221173
COHFACE_s39_session0_lamp,0,1220,40.666666666666664,-0.4136971544021615,0.2875512315409403
COHFACE_s39_session0_lamp,0,1221,40.7,0.024406377393912264,0.6343937376953934
COHFACE_s39_session0_lamp,0,1222,40.733333333333334,0.53156871595928,0.9169361582698075
COHFACE_s39_session0_lamp,0,1223,40.766666666666666,0.9677818095527799,1.1162765020334469
COHFACE_s39_session0_lamp,0,1224,40.8,1.226859183275483,1.2260381986478484
COHFACE_s39_session0_lamp,0,1225,40.833333333333336,1.3034960553073194,1.251069322666118
COHFACE_s39_session0_lamp,0,1226,40.86666666666667,1.2525605083244853,1.202590976158753
COHFACE_s39_session0_lamp,0,1227,40.9,1.126690419021079,1.0976638705453179
COHFACE_s39_session0_lamp,0,1228,40.93333333333333,0.9579392499266156,0.9538806631405923
COHFACE_s39_session0_lamp,0,1229,40.96666666666667,0.7701739219927362,0.7896103078467787
COHFACE_s39_session0_lamp,0,1230,41.0,0.5858406363830677,0.6139587104350903
COHFACE_s39_session0_lamp,0,1231,41.03333333333333,0.41776535730181885,0.42771228938191175
COHFACE_s39_session0_lamp,0,1232,41.06666666666667,0.2659119553315271,0.23762034935304177
COHFACE_s39_session0_lamp,0,1233,41.1,0.12589728903253586,0.05758791055185784
COHFACE_s39_session0_lamp,0,1234,41.13333333333333,-0.0029096479112238893,-0.10433959565877336
COHFACE_s39_session0_lamp,0,1235,41.166666666666664,-0.11639625262749312,-0.24485071972564348
COHFACE_s39_session0_lamp,0,1236,41.2,-0.20954430537689417,-0.36849746797970706
COHFACE_s39_session0_lamp,0,1237,41.233333333333334,-0.2807505998689389,-0.4864865792163011
COHFACE_s39_session0_lamp,0,1238,41.266666666666666,-0.33351474653148655,-0.6033902799550115
COHFACE_s39_session0_lamp,0,1239,41.3,-0.37530419372625395,-0.7161064230232912
COHFACE_s39_session0_lamp,0,1240,41.333333333333336,-0.41547020879270224,-0.8193322311387639
COHFACE_s39_session0_lamp,0,1241,41.36666666666667,-0.4628378852563058,-0.9048647656389511
COHFACE_s39_session0_lamp,0,1242,41.4,-0.5232171841471959,-0.9660851278879448
COHFACE_s39_session0_lamp,0,1243,41.43333333333333,-0.5980078580172983,-0.997516784893501
COHFACE_s39_session0_lamp,0,1244,41.46666666666667,-0.683940525346092,-0.9920898086942637
COHFACE_s39_session0_lamp,0,1245,41.5,-0.7729606023509936,-0.9411281045316717
COHFACE_s39_session0_lamp,0,1246,41.53333333333333,-0.8518342936948968,-0.8320782613986459
COHFACE_s39_session0_lamp,0,1247,41.56666666666667,-0.9024259156789176,-0.6492718530365631
COHFACE_s39_session0_lamp,0,1248,41.6,-0.9029891797648023,-0.39353749866658533
COHFACE_s39_session0_lamp,0,1249,41.63333333333333,-0.8289510776823623,-0.08354301268050976
COHFACE_s39_session0_lamp,0,1250,41.666666666666664,-0.6523606148769543,0.2478109760400719
COHFACE_s39_session0_lamp,0,1251,41.7,-0.34476342805344495,0.5520504344924008
COHFACE_s39_session0_lamp,0,1252,41.733333333333334,0.09388688583296007,0.7946680560294552
COHFACE_s39_session0_lamp,0,1253,41.766666666666666,0.5846736174916909,0.9538705321854126
COHFACE_s39_session0_lamp,0,1254,41.8,0.9878119617683352,1.0266323400004596
COHFACE_s39_session0_lamp,0,1255,41.833333333333336,1.2082965291309609,1.0275866530573616
COHFACE_s39_session0_lamp,0,1256,41.86666666666667,1.2517585351298535,0.972607882400949
COHFACE_s39_session0_lamp,0,1257,41.9,1.1776639603165617,0.8783119586520973
COHFACE_s39_session0_lamp,0,1258,41.93333333333333,1.0398751008234675,0.757919799830131
COHFACE_s39_session0_lamp,0,1259,41.96666666666667,0.8717058827799684,0.6215412225111139
COHFACE_s39_session0_lamp,0,1260,42.0,0.6970502691630843,0.4766924455764919
COHFACE_s39_session0_lamp,0,1261,42.03333333333333,0.5334257191043317,0.3290708579346821
COHFACE_s39_session0_lamp,0,1262,42.06666666666667,0.38523671968480644,0.18559721095008008
COHFACE_s39_session0_lamp,0,1263,42.1,0.24634189917867994,0.05530932201827103
COHFACE_s39_session0_lamp,0,1264,42.13333333333333,0.11106215150214148,-0.05697316453464861
COHFACE_s39_session0_lamp,0,1265,42.166666666666664,-0.019624286029917046,-0.14980424659065203
COHFACE_s39_session0_lamp,0,1266,42.2,-0.13963574400953213,-0.22778623420782756
COHFACE_s39_session0_lamp,0,1267,42.233333333333334,-0.24300451482438967,-0.3007160500250817
COHFACE_s39_session0_lamp,0,1268,42.266666666666666,-0.32826210224185215,-0.3753253822956504
COHFACE_s39_session0_lamp,0,1269,42.3,-0.39896802847167284,-0.4545108287385565
COHFACE_s39_session0_lamp,0,1270,42.333333333333336,-0.4614419196671833,-0.5375232369580761
COHFACE_s39_session0_lamp,0,1271,42.36666666666667,-0.5227424686893731,-0.619378991880819
COHFACE_s39_session0_lamp,0,1272,42.4,-0.5888859699072572,-0.6955025276763699
COHFACE_s39_session0_lamp,0,1273,42.43333333333333,-0.6623602724235533,-0.7612451385714164
COHFACE_s39_session0_lamp,0,1274,42.46666666666667,-0.7404549410302139,-0.8067350852574066
COHFACE_s39_session0_lamp,0,1275,42.5,-0.8149103807866199,-0.8166840264668573
COHFACE_s39_session0_lamp,0,1276,42.53333333333333,-0.8718498690952777,-0.7752705442327729
COHFACE_s39_session0_lamp,0,1277,42.56666666666667,-0.8924717975374626,-0.6665370480448128
COHFACE_s39_session0_lamp,0,1278,42.6,-0.8541005862403691,-0.47646908929902715
COHFACE_s39_session0_lamp,0,1279,42.63333333333333,-0.7303181152745449,-0.19420591854492963
COHFACE_s39_session0_lamp,0,1280,42.666666666666664,-0.4914754538411886,0.1404140968146291
COHFACE_s39_session0_lamp,0,1281,42.7,-0.11853528061016286,0.43594263672328737
COHFACE_s39_session0_lamp,0,1282,42.733333333333334,0.3508221058680618,0.6517050545111371
COHFACE_s39_session0_lamp,0,1283,42.766666666666666,0.7968841882507075,0.7968190525407175
COHFACE_s39_session0_lamp,0,1284,42.8,1.092430093034195,0.8837945069416725
COHFACE_s39_session0_lamp,0,1285,42.833333333333336,1.1984213739278773,0.9271069867862112
COHFACE_s39_session0_lamp,0,1286,42.86666666666667,1.1596162906650558,0.9291306492132594
COHFACE_s39_session0_lamp,0,1287,42.9,1.0396861734492722,0.8797493148169517
COHFACE_s39_session0_lamp,0,1288,42.93333333333333,0.884154623148254,0.7837547848484272
COHFACE_s39_session0_lamp,0,1289,42.96666666666667,0.7212073728585114,0.6610721143663659
COHFACE_s39_session0_lamp,0,1290,43.0,0.5683531344895012,0.525675563120955
COHFACE_s39_session0_lamp,0,1291,43.03333333333333,0.4294787938128914,0.3860936285251039
COHFACE_s39_session0_lamp,0,1292,43.06666666666667,0.29598722778863856,0.24626229669791277
COHFACE_s39_session0_lamp,0,1293,43.1,0.15881403357938345,0.10645489107129151
COHFACE_s39_session0_lamp,0,1294,43.13333333333333,0.017364251975890116,-0.032500994730540717
COHFACE_s39_session0_lamp,0,1295,43.166666666666664,-0.12185543053718631,-0.16819549213312515
COHFACE_s39_session0_lamp,0,1296,43.2,-0.25090328101166776,-0.3028673597348217
COHFACE_s39_session0_lamp,0,1297,43.233333333333334,-0.3647814583335367,-0.4423194251947434
COHFACE_s39_session0_lamp,0,1298,43.266666666666666,-0.46274403146318843,-0.5867892287448043
COHFACE_s39_session0_lamp,0,1299,43.3,-0.5474211009395898,-0.7299070352502315
COHFACE_s39_session0_lamp,0,1300,43.333333333333336,-0.6233145479700236,-0.8628226719863439
COHFACE_s39_session0_lamp,0,1301,43.36666666666667,-0.6944200599378362,-0.9734190903486937
COHFACE_s39_session0_lamp,0,1302,43.4,-0.7614125765784815,-1.0494939616006655
COHFACE_s39_session0_lamp,0,1303,43.43333333333333,-0.8195488757784567,-1.0783281694853384
COHFACE_s39_session0_lamp,0,1304,43.46666666666667,-0.8576491792792977,-1.0469957145281998
COHFACE_s39_session0_lamp,0,1305,43.5,-0.8583867767519289,-0.9425654894431714
COHFACE_s39_session0_lamp,0,1306,43.53333333333333,-0.7994329759185196,-0.7633549794856932
COHFACE_s39_session0_lamp,0,1307,43.56666666666667,-0.6542464519557257,-0.5197861392025268
COHFACE_s39_session0_lamp,0,1308,43.6,-0.3939489787515015,-0.22349962145477228
COHFACE_s39_session0_lamp,0,1309,43.63333333333333,-0.007922259603532628,0.111161027386205
COHFACE_s39_session0_lamp,0,1310,43.666666666666664,0.4474861081733629,0.4578136917308393
COHFACE_s39_session0_lamp,0,1311,43.7,0.845754730003742,0.7763215246514212
COHFACE_s39_session0_lamp,0,1312,43.733333333333334,1.0819212013444743,1.035384666421077
COHFACE_s39_session0_lamp,0,1313,43.766666666666666,1.1450629597535003,1.2110899236272217
COHFACE_s39_session0_lamp,0,1314,43.8,1.0880012451553502,1.2946866332045452
COHFACE_s39_session0_lamp,0,1315,43.833333333333336,0.9660569753775835,1.2915294156926886
COHFACE_s39_session0_lamp,0,1316,43.86666666666667,0.8145322652229992,1.2119044330274542
COHFACE_s39_session0_lamp,0,1317,43.9,0.6561405014573429,1.0707321731592994
COHFACE_s39_session0_lamp,0,1318,43.93333333333333,0.5046872826306911,0.8799877310890236
COHFACE_s39_session0_lamp,0,1319,43.96666666666667,0.36032649919727816,0.6493729892327464
COHFACE_s39_session0_lamp,0,1320,44.0,0.21396559270241938,0.3931904955514965
COHFACE_s39_session0_lamp,0,1321,44.03333333333333,0.05959566251953824,0.13161549717281396
COHFACE_s39_session0_lamp,0,1322,44.06666666666667,-0.10012239640506868,-0.1197507830842266
COHFACE_s39_session0_lamp,0,1323,44.1,-0.2571414574733142,-0.3484062232901845
COHFACE_s39_session0_lamp,0,1324,44.13333333333333,-0.4034546342553285,-0.5473674048860117
COHFACE_s39_session0_lamp,0,1325,44.166666666666664,-0.5345224775307958,-0.7136739874365055
COHFACE_s39_session0_lamp,0,1326,44.2,-0.6494845738817283,-0.8446497331158036
COHFACE_s39_session0_lamp,0,1327,44.233333333333334,-0.7489063373824386,-0.9367317139965058
COHFACE_s39_session0_lamp,0,1328,44.266666666666666,-0.8321970567774537,-0.9840124023828691
COHFACE_s39_session0_lamp,0,1329,44.3,-0.8955776256755293,-0.9777046395857175
COHFACE_s39_session0_lamp,0,1330,44.333333333333336,-0.9303132159928722,-0.9123804348541336
COHFACE_s39_session0_lamp,0,1331,44.36666666666667,-0.9218312497606528,-0.7861431516788282
COHFACE_s39_session0_lamp,0,1332,44.4,-0.8496945572029947,-0.6012244088313837
COHFACE_s39_session0_lamp,0,1333,44.43333333333333,-0.6874506826512923,-0.36481195524795273
COHFACE_s39_session0_lamp,0,1334,44.46666666666667,-0.40569938118304144,-0.09528475741334459
COHFACE_s39_session0_lamp,0,1335,44.5,0.0019604684416616933,0.17662082646216098
COHFACE_s39_session0_lamp,0,1336,44.53333333333333,0.46975258267465525,0.4290671659774334
COHFACE_s39_session0_lamp,0,1337,44.56666666666667,0.869245025145007,0.6477862030123768
COHFACE_s39_session0_lamp,0,1338,44.6,1.1061755251931105,0.8165830359253086
COHFACE_s39_session0_lamp,0,1339,44.63333333333333,1.1785593455968555,0.9162236422601217
COHFACE_s39_session0_lamp,0,1340,44.666666666666664,1.136340221777838,0.9363436995414199
COHFACE_s39_session0_lamp,0,1341,44.7,1.0247818234999015,0.8750254209724223
COHFACE_s39_session0_lamp,0,1342,44.733333333333334,0.8707189285321726,0.74337200975314
COHFACE_s39_session0_lamp,0,1343,44.766666666666666,0.6962159703749617,0.5656259962699801
COHFACE_s39_session0_lamp,0,1344,44.8,0.5219572848980448,0.36103794030779235
COHFACE_s39_session0_lamp,0,1345,44.833333333333336,0.3564924899946344,0.1445901839363713
COHFACE_s39_session0_lamp,0,1346,44.86666666666667,0.19511760496737143,-0.07377468363187362
COHFACE_s39_session0_lamp,0,1347,44.9,0.031178206378072074,-0.28788270787911985
COHFACE_s39_session0_lamp,0,1348,44.93333333333333,-0.1351090042434391,-0.49081803813846786
COHFACE_s39_session0_lamp,0,1349,44.96666666666667,-0.29690884190962835,-0.6735854822405636
COHFACE_s39_session0_lamp,0,1350,45.0,-0.4467397582052255,-0.8263524450866212
COHFACE_s39_session0_lamp,0,1351,45.03333333333333,-0.5810876356206129,-0.937430386964237
COHFACE_s39_session0_lamp,0,1352,45.06666666666667,-0.7000606802814394,-0.9965267787471063
COHFACE_s39_session0_lamp,0,1353,45.1,-0.80478208931631,-0.994268226695498
COHFACE_s39_session0_lamp,0,1354,45.13333333333333,-0.8949738340766624,-0.9256352866535944
COHFACE_s39_session0_lamp,0,1355,45.166666666666664,-0.9663435135475414,-0.7901615798730125
COHFACE_s39_session0_lamp,0,1356,45.2,-1.008811660801072,-0.5896935695131691
COHFACE_s39_session0_lamp,0,1357,45.233333333333334,-1.0066826753208964,-0.329359147051549
COHFACE_s39_session0_lamp,0,1358,45.266666666666666,-0.9391455068881991,-0.029233105198515158
COHFACE_s39_session0_lamp,0,1359,45.3,-0.7796593395442009,0.27431893448995814
COHFACE_s39_session0_lamp,0,1360,45.333333333333336,-0.4975940432546292,0.5538050156628074
COHFACE_s39_session0_lamp,0,1361,45.36666666666667,-0.08236295309240915,0.7891706403131482
COHFACE_s39_session0_lamp,0,1362,45.4,0.4052767501754572,0.9642927494612821
COHFACE_s39_session0_lamp,0,1363,45.43333333333333,0.8357616917622109,1.0657183704128237
COHFACE_s39_session0_lamp,0,1364,45.46666666666667,1.106543491707379,1.0902995508752011
COHFACE_s39_session0_lamp,0,1365,45.5,1.2072111408334218,1.0445401784480222
COHFACE_s39_session0_lamp,0,1366,45.53333333333333,1.1826558001130072,0.9380463601553981
COHFACE_s39_session0_lamp,0,1367,45.56666666666667,1.0756326241632046,0.7835876754563024
COHFACE_s39_session0_lamp,0,1368,45.6,0.9130791631253813,0.598098155211733
COHFACE_s39_session0_lamp,0,1369,45.63333333333333,0.7212466552808066,0.40333308012711
COHFACE_s39_session0_lamp,0,1370,45.666666666666664,0.5300695332665888,0.21382209593320592
COHFACE_s39_session0_lamp,0,1371,45.7,0.35905847545286246,0.03790807230831053
COHFACE_s39_session0_lamp,0,1372,45.733333333333334,0.21075525854671168,-0.11641991480593826
COHFACE_s39_session0_lamp,0,1373,45.766666666666666,0.08068371118055845,-0.24041757317451162
COHFACE_s39_session0_lamp,0,1374,45.8,-0.031916335915773836,-0.33159010743537665
COHFACE_s39_session0_lamp,0,1375,45.833333333333336,-0.1223198285601561,-0.392789210858275
COHFACE_s39_session0_lamp,0,1376,45.86666666666667,-0.18500355110951508,-0.42571191257982344
COHFACE_s39_session0_lamp,0,1377,45.9,-0.2188109698930336,-0.4303285098971517
COHFACE_s39_session0_lamp,0,1378,45.93333333333333,-0.2283815398181323,-0.40922396757339663
COHFACE_s39_session0_lamp,0,1379,45.96666666666667,-0.2218504496629522,-0.36741597836557927
COHFACE_s39_session0_lamp,0,1380,46.0,-0.2083012225553501,-0.3140366940564937
COHFACE_s39_session0_lamp,0,1381,46.03333333333333,-0.19702580447822787,-0.262312018759368
COHFACE_s39_session0_lamp,0,1382,46.06666666666667,-0.19671559993575358,-0.22511811095847228
COHFACE_s39_session0_lamp,0,1383,46.1,-0.21409011432733915,-0.21494611657105336
COHFACE_s39_session0_lamp,0,1384,46.13333333333333,-0.2535361619679546,-0.23578652483163595
COHFACE_s39_session0_lamp,0,1385,46.166666666666664,-0.31685262745246945,-0.28307757821231383
COHFACE_s39_session0_lamp,0,1386,46.2,-0.4025699211102327,-0.3510427557101503
COHFACE_s39_session0_lamp,0,1387,46.233333333333334,-0.5060366634711974,-0.432535653252378
COHFACE_s39_session0_lamp,0,1388,46.266666666666666,-0.6199275934727587,-0.5171625593702541
COHFACE_s39_session0_lamp,0,1389,46.3,-0.7341902050450817,-0.5910416580516038
COHFACE_s39_session0_lamp,0,1390,46.333333333333336,-0.8354763011022166,-0.6399100892258933
COHFACE_s39_session0_lamp,0,1391,46.36666666666667,-0.9064822606284885,-0.6490729165040074
COHFACE_s39_session0_lamp,0,1392,46.4,-0.9257315681175733,-0.6087802333884925
COHFACE_s39_session0_lamp,0,1393,46.43333333333333,-0.8676788482569602,-0.5145284026612782
COHFACE_s39_session0_lamp,0,1394,46.46666666666667,-0.7024108424064494,-0.36396933572919166
COHFACE_s39_session0_lamp,0,1395,46.5,-0.3979956755518842,-0.15775015042313217
COHFACE_s39_session0_lamp,0,1396,46.53333333333333,0.05173937400591675,0.0961962009035569
COHFACE_s39_session0_lamp,0,1397,46.56666666666667,0.571821330976404,0.3813048031947621
COHFACE_s39_session0_lamp,0,1398,46.6,1.0162653946273053,0.6665597905265507
COHFACE_s39_session0_lamp,0,1399,46.63333333333333,1.2778693098232101,0.9052590620750515
COHFACE_s39_session0_lamp,0,1400,46.666666666666664,1.3542846593480051,1.0724621086538824
COHFACE_s39_session0_lamp,0,1401,46.7,1.3013600653262571,1.163934356663258
COHFACE_s39_session0_lamp,0,1402,46.733333333333334,1.169391160628293,1.1831395764058108
COHFACE_s39_session0_lamp,0,1403,46.766666666666666,0.9884078050737117,1.1404515023056518
COHFACE_s39_session0_lamp,0,1404,46.8,0.7834077458766766,1.0445942584753043
COHFACE_s39_session0_lamp,0,1405,46.833333333333336,0.5803462437355544,0.9026987632635174
COHFACE_s39_session0_lamp,0,1406,46.86666666666667,0.3954538243808586,0.7257078063396875
COHFACE_s39_session0_lamp,0,1407,46.9,0.23072015098428197,0.5291137762493239
COHFACE_s39_session0_lamp,0,1408,46.93333333333333,0.08321309058047538,0.32755159441578313
COHFACE_s39_session0_lamp,0,1409,46.96666666666667,-0.04573968243947327,0.13585077397681694
COHFACE_s39_session0_lamp,0,1410,47.0,-0.15011480046624512,-0.03852809083953043
COHFACE_s39_session0_lamp,0,1411,47.03333333333333,-0.22415592104019136,-0.1942504894581972
COHFACE_s39_session0_lamp,0,1412,47.06666666666667,-0.266739222726424,-0.331703291522797
COHFACE_s39_session0_lamp,0,1413,47.1,-0.28256701698076014,-0.45177648417589245
COHFACE_s39_session0_lamp,0,1414,47.13333333333333,-0.28051070268271117,-0.5567579949956151
COHFACE_s39_session0_lamp,0,1415,47.166666666666664,-0.27083000903981336,-0.6493215830188033
COHFACE_s39_session0_lamp,0,1416,47.2,-0.2633403028736557,-0.7309185746677208
COHFACE_s39_session0_lamp,0,1417,47.233333333333334,-0.2668215969572874,-0.8010040185186413
COHFACE_s39_session0_lamp,0,1418,47.266666666666666,-0.2882622420267108,-0.8595654762269134
COHFACE_s39_session0_lamp,0,1419,47.3,-0.3313467275274057,-0.9065785172248855
COHFACE_s39_session0_lamp,0,1420,47.333333333333336,-0.39581118466113685,-0.9404313934962659
COHFACE_s39_session0_lamp,0,1421,47.36666666666667,-0.47845963008210707,-0.9576234860227251
COHFACE_s39_session0_lamp,0,1422,47.4,-0.5739241044818971,-0.9482236010600908
COHFACE_s39_session0_lamp,0,1423,47.43333333333333,-0.6741026304680307,-0.8960543680062928
COHFACE_s39_session0_lamp,0,1424,47.46666666666667,-0.7673497612508269,-0.7854206763020455
COHFACE_s39_session0_lamp,0,1425,47.5,-0.8385176480833255,-0.601986007657178
COHFACE_s39_session0_lamp,0,1426,47.53333333333333,-0.8693114257195541,-0.3498503134459771
COHFACE_s39_session0_lamp,0,1427,47.56666666666667,-0.8377328384525361,-0.05281735250079592
COHFACE_s39_session0_lamp,0,1428,47.6,-0.7170852156027065,0.26556452615668974
COHFACE_s39_session0_lamp,0,1429,47.63333333333333,-0.4764201937147281,0.5804721971756978
COHFACE_s39_session0_lamp,0,1430,47.666666666666664,-0.0955835243950486,0.8631262978743264
COHFACE_s39_session0_lamp,0,1431,47.7,0.3857815458008152,1.0792875722260635
COHFACE_s39_session0_lamp,0,1432,47.733333333333334,0.8433773061753148,1.2105125047478462
COHFACE_s39_session0_lamp,0,1433,47.766666666666666,1.148069924367908,1.2530756696531644
COHFACE_s39_session0_lamp,0,1434,47.8,1.2624677361374224,1.2122941147309052
COHFACE_s39_session0_lamp,0,1435,47.833333333333336,1.2317162373774653,1.1020346282128255
COHFACE_s39_session0_lamp,0,1436,47.86666666666667,1.1157700359691045,0.9414263832958812
COHFACE_s39_session0_lamp,0,1437,47.9,0.9542533493231343,0.7550955625754047
COHFACE_s39_session0_lamp,0,1438,47.93333333333333,0.7727204475418702,0.5590310892341044
COHFACE_s39_session0_lamp,0,1439,47.96666666666667,0.5934718762649384,0.3614844853528405
COHFACE_s39_session0_lamp,0,1440,48.0,0.4305162736973037,0.16932948794734157
COHFACE_s39_session0_lamp,0,1441,48.03333333333333,0.28443132453906905,-0.010670794195769592
COHFACE_s39_session0_lamp,0,1442,48.06666666666667,0.15029780445820412,-0.1739658415598475
COHFACE_s39_session0_lamp,0,1443,48.1,0.027295405195867872,-0.31699385040688266
COHFACE_s39_session0_lamp,0,1444,48.13333333333333,-0.07983308142670868,-0.43343204755353404
COHFACE_s39_session0_lamp,0,1445,48.166666666666664,-0.1649115193851668,-0.5132837968320177
COHFACE_s39_session0_lamp,0,1446,48.2,-0.2252424304191926,-0.5609889804882464
COHFACE_s39_session0_lamp,0,1447,48.233333333333334,-0.26367610103788647,-0.5946592156016286
COHFACE_s39_session0_lamp,0,1448,48.266666666666666,-0.28730352489183353,-0.6247257130628405
COHFACE_s39_session0_lamp,0,1449,48.3,-0.3051354897711166,-0.6533472915545767
COHFACE_s39_session0_lamp,0,1450,48.333333333333336,-0.3261976956263125,-0.6779308736143437
COHFACE_s39_session0_lamp,0,1451,48.36666666666667,-0.35814740163983777,-0.6909718367238448
COHFACE_s39_session0_lamp,0,1452,48.4,-0.4062872014522494,-0.6878322458483463
COHFACE_s39_session0_lamp,0,1453,48.43333333333333,-0.4725903530498258,-0.6667759398742027
COHFACE_s39_session0_lamp,0,1454,48.46666666666667,-0.5550544641759578,-0.6257285733942988
COHFACE_s39_session0_lamp,0,1455,48.5,-0.6473169472295377,-0.5625070304893194
COHFACE_s39_session0_lamp,0,1456,48.53333333333333,-0.7384842974947539,-0.4698968486520117
COHFACE_s39_session0_lamp,0,1457,48.56666666666667,-0.8140189732943913,-0.33635185968453424
COHFACE_s39_session0_lamp,0,1458,48.6,-0.8565612593972605,-0.16337838666746296
COHFACE_s39_session0_lamp,0,1459,48.63333333333333,-0.8456987056930759,0.03349934555383777
COHFACE_s39_session0_lamp,0,1460,48.666666666666664,-0.7578499666983356,0.23880183044757886
COHFACE_s39_session0_lamp,0,1461,48.7,-0.5657666309791972,0.4360735696320287
COHFACE_s39_session0_lamp,0,1462,48.733333333333334,-0.24340337624199693,0.6182813769718876
COHFACE_s39_session0_lamp,0,1463,48.766666666666666,0.19825446870364077,0.786553346463601
COHFACE_s39_session0_lamp,0,1464,48.8,0.6653588646512345,0.9269225808236381
COHFACE_s39_session0_lamp,0,1465,48.833333333333336,1.0201494102505206,1.0094885069719808
COHFACE_s39_session0_lamp,0,1466,48.86666666666667,1.1875579192270878,1.0213189500833975
COHFACE_s39_session0_lamp,0,1467,48.9,1.1896958096356094,0.9662170010239579
COHFACE_s39_session0_lamp,0,1468,48.93333333333333,1.0904769020710585,0.8563153371783552
COHFACE_s39_session0_lamp,0,1469,48.96666666666667,0.9430098954530735,0.7121313442144876
COHFACE_s39_session0_lamp,0,1470,49.0,0.7796178830626642,0.54611819775201
COHFACE_s39_session0_lamp,0,1471,49.03333333333333,0.6213512366190705,0.36337124345647487
COHFACE_s39_session0_lamp,0,1472,49.06666666666667,0.47873547148748,0.17203056697832858
COHFACE_s39_session0_lamp,0,1473,49.1,0.3485854896371459,-0.015595626187807118
COHFACE_s39_session0_lamp,0,1474,49.13333333333333,0.22178164303077316,-0.19010849144955655
COHFACE_s39_session0_lamp,0,1475,49.166666666666664,0.09480780117764559,-0.343888828777362
COHFACE_s39_session0_lamp,0,1476,49.2,-0.027059900917929994,-0.47624033420649037
COHFACE_s39_session0_lamp,0,1477,49.233333333333334,-0.13491847300905427,-0.5922543274661942
COHFACE_s39_session0_lamp,0,1478,49.266666666666666,-0.2227012563906502,-0.6929263064968425
COHFACE_s39_session0_lamp,0,1479,49.3,-0.29004581524260575,-0.7742551791162438
COHFACE_s39_session0_lamp,0,1480,49.333333333333336,-0.3415121524445296,-0.835706433291836
COHFACE_s39_session0_lamp,0,1481,49.36666666666667,-0.38473397496996303,-0.8796247389351415
COHFACE_s39_session0_lamp,0,1482,49.4,-0.42868755697485167,-0.9066058965191773
COHFACE_s39_session0_lamp,0,1483,49.43333333333333,-0.48138124524589954,-0.9151706379858535
COHFACE_s39_session0_lamp,0,1484,49.46666666666667,-0.5475411601657545,-0.8965541733038229
COHFACE_s39_session0_lamp,0,1485,49.5,-0.6268033630000588,-0.834929501133243
COHFACE_s39_session0_lamp,0,1486,49.53333333333333,-0.7124436349404728,-0.7179887792715983
COHFACE_s39_session0_lamp,0,1487,49.56666666666667,-0.7916570555267084,-0.5377944768410817
COHFACE_s39_session0_lamp,0,1488,49.6,-0.8473315688413021,-0.29377390613983245
COHFACE_s39_session0_lamp,0,1489,49.63333333333333,-0.8593128361727774,0.005903168840415224
COHFACE_s39_session0_lamp,0,1490,49.666666666666664,-0.804424821201851,0.3341099056201725
COHFACE_s39_session0_lamp,0,1491,49.7,-0.6563218852346715,0.6433226500579337
COHFACE_s39_session0_lamp,0,1492,49.733333333333334,-0.387189124096749,0.9024641022296072
COHFACE_s39_session0_lamp,0,1493,49.766666666666666,0.010640646004338153,1.095517267592291
COHFACE_s39_session0_lamp,0,1494,49.8,0.47550404147128345,1.2099779596884703
COHFACE_s39_session0_lamp,0,1495,49.833333333333336,0.8775581349658762,1.2357853520895212
COHFACE_s39_session0_lamp,0,1496,49.86666666666667,1.1138336601548806,1.1800991034241255
COHFACE_s39_session0_lamp,0,1497,49.9,1.1769335659818427,1.0668891147619823
COHFACE_s39_session0_lamp,0,1498,49.93333333333333,1.1211346286997004,0.9157317599208578
COHFACE_s39_session0_lamp,0,1499,49.96666666666667,1.00145098772705,0.7420686547564128
COHFACE_s39_session0_lamp,0,1500,50.0,0.8517809197961763,0.5556704327963622
COHFACE_s39_session0_lamp,0,1501,50.03333333333333,0.6942099463253452,0.36163980394746054
COHFACE_s39_session0_lamp,0,1502,50.06666666666667,0.5448230589149454,0.1678443808863252
COHFACE_s39_session0_lamp,0,1503,50.1,0.40720798790946466,-0.013857582247804381
COHFACE_s39_session0_lamp,0,1504,50.13333333333333,0.27406663621735355,-0.17743109351829914
COHFACE_s39_session0_lamp,0,1505,50.166666666666664,0.13921965203968723,-0.321462436230809
COHFACE_s39_session0_lamp,0,1506,50.2,0.004100650037332662,-0.44880629300208474
COHFACE_s39_session0_lamp,0,1507,50.233333333333334,-0.12440073940348066,-0.5653975503886695
COHFACE_s39_session0_lamp,0,1508,50.266666666666666,-0.23930206859959868,-0.6729555617357508
COHFACE_s39_session0_lamp,0,1509,50.3,-0.33772930180438177,-0.7680368156805256
COHFACE_s39_session0_lamp,0,1510,50.333333333333336,-0.42164184281363304,-0.8479286517118853
COHFACE_s39_session0_lamp,0,1511,50.36666666666667,-0.4966078344150498,-0.9100050216656177
COHFACE_s39_session0_lamp,0,1512,50.4,-0.5695988222490651,-0.9523538685647369
COHFACE_s39_session0_lamp,0,1513,50.43333333333333,-0.6458680724191694,-0.973374164774856
COHFACE_s39_session0_lamp,0,1514,50.46666666666667,-0.7267268935588093,-0.9678539919893435
COHFACE_s39_session0_lamp,0,1515,50.5,-0.8081429095915997,-0.9269870550505411
COHFACE_s39_session0_lamp,0,1516,50.53333333333333,-0.8794375408386846,-0.8380808906028508
COHFACE_s39_session0_lamp,0,1517,50.56666666666667,-0.9235786509282976,-0.6852602100287268
COHFACE_s39_session0_lamp,0,1518,50.6,-0.918904335882156,-0.46183565416504774
COHFACE_s39_session0_lamp,0,1519,50.63333333333333,-0.8399801791350473,-0.17165727802453817
COHFACE_s39_session0_lamp,0,1520,50.666666666666664,-0.6574215978694298,0.16087994353056093
COHFACE_s39_session0_lamp,0,1521,50.7,-0.342937132408331,0.48938367436304975
COHFACE_s39_session0_lamp,0,1522,50.733333333333334,0.09748788633109916,0.7792901251846607
COHFACE_s39_session0_lamp,0,1523,50.766666666666666,0.5773165244595894,1.0064322963006422
COHFACE_s39_session0_lamp,0,1524,50.8,0.9611481499476905,1.1543027570262614
COHFACE_s39_session0_lamp,0,1525,50.833333333333336,1.1685447253614722,1.2128426103157386
COHFACE_s39_session0_lamp,0,1526,50.86666666666667,1.2133628273194148,1.1875244679229577
COHFACE_s39_session0_lamp,0,1527,50.9,1.1515179052666635,1.0987406075839936
COHFACE_s39_session0_lamp,0,1528,50.93333333333333,1.0281974467351784,0.9651939400345829
COHFACE_s39_session0_lamp,0,1529,50.96666666666667,0.8693024507862428,0.8039903751670893
COHFACE_s39_session0_lamp,0,1530,51.0,0.6959974066671142,0.6275270554905299
COHFACE_s39_session0_lamp,0,1531,51.03333333333333,0.5283560801194814,0.4443153099883481
COHFACE_s39_session0_lamp,0,1532,51.06666666666667,0.37578952140531496,0.26454964724129126
COHFACE_s39_session0_lamp,0,1533,51.1,0.23554054019120613,0.10117729876123888
COHFACE_s39_session0_lamp,0,1534,51.13333333333333,0.102511491776406,-0.04105283907073644
COHFACE_s39_session0_lamp,0,1535,51.166666666666664,-0.02286406889932889,-0.1644888382243588
COHFACE_s39_session0_lamp,0,1536,51.2,-0.13533884118114195,-0.27365307939938943
COHFACE_s39_session0_lamp,0,1537,51.233333333333334,-0.23017815057935959,-0.3741533817882926
COHFACE_s39_session0_lamp,0,1538,51.266666666666666,-0.3071071020428985,-0.46906743559789377
COHFACE_s39_session0_lamp,0,1539,51.3,-0.3709289013011777,-0.5580644037264478
COHFACE_s39_session0_lamp,0,1540,51.333333333333336,-0.4294872484519819,-0.6396209659275482
COHFACE_s39_session0_lamp,0,1541,51.36666666666667,-0.4907470933253666,-0.7103725475491629
COHFACE_s39_session0_lamp,0,1542,51.4,-0.5607754317475642,-0.7711366412772489
COHFACE_s39_session0_lamp,0,1543,51.43333333333333,-0.6422520373115133,-0.8263499446438961
COHFACE_s39_session0_lamp,0,1544,51.46666666666667,-0.7330814382142011,-0.8733203661214973
COHFACE_s39_session0_lamp,0,1545,51.5,-0.8256826068963772,-0.9019039730281501
COHFACE_s39_session0_lamp,0,1546,51.53333333333333,-0.9067616661393891,-0.8990730511887796
COHFACE_s39_session0_lamp,0,1547,51.56666666666667,-0.9577569148802058,-0.8491097796287821
COHFACE_s39_session0_lamp,0,1548,51.6,-0.9561174315617699,-0.7393528723204552
COHFACE_s39_session0_lamp,0,1549,51.63333333333333,-0.8759689389399385,-0.5609681108129383
COHFACE_s39_session0_lamp,0,1550,51.666666666666664,-0.6876895032767286,-0.31405064580218733
COHFACE_s39_session0_lamp,0,1551,51.7,-0.36268585026843997,-0.008965121722525012
COHFACE_s39_session0_lamp,0,1552,51.733333333333334,0.0929608368501272,0.323830908884205
COHFACE_s39_session0_lamp,0,1553,51.766666666666666,0.591117525332158,0.6324075446347535
COHFACE_s39_session0_lamp,0,1554,51.8,0.9936347735005877,0.8805098313547118
COHFACE_s39_session0_lamp,0,1555,51.833333333333336,1.2178164310822874,1.0463261832371897
COHFACE_s39_session0_lamp,0,1556,51.86666666666667,1.2754054534906023,1.125828007044534
COHFACE_s39_session0_lamp,0,1557,51.9,1.2189148605920934,1.131649677149711
COHFACE_s39_session0_lamp,0,1558,51.93333333333333,1.0898942808236765,1.0778191848974998
COHFACE_s39_session0_lamp,0,1559,51.96666666666667,0.9134299459375865,0.9792896162245136
COHFACE_s39_session0_lamp,0,1560,52.0,0.7143061135805482,0.8457110119378055
COHFACE_s39_session0_lamp,0,1561,52.03333333333333,0.5193900014293322,0.6818648188193027
COHFACE_s39_session0_lamp,0,1562,52.06666666666667,0.344899650736814,0.5006804768708398
COHFACE_s39_session0_lamp,0,1563,52.1,0.19224021418681614,0.324071521317771
COHFACE_s39_session0_lamp,0,1564,52.13333333333333,0.057889575358358855,0.16471814917023153
COHFACE_s39_session0_lamp,0,1565,52.166666666666664,-0.057195329017291116,0.02702462635843049
COHFACE_s39_session0_lamp,0,1566,52.2,-0.14735328704250425,-0.09013572392061404
COHFACE_s39_session0_lamp,0,1567,52.233333333333334,-0.20750869801528884,-0.19233015358024905
COHFACE_s39_session0_lamp,0,1568,52.266666666666666,-0.2376062923484197,-0.2836169032260756
COHFACE_s39_session0_lamp,0,1569,52.3,-0.2432870961714026,-0.36562101764909005
COHFACE_s39_session0_lamp,0,1570,52.333333333333336,-0.23389839467021484,-0.4389321279394889
COHFACE_s39_session0_lamp,0,1571,52.36666666666667,-0.220221331470845,-0.5024316875481888
COHFACE_s39_session0_lamp,0,1572,52.4,-0.21229111376556142,-0.5598502611436371
COHFACE_s39_session0_lamp,0,1573,52.43333333333333,-0.21776951010088855,-0.6191531902511829
COHFACE_s39_session0_lamp,0,1574,52.46666666666667,-0.24167214124247138,-0.6787334612433576
COHFACE_s39_session0_lamp,0,1575,52.5,-0.2866100922117061,-0.727004937637986
COHFACE_s39_session0_lamp,0,1576,52.53333333333333,-0.3528490905707044,-0.7584368012467442
COHFACE_s39_session0_lamp,0,1577,52.56666666666667,-0.43839699455933856,-0.7733671131679545
COHFACE_s39_session0_lamp,0,1578,52.6,-0.5388670590552411,-0.7707850339975877
COHFACE_s39_session0_lamp,0,1579,52.63333333333333,-0.6470178674718474,-0.7482823466595729
COHFACE_s39_session0_lamp,0,1580,52.666666666666664,-0.7524266987384646,-0.6939748067511252
COHFACE_s39_session0_lamp,0,1581,52.7,-0.841040119049376,-0.5870615764999306
COHFACE_s39_session0_lamp,0,1582,52.733333333333334,-0.8945892615504097,-0.4222726357174367
COHFACE_s39_session0_lamp,0,1583,52.766666666666666,-0.890443377120881,-0.21086234728609438
COHFACE_s39_session0_lamp,0,1584,52.8,-0.8018418713909493,0.02989316644114677
COHFACE_s39_session0_lamp,0,1585,52.833333333333336,-0.5981485834872253,0.27559308707825725
COHFACE_s39_session0_lamp,0,1586,52.86666666666667,-0.2521340431139945,0.5072762718044477
COHFACE_s39_session0_lamp,0,1587,52.9,0.21993280201134924,0.7101225816259045
COHFACE_s39_session0_lamp,0,1588,52.93333333333333,0.7135868787993128,0.8711194715731949
COHFACE_s39_session0_lamp,0,1589,52.96666666666667,1.0863291690424477,0.9779120798625733
COHFACE_s39_session0_lamp,0,1590,53.0,1.2683469468629651,1.0246919883658692
COHFACE_s39_session0_lamp,0,1591,53.03333333333333,1.2865236720666386,1.0115509947771957
COHFACE_s39_session0_lamp,0,1592,53.06666666666667,1.20119014433448,0.9467102202466846
COHFACE_s39_session0_lamp,0,1593,53.1,1.0563780471667639,0.8463585719989435
COHFACE_s39_session0_lamp,0,1594,53.13333333333333,0.8773120228978614,0.7224773825020953
COHFACE_s39_session0_lamp,0,1595,53.166666666666664,0.6860456234468084,0.5832271098998568
COHFACE_s39_session0_lamp,0,1596,53.2,0.5028774332914915,0.4378652230508714
COHFACE_s39_session0_lamp,0,1597,53.233333333333334,0.33708037013680103,0.2975194329663607
COHFACE_s39_session0_lamp,0,1598,53.266666666666666,0.18803919201818353,0.170593393373533
COHFACE_s39_session0_lamp,0,1599,53.3,0.05459389939953653,0.06359546225408946
COHFACE_s39_session0_lamp,0,1600,53.333333333333336,-0.060106361149072945,-0.03177781622503076
COHFACE_s39_session0_lamp,0,1601,53.36666666666667,-0.15013013890641072,-0.13755664468683462
COHFACE_s39_session0_lamp,0,1602,53.4,-0.21131586078728798,-0.2558772604835533
COHFACE_s39_session0_lamp,0,1603,53.43333333333333,-0.2444556980423435,-0.36807998519649276
COHFACE_s39_session0_lamp,0,1604,53.46666666666667,-0.25543508892722394,-0.46802311619033077
COHFACE_s39_session0_lamp,0,1605,53.5,-0.2536748246774222,-0.5613809817586703
COHFACE_s39_session0_lamp,0,1606,53.53333333333333,-0.2498362590655101,-0.6504015320936766
COHFACE_s39_session0_lamp,0,1607,53.56666666666667,-0.25383941766794693,-0.7331150490923009
COHFACE_s39_session0_lamp,0,1608,53.6,-0.2733377628761682,-0.8064412014454208
COHFACE_s39_session0_lamp,0,1609,53.63333333333333,-0.3128086971832855,-0.8656523542749399
COHFACE_s39_session0_lamp,0,1610,53.666666666666664,-0.37363493892103916,-0.9055724925406373
COHFACE_s39_session0_lamp,0,1611,53.7,-0.45423670014231154,-0.9202984220316729
COHFACE_s39_session0_lamp,0,1612,53.733333333333334,-0.5500191535703223,-0.8988516036908305
COHFACE_s39_session0_lamp,0,1613,53.766666666666666,-0.6534924682454045,-0.8254146197762374
COHFACE_s39_session0_lamp,0,1614,53.8,-0.7538524750075251,-0.6891752651210737
COHFACE_s39_session0_lamp,0,1615,53.833333333333336,-0.8366444592883063,-0.4852151306616395
COHFACE_s39_session0_lamp,0,1616,53.86666666666667,-0.8842560752771723,-0.22370843270350227
COHFACE_s39_session0_lamp,0,1617,53.9,-0.8757041160020804,0.06884176959567347
COHFACE_s39_session0_lamp,0,1618,53.93333333333333,-0.7858035284297102,0.3652871140239622
COHFACE_s39_session0_lamp,0,1619,53.96666666666667,-0.5850397475379946,0.6364460990784462
COHFACE_s39_session0_lamp,0,1620,54.0,-0.24665783272980615,0.8646100892884502
COHFACE_s39_session0_lamp,0,1621,54.03333333333333,0.21445712622704607,1.0420432235331365
COHFACE_s39_session0_lamp,0,1622,54.06666666666667,0.6975640242292676,1.1552004305998982
COHFACE_s39_session0_lamp,0,1623,54.1,1.0624912973898595,1.183796545568723
COHFACE_s39_session0_lamp,0,1624,54.13333333333333,1.2372669467728854,1.1311933028523267
COHFACE_s39_session0_lamp,0,1625,54.166666666666664,1.2462102620821036,1.0240734752194525
COHFACE_s39_session0_lamp,0,1626,54.2,1.1516813160840838,0.8799433978897935
COHFACE_s39_session0_lamp,0,1627,54.233333333333334,1.0030914476384651,0.7074011456894284
COHFACE_s39_session0_lamp,0,1628,54.266666666666666,0.829770200375713,0.516905406828157
COHFACE_s39_session0_lamp,0,1629,54.3,0.6535427062616601,0.32174294768115647
COHFACE_s39_session0_lamp,0,1630,54.333333333333336,0.49042866837566024,0.1345223795625814
COHFACE_s39_session0_lamp,0,1631,54.36666666666667,0.34377086842865856,-0.03173682368816841
COHFACE_s39_session0_lamp,0,1632,54.4,0.20787031964422542,-0.1746020708105882
COHFACE_s39_session0_lamp,0,1633,54.43333333333333,0.0792197486726042,-0.30104047407891243
COHFACE_s39_session0_lamp,0,1634,54.46666666666667,-0.0385949580645565,-0.4145789421200444
COHFACE_s39_session0_lamp,0,1635,54.5,-0.13801861489883516,-0.5142293628099727
COHFACE_s39_session0_lamp,0,1636,54.53333333333333,-0.21330643711750424,-0.5978375978624967
COHFACE_s39_session0_lamp,0,1637,54.56666666666667,-0.2643030461567264,-0.6613736490357072
COHFACE_s39_session0_lamp,0,1638,54.6,-0.29621032590377233,-0.7050423475304751
COHFACE_s39_session0_lamp,0,1639,54.63333333333333,-0.3175766612869478,-0.7327827488302915
COHFACE_s39_session0_lamp,0,1640,54.666666666666664,-0.33845277193312057,-0.7481675778479151
COHFACE_s39_session0_lamp,0,1641,54.7,-0.3680979330063755,-0.7540868094557727
COHFACE_s39_session0_lamp,0,1642,54.733333333333334,-0.41292841608253356,-0.7501031347109837
COHFACE_s39_session0_lamp,0,1643,54.766666666666666,-0.4756205518610786,-0.7324349810842081
COHFACE_s39_session0_lamp,0,1644,54.8,-0.5545419816406494,-0.6947508349459863
COHFACE_s39_session0_lamp,0,1645,54.833333333333336,-0.6435073467077088,-0.6285176021673331
COHFACE_s39_session0_lamp,0,1646,54.86666666666667,-0.7319641409316465,-0.5239845120478303
COHFACE_s39_session0_lamp,0,1647,54.9,-0.8052980392050741,-0.3709995577561083
COHFACE_s39_session0_lamp,0,1648,54.93333333333333,-0.8455560188244516,-0.17546816962803344
COHFACE_s39_session0_lamp,0,1649,54.96666666666667,-0.8316915729199003,0.03964650558736707
COHFACE_s39_session0_lamp,0,1650,55.0,-0.7390737059735685,0.26594330148734535
COHFACE_s39_session0_lamp,0,1651,55.03333333333333,-0.5393844092669867,0.508206919381279
COHFACE_s39_session0_lamp,0,1652,55.06666666666667,-0.20847854190093887,0.7466843220127903
COHFACE_s39_session0_lamp,0,1653,55.1,0.23525119012120188,0.9358500740631741
COHFACE_s39_session0_lamp,0,1654,55.13333333333333,0.6914108194392672,1.055828801132469
COHFACE_s39_session0_lamp,0,1655,55.166666666666664,1.0265887775362021,1.1115639173244585
COHFACE_s39_session0_lamp,0,1656,55.2,1.1768189236931494,1.1062984314351576
COHFACE_s39_session0_lamp,0,1657,55.233333333333334,1.1705189959632452,1.0410607004331365
COHFACE_s39_session0_lamp,0,1658,55.266666666666666,1.0710873974677009,0.9226899907495706
COHFACE_s39_session0_lamp,0,1659,55.3,0.9280189724762933,0.7641156783072995
COHFACE_s39_session0_lamp,0,1660,55.333333333333336,0.7698681295993381,0.579678181686906
COHFACE_s39_session0_lamp,0,1661,55.36666666666667,0.6153769197844745,0.3858895653086399
COHFACE_s39_session0_lamp,0,1662,55.4,0.47398448725756837,0.19463941262770978
COHFACE_s39_session0_lamp,0,1663,55.43333333333333,0.3420373633459898,0.014301041950568319
COHFACE_s39_session0_lamp,0,1664,55.46666666666667,0.21071458107227226,-0.15027369368730692
COHFACE_s39_session0_lamp,0,1665,55.5,0.07722009272816124,-0.2965284996514139
COHFACE_s39_session0_lamp,0,1666,55.53333333333333,-0.05276212627946328,-0.42222015041975347
COHFACE_s39_session0_lamp,0,1667,55.56666666666667,-0.17043500538028794,-0.5243594224695618
COHFACE_s39_session0_lamp,0,1668,55.6,-0.27024340116435425,-0.6059368092439801
COHFACE_s39_session0_lamp,0,1669,55.63333333333333,-0.3521840203116571,-0.6750376531132738
COHFACE_s39_session0_lamp,0,1670,55.666666666666664,-0.42071396701502095,-0.7353334530132506
COHFACE_s39_session0_lamp,0,1671,55.7,-0.4829558474614465,-0.785432529870799
COHFACE_s39_session0_lamp,0,1672,55.733333333333334,-0.5466511099428464,-0.822280620350172
COHFACE_s39_session0_lamp,0,1673,55.766666666666666,-0.6173154772472178,-0.8408666237617965
COHFACE_s39_session0_lamp,0,1674,55.8,-0.695440363058224,-0.8381772013081701
COHFACE_s39_session0_lamp,0,1675,55.833333333333336,-0.7751475299665993,-0.8131553885703706
COHFACE_s39_session0_lamp,0,1676,55.86666666666667,-0.8441389843043036,-0.7607428960419045
COHFACE_s39_session0_lamp,0,1677,55.9,-0.8845694929188839,-0.6722372472815886
COHFACE_s39_session0_lamp,0,1678,55.93333333333333,-0.8745284249527074,-0.5382106701666431
COHFACE_s39_session0_lamp,0,1679,55.96666666666667,-0.7887157743916727,-0.3494698586371089
COHFACE_s39_session0_lamp,0,1680,56.0,-0.5982709250980788,-0.1091631487777817
COHFACE_s39_session0_lamp,0,1681,56.03333333333333,-0.27749584531750493,0.16589083559002854
COHFACE_s39_session0_lamp,0,1682,56.06666666666667,0.15984918464748082,0.4517074494342677
COHFACE_s39_session0_lamp,0,1683,56.1,0.6198645574066274,0.7157874494175611
COHFACE_s39_session0_lamp,0,1684,56.13333333333333,0.9717373133057068,0.9335051068959962
COHFACE_s39_session0_lamp,0,1685,56.166666666666664,1.14790822313043,1.0868667146141606
COHFACE_s39_session0_lamp,0,1686,56.2,1.1705774530291415,1.166618663322415
COHFACE_s39_session0_lamp,0,1687,56.233333333333334,1.0969728014788394,1.1713765233899824
COHFACE_s39_session0_lamp,0,1688,56.266666666666666,0.970856812281647,1.1082188734285687
COHFACE_s39_session0_lamp,0,1689,56.3,0.8171008824893439,0.9924373840263757
COHFACE_s39_session0_lamp,0,1690,56.333333333333336,0.6554889503506517,0.839437750298288
COHFACE_s39_session0_lamp,0,1691,56.36666666666667,0.5013008538749631,0.6651421941796085
COHFACE_s39_session0_lamp,0,1692,56.4,0.3571008212238517,0.48139959400623367
COHFACE_s39_session0_lamp,0,1693,56.43333333333333,0.2161869436674749,0.29693516416295207
COHFACE_s39_session0_lamp,0,1694,56.46666666666667,0.07388369389876703,0.11624711104011165
COHFACE_s39_session0_lamp,0,1695,56.5,-0.06692205588911002,-0.059141211661720774
COHFACE_s39_session0_lamp,0,1696,56.53333333333333,-0.19866994835294924,-0.2286558721534123
COHFACE_s39_session0_lamp,0,1697,56.56666666666667,-0.3152738456825543,-0.39136495807911986
COHFACE_s39_session0_lamp,0,1698,56.6,-0.4158386719334197,-0.5469417262158485
COHFACE_s39_session0_lamp,0,1699,56.63333333333333,-0.5042731001022255,-0.694445562499963
COHFACE_s39_session0_lamp,0,1700,56.666666666666664,-0.5866345164877648,-0.8302632527620261
COHFACE_s39_session0_lamp,0,1701,56.7,-0.6682064326584325,-0.9471094040357
COHFACE_s39_session0_lamp,0,1702,56.733333333333334,-0.7511410057696164,-1.0384835143433864
COHFACE_s39_session0_lamp,0,1703,56.766666666666666,-0.8325531679017598,-1.097997847466102
COHFACE_s39_session0_lamp,0,1704,56.8,-0.9032722596083499,-1.1188131348709778
COHFACE_s39_session0_lamp,0,1705,56.833333333333336,-0.9480141371946083,-1.0934164800583759
COHFACE_s39_session0_lamp,0,1706,56.86666666666667,-0.9461508306723199,-1.0114923984751953
COHFACE_s39_session0_lamp,0,1707,56.9,-0.8723905386846972,-0.8604387024364768
COHFACE_s39_session0_lamp,0,1708,56.93333333333333,-0.6975817286784792,-0.6352238681661186
COHFACE_s39_session0_lamp,0,1709,56.96666666666667,-0.3931342798901765,-0.33967526162721456
COHFACE_s39_session0_lamp,0,1710,57.0,0.038739046134794036,0.0006958895360195255
COHFACE_s39_session0_lamp,0,1711,57.03333333333333,0.5181962447272631,0.33723630359264817
COHFACE_s39_session0_lamp,0,1712,57.06666666666667,0.912709513394566,0.6356030957508408
COHFACE_s39_session0_lamp,0,1713,57.1,1.1375469090422503,0.8742642945300989
COHFACE_s39_session0_lamp,0,1714,57.13333333333333,1.1998657749980357,1.0436511328481262
COHFACE_s39_session0_lamp,0,1715,57.166666666666664,1.150889278754147,1.1446572625355629
COHFACE_s39_session0_lamp,0,1716,57.2,1.0330154192263583,1.1769532298160776
COHFACE_s39_session0_lamp,0,1717,57.233333333333334,0.870904402334213,1.1382281405850527
COHFACE_s39_session0_lamp,0,1718,57.266666666666666,0.6875056851319764,1.034636428889501
COHFACE_s39_session0_lamp,0,1719,57.3,0.5081566353693334,0.8808836161642254
COHFACE_s39_session0_lamp,0,1720,57.333333333333336,0.34808619370379495,0.6969977029022102
COHFACE_s39_session0_lamp,0,1721,57.36666666666667,0.20785967600343672,0.5088716011274109
COHFACE_s39_session0_lamp,0,1722,57.4,0.08341374332711579,0.3328808227896214
COHFACE_s39_session0_lamp,0,1723,57.43333333333333,-0.024647729875555205,0.1768071402645048
COHFACE_s39_session0_lamp,0,1724,57.46666666666667,-0.11114047197143467,0.04447413848461901
COHFACE_s39_session0_lamp,0,1725,57.5,-0.17136802508273422,-0.06317390338711038
COHFACE_s39_session0_lamp,0,1726,57.53333333333333,-0.20486452112087328,-0.14890114345691124
COHFACE_s39_session0_lamp,0,1727,57.56666666666667,-0.21622409682960736,-0.21824426573581937
COHFACE_s39_session0_lamp,0,1728,57.6,-0.21397672953516644,-0.27833026433969454
COHFACE_s39_session0_lamp,0,1729,57.63333333333333,-0.2083857257005499,-0.3370852857404556
COHFACE_s39_session0_lamp,0,1730,57.666666666666664,-0.20933901736221078,-0.3972649677696496
COHFACE_s39_session0_lamp,0,1731,57.7,-0.22492743414363586,-0.4558710773705934
COHFACE_s39_session0_lamp,0,1732,57.733333333333334,-0.2605780266097933,-0.5112416335077817
COHFACE_s39_session0_lamp,0,1733,57.766666666666666,-0.31864564371391935,-0.5626106743792963
COHFACE_s39_session0_lamp,0,1734,57.8,-0.3984389665531657,-0.6094444049210102
COHFACE_s39_session0_lamp,0,1735,57.833333333333336,-0.49637036181908906,-0.6510418939621961
COHFACE_s39_session0_lamp,0,1736,57.86666666666667,-0.6058051063522284,-0.6827683895662745
COHFACE_s39_session0_lamp,0,1737,57.9,-0.716891634456311,-0.6958698613229031
COHFACE_s39_session0_lamp,0,1738,57.93333333333333,-0.8159528303907558,-0.6836377720365634
COHFACE_s39_session0_lamp,0,1739,57.96666666666667,-0.8849064485133363,-0.641514198179356
COHFACE_s39_session0_lamp,0,1740,58.0,-0.9017088852831797,-0.5611913922490622
COHFACE_s39_session0_lamp,0,1741,58.03333333333333,-0.8406605761922568,-0.4311828952454032
COHFACE_s39_session0_lamp,0,1742,58.06666666666667,-0.6717943130796262,-0.25252962640836984
COHFACE_s39_session0_lamp,0,1743,58.1,-0.3636002129885613,-0.03974997868796367
COHFACE_s39_session0_lamp,0,1744,58.13333333333333,0.08763545005868283,0.18770394657453418
COHFACE_s39_session0_lamp,0,1745,58.166666666666664,0.6046441273064921,0.404423040735085
COHFACE_s39_session0_lamp,0,1746,58.2,1.0450263697225541,0.5940808851954343
COHFACE_s39_session0_lamp,0,1747,58.233333333333334,1.308289508083992,0.7482908583144903
COHFACE_s39_session0_lamp,0,1748,58.266666666666666,1.3937090423033436,0.8569285145040506
COHFACE_s39_session0_lamp,0,1749,58.3,1.3536740596992805,0.9072652833562419
COHFACE_s39_session0_lamp,0,1750,58.333333333333336,1.2344235758681132,0.8995768584172285
COHFACE_s39_session0_lamp,0,1751,58.36666666666667,1.0630468538696913,0.8467354948377898
COHFACE_s39_session0_lamp,0,1752,58.4,0.863901429080206,0.7578800015171857
COHFACE_s39_session0_lamp,0,1753,58.43333333333333,0.6658164518980633,0.6385091169763997
COHFACE_s39_session0_lamp,0,1754,58.46666666666667,0.48994595505471167,0.49998965078557533
COHFACE_s39_session0_lamp,0,1755,58.5,0.34175019543896945,0.3600787235776923
COHFACE_s39_session0_lamp,0,1756,58.53333333333333,0.2179737659504128,0.2347664873686931
COHFACE_s39_session0_lamp,0,1757,58.56666666666667,0.11628508058026152,0.1388241931150177
COHFACE_s39_session0_lamp,0,1758,58.6,0.0377023074558778,0.07747541022608105
COHFACE_s39_session0_lamp,0,1759,58.63333333333333,-0.017211333310493154,0.046943524746015736
