recording_id,measurement_id,sample_index,time_seconds,gt_signal,predicted_signal
BH_s30_low,0,0,0.0,0.8056166172027588,-0.024367740868214267
BH_s30_low,0,1,0.03333333333333333,0.6860756874084473,0.1458619299576359
BH_s30_low,0,2,0.06666666666666667,0.6219154000282288,0.29899404867930385
BH_s30_low,0,3,0.1,0.5082274675369263,0.41902177963917936
BH_s30_low,0,4,0.13333333333333333,0.38868653774261475,0.4961129867127973
BH_s30_low,0,5,0.16666666666666666,0.16131068766117096,0.527697093061463
BH_s30_low,0,6,0.2,-0.034096620976924896,0.5169644612389933
BH_s30_low,0,7,0.23333333333333334,-0.2148713320493698,0.47059191836013037
BH_s30_low,0,8,0.26666666666666666,-0.39564603567123413,0.3970187947653503
BH_s30_low,0,9,0.3,-0.5151870250701904,0.30578624924340575
BH_s30_low,0,10,0.3333333333333333,-0.634727954864502,0.20736263195181867
BH_s30_low,0,11,0.36666666666666664,-0.7542689442634583,0.11200620577271432
BH_s30_low,0,12,0.4,-0.812576174736023,0.02778886419125465
BH_s30_low,0,13,0.43333333333333335,-0.9321171045303345,-0.04051654793751059
BH_s30_low,0,14,0.4666666666666667,-0.9904243350028992,-0.09109688452743703
BH_s30_low,0,15,0.5,-1.1099653244018555,-0.12398008876939386
BH_s30_low,0,16,0.5333333333333333,-1.0349918603897095,-0.13990079998525176
BH_s30_low,0,17,0.5666666666666667,-0.4611456096172333,-0.13981292429197287
BH_s30_low,0,18,0.6,0.4454312026500702,-0.1252184271271248
BH_s30_low,0,19,0.6333333333333333,1.2567721605300903,-0.09895659880456995
BH_s30_low,0,20,0.6666666666666666,1.6016552448272705,-0.06595936599362287
BH_s30_low,0,21,0.7,1.6016552448272705,-0.03345684980186287
BH_s30_low,0,22,0.7333333333333333,1.5404216051101685,-0.010580432582354934
BH_s30_low,0,23,0.7666666666666667,1.4240303039550781,-0.007769390155858843
BH_s30_low,0,24,0.8,1.3044893741607666,-0.03545093791872826
BH_s30_low,0,25,0.8333333333333334,1.0744102001190186,-0.10072370806168494
BH_s30_low,0,26,0.8666666666666667,0.8817062377929688,-0.20329935734589993
BH_s30_low,0,27,0.9,0.7009314894676208,-0.33423056690704184
BH_s30_low,0,28,0.9333333333333333,0.6426243185997009,-0.47790724601105167
BH_s30_low,0,29,0.9666666666666667,0.5230833292007446,-0.6146663588659981
BH_s30_low,0,30,1.0,0.3076367974281311,-0.7227740821551488
BH_s30_low,0,31,1.0333333333333334,0.036809567362070084,-0.7802468013102265
BH_s30_low,0,32,1.0666666666666667,-0.17052705585956573,-0.7673535469952317
BH_s30_low,0,33,1.1,-0.34837523102760315,-0.6706662978852631
BH_s30_low,0,34,1.1333333333333333,-0.4802919626235962,-0.4876954276694473
BH_s30_low,0,35,1.1666666666666667,-0.5615649223327637,-0.22944499161671542
BH_s30_low,0,36,1.2,-0.6639931797981262,0.0805238898559968
BH_s30_low,0,37,1.2333333333333334,-0.7394130825996399,0.4103430601482172
BH_s30_low,0,38,1.2666666666666666,-0.8589540719985962,0.7257218268112666
BH_s30_low,0,39,1.3,-0.9255943894386292,0.99464360136718
BH_s30_low,0,40,1.3333333333333333,-1.0926294326782227,1.1903466994695637
BH_s30_low,0,41,1.3666666666666667,-1.1538630723953247,1.2943161574753055
BH_s30_low,0,42,1.4,-1.2146503925323486,1.2990048035473125
BH_s30_low,0,43,1.4333333333333333,-1.272957682609558,1.2079578470959627
BH_s30_low,0,44,1.4666666666666666,-1.1115278005599976,1.0332031337556247
BH_s30_low,0,45,1.5,-0.48364025354385376,0.7920086127003447
BH_s30_low,0,46,1.5333333333333334,0.4513089060783386,0.5042946399691945
BH_s30_low,0,47,1.5666666666666667,1.3274797201156616,0.19090859900266258
BH_s30_low,0,48,1.6,1.6016552448272705,-0.12757106950016142
BH_s30_low,0,49,1.6333333333333333,1.5210520029067993,-0.43219225799551136
BH_s30_low,0,50,1.6666666666666667,1.4418126344680786,-0.706889610890035
BH_s30_low,0,51,1.7,1.322271704673767,-0.9384787386657745
BH_s30_low,0,52,1.7333333333333334,1.1712086200714111,-1.1153173601796258
BH_s30_low,0,53,1.7666666666666666,0.9321267604827881,-1.225713933092663
BH_s30_low,0,54,1.8,0.7542785406112671,-1.2574397004889653
BH_s30_low,0,55,1.8333333333333333,0.5991728901863098,-1.1996256830055685
BH_s30_low,0,56,1.8666666666666667,0.5408656597137451,-1.0467325729378334
BH_s30_low,0,57,1.9,0.360090970993042,-0.8027028994655296
BH_s30_low,0,58,1.9333333333333333,0.16535331308841705,-0.4835517186570334
BH_s30_low,0,59,1.9666666666666666,-0.06269218027591705,-0.11715798446546966
BH_s30_low,0,60,2.0,-0.2515767812728882,0.25977554723270185
BH_s30_low,0,61,2.033333333333333,-0.4294249713420868,0.6064216741036685
BH_s30_low,0,62,2.066666666666667,-0.6072731614112854,0.883559876340878
BH_s30_low,0,63,2.1,-0.7252269387245178,1.0602542869797558
BH_s30_low,0,64,2.1333333333333333,-0.8440982103347778,1.1198506126751304
BH_s30_low,0,65,2.1666666666666665,-0.9024054408073425,1.0623469614509025
BH_s30_low,0,66,2.2,-1.0219464302062988,0.902482052685914
BH_s30_low,0,67,2.2333333333333334,-1.1414873600006104,0.6652833030813746
BH_s30_low,0,68,2.2666666666666666,-1.1997946500778198,0.38098515577625547
BH_s30_low,0,69,2.3,-1.276330590248108,0.08098286587884236
BH_s30_low,0,70,2.3333333333333335,-1.3375643491744995,-0.2047801778938873
BH_s30_low,0,71,2.3666666666666667,-1.3987981081008911,-0.449811072247243
BH_s30_low,0,72,2.4,-1.2006628513336182,-0.6329176118652408
BH_s30_low,0,73,2.433333333333333,-0.5061348676681519,-0.7397979056367631
BH_s30_low,0,74,2.466666666666667,0.42025792598724365,-0.7641094651375675
BH_s30_low,0,75,2.5,1.1881227493286133,-0.7076396807863564
BH_s30_low,0,76,2.533333333333333,1.3954347372055054,-0.5797427136237522
BH_s30_low,0,77,2.566666666666667,1.2563010454177856,-0.39669404670996083
BH_s30_low,0,78,2.6,1.0784528255462646,-0.18069184124514218
BH_s30_low,0,79,2.6333333333333333,0.9143443703651428,0.04257578010985686
BH_s30_low,0,80,2.6666666666666665,0.7227565050125122,0.24764166700274426
BH_s30_low,0,81,2.7,0.5449082851409912,0.41280522935017105
BH_s30_low,0,82,2.7333333333333334,0.37202027440071106,0.5226484254674425
BH_s30_low,0,83,2.7666666666666666,0.31371307373046875,0.5693657101576086
BH_s30_low,0,84,2.8,0.2545129656791687,0.55310029148525
BH_s30_low,0,85,2.8333333333333335,0.07845053821802139,0.4817101084237072
BH_s30_low,0,86,2.8666666666666667,-0.10614357143640518,0.36963081128530045
BH_s30_low,0,87,2.9,-0.33847957849502563,0.23487133596358806
BH_s30_low,0,88,2.933333333333333,-0.5775614976882935,0.09487967099749144
BH_s30_low,0,89,2.966666666666667,-0.709701418876648,-0.03638163863832828
BH_s30_low,0,90,3.0,-0.7864606380462646,-0.1491840463901266
BH_s30_low,0,91,3.033333333333333,-0.887549638748169,-0.23719903577701332
BH_s30_low,0,92,3.066666666666667,-0.9701619148254395,-0.2962568975712857
BH_s30_low,0,93,3.1,-1.06539785861969,-0.32412203281204915
BH_s30_low,0,94,3.1333333333333333,-1.1237050294876099,-0.3212439523703105
BH_s30_low,0,95,3.1666666666666665,-1.2432459592819214,-0.2910111194098164
BH_s30_low,0,96,3.2,-1.3627870082855225,-0.23898188159367892
BH_s30_low,0,97,3.2333333333333334,-1.4377357959747314,-0.17167484572168112
BH_s30_low,0,98,3.2666666666666666,-1.1182490587234497,-0.09561743259548704
BH_s30_low,0,99,3.3,-0.34874770045280457,-0.01729169614947035
BH_s30_low,0,100,3.3333333333333335,0.5940635204315186,0.056423398682626295
BH_s30_low,0,101,3.3666666666666667,1.1941990852355957,0.11862620297112388
BH_s30_low,0,102,3.4,1.2878230810165405,0.1636380933695345
BH_s30_low,0,103,3.433333333333333,1.1070483922958374,0.18788848085290644
BH_s30_low,0,104,3.466666666666667,1.0487412214279175,0.189867103279333
BH_s30_low,0,105,3.5,0.9292002320289612,0.16938295504145767
BH_s30_low,0,106,3.533333333333333,0.7484255433082581,0.12688409055754565
BH_s30_low,0,107,3.566666666666667,0.5133862495422363,0.06389793043770513
BH_s30_low,0,108,3.6,0.3256423771381378,-0.015729260062224262
BH_s30_low,0,109,3.6333333333333333,0.2545129656791687,-0.10541329179474819
BH_s30_low,0,110,3.6666666666666665,0.1477941870689392,-0.19656006923738756
BH_s30_low,0,111,3.7,-0.03298052027821541,-0.27939439686537276
BH_s30_low,0,112,3.7333333333333334,-0.2533872127532959,-0.3435114916087542
BH_s30_low,0,113,3.7666666666666666,-0.4924691319465637,-0.3785353549841987
BH_s30_low,0,114,3.8,-0.6703173518180847,-0.37526885565530294
BH_s30_low,0,115,3.8333333333333335,-0.8173130750656128,-0.3275706625491327
BH_s30_low,0,116,3.8666666666666667,-0.9089281558990479,-0.23468447427853897
BH_s30_low,0,117,3.9,-0.9951612949371338,-0.10323643128251969
BH_s30_low,0,118,3.933333333333333,-1.0534684658050537,0.052297181059023645
BH_s30_low,0,119,3.966666666666667,-1.1730095148086548,0.21197238230434615
BH_s30_low,0,120,4.0,-1.2925504446029663,0.35489777408558876
BH_s30_low,0,121,4.033333333333333,-1.3508576154708862,0.4632734966060282
BH_s30_low,0,122,4.066666666666666,-1.4703985452651978,0.5248927713398214
BH_s30_low,0,123,4.1,-1.5287058353424072,0.534769792174378
BH_s30_low,0,124,4.133333333333334,-1.5870130062103271,0.49579582801049
BH_s30_low,0,125,4.166666666666667,-1.7033796310424805,0.4175219939778717
BH_s30_low,0,126,4.2,-1.583838701248169,0.31338209661389793
BH_s30_low,0,127,4.233333333333333,-0.995756983757019,0.19784327609545174
BH_s30_low,0,128,4.266666666666667,-0.04796093702316284,0.08436502335636822
BH_s30_low,0,129,4.3,0.8572519421577454,-0.015715286212601164
BH_s30_low,0,130,4.333333333333333,1.1599737405776978,-0.09388108167331347
BH_s30_low,0,131,4.366666666666666,1.066523551940918,-0.14564408876626989
BH_s30_low,0,132,4.4,0.8857488632202148,-0.1718639666600483
BH_s30_low,0,133,4.433333333333334,0.8274416327476501,-0.1785392215506512
BH_s30_low,0,134,4.466666666666667,0.7691344022750854,-0.1746745243023594
BH_s30_low,0,135,4.5,0.6160377264022827,-0.1692177553299133
BH_s30_low,0,136,4.533333333333333,0.4075849950313568,-0.16844935752504767
BH_s30_low,0,137,4.566666666666666,0.2880440354347229,-0.1752889131259562
BH_s30_low,0,138,4.6,0.2297368049621582,-0.19021607387346978
BH_s30_low,0,139,4.633333333333334,0.0883462056517601,-0.21186554920770992
BH_s30_low,0,140,4.666666666666667,-0.07057886570692062,-0.23664426746522163
BH_s30_low,0,141,4.7,-0.25135356187820435,-0.2581915846384139
BH_s30_low,0,142,4.733333333333333,-0.4451983571052551,-0.2677412194481184
BH_s30_low,0,143,4.766666666666667,-0.6129029989242554,-0.2563613391969105
BH_s30_low,0,144,4.8,-0.7324439287185669,-0.21860315710899908
BH_s30_low,0,145,4.833333333333333,-0.8519849181175232,-0.15568665663642842
BH_s30_low,0,146,4.866666666666666,-0.9102921485900879,-0.07652779720220976
BH_s30_low,0,147,4.9,-1.0298330783843994,0.004514630131674368
BH_s30_low,0,148,4.933333333333334,-1.149374008178711,0.07221226195997116
BH_s30_low,0,149,4.966666666666667,-1.268915057182312,0.1145267333259162
BH_s30_low,0,150,5.0,-1.3884559869766235,0.12539472210344274
BH_s30_low,0,151,5.033333333333333,-1.4467631578445435,0.10759683265447309
BH_s30_low,0,152,5.066666666666666,-1.5212656259536743,0.07416062732210844
BH_s30_low,0,153,5.1,-1.6246113777160645,0.04420640317008359
BH_s30_low,0,154,5.133333333333334,-1.682918667793274,0.0345705152606618
BH_s30_low,0,155,5.166666666666667,-1.6936825513839722,0.053733835800373
BH_s30_low,0,156,5.2,-1.1988030672073364,0.10063117029220692
BH_s30_low,0,157,5.233333333333333,-0.2982778549194336,0.16641752350607542
BH_s30_low,0,158,5.266666666666667,0.6918041110038757,0.2375645854940646
BH_s30_low,0,159,5.3,1.1975719928741455,0.29940645682329653
BH_s30_low,0,160,5.333333333333333,1.190999984741211,0.33947292805932244
BH_s30_low,0,161,5.366666666666666,1.0318517684936523,0.3502080875625835
BH_s30_low,0,162,5.4,0.928084135055542,0.330243996329649
BH_s30_low,0,163,5.433333333333334,0.8540035486221313,0.2831157496981261
BH_s30_low,0,164,5.466666666666667,0.7245422601699829,0.21431905936079637
BH_s30_low,0,165,5.5,0.5466940402984619,0.12939975014279784
BH_s30_low,0,166,5.533333333333333,0.434146910905838,0.0339556068840712
BH_s30_low,0,167,5.566666666666666,0.3758396804332733,-0.0655728655217661
BH_s30_low,0,168,5.6,0.2562987208366394,-0.16134222917248378
BH_s30_low,0,169,5.633333333333334,0.08023630082607269,-0.24440175525036006
BH_s30_low,0,170,5.666666666666667,-0.10525069385766983,-0.3059793443646729
BH_s30_low,0,171,5.7,-0.33669382333755493,-0.3393510001880853
BH_s30_low,0,172,5.733333333333333,-0.46680009365081787,-0.34160069890924427
BH_s30_low,0,173,5.766666666666667,-0.647574782371521,-0.31443056071532255
BH_s30_low,0,174,5.8,-0.7252269387245178,-0.26384463625481674
BH_s30_low,0,175,5.833333333333333,-0.825423002243042,-0.19920961294964068
BH_s30_low,0,176,5.866666666666666,-0.9089281558990479,-0.1316604196149335
BH_s30_low,0,177,5.9,-1.003271222114563,-0.0713381203492374
BH_s30_low,0,178,5.933333333333334,-1.0926294326782227,-0.02430134566085038
BH_s30_low,0,179,5.966666666666667,-1.1811193227767944,0.008836243581180927
BH_s30_low,0,180,6.0,-1.239426612854004,0.031796632547404634
BH_s30_low,0,181,6.033333333333333,-1.3589675426483154,0.049799725668846044
BH_s30_low,0,182,6.066666666666666,-1.2636576890945435,0.06649516185540227
BH_s30_low,0,183,6.1,-0.6163758635520935,0.08256722841024366
BH_s30_low,0,184,6.133333333333334,0.29426825046539307,0.09634718488926328
BH_s30_low,0,185,6.166666666666667,1.07964289188385,0.10515887690609316
BH_s30_low,0,186,6.2,1.2342528104782104,0.10652266621896596
BH_s30_low,0,187,6.233333333333333,1.1040972471237183,0.09896148881689143
BH_s30_low,0,188,6.266666666666667,0.9271665811538696,0.08241407802636279
BH_s30_low,0,189,6.3,0.8076256513595581,0.0584769138704858
BH_s30_low,0,190,6.333333333333333,0.6880846619606018,0.030421609097097645
BH_s30_low,0,191,6.366666666666666,0.5073099732398987,0.002663714136484938
BH_s30_low,0,192,6.4,0.3877689838409424,-0.020226755495996302
BH_s30_low,0,193,6.433333333333334,0.3157466948032379,-0.03447361448800104
BH_s30_low,0,194,6.466666666666667,0.2711545526981354,-0.037702746684708084
BH_s30_low,0,195,6.5,0.15161359310150146,-0.029165784361768587
BH_s30_low,0,196,6.533333333333333,-0.006666481960564852,-0.00978728898272948
BH_s30_low,0,197,6.566666666666666,-0.24574841558933258,0.017583254732096754
BH_s30_low,0,198,6.6,-0.42359659075737,0.048005234359209246
BH_s30_low,0,199,6.633333333333334,-0.6014447808265686,0.07524710224401743
BH_s30_low,0,200,6.666666666666667,-0.7522599697113037,0.09344177872516198
BH_s30_low,0,201,6.7,-0.8476943969726562,0.09849407111434684
BH_s30_low,0,202,6.733333333333333,-0.9301081299781799,0.08865465526525976
BH_s30_low,0,203,6.766666666666667,-0.9884153604507446,0.06431950470606661
BH_s30_low,0,204,6.8,-1.1079562902450562,0.027573723116266834
BH_s30_low,0,205,6.833333333333333,-0.9941943883895874,-0.01770167783314466
BH_s30_low,0,206,6.866666666666666,-0.4139747619628906,-0.06552288852418299
BH_s30_low,0,207,6.9,0.42281198501586914,-0.10872727836464732
BH_s30_low,0,208,6.933333333333334,1.1802607774734497,-0.1410249641049806
BH_s30_low,0,209,6.966666666666667,1.35602605342865,-0.15853165844605227
BH_s30_low,0,210,7.0,1.2364850044250488,-0.16003989082691633
BH_s30_low,0,211,7.033333333333333,1.0557103157043457,-0.14636185896720694
BH_s30_low,0,212,7.066666666666666,0.9361693859100342,-0.1194295862003797
BH_s30_low,0,213,7.1,0.8166283965110779,-0.08199887690735758
BH_s30_low,0,214,7.133333333333334,0.6358537077903748,-0.03787421971938409
BH_s30_low,0,215,7.166666666666667,0.45507898926734924,0.008315453627877646
BH_s30_low,0,216,7.2,0.39677178859710693,0.05199622694573947
BH_s30_low,0,217,7.233333333333333,0.33846455812454224,0.08954940072788797
BH_s30_low,0,218,7.266666666666667,0.15768985450267792,0.11875425687776582
BH_s30_low,0,219,7.3,-0.02308485470712185,0.1385681980330428
BH_s30_low,0,220,7.333333333333333,-0.2948296368122101,0.14859750017893505
BH_s30_low,0,221,7.366666666666666,-0.5071017742156982,0.1490668205176078
BH_s30_low,0,222,7.4,-0.6878764629364014,0.1412812571629456
BH_s30_low,0,223,7.433333333333334,-0.7864606380462646,0.12776430496630006
BH_s30_low,0,224,7.466666666666667,-0.8657246232032776,0.11150819487929209
BH_s30_low,0,225,7.5,-0.9852656126022339,0.09420634338037423
BH_s30_low,0,226,7.533333333333333,-1.1048065423965454,0.0745623119752834
BH_s30_low,0,227,7.566666666666666,-1.1631138324737549,0.0487223335588279
BH_s30_low,0,228,7.6,-1.2826547622680664,0.012793324649165124
BH_s30_low,0,229,7.633333333333334,-1.3987981081008911,-0.03468602840777293
BH_s30_low,0,230,7.666666666666667,-1.3361510038375854,-0.09180437454316218
BH_s30_low,0,231,7.7,-0.8599715232849121,-0.15433526467751688
BH_s30_low,0,232,7.733333333333333,0.08898991346359253,-0.21768657256319682
BH_s30_low,0,233,7.766666666666667,0.992392361164093,-0.2773748563773625
BH_s30_low,0,234,7.8,1.3954840898513794,-0.32785947253228975
BH_s30_low,0,235,7.833333333333333,1.3238096237182617,-0.3618081450137583
BH_s30_low,0,236,7.866666666666666,1.1901071071624756,-0.3706264199443247
BH_s30_low,0,237,7.9,1.070566177368164,-0.3456151579633884
BH_s30_low,0,238,7.933333333333334,0.9510251879692078,-0.27955405391504917
BH_s30_low,0,239,7.966666666666667,0.7348843812942505,-0.16896020121546584
BH_s30_low,0,240,8.0,0.5282420516014099,-0.016806778059329567
BH_s30_low,0,241,8.033333333333333,0.3474673330783844,0.16502158067344133
BH_s30_low,0,242,8.066666666666666,0.2891601324081421,0.3549025565762867
BH_s30_low,0,243,8.1,0.14595910906791687,0.5239718936651913
BH_s30_low,0,244,8.133333333333333,-0.011155545711517334,0.6424885298494631
BH_s30_low,0,245,8.166666666666666,-0.27097100019454956,0.6891763857260761
BH_s30_low,0,246,8.2,-0.4951724410057068,0.6593319939365762
BH_s30_low,0,247,8.233333333333333,-0.6759471297264099,0.5650994518410011
BH_s30_low,0,248,8.266666666666667,-0.7954881191253662,0.42800997130141877
BH_s30_low,0,249,8.3,-0.9150290489196777,0.270538060319997
BH_s30_low,0,250,8.333333333333334,-1.0345700979232788,0.11076925880426622
BH_s30_low,0,251,8.366666666666667,-1.1541110277175903,-0.039312453939555334
BH_s30_low,0,252,8.4,-1.2150968313217163,-0.17288413985258416
BH_s30_low,0,253,8.433333333333334,-1.3319591283798218,-0.28673445480664334
BH_s30_low,0,254,8.466666666666667,-1.4515001773834229,-0.38019297881088565
BH_s30_low,0,255,8.5,-1.5212656259536743,-0.45440127142312253
BH_s30_low,0,256,8.533333333333333,-1.5824992656707764,-0.5116058970601035
BH_s30_low,0,257,8.566666666666666,-1.643733024597168,-0.5541192847585888
BH_s30_low,0,258,8.6,-1.7049667835235596,-0.58278501373223
BH_s30_low,0,259,8.633333333333333,-1.330918312072754,-0.5950838988999472
BH_s30_low,0,260,8.666666666666666,-0.5053172707557678,-0.5838583754400587
BH_s30_low,0,261,8.7,0.45101043581962585,-0.5382512592646733
BH_s30_low,0,262,8.733333333333333,1.0771875381469727,-0.44722131916824237
BH_s30_low,0,263,8.766666666666667,1.1202924251556396,-0.30460086926352514
BH_s30_low,0,264,8.8,0.9424442052841187,-0.11374972363303926
BH_s30_low,0,265,8.833333333333334,0.7851063013076782,0.11066572806299878
BH_s30_low,0,266,8.866666666666667,0.7267991304397583,0.34433784439449144
BH_s30_low,0,267,8.9,0.5313671231269836,0.5570091570561927
BH_s30_low,0,268,8.933333333333334,0.30401596426963806,0.7175673129640506
BH_s30_low,0,269,8.966666666666667,0.12324124574661255,0.8007517472945388
BH_s30_low,0,270,9.0,0.06493403017520905,0.7940262292991982
BH_s30_low,0,271,9.033333333333333,-0.05165575444698334,0.701667614626354
BH_s30_low,0,272,9.066666666666666,-0.17414790391921997,0.5439362416309039
BH_s30_low,0,273,9.1,-0.3520207405090332,0.35051319536460285
BH_s30_low,0,274,9.133333333333333,-0.591102659702301,0.15127125273687916
BH_s30_low,0,275,9.166666666666666,-0.7777057886123657,-0.029362387629981605
BH_s30_low,0,276,9.2,-0.8972467184066772,-0.17331465179861688
BH_s30_low,0,277,9.233333333333333,-1.0167876482009888,-0.26913803666926706
BH_s30_low,0,278,9.266666666666667,-1.0926294326782227,-0.3131699598255939
BH_s30_low,0,279,9.3,-1.1946358680725098,-0.310036774466931
BH_s30_low,0,280,9.333333333333334,-1.276330590248108,-0.2714850738308776
BH_s30_low,0,281,9.366666666666667,-1.3724840879440308,-0.21336782536314972
BH_s30_low,0,282,9.4,-1.4920250177383423,-0.15154872336518946
BH_s30_low,0,283,9.433333333333334,-1.5503321886062622,-0.0983186249319982
BH_s30_low,0,284,9.466666666666667,-1.5824992656707764,-0.06039418585239938
BH_s30_low,0,285,9.5,-1.643733024597168,-0.03886289163478579
BH_s30_low,0,286,9.533333333333333,-1.6640201807022095,-0.030725788570854607
BH_s30_low,0,287,9.566666666666666,-1.5916513204574585,-0.031085336579691047
BH_s30_low,0,288,9.6,-1.0383907556533813,-0.035219026323984805
BH_s30_low,0,289,9.633333333333333,-0.08206302672624588,-0.04010743056714497
BH_s30_low,0,290,9.666666666666666,0.7872879505157471,-0.04515103854605349
BH_s30_low,0,291,9.7,1.106130838394165,-0.05198539500323327
BH_s30_low,0,292,9.733333333333333,0.9226282238960266,-0.06307669033951055
BH_s30_low,0,293,9.766666666666667,0.6835463047027588,-0.07867264739545587
BH_s30_low,0,294,9.8,0.5638067722320557,-0.09403247253541192
BH_s30_low,0,295,9.833333333333334,0.44426578283309937,-0.10073180923433057
BH_s30_low,0,296,9.866666666666667,0.26349109411239624,-0.09155356014947197
BH_s30_low,0,297,9.9,0.03338728845119476,-0.06428839710837632
BH_s30_low,0,298,9.933333333333334,-0.05165575444698334,-0.022378565150022962
BH_s30_low,0,299,9.966666666666667,-0.05165575444698334,0.026561284838492506
BH_s30_low,1,0,10.0,-0.15343903005123138,0.0217200364865002
BH_s30_low,1,1,10.033333333333333,-0.31060299277305603,0.2169416923572567
BH_s30_low,1,2,10.066666666666666,-0.5496849417686462,0.3781431716859432
BH_s30_low,1,3,10.1,-0.7275331020355225,0.48164760112441934
BH_s30_low,1,4,10.133333333333333,-0.8765378594398499,0.5210123325809018
BH_s30_low,1,5,10.166666666666666,-0.9348450899124146,0.5050525681597603
BH_s30_low,1,6,10.2,-1.031395673751831,0.4483100590275139
BH_s30_low,1,7,10.233333333333333,-1.0926294326782227,0.3649651894436071
BH_s30_low,1,8,10.266666666666667,-1.1538630723953247,0.2693225391868822
BH_s30_low,1,9,10.3,-1.2293076515197754,0.17740097124201723
BH_s30_low,1,10,10.333333333333334,-1.2876149415969849,0.1052888715343745
BH_s30_low,1,11,10.366666666666667,-1.3987981081008911,0.06240451732115162
BH_s30_low,1,12,10.4,-1.4042294025421143,0.044322085474520115
BH_s30_low,1,13,10.433333333333334,-1.4625365734100342,0.03513296582680525
BH_s30_low,1,14,10.466666666666667,-1.5212656259536743,0.017907615282102742
BH_s30_low,1,15,10.5,-1.2284901142120361,-0.019223305456721317
BH_s30_low,1,16,10.533333333333333,-0.34678933024406433,-0.08447721878163797
BH_s30_low,1,17,10.566666666666666,0.5483046174049377,-0.18432297383883733
BH_s30_low,1,18,10.6,1.0875296592712402,-0.32174602408543157
BH_s30_low,1,19,10.633333333333333,1.0656059980392456,-0.4908725336303296
BH_s30_low,1,20,10.666666666666666,0.7803447246551514,-0.6720204037926759
BH_s30_low,1,21,10.7,0.5412628054618835,-0.8342449773626867
BH_s30_low,1,22,10.733333333333333,0.400814414024353,-0.9447437097745007
BH_s30_low,1,23,10.766666666666667,0.22003969550132751,-0.9768807840214243
BH_s30_low,1,24,10.8,0.0392649881541729,-0.9134050316567771
BH_s30_low,1,25,10.833333333333334,-0.019042231142520905,-0.7469970054178554
BH_s30_low,1,26,10.866666666666667,-0.05165575444698334,-0.4812213819124357
BH_s30_low,1,27,10.9,-0.0744229331612587,-0.13486157676966878
BH_s30_low,1,28,10.933333333333334,-0.2551976442337036,0.25362339203969064
BH_s30_low,1,29,10.966666666666667,-0.4528864622116089,0.6301692171732839
BH_s30_low,1,30,11.0,-0.6779807806015015,0.9393678063827704
BH_s30_low,1,31,11.033333333333333,-0.7975217700004578,1.1428609751138885
BH_s30_low,1,32,11.066666666666666,-0.9170626997947693,1.2318355635296099
BH_s30_low,1,33,11.1,-0.9701619148254395,1.2220308562854074
BH_s30_low,1,34,11.133333333333333,-1.033677101135254,1.1358721272067944
BH_s30_low,1,35,11.166666666666666,-1.0926294326782227,0.9912894946889337
BH_s30_low,1,36,11.2,-1.1502915620803833,0.8027157765055909
BH_s30_low,1,37,11.233333333333333,-1.2085988521575928,0.5844446196195238
BH_s30_low,1,38,11.266666666666667,-1.2669060230255127,0.35059766817844157
BH_s30_low,1,39,11.3,-1.3375643491744995,0.1117429990069313
BH_s30_low,1,40,11.333333333333334,-0.9240824580192566,-0.12849486731923557
BH_s30_low,1,41,11.366666666666667,-0.1360550820827484,-0.3711485469549936
BH_s30_low,1,42,11.4,0.7801695466041565,-0.614815259905193
BH_s30_low,1,43,11.433333333333334,1.2473722696304321,-0.8510218382639249
BH_s30_low,1,44,11.466666666666667,1.2269865274429321,-1.0645826882954508
BH_s30_low,1,45,11.5,0.9879045486450195,-1.2361659942073675
BH_s30_low,1,46,11.533333333333333,0.8384534120559692,-1.344841154742832
BH_s30_low,1,47,11.566666666666666,0.6322082281112671,-1.3695640429174964
BH_s30_low,1,48,11.6,0.3931262791156769,-1.2910852961600061
BH_s30_low,1,49,11.633333333333333,0.15404434502124786,-1.0977416735457663
BH_s30_low,1,50,11.666666666666666,0.009577987715601921,-0.7931277486645693
BH_s30_low,1,51,11.7,-0.0041864002123475075,-0.39855846728368477
BH_s30_low,1,52,11.733333333333333,-0.06249362230300903,0.051256314010347734
BH_s30_low,1,53,11.766666666666667,-0.18994592130184174,0.51500385980248
BH_s30_low,1,54,11.8,-0.42404302954673767,0.9500868840183628
BH_s30_low,1,55,11.833333333333334,-0.6048177480697632,1.313900682128971
BH_s30_low,1,56,11.866666666666667,-0.784724235534668,1.5645640762565824
BH_s30_low,1,57,11.9,-0.843899667263031,1.6694732568732706
BH_s30_low,1,58,11.933333333333334,-0.9022068977355957,1.618889324840307
BH_s30_low,1,59,11.966666666666667,-0.9605141282081604,1.4311252039465885
BH_s30_low,1,60,12.0,-1.018821358680725,1.1449370153649714
BH_s30_low,1,61,12.033333333333333,-1.077128529548645,0.8049635183474565
BH_s30_low,1,62,12.066666666666666,-1.1538630723953247,0.44808140271149943
BH_s30_low,1,63,12.1,-1.254976749420166,0.09868895931441739
BH_s30_low,1,64,12.133333333333333,-1.313283920288086,-0.22755038471220915
BH_s30_low,1,65,12.166666666666666,-1.3715912103652954,-0.520080587956554
BH_s30_low,1,66,12.2,-1.3987981081008911,-0.7726399322336147
BH_s30_low,1,67,12.233333333333333,-1.342450499534607,-0.9814029214790535
BH_s30_low,1,68,12.266666666666667,-0.7934311032295227,-1.1414870054074353
BH_s30_low,1,69,12.3,0.14923085272312164,-1.2448151760027801
BH_s30_low,1,70,12.333333333333334,1.166916847229004,-1.2808980969782566
BH_s30_low,1,71,12.366666666666667,1.6016552448272705,-1.2402702153892187
BH_s30_low,1,72,12.4,1.4521055221557617,-1.118713196368259
BH_s30_low,1,73,12.433333333333334,1.2130235433578491,-0.9192460997651627
BH_s30_low,1,74,12.466666666666667,1.0428634881973267,-0.6518839968623188
BH_s30_low,1,75,12.5,0.9233224987983704,-0.334080895617224
BH_s30_low,1,76,12.533333333333333,0.7407127618789673,0.008056352140341153
BH_s30_low,1,77,12.566666666666666,0.5617731213569641,0.3405948534943546
BH_s30_low,1,78,12.6,0.3809984028339386,0.6265852136110039
BH_s30_low,1,79,12.633333333333333,0.3226912021636963,0.8352615074315866
BH_s30_low,1,80,12.666666666666666,0.2643839716911316,0.9514724289155752
BH_s30_low,1,81,12.7,0.08360926061868668,0.9775474018684716
BH_s30_low,1,82,12.733333333333333,-0.09716544300317764,0.927230583812121
BH_s30_low,1,83,12.766666666666667,-0.27794015407562256,0.8187823635242871
BH_s30_low,1,84,12.8,-0.43713775277137756,0.6711027876023187
BH_s30_low,1,85,12.833333333333334,-0.578255832195282,0.5025577364507398
BH_s30_low,1,86,12.866666666666667,-0.6639931797981262,0.33068485988514645
BH_s30_low,1,87,12.9,-0.7561039924621582,0.1701039568937472
BH_s30_low,1,88,12.933333333333334,-0.8476943969726562,0.029679200700033864
BH_s30_low,1,89,12.966666666666667,-0.9339522123336792,-0.08655903993024179
BH_s30_low,1,90,13.0,-1.0534931421279907,-0.175738236838671
BH_s30_low,1,91,13.033333333333333,-1.1118003129959106,-0.23595850304984692
BH_s30_low,1,92,13.066666666666666,-1.2150968313217163,-0.27018506228343747
BH_s30_low,1,93,13.1,-1.22841477394104,-0.28896017690955667
BH_s30_low,1,94,13.133333333333333,-1.276330590248108,-0.30802681679761207
BH_s30_low,1,95,13.166666666666666,-1.3375643491744995,-0.33946190244311525
BH_s30_low,1,96,13.2,-1.3942596912384033,-0.381713841967834
BH_s30_low,1,97,13.233333333333333,-1.0813463926315308,-0.41939807430070275
BH_s30_low,1,98,13.266666666666667,-0.1846405416727066,-0.43338635870800396
BH_s30_low,1,99,13.3,0.8899134397506714,-0.4112399557315381
BH_s30_low,1,100,13.333333333333334,1.5729844570159912,-0.35173105286194944
BH_s30_low,1,101,13.366666666666667,1.560610055923462,-0.2624325535297783
BH_s30_low,1,102,13.4,1.2733150720596313,-0.15339682870733906
BH_s30_low,1,103,13.433333333333334,1.066498875617981,-0.03310689804645954
BH_s30_low,1,104,13.466666666666667,0.9469579458236694,0.09134797783306621
BH_s30_low,1,105,13.5,0.7879835367202759,0.21259100470136863
BH_s30_low,1,106,13.533333333333333,0.5489016175270081,0.32213632710185425
BH_s30_low,1,107,13.566666666666666,0.4046337902545929,0.4117472969816744
BH_s30_low,1,108,13.6,0.285092830657959,0.47542204199949195
BH_s30_low,1,109,13.633333333333333,0.22678561508655548,0.5080406598877851
BH_s30_low,1,110,13.666666666666666,0.04601091518998146,0.5026320713609763
BH_s30_low,1,111,13.7,-0.09540434181690216,0.4535677456088776
BH_s30_low,1,112,13.733333333333333,-0.2732525169849396,0.3640809073297534
BH_s30_low,1,113,13.766666666666667,-0.4350794553756714,0.24796821070680325
BH_s30_low,1,114,13.8,-0.5546204447746277,0.12328416876501151
BH_s30_low,1,115,13.833333333333334,-0.6741613745689392,0.004428607677499051
BH_s30_low,1,116,13.866666666666667,-0.7864606380462646,-0.1025046548009967
BH_s30_low,1,117,13.9,-0.8520095944404602,-0.19899687967631077
BH_s30_low,1,118,13.933333333333334,-0.9715505242347717,-0.2894298748356733
BH_s30_low,1,119,13.966666666666667,-1.031395673751831,-0.37702966783413294
BH_s30_low,1,120,14.0,-1.149398684501648,-0.46215892192809765
BH_s30_low,1,121,14.033333333333333,-1.2077059745788574,-0.5414979124406291
BH_s30_low,1,122,14.066666666666666,-1.2150968313217163,-0.6072625295942831
BH_s30_low,1,123,14.1,-1.276330590248108,-0.6465495507818232
BH_s30_low,1,124,14.133333333333333,-1.3375643491744995,-0.6423728511570057
BH_s30_low,1,125,14.166666666666666,-1.2532908916473389,-0.5789497793975492
BH_s30_low,1,126,14.2,-0.6344566941261292,-0.44948162430425337
BH_s30_low,1,127,14.233333333333333,0.33613112568855286,-0.2606734905670478
BH_s30_low,1,128,14.266666666666667,1.2173373699188232,-0.03149892489435582
BH_s30_low,1,129,14.3,1.4487571716308594,0.2124302809498313
BH_s30_low,1,130,14.333333333333334,1.212974190711975,0.44527077365403744
BH_s30_low,1,131,14.366666666666667,0.8789289593696594,0.6431804318072645
BH_s30_low,1,132,14.4,0.6398470401763916,0.7839392547185805
BH_s30_low,1,133,14.433333333333334,0.48072338104248047,0.8514158728594107
BH_s30_low,1,134,14.466666666666667,0.29994866251945496,0.8435619543816659
BH_s30_low,1,135,14.5,0.18040770292282104,0.7740628151908838
BH_s30_low,1,136,14.533333333333333,0.13204547762870789,0.6649789065821097
BH_s30_low,1,137,14.566666666666666,0.07081173360347748,0.5357268868589363
BH_s30_low,1,138,14.6,0.0054860468953847885,0.39540256977128563
BH_s30_low,1,139,14.633333333333333,-0.1764540821313858,0.24533647785760854
BH_s30_low,1,140,14.666666666666666,-0.4155360162258148,0.08830477674150858
BH_s30_low,1,141,14.7,-0.598071813583374,-0.06860237398168825
BH_s30_low,1,142,14.733333333333333,-0.7788465023040771,-0.21918676555922104
BH_s30_low,1,143,14.766666666666667,-0.8476943969726562,-0.3614706316288241
BH_s30_low,1,144,14.8,-0.9089281558990479,-0.49520573966428866
BH_s30_low,1,145,14.833333333333334,-1.015001893043518,-0.6167769148453538
BH_s30_low,1,146,14.866666666666667,-1.031395673751831,-0.7159819798222747
BH_s30_low,1,147,14.9,-1.1316163539886475,-0.779215185127166
BH_s30_low,1,148,14.933333333333334,-1.189923644065857,-0.7967683938770441
BH_s30_low,1,149,14.966666666666667,-1.1488289833068848,-0.7657545312414618
BH_s30_low,1,150,15.0,-0.575008749961853,-0.6872931565653795
BH_s30_low,1,151,15.033333333333333,0.2890588939189911,-0.5640393372015055
BH_s30_low,1,152,15.066666666666666,1.0255016088485718,-0.4011201020906643
BH_s30_low,1,153,15.1,1.2128249406814575,-0.20963217624768044
BH_s30_low,1,154,15.133333333333333,0.9338138699531555,-0.008511638770643449
BH_s30_low,1,155,15.166666666666666,0.6519995331764221,0.18154953322442807
BH_s30_low,1,156,15.2,0.4867996275424957,0.34852069918259704
BH_s30_low,1,157,15.233333333333333,0.3060249388217926,0.49111877480275123
BH_s30_low,1,158,15.266666666666667,0.1796887367963791,0.61100855939127
BH_s30_low,1,159,15.3,0.005709266755729914,0.7050936523354653
BH_s30_low,1,160,15.333333333333334,-0.05165575444698334,0.7642678205697376
BH_s30_low,1,161,15.366666666666667,-0.11090517789125443,0.7796778973277873
BH_s30_low,1,162,15.4,-0.23044614493846893,0.7506121813775533
BH_s30_low,1,163,15.433333333333334,-0.4033834636211395,0.6828312746233849
BH_s30_low,1,164,15.466666666666667,-0.5812316536903381,0.5796491304159306
BH_s30_low,1,165,15.5,-0.7115365266799927,0.4408801053014265
BH_s30_low,1,166,15.533333333333333,-0.8923112154006958,0.2710376141909157
BH_s30_low,1,167,15.566666666666666,-0.9506184458732605,0.08402802118388536
BH_s30_low,1,168,15.6,-0.9701619148254395,-0.10069709744212123
BH_s30_low,1,169,15.633333333333333,-1.0059990882873535,-0.26642196089507036
BH_s30_low,1,170,15.666666666666666,-1.064306378364563,-0.4060325456315603
BH_s30_low,1,171,15.7,-1.1538630723953247,-0.5214048880946299
BH_s30_low,1,172,15.733333333333333,-1.2150968313217163,-0.6163456094885584
BH_s30_low,1,173,15.766666666666667,-1.276330590248108,-0.6909022809109272
BH_s30_low,1,174,15.8,-1.2975353002548218,-0.7406895678401557
BH_s30_low,1,175,15.833333333333334,-1.282729983329773,-0.7597937372793787
BH_s30_low,1,176,15.866666666666667,-0.8014670610427856,-0.7438876827153297
BH_s30_low,1,177,15.9,0.12140358984470367,-0.6892343580000879
BH_s30_low,1,178,15.933333333333334,1.107542872428894,-0.5894142511985346
BH_s30_low,1,179,15.966666666666667,1.5404216051101685,-0.43721551792926083
BH_s30_low,1,180,16.0,1.41066312789917,-0.23215592576834776
BH_s30_low,1,181,16.033333333333335,1.172300100326538,0.013118918189626419
BH_s30_low,1,182,16.066666666666666,1.0527591705322266,0.2726488846480571
BH_s30_low,1,183,16.1,0.8719844222068787,0.5152512611312898
BH_s30_low,1,184,16.133333333333333,0.6992703080177307,0.7156453949663533
BH_s30_low,1,185,16.166666666666668,0.5104350447654724,0.8573955359840281
BH_s30_low,1,186,16.2,0.3296603262424469,0.9282890911935298
BH_s30_low,1,187,16.233333333333334,0.210119366645813,0.9202594952297821
BH_s30_low,1,188,16.266666666666666,0.11034508049488068,0.8355207420449307
BH_s30_low,1,189,16.3,-0.028962556272745132,0.6895980596607525
BH_s30_low,1,190,16.333333333333332,-0.18411754071712494,0.5070554224174912
BH_s30_low,1,191,16.366666666666667,-0.32927823066711426,0.3120766740376843
BH_s30_low,1,192,16.4,-0.5100529193878174,0.11977816510145078
BH_s30_low,1,193,16.433333333333334,-0.5683601498603821,-0.0636292007768672
BH_s30_low,1,194,16.466666666666665,-0.6639931797981262,-0.23341429640798553
BH_s30_low,1,195,16.5,-0.7462083101272583,-0.38242225887068027
BH_s30_low,1,196,16.533333333333335,-0.7864606380462646,-0.5038509646659057
BH_s30_low,1,197,16.566666666666666,-0.8628227710723877,-0.595400729424357
BH_s30_low,1,198,16.6,-0.9701619148254395,-0.6601526842326493
BH_s30_low,1,199,16.633333333333333,-1.031395673751831,-0.7015306475387306
BH_s30_low,1,200,16.666666666666668,-1.0926294326782227,-0.7163059387161601
BH_s30_low,1,201,16.7,-1.0960516929626465,-0.6951549119974747
BH_s30_low,1,202,16.733333333333334,-1.1538630723953247,-0.6308552022169468
BH_s30_low,1,203,16.766666666666666,-1.0362571477890015,-0.5247257259730622
BH_s30_low,1,204,16.8,-0.3340917229652405,-0.38629703593516745
BH_s30_low,1,205,16.833333333333332,0.6085948944091797,-0.22691455471090524
BH_s30_low,1,206,16.866666666666667,1.4731595516204834,-0.05293960626088848
BH_s30_low,1,207,16.9,1.6770259141921997,0.13238185820495413
BH_s30_low,1,208,16.933333333333334,1.4691442251205444,0.3206995252774775
BH_s30_low,1,209,16.966666666666665,1.2542427778244019,0.4970233562417982
BH_s30_low,1,210,17.0,1.1347017288208008,0.6465547331245334
BH_s30_low,1,211,17.033333333333335,1.0151607990264893,0.7597438900724276
BH_s30_low,1,212,17.066666666666666,0.8019218444824219,0.8312063963946157
BH_s30_low,1,213,17.1,0.653611421585083,0.8551099560419241
BH_s30_low,1,214,17.133333333333333,0.5340704321861267,0.822588782194082
BH_s30_low,1,215,17.166666666666668,0.475763201713562,0.7280847496519063
BH_s30_low,1,216,17.2,0.3562222421169281,0.579966522084556
BH_s30_low,1,217,17.233333333333334,0.15761587023735046,0.400447958610805
BH_s30_low,1,218,17.266666666666666,-0.06656090170145035,0.21388822733068302
BH_s30_low,1,219,17.3,-0.25931423902511597,0.03691909587398544
BH_s30_low,1,220,17.333333333333332,-0.4190582036972046,-0.12343676231299788
BH_s30_low,1,221,17.366666666666667,-0.4802919626235962,-0.2663233042170163
BH_s30_low,1,222,17.4,-0.5415257215499878,-0.3926737835411938
BH_s30_low,1,223,17.433333333333334,-0.6027594208717346,-0.5047334815157266
BH_s30_low,1,224,17.466666666666665,-0.6613392233848572,-0.6084427072333719
BH_s30_low,1,225,17.5,-0.7252269387245178,-0.7121383028901968
BH_s30_low,1,226,17.533333333333335,-0.8391873836517334,-0.8201471282563728
BH_s30_low,1,227,17.566666666666666,-0.8974946141242981,-0.9255035135216503
BH_s30_low,1,228,17.6,-0.9558018445968628,-1.0068565300580266
BH_s30_low,1,229,17.633333333333333,-1.0141090154647827,-1.0341676384875234
BH_s30_low,1,230,17.666666666666668,-1.0926294326782227,-0.9802584157488978
BH_s30_low,1,231,17.7,-0.9552074074745178,-0.8284281011695817
BH_s30_low,1,232,17.733333333333334,-0.29535260796546936,-0.5739903065919867
BH_s30_low,1,233,17.766666666666666,0.6671499609947205,-0.22554270075674357
BH_s30_low,1,234,17.8,1.4739785194396973,0.19177507716958908
BH_s30_low,1,235,17.833333333333332,1.6977347135543823,0.6331624406931132
BH_s30_low,1,236,17.866666666666667,1.4934985637664795,1.0371086236455132
BH_s30_low,1,237,17.9,1.254416584968567,1.3423610452800798
BH_s30_low,1,238,17.933333333333334,1.0941768884658813,1.5109485552722832
BH_s30_low,1,239,17.966666666666665,0.9134021997451782,1.5351935139231903
BH_s30_low,1,240,18.0,0.7821058034896851,1.4265891728351308
BH_s30_low,1,241,18.033333333333335,0.6130865216255188,1.2047345449477502
BH_s30_low,1,242,18.066666666666666,0.5547792911529541,0.8944470224396751
BH_s30_low,1,243,18.1,0.49944794178009033,0.5269785945009897
BH_s30_low,1,244,18.133333333333333,0.3769311308860779,0.13984457569302466
BH_s30_low,1,245,18.166666666666668,0.19903361797332764,-0.2298973267623259
BH_s30_low,1,246,18.2,-0.03424457460641861,-0.5557749245047916
BH_s30_low,1,247,18.233333333333334,-0.1566627472639084,-0.8247215725073136
BH_s30_low,1,248,18.266666666666666,-0.2849339544773102,-1.0312523320244174
BH_s30_low,1,249,18.3,-0.4044749140739441,-1.1713666398522957
BH_s30_low,1,250,18.333333333333332,-0.4802919626235962,-1.240496480212705
BH_s30_low,1,251,18.366666666666667,-0.5210893750190735,-1.2346656648957925
BH_s30_low,1,252,18.4,-0.5793966054916382,-1.1523217336495368
BH_s30_low,1,253,18.433333333333334,-0.6989375352859497,-0.9933941561850679
BH_s30_low,1,254,18.466666666666665,-0.7572447657585144,-0.7573456515651302
BH_s30_low,1,255,18.5,-0.8155519962310791,-0.44665682266170936
BH_s30_low,1,256,18.533333333333335,-0.8215296268463135,-0.07525614395029777
BH_s30_low,1,257,18.566666666666666,-0.40209606289863586,0.32555478825519146
BH_s30_low,1,258,18.6,0.37608498334884644,0.7098749571887722
BH_s30_low,1,259,18.633333333333333,1.3211790323257446,1.0318830921547821
BH_s30_low,1,260,18.666666666666668,1.7385815382003784,1.2636419779535162
BH_s30_low,1,261,18.7,1.7010583877563477,1.397449072803327
BH_s30_low,1,262,18.733333333333334,1.470582127571106,1.4330487061657318
BH_s30_low,1,263,18.766666666666666,1.412274956703186,1.368715690090166
BH_s30_low,1,264,18.8,1.292733907699585,1.2035558314125572
BH_s30_low,1,265,18.833333333333332,1.1121331453323364,0.9447379965576227
BH_s30_low,1,266,18.866666666666667,0.9342849850654602,0.6121704949755862
BH_s30_low,1,267,18.9,0.8056166172027588,0.23404727669437525
BH_s30_low,1,268,18.933333333333334,0.6921026110649109,-0.16346313812354984
BH_s30_low,1,269,18.966666666666665,0.6337953805923462,-0.5601434094272787
BH_s30_low,1,270,19.0,0.45302069187164307,-0.9368967033321866
BH_s30_low,1,271,19.033333333333335,0.22874528169631958,-1.270271683520068
BH_s30_low,1,272,19.066666666666666,-0.01033664122223854,-1.531522556109937
BH_s30_low,1,273,19.1,-0.08930341899394989,-1.6910442805290373
BH_s30_low,1,274,19.133333333333333,-0.2700781226158142,-1.7257643077801443
BH_s30_low,1,275,19.166666666666668,-0.3283853530883789,-1.6244187463536228
BH_s30_low,1,276,19.2,-0.4479263126850128,-1.3895011866305909
BH_s30_low,1,277,19.233333333333334,-0.5062335133552551,-1.0386733846658707
BH_s30_low,1,278,19.266666666666666,-0.6257745027542114,-0.6058698268284991
BH_s30_low,1,279,19.3,-0.745315432548523,-0.13960705248898025
BH_s30_low,1,280,19.333333333333332,-0.8476943969726562,0.3043937229965748
BH_s30_low,1,281,19.366666666666667,-0.923163652420044,0.6785419738790045
BH_s30_low,1,282,19.4,-0.9814708828926086,0.9585773736555769
BH_s30_low,1,283,19.433333333333334,-1.0926294326782227,1.1421096121051013
BH_s30_low,1,284,19.466666666666665,-1.0817174911499023,1.2332891667013273
BH_s30_low,1,285,19.5,-0.6437579989433289,1.2348912845801174
BH_s30_low,1,286,19.533333333333335,0.25173309445381165,1.1533822208792825
BH_s30_low,1,287,19.566666666666666,1.33013117313385,1.0053881302391772
BH_s30_low,1,288,19.6,1.827839732170105,0.817428497733024
BH_s30_low,1,289,19.633333333333333,1.855767011642456,0.6165790184654076
BH_s30_low,1,290,19.666666666666668,1.6749922037124634,0.41892449635427964
BH_s30_low,1,291,19.7,1.6166850328445435,0.2300340651661254
BH_s30_low,1,292,19.733333333333334,1.5583778619766235,0.05598236761485422
BH_s30_low,1,293,19.766666666666666,1.3984858989715576,-0.0918224268052707
BH_s30_low,1,294,19.8,1.159403920173645,-0.2023071574963422
BH_s30_low,1,295,19.833333333333332,1.0160536766052246,-0.2715989091158793
BH_s30_low,1,296,19.866666666666667,0.8965127468109131,-0.3050347666720483
BH_s30_low,1,297,19.9,0.7769717574119568,-0.31317400143632745
BH_s30_low,1,298,19.933333333333334,0.6317124366760254,-0.30506787122951934
BH_s30_low,1,299,19.966666666666665,0.39263051748275757,-0.28555747049176217
BH_s30_low,2,0,20.0,0.15354859828948975,-0.044883280083528834
BH_s30_low,2,1,20.033333333333335,-0.05165575444698334,0.22618061062490322
BH_s30_low,2,2,20.066666666666666,-0.18813550472259521,0.46601573874408925
BH_s30_low,2,3,20.1,-0.3076764643192291,0.6461002838663938
BH_s30_low,2,4,20.133333333333333,-0.42721742391586304,0.7473090166227389
BH_s30_low,2,5,20.166666666666668,-0.5467584133148193,0.762293958388389
BH_s30_low,2,6,20.2,-0.6662993431091309,0.6941279207190681
BH_s30_low,2,7,20.233333333333334,-0.7858403325080872,0.5547474417027151
BH_s30_low,2,8,20.266666666666666,-0.9053812623023987,0.36447057623347284
BH_s30_low,2,9,20.3,-1.031395673751831,0.15125637005191864
BH_s30_low,2,10,20.333333333333332,-1.1444631814956665,-0.05204587396725755
BH_s30_low,2,11,20.366666666666667,-1.2150968313217163,-0.21402844899984944
BH_s30_low,2,12,20.4,-1.276330590248108,-0.31248136176024677
BH_s30_low,2,13,20.433333333333334,-1.3806185722351074,-0.3381060097144186
BH_s30_low,2,14,20.466666666666665,-1.257308840751648,-0.29333111204703677
BH_s30_low,2,15,20.5,-0.6485195755958557,-0.19009792441526865
BH_s30_low,2,16,20.533333333333335,0.3180502951145172,-0.04841823558381321
BH_s30_low,2,17,20.566666666666666,1.2386406660079956,0.10504145582115049
BH_s30_low,2,18,20.6,1.6300770044326782,0.23999726228096488
BH_s30_low,2,19,20.633333333333333,1.550665020942688,0.3291517962096256
BH_s30_low,2,20,20.666666666666668,1.395385503768921,0.3559970610731439
BH_s30_low,2,21,20.7,1.295486569404602,0.3176063385929517
BH_s30_low,2,22,20.733333333333334,1.2175372838974,0.22165389973112298
BH_s30_low,2,23,20.766666666666666,1.0367625951766968,0.08247480856538317
BH_s30_low,2,24,20.8,0.9172216057777405,-0.08141816413637032
BH_s30_low,2,25,20.833333333333332,0.8056166172027588,-0.2489393327146632
BH_s30_low,2,26,20.866666666666667,0.7393734455108643,-0.39825082888608393
BH_s30_low,2,27,20.9,0.619832456111908,-0.5099767879428576
BH_s30_low,2,28,20.933333333333334,0.37951114773750305,-0.5708698697809418
BH_s30_low,2,29,20.966666666666665,0.20081938803195953,-0.5750391838043023
BH_s30_low,2,30,21.0,-0.038262538611888885,-0.5224789406747727
BH_s30_low,2,31,21.033333333333335,-0.16450011730194092,-0.4173071683184322
BH_s30_low,2,32,21.066666666666666,-0.34527480602264404,-0.26722597380399654
BH_s30_low,2,33,21.1,-0.4190582036972046,-0.08440892505348543
BH_s30_low,2,34,21.133333333333333,-0.523123025894165,0.11342695447365603
BH_s30_low,2,35,21.166666666666668,-0.6426639556884766,0.3040988418056392
BH_s30_low,2,36,21.2,-0.7009711861610413,0.4646635716242371
BH_s30_low,2,37,21.233333333333334,-0.8817458748817444,0.5761776152871457
BH_s30_low,2,38,21.266666666666666,-1.0012868642807007,0.6277139951550131
BH_s30_low,2,39,21.3,-1.1208277940750122,0.6179828574951648
BH_s30_low,2,40,21.333333333333332,-1.1791350841522217,0.5543646761549355
BH_s30_low,2,41,21.366666666666667,-1.0868269205093384,0.450614744711061
BH_s30_low,2,42,21.4,-0.5086421966552734,0.32412731207513124
BH_s30_low,2,43,21.433333333333334,0.40294408798217773,0.19309683330867983
BH_s30_low,2,44,21.466666666666665,1.2272824048995972,0.07371344677176601
BH_s30_low,2,45,21.5,1.4685485363006592,-0.022581840294366846
BH_s30_low,2,46,21.533333333333335,1.341294765472412,-0.09096512720196356
BH_s30_low,2,47,21.566666666666666,1.168232798576355,-0.1327557303857248
BH_s30_low,2,48,21.6,1.0486918687820435,-0.1532077202774734
BH_s30_low,2,49,21.633333333333333,0.8689839243888855,-0.1600750331263846
BH_s30_low,2,50,21.666666666666668,0.748376190662384,-0.16331300404746732
BH_s30_low,2,51,21.7,0.5676015019416809,-0.17408265036249457
BH_s30_low,2,52,21.733333333333334,0.49944794178009033,-0.202379544621623
BH_s30_low,2,53,21.766666666666666,0.4509870707988739,-0.25403160533606217
BH_s30_low,2,54,21.8,0.3314460813999176,-0.3285427280396701
BH_s30_low,2,55,21.833333333333332,0.10806356370449066,-0.41964677196481426
BH_s30_low,2,56,21.866666666666667,-0.13101837038993835,-0.5175878946399067
BH_s30_low,2,57,21.9,-0.333345502614975,-0.6095943653158565
BH_s30_low,2,58,21.933333333333334,-0.5141202211380005,-0.6788494945404083
BH_s30_low,2,59,21.966666666666665,-0.6027594208717346,-0.7059861681563683
BH_s30_low,2,60,22.0,-0.6919683814048767,-0.6740643391920369
BH_s30_low,2,61,22.033333333333335,-0.811509370803833,-0.5745423068342891
BH_s30_low,2,62,22.066666666666666,-0.9310503005981445,-0.41092527847269705
BH_s30_low,2,63,22.1,-1.050591230392456,-0.19675334036235712
BH_s30_low,2,64,22.133333333333333,-1.1701322793960571,0.04981301151839864
BH_s30_low,2,65,22.166666666666668,-1.276330590248108,0.307605235255257
BH_s30_low,2,66,22.2,-1.3479803800582886,0.550475910145261
BH_s30_low,2,67,22.233333333333334,-1.406287670135498,0.7492473492237806
BH_s30_low,2,68,22.266666666666666,-1.380545973777771,0.8789449387956374
BH_s30_low,2,69,22.3,-0.775005042552948,0.9260101033069944
BH_s30_low,2,70,22.333333333333332,0.12172544002532959,0.8916109036729553
BH_s30_low,2,71,22.366666666666667,1.0822696685791016,0.7895252368762936
BH_s30_low,2,72,22.4,1.4108110666275024,0.6403203868953858
BH_s30_low,2,73,22.433333333333334,1.3055561780929565,0.46633795120322535
BH_s30_low,2,74,22.466666666666665,1.1247814893722534,0.28924314885778724
BH_s30_low,2,75,22.5,1.1117854118347168,0.12880845210191735
BH_s30_low,2,76,22.533333333333335,1.0505516529083252,0.0014982135265672152
BH_s30_low,2,77,22.566666666666666,0.8886260390281677,-0.08216374427727924
BH_s30_low,2,78,22.6,0.6713197827339172,-0.12031217459237498
BH_s30_low,2,79,22.633333333333333,0.5270766019821167,-0.11951965939425968
BH_s30_low,2,80,22.666666666666668,0.4075356721878052,-0.09187104146672284
BH_s30_low,2,81,22.7,0.3492284417152405,-0.05275948060217518
BH_s30_low,2,82,22.733333333333334,0.14362826943397522,-0.019688441548887
BH_s30_low,2,83,22.766666666666666,-0.07355470955371857,-0.009229782102673507
BH_s30_low,2,84,22.8,-0.2120680958032608,-0.032155404281000124
BH_s30_low,2,85,22.833333333333332,-0.3738703727722168,-0.08976546303300868
BH_s30_low,2,86,22.866666666666667,-0.4934113323688507,-0.17364557461222163
BH_s30_low,2,87,22.9,-0.6231451630592346,-0.26973267903573056
BH_s30_low,2,88,22.933333333333334,-0.7324932813644409,-0.36431890239730175
BH_s30_low,2,89,22.966666666666665,-0.8520342111587524,-0.44695056031629027
BH_s30_low,2,90,23.0,-0.9715752005577087,-0.5093955470970277
BH_s30_low,2,91,23.033333333333335,-1.091116189956665,-0.544202299801906
BH_s30_low,2,92,23.066666666666666,-1.2106571197509766,-0.5448589439561913
BH_s30_low,2,93,23.1,-1.276330590248108,-0.5074655719424983
BH_s30_low,2,94,23.133333333333333,-1.3375643491744995,-0.43245242461321026
BH_s30_low,2,95,23.166666666666668,-1.3987981081008911,-0.32390778122811253
BH_s30_low,2,96,23.2,-1.505119800567627,-0.1871749189118265
BH_s30_low,2,97,23.233333333333334,-1.4369428157806396,-0.028290151819053633
BH_s30_low,2,98,23.266666666666666,-0.8792190551757812,0.14400977315724384
BH_s30_low,2,99,23.3,0.09141809493303299,0.31604702159756576
BH_s30_low,2,100,23.333333333333332,1.0059075355529785,0.4692789052820724
BH_s30_low,2,101,23.366666666666667,1.3567203283309937,0.584735657974604
BH_s30_low,2,102,23.4,1.2679578065872192,0.6494102527989827
BH_s30_low,2,103,23.433333333333334,1.1117854118347168,0.6583231647461174
BH_s30_low,2,104,23.466666666666665,1.0505516529083252,0.6122005127856895
BH_s30_low,2,105,23.5,0.9705686569213867,0.5168409927239795
BH_s30_low,2,106,23.533333333333335,0.8510277271270752,0.38504917663706684
BH_s30_low,2,107,23.566666666666666,0.6702529788017273,0.23655277931626448
BH_s30_low,2,108,23.6,0.5507120490074158,0.09418014285658077
BH_s30_low,2,109,23.633333333333333,0.43821418285369873,-0.02200144249121034
BH_s30_low,2,110,23.666666666666668,0.31163010001182556,-0.10009408367766859
BH_s30_low,2,111,23.7,0.1296653151512146,-0.13858031541630478
BH_s30_low,2,112,23.733333333333334,-0.049919310957193375,-0.14519073261467455
BH_s30_low,2,113,23.766666666666666,-0.28726479411125183,-0.1348189045587862
BH_s30_low,2,114,23.8,-0.46511298418045044,-0.1270429307674148
BH_s30_low,2,115,23.833333333333332,-0.5922434329986572,-0.14189717964691997
BH_s30_low,2,116,23.866666666666667,-0.6505506634712219,-0.19441083795979358
BH_s30_low,2,117,23.9,-0.7252269387245178,-0.2903366476027556
BH_s30_low,2,118,23.933333333333334,-0.8283988237380981,-0.42440834671313815
BH_s30_low,2,119,23.966666666666665,-0.9479398131370544,-0.5811467617681955
BH_s30_low,2,120,24.0,-1.0674808025360107,-0.7373201997623182
BH_s30_low,2,121,24.033333333333335,-1.1870217323303223,-0.8645133370430182
BH_s30_low,2,122,24.066666666666666,-1.276330590248108,-0.9317492133083675
BH_s30_low,2,123,24.1,-1.3648699522018433,-0.9095096864804162
BH_s30_low,2,124,24.133333333333333,-1.4231771230697632,-0.775808103563859
BH_s30_low,2,125,24.166666666666668,-1.481484293937683,-0.523878017296863
BH_s30_low,2,126,24.2,-1.5824992656707764,-0.16928740952552568
BH_s30_low,2,127,24.233333333333334,-1.4588676691055298,0.24713172852757104
BH_s30_low,2,128,24.266666666666666,-0.746310830116272,0.6642539537229879
BH_s30_low,2,129,24.3,0.28099703788757324,1.0162889753123
BH_s30_low,2,130,24.333333333333332,1.2002986669540405,1.2529684268285273
BH_s30_low,2,131,24.366666666666667,1.4714010953903198,1.3505883370077247
BH_s30_low,2,132,24.4,1.2935528755187988,1.3107709522443611
BH_s30_low,2,133,24.433333333333334,1.0544708967208862,1.1548774113800249
BH_s30_low,2,134,24.466666666666665,0.9329702854156494,0.9178728995908609
BH_s30_low,2,135,24.5,0.8746631145477295,0.6403511372517527
BH_s30_low,2,136,24.533333333333335,0.6938883662223816,0.35959868292876584
BH_s30_low,2,137,24.566666666666666,0.5131136775016785,0.10285932449625117
BH_s30_low,2,138,24.6,0.45480644702911377,-0.1149263007693519
BH_s30_low,2,139,24.633333333333333,0.39649924635887146,-0.2879567989314659
BH_s30_low,2,140,24.666666666666668,0.27695828676223755,-0.4137955105746039
BH_s30_low,2,141,24.7,0.12155541032552719,-0.49081741095121784
BH_s30_low,2,142,24.733333333333334,-0.08459113538265228,-0.5199733883594153
BH_s30_low,2,143,24.766666666666666,-0.29537469148635864,-0.5070097704801525
BH_s30_low,2,144,24.8,-0.5073742866516113,-0.46272694810764564
BH_s30_low,2,145,24.833333333333332,-0.6269152760505676,-0.4009888059168472
BH_s30_low,2,146,24.866666666666667,-0.7464562058448792,-0.33574047534593404
BH_s30_low,2,147,24.9,-0.8476943969726562,-0.279506052791903
BH_s30_low,2,148,24.933333333333334,-0.9243044257164001,-0.2430237039176875
BH_s30_low,2,149,24.966666666666665,-1.0438454151153564,-0.2330388824783731
BH_s30_low,2,150,25.0,-1.163386344909668,-0.24867679645860824
BH_s30_low,2,151,25.033333333333335,-1.2829272747039795,-0.28018298907592426
BH_s30_low,2,152,25.066666666666666,-1.402468204498291,-0.31147039615008293
BH_s30_low,2,153,25.1,-1.5205219984054565,-0.3251501328078238
BH_s30_low,2,154,25.133333333333333,-1.2828792333602905,-0.30756596357525867
BH_s30_low,2,155,25.166666666666668,-0.5211672186851501,-0.25077118825933503
BH_s30_low,2,156,25.2,0.427124559879303,-0.15207190815698501
BH_s30_low,2,157,25.233333333333334,1.1291693449020386,-0.01514603931972096
BH_s30_low,2,158,25.266666666666666,1.1869081258773804,0.14729581216239834
BH_s30_low,2,159,25.3,0.9172968864440918,0.3134314038033629
BH_s30_low,2,160,25.333333333333332,0.6613994240760803,0.45707341451816785
BH_s30_low,2,161,25.366666666666667,0.522116482257843,0.5568701953150855
BH_s30_low,2,162,25.4,0.4025754928588867,0.6047816619792404
BH_s30_low,2,163,25.433333333333334,0.2503223717212677,0.6051031828988761
BH_s30_low,2,164,25.466666666666665,0.13204547762870789,0.565425954723792
BH_s30_low,2,165,25.5,0.07081173360347748,0.49063842829168497
BH_s30_low,2,166,25.533333333333335,0.04687913879752159,0.3840895265244514
BH_s30_low,2,167,25.566666666666666,-0.07266182452440262,0.2519930013300123
BH_s30_low,2,168,25.6,-0.2715160846710205,0.10664049158883908
BH_s30_low,2,169,25.633333333333333,-0.49544498324394226,-0.03528346661037371
BH_s30_low,2,170,25.666666666666668,-0.6762197017669678,-0.158202634603768
BH_s30_low,2,171,25.7,-0.7345269322395325,-0.25138415334971725
BH_s30_low,2,172,25.733333333333334,-0.8476943969726562,-0.30932986159620957
BH_s30_low,2,173,25.766666666666666,-0.9123750925064087,-0.33159173527589825
BH_s30_low,2,174,25.8,-0.9706823229789734,-0.32305417038748363
BH_s30_low,2,175,25.833333333333332,-1.0902233123779297,-0.2936657635945088
BH_s30_low,2,176,25.866666666666667,-1.2097642421722412,-0.2566953776375628
BH_s30_low,2,177,25.9,-1.4352543354034424,-0.22499749285006643
BH_s30_low,2,178,25.933333333333334,-1.6213617324829102,-0.20684978119630099
BH_s30_low,2,179,25.966666666666665,-1.7992099523544312,-0.20466783505357325
BH_s30_low,2,180,26.0,-1.8444730043411255,-0.21699186146359234
BH_s30_low,2,181,26.033333333333335,-1.4573557376861572,-0.24115563264721757
BH_s30_low,2,182,26.066666666666666,-0.5638502836227417,-0.27430372913809875
BH_s30_low,2,183,26.1,0.4766029119491577,-0.3113150958623754
BH_s30_low,2,184,26.133333333333333,1.0542957782745361,-0.34155369197641594
BH_s30_low,2,185,26.166666666666668,1.0526604652404785,-0.34920709610475065
BH_s30_low,2,186,26.2,0.8135786056518555,-0.3182415724873282
BH_s30_low,2,187,26.233333333333334,0.6594398021697998,-0.23892259220453127
BH_s30_low,2,188,26.266666666666666,0.6011325716972351,-0.11228292305703634
BH_s30_low,2,189,26.3,0.4815916121006012,0.05077215824196057
BH_s30_low,2,190,26.333333333333332,0.3008168935775757,0.2340890501311665
BH_s30_low,2,191,26.366666666666667,0.18127593398094177,0.4185416990881437
BH_s30_low,2,192,26.4,0.12296871095895767,0.5819645595033818
BH_s30_low,2,193,26.433333333333334,0.0034277469385415316,0.7027221154244752
BH_s30_low,2,194,26.466666666666665,-0.11933693289756775,0.7665058361564312
BH_s30_low,2,195,26.5,-0.35841885209083557,0.7695277725428583
BH_s30_low,2,196,26.533333333333335,-0.5975008010864258,0.7160336643573866
BH_s30_low,2,197,26.566666666666666,-0.7809048295021057,0.6133530125899599
BH_s30_low,2,198,26.6,-0.9616795182228088,0.46838097444350957
BH_s30_low,2,199,26.633333333333333,-1.0199867486953735,0.28902819930872903
BH_s30_low,2,200,26.666666666666668,-1.0782939195632935,0.08859578365277107
BH_s30_low,2,201,26.7,-1.136601209640503,-0.11395031083458607
BH_s30_low,2,202,26.733333333333334,-1.1949083805084229,-0.29878302004159973
BH_s30_low,2,203,26.766666666666666,-1.276330590248108,-0.4497318779803767
BH_s30_low,2,204,26.8,-1.3375643491744995,-0.5556992989732418
BH_s30_low,2,205,26.833333333333332,-1.3987981081008911,-0.6094300080281607
BH_s30_low,2,206,26.866666666666667,-1.4600318670272827,-0.6061520822359967
BH_s30_low,2,207,26.9,-1.5212656259536743,-0.545908503073549
BH_s30_low,2,208,26.933333333333334,-1.544751763343811,-0.4380606231483862
BH_s30_low,2,209,26.966666666666665,-1.603058934211731,-0.30149191310512113
BH_s30_low,2,210,27.0,-1.4507331848144531,-0.15894854462025879
BH_s30_low,2,211,27.033333333333335,-0.7765688896179199,-0.029361854939154747
BH_s30_low,2,212,27.066666666666666,0.24984611570835114,0.07715365286652114
BH_s30_low,2,213,27.1,1.1995797157287598,0.15726401735173492
BH_s30_low,2,214,27.133333333333333,1.4061000347137451,0.20837936652484687
BH_s30_low,2,215,27.166666666666668,1.1640175580978394,0.22816337713349685
BH_s30_low,2,216,27.2,0.8667764067649841,0.21974827216159318
BH_s30_low,2,217,27.233333333333334,0.7472354173660278,0.19340576829653514
BH_s30_low,2,218,27.266666666666666,0.6276944875717163,0.16214446560653673
BH_s30_low,2,219,27.3,0.45562535524368286,0.1361751450458984
BH_s30_low,2,220,27.333333333333332,0.27777719497680664,0.11993213793330745
BH_s30_low,2,221,27.366666666666667,0.14660410583019257,0.11313622670044957
BH_s30_low,2,222,27.4,0.08829688280820847,0.11414330825031054
BH_s30_low,2,223,27.433333333333334,-0.010832399129867554,0.12110557707942478
BH_s30_low,2,224,27.466666666666665,-0.08955129981040955,0.13030098150976852
BH_s30_low,2,225,27.5,-0.30529502034187317,0.13496904350095623
BH_s30_low,2,226,27.533333333333335,-0.5443769693374634,0.1263647247809704
BH_s30_low,2,227,27.566666666666666,-0.6931091547012329,0.09661215862951576
BH_s30_low,2,228,27.6,-0.8126501441001892,0.04171520646768773
BH_s30_low,2,229,27.633333333333333,-0.9089281558990479,-0.03773632859274939
BH_s30_low,2,230,27.666666666666668,-0.9292645454406738,-0.13778203893990495
BH_s30_low,2,231,27.7,-0.9875717759132385,-0.25116281331052587
BH_s30_low,2,232,27.733333333333334,-1.0458790063858032,-0.365716861843528
BH_s30_low,2,233,27.766666666666666,-1.1654199361801147,-0.46328165397559967
BH_s30_low,2,234,27.8,-1.2237272262573242,-0.5215759536670359
BH_s30_low,2,235,27.833333333333332,-1.3375643491744995,-0.5210763312328618
BH_s30_low,2,236,27.866666666666667,-1.3403416872024536,-0.45384405059214594
BH_s30_low,2,237,27.9,-1.3987981081008911,-0.3268678995722675
BH_s30_low,2,238,27.933333333333334,-1.4569560289382935,-0.15875697861335913
BH_s30_low,2,239,27.966666666666665,-1.4600318670272827,0.02490010884423472
BH_s30_low,2,240,28.0,-1.1895784139633179,0.19546500091894078
BH_s30_low,2,241,28.033333333333335,-0.33019962906837463,0.32614818991495764
BH_s30_low,2,242,28.066666666666666,0.7338137030601501,0.3978397475713563
BH_s30_low,2,243,28.1,1.469588041305542,0.4038944397166098
BH_s30_low,2,244,28.133333333333333,1.5610564947128296,0.35168873454551797
BH_s30_low,2,245,28.166666666666668,1.3049371242523193,0.25905437666471454
BH_s30_low,2,246,28.2,1.0422937870025635,0.14743605429489753
BH_s30_low,2,247,28.233333333333334,0.8962648510932922,0.03693256121962156
BH_s30_low,2,248,28.266666666666666,0.7767238616943359,-0.055082887324941744
BH_s30_low,2,249,28.3,0.5959491729736328,-0.11385458524883542
BH_s30_low,2,250,28.333333333333332,0.45336851477622986,-0.12807039896725356
BH_s30_low,2,251,28.366666666666667,0.356867253780365,-0.09359260338426917
BH_s30_low,2,252,28.4,0.2985600233078003,-0.017659653087592007
BH_s30_low,2,253,28.433333333333334,0.17901906371116638,0.08265337979669046
BH_s30_low,2,254,28.466666666666665,-0.001755636534653604,0.18738584666869007
BH_s30_low,2,255,28.5,-0.12970370054244995,0.27921674679217184
BH_s30_low,2,256,28.533333333333335,-0.30207130312919617,0.34471269863573367
BH_s30_low,2,257,28.566666666666666,-0.4802919626235962,0.37311121686019594
BH_s30_low,2,258,28.6,-0.5411532521247864,0.35543676300685717
BH_s30_low,2,259,28.633333333333333,-0.6027594208717346,0.28688095532746977
BH_s30_low,2,260,28.666666666666668,-0.6639931797981262,0.17120590540431707
BH_s30_low,2,261,28.7,-0.7252269387245178,0.022055201692942117
BH_s30_low,2,262,28.733333333333334,-0.7864606380462646,-0.14012617944189268
BH_s30_low,2,263,28.766666666666666,-0.8939231038093567,-0.29268772850576197
BH_s30_low,2,264,28.8,-0.9522302746772766,-0.4145779439121654
BH_s30_low,2,265,28.833333333333332,-1.0105375051498413,-0.48816639833622183
BH_s30_low,2,266,28.866666666666667,-1.0688447952270508,-0.5002541922975081
BH_s30_low,2,267,28.9,-1.1271519660949707,-0.44533963723221
BH_s30_low,2,268,28.933333333333334,-0.9050114154815674,-0.32990704488223355
BH_s30_low,2,269,28.966666666666665,-0.12846818566322327,-0.17245697890878492
BH_s30_low,2,270,29.0,0.889093279838562,0.001484044937316636
BH_s30_low,2,271,29.033333333333335,1.6088709831237793,0.1653719636864734
BH_s30_low,2,272,29.066666666666666,1.684342861175537,0.29605560483149007
BH_s30_low,2,273,29.1,1.3670637607574463,0.37593869902022964
BH_s30_low,2,274,29.133333333333333,1.0837115049362183,0.39388215728104786
BH_s30_low,2,275,29.166666666666668,0.9169737100601196,0.34705413973120447
BH_s30_low,2,276,29.2,0.7974327802658081,0.24317184754880303
BH_s30_low,2,277,29.233333333333334,0.6166580319404602,0.09991497076227551
BH_s30_low,2,278,29.266666666666666,0.5583508610725403,-0.05902521580667431
BH_s30_low,2,279,29.3,0.49944794178009033,-0.20891124686868306
BH_s30_low,2,280,29.333333333333332,0.49944794178009033,-0.32808822347251215
BH_s30_low,2,281,29.366666666666667,0.32864415645599365,-0.4003019475603711
BH_s30_low,2,282,29.4,0.14142072200775146,-0.41557858551154214
BH_s30_low,2,283,29.433333333333334,-0.039353981614112854,-0.3711610922023632
BH_s30_low,2,284,29.466666666666665,-0.22012868523597717,-0.27282127780790444
BH_s30_low,2,285,29.5,-0.3396696448326111,-0.1355449457000821
BH_s30_low,2,286,29.533333333333335,-0.459210604429245,0.017833791531950423
BH_s30_low,2,287,29.566666666666666,-0.5415257215499878,0.16146272450865862
BH_s30_low,2,288,29.6,-0.6027594208717346,0.2729995351465395
BH_s30_low,2,289,29.633333333333333,-0.6953660249710083,0.33724653930694565
BH_s30_low,2,290,29.666666666666668,-0.753673255443573,0.3462881753698651
BH_s30_low,2,291,29.7,-0.8732141852378845,0.299545738204411
BH_s30_low,2,292,29.733333333333334,-0.8863348960876465,0.20515651154325631
BH_s30_low,2,293,29.766666666666666,-0.4235251843929291,0.08161097522913355
BH_s30_low,2,294,29.8,0.46640875935554504,-0.04315444195410715
BH_s30_low,2,295,29.833333333333332,1.5008362531661987,-0.13891038336462072
BH_s30_low,2,296,29.866666666666667,1.9690577983856201,-0.18410250803785772
BH_s30_low,2,297,29.9,1.8919026851654053,-0.1725263040125902
BH_s30_low,2,298,29.933333333333334,1.6578549146652222,-0.1129211690972069
BH_s30_low,2,299,29.966666666666665,1.5404216051101685,-0.02460817964183701
BH_s30_low,3,0,30.0,1.4800066947937012,0.14876585387428498
BH_s30_low,3,1,30.033333333333335,1.299232006072998,0.5237885429019761
BH_s30_low,3,2,30.066666666666666,1.125129222869873,0.842637358831985
BH_s30_low,3,3,30.1,1.0505516529083252,1.0603238497028795
BH_s30_low,3,4,30.133333333333333,0.9893178939819336,1.1483324664849144
BH_s30_low,3,5,30.166666666666668,0.8365196585655212,1.0998127845157522
BH_s30_low,3,6,30.2,0.6402934789657593,0.9289022117765502
BH_s30_low,3,7,30.233333333333334,0.4195895493030548,0.6641192775402777
BH_s30_low,3,8,30.266666666666666,0.180507630109787,0.3388626522628567
BH_s30_low,3,9,30.3,-0.02449815161526203,-0.01551906418574071
BH_s30_low,3,10,30.333333333333332,-0.1440391093492508,-0.372180283665754
BH_s30_low,3,11,30.366666666666667,-0.2635800838470459,-0.7087021438879577
BH_s30_low,3,12,30.4,-0.444354772567749,-1.005956671618904
BH_s30_low,3,13,30.433333333333334,-0.5026620030403137,-1.2464523190839265
BH_s30_low,3,14,30.466666666666665,-0.62220299243927,-1.4128319970052918
BH_s30_low,3,15,30.5,-0.7417439222335815,-1.4872233872862568
BH_s30_low,3,16,30.533333333333335,-0.8476943969726562,-1.4527034509214896
BH_s30_low,3,17,30.566666666666666,-0.9195921421051025,-1.2983395148833778
BH_s30_low,3,18,30.6,-0.9778993129730225,-1.0261440410118572
BH_s30_low,3,19,30.633333333333333,-1.036206603050232,-0.6554528435187882
BH_s30_low,3,20,30.666666666666668,-0.9645087122917175,-0.22183528233824207
BH_s30_low,3,21,30.7,-0.3651193380355835,0.23003365820677965
BH_s30_low,3,22,30.733333333333334,0.6474313139915466,0.6561966654891708
BH_s30_low,3,23,30.766666666666666,1.730195164680481,1.0194489320403173
BH_s30_low,3,24,30.8,2.133115530014038,1.2909674545885452
BH_s30_low,3,25,30.833333333333332,1.9945541620254517,1.4527113513505159
BH_s30_low,3,26,30.866666666666667,1.7554723024368286,1.500653857647336
BH_s30_low,3,27,30.9,1.6814903020858765,1.4436747658439253
BH_s30_low,3,28,30.933333333333334,1.6231831312179565,1.2979864309877638
BH_s30_low,3,29,30.966666666666665,1.466862678527832,1.0821216203370703
BH_s30_low,3,30,31.0,1.2616336345672607,0.814900520068152
BH_s30_low,3,31,31.033333333333335,1.1420927047729492,0.5156282558748277
BH_s30_low,3,32,31.066666666666666,1.0225517749786377,0.20464858478508915
BH_s30_low,3,33,31.1,0.9030107855796814,-0.09815413473167989
BH_s30_low,3,34,31.133333333333333,0.7000892162322998,-0.37644578665939243
BH_s30_low,3,35,31.166666666666668,0.461007297039032,-0.618898622321574
BH_s30_low,3,36,31.2,0.23821917176246643,-0.8179006576734134
BH_s30_low,3,37,31.233333333333334,0.05744446441531181,-0.9668350571199924
BH_s30_low,3,38,31.266666666666666,-0.05165575444698334,-1.0580156630592858
BH_s30_low,3,39,31.3,-0.17412324249744415,-1.0835945053610803
BH_s30_low,3,40,31.333333333333332,-0.2399446815252304,-1.0386794743281125
BH_s30_low,3,41,31.366666666666667,-0.3594856560230255,-0.9230374668404422
BH_s30_low,3,42,31.4,-0.5389950275421143,-0.7407829228914171
BH_s30_low,3,43,31.433333333333334,-0.6598013043403625,-0.5005880500073141
BH_s30_low,3,44,31.466666666666665,-0.7793422937393188,-0.2172715585472804
BH_s30_low,3,45,31.5,-0.8988832235336304,0.08636406767504862
BH_s30_low,3,46,31.533333333333335,-0.9701619148254395,0.3797599587393018
BH_s30_low,3,47,31.566666666666666,-1.0767314434051514,0.6297360242428038
BH_s30_low,3,48,31.6,-1.196272373199463,0.8092240219084372
BH_s30_low,3,49,31.633333333333333,-1.197365164756775,0.9043281867010146
BH_s30_low,3,50,31.666666666666668,-0.7142683267593384,0.916271901146958
BH_s30_low,3,51,31.7,0.28464123606681824,0.8574134658166732
BH_s30_low,3,52,31.733333333333334,1.3879413604736328,0.7440260656849201
BH_s30_low,3,53,31.766666666666666,1.9356006383895874,0.5913650344923885
BH_s30_low,3,54,31.8,1.9193575382232666,0.41250005046551336
BH_s30_low,3,55,31.833333333333332,1.7021992206573486,0.2181036435131852
BH_s30_low,3,56,31.866666666666667,1.5826581716537476,0.016362990997479093
BH_s30_low,3,57,31.9,1.4791878461837769,-0.18556932844189789
BH_s30_low,3,58,31.933333333333334,1.3304322957992554,-0.37887582672953235
BH_s30_low,3,59,31.966666666666665,1.1525840759277344,-0.5511194909748325
BH_s30_low,3,60,32.0,0.9893178939819336,-0.6867655275521426
BH_s30_low,3,61,32.03333333333333,0.9849534034729004,-0.7711882202133308
BH_s30_low,3,62,32.06666666666667,0.8654124140739441,-0.7962378207048613
BH_s30_low,3,63,32.1,0.6861262917518616,-0.7629496269472198
BH_s30_low,3,64,32.13333333333333,0.44704437255859375,-0.6801050944230531
BH_s30_low,3,65,32.166666666666664,0.14672869443893433,-0.5607730453643204
BH_s30_low,3,66,32.2,0.019846118986606598,-0.4186786302604897
BH_s30_low,3,67,32.233333333333334,-0.09969484061002731,-0.2655284956939938
BH_s30_low,3,68,32.266666666666666,-0.21923580765724182,-0.10975664219961047
BH_s30_low,3,69,32.3,-0.3809628188610077,0.043531724969944674
BH_s30_low,3,70,32.333333333333336,-0.5195514559745789,0.19151710671800032
BH_s30_low,3,71,32.36666666666667,-0.6390924453735352,0.3314731868106126
BH_s30_low,3,72,32.4,-0.7252269387245178,0.45818372028480375
BH_s30_low,3,73,32.43333333333333,-0.7252269387245178,0.5624093436293094
BH_s30_low,3,74,32.46666666666667,-0.7864606380462646,0.6317978510041312
BH_s30_low,3,75,32.5,-0.8723213076591492,0.6552082901224437
BH_s30_low,3,76,32.53333333333333,-0.9267610907554626,0.6282275064638736
BH_s30_low,3,77,32.56666666666667,-0.4713423550128937,0.5549847354620572
BH_s30_low,3,78,32.6,0.4583728313446045,0.4457141265506035
BH_s30_low,3,79,32.63333333333333,1.373011589050293,0.3139465398492008
BH_s30_low,3,80,32.666666666666664,1.7853565216064453,0.17470191475094005
BH_s30_low,3,81,32.7,1.6487535238265991,0.042226101016685176
BH_s30_low,3,82,32.733333333333334,1.405530333518982,-0.07263532413064328
BH_s30_low,3,83,32.766666666666666,1.1705896854400635,-0.16370897115728242
BH_s30_low,3,84,32.8,0.991029679775238,-0.22904145461568104
BH_s30_low,3,85,32.833333333333336,0.8148932456970215,-0.26976854295642005
BH_s30_low,3,86,32.86666666666667,0.5758113265037537,-0.2888312997413251
BH_s30_low,3,87,32.9,0.39796313643455505,-0.2894343876095077
BH_s30_low,3,88,32.93333333333333,0.3291645646095276,-0.27383154908979274
BH_s30_low,3,89,32.96666666666667,0.20962360501289368,-0.24359812644519677
BH_s30_low,3,90,33.0,-0.013113919645547867,-0.20087146070752263
BH_s30_low,3,91,33.03333333333333,-0.19096210598945618,-0.1485158432933718
BH_s30_low,3,92,33.06666666666667,-0.3327005207538605,-0.08922972489854396
BH_s30_low,3,93,33.1,-0.4522414803504944,-0.02565464274883883
BH_s30_low,3,94,33.13333333333333,-0.5717824101448059,0.038526092391504514
BH_s30_low,3,95,33.166666666666664,-0.6300896406173706,0.0985884195732783
BH_s30_low,3,96,33.2,-0.6883968710899353,0.15016966692453534
BH_s30_low,3,97,33.233333333333334,-0.8079378604888916,0.19048810452717185
BH_s30_low,3,98,33.266666666666666,-0.8662450313568115,0.218368679570532
BH_s30_low,3,99,33.3,-0.9857860207557678,0.23291362349977543
BH_s30_low,3,100,33.333333333333336,-1.0440932512283325,0.23178302532702197
BH_s30_low,3,101,33.36666666666667,-1.144092082977295,0.21092944952599013
BH_s30_low,3,102,33.4,-0.8066270351409912,0.16625591953022753
BH_s30_low,3,103,33.43333333333333,-0.01639341004192829,0.09615295737323445
BH_s30_low,3,104,33.46666666666667,1.0574922561645508,0.0035787005199770707
BH_s30_low,3,105,33.5,1.7163827419281006,-0.1036334186965283
BH_s30_low,3,106,33.53333333333333,1.846590280532837,-0.21432111355577277
BH_s30_low,3,107,33.56666666666667,1.6706770658493042,-0.31623571167630005
BH_s30_low,3,108,33.6,1.6016552448272705,-0.3982552727071296
BH_s30_low,3,109,33.63333333333333,1.5540626049041748,-0.4524080946094709
BH_s30_low,3,110,33.666666666666664,1.4345216751098633,-0.4753620237150963
BH_s30_low,3,111,33.7,1.2732411623001099,-0.4688670335925298
BH_s30_low,3,112,33.733333333333334,1.1342060565948486,-0.4385815228090552
BH_s30_low,3,113,33.766666666666666,1.0146650075912476,-0.3908276571573778
BH_s30_low,3,114,33.8,0.895124077796936,-0.3289285879812655
BH_s30_low,3,115,33.833333333333336,0.6843158602714539,-0.25250822469173134
BH_s30_low,3,116,33.86666666666667,0.44523394107818604,-0.1600450610684417
BH_s30_low,3,117,33.9,0.20615200698375702,-0.05181999698874258
BH_s30_low,3,118,33.93333333333333,-0.011675962246954441,0.06842046415172778
BH_s30_low,3,119,33.96666666666667,-0.13121692836284637,0.19318213264376846
BH_s30_low,3,120,34.0,-0.2507579028606415,0.31216569440454317
BH_s30_low,3,121,34.03333333333333,-0.4315325915813446,0.4140978661574519
BH_s30_low,3,122,34.06666666666667,-0.560621440410614,0.48901772658577797
BH_s30_low,3,123,34.1,-0.6706145405769348,0.5305425498603056
BH_s30_low,3,124,34.13333333333333,-0.7901554703712463,0.5373675958684112
BH_s30_low,3,125,34.166666666666664,-0.9096964597702026,0.5131198354631714
BH_s30_low,3,126,34.2,-1.0292373895645142,0.46462897280938975
BH_s30_low,3,127,34.233333333333334,-1.1487783193588257,0.39961074840166916
BH_s30_low,3,128,34.266666666666666,-1.2150968313217163,0.32477168938722933
BH_s30_low,3,129,34.3,-1.3266265392303467,0.24514024529202114
BH_s30_low,3,130,34.333333333333336,-1.0868529081344604,0.1645090754276139
BH_s30_low,3,131,34.36666666666667,-0.308449923992157,0.0860200889071725
BH_s30_low,3,132,34.4,0.7921442985534668,0.012420407929152312
BH_s30_low,3,133,34.43333333333333,1.6721371412277222,-0.0538656264837519
BH_s30_low,3,134,34.46666666666667,1.9078240394592285,-0.11084041864521475
BH_s30_low,3,135,34.5,1.719882845878601,-0.15735174704383906
BH_s30_low,3,136,34.53333333333333,1.5106112957000732,-0.19349288353799218
BH_s30_low,3,137,34.56666666666667,1.4523040056228638,-0.2202686659497396
BH_s30_low,3,138,34.6,1.3327630758285522,-0.2385307933297627
BH_s30_low,3,139,34.63333333333333,1.1309576034545898,-0.24792088983476054
BH_s30_low,3,140,34.666666666666664,0.9099799394607544,-0.24653404739000148
BH_s30_low,3,141,34.7,0.8056166172027588,-0.23180776469873657
BH_s30_low,3,142,34.733333333333334,0.7321317195892334,-0.20234748868367503
BH_s30_low,3,143,34.766666666666666,0.6032661199569702,-0.1596550274899535
BH_s30_low,3,144,34.8,0.3577860891819,-0.10886819626207285
BH_s30_low,3,145,34.833333333333336,0.06386853754520416,-0.05796538625034615
BH_s30_low,3,146,34.86666666666667,-0.05274590477347374,-0.015524024887778166
BH_s30_low,3,147,34.9,-0.2329755425453186,0.012235086296632017
BH_s30_low,3,148,34.93333333333333,-0.3525165021419525,0.02388815725385316
BH_s30_low,3,149,34.96666666666667,-0.5250567197799683,0.02326439888078606
BH_s30_low,3,150,35.0,-0.6528321504592896,0.017615281916053847
BH_s30_low,3,151,35.03333333333333,-0.8336068987846375,0.014438820149282853
BH_s30_low,3,152,35.06666666666667,-0.9973675012588501,0.018343201058364726
BH_s30_low,3,153,35.1,-1.1339225769042969,0.029480167828318516
BH_s30_low,3,154,35.13333333333333,-1.2150968313217163,0.04377830099576176
BH_s30_low,3,155,35.166666666666664,-1.276330590248108,0.05391134383672367
BH_s30_low,3,156,35.2,-1.3700779676437378,0.051015235474633935
BH_s30_low,3,157,35.233333333333334,-1.3100368976593018,0.02819218659494111
BH_s30_low,3,158,35.266666666666666,-0.6344099640846252,-0.015503071317209065
BH_s30_low,3,159,35.3,0.3456517457962036,-0.07398985329080106
BH_s30_low,3,160,35.333333333333336,1.2158229351043701,-0.13676538251686968
BH_s30_low,3,161,35.36666666666667,1.52254056930542,-0.19312133980255108
BH_s30_low,3,162,35.4,1.311856985092163,-0.23565032781525755
BH_s30_low,3,163,35.43333333333333,1.0264956951141357,-0.2610188188480348
BH_s30_low,3,164,35.46666666666667,0.8486475348472595,-0.26833067546011985
BH_s30_low,3,165,35.5,0.6769742369651794,-0.2576107072905714
BH_s30_low,3,166,35.53333333333333,0.4929511845111847,-0.22933840544140718
BH_s30_low,3,167,35.56666666666667,0.3157466948032379,-0.18413836397777353
BH_s30_low,3,168,35.6,0.3157466948032379,-0.12245675360046165
BH_s30_low,3,169,35.63333333333333,0.2545129656791687,-0.04485191282863562
BH_s30_low,3,170,35.666666666666664,0.0877271518111229,0.04716319149417082
BH_s30_low,3,171,35.7,-0.10150526463985443,0.1504743308471863
BH_s30_low,3,172,35.733333333333334,-0.3761259615421295,0.2599369705617394
BH_s30_low,3,173,35.766666666666666,-0.6295186281204224,0.36749169124095327
BH_s30_low,3,174,35.8,-0.8073667883872986,0.46172263142509
BH_s30_low,3,175,35.833333333333336,-0.9470715522766113,0.5300837841060919
BH_s30_low,3,176,35.86666666666667,-1.0053788423538208,0.563213000998541
BH_s30_low,3,177,35.9,-1.031395673751831,0.558033204170672
BH_s30_low,3,178,35.93333333333333,-1.0926294326782227,0.5181273006459035
BH_s30_low,3,179,35.96666666666667,-1.1803004741668701,0.452006688603818
BH_s30_low,3,180,36.0,-1.2998414039611816,0.37034179630702646
BH_s30_low,3,181,36.03333333333333,-1.1939934492111206,0.28340457032118016
BH_s30_low,3,182,36.06666666666667,-0.540388822555542,0.1993165357675939
BH_s30_low,3,183,36.1,0.3576316833496094,0.12297010159862652
BH_s30_low,3,184,36.13333333333333,1.0977704524993896,0.05550972655865656
BH_s30_low,3,185,36.166666666666664,1.286608338356018,-0.005632795103368294
BH_s30_low,3,186,36.2,1.0998820066452026,-0.0659253244176244
BH_s30_low,3,187,36.233333333333334,0.9220337867736816,-0.1317687402929621
BH_s30_low,3,188,36.266666666666666,0.7442842721939087,-0.20809699396920156
BH_s30_low,3,189,36.3,0.5663374662399292,-0.2972182233056172
BH_s30_low,3,190,36.333333333333336,0.38273486495018005,-0.3990620515077414
BH_s30_low,3,191,36.36666666666667,0.2545129656791687,-0.5114879686389039
BH_s30_low,3,192,36.4,0.1932792216539383,-0.6298884869248625
BH_s30_low,3,193,36.43333333333333,0.14657944440841675,-0.7461372851578385
BH_s30_low,3,194,36.46666666666667,-0.016734760254621506,-0.847908427996018
BH_s30_low,3,195,36.5,-0.23542967438697815,-0.9200882834153891
BH_s30_low,3,196,36.53333333333333,-0.49489861726760864,-0.9477240274116085
BH_s30_low,3,197,36.56666666666667,-0.6989868879318237,-0.9178016648720272
BH_s30_low,3,198,36.6,-0.8185278177261353,-0.8200236252095734
BH_s30_low,3,199,36.63333333333333,-0.9380688071250916,-0.6494994653483537
BH_s30_low,3,200,36.666666666666664,-1.0576097965240479,-0.41090477593908736
BH_s30_low,3,201,36.7,-1.1771507263183594,-0.1203197879361634
BH_s30_low,3,202,36.733333333333334,-1.296691656112671,0.1968154011592147
BH_s30_low,3,203,36.766666666666666,-1.3549989461898804,0.5105484714804315
BH_s30_low,3,204,36.8,-1.4600318670272827,0.7919965305795559
BH_s30_low,3,205,36.833333333333336,-1.4716132879257202,1.0170609975247331
BH_s30_low,3,206,36.86666666666667,-1.5299205780029297,1.1678762662981887
BH_s30_low,3,207,36.9,-1.5767709016799927,1.2337580938761468
BH_s30_low,3,208,36.93333333333333,-1.2595189809799194,1.2124816837797827
BH_s30_low,3,209,36.96666666666667,-0.35894572734832764,1.1114748028288128
BH_s30_low,3,210,37.0,0.7751055955886841,0.9473593536888466
BH_s30_low,3,211,37.03333333333333,1.5717672109603882,0.7415853830953285
BH_s30_low,3,212,37.06666666666667,1.6717932224273682,0.5141321430270871
BH_s30_low,3,213,37.1,1.38038170337677,0.2810392682183826
BH_s30_low,3,214,37.13333333333333,1.126542568206787,0.05621149886087129
BH_s30_low,3,215,37.166666666666664,0.9457678198814392,-0.147417695922025
BH_s30_low,3,216,37.2,0.8262268900871277,-0.3189560382579985
BH_s30_low,3,217,37.233333333333334,0.6454522013664246,-0.45067555632243417
BH_s30_low,3,218,37.266666666666666,0.46467748284339905,-0.5382586662202361
BH_s30_low,3,219,37.3,0.43821418285369873,-0.580750857512751
BH_s30_low,3,220,37.333333333333336,0.40929678082466125,-0.5803588318597608
BH_s30_low,3,221,37.36666666666667,0.2637649178504944,-0.5417474455268375
BH_s30_low,3,222,37.4,0.024682987481355667,-0.470889335945839
BH_s30_low,3,223,37.43333333333333,-0.15316519141197205,-0.37393841520911314
BH_s30_low,3,224,37.46666666666667,-0.3750357925891876,-0.256613718896166
BH_s30_low,3,225,37.5,-0.5558105111122131,-0.12448590943570569
BH_s30_low,3,226,37.53333333333333,-0.6639931797981262,0.015697361891380667
BH_s30_low,3,227,37.56666666666667,-0.7336586713790894,0.1538388556407403
BH_s30_low,3,228,37.6,-0.8531996607780457,0.2750947104114637
BH_s30_low,3,229,37.63333333333333,-0.9115068912506104,0.36189492716588983
BH_s30_low,3,230,37.666666666666664,-0.9701619148254395,0.3989178596616864
BH_s30_low,3,231,37.7,-1.0893551111221313,0.3775133607285968
BH_s30_low,3,232,37.733333333333334,-1.2088960409164429,0.29751825815946087
BH_s30_low,3,233,37.766666666666666,-1.3805433511734009,0.16632110468612957
BH_s30_low,3,234,37.8,-1.5092116594314575,-0.0038601074705431615
BH_s30_low,3,235,37.833333333333336,-1.5824992656707764,-0.19868673478539706
BH_s30_low,3,236,37.86666666666667,-1.3046315908432007,-0.4035917050863131
BH_s30_low,3,237,37.9,-0.4228581190109253,-0.6051817482019181
BH_s30_low,3,238,37.93333333333333,0.5917767882347107,-0.7919100866210146
BH_s30_low,3,239,37.96666666666667,1.2766607999801636,-0.953235195500859
BH_s30_low,3,240,38.0,1.2934788465499878,-1.0772859805526942
BH_s30_low,3,241,38.03333333333333,0.9931632280349731,-1.1479184528551154
BH_s30_low,3,242,38.06666666666667,0.7540813088417053,-1.1436200876834999
BH_s30_low,3,243,38.1,0.5990742444992065,-1.0416504507203541
BH_s30_low,3,244,38.13333333333333,0.479533314704895,-0.8267066212972409
BH_s30_low,3,245,38.166666666666664,0.2987585961818695,-0.4993411626211892
BH_s30_low,3,246,38.2,0.1792176365852356,-0.08072170550227743
BH_s30_low,3,247,38.233333333333334,0.1209104135632515,0.38762333662550336
BH_s30_low,3,248,38.266666666666666,0.05439464747905731,0.8497654370605183
BH_s30_low,3,249,38.3,-0.06221979111433029,1.2468547186082684
BH_s30_low,3,250,38.333333333333336,-0.3013017177581787,1.530748234109317
BH_s30_low,3,251,38.36666666666667,-0.47972092032432556,1.6738007360133234
BH_s30_low,3,252,38.4,-0.6604956388473511,1.672055276687785
BH_s30_low,3,253,38.43333333333333,-0.7800365686416626,1.5427381317590274
BH_s30_low,3,254,38.46666666666667,-0.8476943969726562,1.3176835696081415
BH_s30_low,3,255,38.5,-0.9089281558990479,1.03463513909188
BH_s30_low,3,256,38.53333333333333,-0.9549582600593567,0.7289472839277791
BH_s30_low,3,257,38.56666666666667,-1.0132654905319214,0.42838555425264685
BH_s30_low,3,258,38.6,-1.0715726613998413,0.15173148263438743
BH_s30_low,3,259,38.63333333333333,-1.1298799514770508,-0.0900894569854156
BH_s30_low,3,260,38.666666666666664,-1.1881871223449707,-0.2917054258607233
BH_s30_low,3,261,38.7,-1.2449331283569336,-0.45087488325385766
BH_s30_low,3,262,38.733333333333334,-0.8890407681465149,-0.5668490644501267
BH_s30_low,3,263,38.766666666666666,-0.031001361086964607,-0.6401180233353062
BH_s30_low,3,264,38.8,0.9865601062774658,-0.6732527339869984
BH_s30_low,3,265,38.833333333333336,1.5601129531860352,-0.67177755074514
BH_s30_low,3,266,38.86666666666667,1.4901268482208252,-0.6442399287841619
BH_s30_low,3,267,38.9,1.1315040588378906,-0.6010983961222651
BH_s30_low,3,268,38.93333333333333,0.794704794883728,-0.5526939280024279
BH_s30_low,3,269,38.96666666666667,0.6059447526931763,-0.5071712872147537
BH_s30_low,3,270,39.0,0.4331553876399994,-0.46897669666382086
BH_s30_low,3,271,39.03333333333333,0.3157466948032379,-0.43820830060358884
BH_s30_low,3,272,39.06666666666667,0.2553071975708008,-0.41096582121682385
BH_s30_low,3,273,39.1,0.2545129656791687,-0.3806969817736865
BH_s30_low,3,274,39.13333333333333,0.13869276642799377,-0.3400425834466507
BH_s30_low,3,275,39.166666666666664,-0.03250813111662865,-0.2822852980807216
BH_s30_low,3,276,39.2,-0.21035631000995636,-0.20222501114716132
BH_s30_low,3,277,39.233333333333334,-0.4494382441043854,-0.09701287590747304
BH_s30_low,3,278,39.266666666666666,-0.5844060778617859,0.032696743528436656
BH_s30_low,3,279,39.3,-0.7039470076560974,0.18124761919424687
BH_s30_low,3,280,39.333333333333336,-0.7864606380462646,0.3367113212254568
BH_s30_low,3,281,39.36666666666667,-0.8205614686012268,0.4809149887582198
BH_s30_low,3,282,39.4,-0.9089281558990479,0.5920670129337963
BH_s30_low,3,283,39.43333333333333,-0.9419141411781311,0.651087485559685
BH_s30_low,3,284,39.46666666666667,-0.5732995271682739,0.6487385779265605
BH_s30_low,3,285,39.5,0.21113038063049316,0.5872885545187914
BH_s30_low,3,286,39.53333333333333,1.1061270236968994,0.4766314030892023
BH_s30_low,3,287,39.56666666666667,1.5404216051101685,0.3309174529484941
BH_s30_low,3,288,39.6,1.3771086931228638,0.16723440315246166
BH_s30_low,3,289,39.63333333333333,1.0904080867767334,0.00302154191535786
BH_s30_low,3,290,39.666666666666664,0.8590883016586304,-0.1477339027024198
BH_s30_low,3,291,39.7,0.6783135533332825,-0.2759969918678588
BH_s30_low,3,292,39.733333333333334,0.49753886461257935,-0.3762743523241825
BH_s30_low,3,293,39.766666666666666,0.37799790501594543,-0.4447391881924508
BH_s30_low,3,294,39.8,0.3157466948032379,-0.4783283381565425
BH_s30_low,3,295,39.833333333333336,0.2545129656791687,-0.4748681592731518
BH_s30_low,3,296,39.86666666666667,0.14184249937534332,-0.43410656851164164
BH_s30_low,3,297,39.9,-0.0389322005212307,-0.3593869589981947
BH_s30_low,3,298,39.93333333333333,-0.26529058814048767,-0.258815862108553
BH_s30_low,3,299,39.96666666666667,-0.5043724775314331,-0.1441828502452143
BH_s30_low,4,0,40.0,-0.6424900889396667,-0.05156915801848282
BH_s30_low,4,1,40.03333333333333,-0.7620310187339783,-0.27327067789180226
BH_s30_low,4,2,40.06666666666667,-0.8815720081329346,-0.46689118054331147
BH_s30_low,4,3,40.1,-0.9701619148254395,-0.6102797134379296
BH_s30_low,4,4,40.13333333333333,-1.031395673751831,-0.6929155984226858
BH_s30_low,4,5,40.166666666666664,-1.0926294326782227,-0.7178104957756882
BH_s30_low,4,6,40.2,-1.1538630723953247,-0.6973676172728329
BH_s30_low,4,7,40.233333333333334,-0.9544157385826111,-0.6468277548157708
BH_s30_low,4,8,40.266666666666666,-0.16604316234588623,-0.5787202776034958
BH_s30_low,4,9,40.3,0.8515182733535767,-0.5007278842327432
BH_s30_low,4,10,40.333333333333336,1.6225861310958862,-0.416528312066356
BH_s30_low,4,11,40.36666666666667,1.7090450525283813,-0.32658062858294856
BH_s30_low,4,12,40.4,1.4653507471084595,-0.22816007576273148
BH_s30_low,4,13,40.43333333333333,1.1713333129882812,-0.11646643165483954
BH_s30_low,4,14,40.46666666666667,1.0517922639846802,0.012496749773590929
BH_s30_low,4,15,40.5,0.871017575263977,0.1579949116069798
BH_s30_low,4,16,40.53333333333333,0.6902428865432739,0.31121814874678805
BH_s30_low,4,17,40.56666666666667,0.45825469493865967,0.4547254203530968
BH_s30_low,4,18,40.6,0.3769804537296295,0.5661528898692062
BH_s30_low,4,19,40.63333333333333,0.2703862488269806,0.626477217136647
BH_s30_low,4,20,40.666666666666664,0.08961154520511627,0.6286480050855985
BH_s30_low,4,21,40.7,-0.09116315841674805,0.5788978946478951
BH_s30_low,4,22,40.733333333333334,-0.3331716060638428,0.49074272655753803
BH_s30_low,4,23,40.766666666666666,-0.5139462947845459,0.3793186867138714
BH_s30_low,4,24,40.8,-0.6334872841835022,0.25915997708499033
BH_s30_low,4,25,40.833333333333336,-0.7530282139778137,0.14323384757198174
BH_s30_low,4,26,40.86666666666667,-0.8476943969726562,0.042026370109336894
BH_s30_low,4,27,40.9,-0.9308764338493347,-0.03711138695576334
BH_s30_low,4,28,40.93333333333333,-1.050417423248291,-0.09016541701074796
BH_s30_low,4,29,40.96666666666667,-1.1538630723953247,-0.11608011142426333
BH_s30_low,4,30,41.0,-1.2282655239105225,-0.11618229254982111
BH_s30_low,4,31,41.03333333333333,-1.286572813987732,-0.09420155948033349
BH_s30_low,4,32,41.06666666666667,-1.3302487134933472,-0.0565961738233257
BH_s30_low,4,33,41.1,-1.000671625137329,-0.01190262566012052
BH_s30_low,4,34,41.13333333333333,-0.09972595423460007,0.03063001124798168
BH_s30_low,4,35,41.166666666666664,0.9761427044868469,0.06138015544087726
BH_s30_low,4,36,41.2,1.7065610885620117,0.06974774975212467
BH_s30_low,4,37,41.233333333333334,1.677522897720337,0.04447351373458303
BH_s30_low,4,38,41.266666666666666,1.3772072792053223,-0.024311748012119265
BH_s30_low,4,39,41.3,1.1249552965164185,-0.1418392322185482
BH_s30_low,4,40,41.333333333333336,1.005414366722107,-0.3054665003871667
BH_s30_low,4,41,41.36666666666667,0.8436627388000488,-0.503104038873274
BH_s30_low,4,42,41.4,0.6658145189285278,-0.7138937307183462
BH_s30_low,4,43,41.43333333333333,0.5243239998817444,-0.9105630599573763
BH_s30_low,4,44,41.46666666666667,0.4660167992115021,-1.0626084918697936
BH_s30_low,4,45,41.5,0.34647583961486816,-1.1393755949118909
BH_s30_low,4,46,41.53333333333333,0.1381230354309082,-1.113561570490707
BH_s30_low,4,47,41.56666666666667,-0.07630732655525208,-0.9668210078693668
BH_s30_low,4,48,41.6,-0.2788070738315582,-0.6965336708707303
BH_s30_low,4,49,41.63333333333333,-0.5178890228271484,-0.3202135799692349
BH_s30_low,4,50,41.666666666666664,-0.6798651814460754,0.12468994684812189
BH_s30_low,4,51,41.7,-0.7864606380462646,0.5860643660553518
BH_s30_low,4,52,41.733333333333334,-0.8577134013175964,1.006595662401212
BH_s30_low,4,53,41.766666666666666,-0.977254331111908,1.3352395682949219
BH_s30_low,4,54,41.8,-1.0355615615844727,1.5372814565918613
BH_s30_low,4,55,41.833333333333336,-1.0938687324523926,1.5989069925239203
BH_s30_low,4,56,41.86666666666667,-1.2134097814559937,1.5260898417753952
BH_s30_low,4,57,41.9,-1.276330590248108,1.3413424834746595
BH_s30_low,4,58,41.93333333333333,-1.3375643491744995,1.079174550642103
BH_s30_low,4,59,41.96666666666667,-1.3987981081008911,0.7782926649794513
BH_s30_low,4,60,42.0,-1.03712797164917,0.4724611795593218
BH_s30_low,4,61,42.03333333333333,-0.19853338599205017,0.185574054505673
BH_s30_low,4,62,42.06666666666667,0.9193227887153625,-0.06784693396311978
BH_s30_low,4,63,42.1,1.6966654062271118,-0.2800275837048324
BH_s30_low,4,64,42.13333333333333,1.7130876779556274,-0.447666905039147
BH_s30_low,4,65,42.166666666666664,1.3795640468597412,-0.5710017991499289
BH_s30_low,4,66,42.2,1.081503987312317,-0.6535660684374263
BH_s30_low,4,67,42.233333333333334,0.900729238986969,-0.7006378717516935
BH_s30_low,4,68,42.266666666666666,0.7199545502662659,-0.7165391267578239
BH_s30_low,4,69,42.3,0.5391798615455627,-0.7031433214948483
BH_s30_low,4,70,42.333333333333336,0.43821418285369873,-0.660559913613253
BH_s30_low,4,71,42.36666666666667,0.3769804537296295,-0.589323777266907
BH_s30_low,4,72,42.4,0.30302444100379944,-0.4929152361677628
BH_s30_low,4,73,42.43333333333333,0.17368772625923157,-0.37920155082354673
BH_s30_low,4,74,42.46666666666667,-0.058524973690509796,-0.25999977286785203
BH_s30_low,4,75,42.5,-0.2392996847629547,-0.14875087547867819
BH_s30_low,4,76,42.53333333333333,-0.42007437348365784,-0.05744970232910597
BH_s30_low,4,77,42.56666666666667,-0.5396153330802917,0.005140981644351526
BH_s30_low,4,78,42.6,-0.659156322479248,0.0340726638712507
BH_s30_low,4,79,42.63333333333333,-0.7252269387245178,0.029666270766533637
BH_s30_low,4,80,42.666666666666664,-0.7864606380462646,-0.000663036517229005
BH_s30_low,4,81,42.7,-0.895311713218689,-0.043202879004082415
BH_s30_low,4,82,42.733333333333334,-1.0148526430130005,-0.08181154877502093
BH_s30_low,4,83,42.766666666666666,-0.9896313548088074,-0.1025798909904458
BH_s30_low,4,84,42.8,-0.5922719836235046,-0.09717654753824907
BH_s30_low,4,85,42.833333333333336,0.2715452313423157,-0.06340450055774587
BH_s30_low,4,86,42.86666666666667,1.1872260570526123,-0.0036496762342892123
BH_s30_low,4,87,42.9,1.6016552448272705,0.07619136990671574
BH_s30_low,4,88,42.93333333333333,1.4249244928359985,0.1674587124700678
BH_s30_low,4,89,42.96666666666667,1.1246088743209839,0.26193377178497496
BH_s30_low,4,90,43.0,0.9467606544494629,0.3557585847577144
BH_s30_low,4,91,43.03333333333333,0.7872645258903503,0.4482172897039763
BH_s30_low,4,92,43.06666666666667,0.6522980332374573,0.5358839746707719
BH_s30_low,4,93,43.1,0.43821418285369873,0.6089034889178513
BH_s30_low,4,94,43.13333333333333,0.3769804537296295,0.6524552707262002
BH_s30_low,4,95,43.166666666666664,0.3703344464302063,0.6519239245385484
BH_s30_low,4,96,43.2,0.24707400798797607,0.5989010220569586
BH_s30_low,4,97,43.233333333333334,0.007992077618837357,0.4944405409978452
BH_s30_low,4,98,43.266666666666666,-0.23108984529972076,0.34799212191000345
BH_s30_low,4,99,43.3,-0.4701717793941498,0.17279748258154337
BH_s30_low,4,100,43.333333333333336,-0.5947728157043457,-0.019398648009896317
BH_s30_low,4,101,43.36666666666667,-0.714313805103302,-0.22011500703583692
BH_s30_low,4,102,43.4,-0.7252269387245178,-0.421989760609028
BH_s30_low,4,103,43.43333333333333,-0.7864606380462646,-0.6162026100295845
BH_s30_low,4,104,43.46666666666667,-0.8892354369163513,-0.7914641649403307
BH_s30_low,4,105,43.5,-0.947542667388916,-0.9345801197540985
BH_s30_low,4,106,43.53333333333333,-1.041537880897522,-1.0317952866110258
BH_s30_low,4,107,43.56666666666667,-1.0926294326782227,-1.069572604636537
BH_s30_low,4,108,43.6,-0.8209871053695679,-1.035359092772
BH_s30_low,4,109,43.63333333333333,0.06805265694856644,-0.9205779540771613
BH_s30_low,4,110,43.666666666666664,1.1199394464492798,-0.7252545658541735
BH_s30_low,4,111,43.7,1.8274673223495483,-0.4609014010842672
BH_s30_low,4,112,43.733333333333334,1.8715662956237793,-0.1501650468305653
BH_s30_low,4,113,43.766666666666666,1.6172820329666138,0.17604235734486973
BH_s30_low,4,114,43.8,1.4056782722473145,0.48305958223468376
BH_s30_low,4,115,43.833333333333336,1.286137342453003,0.7377894980254474
BH_s30_low,4,116,43.86666666666667,1.1601735353469849,0.9142131684729455
BH_s30_low,4,117,43.9,0.9858216047286987,0.998712057030782
BH_s30_low,4,118,43.93333333333333,0.8662806749343872,0.9934123334754207
BH_s30_low,4,119,43.96666666666667,0.8644936084747314,0.9147070907759896
BH_s30_low,4,120,44.0,0.8056166172027588,0.7871461546295183
BH_s30_low,4,121,44.03333333333333,0.6383350491523743,0.6359322333372793
BH_s30_low,4,122,44.06666666666667,0.39925315976142883,0.4813680754937199
BH_s30_low,4,123,44.1,0.16017122566699982,0.3379665371103244
BH_s30_low,4,124,44.13333333333333,-0.05165575444698334,0.2169515762723435
BH_s30_low,4,125,44.166666666666664,-0.21544106304645538,0.1273406043160309
BH_s30_low,4,126,44.2,-0.3349820375442505,0.0741762686548769
BH_s30_low,4,127,44.233333333333334,-0.4545229971408844,0.056256211305943646
BH_s30_low,4,128,44.266666666666666,-0.5740639567375183,0.06541890650370033
BH_s30_low,4,129,44.3,-0.6936049461364746,0.08858302557960365
BH_s30_low,4,130,44.333333333333336,-0.8131458759307861,0.11156860778828676
BH_s30_low,4,131,44.36666666666667,-0.9326868653297424,0.12178637942309489
BH_s30_low,4,132,44.4,-1.1134614944458008,0.10911781628285834
BH_s30_low,4,133,44.43333333333333,-1.2330025434494019,0.06664492250588719
BH_s30_low,4,134,44.46666666666667,-1.261351466178894,-0.008286422405168883
BH_s30_low,4,135,44.5,-0.8857936859130859,-0.11354636811538657
BH_s30_low,4,136,44.53333333333333,0.1008387953042984,-0.24310795506621075
BH_s30_low,4,137,44.56666666666667,1.2776497602462769,-0.389921438582841
BH_s30_low,4,138,44.6,1.9723308086395264,-0.5492767669244417
BH_s30_low,4,139,44.63333333333333,1.9680181741714478,-0.7194209976495527
BH_s30_low,4,140,44.666666666666664,1.6680490970611572,-0.8985934079964147
BH_s30_low,4,141,44.7,1.4846943616867065,-1.0802881392444244
BH_s30_low,4,142,44.733333333333334,1.4179540872573853,-1.2494032863721096
BH_s30_low,4,143,44.766666666666666,1.245612382888794,-1.3821609033363609
BH_s30_low,4,144,44.8,1.0178900957107544,-1.4499593909212036
BH_s30_low,4,145,44.833333333333336,0.8840630054473877,-1.4245722597439119
BH_s30_low,4,146,44.86666666666667,0.7645220160484314,-1.2836558024708635
BH_s30_low,4,147,44.9,0.6449810862541199,-1.0171765417706056
BH_s30_low,4,148,44.93333333333333,0.4289648234844208,-0.6333319618976463
BH_s30_low,4,149,44.96666666666667,0.12864914536476135,-0.1606523712225895
BH_s30_low,4,150,45.0,-0.11043278127908707,0.35544547649864
BH_s30_low,4,151,45.03333333333333,-0.3495147228240967,0.8613441729241218
BH_s30_low,4,152,45.06666666666667,-0.5038274526596069,1.3061176897127045
BH_s30_low,4,153,45.1,-0.6233683824539185,1.6494631341044028
BH_s30_low,4,154,45.13333333333333,-0.7429093718528748,1.865120172896867
BH_s30_low,4,155,45.166666666666664,-0.8624503016471863,1.9419846398920293
BH_s30_low,4,156,45.2,-0.9701619148254395,1.883916566734744
BH_s30_low,4,157,45.233333333333334,-1.0402984619140625,1.7076736739622191
BH_s30_low,4,158,45.266666666666666,-1.1598395109176636,1.4392997977049453
BH_s30_low,4,159,45.3,-1.2732807397842407,1.1101955311543943
BH_s30_low,4,160,45.333333333333336,-1.030655860900879,0.7533999976710333
BH_s30_low,4,161,45.36666666666667,-0.13811855018138885,0.39991909135048115
BH_s30_low,4,162,45.4,0.9377501010894775,0.07550084099324661
BH_s30_low,4,163,45.43333333333333,1.689497709274292,-0.2011518417045261
BH_s30_low,4,164,45.46666666666667,1.6860545873641968,-0.418754639301698
BH_s30_low,4,165,45.5,1.4469727277755737,-0.5733657499328543
BH_s30_low,4,166,45.53333333333333,1.1904549598693848,-0.6679744619929675
BH_s30_low,4,167,45.56666666666667,1.0300426483154297,-0.7109969037623781
BH_s30_low,4,168,45.6,0.814249575138092,-0.7137366911885727
BH_s30_low,4,169,45.63333333333333,0.5518787503242493,-0.6877397647158723
BH_s30_low,4,170,45.666666666666664,0.3448886275291443,-0.6428296520338689
BH_s30_low,4,171,45.7,0.3157466948032379,-0.586330029414969
BH_s30_low,4,172,45.733333333333334,0.2282741814851761,-0.5232902635192755
BH_s30_low,4,173,45.766666666666666,0.08542097359895706,-0.45692653592467986
BH_s30_low,4,174,45.8,-0.09242720901966095,-0.3892331968700653
BH_s30_low,4,175,45.833333333333336,-0.33150914311408997,-0.32244133090791627
BH_s30_low,4,176,45.86666666666667,-0.556058406829834,-0.26077531307349566
BH_s30_low,4,177,45.9,-0.7368330955505371,-0.21082981731491024
BH_s30_low,4,178,45.93333333333333,-0.8563740253448486,-0.1797016885483193
BH_s30_low,4,179,45.96666666666667,-0.9701619148254395,-0.17108795276502203
BH_s30_low,4,180,46.0,-1.0342222452163696,-0.18170470988772575
BH_s30_low,4,181,46.03333333333333,-1.1537631750106812,-0.20194523995356997
BH_s30_low,4,182,46.06666666666667,-1.2733041048049927,-0.2204225674025559
BH_s30_low,4,183,46.1,-1.165769100189209,-0.22785754658738358
BH_s30_low,4,184,46.13333333333333,-0.4812146723270416,-0.21810140348977028
BH_s30_low,4,185,46.166666666666664,0.5156612992286682,-0.18695252437772314
BH_s30_low,4,186,46.2,1.2977901697158813,-0.130610006907674
BH_s30_low,4,187,46.233333333333334,1.4356131553649902,-0.04624792441175338
BH_s30_low,4,188,46.266666666666666,1.1735421419143677,0.06546931335086709
BH_s30_low,4,189,46.3,0.9138745665550232,0.19873701618451464
BH_s30_low,4,190,46.333333333333336,0.6747926473617554,0.34289509859224265
BH_s30_low,4,191,46.36666666666667,0.49694448709487915,0.48371322722143917
BH_s30_low,4,192,46.4,0.31909629702568054,0.6050072812941508
BH_s30_low,4,193,46.43333333333333,0.1932792216539383,0.6903519058768518
BH_s30_low,4,194,46.46666666666667,0.17019018530845642,0.7252025759593259
BH_s30_low,4,195,46.5,0.09172045439481735,0.7001103966736061
BH_s30_low,4,196,46.53333333333333,-0.068891741335392,0.6142773162841291
BH_s30_low,4,197,46.56666666666667,-0.3252096474170685,0.47735596665686236
BH_s30_low,4,198,46.6,-0.6255252957344055,0.3081224076459298
BH_s30_low,4,199,46.63333333333333,-0.794917106628418,0.12973520031567634
BH_s30_low,4,200,46.666666666666664,-0.9756917953491211,-0.0363949866465959
BH_s30_low,4,201,46.7,-1.033998966217041,-0.1742300555744364
BH_s30_low,4,202,46.733333333333334,-1.153540015220642,-0.27366864128299
BH_s30_low,4,203,46.766666666666666,-1.2150968313217163,-0.330847009729632
BH_s30_low,4,204,46.8,-1.276330590248108,-0.348948886958994
BH_s30_low,4,205,46.833333333333336,-1.3375643491744995,-0.33800756652033387
BH_s30_low,4,206,46.86666666666667,-1.448002576828003,-0.31272499024065115
BH_s30_low,4,207,46.9,-1.413753867149353,-0.28820693450215223
BH_s30_low,4,208,46.93333333333333,-0.8504028916358948,-0.2750812404905575
BH_s30_low,4,209,46.96666666666667,0.18970124423503876,-0.2767580775035158
BH_s30_low,4,210,47.0,1.1905730962753296,-0.28964259281941657
BH_s30_low,4,211,47.03333333333333,1.6016552448272705,-0.3050274840139508
BH_s30_low,4,212,47.06666666666667,1.4771307706832886,-0.3118002602865175
BH_s30_low,4,213,47.1,1.176815152168274,-0.2996958467359047
BH_s30_low,4,214,47.13333333333333,1.024759292602539,-0.2622343110183347
BH_s30_low,4,215,47.166666666666664,0.8823525309562683,-0.19801459803152907
BH_s30_low,4,216,47.2,0.663209855556488,-0.11037317140621009
BH_s30_low,4,217,47.233333333333334,0.4654223918914795,-0.006689303580318887
BH_s30_low,4,218,47.266666666666666,0.3157466948032379,0.10254312477396464
BH_s30_low,4,219,47.3,0.2433532327413559,0.20592304149338742
BH_s30_low,4,220,47.333333333333336,0.12381227314472198,0.2940783664044804
BH_s30_low,4,221,47.36666666666667,-0.05696243420243263,0.36125811168624433
BH_s30_low,4,222,47.4,-0.30135104060173035,0.4051644624520378
BH_s30_low,4,223,47.43333333333333,-0.5404329895973206,0.42632818016892104
BH_s30_low,4,224,47.46666666666667,-0.7217540144920349,0.4272876270677968
BH_s30_low,4,225,47.5,-0.8412950038909912,0.41073967292300906
BH_s30_low,4,226,47.53333333333333,-0.9089281558990479,0.37748950441327006
BH_s30_low,4,227,47.56666666666667,-0.9701619148254395,0.3265081510616317
BH_s30_low,4,228,47.6,-1.0774503946304321,0.2573795279024881
BH_s30_low,4,229,47.63333333333333,-1.1969913244247437,0.17329163441745407
BH_s30_low,4,230,47.666666666666664,-1.3165323734283447,0.08238338842468053
BH_s30_low,4,231,47.7,-1.3748395442962646,-0.00451706047978891
BH_s30_low,4,232,47.733333333333334,-1.4331467151641846,-0.07856957045150652
BH_s30_low,4,233,47.766666666666666,-1.5212656259536743,-0.13594897020927618
BH_s30_low,4,234,47.8,-1.3745449781417847,-0.17761378270267392
BH_s30_low,4,235,47.833333333333336,-0.6788061261177063,-0.2070474766581234
BH_s30_low,4,236,47.86666666666667,0.4197051227092743,-0.2279658287614193
BH_s30_low,4,237,47.9,1.4137829542160034,-0.244200158528408
BH_s30_low,4,238,47.93333333333333,1.7685669660568237,-0.2611351706762592
BH_s30_low,4,239,47.96666666666667,1.5600662231445312,-0.28545725818697554
BH_s30_low,4,240,48.0,1.2736135721206665,-0.32228437274606203
BH_s30_low,4,241,48.03333333333333,1.1037753820419312,-0.3713813196651018
BH_s30_low,4,242,48.06666666666667,0.923000693321228,-0.4249712872948246
BH_s30_low,4,243,48.1,0.7400690317153931,-0.46982250252851676
BH_s30_low,4,244,48.13333333333333,0.561451256275177,-0.4924022866271904
BH_s30_low,4,245,48.166666666666664,0.49944794178009033,-0.48230471020053906
BH_s30_low,4,246,48.2,0.3836030662059784,-0.43275694164626693
BH_s30_low,4,247,48.233333333333334,0.21237751841545105,-0.34083749865249563
BH_s30_low,4,248,48.266666666666666,-0.014228729531168938,-0.20875379884180864
BH_s30_low,4,249,48.3,-0.250384122133255,-0.04578586169400838
BH_s30_low,4,250,48.333333333333336,-0.5048682689666748,0.13122211940931783
BH_s30_low,4,251,48.36666666666667,-0.682716429233551,0.30206347896385927
BH_s30_low,4,252,48.4,-0.8235126733779907,0.4501014412661442
BH_s30_low,4,253,48.43333333333333,-0.8818198442459106,0.5652113230878791
BH_s30_low,4,254,48.46666666666667,-0.9701619148254395,0.6417745807680824
BH_s30_low,4,255,48.5,-0.99843430519104,0.6767084616954575
BH_s30_low,4,256,48.53333333333333,-1.1179752349853516,0.6696083235671437
BH_s30_low,4,257,48.56666666666667,-1.176282525062561,0.6235929070861391
BH_s30_low,4,258,48.6,-1.2958234548568726,0.545603761378689
BH_s30_low,4,259,48.63333333333333,-1.3987981081008911,0.4454436542166689
BH_s30_low,4,260,48.666666666666664,-1.4600318670272827,0.3337201970317044
BH_s30_low,4,261,48.7,-1.5212656259536743,0.21972984647918664
BH_s30_low,4,262,48.733333333333334,-1.428884744644165,0.11024046169455715
BH_s30_low,4,263,48.766666666666666,-0.742718517780304,0.009835540441824563
BH_s30_low,4,264,48.8,0.33508384227752686,-0.07786935784952351
BH_s30_low,4,265,48.833333333333336,1.410011649131775,-0.14997655222907488
BH_s30_low,4,266,48.86666666666667,1.8387515544891357,-0.20520687610847668
BH_s30_low,4,267,48.9,1.5609591007232666,-0.24443696230588363
BH_s30_low,4,268,48.93333333333333,1.263569951057434,-0.2701305703299091
BH_s30_low,4,269,48.96666666666667,1.0147156715393066,-0.28491230981195326
BH_s30_low,4,270,49.0,0.8824757933616638,-0.29014805790410464
BH_s30_low,4,271,49.03333333333333,0.720253050327301,-0.28579675433932605
BH_s30_low,4,272,49.06666666666667,0.5821601152420044,-0.27152162392282353
BH_s30_low,4,273,49.1,0.49944794178009033,-0.24778139107784428
BH_s30_low,4,274,49.13333333333333,0.43821418285369873,-0.2162032870154838
BH_s30_low,4,275,49.166666666666664,0.3150290250778198,-0.17929366549605996
BH_s30_low,4,276,49.2,0.10913163423538208,-0.13991745723323987
BH_s30_low,4,277,49.233333333333334,-0.1019010990858078,-0.1012214446732872
BH_s30_low,4,278,49.266666666666666,-0.3409830331802368,-0.06677734274693786
BH_s30_low,4,279,49.3,-0.5607953071594238,-0.0398975721089814
BH_s30_low,4,280,49.333333333333336,-0.6803362965583801,-0.02232353364359746
BH_s30_low,4,281,49.36666666666667,-0.7386435270309448,-0.0136999256400076
BH_s30_low,4,282,49.4,-0.8476943969726562,-0.012111889435926785
BH_s30_low,4,283,49.43333333333333,-0.916491687297821,-0.014759791031538813
BH_s30_low,4,284,49.46666666666667,-1.031395673751831,-0.01823049419336545
BH_s30_low,4,285,49.5,-1.0943398475646973,-0.018356128455211423
BH_s30_low,4,286,49.53333333333333,-1.2138808965682983,-0.010508790093687163
BH_s30_low,4,287,49.56666666666667,-1.2721880674362183,0.008234974678528597
BH_s30_low,4,288,49.6,-1.3375643491744995,0.03611960859519155
BH_s30_low,4,289,49.63333333333333,-1.0101442337036133,0.0662383356638675
BH_s30_low,4,290,49.666666666666664,-0.155032679438591,0.08956120964233402
BH_s30_low,4,291,49.7,0.9691476225852966,0.09983932430304075
BH_s30_low,4,292,49.733333333333334,1.6065635681152344,0.09737866004395276
BH_s30_low,4,293,49.766666666666666,1.5442928075790405,0.0880411493278456
BH_s30_low,4,294,49.8,1.185670018196106,0.07826160812601299
BH_s30_low,4,295,49.833333333333336,0.9219598174095154,0.07109104003405073
BH_s30_low,4,296,49.86666666666667,0.6828778982162476,0.06567037117771753
BH_s30_low,4,297,49.9,0.5606817007064819,0.05933847132313244
BH_s30_low,4,298,49.93333333333333,0.43821418285369873,0.050512672718431524
BH_s30_low,4,299,49.96666666666667,0.3769804537296295,0.039922696431954084
