recording_id,measurement_id,sample_index,time_seconds,gt_signal,predicted_signal
BH_s01_high,0,0,0.0,0.079858789036169,0.03527113449467953
BH_s01_high,0,1,0.03333333333333333,0.6038955024548575,0.06576412857703409
BH_s01_high,0,2,0.06666666666666667,1.0051798118768334,0.15290752330182225
BH_s01_high,0,3,0.1,1.2065002047293134,0.3388516900626327
BH_s01_high,0,4,0.13333333333333333,1.1994667766009963,0.6077769662064032
BH_s01_high,0,5,0.16666666666666666,1.0365769453030862,0.8849871710171933
BH_s01_high,0,6,0.2,0.7947593072745311,1.123462875548464
BH_s01_high,0,7,0.23333333333333334,0.5319659009554301,1.3031971966504134
BH_s01_high,0,8,0.26666666666666666,0.27347348458160226,1.4086199058133104
BH_s01_high,0,9,0.3,0.024494768400091002,1.4277340814746953
BH_s01_high,0,10,0.3333333333333333,-0.21724168062135477,1.3365822724949428
BH_s01_high,0,11,0.36666666666666664,-0.45120822439776653,1.099790188200896
BH_s01_high,0,12,0.4,-0.6655709235423828,0.7235892321261799
BH_s01_high,0,13,0.43333333333333335,-0.8383039631368662,0.2573392223940598
BH_s01_high,0,14,0.4666666666666667,-0.9435181796762112,-0.2448250558423714
BH_s01_high,0,15,0.5,-0.953762165110161,-0.7221964024190298
BH_s01_high,0,16,0.5333333333333333,-0.8401911138580679,-1.1256751997829264
BH_s01_high,0,17,0.5666666666666667,-0.5776415432582683,-1.4157439816667237
BH_s01_high,0,18,0.6,-0.17090874560146563,-1.556589743427453
BH_s01_high,0,19,0.6333333333333333,0.31484612270990914,-1.5150417667944849
BH_s01_high,0,20,0.6666666666666666,0.7637133030588923,-1.2799929877190748
BH_s01_high,0,21,0.7,1.0594196047327515,-0.8630102711580998
BH_s01_high,0,22,0.7333333333333333,1.1439734813912503,-0.3211752813275982
BH_s01_high,0,23,0.7666666666666667,1.0394367828914188,0.24157196537366396
BH_s01_high,0,24,0.8,0.8196183642004938,0.7448587887223802
BH_s01_high,0,25,0.8333333333333334,0.5612793520003854,1.1301598052671324
BH_s01_high,0,26,0.8666666666666667,0.30772343191399176,1.3634909244987958
BH_s01_high,0,27,0.9,0.06993337117306397,1.43362776329389
BH_s01_high,0,28,0.9333333333333333,-0.1550103545346558,1.3330940661859334
BH_s01_high,0,29,0.9666666666666667,-0.3712755410987316,1.0578833176920703
BH_s01_high,0,30,1.0,-0.5738955463572586,0.6512537064619343
BH_s01_high,0,31,1.0333333333333334,-0.747235653365803,0.2044730593283804
BH_s01_high,0,32,1.0666666666666667,-0.8690013538791039,-0.22021899105584775
BH_s01_high,0,33,1.1,-0.9124428804707506,-0.5881755616137521
BH_s01_high,0,34,1.1333333333333333,-0.848591390202162,-0.8789059089138761
BH_s01_high,0,35,1.1666666666666667,-0.651330023902068,-1.083999429680317
BH_s01_high,0,36,1.2,-0.3125071815555983,-1.1732231851000023
BH_s01_high,0,37,1.2333333333333334,0.1292388922913214,-1.093896632383535
BH_s01_high,0,38,1.2666666666666666,0.577627037217903,-0.842708742197998
BH_s01_high,0,39,1.3,0.9129602288790366,-0.466361979139449
BH_s01_high,0,40,1.3333333333333333,1.0539098092909212,-0.03344197345030213
BH_s01_high,0,41,1.3666666666666667,0.9986728768073707,0.36487403725161194
BH_s01_high,0,42,1.4,0.808683262856663,0.6729243567571558
BH_s01_high,0,43,1.4333333333333333,0.5591732113549058,0.8693193235661605
BH_s01_high,0,44,1.4666666666666666,0.3030436643034354,0.9407023837722097
BH_s01_high,0,45,1.5,0.06406419402472022,0.8807324199353465
BH_s01_high,0,46,1.5333333333333334,-0.15568295436682472,0.708390333030458
BH_s01_high,0,47,1.5666666666666667,-0.3622506902058428,0.46786661271460134
BH_s01_high,0,48,1.6,-0.5568805315469475,0.18729584670139582
BH_s01_high,0,49,1.6333333333333333,-0.7296581866137803,-0.12032597659938638
BH_s01_high,0,50,1.6666666666666667,-0.859379067424989,-0.4359274472883221
BH_s01_high,0,51,1.7,-0.9182083932815002,-0.7327054085515982
BH_s01_high,0,52,1.7333333333333334,-0.8712578190717832,-0.9644123014969299
BH_s01_high,0,53,1.7666666666666666,-0.6826033622545442,-1.0645667507438141
BH_s01_high,0,54,1.8,-0.340365202857819,-1.0027715194392404
BH_s01_high,0,55,1.8333333333333333,0.11294482003731385,-0.7848850143397256
BH_s01_high,0,56,1.8666666666666667,0.5763427517349623,-0.45178813723149724
BH_s01_high,0,57,1.9,0.9284310460104936,-0.07978972962100633
BH_s01_high,0,58,1.9333333333333333,1.0864649709689735,0.2766096321884069
BH_s01_high,0,59,1.9666666666666666,1.042684914246413,0.583594782557859
BH_s01_high,0,60,2.0,0.8527766798758293,0.80586434008655
BH_s01_high,0,61,2.033333333333333,0.5935462317057331,0.9054197941290079
BH_s01_high,0,62,2.066666666666667,0.32342700124001966,0.8843579096604551
BH_s01_high,0,63,2.1,0.0689552816095697,0.7840726673501375
BH_s01_high,0,64,2.1333333333333333,-0.16844987213091062,0.6382380076059064
BH_s01_high,0,65,2.1666666666666665,-0.3954970918519234,0.47253887562568364
BH_s01_high,0,66,2.2,-0.6115090951986071,0.28369604115552255
BH_s01_high,0,67,2.2333333333333334,-0.8027006843372168,0.04073722870896868
BH_s01_high,0,68,2.2666666666666666,-0.9432374940737447,-0.25610471170118165
BH_s01_high,0,69,2.3,-1.0000971952100695,-0.5736642606949414
BH_s01_high,0,70,2.3333333333333335,-0.9377863923981489,-0.8569062849067725
BH_s01_high,0,71,2.3666666666666667,-0.722879855207182,-1.0282427532975689
BH_s01_high,0,72,2.4,-0.3449246888090143,-1.047990405277685
BH_s01_high,0,73,2.433333333333333,0.14601389553960592,-0.9142961474627962
BH_s01_high,0,74,2.466666666666667,0.6352634089981483,-0.6466159512722087
BH_s01_high,0,75,2.5,0.994637958720213,-0.2861261324657112
BH_s01_high,0,76,2.533333333333333,1.146768615147637,0.11013662657050155
BH_s01_high,0,77,2.566666666666667,1.092355935883286,0.4683196958893978
BH_s01_high,0,78,2.6,0.8923163232597278,0.7486858950393812
BH_s01_high,0,79,2.6333333333333333,0.625483229337201,0.9441783158658006
BH_s01_high,0,80,2.6666666666666665,0.3485981781236781,1.0442334106896392
BH_s01_high,0,81,2.7,0.08587971484583816,1.0336777836183537
BH_s01_high,0,82,2.7333333333333334,-0.16046171173838758,0.910835954848831
BH_s01_high,0,83,2.7666666666666666,-0.39424060027538704,0.6876568422294336
BH_s01_high,0,84,2.8,-0.6108585656740526,0.37580478838475295
BH_s01_high,0,85,2.8333333333333335,-0.7951385437489813,-0.012065919000040268
BH_s01_high,0,86,2.8666666666666667,-0.9231207279258391,-0.4308392229204518
BH_s01_high,0,87,2.9,-0.964397054621499,-0.8014411204997067
BH_s01_high,0,88,2.933333333333333,-0.8847509613024267,-1.063926860500336
BH_s01_high,0,89,2.966666666666667,-0.6515129356452656,-1.1765353303614834
BH_s01_high,0,90,3.0,-0.2615966213504125,-1.122476490482902
BH_s01_high,0,91,3.033333333333333,0.22437771807900744,-0.9095948428880503
BH_s01_high,0,92,3.066666666666667,0.6879547497622599,-0.5750539236145874
BH_s01_high,0,93,3.1,1.0047915158333134,-0.18578284346231147
BH_s01_high,0,94,3.1333333333333333,1.1065644523415492,0.19798965906502783
BH_s01_high,0,95,3.1666666666666665,1.0075847611137094,0.5216857751732037
BH_s01_high,0,96,3.2,0.7794627707991861,0.7631024802191001
BH_s01_high,0,97,3.2333333333333334,0.5037229277525651,0.9307369754068907
BH_s01_high,0,98,3.2666666666666666,0.23576463715203522,1.018720700781036
BH_s01_high,0,99,3.3,-0.006325672678807723,1.0057971902004823
BH_s01_high,0,100,3.3333333333333335,-0.2285263348850081,0.8754883168190859
BH_s01_high,0,101,3.3666666666666667,-0.439935969062913,0.616678674626264
BH_s01_high,0,102,3.4,-0.6371663789881652,0.25209172713399775
BH_s01_high,0,103,3.433333333333333,-0.802758845329305,-0.16048692741202653
BH_s01_high,0,104,3.466666666666667,-0.9120530179285788,-0.5613163319807788
BH_s01_high,0,105,3.5,-0.9331295568663556,-0.8874386712962987
BH_s01_high,0,106,3.533333333333333,-0.8302880059065895,-1.085933573296646
BH_s01_high,0,107,3.566666666666667,-0.5746152630338285,-1.1130812762998683
BH_s01_high,0,108,3.6,-0.17061995872304794,-0.9579991331906879
BH_s01_high,0,109,3.6333333333333333,0.3112318271884662,-0.6427411103067264
BH_s01_high,0,110,3.6666666666666665,0.7454282892318412,-0.22911632625787262
BH_s01_high,0,111,3.7,1.010913063818934,0.18084592539370448
BH_s01_high,0,112,3.7333333333333334,1.056378729353983,0.5235264444039679
BH_s01_high,0,113,3.7666666666666666,0.9159684260287062,0.772619865790924
BH_s01_high,0,114,3.8,0.6721735208384567,0.914013883381743
BH_s01_high,0,115,3.8333333333333335,0.4042556942023712,0.9444173859003178
BH_s01_high,0,116,3.8666666666666667,0.15515903288654564,0.8635858471475191
BH_s01_high,0,117,3.9,-0.06832307631233984,0.6741169884649275
BH_s01_high,0,118,3.933333333333333,-0.2771534303999077,0.3914075046987005
BH_s01_high,0,119,3.966666666666667,-0.4763662427596132,0.044573545350761704
BH_s01_high,0,120,4.0,-0.655656224258526,-0.3302141430756062
BH_s01_high,0,121,4.033333333333333,-0.7939646821693314,-0.6882833447322575
BH_s01_high,0,122,4.066666666666666,-0.863441568758607,-0.9831074881100184
BH_s01_high,0,123,4.1,-0.8324802225042011,-1.1650833084574919
BH_s01_high,0,124,4.133333333333334,-0.6668122312101336,-1.2001384800794224
BH_s01_high,0,125,4.166666666666667,-0.3473705166057164,-1.069422124800419
BH_s01_high,0,126,4.2,0.0914216671770442,-0.7882419604322926
BH_s01_high,0,127,4.233333333333333,0.5489506506823614,-0.4065831283798048
BH_s01_high,0,128,4.266666666666667,0.8967832867261475,0.01765970711566734
BH_s01_high,0,129,4.3,1.042291689025821,0.4175849097930006
BH_s01_high,0,130,4.333333333333333,0.9751090777614368,0.7502703897837151
BH_s01_high,0,131,4.366666666666666,0.7586828279755139,0.9951121399112186
BH_s01_high,0,132,4.4,0.48117720432900624,1.1418741374927632
BH_s01_high,0,133,4.433333333333334,0.20679848717449895,1.1892009715163236
BH_s01_high,0,134,4.466666666666667,-0.041987384916579176,1.1242709574908702
BH_s01_high,0,135,4.5,-0.26714774354958126,0.922807521485433
BH_s01_high,0,136,4.533333333333333,-0.47495995062911023,0.5999036888747286
BH_s01_high,0,137,4.566666666666666,-0.6639568638419544,0.21102192237987705
BH_s01_high,0,138,4.6,-0.8170214649939829,-0.19367320714215475
BH_s01_high,0,139,4.633333333333334,-0.9050141982289504,-0.5679755033369542
BH_s01_high,0,140,4.666666666666667,-0.894807260133728,-0.8634337981817
BH_s01_high,0,141,4.7,-0.7501577252664101,-1.0280656793428256
BH_s01_high,0,142,4.733333333333333,-0.44457077877358575,-1.0500475645635479
BH_s01_high,0,143,4.766666666666667,0.0032644657305367503,-0.956879209653759
BH_s01_high,0,144,4.8,0.5048856953872181,-0.7813288115823643
BH_s01_high,0,145,4.833333333333333,0.9247259494990248,-0.561167310400255
BH_s01_high,0,146,4.866666666666666,1.1461248423190837,-0.31450745725518625
BH_s01_high,0,147,4.9,1.1311210219957146,-0.040877797025708526
BH_s01_high,0,148,4.933333333333334,0.9276004250925043,0.2452208729173238
BH_s01_high,0,149,4.966666666666667,0.6260431231659642,0.5127496260593165
BH_s01_high,0,150,5.0,0.3094122561322451,0.7315609293240091
BH_s01_high,0,151,5.033333333333333,0.022342380119697927,0.8713271055294629
BH_s01_high,0,152,5.066666666666666,-0.23066943429682246,0.9113009918990749
BH_s01_high,0,153,5.1,-0.4582156969311775,0.8398932029070679
BH_s01_high,0,154,5.133333333333334,-0.6628073168839043,0.6524638379867476
BH_s01_high,0,155,5.166666666666667,-0.8354357441312088,0.3519552142525222
BH_s01_high,0,156,5.2,-0.9520838301990692,-0.021231635431917417
BH_s01_high,0,157,5.233333333333333,-0.9794244107188301,-0.38825423429914946
BH_s01_high,0,158,5.266666666666667,-0.8793834675657508,-0.676362660667
BH_s01_high,0,159,5.3,-0.6182743313303215,-0.8183684859530722
BH_s01_high,0,160,5.333333333333333,-0.19767717957091827,-0.8174435973036112
BH_s01_high,0,161,5.366666666666666,0.3144180567457525,-0.7460134523173111
BH_s01_high,0,162,5.4,0.7911747569097891,-0.6101003136041898
BH_s01_high,0,163,5.433333333333334,1.101574041268651,-0.34966456636577364
BH_s01_high,0,164,5.466666666666667,1.1772105735677254,-0.010091624775891761
BH_s01_high,0,165,5.5,1.0395581153586653,0.2572459177488077
BH_s01_high,0,166,5.533333333333333,0.7685742271991556,0.4016076445213087
BH_s01_high,0,167,5.566666666666666,0.450938372580147,0.47242973609415795
BH_s01_high,0,168,5.6,0.1473299380552335,0.5123902714020162
BH_s01_high,0,169,5.633333333333334,-0.11937468132315127,0.5556755935157739
BH_s01_high,0,170,5.666666666666667,-0.35371979032675743,0.5773635378014017
BH_s01_high,0,171,5.7,-0.5640736630467308,0.4938423459407416
BH_s01_high,0,172,5.733333333333333,-0.7476772329064653,0.2980400226267387
BH_s01_high,0,173,5.766666666666667,-0.8873299701622888,0.06024655192846825
BH_s01_high,0,174,5.8,-0.9540554805774895,-0.1597377603515886
BH_s01_high,0,175,5.833333333333333,-0.9120676593555882,-0.31259293928021054
BH_s01_high,0,176,5.866666666666666,-0.7246405788878039,-0.37130499256622546
BH_s01_high,0,177,5.9,-0.37471984541117087,-0.33081433383389747
BH_s01_high,0,178,5.933333333333334,0.09980822293954204,-0.19815543789667198
BH_s01_high,0,179,5.966666666666667,0.5919245671888091,0.007494325295162668
BH_s01_high,0,180,6.0,0.9638428643577028,0.22838384079383578
BH_s01_high,0,181,6.033333333333333,1.12139058069426,0.368418839719165
BH_s01_high,0,182,6.066666666666666,1.0580894299489338,0.395381471230683
BH_s01_high,0,183,6.1,0.8386031320494247,0.34089501075583023
BH_s01_high,0,184,6.133333333333334,0.5534968401189984,0.2491663056456275
BH_s01_high,0,185,6.166666666666667,0.2723026787717747,0.1761397693600522
BH_s01_high,0,186,6.2,0.019825483930100207,0.11964674628829944
BH_s01_high,0,187,6.233333333333333,-0.2092961010423074,0.020022407076345887
BH_s01_high,0,188,6.266666666666667,-0.4232764623839983,-0.16341401652050205
BH_s01_high,0,189,6.3,-0.6192922575237821,-0.4504521880806382
BH_s01_high,0,190,6.333333333333333,-0.7837009071360627,-0.7807804266216245
BH_s01_high,0,191,6.366666666666666,-0.8939376449193398,-1.013659085564296
BH_s01_high,0,192,6.4,-0.9188416809834397,-1.0758658499435718
BH_s01_high,0,193,6.433333333333334,-0.8223060132139767,-0.962145488093362
BH_s01_high,0,194,6.466666666666667,-0.573448316290865,-0.719175798104855
BH_s01_high,0,195,6.5,-0.17455178449376213,-0.4450629358853683
BH_s01_high,0,196,6.533333333333333,0.3087877879990305,-0.18284023558995957
BH_s01_high,0,197,6.566666666666666,0.7513775855839709,0.0787692637011298
BH_s01_high,0,198,6.6,1.0234727348591304,0.3390471900590747
BH_s01_high,0,199,6.633333333333334,1.0671936315733788,0.583380890903838
BH_s01_high,0,200,6.666666666666667,0.9193538368626426,0.772223464203923
BH_s01_high,0,201,6.7,0.6679261207561676,0.8404375532991939
BH_s01_high,0,202,6.733333333333333,0.39499522423078626,0.7692571166113521
BH_s01_high,0,203,6.766666666666667,0.14519599024444224,0.5863017774278118
BH_s01_high,0,204,6.8,-0.07506623878973852,0.34354081667465586
BH_s01_high,0,205,6.833333333333333,-0.2772354762716115,0.11708171905508019
BH_s01_high,0,206,6.866666666666666,-0.4679090207445472,-0.03244303294809201
BH_s01_high,0,207,6.9,-0.6407307594496203,-0.06001031801773078
BH_s01_high,0,208,6.933333333333334,-0.7771051922858939,0.027033222547824906
BH_s01_high,0,209,6.966666666666667,-0.8500790672860585,0.16938551450508488
BH_s01_high,0,210,7.0,-0.825923771659316,0.29986498767702613
BH_s01_high,0,211,7.033333333333333,-0.6699513059032731,0.3443451624196967
BH_s01_high,0,212,7.066666666666666,-0.3655892902243403,0.30944767090813236
BH_s01_high,0,213,7.1,0.05736225013383062,0.28206334272264066
BH_s01_high,0,214,7.133333333333334,0.5060647727793094,0.2908421503359044
BH_s01_high,0,215,7.166666666666667,0.8506907732980622,0.30560228042910353
BH_s01_high,0,216,7.2,0.9928919741641044,0.27563141787148177
BH_s01_high,0,217,7.233333333333333,0.9224175044007811,0.1310828449108175
BH_s01_high,0,218,7.266666666666667,0.7070650989587811,-0.11546087565541711
BH_s01_high,0,219,7.3,0.43784442387623834,-0.36827709059268304
BH_s01_high,0,220,7.333333333333333,0.1793975455330255,-0.5668024803472622
BH_s01_high,0,221,7.366666666666666,-0.04646209178432777,-0.6855386344038279
BH_s01_high,0,222,7.4,-0.24557190180494723,-0.7506278342214999
BH_s01_high,0,223,7.433333333333334,-0.42795014856178526,-0.8382372724138806
BH_s01_high,0,224,7.466666666666667,-0.5934232965886712,-0.9546039256881469
BH_s01_high,0,225,7.5,-0.7279397722473753,-1.0352347783619196
BH_s01_high,0,226,7.533333333333333,-0.8055757628817839,-1.0130924203902234
BH_s01_high,0,227,7.566666666666666,-0.7942950053877199,-0.8199760570227073
BH_s01_high,0,228,7.6,-0.6587392189945842,-0.4618231198712022
BH_s01_high,0,229,7.633333333333334,-0.3736733738902843,-0.019965605366477797
BH_s01_high,0,230,7.666666666666667,0.04166590756766604,0.4294895816355838
BH_s01_high,0,231,7.7,0.5003951348416465,0.8146343717752059
BH_s01_high,0,232,7.733333333333333,0.8722134791521274,1.0745931949244514
BH_s01_high,0,233,7.766666666666667,1.0482895713446008,1.1584636495475698
BH_s01_high,0,234,7.8,1.0001192490403115,1.0700411249353499
BH_s01_high,0,235,7.833333333333333,0.781949815221152,0.8670622597417681
BH_s01_high,0,236,7.866666666666666,0.4844535537884106,0.6155725708754581
BH_s01_high,0,237,7.9,0.18606863591247097,0.38944448952912536
BH_s01_high,0,238,7.933333333333334,-0.07541773494545445,0.19625855070091186
BH_s01_high,0,239,7.966666666666667,-0.3001025201513804,-0.02131400503833413
BH_s01_high,0,240,8.0,-0.4985772308898009,-0.2689527546237737
BH_s01_high,0,241,8.033333333333333,-0.6722966877643934,-0.4989716770046141
BH_s01_high,0,242,8.066666666666666,-0.8102760624812833,-0.6432033320082153
BH_s01_high,0,243,8.1,-0.8862897433563973,-0.6133104501374576
BH_s01_high,0,244,8.133333333333333,-0.8647530888436623,-0.414381336971295
BH_s01_high,0,245,8.166666666666666,-0.7090325345929043,-0.1449860707825014
BH_s01_high,0,246,8.2,-0.39499007546734277,0.11124802140236874
BH_s01_high,0,247,8.233333333333333,0.05417565301492058,0.28613206056855967
BH_s01_high,0,248,8.266666666666667,0.5443757972888805,0.36419839783582947
BH_s01_high,0,249,8.3,0.9367176718571115,0.381914336839253
BH_s01_high,0,250,8.333333333333334,1.1207907816857674,0.3556293302651489
BH_s01_high,0,251,8.366666666666667,1.073304135512821,0.2810020272773094
BH_s01_high,0,252,8.4,0.8515183164502755,0.14747070471157706
BH_s01_high,0,253,8.433333333333334,0.5452259304419095,-0.060879877404888136
BH_s01_high,0,254,8.466666666666667,0.2308909809879739,-0.3050387568583391
BH_s01_high,0,255,8.5,-0.052038744042772714,-0.49067044712179253
BH_s01_high,0,256,8.533333333333333,-0.29831044410144353,-0.556821196923406
BH_s01_high,0,257,8.566666666666666,-0.5135744517997557,-0.47631582459617994
BH_s01_high,0,258,8.6,-0.6957555508550085,-0.2620326316908609
BH_s01_high,0,259,8.633333333333333,-0.8325593063624055,0.03291839494231391
BH_s01_high,0,260,8.666666666666666,-0.901493083335404,0.3371294830279152
BH_s01_high,0,261,8.7,-0.8694145235796865,0.5608644471419512
BH_s01_high,0,262,8.733333333333333,-0.6997441420864712,0.6659085723121297
BH_s01_high,0,263,8.766666666666667,-0.37356113897996984,0.6650895719461545
BH_s01_high,0,264,8.8,0.07808177152280575,0.5834585785717379
BH_s01_high,0,265,8.833333333333334,0.5578014432536872,0.4575940182538464
BH_s01_high,0,266,8.866666666666667,0.932263614446,0.29191082683094544
BH_s01_high,0,267,8.9,1.1002038528017752,0.05944881012325684
BH_s01_high,0,268,8.933333333333334,1.0444390893969326,-0.24733035712197815
BH_s01_high,0,269,8.966666666666667,0.8224611055934872,-0.6146568330465182
BH_s01_high,0,270,9.0,0.5197472814331969,-0.9852122310021796
BH_s01_high,0,271,9.033333333333333,0.20948318561540685,-1.2571604722807526
BH_s01_high,0,272,9.066666666666666,-0.07065423364317085,-1.3810211412599762
BH_s01_high,0,273,9.1,-0.31297798047169906,-1.3591765034163577
BH_s01_high,0,274,9.133333333333333,-0.5182741704019457,-1.2003267370770576
BH_s01_high,0,275,9.166666666666666,-0.685959736904912,-0.91944454370782
BH_s01_high,0,276,9.2,-0.8099304408216479,-0.5336104998436941
BH_s01_high,0,277,9.233333333333333,-0.8718466118016895,-0.0635963536182734
BH_s01_high,0,278,9.266666666666667,-0.8406470012113734,0.440520206059581
BH_s01_high,0,279,9.3,-0.6817368045737608,0.8973622664163825
BH_s01_high,0,280,9.333333333333334,-0.3758868388716678,1.2336700283302293
BH_s01_high,0,281,9.366666666666667,0.049847143783203096,1.383075156569888
BH_s01_high,0,282,9.4,0.5052729087986852,1.3308253333459077
BH_s01_high,0,283,9.433333333333334,0.8655717471163803,1.1130915906407473
BH_s01_high,0,284,9.466666666666667,1.0338868627776785,0.7948071664206429
BH_s01_high,0,285,9.5,0.9908296464335492,0.4693327679663194
BH_s01_high,0,286,9.533333333333333,0.7918656780164497,0.2058101482634223
BH_s01_high,0,287,9.566666666666666,0.5219800440250717,0.049504186115391785
BH_s01_high,0,288,9.6,0.2491384649563157,0.00237323052861739
BH_s01_high,0,289,9.633333333333333,0.00365824816165098,0.02415960899589932
BH_s01_high,0,290,9.666666666666666,-0.21455922413362943,0.06186701311815697
BH_s01_high,0,291,9.7,-0.41289568291837375,0.05117905444264862
BH_s01_high,0,292,9.733333333333333,-0.5902613888970674,0.005012822849896556
BH_s01_high,0,293,9.766666666666667,-0.734867939135518,0.013286437152924824
BH_s01_high,0,294,9.8,-0.8257376662486421,0.09386854663925838
BH_s01_high,0,295,9.833333333333334,-0.8361262684235449,0.19207604709969925
BH_s01_high,0,296,9.866666666666667,-0.735971217020068,0.24351238629251315
BH_s01_high,0,297,9.9,-0.49912264227013,0.17529253123406446
BH_s01_high,0,298,9.933333333333334,-0.13027544959633294,-0.009100651414576286
BH_s01_high,0,299,9.966666666666667,0.3062902021616897,-0.22936000531526332
BH_s01_high,0,300,10.0,0.6949380642349847,-0.43675889737720935
BH_s01_high,0,301,10.033333333333333,0.924934765683914,-0.6139217515748505
BH_s01_high,0,302,10.066666666666666,0.9524938954875615,-0.7654465111121239
BH_s01_high,0,303,10.1,0.8124879639688563,-0.9164672022323627
BH_s01_high,0,304,10.133333333333333,0.581948003310016,-1.0528456052599886
BH_s01_high,0,305,10.166666666666666,0.3321406024110064,-1.1204847667613198
BH_s01_high,0,306,10.2,0.10144680025787536,-1.0804446833036065
BH_s01_high,0,307,10.233333333333333,-0.10427849612653503,-0.9095927543433217
BH_s01_high,0,308,10.266666666666667,-0.29398439165159973,-0.6143135143696014
BH_s01_high,0,309,10.3,-0.4693737120452385,-0.23158409072922348
BH_s01_high,0,310,10.333333333333334,-0.6199899748331427,0.18228886427667923
BH_s01_high,0,311,10.366666666666667,-0.7288012434352141,0.5504988018538847
BH_s01_high,0,312,10.4,-0.7714922779433904,0.8024696914613716
BH_s01_high,0,313,10.433333333333334,-0.7174342901552995,0.873195059153064
BH_s01_high,0,314,10.466666666666667,-0.5401895863864995,0.801149898676035
BH_s01_high,0,315,10.5,-0.2344273503571467,0.7266237406448903
BH_s01_high,0,316,10.533333333333333,0.1612789912147925,0.7206600537613885
BH_s01_high,0,317,10.566666666666666,0.5547206676966484,0.7835041583904776
BH_s01_high,0,318,10.6,0.8350067153442563,0.8679332760113786
BH_s01_high,0,319,10.633333333333333,0.933648270019594,0.8801444362337546
BH_s01_high,0,320,10.666666666666666,0.8559360662472568,0.7764153906093945
BH_s01_high,0,321,10.7,0.6615238046025661,0.5642722977527376
BH_s01_high,0,322,10.733333333333333,0.42065221723790447,0.264326105481904
BH_s01_high,0,323,10.766666666666667,0.18174996766173954,-0.08879125589263162
BH_s01_high,0,324,10.8,-0.037592177958332605,-0.46640012064252656
BH_s01_high,0,325,10.833333333333334,-0.24101091724451154,-0.8440511881629557
BH_s01_high,0,326,10.866666666666667,-0.4349868863241688,-1.1598761158952333
BH_s01_high,0,327,10.9,-0.6135418583554983,-1.3136447997525773
BH_s01_high,0,328,10.933333333333334,-0.7567815710041412,-1.2503069422561846
BH_s01_high,0,329,10.966666666666667,-0.8405636733797824,-0.960461376067627
BH_s01_high,0,330,11.0,-0.8396831886606191,-0.5072660019075241
BH_s01_high,0,331,11.033333333333333,-0.7256787266712712,-0.02668710064232012
BH_s01_high,0,332,11.066666666666666,-0.4741885789437307,0.3716283322066352
BH_s01_high,0,333,11.1,-0.09412707861303551,0.6040698739654318
BH_s01_high,0,334,11.133333333333333,0.34669137853468546,0.6869958708370001
BH_s01_high,0,335,11.166666666666666,0.7380883716718984,0.734595793128794
BH_s01_high,0,336,11.2,0.9795528975538745,0.7982080311502397
BH_s01_high,0,337,11.233333333333333,1.029995866050166,0.8644997289518666
BH_s01_high,0,338,11.266666666666667,0.9142800535229713,0.8689629475754236
BH_s01_high,0,339,11.3,0.6957739673052947,0.6973005129003823
BH_s01_high,0,340,11.333333333333334,0.44217626373945795,0.3447437731288444
BH_s01_high,0,341,11.366666666666667,0.19393741977878737,-0.08257618312081032
BH_s01_high,0,342,11.4,-0.039328140885365404,-0.5025581927509071
BH_s01_high,0,343,11.433333333333334,-0.2603179979449928,-0.856433148755275
BH_s01_high,0,344,11.466666666666667,-0.47024033748937605,-1.1086380275677452
BH_s01_high,0,345,11.5,-0.6605132697007183,-1.245311054076958
BH_s01_high,0,346,11.533333333333333,-0.8118403505485589,-1.2460692222045286
BH_s01_high,0,347,11.566666666666666,-0.8993417189817434,-1.08363339773266
BH_s01_high,0,348,11.6,-0.8941933111295909,-0.7708100682386921
BH_s01_high,0,349,11.633333333333333,-0.7662819525084408,-0.3613148910612414
BH_s01_high,0,350,11.666666666666666,-0.4969988131842924,0.07603590788723774
BH_s01_high,0,351,11.7,-0.10285514246732279,0.45633719310673304
BH_s01_high,0,352,11.733333333333333,0.3461127057596516,0.7287958161371518
BH_s01_high,0,353,11.766666666666667,0.740948103414184,0.8754303237328369
BH_s01_high,0,354,11.8,0.9826570855388894,0.9081163698100891
BH_s01_high,0,355,11.833333333333334,1.0334076429866383,0.8671605342517841
BH_s01_high,0,356,11.866666666666667,0.9223057772348227,0.7898048134878747
BH_s01_high,0,357,11.9,0.7130913160336261,0.7094249325654193
BH_s01_high,0,358,11.933333333333334,0.4701759255104683,0.6077974424977667
BH_s01_high,0,359,11.966666666666667,0.23057237388911958,0.41619236487619854
BH_s01_high,0,360,12.0,0.0011275554343027462,0.11631236065075576
BH_s01_high,0,361,12.033333333333333,-0.22104703166100267,-0.25780221355451627
BH_s01_high,0,362,12.066666666666666,-0.43294116672680555,-0.6162024554995417
BH_s01_high,0,363,12.1,-0.624443222824477,-0.8129261832538942
BH_s01_high,0,364,12.133333333333333,-0.7804886272162728,-0.7975910178195793
BH_s01_high,0,365,12.166666666666666,-0.8796422465554082,-0.6154141007860248
BH_s01_high,0,366,12.2,-0.8958874100615327,-0.3491822904249318
BH_s01_high,0,367,12.233333333333333,-0.8022003468413857,-0.11814649059889903
BH_s01_high,0,368,12.266666666666667,-0.5750215142758563,0.0496728020674715
BH_s01_high,0,369,12.3,-0.21560962048554322,0.21666599182924842
BH_s01_high,0,370,12.333333333333334,0.22103627789141883,0.40012270577942743
BH_s01_high,0,371,12.366666666666667,0.6318100106147311,0.5705686141752199
BH_s01_high,0,372,12.4,0.9129516042038869,0.6941366313193853
BH_s01_high,0,373,12.433333333333334,1.012462830347988,0.7323560401571836
BH_s01_high,0,374,12.466666666666667,0.9448028498861032,0.6686596438862245
BH_s01_high,0,375,12.5,0.7665889748848846,0.5086246768671607
BH_s01_high,0,376,12.533333333333333,0.5424130224677948,0.26112193932942346
BH_s01_high,0,377,12.566666666666666,0.31584553942660987,-0.060755604871543654
BH_s01_high,0,378,12.6,0.1008314752230134,-0.41998728085708525
BH_s01_high,0,379,12.633333333333333,-0.1061236581276527,-0.7543520155632759
BH_s01_high,0,380,12.666666666666666,-0.31040459855283026,-1.0073803408224287
BH_s01_high,0,381,12.7,-0.508736252262444,-1.127562201127226
BH_s01_high,0,382,12.733333333333333,-0.6864671857557619,-1.0947884748099188
BH_s01_high,0,383,12.766666666666667,-0.8222805904045394,-0.9200594646424363
BH_s01_high,0,384,12.8,-0.8910536640529186,-0.638134991064227
BH_s01_high,0,385,12.833333333333334,-0.8652110887100373,-0.30778983156083534
BH_s01_high,0,386,12.866666666666667,-0.7178272596457392,0.023801973847663693
BH_s01_high,0,387,12.9,-0.4345095904142367,0.32004204147704246
BH_s01_high,0,388,12.933333333333334,-0.042054441735290896,0.5705771272728253
BH_s01_high,0,389,12.966666666666667,0.38034332418916844,0.7894503412778605
BH_s01_high,0,390,13.0,0.728495213462989,0.9625258779913657
BH_s01_high,0,391,13.033333333333333,0.9198306361324553,1.046301901878475
BH_s01_high,0,392,13.066666666666666,0.9334003958945347,0.9979068941616507
BH_s01_high,0,393,13.1,0.8102646017423467,0.7757108784106659
BH_s01_high,0,394,13.133333333333333,0.6165661114142383,0.40235851287948665
BH_s01_high,0,395,13.166666666666666,0.40575407354314835,-0.03431097511916195
BH_s01_high,0,396,13.2,0.20205359731486883,-0.4630929738893399
BH_s01_high,0,397,13.233333333333333,0.005275323916584653,-0.8283575438628975
BH_s01_high,0,398,13.266666666666667,-0.19101980400675098,-1.0793118713731475
BH_s01_high,0,399,13.3,-0.3845485335785974,-1.168864578887938
BH_s01_high,0,400,13.333333333333334,-0.5632475668765123,-1.066057745832703
BH_s01_high,0,401,13.366666666666667,-0.7099518901792984,-0.7563380352846031
BH_s01_high,0,402,13.4,-0.8017869787080667,-0.30452988999193786
BH_s01_high,0,403,13.433333333333334,-0.8093929052666414,0.14478924920663394
BH_s01_high,0,404,13.466666666666667,-0.7051058706310207,0.49427233607134424
BH_s01_high,0,405,13.5,-0.47176049560184996,0.6933643282436259
BH_s01_high,0,406,13.533333333333333,-0.11904811166287174,0.7611068630063201
BH_s01_high,0,407,13.566666666666666,0.293645561500411,0.7841444202174135
BH_s01_high,0,408,13.6,0.6650488939471988,0.8108227143889127
BH_s01_high,0,409,13.633333333333333,0.8986372949058269,0.8496209572496277
BH_s01_high,0,410,13.666666666666666,0.9520864189528941,0.8432415596087868
BH_s01_high,0,411,13.7,0.8509876854194082,0.6699836420379863
BH_s01_high,0,412,13.733333333333333,0.6598347785453132,0.3100819413069103
BH_s01_high,0,413,13.766666666666667,0.4377686571152362,-0.15247215197805486
BH_s01_high,0,414,13.8,0.21607636582266027,-0.6162642637907837
BH_s01_high,0,415,13.833333333333334,0.0029781936471421884,-0.9620488392143944
BH_s01_high,0,416,13.866666666666667,-0.20606429531384857,-1.1176890117851712
BH_s01_high,0,417,13.9,-0.41368682918817296,-1.0577411539938468
BH_s01_high,0,418,13.933333333333334,-0.6105223746513602,-0.8279738702787574
BH_s01_high,0,419,13.966666666666667,-0.7767813656687373,-0.5444662257275625
BH_s01_high,0,420,14.0,-0.8862350604104251,-0.2622240515869577
BH_s01_high,0,421,14.033333333333333,-0.9116196731494768,0.024381565177152398
BH_s01_high,0,422,14.066666666666666,-0.8246418897829875,0.3174666202410439
BH_s01_high,0,423,14.1,-0.5969239037848362,0.6135247346313605
BH_s01_high,0,424,14.133333333333333,-0.2272196529083051,0.8647055296570196
BH_s01_high,0,425,14.166666666666666,0.2263019491642367,0.9780765354161094
BH_s01_high,0,426,14.2,0.6562723489098324,0.9169452194314912
BH_s01_high,0,427,14.233333333333333,0.9529987118391035,0.701110506150152
BH_s01_high,0,428,14.266666666666667,1.057731177099343,0.37874046814049034
BH_s01_high,0,429,14.3,0.983761150394138,0.0265403927573232
BH_s01_high,0,430,14.333333333333334,0.7919455581670193,-0.3180170041542634
BH_s01_high,0,431,14.366666666666667,0.5509905741687067,-0.6552379182037175
BH_s01_high,0,432,14.4,0.30586159406719327,-0.9498529151541881
BH_s01_high,0,433,14.433333333333334,0.06998650731910269,-1.1296099513164386
BH_s01_high,0,434,14.466666666666667,-0.15843777841189782,-1.132042970749557
BH_s01_high,0,435,14.5,-0.379213519929136,-0.9049820373020019
BH_s01_high,0,436,14.533333333333333,-0.5849578670749398,-0.48836833232020593
BH_s01_high,0,437,14.566666666666666,-0.7606895657741382,-0.01473473251776837
BH_s01_high,0,438,14.6,-0.8840188397558276,0.4055636410063165
BH_s01_high,0,439,14.633333333333333,-0.92553344670752,0.6841272310512726
BH_s01_high,0,440,14.666666666666666,-0.851889187312407,0.8087366626490551
BH_s01_high,0,441,14.7,-0.6356508447863737,0.8417018638730047
BH_s01_high,0,442,14.733333333333333,-0.2754106108300333,0.8325607530253868
BH_s01_high,0,443,14.766666666666667,0.1770197314850726,0.8164138916929524
BH_s01_high,0,444,14.8,0.6143342381691391,0.777092046482641
BH_s01_high,0,445,14.833333333333334,0.920669820000786,0.6477427655087821
BH_s01_high,0,446,14.866666666666667,1.0330443709757762,0.40556898803586994
BH_s01_high,0,447,14.9,0.9628469390173651,0.07342371799384029
BH_s01_high,0,448,14.933333333333334,0.7715657921879262,-0.3072025339182523
BH_s01_high,0,449,14.966666666666667,0.5305912797863052,-0.6749840895894088
BH_s01_high,0,450,15.0,0.289659702803618,-0.9796181777101101
BH_s01_high,0,451,15.033333333333333,0.06619705762942875,-1.1806292664830784
BH_s01_high,0,452,15.066666666666666,-0.14490540166933552,-1.2361168425556417
BH_s01_high,0,453,15.1,-0.35024923667789704,-1.1025204707023706
BH_s01_high,0,454,15.133333333333333,-0.5447183908567348,-0.7928595245638128
BH_s01_high,0,455,15.166666666666666,-0.7127256743431224,-0.37732312412037333
BH_s01_high,0,456,15.2,-0.832224046438569,0.047878446095071865
BH_s01_high,0,457,15.233333333333333,-0.8759418812747828,0.36029242682664997
BH_s01_high,0,458,15.266666666666667,-0.8128108169393402,0.533771541406264
BH_s01_high,0,459,15.3,-0.6139122403817179,0.6369700096654649
BH_s01_high,0,460,15.333333333333334,-0.273807641474595,0.7106852511541281
BH_s01_high,0,461,15.366666666666667,0.15828470035480002,0.7659271913609025
BH_s01_high,0,462,15.4,0.5789041003277647,0.7954268067148171
BH_s01_high,0,463,15.433333333333334,0.876778610677434,0.7734417287802682
BH_s01_high,0,464,15.466666666666667,0.988475642698,0.6783650736596736
BH_s01_high,0,465,15.5,0.9217746725171487,0.49350799240650506
BH_s01_high,0,466,15.533333333333333,0.7368765242866622,0.22194412746120115
BH_s01_high,0,467,15.566666666666666,0.5035874751871692,-0.1122420098395589
BH_s01_high,0,468,15.6,0.2695893112066381,-0.4462060569455484
BH_s01_high,0,469,15.633333333333333,0.053691977572140226,-0.677740635693175
BH_s01_high,0,470,15.666666666666666,-0.14752692322612884,-0.7581004830335794
BH_s01_high,0,471,15.7,-0.34224381122752073,-0.6917259613630321
BH_s01_high,0,472,15.733333333333333,-0.528738480104578,-0.5141006567115891
BH_s01_high,0,473,15.766666666666667,-0.6918163771410597,-0.291183858477594
BH_s01_high,0,474,15.8,-0.8076202589989464,-0.06059639291983003
BH_s01_high,0,475,15.833333333333334,-0.8487469879664442,0.1678838120465153
BH_s01_high,0,476,15.866666666666667,-0.7840246653276693,0.3712189743973926
BH_s01_high,0,477,15.9,-0.5841874696667844,0.5121522757032437
BH_s01_high,0,478,15.933333333333334,-0.2451901105325337,0.5561077731469657
BH_s01_high,0,479,15.966666666666667,0.17953271226125686,0.471187356969377
BH_s01_high,0,480,16.0,0.5837594669847136,0.2616292501113586
BH_s01_high,0,481,16.033333333333335,0.8576252506989935,-0.03169864447470226
BH_s01_high,0,482,16.066666666666666,0.9413030874700344,-0.3451126698524523
BH_s01_high,0,483,16.1,0.8491270545714835,-0.5918439178581913
BH_s01_high,0,484,16.133333333333333,0.6475902287452993,-0.7224426556207991
BH_s01_high,0,485,16.166666666666668,0.40967285189118446,-0.7244383735758438
BH_s01_high,0,486,16.2,0.18105796298083254,-0.6007925790310831
BH_s01_high,0,487,16.233333333333334,-0.025050357151340883,-0.36980871264448123
BH_s01_high,0,488,16.266666666666666,-0.21558794197893158,-0.07677374416031893
BH_s01_high,0,489,16.3,-0.39815341224535217,0.20567660644990104
BH_s01_high,0,490,16.333333333333332,-0.5662677983414526,0.4321400790033165
BH_s01_high,0,491,16.366666666666667,-0.7019113614164111,0.583714186377258
BH_s01_high,0,492,16.4,-0.7813927358398254,0.6566720308050266
BH_s01_high,0,493,16.433333333333334,-0.7745945328269432,0.6614656554255561
BH_s01_high,0,494,16.466666666666665,-0.6472963054079695,0.5952820183894879
BH_s01_high,0,495,16.5,-0.37931355571119973,0.44207379642640754
BH_s01_high,0,496,16.533333333333335,0.00649226091878724,0.21020819796060455
BH_s01_high,0,497,16.566666666666666,0.43029277116372905,-0.06668963629994298
BH_s01_high,0,498,16.6,0.7759391948412543,-0.3448878572500428
BH_s01_high,0,499,16.633333333333333,0.9477035849552642,-0.5698357098236234
BH_s01_high,0,500,16.666666666666668,0.9234541051201781,-0.7056395690639913
BH_s01_high,0,501,16.7,0.7510088468495595,-0.7344978345004616
BH_s01_high,0,502,16.733333333333334,0.5077132474245538,-0.6621493294597036
BH_s01_high,0,503,16.766666666666666,0.2577110644169254,-0.5175158993116938
BH_s01_high,0,504,16.8,0.02636031524367722,-0.31470541602012586
BH_s01_high,0,505,16.833333333333332,-0.18764040071599414,-0.05365809360835694
BH_s01_high,0,506,16.866666666666667,-0.38975295185559894,0.23177258252305652
BH_s01_high,0,507,16.9,-0.5766980137001377,0.47290875495330603
BH_s01_high,0,508,16.933333333333334,-0.7327873533480286,0.6304212364852775
BH_s01_high,0,509,16.966666666666665,-0.8337370918974418,0.693722709242491
BH_s01_high,0,510,17.0,-0.8487050260039818,0.6763311069677249
BH_s01_high,0,511,17.033333333333335,-0.7438213108183852,0.6150216964341501
BH_s01_high,0,512,17.066666666666666,-0.49244976925912415,0.5216104294276721
BH_s01_high,0,513,17.1,-0.10288480625785495,0.3830566275493342
BH_s01_high,0,514,17.133333333333333,0.35397222686966523,0.18472084336769173
BH_s01_high,0,515,17.166666666666668,0.7586382073282651,-0.08820883619139389
BH_s01_high,0,516,17.2,1.000232766352493,-0.3910484712736001
BH_s01_high,0,517,17.233333333333334,1.0330616377481565,-0.6189327345692186
BH_s01_high,0,518,17.266666666666666,0.8867504372388164,-0.7165584864646649
BH_s01_high,0,519,17.3,0.6333002507801295,-0.6781258176125099
BH_s01_high,0,520,17.333333333333332,0.3454678718818348,-0.5214746022840155
BH_s01_high,0,521,17.366666666666667,0.07107679540112849,-0.2878271640019984
BH_s01_high,0,522,17.4,-0.17251864872143502,-0.025532432873786814
BH_s01_high,0,523,17.433333333333334,-0.38836304967844504,0.2096697778559557
BH_s01_high,0,524,17.466666666666665,-0.5788763568341524,0.38687208559222835
BH_s01_high,0,525,17.5,-0.736060465953277,0.49921999117305144
BH_s01_high,0,526,17.533333333333335,-0.8431635766814127,0.541856260824293
BH_s01_high,0,527,17.566666666666666,-0.8709593584787155,0.5112702789050007
BH_s01_high,0,528,17.6,-0.7812878360546973,0.41133196561724056
BH_s01_high,0,529,17.633333333333333,-0.5435987028607603,0.2534132184063893
BH_s01_high,0,530,17.666666666666668,-0.16199952329073092,0.05371592070106682
BH_s01_high,0,531,17.7,0.29933041325836024,-0.16605117006676068
BH_s01_high,0,532,17.733333333333334,0.7230499973491634,-0.3797635904587662
BH_s01_high,0,533,17.766666666666666,0.9915196444944869,-0.5560508338192084
BH_s01_high,0,534,17.8,1.0497092618528923,-0.677616837291087
BH_s01_high,0,535,17.833333333333332,0.9217029312959839,-0.7404731391647938
BH_s01_high,0,536,17.866666666666667,0.6787073372356422,-0.7356920327605742
BH_s01_high,0,537,17.9,0.3960551417984153,-0.6492189944090303
BH_s01_high,0,538,17.933333333333334,0.12364846271357376,-0.47373920107655093
BH_s01_high,0,539,17.966666666666665,-0.12039447438370214,-0.20952017452592175
BH_s01_high,0,540,18.0,-0.33732162357507667,0.11808757238868367
BH_s01_high,0,541,18.033333333333335,-0.5299842510403695,0.4574718601581781
BH_s01_high,0,542,18.066666666666666,-0.6930134668618333,0.7576450145576239
BH_s01_high,0,543,18.1,-0.8116978005689854,0.967266311754315
BH_s01_high,0,544,18.133333333333333,-0.8603873242843927,1.0561139389740857
BH_s01_high,0,545,18.166666666666668,-0.8046764098183733,1.0144443753520669
BH_s01_high,0,546,18.2,-0.6126617810423367,0.8481151289749789
BH_s01_high,0,547,18.233333333333334,-0.27777602632704645,0.5787128294962403
BH_s01_high,0,548,18.266666666666666,0.15507510080871667,0.2315502305049642
BH_s01_high,0,549,18.3,0.5841240044409473,-0.1631277768689526
BH_s01_high,0,550,18.333333333333332,0.8896299301338638,-0.5511852216327184
BH_s01_high,0,551,18.366666666666667,0.9984144476982935,-0.8533186980463492
BH_s01_high,0,552,18.4,0.9155437312154893,-1.0236493847734274
BH_s01_high,0,553,18.433333333333334,0.7053427834779713,-1.04887353548706
BH_s01_high,0,554,18.466666666666665,0.4464193214102157,-0.9379344443767161
BH_s01_high,0,555,18.5,0.19419248438482267,-0.7215830473448959
BH_s01_high,0,556,18.533333333333335,-0.030464813602529763,-0.4400197433950285
BH_s01_high,0,557,18.566666666666666,-0.23149239602433952,-0.1432919475789929
BH_s01_high,0,558,18.6,-0.4186542394903208,0.14373826089430897
BH_s01_high,0,559,18.633333333333333,-0.5912368281493993,0.419974195932296
BH_s01_high,0,560,18.666666666666668,-0.7332914960305018,0.678271959835767
BH_s01_high,0,561,18.7,-0.8204644659089132,0.903656270353932
BH_s01_high,0,562,18.733333333333334,-0.8246434789277508,1.0536971924273872
BH_s01_high,0,563,18.766666666666666,-0.7153316918566274,1.0581102272722291
BH_s01_high,0,564,18.8,-0.46836711473481807,0.8887415208736671
BH_s01_high,0,565,18.833333333333332,-0.09281212742917712,0.5603453225286198
BH_s01_high,0,566,18.866666666666667,0.3412606360801906,0.12450292243711751
BH_s01_high,0,567,18.9,0.7171503641111125,-0.3295079541727556
BH_s01_high,0,568,18.933333333333334,0.9289121858605897,-0.7331117654073713
BH_s01_high,0,569,18.966666666666665,0.939391642689271,-1.0371543554936271
BH_s01_high,0,570,19.0,0.7901545204292375,-1.2041282724845848
BH_s01_high,0,571,19.033333333333335,0.5611027956443828,-1.207074556387867
BH_s01_high,0,572,19.066666666666666,0.32136057204962676,-1.0452301754716748
BH_s01_high,0,573,19.1,0.10229098538890338,-0.744034175044552
BH_s01_high,0,574,19.133333333333333,-0.09567118549764193,-0.34981336234768484
BH_s01_high,0,575,19.166666666666668,-0.28162933724402117,0.06938400673624046
BH_s01_high,0,576,19.2,-0.4587838091055912,0.4626392334389395
BH_s01_high,0,577,19.233333333333334,-0.6172820821545703,0.7946152064329091
BH_s01_high,0,578,19.266666666666666,-0.736170385570029,1.0480654788672905
BH_s01_high,0,579,19.3,-0.7880170606984618,1.2219456621307367
BH_s01_high,0,580,19.333333333333332,-0.7437742682461208,1.3023189096203558
BH_s01_high,0,581,19.366666666666667,-0.5763806851819104,1.2615138582838124
BH_s01_high,0,582,19.4,-0.2738070506051266,1.074613107952435
BH_s01_high,0,583,19.433333333333334,0.13169896809077325,0.720476216654404
BH_s01_high,0,584,19.466666666666665,0.5491389848572211,0.2345355903779198
BH_s01_high,0,585,19.5,0.8599947025640224,-0.28966653046779933
BH_s01_high,0,586,19.533333333333335,0.9823256766791861,-0.7815144372135646
BH_s01_high,0,587,19.566666666666666,0.9118677955250094,-1.1915759802335355
BH_s01_high,0,588,19.6,0.7079388740720667,-1.481435600938292
BH_s01_high,0,589,19.633333333333333,0.4508699187051083,-1.6218480689389159
BH_s01_high,0,590,19.666666666666668,0.19914893973188177,-1.5871000223477
BH_s01_high,0,591,19.7,-0.029132307060313837,-1.3547418320842934
BH_s01_high,0,592,19.733333333333334,-0.23952292383688656,-0.9431056992114035
BH_s01_high,0,593,19.766666666666666,-0.4380606040841496,-0.4124526844008862
BH_s01_high,0,594,19.8,-0.6201563512683739,0.16312224582226464
BH_s01_high,0,595,19.833333333333332,-0.7706117351337721,0.6940031189172126
BH_s01_high,0,596,19.866666666666667,-0.8655533943589331,1.1261846186924842
BH_s01_high,0,597,19.9,-0.8742500796066535,1.4390028682158282
BH_s01_high,0,598,19.933333333333334,-0.7651609972775844,1.6052290616832317
BH_s01_high,0,599,19.966666666666665,-0.5124156088251014,1.5895974485095052
BH_s01_high,0,600,20.0,-0.11980067268025114,1.3829746116082233
BH_s01_high,0,601,20.033333333333335,0.3495152082659851,1.002730765819295
BH_s01_high,0,602,20.066666666666666,0.7794050160989017,0.5008551958261468
BH_s01_high,0,603,20.1,1.0517413958741515,-0.034809239473913976
BH_s01_high,0,604,20.133333333333333,1.1106926326827278,-0.5381455748325941
BH_s01_high,0,605,20.166666666666668,0.9804919257468635,-0.9628144298109027
BH_s01_high,0,606,20.2,0.7327052916299566,-1.2763869908566736
BH_s01_high,0,607,20.233333333333334,0.44365329404026554,-1.4582211838196424
BH_s01_high,0,608,20.266666666666666,0.16343326022159116,-1.4880179634961288
BH_s01_high,0,609,20.3,-0.08960436059613362,-1.3450938583975387
BH_s01_high,0,610,20.333333333333332,-0.31801381110762605,-1.0291493780777516
BH_s01_high,0,611,20.366666666666667,-0.5280581703042286,-0.5613009169266105
BH_s01_high,0,612,20.4,-0.7153977836112517,0.0035733391054331987
BH_s01_high,0,613,20.433333333333334,-0.8625554131947216,0.5750562380514814
BH_s01_high,0,614,20.466666666666665,-0.9437944566031985,1.0692762907533677
BH_s01_high,0,615,20.5,-0.932037867215475,1.4072217234169584
BH_s01_high,0,616,20.533333333333335,-0.7990674459799395,1.5524351050143896
BH_s01_high,0,617,20.566666666666666,-0.5214581319238675,1.5096392624087267
BH_s01_high,0,618,20.6,-0.10756547969400901,1.2959174379996172
BH_s01_high,0,619,20.633333333333333,0.37609981999694797,0.9405328551292624
BH_s01_high,0,620,20.666666666666668,0.8127240048171723,0.48707284644239746
BH_s01_high,0,621,20.7,1.0865817614198092,-0.0052481565217672305
BH_s01_high,0,622,20.733333333333334,1.1446272071664987,-0.49042387792609954
BH_s01_high,0,623,20.766666666666666,1.0130773799320163,-0.9334396905212372
BH_s01_high,0,624,20.8,0.765295507819845,-1.2966428458129355
BH_s01_high,0,625,20.833333333333332,0.47917515938210836,-1.5376441259163847
BH_s01_high,0,626,20.866666666666667,0.20573640440693877,-1.6216243249516549
BH_s01_high,0,627,20.9,-0.039037531465362395,-1.5206139282825801
BH_s01_high,0,628,20.933333333333334,-0.26171283275453766,-1.2348573864588013
BH_s01_high,0,629,20.966666666666665,-0.47041818036725924,-0.7935482476887916
BH_s01_high,0,630,21.0,-0.6613263616243108,-0.25472029300583177
BH_s01_high,0,631,21.033333333333335,-0.8194769435267082,0.2932311654733512
BH_s01_high,0,632,21.066666666666666,-0.9226155745298349,0.7697996435219819
BH_s01_high,0,633,21.1,-0.9452466724803235,1.1007234276075855
BH_s01_high,0,634,21.133333333333333,-0.8604965261355583,1.258175290427926
BH_s01_high,0,635,21.166666666666668,-0.6417717013156266,1.2591583900607957
BH_s01_high,0,636,21.2,-0.2817564251770718,1.1268272928533323
BH_s01_high,0,637,21.233333333333334,0.17777552023919113,0.8897893523166029
BH_s01_high,0,638,21.266666666666666,0.6387205888643039,0.5714047405635203
BH_s01_high,0,639,21.3,0.9812940026661663,0.1908018144866343
BH_s01_high,0,640,21.333333333333332,1.1248776005576149,-0.20492337179680836
BH_s01_high,0,641,21.366666666666667,1.0661022620958762,-0.5393318108002909
BH_s01_high,0,642,21.4,0.8654664742145906,-0.7491826275038298
BH_s01_high,0,643,21.433333333333334,0.6045683535121651,-0.7838410010965108
BH_s01_high,0,644,21.466666666666665,0.3436109967815537,-0.6325493777112532
BH_s01_high,0,645,21.5,0.10435954697956035,-0.3244611166240386
BH_s01_high,0,646,21.533333333333335,-0.11577872514383888,0.06614993130320462
BH_s01_high,0,647,21.566666666666666,-0.3252557091100906,0.4198573723367718
BH_s01_high,0,648,21.6,-0.5261352442619612,0.6735184473778734
BH_s01_high,0,649,21.633333333333333,-0.7071487855549756,0.819600844940966
BH_s01_high,0,650,21.666666666666668,-0.8479388365260409,0.8661973094104582
BH_s01_high,0,651,21.7,-0.9268474935380334,0.8357929551361301
BH_s01_high,0,652,21.733333333333334,-0.9202992094980293,0.729317985600178
BH_s01_high,0,653,21.766666666666666,-0.8005944475067078,0.5263880868425528
BH_s01_high,0,654,21.8,-0.5427123693361603,0.22882942394950315
BH_s01_high,0,655,21.833333333333332,-0.14987978821604528,-0.13787371708982316
BH_s01_high,0,656,21.866666666666667,0.31617509161548435,-0.531521467195723
BH_s01_high,0,657,21.9,0.7424625990966001,-0.8917510836400958
BH_s01_high,0,658,21.933333333333334,1.0152469149222851,-1.1852982389827005
BH_s01_high,0,659,21.966666666666665,1.0796148928412626,-1.4043576521881505
BH_s01_high,0,660,22.0,0.9611598538183802,-1.5276376805734708
BH_s01_high,0,661,22.033333333333335,0.7353068530187519,-1.5194127980629997
BH_s01_high,0,662,22.066666666666666,0.4775203164182117,-1.3657352256447037
BH_s01_high,0,663,22.1,0.23210917235535228,-1.0749316396739113
BH_s01_high,0,664,22.133333333333333,0.01098672942041483,-0.6760596443688102
BH_s01_high,0,665,22.166666666666668,-0.19254446912619846,-0.22021400408398517
BH_s01_high,0,666,22.2,-0.3865827902949597,0.24642663352864974
BH_s01_high,0,667,22.233333333333334,-0.5686387460585034,0.6805892369918336
BH_s01_high,0,668,22.266666666666666,-0.7260318379515426,1.0509476037927898
BH_s01_high,0,669,22.3,-0.8377476027125698,1.3358363015667085
BH_s01_high,0,670,22.333333333333332,-0.8759109014477273,1.5103529321878824
BH_s01_high,0,671,22.366666666666667,-0.814545977258006,1.5449654348298951
BH_s01_high,0,672,22.4,-0.6302538475915822,1.4239614351748733
BH_s01_high,0,673,22.433333333333334,-0.3089186385654012,1.1456016799935915
BH_s01_high,0,674,22.466666666666665,0.12159903926005819,0.7390678014761671
BH_s01_high,0,675,22.5,0.5731401308113218,0.2655862350345382
BH_s01_high,0,676,22.533333333333335,0.9240103862300089,-0.21293066028549362
BH_s01_high,0,677,22.566666666666666,1.0823861131755892,-0.6322856150960056
BH_s01_high,0,678,22.6,1.0353505925030182,-0.9390673232828453
BH_s01_high,0,679,22.633333333333333,0.8402685388563313,-1.089179197941661
BH_s01_high,0,680,22.666666666666668,0.5793303133931416,-1.0599344797972632
BH_s01_high,0,681,22.7,0.3159297218180311,-0.8496192863646703
BH_s01_high,0,682,22.733333333333334,0.07821157756843411,-0.49454140356892123
BH_s01_high,0,683,22.766666666666666,-0.1366350708502154,-0.06947050692093404
BH_s01_high,0,684,22.8,-0.3430515277168279,0.34021004039656033
BH_s01_high,0,685,22.833333333333332,-0.5454131651079119,0.6379422095256255
BH_s01_high,0,686,22.866666666666667,-0.7326608637712182,0.7939170793340189
BH_s01_high,0,687,22.9,-0.8831944064124654,0.8438296598434438
BH_s01_high,0,688,22.933333333333334,-0.9698728792780261,0.8125345596634587
BH_s01_high,0,689,22.966666666666665,-0.9610254978046603,0.7130064102389722
BH_s01_high,0,690,23.0,-0.8245789340867304,0.537168113007834
BH_s01_high,0,691,23.033333333333335,-0.5371569007864359,0.2568740462433493
BH_s01_high,0,692,23.066666666666666,-0.10883845889890792,-0.10946835826646972
BH_s01_high,0,693,23.1,0.39009302433435916,-0.4953836378363196
BH_s01_high,0,694,23.133333333333333,0.8389627517286293,-0.8436881784742756
BH_s01_high,0,695,23.166666666666668,1.1193588318780006,-1.1053414230472436
BH_s01_high,0,696,23.2,1.178911766696878,-1.2479674414414346
BH_s01_high,0,697,23.233333333333334,1.0470034712551484,-1.2548927668964225
BH_s01_high,0,698,23.266666666666666,0.7994426492842334,-1.123491614442007
BH_s01_high,0,699,23.3,0.5155389827617536,-0.8652052253494276
BH_s01_high,0,700,23.333333333333332,0.24414598221233821,-0.5047739384721075
BH_s01_high,0,701,23.366666666666667,-0.004104325341592801,-0.08138042275378685
BH_s01_high,0,702,23.4,-0.2357376801805064,0.34867677412475406
BH_s01_high,0,703,23.433333333333334,-0.45576651371560783,0.7105593348058432
BH_s01_high,0,704,23.466666666666665,-0.6598683347443512,0.9702148898767059
BH_s01_high,0,705,23.5,-0.8318181666521669,1.1327536504035918
BH_s01_high,0,706,23.533333333333335,-0.9472446535357891,1.1985933916499372
BH_s01_high,0,707,23.566666666666666,-0.977473420547313,1.1622792145032301
BH_s01_high,0,708,23.6,-0.8902536404556785,1.0190456934858445
BH_s01_high,0,709,23.633333333333333,-0.6558707748557389,0.7652230274418519
BH_s01_high,0,710,23.666666666666668,-0.2718626364360719,0.42655300184917166
BH_s01_high,0,711,23.7,0.20886127139016714,0.05928739842353296
BH_s01_high,0,712,23.733333333333334,0.6773572110634737,-0.28946164613424097
BH_s01_high,0,713,23.766666666666666,1.0109108600260406,-0.5804168962593841
BH_s01_high,0,714,23.8,1.1362911220049026,-0.7874272926939462
BH_s01_high,0,715,23.833333333333332,1.0612773008328282,-0.8961027271513156
BH_s01_high,0,716,23.866666666666667,0.8520423322685067,-0.8984280336775078
BH_s01_high,0,717,23.9,0.5866347449605149,-0.7921837154459441
BH_s01_high,0,718,23.933333333333334,0.32129534117400793,-0.5843569667969735
BH_s01_high,0,719,23.966666666666665,0.07817252883271697,-0.29167641152579415
BH_s01_high,0,720,24.0,-0.1471658322830472,0.03408538567133303
BH_s01_high,0,721,24.033333333333335,-0.3652153120300492,0.30552392851583904
BH_s01_high,0,722,24.066666666666666,-0.5745019658016467,0.48233003397444707
BH_s01_high,0,723,24.1,-0.7599301591423854,0.5705170436921342
BH_s01_high,0,724,24.133333333333333,-0.900029602358675,0.5798025359952514
BH_s01_high,0,725,24.166666666666668,-0.966234284419802,0.5227023052727657
BH_s01_high,0,726,24.2,-0.925613252600632,0.4005741792597806
BH_s01_high,0,727,24.233333333333334,-0.7471795308646431,0.20398984427647793
BH_s01_high,0,728,24.266666666666666,-0.4151843719847589,-0.04760074856875079
BH_s01_high,0,729,24.3,0.03680000938807747,-0.30502357068491714
BH_s01_high,0,730,24.333333333333332,0.5124108680379859,-0.5259190113472977
BH_s01_high,0,731,24.366666666666667,0.8874952686726697,-0.6741257352584049
BH_s01_high,0,732,24.4,1.0697430414289333,-0.7289743749330854
BH_s01_high,0,733,24.433333333333334,1.0444971930827667,-0.6848360283930625
BH_s01_high,0,734,24.466666666666665,0.8683782840843342,-0.5413145467571481
BH_s01_high,0,735,24.5,0.6221055858926937,-0.30359619055624737
BH_s01_high,0,736,24.533333333333335,0.3683769350632875,-0.016152496260096405
BH_s01_high,0,737,24.566666666666666,0.13618372423803304,0.2368103423703451
BH_s01_high,0,738,24.6,-0.07442997311152569,0.41799400655861174
BH_s01_high,0,739,24.633333333333333,-0.27602507737013166,0.5362409433681351
BH_s01_high,0,740,24.666666666666668,-0.4740900765260818,0.612894952651124
BH_s01_high,0,741,24.7,-0.6571289252324324,0.6803121518703952
BH_s01_high,0,742,24.733333333333334,-0.8023024196867162,0.7192601556038982
BH_s01_high,0,743,24.766666666666666,-0.883056372737244,0.6589674566143355
BH_s01_high,0,744,24.8,-0.8701572767762022,0.4870962337445518
BH_s01_high,0,745,24.833333333333332,-0.7335577825067174,0.25051446529319865
BH_s01_high,0,746,24.866666666666667,-0.4522138396778314,0.004297901598281573
BH_s01_high,0,747,24.9,-0.045273883284684985,-0.18817191552802853
BH_s01_high,0,748,24.933333333333334,0.40542967644282163,-0.32077975893850874
BH_s01_high,0,749,24.966666666666665,0.7810802799193273,-0.4434828625938456
BH_s01_high,0,750,25.0,0.9815216135969567,-0.5589124727755878
BH_s01_high,0,751,25.033333333333335,0.9761811060467885,-0.6214304955601697
BH_s01_high,0,752,25.066666666666666,0.8134012139912971,-0.6106387731955809
BH_s01_high,0,753,25.1,0.5765511290868618,-0.5315363272612155
BH_s01_high,0,754,25.133333333333333,0.3312046647382031,-0.3946435922963402
BH_s01_high,0,755,25.166666666666668,0.1070631228003904,-0.2162911555199714
BH_s01_high,0,756,25.2,-0.09593178478340922,-0.021349601792985822
BH_s01_high,0,757,25.233333333333334,-0.28964125897450305,0.15617712068415954
BH_s01_high,0,758,25.266666666666666,-0.4757269137281683,0.2902972790715577
BH_s01_high,0,759,25.3,-0.6413809295213614,0.3624714666232233
BH_s01_high,0,760,25.333333333333332,-0.7655305208265147,0.35116377602940635
BH_s01_high,0,761,25.366666666666667,-0.820707127329131,0.23190651276183133
BH_s01_high,0,762,25.4,-0.7746516974934019,0.027547704918689936
BH_s01_high,0,763,25.433333333333334,-0.5961048071192102,-0.19159023497266797
BH_s01_high,0,764,25.466666666666665,-0.27360329209485423,-0.36379040317036254
BH_s01_high,0,765,25.5,0.15180741620354005,-0.4361832510249469
BH_s01_high,0,766,25.533333333333335,0.5788575627668991,-0.39621941471015887
BH_s01_high,0,767,25.566666666666666,0.887090482302029,-0.2715403606922649
BH_s01_high,0,768,25.6,0.9985620803086556,-0.08307874803136996
BH_s01_high,0,769,25.633333333333333,0.9149492613759402,0.15463268597349053
BH_s01_high,0,770,25.666666666666668,0.7006505292782156,0.4155703324405775
BH_s01_high,0,771,25.7,0.43686127104765116,0.6612601970303171
BH_s01_high,0,772,25.733333333333334,0.18004012197496452,0.8538614904291137
BH_s01_high,0,773,25.766666666666666,-0.053326878359154894,0.9555059929930049
BH_s01_high,0,774,25.8,-0.268249474045565,0.9527539760624086
BH_s01_high,0,775,25.833333333333332,-0.469979632426006,0.8562797912195438
BH_s01_high,0,776,25.866666666666667,-0.6538583300350267,0.6759393146545509
BH_s01_high,0,777,25.9,-0.8035448014014744,0.4212196913091766
BH_s01_high,0,778,25.933333333333334,-0.8929747384105314,0.11135623945052475
BH_s01_high,0,779,25.966666666666665,-0.8869727732711837,-0.22334304657774187
BH_s01_high,0,780,26.0,-0.7467151738336026,-0.5412217951550986
BH_s01_high,0,781,26.033333333333335,-0.44877756286304105,-0.7880195712256362
BH_s01_high,0,782,26.066666666666666,-0.01666170532259921,-0.9283863041187449
BH_s01_high,0,783,26.1,0.46233001673285523,-0.945078612616321
BH_s01_high,0,784,26.133333333333333,0.860263907929132,-0.8531108453323446
BH_s01_high,0,785,26.166666666666668,1.0704614906255525,-0.6991598308392172
BH_s01_high,0,786,26.2,1.0623493450356236,-0.5271053754291017
BH_s01_high,0,787,26.233333333333334,0.8815818960870541,-0.37784083061799434
BH_s01_high,0,788,26.266666666666666,0.6085536186329545,-0.25344973823441186
BH_s01_high,0,789,26.3,0.31545481145630083,-0.1182023431116982
BH_s01_high,0,790,26.333333333333332,0.04302285498253343,0.03263327074481236
BH_s01_high,0,791,26.366666666666667,-0.20017306810109362,0.17168555761432153
BH_s01_high,0,792,26.4,-0.41746428796912266,0.27939713240334785
BH_s01_high,0,793,26.433333333333334,-0.6071746778825385,0.3435825413566327
BH_s01_high,0,794,26.466666666666665,-0.7601706263506416,0.36321131254370376
BH_s01_high,0,795,26.5,-0.8561304292649161,0.34796399230016894
BH_s01_high,0,796,26.533333333333335,-0.8630854318947959,0.29941575652961716
BH_s01_high,0,797,26.566666666666666,-0.7456017109664835,0.21108612676205293
BH_s01_high,0,798,26.6,-0.4797540158486716,0.07938194548521926
BH_s01_high,0,799,26.633333333333333,-0.08044590517908687,-0.09567779121099942
BH_s01_high,0,800,26.666666666666668,0.3775919155685676,-0.2666971301577787
BH_s01_high,0,801,26.7,0.7749251274674744,-0.3390210764305229
BH_s01_high,0,802,26.733333333333334,1.002126427187116,-0.2616931763680881
BH_s01_high,0,803,26.766666666666666,1.0197026471685946,-0.028405642692282088
BH_s01_high,0,804,26.8,0.8644402856362139,0.30870646254575096
BH_s01_high,0,805,26.833333333333332,0.6090307165989611,0.6389031628296677
BH_s01_high,0,806,26.866666666666667,0.3239522189378673,0.8706705652064498
BH_s01_high,0,807,26.9,0.05494809368680027,0.9320074446126533
BH_s01_high,0,808,26.933333333333334,-0.18169051632990252,0.8183250439892042
BH_s01_high,0,809,26.966666666666665,-0.3874453624571857,0.5921636565020959
BH_s01_high,0,810,27.0,-0.5659249450650453,0.3072228782920453
BH_s01_high,0,811,27.033333333333335,-0.7129636040771365,0.008463825836433807
BH_s01_high,0,812,27.066666666666666,-0.8112955107291115,-0.28490658910787053
BH_s01_high,0,813,27.1,-0.8312226898766252,-0.5778197479458312
BH_s01_high,0,814,27.133333333333333,-0.7395155561367686,-0.8562235076846302
BH_s01_high,0,815,27.166666666666668,-0.5115722110286683,-1.0853660313236533
BH_s01_high,0,816,27.2,-0.15293373398970617,-1.219247872742614
BH_s01_high,0,817,27.233333333333334,0.2754261320485965,-1.2002948646765235
BH_s01_high,0,818,27.266666666666666,0.6640386949521431,-1.0073650798674083
BH_s01_high,0,819,27.3,0.9042463367628952,-0.656497612540183
BH_s01_high,0,820,27.333333333333332,0.9460234109841286,-0.2172185642129713
BH_s01_high,0,821,27.366666666666667,0.8157641796836955,0.18693077629736796
BH_s01_high,0,822,27.4,0.5863978455006731,0.4919048410303526
BH_s01_high,0,823,27.433333333333334,0.33266662160870464,0.6920772509224402
BH_s01_high,0,824,27.466666666666665,0.09756983216670362,0.8081091822842518
BH_s01_high,0,825,27.5,-0.10996622565838768,0.8848916342361888
BH_s01_high,0,826,27.533333333333335,-0.29698206901464724,0.9318686360970169
BH_s01_high,0,827,27.566666666666666,-0.46804292025541694,0.9221900444853648
BH_s01_high,0,828,27.6,-0.6149690176348304,0.8084117062913286
BH_s01_high,0,829,27.633333333333333,-0.7185648277586006,0.5239130577133202
BH_s01_high,0,830,27.666666666666668,-0.753056978754211,0.10374974586191606
BH_s01_high,0,831,27.7,-0.6878808865693611,-0.3143300364414824
BH_s01_high,0,832,27.733333333333334,-0.4963662992188576,-0.6429730732366201
BH_s01_high,0,833,27.766666666666666,-0.18172987174953115,-0.8447506957348085
BH_s01_high,0,834,27.8,0.2024586312865428,-0.909323577740269
BH_s01_high,0,835,27.833333333333332,0.5579960319147903,-0.8523024393378202
BH_s01_high,0,836,27.866666666666667,0.7825970383971388,-0.7079047052173705
BH_s01_high,0,837,27.9,0.8272650338962467,-0.5283883518280199
BH_s01_high,0,838,27.933333333333334,0.7153925485652523,-0.32576191514840763
BH_s01_high,0,839,27.966666666666665,0.5149101463464484,-0.0727384191220555
BH_s01_high,0,840,28.0,0.29346173737836384,0.24424399670143987
BH_s01_high,0,841,28.033333333333335,0.08620605012481565,0.6228046919958586
BH_s01_high,0,842,28.066666666666666,-0.10299133358945989,0.9898112620450508
BH_s01_high,0,843,28.1,-0.2805673245347651,1.2007636584672794
BH_s01_high,0,844,28.133333333333333,-0.4462638890650744,1.1816942088530988
BH_s01_high,0,845,28.166666666666668,-0.5871477099729653,0.9297829090987085
BH_s01_high,0,846,28.2,-0.6825175761123237,0.501674783865053
BH_s01_high,0,847,28.233333333333334,-0.7057921488251748,0.013655322831608557
BH_s01_high,0,848,28.266666666666666,-0.6245965209091623,-0.448857861726521
BH_s01_high,0,849,28.3,-0.41573251580458587,-0.8302728180473333
BH_s01_high,0,850,28.333333333333332,-0.0886080303975084,-1.0877828409408838
BH_s01_high,0,851,28.366666666666667,0.2966673784685557,-1.1898605494054013
BH_s01_high,0,852,28.4,0.6376885114007882,-1.1281174072785545
BH_s01_high,0,853,28.433333333333334,0.8378896022834178,-0.9168112421237266
BH_s01_high,0,854,28.466666666666665,0.8589312334962421,-0.5862431326779761
BH_s01_high,0,855,28.5,0.7286724518170165,-0.18340035647294534
BH_s01_high,0,856,28.533333333333335,0.5091384355302183,0.24268396722197294
BH_s01_high,0,857,28.566666666666666,0.26105052369010995,0.6394526874729525
BH_s01_high,0,858,28.6,0.022694915279574453,0.9504647501877665
BH_s01_high,0,859,28.633333333333333,-0.19359952632363361,1.1141756337206767
BH_s01_high,0,860,28.666666666666668,-0.3896254600552685,1.1121134795128944
BH_s01_high,0,861,28.7,-0.5649005332507643,0.9682414859246785
BH_s01_high,0,862,28.733333333333334,-0.7067587140819473,0.7243029507350557
BH_s01_high,0,863,28.766666666666666,-0.7919739889419031,0.43966085378771774
BH_s01_high,0,864,28.8,-0.7929560001035476,0.15205377944832854
BH_s01_high,0,865,28.833333333333332,-0.6784358397124334,-0.1214336290801262
BH_s01_high,0,866,28.866666666666667,-0.42551616521467517,-0.375268027207492
BH_s01_high,0,867,28.9,-0.05041287877919737,-0.6136463375461663
BH_s01_high,0,868,28.933333333333334,0.37506039304692745,-0.8334904668120651
BH_s01_high,0,869,28.966666666666665,0.7424059024005301,-1.0228099346931496
BH_s01_high,0,870,29.0,0.9574422804618582,-1.1356877893613506
BH_s01_high,0,871,29.033333333333335,0.9851405738115948,-1.0922362356816941
BH_s01_high,0,872,29.066666666666666,0.8502622932785723,-0.8654167696593933
BH_s01_high,0,873,29.1,0.6140657007575451,-0.4821287559297079
BH_s01_high,0,874,29.133333333333333,0.3426560914026944,-0.014475553380733794
BH_s01_high,0,875,29.166666666666668,0.07885584243571267,0.4195609290137474
BH_s01_high,0,876,29.2,-0.16015658836380156,0.7539080957480284
BH_s01_high,0,877,29.233333333333334,-0.37280345596437353,0.9731881069907076
BH_s01_high,0,878,29.266666666666666,-0.5603406627941235,1.0787789812134823
BH_s01_high,0,879,29.3,-0.7145235159695196,1.0871981659564705
BH_s01_high,0,880,29.333333333333332,-0.815372474911529,0.9962508371197899
BH_s01_high,0,881,29.366666666666667,-0.8359162171962585,0.785033370769826
BH_s01_high,0,882,29.4,-0.7474944728255845,0.45593573873549803
BH_s01_high,0,883,29.433333333333334,-0.5265488182833508,0.03609324348186373
BH_s01_high,0,884,29.466666666666665,-0.1784691001474264,-0.4154341375912814
BH_s01_high,0,885,29.5,0.23883665380430785,-0.8063438776764031
BH_s01_high,0,886,29.533333333333335,0.627064776791632,-1.064909436966012
BH_s01_high,0,887,29.566666666666666,0.8907797845319343,-1.1392351092318926
BH_s01_high,0,888,29.6,0.9808716520704013,-1.0255256809354762
BH_s01_high,0,889,29.633333333333333,0.907718353707638,-0.7676570093902376
BH_s01_high,0,890,29.666666666666668,0.7219525027355003,-0.4315308243838408
BH_s01_high,0,891,29.7,0.482944141802484,-0.10502363156501088
BH_s01_high,0,892,29.733333333333334,0.23475089787468395,0.18392204882126506
BH_s01_high,0,893,29.766666666666666,-0.002242939342742555,0.46575877697227386
BH_s01_high,0,894,29.8,-0.22467594455095277,0.7306689991477635
BH_s01_high,0,895,29.833333333333332,-0.4337352863331839,0.9268227501372845
BH_s01_high,0,896,29.866666666666667,-0.623391496142107,1.0014653407302456
BH_s01_high,0,897,29.9,-0.7767593168114499,0.901028060405454
BH_s01_high,0,898,29.933333333333334,-0.8738547557485051,0.6360836922093022
BH_s01_high,0,899,29.966666666666665,-0.893615168296959,0.2817617910352336
BH_s01_high,0,900,30.0,-0.8108861776779658,-0.0873591589045881
BH_s01_high,0,901,30.033333333333335,-0.601937874466601,-0.396858335523361
BH_s01_high,0,902,30.066666666666666,-0.26480607179206517,-0.6028165928483082
BH_s01_high,0,903,30.1,0.15582643529597334,-0.6908609904178006
BH_s01_high,0,904,30.133333333333333,0.5683706727841752,-0.6923642784441926
BH_s01_high,0,905,30.166666666666668,0.8719799548656384,-0.6829108209475135
BH_s01_high,0,906,30.2,1.007166770700227,-0.6846357127904924
BH_s01_high,0,907,30.233333333333334,0.9754250484356707,-0.6656616880515991
BH_s01_high,0,908,30.266666666666666,0.8219314430553757,-0.5756735780633954
BH_s01_high,0,909,30.3,0.6080721464518145,-0.3475168883973424
BH_s01_high,0,910,30.333333333333332,0.3815993607183227,0.013745460567969436
BH_s01_high,0,911,30.366666666666667,0.1604955390084615,0.4293276095415948
BH_s01_high,0,912,30.4,-0.05432973039957683,0.8047756347270955
BH_s01_high,0,913,30.433333333333334,-0.2646386097876312,1.0296952664222403
BH_s01_high,0,914,30.466666666666665,-0.46801082301880736,1.0785957693316073
BH_s01_high,0,915,30.5,-0.6515011188138836,1.0100022601840783
BH_s01_high,0,916,30.533333333333335,-0.7953535274212338,0.8503685815522293
BH_s01_high,0,917,30.566666666666666,-0.8791188615109996,0.5938036090515784
BH_s01_high,0,918,30.6,-0.8802654600491286,0.25037743426033354
BH_s01_high,0,919,30.633333333333333,-0.7751725079952816,-0.15232694674241978
BH_s01_high,0,920,30.666666666666668,-0.5463689000630212,-0.5697553616208865
BH_s01_high,0,921,30.7,-0.1984147969089342,-0.9387740496717262
BH_s01_high,0,922,30.733333333333334,0.21936889258002235,-1.2035617213084044
BH_s01_high,0,923,30.766666666666666,0.612568421516156,-1.314568596615426
BH_s01_high,0,924,30.8,0.8828602402447157,-1.2352673894276107
BH_s01_high,0,925,30.833333333333332,0.9812429933329999,-0.9424097540276888
BH_s01_high,0,926,30.866666666666667,0.9226287899149381,-0.4788640573922076
BH_s01_high,0,927,30.9,0.7604996982612684,0.04551719130666314
BH_s01_high,0,928,30.933333333333334,0.5528577105888874,0.5417955493453526
BH_s01_high,0,929,30.966666666666665,0.3359214322087526,0.9407462930798748
BH_s01_high,0,930,31.0,0.12179483655708853,1.2056744722662642
BH_s01_high,0,931,31.033333333333335,-0.0885171571704341,1.3306120399644945
BH_s01_high,0,932,31.066666666666666,-0.29683616373915184,1.3156390791554509
BH_s01_high,0,933,31.1,-0.4990143565727241,1.1659928765452758
BH_s01_high,0,934,31.133333333333333,-0.679237465944733,0.8911278745157947
BH_s01_high,0,935,31.166666666666668,-0.8161525300865157,0.5055312395310556
BH_s01_high,0,936,31.2,-0.8876723280313822,0.04558604877746747
BH_s01_high,0,937,31.233333333333334,-0.8689937117700297,-0.42869227251378594
BH_s01_high,0,938,31.266666666666666,-0.734441392498523,-0.8566590629626876
BH_s01_high,0,939,31.3,-0.4679266551680157,-1.1753678352401176
BH_s01_high,0,940,31.333333333333332,-0.08598698966886857,-1.3492169015469477
BH_s01_high,0,941,31.366666666666667,0.34489570114241114,-1.3686774688863892
BH_s01_high,0,942,31.4,0.726962834751391,-1.242340334271644
BH_s01_high,0,943,31.433333333333334,0.9732771377687691,-0.9965275705660983
BH_s01_high,0,944,31.466666666666665,1.04566132835537,-0.6592293865092121
BH_s01_high,0,945,31.5,0.9637231498012303,-0.2610713068608441
BH_s01_high,0,946,31.533333333333335,0.7812371155901661,0.15581290042284474
BH_s01_high,0,947,31.566666666666666,0.5557536859456995,0.5361195321002703
BH_s01_high,0,948,31.6,0.3233762870774795,0.8382479691178474
BH_s01_high,0,949,31.633333333333333,0.09374116434084914,1.0327473773629134
BH_s01_high,0,950,31.666666666666668,-0.13457944718033796,1.1094450259016775
BH_s01_high,0,951,31.7,-0.3612928413105036,1.0763215354351041
BH_s01_high,0,952,31.733333333333334,-0.5793522548074291,0.9246028006211325
BH_s01_high,0,953,31.766666666666666,-0.7732886180657431,0.629233241248181
BH_s01_high,0,954,31.8,-0.9212417300359227,0.2363301112642071
BH_s01_high,0,955,31.833333333333332,-1.0000343934532065,-0.1360366871772096
BH_s01_high,0,956,31.866666666666667,-0.9847790833160218,-0.41791917686016045
BH_s01_high,0,957,31.9,-0.8490336343179371,-0.5868390618695165
BH_s01_high,0,958,31.933333333333334,-0.5734843940077371,-0.6567715275752407
BH_s01_high,0,959,31.966666666666665,-0.1691848973784021,-0.6765292093816285
BH_s01_high,0,960,32.0,0.2991351488712784,-0.6612945694037483
BH_s01_high,0,961,32.03333333333333,0.7282067381546774,-0.5920373098486618
BH_s01_high,0,962,32.06666666666667,1.0232302891806881,-0.44457879489570834
BH_s01_high,0,963,32.1,1.1394496227837312,-0.19078225918491165
BH_s01_high,0,964,32.13333333333333,1.0892946109409956,0.12813883996455688
BH_s01_high,0,965,32.166666666666664,0.9216074158661466,0.40099168549184566
BH_s01_high,0,966,32.2,0.6958408868060512,0.564957095399068
BH_s01_high,0,967,32.233333333333334,0.455495573487392,0.6054478076093112
BH_s01_high,0,968,32.266666666666666,0.21655375696121992,0.5411883682536855
BH_s01_high,0,969,32.3,-0.021341513965834957,0.42339300350222164
BH_s01_high,0,970,32.333333333333336,-0.2594788097167072,0.29259271831962125
BH_s01_high,0,971,32.36666666666667,-0.49306807779316314,0.17832428930430583
BH_s01_high,0,972,32.4,-0.709762145534572,0.08725186802416139
BH_s01_high,0,973,32.43333333333333,-0.888664041206428,0.0038113594034058593
BH_s01_high,0,974,32.46666666666667,-1.0048633356010472,-0.08638033793845615
BH_s01_high,0,975,32.5,-1.0343391781272109,-0.19549231520652666
BH_s01_high,0,976,32.53333333333333,-0.9541784702552861,-0.3039074471109773
BH_s01_high,0,977,32.56666666666667,-0.7448781986461899,-0.3599844220668609
BH_s01_high,0,978,32.6,-0.40137117626039176,-0.3540609271629338
BH_s01_high,0,979,32.63333333333333,0.04170823556716953,-0.3183109820935683
BH_s01_high,0,980,32.666666666666664,0.5000883948178665,-0.26859470702048655
BH_s01_high,0,981,32.7,0.8696373052185106,-0.20424212350671964
BH_s01_high,0,982,32.733333333333334,1.0757937151154198,-0.11226341780876542
BH_s01_high,0,983,32.766666666666666,1.1047591391074805,0.031826963694120476
BH_s01_high,0,984,32.8,0.9931452738174934,0.2166008346855381
BH_s01_high,0,985,32.833333333333336,0.7994343663966179,0.39402050024776086
BH_s01_high,0,986,32.86666666666667,0.5754255268615321,0.5242116273450641
BH_s01_high,0,987,32.9,0.3482252925025028,0.5753450485680606
BH_s01_high,0,988,32.93333333333333,0.1253544297816031,0.5304783299625988
BH_s01_high,0,989,32.96666666666667,-0.09627233041211322,0.3876786222861718
BH_s01_high,0,990,33.0,-0.32070577091513014,0.15353720834360068
BH_s01_high,0,991,33.03333333333333,-0.5406594653971571,-0.15600065644771946
BH_s01_high,0,992,33.06666666666667,-0.7375756227936123,-0.5028186125261679
BH_s01_high,0,993,33.1,-0.8896145077283503,-0.825519872039029
BH_s01_high,0,994,33.13333333333333,-0.9759002543085571,-1.0651138738677475
BH_s01_high,0,995,33.166666666666664,-0.9741178050113182,-1.16442331413033
BH_s01_high,0,996,33.2,-0.860416638879696,-1.0953105041870184
BH_s01_high,0,997,33.233333333333334,-0.6154062925773848,-0.8588060611965252
BH_s01_high,0,998,33.266666666666666,-0.24261570791972173,-0.4879077777501013
BH_s01_high,0,999,33.3,0.2042186617376642,-0.04836165319848543
BH_s01_high,0,1000,33.333333333333336,0.625456322818199,0.4009185194354792
BH_s01_high,0,1001,33.36666666666667,0.9216263661597539,0.8063599554587099
BH_s01_high,0,1002,33.4,1.040453887584796,1.1259565090434096
BH_s01_high,0,1003,33.43333333333333,0.992755374431986,1.3275398937238425
BH_s01_high,0,1004,33.46666666666667,0.8343550808200385,1.3866159106073335
BH_s01_high,0,1005,33.5,0.6273816133751922,1.2856032635520642
BH_s01_high,0,1006,33.53333333333333,0.41049330226153413,1.0490205015139449
BH_s01_high,0,1007,33.56666666666667,0.1974749219395596,0.743495549258945
BH_s01_high,0,1008,33.6,-0.012190050833118127,0.40787979730142104
BH_s01_high,0,1009,33.63333333333333,-0.2228742570305361,0.05432320335920641
BH_s01_high,0,1010,33.666666666666664,-0.43157006604351733,-0.29849708494909816
BH_s01_high,0,1011,33.7,-0.6253823071854286,-0.6233688635856904
BH_s01_high,0,1012,33.733333333333334,-0.7844570960771059,-0.9010380585789588
BH_s01_high,0,1013,33.766666666666666,-0.8849856376832851,-1.1184236814781525
BH_s01_high,0,1014,33.8,-0.9020695011816118,-1.2650302995768052
BH_s01_high,0,1015,33.833333333333336,-0.8092496194863028,-1.3316892785053853
BH_s01_high,0,1016,33.86666666666667,-0.5838835627504699,-1.2933921934877994
BH_s01_high,0,1017,33.9,-0.22931418196248127,-1.109543267929156
BH_s01_high,0,1018,33.93333333333333,0.20162223257065198,-0.7750224696143144
BH_s01_high,0,1019,33.96666666666667,0.6102137536704242,-0.32167301893400113
BH_s01_high,0,1020,34.0,0.8928051302712743,0.1768636694773129
BH_s01_high,0,1021,34.03333333333333,0.9946971473713824,0.6039899481213207
BH_s01_high,0,1022,34.06666666666667,0.9302680183701589,0.9089205408051093
BH_s01_high,0,1023,34.1,0.758937374590062,1.1050530545308097
BH_s01_high,0,1024,34.13333333333333,0.5422842128991705,1.200563469108384
BH_s01_high,0,1025,34.166666666666664,0.31806896123003997,1.1967403230732014
BH_s01_high,0,1026,34.2,0.10037225693497973,1.0753701106841291
BH_s01_high,0,1027,34.233333333333334,-0.11348101489856391,0.7992774084729076
BH_s01_high,0,1028,34.266666666666666,-0.3280037585887209,0.4092239187116119
BH_s01_high,0,1029,34.3,-0.5364376488369105,0.024715648244972875
BH_s01_high,0,1030,34.333333333333336,-0.7215639280712244,-0.2811743140331431
BH_s01_high,0,1031,34.36666666666667,-0.8594589821743288,-0.48113910631854606
BH_s01_high,0,1032,34.4,-0.9233782158936318,-0.5771569553487643
BH_s01_high,0,1033,34.43333333333333,-0.8854774982503417,-0.5989752772727774
BH_s01_high,0,1034,34.46666666666667,-0.7166960076919908,-0.5676403759925869
BH_s01_high,0,1035,34.5,-0.40101370269558795,-0.49470401646204537
BH_s01_high,0,1036,34.53333333333333,0.03180632299925401,-0.3872990969134439
BH_s01_high,0,1037,34.56666666666667,0.49182789661348036,-0.24842504495370932
BH_s01_high,0,1038,34.6,0.8620294517669967,-0.08344588384418238
BH_s01_high,0,1039,34.63333333333333,1.0560885403113254,0.09910012120009787
BH_s01_high,0,1040,34.666666666666664,1.057489913870865,0.29035130650207547
BH_s01_high,0,1041,34.7,0.909937319249638,0.4800998745686348
BH_s01_high,0,1042,34.733333333333334,0.6797667283340744,0.6210311722536678
BH_s01_high,0,1043,34.766666666666666,0.42598363879304346,0.6287565062492689
BH_s01_high,0,1044,34.8,0.1793177566627891,0.48372792133767545
BH_s01_high,0,1045,34.833333333333336,-0.0571442602785507,0.23177435330616575
BH_s01_high,0,1046,34.86666666666667,-0.28673440738219264,-0.08042770416650766
BH_s01_high,0,1047,34.9,-0.506858054617526,-0.4048677796018392
BH_s01_high,0,1048,34.93333333333333,-0.70461162700346,-0.6936625514021659
BH_s01_high,0,1049,34.96666666666667,-0.858525519076591,-0.8980897321373803
BH_s01_high,0,1050,35.0,-0.943088995679572,-0.980315254999347
BH_s01_high,0,1051,35.03333333333333,-0.9262795701187363,-0.9130043558918528
BH_s01_high,0,1052,35.06666666666667,-0.7747396070184871,-0.6914279300560771
BH_s01_high,0,1053,35.1,-0.4717767810290292,-0.3340738830867416
BH_s01_high,0,1054,35.13333333333333,-0.04442792724276719,0.10139115412210661
BH_s01_high,0,1055,35.166666666666664,0.42006640767072,0.517225082239089
BH_s01_high,0,1056,35.2,0.8032601674104283,0.8348211811228867
BH_s01_high,0,1057,35.233333333333334,1.0153936552224392,0.9939948404956782
BH_s01_high,0,1058,35.266666666666666,1.033399682522212,0.9927397815686313
BH_s01_high,0,1059,35.3,0.896260154108293,0.8861504712296697
BH_s01_high,0,1060,35.333333333333336,0.6727843975527235,0.7069087907895418
BH_s01_high,0,1061,35.36666666666667,0.4230905560929392,0.4651173100104155
BH_s01_high,0,1062,35.4,0.1793638831209645,0.1869442872932144
BH_s01_high,0,1063,35.43333333333333,-0.05088001486806659,-0.0843809499090827
BH_s01_high,0,1064,35.46666666666667,-0.2714783433467336,-0.3265448691359297
BH_s01_high,0,1065,35.5,-0.4812789616260446,-0.536828943231692
BH_s01_high,0,1066,35.53333333333333,-0.6692198905449682,-0.7087846154567213
BH_s01_high,0,1067,35.56666666666667,-0.8165881084119523,-0.8308945075639655
BH_s01_high,0,1068,35.6,-0.8965035507256517,-0.8748761417448867
BH_s01_high,0,1069,35.63333333333333,-0.8781597890900443,-0.7956093934938537
BH_s01_high,0,1070,35.666666666666664,-0.7325034850607779,-0.5860182429995171
BH_s01_high,0,1071,35.7,-0.4427682667894362,-0.2778373113857133
BH_s01_high,0,1072,35.733333333333334,-0.03418960429663516,0.08448103473067635
BH_s01_high,0,1073,35.766666666666666,0.4083091477163574,0.44283823469855366
BH_s01_high,0,1074,35.8,0.7705455969733692,0.7465203898635949
BH_s01_high,0,1075,35.833333333333336,0.9671922851358723,0.9510872136858904
BH_s01_high,0,1076,35.86666666666667,0.9786820648647465,1.024797990695983
BH_s01_high,0,1077,35.9,0.8450708405437402,0.9480550845123791
BH_s01_high,0,1078,35.93333333333333,0.6326120022709838,0.7283154515098217
BH_s01_high,0,1079,35.96666666666667,0.39758210283353723,0.40042074967710317
BH_s01_high,0,1080,36.0,0.17050903416793445,0.013338327493476396
BH_s01_high,0,1081,36.03333333333333,-0.04171446189004851,-0.3689063908781701
BH_s01_high,0,1082,36.06666666666667,-0.2452707318840255,-0.707752825306219
BH_s01_high,0,1083,36.1,-0.44259144485462354,-0.9884888261240732
BH_s01_high,0,1084,36.13333333333333,-0.6247048776925084,-1.1864547333464928
BH_s01_high,0,1085,36.166666666666664,-0.7728718094460003,-1.2657631616943539
BH_s01_high,0,1086,36.2,-0.8606039195403057,-1.1994376158253286
BH_s01_high,0,1087,36.233333333333334,-0.8575093516379405,-0.9696537793419276
BH_s01_high,0,1088,36.266666666666666,-0.7329943051661755,-0.6033791223255766
BH_s01_high,0,1089,36.3,-0.46802498914238366,-0.17328490375537242
BH_s01_high,0,1090,36.333333333333336,-0.08231976286119169,0.2699988166006481
BH_s01_high,0,1091,36.36666666666667,0.3490244454977388,0.6962128397077717
BH_s01_high,0,1092,36.4,0.7145727589826619,1.0650340699932257
BH_s01_high,0,1093,36.43333333333333,0.9188040123171355,1.3241388488449086
BH_s01_high,0,1094,36.46666666666667,0.9342831975829066,1.4335116375612542
BH_s01_high,0,1095,36.5,0.8035962123756777,1.364706836325968
BH_s01_high,0,1096,36.53333333333333,0.5963251220318289,1.1229260740378562
BH_s01_high,0,1097,36.56666666666667,0.36909836949047625,0.7473411858144864
BH_s01_high,0,1098,36.6,0.15219593706885623,0.2957515838663086
BH_s01_high,0,1099,36.63333333333333,-0.04939944782509157,-0.15439565569564562
BH_s01_high,0,1100,36.666666666666664,-0.24372957558519862,-0.5433707616451324
BH_s01_high,0,1101,36.7,-0.43103197911407537,-0.8276522389731031
BH_s01_high,0,1102,36.733333333333334,-0.5988906135254884,-0.9727009666452456
BH_s01_high,0,1103,36.766666666666666,-0.7287769517821545,-0.9519095981593023
BH_s01_high,0,1104,36.8,-0.7955540500106241,-0.7905789488135622
BH_s01_high,0,1105,36.833333333333336,-0.767679480525858,-0.5653308371300726
BH_s01_high,0,1106,36.86666666666667,-0.6152834004221921,-0.3404764678473027
BH_s01_high,0,1107,36.9,-0.3249434647274184,-0.16777554699204483
BH_s01_high,0,1108,36.93333333333333,0.07192032325923672,-0.05666238030023594
BH_s01_high,0,1109,36.96666666666667,0.4852319622208927,0.02478468702694207
BH_s01_high,0,1110,37.0,0.8008843486643445,0.08799791705614764
BH_s01_high,0,1111,37.03333333333333,0.9394273980889263,0.12299925313751037
BH_s01_high,0,1112,37.06666666666667,0.8938899465053378,0.13688166223437076
BH_s01_high,0,1113,37.1,0.7192220945133562,0.1533450488124159
BH_s01_high,0,1114,37.13333333333333,0.4878565648457354,0.19482799041333881
BH_s01_high,0,1115,37.166666666666664,0.2516064710979296,0.2817370117351965
BH_s01_high,0,1116,37.2,0.029524966762635985,0.39418972717531336
BH_s01_high,0,1117,37.233333333333334,-0.18091919078667262,0.4719640118153228
BH_s01_high,0,1118,37.266666666666666,-0.3848159419962867,0.48581706219550275
BH_s01_high,0,1119,37.3,-0.5770641961915699,0.43777665807399974
BH_s01_high,0,1120,37.333333333333336,-0.7411726189357021,0.33636523329246726
BH_s01_high,0,1121,37.36666666666667,-0.8519612308535086,0.19671148725695017
BH_s01_high,0,1122,37.4,-0.877915237968453,0.04543592114172816
BH_s01_high,0,1123,37.43333333333333,-0.7838223049732795,-0.07909747445345143
BH_s01_high,0,1124,37.46666666666667,-0.5397634059705952,-0.1863251587465496
BH_s01_high,0,1125,37.5,-0.15286255598427806,-0.3323000117281118
BH_s01_high,0,1126,37.53333333333333,0.30783428655400347,-0.5115038618577209
BH_s01_high,0,1127,37.56666666666667,0.7250794461432302,-0.6559421871990985
BH_s01_high,0,1128,37.6,0.9861985080241692,-0.6977572874850805
BH_s01_high,0,1129,37.63333333333333,1.0432537696490167,-0.5701340747180504
BH_s01_high,0,1130,37.666666666666664,0.9231847383542024,-0.30012987765625015
BH_s01_high,0,1131,37.7,0.6954840460376548,-0.008800540090163358
BH_s01_high,0,1132,37.733333333333334,0.4308642216551095,0.2076767717343431
BH_s01_high,0,1133,37.766666666666666,0.1718227146961152,0.2786910040819424
BH_s01_high,0,1134,37.8,-0.069258501860163,0.22488367775412846
BH_s01_high,0,1135,37.833333333333336,-0.29392421075690023,0.1570467600014091
BH_s01_high,0,1136,37.86666666666667,-0.5037740826284388,0.14210551124582993
BH_s01_high,0,1137,37.9,-0.6936673095011827,0.20167765526491976
BH_s01_high,0,1138,37.93333333333333,-0.8442641316608275,0.3001856695493478
BH_s01_high,0,1139,37.96666666666667,-0.9242711032318868,0.34545802538580106
BH_s01_high,0,1140,38.0,-0.8974596835609397,0.3082738822053505
BH_s01_high,0,1141,38.03333333333333,-0.7271816121002446,0.22288689183383187
BH_s01_high,0,1142,38.06666666666667,-0.3970579506196412,0.1252271030430726
BH_s01_high,0,1143,38.1,0.05665378484239729,0.052487138907315614
BH_s01_high,0,1144,38.13333333333333,0.5339475176341365,0.01690147163820687
BH_s01_high,0,1145,38.166666666666664,0.9060814025284514,0.005926441257253855
BH_s01_high,0,1146,38.2,1.0822113713411252,0.01371627521748417
BH_s01_high,0,1147,38.233333333333334,1.0499510938390826,0.04138119529770439
BH_s01_high,0,1148,38.266666666666666,0.8625427659384028,0.06673001143119152
BH_s01_high,0,1149,38.3,0.5984792558249661,0.044719231489920734
BH_s01_high,0,1150,38.333333333333336,0.3217077188663299,-0.05285619134246107
BH_s01_high,0,1151,38.36666666666667,0.06168108761515302,-0.23639072907364986
BH_s01_high,0,1152,38.4,-0.17895913107548864,-0.47850193328305773
BH_s01_high,0,1153,38.43333333333333,-0.4032813254184002,-0.713511248373313
BH_s01_high,0,1154,38.46666666666667,-0.6077692749902313,-0.8798227602133555
BH_s01_high,0,1155,38.5,-0.778354726790686,-0.9200311343912767
BH_s01_high,0,1156,38.53333333333333,-0.8917988567415086,-0.817642962968405
BH_s01_high,0,1157,38.56666666666667,-0.9189428714076024,-0.5972906535526243
BH_s01_high,0,1158,38.6,-0.8238387803054749,-0.2841073551238093
BH_s01_high,0,1159,38.63333333333333,-0.5757514451942352,0.09538538478786623
BH_s01_high,0,1160,38.666666666666664,-0.1825131108312404,0.49264291915786784
BH_s01_high,0,1161,38.7,0.28564753502204504,0.8357437182022437
BH_s01_high,0,1162,38.733333333333334,0.7096357859366421,1.0749124033833493
BH_s01_high,0,1163,38.766666666666666,0.9747463833380452,1.1814683705842832
BH_s01_high,0,1164,38.8,1.0316690627332163,1.1362005218709563
BH_s01_high,0,1165,38.833333333333336,0.9092437248710922,0.9291417667393915
BH_s01_high,0,1166,38.86666666666667,0.6789938088666683,0.594466291701017
BH_s01_high,0,1167,38.9,0.4123815961261741,0.21098717425333946
BH_s01_high,0,1168,38.93333333333333,0.15543601953866865,-0.1540411593904012
BH_s01_high,0,1169,38.96666666666667,-0.07632859478400868,-0.44410115932264765
BH_s01_high,0,1170,39.0,-0.28768767790516986,-0.6301326182314437
BH_s01_high,0,1171,39.03333333333333,-0.4829599750383619,-0.7092703190353233
BH_s01_high,0,1172,39.06666666666667,-0.6536479523888076,-0.6907277453250433
BH_s01_high,0,1173,39.1,-0.7801302824267372,-0.5949380612906896
BH_s01_high,0,1174,39.13333333333333,-0.8362555566002544,-0.4240793812045952
BH_s01_high,0,1175,39.166666666666664,-0.7918992948448569,-0.1626698074662792
BH_s01_high,0,1176,39.2,-0.6162522944233718,0.15791068166800104
BH_s01_high,0,1177,39.233333333333334,-0.2996928581102548,0.4584800876051215
BH_s01_high,0,1178,39.266666666666666,0.1159508333652804,0.6745994570917795
BH_s01_high,0,1179,39.3,0.5323345867957007,0.7563043841376589
BH_s01_high,0,1180,39.333333333333336,0.8298529458267837,0.6970509131560565
BH_s01_high,0,1181,39.36666666666667,0.9335389700299768,0.533346736694439
BH_s01_high,0,1182,39.4,0.8504906246480217,0.30108143177312796
BH_s01_high,0,1183,39.43333333333333,0.6464859036805215,0.03569122273312646
BH_s01_high,0,1184,39.46666666666667,0.39967641195805464,-0.25208595738544215
BH_s01_high,0,1185,39.5,0.1627505595846146,-0.5745982820306975
BH_s01_high,0,1186,39.53333333333333,-0.04882263426420039,-0.9065304120680129
BH_s01_high,0,1187,39.56666666666667,-0.2412392305761959,-1.1833118475455084
BH_s01_high,0,1188,39.6,-0.4199694937283318,-1.3282688521159547
BH_s01_high,0,1189,39.63333333333333,-0.5802789972481786,-1.2528528745594623
BH_s01_high,0,1190,39.666666666666664,-0.7073486265000554,-0.946005423973255
BH_s01_high,0,1191,39.7,-0.7741979655136904,-0.47503265010724993
BH_s01_high,0,1192,39.733333333333334,-0.7470604819296143,0.07551043774264117
BH_s01_high,0,1193,39.766666666666666,-0.5946596735920967,0.6028563126384181
BH_s01_high,0,1194,39.8,-0.3010527855527568,1.0259478609768085
BH_s01_high,0,1195,39.833333333333336,0.1057698528929173,1.2839668037622225
BH_s01_high,0,1196,39.86666666666667,0.5330002491940916,1.3665436982859702
BH_s01_high,0,1197,39.9,0.8536971089080962,1.3121829711830666
BH_s01_high,0,1198,39.93333333333333,0.9798159987835623,1.1329902350143521
BH_s01_high,0,1199,39.96666666666667,0.9075202994733828,0.8146956285499181
BH_s01_high,0,1200,40.0,0.6977652233634002,0.3739650559325237
BH_s01_high,0,1201,40.03333333333333,0.42826911537702284,-0.139808804179538
BH_s01_high,0,1202,40.06666666666667,0.15841669476292075,-0.6553068931046633
BH_s01_high,0,1203,40.1,-0.08664803817296975,-1.0776619742222302
BH_s01_high,0,1204,40.13333333333333,-0.3063259370609801,-1.3378628726193342
BH_s01_high,0,1205,40.166666666666664,-0.502290073015518,-1.3917215561487823
BH_s01_high,0,1206,40.2,-0.671099930538831,-1.2367010837459143
BH_s01_high,0,1207,40.233333333333334,-0.7998586257907351,-0.9116121442494561
BH_s01_high,0,1208,40.266666666666666,-0.8617191367286863,-0.47078141001439877
BH_s01_high,0,1209,40.3,-0.82311241771055,0.015170027419198526
BH_s01_high,0,1210,40.333333333333336,-0.651568095699492,0.48433808178454324
BH_s01_high,0,1211,40.36666666666667,-0.330159938939224,0.8818208670734914
BH_s01_high,0,1212,40.4,0.11017705908274265,1.1717878206331307
BH_s01_high,0,1213,40.43333333333333,0.5715882157030658,1.335650379625355
BH_s01_high,0,1214,40.46666666666667,0.9242540605368817,1.3295077747455235
BH_s01_high,0,1215,40.5,1.0765183942725516,1.0842309601316833
BH_s01_high,0,1216,40.53333333333333,1.0181288665331287,0.6343570734242292
BH_s01_high,0,1217,40.56666666666667,0.8054350250310776,0.11885342579697747
BH_s01_high,0,1218,40.6,0.516527473626117,-0.37264428191808546
BH_s01_high,0,1219,40.63333333333333,0.21758714002847807,-0.7987130108722669
BH_s01_high,0,1220,40.666666666666664,-0.05462873449799703,-1.1121566561198555
BH_s01_high,0,1221,40.7,-0.29303403880647244,-1.2583036170974102
BH_s01_high,0,1222,40.733333333333334,-0.5022469625389868,-1.2131570028094192
BH_s01_high,0,1223,40.766666666666666,-0.6827691906231446,-0.9830320524566536
BH_s01_high,0,1224,40.8,-0.8237581291553155,-0.6200778680085248
BH_s01_high,0,1225,40.833333333333336,-0.8994493148510092,-0.22242173525964581
BH_s01_high,0,1226,40.86666666666667,-0.8748427419292899,0.16092740182324455
BH_s01_high,0,1227,40.9,-0.7141325044446166,0.5286406062425918
BH_s01_high,0,1228,40.93333333333333,-0.39819811137535854,0.8582637065580938
BH_s01_high,0,1229,40.96666666666667,0.042746612733498945,1.104229083862879
BH_s01_high,0,1230,41.0,0.5147487794783303,1.2032122600363435
BH_s01_high,0,1231,41.03333333333333,0.8898478104896265,1.0741979276054006
BH_s01_high,0,1232,41.06666666666667,1.0711039494523455,0.730921858727865
BH_s01_high,0,1233,41.1,1.0403832922575795,0.28241031217012347
BH_s01_high,0,1234,41.13333333333333,0.8484848077385068,-0.17322064820202224
BH_s01_high,0,1235,41.166666666666664,0.5734922067914525,-0.5483615871640484
BH_s01_high,0,1236,41.2,0.2829167156536494,-0.7872734843427366
BH_s01_high,0,1237,41.233333333333334,0.01367635544651415,-0.8649863244874625
BH_s01_high,0,1238,41.266666666666666,-0.2259204042018883,-0.8114814418834977
BH_s01_high,0,1239,41.3,-0.43848366851097137,-0.7102527280265793
BH_s01_high,0,1240,41.333333333333336,-0.6239408911675206,-0.5824830069274339
BH_s01_high,0,1241,41.36666666666667,-0.7747309843828116,-0.387144334014435
BH_s01_high,0,1242,41.4,-0.872020480027384,-0.09849835039080708
BH_s01_high,0,1243,41.43333333333333,-0.8862188788559515,0.2917738062053987
BH_s01_high,0,1244,41.46666666666667,-0.7838865598494104,0.6987233569500947
BH_s01_high,0,1245,41.5,-0.5400438620241474,0.9437941206132054
BH_s01_high,0,1246,41.53333333333333,-0.16030682534705057,0.9608799311566354
BH_s01_high,0,1247,41.56666666666667,0.29570869124384197,0.7964827715025264
BH_s01_high,0,1248,41.6,0.7164357586984591,0.5281926174227457
BH_s01_high,0,1249,41.63333333333333,0.9853617031153825,0.2636410805580234
BH_s01_high,0,1250,41.666666666666664,1.0481594161642573,0.04067224118983489
BH_s01_high,0,1251,41.7,0.9309879122080505,-0.17184108100620657
BH_s01_high,0,1252,41.733333333333334,0.7035393089771893,-0.4083924775785702
BH_s01_high,0,1253,41.766666666666666,0.43864698318118817,-0.7043178574670441
BH_s01_high,0,1254,41.8,0.18462836541422278,-1.004695919618821
BH_s01_high,0,1255,41.833333333333336,-0.044822308359694335,-1.1638093306741015
BH_s01_high,0,1256,41.86666666666667,-0.2558851815377975,-1.10474523120576
BH_s01_high,0,1257,41.9,-0.45491537376389074,-0.8204795560956473
BH_s01_high,0,1258,41.93333333333333,-0.6370429355671084,-0.38783875905035126
BH_s01_high,0,1259,41.96666666666667,-0.7847586512639535,0.0326591905920876
BH_s01_high,0,1260,42.0,-0.8739943992090206,0.35261621434839197
BH_s01_high,0,1261,42.03333333333333,-0.8766713259997257,0.5552650641855089
BH_s01_high,0,1262,42.06666666666667,-0.763785859162966,0.6758063574418294
BH_s01_high,0,1263,42.1,-0.5119388550198463,0.7989198154263317
BH_s01_high,0,1264,42.13333333333333,-0.12816158664238805,0.9216288716467609
BH_s01_high,0,1265,42.166666666666664,0.32207267574518494,0.9524870068530321
BH_s01_high,0,1266,42.2,0.7253811607814963,0.8439164549186062
BH_s01_high,0,1267,42.233333333333334,0.969992319789081,0.5933492071514839
BH_s01_high,0,1268,42.266666666666666,1.008569413096893,0.24394132902087684
BH_s01_high,0,1269,42.3,0.875492772096548,-0.11487448613313535
BH_s01_high,0,1270,42.333333333333336,0.6483588736910004,-0.4209160365759369
BH_s01_high,0,1271,42.36666666666667,0.39986703914722876,-0.6384651335127027
BH_s01_high,0,1272,42.4,0.1672015400542434,-0.7539755424805957
BH_s01_high,0,1273,42.43333333333333,-0.044002708941099464,-0.7748949788438275
BH_s01_high,0,1274,42.46666666666667,-0.24133594473595843,-0.691101698288522
BH_s01_high,0,1275,42.5,-0.4299805011768308,-0.47503752776052677
BH_s01_high,0,1276,42.53333333333333,-0.6024933042669267,-0.16563396698503743
BH_s01_high,0,1277,42.56666666666667,-0.7404585291395188,0.131267187318031
BH_s01_high,0,1278,42.6,-0.8187902150826901,0.3322793728488803
BH_s01_high,0,1279,42.63333333333333,-0.8102426608389554,0.37674931451065197
BH_s01_high,0,1280,42.666666666666664,-0.6870528997562908,0.30078574340216513
BH_s01_high,0,1281,42.7,-0.42773935140295716,0.23590225825422825
BH_s01_high,0,1282,42.733333333333334,-0.0457773807343254,0.23477645823967164
BH_s01_high,0,1283,42.766666666666666,0.3864559942504051,0.2701991921573751
BH_s01_high,0,1284,42.8,0.7541157600837202,0.32173978103747697
BH_s01_high,0,1285,42.833333333333336,0.9544473602417503,0.37608372305692606
BH_s01_high,0,1286,42.86666666666667,0.9529373192076562,0.40324581029721096
BH_s01_high,0,1287,42.9,0.7913012588630342,0.35704777031584933
BH_s01_high,0,1288,42.93333333333333,0.5501746174768488,0.21922544142930492
BH_s01_high,0,1289,42.96666666666667,0.3006005771871078,0.00028680150904380336
BH_s01_high,0,1290,43.0,0.0751618731874669,-0.28382228352818506
BH_s01_high,0,1291,43.03333333333333,-0.1259511504138636,-0.6106139102709846
BH_s01_high,0,1292,43.06666666666667,-0.3146854241951563,-0.9186555742675813
BH_s01_high,0,1293,43.1,-0.4954305447217089,-1.1070133042314432
BH_s01_high,0,1294,43.13333333333333,-0.6572930670622884,-1.1101411917719324
BH_s01_high,0,1295,43.166666666666664,-0.7781467582480213,-0.8984466326669551
BH_s01_high,0,1296,43.2,-0.8293780472267339,-0.5131854533440848
BH_s01_high,0,1297,43.233333333333334,-0.7816849018089671,-0.06682801261898476
BH_s01_high,0,1298,43.266666666666666,-0.6055581698857643,0.34641274156286445
BH_s01_high,0,1299,43.3,-0.2856092627818284,0.6500513549854396
BH_s01_high,0,1300,43.333333333333336,0.14412012256134632,0.8012425321674423
BH_s01_high,0,1301,43.36666666666667,0.586128934115453,0.7897909004456859
BH_s01_high,0,1302,43.4,0.9152384123626335,0.6546865119572179
BH_s01_high,0,1303,43.43333333333333,1.0467905078467448,0.48301688880340243
BH_s01_high,0,1304,43.46666666666667,0.9771245882146892,0.3061671297633284
BH_s01_high,0,1305,43.5,0.7666806607456959,0.10010519339688105
BH_s01_high,0,1306,43.53333333333333,0.4966593461477822,-0.13014555409598605
BH_s01_high,0,1307,43.56666666666667,0.22752189000442197,-0.34920700347946587
BH_s01_high,0,1308,43.6,-0.018519740938456326,-0.5120576692430461
BH_s01_high,0,1309,43.63333333333333,-0.24367647543735377,-0.5637837371319039
BH_s01_high,0,1310,43.666666666666664,-0.45420501749776765,-0.4836671405939237
BH_s01_high,0,1311,43.7,-0.6482208733363384,-0.28542642548697306
BH_s01_high,0,1312,43.733333333333334,-0.8112811358851434,-0.031927672034280964
BH_s01_high,0,1313,43.766666666666666,-0.9171936228979347,0.16520147009201272
BH_s01_high,0,1314,43.8,-0.9339523036973177,0.2709743730265623
BH_s01_high,0,1315,43.833333333333336,-0.8302528330922895,0.3266480456433987
BH_s01_high,0,1316,43.86666666666667,-0.5791115761518941,0.38652231114720864
BH_s01_high,0,1317,43.9,-0.1808121352090159,0.5159980777708856
BH_s01_high,0,1318,43.93333333333333,0.30367344135420676,0.693286977173045
BH_s01_high,0,1319,43.96666666666667,0.7550994351219013,0.8091489062633257
BH_s01_high,0,1320,44.0,1.0505386952081546,0.8027786350478655
BH_s01_high,0,1321,44.03333333333333,1.129699236739766,0.6627808727516032
BH_s01_high,0,1322,44.06666666666667,1.0127086516417592,0.40658559805529393
BH_s01_high,0,1323,44.1,0.7708455453830723,0.08101564470266531
BH_s01_high,0,1324,44.13333333333333,0.48368850586588086,-0.2523471393687501
BH_s01_high,0,1325,44.166666666666664,0.20516429125458302,-0.5165288225212171
BH_s01_high,0,1326,44.2,-0.04578863494874493,-0.6788879320780947
BH_s01_high,0,1327,44.233333333333334,-0.2740595288743254,-0.7500873142053672
BH_s01_high,0,1328,44.266666666666666,-0.4865432026161738,-0.7356551137414252
BH_s01_high,0,1329,44.3,-0.6779836943945509,-0.6352450458983223
BH_s01_high,0,1330,44.333333333333336,-0.830941169191054,-0.46710614031570497
BH_s01_high,0,1331,44.36666666666667,-0.9177172228628397,-0.26821642329018264
BH_s01_high,0,1332,44.4,-0.9066176500619733,-0.05862974795405834
BH_s01_high,0,1333,44.43333333333333,-0.766648579042973,0.15772385599427124
BH_s01_high,0,1334,44.46666666666667,-0.47540506832976825,0.3391759020128767
BH_s01_high,0,1335,44.5,-0.050231612004670495,0.40600274859206364
BH_s01_high,0,1336,44.53333333333333,0.42753562274678336,0.3250835110697688
BH_s01_high,0,1337,44.56666666666667,0.8337768717291694,0.11039473093032763
BH_s01_high,0,1338,44.6,1.061220352844518,-0.18361540773962942
BH_s01_high,0,1339,44.63333333333333,1.075559795847724,-0.46205130851137755
BH_s01_high,0,1340,44.666666666666664,0.9203229309439086,-0.6532928490895824
BH_s01_high,0,1341,44.7,0.6741645462941455,-0.709070042709479
BH_s01_high,0,1342,44.733333333333334,0.40479171730791125,-0.6127890603692019
BH_s01_high,0,1343,44.766666666666666,0.14927932976778363,-0.379627969728729
BH_s01_high,0,1344,44.8,-0.08308223164270505,-0.06497208433919527
BH_s01_high,0,1345,44.833333333333336,-0.30051874892088765,0.23548536335762935
BH_s01_high,0,1346,44.86666666666667,-0.5106755057559065,0.4493963622359739
BH_s01_high,0,1347,44.9,-0.7050955346456423,0.5276593967845733
BH_s01_high,0,1348,44.93333333333333,-0.8608629397071943,0.49784548689821007
BH_s01_high,0,1349,44.96666666666667,-0.9507652212026192,0.4628128689664734
BH_s01_high,0,1350,45.0,-0.9456383377328961,0.46958582957198963
BH_s01_high,0,1351,45.03333333333333,-0.8123272452850668,0.5082245182417485
BH_s01_high,0,1352,45.06666666666667,-0.5271804214215271,0.5223420041159614
BH_s01_high,0,1353,45.1,-0.10576608946411699,0.4104312511238421
BH_s01_high,0,1354,45.13333333333333,0.37538084096286733,0.18934655321339894
BH_s01_high,0,1355,45.166666666666664,0.7954360976332501,-0.005394837785723146
BH_s01_high,0,1356,45.2,1.0439226562587334,-0.10378098274930753
BH_s01_high,0,1357,45.233333333333334,1.0774192998393912,-0.10193766248861273
BH_s01_high,0,1358,45.266666666666666,0.9340357363841081,-0.0725261564434973
BH_s01_high,0,1359,45.3,0.6956755925540745,-0.16267362108852337
BH_s01_high,0,1360,45.333333333333336,0.4355670346254903,-0.3826918503434685
BH_s01_high,0,1361,45.36666666666667,0.19163528047387385,-0.6051479742344689
BH_s01_high,0,1362,45.4,-0.02851557698987259,-0.7418439863300438
BH_s01_high,0,1363,45.43333333333333,-0.2327171990319732,-0.7447834636425716
BH_s01_high,0,1364,45.46666666666667,-0.4278704084487285,-0.6023109858404276
BH_s01_high,0,1365,45.5,-0.6093200747152365,-0.3394537371580933
BH_s01_high,0,1366,45.53333333333333,-0.7600027404215192,-0.016515365758665884
BH_s01_high,0,1367,45.56666666666667,-0.8527405406390814,0.27074503820817886
BH_s01_high,0,1368,45.6,-0.8564846383332773,0.47905199361667355
BH_s01_high,0,1369,45.63333333333333,-0.7417220650743912,0.6167658899119673
BH_s01_high,0,1370,45.666666666666664,-0.48517331858881185,0.667969224054634
BH_s01_high,0,1371,45.7,-0.09700747823995992,0.5919019244241658
BH_s01_high,0,1372,45.733333333333334,0.3498667288676692,0.4045083282510194
BH_s01_high,0,1373,45.766666666666666,0.7360614467765568,0.17848850376340483
BH_s01_high,0,1374,45.8,0.9539543489019797,-0.049959603434427666
BH_s01_high,0,1375,45.833333333333336,0.9668627489649428,-0.28059472785367745
BH_s01_high,0,1376,45.86666666666667,0.8174277269047314,-0.48479295270317574
BH_s01_high,0,1377,45.9,0.5851249453926192,-0.604748011857417
BH_s01_high,0,1378,45.93333333333333,0.3385121070360808,-0.5936821984738996
BH_s01_high,0,1379,45.96666666666667,0.11125100128985514,-0.4163600498550097
BH_s01_high,0,1380,46.0,-0.09480208517447125,-0.1243499734590474
BH_s01_high,0,1381,46.03333333333333,-0.2905970772566048,0.1441680109242391
BH_s01_high,0,1382,46.06666666666667,-0.4793413086014888,0.3080351791717517
BH_s01_high,0,1383,46.1,-0.6496283257578375,0.3435092960636349
BH_s01_high,0,1384,46.13333333333333,-0.7790350449774668,0.2802573141242145
BH_s01_high,0,1385,46.166666666666664,-0.8386616090271519,0.20023349900441745
BH_s01_high,0,1386,46.2,-0.7959577640380557,0.1648965918470131
BH_s01_high,0,1387,46.233333333333334,-0.6172408860619646,0.21400757632134773
BH_s01_high,0,1388,46.266666666666666,-0.2889145949222701,0.3033841526428176
BH_s01_high,0,1389,46.3,0.1481076156821694,0.3058258907656734
BH_s01_high,0,1390,46.333333333333336,0.5890467592598884,0.19388211887877346
BH_s01_high,0,1391,46.36666666666667,0.9074680893080548,0.040638879580572766
BH_s01_high,0,1392,46.4,1.0226560761387604,-0.11051316608445484
BH_s01_high,0,1393,46.43333333333333,0.9358838029038269,-0.2460086952375154
BH_s01_high,0,1394,46.46666666666667,0.7142401364491283,-0.33504279464950065
BH_s01_high,0,1395,46.5,0.441962035120723,-0.32945851700374673
BH_s01_high,0,1396,46.53333333333333,0.17893529452959336,-0.2198901742331488
BH_s01_high,0,1397,46.56666666666667,-0.05510392482167316,-0.03603836966838726
BH_s01_high,0,1398,46.6,-0.2679795467392051,0.16914047486996225
BH_s01_high,0,1399,46.63333333333333,-0.4684091711683359,0.31968181817216706
BH_s01_high,0,1400,46.666666666666664,-0.6524440513650963,0.3835375671996743
BH_s01_high,0,1401,46.7,-0.801233524724895,0.3724638124046274
BH_s01_high,0,1402,46.733333333333334,-0.8861435156008872,0.3050084485467969
BH_s01_high,0,1403,46.766666666666666,-0.8746462366762329,0.20610182473656127
BH_s01_high,0,1404,46.8,-0.7306566963604594,0.08607416863069309
BH_s01_high,0,1405,46.833333333333336,-0.4316725555539131,-0.058887013184768744
BH_s01_high,0,1406,46.86666666666667,-0.001358132478476104,-0.22469507691722376
BH_s01_high,0,1407,46.9,0.4719498047414148,-0.3983988432907309
BH_s01_high,0,1408,46.93333333333333,0.8595792072631513,-0.5390215831184648
BH_s01_high,0,1409,46.96666666666667,1.0588589209671044,-0.5774569723417128
BH_s01_high,0,1410,47.0,1.044473345860935,-0.49529335273460917
BH_s01_high,0,1411,47.03333333333333,0.8633617862512484,-0.3250354268898287
BH_s01_high,0,1412,47.06666666666667,0.593238546888553,-0.10529222146429103
BH_s01_high,0,1413,47.1,0.30434604845676816,0.11914122299764902
BH_s01_high,0,1414,47.13333333333333,0.03747422537523924,0.3054785553752142
BH_s01_high,0,1415,47.166666666666664,-0.19893913483826375,0.4125856553521284
BH_s01_high,0,1416,47.2,-0.40932919388339783,0.43038897603634774
BH_s01_high,0,1417,47.233333333333334,-0.5933555806736588,0.379411411148222
BH_s01_high,0,1418,47.266666666666666,-0.7424717305462659,0.2814471588485129
BH_s01_high,0,1419,47.3,-0.8368580886982726,0.15930714510205746
BH_s01_high,0,1420,47.333333333333336,-0.8448035156248483,0.031486784908992226
BH_s01_high,0,1421,47.36666666666667,-0.7311747817481606,-0.08748874165494179
BH_s01_high,0,1422,47.4,-0.47260992793546086,-0.19626070560441256
BH_s01_high,0,1423,47.43333333333333,-0.08386148723026106,-0.305826545955653
BH_s01_high,0,1424,47.46666666666667,0.3611510186355994,-0.4051631646592667
BH_s01_high,0,1425,47.5,0.746155013711183,-0.46076976653285534
BH_s01_high,0,1426,47.53333333333333,0.9664821815667293,-0.4612884890870773
BH_s01_high,0,1427,47.56666666666667,0.983635291696965,-0.4174515334400678
BH_s01_high,0,1428,47.6,0.8328111818302634,-0.3365017382622549
BH_s01_high,0,1429,47.63333333333333,0.5861884337989894,-0.22232379842330033
BH_s01_high,0,1430,47.666666666666664,0.3145616279688753,-0.07293222741158775
BH_s01_high,0,1431,47.7,0.06259932933336435,0.11862238951002915
BH_s01_high,0,1432,47.733333333333334,-0.15751891080551916,0.3227070888567505
BH_s01_high,0,1433,47.766666666666666,-0.35262273566890845,0.4725549142844912
BH_s01_high,0,1434,47.8,-0.5289511061154116,0.5335555003358843
BH_s01_high,0,1435,47.833333333333336,-0.6795869760589294,0.5031475072502478
BH_s01_high,0,1436,47.86666666666667,-0.7844652823206796,0.40281644716597653
BH_s01_high,0,1437,47.9,-0.8150986760710606,0.2776674594847933
BH_s01_high,0,1438,47.93333333333333,-0.7395114430778194,0.1760888706328606
BH_s01_high,0,1439,47.96666666666667,-0.5319747302923622,0.14923524692959939
BH_s01_high,0,1440,48.0,-0.1923931677259521,0.16485946448724773
BH_s01_high,0,1441,48.03333333333333,0.22619494279164373,0.10842080614001437
BH_s01_high,0,1442,48.06666666666667,0.6170708196136787,-0.05259818297324621
BH_s01_high,0,1443,48.1,0.8693701948662427,-0.2673590129237203
BH_s01_high,0,1444,48.13333333333333,0.9279497865350362,-0.47789977661398847
BH_s01_high,0,1445,48.166666666666664,0.8129476832266995,-0.6192718798439987
BH_s01_high,0,1446,48.2,0.5951546297136269,-0.6400027946096417
BH_s01_high,0,1447,48.233333333333334,0.35052587446854794,-0.5025703660212193
BH_s01_high,0,1448,48.266666666666666,0.12326662621585704,-0.23523694027314868
BH_s01_high,0,1449,48.3,-0.07950055508601804,0.06777686744100403
BH_s01_high,0,1450,48.333333333333336,-0.26702023319447477,0.3344379027934009
BH_s01_high,0,1451,48.36666666666667,-0.4429037291262645,0.5148034217713245
BH_s01_high,0,1452,48.4,-0.5974576114723332,0.604194604613424
BH_s01_high,0,1453,48.43333333333333,-0.7105065274029457,0.6420416835267193
BH_s01_high,0,1454,48.46666666666667,-0.7587286509893317,0.6318711889429133
BH_s01_high,0,1455,48.5,-0.7148575506783493,0.5409406893284189
BH_s01_high,0,1456,48.53333333333333,-0.5492125419261349,0.36554196357998286
BH_s01_high,0,1457,48.56666666666667,-0.25283027558450266,0.1317712977251648
BH_s01_high,0,1458,48.6,0.13482273721586363,-0.12518422292858028
BH_s01_high,0,1459,48.63333333333333,0.5214464056922874,-0.36037133690728246
BH_s01_high,0,1460,48.666666666666664,0.7979078971703679,-0.5569643149098836
BH_s01_high,0,1461,48.7,0.8955934545226061,-0.7250519844343909
BH_s01_high,0,1462,48.733333333333334,0.8188864246068919,-0.8456762505943087
BH_s01_high,0,1463,48.766666666666666,0.6282128306289506,-0.8701662099263936
BH_s01_high,0,1464,48.8,0.3943639779888386,-0.7662245200743819
BH_s01_high,0,1465,48.833333333333336,0.16443229799596892,-0.5186812036369735
BH_s01_high,0,1466,48.86666666666667,-0.04514588110544594,-0.16085451230235914
BH_s01_high,0,1467,48.9,-0.2375280263174921,0.2246307225395452
BH_s01_high,0,1468,48.93333333333333,-0.41791252053172634,0.5592345206292479
BH_s01_high,0,1469,48.96666666666667,-0.581186418599919,0.7679950709399712
BH_s01_high,0,1470,49.0,-0.7114006379526637,0.8396269048235601
BH_s01_high,0,1471,49.03333333333333,-0.7838982621503714,0.8253440084322936
BH_s01_high,0,1472,49.06666666666667,-0.7676986029250086,0.7378533064722499
BH_s01_high,0,1473,49.1,-0.6316408763060415,0.5510885932057717
BH_s01_high,0,1474,49.13333333333333,-0.3586693369950567,0.2862112969405069
BH_s01_high,0,1475,49.166666666666664,0.025460107198968907,0.012341338295704843
BH_s01_high,0,1476,49.2,0.438721015761814,-0.221951656587553
BH_s01_high,0,1477,49.233333333333334,0.771253471040902,-0.3880799413191131
BH_s01_high,0,1478,49.266666666666666,0.9389366063207298,-0.4812775980608195
BH_s01_high,0,1479,49.3,0.9219094961255614,-0.5195424584000168
BH_s01_high,0,1480,49.333333333333336,0.7614445021747559,-0.5293471799611332
BH_s01_high,0,1481,49.36666666666667,0.5272838152113045,-0.544601119802962
BH_s01_high,0,1482,49.4,0.2795646464829167,-0.5685375547461803
BH_s01_high,0,1483,49.43333333333333,0.047347248892834405,-0.5735158331911949
BH_s01_high,0,1484,49.46666666666667,-0.16681299251129544,-0.5320896099064487
BH_s01_high,0,1485,49.5,-0.36792631199839776,-0.41777216407455575
BH_s01_high,0,1486,49.53333333333333,-0.5535775843389341,-0.20968708093910013
BH_s01_high,0,1487,49.56666666666667,-0.7094614131575729,0.10599807016309075
BH_s01_high,0,1488,49.6,-0.8120577470598577,0.4951683587544287
BH_s01_high,0,1489,49.63333333333333,-0.8325979533034533,0.8744709236866022
BH_s01_high,0,1490,49.666666666666664,-0.7394939571294549,1.1509944826947123
BH_s01_high,0,1491,49.7,-0.5087377387086751,1.2222230273407564
BH_s01_high,0,1492,49.733333333333334,-0.14855851702560569,1.0696921842267644
BH_s01_high,0,1493,49.766666666666666,0.27836707672854955,0.7590146924629009
BH_s01_high,0,1494,49.8,0.6657117622054405,0.3566661041684748
BH_s01_high,0,1495,49.833333333333336,0.9113306721922156,-0.0696912869769305
BH_s01_high,0,1496,49.86666666666667,0.9695098268990174,-0.4588742895460924
BH_s01_high,0,1497,49.9,0.8640777428111731,-0.7548674287158921
BH_s01_high,0,1498,49.93333333333333,0.6563849699644726,-0.9175738467414303
BH_s01_high,0,1499,49.96666666666667,0.40821473918085993,-0.921828919415435
BH_s01_high,0,1500,50.0,0.16199592667359614,-0.7805111158484297
BH_s01_high,0,1501,50.03333333333333,-0.06597816772297951,-0.5441226074969151
BH_s01_high,0,1502,50.06666666666667,-0.277516036704486,-0.27511915876584786
BH_s01_high,0,1503,50.1,-0.4729026357126893,-0.04779213873869857
BH_s01_high,0,1504,50.13333333333333,-0.6416172369427734,0.13286163923044367
BH_s01_high,0,1505,50.166666666666664,-0.7669493455324455,0.32966201771704456
BH_s01_high,0,1506,50.2,-0.8259395447661011,0.5549761248924353
BH_s01_high,0,1507,50.233333333333334,-0.7891374990953134,0.7689550209154166
BH_s01_high,0,1508,50.266666666666666,-0.6282869974387363,0.890444584440162
BH_s01_high,0,1509,50.3,-0.33288262991532264,0.797790760586048
BH_s01_high,0,1510,50.333333333333336,0.06303684315615041,0.4950027928910661
BH_s01_high,0,1511,50.36666666666667,0.47346107464935994,0.11229960573753076
BH_s01_high,0,1512,50.4,0.7922859040336084,-0.27017523195294474
BH_s01_high,0,1513,50.43333333333333,0.9444714108133391,-0.621926737860063
BH_s01_high,0,1514,50.46666666666667,0.9190682822207964,-0.9098496862996898
BH_s01_high,0,1515,50.5,0.760785771457006,-1.0966761449649554
BH_s01_high,0,1516,50.53333333333333,0.5369745747173817,-1.1419023802641963
BH_s01_high,0,1517,50.56666666666667,0.3010820553625281,-1.001641228982282
BH_s01_high,0,1518,50.6,0.07480266164381824,-0.7087637206330405
BH_s01_high,0,1519,50.63333333333333,-0.13903378724715096,-0.37299147914935804
BH_s01_high,0,1520,50.666666666666664,-0.3403951048618918,-0.07174914158527014
BH_s01_high,0,1521,50.7,-0.5253856091959902,0.1496186877174982
BH_s01_high,0,1522,50.733333333333334,-0.6825073075989468,0.3092096510303137
BH_s01_high,0,1523,50.766666666666666,-0.7944585985544363,0.48641338899598596
BH_s01_high,0,1524,50.8,-0.8373651407048868,0.7097576966805106
BH_s01_high,0,1525,50.833333333333336,-0.7806618041259787,0.9547805199661861
BH_s01_high,0,1526,50.86666666666667,-0.5986579013533894,1.1617110900361425
BH_s01_high,0,1527,50.9,-0.2887961829246316,1.2354125743048057
BH_s01_high,0,1528,50.93333333333333,0.10958279217683708,1.1353123028689214
BH_s01_high,0,1529,50.96666666666667,0.5092343448843577,0.8760352405152132
BH_s01_high,0,1530,51.0,0.8035736710470984,0.48498893310854285
BH_s01_high,0,1531,51.03333333333333,0.9245681330170205,0.0034401119670496305
BH_s01_high,0,1532,51.06666666666667,0.8751733541010344,-0.49018524301477856
BH_s01_high,0,1533,51.1,0.7105274111591158,-0.8790908432139662
BH_s01_high,0,1534,51.13333333333333,0.49768891825428496,-1.0877772369180885
BH_s01_high,0,1535,51.166666666666664,0.2815171529911006,-1.0814044498724893
BH_s01_high,0,1536,51.2,0.07622658978356318,-0.8886897183675893
BH_s01_high,0,1537,51.233333333333334,-0.12152423760333234,-0.6010998218974255
BH_s01_high,0,1538,51.266666666666666,-0.3166083459416045,-0.29563083246671973
BH_s01_high,0,1539,51.3,-0.5025777038728265,-0.03462792103996122
BH_s01_high,0,1540,51.333333333333336,-0.6603304349524465,0.16233526809737242
BH_s01_high,0,1541,51.36666666666667,-0.767941120269337,0.3171688530179261
BH_s01_high,0,1542,51.4,-0.8030814417541596,0.43938796499953764
BH_s01_high,0,1543,51.43333333333333,-0.7399754611595897,0.5247447513360035
BH_s01_high,0,1544,51.46666666666667,-0.5531920466319038,0.5699063727918326
BH_s01_high,0,1545,51.5,-0.23893867548339184,0.5719538596402901
BH_s01_high,0,1546,51.53333333333333,0.15865549005048424,0.5211959904193172
BH_s01_high,0,1547,51.56666666666667,0.5468084534246509,0.4014479114485368
BH_s01_high,0,1548,51.6,0.8195331803095957,0.18974172740688044
BH_s01_high,0,1549,51.63333333333333,0.9161947855528757,-0.14214131533685126
BH_s01_high,0,1550,51.666666666666664,0.8480942910361848,-0.5499739969395966
BH_s01_high,0,1551,51.7,0.6724981187065544,-0.9159709963565184
BH_s01_high,0,1552,51.733333333333334,0.45398008906290255,-1.1450904979855823
BH_s01_high,0,1553,51.766666666666666,0.2353680681422929,-1.1651483185892568
BH_s01_high,0,1554,51.8,0.02923425580545773,-0.9623989613887984
BH_s01_high,0,1555,51.833333333333336,-0.16700428627791472,-0.58179405810165
BH_s01_high,0,1556,51.86666666666667,-0.35563659285197213,-0.10041637549540924
BH_s01_high,0,1557,51.9,-0.5321707947830767,0.3720016919433574
BH_s01_high,0,1558,51.93333333333333,-0.6801431764392495,0.769883751410519
BH_s01_high,0,1559,51.96666666666667,-0.7742904106032713,1.0702997011807023
BH_s01_high,0,1560,52.0,-0.7889748687428251,1.2433758921517089
BH_s01_high,0,1561,52.03333333333333,-0.6982504723900049,1.2509920113527886
BH_s01_high,0,1562,52.06666666666667,-0.4793184133606332,1.0822025445572592
BH_s01_high,0,1563,52.1,-0.13930180073929177,0.753492079148662
BH_s01_high,0,1564,52.13333333333333,0.2627279234159322,0.3152617545572661
BH_s01_high,0,1565,52.166666666666664,0.6299689678920595,-0.14726723303065078
BH_s01_high,0,1566,52.2,0.868306613807049,-0.5730467473923888
BH_s01_high,0,1567,52.233333333333334,0.9336667085594422,-0.9236437511133769
BH_s01_high,0,1568,52.266666666666666,0.8445244463544929,-1.1637789839131794
BH_s01_high,0,1569,52.3,0.6573134803351282,-1.2598311145955945
BH_s01_high,0,1570,52.333333333333336,0.43204555551951257,-1.1901800154330386
BH_s01_high,0,1571,52.36666666666667,0.20471719037061056,-0.9451475542427764
BH_s01_high,0,1572,52.4,-0.014211654543308118,-0.5668296360716242
BH_s01_high,0,1573,52.43333333333333,-0.22727486162647476,-0.1496525754622336
BH_s01_high,0,1574,52.46666666666667,-0.43469482377003116,0.22589864989008182
BH_s01_high,0,1575,52.5,-0.6249069499444925,0.49259188997030845
BH_s01_high,0,1576,52.53333333333333,-0.7777157722718362,0.6440996153615919
BH_s01_high,0,1577,52.56666666666667,-0.8688818046232113,0.7332529226906603
BH_s01_high,0,1578,52.6,-0.8704307292330977,0.7886275204155124
BH_s01_high,0,1579,52.63333333333333,-0.7545393136488787,0.8130709018260185
BH_s01_high,0,1580,52.666666666666664,-0.504604705374361,0.8035742818457494
BH_s01_high,0,1581,52.7,-0.13700022663605557,0.7511843888982399
BH_s01_high,0,1582,52.733333333333334,0.28088562527513977,0.6379601699733063
BH_s01_high,0,1583,52.766666666666666,0.6490674116911678,0.43787773526219725
BH_s01_high,0,1584,52.8,0.8814071380620466,0.1544698776531487
BH_s01_high,0,1585,52.833333333333336,0.9446975138315682,-0.177818973582548
BH_s01_high,0,1586,52.86666666666667,0.8610114639623407,-0.5047441005843867
BH_s01_high,0,1587,52.9,0.6807018221824753,-0.7514132211092398
BH_s01_high,0,1588,52.93333333333333,0.4546838201294534,-0.8632545349407942
BH_s01_high,0,1589,52.96666666666667,0.2170824226866055,-0.8057914820410768
BH_s01_high,0,1590,53.0,-0.015770907684770876,-0.601936640511038
BH_s01_high,0,1591,53.03333333333333,-0.23876285798341212,-0.33171681687218385
BH_s01_high,0,1592,53.06666666666667,-0.44806404936184,-0.06098424744782563
BH_s01_high,0,1593,53.1,-0.6335297835465726,0.1585650644247703
BH_s01_high,0,1594,53.13333333333333,-0.777367063391406,0.31425165868722993
BH_s01_high,0,1595,53.166666666666664,-0.8556536766615953,0.4312191323733934
BH_s01_high,0,1596,53.2,-0.8438277604842175,0.5006383512428629
BH_s01_high,0,1597,53.233333333333334,-0.7168273878772805,0.4791321432007776
BH_s01_high,0,1598,53.266666666666666,-0.45500652335491104,0.3471908300454313
BH_s01_high,0,1599,53.3,-0.06728930521179517,0.10989125896914806
BH_s01_high,0,1600,53.333333333333336,0.3894376294909413,-0.1948335642369366
BH_s01_high,0,1601,53.36666666666667,0.8204415717421042,-0.49559000225481753
BH_s01_high,0,1602,53.4,1.135778172835834,-0.7420705937915928
BH_s01_high,0,1603,53.43333333333333,1.2897649073381456,-0.9043581147340488
BH_s01_high,0,1604,53.46666666666667,1.2671417550618478,-0.9475952000340712
BH_s01_high,0,1605,53.5,1.079592933048994,-0.8318420992482695
BH_s01_high,0,1606,53.53333333333333,0.7887831552907365,-0.5476015341280546
BH_s01_high,0,1607,53.56666666666667,0.46073387647953634,-0.1169426306088459
BH_s01_high,0,1608,53.6,0.12288761507387223,0.38619575645694104
BH_s01_high,0,1609,53.63333333333333,-0.22125563934249673,0.8350280275587045
BH_s01_high,0,1610,53.666666666666664,-0.5730797641983947,1.148159148865829
BH_s01_high,0,1611,53.7,-0.9221480351470767,1.2886970620337284
BH_s01_high,0,1612,53.733333333333334,-1.2376087297461345,1.2572044273207346
BH_s01_high,0,1613,53.766666666666666,-1.4781113618175277,1.0906681260069282
BH_s01_high,0,1614,53.8,-1.60112115289683,0.8142693696579957
BH_s01_high,0,1615,53.833333333333336,-1.5594851551163182,0.4418548892651657
BH_s01_high,0,1616,53.86666666666667,-1.3027996891876628,0.01695938918384931
BH_s01_high,0,1617,53.9,-0.8013548894665652,-0.3857683645170653
BH_s01_high,0,1618,53.93333333333333,-0.09659273363599105,-0.7247413832808575
BH_s01_high,0,1619,53.96666666666667,0.6693869442799841,-0.9897318446647112
BH_s01_high,0,1620,54.0,1.3026790624194238,-1.1638656343241538
BH_s01_high,0,1621,54.03333333333333,1.6580831221201628,-1.2221976711387026
BH_s01_high,0,1622,54.06666666666667,1.7055918555658698,-1.1405175956292535
BH_s01_high,0,1623,54.1,1.5147955888934408,-0.8956245529830785
BH_s01_high,0,1624,54.13333333333333,1.1912432576545688,-0.502494875812727
BH_s01_high,0,1625,54.166666666666664,0.8215752577682507,-0.015608975107352055
BH_s01_high,0,1626,54.2,0.4503765428434747,0.47937617935046867
BH_s01_high,0,1627,54.233333333333334,0.08505628501980975,0.8645965203250346
BH_s01_high,0,1628,54.266666666666666,-0.2818227250613655,1.0775515304846686
BH_s01_high,0,1629,54.3,-0.646801381726615,1.110133430252138
BH_s01_high,0,1630,54.333333333333336,-0.9871813243552658,0.9796021452100359
BH_s01_high,0,1631,54.36666666666667,-1.2685897325004722,0.7278457611025608
BH_s01_high,0,1632,54.4,-1.450090444535374,0.39363461567887664
BH_s01_high,0,1633,54.43333333333333,-1.4872257112231992,0.013303530276284073
BH_s01_high,0,1634,54.46666666666667,-1.3361835105052435,-0.35573294517080867
BH_s01_high,0,1635,54.5,-0.9592603934776051,-0.6339108498760616
BH_s01_high,0,1636,54.53333333333333,-0.35826371050799644,-0.78652372735834
BH_s01_high,0,1637,54.56666666666667,0.37561306865305066,-0.8227300614429425
BH_s01_high,0,1638,54.6,1.0658544751715249,-0.7682244275597707
BH_s01_high,0,1639,54.63333333333333,1.5318607537613769,-0.6642406830279504
BH_s01_high,0,1640,54.666666666666664,1.6846410312232027,-0.5176486369582627
BH_s01_high,0,1641,54.7,1.5549021498942295,-0.3015069552591183
BH_s01_high,0,1642,54.733333333333334,1.2454429950708077,-0.011495886556243888
BH_s01_high,0,1643,54.766666666666666,0.8635572159774636,0.3324025677014537
BH_s01_high,0,1644,54.8,0.4772824222072214,0.6764052219713705
BH_s01_high,0,1645,54.833333333333336,0.10663902998961906,0.9320081452824542
BH_s01_high,0,1646,54.86666666666667,-0.25715812239077035,1.053698311592963
BH_s01_high,0,1647,54.9,-0.6212047165571197,1.038434099615787
BH_s01_high,0,1648,54.93333333333333,-0.9739347038423234,0.9031515791433066
BH_s01_high,0,1649,54.96666666666667,-1.2849441541604925,0.6843940503896657
BH_s01_high,0,1650,55.0,-1.50894468358257,0.3968955081915958
BH_s01_high,0,1651,55.03333333333333,-1.5938944088875389,0.03473752102205948
BH_s01_high,0,1652,55.06666666666667,-1.486741080770255,-0.3673223631914725
BH_s01_high,0,1653,55.1,-1.138264307038555,-0.7322416203533924
BH_s01_high,0,1654,55.13333333333333,-0.5354184541477247,-1.015371723399404
BH_s01_high,0,1655,55.166666666666664,0.2422934188280638,-1.2031187396736593
BH_s01_high,0,1656,55.2,1.0170163517663906,-1.2827657407564412
BH_s01_high,0,1657,55.233333333333334,1.5899941114267453,-1.2414924773378702
BH_s01_high,0,1658,55.266666666666666,1.8396580172286219,-1.0669383639190935
BH_s01_high,0,1659,55.3,1.7669468351207784,-0.7478642509317507
BH_s01_high,0,1660,55.333333333333336,1.464064566751061,-0.308432985715637
BH_s01_high,0,1661,55.36666666666667,1.0488184153054947,0.1901814057975098
BH_s01_high,0,1662,55.4,0.6106777811665755,0.6739345833411843
BH_s01_high,0,1663,55.43333333333333,0.18757851390245933,1.0544500217084625
BH_s01_high,0,1664,55.46666666666667,-0.21866726944679016,1.282207327268893
BH_s01_high,0,1665,55.5,-0.613850089384341,1.345224063218594
BH_s01_high,0,1666,55.53333333333333,-0.9921271174535482,1.2539663759145978
BH_s01_high,0,1667,55.56666666666667,-1.324996345167497,1.0405875799648365
BH_s01_high,0,1668,55.6,-1.5679237343684316,0.7345540361034789
BH_s01_high,0,1669,55.63333333333333,-1.6725045208186557,0.3633292429130056
BH_s01_high,0,1670,55.666666666666664,-1.586117975378404,-0.02041967560522979
BH_s01_high,0,1671,55.7,-1.255309042752451,-0.3376644461311375
BH_s01_high,0,1672,55.733333333333334,-0.6584755121843825,-0.573919369679561
BH_s01_high,0,1673,55.766666666666666,0.135273248115208,-0.7773648439480214
BH_s01_high,0,1674,55.8,0.9504682067236925,-0.9517194928285924
BH_s01_high,0,1675,55.833333333333336,1.578151953836622,-1.0546550368017908
BH_s01_high,0,1676,55.86666666666667,1.8811626889690738,-1.0446372527896313
BH_s01_high,0,1677,55.9,1.8482271580856462,-0.8813698292708501
BH_s01_high,0,1678,55.93333333333333,1.5660027546255035,-0.5662774236075088
BH_s01_high,0,1679,55.96666666666667,1.1543143860941498,-0.1436261948123358
BH_s01_high,0,1680,56.0,0.7109425947689436,0.31232925206138556
BH_s01_high,0,1681,56.03333333333333,0.28252375154758835,0.6964595396249766
BH_s01_high,0,1682,56.06666666666667,-0.1284760329308483,0.9479682453996896
BH_s01_high,0,1683,56.1,-0.5329530946697792,1.0493917958602248
BH_s01_high,0,1684,56.13333333333333,-0.9282568223742933,1.0034075565897593
BH_s01_high,0,1685,56.166666666666664,-1.2883282431153695,0.8320318261703125
BH_s01_high,0,1686,56.2,-1.568911495031116,0.5633455222005559
BH_s01_high,0,1687,56.233333333333334,-1.7182130210911588,0.23191718592569313
BH_s01_high,0,1688,56.266666666666666,-1.6819752325017194,-0.13662520102854306
BH_s01_high,0,1689,56.3,-1.405055230331082,-0.523953133069493
BH_s01_high,0,1690,56.333333333333336,-0.853901470306332,-0.8829631892156155
BH_s01_high,0,1691,56.36666666666667,-0.07410889483403402,-1.1363569878708673
BH_s01_high,0,1692,56.4,0.7760811851279661,-1.235346162952579
BH_s01_high,0,1693,56.43333333333333,1.4773907645934656,-1.159246776713226
BH_s01_high,0,1694,56.46666666666667,1.8595712849620283,-0.8995378336876015
BH_s01_high,0,1695,56.5,1.8822359564817932,-0.46066384240113617
BH_s01_high,0,1696,56.53333333333333,1.6254820720931837,0.0903908395802087
BH_s01_high,0,1697,56.56666666666667,1.2205921531571438,0.622870047273712
BH_s01_high,0,1698,56.6,0.7789123270459507,1.0385193155099155
BH_s01_high,0,1699,56.63333333333333,0.3564790656336413,1.2705831685101368
BH_s01_high,0,1700,56.666666666666664,-0.03870149318845792,1.3038154548267047
BH_s01_high,0,1701,56.7,-0.4206167624941597,1.1732415785353165
BH_s01_high,0,1702,56.733333333333334,-0.7954519780058756,0.9018707956022507
BH_s01_high,0,1703,56.766666666666666,-1.1451520465684741,0.5009610669299307
BH_s01_high,0,1704,56.8,-1.4313855187790465,0.01932486892184354
BH_s01_high,0,1705,56.833333333333336,-1.603711409238598,-0.45520661654383276
BH_s01_high,0,1706,56.86666666666667,-1.6059373194816056,-0.8536088499122866
BH_s01_high,0,1707,56.9,-1.3805246940242504,-1.1242523192183531
BH_s01_high,0,1708,56.93333333333333,-0.8877922897854706,-1.2380927059782618
BH_s01_high,0,1709,56.96666666666667,-0.16012334346074514,-1.1875705374141472
BH_s01_high,0,1710,57.0,0.6581351895008443,-0.983401081587101
BH_s01_high,0,1711,57.03333333333333,1.3504681078999983,-0.6546345726640447
BH_s01_high,0,1712,57.06666666666667,1.7341967321183354,-0.24101273475171703
BH_s01_high,0,1713,57.1,1.7552760798551919,0.20580931617742104
BH_s01_high,0,1714,57.13333333333333,1.4943141212367181,0.6217386228331137
BH_s01_high,0,1715,57.166666666666664,1.091853293760181,0.928877515535506
BH_s01_high,0,1716,57.2,0.6662979048079654,1.0995007397555048
BH_s01_high,0,1717,57.233333333333334,0.2717519894352119,1.1546461559741226
BH_s01_high,0,1718,57.266666666666666,-0.09479142507544704,1.1009033375131185
BH_s01_high,0,1719,57.3,-0.45420969688556856,0.9298296370410921
BH_s01_high,0,1720,57.333333333333336,-0.8092684695293771,0.6443255619329157
BH_s01_high,0,1721,57.36666666666667,-1.136646081632127,0.2597872345903632
BH_s01_high,0,1722,57.4,-1.3963146966930475,-0.17594250350783763
BH_s01_high,0,1723,57.43333333333333,-1.536000676159699,-0.5811802488642659
BH_s01_high,0,1724,57.46666666666667,-1.4942715333951861,-0.8908156595300909
BH_s01_high,0,1725,57.5,-1.2088981173019542,-1.0552651821969525
BH_s01_high,0,1726,57.53333333333333,-0.6482626718519017,-1.0768886757364728
BH_s01_high,0,1727,57.56666666666667,0.12606743307706303,-1.008728397302335
BH_s01_high,0,1728,57.6,0.9352432329207038,-0.8738494865591988
BH_s01_high,0,1729,57.63333333333333,1.5533449671952657,-0.6651560145004926
BH_s01_high,0,1730,57.666666666666664,1.8240087981792137,-0.3666420342055537
BH_s01_high,0,1731,57.7,1.7330165880782071,0.04465323246713092
BH_s01_high,0,1732,57.733333333333334,1.3860523189224059,0.5137939313356054
BH_s01_high,0,1733,57.766666666666666,0.9257382946068637,0.9065810993921725
BH_s01_high,0,1734,57.8,0.4564841348070692,1.135318877669326
BH_s01_high,0,1735,57.833333333333336,0.016250240437190915,1.158525698808548
BH_s01_high,0,1736,57.86666666666667,-0.4033943448411268,0.9982346634544101
BH_s01_high,0,1737,57.9,-0.8167443868796288,0.7391967140433007
BH_s01_high,0,1738,57.93333333333333,-1.214151360409869,0.43191703112398466
BH_s01_high,0,1739,57.96666666666667,-1.5599372209713227,0.09306637324270428
BH_s01_high,0,1740,58.0,-1.8029057894043778,-0.23926128438274333
BH_s01_high,0,1741,58.03333333333333,-1.87955560579903,-0.5042037771341079
BH_s01_high,0,1742,58.06666666666667,-1.716698811349706,-0.6710448936580019
BH_s01_high,0,1743,58.1,-1.2535121004504621,-0.73818623050979
BH_s01_high,0,1744,58.13333333333333,-0.4982423505336052,-0.7412280205479596
BH_s01_high,0,1745,58.166666666666664,0.4223502034433927,-0.7514520784648588
BH_s01_high,0,1746,58.2,1.2843914035760635,-0.7567799372827925
BH_s01_high,0,1747,58.233333333333334,1.8725917598806898,-0.6620441550946243
BH_s01_high,0,1748,58.266666666666666,2.0980634718440534,-0.42201230656232736
BH_s01_high,0,1749,58.3,2.016250168111702,-0.043372295581163275
BH_s01_high,0,1750,58.333333333333336,1.7570235281324222,0.39565635844731567
BH_s01_high,0,1751,58.36666666666667,1.4493006279163143,0.7448552604959676
BH_s01_high,0,1752,58.4,1.1715532610439126,0.9496425155228747
BH_s01_high,0,1753,58.43333333333333,0.9428689117854996,1.050135126160308
BH_s01_high,0,1754,58.46666666666667,0.7474510883403962,1.0834360205894589
BH_s01_high,0,1755,58.5,0.5653979246918995,1.0818397397025268
BH_s01_high,0,1756,58.53333333333333,0.38658045441207073,1.0321325320559323
BH_s01_high,0,1757,58.56666666666667,0.21072040098071487,0.8759815966220162
BH_s01_high,0,1758,58.6,0.04559417934057969,0.6259738896752839
BH_s01_high,0,1759,58.63333333333333,-0.09994862679063185,0.36636793688313807
