recording_id,measurement_id,sample_index,time_seconds,gt_signal,predicted_signal
1004,0,0,0.0,-1.8811635793399553,0.06773192393905113
1004,0,1,0.03333333333333333,-1.823695511308273,0.26815027316112006
1004,0,2,0.06666666666666667,-1.1394671095058468,0.44458683666864496
1004,0,3,0.1,0.3568580251490029,0.5790362140775369
1004,0,4,0.13333333333333333,2.0395972418010846,0.661046817067008
1004,0,5,0.16666666666666666,2.9565800909695086,0.6888987898382762
1004,0,6,0.2,2.6591897310637322,0.6675864501868173
1004,0,7,0.23333333333333334,1.8090232226595753,0.6053506546832279
1004,0,8,0.26666666666666666,0.8223669198809994,0.5103707752643374
1004,0,9,0.3,0.05049532841141493,0.38873846749250773
1004,0,10,0.3333333333333333,-0.33742039640078714,0.2440992552183412
1004,0,11,0.36666666666666664,-0.1603545871361397,0.07858630352343232
1004,0,12,0.4,0.2918461767084516,-0.10532556468103993
1004,0,13,0.43333333333333335,0.7113655795790714,-0.302345953058736
1004,0,14,0.4666666666666667,0.6664788330266318,-0.5021220205279486
1004,0,15,0.5,0.2487639224797281,-0.6884703810655137
1004,0,16,0.5333333333333333,-0.25551649481878225,-0.8405120180131157
1004,0,17,0.5666666666666667,-0.8126033749793736,-0.9352230028491637
1004,0,18,0.6,-1.2766586508950453,-0.9513114985476273
1004,0,19,0.6333333333333333,-1.547482873812777,-0.8746455481516737
1004,0,20,0.6666666666666666,-1.6839726681871956,-0.7039481287438129
1004,0,21,0.7,-1.7055263264982496,-0.4541228715710248
1004,0,22,0.7333333333333333,-1.507633668330711,-0.15505276535489798
1004,0,23,0.7666666666666667,-0.44701824267315804,0.15526672162422744
1004,0,24,0.8,1.1523885159739804,0.4407782774832649
1004,0,25,0.8333333333333334,2.560017840439501,0.674982812372736
1004,0,26,0.8666666666666667,2.9476077541376977,0.8433823230208941
1004,0,27,0.9,2.450169370233279,0.9414104881786443
1004,0,28,0.9333333333333333,1.6387994467890168,0.9699281209335967
1004,0,29,0.9666666666666667,0.8823662896445611,0.9312130747562019
1004,0,30,1.0,0.38202066810748875,0.8270507236433269
1004,0,31,1.0333333333333334,0.22648345476051035,0.6588955410897996
1004,0,32,1.0666666666666667,0.3916947519540783,0.4298147959845228
1004,0,33,1.1,0.6237223899119133,0.1477521047037865
1004,0,34,1.1333333333333333,0.7314906814671835,-0.17121776202221528
1004,0,35,1.1666666666666667,0.5152774137352502,-0.5015808280206504
1004,0,36,1.2,0.10869020585126012,-0.8098017557105162
1004,0,37,1.2333333333333334,-0.37511423605174815,-1.05792460065302
1004,0,38,1.2666666666666666,-0.8215757118111854,-1.2087402810151828
1004,0,39,1.3,-1.153101051507258,-1.2318855439975087
1004,0,40,1.3333333333333333,-1.369690255139966,-1.110443868739274
1004,0,41,1.3666666666666667,-1.4271583231716483,-0.8476780510687271
1004,0,42,1.4,-1.4713433227093091,-0.47134589429734347
1004,0,43,1.4333333333333333,-1.1517226198710826,-0.03137201629202759
1004,0,44,1.4666666666666666,-0.04980436991513677,0.41006724904105535
1004,0,45,1.5,1.342361457831873,0.7932959494264201
1004,0,46,1.5333333333333334,2.478139001250879,1.0752019212766426
1004,0,47,1.5666666666666667,2.4781891260376487,1.235423953857464
1004,0,48,1.6,1.8765914352253872,1.2735834556720207
1004,0,49,1.6333333333333333,1.128779741405353,1.2026656130418232
1004,0,50,1.6666666666666667,0.4420200378710492,1.042189189501328
1004,0,51,1.7,0.04726227966475728,0.8124917677813696
1004,0,52,1.7333333333333334,0.05335244125729969,0.5313239161596636
1004,0,53,1.7666666666666666,0.28788631855362945,0.2137081009062427
1004,0,54,1.8,0.4610173320568401,-0.12583744303629785
1004,0,55,1.8333333333333333,0.4613932679576138,-0.47118068664930635
1004,0,56,1.8666666666666667,0.17335118078442227,-0.8034278253819523
1004,0,57,1.9,-0.2860174275682635,-1.0998540473966263
1004,0,58,1.9333333333333333,-0.7529548787232019,-1.3332353167278772
1004,0,59,1.9666666666666666,-1.1635019447620107,-1.4730979779495068
1004,0,60,2.0,-1.459112874737455,-1.4898554254998317
1004,0,61,2.033333333333333,-1.5812419177023005,-1.3618973388617743
1004,0,62,2.066666666666667,-1.6469805755510145,-1.084037374275761
1004,0,63,2.1,-1.597783097336364,-0.6742432753272326
1004,0,64,2.1333333333333333,-1.5403150293046817,-0.1754440582626285
1004,0,65,2.1666666666666665,-0.8723270584156925,0.35021675619972026
1004,0,66,2.2,0.48532785364023895,0.83412152065996
1004,0,67,2.2333333333333334,1.9360394323344938,1.2170851878959636
1004,0,68,2.2666666666666666,2.5535768053395675,1.462609356021307
1004,0,69,2.3,2.2375650871487744,1.56082786215056
1004,0,70,2.3333333333333335,1.4570970947481594,1.5228472108350086
1004,0,71,2.3666666666666667,0.6450003618957312,1.3714735317639961
1004,0,72,2.4,0.06849012686180345,1.1328156781411904
1004,0,73,2.433333333333333,-0.0076995490284302555,0.8307523918883536
1004,0,74,2.466666666666667,0.10432934940228297,0.48501930604935567
1004,0,75,2.5,0.4523708063390329,0.11246168120670562
1004,0,76,2.533333333333333,0.5777579604439212,-0.27015330463193327
1004,0,77,2.566666666666667,0.41688245730594586,-0.6440829641554884
1004,0,78,2.6,0.06884100036919591,-0.9880668847215877
1004,0,79,2.6333333333333333,-0.4282465100278371,-1.2783708228740622
1004,0,80,2.6666666666666665,-0.8614249172932495,-1.4892128272645584
1004,0,81,2.7,-1.2094663742300045,-1.594186174666471
1004,0,82,2.7333333333333334,-1.4116948264531357,-1.5694473961615274
1004,0,83,2.7666666666666666,-1.4713433227093091,-1.399290087492328
1004,0,84,2.8,-1.4713433227093091,-1.0833270182893393
1004,0,85,2.8333333333333335,-1.4713433227093091,-0.6430845725080896
1004,0,86,2.8666666666666667,-1.4713433227093091,-0.1243890461030525
1004,0,87,2.9,-1.1090413639365224,0.4086563673168653
1004,0,88,2.933333333333333,0.02518231109262701,0.8875386353560627
1004,0,89,2.966666666666667,1.4173481388396267,1.255629015195522
1004,0,90,3.0,2.4529763582923936,1.480568024865272
1004,0,91,3.033333333333333,2.356110207859569,1.5567926594622226
1004,0,92,3.066666666666667,1.6816060146905065,1.4986989020468362
1004,0,93,3.1,0.8278305216389131,1.3311115953104127
1004,0,94,3.1333333333333333,0.1633262234304456,1.0814657279960307
1004,0,95,3.1666666666666665,-0.12479105092290056,0.7748735969352208
1004,0,96,3.2,0.01956833497439415,0.4322534988150842
1004,0,97,3.2333333333333334,0.32269798296532115,0.07087793307750184
1004,0,98,3.2666666666666666,0.5892365366142278,-0.2936523512397753
1004,0,99,3.3,0.5465552806796626,-0.6450820633664022
1004,0,100,3.3333333333333335,0.13996807279567253,-0.9645986584027959
1004,0,101,3.3666666666666667,-0.28311018993560705,-1.2297252167997643
1004,0,102,3.4,-0.7974656893748682,-1.4147283158945105
1004,0,103,3.433333333333333,-1.1907948911582198,-1.4934556422903655
1004,0,104,3.466666666666667,-1.4178100504390636,-1.4445034350240085
1004,0,105,3.5,-1.4713433227093091,-1.2575091742755982
1004,0,106,3.533333333333333,-1.4713433227093091,-0.9389148412472564
1004,0,107,3.566666666666667,-1.412797571762074,-0.5153262392664653
1004,0,108,3.6,-1.4120958247472957,-0.032503325040644016
1004,0,109,3.6333333333333333,-1.121572560628993,0.45161349644448345
1004,0,110,3.6666666666666665,-0.08078148813892255,0.878581039097251
1004,0,111,3.7,1.2499313510281906,1.2018141881990099
1004,0,112,3.7333333333333334,2.36380436262876,1.3952848513137415
1004,0,113,3.7666666666666666,2.343503823986946,1.4547351687236045
1004,0,114,3.8,1.7247133313126113,1.3920475986400316
1004,0,115,3.8333333333333335,0.8666772313855874,1.2276338856195108
1004,0,116,3.8666666666666667,0.1569102507238961,0.9841872302141078
1004,0,117,3.9,-0.16534200341974636,0.6829142305688762
1004,0,118,3.933333333333333,-0.08639546425716207,0.3424834995545032
1004,0,119,3.966666666666667,0.29896389642977933,-0.019850534152871625
1004,0,120,4.0,0.6118428154474485,-0.38606675766813386
1004,0,121,4.033333333333333,0.5910660913313273,-0.7355497900040049
1004,0,122,4.066666666666666,0.22548095902510712,-1.044466100900445
1004,0,123,4.1,-0.22311082017204784,-1.286478561327639
1004,0,124,4.133333333333334,-0.7026295928062327,-1.4348416455393451
1004,0,125,4.166666666666667,-1.0672122293770463,-1.465807390062283
1004,0,126,4.2,-1.3168587298845003,-1.3632306407064692
1004,0,127,4.233333333333333,-1.393023343381351,-1.124103845102267
1004,0,128,4.266666666666667,-1.3542518208148389,-0.7635931261968323
1004,0,129,4.3,-1.3542518208148389,-0.3171779077715923
1004,0,130,4.333333333333333,-1.224629122227891,0.1625044493044623
1004,0,131,4.366666666666666,-0.541277904193932,0.6158449886551791
1004,0,132,4.4,0.6856265015727323,0.990430994261649
1004,0,133,4.433333333333334,1.9223303031529113,1.2518847076346717
1004,0,134,4.466666666666667,2.392676239808211,1.3875375383894186
1004,0,135,4.5,1.9775928805667229,1.4033309354925194
1004,0,136,4.533333333333333,1.1938918394194502,1.316428600338105
1004,0,137,4.566666666666666,0.4683355509252329,1.1474763003984998
1004,0,138,4.6,-0.06153357001929746,0.9150653519483337
1004,0,139,4.633333333333334,-0.09895172334302062,0.6331310409133989
1004,0,140,4.666666666666667,0.12513113591178376,0.3114440880623781
1004,0,141,4.7,0.4731725928485437,-0.04115212929000723
1004,0,142,4.733333333333333,0.6136974325579342,-0.41220112598586484
1004,0,143,4.766666666666667,0.37455207487877645,-0.7820400199485807
1004,0,144,4.8,-0.06905228803478516,-1.1226296335462225
1004,0,145,4.833333333333333,-0.4950127260053349,-1.3992352742941887
1004,0,146,4.866666666666666,-0.9407724547499905,-1.5748629855690979
1004,0,147,4.9,-1.1958324322285907,-1.6168113971708136
1004,0,148,4.933333333333334,-1.2957060698676037,-1.5042244644786482
1004,0,149,4.966666666666667,-1.2957060698676037,-1.2351129152021882
1004,0,150,5.0,-1.2371603189203684,-0.8308591489083867
1004,0,151,5.033333333333333,-1.1786145679731332,-0.33606666950881664
1004,0,152,5.066666666666666,-1.0609215686374198,0.1877066580149248
1004,0,153,5.1,-0.2514563870904209,0.6746447895264055
1004,0,154,5.133333333333334,0.9865757213391974,1.0698472921196684
1004,0,155,5.166666666666667,2.2100716416054986,1.3394623563262356
1004,0,156,5.2,2.5532760566189476,1.4729334170064685
1004,0,157,5.233333333333333,2.184833811466852,1.4796480751734138
1004,0,158,5.266666666666667,1.604764716572252,1.38229282703056
1004,0,159,5.3,1.0918127111625575,1.208661407991572
1004,0,160,5.333333333333333,0.7501872269323536,0.9839839481214564
1004,0,161,5.366666666666666,0.6948494623383916,0.7258998375500487
1004,0,162,5.4,0.6959020828605607,0.4433380969164861
1004,0,163,5.433333333333334,0.7533952132856268,0.1395325588312195
1004,0,164,5.466666666666667,0.6959522076473298,-0.18246286742130155
1004,0,165,5.5,0.46502731499842814,-0.5148889324860743
1004,0,166,5.533333333333333,0.11916628628616674,-0.8425924979549547
1004,0,167,5.566666666666666,-0.2288751706505832,-1.1422908436810244
1004,0,168,5.6,-0.5769166275873431,-1.3838805874901767
1004,0,169,5.633333333333334,-0.8143577425163226,-1.534250067264774
1004,0,170,5.666666666666667,-0.9368627213819392,-1.5634483868651756
1004,0,171,5.7,-0.9444315641841927,-1.4523345670914523
1004,0,172,5.733333333333333,-0.8956100218703151,-1.19962633059501
1004,0,173,5.766666666666667,-0.8858858132369576,-0.8253738032257774
1004,0,174,5.8,-0.9325519897197279,-0.3693882495810031
1004,0,175,5.833333333333333,-0.5993975944536225,0.11503972470936392
1004,0,176,5.866666666666666,0.2453303745859988,0.5709652163833807
1004,0,177,5.9,1.261384864805111,0.9492503314928047
1004,0,178,5.933333333333334,1.8919296199769775,1.2182485170528774
1004,0,179,5.966666666666667,1.8004769465153039,1.3673719999971068
1004,0,180,6.0,1.3536896596418637,1.4040091458652035
1004,0,181,6.033333333333333,0.9873025307473337,1.3470867958132084
1004,0,182,6.066666666666666,0.6773057869689247,1.2198614659855676
1004,0,183,6.1,0.5407909302011239,1.0432960496491561
1004,0,184,6.133333333333334,0.460666458549451,0.8316209958686809
1004,0,185,6.166666666666667,0.460666458549451,0.5917244957591553
1004,0,186,6.2,0.4269324770533113,0.32604809461477596
1004,0,187,6.233333333333333,0.27826235949380856,0.03681848524364664
1004,0,188,6.266666666666667,0.04623472153597528,-0.2701964489203303
1004,0,189,6.3,-0.18579291642186468,-0.5834940578909241
1004,0,190,6.333333333333333,-0.47636630532693314,-0.8855301468597594
1004,0,191,6.366666666666666,-0.6800483763663917,-1.1538814514084084
1004,0,192,6.4,-0.8273400622897225,-1.3635457519511645
1004,0,193,6.433333333333334,-0.8273400622897225,-1.4902019978984662
1004,0,194,6.466666666666667,-0.8273400622897225,-1.5138513867364591
1004,0,195,6.5,-0.8273400622897225,-1.4219045171195208
1004,0,196,6.533333333333333,-0.8273400622897225,-1.2115493982981806
1004,0,197,6.566666666666666,-0.8858858132369576,-0.8919155289057492
1004,0,198,6.6,-0.9652333506936985,-0.48581137865455215
1004,0,199,6.633333333333334,-1.0023507552967967,-0.030031613132344603
1004,0,200,6.666666666666667,-0.40408636280473414,0.42757477872583344
1004,0,201,6.7,0.5016935965206138,0.8363302746351041
1004,0,202,6.733333333333333,1.4213079969944507,1.1541312845347451
1004,0,203,6.766666666666667,1.659300484577901,1.3560517860806665
1004,0,204,6.8,1.354391406656642,1.4370488921371687
1004,0,205,6.833333333333333,0.9478041987726569,1.4091612142060532
1004,0,206,6.866666666666666,0.6119430650209835,1.2949900432399546
1004,0,207,6.9,0.4021207076022158,1.1202142297171023
1004,0,208,6.933333333333334,0.34357495665498067,0.907435256755161
1004,0,209,6.966666666666667,0.34357495665498067,0.6728126657337758
1004,0,210,7.0,0.34357495665498067,0.4257946389520144
1004,0,211,7.033333333333333,0.32999113944033764,0.17114798808623155
1004,0,212,7.066666666666666,0.15079502673797163,-0.08796807071750035
1004,0,213,7.1,-0.07551838552810047,-0.34730525496265086
1004,0,214,7.133333333333334,-0.3660917744331689,-0.6000111904663044
1004,0,215,7.166666666666667,-0.595638235445892,-0.8363674605831158
1004,0,216,7.2,-0.7116520544248086,-1.0443267946728083
1004,0,217,7.233333333333333,-0.7691201224564934,-1.2100432125058884
1004,0,218,7.266666666666667,-0.8273400622897225,-1.3182428311098973
1004,0,219,7.3,-0.7687943113424872,-1.3529730924791803
1004,0,220,7.333333333333333,-0.7687943113424872,-1.2994095541068864
1004,0,221,7.366666666666666,-0.8273400622897225,-1.1472921367444757
1004,0,222,7.4,-0.8808232097731988,-0.8954656186432408
1004,0,223,7.433333333333334,-0.9968370287521154,-0.5559067992967451
1004,0,224,7.466666666666667,-1.1128508477310355,-0.15547553489358418
1004,0,225,7.5,-1.228864666709952,0.26615090593358015
1004,0,226,7.533333333333333,-0.8250343220983076,0.6626727018785049
1004,0,227,7.566666666666666,0.08432955948111209,0.9903912452027352
1004,0,228,7.6,1.1295316132069155,1.2176702126486476
1004,0,229,7.633333333333334,1.6189750936215264,1.3306322410732638
1004,0,230,7.666666666666667,1.4384506740697576,1.333420288253786
1004,0,231,7.7,0.988079464942259,1.2439663886100074
1004,0,232,7.733333333333333,0.5667305073545422,1.0872372636464893
1004,0,233,7.766666666666667,0.31886343677742357,0.8885226589781439
1004,0,234,7.8,0.22648345476051035,0.6685031821703012
1004,0,235,7.833333333333333,0.32450247528903764,0.440764702927091
1004,0,236,7.866666666666666,0.38197054332071917,0.21188638975501398
1004,0,237,7.9,0.3648028038520277,-0.016242478494231577
1004,0,238,7.933333333333334,0.21254876403847653,-0.24297677988120217
1004,0,239,7.966666666666667,0.01568366399972406,-0.46596503045446414
1004,0,240,8.0,-0.2515065118771901,-0.6794661597959248
1004,0,241,8.033333333333333,-0.48353414983503,-0.8737586522754425
1004,0,242,8.066666666666666,-0.6836322986204402,-1.035554861760254
1004,0,243,8.1,-0.7411003666521216,-1.1494885093683225
1004,0,244,8.133333333333333,-0.7687943113424872,-1.200418068161647
1004,0,245,8.166666666666666,-0.7102485603952521,-1.1759827847965523
1004,0,246,8.2,-0.7102485603952521,-1.0689709098457405
1004,0,247,8.233333333333333,-0.7687943113424872,-0.879208115353485
1004,0,248,8.266666666666667,-0.7942577030215952,-0.6148565081786098
1004,0,249,8.3,-0.9102715220005118,-0.2931388189543302
1004,0,250,8.333333333333334,-1.0262853409794284,0.060078930834279974
1004,0,251,8.366666666666667,-1.097838474093448,0.41285470748843484
1004,0,252,8.4,-0.2694511855408003,0.7318564672265997
1004,0,253,8.433333333333334,0.6413412524615373,0.9879964991421929
1004,0,254,8.466666666666667,0.6774060365424697,1.1613035617860057
1004,0,255,8.5,0.23127037189702873,1.2430847818806896
1004,0,256,8.533333333333333,-0.0076995490284302555,1.2350556764037117
1004,0,257,8.566666666666666,-0.0076995490284302555,1.1467561248783784
1004,0,258,8.6,0.0802193269659608,0.9923256157375291
1004,0,259,8.633333333333333,0.28502920570774554,0.7872489574585763
1004,0,260,8.666666666666666,0.2724980090152682,0.5460287299476376
1004,0,261,8.7,0.08648492531219945,0.28192792148161877
1004,0,262,8.733333333333333,-0.15591854350701048,0.008168101337178596
1004,0,263,8.766666666666667,-0.5039600004437704,-0.26158870296753184
1004,0,264,8.8,-0.8437809923502477,-0.5140222842580053
1004,0,265,8.833333333333334,-1.0101200972461402,-0.7369848822112395
1004,0,266,8.866666666666667,-1.1200688170258981,-0.9197020096106863
1004,0,267,8.9,-1.1150814007422931,-1.0524010270025879
1004,0,268,8.933333333333334,-1.061523066078663,-1.125953217373893
1004,0,269,8.966666666666667,-1.061523066078663,-1.1324805561642206
1004,0,270,9.0,-1.061523066078663,-1.0669658197404943
1004,0,271,9.033333333333333,-1.1207455016472951,-0.9289571356262502
1004,0,272,9.066666666666666,-1.2367593206262084,-0.7237436228437216
1004,0,273,9.1,-1.4113188905523637,-0.46278507201689845
1004,0,274,9.133333333333333,-1.015759135757731,-0.16350170294999622
1004,0,275,9.166666666666666,0.01813977855144636,0.15121404132061034
1004,0,276,9.2,1.2870236932379309,0.45426161674327786
1004,0,277,9.233333333333333,1.9654877445618102,0.7175591616340468
1004,0,278,9.266666666666667,1.7692742667510502,0.916785284254795
1004,0,279,9.3,1.2614851143786359,1.035559349850497
1004,0,280,9.333333333333334,0.7894850597599571,1.0677733906451072
1004,0,281,9.366666666666667,0.4808667476177168,1.0178079976330012
1004,0,282,9.4,0.34357495665498067,0.8987709517844679
1004,0,283,9.433333333333334,0.34357495665498067,0.7292519774798717
1004,0,284,9.466666666666667,0.4473332652686604,0.5295713081973169
1004,0,285,9.5,0.4750773347457919,0.31881887721109586
1004,0,286,9.533333333333333,0.37455207487877645,0.11309260704103052
1004,0,287,9.566666666666666,0.10054492800114954,-0.07554369543595454
1004,0,288,9.6,-0.22985260399261184,-0.23954514529378307
1004,0,289,9.633333333333333,-0.5955379858723503,-0.3755674922941526
1004,0,290,9.666666666666666,-0.8462872316887459,-0.48335321024176564
1004,0,291,9.7,-1.0406460923890068,-0.5641074009653446
1004,0,292,9.733333333333333,-1.061523066078663,-0.6187892461411597
1004,0,293,9.766666666666667,-1.061523066078663,-0.6468318088082602
1004,0,294,9.8,-1.0029773151314278,-0.645746787250689
1004,0,295,9.833333333333334,-1.0029773151314278,-0.6119301992897423
1004,0,296,9.866666666666667,-1.035257677811242,-0.5426524906549202
1004,0,297,9.9,-1.09272574584292,-0.4388458364332023
1004,0,298,9.933333333333334,-1.267285315769075,-0.3073080316484643
1004,0,299,9.966666666666667,-1.1795168141349783,-0.1602588457069691
1004,1,0,10.0,-0.31346074832478826,0.0915094091038196
1004,1,1,10.033333333333333,0.8735693895664605,0.35996884697137776
1004,1,2,10.066666666666666,1.936290056268353,0.6042310640007201
1004,1,3,10.1,2.0504743205301517,0.8064915963904419
1004,1,4,10.133333333333333,1.6540373819670589,0.9557899312540038
1004,1,5,10.166666666666666,1.1314363551041438,1.0494293883127561
1004,1,6,10.2,0.7689338971842938,1.090475945565163
1004,1,7,10.233333333333333,0.5573321098351876,1.0833874237441068
1004,1,8,10.266666666666667,0.49986404180350275,1.030413742868282
1004,1,9,10.3,0.5192122094966861,0.9313517125495341
1004,1,10,10.333333333333334,0.5192122094966861,0.7863745855539364
1004,1,11,10.366666666666667,0.486981971603648,0.5988982629776424
1004,1,12,10.4,0.2984626485620744,0.37651446062469474
1004,1,13,10.433333333333334,-0.021659302143848678,0.12959118377102494
1004,1,14,10.466666666666667,-0.3261924441643289,-0.1314446264560622
1004,1,15,10.5,-0.616765833069404,-0.3979821706151098
1004,1,16,10.533333333333333,-0.8380667666584832,-0.6629556750890939
1004,1,17,10.566666666666666,-0.9540805856373965,-0.9183219593483136
1004,1,18,10.6,-1.0029773151314278,-1.1514445494900507
1004,1,19,10.633333333333333,-1.0029773151314278,-1.3425663622267758
1004,1,20,10.666666666666666,-0.9444315641841927,-1.465076859021972
1004,1,21,10.7,-0.9444315641841927,-1.4893919316897806
1004,1,22,10.733333333333333,-1.0072379220068732,-1.3901593327213437
1004,1,23,10.766666666666667,-1.06788891399844,-1.1553137124746138
1004,1,24,10.8,-1.2371603189203684,-0.7942887553713154
1004,1,25,10.833333333333334,-1.0543301591771947,-0.34190627351350383
1004,1,26,10.866666666666667,-0.12524217400382304,0.14527077697846769
1004,1,27,10.9,0.9763001400513724,0.6022192433193272
1004,1,28,10.933333333333334,1.8547370281937123,0.9737184519277167
1004,1,29,10.966666666666667,1.8723308283499482,1.227084345191068
1004,1,30,11.0,1.414841899501122,1.3549199325027763
1004,1,31,11.033333333333333,0.8922408726382336,1.3703366506826378
1004,1,32,11.066666666666666,0.5387608763369395,1.2981649512951736
1004,1,33,11.1,0.35116886185061547,1.1658321823169404
1004,1,34,11.133333333333333,0.393449119491024,0.9965890930162973
1004,1,35,11.166666666666666,0.4509171875227089,0.8063477466220174
1004,1,36,11.2,0.460666458549451,0.6039295217112678
1004,1,37,11.233333333333333,0.4140253444600652,0.39326886097876307
1004,1,38,11.266666666666667,0.19390234336007472,0.17593302166150876
1004,1,39,11.3,-0.05218529728670866,-0.04745336791116668
1004,1,40,11.333333333333334,-0.3721067488455551,-0.2767415333177176
1004,1,41,11.366666666666667,-0.6778178233551373,-0.511189044769896
1004,1,42,11.4,-0.909845461312964,-0.74721639289444
1004,1,43,11.433333333333334,-1.0029773151314278,-0.9756555609538806
1004,1,44,11.466666666666667,-1.061523066078663,-1.1796252862956915
1004,1,45,11.5,-1.061523066078663,-1.3344128494518706
1004,1,46,11.533333333333333,-1.0245810982292503,-1.4103799301591442
1004,1,47,11.566666666666666,-1.0388416000652902,-1.3792367972690907
1004,1,48,11.6,-1.061523066078663,-1.2225444304057425
1004,1,49,11.633333333333333,-1.1537777361286532,-0.939891285551774
1004,1,50,11.666666666666666,-1.2697915551075734,-0.5536969753791435
1004,1,51,11.7,-1.0478389992904817,-0.10768971038005866
1004,1,52,11.733333333333333,-0.14323697245419906,0.341627151162427
1004,1,53,11.766666666666667,0.988831336743863,0.7386495374055215
1004,1,54,11.8,1.8336344929635948,1.0424609037564285
1004,1,55,11.833333333333334,1.7840360164547753,1.2335458557936931
1004,1,56,11.866666666666667,1.3512836698769173,1.3119141769364555
1004,1,57,11.9,0.8286826430140022,1.2909805511184709
1004,1,58,11.933333333333334,0.4711926637711218,1.1907977622340324
1004,1,59,11.966666666666667,0.28502920570774554,1.032629078954863
1004,1,60,12.0,0.3068836127394204,0.8356034490152039
1004,1,61,12.033333333333333,0.4228974317183403,0.6149827336981527
1004,1,62,12.066666666666666,0.5192122094966861,0.38169145350373174
1004,1,63,12.1,0.42342374197941657,0.14306722788851423
1004,1,64,12.133333333333333,0.1913961040215766,-0.09570865980153005
1004,1,65,12.166666666666666,-0.057097526390159914,-0.3304155672682735
1004,1,66,12.2,-0.40513898332691983,-0.5568900288391355
1004,1,67,12.233333333333333,-0.6660134360708262,-0.7696667947440934
1004,1,68,12.266666666666667,-0.8273400622897225,-0.9600574518756584
1004,1,69,12.3,-0.8858858132369576,-1.1143164715608715
1004,1,70,12.333333333333334,-0.8858858132369576,-1.2131687603489403
1004,1,71,12.366666666666667,-0.875885918276363,-1.2342837579904933
1004,1,72,12.4,-0.8362622743347666,-1.157795897003131
1004,1,73,12.433333333333334,-0.8858858132369576,-0.9733405221900526
1004,1,74,12.466666666666667,-0.9511984103981297,-0.6864434750383528
1004,1,75,12.5,-1.061523066078663,-0.3218288684770021
1004,1,76,12.533333333333333,-0.9753084328344501,0.07861831231129932
1004,1,77,12.566666666666666,-0.21361217307913657,0.46475919453311226
1004,1,78,12.6,0.7755002442511874,0.7911546017759097
1004,1,79,12.633333333333333,1.634338340766498,1.0273983400446356
1004,1,80,12.666666666666666,1.630679231332289,1.1620547301834756
1004,1,81,12.7,1.2248689576432228,1.2000649779805055
1004,1,82,12.733333333333333,0.7022679307803343,1.1560471869432496
1004,1,83,12.766666666666667,0.29382610578585355,1.0478216122334538
1004,1,84,12.8,0.11340193580762639,0.8924439116272928
1004,1,85,12.833333333333334,0.16285003795613187,0.7045575648898066
1004,1,86,12.866666666666667,0.38362466128413486,0.49623675922897675
1004,1,87,12.9,0.460666458549451,0.27719756243457694
1004,1,88,12.933333333333334,0.30167063491534746,0.054793843232816414
1004,1,89,12.966666666666667,0.02049564352962368,-0.16607993824494494
1004,1,90,13.0,-0.2690000624598811,-0.38269010308473234
1004,1,91,13.033333333333333,-0.6170415193966411,-0.5930800387883896
1004,1,92,13.066666666666666,-0.8147086160237135,-0.793647006863658
1004,1,93,13.1,-0.9307224350026267,-0.976523026655561
1004,1,94,13.133333333333333,-0.9444315641841927,-1.1277599243164922
1004,1,95,13.166666666666666,-0.9444315641841927,-1.2272904954645276
1004,1,96,13.2,-0.9028279911651812,-1.251489757244543
1004,1,97,13.233333333333333,-0.8858858132369576,-1.1787578003970383
1004,1,98,13.266666666666667,-0.9444315641841927,-0.9969629237629962
1004,1,99,13.3,-1.0029773151314278,-0.7101101264324273
1004,1,100,13.333333333333334,-0.6994216064529397,-0.34159560378987297
1004,1,101,13.366666666666667,0.20114537504831873,0.06806829825603554
1004,1,102,13.4,1.3038154968058338,0.46926937033436816
1004,1,103,13.433333333333334,1.9338840665033865,0.8151924611244051
1004,1,104,13.466666666666667,1.825363903146563,1.0732484891566927
1004,1,105,13.5,1.3549678417044908,1.2300570899982088
1004,1,106,13.533333333333333,0.8642712416206143,1.2889039121986627
1004,1,107,13.566666666666666,0.5182598385480587,1.2636189096159187
1004,1,108,13.6,0.4021207076022158,1.171972325332176
1004,1,109,13.633333333333333,0.42971440271904643,1.0301352553428746
1004,1,110,13.666666666666666,0.4871824707507246,0.8494993130288574
1004,1,111,13.7,0.5192122094966861,0.6367502466346902
1004,1,112,13.733333333333333,0.436305812179278,0.39635783725852863
1004,1,113,13.766666666666667,0.21518031534389756,0.13317279326949835
1004,1,114,13.8,-0.07431539064562723,-0.14610126745212465
1004,1,115,13.833333333333334,-0.4223568475823672,-0.432452422420048
1004,1,116,13.866666666666667,-0.7302984751032104,-0.7145650333113854
1004,1,117,13.9,-0.9048580450293655,-0.9784984614069997
1004,1,118,13.933333333333334,-0.9623261130610438,-1.2069262059096335
1004,1,119,13.966666666666667,-1.0029773151314278,-1.3785638803884352
1004,1,120,14.0,-0.9872381320856775,-1.4689301064869422
1004,1,121,14.033333333333333,-0.9444315641841927,-1.453772606587128
1004,1,122,14.066666666666666,-1.0029773151314278,-1.315189949608451
1004,1,123,14.1,-1.0740292003777556,-1.0490096681233019
1004,1,124,14.133333333333333,-1.155757665206062,-0.6709664722597256
1004,1,125,14.166666666666666,-0.6170916441833836,-0.21864129203950144
1004,1,126,14.2,0.4455788977317663,0.25319950648094747
1004,1,127,14.233333333333333,1.6889492959523005,0.6848843051394793
1004,1,128,14.266666666666667,2.2170389869665055,1.0275690321085706
1004,1,129,14.3,2.0172415869016906,1.2538524758177783
1004,1,130,14.333333333333334,1.553186310986037,1.359624646347815
1004,1,131,14.366666666666667,1.1515614569922625,1.3591138802710596
1004,1,132,14.4,0.867679727120984,1.276295514655217
1004,1,133,14.433333333333334,0.751665908142064,1.1362430643388755
1004,1,134,14.466666666666667,0.6948494623383916,0.9591226410803783
1004,1,135,14.5,0.6948494623383916,0.7581971477394384
1004,1,136,14.533333333333333,0.6378074549942513,0.5411792547976026
1004,1,137,14.566666666666666,0.5217936360153314,0.31254938717679903
1004,1,138,14.6,0.23746078306311694,0.07531924363118593
1004,1,139,14.633333333333333,-0.05677171527616035,-0.1680450407354298
1004,1,140,14.666666666666666,-0.40007637986316774,-0.4151112092084224
1004,1,141,14.7,-0.6895720858526726,-0.6624339349011295
1004,1,142,14.733333333333333,-0.8779159721405474,-0.9035785345794966
1004,1,143,14.766666666666667,-0.9939297911194673,-1.1265644355703808
1004,1,144,14.8,-1.0029773151314278,-1.3119659289814103
1004,1,145,14.833333333333334,-1.0029773151314278,-1.4335318230492577
1004,1,146,14.866666666666667,-1.0029773151314278,-1.4621156998628309
1004,1,147,14.9,-1.0481648104044878,-1.3723661551171609
1004,1,148,14.933333333333334,-1.1056328784361726,-1.1508721044830152
1004,1,149,14.966666666666667,-1.2646788268570388,-0.8038071529773884
1004,1,150,15.0,-1.1278882837619941,-0.3611786299897484
1004,1,151,15.033333333333333,-0.24293517333949669,0.12559132269175607
1004,1,152,15.066666666666666,0.9570020971449316,0.5936237641440207
1004,1,153,15.1,1.9810013660670927,0.9841609264395439
1004,1,154,15.133333333333333,2.1417515572381167,1.2579352168223026
1004,1,155,15.166666666666666,1.4853173496996044,1.40175745420141
1004,1,156,15.2,1.0212620737839246,1.4246734069447018
1004,1,157,15.233333333333333,0.7431196319977884,1.3491956164531582
1004,1,158,15.266666666666667,0.6363037113911564,1.2022713598561106
1004,1,159,15.3,0.5777579604439212,1.0087160904217856
1004,1,160,15.333333333333334,0.5777579604439212,0.7880757373860632
1004,1,161,15.366666666666667,0.5777579604439212,0.554123444119871
1004,1,162,15.4,0.4316442070096792,0.3158848657091439
1004,1,163,15.433333333333334,0.2011954998351012,0.07914516358943857
1004,1,164,15.466666666666667,-0.08830020615442358,-0.15226589506680321
1004,1,165,15.5,-0.4105524602980694,-0.37563169784733774
1004,1,166,15.533333333333333,-0.7349600802728092,-0.5886569913698996
1004,1,167,15.566666666666666,-0.8509738992517292,-0.788267943781349
1004,1,168,15.6,-0.8858858132369576,-0.9688073535174979
1004,1,169,15.633333333333333,-0.8858858132369576,-1.1201894798484444
1004,1,170,15.666666666666666,-0.8858858132369576,-1.227004229284601
1004,1,171,15.7,-0.8858858132369576,-1.2697634116792256
1004,1,172,15.733333333333333,-0.9444315641841927,-1.2286891019925636
1004,1,173,15.766666666666667,-1.0201450546001194,-1.0894688589753565
1004,1,174,15.8,-1.1947046245262745,-0.8495140743414881
1004,1,175,15.833333333333334,-1.0450069488379774,-0.5225648068174944
1004,1,176,15.866666666666667,-0.2335618382135366,-0.1394611798248719
1004,1,177,15.9,0.9405110422976304,0.2566446722906255
1004,1,178,15.933333333333334,1.9011024559558742,0.6199066043575183
1004,1,179,15.966666666666667,1.9614526992268126,0.9130631768256857
1004,1,180,16.0,1.583461682195058,1.1158294594894842
1004,1,181,16.033333333333335,1.0704846143919622,1.2254305952937297
1004,1,182,16.066666666666666,0.6799122758809545,1.2501261879663632
1004,1,183,16.1,0.460666458549451,1.202106897854957
1004,1,184,16.133333333333333,0.460666458549451,1.0932448956684382
1004,1,185,16.166666666666668,0.5192122094966861,0.933498904638485
1004,1,186,16.2,0.5777579604439212,0.7311819778340852
1004,1,187,16.233333333333334,0.515051852194779,0.4940471919092224
1004,1,188,16.266666666666666,0.2820217185015358,0.23036279867925902
1004,1,189,16.3,-0.007549174668122764,-0.05043018859633927
1004,1,190,16.333333333333332,-0.2969696934774938,-0.3375382778062227
1004,1,191,16.366666666666667,-0.5886959524782597,-0.6188536485130315
1004,1,192,16.4,-0.7654860754156758,-0.8806789506372412
1004,1,193,16.433333333333334,-0.8273400622897225,-1.1065256207809033
1004,1,194,16.466666666666665,-0.8273400622897225,-1.275882812335035
1004,1,195,16.5,-0.8273400622897225,-1.3651492892839612
1004,1,196,16.533333333333335,-0.8273400622897225,-1.3517039859996132
1004,1,197,16.566666666666666,-0.8273400622897225,-1.220523063756418
1004,1,198,16.6,-0.8858858132369576,-0.9712790255210524
1004,1,199,16.633333333333333,-0.47177988733746146,-0.6227374103985159
1004,1,200,16.666666666666668,0.31861281284357773,-0.21222438797422488
1004,1,201,16.7,1.247801047590488,0.2106036024391591
1004,1,202,16.733333333333334,1.6174964124118194,0.5944386543071145
1004,1,203,16.766666666666666,1.3843409667516533,0.8983005031123782
1004,1,204,16.8,0.8931431188000719,1.100596530394516
1004,1,205,16.833333333333332,0.3955292981419776,1.2007844584252294
1004,1,206,16.866666666666667,0.02909204446066837,1.213577307138163
1004,1,207,16.9,-0.0076995490284302555,1.160003620231489
1004,1,208,16.933333333333334,0.12683537866196196,1.059303657398821
1004,1,209,16.966666666666665,0.3588630166198019,0.9244549740479144
1004,1,210,17.0,0.4021207076022158,0.7620164792180879
1004,1,211,17.033333333333335,0.21550612645790376,0.5748683257407664
1004,1,212,17.066666666666666,-0.07506726244717134,0.36565780907340406
1004,1,213,17.1,-0.4308529989398869,0.13856545033797318
1004,1,214,17.133333333333333,-0.7462882820828066,-0.10097246288710814
1004,1,215,17.166666666666668,-0.9748823721469057,-0.3469058188952813
1004,1,216,17.2,-1.061523066078663,-0.5924956884463103
1004,1,217,17.233333333333334,-1.061523066078663,-0.8293690580959343
1004,1,218,17.266666666666666,-1.0029773151314278,-1.0459994648900266
1004,1,219,17.3,-1.0029773151314278,-1.2263188973206232
1004,1,220,17.333333333333332,-1.0029773151314278,-1.3494571422272728
1004,1,221,17.366666666666667,-1.061523066078663,-1.3916552793315733
1004,1,222,17.4,-1.1429758445797387,-1.3307640764993902
1004,1,223,17.433333333333334,-1.2589896635586588,-1.152886926327831
1004,1,224,17.466666666666665,-1.3750034825375788,-0.8594386972148347
1004,1,225,17.5,-1.43199536509493,-0.47184141269605
1004,1,226,17.533333333333335,-0.7584686052677999,-0.031200691510118155
1004,1,227,17.566666666666666,0.49525256142065316,0.40894392441977717
1004,1,228,17.6,1.838095598986117,0.7951361408425391
1004,1,229,17.633333333333333,2.377312992663236,1.086767895990425
1004,1,230,17.666666666666668,2.101350979101572,1.264374222417813
1004,1,231,17.7,1.5655420709247825,1.329980593841837
1004,1,232,17.733333333333334,1.056148925375795,1.3005228221426337
1004,1,233,17.766666666666666,0.7312901823201061,1.1995202565731056
1004,1,234,17.8,0.6363037113911564,1.0502874420088297
1004,1,235,17.833333333333332,0.6452008610428162,0.8714149274873146
1004,1,236,17.866666666666667,0.6948494623383916,0.6746697597590611
1004,1,237,17.9,0.5710161766233622,0.46505716750578346
1004,1,238,17.933333333333334,0.33224675484498994,0.24265515354453815
1004,1,239,17.966666666666665,0.04167336593991482,0.00581386866953763
1004,1,240,18.0,-0.252408758039055,-0.24532654552826497
1004,1,241,18.033333333333335,-0.5394734118702353,-0.506510546990203
1004,1,242,18.066666666666666,-0.7701476805852813,-0.7683884095732119
1004,1,243,18.1,-0.8273400622897225,-1.01575745806094
1004,1,244,18.133333333333333,-0.8273400622897225,-1.2270687158194766
1004,1,245,18.166666666666668,-0.8273400622897225,-1.3754552002581817
1004,1,246,18.2,-0.8273400622897225,-1.4322235724278536
1004,1,247,18.233333333333334,-0.8273400622897225,-1.373092211847658
1004,1,248,18.266666666666666,-0.8807730849864362,-1.1859127677109946
1004,1,249,18.3,-0.9382411530181078,-0.8771799305864821
1004,1,250,18.333333333333332,-0.6807751857745579,-0.4747195312612521
1004,1,251,18.366666666666667,0.10951726483297627,-0.02455756093350275
1004,1,252,18.4,1.136950081648885,0.4180907180039613
1004,1,253,18.433333333333334,1.8237599099699497,0.8016763958986354
1004,1,254,18.466666666666665,1.818797556079696,1.0903874418830624
1004,1,255,18.5,1.4480245083428143,1.2691166085698593
1004,1,256,18.533333333333335,1.087326542746654,1.3404477571022115
1004,1,257,18.566666666666666,0.8415647132138636,1.3182845581993863
1004,1,258,18.6,0.6680828262032589,1.2215941172757367
1004,1,259,18.633333333333333,0.5947252007655228,1.0697743905683752
1004,1,260,18.666666666666668,0.5192122094966861,0.8800483513221082
1004,1,261,18.7,0.460666458549451,0.6662802923123798
1004,1,262,18.733333333333334,0.3254297838442772,0.43865703635601866
1004,1,263,18.766666666666666,0.15194789683367238,0.20395238107110264
1004,1,264,18.8,-0.08007974112416757,-0.03385926825024592
1004,1,265,18.833333333333332,-0.37065313002924266,-0.2727758451625524
1004,1,266,18.866666666666667,-0.602680767987056,-0.5115150463117436
1004,1,267,18.9,-0.7432056076964565,-0.7473957217553896
1004,1,268,18.933333333333334,-0.8006736757281413,-0.9736339085685042
1004,1,269,18.966666666666665,-0.8273400622897225,-1.177078462485074
1004,1,270,19.0,-0.8273400622897225,-1.3374720675194063
1004,1,271,19.033333333333335,-0.8273400622897225,-1.4291552444623308
1004,1,272,19.066666666666666,-0.8858858132369576,-1.4255726820064516
1004,1,273,19.1,-0.9444315641841927,-1.3061952741342862
1004,1,274,19.133333333333333,-1.0283905820237667,-1.0641986817872437
1004,1,275,19.166666666666668,-1.1444044010026866,-0.7121718487215734
1004,1,276,19.2,-0.8866878098252375,-0.28337883247443324
1004,1,277,19.233333333333334,-0.12298655859921066,0.1731321796254974
1004,1,278,19.266666666666666,0.8051239932321491,0.6027533036303641
1004,1,279,19.3,1.437448178334361,0.957574423437089
1004,1,280,19.333333333333332,1.4180498858544017,1.2062872099708595
1004,1,281,19.366666666666667,1.0510612595186184,1.337121592365076
1004,1,282,19.4,0.7198116061497812,1.3541295414264771
1004,1,283,19.433333333333334,0.503498088844327,1.271831643447216
1004,1,284,19.466666666666665,0.387484269865407,1.1108292064258511
1004,1,285,19.5,0.3300162018337222,0.8939930103672119
1004,1,286,19.533333333333335,0.28502920570774554,0.643475745321406
1004,1,287,19.566666666666666,0.27362581671758773,0.37953241526732184
1004,1,288,19.6,0.15761199773868106,0.12065784813038655
1004,1,289,19.633333333333333,-0.0076995490284302555,-0.11672737155349314
1004,1,290,19.666666666666668,-0.14930207165338102,-0.3195361614319967
1004,1,291,19.7,-0.4246124629870195,-0.47928097695580185
1004,1,292,19.733333333333334,-0.5991720329131747,-0.5924903576293092
1004,1,293,19.766666666666666,-0.7151858518920946,-0.6597353333770839
1004,1,294,19.8,-0.7726539199237661,-0.6836666892885448
1004,1,295,19.833333333333332,-0.8273400622897225,-0.6673281707176826
1004,1,296,19.866666666666667,-0.8273400622897225,-0.6136828365092796
1004,1,297,19.9,-0.8858858132369576,-0.5267354273822782
1004,1,298,19.933333333333334,-0.8858858132369576,-0.41332135218513716
1004,1,299,19.966666666666665,-1.001448509134955,-0.28356316027335315
1004,2,0,20.0,-1.061523066078663,0.024623340884329898
1004,2,1,20.033333333333335,-1.229791975265195,0.23906819704568164
1004,2,2,20.066666666666666,-1.3494899660717017,0.4541567268573745
1004,2,3,20.1,-1.0848812167134128,0.6656947105528701
1004,2,4,20.133333333333333,-0.1870460360910405,0.86317233479066
1004,2,5,20.166666666666668,0.8490834312293181,1.0315800475200296
1004,2,6,20.2,1.5458179673308636,1.1552096853792209
1004,2,7,20.233333333333334,1.534790514241488,1.221059759879516
1004,2,8,20.266666666666666,1.138353575678395,1.220838413480007
1004,2,9,20.3,0.6855262519991674,1.152097926803803
1004,2,10,20.333333333333332,0.42888734373732196,1.0187167190140995
1004,2,11,20.366666666666667,0.29949020669086224,0.8305013566436653
1004,2,12,20.4,0.28502920570774554,0.6017953598551111
1004,2,13,20.433333333333334,0.34357495665498067,0.3491525456649786
1004,2,14,20.466666666666665,0.4021207076022158,0.08870645280989703
1004,2,15,20.5,0.30380093835306354,-0.16565772013627464
1004,2,16,20.533333333333335,0.09054503304054164,-0.4030812065472715
1004,2,17,20.566666666666666,-0.12055550644083968,-0.6160706681394534
1004,2,18,20.6,-0.41005121243036446,-0.8004157869733609
1004,2,19,20.633333333333333,-0.6286203451404843,-0.9540963236212973
1004,2,20,20.666666666666668,-0.7446341641194042,-1.075169786382204
1004,2,21,20.7,-0.8273400622897225,-1.1592790216733957
1004,2,22,20.733333333333334,-0.8273400622897225,-1.1979290397147748
1004,2,23,20.766666666666666,-0.8273400622897225,-1.1789483863149612
1004,2,24,20.8,-0.8273400622897225,-1.0894754714077142
1004,2,25,20.833333333333332,-0.8273400622897225,-0.9206074544522639
1004,2,26,20.866666666666667,-0.9138053194677944,-0.6721771647870876
1004,2,27,20.9,-0.9981152108147657,-0.35572440819459883
1004,2,28,20.933333333333334,-1.145832957425621,0.005437755511920394
1004,2,29,20.966666666666665,-1.1631009464678508,0.3791230362926756
1004,2,30,21.0,-0.5213783638462745,0.7292820124338276
1004,2,31,21.033333333333335,0.4517943712912291,1.0215037472595956
1004,2,32,21.066666666666666,1.4090274242358725,1.2280189454471147
1004,2,33,21.1,1.6493757767974735,1.3319143893421537
1004,2,34,21.133333333333333,1.3202063020795831,1.3296131799519022
1004,2,35,21.166666666666668,0.7976052752166681,1.2301381798994648
1004,2,36,21.2,0.33354999930098816,1.0514110056016435
1004,2,37,21.233333333333334,0.0508462019188049,0.8155354361005348
1004,2,38,21.266666666666666,0.06583351316301114,0.544569451210773
1004,2,39,21.3,0.2543027114177956,0.2575809099053453
1004,2,40,21.333333333333332,0.4149526530153081,-0.03071400802180582
1004,2,41,21.366666666666667,0.448912196051909,-0.3098906799037221
1004,2,42,21.4,0.2636760465437623,-0.5726154681774012
1004,2,43,21.433333333333334,-0.03649623902775409,-0.8126339937121986
1004,2,44,21.466666666666665,-0.37601648221362305,-1.0224898609913944
1004,2,45,21.5,-0.6665898711186715,-1.191667631747391
1004,2,46,21.533333333333335,-0.8337059102094994,-1.3058001518340083
1004,2,47,21.566666666666666,-0.8858858132369576,-1.3474259389238434
1004,2,48,21.6,-0.8816753311482812,-1.2987462229094038
1004,2,49,21.633333333333333,-0.8273400622897225,-1.1466217207346896
1004,2,50,21.666666666666668,-0.7667391950849249,-0.8886842001028541
1004,2,51,21.7,-0.5287467075014746,-0.5381943245290225
1004,2,52,21.733333333333334,0.16733620637204524,-0.1254502645324099
1004,2,53,21.766666666666666,1.0952462590563283,0.30580798718203395
1004,2,54,21.8,1.6833603822274723,0.7066980802824411
1004,2,55,21.833333333333332,1.6382480741345327,1.0339815535886205
1004,2,56,21.866666666666667,1.1808593948592847,1.2596251208898956
1004,2,57,21.9,0.6637470321476729,1.374636072969821
1004,2,58,21.933333333333334,0.3047282469083064,1.3863901510557641
1004,2,59,21.966666666666665,0.06613426188361281,1.312473609139555
1004,2,60,22.0,0.10067023996808576,1.1739298508239522
1004,2,61,22.033333333333335,0.26543041408073625,0.9900344745508791
1004,2,62,22.066666666666666,0.39124362887314756,0.7756779688472732
1004,2,63,22.1,0.3555297182995993,0.5412925861039357
1004,2,64,22.133333333333333,0.08994353559931167,0.294353518267738
1004,2,65,22.166666666666668,-0.19955217039021309,0.040886730737362195
1004,2,66,22.2,-0.547593627326973,-0.21371022881454158
1004,2,67,22.233333333333334,-0.8533548266232911,-0.46421471356150945
1004,2,68,22.266666666666666,-1.0441798898562795,-0.705122623643549
1004,2,69,22.3,-1.1016479578879643,-0.9299218086486203
1004,2,70,22.333333333333332,-1.061523066078663,-1.1299818180946046
1004,2,71,22.366666666666667,-1.061523066078663,-1.2931832523825795
1004,2,72,22.4,-1.061523066078663,-1.403026602566661
1004,2,73,22.433333333333334,-1.061523066078663,-1.4394168120046225
1004,2,74,22.466666666666665,-1.1200688170258981,-1.3818222121172334
1004,2,75,22.5,-1.2122733622891193,-1.2147544154295986
1004,2,76,22.533333333333335,-1.3282871812680392,-0.9343525503124792
1004,2,77,22.566666666666666,-1.4443010002469592,-0.5538221387059195
1004,2,78,22.6,-1.5884348246037794,-0.10547842445997233
1004,2,79,22.633333333333333,-1.2659068841329097,0.36240117392024246
1004,2,80,22.666666666666668,-0.10654562853864542,0.7942190835912504
1004,2,81,22.7,1.399629026716521,1.1397698768185
1004,2,82,22.733333333333334,2.4971362954366922,1.366592444385612
1004,2,83,22.766666666666666,2.5767845816140116,1.4653732934142267
1004,2,84,22.8,2.155786497533709,1.4470771289975612
1004,2,85,22.833333333333332,1.5985993677995651,1.3359293698084556
1004,2,86,22.866666666666667,1.2148941250760261,1.161551183988474
1004,2,87,22.9,1.0046707693630919,0.951993126762413
1004,2,88,22.933333333333334,0.9093835497135272,0.7288695599394195
1004,2,89,22.966666666666665,0.8119409642328619,0.5051987460585456
1004,2,90,23.0,0.7944474136501708,0.28580638769001077
1004,2,91,23.033333333333335,0.6784335946712509,0.0695416741681648
1004,2,92,23.066666666666666,0.48853583999350536,-0.14763377291933644
1004,2,93,23.1,0.18370194925239017,-0.36962624273482775
1004,2,94,23.133333333333333,-0.10579375673713459,-0.5976335639752469
1004,2,95,23.166666666666668,-0.4417300776689285,-0.8278521470441335
1004,2,96,23.2,-0.6627302625373926,-1.0496401087190792
1004,2,97,23.233333333333334,-0.7687943113424872,-1.2447070644178826
1004,2,98,23.266666666666666,-0.8273400622897225,-1.388121625656473
1004,2,99,23.3,-0.8273400622897225,-1.451941226528383
1004,2,100,23.333333333333332,-0.8273400622897225,-1.4111939263519677
1004,2,101,23.366666666666667,-0.8329791008013332,-1.2507888178581081
1004,2,102,23.4,-0.890447168833018,-0.9714895385421681
1004,2,103,23.433333333333334,-1.006460987811938,-0.5929168948086915
1004,2,104,23.466666666666665,-1.1176628272609384,-0.15227088498856492
1004,2,105,23.5,-0.7594961633966211,0.3015423765072031
1004,2,106,23.533333333333335,0.11164756827077223,0.7173374255749092
1004,2,107,23.566666666666666,1.1557719390809322,1.0523013587533432
1004,2,108,23.6,1.7429587536968598,1.2805012410196088
1004,2,109,23.633333333333333,1.6375463271197643,1.3954378614761391
1004,2,110,23.666666666666668,1.2924872949958097,1.4064048912799358
1004,2,111,23.7,0.9393080474151438,1.3319527271434042
1004,2,112,23.733333333333334,0.6487346585100954,1.1933071976334018
1004,2,113,23.766666666666666,0.5265053659717059,1.0095409174674899
1004,2,114,23.8,0.460666458549451,0.7953365173762811
1004,2,115,23.833333333333332,0.4021207076022158,0.5611817108535578
1004,2,116,23.866666666666667,0.35410116187665147,0.31492148264545816
1004,2,117,23.9,0.29663309384496667,0.06300667213222957
1004,2,118,23.933333333333334,0.07620934402437446,-0.18911418103644748
1004,2,119,23.966666666666665,-0.09727254298623034,-0.4367988776090367
1004,2,120,24.0,-0.32930018094407026,-0.6755551530612363
1004,2,121,24.033333333333335,-0.5613278189019102,-0.8995070867823592
1004,2,122,24.066666666666666,-0.693256257680266,-1.099278503271527
1004,2,123,24.1,-0.7687943113424872,-1.2602888283733444
1004,2,124,24.133333333333333,-0.7687943113424872,-1.3626609023234435
1004,2,125,24.166666666666668,-0.7687943113424872,-1.383849616761631
1004,2,126,24.2,-0.7687943113424872,-1.303866933674479
1004,2,127,24.233333333333334,-0.8273400622897225,-1.111667986783841
1004,2,128,24.266666666666666,-0.8858858132369576,-0.8107629329353168
1004,2,129,24.3,-0.9784412320075628,-0.4219386252295804
1004,2,130,24.333333333333332,-0.9956590962630235,0.018091855385725893
1004,2,131,24.366666666666667,-0.5191227484416354,0.4621201563311052
1004,2,132,24.4,0.29705915453255777,0.8609599008280712
1004,2,133,24.433333333333334,1.1657718340415801,1.1731310729126754
1004,2,134,24.466666666666665,1.4559442246524485,1.3726725862166163
1004,2,135,24.5,1.2562220117678138,1.4514673832401233
1004,2,136,24.533333333333335,0.7229193429295226,1.4161008051977566
1004,2,137,24.566666666666666,0.34357495665498067,1.28280734109691
1004,2,138,24.6,0.34357495665498067,1.0728847529019314
1004,2,139,24.633333333333333,0.34357495665498067,0.8092543018593974
1004,2,140,24.666666666666668,0.32141980090269084,0.5141556775123536
1004,2,141,24.7,0.18432850908703136,0.2074427514786628
1004,2,142,24.733333333333334,-0.02769933894961943,-0.09473104700100689
1004,2,143,24.766666666666666,-0.2211810158814134,-0.3805905540105553
1004,2,144,24.8,-0.45320865383925335,-0.6423081236753991
1004,2,145,24.833333333333332,-0.6266905408498582,-0.8739097217099766
1004,2,146,24.866666666666667,-0.7259376186542267,-1.0681161561620318
1004,2,147,24.9,-0.7687943113424872,-1.2137969734171987
1004,2,148,24.933333333333334,-0.7687943113424872,-1.2953725646247476
1004,2,149,24.966666666666665,-0.8273400622897225,-1.2948624201022152
1004,2,150,25.0,-0.8273400622897225,-1.196436174783673
1004,2,151,25.033333333333335,-0.8858858132369576,-0.9924373805419744
1004,2,152,25.066666666666666,-1.0122002758970872,-0.6889418262987352
1004,2,153,25.1,-1.1200688170258981,-0.30833781118859405
1004,2,154,25.133333333333333,-0.9605717455240764,0.11227294362161977
1004,2,155,25.166666666666668,-0.19396325666530492,0.5264943377061141
1004,2,156,25.2,0.7390595242695128,0.8869132879181502
1004,2,157,25.233333333333334,1.518324521787578,1.154740173663501
1004,2,158,25.266666666666666,1.5089762490549958,1.3078496609263912
1004,2,159,25.3,1.1564987484890983,1.343309092022231
1004,2,160,25.333333333333332,0.7515907209618969,1.2739225833453605
1004,2,161,25.366666666666667,0.40354926402513697,1.121806406245391
1004,2,162,25.4,0.2865830740976029,0.9118188090166575
1004,2,163,25.433333333333334,0.34094340534955964,0.6668700325761969
1004,2,164,25.466666666666665,0.39841147338124444,0.4056910515940679
1004,2,165,25.5,0.5144252923601644,0.14222728963625134
1004,2,166,25.533333333333335,0.460666458549451,-0.11415541395653638
1004,2,167,25.566666666666666,0.24036802069575508,-0.358162942355422
1004,2,168,25.6,0.0003204168547424305,-0.587512620125342
1004,2,169,25.633333333333333,-0.28223300616713337,-0.8004333421124128
1004,2,170,25.666666666666668,-0.5728063950722084,-0.9921843809202324
1004,2,171,25.7,-0.6989955457654151,-1.1523841796389969
1004,2,172,25.733333333333334,-0.7687943113424872,-1.2644134667939695
1004,2,173,25.766666666666666,-0.7687943113424872,-1.307361236753129
1004,2,174,25.8,-0.7102485603952521,-1.260324794088916
1004,2,175,25.833333333333332,-0.7102485603952521,-1.1081955081993962
1004,2,176,25.866666666666667,-0.7521528821348853,-0.8476195454535402
1004,2,177,25.9,-0.8681667011138052,-0.49152478732104576
1004,2,178,25.933333333333334,-0.9444315641841927,-0.07040961075495386
1004,2,179,25.966666666666665,-0.5953124243318292,0.371249671029086
1004,2,180,26.0,0.1969098305662645,0.7831715049236301
1004,2,181,26.033333333333335,1.1626139724750428,1.1197160317930546
1004,2,182,26.066666666666666,1.667019701740472,1.3491893773954486
1004,2,183,26.1,1.5284998535018512,1.4581058487962677
1004,2,184,26.133333333333333,1.0886297872026391,1.4497686270495445
1004,2,185,26.166666666666668,0.656779686786666,1.3398076984009533
1004,2,186,26.2,0.3398657224340093,1.1507742149182993
1004,2,187,26.233333333333334,0.22648345476051035,0.9068924177797608
1004,2,188,26.266666666666666,0.31400133246074813,0.6300692771742099
1004,2,189,26.3,0.43001515143966806,0.3381554655886995
1004,2,190,26.333333333333332,0.460666458549451,0.045038665425788896
1004,2,191,26.366666666666667,0.3506425515895392,-0.2390542445158025
1004,2,192,26.4,0.09395351854091133,-0.5073173057455312
1004,2,193,26.433333333333334,-0.19554218744861343,-0.7550505066365036
1004,2,194,26.466666666666665,-0.5210776151256861,-0.9772279011172542
1004,2,195,26.5,-0.753105253083526,-1.166097464931423
1004,2,196,26.533333333333335,-0.8858858132369576,-1.3096961040512396
1004,2,197,26.566666666666666,-0.9444315641841927,-1.391741315861971
1004,2,198,26.6,-0.9444315641841927,-1.3933549305238964
1004,2,199,26.633333333333333,-0.8858858132369576,-1.2969383121710014
1004,2,200,26.666666666666668,-0.8858858132369576,-1.0917654621248947
1004,2,201,26.7,-0.9593938130350144,-0.780061853222201
1004,2,202,26.733333333333334,-1.061523066078663,-0.38147941683452974
1004,2,203,26.766666666666666,-1.0102955339998323,0.06660453310494649
1004,2,204,26.8,-0.2651404538785823,0.5142821123213401
1004,2,205,26.833333333333332,0.8013646342244619,0.9094668489315896
1004,2,206,26.866666666666667,1.8455140674280863,1.2101167233306946
1004,2,207,26.9,2.0829551823570225,1.3926811544504518
1004,2,208,26.933333333333334,1.7189991056208536,1.4540919147154987
1004,2,209,26.966666666666665,1.2549438297051736,1.408066419734108
1004,2,210,27.0,0.9132431582948061,1.2779650770605326
1004,2,211,27.033333333333335,0.6906640426430999,1.089375927426252
1004,2,212,27.066666666666666,0.5777579604439212,0.8646017044837374
1004,2,213,27.1,0.5777579604439212,0.6198805527065211
1004,2,214,27.133333333333333,0.5777579604439212,0.3652167993487543
1004,2,215,27.166666666666668,0.519337521463609,0.10590990889443472
1004,2,216,27.2,0.34598094641992716,-0.1551835487991931
1004,2,217,27.233333333333334,0.11395330846208719,-0.41544824081222365
1004,2,218,27.266666666666666,-0.173261719729414,-0.6706886395703451
1004,2,219,27.3,-0.521303176666134,-0.9135516524747108
1004,2,220,27.333333333333332,-0.7047348338505642,-1.132220860590931
1004,2,221,27.366666666666667,-0.8792944037767193,-1.309655874607825
1004,2,222,27.4,-0.8858858132369576,-1.4240624356308242
1004,2,223,27.433333333333334,-0.8858858132369576,-1.4515190216842497
1004,2,224,27.466666666666665,-0.8858858132369576,-1.3709159133904691
1004,2,225,27.5,-0.8858858132369576,-1.1704238034431886
1004,2,226,27.533333333333335,-0.9444315641841927,-0.8538145368176314
1004,2,227,27.566666666666666,-1.0484655591251095,-0.44429125434882416
1004,2,228,27.6,-1.0756582559477668,0.016318266105515473
1004,2,229,27.633333333333333,-0.4221312860418394,0.47445420315453724
1004,2,230,27.666666666666668,0.6490354072306838,0.8763771048692992
1004,2,231,27.7,1.7268185723569496,1.1802261888333943
1004,2,232,27.733333333333334,1.9796479968242853,1.3644233022047407
1004,2,233,27.766666666666666,1.592584393387159,1.4290475150667765
1004,2,234,27.8,1.128529117471479,1.3904788560741492
1004,2,235,27.833333333333332,0.8552989047888009,1.2731342263287349
1004,2,236,27.866666666666667,0.6590603645846895,1.1017159356184933
1004,2,237,27.9,0.5777579604439212,0.8962834656888429
1004,2,238,27.933333333333334,0.5777579604439212,0.6706946500673471
1004,2,239,27.966666666666665,0.5192122094966861,0.4332569325789672
1004,2,240,28.0,0.42918809245795025,0.18841841507605164
1004,2,241,28.033333333333335,0.22422783935584475,-0.061345830697127915
1004,2,242,28.066666666666666,-0.03702254928881699,-0.3138731168040687
1004,2,243,28.1,-0.3266185048518801,-0.5658442869156081
1004,2,244,28.133333333333333,-0.6474923273593539,-0.8114169333063344
1004,2,245,28.166666666666668,-0.8534300138034582,-1.040926589190756
1004,2,246,28.2,-0.9444315641841927,-1.239842296047648
1004,2,247,28.233333333333334,-1.0029773151314278,-1.3883992093826443
1004,2,248,28.266666666666666,-1.0029773151314278,-1.4627599454262121
1004,2,249,28.3,-1.0029773151314278,-1.4387402818000885
1004,2,250,28.333333333333332,-1.0029773151314278,-1.297976895250357
1004,2,251,28.366666666666667,-1.0811469200990835,-1.0351225637160915
1004,2,252,28.4,-1.1571611592356383,-0.6637547846956967
1004,2,253,28.433333333333334,-1.219691830731062,-0.21818238524676783
1004,2,254,28.466666666666665,-0.6962136200996732,0.25079440582143814
1004,2,255,28.5,0.3210689273953333,0.686710239021641
1004,2,256,28.533333333333335,1.4970465498038017,1.041333238678277
1004,2,257,28.566666666666666,2.0414017341248,1.2847077271337106
1004,2,258,28.6,1.8295242604484303,1.4081523964217697
1004,2,259,28.633333333333333,1.3533889109212487,1.4213354918010521
1004,2,260,28.666666666666668,0.9578040937332448,1.3456437065991154
1004,2,261,28.7,0.6771554126086106,1.2065871048183525
1004,2,262,28.733333333333334,0.5192122094966861,1.0274726239554721
1004,2,263,28.766666666666666,0.460666458549451,0.8257161028671932
1004,2,264,28.8,0.460666458549451,0.6119875273060469
1004,2,265,28.833333333333332,0.4561301653467751,0.391317187708358
1004,2,266,28.866666666666667,0.3366577360807296,0.16509442604786081
1004,2,267,28.9,0.046084347175654475,-0.06702344205296248
1004,2,268,28.933333333333334,-0.18724653523821036,-0.3055216388264411
1004,2,269,28.966666666666665,-0.5350624306344958,-0.5492636586528107
1004,2,270,29.0,-0.7670900685923091,-0.793376190570349
1004,2,271,29.033333333333335,-0.9425017598935533,-1.027078664814238
1004,2,272,29.066666666666666,-0.9999698279252381,-1.2323051791590307
1004,2,273,29.1,-1.0029773151314278,-1.3843604197325552
1004,2,274,29.133333333333333,-0.9444315641841927,-1.4553057779081455
1004,2,275,29.166666666666668,-0.9967367791785738,-1.4199807311289256
1004,2,276,29.2,-1.0029773151314278,-1.26344507975278
1004,2,277,29.233333333333334,-1.1116729152419433,-0.9876164685131544
1004,2,278,29.266666666666666,-1.2276867342208635,-0.614716518258749
1004,2,279,29.3,-1.2477115865354238,-0.18542668463050868
1004,2,280,29.333333333333332,-0.6745597122150219,0.24846937527530097
1004,2,281,29.366666666666667,0.3463067575339267,0.6351557282135977
1004,2,282,29.4,1.404215444705926,0.9339998673817855
1004,2,283,29.433333333333334,1.8072187303358596,1.122228302011261
1004,2,284,29.466666666666665,1.5782487043709652,1.195563211456633
1004,2,285,29.5,1.0726650426164208,1.164691859073773
1004,2,286,29.533333333333335,0.6320431045156844,1.049692495521576
1004,2,287,29.566666666666666,0.32337466758671485,0.8742834036479347
1004,2,288,29.6,0.22648345476051035,0.6615627119944747
1004,2,289,29.633333333333333,0.32224685988439533,0.4324413159779392
1004,2,290,29.666666666666668,0.4021207076022158,0.206045239668423
1004,2,291,29.7,0.4256041702039018,-0.00026679004620988947
1004,2,292,29.733333333333334,0.2756057457950096,-0.17216926098856283
1004,2,293,29.766666666666666,0.043578107837169665,-0.3000908446432553
1004,2,294,29.8,-0.2788245206667903,-0.380405238780093
1004,2,295,29.833333333333332,-0.5375686699729806,-0.41520424876901535
1004,2,296,29.866666666666667,-0.7695963079308205,-0.41068830874599366
1004,2,297,29.9,-0.8858858132369576,-0.37513630675410586
1004,2,298,29.933333333333334,-0.8858858132369576,-0.31729478576920306
1004,2,299,29.966666666666665,-0.8858858132369576,-0.24572534230676918
1004,3,0,30.0,-0.8858858132369576,-0.016752704341254886
1004,3,1,30.033333333333335,-0.9101712724269768,0.0012989262273604661
1004,3,2,30.066666666666666,-0.9676393404586616,0.03595703486565509
1004,3,3,30.1,-1.0393929727197444,0.09713317760836988
1004,3,4,30.133333333333333,-0.6214274382390028,0.18624429158242864
1004,3,5,30.166666666666668,0.23061874966904625,0.29593486379716627
1004,3,6,30.2,1.2369490312548175,0.4132595106882812
1004,3,7,30.233333333333334,1.7486729793886244,0.5246097577343055
1004,3,8,30.266666666666666,1.5646147623695397,0.6199763714655467
1004,3,9,30.3,1.084895490588323,0.6939934998373919
1004,3,10,30.333333333333332,0.5925447725410375,0.7437269029437588
1004,3,11,30.366666666666667,0.25801194563876695,0.765652358570146
1004,3,12,30.4,0.16793770381327522,0.7538414299302839
1004,3,13,30.433333333333334,0.237836718963899,0.7004418144446819
1004,3,14,30.466666666666665,0.35385053794281895,0.5981917902152296
1004,3,15,30.5,0.4021207076022158,0.44343263333941324
1004,3,16,30.533333333333335,0.26878877479429686,0.23823869296221076
1004,3,17,30.566666666666666,-0.02178461411077824,-0.009251955016707576
1004,3,18,30.6,-0.318322852641477,-0.28602913034756705
1004,3,19,30.633333333333333,-0.6614771428681636,-0.575564394151978
1004,3,20,30.666666666666668,-0.893504780825977,-0.8586423041325574
1004,3,21,30.7,-1.061523066078663,-1.1138288766138569
1004,3,22,30.733333333333334,-1.1200688170258981,-1.3179628914117953
1004,3,23,30.766666666666666,-1.061523066078663,-1.4471524179095954
1004,3,24,30.8,-1.061523066078663,-1.478888482505763
1004,3,25,30.833333333333332,-1.0045562459146697,-1.395790354863058
1004,3,26,30.866666666666667,-1.061523066078663,-1.1906504431698022
1004,3,27,30.9,-1.1748802713587774,-0.8715339004509872
1004,3,28,30.933333333333334,-1.0174132537211467,-0.46476237564601547
1004,3,29,30.966666666666665,-0.11925226198477486,-0.013137908630315002
1004,3,30,31.0,0.9764505144117331,0.431478892678323
1004,3,31,31.033333333333335,1.9345858135182215,0.8200016944314257
1004,3,32,31.066666666666666,2.0011014055618066,1.1179931487022294
1004,3,33,31.1,1.6138373029776039,1.3109498379816633
1004,3,34,31.133333333333333,1.1025143531379105,1.4016006743645786
1004,3,35,31.166666666666668,0.7319167421547073,1.403274701764761
1004,3,36,31.2,0.48753334425809547,1.332776716877659
1004,3,37,31.233333333333334,0.4166318333721017,1.2048055072367994
1004,3,38,31.266666666666666,0.460666458549451,1.0292151825200342
1004,3,39,31.3,0.5025457178956996,0.8115398794961487
1004,3,40,31.333333333333332,0.47841063306598786,0.5557157856624932
1004,3,41,31.366666666666667,0.26412716962468474,0.2667623987504471
1004,3,42,31.4,0.032099531666844816,-0.047599119604564685
1004,3,43,31.433333333333334,-0.3545881358694728,-0.3760086603054198
1004,3,44,31.466666666666665,-0.6661387480377491,-0.7029028983539752
1004,3,45,31.5,-0.9567121369428242,-1.008254301218225
1004,3,46,31.533333333333335,-1.095858545016046,-1.2678678405453845
1004,3,47,31.566666666666666,-1.1533266130477309,-1.454762999714028
1004,3,48,31.6,-1.1786145679731332,-1.5421154588160801
1004,3,49,31.633333333333333,-1.1786145679731332,-1.507976295147804
1004,3,50,31.666666666666668,-1.1786145679731332,-1.3411715554825911
1004,3,51,31.7,-1.2075616323327514,-1.0469425200966063
1004,3,52,31.733333333333334,-1.267836688423536,-0.6501888113871912
1004,3,53,31.766666666666666,-0.7300979759560539,-0.19389380823953056
1004,3,54,31.8,0.30798635804834196,0.26809411198918626
1004,3,55,31.833333333333332,1.526670298784777,0.6828246558765857
1004,3,56,31.866666666666667,2.1235061348538884,1.0104541195539012
1004,3,57,31.9,1.973958833525892,1.230590011056436
1004,3,58,31.933333333333334,1.466019306793157,1.3411298519283834
1004,3,59,31.966666666666665,0.9648215638809943,1.3528683200864546
1004,3,60,32.0,0.5978078751518796,1.2827998501850573
1004,3,61,32.03333333333333,0.4021207076022158,1.1480198135663107
1004,3,62,32.06666666666667,0.4021207076022158,0.9617954953845911
1004,3,63,32.1,0.460666458549451,0.7328383989415432
1004,3,64,32.13333333333333,0.5042750230392491,0.4672493087318862
1004,3,65,32.166666666666664,0.37440170051846894,0.1712467535496925
1004,3,66,32.2,0.12959224193430588,-0.1465222441974704
1004,3,67,32.233333333333334,-0.21844921500245404,-0.4733603797361091
1004,3,68,32.266666666666666,-0.566490671939214,-0.7917623496605646
1004,3,69,32.3,-0.9049833569963018,-1.079643356270755
1004,3,70,32.333333333333336,-1.1285399059900199,-1.3115638817532107
1004,3,71,32.36666666666667,-1.2445537249689267,-1.4608558419686908
1004,3,72,32.4,-1.2957060698676037,-1.50282735526102
1004,3,73,32.43333333333333,-1.2957060698676037,-1.4193521788125532
1004,3,74,32.46666666666667,-1.2957060698676037,-1.2043039499619663
1004,3,75,32.5,-1.2987887442539605,-0.8684071547240173
1004,3,76,32.53333333333333,-1.3562568122856453,-0.4415076734662966
1004,3,77,32.56666666666667,-1.4704160141540663,0.029897516461895826
1004,3,78,32.6,-1.0040299356535802,0.49043915175472486
1004,3,79,32.63333333333333,0.15442907377883916,0.8876492023525656
1004,3,80,32.666666666666664,1.545366844250021,1.1837250093944272
1004,3,81,32.7,2.3205967964331418,1.3613482288727867
1004,3,82,32.733333333333334,2.171876554086837,1.4221112630558255
1004,3,83,32.766666666666666,1.6062684601753536,1.3808026478772177
1004,3,84,32.8,0.9621148253954461,1.2585717971416437
1004,3,85,32.833333333333336,0.48374892285697035,1.0770667022778504
1004,3,86,32.86666666666667,0.293801043392469,0.8546073017701734
1004,3,87,32.9,0.3337254360547069,0.6043701689041914
1004,3,88,32.93333333333333,0.49735780246501127,0.33450147645174194
1004,3,89,32.96666666666667,0.6242988249597686,0.05012035183264509
1004,3,90,33.0,0.48683159724332714,-0.2436637483081921
1004,3,91,33.03333333333333,0.21041846060074046,-0.5392634090454745
1004,3,92,33.06666666666667,-0.13762299633601946,-0.8252348650429646
1004,3,93,33.1,-0.71984745706172,-1.0855742668842403
1004,3,94,33.13333333333333,-1.0267364640603576,-1.299650550834007
1004,3,95,33.166666666666664,-1.1601435840484302,-1.4432003766591273
1004,3,96,33.2,-1.2371603189203684,-1.4909775913331345
1004,3,97,33.233333333333334,-1.1992409177289372,-1.4215904484385158
1004,3,98,33.266666666666666,-1.1417728496972521,-1.2238922183289682
1004,3,99,33.3,-1.1200688170258981,-0.9030997200908715
1004,3,100,33.333333333333336,-1.1547551694706653,-0.48440268221617655
1004,3,101,33.36666666666667,-1.1786145679731332,-0.011837381411828241
1004,3,102,33.4,-0.684183671274861,0.45854211027037606
1004,3,103,33.43333333333333,0.39683254259808237,0.8705482030284399
1004,3,104,33.46666666666667,1.6122333098010704,1.1808746382242994
1004,3,105,33.5,2.2170389869665055,1.3667654341051227
1004,3,106,33.53333333333333,1.9588462103147761,1.426209265909739
1004,3,107,33.56666666666667,1.3244919713483732,1.3732211840000206
1004,3,108,33.6,0.6230707676838709,1.2309527771381912
1004,3,109,33.63333333333333,0.09297608519887271,1.0248983675618324
1004,3,110,33.666666666666664,-0.0076995490284302555,0.777815667072482
1004,3,111,33.7,0.09650988266617862,0.5071370271265186
1004,3,112,33.733333333333334,0.40883742902939024,0.22480977548343656
1004,3,113,33.766666666666666,0.5984344349865075,-0.06119961044536368
1004,3,114,33.8,0.4800146262426144,-0.34457288721635826
1004,3,115,33.833333333333336,0.15239901991456822,-0.6182051257136953
1004,3,116,33.86666666666667,-0.25311050505382326,-0.8721017666583888
1004,3,117,33.9,-0.7008000380891316,-1.0917490661133076
1004,3,118,33.93333333333333,-0.9750076841138352,-1.257496642257601
1004,3,119,33.96666666666667,-1.1786145679731332,-1.3458124074484983
1004,3,120,34.0,-1.224027624786648,-1.3330150368158078
1004,3,121,34.03333333333333,-1.1786145679731332,-1.2015876094325106
1004,3,122,34.06666666666667,-1.1200688170258981,-0.9476024045793146
1004,3,123,34.1,-1.1200688170258981,-0.5863841803438844
1004,3,124,34.13333333333333,-1.1024248920828863,-0.1538255809556952
1004,3,125,34.166666666666664,-0.5820042934444166,0.29839079839765964
1004,3,126,34.2,0.47545327064667375,0.7131929805882106
1004,3,127,34.233333333333334,1.7292496245152806,1.0413942508736869
1004,3,128,34.266666666666666,2.2710735071044494,1.253065766387626
1004,3,129,34.3,2.0242339946560954,1.341139142106388
1004,3,130,34.333333333333336,1.4418090347833048,1.3167539670796218
1004,3,131,34.36666666666667,0.8055500539196604,1.2012496810868025
1004,3,132,34.4,0.34297345921371075,1.0186155064342564
1004,3,133,34.43333333333333,0.16793770381327522,0.7902810635522841
1004,3,134,34.46666666666667,0.22452858807648635,0.5327447416704518
1004,3,135,34.5,0.4546013593503289,0.2572452215540136
1004,3,136,34.53333333333333,0.5736477279287966,-0.029067872118334136
1004,3,137,34.56666666666667,0.4658543739801393,-0.32057985718375503
1004,3,138,34.6,0.12818874790471604,-0.6099560764982934
1004,3,139,34.63333333333333,-0.2710551787174501,-0.8853599848199183
1004,3,140,34.666666666666664,-0.6765647036859481,-1.1289542225729343
1004,3,141,34.7,-0.9839800209456486,-1.3170250552521148
1004,3,142,34.733333333333334,-1.16803823796468,-1.4221050125405936
1004,3,143,34.766666666666666,-1.2255063059963782,-1.4173956978833955
1004,3,144,34.8,-1.1786145679731332,-1.2832405392492
1004,3,145,34.833333333333336,-1.1338781957809891,-1.0147188318234326
1004,3,146,34.86666666666667,-1.1200688170258981,-0.6279194904401142
1004,3,147,34.9,-1.1200688170258981,-0.16135957229708406
1004,3,148,34.93333333333333,-0.6954116235113134,0.32928590234066496
1004,3,149,34.96666666666667,0.3561312157408159,0.7827609222421936
1004,3,150,35.0,1.5960430036744442,1.1463618273493816
1004,3,151,35.03333333333333,2.3318498110629524,1.3861931891265542
1004,3,152,35.06666666666667,2.2225527135111403,1.4904584194616537
1004,3,153,35.1,1.7437356878917551,1.4665763398583687
1004,3,154,35.13333333333333,1.222212343944457,1.334553430287114
1004,3,155,35.166666666666664,0.8611133800541036,1.1200428393903752
1004,3,156,35.2,0.661967602217341,0.8491220064224626
1004,3,157,35.233333333333334,0.5777579604439212,0.545102552335145
1004,3,158,35.266666666666666,0.5777579604439212,0.22718556016041455
1004,3,159,35.3,0.5777579604439212,-0.08951986254243152
1004,3,160,35.333333333333336,0.46206995257898753,-0.39317761540087937
1004,3,161,35.36666666666667,0.20254886907788858,-0.6740880068550871
1004,3,162,35.4,-0.08694683691167612,-0.923419175994394
1004,3,163,35.43333333333333,-0.4349882938483961,-1.1317118802022708
1004,3,164,35.46666666666667,-0.7002236030412596,-1.2874020608870171
1004,3,165,35.5,-0.9090685271180419,-1.3759578659863498
1004,3,166,35.53333333333333,-1.0029773151314278,-1.380469847378266
1004,3,167,35.56666666666667,-1.0029773151314278,-1.2845582882978872
1004,3,168,35.6,-1.0029773151314278,-1.0775719992065045
1004,3,169,35.63333333333333,-1.0029773151314278,-0.7610322543356205
1004,3,170,35.666666666666664,-1.0207716144347472,-0.35419880111825136
1004,3,171,35.7,-1.0280898333031516,0.10407773493249252
1004,3,172,35.733333333333334,-0.5851370926175026,0.5596786358068537
1004,3,173,35.766666666666666,0.37209596032706077,0.9551062504146673
1004,3,174,35.8,1.4332376962458044,1.2447401020083169
1004,3,175,35.833333333333336,1.982855983177565,1.4044856655019982
1004,3,176,35.86666666666667,1.8204516740431318,1.43262364466844
1004,3,177,35.9,1.3563963981273985,1.3450411584756916
1004,3,178,35.93333333333333,0.9600597091378972,1.1680067672388976
1004,3,179,35.96666666666667,0.6786591562116855,0.9308397836758301
1004,3,180,36.0,0.5121947393488967,0.6602486585467429
1004,3,181,36.03333333333333,0.460666458549451,0.3773180254776722
1004,3,182,36.06666666666667,0.460666458549451,0.09699099363186958
1004,3,183,36.1,0.4021207076022158,-0.17105672432068098
1004,3,184,36.13333333333333,0.2796157287365693,-0.42096122546263215
1004,3,185,36.166666666666664,0.04921714634878045,-0.6489483358535452
1004,3,186,36.2,-0.18499091983351812,-0.8513870173862275
1004,3,187,36.233333333333334,-0.47501293608415907,-1.0224766516007975
1004,3,188,36.266666666666666,-0.7070405740419724,-1.152145681433895
1004,3,189,36.3,-0.8246583861975455,-1.2253979110250692
1004,3,190,36.333333333333336,-0.8858858132369576,-1.2239541820895878
1004,3,191,36.36666666666667,-0.9444315641841927,-1.1304145692489287
1004,3,192,36.4,-0.9444315641841927,-0.9342296601349831
1004,3,193,36.43333333333333,-0.9444315641841927,-0.6378634776317614
1004,3,194,36.46666666666667,-0.994907224461486,-0.2610338336783412
1004,3,195,36.5,-1.0523752924931575,0.15920328780455237
1004,3,196,36.53333333333333,-0.8580164317928499,0.5737039278779997
1004,3,197,36.56666666666667,-0.09812466436127949,0.9315802998117442
1004,3,198,36.6,0.8761508160850392,1.1922003897269873
1004,3,199,36.63333333333333,1.5777474565033267,1.332846970816143
1004,3,200,36.666666666666664,1.5875719147101894,1.3499333438079932
1004,3,201,36.7,1.2256709542315027,1.255897492776261
1004,3,202,36.733333333333334,0.7616156783158761,1.0738392814916542
1004,3,203,36.766666666666666,0.39688266738478495,0.8313944806205085
1004,3,204,36.8,0.24533037458598214,0.5552421742723634
1004,3,205,36.833333333333336,0.22648345476051035,0.26738915714027006
1004,3,206,36.86666666666667,0.26402692005117306,-0.016347927062871373
1004,3,207,36.9,0.34357495665498067,-0.28593443863537155
1004,3,208,36.93333333333333,0.24964110624818348,-0.5353304539696476
1004,3,209,36.96666666666667,0.040771119778043256,-0.760007312922154
1004,3,210,37.0,-0.16594350086096968,-0.9544088150141052
1004,3,211,37.03333333333333,-0.4818299070848718,-1.1098876358089127
1004,3,212,37.06666666666667,-0.7138575450426852,-1.2136135254426434
1004,3,213,37.1,-0.9158854981187546,-1.2488726429753785
1004,3,214,37.13333333333333,-0.9733535661504261,-1.197359773573654
1004,3,215,37.166666666666664,-1.0029773151314278,-1.0440470675602833
1004,3,216,37.2,-0.9444315641841927,-0.7837534282966799
1004,3,217,37.233333333333334,-0.9444315641841927,-0.4271251617587112
1004,3,218,37.266666666666666,-0.9444315641841927,-0.003605438225217184
1004,3,219,37.3,-1.0029773151314278,0.4406791483234094
1004,3,220,37.333333333333336,-0.7150605399251984,0.8506850629260984
1004,3,221,37.36666666666667,0.02485649997867404,1.1746698076957791
1004,3,222,37.4,0.91579952242006,1.3766101966916677
1004,3,223,37.43333333333333,1.4751670803787158,1.4423364952825781
1004,3,224,37.46666666666667,1.4015087062203382,1.3779526244831528
1004,3,225,37.5,0.9607865185459701,1.204352170946171
1004,3,226,37.53333333333333,0.4552529815782748,0.9506692463135281
1004,3,227,37.56666666666667,0.07956770473796168,0.6478796374101882
1004,3,228,37.6,-0.05241085882716324,0.3236646215667676
1004,3,229,37.63333333333333,0.005057209204508271,-0.0005060544512173054
1004,3,230,37.666666666666664,0.19129585444807823,-0.30980232396450297
1004,3,231,37.7,0.34357495665498067,-0.5943556777925095
1004,3,232,37.733333333333334,0.26598178673519707,-0.846413511033764
1004,3,233,37.766666666666666,0.0424001753480677,-1.0576207397290442
1004,3,234,37.8,-0.2054418328356564,-1.217221860953115
1004,3,235,37.833333333333336,-0.5471926290328197,-1.3113724001132574
1004,3,236,37.86666666666667,-0.7792202669906331,-1.3238756992184366
1004,3,237,37.9,-0.9444315641841927,-1.2387362956678778
1004,3,238,37.93333333333333,-1.0029773151314278,-1.0446705009607105
1004,3,239,37.96666666666667,-0.9444315641841927,-0.7412959380149925
1004,3,240,38.0,-0.9444315641841927,-0.3451395662953248
1004,3,241,38.03333333333333,-0.9444315641841927,0.10768739623154121
1004,3,242,38.06666666666667,-0.9444315641841927,0.5647534396729896
1004,3,243,38.1,-0.4877195695302752,0.9678679402226561
1004,3,244,38.13333333333333,0.31971555815248603,1.2675433807743064
1004,3,245,38.166666666666664,1.3029633754308312,1.43382682841997
1004,3,246,38.2,1.7375452767257102,1.4599105365712879
1004,3,247,38.233333333333334,1.534414578340666,1.3595374439624661
1004,3,248,38.266666666666666,1.0261743028873558,1.160310265706485
1004,3,249,38.3,0.5543998098091715,0.8955525696200803
1004,3,250,38.333333333333336,0.1975614527942503,0.5970707362726615
1004,3,251,38.36666666666667,0.06179846782802691,0.2904976448890547
1004,3,252,38.4,0.15590775498851617,-0.006326181598728865
1004,3,253,38.43333333333333,0.3173596931743353,-0.2826391448755713
1004,3,254,38.46666666666667,0.3879353929463295,-0.5326720420216612
1004,3,255,38.5,0.257009449903357,-0.7531445736546738
1004,3,256,38.53333333333333,0.0249818119455437,-0.9409643551401016
1004,3,257,38.56666666666667,-0.30671896450426916,-1.0913506697985358
1004,3,258,38.6,-0.6547604214409892,-1.196472731996095
1004,3,259,38.63333333333333,-0.9052841057169434,-1.2446381080034217
1004,3,260,38.666666666666664,-1.0994174048767098,-1.220673398713785
1004,3,261,38.7,-1.1200688170258981,-1.108586902001615
1004,3,262,38.733333333333334,-1.1200688170258981,-0.8967032998295025
1004,3,263,38.766666666666666,-1.1200688170258981,-0.5843690535983554
1004,3,264,38.8,-1.1200688170258981,-0.18809303661537663
1004,3,265,38.833333333333336,-1.1200688170258981,0.25589144543723186
1004,3,266,38.86666666666667,-0.7558621163558833,0.6951006452203414
1004,3,267,38.9,0.1483639745797304,1.071552838151803
1004,3,268,38.93333333333333,1.2510340963371256,1.3363951117814545
1004,3,269,38.96666666666667,1.9221548663992558,1.46096440260072
1004,3,270,39.0,1.842957703302779,1.4405744065635668
1004,3,271,39.03333333333333,1.4103306686918706,1.2917421784967755
1004,3,272,39.06666666666667,0.9462753927761375,1.0452158902067372
1004,3,273,39.1,0.5885347895994513,0.7381816873193205
1004,3,274,39.13333333333333,0.4378596805691354,0.4075205264961487
1004,3,275,39.166666666666664,0.4021207076022158,0.08424703879256568
1004,3,276,39.2,0.4021207076022158,-0.21024462056836485
1004,3,277,39.233333333333334,0.4410927293157997,-0.46495870264216077
1004,3,278,39.266666666666666,0.325078910336893,-0.6772391823418205
1004,3,279,39.3,0.13310097700817397,-0.8492621814357063
1004,3,280,39.333333333333336,-0.11526734143662634,-0.9842995085022539
1004,3,281,39.36666666666667,-0.4633087983734262,-1.0835951821094572
1004,3,282,39.4,-0.7386191897070248,-1.1442381801051686
1004,3,283,39.43333333333333,-0.9575391959245154,-1.1579972045808187
1004,3,284,39.46666666666667,-1.0150072639562135,-1.1117098274201678
1004,3,285,39.5,-1.050570800169441,-0.9903154277986197
1004,3,286,39.53333333333333,-1.0029773151314278,-0.7824837680239464
1004,3,287,39.56666666666667,-1.0029773151314278,-0.4875176088324845
1004,3,288,39.6,-1.0106965322939856,-0.12096020524290857
1004,3,289,39.63333333333333,-1.061523066078663,0.2844181603685147
1004,3,290,39.666666666666664,-0.8469388539167583,0.6836417711288328
1004,3,291,39.7,0.028189798298929918,1.0296170030501648
1004,3,292,39.733333333333334,1.0733918520246535,1.2845673392495602
1004,3,293,39.766666666666666,1.8095495329206521,1.4270631659545217
1004,3,294,39.8,1.7449136203808573,1.4528993727227564
1004,3,295,39.833333333333336,1.33815097574321,1.3723214955629917
1004,3,296,39.86666666666667,0.8740956998274768,1.2054737998327167
1004,3,297,39.9,0.5817178185987385,0.9768479739446088
1004,3,298,39.93333333333333,0.40517831959516143,0.7100331364389804
1004,3,299,39.96666666666667,0.34357495665498067,0.42443842451345987
1004,4,0,40.0,0.34357495665498067,-0.09100421465512344
1004,4,1,40.03333333333333,0.34357495665498067,-0.21936875087635496
1004,4,2,40.06666666666667,0.29239754936291906,-0.3565133163084186
1004,4,3,40.1,0.06773825506022606,-0.5079148159015743
1004,4,4,40.13333333333333,-0.15476567341131306,-0.6714101217696811
1004,4,5,40.166666666666664,-0.4442613794007979,-0.8369291968821683
1004,4,6,40.2,-0.6868904097605023,-0.9881575381563443
1004,4,7,40.233333333333334,-0.873129055004019,-1.1049884216228774
1004,4,8,40.266666666666666,-0.9891428739829523,-1.1661640121500911
1004,4,9,40.3,-1.0029773151314278,-1.1521294983882484
1004,4,10,40.333333333333336,-1.0029773151314278,-1.0485016477159146
1004,4,11,40.36666666666667,-1.0029773151314278,-0.8506660411666459
1004,4,12,40.4,-1.0029773151314278,-0.5683330617171516
1004,4,13,40.43333333333333,-1.1008459612996577,-0.22735402889268827
1004,4,14,40.46666666666667,-1.1583140293313292,0.13345421730034743
1004,4,15,40.5,-0.8756854191291932,0.4716378574944406
1004,4,16,40.53333333333333,-0.04779937844429369,0.7530806516663997
1004,4,17,40.56666666666667,1.009958934367292,0.9591534562875481
1004,4,18,40.6,1.6409046878333782,1.0866770073706609
1004,4,19,40.63333333333333,1.591556835258391,1.1438812794938993
1004,4,20,40.666666666666664,1.2117362635094622,1.14482053566648
1004,4,21,40.7,0.7476809875938356,1.1033831934756229
1004,4,22,40.733333333333334,0.4014189605874475,1.0283805101399417
1004,4,23,40.766666666666666,0.22648345476051035,0.9213628038345111
1004,4,24,40.8,0.28502920570774554,0.7777808157574632
1004,4,25,40.833333333333336,0.34357495665498067,0.5909816140803142
1004,4,26,40.86666666666667,0.31826193933618024,0.3572525636650218
1004,4,27,40.9,0.17801278595403686,0.07923392843604815
1004,4,28,40.93333333333333,-0.03085720051612999,-0.23310732280690483
1004,4,29,40.96666666666667,-0.3081224585337791,-0.5627906964155757
1004,4,30,41.0,-0.5766158788667448,-0.8867380496339141
1004,4,31,41.03333333333333,-0.7887189140835227,-1.1772984977552603
1004,4,32,41.06666666666667,-0.8858858132369576,-1.4045179528761733
1004,4,33,41.1,-0.9444315641841927,-1.5393176491104672
1004,4,34,41.13333333333333,-0.8858858132369576,-1.5575676757518375
1004,4,35,41.166666666666664,-0.8858858132369576,-1.444731970272325
1004,4,36,41.2,-0.900422001400228,-1.200258144568406
1004,4,37,41.233333333333334,-0.9578900694319261,-0.8404335784311887
1004,4,38,41.266666666666666,-1.0739038884108327,-0.3984039753562038
1004,4,39,41.3,-0.9464616180483971,0.07969622190775405
1004,4,40,41.333333333333336,-0.21862465175605295,0.5422810781479667
1004,4,41,41.36666666666667,0.777179424607941,0.9419280547267354
1004,4,42,41.4,1.589175907886856,1.24417864164973
1004,4,43,41.43333333333333,1.6106042542309396,1.4318321055798473
1004,4,44,41.46666666666667,1.2507333476165372,1.5039539187699544
1004,4,45,41.5,0.7340470455924101,1.4718013378377641
1004,4,46,41.53333333333333,0.27751048769226444,1.3535045745233865
1004,4,47,41.56666666666667,0.10671027677383654,1.1685907046852493
1004,4,48,41.6,0.11099594604267991,0.9337010782539863
1004,4,49,41.63333333333333,0.22753607528271605,0.6609459382312967
1004,4,50,41.666666666666664,0.40156933494775504,0.3589415498374579
1004,4,51,41.7,0.34520401222500513,0.03523079430311491
1004,4,52,41.733333333333334,0.17335118078439812,-0.3011418181775977
1004,4,53,41.766666666666666,-0.11722220812065035,-0.6377938889086509
1004,4,54,41.8,-0.4614792436563251,-0.958158567426314
1004,4,55,41.833333333333336,-0.6983689859308005,-1.2412662478027672
1004,4,56,41.86666666666667,-0.8788683430891682,-1.462290316078821
1004,4,57,41.9,-0.9444315641841927,-1.5944785700077773
1004,4,58,41.93333333333333,-0.9536044001630828,-1.6129501610636512
1004,4,59,41.96666666666667,-0.9444315641841927,-1.5004605753638325
1004,4,60,42.0,-0.8858858132369576,-1.25374734140922
1004,4,61,42.03333333333333,-0.9320256794586383,-0.8877556916670484
1004,4,62,42.06666666666667,-0.9894937474903365,-0.4359394907393478
1004,4,63,42.1,-1.0175385656880829,0.05389844195997695
1004,4,64,42.13333333333333,-0.4684465890171856,0.5278473312344004
1004,4,65,42.166666666666664,0.4273084129541199,0.9368548495028034
1004,4,66,42.2,1.4484756314236835,1.2467689133582651
1004,4,67,42.233333333333334,1.8072187303358596,1.4421932131964574
1004,4,68,42.266666666666666,1.5357428851901287,1.5235711784020916
1004,4,69,42.3,1.0341692063771173,1.5016156491069717
1004,4,70,42.333333333333336,0.5490865824115336,1.3919445345651382
1004,4,71,42.36666666666667,0.2143031315753906,1.2108775083285388
1004,4,72,42.4,0.10939195286604005,0.9729776996197717
1004,4,73,42.43333333333333,0.1758072953361404,0.6905700210196428
1004,4,74,42.46666666666667,0.3492891823467718,0.3747371703358405
1004,4,75,42.5,0.4021207076022158,0.03673753305101512
1004,4,76,42.53333333333333,0.2836257116781557,-0.31083827160565597
1004,4,77,42.56666666666667,-0.0069476772268928,-0.6533475426149156
1004,4,78,42.6,-0.3253403227892265,-0.9737081233573627
1004,4,79,42.63333333333333,-0.6733817797260263,-1.2520507457230494
1004,4,80,42.666666666666664,-0.9372135948893267,-1.4657213743301727
1004,4,81,42.7,-1.0861092739893106,-1.5904848545975252
1004,4,82,42.733333333333334,-1.1200688170258981,-1.603531433605519
1004,4,83,42.766666666666666,-1.1200688170258981,-1.4883999211397825
1004,4,84,42.8,-1.1200688170258981,-1.2407598650920122
1004,4,85,42.833333333333336,-1.1200688170258981,-0.8729341520241507
1004,4,86,42.86666666666667,-1.1392666103587807,-0.4155519289572691
1004,4,87,42.9,-1.2371603189203684,0.0844783152262127
1004,4,88,42.93333333333333,-0.9592685010679717,0.5704766470022776
1004,4,89,42.96666666666667,-0.03965410059417147,0.9874314681840148
1004,4,90,43.0,1.151335895451768,1.2947475113083613
1004,4,91,43.03333333333333,2.0690204916350354,1.4732547896883745
1004,4,92,43.06666666666667,2.0617523975533736,1.52437122980819
1004,4,93,43.1,1.6318571638213046,1.464620296510018
1004,4,94,43.13333333333333,1.1103338198740065,1.3184541879326406
1004,4,95,43.166666666666664,0.6663535210597227,1.1113968870839896
1004,4,96,43.2,0.4522454943720984,0.8650496769944384
1004,4,97,43.233333333333334,0.4021207076022158,0.5948638060476583
1004,4,98,43.266666666666666,0.46693205689570294,0.310494369570153
1004,4,99,43.3,0.5192122094966861,0.017616046393372036
1004,4,100,43.333333333333336,0.5109917444664368,-0.2796269150870622
1004,4,101,43.36666666666667,0.2759315569089826,-0.5759090347235986
1004,4,102,43.4,-0.02138361581659831,-0.8622158754496014
1004,4,103,43.43333333333333,-0.654334360753478,-1.1240985889746553
1004,4,104,43.46666666666667,-1.0023758176901978,-1.3412233755823941
1004,4,105,43.5,-1.1773363859105197,-1.4886528113417863
1004,4,106,43.53333333333333,-1.2957060698676037,-1.5401700761321258
1004,4,107,43.56666666666667,-1.3542518208148389,-1.4736826579570297
1004,4,108,43.6,-1.3002173006768816,-1.2777193548476593
1004,4,109,43.63333333333333,-1.2957060698676037,-0.9570757211314325
1004,4,110,43.666666666666664,-1.3475852241744601,-0.535747621834155
1004,4,111,43.7,-1.4050532922061316,-0.055700206730708184
1004,4,112,43.733333333333334,-1.155356666911922,0.42911487591622893
1004,4,113,43.766666666666666,-0.11659564828590269,0.8629819340153551
1004,4,114,43.8,1.2071247831266991,1.2000771539145483
1004,4,115,43.833333333333336,2.203254670604879,1.4128986716053094
1004,4,116,43.86666666666667,2.3018501261811553,1.4950833688161522
1004,4,117,43.9,1.7753894907370147,1.4588846350842504
1004,4,118,43.93333333333333,1.1811100187930772,1.328720768826783
1004,4,119,43.96666666666667,0.6432209319654075,1.1330157168686206
1004,4,120,44.0,0.3784618082467978,0.8968369176945418
1004,4,121,44.03333333333333,0.28502920570774554,0.6377020069123196
1004,4,122,44.06666666666667,0.3825219159752066,0.3652147482095755
1004,4,123,44.1,0.460666458549451,0.08345819189836735
1004,4,124,44.13333333333333,0.4238748650603523,-0.2052529957300103
1004,4,125,44.166666666666664,0.23643322493429586,-0.49666311753330067
1004,4,126,44.2,-0.07697200434442618,-0.781840499805679
1004,4,127,44.233333333333334,-0.45964968893922403,-1.0457755605884862
1004,4,128,44.266666666666666,-0.8662368968231792,-1.2676030613502602
1004,4,129,44.3,-1.1243294239013304,-1.4226638248803212
1004,4,130,44.333333333333336,-1.2957060698676037,-1.486140962147086
1004,4,131,44.36666666666667,-1.3542518208148389,-1.4375268788243534
1004,4,132,44.4,-1.3542518208148389,-1.2652932745727286
1004,4,133,44.43333333333333,-1.3271593735657063,-0.9712471680749792
1004,4,134,44.46666666666667,-1.2957060698676037,-0.573683452085122
1004,4,135,44.5,-1.3791889022328705,-0.10814185129326774
1004,4,136,44.53333333333333,-1.3650787747571378,0.3757593760589756
1004,4,137,44.56666666666667,-0.4302515014983374,0.8228303360864061
1004,4,138,44.6,1.2480266091309757,1.1839877619917158
1004,4,139,44.63333333333333,2.2203722852867616,1.4256670110059926
1004,4,140,44.666666666666664,2.255935821499909,1.5339417762903627
1004,4,141,44.7,1.6963928267876411,1.513291718505598
1004,4,142,44.733333333333334,1.0177032139232074,1.3815348751081347
1004,4,143,44.766666666666666,0.45394973712227654,1.1635971823802813
1004,4,144,44.8,0.06608413709687028,0.885959009349828
1004,4,145,44.833333333333336,0.19625820833827867,0.5724946907429738
1004,4,146,44.86666666666667,0.428285846296092,0.24227148550209282
1004,4,147,44.9,0.5192122094966861,-0.0902683594842237
1004,4,148,44.93333333333333,0.4278848480019387,-0.41333909871034047
1004,4,149,44.96666666666667,0.07984339106513882,-0.715510218160854
1004,4,150,45.0,-0.27696990355631795,-0.9839156195303062
1004,4,151,45.03333333333333,-0.6747852737555363,-1.2030683344575122
1004,4,152,45.06666666666667,-1.0162102588387,-1.3547641145184062
1004,4,153,45.1,-1.1841533569112057,-1.4198671771786495
1004,4,154,45.13333333333333,-1.2371603189203684,-1.3819406791518134
1004,4,155,45.166666666666664,-1.2371603189203684,-1.2317905869003132
1004,4,156,45.2,-1.1786145679731332,-0.9718079036105516
1004,4,157,45.233333333333334,-1.1786145679731332,-0.6189515081449243
1004,4,158,45.266666666666666,-1.1784641936128257,-0.20511314655977636
1004,4,159,45.3,-0.8895950474578757,0.2262440185369299
1004,4,160,45.333333333333336,0.03280127868166635,0.6273060046130456
1004,4,161,45.36666666666667,1.3049433045083463,0.9559540685686301
1004,4,162,45.4,2.1920768431551427,1.1850378990360615
1004,4,163,45.43333333333333,2.1689693164541852,1.305421849024478
1004,4,164,45.46666666666667,1.610930065344886,1.322307901667375
1004,4,165,45.5,0.9148471514714459,1.2493291699623097
1004,4,166,45.53333333333333,0.31891356156412615,1.1034062306344754
1004,4,167,45.56666666666667,0.0018492228512285468,0.901176895089052
1004,4,168,45.6,0.04021974712358245,0.6571652544478614
1004,4,169,45.63333333333333,0.36700829446993743,0.38333339487728363
1004,4,170,45.666666666666664,0.6107400701385102,0.0896955516065989
1004,4,171,45.7,0.5916174639857814,-0.21417696511271908
1004,4,172,45.733333333333334,0.3298407650800168,-0.5171443451169899
1004,4,173,45.766666666666666,-0.034215561229690584,-0.8045465265474084
1004,4,174,45.8,-0.4662410983994489,-1.0570344214181302
1004,4,175,45.833333333333336,-0.8313751076246934,-1.2509465916504776
1004,4,176,45.86666666666667,-1.042275147959038,-1.360722977522729
1004,4,177,45.9,-1.1200688170258981,-1.3634172247254106
1004,4,178,45.93333333333333,-1.0829263500293889,-1.2446527577103081
1004,4,179,45.96666666666667,-1.0254582819977172,-1.004652572686732
1004,4,180,46.0,-1.0029773151314278,-0.6620938335431564
1004,4,181,46.03333333333333,-0.8087938911848124,-0.25309486892261934
1004,4,182,46.06666666666667,-0.03777442109035445,0.17528226802945282
1004,4,183,46.1,1.070935737473071,0.5753159201554948
1004,4,184,46.13333333333333,2.0191463287989984,0.9088934046789965
1004,4,185,46.166666666666664,2.0992958628440364,1.1526205839629025
1004,4,186,46.2,1.6360927083033787,1.2969330539310417
1004,4,187,46.233333333333334,0.998555545377174,1.3427205287954107
1004,4,188,46.266666666666666,0.4137496581327683,1.2976264879584356
1004,4,189,46.3,0.08410399794062423,1.1723135775119218
1004,4,190,46.333333333333336,0.07505647392865707,0.9774789354494937
1004,4,191,46.36666666666667,0.27274863294914065,0.7228348934388601
1004,4,192,46.4,0.4827213647282025,0.41820282627702493
1004,4,193,46.43333333333333,0.4982349862334716,0.0757927167310911
1004,4,194,46.46666666666667,0.24523012501244382,-0.28763346304979376
1004,4,195,46.5,-0.08298697875688557,-0.6500954434136372
1004,4,196,46.53333333333333,-0.4884965037252771,-0.9853512407004245
1004,4,197,46.56666666666667,-0.877339537092682,-1.2643663085741277
1004,4,198,46.6,-1.1512464343967972,-1.4572610720945092
1004,4,199,46.63333333333333,-1.2516714446902544,-1.5367448601702343
1004,4,200,46.666666666666664,-1.2957060698676037,-1.4832978253560485
1004,4,201,46.7,-1.2833503099288184,-1.2913763347374956
1004,4,202,46.733333333333334,-1.2371603189203684,-0.9745444904991668
1004,4,203,46.766666666666666,-1.226959924812684,-0.5664430816425653
1004,4,204,46.8,-0.8129041236999903,-0.11600267366842702
1004,4,205,46.833333333333336,0.19788726390846287,0.32273568524143414
1004,4,206,46.86666666666667,1.4670719273154158,0.7029720928518618
1004,4,207,46.9,2.281474400359197,0.9941712377534988
1004,4,208,46.93333333333333,2.1977910688468274,1.1850156032326278
1004,4,209,46.96666666666667,1.6714557453696095,1.280781510078397
1004,4,210,47.0,1.1525890151209972,1.2967544387249128
1004,4,211,47.03333333333333,0.6916916007718811,1.2500434244135545
1004,4,212,47.06666666666667,0.5187109616289679,1.1527311419689303
1004,4,213,47.1,0.460666458549451,1.0093264486975977
1004,4,214,47.13333333333333,0.5175580915332771,0.8188839010923007
1004,4,215,47.166666666666664,0.5750261595649753,0.5795559447914577
1004,4,216,47.2,0.46447594234396067,0.2932589940645116
1004,4,217,47.233333333333334,0.18259920394341533,-0.031425903959792195
1004,4,218,47.266666666666666,-0.11286135167167986,-0.37865418017773017
1004,4,219,47.3,-0.5064411773888506,-0.7261984752413632
1004,4,220,47.333333333333336,-0.8110996313763004,-1.047090330233262
1004,4,221,47.36666666666667,-1.0431272693341136,-1.3116195941322017
1004,4,222,47.4,-1.1200688170258981,-1.4898703522471695
1004,4,223,47.43333333333333,-1.1200688170258981,-1.5554186271993133
1004,4,224,47.46666666666667,-1.1200688170258981,-1.4902250523477112
1004,4,225,47.5,-1.075031696113139,-1.289986514870296
1004,4,226,47.53333333333333,-1.1054825040758585,-0.9682586865310149
1004,4,227,47.56666666666667,-1.1200688170258981,-0.5570001434432634
1004,4,228,47.6,-0.7521528821348586,-0.10245003876033666
1004,4,229,47.63333333333333,0.24174645233212005,0.3431718113994069
1004,4,230,47.666666666666664,1.4426110313717446,0.7320406728559816
1004,4,231,47.7,2.1571148043830917,1.0297663743432266
1004,4,232,47.733333333333334,2.104558965454825,1.220309412382192
1004,4,233,47.766666666666666,1.62514044239421,1.305104551493111
1004,4,234,47.8,1.1389550731195717,1.2973767669968
1004,4,235,47.833333333333336,0.8019661316656386,1.2150286654774927
1004,4,236,47.86666666666667,0.6031211025494908,1.074790392933635
1004,4,237,47.9,0.5456530345177927,0.8891126553483274
1004,4,238,47.93333333333333,0.5192122094966861,0.6661037367397171
1004,4,239,47.96666666666667,0.5192122094966861,0.4116813222506471
1004,4,240,48.0,0.40292270419052245,0.13253374706839402
1004,4,241,48.03333333333333,0.17089506623270911,-0.16175200615889865
1004,4,242,48.06666666666667,-0.08784908307352107,-0.4579477541009413
1004,4,243,48.1,-0.4102517115774411,-0.7392316427392671
1004,4,244,48.13333333333333,-0.7008251004825429,-0.9857320720406134
1004,4,245,48.166666666666664,-0.8508235248914217,-1.175688966073052
1004,4,246,48.2,-0.9668373438703284,-1.2873899036169376
1004,4,247,48.233333333333334,-1.0029773151314278,-1.301983997461755
1004,4,248,48.266666666666666,-1.0029773151314278,-1.2071553337012106
1004,4,249,48.3,-1.0029773151314278,-1.0013948043407632
1004,4,250,48.333333333333336,-1.0029773151314278,-0.6978570912930849
1004,4,251,48.36666666666667,-1.0785404311870603,-0.32615325586754335
1004,4,252,48.4,-1.194554250165967,0.06999958032857265
1004,4,253,48.43333333333333,-1.045758820639548,0.441200507256424
1004,4,254,48.46666666666667,-0.23491520745624414,0.7444600663699632
1004,4,255,48.5,0.8804615477473203,0.9526337527465579
1004,4,256,48.53333333333333,1.8421055819277565,1.057843078255923
1004,4,257,48.56666666666667,1.9617534479474275,1.0691708532929654
1004,4,258,48.6,1.5936871386961338,1.0064152191824474
1004,4,259,48.63333333333333,1.0710861118331656,0.8927248068499215
1004,4,260,48.666666666666664,0.6802130246015828,0.7483250003586701
1004,4,261,48.7,0.4544259225965836,0.5865776131749071
1004,4,262,48.733333333333334,0.4021207076022158,0.41298373222934415
1004,4,263,48.766666666666666,0.4021207076022158,0.227095121277981
1004,4,264,48.8,0.39911322039601277,0.026473928911531767
1004,4,265,48.833333333333336,0.28116959712646666,-0.18881224398144736
1004,4,266,48.86666666666667,-0.009403791778635068,-0.4125790290906656
1004,4,267,48.9,-0.2997516191432223,-0.6308957133587325
1004,4,268,48.93333333333333,-0.6477930760800221,-0.8229266940451772
1004,4,269,48.96666666666667,-0.9958345330167422,-0.9640597555654608
1004,4,270,49.0,-1.1751559576860078,-1.030620982790849
1004,4,271,49.03333333333333,-1.2371603189203684,-1.005047692512409
1004,4,272,49.06666666666667,-1.2427742950385947,-0.8805634196026356
1004,4,273,49.1,-1.2371603189203684,-0.664633826597726
1004,4,274,49.13333333333333,-1.2371603189203684,-0.38016054214083417
1004,4,275,49.166666666666664,-1.2371603189203684,-0.06321208938818933
1004,4,276,49.2,-1.285781362087176,0.24319235083211713
1004,4,277,49.233333333333334,-1.4017951810660827,0.49875556864169224
1004,4,278,49.266666666666666,-1.517809000045016,0.6759176958391252
1004,4,279,49.3,-0.9911478654536923,0.7650389742352761
1004,4,280,49.333333333333336,0.14267481128119072,0.7731911828927783
1004,4,281,49.36666666666667,1.4631371315540365,0.7188852405767766
1004,4,282,49.4,2.1257116254717583,0.6252449949943362
1004,4,283,49.43333333333333,1.9181699458509742,0.5137625880465139
1004,4,284,49.46666666666667,1.3330382474926488,0.39999962456981
1004,4,285,49.5,0.7344229814931256,0.29168767569401616
1004,4,286,49.53333333333333,0.28858806556838273,0.18926252190012122
1004,4,287,49.56666666666667,0.10939195286604005,0.08851937511933694
1004,4,288,49.6,0.1807696492263941,-0.015691353711133012
1004,4,289,49.63333333333333,0.35425153623697225,-0.12636367005722116
1004,4,290,49.666666666666664,0.4941999408985273,-0.24262234530654647
1004,4,291,49.7,0.3957548596824255,-0.35924310622533184
1004,4,292,49.733333333333334,0.07380335425942798,-0.46710395702425034
1004,4,293,49.766666666666666,-0.27423810267737186,-0.5542433709698791
1004,4,294,49.8,-0.680825310561327,-0.6075375780834225
1004,4,295,49.833333333333336,-1.0007216997268156,-0.6152934031882865
1004,4,296,49.86666666666667,-1.2056819528288811,-0.5704950445262181
1004,4,297,49.9,-1.2957060698676037,-0.4738445006267156
1004,4,298,49.93333333333333,-1.2371603189203684,-0.33523223938367636
1004,4,299,49.96666666666667,-1.213325982811285,-0.1720681977554095
1004,5,0,50.0,-1.1786145679731332,0.08428485711802716
1004,5,1,50.03333333333333,-1.1786145679731332,0.181997989996717
1004,5,2,50.06666666666667,-1.1992158553355792,0.2648234360506486
1004,5,3,50.1,-1.2566588609738394,0.3241358141207209
1004,5,4,50.13333333333333,-0.7198725194550912,0.35660393554469244
1004,5,5,50.166666666666664,0.3763565672026527,0.3642011655917713
1004,5,6,50.2,1.6448144212014262,0.3521249964608307
1004,5,7,50.233333333333334,2.201826114181825,0.32620426174113154
1004,5,8,50.266666666666666,1.9121800338319792,0.29074363131187336
1004,5,9,50.3,1.2474501740831037,0.24694672442895782
1004,5,10,50.333333333333336,0.5178588402538389,0.19229780291034917
1004,5,11,50.36666666666667,-0.029503831273335945,0.12147737866913985
1004,5,12,50.4,-0.17351234366321988,0.02852217105388382
1004,5,13,50.43333333333333,0.009794001554274111,-0.09087375679484382
1004,5,14,50.46666666666667,0.30803648283511115,-0.23740583865172502
1004,5,15,50.5,0.5192122094966861,-0.40638368510952866
1004,5,16,50.53333333333333,0.3855795279681522,-0.5863408723153529
1004,5,17,50.56666666666667,0.03753807103135232,-0.7586431174964272
1004,5,18,50.6,-0.37240749756619,-0.8987550004500652
1004,5,19,50.63333333333333,-0.834182095683873,-0.9796895410146196
1004,5,20,50.666666666666664,-1.1810205577381063,-0.9773251129101108
1004,5,21,50.7,-1.3543771327817618,-0.8763825747696451
1004,5,22,50.733333333333334,-1.412797571762074,-0.6756510707492243
1004,5,23,50.766666666666666,-1.3562818746790166,-0.3910191170122313
1004,5,24,50.8,-1.2988138066473185,-0.054578485957211445
1004,5,25,50.833333333333336,-1.2413457386156468,0.29180626086093825
1004,5,26,50.86666666666667,-1.2371603189203684,0.6067356412465631
1004,5,27,50.9,-0.7482932735535266,0.8585205256736056
1004,5,28,50.93333333333333,0.38648177413002377,1.0301831737882277
1004,5,29,50.96666666666667,1.7137610654035824,1.1191392936599358
1004,5,30,51.0,2.4714724046105077,1.132851357944478
1004,5,31,51.03333333333333,2.307539289479562,1.083715904462675
1004,5,32,51.06666666666667,1.7019566781190183,0.9849194515077204
1004,5,33,51.1,1.0516126321731059,0.8471652544217826
1004,5,34,51.13333333333333,0.5162047222904298,0.6767307970667878
1004,5,35,51.166666666666664,0.2414457036113187,0.4758856327997899
1004,5,36,51.2,0.210443522994165,0.2454175385943714
1004,5,37,51.233333333333334,0.4264312291856329,-0.012213843512367012
1004,5,38,51.266666666666666,0.6181084137936838,-0.29038726109783386
1004,5,39,51.3,0.5577581705227055,-0.5773384236192404
1004,5,40,51.333333333333336,0.2875354450462303,-0.8563931503992772
1004,5,41,51.36666666666667,-0.11905176283780469,-1.1061444835184226
1004,5,42,51.4,-0.561678692409321,-1.300737466168242
1004,5,43,51.43333333333333,-1.072901392675423,-1.4118176506405054
1004,5,44,51.46666666666667,-1.271044674776829,-1.4129249652051454
1004,5,45,51.5,-1.3285127428085004,-1.2860049709944852
1004,5,46,51.53333333333333,-1.2957060698676037,-1.0285948396803875
1004,5,47,51.56666666666667,-1.2957060698676037,-0.6592817877725914
1004,5,48,51.6,-1.2661324456733711,-0.2184106469399666
1004,5,49,51.63333333333333,-1.0076389203009601,0.23889217070589625
1004,5,50,51.666666666666664,-0.02624572013328706,0.655777035976698
1004,5,51,51.7,1.2187787960508758,0.986876938776775
1004,5,52,51.733333333333334,2.2595448061473955,1.206892691944539
1004,5,53,51.766666666666666,2.3786663619060433,1.3118924781204446
1004,5,54,51.8,1.9258641006201473,1.3141456154631672
1004,5,55,51.833333333333336,1.3457950057256138,1.234480914343961
1004,5,56,51.86666666666667,0.8661759835178425,1.0951983961605585
1004,5,57,51.9,0.557883482489655,0.9149974482472488
1004,5,58,51.93333333333333,0.460666458549451,0.7065455249605886
1004,5,59,51.96666666666667,0.47838557067261656,0.47651721597672997
1004,5,60,52.0,0.5192122094966861,0.2275091255825279
1004,5,61,52.03333333333333,0.5036484632046212,-0.039009015030443
1004,5,62,52.06666666666667,0.3146028299019781,-0.3196631754488064
1004,5,63,52.1,0.010621060535912065,-0.6069834536548369
1004,5,64,52.13333333333333,-0.3959661473480431,-0.8881306128320796
1004,5,65,52.166666666666664,-0.7440076042847631,-1.1438775938930557
1004,5,66,52.2,-1.081873729507263,-1.3483508457179518
1004,5,67,52.233333333333334,-1.2462579677191048,-1.4711093208405424
1004,5,68,52.266666666666666,-1.2957060698676037,-1.48230613112769
1004,5,69,52.3,-1.2957060698676037,-1.3605142439549036
1004,5,70,52.333333333333336,-1.2957060698676037,-1.1010706104630048
1004,5,71,52.36666666666667,-1.2957060698676037,-0.7213884078275571
1004,5,72,52.4,-1.2845783672046895,-0.2608708396294488
1004,5,73,52.43333333333333,-0.7424787982881439,0.22525416871482498
1004,5,74,52.46666666666667,0.4192132598907935,0.6770377159487366
1004,5,75,52.5,1.6353909612888236,1.0429800338811253
1004,5,76,52.53333333333333,2.215835992084046,1.2909368139458253
1004,5,77,52.56666666666667,1.9878935242479459,1.4117689656902512
1004,5,78,52.6,1.5255174286890063,1.415300009746989
1004,5,79,52.63333333333333,1.0029164018261445,1.3226875267542375
1004,5,80,52.666666666666664,0.6510403987014503,1.1587169846079322
1004,5,81,52.7,0.525202121515681,0.9461652633781203
1004,5,82,52.733333333333334,0.460666458549451,0.703019033270464
1004,5,83,52.766666666666666,0.460666458549451,0.4419897240977859
1004,5,84,52.8,0.4698894193151102,0.1714489735157883
1004,5,85,52.833333333333336,0.3641762440173732,-0.10311363012159416
1004,5,86,52.86666666666667,0.13214860605955986,-0.3774263543708522
1004,5,87,52.9,-0.14596877333316507,-0.646284782085044
1004,5,88,52.93333333333333,-0.49401023026996493,-0.9010303979203091
1004,5,89,52.96666666666667,-0.7835059362594498,-1.1272553023314489
1004,5,90,53.0,-0.9715991986135054,-1.3038881042174115
1004,5,91,53.03333333333333,-1.061523066078663,-1.4051261294592112
1004,5,92,53.06666666666667,-1.1200688170258981,-1.4054337359798401
1004,5,93,53.1,-1.061523066078663,-1.2864280427587962
1004,5,94,53.13333333333333,-1.061523066078663,-1.0438464257473943
1004,5,95,53.166666666666664,-1.061523066078663,-0.6924175070035173
1004,5,96,53.2,-1.1200688170258981,-0.2665543207740413
1004,5,97,53.233333333333334,-0.8849585046816215,0.18468406892727274
1004,5,98,53.266666666666666,0.007688760509995859,0.6076800671517146
1004,5,99,53.3,1.1103588822673909,0.9564673390491596
1004,5,100,53.333333333333336,1.9034583209340914,1.2026945223639316
1004,5,101,53.36666666666667,1.9208516219432044,1.338386093570865
1004,5,102,53.4,1.4819589889859375,1.3713804785989763
1004,5,103,53.43333333333333,0.989282459824719,1.3180857217260937
1004,5,104,53.46666666666667,0.5807654476501244,1.1968829400518426
1004,5,105,53.5,0.3754292586472368,1.0234760812135082
1004,5,106,53.53333333333333,0.34357495665498067,0.8088706816701097
1004,5,107,53.56666666666667,0.368111039778859,0.560055695445578
1004,5,108,53.6,0.460666458549451,0.28235356012978974
1004,5,109,53.63333333333333,0.41590502396389556,-0.018411396759937394
1004,5,110,53.666666666666664,0.18387738600608225,-0.3344963017819871
1004,5,111,53.7,-0.06837560341338149,-0.6548015683789647
1004,5,112,53.733333333333334,-1.0806707346247764,-0.9633482298117184
1004,5,113,53.766666666666666,-1.1786145679731332,-1.2384288273295614
1004,5,114,53.8,-1.1786145679731332,-1.453155265212539
1004,5,115,53.833333333333336,-1.1200688170258981,-1.5779186476271865
1004,5,116,53.86666666666667,-1.1200688170258981,-1.584938038379919
1004,5,117,53.9,-1.1200688170258981,-1.454577721025099
1004,5,118,53.93333333333333,-1.191296139025918,-1.1821710464157575
1004,5,119,53.96666666666667,-1.1321990154241424,-0.7832551376808503
1004,5,120,54.0,-0.3813297096111544,-0.2951333852762871
1004,5,121,54.03333333333333,0.7307889344523611,0.22689374050420533
1004,5,122,54.06666666666667,1.7905271763415416,0.7190336925870902
1004,5,123,54.1,2.0268154211747604,1.1230945004497874
1004,5,124,54.13333333333333,1.6590498606439752,1.400355949847376
1004,5,125,54.166666666666664,1.0204350148022068,1.5376590965593726
1004,5,126,54.2,0.4484861353643046,1.5441563621299867
1004,5,127,54.233333333333334,0.10640952805322157,1.4434002610626342
1004,5,128,54.266666666666666,0.05275094381605974,1.2645656736162454
1004,5,129,54.3,0.228137572723946,1.0348748865507558
1004,5,130,54.333333333333336,0.46016521068175936,0.7747536370297764
1004,5,131,54.36666666666667,0.46199476539883383,0.4965782213847762
1004,5,132,54.4,0.28984118523763847,0.20650897071721597
1004,5,133,54.43333333333333,-0.0007322036674100072,-0.09224848498132326
1004,5,134,54.46666666666667,-0.4578201342221229,-0.3960346996702312
1004,5,135,54.5,-0.8633296591905144,-0.6978442317525625
1004,5,136,54.53333333333333,-1.1066353741716026,-0.985380901836983
1004,5,137,54.56666666666667,-1.2879116655248921,-1.2402799153090123
1004,5,138,54.6,-1.2957060698676037,-1.4387712963377934
1004,5,139,54.63333333333333,-1.2471100890941806,-1.5540810689014104
1004,5,140,54.666666666666664,-1.1896420210625092,-1.5606296059352878
1004,5,141,54.7,-1.1786145679731332,-1.4397275796296054
1004,5,142,54.733333333333334,-1.1786145679731332,-1.1857344305114024
1004,5,143,54.766666666666666,-1.045758820639548,-0.8109720346304755
1004,5,144,54.8,-0.21962714749143622,-0.34760057848344633
1004,5,145,54.833333333333336,0.9240951746304897,0.1550886241124497
1004,5,146,54.86666666666667,1.9364404306287337,0.6386075823883738
1004,5,147,54.9,2.1185187185702765,1.0478510386495237
1004,5,148,54.93333333333333,1.671280308615811,1.3440276324509248
1004,5,149,54.96666666666667,0.9948463111561493,1.510752837862749
1004,5,150,55.0,0.39405061693227394,1.5516026193218067
1004,5,151,55.03333333333333,0.015182416132012455,1.483197402133851
1004,5,152,55.06666666666667,-0.0076995490284302555,1.327610791297522
1004,5,153,55.1,0.15137146178588023,1.1067316371317721
1004,5,154,55.13333333333333,0.40843643073523694,0.8395495003712022
1004,5,155,55.166666666666664,0.460666458549451,0.541636071097882
1004,5,156,55.2,0.25274884302789824,0.22585984681017712
1004,5,157,55.233333333333334,-0.09529261390882175,-0.09653856822968195
1004,5,158,55.266666666666666,-0.5299998271707835,-0.41493620158730865
1004,5,159,55.3,-0.967012780624047,-0.7182960489567933
1004,5,160,55.333333333333336,-1.2305438470667325,-0.994119450929839
1004,5,161,55.36666666666667,-1.3791387774461012,-1.2275485658214667
1004,5,162,55.4,-1.412797571762074,-1.4010020961962335
1004,5,163,55.43333333333333,-1.390065980961912,-1.494882127160886
1004,5,164,55.46666666666667,-1.3325979129302405,-1.4898336192552049
1004,5,165,55.5,-1.2957060698676037,-1.3708048137314803
1004,5,166,55.53333333333333,-1.3152046119211012,-1.1323296893222763
1004,5,167,55.56666666666667,-1.240443492453802,-0.7836195993669274
1004,5,168,55.6,-0.46092787100165133,-0.35154642432087546
1004,5,169,55.63333333333333,0.8314896310731552,0.12054061536364634
1004,5,170,55.666666666666664,2.0891706559166385,0.5793196010936397
1004,5,171,55.7,2.481547486751216,0.9731558531363107
1004,5,172,55.733333333333334,2.093331013218426,1.2647134663789337
1004,5,173,55.766666666666666,1.454716167376524,1.4371056784862526
1004,5,174,55.8,0.826978400263824,1.491823310738505
1004,5,175,55.833333333333336,0.44106766692238847,1.4426285278121325
1004,5,176,55.86666666666667,0.28502920570774554,1.3088245933094491
1004,5,177,55.9,0.3588630166197886,1.1097313768930102
1004,5,178,55.93333333333333,0.5257785565635531,0.861615622991966
1004,5,179,55.96666666666667,0.5777579604439212,0.5776091599065272
1004,5,180,56.0,0.44743351484215216,0.26957176735300103
1004,5,181,56.03333333333333,0.09939205790543215,-0.050389357785564574
1004,5,182,56.06666666666667,-0.30719514997860287,-0.3696283529942536
1004,5,183,56.1,-0.7137823578625581,-0.6751831509047825
1004,5,184,56.13333333333333,-1.0617235652257397,-0.9538461167406952
1004,5,185,56.166666666666664,-1.2361828855783699,-1.191692546608758
1004,5,186,56.2,-1.2957060698676037,-1.3732971330080201
1004,5,187,56.233333333333334,-1.2957060698676037,-1.4814545197284226
1004,5,188,56.266666666666666,-1.2413708010090314,-1.4982865716295777
1004,5,189,56.3,-1.18390273297736,-1.408426233058669
1004,5,190,56.333333333333336,-1.1786145679731332,-1.2039755894017325
1004,5,191,56.36666666666667,-1.2371603189203684,-0.8898911254051876
1004,5,192,56.4,-1.087086707331256,-0.48784420188783784
1004,5,193,56.43333333333333,-0.10368851569270991,-0.0363626282527325
1004,5,194,56.46666666666667,1.2586029391393225,0.41442578930837964
1004,5,195,56.5,2.3689421532727457,0.8140844763374885
1004,5,196,56.53333333333333,2.5225996871157736,1.1250042204089463
1004,5,197,56.56666666666667,2.052404124820711,1.329207272025732
1004,5,198,56.6,1.1796062751900023,1.4265695546946084
1004,5,199,56.63333333333333,0.7430444448175815,1.4285615125921394
1004,5,200,56.666666666666664,0.5363548865719797,1.3512541083356706
1004,5,201,56.7,0.5192122094966861,1.2100754015501674
1004,5,202,56.733333333333334,0.5777579604439212,1.0174858259878619
1004,5,203,56.766666666666666,0.6363037113911564,0.7833034498443662
1004,5,204,56.8,0.5035732760244408,0.516503982641123
1004,5,205,56.833333333333336,0.2355309787724509,0.22677180498077304
1004,5,206,56.86666666666667,-0.1125104781642691,-0.0749613222630343
1004,5,207,56.9,-0.4944112285641449,-0.3766356987366082
1004,5,208,56.93333333333333,-0.8343575324375118,-0.6654145969468004
1004,5,209,56.96666666666667,-1.0663851703953784,-0.927916316366128
1004,5,210,57.0,-1.1786145679731332,-1.1501424566822482
1004,5,211,57.03333333333333,-1.1786145679731332,-1.3171466860179004
1004,5,212,57.06666666666667,-1.1786145679731332,-1.4130006451548707
1004,5,213,57.1,-1.151221372003386,-1.4219761376981308
1004,5,214,57.13333333333333,-1.1200688170258981,-1.3313563874548324
1004,5,215,57.166666666666664,-1.20385239811178,-1.1356001109609253
1004,5,216,57.2,-1.271545922644494,-0.8407298240145595
1004,5,217,57.233333333333334,-0.81831760067106,-0.4671260021242644
1004,5,218,57.266666666666666,0.2563578276753579,-0.04905602888192454
1004,5,219,57.3,1.5481237075224314,0.37018995204915967
1004,5,220,57.333333333333336,2.2368884025273874,0.7466786644006421
1004,5,221,57.36666666666667,2.083406305437892,1.0449127666367517
1004,5,222,57.4,1.5431112288452489,1.2443985021688477
1004,5,223,57.43333333333333,1.0215878848979507,1.3407232081214822
1004,5,224,57.46666666666667,0.5896876596951154,1.341534299413549
1004,5,225,57.5,0.3876597066190991,1.2610166401402731
1004,5,226,57.53333333333333,0.34357495665498067,1.1153266391271208
1004,5,227,57.56666666666667,0.41442634275423185,0.9197765773225822
1004,5,228,57.6,0.5079842572602337,0.6877851421093096
1004,5,229,57.63333333333333,0.3919704382813004,0.43096279431597
1004,5,230,57.666666666666664,0.14071994459721995,0.159604566109793
1004,5,231,57.7,-0.14877576139234475,-0.1170124304643965
1004,5,232,57.733333333333334,-0.4968172183290647,-0.3904510506154216
1004,5,233,57.766666666666666,-0.8390191376070972,-0.6523562616143681
1004,5,234,57.8,-1.0125010246177286,-0.8930807998039908
1004,5,235,57.833333333333336,-1.123752988853485,-1.1003844691350364
1004,5,236,57.86666666666667,-1.1786145679731332,-1.258872234117554
1004,5,237,57.9,-1.1770857619766473,-1.350672748084366
1004,5,238,57.93333333333333,-1.1200688170258981,-1.3576791275709739
1004,5,239,57.96666666666667,-1.1200688170258981,-1.2653691921170644
1004,5,240,58.0,-1.1769103252229551,-1.0675286514253133
1004,5,241,58.03333333333333,-1.2343783932546533,-0.7705448821078585
1004,5,242,58.06666666666667,-1.0184157494565433,-0.3957316105971381
1004,5,243,58.1,-0.11068092344700825,0.021778101074513348
1004,5,244,58.13333333333333,1.6359924587299735,0.4381202272064999
1004,5,245,58.166666666666664,2.144307921363384,0.809187669363114
1004,5,246,58.2,1.8984458422570154,1.099842546058014
1004,5,247,58.233333333333334,1.3850928385531973,1.2895648085480127
1004,5,248,58.266666666666666,0.8532437885311852,1.3731004176308506
1004,5,249,58.3,0.43633087457264924,1.357735724377633
1004,5,250,58.333333333333336,0.2975102776134536,1.2588756010755038
1004,5,251,58.36666666666667,0.33001620183373553,1.095250158549505
1004,5,252,58.4,0.5045757717598773,0.8850292785446862
1004,5,253,58.43333333333333,0.5777579604439212,0.6438967517259541
1004,5,254,58.46666666666667,0.4357043147380347,0.3848586134494553
1004,5,255,58.5,0.16300041231637946,0.1184413587231912
1004,5,256,58.53333333333333,-0.12649529367310539,-0.1471869487148837
1004,5,257,58.56666666666667,-0.47453675060982536,-0.40563371518960323
1004,5,258,58.6,-0.7265892408822657,-0.6509579115193241
1004,5,259,58.63333333333333,-0.8637055950912831,-0.8757215825544546
1004,5,260,58.666666666666664,-0.9444315641841927,-1.0691736150186355
1004,5,261,58.7,-0.9444315641841927,-1.2168239498774387
1004,5,262,58.733333333333334,-0.9444315641841927,-1.3018687198080205
1004,5,263,58.766666666666666,-0.9123767630448333,-1.3080119664110113
1004,5,264,58.8,-0.9444315641841927,-1.223100266321292
1004,5,265,58.833333333333336,-1.0029773151314278,-1.0429177820551911
1004,5,266,58.86666666666667,-0.9165120579533426,-0.7742736165702871
1004,5,267,58.9,-0.2233113193191561,-0.43639273676863394
1004,5,268,58.93333333333333,0.8177554394982712,-0.05978027284195267
1004,5,269,58.96666666666667,1.759524995724308,0.3179206947520628
1004,5,270,59.0,1.9338339417165773,0.6585100248237198
1004,5,271,59.03333333333333,1.5729605393667385,0.9306327629573454
1004,5,272,59.06666666666667,0.9928914444720721,1.1154255464803373
1004,5,273,59.1,0.43410032156136824,1.2073711393683009
1004,5,274,59.13333333333333,0.08919166379777423,1.2107258155779743
1004,5,275,59.166666666666664,0.0699688080715337,1.1351400071095428
1004,5,276,59.2,0.2625733012348407,0.9927310824412771
1004,5,277,59.233333333333334,0.4776336988710791,0.7969865575683232
1004,5,278,59.266666666666666,0.48743309468455714,0.5627813281578935
1004,5,279,59.3,0.18204783128900778,0.3059827667180992
1004,5,280,59.333333333333336,-0.12118206627552078,0.042264000544856545
1004,5,281,59.36666666666667,-0.514035082584512,-0.2139797479747549
1004,5,282,59.4,-0.7919519628302136,-0.4498771855659207
1004,5,283,59.43333333333333,-1.0134784579597274,-0.6531230467304691
1004,5,284,59.46666666666667,-1.061523066078663,-0.8105443201710162
1004,5,285,59.5,-1.0531772890814641,-0.9078401516705449
1004,5,286,59.53333333333333,-0.9957092210497926,-0.9313136428556534
1004,5,287,59.56666666666667,-0.9444315641841927,-0.8713404258063544
1004,5,288,59.6,-0.9444315641841927,-0.7266475023236962
1004,5,289,59.63333333333333,-0.8657105865619699,-0.507938035956739
1004,5,290,59.666666666666664,-0.15967790251466446,-0.23920000490856935
1004,5,291,59.7,0.8307377592715646,0.044807853636467325
1004,5,292,59.733333333333334,1.8104267166891925,0.30511907303090724
1004,5,293,59.766666666666666,2.0414017341248,0.5079342374146677
1004,5,294,59.8,1.6369949544652238,0.6331758404026004
1004,5,295,59.833333333333336,1.058279228813458,0.6769443423030495
1004,5,296,59.86666666666667,0.47821013391892453,0.6475989009122467
1004,5,297,59.9,0.17711053979213864,0.5601715058683941
1004,5,298,59.93333333333333,0.10372785196104468,0.4320202647005293
1004,5,299,59.96666666666667,0.21974167093997796,0.28015108615703177
1004,6,0,60.0,0.4450275250772589,-0.016255545295102418
1004,6,1,60.03333333333333,0.460666458549451,-0.10349784686097481
1004,6,2,60.06666666666667,0.30497887084213887,-0.19834629743405968
1004,6,3,60.1,-0.0330877535273844,-0.3054635772118147
1004,6,4,60.13333333333333,-0.42754476301312205,-0.426758681480212
1004,6,5,60.166666666666664,-0.7877164183481394,-0.5609574465966257
1004,6,6,60.2,-1.032951937619867,-0.7034379230880774
1004,6,7,60.233333333333334,-1.1786145679731332,-0.8458889433781756
1004,6,8,60.266666666666666,-1.2371603189203684,-0.9756835947310053
1004,6,9,60.3,-1.1961331809491957,-1.0752540034598397
1004,6,10,60.333333333333336,-1.138665112917524,-1.1225077995365542
1004,6,11,60.36666666666667,-1.1200688170258981,-1.0937865841718162
1004,6,12,60.4,-1.1578629062504067,-0.9695571170774859
1004,6,13,60.43333333333333,-0.9146574408428835,-0.7415199344620489
1004,6,14,60.46666666666667,-0.03822554417117043,-0.41854121165359726
1004,6,15,60.5,1.133566658541913,-0.028036014674697813
1004,6,16,60.53333333333333,2.058243662479559,0.3884720979288175
1004,6,17,60.56666666666667,2.1522276376730183,0.7844525142802031
1004,6,18,60.6,1.7091245226271952,1.1188483170148313
1004,6,19,60.63333333333333,1.1290554277325286,1.3631810670340914
1004,6,20,60.666666666666664,0.665877335585389,1.5034413217248281
1004,6,21,60.7,0.37402576461767356,1.538117130616668
1004,6,22,60.733333333333334,0.34357495665498067,1.4743478717259924
1004,6,23,60.766666666666666,0.3695145338083956,1.3242892399926363
1004,6,24,60.8,0.460666458549451,1.1027280982070666
1004,6,25,60.833333333333336,0.4368822472271367,0.8257856967242608
1004,6,26,60.86666666666667,0.21690962048741372,0.5102142387873677
1004,6,27,60.9,-0.07258608550207112,0.17267745318224653
1004,6,28,60.93333333333333,-0.47917329338610615,-0.17101479902234956
1004,6,29,60.96666666666667,-0.8077412706627132,-0.5061401768832102
1004,6,30,61.0,-1.0397689086205264,-0.8186270481142254
1004,6,31,61.03333333333333,-1.1786145679731332,-1.0943005148807576
1004,6,32,61.06666666666667,-1.2371603189203684,-1.318147663185237
1004,6,33,61.1,-1.1786145679731332,-1.4738684708764054
1004,6,34,61.13333333333333,-1.1786145679731332,-1.5442668935865735
1004,6,35,61.166666666666664,-1.1330761991926825,-1.5131843113265784
1004,6,36,61.2,-1.1905442672243807,-1.3691637901849383
1004,6,37,61.233333333333334,-1.2371603189203684,-1.1103718635591486
1004,6,38,61.266666666666666,-0.9833283987174897,-0.7493383307205022
1004,6,39,61.3,0.07926695601739994,-0.3153301938843781
1004,6,40,61.333333333333336,1.2979508967537017,0.1476379897008483
1004,6,41,61.36666666666667,2.223580271639988,0.5884487617652715
1004,6,42,61.4,2.1421024307455143,0.9600655341492815
1004,6,43,61.43333333333333,1.6681976342294806,1.229072719075918
1004,6,44,61.46666666666667,1.0914367752617655,1.380398715200912
1004,6,45,61.5,0.6881578033045485,1.4166502057228993
1004,6,46,61.53333333333333,0.4595135884537336,1.3532634608393088
1004,6,47,61.56666666666667,0.4021207076022158,1.212107477898326
1004,6,48,61.6,0.4021207076022158,1.0157272488511133
1004,6,49,61.63333333333333,0.460666458549451,0.783571813221543
1004,6,50,61.666666666666664,0.40527856916869975,0.5306511738808722
1004,6,51,61.7,0.17640879277737037,0.26819599695564145
1004,6,52,61.733333333333334,-0.11416459612767811,0.005246345539594804
1004,6,53,61.766666666666666,-0.5090476663009537,-0.2502498883301691
1004,6,54,61.8,-0.8124028758322986,-0.4911942980210551
1004,6,55,61.833333333333336,-1.052976789934414,-0.7112123059845918
1004,6,56,61.86666666666667,-1.1786145679731332,-0.904140858119223
1004,6,57,61.9,-1.2371603189203684,-1.0630434292041917
1004,6,58,61.93333333333333,-1.1903938928640465,-1.1791046605084503
1004,6,59,61.96666666666667,-1.1786145679731332,-1.2411382112959881
1004,6,60,62.0,-1.1786145679731332,-1.2363147136888593
1004,6,61,62.03333333333333,-1.222147945282791,-1.1524258739986109
1004,6,62,62.06666666666667,-1.3381617642617243,-0.9814583491617473
1004,6,63,62.1,-1.2714957978577248,-0.7236761798026494
1004,6,64,62.13333333333333,-0.4243367766597891,-0.39109806710564365
1004,6,65,62.166666666666664,0.8142467044244565,-0.00909937316367718
1004,6,66,62.2,1.8985962166174026,0.3853129160430712
1004,6,67,62.233333333333334,2.121425956202915,0.7498036309224895
1004,6,68,62.266666666666666,1.7218060936799267,1.045887054121736
1004,6,69,62.3,1.1642931528318365,1.2465864346788662
1004,6,70,62.333333333333336,0.6518925200765527,1.3401634756638348
1004,6,71,62.36666666666667,0.33660761129396044,1.3299171280370958
1004,6,72,62.4,0.28502920570774554,1.2307868530102317
1004,6,73,62.43333333333333,0.31563038803077254,1.0640108985948649
1004,6,74,62.46666666666667,0.4316442070096792,0.851719398703189
1004,6,75,62.5,0.4021207076022158,0.6136192331390201
1004,6,76,62.53333333333333,0.2029248049786573,0.36591601451844363
1004,6,77,62.56666666666667,-0.08657090101090739,0.12071365673334047
1004,6,78,62.6,-0.43461235794762737,-0.11459978419048264
1004,6,79,62.63333333333333,-0.7826538148844272,-0.3370258269659249
1004,6,80,62.666666666666664,-1.0490921189597506,-0.5463750502923242
1004,6,81,62.7,-1.200594286971731,-0.742890194586758
1004,6,82,62.733333333333334,-1.2957060698676037,-0.9245534029182255
1004,6,83,62.766666666666666,-1.2371603189203684,-1.084549783307631
1004,6,84,62.8,-1.1786145679731332,-1.209838710044067
1004,6,85,62.833333333333336,-1.1786145679731332,-1.2820874997885323
1004,6,86,62.86666666666667,-1.1786145679731332,-1.2810430792969891
1004,6,87,62.9,-1.194128189478429,-1.1891787101623241
1004,6,88,62.93333333333333,-1.3101420084573359,-0.9966334801972687
1004,6,89,62.96666666666667,-1.215556535822433,-0.7057409730658205
1004,6,90,63.0,-0.3069946508313931,-0.33394475921757827
1004,6,91,63.03333333333333,0.935172752506608,0.0864363702526071
1004,6,92,63.06666666666667,2.0819025618349234,0.5123091271790685
1004,6,93,63.1,2.2484421658778393,0.8974354937380036
1004,6,94,63.13333333333333,1.8179454347045139,1.2015367363340448
1004,6,95,63.166666666666664,1.1804082717783089,1.3974181349425194
1004,6,96,63.2,0.5603145346479328,1.4741709290312384
1004,6,97,63.233333333333334,0.2217466624107445,1.4363248591033075
1004,6,98,63.266666666666666,0.17159681324747741,1.2999940137605825
1004,6,99,63.3,0.348737809692311,1.0879401435034946
1004,6,100,63.333333333333336,0.5792617040470228,0.824933461183798
1004,6,101,63.36666666666667,0.5773318997563568,0.5340387780018058
1004,6,102,63.4,0.4034239520582141,0.23415453396134975
1004,6,103,63.43333333333333,0.056034117349493213,-0.061103212553705856
1004,6,104,63.46666666666667,-0.2920073395873066,-0.3431599772416042
1004,6,105,63.5,-0.6985945474712618,-0.606919944698255
1004,6,106,63.53333333333333,-0.9345068564037918,-0.8481666425895464
1004,6,107,63.56666666666667,-1.114028780220134,-1.060465817955261
1004,6,108,63.6,-1.1200688170258981,-1.232559906059172
1004,6,109,63.63333333333333,-1.1200688170258981,-1.3475406696470302
1004,6,110,63.666666666666664,-1.061523066078663,-1.384548179635039
1004,6,111,63.7,-1.061523066078663,-1.323016832821141
1004,6,112,63.733333333333334,-1.061523066078663,-1.1487299787733916
1004,6,113,63.766666666666666,-1.1200688170258981,-0.8602241995198796
1004,6,114,63.8,-0.9851830158280819,-0.4735797731983673
1004,6,115,63.833333333333336,-0.13965305020017058,-0.023448091417708268
1004,6,116,63.86666666666667,1.0486302073604736,0.4410420158961344
1004,6,117,63.9,2.057592040251506,0.865689073770902
1004,6,118,63.93333333333333,2.1763877848961015,1.203081307608888
1004,6,119,63.96666666666667,1.7264426364561276,1.4215158421286531
1004,6,120,64.0,1.087827790614359,1.508507513555198
1004,6,121,64.03333333333333,0.48663109809619726,1.4697451572183426
1004,6,122,64.06666666666666,0.15380251394415806,1.3247504527000955
1004,6,123,64.1,0.14465474035867917,1.1005458818783718
1004,6,124,64.13333333333334,0.32903876849173685,0.8251077013395368
1004,6,125,64.16666666666667,0.5523196311581979,0.5225825007615452
1004,6,126,64.2,0.6042739726451816,0.21107766235700764
1004,6,127,64.23333333333333,0.3402165959413935,-0.09737405321942179
1004,6,128,64.26666666666667,-0.038776916825817596,-0.39530974501696886
1004,6,129,64.3,-0.4156150637618481,-0.677468943329648
1004,6,130,64.33333333333333,-0.7934055816464928,-0.9380677392892752
1004,6,131,64.36666666666666,-1.0296186392996378,-1.1680181662504572
1004,6,132,64.4,-1.1456324582785444,-1.3528457488984806
1004,6,133,64.43333333333334,-1.1786145679731332,-1.4724178180006686
1004,6,134,64.46666666666667,-1.1200688170258981,-1.5032580763968488
1004,6,135,64.5,-1.061523066078663,-1.423660668215269
1004,6,136,64.53333333333333,-1.061523066078663,-1.220592727424257
1004,6,137,64.56666666666666,-1.099893590351017,-0.896235050409631
1004,6,138,64.6,-0.7713005506808922,-0.4719990118682572
1004,6,139,64.63333333333334,0.154479198565595,0.011777550425800757
1004,6,140,64.66666666666667,1.3326372491987084,0.5014074432952597
1004,6,141,64.7,2.1902222260446305,0.9405026611306384
1004,6,142,64.73333333333333,2.172678550675157,1.2824081694788396
1004,6,143,64.76666666666667,1.7386730844279632,1.4986278059612546
1004,6,144,64.8,1.15860398953343,1.5809747863365788
1004,6,145,64.83333333333333,0.6601881722869558,1.539055855741834
1004,6,146,64.86666666666666,0.4021207076022158,1.3949270206969977
1004,6,147,64.9,0.35297335417433195,1.176522468851653
1004,6,148,64.93333333333334,0.46898717315326527,0.9115099247745988
1004,6,149,64.96666666666667,0.5192122094966861,0.6230610160131076
1004,6,150,65.0,0.5068815119512589,0.3280168603024416
1004,6,151,65.03333333333333,0.26976620813629554,0.0369582840559732
1004,6,152,65.06666666666666,-0.019729497853269155,-0.24447108494618716
1004,6,153,65.1,-0.4263167057372243,-0.5136092276766714
1004,6,154,65.13333333333334,-0.7725035455634586,-0.7683990073065611
1004,6,155,65.16666666666667,-1.0037542493263765,-1.0044369269313675
1004,6,156,65.2,-1.119768068305283,-1.212034835326166
1004,6,157,65.23333333333333,-1.1200688170258981,-1.374591921914162
1004,6,158,65.26666666666667,-1.1200688170258981,-1.469399176017898
1004,6,159,65.3,-1.0650568635459423,-1.4715504876143493
1004,6,160,65.33333333333333,-1.1154573366430818,-1.3603917489007922
1004,6,161,65.36666666666666,-1.1200688170258981,-1.1266994185434278
1004,6,162,65.4,-1.075056758506497,-0.7784931602956144
1004,6,163,65.43333333333334,-0.3046387858532158,-0.34342912220039357
1004,6,164,65.46666666666667,0.8308881336318454,0.13356566641885664
1004,6,165,65.5,1.9514026794795687,0.5977388554313628
1004,6,166,65.53333333333333,2.2755847379137406,0.9954328246877719
1004,6,167,65.56666666666666,1.9729312753970576,1.285128281900304
1004,6,168,65.6,1.4050174412942062,1.4452123076521204
1004,6,169,65.63333333333334,0.9277292216712274,1.4756168674176102
1004,6,170,65.66666666666667,0.6085345795206137,1.393499840847163
1004,6,171,65.7,0.5192122094966861,1.2260455364446268
1004,6,172,65.73333333333333,0.5192122094966861,1.0029770403904739
1004,6,173,65.76666666666667,0.5591366021589107,0.7503982268550698
1004,6,174,65.8,0.5389112506972337,0.4870652318450466
1004,6,175,65.83333333333333,0.38512840488720307,0.22360462150214
1004,6,176,65.86666666666666,0.11640942301382946,-0.035783427272159114
1004,6,177,65.9,-0.17308628297573525,-0.29040457568555766
1004,6,178,65.93333333333334,-0.5211277399124552,-0.5397693439937162
1004,6,179,65.96666666666667,-0.8357109016803325,-0.7802055466383874
1004,6,180,66.0,-1.0091927886909107,-1.0020667744593226
1004,6,181,66.03333333333333,-1.0928259954164583,-1.18856829121257
1004,6,182,66.06666666666666,-1.1200688170258981,-1.316895980402935
1004,6,183,66.1,-1.0909212535192034,-1.3617091715381167
1004,6,184,66.13333333333334,-1.061523066078663,-1.30056425652214
1004,6,185,66.16666666666667,-1.1200688170258981,-1.1201860907657728
1004,6,186,66.2,-1.2045290827331903,-0.8222357594452067
1004,6,187,66.23333333333333,-0.9710478259589381,-0.4270773717380644
1004,6,188,66.26666666666667,-0.08659596340423872,0.02614190261867212
1004,6,189,66.3,1.0387556243667886,0.4846209358047602
1004,6,190,66.33333333333333,1.9305758305765817,0.8917677184001382
1004,6,191,66.36666666666666,1.9798234335779241,1.199248308934758
1004,6,192,66.4,1.5537878084272405,1.3774284785013458
1004,6,193,66.43333333333334,1.0311867815643787,1.4198436525031723
1004,6,194,66.46666666666667,0.5844245570842733,1.3406618276110982
1004,6,195,66.5,0.3273595881349166,1.1675700303717707
1004,6,196,66.53333333333333,0.2416211403650374,0.9329987647831127
1004,6,197,66.56666666666666,0.29908920839670894,0.6664845691883448
1004,6,198,66.6,0.4021207076022158,0.38991625434012595
1004,6,199,66.63333333333334,0.3316703197971179,0.11615464390128259
1004,6,200,66.66666666666667,0.1354568419863779,-0.14934813069396824
1004,6,201,66.7,-0.1540388640031868,-0.40499497749967256
1004,6,202,66.73333333333333,-0.5020803209399068,-0.6489112146037068
1004,6,203,66.76666666666667,-0.8425278726809919,-0.8756303012562587
1004,6,204,66.8,-1.0680392883587608,-1.0743761302420543
1004,6,205,66.83333333333333,-1.1840531073376674,-1.2290271383067632
1004,6,206,66.86666666666666,-1.2371603189203684,-1.3197394840994825
1004,6,207,66.9,-1.1786145679731332,-1.3261221294057806
1004,6,208,66.93333333333334,-1.1200688170258981,-1.2315806488644778
1004,6,209,66.96666666666667,-1.1200688170258981,-1.028148436790459
1004,6,210,67.0,-1.1201189418126674,-0.7208804056775444
1004,6,211,67.03333333333333,-1.2361327607916006,-0.3307030730049081
1004,6,212,67.06666666666666,-0.9528525283615187,0.10572061103688224
1004,6,213,67.1,-0.0331629407073784,0.540571707069125
1004,6,214,67.13333333333334,1.1748945452337543,0.9235223420274205
1004,6,215,67.16666666666667,2.014710285169821,1.2121513162599051
1004,6,216,67.2,1.9371421776433955,1.3807795844868194
1004,6,217,67.23333333333333,1.4859188471408344,1.423933864729827
1004,6,218,67.26666666666667,0.8547976569210294,1.3538729102495466
1004,6,219,67.3,0.43106777196180723,1.1948666680619549
1004,6,220,67.33333333333333,0.17866440818203597,0.9763873402114213
1004,6,221,67.36666666666666,0.21467906747621257,0.7264194468485099
1004,6,222,67.4,0.38923863740235437,0.46636582831658574
1004,6,223,67.43333333333334,0.5637982073285228,0.2091357449248666
1004,6,224,67.46666666666667,0.49074133061137515,-0.039655050193534644
1004,6,225,67.5,0.2587136926535086,-0.27899720063058103
1004,6,226,67.53333333333333,-0.07321264533671228,-0.5093578912834272
1004,6,227,67.56666666666666,-0.46152936844304104,-0.7293786343180599
1004,6,228,67.6,-0.7692955592102322,-0.9329901273582938
1004,6,229,67.63333333333334,-0.9825514645227008,-1.107837698808458
1004,6,230,67.66666666666667,-1.061523066078663,-1.235660152243229
1004,6,231,67.7,-1.061523066078663,-1.2948934211399883
1004,6,232,67.73333333333333,-1.0029773151314278,-1.2651866131729101
1004,6,233,67.76666666666667,-0.9444315641841927,-1.1329176672803962
1004,6,234,67.8,-0.9771630499449359,-0.8962437824978283
1004,6,235,67.83333333333333,-1.0029773151314278,-0.5678804895481866
1004,6,236,67.86666666666666,-0.5853375917646325,-0.17491120642124444
1004,6,237,67.9,0.28728482111235787,0.24388166099083136
1004,6,238,67.93333333333334,1.332035751757372,0.6431945300950308
1004,6,239,67.96666666666667,1.8931075524660728,0.9793172468389376
1004,6,240,68.0,1.7284225655335361,1.2190364724480176
1004,6,241,68.03333333333333,1.2129141959985907,1.3449308198027046
1004,6,242,68.06666666666666,0.5984093725930297,1.3556162518394
1004,6,243,68.1,0.15738643619817988,1.2626879153253114
1004,6,244,68.13333333333334,-0.0076995490284302555,1.0860537132518988
1004,6,245,68.16666666666667,0.09260014929815723,0.8489085312161496
1004,6,246,68.2,0.3831735382032057,0.5735422528021556
1004,6,247,68.23333333333333,0.5192122094966861,0.2789736730694699
1004,6,248,68.26666666666667,0.42537860866342725,-0.019531860674817263
1004,6,249,68.3,0.11823897773093056,-0.30985495124798534
1004,6,250,68.33333333333333,-0.2298024792058693,-0.5817856585257366
1004,6,251,68.36666666666666,-0.5778439361425893,-0.8251863926784534
1004,6,252,68.4,-0.9125521997985786,-1.0281433563498532
1004,6,253,68.43333333333334,-1.061523066078663,-1.1761757395080894
1004,6,254,68.46666666666667,-1.061523066078663,-1.253136559534873
1004,6,255,68.5,-1.0514229215445168,-1.2438513015055206
1004,6,256,68.53333333333333,-0.9444315641841927,-1.1380819832750788
1004,6,257,68.56666666666666,-0.9444315641841927,-0.9349575429849717
1004,6,258,68.6,-0.9375644683967108,-0.6463813172668411
1004,6,259,68.63333333333334,-0.5526311683971675,-0.2975605651635522
1004,6,260,68.66666666666667,0.3321465052715581,0.07628446448627114
1004,6,261,68.7,1.4264708500317544,0.43679092557863475
1004,6,262,68.73333333333333,2.0414017341248,0.7504515581544285
1004,6,263,68.76666666666667,1.918395507391462,0.9935631735617343
1004,6,264,68.8,1.3953934822343137,1.153078528040212
1004,6,265,68.83333333333333,0.8731934536656318,1.2255636560185432
1004,6,266,68.86666666666666,0.46592956116029305,1.2154001648804968
1004,6,267,68.9,0.2878612561602299,1.132002969461011
1004,6,268,68.93333333333334,0.28502920570774554,0.9867765405220282
1004,6,269,68.96666666666667,0.39713329131860414,0.7913928829866267
1004,6,270,69.0,0.5131471102975641,0.557640775459995
1004,6,271,69.03333333333333,0.4092634897169015,0.2977584995706484
1004,6,272,69.06666666666666,0.13405334795678808,0.024459886408957382
1004,6,273,69.1,-0.15544235803269676,-0.2496079930498716
1004,6,274,69.13333333333334,-0.5034838149694167,-0.5124284794789862
1004,6,275,69.16666666666667,-0.8044330347359484,-0.7520144592407815
1004,6,276,69.2,-0.9904461184389772,-0.9549088572556134
1004,6,277,69.23333333333333,-1.061523066078663,-1.1054640635888322
1004,6,278,69.26666666666667,-1.0176638776550058,-1.1869856732071422
1004,6,279,69.3,-0.9601958096233343,-1.18492748265477
1004,6,280,69.33333333333333,-0.9444315641841927,-1.091454971847124
1004,6,281,69.36666666666666,-0.9850577038612123,-0.9098962513773383
1004,6,282,69.4,-0.8257861938998251,-0.6571979689242585
1004,6,283,69.43333333333334,-0.1482243887378307,-0.36249302806089667
1004,6,284,69.46666666666667,0.893143118799972,-0.06141200832652322
1004,6,285,69.5,1.813158517568245,0.21252396118375042
1004,6,286,69.53333333333333,2.0061640090255457,0.4359616781041024
1004,6,287,69.56666666666666,1.670578561601096,0.5983583175356619
1004,6,288,69.6,1.2065232856854693,0.6988777000713381
1004,6,289,69.63333333333334,0.8330184370696413,0.7417414770185115
1004,6,290,69.66666666666667,0.6053767179541032,0.7328738833810736
1004,6,291,69.7,0.4893628989751965,0.6786247167938527
1004,6,292,69.73333333333333,0.460666458549451,0.5865440750761398
1004,6,293,69.76666666666667,0.5192122094966861,0.4674412159195497
1004,6,294,69.8,0.43405019677465234,0.3368878292051316
1004,6,295,69.83333333333333,0.29249779893640415,0.21374097292885696
1004,6,296,69.86666666666666,0.0019244100313556688,0.11543365432156168
1004,6,297,69.9,-0.25348644095461864,0.05209805273087649
1004,6,298,69.93333333333334,-0.5792223677787413,0.022417259017875977
1004,6,299,69.96666666666667,-0.790022158539521,0.014266825593506276
