recording_id,measurement_id,sample_index,time_seconds,gt_signal,predicted_signal
COHFACE_s33_session2_natural,0,0,0.0,-5.295275688171387,-0.09839658205281204
COHFACE_s33_session2_natural,0,1,0.03333333333333333,-3.8464410305023193,0.23115324604272358
COHFACE_s33_session2_natural,0,2,0.06666666666666667,-0.2929397225379944,0.5071340147220125
COHFACE_s33_session2_natural,0,3,0.1,0.2773129642009735,0.6866447230816539
COHFACE_s33_session2_natural,0,4,0.13333333333333333,-0.15238501131534576,0.749035821754368
COHFACE_s33_session2_natural,0,5,0.16666666666666666,-0.08071129769086838,0.697801259911347
COHFACE_s33_session2_natural,0,6,0.2,-0.18027406930923462,0.5538642688260094
COHFACE_s33_session2_natural,0,7,0.23333333333333334,-0.44804149866104126,0.34932104942710795
COHFACE_s33_session2_natural,0,8,0.26666666666666666,-0.6736023426055908,0.12382355925007855
COHFACE_s33_session2_natural,0,9,0.3,-0.8686344027519226,-0.08151174483008342
COHFACE_s33_session2_natural,0,10,0.3333333333333333,-1.0383214950561523,-0.2332502622343194
COHFACE_s33_session2_natural,0,11,0.36666666666666664,-1.1615842580795288,-0.31340822286676273
COHFACE_s33_session2_natural,0,12,0.4,-1.2395129203796387,-0.3223383450204898
COHFACE_s33_session2_natural,0,13,0.43333333333333335,-1.2974046468734741,-0.2749444987760336
COHFACE_s33_session2_natural,0,14,0.4666666666666667,-1.3585387468338013,-0.19243965819894213
COHFACE_s33_session2_natural,0,15,0.5,-1.4496276378631592,-0.0953333543024337
COHFACE_s33_session2_natural,0,16,0.5333333333333333,-1.5504720211029053,-0.0002532370951221722
COHFACE_s33_session2_natural,0,17,0.5666666666666667,-1.3995879888534546,0.0803869978261289
COHFACE_s33_session2_natural,0,18,0.6,-0.6580318808555603,0.1380540234950544
COHFACE_s33_session2_natural,0,19,0.6333333333333333,0.2529148459434509,0.16974208949977954
COHFACE_s33_session2_natural,0,20,0.6666666666666666,0.751226007938385,0.18073289906017292
COHFACE_s33_session2_natural,0,21,0.7,0.7668060064315796,0.18429720356952978
COHFACE_s33_session2_natural,0,22,0.7333333333333333,0.4650284945964813,0.19716236323229389
COHFACE_s33_session2_natural,0,23,0.7666666666666667,0.006465901155024767,0.23296892719842943
COHFACE_s33_session2_natural,0,24,0.8,-0.3208383321762085,0.29647240894188287
COHFACE_s33_session2_natural,0,25,0.8333333333333334,-0.2997780740261078,0.38119705175702456
COHFACE_s33_session2_natural,0,26,0.8666666666666667,-0.0938333049416542,0.4708921754112129
COHFACE_s33_session2_natural,0,27,0.9,0.02438911236822605,0.5427942959667394
COHFACE_s33_session2_natural,0,28,0.9333333333333333,-0.02417762577533722,0.5716500656928775
COHFACE_s33_session2_natural,0,29,0.9666666666666667,-0.18305723369121552,0.5345994077213211
COHFACE_s33_session2_natural,0,30,1.0,-0.37911269068717957,0.4165076068009476
COHFACE_s33_session2_natural,0,31,1.0333333333333334,-0.5716963410377502,0.21472585351924986
COHFACE_s33_session2_natural,0,32,1.0666666666666667,-0.7304611802101135,-0.05837778944125029
COHFACE_s33_session2_natural,0,33,1.1,-0.8412331342697144,-0.3770983467035212
COHFACE_s33_session2_natural,0,34,1.1333333333333333,-0.9236569404602051,-0.7078546290501205
COHFACE_s33_session2_natural,0,35,1.1666666666666667,-0.9905964136123657,-1.0156530758193867
COHFACE_s33_session2_natural,0,36,1.2,-1.056455135345459,-1.269241771893284
COHFACE_s33_session2_natural,0,37,1.2333333333333334,-1.1352063417434692,-1.4435660657084803
COHFACE_s33_session2_natural,0,38,1.2666666666666666,-1.1877613067626953,-1.5198086567285651
COHFACE_s33_session2_natural,0,39,1.3,-0.9162064790725708,-1.4847817721175054
COHFACE_s33_session2_natural,0,40,1.3333333333333333,-0.11772454530000687,-1.3321413569248057
COHFACE_s33_session2_natural,0,41,1.3666666666666667,0.7190139889717102,-1.0678276133720408
COHFACE_s33_session2_natural,0,42,1.4,1.1363646984100342,-0.7164890117262314
COHFACE_s33_session2_natural,0,43,1.4333333333333333,1.1182405948638916,-0.32079138998586537
COHFACE_s33_session2_natural,0,44,1.4666666666666666,0.8141294121742249,0.06913423540807623
COHFACE_s33_session2_natural,0,45,1.5,0.3762158155441284,0.41256911920701606
COHFACE_s33_session2_natural,0,46,1.5333333333333334,0.06517063826322556,0.6925146677353481
COHFACE_s33_session2_natural,0,47,1.5666666666666667,0.09057300537824631,0.9152827220361187
COHFACE_s33_session2_natural,0,48,1.6,0.3035665452480316,1.0960299456561338
COHFACE_s33_session2_natural,0,49,1.6333333333333333,0.4091547429561615,1.2435299092075751
COHFACE_s33_session2_natural,0,50,1.6666666666666667,0.33049920201301575,1.353190588701748
COHFACE_s33_session2_natural,0,51,1.7,0.14242981374263763,1.4108466320950024
COHFACE_s33_session2_natural,0,52,1.7333333333333334,-0.06979860365390778,1.4028052474141213
COHFACE_s33_session2_natural,0,53,1.7666666666666666,-0.2563759982585907,1.3218857752753839
COHFACE_s33_session2_natural,0,54,1.8,-0.4001729190349579,1.1672871784101928
COHFACE_s33_session2_natural,0,55,1.8333333333333333,-0.5137758851051331,0.944614346864378
COHFACE_s33_session2_natural,0,56,1.8666666666666667,-0.583976686000824,0.6676863969317949
COHFACE_s33_session2_natural,0,57,1.9,-0.6407877206802368,0.3584953818682076
COHFACE_s33_session2_natural,0,58,1.9333333333333333,-0.7123562693595886,0.044187313009145024
COHFACE_s33_session2_natural,0,59,1.9666666666666666,-0.6246339082717896,-0.24719446277556514
COHFACE_s33_session2_natural,0,60,2.0,-0.03265145793557167,-0.49139723003225455
COHFACE_s33_session2_natural,0,61,2.033333333333333,0.8682337999343872,-0.673271790246061
COHFACE_s33_session2_natural,0,62,2.066666666666667,1.5486558675765991,-0.7904025301736162
COHFACE_s33_session2_natural,0,63,2.1,1.7726194858551025,-0.8507526553130301
COHFACE_s33_session2_natural,0,64,2.1333333333333333,1.6365026235580444,-0.8657545376910335
COHFACE_s33_session2_natural,0,65,2.1666666666666665,1.3075246810913086,-0.8456593460035989
COHFACE_s33_session2_natural,0,66,2.2,0.9666775465011597,-0.7988976299533664
COHFACE_s33_session2_natural,0,67,2.2333333333333334,0.8144546151161194,-0.7317947047139077
COHFACE_s33_session2_natural,0,68,2.2666666666666666,0.8759424686431885,-0.6476460624047552
COHFACE_s33_session2_natural,0,69,2.3,0.9656446576118469,-0.5471560767485304
COHFACE_s33_session2_natural,0,70,2.3333333333333335,0.9206548929214478,-0.43062288815333655
COHFACE_s33_session2_natural,0,71,2.3666666666666667,0.7404854893684387,-0.3004714787636658
COHFACE_s33_session2_natural,0,72,2.4,0.49907684326171875,-0.16276982055866876
COHFACE_s33_session2_natural,0,73,2.433333333333333,0.2663429081439972,-0.02671192053202556
COHFACE_s33_session2_natural,0,74,2.466666666666667,0.05719413608312607,0.09743670774932017
COHFACE_s33_session2_natural,0,75,2.5,-0.11672031134366989,0.2000688560906702
COHFACE_s33_session2_natural,0,76,2.533333333333333,-0.25081920623779297,0.27259819171980804
COHFACE_s33_session2_natural,0,77,2.566666666666667,-0.36404913663864136,0.3064991682500209
COHFACE_s33_session2_natural,0,78,2.6,-0.47784337401390076,0.29321046392088174
COHFACE_s33_session2_natural,0,79,2.6333333333333333,-0.5142062306404114,0.22855950744386616
COHFACE_s33_session2_natural,0,80,2.6666666666666665,-0.08716709911823273,0.11984553901067369
COHFACE_s33_session2_natural,0,81,2.7,0.8671721816062927,-0.011415843062668542
COHFACE_s33_session2_natural,0,82,2.7333333333333334,1.8140513896942139,-0.1338573380044104
COHFACE_s33_session2_natural,0,83,2.7666666666666666,2.3114445209503174,-0.21551496979790014
COHFACE_s33_session2_natural,0,84,2.8,2.3407299518585205,-0.23373456049994565
COHFACE_s33_session2_natural,0,85,2.8333333333333335,2.1256895065307617,-0.18042116616454615
COHFACE_s33_session2_natural,0,86,2.8666666666666667,1.818967342376709,-0.06171223446493828
COHFACE_s33_session2_natural,0,87,2.9,1.53573477268219,0.10440990525234067
COHFACE_s33_session2_natural,0,88,2.933333333333333,1.383712649345398,0.29116065221078036
COHFACE_s33_session2_natural,0,89,2.966666666666667,1.3345624208450317,0.46770115971364856
COHFACE_s33_session2_natural,0,90,3.0,1.2583649158477783,0.6051837346865747
COHFACE_s33_session2_natural,0,91,3.033333333333333,1.079017996788025,0.6821356172657327
COHFACE_s33_session2_natural,0,92,3.066666666666667,0.8208721280097961,0.6881609546817944
COHFACE_s33_session2_natural,0,93,3.1,0.5319010019302368,0.6259609785158854
COHFACE_s33_session2_natural,0,94,3.1333333333333333,0.2619912028312683,0.5106540571486788
COHFACE_s33_session2_natural,0,95,3.1666666666666665,0.02946767397224903,0.3646037791470175
COHFACE_s33_session2_natural,0,96,3.2,-0.1647801548242569,0.20943308958970838
COHFACE_s33_session2_natural,0,97,3.2333333333333334,-0.3173665404319763,0.06008060418260486
COHFACE_s33_session2_natural,0,98,3.2666666666666666,-0.45549196004867554,-0.07651927914164043
COHFACE_s33_session2_natural,0,99,3.3,-0.5975195169448853,-0.1983885060793367
COHFACE_s33_session2_natural,0,100,3.3333333333333335,-0.6584336161613464,-0.30357049556126836
COHFACE_s33_session2_natural,0,101,3.3666666666666667,-0.2655288577079773,-0.3873623996911864
COHFACE_s33_session2_natural,0,102,3.4,0.7390317320823669,-0.44297568047755814
COHFACE_s33_session2_natural,0,103,3.433333333333333,1.8426481485366821,-0.4638292280532857
COHFACE_s33_session2_natural,0,104,3.466666666666667,2.4009745121002197,-0.44599628033925476
COHFACE_s33_session2_natural,0,105,3.5,2.4360461235046387,-0.39001980796412555
COHFACE_s33_session2_natural,0,106,3.533333333333333,2.2663207054138184,-0.30176709652581735
COHFACE_s33_session2_natural,0,107,3.566666666666667,1.9888648986816406,-0.19246150174196985
COHFACE_s33_session2_natural,0,108,3.6,1.6466597318649292,-0.07754318072108099
COHFACE_s33_session2_natural,0,109,3.6333333333333333,1.3822588920593262,0.02636987317226353
COHFACE_s33_session2_natural,0,110,3.6666666666666665,1.2372759580612183,0.10556486884488502
COHFACE_s33_session2_natural,0,111,3.7,1.0931825637817383,0.152059975578586
COHFACE_s33_session2_natural,0,112,3.7333333333333334,0.8789934515953064,0.16408321430186026
COHFACE_s33_session2_natural,0,113,3.7666666666666666,0.6057935953140259,0.144553753989887
COHFACE_s33_session2_natural,0,114,3.8,0.30663666129112244,0.09878615836347317
COHFACE_s33_session2_natural,0,115,3.8333333333333335,0.019329678267240524,0.03318763019322211
COHFACE_s33_session2_natural,0,116,3.8666666666666667,-0.23312553763389587,-0.044882854115700456
COHFACE_s33_session2_natural,0,117,3.9,-0.44616690278053284,-0.12751633256890488
COHFACE_s33_session2_natural,0,118,3.933333333333333,-0.6126787066459656,-0.20727514922108925
COHFACE_s33_session2_natural,0,119,3.966666666666667,-0.739260196685791,-0.2779958823615966
COHFACE_s33_session2_natural,0,120,4.0,-0.8482340574264526,-0.33504587644318085
COHFACE_s33_session2_natural,0,121,4.033333333333333,-0.9650123119354248,-0.3752914690323051
COHFACE_s33_session2_natural,0,122,4.066666666666666,-1.1098421812057495,-0.3965742639570816
COHFACE_s33_session2_natural,0,123,4.1,-1.258966326713562,-0.39610823984730475
COHFACE_s33_session2_natural,0,124,4.133333333333334,-1.2336978912353516,-0.36891514335285275
COHFACE_s33_session2_natural,0,125,4.166666666666667,-0.5857939124107361,-0.3088396960768201
COHFACE_s33_session2_natural,0,126,4.2,0.6961652040481567,-0.21187343237734427
COHFACE_s33_session2_natural,0,127,4.233333333333333,1.8399511575698853,-0.07874590495919248
COHFACE_s33_session2_natural,0,128,4.266666666666667,2.2775778770446777,0.08438262240246447
COHFACE_s33_session2_natural,0,129,4.3,2.2178688049316406,0.26616471585898915
COHFACE_s33_session2_natural,0,130,4.333333333333333,1.9890179634094238,0.45098957411019197
COHFACE_s33_session2_natural,0,131,4.366666666666666,1.6580792665481567,0.6211174546541537
COHFACE_s33_session2_natural,0,132,4.4,1.3181025981903076,0.7598959099136224
COHFACE_s33_session2_natural,0,133,4.433333333333334,1.0878839492797852,0.8552127355331246
COHFACE_s33_session2_natural,0,134,4.466666666666667,0.9405100345611572,0.9010907150471622
COHFACE_s33_session2_natural,0,135,4.5,0.7694457173347473,0.8946138699926276
COHFACE_s33_session2_natural,0,136,4.533333333333333,0.5321305394172668,0.8309800527759909
COHFACE_s33_session2_natural,0,137,4.566666666666666,0.25171932578086853,0.7043237599247503
COHFACE_s33_session2_natural,0,138,4.6,-0.041316576302051544,0.5142876808468724
COHFACE_s33_session2_natural,0,139,4.633333333333334,-0.31853336095809937,0.2706253784992309
COHFACE_s33_session2_natural,0,140,4.666666666666667,-0.5534192323684692,-0.0071782997031925415
COHFACE_s33_session2_natural,0,141,4.7,-0.746318519115448,-0.29282363057370014
COHFACE_s33_session2_natural,0,142,4.733333333333333,-0.907235324382782,-0.556799008676249
COHFACE_s33_session2_natural,0,143,4.766666666666667,-1.0405020713806152,-0.7699019042899045
COHFACE_s33_session2_natural,0,144,4.8,-1.1575099229812622,-0.9068195120636985
COHFACE_s33_session2_natural,0,145,4.833333333333333,-1.272308349609375,-0.9506158381729685
COHFACE_s33_session2_natural,0,146,4.866666666666666,-1.398555040359497,-0.8973291218102816
COHFACE_s33_session2_natural,0,147,4.9,-1.5214447975158691,-0.758289869759785
COHFACE_s33_session2_natural,0,148,4.933333333333334,-1.6306960582733154,-0.5586113467434034
COHFACE_s33_session2_natural,0,149,4.966666666666667,-1.731406569480896,-0.3315398670731273
COHFACE_s33_session2_natural,0,150,5.0,-1.636128544807434,-0.11038280061053089
COHFACE_s33_session2_natural,0,151,5.033333333333333,-0.8922578692436218,0.07853291963644117
COHFACE_s33_session2_natural,0,152,5.066666666666666,0.38698506355285645,0.21971715815286957
COHFACE_s33_session2_natural,0,153,5.1,1.3824883699417114,0.30870647729703143
COHFACE_s33_session2_natural,0,154,5.133333333333334,1.6653289794921875,0.3492097039695602
COHFACE_s33_session2_natural,0,155,5.166666666666667,1.518796682357788,0.34873829942989854
COHFACE_s33_session2_natural,0,156,5.2,1.2262294292449951,0.3147955356038092
COHFACE_s33_session2_natural,0,157,5.233333333333333,0.8798255324363708,0.2537878816264919
COHFACE_s33_session2_natural,0,158,5.266666666666667,0.6361597776412964,0.17237802369806018
COHFACE_s33_session2_natural,0,159,5.3,0.552272617816925,0.07869838292010638
COHFACE_s33_session2_natural,0,160,5.333333333333333,0.5076271891593933,-0.018046741365663574
COHFACE_s33_session2_natural,0,161,5.366666666666666,0.37941980361938477,-0.10953802504125328
COHFACE_s33_session2_natural,0,162,5.4,0.15037761628627777,-0.19038791292807775
COHFACE_s33_session2_natural,0,163,5.433333333333334,-0.12730781733989716,-0.25778977359318417
COHFACE_s33_session2_natural,0,164,5.466666666666667,-0.39504656195640564,-0.30879937266771484
COHFACE_s33_session2_natural,0,165,5.5,-0.6294541954994202,-0.337814832675192
COHFACE_s33_session2_natural,0,166,5.533333333333333,-0.8186330795288086,-0.3363437383782513
COHFACE_s33_session2_natural,0,167,5.566666666666666,-0.9786508083343506,-0.2961135627745772
COHFACE_s33_session2_natural,0,168,5.6,-1.112290620803833,-0.21386284266474903
COHFACE_s33_session2_natural,0,169,5.633333333333334,-1.2193803787231445,-0.09382810931132016
COHFACE_s33_session2_natural,0,170,5.666666666666667,-1.319937825202942,0.052846892746758405
COHFACE_s33_session2_natural,0,171,5.7,-1.4178651571273804,0.2092184519488416
COHFACE_s33_session2_natural,0,172,5.733333333333333,-1.5176000595092773,0.3535874728129817
COHFACE_s33_session2_natural,0,173,5.766666666666667,-1.6355834007263184,0.46203434098513607
COHFACE_s33_session2_natural,0,174,5.8,-1.7667077779769897,0.5130165942231095
COHFACE_s33_session2_natural,0,175,5.833333333333333,-1.9031116962432861,0.4933172710411431
COHFACE_s33_session2_natural,0,176,5.866666666666666,-1.818947196006775,0.4033130934231682
COHFACE_s33_session2_natural,0,177,5.9,-1.0673869848251343,0.2585903861971406
COHFACE_s33_session2_natural,0,178,5.933333333333334,0.034517545253038406,0.08692967780313687
COHFACE_s33_session2_natural,0,179,5.966666666666667,0.7705934047698975,-0.07809115348636066
COHFACE_s33_session2_natural,0,180,6.0,0.9483430981636047,-0.20483638178881236
COHFACE_s33_session2_natural,0,181,6.033333333333333,0.7382187843322754,-0.2702325633165115
COHFACE_s33_session2_natural,0,182,6.066666666666666,0.3399294316768646,-0.2638283053366987
COHFACE_s33_session2_natural,0,183,6.1,-0.022924721240997314,-0.18903089635328593
COHFACE_s33_session2_natural,0,184,6.133333333333334,-0.14674216508865356,-0.06200002542596879
COHFACE_s33_session2_natural,0,185,6.166666666666667,-0.0728686973452568,0.09079459982737316
COHFACE_s33_session2_natural,0,186,6.2,-0.011906825006008148,0.23656019004207926
COHFACE_s33_session2_natural,0,187,6.233333333333333,-0.08459433913230896,0.3429522896799681
COHFACE_s33_session2_natural,0,188,6.266666666666667,-0.28108975291252136,0.38641654790352115
COHFACE_s33_session2_natural,0,189,6.3,-0.5417414307594299,0.3585069701211904
COHFACE_s33_session2_natural,0,190,6.333333333333333,-0.8268104195594788,0.2674137809140658
COHFACE_s33_session2_natural,0,191,6.366666666666666,-1.0945299863815308,0.13337088514379242
COHFACE_s33_session2_natural,0,192,6.4,-1.3125925064086914,-0.019225323248931045
COHFACE_s33_session2_natural,0,193,6.433333333333334,-1.4661736488342285,-0.16669633409875984
COHFACE_s33_session2_natural,0,194,6.466666666666667,-1.5613656044006348,-0.28719318242100017
COHFACE_s33_session2_natural,0,195,6.5,-1.6255123615264893,-0.36281085323107426
COHFACE_s33_session2_natural,0,196,6.533333333333333,-1.6709802150726318,-0.38372519215354
COHFACE_s33_session2_natural,0,197,6.566666666666666,-1.7411236763000488,-0.35119020861838085
COHFACE_s33_session2_natural,0,198,6.6,-1.834881067276001,-0.27713126386716225
COHFACE_s33_session2_natural,0,199,6.633333333333334,-1.9376860857009888,-0.17957550100598027
COHFACE_s33_session2_natural,0,200,6.666666666666667,-2.017737865447998,-0.07581794558724071
COHFACE_s33_session2_natural,0,201,6.7,-1.71689772605896,0.022517991993312676
COHFACE_s33_session2_natural,0,202,6.733333333333333,-0.7253252267837524,0.11030884810140945
COHFACE_s33_session2_natural,0,203,6.766666666666667,0.2614651918411255,0.18586527619762966
COHFACE_s33_session2_natural,0,204,6.8,0.6431415677070618,0.24643224686155113
COHFACE_s33_session2_natural,0,205,6.833333333333333,0.5308202505111694,0.2863136357058816
COHFACE_s33_session2_natural,0,206,6.866666666666666,0.1390058547258377,0.29844579216824174
COHFACE_s33_session2_natural,0,207,6.9,-0.36855387687683105,0.27684574126130795
COHFACE_s33_session2_natural,0,208,6.933333333333334,-0.686236560344696,0.2185514669569307
COHFACE_s33_session2_natural,0,209,6.966666666666667,-0.6279048323631287,0.1252006321584017
COHFACE_s33_session2_natural,0,210,7.0,-0.38858118653297424,0.00399155867955607
COHFACE_s33_session2_natural,0,211,7.033333333333333,-0.2810036540031433,-0.13263193484066998
COHFACE_s33_session2_natural,0,212,7.066666666666666,-0.382412314414978,-0.26830488065882074
COHFACE_s33_session2_natural,0,213,7.1,-0.6045204997062683,-0.3839660450744904
COHFACE_s33_session2_natural,0,214,7.133333333333334,-0.8607535362243652,-0.4601551310107936
COHFACE_s33_session2_natural,0,215,7.166666666666667,-1.0611319541931152,-0.4833940330785061
COHFACE_s33_session2_natural,0,216,7.2,-1.1743524074554443,-0.4539209807767255
COHFACE_s33_session2_natural,0,217,7.233333333333333,-1.26321280002594,-0.386887820246351
COHFACE_s33_session2_natural,0,218,7.266666666666667,-1.3299896717071533,-0.3050665157167197
COHFACE_s33_session2_natural,0,219,7.3,-1.3519011735916138,-0.22763693653571854
COHFACE_s33_session2_natural,0,220,7.333333333333333,-1.3655109405517578,-0.16168493181518429
COHFACE_s33_session2_natural,0,221,7.366666666666666,-1.4138768911361694,-0.10346803683328842
COHFACE_s33_session2_natural,0,222,7.4,-1.4852349758148193,-0.0467025146954078
COHFACE_s33_session2_natural,0,223,7.433333333333334,-1.360958456993103,0.013833883246770255
COHFACE_s33_session2_natural,0,224,7.466666666666667,-0.5787642598152161,0.0840930993866711
COHFACE_s33_session2_natural,0,225,7.5,0.5003105998039246,0.16761310753344003
COHFACE_s33_session2_natural,0,226,7.533333333333333,1.0969412326812744,0.2577935251646727
COHFACE_s33_session2_natural,0,227,7.566666666666666,1.1458905935287476,0.336678937423289
COHFACE_s33_session2_natural,0,228,7.6,0.9051322937011719,0.3828359005379506
COHFACE_s33_session2_natural,0,229,7.633333333333334,0.5134422183036804,0.38161292398419117
COHFACE_s33_session2_natural,0,230,7.666666666666667,0.12018360942602158,0.3322091737204816
COHFACE_s33_session2_natural,0,231,7.7,-0.021633561700582504,0.2484379463461937
COHFACE_s33_session2_natural,0,232,7.733333333333333,0.10009890049695969,0.15314652386456393
COHFACE_s33_session2_natural,0,233,7.766666666666667,0.24556000530719757,0.06929885023281418
COHFACE_s33_session2_natural,0,234,7.8,0.22578135132789612,0.01187807727462749
COHFACE_s33_session2_natural,0,235,7.833333333333333,0.026215864345431328,-0.015009305002109249
COHFACE_s33_session2_natural,0,236,7.866666666666666,-0.2540614604949951,-0.015510028288210406
COHFACE_s33_session2_natural,0,237,7.9,-0.5085442662239075,0.0024077746512256824
COHFACE_s33_session2_natural,0,238,7.933333333333334,-0.7033372521400452,0.030473720620807304
COHFACE_s33_session2_natural,0,239,7.966666666666667,-0.8315733671188354,0.06165999169548171
COHFACE_s33_session2_natural,0,240,8.0,-0.9139397740364075,0.0901155261717377
COHFACE_s33_session2_natural,0,241,8.033333333333333,-0.9922892451286316,0.11108068149400988
COHFACE_s33_session2_natural,0,242,8.066666666666666,-1.0620405673980713,0.12167232595971356
COHFACE_s33_session2_natural,0,243,8.1,-1.1200950145721436,0.12244288145316058
COHFACE_s33_session2_natural,0,244,8.133333333333333,-1.1845955848693848,0.11843007512920607
COHFACE_s33_session2_natural,0,245,8.166666666666666,-1.0312918424606323,0.1175753856692947
COHFACE_s33_session2_natural,0,246,8.2,-0.17456427216529846,0.12668198683437704
COHFACE_s33_session2_natural,0,247,8.233333333333333,0.9545598030090332,0.1474009477092997
COHFACE_s33_session2_natural,0,248,8.266666666666667,1.611559271812439,0.17417424661516595
COHFACE_s33_session2_natural,0,249,8.3,1.7810550928115845,0.19507281005310417
COHFACE_s33_session2_natural,0,250,8.333333333333334,1.6774179935455322,0.19519967779007638
COHFACE_s33_session2_natural,0,251,8.366666666666667,1.4329488277435303,0.16113375665234111
COHFACE_s33_session2_natural,0,252,8.4,1.1428204774856567,0.08520801594307827
COHFACE_s33_session2_natural,0,253,8.433333333333334,0.9342359900474548,-0.031089126515819698
COHFACE_s33_session2_natural,0,254,8.466666666666667,0.8755407929420471,-0.17589761395245723
COHFACE_s33_session2_natural,0,255,8.5,0.881202757358551,-0.32960050419869874
COHFACE_s33_session2_natural,0,256,8.533333333333333,0.8139094114303589,-0.4707996985907545
COHFACE_s33_session2_natural,0,257,8.566666666666666,0.6243671774864197,-0.5830915633398753
COHFACE_s33_session2_natural,0,258,8.6,0.3541226387023926,-0.659500562835605
COHFACE_s33_session2_natural,0,259,8.633333333333333,0.07750838249921799,-0.7015509982082955
COHFACE_s33_session2_natural,0,260,8.666666666666666,-0.16186308860778809,-0.7137125516168763
COHFACE_s33_session2_natural,0,261,8.7,-0.3552979528903961,-0.6975271453932241
COHFACE_s33_session2_natural,0,262,8.733333333333333,-0.49716293811798096,-0.6492880519219831
COHFACE_s33_session2_natural,0,263,8.766666666666667,-0.5994610786437988,-0.563730441426239
COHFACE_s33_session2_natural,0,264,8.8,-0.6822482943534851,-0.4409140518461383
COHFACE_s33_session2_natural,0,265,8.833333333333334,-0.7859236598014832,-0.2889458340319869
COHFACE_s33_session2_natural,0,266,8.866666666666667,-0.9095689654350281,-0.12064009346108495
COHFACE_s33_session2_natural,0,267,8.9,-0.8548907041549683,0.05184967695572952
COHFACE_s33_session2_natural,0,268,8.933333333333334,-0.1842145025730133,0.22066893826744946
COHFACE_s33_session2_natural,0,269,8.966666666666667,0.8691424131393433,0.3816646409831979
COHFACE_s33_session2_natural,0,270,9.0,1.6406916379928589,0.5309263725588685
COHFACE_s33_session2_natural,0,271,9.033333333333333,1.9025579690933228,0.6632989832020171
COHFACE_s33_session2_natural,0,272,9.066666666666666,1.8239885568618774,0.7738671894980668
COHFACE_s33_session2_natural,0,273,9.1,1.6142085790634155,0.8593308366835417
COHFACE_s33_session2_natural,0,274,9.133333333333333,1.3483922481536865,0.9179485666889438
COHFACE_s33_session2_natural,0,275,9.166666666666666,1.1060558557510376,0.9488583174554115
COHFACE_s33_session2_natural,0,276,9.2,0.9715552926063538,0.9512300834086321
COHFACE_s33_session2_natural,0,277,9.233333333333333,0.9128122925758362,0.923239312700159
COHFACE_s33_session2_natural,0,278,9.266666666666667,0.8127330541610718,0.8615075034028145
COHFACE_s33_session2_natural,0,279,9.3,0.6202737092971802,0.7621570294844819
COHFACE_s33_session2_natural,0,280,9.333333333333334,0.34761902689933777,0.6233902495131045
COHFACE_s33_session2_natural,0,281,9.366666666666667,0.037176378071308136,0.44824238858934873
COHFACE_s33_session2_natural,0,282,9.4,-0.24838991463184357,0.24591282026944816
COHFACE_s33_session2_natural,0,283,9.433333333333334,-0.47322389483451843,0.03022027916438551
COHFACE_s33_session2_natural,0,284,9.466666666666667,-0.64967280626297,-0.18438340958794558
COHFACE_s33_session2_natural,0,285,9.5,-0.765312910079956,-0.3869852391945216
COHFACE_s33_session2_natural,0,286,9.533333333333333,-0.8348346948623657,-0.5725669592537935
COHFACE_s33_session2_natural,0,287,9.566666666666666,-0.8891016840934753,-0.741250398552183
COHFACE_s33_session2_natural,0,288,9.6,-0.9568063020706177,-0.8945746632382882
COHFACE_s33_session2_natural,0,289,9.633333333333333,-1.078500509262085,-1.030383438014708
COHFACE_s33_session2_natural,0,290,9.666666666666666,-1.168585181236267,-1.1392418652808802
COHFACE_s33_session2_natural,0,291,9.7,-0.8068882822990417,-1.205946820242918
COHFACE_s33_session2_natural,0,292,9.733333333333333,0.20774337649345398,-1.2156924438482493
COHFACE_s33_session2_natural,0,293,9.766666666666667,1.2041743993759155,-1.1605242646655582
COHFACE_s33_session2_natural,0,294,9.8,1.6486968994140625,-1.0428799723822122
COHFACE_s33_session2_natural,0,295,9.833333333333334,1.6242413520812988,-0.8749112066154442
COHFACE_s33_session2_natural,0,296,9.866666666666667,1.422476053237915,-0.6742655095835671
COHFACE_s33_session2_natural,0,297,9.9,1.1803501844406128,-0.458799421356365
COHFACE_s33_session2_natural,0,298,9.933333333333334,0.9566543102264404,-0.24222360444227053
COHFACE_s33_session2_natural,0,299,9.966666666666667,0.8583444356918335,-0.03181551765232546
COHFACE_s33_session2_natural,1,0,10.0,0.8654219508171082,0.03344877513024461
COHFACE_s33_session2_natural,1,1,10.033333333333333,0.8472309112548828,0.21106148811061518
COHFACE_s33_session2_natural,1,2,10.066666666666666,0.7269043922424316,0.35991579128515566
COHFACE_s33_session2_natural,1,3,10.1,0.5161488652229309,0.4594042468377545
COHFACE_s33_session2_natural,1,4,10.133333333333333,0.2541390359401703,0.5002569743781347
COHFACE_s33_session2_natural,1,5,10.166666666666666,-0.0023809345439076424,0.4830249705735035
COHFACE_s33_session2_natural,1,6,10.2,-0.22996936738491058,0.4113961732097099
COHFACE_s33_session2_natural,1,7,10.233333333333333,-0.412223756313324,0.28950649943493495
COHFACE_s33_session2_natural,1,8,10.266666666666667,-0.5573022961616516,0.12496906439347454
COHFACE_s33_session2_natural,1,9,10.3,-0.6804119944572449,-0.06852605556562279
COHFACE_s33_session2_natural,1,10,10.333333333333334,-0.7893667817115784,-0.27199892255105323
COHFACE_s33_session2_natural,1,11,10.366666666666667,-0.8975659608840942,-0.4642837268572147
COHFACE_s33_session2_natural,1,12,10.4,-1.0178351402282715,-0.625572784515272
COHFACE_s33_session2_natural,1,13,10.433333333333334,-1.1608190536499023,-0.7392021836474783
COHFACE_s33_session2_natural,1,14,10.466666666666667,-1.3105649948120117,-0.7917546084665069
COHFACE_s33_session2_natural,1,15,10.5,-1.364554524421692,-0.7737320853197492
COHFACE_s33_session2_natural,1,16,10.533333333333333,-0.8936924934387207,-0.6813572096523721
COHFACE_s33_session2_natural,1,17,10.566666666666666,0.16695228219032288,-0.5181623430870218
COHFACE_s33_session2_natural,1,18,10.6,1.0835131406784058,-0.29530437653890823
COHFACE_s33_session2_natural,1,19,10.633333333333333,1.413323163986206,-0.030095810033283515
COHFACE_s33_session2_natural,1,20,10.666666666666666,1.3075724840164185,0.2561819402701577
COHFACE_s33_session2_natural,1,21,10.7,1.046327829360962,0.5388335548684003
COHFACE_s33_session2_natural,1,22,10.733333333333333,0.7300318479537964,0.789695857845613
COHFACE_s33_session2_natural,1,23,10.766666666666667,0.4846636950969696,0.9805250213068138
COHFACE_s33_session2_natural,1,24,10.8,0.4142332971096039,1.089782700236123
COHFACE_s33_session2_natural,1,25,10.833333333333334,0.4201630651950836,1.1085487381494439
COHFACE_s33_session2_natural,1,26,10.866666666666667,0.3573553264141083,1.0420711731766734
COHFACE_s33_session2_natural,1,27,10.9,0.1848372370004654,0.9051182195953266
COHFACE_s33_session2_natural,1,28,10.933333333333334,-0.06200382485985756,0.7138788181173903
COHFACE_s33_session2_natural,1,29,10.966666666666667,-0.3343715965747833,0.481072904722972
COHFACE_s33_session2_natural,1,30,11.0,-0.5832594037055969,0.21651876215560806
COHFACE_s33_session2_natural,1,31,11.033333333333333,-0.7605021595954895,-0.06950980712412289
COHFACE_s33_session2_natural,1,32,11.066666666666666,-0.8871505856513977,-0.36273227818824144
COHFACE_s33_session2_natural,1,33,11.1,-1.000361442565918,-0.6429711692816716
COHFACE_s33_session2_natural,1,34,11.133333333333333,-1.1017892360687256,-0.8850102055650443
COHFACE_s33_session2_natural,1,35,11.166666666666666,-1.1937867403030396,-1.062283393903532
COHFACE_s33_session2_natural,1,36,11.2,-1.2748619318008423,-1.152702690357683
COHFACE_s33_session2_natural,1,37,11.233333333333333,-1.3542730808258057,-1.14521545761361
COHFACE_s33_session2_natural,1,38,11.266666666666667,-1.4602055549621582,-1.0434920091426314
COHFACE_s33_session2_natural,1,39,11.3,-1.6024435758590698,-0.8618243235544891
COHFACE_s33_session2_natural,1,40,11.333333333333334,-1.70283842086792,-0.6170143265657992
COHFACE_s33_session2_natural,1,41,11.366666666666667,-1.3380236625671387,-0.3276819182682301
COHFACE_s33_session2_natural,1,42,11.4,-0.2650028467178345,-0.020013470359761164
COHFACE_s33_session2_natural,1,43,11.433333333333334,0.6903215050697327,0.27309353579952006
COHFACE_s33_session2_natural,1,44,11.466666666666667,0.9972063302993774,0.5210308371563305
COHFACE_s33_session2_natural,1,45,11.5,0.8730254173278809,0.7021338037963197
COHFACE_s33_session2_natural,1,46,11.533333333333333,0.5506084561347961,0.8045419990564243
COHFACE_s33_session2_natural,1,47,11.566666666666666,0.15794286131858826,0.8256890569952
COHFACE_s33_session2_natural,1,48,11.6,-0.10056646913290024,0.7721029130931907
COHFACE_s33_session2_natural,1,49,11.633333333333333,-0.08686104416847229,0.6579333829532342
COHFACE_s33_session2_natural,1,50,11.666666666666666,0.05653420835733414,0.5018127175663862
COHFACE_s33_session2_natural,1,51,11.7,0.08475800603628159,0.3230495765283406
COHFACE_s33_session2_natural,1,52,11.733333333333333,-0.06667113304138184,0.1386659711665319
COHFACE_s33_session2_natural,1,53,11.766666666666667,-0.3086153566837311,-0.037025847740258765
COHFACE_s33_session2_natural,1,54,11.8,-0.5802466869354248,-0.1905958133418137
COHFACE_s33_session2_natural,1,55,11.833333333333334,-0.8187286853790283,-0.3075998084331003
COHFACE_s33_session2_natural,1,56,11.866666666666667,-0.9822947382926941,-0.37308409661530834
COHFACE_s33_session2_natural,1,57,11.9,-1.0949890613555908,-0.37654413641855716
COHFACE_s33_session2_natural,1,58,11.933333333333334,-1.182443618774414,-0.3185836674032671
COHFACE_s33_session2_natural,1,59,11.966666666666667,-1.2597028017044067,-0.2123790163846577
COHFACE_s33_session2_natural,1,60,12.0,-1.3160643577575684,-0.07957617037004691
COHFACE_s33_session2_natural,1,61,12.033333333333333,-1.3563294410705566,0.05319181953865313
COHFACE_s33_session2_natural,1,62,12.066666666666666,-1.4157514572143555,0.15755701067225744
COHFACE_s33_session2_natural,1,63,12.1,-1.5277284383773804,0.21310904219153384
COHFACE_s33_session2_natural,1,64,12.133333333333333,-1.6566053628921509,0.2184219252840464
COHFACE_s33_session2_natural,1,65,12.166666666666666,-1.5187286138534546,0.18774437729949808
COHFACE_s33_session2_natural,1,66,12.2,-0.6725215911865234,0.13584228874577403
COHFACE_s33_session2_natural,1,67,12.233333333333333,0.4250694811344147,0.07099484685543739
COHFACE_s33_session2_natural,1,68,12.266666666666667,0.9382815957069397,1.1236771929192847e-05
COHFACE_s33_session2_natural,1,69,12.3,0.8860517740249634,-0.06792581425406298
COHFACE_s33_session2_natural,1,70,12.333333333333334,0.5623819231987,-0.12364905946528243
COHFACE_s33_session2_natural,1,71,12.366666666666667,0.10207867622375488,-0.1620778334241099
COHFACE_s33_session2_natural,1,72,12.4,-0.2872107923030853,-0.18445503838869226
COHFACE_s33_session2_natural,1,73,12.433333333333334,-0.3292069733142853,-0.19723601302958096
COHFACE_s33_session2_natural,1,74,12.466666666666667,-0.09560267627239227,-0.2081879862668621
COHFACE_s33_session2_natural,1,75,12.5,0.05586472153663635,-0.22220366577203393
COHFACE_s33_session2_natural,1,76,12.533333333333333,-0.03790217638015747,-0.23905476503073383
COHFACE_s33_session2_natural,1,77,12.566666666666666,-0.27056917548179626,-0.2545099834663798
COHFACE_s33_session2_natural,1,78,12.6,-0.5418562293052673,-0.2637346973465131
COHFACE_s33_session2_natural,1,79,12.633333333333333,-0.7762542963027954,-0.2636829882122538
COHFACE_s33_session2_natural,1,80,12.666666666666666,-0.9202999472618103,-0.2533292474326848
COHFACE_s33_session2_natural,1,81,12.7,-1.0069032907485962,-0.2329817802471547
COHFACE_s33_session2_natural,1,82,12.733333333333333,-1.0534424781799316,-0.20355763244355218
COHFACE_s33_session2_natural,1,83,12.766666666666667,-1.052964210510254,-0.1660795126144094
COHFACE_s33_session2_natural,1,84,12.8,-1.0087683200836182,-0.12126430502939477
COHFACE_s33_session2_natural,1,85,12.833333333333334,-0.994756817817688,-0.0687545366594025
COHFACE_s33_session2_natural,1,86,12.866666666666667,-1.0392301082611084,-0.006264359924825703
COHFACE_s33_session2_natural,1,87,12.9,-1.061877965927124,0.07041432611324154
COHFACE_s33_session2_natural,1,88,12.933333333333334,-0.7210213541984558,0.16586583350619344
COHFACE_s33_session2_natural,1,89,12.966666666666667,0.18255141377449036,0.2817743264603769
COHFACE_s33_session2_natural,1,90,13.0,1.022369623184204,0.4136489200453068
COHFACE_s33_session2_natural,1,91,13.033333333333333,1.347091555595398,0.5507981664380481
COHFACE_s33_session2_natural,1,92,13.066666666666666,1.2701001167297363,0.6792703972839372
COHFACE_s33_session2_natural,1,93,13.1,0.9612833857536316,0.7840474307049531
COHFACE_s33_session2_natural,1,94,13.133333333333333,0.5328096151351929,0.8494091342909101
COHFACE_s33_session2_natural,1,95,13.166666666666666,0.2257239669561386,0.8592777669103258
COHFACE_s33_session2_natural,1,96,13.2,0.23513509333133698,0.7989823138811131
COHFACE_s33_session2_natural,1,97,13.233333333333333,0.40171384811401367,0.6590353560324035
COHFACE_s33_session2_natural,1,98,13.266666666666667,0.46344083547592163,0.4398044981793513
COHFACE_s33_session2_natural,1,99,13.3,0.34364989399909973,0.15443629463578318
COHFACE_s33_session2_natural,1,100,13.333333333333334,0.11501897126436234,-0.17137974890284205
COHFACE_s33_session2_natural,1,101,13.366666666666667,-0.12096679210662842,-0.5026794264454395
COHFACE_s33_session2_natural,1,102,13.4,-0.33185622096061707,-0.8009476592594493
COHFACE_s33_session2_natural,1,103,13.433333333333334,-0.49898970127105713,-1.031317280193326
COHFACE_s33_session2_natural,1,104,13.466666666666667,-0.600809633731842,-1.1699406141208533
COHFACE_s33_session2_natural,1,105,13.5,-0.6679021120071411,-1.2099933836177952
COHFACE_s33_session2_natural,1,106,13.533333333333333,-0.712499737739563,-1.1629884802456638
COHFACE_s33_session2_natural,1,107,13.566666666666666,-0.7843934297561646,-1.0511072928610896
COHFACE_s33_session2_natural,1,108,13.6,-0.8627237677574158,-0.8937584591346793
COHFACE_s33_session2_natural,1,109,13.633333333333333,-0.6614941358566284,-0.6984168470483763
COHFACE_s33_session2_natural,1,110,13.666666666666666,0.1538015902042389,-0.4613662858723915
COHFACE_s33_session2_natural,1,111,13.7,1.1007859706878662,-0.17814011745581484
COHFACE_s33_session2_natural,1,112,13.733333333333333,1.613366961479187,0.1431182869439144
COHFACE_s33_session2_natural,1,113,13.766666666666667,1.6791682243347168,0.47703030349690134
COHFACE_s33_session2_natural,1,114,13.8,1.497774600982666,0.7874690144963463
COHFACE_s33_session2_natural,1,115,13.833333333333334,1.1949546337127686,1.0377315103641183
COHFACE_s33_session2_natural,1,116,13.866666666666667,0.8840242028236389,1.1989967747710486
COHFACE_s33_session2_natural,1,117,13.9,0.7318299412727356,1.254987568980914
COHFACE_s33_session2_natural,1,118,13.933333333333334,0.7609145045280457,1.2028299657265837
COHFACE_s33_session2_natural,1,119,13.966666666666667,0.7877897620201111,1.05195627466029
COHFACE_s33_session2_natural,1,120,14.0,0.68437260389328,0.8221511877580499
COHFACE_s33_session2_natural,1,121,14.033333333333333,0.46798381209373474,0.5407911148944935
COHFACE_s33_session2_natural,1,122,14.066666666666666,0.20166057348251343,0.23939774217386403
COHFACE_s33_session2_natural,1,123,14.1,-0.05692526325583458,-0.05021576023658916
COHFACE_s33_session2_natural,1,124,14.133333333333333,-0.261846661567688,-0.3000645667868078
COHFACE_s33_session2_natural,1,125,14.166666666666666,-0.38891592621803284,-0.49024946005516706
COHFACE_s33_session2_natural,1,126,14.2,-0.47394120693206787,-0.6119569887584327
COHFACE_s33_session2_natural,1,127,14.233333333333333,-0.5535435676574707,-0.6668106256986701
COHFACE_s33_session2_natural,1,128,14.266666666666667,-0.6452541947364807,-0.6629571892217248
COHFACE_s33_session2_natural,1,129,14.3,-0.7534629702568054,-0.6109682765894098
COHFACE_s33_session2_natural,1,130,14.333333333333334,-0.7728686332702637,-0.5214169933574927
COHFACE_s33_session2_natural,1,131,14.366666666666667,-0.28093671798706055,-0.4043632800060497
COHFACE_s33_session2_natural,1,132,14.4,0.7534640431404114,-0.26996022712283213
COHFACE_s33_session2_natural,1,133,14.433333333333334,1.6794168949127197,-0.1286495956432708
COHFACE_s33_session2_natural,1,134,14.466666666666667,2.0552687644958496,0.009191846532793767
COHFACE_s33_session2_natural,1,135,14.5,2.0283265113830566,0.13288229251394576
COHFACE_s33_session2_natural,1,136,14.533333333333333,1.8665298223495483,0.23063887409774278
COHFACE_s33_session2_natural,1,137,14.566666666666666,1.6343028545379639,0.2901617843003869
COHFACE_s33_session2_natural,1,138,14.6,1.3780410289764404,0.30108113139146503
COHFACE_s33_session2_natural,1,139,14.633333333333333,1.213394284248352,0.2582476157506388
COHFACE_s33_session2_natural,1,140,14.666666666666666,1.1369481086730957,0.1644740088629317
COHFACE_s33_session2_natural,1,141,14.7,1.0536730289459229,0.031257156412951556
COHFACE_s33_session2_natural,1,142,14.733333333333333,0.8888254165649414,-0.122677521245708
COHFACE_s33_session2_natural,1,143,14.766666666666667,0.6337496042251587,-0.27384864642639384
COHFACE_s33_session2_natural,1,144,14.8,0.35062217712402344,-0.3970720889372828
COHFACE_s33_session2_natural,1,145,14.833333333333334,0.10263340175151825,-0.46941850371726457
COHFACE_s33_session2_natural,1,146,14.866666666666667,-0.0894242376089096,-0.47488258430390107
COHFACE_s33_session2_natural,1,147,14.9,-0.23375678062438965,-0.4089336507099128
COHFACE_s33_session2_natural,1,148,14.933333333333334,-0.34645113348960876,-0.2812738883221293
COHFACE_s33_session2_natural,1,149,14.966666666666667,-0.4430203139781952,-0.1146161965708471
COHFACE_s33_session2_natural,1,150,15.0,-0.5413684248924255,0.0609167156522775
COHFACE_s33_session2_natural,1,151,15.033333333333333,-0.6661231517791748,0.21619119172376206
COHFACE_s33_session2_natural,1,152,15.066666666666666,-0.7461750507354736,0.33117562779373794
COHFACE_s33_session2_natural,1,153,15.1,-0.4228399693965912,0.39878588330219106
COHFACE_s33_session2_natural,1,154,15.133333333333333,0.5440378785133362,0.42325750349694313
COHFACE_s33_session2_natural,1,155,15.166666666666666,1.6318926811218262,0.4148326747609773
COHFACE_s33_session2_natural,1,156,15.2,2.1589057445526123,0.38399101602833285
COHFACE_s33_session2_natural,1,157,15.233333333333333,2.2027957439422607,0.3391030752856112
COHFACE_s33_session2_natural,1,158,15.266666666666667,2.0814075469970703,0.2873750947677024
COHFACE_s33_session2_natural,1,159,15.3,1.8298896551132202,0.23510492699065882
COHFACE_s33_session2_natural,1,160,15.333333333333334,1.5056458711624146,0.18625404124173695
COHFACE_s33_session2_natural,1,161,15.366666666666667,1.2537837028503418,0.1416339847067182
COHFACE_s33_session2_natural,1,162,15.4,1.1097954511642456,0.09949358596677794
COHFACE_s33_session2_natural,1,163,15.433333333333334,0.9907026886940002,0.0565563054736117
COHFACE_s33_session2_natural,1,164,15.466666666666667,0.8144737482070923,0.009176656136042552
COHFACE_s33_session2_natural,1,165,15.5,0.5744805932044983,-0.0450394378305094
COHFACE_s33_session2_natural,1,166,15.533333333333333,0.3069427013397217,-0.10582822412090741
COHFACE_s33_session2_natural,1,167,15.566666666666666,0.04823252931237221,-0.17063276664970195
COHFACE_s33_session2_natural,1,168,15.6,-0.17622843384742737,-0.23621682736195232
COHFACE_s33_session2_natural,1,169,15.633333333333333,-0.3468815088272095,-0.2990806504105036
COHFACE_s33_session2_natural,1,170,15.666666666666666,-0.46877655386924744,-0.3542804250701439
COHFACE_s33_session2_natural,1,171,15.7,-0.5698313117027283,-0.39441693348338414
COHFACE_s33_session2_natural,1,172,15.733333333333333,-0.6701592206954956,-0.4106289702016296
COHFACE_s33_session2_natural,1,173,15.766666666666667,-0.7858375906944275,-0.39694270188029374
COHFACE_s33_session2_natural,1,174,15.8,-0.8958922028541565,-0.35498835010599555
COHFACE_s33_session2_natural,1,175,15.833333333333334,-1.014172077178955,-0.2925285636973441
COHFACE_s33_session2_natural,1,176,15.866666666666667,-1.130596399307251,-0.2168126823107302
COHFACE_s33_session2_natural,1,177,15.9,-1.0213643312454224,-0.13108153028894343
COHFACE_s33_session2_natural,1,178,15.933333333333334,-0.27856481075286865,-0.03639641135249939
COHFACE_s33_session2_natural,1,179,15.966666666666667,0.9042332172393799,0.06572747591473044
COHFACE_s33_session2_natural,1,180,16.0,1.7125662565231323,0.17226982382231995
COHFACE_s33_session2_natural,1,181,16.033333333333335,1.882788896560669,0.2788352203242812
COHFACE_s33_session2_natural,1,182,16.066666666666666,1.7631127834320068,0.38010503304966414
COHFACE_s33_session2_natural,1,183,16.1,1.548187255859375,0.46957948770514574
COHFACE_s33_session2_natural,1,184,16.133333333333333,1.268761157989502,0.5386479749337348
COHFACE_s33_session2_natural,1,185,16.166666666666668,1.0303077697753906,0.5761048616796399
COHFACE_s33_session2_natural,1,186,16.2,0.9157484769821167,0.5691516600805269
COHFACE_s33_session2_natural,1,187,16.233333333333334,0.8434722423553467,0.5065408008021464
COHFACE_s33_session2_natural,1,188,16.266666666666666,0.7094880938529968,0.3830425606667795
COHFACE_s33_session2_natural,1,189,16.3,0.49474430084228516,0.2030600719325918
COHFACE_s33_session2_natural,1,190,16.333333333333332,0.2328970730304718,-0.01814586457309313
COHFACE_s33_session2_natural,1,191,16.366666666666667,-0.016947129741311073,-0.2562027559321246
COHFACE_s33_session2_natural,1,192,16.4,-0.228104367852211,-0.4814890170843542
COHFACE_s33_session2_natural,1,193,16.433333333333334,-0.4049358665943146,-0.6630359100885599
COHFACE_s33_session2_natural,1,194,16.466666666666665,-0.5581726431846619,-0.77279917699687
COHFACE_s33_session2_natural,1,195,16.5,-0.6835394501686096,-0.7927486943462243
COHFACE_s33_session2_natural,1,196,16.533333333333335,-0.781485915184021,-0.7224311255088789
COHFACE_s33_session2_natural,1,197,16.566666666666666,-0.8922100067138672,-0.5802943596477645
COHFACE_s33_session2_natural,1,198,16.6,-1.0111210346221924,-0.39692330177621404
COHFACE_s33_session2_natural,1,199,16.633333333333333,-1.1236145496368408,-0.20374649006867165
COHFACE_s33_session2_natural,1,200,16.666666666666668,-1.241750955581665,-0.022308605529819028
COHFACE_s33_session2_natural,1,201,16.7,-1.3645832538604736,0.140377579446351
COHFACE_s33_session2_natural,1,202,16.733333333333334,-1.4800128936767578,0.28865133351719263
COHFACE_s33_session2_natural,1,203,16.766666666666666,-1.3962883949279785,0.42956813439225255
COHFACE_s33_session2_natural,1,204,16.8,-0.6853758096694946,0.5634070226593881
COHFACE_s33_session2_natural,1,205,16.833333333333332,0.3606262505054474,0.6790848659049374
COHFACE_s33_session2_natural,1,206,16.866666666666667,1.0387051105499268,0.7566911152699357
COHFACE_s33_session2_natural,1,207,16.9,1.1748698949813843,0.7753218672352722
COHFACE_s33_session2_natural,1,208,16.933333333333334,1.028739333152771,0.7220483032238753
COHFACE_s33_session2_natural,1,209,16.966666666666665,0.7676572203636169,0.5964960852320492
COHFACE_s33_session2_natural,1,210,17.0,0.4889771044254303,0.4101741106180885
COHFACE_s33_session2_natural,1,211,17.033333333333335,0.34597399830818176,0.1843999591025529
COHFACE_s33_session2_natural,1,212,17.066666666666666,0.3617931008338928,-0.05238098167778865
COHFACE_s33_session2_natural,1,213,17.1,0.3751828968524933,-0.2703027495439949
COHFACE_s33_session2_natural,1,214,17.133333333333333,0.2712206244468689,-0.44547965111097665
COHFACE_s33_session2_natural,1,215,17.166666666666668,0.06891977787017822,-0.5641801505798953
COHFACE_s33_session2_natural,1,216,17.2,-0.1773761361837387,-0.6224246600068041
COHFACE_s33_session2_natural,1,217,17.233333333333334,-0.4081398546695709,-0.6234817649903037
COHFACE_s33_session2_natural,1,218,17.266666666666666,-0.5976056456565857,-0.5753296871362654
COHFACE_s33_session2_natural,1,219,17.3,-0.7429901957511902,-0.4891934711700503
COHFACE_s33_session2_natural,1,220,17.333333333333332,-0.8484731912612915,-0.37892980341084237
COHFACE_s33_session2_natural,1,221,17.366666666666667,-0.9377736449241638,-0.25983961187980087
COHFACE_s33_session2_natural,1,222,17.4,-1.0223685503005981,-0.14633613723229774
COHFACE_s33_session2_natural,1,223,17.433333333333334,-1.0873472690582275,-0.04898174009424057
COHFACE_s33_session2_natural,1,224,17.466666666666665,-1.1584185361862183,0.027756450966401044
COHFACE_s33_session2_natural,1,225,17.5,-1.2637006044387817,0.0851532986459092
COHFACE_s33_session2_natural,1,226,17.533333333333335,-1.401070475578308,0.12725601866704755
COHFACE_s33_session2_natural,1,227,17.566666666666666,-1.5434901714324951,0.1571723119860794
COHFACE_s33_session2_natural,1,228,17.6,-1.477574110031128,0.17468205702190104
COHFACE_s33_session2_natural,1,229,17.633333333333333,-0.798385739326477,0.1769386980120204
COHFACE_s33_session2_natural,1,230,17.666666666666668,0.18837597966194153,0.1617311072167409
COHFACE_s33_session2_natural,1,231,17.7,0.7530049681663513,0.13061819288752213
COHFACE_s33_session2_natural,1,232,17.733333333333334,0.8162717819213867,0.08994064123284826
COHFACE_s33_session2_natural,1,233,17.766666666666666,0.5923177003860474,0.04890133200062133
COHFACE_s33_session2_natural,1,234,17.8,0.20939797163009644,0.016215554743013498
COHFACE_s33_session2_natural,1,235,17.833333333333332,-0.14885585010051727,-0.0012659907289315315
COHFACE_s33_session2_natural,1,236,17.866666666666667,-0.23425410687923431,0.002300763222028119
COHFACE_s33_session2_natural,1,237,17.9,-0.08969203382730484,0.031943088606087036
COHFACE_s33_session2_natural,1,238,17.933333333333334,0.019406192004680634,0.09004379261139156
COHFACE_s33_session2_natural,1,239,17.966666666666665,-0.04275119677186012,0.17313474626414366
COHFACE_s33_session2_natural,1,240,18.0,-0.2517182528972626,0.2691771443888022
COHFACE_s33_session2_natural,1,241,18.033333333333335,-0.49878886342048645,0.3579724077037728
COHFACE_s33_session2_natural,1,242,18.066666666666666,-0.6894979476928711,0.41583920719033063
COHFACE_s33_session2_natural,1,243,18.1,-0.8360111117362976,0.42379688519026526
COHFACE_s33_session2_natural,1,244,18.133333333333333,-0.9608519077301025,0.37531882858203724
COHFACE_s33_session2_natural,1,245,18.166666666666668,-1.0602234601974487,0.27743917859128636
COHFACE_s33_session2_natural,1,246,18.2,-1.1220747232437134,0.14555267547196662
COHFACE_s33_session2_natural,1,247,18.233333333333334,-1.150528073310852,-0.001363306161138132
COHFACE_s33_session2_natural,1,248,18.266666666666666,-1.189262866973877,-0.14281377135831053
COHFACE_s33_session2_natural,1,249,18.3,-1.2868554592132568,-0.2588079830857821
COHFACE_s33_session2_natural,1,250,18.333333333333332,-1.4144315719604492,-0.33332609933411256
COHFACE_s33_session2_natural,1,251,18.366666666666667,-1.3876519203186035,-0.35894994408106207
COHFACE_s33_session2_natural,1,252,18.4,-0.7904475331306458,-0.34055660786394687
COHFACE_s33_session2_natural,1,253,18.433333333333334,0.21003876626491547,-0.29462021812492517
COHFACE_s33_session2_natural,1,254,18.466666666666665,0.8567185401916504,-0.24335923628653916
COHFACE_s33_session2_natural,1,255,18.5,0.9852128624916077,-0.20594710300398208
COHFACE_s33_session2_natural,1,256,18.533333333333335,0.8127234578132629,-0.19130690944415282
COHFACE_s33_session2_natural,1,257,18.566666666666666,0.4674482047557831,-0.19825625435004188
COHFACE_s33_session2_natural,1,258,18.6,0.08352423459291458,-0.2212979117335889
COHFACE_s33_session2_natural,1,259,18.633333333333333,-0.08349446207284927,-0.2534329857493796
COHFACE_s33_session2_natural,1,260,18.666666666666668,0.037884123623371124,-0.28480737807229817
COHFACE_s33_session2_natural,1,261,18.7,0.19043226540088654,-0.3036841998567289
COHFACE_s33_session2_natural,1,262,18.733333333333334,0.17062491178512573,-0.30078620396369277
COHFACE_s33_session2_natural,1,263,18.766666666666666,0.004906945396214724,-0.27221190793302213
COHFACE_s33_session2_natural,1,264,18.8,-0.23722855746746063,-0.21934434222934313
COHFACE_s33_session2_natural,1,265,18.833333333333332,-0.4761887788772583,-0.14776912571483014
COHFACE_s33_session2_natural,1,266,18.866666666666667,-0.6583666205406189,-0.0657263449949903
COHFACE_s33_session2_natural,1,267,18.9,-0.7928863763809204,0.01898669520908456
COHFACE_s33_session2_natural,1,268,18.933333333333334,-0.871360182762146,0.10260392669227884
COHFACE_s33_session2_natural,1,269,18.966666666666665,-0.9005117416381836,0.18646069321267061
COHFACE_s33_session2_natural,1,270,19.0,-0.9376110434532166,0.27501120668018975
COHFACE_s33_session2_natural,1,271,19.033333333333335,-1.017959475517273,0.37285591288690784
COHFACE_s33_session2_natural,1,272,19.066666666666666,-1.0777544975280762,0.4817984360007602
COHFACE_s33_session2_natural,1,273,19.1,-0.8159263730049133,0.5977263520892424
COHFACE_s33_session2_natural,1,274,19.133333333333333,0.015723995864391327,0.7083041088881838
COHFACE_s33_session2_natural,1,275,19.166666666666668,0.8804376721382141,0.7935027391879391
COHFACE_s33_session2_natural,1,276,19.2,1.2748056650161743,0.8297180897669497
COHFACE_s33_session2_natural,1,277,19.233333333333334,1.2747578620910645,0.7966919067583638
COHFACE_s33_session2_natural,1,278,19.266666666666666,1.0373566150665283,0.6850768798532932
COHFACE_s33_session2_natural,1,279,19.3,0.6581477522850037,0.5014820413859329
COHFACE_s33_session2_natural,1,280,19.333333333333332,0.34417593479156494,0.2684997175356382
COHFACE_s33_session2_natural,1,281,19.366666666666667,0.2948344945907593,0.01844942293635868
COHFACE_s33_session2_natural,1,282,19.4,0.43334245681762695,-0.21657051263379543
COHFACE_s33_session2_natural,1,283,19.433333333333334,0.4989907741546631,-0.4124254297577285
COHFACE_s33_session2_natural,1,284,19.466666666666665,0.3973143398761749,-0.5558389732594555
COHFACE_s33_session2_natural,1,285,19.5,0.1829722374677658,-0.6435490064997265
COHFACE_s33_session2_natural,1,286,19.533333333333335,-0.07164448499679565,-0.6796977666277595
COHFACE_s33_session2_natural,1,287,19.566666666666666,-0.3022456467151642,-0.6736945015661814
COHFACE_s33_session2_natural,1,288,19.6,-0.48716840147972107,-0.6386486750903564
COHFACE_s33_session2_natural,1,289,19.633333333333333,-0.616093099117279,-0.5884126826579245
COHFACE_s33_session2_natural,1,290,19.666666666666668,-0.6776096820831299,-0.5335961043676583
COHFACE_s33_session2_natural,1,291,19.7,-0.71395343542099,-0.47926116982985995
COHFACE_s33_session2_natural,1,292,19.733333333333334,-0.7790374755859375,-0.4252942594212564
COHFACE_s33_session2_natural,1,293,19.766666666666666,-0.8405540585517883,-0.3685118417109491
COHFACE_s33_session2_natural,1,294,19.8,-0.5741925835609436,-0.30533308860229164
COHFACE_s33_session2_natural,1,295,19.833333333333332,0.2949683964252472,-0.23389862394746164
COHFACE_s33_session2_natural,1,296,19.866666666666667,1.2093294858932495,-0.1549923884843765
COHFACE_s33_session2_natural,1,297,19.9,1.681004524230957,-0.0717035223672392
COHFACE_s33_session2_natural,1,298,19.933333333333334,1.7470163106918335,0.01189529409947896
COHFACE_s33_session2_natural,1,299,19.966666666666665,1.6043862104415894,0.09250914594494963
COHFACE_s33_session2_natural,2,0,20.0,1.366391897201538,0.030128122360476038
COHFACE_s33_session2_natural,2,1,20.033333333333335,1.111392617225647,0.0916316769113793
COHFACE_s33_session2_natural,2,2,20.066666666666666,0.9608243107795715,0.131223566886236
COHFACE_s33_session2_natural,2,3,20.1,0.9314719438552856,0.13499996266176653
COHFACE_s33_session2_natural,2,4,20.133333333333333,0.9158154129981995,0.10036095618332008
COHFACE_s33_session2_natural,2,5,20.166666666666668,0.810093343257904,0.03286796291888883
COHFACE_s33_session2_natural,2,6,20.2,0.5882242918014526,-0.061152866577985285
COHFACE_s33_session2_natural,2,7,20.233333333333334,0.31121787428855896,-0.17466426363829116
COHFACE_s33_session2_natural,2,8,20.266666666666666,0.06979968398809433,-0.29305504667050475
COHFACE_s33_session2_natural,2,9,20.3,-0.11743762344121933,-0.3926740930102111
COHFACE_s33_session2_natural,2,10,20.333333333333332,-0.2556873559951782,-0.448445549618159
COHFACE_s33_session2_natural,2,11,20.366666666666667,-0.3490143120288849,-0.44448547835484065
COHFACE_s33_session2_natural,2,12,20.4,-0.4275168180465698,-0.38125156301432583
COHFACE_s33_session2_natural,2,13,20.433333333333334,-0.5193230509757996,-0.273982262343058
COHFACE_s33_session2_natural,2,14,20.466666666666665,-0.6363595128059387,-0.14444347461860427
COHFACE_s33_session2_natural,2,15,20.5,-0.7429328560829163,-0.014669790898196294
COHFACE_s33_session2_natural,2,16,20.533333333333335,-0.6028276681900024,0.09504709756132955
COHFACE_s33_session2_natural,2,17,20.566666666666666,0.15976960957050323,0.16853952546810386
COHFACE_s33_session2_natural,2,18,20.6,1.1852566003799438,0.19722386806660983
COHFACE_s33_session2_natural,2,19,20.633333333333333,1.8768304586410522,0.18109803753710163
COHFACE_s33_session2_natural,2,20,20.666666666666668,2.142091989517212,0.12721416037724984
COHFACE_s33_session2_natural,2,21,20.7,2.1504416465759277,0.04902069978738109
COHFACE_s33_session2_natural,2,22,20.733333333333334,2.045016050338745,-0.03387983246688549
COHFACE_s33_session2_natural,2,23,20.766666666666666,1.8357810974121094,-0.09968129741031875
COHFACE_s33_session2_natural,2,24,20.8,1.5945255756378174,-0.13103355020818186
COHFACE_s33_session2_natural,2,25,20.833333333333332,1.4352059364318848,-0.11843324611900091
COHFACE_s33_session2_natural,2,26,20.866666666666667,1.3572964668273926,-0.05998007645370365
COHFACE_s33_session2_natural,2,27,20.9,1.2522246837615967,0.037297493520549535
COHFACE_s33_session2_natural,2,28,20.933333333333334,1.0532426834106445,0.15505080958314071
COHFACE_s33_session2_natural,2,29,20.966666666666665,0.7825199365615845,0.2662689734904312
COHFACE_s33_session2_natural,2,30,21.0,0.507483720779419,0.34359263020529934
COHFACE_s33_session2_natural,2,31,21.033333333333335,0.2646022140979767,0.36805361348297927
COHFACE_s33_session2_natural,2,32,21.066666666666666,0.060723304748535156,0.334176490650124
COHFACE_s33_session2_natural,2,33,21.1,-0.10739526897668839,0.24945791299399875
COHFACE_s33_session2_natural,2,34,21.133333333333333,-0.23511488735675812,0.12933053408574638
COHFACE_s33_session2_natural,2,35,21.166666666666668,-0.33550018072128296,-0.008524302349452213
COHFACE_s33_session2_natural,2,36,21.2,-0.42565181851387024,-0.14772396328559587
COHFACE_s33_session2_natural,2,37,21.233333333333334,-0.553706169128418,-0.2735124417611406
COHFACE_s33_session2_natural,2,38,21.266666666666666,-0.7038537263870239,-0.37139760515699766
COHFACE_s33_session2_natural,2,39,21.3,-0.7495321035385132,-0.427726877555861
COHFACE_s33_session2_natural,2,40,21.333333333333332,-0.314506858587265,-0.43257852376522554
COHFACE_s33_session2_natural,2,41,21.366666666666667,0.6476080417633057,-0.38195811891535436
COHFACE_s33_session2_natural,2,42,21.4,1.578285574913025,-0.2780777410947689
COHFACE_s33_session2_natural,2,43,21.433333333333334,2.0823256969451904,-0.1285868556676072
COHFACE_s33_session2_natural,2,44,21.466666666666665,2.227050304412842,0.05432378122508427
COHFACE_s33_session2_natural,2,45,21.5,2.2240090370178223,0.2542409544788993
COHFACE_s33_session2_natural,2,46,21.533333333333335,2.1016740798950195,0.45077697929018923
COHFACE_s33_session2_natural,2,47,21.566666666666666,1.8605523109436035,0.621293470250237
COHFACE_s33_session2_natural,2,48,21.6,1.6206070184707642,0.7443074486717358
COHFACE_s33_session2_natural,2,49,21.633333333333333,1.475977897644043,0.8033097772569223
COHFACE_s33_session2_natural,2,50,21.666666666666668,1.3594101667404175,0.7896614596349654
COHFACE_s33_session2_natural,2,51,21.7,1.1977664232254028,0.7034341976670428
COHFACE_s33_session2_natural,2,52,21.733333333333334,0.9649273157119751,0.5522233621810048
COHFACE_s33_session2_natural,2,53,21.766666666666666,0.680824339389801,0.34908022328938054
COHFACE_s33_session2_natural,2,54,21.8,0.4044491946697235,0.11080565590588932
COHFACE_s33_session2_natural,2,55,21.833333333333332,0.17489053308963776,-0.1423683376591612
COHFACE_s33_session2_natural,2,56,21.866666666666667,-0.02273343876004219,-0.3869902667581676
COHFACE_s33_session2_natural,2,57,21.9,-0.18908265233039856,-0.5996567481003149
COHFACE_s33_session2_natural,2,58,21.933333333333334,-0.3227798640727997,-0.7626613267565858
COHFACE_s33_session2_natural,2,59,21.966666666666665,-0.44155699014663696,-0.8675871109520786
COHFACE_s33_session2_natural,2,60,22.0,-0.5624573826789856,-0.9153246519234373
COHFACE_s33_session2_natural,2,61,22.033333333333335,-0.6858826875686646,-0.9142461759637441
COHFACE_s33_session2_natural,2,62,22.066666666666666,-0.8058457970619202,-0.8771839238322208
COHFACE_s33_session2_natural,2,63,22.1,-0.9286302924156189,-0.8166593138458376
COHFACE_s33_session2_natural,2,64,22.133333333333333,-1.0589991807937622,-0.740211082322014
COHFACE_s33_session2_natural,2,65,22.166666666666668,-1.1691590547561646,-0.649700812074448
COHFACE_s33_session2_natural,2,66,22.2,-1.0667270421981812,-0.5439462195283534
COHFACE_s33_session2_natural,2,67,22.233333333333334,-0.34077000617980957,-0.4197524005159516
COHFACE_s33_session2_natural,2,68,22.266666666666666,0.8110114932060242,-0.27128831592960717
COHFACE_s33_session2_natural,2,69,22.3,1.7458207607269287,-0.09259602725392237
COHFACE_s33_session2_natural,2,70,22.333333333333332,2.1552906036376953,0.117192619969041
COHFACE_s33_session2_natural,2,71,22.366666666666667,2.2204320430755615,0.3515566267039529
COHFACE_s33_session2_natural,2,72,22.4,2.1616315841674805,0.5980081946423751
COHFACE_s33_session2_natural,2,73,22.433333333333334,1.984790563583374,0.8390749127083086
COHFACE_s33_session2_natural,2,74,22.466666666666665,1.7293990850448608,1.0521345593614806
COHFACE_s33_session2_natural,2,75,22.5,1.5190356969833374,1.2110485992307252
COHFACE_s33_session2_natural,2,76,22.533333333333335,1.3864383697509766,1.2905451075776364
COHFACE_s33_session2_natural,2,77,22.566666666666666,1.2464001178741455,1.271925886577779
COHFACE_s33_session2_natural,2,78,22.6,1.0441184043884277,1.1486472126907192
COHFACE_s33_session2_natural,2,79,22.633333333333333,0.7873784899711609,0.9304992645339698
COHFACE_s33_session2_natural,2,80,22.666666666666668,0.5016018152236938,0.6442378975791185
COHFACE_s33_session2_natural,2,81,22.7,0.21461999416351318,0.32814554716866545
COHFACE_s33_session2_natural,2,82,22.733333333333334,-0.03258451074361801,0.02216185761349057
COHFACE_s33_session2_natural,2,83,22.766666666666666,-0.21658913791179657,-0.24089359978609584
COHFACE_s33_session2_natural,2,84,22.8,-0.3663158416748047,-0.4403685317692647
COHFACE_s33_session2_natural,2,85,22.833333333333332,-0.5163581967353821,-0.5697877472023326
COHFACE_s33_session2_natural,2,86,22.866666666666667,-0.6623835563659668,-0.636074911114598
COHFACE_s33_session2_natural,2,87,22.9,-0.8031008839607239,-0.6556217011176253
COHFACE_s33_session2_natural,2,88,22.933333333333334,-0.9444111585617065,-0.6482278715646439
COHFACE_s33_session2_natural,2,89,22.966666666666665,-1.0802124738693237,-0.6311895786208818
COHFACE_s33_session2_natural,2,90,23.0,-1.2053115367889404,-0.6150166106876707
COHFACE_s33_session2_natural,2,91,23.033333333333335,-1.3185031414031982,-0.6012675596658994
COHFACE_s33_session2_natural,2,92,23.066666666666666,-1.4318957328796387,-0.5828235718515534
COHFACE_s33_session2_natural,2,93,23.1,-1.5460342168807983,-0.54675055079901
COHFACE_s33_session2_natural,2,94,23.133333333333333,-1.5932906866073608,-0.4793800955335353
COHFACE_s33_session2_natural,2,95,23.166666666666668,-1.2233399152755737,-0.37269102168118545
COHFACE_s33_session2_natural,2,96,23.2,-0.21298344433307648,-0.22932024106191917
COHFACE_s33_session2_natural,2,97,23.233333333333334,0.8604677319526672,-0.06233666378964928
COHFACE_s33_session2_natural,2,98,23.266666666666666,1.478311538696289,0.10983347441144502
COHFACE_s33_session2_natural,2,99,23.3,1.6322274208068848,0.26880603899443156
COHFACE_s33_session2_natural,2,100,23.333333333333332,1.5391204357147217,0.3993564378266822
COHFACE_s33_session2_natural,2,101,23.366666666666667,1.3211630582809448,0.4901614438263122
COHFACE_s33_session2_natural,2,102,23.4,1.071433663368225,0.5336328253714943
COHFACE_s33_session2_natural,2,103,23.433333333333334,0.9044914841651917,0.5273556778107106
COHFACE_s33_session2_natural,2,104,23.466666666666665,0.8389579653739929,0.4763692758427118
COHFACE_s33_session2_natural,2,105,23.5,0.7880958318710327,0.3924388572572427
COHFACE_s33_session2_natural,2,106,23.533333333333335,0.6518545150756836,0.2897454245258419
COHFACE_s33_session2_natural,2,107,23.566666666666666,0.4202204644680023,0.17992627563002328
COHFACE_s33_session2_natural,2,108,23.6,0.14994722604751587,0.06945194471641364
COHFACE_s33_session2_natural,2,109,23.633333333333333,-0.10992976278066635,-0.0383670572982657
COHFACE_s33_session2_natural,2,110,23.666666666666668,-0.3376521170139313,-0.13848168348624185
COHFACE_s33_session2_natural,2,111,23.7,-0.5216567516326904,-0.22162269590292952
COHFACE_s33_session2_natural,2,112,23.733333333333334,-0.6722537875175476,-0.2762183621424145
COHFACE_s33_session2_natural,2,113,23.766666666666666,-0.7995334267616272,-0.2928493241135948
COHFACE_s33_session2_natural,2,114,23.8,-0.9038687348365784,-0.26849561130801924
COHFACE_s33_session2_natural,2,115,23.833333333333332,-1.0075249671936035,-0.20763579755875872
COHFACE_s33_session2_natural,2,116,23.866666666666667,-1.1101291179656982,-0.12015665385321686
COHFACE_s33_session2_natural,2,117,23.9,-1.1841365098953247,-0.018884489719858823
COHFACE_s33_session2_natural,2,118,23.933333333333334,-1.2740777730941772,0.08189837657373769
COHFACE_s33_session2_natural,2,119,23.966666666666665,-1.3908272981643677,0.16737111346233996
COHFACE_s33_session2_natural,2,120,24.0,-1.5196372270584106,0.22340055507169115
COHFACE_s33_session2_natural,2,121,24.033333333333335,-1.6589102745056152,0.23908208945112372
COHFACE_s33_session2_natural,2,122,24.066666666666666,-1.6473759412765503,0.21039800076426798
COHFACE_s33_session2_natural,2,123,24.1,-1.0734410285949707,0.143535719024845
COHFACE_s33_session2_natural,2,124,24.133333333333333,-0.07854023575782776,0.05521402219406708
COHFACE_s33_session2_natural,2,125,24.166666666666668,0.7202860116958618,-0.03311885189632796
COHFACE_s33_session2_natural,2,126,24.2,1.0498569011688232,-0.10412764666508913
COHFACE_s33_session2_natural,2,127,24.233333333333334,0.9949013590812683,-0.14789797299040755
COHFACE_s33_session2_natural,2,128,24.266666666666666,0.7182871103286743,-0.15935162457292606
COHFACE_s33_session2_natural,2,129,24.3,0.38620078563690186,-0.13758721041953423
COHFACE_s33_session2_natural,2,130,24.333333333333332,0.18718045949935913,-0.08884550659084775
COHFACE_s33_session2_natural,2,131,24.366666666666667,0.20291347801685333,-0.028152333927150913
COHFACE_s33_session2_natural,2,132,24.4,0.31243252754211426,0.023724432005261434
COHFACE_s33_session2_natural,2,133,24.433333333333334,0.3250858783721924,0.048752724380788565
COHFACE_s33_session2_natural,2,134,24.466666666666665,0.1753113567829132,0.04106263450007355
COHFACE_s33_session2_natural,2,135,24.5,-0.043984971940517426,0.008659859625732614
COHFACE_s33_session2_natural,2,136,24.533333333333335,-0.25603166222572327,-0.03366528258150971
COHFACE_s33_session2_natural,2,137,24.566666666666666,-0.44310638308525085,-0.07347472706394965
COHFACE_s33_session2_natural,2,138,24.6,-0.5913793444633484,-0.10610482402762175
COHFACE_s33_session2_natural,2,139,24.633333333333333,-0.7020269632339478,-0.13305257600379447
COHFACE_s33_session2_natural,2,140,24.666666666666668,-0.7787027359008789,-0.1558333931989304
COHFACE_s33_session2_natural,2,141,24.7,-0.8345478177070618,-0.17290032765241245
COHFACE_s33_session2_natural,2,142,24.733333333333334,-0.8860794305801392,-0.18131502063253513
COHFACE_s33_session2_natural,2,143,24.766666666666666,-0.9490975737571716,-0.17856649710193498
COHFACE_s33_session2_natural,2,144,24.8,-1.0369155406951904,-0.16243163900511282
COHFACE_s33_session2_natural,2,145,24.833333333333332,-1.1463006734848022,-0.12988100995735702
COHFACE_s33_session2_natural,2,146,24.866666666666667,-1.2459782361984253,-0.07681334781294745
COHFACE_s33_session2_natural,2,147,24.9,-1.1433358192443848,-0.0006468039504260205
COHFACE_s33_session2_natural,2,148,24.933333333333334,-0.5513820648193359,0.09548358691289188
COHFACE_s33_session2_natural,2,149,24.966666666666665,0.3219297230243683,0.20117088156040064
COHFACE_s33_session2_natural,2,150,25.0,0.9539381265640259,0.30096254782026227
COHFACE_s33_session2_natural,2,151,25.033333333333335,1.1382488012313843,0.3781070598380648
COHFACE_s33_session2_natural,2,152,25.066666666666666,0.9915825724601746,0.4183714149979744
COHFACE_s33_session2_natural,2,153,25.1,0.6596971154212952,0.41358996909889323
COHFACE_s33_session2_natural,2,154,25.133333333333333,0.3104814291000366,0.3637142344593458
COHFACE_s33_session2_natural,2,155,25.166666666666668,0.16173982620239258,0.2754766219712403
COHFACE_s33_session2_natural,2,156,25.2,0.24394366145133972,0.1590205238434617
COHFACE_s33_session2_natural,2,157,25.233333333333334,0.34582096338272095,0.026709618631393994
COHFACE_s33_session2_natural,2,158,25.266666666666666,0.30107033252716064,-0.10582580560089148
COHFACE_s33_session2_natural,2,159,25.3,0.11904547363519669,-0.22047001231558025
COHFACE_s33_session2_natural,2,160,25.333333333333332,-0.10926027595996857,-0.300695505587174
COHFACE_s33_session2_natural,2,161,25.366666666666667,-0.3271028399467468,-0.33727985232366287
COHFACE_s33_session2_natural,2,162,25.4,-0.5122169256210327,-0.3321105359681207
COHFACE_s33_session2_natural,2,163,25.433333333333334,-0.6600977778434753,-0.29551420037884696
COHFACE_s33_session2_natural,2,164,25.466666666666665,-0.7727155685424805,-0.23934937670163925
COHFACE_s33_session2_natural,2,165,25.5,-0.8450779318809509,-0.17429803270153058
COHFACE_s33_session2_natural,2,166,25.533333333333335,-0.907943069934845,-0.11192413856007473
COHFACE_s33_session2_natural,2,167,25.566666666666666,-0.9673076868057251,-0.06414424421716355
COHFACE_s33_session2_natural,2,168,25.6,-1.0248934030532837,-0.03852838269089298
COHFACE_s33_session2_natural,2,169,25.633333333333333,-1.1147007942199707,-0.03416849844692725
COHFACE_s33_session2_natural,2,170,25.666666666666668,-1.2132498025894165,-0.04117791815319425
COHFACE_s33_session2_natural,2,171,25.7,-1.0427114963531494,-0.044403753316961364
COHFACE_s33_session2_natural,2,172,25.733333333333334,-0.273208886384964,-0.02988746844892293
COHFACE_s33_session2_natural,2,173,25.766666666666666,0.737616240978241,0.009139913744110157
COHFACE_s33_session2_natural,2,174,25.8,1.4419678449630737,0.06971569955398489
COHFACE_s33_session2_natural,2,175,25.833333333333332,1.6904730796813965,0.14213111676169068
COHFACE_s33_session2_natural,2,176,25.866666666666667,1.624451756477356,0.2164142019317744
COHFACE_s33_session2_natural,2,177,25.9,1.4094879627227783,0.2866902839746695
COHFACE_s33_session2_natural,2,178,25.933333333333334,1.1496875286102295,0.35120032215112706
COHFACE_s33_session2_natural,2,179,25.966666666666665,0.9672609567642212,0.40966940024355053
COHFACE_s33_session2_natural,2,180,26.0,0.9298364520072937,0.4598773190634202
COHFACE_s33_session2_natural,2,181,26.033333333333335,0.930448591709137,0.4949721130183168
COHFACE_s33_session2_natural,2,182,26.066666666666666,0.8546240329742432,0.5030068007240727
COHFACE_s33_session2_natural,2,183,26.1,0.6783185005187988,0.4697794417754686
COHFACE_s33_session2_natural,2,184,26.133333333333333,0.4408120810985565,0.3837956948772299
COHFACE_s33_session2_natural,2,185,26.166666666666668,0.1822071075439453,0.24016862291127122
COHFACE_s33_session2_natural,2,186,26.2,-0.05319524556398392,0.04278451650483978
COHFACE_s33_session2_natural,2,187,26.233333333333334,-0.23828062415122986,-0.19340019699005695
COHFACE_s33_session2_natural,2,188,26.266666666666666,-0.3680565357208252,-0.441500215562487
COHFACE_s33_session2_natural,2,189,26.3,-0.4634110629558563,-0.6678909699528738
COHFACE_s33_session2_natural,2,190,26.333333333333332,-0.5508369207382202,-0.8422296123801672
COHFACE_s33_session2_natural,2,191,26.366666666666667,-0.6483625173568726,-0.9454158812581205
COHFACE_s33_session2_natural,2,192,26.4,-0.7612959742546082,-0.9717366287102224
COHFACE_s33_session2_natural,2,193,26.433333333333334,-0.8835257887840271,-0.9254303560026851
COHFACE_s33_session2_natural,2,194,26.466666666666665,-0.894601047039032,-0.814592465594586
COHFACE_s33_session2_natural,2,195,26.5,-0.4492656886577606,-0.6472481369576912
COHFACE_s33_session2_natural,2,196,26.533333333333335,0.4757307767868042,-0.43146513149342824
COHFACE_s33_session2_natural,2,197,26.566666666666666,1.3642973899841309,-0.17800720749246182
COHFACE_s33_session2_natural,2,198,26.6,1.8278237581253052,0.09689355039677042
COHFACE_s33_session2_natural,2,199,26.633333333333333,1.8847112655639648,0.37133638621932397
COHFACE_s33_session2_natural,2,200,26.666666666666668,1.7293990850448608,0.6205037506304806
COHFACE_s33_session2_natural,2,201,26.7,1.4692543745040894,0.8203426388413497
COHFACE_s33_session2_natural,2,202,26.733333333333334,1.2075506448745728,0.9510397409172469
COHFACE_s33_session2_natural,2,203,26.766666666666666,1.054992914199829,1.0002505539389233
COHFACE_s33_session2_natural,2,204,26.8,1.0084251165390015,0.9653152585538325
COHFACE_s33_session2_natural,2,205,26.833333333333332,0.9512123465538025,0.8530696379082519
COHFACE_s33_session2_natural,2,206,26.866666666666667,0.8008447885513306,0.6774529429191707
COHFACE_s33_session2_natural,2,207,26.9,0.556519091129303,0.45665469196874137
COHFACE_s33_session2_natural,2,208,26.933333333333334,0.2810525596141815,0.21131769002767065
COHFACE_s33_session2_natural,2,209,26.966666666666665,0.03116052784025669,-0.03528091946046228
COHFACE_s33_session2_natural,2,210,27.0,-0.18142177164554596,-0.25737144591196925
COHFACE_s33_session2_natural,2,211,27.033333333333335,-0.3554796874523163,-0.43194579460501575
COHFACE_s33_session2_natural,2,212,27.066666666666666,-0.4957091808319092,-0.546516179805115
COHFACE_s33_session2_natural,2,213,27.1,-0.6088817715644836,-0.5999912342115682
COHFACE_s33_session2_natural,2,214,27.133333333333333,-0.7102138996124268,-0.5967745373342959
COHFACE_s33_session2_natural,2,215,27.166666666666668,-0.8118425011634827,-0.5436147832258094
COHFACE_s33_session2_natural,2,216,27.2,-0.9326185584068298,-0.45125054915214724
COHFACE_s33_session2_natural,2,217,27.233333333333334,-1.0861613750457764,-0.33488863747437414
COHFACE_s33_session2_natural,2,218,27.266666666666666,-1.1143373250961304,-0.21145113656519238
COHFACE_s33_session2_natural,2,219,27.3,-0.6091686487197876,-0.0960731978502678
COHFACE_s33_session2_natural,2,220,27.333333333333332,0.3667951226234436,0.0002603566979821442
COHFACE_s33_session2_natural,2,221,27.366666666666667,1.2151254415512085,0.0711097671106763
COHFACE_s33_session2_natural,2,222,27.4,1.5792899131774902,0.11398152311411405
COHFACE_s33_session2_natural,2,223,27.433333333333334,1.5447441339492798,0.13118082263910552
COHFACE_s33_session2_natural,2,224,27.466666666666665,1.3094278573989868,0.1309424904619302
COHFACE_s33_session2_natural,2,225,27.5,1.0018545389175415,0.12439944692092988
COHFACE_s33_session2_natural,2,226,27.533333333333335,0.7623299956321716,0.11958684679918902
COHFACE_s33_session2_natural,2,227,27.566666666666666,0.6693951487541199,0.11907410347786695
COHFACE_s33_session2_natural,2,228,27.6,0.6609596014022827,0.1224851167521699
COHFACE_s33_session2_natural,2,229,27.633333333333333,0.609035849571228,0.12953097890433563
COHFACE_s33_session2_natural,2,230,27.666666666666668,0.44397780299186707,0.14072556021983632
COHFACE_s33_session2_natural,2,231,27.7,0.18842379748821259,0.15528074325431254
COHFACE_s33_session2_natural,2,232,27.733333333333334,-0.08246153593063354,0.16824416095979236
COHFACE_s33_session2_natural,2,233,27.766666666666666,-0.32488396763801575,0.1709323682278782
COHFACE_s33_session2_natural,2,234,27.8,-0.5219436287879944,0.15481108330897486
COHFACE_s33_session2_natural,2,235,27.833333333333332,-0.6706756949424744,0.11500595828855341
COHFACE_s33_session2_natural,2,236,27.866666666666667,-0.7867940068244934,0.051507449623908394
COHFACE_s33_session2_natural,2,237,27.9,-0.894601047039032,-0.0315198402085547
COHFACE_s33_session2_natural,2,238,27.933333333333334,-0.9800089001655579,-0.12741221754761944
COHFACE_s33_session2_natural,2,239,27.966666666666665,-1.0760328769683838,-0.2285206222804588
COHFACE_s33_session2_natural,2,240,28.0,-1.2050246000289917,-0.326473188275178
COHFACE_s33_session2_natural,2,241,28.033333333333335,-1.340137243270874,-0.4104433680546517
COHFACE_s33_session2_natural,2,242,28.066666666666666,-1.3542540073394775,-0.46552475153594436
COHFACE_s33_session2_natural,2,243,28.1,-0.8793653845787048,-0.4755624615961818
COHFACE_s33_session2_natural,2,244,28.133333333333333,0.02438911236822605,-0.42975750185596506
COHFACE_s33_session2_natural,2,245,28.166666666666668,0.7774795889854431,-0.3274194792261054
COHFACE_s33_session2_natural,2,246,28.2,1.0660969018936157,-0.17821602764095493
COHFACE_s33_session2_natural,2,247,28.233333333333334,0.9683034420013428,0.0011197917395728008
COHFACE_s33_session2_natural,2,248,28.266666666666666,0.6443466544151306,0.19157615462367944
COHFACE_s33_session2_natural,2,249,28.3,0.2698529362678528,0.37552406342270517
COHFACE_s33_session2_natural,2,250,28.333333333333332,0.07661891728639603,0.5379784072781327
COHFACE_s33_session2_natural,2,251,28.366666666666667,0.12700285017490387,0.6657753910569536
COHFACE_s33_session2_natural,2,252,28.4,0.2115212082862854,0.7464759039772875
COHFACE_s33_session2_natural,2,253,28.433333333333334,0.16404478251934052,0.7697571067891303
COHFACE_s33_session2_natural,2,254,28.466666666666665,-0.01139036100357771,0.730465668477307
COHFACE_s33_session2_natural,2,255,28.5,-0.2627648413181305,0.6291367570882246
COHFACE_s33_session2_natural,2,256,28.533333333333335,-0.5002234578132629,0.47012008287478124
COHFACE_s33_session2_natural,2,257,28.566666666666666,-0.6909612417221069,0.26172302956154786
COHFACE_s33_session2_natural,2,258,28.6,-0.8561245203018188,0.0189705935975003
COHFACE_s33_session2_natural,2,259,28.633333333333333,-0.9594460129737854,-0.23444569399525123
COHFACE_s33_session2_natural,2,260,28.666666666666668,-1.0112550258636475,-0.4678114588084098
COHFACE_s33_session2_natural,2,261,28.7,-1.071920394897461,-0.6499574649242383
COHFACE_s33_session2_natural,2,262,28.733333333333334,-1.1664046049118042,-0.7586413494714003
COHFACE_s33_session2_natural,2,263,28.766666666666666,-1.2811743021011353,-0.787571761079858
COHFACE_s33_session2_natural,2,264,28.8,-1.383204698562622,-0.7475940472406252
COHFACE_s33_session2_natural,2,265,28.833333333333332,-1.3590551614761353,-0.6610507040901383
COHFACE_s33_session2_natural,2,266,28.866666666666667,-0.9112522602081299,-0.5525462223173511
COHFACE_s33_session2_natural,2,267,28.9,-0.09959091991186142,-0.4427772080532671
COHFACE_s33_session2_natural,2,268,28.933333333333334,0.5734667778015137,-0.3465704195358937
COHFACE_s33_session2_natural,2,269,28.966666666666665,0.8223928213119507,-0.2706825093983624
COHFACE_s33_session2_natural,2,270,29.0,0.6929803490638733,-0.21129704000362173
COHFACE_s33_session2_natural,2,271,29.033333333333335,0.3422248363494873,-0.1556611781039216
COHFACE_s33_session2_natural,2,272,29.066666666666666,-0.02748681977391243,-0.08814420669749065
COHFACE_s33_session2_natural,2,273,29.1,-0.1683667004108429,0.003341731668241775
COHFACE_s33_session2_natural,2,274,29.133333333333333,-0.057068727910518646,0.1231182777357344
COHFACE_s33_session2_natural,2,275,29.166666666666668,0.08560921996831894,0.26625147546002653
COHFACE_s33_session2_natural,2,276,29.2,0.07850305736064911,0.4195845347287277
COHFACE_s33_session2_natural,2,277,29.233333333333334,-0.06504522264003754,0.5644793995714841
COHFACE_s33_session2_natural,2,278,29.266666666666666,-0.26606446504592896,0.680540522231701
COHFACE_s33_session2_natural,2,279,29.3,-0.48966464400291443,0.7497867994876514
COHFACE_s33_session2_natural,2,280,29.333333333333332,-0.6752186417579651,0.7607960468395975
COHFACE_s33_session2_natural,2,281,29.366666666666667,-0.796511173248291,0.7123561731207242
COHFACE_s33_session2_natural,2,282,29.4,-0.8703272938728333,0.6148143652509566
COHFACE_s33_session2_natural,2,283,29.433333333333334,-0.9150587916374207,0.48639108221774163
COHFACE_s33_session2_natural,2,284,29.466666666666665,-0.9690388441085815,0.3454610419214254
COHFACE_s33_session2_natural,2,285,29.5,-1.0585496425628662,0.20339775434382262
COHFACE_s33_session2_natural,2,286,29.533333333333335,-1.1534546613693237,0.06232364316634533
COHFACE_s33_session2_natural,2,287,29.566666666666666,-1.0622509717941284,-0.07922858360145443
COHFACE_s33_session2_natural,2,288,29.6,-0.47414204478263855,-0.21720964042521324
COHFACE_s33_session2_natural,2,289,29.633333333333333,0.44290661811828613,-0.34026100476709714
COHFACE_s33_session2_natural,2,290,29.666666666666668,1.1452209949493408,-0.4363295389437731
COHFACE_s33_session2_natural,2,291,29.7,1.3849272727966309,-0.4988565182713177
COHFACE_s33_session2_natural,2,292,29.733333333333334,1.2747865915298462,-0.5281958406910416
COHFACE_s33_session2_natural,2,293,29.766666666666666,0.9842373132705688,-0.5295305550979835
COHFACE_s33_session2_natural,2,294,29.8,0.6664972305297852,-0.5091498399916953
COHFACE_s33_session2_natural,2,295,29.833333333333332,0.4925636649131775,-0.4710301956796095
COHFACE_s33_session2_natural,2,296,29.866666666666667,0.5294621586799622,-0.41560599541316706
COHFACE_s33_session2_natural,2,297,29.9,0.6152812242507935,-0.34210601899636905
COHFACE_s33_session2_natural,2,298,29.933333333333334,0.5673744082450867,-0.2526534709008018
COHFACE_s33_session2_natural,2,299,29.966666666666665,0.38563650846481323,-0.15362094905447532
COHFACE_s33_session2_natural,3,0,30.0,0.13433854281902313,0.008856154056782702
COHFACE_s33_session2_natural,3,1,30.033333333333335,-0.1160316914319992,0.3015321332688082
COHFACE_s33_session2_natural,3,2,30.066666666666666,-0.31255578994750977,0.5476727280177611
COHFACE_s33_session2_natural,3,3,30.1,-0.46272245049476624,0.7133298427117324
COHFACE_s33_session2_natural,3,4,30.133333333333333,-0.5722606182098389,0.7869599392577576
COHFACE_s33_session2_natural,3,5,30.166666666666668,-0.6490607261657715,0.7776085523501587
COHFACE_s33_session2_natural,3,6,30.2,-0.7202944755554199,0.7027832199801759
COHFACE_s33_session2_natural,3,7,30.233333333333334,-0.8032538890838623,0.5809685753891662
COHFACE_s33_session2_natural,3,8,30.266666666666666,-0.9106305837631226,0.43250270480195996
COHFACE_s33_session2_natural,3,9,30.3,-0.9311265349388123,0.2804449380715488
COHFACE_s33_session2_natural,3,10,30.333333333333332,-0.4691591262817383,0.14694226964084445
COHFACE_s33_session2_natural,3,11,30.366666666666667,0.50581955909729,0.045911854360235656
COHFACE_s33_session2_natural,3,12,30.4,1.453932523727417,-0.023332428150011488
COHFACE_s33_session2_natural,3,13,30.433333333333334,1.9525402784347534,-0.0742474574129705
COHFACE_s33_session2_natural,3,14,30.466666666666665,2.0035552978515625,-0.12372550234746818
COHFACE_s33_session2_natural,3,15,30.5,1.8535895347595215,-0.18378864736998216
COHFACE_s33_session2_natural,3,16,30.533333333333335,1.6175559759140015,-0.2583801862282148
COHFACE_s33_session2_natural,3,17,30.566666666666666,1.351366639137268,-0.34392984228461515
COHFACE_s33_session2_natural,3,18,30.6,1.1767922639846802,-0.4316790678053785
COHFACE_s33_session2_natural,3,19,30.633333333333333,1.1123394966125488,-0.5097002440781233
COHFACE_s33_session2_natural,3,20,30.666666666666668,1.0304991006851196,-0.5639984919382698
COHFACE_s33_session2_natural,3,21,30.7,0.8615771532058716,-0.5796423007112116
COHFACE_s33_session2_natural,3,22,30.733333333333334,0.609743595123291,-0.542930730780659
COHFACE_s33_session2_natural,3,23,30.766666666666666,0.3191656768321991,-0.44528471132750147
COHFACE_s33_session2_natural,3,24,30.8,0.047314371913671494,-0.287921204905445
COHFACE_s33_session2_natural,3,25,30.833333333333332,-0.17319659888744354,-0.08485739462399026
COHFACE_s33_session2_natural,3,26,30.866666666666667,-0.3333195447921753,0.13739757749875764
COHFACE_s33_session2_natural,3,27,30.9,-0.45486071705818176,0.343915549407219
COHFACE_s33_session2_natural,3,28,30.933333333333334,-0.5572640299797058,0.49877433101909896
COHFACE_s33_session2_natural,3,29,30.966666666666665,-0.6577067375183105,0.5745042332768678
COHFACE_s33_session2_natural,3,30,31.0,-0.78310227394104,0.5605612985754939
COHFACE_s33_session2_natural,3,31,31.033333333333335,-0.9146379828453064,0.4666915861209748
COHFACE_s33_session2_natural,3,32,31.066666666666666,-0.9792724847793579,0.3195323755794805
COHFACE_s33_session2_natural,3,33,31.1,-0.6305158734321594,0.15365840003312445
COHFACE_s33_session2_natural,3,34,31.133333333333333,0.3347456753253937,0.0011169667769278697
COHFACE_s33_session2_natural,3,35,31.166666666666668,1.4604074954986572,-0.11456183070673878
COHFACE_s33_session2_natural,3,36,31.2,2.0614376068115234,-0.17928498142247504
COHFACE_s33_session2_natural,3,37,31.233333333333334,2.1081106662750244,-0.18895153020732525
COHFACE_s33_session2_natural,3,38,31.266666666666666,1.9422205686569214,-0.15055504515249896
COHFACE_s33_session2_natural,3,39,31.3,1.6774753332138062,-0.0806367956303799
COHFACE_s33_session2_natural,3,40,31.333333333333332,1.3601274490356445,-0.0006129007072148574
COHFACE_s33_session2_natural,3,41,31.366666666666667,1.1195987462997437,0.06854317637004236
COHFACE_s33_session2_natural,3,42,31.4,0.9908366203308105,0.11089578849527718
COHFACE_s33_session2_natural,3,43,31.433333333333334,0.8779605031013489,0.11935860109955529
COHFACE_s33_session2_natural,3,44,31.466666666666665,0.6970738172531128,0.09738415902137942
COHFACE_s33_session2_natural,3,45,31.5,0.440486878156662,0.05617554422611288
COHFACE_s33_session2_natural,3,46,31.533333333333335,0.13716953992843628,0.008707714484123058
COHFACE_s33_session2_natural,3,47,31.566666666666666,-0.1497548669576645,-0.03478897933984544
COHFACE_s33_session2_natural,3,48,31.6,-0.38889679312705994,-0.06794917871701364
COHFACE_s33_session2_natural,3,49,31.633333333333333,-0.588165819644928,-0.08719541545623619
COHFACE_s33_session2_natural,3,50,31.666666666666668,-0.7425024509429932,-0.09004202128151197
COHFACE_s33_session2_natural,3,51,31.7,-0.8561245203018188,-0.07427924555505594
COHFACE_s33_session2_natural,3,52,31.733333333333334,-0.9632429480552673,-0.03892054584950575
COHFACE_s33_session2_natural,3,53,31.766666666666666,-1.102439522743225,0.013066507493959862
COHFACE_s33_session2_natural,3,54,31.8,-1.277903437614441,0.07247018989546312
COHFACE_s33_session2_natural,3,55,31.833333333333332,-1.450392723083496,0.12585990579332873
COHFACE_s33_session2_natural,3,56,31.866666666666667,-1.5720008611679077,0.16089499908208627
COHFACE_s33_session2_natural,3,57,31.9,-1.4444342851638794,0.16922661681333442
COHFACE_s33_session2_natural,3,58,31.933333333333334,-0.6846584677696228,0.1462138976596591
COHFACE_s33_session2_natural,3,59,31.966666666666665,0.543827474117279,0.09170377497347652
COHFACE_s33_session2_natural,3,60,32.0,1.4926387071609497,0.012365136257150439
COHFACE_s33_session2_natural,3,61,32.03333333333333,1.7743889093399048,-0.07789359598766675
COHFACE_s33_session2_natural,3,62,32.06666666666667,1.6429871320724487,-0.16070343105799112
COHFACE_s33_session2_natural,3,63,32.1,1.3611412048339844,-0.21790224213919357
COHFACE_s33_session2_natural,3,64,32.13333333333333,1.0331292152404785,-0.2369617766708289
COHFACE_s33_session2_natural,3,65,32.166666666666664,0.7787229418754578,-0.21636605876236692
COHFACE_s33_session2_natural,3,66,32.2,0.6563975214958191,-0.16827763878710533
COHFACE_s33_session2_natural,3,67,32.233333333333334,0.5845516324043274,-0.11458117503390813
COHFACE_s33_session2_natural,3,68,32.266666666666666,0.45135176181793213,-0.07739576948156102
COHFACE_s33_session2_natural,3,69,32.3,0.22569528222084045,-0.06998888199451533
COHFACE_s33_session2_natural,3,70,32.333333333333336,-0.03982457146048546,-0.09224556170096948
COHFACE_s33_session2_natural,3,71,32.36666666666667,-0.3033837676048279,-0.1321531587460692
COHFACE_s33_session2_natural,3,72,32.4,-0.5399625301361084,-0.1716281602328996
COHFACE_s33_session2_natural,3,73,32.43333333333333,-0.7419094443321228,-0.19235822904696231
COHFACE_s33_session2_natural,3,74,32.46666666666667,-0.9003682732582092,-0.18025650810631969
COHFACE_s33_session2_natural,3,75,32.5,-1.019384503364563,-0.13021528646388525
COHFACE_s33_session2_natural,3,76,32.53333333333333,-1.1304337978363037,-0.050095450947405494
COHFACE_s33_session2_natural,3,77,32.56666666666667,-1.242726445198059,0.03975475567818449
COHFACE_s33_session2_natural,3,78,32.6,-1.3448715209960938,0.11272439882358103
COHFACE_s33_session2_natural,3,79,32.63333333333333,-1.4570493698120117,0.1463014727491497
COHFACE_s33_session2_natural,3,80,32.666666666666664,-1.5916074514389038,0.1319210763228078
COHFACE_s33_session2_natural,3,81,32.7,-1.7280590534210205,0.07762111901790267
COHFACE_s33_session2_natural,3,82,32.733333333333334,-1.7592860460281372,0.0030535844552321435
COHFACE_s33_session2_natural,3,83,32.766666666666666,-1.2909488677978516,-0.06736109675063483
COHFACE_s33_session2_natural,3,84,32.8,-0.2529233396053314,-0.110316129153742
COHFACE_s33_session2_natural,3,85,32.833333333333336,0.7556255459785461,-0.10927372538379959
COHFACE_s33_session2_natural,3,86,32.86666666666667,1.1674003601074219,-0.05883375460859117
COHFACE_s33_session2_natural,3,87,32.9,1.0779467821121216,0.03497006450316035
COHFACE_s33_session2_natural,3,88,32.93333333333333,0.7962827086448669,0.15836774031902204
COHFACE_s33_session2_natural,3,89,32.96666666666667,0.43162092566490173,0.29463345086530085
COHFACE_s33_session2_natural,3,90,33.0,0.16231366991996765,0.42726735049816145
COHFACE_s33_session2_natural,3,91,33.03333333333333,0.1203940212726593,0.5397779499496225
COHFACE_s33_session2_natural,3,92,33.06666666666667,0.14442871510982513,0.6140722983764042
COHFACE_s33_session2_natural,3,93,33.1,0.08269215375185013,0.6326316315970261
COHFACE_s33_session2_natural,3,94,33.13333333333333,-0.08583767712116241,0.5846626847500671
COHFACE_s33_session2_natural,3,95,33.166666666666664,-0.3352610766887665,0.47126834531968337
COHFACE_s33_session2_natural,3,96,33.2,-0.6055247187614441,0.30659273402692555
COHFACE_s33_session2_natural,3,97,33.233333333333334,-0.8319463133811951,0.11455537129539282
COHFACE_s33_session2_natural,3,98,33.266666666666666,-1.0142103433609009,-0.07771820460692976
COHFACE_s33_session2_natural,3,99,33.3,-1.1517140865325928,-0.24737665361909883
COHFACE_s33_session2_natural,3,100,33.333333333333336,-1.240125060081482,-0.38118046306131753
COHFACE_s33_session2_natural,3,101,33.36666666666667,-1.3135871887207031,-0.47562461716916776
COHFACE_s33_session2_natural,3,102,33.4,-1.3865042924880981,-0.5327402459966513
COHFACE_s33_session2_natural,3,103,33.43333333333333,-1.4574798345565796,-0.5561466288105739
COHFACE_s33_session2_natural,3,104,33.46666666666667,-1.5464359521865845,-0.549209794667194
COHFACE_s33_session2_natural,3,105,33.5,-1.6543482542037964,-0.5140456198663822
COHFACE_s33_session2_natural,3,106,33.53333333333333,-1.7750763893127441,-0.4514483409704168
COHFACE_s33_session2_natural,3,107,33.56666666666667,-1.789891242980957,-0.36319185070446935
COHFACE_s33_session2_natural,3,108,33.6,-1.3042716979980469,-0.25515626973195066
COHFACE_s33_session2_natural,3,109,33.63333333333333,-0.3143155872821808,-0.13712509196005537
COHFACE_s33_session2_natural,3,110,33.666666666666664,0.4829038679599762,-0.019293570239807975
COHFACE_s33_session2_natural,3,111,33.7,0.7468647956848145,0.0902864443014772
COHFACE_s33_session2_natural,3,112,33.733333333333334,0.602034866809845,0.18572411627648788
COHFACE_s33_session2_natural,3,113,33.766666666666666,0.22453801333904266,0.2622010476613789
COHFACE_s33_session2_natural,3,114,33.8,-0.1902877241373062,0.31538839707168453
COHFACE_s33_session2_natural,3,115,33.833333333333336,-0.37069621682167053,0.34268813824205807
COHFACE_s33_session2_natural,3,116,33.86666666666667,-0.2756381630897522,0.34536663797144296
COHFACE_s33_session2_natural,3,117,33.9,-0.13511216640472412,0.328646827172866
COHFACE_s33_session2_natural,3,118,33.93333333333333,-0.13689109683036804,0.29906795406354075
COHFACE_s33_session2_natural,3,119,33.96666666666667,-0.2998546063899994,0.2608895780887141
COHFACE_s33_session2_natural,3,120,34.0,-0.5407946109771729,0.21373389658558656
COHFACE_s33_session2_natural,3,121,34.03333333333333,-0.7896154522895813,0.1535340096767602
COHFACE_s33_session2_natural,3,122,34.06666666666667,-0.9922414422035217,0.07651753609066796
COHFACE_s33_session2_natural,3,123,34.1,-1.1227633953094482,-0.016345378367165195
COHFACE_s33_session2_natural,3,124,34.13333333333333,-1.2006059885025024,-0.11724184881023895
COHFACE_s33_session2_natural,3,125,34.166666666666664,-1.2622182369232178,-0.21411707013074735
COHFACE_s33_session2_natural,3,126,34.2,-1.3043577671051025,-0.2963757822179745
COHFACE_s33_session2_natural,3,127,34.233333333333334,-1.3296263217926025,-0.35853154103580226
COHFACE_s33_session2_natural,3,128,34.266666666666666,-1.3864372968673706,-0.3995441902473684
COHFACE_s33_session2_natural,3,129,34.3,-1.4767993688583374,-0.4190475478952255
COHFACE_s33_session2_natural,3,130,34.333333333333336,-1.5616716146469116,-0.4133320980650481
COHFACE_s33_session2_natural,3,131,34.36666666666667,-1.389631748199463,-0.3748625827554771
COHFACE_s33_session2_natural,3,132,34.4,-0.6112918853759766,-0.2961760359701681
COHFACE_s33_session2_natural,3,133,34.43333333333333,0.3440707325935364,-0.1758206791234927
COHFACE_s33_session2_natural,3,134,34.46666666666667,0.8491628766059875,-0.02297413958095581
COHFACE_s33_session2_natural,3,135,34.5,0.8708735108375549,0.14283761150130955
COHFACE_s33_session2_natural,3,136,34.53333333333333,0.5826961994171143,0.2966594949905199
COHFACE_s33_session2_natural,3,137,34.56666666666667,0.14564336836338043,0.41365083396347263
COHFACE_s33_session2_natural,3,138,34.6,-0.18233992159366608,0.47382835658085476
COHFACE_s33_session2_natural,3,139,34.63333333333333,-0.19539497792720795,0.46737395278654575
COHFACE_s33_session2_natural,3,140,34.666666666666664,-0.011658157221972942,0.3988098799008223
COHFACE_s33_session2_natural,3,141,34.7,0.08906187117099762,0.2855801474749278
COHFACE_s33_session2_natural,3,142,34.733333333333334,0.019520962610840797,0.15138813168841794
COHFACE_s33_session2_natural,3,143,34.766666666666666,-0.17162807285785675,0.019407838811730967
COHFACE_s33_session2_natural,3,144,34.8,-0.39480745792388916,-0.09171511526174006
COHFACE_s33_session2_natural,3,145,34.833333333333336,-0.6113301515579224,-0.1689904988073391
COHFACE_s33_session2_natural,3,146,34.86666666666667,-0.7783679962158203,-0.20484432012600098
COHFACE_s33_session2_natural,3,147,34.9,-0.8635271787643433,-0.1980649289896851
COHFACE_s33_session2_natural,3,148,34.93333333333333,-0.9078761339187622,-0.15568155026947253
COHFACE_s33_session2_natural,3,149,34.96666666666667,-0.9555533528327942,-0.0927609947372619
COHFACE_s33_session2_natural,3,150,35.0,-1.0124982595443726,-0.02882091261744433
COHFACE_s33_session2_natural,3,151,35.03333333333333,-1.0863717794418335,0.01829091518723146
COHFACE_s33_session2_natural,3,152,35.06666666666667,-1.0668609142303467,0.038651237249042354
COHFACE_s33_session2_natural,3,153,35.1,-0.5529601573944092,0.03318946012473168
COHFACE_s33_session2_natural,3,154,35.13333333333333,0.4205552041530609,0.011887878904223288
COHFACE_s33_session2_natural,3,155,35.166666666666664,1.1904594898223877,-0.011767316420797884
COHFACE_s33_session2_natural,3,156,35.2,1.4685083627700806,-0.027065237959820656
COHFACE_s33_session2_natural,3,157,35.233333333333334,1.3878252506256104,-0.02873587612123367
COHFACE_s33_session2_natural,3,158,35.266666666666666,1.1089251041412354,-0.015629418499378624
COHFACE_s33_session2_natural,3,159,35.3,0.7528901696205139,0.01100189270545746
COHFACE_s33_session2_natural,3,160,35.333333333333336,0.5127918124198914,0.047870754813138974
COHFACE_s33_session2_natural,3,161,35.36666666666667,0.5172391533851624,0.08925066333488231
COHFACE_s33_session2_natural,3,162,35.4,0.6222248077392578,0.1269596041995122
COHFACE_s33_session2_natural,3,163,35.43333333333333,0.6116277575492859,0.152106373286004
COHFACE_s33_session2_natural,3,164,35.46666666666667,0.44194063544273376,0.15815545785358878
COHFACE_s33_session2_natural,3,165,35.5,0.19574037194252014,0.14311045868390893
COHFACE_s33_session2_natural,3,166,35.53333333333333,-0.0582929365336895,0.10936841380978267
COHFACE_s33_session2_natural,3,167,35.56666666666667,-0.2833755612373352,0.06092429031198467
COHFACE_s33_session2_natural,3,168,35.6,-0.45388516783714294,0.0001275622975778635
COHFACE_s33_session2_natural,3,169,35.63333333333333,-0.5939712524414062,-0.07186971400976568
COHFACE_s33_session2_natural,3,170,35.666666666666664,-0.7277736663818359,-0.1512463254874864
COHFACE_s33_session2_natural,3,171,35.7,-0.8398271799087524,-0.22884936973207695
COHFACE_s33_session2_natural,3,172,35.733333333333334,-0.9133754968643188,-0.29123073948762507
COHFACE_s33_session2_natural,3,173,35.766666666666666,-0.980448842048645,-0.32506739613164487
COHFACE_s33_session2_natural,3,174,35.8,-0.7983953356742859,-0.3226890846190368
COHFACE_s33_session2_natural,3,175,35.833333333333336,0.03300640732049942,-0.2850113414083292
COHFACE_s33_session2_natural,3,176,35.86666666666667,1.1085233688354492,-0.22056006193411193
COHFACE_s33_session2_natural,3,177,35.9,1.8246963024139404,-0.14194873432034488
COHFACE_s33_session2_natural,3,178,35.93333333333333,2.006434202194214,-0.06163964369159581
COHFACE_s33_session2_natural,3,179,35.96666666666667,1.8877145051956177,0.011138088091094405
COHFACE_s33_session2_natural,3,180,36.0,1.671392560005188,0.0718355509005651
COHFACE_s33_session2_natural,3,181,36.03333333333333,1.40951669216156,0.12131544166579851
COHFACE_s33_session2_natural,3,182,36.06666666666667,1.2078471183776855,0.16553310112208935
COHFACE_s33_session2_natural,3,183,36.1,1.1281872987747192,0.2126553038575023
COHFACE_s33_session2_natural,3,184,36.13333333333333,1.0789414644241333,0.2683468101200942
COHFACE_s33_session2_natural,3,185,36.166666666666664,0.9584332704544067,0.332105213896599
COHFACE_s33_session2_natural,3,186,36.2,0.7571653723716736,0.3962702361160081
COHFACE_s33_session2_natural,3,187,36.233333333333334,0.49537551403045654,0.44773124316508456
COHFACE_s33_session2_natural,3,188,36.266666666666666,0.21326188743114471,0.47156987266001393
COHFACE_s33_session2_natural,3,189,36.3,-0.025679197162389755,0.45525906786460646
COHFACE_s33_session2_natural,3,190,36.333333333333336,-0.21398767828941345,0.39181993880900895
COHFACE_s33_session2_natural,3,191,36.36666666666667,-0.3620406687259674,0.28044096405755015
COHFACE_s33_session2_natural,3,192,36.4,-0.4780155122280121,0.1256734863105585
COHFACE_s33_session2_natural,3,193,36.43333333333333,-0.5918097496032715,-0.061471792851827765
COHFACE_s33_session2_natural,3,194,36.46666666666667,-0.7162392735481262,-0.261436572847574
COHFACE_s33_session2_natural,3,195,36.5,-0.8338878750801086,-0.4479401001766989
COHFACE_s33_session2_natural,3,196,36.53333333333333,-0.7037485241889954,-0.594509975932407
COHFACE_s33_session2_natural,3,197,36.56666666666667,0.036612093448638916,-0.68205536748465
COHFACE_s33_session2_natural,3,198,36.6,1.1307408809661865,-0.7040060383620269
COHFACE_s33_session2_natural,3,199,36.63333333333333,1.8830950260162354,-0.6665059220679096
COHFACE_s33_session2_natural,3,200,36.666666666666664,2.0519020557403564,-0.5841096499993492
COHFACE_s33_session2_natural,3,201,36.7,1.9157661199569702,-0.47423706126628695
COHFACE_s33_session2_natural,3,202,36.733333333333334,1.6792447566986084,-0.35248481174700946
COHFACE_s33_session2_natural,3,203,36.766666666666666,1.3797626495361328,-0.22932601637503405
COHFACE_s33_session2_natural,3,204,36.8,1.1335527896881104,-0.10871638183459713
COHFACE_s33_session2_natural,3,205,36.833333333333336,1.0165354013442993,0.010896000237200597
COHFACE_s33_session2_natural,3,206,36.86666666666667,0.9352976083755493,0.1333582308238559
COHFACE_s33_session2_natural,3,207,36.9,0.7896165251731873,0.26029205996422866
COHFACE_s33_session2_natural,3,208,36.93333333333333,0.5759056210517883,0.3876640132457444
COHFACE_s33_session2_natural,3,209,36.96666666666667,0.31958651542663574,0.5067908196222976
COHFACE_s33_session2_natural,3,210,37.0,0.05428663641214371,0.6083443923156461
COHFACE_s33_session2_natural,3,211,37.03333333333333,-0.19125370681285858,0.6835707429503008
COHFACE_s33_session2_natural,3,212,37.06666666666667,-0.37784063816070557,0.7224050237263272
COHFACE_s33_session2_natural,3,213,37.1,-0.5109257698059082,0.7136832278539472
COHFACE_s33_session2_natural,3,214,37.13333333333333,-0.621697723865509,0.64898085710228
COHFACE_s33_session2_natural,3,215,37.166666666666664,-0.7164401412010193,0.5274256556933781
COHFACE_s33_session2_natural,3,216,37.2,-0.8217509388923645,0.35863747561772163
COHFACE_s33_session2_natural,3,217,37.233333333333334,-0.948504626750946,0.1614525748359418
COHFACE_s33_session2_natural,3,218,37.266666666666666,-1.085281491279602,-0.041163130499750324
COHFACE_s33_session2_natural,3,219,37.3,-1.1628754138946533,-0.22793722890548562
COHFACE_s33_session2_natural,3,220,37.333333333333336,-0.815524697303772,-0.3832614730881363
COHFACE_s33_session2_natural,3,221,37.36666666666667,0.1946309208869934,-0.4977802055957414
COHFACE_s33_session2_natural,3,222,37.4,1.3223203420639038,-0.5662926541423338
COHFACE_s33_session2_natural,3,223,37.43333333333333,1.87969970703125,-0.5856460274002463
COHFACE_s33_session2_natural,3,224,37.46666666666667,1.8918079137802124,-0.554552322823716
COHFACE_s33_session2_natural,3,225,37.5,1.6782788038253784,-0.47599384077622375
COHFACE_s33_session2_natural,3,226,37.53333333333333,1.3884564638137817,-0.3605952686078114
COHFACE_s33_session2_natural,3,227,37.56666666666667,1.1135733127593994,-0.227462008239188
COHFACE_s33_session2_natural,3,228,37.6,0.9500072598457336,-0.10074171359973967
COHFACE_s33_session2_natural,3,229,37.63333333333333,0.8911781907081604,-0.002444650137943222
COHFACE_s33_session2_natural,3,230,37.666666666666664,0.8083717823028564,0.055238446923859305
COHFACE_s33_session2_natural,3,231,37.7,0.6347346901893616,0.07289791394715861
COHFACE_s33_session2_natural,3,232,37.733333333333334,0.39697957038879395,0.06092838918189205
COHFACE_s33_session2_natural,3,233,37.766666666666666,0.13234920799732208,0.03366071802660335
COHFACE_s33_session2_natural,3,234,37.8,-0.12329088151454926,0.0038803924140370025
COHFACE_s33_session2_natural,3,235,37.833333333333336,-0.3358827233314514,-0.01954509365737573
COHFACE_s33_session2_natural,3,236,37.86666666666667,-0.4889855980873108,-0.03136246011608745
COHFACE_s33_session2_natural,3,237,37.9,-0.6009052395820618,-0.030278716152070298
COHFACE_s33_session2_natural,3,238,37.93333333333333,-0.6923193335533142,-0.020491307680010572
COHFACE_s33_session2_natural,3,239,37.96666666666667,-0.7845751047134399,-0.011953183235125347
COHFACE_s33_session2_natural,3,240,38.0,-0.8931377530097961,-0.017123276993379604
COHFACE_s33_session2_natural,3,241,38.03333333333333,-1.011455774307251,-0.04289097692791241
COHFACE_s33_session2_natural,3,242,38.06666666666667,-1.1246953010559082,-0.08208745875685369
COHFACE_s33_session2_natural,3,243,38.1,-1.2433290481567383,-0.11367788740316818
COHFACE_s33_session2_natural,3,244,38.13333333333333,-1.3305730819702148,-0.11252443212716827
COHFACE_s33_session2_natural,3,245,38.166666666666664,-1.0725611448287964,-0.061107330670123215
COHFACE_s33_session2_natural,3,246,38.2,-0.18443447351455688,0.04273363770869789
COHFACE_s33_session2_natural,3,247,38.233333333333334,0.893387496471405,0.18492932419742314
COHFACE_s33_session2_natural,3,248,38.266666666666666,1.4699143171310425,0.3404813878646421
COHFACE_s33_session2_natural,3,249,38.3,1.4823094606399536,0.48092005744297645
COHFACE_s33_session2_natural,3,250,38.333333333333336,1.2553043365478516,0.5810989813380534
COHFACE_s33_session2_natural,3,251,38.36666666666667,0.9387311339378357,0.6242601456618813
COHFACE_s33_session2_natural,3,252,38.4,0.6584346890449524,0.6048546877165696
COHFACE_s33_session2_natural,3,253,38.43333333333333,0.5543289184570312,0.5290802815303838
COHFACE_s33_session2_natural,3,254,38.46666666666667,0.5641034841537476,0.41273138180908897
COHFACE_s33_session2_natural,3,255,38.5,0.5357457995414734,0.2757096538366952
COHFACE_s33_session2_natural,3,256,38.53333333333333,0.3976299464702606,0.13509020652796785
COHFACE_s33_session2_natural,3,257,38.56666666666667,0.161931112408638,0.000839993108808397
COHFACE_s33_session2_natural,3,258,38.6,-0.10926027595996857,-0.12427667433602174
COHFACE_s33_session2_natural,3,259,38.63333333333333,-0.3484213352203369,-0.24192928870597344
COHFACE_s33_session2_natural,3,260,38.666666666666664,-0.5384513735771179,-0.3545961612185146
COHFACE_s33_session2_natural,3,261,38.7,-0.6903395652770996,-0.4632578747891054
COHFACE_s33_session2_natural,3,262,38.733333333333334,-0.805176317691803,-0.566978620356582
COHFACE_s33_session2_natural,3,263,38.766666666666666,-0.8939411640167236,-0.663273170755568
COHFACE_s33_session2_natural,3,264,38.8,-0.9734765887260437,-0.7479184291112887
COHFACE_s33_session2_natural,3,265,38.833333333333336,-1.0512809753417969,-0.8130600591827404
COHFACE_s33_session2_natural,3,266,38.86666666666667,-1.1367366313934326,-0.8452308131347283
COHFACE_s33_session2_natural,3,267,38.9,-1.242783784866333,-0.8272326440763949
COHFACE_s33_session2_natural,3,268,38.93333333333333,-1.3733726739883423,-0.7441623762942877
COHFACE_s33_session2_natural,3,269,38.96666666666667,-1.5124927759170532,-0.5900082514595165
COHFACE_s33_session2_natural,3,270,39.0,-1.5170549154281616,-0.37138321084063547
COHFACE_s33_session2_natural,3,271,39.03333333333333,-0.975733757019043,-0.10590536164839487
COHFACE_s33_session2_natural,3,272,39.06666666666667,0.027727000415325165,0.1835860475076734
COHFACE_s33_session2_natural,3,273,39.1,0.7849970459938049,0.47442730053635845
COHFACE_s33_session2_natural,3,274,39.13333333333333,1.0143070220947266,0.7467649692802291
COHFACE_s33_session2_natural,3,275,39.166666666666664,0.8656132221221924,0.9837541868306395
COHFACE_s33_session2_natural,3,276,39.2,0.5103816986083984,1.1705585541934156
COHFACE_s33_session2_natural,3,277,39.233333333333334,0.12026011943817139,1.2939015005733434
COHFACE_s33_session2_natural,3,278,39.266666666666666,-0.04412843659520149,1.342452213738517
COHFACE_s33_session2_natural,3,279,39.3,0.05259378254413605,1.3068156429342934
COHFACE_s33_session2_natural,3,280,39.333333333333336,0.16499163210391998,1.1798863089667466
COHFACE_s33_session2_natural,3,281,39.36666666666667,0.12824618816375732,0.9600783551179828
COHFACE_s33_session2_natural,3,282,39.4,-0.07256264239549637,0.6568024472629362
COHFACE_s33_session2_natural,3,283,39.43333333333333,-0.35991743206977844,0.29445662090235625
COHFACE_s33_session2_natural,3,284,39.46666666666667,-0.6245191097259521,-0.08850745773721466
COHFACE_s33_session2_natural,3,285,39.5,-0.831449031829834,-0.44766911450803765
COHFACE_s33_session2_natural,3,286,39.53333333333333,-0.9851065874099731,-0.7448001329409889
COHFACE_s33_session2_natural,3,287,39.56666666666667,-1.1027073860168457,-0.9563589098651275
COHFACE_s33_session2_natural,3,288,39.6,-1.2011797428131104,-1.0752259736386185
COHFACE_s33_session2_natural,3,289,39.63333333333333,-1.2724518775939941,-1.1078536316996184
COHFACE_s33_session2_natural,3,290,39.666666666666664,-1.3235243558883667,-1.0692129132530805
COHFACE_s33_session2_natural,3,291,39.7,-1.3936773538589478,-0.9774988544757575
COHFACE_s33_session2_natural,3,292,39.733333333333334,-1.5195894241333008,-0.8503002695944507
COHFACE_s33_session2_natural,3,293,39.766666666666666,-1.6781916618347168,-0.7033871956655651
COHFACE_s33_session2_natural,3,294,39.8,-1.7311004400253296,-0.5509582192982327
COHFACE_s33_session2_natural,3,295,39.833333333333336,-1.306787133216858,-0.404309066694283
COHFACE_s33_session2_natural,3,296,39.86666666666667,-0.3183516561985016,-0.2693852722938379
COHFACE_s33_session2_natural,3,297,39.9,0.5206535458564758,-0.14708047091021267
COHFACE_s33_session2_natural,3,298,39.93333333333333,0.7869385480880737,-0.03627648736632168
COHFACE_s33_session2_natural,3,299,39.96666666666667,0.6393637657165527,0.06426706894096011
COHFACE_s33_session2_natural,4,0,40.0,0.25542065501213074,-0.01636984445072057
COHFACE_s33_session2_natural,4,1,40.03333333333333,-0.21578574180603027,0.25337409595056876
COHFACE_s33_session2_natural,4,2,40.06666666666667,-0.47466808557510376,0.4912468443777644
COHFACE_s33_session2_natural,4,3,40.1,-0.3470345437526703,0.6741601206139766
COHFACE_s33_session2_natural,4,4,40.13333333333333,-0.08149556070566177,0.7941460817574034
COHFACE_s33_session2_natural,4,5,40.166666666666664,-0.017779210582375526,0.8560451333658461
COHFACE_s33_session2_natural,4,6,40.2,-0.1709490269422531,0.867891463773608
COHFACE_s33_session2_natural,4,7,40.233333333333334,-0.3864388167858124,0.8342893052854631
COHFACE_s33_session2_natural,4,8,40.266666666666666,-0.5980455875396729,0.7563926350331697
COHFACE_s33_session2_natural,4,9,40.3,-0.7953252196311951,0.6345691236916218
COHFACE_s33_session2_natural,4,10,40.333333333333336,-0.9469838738441467,0.4711509944656644
COHFACE_s33_session2_natural,4,11,40.36666666666667,-1.0241856575012207,0.27271883069386627
COHFACE_s33_session2_natural,4,12,40.4,-1.0398995876312256,0.05139779840182113
COHFACE_s33_session2_natural,4,13,40.43333333333333,-1.0464797019958496,-0.17528016743395283
COHFACE_s33_session2_natural,4,14,40.46666666666667,-1.101464033126831,-0.3864051584343684
COHFACE_s33_session2_natural,4,15,40.5,-1.2041637897491455,-0.5619312313327598
COHFACE_s33_session2_natural,4,16,40.53333333333333,-1.245806097984314,-0.6869898238730714
COHFACE_s33_session2_natural,4,17,40.56666666666667,-0.8837839961051941,-0.7521792818056453
COHFACE_s33_session2_natural,4,18,40.6,0.027315741404891014,-0.750979226760549
COHFACE_s33_session2_natural,4,19,40.63333333333333,0.8644942045211792,-0.6803006445837552
COHFACE_s33_session2_natural,4,20,40.666666666666664,1.196245789527893,-0.5447029640225358
COHFACE_s33_session2_natural,4,21,40.7,1.1135541200637817,-0.35912821390565697
COHFACE_s33_session2_natural,4,22,40.733333333333334,0.7895591259002686,-0.14779365675838277
COHFACE_s33_session2_natural,4,23,40.766666666666666,0.3587803840637207,0.059694058661040564
COHFACE_s33_session2_natural,4,24,40.8,0.07440003752708435,0.2337891394989381
COHFACE_s33_session2_natural,4,25,40.833333333333336,0.11324959993362427,0.3508820269873961
COHFACE_s33_session2_natural,4,26,40.86666666666667,0.2959248125553131,0.3979630673782765
COHFACE_s33_session2_natural,4,27,40.9,0.3473799228668213,0.37420153408025225
COHFACE_s33_session2_natural,4,28,40.93333333333333,0.22186005115509033,0.28942367914786565
COHFACE_s33_session2_natural,4,29,40.96666666666667,-0.0014914689818397164,0.1612651538527478
COHFACE_s33_session2_natural,4,30,41.0,-0.2520051598548889,0.011988729288575008
COHFACE_s33_session2_natural,4,31,41.03333333333333,-0.4754810333251953,-0.13501343070806568
COHFACE_s33_session2_natural,4,32,41.06666666666667,-0.6302289366722107,-0.25879575078742434
COHFACE_s33_session2_natural,4,33,41.1,-0.7245122790336609,-0.34397404196061565
COHFACE_s33_session2_natural,4,34,41.13333333333333,-0.7844220995903015,-0.38286526250073644
COHFACE_s33_session2_natural,4,35,41.166666666666664,-0.8283884525299072,-0.37619262858851465
COHFACE_s33_session2_natural,4,36,41.2,-0.8819763660430908,-0.33144824981506454
COHFACE_s33_session2_natural,4,37,41.233333333333334,-0.9597042202949524,-0.2578366500011793
COHFACE_s33_session2_natural,4,38,41.266666666666666,-0.9188748598098755,-0.16124786776432234
COHFACE_s33_session2_natural,4,39,41.3,-0.31418168544769287,-0.046348990913495855
COHFACE_s33_session2_natural,4,40,41.333333333333336,0.7664808630943298,0.07668506413364065
COHFACE_s33_session2_natural,4,41,41.36666666666667,1.6003884077072144,0.19214194850498248
COHFACE_s33_session2_natural,4,42,41.4,1.9181188344955444,0.28663978241510996
COHFACE_s33_session2_natural,4,43,41.43333333333333,1.8677828311920166,0.3555580136729024
COHFACE_s33_session2_natural,4,44,41.46666666666667,1.665013313293457,0.40326953975063284
COHFACE_s33_session2_natural,4,45,41.5,1.3991013765335083,0.4382422449118576
COHFACE_s33_session2_natural,4,46,41.53333333333333,1.1658891439437866,0.46602530465348635
COHFACE_s33_session2_natural,4,47,41.56666666666667,1.0783389806747437,0.4843388141005834
COHFACE_s33_session2_natural,4,48,41.6,1.0763113498687744,0.4824058693426204
COHFACE_s33_session2_natural,4,49,41.63333333333333,1.0154738426208496,0.44413990791957725
COHFACE_s33_session2_natural,4,50,41.666666666666664,0.8437591195106506,0.35403910103750985
COHFACE_s33_session2_natural,4,51,41.7,0.5801042914390564,0.20410133062925964
COHFACE_s33_session2_natural,4,52,41.733333333333334,0.29509273171424866,-0.0005860448701404848
COHFACE_s33_session2_natural,4,53,41.766666666666666,0.042015835642814636,-0.24016692247207208
COHFACE_s33_session2_natural,4,54,41.8,-0.15726272761821747,-0.4831882338290031
COHFACE_s33_session2_natural,4,55,41.833333333333336,-0.31130287051200867,-0.6937041163065331
COHFACE_s33_session2_natural,4,56,41.86666666666667,-0.4123002588748932,-0.840108618250021
COHFACE_s33_session2_natural,4,57,41.9,-0.48613548278808594,-0.9025912306728398
COHFACE_s33_session2_natural,4,58,41.93333333333333,-0.5854878425598145,-0.8763534502907601
COHFACE_s33_session2_natural,4,59,41.96666666666667,-0.7155123949050903,-0.7685559008192244
COHFACE_s33_session2_natural,4,60,42.0,-0.7802330255508423,-0.5912589959457675
COHFACE_s33_session2_natural,4,61,42.03333333333333,-0.35640740394592285,-0.3563356748383647
COHFACE_s33_session2_natural,4,62,42.06666666666667,0.6345147490501404,-0.07553247028634806
COHFACE_s33_session2_natural,4,63,42.1,1.541358470916748,0.23474353557189637
COHFACE_s33_session2_natural,4,64,42.13333333333333,1.9574657678604126,0.5475436619529962
COHFACE_s33_session2_natural,4,65,42.166666666666664,1.9801232814788818,0.8243122859318328
COHFACE_s33_session2_natural,4,66,42.2,1.8590985536575317,1.021833055053578
COHFACE_s33_session2_natural,4,67,42.233333333333334,1.665281057357788,1.1066935572304908
COHFACE_s33_session2_natural,4,68,42.266666666666666,1.415446400642395,1.0701342430672802
COHFACE_s33_session2_natural,4,69,42.3,1.2197449207305908,0.9311483304404661
COHFACE_s33_session2_natural,4,70,42.333333333333336,1.131974697113037,0.7260923580067951
COHFACE_s33_session2_natural,4,71,42.36666666666667,1.0502395629882812,0.4938813452817204
COHFACE_s33_session2_natural,4,72,42.4,0.8832686543464661,0.26456646052783805
COHFACE_s33_session2_natural,4,73,42.43333333333333,0.6249314546585083,0.05597905790263044
COHFACE_s33_session2_natural,4,74,42.46666666666667,0.3242346942424774,-0.12287409047798317
COHFACE_s33_session2_natural,4,75,42.5,0.044674668461084366,-0.26838845114462767
COHFACE_s33_session2_natural,4,76,42.53333333333333,-0.1840806007385254,-0.3813577105718788
COHFACE_s33_session2_natural,4,77,42.56666666666667,-0.36367616057395935,-0.46593978141889414
COHFACE_s33_session2_natural,4,78,42.6,-0.49990785121917725,-0.5274985303221461
COHFACE_s33_session2_natural,4,79,42.63333333333333,-0.606222927570343,-0.5700056440479367
COHFACE_s33_session2_natural,4,80,42.666666666666664,-0.7107494473457336,-0.5941907055057949
COHFACE_s33_session2_natural,4,81,42.7,-0.8325967192649841,-0.597867116171162
COHFACE_s33_session2_natural,4,82,42.733333333333334,-0.9859291315078735,-0.5782828312333046
COHFACE_s33_session2_natural,4,83,42.766666666666666,-1.1307685375213623,-0.5347943800996366
COHFACE_s33_session2_natural,4,84,42.8,-1.0099159479141235,-0.4701380992673912
COHFACE_s33_session2_natural,4,85,42.833333333333336,-0.22139990329742432,-0.38898016602871055
COHFACE_s33_session2_natural,4,86,42.86666666666667,0.8947647213935852,-0.2949978657386101
COHFACE_s33_session2_natural,4,87,42.9,1.6280382871627808,-0.18997269722377905
COHFACE_s33_session2_natural,4,88,42.93333333333333,1.7820593118667603,-0.07566604906223011
COHFACE_s33_session2_natural,4,89,42.96666666666667,1.6647263765335083,0.043673656033912024
COHFACE_s33_session2_natural,4,90,43.0,1.4666720628738403,0.16035929908148633
COHFACE_s33_session2_natural,4,91,43.03333333333333,1.2068907022476196,0.2654981550471726
COHFACE_s33_session2_natural,4,92,43.06666666666667,0.9761365056037903,0.35292120056750764
COHFACE_s33_session2_natural,4,93,43.1,0.8560681939125061,0.42058595043863267
COHFACE_s33_session2_natural,4,94,43.13333333333333,0.7840597629547119,0.46860695870577035
COHFACE_s33_session2_natural,4,95,43.166666666666664,0.6489852666854858,0.4966572756187094
COHFACE_s33_session2_natural,4,96,43.2,0.41819286346435547,0.5026779061116559
COHFACE_s33_session2_natural,4,97,43.233333333333334,0.1426306664943695,0.4835203537178599
COHFACE_s33_session2_natural,4,98,43.266666666666666,-0.12895286083221436,0.4367668598920128
COHFACE_s33_session2_natural,4,99,43.3,-0.37277165055274963,0.3618138516971131
COHFACE_s33_session2_natural,4,100,43.333333333333336,-0.5751298666000366,0.25990396013082623
COHFACE_s33_session2_natural,4,101,43.36666666666667,-0.7324696779251099,0.1344402288256408
COHFACE_s33_session2_natural,4,102,43.4,-0.8440163135528564,-0.007919064016248664
COHFACE_s33_session2_natural,4,103,43.43333333333333,-0.9239534139633179,-0.15590903685682667
COHFACE_s33_session2_natural,4,104,43.46666666666667,-1.0144493579864502,-0.2935129581963972
COHFACE_s33_session2_natural,4,105,43.5,-1.1381711959838867,-0.40301775975942394
COHFACE_s33_session2_natural,4,106,43.53333333333333,-1.3100676536560059,-0.4703504417381398
COHFACE_s33_session2_natural,4,107,43.56666666666667,-1.4972858428955078,-0.48901988176186145
COHFACE_s33_session2_natural,4,108,43.6,-1.618826985359192,-0.4614765252039564
COHFACE_s33_session2_natural,4,109,43.63333333333333,-1.3660560846328735,-0.39938459967821804
COHFACE_s33_session2_natural,4,110,43.666666666666664,-0.4347760081291199,-0.32132954312962564
COHFACE_s33_session2_natural,4,111,43.7,0.6750475764274597,-0.24399024425309712
COHFACE_s33_session2_natural,4,112,43.733333333333334,1.3816754817962646,-0.17193894291012193
COHFACE_s33_session2_natural,4,113,43.766666666666666,1.529431939125061,-0.09910073852576465
COHFACE_s33_session2_natural,4,114,43.8,1.3861323595046997,-0.020533063007069006
COHFACE_s33_session2_natural,4,115,43.833333333333336,1.1272882223129272,0.06082524948509212
COHFACE_s33_session2_natural,4,116,43.86666666666667,0.8241239190101624,0.13704229864070575
COHFACE_s33_session2_natural,4,117,43.9,0.6292257905006409,0.20040728679753464
COHFACE_s33_session2_natural,4,118,43.93333333333333,0.5660545825958252,0.24579866754260077
COHFACE_s33_session2_natural,4,119,43.96666666666667,0.4948303699493408,0.26863238671470324
COHFACE_s33_session2_natural,4,120,44.0,0.3171094059944153,0.26177895632327824
COHFACE_s33_session2_natural,4,121,44.03333333333333,0.06477850675582886,0.2187815132652994
COHFACE_s33_session2_natural,4,122,44.06666666666667,-0.20903345942497253,0.1421695240492377
COHFACE_s33_session2_natural,4,123,44.1,-0.4594228267669678,0.04735719382675234
COHFACE_s33_session2_natural,4,124,44.13333333333333,-0.6618958115577698,-0.041545676052241666
COHFACE_s33_session2_natural,4,125,44.166666666666664,-0.7947226762771606,-0.10083394409370966
COHFACE_s33_session2_natural,4,126,44.2,-0.8733686804771423,-0.1162206283369499
COHFACE_s33_session2_natural,4,127,44.233333333333334,-0.9402411580085754,-0.08614712749864958
COHFACE_s33_session2_natural,4,128,44.266666666666666,-1.0065685510635376,-0.018833088492834514
COHFACE_s33_session2_natural,4,129,44.3,-1.08488929271698,0.07241097367607094
COHFACE_s33_session2_natural,4,130,44.333333333333336,-1.193404197692871,0.17250457074285466
COHFACE_s33_session2_natural,4,131,44.36666666666667,-1.3085756301879883,0.26565796365451655
COHFACE_s33_session2_natural,4,132,44.4,-1.4441760778427124,0.3356729447364709
COHFACE_s33_session2_natural,4,133,44.43333333333333,-1.5813928842544556,0.3688348714014099
COHFACE_s33_session2_natural,4,134,44.46666666666667,-1.4774305820465088,0.35886698608639284
COHFACE_s33_session2_natural,4,135,44.5,-0.7262912392616272,0.3095768097873953
COHFACE_s33_session2_natural,4,136,44.53333333333333,0.32295307517051697,0.23297969638161917
COHFACE_s33_session2_natural,4,137,44.56666666666667,0.9643725752830505,0.14344631138631742
COHFACE_s33_session2_natural,4,138,44.6,1.0436019897460938,0.05107074713571726
COHFACE_s33_session2_natural,4,139,44.63333333333333,0.7914145588874817,-0.04065433455323055
COHFACE_s33_session2_natural,4,140,44.666666666666664,0.4073471128940582,-0.13254363581942374
COHFACE_s33_session2_natural,4,141,44.7,0.062263134866952896,-0.22725436122327597
COHFACE_s33_session2_natural,4,142,44.733333333333334,-0.07167317718267441,-0.3278239023223241
COHFACE_s33_session2_natural,4,143,44.766666666666666,6.74869806971401e-05,-0.43485148319826755
COHFACE_s33_session2_natural,4,144,44.8,0.06886239349842072,-0.5425132658828645
COHFACE_s33_session2_natural,4,145,44.833333333333336,-0.03260364010930061,-0.6362413326150246
COHFACE_s33_session2_natural,4,146,44.86666666666667,-0.2697562277317047,-0.6944720913631683
COHFACE_s33_session2_natural,4,147,44.9,-0.5605923533439636,-0.6957749788733759
COHFACE_s33_session2_natural,4,148,44.93333333333333,-0.8055875301361084,-0.6289930826812903
COHFACE_s33_session2_natural,4,149,44.96666666666667,-0.9771396517753601,-0.500770298108497
COHFACE_s33_session2_natural,4,150,45.0,-1.1067529916763306,-0.3353736245692585
COHFACE_s33_session2_natural,4,151,45.03333333333333,-1.2026622295379639,-0.16355689975996243
COHFACE_s33_session2_natural,4,152,45.06666666666667,-1.2639684677124023,-0.006417921369538853
COHFACE_s33_session2_natural,4,153,45.1,-1.3154044151306152,0.13199725074390045
COHFACE_s33_session2_natural,4,154,45.13333333333333,-1.3798381090164185,0.2594610975523459
COHFACE_s33_session2_natural,4,155,45.166666666666664,-1.4697601795196533,0.3846082713630332
COHFACE_s33_session2_natural,4,156,45.2,-1.5831623077392578,0.5079106963407316
COHFACE_s33_session2_natural,4,157,45.233333333333334,-1.7265957593917847,0.6210198635059196
COHFACE_s33_session2_natural,4,158,45.266666666666666,-1.8598339557647705,0.7129248795300668
COHFACE_s33_session2_natural,4,159,45.3,-1.7057937383651733,0.7739467630497382
COHFACE_s33_session2_natural,4,160,45.333333333333336,-0.858945906162262,0.7951993776576946
COHFACE_s33_session2_natural,4,161,45.36666666666667,0.22549442946910858,0.7683425792984374
COHFACE_s33_session2_natural,4,162,45.4,0.7235091328620911,0.6880304398145816
COHFACE_s33_session2_natural,4,163,45.43333333333333,0.6462882161140442,0.5562508970392044
COHFACE_s33_session2_natural,4,164,45.46666666666667,0.31887876987457275,0.3856526674070749
COHFACE_s33_session2_natural,4,165,45.5,-0.11930263042449951,0.19759462004451764
COHFACE_s33_session2_natural,4,166,45.53333333333333,-0.47925886511802673,0.015333829885790459
COHFACE_s33_session2_natural,4,167,45.56666666666667,-0.5187683701515198,-0.14259755086507658
COHFACE_s33_session2_natural,4,168,45.6,-0.3199201822280884,-0.2659602125665419
COHFACE_s33_session2_natural,4,169,45.63333333333333,-0.184233620762825,-0.3532587073959832
COHFACE_s33_session2_natural,4,170,45.666666666666664,-0.2572176158428192,-0.40973863975221
COHFACE_s33_session2_natural,4,171,45.7,-0.47660958766937256,-0.4440815293452697
COHFACE_s33_session2_natural,4,172,45.733333333333334,-0.7451038956642151,-0.4647753202619455
COHFACE_s33_session2_natural,4,173,45.766666666666666,-0.9744043350219727,-0.4768146028008244
COHFACE_s33_session2_natural,4,174,45.8,-1.1151885986328125,-0.4797370888928862
COHFACE_s33_session2_natural,4,175,45.833333333333336,-1.1734628677368164,-0.46819011969656915
COHFACE_s33_session2_natural,4,176,45.86666666666667,-1.1416429281234741,-0.43493290103075893
COHFACE_s33_session2_natural,4,177,45.9,-1.1180291175842285,-0.37489072307467064
COHFACE_s33_session2_natural,4,178,45.93333333333333,-1.1561230421066284,-0.28858416440891194
COHFACE_s33_session2_natural,4,179,45.96666666666667,-1.2115951776504517,-0.18330691608808253
COHFACE_s33_session2_natural,4,180,46.0,-1.2925364971160889,-0.0712696972161868
COHFACE_s33_session2_natural,4,181,46.03333333333333,-1.340271234512329,0.03503153913257655
COHFACE_s33_session2_natural,4,182,46.06666666666667,-1.045446753501892,0.1273192192906178
COHFACE_s33_session2_natural,4,183,46.1,-0.20494957268238068,0.20109164282471456
COHFACE_s33_session2_natural,4,184,46.13333333333333,0.6203311085700989,0.2512108989894374
COHFACE_s33_session2_natural,4,185,46.166666666666664,0.9241458177566528,0.2700008545133644
COHFACE_s33_session2_natural,4,186,46.2,0.7883827090263367,0.24999652477873835
COHFACE_s33_session2_natural,4,187,46.233333333333334,0.39758211374282837,0.18854266843482145
COHFACE_s33_session2_natural,4,188,46.266666666666666,-0.0869758129119873,0.09144886484246849
COHFACE_s33_session2_natural,4,189,46.3,-0.3695293962955475,-0.026393019240807575
COHFACE_s33_session2_natural,4,190,46.333333333333336,-0.2770632207393646,-0.1437872086781301
COHFACE_s33_session2_natural,4,191,46.36666666666667,-0.03120727278292179,-0.2379561313565509
COHFACE_s33_session2_natural,4,192,46.4,0.055893413722515106,-0.28990322412006814
COHFACE_s33_session2_natural,4,193,46.43333333333333,-0.07064025104045868,-0.28946491354459863
COHFACE_s33_session2_natural,4,194,46.46666666666667,-0.28534579277038574,-0.2385967423771909
COHFACE_s33_session2_natural,4,195,46.5,-0.5115283131599426,-0.15116557983046514
COHFACE_s33_session2_natural,4,196,46.53333333333333,-0.712767481803894,-0.04886263422590105
COHFACE_s33_session2_natural,4,197,46.56666666666667,-0.8564018607139587,0.045666405690949104
COHFACE_s33_session2_natural,4,198,46.6,-0.9373241066932678,0.11605887602580701
COHFACE_s33_session2_natural,4,199,46.63333333333333,-0.9614735841751099,0.1565603649160449
COHFACE_s33_session2_natural,4,200,46.666666666666664,-0.9836624264717102,0.17210137453690033
COHFACE_s33_session2_natural,4,201,46.7,-1.0406168699264526,0.17496041292055678
COHFACE_s33_session2_natural,4,202,46.733333333333334,-1.040741205215454,0.1793451372285369
COHFACE_s33_session2_natural,4,203,46.766666666666666,-0.6102876663208008,0.19545414724433924
COHFACE_s33_session2_natural,4,204,46.8,0.4019816219806671,0.22519399380655572
COHFACE_s33_session2_natural,4,205,46.833333333333336,1.2975778579711914,0.26192241817672934
COHFACE_s33_session2_natural,4,206,46.86666666666667,1.610612392425537,0.29395565871736695
COHFACE_s33_session2_natural,4,207,46.9,1.5260940790176392,0.30904378002380045
COHFACE_s33_session2_natural,4,208,46.93333333333333,1.2595700025558472,0.29786691979399843
COHFACE_s33_session2_natural,4,209,46.96666666666667,0.9098856449127197,0.2558724740481611
COHFACE_s33_session2_natural,4,210,47.0,0.6466420888900757,0.18367346438842755
COHFACE_s33_session2_natural,4,211,47.03333333333333,0.6310620903968811,0.0869642942165151
COHFACE_s33_session2_natural,4,212,47.06666666666667,0.7434503436088562,-0.02385929469303185
COHFACE_s33_session2_natural,4,213,47.1,0.7661173939704895,-0.1350164613149319
COHFACE_s33_session2_natural,4,214,47.13333333333333,0.6448631286621094,-0.23188612491878866
COHFACE_s33_session2_natural,4,215,47.166666666666664,0.41686344146728516,-0.3025658904563662
COHFACE_s33_session2_natural,4,216,47.2,0.15384940803050995,-0.3409512139888734
COHFACE_s33_session2_natural,4,217,47.233333333333334,-0.0877409428358078,-0.34688393125610595
COHFACE_s33_session2_natural,4,218,47.266666666666666,-0.2684842050075531,-0.32346881983598225
COHFACE_s33_session2_natural,4,219,47.3,-0.3695867955684662,-0.27417450274791516
COHFACE_s33_session2_natural,4,220,47.333333333333336,-0.42468583583831787,-0.20165632389211988
COHFACE_s33_session2_natural,4,221,47.36666666666667,-0.484127014875412,-0.10906832975712938
COHFACE_s33_session2_natural,4,222,47.4,-0.5683680176734924,-0.002625033143531387
COHFACE_s33_session2_natural,4,223,47.43333333333333,-0.58585125207901,0.10749418456174653
COHFACE_s33_session2_natural,4,224,47.46666666666667,-0.18091486394405365,0.20902383258613028
COHFACE_s33_session2_natural,4,225,47.5,0.7688718438148499,0.2913002354067061
COHFACE_s33_session2_natural,4,226,47.53333333333333,1.6941169500350952,0.3483565524870408
COHFACE_s33_session2_natural,4,227,47.56666666666667,2.1229639053344727,0.37821233330817455
COHFACE_s33_session2_natural,4,228,47.6,2.1232986450195312,0.3793977834030618
COHFACE_s33_session2_natural,4,229,47.63333333333333,1.979377269744873,0.34970459951388144
COHFACE_s33_session2_natural,4,230,47.666666666666664,1.773394227027893,0.28794674394500974
COHFACE_s33_session2_natural,4,231,47.7,1.5409854650497437,0.19511666810117181
COHFACE_s33_session2_natural,4,232,47.733333333333334,1.3948644399642944,0.07411747314819425
COHFACE_s33_session2_natural,4,233,47.766666666666666,1.3462498188018799,-0.06974035658935142
COHFACE_s33_session2_natural,4,234,47.8,1.2904717922210693,-0.22712234567812967
COHFACE_s33_session2_natural,4,235,47.833333333333336,1.1521550416946411,-0.38356409806826836
COHFACE_s33_session2_natural,4,236,47.86666666666667,0.9404909014701843,-0.5205460931421781
COHFACE_s33_session2_natural,4,237,47.9,0.6801548600196838,-0.6199722199167733
COHFACE_s33_session2_natural,4,238,47.93333333333333,0.43097054958343506,-0.6701321581852349
COHFACE_s33_session2_natural,4,239,47.96666666666667,0.2268429696559906,-0.6685033949318464
COHFACE_s33_session2_natural,4,240,48.0,0.07853174954652786,-0.6203143774670082
COHFACE_s33_session2_natural,4,241,48.03333333333333,-0.03444951772689819,-0.5355764617284132
COHFACE_s33_session2_natural,4,242,48.06666666666667,-0.14688563346862793,-0.42545225712519413
COHFACE_s33_session2_natural,4,243,48.1,-0.2699092626571655,-0.2968590356910172
COHFACE_s33_session2_natural,4,244,48.13333333333333,-0.3934302031993866,-0.14873514085250786
COHFACE_s33_session2_natural,4,245,48.166666666666664,-0.3381781280040741,0.02293584086061902
COHFACE_s33_session2_natural,4,246,48.2,0.23613932728767395,0.21444532454741697
COHFACE_s33_session2_natural,4,247,48.233333333333334,1.2547305822372437,0.41056223189168173
COHFACE_s33_session2_natural,4,248,48.266666666666666,2.0893361568450928,0.5905158421172976
COHFACE_s33_session2_natural,4,249,48.3,2.3555350303649902,0.7362607640373672
COHFACE_s33_session2_natural,4,250,48.333333333333336,2.2934446334838867,0.837386135175124
COHFACE_s33_session2_natural,4,251,48.36666666666667,2.1256418228149414,0.8903492192603959
COHFACE_s33_session2_natural,4,252,48.4,1.860217571258545,0.8942725331805267
COHFACE_s33_session2_natural,4,253,48.43333333333333,1.60047447681427,0.8494049212285908
COHFACE_s33_session2_natural,4,254,48.46666666666667,1.4501451253890991,0.7587296070304071
COHFACE_s33_session2_natural,4,255,48.5,1.3602230548858643,0.627512359031768
COHFACE_s33_session2_natural,4,256,48.53333333333333,1.227491855621338,0.46058024323792124
COHFACE_s33_session2_natural,4,257,48.56666666666667,1.0154165029525757,0.26221227193037716
COHFACE_s33_session2_natural,4,258,48.6,0.750996470451355,0.039343203372444485
COHFACE_s33_session2_natural,4,259,48.63333333333333,0.48212918639183044,-0.19563460228137078
COHFACE_s33_session2_natural,4,260,48.666666666666664,0.24604777991771698,-0.424670299476726
COHFACE_s33_session2_natural,4,261,48.7,0.053138937801122665,-0.6265649015065443
COHFACE_s33_session2_natural,4,262,48.733333333333334,-0.10252711921930313,-0.781317526452805
COHFACE_s33_session2_natural,4,263,48.766666666666666,-0.2304954081773758,-0.8746235131890384
COHFACE_s33_session2_natural,4,264,48.8,-0.33575838804244995,-0.9009024063622137
COHFACE_s33_session2_natural,4,265,48.833333333333336,-0.4367844760417938,-0.8636133476687582
COHFACE_s33_session2_natural,4,266,48.86666666666667,-0.55019611120224,-0.7727135364992492
COHFACE_s33_session2_natural,4,267,48.9,-0.6893640160560608,-0.64025193096235
COHFACE_s33_session2_natural,4,268,48.93333333333333,-0.8291440606117249,-0.477134384881438
COHFACE_s33_session2_natural,4,269,48.96666666666667,-0.7846899032592773,-0.2953523215826081
COHFACE_s33_session2_natural,4,270,49.0,-0.16363245248794556,-0.1129062629817916
COHFACE_s33_session2_natural,4,271,49.03333333333333,0.9780397415161133,0.047616916773995835
COHFACE_s33_session2_natural,4,272,49.06666666666667,1.8741525411605835,0.16732573111589444
COHFACE_s33_session2_natural,4,273,49.1,2.1526222229003906,0.23792213378290192
COHFACE_s33_session2_natural,4,274,49.13333333333333,2.099684715270996,0.2631420546655579
COHFACE_s33_session2_natural,4,275,49.166666666666664,1.9239338636398315,0.25583930993160575
COHFACE_s33_session2_natural,4,276,49.2,1.645483374595642,0.2327474894241998
COHFACE_s33_session2_natural,4,277,49.233333333333334,1.388867735862732,0.20935998322779972
COHFACE_s33_session2_natural,4,278,49.266666666666666,1.259350061416626,0.19631545525402022
COHFACE_s33_session2_natural,4,279,49.3,1.181010127067566,0.1974208500542584
COHFACE_s33_session2_natural,4,280,49.333333333333336,1.0622520446777344,0.20916160532379283
COHFACE_s33_session2_natural,4,281,49.36666666666667,0.8513052463531494,0.22141262343357132
COHFACE_s33_session2_natural,4,282,49.4,0.5748535990715027,0.22023105711955396
COHFACE_s33_session2_natural,4,283,49.43333333333333,0.30348047614097595,0.19444574629195835
COHFACE_s33_session2_natural,4,284,49.46666666666667,0.06776251643896103,0.1432723721045076
COHFACE_s33_session2_natural,4,285,49.5,-0.13120999932289124,0.07827537956555157
COHFACE_s33_session2_natural,4,286,49.53333333333333,-0.2849823534488678,0.018130831574356746
COHFACE_s33_session2_natural,4,287,49.56666666666667,-0.42216089367866516,-0.019812020351901837
COHFACE_s33_session2_natural,4,288,49.6,-0.544782817363739,-0.02661445387173971
COHFACE_s33_session2_natural,4,289,49.63333333333333,-0.6519013047218323,-0.003444545816725056
COHFACE_s33_session2_natural,4,290,49.666666666666664,-0.7607221603393555,0.0417441577269711
COHFACE_s33_session2_natural,4,291,49.7,-0.8785907030105591,0.097987687796861
COHFACE_s33_session2_natural,4,292,49.733333333333334,-0.9965931177139282,0.153495923010369
COHFACE_s33_session2_natural,4,293,49.766666666666666,-1.12660813331604,0.19720630358111518
COHFACE_s33_session2_natural,4,294,49.8,-1.226802110671997,0.2204055075980155
COHFACE_s33_session2_natural,4,295,49.833333333333336,-0.9871054887771606,0.2185498715135789
COHFACE_s33_session2_natural,4,296,49.86666666666667,-0.1107427179813385,0.19245148311611626
COHFACE_s33_session2_natural,4,297,49.9,0.9778102040290833,0.14722464509899455
COHFACE_s33_session2_natural,4,298,49.93333333333333,1.5619022846221924,0.08948752067779323
COHFACE_s33_session2_natural,4,299,49.96666666666667,1.6203391551971436,0.025307119344052022
