recording_id,measurement_id,sample_index,time_seconds,gt_signal,predicted_signal
COHFACE_s39_session2_natural,0,0,0.0,-8.948346138000488,0.032219202390856246
COHFACE_s39_session2_natural,0,1,0.03333333333333333,-6.155588626861572,-0.37994095319795895
COHFACE_s39_session2_natural,0,2,0.06666666666666667,0.6821743249893188,-0.7494212150351864
COHFACE_s39_session2_natural,0,3,0.1,1.5898417234420776,-1.0418709440767748
COHFACE_s39_session2_natural,0,4,0.13333333333333333,0.48197218775749207,-1.2367140407068458
COHFACE_s39_session2_natural,0,5,0.16666666666666666,0.594563901424408,-1.3299139275709468
COHFACE_s39_session2_natural,0,6,0.2,0.6122108697891235,-1.331796545950715
COHFACE_s39_session2_natural,0,7,0.23333333333333334,0.39756447076797485,-1.2609156628142635
COHFACE_s39_session2_natural,0,8,0.26666666666666666,0.2850688695907593,-1.1367686376139288
COHFACE_s39_session2_natural,0,9,0.3,0.19963625073432922,-0.9744820254165648
COHFACE_s39_session2_natural,0,10,0.3333333333333333,0.10414709895849228,-0.7836020426232468
COHFACE_s39_session2_natural,0,11,0.36666666666666664,0.023918917402625084,-0.5709785202112488
COHFACE_s39_session2_natural,0,12,0.4,-0.04234539717435837,-0.34522481442082703
COHFACE_s39_session2_natural,0,13,0.43333333333333335,-0.10997086763381958,-0.11936941316076008
COHFACE_s39_session2_natural,0,14,0.4666666666666667,-0.17011798918247223,0.08986901858021085
COHFACE_s39_session2_natural,0,15,0.5,-0.22989678382873535,0.2649913343675042
COHFACE_s39_session2_natural,0,16,0.5333333333333333,-0.2904762625694275,0.39038863039490135
COHFACE_s39_session2_natural,0,17,0.5666666666666667,-0.2063087373971939,0.4535194220612824
COHFACE_s39_session2_natural,0,18,0.6,0.3095536530017853,0.44577380204287126
COHFACE_s39_session2_natural,0,19,0.6333333333333333,0.9319705963134766,0.36516050639547887
COHFACE_s39_session2_natural,0,20,0.6666666666666666,1.1956347227096558,0.2209053654127502
COHFACE_s39_session2_natural,0,21,0.7,1.1752973794937134,0.03704079270462105
COHFACE_s39_session2_natural,0,22,0.7333333333333333,1.1244381666183472,-0.14887877810755284
COHFACE_s39_session2_natural,0,23,0.7666666666666667,1.0973912477493286,-0.2936751744055214
COHFACE_s39_session2_natural,0,24,0.8,1.0239688158035278,-0.36080732003493027
COHFACE_s39_session2_natural,0,25,0.8333333333333334,0.9025856256484985,-0.33165559517758636
COHFACE_s39_session2_natural,0,26,0.8666666666666667,0.7840368747711182,-0.21055569803605753
COHFACE_s39_session2_natural,0,27,0.9,0.7201586365699768,-0.021345340804676212
COHFACE_s39_session2_natural,0,28,0.9333333333333333,0.6682584881782532,0.202669028050769
COHFACE_s39_session2_natural,0,29,0.9666666666666667,0.5826497673988342,0.43041206671670246
COHFACE_s39_session2_natural,0,30,1.0,0.44940051436424255,0.6411182336497598
COHFACE_s39_session2_natural,0,31,1.0333333333333334,0.28665420413017273,0.8256469903632838
COHFACE_s39_session2_natural,0,32,1.0666666666666667,0.15037839114665985,0.981325888021435
COHFACE_s39_session2_natural,0,33,1.1,0.038891639560461044,1.1037804295708318
COHFACE_s39_session2_natural,0,34,1.1333333333333333,-0.0592077299952507,1.1806979879774555
COHFACE_s39_session2_natural,0,35,1.1666666666666667,-0.15231084823608398,1.1914287698400077
COHFACE_s39_session2_natural,0,36,1.2,-0.23402829468250275,1.113112041797852
COHFACE_s39_session2_natural,0,37,1.2333333333333334,-0.29962003231048584,0.9305036239389085
COHFACE_s39_session2_natural,0,38,1.2666666666666666,-0.36172083020210266,0.6448503210302142
COHFACE_s39_session2_natural,0,39,1.3,-0.4308035373687744,0.2776665098685123
COHFACE_s39_session2_natural,0,40,1.3333333333333333,-0.49948590993881226,-0.13237874251267795
COHFACE_s39_session2_natural,0,41,1.3666666666666667,-0.5657021999359131,-0.5381935282722172
COHFACE_s39_session2_natural,0,42,1.4,-0.6243600249290466,-0.8949796406447966
COHFACE_s39_session2_natural,0,43,1.4333333333333333,-0.6772529482841492,-1.168885137375514
COHFACE_s39_session2_natural,0,44,1.4666666666666666,-0.7257581949234009,-1.3412651398945843
COHFACE_s39_session2_natural,0,45,1.5,-0.7621891498565674,-1.408637218203753
COHFACE_s39_session2_natural,0,46,1.5333333333333334,-0.7891880869865417,-1.3798761796897818
COHFACE_s39_session2_natural,0,47,1.5666666666666667,-0.8170838356018066,-1.2722871324321716
COHFACE_s39_session2_natural,0,48,1.6,-0.7395138740539551,-1.1074770489408983
COHFACE_s39_session2_natural,0,49,1.6333333333333333,-0.23548553884029388,-0.9072839315616189
COHFACE_s39_session2_natural,0,50,1.6666666666666667,0.5016048550605774,-0.69002587340576
COHFACE_s39_session2_natural,0,51,1.7,0.8927212953567505,-0.46789980099217465
COHFACE_s39_session2_natural,0,52,1.7333333333333334,0.8917124271392822,-0.2467803319038671
COHFACE_s39_session2_natural,0,53,1.7666666666666666,0.8080253005027771,-0.028984567829389823
COHFACE_s39_session2_natural,0,54,1.8,0.7745408415794373,0.18231417733499533
COHFACE_s39_session2_natural,0,55,1.8333333333333333,0.744931697845459,0.3798750291553751
COHFACE_s39_session2_natural,0,56,1.8666666666666667,0.6534138917922974,0.5527820266459167
COHFACE_s39_session2_natural,0,57,1.9,0.5530726313591003,0.6903230248219272
COHFACE_s39_session2_natural,0,58,1.9333333333333333,0.5089551210403442,0.7863046649568508
COHFACE_s39_session2_natural,0,59,1.9666666666666666,0.46908125281333923,0.8402911205230664
COHFACE_s39_session2_natural,0,60,2.0,0.38742783665657043,0.8552711523743647
COHFACE_s39_session2_natural,0,61,2.033333333333333,0.2622174322605133,0.8345030202309809
COHFACE_s39_session2_natural,0,62,2.066666666666667,0.11969631165266037,0.7803496704009847
COHFACE_s39_session2_natural,0,63,2.1,-0.017316127195954323,0.6953847288529585
COHFACE_s39_session2_natural,0,64,2.1333333333333333,-0.13613711297512054,0.5837275645959639
COHFACE_s39_session2_natural,0,65,2.1666666666666665,-0.23013699054718018,0.45079841883686833
COHFACE_s39_session2_natural,0,66,2.2,-0.3077709674835205,0.3022857911200736
COHFACE_s39_session2_natural,0,67,2.2333333333333334,-0.3820420801639557,0.14436665691985512
COHFACE_s39_session2_natural,0,68,2.2666666666666666,-0.4513169527053833,-0.015100248079600961
COHFACE_s39_session2_natural,0,69,2.3,-0.5146828293800354,-0.16690247203849473
COHFACE_s39_session2_natural,0,70,2.3333333333333335,-0.571947455406189,-0.30322961194095954
COHFACE_s39_session2_natural,0,71,2.3666666666666667,-0.6413344740867615,-0.4205450343991955
COHFACE_s39_session2_natural,0,72,2.4,-0.6950761079788208,-0.5193561221402186
COHFACE_s39_session2_natural,0,73,2.433333333333333,-0.7459513545036316,-0.5999195963457683
COHFACE_s39_session2_natural,0,74,2.466666666666667,-0.7895404100418091,-0.6564817679992045
COHFACE_s39_session2_natural,0,75,2.5,-0.8268040418624878,-0.6744666795003691
COHFACE_s39_session2_natural,0,76,2.533333333333333,-0.857293963432312,-0.6333772927091549
COHFACE_s39_session2_natural,0,77,2.566666666666667,-0.8790724873542786,-0.5147392421989803
COHFACE_s39_session2_natural,0,78,2.6,-0.9039096236228943,-0.3118429884398183
COHFACE_s39_session2_natural,0,79,2.6333333333333333,-0.8852056860923767,-0.037226281874804666
COHFACE_s39_session2_natural,0,80,2.6666666666666665,-0.5125370025634766,0.27543028006590115
COHFACE_s39_session2_natural,0,81,2.7,0.20194220542907715,0.5763420562539739
COHFACE_s39_session2_natural,0,82,2.7333333333333334,0.6944727897644043,0.8103326978404384
COHFACE_s39_session2_natural,0,83,2.7666666666666666,0.7703613042831421,0.9298831302229017
COHFACE_s39_session2_natural,0,84,2.8,0.6627498269081116,0.9065622729423837
COHFACE_s39_session2_natural,0,85,2.8333333333333335,0.5855162143707275,0.7377027981493562
COHFACE_s39_session2_natural,0,86,2.8666666666666667,0.5436726212501526,0.446829548063242
COHFACE_s39_session2_natural,0,87,2.9,0.4657343924045563,0.07812307296360985
COHFACE_s39_session2_natural,0,88,2.933333333333333,0.3918796181678772,-0.3133665717611585
COHFACE_s39_session2_natural,0,89,2.966666666666667,0.373752236366272,-0.6730314183516922
COHFACE_s39_session2_natural,0,90,3.0,0.36268681287765503,-0.9563977857357165
COHFACE_s39_session2_natural,0,91,3.033333333333333,0.299753338098526,-1.134850497349246
COHFACE_s39_session2_natural,0,92,3.066666666666667,0.18512791395187378,-1.1970299170404985
COHFACE_s39_session2_natural,0,93,3.1,0.05690695345401764,-1.147139927728138
COHFACE_s39_session2_natural,0,94,3.1333333333333333,-0.05943191796541214,-1.0014337517755891
COHFACE_s39_session2_natural,0,95,3.1666666666666665,-0.16448119282722473,-0.7836276296288064
COHFACE_s39_session2_natural,0,96,3.2,-0.24997785687446594,-0.5201365238991577
COHFACE_s39_session2_natural,0,97,3.2333333333333334,-0.32548201084136963,-0.23617034140649626
COHFACE_s39_session2_natural,0,98,3.2666666666666666,-0.3889119327068329,0.04695099750919536
COHFACE_s39_session2_natural,0,99,3.3,-0.4479060769081116,0.3136026521204027
COHFACE_s39_session2_natural,0,100,3.3333333333333335,-0.497083842754364,0.5548667048427877
COHFACE_s39_session2_natural,0,101,3.3666666666666667,-0.5423863530158997,0.768060891702199
COHFACE_s39_session2_natural,0,102,3.4,-0.595055103302002,0.9538826545158127
COHFACE_s39_session2_natural,0,103,3.433333333333333,-0.6583569049835205,1.1113444108164967
COHFACE_s39_session2_natural,0,104,3.466666666666667,-0.7194968461990356,1.232662176889893
COHFACE_s39_session2_natural,0,105,3.5,-0.7487377524375916,1.3013782270998022
COHFACE_s39_session2_natural,0,106,3.533333333333333,-0.7648954391479492,1.2958280052732454
COHFACE_s39_session2_natural,0,107,3.566666666666667,-0.7900528311729431,1.197198507585382
COHFACE_s39_session2_natural,0,108,3.6,-0.8178684711456299,0.9986504654714503
COHFACE_s39_session2_natural,0,109,3.6333333333333333,-0.7921826243400574,0.7109769957381538
COHFACE_s39_session2_natural,0,110,3.6666666666666665,-0.42029860615730286,0.361802572943636
COHFACE_s39_session2_natural,0,111,3.7,0.29418060183525085,-0.011331711477763122
COHFACE_s39_session2_natural,0,112,3.7333333333333334,0.787015438079834,-0.37036125704871703
COHFACE_s39_session2_natural,0,113,3.7666666666666666,0.8491642475128174,-0.683967359854607
COHFACE_s39_session2_natural,0,114,3.8,0.7208792567253113,-0.9302935713317598
COHFACE_s39_session2_natural,0,115,3.8333333333333335,0.619304895401001,-1.0960099140495676
COHFACE_s39_session2_natural,0,116,3.8666666666666667,0.5466992259025574,-1.1745027764633618
COHFACE_s39_session2_natural,0,117,3.9,0.4692894220352173,-1.1655236484824611
COHFACE_s39_session2_natural,0,118,3.933333333333333,0.4276380240917206,-1.076574207829774
COHFACE_s39_session2_natural,0,119,3.966666666666667,0.44198620319366455,-0.9241781215654647
COHFACE_s39_session2_natural,0,120,4.0,0.442194402217865,-0.7324917447735935
COHFACE_s39_session2_natural,0,121,4.033333333333333,0.3744247853755951,-0.5280594435734953
COHFACE_s39_session2_natural,0,122,4.066666666666666,0.2503833770751953,-0.33227699536625777
COHFACE_s39_session2_natural,0,123,4.1,0.11268234997987747,-0.15542908204726572
COHFACE_s39_session2_natural,0,124,4.133333333333334,-0.007035390008240938,0.0038340190761361175
COHFACE_s39_session2_natural,0,125,4.166666666666667,-0.11147614568471909,0.1525850871760273
COHFACE_s39_session2_natural,0,126,4.2,-0.20116837322711945,0.2945745190837752
COHFACE_s39_session2_natural,0,127,4.233333333333333,-0.2680251896381378,0.42365008400212767
COHFACE_s39_session2_natural,0,128,4.266666666666667,-0.33204761147499084,0.5234024757447491
COHFACE_s39_session2_natural,0,129,4.3,-0.3921787142753601,0.572770316172261
COHFACE_s39_session2_natural,0,130,4.333333333333333,-0.4444791376590729,0.5543866989630738
COHFACE_s39_session2_natural,0,131,4.366666666666666,-0.4945216774940491,0.4619225685889115
COHFACE_s39_session2_natural,0,132,4.4,-0.5519144535064697,0.30404335237681096
COHFACE_s39_session2_natural,0,133,4.433333333333334,-0.6123178005218506,0.10418428450880436
COHFACE_s39_session2_natural,0,134,4.466666666666667,-0.6604386568069458,-0.10381196316905034
COHFACE_s39_session2_natural,0,135,4.5,-0.6994958519935608,-0.2829540611853117
COHFACE_s39_session2_natural,0,136,4.533333333333333,-0.7369837164878845,-0.4001330788987676
COHFACE_s39_session2_natural,0,137,4.566666666666666,-0.7742634415626526,-0.4301869451087669
COHFACE_s39_session2_natural,0,138,4.6,-0.7976913452148438,-0.35806263861683024
COHFACE_s39_session2_natural,0,139,4.633333333333334,-0.6303971409797668,-0.18233239012003705
COHFACE_s39_session2_natural,0,140,4.666666666666667,0.005022857803851366,0.07991962251047854
COHFACE_s39_session2_natural,0,141,4.7,0.7842450737953186,0.39119105934091497
COHFACE_s39_session2_natural,0,142,4.733333333333333,1.162102222442627,0.6988202853939482
COHFACE_s39_session2_natural,0,143,4.766666666666667,1.1493233442306519,0.9472474637350584
COHFACE_s39_session2_natural,0,144,4.8,1.0348260402679443,1.0924398966611635
COHFACE_s39_session2_natural,0,145,4.833333333333333,0.9824935793876648,1.1120742351846649
COHFACE_s39_session2_natural,0,146,4.866666666666666,0.9353495240211487,1.007677361791065
COHFACE_s39_session2_natural,0,147,4.9,0.8248395919799805,0.7993947383548736
COHFACE_s39_session2_natural,0,148,4.933333333333334,0.7270925045013428,0.5171791673383911
COHFACE_s39_session2_natural,0,149,4.966666666666667,0.6980918645858765,0.19266341659847758
COHFACE_s39_session2_natural,0,150,5.0,0.6612605452537537,-0.14567398597604617
COHFACE_s39_session2_natural,0,151,5.033333333333333,0.5720487236976624,-0.473585294721395
COHFACE_s39_session2_natural,0,152,5.066666666666666,0.43812692165374756,-0.7693249261575985
COHFACE_s39_session2_natural,0,153,5.1,0.2781349718570709,-1.0111907962397229
COHFACE_s39_session2_natural,0,154,5.133333333333334,0.1254452019929886,-1.1773885810804394
COHFACE_s39_session2_natural,0,155,5.166666666666667,0.007825239561498165,-1.2502188207982903
COHFACE_s39_session2_natural,0,156,5.2,-0.09091467410326004,-1.2228441854696457
COHFACE_s39_session2_natural,0,157,5.233333333333333,-0.17726005613803864,-1.1038654640624996
COHFACE_s39_session2_natural,0,158,5.266666666666667,-0.24406883120536804,-0.9159434728680502
COHFACE_s39_session2_natural,0,159,5.3,-0.3080592155456543,-0.6888121169618431
COHFACE_s39_session2_natural,0,160,5.333333333333333,-0.37850308418273926,-0.450858378975833
COHFACE_s39_session2_natural,0,161,5.366666666666666,-0.44230130314826965,-0.22396167202681153
COHFACE_s39_session2_natural,0,162,5.4,-0.49657142162323,-0.02301907624781515
COHFACE_s39_session2_natural,0,163,5.433333333333334,-0.5622592568397522,0.1421393994914872
COHFACE_s39_session2_natural,0,164,5.466666666666667,-0.62652188539505,0.26550175838502027
COHFACE_s39_session2_natural,0,165,5.5,-0.6620240211486816,0.34533174167008934
COHFACE_s39_session2_natural,0,166,5.533333333333333,-0.6989353895187378,0.384976571623503
COHFACE_s39_session2_natural,0,167,5.566666666666666,-0.736535370349884,0.39222384974860264
COHFACE_s39_session2_natural,0,168,5.6,-0.771509051322937,0.3773623672916894
COHFACE_s39_session2_natural,0,169,5.633333333333334,-0.6855640411376953,0.35197936616542663
COHFACE_s39_session2_natural,0,170,5.666666666666667,-0.10523083806037903,0.32987196360461934
COHFACE_s39_session2_natural,0,171,5.7,0.7828038334846497,0.32877471926727897
COHFACE_s39_session2_natural,0,172,5.733333333333333,1.2986022233963013,0.36936576873580323
COHFACE_s39_session2_natural,0,173,5.766666666666667,1.3106284141540527,0.4687758184634903
COHFACE_s39_session2_natural,0,174,5.8,1.154207468032837,0.6300043809337178
COHFACE_s39_session2_natural,0,175,5.833333333333333,1.0566365718841553,0.8330724841676945
COHFACE_s39_session2_natural,0,176,5.866666666666666,0.9860485792160034,1.0345658557107236
COHFACE_s39_session2_natural,0,177,5.9,0.8676439523696899,1.178188095517922
COHFACE_s39_session2_natural,0,178,5.933333333333334,0.7649006247520447,1.212240227493568
COHFACE_s39_session2_natural,0,179,5.966666666666667,0.717964768409729,1.1057775145274302
COHFACE_s39_session2_natural,0,180,6.0,0.670628547668457,0.8569150808569366
COHFACE_s39_session2_natural,0,181,6.033333333333333,0.5809683203697205,0.4916810977922644
COHFACE_s39_session2_natural,0,182,6.066666666666666,0.44816747307777405,0.055590549722479815
COHFACE_s39_session2_natural,0,183,6.1,0.27861538529396057,-0.39842895662508415
COHFACE_s39_session2_natural,0,184,6.133333333333334,0.11537263542413712,-0.8220821117167895
COHFACE_s39_session2_natural,0,185,6.166666666666667,-0.025162795558571815,-1.1804200860037044
COHFACE_s39_session2_natural,0,186,6.2,-0.15701885521411896,-1.4545570080533947
COHFACE_s39_session2_natural,0,187,6.233333333333333,-0.26219624280929565,-1.6376959513869165
COHFACE_s39_session2_natural,0,188,6.266666666666667,-0.3480291962623596,-1.7272589381530534
COHFACE_s39_session2_natural,0,189,6.3,-0.4048134386539459,-1.718359768464085
COHFACE_s39_session2_natural,0,190,6.333333333333333,-0.4591315984725952,-1.602886756207668
COHFACE_s39_session2_natural,0,191,6.366666666666666,-0.518894374370575,-1.37481965653633
COHFACE_s39_session2_natural,0,192,6.4,-0.5761750936508179,-1.038606541241544
COHFACE_s39_session2_natural,0,193,6.433333333333334,-0.6405817866325378,-0.6157659928123697
COHFACE_s39_session2_natural,0,194,6.466666666666667,-0.7033551335334778,-0.14612875576527745
COHFACE_s39_session2_natural,0,195,6.5,-0.7605077028274536,0.3171899036294187
COHFACE_s39_session2_natural,0,196,6.533333333333333,-0.8003976345062256,0.7177891224542539
COHFACE_s39_session2_natural,0,197,6.566666666666666,-0.8415045738220215,1.008342623229159
COHFACE_s39_session2_natural,0,198,6.6,-0.8254589438438416,1.1619908565600565
COHFACE_s39_session2_natural,0,199,6.633333333333334,-0.44321408867836,1.1793143430104247
COHFACE_s39_session2_natural,0,200,6.666666666666667,0.4086458683013916,1.0881266430287901
COHFACE_s39_session2_natural,0,201,6.7,1.1298987865447998,0.9349577650480101
COHFACE_s39_session2_natural,0,202,6.733333333333333,1.2881293296813965,0.7697221980647209
COHFACE_s39_session2_natural,0,203,6.766666666666667,1.1379536390304565,0.6285732474728424
COHFACE_s39_session2_natural,0,204,6.8,0.9813566207885742,0.522753805686044
COHFACE_s39_session2_natural,0,205,6.833333333333333,0.8725601434707642,0.43968201060502865
COHFACE_s39_session2_natural,0,206,6.866666666666666,0.7538031935691833,0.355526733521315
COHFACE_s39_session2_natural,0,207,6.9,0.6493464112281799,0.251581710383895
COHFACE_s39_session2_natural,0,208,6.933333333333334,0.6123389601707458,0.12552585804796706
COHFACE_s39_session2_natural,0,209,6.966666666666667,0.6113301515579224,-0.007289177500565552
COHFACE_s39_session2_natural,0,210,7.0,0.5634974837303162,-0.12175167719513452
COHFACE_s39_session2_natural,0,211,7.033333333333333,0.43016818165779114,-0.1950369589631023
COHFACE_s39_session2_natural,0,212,7.066666666666666,0.26556429266929626,-0.21640794640543476
COHFACE_s39_session2_natural,0,213,7.1,0.10201729089021683,-0.19045355471641237
COHFACE_s39_session2_natural,0,214,7.133333333333334,-0.04136856645345688,-0.13364313770101222
COHFACE_s39_session2_natural,0,215,7.166666666666667,-0.1559939831495285,-0.06757228057103686
COHFACE_s39_session2_natural,0,216,7.2,-0.2453659325838089,-0.012877434209064273
COHFACE_s39_session2_natural,0,217,7.233333333333333,-0.31169429421424866,0.01412754451485086
COHFACE_s39_session2_natural,0,218,7.266666666666667,-0.3633061647415161,0.00255222727104276
COHFACE_s39_session2_natural,0,219,7.3,-0.41081854701042175,-0.0526323429343063
COHFACE_s39_session2_natural,0,220,7.333333333333333,-0.4654569923877716,-0.15002417785306155
COHFACE_s39_session2_natural,0,221,7.366666666666666,-0.5284385085105896,-0.28142181731882676
COHFACE_s39_session2_natural,0,222,7.4,-0.5831409692764282,-0.43194757205517925
COHFACE_s39_session2_natural,0,223,7.433333333333334,-0.6294683814048767,-0.5806181130460861
COHFACE_s39_session2_natural,0,224,7.466666666666667,-0.6787422299385071,-0.7018139927166386
COHFACE_s39_session2_natural,0,225,7.5,-0.7391295433044434,-0.7685881424811806
COHFACE_s39_session2_natural,0,226,7.533333333333333,-0.6868290901184082,-0.7580616086439009
COHFACE_s39_session2_natural,0,227,7.566666666666666,-0.14510472118854523,-0.6575851824160398
COHFACE_s39_session2_natural,0,228,7.6,0.7783360481262207,-0.46912647394422274
COHFACE_s39_session2_natural,0,229,7.633333333333334,1.377901554107666,-0.20967771098863747
COHFACE_s39_session2_natural,0,230,7.666666666666667,1.431034803390503,0.0924707810051151
COHFACE_s39_session2_natural,0,231,7.7,1.2494244575500488,0.40350893997977977
COHFACE_s39_session2_natural,0,232,7.733333333333333,1.0988965034484863,0.6891676615607775
COHFACE_s39_session2_natural,0,233,7.766666666666667,0.9790025949478149,0.9175411242127262
COHFACE_s39_session2_natural,0,234,7.8,0.8217649459838867,1.0603871780966592
COHFACE_s39_session2_natural,0,235,7.833333333333333,0.735083281993866,1.095081049335043
COHFACE_s39_session2_natural,0,236,7.866666666666666,0.7368768453598022,1.0087900240681504
COHFACE_s39_session2_natural,0,237,7.9,0.7379336953163147,0.8040790981872608
COHFACE_s39_session2_natural,0,238,7.933333333333334,0.6554956436157227,0.5027503905708758
COHFACE_s39_session2_natural,0,239,7.966666666666667,0.49945905804634094,0.14457915197718973
COHFACE_s39_session2_natural,1,0,1.0,0.44940051436424255,0.0694999661558389
COHFACE_s39_session2_natural,1,1,1.0333333333333334,0.28665420413017273,-0.11200667293359771
COHFACE_s39_session2_natural,1,2,1.0666666666666667,0.15037839114665985,-0.26954026515935087
COHFACE_s39_session2_natural,1,3,1.1,0.038891639560461044,-0.3804279618607606
COHFACE_s39_session2_natural,1,4,1.1333333333333333,-0.0592077299952507,-0.4286250262640339
COHFACE_s39_session2_natural,1,5,1.1666666666666667,-0.15231084823608398,-0.41043134347904936
COHFACE_s39_session2_natural,1,6,1.2,-0.23402829468250275,-0.3385205441702464
COHFACE_s39_session2_natural,1,7,1.2333333333333334,-0.29962003231048584,-0.24058644852548214
COHFACE_s39_session2_natural,1,8,1.2666666666666666,-0.36172083020210266,-0.15187516262680245
COHFACE_s39_session2_natural,1,9,1.3,-0.4308035373687744,-0.10455371353292682
COHFACE_s39_session2_natural,1,10,1.3333333333333333,-0.49948590993881226,-0.11817999353216789
COHFACE_s39_session2_natural,1,11,1.3666666666666667,-0.5657021999359131,-0.19440766271100396
COHFACE_s39_session2_natural,1,12,1.4,-0.6243600249290466,-0.317037242932409
COHFACE_s39_session2_natural,1,13,1.4333333333333333,-0.6772529482841492,-0.45682236499716605
COHFACE_s39_session2_natural,1,14,1.4666666666666666,-0.7257581949234009,-0.5795091362340741
COHFACE_s39_session2_natural,1,15,1.5,-0.7621891498565674,-0.6550758325668691
COHFACE_s39_session2_natural,1,16,1.5333333333333334,-0.7891880869865417,-0.6656948702237167
COHFACE_s39_session2_natural,1,17,1.5666666666666667,-0.8170838356018066,-0.609950289618944
COHFACE_s39_session2_natural,1,18,1.6,-0.7395138740539551,-0.5018035932275058
COHFACE_s39_session2_natural,1,19,1.6333333333333333,-0.23548553884029388,-0.3645430656882423
COHFACE_s39_session2_natural,1,20,1.6666666666666667,0.5016048550605774,-0.22187804545446202
COHFACE_s39_session2_natural,1,21,1.7,0.8927212953567505,-0.08978406421078683
COHFACE_s39_session2_natural,1,22,1.7333333333333334,0.8917124271392822,0.027145844343532757
COHFACE_s39_session2_natural,1,23,1.7666666666666666,0.8080253005027771,0.13313621626033298
COHFACE_s39_session2_natural,1,24,1.8,0.7745408415794373,0.234528424449617
COHFACE_s39_session2_natural,1,25,1.8333333333333333,0.744931697845459,0.33374928717405544
COHFACE_s39_session2_natural,1,26,1.8666666666666667,0.6534138917922974,0.4279728675339345
COHFACE_s39_session2_natural,1,27,1.9,0.5530726313591003,0.5127188904102667
COHFACE_s39_session2_natural,1,28,1.9333333333333333,0.5089551210403442,0.5866042216762531
COHFACE_s39_session2_natural,1,29,1.9666666666666666,0.46908125281333923,0.6526071572527058
COHFACE_s39_session2_natural,1,30,2.0,0.38742783665657043,0.7145679838783894
COHFACE_s39_session2_natural,1,31,2.033333333333333,0.2622174322605133,0.771797212550865
COHFACE_s39_session2_natural,1,32,2.066666666666667,0.11969631165266037,0.8157607879160068
COHFACE_s39_session2_natural,1,33,2.1,-0.017316127195954323,0.8308402081865772
COHFACE_s39_session2_natural,1,34,2.1333333333333333,-0.13613711297512054,0.7984437648109521
COHFACE_s39_session2_natural,1,35,2.1666666666666665,-0.23013699054718018,0.7025478957401615
COHFACE_s39_session2_natural,1,36,2.2,-0.3077709674835205,0.5355170164639601
COHFACE_s39_session2_natural,1,37,2.2333333333333334,-0.3820420801639557,0.3034175317279144
COHFACE_s39_session2_natural,1,38,2.2666666666666666,-0.4513169527053833,0.028535684224413542
COHFACE_s39_session2_natural,1,39,2.3,-0.5146828293800354,-0.25387727233676705
COHFACE_s39_session2_natural,1,40,2.3333333333333335,-0.571947455406189,-0.5049389165234893
COHFACE_s39_session2_natural,1,41,2.3666666666666667,-0.6413344740867615,-0.6937822801835514
COHFACE_s39_session2_natural,1,42,2.4,-0.6950761079788208,-0.8058067748819805
COHFACE_s39_session2_natural,1,43,2.433333333333333,-0.7459513545036316,-0.8435210470239966
COHFACE_s39_session2_natural,1,44,2.466666666666667,-0.7895404100418091,-0.8202896488339395
COHFACE_s39_session2_natural,1,45,2.5,-0.8268040418624878,-0.7511591708009769
COHFACE_s39_session2_natural,1,46,2.533333333333333,-0.857293963432312,-0.6457560600848216
COHFACE_s39_session2_natural,1,47,2.566666666666667,-0.8790724873542786,-0.5062957296321485
COHFACE_s39_session2_natural,1,48,2.6,-0.9039096236228943,-0.3308386323575179
COHFACE_s39_session2_natural,1,49,2.6333333333333333,-0.8852056860923767,-0.11959882333984613
COHFACE_s39_session2_natural,1,50,2.6666666666666665,-0.5125370025634766,0.11883040937602889
COHFACE_s39_session2_natural,1,51,2.7,0.20194220542907715,0.3640141426815877
COHFACE_s39_session2_natural,1,52,2.7333333333333334,0.6944727897644043,0.5843759843499176
COHFACE_s39_session2_natural,1,53,2.7666666666666666,0.7703613042831421,0.7421216283909589
COHFACE_s39_session2_natural,1,54,2.8,0.6627498269081116,0.8014746059935868
COHFACE_s39_session2_natural,1,55,2.8333333333333335,0.5855162143707275,0.7384397149668415
COHFACE_s39_session2_natural,1,56,2.8666666666666667,0.5436726212501526,0.5493467645248846
COHFACE_s39_session2_natural,1,57,2.9,0.4657343924045563,0.25497999149701156
COHFACE_s39_session2_natural,1,58,2.933333333333333,0.3918796181678772,-0.10206056364720222
COHFACE_s39_session2_natural,1,59,2.966666666666667,0.373752236366272,-0.46683184651059334
COHFACE_s39_session2_natural,1,60,3.0,0.36268681287765503,-0.7854472437033981
COHFACE_s39_session2_natural,1,61,3.033333333333333,0.299753338098526,-1.0174928096606062
COHFACE_s39_session2_natural,1,62,3.066666666666667,0.18512791395187378,-1.1428771489034082
COHFACE_s39_session2_natural,1,63,3.1,0.05690695345401764,-1.1610942219642006
COHFACE_s39_session2_natural,1,64,3.1333333333333333,-0.05943191796541214,-1.084412870428948
COHFACE_s39_session2_natural,1,65,3.1666666666666665,-0.16448119282722473,-0.9292287066118015
COHFACE_s39_session2_natural,1,66,3.2,-0.24997785687446594,-0.7102623273547494
COHFACE_s39_session2_natural,1,67,3.2333333333333334,-0.32548201084136963,-0.44008903470082394
COHFACE_s39_session2_natural,1,68,3.2666666666666666,-0.3889119327068329,-0.13275426103477397
COHFACE_s39_session2_natural,1,69,3.3,-0.4479060769081116,0.19252434089944676
COHFACE_s39_session2_natural,1,70,3.3333333333333335,-0.497083842754364,0.5113406949515726
COHFACE_s39_session2_natural,1,71,3.3666666666666667,-0.5423863530158997,0.7985816144458446
COHFACE_s39_session2_natural,1,72,3.4,-0.595055103302002,1.034596707130031
COHFACE_s39_session2_natural,1,73,3.433333333333333,-0.6583569049835205,1.2087826162771371
COHFACE_s39_session2_natural,1,74,3.466666666666667,-0.7194968461990356,1.3183278386397748
COHFACE_s39_session2_natural,1,75,3.5,-0.7487377524375916,1.3635443311633542
COHFACE_s39_session2_natural,1,76,3.533333333333333,-0.7648954391479492,1.3435949371874567
COHFACE_s39_session2_natural,1,77,3.566666666666667,-0.7900528311729431,1.2558689107019891
COHFACE_s39_session2_natural,1,78,3.6,-0.8178684711456299,1.0992091287827488
COHFACE_s39_session2_natural,1,79,3.6333333333333333,-0.7921826243400574,0.8781797106586228
COHFACE_s39_session2_natural,1,80,3.6666666666666665,-0.42029860615730286,0.6049942351226831
COHFACE_s39_session2_natural,1,81,3.7,0.29418060183525085,0.29776802727625656
COHFACE_s39_session2_natural,1,82,3.7333333333333334,0.787015438079834,-0.02329224498384673
COHFACE_s39_session2_natural,1,83,3.7666666666666666,0.8491642475128174,-0.3387847064873791
COHFACE_s39_session2_natural,1,84,3.8,0.7208792567253113,-0.6305284807452112
COHFACE_s39_session2_natural,1,85,3.8333333333333335,0.619304895401001,-0.8804354865800165
COHFACE_s39_session2_natural,1,86,3.8666666666666667,0.5466992259025574,-1.0700331355210047
COHFACE_s39_session2_natural,1,87,3.9,0.4692894220352173,-1.1823248670617021
COHFACE_s39_session2_natural,1,88,3.933333333333333,0.4276380240917206,-1.2060875530715398
COHFACE_s39_session2_natural,1,89,3.966666666666667,0.44198620319366455,-1.1408994620949073
COHFACE_s39_session2_natural,1,90,4.0,0.442194402217865,-1.0000609066081156
COHFACE_s39_session2_natural,1,91,4.033333333333333,0.3744247853755951,-0.8088946984511421
COHFACE_s39_session2_natural,1,92,4.066666666666666,0.2503833770751953,-0.5979047638956262
COHFACE_s39_session2_natural,1,93,4.1,0.11268234997987747,-0.39324110450300537
COHFACE_s39_session2_natural,1,94,4.133333333333334,-0.007035390008240938,-0.20924552103256577
COHFACE_s39_session2_natural,1,95,4.166666666666667,-0.11147614568471909,-0.047333994897058654
COHFACE_s39_session2_natural,1,96,4.2,-0.20116837322711945,0.09836643314749415
COHFACE_s39_session2_natural,1,97,4.233333333333333,-0.2680251896381378,0.2324086497427944
COHFACE_s39_session2_natural,1,98,4.266666666666667,-0.33204761147499084,0.3515311376576576
COHFACE_s39_session2_natural,1,99,4.3,-0.3921787142753601,0.4434669978729805
COHFACE_s39_session2_natural,1,100,4.333333333333333,-0.4444791376590729,0.49095842330388073
COHFACE_s39_session2_natural,1,101,4.366666666666666,-0.4945216774940491,0.47853780855582856
COHFACE_s39_session2_natural,1,102,4.4,-0.5519144535064697,0.39934852399310133
COHFACE_s39_session2_natural,1,103,4.433333333333334,-0.6123178005218506,0.25972900403360516
COHFACE_s39_session2_natural,1,104,4.466666666666667,-0.6604386568069458,0.07947587409497042
COHFACE_s39_session2_natural,1,105,4.5,-0.6994958519935608,-0.1125649555723871
COHFACE_s39_session2_natural,1,106,4.533333333333333,-0.7369837164878845,-0.2843324281710343
COHFACE_s39_session2_natural,1,107,4.566666666666666,-0.7742634415626526,-0.4039122058755767
COHFACE_s39_session2_natural,1,108,4.6,-0.7976913452148438,-0.4412784995480295
COHFACE_s39_session2_natural,1,109,4.633333333333334,-0.6303971409797668,-0.37295057342808413
COHFACE_s39_session2_natural,1,110,4.666666666666667,0.005022857803851366,-0.1909041664280288
COHFACE_s39_session2_natural,1,111,4.7,0.7842450737953186,0.08880259607910035
COHFACE_s39_session2_natural,1,112,4.733333333333333,1.162102222442627,0.42398055302230825
COHFACE_s39_session2_natural,1,113,4.766666666666667,1.1493233442306519,0.7537978009594545
COHFACE_s39_session2_natural,1,114,4.8,1.0348260402679443,1.0134830798373358
COHFACE_s39_session2_natural,1,115,4.833333333333333,0.9824935793876648,1.1505249866027984
COHFACE_s39_session2_natural,1,116,4.866666666666666,0.9353495240211487,1.1370620706369945
COHFACE_s39_session2_natural,1,117,4.9,0.8248395919799805,0.9756049446303628
COHFACE_s39_session2_natural,1,118,4.933333333333334,0.7270925045013428,0.6972266779459375
COHFACE_s39_session2_natural,1,119,4.966666666666667,0.6980918645858765,0.3528573795350051
COHFACE_s39_session2_natural,1,120,5.0,0.6612605452537537,0.00010871641963895333
COHFACE_s39_session2_natural,1,121,5.033333333333333,0.5720487236976624,-0.31025222988637896
COHFACE_s39_session2_natural,1,122,5.066666666666666,0.43812692165374756,-0.5436738158548537
COHFACE_s39_session2_natural,1,123,5.1,0.2781349718570709,-0.684678243471707
COHFACE_s39_session2_natural,1,124,5.133333333333334,0.1254452019929886,-0.7348233045163098
COHFACE_s39_session2_natural,1,125,5.166666666666667,0.007825239561498165,-0.7093167584311447
COHFACE_s39_session2_natural,1,126,5.2,-0.09091467410326004,-0.6335422435074013
COHFACE_s39_session2_natural,1,127,5.233333333333333,-0.17726005613803864,-0.537892834914516
COHFACE_s39_session2_natural,1,128,5.266666666666667,-0.24406883120536804,-0.4499883448959166
COHFACE_s39_session2_natural,1,129,5.3,-0.3080592155456543,-0.38660077242856544
COHFACE_s39_session2_natural,1,130,5.333333333333333,-0.37850308418273926,-0.34980047875862263
COHFACE_s39_session2_natural,1,131,5.366666666666666,-0.44230130314826965,-0.3302567473834182
COHFACE_s39_session2_natural,1,132,5.4,-0.49657142162323,-0.31567449214843574
COHFACE_s39_session2_natural,1,133,5.433333333333334,-0.5622592568397522,-0.298464583119037
COHFACE_s39_session2_natural,1,134,5.466666666666667,-0.62652188539505,-0.2777684812754317
COHFACE_s39_session2_natural,1,135,5.5,-0.6620240211486816,-0.25568019635583666
COHFACE_s39_session2_natural,1,136,5.533333333333333,-0.6989353895187378,-0.23191369332985218
COHFACE_s39_session2_natural,1,137,5.566666666666666,-0.736535370349884,-0.2017527394945552
COHFACE_s39_session2_natural,1,138,5.6,-0.771509051322937,-0.15840730913102039
COHFACE_s39_session2_natural,1,139,5.633333333333334,-0.6855640411376953,-0.0967247684010494
COHFACE_s39_session2_natural,1,140,5.666666666666667,-0.10523083806037903,-0.014528359313567553
COHFACE_s39_session2_natural,1,141,5.7,0.7828038334846497,0.0894452055576632
COHFACE_s39_session2_natural,1,142,5.733333333333333,1.2986022233963013,0.21863549958635656
COHFACE_s39_session2_natural,1,143,5.766666666666667,1.3106284141540527,0.3789910016032255
COHFACE_s39_session2_natural,1,144,5.8,1.154207468032837,0.574526519053037
COHFACE_s39_session2_natural,1,145,5.833333333333333,1.0566365718841553,0.799767161465343
COHFACE_s39_session2_natural,1,146,5.866666666666666,0.9860485792160034,1.033697774300125
COHFACE_s39_session2_natural,1,147,5.9,0.8676439523696899,1.239663639271146
COHFACE_s39_session2_natural,1,148,5.933333333333334,0.7649006247520447,1.3721733259028965
COHFACE_s39_session2_natural,1,149,5.966666666666667,0.717964768409729,1.3879190591357926
COHFACE_s39_session2_natural,1,150,6.0,0.670628547668457,1.2573675623658394
COHFACE_s39_session2_natural,1,151,6.033333333333333,0.5809683203697205,0.9739037401631346
COHFACE_s39_session2_natural,1,152,6.066666666666666,0.44816747307777405,0.557856671240212
COHFACE_s39_session2_natural,1,153,6.1,0.27861538529396057,0.05347515034180573
COHFACE_s39_session2_natural,1,154,6.133333333333334,0.11537263542413712,-0.48081763672791294
COHFACE_s39_session2_natural,1,155,6.166666666666667,-0.025162795558571815,-0.9855634197893034
COHFACE_s39_session2_natural,1,156,6.2,-0.15701885521411896,-1.4116329088504844
COHFACE_s39_session2_natural,1,157,6.233333333333333,-0.26219624280929565,-1.725615324834504
COHFACE_s39_session2_natural,1,158,6.266666666666667,-0.3480291962623596,-1.9087190630431001
COHFACE_s39_session2_natural,1,159,6.3,-0.4048134386539459,-1.952310416232253
COHFACE_s39_session2_natural,1,160,6.333333333333333,-0.4591315984725952,-1.8541363053525937
COHFACE_s39_session2_natural,1,161,6.366666666666666,-0.518894374370575,-1.6175748022532834
COHFACE_s39_session2_natural,1,162,6.4,-0.5761750936508179,-1.2537258718911102
COHFACE_s39_session2_natural,1,163,6.433333333333334,-0.6405817866325378,-0.7845795172806023
COHFACE_s39_session2_natural,1,164,6.466666666666667,-0.7033551335334778,-0.24549898386907326
COHFACE_s39_session2_natural,1,165,6.5,-0.7605077028274536,0.3143537238112518
COHFACE_s39_session2_natural,1,166,6.533333333333333,-0.8003976345062256,0.8352245992711167
COHFACE_s39_session2_natural,1,167,6.566666666666666,-0.8415045738220215,1.2548937837700151
COHFACE_s39_session2_natural,1,168,6.6,-0.8254589438438416,1.521109347813544
COHFACE_s39_session2_natural,1,169,6.633333333333334,-0.44321408867836,1.6051410558074708
COHFACE_s39_session2_natural,1,170,6.666666666666667,0.4086458683013916,1.5116354494838893
COHFACE_s39_session2_natural,1,171,6.7,1.1298987865447998,1.279907945992647
COHFACE_s39_session2_natural,1,172,6.733333333333333,1.2881293296813965,0.9737539022581196
COHFACE_s39_session2_natural,1,173,6.766666666666667,1.1379536390304565,0.6616556827341911
COHFACE_s39_session2_natural,1,174,6.8,0.9813566207885742,0.3954934019411085
COHFACE_s39_session2_natural,1,175,6.833333333333333,0.8725601434707642,0.19802662175590496
COHFACE_s39_session2_natural,1,176,6.866666666666666,0.7538031935691833,0.06420453719637532
COHFACE_s39_session2_natural,1,177,6.9,0.6493464112281799,-0.02671716011553962
COHFACE_s39_session2_natural,1,178,6.933333333333334,0.6123389601707458,-0.0959458885984905
COHFACE_s39_session2_natural,1,179,6.966666666666667,0.6113301515579224,-0.15435132244312322
COHFACE_s39_session2_natural,1,180,7.0,0.5634974837303162,-0.20026722683132742
COHFACE_s39_session2_natural,1,181,7.033333333333333,0.43016818165779114,-0.22518022840078106
COHFACE_s39_session2_natural,1,182,7.066666666666666,0.26556429266929626,-0.22232820173935797
COHFACE_s39_session2_natural,1,183,7.1,0.10201729089021683,-0.19247532053993982
COHFACE_s39_session2_natural,1,184,7.133333333333334,-0.04136856645345688,-0.14455869106091931
COHFACE_s39_session2_natural,1,185,7.166666666666667,-0.1559939831495285,-0.09283965183081266
COHFACE_s39_session2_natural,1,186,7.2,-0.2453659325838089,-0.053082978344806825
COHFACE_s39_session2_natural,1,187,7.233333333333333,-0.31169429421424866,-0.03902757308805648
COHFACE_s39_session2_natural,1,188,7.266666666666667,-0.3633061647415161,-0.05950362698888311
COHFACE_s39_session2_natural,1,189,7.3,-0.41081854701042175,-0.11662668363151099
COHFACE_s39_session2_natural,1,190,7.333333333333333,-0.4654569923877716,-0.20579166083919884
COHFACE_s39_session2_natural,1,191,7.366666666666666,-0.5284385085105896,-0.31764398133884975
COHFACE_s39_session2_natural,1,192,7.4,-0.5831409692764282,-0.4407497848027661
COHFACE_s39_session2_natural,1,193,7.433333333333334,-0.6294683814048767,-0.5630785820344458
COHFACE_s39_session2_natural,1,194,7.466666666666667,-0.6787422299385071,-0.6718081233254425
COHFACE_s39_session2_natural,1,195,7.5,-0.7391295433044434,-0.7527235806078938
COHFACE_s39_session2_natural,1,196,7.533333333333333,-0.6868290901184082,-0.7906721577188267
COHFACE_s39_session2_natural,1,197,7.566666666666666,-0.14510472118854523,-0.7715268496265223
COHFACE_s39_session2_natural,1,198,7.6,0.7783360481262207,-0.6852073558724503
COHFACE_s39_session2_natural,1,199,7.633333333333334,1.377901554107666,-0.5289672508843406
COHFACE_s39_session2_natural,1,200,7.666666666666667,1.431034803390503,-0.3101800574416997
COHFACE_s39_session2_natural,1,201,7.7,1.2494244575500488,-0.04782614299864731
COHFACE_s39_session2_natural,1,202,7.733333333333333,1.0988965034484863,0.22833697508371492
COHFACE_s39_session2_natural,1,203,7.766666666666667,0.9790025949478149,0.48185169954687385
COHFACE_s39_session2_natural,1,204,7.8,0.8217649459838867,0.676930235301116
COHFACE_s39_session2_natural,1,205,7.833333333333333,0.735083281993866,0.7876531866500793
COHFACE_s39_session2_natural,1,206,7.866666666666666,0.7368768453598022,0.8060572539864822
COHFACE_s39_session2_natural,1,207,7.9,0.7379336953163147,0.7454959203240151
COHFACE_s39_session2_natural,1,208,7.933333333333334,0.6554956436157227,0.6365469201490003
COHFACE_s39_session2_natural,1,209,7.966666666666667,0.49945905804634094,0.5157635296965396
COHFACE_s39_session2_natural,1,210,8.0,0.3110429346561432,0.4118058450720117
COHFACE_s39_session2_natural,1,211,8.033333333333333,0.14184314012527466,0.33581208383684424
COHFACE_s39_session2_natural,1,212,8.066666666666666,0.010579580441117287,0.2808873772600907
COHFACE_s39_session2_natural,1,213,8.1,-0.09860120713710785,0.2304279767225983
COHFACE_s39_session2_natural,1,214,8.133333333333333,-0.173721045255661,0.16996756962101775
COHFACE_s39_session2_natural,1,215,8.166666666666666,-0.23374006152153015,0.09566285413400871
COHFACE_s39_session2_natural,1,216,8.2,-0.28653693199157715,0.015521157331297792
COHFACE_s39_session2_natural,1,217,8.233333333333333,-0.33507418632507324,-0.05559417847617462
COHFACE_s39_session2_natural,1,218,8.266666666666667,-0.38221824169158936,-0.10294217768634631
COHFACE_s39_session2_natural,1,219,8.3,-0.43310949206352234,-0.11692277605954532
COHFACE_s39_session2_natural,1,220,8.333333333333334,-0.5106953978538513,-0.09513113336703681
COHFACE_s39_session2_natural,1,221,8.366666666666667,-0.5956956744194031,-0.04285221081768658
COHFACE_s39_session2_natural,1,222,8.4,-0.5175172090530396,0.026986743572164098
COHFACE_s39_session2_natural,1,223,8.433333333333334,0.10161694884300232,0.09512888326401078
COHFACE_s39_session2_natural,1,224,8.466666666666667,1.0613446235656738,0.1397800583781293
COHFACE_s39_session2_natural,1,225,8.5,1.6105473041534424,0.14259040763887224
COHFACE_s39_session2_natural,1,226,8.533333333333333,1.5989373922348022,0.09429826233767348
COHFACE_s39_session2_natural,1,227,8.566666666666666,1.3869813680648804,-0.0028853744388452982
COHFACE_s39_session2_natural,1,228,8.6,1.2212724685668945,-0.13663364160269748
COHFACE_s39_session2_natural,1,229,8.633333333333333,1.0957098007202148,-0.2876525867148737
COHFACE_s39_session2_natural,1,230,8.666666666666666,0.9395771026611328,-0.4329610407569614
COHFACE_s39_session2_natural,1,231,8.7,0.8204678893089294,-0.5493315422955014
COHFACE_s39_session2_natural,1,232,8.733333333333333,0.7888410091400146,-0.6174954226639259
COHFACE_s39_session2_natural,1,233,8.766666666666667,0.7480703592300415,-0.6267592571866073
COHFACE_s39_session2_natural,1,234,8.8,0.6361352205276489,-0.5782933416161552
COHFACE_s39_session2_natural,1,235,8.833333333333334,0.46453335881233215,-0.48490407404846375
COHFACE_s39_session2_natural,1,236,8.866666666666667,0.2616409361362457,-0.3663507497218604
COHFACE_s39_session2_natural,1,237,8.9,0.07982242852449417,-0.2417029404747572
COHFACE_s39_session2_natural,1,238,8.933333333333334,-0.05196957662701607,-0.12238626801657113
COHFACE_s39_session2_natural,1,239,8.966666666666667,-0.14907610416412354,-0.0096924409741516
COHFACE_s39_session2_natural,2,0,2.0,0.38742783665657043,-0.023779085248750408
COHFACE_s39_session2_natural,2,1,2.033333333333333,0.2622174322605133,-0.06712107722687781
COHFACE_s39_session2_natural,2,2,2.066666666666667,0.11969631165266037,-0.11736638699063437
COHFACE_s39_session2_natural,2,3,2.1,-0.017316127195954323,-0.17581825795082173
COHFACE_s39_session2_natural,2,4,2.1333333333333333,-0.13613711297512054,-0.23644685864016984
COHFACE_s39_session2_natural,2,5,2.1666666666666665,-0.23013699054718018,-0.28903778290762216
COHFACE_s39_session2_natural,2,6,2.2,-0.3077709674835205,-0.3247775632699503
COHFACE_s39_session2_natural,2,7,2.2333333333333334,-0.3820420801639557,-0.340037297727267
COHFACE_s39_session2_natural,2,8,2.2666666666666666,-0.4513169527053833,-0.3365354856683762
COHFACE_s39_session2_natural,2,9,2.3,-0.5146828293800354,-0.3194865034920101
COHFACE_s39_session2_natural,2,10,2.3333333333333335,-0.571947455406189,-0.2960016032336779
COHFACE_s39_session2_natural,2,11,2.3666666666666667,-0.6413344740867615,-0.27422451590175184
COHFACE_s39_session2_natural,2,12,2.4,-0.6950761079788208,-0.2619318825042074
COHFACE_s39_session2_natural,2,13,2.433333333333333,-0.7459513545036316,-0.2634332129098832
COHFACE_s39_session2_natural,2,14,2.466666666666667,-0.7895404100418091,-0.275611250928086
COHFACE_s39_session2_natural,2,15,2.5,-0.8268040418624878,-0.2857418686323166
COHFACE_s39_session2_natural,2,16,2.533333333333333,-0.857293963432312,-0.2733690053293942
COHFACE_s39_session2_natural,2,17,2.566666666666667,-0.8790724873542786,-0.216440255561744
COHFACE_s39_session2_natural,2,18,2.6,-0.9039096236228943,-0.09972204875876646
COHFACE_s39_session2_natural,2,19,2.6333333333333333,-0.8852056860923767,0.07775735881377872
COHFACE_s39_session2_natural,2,20,2.6666666666666665,-0.5125370025634766,0.2993790359947876
COHFACE_s39_session2_natural,2,21,2.7,0.20194220542907715,0.533288388701189
COHFACE_s39_session2_natural,2,22,2.7333333333333334,0.6944727897644043,0.7395787948301367
COHFACE_s39_session2_natural,2,23,2.7666666666666666,0.7703613042831421,0.8795803598484181
COHFACE_s39_session2_natural,2,24,2.8,0.6627498269081116,0.9242717111043545
COHFACE_s39_session2_natural,2,25,2.8333333333333335,0.5855162143707275,0.8598514696523533
COHFACE_s39_session2_natural,2,26,2.8666666666666667,0.5436726212501526,0.6898141814255182
COHFACE_s39_session2_natural,2,27,2.9,0.4657343924045563,0.4337601815035978
COHFACE_s39_session2_natural,2,28,2.933333333333333,0.3918796181678772,0.12350153383621926
COHFACE_s39_session2_natural,2,29,2.966666666666667,0.373752236366272,-0.20269883849783185
COHFACE_s39_session2_natural,2,30,3.0,0.36268681287765503,-0.5064179298692102
COHFACE_s39_session2_natural,2,31,3.033333333333333,0.299753338098526,-0.7544750882157476
COHFACE_s39_session2_natural,2,32,3.066666666666667,0.18512791395187378,-0.9227629501200144
COHFACE_s39_session2_natural,2,33,3.1,0.05690695345401764,-0.9984365038970606
COHFACE_s39_session2_natural,2,34,3.1333333333333333,-0.05943191796541214,-0.9802075265780731
COHFACE_s39_session2_natural,2,35,3.1666666666666665,-0.16448119282722473,-0.8765764578927182
COHFACE_s39_session2_natural,2,36,3.2,-0.24997785687446594,-0.7029333810235551
COHFACE_s39_session2_natural,2,37,3.2333333333333334,-0.32548201084136963,-0.47909418938563214
COHFACE_s39_session2_natural,2,38,3.2666666666666666,-0.3889119327068329,-0.22773895713452752
COHFACE_s39_session2_natural,2,39,3.3,-0.4479060769081116,0.02729016994272518
COHFACE_s39_session2_natural,2,40,3.3333333333333335,-0.497083842754364,0.2639372088746004
COHFACE_s39_session2_natural,2,41,3.3666666666666667,-0.5423863530158997,0.46575137037167946
COHFACE_s39_session2_natural,2,42,3.4,-0.595055103302002,0.6245198363012714
COHFACE_s39_session2_natural,2,43,3.433333333333333,-0.6583569049835205,0.7396379451041688
COHFACE_s39_session2_natural,2,44,3.466666666666667,-0.7194968461990356,0.8143388928132247
COHFACE_s39_session2_natural,2,45,3.5,-0.7487377524375916,0.8512530200851147
COHFACE_s39_session2_natural,2,46,3.533333333333333,-0.7648954391479492,0.8500358201813423
COHFACE_s39_session2_natural,2,47,3.566666666666667,-0.7900528311729431,0.8081387999200176
COHFACE_s39_session2_natural,2,48,3.6,-0.8178684711456299,0.7237042122500809
COHFACE_s39_session2_natural,2,49,3.6333333333333333,-0.7921826243400574,0.5983889376918516
COHFACE_s39_session2_natural,2,50,3.6666666666666665,-0.42029860615730286,0.4382869629396812
COHFACE_s39_session2_natural,2,51,3.7,0.29418060183525085,0.2526454660238582
COHFACE_s39_session2_natural,2,52,3.7333333333333334,0.787015438079834,0.05170055139968163
COHFACE_s39_session2_natural,2,53,3.7666666666666666,0.8491642475128174,-0.15448347335128662
COHFACE_s39_session2_natural,2,54,3.8,0.7208792567253113,-0.3552727414935718
COHFACE_s39_session2_natural,2,55,3.8333333333333335,0.619304895401001,-0.5376396200922003
COHFACE_s39_session2_natural,2,56,3.8666666666666667,0.5466992259025574,-0.6852472840203302
COHFACE_s39_session2_natural,2,57,3.9,0.4692894220352173,-0.780298737869754
COHFACE_s39_session2_natural,2,58,3.933333333333333,0.4276380240917206,-0.8085237378069103
COHFACE_s39_session2_natural,2,59,3.966666666666667,0.44198620319366455,-0.7655052299088402
COHFACE_s39_session2_natural,2,60,4.0,0.442194402217865,-0.660893423319701
COHFACE_s39_session2_natural,2,61,4.033333333333333,0.3744247853755951,-0.5173163659621686
COHFACE_s39_session2_natural,2,62,4.066666666666666,0.2503833770751953,-0.3634018521047651
COHFACE_s39_session2_natural,2,63,4.1,0.11268234997987747,-0.22388798247296873
COHFACE_s39_session2_natural,2,64,4.133333333333334,-0.007035390008240938,-0.11200065621038482
COHFACE_s39_session2_natural,2,65,4.166666666666667,-0.11147614568471909,-0.028150584706292652
COHFACE_s39_session2_natural,2,66,4.2,-0.20116837322711945,0.03521302285834275
COHFACE_s39_session2_natural,2,67,4.233333333333333,-0.2680251896381378,0.08657230911500496
COHFACE_s39_session2_natural,2,68,4.266666666666667,-0.33204761147499084,0.1304032683932012
COHFACE_s39_session2_natural,2,69,4.3,-0.3921787142753601,0.16604780497535696
COHFACE_s39_session2_natural,2,70,4.333333333333333,-0.4444791376590729,0.18935245870213285
COHFACE_s39_session2_natural,2,71,4.366666666666666,-0.4945216774940491,0.19505237972546696
COHFACE_s39_session2_natural,2,72,4.4,-0.5519144535064697,0.1788640766786643
COHFACE_s39_session2_natural,2,73,4.433333333333334,-0.6123178005218506,0.13918257241154353
COHFACE_s39_session2_natural,2,74,4.466666666666667,-0.6604386568069458,0.07788776666914696
COHFACE_s39_session2_natural,2,75,4.5,-0.6994958519935608,7.655972992954858e-05
COHFACE_s39_session2_natural,2,76,4.533333333333333,-0.7369837164878845,-0.08546624927822911
COHFACE_s39_session2_natural,2,77,4.566666666666666,-0.7742634415626526,-0.16348626676214562
COHFACE_s39_session2_natural,2,78,4.6,-0.7976913452148438,-0.21004654873702686
COHFACE_s39_session2_natural,2,79,4.633333333333334,-0.6303971409797668,-0.196390645714553
COHFACE_s39_session2_natural,2,80,4.666666666666667,0.005022857803851366,-0.10009555057379939
COHFACE_s39_session2_natural,2,81,4.7,0.7842450737953186,0.08199782464418841
COHFACE_s39_session2_natural,2,82,4.733333333333333,1.162102222442627,0.3268444779529303
COHFACE_s39_session2_natural,2,83,4.766666666666667,1.1493233442306519,0.5886745625323222
COHFACE_s39_session2_natural,2,84,4.8,1.0348260402679443,0.8114808744559652
COHFACE_s39_session2_natural,2,85,4.833333333333333,0.9824935793876648,0.9448830946308084
COHFACE_s39_session2_natural,2,86,4.866666666666666,0.9353495240211487,0.9574759784929849
COHFACE_s39_session2_natural,2,87,4.9,0.8248395919799805,0.8439823561759634
COHFACE_s39_session2_natural,2,88,4.933333333333334,0.7270925045013428,0.6248113360041724
COHFACE_s39_session2_natural,2,89,4.966666666666667,0.6980918645858765,0.3387372674294783
COHFACE_s39_session2_natural,2,90,5.0,0.6612605452537537,0.0316755664810333
COHFACE_s39_session2_natural,2,91,5.033333333333333,0.5720487236976624,-0.2541290268621673
COHFACE_s39_session2_natural,2,92,5.066666666666666,0.43812692165374756,-0.4869378414958281
COHFACE_s39_session2_natural,2,93,5.1,0.2781349718570709,-0.64749294281917
COHFACE_s39_session2_natural,2,94,5.133333333333334,0.1254452019929886,-0.7282435397562896
COHFACE_s39_session2_natural,2,95,5.166666666666667,0.007825239561498165,-0.7326291433843258
COHFACE_s39_session2_natural,2,96,5.2,-0.09091467410326004,-0.6747781364169785
COHFACE_s39_session2_natural,2,97,5.233333333333333,-0.17726005613803864,-0.5774434436013601
COHFACE_s39_session2_natural,2,98,5.266666666666667,-0.24406883120536804,-0.4665254636895457
COHFACE_s39_session2_natural,2,99,5.3,-0.3080592155456543,-0.36356861439449345
COHFACE_s39_session2_natural,2,100,5.333333333333333,-0.37850308418273926,-0.28026817568475804
COHFACE_s39_session2_natural,2,101,5.366666666666666,-0.44230130314826965,-0.21841071738034537
COHFACE_s39_session2_natural,2,102,5.4,-0.49657142162323,-0.1745535823866181
COHFACE_s39_session2_natural,2,103,5.433333333333334,-0.5622592568397522,-0.14510240154654988
COHFACE_s39_session2_natural,2,104,5.466666666666667,-0.62652188539505,-0.1279506100475628
COHFACE_s39_session2_natural,2,105,5.5,-0.6620240211486816,-0.12047961435007165
COHFACE_s39_session2_natural,2,106,5.533333333333333,-0.6989353895187378,-0.11700174588994149
COHFACE_s39_session2_natural,2,107,5.566666666666666,-0.736535370349884,-0.10892704300284671
COHFACE_s39_session2_natural,2,108,5.6,-0.771509051322937,-0.08787138061608375
COHFACE_s39_session2_natural,2,109,5.633333333333334,-0.6855640411376953,-0.04875986116194486
COHFACE_s39_session2_natural,2,110,5.666666666666667,-0.10523083806037903,0.010105759395422591
COHFACE_s39_session2_natural,2,111,5.7,0.7828038334846497,0.09018028540953421
COHFACE_s39_session2_natural,2,112,5.733333333333333,1.2986022233963013,0.1958389043729308
COHFACE_s39_session2_natural,2,113,5.766666666666667,1.3106284141540527,0.33355925088168664
COHFACE_s39_session2_natural,2,114,5.8,1.154207468032837,0.5059387287338942
COHFACE_s39_session2_natural,2,115,5.833333333333333,1.0566365718841553,0.7036787871006759
COHFACE_s39_session2_natural,2,116,5.866666666666666,0.9860485792160034,0.9010688012116472
COHFACE_s39_session2_natural,2,117,5.9,0.8676439523696899,1.059016092538946
COHFACE_s39_session2_natural,2,118,5.933333333333334,0.7649006247520447,1.1350335761416646
COHFACE_s39_session2_natural,2,119,5.966666666666667,0.717964768409729,1.095536209351324
COHFACE_s39_session2_natural,2,120,6.0,0.670628547668457,0.9254105227832358
COHFACE_s39_session2_natural,2,121,6.033333333333333,0.5809683203697205,0.6322395019815792
COHFACE_s39_session2_natural,2,122,6.066666666666666,0.44816747307777405,0.24514416865142402
COHFACE_s39_session2_natural,2,123,6.1,0.27861538529396057,-0.1906562528627467
COHFACE_s39_session2_natural,2,124,6.133333333333334,0.11537263542413712,-0.6225831375736679
COHFACE_s39_session2_natural,2,125,6.166666666666667,-0.025162795558571815,-1.0012381361033869
COHFACE_s39_session2_natural,2,126,6.2,-0.15701885521411896,-1.2894046013363232
COHFACE_s39_session2_natural,2,127,6.233333333333333,-0.26219624280929565,-1.4658621487446992
COHFACE_s39_session2_natural,2,128,6.266666666666667,-0.3480291962623596,-1.5235566772356899
COHFACE_s39_session2_natural,2,129,6.3,-0.4048134386539459,-1.4653010357152667
COHFACE_s39_session2_natural,2,130,6.333333333333333,-0.4591315984725952,-1.3006082938124528
COHFACE_s39_session2_natural,2,131,6.366666666666666,-0.518894374370575,-1.0449441189095836
COHFACE_s39_session2_natural,2,132,6.4,-0.5761750936508179,-0.7201926410245337
COHFACE_s39_session2_natural,2,133,6.433333333333334,-0.6405817866325378,-0.3543027681319463
COHFACE_s39_session2_natural,2,134,6.466666666666667,-0.7033551335334778,0.020816374545061953
COHFACE_s39_session2_natural,2,135,6.5,-0.7605077028274536,0.37255692833849763
COHFACE_s39_session2_natural,2,136,6.533333333333333,-0.8003976345062256,0.6710258646337115
COHFACE_s39_session2_natural,2,137,6.566666666666666,-0.8415045738220215,0.892171815422797
COHFACE_s39_session2_natural,2,138,6.6,-0.8254589438438416,1.0207468784231273
COHFACE_s39_session2_natural,2,139,6.633333333333334,-0.44321408867836,1.0531246736410604
COHFACE_s39_session2_natural,2,140,6.666666666666667,0.4086458683013916,0.9991772215988212
COHFACE_s39_session2_natural,2,141,6.7,1.1298987865447998,0.8814388109884537
COHFACE_s39_session2_natural,2,142,6.733333333333333,1.2881293296813965,0.7297853656437087
COHFACE_s39_session2_natural,2,143,6.766666666666667,1.1379536390304565,0.572190228886436
COHFACE_s39_session2_natural,2,144,6.8,0.9813566207885742,0.4260268632014509
COHFACE_s39_session2_natural,2,145,6.833333333333333,0.8725601434707642,0.29554177761489747
COHFACE_s39_session2_natural,2,146,6.866666666666666,0.7538031935691833,0.17696255751631296
COHFACE_s39_session2_natural,2,147,6.9,0.6493464112281799,0.0671817079757836
COHFACE_s39_session2_natural,2,148,6.933333333333334,0.6123389601707458,-0.02987285971699829
COHFACE_s39_session2_natural,2,149,6.966666666666667,0.6113301515579224,-0.10285945159713686
COHFACE_s39_session2_natural,2,150,7.0,0.5634974837303162,-0.13847464704318818
COHFACE_s39_session2_natural,2,151,7.033333333333333,0.43016818165779114,-0.1292944378956455
COHFACE_s39_session2_natural,2,152,7.066666666666666,0.26556429266929626,-0.07936047392247333
COHFACE_s39_session2_natural,2,153,7.1,0.10201729089021683,-0.0044278184833865305
COHFACE_s39_session2_natural,2,154,7.133333333333334,-0.04136856645345688,0.07275186651679769
COHFACE_s39_session2_natural,2,155,7.166666666666667,-0.1559939831495285,0.12900581608702488
COHFACE_s39_session2_natural,2,156,7.2,-0.2453659325838089,0.14604104867199605
COHFACE_s39_session2_natural,2,157,7.233333333333333,-0.31169429421424866,0.11321404083652394
COHFACE_s39_session2_natural,2,158,7.266666666666667,-0.3633061647415161,0.028271531030450492
COHFACE_s39_session2_natural,2,159,7.3,-0.41081854701042175,-0.10304265076887142
COHFACE_s39_session2_natural,2,160,7.333333333333333,-0.4654569923877716,-0.26839438150617156
COHFACE_s39_session2_natural,2,161,7.366666666666666,-0.5284385085105896,-0.4514045571867873
COHFACE_s39_session2_natural,2,162,7.4,-0.5831409692764282,-0.6343348295416273
COHFACE_s39_session2_natural,2,163,7.433333333333334,-0.6294683814048767,-0.7993973979754827
COHFACE_s39_session2_natural,2,164,7.466666666666667,-0.6787422299385071,-0.928781486244455
COHFACE_s39_session2_natural,2,165,7.5,-0.7391295433044434,-1.005207116295032
COHFACE_s39_session2_natural,2,166,7.533333333333333,-0.6868290901184082,-1.0143194972294676
COHFACE_s39_session2_natural,2,167,7.566666666666666,-0.14510472118854523,-0.9482801189772988
COHFACE_s39_session2_natural,2,168,7.6,0.7783360481262207,-0.8085399171929047
COHFACE_s39_session2_natural,2,169,7.633333333333334,1.377901554107666,-0.6060157319414469
COHFACE_s39_session2_natural,2,170,7.666666666666667,1.431034803390503,-0.35849460879278544
COHFACE_s39_session2_natural,2,171,7.7,1.2494244575500488,-0.08682256930050467
COHFACE_s39_session2_natural,2,172,7.733333333333333,1.0988965034484863,0.18800849756510463
COHFACE_s39_session2_natural,2,173,7.766666666666667,0.9790025949478149,0.44579417015297473
COHFACE_s39_session2_natural,2,174,7.8,0.8217649459838867,0.6669121531884801
COHFACE_s39_session2_natural,2,175,7.833333333333333,0.735083281993866,0.8330156532450788
COHFACE_s39_session2_natural,2,176,7.866666666666666,0.7368768453598022,0.9299411172838876
COHFACE_s39_session2_natural,2,177,7.9,0.7379336953163147,0.9519370563745649
COHFACE_s39_session2_natural,2,178,7.933333333333334,0.6554956436157227,0.9043253324028759
COHFACE_s39_session2_natural,2,179,7.966666666666667,0.49945905804634094,0.8020278160713241
COHFACE_s39_session2_natural,2,180,8.0,0.3110429346561432,0.6644079529385166
COHFACE_s39_session2_natural,2,181,8.033333333333333,0.14184314012527466,0.509776392162095
COHFACE_s39_session2_natural,2,182,8.066666666666666,0.010579580441117287,0.35283957544405686
COHFACE_s39_session2_natural,2,183,8.1,-0.09860120713710785,0.20562205487688448
COHFACE_s39_session2_natural,2,184,8.133333333333333,-0.173721045255661,0.07937524087984364
COHFACE_s39_session2_natural,2,185,8.166666666666666,-0.23374006152153015,-0.01563804919783513
COHFACE_s39_session2_natural,2,186,8.2,-0.28653693199157715,-0.07309543605390713
COHFACE_s39_session2_natural,2,187,8.233333333333333,-0.33507418632507324,-0.09393024687736969
COHFACE_s39_session2_natural,2,188,8.266666666666667,-0.38221824169158936,-0.0870741025641324
COHFACE_s39_session2_natural,2,189,8.3,-0.43310949206352234,-0.0665512238229624
COHFACE_s39_session2_natural,2,190,8.333333333333334,-0.5106953978538513,-0.04634325100323075
COHFACE_s39_session2_natural,2,191,8.366666666666667,-0.5956956744194031,-0.03579306075155624
COHFACE_s39_session2_natural,2,192,8.4,-0.5175172090530396,-0.03770403515985144
COHFACE_s39_session2_natural,2,193,8.433333333333334,0.10161694884300232,-0.04942766142586816
COHFACE_s39_session2_natural,2,194,8.466666666666667,1.0613446235656738,-0.06556209569960585
COHFACE_s39_session2_natural,2,195,8.5,1.6105473041534424,-0.08054440659973909
COHFACE_s39_session2_natural,2,196,8.533333333333333,1.5989373922348022,-0.0904267367438394
COHFACE_s39_session2_natural,2,197,8.566666666666666,1.3869813680648804,-0.09401734396321128
COHFACE_s39_session2_natural,2,198,8.6,1.2212724685668945,-0.09327307790085082
COHFACE_s39_session2_natural,2,199,8.633333333333333,1.0957098007202148,-0.09235375060879981
COHFACE_s39_session2_natural,2,200,8.666666666666666,0.9395771026611328,-0.09531127911316475
COHFACE_s39_session2_natural,2,201,8.7,0.8204678893089294,-0.10347242637652823
COHFACE_s39_session2_natural,2,202,8.733333333333333,0.7888410091400146,-0.11405619181191563
COHFACE_s39_session2_natural,2,203,8.766666666666667,0.7480703592300415,-0.12109934606549223
COHFACE_s39_session2_natural,2,204,8.8,0.6361352205276489,-0.11862106401549957
COHFACE_s39_session2_natural,2,205,8.833333333333334,0.46453335881233215,-0.1046511119144543
COHFACE_s39_session2_natural,2,206,8.866666666666667,0.2616409361362457,-0.08395340202404057
COHFACE_s39_session2_natural,2,207,8.9,0.07982242852449417,-0.06770106809021736
COHFACE_s39_session2_natural,2,208,8.933333333333334,-0.05196957662701607,-0.06998235961851247
COHFACE_s39_session2_natural,2,209,8.966666666666667,-0.14907610416412354,-0.1025995064159582
COHFACE_s39_session2_natural,2,210,9.0,-0.23686270415782928,-0.1700653721836429
COHFACE_s39_session2_natural,2,211,9.033333333333333,-0.3170108199119568,-0.2663348125376353
COHFACE_s39_session2_natural,2,212,9.066666666666666,-0.3846362829208374,-0.3743843112168108
COHFACE_s39_session2_natural,2,213,9.1,-0.45040419697761536,-0.46931861810150866
COHFACE_s39_session2_natural,2,214,9.133333333333333,-0.5003506541252136,-0.5248799678148649
COHFACE_s39_session2_natural,2,215,9.166666666666666,-0.5507294535636902,-0.5218359134401002
COHFACE_s39_session2_natural,2,216,9.2,-0.6183549165725708,-0.45513245897917315
COHFACE_s39_session2_natural,2,217,9.233333333333333,-0.6752032041549683,-0.3361909688580892
COHFACE_s39_session2_natural,2,218,9.266666666666667,-0.4863547384738922,-0.18837265420932423
COHFACE_s39_session2_natural,2,219,9.3,0.32675227522850037,-0.037222763655976744
COHFACE_s39_session2_natural,2,220,9.333333333333334,1.322142243385315,0.0992462585205527
COHFACE_s39_session2_natural,2,221,9.366666666666667,1.7588013410568237,0.2145381622936812
COHFACE_s39_session2_natural,2,222,9.4,1.6840977668762207,0.31030945810223565
COHFACE_s39_session2_natural,2,223,9.433333333333334,1.5012223720550537,0.389315319966403
COHFACE_s39_session2_natural,2,224,9.466666666666667,1.3985111713409424,0.4504198295531837
COHFACE_s39_session2_natural,2,225,9.5,1.29587984085083,0.48898078007889323
COHFACE_s39_session2_natural,2,226,9.533333333333333,1.106022596359253,0.5009568512768919
COHFACE_s39_session2_natural,2,227,9.566666666666666,0.9208091497421265,0.48613483186985457
COHFACE_s39_session2_natural,2,228,9.6,0.8276739716529846,0.44769806916578203
COHFACE_s39_session2_natural,2,229,9.633333333333333,0.7686638236045837,0.38939785591129583
COHFACE_s39_session2_natural,2,230,9.666666666666666,0.6450067758560181,0.3136840975682377
COHFACE_s39_session2_natural,2,231,9.7,0.46107444167137146,0.22285339196392287
COHFACE_s39_session2_natural,2,232,9.733333333333333,0.24671626091003418,0.12200959987567643
COHFACE_s39_session2_natural,2,233,9.766666666666667,0.0587485171854496,0.020706566162252568
COHFACE_s39_session2_natural,2,234,9.8,-0.0872635692358017,-0.06847431614371637
COHFACE_s39_session2_natural,2,235,9.833333333333334,-0.20763787627220154,-0.1334717351072724
COHFACE_s39_session2_natural,2,236,9.866666666666667,-0.30223026871681213,-0.16632067385899946
COHFACE_s39_session2_natural,2,237,9.9,-0.3942444622516632,-0.1652574983777063
COHFACE_s39_session2_natural,2,238,9.933333333333334,-0.4721826910972595,-0.1349805194945361
COHFACE_s39_session2_natural,2,239,9.966666666666667,-0.5491921305656433,-0.08541859990575934
COHFACE_s39_session2_natural,3,0,3.0,0.36268681287765503,-0.05671913304235768
COHFACE_s39_session2_natural,3,1,3.033333333333333,0.299753338098526,-0.21896115806985028
COHFACE_s39_session2_natural,3,2,3.066666666666667,0.18512791395187378,-0.3823332164601937
COHFACE_s39_session2_natural,3,3,3.1,0.05690695345401764,-0.5456257641568145
COHFACE_s39_session2_natural,3,4,3.1333333333333333,-0.05943191796541214,-0.7006678304390899
COHFACE_s39_session2_natural,3,5,3.1666666666666665,-0.16448119282722473,-0.8329503697769326
COHFACE_s39_session2_natural,3,6,3.2,-0.24997785687446594,-0.9244881447507275
COHFACE_s39_session2_natural,3,7,3.2333333333333334,-0.32548201084136963,-0.9573396887891981
COHFACE_s39_session2_natural,3,8,3.2666666666666666,-0.3889119327068329,-0.9164725099743565
COHFACE_s39_session2_natural,3,9,3.3,-0.4479060769081116,-0.7917093407009679
COHFACE_s39_session2_natural,3,10,3.3333333333333335,-0.497083842754364,-0.5795558003611636
COHFACE_s39_session2_natural,3,11,3.3666666666666667,-0.5423863530158997,-0.2858370929300996
COHFACE_s39_session2_natural,3,12,3.4,-0.595055103302002,0.07106104084344651
COHFACE_s39_session2_natural,3,13,3.433333333333333,-0.6583569049835205,0.4580518703543706
COHFACE_s39_session2_natural,3,14,3.466666666666667,-0.7194968461990356,0.8286561327748803
COHFACE_s39_session2_natural,3,15,3.5,-0.7487377524375916,1.129361734216018
COHFACE_s39_session2_natural,3,16,3.533333333333333,-0.7648954391479492,1.3106785111713064
COHFACE_s39_session2_natural,3,17,3.566666666666667,-0.7900528311729431,1.34004557655976
COHFACE_s39_session2_natural,3,18,3.6,-0.8178684711456299,1.2119034383524592
COHFACE_s39_session2_natural,3,19,3.6333333333333333,-0.7921826243400574,0.9504622483489658
COHFACE_s39_session2_natural,3,20,3.6666666666666665,-0.42029860615730286,0.6034638164520563
COHFACE_s39_session2_natural,3,21,3.7,0.29418060183525085,0.22915703197408963
COHFACE_s39_session2_natural,3,22,3.7333333333333334,0.787015438079834,-0.11839244436548467
COHFACE_s39_session2_natural,3,23,3.7666666666666666,0.8491642475128174,-0.4002404117028165
COHFACE_s39_session2_natural,3,24,3.8,0.7208792567253113,-0.5967638559638179
COHFACE_s39_session2_natural,3,25,3.8333333333333335,0.619304895401001,-0.7055737280028272
COHFACE_s39_session2_natural,3,26,3.8666666666666667,0.5466992259025574,-0.7359677770731083
COHFACE_s39_session2_natural,3,27,3.9,0.4692894220352173,-0.703209643417417
COHFACE_s39_session2_natural,3,28,3.933333333333333,0.4276380240917206,-0.6247281951206506
COHFACE_s39_session2_natural,3,29,3.966666666666667,0.44198620319366455,-0.5183903916049681
COHFACE_s39_session2_natural,3,30,4.0,0.442194402217865,-0.4014710673377701
COHFACE_s39_session2_natural,3,31,4.033333333333333,0.3744247853755951,-0.28880938561898634
COHFACE_s39_session2_natural,3,32,4.066666666666666,0.2503833770751953,-0.1900128957580946
COHFACE_s39_session2_natural,3,33,4.1,0.11268234997987747,-0.10729091379151778
COHFACE_s39_session2_natural,3,34,4.133333333333334,-0.007035390008240938,-0.03607037657008394
COHFACE_s39_session2_natural,3,35,4.166666666666667,-0.11147614568471909,0.030806748638953333
COHFACE_s39_session2_natural,3,36,4.2,-0.20116837322711945,0.09713338831314818
COHFACE_s39_session2_natural,3,37,4.233333333333333,-0.2680251896381378,0.15912991434036994
COHFACE_s39_session2_natural,3,38,4.266666666666667,-0.33204761147499084,0.2055303591001385
COHFACE_s39_session2_natural,3,39,4.3,-0.3921787142753601,0.22186304839154314
COHFACE_s39_session2_natural,3,40,4.333333333333333,-0.4444791376590729,0.19654147109321965
COHFACE_s39_session2_natural,3,41,4.366666666666666,-0.4945216774940491,0.12588177438748968
COHFACE_s39_session2_natural,3,42,4.4,-0.5519144535064697,0.01644900630052391
COHFACE_s39_session2_natural,3,43,4.433333333333334,-0.6123178005218506,-0.11542711421416058
COHFACE_s39_session2_natural,3,44,4.466666666666667,-0.6604386568069458,-0.24670359042110074
COHFACE_s39_session2_natural,3,45,4.5,-0.6994958519935608,-0.3524532378546083
COHFACE_s39_session2_natural,3,46,4.533333333333333,-0.7369837164878845,-0.41037419335249786
COHFACE_s39_session2_natural,3,47,4.566666666666666,-0.7742634415626526,-0.4030625535903266
COHFACE_s39_session2_natural,3,48,4.6,-0.7976913452148438,-0.3189452172708042
COHFACE_s39_session2_natural,3,49,4.633333333333334,-0.6303971409797668,-0.154603670230441
COHFACE_s39_session2_natural,3,50,4.666666666666667,0.005022857803851366,0.08095213348398936
COHFACE_s39_session2_natural,3,51,4.7,0.7842450737953186,0.362968571528057
COHFACE_s39_session2_natural,3,52,4.733333333333333,1.162102222442627,0.652213812318732
COHFACE_s39_session2_natural,3,53,4.766666666666667,1.1493233442306519,0.9019788838287591
COHFACE_s39_session2_natural,3,54,4.8,1.0348260402679443,1.0684929741224325
COHFACE_s39_session2_natural,3,55,4.833333333333333,0.9824935793876648,1.1206512372078938
COHFACE_s39_session2_natural,3,56,4.866666666666666,0.9353495240211487,1.0460595729682989
COHFACE_s39_session2_natural,3,57,4.9,0.8248395919799805,0.8526364819283142
COHFACE_s39_session2_natural,3,58,4.933333333333334,0.7270925045013428,0.5662200624106704
COHFACE_s39_session2_natural,3,59,4.966666666666667,0.6980918645858765,0.22487920114598856
COHFACE_s39_session2_natural,3,60,5.0,0.6612605452537537,-0.12897338816304182
COHFACE_s39_session2_natural,3,61,5.033333333333333,0.5720487236976624,-0.45652601421937644
COHFACE_s39_session2_natural,3,62,5.066666666666666,0.43812692165374756,-0.7275415541263043
COHFACE_s39_session2_natural,3,63,5.1,0.2781349718570709,-0.9207470059182098
COHFACE_s39_session2_natural,3,64,5.133333333333334,0.1254452019929886,-1.0218911576824627
COHFACE_s39_session2_natural,3,65,5.166666666666667,0.007825239561498165,-1.023618703596875
COHFACE_s39_session2_natural,3,66,5.2,-0.09091467410326004,-0.9282698644947516
COHFACE_s39_session2_natural,3,67,5.233333333333333,-0.17726005613803864,-0.7506754074533004
COHFACE_s39_session2_natural,3,68,5.266666666666667,-0.24406883120536804,-0.5177492378633517
COHFACE_s39_session2_natural,3,69,5.3,-0.3080592155456543,-0.26438904998449
COHFACE_s39_session2_natural,3,70,5.333333333333333,-0.37850308418273926,-0.027566662866286926
COHFACE_s39_session2_natural,3,71,5.366666666666666,-0.44230130314826965,0.15924424776804533
COHFACE_s39_session2_natural,3,72,5.4,-0.49657142162323,0.2706740007331551
COHFACE_s39_session2_natural,3,73,5.433333333333334,-0.5622592568397522,0.293699861154193
COHFACE_s39_session2_natural,3,74,5.466666666666667,-0.62652188539505,0.23145448841535024
COHFACE_s39_session2_natural,3,75,5.5,-0.6620240211486816,0.10476004266791406
COHFACE_s39_session2_natural,3,76,5.533333333333333,-0.6989353895187378,-0.051221396554672304
COHFACE_s39_session2_natural,3,77,5.566666666666666,-0.736535370349884,-0.19595681706282297
COHFACE_s39_session2_natural,3,78,5.6,-0.771509051322937,-0.294898608523348
COHFACE_s39_session2_natural,3,79,5.633333333333334,-0.6855640411376953,-0.32754362079132787
COHFACE_s39_session2_natural,3,80,5.666666666666667,-0.10523083806037903,-0.28840776207539814
COHFACE_s39_session2_natural,3,81,5.7,0.7828038334846497,-0.18184000256164418
COHFACE_s39_session2_natural,3,82,5.733333333333333,1.2986022233963013,-0.015477889071673528
COHFACE_s39_session2_natural,3,83,5.766666666666667,1.3106284141540527,0.20249320956183067
COHFACE_s39_session2_natural,3,84,5.8,1.154207468032837,0.4605522351419677
COHFACE_s39_session2_natural,3,85,5.833333333333333,1.0566365718841553,0.7383561981702745
COHFACE_s39_session2_natural,3,86,5.866666666666666,0.9860485792160034,1.0036858330506582
COHFACE_s39_session2_natural,3,87,5.9,0.8676439523696899,1.2154422539015588
COHFACE_s39_session2_natural,3,88,5.933333333333334,0.7649006247520447,1.332093564221658
COHFACE_s39_session2_natural,3,89,5.966666666666667,0.717964768409729,1.3216491886698563
COHFACE_s39_session2_natural,3,90,6.0,0.670628547668457,1.169379356832919
COHFACE_s39_session2_natural,3,91,6.033333333333333,0.5809683203697205,0.8815195312581646
COHFACE_s39_session2_natural,3,92,6.066666666666666,0.44816747307777405,0.48454965278463497
COHFACE_s39_session2_natural,3,93,6.1,0.27861538529396057,0.02025225591872986
COHFACE_s39_session2_natural,3,94,6.133333333333334,0.11537263542413712,-0.46237981734161676
COHFACE_s39_session2_natural,3,95,6.166666666666667,-0.025162795558571815,-0.9160797335245856
COHFACE_s39_session2_natural,3,96,6.2,-0.15701885521411896,-1.3019611232726365
COHFACE_s39_session2_natural,3,97,6.233333333333333,-0.26219624280929565,-1.5916319971796826
COHFACE_s39_session2_natural,3,98,6.266666666666667,-0.3480291962623596,-1.7652546081038436
COHFACE_s39_session2_natural,3,99,6.3,-0.4048134386539459,-1.8085904681672964
COHFACE_s39_session2_natural,3,100,6.333333333333333,-0.4591315984725952,-1.7123050215485074
COHFACE_s39_session2_natural,3,101,6.366666666666666,-0.518894374370575,-1.4748012872594947
COHFACE_s39_session2_natural,3,102,6.4,-0.5761750936508179,-1.1071797064402167
COHFACE_s39_session2_natural,3,103,6.433333333333334,-0.6405817866325378,-0.6373986372688475
COHFACE_s39_session2_natural,3,104,6.466666666666667,-0.7033551335334778,-0.11112884939619945
COHFACE_s39_session2_natural,3,105,6.5,-0.7605077028274536,0.411924177741118
COHFACE_s39_session2_natural,3,106,6.533333333333333,-0.8003976345062256,0.8664809852445984
COHFACE_s39_session2_natural,3,107,6.566666666666666,-0.8415045738220215,1.1940333260993423
COHFACE_s39_session2_natural,3,108,6.6,-0.8254589438438416,1.3563244050395533
COHFACE_s39_session2_natural,3,109,6.633333333333334,-0.44321408867836,1.3457268827617206
COHFACE_s39_session2_natural,3,110,6.666666666666667,0.4086458683013916,1.1884227478250926
COHFACE_s39_session2_natural,3,111,6.7,1.1298987865447998,0.9379785576322489
COHFACE_s39_session2_natural,3,112,6.733333333333333,1.2881293296813965,0.659700356610776
COHFACE_s39_session2_natural,3,113,6.766666666666667,1.1379536390304565,0.4102294202209735
COHFACE_s39_session2_natural,3,114,6.8,0.9813566207885742,0.22088315861817218
COHFACE_s39_session2_natural,3,115,6.833333333333333,0.8725601434707642,0.09296385729014134
COHFACE_s39_session2_natural,3,116,6.866666666666666,0.7538031935691833,0.0067317531590983075
COHFACE_s39_session2_natural,3,117,6.9,0.6493464112281799,-0.062007252271291606
COHFACE_s39_session2_natural,3,118,6.933333333333334,0.6123389601707458,-0.12675726444405064
COHFACE_s39_session2_natural,3,119,6.966666666666667,0.6113301515579224,-0.18343975147183245
COHFACE_s39_session2_natural,3,120,7.0,0.5634974837303162,-0.2137504170644695
COHFACE_s39_session2_natural,3,121,7.033333333333333,0.43016818165779114,-0.19596471636269025
COHFACE_s39_session2_natural,3,122,7.066666666666666,0.26556429266929626,-0.11749220109409986
COHFACE_s39_session2_natural,3,123,7.1,0.10201729089021683,0.01650379472839683
COHFACE_s39_session2_natural,3,124,7.133333333333334,-0.04136856645345688,0.18154480116202945
COHFACE_s39_session2_natural,3,125,7.166666666666667,-0.1559939831495285,0.33921970927082
COHFACE_s39_session2_natural,3,126,7.2,-0.2453659325838089,0.4472243601881026
COHFACE_s39_session2_natural,3,127,7.233333333333333,-0.31169429421424866,0.4708227953900563
COHFACE_s39_session2_natural,3,128,7.266666666666667,-0.3633061647415161,0.39227732480240024
COHFACE_s39_session2_natural,3,129,7.3,-0.41081854701042175,0.21530989013897378
COHFACE_s39_session2_natural,3,130,7.333333333333333,-0.4654569923877716,-0.03684695472515
COHFACE_s39_session2_natural,3,131,7.366666666666666,-0.5284385085105896,-0.32875175647112975
COHFACE_s39_session2_natural,3,132,7.4,-0.5831409692764282,-0.6217695170286783
COHFACE_s39_session2_natural,3,133,7.433333333333334,-0.6294683814048767,-0.8806942837799736
COHFACE_s39_session2_natural,3,134,7.466666666666667,-0.6787422299385071,-1.0764465210167442
COHFACE_s39_session2_natural,3,135,7.5,-0.7391295433044434,-1.1864811531199566
COHFACE_s39_session2_natural,3,136,7.533333333333333,-0.6868290901184082,-1.195482592041629
COHFACE_s39_session2_natural,3,137,7.566666666666666,-0.14510472118854523,-1.0975657779276775
COHFACE_s39_session2_natural,3,138,7.6,0.7783360481262207,-0.8991398574160745
COHFACE_s39_session2_natural,3,139,7.633333333333334,1.377901554107666,-0.6203539166054399
COHFACE_s39_session2_natural,3,140,7.666666666666667,1.431034803390503,-0.29339271281993695
COHFACE_s39_session2_natural,3,141,7.7,1.2494244575500488,0.04257357004023893
COHFACE_s39_session2_natural,3,142,7.733333333333333,1.0988965034484863,0.34833772111143746
COHFACE_s39_session2_natural,3,143,7.766666666666667,0.9790025949478149,0.5913555688473673
COHFACE_s39_session2_natural,3,144,7.8,0.8217649459838867,0.7506396044419515
COHFACE_s39_session2_natural,3,145,7.833333333333333,0.735083281993866,0.8193819165377884
COHFACE_s39_session2_natural,3,146,7.866666666666666,0.7368768453598022,0.8054087261897085
COHFACE_s39_session2_natural,3,147,7.9,0.7379336953163147,0.7292686293012645
COHFACE_s39_session2_natural,3,148,7.933333333333334,0.6554956436157227,0.6192355762074525
COHFACE_s39_session2_natural,3,149,7.966666666666667,0.49945905804634094,0.5032552573418715
COHFACE_s39_session2_natural,3,150,8.0,0.3110429346561432,0.400257863921471
COHFACE_s39_session2_natural,3,151,8.033333333333333,0.14184314012527466,0.31506807484732247
COHFACE_s39_session2_natural,3,152,8.066666666666666,0.010579580441117287,0.24007381140531112
COHFACE_s39_session2_natural,3,153,8.1,-0.09860120713710785,0.16317704258769408
COHFACE_s39_session2_natural,3,154,8.133333333333333,-0.173721045255661,0.07764264377061228
COHFACE_s39_session2_natural,3,155,8.166666666666666,-0.23374006152153015,-0.01180699449037524
COHFACE_s39_session2_natural,3,156,8.2,-0.28653693199157715,-0.0897479463466121
COHFACE_s39_session2_natural,3,157,8.233333333333333,-0.33507418632507324,-0.13662450254788827
COHFACE_s39_session2_natural,3,158,8.266666666666667,-0.38221824169158936,-0.13742640178490642
COHFACE_s39_session2_natural,3,159,8.3,-0.43310949206352234,-0.08851369036197333
COHFACE_s39_session2_natural,3,160,8.333333333333334,-0.5106953978538513,-0.00012732175050891251
COHFACE_s39_session2_natural,3,161,8.366666666666667,-0.5956956744194031,0.10584508080502039
COHFACE_s39_session2_natural,3,162,8.4,-0.5175172090530396,0.2017259903126741
COHFACE_s39_session2_natural,3,163,8.433333333333334,0.10161694884300232,0.26155192337161065
COHFACE_s39_session2_natural,3,164,8.466666666666667,1.0613446235656738,0.2679334655622887
COHFACE_s39_session2_natural,3,165,8.5,1.6105473041534424,0.2161876561084698
COHFACE_s39_session2_natural,3,166,8.533333333333333,1.5989373922348022,0.11449631854762914
COHFACE_s39_session2_natural,3,167,8.566666666666666,1.3869813680648804,-0.019618265195181065
COHFACE_s39_session2_natural,3,168,8.6,1.2212724685668945,-0.16448553224202891
COHFACE_s39_session2_natural,3,169,8.633333333333333,1.0957098007202148,-0.2986408739651971
COHFACE_s39_session2_natural,3,170,8.666666666666666,0.9395771026611328,-0.40325765393403357
COHFACE_s39_session2_natural,3,171,8.7,0.8204678893089294,-0.4634627677918001
COHFACE_s39_session2_natural,3,172,8.733333333333333,0.7888410091400146,-0.4699325563568163
COHFACE_s39_session2_natural,3,173,8.766666666666667,0.7480703592300415,-0.42128471079008645
COHFACE_s39_session2_natural,3,174,8.8,0.6361352205276489,-0.326333819267347
COHFACE_s39_session2_natural,3,175,8.833333333333334,0.46453335881233215,-0.2043168832388004
COHFACE_s39_session2_natural,3,176,8.866666666666667,0.2616409361362457,-0.08152360065917467
COHFACE_s39_session2_natural,3,177,8.9,0.07982242852449417,0.015383333858837864
COHFACE_s39_session2_natural,3,178,8.933333333333334,-0.05196957662701607,0.066658872702059
COHFACE_s39_session2_natural,3,179,8.966666666666667,-0.14907610416412354,0.06400238531850279
COHFACE_s39_session2_natural,3,180,9.0,-0.23686270415782928,0.01107484039770251
COHFACE_s39_session2_natural,3,181,9.033333333333333,-0.3170108199119568,-0.0785883619911629
COHFACE_s39_session2_natural,3,182,9.066666666666666,-0.3846362829208374,-0.1843252464746532
COHFACE_s39_session2_natural,3,183,9.1,-0.45040419697761536,-0.28124753059752444
COHFACE_s39_session2_natural,3,184,9.133333333333333,-0.5003506541252136,-0.34430488557828093
COHFACE_s39_session2_natural,3,185,9.166666666666666,-0.5507294535636902,-0.35422741175630157
COHFACE_s39_session2_natural,3,186,9.2,-0.6183549165725708,-0.3037310926156662
COHFACE_s39_session2_natural,3,187,9.233333333333333,-0.6752032041549683,-0.200476864526974
COHFACE_s39_session2_natural,3,188,9.266666666666667,-0.4863547384738922,-0.06423126924805846
COHFACE_s39_session2_natural,3,189,9.3,0.32675227522850037,0.08090959476623834
COHFACE_s39_session2_natural,3,190,9.333333333333334,1.322142243385315,0.2149615747924768
COHFACE_s39_session2_natural,3,191,9.366666666666667,1.7588013410568237,0.3264333701468242
COHFACE_s39_session2_natural,3,192,9.4,1.6840977668762207,0.41126610439567757
COHFACE_s39_session2_natural,3,193,9.433333333333334,1.5012223720550537,0.46903288777760616
COHFACE_s39_session2_natural,3,194,9.466666666666667,1.3985111713409424,0.5003271147380042
COHFACE_s39_session2_natural,3,195,9.5,1.29587984085083,0.5070991209715139
COHFACE_s39_session2_natural,3,196,9.533333333333333,1.106022596359253,0.4942385723701107
COHFACE_s39_session2_natural,3,197,9.566666666666666,0.9208091497421265,0.46925415780608
COHFACE_s39_session2_natural,3,198,9.6,0.8276739716529846,0.43901218638921713
COHFACE_s39_session2_natural,3,199,9.633333333333333,0.7686638236045837,0.405677703605589
COHFACE_s39_session2_natural,3,200,9.666666666666666,0.6450067758560181,0.3649725390186603
COHFACE_s39_session2_natural,3,201,9.7,0.46107444167137146,0.3080747971797739
COHFACE_s39_session2_natural,3,202,9.733333333333333,0.24671626091003418,0.22565161310609194
COHFACE_s39_session2_natural,3,203,9.766666666666667,0.0587485171854496,0.11125732280678782
COHFACE_s39_session2_natural,3,204,9.8,-0.0872635692358017,-0.03719274346555877
COHFACE_s39_session2_natural,3,205,9.833333333333334,-0.20763787627220154,-0.21698208401620725
COHFACE_s39_session2_natural,3,206,9.866666666666667,-0.30223026871681213,-0.4198413552935718
COHFACE_s39_session2_natural,3,207,9.9,-0.3942444622516632,-0.6306981119811766
COHFACE_s39_session2_natural,3,208,9.933333333333334,-0.4721826910972595,-0.827035132438982
COHFACE_s39_session2_natural,3,209,9.966666666666667,-0.5491921305656433,-0.9802876056707905
COHFACE_s39_session2_natural,3,210,10.0,-0.6221501231193542,-1.0598542387832257
COHFACE_s39_session2_natural,3,211,10.033333333333333,-0.6977664232254028,-1.039116214558854
COHFACE_s39_session2_natural,3,212,10.066666666666666,-0.7706122994422913,-0.9022040649837368
COHFACE_s39_session2_natural,3,213,10.1,-0.8325689435005188,-0.649955850303995
COHFACE_s39_session2_natural,3,214,10.133333333333333,-0.8894492983818054,-0.30324864166186577
COHFACE_s39_session2_natural,3,215,10.166666666666666,-0.9238465428352356,0.09790685019923112
COHFACE_s39_session2_natural,3,216,10.2,-0.9389793872833252,0.5000389671941327
COHFACE_s39_session2_natural,3,217,10.233333333333333,-0.9506533145904541,0.8456909885080808
COHFACE_s39_session2_natural,3,218,10.266666666666667,-0.9789013266563416,1.084572452919995
COHFACE_s39_session2_natural,3,219,10.3,-0.8933405876159668,1.1837808250062996
COHFACE_s39_session2_natural,3,220,10.333333333333334,-0.22893597185611725,1.1346801493938874
COHFACE_s39_session2_natural,3,221,10.366666666666667,0.9105443954467773,0.9546272211762338
COHFACE_s39_session2_natural,3,222,10.4,1.6404286623001099,0.6826673007324714
COHFACE_s39_session2_natural,3,223,10.433333333333334,1.6742974519729614,0.3699333938219636
COHFACE_s39_session2_natural,3,224,10.466666666666667,1.4540143013000488,0.06760702610533456
COHFACE_s39_session2_natural,3,225,10.5,1.3052479028701782,-0.1835125710669615
COHFACE_s39_session2_natural,3,226,10.533333333333333,1.2155876159667969,-0.3587147051551283
COHFACE_s39_session2_natural,3,227,10.566666666666666,1.0638266801834106,-0.44970351897712757
COHFACE_s39_session2_natural,3,228,10.6,0.8850347399711609,-0.4612946239467729
COHFACE_s39_session2_natural,3,229,10.633333333333333,0.7717064023017883,-0.4071350640037088
COHFACE_s39_session2_natural,3,230,10.666666666666666,0.7029759883880615,-0.30615146230584744
COHFACE_s39_session2_natural,3,231,10.7,0.5997202396392822,-0.17992533253537918
COHFACE_s39_session2_natural,3,232,10.733333333333333,0.42510786652565,-0.050525413793882555
COHFACE_s39_session2_natural,3,233,10.766666666666667,0.21744337677955627,0.061537430092877585
COHFACE_s39_session2_natural,3,234,10.8,0.022269515320658684,0.13929270052841022
COHFACE_s39_session2_natural,3,235,10.833333333333334,-0.1435033679008484,0.17113209546549193
COHFACE_s39_session2_natural,3,236,10.866666666666667,-0.2728773057460785,0.15228836564021844
COHFACE_s39_session2_natural,3,237,10.9,-0.3703201413154602,0.08569512436696226
COHFACE_s39_session2_natural,3,238,10.933333333333334,-0.4529663622379303,-0.018137915711172625
COHFACE_s39_session2_natural,3,239,10.966666666666667,-0.5208640694618225,-0.14248879798793535
COHFACE_s39_session2_natural,4,0,4.0,0.442194402217865,-0.02233658330969758
COHFACE_s39_session2_natural,4,1,4.033333333333333,0.3744247853755951,-0.13998543415676523
COHFACE_s39_session2_natural,4,2,4.066666666666666,0.2503833770751953,-0.25423976620033284
COHFACE_s39_session2_natural,4,3,4.1,0.11268234997987747,-0.3578436536179848
COHFACE_s39_session2_natural,4,4,4.133333333333334,-0.007035390008240938,-0.44176919793011227
COHFACE_s39_session2_natural,4,5,4.166666666666667,-0.11147614568471909,-0.4978853879872317
COHFACE_s39_session2_natural,4,6,4.2,-0.20116837322711945,-0.5225334017970071
COHFACE_s39_session2_natural,4,7,4.233333333333333,-0.2680251896381378,-0.5184955381250055
COHFACE_s39_session2_natural,4,8,4.266666666666667,-0.33204761147499084,-0.4940378680543305
COHFACE_s39_session2_natural,4,9,4.3,-0.3921787142753601,-0.45973541767644727
COHFACE_s39_session2_natural,4,10,4.333333333333333,-0.4444791376590729,-0.42486799014770077
COHFACE_s39_session2_natural,4,11,4.366666666666666,-0.4945216774940491,-0.3948789748520315
COHFACE_s39_session2_natural,4,12,4.4,-0.5519144535064697,-0.3703784258060363
COHFACE_s39_session2_natural,4,13,4.433333333333334,-0.6123178005218506,-0.3474909840784821
COHFACE_s39_session2_natural,4,14,4.466666666666667,-0.6604386568069458,-0.3193486364781404
COHFACE_s39_session2_natural,4,15,4.5,-0.6994958519935608,-0.2781177216877723
COHFACE_s39_session2_natural,4,16,4.533333333333333,-0.7369837164878845,-0.21588547707427713
COHFACE_s39_session2_natural,4,17,4.566666666666666,-0.7742634415626526,-0.12349583180729069
COHFACE_s39_session2_natural,4,18,4.6,-0.7976913452148438,0.010162571892313064
COHFACE_s39_session2_natural,4,19,4.633333333333334,-0.6303971409797668,0.1943951615819505
COHFACE_s39_session2_natural,4,20,4.666666666666667,0.005022857803851366,0.42823754238837686
COHFACE_s39_session2_natural,4,21,4.7,0.7842450737953186,0.6923435301646784
COHFACE_s39_session2_natural,4,22,4.733333333333333,1.162102222442627,0.9475792274148752
COHFACE_s39_session2_natural,4,23,4.766666666666667,1.1493233442306519,1.1431520385425558
COHFACE_s39_session2_natural,4,24,4.8,1.0348260402679443,1.2315028902033953
COHFACE_s39_session2_natural,4,25,4.833333333333333,0.9824935793876648,1.1834279054206147
COHFACE_s39_session2_natural,4,26,4.866666666666666,0.9353495240211487,0.9973157160582068
COHFACE_s39_session2_natural,4,27,4.9,0.8248395919799805,0.6996547611240729
COHFACE_s39_session2_natural,4,28,4.933333333333334,0.7270925045013428,0.3374463752322098
COHFACE_s39_session2_natural,4,29,4.966666666666667,0.6980918645858765,-0.03433964093446632
COHFACE_s39_session2_natural,4,30,5.0,0.6612605452537537,-0.36587588067120774
COHFACE_s39_session2_natural,4,31,5.033333333333333,0.5720487236976624,-0.6219950552997232
COHFACE_s39_session2_natural,4,32,5.066666666666666,0.43812692165374756,-0.7856899033078079
COHFACE_s39_session2_natural,4,33,5.1,0.2781349718570709,-0.8559514983562184
COHFACE_s39_session2_natural,4,34,5.133333333333334,0.1254452019929886,-0.8429005764553054
COHFACE_s39_session2_natural,4,35,5.166666666666667,0.007825239561498165,-0.7635743686251844
COHFACE_s39_session2_natural,4,36,5.2,-0.09091467410326004,-0.6393818790197844
COHFACE_s39_session2_natural,4,37,5.233333333333333,-0.17726005613803864,-0.49370290155160307
COHFACE_s39_session2_natural,4,38,5.266666666666667,-0.24406883120536804,-0.3480732539942909
COHFACE_s39_session2_natural,4,39,5.3,-0.3080592155456543,-0.21763382547144094
COHFACE_s39_session2_natural,4,40,5.333333333333333,-0.37850308418273926,-0.10873144967114844
COHFACE_s39_session2_natural,4,41,5.366666666666666,-0.44230130314826965,-0.021121545520326798
COHFACE_s39_session2_natural,4,42,5.4,-0.49657142162323,0.04630754945534495
COHFACE_s39_session2_natural,4,43,5.433333333333334,-0.5622592568397522,0.09061133673398158
COHFACE_s39_session2_natural,4,44,5.466666666666667,-0.62652188539505,0.10456983509241588
COHFACE_s39_session2_natural,4,45,5.5,-0.6620240211486816,0.08147988639882583
COHFACE_s39_session2_natural,4,46,5.533333333333333,-0.6989353895187378,0.02146856191162217
COHFACE_s39_session2_natural,4,47,5.566666666666666,-0.736535370349884,-0.06505820315613109
COHFACE_s39_session2_natural,4,48,5.6,-0.771509051322937,-0.15843732009485348
COHFACE_s39_session2_natural,4,49,5.633333333333334,-0.6855640411376953,-0.23349608964923738
COHFACE_s39_session2_natural,4,50,5.666666666666667,-0.10523083806037903,-0.2636240510126911
COHFACE_s39_session2_natural,4,51,5.7,0.7828038334846497,-0.22448476547719304
COHFACE_s39_session2_natural,4,52,5.733333333333333,1.2986022233963013,-0.09846133366041565
COHFACE_s39_session2_natural,4,53,5.766666666666667,1.3106284141540527,0.11915045397563968
COHFACE_s39_session2_natural,4,54,5.8,1.154207468032837,0.4134238675623112
COHFACE_s39_session2_natural,4,55,5.833333333333333,1.0566365718841553,0.7462890994231455
COHFACE_s39_session2_natural,4,56,5.866666666666666,0.9860485792160034,1.060305619963455
COHFACE_s39_session2_natural,4,57,5.9,0.8676439523696899,1.2909031295124607
COHFACE_s39_session2_natural,4,58,5.933333333333334,0.7649006247520447,1.383382086385685
COHFACE_s39_session2_natural,4,59,5.966666666666667,0.717964768409729,1.3077272819518997
COHFACE_s39_session2_natural,4,60,6.0,0.670628547668457,1.0654403864168684
COHFACE_s39_session2_natural,4,61,6.033333333333333,0.5809683203697205,0.6869198456791812
COHFACE_s39_session2_natural,4,62,6.066666666666666,0.44816747307777405,0.222172658251861
COHFACE_s39_session2_natural,4,63,6.1,0.27861538529396057,-0.2707686517234277
COHFACE_s39_session2_natural,4,64,6.133333333333334,0.11537263542413712,-0.7366963238341417
COHFACE_s39_session2_natural,4,65,6.166666666666667,-0.025162795558571815,-1.1317826511768874
COHFACE_s39_session2_natural,4,66,6.2,-0.15701885521411896,-1.4279452957449439
COHFACE_s39_session2_natural,4,67,6.233333333333333,-0.26219624280929565,-1.6114528817775509
COHFACE_s39_session2_natural,4,68,6.266666666666667,-0.3480291962623596,-1.6772723798991958
COHFACE_s39_session2_natural,4,69,6.3,-0.4048134386539459,-1.623572539555011
COHFACE_s39_session2_natural,4,70,6.333333333333333,-0.4591315984725952,-1.4501787069850012
COHFACE_s39_session2_natural,4,71,6.366666666666666,-0.518894374370575,-1.1615766043808609
COHFACE_s39_session2_natural,4,72,6.4,-0.5761750936508179,-0.7721432945743332
COHFACE_s39_session2_natural,4,73,6.433333333333334,-0.6405817866325378,-0.31025573204372514
COHFACE_s39_session2_natural,4,74,6.466666666666667,-0.7033551335334778,0.18116818525130646
COHFACE_s39_session2_natural,4,75,6.5,-0.7605077028274536,0.6485356599411825
COHFACE_s39_session2_natural,4,76,6.533333333333333,-0.8003976345062256,1.0355031442398792
COHFACE_s39_session2_natural,4,77,6.566666666666666,-0.8415045738220215,1.2935996970934565
COHFACE_s39_session2_natural,4,78,6.6,-0.8254589438438416,1.3929811088835613
COHFACE_s39_session2_natural,4,79,6.633333333333334,-0.44321408867836,1.3300872840357505
COHFACE_s39_session2_natural,4,80,6.666666666666667,0.4086458683013916,1.1295924747757191
COHFACE_s39_session2_natural,4,81,6.7,1.1298987865447998,0.8394221028862054
COHFACE_s39_session2_natural,4,82,6.733333333333333,1.2881293296813965,0.5192275594235135
COHFACE_s39_session2_natural,4,83,6.766666666666667,1.1379536390304565,0.22513501546432743
COHFACE_s39_session2_natural,4,84,6.8,0.9813566207885742,-0.00363705937532933
COHFACE_s39_session2_natural,4,85,6.833333333333333,0.8725601434707642,-0.15071299736473834
COHFACE_s39_session2_natural,4,86,6.866666666666666,0.7538031935691833,-0.2198150043345728
COHFACE_s39_session2_natural,4,87,6.9,0.6493464112281799,-0.2269337585476501
COHFACE_s39_session2_natural,4,88,6.933333333333334,0.6123389601707458,-0.19215557227101498
COHFACE_s39_session2_natural,4,89,6.966666666666667,0.6113301515579224,-0.1340451303315972
COHFACE_s39_session2_natural,4,90,7.0,0.5634974837303162,-0.06728556177472941
COHFACE_s39_session2_natural,4,91,7.033333333333333,0.43016818165779114,-0.0026740330614081105
COHFACE_s39_session2_natural,4,92,7.066666666666666,0.26556429266929626,0.05227688730594475
COHFACE_s39_session2_natural,4,93,7.1,0.10201729089021683,0.09334221298626205
COHFACE_s39_session2_natural,4,94,7.133333333333334,-0.04136856645345688,0.11966240988947902
COHFACE_s39_session2_natural,4,95,7.166666666666667,-0.1559939831495285,0.13243936327832714
COHFACE_s39_session2_natural,4,96,7.2,-0.2453659325838089,0.13203580421635158
COHFACE_s39_session2_natural,4,97,7.233333333333333,-0.31169429421424866,0.11515877810100515
COHFACE_s39_session2_natural,4,98,7.266666666666667,-0.3633061647415161,0.07422865821701607
COHFACE_s39_session2_natural,4,99,7.3,-0.41081854701042175,-0.00023778655348488534
COHFACE_s39_session2_natural,4,100,7.333333333333333,-0.4654569923877716,-0.11523208831293624
COHFACE_s39_session2_natural,4,101,7.366666666666666,-0.5284385085105896,-0.2708296832680877
COHFACE_s39_session2_natural,4,102,7.4,-0.5831409692764282,-0.4572706465048022
COHFACE_s39_session2_natural,4,103,7.433333333333334,-0.6294683814048767,-0.654194392039687
COHFACE_s39_session2_natural,4,104,7.466666666666667,-0.6787422299385071,-0.8324028823653671
COHFACE_s39_session2_natural,4,105,7.5,-0.7391295433044434,-0.9584679183424292
COHFACE_s39_session2_natural,4,106,7.533333333333333,-0.6868290901184082,-1.0018409318241455
COHFACE_s39_session2_natural,4,107,7.566666666666666,-0.14510472118854523,-0.9428635620422032
COHFACE_s39_session2_natural,4,108,7.6,0.7783360481262207,-0.7789578314372441
COHFACE_s39_session2_natural,4,109,7.633333333333334,1.377901554107666,-0.5263903347031706
COHFACE_s39_session2_natural,4,110,7.666666666666667,1.431034803390503,-0.21677540662838438
COHFACE_s39_session2_natural,4,111,7.7,1.2494244575500488,0.11015555751827764
COHFACE_s39_session2_natural,4,112,7.733333333333333,1.0988965034484863,0.41456883293329433
COHFACE_s39_session2_natural,4,113,7.766666666666667,0.9790025949478149,0.6626952357386637
COHFACE_s39_session2_natural,4,114,7.8,0.8217649459838867,0.8302662733358253
COHFACE_s39_session2_natural,4,115,7.833333333333333,0.735083281993866,0.9041120062645934
COHFACE_s39_session2_natural,4,116,7.866666666666666,0.7368768453598022,0.8832418576552529
COHFACE_s39_session2_natural,4,117,7.9,0.7379336953163147,0.779573617250847
COHFACE_s39_session2_natural,4,118,7.933333333333334,0.6554956436157227,0.6168201653020341
COHFACE_s39_session2_natural,4,119,7.966666666666667,0.49945905804634094,0.4259519115006625
COHFACE_s39_session2_natural,4,120,8.0,0.3110429346561432,0.23791936073457018
COHFACE_s39_session2_natural,4,121,8.033333333333333,0.14184314012527466,0.0767247686408332
COHFACE_s39_session2_natural,4,122,8.066666666666666,0.010579580441117287,-0.04403367757254313
COHFACE_s39_session2_natural,4,123,8.1,-0.09860120713710785,-0.12028572776572316
COHFACE_s39_session2_natural,4,124,8.133333333333333,-0.173721045255661,-0.15413093313453927
COHFACE_s39_session2_natural,4,125,8.166666666666666,-0.23374006152153015,-0.15085900239981573
COHFACE_s39_session2_natural,4,126,8.2,-0.28653693199157715,-0.1177512477882299
COHFACE_s39_session2_natural,4,127,8.233333333333333,-0.33507418632507324,-0.06386408304344814
COHFACE_s39_session2_natural,4,128,8.266666666666667,-0.38221824169158936,0.0007829591155213656
COHFACE_s39_session2_natural,4,129,8.3,-0.43310949206352234,0.06714179595690324
COHFACE_s39_session2_natural,4,130,8.333333333333334,-0.5106953978538513,0.1289870250026782
COHFACE_s39_session2_natural,4,131,8.366666666666667,-0.5956956744194031,0.182923825711339
COHFACE_s39_session2_natural,4,132,8.4,-0.5175172090530396,0.22625420341234365
COHFACE_s39_session2_natural,4,133,8.433333333333334,0.10161694884300232,0.25436849534418776
COHFACE_s39_session2_natural,4,134,8.466666666666667,1.0613446235656738,0.2598444340432515
COHFACE_s39_session2_natural,4,135,8.5,1.6105473041534424,0.23419498421909837
COHFACE_s39_session2_natural,4,136,8.533333333333333,1.5989373922348022,0.1712879798817841
COHFACE_s39_session2_natural,4,137,8.566666666666666,1.3869813680648804,0.07052561180493568
COHFACE_s39_session2_natural,4,138,8.6,1.2212724685668945,-0.06136441622056092
COHFACE_s39_session2_natural,4,139,8.633333333333333,1.0957098007202148,-0.20997192123691483
COHFACE_s39_session2_natural,4,140,8.666666666666666,0.9395771026611328,-0.3542950582389292
COHFACE_s39_session2_natural,4,141,8.7,0.8204678893089294,-0.4697748137141677
COHFACE_s39_session2_natural,4,142,8.733333333333333,0.7888410091400146,-0.5335669133312646
COHFACE_s39_session2_natural,4,143,8.766666666666667,0.7480703592300415,-0.5312241852145594
COHFACE_s39_session2_natural,4,144,8.8,0.6361352205276489,-0.4625641771393526
COHFACE_s39_session2_natural,4,145,8.833333333333334,0.46453335881233215,-0.3438782146290641
COHFACE_s39_session2_natural,4,146,8.866666666666667,0.2616409361362457,-0.20458972661900499
COHFACE_s39_session2_natural,4,147,8.9,0.07982242852449417,-0.07888272750158509
COHFACE_s39_session2_natural,4,148,8.933333333333334,-0.05196957662701607,0.004482266735661844
COHFACE_s39_session2_natural,4,149,8.966666666666667,-0.14907610416412354,0.02997721756991094
COHFACE_s39_session2_natural,4,150,9.0,-0.23686270415782928,-0.0017631457241937898
COHFACE_s39_session2_natural,4,151,9.033333333333333,-0.3170108199119568,-0.07574002902290855
COHFACE_s39_session2_natural,4,152,9.066666666666666,-0.3846362829208374,-0.1674788070552527
COHFACE_s39_session2_natural,4,153,9.1,-0.45040419697761536,-0.2493302438187929
COHFACE_s39_session2_natural,4,154,9.133333333333333,-0.5003506541252136,-0.2970231096902587
COHFACE_s39_session2_natural,4,155,9.166666666666666,-0.5507294535636902,-0.2954105693344985
COHFACE_s39_session2_natural,4,156,9.2,-0.6183549165725708,-0.2418684922254703
COHFACE_s39_session2_natural,4,157,9.233333333333333,-0.6752032041549683,-0.1458074694805277
COHFACE_s39_session2_natural,4,158,9.266666666666667,-0.4863547384738922,-0.024149812952753896
COHFACE_s39_session2_natural,4,159,9.3,0.32675227522850037,0.10527725549876484
COHFACE_s39_session2_natural,4,160,9.333333333333334,1.322142243385315,0.22916469418560828
COHFACE_s39_session2_natural,4,161,9.366666666666667,1.7588013410568237,0.3403587361450994
COHFACE_s39_session2_natural,4,162,9.4,1.6840977668762207,0.435672955444229
COHFACE_s39_session2_natural,4,163,9.433333333333334,1.5012223720550537,0.5124065669513754
COHFACE_s39_session2_natural,4,164,9.466666666666667,1.3985111713409424,0.5666612488815638
COHFACE_s39_session2_natural,4,165,9.5,1.29587984085083,0.5947056587986069
COHFACE_s39_session2_natural,4,166,9.533333333333333,1.106022596359253,0.5957474072568154
COHFACE_s39_session2_natural,4,167,9.566666666666666,0.9208091497421265,0.5731107436073329
COHFACE_s39_session2_natural,4,168,9.6,0.8276739716529846,0.5323844079037557
COHFACE_s39_session2_natural,4,169,9.633333333333333,0.7686638236045837,0.47789058957039343
COHFACE_s39_session2_natural,4,170,9.666666666666666,0.6450067758560181,0.41019401226079066
COHFACE_s39_session2_natural,4,171,9.7,0.46107444167137146,0.32628766481986976
COHFACE_s39_session2_natural,4,172,9.733333333333333,0.24671626091003418,0.22159708583347174
COHFACE_s39_session2_natural,4,173,9.766666666666667,0.0587485171854496,0.0917788940642672
COHFACE_s39_session2_natural,4,174,9.8,-0.0872635692358017,-0.06616220674614254
COHFACE_s39_session2_natural,4,175,9.833333333333334,-0.20763787627220154,-0.25209735509049325
COHFACE_s39_session2_natural,4,176,9.866666666666667,-0.30223026871681213,-0.45957756318436316
COHFACE_s39_session2_natural,4,177,9.9,-0.3942444622516632,-0.6726129592309771
COHFACE_s39_session2_natural,4,178,9.933333333333334,-0.4721826910972595,-0.8651708012085494
COHFACE_s39_session2_natural,4,179,9.966666666666667,-0.5491921305656433,-1.0053134536813735
COHFACE_s39_session2_natural,4,180,10.0,-0.6221501231193542,-1.0632252678619605
COHFACE_s39_session2_natural,4,181,10.033333333333333,-0.6977664232254028,-1.0198673867041503
COHFACE_s39_session2_natural,4,182,10.066666666666666,-0.7706122994422913,-0.8725743628569693
COHFACE_s39_session2_natural,4,183,10.1,-0.8325689435005188,-0.635644145888379
COHFACE_s39_session2_natural,4,184,10.133333333333333,-0.8894492983818054,-0.33657214005777375
COHFACE_s39_session2_natural,4,185,10.166666666666666,-0.9238465428352356,-0.010315327358236988
COHFACE_s39_session2_natural,4,186,10.2,-0.9389793872833252,0.30613173642022057
COHFACE_s39_session2_natural,4,187,10.233333333333333,-0.9506533145904541,0.5778691027449757
COHFACE_s39_session2_natural,4,188,10.266666666666667,-0.9789013266563416,0.7751934191148111
COHFACE_s39_session2_natural,4,189,10.3,-0.8933405876159668,0.8764317819510442
COHFACE_s39_session2_natural,4,190,10.333333333333334,-0.22893597185611725,0.8709356756250152
COHFACE_s39_session2_natural,4,191,10.366666666666667,0.9105443954467773,0.7617647870827118
COHFACE_s39_session2_natural,4,192,10.4,1.6404286623001099,0.5667324336465628
COHFACE_s39_session2_natural,4,193,10.433333333333334,1.6742974519729614,0.31646046366294683
COHFACE_s39_session2_natural,4,194,10.466666666666667,1.4540143013000488,0.04921722427607778
COHFACE_s39_session2_natural,4,195,10.5,1.3052479028701782,-0.1960813937270893
COHFACE_s39_session2_natural,4,196,10.533333333333333,1.2155876159667969,-0.38636270834645264
COHFACE_s39_session2_natural,4,197,10.566666666666666,1.0638266801834106,-0.49856399702113174
COHFACE_s39_session2_natural,4,198,10.6,0.8850347399711609,-0.5214116136447935
COHFACE_s39_session2_natural,4,199,10.633333333333333,0.7717064023017883,-0.45590160442809996
COHFACE_s39_session2_natural,4,200,10.666666666666666,0.7029759883880615,-0.31493594887682436
COHFACE_s39_session2_natural,4,201,10.7,0.5997202396392822,-0.12149973062723642
COHFACE_s39_session2_natural,4,202,10.733333333333333,0.42510786652565,0.09505834632496626
COHFACE_s39_session2_natural,4,203,10.766666666666667,0.21744337677955627,0.3039940310424111
COHFACE_s39_session2_natural,4,204,10.8,0.022269515320658684,0.4779705335879438
COHFACE_s39_session2_natural,4,205,10.833333333333334,-0.1435033679008484,0.5964534951618252
COHFACE_s39_session2_natural,4,206,10.866666666666667,-0.2728773057460785,0.6473576412448315
COHFACE_s39_session2_natural,4,207,10.9,-0.3703201413154602,0.627337515615739
COHFACE_s39_session2_natural,4,208,10.933333333333334,-0.4529663622379303,0.5410829741996824
COHFACE_s39_session2_natural,4,209,10.966666666666667,-0.5208640694618225,0.39975432968536645
COHFACE_s39_session2_natural,4,210,11.0,-0.5911638140678406,0.21890984841107541
COHFACE_s39_session2_natural,4,211,11.033333333333333,-0.6559228301048279,0.016532890095382155
COHFACE_s39_session2_natural,4,212,11.066666666666666,-0.7255019545555115,-0.18849943866777047
COHFACE_s39_session2_natural,4,213,11.1,-0.797307014465332,-0.377684251428915
COHFACE_s39_session2_natural,4,214,11.133333333333333,-0.8718183040618896,-0.5342909151912109
COHFACE_s39_session2_natural,4,215,11.166666666666666,-0.9296114444732666,-0.644995763368914
COHFACE_s39_session2_natural,4,216,11.2,-0.9736168384552002,-0.7013059305605757
COHFACE_s39_session2_natural,4,217,11.233333333333333,-1.017510175704956,-0.7000643689772882
COHFACE_s39_session2_natural,4,218,11.266666666666667,-1.0419949293136597,-0.6427495319927016
COHFACE_s39_session2_natural,4,219,11.3,-1.0498576164245605,-0.5341608784400327
COHFACE_s39_session2_natural,4,220,11.333333333333334,-1.0678088665008545,-0.3817547982284805
COHFACE_s39_session2_natural,4,221,11.366666666666667,-1.0833580493927002,-0.19663003364667409
COHFACE_s39_session2_natural,4,222,11.4,-0.7891400456428528,0.00422630751435486
COHFACE_s39_session2_natural,4,223,11.433333333333334,0.14147482812404633,0.19652791728780283
COHFACE_s39_session2_natural,4,224,11.466666666666667,1.1644401550292969,0.3508822394170695
COHFACE_s39_session2_natural,4,225,11.5,1.52695631980896,0.4397899051930498
COHFACE_s39_session2_natural,4,226,11.533333333333333,1.3417108058929443,0.4471906932816945
COHFACE_s39_session2_natural,4,227,11.566666666666666,1.0803366899490356,0.3756462450234119
COHFACE_s39_session2_natural,4,228,11.6,0.9323068857192993,0.246871990525849
COHFACE_s39_session2_natural,4,229,11.633333333333333,0.803013026714325,0.09485326368488983
COHFACE_s39_session2_natural,4,230,11.666666666666666,0.6534138917922974,-0.04515361013390483
COHFACE_s39_session2_natural,4,231,11.7,0.5585492849349976,-0.14658823208358487
COHFACE_s39_session2_natural,4,232,11.733333333333333,0.5155367255210876,-0.19691150043490338
COHFACE_s39_session2_natural,4,233,11.766666666666667,0.45245909690856934,-0.19776481736048077
COHFACE_s39_session2_natural,4,234,11.8,0.31796079874038696,-0.16152724195884266
COHFACE_s39_session2_natural,4,235,11.833333333333334,0.1243242472410202,-0.10616671112194137
COHFACE_s39_session2_natural,4,236,11.866666666666667,-0.07816784083843231,-0.04959203573254857
COHFACE_s39_session2_natural,4,237,11.9,-0.259249746799469,-0.00433976906752452
COHFACE_s39_session2_natural,4,238,11.933333333333334,-0.4066550135612488,0.026040010447309893
COHFACE_s39_session2_natural,4,239,11.966666666666667,-0.5042579770088196,0.047252070873133614
COHFACE_s39_session2_natural,5,0,5.0,0.6612605452537537,0.017028564189850843
COHFACE_s39_session2_natural,5,1,5.033333333333333,0.5720487236976624,-0.13914994076067355
COHFACE_s39_session2_natural,5,2,5.066666666666666,0.43812692165374756,-0.2819162036333515
COHFACE_s39_session2_natural,5,3,5.1,0.2781349718570709,-0.3962777370667087
COHFACE_s39_session2_natural,5,4,5.133333333333334,0.1254452019929886,-0.46694498703198495
COHFACE_s39_session2_natural,5,5,5.166666666666667,0.007825239561498165,-0.4824912792183137
COHFACE_s39_session2_natural,5,6,5.2,-0.09091467410326004,-0.440248151877601
COHFACE_s39_session2_natural,5,7,5.233333333333333,-0.17726005613803864,-0.34825875053762334
COHFACE_s39_session2_natural,5,8,5.266666666666667,-0.24406883120536804,-0.2228837491768609
COHFACE_s39_session2_natural,5,9,5.3,-0.3080592155456543,-0.08402854619784052
COHFACE_s39_session2_natural,5,10,5.333333333333333,-0.37850308418273926,0.04884243525907837
COHFACE_s39_session2_natural,5,11,5.366666666666666,-0.44230130314826965,0.1582361786926763
COHFACE_s39_session2_natural,5,12,5.4,-0.49657142162323,0.22863519398320753
COHFACE_s39_session2_natural,5,13,5.433333333333334,-0.5622592568397522,0.24736952421285938
COHFACE_s39_session2_natural,5,14,5.466666666666667,-0.62652188539505,0.2077826538946282
COHFACE_s39_session2_natural,5,15,5.5,-0.6620240211486816,0.11353669330213208
COHFACE_s39_session2_natural,5,16,5.533333333333333,-0.6989353895187378,-0.019164938318353336
COHFACE_s39_session2_natural,5,17,5.566666666666666,-0.736535370349884,-0.1641194894390425
COHFACE_s39_session2_natural,5,18,5.6,-0.771509051322937,-0.2918190487201187
COHFACE_s39_session2_natural,5,19,5.633333333333334,-0.6855640411376953,-0.37659637176083766
COHFACE_s39_session2_natural,5,20,5.666666666666667,-0.10523083806037903,-0.400549318597029
COHFACE_s39_session2_natural,5,21,5.7,0.7828038334846497,-0.35341125181048855
COHFACE_s39_session2_natural,5,22,5.733333333333333,1.2986022233963013,-0.23078264851195848
COHFACE_s39_session2_natural,5,23,5.766666666666667,1.3106284141540527,-0.03420244959493753
COHFACE_s39_session2_natural,5,24,5.8,1.154207468032837,0.22557849364619048
COHFACE_s39_session2_natural,5,25,5.833333333333333,1.0566365718841553,0.5242804546430887
COHFACE_s39_session2_natural,5,26,5.866666666666666,0.9860485792160034,0.822950477551732
COHFACE_s39_session2_natural,5,27,5.9,0.8676439523696899,1.0729446349612421
COHFACE_s39_session2_natural,5,28,5.933333333333334,0.7649006247520447,1.2260105952014262
COHFACE_s39_session2_natural,5,29,5.966666666666667,0.717964768409729,1.2453085856140915
COHFACE_s39_session2_natural,5,30,6.0,0.670628547668457,1.1136092999297784
COHFACE_s39_session2_natural,5,31,6.033333333333333,0.5809683203697205,0.8371994356069357
COHFACE_s39_session2_natural,5,32,6.066666666666666,0.44816747307777405,0.4454261585235069
COHFACE_s39_session2_natural,5,33,6.1,0.27861538529396057,-0.014014545098369689
COHFACE_s39_session2_natural,5,34,6.133333333333334,0.11537263542413712,-0.48380530999285176
COHFACE_s39_session2_natural,5,35,6.166666666666667,-0.025162795558571815,-0.9083071188012151
COHFACE_s39_session2_natural,5,36,6.2,-0.15701885521411896,-1.2439699327857119
COHFACE_s39_session2_natural,5,37,6.233333333333333,-0.26219624280929565,-1.4648365541190658
COHFACE_s39_session2_natural,5,38,6.266666666666667,-0.3480291962623596,-1.5615581491354487
COHFACE_s39_session2_natural,5,39,6.3,-0.4048134386539459,-1.5360118196863322
COHFACE_s39_session2_natural,5,40,6.333333333333333,-0.4591315984725952,-1.3956995936240684
COHFACE_s39_session2_natural,5,41,6.366666666666666,-0.518894374370575,-1.1513851191924216
COHFACE_s39_session2_natural,5,42,6.4,-0.5761750936508179,-0.8185747323639115
COHFACE_s39_session2_natural,5,43,6.433333333333334,-0.6405817866325378,-0.4206916820465279
COHFACE_s39_session2_natural,5,44,6.466666666666667,-0.7033551335334778,0.009007920375280164
COHFACE_s39_session2_natural,5,45,6.5,-0.7605077028274536,0.4287623509574088
COHFACE_s39_session2_natural,5,46,6.533333333333333,-0.8003976345062256,0.7932999292803038
COHFACE_s39_session2_natural,5,47,6.566666666666666,-0.8415045738220215,1.0615309536071633
COHFACE_s39_session2_natural,5,48,6.6,-0.8254589438438416,1.2050190079614218
COHFACE_s39_session2_natural,5,49,6.633333333333334,-0.44321408867836,1.2148303841449866
COHFACE_s39_session2_natural,5,50,6.666666666666667,0.4086458683013916,1.104330671800499
COHFACE_s39_session2_natural,5,51,6.7,1.1298987865447998,0.9061213015161145
COHFACE_s39_session2_natural,5,52,6.733333333333333,1.2881293296813965,0.662905342929448
COHFACE_s39_session2_natural,5,53,6.766666666666667,1.1379536390304565,0.4148540752039465
COHFACE_s39_session2_natural,5,54,6.8,0.9813566207885742,0.1889391119438345
COHFACE_s39_session2_natural,5,55,6.833333333333333,0.8725601434707642,-0.004283848343830922
COHFACE_s39_session2_natural,5,56,6.866666666666666,0.7538031935691833,-0.16521490343780557
COHFACE_s39_session2_natural,5,57,6.9,0.6493464112281799,-0.2952614188524056
COHFACE_s39_session2_natural,5,58,6.933333333333334,0.6123389601707458,-0.3890044161473823
COHFACE_s39_session2_natural,5,59,6.966666666666667,0.6113301515579224,-0.43327377937446165
COHFACE_s39_session2_natural,5,60,7.0,0.5634974837303162,-0.41338009087678956
COHFACE_s39_session2_natural,5,61,7.033333333333333,0.43016818165779114,-0.3224917602654373
COHFACE_s39_session2_natural,5,62,7.066666666666666,0.26556429266929626,-0.16873759052051093
COHFACE_s39_session2_natural,5,63,7.1,0.10201729089021683,0.023619240563154998
COHFACE_s39_session2_natural,5,64,7.133333333333334,-0.04136856645345688,0.21915039780826276
COHFACE_s39_session2_natural,5,65,7.166666666666667,-0.1559939831495285,0.37977106731739596
COHFACE_s39_session2_natural,5,66,7.2,-0.2453659325838089,0.4734932487782512
COHFACE_s39_session2_natural,5,67,7.233333333333333,-0.31169429421424866,0.4810550485168881
COHFACE_s39_session2_natural,5,68,7.266666666666667,-0.3633061647415161,0.3992659784923939
COHFACE_s39_session2_natural,5,69,7.3,-0.41081854701042175,0.24068476768244354
COHFACE_s39_session2_natural,5,70,7.333333333333333,-0.4654569923877716,0.029713447277998746
COHFACE_s39_session2_natural,5,71,7.366666666666666,-0.5284385085105896,-0.20387945352284495
COHFACE_s39_session2_natural,5,72,7.4,-0.5831409692764282,-0.4315452799219514
COHFACE_s39_session2_natural,5,73,7.433333333333334,-0.6294683814048767,-0.6299086899504845
COHFACE_s39_session2_natural,5,74,7.466666666666667,-0.6787422299385071,-0.7813036564868996
COHFACE_s39_session2_natural,5,75,7.5,-0.7391295433044434,-0.8725961668453646
COHFACE_s39_session2_natural,5,76,7.533333333333333,-0.6868290901184082,-0.8947499729698978
COHFACE_s39_session2_natural,5,77,7.566666666666666,-0.14510472118854523,-0.844240495927237
COHFACE_s39_session2_natural,5,78,7.6,0.7783360481262207,-0.7252160869333083
COHFACE_s39_session2_natural,5,79,7.633333333333334,1.377901554107666,-0.5501961724417459
COHFACE_s39_session2_natural,5,80,7.666666666666667,1.431034803390503,-0.3381087197548759
COHFACE_s39_session2_natural,5,81,7.7,1.2494244575500488,-0.11045222344613644
COHFACE_s39_session2_natural,5,82,7.733333333333333,1.0988965034484863,0.11248442033077581
COHFACE_s39_session2_natural,5,83,7.766666666666667,0.9790025949478149,0.3137855419754413
COHFACE_s39_session2_natural,5,84,7.8,0.8217649459838867,0.48032034222704945
COHFACE_s39_session2_natural,5,85,7.833333333333333,0.735083281993866,0.6025044103247015
COHFACE_s39_session2_natural,5,86,7.866666666666666,0.7368768453598022,0.674546243529646
COHFACE_s39_session2_natural,5,87,7.9,0.7379336953163147,0.6952194780364315
COHFACE_s39_session2_natural,5,88,7.933333333333334,0.6554956436157227,0.6680014947787123
COHFACE_s39_session2_natural,5,89,7.966666666666667,0.49945905804634094,0.5995517118119325
COHFACE_s39_session2_natural,5,90,8.0,0.3110429346561432,0.49726710173629934
COHFACE_s39_session2_natural,5,91,8.033333333333333,0.14184314012527466,0.36811343786329015
COHFACE_s39_session2_natural,5,92,8.066666666666666,0.010579580441117287,0.2201970525392268
COHFACE_s39_session2_natural,5,93,8.1,-0.09860120713710785,0.06605434822078579
COHFACE_s39_session2_natural,5,94,8.133333333333333,-0.173721045255661,-0.07556823323213895
COHFACE_s39_session2_natural,5,95,8.166666666666666,-0.23374006152153015,-0.18235473915400516
COHFACE_s39_session2_natural,5,96,8.2,-0.28653693199157715,-0.23516569414077187
COHFACE_s39_session2_natural,5,97,8.233333333333333,-0.33507418632507324,-0.22524295094704636
COHFACE_s39_session2_natural,5,98,8.266666666666667,-0.38221824169158936,-0.15775132224007496
COHFACE_s39_session2_natural,5,99,8.3,-0.43310949206352234,-0.04992451833267009
COHFACE_s39_session2_natural,5,100,8.333333333333334,-0.5106953978538513,0.07465817285290571
COHFACE_s39_session2_natural,5,101,8.366666666666667,-0.5956956744194031,0.19231432760309716
COHFACE_s39_session2_natural,5,102,8.4,-0.5175172090530396,0.28339473216239386
COHFACE_s39_session2_natural,5,103,8.433333333333334,0.10161694884300232,0.333860924201549
COHFACE_s39_session2_natural,5,104,8.466666666666667,1.0613446235656738,0.3355340431742118
COHFACE_s39_session2_natural,5,105,8.5,1.6105473041534424,0.286324189933272
COHFACE_s39_session2_natural,5,106,8.533333333333333,1.5989373922348022,0.19051787972234313
COHFACE_s39_session2_natural,5,107,8.566666666666666,1.3869813680648804,0.058366614194850466
COHFACE_s39_session2_natural,5,108,8.6,1.2212724685668945,-0.09514510380935352
COHFACE_s39_session2_natural,5,109,8.633333333333333,1.0957098007202148,-0.25168506992084305
COHFACE_s39_session2_natural,5,110,8.666666666666666,0.9395771026611328,-0.39090882274166494
COHFACE_s39_session2_natural,5,111,8.7,0.8204678893089294,-0.492425759946107
COHFACE_s39_session2_natural,5,112,8.733333333333333,0.7888410091400146,-0.5390285314775944
COHFACE_s39_session2_natural,5,113,8.766666666666667,0.7480703592300415,-0.5209213453820867
COHFACE_s39_session2_natural,5,114,8.8,0.6361352205276489,-0.43971069415941505
COHFACE_s39_session2_natural,5,115,8.833333333333334,0.46453335881233215,-0.31032017605389384
COHFACE_s39_session2_natural,5,116,8.866666666666667,0.2616409361362457,-0.1591216245144569
COHFACE_s39_session2_natural,5,117,8.9,0.07982242852449417,-0.01796108183629208
COHFACE_s39_session2_natural,5,118,8.933333333333334,-0.05196957662701607,0.08395596931598699
COHFACE_s39_session2_natural,5,119,8.966666666666667,-0.14907610416412354,0.1271176740170313
COHFACE_s39_session2_natural,5,120,9.0,-0.23686270415782928,0.10557929550833761
COHFACE_s39_session2_natural,5,121,9.033333333333333,-0.3170108199119568,0.02752301953058098
COHFACE_s39_session2_natural,5,122,9.066666666666666,-0.3846362829208374,-0.08670550682004863
COHFACE_s39_session2_natural,5,123,9.1,-0.45040419697761536,-0.20857860911634843
COHFACE_s39_session2_natural,5,124,9.133333333333333,-0.5003506541252136,-0.307338707837179
COHFACE_s39_session2_natural,5,125,9.166666666666666,-0.5507294535636902,-0.3574031102379426
COHFACE_s39_session2_natural,5,126,9.2,-0.6183549165725708,-0.34521885143331404
COHFACE_s39_session2_natural,5,127,9.233333333333333,-0.6752032041549683,-0.2726346555810374
COHFACE_s39_session2_natural,5,128,9.266666666666667,-0.4863547384738922,-0.15494136465459202
COHFACE_s39_session2_natural,5,129,9.3,0.32675227522850037,-0.014411757576143658
COHFACE_s39_session2_natural,5,130,9.333333333333334,1.322142243385315,0.127304486401518
COHFACE_s39_session2_natural,5,131,9.366666666666667,1.7588013410568237,0.254204689780214
COHFACE_s39_session2_natural,5,132,9.4,1.6840977668762207,0.3569827942278685
COHFACE_s39_session2_natural,5,133,9.433333333333334,1.5012223720550537,0.4316748940422051
COHFACE_s39_session2_natural,5,134,9.466666666666667,1.3985111713409424,0.47852505699687153
COHFACE_s39_session2_natural,5,135,9.5,1.29587984085083,0.502163164939308
COHFACE_s39_session2_natural,5,136,9.533333333333333,1.106022596359253,0.5115102032553048
COHFACE_s39_session2_natural,5,137,9.566666666666666,0.9208091497421265,0.516982667388541
COHFACE_s39_session2_natural,5,138,9.6,0.8276739716529846,0.5250011846535296
COHFACE_s39_session2_natural,5,139,9.633333333333333,0.7686638236045837,0.5329838634991166
COHFACE_s39_session2_natural,5,140,9.666666666666666,0.6450067758560181,0.5285860564938419
COHFACE_s39_session2_natural,5,141,9.7,0.46107444167137146,0.4943258148164611
COHFACE_s39_session2_natural,5,142,9.733333333333333,0.24671626091003418,0.41489193294477583
COHFACE_s39_session2_natural,5,143,9.766666666666667,0.0587485171854496,0.28278453005848975
COHFACE_s39_session2_natural,5,144,9.8,-0.0872635692358017,0.10009782676483077
COHFACE_s39_session2_natural,5,145,9.833333333333334,-0.20763787627220154,-0.12249024359876548
COHFACE_s39_session2_natural,5,146,9.866666666666667,-0.30223026871681213,-0.36741124295427474
COHFACE_s39_session2_natural,5,147,9.9,-0.3942444622516632,-0.6116130394394016
COHFACE_s39_session2_natural,5,148,9.933333333333334,-0.4721826910972595,-0.8282038753081551
COHFACE_s39_session2_natural,5,149,9.966666666666667,-0.5491921305656433,-0.9892950816874411
COHFACE_s39_session2_natural,5,150,10.0,-0.6221501231193542,-1.0701320429905479
COHFACE_s39_session2_natural,5,151,10.033333333333333,-0.6977664232254028,-1.053543559992378
COHFACE_s39_session2_natural,5,152,10.066666666666666,-0.7706122994422913,-0.9335828222816592
COHFACE_s39_session2_natural,5,153,10.1,-0.8325689435005188,-0.7176647287750874
COHFACE_s39_session2_natural,5,154,10.133333333333333,-0.8894492983818054,-0.42680075276443297
COHFACE_s39_session2_natural,5,155,10.166666666666666,-0.9238465428352356,-0.09370565441726879
COHFACE_s39_session2_natural,5,156,10.2,-0.9389793872833252,0.2411468023080898
COHFACE_s39_session2_natural,5,157,10.233333333333333,-0.9506533145904541,0.5351263144443661
COHFACE_s39_session2_natural,5,158,10.266666666666667,-0.9789013266563416,0.7501124970946307
COHFACE_s39_session2_natural,5,159,10.3,-0.8933405876159668,0.8593160729007447
COHFACE_s39_session2_natural,5,160,10.333333333333334,-0.22893597185611725,0.8527934791535837
COHFACE_s39_session2_natural,5,161,10.366666666666667,0.9105443954467773,0.7397974556259612
COHFACE_s39_session2_natural,5,162,10.4,1.6404286623001099,0.5464828900729498
COHFACE_s39_session2_natural,5,163,10.433333333333334,1.6742974519729614,0.3090423311641412
COHFACE_s39_session2_natural,5,164,10.466666666666667,1.4540143013000488,0.06461922910522683
COHFACE_s39_session2_natural,5,165,10.5,1.3052479028701782,-0.1563100114569392
COHFACE_s39_session2_natural,5,166,10.533333333333333,1.2155876159667969,-0.33327175043487967
COHFACE_s39_session2_natural,5,167,10.566666666666666,1.0638266801834106,-0.454598871544409
COHFACE_s39_session2_natural,5,168,10.6,0.8850347399711609,-0.5140065681462984
COHFACE_s39_session2_natural,5,169,10.633333333333333,0.7717064023017883,-0.5080217266377244
COHFACE_s39_session2_natural,5,170,10.666666666666666,0.7029759883880615,-0.43585541434883085
COHFACE_s39_session2_natural,5,171,10.7,0.5997202396392822,-0.3011860568949081
COHFACE_s39_session2_natural,5,172,10.733333333333333,0.42510786652565,-0.11437612327650029
COHFACE_s39_session2_natural,5,173,10.766666666666667,0.21744337677955627,0.10613111458370557
COHFACE_s39_session2_natural,5,174,10.8,0.022269515320658684,0.33399141896528567
COHFACE_s39_session2_natural,5,175,10.833333333333334,-0.1435033679008484,0.5372133210349248
COHFACE_s39_session2_natural,5,176,10.866666666666667,-0.2728773057460785,0.6828417504532056
COHFACE_s39_session2_natural,5,177,10.9,-0.3703201413154602,0.7437229981840391
COHFACE_s39_session2_natural,5,178,10.933333333333334,-0.4529663622379303,0.7055675299344872
COHFACE_s39_session2_natural,5,179,10.966666666666667,-0.5208640694618225,0.571571038709012
COHFACE_s39_session2_natural,5,180,11.0,-0.5911638140678406,0.36250605300480715
COHFACE_s39_session2_natural,5,181,11.033333333333333,-0.6559228301048279,0.11203319370725308
COHFACE_s39_session2_natural,5,182,11.066666666666666,-0.7255019545555115,-0.14117752821154902
COHFACE_s39_session2_natural,5,183,11.1,-0.797307014465332,-0.36195190199147986
COHFACE_s39_session2_natural,5,184,11.133333333333333,-0.8718183040618896,-0.5253236552871139
COHFACE_s39_session2_natural,5,185,11.166666666666666,-0.9296114444732666,-0.6198366478515401
COHFACE_s39_session2_natural,5,186,11.2,-0.9736168384552002,-0.6467979330801539
COHFACE_s39_session2_natural,5,187,11.233333333333333,-1.017510175704956,-0.6161008606970421
COHFACE_s39_session2_natural,5,188,11.266666666666667,-1.0419949293136597,-0.540674651421712
COHFACE_s39_session2_natural,5,189,11.3,-1.0498576164245605,-0.4322044105197575
COHFACE_s39_session2_natural,5,190,11.333333333333334,-1.0678088665008545,-0.2997968632221602
COHFACE_s39_session2_natural,5,191,11.366666666666667,-1.0833580493927002,-0.15153297157694887
COHFACE_s39_session2_natural,5,192,11.4,-0.7891400456428528,0.0025161860721969187
COHFACE_s39_session2_natural,5,193,11.433333333333334,0.14147482812404633,0.14799903048402985
COHFACE_s39_session2_natural,5,194,11.466666666666667,1.1644401550292969,0.26696672064421884
COHFACE_s39_session2_natural,5,195,11.5,1.52695631980896,0.34237132002777454
COHFACE_s39_session2_natural,5,196,11.533333333333333,1.3417108058929443,0.3644541518371766
COHFACE_s39_session2_natural,5,197,11.566666666666666,1.0803366899490356,0.33517141757012775
COHFACE_s39_session2_natural,5,198,11.6,0.9323068857192993,0.26766507182438987
COHFACE_s39_session2_natural,5,199,11.633333333333333,0.803013026714325,0.18084119636498475
COHFACE_s39_session2_natural,5,200,11.666666666666666,0.6534138917922974,0.09218760661496465
COHFACE_s39_session2_natural,5,201,11.7,0.5585492849349976,0.01285067786494229
COHFACE_s39_session2_natural,5,202,11.733333333333333,0.5155367255210876,-0.05296208804692315
COHFACE_s39_session2_natural,5,203,11.766666666666667,0.45245909690856934,-0.10512742631333295
COHFACE_s39_session2_natural,5,204,11.8,0.31796079874038696,-0.14378853902503053
COHFACE_s39_session2_natural,5,205,11.833333333333334,0.1243242472410202,-0.1667744322303517
COHFACE_s39_session2_natural,5,206,11.866666666666667,-0.07816784083843231,-0.16908116825596936
COHFACE_s39_session2_natural,5,207,11.9,-0.259249746799469,-0.14412183338180684
COHFACE_s39_session2_natural,5,208,11.933333333333334,-0.4066550135612488,-0.08631629612098302
COHFACE_s39_session2_natural,5,209,11.966666666666667,-0.5042579770088196,0.005296775175976167
COHFACE_s39_session2_natural,5,210,12.0,-0.5805948376655579,0.1233068342576182
COHFACE_s39_session2_natural,5,211,12.033333333333333,-0.6459143161773682,0.24992194267302498
COHFACE_s39_session2_natural,5,212,12.066666666666666,-0.7055330276489258,0.3589423967812604
COHFACE_s39_session2_natural,5,213,12.1,-0.7723257541656494,0.4224381537924614
COHFACE_s39_session2_natural,5,214,12.133333333333333,-0.8374691605567932,0.41970335356573435
COHFACE_s39_session2_natural,5,215,12.166666666666666,-0.9002264738082886,0.34403278132697346
COHFACE_s39_session2_natural,5,216,12.2,-0.9539201259613037,0.20415698033377747
COHFACE_s39_session2_natural,5,217,12.233333333333333,-1.0055480003356934,0.020554485247468727
COHFACE_s39_session2_natural,5,218,12.266666666666667,-1.044621229171753,-0.1804667909543058
COHFACE_s39_session2_natural,5,219,12.3,-1.0783458948135376,-0.3719626760782007
COHFACE_s39_session2_natural,5,220,12.333333333333334,-1.1049604415893555,-0.5301046811470725
COHFACE_s39_session2_natural,5,221,12.366666666666667,-1.1362991333007812,-0.6373898698537154
COHFACE_s39_session2_natural,5,222,12.4,-1.1151450872421265,-0.6852241341133493
COHFACE_s39_session2_natural,5,223,12.433333333333334,-0.6472755074501038,-0.6743349498903316
COHFACE_s39_session2_natural,5,224,12.466666666666667,0.3895416557788849,-0.6121411716004039
COHFACE_s39_session2_natural,5,225,12.5,1.219254732131958,-0.5082804023876294
COHFACE_s39_session2_natural,5,226,12.533333333333333,1.361295461654663,-0.37081907035656964
COHFACE_s39_session2_natural,5,227,12.566666666666666,1.1092733144760132,-0.2051962840457914
COHFACE_s39_session2_natural,5,228,12.6,0.8383390307426453,-0.01605127819582128
COHFACE_s39_session2_natural,5,229,12.633333333333333,0.668450653553009,0.1896856560599584
COHFACE_s39_session2_natural,5,230,12.666666666666666,0.5279472470283508,0.40040772960061954
COHFACE_s39_session2_natural,5,231,12.7,0.4156758487224579,0.599353553409923
COHFACE_s39_session2_natural,5,232,12.733333333333333,0.39263227581977844,0.7662875965480233
COHFACE_s39_session2_natural,5,233,12.766666666666667,0.39814093708992004,0.8808401312922596
COHFACE_s39_session2_natural,5,234,12.8,0.3379938304424286,0.9265070286190439
COHFACE_s39_session2_natural,5,235,12.833333333333334,0.18829861283302307,0.8941456488607328
COHFACE_s39_session2_natural,5,236,12.866666666666667,-0.003128069220110774,0.7840119604463488
COHFACE_s39_session2_natural,5,237,12.9,-0.19410637021064758,0.6058515710947147
COHFACE_s39_session2_natural,5,238,12.933333333333334,-0.3491501212120056,0.37715572098060335
COHFACE_s39_session2_natural,5,239,12.966666666666667,-0.4639517068862915,0.12039393395423469
COHFACE_s39_session2_natural,6,0,6.0,0.670628547668457,-0.19408477530395712
COHFACE_s39_session2_natural,6,1,6.033333333333333,0.5809683203697205,-0.601556985833288
COHFACE_s39_session2_natural,6,2,6.066666666666666,0.44816747307777405,-0.9895021011979608
COHFACE_s39_session2_natural,6,3,6.1,0.27861538529396057,-1.33955399587181
COHFACE_s39_session2_natural,6,4,6.133333333333334,0.11537263542413712,-1.6299788434000608
COHFACE_s39_session2_natural,6,5,6.166666666666667,-0.025162795558571815,-1.8397327909351076
COHFACE_s39_session2_natural,6,6,6.2,-0.15701885521411896,-1.9537110132613913
COHFACE_s39_session2_natural,6,7,6.233333333333333,-0.26219624280929565,-1.965399215906168
COHFACE_s39_session2_natural,6,8,6.266666666666667,-0.3480291962623596,-1.8755555933137353
COHFACE_s39_session2_natural,6,9,6.3,-0.4048134386539459,-1.6888060329303378
COHFACE_s39_session2_natural,6,10,6.333333333333333,-0.4591315984725952,-1.4112635208973934
COHFACE_s39_session2_natural,6,11,6.366666666666666,-0.518894374370575,-1.0510831969848753
COHFACE_s39_session2_natural,6,12,6.4,-0.5761750936508179,-0.6215722426758911
COHFACE_s39_session2_natural,6,13,6.433333333333334,-0.6405817866325378,-0.14477584433672414
COHFACE_s39_session2_natural,6,14,6.466666666666667,-0.7033551335334778,0.34670219008189623
COHFACE_s39_session2_natural,6,15,6.5,-0.7605077028274536,0.8110840168646958
COHFACE_s39_session2_natural,6,16,6.533333333333333,-0.8003976345062256,1.2025451911643144
COHFACE_s39_session2_natural,6,17,6.566666666666666,-0.8415045738220215,1.4795107180041327
COHFACE_s39_session2_natural,6,18,6.6,-0.8254589438438416,1.614101578218323
COHFACE_s39_session2_natural,6,19,6.633333333333334,-0.44321408867836,1.5997911055989307
COHFACE_s39_session2_natural,6,20,6.666666666666667,0.4086458683013916,1.4546120035913102
COHFACE_s39_session2_natural,6,21,6.7,1.1298987865447998,1.2181308912752038
COHFACE_s39_session2_natural,6,22,6.733333333333333,1.2881293296813965,0.9415487522346014
COHFACE_s39_session2_natural,6,23,6.766666666666667,1.1379536390304565,0.6729919874974435
COHFACE_s39_session2_natural,6,24,6.8,0.9813566207885742,0.4440591720967039
COHFACE_s39_session2_natural,6,25,6.833333333333333,0.8725601434707642,0.264612415891133
COHFACE_s39_session2_natural,6,26,6.866666666666666,0.7538031935691833,0.12793535215397736
COHFACE_s39_session2_natural,6,27,6.9,0.6493464112281799,0.02188951885310928
COHFACE_s39_session2_natural,6,28,6.933333333333334,0.6123389601707458,-0.0609344686598938
COHFACE_s39_session2_natural,6,29,6.966666666666667,0.6113301515579224,-0.11915320142393386
COHFACE_s39_session2_natural,6,30,7.0,0.5634974837303162,-0.14555206533721007
COHFACE_s39_session2_natural,6,31,7.033333333333333,0.43016818165779114,-0.13416304074806001
COHFACE_s39_session2_natural,6,32,7.066666666666666,0.26556429266929626,-0.08683992117688223
COHFACE_s39_session2_natural,6,33,7.1,0.10201729089021683,-0.015766405619669303
COHFACE_s39_session2_natural,6,34,7.133333333333334,-0.04136856645345688,0.058749929006844885
COHFACE_s39_session2_natural,6,35,7.166666666666667,-0.1559939831495285,0.11330220658273189
COHFACE_s39_session2_natural,6,36,7.2,-0.2453659325838089,0.1268272078950142
COHFACE_s39_session2_natural,6,37,7.233333333333333,-0.31169429421424866,0.08504373964902438
COHFACE_s39_session2_natural,6,38,7.266666666666667,-0.3633061647415161,-0.016570210371139888
COHFACE_s39_session2_natural,6,39,7.3,-0.41081854701042175,-0.17157699633075488
COHFACE_s39_session2_natural,6,40,7.333333333333333,-0.4654569923877716,-0.3638369455989491
COHFACE_s39_session2_natural,6,41,7.366666666666666,-0.5284385085105896,-0.5713925766659766
COHFACE_s39_session2_natural,6,42,7.4,-0.5831409692764282,-0.7713387532867163
COHFACE_s39_session2_natural,6,43,7.433333333333334,-0.6294683814048767,-0.9431014605296109
COHFACE_s39_session2_natural,6,44,7.466666666666667,-0.6787422299385071,-1.0691508262693978
COHFACE_s39_session2_natural,6,45,7.5,-0.7391295433044434,-1.134562829333526
COHFACE_s39_session2_natural,6,46,7.533333333333333,-0.6868290901184082,-1.127514279511653
COHFACE_s39_session2_natural,6,47,7.566666666666666,-0.14510472118854523,-1.0414735434799898
COHFACE_s39_session2_natural,6,48,7.6,0.7783360481262207,-0.8779010684610417
COHFACE_s39_session2_natural,6,49,7.633333333333334,1.377901554107666,-0.6474576636928476
COHFACE_s39_session2_natural,6,50,7.666666666666667,1.431034803390503,-0.3687920641210538
COHFACE_s39_session2_natural,6,51,7.7,1.2494244575500488,-0.06571284971356028
COHFACE_s39_session2_natural,6,52,7.733333333333333,1.0988965034484863,0.235723259561039
COHFACE_s39_session2_natural,6,53,7.766666666666667,0.9790025949478149,0.509348387884093
COHFACE_s39_session2_natural,6,54,7.8,0.8217649459838867,0.7307182322989308
COHFACE_s39_session2_natural,6,55,7.833333333333333,0.735083281993866,0.8798101139339568
COHFACE_s39_session2_natural,6,56,7.866666666666666,0.7368768453598022,0.9449756608108401
COHFACE_s39_session2_natural,6,57,7.9,0.7379336953163147,0.9267699647992595
COHFACE_s39_session2_natural,6,58,7.933333333333334,0.6554956436157227,0.8389612030958776
COHFACE_s39_session2_natural,6,59,7.966666666666667,0.49945905804634094,0.7048393406786703
COHFACE_s39_session2_natural,6,60,8.0,0.3110429346561432,0.5500151424807433
COHFACE_s39_session2_natural,6,61,8.033333333333333,0.14184314012527466,0.3956043938973109
COHFACE_s39_session2_natural,6,62,8.066666666666666,0.010579580441117287,0.2554169200586241
COHFACE_s39_session2_natural,6,63,8.1,-0.09860120713710785,0.13772706269562293
COHFACE_s39_session2_natural,6,64,8.133333333333333,-0.173721045255661,0.04875022268778205
COHFACE_s39_session2_natural,6,65,8.166666666666666,-0.23374006152153015,-0.005915455124136991
COHFACE_s39_session2_natural,6,66,8.2,-0.28653693199157715,-0.022945216675190422
COHFACE_s39_session2_natural,6,67,8.233333333333333,-0.33507418632507324,-0.003838748207707193
COHFACE_s39_session2_natural,6,68,8.266666666666667,-0.38221824169158936,0.044406837909005833
COHFACE_s39_session2_natural,6,69,8.3,-0.43310949206352234,0.11123068402566991
COHFACE_s39_session2_natural,6,70,8.333333333333334,-0.5106953978538513,0.18531488096687446
COHFACE_s39_session2_natural,6,71,8.366666666666667,-0.5956956744194031,0.25587283378160586
COHFACE_s39_session2_natural,6,72,8.4,-0.5175172090530396,0.3118274890789149
COHFACE_s39_session2_natural,6,73,8.433333333333334,0.10161694884300232,0.34066970855844503
COHFACE_s39_session2_natural,6,74,8.466666666666667,1.0613446235656738,0.3294136359479093
COHFACE_s39_session2_natural,6,75,8.5,1.6105473041534424,0.26838178934388396
COHFACE_s39_session2_natural,6,76,8.533333333333333,1.5989373922348022,0.1558922990577617
COHFACE_s39_session2_natural,6,77,8.566666666666666,1.3869813680648804,0.0008615742051371944
COHFACE_s39_session2_natural,6,78,8.6,1.2212724685668945,-0.1779578638392778
COHFACE_s39_session2_natural,6,79,8.633333333333333,1.0957098007202148,-0.35524215413894067
COHFACE_s39_session2_natural,6,80,8.666666666666666,0.9395771026611328,-0.503768878612283
COHFACE_s39_session2_natural,6,81,8.7,0.8204678893089294,-0.6000083858722297
COHFACE_s39_session2_natural,6,82,8.733333333333333,0.7888410091400146,-0.6298061630123601
COHFACE_s39_session2_natural,6,83,8.766666666666667,0.7480703592300415,-0.5925528024776838
COHFACE_s39_session2_natural,6,84,8.8,0.6361352205276489,-0.5022366384244058
COHFACE_s39_session2_natural,6,85,8.833333333333334,0.46453335881233215,-0.384553179589412
COHFACE_s39_session2_natural,6,86,8.866666666666667,0.2616409361362457,-0.2703504527635615
COHFACE_s39_session2_natural,6,87,8.9,0.07982242852449417,-0.18710676374880553
COHFACE_s39_session2_natural,6,88,8.933333333333334,-0.05196957662701607,-0.15149077486214585
COHFACE_s39_session2_natural,6,89,8.966666666666667,-0.14907610416412354,-0.16596217521967305
COHFACE_s39_session2_natural,6,90,9.0,-0.23686270415782928,-0.2202241567827996
COHFACE_s39_session2_natural,6,91,9.033333333333333,-0.3170108199119568,-0.2958275384350295
COHFACE_s39_session2_natural,6,92,9.066666666666666,-0.3846362829208374,-0.3713458589251734
COHFACE_s39_session2_natural,6,93,9.1,-0.45040419697761536,-0.4264736170261856
COHFACE_s39_session2_natural,6,94,9.133333333333333,-0.5003506541252136,-0.44498067369468775
COHFACE_s39_session2_natural,6,95,9.166666666666666,-0.5507294535636902,-0.4171516979157286
COHFACE_s39_session2_natural,6,96,9.2,-0.6183549165725708,-0.34155194590970916
COHFACE_s39_session2_natural,6,97,9.233333333333333,-0.6752032041549683,-0.2249219421155227
COHFACE_s39_session2_natural,6,98,9.266666666666667,-0.4863547384738922,-0.07926430236246257
COHFACE_s39_session2_natural,6,99,9.3,0.32675227522850037,0.08304230840619198
COHFACE_s39_session2_natural,6,100,9.333333333333334,1.322142243385315,0.25324110793869414
COHFACE_s39_session2_natural,6,101,9.366666666666667,1.7588013410568237,0.4264023723489937
COHFACE_s39_session2_natural,6,102,9.4,1.6840977668762207,0.5977458228901505
COHFACE_s39_session2_natural,6,103,9.433333333333334,1.5012223720550537,0.7583418078597786
COHFACE_s39_session2_natural,6,104,9.466666666666667,1.3985111713409424,0.8942726692938051
COHFACE_s39_session2_natural,6,105,9.5,1.29587984085083,0.9905973438388084
COHFACE_s39_session2_natural,6,106,9.533333333333333,1.106022596359253,1.0370209562157084
COHFACE_s39_session2_natural,6,107,9.566666666666666,0.9208091497421265,1.0304599320958072
COHFACE_s39_session2_natural,6,108,9.6,0.8276739716529846,0.9729713769591879
COHFACE_s39_session2_natural,6,109,9.633333333333333,0.7686638236045837,0.8679742563805743
COHFACE_s39_session2_natural,6,110,9.666666666666666,0.6450067758560181,0.7186092037385183
COHFACE_s39_session2_natural,6,111,9.7,0.46107444167137146,0.5293437076651433
COHFACE_s39_session2_natural,6,112,9.733333333333333,0.24671626091003418,0.30847714013771166
COHFACE_s39_session2_natural,6,113,9.766666666666667,0.0587485171854496,0.06828498943102645
COHFACE_s39_session2_natural,6,114,9.8,-0.0872635692358017,-0.17787128160955715
COHFACE_s39_session2_natural,6,115,9.833333333333334,-0.20763787627220154,-0.4190200541639155
COHFACE_s39_session2_natural,6,116,9.866666666666667,-0.30223026871681213,-0.6477681536632693
COHFACE_s39_session2_natural,6,117,9.9,-0.3942444622516632,-0.8583542893391108
COHFACE_s39_session2_natural,6,118,9.933333333333334,-0.4721826910972595,-1.043065037819754
COHFACE_s39_session2_natural,6,119,9.966666666666667,-0.5491921305656433,-1.1895031741347075
COHFACE_s39_session2_natural,6,120,10.0,-0.6221501231193542,-1.2803977164579974
COHFACE_s39_session2_natural,6,121,10.033333333333333,-0.6977664232254028,-1.2961208660338717
COHFACE_s39_session2_natural,6,122,10.066666666666666,-0.7706122994422913,-1.2191089148425498
COHFACE_s39_session2_natural,6,123,10.1,-0.8325689435005188,-1.039136549427931
COHFACE_s39_session2_natural,6,124,10.133333333333333,-0.8894492983818054,-0.7584026746641137
COHFACE_s39_session2_natural,6,125,10.166666666666666,-0.9238465428352356,-0.3952995865153471
COHFACE_s39_session2_natural,6,126,10.2,-0.9389793872833252,0.014458308222496382
COHFACE_s39_session2_natural,6,127,10.233333333333333,-0.9506533145904541,0.4206030043043351
COHFACE_s39_session2_natural,6,128,10.266666666666667,-0.9789013266563416,0.7655506966752774
COHFACE_s39_session2_natural,6,129,10.3,-0.8933405876159668,0.9954679550581429
COHFACE_s39_session2_natural,6,130,10.333333333333334,-0.22893597185611725,1.0730642556537127
COHFACE_s39_session2_natural,6,131,10.366666666666667,0.9105443954467773,0.9884709526637401
COHFACE_s39_session2_natural,6,132,10.4,1.6404286623001099,0.7637145542037539
COHFACE_s39_session2_natural,6,133,10.433333333333334,1.6742974519729614,0.4478613836934094
COHFACE_s39_session2_natural,6,134,10.466666666666667,1.4540143013000488,0.10419896436263915
COHFACE_s39_session2_natural,6,135,10.5,1.3052479028701782,-0.20523431848056178
COHFACE_s39_session2_natural,6,136,10.533333333333333,1.2155876159667969,-0.43197191696006954
COHFACE_s39_session2_natural,6,137,10.566666666666666,1.0638266801834106,-0.5472619257003549
COHFACE_s39_session2_natural,6,138,10.6,0.8850347399711609,-0.5426462106543661
COHFACE_s39_session2_natural,6,139,10.633333333333333,0.7717064023017883,-0.42751418898664584
COHFACE_s39_session2_natural,6,140,10.666666666666666,0.7029759883880615,-0.22542587419403395
COHFACE_s39_session2_natural,6,141,10.7,0.5997202396392822,0.030485677423412266
COHFACE_s39_session2_natural,6,142,10.733333333333333,0.42510786652565,0.3028772935760689
COHFACE_s39_session2_natural,6,143,10.766666666666667,0.21744337677955627,0.5554906655201738
COHFACE_s39_session2_natural,6,144,10.8,0.022269515320658684,0.7573961814877485
COHFACE_s39_session2_natural,6,145,10.833333333333334,-0.1435033679008484,0.8857298303954124
COHFACE_s39_session2_natural,6,146,10.866666666666667,-0.2728773057460785,0.927101690515909
COHFACE_s39_session2_natural,6,147,10.9,-0.3703201413154602,0.878103814464296
COHFACE_s39_session2_natural,6,148,10.933333333333334,-0.4529663622379303,0.7450923259876868
COHFACE_s39_session2_natural,6,149,10.966666666666667,-0.5208640694618225,0.5430570984056021
COHFACE_s39_session2_natural,6,150,11.0,-0.5911638140678406,0.29338603059805246
COHFACE_s39_session2_natural,6,151,11.033333333333333,-0.6559228301048279,0.020746141926233752
COHFACE_s39_session2_natural,6,152,11.066666666666666,-0.7255019545555115,-0.2501666280573147
COHFACE_s39_session2_natural,6,153,11.1,-0.797307014465332,-0.49711585638557476
COHFACE_s39_session2_natural,6,154,11.133333333333333,-0.8718183040618896,-0.701633631911672
COHFACE_s39_session2_natural,6,155,11.166666666666666,-0.9296114444732666,-0.8494081953371327
COHFACE_s39_session2_natural,6,156,11.2,-0.9736168384552002,-0.9303452727475747
COHFACE_s39_session2_natural,6,157,11.233333333333333,-1.017510175704956,-0.9387971308727092
COHFACE_s39_session2_natural,6,158,11.266666666666667,-1.0419949293136597,-0.8741221559639182
COHFACE_s39_session2_natural,6,159,11.3,-1.0498576164245605,-0.7414425079390444
COHFACE_s39_session2_natural,6,160,11.333333333333334,-1.0678088665008545,-0.552381718468601
COHFACE_s39_session2_natural,6,161,11.366666666666667,-1.0833580493927002,-0.32566366737152774
COHFACE_s39_session2_natural,6,162,11.4,-0.7891400456428528,-0.0874022616527803
COHFACE_s39_session2_natural,6,163,11.433333333333334,0.14147482812404633,0.12991120007406662
COHFACE_s39_session2_natural,6,164,11.466666666666667,1.1644401550292969,0.2918241999059584
COHFACE_s39_session2_natural,6,165,11.5,1.52695631980896,0.370771803952369
COHFACE_s39_session2_natural,6,166,11.533333333333333,1.3417108058929443,0.3563690133312209
COHFACE_s39_session2_natural,6,167,11.566666666666666,1.0803366899490356,0.2611417969575856
COHFACE_s39_session2_natural,6,168,11.6,0.9323068857192993,0.11744929120252061
COHFACE_s39_session2_natural,6,169,11.633333333333333,0.803013026714325,-0.033442797633382315
COHFACE_s39_session2_natural,6,170,11.666666666666666,0.6534138917922974,-0.15454613294012862
COHFACE_s39_session2_natural,6,171,11.7,0.5585492849349976,-0.22222539536704208
COHFACE_s39_session2_natural,6,172,11.733333333333333,0.5155367255210876,-0.22835681339583072
COHFACE_s39_session2_natural,6,173,11.766666666666667,0.45245909690856934,-0.17731696369700897
COHFACE_s39_session2_natural,6,174,11.8,0.31796079874038696,-0.08145341985346063
COHFACE_s39_session2_natural,6,175,11.833333333333334,0.1243242472410202,0.04249268916368727
COHFACE_s39_session2_natural,6,176,11.866666666666667,-0.07816784083843231,0.17594053928067077
COHFACE_s39_session2_natural,6,177,11.9,-0.259249746799469,0.30117405801903735
COHFACE_s39_session2_natural,6,178,11.933333333333334,-0.4066550135612488,0.40442310020117483
COHFACE_s39_session2_natural,6,179,11.966666666666667,-0.5042579770088196,0.4779347615857853
COHFACE_s39_session2_natural,6,180,12.0,-0.5805948376655579,0.5194634047700233
COHFACE_s39_session2_natural,6,181,12.033333333333333,-0.6459143161773682,0.5292698677021994
COHFACE_s39_session2_natural,6,182,12.066666666666666,-0.7055330276489258,0.5069187530566375
COHFACE_s39_session2_natural,6,183,12.1,-0.7723257541656494,0.45052188387905306
COHFACE_s39_session2_natural,6,184,12.133333333333333,-0.8374691605567932,0.3587256223527316
COHFACE_s39_session2_natural,6,185,12.166666666666666,-0.9002264738082886,0.23328761378186685
COHFACE_s39_session2_natural,6,186,12.2,-0.9539201259613037,0.08021341439427683
COHFACE_s39_session2_natural,6,187,12.233333333333333,-1.0055480003356934,-0.09055788323852858
COHFACE_s39_session2_natural,6,188,12.266666666666667,-1.044621229171753,-0.26541935809369377
COHFACE_s39_session2_natural,6,189,12.3,-1.0783458948135376,-0.42658137398256984
COHFACE_s39_session2_natural,6,190,12.333333333333334,-1.1049604415893555,-0.5525483207425911
COHFACE_s39_session2_natural,6,191,12.366666666666667,-1.1362991333007812,-0.6220496710714098
COHFACE_s39_session2_natural,6,192,12.4,-1.1151450872421265,-0.6208006714537199
COHFACE_s39_session2_natural,6,193,12.433333333333334,-0.6472755074501038,-0.5471722156490733
COHFACE_s39_session2_natural,6,194,12.466666666666667,0.3895416557788849,-0.4132774667342552
COHFACE_s39_session2_natural,6,195,12.5,1.219254732131958,-0.24108417046155625
COHFACE_s39_session2_natural,6,196,12.533333333333333,1.361295461654663,-0.05581557260411739
COHFACE_s39_session2_natural,6,197,12.566666666666666,1.1092733144760132,0.12036351265939398
COHFACE_s39_session2_natural,6,198,12.6,0.8383390307426453,0.2723590384636767
COHFACE_s39_session2_natural,6,199,12.633333333333333,0.668450653553009,0.39329994727747214
COHFACE_s39_session2_natural,6,200,12.666666666666666,0.5279472470283508,0.48313276742431754
COHFACE_s39_session2_natural,6,201,12.7,0.4156758487224579,0.5453571767222181
COHFACE_s39_session2_natural,6,202,12.733333333333333,0.39263227581977844,0.5830258919521079
COHFACE_s39_session2_natural,6,203,12.766666666666667,0.39814093708992004,0.5954527649239494
COHFACE_s39_session2_natural,6,204,12.8,0.3379938304424286,0.5769414365716883
COHFACE_s39_session2_natural,6,205,12.833333333333334,0.18829861283302307,0.5182421891954369
COHFACE_s39_session2_natural,6,206,12.866666666666667,-0.003128069220110774,0.41049675700603805
COHFACE_s39_session2_natural,6,207,12.9,-0.19410637021064758,0.2502203780427425
COHFACE_s39_session2_natural,6,208,12.933333333333334,-0.3491501212120056,0.042906702047644275
COHFACE_s39_session2_natural,6,209,12.966666666666667,-0.4639517068862915,-0.19666079676777762
COHFACE_s39_session2_natural,6,210,13.0,-0.5532115697860718,-0.4471149210041709
COHFACE_s39_session2_natural,6,211,13.033333333333333,-0.6160969734191895,-0.6841446186185139
COHFACE_s39_session2_natural,6,212,13.066666666666666,-0.6592056155204773,-0.8833467670248104
COHFACE_s39_session2_natural,6,213,13.1,-0.6997360587120056,-1.0221007842953984
COHFACE_s39_session2_natural,6,214,13.133333333333333,-0.7408270239830017,-1.0811935155943413
COHFACE_s39_session2_natural,6,215,13.166666666666666,-0.788291335105896,-1.046931273082336
COHFACE_s39_session2_natural,6,216,13.2,-0.8388142585754395,-0.9140211697203393
COHFACE_s39_session2_natural,6,217,13.233333333333333,-0.8918033242225647,-0.6887059768997411
COHFACE_s39_session2_natural,6,218,13.266666666666667,-0.9313569068908691,-0.3907471354091593
COHFACE_s39_session2_natural,6,219,13.3,-0.9679480195045471,-0.05267008771045782
COHFACE_s39_session2_natural,6,220,13.333333333333334,-1.0196079015731812,0.2843584444110149
COHFACE_s39_session2_natural,6,221,13.366666666666667,-1.0112968683242798,0.577312444288809
COHFACE_s39_session2_natural,6,222,13.4,-0.5920285582542419,0.7892176085061339
COHFACE_s39_session2_natural,6,223,13.433333333333334,0.40347346663475037,0.8963407679134051
COHFACE_s39_session2_natural,6,224,13.466666666666667,1.2427467107772827,0.8927721823483371
COHFACE_s39_session2_natural,6,225,13.5,1.399888277053833,0.7911152629939104
COHFACE_s39_session2_natural,6,226,13.533333333333333,1.1470494270324707,0.6192692942607816
COHFACE_s39_session2_natural,6,227,13.566666666666666,0.855409562587738,0.4141668831930766
COHFACE_s39_session2_natural,6,228,13.6,0.6666891574859619,0.21333566781909447
COHFACE_s39_session2_natural,6,229,13.633333333333333,0.5208532214164734,0.0458325288640445
COHFACE_s39_session2_natural,6,230,13.666666666666666,0.4368298351764679,-0.07403117439726728
COHFACE_s39_session2_natural,6,231,13.7,0.45338788628578186,-0.1467459742273216
COHFACE_s39_session2_natural,6,232,13.733333333333333,0.4851909279823303,-0.18181011985958914
COHFACE_s39_session2_natural,6,233,13.766666666666667,0.4287109375,-0.19057987224952716
COHFACE_s39_session2_natural,6,234,13.8,0.2829870879650116,-0.18246846464949026
COHFACE_s39_session2_natural,6,235,13.833333333333334,0.08581151813268661,-0.16547777007538594
COHFACE_s39_session2_natural,6,236,13.866666666666667,-0.10481448471546173,-0.1477146724491331
COHFACE_s39_session2_natural,6,237,13.9,-0.26717647910118103,-0.13599857421284237
COHFACE_s39_session2_natural,6,238,13.933333333333334,-0.3876308500766754,-0.13197168145606894
COHFACE_s39_session2_natural,6,239,13.966666666666667,-0.4660174548625946,-0.12995827316568362
COHFACE_s39_session2_natural,7,0,7.0,0.5634974837303162,0.09115530650457371
COHFACE_s39_session2_natural,7,1,7.033333333333333,0.43016818165779114,0.0971447464332873
COHFACE_s39_session2_natural,7,2,7.066666666666666,0.26556429266929626,0.11331305340981479
COHFACE_s39_session2_natural,7,3,7.1,0.10201729089021683,0.14649451868723334
COHFACE_s39_session2_natural,7,4,7.133333333333334,-0.04136856645345688,0.1931852336810811
COHFACE_s39_session2_natural,7,5,7.166666666666667,-0.1559939831495285,0.2396765531708136
COHFACE_s39_session2_natural,7,6,7.2,-0.2453659325838089,0.26603898411445426
COHFACE_s39_session2_natural,7,7,7.233333333333333,-0.31169429421424866,0.25217739928087207
COHFACE_s39_session2_natural,7,8,7.266666666666667,-0.3633061647415161,0.1836733638609901
COHFACE_s39_session2_natural,7,9,7.3,-0.41081854701042175,0.0556538147085925
COHFACE_s39_session2_natural,7,10,7.333333333333333,-0.4654569923877716,-0.12611435736806575
COHFACE_s39_session2_natural,7,11,7.366666666666666,-0.5284385085105896,-0.3465691118319253
COHFACE_s39_session2_natural,7,12,7.4,-0.5831409692764282,-0.5838360534957621
COHFACE_s39_session2_natural,7,13,7.433333333333334,-0.6294683814048767,-0.8115648227974146
COHFACE_s39_session2_natural,7,14,7.466666666666667,-0.6787422299385071,-1.0010266152051326
COHFACE_s39_session2_natural,7,15,7.5,-0.7391295433044434,-1.1239423680833889
COHFACE_s39_session2_natural,7,16,7.533333333333333,-0.6868290901184082,-1.1567077118644808
COHFACE_s39_session2_natural,7,17,7.566666666666666,-0.14510472118854523,-1.0853865539859773
COHFACE_s39_session2_natural,7,18,7.6,0.7783360481262207,-0.9097401783566824
COHFACE_s39_session2_natural,7,19,7.633333333333334,1.377901554107666,-0.6445003206800715
COHFACE_s39_session2_natural,7,20,7.666666666666667,1.431034803390503,-0.31720255730160785
COHFACE_s39_session2_natural,7,21,7.7,1.2494244575500488,0.0365880199714088
COHFACE_s39_session2_natural,7,22,7.733333333333333,1.0988965034484863,0.37891485953467907
COHFACE_s39_session2_natural,7,23,7.766666666666667,0.9790025949478149,0.6744293414022832
COHFACE_s39_session2_natural,7,24,7.8,0.8217649459838867,0.8943823557909647
COHFACE_s39_session2_natural,7,25,7.833333333333333,0.735083281993866,1.020141931570786
COHFACE_s39_session2_natural,7,26,7.866666666666666,0.7368768453598022,1.046465447890577
COHFACE_s39_session2_natural,7,27,7.9,0.7379336953163147,0.9833549522327968
COHFACE_s39_session2_natural,7,28,7.933333333333334,0.6554956436157227,0.8541401856353815
COHFACE_s39_session2_natural,7,29,7.966666666666667,0.49945905804634094,0.6885573227304057
COHFACE_s39_session2_natural,7,30,8.0,0.3110429346561432,0.5132767882268354
COHFACE_s39_session2_natural,7,31,8.033333333333333,0.14184314012527466,0.34510706447069456
COHFACE_s39_session2_natural,7,32,8.066666666666666,0.010579580441117287,0.19074306399738378
COHFACE_s39_session2_natural,7,33,8.1,-0.09860120713710785,0.052424727949930916
COHFACE_s39_session2_natural,7,34,8.133333333333333,-0.173721045255661,-0.0652972501976627
COHFACE_s39_session2_natural,7,35,8.166666666666666,-0.23374006152153015,-0.15305045556301566
COHFACE_s39_session2_natural,7,36,8.2,-0.28653693199157715,-0.20003816178509642
COHFACE_s39_session2_natural,7,37,8.233333333333333,-0.33507418632507324,-0.20040605534725908
COHFACE_s39_session2_natural,7,38,8.266666666666667,-0.38221824169158936,-0.1579680618205138
COHFACE_s39_session2_natural,7,39,8.3,-0.43310949206352234,-0.08641866998671915
COHFACE_s39_session2_natural,7,40,8.333333333333334,-0.5106953978538513,-0.005395310759020629
COHFACE_s39_session2_natural,7,41,8.366666666666667,-0.5956956744194031,0.06499845455498844
COHFACE_s39_session2_natural,7,42,8.4,-0.5175172090530396,0.10871694379424114
COHFACE_s39_session2_natural,7,43,8.433333333333334,0.10161694884300232,0.11639986524871936
COHFACE_s39_session2_natural,7,44,8.466666666666667,1.0613446235656738,0.086385874039022
COHFACE_s39_session2_natural,7,45,8.5,1.6105473041534424,0.024503158898665292
COHFACE_s39_session2_natural,7,46,8.533333333333333,1.5989373922348022,-0.05755336366674324
COHFACE_s39_session2_natural,7,47,8.566666666666666,1.3869813680648804,-0.14533352088039447
COHFACE_s39_session2_natural,7,48,8.6,1.2212724685668945,-0.22500648017528885
COHFACE_s39_session2_natural,7,49,8.633333333333333,1.0957098007202148,-0.28514740806747435
COHFACE_s39_session2_natural,7,50,8.666666666666666,0.9395771026611328,-0.31656897709731874
COHFACE_s39_session2_natural,7,51,8.7,0.8204678893089294,-0.3118046440002939
COHFACE_s39_session2_natural,7,52,8.733333333333333,0.7888410091400146,-0.26613317130683395
COHFACE_s39_session2_natural,7,53,8.766666666666667,0.7480703592300415,-0.18061582155305847
COHFACE_s39_session2_natural,7,54,8.8,0.6361352205276489,-0.0657399822858324
COHFACE_s39_session2_natural,7,55,8.833333333333334,0.46453335881233215,0.05698592438237353
COHFACE_s39_session2_natural,7,56,8.866666666666667,0.2616409361362457,0.15793564823810907
COHFACE_s39_session2_natural,7,57,8.9,0.07982242852449417,0.20703424749095156
COHFACE_s39_session2_natural,7,58,8.933333333333334,-0.05196957662701607,0.1831920140671543
COHFACE_s39_session2_natural,7,59,8.966666666666667,-0.14907610416412354,0.08101547169712403
COHFACE_s39_session2_natural,7,60,9.0,-0.23686270415782928,-0.08769382370783162
COHFACE_s39_session2_natural,7,61,9.033333333333333,-0.3170108199119568,-0.29685143372005884
COHFACE_s39_session2_natural,7,62,9.066666666666666,-0.3846362829208374,-0.5110946804637634
COHFACE_s39_session2_natural,7,63,9.1,-0.45040419697761536,-0.6914150335050332
COHFACE_s39_session2_natural,7,64,9.133333333333333,-0.5003506541252136,-0.8016549752613823
COHFACE_s39_session2_natural,7,65,9.166666666666666,-0.5507294535636902,-0.8162276809748571
COHFACE_s39_session2_natural,7,66,9.2,-0.6183549165725708,-0.7271873903955035
COHFACE_s39_session2_natural,7,67,9.233333333333333,-0.6752032041549683,-0.5469235831890655
COHFACE_s39_session2_natural,7,68,9.266666666666667,-0.4863547384738922,-0.3040541912035024
COHFACE_s39_session2_natural,7,69,9.3,0.32675227522850037,-0.033862995861977226
COHFACE_s39_session2_natural,7,70,9.333333333333334,1.322142243385315,0.23195652498322888
COHFACE_s39_session2_natural,7,71,9.366666666666667,1.7588013410568237,0.4711731697175059
COHFACE_s39_session2_natural,7,72,9.4,1.6840977668762207,0.6708300775778585
COHFACE_s39_session2_natural,7,73,9.433333333333334,1.5012223720550537,0.8236505579509809
COHFACE_s39_session2_natural,7,74,9.466666666666667,1.3985111713409424,0.9254334856936148
COHFACE_s39_session2_natural,7,75,9.5,1.29587984085083,0.9757105273309143
COHFACE_s39_session2_natural,7,76,9.533333333333333,1.106022596359253,0.9796867630040467
COHFACE_s39_session2_natural,7,77,9.566666666666666,0.9208091497421265,0.947462662472923
COHFACE_s39_session2_natural,7,78,9.6,0.8276739716529846,0.8892289088730402
COHFACE_s39_session2_natural,7,79,9.633333333333333,0.7686638236045837,0.8094323303008125
COHFACE_s39_session2_natural,7,80,9.666666666666666,0.6450067758560181,0.7043586822133437
COHFACE_s39_session2_natural,7,81,9.7,0.46107444167137146,0.5651046799311079
COHFACE_s39_session2_natural,7,82,9.733333333333333,0.24671626091003418,0.38368559545027575
COHFACE_s39_session2_natural,7,83,9.766666666666667,0.0587485171854496,0.15797462165704607
COHFACE_s39_session2_natural,7,84,9.8,-0.0872635692358017,-0.10673922661816075
COHFACE_s39_session2_natural,7,85,9.833333333333334,-0.20763787627220154,-0.39847404706237904
COHFACE_s39_session2_natural,7,86,9.866666666666667,-0.30223026871681213,-0.6995216847552486
COHFACE_s39_session2_natural,7,87,9.9,-0.3942444622516632,-0.9869215728708189
COHFACE_s39_session2_natural,7,88,9.933333333333334,-0.4721826910972595,-1.233206883955253
COHFACE_s39_session2_natural,7,89,9.966666666666667,-0.5491921305656433,-1.4085692813901098
COHFACE_s39_session2_natural,7,90,10.0,-0.6221501231193542,-1.4847346198362679
COHFACE_s39_session2_natural,7,91,10.033333333333333,-0.6977664232254028,-1.4398154532694425
COHFACE_s39_session2_natural,7,92,10.066666666666666,-0.7706122994422913,-1.2631624018937813
COHFACE_s39_session2_natural,7,93,10.1,-0.8325689435005188,-0.9594134708504582
COHFACE_s39_session2_natural,7,94,10.133333333333333,-0.8894492983818054,-0.5508869880925933
COHFACE_s39_session2_natural,7,95,10.166666666666666,-0.9238465428352356,-0.07737076405460441
COHFACE_s39_session2_natural,7,96,10.2,-0.9389793872833252,0.40734370557453586
COHFACE_s39_session2_natural,7,97,10.233333333333333,-0.9506533145904541,0.8422116619725681
COHFACE_s39_session2_natural,7,98,10.266666666666667,-0.9789013266563416,1.1683133681307118
COHFACE_s39_session2_natural,7,99,10.3,-0.8933405876159668,1.3395439369394095
COHFACE_s39_session2_natural,7,100,10.333333333333334,-0.22893597185611725,1.3326253668941692
COHFACE_s39_session2_natural,7,101,10.366666666666667,0.9105443954467773,1.1536910012429407
COHFACE_s39_session2_natural,7,102,10.4,1.6404286623001099,0.8383857520609146
COHFACE_s39_session2_natural,7,103,10.433333333333334,1.6742974519729614,0.4440479880894117
COHFACE_s39_session2_natural,7,104,10.466666666666667,1.4540143013000488,0.03627961350526791
COHFACE_s39_session2_natural,7,105,10.5,1.3052479028701782,-0.32478232137834895
COHFACE_s39_session2_natural,7,106,10.533333333333333,1.2155876159667969,-0.5936350598539173
COHFACE_s39_session2_natural,7,107,10.566666666666666,1.0638266801834106,-0.7425018507805224
COHFACE_s39_session2_natural,7,108,10.6,0.8850347399711609,-0.7604437397194678
COHFACE_s39_session2_natural,7,109,10.633333333333333,0.7717064023017883,-0.651889928338161
COHFACE_s39_session2_natural,7,110,10.666666666666666,0.7029759883880615,-0.43619549673852065
COHFACE_s39_session2_natural,7,111,10.7,0.5997202396392822,-0.14708983999348502
COHFACE_s39_session2_natural,7,112,10.733333333333333,0.42510786652565,0.17021448270273545
COHFACE_s39_session2_natural,7,113,10.766666666666667,0.21744337677955627,0.465425755044396
COHFACE_s39_session2_natural,7,114,10.8,0.022269515320658684,0.6921466172222398
COHFACE_s39_session2_natural,7,115,10.833333333333334,-0.1435033679008484,0.816847439767405
COHFACE_s39_session2_natural,7,116,10.866666666666667,-0.2728773057460785,0.8251341982061737
COHFACE_s39_session2_natural,7,117,10.9,-0.3703201413154602,0.7236368073923675
COHFACE_s39_session2_natural,7,118,10.933333333333334,-0.4529663622379303,0.5371931416256862
COHFACE_s39_session2_natural,7,119,10.966666666666667,-0.5208640694618225,0.3022388843489123
COHFACE_s39_session2_natural,7,120,11.0,-0.5911638140678406,0.058235011644742936
COHFACE_s39_session2_natural,7,121,11.033333333333333,-0.6559228301048279,-0.16068952934678188
COHFACE_s39_session2_natural,7,122,11.066666666666666,-0.7255019545555115,-0.33201152113399895
COHFACE_s39_session2_natural,7,123,11.1,-0.797307014465332,-0.44777533655070423
COHFACE_s39_session2_natural,7,124,11.133333333333333,-0.8718183040618896,-0.5136711752882448
COHFACE_s39_session2_natural,7,125,11.166666666666666,-0.9296114444732666,-0.5443872543497942
COHFACE_s39_session2_natural,7,126,11.2,-0.9736168384552002,-0.5563465577044884
COHFACE_s39_session2_natural,7,127,11.233333333333333,-1.017510175704956,-0.5600219567032667
COHFACE_s39_session2_natural,7,128,11.266666666666667,-1.0419949293136597,-0.5547675056277862
COHFACE_s39_session2_natural,7,129,11.3,-1.0498576164245605,-0.5287230979486583
COHFACE_s39_session2_natural,7,130,11.333333333333334,-1.0678088665008545,-0.46452348682500116
COHFACE_s39_session2_natural,7,131,11.366666666666667,-1.0833580493927002,-0.3490786752191945
COHFACE_s39_session2_natural,7,132,11.4,-0.7891400456428528,-0.1837100689873024
COHFACE_s39_session2_natural,7,133,11.433333333333334,0.14147482812404633,0.010057192661328863
COHFACE_s39_session2_natural,7,134,11.466666666666667,1.1644401550292969,0.19316016850995454
COHFACE_s39_session2_natural,7,135,11.5,1.52695631980896,0.32095241281391096
COHFACE_s39_session2_natural,7,136,11.533333333333333,1.3417108058929443,0.3598909128877231
COHFACE_s39_session2_natural,7,137,11.566666666666666,1.0803366899490356,0.30090608166145405
COHFACE_s39_session2_natural,7,138,11.6,0.9323068857192993,0.16306532743144853
COHFACE_s39_session2_natural,7,139,11.633333333333333,0.803013026714325,-0.01347144863090706
COHFACE_s39_session2_natural,7,140,11.666666666666666,0.6534138917922974,-0.18091260705309428
COHFACE_s39_session2_natural,7,141,11.7,0.5585492849349976,-0.29729064668817035
COHFACE_s39_session2_natural,7,142,11.733333333333333,0.5155367255210876,-0.335297843809618
COHFACE_s39_session2_natural,7,143,11.766666666666667,0.45245909690856934,-0.285425257793722
COHFACE_s39_session2_natural,7,144,11.8,0.31796079874038696,-0.15481651629441234
COHFACE_s39_session2_natural,7,145,11.833333333333334,0.1243242472410202,0.03618497624160369
COHFACE_s39_session2_natural,7,146,11.866666666666667,-0.07816784083843231,0.2584995316722078
COHFACE_s39_session2_natural,7,147,11.9,-0.259249746799469,0.4792004188070908
COHFACE_s39_session2_natural,7,148,11.933333333333334,-0.4066550135612488,0.6662451475734482
COHFACE_s39_session2_natural,7,149,11.966666666666667,-0.5042579770088196,0.7922727370028081
COHFACE_s39_session2_natural,7,150,12.0,-0.5805948376655579,0.8370918907721209
COHFACE_s39_session2_natural,7,151,12.033333333333333,-0.6459143161773682,0.7894263441157336
COHFACE_s39_session2_natural,7,152,12.066666666666666,-0.7055330276489258,0.6490823919671331
COHFACE_s39_session2_natural,7,153,12.1,-0.7723257541656494,0.4296377373825563
COHFACE_s39_session2_natural,7,154,12.133333333333333,-0.8374691605567932,0.15925982867849484
COHFACE_s39_session2_natural,7,155,12.166666666666666,-0.9002264738082886,-0.12350469818947887
COHFACE_s39_session2_natural,7,156,12.2,-0.9539201259613037,-0.37910655224334167
COHFACE_s39_session2_natural,7,157,12.233333333333333,-1.0055480003356934,-0.5774955148629258
COHFACE_s39_session2_natural,7,158,12.266666666666667,-1.044621229171753,-0.7043096361723656
COHFACE_s39_session2_natural,7,159,12.3,-1.0783458948135376,-0.7599790766252957
COHFACE_s39_session2_natural,7,160,12.333333333333334,-1.1049604415893555,-0.7538277587541371
COHFACE_s39_session2_natural,7,161,12.366666666666667,-1.1362991333007812,-0.6980117447494695
COHFACE_s39_session2_natural,7,162,12.4,-1.1151450872421265,-0.6043078589065162
COHFACE_s39_session2_natural,7,163,12.433333333333334,-0.6472755074501038,-0.4831855381641148
COHFACE_s39_session2_natural,7,164,12.466666666666667,0.3895416557788849,-0.34318491826603453
COHFACE_s39_session2_natural,7,165,12.5,1.219254732131958,-0.18981507217430096
COHFACE_s39_session2_natural,7,166,12.533333333333333,1.361295461654663,-0.025054634883973036
COHFACE_s39_session2_natural,7,167,12.566666666666666,1.1092733144760132,0.15108110542313222
COHFACE_s39_session2_natural,7,168,12.6,0.8383390307426453,0.3371482221224606
COHFACE_s39_session2_natural,7,169,12.633333333333333,0.668450653553009,0.5269972559705896
COHFACE_s39_session2_natural,7,170,12.666666666666666,0.5279472470283508,0.7082760520264536
COHFACE_s39_session2_natural,7,171,12.7,0.4156758487224579,0.863047705692907
COHFACE_s39_session2_natural,7,172,12.733333333333333,0.39263227581977844,0.9701446468446958
COHFACE_s39_session2_natural,7,173,12.766666666666667,0.39814093708992004,1.0087804335039317
COHFACE_s39_session2_natural,7,174,12.8,0.3379938304424286,0.9627997679140189
COHFACE_s39_session2_natural,7,175,12.833333333333334,0.18829861283302307,0.8247467645576494
COHFACE_s39_session2_natural,7,176,12.866666666666667,-0.003128069220110774,0.5988659521680585
COHFACE_s39_session2_natural,7,177,12.9,-0.19410637021064758,0.30208984210722123
COHFACE_s39_session2_natural,7,178,12.933333333333334,-0.3491501212120056,-0.03791469696251625
COHFACE_s39_session2_natural,7,179,12.966666666666667,-0.4639517068862915,-0.3877782138421147
COHFACE_s39_session2_natural,7,180,13.0,-0.5532115697860718,-0.7149691838640109
COHFACE_s39_session2_natural,7,181,13.033333333333333,-0.6160969734191895,-0.9930204976560604
COHFACE_s39_session2_natural,7,182,13.066666666666666,-0.6592056155204773,-1.2031934178349069
COHFACE_s39_session2_natural,7,183,13.1,-0.6997360587120056,-1.332549237599587
COHFACE_s39_session2_natural,7,184,13.133333333333333,-0.7408270239830017,-1.3708457961838545
COHFACE_s39_session2_natural,7,185,13.166666666666666,-0.788291335105896,-1.3094990590806124
COHFACE_s39_session2_natural,7,186,13.2,-0.8388142585754395,-1.1442244697209163
COHFACE_s39_session2_natural,7,187,13.233333333333333,-0.8918033242225647,-0.8801972876380417
COHFACE_s39_session2_natural,7,188,13.266666666666667,-0.9313569068908691,-0.5366547818708952
COHFACE_s39_session2_natural,7,189,13.3,-0.9679480195045471,-0.14786152239466407
COHFACE_s39_session2_natural,7,190,13.333333333333334,-1.0196079015731812,0.2408973362693014
COHFACE_s39_session2_natural,7,191,13.366666666666667,-1.0112968683242798,0.5813688685359026
COHFACE_s39_session2_natural,7,192,13.4,-0.5920285582542419,0.8320136958658252
COHFACE_s39_session2_natural,7,193,13.433333333333334,0.40347346663475037,0.9665490971745515
COHFACE_s39_session2_natural,7,194,13.466666666666667,1.2427467107772827,0.9791591287672121
COHFACE_s39_session2_natural,7,195,13.5,1.399888277053833,0.8853570815653622
COHFACE_s39_session2_natural,7,196,13.533333333333333,1.1470494270324707,0.7187292099648361
COHFACE_s39_session2_natural,7,197,13.566666666666666,0.855409562587738,0.5242274734252421
COHFACE_s39_session2_natural,7,198,13.6,0.6666891574859619,0.3484088265295787
COHFACE_s39_session2_natural,7,199,13.633333333333333,0.5208532214164734,0.22795964681909028
COHFACE_s39_session2_natural,7,200,13.666666666666666,0.4368298351764679,0.18044887886770053
COHFACE_s39_session2_natural,7,201,13.7,0.45338788628578186,0.2018723504300125
COHFACE_s39_session2_natural,7,202,13.733333333333333,0.4851909279823303,0.27168969768152523
COHFACE_s39_session2_natural,7,203,13.766666666666667,0.4287109375,0.3612478352090916
COHFACE_s39_session2_natural,7,204,13.8,0.2829870879650116,0.4404527689083735
COHFACE_s39_session2_natural,7,205,13.833333333333334,0.08581151813268661,0.4808377036084292
COHFACE_s39_session2_natural,7,206,13.866666666666667,-0.10481448471546173,0.45767047668775135
COHFACE_s39_session2_natural,7,207,13.9,-0.26717647910118103,0.3546794725947553
COHFACE_s39_session2_natural,7,208,13.933333333333334,-0.3876308500766754,0.1707416322628602
COHFACE_s39_session2_natural,7,209,13.966666666666667,-0.4660174548625946,-0.07647098381268817
COHFACE_s39_session2_natural,7,210,14.0,-0.5109356045722961,-0.3540353401123581
COHFACE_s39_session2_natural,7,211,14.033333333333333,-0.5351962447166443,-0.6235866629122319
COHFACE_s39_session2_natural,7,212,14.066666666666666,-0.5741893649101257,-0.8517852584036292
COHFACE_s39_session2_natural,7,213,14.1,-0.6148479580879211,-1.0156574115708912
COHFACE_s39_session2_natural,7,214,14.133333333333333,-0.6635133028030396,-1.1018066258613877
COHFACE_s39_session2_natural,7,215,14.166666666666666,-0.7058212757110596,-1.1033024252727262
COHFACE_s39_session2_natural,7,216,14.2,-0.7520045042037964,-1.0182622796597307
COHFACE_s39_session2_natural,7,217,14.233333333333333,-0.8021911382675171,-0.8509065038302865
COHFACE_s39_session2_natural,7,218,14.266666666666667,-0.8378854990005493,-0.6130067832393471
COHFACE_s39_session2_natural,7,219,14.3,-0.5485996603965759,-0.32347945517884574
COHFACE_s39_session2_natural,7,220,14.333333333333334,0.3863869607448578,-0.006153331692700948
COHFACE_s39_session2_natural,7,221,14.366666666666667,1.351575255393982,0.31230698527170886
COHFACE_s39_session2_natural,7,222,14.4,1.6521986722946167,0.6030232939297003
COHFACE_s39_session2_natural,7,223,14.433333333333334,1.4440057277679443,0.8351339025713445
COHFACE_s39_session2_natural,7,224,14.466666666666667,1.1658813953399658,0.9782324320323964
COHFACE_s39_session2_natural,7,225,14.5,0.9828938841819763,1.0086316526327108
COHFACE_s39_session2_natural,7,226,14.533333333333333,0.8362412452697754,0.9178301039875796
COHFACE_s39_session2_natural,7,227,14.566666666666666,0.6981879472732544,0.7186959591435576
COHFACE_s39_session2_natural,7,228,14.6,0.6371921300888062,0.4450223136345523
COHFACE_s39_session2_natural,7,229,14.633333333333333,0.6210023760795593,0.14346777911142855
COHFACE_s39_session2_natural,7,230,14.666666666666666,0.5718245506286621,-0.138650169582554
COHFACE_s39_session2_natural,7,231,14.7,0.438591331243515,-0.36420513792413167
COHFACE_s39_session2_natural,7,232,14.733333333333333,0.22615478932857513,-0.5122583993669743
COHFACE_s39_session2_natural,7,233,14.766666666666667,0.011300193145871162,-0.5789629231506486
COHFACE_s39_session2_natural,7,234,14.8,-0.17066244781017303,-0.5745023441164167
COHFACE_s39_session2_natural,7,235,14.833333333333334,-0.3049205541610718,-0.5172909597504113
COHFACE_s39_session2_natural,7,236,14.866666666666667,-0.40369248390197754,-0.42715915834286594
COHFACE_s39_session2_natural,7,237,14.9,-0.47418439388275146,-0.31972250134794666
COHFACE_s39_session2_natural,7,238,14.933333333333334,-0.5281182527542114,-0.20360056559561154
COHFACE_s39_session2_natural,7,239,14.966666666666667,-0.5778725147247314,-0.08091639443276222
COHFACE_s39_session2_natural,8,0,8.0,0.3110429346561432,-0.0316966574432612
COHFACE_s39_session2_natural,8,1,8.033333333333333,0.14184314012527466,-0.06639755838546965
COHFACE_s39_session2_natural,8,2,8.066666666666666,0.010579580441117287,-0.10981680753389204
COHFACE_s39_session2_natural,8,3,8.1,-0.09860120713710785,-0.16391697113747042
COHFACE_s39_session2_natural,8,4,8.133333333333333,-0.173721045255661,-0.21803687011682701
COHFACE_s39_session2_natural,8,5,8.166666666666666,-0.23374006152153015,-0.25193373241202216
COHFACE_s39_session2_natural,8,6,8.2,-0.28653693199157715,-0.24441347606854022
COHFACE_s39_session2_natural,8,7,8.233333333333333,-0.33507418632507324,-0.18293783522470355
COHFACE_s39_session2_natural,8,8,8.266666666666667,-0.38221824169158936,-0.06933648826667455
COHFACE_s39_session2_natural,8,9,8.3,-0.43310949206352234,0.08071838568314009
COHFACE_s39_session2_natural,8,10,8.333333333333334,-0.5106953978538513,0.2432696783170306
COHFACE_s39_session2_natural,8,11,8.366666666666667,-0.5956956744194031,0.39317765910064906
COHFACE_s39_session2_natural,8,12,8.4,-0.5175172090530396,0.5095612728551983
COHFACE_s39_session2_natural,8,13,8.433333333333334,0.10161694884300232,0.5784147398826248
COHFACE_s39_session2_natural,8,14,8.466666666666667,1.0613446235656738,0.5932103269404652
COHFACE_s39_session2_natural,8,15,8.5,1.6105473041534424,0.5547750936682556
COHFACE_s39_session2_natural,8,16,8.533333333333333,1.5989373922348022,0.47067116440653023
COHFACE_s39_session2_natural,8,17,8.566666666666666,1.3869813680648804,0.35348405634729047
COHFACE_s39_session2_natural,8,18,8.6,1.2212724685668945,0.2181338596797829
COHFACE_s39_session2_natural,8,19,8.633333333333333,1.0957098007202148,0.07935681220415197
COHFACE_s39_session2_natural,8,20,8.666666666666666,0.9395771026611328,-0.04970819547894412
COHFACE_s39_session2_natural,8,21,8.7,0.8204678893089294,-0.15796057856581125
COHFACE_s39_session2_natural,8,22,8.733333333333333,0.7888410091400146,-0.236688780823791
COHFACE_s39_session2_natural,8,23,8.766666666666667,0.7480703592300415,-0.2806968516377525
COHFACE_s39_session2_natural,8,24,8.8,0.6361352205276489,-0.2903804796790652
COHFACE_s39_session2_natural,8,25,8.833333333333334,0.46453335881233215,-0.27379961788423574
COHFACE_s39_session2_natural,8,26,8.866666666666667,0.2616409361362457,-0.24688684630460545
COHFACE_s39_session2_natural,8,27,8.9,0.07982242852449417,-0.23038909459078272
COHFACE_s39_session2_natural,8,28,8.933333333333334,-0.05196957662701607,-0.24413924774513995
COHFACE_s39_session2_natural,8,29,8.966666666666667,-0.14907610416412354,-0.3008913661741606
COHFACE_s39_session2_natural,8,30,9.0,-0.23686270415782928,-0.4016794479085504
COHFACE_s39_session2_natural,8,31,9.033333333333333,-0.3170108199119568,-0.5335612749989165
COHFACE_s39_session2_natural,8,32,9.066666666666666,-0.3846362829208374,-0.670264031010153
COHFACE_s39_session2_natural,8,33,9.1,-0.45040419697761536,-0.7764170893747299
COHFACE_s39_session2_natural,8,34,9.133333333333333,-0.5003506541252136,-0.815637985101494
COHFACE_s39_session2_natural,8,35,9.166666666666666,-0.5507294535636902,-0.7611294665664657
COHFACE_s39_session2_natural,8,36,9.2,-0.6183549165725708,-0.6052170429989946
COHFACE_s39_session2_natural,8,37,9.233333333333333,-0.6752032041549683,-0.3633154453553454
COHFACE_s39_session2_natural,8,38,9.266666666666667,-0.4863547384738922,-0.06966936721771978
COHFACE_s39_session2_natural,8,39,9.3,0.32675227522850037,0.23369501444536273
COHFACE_s39_session2_natural,8,40,9.333333333333334,1.322142243385315,0.5093973731772133
COHFACE_s39_session2_natural,8,41,9.366666666666667,1.7588013410568237,0.7323900137243603
COHFACE_s39_session2_natural,8,42,9.4,1.6840977668762207,0.8904667282401242
COHFACE_s39_session2_natural,8,43,9.433333333333334,1.5012223720550537,0.980226327107094
COHFACE_s39_session2_natural,8,44,9.466666666666667,1.3985111713409424,1.0034893171862354
COHFACE_s39_session2_natural,8,45,9.5,1.29587984085083,0.9671091900225525
COHFACE_s39_session2_natural,8,46,9.533333333333333,1.106022596359253,0.8843872883727502
COHFACE_s39_session2_natural,8,47,9.566666666666666,0.9208091497421265,0.7738388146595832
COHFACE_s39_session2_natural,8,48,9.6,0.8276739716529846,0.653813698640957
COHFACE_s39_session2_natural,8,49,9.633333333333333,0.7686638236045837,0.5360155546059654
COHFACE_s39_session2_natural,8,50,9.666666666666666,0.6450067758560181,0.4223793057008037
COHFACE_s39_session2_natural,8,51,9.7,0.46107444167137146,0.3071863081599654
COHFACE_s39_session2_natural,8,52,9.733333333333333,0.24671626091003418,0.1821950563705734
COHFACE_s39_session2_natural,8,53,9.766666666666667,0.0587485171854496,0.04076460443266076
COHFACE_s39_session2_natural,8,54,9.8,-0.0872635692358017,-0.12082841380692937
COHFACE_s39_session2_natural,8,55,9.833333333333334,-0.20763787627220154,-0.30336845254560113
COHFACE_s39_session2_natural,8,56,9.866666666666667,-0.30223026871681213,-0.5036944537748409
COHFACE_s39_session2_natural,8,57,9.9,-0.3942444622516632,-0.7122893546586991
COHFACE_s39_session2_natural,8,58,9.933333333333334,-0.4721826910972595,-0.9113843733773361
COHFACE_s39_session2_natural,8,59,9.966666666666667,-0.5491921305656433,-1.0760952804557202
COHFACE_s39_session2_natural,8,60,10.0,-0.6221501231193542,-1.1792512942459294
COHFACE_s39_session2_natural,8,61,10.033333333333333,-0.6977664232254028,-1.197994269945776
COHFACE_s39_session2_natural,8,62,10.066666666666666,-0.7706122994422913,-1.119164477715985
COHFACE_s39_session2_natural,8,63,10.1,-0.8325689435005188,-0.9415928825673014
COHFACE_s39_session2_natural,8,64,10.133333333333333,-0.8894492983818054,-0.6757105161962915
COHFACE_s39_session2_natural,8,65,10.166666666666666,-0.9238465428352356,-0.34236885422376145
COHFACE_s39_session2_natural,8,66,10.2,-0.9389793872833252,0.027851293249894018
COHFACE_s39_session2_natural,8,67,10.233333333333333,-0.9506533145904541,0.3954410207792364
COHFACE_s39_session2_natural,8,68,10.266666666666667,-0.9789013266563416,0.7148291195370946
COHFACE_s39_session2_natural,8,69,10.3,-0.8933405876159668,0.9409369299342552
COHFACE_s39_session2_natural,8,70,10.333333333333334,-0.22893597185611725,1.0389993938792697
COHFACE_s39_session2_natural,8,71,10.366666666666667,0.9105443954467773,0.9946654111061684
COHFACE_s39_session2_natural,8,72,10.4,1.6404286623001099,0.8200072721098972
COHFACE_s39_session2_natural,8,73,10.433333333333334,1.6742974519729614,0.5521101860497748
COHFACE_s39_session2_natural,8,74,10.466666666666667,1.4540143013000488,0.2442110668659214
COHFACE_s39_session2_natural,8,75,10.5,1.3052479028701782,-0.047149347690478724
COHFACE_s39_session2_natural,8,76,10.533333333333333,1.2155876159667969,-0.2740830471871861
COHFACE_s39_session2_natural,8,77,10.566666666666666,1.0638266801834106,-0.40493394763503715
COHFACE_s39_session2_natural,8,78,10.6,0.8850347399711609,-0.42703462998258274
COHFACE_s39_session2_natural,8,79,10.633333333333333,0.7717064023017883,-0.3462016043976821
COHFACE_s39_session2_natural,8,80,10.666666666666666,0.7029759883880615,-0.18404031883550065
COHFACE_s39_session2_natural,8,81,10.7,0.5997202396392822,0.026889315666104474
COHFACE_s39_session2_natural,8,82,10.733333333333333,0.42510786652565,0.24944921594294378
COHFACE_s39_session2_natural,8,83,10.766666666666667,0.21744337677955627,0.44820334334351125
COHFACE_s39_session2_natural,8,84,10.8,0.022269515320658684,0.594175671633486
COHFACE_s39_session2_natural,8,85,10.833333333333334,-0.1435033679008484,0.6677301880003874
COHFACE_s39_session2_natural,8,86,10.866666666666667,-0.2728773057460785,0.6599269183668904
COHFACE_s39_session2_natural,8,87,10.9,-0.3703201413154602,0.5726646217745268
COHFACE_s39_session2_natural,8,88,10.933333333333334,-0.4529663622379303,0.4175129055832995
COHFACE_s39_session2_natural,8,89,10.966666666666667,-0.5208640694618225,0.21315079603219958
COHFACE_s39_session2_natural,8,90,11.0,-0.5911638140678406,-0.017953217680786053
COHFACE_s39_session2_natural,8,91,11.033333333333333,-0.6559228301048279,-0.2524663934444668
COHFACE_s39_session2_natural,8,92,11.066666666666666,-0.7255019545555115,-0.4680755092493872
COHFACE_s39_session2_natural,8,93,11.1,-0.797307014465332,-0.6447148391547755
COHFACE_s39_session2_natural,8,94,11.133333333333333,-0.8718183040618896,-0.7660548685896446
COHFACE_s39_session2_natural,8,95,11.166666666666666,-0.9296114444732666,-0.8216604007486824
COHFACE_s39_session2_natural,8,96,11.2,-0.9736168384552002,-0.8090162956305004
COHFACE_s39_session2_natural,8,97,11.233333333333333,-1.017510175704956,-0.7339468734466211
COHFACE_s39_session2_natural,8,98,11.266666666666667,-1.0419949293136597,-0.6086946479801035
COHFACE_s39_session2_natural,8,99,11.3,-1.0498576164245605,-0.4484455884178255
COHFACE_s39_session2_natural,8,100,11.333333333333334,-1.0678088665008545,-0.26815616354383487
COHFACE_s39_session2_natural,8,101,11.366666666666667,-1.0833580493927002,-0.08144639616706484
COHFACE_s39_session2_natural,8,102,11.4,-0.7891400456428528,0.09800687506545204
COHFACE_s39_session2_natural,8,103,11.433333333333334,0.14147482812404633,0.2542730170663297
COHFACE_s39_session2_natural,8,104,11.466666666666667,1.1644401550292969,0.36945151422530487
COHFACE_s39_session2_natural,8,105,11.5,1.52695631980896,0.4285268647394247
COHFACE_s39_session2_natural,8,106,11.533333333333333,1.3417108058929443,0.42669394863699733
COHFACE_s39_session2_natural,8,107,11.566666666666666,1.0803366899490356,0.37382976254357003
COHFACE_s39_session2_natural,8,108,11.6,0.9323068857192993,0.29213850954556697
COHFACE_s39_session2_natural,8,109,11.633333333333333,0.803013026714325,0.20772167301730882
COHFACE_s39_session2_natural,8,110,11.666666666666666,0.6534138917922974,0.14106722757897555
COHFACE_s39_session2_natural,8,111,11.7,0.5585492849349976,0.10189852829744861
COHFACE_s39_session2_natural,8,112,11.733333333333333,0.5155367255210876,0.09003375952973428
COHFACE_s39_session2_natural,8,113,11.766666666666667,0.45245909690856934,0.09953877126315573
COHFACE_s39_session2_natural,8,114,11.8,0.31796079874038696,0.12232439165282849
COHFACE_s39_session2_natural,8,115,11.833333333333334,0.1243242472410202,0.1494599046105286
COHFACE_s39_session2_natural,8,116,11.866666666666667,-0.07816784083843231,0.17136404908997763
COHFACE_s39_session2_natural,8,117,11.9,-0.259249746799469,0.17898302401564758
COHFACE_s39_session2_natural,8,118,11.933333333333334,-0.4066550135612488,0.16625323639885378
COHFACE_s39_session2_natural,8,119,11.966666666666667,-0.5042579770088196,0.1319700312094436
COHFACE_s39_session2_natural,8,120,12.0,-0.5805948376655579,0.07927131453086596
COHFACE_s39_session2_natural,8,121,12.033333333333333,-0.6459143161773682,0.013094227167676364
COHFACE_s39_session2_natural,8,122,12.066666666666666,-0.7055330276489258,-0.06196637540734708
COHFACE_s39_session2_natural,8,123,12.1,-0.7723257541656494,-0.14135444041363374
COHFACE_s39_session2_natural,8,124,12.133333333333333,-0.8374691605567932,-0.21878026966610528
COHFACE_s39_session2_natural,8,125,12.166666666666666,-0.9002264738082886,-0.28605048097776703
COHFACE_s39_session2_natural,8,126,12.2,-0.9539201259613037,-0.3358805829173184
COHFACE_s39_session2_natural,8,127,12.233333333333333,-1.0055480003356934,-0.3655859782971531
COHFACE_s39_session2_natural,8,128,12.266666666666667,-1.044621229171753,-0.3780219258668142
COHFACE_s39_session2_natural,8,129,12.3,-1.0783458948135376,-0.37824936225521305
COHFACE_s39_session2_natural,8,130,12.333333333333334,-1.1049604415893555,-0.3686295572112755
COHFACE_s39_session2_natural,8,131,12.366666666666667,-1.1362991333007812,-0.3468927568932214
COHFACE_s39_session2_natural,8,132,12.4,-1.1151450872421265,-0.308643742530759
COHFACE_s39_session2_natural,8,133,12.433333333333334,-0.6472755074501038,-0.25135512420225
COHFACE_s39_session2_natural,8,134,12.466666666666667,0.3895416557788849,-0.17585839591721206
COHFACE_s39_session2_natural,8,135,12.5,1.219254732131958,-0.08400997912204439
COHFACE_s39_session2_natural,8,136,12.533333333333333,1.361295461654663,0.025119156869175673
COHFACE_s39_session2_natural,8,137,12.566666666666666,1.1092733144760132,0.15671461984274992
COHFACE_s39_session2_natural,8,138,12.6,0.8383390307426453,0.3175162576427372
COHFACE_s39_session2_natural,8,139,12.633333333333333,0.668450653553009,0.5101534993279436
COHFACE_s39_session2_natural,8,140,12.666666666666666,0.5279472470283508,0.7271068555178879
COHFACE_s39_session2_natural,8,141,12.7,0.4156758487224579,0.9468627212024779
COHFACE_s39_session2_natural,8,142,12.733333333333333,0.39263227581977844,1.1345289622828894
COHFACE_s39_session2_natural,8,143,12.766666666666667,0.39814093708992004,1.248127363322363
COHFACE_s39_session2_natural,8,144,12.8,0.3379938304424286,1.249470737226567
COHFACE_s39_session2_natural,8,145,12.833333333333334,0.18829861283302307,1.1160969002823335
COHFACE_s39_session2_natural,8,146,12.866666666666667,-0.003128069220110774,0.8497103738113565
COHFACE_s39_session2_natural,8,147,12.9,-0.19410637021064758,0.4774946537074172
COHFACE_s39_session2_natural,8,148,12.933333333333334,-0.3491501212120056,0.04521097040787823
COHFACE_s39_session2_natural,8,149,12.966666666666667,-0.4639517068862915,-0.3954900583089741
COHFACE_s39_session2_natural,8,150,13.0,-0.5532115697860718,-0.8001001256218615
COHFACE_s39_session2_natural,8,151,13.033333333333333,-0.6160969734191895,-1.138950147295812
COHFACE_s39_session2_natural,8,152,13.066666666666666,-0.6592056155204773,-1.3972511044023814
COHFACE_s39_session2_natural,8,153,13.1,-0.6997360587120056,-1.5695838788080863
COHFACE_s39_session2_natural,8,154,13.133333333333333,-0.7408270239830017,-1.653311350911096
COHFACE_s39_session2_natural,8,155,13.166666666666666,-0.788291335105896,-1.6448856153880553
COHFACE_s39_session2_natural,8,156,13.2,-0.8388142585754395,-1.5405931740705054
COHFACE_s39_session2_natural,8,157,13.233333333333333,-0.8918033242225647,-1.3404301892202248
COHFACE_s39_session2_natural,8,158,13.266666666666667,-0.9313569068908691,-1.0520543809729248
COHFACE_s39_session2_natural,8,159,13.3,-0.9679480195045471,-0.6921521235712932
COHFACE_s39_session2_natural,8,160,13.333333333333334,-1.0196079015731812,-0.28480807217806137
COHFACE_s39_session2_natural,8,161,13.366666666666667,-1.0112968683242798,0.14138035361028073
COHFACE_s39_session2_natural,8,162,13.4,-0.5920285582542419,0.5554516246001824
COHFACE_s39_session2_natural,8,163,13.433333333333334,0.40347346663475037,0.9250848740018787
COHFACE_s39_session2_natural,8,164,13.466666666666667,1.2427467107772827,1.2180070614299088
COHFACE_s39_session2_natural,8,165,13.5,1.399888277053833,1.4058362172374963
COHFACE_s39_session2_natural,8,166,13.533333333333333,1.1470494270324707,1.4706059615274454
COHFACE_s39_session2_natural,8,167,13.566666666666666,0.855409562587738,1.4113723482831722
COHFACE_s39_session2_natural,8,168,13.6,0.6666891574859619,1.2467314216478345
COHFACE_s39_session2_natural,8,169,13.633333333333333,0.5208532214164734,1.0108069711397627
COHFACE_s39_session2_natural,8,170,13.666666666666666,0.4368298351764679,0.7447056855377454
COHFACE_s39_session2_natural,8,171,13.7,0.45338788628578186,0.488054271484438
COHFACE_s39_session2_natural,8,172,13.733333333333333,0.4851909279823303,0.27305159152526326
COHFACE_s39_session2_natural,8,173,13.766666666666667,0.4287109375,0.11991340872072682
COHFACE_s39_session2_natural,8,174,13.8,0.2829870879650116,0.03224195519079566
COHFACE_s39_session2_natural,8,175,13.833333333333334,0.08581151813268661,-0.006243860027179426
COHFACE_s39_session2_natural,8,176,13.866666666666667,-0.10481448471546173,-0.029359853428499227
COHFACE_s39_session2_natural,8,177,13.9,-0.26717647910118103,-0.07756950516200448
COHFACE_s39_session2_natural,8,178,13.933333333333334,-0.3876308500766754,-0.18175205486482332
COHFACE_s39_session2_natural,8,179,13.966666666666667,-0.4660174548625946,-0.3500428996424828
COHFACE_s39_session2_natural,8,180,14.0,-0.5109356045722961,-0.5649553278062267
COHFACE_s39_session2_natural,8,181,14.033333333333333,-0.5351962447166443,-0.7913857291757102
COHFACE_s39_session2_natural,8,182,14.066666666666666,-0.5741893649101257,-0.9893406712083667
COHFACE_s39_session2_natural,8,183,14.1,-0.6148479580879211,-1.123748543955121
COHFACE_s39_session2_natural,8,184,14.133333333333333,-0.6635133028030396,-1.168685857615916
COHFACE_s39_session2_natural,8,185,14.166666666666666,-0.7058212757110596,-1.1088321880892151
COHFACE_s39_session2_natural,8,186,14.2,-0.7520045042037964,-0.9412725333776314
COHFACE_s39_session2_natural,8,187,14.233333333333333,-0.8021911382675171,-0.6775493204880515
COHFACE_s39_session2_natural,8,188,14.266666666666667,-0.8378854990005493,-0.34366753544714573
COHFACE_s39_session2_natural,8,189,14.3,-0.5485996603965759,0.023628938095971875
COHFACE_s39_session2_natural,8,190,14.333333333333334,0.3863869607448578,0.3834817129045766
COHFACE_s39_session2_natural,8,191,14.366666666666667,1.351575255393982,0.6976735252601972
COHFACE_s39_session2_natural,8,192,14.4,1.6521986722946167,0.9352257937425403
COHFACE_s39_session2_natural,8,193,14.433333333333334,1.4440057277679443,1.074796746742825
COHFACE_s39_session2_natural,8,194,14.466666666666667,1.1658813953399658,1.1066900523590728
COHFACE_s39_session2_natural,8,195,14.5,0.9828938841819763,1.0356665694386675
COHFACE_s39_session2_natural,8,196,14.533333333333333,0.8362412452697754,0.8827909155745963
COHFACE_s39_session2_natural,8,197,14.566666666666666,0.6981879472732544,0.6827629703137947
COHFACE_s39_session2_natural,8,198,14.6,0.6371921300888062,0.47534509396216923
COHFACE_s39_session2_natural,8,199,14.633333333333333,0.6210023760795593,0.29371692639123065
COHFACE_s39_session2_natural,8,200,14.666666666666666,0.5718245506286621,0.15514871018464602
COHFACE_s39_session2_natural,8,201,14.7,0.438591331243515,0.05828090854328575
COHFACE_s39_session2_natural,8,202,14.733333333333333,0.22615478932857513,-0.012708587168051524
COHFACE_s39_session2_natural,8,203,14.766666666666667,0.011300193145871162,-0.08018226753674973
COHFACE_s39_session2_natural,8,204,14.8,-0.17066244781017303,-0.1647487570184807
COHFACE_s39_session2_natural,8,205,14.833333333333334,-0.3049205541610718,-0.27865053244117477
COHFACE_s39_session2_natural,8,206,14.866666666666667,-0.40369248390197754,-0.42231675304056854
COHFACE_s39_session2_natural,8,207,14.9,-0.47418439388275146,-0.5852189784285416
COHFACE_s39_session2_natural,8,208,14.933333333333334,-0.5281182527542114,-0.750710566503673
COHFACE_s39_session2_natural,8,209,14.966666666666667,-0.5778725147247314,-0.9022968825525418
COHFACE_s39_session2_natural,8,210,15.0,-0.6298366785049438,-1.0273813331682515
COHFACE_s39_session2_natural,8,211,15.033333333333333,-0.684699296951294,-1.1158484753546847
COHFACE_s39_session2_natural,8,212,15.066666666666666,-0.7376242876052856,-1.1548650042039657
COHFACE_s39_session2_natural,8,213,15.1,-0.7967305183410645,-1.124615175228911
COHFACE_s39_session2_natural,8,214,15.133333333333333,-0.8548118472099304,-0.9993244722568045
COHFACE_s39_session2_natural,8,215,15.166666666666666,-0.6273545622825623,-0.7548448597857931
COHFACE_s39_session2_natural,8,216,15.2,0.2894245684146881,-0.3807742731646981
COHFACE_s39_session2_natural,8,217,15.233333333333333,1.3880062103271484,0.10740800162876342
COHFACE_s39_session2_natural,8,218,15.266666666666667,1.8744996786117554,0.6618987010306693
COHFACE_s39_session2_natural,8,219,15.3,1.7768166065216064,1.2063467737380935
COHFACE_s39_session2_natural,8,220,15.333333333333334,1.5480942726135254,1.6505969921850352
COHFACE_s39_session2_natural,8,221,15.366666666666667,1.4220030307769775,1.9126570705904489
COHFACE_s39_session2_natural,8,222,15.4,1.3235514163970947,1.9411823886424395
COHFACE_s39_session2_natural,8,223,15.433333333333334,1.1259434223175049,1.7310972053338625
COHFACE_s39_session2_natural,8,224,15.466666666666667,0.9117454290390015,1.3265772893904684
COHFACE_s39_session2_natural,8,225,15.5,0.7849656939506531,0.8096002929845055
COHFACE_s39_session2_natural,8,226,15.533333333333333,0.7047374844551086,0.27773161157799275
COHFACE_s39_session2_natural,8,227,15.566666666666666,0.5741465091705322,-0.18096758836861201
COHFACE_s39_session2_natural,8,228,15.6,0.3766186535358429,-0.5074470288807292
COHFACE_s39_session2_natural,8,229,15.633333333333333,0.15508638322353363,-0.6801436732730115
COHFACE_s39_session2_natural,8,230,15.666666666666666,-0.049743685871362686,-0.7118056445141575
COHFACE_s39_session2_natural,8,231,15.7,-0.20938335359096527,-0.6383533767727836
COHFACE_s39_session2_natural,8,232,15.733333333333333,-0.33243194222450256,-0.505451057226119
COHFACE_s39_session2_natural,8,233,15.766666666666667,-0.4220280647277832,-0.3576045218877154
COHFACE_s39_session2_natural,8,234,15.8,-0.49152714014053345,-0.23175591128627104
COHFACE_s39_session2_natural,8,235,15.833333333333334,-0.5634602904319763,-0.15437925862277058
COHFACE_s39_session2_natural,8,236,15.866666666666667,-0.632623016834259,-0.13977430066240676
COHFACE_s39_session2_natural,8,237,15.9,-0.6959408521652222,-0.18826338909370363
COHFACE_s39_session2_natural,8,238,15.933333333333334,-0.7590184807777405,-0.2853274964101685
COHFACE_s39_session2_natural,8,239,15.966666666666667,-0.8272684812545776,-0.4038393504574325
COHFACE_s39_session2_natural,9,0,9.0,-0.23686270415782928,-0.14422983577940013
COHFACE_s39_session2_natural,9,1,9.033333333333333,-0.3170108199119568,-0.46601223664282726
COHFACE_s39_session2_natural,9,2,9.066666666666666,-0.3846362829208374,-0.7574588456155827
COHFACE_s39_session2_natural,9,3,9.1,-0.45040419697761536,-0.9950940553604538
COHFACE_s39_session2_natural,9,4,9.133333333333333,-0.5003506541252136,-1.1608482621105431
COHFACE_s39_session2_natural,9,5,9.166666666666666,-0.5507294535636902,-1.245851774624304
COHFACE_s39_session2_natural,9,6,9.2,-0.6183549165725708,-1.2523890413378085
COHFACE_s39_session2_natural,9,7,9.233333333333333,-0.6752032041549683,-1.1920870833304908
COHFACE_s39_session2_natural,9,8,9.266666666666667,-0.4863547384738922,-1.080588035611509
COHFACE_s39_session2_natural,9,9,9.3,0.32675227522850037,-0.9312798535571547
COHFACE_s39_session2_natural,9,10,9.333333333333334,1.322142243385315,-0.7514264372308733
COHFACE_s39_session2_natural,9,11,9.366666666666667,1.7588013410568237,-0.5426973005368431
COHFACE_s39_session2_natural,9,12,9.4,1.6840977668762207,-0.3054075016073409
COHFACE_s39_session2_natural,9,13,9.433333333333334,1.5012223720550537,-0.04350785085416216
COHFACE_s39_session2_natural,9,14,9.466666666666667,1.3985111713409424,0.23289007276912244
COHFACE_s39_session2_natural,9,15,9.5,1.29587984085083,0.5086170674723314
COHFACE_s39_session2_natural,9,16,9.533333333333333,1.106022596359253,0.7663469739961797
COHFACE_s39_session2_natural,9,17,9.566666666666666,0.9208091497421265,0.98828484261753
COHFACE_s39_session2_natural,9,18,9.6,0.8276739716529846,1.1556850285399878
COHFACE_s39_session2_natural,9,19,9.633333333333333,0.7686638236045837,1.248393609758084
COHFACE_s39_session2_natural,9,20,9.666666666666666,0.6450067758560181,1.2476198203154825
COHFACE_s39_session2_natural,9,21,9.7,0.46107444167137146,1.1425707425279028
COHFACE_s39_session2_natural,9,22,9.733333333333333,0.24671626091003418,0.937101772967389
COHFACE_s39_session2_natural,9,23,9.766666666666667,0.0587485171854496,0.6509614017362803
COHFACE_s39_session2_natural,9,24,9.8,-0.0872635692358017,0.3141489610691657
COHFACE_s39_session2_natural,9,25,9.833333333333334,-0.20763787627220154,-0.04175512236744187
COHFACE_s39_session2_natural,9,26,9.866666666666667,-0.30223026871681213,-0.38990621414774546
COHFACE_s39_session2_natural,9,27,9.9,-0.3942444622516632,-0.7093584549456378
COHFACE_s39_session2_natural,9,28,9.933333333333334,-0.4721826910972595,-0.9821508845121582
COHFACE_s39_session2_natural,9,29,9.966666666666667,-0.5491921305656433,-1.1897332612054428
COHFACE_s39_session2_natural,9,30,10.0,-0.6221501231193542,-1.3117047215981095
COHFACE_s39_session2_natural,9,31,10.033333333333333,-0.6977664232254028,-1.3279077747666237
COHFACE_s39_session2_natural,9,32,10.066666666666666,-0.7706122994422913,-1.2233340522518057
COHFACE_s39_session2_natural,9,33,10.1,-0.8325689435005188,-0.9943027710004536
COHFACE_s39_session2_natural,9,34,10.133333333333333,-0.8894492983818054,-0.6536805091096569
COHFACE_s39_session2_natural,9,35,10.166666666666666,-0.9238465428352356,-0.23297139641431724
COHFACE_s39_session2_natural,9,36,10.2,-0.9389793872833252,0.2198173376950532
COHFACE_s39_session2_natural,9,37,10.233333333333333,-0.9506533145904541,0.6463769208302015
COHFACE_s39_session2_natural,9,38,10.266666666666667,-0.9789013266563416,0.9875320846134792
COHFACE_s39_session2_natural,9,39,10.3,-0.8933405876159668,1.1945260441550736
COHFACE_s39_session2_natural,9,40,10.333333333333334,-0.22893597185611725,1.2398155099357866
COHFACE_s39_session2_natural,9,41,10.366666666666667,0.9105443954467773,1.1242047592205444
COHFACE_s39_session2_natural,9,42,10.4,1.6404286623001099,0.8774154907825803
COHFACE_s39_session2_natural,9,43,10.433333333333334,1.6742974519729614,0.5510882432142159
COHFACE_s39_session2_natural,9,44,10.466666666666667,1.4540143013000488,0.2062295140985142
COHFACE_s39_session2_natural,9,45,10.5,1.3052479028701782,-0.10053260650405928
COHFACE_s39_session2_natural,9,46,10.533333333333333,1.2155876159667969,-0.32743532724905217
COHFACE_s39_session2_natural,9,47,10.566666666666666,1.0638266801834106,-0.45248600491164503
COHFACE_s39_session2_natural,9,48,10.6,0.8850347399711609,-0.47332669109462117
COHFACE_s39_session2_natural,9,49,10.633333333333333,0.7717064023017883,-0.40405156978126516
COHFACE_s39_session2_natural,9,50,10.666666666666666,0.7029759883880615,-0.27022687124527817
COHFACE_s39_session2_natural,9,51,10.7,0.5997202396392822,-0.10250163989389356
COHFACE_s39_session2_natural,9,52,10.733333333333333,0.42510786652565,0.06998827124784371
COHFACE_s39_session2_natural,9,53,10.766666666666667,0.21744337677955627,0.22419683261858428
COHFACE_s39_session2_natural,9,54,10.8,0.022269515320658684,0.3442434822495514
COHFACE_s39_session2_natural,9,55,10.833333333333334,-0.1435033679008484,0.41950714814872364
COHFACE_s39_session2_natural,9,56,10.866666666666667,-0.2728773057460785,0.4418716353381491
COHFACE_s39_session2_natural,9,57,10.9,-0.3703201413154602,0.40452636113224444
COHFACE_s39_session2_natural,9,58,10.933333333333334,-0.4529663622379303,0.3035576065307086
COHFACE_s39_session2_natural,9,59,10.966666666666667,-0.5208640694618225,0.14157951812879663
COHFACE_s39_session2_natural,9,60,11.0,-0.5911638140678406,-0.06901296345351558
COHFACE_s39_session2_natural,9,61,11.033333333333333,-0.6559228301048279,-0.3056751384085468
COHFACE_s39_session2_natural,9,62,11.066666666666666,-0.7255019545555115,-0.5389959226304656
COHFACE_s39_session2_natural,9,63,11.1,-0.797307014465332,-0.7383797581692455
COHFACE_s39_session2_natural,9,64,11.133333333333333,-0.8718183040618896,-0.8781032375777488
COHFACE_s39_session2_natural,9,65,11.166666666666666,-0.9296114444732666,-0.9419803830955749
COHFACE_s39_session2_natural,9,66,11.2,-0.9736168384552002,-0.9253546752857025
COHFACE_s39_session2_natural,9,67,11.233333333333333,-1.017510175704956,-0.8338420969001802
COHFACE_s39_session2_natural,9,68,11.266666666666667,-1.0419949293136597,-0.6793921730886814
COHFACE_s39_session2_natural,9,69,11.3,-1.0498576164245605,-0.47552289492211053
COHFACE_s39_session2_natural,9,70,11.333333333333334,-1.0678088665008545,-0.23433575020708705
COHFACE_s39_session2_natural,9,71,11.366666666666667,-1.0833580493927002,0.03264352216385334
COHFACE_s39_session2_natural,9,72,11.4,-0.7891400456428528,0.30991602899763504
COHFACE_s39_session2_natural,9,73,11.433333333333334,0.14147482812404633,0.5729861885297556
COHFACE_s39_session2_natural,9,74,11.466666666666667,1.1644401550292969,0.7881900585130501
COHFACE_s39_session2_natural,9,75,11.5,1.52695631980896,0.9206909137141224
COHFACE_s39_session2_natural,9,76,11.533333333333333,1.3417108058929443,0.9476605667398205
COHFACE_s39_session2_natural,9,77,11.566666666666666,1.0803366899490356,0.8687137865083444
COHFACE_s39_session2_natural,9,78,11.6,0.9323068857192993,0.7071094347094122
COHFACE_s39_session2_natural,9,79,11.633333333333333,0.803013026714325,0.5013081489757427
COHFACE_s39_session2_natural,9,80,11.666666666666666,0.6534138917922974,0.2920901803129323
COHFACE_s39_session2_natural,9,81,11.7,0.5585492849349976,0.11192093642926346
COHFACE_s39_session2_natural,9,82,11.733333333333333,0.5155367255210876,-0.019841448582497433
COHFACE_s39_session2_natural,9,83,11.766666666666667,0.45245909690856934,-0.09666190038598829
COHFACE_s39_session2_natural,9,84,11.8,0.31796079874038696,-0.12226325035649428
COHFACE_s39_session2_natural,9,85,11.833333333333334,0.1243242472410202,-0.1078711949134978
COHFACE_s39_session2_natural,9,86,11.866666666666667,-0.07816784083843231,-0.06962198654139387
COHFACE_s39_session2_natural,9,87,11.9,-0.259249746799469,-0.025614271741591227
COHFACE_s39_session2_natural,9,88,11.933333333333334,-0.4066550135612488,0.007239292696881725
COHFACE_s39_session2_natural,9,89,11.966666666666667,-0.5042579770088196,0.01559186443645581
COHFACE_s39_session2_natural,9,90,12.0,-0.5805948376655579,-0.0092225339835229
COHFACE_s39_session2_natural,9,91,12.033333333333333,-0.6459143161773682,-0.07069744858019694
COHFACE_s39_session2_natural,9,92,12.066666666666666,-0.7055330276489258,-0.1662721483502277
COHFACE_s39_session2_natural,9,93,12.1,-0.7723257541656494,-0.2860840594842857
COHFACE_s39_session2_natural,9,94,12.133333333333333,-0.8374691605567932,-0.413080955971135
COHFACE_s39_session2_natural,9,95,12.166666666666666,-0.9002264738082886,-0.5264195678603079
COHFACE_s39_session2_natural,9,96,12.2,-0.9539201259613037,-0.6076965777107187
COHFACE_s39_session2_natural,9,97,12.233333333333333,-1.0055480003356934,-0.6466772178147828
COHFACE_s39_session2_natural,9,98,12.266666666666667,-1.044621229171753,-0.6426918300482651
COHFACE_s39_session2_natural,9,99,12.3,-1.0783458948135376,-0.6007144291096425
COHFACE_s39_session2_natural,9,100,12.333333333333334,-1.1049604415893555,-0.5255108928799124
COHFACE_s39_session2_natural,9,101,12.366666666666667,-1.1362991333007812,-0.4188520639882728
COHFACE_s39_session2_natural,9,102,12.4,-1.1151450872421265,-0.2814664363637034
COHFACE_s39_session2_natural,9,103,12.433333333333334,-0.6472755074501038,-0.11691917363491425
COHFACE_s39_session2_natural,9,104,12.466666666666667,0.3895416557788849,0.06645721143133143
COHFACE_s39_session2_natural,9,105,12.5,1.219254732131958,0.25706729876439
COHFACE_s39_session2_natural,9,106,12.533333333333333,1.361295461654663,0.4433900689194999
COHFACE_s39_session2_natural,9,107,12.566666666666666,1.1092733144760132,0.6163793628897818
COHFACE_s39_session2_natural,9,108,12.6,0.8383390307426453,0.7696599999086299
COHFACE_s39_session2_natural,9,109,12.633333333333333,0.668450653553009,0.8983367645580735
COHFACE_s39_session2_natural,9,110,12.666666666666666,0.5279472470283508,0.9976948546062028
COHFACE_s39_session2_natural,9,111,12.7,0.4156758487224579,1.0622976310620376
COHFACE_s39_session2_natural,9,112,12.733333333333333,0.39263227581977844,1.0853987954171922
COHFACE_s39_session2_natural,9,113,12.766666666666667,0.39814093708992004,1.0586501119910952
COHFACE_s39_session2_natural,9,114,12.8,0.3379938304424286,0.9725253572695733
COHFACE_s39_session2_natural,9,115,12.833333333333334,0.18829861283302307,0.8182048430485224
COHFACE_s39_session2_natural,9,116,12.866666666666667,-0.003128069220110774,0.5913406229922362
COHFACE_s39_session2_natural,9,117,12.9,-0.19410637021064758,0.2967866589847782
COHFACE_s39_session2_natural,9,118,12.933333333333334,-0.3491501212120056,-0.04833770865715924
COHFACE_s39_session2_natural,9,119,12.966666666666667,-0.4639517068862915,-0.41594718026680594
COHFACE_s39_session2_natural,9,120,13.0,-0.5532115697860718,-0.772783469032681
COHFACE_s39_session2_natural,9,121,13.033333333333333,-0.6160969734191895,-1.0877882522188695
COHFACE_s39_session2_natural,9,122,13.066666666666666,-0.6592056155204773,-1.3373070348121536
COHFACE_s39_session2_natural,9,123,13.1,-0.6997360587120056,-1.5061430814703172
COHFACE_s39_session2_natural,9,124,13.133333333333333,-0.7408270239830017,-1.5853915382824695
COHFACE_s39_session2_natural,9,125,13.166666666666666,-0.788291335105896,-1.5698549655409915
COHFACE_s39_session2_natural,9,126,13.2,-0.8388142585754395,-1.4573707467235113
COHFACE_s39_session2_natural,9,127,13.233333333333333,-0.8918033242225647,-1.250392780098927
COHFACE_s39_session2_natural,9,128,13.266666666666667,-0.9313569068908691,-0.9584132013692355
COHFACE_s39_session2_natural,9,129,13.3,-0.9679480195045471,-0.5994316547535494
COHFACE_s39_session2_natural,9,130,13.333333333333334,-1.0196079015731812,-0.19965624553625863
COHFACE_s39_session2_natural,9,131,13.366666666666667,-1.0112968683242798,0.20833933686092018
COHFACE_s39_session2_natural,9,132,13.4,-0.5920285582542419,0.5887118528186429
COHFACE_s39_session2_natural,9,133,13.433333333333334,0.40347346663475037,0.9067233201563198
COHFACE_s39_session2_natural,9,134,13.466666666666667,1.2427467107772827,1.134174478908602
COHFACE_s39_session2_natural,9,135,13.5,1.399888277053833,1.2549939070515748
COHFACE_s39_session2_natural,9,136,13.533333333333333,1.1470494270324707,1.2694513229103115
COHFACE_s39_session2_natural,9,137,13.566666666666666,0.855409562587738,1.194893694882966
COHFACE_s39_session2_natural,9,138,13.6,0.6666891574859619,1.0609372789255997
COHFACE_s39_session2_natural,9,139,13.633333333333333,0.5208532214164734,0.8995033013887116
COHFACE_s39_session2_natural,9,140,13.666666666666666,0.4368298351764679,0.7345702272981386
COHFACE_s39_session2_natural,9,141,13.7,0.45338788628578186,0.5778725847411488
COHFACE_s39_session2_natural,9,142,13.733333333333333,0.4851909279823303,0.43191970284165104
COHFACE_s39_session2_natural,9,143,13.766666666666667,0.4287109375,0.29571474891979277
COHFACE_s39_session2_natural,9,144,13.8,0.2829870879650116,0.1676728469158563
COHFACE_s39_session2_natural,9,145,13.833333333333334,0.08581151813268661,0.04439648142331441
COHFACE_s39_session2_natural,9,146,13.866666666666667,-0.10481448471546173,-0.08116692567998506
COHFACE_s39_session2_natural,9,147,13.9,-0.26717647910118103,-0.21791274064945404
COHFACE_s39_session2_natural,9,148,13.933333333333334,-0.3876308500766754,-0.37130081629769524
COHFACE_s39_session2_natural,9,149,13.966666666666667,-0.4660174548625946,-0.5391353578941455
COHFACE_s39_session2_natural,9,150,14.0,-0.5109356045722961,-0.7120136840081583
COHFACE_s39_session2_natural,9,151,14.033333333333333,-0.5351962447166443,-0.8775181475603011
COHFACE_s39_session2_natural,9,152,14.066666666666666,-0.5741893649101257,-1.0238399266310385
COHFACE_s39_session2_natural,9,153,14.1,-0.6148479580879211,-1.1393305293620852
COHFACE_s39_session2_natural,9,154,14.133333333333333,-0.6635133028030396,-1.2089396205785528
COHFACE_s39_session2_natural,9,155,14.166666666666666,-0.7058212757110596,-1.212099530201635
COHFACE_s39_session2_natural,9,156,14.2,-0.7520045042037964,-1.1256575744155108
COHFACE_s39_session2_natural,9,157,14.233333333333333,-0.8021911382675171,-0.9315095899141973
COHFACE_s39_session2_natural,9,158,14.266666666666667,-0.8378854990005493,-0.6253798930939778
COHFACE_s39_session2_natural,9,159,14.3,-0.5485996603965759,-0.2226713479361694
COHFACE_s39_session2_natural,9,160,14.333333333333334,0.3863869607448578,0.24078105268464722
COHFACE_s39_session2_natural,9,161,14.366666666666667,1.351575255393982,0.7128849376654851
COHFACE_s39_session2_natural,9,162,14.4,1.6521986722946167,1.1332567645401768
COHFACE_s39_session2_natural,9,163,14.433333333333334,1.4440057277679443,1.4440180222459296
COHFACE_s39_session2_natural,9,164,14.466666666666667,1.1658813953399658,1.6024230474584973
COHFACE_s39_session2_natural,9,165,14.5,0.9828938841819763,1.592935021366773
COHFACE_s39_session2_natural,9,166,14.533333333333333,0.8362412452697754,1.434126431361272
COHFACE_s39_session2_natural,9,167,14.566666666666666,0.6981879472732544,1.1754825701668348
COHFACE_s39_session2_natural,9,168,14.6,0.6371921300888062,0.882816848558144
COHFACE_s39_session2_natural,9,169,14.633333333333333,0.6210023760795593,0.6168283967549897
COHFACE_s39_session2_natural,9,170,14.666666666666666,0.5718245506286621,0.4136146296662074
COHFACE_s39_session2_natural,9,171,14.7,0.438591331243515,0.2755230010197827
COHFACE_s39_session2_natural,9,172,14.733333333333333,0.22615478932857513,0.175342818767975
COHFACE_s39_session2_natural,9,173,14.766666666666667,0.011300193145871162,0.07052609083516942
COHFACE_s39_session2_natural,9,174,14.8,-0.17066244781017303,-0.07898810896501873
COHFACE_s39_session2_natural,9,175,14.833333333333334,-0.3049205541610718,-0.29557570612235806
COHFACE_s39_session2_natural,9,176,14.866666666666667,-0.40369248390197754,-0.5758297302989657
COHFACE_s39_session2_natural,9,177,14.9,-0.47418439388275146,-0.8915632344552737
COHFACE_s39_session2_natural,9,178,14.933333333333334,-0.5281182527542114,-1.1990217133900518
COHFACE_s39_session2_natural,9,179,14.966666666666667,-0.5778725147247314,-1.4525971344869695
COHFACE_s39_session2_natural,9,180,15.0,-0.6298366785049438,-1.617502826175502
COHFACE_s39_session2_natural,9,181,15.033333333333333,-0.684699296951294,-1.6763264020660154
COHFACE_s39_session2_natural,9,182,15.066666666666666,-0.7376242876052856,-1.6275062383483765
COHFACE_s39_session2_natural,9,183,15.1,-0.7967305183410645,-1.4779307400525779
COHFACE_s39_session2_natural,9,184,15.133333333333333,-0.8548118472099304,-1.2347535195711434
COHFACE_s39_session2_natural,9,185,15.166666666666666,-0.6273545622825623,-0.9018338930139528
COHFACE_s39_session2_natural,9,186,15.2,0.2894245684146881,-0.48369720952391454
COHFACE_s39_session2_natural,9,187,15.233333333333333,1.3880062103271484,0.004805322758941468
COHFACE_s39_session2_natural,9,188,15.266666666666667,1.8744996786117554,0.529625484662397
COHFACE_s39_session2_natural,9,189,15.3,1.7768166065216064,1.03656795652453
COHFACE_s39_session2_natural,9,190,15.333333333333334,1.5480942726135254,1.4605282827878752
COHFACE_s39_session2_natural,9,191,15.366666666666667,1.4220030307769775,1.7411591104254125
COHFACE_s39_session2_natural,9,192,15.4,1.3235514163970947,1.8387950251595175
COHFACE_s39_session2_natural,9,193,15.433333333333334,1.1259434223175049,1.7453778489674117
COHFACE_s39_session2_natural,9,194,15.466666666666667,0.9117454290390015,1.4870611302684746
COHFACE_s39_session2_natural,9,195,15.5,0.7849656939506531,1.1175989384482212
COHFACE_s39_session2_natural,9,196,15.533333333333333,0.7047374844551086,0.7045838196311307
COHFACE_s39_session2_natural,9,197,15.566666666666666,0.5741465091705322,0.3131602846307031
COHFACE_s39_session2_natural,9,198,15.6,0.3766186535358429,-0.007291966035865126
COHFACE_s39_session2_natural,9,199,15.633333333333333,0.15508638322353363,-0.2296398550120896
COHFACE_s39_session2_natural,9,200,15.666666666666666,-0.049743685871362686,-0.3483175781774185
COHFACE_s39_session2_natural,9,201,15.7,-0.20938335359096527,-0.37418652644776484
COHFACE_s39_session2_natural,9,202,15.733333333333333,-0.33243194222450256,-0.3282274036083189
COHFACE_s39_session2_natural,9,203,15.766666666666667,-0.4220280647277832,-0.23621460077252499
COHFACE_s39_session2_natural,9,204,15.8,-0.49152714014053345,-0.12519587509488142
COHFACE_s39_session2_natural,9,205,15.833333333333334,-0.5634602904319763,-0.021466356147384895
COHFACE_s39_session2_natural,9,206,15.866666666666667,-0.632623016834259,0.05114396794322103
COHFACE_s39_session2_natural,9,207,15.9,-0.6959408521652222,0.07367517517114268
COHFACE_s39_session2_natural,9,208,15.933333333333334,-0.7590184807777405,0.03477876467728686
COHFACE_s39_session2_natural,9,209,15.966666666666667,-0.8272684812545776,-0.06749194355378113
COHFACE_s39_session2_natural,9,210,16.0,-0.8849334716796875,-0.22541637812647314
COHFACE_s39_session2_natural,9,211,16.033333333333335,-0.9412373304367065,-0.4222670192810431
COHFACE_s39_session2_natural,9,212,16.066666666666666,-0.9711507558822632,-0.6332813366623699
COHFACE_s39_session2_natural,9,213,16.1,-0.6478039622306824,-0.8273812235287602
COHFACE_s39_session2_natural,9,214,16.133333333333333,0.38616275787353516,-0.9709514398597435
COHFACE_s39_session2_natural,9,215,16.166666666666668,1.5008541345596313,-1.034365871853202
COHFACE_s39_session2_natural,9,216,16.2,1.90311598777771,-0.999735852795273
COHFACE_s39_session2_natural,9,217,16.233333333333334,1.7260855436325073,-0.8665074593904788
COHFACE_s39_session2_natural,9,218,16.266666666666666,1.4908616542816162,-0.651955565809427
COHFACE_s39_session2_natural,9,219,16.3,1.4005608558654785,-0.38602818223369617
COHFACE_s39_session2_natural,9,220,16.333333333333332,1.2944387197494507,-0.10275646910663304
COHFACE_s39_session2_natural,9,221,16.366666666666667,1.0677499771118164,0.16807681969940386
COHFACE_s39_session2_natural,9,222,16.4,0.85020512342453,0.4058633296853951
COHFACE_s39_session2_natural,9,223,16.433333333333334,0.7342025637626648,0.599368617812398
COHFACE_s39_session2_natural,9,224,16.466666666666665,0.647392749786377,0.7429094049364898
COHFACE_s39_session2_natural,9,225,16.5,0.502966046333313,0.8311896540729323
COHFACE_s39_session2_natural,9,226,16.533333333333335,0.2895846962928772,0.8567497768140578
COHFACE_s39_session2_natural,9,227,16.566666666666666,0.05615431070327759,0.8124705009311122
COHFACE_s39_session2_natural,9,228,16.6,-0.14380761981010437,0.6971989830176069
COHFACE_s39_session2_natural,9,229,16.633333333333333,-0.29217371344566345,0.5199361826851786
COHFACE_s39_session2_natural,9,230,16.666666666666668,-0.4077279269695282,0.30027174115934363
COHFACE_s39_session2_natural,9,231,16.7,-0.49868521094322205,0.06596589101473596
COHFACE_s39_session2_natural,9,232,16.733333333333334,-0.5810431838035583,-0.15141805678649375
COHFACE_s39_session2_natural,9,233,16.766666666666666,-0.6497735977172852,-0.322767896512797
COHFACE_s39_session2_natural,9,234,16.8,-0.7131394743919373,-0.4280452871931255
COHFACE_s39_session2_natural,9,235,16.833333333333332,-0.7818058133125305,-0.4601732132585052
COHFACE_s39_session2_natural,9,236,16.866666666666667,-0.8559808731079102,-0.4243238833473475
COHFACE_s39_session2_natural,9,237,16.9,-0.920243501663208,-0.33362364900447555
COHFACE_s39_session2_natural,9,238,16.933333333333334,-0.9831449389457703,-0.2041084734661977
COHFACE_s39_session2_natural,9,239,16.966666666666665,-1.0408580303192139,-0.051537656131389394
COHFACE_s39_session2_natural,10,0,10.0,-0.6221501231193542,0.01200859249754032
COHFACE_s39_session2_natural,10,1,10.033333333333333,-0.6977664232254028,-0.11166098131119645
COHFACE_s39_session2_natural,10,2,10.066666666666666,-0.7706122994422913,-0.190109039844055
COHFACE_s39_session2_natural,10,3,10.1,-0.8325689435005188,-0.18887706095639864
COHFACE_s39_session2_natural,10,4,10.133333333333333,-0.8894492983818054,-0.09461235975046813
COHFACE_s39_session2_natural,10,5,10.166666666666666,-0.9238465428352356,0.08217616748142713
COHFACE_s39_session2_natural,10,6,10.2,-0.9389793872833252,0.31057662137915837
COHFACE_s39_session2_natural,10,7,10.233333333333333,-0.9506533145904541,0.5470084626248659
COHFACE_s39_session2_natural,10,8,10.266666666666667,-0.9789013266563416,0.7448217257174827
COHFACE_s39_session2_natural,10,9,10.3,-0.8933405876159668,0.86387241880421
COHFACE_s39_session2_natural,10,10,10.333333333333334,-0.22893597185611725,0.8783945209378407
COHFACE_s39_session2_natural,10,11,10.366666666666667,0.9105443954467773,0.7815219218913488
COHFACE_s39_session2_natural,10,12,10.4,1.6404286623001099,0.5853926416829291
COHFACE_s39_session2_natural,10,13,10.433333333333334,1.6742974519729614,0.3170381027379144
COHFACE_s39_session2_natural,10,14,10.466666666666667,1.4540143013000488,0.011769336950507145
COHFACE_s39_session2_natural,10,15,10.5,1.3052479028701782,-0.29331300095977736
COHFACE_s39_session2_natural,10,16,10.533333333333333,1.2155876159667969,-0.5634710328331523
COHFACE_s39_session2_natural,10,17,10.566666666666666,1.0638266801834106,-0.7678112563124753
COHFACE_s39_session2_natural,10,18,10.6,0.8850347399711609,-0.8800972081582684
COHFACE_s39_session2_natural,10,19,10.633333333333333,0.7717064023017883,-0.8814096580326021
COHFACE_s39_session2_natural,10,20,10.666666666666666,0.7029759883880615,-0.7648909190475041
COHFACE_s39_session2_natural,10,21,10.7,0.5997202396392822,-0.5401305629099538
COHFACE_s39_session2_natural,10,22,10.733333333333333,0.42510786652565,-0.23434098878175405
COHFACE_s39_session2_natural,10,23,10.766666666666667,0.21744337677955627,0.11092143242993396
COHFACE_s39_session2_natural,10,24,10.8,0.022269515320658684,0.44677356846611666
COHFACE_s39_session2_natural,10,25,10.833333333333334,-0.1435033679008484,0.7257618195008049
COHFACE_s39_session2_natural,10,26,10.866666666666667,-0.2728773057460785,0.9100665555347474
COHFACE_s39_session2_natural,10,27,10.9,-0.3703201413154602,0.9773844324446399
COHFACE_s39_session2_natural,10,28,10.933333333333334,-0.4529663622379303,0.9236094287996961
COHFACE_s39_session2_natural,10,29,10.966666666666667,-0.5208640694618225,0.7622642028481617
COHFACE_s39_session2_natural,10,30,11.0,-0.5911638140678406,0.5211402940987485
COHFACE_s39_session2_natural,10,31,11.033333333333333,-0.6559228301048279,0.23676078257076158
COHFACE_s39_session2_natural,10,32,11.066666666666666,-0.7255019545555115,-0.05266041353431397
COHFACE_s39_session2_natural,10,33,11.1,-0.797307014465332,-0.31464281389333876
COHFACE_s39_session2_natural,10,34,11.133333333333333,-0.8718183040618896,-0.5282941068321335
COHFACE_s39_session2_natural,10,35,11.166666666666666,-0.9296114444732666,-0.6863768431931041
COHFACE_s39_session2_natural,10,36,11.2,-0.9736168384552002,-0.7924987420408565
COHFACE_s39_session2_natural,10,37,11.233333333333333,-1.017510175704956,-0.8544758101794562
COHFACE_s39_session2_natural,10,38,11.266666666666667,-1.0419949293136597,-0.8769061993380167
COHFACE_s39_session2_natural,10,39,11.3,-1.0498576164245605,-0.856653716504099
COHFACE_s39_session2_natural,10,40,11.333333333333334,-1.0678088665008545,-0.7837421301443114
COHFACE_s39_session2_natural,10,41,11.366666666666667,-1.0833580493927002,-0.6476997064598501
COHFACE_s39_session2_natural,10,42,11.4,-0.7891400456428528,-0.4467636308803004
COHFACE_s39_session2_natural,10,43,11.433333333333334,0.14147482812404633,-0.19540449850974187
COHFACE_s39_session2_natural,10,44,11.466666666666667,1.1644401550292969,0.07466558740734051
COHFACE_s39_session2_natural,10,45,11.5,1.52695631980896,0.32216137421765867
COHFACE_s39_session2_natural,10,46,11.533333333333333,1.3417108058929443,0.5095519064947969
COHFACE_s39_session2_natural,10,47,11.566666666666666,1.0803366899490356,0.6151335647961397
COHFACE_s39_session2_natural,10,48,11.6,0.9323068857192993,0.6377198193818632
COHFACE_s39_session2_natural,10,49,11.633333333333333,0.803013026714325,0.592663551223379
COHFACE_s39_session2_natural,10,50,11.666666666666666,0.6534138917922974,0.5033295501329621
COHFACE_s39_session2_natural,10,51,11.7,0.5585492849349976,0.3939263836525491
COHFACE_s39_session2_natural,10,52,11.733333333333333,0.5155367255210876,0.2863738993826605
COHFACE_s39_session2_natural,10,53,11.766666666666667,0.45245909690856934,0.19931177294567165
COHFACE_s39_session2_natural,10,54,11.8,0.31796079874038696,0.14594069844477248
COHFACE_s39_session2_natural,10,55,11.833333333333334,0.1243242472410202,0.12986437853082897
COHFACE_s39_session2_natural,10,56,11.866666666666667,-0.07816784083843231,0.1419108773070709
COHFACE_s39_session2_natural,10,57,11.9,-0.259249746799469,0.16201118145385657
COHFACE_s39_session2_natural,10,58,11.933333333333334,-0.4066550135612488,0.16681355514553095
COHFACE_s39_session2_natural,10,59,11.966666666666667,-0.5042579770088196,0.13912708259721723
COHFACE_s39_session2_natural,10,60,12.0,-0.5805948376655579,0.07387960051187084
COHFACE_s39_session2_natural,10,61,12.033333333333333,-0.6459143161773682,-0.02202477337272697
COHFACE_s39_session2_natural,10,62,12.066666666666666,-0.7055330276489258,-0.13409758029041524
COHFACE_s39_session2_natural,10,63,12.1,-0.7723257541656494,-0.24499610447714942
COHFACE_s39_session2_natural,10,64,12.133333333333333,-0.8374691605567932,-0.3378715101291152
COHFACE_s39_session2_natural,10,65,12.166666666666666,-0.9002264738082886,-0.39940272452386477
COHFACE_s39_session2_natural,10,66,12.2,-0.9539201259613037,-0.4231510933678296
COHFACE_s39_session2_natural,10,67,12.233333333333333,-1.0055480003356934,-0.4115941903569251
COHFACE_s39_session2_natural,10,68,12.266666666666667,-1.044621229171753,-0.3744946624885253
COHFACE_s39_session2_natural,10,69,12.3,-1.0783458948135376,-0.32354903862388934
COHFACE_s39_session2_natural,10,70,12.333333333333334,-1.1049604415893555,-0.26693482168554045
COHFACE_s39_session2_natural,10,71,12.366666666666667,-1.1362991333007812,-0.20806073785817286
COHFACE_s39_session2_natural,10,72,12.4,-1.1151450872421265,-0.14859071499103116
COHFACE_s39_session2_natural,10,73,12.433333333333334,-0.6472755074501038,-0.0913937505292265
COHFACE_s39_session2_natural,10,74,12.466666666666667,0.3895416557788849,-0.039552144961153356
COHFACE_s39_session2_natural,10,75,12.5,1.219254732131958,0.008119668064859711
COHFACE_s39_session2_natural,10,76,12.533333333333333,1.361295461654663,0.06074181561381025
COHFACE_s39_session2_natural,10,77,12.566666666666666,1.1092733144760132,0.1338863564766259
COHFACE_s39_session2_natural,10,78,12.6,0.8383390307426453,0.24260615704142544
COHFACE_s39_session2_natural,10,79,12.633333333333333,0.668450653553009,0.39278154255642356
COHFACE_s39_session2_natural,10,80,12.666666666666666,0.5279472470283508,0.5752694304103747
COHFACE_s39_session2_natural,10,81,12.7,0.4156758487224579,0.7653832247459195
COHFACE_s39_session2_natural,10,82,12.733333333333333,0.39263227581977844,0.9280308923746303
COHFACE_s39_session2_natural,10,83,12.766666666666667,0.39814093708992004,1.0269180676468237
COHFACE_s39_session2_natural,10,84,12.8,0.3379938304424286,1.03452797795906
COHFACE_s39_session2_natural,10,85,12.833333333333334,0.18829861283302307,0.9390520370124077
COHFACE_s39_session2_natural,10,86,12.866666666666667,-0.003128069220110774,0.7457961025206135
COHFACE_s39_session2_natural,10,87,12.9,-0.19410637021064758,0.47314426694102946
COHFACE_s39_session2_natural,10,88,12.933333333333334,-0.3491501212120056,0.14554795397159426
COHFACE_s39_session2_natural,10,89,12.966666666666667,-0.4639517068862915,-0.21289402252422598
COHFACE_s39_session2_natural,10,90,13.0,-0.5532115697860718,-0.5813643683638139
COHFACE_s39_session2_natural,10,91,13.033333333333333,-0.6160969734191895,-0.9409425237336214
COHFACE_s39_session2_natural,10,92,13.066666666666666,-0.6592056155204773,-1.2705593280844898
COHFACE_s39_session2_natural,10,93,13.1,-0.6997360587120056,-1.5435003369036457
COHFACE_s39_session2_natural,10,94,13.133333333333333,-0.7408270239830017,-1.727456846931863
COHFACE_s39_session2_natural,10,95,13.166666666666666,-0.788291335105896,-1.7894006271967127
COHFACE_s39_session2_natural,10,96,13.2,-0.8388142585754395,-1.7042141231336594
COHFACE_s39_session2_natural,10,97,13.233333333333333,-0.8918033242225647,-1.4639416564351913
COHFACE_s39_session2_natural,10,98,13.266666666666667,-0.9313569068908691,-1.0836429290784042
COHFACE_s39_session2_natural,10,99,13.3,-0.9679480195045471,-0.6009969253688374
COHFACE_s39_session2_natural,10,100,13.333333333333334,-1.0196079015731812,-0.06977068060779264
COHFACE_s39_session2_natural,10,101,13.366666666666667,-1.0112968683242798,0.4500604578812455
COHFACE_s39_session2_natural,10,102,13.4,-0.5920285582542419,0.9022195924515307
COHFACE_s39_session2_natural,10,103,13.433333333333334,0.40347346663475037,1.2419439584846566
COHFACE_s39_session2_natural,10,104,13.466666666666667,1.2427467107772827,1.441134341128775
COHFACE_s39_session2_natural,10,105,13.5,1.399888277053833,1.4913232181352054
COHFACE_s39_session2_natural,10,106,13.533333333333333,1.1470494270324707,1.4050626648748652
COHFACE_s39_session2_natural,10,107,13.566666666666666,0.855409562587738,1.2150423172091682
COHFACE_s39_session2_natural,10,108,13.6,0.6666891574859619,0.9685715091766675
COHFACE_s39_session2_natural,10,109,13.633333333333333,0.5208532214164734,0.716348374374526
COHFACE_s39_session2_natural,10,110,13.666666666666666,0.4368298351764679,0.4993937372323982
COHFACE_s39_session2_natural,10,111,13.7,0.45338788628578186,0.3408132123681289
COHFACE_s39_session2_natural,10,112,13.733333333333333,0.4851909279823303,0.2452383227043995
COHFACE_s39_session2_natural,10,113,13.766666666666667,0.4287109375,0.20280709531247024
COHFACE_s39_session2_natural,10,114,13.8,0.2829870879650116,0.1928453384433058
COHFACE_s39_session2_natural,10,115,13.833333333333334,0.08581151813268661,0.18587121139318952
COHFACE_s39_session2_natural,10,116,13.866666666666667,-0.10481448471546173,0.14730469623004372
COHFACE_s39_session2_natural,10,117,13.9,-0.26717647910118103,0.04654674324414894
COHFACE_s39_session2_natural,10,118,13.933333333333334,-0.3876308500766754,-0.13080042906885284
COHFACE_s39_session2_natural,10,119,13.966666666666667,-0.4660174548625946,-0.3751993508624648
COHFACE_s39_session2_natural,10,120,14.0,-0.5109356045722961,-0.655781818434363
COHFACE_s39_session2_natural,10,121,14.033333333333333,-0.5351962447166443,-0.9319359130458065
COHFACE_s39_session2_natural,10,122,14.066666666666666,-0.5741893649101257,-1.1662343549386387
COHFACE_s39_session2_natural,10,123,14.1,-0.6148479580879211,-1.3310053877960213
COHFACE_s39_session2_natural,10,124,14.133333333333333,-0.6635133028030396,-1.407321673363559
COHFACE_s39_session2_natural,10,125,14.166666666666666,-0.7058212757110596,-1.3815181963586294
COHFACE_s39_session2_natural,10,126,14.2,-0.7520045042037964,-1.2444969158001915
COHFACE_s39_session2_natural,10,127,14.233333333333333,-0.8021911382675171,-0.9948780525196794
COHFACE_s39_session2_natural,10,128,14.266666666666667,-0.8378854990005493,-0.6435092270257625
COHFACE_s39_session2_natural,10,129,14.3,-0.5485996603965759,-0.21614313418223496
COHFACE_s39_session2_natural,10,130,14.333333333333334,0.3863869607448578,0.24730740763468884
COHFACE_s39_session2_natural,10,131,14.366666666666667,1.351575255393982,0.6967312176875197
COHFACE_s39_session2_natural,10,132,14.4,1.6521986722946167,1.0784134532738818
COHFACE_s39_session2_natural,10,133,14.433333333333334,1.4440057277679443,1.344106290888426
COHFACE_s39_session2_natural,10,134,14.466666666666667,1.1658813953399658,1.4620679170113777
COHFACE_s39_session2_natural,10,135,14.5,0.9828938841819763,1.4275716688523972
COHFACE_s39_session2_natural,10,136,14.533333333333333,0.8362412452697754,1.2677977290337166
COHFACE_s39_session2_natural,10,137,14.566666666666666,0.6981879472732544,1.0361132120816987
COHFACE_s39_session2_natural,10,138,14.6,0.6371921300888062,0.7954004688813401
COHFACE_s39_session2_natural,10,139,14.633333333333333,0.6210023760795593,0.5965804310842004
COHFACE_s39_session2_natural,10,140,14.666666666666666,0.5718245506286621,0.46213042307640184
COHFACE_s39_session2_natural,10,141,14.7,0.438591331243515,0.382112137790464
COHFACE_s39_session2_natural,10,142,14.733333333333333,0.22615478932857513,0.32293614785344776
COHFACE_s39_session2_natural,10,143,14.766666666666667,0.011300193145871162,0.2427460051293469
COHFACE_s39_session2_natural,10,144,14.8,-0.17066244781017303,0.10660294118076029
COHFACE_s39_session2_natural,10,145,14.833333333333334,-0.3049205541610718,-0.10267613795696225
COHFACE_s39_session2_natural,10,146,14.866666666666667,-0.40369248390197754,-0.380137256521822
COHFACE_s39_session2_natural,10,147,14.9,-0.47418439388275146,-0.7014549502168383
COHFACE_s39_session2_natural,10,148,14.933333333333334,-0.5281182527542114,-1.0313388793286722
COHFACE_s39_session2_natural,10,149,14.966666666666667,-0.5778725147247314,-1.3336544934906913
COHFACE_s39_session2_natural,10,150,15.0,-0.6298366785049438,-1.578369440878728
COHFACE_s39_session2_natural,10,151,15.033333333333333,-0.684699296951294,-1.74235472870683
COHFACE_s39_session2_natural,10,152,15.066666666666666,-0.7376242876052856,-1.8053869848143491
COHFACE_s39_session2_natural,10,153,15.1,-0.7967305183410645,-1.7460938556236045
COHFACE_s39_session2_natural,10,154,15.133333333333333,-0.8548118472099304,-1.5423343118248005
COHFACE_s39_session2_natural,10,155,15.166666666666666,-0.6273545622825623,-1.1777057224344283
COHFACE_s39_session2_natural,10,156,15.2,0.2894245684146881,-0.6528123536664522
COHFACE_s39_session2_natural,10,157,15.233333333333333,1.3880062103271484,0.0028734086053838863
COHFACE_s39_session2_natural,10,158,15.266666666666667,1.8744996786117554,0.7248202798742303
COHFACE_s39_session2_natural,10,159,15.3,1.7768166065216064,1.418446764723339
COHFACE_s39_session2_natural,10,160,15.333333333333334,1.5480942726135254,1.9763732511914507
COHFACE_s39_session2_natural,10,161,15.366666666666667,1.4220030307769775,2.303547745322507
COHFACE_s39_session2_natural,10,162,15.4,1.3235514163970947,2.34275699006243
COHFACE_s39_session2_natural,10,163,15.433333333333334,1.1259434223175049,2.0923782605671595
COHFACE_s39_session2_natural,10,164,15.466666666666667,0.9117454290390015,1.6094362793751678
COHFACE_s39_session2_natural,10,165,15.5,0.7849656939506531,0.9951508444763898
COHFACE_s39_session2_natural,10,166,15.533333333333333,0.7047374844551086,0.367115162787859
COHFACE_s39_session2_natural,10,167,15.566666666666666,0.5741465091705322,-0.17167673405394726
COHFACE_s39_session2_natural,10,168,15.6,0.3766186535358429,-0.5555528341230799
COHFACE_s39_session2_natural,10,169,15.633333333333333,0.15508638322353363,-0.7636840537172063
COHFACE_s39_session2_natural,10,170,15.666666666666666,-0.049743685871362686,-0.813012118002436
COHFACE_s39_session2_natural,10,171,15.7,-0.20938335359096527,-0.7432163384669276
COHFACE_s39_session2_natural,10,172,15.733333333333333,-0.33243194222450256,-0.6014821384969381
COHFACE_s39_session2_natural,10,173,15.766666666666667,-0.4220280647277832,-0.4319156958184046
COHFACE_s39_session2_natural,10,174,15.8,-0.49152714014053345,-0.27043791093110425
COHFACE_s39_session2_natural,10,175,15.833333333333334,-0.5634602904319763,-0.14320788888459124
COHFACE_s39_session2_natural,10,176,15.866666666666667,-0.632623016834259,-0.06611955431344345
COHFACE_s39_session2_natural,10,177,15.9,-0.6959408521652222,-0.04437892475951072
COHFACE_s39_session2_natural,10,178,15.933333333333334,-0.7590184807777405,-0.07311098149435255
COHFACE_s39_session2_natural,10,179,15.966666666666667,-0.8272684812545776,-0.1402687994017452
COHFACE_s39_session2_natural,10,180,16.0,-0.8849334716796875,-0.23117232568606919
COHFACE_s39_session2_natural,10,181,16.033333333333335,-0.9412373304367065,-0.3320348977979142
COHFACE_s39_session2_natural,10,182,16.066666666666666,-0.9711507558822632,-0.430293667098638
COHFACE_s39_session2_natural,10,183,16.1,-0.6478039622306824,-0.5123028412639293
COHFACE_s39_session2_natural,10,184,16.133333333333333,0.38616275787353516,-0.5617582266453945
COHFACE_s39_session2_natural,10,185,16.166666666666668,1.5008541345596313,-0.5621777970474684
COHFACE_s39_session2_natural,10,186,16.2,1.90311598777771,-0.5031268922071652
COHFACE_s39_session2_natural,10,187,16.233333333333334,1.7260855436325073,-0.386125637967754
COHFACE_s39_session2_natural,10,188,16.266666666666666,1.4908616542816162,-0.2259293333456902
COHFACE_s39_session2_natural,10,189,16.3,1.4005608558654785,-0.045750341256360134
COHFACE_s39_session2_natural,10,190,16.333333333333332,1.2944387197494507,0.13150005706010265
COHFACE_s39_session2_natural,10,191,16.366666666666667,1.0677499771118164,0.2916705603622609
COHFACE_s39_session2_natural,10,192,16.4,0.85020512342453,0.4332596139786696
COHFACE_s39_session2_natural,10,193,16.433333333333334,0.7342025637626648,0.5644645611438812
COHFACE_s39_session2_natural,10,194,16.466666666666665,0.647392749786377,0.694283624406067
COHFACE_s39_session2_natural,10,195,16.5,0.502966046333313,0.8220866186568565
COHFACE_s39_session2_natural,10,196,16.533333333333335,0.2895846962928772,0.9322216766609548
COHFACE_s39_session2_natural,10,197,16.566666666666666,0.05615431070327759,0.9978794791103608
COHFACE_s39_session2_natural,10,198,16.6,-0.14380761981010437,0.991667254333098
COHFACE_s39_session2_natural,10,199,16.633333333333333,-0.29217371344566345,0.8958200641954024
COHFACE_s39_session2_natural,10,200,16.666666666666668,-0.4077279269695282,0.7074915356089523
COHFACE_s39_session2_natural,10,201,16.7,-0.49868521094322205,0.43932474753824924
COHFACE_s39_session2_natural,10,202,16.733333333333334,-0.5810431838035583,0.11662855202084328
COHFACE_s39_session2_natural,10,203,16.766666666666666,-0.6497735977172852,-0.22815631820290813
COHFACE_s39_session2_natural,10,204,16.8,-0.7131394743919373,-0.56191801247071
COHFACE_s39_session2_natural,10,205,16.833333333333332,-0.7818058133125305,-0.8552866815524592
COHFACE_s39_session2_natural,10,206,16.866666666666667,-0.8559808731079102,-1.0834413775765341
COHFACE_s39_session2_natural,10,207,16.9,-0.920243501663208,-1.2248675532523012
COHFACE_s39_session2_natural,10,208,16.933333333333334,-0.9831449389457703,-1.2616569017296817
COHFACE_s39_session2_natural,10,209,16.966666666666665,-1.0408580303192139,-1.1837875198914072
COHFACE_s39_session2_natural,10,210,17.0,-1.086704969406128,-0.9957804447522702
COHFACE_s39_session2_natural,10,211,17.033333333333335,-1.1253777742385864,-0.7207112366384658
COHFACE_s39_session2_natural,10,212,17.066666666666666,-1.1422401666641235,-0.3971495203241974
COHFACE_s39_session2_natural,10,213,17.1,-1.1510796546936035,-0.06912299230003556
COHFACE_s39_session2_natural,10,214,17.133333333333333,-1.1576932668685913,0.22550220797184278
COHFACE_s39_session2_natural,10,215,17.166666666666668,-1.1709365844726562,0.4613987810204878
COHFACE_s39_session2_natural,10,216,17.2,-1.0898756980895996,0.6244854841680936
COHFACE_s39_session2_natural,10,217,17.233333333333334,-0.4005378186702728,0.7069259961526709
COHFACE_s39_session2_natural,10,218,17.266666666666666,0.8953955173492432,0.7051153295458786
COHFACE_s39_session2_natural,10,219,17.3,1.7981467247009277,0.6237233878000613
COHFACE_s39_session2_natural,10,220,17.333333333333332,1.8786952495574951,0.48139276007737014
COHFACE_s39_session2_natural,10,221,17.366666666666667,1.5938130617141724,0.3102990477517008
COHFACE_s39_session2_natural,10,222,17.4,1.3788464069366455,0.14707464708109477
COHFACE_s39_session2_natural,10,223,17.433333333333334,1.2814996242523193,0.02041492047055939
COHFACE_s39_session2_natural,10,224,17.466666666666665,1.1318684816360474,-0.057053501751670295
COHFACE_s39_session2_natural,10,225,17.5,0.9379757046699524,-0.0887897595771314
COHFACE_s39_session2_natural,10,226,17.533333333333335,0.8237186074256897,-0.08787716294215422
COHFACE_s39_session2_natural,10,227,17.566666666666666,0.7530505657196045,-0.06889547884544055
COHFACE_s39_session2_natural,10,228,17.6,0.6369038820266724,-0.04216521890667581
COHFACE_s39_session2_natural,10,229,17.633333333333333,0.4522509276866913,-0.01170798200827258
COHFACE_s39_session2_natural,10,230,17.666666666666668,0.22296807169914246,0.023576794591786413
COHFACE_s39_session2_natural,10,231,17.7,0.003293388057500124,0.06660909597080575
COHFACE_s39_session2_natural,10,232,17.733333333333334,-0.18244846165180206,0.11798699411558747
COHFACE_s39_session2_natural,10,233,17.766666666666666,-0.31033313274383545,0.1725742746828264
COHFACE_s39_session2_natural,10,234,17.8,-0.4043330252170563,0.218576248095937
COHFACE_s39_session2_natural,10,235,17.833333333333332,-0.4742644727230072,0.24022034741610854
COHFACE_s39_session2_natural,10,236,17.866666666666667,-0.5408009886741638,0.2233993589292626
COHFACE_s39_session2_natural,10,237,17.9,-0.6158568263053894,0.16182826685546212
COHFACE_s39_session2_natural,10,238,17.933333333333334,-0.6961970925331116,0.06076337359686805
COHFACE_s39_session2_natural,10,239,17.966666666666665,-0.7727100849151611,-0.06344274028871168
COHFACE_s39_session2_natural,11,0,11.0,-0.5911638140678406,0.003958263864528423
COHFACE_s39_session2_natural,11,1,11.033333333333333,-0.6559228301048279,-0.4668184258397809
COHFACE_s39_session2_natural,11,2,11.066666666666666,-0.7255019545555115,-0.8932985410952441
COHFACE_s39_session2_natural,11,3,11.1,-0.797307014465332,-1.2388376265047514
COHFACE_s39_session2_natural,11,4,11.133333333333333,-0.8718183040618896,-1.479601492258347
COHFACE_s39_session2_natural,11,5,11.166666666666666,-0.9296114444732666,-1.6076708525140235
COHFACE_s39_session2_natural,11,6,11.2,-0.9736168384552002,-1.6296355551575674
COHFACE_s39_session2_natural,11,7,11.233333333333333,-1.017510175704956,-1.561281069497394
COHFACE_s39_session2_natural,11,8,11.266666666666667,-1.0419949293136597,-1.4207153406931141
COHFACE_s39_session2_natural,11,9,11.3,-1.0498576164245605,-1.2227481629221977
COHFACE_s39_session2_natural,11,10,11.333333333333334,-1.0678088665008545,-0.9767878450995302
COHFACE_s39_session2_natural,11,11,11.366666666666667,-1.0833580493927002,-0.6892340175911564
COHFACE_s39_session2_natural,11,12,11.4,-0.7891400456428528,-0.36949477678768355
COHFACE_s39_session2_natural,11,13,11.433333333333334,0.14147482812404633,-0.03645356265035771
COHFACE_s39_session2_natural,11,14,11.466666666666667,1.1644401550292969,0.27946173861671014
COHFACE_s39_session2_natural,11,15,11.5,1.52695631980896,0.5418869743719935
COHFACE_s39_session2_natural,11,16,11.533333333333333,1.3417108058929443,0.7197863632782915
COHFACE_s39_session2_natural,11,17,11.566666666666666,1.0803366899490356,0.797828788927529
COHFACE_s39_session2_natural,11,18,11.6,0.9323068857192993,0.7799782063529981
COHFACE_s39_session2_natural,11,19,11.633333333333333,0.803013026714325,0.6853564298004051
COHFACE_s39_session2_natural,11,20,11.666666666666666,0.6534138917922974,0.5405836243661134
COHFACE_s39_session2_natural,11,21,11.7,0.5585492849349976,0.3740249647902664
COHFACE_s39_session2_natural,11,22,11.733333333333333,0.5155367255210876,0.21374529901502864
COHFACE_s39_session2_natural,11,23,11.766666666666667,0.45245909690856934,0.08668033579735099
COHFACE_s39_session2_natural,11,24,11.8,0.31796079874038696,0.01590763001768925
COHFACE_s39_session2_natural,11,25,11.833333333333334,0.1243242472410202,0.015470396272974567
COHFACE_s39_session2_natural,11,26,11.866666666666667,-0.07816784083843231,0.08501289613184344
COHFACE_s39_session2_natural,11,27,11.9,-0.259249746799469,0.20738091915189535
COHFACE_s39_session2_natural,11,28,11.933333333333334,-0.4066550135612488,0.3508961225195555
COHFACE_s39_session2_natural,11,29,11.966666666666667,-0.5042579770088196,0.4757218726711328
COHFACE_s39_session2_natural,11,30,12.0,-0.5805948376655579,0.5424155674042582
COHFACE_s39_session2_natural,11,31,12.033333333333333,-0.6459143161773682,0.520868722624312
COHFACE_s39_session2_natural,11,32,12.066666666666666,-0.7055330276489258,0.39847825073966514
COHFACE_s39_session2_natural,11,33,12.1,-0.7723257541656494,0.18588421508572486
COHFACE_s39_session2_natural,11,34,12.133333333333333,-0.8374691605567932,-0.08303835404068319
COHFACE_s39_session2_natural,11,35,12.166666666666666,-0.9002264738082886,-0.359624286166904
COHFACE_s39_session2_natural,11,36,12.2,-0.9539201259613037,-0.5952221950163342
COHFACE_s39_session2_natural,11,37,12.233333333333333,-1.0055480003356934,-0.7553872836781008
COHFACE_s39_session2_natural,11,38,12.266666666666667,-1.044621229171753,-0.8264076753377866
COHFACE_s39_session2_natural,11,39,12.3,-1.0783458948135376,-0.812203071319846
COHFACE_s39_session2_natural,11,40,12.333333333333334,-1.1049604415893555,-0.7262004583049695
COHFACE_s39_session2_natural,11,41,12.366666666666667,-1.1362991333007812,-0.5851183536737135
COHFACE_s39_session2_natural,11,42,12.4,-1.1151450872421265,-0.40737858310010167
COHFACE_s39_session2_natural,11,43,12.433333333333334,-0.6472755074501038,-0.21328619683210367
COHFACE_s39_session2_natural,11,44,12.466666666666667,0.3895416557788849,-0.023086115665773108
COHFACE_s39_session2_natural,11,45,12.5,1.219254732131958,0.14780185061028364
COHFACE_s39_session2_natural,11,46,12.533333333333333,1.361295461654663,0.2934840770309196
COHFACE_s39_session2_natural,11,47,12.566666666666666,1.1092733144760132,0.4185857143488635
COHFACE_s39_session2_natural,11,48,12.6,0.8383390307426453,0.5345233567052854
COHFACE_s39_session2_natural,11,49,12.633333333333333,0.668450653553009,0.6530600089442905
COHFACE_s39_session2_natural,11,50,12.666666666666666,0.5279472470283508,0.7797306595532353
COHFACE_s39_session2_natural,11,51,12.7,0.4156758487224579,0.9089116875646494
COHFACE_s39_session2_natural,11,52,12.733333333333333,0.39263227581977844,1.0220077775888723
COHFACE_s39_session2_natural,11,53,12.766666666666667,0.39814093708992004,1.0899940019955014
COHFACE_s39_session2_natural,11,54,12.8,0.3379938304424286,1.0803382798672803
COHFACE_s39_session2_natural,11,55,12.833333333333334,0.18829861283302307,0.9666057405807517
COHFACE_s39_session2_natural,11,56,12.866666666666667,-0.003128069220110774,0.7378255135397233
COHFACE_s39_session2_natural,11,57,12.9,-0.19410637021064758,0.40434927304370005
COHFACE_s39_session2_natural,11,58,12.933333333333334,-0.3491501212120056,-0.0024094689402933385
COHFACE_s39_session2_natural,11,59,12.966666666666667,-0.4639517068862915,-0.4369447872821749
COHFACE_s39_session2_natural,11,60,13.0,-0.5532115697860718,-0.8509188790605906
COHFACE_s39_session2_natural,11,61,13.033333333333333,-0.6160969734191895,-1.2041119671531424
COHFACE_s39_session2_natural,11,62,13.066666666666666,-0.6592056155204773,-1.4707261494056834
COHFACE_s39_session2_natural,11,63,13.1,-0.6997360587120056,-1.6392573104050747
COHFACE_s39_session2_natural,11,64,13.133333333333333,-0.7408270239830017,-1.7074936295661103
COHFACE_s39_session2_natural,11,65,13.166666666666666,-0.788291335105896,-1.676446539124806
COHFACE_s39_session2_natural,11,66,13.2,-0.8388142585754395,-1.5469502734863692
COHFACE_s39_session2_natural,11,67,13.233333333333333,-0.8918033242225647,-1.3205700345667901
COHFACE_s39_session2_natural,11,68,13.266666666666667,-0.9313569068908691,-1.0037073547510091
COHFACE_s39_session2_natural,11,69,13.3,-0.9679480195045471,-0.6120587217706834
COHFACE_s39_session2_natural,11,70,13.333333333333334,-1.0196079015731812,-0.17275871463216844
COHFACE_s39_session2_natural,11,71,13.366666666666667,-1.0112968683242798,0.2770570985592489
COHFACE_s39_session2_natural,11,72,13.4,-0.5920285582542419,0.6950754912326719
COHFACE_s39_session2_natural,11,73,13.433333333333334,0.40347346663475037,1.0407803880361477
COHFACE_s39_session2_natural,11,74,13.466666666666667,1.2427467107772827,1.2827772485384066
COHFACE_s39_session2_natural,11,75,13.5,1.399888277053833,1.4046703025346732
COHFACE_s39_session2_natural,11,76,13.533333333333333,1.1470494270324707,1.4081317848984856
COHFACE_s39_session2_natural,11,77,13.566666666666666,0.855409562587738,1.3120622086247167
COHFACE_s39_session2_natural,11,78,13.6,0.6666891574859619,1.14697122817814
COHFACE_s39_session2_natural,11,79,13.633333333333333,0.5208532214164734,0.9456393733773527
COHFACE_s39_session2_natural,11,80,13.666666666666666,0.4368298351764679,0.734628209027291
COHFACE_s39_session2_natural,11,81,13.7,0.45338788628578186,0.531680859374168
COHFACE_s39_session2_natural,11,82,13.733333333333333,0.4851909279823303,0.348948531024474
COHFACE_s39_session2_natural,11,83,13.766666666666667,0.4287109375,0.19659460225107012
COHFACE_s39_session2_natural,11,84,13.8,0.2829870879650116,0.08168499526877648
COHFACE_s39_session2_natural,11,85,13.833333333333334,0.08581151813268661,0.002622221094775116
COHFACE_s39_session2_natural,11,86,13.866666666666667,-0.10481448471546173,-0.05528958241478095
COHFACE_s39_session2_natural,11,87,13.9,-0.26717647910118103,-0.11729066733271648
COHFACE_s39_session2_natural,11,88,13.933333333333334,-0.3876308500766754,-0.20946932903206641
COHFACE_s39_session2_natural,11,89,13.966666666666667,-0.4660174548625946,-0.34772620450718167
COHFACE_s39_session2_natural,11,90,14.0,-0.5109356045722961,-0.5316253893487479
COHFACE_s39_session2_natural,11,91,14.033333333333333,-0.5351962447166443,-0.7449861445508982
COHFACE_s39_session2_natural,11,92,14.066666666666666,-0.5741893649101257,-0.9603732963908933
COHFACE_s39_session2_natural,11,93,14.1,-0.6148479580879211,-1.1435881347504873
COHFACE_s39_session2_natural,11,94,14.133333333333333,-0.6635133028030396,-1.257405438411291
COHFACE_s39_session2_natural,11,95,14.166666666666666,-0.7058212757110596,-1.2668289982983856
COHFACE_s39_session2_natural,11,96,14.2,-0.7520045042037964,-1.1471436408821232
COHFACE_s39_session2_natural,11,97,14.233333333333333,-0.8021911382675171,-0.892614751799226
COHFACE_s39_session2_natural,11,98,14.266666666666667,-0.8378854990005493,-0.5216176275516817
COHFACE_s39_session2_natural,11,99,14.3,-0.5485996603965759,-0.07505867497383055
COHFACE_s39_session2_natural,11,100,14.333333333333334,0.3863869607448578,0.39156738131976915
COHFACE_s39_session2_natural,11,101,14.366666666666667,1.351575255393982,0.8190729497126459
COHFACE_s39_session2_natural,11,102,14.4,1.6521986722946167,1.154729185312643
COHFACE_s39_session2_natural,11,103,14.433333333333334,1.4440057277679443,1.3600627459524957
COHFACE_s39_session2_natural,11,104,14.466666666666667,1.1658813953399658,1.4168704153044323
COHFACE_s39_session2_natural,11,105,14.5,0.9828938841819763,1.331813494862999
COHFACE_s39_session2_natural,11,106,14.533333333333333,0.8362412452697754,1.1372420195813566
COHFACE_s39_session2_natural,11,107,14.566666666666666,0.6981879472732544,0.8845545048905529
COHFACE_s39_session2_natural,11,108,14.6,0.6371921300888062,0.6295352044990224
COHFACE_s39_session2_natural,11,109,14.633333333333333,0.6210023760795593,0.4146035696778968
COHFACE_s39_session2_natural,11,110,14.666666666666666,0.5718245506286621,0.25620284353737854
COHFACE_s39_session2_natural,11,111,14.7,0.438591331243515,0.1435079562852458
COHFACE_s39_session2_natural,11,112,14.733333333333333,0.22615478932857513,0.04796124355753736
COHFACE_s39_session2_natural,11,113,14.766666666666667,0.011300193145871162,-0.06260351207335918
COHFACE_s39_session2_natural,11,114,14.8,-0.17066244781017303,-0.21178740694330617
COHFACE_s39_session2_natural,11,115,14.833333333333334,-0.3049205541610718,-0.4077020681628677
COHFACE_s39_session2_natural,11,116,14.866666666666667,-0.40369248390197754,-0.6417779703703901
COHFACE_s39_session2_natural,11,117,14.9,-0.47418439388275146,-0.8923388812594955
COHFACE_s39_session2_natural,11,118,14.933333333333334,-0.5281182527542114,-1.1311400376851297
COHFACE_s39_session2_natural,11,119,14.966666666666667,-0.5778725147247314,-1.3304898556682672
COHFACE_s39_session2_natural,11,120,15.0,-0.6298366785049438,-1.4684022430029762
COHFACE_s39_session2_natural,11,121,15.033333333333333,-0.684699296951294,-1.529914985507594
COHFACE_s39_session2_natural,11,122,15.066666666666666,-0.7376242876052856,-1.504484514687489
COHFACE_s39_session2_natural,11,123,15.1,-0.7967305183410645,-1.381704639215264
COHFACE_s39_session2_natural,11,124,15.133333333333333,-0.8548118472099304,-1.1493001823438485
COHFACE_s39_session2_natural,11,125,15.166666666666666,-0.6273545622825623,-0.7969209882702466
COHFACE_s39_session2_natural,11,126,15.2,0.2894245684146881,-0.32611909324594585
COHFACE_s39_session2_natural,11,127,15.233333333333333,1.3880062103271484,0.23768917478637902
COHFACE_s39_session2_natural,11,128,15.266666666666667,1.8744996786117554,0.8387588510838077
COHFACE_s39_session2_natural,11,129,15.3,1.7768166065216064,1.3963635765314093
COHFACE_s39_session2_natural,11,130,15.333333333333334,1.5480942726135254,1.8222177192799558
COHFACE_s39_session2_natural,11,131,15.366666666666667,1.4220030307769775,2.0438007096273525
COHFACE_s39_session2_natural,11,132,15.4,1.3235514163970947,2.0251129783514554
COHFACE_s39_session2_natural,11,133,15.433333333333334,1.1259434223175049,1.7779100354029607
COHFACE_s39_session2_natural,11,134,15.466666666666667,0.9117454290390015,1.3595642067383766
COHFACE_s39_session2_natural,11,135,15.5,0.7849656939506531,0.85777218617705
COHFACE_s39_session2_natural,11,136,15.533333333333333,0.7047374844551086,0.3669289643108881
COHFACE_s39_session2_natural,11,137,15.566666666666666,0.5741465091705322,-0.0357578407789437
COHFACE_s39_session2_natural,11,138,15.6,0.3766186535358429,-0.30633339780175617
COHFACE_s39_session2_natural,11,139,15.633333333333333,0.15508638322353363,-0.43781056135993385
COHFACE_s39_session2_natural,11,140,15.666666666666666,-0.049743685871362686,-0.45253723856577094
COHFACE_s39_session2_natural,11,141,15.7,-0.20938335359096527,-0.38858542441616034
COHFACE_s39_session2_natural,11,142,15.733333333333333,-0.33243194222450256,-0.2864064209362132
COHFACE_s39_session2_natural,11,143,15.766666666666667,-0.4220280647277832,-0.1799740739113919
COHFACE_s39_session2_natural,11,144,15.8,-0.49152714014053345,-0.09362637981179257
COHFACE_s39_session2_natural,11,145,15.833333333333334,-0.5634602904319763,-0.04307082130164234
COHFACE_s39_session2_natural,11,146,15.866666666666667,-0.632623016834259,-0.037441008582916324
COHFACE_s39_session2_natural,11,147,15.9,-0.6959408521652222,-0.07989562429665252
COHFACE_s39_session2_natural,11,148,15.933333333333334,-0.7590184807777405,-0.16676598857147445
COHFACE_s39_session2_natural,11,149,15.966666666666667,-0.8272684812545776,-0.2871798382543462
COHFACE_s39_session2_natural,11,150,16.0,-0.8849334716796875,-0.42452048997652914
COHFACE_s39_session2_natural,11,151,16.033333333333335,-0.9412373304367065,-0.5593220788270798
COHFACE_s39_session2_natural,11,152,16.066666666666666,-0.9711507558822632,-0.6723922974422107
COHFACE_s39_session2_natural,11,153,16.1,-0.6478039622306824,-0.7474002172743786
COHFACE_s39_session2_natural,11,154,16.133333333333333,0.38616275787353516,-0.7729707793971945
COHFACE_s39_session2_natural,11,155,16.166666666666668,1.5008541345596313,-0.7445196797550305
COHFACE_s39_session2_natural,11,156,16.2,1.90311598777771,-0.6653793026971206
COHFACE_s39_session2_natural,11,157,16.233333333333334,1.7260855436325073,-0.5461174554804437
COHFACE_s39_session2_natural,11,158,16.266666666666666,1.4908616542816162,-0.4013282665829151
COHFACE_s39_session2_natural,11,159,16.3,1.4005608558654785,-0.2445145092835548
COHFACE_s39_session2_natural,11,160,16.333333333333332,1.2944387197494507,-0.08313532562241956
COHFACE_s39_session2_natural,11,161,16.366666666666667,1.0677499771118164,0.08358133096456885
COHFACE_s39_session2_natural,11,162,16.4,0.85020512342453,0.2624060093539158
COHFACE_s39_session2_natural,11,163,16.433333333333334,0.7342025637626648,0.4597082575273715
COHFACE_s39_session2_natural,11,164,16.466666666666665,0.647392749786377,0.6731546927599543
COHFACE_s39_session2_natural,11,165,16.5,0.502966046333313,0.8854277278035768
COHFACE_s39_session2_natural,11,166,16.533333333333335,0.2895846962928772,1.0643194746593105
COHFACE_s39_session2_natural,11,167,16.566666666666666,0.05615431070327759,1.1709047160977921
COHFACE_s39_session2_natural,11,168,16.6,-0.14380761981010437,1.1721968534835077
COHFACE_s39_session2_natural,11,169,16.633333333333333,-0.29217371344566345,1.0518534605173915
COHFACE_s39_session2_natural,11,170,16.666666666666668,-0.4077279269695282,0.8153049570756792
COHFACE_s39_session2_natural,11,171,16.7,-0.49868521094322205,0.4895241553322493
COHFACE_s39_session2_natural,11,172,16.733333333333334,-0.5810431838035583,0.1179014021216507
COHFACE_s39_session2_natural,11,173,16.766666666666666,-0.6497735977172852,-0.24967240781032712
COHFACE_s39_session2_natural,11,174,16.8,-0.7131394743919373,-0.5688106850122041
COHFACE_s39_session2_natural,11,175,16.833333333333332,-0.7818058133125305,-0.8095756343251893
COHFACE_s39_session2_natural,11,176,16.866666666666667,-0.8559808731079102,-0.9588879300874263
COHFACE_s39_session2_natural,11,177,16.9,-0.920243501663208,-1.017182352912794
COHFACE_s39_session2_natural,11,178,16.933333333333334,-0.9831449389457703,-0.9931016367960365
COHFACE_s39_session2_natural,11,179,16.966666666666665,-1.0408580303192139,-0.8998116694218428
COHFACE_s39_session2_natural,11,180,17.0,-1.086704969406128,-0.7536624145752023
COHFACE_s39_session2_natural,11,181,17.033333333333335,-1.1253777742385864,-0.5732261933027362
COHFACE_s39_session2_natural,11,182,17.066666666666666,-1.1422401666641235,-0.3767062917437952
COHFACE_s39_session2_natural,11,183,17.1,-1.1510796546936035,-0.17807272966651955
COHFACE_s39_session2_natural,11,184,17.133333333333333,-1.1576932668685913,0.015210514025452405
COHFACE_s39_session2_natural,11,185,17.166666666666668,-1.1709365844726562,0.20007716859807523
COHFACE_s39_session2_natural,11,186,17.2,-1.0898756980895996,0.371979690579679
COHFACE_s39_session2_natural,11,187,17.233333333333334,-0.4005378186702728,0.519658849511705
COHFACE_s39_session2_natural,11,188,17.266666666666666,0.8953955173492432,0.6255527844924363
COHFACE_s39_session2_natural,11,189,17.3,1.7981467247009277,0.6730748244898461
COHFACE_s39_session2_natural,11,190,17.333333333333332,1.8786952495574951,0.6562230105986155
COHFACE_s39_session2_natural,11,191,17.366666666666667,1.5938130617141724,0.5844951230446788
COHFACE_s39_session2_natural,11,192,17.4,1.3788464069366455,0.4797674553373399
COHFACE_s39_session2_natural,11,193,17.433333333333334,1.2814996242523193,0.36773143463805386
COHFACE_s39_session2_natural,11,194,17.466666666666665,1.1318684816360474,0.2692970418979779
COHFACE_s39_session2_natural,11,195,17.5,0.9379757046699524,0.1961330232307238
COHFACE_s39_session2_natural,11,196,17.533333333333335,0.8237186074256897,0.1512440396550867
COHFACE_s39_session2_natural,11,197,17.566666666666666,0.7530505657196045,0.1325549194616722
COHFACE_s39_session2_natural,11,198,17.6,0.6369038820266724,0.13643172547954896
COHFACE_s39_session2_natural,11,199,17.633333333333333,0.4522509276866913,0.15888354464110396
COHFACE_s39_session2_natural,11,200,17.666666666666668,0.22296807169914246,0.19392821734095667
COHFACE_s39_session2_natural,11,201,17.7,0.003293388057500124,0.2304050398116661
COHFACE_s39_session2_natural,11,202,17.733333333333334,-0.18244846165180206,0.24969204049447064
COHFACE_s39_session2_natural,11,203,17.766666666666666,-0.31033313274383545,0.22683836898800838
COHFACE_s39_session2_natural,11,204,17.8,-0.4043330252170563,0.13638464963733868
COHFACE_s39_session2_natural,11,205,17.833333333333332,-0.4742644727230072,-0.03813521094168723
COHFACE_s39_session2_natural,11,206,17.866666666666667,-0.5408009886741638,-0.2944636992611534
COHFACE_s39_session2_natural,11,207,17.9,-0.6158568263053894,-0.6062392726857934
COHFACE_s39_session2_natural,11,208,17.933333333333334,-0.6961970925331116,-0.9253453756725061
COHFACE_s39_session2_natural,11,209,17.966666666666665,-0.7727100849151611,-1.1923205768634295
COHFACE_s39_session2_natural,11,210,18.0,-0.8539471626281738,-1.3517314974994983
COHFACE_s39_session2_natural,11,211,18.033333333333335,-0.9349279403686523,-1.3672489422722935
COHFACE_s39_session2_natural,11,212,18.066666666666666,-0.9910236597061157,-1.2312771492746115
COHFACE_s39_session2_natural,11,213,18.1,-1.041834831237793,-0.9660835372449422
COHFACE_s39_session2_natural,11,214,18.133333333333333,-1.0807639360427856,-0.6164330740659444
COHFACE_s39_session2_natural,11,215,18.166666666666668,-1.1110455989837646,-0.23667655534678203
COHFACE_s39_session2_natural,11,216,18.2,-1.1396939754486084,0.12294802556501991
COHFACE_s39_session2_natural,11,217,18.233333333333334,-1.1708885431289673,0.4262682603581015
COHFACE_s39_session2_natural,11,218,18.266666666666666,-1.1590864658355713,0.6550650873542571
COHFACE_s39_session2_natural,11,219,18.3,-0.7002645134925842,0.8072206633431849
COHFACE_s39_session2_natural,11,220,18.333333333333332,0.43442779779434204,0.8910267891656621
COHFACE_s39_session2_natural,11,221,18.366666666666667,1.4463918209075928,0.9180945075624823
COHFACE_s39_session2_natural,11,222,18.4,1.678957462310791,0.8974201530857984
COHFACE_s39_session2_natural,11,223,18.433333333333334,1.405509114265442,0.8328890868668914
COHFACE_s39_session2_natural,11,224,18.466666666666665,1.0960140228271484,0.7254219663286343
COHFACE_s39_session2_natural,11,225,18.5,0.9161171317100525,0.5786391299738005
COHFACE_s39_session2_natural,11,226,18.533333333333335,0.7657333612442017,0.40414546858416106
COHFACE_s39_session2_natural,11,227,18.566666666666666,0.6234684586524963,0.22215332331527624
COHFACE_s39_session2_natural,11,228,18.6,0.5634974837303162,0.05653332319547505
COHFACE_s39_session2_natural,11,229,18.633333333333333,0.536210298538208,-0.07255647951483667
COHFACE_s39_session2_natural,11,230,18.666666666666668,0.44227445125579834,-0.15421122774496016
COHFACE_s39_session2_natural,11,231,18.7,0.28087329864501953,-0.18822780239964704
COHFACE_s39_session2_natural,11,232,18.733333333333334,0.06965378671884537,-0.1831386456782671
COHFACE_s39_session2_natural,11,233,18.766666666666666,-0.1454250067472458,-0.1530847965036423
COHFACE_s39_session2_natural,11,234,18.8,-0.31896448135375977,-0.11504107043426166
COHFACE_s39_session2_natural,11,235,18.833333333333332,-0.45576873421669006,-0.08619907209308225
COHFACE_s39_session2_natural,11,236,18.866666666666667,-0.5545727014541626,-0.08060073924798479
COHFACE_s39_session2_natural,11,237,18.9,-0.6205648183822632,-0.1050529476444274
COHFACE_s39_session2_natural,11,238,18.933333333333334,-0.6754754781723022,-0.156064798568572
COHFACE_s39_session2_natural,11,239,18.966666666666665,-0.7342293858528137,-0.22003188518751807
COHFACE_s39_session2_natural,12,0,12.0,-0.5805948376655579,-0.1064114635538069
COHFACE_s39_session2_natural,12,1,12.033333333333333,-0.6459143161773682,-0.28613487122479364
COHFACE_s39_session2_natural,12,2,12.066666666666666,-0.7055330276489258,-0.4566720635747679
COHFACE_s39_session2_natural,12,3,12.1,-0.7723257541656494,-0.6101617784934372
COHFACE_s39_session2_natural,12,4,12.133333333333333,-0.8374691605567932,-0.7384040159711156
COHFACE_s39_session2_natural,12,5,12.166666666666666,-0.9002264738082886,-0.833154965185987
COHFACE_s39_session2_natural,12,6,12.2,-0.9539201259613037,-0.887069450094103
COHFACE_s39_session2_natural,12,7,12.233333333333333,-1.0055480003356934,-0.8951945430454876
COHFACE_s39_session2_natural,12,8,12.266666666666667,-1.044621229171753,-0.8557501443979831
COHFACE_s39_session2_natural,12,9,12.3,-1.0783458948135376,-0.7691647684261381
COHFACE_s39_session2_natural,12,10,12.333333333333334,-1.1049604415893555,-0.6369088625971916
COHFACE_s39_session2_natural,12,11,12.366666666666667,-1.1362991333007812,-0.462833980520079
COHFACE_s39_session2_natural,12,12,12.4,-1.1151450872421265,-0.2567567688540775
COHFACE_s39_session2_natural,12,13,12.433333333333334,-0.6472755074501038,-0.03654063947613632
COHFACE_s39_session2_natural,12,14,12.466666666666667,0.3895416557788849,0.17462985631431427
COHFACE_s39_session2_natural,12,15,12.5,1.219254732131958,0.3553509169332058
COHFACE_s39_session2_natural,12,16,12.533333333333333,1.361295461654663,0.49350838540550274
COHFACE_s39_session2_natural,12,17,12.566666666666666,1.1092733144760132,0.5898497498696049
COHFACE_s39_session2_natural,12,18,12.6,0.8383390307426453,0.6563420138363955
COHFACE_s39_session2_natural,12,19,12.633333333333333,0.668450653553009,0.7110541811567981
COHFACE_s39_session2_natural,12,20,12.666666666666666,0.5279472470283508,0.7714377096105524
COHFACE_s39_session2_natural,12,21,12.7,0.4156758487224579,0.8470417649500297
COHFACE_s39_session2_natural,12,22,12.733333333333333,0.39263227581977844,0.9334180317185266
COHFACE_s39_session2_natural,12,23,12.766666666666667,0.39814093708992004,1.0100408962806842
COHFACE_s39_session2_natural,12,24,12.8,0.3379938304424286,1.0443109942943354
COHFACE_s39_session2_natural,12,25,12.833333333333334,0.18829861283302307,1.001199513592493
COHFACE_s39_session2_natural,12,26,12.866666666666667,-0.003128069220110774,0.8553107394921152
COHFACE_s39_session2_natural,12,27,12.9,-0.19410637021064758,0.6005748291298646
COHFACE_s39_session2_natural,12,28,12.933333333333334,-0.3491501212120056,0.2534219153660411
COHFACE_s39_session2_natural,12,29,12.966666666666667,-0.4639517068862915,-0.1517443298677369
COHFACE_s39_session2_natural,12,30,13.0,-0.5532115697860718,-0.5719795045120953
COHFACE_s39_session2_natural,12,31,13.033333333333333,-0.6160969734191895,-0.9651904659505328
COHFACE_s39_session2_natural,12,32,13.066666666666666,-0.6592056155204773,-1.2958907185589754
COHFACE_s39_session2_natural,12,33,13.1,-0.6997360587120056,-1.5368557482037666
COHFACE_s39_session2_natural,12,34,13.133333333333333,-0.7408270239830017,-1.6684740574545183
COHFACE_s39_session2_natural,12,35,13.166666666666666,-0.788291335105896,-1.6781575670610442
COHFACE_s39_session2_natural,12,36,13.2,-0.8388142585754395,-1.5614035872220147
COHFACE_s39_session2_natural,12,37,13.233333333333333,-0.8918033242225647,-1.3244064401179632
COHFACE_s39_session2_natural,12,38,13.266666666666667,-0.9313569068908691,-0.9863141529364097
COHFACE_s39_session2_natural,12,39,13.3,-0.9679480195045471,-0.5787492704796344
COHFACE_s39_session2_natural,12,40,13.333333333333334,-1.0196079015731812,-0.14170320116665164
COHFACE_s39_session2_natural,12,41,13.366666666666667,-1.0112968683242798,0.282922739588221
COHFACE_s39_session2_natural,12,42,13.4,-0.5920285582542419,0.6577286308052429
COHFACE_s39_session2_natural,12,43,13.433333333333334,0.40347346663475037,0.9541464113607919
COHFACE_s39_session2_natural,12,44,13.466666666666667,1.2427467107772827,1.1540334564139536
COHFACE_s39_session2_natural,12,45,13.5,1.399888277053833,1.2494664826060857
COHFACE_s39_session2_natural,12,46,13.533333333333333,1.1470494270324707,1.2424784118367436
COHFACE_s39_session2_natural,12,47,13.566666666666666,0.855409562587738,1.145465026938456
COHFACE_s39_session2_natural,12,48,13.6,0.6666891574859619,0.9807270087499118
COHFACE_s39_session2_natural,12,49,13.633333333333333,0.5208532214164734,0.7772713015740251
COHFACE_s39_session2_natural,12,50,13.666666666666666,0.4368298351764679,0.5658673068142475
COHFACE_s39_session2_natural,12,51,13.7,0.45338788628578186,0.3751873978016665
COHFACE_s39_session2_natural,12,52,13.733333333333333,0.4851909279823303,0.22936296206597512
COHFACE_s39_session2_natural,12,53,13.766666666666667,0.4287109375,0.14422428919425845
COHFACE_s39_session2_natural,12,54,13.8,0.2829870879650116,0.12062229284282477
COHFACE_s39_session2_natural,12,55,13.833333333333334,0.08581151813268661,0.13776271371871623
COHFACE_s39_session2_natural,12,56,13.866666666666667,-0.10481448471546173,0.1530860622553954
COHFACE_s39_session2_natural,12,57,13.9,-0.26717647910118103,0.11354781108460607
COHFACE_s39_session2_natural,12,58,13.933333333333334,-0.3876308500766754,-0.02423606266225578
COHFACE_s39_session2_natural,12,59,13.966666666666667,-0.4660174548625946,-0.27468644752659505
COHFACE_s39_session2_natural,12,60,14.0,-0.5109356045722961,-0.6151059174671906
COHFACE_s39_session2_natural,12,61,14.033333333333333,-0.5351962447166443,-0.9923877858254639
COHFACE_s39_session2_natural,12,62,14.066666666666666,-0.5741893649101257,-1.3392387334665186
COHFACE_s39_session2_natural,12,63,14.1,-0.6148479580879211,-1.5905633284060037
COHFACE_s39_session2_natural,12,64,14.133333333333333,-0.6635133028030396,-1.694926723738072
COHFACE_s39_session2_natural,12,65,14.166666666666666,-0.7058212757110596,-1.6219785411062737
COHFACE_s39_session2_natural,12,66,14.2,-0.7520045042037964,-1.367425835531919
COHFACE_s39_session2_natural,12,67,14.233333333333333,-0.8021911382675171,-0.9546232963707323
COHFACE_s39_session2_natural,12,68,14.266666666666667,-0.8378854990005493,-0.43111077447970514
COHFACE_s39_session2_natural,12,69,14.3,-0.5485996603965759,0.13981908999755663
COHFACE_s39_session2_natural,12,70,14.333333333333334,0.3863869607448578,0.69018164892554
COHFACE_s39_session2_natural,12,71,14.366666666666667,1.351575255393982,1.157794825585219
COHFACE_s39_session2_natural,12,72,14.4,1.6521986722946167,1.494223308313665
COHFACE_s39_session2_natural,12,73,14.433333333333334,1.4440057277679443,1.670193063830275
COHFACE_s39_session2_natural,12,74,14.466666666666667,1.1658813953399658,1.6794250061951226
COHFACE_s39_session2_natural,12,75,14.5,0.9828938841819763,1.5407646193248188
COHFACE_s39_session2_natural,12,76,14.533333333333333,0.8362412452697754,1.2963247217558573
COHFACE_s39_session2_natural,12,77,14.566666666666666,0.6981879472732544,1.002983106673916
COHFACE_s39_session2_natural,12,78,14.6,0.6371921300888062,0.7176735838200616
COHFACE_s39_session2_natural,12,79,14.633333333333333,0.6210023760795593,0.48127340509456507
COHFACE_s39_session2_natural,12,80,14.666666666666666,0.5718245506286621,0.307932173330643
COHFACE_s39_session2_natural,12,81,14.7,0.438591331243515,0.18454749642003848
COHFACE_s39_session2_natural,12,82,14.733333333333333,0.22615478932857513,0.07982325422740462
COHFACE_s39_session2_natural,12,83,14.766666666666667,0.011300193145871162,-0.04198591414277007
COHFACE_s39_session2_natural,12,84,14.8,-0.17066244781017303,-0.20794109448476997
COHFACE_s39_session2_natural,12,85,14.833333333333334,-0.3049205541610718,-0.4273579786444326
COHFACE_s39_session2_natural,12,86,14.866666666666667,-0.40369248390197754,-0.6888726942760982
COHFACE_s39_session2_natural,12,87,14.9,-0.47418439388275146,-0.9643704274727152
COHFACE_s39_session2_natural,12,88,14.933333333333334,-0.5281182527542114,-1.2182029014189653
COHFACE_s39_session2_natural,12,89,14.966666666666667,-0.5778725147247314,-1.4176636752553151
COHFACE_s39_session2_natural,12,90,15.0,-0.6298366785049438,-1.5398665954494077
COHFACE_s39_session2_natural,12,91,15.033333333333333,-0.684699296951294,-1.5722258176651391
COHFACE_s39_session2_natural,12,92,15.066666666666666,-0.7376242876052856,-1.5079805492467888
COHFACE_s39_session2_natural,12,93,15.1,-0.7967305183410645,-1.3413427295369325
COHFACE_s39_session2_natural,12,94,15.133333333333333,-0.8548118472099304,-1.0663817604073031
COHFACE_s39_session2_natural,12,95,15.166666666666666,-0.6273545622825623,-0.6811364585819145
COHFACE_s39_session2_natural,12,96,15.2,0.2894245684146881,-0.19595535306461037
COHFACE_s39_session2_natural,12,97,15.233333333333333,1.3880062103271484,0.35742435075799245
COHFACE_s39_session2_natural,12,98,15.266666666666667,1.8744996786117554,0.9218946485553607
COHFACE_s39_session2_natural,12,99,15.3,1.7768166065216064,1.4211384765108326
COHFACE_s39_session2_natural,12,100,15.333333333333334,1.5480942726135254,1.7757213979553883
COHFACE_s39_session2_natural,12,101,15.366666666666667,1.4220030307769775,1.92344646034744
COHFACE_s39_session2_natural,12,102,15.4,1.3235514163970947,1.8369834074259426
COHFACE_s39_session2_natural,12,103,15.433333333333334,1.1259434223175049,1.533374606276618
COHFACE_s39_session2_natural,12,104,15.466666666666667,0.9117454290390015,1.0719654094963704
COHFACE_s39_session2_natural,12,105,15.5,0.7849656939506531,0.5402806049240183
COHFACE_s39_session2_natural,12,106,15.533333333333333,0.7047374844551086,0.032019670056040034
COHFACE_s39_session2_natural,12,107,15.566666666666666,0.5741465091705322,-0.37507394935597
COHFACE_s39_session2_natural,12,108,15.6,0.3766186535358429,-0.6340775606731732
COHFACE_s39_session2_natural,12,109,15.633333333333333,0.15508638322353363,-0.7329493789097418
COHFACE_s39_session2_natural,12,110,15.666666666666666,-0.049743685871362686,-0.6890963702326043
COHFACE_s39_session2_natural,12,111,15.7,-0.20938335359096527,-0.5390586565543811
COHFACE_s39_session2_natural,12,112,15.733333333333333,-0.33243194222450256,-0.3282496497704077
COHFACE_s39_session2_natural,12,113,15.766666666666667,-0.4220280647277832,-0.10354040686145188
COHFACE_s39_session2_natural,12,114,15.8,-0.49152714014053345,0.0914510575341419
COHFACE_s39_session2_natural,12,115,15.833333333333334,-0.5634602904319763,0.22033303447067393
COHFACE_s39_session2_natural,12,116,15.866666666666667,-0.632623016834259,0.25879632499032196
COHFACE_s39_session2_natural,12,117,15.9,-0.6959408521652222,0.19983580864224387
COHFACE_s39_session2_natural,12,118,15.933333333333334,-0.7590184807777405,0.056563495118690243
COHFACE_s39_session2_natural,12,119,15.966666666666667,-0.8272684812545776,-0.14024167787700245
COHFACE_s39_session2_natural,12,120,16.0,-0.8849334716796875,-0.3499101155748948
COHFACE_s39_session2_natural,12,121,16.033333333333335,-0.9412373304367065,-0.5318904214481561
COHFACE_s39_session2_natural,12,122,16.066666666666666,-0.9711507558822632,-0.6541557700841714
COHFACE_s39_session2_natural,12,123,16.1,-0.6478039622306824,-0.6978538951418158
COHFACE_s39_session2_natural,12,124,16.133333333333333,0.38616275787353516,-0.6584021259307835
COHFACE_s39_session2_natural,12,125,16.166666666666668,1.5008541345596313,-0.5444298243242497
COHFACE_s39_session2_natural,12,126,16.2,1.90311598777771,-0.3754095692110715
COHFACE_s39_session2_natural,12,127,16.233333333333334,1.7260855436325073,-0.17788095583442132
COHFACE_s39_session2_natural,12,128,16.266666666666666,1.4908616542816162,0.019714713317408147
COHFACE_s39_session2_natural,12,129,16.3,1.4005608558654785,0.19286318130582442
COHFACE_s39_session2_natural,12,130,16.333333333333332,1.2944387197494507,0.3263597312951575
COHFACE_s39_session2_natural,12,131,16.366666666666667,1.0677499771118164,0.4178362463791341
COHFACE_s39_session2_natural,12,132,16.4,0.85020512342453,0.4776086252135608
COHFACE_s39_session2_natural,12,133,16.433333333333334,0.7342025637626648,0.5234865237443167
COHFACE_s39_session2_natural,12,134,16.466666666666665,0.647392749786377,0.5713426582801755
COHFACE_s39_session2_natural,12,135,16.5,0.502966046333313,0.6253170232535111
COHFACE_s39_session2_natural,12,136,16.533333333333335,0.2895846962928772,0.6733392242316636
COHFACE_s39_session2_natural,12,137,16.566666666666666,0.05615431070327759,0.691383009793181
COHFACE_s39_session2_natural,12,138,16.6,-0.14380761981010437,0.6538578358212178
COHFACE_s39_session2_natural,12,139,16.633333333333333,-0.29217371344566345,0.5438102806887043
COHFACE_s39_session2_natural,12,140,16.666666666666668,-0.4077279269695282,0.3591370275529157
COHFACE_s39_session2_natural,12,141,16.7,-0.49868521094322205,0.11486810410475566
COHFACE_s39_session2_natural,12,142,16.733333333333334,-0.5810431838035583,-0.15850818953985765
COHFACE_s39_session2_natural,12,143,16.766666666666666,-0.6497735977172852,-0.4217488776678022
COHFACE_s39_session2_natural,12,144,16.8,-0.7131394743919373,-0.6374805915115974
COHFACE_s39_session2_natural,12,145,16.833333333333332,-0.7818058133125305,-0.7804886474860615
COHFACE_s39_session2_natural,12,146,16.866666666666667,-0.8559808731079102,-0.8432037005293773
COHFACE_s39_session2_natural,12,147,16.9,-0.920243501663208,-0.8346562132053273
COHFACE_s39_session2_natural,12,148,16.933333333333334,-0.9831449389457703,-0.7745366281204564
COHFACE_s39_session2_natural,12,149,16.966666666666665,-1.0408580303192139,-0.6858218305266518
COHFACE_s39_session2_natural,12,150,17.0,-1.086704969406128,-0.5887751168358977
COHFACE_s39_session2_natural,12,151,17.033333333333335,-1.1253777742385864,-0.49691772693102154
COHFACE_s39_session2_natural,12,152,17.066666666666666,-1.1422401666641235,-0.4138889775256568
COHFACE_s39_session2_natural,12,153,17.1,-1.1510796546936035,-0.331076172514064
COHFACE_s39_session2_natural,12,154,17.133333333333333,-1.1576932668685913,-0.22896550900608603
COHFACE_s39_session2_natural,12,155,17.166666666666668,-1.1709365844726562,-0.08558808464298112
COHFACE_s39_session2_natural,12,156,17.2,-1.0898756980895996,0.1096148967007498
COHFACE_s39_session2_natural,12,157,17.233333333333334,-0.4005378186702728,0.3441996295775708
COHFACE_s39_session2_natural,12,158,17.266666666666666,0.8953955173492432,0.5818665880253734
COHFACE_s39_session2_natural,12,159,17.3,1.7981467247009277,0.7748825372330633
COHFACE_s39_session2_natural,12,160,17.333333333333332,1.8786952495574951,0.8833855952418755
COHFACE_s39_session2_natural,12,161,17.366666666666667,1.5938130617141724,0.8905558258093338
COHFACE_s39_session2_natural,12,162,17.4,1.3788464069366455,0.8064636050714089
COHFACE_s39_session2_natural,12,163,17.433333333333334,1.2814996242523193,0.6611567870356182
COHFACE_s39_session2_natural,12,164,17.466666666666665,1.1318684816360474,0.492498111227453
COHFACE_s39_session2_natural,12,165,17.5,0.9379757046699524,0.3347437988627723
COHFACE_s39_session2_natural,12,166,17.533333333333335,0.8237186074256897,0.21155018434713121
COHFACE_s39_session2_natural,12,167,17.566666666666666,0.7530505657196045,0.13407425517414723
COHFACE_s39_session2_natural,12,168,17.6,0.6369038820266724,0.1026551694392583
COHFACE_s39_session2_natural,12,169,17.633333333333333,0.4522509276866913,0.10975300215541575
COHFACE_s39_session2_natural,12,170,17.666666666666668,0.22296807169914246,0.1422007861903865
COHFACE_s39_session2_natural,12,171,17.7,0.003293388057500124,0.18207227820797098
COHFACE_s39_session2_natural,12,172,17.733333333333334,-0.18244846165180206,0.20700792127341225
COHFACE_s39_session2_natural,12,173,17.766666666666666,-0.31033313274383545,0.19178560654527657
COHFACE_s39_session2_natural,12,174,17.8,-0.4043330252170563,0.11261379244447889
COHFACE_s39_session2_natural,12,175,17.833333333333332,-0.4742644727230072,-0.04587248529693523
COHFACE_s39_session2_natural,12,176,17.866666666666667,-0.5408009886741638,-0.2828915505921825
COHFACE_s39_session2_natural,12,177,17.9,-0.6158568263053894,-0.5763702566775395
COHFACE_s39_session2_natural,12,178,17.933333333333334,-0.6961970925331116,-0.8834817429074686
COHFACE_s39_session2_natural,12,179,17.966666666666665,-0.7727100849151611,-1.1481821574650752
COHFACE_s39_session2_natural,12,180,18.0,-0.8539471626281738,-1.31434037226713
COHFACE_s39_session2_natural,12,181,18.033333333333335,-0.9349279403686523,-1.3405694073515941
COHFACE_s39_session2_natural,12,182,18.066666666666666,-0.9910236597061157,-1.2117810787009882
COHFACE_s39_session2_natural,12,183,18.1,-1.041834831237793,-0.9434128689538378
COHFACE_s39_session2_natural,12,184,18.133333333333333,-1.0807639360427856,-0.5769811916111739
COHFACE_s39_session2_natural,12,185,18.166666666666668,-1.1110455989837646,-0.16891805045408806
COHFACE_s39_session2_natural,12,186,18.2,-1.1396939754486084,0.22300213317082973
COHFACE_s39_session2_natural,12,187,18.233333333333334,-1.1708885431289673,0.5511630708638467
COHFACE_s39_session2_natural,12,188,18.266666666666666,-1.1590864658355713,0.784993670473497
COHFACE_s39_session2_natural,12,189,18.3,-0.7002645134925842,0.9129090352412572
COHFACE_s39_session2_natural,12,190,18.333333333333332,0.43442779779434204,0.9399690938572344
COHFACE_s39_session2_natural,12,191,18.366666666666667,1.4463918209075928,0.882522740591954
COHFACE_s39_session2_natural,12,192,18.4,1.678957462310791,0.7621865876431008
COHFACE_s39_session2_natural,12,193,18.433333333333334,1.405509114265442,0.6017504622940927
COHFACE_s39_session2_natural,12,194,18.466666666666665,1.0960140228271484,0.4238544560154485
COHFACE_s39_session2_natural,12,195,18.5,0.9161171317100525,0.2509139718255014
COHFACE_s39_session2_natural,12,196,18.533333333333335,0.7657333612442017,0.10387208714361197
COHFACE_s39_session2_natural,12,197,18.566666666666666,0.6234684586524963,-0.0013648050120135579
COHFACE_s39_session2_natural,12,198,18.6,0.5634974837303162,-0.05841085162953944
COHFACE_s39_session2_natural,12,199,18.633333333333333,0.536210298538208,-0.07272294387469219
COHFACE_s39_session2_natural,12,200,18.666666666666668,0.44227445125579834,-0.05946982545142373
COHFACE_s39_session2_natural,12,201,18.7,0.28087329864501953,-0.03748476280582164
COHFACE_s39_session2_natural,12,202,18.733333333333334,0.06965378671884537,-0.022687879627903328
COHFACE_s39_session2_natural,12,203,18.766666666666666,-0.1454250067472458,-0.02472415736667561
COHFACE_s39_session2_natural,12,204,18.8,-0.31896448135375977,-0.0477189789491807
COHFACE_s39_session2_natural,12,205,18.833333333333332,-0.45576873421669006,-0.09269753466563652
COHFACE_s39_session2_natural,12,206,18.866666666666667,-0.5545727014541626,-0.1584526888594925
COHFACE_s39_session2_natural,12,207,18.9,-0.6205648183822632,-0.23984052209807694
COHFACE_s39_session2_natural,12,208,18.933333333333334,-0.6754754781723022,-0.32562494288068156
COHFACE_s39_session2_natural,12,209,18.966666666666665,-0.7342293858528137,-0.39901243902381767
COHFACE_s39_session2_natural,12,210,19.0,-0.7864497900009155,-0.44165409731526095
COHFACE_s39_session2_natural,12,211,19.033333333333335,-0.8407198786735535,-0.43883169484421436
COHFACE_s39_session2_natural,12,212,19.066666666666666,-0.8998421430587769,-0.38293095686861767
COHFACE_s39_session2_natural,12,213,19.1,-0.9608860015869141,-0.2740771786519421
COHFACE_s39_session2_natural,12,214,19.133333333333333,-1.0107524394989014,-0.11904359513970973
COHFACE_s39_session2_natural,12,215,19.166666666666668,-1.0461103916168213,0.06947450729540615
COHFACE_s39_session2_natural,12,216,19.2,-1.0755114555358887,0.2721316050816314
COHFACE_s39_session2_natural,12,217,19.233333333333334,-1.1107254028320312,0.4620197298695504
COHFACE_s39_session2_natural,12,218,19.266666666666666,-1.0487207174301147,0.6067158558150618
COHFACE_s39_session2_natural,12,219,19.3,-0.4304192066192627,0.6754352146169944
COHFACE_s39_session2_natural,12,220,19.333333333333332,0.74349045753479,0.6493323081987903
COHFACE_s39_session2_natural,12,221,19.366666666666667,1.560152530670166,0.5295591496383482
COHFACE_s39_session2_natural,12,222,19.4,1.6061755418777466,0.33844079542812544
COHFACE_s39_session2_natural,12,223,19.433333333333334,1.2790175676345825,0.11308059692538319
COHFACE_s39_session2_natural,12,224,19.466666666666665,0.9669283628463745,-0.10536711228432277
COHFACE_s39_session2_natural,12,225,19.5,0.7643081545829773,-0.28201428958303854
COHFACE_s39_session2_natural,12,226,19.533333333333335,0.5953645706176758,-0.39478454662141726
COHFACE_s39_session2_natural,12,227,19.566666666666666,0.5131667256355286,-0.43629293131126673
COHFACE_s39_session2_natural,12,228,19.6,0.5270825028419495,-0.41178452170611124
COHFACE_s39_session2_natural,12,229,19.633333333333333,0.5291643142700195,-0.3346157857636952
COHFACE_s39_session2_natural,12,230,19.666666666666668,0.4379507899284363,-0.2212924558734734
COHFACE_s39_session2_natural,12,231,19.7,0.25598815083503723,-0.08810428964663394
COHFACE_s39_session2_natural,12,232,19.733333333333334,0.030740713700652122,0.04955062045779262
COHFACE_s39_session2_natural,12,233,19.766666666666666,-0.1645292341709137,0.1757799052561444
COHFACE_s39_session2_natural,12,234,19.8,-0.3165624439716339,0.27297765619159065
COHFACE_s39_session2_natural,12,235,19.833333333333332,-0.43078750371932983,0.32315799773725457
COHFACE_s39_session2_natural,12,236,19.866666666666667,-0.5176132917404175,0.3124363115718441
COHFACE_s39_session2_natural,12,237,19.9,-0.5725239515304565,0.23679181477208772
COHFACE_s39_session2_natural,12,238,19.933333333333334,-0.6019890308380127,0.10592987375786285
COHFACE_s39_session2_natural,12,239,19.966666666666665,-0.6304451823234558,-0.057218714449331645
COHFACE_s39_session2_natural,13,0,13.0,-0.5532115697860718,-0.06337236774561707
COHFACE_s39_session2_natural,13,1,13.033333333333333,-0.6160969734191895,-0.5461160857133097
COHFACE_s39_session2_natural,13,2,13.066666666666666,-0.6592056155204773,-0.9732817631382851
COHFACE_s39_session2_natural,13,3,13.1,-0.6997360587120056,-1.3025881320778718
COHFACE_s39_session2_natural,13,4,13.133333333333333,-0.7408270239830017,-1.5108142160489433
COHFACE_s39_session2_natural,13,5,13.166666666666666,-0.788291335105896,-1.5932100140412715
COHFACE_s39_session2_natural,13,6,13.2,-0.8388142585754395,-1.5568638094579097
COHFACE_s39_session2_natural,13,7,13.233333333333333,-0.8918033242225647,-1.413849468995536
COHFACE_s39_session2_natural,13,8,13.266666666666667,-0.9313569068908691,-1.178661458379875
COHFACE_s39_session2_natural,13,9,13.3,-0.9679480195045471,-0.8699284728728195
COHFACE_s39_session2_natural,13,10,13.333333333333334,-1.0196079015731812,-0.5132995731571837
COHFACE_s39_session2_natural,13,11,13.366666666666667,-1.0112968683242798,-0.14210427198839068
COHFACE_s39_session2_natural,13,12,13.4,-0.5920285582542419,0.20596577575217817
COHFACE_s39_session2_natural,13,13,13.433333333333334,0.40347346663475037,0.495560801376744
COHFACE_s39_session2_natural,13,14,13.466666666666667,1.2427467107772827,0.7013309515971706
COHFACE_s39_session2_natural,13,15,13.5,1.399888277053833,0.8136317563016278
COHFACE_s39_session2_natural,13,16,13.533333333333333,1.1470494270324707,0.840267870950945
COHFACE_s39_session2_natural,13,17,13.566666666666666,0.855409562587738,0.8034877427405523
COHFACE_s39_session2_natural,13,18,13.6,0.6666891574859619,0.7324119698504934
COHFACE_s39_session2_natural,13,19,13.633333333333333,0.5208532214164734,0.6529264700261278
COHFACE_s39_session2_natural,13,20,13.666666666666666,0.4368298351764679,0.5797349834422182
COHFACE_s39_session2_natural,13,21,13.7,0.45338788628578186,0.5151322267814211
COHFACE_s39_session2_natural,13,22,13.733333333333333,0.4851909279823303,0.4542353265734907
COHFACE_s39_session2_natural,13,23,13.766666666666667,0.4287109375,0.39138753611371324
COHFACE_s39_session2_natural,13,24,13.8,0.2829870879650116,0.32239636849070896
COHFACE_s39_session2_natural,13,25,13.833333333333334,0.08581151813268661,0.24199670809988266
COHFACE_s39_session2_natural,13,26,13.866666666666667,-0.10481448471546173,0.14122744022154085
COHFACE_s39_session2_natural,13,27,13.9,-0.26717647910118103,0.010005471452612961
COHFACE_s39_session2_natural,13,28,13.933333333333334,-0.3876308500766754,-0.15531421905365275
COHFACE_s39_session2_natural,13,29,13.966666666666667,-0.4660174548625946,-0.3453020201171869
COHFACE_s39_session2_natural,13,30,14.0,-0.5109356045722961,-0.5374589581193663
COHFACE_s39_session2_natural,13,31,14.033333333333333,-0.5351962447166443,-0.7033650461058715
COHFACE_s39_session2_natural,13,32,14.066666666666666,-0.5741893649101257,-0.8181248001540492
COHFACE_s39_session2_natural,13,33,14.1,-0.6148479580879211,-0.8661978155607032
COHFACE_s39_session2_natural,13,34,14.133333333333333,-0.6635133028030396,-0.8417129580788425
COHFACE_s39_session2_natural,13,35,14.166666666666666,-0.7058212757110596,-0.7459554926781559
COHFACE_s39_session2_natural,13,36,14.2,-0.7520045042037964,-0.5854167702106035
COHFACE_s39_session2_natural,13,37,14.233333333333333,-0.8021911382675171,-0.37139692678355535
COHFACE_s39_session2_natural,13,38,14.266666666666667,-0.8378854990005493,-0.11990451714358365
COHFACE_s39_session2_natural,13,39,14.3,-0.5485996603965759,0.14955477299469447
COHFACE_s39_session2_natural,13,40,14.333333333333334,0.3863869607448578,0.4159913734795636
COHFACE_s39_session2_natural,13,41,14.366666666666667,1.351575255393982,0.6581773172155471
COHFACE_s39_session2_natural,13,42,14.4,1.6521986722946167,0.8545593810747977
COHFACE_s39_session2_natural,13,43,14.433333333333334,1.4440057277679443,0.9834520407250098
COHFACE_s39_session2_natural,13,44,14.466666666666667,1.1658813953399658,1.0260745242191107
COHFACE_s39_session2_natural,13,45,14.5,0.9828938841819763,0.9731937357310548
COHFACE_s39_session2_natural,13,46,14.533333333333333,0.8362412452697754,0.8323368661000701
COHFACE_s39_session2_natural,13,47,14.566666666666666,0.6981879472732544,0.6302962717486544
COHFACE_s39_session2_natural,13,48,14.6,0.6371921300888062,0.4076340106453841
COHFACE_s39_session2_natural,13,49,14.633333333333333,0.6210023760795593,0.2065083207357689
COHFACE_s39_session2_natural,13,50,14.666666666666666,0.5718245506286621,0.05692287757010892
COHFACE_s39_session2_natural,13,51,14.7,0.438591331243515,-0.03279367076428956
COHFACE_s39_session2_natural,13,52,14.733333333333333,0.22615478932857513,-0.07789350625963647
COHFACE_s39_session2_natural,13,53,14.766666666666667,0.011300193145871162,-0.11141573954311663
COHFACE_s39_session2_natural,13,54,14.8,-0.17066244781017303,-0.1727019646559778
COHFACE_s39_session2_natural,13,55,14.833333333333334,-0.3049205541610718,-0.2934957576236742
COHFACE_s39_session2_natural,13,56,14.866666666666667,-0.40369248390197754,-0.48606843896713053
COHFACE_s39_session2_natural,13,57,14.9,-0.47418439388275146,-0.7377750850314275
COHFACE_s39_session2_natural,13,58,14.933333333333334,-0.5281182527542114,-1.014141732411597
COHFACE_s39_session2_natural,13,59,14.966666666666667,-0.5778725147247314,-1.2690188875410982
COHFACE_s39_session2_natural,13,60,15.0,-0.6298366785049438,-1.4574202206570515
COHFACE_s39_session2_natural,13,61,15.033333333333333,-0.684699296951294,-1.5457296979943889
COHFACE_s39_session2_natural,13,62,15.066666666666666,-0.7376242876052856,-1.5155063480528548
COHFACE_s39_session2_natural,13,63,15.1,-0.7967305183410645,-1.3607807519809996
COHFACE_s39_session2_natural,13,64,15.133333333333333,-0.8548118472099304,-1.0828459611754622
COHFACE_s39_session2_natural,13,65,15.166666666666666,-0.6273545622825623,-0.6881193049886708
COHFACE_s39_session2_natural,13,66,15.2,0.2894245684146881,-0.19198677639619566
COHFACE_s39_session2_natural,13,67,15.233333333333333,1.3880062103271484,0.37361033437933705
COHFACE_s39_session2_natural,13,68,15.266666666666667,1.8744996786117554,0.9551092303349499
COHFACE_s39_session2_natural,13,69,15.3,1.7768166065216064,1.4807623367489222
COHFACE_s39_session2_natural,13,70,15.333333333333334,1.5480942726135254,1.8737133548108416
COHFACE_s39_session2_natural,13,71,15.366666666666667,1.4220030307769775,2.0704765763471102
COHFACE_s39_session2_natural,13,72,15.4,1.3235514163970947,2.0385285926504397
COHFACE_s39_session2_natural,13,73,15.433333333333334,1.1259434223175049,1.7872945097535724
COHFACE_s39_session2_natural,13,74,15.466666666666667,0.9117454290390015,1.3681796080563808
COHFACE_s39_session2_natural,13,75,15.5,0.7849656939506531,0.8621826976509367
COHFACE_s39_session2_natural,13,76,15.533333333333333,0.7047374844551086,0.35850660847414545
COHFACE_s39_session2_natural,13,77,15.566666666666666,0.5741465091705322,-0.06815562329113778
COHFACE_s39_session2_natural,13,78,15.6,0.3766186535358429,-0.373351919156865
COHFACE_s39_session2_natural,13,79,15.633333333333333,0.15508638322353363,-0.5467697071207059
COHFACE_s39_session2_natural,13,80,15.666666666666666,-0.049743685871362686,-0.6050833746229886
COHFACE_s39_session2_natural,13,81,15.7,-0.20938335359096527,-0.579061791998444
COHFACE_s39_session2_natural,13,82,15.733333333333333,-0.33243194222450256,-0.5012678391835584
COHFACE_s39_session2_natural,13,83,15.766666666666667,-0.4220280647277832,-0.39854494801543905
COHFACE_s39_session2_natural,13,84,15.8,-0.49152714014053345,-0.2901304069135908
COHFACE_s39_session2_natural,13,85,15.833333333333334,-0.5634602904319763,-0.1895320324823569
COHFACE_s39_session2_natural,13,86,15.866666666666667,-0.632623016834259,-0.10734157149366771
COHFACE_s39_session2_natural,13,87,15.9,-0.6959408521652222,-0.052879692473357366
COHFACE_s39_session2_natural,13,88,15.933333333333334,-0.7590184807777405,-0.03408394713119192
COHFACE_s39_session2_natural,13,89,15.966666666666667,-0.8272684812545776,-0.056204112751627205
COHFACE_s39_session2_natural,13,90,16.0,-0.8849334716796875,-0.12004697042145747
COHFACE_s39_session2_natural,13,91,16.033333333333335,-0.9412373304367065,-0.22021045953362384
COHFACE_s39_session2_natural,13,92,16.066666666666666,-0.9711507558822632,-0.3437524158377693
COHFACE_s39_session2_natural,13,93,16.1,-0.6478039622306824,-0.47021264592004985
COHFACE_s39_session2_natural,13,94,16.133333333333333,0.38616275787353516,-0.5742682523972147
COHFACE_s39_session2_natural,13,95,16.166666666666668,1.5008541345596313,-0.6314600751359688
COHFACE_s39_session2_natural,13,96,16.2,1.90311598777771,-0.6252519332156853
COHFACE_s39_session2_natural,13,97,16.233333333333334,1.7260855436325073,-0.5520932468572548
COHFACE_s39_session2_natural,13,98,16.266666666666666,1.4908616542816162,-0.42189683144551077
COHFACE_s39_session2_natural,13,99,16.3,1.4005608558654785,-0.25379233449054356
COHFACE_s39_session2_natural,13,100,16.333333333333332,1.2944387197494507,-0.06937765695704656
COHFACE_s39_session2_natural,13,101,16.366666666666667,1.0677499771118164,0.11336352346777578
COHFACE_s39_session2_natural,13,102,16.4,0.85020512342453,0.28308605956245425
COHFACE_s39_session2_natural,13,103,16.433333333333334,0.7342025637626648,0.4342653079877258
COHFACE_s39_session2_natural,13,104,16.466666666666665,0.647392749786377,0.5632716153259809
COHFACE_s39_session2_natural,13,105,16.5,0.502966046333313,0.6636345442362784
COHFACE_s39_session2_natural,13,106,16.533333333333335,0.2895846962928772,0.7240273679269699
COHFACE_s39_session2_natural,13,107,16.566666666666666,0.05615431070327759,0.7312378516517233
COHFACE_s39_session2_natural,13,108,16.6,-0.14380761981010437,0.6762751937420989
COHFACE_s39_session2_natural,13,109,16.633333333333333,-0.29217371344566345,0.5591783902005648
COHFACE_s39_session2_natural,13,110,16.666666666666668,-0.4077279269695282,0.3901670111872551
COHFACE_s39_session2_natural,13,111,16.7,-0.49868521094322205,0.1878930622533192
COHFACE_s39_session2_natural,13,112,16.733333333333334,-0.5810431838035583,-0.02427303415779811
COHFACE_s39_session2_natural,13,113,16.766666666666666,-0.6497735977172852,-0.22365399529753438
COHFACE_s39_session2_natural,13,114,16.8,-0.7131394743919373,-0.39375133201332635
COHFACE_s39_session2_natural,13,115,16.833333333333332,-0.7818058133125305,-0.5268374339291411
COHFACE_s39_session2_natural,13,116,16.866666666666667,-0.8559808731079102,-0.6220843213125113
COHFACE_s39_session2_natural,13,117,16.9,-0.920243501663208,-0.6806615144952779
COHFACE_s39_session2_natural,13,118,16.933333333333334,-0.9831449389457703,-0.701152508965875
COHFACE_s39_session2_natural,13,119,16.966666666666665,-1.0408580303192139,-0.6781973809674252
COHFACE_s39_session2_natural,13,120,17.0,-1.086704969406128,-0.6049176464509193
COHFACE_s39_session2_natural,13,121,17.033333333333335,-1.1253777742385864,-0.4772438878625392
COHFACE_s39_session2_natural,13,122,17.066666666666666,-1.1422401666641235,-0.2975031354321022
COHFACE_s39_session2_natural,13,123,17.1,-1.1510796546936035,-0.07582200027033818
COHFACE_s39_session2_natural,13,124,17.133333333333333,-1.1576932668685913,0.17010788855677744
COHFACE_s39_session2_natural,13,125,17.166666666666668,-1.1709365844726562,0.41564139919831805
COHFACE_s39_session2_natural,13,126,17.2,-1.0898756980895996,0.6303610298741771
COHFACE_s39_session2_natural,13,127,17.233333333333334,-0.4005378186702728,0.7817722513137004
COHFACE_s39_session2_natural,13,128,17.266666666666666,0.8953955173492432,0.8430485079513407
COHFACE_s39_session2_natural,13,129,17.3,1.7981467247009277,0.8031934163054582
COHFACE_s39_session2_natural,13,130,17.333333333333332,1.8786952495574951,0.6741184091874776
COHFACE_s39_session2_natural,13,131,17.366666666666667,1.5938130617141724,0.48895119751726696
COHFACE_s39_session2_natural,13,132,17.4,1.3788464069366455,0.29117816888151743
COHFACE_s39_session2_natural,13,133,17.433333333333334,1.2814996242523193,0.12020348350026001
COHFACE_s39_session2_natural,13,134,17.466666666666665,1.1318684816360474,0.0002662856740234716
COHFACE_s39_session2_natural,13,135,17.5,0.9379757046699524,-0.06321241437390543
COHFACE_s39_session2_natural,13,136,17.533333333333335,0.8237186074256897,-0.07975487593048915
COHFACE_s39_session2_natural,13,137,17.566666666666666,0.7530505657196045,-0.06549674697898303
COHFACE_s39_session2_natural,13,138,17.6,0.6369038820266724,-0.03496967893569104
COHFACE_s39_session2_natural,13,139,17.633333333333333,0.4522509276866913,0.0031170841955989485
COHFACE_s39_session2_natural,13,140,17.666666666666668,0.22296807169914246,0.04474038587689239
COHFACE_s39_session2_natural,13,141,17.7,0.003293388057500124,0.08568940232401755
COHFACE_s39_session2_natural,13,142,17.733333333333334,-0.18244846165180206,0.11643432181625511
COHFACE_s39_session2_natural,13,143,17.766666666666666,-0.31033313274383545,0.1202319628665944
COHFACE_s39_session2_natural,13,144,17.8,-0.4043330252170563,0.0762815407389403
COHFACE_s39_session2_natural,13,145,17.833333333333332,-0.4742644727230072,-0.03278379444600933
COHFACE_s39_session2_natural,13,146,17.866666666666667,-0.5408009886741638,-0.2120182660064755
COHFACE_s39_session2_natural,13,147,17.9,-0.6158568263053894,-0.4478242375730408
COHFACE_s39_session2_natural,13,148,17.933333333333334,-0.6961970925331116,-0.7073268163047913
COHFACE_s39_session2_natural,13,149,17.966666666666665,-0.7727100849151611,-0.9443660259573394
COHFACE_s39_session2_natural,13,150,18.0,-0.8539471626281738,-1.11021053129134
COHFACE_s39_session2_natural,13,151,18.033333333333335,-0.9349279403686523,-1.165385348609593
COHFACE_s39_session2_natural,13,152,18.066666666666666,-0.9910236597061157,-1.0892382942101033
COHFACE_s39_session2_natural,13,153,18.1,-1.041834831237793,-0.8850320901769545
COHFACE_s39_session2_natural,13,154,18.133333333333333,-1.0807639360427856,-0.579315332280636
COHFACE_s39_session2_natural,13,155,18.166666666666668,-1.1110455989837646,-0.21556225263524845
COHFACE_s39_session2_natural,13,156,18.2,-1.1396939754486084,0.15597963241185706
COHFACE_s39_session2_natural,13,157,18.233333333333334,-1.1708885431289673,0.4888537723339831
COHFACE_s39_session2_natural,13,158,18.266666666666666,-1.1590864658355713,0.748278086212435
COHFACE_s39_session2_natural,13,159,18.3,-0.7002645134925842,0.9147676944523526
COHFACE_s39_session2_natural,13,160,18.333333333333332,0.43442779779434204,0.9835453905653768
COHFACE_s39_session2_natural,13,161,18.366666666666667,1.4463918209075928,0.9611156299919185
COHFACE_s39_session2_natural,13,162,18.4,1.678957462310791,0.8612111690982158
COHFACE_s39_session2_natural,13,163,18.433333333333334,1.405509114265442,0.7021359864295507
COHFACE_s39_session2_natural,13,164,18.466666666666665,1.0960140228271484,0.5061106951991501
COHFACE_s39_session2_natural,13,165,18.5,0.9161171317100525,0.2992698729767105
COHFACE_s39_session2_natural,13,166,18.533333333333335,0.7657333612442017,0.10978303183050946
COHFACE_s39_session2_natural,13,167,18.566666666666666,0.6234684586524963,-0.03743568666043373
COHFACE_s39_session2_natural,13,168,18.6,0.5634974837303162,-0.12790262429950144
COHFACE_s39_session2_natural,13,169,18.633333333333333,0.536210298538208,-0.16257647556761673
COHFACE_s39_session2_natural,13,170,18.666666666666668,0.44227445125579834,-0.15714537392981134
COHFACE_s39_session2_natural,13,171,18.7,0.28087329864501953,-0.13521698812297733
COHFACE_s39_session2_natural,13,172,18.733333333333334,0.06965378671884537,-0.11870543763337006
COHFACE_s39_session2_natural,13,173,18.766666666666666,-0.1454250067472458,-0.12028080749530519
COHFACE_s39_session2_natural,13,174,18.8,-0.31896448135375977,-0.14108847803323143
COHFACE_s39_session2_natural,13,175,18.833333333333332,-0.45576873421669006,-0.17360425157431558
COHFACE_s39_session2_natural,13,176,18.866666666666667,-0.5545727014541626,-0.20693294291705014
COHFACE_s39_session2_natural,13,177,18.9,-0.6205648183822632,-0.23140192053651326
COHFACE_s39_session2_natural,13,178,18.933333333333334,-0.6754754781723022,-0.2407673635767797
COHFACE_s39_session2_natural,13,179,18.966666666666665,-0.7342293858528137,-0.23227472412252737
COHFACE_s39_session2_natural,13,180,19.0,-0.7864497900009155,-0.20572098713446457
COHFACE_s39_session2_natural,13,181,19.033333333333335,-0.8407198786735535,-0.16229511064077698
COHFACE_s39_session2_natural,13,182,19.066666666666666,-0.8998421430587769,-0.1031494161858881
COHFACE_s39_session2_natural,13,183,19.1,-0.9608860015869141,-0.027718763574019298
COHFACE_s39_session2_natural,13,184,19.133333333333333,-1.0107524394989014,0.06693788658964507
COHFACE_s39_session2_natural,13,185,19.166666666666668,-1.0461103916168213,0.18386845718247655
COHFACE_s39_session2_natural,13,186,19.2,-1.0755114555358887,0.3207604537911484
COHFACE_s39_session2_natural,13,187,19.233333333333334,-1.1107254028320312,0.4640737168723793
COHFACE_s39_session2_natural,13,188,19.266666666666666,-1.0487207174301147,0.5875982197277838
COHFACE_s39_session2_natural,13,189,19.3,-0.4304192066192627,0.6586651613562632
COHFACE_s39_session2_natural,13,190,19.333333333333332,0.74349045753479,0.6500567106224165
COHFACE_s39_session2_natural,13,191,19.366666666666667,1.560152530670166,0.5512745518627052
COHFACE_s39_session2_natural,13,192,19.4,1.6061755418777466,0.3732331064171003
COHFACE_s39_session2_natural,13,193,19.433333333333334,1.2790175676345825,0.14462027535726393
COHFACE_s39_session2_natural,13,194,19.466666666666665,0.9669283628463745,-0.09741212762210513
COHFACE_s39_session2_natural,13,195,19.5,0.7643081545829773,-0.3175250864402789
COHFACE_s39_session2_natural,13,196,19.533333333333335,0.5953645706176758,-0.4897105610200184
COHFACE_s39_session2_natural,13,197,19.566666666666666,0.5131667256355286,-0.600701363993015
COHFACE_s39_session2_natural,13,198,19.6,0.5270825028419495,-0.6496980174480084
COHFACE_s39_session2_natural,13,199,19.633333333333333,0.5291643142700195,-0.6455531016655168
COHFACE_s39_session2_natural,13,200,19.666666666666668,0.4379507899284363,-0.6026906723058898
COHFACE_s39_session2_natural,13,201,19.7,0.25598815083503723,-0.5370310421853948
COHFACE_s39_session2_natural,13,202,19.733333333333334,0.030740713700652122,-0.4630837505556853
COHFACE_s39_session2_natural,13,203,19.766666666666666,-0.1645292341709137,-0.39270379449092074
COHFACE_s39_session2_natural,13,204,19.8,-0.3165624439716339,-0.33475292443482474
COHFACE_s39_session2_natural,13,205,19.833333333333332,-0.43078750371932983,-0.2942510518217926
COHFACE_s39_session2_natural,13,206,19.866666666666667,-0.5176132917404175,-0.2704944100377466
COHFACE_s39_session2_natural,13,207,19.9,-0.5725239515304565,-0.25539929917680454
COHFACE_s39_session2_natural,13,208,19.933333333333334,-0.6019890308380127,-0.23442078825004437
COHFACE_s39_session2_natural,13,209,19.966666666666665,-0.6304451823234558,-0.19136946594710508
COHFACE_s39_session2_natural,13,210,20.0,-0.6682693362236023,-0.11546243885004381
COHFACE_s39_session2_natural,13,211,20.033333333333335,-0.7252938151359558,-0.006549265331972054
COHFACE_s39_session2_natural,13,212,20.066666666666666,-0.7801724672317505,0.12493853171826262
COHFACE_s39_session2_natural,13,213,20.1,-0.8443389534950256,0.26341297999723795
COHFACE_s39_session2_natural,13,214,20.133333333333333,-0.9209480881690979,0.3952723051981225
COHFACE_s39_session2_natural,13,215,20.166666666666668,-0.9899827241897583,0.5129726120835708
COHFACE_s39_session2_natural,13,216,20.2,-0.9357606768608093,0.6138804275408903
COHFACE_s39_session2_natural,13,217,20.233333333333334,-0.2850636839866638,0.695563133887206
COHFACE_s39_session2_natural,13,218,20.266666666666666,0.9266861081123352,0.7510599638722018
COHFACE_s39_session2_natural,13,219,20.3,1.7667760848999023,0.7674703565477523
COHFACE_s39_session2_natural,13,220,20.333333333333332,1.828492522239685,0.7297898516952537
COHFACE_s39_session2_natural,13,221,20.366666666666667,1.5095174312591553,0.6290875540999512
COHFACE_s39_session2_natural,13,222,20.4,1.2286707162857056,0.4705072170304284
COHFACE_s39_session2_natural,13,223,20.433333333333334,1.0612164735794067,0.27541208506558185
COHFACE_s39_session2_natural,13,224,20.466666666666665,0.8875168561935425,0.07532802646783346
COHFACE_s39_session2_natural,13,225,20.5,0.7431702017784119,-0.09936326220313098
COHFACE_s39_session2_natural,13,226,20.533333333333335,0.7009583115577698,-0.22979170439957558
COHFACE_s39_session2_natural,13,227,20.566666666666666,0.6745198369026184,-0.3125043499787965
COHFACE_s39_session2_natural,13,228,20.6,0.5765165686607361,-0.3553222748341029
COHFACE_s39_session2_natural,13,229,20.633333333333333,0.38489770889282227,-0.3682351979227627
COHFACE_s39_session2_natural,13,230,20.666666666666668,0.15218792855739594,-0.35511668415982844
COHFACE_s39_session2_natural,13,231,20.7,-0.06516478955745697,-0.3115961811104524
COHFACE_s39_session2_natural,13,232,20.733333333333334,-0.24101023375988007,-0.2310865943041826
COHFACE_s39_session2_natural,13,233,20.766666666666666,-0.3614165484905243,-0.11587889402062278
COHFACE_s39_session2_natural,13,234,20.8,-0.44535988569259644,0.01416169137359626
COHFACE_s39_session2_natural,13,235,20.833333333333332,-0.5078930258750916,0.12273142196916348
COHFACE_s39_session2_natural,13,236,20.866666666666667,-0.5558057427406311,0.16973355687176261
COHFACE_s39_session2_natural,13,237,20.9,-0.6164332628250122,0.12954721340039765
COHFACE_s39_session2_natural,13,238,20.933333333333334,-0.6765163540840149,0.005041457071717099
COHFACE_s39_session2_natural,13,239,20.966666666666665,-0.7220110297203064,-0.17046457429778442
COHFACE_s39_session2_natural,14,0,14.0,-0.5109356045722961,-0.06687114925101689
COHFACE_s39_session2_natural,14,1,14.033333333333333,-0.5351962447166443,-0.31211655791448606
COHFACE_s39_session2_natural,14,2,14.066666666666666,-0.5741893649101257,-0.5054323512458334
COHFACE_s39_session2_natural,14,3,14.1,-0.6148479580879211,-0.6090728342346691
COHFACE_s39_session2_natural,14,4,14.133333333333333,-0.6635133028030396,-0.6039861228809545
COHFACE_s39_session2_natural,14,5,14.166666666666666,-0.7058212757110596,-0.49159108265082047
COHFACE_s39_session2_natural,14,6,14.2,-0.7520045042037964,-0.2901694795566524
COHFACE_s39_session2_natural,14,7,14.233333333333333,-0.8021911382675171,-0.02870699841558293
COHFACE_s39_session2_natural,14,8,14.266666666666667,-0.8378854990005493,0.2592825399645643
COHFACE_s39_session2_natural,14,9,14.3,-0.5485996603965759,0.5409759181596989
COHFACE_s39_session2_natural,14,10,14.333333333333334,0.3863869607448578,0.788109300367777
COHFACE_s39_session2_natural,14,11,14.366666666666667,1.351575255393982,0.978974471559704
COHFACE_s39_session2_natural,14,12,14.4,1.6521986722946167,1.0984309686787044
COHFACE_s39_session2_natural,14,13,14.433333333333334,1.4440057277679443,1.1370292504805124
COHFACE_s39_session2_natural,14,14,14.466666666666667,1.1658813953399658,1.0913809390262805
COHFACE_s39_session2_natural,14,15,14.5,0.9828938841819763,0.9669499737279795
COHFACE_s39_session2_natural,14,16,14.533333333333333,0.8362412452697754,0.7812559774783976
COHFACE_s39_session2_natural,14,17,14.566666666666666,0.6981879472732544,0.563333232488642
COHFACE_s39_session2_natural,14,18,14.6,0.6371921300888062,0.3470555810034611
COHFACE_s39_session2_natural,14,19,14.633333333333333,0.6210023760795593,0.16036087454898826
COHFACE_s39_session2_natural,14,20,14.666666666666666,0.5718245506286621,0.015926361193431344
COHFACE_s39_session2_natural,14,21,14.7,0.438591331243515,-0.0916336469107739
COHFACE_s39_session2_natural,14,22,14.733333333333333,0.22615478932857513,-0.18147060619262448
COHFACE_s39_session2_natural,14,23,14.766666666666667,0.011300193145871162,-0.27856229492267154
COHFACE_s39_session2_natural,14,24,14.8,-0.17066244781017303,-0.40555289785376714
COHFACE_s39_session2_natural,14,25,14.833333333333334,-0.3049205541610718,-0.5758826933176663
COHFACE_s39_session2_natural,14,26,14.866666666666667,-0.40369248390197754,-0.7892422549900896
COHFACE_s39_session2_natural,14,27,14.9,-0.47418439388275146,-1.030712120946508
COHFACE_s39_session2_natural,14,28,14.933333333333334,-0.5281182527542114,-1.274126226106607
COHFACE_s39_session2_natural,14,29,14.966666666666667,-0.5778725147247314,-1.4882161945761978
COHFACE_s39_session2_natural,14,30,15.0,-0.6298366785049438,-1.642426089940877
COHFACE_s39_session2_natural,14,31,15.033333333333333,-0.684699296951294,-1.7097663986530647
COHFACE_s39_session2_natural,14,32,15.066666666666666,-0.7376242876052856,-1.666935493036414
COHFACE_s39_session2_natural,14,33,15.1,-0.7967305183410645,-1.4944628352548555
COHFACE_s39_session2_natural,14,34,15.133333333333333,-0.8548118472099304,-1.1793924225643564
COHFACE_s39_session2_natural,14,35,15.166666666666666,-0.6273545622825623,-0.7209997185031978
COHFACE_s39_session2_natural,14,36,15.2,0.2894245684146881,-0.13815340447000415
COHFACE_s39_session2_natural,14,37,15.233333333333333,1.3880062103271484,0.5246671836967881
COHFACE_s39_session2_natural,14,38,15.266666666666667,1.8744996786117554,1.1969182110220422
COHFACE_s39_session2_natural,14,39,15.3,1.7768166065216064,1.79040549503327
COHFACE_s39_session2_natural,14,40,15.333333333333334,1.5480942726135254,2.2160552944500473
COHFACE_s39_session2_natural,14,41,15.366666666666667,1.4220030307769775,2.404480638438563
COHFACE_s39_session2_natural,14,42,15.4,1.3235514163970947,2.324265212630566
COHFACE_s39_session2_natural,14,43,15.433333333333334,1.1259434223175049,1.99241221319272
COHFACE_s39_session2_natural,14,44,15.466666666666667,0.9117454290390015,1.4727913767461311
COHFACE_s39_session2_natural,14,45,15.5,0.7849656939506531,0.8614810470358962
COHFACE_s39_session2_natural,14,46,15.533333333333333,0.7047374844551086,0.26292626588538565
COHFACE_s39_session2_natural,14,47,15.566666666666666,0.5741465091705322,-0.23487752589047678
COHFACE_s39_session2_natural,14,48,15.6,0.3766186535358429,-0.5775095367875698
COHFACE_s39_session2_natural,14,49,15.633333333333333,0.15508638322353363,-0.7488794479213101
COHFACE_s39_session2_natural,14,50,15.666666666666666,-0.049743685871362686,-0.7651954829683715
COHFACE_s39_session2_natural,14,51,15.7,-0.20938335359096527,-0.663978730177324
COHFACE_s39_session2_natural,14,52,15.733333333333333,-0.33243194222450256,-0.4934978733822979
COHFACE_s39_session2_natural,14,53,15.766666666666667,-0.4220280647277832,-0.3047511625686994
COHFACE_s39_session2_natural,14,54,15.8,-0.49152714014053345,-0.14544340579350368
COHFACE_s39_session2_natural,14,55,15.833333333333334,-0.5634602904319763,-0.05443617510434723
COHFACE_s39_session2_natural,14,56,15.866666666666667,-0.632623016834259,-0.05564589775532937
COHFACE_s39_session2_natural,14,57,15.9,-0.6959408521652222,-0.15208767383321994
COHFACE_s39_session2_natural,14,58,15.933333333333334,-0.7590184807777405,-0.3228422019446022
COHFACE_s39_session2_natural,14,59,15.966666666666667,-0.8272684812545776,-0.5262292169859918
COHFACE_s39_session2_natural,14,60,16.0,-0.8849334716796875,-0.7102161321935532
COHFACE_s39_session2_natural,14,61,16.033333333333335,-0.9412373304367065,-0.8272148917803093
COHFACE_s39_session2_natural,14,62,16.066666666666666,-0.9711507558822632,-0.8474807838526018
COHFACE_s39_session2_natural,14,63,16.1,-0.6478039622306824,-0.765808224282917
COHFACE_s39_session2_natural,14,64,16.133333333333333,0.38616275787353516,-0.6002015138912942
COHFACE_s39_session2_natural,14,65,16.166666666666668,1.5008541345596313,-0.3849246056207601
COHFACE_s39_session2_natural,14,66,16.2,1.90311598777771,-0.16074465485141715
COHFACE_s39_session2_natural,14,67,16.233333333333334,1.7260855436325073,0.03589045550701995
COHFACE_s39_session2_natural,14,68,16.266666666666666,1.4908616542816162,0.18278089540344344
COHFACE_s39_session2_natural,14,69,16.3,1.4005608558654785,0.2780831379592503
COHFACE_s39_session2_natural,14,70,16.333333333333332,1.2944387197494507,0.3398539093244411
COHFACE_s39_session2_natural,14,71,16.366666666666667,1.0677499771118164,0.3982432250241105
COHFACE_s39_session2_natural,14,72,16.4,0.85020512342453,0.48253486256344064
COHFACE_s39_session2_natural,14,73,16.433333333333334,0.7342025637626648,0.6075630848018988
COHFACE_s39_session2_natural,14,74,16.466666666666665,0.647392749786377,0.7644747241934663
COHFACE_s39_session2_natural,14,75,16.5,0.502966046333313,0.9197911907157451
COHFACE_s39_session2_natural,14,76,16.533333333333335,0.2895846962928772,1.0247034897435512
COHFACE_s39_session2_natural,14,77,16.566666666666666,0.05615431070327759,1.0324746254777768
COHFACE_s39_session2_natural,14,78,16.6,-0.14380761981010437,0.9165177166507622
COHFACE_s39_session2_natural,14,79,16.633333333333333,-0.29217371344566345,0.6803265074334434
COHFACE_s39_session2_natural,14,80,16.666666666666668,-0.4077279269695282,0.3557402490725895
COHFACE_s39_session2_natural,14,81,16.7,-0.49868521094322205,-0.007498318486258368
COHFACE_s39_session2_natural,14,82,16.733333333333334,-0.5810431838035583,-0.35607215967917455
COHFACE_s39_session2_natural,14,83,16.766666666666666,-0.6497735977172852,-0.6472433641157368
COHFACE_s39_session2_natural,14,84,16.8,-0.7131394743919373,-0.8585655297186995
COHFACE_s39_session2_natural,14,85,16.833333333333332,-0.7818058133125305,-0.9893235585143036
COHFACE_s39_session2_natural,14,86,16.866666666666667,-0.8559808731079102,-1.053276087949615
COHFACE_s39_session2_natural,14,87,16.9,-0.920243501663208,-1.0668239921438243
COHFACE_s39_session2_natural,14,88,16.933333333333334,-0.9831449389457703,-1.0390605728631326
COHFACE_s39_session2_natural,14,89,16.966666666666665,-1.0408580303192139,-0.9687233787916253
COHFACE_s39_session2_natural,14,90,17.0,-1.086704969406128,-0.8486501612417352
COHFACE_s39_session2_natural,14,91,17.033333333333335,-1.1253777742385864,-0.6737773340576622
COHFACE_s39_session2_natural,14,92,17.066666666666666,-1.1422401666641235,-0.4470251783829877
COHFACE_s39_session2_natural,14,93,17.1,-1.1510796546936035,-0.17984330676956528
COHFACE_s39_session2_natural,14,94,17.133333333333333,-1.1576932668685913,0.11090529020818664
COHFACE_s39_session2_natural,14,95,17.166666666666668,-1.1709365844726562,0.4052626180368842
COHFACE_s39_session2_natural,14,96,17.2,-1.0898756980895996,0.679519860028792
COHFACE_s39_session2_natural,14,97,17.233333333333334,-0.4005378186702728,0.9050761059648249
COHFACE_s39_session2_natural,14,98,17.266666666666666,0.8953955173492432,1.0515180750726802
COHFACE_s39_session2_natural,14,99,17.3,1.7981467247009277,1.0957692579064917
COHFACE_s39_session2_natural,14,100,17.333333333333332,1.8786952495574951,1.032907840140675
COHFACE_s39_session2_natural,14,101,17.366666666666667,1.5938130617141724,0.8809770995078361
COHFACE_s39_session2_natural,14,102,17.4,1.3788464069366455,0.6759339409562407
COHFACE_s39_session2_natural,14,103,17.433333333333334,1.2814996242523193,0.45962523810902695
COHFACE_s39_session2_natural,14,104,17.466666666666665,1.1318684816360474,0.26715681591767737
COHFACE_s39_session2_natural,14,105,17.5,0.9379757046699524,0.11905452387956628
COHFACE_s39_session2_natural,14,106,17.533333333333335,0.8237186074256897,0.020261398679101178
COHFACE_s39_session2_natural,14,107,17.566666666666666,0.7530505657196045,-0.03547531207112231
COHFACE_s39_session2_natural,14,108,17.6,0.6369038820266724,-0.059264358764248515
COHFACE_s39_session2_natural,14,109,17.633333333333333,0.4522509276866913,-0.062165364996997166
COHFACE_s39_session2_natural,14,110,17.666666666666668,0.22296807169914246,-0.05349260270033098
COHFACE_s39_session2_natural,14,111,17.7,0.003293388057500124,-0.04203124551106194
COHFACE_s39_session2_natural,14,112,17.733333333333334,-0.18244846165180206,-0.03840993010769703
COHFACE_s39_session2_natural,14,113,17.766666666666666,-0.31033313274383545,-0.05646408432876321
COHFACE_s39_session2_natural,14,114,17.8,-0.4043330252170563,-0.11199602148467004
COHFACE_s39_session2_natural,14,115,17.833333333333332,-0.4742644727230072,-0.21858620709685744
COHFACE_s39_session2_natural,14,116,17.866666666666667,-0.5408009886741638,-0.3815638342565742
COHFACE_s39_session2_natural,14,117,17.9,-0.6158568263053894,-0.5923447340153527
COHFACE_s39_session2_natural,14,118,17.933333333333334,-0.6961970925331116,-0.8256605997680446
COHFACE_s39_session2_natural,14,119,17.966666666666665,-0.7727100849151611,-1.0416252137011248
COHFACE_s39_session2_natural,14,120,18.0,-0.8539471626281738,-1.193206260628547
COHFACE_s39_session2_natural,14,121,18.033333333333335,-0.9349279403686523,-1.237677291737319
COHFACE_s39_session2_natural,14,122,18.066666666666666,-0.9910236597061157,-1.1486097098202455
COHFACE_s39_session2_natural,14,123,18.1,-1.041834831237793,-0.9241130272255944
COHFACE_s39_session2_natural,14,124,18.133333333333333,-1.0807639360427856,-0.5881698295287784
COHFACE_s39_session2_natural,14,125,18.166666666666668,-1.1110455989837646,-0.1846166815206131
COHFACE_s39_session2_natural,14,126,18.2,-1.1396939754486084,0.23373257620925905
COHFACE_s39_session2_natural,14,127,18.233333333333334,-1.1708885431289673,0.616719718632042
COHFACE_s39_session2_natural,14,128,18.266666666666666,-1.1590864658355713,0.9256219046631318
COHFACE_s39_session2_natural,14,129,18.3,-0.7002645134925842,1.1371995984315977
COHFACE_s39_session2_natural,14,130,18.333333333333332,0.43442779779434204,1.242916372472588
COHFACE_s39_session2_natural,14,131,18.366666666666667,1.4463918209075928,1.2448692084453923
COHFACE_s39_session2_natural,14,132,18.4,1.678957462310791,1.1513106873049872
COHFACE_s39_session2_natural,14,133,18.433333333333334,1.405509114265442,0.9746570615897938
COHFACE_s39_session2_natural,14,134,18.466666666666665,1.0960140228271484,0.7329034057108926
COHFACE_s39_session2_natural,14,135,18.5,0.9161171317100525,0.4523596305149476
COHFACE_s39_session2_natural,14,136,18.533333333333335,0.7657333612442017,0.1676335845975122
COHFACE_s39_session2_natural,14,137,18.566666666666666,0.6234684586524963,-0.08399828911456712
COHFACE_s39_session2_natural,14,138,18.6,0.5634974837303162,-0.2723292440412662
COHFACE_s39_session2_natural,14,139,18.633333333333333,0.536210298538208,-0.3828669454682679
COHFACE_s39_session2_natural,14,140,18.666666666666668,0.44227445125579834,-0.41963853415067304
COHFACE_s39_session2_natural,14,141,18.7,0.28087329864501953,-0.4012045431167019
COHFACE_s39_session2_natural,14,142,18.733333333333334,0.06965378671884537,-0.35286590146053265
COHFACE_s39_session2_natural,14,143,18.766666666666666,-0.1454250067472458,-0.2993728447397751
COHFACE_s39_session2_natural,14,144,18.8,-0.31896448135375977,-0.2605139329096765
COHFACE_s39_session2_natural,14,145,18.833333333333332,-0.45576873421669006,-0.24907056647159087
COHFACE_s39_session2_natural,14,146,18.866666666666667,-0.5545727014541626,-0.26945039187502096
COHFACE_s39_session2_natural,14,147,18.9,-0.6205648183822632,-0.31629240835913985
COHFACE_s39_session2_natural,14,148,18.933333333333334,-0.6754754781723022,-0.3741333212340629
COHFACE_s39_session2_natural,14,149,18.966666666666665,-0.7342293858528137,-0.4199350989882543
COHFACE_s39_session2_natural,14,150,19.0,-0.7864497900009155,-0.42892899559858017
COHFACE_s39_session2_natural,14,151,19.033333333333335,-0.8407198786735535,-0.3819234108894817
COHFACE_s39_session2_natural,14,152,19.066666666666666,-0.8998421430587769,-0.27088546467625235
COHFACE_s39_session2_natural,14,153,19.1,-0.9608860015869141,-0.10044938189866902
COHFACE_s39_session2_natural,14,154,19.133333333333333,-1.0107524394989014,0.11433320663861218
COHFACE_s39_session2_natural,14,155,19.166666666666668,-1.0461103916168213,0.3513955391881337
COHFACE_s39_session2_natural,14,156,19.2,-1.0755114555358887,0.583740761467246
COHFACE_s39_session2_natural,14,157,19.233333333333334,-1.1107254028320312,0.7802890253563196
COHFACE_s39_session2_natural,14,158,19.266666666666666,-1.0487207174301147,0.9083960879466333
COHFACE_s39_session2_natural,14,159,19.3,-0.4304192066192627,0.9406229472775214
COHFACE_s39_session2_natural,14,160,19.333333333333332,0.74349045753479,0.8640103230301566
COHFACE_s39_session2_natural,14,161,19.366666666666667,1.560152530670166,0.6864298217240113
COHFACE_s39_session2_natural,14,162,19.4,1.6061755418777466,0.4358370024423126
COHFACE_s39_session2_natural,14,163,19.433333333333334,1.2790175676345825,0.15266916699447042
COHFACE_s39_session2_natural,14,164,19.466666666666665,0.9669283628463745,-0.1209017171431384
COHFACE_s39_session2_natural,14,165,19.5,0.7643081545829773,-0.3504739851278852
COHFACE_s39_session2_natural,14,166,19.533333333333335,0.5953645706176758,-0.5149942119464466
COHFACE_s39_session2_natural,14,167,19.566666666666666,0.5131667256355286,-0.608047052336632
COHFACE_s39_session2_natural,14,168,19.6,0.5270825028419495,-0.6358664640428451
COHFACE_s39_session2_natural,14,169,19.633333333333333,0.5291643142700195,-0.6134531592462306
COHFACE_s39_session2_natural,14,170,19.666666666666668,0.4379507899284363,-0.5601812006448408
COHFACE_s39_session2_natural,14,171,19.7,0.25598815083503723,-0.496057985649476
COHFACE_s39_session2_natural,14,172,19.733333333333334,0.030740713700652122,-0.439254351796698
COHFACE_s39_session2_natural,14,173,19.766666666666666,-0.1645292341709137,-0.4046187686420505
COHFACE_s39_session2_natural,14,174,19.8,-0.3165624439716339,-0.4020295281282008
COHFACE_s39_session2_natural,14,175,19.833333333333332,-0.43078750371932983,-0.43359833898806716
COHFACE_s39_session2_natural,14,176,19.866666666666667,-0.5176132917404175,-0.49032587380022385
COHFACE_s39_session2_natural,14,177,19.9,-0.5725239515304565,-0.5507089243640471
COHFACE_s39_session2_natural,14,178,19.933333333333334,-0.6019890308380127,-0.5842536576472247
COHFACE_s39_session2_natural,14,179,19.966666666666665,-0.6304451823234558,-0.5606571294520897
COHFACE_s39_session2_natural,14,180,20.0,-0.6682693362236023,-0.4613073299625747
COHFACE_s39_session2_natural,14,181,20.033333333333335,-0.7252938151359558,-0.2870178696867533
COHFACE_s39_session2_natural,14,182,20.066666666666666,-0.7801724672317505,-0.057324004652750477
COHFACE_s39_session2_natural,14,183,20.1,-0.8443389534950256,0.1985185391419195
COHFACE_s39_session2_natural,14,184,20.133333333333333,-0.9209480881690979,0.45361120910234237
COHFACE_s39_session2_natural,14,185,20.166666666666668,-0.9899827241897583,0.691533302757988
COHFACE_s39_session2_natural,14,186,20.2,-0.9357606768608093,0.9063445823008139
COHFACE_s39_session2_natural,14,187,20.233333333333334,-0.2850636839866638,1.0954273930543197
COHFACE_s39_session2_natural,14,188,20.266666666666666,0.9266861081123352,1.2500088189232708
COHFACE_s39_session2_natural,14,189,20.3,1.7667760848999023,1.3494412104787046
COHFACE_s39_session2_natural,14,190,20.333333333333332,1.828492522239685,1.3638194045630745
COHFACE_s39_session2_natural,14,191,20.366666666666667,1.5095174312591553,1.2653395696009788
COHFACE_s39_session2_natural,14,192,20.4,1.2286707162857056,1.0433781040057515
COHFACE_s39_session2_natural,14,193,20.433333333333334,1.0612164735794067,0.7151409003884659
COHFACE_s39_session2_natural,14,194,20.466666666666665,0.8875168561935425,0.325533895137158
COHFACE_s39_session2_natural,14,195,20.5,0.7431702017784119,-0.06448069153180284
COHFACE_s39_session2_natural,14,196,20.533333333333335,0.7009583115577698,-0.3957834270367144
COHFACE_s39_session2_natural,14,197,20.566666666666666,0.6745198369026184,-0.6271289408799462
COHFACE_s39_session2_natural,14,198,20.6,0.5765165686607361,-0.743021200640648
COHFACE_s39_session2_natural,14,199,20.633333333333333,0.38489770889282227,-0.7519631531914678
COHFACE_s39_session2_natural,14,200,20.666666666666668,0.15218792855739594,-0.6782683919742847
COHFACE_s39_session2_natural,14,201,20.7,-0.06516478955745697,-0.5528178164920421
COHFACE_s39_session2_natural,14,202,20.733333333333334,-0.24101023375988007,-0.4071035008659219
COHFACE_s39_session2_natural,14,203,20.766666666666666,-0.3614165484905243,-0.2715181065273115
COHFACE_s39_session2_natural,14,204,20.8,-0.44535988569259644,-0.17527536743342637
COHFACE_s39_session2_natural,14,205,20.833333333333332,-0.5078930258750916,-0.1441887586266436
COHFACE_s39_session2_natural,14,206,20.866666666666667,-0.5558057427406311,-0.19485455133903248
COHFACE_s39_session2_natural,14,207,20.9,-0.6164332628250122,-0.32767346214380993
COHFACE_s39_session2_natural,14,208,20.933333333333334,-0.6765163540840149,-0.5234405451999748
COHFACE_s39_session2_natural,14,209,20.966666666666665,-0.7220110297203064,-0.7467381793814198
COHFACE_s39_session2_natural,14,210,21.0,-0.7696354985237122,-0.9547044647668343
COHFACE_s39_session2_natural,14,211,21.033333333333335,-0.8292381167411804,-1.1061357497676494
COHFACE_s39_session2_natural,14,212,21.066666666666666,-0.8889849185943604,-1.1668063734531635
COHFACE_s39_session2_natural,14,213,21.1,-0.6639456748962402,-1.1110608258981625
COHFACE_s39_session2_natural,14,214,21.133333333333333,0.31855329871177673,-0.9232584946844207
COHFACE_s39_session2_natural,14,215,21.166666666666668,1.5395269393920898,-0.6022294628366993
COHFACE_s39_session2_natural,14,216,21.2,2.083461284637451,-0.16749663339269424
COHFACE_s39_session2_natural,14,217,21.233333333333334,1.954039216041565,0.33777612038936056
COHFACE_s39_session2_natural,14,218,21.266666666666666,1.6794058084487915,0.8512520416470348
COHFACE_s39_session2_natural,14,219,21.3,1.5180206298828125,1.3032030386047777
COHFACE_s39_session2_natural,14,220,21.333333333333332,1.3945237398147583,1.631629647267212
COHFACE_s39_session2_natural,14,221,21.366666666666667,1.1830960512161255,1.7953828768209597
COHFACE_s39_session2_natural,14,222,21.4,0.9725170731544495,1.7813332724671083
COHFACE_s39_session2_natural,14,223,21.433333333333334,0.8588525056838989,1.6044918135411421
COHFACE_s39_session2_natural,14,224,21.466666666666665,0.7771990895271301,1.3025129563030184
COHFACE_s39_session2_natural,14,225,21.5,0.6377205848693848,0.9269156710210573
COHFACE_s39_session2_natural,14,226,21.533333333333335,0.42685335874557495,0.5327158661690866
COHFACE_s39_session2_natural,14,227,21.566666666666666,0.18213337659835815,0.167690983430355
COHFACE_s39_session2_natural,14,228,21.6,-0.032160744071006775,-0.13662303433788603
COHFACE_s39_session2_natural,14,229,21.633333333333333,-0.20091216266155243,-0.3691295604196479
COHFACE_s39_session2_natural,14,230,21.666666666666668,-0.3267791271209717,-0.5363496855625557
COHFACE_s39_session2_natural,14,231,21.7,-0.42220422625541687,-0.6535164059505574
COHFACE_s39_session2_natural,14,232,21.733333333333334,-0.5043060183525085,-0.7343135967471903
COHFACE_s39_session2_natural,14,233,21.766666666666666,-0.568824827671051,-0.7849032435500157
COHFACE_s39_session2_natural,14,234,21.8,-0.6307494640350342,-0.8043405024979748
COHFACE_s39_session2_natural,14,235,21.833333333333332,-0.6988553404808044,-0.7889493158866114
COHFACE_s39_session2_natural,14,236,21.866666666666667,-0.7768576145172119,-0.7367668647692608
COHFACE_s39_session2_natural,14,237,21.9,-0.8419849872589111,-0.6497035981165736
COHFACE_s39_session2_natural,14,238,21.933333333333334,-0.895838737487793,-0.5333627815202778
COHFACE_s39_session2_natural,14,239,21.966666666666665,-0.9444400668144226,-0.3958423792950135
COHFACE_s39_session2_natural,15,0,15.0,-0.6298366785049438,0.052645722406869044
COHFACE_s39_session2_natural,15,1,15.033333333333333,-0.684699296951294,-0.014512591728501611
COHFACE_s39_session2_natural,15,2,15.066666666666666,-0.7376242876052856,-0.06983051775784331
COHFACE_s39_session2_natural,15,3,15.1,-0.7967305183410645,-0.09589259177205257
COHFACE_s39_session2_natural,15,4,15.133333333333333,-0.8548118472099304,-0.07078741247206909
COHFACE_s39_session2_natural,15,5,15.166666666666666,-0.6273545622825623,0.026761663797468506
COHFACE_s39_session2_natural,15,6,15.2,0.2894245684146881,0.20798551537388146
COHFACE_s39_session2_natural,15,7,15.233333333333333,1.3880062103271484,0.4648782514379306
COHFACE_s39_session2_natural,15,8,15.266666666666667,1.8744996786117554,0.7663761922696234
COHFACE_s39_session2_natural,15,9,15.3,1.7768166065216064,1.062520121509758
COHFACE_s39_session2_natural,15,10,15.333333333333334,1.5480942726135254,1.2949801222725033
COHFACE_s39_session2_natural,15,11,15.366666666666667,1.4220030307769775,1.4098268597793837
COHFACE_s39_session2_natural,15,12,15.4,1.3235514163970947,1.369433593595913
COHFACE_s39_session2_natural,15,13,15.433333333333334,1.1259434223175049,1.1620451060314718
COHFACE_s39_session2_natural,15,14,15.466666666666667,0.9117454290390015,0.8070814721610791
COHFACE_s39_session2_natural,15,15,15.5,0.7849656939506531,0.35350900633419663
COHFACE_s39_session2_natural,15,16,15.533333333333333,0.7047374844551086,-0.1297096284841036
COHFACE_s39_session2_natural,15,17,15.566666666666666,0.5741465091705322,-0.5686849121406925
COHFACE_s39_session2_natural,15,18,15.6,0.3766186535358429,-0.9002185439750497
COHFACE_s39_session2_natural,15,19,15.633333333333333,0.15508638322353363,-1.0832494695447878
COHFACE_s39_session2_natural,15,20,15.666666666666666,-0.049743685871362686,-1.1043774330609044
COHFACE_s39_session2_natural,15,21,15.7,-0.20938335359096527,-0.9784272829225436
COHFACE_s39_session2_natural,15,22,15.733333333333333,-0.33243194222450256,-0.7451114820740724
COHFACE_s39_session2_natural,15,23,15.766666666666667,-0.4220280647277832,-0.461753290396865
COHFACE_s39_session2_natural,15,24,15.8,-0.49152714014053345,-0.19211575305358214
COHFACE_s39_session2_natural,15,25,15.833333333333334,-0.5634602904319763,0.007280721756965251
COHFACE_s39_session2_natural,15,26,15.866666666666667,-0.632623016834259,0.10046033779327149
COHFACE_s39_session2_natural,15,27,15.9,-0.6959408521652222,0.08096816728767404
COHFACE_s39_session2_natural,15,28,15.933333333333334,-0.7590184807777405,-0.027321082253142656
COHFACE_s39_session2_natural,15,29,15.966666666666667,-0.8272684812545776,-0.1789398407744123
COHFACE_s39_session2_natural,15,30,16.0,-0.8849334716796875,-0.32198291598913414
COHFACE_s39_session2_natural,15,31,16.033333333333335,-0.9412373304367065,-0.4133280204905037
COHFACE_s39_session2_natural,15,32,16.066666666666666,-0.9711507558822632,-0.4283871518856397
COHFACE_s39_session2_natural,15,33,16.1,-0.6478039622306824,-0.3635196752841623
COHFACE_s39_session2_natural,15,34,16.133333333333333,0.38616275787353516,-0.23276809020324823
COHFACE_s39_session2_natural,15,35,16.166666666666668,1.5008541345596313,-0.06201246577775723
COHFACE_s39_session2_natural,15,36,16.2,1.90311598777771,0.11724713781059078
COHFACE_s39_session2_natural,15,37,16.233333333333334,1.7260855436325073,0.2739578079220094
COHFACE_s39_session2_natural,15,38,16.266666666666666,1.4908616542816162,0.3836516225676928
COHFACE_s39_session2_natural,15,39,16.3,1.4005608558654785,0.4342606421408561
COHFACE_s39_session2_natural,15,40,16.333333333333332,1.2944387197494507,0.4299885603524094
COHFACE_s39_session2_natural,15,41,16.366666666666667,1.0677499771118164,0.391042651901443
COHFACE_s39_session2_natural,15,42,16.4,0.85020512342453,0.3479283525681462
COHFACE_s39_session2_natural,15,43,16.433333333333334,0.7342025637626648,0.3309663658246529
COHFACE_s39_session2_natural,15,44,16.466666666666665,0.647392749786377,0.35785149597988186
COHFACE_s39_session2_natural,15,45,16.5,0.502966046333313,0.4240522747509931
COHFACE_s39_session2_natural,15,46,16.533333333333335,0.2895846962928772,0.5015834651593851
COHFACE_s39_session2_natural,15,47,16.566666666666666,0.05615431070327759,0.5486509180499396
COHFACE_s39_session2_natural,15,48,16.6,-0.14380761981010437,0.5260448960203744
COHFACE_s39_session2_natural,15,49,16.633333333333333,-0.29217371344566345,0.41194307826535154
COHFACE_s39_session2_natural,15,50,16.666666666666668,-0.4077279269695282,0.20929424978169417
COHFACE_s39_session2_natural,15,51,16.7,-0.49868521094322205,-0.055061782364752274
COHFACE_s39_session2_natural,15,52,16.733333333333334,-0.5810431838035583,-0.33823965064122047
COHFACE_s39_session2_natural,15,53,16.766666666666666,-0.6497735977172852,-0.5941208625698011
COHFACE_s39_session2_natural,15,54,16.8,-0.7131394743919373,-0.7871261254956506
COHFACE_s39_session2_natural,15,55,16.833333333333332,-0.7818058133125305,-0.9014443815866996
COHFACE_s39_session2_natural,15,56,16.866666666666667,-0.8559808731079102,-0.9419127747433493
COHFACE_s39_session2_natural,15,57,16.9,-0.920243501663208,-0.9269314964875278
COHFACE_s39_session2_natural,15,58,16.933333333333334,-0.9831449389457703,-0.8777334213737772
COHFACE_s39_session2_natural,15,59,16.966666666666665,-1.0408580303192139,-0.8093656626064538
COHFACE_s39_session2_natural,15,60,17.0,-1.086704969406128,-0.7263080933045873
COHFACE_s39_session2_natural,15,61,17.033333333333335,-1.1253777742385864,-0.6224483800785523
COHFACE_s39_session2_natural,15,62,17.066666666666666,-1.1422401666641235,-0.48398363690211876
COHFACE_s39_session2_natural,15,63,17.1,-1.1510796546936035,-0.29457889945264343
COHFACE_s39_session2_natural,15,64,17.133333333333333,-1.1576932668685913,-0.04287951476657084
COHFACE_s39_session2_natural,15,65,17.166666666666668,-1.1709365844726562,0.26846287107320904
COHFACE_s39_session2_natural,15,66,17.2,-1.0898756980895996,0.6156684629656177
COHFACE_s39_session2_natural,15,67,17.233333333333334,-0.4005378186702728,0.9535895474745721
COHFACE_s39_session2_natural,15,68,17.266666666666666,0.8953955173492432,1.225334617610274
COHFACE_s39_session2_natural,15,69,17.3,1.7981467247009277,1.3795343724442612
COHFACE_s39_session2_natural,15,70,17.333333333333332,1.8786952495574951,1.3876906255440549
COHFACE_s39_session2_natural,15,71,17.366666666666667,1.5938130617141724,1.253115690832082
COHFACE_s39_session2_natural,15,72,17.4,1.3788464069366455,1.0080790250424871
COHFACE_s39_session2_natural,15,73,17.433333333333334,1.2814996242523193,0.7023579344392648
COHFACE_s39_session2_natural,15,74,17.466666666666665,1.1318684816360474,0.3892271278818915
COHFACE_s39_session2_natural,15,75,17.5,0.9379757046699524,0.113905506355604
COHFACE_s39_session2_natural,15,76,17.533333333333335,0.8237186074256897,-0.09299503919211692
COHFACE_s39_session2_natural,15,77,17.566666666666666,0.7530505657196045,-0.21699411591928974
COHFACE_s39_session2_natural,15,78,17.6,0.6369038820266724,-0.2580838551938665
COHFACE_s39_session2_natural,15,79,17.633333333333333,0.4522509276866913,-0.22828852200056637
COHFACE_s39_session2_natural,15,80,17.666666666666668,0.22296807169914246,-0.1499230432614837
COHFACE_s39_session2_natural,15,81,17.7,0.003293388057500124,-0.05427121200763209
COHFACE_s39_session2_natural,15,82,17.733333333333334,-0.18244846165180206,0.021043897429790247
COHFACE_s39_session2_natural,15,83,17.766666666666666,-0.31033313274383545,0.037688832664306164
COHFACE_s39_session2_natural,15,84,17.8,-0.4043330252170563,-0.034813848779855154
COHFACE_s39_session2_natural,15,85,17.833333333333332,-0.4742644727230072,-0.2097839894613638
COHFACE_s39_session2_natural,15,86,17.866666666666667,-0.5408009886741638,-0.476564358742431
COHFACE_s39_session2_natural,15,87,17.9,-0.6158568263053894,-0.799036451055033
COHFACE_s39_session2_natural,15,88,17.933333333333334,-0.6961970925331116,-1.1209826004312895
COHFACE_s39_session2_natural,15,89,17.966666666666665,-0.7727100849151611,-1.3777491407839018
COHFACE_s39_session2_natural,15,90,18.0,-0.8539471626281738,-1.5113759691002318
COHFACE_s39_session2_natural,15,91,18.033333333333335,-0.9349279403686523,-1.4848535038874004
COHFACE_s39_session2_natural,15,92,18.066666666666666,-0.9910236597061157,-1.291248604889955
COHFACE_s39_session2_natural,15,93,18.1,-1.041834831237793,-0.9549524122187315
COHFACE_s39_session2_natural,15,94,18.133333333333333,-1.0807639360427856,-0.5246465553393777
COHFACE_s39_session2_natural,15,95,18.166666666666668,-1.1110455989837646,-0.06029207917015714
COHFACE_s39_session2_natural,15,96,18.2,-1.1396939754486084,0.3812929324958546
COHFACE_s39_session2_natural,15,97,18.233333333333334,-1.1708885431289673,0.757371272263734
COHFACE_s39_session2_natural,15,98,18.266666666666666,-1.1590864658355713,1.043979587187392
COHFACE_s39_session2_natural,15,99,18.3,-0.7002645134925842,1.23445303093974
COHFACE_s39_session2_natural,15,100,18.333333333333332,0.43442779779434204,1.333553023687649
COHFACE_s39_session2_natural,15,101,18.366666666666667,1.4463918209075928,1.3497685972673032
COHFACE_s39_session2_natural,15,102,18.4,1.678957462310791,1.2889853308013155
COHFACE_s39_session2_natural,15,103,18.433333333333334,1.405509114265442,1.1525893334695718
COHFACE_s39_session2_natural,15,104,18.466666666666665,1.0960140228271484,0.9413314030902328
COHFACE_s39_session2_natural,15,105,18.5,0.9161171317100525,0.6630118452723899
COHFACE_s39_session2_natural,15,106,18.533333333333335,0.7657333612442017,0.33888398439864337
COHFACE_s39_session2_natural,15,107,18.566666666666666,0.6234684586524963,0.0036930669943655604
COHFACE_s39_session2_natural,15,108,18.6,0.5634974837303162,-0.3014950861134379
COHFACE_s39_session2_natural,15,109,18.633333333333333,0.536210298538208,-0.5398319657055428
COHFACE_s39_session2_natural,15,110,18.666666666666668,0.44227445125579834,-0.6876399309935234
COHFACE_s39_session2_natural,15,111,18.7,0.28087329864501953,-0.7389758267230832
COHFACE_s39_session2_natural,15,112,18.733333333333334,0.06965378671884537,-0.7057409784581218
COHFACE_s39_session2_natural,15,113,18.766666666666666,-0.1454250067472458,-0.614542721671556
COHFACE_s39_session2_natural,15,114,18.8,-0.31896448135375977,-0.5009594058350011
COHFACE_s39_session2_natural,15,115,18.833333333333332,-0.45576873421669006,-0.40123059035204944
COHFACE_s39_session2_natural,15,116,18.866666666666667,-0.5545727014541626,-0.34231359808860556
COHFACE_s39_session2_natural,15,117,18.9,-0.6205648183822632,-0.3330873145364163
COHFACE_s39_session2_natural,15,118,18.933333333333334,-0.6754754781723022,-0.3604596205734197
COHFACE_s39_session2_natural,15,119,18.966666666666665,-0.7342293858528137,-0.39293137564114045
COHFACE_s39_session2_natural,15,120,19.0,-0.7864497900009155,-0.39093868025556955
COHFACE_s39_session2_natural,15,121,19.033333333333335,-0.8407198786735535,-0.3201153387468229
COHFACE_s39_session2_natural,15,122,19.066666666666666,-0.8998421430587769,-0.16258168103814208
COHFACE_s39_session2_natural,15,123,19.1,-0.9608860015869141,0.0773502698274012
COHFACE_s39_session2_natural,15,124,19.133333333333333,-1.0107524394989014,0.3741169838075215
COHFACE_s39_session2_natural,15,125,19.166666666666668,-1.0461103916168213,0.6869483312443319
COHFACE_s39_session2_natural,15,126,19.2,-1.0755114555358887,0.9680201537894431
COHFACE_s39_session2_natural,15,127,19.233333333333334,-1.1107254028320312,1.1704477164125646
COHFACE_s39_session2_natural,15,128,19.266666666666666,-1.0487207174301147,1.2561319130533475
COHFACE_s39_session2_natural,15,129,19.3,-0.4304192066192627,1.2041101581518825
COHFACE_s39_session2_natural,15,130,19.333333333333332,0.74349045753479,1.0175077124327858
COHFACE_s39_session2_natural,15,131,19.366666666666667,1.560152530670166,0.724985059717018
COHFACE_s39_session2_natural,15,132,19.4,1.6061755418777466,0.37432231620798695
COHFACE_s39_session2_natural,15,133,19.433333333333334,1.2790175676345825,0.019959310672033444
COHFACE_s39_session2_natural,15,134,19.466666666666665,0.9669283628463745,-0.2906601960153086
COHFACE_s39_session2_natural,15,135,19.5,0.7643081545829773,-0.5269861974470909
COHFACE_s39_session2_natural,15,136,19.533333333333335,0.5953645706176758,-0.6789916275590747
COHFACE_s39_session2_natural,15,137,19.566666666666666,0.5131667256355286,-0.7549552328691691
COHFACE_s39_session2_natural,15,138,19.6,0.5270825028419495,-0.7753687389768101
COHFACE_s39_session2_natural,15,139,19.633333333333333,0.5291643142700195,-0.7651251739119624
COHFACE_s39_session2_natural,15,140,19.666666666666668,0.4379507899284363,-0.745911441999291
COHFACE_s39_session2_natural,15,141,19.7,0.25598815083503723,-0.7306228484046183
COHFACE_s39_session2_natural,15,142,19.733333333333334,0.030740713700652122,-0.7214544877169794
COHFACE_s39_session2_natural,15,143,19.766666666666666,-0.1645292341709137,-0.7122299681257748
COHFACE_s39_session2_natural,15,144,19.8,-0.3165624439716339,-0.6933697944224745
COHFACE_s39_session2_natural,15,145,19.833333333333332,-0.43078750371932983,-0.6564321540024908
COHFACE_s39_session2_natural,15,146,19.866666666666667,-0.5176132917404175,-0.5959564301738081
COHFACE_s39_session2_natural,15,147,19.9,-0.5725239515304565,-0.5087655907685631
COHFACE_s39_session2_natural,15,148,19.933333333333334,-0.6019890308380127,-0.3929984844128114
COHFACE_s39_session2_natural,15,149,19.966666666666665,-0.6304451823234558,-0.24913547842821593
COHFACE_s39_session2_natural,15,150,20.0,-0.6682693362236023,-0.08285588902311213
COHFACE_s39_session2_natural,15,151,20.033333333333335,-0.7252938151359558,0.09324162945168077
COHFACE_s39_session2_natural,15,152,20.066666666666666,-0.7801724672317505,0.26250957606008724
COHFACE_s39_session2_natural,15,153,20.1,-0.8443389534950256,0.4119325124870851
COHFACE_s39_session2_natural,15,154,20.133333333333333,-0.9209480881690979,0.5396416388073073
COHFACE_s39_session2_natural,15,155,20.166666666666668,-0.9899827241897583,0.6556127070003981
COHFACE_s39_session2_natural,15,156,20.2,-0.9357606768608093,0.7737357459014101
COHFACE_s39_session2_natural,15,157,20.233333333333334,-0.2850636839866638,0.9000055049386395
COHFACE_s39_session2_natural,15,158,20.266666666666666,0.9266861081123352,1.0238612825870161
COHFACE_s39_session2_natural,15,159,20.3,1.7667760848999023,1.1175159415791176
COHFACE_s39_session2_natural,15,160,20.333333333333332,1.828492522239685,1.1441852403743618
COHFACE_s39_session2_natural,15,161,20.366666666666667,1.5095174312591553,1.072154581011408
COHFACE_s39_session2_natural,15,162,20.4,1.2286707162857056,0.8887572959219046
COHFACE_s39_session2_natural,15,163,20.433333333333334,1.0612164735794067,0.607994918713172
COHFACE_s39_session2_natural,15,164,20.466666666666665,0.8875168561935425,0.26826454425114715
COHFACE_s39_session2_natural,15,165,20.5,0.7431702017784119,-0.07875789397067766
COHFACE_s39_session2_natural,15,166,20.533333333333335,0.7009583115577698,-0.38289529082634477
COHFACE_s39_session2_natural,15,167,20.566666666666666,0.6745198369026184,-0.6073289664051467
COHFACE_s39_session2_natural,15,168,20.6,0.5765165686607361,-0.7332285299327929
COHFACE_s39_session2_natural,15,169,20.633333333333333,0.38489770889282227,-0.757393003561511
COHFACE_s39_session2_natural,15,170,20.666666666666668,0.15218792855739594,-0.6872344885623639
COHFACE_s39_session2_natural,15,171,20.7,-0.06516478955745697,-0.5383479258868873
COHFACE_s39_session2_natural,15,172,20.733333333333334,-0.24101023375988007,-0.33673763907243515
COHFACE_s39_session2_natural,15,173,20.766666666666666,-0.3614165484905243,-0.12257822906413614
COHFACE_s39_session2_natural,15,174,20.8,-0.44535988569259644,0.0510788080689537
COHFACE_s39_session2_natural,15,175,20.833333333333332,-0.5078930258750916,0.12951491516349284
COHFACE_s39_session2_natural,15,176,20.866666666666667,-0.5558057427406311,0.075364962880458
COHFACE_s39_session2_natural,15,177,20.9,-0.6164332628250122,-0.11361199995185081
COHFACE_s39_session2_natural,15,178,20.933333333333334,-0.6765163540840149,-0.39830818507700716
COHFACE_s39_session2_natural,15,179,20.966666666666665,-0.7220110297203064,-0.7083532721941033
COHFACE_s39_session2_natural,15,180,21.0,-0.7696354985237122,-0.9643360169641403
COHFACE_s39_session2_natural,15,181,21.033333333333335,-0.8292381167411804,-1.1015683634495108
COHFACE_s39_session2_natural,15,182,21.066666666666666,-0.8889849185943604,-1.0851895300786538
COHFACE_s39_session2_natural,15,183,21.1,-0.6639456748962402,-0.9126219829663441
COHFACE_s39_session2_natural,15,184,21.133333333333333,0.31855329871177673,-0.606845520034211
COHFACE_s39_session2_natural,15,185,21.166666666666668,1.5395269393920898,-0.20739285789749265
COHFACE_s39_session2_natural,15,186,21.2,2.083461284637451,0.23661968157378263
COHFACE_s39_session2_natural,15,187,21.233333333333334,1.954039216041565,0.6718662375848722
COHFACE_s39_session2_natural,15,188,21.266666666666666,1.6794058084487915,1.0469942450295437
COHFACE_s39_session2_natural,15,189,21.3,1.5180206298828125,1.3202703734085925
COHFACE_s39_session2_natural,15,190,21.333333333333332,1.3945237398147583,1.4662581310503575
COHFACE_s39_session2_natural,15,191,21.366666666666667,1.1830960512161255,1.4782680714826233
COHFACE_s39_session2_natural,15,192,21.4,0.9725170731544495,1.3661058556112637
COHFACE_s39_session2_natural,15,193,21.433333333333334,0.8588525056838989,1.1516378192838381
COHFACE_s39_session2_natural,15,194,21.466666666666665,0.7771990895271301,0.8645179644640301
COHFACE_s39_session2_natural,15,195,21.5,0.6377205848693848,0.5384568307063338
COHFACE_s39_session2_natural,15,196,21.533333333333335,0.42685335874557495,0.20742140228749467
COHFACE_s39_session2_natural,15,197,21.566666666666666,0.18213337659835815,-0.0986462744348683
COHFACE_s39_session2_natural,15,198,21.6,-0.032160744071006775,-0.35840710627237465
COHFACE_s39_session2_natural,15,199,21.633333333333333,-0.20091216266155243,-0.5626754921416047
COHFACE_s39_session2_natural,15,200,21.666666666666668,-0.3267791271209717,-0.7144234989263079
COHFACE_s39_session2_natural,15,201,21.7,-0.42220422625541687,-0.8238734694142326
COHFACE_s39_session2_natural,15,202,21.733333333333334,-0.5043060183525085,-0.9013230335677079
COHFACE_s39_session2_natural,15,203,21.766666666666666,-0.568824827671051,-0.9527596879403969
COHFACE_s39_session2_natural,15,204,21.8,-0.6307494640350342,-0.9806420108637951
COHFACE_s39_session2_natural,15,205,21.833333333333332,-0.6988553404808044,-0.9874919157437125
COHFACE_s39_session2_natural,15,206,21.866666666666667,-0.7768576145172119,-0.9779438975667419
COHFACE_s39_session2_natural,15,207,21.9,-0.8419849872589111,-0.9566713746347277
COHFACE_s39_session2_natural,15,208,21.933333333333334,-0.895838737487793,-0.9232637636815126
COHFACE_s39_session2_natural,15,209,21.966666666666665,-0.9444400668144226,-0.8677995015872415
COHFACE_s39_session2_natural,15,210,22.0,-0.9901428818702698,-0.7706518415427809
COHFACE_s39_session2_natural,15,211,22.033333333333335,-1.0371267795562744,-0.6075683720120633
COHFACE_s39_session2_natural,15,212,22.066666666666666,-0.9384028911590576,-0.35825824362706465
COHFACE_s39_session2_natural,15,213,22.1,-0.17272821068763733,-0.015374450452587752
COHFACE_s39_session2_natural,15,214,22.133333333333333,1.1342545747756958,0.4086804431647715
COHFACE_s39_session2_natural,15,215,22.166666666666668,1.955240249633789,0.8787712163932396
COHFACE_s39_session2_natural,15,216,22.2,1.94913911819458,1.3393874549765268
COHFACE_s39_session2_natural,15,217,22.233333333333334,1.6242389678955078,1.7233604123663515
COHFACE_s39_session2_natural,15,218,22.266666666666666,1.4050767421722412,1.9658725651094522
COHFACE_s39_session2_natural,15,219,22.3,1.2794979810714722,2.0201307850936994
COHFACE_s39_session2_natural,15,220,22.333333333333332,1.0881834030151367,1.8698714863103185
COHFACE_s39_session2_natural,15,221,22.366666666666667,0.8854351043701172,1.5346449663886044
COHFACE_s39_session2_natural,15,222,22.4,0.7898178100585938,1.0661353186546345
COHFACE_s39_session2_natural,15,223,22.433333333333334,0.7184932231903076,0.5365697873296957
COHFACE_s39_session2_natural,15,224,22.466666666666665,0.5754916667938232,0.02257311126610298
COHFACE_s39_session2_natural,15,225,22.5,0.3622063994407654,-0.41073942641571365
COHFACE_s39_session2_natural,15,226,22.533333333333335,0.10707759112119675,-0.7205419211729247
COHFACE_s39_session2_natural,15,227,22.566666666666666,-0.12414291501045227,-0.8894665574774681
COHFACE_s39_session2_natural,15,228,22.6,-0.31180641055107117,-0.9229916045423048
COHFACE_s39_session2_natural,15,229,22.633333333333333,-0.4468171298503876,-0.8449956153750084
COHFACE_s39_session2_natural,15,230,22.666666666666668,-0.5402405261993408,-0.6929841020254383
COHFACE_s39_session2_natural,15,231,22.7,-0.6212373971939087,-0.5114641217978367
COHFACE_s39_session2_natural,15,232,22.733333333333334,-0.6890389919281006,-0.34266841362324274
COHFACE_s39_session2_natural,15,233,22.766666666666666,-0.752532958984375,-0.2169628340048226
COHFACE_s39_session2_natural,15,234,22.8,-0.8239216208457947,-0.14707004649429928
COHFACE_s39_session2_natural,15,235,22.833333333333332,-0.8927801251411438,-0.12890965276490904
COHFACE_s39_session2_natural,15,236,22.866666666666667,-0.9731524586677551,-0.14816837553295512
COHFACE_s39_session2_natural,15,237,22.9,-1.0527400970458984,-0.18864338520512797
COHFACE_s39_session2_natural,15,238,22.933333333333334,-1.1060974597930908,-0.23830332759009193
COHFACE_s39_session2_natural,15,239,22.966666666666665,-1.1395498514175415,-0.29107993083896944
COHFACE_s39_session2_natural,16,0,16.0,-0.8849334716796875,-0.007689967908921632
COHFACE_s39_session2_natural,16,1,16.033333333333335,-0.9412373304367065,-0.07365818808972519
COHFACE_s39_session2_natural,16,2,16.066666666666666,-0.9711507558822632,-0.12450940994457212
COHFACE_s39_session2_natural,16,3,16.1,-0.6478039622306824,-0.1505964090395075
COHFACE_s39_session2_natural,16,4,16.133333333333333,0.38616275787353516,-0.1479970249936967
COHFACE_s39_session2_natural,16,5,16.166666666666668,1.5008541345596313,-0.12058133633598511
COHFACE_s39_session2_natural,16,6,16.2,1.90311598777771,-0.07987021430277305
COHFACE_s39_session2_natural,16,7,16.233333333333334,1.7260855436325073,-0.041471734637019655
COHFACE_s39_session2_natural,16,8,16.266666666666666,1.4908616542816162,-0.018601769295372855
COHFACE_s39_session2_natural,16,9,16.3,1.4005608558654785,-0.015284654114789008
COHFACE_s39_session2_natural,16,10,16.333333333333332,1.2944387197494507,-0.02271040889582018
COHFACE_s39_session2_natural,16,11,16.366666666666667,1.0677499771118164,-0.021159879794969076
COHFACE_s39_session2_natural,16,12,16.4,0.85020512342453,0.012639482506305333
COHFACE_s39_session2_natural,16,13,16.433333333333334,0.7342025637626648,0.09529792307063883
COHFACE_s39_session2_natural,16,14,16.466666666666665,0.647392749786377,0.22733356127209367
COHFACE_s39_session2_natural,16,15,16.5,0.502966046333313,0.3883203980129808
COHFACE_s39_session2_natural,16,16,16.533333333333335,0.2895846962928772,0.5398534316494682
COHFACE_s39_session2_natural,16,17,16.566666666666666,0.05615431070327759,0.6366970236486467
COHFACE_s39_session2_natural,16,18,16.6,-0.14380761981010437,0.6414510141723022
COHFACE_s39_session2_natural,16,19,16.633333333333333,-0.29217371344566345,0.5357680219092521
COHFACE_s39_session2_natural,16,20,16.666666666666668,-0.4077279269695282,0.32460296335247335
COHFACE_s39_session2_natural,16,21,16.7,-0.49868521094322205,0.03440892364698807
COHFACE_s39_session2_natural,16,22,16.733333333333334,-0.5810431838035583,-0.2932453784611673
COHFACE_s39_session2_natural,16,23,16.766666666666666,-0.6497735977172852,-0.6118063599852066
COHFACE_s39_session2_natural,16,24,16.8,-0.7131394743919373,-0.8809834679201486
COHFACE_s39_session2_natural,16,25,16.833333333333332,-0.7818058133125305,-1.0745266776505609
COHFACE_s39_session2_natural,16,26,16.866666666666667,-0.8559808731079102,-1.1813223054033288
COHFACE_s39_session2_natural,16,27,16.9,-0.920243501663208,-1.2006126850578571
COHFACE_s39_session2_natural,16,28,16.933333333333334,-0.9831449389457703,-1.13570306283911
COHFACE_s39_session2_natural,16,29,16.966666666666665,-1.0408580303192139,-0.990871359097338
COHFACE_s39_session2_natural,16,30,17.0,-1.086704969406128,-0.7728754283055346
COHFACE_s39_session2_natural,16,31,17.033333333333335,-1.1253777742385864,-0.4943358497388488
COHFACE_s39_session2_natural,16,32,17.066666666666666,-1.1422401666641235,-0.17484081774820923
COHFACE_s39_session2_natural,16,33,17.1,-1.1510796546936035,0.16201660833923348
COHFACE_s39_session2_natural,16,34,17.133333333333333,-1.1576932668685913,0.49319231266453994
COHFACE_s39_session2_natural,16,35,17.166666666666668,-1.1709365844726562,0.7980350234311704
COHFACE_s39_session2_natural,16,36,17.2,-1.0898756980895996,1.0561505661253012
COHFACE_s39_session2_natural,16,37,17.233333333333334,-0.4005378186702728,1.2447636811832559
COHFACE_s39_session2_natural,16,38,17.266666666666666,0.8953955173492432,1.340658142248693
COHFACE_s39_session2_natural,16,39,17.3,1.7981467247009277,1.3282202926100588
COHFACE_s39_session2_natural,16,40,17.333333333333332,1.8786952495574951,1.2087455655629533
COHFACE_s39_session2_natural,16,41,17.366666666666667,1.5938130617141724,1.0034673075595681
COHFACE_s39_session2_natural,16,42,17.4,1.3788464069366455,0.7473853675991365
COHFACE_s39_session2_natural,16,43,17.433333333333334,1.2814996242523193,0.47788716452881846
COHFACE_s39_session2_natural,16,44,17.466666666666665,1.1318684816360474,0.22476732609588565
COHFACE_s39_session2_natural,16,45,17.5,0.9379757046699524,0.00607014341229488
COHFACE_s39_session2_natural,16,46,17.533333333333335,0.8237186074256897,-0.16982320437293752
COHFACE_s39_session2_natural,16,47,17.566666666666666,0.7530505657196045,-0.29877141956766595
COHFACE_s39_session2_natural,16,48,17.6,0.6369038820266724,-0.37630317126725366
COHFACE_s39_session2_natural,16,49,17.633333333333333,0.4522509276866913,-0.39716130932989135
COHFACE_s39_session2_natural,16,50,17.666666666666668,0.22296807169914246,-0.35977566808224637
COHFACE_s39_session2_natural,16,51,17.7,0.003293388057500124,-0.27348191440176955
COHFACE_s39_session2_natural,16,52,17.733333333333334,-0.18244846165180206,-0.16401850199686369
COHFACE_s39_session2_natural,16,53,17.766666666666666,-0.31033313274383545,-0.0727401023533802
COHFACE_s39_session2_natural,16,54,17.8,-0.4043330252170563,-0.04759447922054198
COHFACE_s39_session2_natural,16,55,17.833333333333332,-0.4742644727230072,-0.12784276378210624
COHFACE_s39_session2_natural,16,56,17.866666666666667,-0.5408009886741638,-0.3277412239564831
COHFACE_s39_session2_natural,16,57,17.9,-0.6158568263053894,-0.6257289668697059
COHFACE_s39_session2_natural,16,58,17.933333333333334,-0.6961970925331116,-0.9645471233320035
COHFACE_s39_session2_natural,16,59,17.966666666666665,-0.7727100849151611,-1.2640428868934477
COHFACE_s39_session2_natural,16,60,18.0,-0.8539471626281738,-1.44320436294682
COHFACE_s39_session2_natural,16,61,18.033333333333335,-0.9349279403686523,-1.4437655760917976
COHFACE_s39_session2_natural,16,62,18.066666666666666,-0.9910236597061157,-1.2468545438656768
COHFACE_s39_session2_natural,16,63,18.1,-1.041834831237793,-0.8770417103893003
COHFACE_s39_session2_natural,16,64,18.133333333333333,-1.0807639360427856,-0.3933848169638348
COHFACE_s39_session2_natural,16,65,18.166666666666668,-1.1110455989837646,0.12789343103156003
COHFACE_s39_session2_natural,16,66,18.2,-1.1396939754486084,0.6120177906848241
COHFACE_s39_session2_natural,16,67,18.233333333333334,-1.1708885431289673,0.9996485901474088
COHFACE_s39_session2_natural,16,68,18.266666666666666,-1.1590864658355713,1.2540527867100237
COHFACE_s39_session2_natural,16,69,18.3,-0.7002645134925842,1.36248199997554
COHFACE_s39_session2_natural,16,70,18.333333333333332,0.43442779779434204,1.3334260536296247
COHFACE_s39_session2_natural,16,71,18.366666666666667,1.4463918209075928,1.1909382151711998
COHFACE_s39_session2_natural,16,72,18.4,1.678957462310791,0.9676308967834266
COHFACE_s39_session2_natural,16,73,18.433333333333334,1.405509114265442,0.6985961967247342
COHFACE_s39_session2_natural,16,74,18.466666666666665,1.0960140228271484,0.4179096296617268
COHFACE_s39_session2_natural,16,75,18.5,0.9161171317100525,0.1573209217386865
COHFACE_s39_session2_natural,16,76,18.533333333333335,0.7657333612442017,-0.05541240522143049
COHFACE_s39_session2_natural,16,77,18.566666666666666,0.6234684586524963,-0.20079829086916415
COHFACE_s39_session2_natural,16,78,18.6,0.5634974837303162,-0.2733334460779833
COHFACE_s39_session2_natural,16,79,18.633333333333333,0.536210298538208,-0.2845106171503161
COHFACE_s39_session2_natural,16,80,18.666666666666668,0.44227445125579834,-0.25977250395209756
COHFACE_s39_session2_natural,16,81,18.7,0.28087329864501953,-0.22985809817268912
COHFACE_s39_session2_natural,16,82,18.733333333333334,0.06965378671884537,-0.22054494677241482
COHFACE_s39_session2_natural,16,83,18.766666666666666,-0.1454250067472458,-0.24557499655526757
COHFACE_s39_session2_natural,16,84,18.8,-0.31896448135375977,-0.3050851760624229
COHFACE_s39_session2_natural,16,85,18.833333333333332,-0.45576873421669006,-0.38838814199828353
COHFACE_s39_session2_natural,16,86,18.866666666666667,-0.5545727014541626,-0.47816964503174303
COHFACE_s39_session2_natural,16,87,18.9,-0.6205648183822632,-0.5538731513613083
COHFACE_s39_session2_natural,16,88,18.933333333333334,-0.6754754781723022,-0.594154002641668
COHFACE_s39_session2_natural,16,89,18.966666666666665,-0.7342293858528137,-0.5796425460051088
COHFACE_s39_session2_natural,16,90,19.0,-0.7864497900009155,-0.496576613217372
COHFACE_s39_session2_natural,16,91,19.033333333333335,-0.8407198786735535,-0.3403231683447112
COHFACE_s39_session2_natural,16,92,19.066666666666666,-0.8998421430587769,-0.11721862364918165
COHFACE_s39_session2_natural,16,93,19.1,-0.9608860015869141,0.15610105800087384
COHFACE_s39_session2_natural,16,94,19.133333333333333,-1.0107524394989014,0.455325687559486
COHFACE_s39_session2_natural,16,95,19.166666666666668,-1.0461103916168213,0.7514514644300149
COHFACE_s39_session2_natural,16,96,19.2,-1.0755114555358887,1.0126782119790159
COHFACE_s39_session2_natural,16,97,19.233333333333334,-1.1107254028320312,1.2055290983048599
COHFACE_s39_session2_natural,16,98,19.266666666666666,-1.0487207174301147,1.2976973696941527
COHFACE_s39_session2_natural,16,99,19.3,-0.4304192066192627,1.2647578249287905
COHFACE_s39_session2_natural,16,100,19.333333333333332,0.74349045753479,1.0989621706060244
COHFACE_s39_session2_natural,16,101,19.366666666666667,1.560152530670166,0.8150339926689805
COHFACE_s39_session2_natural,16,102,19.4,1.6061755418777466,0.4490941739730807
COHFACE_s39_session2_natural,16,103,19.433333333333334,1.2790175676345825,0.05087069058725374
COHFACE_s39_session2_natural,16,104,19.466666666666665,0.9669283628463745,-0.32756898370869286
COHFACE_s39_session2_natural,16,105,19.5,0.7643081545829773,-0.6426122687241318
COHFACE_s39_session2_natural,16,106,19.533333333333335,0.5953645706176758,-0.8666129526294888
COHFACE_s39_session2_natural,16,107,19.566666666666666,0.5131667256355286,-0.9909697683429711
COHFACE_s39_session2_natural,16,108,19.6,0.5270825028419495,-1.024767964261845
COHFACE_s39_session2_natural,16,109,19.633333333333333,0.5291643142700195,-0.9897697059764134
COHFACE_s39_session2_natural,16,110,19.666666666666668,0.4379507899284363,-0.9133992544468652
COHFACE_s39_session2_natural,16,111,19.7,0.25598815083503723,-0.8219643534092901
COHFACE_s39_session2_natural,16,112,19.733333333333334,0.030740713700652122,-0.736098961574541
COHFACE_s39_session2_natural,16,113,19.766666666666666,-0.1645292341709137,-0.6691425647207423
COHFACE_s39_session2_natural,16,114,19.8,-0.3165624439716339,-0.627436508852287
COHFACE_s39_session2_natural,16,115,19.833333333333332,-0.43078750371932983,-0.6106009856917226
COHFACE_s39_session2_natural,16,116,19.866666666666667,-0.5176132917404175,-0.6106511354618318
COHFACE_s39_session2_natural,16,117,19.9,-0.5725239515304565,-0.61081710139901
COHFACE_s39_session2_natural,16,118,19.933333333333334,-0.6019890308380127,-0.5865832771048377
COHFACE_s39_session2_natural,16,119,19.966666666666665,-0.6304451823234558,-0.5108842205913565
COHFACE_s39_session2_natural,16,120,20.0,-0.6682693362236023,-0.3623908233174045
COHFACE_s39_session2_natural,16,121,20.033333333333335,-0.7252938151359558,-0.133198155552992
COHFACE_s39_session2_natural,16,122,20.066666666666666,-0.7801724672317505,0.1674487851437921
COHFACE_s39_session2_natural,16,123,20.1,-0.8443389534950256,0.5143262898263565
COHFACE_s39_session2_natural,16,124,20.133333333333333,-0.9209480881690979,0.8710238080791748
COHFACE_s39_session2_natural,16,125,20.166666666666668,-0.9899827241897583,1.196407556709574
COHFACE_s39_session2_natural,16,126,20.2,-0.9357606768608093,1.4514885474097188
COHFACE_s39_session2_natural,16,127,20.233333333333334,-0.2850636839866638,1.6059033804034808
COHFACE_s39_session2_natural,16,128,20.266666666666666,0.9266861081123352,1.6426551098778837
COHFACE_s39_session2_natural,16,129,20.3,1.7667760848999023,1.559794542780757
COHFACE_s39_session2_natural,16,130,20.333333333333332,1.828492522239685,1.3694219217335264
COHFACE_s39_session2_natural,16,131,20.366666666666667,1.5095174312591553,1.095476171010679
COHFACE_s39_session2_natural,16,132,20.4,1.2286707162857056,0.7704910982263156
COHFACE_s39_session2_natural,16,133,20.433333333333334,1.0612164735794067,0.4302466528801562
COHFACE_s39_session2_natural,16,134,20.466666666666665,0.8875168561935425,0.10654901470726733
COHFACE_s39_session2_natural,16,135,20.5,0.7431702017784119,-0.17925997021016213
COHFACE_s39_session2_natural,16,136,20.533333333333335,0.7009583115577698,-0.4187603173388459
COHFACE_s39_session2_natural,16,137,20.566666666666666,0.6745198369026184,-0.6131563644373218
COHFACE_s39_session2_natural,16,138,20.6,0.5765165686607361,-0.7654316410288792
COHFACE_s39_session2_natural,16,139,20.633333333333333,0.38489770889282227,-0.8720657562677556
COHFACE_s39_session2_natural,16,140,20.666666666666668,0.15218792855739594,-0.9197100124720587
COHFACE_s39_session2_natural,16,141,20.7,-0.06516478955745697,-0.8904369139361402
COHFACE_s39_session2_natural,16,142,20.733333333333334,-0.24101023375988007,-0.774405422670249
COHFACE_s39_session2_natural,16,143,20.766666666666666,-0.3614165484905243,-0.5835517255774606
COHFACE_s39_session2_natural,16,144,20.8,-0.44535988569259644,-0.35761568602447263
COHFACE_s39_session2_natural,16,145,20.833333333333332,-0.5078930258750916,-0.15668405087365786
COHFACE_s39_session2_natural,16,146,20.866666666666667,-0.5558057427406311,-0.041750134398940125
COHFACE_s39_session2_natural,16,147,20.9,-0.6164332628250122,-0.052062555459808674
COHFACE_s39_session2_natural,16,148,20.933333333333334,-0.6765163540840149,-0.19035753870109548
COHFACE_s39_session2_natural,16,149,20.966666666666665,-0.7220110297203064,-0.42271453851646457
COHFACE_s39_session2_natural,16,150,21.0,-0.7696354985237122,-0.6912283661091414
COHFACE_s39_session2_natural,16,151,21.033333333333335,-0.8292381167411804,-0.9311879981614309
COHFACE_s39_session2_natural,16,152,21.066666666666666,-0.8889849185943604,-1.084671989171321
COHFACE_s39_session2_natural,16,153,21.1,-0.6639456748962402,-1.1078357287262561
COHFACE_s39_session2_natural,16,154,21.133333333333333,0.31855329871177673,-0.9746412190237398
COHFACE_s39_session2_natural,16,155,21.166666666666668,1.5395269393920898,-0.6809339767913598
COHFACE_s39_session2_natural,16,156,21.2,2.083461284637451,-0.24893663798817758
COHFACE_s39_session2_natural,16,157,21.233333333333334,1.954039216041565,0.27187935263803337
COHFACE_s39_session2_natural,16,158,21.266666666666666,1.6794058084487915,0.8112803946857904
COHFACE_s39_session2_natural,16,159,21.3,1.5180206298828125,1.2918599137092421
COHFACE_s39_session2_natural,16,160,21.333333333333332,1.3945237398147583,1.6453956942348504
COHFACE_s39_session2_natural,16,161,21.366666666666667,1.1830960512161255,1.8263101659665504
COHFACE_s39_session2_natural,16,162,21.4,0.9725170731544495,1.818608751428026
COHFACE_s39_session2_natural,16,163,21.433333333333334,0.8588525056838989,1.6359204578269793
COHFACE_s39_session2_natural,16,164,21.466666666666665,0.7771990895271301,1.3162089882579557
COHFACE_s39_session2_natural,16,165,21.5,0.6377205848693848,0.9129731094451435
COHFACE_s39_session2_natural,16,166,21.533333333333335,0.42685335874557495,0.4843437226229314
COHFACE_s39_session2_natural,16,167,21.566666666666666,0.18213337659835815,0.0815878837875762
COHFACE_s39_session2_natural,16,168,21.6,-0.032160744071006775,-0.2605038452202069
COHFACE_s39_session2_natural,16,169,21.633333333333333,-0.20091216266155243,-0.5280951819181815
COHFACE_s39_session2_natural,16,170,21.666666666666668,-0.3267791271209717,-0.7253079954408332
COHFACE_s39_session2_natural,16,171,21.7,-0.42220422625541687,-0.8647229686626678
COHFACE_s39_session2_natural,16,172,21.733333333333334,-0.5043060183525085,-0.9566302160056389
COHFACE_s39_session2_natural,16,173,21.766666666666666,-0.568824827671051,-1.00350490281433
COHFACE_s39_session2_natural,16,174,21.8,-0.6307494640350342,-1.0021982314156683
COHFACE_s39_session2_natural,16,175,21.833333333333332,-0.6988553404808044,-0.950719459387142
COHFACE_s39_session2_natural,16,176,21.866666666666667,-0.7768576145172119,-0.8539986980558821
COHFACE_s39_session2_natural,16,177,21.9,-0.8419849872589111,-0.7246174004675785
COHFACE_s39_session2_natural,16,178,21.933333333333334,-0.895838737487793,-0.5783038141528096
COHFACE_s39_session2_natural,16,179,21.966666666666665,-0.9444400668144226,-0.4273521847776157
COHFACE_s39_session2_natural,16,180,22.0,-0.9901428818702698,-0.27602151603426556
COHFACE_s39_session2_natural,16,181,22.033333333333335,-1.0371267795562744,-0.12017456211873916
COHFACE_s39_session2_natural,16,182,22.066666666666666,-0.9384028911590576,0.04950126798146497
COHFACE_s39_session2_natural,16,183,22.1,-0.17272821068763733,0.24267628413189443
COHFACE_s39_session2_natural,16,184,22.133333333333333,1.1342545747756958,0.46377472179250834
COHFACE_s39_session2_natural,16,185,22.166666666666668,1.955240249633789,0.7057804031837329
COHFACE_s39_session2_natural,16,186,22.2,1.94913911819458,0.9457798058373427
COHFACE_s39_session2_natural,16,187,22.233333333333334,1.6242389678955078,1.1463299420314896
COHFACE_s39_session2_natural,16,188,22.266666666666666,1.4050767421722412,1.264601741567009
COHFACE_s39_session2_natural,16,189,22.3,1.2794979810714722,1.2664581478685497
COHFACE_s39_session2_natural,16,190,22.333333333333332,1.0881834030151367,1.1389231980912933
COHFACE_s39_session2_natural,16,191,22.366666666666667,0.8854351043701172,0.8948213421105019
COHFACE_s39_session2_natural,16,192,22.4,0.7898178100585938,0.5678833440758905
COHFACE_s39_session2_natural,16,193,22.433333333333334,0.7184932231903076,0.2017839358760924
COHFACE_s39_session2_natural,16,194,22.466666666666665,0.5754916667938232,-0.16126655558494007
COHFACE_s39_session2_natural,16,195,22.5,0.3622063994407654,-0.48781598306164087
COHFACE_s39_session2_natural,16,196,22.533333333333335,0.10707759112119675,-0.7545385645733023
COHFACE_s39_session2_natural,16,197,22.566666666666666,-0.12414291501045227,-0.9453180561333474
COHFACE_s39_session2_natural,16,198,22.6,-0.31180641055107117,-1.0484556052143845
COHFACE_s39_session2_natural,16,199,22.633333333333333,-0.4468171298503876,-1.0579020270587298
COHFACE_s39_session2_natural,16,200,22.666666666666668,-0.5402405261993408,-0.9781237827133916
COHFACE_s39_session2_natural,16,201,22.7,-0.6212373971939087,-0.828287884130268
COHFACE_s39_session2_natural,16,202,22.733333333333334,-0.6890389919281006,-0.6417341354911655
COHFACE_s39_session2_natural,16,203,22.766666666666666,-0.752532958984375,-0.459896071782088
COHFACE_s39_session2_natural,16,204,22.8,-0.8239216208457947,-0.32263635449184175
COHFACE_s39_session2_natural,16,205,22.833333333333332,-0.8927801251411438,-0.2579600473237983
COHFACE_s39_session2_natural,16,206,22.866666666666667,-0.9731524586677551,-0.2736183453147335
COHFACE_s39_session2_natural,16,207,22.9,-1.0527400970458984,-0.3525021356272727
COHFACE_s39_session2_natural,16,208,22.933333333333334,-1.1060974597930908,-0.45369787999476346
COHFACE_s39_session2_natural,16,209,22.966666666666665,-1.1395498514175415,-0.5206985565087988
COHFACE_s39_session2_natural,16,210,23.0,-1.1726980209350586,-0.49637633720813784
COHFACE_s39_session2_natural,16,211,23.033333333333335,-1.2161109447479248,-0.34119557315971605
COHFACE_s39_session2_natural,16,212,23.066666666666666,-1.2151660919189453,-0.04836990759421232
COHFACE_s39_session2_natural,16,213,23.1,-0.7760249376296997,0.35049615600637857
COHFACE_s39_session2_natural,16,214,23.133333333333333,0.43457192182540894,0.7922683153164176
COHFACE_s39_session2_natural,16,215,23.166666666666668,1.603261113166809,1.199275408711923
COHFACE_s39_session2_natural,16,216,23.2,1.943806529045105,1.4998320952386206
COHFACE_s39_session2_natural,16,217,23.233333333333334,1.689366340637207,1.6448818942654506
COHFACE_s39_session2_natural,16,218,23.266666666666666,1.3687098026275635,1.6162511789949323
COHFACE_s39_session2_natural,16,219,23.3,1.183944821357727,1.426262297092633
COHFACE_s39_session2_natural,16,220,23.333333333333332,1.0192447900772095,1.1113045269317794
COHFACE_s39_session2_natural,16,221,23.366666666666667,0.8168488144874573,0.7224992370611224
COHFACE_s39_session2_natural,16,222,23.4,0.7023835182189941,0.31560040351121305
COHFACE_s39_session2_natural,16,223,23.433333333333334,0.657145082950592,-0.05860845923455371
COHFACE_s39_session2_natural,16,224,23.466666666666665,0.5658034086227417,-0.361990818494983
COHFACE_s39_session2_natural,16,225,23.5,0.3955947756767273,-0.5731424600191192
COHFACE_s39_session2_natural,16,226,23.533333333333335,0.1591058075428009,-0.6871682300706242
COHFACE_s39_session2_natural,16,227,23.566666666666666,-0.08391672372817993,-0.712275608618562
COHFACE_s39_session2_natural,16,228,23.6,-0.28115636110305786,-0.6656644228129823
COHFACE_s39_session2_natural,16,229,23.633333333333333,-0.43170028924942017,-0.5704938493464059
COHFACE_s39_session2_natural,16,230,23.666666666666668,-0.534235417842865,-0.4531753408587162
COHFACE_s39_session2_natural,16,231,23.7,-0.6172019243240356,-0.33910959022230974
COHFACE_s39_session2_natural,16,232,23.733333333333334,-0.6831139326095581,-0.2472152586654838
COHFACE_s39_session2_natural,16,233,23.766666666666666,-0.7296655178070068,-0.1861012183654971
COHFACE_s39_session2_natural,16,234,23.8,-0.7805407643318176,-0.15411509937555704
COHFACE_s39_session2_natural,16,235,23.833333333333332,-0.8478619456291199,-0.14292210570599992
COHFACE_s39_session2_natural,16,236,23.866666666666667,-0.9182257652282715,-0.14250775096797405
COHFACE_s39_session2_natural,16,237,23.9,-0.9750580787658691,-0.14536105944424002
COHFACE_s39_session2_natural,16,238,23.933333333333334,-1.02244234085083,-0.148498356311465
COHFACE_s39_session2_natural,16,239,23.966666666666665,-1.061131238937378,-0.15310713068273607
COHFACE_s39_session2_natural,17,0,17.0,-1.086704969406128,-0.012306127887595568
COHFACE_s39_session2_natural,17,1,17.033333333333335,-1.1253777742385864,-0.14543002232531935
COHFACE_s39_session2_natural,17,2,17.066666666666666,-1.1422401666641235,-0.2419948021594288
COHFACE_s39_session2_natural,17,3,17.1,-1.1510796546936035,-0.27124046443271876
COHFACE_s39_session2_natural,17,4,17.133333333333333,-1.1576932668685913,-0.21356239990442005
COHFACE_s39_session2_natural,17,5,17.166666666666668,-1.1709365844726562,-0.06648092986931296
COHFACE_s39_session2_natural,17,6,17.2,-1.0898756980895996,0.15127153182317502
COHFACE_s39_session2_natural,17,7,17.233333333333334,-0.4005378186702728,0.40037524144470205
COHFACE_s39_session2_natural,17,8,17.266666666666666,0.8953955173492432,0.6286724690950002
COHFACE_s39_session2_natural,17,9,17.3,1.7981467247009277,0.7855006725921923
COHFACE_s39_session2_natural,17,10,17.333333333333332,1.8786952495574951,0.8372937750596159
COHFACE_s39_session2_natural,17,11,17.366666666666667,1.5938130617141724,0.7770086495937059
COHFACE_s39_session2_natural,17,12,17.4,1.3788464069366455,0.6234434135608531
COHFACE_s39_session2_natural,17,13,17.433333333333334,1.2814996242523193,0.4124190813000996
COHFACE_s39_session2_natural,17,14,17.466666666666665,1.1318684816360474,0.1852058606130951
COHFACE_s39_session2_natural,17,15,17.5,0.9379757046699524,-0.02086134344601014
COHFACE_s39_session2_natural,17,16,17.533333333333335,0.8237186074256897,-0.17749447429188858
COHFACE_s39_session2_natural,17,17,17.566666666666666,0.7530505657196045,-0.267111039448093
COHFACE_s39_session2_natural,17,18,17.6,0.6369038820266724,-0.2830324857481704
COHFACE_s39_session2_natural,17,19,17.633333333333333,0.4522509276866913,-0.22971509020843603
COHFACE_s39_session2_natural,17,20,17.666666666666668,0.22296807169914246,-0.12331702775911496
COHFACE_s39_session2_natural,17,21,17.7,0.003293388057500124,0.008288966352908475
COHFACE_s39_session2_natural,17,22,17.733333333333334,-0.18244846165180206,0.1276473507339776
COHFACE_s39_session2_natural,17,23,17.766666666666666,-0.31033313274383545,0.19326284252154186
COHFACE_s39_session2_natural,17,24,17.8,-0.4043330252170563,0.16842709779318646
COHFACE_s39_session2_natural,17,25,17.833333333333332,-0.4742644727230072,0.03152934777748118
COHFACE_s39_session2_natural,17,26,17.866666666666667,-0.5408009886741638,-0.2150131073855854
COHFACE_s39_session2_natural,17,27,17.9,-0.6158568263053894,-0.5403246543709211
COHFACE_s39_session2_natural,17,28,17.933333333333334,-0.6961970925331116,-0.8876902921829941
COHFACE_s39_session2_natural,17,29,17.966666666666665,-0.7727100849151611,-1.185037636554305
COHFACE_s39_session2_natural,17,30,18.0,-0.8539471626281738,-1.361354693398826
COHFACE_s39_session2_natural,17,31,18.033333333333335,-0.9349279403686523,-1.3647018902282764
COHFACE_s39_session2_natural,17,32,18.066666666666666,-0.9910236597061157,-1.1766520159742164
COHFACE_s39_session2_natural,17,33,18.1,-1.041834831237793,-0.8186934635436142
COHFACE_s39_session2_natural,17,34,18.133333333333333,-1.0807639360427856,-0.34795324968749003
COHFACE_s39_session2_natural,17,35,18.166666666666668,-1.1110455989837646,0.15723598324852534
COHFACE_s39_session2_natural,17,36,18.2,-1.1396939754486084,0.6173911979173017
COHFACE_s39_session2_natural,17,37,18.233333333333334,-1.1708885431289673,0.9705383658629284
COHFACE_s39_session2_natural,17,38,18.266666666666666,-1.1590864658355713,1.1834116462795086
COHFACE_s39_session2_natural,17,39,18.3,-0.7002645134925842,1.2527214514657172
COHFACE_s39_session2_natural,17,40,18.333333333333332,0.43442779779434204,1.1980715434700568
COHFACE_s39_session2_natural,17,41,18.366666666666667,1.4463918209075928,1.0508045937244355
COHFACE_s39_session2_natural,17,42,18.4,1.678957462310791,0.8435667331551431
COHFACE_s39_session2_natural,17,43,18.433333333333334,1.405509114265442,0.6040696791411737
COHFACE_s39_session2_natural,17,44,18.466666666666665,1.0960140228271484,0.3542267796602589
COHFACE_s39_session2_natural,17,45,18.5,0.9161171317100525,0.11307578673741364
COHFACE_s39_session2_natural,17,46,18.533333333333335,0.7657333612442017,-0.10034100509626216
COHFACE_s39_session2_natural,17,47,18.566666666666666,0.6234684586524963,-0.2676816807702884
COHFACE_s39_session2_natural,17,48,18.6,0.5634974837303162,-0.3757784710780882
COHFACE_s39_session2_natural,17,49,18.633333333333333,0.536210298538208,-0.4215465743752304
COHFACE_s39_session2_natural,17,50,18.666666666666668,0.44227445125579834,-0.4134821154544476
COHFACE_s39_session2_natural,17,51,18.7,0.28087329864501953,-0.36849198029276764
COHFACE_s39_session2_natural,17,52,18.733333333333334,0.06965378671884537,-0.306257442488927
COHFACE_s39_session2_natural,17,53,18.766666666666666,-0.1454250067472458,-0.24474675438596813
COHFACE_s39_session2_natural,17,54,18.8,-0.31896448135375977,-0.19861255219182647
COHFACE_s39_session2_natural,17,55,18.833333333333332,-0.45576873421669006,-0.17915329099170565
COHFACE_s39_session2_natural,17,56,18.866666666666667,-0.5545727014541626,-0.19324772163269638
COHFACE_s39_session2_natural,17,57,18.9,-0.6205648183822632,-0.24016686416835414
COHFACE_s39_session2_natural,17,58,18.933333333333334,-0.6754754781723022,-0.3081384021417032
COHFACE_s39_session2_natural,17,59,18.966666666666665,-0.7342293858528137,-0.3740458276876779
COHFACE_s39_session2_natural,17,60,19.0,-0.7864497900009155,-0.4079427935040789
COHFACE_s39_session2_natural,17,61,19.033333333333335,-0.8407198786735535,-0.3809646393400962
COHFACE_s39_session2_natural,17,62,19.066666666666666,-0.8998421430587769,-0.27348679753365934
COHFACE_s39_session2_natural,17,63,19.1,-0.9608860015869141,-0.08076501712437477
COHFACE_s39_session2_natural,17,64,19.133333333333333,-1.0107524394989014,0.18500962557772307
COHFACE_s39_session2_natural,17,65,19.166666666666668,-1.0461103916168213,0.49561163539108555
COHFACE_s39_session2_natural,17,66,19.2,-1.0755114555358887,0.8094831684667766
COHFACE_s39_session2_natural,17,67,19.233333333333334,-1.1107254028320312,1.076179665021468
COHFACE_s39_session2_natural,17,68,19.266666666666666,-1.0487207174301147,1.2441083023847204
COHFACE_s39_session2_natural,17,69,19.3,-0.4304192066192627,1.2723570067328926
COHFACE_s39_session2_natural,17,70,19.333333333333332,0.74349045753479,1.1434667648223724
COHFACE_s39_session2_natural,17,71,19.366666666666667,1.560152530670166,0.8710175633493072
COHFACE_s39_session2_natural,17,72,19.4,1.6061755418777466,0.4977062607821014
COHFACE_s39_session2_natural,17,73,19.433333333333334,1.2790175676345825,0.08443122174765712
COHFACE_s39_session2_natural,17,74,19.466666666666665,0.9669283628463745,-0.30517394229193034
COHFACE_s39_session2_natural,17,75,19.5,0.7643081545829773,-0.6191749133735528
COHFACE_s39_session2_natural,17,76,19.533333333333335,0.5953645706176758,-0.8266330214017084
COHFACE_s39_session2_natural,17,77,19.566666666666666,0.5131667256355286,-0.9203170226089905
COHFACE_s39_session2_natural,17,78,19.6,0.5270825028419495,-0.9136679904328622
COHFACE_s39_session2_natural,17,79,19.633333333333333,0.5291643142700195,-0.8341338341469589
COHFACE_s39_session2_natural,17,80,19.666666666666668,0.4379507899284363,-0.7153272087538807
COHFACE_s39_session2_natural,17,81,19.7,0.25598815083503723,-0.590113642664204
COHFACE_s39_session2_natural,17,82,19.733333333333334,0.030740713700652122,-0.48592050543658605
COHFACE_s39_session2_natural,17,83,19.766666666666666,-0.1645292341709137,-0.422313189306644
COHFACE_s39_session2_natural,17,84,19.8,-0.3165624439716339,-0.4096066131263286
COHFACE_s39_session2_natural,17,85,19.833333333333332,-0.43078750371932983,-0.44710623478126077
COHFACE_s39_session2_natural,17,86,19.866666666666667,-0.5176132917404175,-0.5210575128776331
COHFACE_s39_session2_natural,17,87,19.9,-0.5725239515304565,-0.6043601784991276
COHFACE_s39_session2_natural,17,88,19.933333333333334,-0.6019890308380127,-0.6607280870942064
COHFACE_s39_session2_natural,17,89,19.966666666666665,-0.6304451823234558,-0.6540725918185935
COHFACE_s39_session2_natural,17,90,20.0,-0.6682693362236023,-0.5601402842349502
COHFACE_s39_session2_natural,17,91,20.033333333333335,-0.7252938151359558,-0.374857369892652
COHFACE_s39_session2_natural,17,92,20.066666666666666,-0.7801724672317505,-0.11496228290785396
COHFACE_s39_session2_natural,17,93,20.1,-0.8443389534950256,0.18927660959216938
COHFACE_s39_session2_natural,17,94,20.133333333333333,-0.9209480881690979,0.5049244439675185
COHFACE_s39_session2_natural,17,95,20.166666666666668,-0.9899827241897583,0.8047228987747794
COHFACE_s39_session2_natural,17,96,20.2,-0.9357606768608093,1.0691115163150495
COHFACE_s39_session2_natural,17,97,20.233333333333334,-0.2850636839866638,1.2825272903979303
COHFACE_s39_session2_natural,17,98,20.266666666666666,0.9266861081123352,1.4280234860858387
COHFACE_s39_session2_natural,17,99,20.3,1.7667760848999023,1.4850899611292658
COHFACE_s39_session2_natural,17,100,20.333333333333332,1.828492522239685,1.4336094986395622
COHFACE_s39_session2_natural,17,101,20.366666666666667,1.5095174312591553,1.2629528085329864
COHFACE_s39_session2_natural,17,102,20.4,1.2286707162857056,0.9812747027684318
COHFACE_s39_session2_natural,17,103,20.433333333333334,1.0612164735794067,0.6190446210662001
COHFACE_s39_session2_natural,17,104,20.466666666666665,0.8875168561935425,0.22399206365624905
COHFACE_s39_session2_natural,17,105,20.5,0.7431702017784119,-0.1504589972157034
COHFACE_s39_session2_natural,17,106,20.533333333333335,0.7009583115577698,-0.45800417466097143
COHFACE_s39_session2_natural,17,107,20.566666666666666,0.6745198369026184,-0.6682223794955198
COHFACE_s39_session2_natural,17,108,20.6,0.5765165686607361,-0.7686783085772826
COHFACE_s39_session2_natural,17,109,20.633333333333333,0.38489770889282227,-0.7616341734833366
COHFACE_s39_session2_natural,17,110,20.666666666666668,0.15218792855739594,-0.6595852857264795
COHFACE_s39_session2_natural,17,111,20.7,-0.06516478955745697,-0.4837946397307363
COHFACE_s39_session2_natural,17,112,20.733333333333334,-0.24101023375988007,-0.2666038730909006
COHFACE_s39_session2_natural,17,113,20.766666666666666,-0.3614165484905243,-0.05386601543885134
COHFACE_s39_session2_natural,17,114,20.8,-0.44535988569259644,0.09830941218841562
COHFACE_s39_session2_natural,17,115,20.833333333333332,-0.5078930258750916,0.13601164231977741
COHFACE_s39_session2_natural,17,116,20.866666666666667,-0.5558057427406311,0.026553996019983837
COHFACE_s39_session2_natural,17,117,20.9,-0.6164332628250122,-0.22451285186782233
COHFACE_s39_session2_natural,17,118,20.933333333333334,-0.6765163540840149,-0.5682727131248476
COHFACE_s39_session2_natural,17,119,20.966666666666665,-0.7220110297203064,-0.9240641701237847
COHFACE_s39_session2_natural,17,120,21.0,-0.7696354985237122,-1.2037491303209535
COHFACE_s39_session2_natural,17,121,21.033333333333335,-0.8292381167411804,-1.3376829008331566
COHFACE_s39_session2_natural,17,122,21.066666666666666,-0.8889849185943604,-1.2915625741857066
COHFACE_s39_session2_natural,17,123,21.1,-0.6639456748962402,-1.069524583545961
COHFACE_s39_session2_natural,17,124,21.133333333333333,0.31855329871177673,-0.7064232215250807
COHFACE_s39_session2_natural,17,125,21.166666666666668,1.5395269393920898,-0.2559288847185621
COHFACE_s39_session2_natural,17,126,21.2,2.083461284637451,0.22090518226059916
COHFACE_s39_session2_natural,17,127,21.233333333333334,1.954039216041565,0.6655984277000369
COHFACE_s39_session2_natural,17,128,21.266666666666666,1.6794058084487915,1.030597590424298
COHFACE_s39_session2_natural,17,129,21.3,1.5180206298828125,1.2848114941789095
COHFACE_s39_session2_natural,17,130,21.333333333333332,1.3945237398147583,1.414880571014759
COHFACE_s39_session2_natural,17,131,21.366666666666667,1.1830960512161255,1.4223095845217382
COHFACE_s39_session2_natural,17,132,21.4,0.9725170731544495,1.318886230697958
COHFACE_s39_session2_natural,17,133,21.433333333333334,0.8588525056838989,1.1235102643644286
COHFACE_s39_session2_natural,17,134,21.466666666666665,0.7771990895271301,0.861492561560268
COHFACE_s39_session2_natural,17,135,21.5,0.6377205848693848,0.564454803957662
COHFACE_s39_session2_natural,17,136,21.533333333333335,0.42685335874557495,0.26785938334447223
COHFACE_s39_session2_natural,17,137,21.566666666666666,0.18213337659835815,0.00479028825803686
COHFACE_s39_session2_natural,17,138,21.6,-0.032160744071006775,-0.2021830355658054
COHFACE_s39_session2_natural,17,139,21.633333333333333,-0.20091216266155243,-0.3467773679116284
COHFACE_s39_session2_natural,17,140,21.666666666666668,-0.3267791271209717,-0.43851744397110093
COHFACE_s39_session2_natural,17,141,21.7,-0.42220422625541687,-0.4956114533880757
COHFACE_s39_session2_natural,17,142,21.733333333333334,-0.5043060183525085,-0.5353313122014723
COHFACE_s39_session2_natural,17,143,21.766666666666666,-0.568824827671051,-0.5677625143555288
COHFACE_s39_session2_natural,17,144,21.8,-0.6307494640350342,-0.5957173329623373
COHFACE_s39_session2_natural,17,145,21.833333333333332,-0.6988553404808044,-0.6188175536775082
COHFACE_s39_session2_natural,17,146,21.866666666666667,-0.7768576145172119,-0.6374111839061447
COHFACE_s39_session2_natural,17,147,21.9,-0.8419849872589111,-0.6530333168062954
COHFACE_s39_session2_natural,17,148,21.933333333333334,-0.895838737487793,-0.6651035765534609
COHFACE_s39_session2_natural,17,149,21.966666666666665,-0.9444400668144226,-0.6663564829250659
COHFACE_s39_session2_natural,17,150,22.0,-0.9901428818702698,-0.6404675650003238
COHFACE_s39_session2_natural,17,151,22.033333333333335,-1.0371267795562744,-0.5641590331416041
COHFACE_s39_session2_natural,17,152,22.066666666666666,-0.9384028911590576,-0.41370340548205997
COHFACE_s39_session2_natural,17,153,22.1,-0.17272821068763733,-0.17389871951776972
COHFACE_s39_session2_natural,17,154,22.133333333333333,1.1342545747756958,0.15286024960361383
COHFACE_s39_session2_natural,17,155,22.166666666666668,1.955240249633789,0.5399955614069477
COHFACE_s39_session2_natural,17,156,22.2,1.94913911819458,0.9359719875534269
COHFACE_s39_session2_natural,17,157,22.233333333333334,1.6242389678955078,1.2722094094042333
COHFACE_s39_session2_natural,17,158,22.266666666666666,1.4050767421722412,1.479377306757515
COHFACE_s39_session2_natural,17,159,22.3,1.2794979810714722,1.507321145342074
COHFACE_s39_session2_natural,17,160,22.333333333333332,1.0881834030151367,1.3410417060968332
COHFACE_s39_session2_natural,17,161,22.366666666666667,0.8854351043701172,1.0060597192783318
COHFACE_s39_session2_natural,17,162,22.4,0.7898178100585938,0.5611091665916091
COHFACE_s39_session2_natural,17,163,22.433333333333334,0.7184932231903076,0.08153113080251062
COHFACE_s39_session2_natural,17,164,22.466666666666665,0.5754916667938232,-0.3601114420820302
COHFACE_s39_session2_natural,17,165,22.5,0.3622063994407654,-0.7094761231332423
COHFACE_s39_session2_natural,17,166,22.533333333333335,0.10707759112119675,-0.9373717412856837
COHFACE_s39_session2_natural,17,167,22.566666666666666,-0.12414291501045227,-1.037768790093653
COHFACE_s39_session2_natural,17,168,22.6,-0.31180641055107117,-1.021116595926498
COHFACE_s39_session2_natural,17,169,22.633333333333333,-0.4468171298503876,-0.9085600620249074
COHFACE_s39_session2_natural,17,170,22.666666666666668,-0.5402405261993408,-0.7291596237407073
COHFACE_s39_session2_natural,17,171,22.7,-0.6212373971939087,-0.5180344546014983
COHFACE_s39_session2_natural,17,172,22.733333333333334,-0.6890389919281006,-0.31285962553523056
COHFACE_s39_session2_natural,17,173,22.766666666666666,-0.752532958984375,-0.14841330295730948
COHFACE_s39_session2_natural,17,174,22.8,-0.8239216208457947,-0.05073111059946336
COHFACE_s39_session2_natural,17,175,22.833333333333332,-0.8927801251411438,-0.032494904172431935
COHFACE_s39_session2_natural,17,176,22.866666666666667,-0.9731524586677551,-0.09011954265762732
COHFACE_s39_session2_natural,17,177,22.9,-1.0527400970458984,-0.2024390687841673
COHFACE_s39_session2_natural,17,178,22.933333333333334,-1.1060974597930908,-0.3319136431642877
COHFACE_s39_session2_natural,17,179,22.966666666666665,-1.1395498514175415,-0.43026827896181014
COHFACE_s39_session2_natural,17,180,23.0,-1.1726980209350586,-0.4494452626934598
COHFACE_s39_session2_natural,17,181,23.033333333333335,-1.2161109447479248,-0.3557619935440116
COHFACE_s39_session2_natural,17,182,23.066666666666666,-1.2151660919189453,-0.1420705306286422
COHFACE_s39_session2_natural,17,183,23.1,-0.7760249376296997,0.16783017332179867
COHFACE_s39_session2_natural,17,184,23.133333333333333,0.43457192182540894,0.5250665828502562
COHFACE_s39_session2_natural,17,185,23.166666666666668,1.603261113166809,0.8694263694057065
COHFACE_s39_session2_natural,17,186,23.2,1.943806529045105,1.1450598113069004
COHFACE_s39_session2_natural,17,187,23.233333333333334,1.689366340637207,1.3122453576347866
COHFACE_s39_session2_natural,17,188,23.266666666666666,1.3687098026275635,1.3525180790936573
COHFACE_s39_session2_natural,17,189,23.3,1.183944821357727,1.2681200759957332
COHFACE_s39_session2_natural,17,190,23.333333333333332,1.0192447900772095,1.0782398288602988
COHFACE_s39_session2_natural,17,191,23.366666666666667,0.8168488144874573,0.8138545694918178
COHFACE_s39_session2_natural,17,192,23.4,0.7023835182189941,0.511763217394568
COHFACE_s39_session2_natural,17,193,23.433333333333334,0.657145082950592,0.20815822681143026
COHFACE_s39_session2_natural,17,194,23.466666666666665,0.5658034086227417,-0.06692841294732473
COHFACE_s39_session2_natural,17,195,23.5,0.3955947756767273,-0.2925333060469685
COHFACE_s39_session2_natural,17,196,23.533333333333335,0.1591058075428009,-0.4567052709001813
COHFACE_s39_session2_natural,17,197,23.566666666666666,-0.08391672372817993,-0.5551247845034746
COHFACE_s39_session2_natural,17,198,23.6,-0.28115636110305786,-0.590444868027166
COHFACE_s39_session2_natural,17,199,23.633333333333333,-0.43170028924942017,-0.572865405951465
COHFACE_s39_session2_natural,17,200,23.666666666666668,-0.534235417842865,-0.5203012021998138
COHFACE_s39_session2_natural,17,201,23.7,-0.6172019243240356,-0.4560970029846291
COHFACE_s39_session2_natural,17,202,23.733333333333334,-0.6831139326095581,-0.4043934450642254
COHFACE_s39_session2_natural,17,203,23.766666666666666,-0.7296655178070068,-0.3852636637771911
COHFACE_s39_session2_natural,17,204,23.8,-0.7805407643318176,-0.41118489785459783
COHFACE_s39_session2_natural,17,205,23.833333333333332,-0.8478619456291199,-0.48474518930067123
COHFACE_s39_session2_natural,17,206,23.866666666666667,-0.9182257652282715,-0.5971417982557667
COHFACE_s39_session2_natural,17,207,23.9,-0.9750580787658691,-0.7280806060122154
COHFACE_s39_session2_natural,17,208,23.933333333333334,-1.02244234085083,-0.8485929523929466
COHFACE_s39_session2_natural,17,209,23.966666666666665,-1.061131238937378,-0.9273389077333796
COHFACE_s39_session2_natural,17,210,24.0,-1.0929502248764038,-0.9382268317921404
COHFACE_s39_session2_natural,17,211,24.033333333333335,-1.1407829523086548,-0.8656807191352375
COHFACE_s39_session2_natural,17,212,24.066666666666666,-1.0729492902755737,-0.7058128109154747
COHFACE_s39_session2_natural,17,213,24.1,-0.3766615092754364,-0.46493633230785253
COHFACE_s39_session2_natural,17,214,24.133333333333333,0.9343406558036804,-0.15805015642109366
COHFACE_s39_session2_natural,17,215,24.166666666666668,1.831375002861023,0.19142633558384878
COHFACE_s39_session2_natural,17,216,24.2,1.8708325624465942,0.5517699696008
COHFACE_s39_session2_natural,17,217,24.233333333333334,1.5065709352493286,0.8852162696548775
COHFACE_s39_session2_natural,17,218,24.266666666666666,1.1929924488067627,1.1534700574405676
COHFACE_s39_session2_natural,17,219,24.3,1.014793038368225,1.3251060614807189
COHFACE_s39_session2_natural,17,220,24.333333333333332,0.8319656252861023,1.3818855200914486
COHFACE_s39_session2_natural,17,221,24.366666666666667,0.6807811260223389,1.321644172030701
COHFACE_s39_session2_natural,17,222,24.4,0.643245279788971,1.1578141639304897
COHFACE_s39_session2_natural,17,223,24.433333333333334,0.6249417066574097,0.9170792273113906
COHFACE_s39_session2_natural,17,224,24.466666666666665,0.5109407901763916,0.6355245963304471
COHFACE_s39_session2_natural,17,225,24.5,0.30311620235443115,0.35238708407661173
COHFACE_s39_session2_natural,17,226,24.533333333333335,0.05391240492463112,0.10174453692392053
COHFACE_s39_session2_natural,17,227,24.566666666666666,-0.17312854528427124,-0.09500816938822566
COHFACE_s39_session2_natural,17,228,24.6,-0.35734909772872925,-0.23208945592742336
COHFACE_s39_session2_natural,17,229,24.633333333333333,-0.4816627502441406,-0.31593609925464583
COHFACE_s39_session2_natural,17,230,24.666666666666668,-0.5576953887939453,-0.3578862531667086
COHFACE_s39_session2_natural,17,231,24.7,-0.6206609010696411,-0.3679434247051796
COHFACE_s39_session2_natural,17,232,24.733333333333334,-0.6735218167304993,-0.35312167707957587
COHFACE_s39_session2_natural,17,233,24.766666666666666,-0.7227156162261963,-0.31999606281539805
COHFACE_s39_session2_natural,17,234,24.8,-0.7762171030044556,-0.27816827233439395
COHFACE_s39_session2_natural,17,235,24.833333333333332,-0.8361720442771912,-0.24106820486475206
COHFACE_s39_session2_natural,17,236,24.866666666666667,-0.8970077037811279,-0.22264680019696834
COHFACE_s39_session2_natural,17,237,24.9,-0.9442638754844666,-0.23152314330372228
COHFACE_s39_session2_natural,17,238,24.933333333333334,-0.9868921041488647,-0.26609322509128475
COHFACE_s39_session2_natural,17,239,24.966666666666665,-1.0422991514205933,-0.31374004882830464
COHFACE_s39_session2_natural,18,0,18.0,-0.8539471626281738,0.04364707101388554
COHFACE_s39_session2_natural,18,1,18.033333333333335,-0.9349279403686523,-0.1690272307567884
COHFACE_s39_session2_natural,18,2,18.066666666666666,-0.9910236597061157,-0.299466564726665
COHFACE_s39_session2_natural,18,3,18.1,-1.041834831237793,-0.2943643687825874
COHFACE_s39_session2_natural,18,4,18.133333333333333,-1.0807639360427856,-0.14884140060363377
COHFACE_s39_session2_natural,18,5,18.166666666666668,-1.1110455989837646,0.0942300023959953
COHFACE_s39_session2_natural,18,6,18.2,-1.1396939754486084,0.36325050025648803
COHFACE_s39_session2_natural,18,7,18.233333333333334,-1.1708885431289673,0.5858537577527347
COHFACE_s39_session2_natural,18,8,18.266666666666666,-1.1590864658355713,0.7132029681254918
COHFACE_s39_session2_natural,18,9,18.3,-0.7002645134925842,0.7312366152229851
COHFACE_s39_session2_natural,18,10,18.333333333333332,0.43442779779434204,0.6564606449693436
COHFACE_s39_session2_natural,18,11,18.366666666666667,1.4463918209075928,0.5210501837774157
COHFACE_s39_session2_natural,18,12,18.4,1.678957462310791,0.3561635849547408
COHFACE_s39_session2_natural,18,13,18.433333333333334,1.405509114265442,0.18177531892872686
COHFACE_s39_session2_natural,18,14,18.466666666666665,1.0960140228271484,0.006532996525717271
COHFACE_s39_session2_natural,18,15,18.5,0.9161171317100525,-0.16500797007467297
COHFACE_s39_session2_natural,18,16,18.533333333333335,0.7657333612442017,-0.32440183451433857
COHFACE_s39_session2_natural,18,17,18.566666666666666,0.6234684586524963,-0.4566976451472949
COHFACE_s39_session2_natural,18,18,18.6,0.5634974837303162,-0.5447004233748918
COHFACE_s39_session2_natural,18,19,18.633333333333333,0.536210298538208,-0.5766416045972996
COHFACE_s39_session2_natural,18,20,18.666666666666668,0.44227445125579834,-0.5521218238541045
COHFACE_s39_session2_natural,18,21,18.7,0.28087329864501953,-0.4831448343871402
COHFACE_s39_session2_natural,18,22,18.733333333333334,0.06965378671884537,-0.3905231231423264
COHFACE_s39_session2_natural,18,23,18.766666666666666,-0.1454250067472458,-0.29815172074339286
COHFACE_s39_session2_natural,18,24,18.8,-0.31896448135375977,-0.2273002238624249
COHFACE_s39_session2_natural,18,25,18.833333333333332,-0.45576873421669006,-0.19171938677126182
COHFACE_s39_session2_natural,18,26,18.866666666666667,-0.5545727014541626,-0.19398295651397487
COHFACE_s39_session2_natural,18,27,18.9,-0.6205648183822632,-0.2239476784101863
COHFACE_s39_session2_natural,18,28,18.933333333333334,-0.6754754781723022,-0.2603700635593506
COHFACE_s39_session2_natural,18,29,18.966666666666665,-0.7342293858528137,-0.275988501476122
COHFACE_s39_session2_natural,18,30,19.0,-0.7864497900009155,-0.24494912443306782
COHFACE_s39_session2_natural,18,31,19.033333333333335,-0.8407198786735535,-0.15016343677610453
COHFACE_s39_session2_natural,18,32,19.066666666666666,-0.8998421430587769,0.012044367009800777
COHFACE_s39_session2_natural,18,33,19.1,-0.9608860015869141,0.23144837620250888
COHFACE_s39_session2_natural,18,34,19.133333333333333,-1.0107524394989014,0.4869169606057101
COHFACE_s39_session2_natural,18,35,19.166666666666668,-1.0461103916168213,0.7505383031536282
COHFACE_s39_session2_natural,18,36,19.2,-1.0755114555358887,0.9905859054876165
COHFACE_s39_session2_natural,18,37,19.233333333333334,-1.1107254028320312,1.1731569113339915
COHFACE_s39_session2_natural,18,38,19.266666666666666,-1.0487207174301147,1.2650210745838184
COHFACE_s39_session2_natural,18,39,19.3,-0.4304192066192627,1.24019002370555
COHFACE_s39_session2_natural,18,40,19.333333333333332,0.74349045753479,1.08878869788054
COHFACE_s39_session2_natural,18,41,19.366666666666667,1.560152530670166,0.8231093722442165
COHFACE_s39_session2_natural,18,42,19.4,1.6061755418777466,0.47647914874200037
COHFACE_s39_session2_natural,18,43,19.433333333333334,1.2790175676345825,0.09482249413572971
COHFACE_s39_session2_natural,18,44,19.466666666666665,0.9669283628463745,-0.2750647375823007
COHFACE_s39_session2_natural,18,45,19.5,0.7643081545829773,-0.5952302663246207
COHFACE_s39_session2_natural,18,46,19.533333333333335,0.5953645706176758,-0.8410958120208216
COHFACE_s39_session2_natural,18,47,19.566666666666666,0.5131667256355286,-1.0010866611581322
COHFACE_s39_session2_natural,18,48,19.6,0.5270825028419495,-1.073848005520602
COHFACE_s39_session2_natural,18,49,19.633333333333333,0.5291643142700195,-1.065639192083095
COHFACE_s39_session2_natural,18,50,19.666666666666668,0.4379507899284363,-0.9891037633659606
COHFACE_s39_session2_natural,18,51,19.7,0.25598815083503723,-0.8629487849864125
COHFACE_s39_session2_natural,18,52,19.733333333333334,0.030740713700652122,-0.7111819516064359
COHFACE_s39_session2_natural,18,53,19.766666666666666,-0.1645292341709137,-0.560653930812648
COHFACE_s39_session2_natural,18,54,19.8,-0.3165624439716339,-0.43642828547292334
COHFACE_s39_session2_natural,18,55,19.833333333333332,-0.43078750371932983,-0.35562996929492685
COHFACE_s39_session2_natural,18,56,19.866666666666667,-0.5176132917404175,-0.3215806745103518
COHFACE_s39_session2_natural,18,57,19.9,-0.5725239515304565,-0.3208625859352385
COHFACE_s39_session2_natural,18,58,19.933333333333334,-0.6019890308380127,-0.3258511416862356
COHFACE_s39_session2_natural,18,59,19.966666666666665,-0.6304451823234558,-0.3033035919339211
COHFACE_s39_session2_natural,18,60,20.0,-0.6682693362236023,-0.2260762749379288
COHFACE_s39_session2_natural,18,61,20.033333333333335,-0.7252938151359558,-0.08255362379333818
COHFACE_s39_session2_natural,18,62,20.066666666666666,-0.7801724672317505,0.12070299189321983
COHFACE_s39_session2_natural,18,63,20.1,-0.8443389534950256,0.363542697035169
COHFACE_s39_session2_natural,18,64,20.133333333333333,-0.9209480881690979,0.6199998697404957
COHFACE_s39_session2_natural,18,65,20.166666666666668,-0.9899827241897583,0.863956642294119
COHFACE_s39_session2_natural,18,66,20.2,-0.9357606768608093,1.0706849544104544
COHFACE_s39_session2_natural,18,67,20.233333333333334,-0.2850636839866638,1.2163648182361206
COHFACE_s39_session2_natural,18,68,20.266666666666666,0.9266861081123352,1.2786557226801512
COHFACE_s39_session2_natural,18,69,20.3,1.7667760848999023,1.239930037121821
COHFACE_s39_session2_natural,18,70,20.333333333333332,1.828492522239685,1.0930579233581523
COHFACE_s39_session2_natural,18,71,20.366666666666667,1.5095174312591553,0.8477455084520575
COHFACE_s39_session2_natural,18,72,20.4,1.2286707162857056,0.533475854270072
COHFACE_s39_session2_natural,18,73,20.433333333333334,1.0612164735794067,0.19535031759672086
COHFACE_s39_session2_natural,18,74,20.466666666666665,0.8875168561935425,-0.11718360046309165
COHFACE_s39_session2_natural,18,75,20.5,0.7431702017784119,-0.36427427087393677
COHFACE_s39_session2_natural,18,76,20.533333333333335,0.7009583115577698,-0.5260612299765223
COHFACE_s39_session2_natural,18,77,20.566666666666666,0.6745198369026184,-0.6049885248091885
COHFACE_s39_session2_natural,18,78,20.6,0.5765165686607361,-0.6193860641675272
COHFACE_s39_session2_natural,18,79,20.633333333333333,0.38489770889282227,-0.591836086127751
COHFACE_s39_session2_natural,18,80,20.666666666666668,0.15218792855739594,-0.5383893741457513
COHFACE_s39_session2_natural,18,81,20.7,-0.06516478955745697,-0.4643903166335268
COHFACE_s39_session2_natural,18,82,20.733333333333334,-0.24101023375988007,-0.3693236783372535
COHFACE_s39_session2_natural,18,83,20.766666666666666,-0.3614165484905243,-0.25771253606582323
COHFACE_s39_session2_natural,18,84,20.8,-0.44535988569259644,-0.14830702366695928
COHFACE_s39_session2_natural,18,85,20.833333333333332,-0.5078930258750916,-0.07366044039147908
COHFACE_s39_session2_natural,18,86,20.866666666666667,-0.5558057427406311,-0.0682059801215048
COHFACE_s39_session2_natural,18,87,20.9,-0.6164332628250122,-0.15096763481048264
COHFACE_s39_session2_natural,18,88,20.933333333333334,-0.6765163540840149,-0.3131659070825502
COHFACE_s39_session2_natural,18,89,20.966666666666665,-0.7220110297203064,-0.5182130801429112
COHFACE_s39_session2_natural,18,90,21.0,-0.7696354985237122,-0.7135750659247851
COHFACE_s39_session2_natural,18,91,21.033333333333335,-0.8292381167411804,-0.8470307189387032
COHFACE_s39_session2_natural,18,92,21.066666666666666,-0.8889849185943604,-0.87926730720775
COHFACE_s39_session2_natural,18,93,21.1,-0.6639456748962402,-0.7894691790278756
COHFACE_s39_session2_natural,18,94,21.133333333333333,0.31855329871177673,-0.5759167209355189
COHFACE_s39_session2_natural,18,95,21.166666666666668,1.5395269393920898,-0.2553565622534269
COHFACE_s39_session2_natural,18,96,21.2,2.083461284637451,0.13785530912254834
COHFACE_s39_session2_natural,18,97,21.233333333333334,1.954039216041565,0.5550619442089232
COHFACE_s39_session2_natural,18,98,21.266666666666666,1.6794058084487915,0.9409406825269148
COHFACE_s39_session2_natural,18,99,21.3,1.5180206298828125,1.2442372029805193
COHFACE_s39_session2_natural,18,100,21.333333333333332,1.3945237398147583,1.4277626491112962
COHFACE_s39_session2_natural,18,101,21.366666666666667,1.1830960512161255,1.4739544830121065
COHFACE_s39_session2_natural,18,102,21.4,0.9725170731544495,1.3851223676530446
COHFACE_s39_session2_natural,18,103,21.433333333333334,0.8588525056838989,1.18025195156413
COHFACE_s39_session2_natural,18,104,21.466666666666665,0.7771990895271301,0.8905246835476971
COHFACE_s39_session2_natural,18,105,21.5,0.6377205848693848,0.5543517743675368
COHFACE_s39_session2_natural,18,106,21.533333333333335,0.42685335874557495,0.21174564525979092
COHFACE_s39_session2_natural,18,107,21.566666666666666,0.18213337659835815,-0.10196783916900679
COHFACE_s39_session2_natural,18,108,21.6,-0.032160744071006775,-0.36209869079327817
COHFACE_s39_session2_natural,18,109,21.633333333333333,-0.20091216266155243,-0.5582259648485828
COHFACE_s39_session2_natural,18,110,21.666666666666668,-0.3267791271209717,-0.6935567250380555
COHFACE_s39_session2_natural,18,111,21.7,-0.42220422625541687,-0.7797915310614372
COHFACE_s39_session2_natural,18,112,21.733333333333334,-0.5043060183525085,-0.8300876611634095
COHFACE_s39_session2_natural,18,113,21.766666666666666,-0.568824827671051,-0.8540162502837575
COHFACE_s39_session2_natural,18,114,21.8,-0.6307494640350342,-0.8565733653502082
COHFACE_s39_session2_natural,18,115,21.833333333333332,-0.6988553404808044,-0.8401734779974842
COHFACE_s39_session2_natural,18,116,21.866666666666667,-0.7768576145172119,-0.8068886248583482
COHFACE_s39_session2_natural,18,117,21.9,-0.8419849872589111,-0.7587685915142004
COHFACE_s39_session2_natural,18,118,21.933333333333334,-0.895838737487793,-0.6960093475962337
COHFACE_s39_session2_natural,18,119,21.966666666666665,-0.9444400668144226,-0.6144775939857952
COHFACE_s39_session2_natural,18,120,22.0,-0.9901428818702698,-0.5045295466322204
COHFACE_s39_session2_natural,18,121,22.033333333333335,-1.0371267795562744,-0.35239039628706753
COHFACE_s39_session2_natural,18,122,22.066666666666666,-0.9384028911590576,-0.14436693382513313
COHFACE_s39_session2_natural,18,123,22.1,-0.17272821068763733,0.1267366708859291
COHFACE_s39_session2_natural,18,124,22.133333333333333,1.1342545747756958,0.45446158843854995
COHFACE_s39_session2_natural,18,125,22.166666666666668,1.955240249633789,0.8133202494516766
COHFACE_s39_session2_natural,18,126,22.2,1.94913911819458,1.1586306493809382
COHFACE_s39_session2_natural,18,127,22.233333333333334,1.6242389678955078,1.4340071183556289
COHFACE_s39_session2_natural,18,128,22.266666666666666,1.4050767421722412,1.5853955292902064
COHFACE_s39_session2_natural,18,129,22.3,1.2794979810714722,1.5767062750260095
COHFACE_s39_session2_natural,18,130,22.333333333333332,1.0881834030151367,1.40082943398096
COHFACE_s39_session2_natural,18,131,22.366666666666667,0.8854351043701172,1.0817426663862926
COHFACE_s39_session2_natural,18,132,22.4,0.7898178100585938,0.6673133816614281
COHFACE_s39_session2_natural,18,133,22.433333333333334,0.7184932231903076,0.2161405431660535
COHFACE_s39_session2_natural,18,134,22.466666666666665,0.5754916667938232,-0.21637001265229078
COHFACE_s39_session2_natural,18,135,22.5,0.3622063994407654,-0.5878683294695882
COHFACE_s39_session2_natural,18,136,22.533333333333335,0.10707759112119675,-0.8721634108695259
COHFACE_s39_session2_natural,18,137,22.566666666666666,-0.12414291501045227,-1.0563638546530825
COHFACE_s39_session2_natural,18,138,22.6,-0.31180641055107117,-1.136316170289265
COHFACE_s39_session2_natural,18,139,22.633333333333333,-0.4468171298503876,-1.1149691025879995
COHFACE_s39_session2_natural,18,140,22.666666666666668,-0.5402405261993408,-1.0044684365746208
COHFACE_s39_session2_natural,18,141,22.7,-0.6212373971939087,-0.8285653098901737
COHFACE_s39_session2_natural,18,142,22.733333333333334,-0.6890389919281006,-0.6213809684441124
COHFACE_s39_session2_natural,18,143,22.766666666666666,-0.752532958984375,-0.42136215154913265
COHFACE_s39_session2_natural,18,144,22.8,-0.8239216208457947,-0.26256724997914893
COHFACE_s39_session2_natural,18,145,22.833333333333332,-0.8927801251411438,-0.16687088245081552
COHFACE_s39_session2_natural,18,146,22.866666666666667,-0.9731524586677551,-0.13958273014665068
COHFACE_s39_session2_natural,18,147,22.9,-1.0527400970458984,-0.16891147070121484
COHFACE_s39_session2_natural,18,148,22.933333333333334,-1.1060974597930908,-0.22857118900343837
COHFACE_s39_session2_natural,18,149,22.966666666666665,-1.1395498514175415,-0.2828943664460149
COHFACE_s39_session2_natural,18,150,23.0,-1.1726980209350586,-0.2941991730065687
COHFACE_s39_session2_natural,18,151,23.033333333333335,-1.2161109447479248,-0.23179206672417288
COHFACE_s39_session2_natural,18,152,23.066666666666666,-1.2151660919189453,-0.0806531500118479
COHFACE_s39_session2_natural,18,153,23.1,-0.7760249376296997,0.1531562593673171
COHFACE_s39_session2_natural,18,154,23.133333333333333,0.43457192182540894,0.44267231391182743
COHFACE_s39_session2_natural,18,155,23.166666666666668,1.603261113166809,0.7459470583700353
COHFACE_s39_session2_natural,18,156,23.2,1.943806529045105,1.0154830576578502
COHFACE_s39_session2_natural,18,157,23.233333333333334,1.689366340637207,1.2079689647758796
COHFACE_s39_session2_natural,18,158,23.266666666666666,1.3687098026275635,1.2920610737303266
COHFACE_s39_session2_natural,18,159,23.3,1.183944821357727,1.253425296322054
COHFACE_s39_session2_natural,18,160,23.333333333333332,1.0192447900772095,1.0967385770347624
COHFACE_s39_session2_natural,18,161,23.366666666666667,0.8168488144874573,0.8442244690622897
COHFACE_s39_session2_natural,18,162,23.4,0.7023835182189941,0.5306697040471636
COHFACE_s39_session2_natural,18,163,23.433333333333334,0.657145082950592,0.19610411771856068
COHFACE_s39_session2_natural,18,164,23.466666666666665,0.5658034086227417,-0.12129338871658459
COHFACE_s39_session2_natural,18,165,23.5,0.3955947756767273,-0.389640258447964
COHFACE_s39_session2_natural,18,166,23.533333333333335,0.1591058075428009,-0.5849674226023934
COHFACE_s39_session2_natural,18,167,23.566666666666666,-0.08391672372817993,-0.6920489684322381
COHFACE_s39_session2_natural,18,168,23.6,-0.28115636110305786,-0.7064020805156128
COHFACE_s39_session2_natural,18,169,23.633333333333333,-0.43170028924942017,-0.6372263728494162
COHFACE_s39_session2_natural,18,170,23.666666666666668,-0.534235417842865,-0.5087248955590119
COHFACE_s39_session2_natural,18,171,23.7,-0.6172019243240356,-0.35709805172685305
COHFACE_s39_session2_natural,18,172,23.733333333333334,-0.6831139326095581,-0.22308300569787917
COHFACE_s39_session2_natural,18,173,23.766666666666666,-0.7296655178070068,-0.14261624134907708
COHFACE_s39_session2_natural,18,174,23.8,-0.7805407643318176,-0.138526023764396
COHFACE_s39_session2_natural,18,175,23.833333333333332,-0.8478619456291199,-0.2149285717645374
COHFACE_s39_session2_natural,18,176,23.866666666666667,-0.9182257652282715,-0.35515116811221575
COHFACE_s39_session2_natural,18,177,23.9,-0.9750580787658691,-0.5240058147144312
COHFACE_s39_session2_natural,18,178,23.933333333333334,-1.02244234085083,-0.6752216301412804
COHFACE_s39_session2_natural,18,179,23.966666666666665,-1.061131238937378,-0.7633765221263227
COHFACE_s39_session2_natural,18,180,24.0,-1.0929502248764038,-0.7566967863682358
COHFACE_s39_session2_natural,18,181,24.033333333333335,-1.1407829523086548,-0.6453222274364183
COHFACE_s39_session2_natural,18,182,24.066666666666666,-1.0729492902755737,-0.4414502278460007
COHFACE_s39_session2_natural,18,183,24.1,-0.3766615092754364,-0.17219258168060841
COHFACE_s39_session2_natural,18,184,24.133333333333333,0.9343406558036804,0.1300489210917335
COHFACE_s39_session2_natural,18,185,24.166666666666668,1.831375002861023,0.43437210825088907
COHFACE_s39_session2_natural,18,186,24.2,1.8708325624465942,0.7134929128782239
COHFACE_s39_session2_natural,18,187,24.233333333333334,1.5065709352493286,0.9433595406328105
COHFACE_s39_session2_natural,18,188,24.266666666666666,1.1929924488067627,1.1033655570698584
COHFACE_s39_session2_natural,18,189,24.3,1.014793038368225,1.1782934053177931
COHFACE_s39_session2_natural,18,190,24.333333333333332,0.8319656252861023,1.1606949198385244
COHFACE_s39_session2_natural,18,191,24.366666666666667,0.6807811260223389,1.0519311965584934
COHFACE_s39_session2_natural,18,192,24.4,0.643245279788971,0.861862643929654
COHFACE_s39_session2_natural,18,193,24.433333333333334,0.6249417066574097,0.6083073381197788
COHFACE_s39_session2_natural,18,194,24.466666666666665,0.5109407901763916,0.3159417639275091
COHFACE_s39_session2_natural,18,195,24.5,0.30311620235443115,0.013060456825543389
COHFACE_s39_session2_natural,18,196,24.533333333333335,0.05391240492463112,-0.2737384616648059
COHFACE_s39_session2_natural,18,197,24.566666666666666,-0.17312854528427124,-0.5243562072758117
COHFACE_s39_session2_natural,18,198,24.6,-0.35734909772872925,-0.7267110815118036
COHFACE_s39_session2_natural,18,199,24.633333333333333,-0.4816627502441406,-0.8745691725081554
COHFACE_s39_session2_natural,18,200,24.666666666666668,-0.5576953887939453,-0.9642302011819629
COHFACE_s39_session2_natural,18,201,24.7,-0.6206609010696411,-0.9935743345822938
COHFACE_s39_session2_natural,18,202,24.733333333333334,-0.6735218167304993,-0.9648302829596687
COHFACE_s39_session2_natural,18,203,24.766666666666666,-0.7227156162261963,-0.8889151369485736
COHFACE_s39_session2_natural,18,204,24.8,-0.7762171030044556,-0.7870852423199342
COHFACE_s39_session2_natural,18,205,24.833333333333332,-0.8361720442771912,-0.6864582319324631
COHFACE_s39_session2_natural,18,206,24.866666666666667,-0.8970077037811279,-0.6094920060928398
COHFACE_s39_session2_natural,18,207,24.9,-0.9442638754844666,-0.561831455531916
COHFACE_s39_session2_natural,18,208,24.933333333333334,-0.9868921041488647,-0.5253850100631438
COHFACE_s39_session2_natural,18,209,24.966666666666665,-1.0422991514205933,-0.46186727266429645
COHFACE_s39_session2_natural,18,210,25.0,-1.0059963464736938,-0.32656577171503737
COHFACE_s39_session2_natural,18,211,25.033333333333335,-0.3592066764831543,-0.0865350802727028
COHFACE_s39_session2_natural,18,212,25.066666666666666,0.9598183035850525,0.26445599539852466
COHFACE_s39_session2_natural,18,213,25.1,1.9402034282684326,0.699923155564224
COHFACE_s39_session2_natural,18,214,25.133333333333333,2.032938241958618,1.1653939543732614
COHFACE_s39_session2_natural,18,215,25.166666666666668,1.6858112812042236,1.591625253840783
COHFACE_s39_session2_natural,18,216,25.2,1.3828338384628296,1.9113630201474165
COHFACE_s39_session2_natural,18,217,25.233333333333334,1.2290070056915283,2.074195120843264
COHFACE_s39_session2_natural,18,218,25.266666666666666,1.0425446033477783,2.055670050555317
COHFACE_s39_session2_natural,18,219,25.3,0.8204198479652405,1.859345971363586
COHFACE_s39_session2_natural,18,220,25.333333333333332,0.7149061560630798,1.5125380714442263
COHFACE_s39_session2_natural,18,221,25.366666666666667,0.6734148859977722,1.0580483602489887
COHFACE_s39_session2_natural,18,222,25.4,0.5685898065567017,0.545065029235153
COHFACE_s39_session2_natural,18,223,25.433333333333334,0.364128053188324,0.02194391510080772
COHFACE_s39_session2_natural,18,224,25.466666666666665,0.10057606548070908,-0.4683226697465443
COHFACE_s39_session2_natural,18,225,25.5,-0.14342330396175385,-0.8906006235671197
COHFACE_s39_session2_natural,18,226,25.533333333333335,-0.3453068733215332,-1.2184429461128254
COHFACE_s39_session2_natural,18,227,25.566666666666666,-0.4994218349456787,-1.433181293009695
COHFACE_s39_session2_natural,18,228,25.6,-0.6052877902984619,-1.5221799198678831
COHFACE_s39_session2_natural,18,229,25.633333333333333,-0.6825695037841797,-1.478271001441165
COHFACE_s39_session2_natural,18,230,25.666666666666668,-0.7513799667358398,-1.3019254652614336
COHFACE_s39_session2_natural,18,231,25.7,-0.8125839829444885,-1.0060754350202188
COHFACE_s39_session2_natural,18,232,25.733333333333334,-0.8713699579238892,-0.6218213770461855
COHFACE_s39_session2_natural,18,233,25.766666666666666,-0.9320135116577148,-0.2016959653798104
COHFACE_s39_session2_natural,18,234,25.8,-0.9873085021972656,0.18379354140974516
COHFACE_s39_session2_natural,18,235,25.833333333333332,-1.0401854515075684,0.4590588182076564
COHFACE_s39_session2_natural,18,236,25.866666666666667,-1.10150146484375,0.5637262709002916
COHFACE_s39_session2_natural,18,237,25.9,-1.1498305797576904,0.4732023108536777
COHFACE_s39_session2_natural,18,238,25.933333333333334,-0.8361560106277466,0.210573182369548
COHFACE_s39_session2_natural,18,239,25.966666666666665,0.32540714740753174,-0.1562339861213699
COHFACE_s39_session2_natural,19,0,19.0,-0.7864497900009155,0.1500780740153434
COHFACE_s39_session2_natural,19,1,19.033333333333335,-0.8407198786735535,-0.023073851636796008
COHFACE_s39_session2_natural,19,2,19.066666666666666,-0.8998421430587769,-0.1425480961827281
COHFACE_s39_session2_natural,19,3,19.1,-0.9608860015869141,-0.16849425064015786
COHFACE_s39_session2_natural,19,4,19.133333333333333,-1.0107524394989014,-0.08762087390391579
COHFACE_s39_session2_natural,19,5,19.166666666666668,-1.0461103916168213,0.08456870763054018
COHFACE_s39_session2_natural,19,6,19.2,-1.0755114555358887,0.30974943114801534
COHFACE_s39_session2_natural,19,7,19.233333333333334,-1.1107254028320312,0.5373690515168498
COHFACE_s39_session2_natural,19,8,19.266666666666666,-1.0487207174301147,0.7163922191622399
COHFACE_s39_session2_natural,19,9,19.3,-0.4304192066192627,0.8062509314531353
COHFACE_s39_session2_natural,19,10,19.333333333333332,0.74349045753479,0.7851641784610962
COHFACE_s39_session2_natural,19,11,19.366666666666667,1.560152530670166,0.6536943830904047
COHFACE_s39_session2_natural,19,12,19.4,1.6061755418777466,0.4326159384723344
COHFACE_s39_session2_natural,19,13,19.433333333333334,1.2790175676345825,0.15625501071816963
COHFACE_s39_session2_natural,19,14,19.466666666666665,0.9669283628463745,-0.13615290316055004
COHFACE_s39_session2_natural,19,15,19.5,0.7643081545829773,-0.4083782909707001
COHFACE_s39_session2_natural,19,16,19.533333333333335,0.5953645706176758,-0.6325044795750988
COHFACE_s39_session2_natural,19,17,19.566666666666666,0.5131667256355286,-0.7911172292946921
COHFACE_s39_session2_natural,19,18,19.6,0.5270825028419495,-0.8771660998886012
COHFACE_s39_session2_natural,19,19,19.633333333333333,0.5291643142700195,-0.8927828045862762
COHFACE_s39_session2_natural,19,20,19.666666666666668,0.4379507899284363,-0.847848310465779
COHFACE_s39_session2_natural,19,21,19.7,0.25598815083503723,-0.7584139205318073
COHFACE_s39_session2_natural,19,22,19.733333333333334,0.030740713700652122,-0.6448812244282992
COHFACE_s39_session2_natural,19,23,19.766666666666666,-0.1645292341709137,-0.5296771320781855
COHFACE_s39_session2_natural,19,24,19.8,-0.3165624439716339,-0.4337053828694051
COHFACE_s39_session2_natural,19,25,19.833333333333332,-0.43078750371932983,-0.3711289966042502
COHFACE_s39_session2_natural,19,26,19.866666666666667,-0.5176132917404175,-0.34369231264118105
COHFACE_s39_session2_natural,19,27,19.9,-0.5725239515304565,-0.33754065928479415
COHFACE_s39_session2_natural,19,28,19.933333333333334,-0.6019890308380127,-0.3255363306805484
COHFACE_s39_session2_natural,19,29,19.966666666666665,-0.6304451823234558,-0.2757717780016632
COHFACE_s39_session2_natural,19,30,20.0,-0.6682693362236023,-0.16337749222301248
COHFACE_s39_session2_natural,19,31,20.033333333333335,-0.7252938151359558,0.019630957256162915
COHFACE_s39_session2_natural,19,32,20.066666666666666,-0.7801724672317505,0.2608847189182265
COHFACE_s39_session2_natural,19,33,20.1,-0.8443389534950256,0.5315942970423212
COHFACE_s39_session2_natural,19,34,20.133333333333333,-0.9209480881690979,0.7952271619789314
COHFACE_s39_session2_natural,19,35,20.166666666666668,-0.9899827241897583,1.016721030701792
COHFACE_s39_session2_natural,19,36,20.2,-0.9357606768608093,1.169321250363122
COHFACE_s39_session2_natural,19,37,20.233333333333334,-0.2850636839866638,1.2381767172389078
COHFACE_s39_session2_natural,19,38,20.266666666666666,0.9266861081123352,1.2206309988485702
COHFACE_s39_session2_natural,19,39,20.3,1.7667760848999023,1.1236124862540282
COHFACE_s39_session2_natural,19,40,20.333333333333332,1.828492522239685,0.9597742377904276
COHFACE_s39_session2_natural,19,41,20.366666666666667,1.5095174312591553,0.7446105649276109
COHFACE_s39_session2_natural,19,42,20.4,1.2286707162857056,0.4953676451918822
COHFACE_s39_session2_natural,19,43,20.433333333333334,1.0612164735794067,0.23069259706505563
COHFACE_s39_session2_natural,19,44,20.466666666666665,0.8875168561935425,-0.030375006447375667
COHFACE_s39_session2_natural,19,45,20.5,0.7431702017784119,-0.27037029846621
COHFACE_s39_session2_natural,19,46,20.533333333333335,0.7009583115577698,-0.4753500476294454
COHFACE_s39_session2_natural,19,47,20.566666666666666,0.6745198369026184,-0.6353816698551913
COHFACE_s39_session2_natural,19,48,20.6,0.5765165686607361,-0.7429305350782185
COHFACE_s39_session2_natural,19,49,20.633333333333333,0.38489770889282227,-0.7902891671406093
COHFACE_s39_session2_natural,19,50,20.666666666666668,0.15218792855739594,-0.7688695766980185
COHFACE_s39_session2_natural,19,51,20.7,-0.06516478955745697,-0.6729888600217488
COHFACE_s39_session2_natural,19,52,20.733333333333334,-0.24101023375988007,-0.5079412173774468
COHFACE_s39_session2_natural,19,53,20.766666666666666,-0.3614165484905243,-0.29819336067029795
COHFACE_s39_session2_natural,19,54,20.8,-0.44535988569259644,-0.08924979113994792
COHFACE_s39_session2_natural,19,55,20.833333333333332,-0.5078930258750916,0.061445949037782666
COHFACE_s39_session2_natural,19,56,20.866666666666667,-0.5558057427406311,0.10325322209650585
COHFACE_s39_session2_natural,19,57,20.9,-0.6164332628250122,0.012951594080983824
COHFACE_s39_session2_natural,19,58,20.933333333333334,-0.6765163540840149,-0.1930397912537015
COHFACE_s39_session2_natural,19,59,20.966666666666665,-0.7220110297203064,-0.4617067007109809
COHFACE_s39_session2_natural,19,60,21.0,-0.7696354985237122,-0.7207847851731295
COHFACE_s39_session2_natural,19,61,21.033333333333335,-0.8292381167411804,-0.9019651606838784
COHFACE_s39_session2_natural,19,62,21.066666666666666,-0.8889849185943604,-0.9591627680995042
COHFACE_s39_session2_natural,19,63,21.1,-0.6639456748962402,-0.8752372419938919
COHFACE_s39_session2_natural,19,64,21.133333333333333,0.31855329871177673,-0.6584690477254794
COHFACE_s39_session2_natural,19,65,21.166666666666668,1.5395269393920898,-0.3352819198750621
COHFACE_s39_session2_natural,19,66,21.2,2.083461284637451,0.055810339010776755
COHFACE_s39_session2_natural,19,67,21.233333333333334,1.954039216041565,0.46869516335783434
COHFACE_s39_session2_natural,19,68,21.266666666666666,1.6794058084487915,0.8545746011899349
COHFACE_s39_session2_natural,19,69,21.3,1.5180206298828125,1.1682933647962215
COHFACE_s39_session2_natural,19,70,21.333333333333332,1.3945237398147583,1.37484788941178
COHFACE_s39_session2_natural,19,71,21.366666666666667,1.1830960512161255,1.4538703037240075
COHFACE_s39_session2_natural,19,72,21.4,0.9725170731544495,1.4011523197142173
COHFACE_s39_session2_natural,19,73,21.433333333333334,0.8588525056838989,1.2280271126015874
COHFACE_s39_session2_natural,19,74,21.466666666666665,0.7771990895271301,0.959632613004754
COHFACE_s39_session2_natural,19,75,21.5,0.6377205848693848,0.632009260433328
COHFACE_s39_session2_natural,19,76,21.533333333333335,0.42685335874557495,0.2871277211707233
COHFACE_s39_session2_natural,19,77,21.566666666666666,0.18213337659835815,-0.03459137133896336
COHFACE_s39_session2_natural,19,78,21.6,-0.032160744071006775,-0.3028771373511359
COHFACE_s39_session2_natural,19,79,21.633333333333333,-0.20091216266155243,-0.5040595093312666
COHFACE_s39_session2_natural,19,80,21.666666666666668,-0.3267791271209717,-0.6418863070037892
COHFACE_s39_session2_natural,19,81,21.7,-0.42220422625541687,-0.7316374095175747
COHFACE_s39_session2_natural,19,82,21.733333333333334,-0.5043060183525085,-0.790538978528429
COHFACE_s39_session2_natural,19,83,21.766666666666666,-0.568824827671051,-0.8298210045242908
COHFACE_s39_session2_natural,19,84,21.8,-0.6307494640350342,-0.8520606172156601
COHFACE_s39_session2_natural,19,85,21.833333333333332,-0.6988553404808044,-0.853587196785443
COHFACE_s39_session2_natural,19,86,21.866666666666667,-0.7768576145172119,-0.8289653853823297
COHFACE_s39_session2_natural,19,87,21.9,-0.8419849872589111,-0.7742989279842579
COHFACE_s39_session2_natural,19,88,21.933333333333334,-0.895838737487793,-0.687852312480313
COHFACE_s39_session2_natural,19,89,21.966666666666665,-0.9444400668144226,-0.5687271884893649
COHFACE_s39_session2_natural,19,90,22.0,-0.9901428818702698,-0.41550364106769494
COHFACE_s39_session2_natural,19,91,22.033333333333335,-1.0371267795562744,-0.22631725498690405
COHFACE_s39_session2_natural,19,92,22.066666666666666,-0.9384028911590576,-0.00043969339121452834
COHFACE_s39_session2_natural,19,93,22.1,-0.17272821068763733,0.2593676722245404
COHFACE_s39_session2_natural,19,94,22.133333333333333,1.1342545747756958,0.5439896992013042
COHFACE_s39_session2_natural,19,95,22.166666666666668,1.955240249633789,0.8347691222987328
COHFACE_s39_session2_natural,19,96,22.2,1.94913911819458,1.1016717735542152
COHFACE_s39_session2_natural,19,97,22.233333333333334,1.6242389678955078,1.3056566026305858
COHFACE_s39_session2_natural,19,98,22.266666666666666,1.4050767421722412,1.4067725325578615
COHFACE_s39_session2_natural,19,99,22.3,1.2794979810714722,1.376154228769457
COHFACE_s39_session2_natural,19,100,22.333333333333332,1.0881834030151367,1.206974281826074
COHFACE_s39_session2_natural,19,101,22.366666666666667,0.8854351043701172,0.9189418763337408
COHFACE_s39_session2_natural,19,102,22.4,0.7898178100585938,0.553883863524508
COHFACE_s39_session2_natural,19,103,22.433333333333334,0.7184932231903076,0.1641981457795119
COHFACE_s39_session2_natural,19,104,22.466666666666665,0.5754916667938232,-0.20114170097016978
COHFACE_s39_session2_natural,19,105,22.5,0.3622063994407654,-0.5076107289756
COHFACE_s39_session2_natural,19,106,22.533333333333335,0.10707759112119675,-0.739060183030719
COHFACE_s39_session2_natural,19,107,22.566666666666666,-0.12414291501045227,-0.8939674573451867
COHFACE_s39_session2_natural,19,108,22.6,-0.31180641055107117,-0.9780081233416923
COHFACE_s39_session2_natural,19,109,22.633333333333333,-0.4468171298503876,-0.9986676293575169
COHFACE_s39_session2_natural,19,110,22.666666666666668,-0.5402405261993408,-0.9644169546408056
COHFACE_s39_session2_natural,19,111,22.7,-0.6212373971939087,-0.8865380688284111
COHFACE_s39_session2_natural,19,112,22.733333333333334,-0.6890389919281006,-0.780349471014914
COHFACE_s39_session2_natural,19,113,22.766666666666666,-0.752532958984375,-0.6641249152045178
COHFACE_s39_session2_natural,19,114,22.8,-0.8239216208457947,-0.5559579143546001
COHFACE_s39_session2_natural,19,115,22.833333333333332,-0.8927801251411438,-0.46971265711865245
COHFACE_s39_session2_natural,19,116,22.866666666666667,-0.9731524586677551,-0.4109757532221124
COHFACE_s39_session2_natural,19,117,22.9,-1.0527400970458984,-0.37380314353109806
COHFACE_s39_session2_natural,19,118,22.933333333333334,-1.1060974597930908,-0.33980034378803897
COHFACE_s39_session2_natural,19,119,22.966666666666665,-1.1395498514175415,-0.2814905879946604
COHFACE_s39_session2_natural,19,120,23.0,-1.1726980209350586,-0.1706181956122088
COHFACE_s39_session2_natural,19,121,23.033333333333335,-1.2161109447479248,0.010704059395738666
COHFACE_s39_session2_natural,19,122,23.066666666666666,-1.2151660919189453,0.26061624301155295
COHFACE_s39_session2_natural,19,123,23.1,-0.7760249376296997,0.5547161227316011
COHFACE_s39_session2_natural,19,124,23.133333333333333,0.43457192182540894,0.8517374188387451
COHFACE_s39_session2_natural,19,125,23.166666666666668,1.603261113166809,1.1053478498331233
COHFACE_s39_session2_natural,19,126,23.2,1.943806529045105,1.27687895316392
COHFACE_s39_session2_natural,19,127,23.233333333333334,1.689366340637207,1.3439788099373355
COHFACE_s39_session2_natural,19,128,23.266666666666666,1.3687098026275635,1.3030590446906327
COHFACE_s39_session2_natural,19,129,23.3,1.183944821357727,1.1666456244325114
COHFACE_s39_session2_natural,19,130,23.333333333333332,1.0192447900772095,0.9581326749906987
COHFACE_s39_session2_natural,19,131,23.366666666666667,0.8168488144874573,0.7059568859350543
COHFACE_s39_session2_natural,19,132,23.4,0.7023835182189941,0.438155313649359
COHFACE_s39_session2_natural,19,133,23.433333333333334,0.657145082950592,0.17790183869201592
COHFACE_s39_session2_natural,19,134,23.466666666666665,0.5658034086227417,-0.05889299451296989
COHFACE_s39_session2_natural,19,135,23.5,0.3955947756767273,-0.2629480877596965
COHFACE_s39_session2_natural,19,136,23.533333333333335,0.1591058075428009,-0.42863679749485145
COHFACE_s39_session2_natural,19,137,23.566666666666666,-0.08391672372817993,-0.5510680048554575
COHFACE_s39_session2_natural,19,138,23.6,-0.28115636110305786,-0.6255209372800328
COHFACE_s39_session2_natural,19,139,23.633333333333333,-0.43170028924942017,-0.6497443742806706
COHFACE_s39_session2_natural,19,140,23.666666666666668,-0.534235417842865,-0.6275502737896858
COHFACE_s39_session2_natural,19,141,23.7,-0.6172019243240356,-0.5712538126623367
COHFACE_s39_session2_natural,19,142,23.733333333333334,-0.6831139326095581,-0.5013354075260104
COHFACE_s39_session2_natural,19,143,23.766666666666666,-0.7296655178070068,-0.44302611708554007
COHFACE_s39_session2_natural,19,144,23.8,-0.7805407643318176,-0.4202125736517695
COHFACE_s39_session2_natural,19,145,23.833333333333332,-0.8478619456291199,-0.4477246966856464
COHFACE_s39_session2_natural,19,146,23.866666666666667,-0.9182257652282715,-0.5243927485621641
COHFACE_s39_session2_natural,19,147,23.9,-0.9750580787658691,-0.6303107613354815
COHFACE_s39_session2_natural,19,148,23.933333333333334,-1.02244234085083,-0.731046687791011
COHFACE_s39_session2_natural,19,149,23.966666666666665,-1.061131238937378,-0.7884729993435899
COHFACE_s39_session2_natural,19,150,24.0,-1.0929502248764038,-0.7737027441889939
COHFACE_s39_session2_natural,19,151,24.033333333333335,-1.1407829523086548,-0.6757076774591937
COHFACE_s39_session2_natural,19,152,24.066666666666666,-1.0729492902755737,-0.5017669578976245
COHFACE_s39_session2_natural,19,153,24.1,-0.3766615092754364,-0.27096821559196166
COHFACE_s39_session2_natural,19,154,24.133333333333333,0.9343406558036804,-0.005804157394764117
COHFACE_s39_session2_natural,19,155,24.166666666666668,1.831375002861023,0.27298214248054187
COHFACE_s39_session2_natural,19,156,24.2,1.8708325624465942,0.5466134740606096
COHFACE_s39_session2_natural,19,157,24.233333333333334,1.5065709352493286,0.7958360631421046
COHFACE_s39_session2_natural,19,158,24.266666666666666,1.1929924488067627,0.9994538717987205
COHFACE_s39_session2_natural,19,159,24.3,1.014793038368225,1.1358864923154397
COHFACE_s39_session2_natural,19,160,24.333333333333332,0.8319656252861023,1.1870859540302552
COHFACE_s39_session2_natural,19,161,24.366666666666667,0.6807811260223389,1.1428246448489672
COHFACE_s39_session2_natural,19,162,24.4,0.643245279788971,1.0042778699800459
COHFACE_s39_session2_natural,19,163,24.433333333333334,0.6249417066574097,0.7865310841555181
COHFACE_s39_session2_natural,19,164,24.466666666666665,0.5109407901763916,0.5184057140914393
COHFACE_s39_session2_natural,19,165,24.5,0.30311620235443115,0.23741264764432007
COHFACE_s39_session2_natural,19,166,24.533333333333335,0.05391240492463112,-0.019802181396115323
COHFACE_s39_session2_natural,19,167,24.566666666666666,-0.17312854528427124,-0.22753147647264824
COHFACE_s39_session2_natural,19,168,24.6,-0.35734909772872925,-0.3764301288217998
COHFACE_s39_session2_natural,19,169,24.633333333333333,-0.4816627502441406,-0.4715591137599345
COHFACE_s39_session2_natural,19,170,24.666666666666668,-0.5576953887939453,-0.5249023794643775
COHFACE_s39_session2_natural,19,171,24.7,-0.6206609010696411,-0.5474896007042466
COHFACE_s39_session2_natural,19,172,24.733333333333334,-0.6735218167304993,-0.5456918749652043
COHFACE_s39_session2_natural,19,173,24.766666666666666,-0.7227156162261963,-0.5227327029934993
COHFACE_s39_session2_natural,19,174,24.8,-0.7762171030044556,-0.48272876019152156
COHFACE_s39_session2_natural,19,175,24.833333333333332,-0.8361720442771912,-0.4330418638253851
COHFACE_s39_session2_natural,19,176,24.866666666666667,-0.8970077037811279,-0.3822902597486991
COHFACE_s39_session2_natural,19,177,24.9,-0.9442638754844666,-0.3348653756368009
COHFACE_s39_session2_natural,19,178,24.933333333333334,-0.9868921041488647,-0.28583827676165774
COHFACE_s39_session2_natural,19,179,24.966666666666665,-1.0422991514205933,-0.22039291703255734
COHFACE_s39_session2_natural,19,180,25.0,-1.0059963464736938,-0.11895927506469592
COHFACE_s39_session2_natural,19,181,25.033333333333335,-0.3592066764831543,0.03437084430859682
COHFACE_s39_session2_natural,19,182,25.066666666666666,0.9598183035850525,0.24398646858241577
COHFACE_s39_session2_natural,19,183,25.1,1.9402034282684326,0.4984204489085999
COHFACE_s39_session2_natural,19,184,25.133333333333333,2.032938241958618,0.7706513914538228
COHFACE_s39_session2_natural,19,185,25.166666666666668,1.6858112812042236,1.0224644868598691
COHFACE_s39_session2_natural,19,186,25.2,1.3828338384628296,1.2113629050856913
COHFACE_s39_session2_natural,19,187,25.233333333333334,1.2290070056915283,1.2985007614429038
COHFACE_s39_session2_natural,19,188,25.266666666666666,1.0425446033477783,1.2565007736515696
COHFACE_s39_session2_natural,19,189,25.3,0.8204198479652405,1.0757878623714456
COHFACE_s39_session2_natural,19,190,25.333333333333332,0.7149061560630798,0.7671913048154109
COHFACE_s39_session2_natural,19,191,25.366666666666667,0.6734148859977722,0.3591093010560164
COHFACE_s39_session2_natural,19,192,25.4,0.5685898065567017,-0.10954258494373936
COHFACE_s39_session2_natural,19,193,25.433333333333334,0.364128053188324,-0.5969616732836156
COHFACE_s39_session2_natural,19,194,25.466666666666665,0.10057606548070908,-1.0637892043889268
COHFACE_s39_session2_natural,19,195,25.5,-0.14342330396175385,-1.4755963329626642
COHFACE_s39_session2_natural,19,196,25.533333333333335,-0.3453068733215332,-1.8032770413125265
COHFACE_s39_session2_natural,19,197,25.566666666666666,-0.4994218349456787,-2.0223717345388685
COHFACE_s39_session2_natural,19,198,25.6,-0.6052877902984619,-2.1125496698507806
COHFACE_s39_session2_natural,19,199,25.633333333333333,-0.6825695037841797,-2.058463349462669
COHFACE_s39_session2_natural,19,200,25.666666666666668,-0.7513799667358398,-1.8525461949595519
COHFACE_s39_session2_natural,19,201,25.7,-0.8125839829444885,-1.4994112037513863
COHFACE_s39_session2_natural,19,202,25.733333333333334,-0.8713699579238892,-1.0206984752803825
COHFACE_s39_session2_natural,19,203,25.766666666666666,-0.9320135116577148,-0.4581867437249994
COHFACE_s39_session2_natural,19,204,25.8,-0.9873085021972656,0.12804345021523322
COHFACE_s39_session2_natural,19,205,25.833333333333332,-1.0401854515075684,0.6688659288390162
COHFACE_s39_session2_natural,19,206,25.866666666666667,-1.10150146484375,1.101778984291264
COHFACE_s39_session2_natural,19,207,25.9,-1.1498305797576904,1.3877100707645216
COHFACE_s39_session2_natural,19,208,25.933333333333334,-0.8361560106277466,1.521590397227289
COHFACE_s39_session2_natural,19,209,25.966666666666665,0.32540714740753174,1.531137333847127
COHFACE_s39_session2_natural,19,210,26.0,1.6583479642868042,1.463552154576672
COHFACE_s39_session2_natural,19,211,26.033333333333335,2.1960527896881104,1.3658907185491043
COHFACE_s39_session2_natural,19,212,26.066666666666666,2.0276217460632324,1.2682789926957971
COHFACE_s39_session2_natural,19,213,26.1,1.7181587219238281,1.177619209870193
COHFACE_s39_session2_natural,19,214,26.133333333333333,1.5403276681900024,1.0833655887691789
COHFACE_s39_session2_natural,19,215,26.166666666666668,1.409096121788025,0.9701568001215691
COHFACE_s39_session2_natural,19,216,26.2,1.1607410907745361,0.8290059817886332
COHFACE_s39_session2_natural,19,217,26.233333333333334,0.899767279624939,0.661368328732416
COHFACE_s39_session2_natural,19,218,26.266666666666666,0.7542676329612732,0.4767530384580303
COHFACE_s39_session2_natural,19,219,26.3,0.6622694134712219,0.2885993256750459
COHFACE_s39_session2_natural,19,220,26.333333333333332,0.5132948160171509,0.11124332663858263
COHFACE_s39_session2_natural,19,221,26.366666666666667,0.27794280648231506,-0.04292368520923662
COHFACE_s39_session2_natural,19,222,26.4,0.01491926796734333,-0.16732605687776086
COHFACE_s39_session2_natural,19,223,26.433333333333334,-0.2178705632686615,-0.26490593682458424
COHFACE_s39_session2_natural,19,224,26.466666666666665,-0.4131084978580475,-0.3487551710200726
COHFACE_s39_session2_natural,19,225,26.5,-0.5517703294754028,-0.43771134128825284
COHFACE_s39_session2_natural,19,226,26.533333333333335,-0.6494213342666626,-0.5480792996145355
COHFACE_s39_session2_natural,19,227,26.566666666666666,-0.7363432049751282,-0.6852557615027611
COHFACE_s39_session2_natural,19,228,26.6,-0.8048974275588989,-0.8389766849199646
COHFACE_s39_session2_natural,19,229,26.633333333333333,-0.8747968673706055,-0.9841135581819167
COHFACE_s39_session2_natural,19,230,26.666666666666668,-0.9502689838409424,-1.0871779129186554
COHFACE_s39_session2_natural,19,231,26.7,-1.03035306930542,-1.1170224187915958
COHFACE_s39_session2_natural,19,232,26.733333333333334,-1.100925087928772,-1.0563777352022972
COHFACE_s39_session2_natural,19,233,26.766666666666666,-1.1612002849578857,-0.9097423033119701
COHFACE_s39_session2_natural,19,234,26.8,-1.2029637098312378,-0.7038647590452661
COHFACE_s39_session2_natural,19,235,26.833333333333332,-1.2479619979858398,-0.4797830982370078
COHFACE_s39_session2_natural,19,236,26.866666666666667,-1.2953141927719116,-0.27909866537338734
COHFACE_s39_session2_natural,19,237,26.9,-1.1707763671875,-0.12987029646346882
COHFACE_s39_session2_natural,19,238,26.933333333333334,-0.28760984539985657,-0.03768596803589599
COHFACE_s39_session2_natural,19,239,26.966666666666665,1.1675148010253906,0.014634438955760554
COHFACE_s39_session2_natural,20,0,20.0,-0.6682693362236023,0.022776519132610855
COHFACE_s39_session2_natural,20,1,20.033333333333335,-0.7252938151359558,-0.033094825891890355
COHFACE_s39_session2_natural,20,2,20.066666666666666,-0.7801724672317505,-0.06827434669611966
COHFACE_s39_session2_natural,20,3,20.1,-0.8443389534950256,-0.06731663850709835
COHFACE_s39_session2_natural,20,4,20.133333333333333,-0.9209480881690979,-0.022625312451029757
COHFACE_s39_session2_natural,20,5,20.166666666666668,-0.9899827241897583,0.06373119591938274
COHFACE_s39_session2_natural,20,6,20.2,-0.9357606768608093,0.18007862222551738
COHFACE_s39_session2_natural,20,7,20.233333333333334,-0.2850636839866638,0.30686309574062515
COHFACE_s39_session2_natural,20,8,20.266666666666666,0.9266861081123352,0.41961164694955255
COHFACE_s39_session2_natural,20,9,20.3,1.7667760848999023,0.4930584892586772
COHFACE_s39_session2_natural,20,10,20.333333333333332,1.828492522239685,0.5067843235084133
COHFACE_s39_session2_natural,20,11,20.366666666666667,1.5095174312591553,0.4517879547729028
COHFACE_s39_session2_natural,20,12,20.4,1.2286707162857056,0.33510305861859324
COHFACE_s39_session2_natural,20,13,20.433333333333334,1.0612164735794067,0.1788478131328371
COHFACE_s39_session2_natural,20,14,20.466666666666665,0.8875168561935425,0.013003541970846369
COHFACE_s39_session2_natural,20,15,20.5,0.7431702017784119,-0.13469289485542923
COHFACE_s39_session2_natural,20,16,20.533333333333335,0.7009583115577698,-0.2466548802029829
COHFACE_s39_session2_natural,20,17,20.566666666666666,0.6745198369026184,-0.3175625875926752
COHFACE_s39_session2_natural,20,18,20.6,0.5765165686607361,-0.3505121860745416
COHFACE_s39_session2_natural,20,19,20.633333333333333,0.38489770889282227,-0.3503268249464094
COHFACE_s39_session2_natural,20,20,20.666666666666668,0.15218792855739594,-0.3186075600890006
COHFACE_s39_session2_natural,20,21,20.7,-0.06516478955745697,-0.25403507860104374
COHFACE_s39_session2_natural,20,22,20.733333333333334,-0.24101023375988007,-0.15829581746538346
COHFACE_s39_session2_natural,20,23,20.766666666666666,-0.3614165484905243,-0.044050637345143716
COHFACE_s39_session2_natural,20,24,20.8,-0.44535988569259644,0.061304555091776736
COHFACE_s39_session2_natural,20,25,20.833333333333332,-0.5078930258750916,0.12107954937229375
COHFACE_s39_session2_natural,20,26,20.866666666666667,-0.5558057427406311,0.10329894300111539
COHFACE_s39_session2_natural,20,27,20.9,-0.6164332628250122,-0.0035963544820242764
COHFACE_s39_session2_natural,20,28,20.933333333333334,-0.6765163540840149,-0.18241561469454162
COHFACE_s39_session2_natural,20,29,20.966666666666665,-0.7220110297203064,-0.39154343422667964
COHFACE_s39_session2_natural,20,30,21.0,-0.7696354985237122,-0.579523836125777
COHFACE_s39_session2_natural,20,31,21.033333333333335,-0.8292381167411804,-0.7015775701394351
COHFACE_s39_session2_natural,20,32,21.066666666666666,-0.8889849185943604,-0.7300251995464859
COHFACE_s39_session2_natural,20,33,21.1,-0.6639456748962402,-0.6559265584054655
COHFACE_s39_session2_natural,20,34,21.133333333333333,0.31855329871177673,-0.4851218076584874
COHFACE_s39_session2_natural,20,35,21.166666666666668,1.5395269393920898,-0.23397740726558516
COHFACE_s39_session2_natural,20,36,21.2,2.083461284637451,0.0726183022790808
COHFACE_s39_session2_natural,20,37,21.233333333333334,1.954039216041565,0.40236685344054096
COHFACE_s39_session2_natural,20,38,21.266666666666666,1.6794058084487915,0.7181284612275656
COHFACE_s39_session2_natural,20,39,21.3,1.5180206298828125,0.9825866413248373
COHFACE_s39_session2_natural,20,40,21.333333333333332,1.3945237398147583,1.1636799956640707
COHFACE_s39_session2_natural,20,41,21.366666666666667,1.1830960512161255,1.2390227838786676
COHFACE_s39_session2_natural,20,42,21.4,0.9725170731544495,1.1987309519822407
COHFACE_s39_session2_natural,20,43,21.433333333333334,0.8588525056838989,1.0471256630092172
COHFACE_s39_session2_natural,20,44,21.466666666666665,0.7771990895271301,0.8032727001061729
COHFACE_s39_session2_natural,20,45,21.5,0.6377205848693848,0.4992478259630387
COHFACE_s39_session2_natural,20,46,21.533333333333335,0.42685335874557495,0.17506047655913984
COHFACE_s39_session2_natural,20,47,21.566666666666666,0.18213337659835815,-0.12944430129116002
COHFACE_s39_session2_natural,20,48,21.6,-0.032160744071006775,-0.383498005899573
COHFACE_s39_session2_natural,20,49,21.633333333333333,-0.20091216266155243,-0.5716831342588123
COHFACE_s39_session2_natural,20,50,21.666666666666668,-0.3267791271209717,-0.6945548047612392
COHFACE_s39_session2_natural,20,51,21.7,-0.42220422625541687,-0.7632154149667824
COHFACE_s39_session2_natural,20,52,21.733333333333334,-0.5043060183525085,-0.7911507970821187
COHFACE_s39_session2_natural,20,53,21.766666666666666,-0.568824827671051,-0.7882507308329442
COHFACE_s39_session2_natural,20,54,21.8,-0.6307494640350342,-0.7596347096303796
COHFACE_s39_session2_natural,20,55,21.833333333333332,-0.6988553404808044,-0.7081268755899937
COHFACE_s39_session2_natural,20,56,21.866666666666667,-0.7768576145172119,-0.6373217149061365
COHFACE_s39_session2_natural,20,57,21.9,-0.8419849872589111,-0.552734500567006
COHFACE_s39_session2_natural,20,58,21.933333333333334,-0.895838737487793,-0.46034251678100163
COHFACE_s39_session2_natural,20,59,21.966666666666665,-0.9444400668144226,-0.3635941267002484
COHFACE_s39_session2_natural,20,60,22.0,-0.9901428818702698,-0.2608206480578522
COHFACE_s39_session2_natural,20,61,22.033333333333335,-1.0371267795562744,-0.14479551568561844
COHFACE_s39_session2_natural,20,62,22.066666666666666,-0.9384028911590576,-0.005288294770028487
COHFACE_s39_session2_natural,20,63,22.1,-0.17272821068763733,0.16571899084089367
COHFACE_s39_session2_natural,20,64,22.133333333333333,1.1342545747756958,0.3676666449023931
COHFACE_s39_session2_natural,20,65,22.166666666666668,1.955240249633789,0.5865718234556967
COHFACE_s39_session2_natural,20,66,22.2,1.94913911819458,0.7949628794372097
COHFACE_s39_session2_natural,20,67,22.233333333333334,1.6242389678955078,0.9583458550556814
COHFACE_s39_session2_natural,20,68,22.266666666666666,1.4050767421722412,1.0461307491806462
COHFACE_s39_session2_natural,20,69,22.3,1.2794979810714722,1.0417512433745566
COHFACE_s39_session2_natural,20,70,22.333333333333332,1.0881834030151367,0.9470331256471282
COHFACE_s39_session2_natural,20,71,22.366666666666667,0.8854351043701172,0.7792549824837918
COHFACE_s39_session2_natural,20,72,22.4,0.7898178100585938,0.5633138633579258
COHFACE_s39_session2_natural,20,73,22.433333333333334,0.7184932231903076,0.32347204963687903
COHFACE_s39_session2_natural,20,74,22.466666666666665,0.5754916667938232,0.07832217378473427
COHFACE_s39_session2_natural,20,75,22.5,0.3622063994407654,-0.15973238228733044
COHFACE_s39_session2_natural,20,76,22.533333333333335,0.10707759112119675,-0.38125000515108975
COHFACE_s39_session2_natural,20,77,22.566666666666666,-0.12414291501045227,-0.5752308818835982
COHFACE_s39_session2_natural,20,78,22.6,-0.31180641055107117,-0.7269592024237506
COHFACE_s39_session2_natural,20,79,22.633333333333333,-0.4468171298503876,-0.8208309460886419
COHFACE_s39_session2_natural,20,80,22.666666666666668,-0.5402405261993408,-0.8470411915011026
COHFACE_s39_session2_natural,20,81,22.7,-0.6212373971939087,-0.8077826365505442
COHFACE_s39_session2_natural,20,82,22.733333333333334,-0.6890389919281006,-0.7189703421974104
COHFACE_s39_session2_natural,20,83,22.766666666666666,-0.752532958984375,-0.6064476667924119
COHFACE_s39_session2_natural,20,84,22.8,-0.8239216208457947,-0.49843037282592406
COHFACE_s39_session2_natural,20,85,22.833333333333332,-0.8927801251411438,-0.41717227633356874
COHFACE_s39_session2_natural,20,86,22.866666666666667,-0.9731524586677551,-0.37245148263353056
COHFACE_s39_session2_natural,20,87,22.9,-1.0527400970458984,-0.35840212405637906
COHFACE_s39_session2_natural,20,88,22.933333333333334,-1.1060974597930908,-0.3543943699819648
COHFACE_s39_session2_natural,20,89,22.966666666666665,-1.1395498514175415,-0.33019599707134256
COHFACE_s39_session2_natural,20,90,23.0,-1.1726980209350586,-0.2549908153550344
COHFACE_s39_session2_natural,20,91,23.033333333333335,-1.2161109447479248,-0.10830638669716793
COHFACE_s39_session2_natural,20,92,23.066666666666666,-1.2151660919189453,0.11110073111871753
COHFACE_s39_session2_natural,20,93,23.1,-0.7760249376296997,0.38267709478745116
COHFACE_s39_session2_natural,20,94,23.133333333333333,0.43457192182540894,0.6693692010477591
COHFACE_s39_session2_natural,20,95,23.166666666666668,1.603261113166809,0.9283219393201562
COHFACE_s39_session2_natural,20,96,23.2,1.943806529045105,1.1220674612210326
COHFACE_s39_session2_natural,20,97,23.233333333333334,1.689366340637207,1.22583887444559
COHFACE_s39_session2_natural,20,98,23.266666666666666,1.3687098026275635,1.2296183430919736
COHFACE_s39_session2_natural,20,99,23.3,1.183944821357727,1.1365182235872278
COHFACE_s39_session2_natural,20,100,23.333333333333332,1.0192447900772095,0.9599657964043126
COHFACE_s39_session2_natural,20,101,23.366666666666667,0.8168488144874573,0.7210463932762627
COHFACE_s39_session2_natural,20,102,23.4,0.7023835182189941,0.44581131171868527
COHFACE_s39_session2_natural,20,103,23.433333333333334,0.657145082950592,0.1619811630955321
COHFACE_s39_session2_natural,20,104,23.466666666666665,0.5658034086227417,-0.10445105124120355
COHFACE_s39_session2_natural,20,105,23.5,0.3955947756767273,-0.3315372360574854
COHFACE_s39_session2_natural,20,106,23.533333333333335,0.1591058075428009,-0.5025259194945877
COHFACE_s39_session2_natural,20,107,23.566666666666666,-0.08391672372817993,-0.607129177313438
COHFACE_s39_session2_natural,20,108,23.6,-0.28115636110305786,-0.6438497263356995
COHFACE_s39_session2_natural,20,109,23.633333333333333,-0.43170028924942017,-0.6224345675209942
COHFACE_s39_session2_natural,20,110,23.666666666666668,-0.534235417842865,-0.5638346072230327
COHFACE_s39_session2_natural,20,111,23.7,-0.6172019243240356,-0.49563054864668127
COHFACE_s39_session2_natural,20,112,23.733333333333334,-0.6831139326095581,-0.44400571373387265
COHFACE_s39_session2_natural,20,113,23.766666666666666,-0.7296655178070068,-0.4260387823524467
COHFACE_s39_session2_natural,20,114,23.8,-0.7805407643318176,-0.4456584650271237
COHFACE_s39_session2_natural,20,115,23.833333333333332,-0.8478619456291199,-0.494042326949897
COHFACE_s39_session2_natural,20,116,23.866666666666667,-0.9182257652282715,-0.5530889770783195
COHFACE_s39_session2_natural,20,117,23.9,-0.9750580787658691,-0.6001934861270839
COHFACE_s39_session2_natural,20,118,23.933333333333334,-1.02244234085083,-0.613525241604671
COHFACE_s39_session2_natural,20,119,23.966666666666665,-1.061131238937378,-0.577417186294791
COHFACE_s39_session2_natural,20,120,24.0,-1.0929502248764038,-0.48634286942989907
COHFACE_s39_session2_natural,20,121,24.033333333333335,-1.1407829523086548,-0.34528666244242356
COHFACE_s39_session2_natural,20,122,24.066666666666666,-1.0729492902755737,-0.16603776862881897
COHFACE_s39_session2_natural,20,123,24.1,-0.3766615092754364,0.03814791019989424
COHFACE_s39_session2_natural,20,124,24.133333333333333,0.9343406558036804,0.25559760270152776
COHFACE_s39_session2_natural,20,125,24.166666666666668,1.831375002861023,0.4747133475415764
COHFACE_s39_session2_natural,20,126,24.2,1.8708325624465942,0.6797178791911679
COHFACE_s39_session2_natural,20,127,24.233333333333334,1.5065709352493286,0.8483745908290926
COHFACE_s39_session2_natural,20,128,24.266666666666666,1.1929924488067627,0.955201324718211
COHFACE_s39_session2_natural,20,129,24.3,1.014793038368225,0.9794863222049437
COHFACE_s39_session2_natural,20,130,24.333333333333332,0.8319656252861023,0.9135948736121204
COHFACE_s39_session2_natural,20,131,24.366666666666667,0.6807811260223389,0.7667162593771638
COHFACE_s39_session2_natural,20,132,24.4,0.643245279788971,0.5626705359494215
COHFACE_s39_session2_natural,20,133,24.433333333333334,0.6249417066574097,0.3338769133901769
COHFACE_s39_session2_natural,20,134,24.466666666666665,0.5109407901763916,0.11387849484100779
COHFACE_s39_session2_natural,20,135,24.5,0.30311620235443115,-0.07028744363817022
COHFACE_s39_session2_natural,20,136,24.533333333333335,0.05391240492463112,-0.20436362552110662
COHFACE_s39_session2_natural,20,137,24.566666666666666,-0.17312854528427124,-0.2894714911025274
COHFACE_s39_session2_natural,20,138,24.6,-0.35734909772872925,-0.33928765812300893
COHFACE_s39_session2_natural,20,139,24.633333333333333,-0.4816627502441406,-0.37238438323900513
COHFACE_s39_session2_natural,20,140,24.666666666666668,-0.5576953887939453,-0.4031790012652909
COHFACE_s39_session2_natural,20,141,24.7,-0.6206609010696411,-0.43612467689381984
COHFACE_s39_session2_natural,20,142,24.733333333333334,-0.6735218167304993,-0.46597042069939143
COHFACE_s39_session2_natural,20,143,24.766666666666666,-0.7227156162261963,-0.4832416190705377
COHFACE_s39_session2_natural,20,144,24.8,-0.7762171030044556,-0.4809360788064551
COHFACE_s39_session2_natural,20,145,24.833333333333332,-0.8361720442771912,-0.4578261469350387
COHFACE_s39_session2_natural,20,146,24.866666666666667,-0.8970077037811279,-0.41624635839391727
COHFACE_s39_session2_natural,20,147,24.9,-0.9442638754844666,-0.3562605487449163
COHFACE_s39_session2_natural,20,148,24.933333333333334,-0.9868921041488647,-0.27101742697004927
COHFACE_s39_session2_natural,20,149,24.966666666666665,-1.0422991514205933,-0.14768239769576805
COHFACE_s39_session2_natural,20,150,25.0,-1.0059963464736938,0.02553098417158705
COHFACE_s39_session2_natural,20,151,25.033333333333335,-0.3592066764831543,0.2500135317344185
COHFACE_s39_session2_natural,20,152,25.066666666666666,0.9598183035850525,0.5104172318658253
COHFACE_s39_session2_natural,20,153,25.1,1.9402034282684326,0.7749386429395265
COHFACE_s39_session2_natural,20,154,25.133333333333333,2.032938241958618,1.0024005636009676
COHFACE_s39_session2_natural,20,155,25.166666666666668,1.6858112812042236,1.1530533386427912
COHFACE_s39_session2_natural,20,156,25.2,1.3828338384628296,1.1985798017293965
COHFACE_s39_session2_natural,20,157,25.233333333333334,1.2290070056915283,1.1277846905683422
COHFACE_s39_session2_natural,20,158,25.266666666666666,1.0425446033477783,0.9470833788323298
COHFACE_s39_session2_natural,20,159,25.3,0.8204198479652405,0.6770128224498508
COHFACE_s39_session2_natural,20,160,25.333333333333332,0.7149061560630798,0.34628228034009945
COHFACE_s39_session2_natural,20,161,25.366666666666667,0.6734148859977722,-0.015222617250812892
COHFACE_s39_session2_natural,20,162,25.4,0.5685898065567017,-0.38228305386835737
COHFACE_s39_session2_natural,20,163,25.433333333333334,0.364128053188324,-0.7367135897880173
COHFACE_s39_session2_natural,20,164,25.466666666666665,0.10057606548070908,-1.0658285268971737
COHFACE_s39_session2_natural,20,165,25.5,-0.14342330396175385,-1.3586783945435765
COHFACE_s39_session2_natural,20,166,25.533333333333335,-0.3453068733215332,-1.6020076673901213
COHFACE_s39_session2_natural,20,167,25.566666666666666,-0.4994218349456787,-1.777260001278391
COHFACE_s39_session2_natural,20,168,25.6,-0.6052877902984619,-1.8599071453178257
COHFACE_s39_session2_natural,20,169,25.633333333333333,-0.6825695037841797,-1.8224124765076875
COHFACE_s39_session2_natural,20,170,25.666666666666668,-0.7513799667358398,-1.6412282038237176
COHFACE_s39_session2_natural,20,171,25.7,-0.8125839829444885,-1.3065056193771145
COHFACE_s39_session2_natural,20,172,25.733333333333334,-0.8713699579238892,-0.8314690688693369
COHFACE_s39_session2_natural,20,173,25.766666666666666,-0.9320135116577148,-0.25734842078419073
COHFACE_s39_session2_natural,20,174,25.8,-0.9873085021972656,0.3499109420699792
COHFACE_s39_session2_natural,20,175,25.833333333333332,-1.0401854515075684,0.9124599104821871
COHFACE_s39_session2_natural,20,176,25.866666666666667,-1.10150146484375,1.359862210173337
COHFACE_s39_session2_natural,20,177,25.9,-1.1498305797576904,1.6479965312762348
COHFACE_s39_session2_natural,20,178,25.933333333333334,-0.8361560106277466,1.7696931802292424
COHFACE_s39_session2_natural,20,179,25.966666666666665,0.32540714740753174,1.7523160418316641
COHFACE_s39_session2_natural,20,180,26.0,1.6583479642868042,1.643422838000296
COHFACE_s39_session2_natural,20,181,26.033333333333335,2.1960527896881104,1.4911993274912683
COHFACE_s39_session2_natural,20,182,26.066666666666666,2.0276217460632324,1.3284360771012502
COHFACE_s39_session2_natural,20,183,26.1,1.7181587219238281,1.1665303531975735
COHFACE_s39_session2_natural,20,184,26.133333333333333,1.5403276681900024,1.0006239016604437
COHFACE_s39_session2_natural,20,185,26.166666666666668,1.409096121788025,0.8211833329631932
COHFACE_s39_session2_natural,20,186,26.2,1.1607410907745361,0.6242096320373038
COHFACE_s39_session2_natural,20,187,26.233333333333334,0.899767279624939,0.41429434646986807
COHFACE_s39_session2_natural,20,188,26.266666666666666,0.7542676329612732,0.2009960640257315
COHFACE_s39_session2_natural,20,189,26.3,0.6622694134712219,-0.006339767426884586
COHFACE_s39_session2_natural,20,190,26.333333333333332,0.5132948160171509,-0.20139721378111863
COHFACE_s39_session2_natural,20,191,26.366666666666667,0.27794280648231506,-0.38131803868598163
COHFACE_s39_session2_natural,20,192,26.4,0.01491926796734333,-0.5464050844381477
COHFACE_s39_session2_natural,20,193,26.433333333333334,-0.2178705632686615,-0.6998885059249761
COHFACE_s39_session2_natural,20,194,26.466666666666665,-0.4131084978580475,-0.8472558905255618
COHFACE_s39_session2_natural,20,195,26.5,-0.5517703294754028,-0.99451332084121
COHFACE_s39_session2_natural,20,196,26.533333333333335,-0.6494213342666626,-1.145821379728834
COHFACE_s39_session2_natural,20,197,26.566666666666666,-0.7363432049751282,-1.301552060918171
COHFACE_s39_session2_natural,20,198,26.6,-0.8048974275588989,-1.4568805874521662
COHFACE_s39_session2_natural,20,199,26.633333333333333,-0.8747968673706055,-1.6002184092207374
COHFACE_s39_session2_natural,20,200,26.666666666666668,-0.9502689838409424,-1.7116961356841305
COHFACE_s39_session2_natural,20,201,26.7,-1.03035306930542,-1.7632691854372537
COHFACE_s39_session2_natural,20,202,26.733333333333334,-1.100925087928772,-1.722009371443873
COHFACE_s39_session2_natural,20,203,26.766666666666666,-1.1612002849578857,-1.5568535752556965
COHFACE_s39_session2_natural,20,204,26.8,-1.2029637098312378,-1.2475547367719246
COHFACE_s39_session2_natural,20,205,26.833333333333332,-1.2479619979858398,-0.7934885405376234
COHFACE_s39_session2_natural,20,206,26.866666666666667,-1.2953141927719116,-0.21957699465940525
COHFACE_s39_session2_natural,20,207,26.9,-1.1707763671875,0.4230999536137894
COHFACE_s39_session2_natural,20,208,26.933333333333334,-0.28760984539985657,1.063455293475646
COHFACE_s39_session2_natural,20,209,26.966666666666665,1.1675148010253906,1.6230222585773582
COHFACE_s39_session2_natural,20,210,27.0,2.07702374458313,2.032478636965473
COHFACE_s39_session2_natural,20,211,27.033333333333335,2.096928596496582,2.2474756940880347
COHFACE_s39_session2_natural,20,212,27.066666666666666,1.772364854812622,2.258520254308468
COHFACE_s39_session2_natural,20,213,27.1,1.5250346660614014,2.091094810705244
COHFACE_s39_session2_natural,20,214,27.133333333333333,1.4028507471084595,1.795640320825353
COHFACE_s39_session2_natural,20,215,27.166666666666668,1.2053229808807373,1.4312420718479384
COHFACE_s39_session2_natural,20,216,27.2,0.9260135889053345,1.0498212800071391
COHFACE_s39_session2_natural,20,217,27.233333333333334,0.7257953882217407,0.6871896311896686
COHFACE_s39_session2_natural,20,218,27.266666666666666,0.6164544820785522,0.3630873898747184
COHFACE_s39_session2_natural,20,219,27.3,0.4921088218688965,0.08702681330900919
COHFACE_s39_session2_natural,20,220,27.333333333333332,0.28590157628059387,-0.13598625451617113
COHFACE_s39_session2_natural,20,221,27.366666666666667,0.02483169175684452,-0.3040583293085336
COHFACE_s39_session2_natural,20,222,27.4,-0.23109780251979828,-0.4206010326356219
COHFACE_s39_session2_natural,20,223,27.433333333333334,-0.4379456043243408,-0.49589071216375
COHFACE_s39_session2_natural,20,224,27.466666666666665,-0.5870643258094788,-0.5450462015079269
COHFACE_s39_session2_natural,20,225,27.5,-0.7030989527702332,-0.5831081266776279
COHFACE_s39_session2_natural,20,226,27.533333333333335,-0.7945526838302612,-0.619961159492191
COHFACE_s39_session2_natural,20,227,27.566666666666666,-0.8643239736557007,-0.6575343787975032
COHFACE_s39_session2_natural,20,228,27.6,-0.9355204701423645,-0.6902033983826743
COHFACE_s39_session2_natural,20,229,27.633333333333333,-1.0092791318893433,-0.7077369626881812
COHFACE_s39_session2_natural,20,230,27.666666666666668,-1.0843029022216797,-0.6992725496287754
COHFACE_s39_session2_natural,20,231,27.7,-1.163474202156067,-0.6569923488241729
COHFACE_s39_session2_natural,20,232,27.733333333333334,-1.2377773523330688,-0.5789874563739328
COHFACE_s39_session2_natural,20,233,27.766666666666666,-1.2982447147369385,-0.4710997994156135
COHFACE_s39_session2_natural,20,234,27.8,-1.3492480516433716,-0.346891224575197
COHFACE_s39_session2_natural,20,235,27.833333333333332,-1.3932054042816162,-0.2247140703427656
COHFACE_s39_session2_natural,20,236,27.866666666666667,-1.4082422256469727,-0.12225472273991479
COHFACE_s39_session2_natural,20,237,27.9,-1.4183788299560547,-0.050672772120380793
COHFACE_s39_session2_natural,20,238,27.933333333333334,-1.4356895685195923,-0.010886124113728463
COHFACE_s39_session2_natural,20,239,27.966666666666665,-1.2416366338729858,0.00640368983226931
COHFACE_s39_session2_natural,21,0,21.0,-0.7696354985237122,0.06947085984766711
COHFACE_s39_session2_natural,21,1,21.033333333333335,-0.8292381167411804,0.03132001658075065
COHFACE_s39_session2_natural,21,2,21.066666666666666,-0.8889849185943604,0.022329627148675497
COHFACE_s39_session2_natural,21,3,21.1,-0.6639456748962402,0.062182842260068795
COHFACE_s39_session2_natural,21,4,21.133333333333333,0.31855329871177673,0.15451685372692772
COHFACE_s39_session2_natural,21,5,21.166666666666668,1.5395269393920898,0.2858828453363728
COHFACE_s39_session2_natural,21,6,21.2,2.083461284637451,0.4310137312740868
COHFACE_s39_session2_natural,21,7,21.233333333333334,1.954039216041565,0.5626136947300546
COHFACE_s39_session2_natural,21,8,21.266666666666666,1.6794058084487915,0.6611680774747247
COHFACE_s39_session2_natural,21,9,21.3,1.5180206298828125,0.7197822906645807
COHFACE_s39_session2_natural,21,10,21.333333333333332,1.3945237398147583,0.7419426778112373
COHFACE_s39_session2_natural,21,11,21.366666666666667,1.1830960512161255,0.7343380506665118
COHFACE_s39_session2_natural,21,12,21.4,0.9725170731544495,0.6995127990084468
COHFACE_s39_session2_natural,21,13,21.433333333333334,0.8588525056838989,0.6327616631800439
COHFACE_s39_session2_natural,21,14,21.466666666666665,0.7771990895271301,0.5248033320024614
COHFACE_s39_session2_natural,21,15,21.5,0.6377205848693848,0.3683343249497835
COHFACE_s39_session2_natural,21,16,21.533333333333335,0.42685335874557495,0.16459401918149805
COHFACE_s39_session2_natural,21,17,21.566666666666666,0.18213337659835815,-0.07369385314527038
COHFACE_s39_session2_natural,21,18,21.6,-0.032160744071006775,-0.3245791022399743
COHFACE_s39_session2_natural,21,19,21.633333333333333,-0.20091216266155243,-0.5630202077167539
COHFACE_s39_session2_natural,21,20,21.666666666666668,-0.3267791271209717,-0.7673540114550468
COHFACE_s39_session2_natural,21,21,21.7,-0.42220422625541687,-0.9228017055436663
COHFACE_s39_session2_natural,21,22,21.733333333333334,-0.5043060183525085,-1.0215367683389944
COHFACE_s39_session2_natural,21,23,21.766666666666666,-0.568824827671051,-1.0613587231811912
COHFACE_s39_session2_natural,21,24,21.8,-0.6307494640350342,-1.0447652772640417
COHFACE_s39_session2_natural,21,25,21.833333333333332,-0.6988553404808044,-0.9783786198808186
COHFACE_s39_session2_natural,21,26,21.866666666666667,-0.7768576145172119,-0.8716626200532079
COHFACE_s39_session2_natural,21,27,21.9,-0.8419849872589111,-0.734384829840395
COHFACE_s39_session2_natural,21,28,21.933333333333334,-0.895838737487793,-0.5736233143886823
COHFACE_s39_session2_natural,21,29,21.966666666666665,-0.9444400668144226,-0.39201257232181763
COHFACE_s39_session2_natural,21,30,22.0,-0.9901428818702698,-0.18848616296750406
COHFACE_s39_session2_natural,21,31,22.033333333333335,-1.0371267795562744,0.03865808648832356
COHFACE_s39_session2_natural,21,32,22.066666666666666,-0.9384028911590576,0.287896605726487
COHFACE_s39_session2_natural,21,33,22.1,-0.17272821068763733,0.5515671336863958
COHFACE_s39_session2_natural,21,34,22.133333333333333,1.1342545747756958,0.8146253704383354
COHFACE_s39_session2_natural,21,35,22.166666666666668,1.955240249633789,1.0549115317503475
COHFACE_s39_session2_natural,21,36,22.2,1.94913911819458,1.2450558545199937
COHFACE_s39_session2_natural,21,37,22.233333333333334,1.6242389678955078,1.3566051617912755
COHFACE_s39_session2_natural,21,38,22.266666666666666,1.4050767421722412,1.3662832125045934
COHFACE_s39_session2_natural,21,39,22.3,1.2794979810714722,1.2628201692669005
COHFACE_s39_session2_natural,21,40,22.333333333333332,1.0881834030151367,1.0517096685528748
COHFACE_s39_session2_natural,21,41,22.366666666666667,0.8854351043701172,0.7555788602657776
COHFACE_s39_session2_natural,21,42,22.4,0.7898178100585938,0.4096764376340977
COHFACE_s39_session2_natural,21,43,22.433333333333334,0.7184932231903076,0.05408919893494365
COHFACE_s39_session2_natural,21,44,22.466666666666665,0.5754916667938232,-0.2745788124058009
COHFACE_s39_session2_natural,21,45,22.5,0.3622063994407654,-0.549282354203528
COHFACE_s39_session2_natural,21,46,22.533333333333335,0.10707759112119675,-0.7544039616190029
COHFACE_s39_session2_natural,21,47,22.566666666666666,-0.12414291501045227,-0.8835429701359561
COHFACE_s39_session2_natural,21,48,22.6,-0.31180641055107117,-0.936112173437611
COHFACE_s39_session2_natural,21,49,22.633333333333333,-0.4468171298503876,-0.9162443043929469
COHFACE_s39_session2_natural,21,50,22.666666666666668,-0.5402405261993408,-0.8345784548772738
COHFACE_s39_session2_natural,21,51,22.7,-0.6212373971939087,-0.7101506838641286
COHFACE_s39_session2_natural,21,52,22.733333333333334,-0.6890389919281006,-0.5693317161643703
COHFACE_s39_session2_natural,21,53,22.766666666666666,-0.752532958984375,-0.44103551140658204
COHFACE_s39_session2_natural,21,54,22.8,-0.8239216208457947,-0.34982260012816124
COHFACE_s39_session2_natural,21,55,22.833333333333332,-0.8927801251411438,-0.30944973344593657
COHFACE_s39_session2_natural,21,56,22.866666666666667,-0.9731524586677551,-0.3187273658648554
COHFACE_s39_session2_natural,21,57,22.9,-1.0527400970458984,-0.36052891488132116
COHFACE_s39_session2_natural,21,58,22.933333333333334,-1.1060974597930908,-0.4045122827775417
COHFACE_s39_session2_natural,21,59,22.966666666666665,-1.1395498514175415,-0.4138986599390782
COHFACE_s39_session2_natural,21,60,23.0,-1.1726980209350586,-0.35550231134930416
COHFACE_s39_session2_natural,21,61,23.033333333333335,-1.2161109447479248,-0.2103406230006647
COHFACE_s39_session2_natural,21,62,23.066666666666666,-1.2151660919189453,0.019186965281548916
COHFACE_s39_session2_natural,21,63,23.1,-0.7760249376296997,0.3088105129222265
COHFACE_s39_session2_natural,21,64,23.133333333333333,0.43457192182540894,0.6187582868880481
COHFACE_s39_session2_natural,21,65,23.166666666666668,1.603261113166809,0.9039768443200751
COHFACE_s39_session2_natural,21,66,23.2,1.943806529045105,1.1242361172739448
COHFACE_s39_session2_natural,21,67,23.233333333333334,1.689366340637207,1.2512412289058052
COHFACE_s39_session2_natural,21,68,23.266666666666666,1.3687098026275635,1.271671638121762
COHFACE_s39_session2_natural,21,69,23.3,1.183944821357727,1.1867372027590368
COHFACE_s39_session2_natural,21,70,23.333333333333332,1.0192447900772095,1.0098423833612244
COHFACE_s39_session2_natural,21,71,23.366666666666667,0.8168488144874573,0.7637014355610715
COHFACE_s39_session2_natural,21,72,23.4,0.7023835182189941,0.47702299717245844
COHFACE_s39_session2_natural,21,73,23.433333333333334,0.657145082950592,0.1803952794252441
COHFACE_s39_session2_natural,21,74,23.466666666666665,0.5658034086227417,-0.09788777009929177
COHFACE_s39_session2_natural,21,75,23.5,0.3955947756767273,-0.33452410143456024
COHFACE_s39_session2_natural,21,76,23.533333333333335,0.1591058075428009,-0.5120919224159742
COHFACE_s39_session2_natural,21,77,23.566666666666666,-0.08391672372817993,-0.6195357088075145
COHFACE_s39_session2_natural,21,78,23.6,-0.28115636110305786,-0.6537385383613528
COHFACE_s39_session2_natural,21,79,23.633333333333333,-0.43170028924942017,-0.6218975149564052
COHFACE_s39_session2_natural,21,80,23.666666666666668,-0.534235417842865,-0.5423649823584203
COHFACE_s39_session2_natural,21,81,23.7,-0.6172019243240356,-0.44164686643668255
COHFACE_s39_session2_natural,21,82,23.733333333333334,-0.6831139326095581,-0.3479951786343287
COHFACE_s39_session2_natural,21,83,23.766666666666666,-0.7296655178070068,-0.2845669734444891
COHFACE_s39_session2_natural,21,84,23.8,-0.7805407643318176,-0.26475581390135455
COHFACE_s39_session2_natural,21,85,23.833333333333332,-0.8478619456291199,-0.29027711453540095
COHFACE_s39_session2_natural,21,86,23.866666666666667,-0.9182257652282715,-0.35139456838066435
COHFACE_s39_session2_natural,21,87,23.9,-0.9750580787658691,-0.42888142508719523
COHFACE_s39_session2_natural,21,88,23.933333333333334,-1.02244234085083,-0.4979734139444903
COHFACE_s39_session2_natural,21,89,23.966666666666665,-1.061131238937378,-0.5342917112902619
COHFACE_s39_session2_natural,21,90,24.0,-1.0929502248764038,-0.5201633480332306
COHFACE_s39_session2_natural,21,91,24.033333333333335,-1.1407829523086548,-0.4487306370276514
COHFACE_s39_session2_natural,21,92,24.066666666666666,-1.0729492902755737,-0.3242874063771543
COHFACE_s39_session2_natural,21,93,24.1,-0.3766615092754364,-0.159469602012335
COHFACE_s39_session2_natural,21,94,24.133333333333333,0.9343406558036804,0.028629664069556637
COHFACE_s39_session2_natural,21,95,24.166666666666668,1.831375002861023,0.22156657072927008
COHFACE_s39_session2_natural,21,96,24.2,1.8708325624465942,0.4014934118005678
COHFACE_s39_session2_natural,21,97,24.233333333333334,1.5065709352493286,0.5527622537947614
COHFACE_s39_session2_natural,21,98,24.266666666666666,1.1929924488067627,0.6637520722435695
COHFACE_s39_session2_natural,21,99,24.3,1.014793038368225,0.7283023294574222
COHFACE_s39_session2_natural,21,100,24.333333333333332,0.8319656252861023,0.7454434472642579
COHFACE_s39_session2_natural,21,101,24.366666666666667,0.6807811260223389,0.71709030874913
COHFACE_s39_session2_natural,21,102,24.4,0.643245279788971,0.6455613467568115
COHFACE_s39_session2_natural,21,103,24.433333333333334,0.6249417066574097,0.5334376613287578
COHFACE_s39_session2_natural,21,104,24.466666666666665,0.5109407901763916,0.38586861829483715
COHFACE_s39_session2_natural,21,105,24.5,0.30311620235443115,0.21276980484591976
COHFACE_s39_session2_natural,21,106,24.533333333333335,0.05391240492463112,0.028573181934624447
COHFACE_s39_session2_natural,21,107,24.566666666666666,-0.17312854528427124,-0.15042102650963562
COHFACE_s39_session2_natural,21,108,24.6,-0.35734909772872925,-0.30904307713239987
COHFACE_s39_session2_natural,21,109,24.633333333333333,-0.4816627502441406,-0.43467140472525045
COHFACE_s39_session2_natural,21,110,24.666666666666668,-0.5576953887939453,-0.5172128112046998
COHFACE_s39_session2_natural,21,111,24.7,-0.6206609010696411,-0.5495266265474986
COHFACE_s39_session2_natural,21,112,24.733333333333334,-0.6735218167304993,-0.5296060012689358
COHFACE_s39_session2_natural,21,113,24.766666666666666,-0.7227156162261963,-0.46364387645957655
COHFACE_s39_session2_natural,21,114,24.8,-0.7762171030044556,-0.36734238461311314
COHFACE_s39_session2_natural,21,115,24.833333333333332,-0.8361720442771912,-0.26299804394340326
COHFACE_s39_session2_natural,21,116,24.866666666666667,-0.8970077037811279,-0.17220507469289845
COHFACE_s39_session2_natural,21,117,24.9,-0.9442638754844666,-0.10699886672546126
COHFACE_s39_session2_natural,21,118,24.933333333333334,-0.9868921041488647,-0.06389445845362589
COHFACE_s39_session2_natural,21,119,24.966666666666665,-1.0422991514205933,-0.024327676535682727
COHFACE_s39_session2_natural,21,120,25.0,-1.0059963464736938,0.038180726881897484
COHFACE_s39_session2_natural,21,121,25.033333333333335,-0.3592066764831543,0.14708946307376208
COHFACE_s39_session2_natural,21,122,25.066666666666666,0.9598183035850525,0.31242095525427965
COHFACE_s39_session2_natural,21,123,25.1,1.9402034282684326,0.5245581953908223
COHFACE_s39_session2_natural,21,124,25.133333333333333,2.032938241958618,0.7543374904840559
COHFACE_s39_session2_natural,21,125,25.166666666666668,1.6858112812042236,0.9594107363191515
COHFACE_s39_session2_natural,21,126,25.2,1.3828338384628296,1.0947169192783295
COHFACE_s39_session2_natural,21,127,25.233333333333334,1.2290070056915283,1.123647636371542
COHFACE_s39_session2_natural,21,128,25.266666666666666,1.0425446033477783,1.0266664065462023
COHFACE_s39_session2_natural,21,129,25.3,0.8204198479652405,0.8052503631169277
COHFACE_s39_session2_natural,21,130,25.333333333333332,0.7149061560630798,0.48039548341922317
COHFACE_s39_session2_natural,21,131,25.366666666666667,0.6734148859977722,0.08657088413602915
COHFACE_s39_session2_natural,21,132,25.4,0.5685898065567017,-0.3363007680361137
COHFACE_s39_session2_natural,21,133,25.433333333333334,0.364128053188324,-0.7497984632126719
COHFACE_s39_session2_natural,21,134,25.466666666666665,0.10057606548070908,-1.1212629186852745
COHFACE_s39_session2_natural,21,135,25.5,-0.14342330396175385,-1.4255143590736583
COHFACE_s39_session2_natural,21,136,25.533333333333335,-0.3453068733215332,-1.6447762913417625
COHFACE_s39_session2_natural,21,137,25.566666666666666,-0.4994218349456787,-1.7673748233275095
COHFACE_s39_session2_natural,21,138,25.6,-0.6052877902984619,-1.7858531489299199
COHFACE_s39_session2_natural,21,139,25.633333333333333,-0.6825695037841797,-1.6954816089563343
COHFACE_s39_session2_natural,21,140,25.666666666666668,-0.7513799667358398,-1.4942565819852125
COHFACE_s39_session2_natural,21,141,25.7,-0.8125839829444885,-1.1850782171712086
COHFACE_s39_session2_natural,21,142,25.733333333333334,-0.8713699579238892,-0.7797976425903861
COHFACE_s39_session2_natural,21,143,25.766666666666666,-0.9320135116577148,-0.30330203341910605
COHFACE_s39_session2_natural,21,144,25.8,-0.9873085021972656,0.20548028880758018
COHFACE_s39_session2_natural,21,145,25.833333333333332,-1.0401854515075684,0.6981570351349261
COHFACE_s39_session2_natural,21,146,25.866666666666667,-1.10150146484375,1.1264731780945383
COHFACE_s39_session2_natural,21,147,25.9,-1.1498305797576904,1.4530954957170004
COHFACE_s39_session2_natural,21,148,25.933333333333334,-0.8361560106277466,1.6588365979551898
COHFACE_s39_session2_natural,21,149,25.966666666666665,0.32540714740753174,1.7434611230614432
COHFACE_s39_session2_natural,21,150,26.0,1.6583479642868042,1.7205913578876895
COHFACE_s39_session2_natural,21,151,26.033333333333335,2.1960527896881104,1.6101551816877298
COHFACE_s39_session2_natural,21,152,26.066666666666666,2.0276217460632324,1.4326351602253211
COHFACE_s39_session2_natural,21,153,26.1,1.7181587219238281,1.2075123591633103
COHFACE_s39_session2_natural,21,154,26.133333333333333,1.5403276681900024,0.9547916539963699
COHFACE_s39_session2_natural,21,155,26.166666666666668,1.409096121788025,0.6959617920684715
COHFACE_s39_session2_natural,21,156,26.2,1.1607410907745361,0.45133732570002616
COHFACE_s39_session2_natural,21,157,26.233333333333334,0.899767279624939,0.23424836008288502
COHFACE_s39_session2_natural,21,158,26.266666666666666,0.7542676329612732,0.04642764553887252
COHFACE_s39_session2_natural,21,159,26.3,0.6622694134712219,-0.12079051561225004
COHFACE_s39_session2_natural,21,160,26.333333333333332,0.5132948160171509,-0.2794490921956258
COHFACE_s39_session2_natural,21,161,26.366666666666667,0.27794280648231506,-0.4370043230365024
COHFACE_s39_session2_natural,21,162,26.4,0.01491926796734333,-0.5926351324451405
COHFACE_s39_session2_natural,21,163,26.433333333333334,-0.2178705632686615,-0.7394150038849608
COHFACE_s39_session2_natural,21,164,26.466666666666665,-0.4131084978580475,-0.8698723540339203
COHFACE_s39_session2_natural,21,165,26.5,-0.5517703294754028,-0.9808194387866663
COHFACE_s39_session2_natural,21,166,26.533333333333335,-0.6494213342666626,-1.0747903125646692
COHFACE_s39_session2_natural,21,167,26.566666666666666,-0.7363432049751282,-1.157920746765524
COHFACE_s39_session2_natural,21,168,26.6,-0.8048974275588989,-1.235429131585216
COHFACE_s39_session2_natural,21,169,26.633333333333333,-0.8747968673706055,-1.3062832075361708
COHFACE_s39_session2_natural,21,170,26.666666666666668,-0.9502689838409424,-1.359113590608401
COHFACE_s39_session2_natural,21,171,26.7,-1.03035306930542,-1.3715526837292664
COHFACE_s39_session2_natural,21,172,26.733333333333334,-1.100925087928772,-1.314211744861222
COHFACE_s39_session2_natural,21,173,26.766666666666666,-1.1612002849578857,-1.1586759253122203
COHFACE_s39_session2_natural,21,174,26.8,-1.2029637098312378,-0.8870737451833888
COHFACE_s39_session2_natural,21,175,26.833333333333332,-1.2479619979858398,-0.4999640323595692
COHFACE_s39_session2_natural,21,176,26.866666666666667,-1.2953141927719116,-0.019927529416878642
COHFACE_s39_session2_natural,21,177,26.9,-1.1707763671875,0.5102526255110099
COHFACE_s39_session2_natural,21,178,26.933333333333334,-0.28760984539985657,1.0344405081885184
COHFACE_s39_session2_natural,21,179,26.966666666666665,1.1675148010253906,1.4934157236562018
COHFACE_s39_session2_natural,21,180,27.0,2.07702374458313,1.8360460115593946
COHFACE_s39_session2_natural,21,181,27.033333333333335,2.096928596496582,2.028589739460838
COHFACE_s39_session2_natural,21,182,27.066666666666666,1.772364854812622,2.05991324966592
COHFACE_s39_session2_natural,21,183,27.1,1.5250346660614014,1.9414233976758508
COHFACE_s39_session2_natural,21,184,27.133333333333333,1.4028507471084595,1.7017219739317198
COHFACE_s39_session2_natural,21,185,27.166666666666668,1.2053229808807373,1.377745984890899
COHFACE_s39_session2_natural,21,186,27.2,0.9260135889053345,1.006115974041501
COHFACE_s39_session2_natural,21,187,27.233333333333334,0.7257953882217407,0.618497972819535
COHFACE_s39_session2_natural,21,188,27.266666666666666,0.6164544820785522,0.24185139276731127
COHFACE_s39_session2_natural,21,189,27.3,0.4921088218688965,-0.0993470047574649
COHFACE_s39_session2_natural,21,190,27.333333333333332,0.28590157628059387,-0.3832578008193434
COHFACE_s39_session2_natural,21,191,27.366666666666667,0.02483169175684452,-0.5952080737595687
COHFACE_s39_session2_natural,21,192,27.4,-0.23109780251979828,-0.7338717910719299
COHFACE_s39_session2_natural,21,193,27.433333333333334,-0.4379456043243408,-0.813711085208127
COHFACE_s39_session2_natural,21,194,27.466666666666665,-0.5870643258094788,-0.8605737736898618
COHFACE_s39_session2_natural,21,195,27.5,-0.7030989527702332,-0.9020686142463269
COHFACE_s39_session2_natural,21,196,27.533333333333335,-0.7945526838302612,-0.9573361098832234
COHFACE_s39_session2_natural,21,197,27.566666666666666,-0.8643239736557007,-1.0306408888831682
COHFACE_s39_session2_natural,21,198,27.6,-0.9355204701423645,-1.1107451677166886
COHFACE_s39_session2_natural,21,199,27.633333333333333,-1.0092791318893433,-1.175320010361674
COHFACE_s39_session2_natural,21,200,27.666666666666668,-1.0843029022216797,-1.1983014701571328
COHFACE_s39_session2_natural,21,201,27.7,-1.163474202156067,-1.1579409209282046
COHFACE_s39_session2_natural,21,202,27.733333333333334,-1.2377773523330688,-1.0434514737532934
COHFACE_s39_session2_natural,21,203,27.766666666666666,-1.2982447147369385,-0.8582932707660441
COHFACE_s39_session2_natural,21,204,27.8,-1.3492480516433716,-0.6186236912903049
COHFACE_s39_session2_natural,21,205,27.833333333333332,-1.3932054042816162,-0.3470428820024628
COHFACE_s39_session2_natural,21,206,27.866666666666667,-1.4082422256469727,-0.0643679187014597
COHFACE_s39_session2_natural,21,207,27.9,-1.4183788299560547,0.2162248559743538
COHFACE_s39_session2_natural,21,208,27.933333333333334,-1.4356895685195923,0.4894927422734987
COHFACE_s39_session2_natural,21,209,27.966666666666665,-1.2416366338729858,0.752958404213208
COHFACE_s39_session2_natural,21,210,28.0,-0.24046577513217926,0.9997763033457608
COHFACE_s39_session2_natural,21,211,28.033333333333335,1.2111037969589233,1.2144915391000894
COHFACE_s39_session2_natural,21,212,28.066666666666666,1.9942654371261597,1.3748734147043464
COHFACE_s39_session2_natural,21,213,28.1,1.9034042358398438,1.4592101151079329
COHFACE_s39_session2_natural,21,214,28.133333333333333,1.5338101387023926,1.4548287046360684
COHFACE_s39_session2_natural,21,215,28.166666666666668,1.2787452936172485,1.3627850977846225
COHFACE_s39_session2_natural,21,216,28.2,1.1189454793930054,1.196489323417584
COHFACE_s39_session2_natural,21,217,28.233333333333334,0.9000875353813171,0.976053837160581
COHFACE_s39_session2_natural,21,218,28.266666666666666,0.6843681931495667,0.7222347935193454
COHFACE_s39_session2_natural,21,219,28.3,0.5691182613372803,0.45294359139343593
COHFACE_s39_session2_natural,21,220,28.333333333333332,0.48927441239356995,0.18260671185949987
COHFACE_s39_session2_natural,21,221,28.366666666666667,0.354455828666687,-0.07723191809187656
COHFACE_s39_session2_natural,21,222,28.4,0.12964075803756714,-0.3172149576068722
COHFACE_s39_session2_natural,21,223,28.433333333333334,-0.13508020341396332,-0.5293571490255078
COHFACE_s39_session2_natural,21,224,28.466666666666665,-0.38551703095436096,-0.7061257906012216
COHFACE_s39_session2_natural,21,225,28.5,-0.5805948376655579,-0.8399890672144136
COHFACE_s39_session2_natural,21,226,28.533333333333335,-0.7282242774963379,-0.9237779320530293
COHFACE_s39_session2_natural,21,227,28.566666666666666,-0.8356755971908569,-0.9515474436195762
COHFACE_s39_session2_natural,21,228,28.6,-0.9189944267272949,-0.9194454466144726
COHFACE_s39_session2_natural,21,229,28.633333333333333,-0.9892141222953796,-0.8265229837855819
COHFACE_s39_session2_natural,21,230,28.666666666666668,-1.05731999874115,-0.6759485697410813
COHFACE_s39_session2_natural,21,231,28.7,-1.136283040046692,-0.4770209401520483
COHFACE_s39_session2_natural,21,232,28.733333333333334,-1.2112268209457397,-0.24745098957405334
COHFACE_s39_session2_natural,21,233,28.766666666666666,-1.2880921363830566,-0.01423834662489027
COHFACE_s39_session2_natural,21,234,28.8,-1.3623151779174805,0.18886097274480165
COHFACE_s39_session2_natural,21,235,28.833333333333332,-1.417946457862854,0.3280386257786957
COHFACE_s39_session2_natural,21,236,28.866666666666667,-1.4572118520736694,0.37860073143843537
COHFACE_s39_session2_natural,21,237,28.9,-1.484434962272644,0.33301579005185056
COHFACE_s39_session2_natural,21,238,28.933333333333334,-1.5029947757720947,0.20451223190646994
COHFACE_s39_session2_natural,21,239,28.966666666666665,-1.5381766557693481,0.024777298674779465
COHFACE_s39_session2_natural,22,0,22.0,-0.9901428818702698,0.11866167552985972
COHFACE_s39_session2_natural,22,1,22.033333333333335,-1.0371267795562744,0.08361903358279361
COHFACE_s39_session2_natural,22,2,22.066666666666666,-0.9384028911590576,0.0660855511361598
COHFACE_s39_session2_natural,22,3,22.1,-0.17272821068763733,0.08444891162819583
COHFACE_s39_session2_natural,22,4,22.133333333333333,1.1342545747756958,0.15066720194157943
COHFACE_s39_session2_natural,22,5,22.166666666666668,1.955240249633789,0.2651152147986049
COHFACE_s39_session2_natural,22,6,22.2,1.94913911819458,0.4129125000649607
COHFACE_s39_session2_natural,22,7,22.233333333333334,1.6242389678955078,0.5651702998270783
COHFACE_s39_session2_natural,22,8,22.266666666666666,1.4050767421722412,0.685902133937446
COHFACE_s39_session2_natural,22,9,22.3,1.2794979810714722,0.7418326972446325
COHFACE_s39_session2_natural,22,10,22.333333333333332,1.0881834030151367,0.7112376595611093
COHFACE_s39_session2_natural,22,11,22.366666666666667,0.8854351043701172,0.5891275719220392
COHFACE_s39_session2_natural,22,12,22.4,0.7898178100585938,0.3878402581240548
COHFACE_s39_session2_natural,22,13,22.433333333333334,0.7184932231903076,0.13348005346697303
COHFACE_s39_session2_natural,22,14,22.466666666666665,0.5754916667938232,-0.14048008392662806
COHFACE_s39_session2_natural,22,15,22.5,0.3622063994407654,-0.40036851603020934
COHFACE_s39_session2_natural,22,16,22.533333333333335,0.10707759112119675,-0.6177135604466845
COHFACE_s39_session2_natural,22,17,22.566666666666666,-0.12414291501045227,-0.7714785481082883
COHFACE_s39_session2_natural,22,18,22.6,-0.31180641055107117,-0.8485615247539052
COHFACE_s39_session2_natural,22,19,22.633333333333333,-0.4468171298503876,-0.8451822745625397
COHFACE_s39_session2_natural,22,20,22.666666666666668,-0.5402405261993408,-0.7692929811079062
COHFACE_s39_session2_natural,22,21,22.7,-0.6212373971939087,-0.6412583716304472
COHFACE_s39_session2_natural,22,22,22.733333333333334,-0.6890389919281006,-0.4904634552123579
COHFACE_s39_session2_natural,22,23,22.766666666666666,-0.752532958984375,-0.3482711815105142
COHFACE_s39_session2_natural,22,24,22.8,-0.8239216208457947,-0.2399546251503368
COHFACE_s39_session2_natural,22,25,22.833333333333332,-0.8927801251411438,-0.1784748627419153
COHFACE_s39_session2_natural,22,26,22.866666666666667,-0.9731524586677551,-0.16159818035665452
COHFACE_s39_session2_natural,22,27,22.9,-1.0527400970458984,-0.17240723114817827
COHFACE_s39_session2_natural,22,28,22.933333333333334,-1.1060974597930908,-0.1829307996796785
COHFACE_s39_session2_natural,22,29,22.966666666666665,-1.1395498514175415,-0.16077365478417183
COHFACE_s39_session2_natural,22,30,23.0,-1.1726980209350586,-0.07812879436873393
COHFACE_s39_session2_natural,22,31,23.033333333333335,-1.2161109447479248,0.07876768610054853
COHFACE_s39_session2_natural,22,32,23.066666666666666,-1.2151660919189453,0.30300873768429715
COHFACE_s39_session2_natural,22,33,23.1,-0.7760249376296997,0.5664600559776203
COHFACE_s39_session2_natural,22,34,23.133333333333333,0.43457192182540894,0.8264302509009315
COHFACE_s39_session2_natural,22,35,23.166666666666668,1.603261113166809,1.0375224859602716
COHFACE_s39_session2_natural,22,36,23.2,1.943806529045105,1.1641274832580288
COHFACE_s39_session2_natural,22,37,23.233333333333334,1.689366340637207,1.1887636710213612
COHFACE_s39_session2_natural,22,38,23.266666666666666,1.3687098026275635,1.113738575079235
COHFACE_s39_session2_natural,22,39,23.3,1.183944821357727,0.9568591633639976
COHFACE_s39_session2_natural,22,40,23.333333333333332,1.0192447900772095,0.7441497661981448
COHFACE_s39_session2_natural,22,41,23.366666666666667,0.8168488144874573,0.5027484183679866
COHFACE_s39_session2_natural,22,42,23.4,0.7023835182189941,0.25576854980666947
COHFACE_s39_session2_natural,22,43,23.433333333333334,0.657145082950592,0.01964976671969344
COHFACE_s39_session2_natural,22,44,23.466666666666665,0.5658034086227417,-0.19563886360377863
COHFACE_s39_session2_natural,22,45,23.5,0.3955947756767273,-0.3836324412630545
COHFACE_s39_session2_natural,22,46,23.533333333333335,0.1591058075428009,-0.5375136659819325
COHFACE_s39_session2_natural,22,47,23.566666666666666,-0.08391672372817993,-0.6484558519914786
COHFACE_s39_session2_natural,22,48,23.6,-0.28115636110305786,-0.7079334189847473
COHFACE_s39_session2_natural,22,49,23.633333333333333,-0.43170028924942017,-0.7128265401078098
COHFACE_s39_session2_natural,22,50,23.666666666666668,-0.534235417842865,-0.669920544834623
COHFACE_s39_session2_natural,22,51,23.7,-0.6172019243240356,-0.5965869789705788
COHFACE_s39_session2_natural,22,52,23.733333333333334,-0.6831139326095581,-0.5169609720640209
COHFACE_s39_session2_natural,22,53,23.766666666666666,-0.7296655178070068,-0.45550209806832875
COHFACE_s39_session2_natural,22,54,23.8,-0.7805407643318176,-0.43040655594052524
COHFACE_s39_session2_natural,22,55,23.833333333333332,-0.8478619456291199,-0.4484912249118193
COHFACE_s39_session2_natural,22,56,23.866666666666667,-0.9182257652282715,-0.50245730803155
COHFACE_s39_session2_natural,22,57,23.9,-0.9750580787658691,-0.571451413007827
COHFACE_s39_session2_natural,22,58,23.933333333333334,-1.02244234085083,-0.6259541568455088
COHFACE_s39_session2_natural,22,59,23.966666666666665,-1.061131238937378,-0.6367464640233633
COHFACE_s39_session2_natural,22,60,24.0,-1.0929502248764038,-0.5848143850839214
COHFACE_s39_session2_natural,22,61,24.033333333333335,-1.1407829523086548,-0.46723523550734913
COHFACE_s39_session2_natural,22,62,24.066666666666666,-1.0729492902755737,-0.29581983958440156
COHFACE_s39_session2_natural,22,63,24.1,-0.3766615092754364,-0.0897253139313211
COHFACE_s39_session2_natural,22,64,24.133333333333333,0.9343406558036804,0.13271934623175824
COHFACE_s39_session2_natural,22,65,24.166666666666668,1.831375002861023,0.3575566572316251
COHFACE_s39_session2_natural,22,66,24.2,1.8708325624465942,0.5730496040072497
COHFACE_s39_session2_natural,22,67,24.233333333333334,1.5065709352493286,0.7655374929106714
COHFACE_s39_session2_natural,22,68,24.266666666666666,1.1929924488067627,0.9178638122079502
COHFACE_s39_session2_natural,22,69,24.3,1.014793038368225,1.0120658421418716
COHFACE_s39_session2_natural,22,70,24.333333333333332,0.8319656252861023,1.034399412570482
COHFACE_s39_session2_natural,22,71,24.366666666666667,0.6807811260223389,0.979514576114267
COHFACE_s39_session2_natural,22,72,24.4,0.643245279788971,0.8524279570233015
COHFACE_s39_session2_natural,22,73,24.433333333333334,0.6249417066574097,0.6687455319476182
COHFACE_s39_session2_natural,22,74,24.466666666666665,0.5109407901763916,0.45292008593994915
COHFACE_s39_session2_natural,22,75,24.5,0.30311620235443115,0.23352057917916766
COHFACE_s39_session2_natural,22,76,24.533333333333335,0.05391240492463112,0.03617753621981673
COHFACE_s39_session2_natural,22,77,24.566666666666666,-0.17312854528427124,-0.1226730951291948
COHFACE_s39_session2_natural,22,78,24.6,-0.35734909772872925,-0.23786587581225838
COHFACE_s39_session2_natural,22,79,24.633333333333333,-0.4816627502441406,-0.3124862011826214
COHFACE_s39_session2_natural,22,80,24.666666666666668,-0.5576953887939453,-0.35232942294895764
COHFACE_s39_session2_natural,22,81,24.7,-0.6206609010696411,-0.36209517864196744
COHFACE_s39_session2_natural,22,82,24.733333333333334,-0.6735218167304993,-0.3458361201142013
COHFACE_s39_session2_natural,22,83,24.766666666666666,-0.7227156162261963,-0.31053197101403407
COHFACE_s39_session2_natural,22,84,24.8,-0.7762171030044556,-0.2689525149929489
COHFACE_s39_session2_natural,22,85,24.833333333333332,-0.8361720442771912,-0.23812302802949553
COHFACE_s39_session2_natural,22,86,24.866666666666667,-0.8970077037811279,-0.23274726717875444
COHFACE_s39_session2_natural,22,87,24.9,-0.9442638754844666,-0.2567694020267436
COHFACE_s39_session2_natural,22,88,24.933333333333334,-0.9868921041488647,-0.2982118310539636
COHFACE_s39_session2_natural,22,89,24.966666666666665,-1.0422991514205933,-0.33110778335498153
COHFACE_s39_session2_natural,22,90,25.0,-1.0059963464736938,-0.32437480450607675
COHFACE_s39_session2_natural,22,91,25.033333333333335,-0.3592066764831543,-0.25354664292154877
COHFACE_s39_session2_natural,22,92,25.066666666666666,0.9598183035850525,-0.11001671902454419
COHFACE_s39_session2_natural,22,93,25.1,1.9402034282684326,0.09573603867085725
COHFACE_s39_session2_natural,22,94,25.133333333333333,2.032938241958618,0.33704094436085463
COHFACE_s39_session2_natural,22,95,25.166666666666668,1.6858112812042236,0.5775052911606159
COHFACE_s39_session2_natural,22,96,25.2,1.3828338384628296,0.7781954634346531
COHFACE_s39_session2_natural,22,97,25.233333333333334,1.2290070056915283,0.903965630791676
COHFACE_s39_session2_natural,22,98,25.266666666666666,1.0425446033477783,0.9286365742108177
COHFACE_s39_session2_natural,22,99,25.3,0.8204198479652405,0.8389657975388628
COHFACE_s39_session2_natural,22,100,25.333333333333332,0.7149061560630798,0.6367320501486683
COHFACE_s39_session2_natural,22,101,25.366666666666667,0.6734148859977722,0.3381049814351311
COHFACE_s39_session2_natural,22,102,25.4,0.5685898065567017,-0.029451339282117083
COHFACE_s39_session2_natural,22,103,25.433333333333334,0.364128053188324,-0.43144199085719265
COHFACE_s39_session2_natural,22,104,25.466666666666665,0.10057606548070908,-0.8306744867100606
COHFACE_s39_session2_natural,22,105,25.5,-0.14342330396175385,-1.1911659983171015
COHFACE_s39_session2_natural,22,106,25.533333333333335,-0.3453068733215332,-1.4810714446498603
COHFACE_s39_session2_natural,22,107,25.566666666666666,-0.4994218349456787,-1.67402990148209
COHFACE_s39_session2_natural,22,108,25.6,-0.6052877902984619,-1.7491291853643478
COHFACE_s39_session2_natural,22,109,25.633333333333333,-0.6825695037841797,-1.6907174463880323
COHFACE_s39_session2_natural,22,110,25.666666666666668,-0.7513799667358398,-1.4895624672170442
COHFACE_s39_session2_natural,22,111,25.7,-0.8125839829444885,-1.1463093301284606
COHFACE_s39_session2_natural,22,112,25.733333333333334,-0.8713699579238892,-0.6770300819373947
COHFACE_s39_session2_natural,22,113,25.766666666666666,-0.9320135116577148,-0.11869250097219897
COHFACE_s39_session2_natural,22,114,25.8,-0.9873085021972656,0.46972064110497747
COHFACE_s39_session2_natural,22,115,25.833333333333332,-1.0401854515075684,1.0144581620149706
COHFACE_s39_session2_natural,22,116,25.866666666666667,-1.10150146484375,1.442724681315546
COHFACE_s39_session2_natural,22,117,25.9,-1.1498305797576904,1.7019143870746825
COHFACE_s39_session2_natural,22,118,25.933333333333334,-0.8361560106277466,1.7746524472478922
COHFACE_s39_session2_natural,22,119,25.966666666666665,0.32540714740753174,1.682948501121175
COHFACE_s39_session2_natural,22,120,26.0,1.6583479642868042,1.4790078219578175
COHFACE_s39_session2_natural,22,121,26.033333333333335,2.1960527896881104,1.2261284964807135
COHFACE_s39_session2_natural,22,122,26.066666666666666,2.0276217460632324,0.9780040024397612
COHFACE_s39_session2_natural,22,123,26.1,1.7181587219238281,0.7653950531660896
COHFACE_s39_session2_natural,22,124,26.133333333333333,1.5403276681900024,0.5945041265933836
COHFACE_s39_session2_natural,22,125,26.166666666666668,1.409096121788025,0.4548241762396619
COHFACE_s39_session2_natural,22,126,26.2,1.1607410907745361,0.3301984197969259
COHFACE_s39_session2_natural,22,127,26.233333333333334,0.899767279624939,0.20726817927222854
COHFACE_s39_session2_natural,22,128,26.266666666666666,0.7542676329612732,0.079225050068296
COHFACE_s39_session2_natural,22,129,26.3,0.6622694134712219,-0.05392084231109228
COHFACE_s39_session2_natural,22,130,26.333333333333332,0.5132948160171509,-0.18707524772232215
COHFACE_s39_session2_natural,22,131,26.366666666666667,0.27794280648231506,-0.3133452344871296
COHFACE_s39_session2_natural,22,132,26.4,0.01491926796734333,-0.42819176001258613
COHFACE_s39_session2_natural,22,133,26.433333333333334,-0.2178705632686615,-0.5326535262768884
COHFACE_s39_session2_natural,22,134,26.466666666666665,-0.4131084978580475,-0.6335849720593311
COHFACE_s39_session2_natural,22,135,26.5,-0.5517703294754028,-0.7402964778895178
COHFACE_s39_session2_natural,22,136,26.533333333333335,-0.6494213342666626,-0.8594183873848747
COHFACE_s39_session2_natural,22,137,26.566666666666666,-0.7363432049751282,-0.9908895788622006
COHFACE_s39_session2_natural,22,138,26.6,-0.8048974275588989,-1.1264570549398547
COHFACE_s39_session2_natural,22,139,26.633333333333333,-0.8747968673706055,-1.250121187185499
COHFACE_s39_session2_natural,22,140,26.666666666666668,-0.9502689838409424,-1.3398324943995745
COHFACE_s39_session2_natural,22,141,26.7,-1.03035306930542,-1.3705119728509203
COHFACE_s39_session2_natural,22,142,26.733333333333334,-1.100925087928772,-1.3183963572815782
COHFACE_s39_session2_natural,22,143,26.766666666666666,-1.1612002849578857,-1.1659829778929607
COHFACE_s39_session2_natural,22,144,26.8,-1.2029637098312378,-0.9064390867039398
COHFACE_s39_session2_natural,22,145,26.833333333333332,-1.2479619979858398,-0.5465393129211646
COHFACE_s39_session2_natural,22,146,26.866666666666667,-1.2953141927719116,-0.10770739094620115
COHFACE_s39_session2_natural,22,147,26.9,-1.1707763671875,0.3749803755731924
COHFACE_s39_session2_natural,22,148,26.933333333333334,-0.28760984539985657,0.856107824630054
COHFACE_s39_session2_natural,22,149,26.966666666666665,1.1675148010253906,1.285764132754567
COHFACE_s39_session2_natural,22,150,27.0,2.07702374458313,1.6173693205012818
COHFACE_s39_session2_natural,22,151,27.033333333333335,2.096928596496582,1.8159151855916749
COHFACE_s39_session2_natural,22,152,27.066666666666666,1.772364854812622,1.8645193674525942
COHFACE_s39_session2_natural,22,153,27.1,1.5250346660614014,1.7672733907628455
COHFACE_s39_session2_natural,22,154,27.133333333333333,1.4028507471084595,1.5470894136219575
COHFACE_s39_session2_natural,22,155,27.166666666666668,1.2053229808807373,1.2389501778587242
COHFACE_s39_session2_natural,22,156,27.2,0.9260135889053345,0.8812670265972047
COHFACE_s39_session2_natural,22,157,27.233333333333334,0.7257953882217407,0.5091102018841421
COHFACE_s39_session2_natural,22,158,27.266666666666666,0.6164544820785522,0.15155108645401089
COHFACE_s39_session2_natural,22,159,27.3,0.4921088218688965,-0.16775463565631282
COHFACE_s39_session2_natural,22,160,27.333333333333332,0.28590157628059387,-0.42995305244116
COHFACE_s39_session2_natural,22,161,27.366666666666667,0.02483169175684452,-0.6229338485088275
COHFACE_s39_session2_natural,22,162,27.4,-0.23109780251979828,-0.7449345778698899
COHFACE_s39_session2_natural,22,163,27.433333333333334,-0.4379456043243408,-0.8062140107127099
COHFACE_s39_session2_natural,22,164,27.466666666666665,-0.5870643258094788,-0.826271528796519
COHFACE_s39_session2_natural,22,165,27.5,-0.7030989527702332,-0.8273584282423734
COHFACE_s39_session2_natural,22,166,27.533333333333335,-0.7945526838302612,-0.8273044251472734
COHFACE_s39_session2_natural,22,167,27.566666666666666,-0.8643239736557007,-0.8347255198853868
COHFACE_s39_session2_natural,22,168,27.6,-0.9355204701423645,-0.8480070954099223
COHFACE_s39_session2_natural,22,169,27.633333333333333,-1.0092791318893433,-0.8574771671667196
COHFACE_s39_session2_natural,22,170,27.666666666666668,-1.0843029022216797,-0.8491599933537057
COHFACE_s39_session2_natural,22,171,27.7,-1.163474202156067,-0.8086238018859098
COHFACE_s39_session2_natural,22,172,27.733333333333334,-1.2377773523330688,-0.7241452141697163
COHFACE_s39_session2_natural,22,173,27.766666666666666,-1.2982447147369385,-0.5889726497196806
COHFACE_s39_session2_natural,22,174,27.8,-1.3492480516433716,-0.40254827815377664
COHFACE_s39_session2_natural,22,175,27.833333333333332,-1.3932054042816162,-0.17058160202339925
COHFACE_s39_session2_natural,22,176,27.866666666666667,-1.4082422256469727,0.09573058037275067
COHFACE_s39_session2_natural,22,177,27.9,-1.4183788299560547,0.38066968301573106
COHFACE_s39_session2_natural,22,178,27.933333333333334,-1.4356895685195923,0.6646969050434242
COHFACE_s39_session2_natural,22,179,27.966666666666665,-1.2416366338729858,0.9252501854358296
COHFACE_s39_session2_natural,22,180,28.0,-0.24046577513217926,1.1387830813515625
COHFACE_s39_session2_natural,22,181,28.033333333333335,1.2111037969589233,1.2849536292022512
COHFACE_s39_session2_natural,22,182,28.066666666666666,1.9942654371261597,1.3522191151154757
COHFACE_s39_session2_natural,22,183,28.1,1.9034042358398438,1.3420476109970425
COHFACE_s39_session2_natural,22,184,28.133333333333333,1.5338101387023926,1.2682829649873808
COHFACE_s39_session2_natural,22,185,28.166666666666668,1.2787452936172485,1.1503804338426369
COHFACE_s39_session2_natural,22,186,28.2,1.1189454793930054,1.0036346267480762
COHFACE_s39_session2_natural,22,187,28.233333333333334,0.9000875353813171,0.8323814757589416
COHFACE_s39_session2_natural,22,188,28.266666666666666,0.6843681931495667,0.6304791223608913
COHFACE_s39_session2_natural,22,189,28.3,0.5691182613372803,0.3886187570111695
COHFACE_s39_session2_natural,22,190,28.333333333333332,0.48927441239356995,0.10382275138106492
COHFACE_s39_session2_natural,22,191,28.366666666666667,0.354455828666687,-0.2144239167827625
COHFACE_s39_session2_natural,22,192,28.4,0.12964075803756714,-0.5442326698864841
COHFACE_s39_session2_natural,22,193,28.433333333333334,-0.13508020341396332,-0.8565711394208542
COHFACE_s39_session2_natural,22,194,28.466666666666665,-0.38551703095436096,-1.1226341190645113
COHFACE_s39_session2_natural,22,195,28.5,-0.5805948376655579,-1.3202024556931875
COHFACE_s39_session2_natural,22,196,28.533333333333335,-0.7282242774963379,-1.4369710680962684
COHFACE_s39_session2_natural,22,197,28.566666666666666,-0.8356755971908569,-1.4704730215505544
COHFACE_s39_session2_natural,22,198,28.6,-0.9189944267272949,-1.4258309515379335
COHFACE_s39_session2_natural,22,199,28.633333333333333,-0.9892141222953796,-1.3131700043567769
COHFACE_s39_session2_natural,22,200,28.666666666666668,-1.05731999874115,-1.145784866864795
COHFACE_s39_session2_natural,22,201,28.7,-1.136283040046692,-0.939117108332602
COHFACE_s39_session2_natural,22,202,28.733333333333334,-1.2112268209457397,-0.7102468571195878
COHFACE_s39_session2_natural,22,203,28.766666666666666,-1.2880921363830566,-0.47745237316575423
COHFACE_s39_session2_natural,22,204,28.8,-1.3623151779174805,-0.25892951285413374
COHFACE_s39_session2_natural,22,205,28.833333333333332,-1.417946457862854,-0.06987270178566889
COHFACE_s39_session2_natural,22,206,28.866666666666667,-1.4572118520736694,0.08152893184767784
COHFACE_s39_session2_natural,22,207,28.9,-1.484434962272644,0.1971284174825347
COHFACE_s39_session2_natural,22,208,28.933333333333334,-1.5029947757720947,0.28865675376267447
COHFACE_s39_session2_natural,22,209,28.966666666666665,-1.5381766557693481,0.3735018042755493
COHFACE_s39_session2_natural,22,210,29.0,-1.3144184350967407,0.46774048013622327
COHFACE_s39_session2_natural,22,211,29.033333333333335,-0.2999723553657532,0.5794682318668292
COHFACE_s39_session2_natural,22,212,29.066666666666666,1.051896572113037,0.7056725086670004
COHFACE_s39_session2_natural,22,213,29.1,1.7129703760147095,0.8341464867279491
COHFACE_s39_session2_natural,22,214,29.133333333333333,1.5922597646713257,0.9490012359064134
COHFACE_s39_session2_natural,22,215,29.166666666666668,1.2157317399978638,1.0362583090885098
COHFACE_s39_session2_natural,22,216,29.2,0.9117934703826904,1.0864403332473591
COHFACE_s39_session2_natural,22,217,29.233333333333334,0.6993729472160339,1.0937067771182345
COHFACE_s39_session2_natural,22,218,29.266666666666666,0.504086971282959,1.0539587055531576
COHFACE_s39_session2_natural,22,219,29.3,0.39453789591789246,0.9648453986772352
COHFACE_s39_session2_natural,22,220,29.333333333333332,0.37709906697273254,0.8279850155365104
COHFACE_s39_session2_natural,22,221,29.366666666666667,0.34585651755332947,0.6508435405651641
COHFACE_s39_session2_natural,22,222,29.4,0.21236707270145416,0.4457090993227252
COHFACE_s39_session2_natural,22,223,29.433333333333334,0.008001388981938362,0.22587367928210692
COHFACE_s39_session2_natural,22,224,29.466666666666665,-0.2324269413948059,0.0020009840885326802
COHFACE_s39_session2_natural,22,225,29.5,-0.45688968896865845,-0.21817171329917862
COHFACE_s39_session2_natural,22,226,29.533333333333335,-0.6322387456893921,-0.426797146633442
COHFACE_s39_session2_natural,22,227,29.566666666666666,-0.7627816796302795,-0.6126013919346577
COHFACE_s39_session2_natural,22,228,29.6,-0.846500813961029,-0.7601446961109829
COHFACE_s39_session2_natural,22,229,29.633333333333333,-0.9001464247703552,-0.8523143029444954
COHFACE_s39_session2_natural,22,230,29.666666666666668,-0.9502689838409424,-0.8750924189291664
COHFACE_s39_session2_natural,22,231,29.7,-0.9887016415596008,-0.8230264934564927
COHFACE_s39_session2_natural,22,232,29.733333333333334,-1.0394487380981445,-0.7035640054118295
COHFACE_s39_session2_natural,22,233,29.766666666666666,-1.1037113666534424,-0.5384026506906964
COHFACE_s39_session2_natural,22,234,29.8,-1.1638104915618896,-0.3605157398114541
COHFACE_s39_session2_natural,22,235,29.833333333333332,-1.2089688777923584,-0.2067608026976841
COHFACE_s39_session2_natural,22,236,29.866666666666667,-1.2545915842056274,-0.10779134047495215
COHFACE_s39_session2_natural,22,237,29.9,-1.2976042032241821,-0.07857763818941174
COHFACE_s39_session2_natural,22,238,29.933333333333334,-1.3272453546524048,-0.11323909238430624
COHFACE_s39_session2_natural,22,239,29.966666666666665,-1.0536367893218994,-0.18652566360464615
COHFACE_s39_session2_natural,23,0,23.0,-1.1726980209350586,0.037308703431064384
COHFACE_s39_session2_natural,23,1,23.033333333333335,-1.2161109447479248,0.02360609965498491
COHFACE_s39_session2_natural,23,2,23.066666666666666,-1.2151660919189453,0.02371766644107807
COHFACE_s39_session2_natural,23,3,23.1,-0.7760249376296997,0.0473389182014528
COHFACE_s39_session2_natural,23,4,23.133333333333333,0.43457192182540894,0.09804493954592297
COHFACE_s39_session2_natural,23,5,23.166666666666668,1.603261113166809,0.17237570810481836
COHFACE_s39_session2_natural,23,6,23.2,1.943806529045105,0.26048246511996304
COHFACE_s39_session2_natural,23,7,23.233333333333334,1.689366340637207,0.34751220987273324
COHFACE_s39_session2_natural,23,8,23.266666666666666,1.3687098026275635,0.4155383232039317
COHFACE_s39_session2_natural,23,9,23.3,1.183944821357727,0.4467579068457121
COHFACE_s39_session2_natural,23,10,23.333333333333332,1.0192447900772095,0.4283219592210133
COHFACE_s39_session2_natural,23,11,23.366666666666667,0.8168488144874573,0.35745135541017176
COHFACE_s39_session2_natural,23,12,23.4,0.7023835182189941,0.24383262343937862
COHFACE_s39_session2_natural,23,13,23.433333333333334,0.657145082950592,0.10699043176579975
COHFACE_s39_session2_natural,23,14,23.466666666666665,0.5658034086227417,-0.030195767157540555
COHFACE_s39_session2_natural,23,15,23.5,0.3955947756767273,-0.14796767082830717
COHFACE_s39_session2_natural,23,16,23.533333333333335,0.1591058075428009,-0.23335596412124263
COHFACE_s39_session2_natural,23,17,23.566666666666666,-0.08391672372817993,-0.28118941915138224
COHFACE_s39_session2_natural,23,18,23.6,-0.28115636110305786,-0.2940842329581871
COHFACE_s39_session2_natural,23,19,23.633333333333333,-0.43170028924942017,-0.28220960418368135
COHFACE_s39_session2_natural,23,20,23.666666666666668,-0.534235417842865,-0.2618210149502793
COHFACE_s39_session2_natural,23,21,23.7,-0.6172019243240356,-0.2512260373253112
COHFACE_s39_session2_natural,23,22,23.733333333333334,-0.6831139326095581,-0.2649292494743789
COHFACE_s39_session2_natural,23,23,23.766666666666666,-0.7296655178070068,-0.3086808155721142
COHFACE_s39_session2_natural,23,24,23.8,-0.7805407643318176,-0.3775915705044749
COHFACE_s39_session2_natural,23,25,23.833333333333332,-0.8478619456291199,-0.45751014302071996
COHFACE_s39_session2_natural,23,26,23.866666666666667,-0.9182257652282715,-0.5286781100437072
COHFACE_s39_session2_natural,23,27,23.9,-0.9750580787658691,-0.5706231656026362
COHFACE_s39_session2_natural,23,28,23.933333333333334,-1.02244234085083,-0.5674787465873298
COHFACE_s39_session2_natural,23,29,23.966666666666665,-1.061131238937378,-0.5126028882966776
COHFACE_s39_session2_natural,23,30,24.0,-1.0929502248764038,-0.4105951456629809
COHFACE_s39_session2_natural,23,31,24.033333333333335,-1.1407829523086548,-0.2750490882948194
COHFACE_s39_session2_natural,23,32,24.066666666666666,-1.0729492902755737,-0.12251296448892245
COHFACE_s39_session2_natural,23,33,24.1,-0.3766615092754364,0.03431513504397683
COHFACE_s39_session2_natural,23,34,24.133333333333333,0.9343406558036804,0.19030063559784693
COHFACE_s39_session2_natural,23,35,24.166666666666668,1.831375002861023,0.3463268055115222
COHFACE_s39_session2_natural,23,36,24.2,1.8708325624465942,0.503620282589943
COHFACE_s39_session2_natural,23,37,24.233333333333334,1.5065709352493286,0.657628126252913
COHFACE_s39_session2_natural,23,38,24.266666666666666,1.1929924488067627,0.7950967108472746
COHFACE_s39_session2_natural,23,39,24.3,1.014793038368225,0.8958563136858587
COHFACE_s39_session2_natural,23,40,24.333333333333332,0.8319656252861023,0.9382989357883587
COHFACE_s39_session2_natural,23,41,24.366666666666667,0.6807811260223389,0.9062216237304604
COHFACE_s39_session2_natural,23,42,24.4,0.643245279788971,0.7949550273353875
COHFACE_s39_session2_natural,23,43,24.433333333333334,0.6249417066574097,0.6151383793898242
COHFACE_s39_session2_natural,23,44,24.466666666666665,0.5109407901763916,0.39225086356524913
COHFACE_s39_session2_natural,23,45,24.5,0.30311620235443115,0.16058752247954014
COHFACE_s39_session2_natural,23,46,24.533333333333335,0.05391240492463112,-0.04699514289138908
COHFACE_s39_session2_natural,23,47,24.566666666666666,-0.17312854528427124,-0.20924663263600576
COHFACE_s39_session2_natural,23,48,24.6,-0.35734909772872925,-0.32155200888056845
COHFACE_s39_session2_natural,23,49,24.633333333333333,-0.4816627502441406,-0.3933443716242095
COHFACE_s39_session2_natural,23,50,24.666666666666668,-0.5576953887939453,-0.4400132648282443
COHFACE_s39_session2_natural,23,51,24.7,-0.6206609010696411,-0.47452350629722573
COHFACE_s39_session2_natural,23,52,24.733333333333334,-0.6735218167304993,-0.5030767537127535
COHFACE_s39_session2_natural,23,53,24.766666666666666,-0.7227156162261963,-0.5256750783957634
COHFACE_s39_session2_natural,23,54,24.8,-0.7762171030044556,-0.5393563794139073
COHFACE_s39_session2_natural,23,55,24.833333333333332,-0.8361720442771912,-0.5408666694535907
COHFACE_s39_session2_natural,23,56,24.866666666666667,-0.8970077037811279,-0.526787532780446
COHFACE_s39_session2_natural,23,57,24.9,-0.9442638754844666,-0.49162578517860334
COHFACE_s39_session2_natural,23,58,24.933333333333334,-0.9868921041488647,-0.4263885127050102
COHFACE_s39_session2_natural,23,59,24.966666666666665,-1.0422991514205933,-0.3200546154853597
COHFACE_s39_session2_natural,23,60,25.0,-1.0059963464736938,-0.1639958605485442
COHFACE_s39_session2_natural,23,61,25.033333333333335,-0.3592066764831543,0.04288353315299297
COHFACE_s39_session2_natural,23,62,25.066666666666666,0.9598183035850525,0.2906664495389875
COHFACE_s39_session2_natural,23,63,25.1,1.9402034282684326,0.5577497471509525
COHFACE_s39_session2_natural,23,64,25.133333333333333,2.032938241958618,0.8131292357582243
COHFACE_s39_session2_natural,23,65,25.166666666666668,1.6858112812042236,1.0212109502106852
COHFACE_s39_session2_natural,23,66,25.2,1.3828338384628296,1.1481627836131925
COHFACE_s39_session2_natural,23,67,25.233333333333334,1.2290070056915283,1.1684555850023375
COHFACE_s39_session2_natural,23,68,25.266666666666666,1.0425446033477783,1.070242522440783
COHFACE_s39_session2_natural,23,69,25.3,0.8204198479652405,0.8582148490189426
COHFACE_s39_session2_natural,23,70,25.333333333333332,0.7149061560630798,0.5525557852782581
COHFACE_s39_session2_natural,23,71,25.366666666666667,0.6734148859977722,0.18369858207428247
COHFACE_s39_session2_natural,23,72,25.4,0.5685898065567017,-0.2149969907337656
COHFACE_s39_session2_natural,23,73,25.433333333333334,0.364128053188324,-0.6131011797278215
COHFACE_s39_session2_natural,23,74,25.466666666666665,0.10057606548070908,-0.9853007552989789
COHFACE_s39_session2_natural,23,75,25.5,-0.14342330396175385,-1.310289576098289
COHFACE_s39_session2_natural,23,76,25.533333333333335,-0.3453068733215332,-1.5682127906597183
COHFACE_s39_session2_natural,23,77,25.566666666666666,-0.4994218349456787,-1.7386170855992005
COHFACE_s39_session2_natural,23,78,25.6,-0.6052877902984619,-1.8003458756899129
COHFACE_s39_session2_natural,23,79,25.633333333333333,-0.6825695037841797,-1.7340416872200453
COHFACE_s39_session2_natural,23,80,25.666666666666668,-0.7513799667358398,-1.5270230733434578
COHFACE_s39_session2_natural,23,81,25.7,-0.8125839829444885,-1.1795649231881569
COHFACE_s39_session2_natural,23,82,25.733333333333334,-0.8713699579238892,-0.7110530133786361
COHFACE_s39_session2_natural,23,83,25.766666666666666,-0.9320135116577148,-0.1636136468026788
COHFACE_s39_session2_natural,23,84,25.8,-0.9873085021972656,0.4001091095437743
COHFACE_s39_session2_natural,23,85,25.833333333333332,-1.0401854515075684,0.9074513781114389
COHFACE_s39_session2_natural,23,86,25.866666666666667,-1.10150146484375,1.2931470990887375
COHFACE_s39_session2_natural,23,87,25.9,-1.1498305797576904,1.5177086793143904
COHFACE_s39_session2_natural,23,88,25.933333333333334,-0.8361560106277466,1.5786375025179769
COHFACE_s39_session2_natural,23,89,25.966666666666665,0.32540714740753174,1.5085703616700534
COHFACE_s39_session2_natural,23,90,26.0,1.6583479642868042,1.3606008092101545
COHFACE_s39_session2_natural,23,91,26.033333333333335,2.1960527896881104,1.1875873622434197
COHFACE_s39_session2_natural,23,92,26.066666666666666,2.0276217460632324,1.0252565364333317
COHFACE_s39_session2_natural,23,93,26.1,1.7181587219238281,0.8863707837009231
COHFACE_s39_session2_natural,23,94,26.133333333333333,1.5403276681900024,0.7664298977356724
COHFACE_s39_session2_natural,23,95,26.166666666666668,1.409096121788025,0.6548806670188475
COHFACE_s39_session2_natural,23,96,26.2,1.1607410907745361,0.5439674030597351
COHFACE_s39_session2_natural,23,97,26.233333333333334,0.899767279624939,0.4308463116302992
COHFACE_s39_session2_natural,23,98,26.266666666666666,0.7542676329612732,0.31454396835590476
COHFACE_s39_session2_natural,23,99,26.3,0.6622694134712219,0.1927642274391072
COHFACE_s39_session2_natural,23,100,26.333333333333332,0.5132948160171509,0.06173838349210775
COHFACE_s39_session2_natural,23,101,26.366666666666667,0.27794280648231506,-0.08164768249551958
COHFACE_s39_session2_natural,23,102,26.4,0.01491926796734333,-0.23800250816131707
COHFACE_s39_session2_natural,23,103,26.433333333333334,-0.2178705632686615,-0.40541279595363755
COHFACE_s39_session2_natural,23,104,26.466666666666665,-0.4131084978580475,-0.5808172234149699
COHFACE_s39_session2_natural,23,105,26.5,-0.5517703294754028,-0.761164215539848
COHFACE_s39_session2_natural,23,106,26.533333333333335,-0.6494213342666626,-0.9432182400285137
COHFACE_s39_session2_natural,23,107,26.566666666666666,-0.7363432049751282,-1.122047267974383
COHFACE_s39_session2_natural,23,108,26.6,-0.8048974275588989,-1.288890940777204
COHFACE_s39_session2_natural,23,109,26.633333333333333,-0.8747968673706055,-1.4293361520029317
COHFACE_s39_session2_natural,23,110,26.666666666666668,-0.9502689838409424,-1.5229234444456519
COHFACE_s39_session2_natural,23,111,26.7,-1.03035306930542,-1.545182980477258
COHFACE_s39_session2_natural,23,112,26.733333333333334,-1.100925087928772,-1.4723168927503214
COHFACE_s39_session2_natural,23,113,26.766666666666666,-1.1612002849578857,-1.2876413535342626
COHFACE_s39_session2_natural,23,114,26.8,-1.2029637098312378,-0.9880556820838318
COHFACE_s39_session2_natural,23,115,26.833333333333332,-1.2479619979858398,-0.5885148578953899
COHFACE_s39_session2_natural,23,116,26.866666666666667,-1.2953141927719116,-0.12279118001644213
COHFACE_s39_session2_natural,23,117,26.9,-1.1707763671875,0.3603902194199233
COHFACE_s39_session2_natural,23,118,26.933333333333334,-0.28760984539985657,0.8056194339999623
COHFACE_s39_session2_natural,23,119,26.966666666666665,1.1675148010253906,1.1618861816936288
COHFACE_s39_session2_natural,23,120,27.0,2.07702374458313,1.3936260425166835
COHFACE_s39_session2_natural,23,121,27.033333333333335,2.096928596496582,1.4883996264525226
COHFACE_s39_session2_natural,23,122,27.066666666666666,1.772364854812622,1.458639935081521
COHFACE_s39_session2_natural,23,123,27.1,1.5250346660614014,1.3365164261206086
COHFACE_s39_session2_natural,23,124,27.133333333333333,1.4028507471084595,1.1629333160679036
COHFACE_s39_session2_natural,23,125,27.166666666666668,1.2053229808807373,0.9740934159749804
COHFACE_s39_session2_natural,23,126,27.2,0.9260135889053345,0.7912088452567436
COHFACE_s39_session2_natural,23,127,27.233333333333334,0.7257953882217407,0.6183232037817393
COHFACE_s39_session2_natural,23,128,27.266666666666666,0.6164544820785522,0.44874164169353065
COHFACE_s39_session2_natural,23,129,27.3,0.4921088218688965,0.2753532103663987
COHFACE_s39_session2_natural,23,130,27.333333333333332,0.28590157628059387,0.09818780257714826
COHFACE_s39_session2_natural,23,131,27.366666666666667,0.02483169175684452,-0.07488810347994092
COHFACE_s39_session2_natural,23,132,27.4,-0.23109780251979828,-0.23323528559566498
COHFACE_s39_session2_natural,23,133,27.433333333333334,-0.4379456043243408,-0.36947401364983656
COHFACE_s39_session2_natural,23,134,27.466666666666665,-0.5870643258094788,-0.4822938543700552
COHFACE_s39_session2_natural,23,135,27.5,-0.7030989527702332,-0.5750873995440295
COHFACE_s39_session2_natural,23,136,27.533333333333335,-0.7945526838302612,-0.6521424963089871
COHFACE_s39_session2_natural,23,137,27.566666666666666,-0.8643239736557007,-0.714973026747522
COHFACE_s39_session2_natural,23,138,27.6,-0.9355204701423645,-0.7606427546303978
COHFACE_s39_session2_natural,23,139,27.633333333333333,-1.0092791318893433,-0.7825189962659704
COHFACE_s39_session2_natural,23,140,27.666666666666668,-1.0843029022216797,-0.7727092332461877
COHFACE_s39_session2_natural,23,141,27.7,-1.163474202156067,-0.7249534810273044
COHFACE_s39_session2_natural,23,142,27.733333333333334,-1.2377773523330688,-0.6369112932242394
COHFACE_s39_session2_natural,23,143,27.766666666666666,-1.2982447147369385,-0.5111455161367703
COHFACE_s39_session2_natural,23,144,27.8,-1.3492480516433716,-0.3543890849742773
COHFACE_s39_session2_natural,23,145,27.833333333333332,-1.3932054042816162,-0.17523112946457547
COHFACE_s39_session2_natural,23,146,27.866666666666667,-1.4082422256469727,0.018659893649593792
COHFACE_s39_session2_natural,23,147,27.9,-1.4183788299560547,0.22199366813848212
COHFACE_s39_session2_natural,23,148,27.933333333333334,-1.4356895685195923,0.4306793795582524
COHFACE_s39_session2_natural,23,149,27.966666666666665,-1.2416366338729858,0.6382481353161789
COHFACE_s39_session2_natural,23,150,28.0,-0.24046577513217926,0.8319536800329397
COHFACE_s39_session2_natural,23,151,28.033333333333335,1.2111037969589233,0.9915735627164862
COHFACE_s39_session2_natural,23,152,28.066666666666666,1.9942654371261597,1.0930458386000976
COHFACE_s39_session2_natural,23,153,28.1,1.9034042358398438,1.1162608909391265
COHFACE_s39_session2_natural,23,154,28.133333333333333,1.5338101387023926,1.0530024678433334
COHFACE_s39_session2_natural,23,155,28.166666666666668,1.2787452936172485,0.9102090483082236
COHFACE_s39_session2_natural,23,156,28.2,1.1189454793930054,0.7068211097397724
COHFACE_s39_session2_natural,23,157,28.233333333333334,0.9000875353813171,0.46668760241907903
COHFACE_s39_session2_natural,23,158,28.266666666666666,0.6843681931495667,0.21175144562269288
COHFACE_s39_session2_natural,23,159,28.3,0.5691182613372803,-0.04159133232279296
COHFACE_s39_session2_natural,23,160,28.333333333333332,0.48927441239356995,-0.28279596344538593
COHFACE_s39_session2_natural,23,161,28.366666666666667,0.354455828666687,-0.5057302870095846
COHFACE_s39_session2_natural,23,162,28.4,0.12964075803756714,-0.7067168410396688
COHFACE_s39_session2_natural,23,163,28.433333333333334,-0.13508020341396332,-0.882259183463561
COHFACE_s39_session2_natural,23,164,28.466666666666665,-0.38551703095436096,-1.0267285988505939
COHFACE_s39_session2_natural,23,165,28.5,-0.5805948376655579,-1.1310370262177696
COHFACE_s39_session2_natural,23,166,28.533333333333335,-0.7282242774963379,-1.1834633272073416
COHFACE_s39_session2_natural,23,167,28.566666666666666,-0.8356755971908569,-1.172860732347685
COHFACE_s39_session2_natural,23,168,28.6,-0.9189944267272949,-1.092961363231663
COHFACE_s39_session2_natural,23,169,28.633333333333333,-0.9892141222953796,-0.9456609743557943
COHFACE_s39_session2_natural,23,170,28.666666666666668,-1.05731999874115,-0.7418377851100555
COHFACE_s39_session2_natural,23,171,28.7,-1.136283040046692,-0.4998091622427134
COHFACE_s39_session2_natural,23,172,28.733333333333334,-1.2112268209457397,-0.2426809678812202
COHFACE_s39_session2_natural,23,173,28.766666666666666,-1.2880921363830566,0.004291176177079707
COHFACE_s39_session2_natural,23,174,28.8,-1.3623151779174805,0.21643452894819665
COHFACE_s39_session2_natural,23,175,28.833333333333332,-1.417946457862854,0.3733661517457866
COHFACE_s39_session2_natural,23,176,28.866666666666667,-1.4572118520736694,0.46373619326131227
COHFACE_s39_session2_natural,23,177,28.9,-1.484434962272644,0.4894894503352757
COHFACE_s39_session2_natural,23,178,28.933333333333334,-1.5029947757720947,0.4673121508857738
COHFACE_s39_session2_natural,23,179,28.966666666666665,-1.5381766557693481,0.4255357553743013
COHFACE_s39_session2_natural,23,180,29.0,-1.3144184350967407,0.39657625799331075
COHFACE_s39_session2_natural,23,181,29.033333333333335,-0.2999723553657532,0.40721071947472376
COHFACE_s39_session2_natural,23,182,29.066666666666666,1.051896572113037,0.4704500341371256
COHFACE_s39_session2_natural,23,183,29.1,1.7129703760147095,0.5822175603569766
COHFACE_s39_session2_natural,23,184,29.133333333333333,1.5922597646713257,0.7234515458688364
COHFACE_s39_session2_natural,23,185,29.166666666666668,1.2157317399978638,0.865634410496232
COHFACE_s39_session2_natural,23,186,29.2,0.9117934703826904,0.9771076699048986
COHFACE_s39_session2_natural,23,187,29.233333333333334,0.6993729472160339,1.0287651159272853
COHFACE_s39_session2_natural,23,188,29.266666666666666,0.504086971282959,0.9992851294396558
COHFACE_s39_session2_natural,23,189,29.3,0.39453789591789246,0.8801688776576367
COHFACE_s39_session2_natural,23,190,29.333333333333332,0.37709906697273254,0.6791902948326283
COHFACE_s39_session2_natural,23,191,29.366666666666667,0.34585651755332947,0.4197282883096731
COHFACE_s39_session2_natural,23,192,29.4,0.21236707270145416,0.13489493526763247
COHFACE_s39_session2_natural,23,193,29.433333333333334,0.008001388981938362,-0.14156011096467458
COHFACE_s39_session2_natural,23,194,29.466666666666665,-0.2324269413948059,-0.38339385551646404
COHFACE_s39_session2_natural,23,195,29.5,-0.45688968896865845,-0.5754838087178192
COHFACE_s39_session2_natural,23,196,29.533333333333335,-0.6322387456893921,-0.71255668110413
COHFACE_s39_session2_natural,23,197,29.566666666666666,-0.7627816796302795,-0.7955731251633018
COHFACE_s39_session2_natural,23,198,29.6,-0.846500813961029,-0.8284263673900703
COHFACE_s39_session2_natural,23,199,29.633333333333333,-0.9001464247703552,-0.816066342205473
COHFACE_s39_session2_natural,23,200,29.666666666666668,-0.9502689838409424,-0.764096203779281
COHFACE_s39_session2_natural,23,201,29.7,-0.9887016415596008,-0.6795758062647761
COHFACE_s39_session2_natural,23,202,29.733333333333334,-1.0394487380981445,-0.5725320992579042
COHFACE_s39_session2_natural,23,203,29.766666666666666,-1.1037113666534424,-0.45725086157378236
COHFACE_s39_session2_natural,23,204,29.8,-1.1638104915618896,-0.35204530753709057
COHFACE_s39_session2_natural,23,205,29.833333333333332,-1.2089688777923584,-0.276457603588737
COHFACE_s39_session2_natural,23,206,29.866666666666667,-1.2545915842056274,-0.24608323552515457
COHFACE_s39_session2_natural,23,207,29.9,-1.2976042032241821,-0.2669426393581662
COHFACE_s39_session2_natural,23,208,29.933333333333334,-1.3272453546524048,-0.33237637776208245
COHFACE_s39_session2_natural,23,209,29.966666666666665,-1.0536367893218994,-0.42433916617845296
COHFACE_s39_session2_natural,23,210,30.0,-0.030046945437788963,-0.5178878000220166
COHFACE_s39_session2_natural,23,211,30.033333333333335,1.1722067594528198,-0.585711325475664
COHFACE_s39_session2_natural,23,212,30.066666666666666,1.6558657884597778,-0.6009811202403132
COHFACE_s39_session2_natural,23,213,30.1,1.4470643997192383,-0.5395055516032043
COHFACE_s39_session2_natural,23,214,30.133333333333333,1.05826997756958,-0.3830621779059872
COHFACE_s39_session2_natural,23,215,30.166666666666668,0.757021963596344,-0.12448699036643787
COHFACE_s39_session2_natural,23,216,30.2,0.5365465879440308,0.22694991684027718
COHFACE_s39_session2_natural,23,217,30.233333333333334,0.3762343227863312,0.6426078470058952
COHFACE_s39_session2_natural,23,218,30.266666666666666,0.33160439133644104,1.0762675070211318
COHFACE_s39_session2_natural,23,219,30.3,0.35235804319381714,1.4710973308128765
COHFACE_s39_session2_natural,23,220,30.333333333333332,0.3125642240047455,1.770052034994197
COHFACE_s39_session2_natural,23,221,30.366666666666667,0.165575310587883,1.9266119618673003
COHFACE_s39_session2_natural,23,222,30.4,-0.05642136186361313,1.9129662902015439
COHFACE_s39_session2_natural,23,223,30.433333333333334,-0.2912929654121399,1.7242686196123516
COHFACE_s39_session2_natural,23,224,30.466666666666665,-0.5027526617050171,1.379342421538966
COHFACE_s39_session2_natural,23,225,30.5,-0.6591416001319885,0.9185300267821687
COHFACE_s39_session2_natural,23,226,30.533333333333335,-0.770388126373291,0.39809771922017945
COHFACE_s39_session2_natural,23,227,30.566666666666666,-0.8549079298973083,-0.11954354607201065
COHFACE_s39_session2_natural,23,228,30.6,-0.9036694169044495,-0.5779083245168353
COHFACE_s39_session2_natural,23,229,30.633333333333333,-0.9454168677330017,-0.9363995923307761
COHFACE_s39_session2_natural,23,230,30.666666666666668,-0.9911837577819824,-1.1746378734067473
COHFACE_s39_session2_natural,23,231,30.7,-1.046590805053711,-1.2910117190266182
COHFACE_s39_session2_natural,23,232,30.733333333333334,-1.102046012878418,-1.2982460276983334
COHFACE_s39_session2_natural,23,233,30.766666666666666,-1.1482292413711548,-1.2191089734771885
COHFACE_s39_session2_natural,23,234,30.8,-1.2015224695205688,-1.0830563806406974
COHFACE_s39_session2_natural,23,235,30.833333333333332,-1.2430778741836548,-0.9222799020498488
COHFACE_s39_session2_natural,23,236,30.866666666666667,-0.9090339541435242,-0.7657613736178794
COHFACE_s39_session2_natural,23,237,30.9,0.20520898699760437,-0.6321302660596325
COHFACE_s39_session2_natural,23,238,30.933333333333334,1.3941073417663574,-0.5243179571435339
COHFACE_s39_session2_natural,23,239,30.966666666666665,1.8526570796966553,-0.4293979434665646
COHFACE_s39_session2_natural,24,0,24.0,-1.0929502248764038,-0.015643476321099043
COHFACE_s39_session2_natural,24,1,24.033333333333335,-1.1407829523086548,-0.07953605705543942
COHFACE_s39_session2_natural,24,2,24.066666666666666,-1.0729492902755737,-0.13459212431355394
COHFACE_s39_session2_natural,24,3,24.1,-0.3766615092754364,-0.17414760418293146
COHFACE_s39_session2_natural,24,4,24.133333333333333,0.9343406558036804,-0.1950050048800674
COHFACE_s39_session2_natural,24,5,24.166666666666668,1.831375002861023,-0.19976788230657297
COHFACE_s39_session2_natural,24,6,24.2,1.8708325624465942,-0.19774597385198364
COHFACE_s39_session2_natural,24,7,24.233333333333334,1.5065709352493286,-0.2027626700757808
COHFACE_s39_session2_natural,24,8,24.266666666666666,1.1929924488067627,-0.22796514604627974
COHFACE_s39_session2_natural,24,9,24.3,1.014793038368225,-0.27983439386440373
COHFACE_s39_session2_natural,24,10,24.333333333333332,0.8319656252861023,-0.3542744906914535
COHFACE_s39_session2_natural,24,11,24.366666666666667,0.6807811260223389,-0.43651109836436885
COHFACE_s39_session2_natural,24,12,24.4,0.643245279788971,-0.5044664594303128
COHFACE_s39_session2_natural,24,13,24.433333333333334,0.6249417066574097,-0.5340577273000642
COHFACE_s39_session2_natural,24,14,24.466666666666665,0.5109407901763916,-0.5052894939522898
COHFACE_s39_session2_natural,24,15,24.5,0.30311620235443115,-0.4085542841297987
COHFACE_s39_session2_natural,24,16,24.533333333333335,0.05391240492463112,-0.2497884097425657
COHFACE_s39_session2_natural,24,17,24.566666666666666,-0.17312854528427124,-0.052079048001735996
COHFACE_s39_session2_natural,24,18,24.6,-0.35734909772872925,0.1482871208942685
COHFACE_s39_session2_natural,24,19,24.633333333333333,-0.4816627502441406,0.311162700103856
COHFACE_s39_session2_natural,24,20,24.666666666666668,-0.5576953887939453,0.40419434641668783
COHFACE_s39_session2_natural,24,21,24.7,-0.6206609010696411,0.4120379047440127
COHFACE_s39_session2_natural,24,22,24.733333333333334,-0.6735218167304993,0.33931370066847155
COHFACE_s39_session2_natural,24,23,24.766666666666666,-0.7227156162261963,0.2066468272222999
COHFACE_s39_session2_natural,24,24,24.8,-0.7762171030044556,0.04273069243275558
COHFACE_s39_session2_natural,24,25,24.833333333333332,-0.8361720442771912,-0.12295711664267074
COHFACE_s39_session2_natural,24,26,24.866666666666667,-0.8970077037811279,-0.2635977240682872
COHFACE_s39_session2_natural,24,27,24.9,-0.9442638754844666,-0.35488310516675886
COHFACE_s39_session2_natural,24,28,24.933333333333334,-0.9868921041488647,-0.37449012272449766
COHFACE_s39_session2_natural,24,29,24.966666666666665,-1.0422991514205933,-0.3045587694593104
COHFACE_s39_session2_natural,24,30,25.0,-1.0059963464736938,-0.1375734608509451
COHFACE_s39_session2_natural,24,31,25.033333333333335,-0.3592066764831543,0.11743880354397566
COHFACE_s39_session2_natural,24,32,25.066666666666666,0.9598183035850525,0.43251308929522614
COHFACE_s39_session2_natural,24,33,25.1,1.9402034282684326,0.7644194293728853
COHFACE_s39_session2_natural,24,34,25.133333333333333,2.032938241958618,1.0634137032958382
COHFACE_s39_session2_natural,24,35,25.166666666666668,1.6858112812042236,1.283530715978102
COHFACE_s39_session2_natural,24,36,25.2,1.3828338384628296,1.3905681761586544
COHFACE_s39_session2_natural,24,37,25.233333333333334,1.2290070056915283,1.3657701821760686
COHFACE_s39_session2_natural,24,38,25.266666666666666,1.0425446033477783,1.2058533614619196
COHFACE_s39_session2_natural,24,39,25.3,0.8204198479652405,0.9213790825035819
COHFACE_s39_session2_natural,24,40,25.333333333333332,0.7149061560630798,0.5346963114445842
COHFACE_s39_session2_natural,24,41,25.366666666666667,0.6734148859977722,0.07741795192395377
COHFACE_s39_session2_natural,24,42,25.4,0.5685898065567017,-0.41265150598179506
COHFACE_s39_session2_natural,24,43,25.433333333333334,0.364128053188324,-0.8947501892843966
COHFACE_s39_session2_natural,24,44,25.466666666666665,0.10057606548070908,-1.3283531139042366
COHFACE_s39_session2_natural,24,45,25.5,-0.14342330396175385,-1.6764662724426818
COHFACE_s39_session2_natural,24,46,25.533333333333335,-0.3453068733215332,-1.9088817651612568
COHFACE_s39_session2_natural,24,47,25.566666666666666,-0.4994218349456787,-2.0048174295593197
COHFACE_s39_session2_natural,24,48,25.6,-0.6052877902984619,-1.9544589639878822
COHFACE_s39_session2_natural,24,49,25.633333333333333,-0.6825695037841797,-1.7593572276932223
COHFACE_s39_session2_natural,24,50,25.666666666666668,-0.7513799667358398,-1.4319692144967282
COHFACE_s39_session2_natural,24,51,25.7,-0.8125839829444885,-0.9949117766142841
COHFACE_s39_session2_natural,24,52,25.733333333333334,-0.8713699579238892,-0.4806345168123393
COHFACE_s39_session2_natural,24,53,25.766666666666666,-0.9320135116577148,0.0685452207028235
COHFACE_s39_session2_natural,24,54,25.8,-0.9873085021972656,0.6017389572468592
COHFACE_s39_session2_natural,24,55,25.833333333333332,-1.0401854515075684,1.0643709379591466
COHFACE_s39_session2_natural,24,56,25.866666666666667,-1.10150146484375,1.4070307462459848
COHFACE_s39_session2_natural,24,57,25.9,-1.1498305797576904,1.5959036780263827
COHFACE_s39_session2_natural,24,58,25.933333333333334,-0.8361560106277466,1.6209672237829333
COHFACE_s39_session2_natural,24,59,25.966666666666665,0.32540714740753174,1.49856370484563
COHFACE_s39_session2_natural,24,60,26.0,1.6583479642868042,1.2667994780576215
COHFACE_s39_session2_natural,24,61,26.033333333333335,2.1960527896881104,0.9752634371701558
COHFACE_s39_session2_natural,24,62,26.066666666666666,2.0276217460632324,0.6736186656730832
COHFACE_s39_session2_natural,24,63,26.1,1.7181587219238281,0.403759457076778
COHFACE_s39_session2_natural,24,64,26.133333333333333,1.5403276681900024,0.19646513288585918
COHFACE_s39_session2_natural,24,65,26.166666666666668,1.409096121788025,0.06981641916106318
COHFACE_s39_session2_natural,24,66,26.2,1.1607410907745361,0.02698125746981729
COHFACE_s39_session2_natural,24,67,26.233333333333334,0.899767279624939,0.05414125825185067
COHFACE_s39_session2_natural,24,68,26.266666666666666,0.7542676329612732,0.12168634463966538
COHFACE_s39_session2_natural,24,69,26.3,0.6622694134712219,0.19091968257001485
COHFACE_s39_session2_natural,24,70,26.333333333333332,0.5132948160171509,0.2247062513138795
COHFACE_s39_session2_natural,24,71,26.366666666666667,0.27794280648231506,0.1972807724283164
COHFACE_s39_session2_natural,24,72,26.4,0.01491926796734333,0.09890095241042506
COHFACE_s39_session2_natural,24,73,26.433333333333334,-0.2178705632686615,-0.06559257905158689
COHFACE_s39_session2_natural,24,74,26.466666666666665,-0.4131084978580475,-0.2818326952137233
COHFACE_s39_session2_natural,24,75,26.5,-0.5517703294754028,-0.5310330486484651
COHFACE_s39_session2_natural,24,76,26.533333333333335,-0.6494213342666626,-0.7931979035483856
COHFACE_s39_session2_natural,24,77,26.566666666666666,-0.7363432049751282,-1.048513284708721
COHFACE_s39_session2_natural,24,78,26.6,-0.8048974275588989,-1.2774144394457303
COHFACE_s39_session2_natural,24,79,26.633333333333333,-0.8747968673706055,-1.4596372350499527
COHFACE_s39_session2_natural,24,80,26.666666666666668,-0.9502689838409424,-1.5732162169012134
COHFACE_s39_session2_natural,24,81,26.7,-1.03035306930542,-1.5950166913150885
COHFACE_s39_session2_natural,24,82,26.733333333333334,-1.100925087928772,-1.503736275550297
COHFACE_s39_session2_natural,24,83,26.766666666666666,-1.1612002849578857,-1.284914103799545
COHFACE_s39_session2_natural,24,84,26.8,-1.2029637098312378,-0.9364912188311207
COHFACE_s39_session2_natural,24,85,26.833333333333332,-1.2479619979858398,-0.4732306052622797
COHFACE_s39_session2_natural,24,86,26.866666666666667,-1.2953141927719116,0.07140018184052518
COHFACE_s39_session2_natural,24,87,26.9,-1.1707763671875,0.6468446590545494
COHFACE_s39_session2_natural,24,88,26.933333333333334,-0.28760984539985657,1.1910969991549116
COHFACE_s39_session2_natural,24,89,26.966666666666665,1.1675148010253906,1.6401028528544028
COHFACE_s39_session2_natural,24,90,27.0,2.07702374458313,1.9393393240739956
COHFACE_s39_session2_natural,24,91,27.033333333333335,2.096928596496582,2.0547574552530277
COHFACE_s39_session2_natural,24,92,27.066666666666666,1.772364854812622,1.979920351593378
COHFACE_s39_session2_natural,24,93,27.1,1.5250346660614014,1.736961617470596
COHFACE_s39_session2_natural,24,94,27.133333333333333,1.4028507471084595,1.3707665015984176
COHFACE_s39_session2_natural,24,95,27.166666666666668,1.2053229808807373,0.9381871203642825
COHFACE_s39_session2_natural,24,96,27.2,0.9260135889053345,0.49622417806478786
COHFACE_s39_session2_natural,24,97,27.233333333333334,0.7257953882217407,0.09332352566053792
COHFACE_s39_session2_natural,24,98,27.266666666666666,0.6164544820785522,-0.23442707962914744
COHFACE_s39_session2_natural,24,99,27.3,0.4921088218688965,-0.46373037358307695
COHFACE_s39_session2_natural,24,100,27.333333333333332,0.28590157628059387,-0.5844351793636403
COHFACE_s39_session2_natural,24,101,27.366666666666667,0.02483169175684452,-0.601728638480564
COHFACE_s39_session2_natural,24,102,27.4,-0.23109780251979828,-0.5383749782034868
COHFACE_s39_session2_natural,24,103,27.433333333333334,-0.4379456043243408,-0.43299063127894694
COHFACE_s39_session2_natural,24,104,27.466666666666665,-0.5870643258094788,-0.33229933963478187
COHFACE_s39_session2_natural,24,105,27.5,-0.7030989527702332,-0.27934373440435184
COHFACE_s39_session2_natural,24,106,27.533333333333335,-0.7945526838302612,-0.30213740526086824
COHFACE_s39_session2_natural,24,107,27.566666666666666,-0.8643239736557007,-0.4069640170473958
COHFACE_s39_session2_natural,24,108,27.6,-0.9355204701423645,-0.5781933545994612
COHFACE_s39_session2_natural,24,109,27.633333333333333,-1.0092791318893433,-0.7836972632899483
COHFACE_s39_session2_natural,24,110,27.666666666666668,-1.0843029022216797,-0.9832049367246884
COHFACE_s39_session2_natural,24,111,27.7,-1.163474202156067,-1.1367341205356092
COHFACE_s39_session2_natural,24,112,27.733333333333334,-1.2377773523330688,-1.2111880956135155
COHFACE_s39_session2_natural,24,113,27.766666666666666,-1.2982447147369385,-1.1844622753947602
COHFACE_s39_session2_natural,24,114,27.8,-1.3492480516433716,-1.04724733874734
COHFACE_s39_session2_natural,24,115,27.833333333333332,-1.3932054042816162,-0.8030774377279699
COHFACE_s39_session2_natural,24,116,27.866666666666667,-1.4082422256469727,-0.4672743321075208
COHFACE_s39_session2_natural,24,117,27.9,-1.4183788299560547,-0.06534136075757335
COHFACE_s39_session2_natural,24,118,27.933333333333334,-1.4356895685195923,0.3689575587552648
COHFACE_s39_session2_natural,24,119,27.966666666666665,-1.2416366338729858,0.7960982502683638
COHFACE_s39_session2_natural,24,120,28.0,-0.24046577513217926,1.1745593914109478
COHFACE_s39_session2_natural,24,121,28.033333333333335,1.2111037969589233,1.46632877519169
COHFACE_s39_session2_natural,24,122,28.066666666666666,1.9942654371261597,1.643538762115546
COHFACE_s39_session2_natural,24,123,28.1,1.9034042358398438,1.6941099334031402
COHFACE_s39_session2_natural,24,124,28.133333333333333,1.5338101387023926,1.6234894641445217
COHFACE_s39_session2_natural,24,125,28.166666666666668,1.2787452936172485,1.4508642893649322
COHFACE_s39_session2_natural,24,126,28.2,1.1189454793930054,1.201519303354148
COHFACE_s39_session2_natural,24,127,28.233333333333334,0.9000875353813171,0.8995876031192453
COHFACE_s39_session2_natural,24,128,28.266666666666666,0.6843681931495667,0.5648643848876654
COHFACE_s39_session2_natural,24,129,28.3,0.5691182613372803,0.2142904774785734
COHFACE_s39_session2_natural,24,130,28.333333333333332,0.48927441239356995,-0.13441641764745121
COHFACE_s39_session2_natural,24,131,28.366666666666667,0.354455828666687,-0.46049784445506703
COHFACE_s39_session2_natural,24,132,28.4,0.12964075803756714,-0.7411025575270463
COHFACE_s39_session2_natural,24,133,28.433333333333334,-0.13508020341396332,-0.9548792483136168
COHFACE_s39_session2_natural,24,134,28.466666666666665,-0.38551703095436096,-1.0865235632346693
COHFACE_s39_session2_natural,24,135,28.5,-0.5805948376655579,-1.130572110619128
COHFACE_s39_session2_natural,24,136,28.533333333333335,-0.7282242774963379,-1.092946878996875
COHFACE_s39_session2_natural,24,137,28.566666666666666,-0.8356755971908569,-0.9893764138865438
COHFACE_s39_session2_natural,24,138,28.6,-0.9189944267272949,-0.8411453236114568
COHFACE_s39_session2_natural,24,139,28.633333333333333,-0.9892141222953796,-0.6699830769721152
COHFACE_s39_session2_natural,24,140,28.666666666666668,-1.05731999874115,-0.494364015192121
COHFACE_s39_session2_natural,24,141,28.7,-1.136283040046692,-0.3286887269599205
COHFACE_s39_session2_natural,24,142,28.733333333333334,-1.2112268209457397,-0.1850691383960599
COHFACE_s39_session2_natural,24,143,28.766666666666666,-1.2880921363830566,-0.07563636626981272
COHFACE_s39_session2_natural,24,144,28.8,-1.3623151779174805,-0.012574590829104426
COHFACE_s39_session2_natural,24,145,28.833333333333332,-1.417946457862854,-0.004401506132707121
COHFACE_s39_session2_natural,24,146,28.866666666666667,-1.4572118520736694,-0.049981672738105914
COHFACE_s39_session2_natural,24,147,28.9,-1.484434962272644,-0.13400948364748508
COHFACE_s39_session2_natural,24,148,28.933333333333334,-1.5029947757720947,-0.22726914510696197
COHFACE_s39_session2_natural,24,149,28.966666666666665,-1.5381766557693481,-0.29255314326287496
COHFACE_s39_session2_natural,24,150,29.0,-1.3144184350967407,-0.2945063460953833
COHFACE_s39_session2_natural,24,151,29.033333333333335,-0.2999723553657532,-0.20989525694076533
COHFACE_s39_session2_natural,24,152,29.066666666666666,1.051896572113037,-0.03442201028408513
COHFACE_s39_session2_natural,24,153,29.1,1.7129703760147095,0.21629814459652905
COHFACE_s39_session2_natural,24,154,29.133333333333333,1.5922597646713257,0.5110761241263806
COHFACE_s39_session2_natural,24,155,29.166666666666668,1.2157317399978638,0.8100467578528985
COHFACE_s39_session2_natural,24,156,29.2,0.9117934703826904,1.0714227006272412
COHFACE_s39_session2_natural,24,157,29.233333333333334,0.6993729472160339,1.2570922862484593
COHFACE_s39_session2_natural,24,158,29.266666666666666,0.504086971282959,1.3375852050615216
COHFACE_s39_session2_natural,24,159,29.3,0.39453789591789246,1.2969772391695382
COHFACE_s39_session2_natural,24,160,29.333333333333332,0.37709906697273254,1.136864657769752
COHFACE_s39_session2_natural,24,161,29.366666666666667,0.34585651755332947,0.8772744847373967
COHFACE_s39_session2_natural,24,162,29.4,0.21236707270145416,0.5529218059564779
COHFACE_s39_session2_natural,24,163,29.433333333333334,0.008001388981938362,0.20547988412760532
COHFACE_s39_session2_natural,24,164,29.466666666666665,-0.2324269413948059,-0.12506184948625543
COHFACE_s39_session2_natural,24,165,29.5,-0.45688968896865845,-0.40645722724363015
COHFACE_s39_session2_natural,24,166,29.533333333333335,-0.6322387456893921,-0.6164290866971782
COHFACE_s39_session2_natural,24,167,29.566666666666666,-0.7627816796302795,-0.7424188095723018
COHFACE_s39_session2_natural,24,168,29.6,-0.846500813961029,-0.7808051608788065
COHFACE_s39_session2_natural,24,169,29.633333333333333,-0.9001464247703552,-0.7365179258938439
COHFACE_s39_session2_natural,24,170,29.666666666666668,-0.9502689838409424,-0.622929722662793
COHFACE_s39_session2_natural,24,171,29.7,-0.9887016415596008,-0.46153087276747345
COHFACE_s39_session2_natural,24,172,29.733333333333334,-1.0394487380981445,-0.2810049548043496
COHFACE_s39_session2_natural,24,173,29.766666666666666,-1.1037113666534424,-0.11532409906454723
COHFACE_s39_session2_natural,24,174,29.8,-1.1638104915618896,-0.00012010784063035086
COHFACE_s39_session2_natural,24,175,29.833333333333332,-1.2089688777923584,0.03343868905289223
COHFACE_s39_session2_natural,24,176,29.866666666666667,-1.2545915842056274,-0.03306216461430743
COHFACE_s39_session2_natural,24,177,29.9,-1.2976042032241821,-0.197293955802128
COHFACE_s39_session2_natural,24,178,29.933333333333334,-1.3272453546524048,-0.4327778201065917
COHFACE_s39_session2_natural,24,179,29.966666666666665,-1.0536367893218994,-0.6933125451776416
COHFACE_s39_session2_natural,24,180,30.0,-0.030046945437788963,-0.9240936116014244
COHFACE_s39_session2_natural,24,181,30.033333333333335,1.1722067594528198,-1.07446534874635
COHFACE_s39_session2_natural,24,182,30.066666666666666,1.6558657884597778,-1.1074350968617348
COHFACE_s39_session2_natural,24,183,30.1,1.4470643997192383,-1.004220616391623
COHFACE_s39_session2_natural,24,184,30.133333333333333,1.05826997756958,-0.7649928482304141
COHFACE_s39_session2_natural,24,185,30.166666666666668,0.757021963596344,-0.40781726600194795
COHFACE_s39_session2_natural,24,186,30.2,0.5365465879440308,0.03334990331929405
COHFACE_s39_session2_natural,24,187,30.233333333333334,0.3762343227863312,0.5122882362273771
COHFACE_s39_session2_natural,24,188,30.266666666666666,0.33160439133644104,0.976633339234503
COHFACE_s39_session2_natural,24,189,30.3,0.35235804319381714,1.3757967638178041
COHFACE_s39_session2_natural,24,190,30.333333333333332,0.3125642240047455,1.6679204773536604
COHFACE_s39_session2_natural,24,191,30.366666666666667,0.165575310587883,1.823102353407383
COHFACE_s39_session2_natural,24,192,30.4,-0.05642136186361313,1.8231440349107226
COHFACE_s39_session2_natural,24,193,30.433333333333334,-0.2912929654121399,1.6610774689277916
COHFACE_s39_session2_natural,24,194,30.466666666666665,-0.5027526617050171,1.3434111689137513
COHFACE_s39_session2_natural,24,195,30.5,-0.6591416001319885,0.8946338311692396
COHFACE_s39_session2_natural,24,196,30.533333333333335,-0.770388126373291,0.359887539000282
COHFACE_s39_session2_natural,24,197,30.566666666666666,-0.8549079298973083,-0.19859825697099184
COHFACE_s39_session2_natural,24,198,30.6,-0.9036694169044495,-0.71177614535289
COHFACE_s39_session2_natural,24,199,30.633333333333333,-0.9454168677330017,-1.1168348322256993
COHFACE_s39_session2_natural,24,200,30.666666666666668,-0.9911837577819824,-1.3682656716203687
COHFACE_s39_session2_natural,24,201,30.7,-1.046590805053711,-1.4442754607673969
COHFACE_s39_session2_natural,24,202,30.733333333333334,-1.102046012878418,-1.3482935352582364
COHFACE_s39_session2_natural,24,203,30.766666666666666,-1.1482292413711548,-1.1065408731315907
COHFACE_s39_session2_natural,24,204,30.8,-1.2015224695205688,-0.7625876751609061
COHFACE_s39_session2_natural,24,205,30.833333333333332,-1.2430778741836548,-0.3695400644313348
COHFACE_s39_session2_natural,24,206,30.866666666666667,-0.9090339541435242,0.019078268264242963
COHFACE_s39_session2_natural,24,207,30.9,0.20520898699760437,0.35773411802759575
COHFACE_s39_session2_natural,24,208,30.933333333333334,1.3941073417663574,0.6140771331782239
COHFACE_s39_session2_natural,24,209,30.966666666666665,1.8526570796966553,0.7694411706275371
COHFACE_s39_session2_natural,24,210,31.0,1.6922167539596558,0.8157245693545777
COHFACE_s39_session2_natural,24,211,31.033333333333335,1.3837946653366089,0.7519617002136139
COHFACE_s39_session2_natural,24,212,31.066666666666666,1.1694844961166382,0.5838538024146955
COHFACE_s39_session2_natural,24,213,31.1,1.0031191110610962,0.32681606153021453
COHFACE_s39_session2_natural,24,214,31.133333333333333,0.7817469835281372,0.009407065303261013
COHFACE_s39_session2_natural,24,215,31.166666666666668,0.6092163324356079,-0.32725361281367776
COHFACE_s39_session2_natural,24,216,31.2,0.5423114895820618,-0.6356376505680994
COHFACE_s39_session2_natural,24,217,31.233333333333334,0.4809313118457794,-0.871039426927564
COHFACE_s39_session2_natural,24,218,31.266666666666666,0.3353515863418579,-0.9998374407386624
COHFACE_s39_session2_natural,24,219,31.3,0.12065713107585907,-1.0041518040024806
COHFACE_s39_session2_natural,24,220,31.333333333333332,-0.11315757781267166,-0.8828852221534685
COHFACE_s39_session2_natural,24,221,31.366666666666667,-0.3275637924671173,-0.6507753066921097
COHFACE_s39_session2_natural,24,222,31.4,-0.4911908507347107,-0.3366902360106152
COHFACE_s39_session2_natural,24,223,31.433333333333334,-0.6074496507644653,0.0189064404705607
COHFACE_s39_session2_natural,24,224,31.466666666666665,-0.691761314868927,0.3680201135745369
COHFACE_s39_session2_natural,24,225,31.5,-0.758345901966095,0.6611621072693479
COHFACE_s39_session2_natural,24,226,31.533333333333335,-0.8187652230262756,0.8550984751856064
COHFACE_s39_session2_natural,24,227,31.566666666666666,-0.8853978514671326,0.9209404534245533
COHFACE_s39_session2_natural,24,228,31.6,-0.9387391805648804,0.8501286300473346
COHFACE_s39_session2_natural,24,229,31.633333333333333,-0.9926890730857849,0.6562503115102322
COHFACE_s39_session2_natural,24,230,31.666666666666668,-1.0445090532302856,0.37274970533464213
COHFACE_s39_session2_natural,24,231,31.7,-1.1119744777679443,0.0478353024201506
COHFACE_s39_session2_natural,24,232,31.733333333333334,-1.0922616720199585,-0.26325199545273087
COHFACE_s39_session2_natural,24,233,31.766666666666666,-0.47404026985168457,-0.5089037134506619
COHFACE_s39_session2_natural,24,234,31.8,0.7739643454551697,-0.6524193560785976
COHFACE_s39_session2_natural,24,235,31.833333333333332,1.718719244003296,-0.6791378649016132
COHFACE_s39_session2_natural,24,236,31.866666666666667,1.8689908981323242,-0.5961641896985459
COHFACE_s39_session2_natural,24,237,31.9,1.6000263690948486,-0.42563081562105287
COHFACE_s39_session2_natural,24,238,31.933333333333334,1.3518314361572266,-0.19583989195646395
COHFACE_s39_session2_natural,24,239,31.966666666666665,1.210687518119812,0.06494435078413913
COHFACE_s39_session2_natural,25,0,25.0,-1.0059963464736938,0.14346423992835247
COHFACE_s39_session2_natural,25,1,25.033333333333335,-0.3592066764831543,0.13492661803113865
COHFACE_s39_session2_natural,25,2,25.066666666666666,0.9598183035850525,0.14419244883380003
COHFACE_s39_session2_natural,25,3,25.1,1.9402034282684326,0.1850119420466866
COHFACE_s39_session2_natural,25,4,25.133333333333333,2.032938241958618,0.25752619985180353
COHFACE_s39_session2_natural,25,5,25.166666666666668,1.6858112812042236,0.34805473032418627
COHFACE_s39_session2_natural,25,6,25.2,1.3828338384628296,0.4331509815858624
COHFACE_s39_session2_natural,25,7,25.233333333333334,1.2290070056915283,0.48572222780872815
COHFACE_s39_session2_natural,25,8,25.266666666666666,1.0425446033477783,0.4810885716133925
COHFACE_s39_session2_natural,25,9,25.3,0.8204198479652405,0.40189566601694565
COHFACE_s39_session2_natural,25,10,25.333333333333332,0.7149061560630798,0.24145046984897914
COHFACE_s39_session2_natural,25,11,25.366666666666667,0.6734148859977722,0.005232793375084479
COHFACE_s39_session2_natural,25,12,25.4,0.5685898065567017,-0.28949454023402627
COHFACE_s39_session2_natural,25,13,25.433333333333334,0.364128053188324,-0.615855137829498
COHFACE_s39_session2_natural,25,14,25.466666666666665,0.10057606548070908,-0.9410023518168508
COHFACE_s39_session2_natural,25,15,25.5,-0.14342330396175385,-1.2305207867311407
COHFACE_s39_session2_natural,25,16,25.533333333333335,-0.3453068733215332,-1.4523192386521322
COHFACE_s39_session2_natural,25,17,25.566666666666666,-0.4994218349456787,-1.5789264447818967
COHFACE_s39_session2_natural,25,18,25.6,-0.6052877902984619,-1.5883849571075976
COHFACE_s39_session2_natural,25,19,25.633333333333333,-0.6825695037841797,-1.4651115958188183
COHFACE_s39_session2_natural,25,20,25.666666666666668,-0.7513799667358398,-1.2019830014435322
COHFACE_s39_session2_natural,25,21,25.7,-0.8125839829444885,-0.8040086344925321
COHFACE_s39_session2_natural,25,22,25.733333333333334,-0.8713699579238892,-0.29303181150235186
COHFACE_s39_session2_natural,25,23,25.766666666666666,-0.9320135116577148,0.28848329531773087
COHFACE_s39_session2_natural,25,24,25.8,-0.9873085021972656,0.87819021784679
COHFACE_s39_session2_natural,25,25,25.833333333333332,-1.0401854515075684,1.402381897610995
COHFACE_s39_session2_natural,25,26,25.866666666666667,-1.10150146484375,1.7918089276336475
COHFACE_s39_session2_natural,25,27,25.9,-1.1498305797576904,1.999552928860347
COHFACE_s39_session2_natural,25,28,25.933333333333334,-0.8361560106277466,2.0134671379308844
COHFACE_s39_session2_natural,25,29,25.966666666666665,0.32540714740753174,1.8575040759583252
COHFACE_s39_session2_natural,25,30,26.0,1.6583479642868042,1.5813106997387436
COHFACE_s39_session2_natural,25,31,26.033333333333335,2.1960527896881104,1.2430510049412162
COHFACE_s39_session2_natural,25,32,26.066666666666666,2.0276217460632324,0.8933821572076613
COHFACE_s39_session2_natural,25,33,26.1,1.7181587219238281,0.5670197517955317
COHFACE_s39_session2_natural,25,34,26.133333333333333,1.5403276681900024,0.283110217832566
COHFACE_s39_session2_natural,25,35,26.166666666666668,1.409096121788025,0.050402538950949385
COHFACE_s39_session2_natural,25,36,26.2,1.1607410907745361,-0.12836345411934247
COHFACE_s39_session2_natural,25,37,26.233333333333334,0.899767279624939,-0.25576806073298786
COHFACE_s39_session2_natural,25,38,26.266666666666666,0.7542676329612732,-0.3411151907569777
COHFACE_s39_session2_natural,25,39,26.3,0.6622694134712219,-0.4000981560466719
COHFACE_s39_session2_natural,25,40,26.333333333333332,0.5132948160171509,-0.4510488540390788
COHFACE_s39_session2_natural,25,41,26.366666666666667,0.27794280648231506,-0.5096240665915869
COHFACE_s39_session2_natural,25,42,26.4,0.01491926796734333,-0.5848939747834271
COHFACE_s39_session2_natural,25,43,26.433333333333334,-0.2178705632686615,-0.6784159049195752
COHFACE_s39_session2_natural,25,44,26.466666666666665,-0.4131084978580475,-0.7859168885675444
COHFACE_s39_session2_natural,25,45,26.5,-0.5517703294754028,-0.9000514428051108
COHFACE_s39_session2_natural,25,46,26.533333333333335,-0.6494213342666626,-1.012737344986091
COHFACE_s39_session2_natural,25,47,26.566666666666666,-0.7363432049751282,-1.116193455602724
COHFACE_s39_session2_natural,25,48,26.6,-0.8048974275588989,-1.2023445616246906
COHFACE_s39_session2_natural,25,49,26.633333333333333,-0.8747968673706055,-1.260903018680003
COHFACE_s39_session2_natural,25,50,26.666666666666668,-0.9502689838409424,-1.2773643818609512
COHFACE_s39_session2_natural,25,51,26.7,-1.03035306930542,-1.2326729712323372
COHFACE_s39_session2_natural,25,52,26.733333333333334,-1.100925087928772,-1.1057865477592683
COHFACE_s39_session2_natural,25,53,26.766666666666666,-1.1612002849578857,-0.8791573778642079
COHFACE_s39_session2_natural,25,54,26.8,-1.2029637098312378,-0.5459428191568859
COHFACE_s39_session2_natural,25,55,26.833333333333332,-1.2479619979858398,-0.11682164729539295
COHFACE_s39_session2_natural,25,56,26.866666666666667,-1.2953141927719116,0.37623580457025674
COHFACE_s39_session2_natural,25,57,26.9,-1.1707763671875,0.8816476932637176
COHFACE_s39_session2_natural,25,58,26.933333333333334,-0.28760984539985657,1.3364046372930611
COHFACE_s39_session2_natural,25,59,26.966666666666665,1.1675148010253906,1.6794112894958975
COHFACE_s39_session2_natural,25,60,27.0,2.07702374458313,1.8660378934319142
COHFACE_s39_session2_natural,25,61,27.033333333333335,2.096928596496582,1.8788830996033792
COHFACE_s39_session2_natural,25,62,27.066666666666666,1.772364854812622,1.7312018953582893
COHFACE_s39_session2_natural,25,63,27.1,1.5250346660614014,1.4621063854721772
COHFACE_s39_session2_natural,25,64,27.133333333333333,1.4028507471084595,1.124948400522765
COHFACE_s39_session2_natural,25,65,27.166666666666668,1.2053229808807373,0.7724319491234368
COHFACE_s39_session2_natural,25,66,27.2,0.9260135889053345,0.4439335915142876
COHFACE_s39_session2_natural,25,67,27.233333333333334,0.7257953882217407,0.16011382203880706
COHFACE_s39_session2_natural,25,68,27.266666666666666,0.6164544820785522,-0.07397988652983697
COHFACE_s39_session2_natural,25,69,27.3,0.4921088218688965,-0.2609121320110309
COHFACE_s39_session2_natural,25,70,27.333333333333332,0.28590157628059387,-0.40372504456666547
COHFACE_s39_session2_natural,25,71,27.366666666666667,0.02483169175684452,-0.5036706202500112
COHFACE_s39_session2_natural,25,72,27.4,-0.23109780251979828,-0.5625108236687697
COHFACE_s39_session2_natural,25,73,27.433333333333334,-0.4379456043243408,-0.5858381099713244
COHFACE_s39_session2_natural,25,74,27.466666666666665,-0.5870643258094788,-0.5841890942057102
COHFACE_s39_session2_natural,25,75,27.5,-0.7030989527702332,-0.5712594888572889
COHFACE_s39_session2_natural,25,76,27.533333333333335,-0.7945526838302612,-0.5605710428761714
COHFACE_s39_session2_natural,25,77,27.566666666666666,-0.8643239736557007,-0.5624189325642565
COHFACE_s39_session2_natural,25,78,27.6,-0.9355204701423645,-0.5821544030863364
COHFACE_s39_session2_natural,25,79,27.633333333333333,-1.0092791318893433,-0.6197146516576507
COHFACE_s39_session2_natural,25,80,27.666666666666668,-1.0843029022216797,-0.669679079072388
COHFACE_s39_session2_natural,25,81,27.7,-1.163474202156067,-0.7213574183348619
COHFACE_s39_session2_natural,25,82,27.733333333333334,-1.2377773523330688,-0.7591846292017229
COHFACE_s39_session2_natural,25,83,27.766666666666666,-1.2982447147369385,-0.7641536179799793
COHFACE_s39_session2_natural,25,84,27.8,-1.3492480516433716,-0.7166402491933672
COHFACE_s39_session2_natural,25,85,27.833333333333332,-1.3932054042816162,-0.6003142626245729
COHFACE_s39_session2_natural,25,86,27.866666666666667,-1.4082422256469727,-0.40653022839587105
COHFACE_s39_session2_natural,25,87,27.9,-1.4183788299560547,-0.13840487409778665
COHFACE_s39_session2_natural,25,88,27.933333333333334,-1.4356895685195923,0.1866152649659712
COHFACE_s39_session2_natural,25,89,27.966666666666665,-1.2416366338729858,0.5370679190274193
COHFACE_s39_session2_natural,25,90,28.0,-0.24046577513217926,0.8715135550082863
COHFACE_s39_session2_natural,25,91,28.033333333333335,1.2111037969589233,1.1461678893858056
COHFACE_s39_session2_natural,25,92,28.066666666666666,1.9942654371261597,1.324895790545527
COHFACE_s39_session2_natural,25,93,28.1,1.9034042358398438,1.3888023419370266
COHFACE_s39_session2_natural,25,94,28.133333333333333,1.5338101387023926,1.3411859138938407
COHFACE_s39_session2_natural,25,95,28.166666666666668,1.2787452936172485,1.2045101439497758
COHFACE_s39_session2_natural,25,96,28.2,1.1189454793930054,1.0102471426943214
COHFACE_s39_session2_natural,25,97,28.233333333333334,0.9000875353813171,0.7868051778696407
COHFACE_s39_session2_natural,25,98,28.266666666666666,0.6843681931495667,0.5516381182844837
COHFACE_s39_session2_natural,25,99,28.3,0.5691182613372803,0.31072235084491556
COHFACE_s39_session2_natural,25,100,28.333333333333332,0.48927441239356995,0.0641004312237187
COHFACE_s39_session2_natural,25,101,28.366666666666667,0.354455828666687,-0.18682117177605065
COHFACE_s39_session2_natural,25,102,28.4,0.12964075803756714,-0.43431762473985674
COHFACE_s39_session2_natural,25,103,28.433333333333334,-0.13508020341396332,-0.6635288893593155
COHFACE_s39_session2_natural,25,104,28.466666666666665,-0.38551703095436096,-0.855316131174608
COHFACE_s39_session2_natural,25,105,28.5,-0.5805948376655579,-0.9910463025331874
COHFACE_s39_session2_natural,25,106,28.533333333333335,-0.7282242774963379,-1.057289290742678
COHFACE_s39_session2_natural,25,107,28.566666666666666,-0.8356755971908569,-1.0489548736162622
COHFACE_s39_session2_natural,25,108,28.6,-0.9189944267272949,-0.9703491954424887
COHFACE_s39_session2_natural,25,109,28.633333333333333,-0.9892141222953796,-0.8344201335974997
COHFACE_s39_session2_natural,25,110,28.666666666666668,-1.05731999874115,-0.6607540971876907
COHFACE_s39_session2_natural,25,111,28.7,-1.136283040046692,-0.4728832221457338
COHFACE_s39_session2_natural,25,112,28.733333333333334,-1.2112268209457397,-0.2954029191016937
COHFACE_s39_session2_natural,25,113,28.766666666666666,-1.2880921363830566,-0.15108744143349678
COHFACE_s39_session2_natural,25,114,28.8,-1.3623151779174805,-0.057663143233032524
COHFACE_s39_session2_natural,25,115,28.833333333333332,-1.417946457862854,-0.0240073544653562
COHFACE_s39_session2_natural,25,116,28.866666666666667,-1.4572118520736694,-0.046672763026767164
COHFACE_s39_session2_natural,25,117,28.9,-1.484434962272644,-0.10861732552508267
COHFACE_s39_session2_natural,25,118,28.933333333333334,-1.5029947757720947,-0.18161879308356246
COHFACE_s39_session2_natural,25,119,28.966666666666665,-1.5381766557693481,-0.23234632739771988
COHFACE_s39_session2_natural,25,120,29.0,-1.3144184350967407,-0.23046943285564506
COHFACE_s39_session2_natural,25,121,29.033333333333335,-0.2999723553657532,-0.1562367642311314
COHFACE_s39_session2_natural,25,122,29.066666666666666,1.051896572113037,-0.005052737303450861
COHFACE_s39_session2_natural,25,123,29.1,1.7129703760147095,0.21215637514507255
COHFACE_s39_session2_natural,25,124,29.133333333333333,1.5922597646713257,0.4720796924956436
COHFACE_s39_session2_natural,25,125,29.166666666666668,1.2157317399978638,0.7437083939904968
COHFACE_s39_session2_natural,25,126,29.2,0.9117934703826904,0.9929480918759199
COHFACE_s39_session2_natural,25,127,29.233333333333334,0.6993729472160339,1.1868672000954446
COHFACE_s39_session2_natural,25,128,29.266666666666666,0.504086971282959,1.2982776933885363
COHFACE_s39_session2_natural,25,129,29.3,0.39453789591789246,1.3108565453416712
COHFACE_s39_session2_natural,25,130,29.333333333333332,0.37709906697273254,1.2232336256449552
COHFACE_s39_session2_natural,25,131,29.366666666666667,0.34585651755332947,1.0494225484380575
COHFACE_s39_session2_natural,25,132,29.4,0.21236707270145416,0.8143227023034221
COHFACE_s39_session2_natural,25,133,29.433333333333334,0.008001388981938362,0.5459806576951823
COHFACE_s39_session2_natural,25,134,29.466666666666665,-0.2324269413948059,0.2686070282373714
COHFACE_s39_session2_natural,25,135,29.5,-0.45688968896865845,-0.00012745580447499558
COHFACE_s39_session2_natural,25,136,29.533333333333335,-0.6322387456893921,-0.2473338806181616
COHFACE_s39_session2_natural,25,137,29.566666666666666,-0.7627816796302795,-0.4616291043882927
COHFACE_s39_session2_natural,25,138,29.6,-0.846500813961029,-0.6314307580378883
COHFACE_s39_session2_natural,25,139,29.633333333333333,-0.9001464247703552,-0.7459627428050809
COHFACE_s39_session2_natural,25,140,29.666666666666668,-0.9502689838409424,-0.7983057975061619
COHFACE_s39_session2_natural,25,141,29.7,-0.9887016415596008,-0.7889685160804737
COHFACE_s39_session2_natural,25,142,29.733333333333334,-1.0394487380981445,-0.7283490661638583
COHFACE_s39_session2_natural,25,143,29.766666666666666,-1.1037113666534424,-0.6367936660985828
COHFACE_s39_session2_natural,25,144,29.8,-1.1638104915618896,-0.5415471168982082
COHFACE_s39_session2_natural,25,145,29.833333333333332,-1.2089688777923584,-0.47079906632504354
COHFACE_s39_session2_natural,25,146,29.866666666666667,-1.2545915842056274,-0.44624455042090455
COHFACE_s39_session2_natural,25,147,29.9,-1.2976042032241821,-0.4766822503732956
COHFACE_s39_session2_natural,25,148,29.933333333333334,-1.3272453546524048,-0.5554049838762962
COHFACE_s39_session2_natural,25,149,29.966666666666665,-1.0536367893218994,-0.662642733121746
COHFACE_s39_session2_natural,25,150,30.0,-0.030046945437788963,-0.7714574783981042
COHFACE_s39_session2_natural,25,151,30.033333333333335,1.1722067594528198,-0.853677183936961
COHFACE_s39_session2_natural,25,152,30.066666666666666,1.6558657884597778,-0.8834871564731137
COHFACE_s39_session2_natural,25,153,30.1,1.4470643997192383,-0.8388768802766661
COHFACE_s39_session2_natural,25,154,30.133333333333333,1.05826997756958,-0.7028731818127987
COHFACE_s39_session2_natural,25,155,30.166666666666668,0.757021963596344,-0.46627564301402064
COHFACE_s39_session2_natural,25,156,30.2,0.5365465879440308,-0.131839154382863
COHFACE_s39_session2_natural,25,157,30.233333333333334,0.3762343227863312,0.28198160919801
COHFACE_s39_session2_natural,25,158,30.266666666666666,0.33160439133644104,0.7400818456968389
COHFACE_s39_session2_natural,25,159,30.3,0.35235804319381714,1.193816177134196
COHFACE_s39_session2_natural,25,160,30.333333333333332,0.3125642240047455,1.5876339865288782
COHFACE_s39_session2_natural,25,161,30.366666666666667,0.165575310587883,1.8675521919143607
COHFACE_s39_session2_natural,25,162,30.4,-0.05642136186361313,1.9899453774652998
COHFACE_s39_session2_natural,25,163,30.433333333333334,-0.2912929654121399,1.9297297835319656
COHFACE_s39_session2_natural,25,164,30.466666666666665,-0.5027526617050171,1.6868824466776495
COHFACE_s39_session2_natural,25,165,30.5,-0.6591416001319885,1.2893363930729873
COHFACE_s39_session2_natural,25,166,30.533333333333335,-0.770388126373291,0.7897504527844179
COHFACE_s39_session2_natural,25,167,30.566666666666666,-0.8549079298973083,0.255236447137647
COHFACE_s39_session2_natural,25,168,30.6,-0.9036694169044495,-0.24708629530685655
COHFACE_s39_session2_natural,25,169,30.633333333333333,-0.9454168677330017,-0.6631350072592066
COHFACE_s39_session2_natural,25,170,30.666666666666668,-0.9911837577819824,-0.9591135928528624
COHFACE_s39_session2_natural,25,171,30.7,-1.046590805053711,-1.1222459571628534
COHFACE_s39_session2_natural,25,172,30.733333333333334,-1.102046012878418,-1.1573216556786206
COHFACE_s39_session2_natural,25,173,30.766666666666666,-1.1482292413711548,-1.0821209392564592
COHFACE_s39_session2_natural,25,174,30.8,-1.2015224695205688,-0.9233743597615383
COHFACE_s39_session2_natural,25,175,30.833333333333332,-1.2430778741836548,-0.7130863157074357
COHFACE_s39_session2_natural,25,176,30.866666666666667,-0.9090339541435242,-0.4844972904317497
COHFACE_s39_session2_natural,25,177,30.9,0.20520898699760437,-0.2677649328024536
COHFACE_s39_session2_natural,25,178,30.933333333333334,1.3941073417663574,-0.0865423267706664
COHFACE_s39_session2_natural,25,179,30.966666666666665,1.8526570796966553,0.04328943330759932
COHFACE_s39_session2_natural,25,180,31.0,1.6922167539596558,0.11283040964083042
COHFACE_s39_session2_natural,25,181,31.033333333333335,1.3837946653366089,0.1189269836420979
COHFACE_s39_session2_natural,25,182,31.066666666666666,1.1694844961166382,0.06423241180741136
COHFACE_s39_session2_natural,25,183,31.1,1.0031191110610962,-0.04128989829571692
COHFACE_s39_session2_natural,25,184,31.133333333333333,0.7817469835281372,-0.17941023900412878
COHFACE_s39_session2_natural,25,185,31.166666666666668,0.6092163324356079,-0.3255736442917353
COHFACE_s39_session2_natural,25,186,31.2,0.5423114895820618,-0.4537523752650011
COHFACE_s39_session2_natural,25,187,31.233333333333334,0.4809313118457794,-0.5416770371738792
COHFACE_s39_session2_natural,25,188,31.266666666666666,0.3353515863418579,-0.573822232384152
COHFACE_s39_session2_natural,25,189,31.3,0.12065713107585907,-0.5414393044193571
COHFACE_s39_session2_natural,25,190,31.333333333333332,-0.11315757781267166,-0.44090266454603805
COHFACE_s39_session2_natural,25,191,31.366666666666667,-0.3275637924671173,-0.2724030645199938
COHFACE_s39_session2_natural,25,192,31.4,-0.4911908507347107,-0.040365615921441673
COHFACE_s39_session2_natural,25,193,31.433333333333334,-0.6074496507644653,0.24433819335035695
COHFACE_s39_session2_natural,25,194,31.466666666666665,-0.691761314868927,0.5614268147958758
COHFACE_s39_session2_natural,25,195,31.5,-0.758345901966095,0.8793935694016974
COHFACE_s39_session2_natural,25,196,31.533333333333335,-0.8187652230262756,1.1571732457505126
COHFACE_s39_session2_natural,25,197,31.566666666666666,-0.8853978514671326,1.3505282701093448
COHFACE_s39_session2_natural,25,198,31.6,-0.9387391805648804,1.421668703671607
COHFACE_s39_session2_natural,25,199,31.633333333333333,-0.9926890730857849,1.3487388316475684
COHFACE_s39_session2_natural,25,200,31.666666666666668,-1.0445090532302856,1.1324865146484404
COHFACE_s39_session2_natural,25,201,31.7,-1.1119744777679443,0.7986366613840254
COHFACE_s39_session2_natural,25,202,31.733333333333334,-1.0922616720199585,0.39440805473725526
COHFACE_s39_session2_natural,25,203,31.766666666666666,-0.47404026985168457,-0.0215236395672561
COHFACE_s39_session2_natural,25,204,31.8,0.7739643454551697,-0.39282267348285443
COHFACE_s39_session2_natural,25,205,31.833333333333332,1.718719244003296,-0.6774120325517808
COHFACE_s39_session2_natural,25,206,31.866666666666667,1.8689908981323242,-0.853123455026195
COHFACE_s39_session2_natural,25,207,31.9,1.6000263690948486,-0.9166781855910017
COHFACE_s39_session2_natural,25,208,31.933333333333334,1.3518314361572266,-0.8789154302299759
COHFACE_s39_session2_natural,25,209,31.966666666666665,1.210687518119812,-0.7598587206668427
COHFACE_s39_session2_natural,25,210,32.0,1.0174833536148071,-0.585373976019031
COHFACE_s39_session2_natural,25,211,32.03333333333333,0.7802096605300903,-0.38489622941341695
COHFACE_s39_session2_natural,25,212,32.06666666666667,0.6324200630187988,-0.18896199195619845
COHFACE_s39_session2_natural,25,213,32.1,0.5519196391105652,-0.026042238839240187
COHFACE_s39_session2_natural,25,214,32.13333333333333,0.440849244594574,0.08078107628671205
COHFACE_s39_session2_natural,25,215,32.166666666666664,0.26051998138427734,0.11648357492422086
COHFACE_s39_session2_natural,25,216,32.2,0.029043272137641907,0.07597018459001673
COHFACE_s39_session2_natural,25,217,32.233333333333334,-0.1954355090856552,-0.0345099389064444
COHFACE_s39_session2_natural,25,218,32.266666666666666,-0.3876308500766754,-0.19665985110037107
COHFACE_s39_session2_natural,25,219,32.3,-0.5333706736564636,-0.3813072508176549
COHFACE_s39_session2_natural,25,220,32.333333333333336,-0.6297566294670105,-0.5526308160675858
COHFACE_s39_session2_natural,25,221,32.36666666666667,-0.7108014822006226,-0.6754775785227146
COHFACE_s39_session2_natural,25,222,32.4,-0.7784269452095032,-0.7240644772756623
COHFACE_s39_session2_natural,25,223,32.43333333333333,-0.8366524577140808,-0.6889167615109195
COHFACE_s39_session2_natural,25,224,32.46666666666667,-0.9014915227890015,-0.5787216781674084
COHFACE_s39_session2_natural,25,225,32.5,-0.9651616811752319,-0.41551641233736974
COHFACE_s39_session2_natural,25,226,32.53333333333333,-1.018679141998291,-0.22487569356978976
COHFACE_s39_session2_natural,25,227,32.56666666666667,-1.0640137195587158,-0.02565475531458203
COHFACE_s39_session2_natural,25,228,32.6,-1.1164422035217285,0.17557949937567183
COHFACE_s39_session2_natural,25,229,32.63333333333333,-1.1720575094223022,0.3826305454679869
COHFACE_s39_session2_natural,25,230,32.666666666666664,-1.0132825374603271,0.6015624267483861
COHFACE_s39_session2_natural,25,231,32.7,-0.13184545934200287,0.8308550925270616
COHFACE_s39_session2_natural,25,232,32.733333333333334,1.1454800367355347,1.0545954750618665
COHFACE_s39_session2_natural,25,233,32.766666666666666,1.8205337524414062,1.2418003474224162
COHFACE_s39_session2_natural,25,234,32.8,1.741362452507019,1.3528288026785973
COHFACE_s39_session2_natural,25,235,32.833333333333336,1.4152613878250122,1.3511907487943393
COHFACE_s39_session2_natural,25,236,32.86666666666667,1.1906545162200928,1.2161454399576128
COHFACE_s39_session2_natural,25,237,32.9,1.0252659320831299,0.9506376617289491
COHFACE_s39_session2_natural,25,238,32.93333333333333,0.8028368949890137,0.5817866276283876
COHFACE_s39_session2_natural,25,239,32.96666666666667,0.6247335076332092,0.1551695911203521
COHFACE_s39_session2_natural,26,0,26.0,1.6583479642868042,0.1898653879918808
COHFACE_s39_session2_natural,26,1,26.033333333333335,2.1960527896881104,0.12577914291365014
COHFACE_s39_session2_natural,26,2,26.066666666666666,2.0276217460632324,0.071750852295464
COHFACE_s39_session2_natural,26,3,26.1,1.7181587219238281,0.03810329576151245
COHFACE_s39_session2_natural,26,4,26.133333333333333,1.5403276681900024,0.03103771479689582
COHFACE_s39_session2_natural,26,5,26.166666666666668,1.409096121788025,0.0523423134460555
COHFACE_s39_session2_natural,26,6,26.2,1.1607410907745361,0.09931172477418578
COHFACE_s39_session2_natural,26,7,26.233333333333334,0.899767279624939,0.1638088133813021
COHFACE_s39_session2_natural,26,8,26.266666666666666,0.7542676329612732,0.23153788391639418
COHFACE_s39_session2_natural,26,9,26.3,0.6622694134712219,0.28394977910268426
COHFACE_s39_session2_natural,26,10,26.333333333333332,0.5132948160171509,0.3032046101947348
COHFACE_s39_session2_natural,26,11,26.366666666666667,0.27794280648231506,0.27763508012085203
COHFACE_s39_session2_natural,26,12,26.4,0.01491926796734333,0.2045634745624313
COHFACE_s39_session2_natural,26,13,26.433333333333334,-0.2178705632686615,0.08919776969109824
COHFACE_s39_session2_natural,26,14,26.466666666666665,-0.4131084978580475,-0.05921826489695863
COHFACE_s39_session2_natural,26,15,26.5,-0.5517703294754028,-0.23151465647382974
COHFACE_s39_session2_natural,26,16,26.533333333333335,-0.6494213342666626,-0.4209090655967147
COHFACE_s39_session2_natural,26,17,26.566666666666666,-0.7363432049751282,-0.6226621583298487
COHFACE_s39_session2_natural,26,18,26.6,-0.8048974275588989,-0.8310935041588231
COHFACE_s39_session2_natural,26,19,26.633333333333333,-0.8747968673706055,-1.0348356464863218
COHFACE_s39_session2_natural,26,20,26.666666666666668,-0.9502689838409424,-1.2124171852346746
COHFACE_s39_session2_natural,26,21,26.7,-1.03035306930542,-1.3309845170183985
COHFACE_s39_session2_natural,26,22,26.733333333333334,-1.100925087928772,-1.350239515969658
COHFACE_s39_session2_natural,26,23,26.766666666666666,-1.1612002849578857,-1.2316586055435752
COHFACE_s39_session2_natural,26,24,26.8,-1.2029637098312378,-0.9507297689641482
COHFACE_s39_session2_natural,26,25,26.833333333333332,-1.2479619979858398,-0.5084342755320249
COHFACE_s39_session2_natural,26,26,26.866666666666667,-1.2953141927719116,0.06186072488604646
COHFACE_s39_session2_natural,26,27,26.9,-1.1707763671875,0.694928778436319
COHFACE_s39_session2_natural,26,28,26.933333333333334,-0.28760984539985657,1.3029179395634567
COHFACE_s39_session2_natural,26,29,26.966666666666665,1.1675148010253906,1.7923479996177176
COHFACE_s39_session2_natural,26,30,27.0,2.07702374458313,2.085108853443809
COHFACE_s39_session2_natural,26,31,27.033333333333335,2.096928596496582,2.1375245693646385
COHFACE_s39_session2_natural,26,32,27.066666666666666,1.772364854812622,1.9513674479331162
COHFACE_s39_session2_natural,26,33,27.1,1.5250346660614014,1.5728205779521336
COHFACE_s39_session2_natural,26,34,27.133333333333333,1.4028507471084595,1.0792115808980771
COHFACE_s39_session2_natural,26,35,27.166666666666668,1.2053229808807373,0.5577656638791006
COHFACE_s39_session2_natural,26,36,27.2,0.9260135889053345,0.08395052928837124
COHFACE_s39_session2_natural,26,37,27.233333333333334,0.7257953882217407,-0.2929039737157794
COHFACE_s39_session2_natural,26,38,27.266666666666666,0.6164544820785522,-0.5528484251226274
COHFACE_s39_session2_natural,26,39,27.3,0.4921088218688965,-0.6991884399195033
COHFACE_s39_session2_natural,26,40,27.333333333333332,0.28590157628059387,-0.7488414067439165
COHFACE_s39_session2_natural,26,41,27.366666666666667,0.02483169175684452,-0.724978407791676
COHFACE_s39_session2_natural,26,42,27.4,-0.23109780251979828,-0.653764475889614
COHFACE_s39_session2_natural,26,43,27.433333333333334,-0.4379456043243408,-0.5629780023166444
COHFACE_s39_session2_natural,26,44,27.466666666666665,-0.5870643258094788,-0.47970457294201907
COHFACE_s39_session2_natural,26,45,27.5,-0.7030989527702332,-0.4263448298492459
COHFACE_s39_session2_natural,26,46,27.533333333333335,-0.7945526838302612,-0.4162026039361985
COHFACE_s39_session2_natural,26,47,27.566666666666666,-0.8643239736557007,-0.4506149449400745
COHFACE_s39_session2_natural,26,48,27.6,-0.9355204701423645,-0.5189378818007953
COHFACE_s39_session2_natural,26,49,27.633333333333333,-1.0092791318893433,-0.6014226864311523
COHFACE_s39_session2_natural,26,50,27.666666666666668,-1.0843029022216797,-0.6739743319856016
COHFACE_s39_session2_natural,26,51,27.7,-1.163474202156067,-0.7134199608755664
COHFACE_s39_session2_natural,26,52,27.733333333333334,-1.2377773523330688,-0.7021420224230576
COHFACE_s39_session2_natural,26,53,27.766666666666666,-1.2982447147369385,-0.6312269437312626
COHFACE_s39_session2_natural,26,54,27.8,-1.3492480516433716,-0.5013777488249613
COHFACE_s39_session2_natural,26,55,27.833333333333332,-1.3932054042816162,-0.32126155945281737
COHFACE_s39_session2_natural,26,56,27.866666666666667,-1.4082422256469727,-0.10405396554763258
COHFACE_s39_session2_natural,26,57,27.9,-1.4183788299560547,0.13604867579893212
COHFACE_s39_session2_natural,26,58,27.933333333333334,-1.4356895685195923,0.3855989561286769
COHFACE_s39_session2_natural,26,59,27.966666666666665,-1.2416366338729858,0.6313837663082328
COHFACE_s39_session2_natural,26,60,28.0,-0.24046577513217926,0.8587340352564415
COHFACE_s39_session2_natural,26,61,28.033333333333335,1.2111037969589233,1.0507687866666378
COHFACE_s39_session2_natural,26,62,28.066666666666666,1.9942654371261597,1.190134680634141
COHFACE_s39_session2_natural,26,63,28.1,1.9034042358398438,1.2628211498128141
COHFACE_s39_session2_natural,26,64,28.133333333333333,1.5338101387023926,1.2615228157362879
COHFACE_s39_session2_natural,26,65,28.166666666666668,1.2787452936172485,1.1859956877038231
COHFACE_s39_session2_natural,26,66,28.2,1.1189454793930054,1.0405473927969444
COHFACE_s39_session2_natural,26,67,28.233333333333334,0.9000875353813171,0.8314029690223456
COHFACE_s39_session2_natural,26,68,28.266666666666666,0.6843681931495667,0.5664232081708626
COHFACE_s39_session2_natural,26,69,28.3,0.5691182613372803,0.25726167475153106
COHFACE_s39_session2_natural,26,70,28.333333333333332,0.48927441239356995,-0.07807899823047629
COHFACE_s39_session2_natural,26,71,28.366666666666667,0.354455828666687,-0.4146538159810405
COHFACE_s39_session2_natural,26,72,28.4,0.12964075803756714,-0.7228301307301669
COHFACE_s39_session2_natural,26,73,28.433333333333334,-0.13508020341396332,-0.9726041614811602
COHFACE_s39_session2_natural,26,74,28.466666666666665,-0.38551703095436096,-1.1387254627080248
COHFACE_s39_session2_natural,26,75,28.5,-0.5805948376655579,-1.2056215632173097
COHFACE_s39_session2_natural,26,76,28.533333333333335,-0.7282242774963379,-1.1710986220612094
COHFACE_s39_session2_natural,26,77,28.566666666666666,-0.8356755971908569,-1.0476307525284876
COHFACE_s39_session2_natural,26,78,28.6,-0.9189944267272949,-0.8603401555786071
COHFACE_s39_session2_natural,26,79,28.633333333333333,-0.9892141222953796,-0.6417407521733492
COHFACE_s39_session2_natural,26,80,28.666666666666668,-1.05731999874115,-0.4246747917847069
COHFACE_s39_session2_natural,26,81,28.7,-1.136283040046692,-0.2358479923027315
COHFACE_s39_session2_natural,26,82,28.733333333333334,-1.2112268209457397,-0.09220603542766845
COHFACE_s39_session2_natural,26,83,28.766666666666666,-1.2880921363830566,-0.0008675598556036317
COHFACE_s39_session2_natural,26,84,28.8,-1.3623151779174805,0.03880982414706327
COHFACE_s39_session2_natural,26,85,28.833333333333332,-1.417946457862854,0.03338855210258222
COHFACE_s39_session2_natural,26,86,28.866666666666667,-1.4572118520736694,-0.005161814069173905
COHFACE_s39_session2_natural,26,87,28.9,-1.484434962272644,-0.05956678807890578
COHFACE_s39_session2_natural,26,88,28.933333333333334,-1.5029947757720947,-0.10866545669640476
COHFACE_s39_session2_natural,26,89,28.966666666666665,-1.5381766557693481,-0.13100988243949793
COHFACE_s39_session2_natural,26,90,29.0,-1.3144184350967407,-0.10975854592409864
COHFACE_s39_session2_natural,26,91,29.033333333333335,-0.2999723553657532,-0.03661306271724254
COHFACE_s39_session2_natural,26,92,29.066666666666666,1.051896572113037,0.08734155538163617
COHFACE_s39_session2_natural,26,93,29.1,1.7129703760147095,0.25417638779401114
COHFACE_s39_session2_natural,26,94,29.133333333333333,1.5922597646713257,0.45274923514357807
COHFACE_s39_session2_natural,26,95,29.166666666666668,1.2157317399978638,0.67016528266123
COHFACE_s39_session2_natural,26,96,29.2,0.9117934703826904,0.8897840476937191
COHFACE_s39_session2_natural,26,97,29.233333333333334,0.6993729472160339,1.0878891520987646
COHFACE_s39_session2_natural,26,98,29.266666666666666,0.504086971282959,1.2331869976425631
COHFACE_s39_session2_natural,26,99,29.3,0.39453789591789246,1.2921176640771102
COHFACE_s39_session2_natural,26,100,29.333333333333332,0.37709906697273254,1.2389190881996102
COHFACE_s39_session2_natural,26,101,29.366666666666667,0.34585651755332947,1.0656289939432708
COHFACE_s39_session2_natural,26,102,29.4,0.21236707270145416,0.7867928372928904
COHFACE_s39_session2_natural,26,103,29.433333333333334,0.008001388981938362,0.4366837523765421
COHFACE_s39_session2_natural,26,104,29.466666666666665,-0.2324269413948059,0.061054046050198145
COHFACE_s39_session2_natural,26,105,29.5,-0.45688968896865845,-0.29240578173371307
COHFACE_s39_session2_natural,26,106,29.533333333333335,-0.6322387456893921,-0.5820425780793896
COHFACE_s39_session2_natural,26,107,29.566666666666666,-0.7627816796302795,-0.7781575239302155
COHFACE_s39_session2_natural,26,108,29.6,-0.846500813961029,-0.867017889102806
COHFACE_s39_session2_natural,26,109,29.633333333333333,-0.9001464247703552,-0.8525062692198804
COHFACE_s39_session2_natural,26,110,29.666666666666668,-0.9502689838409424,-0.7547794373690864
COHFACE_s39_session2_natural,26,111,29.7,-0.9887016415596008,-0.6059935792133027
COHFACE_s39_session2_natural,26,112,29.733333333333334,-1.0394487380981445,-0.44413431145446375
COHFACE_s39_session2_natural,26,113,29.766666666666666,-1.1037113666534424,-0.3064698633615559
COHFACE_s39_session2_natural,26,114,29.8,-1.1638104915618896,-0.22375257396721823
COHFACE_s39_session2_natural,26,115,29.833333333333332,-1.2089688777923584,-0.21558152636677544
COHFACE_s39_session2_natural,26,116,29.866666666666667,-1.2545915842056274,-0.28709251209555325
COHFACE_s39_session2_natural,26,117,29.9,-1.2976042032241821,-0.42759884792227143
COHFACE_s39_session2_natural,26,118,29.933333333333334,-1.3272453546524048,-0.6123478370380058
COHFACE_s39_session2_natural,26,119,29.966666666666665,-1.0536367893218994,-0.8077778152216152
COHFACE_s39_session2_natural,26,120,30.0,-0.030046945437788963,-0.9783577124732217
COHFACE_s39_session2_natural,26,121,30.033333333333335,1.1722067594528198,-1.0917579035583647
COHFACE_s39_session2_natural,26,122,30.066666666666666,1.6558657884597778,-1.1207266569703314
COHFACE_s39_session2_natural,26,123,30.1,1.4470643997192383,-1.0430738202909509
COHFACE_s39_session2_natural,26,124,30.133333333333333,1.05826997756958,-0.8427865928810773
COHFACE_s39_session2_natural,26,125,30.166666666666668,0.757021963596344,-0.5142718220604279
COHFACE_s39_session2_natural,26,126,30.2,0.5365465879440308,-0.06874580860961124
COHFACE_s39_session2_natural,26,127,30.233333333333334,0.3762343227863312,0.46080328050512653
COHFACE_s39_session2_natural,26,128,30.266666666666666,0.33160439133644104,1.0198466816991942
COHFACE_s39_session2_natural,26,129,30.3,0.35235804319381714,1.5393523052510465
COHFACE_s39_session2_natural,26,130,30.333333333333332,0.3125642240047455,1.9481944219502336
COHFACE_s39_session2_natural,26,131,30.366666666666667,0.165575310587883,2.187239513468549
COHFACE_s39_session2_natural,26,132,30.4,-0.05642136186361313,2.221012470466338
COHFACE_s39_session2_natural,26,133,30.433333333333334,-0.2912929654121399,2.044204414850224
COHFACE_s39_session2_natural,26,134,30.466666666666665,-0.5027526617050171,1.6823221253101566
COHFACE_s39_session2_natural,26,135,30.5,-0.6591416001319885,1.1869843088511844
COHFACE_s39_session2_natural,26,136,30.533333333333335,-0.770388126373291,0.6263641674972323
COHFACE_s39_session2_natural,26,137,30.566666666666666,-0.8549079298973083,0.07187615237022486
COHFACE_s39_session2_natural,26,138,30.6,-0.9036694169044495,-0.4155911613436793
COHFACE_s39_session2_natural,26,139,30.633333333333333,-0.9454168677330017,-0.795231220959545
COHFACE_s39_session2_natural,26,140,30.666666666666668,-0.9911837577819824,-1.0488160542487899
COHFACE_s39_session2_natural,26,141,30.7,-1.046590805053711,-1.1769056870084909
COHFACE_s39_session2_natural,26,142,30.733333333333334,-1.102046012878418,-1.192169789226212
COHFACE_s39_session2_natural,26,143,30.766666666666666,-1.1482292413711548,-1.1134719259235877
COHFACE_s39_session2_natural,26,144,30.8,-1.2015224695205688,-0.96253919989279
COHFACE_s39_session2_natural,26,145,30.833333333333332,-1.2430778741836548,-0.7627416904186171
COHFACE_s39_session2_natural,26,146,30.866666666666667,-0.9090339541435242,-0.5383988323251083
COHFACE_s39_session2_natural,26,147,30.9,0.20520898699760437,-0.31360247042775763
COHFACE_s39_session2_natural,26,148,30.933333333333334,1.3941073417663574,-0.11096105672786771
COHFACE_s39_session2_natural,26,149,30.966666666666665,1.8526570796966553,0.04886687627101904
COHFACE_s39_session2_natural,26,150,31.0,1.6922167539596558,0.14726956971344896
COHFACE_s39_session2_natural,26,151,31.033333333333335,1.3837946653366089,0.16915260888555633
COHFACE_s39_session2_natural,26,152,31.066666666666666,1.1694844961166382,0.10693139583964997
COHFACE_s39_session2_natural,26,153,31.1,1.0031191110610962,-0.034114696164185596
COHFACE_s39_session2_natural,26,154,31.133333333333333,0.7817469835281372,-0.2324833857734594
COHFACE_s39_session2_natural,26,155,31.166666666666668,0.6092163324356079,-0.4523026436044741
COHFACE_s39_session2_natural,26,156,31.2,0.5423114895820618,-0.6505547076555697
COHFACE_s39_session2_natural,26,157,31.233333333333334,0.4809313118457794,-0.7863442060246376
COHFACE_s39_session2_natural,26,158,31.266666666666666,0.3353515863418579,-0.8279370545645159
COHFACE_s39_session2_natural,26,159,31.3,0.12065713107585907,-0.7555262875177775
COHFACE_s39_session2_natural,26,160,31.333333333333332,-0.11315757781267166,-0.5613223689162181
COHFACE_s39_session2_natural,26,161,31.366666666666667,-0.3275637924671173,-0.2503057730808131
COHFACE_s39_session2_natural,26,162,31.4,-0.4911908507347107,0.1569529692234963
COHFACE_s39_session2_natural,26,163,31.433333333333334,-0.6074496507644653,0.6213620203346624
COHFACE_s39_session2_natural,26,164,31.466666666666665,-0.691761314868927,1.0858188544697671
COHFACE_s39_session2_natural,26,165,31.5,-0.758345901966095,1.481821596204554
COHFACE_s39_session2_natural,26,166,31.533333333333335,-0.8187652230262756,1.742282915002022
COHFACE_s39_session2_natural,26,167,31.566666666666666,-0.8853978514671326,1.8173466158251055
COHFACE_s39_session2_natural,26,168,31.6,-0.9387391805648804,1.6874697194139496
COHFACE_s39_session2_natural,26,169,31.633333333333333,-0.9926890730857849,1.3686219304361906
COHFACE_s39_session2_natural,26,170,31.666666666666668,-1.0445090532302856,0.908507749769526
COHFACE_s39_session2_natural,26,171,31.7,-1.1119744777679443,0.37639227556866367
COHFACE_s39_session2_natural,26,172,31.733333333333334,-1.0922616720199585,-0.15060150359191815
COHFACE_s39_session2_natural,26,173,31.766666666666666,-0.47404026985168457,-0.6025367030453876
COHFACE_s39_session2_natural,26,174,31.8,0.7739643454551697,-0.9297629988478326
COHFACE_s39_session2_natural,26,175,31.833333333333332,1.718719244003296,-1.1100097183537703
COHFACE_s39_session2_natural,26,176,31.866666666666667,1.8689908981323242,-1.1475832005206918
COHFACE_s39_session2_natural,26,177,31.9,1.6000263690948486,-1.0664445966428504
COHFACE_s39_session2_natural,26,178,31.933333333333334,1.3518314361572266,-0.9011387051061566
COHFACE_s39_session2_natural,26,179,31.966666666666665,1.210687518119812,-0.6890512239886525
COHFACE_s39_session2_natural,26,180,32.0,1.0174833536148071,-0.4651009698973593
COHFACE_s39_session2_natural,26,181,32.03333333333333,0.7802096605300903,-0.2580689048978854
COHFACE_s39_session2_natural,26,182,32.06666666666667,0.6324200630187988,-0.0879391183864462
COHFACE_s39_session2_natural,26,183,32.1,0.5519196391105652,0.03516033377509559
COHFACE_s39_session2_natural,26,184,32.13333333333333,0.440849244594574,0.1094780020232998
COHFACE_s39_session2_natural,26,185,32.166666666666664,0.26051998138427734,0.13782070870404528
COHFACE_s39_session2_natural,26,186,32.2,0.029043272137641907,0.12342597189011842
COHFACE_s39_session2_natural,26,187,32.233333333333334,-0.1954355090856552,0.06829992759296022
COHFACE_s39_session2_natural,26,188,32.266666666666666,-0.3876308500766754,-0.024651877246023454
COHFACE_s39_session2_natural,26,189,32.3,-0.5333706736564636,-0.1470376096183546
COHFACE_s39_session2_natural,26,190,32.333333333333336,-0.6297566294670105,-0.28124443366424173
COHFACE_s39_session2_natural,26,191,32.36666666666667,-0.7108014822006226,-0.40081225833701756
COHFACE_s39_session2_natural,26,192,32.4,-0.7784269452095032,-0.47596671191597184
COHFACE_s39_session2_natural,26,193,32.43333333333333,-0.8366524577140808,-0.48228159125959885
COHFACE_s39_session2_natural,26,194,32.46666666666667,-0.9014915227890015,-0.4083342488719058
COHFACE_s39_session2_natural,26,195,32.5,-0.9651616811752319,-0.2584563197585604
COHFACE_s39_session2_natural,26,196,32.53333333333333,-1.018679141998291,-0.049361388990196785
COHFACE_s39_session2_natural,26,197,32.56666666666667,-1.0640137195587158,0.19701731284817994
COHFACE_s39_session2_natural,26,198,32.6,-1.1164422035217285,0.45993690260834474
COHFACE_s39_session2_natural,26,199,32.63333333333333,-1.1720575094223022,0.7216917744588469
COHFACE_s39_session2_natural,26,200,32.666666666666664,-1.0132825374603271,0.9645197975208508
COHFACE_s39_session2_natural,26,201,32.7,-0.13184545934200287,1.1656769494410497
COHFACE_s39_session2_natural,26,202,32.733333333333334,1.1454800367355347,1.294854965293693
COHFACE_s39_session2_natural,26,203,32.766666666666666,1.8205337524414062,1.3169398412137183
COHFACE_s39_session2_natural,26,204,32.8,1.741362452507019,1.2008945725201938
COHFACE_s39_session2_natural,26,205,32.833333333333336,1.4152613878250122,0.9326030995295829
COHFACE_s39_session2_natural,26,206,32.86666666666667,1.1906545162200928,0.5264678006564527
COHFACE_s39_session2_natural,26,207,32.9,1.0252659320831299,0.029501752792817863
COHFACE_s39_session2_natural,26,208,32.93333333333333,0.8028368949890137,-0.4858170070489444
COHFACE_s39_session2_natural,26,209,32.96666666666667,0.6247335076332092,-0.9384107385221336
COHFACE_s39_session2_natural,26,210,33.0,0.5457223653793335,-1.2585498829694954
COHFACE_s39_session2_natural,26,211,33.03333333333333,0.4814757704734802,-1.402929460131869
COHFACE_s39_session2_natural,26,212,33.06666666666667,0.34585651755332947,-1.3606508578908212
COHFACE_s39_session2_natural,26,213,33.1,0.1375194638967514,-1.1511181618682764
COHFACE_s39_session2_natural,26,214,33.13333333333333,-0.0927562415599823,-0.8173942305478011
COHFACE_s39_session2_natural,26,215,33.166666666666664,-0.31540945172309875,-0.41786492982001716
COHFACE_s39_session2_natural,26,216,33.2,-0.47927671670913696,-0.01708848216080876
COHFACE_s39_session2_natural,26,217,33.233333333333334,-0.5862316489219666,0.3242264647099544
COHFACE_s39_session2_natural,26,218,33.266666666666666,-0.6751551628112793,0.5591289924779069
COHFACE_s39_session2_natural,26,219,33.3,-0.7477769255638123,0.6617603672699263
COHFACE_s39_session2_natural,26,220,33.333333333333336,-0.7978994846343994,0.629772721884411
COHFACE_s39_session2_natural,26,221,33.36666666666667,-0.8540912866592407,0.4814979385754894
COHFACE_s39_session2_natural,26,222,33.4,-0.9229817986488342,0.2500828878256874
COHFACE_s39_session2_natural,26,223,33.43333333333333,-0.9819919466972351,-0.022346268724379944
COHFACE_s39_session2_natural,26,224,33.46666666666667,-1.0428917407989502,-0.2892240063408609
COHFACE_s39_session2_natural,26,225,33.5,-1.0871853828430176,-0.5038963365033392
COHFACE_s39_session2_natural,26,226,33.53333333333333,-1.1292850971221924,-0.6253869091325459
COHFACE_s39_session2_natural,26,227,33.56666666666667,-1.1856369972229004,-0.625716887897487
COHFACE_s39_session2_natural,26,228,33.6,-1.1665968894958496,-0.49689807436022987
COHFACE_s39_session2_natural,26,229,33.63333333333333,-0.5991706252098083,-0.2545969702196575
COHFACE_s39_session2_natural,26,230,33.666666666666664,0.6396421790122986,0.06388611000844922
COHFACE_s39_session2_natural,26,231,33.7,1.6229898929595947,0.40738950571133026
COHFACE_s39_session2_natural,26,232,33.733333333333334,1.7800192832946777,0.7217372836228139
COHFACE_s39_session2_natural,26,233,33.766666666666666,1.4797321557998657,0.959721078567416
COHFACE_s39_session2_natural,26,234,33.8,1.177170991897583,1.0875101950858759
COHFACE_s39_session2_natural,26,235,33.833333333333336,0.9834544062614441,1.0872636840951426
COHFACE_s39_session2_natural,26,236,33.86666666666667,0.785622239112854,0.9574298116228972
COHFACE_s39_session2_natural,26,237,33.9,0.6021223068237305,0.7121416075688548
COHFACE_s39_session2_natural,26,238,33.93333333333333,0.517474353313446,0.3797346127316843
COHFACE_s39_session2_natural,26,239,33.96666666666667,0.48145976662635803,-0.00039073894121000106
COHFACE_s39_session2_natural,27,0,27.0,2.07702374458313,0.06276186157739246
COHFACE_s39_session2_natural,27,1,27.033333333333335,2.096928596496582,-0.2791696129708678
COHFACE_s39_session2_natural,27,2,27.066666666666666,1.772364854812622,-0.5861592444519595
COHFACE_s39_session2_natural,27,3,27.1,1.5250346660614014,-0.8267297631450167
COHFACE_s39_session2_natural,27,4,27.133333333333333,1.4028507471084595,-0.9795273169572671
COHFACE_s39_session2_natural,27,5,27.166666666666668,1.2053229808807373,-1.0374919126423725
COHFACE_s39_session2_natural,27,6,27.2,0.9260135889053345,-1.0086443600468304
COHFACE_s39_session2_natural,27,7,27.233333333333334,0.7257953882217407,-0.9122303070621502
COHFACE_s39_session2_natural,27,8,27.266666666666666,0.6164544820785522,-0.7714592276367437
COHFACE_s39_session2_natural,27,9,27.3,0.4921088218688965,-0.6062739980881969
COHFACE_s39_session2_natural,27,10,27.333333333333332,0.28590157628059387,-0.42985882564679095
COHFACE_s39_session2_natural,27,11,27.366666666666667,0.02483169175684452,-0.25039185184977564
COHFACE_s39_session2_natural,27,12,27.4,-0.23109780251979828,-0.07600031852244149
COHFACE_s39_session2_natural,27,13,27.433333333333334,-0.4379456043243408,0.08123697740778772
COHFACE_s39_session2_natural,27,14,27.466666666666665,-0.5870643258094788,0.20524647186675463
COHFACE_s39_session2_natural,27,15,27.5,-0.7030989527702332,0.27986205392604213
COHFACE_s39_session2_natural,27,16,27.533333333333335,-0.7945526838302612,0.29428194757998577
COHFACE_s39_session2_natural,27,17,27.566666666666666,-0.8643239736557007,0.24711331218892024
COHFACE_s39_session2_natural,27,18,27.6,-0.9355204701423645,0.1471511243014998
COHFACE_s39_session2_natural,27,19,27.633333333333333,-1.0092791318893433,0.011026212636836636
COHFACE_s39_session2_natural,27,20,27.666666666666668,-1.0843029022216797,-0.14048382711968027
COHFACE_s39_session2_natural,27,21,27.7,-1.163474202156067,-0.28552944544885744
COHFACE_s39_session2_natural,27,22,27.733333333333334,-1.2377773523330688,-0.4030937785253087
COHFACE_s39_session2_natural,27,23,27.766666666666666,-1.2982447147369385,-0.474395519974821
COHFACE_s39_session2_natural,27,24,27.8,-1.3492480516433716,-0.4842053670531857
COHFACE_s39_session2_natural,27,25,27.833333333333332,-1.3932054042816162,-0.4218601455571039
COHFACE_s39_session2_natural,27,26,27.866666666666667,-1.4082422256469727,-0.2820833765651707
COHFACE_s39_session2_natural,27,27,27.9,-1.4183788299560547,-0.06631547629252622
COHFACE_s39_session2_natural,27,28,27.933333333333334,-1.4356895685195923,0.21504925268665465
COHFACE_s39_session2_natural,27,29,27.966666666666665,-1.2416366338729858,0.5402179242147691
COHFACE_s39_session2_natural,27,30,28.0,-0.24046577513217926,0.8751103486442567
COHFACE_s39_session2_natural,27,31,28.033333333333335,1.2111037969589233,1.1761528229909928
COHFACE_s39_session2_natural,27,32,28.066666666666666,1.9942654371261597,1.39798046882218
COHFACE_s39_session2_natural,27,33,28.1,1.9034042358398438,1.5046364113794488
COHFACE_s39_session2_natural,27,34,28.133333333333333,1.5338101387023926,1.4795260847521383
COHFACE_s39_session2_natural,27,35,28.166666666666668,1.2787452936172485,1.3287356241707462
COHFACE_s39_session2_natural,27,36,28.2,1.1189454793930054,1.076138913010195
COHFACE_s39_session2_natural,27,37,28.233333333333334,0.9000875353813171,0.7538200447513554
COHFACE_s39_session2_natural,27,38,28.266666666666666,0.6843681931495667,0.3934628707856245
COHFACE_s39_session2_natural,27,39,28.3,0.5691182613372803,0.02246981291403858
COHFACE_s39_session2_natural,27,40,28.333333333333332,0.48927441239356995,-0.3354627781223172
COHFACE_s39_session2_natural,27,41,28.366666666666667,0.354455828666687,-0.6584119647415863
COHFACE_s39_session2_natural,27,42,28.4,0.12964075803756714,-0.9256489964546926
COHFACE_s39_session2_natural,27,43,28.433333333333334,-0.13508020341396332,-1.1191031472005473
COHFACE_s39_session2_natural,27,44,28.466666666666665,-0.38551703095436096,-1.226259228006627
COHFACE_s39_session2_natural,27,45,28.5,-0.5805948376655579,-1.2433825823258868
COHFACE_s39_session2_natural,27,46,28.533333333333335,-0.7282242774963379,-1.1775804146830118
COHFACE_s39_session2_natural,27,47,28.566666666666666,-0.8356755971908569,-1.0463008087234498
COHFACE_s39_session2_natural,27,48,28.6,-0.9189944267272949,-0.8738978164655414
COHFACE_s39_session2_natural,27,49,28.633333333333333,-0.9892141222953796,-0.6863318637147479
COHFACE_s39_session2_natural,27,50,28.666666666666668,-1.05731999874115,-0.5060195441752681
COHFACE_s39_session2_natural,27,51,28.7,-1.136283040046692,-0.3487476923191675
COHFACE_s39_session2_natural,27,52,28.733333333333334,-1.2112268209457397,-0.223436428475481
COHFACE_s39_session2_natural,27,53,28.766666666666666,-1.2880921363830566,-0.13396793755790182
COHFACE_s39_session2_natural,27,54,28.8,-1.3623151779174805,-0.0811861939595578
COHFACE_s39_session2_natural,27,55,28.833333333333332,-1.417946457862854,-0.06332325344524388
COHFACE_s39_session2_natural,27,56,28.866666666666667,-1.4572118520736694,-0.07456745647948976
COHFACE_s39_session2_natural,27,57,28.9,-1.484434962272644,-0.10314115939848907
COHFACE_s39_session2_natural,27,58,28.933333333333334,-1.5029947757720947,-0.13089210293769496
COHFACE_s39_session2_natural,27,59,28.966666666666665,-1.5381766557693481,-0.13582321690300753
COHFACE_s39_session2_natural,27,60,29.0,-1.3144184350967407,-0.09756543849654747
COHFACE_s39_session2_natural,27,61,29.033333333333335,-0.2999723553657532,-0.0038825514326941675
COHFACE_s39_session2_natural,27,62,29.066666666666666,1.051896572113037,0.14515532041281892
COHFACE_s39_session2_natural,27,63,29.1,1.7129703760147095,0.33774322296119597
COHFACE_s39_session2_natural,27,64,29.133333333333333,1.5922597646713257,0.5545303096640724
COHFACE_s39_session2_natural,27,65,29.166666666666668,1.2157317399978638,0.7727918807882415
COHFACE_s39_session2_natural,27,66,29.2,0.9117934703826904,0.9683792487721756
COHFACE_s39_session2_natural,27,67,29.233333333333334,0.6993729472160339,1.116516136211375
COHFACE_s39_session2_natural,27,68,29.266666666666666,0.504086971282959,1.194005195679985
COHFACE_s39_session2_natural,27,69,29.3,0.39453789591789246,1.1840378730851484
COHFACE_s39_session2_natural,27,70,29.333333333333332,0.37709906697273254,1.0818826394094037
COHFACE_s39_session2_natural,27,71,29.366666666666667,0.34585651755332947,0.897878575944741
COHFACE_s39_session2_natural,27,72,29.4,0.21236707270145416,0.6552273747604099
COHFACE_s39_session2_natural,27,73,29.433333333333334,0.008001388981938362,0.38334355903892486
COHFACE_s39_session2_natural,27,74,29.466666666666665,-0.2324269413948059,0.1105535129740999
COHFACE_s39_session2_natural,27,75,29.5,-0.45688968896865845,-0.13992158750471637
COHFACE_s39_session2_natural,27,76,29.533333333333335,-0.6322387456893921,-0.34997321168764717
COHFACE_s39_session2_natural,27,77,29.566666666666666,-0.7627816796302795,-0.5051709402710705
COHFACE_s39_session2_natural,27,78,29.6,-0.846500813961029,-0.5946938658340184
COHFACE_s39_session2_natural,27,79,29.633333333333333,-0.9001464247703552,-0.6134049100896876
COHFACE_s39_session2_natural,27,80,29.666666666666668,-0.9502689838409424,-0.5649377735931544
COHFACE_s39_session2_natural,27,81,29.7,-0.9887016415596008,-0.4639746317144592
COHFACE_s39_session2_natural,27,82,29.733333333333334,-1.0394487380981445,-0.33629447865969764
COHFACE_s39_session2_natural,27,83,29.766666666666666,-1.1037113666534424,-0.21593209550557982
COHFACE_s39_session2_natural,27,84,29.8,-1.1638104915618896,-0.13935829577085304
COHFACE_s39_session2_natural,27,85,29.833333333333332,-1.2089688777923584,-0.13727097067356211
COHFACE_s39_session2_natural,27,86,29.866666666666667,-1.2545915842056274,-0.22574858321840618
COHFACE_s39_session2_natural,27,87,29.9,-1.2976042032241821,-0.3997966865786184
COHFACE_s39_session2_natural,27,88,29.933333333333334,-1.3272453546524048,-0.6326224972919829
COHFACE_s39_session2_natural,27,89,29.966666666666665,-1.0536367893218994,-0.8818852978832291
COHFACE_s39_session2_natural,27,90,30.0,-0.030046945437788963,-1.1000982723746886
COHFACE_s39_session2_natural,27,91,30.033333333333335,1.1722067594528198,-1.2439765436156798
COHFACE_s39_session2_natural,27,92,30.066666666666666,1.6558657884597778,-1.2794841043037863
COHFACE_s39_session2_natural,27,93,30.1,1.4470643997192383,-1.183306774487747
COHFACE_s39_session2_natural,27,94,30.133333333333333,1.05826997756958,-0.9437215408884786
COHFACE_s39_session2_natural,27,95,30.166666666666668,0.757021963596344,-0.5632465760467202
COHFACE_s39_session2_natural,27,96,30.2,0.5365465879440308,-0.06301818237309698
COHFACE_s39_session2_natural,27,97,30.233333333333334,0.3762343227863312,0.5137683314390061
COHFACE_s39_session2_natural,27,98,30.266666666666666,0.33160439133644104,1.103105047550797
COHFACE_s39_session2_natural,27,99,30.3,0.35235804319381714,1.6284017115847818
COHFACE_s39_session2_natural,27,100,30.333333333333332,0.3125642240047455,2.014516746325268
COHFACE_s39_session2_natural,27,101,30.366666666666667,0.165575310587883,2.203289299009358
COHFACE_s39_session2_natural,27,102,30.4,-0.05642136186361313,2.1656488495173445
COHFACE_s39_session2_natural,27,103,30.433333333333334,-0.2912929654121399,1.9070811191579697
COHFACE_s39_session2_natural,27,104,30.466666666666665,-0.5027526617050171,1.4657517448177197
COHFACE_s39_session2_natural,27,105,30.5,-0.6591416001319885,0.9044906123422543
COHFACE_s39_session2_natural,27,106,30.533333333333335,-0.770388126373291,0.29860193796630224
COHFACE_s39_session2_natural,27,107,30.566666666666666,-0.8549079298973083,-0.27807597287587055
COHFACE_s39_session2_natural,27,108,30.6,-0.9036694169044495,-0.7656290713474706
COHFACE_s39_session2_natural,27,109,30.633333333333333,-0.9454168677330017,-1.1255823758651
COHFACE_s39_session2_natural,27,110,30.666666666666668,-0.9911837577819824,-1.3415040203755544
COHFACE_s39_session2_natural,27,111,30.7,-1.046590805053711,-1.4137543450422934
COHFACE_s39_session2_natural,27,112,30.733333333333334,-1.102046012878418,-1.3524301320612442
COHFACE_s39_session2_natural,27,113,30.766666666666666,-1.1482292413711548,-1.1731315164819403
COHFACE_s39_session2_natural,27,114,30.8,-1.2015224695205688,-0.8973849369345638
COHFACE_s39_session2_natural,27,115,30.833333333333332,-1.2430778741836548,-0.555639480400955
COHFACE_s39_session2_natural,27,116,30.866666666666667,-0.9090339541435242,-0.1887589587188452
COHFACE_s39_session2_natural,27,117,30.9,0.20520898699760437,0.15501329613296871
COHFACE_s39_session2_natural,27,118,30.933333333333334,1.3941073417663574,0.4275042719162388
COHFACE_s39_session2_natural,27,119,30.966666666666665,1.8526570796966553,0.5896151429126945
COHFACE_s39_session2_natural,27,120,31.0,1.6922167539596558,0.6186206921267954
COHFACE_s39_session2_natural,27,121,31.033333333333335,1.3837946653366089,0.5121339474087792
COHFACE_s39_session2_natural,27,122,31.066666666666666,1.1694844961166382,0.28899013508522337
COHFACE_s39_session2_natural,27,123,31.1,1.0031191110610962,-0.012388522545053236
COHFACE_s39_session2_natural,27,124,31.133333333333333,0.7817469835281372,-0.33892928910640024
COHFACE_s39_session2_natural,27,125,31.166666666666668,0.6092163324356079,-0.632185334809247
COHFACE_s39_session2_natural,27,126,31.2,0.5423114895820618,-0.8403960678715212
COHFACE_s39_session2_natural,27,127,31.233333333333334,0.4809313118457794,-0.9289239159144131
COHFACE_s39_session2_natural,27,128,31.266666666666666,0.3353515863418579,-0.8848386707269916
COHFACE_s39_session2_natural,27,129,31.3,0.12065713107585907,-0.714591814776221
COHFACE_s39_session2_natural,27,130,31.333333333333332,-0.11315757781267166,-0.4375516510594599
COHFACE_s39_session2_natural,27,131,31.366666666666667,-0.3275637924671173,-0.07993600981110836
COHFACE_s39_session2_natural,27,132,31.4,-0.4911908507347107,0.32784106570681104
COHFACE_s39_session2_natural,27,133,31.433333333333334,-0.6074496507644653,0.7506162816562459
COHFACE_s39_session2_natural,27,134,31.466666666666665,-0.691761314868927,1.147361047308113
COHFACE_s39_session2_natural,27,135,31.5,-0.758345901966095,1.4725812577359785
COHFACE_s39_session2_natural,27,136,31.533333333333335,-0.8187652230262756,1.6817846579556002
COHFACE_s39_session2_natural,27,137,31.566666666666666,-0.8853978514671326,1.739888921330531
COHFACE_s39_session2_natural,27,138,31.6,-0.9387391805648804,1.6291915916184936
COHFACE_s39_session2_natural,27,139,31.633333333333333,-0.9926890730857849,1.3537537826042825
COHFACE_s39_session2_natural,27,140,31.666666666666668,-1.0445090532302856,0.9398276218965675
COHFACE_s39_session2_natural,27,141,31.7,-1.1119744777679443,0.4336695062254298
COHFACE_s39_session2_natural,27,142,31.733333333333334,-1.0922616720199585,-0.10347039937162146
COHFACE_s39_session2_natural,27,143,31.766666666666666,-0.47404026985168457,-0.6045390064858474
COHFACE_s39_session2_natural,27,144,31.8,0.7739643454551697,-1.008879804738203
COHFACE_s39_session2_natural,27,145,31.833333333333332,1.718719244003296,-1.2732870994406702
COHFACE_s39_session2_natural,27,146,31.866666666666667,1.8689908981323242,-1.3783466585532693
COHFACE_s39_session2_natural,27,147,31.9,1.6000263690948486,-1.3293928399341397
COHFACE_s39_session2_natural,27,148,31.933333333333334,1.3518314361572266,-1.153464292578545
COHFACE_s39_session2_natural,27,149,31.966666666666665,1.210687518119812,-0.8939077565427908
COHFACE_s39_session2_natural,27,150,32.0,1.0174833536148071,-0.6034445097186691
COHFACE_s39_session2_natural,27,151,32.03333333333333,0.7802096605300903,-0.3356089748574225
COHFACE_s39_session2_natural,27,152,32.06666666666667,0.6324200630187988,-0.13456365700576442
COHFACE_s39_session2_natural,27,153,32.1,0.5519196391105652,-0.025176022927273133
COHFACE_s39_session2_natural,27,154,32.13333333333333,0.440849244594574,-0.007809528805190254
COHFACE_s39_session2_natural,27,155,32.166666666666664,0.26051998138427734,-0.06175629477209467
COHFACE_s39_session2_natural,27,156,32.2,0.029043272137641907,-0.1560684271509332
COHFACE_s39_session2_natural,27,157,32.233333333333334,-0.1954355090856552,-0.2614555729976723
COHFACE_s39_session2_natural,27,158,32.266666666666666,-0.3876308500766754,-0.3569526476138578
COHFACE_s39_session2_natural,27,159,32.3,-0.5333706736564636,-0.429440113090872
COHFACE_s39_session2_natural,27,160,32.333333333333336,-0.6297566294670105,-0.46891666937923465
COHFACE_s39_session2_natural,27,161,32.36666666666667,-0.7108014822006226,-0.4645437569096179
COHFACE_s39_session2_natural,27,162,32.4,-0.7784269452095032,-0.40488629923731884
COHFACE_s39_session2_natural,27,163,32.43333333333333,-0.8366524577140808,-0.282088521647736
COHFACE_s39_session2_natural,27,164,32.46666666666667,-0.9014915227890015,-0.09668997225814174
COHFACE_s39_session2_natural,27,165,32.5,-0.9651616811752319,0.14061823518447664
COHFACE_s39_session2_natural,27,166,32.53333333333333,-1.018679141998291,0.4116049905398746
COHFACE_s39_session2_natural,27,167,32.56666666666667,-1.0640137195587158,0.6956072939317169
COHFACE_s39_session2_natural,27,168,32.6,-1.1164422035217285,0.9736828013041792
COHFACE_s39_session2_natural,27,169,32.63333333333333,-1.1720575094223022,1.2292199995915465
COHFACE_s39_session2_natural,27,170,32.666666666666664,-1.0132825374603271,1.4449955866010382
COHFACE_s39_session2_natural,27,171,32.7,-0.13184545934200287,1.599165157841772
COHFACE_s39_session2_natural,27,172,32.733333333333334,1.1454800367355347,1.6635600883098811
COHFACE_s39_session2_natural,27,173,32.766666666666666,1.8205337524414062,1.6068581127296047
COHFACE_s39_session2_natural,27,174,32.8,1.741362452507019,1.4032856255063921
COHFACE_s39_session2_natural,27,175,32.833333333333336,1.4152613878250122,1.0448110977259546
COHFACE_s39_session2_natural,27,176,32.86666666666667,1.1906545162200928,0.5520254504370136
COHFACE_s39_session2_natural,27,177,32.9,1.0252659320831299,-0.022241692256261113
COHFACE_s39_session2_natural,27,178,32.93333333333333,0.8028368949890137,-0.6005900178585528
COHFACE_s39_session2_natural,27,179,32.96666666666667,0.6247335076332092,-1.09902207674098
COHFACE_s39_session2_natural,27,180,33.0,0.5457223653793335,-1.4484301531021513
COHFACE_s39_session2_natural,27,181,33.03333333333333,0.4814757704734802,-1.6105893497373307
COHFACE_s39_session2_natural,27,182,33.06666666666667,0.34585651755332947,-1.5833027012773395
COHFACE_s39_session2_natural,27,183,33.1,0.1375194638967514,-1.3954181361050924
COHFACE_s39_session2_natural,27,184,33.13333333333333,-0.0927562415599823,-1.0961767662639677
COHFACE_s39_session2_natural,27,185,33.166666666666664,-0.31540945172309875,-0.7435175335956029
COHFACE_s39_session2_natural,27,186,33.2,-0.47927671670913696,-0.39396034576414374
COHFACE_s39_session2_natural,27,187,33.233333333333334,-0.5862316489219666,-0.09468512397616317
COHFACE_s39_session2_natural,27,188,33.266666666666666,-0.6751551628112793,0.12211320139110966
COHFACE_s39_session2_natural,27,189,33.3,-0.7477769255638123,0.24188636393854598
COHFACE_s39_session2_natural,27,190,33.333333333333336,-0.7978994846343994,0.26634598916059204
COHFACE_s39_session2_natural,27,191,33.36666666666667,-0.8540912866592407,0.20831812166619126
COHFACE_s39_session2_natural,27,192,33.4,-0.9229817986488342,0.08583911104621286
COHFACE_s39_session2_natural,27,193,33.43333333333333,-0.9819919466972351,-0.08063568689918066
COHFACE_s39_session2_natural,27,194,33.46666666666667,-1.0428917407989502,-0.2669815464215934
COHFACE_s39_session2_natural,27,195,33.5,-1.0871853828430176,-0.44308258047172694
COHFACE_s39_session2_natural,27,196,33.53333333333333,-1.1292850971221924,-0.573495416357057
COHFACE_s39_session2_natural,27,197,33.56666666666667,-1.1856369972229004,-0.6230497876662884
COHFACE_s39_session2_natural,27,198,33.6,-1.1665968894958496,-0.5659408236459853
COHFACE_s39_session2_natural,27,199,33.63333333333333,-0.5991706252098083,-0.3943894576820074
COHFACE_s39_session2_natural,27,200,33.666666666666664,0.6396421790122986,-0.12282812915775784
COHFACE_s39_session2_natural,27,201,33.7,1.6229898929595947,0.21429173801153426
COHFACE_s39_session2_natural,27,202,33.733333333333334,1.7800192832946777,0.5699281314812125
COHFACE_s39_session2_natural,27,203,33.766666666666666,1.4797321557998657,0.8939202188410683
COHFACE_s39_session2_natural,27,204,33.8,1.177170991897583,1.1414304398254935
COHFACE_s39_session2_natural,27,205,33.833333333333336,0.9834544062614441,1.279017515489319
COHFACE_s39_session2_natural,27,206,33.86666666666667,0.785622239112854,1.2887460368291852
COHFACE_s39_session2_natural,27,207,33.9,0.6021223068237305,1.1708996282634876
COHFACE_s39_session2_natural,27,208,33.93333333333333,0.517474353313446,0.9443991796496821
COHFACE_s39_session2_natural,27,209,33.96666666666667,0.48145976662635803,0.6433287441091856
COHFACE_s39_session2_natural,27,210,34.0,0.3746970295906067,0.3097337112870703
COHFACE_s39_session2_natural,27,211,34.03333333333333,0.1849517673254013,-0.014774934389660582
COHFACE_s39_session2_natural,27,212,34.06666666666667,-0.039062608033418655,-0.2956341666069547
COHFACE_s39_session2_natural,27,213,34.1,-0.26333320140838623,-0.5087157306782191
COHFACE_s39_session2_natural,27,214,34.13333333333333,-0.44105222821235657,-0.6410264948706734
COHFACE_s39_session2_natural,27,215,34.166666666666664,-0.558736264705658,-0.6901445643277363
COHFACE_s39_session2_natural,27,216,34.2,-0.642519474029541,-0.6631234958948365
COHFACE_s39_session2_natural,27,217,34.233333333333334,-0.7051486968994141,-0.5746143773097444
COHFACE_s39_session2_natural,27,218,34.266666666666666,-0.7564562559127808,-0.444022418538747
COHFACE_s39_session2_natural,27,219,34.3,-0.8014865517616272,-0.29235078883052645
COHFACE_s39_session2_natural,27,220,34.333333333333336,-0.8514650464057922,-0.13987706775200553
COHFACE_s39_session2_natural,27,221,34.36666666666667,-0.9036213755607605,-0.005163652071243175
COHFACE_s39_session2_natural,27,222,34.4,-0.952142596244812,0.09553087109322216
COHFACE_s39_session2_natural,27,223,34.43333333333333,-0.9993507266044617,0.1497718913729195
COHFACE_s39_session2_natural,27,224,34.46666666666667,-1.0596579313278198,0.1512447042173545
COHFACE_s39_session2_natural,27,225,34.5,-1.1215345859527588,0.10145874762961828
COHFACE_s39_session2_natural,27,226,34.53333333333333,-0.9680601358413696,0.010308840136115278
COHFACE_s39_session2_natural,27,227,34.56666666666667,-0.0872635692358017,-0.10411728048287722
COHFACE_s39_session2_natural,27,228,34.6,1.1457523107528687,-0.21692851053439
COHFACE_s39_session2_natural,27,229,34.63333333333333,1.7574561834335327,-0.30031681169134683
COHFACE_s39_session2_natural,27,230,34.666666666666664,1.6356886625289917,-0.33007373672686685
COHFACE_s39_session2_natural,27,231,34.7,1.2665269374847412,-0.2928436551732658
COHFACE_s39_session2_natural,27,232,34.733333333333334,0.9652469158172607,-0.19139888249367343
COHFACE_s39_session2_natural,27,233,34.766666666666666,0.7414887547492981,-0.04587533276756258
COHFACE_s39_session2_natural,27,234,34.8,0.5522559285163879,0.10978656574844112
COHFACE_s39_session2_natural,27,235,34.833333333333336,0.48142772912979126,0.2357885286723791
COHFACE_s39_session2_natural,27,236,34.86666666666667,0.5030621290206909,0.2975340815687549
COHFACE_s39_session2_natural,27,237,34.9,0.47923386096954346,0.27717151208046326
COHFACE_s39_session2_natural,27,238,34.93333333333333,0.33105993270874023,0.18123018677679403
COHFACE_s39_session2_natural,27,239,34.96666666666667,0.10816651582717896,0.040126510060765515
COHFACE_s39_session2_natural,28,0,28.0,-0.24046577513217926,0.09104604819552427
COHFACE_s39_session2_natural,28,1,28.033333333333335,1.2111037969589233,0.19227946140858487
COHFACE_s39_session2_natural,28,2,28.066666666666666,1.9942654371261597,0.26294689178567904
COHFACE_s39_session2_natural,28,3,28.1,1.9034042358398438,0.2859579915815657
COHFACE_s39_session2_natural,28,4,28.133333333333333,1.5338101387023926,0.26185374851883814
COHFACE_s39_session2_natural,28,5,28.166666666666668,1.2787452936172485,0.205598044044784
COHFACE_s39_session2_natural,28,6,28.2,1.1189454793930054,0.13600237238074372
COHFACE_s39_session2_natural,28,7,28.233333333333334,0.9000875353813171,0.06398091723196471
COHFACE_s39_session2_natural,28,8,28.266666666666666,0.6843681931495667,-0.01349678433526573
COHFACE_s39_session2_natural,28,9,28.3,0.5691182613372803,-0.11031229081639757
COHFACE_s39_session2_natural,28,10,28.333333333333332,0.48927441239356995,-0.24088424987655105
COHFACE_s39_session2_natural,28,11,28.366666666666667,0.354455828666687,-0.4085123166699472
COHFACE_s39_session2_natural,28,12,28.4,0.12964075803756714,-0.5985265237492182
COHFACE_s39_session2_natural,28,13,28.433333333333334,-0.13508020341396332,-0.7795939514787223
COHFACE_s39_session2_natural,28,14,28.466666666666665,-0.38551703095436096,-0.9127037861555267
COHFACE_s39_session2_natural,28,15,28.5,-0.5805948376655579,-0.9640192767963148
COHFACE_s39_session2_natural,28,16,28.533333333333335,-0.7282242774963379,-0.91609207435944
COHFACE_s39_session2_natural,28,17,28.566666666666666,-0.8356755971908569,-0.7728886756848594
COHFACE_s39_session2_natural,28,18,28.6,-0.9189944267272949,-0.5574236069741817
COHFACE_s39_session2_natural,28,19,28.633333333333333,-0.9892141222953796,-0.3042489903533103
COHFACE_s39_session2_natural,28,20,28.666666666666668,-1.05731999874115,-0.050479394757521855
COHFACE_s39_session2_natural,28,21,28.7,-1.136283040046692,0.1714825131324827
COHFACE_s39_session2_natural,28,22,28.733333333333334,-1.2112268209457397,0.3377791117360063
COHFACE_s39_session2_natural,28,23,28.766666666666666,-1.2880921363830566,0.43366350982093005
COHFACE_s39_session2_natural,28,24,28.8,-1.3623151779174805,0.4528007011354494
COHFACE_s39_session2_natural,28,25,28.833333333333332,-1.417946457862854,0.39758658674748726
COHFACE_s39_session2_natural,28,26,28.866666666666667,-1.4572118520736694,0.28088233288777514
COHFACE_s39_session2_natural,28,27,28.9,-1.484434962272644,0.12720501463570902
COHFACE_s39_session2_natural,28,28,28.933333333333334,-1.5029947757720947,-0.02926368928442213
COHFACE_s39_session2_natural,28,29,28.966666666666665,-1.5381766557693481,-0.15092906259266545
COHFACE_s39_session2_natural,28,30,29.0,-1.3144184350967407,-0.20561701271772015
COHFACE_s39_session2_natural,28,31,29.033333333333335,-0.2999723553657532,-0.17441395699517373
COHFACE_s39_session2_natural,28,32,29.066666666666666,1.051896572113037,-0.05537748961775905
COHFACE_s39_session2_natural,28,33,29.1,1.7129703760147095,0.13771686704443883
COHFACE_s39_session2_natural,28,34,29.133333333333333,1.5922597646713257,0.37989574805538884
COHFACE_s39_session2_natural,28,35,29.166666666666668,1.2157317399978638,0.6398871488392708
COHFACE_s39_session2_natural,28,36,29.2,0.9117934703826904,0.883381369811319
COHFACE_s39_session2_natural,28,37,29.233333333333334,0.6993729472160339,1.0749462596284787
COHFACE_s39_session2_natural,28,38,29.266666666666666,0.504086971282959,1.1809195889698343
COHFACE_s39_session2_natural,28,39,29.3,0.39453789591789246,1.1752018189976658
COHFACE_s39_session2_natural,28,40,29.333333333333332,0.37709906697273254,1.0467351902186668
COHFACE_s39_session2_natural,28,41,29.366666666666667,0.34585651755332947,0.8046698947814529
COHFACE_s39_session2_natural,28,42,29.4,0.21236707270145416,0.477791748928352
COHFACE_s39_session2_natural,28,43,29.433333333333334,0.008001388981938362,0.10816101843211488
COHFACE_s39_session2_natural,28,44,29.466666666666665,-0.2324269413948059,-0.25769365511317116
COHFACE_s39_session2_natural,28,45,29.5,-0.45688968896865845,-0.5760630574353608
COHFACE_s39_session2_natural,28,46,29.533333333333335,-0.6322387456893921,-0.8105276653063661
COHFACE_s39_session2_natural,28,47,29.566666666666666,-0.7627816796302795,-0.9350921921118642
COHFACE_s39_session2_natural,28,48,29.6,-0.846500813961029,-0.937425889567795
COHFACE_s39_session2_natural,28,49,29.633333333333333,-0.9001464247703552,-0.8218375664599132
COHFACE_s39_session2_natural,28,50,29.666666666666668,-0.9502689838409424,-0.6105015921957839
COHFACE_s39_session2_natural,28,51,29.7,-0.9887016415596008,-0.3418006977327898
COHFACE_s39_session2_natural,28,52,29.733333333333334,-1.0394487380981445,-0.06578442208090947
COHFACE_s39_session2_natural,28,53,29.766666666666666,-1.1037113666534424,0.16258688523559364
COHFACE_s39_session2_natural,28,54,29.8,-1.1638104915618896,0.2920548023538531
COHFACE_s39_session2_natural,28,55,29.833333333333332,-1.2089688777923584,0.28531148256152017
COHFACE_s39_session2_natural,28,56,29.866666666666667,-1.2545915842056274,0.1294393524993874
COHFACE_s39_session2_natural,28,57,29.9,-1.2976042032241821,-0.157019397293657
COHFACE_s39_session2_natural,28,58,29.933333333333334,-1.3272453546524048,-0.5250040247927427
COHFACE_s39_session2_natural,28,59,29.966666666666665,-1.0536367893218994,-0.9060640932380603
COHFACE_s39_session2_natural,28,60,30.0,-0.030046945437788963,-1.2299633599208433
COHFACE_s39_session2_natural,28,61,30.033333333333335,1.1722067594528198,-1.4406646316539375
COHFACE_s39_session2_natural,28,62,30.066666666666666,1.6558657884597778,-1.5040732732315134
COHFACE_s39_session2_natural,28,63,30.1,1.4470643997192383,-1.406729801931962
COHFACE_s39_session2_natural,28,64,30.133333333333333,1.05826997756958,-1.1501873652234433
COHFACE_s39_session2_natural,28,65,30.166666666666668,0.757021963596344,-0.7473055412390147
COHFACE_s39_session2_natural,28,66,30.2,0.5365465879440308,-0.2233092118790921
COHFACE_s39_session2_natural,28,67,30.233333333333334,0.3762343227863312,0.3806762338909229
COHFACE_s39_session2_natural,28,68,30.266666666666666,0.33160439133644104,1.00666859643372
COHFACE_s39_session2_natural,28,69,30.3,0.35235804319381714,1.585061968123121
COHFACE_s39_session2_natural,28,70,30.333333333333332,0.3125642240047455,2.0452658809701747
COHFACE_s39_session2_natural,28,71,30.366666666666667,0.165575310587883,2.3276161909866486
COHFACE_s39_session2_natural,28,72,30.4,-0.05642136186361313,2.392919091901909
COHFACE_s39_session2_natural,28,73,30.433333333333334,-0.2912929654121399,2.228545549327578
COHFACE_s39_session2_natural,28,74,30.466666666666665,-0.5027526617050171,1.851412559696751
COHFACE_s39_session2_natural,28,75,30.5,-0.6591416001319885,1.307558184408586
COHFACE_s39_session2_natural,28,76,30.533333333333335,-0.770388126373291,0.66668431633707
COHFACE_s39_session2_natural,28,77,30.566666666666666,-0.8549079298973083,0.010592416620593483
COHFACE_s39_session2_natural,28,78,30.6,-0.9036694169044495,-0.5822362660772065
COHFACE_s39_session2_natural,28,79,30.633333333333333,-0.9454168677330017,-1.050610416068526
COHFACE_s39_session2_natural,28,80,30.666666666666668,-0.9911837577819824,-1.3583003864087415
COHFACE_s39_session2_natural,28,81,30.7,-1.046590805053711,-1.4940764562268378
COHFACE_s39_session2_natural,28,82,30.733333333333334,-1.102046012878418,-1.4666558199049988
COHFACE_s39_session2_natural,28,83,30.766666666666666,-1.1482292413711548,-1.298729036890405
COHFACE_s39_session2_natural,28,84,30.8,-1.2015224695205688,-1.0227524436579605
COHFACE_s39_session2_natural,28,85,30.833333333333332,-1.2430778741836548,-0.6784727877435239
COHFACE_s39_session2_natural,28,86,30.866666666666667,-0.9090339541435242,-0.3106131913709648
COHFACE_s39_session2_natural,28,87,30.9,0.20520898699760437,0.034588312739551104
COHFACE_s39_session2_natural,28,88,30.933333333333334,1.3941073417663574,0.3140276323182621
COHFACE_s39_session2_natural,28,89,30.966666666666665,1.8526570796966553,0.49258664934479823
COHFACE_s39_session2_natural,28,90,31.0,1.6922167539596558,0.5472674390376276
COHFACE_s39_session2_natural,28,91,31.033333333333335,1.3837946653366089,0.4705945851070943
COHFACE_s39_session2_natural,28,92,31.066666666666666,1.1694844961166382,0.27385492203756906
COHFACE_s39_session2_natural,28,93,31.1,1.0031191110610962,-0.010527128799641697
COHFACE_s39_session2_natural,28,94,31.133333333333333,0.7817469835281372,-0.3308060065185644
COHFACE_s39_session2_natural,28,95,31.166666666666668,0.6092163324356079,-0.6251879508484975
COHFACE_s39_session2_natural,28,96,31.2,0.5423114895820618,-0.8369616023609401
COHFACE_s39_session2_natural,28,97,31.233333333333334,0.4809313118457794,-0.9287806490223177
COHFACE_s39_session2_natural,28,98,31.266666666666666,0.3353515863418579,-0.8893147322528142
COHFACE_s39_session2_natural,28,99,31.3,0.12065713107585907,-0.7301020157020119
COHFACE_s39_session2_natural,28,100,31.333333333333332,-0.11315757781267166,-0.4760094584632823
COHFACE_s39_session2_natural,28,101,31.366666666666667,-0.3275637924671173,-0.15557603777176748
COHFACE_s39_session2_natural,28,102,31.4,-0.4911908507347107,0.20388884828274573
COHFACE_s39_session2_natural,28,103,31.433333333333334,-0.6074496507644653,0.5755392900357136
COHFACE_s39_session2_natural,28,104,31.466666666666665,-0.691761314868927,0.9292616782143707
COHFACE_s39_session2_natural,28,105,31.5,-0.758345901966095,1.2293049527134423
COHFACE_s39_session2_natural,28,106,31.533333333333335,-0.8187652230262756,1.436735900640902
COHFACE_s39_session2_natural,28,107,31.566666666666666,-0.8853978514671326,1.516990658737681
COHFACE_s39_session2_natural,28,108,31.6,-0.9387391805648804,1.4489593190177863
COHFACE_s39_session2_natural,28,109,31.633333333333333,-0.9926890730857849,1.2311028210690873
COHFACE_s39_session2_natural,28,110,31.666666666666668,-1.0445090532302856,0.8832130229309535
COHFACE_s39_session2_natural,28,111,31.7,-1.1119744777679443,0.44506792333605993
COHFACE_s39_session2_natural,28,112,31.733333333333334,-1.0922616720199585,-0.028039267558576025
COHFACE_s39_session2_natural,28,113,31.766666666666666,-0.47404026985168457,-0.4742536565109184
COHFACE_s39_session2_natural,28,114,31.8,0.7739643454551697,-0.8373837411768229
COHFACE_s39_session2_natural,28,115,31.833333333333332,1.718719244003296,-1.0778768019905935
COHFACE_s39_session2_natural,28,116,31.866666666666667,1.8689908981323242,-1.178418398256292
COHFACE_s39_session2_natural,28,117,31.9,1.6000263690948486,-1.1434148617346547
COHFACE_s39_session2_natural,28,118,31.933333333333334,1.3518314361572266,-0.9946836825446559
COHFACE_s39_session2_natural,28,119,31.966666666666665,1.210687518119812,-0.7661354980552247
COHFACE_s39_session2_natural,28,120,32.0,1.0174833536148071,-0.49822677645869423
COHFACE_s39_session2_natural,28,121,32.03333333333333,0.7802096605300903,-0.23146961173441094
COHFACE_s39_session2_natural,28,122,32.06666666666667,0.6324200630187988,0.000528306253455496
COHFACE_s39_session2_natural,28,123,32.1,0.5519196391105652,0.17605432298481558
COHFACE_s39_session2_natural,28,124,32.13333333333333,0.440849244594574,0.2859442383625873
COHFACE_s39_session2_natural,28,125,32.166666666666664,0.26051998138427734,0.3298141082155027
COHFACE_s39_session2_natural,28,126,32.2,0.029043272137641907,0.3105646804619655
COHFACE_s39_session2_natural,28,127,32.233333333333334,-0.1954355090856552,0.23103282245791731
COHFACE_s39_session2_natural,28,128,32.266666666666666,-0.3876308500766754,0.0951741192696521
COHFACE_s39_session2_natural,28,129,32.3,-0.5333706736564636,-0.08701550436880814
COHFACE_s39_session2_natural,28,130,32.333333333333336,-0.6297566294670105,-0.29442134315273005
COHFACE_s39_session2_natural,28,131,32.36666666666667,-0.7108014822006226,-0.4937597227011972
COHFACE_s39_session2_natural,28,132,32.4,-0.7784269452095032,-0.6446351942939377
COHFACE_s39_session2_natural,28,133,32.43333333333333,-0.8366524577140808,-0.7092980792521328
COHFACE_s39_session2_natural,28,134,32.46666666666667,-0.9014915227890015,-0.6629464760981587
COHFACE_s39_session2_natural,28,135,32.5,-0.9651616811752319,-0.49998303637471286
COHFACE_s39_session2_natural,28,136,32.53333333333333,-1.018679141998291,-0.2338318173346779
COHFACE_s39_session2_natural,28,137,32.56666666666667,-1.0640137195587158,0.10851895912047331
COHFACE_s39_session2_natural,28,138,32.6,-1.1164422035217285,0.49329503110091427
COHFACE_s39_session2_natural,28,139,32.63333333333333,-1.1720575094223022,0.884068676838001
COHFACE_s39_session2_natural,28,140,32.666666666666664,-1.0132825374603271,1.242237905648232
COHFACE_s39_session2_natural,28,141,32.7,-0.13184545934200287,1.526155660251819
COHFACE_s39_session2_natural,28,142,32.733333333333334,1.1454800367355347,1.692248311769291
COHFACE_s39_session2_natural,28,143,32.766666666666666,1.8205337524414062,1.7003568315088118
COHFACE_s39_session2_natural,28,144,32.8,1.741362452507019,1.523515550203494
COHFACE_s39_session2_natural,28,145,32.833333333333336,1.4152613878250122,1.1597641940615695
COHFACE_s39_session2_natural,28,146,32.86666666666667,1.1906545162200928,0.6409398511595553
COHFACE_s39_session2_natural,28,147,32.9,1.0252659320831299,0.032646535643234
COHFACE_s39_session2_natural,28,148,32.93333333333333,0.8028368949890137,-0.577633332562148
COHFACE_s39_session2_natural,28,149,32.96666666666667,0.6247335076332092,-1.1014642958125425
COHFACE_s39_session2_natural,28,150,33.0,0.5457223653793335,-1.4707041976143693
COHFACE_s39_session2_natural,28,151,33.03333333333333,0.4814757704734802,-1.6496270510493203
COHFACE_s39_session2_natural,28,152,33.06666666666667,0.34585651755332947,-1.6348067086890565
COHFACE_s39_session2_natural,28,153,33.1,0.1375194638967514,-1.4473271776124137
COHFACE_s39_session2_natural,28,154,33.13333333333333,-0.0927562415599823,-1.1243734013558406
COHFACE_s39_session2_natural,28,155,33.166666666666664,-0.31540945172309875,-0.7142056665932917
COHFACE_s39_session2_natural,28,156,33.2,-0.47927671670913696,-0.2736020079744061
COHFACE_s39_session2_natural,28,157,33.233333333333334,-0.5862316489219666,0.13596038484086947
COHFACE_s39_session2_natural,28,158,33.266666666666666,-0.6751551628112793,0.45590774989200095
COHFACE_s39_session2_natural,28,159,33.3,-0.7477769255638123,0.6408893819457738
COHFACE_s39_session2_natural,28,160,33.333333333333336,-0.7978994846343994,0.6679592924753956
COHFACE_s39_session2_natural,28,161,33.36666666666667,-0.8540912866592407,0.5409479058541481
COHFACE_s39_session2_natural,28,162,33.4,-0.9229817986488342,0.2892638063699581
COHFACE_s39_session2_natural,28,163,33.43333333333333,-0.9819919466972351,-0.037089665352526065
COHFACE_s39_session2_natural,28,164,33.46666666666667,-1.0428917407989502,-0.37471438493228015
COHFACE_s39_session2_natural,28,165,33.5,-1.0871853828430176,-0.6561163575246761
COHFACE_s39_session2_natural,28,166,33.53333333333333,-1.1292850971221924,-0.8211319197467741
COHFACE_s39_session2_natural,28,167,33.56666666666667,-1.1856369972229004,-0.8291052474801021
COHFACE_s39_session2_natural,28,168,33.6,-1.1665968894958496,-0.6687541381553529
COHFACE_s39_session2_natural,28,169,33.63333333333333,-0.5991706252098083,-0.362044742210281
COHFACE_s39_session2_natural,28,170,33.666666666666664,0.6396421790122986,0.04031739960471092
COHFACE_s39_session2_natural,28,171,33.7,1.6229898929595947,0.4711299343740832
COHFACE_s39_session2_natural,28,172,33.733333333333334,1.7800192832946777,0.8625549092931142
COHFACE_s39_session2_natural,28,173,33.766666666666666,1.4797321557998657,1.1598881210729215
COHFACE_s39_session2_natural,28,174,33.8,1.177170991897583,1.329135020989186
COHFACE_s39_session2_natural,28,175,33.833333333333336,0.9834544062614441,1.3578626210704905
COHFACE_s39_session2_natural,28,176,33.86666666666667,0.785622239112854,1.2518719780379857
COHFACE_s39_session2_natural,28,177,33.9,0.6021223068237305,1.030923634095239
COHFACE_s39_session2_natural,28,178,33.93333333333333,0.517474353313446,0.724959136805102
COHFACE_s39_session2_natural,28,179,33.96666666666667,0.48145976662635803,0.37024318719289984
COHFACE_s39_session2_natural,28,180,34.0,0.3746970295906067,0.0047264960598442304
COHFACE_s39_session2_natural,28,181,34.03333333333333,0.1849517673254013,-0.33666724552529104
COHFACE_s39_session2_natural,28,182,34.06666666666667,-0.039062608033418655,-0.6250321976859347
COHFACE_s39_session2_natural,28,183,34.1,-0.26333320140838623,-0.8378314487558041
COHFACE_s39_session2_natural,28,184,34.13333333333333,-0.44105222821235657,-0.9582788478379561
COHFACE_s39_session2_natural,28,185,34.166666666666664,-0.558736264705658,-0.9765636306726015
COHFACE_s39_session2_natural,28,186,34.2,-0.642519474029541,-0.8933957242391776
COHFACE_s39_session2_natural,28,187,34.233333333333334,-0.7051486968994141,-0.7232059351419455
COHFACE_s39_session2_natural,28,188,34.266666666666666,-0.7564562559127808,-0.4938582683197929
COHFACE_s39_session2_natural,28,189,34.3,-0.8014865517616272,-0.24197807594612641
COHFACE_s39_session2_natural,28,190,34.333333333333336,-0.8514650464057922,-0.005790898859921825
COHFACE_s39_session2_natural,28,191,34.36666666666667,-0.9036213755607605,0.18163650870100184
COHFACE_s39_session2_natural,28,192,34.4,-0.952142596244812,0.29725231099178967
COHFACE_s39_session2_natural,28,193,34.43333333333333,-0.9993507266044617,0.3309214856869184
COHFACE_s39_session2_natural,28,194,34.46666666666667,-1.0596579313278198,0.28603836030186697
COHFACE_s39_session2_natural,28,195,34.5,-1.1215345859527588,0.17740398651167213
COHFACE_s39_session2_natural,28,196,34.53333333333333,-0.9680601358413696,0.02761555292509048
COHFACE_s39_session2_natural,28,197,34.56666666666667,-0.0872635692358017,-0.13578023455380633
COHFACE_s39_session2_natural,28,198,34.6,1.1457523107528687,-0.28198895033676274
COHFACE_s39_session2_natural,28,199,34.63333333333333,1.7574561834335327,-0.3794321738692442
COHFACE_s39_session2_natural,28,200,34.666666666666664,1.6356886625289917,-0.400554841496965
COHFACE_s39_session2_natural,28,201,34.7,1.2665269374847412,-0.3283543735524679
COHFACE_s39_session2_natural,28,202,34.733333333333334,0.9652469158172607,-0.16227918823595375
COHFACE_s39_session2_natural,28,203,34.766666666666666,0.7414887547492981,0.07894907641321712
COHFACE_s39_session2_natural,28,204,34.8,0.5522559285163879,0.35878104680125117
COHFACE_s39_session2_natural,28,205,34.833333333333336,0.48142772912979126,0.6285624668640252
COHFACE_s39_session2_natural,28,206,34.86666666666667,0.5030621290206909,0.8371435323037526
COHFACE_s39_session2_natural,28,207,34.9,0.47923386096954346,0.9428952150383502
COHFACE_s39_session2_natural,28,208,34.93333333333333,0.33105993270874023,0.9242617408969329
COHFACE_s39_session2_natural,28,209,34.96666666666667,0.10816651582717896,0.7841708701363683
COHFACE_s39_session2_natural,28,210,35.0,-0.12516778707504272,0.5466059185364058
COHFACE_s39_session2_natural,28,211,35.03333333333333,-0.31837198138237,0.24793674088240097
COHFACE_s39_session2_natural,28,212,35.06666666666667,-0.46404778957366943,-0.07241837574879925
COHFACE_s39_session2_natural,28,213,35.1,-0.5591205954551697,-0.37855172966617134
COHFACE_s39_session2_natural,28,214,35.13333333333333,-0.6190114617347717,-0.6411433755161597
COHFACE_s39_session2_natural,28,215,35.166666666666664,-0.6607429385185242,-0.8384356259165386
COHFACE_s39_session2_natural,28,216,35.2,-0.6952202320098877,-0.9565146860326569
COHFACE_s39_session2_natural,28,217,35.233333333333334,-0.732499897480011,-0.9890913493048692
COHFACE_s39_session2_natural,28,218,35.266666666666666,-0.7813253998756409,-0.9362468990124709
COHFACE_s39_session2_natural,28,219,35.3,-0.8367485404014587,-0.8024387029723699
COHFACE_s39_session2_natural,28,220,35.333333333333336,-0.908713698387146,-0.5957949448405209
COHFACE_s39_session2_natural,28,221,35.36666666666667,-0.9679640531539917,-0.33072462599983415
COHFACE_s39_session2_natural,28,222,35.4,-0.6496294736862183,-0.03275333183305821
COHFACE_s39_session2_natural,28,223,35.43333333333333,0.41630038619041443,0.2590532040187346
COHFACE_s39_session2_natural,28,224,35.46666666666667,1.5581988096237183,0.4970261082580119
COHFACE_s39_session2_natural,28,225,35.5,1.9475537538528442,0.6380970488661805
COHFACE_s39_session2_natural,28,226,35.53333333333333,1.7123137712478638,0.6599258857299739
COHFACE_s39_session2_natural,28,227,35.56666666666667,1.3736740350723267,0.5710064665712531
COHFACE_s39_session2_natural,28,228,35.6,1.1434943675994873,0.40827519041174726
COHFACE_s39_session2_natural,28,229,35.63333333333333,0.9350452423095703,0.22262066938439423
COHFACE_s39_session2_natural,28,230,35.666666666666664,0.7149061560630798,0.05946193497749808
COHFACE_s39_session2_natural,28,231,35.7,0.6123069524765015,-0.05583689453110961
COHFACE_s39_session2_natural,28,232,35.733333333333334,0.5811765193939209,-0.12110396843529088
COHFACE_s39_session2_natural,28,233,35.766666666666666,0.49327778816223145,-0.14928013670027024
COHFACE_s39_session2_natural,28,234,35.8,0.3209393322467804,-0.15566805365751085
COHFACE_s39_session2_natural,28,235,35.833333333333336,0.0859716534614563,-0.14872441018274138
COHFACE_s39_session2_natural,28,236,35.86666666666667,-0.15881237387657166,-0.12858813701048247
COHFACE_s39_session2_natural,28,237,35.9,-0.35446664690971375,-0.09170851723720815
COHFACE_s39_session2_natural,28,238,35.93333333333333,-0.49083855748176575,-0.036872685614207146
COHFACE_s39_session2_natural,28,239,35.96666666666667,-0.583381175994873,0.03150625169946089
COHFACE_s39_session2_natural,29,0,29.0,-1.3144184350967407,0.0014222403495508231
COHFACE_s39_session2_natural,29,1,29.033333333333335,-0.2999723553657532,-0.02630540076384667
COHFACE_s39_session2_natural,29,2,29.066666666666666,1.051896572113037,-0.03165820025985506
COHFACE_s39_session2_natural,29,3,29.1,1.7129703760147095,0.002534028806145774
COHFACE_s39_session2_natural,29,4,29.133333333333333,1.5922597646713257,0.0868660268189174
COHFACE_s39_session2_natural,29,5,29.166666666666668,1.2157317399978638,0.2222599326948802
COHFACE_s39_session2_natural,29,6,29.2,0.9117934703826904,0.3973493614078951
COHFACE_s39_session2_natural,29,7,29.233333333333334,0.6993729472160339,0.5875529244385076
COHFACE_s39_session2_natural,29,8,29.266666666666666,0.504086971282959,0.7581993127240866
COHFACE_s39_session2_natural,29,9,29.3,0.39453789591789246,0.8732129657156353
COHFACE_s39_session2_natural,29,10,29.333333333333332,0.37709906697273254,0.9070199007107885
COHFACE_s39_session2_natural,29,11,29.366666666666667,0.34585651755332947,0.8537830214788124
COHFACE_s39_session2_natural,29,12,29.4,0.21236707270145416,0.7285683919488807
COHFACE_s39_session2_natural,29,13,29.433333333333334,0.008001388981938362,0.5596516883672861
COHFACE_s39_session2_natural,29,14,29.466666666666665,-0.2324269413948059,0.37677884211923357
COHFACE_s39_session2_natural,29,15,29.5,-0.45688968896865845,0.2022077112958329
COHFACE_s39_session2_natural,29,16,29.533333333333335,-0.6322387456893921,0.04793532379342615
COHFACE_s39_session2_natural,29,17,29.566666666666666,-0.7627816796302795,-0.08228637912244832
COHFACE_s39_session2_natural,29,18,29.6,-0.846500813961029,-0.18919909913251232
COHFACE_s39_session2_natural,29,19,29.633333333333333,-0.9001464247703552,-0.27463857978441714
COHFACE_s39_session2_natural,29,20,29.666666666666668,-0.9502689838409424,-0.33951413027603533
COHFACE_s39_session2_natural,29,21,29.7,-0.9887016415596008,-0.38373954811317795
COHFACE_s39_session2_natural,29,22,29.733333333333334,-1.0394487380981445,-0.4082816224832585
COHFACE_s39_session2_natural,29,23,29.766666666666666,-1.1037113666534424,-0.41849995892472697
COHFACE_s39_session2_natural,29,24,29.8,-1.1638104915618896,-0.4265312569269379
COHFACE_s39_session2_natural,29,25,29.833333333333332,-1.2089688777923584,-0.45008704789658244
COHFACE_s39_session2_natural,29,26,29.866666666666667,-1.2545915842056274,-0.5067777159652733
COHFACE_s39_session2_natural,29,27,29.9,-1.2976042032241821,-0.6060672639789192
COHFACE_s39_session2_natural,29,28,29.933333333333334,-1.3272453546524048,-0.7430887755299384
COHFACE_s39_session2_natural,29,29,29.966666666666665,-1.0536367893218994,-0.897722272983772
COHFACE_s39_session2_natural,29,30,30.0,-0.030046945437788963,-1.0386935843063176
COHFACE_s39_session2_natural,29,31,30.033333333333335,1.1722067594528198,-1.1297044503217195
COHFACE_s39_session2_natural,29,32,30.066666666666666,1.6558657884597778,-1.1354872895087007
COHFACE_s39_session2_natural,29,33,30.1,1.4470643997192383,-1.0278360871492298
COHFACE_s39_session2_natural,29,34,30.133333333333333,1.05826997756958,-0.7918719666706173
COHFACE_s39_session2_natural,29,35,30.166666666666668,0.757021963596344,-0.43150601427473123
COHFACE_s39_session2_natural,29,36,30.2,0.5365465879440308,0.02779091920980093
COHFACE_s39_session2_natural,29,37,30.233333333333334,0.3762343227863312,0.5405826359637735
COHFACE_s39_session2_natural,29,38,30.266666666666666,0.33160439133644104,1.048006713492235
COHFACE_s39_session2_natural,29,39,30.3,0.35235804319381714,1.4880980745985457
COHFACE_s39_session2_natural,29,40,30.333333333333332,0.3125642240047455,1.8069717953887527
COHFACE_s39_session2_natural,29,41,30.366666666666667,0.165575310587883,1.9674183383010888
COHFACE_s39_session2_natural,29,42,30.4,-0.05642136186361313,1.9529049680387396
COHFACE_s39_session2_natural,29,43,30.433333333333334,-0.2912929654121399,1.7675064174878128
COHFACE_s39_session2_natural,29,44,30.466666666666665,-0.5027526617050171,1.4340894640286141
COHFACE_s39_session2_natural,29,45,30.5,-0.6591416001319885,0.9924160132483494
COHFACE_s39_session2_natural,29,46,30.533333333333335,-0.770388126373291,0.4960430819386251
COHFACE_s39_session2_natural,29,47,30.566666666666666,-0.8549079298973083,0.00554373033833816
COHFACE_s39_session2_natural,29,48,30.6,-0.9036694169044495,-0.42198112118589803
COHFACE_s39_session2_natural,29,49,30.633333333333333,-0.9454168677330017,-0.7436381336814804
COHFACE_s39_session2_natural,29,50,30.666666666666668,-0.9911837577819824,-0.9374945353880147
COHFACE_s39_session2_natural,29,51,30.7,-1.046590805053711,-1.0033213296057828
COHFACE_s39_session2_natural,29,52,30.733333333333334,-1.102046012878418,-0.9584182663045759
COHFACE_s39_session2_natural,29,53,30.766666666666666,-1.1482292413711548,-0.8314095297218765
COHFACE_s39_session2_natural,29,54,30.8,-1.2015224695205688,-0.6563615904626883
COHFACE_s39_session2_natural,29,55,30.833333333333332,-1.2430778741836548,-0.4678131095374079
COHFACE_s39_session2_natural,29,56,30.866666666666667,-0.9090339541435242,-0.2961774125608469
COHFACE_s39_session2_natural,29,57,30.9,0.20520898699760437,-0.16344634524143242
COHFACE_s39_session2_natural,29,58,30.933333333333334,1.3941073417663574,-0.08061902868646491
COHFACE_s39_session2_natural,29,59,30.966666666666665,1.8526570796966553,-0.04869564187959552
COHFACE_s39_session2_natural,29,60,31.0,1.6922167539596558,-0.06310541034161989
COHFACE_s39_session2_natural,29,61,31.033333333333335,1.3837946653366089,-0.11859081436445858
COHFACE_s39_session2_natural,29,62,31.066666666666666,1.1694844961166382,-0.21054956536434122
COHFACE_s39_session2_natural,29,63,31.1,1.0031191110610962,-0.33136565377168226
COHFACE_s39_session2_natural,29,64,31.133333333333333,0.7817469835281372,-0.4651433999741028
COHFACE_s39_session2_natural,29,65,31.166666666666668,0.6092163324356079,-0.5865986246733429
COHFACE_s39_session2_natural,29,66,31.2,0.5423114895820618,-0.6665392692429077
COHFACE_s39_session2_natural,29,67,31.233333333333334,0.4809313118457794,-0.6808496043899139
COHFACE_s39_session2_natural,29,68,31.266666666666666,0.3353515863418579,-0.617380284304983
COHFACE_s39_session2_natural,29,69,31.3,0.12065713107585907,-0.47704849117156656
COHFACE_s39_session2_natural,29,70,31.333333333333332,-0.11315757781267166,-0.26982223043869713
COHFACE_s39_session2_natural,29,71,31.366666666666667,-0.3275637924671173,-0.00953923787296966
COHFACE_s39_session2_natural,29,72,31.4,-0.4911908507347107,0.2887063195204917
COHFACE_s39_session2_natural,29,73,31.433333333333334,-0.6074496507644653,0.607550758578404
COHFACE_s39_session2_natural,29,74,31.466666666666665,-0.691761314868927,0.9243616143112668
COHFACE_s39_session2_natural,29,75,31.5,-0.758345901966095,1.2092956711467246
COHFACE_s39_session2_natural,29,76,31.533333333333335,-0.8187652230262756,1.4271247772373292
COHFACE_s39_session2_natural,29,77,31.566666666666666,-0.8853978514671326,1.543349103557167
COHFACE_s39_session2_natural,29,78,31.6,-0.9387391805648804,1.5321876707736422
COHFACE_s39_session2_natural,29,79,31.633333333333333,-0.9926890730857849,1.383192520878349
COHFACE_s39_session2_natural,29,80,31.666666666666668,-1.0445090532302856,1.1053575873051784
COHFACE_s39_session2_natural,29,81,31.7,-1.1119744777679443,0.7287770591361845
COHFACE_s39_session2_natural,29,82,31.733333333333334,-1.0922616720199585,0.3018090569538838
COHFACE_s39_session2_natural,29,83,31.766666666666666,-0.47404026985168457,-0.11883796498134719
COHFACE_s39_session2_natural,29,84,31.8,0.7739643454551697,-0.48287978622894595
COHFACE_s39_session2_natural,29,85,31.833333333333332,1.718719244003296,-0.7588851588459816
COHFACE_s39_session2_natural,29,86,31.866666666666667,1.8689908981323242,-0.9381175320626262
COHFACE_s39_session2_natural,29,87,31.9,1.6000263690948486,-1.029176039619519
COHFACE_s39_session2_natural,29,88,31.933333333333334,1.3518314361572266,-1.048124324268014
COHFACE_s39_session2_natural,29,89,31.966666666666665,1.210687518119812,-1.010289792965134
COHFACE_s39_session2_natural,29,90,32.0,1.0174833536148071,-0.9271465059175156
COHFACE_s39_session2_natural,29,91,32.03333333333333,0.7802096605300903,-0.8075669752967539
COHFACE_s39_session2_natural,29,92,32.06666666666667,0.6324200630187988,-0.6605707253314437
COHFACE_s39_session2_natural,29,93,32.1,0.5519196391105652,-0.49725944959230217
COHFACE_s39_session2_natural,29,94,32.13333333333333,0.440849244594574,-0.3315351939670247
COHFACE_s39_session2_natural,29,95,32.166666666666664,0.26051998138427734,-0.18024049250295332
COHFACE_s39_session2_natural,29,96,32.2,0.029043272137641907,-0.06249257562677756
COHFACE_s39_session2_natural,29,97,32.233333333333334,-0.1954355090856552,0.0032058779619539898
COHFACE_s39_session2_natural,29,98,32.266666666666666,-0.3876308500766754,0.004943333522818909
COHFACE_s39_session2_natural,29,99,32.3,-0.5333706736564636,-0.055141976520535665
COHFACE_s39_session2_natural,29,100,32.333333333333336,-0.6297566294670105,-0.1562153954695617
COHFACE_s39_session2_natural,29,101,32.36666666666667,-0.7108014822006226,-0.26136438547437557
COHFACE_s39_session2_natural,29,102,32.4,-0.7784269452095032,-0.32831417176713085
COHFACE_s39_session2_natural,29,103,32.43333333333333,-0.8366524577140808,-0.3239541379352733
COHFACE_s39_session2_natural,29,104,32.46666666666667,-0.9014915227890015,-0.23541377093215882
COHFACE_s39_session2_natural,29,105,32.5,-0.9651616811752319,-0.07185217842926121
COHFACE_s39_session2_natural,29,106,32.53333333333333,-1.018679141998291,0.14350709672618014
COHFACE_s39_session2_natural,29,107,32.56666666666667,-1.0640137195587158,0.3858055244440253
COHFACE_s39_session2_natural,29,108,32.6,-1.1164422035217285,0.6378459832279303
COHFACE_s39_session2_natural,29,109,32.63333333333333,-1.1720575094223022,0.8910242414866121
COHFACE_s39_session2_natural,29,110,32.666666666666664,-1.0132825374603271,1.1381143196133374
COHFACE_s39_session2_natural,29,111,32.7,-0.13184545934200287,1.3630547459576547
COHFACE_s39_session2_natural,29,112,32.733333333333334,1.1454800367355347,1.5343548630634403
COHFACE_s39_session2_natural,29,113,32.766666666666666,1.8205337524414062,1.6068883568196233
COHFACE_s39_session2_natural,29,114,32.8,1.741362452507019,1.5332583100386479
COHFACE_s39_session2_natural,29,115,32.833333333333336,1.4152613878250122,1.2816517696872567
COHFACE_s39_session2_natural,29,116,32.86666666666667,1.1906545162200928,0.8533049733270287
COHFACE_s39_session2_natural,29,117,32.9,1.0252659320831299,0.2913008011166289
COHFACE_s39_session2_natural,29,118,32.93333333333333,0.8028368949890137,-0.3250802709210982
COHFACE_s39_session2_natural,29,119,32.96666666666667,0.6247335076332092,-0.9000146070522048
COHFACE_s39_session2_natural,29,120,33.0,0.5457223653793335,-1.3470726264504338
COHFACE_s39_session2_natural,29,121,33.03333333333333,0.4814757704734802,-1.6104038723111473
COHFACE_s39_session2_natural,29,122,33.06666666666667,0.34585651755332947,-1.673643395149555
COHFACE_s39_session2_natural,29,123,33.1,0.1375194638967514,-1.5561705910114576
COHFACE_s39_session2_natural,29,124,33.13333333333333,-0.0927562415599823,-1.3018620751453136
COHFACE_s39_session2_natural,29,125,33.166666666666664,-0.31540945172309875,-0.9665323418929987
COHFACE_s39_session2_natural,29,126,33.2,-0.47927671670913696,-0.607435752057768
COHFACE_s39_session2_natural,29,127,33.233333333333334,-0.5862316489219666,-0.2750857938977298
COHFACE_s39_session2_natural,29,128,33.266666666666666,-0.6751551628112793,-0.007135353360617884
COHFACE_s39_session2_natural,29,129,33.3,-0.7477769255638123,0.17487145111145694
COHFACE_s39_session2_natural,29,130,33.333333333333336,-0.7978994846343994,0.2648991290458882
COHFACE_s39_session2_natural,29,131,33.36666666666667,-0.8540912866592407,0.26857763875970536
COHFACE_s39_session2_natural,29,132,33.4,-0.9229817986488342,0.1989148348751014
COHFACE_s39_session2_natural,29,133,33.43333333333333,-0.9819919466972351,0.07456027708144286
COHFACE_s39_session2_natural,29,134,33.46666666666667,-1.0428917407989502,-0.07926009476113943
COHFACE_s39_session2_natural,29,135,33.5,-1.0871853828430176,-0.2301063426763623
COHFACE_s39_session2_natural,29,136,33.53333333333333,-1.1292850971221924,-0.34111714487597994
COHFACE_s39_session2_natural,29,137,33.56666666666667,-1.1856369972229004,-0.37799244763919965
COHFACE_s39_session2_natural,29,138,33.6,-1.1665968894958496,-0.31814513777568043
COHFACE_s39_session2_natural,29,139,33.63333333333333,-0.5991706252098083,-0.15826955250952146
COHFACE_s39_session2_natural,29,140,33.666666666666664,0.6396421790122986,0.08334115882801116
COHFACE_s39_session2_natural,29,141,33.7,1.6229898929595947,0.37119280002440586
COHFACE_s39_session2_natural,29,142,33.733333333333334,1.7800192832946777,0.6617389756547617
COHFACE_s39_session2_natural,29,143,33.766666666666666,1.4797321557998657,0.9130996541165447
COHFACE_s39_session2_natural,29,144,33.8,1.177170991897583,1.0918877682044235
COHFACE_s39_session2_natural,29,145,33.833333333333336,0.9834544062614441,1.1763504557782478
COHFACE_s39_session2_natural,29,146,33.86666666666667,0.785622239112854,1.1573265076252042
COHFACE_s39_session2_natural,29,147,33.9,0.6021223068237305,1.038657681023736
COHFACE_s39_session2_natural,29,148,33.93333333333333,0.517474353313446,0.8367916174872854
COHFACE_s39_session2_natural,29,149,33.96666666666667,0.48145976662635803,0.5779973366560669
COHFACE_s39_session2_natural,29,150,34.0,0.3746970295906067,0.2928614299532131
COHFACE_s39_session2_natural,29,151,34.03333333333333,0.1849517673254013,0.010028628214297067
COHFACE_s39_session2_natural,29,152,34.06666666666667,-0.039062608033418655,-0.24805560615786043
COHFACE_s39_session2_natural,29,153,34.1,-0.26333320140838623,-0.4660332001459165
COHFACE_s39_session2_natural,29,154,34.13333333333333,-0.44105222821235657,-0.6342139755475596
COHFACE_s39_session2_natural,29,155,34.166666666666664,-0.558736264705658,-0.7471724189414621
COHFACE_s39_session2_natural,29,156,34.2,-0.642519474029541,-0.8036028328430496
COHFACE_s39_session2_natural,29,157,34.233333333333334,-0.7051486968994141,-0.8067665835072741
COHFACE_s39_session2_natural,29,158,34.266666666666666,-0.7564562559127808,-0.7642039253378351
COHFACE_s39_session2_natural,29,159,34.3,-0.8014865517616272,-0.6862565867204771
COHFACE_s39_session2_natural,29,160,34.333333333333336,-0.8514650464057922,-0.5842491890103964
COHFACE_s39_session2_natural,29,161,34.36666666666667,-0.9036213755607605,-0.469373358967714
COHFACE_s39_session2_natural,29,162,34.4,-0.952142596244812,-0.35209809309750106
COHFACE_s39_session2_natural,29,163,34.43333333333333,-0.9993507266044617,-0.2413287111295387
COHFACE_s39_session2_natural,29,164,34.46666666666667,-1.0596579313278198,-0.1437423118116367
COHFACE_s39_session2_natural,29,165,34.5,-1.1215345859527588,-0.06427296032484098
COHFACE_s39_session2_natural,29,166,34.53333333333333,-0.9680601358413696,-0.006864325413442309
COHFACE_s39_session2_natural,29,167,34.56666666666667,-0.0872635692358017,0.026596556947689518
COHFACE_s39_session2_natural,29,168,34.6,1.1457523107528687,0.039159898595706344
COHFACE_s39_session2_natural,29,169,34.63333333333333,1.7574561834335327,0.04093930853985539
COHFACE_s39_session2_natural,29,170,34.666666666666664,1.6356886625289917,0.04825841382455673
COHFACE_s39_session2_natural,29,171,34.7,1.2665269374847412,0.07963403811510084
COHFACE_s39_session2_natural,29,172,34.733333333333334,0.9652469158172607,0.14963522236424726
COHFACE_s39_session2_natural,29,173,34.766666666666666,0.7414887547492981,0.2620379882854323
COHFACE_s39_session2_natural,29,174,34.8,0.5522559285163879,0.4042758349982933
COHFACE_s39_session2_natural,29,175,34.833333333333336,0.48142772912979126,0.5461771370195043
COHFACE_s39_session2_natural,29,176,34.86666666666667,0.5030621290206909,0.6462095997272008
COHFACE_s39_session2_natural,29,177,34.9,0.47923386096954346,0.6655078667235722
COHFACE_s39_session2_natural,29,178,34.93333333333333,0.33105993270874023,0.584040036301487
COHFACE_s39_session2_natural,29,179,34.96666666666667,0.10816651582717896,0.40997996436180795
COHFACE_s39_session2_natural,29,180,35.0,-0.12516778707504272,0.17703164341429095
COHFACE_s39_session2_natural,29,181,35.03333333333333,-0.31837198138237,-0.06814121649785562
COHFACE_s39_session2_natural,29,182,35.06666666666667,-0.46404778957366943,-0.28112491260869443
COHFACE_s39_session2_natural,29,183,35.1,-0.5591205954551697,-0.43051669096183065
COHFACE_s39_session2_natural,29,184,35.13333333333333,-0.6190114617347717,-0.501627523205819
COHFACE_s39_session2_natural,29,185,35.166666666666664,-0.6607429385185242,-0.49507115185640943
COHFACE_s39_session2_natural,29,186,35.2,-0.6952202320098877,-0.42328707706043983
COHFACE_s39_session2_natural,29,187,35.233333333333334,-0.732499897480011,-0.3064725475378107
COHFACE_s39_session2_natural,29,188,35.266666666666666,-0.7813253998756409,-0.1679060055528817
COHFACE_s39_session2_natural,29,189,35.3,-0.8367485404014587,-0.02888780791346206
COHFACE_s39_session2_natural,29,190,35.333333333333336,-0.908713698387146,0.09493664575741963
COHFACE_s39_session2_natural,29,191,35.36666666666667,-0.9679640531539917,0.19387034721650587
COHFACE_s39_session2_natural,29,192,35.4,-0.6496294736862183,0.2616144340333591
COHFACE_s39_session2_natural,29,193,35.43333333333333,0.41630038619041443,0.2932467056050181
COHFACE_s39_session2_natural,29,194,35.46666666666667,1.5581988096237183,0.2870014287753024
COHFACE_s39_session2_natural,29,195,35.5,1.9475537538528442,0.24970806722619376
COHFACE_s39_session2_natural,29,196,35.53333333333333,1.7123137712478638,0.20137490349620385
COHFACE_s39_session2_natural,29,197,35.56666666666667,1.3736740350723267,0.1729755329500414
COHFACE_s39_session2_natural,29,198,35.6,1.1434943675994873,0.19513480256604698
COHFACE_s39_session2_natural,29,199,35.63333333333333,0.9350452423095703,0.2817608933650253
COHFACE_s39_session2_natural,29,200,35.666666666666664,0.7149061560630798,0.4173143450125417
COHFACE_s39_session2_natural,29,201,35.7,0.6123069524765015,0.5560834612359231
COHFACE_s39_session2_natural,29,202,35.733333333333334,0.5811765193939209,0.6361220571822563
COHFACE_s39_session2_natural,29,203,35.766666666666666,0.49327778816223145,0.6025311982077096
COHFACE_s39_session2_natural,29,204,35.8,0.3209393322467804,0.42921469415558117
COHFACE_s39_session2_natural,29,205,35.833333333333336,0.0859716534614563,0.12875909519043047
COHFACE_s39_session2_natural,29,206,35.86666666666667,-0.15881237387657166,-0.2532256169719682
COHFACE_s39_session2_natural,29,207,35.9,-0.35446664690971375,-0.6549028699060419
COHFACE_s39_session2_natural,29,208,35.93333333333333,-0.49083855748176575,-1.0174884984666355
COHFACE_s39_session2_natural,29,209,35.96666666666667,-0.583381175994873,-1.298990765768523
COHFACE_s39_session2_natural,29,210,36.0,-0.6603425741195679,-1.4782759760471416
COHFACE_s39_session2_natural,29,211,36.03333333333333,-0.7208420038223267,-1.5504104103039114
COHFACE_s39_session2_natural,29,212,36.06666666666667,-0.7665128111839294,-1.5182410156713768
COHFACE_s39_session2_natural,29,213,36.1,-0.7930313944816589,-1.3857804125758018
COHFACE_s39_session2_natural,29,214,36.13333333333333,-0.833673894405365,-1.1559692737809597
COHFACE_s39_session2_natural,29,215,36.166666666666664,-0.9022281765937805,-0.8322014501885198
COHFACE_s39_session2_natural,29,216,36.2,-0.9594928622245789,-0.4223780002415286
COHFACE_s39_session2_natural,29,217,36.233333333333334,-0.6382918357849121,0.05552274428473091
COHFACE_s39_session2_natural,29,218,36.266666666666666,0.4851909279823303,0.5685560135686076
COHFACE_s39_session2_natural,29,219,36.3,1.7193117141723633,1.0679937350102882
COHFACE_s39_session2_natural,29,220,36.333333333333336,2.180391550064087,1.4949654223496749
COHFACE_s39_session2_natural,29,221,36.36666666666667,2.0045621395111084,1.7919742736300868
COHFACE_s39_session2_natural,29,222,36.4,1.7245001792907715,1.916649243220375
COHFACE_s39_session2_natural,29,223,36.43333333333333,1.5554124116897583,1.852987493657753
COHFACE_s39_session2_natural,29,224,36.46666666666667,1.3711118698120117,1.6167084845641992
COHFACE_s39_session2_natural,29,225,36.5,1.068646788597107,1.253090250958527
COHFACE_s39_session2_natural,29,226,36.53333333333333,0.8287469148635864,0.826474446961117
COHFACE_s39_session2_natural,29,227,36.56666666666667,0.7175964117050171,0.4028901837383968
COHFACE_s39_session2_natural,29,228,36.6,0.6292653679847717,0.031972143179976924
COHFACE_s39_session2_natural,29,229,36.63333333333333,0.4659745991230011,-0.2633058468418366
COHFACE_s39_session2_natural,29,230,36.666666666666664,0.22529004514217377,-0.4846502737627401
COHFACE_s39_session2_natural,29,231,36.7,-0.021111352369189262,-0.6470819201260422
COHFACE_s39_session2_natural,29,232,36.733333333333334,-0.23966509103775024,-0.7657314309735217
COHFACE_s39_session2_natural,29,233,36.766666666666666,-0.4006979465484619,-0.8477567398453693
COHFACE_s39_session2_natural,29,234,36.8,-0.5116081833839417,-0.8916205841054206
COHFACE_s39_session2_natural,29,235,36.833333333333336,-0.6010121703147888,-0.8912666648831991
COHFACE_s39_session2_natural,29,236,36.86666666666667,-0.6814965605735779,-0.8414325297384471
COHFACE_s39_session2_natural,29,237,36.9,-0.7581056952476501,-0.7416539249941205
COHFACE_s39_session2_natural,29,238,36.93333333333333,-0.8201264142990112,-0.5980731792426613
COHFACE_s39_session2_natural,29,239,36.96666666666667,-0.8730834126472473,-0.4231168777015542
COHFACE_s39_session2_natural,30,0,30.0,-0.030046945437788963,0.1305516322014774
COHFACE_s39_session2_natural,30,1,30.033333333333335,1.1722067594528198,-0.0011668541306103387
COHFACE_s39_session2_natural,30,2,30.066666666666666,1.6558657884597778,-0.10749501292190845
COHFACE_s39_session2_natural,30,3,30.1,1.4470643997192383,-0.16573210180909398
COHFACE_s39_session2_natural,30,4,30.133333333333333,1.05826997756958,-0.1614035697125533
COHFACE_s39_session2_natural,30,5,30.166666666666668,0.757021963596344,-0.09143581094446339
COHFACE_s39_session2_natural,30,6,30.2,0.5365465879440308,0.03472930185921818
COHFACE_s39_session2_natural,30,7,30.233333333333334,0.3762343227863312,0.1971212359718186
COHFACE_s39_session2_natural,30,8,30.266666666666666,0.33160439133644104,0.3702204503340188
COHFACE_s39_session2_natural,30,9,30.3,0.35235804319381714,0.529113646682929
COHFACE_s39_session2_natural,30,10,30.333333333333332,0.3125642240047455,0.6537288802325594
COHFACE_s39_session2_natural,30,11,30.366666666666667,0.165575310587883,0.7288905625947626
COHFACE_s39_session2_natural,30,12,30.4,-0.05642136186361313,0.7412014841544807
COHFACE_s39_session2_natural,30,13,30.433333333333334,-0.2912929654121399,0.6768373607380589
COHFACE_s39_session2_natural,30,14,30.466666666666665,-0.5027526617050171,0.5242444605869729
COHFACE_s39_session2_natural,30,15,30.5,-0.6591416001319885,0.2819022399221265
COHFACE_s39_session2_natural,30,16,30.533333333333335,-0.770388126373291,-0.033788262586154943
COHFACE_s39_session2_natural,30,17,30.566666666666666,-0.8549079298973083,-0.38692353364349963
COHFACE_s39_session2_natural,30,18,30.6,-0.9036694169044495,-0.7289024803662594
COHFACE_s39_session2_natural,30,19,30.633333333333333,-0.9454168677330017,-1.009940061816856
COHFACE_s39_session2_natural,30,20,30.666666666666668,-0.9911837577819824,-1.1897746145144124
COHFACE_s39_session2_natural,30,21,30.7,-1.046590805053711,-1.2441908618484256
COHFACE_s39_session2_natural,30,22,30.733333333333334,-1.102046012878418,-1.1671573751834834
COHFACE_s39_session2_natural,30,23,30.766666666666666,-1.1482292413711548,-0.9700828955875977
COHFACE_s39_session2_natural,30,24,30.8,-1.2015224695205688,-0.6792225994674963
COHFACE_s39_session2_natural,30,25,30.833333333333332,-1.2430778741836548,-0.33127983329931776
COHFACE_s39_session2_natural,30,26,30.866666666666667,-0.9090339541435242,0.03249517377530052
COHFACE_s39_session2_natural,30,27,30.9,0.20520898699760437,0.3723463494966164
COHFACE_s39_session2_natural,30,28,30.933333333333334,1.3941073417663574,0.6543863152911141
COHFACE_s39_session2_natural,30,29,30.966666666666665,1.8526570796966553,0.852442956602491
COHFACE_s39_session2_natural,30,30,31.0,1.6922167539596558,0.9484003516224615
COHFACE_s39_session2_natural,30,31,31.033333333333335,1.3837946653366089,0.9331430348709377
COHFACE_s39_session2_natural,30,32,31.066666666666666,1.1694844961166382,0.8091818909376371
COHFACE_s39_session2_natural,30,33,31.1,1.0031191110610962,0.5935557745204421
COHFACE_s39_session2_natural,30,34,31.133333333333333,0.7817469835281372,0.3176944030812243
COHFACE_s39_session2_natural,30,35,31.166666666666668,0.6092163324356079,0.02180118777900533
COHFACE_s39_session2_natural,30,36,31.2,0.5423114895820618,-0.254850698119079
COHFACE_s39_session2_natural,30,37,31.233333333333334,0.4809313118457794,-0.48279599983030863
COHFACE_s39_session2_natural,30,38,31.266666666666666,0.3353515863418579,-0.6456239286587199
COHFACE_s39_session2_natural,30,39,31.3,0.12065713107585907,-0.7363949895942619
COHFACE_s39_session2_natural,30,40,31.333333333333332,-0.11315757781267166,-0.7505438633609679
COHFACE_s39_session2_natural,30,41,31.366666666666667,-0.3275637924671173,-0.6808591757653571
COHFACE_s39_session2_natural,30,42,31.4,-0.4911908507347107,-0.5185665896185664
COHFACE_s39_session2_natural,30,43,31.433333333333334,-0.6074496507644653,-0.26061407290493555
COHFACE_s39_session2_natural,30,44,31.466666666666665,-0.691761314868927,0.0804181136912503
COHFACE_s39_session2_natural,30,45,31.5,-0.758345901966095,0.46931289907570184
COHFACE_s39_session2_natural,30,46,31.533333333333335,-0.8187652230262756,0.8491766955489042
COHFACE_s39_session2_natural,30,47,31.566666666666666,-0.8853978514671326,1.1520168845136973
COHFACE_s39_session2_natural,30,48,31.6,-0.9387391805648804,1.3154927722862657
COHFACE_s39_session2_natural,30,49,31.633333333333333,-0.9926890730857849,1.299581384208213
COHFACE_s39_session2_natural,30,50,31.666666666666668,-1.0445090532302856,1.0984554574066328
COHFACE_s39_session2_natural,30,51,31.7,-1.1119744777679443,0.7451468505878349
COHFACE_s39_session2_natural,30,52,31.733333333333334,-1.0922616720199585,0.3065286811028465
COHFACE_s39_session2_natural,30,53,31.766666666666666,-0.47404026985168457,-0.13269481551046347
COHFACE_s39_session2_natural,30,54,31.8,0.7739643454551697,-0.492990301797469
COHFACE_s39_session2_natural,30,55,31.833333333333332,1.718719244003296,-0.7210532615568895
COHFACE_s39_session2_natural,30,56,31.866666666666667,1.8689908981323242,-0.8007750924997855
COHFACE_s39_session2_natural,30,57,31.9,1.6000263690948486,-0.7514851710224778
COHFACE_s39_session2_natural,30,58,31.933333333333334,1.3518314361572266,-0.6167209559531543
COHFACE_s39_session2_natural,30,59,31.966666666666665,1.210687518119812,-0.44959624210935323
COHFACE_s39_session2_natural,30,60,32.0,1.0174833536148071,-0.2996638565443487
COHFACE_s39_session2_natural,30,61,32.03333333333333,0.7802096605300903,-0.2032207044288398
COHFACE_s39_session2_natural,30,62,32.06666666666667,0.6324200630187988,-0.17717193237647477
COHFACE_s39_session2_natural,30,63,32.1,0.5519196391105652,-0.21681231814801646
COHFACE_s39_session2_natural,30,64,32.13333333333333,0.440849244594574,-0.2989692635526792
COHFACE_s39_session2_natural,30,65,32.166666666666664,0.26051998138427734,-0.39117347702511607
COHFACE_s39_session2_natural,30,66,32.2,0.029043272137641907,-0.4639799017357704
COHFACE_s39_session2_natural,30,67,32.233333333333334,-0.1954355090856552,-0.500692116871074
COHFACE_s39_session2_natural,30,68,32.266666666666666,-0.3876308500766754,-0.4999635898078736
COHFACE_s39_session2_natural,30,69,32.3,-0.5333706736564636,-0.4710146818008999
COHFACE_s39_session2_natural,30,70,32.333333333333336,-0.6297566294670105,-0.4252577091233666
COHFACE_s39_session2_natural,30,71,32.36666666666667,-0.7108014822006226,-0.3695762268319727
COHFACE_s39_session2_natural,30,72,32.4,-0.7784269452095032,-0.3046941779510171
COHFACE_s39_session2_natural,30,73,32.43333333333333,-0.8366524577140808,-0.22827723338176198
COHFACE_s39_session2_natural,30,74,32.46666666666667,-0.9014915227890015,-0.13905073785273106
COHFACE_s39_session2_natural,30,75,32.5,-0.9651616811752319,-0.037659271120730434
COHFACE_s39_session2_natural,30,76,32.53333333333333,-1.018679141998291,0.07707659380791747
COHFACE_s39_session2_natural,30,77,32.56666666666667,-1.0640137195587158,0.2134452735676292
COHFACE_s39_session2_natural,30,78,32.6,-1.1164422035217285,0.3879780039542131
COHFACE_s39_session2_natural,30,79,32.63333333333333,-1.1720575094223022,0.6183935669233269
COHFACE_s39_session2_natural,30,80,32.666666666666664,-1.0132825374603271,0.9099364568381076
COHFACE_s39_session2_natural,30,81,32.7,-0.13184545934200287,1.242058742373356
COHFACE_s39_session2_natural,30,82,32.733333333333334,1.1454800367355347,1.5634055226385701
COHFACE_s39_session2_natural,30,83,32.766666666666666,1.8205337524414062,1.799708069290296
COHFACE_s39_session2_natural,30,84,32.8,1.741362452507019,1.8737548361875247
COHFACE_s39_session2_natural,30,85,32.833333333333336,1.4152613878250122,1.7311468750225054
COHFACE_s39_session2_natural,30,86,32.86666666666667,1.1906545162200928,1.3619683820575934
COHFACE_s39_session2_natural,30,87,32.9,1.0252659320831299,0.8087762105888
COHFACE_s39_session2_natural,30,88,32.93333333333333,0.8028368949890137,0.15627442931348348
COHFACE_s39_session2_natural,30,89,32.96666666666667,0.6247335076332092,-0.49360458075369984
COHFACE_s39_session2_natural,30,90,33.0,0.5457223653793335,-1.0497267268153208
COHFACE_s39_session2_natural,30,91,33.03333333333333,0.4814757704734802,-1.4504023637651502
COHFACE_s39_session2_natural,30,92,33.06666666666667,0.34585651755332947,-1.6678579804937887
COHFACE_s39_session2_natural,30,93,33.1,0.1375194638967514,-1.7028995836809813
COHFACE_s39_session2_natural,30,94,33.13333333333333,-0.0927562415599823,-1.5770114864712623
COHFACE_s39_session2_natural,30,95,33.166666666666664,-0.31540945172309875,-1.3262064202859958
COHFACE_s39_session2_natural,30,96,33.2,-0.47927671670913696,-0.9968100336163527
COHFACE_s39_session2_natural,30,97,33.233333333333334,-0.5862316489219666,-0.6410883962598956
COHFACE_s39_session2_natural,30,98,33.266666666666666,-0.6751551628112793,-0.31105183238318795
COHFACE_s39_session2_natural,30,99,33.3,-0.7477769255638123,-0.05081338055412359
COHFACE_s39_session2_natural,30,100,33.333333333333336,-0.7978994846343994,0.11038885419691497
COHFACE_s39_session2_natural,30,101,33.36666666666667,-0.8540912866592407,0.16242297383024237
COHFACE_s39_session2_natural,30,102,33.4,-0.9229817986488342,0.11530105348570462
COHFACE_s39_session2_natural,30,103,33.43333333333333,-0.9819919466972351,-0.0023731885032896687
COHFACE_s39_session2_natural,30,104,33.46666666666667,-1.0428917407989502,-0.14779769629369757
COHFACE_s39_session2_natural,30,105,33.5,-1.0871853828430176,-0.2721513962331752
COHFACE_s39_session2_natural,30,106,33.53333333333333,-1.1292850971221924,-0.3319462698738738
COHFACE_s39_session2_natural,30,107,33.56666666666667,-1.1856369972229004,-0.3003971615565143
COHFACE_s39_session2_natural,30,108,33.6,-1.1665968894958496,-0.17453812295989105
COHFACE_s39_session2_natural,30,109,33.63333333333333,-0.5991706252098083,0.0250570186850025
COHFACE_s39_session2_natural,30,110,33.666666666666664,0.6396421790122986,0.2622352058202539
COHFACE_s39_session2_natural,30,111,33.7,1.6229898929595947,0.49775061589328395
COHFACE_s39_session2_natural,30,112,33.733333333333334,1.7800192832946777,0.7007328297952125
COHFACE_s39_session2_natural,30,113,33.766666666666666,1.4797321557998657,0.854045078441693
COHFACE_s39_session2_natural,30,114,33.8,1.177170991897583,0.952071239463893
COHFACE_s39_session2_natural,30,115,33.833333333333336,0.9834544062614441,0.9940025428863442
COHFACE_s39_session2_natural,30,116,33.86666666666667,0.785622239112854,0.9780873419440108
COHFACE_s39_session2_natural,30,117,33.9,0.6021223068237305,0.9009025815364501
COHFACE_s39_session2_natural,30,118,33.93333333333333,0.517474353313446,0.7613842163349357
COHFACE_s39_session2_natural,30,119,33.96666666666667,0.48145976662635803,0.5657571004210483
COHFACE_s39_session2_natural,30,120,34.0,0.3746970295906067,0.3295495483303448
COHFACE_s39_session2_natural,30,121,34.03333333333333,0.1849517673254013,0.07557895689497088
COHFACE_s39_session2_natural,30,122,34.06666666666667,-0.039062608033418655,-0.1706115144509136
COHFACE_s39_session2_natural,30,123,34.1,-0.26333320140838623,-0.3856674798765791
COHFACE_s39_session2_natural,30,124,34.13333333333333,-0.44105222821235657,-0.5525485541719448
COHFACE_s39_session2_natural,30,125,34.166666666666664,-0.558736264705658,-0.6635026757950526
COHFACE_s39_session2_natural,30,126,34.2,-0.642519474029541,-0.7208049894113241
COHFACE_s39_session2_natural,30,127,34.233333333333334,-0.7051486968994141,-0.7339225581757224
COHFACE_s39_session2_natural,30,128,34.266666666666666,-0.7564562559127808,-0.7137626621790544
COHFACE_s39_session2_natural,30,129,34.3,-0.8014865517616272,-0.6671663428886527
COHFACE_s39_session2_natural,30,130,34.333333333333336,-0.8514650464057922,-0.5951270880943565
COHFACE_s39_session2_natural,30,131,34.36666666666667,-0.9036213755607605,-0.49573421264005796
COHFACE_s39_session2_natural,30,132,34.4,-0.952142596244812,-0.3692819909142064
COHFACE_s39_session2_natural,30,133,34.43333333333333,-0.9993507266044617,-0.22172318067570537
COHFACE_s39_session2_natural,30,134,34.46666666666667,-1.0596579313278198,-0.06502469775743548
COHFACE_s39_session2_natural,30,135,34.5,-1.1215345859527588,0.0845344531102738
COHFACE_s39_session2_natural,30,136,34.53333333333333,-0.9680601358413696,0.20952873815021464
COHFACE_s39_session2_natural,30,137,34.56666666666667,-0.0872635692358017,0.29621489210838153
COHFACE_s39_session2_natural,30,138,34.6,1.1457523107528687,0.33956774162567366
COHFACE_s39_session2_natural,30,139,34.63333333333333,1.7574561834335327,0.34541485618792545
COHFACE_s39_session2_natural,30,140,34.666666666666664,1.6356886625289917,0.3279435159215319
COHFACE_s39_session2_natural,30,141,34.7,1.2665269374847412,0.3038851550997052
COHFACE_s39_session2_natural,30,142,34.733333333333334,0.9652469158172607,0.2864212805170921
COHFACE_s39_session2_natural,30,143,34.766666666666666,0.7414887547492981,0.281302151000261
COHFACE_s39_session2_natural,30,144,34.8,0.5522559285163879,0.2857564326957033
COHFACE_s39_session2_natural,30,145,34.833333333333336,0.48142772912979126,0.28957085526392917
COHFACE_s39_session2_natural,30,146,34.86666666666667,0.5030621290206909,0.2781672793579205
COHFACE_s39_session2_natural,30,147,34.9,0.47923386096954346,0.2376446730524836
COHFACE_s39_session2_natural,30,148,34.93333333333333,0.33105993270874023,0.1601345990438851
COHFACE_s39_session2_natural,30,149,34.96666666666667,0.10816651582717896,0.046653149691606194
COHFACE_s39_session2_natural,30,150,35.0,-0.12516778707504272,-0.09384253556625707
COHFACE_s39_session2_natural,30,151,35.03333333333333,-0.31837198138237,-0.24771196557716843
COHFACE_s39_session2_natural,30,152,35.06666666666667,-0.46404778957366943,-0.399431468492174
COHFACE_s39_session2_natural,30,153,35.1,-0.5591205954551697,-0.5324342159100699
COHFACE_s39_session2_natural,30,154,35.13333333333333,-0.6190114617347717,-0.6292105268138952
COHFACE_s39_session2_natural,30,155,35.166666666666664,-0.6607429385185242,-0.6731287874097147
COHFACE_s39_session2_natural,30,156,35.2,-0.6952202320098877,-0.6525270081108087
COHFACE_s39_session2_natural,30,157,35.233333333333334,-0.732499897480011,-0.5647531292982997
COHFACE_s39_session2_natural,30,158,35.266666666666666,-0.7813253998756409,-0.4171345241264652
COHFACE_s39_session2_natural,30,159,35.3,-0.8367485404014587,-0.22410675046067188
COHFACE_s39_session2_natural,30,160,35.333333333333336,-0.908713698387146,-0.003125132595428166
COHFACE_s39_session2_natural,30,161,35.36666666666667,-0.9679640531539917,0.22702509215368644
COHFACE_s39_session2_natural,30,162,35.4,-0.6496294736862183,0.4449659335903436
COHFACE_s39_session2_natural,30,163,35.43333333333333,0.41630038619041443,0.6259410004671483
COHFACE_s39_session2_natural,30,164,35.46666666666667,1.5581988096237183,0.7456720460390673
COHFACE_s39_session2_natural,30,165,35.5,1.9475537538528442,0.7894943487672734
COHFACE_s39_session2_natural,30,166,35.53333333333333,1.7123137712478638,0.7619674793162766
COHFACE_s39_session2_natural,30,167,35.56666666666667,1.3736740350723267,0.6894062701058722
COHFACE_s39_session2_natural,30,168,35.6,1.1434943675994873,0.6107961574715276
COHFACE_s39_session2_natural,30,169,35.63333333333333,0.9350452423095703,0.5596523695541104
COHFACE_s39_session2_natural,30,170,35.666666666666664,0.7149061560630798,0.5459233880384781
COHFACE_s39_session2_natural,30,171,35.7,0.6123069524765015,0.5484194285968835
COHFACE_s39_session2_natural,30,172,35.733333333333334,0.5811765193939209,0.5228473400582011
COHFACE_s39_session2_natural,30,173,35.766666666666666,0.49327778816223145,0.4216769391798365
COHFACE_s39_session2_natural,30,174,35.8,0.3209393322467804,0.21537696851526075
COHFACE_s39_session2_natural,30,175,35.833333333333336,0.0859716534614563,-0.0955076251978176
COHFACE_s39_session2_natural,30,176,35.86666666666667,-0.15881237387657166,-0.48130426091061224
COHFACE_s39_session2_natural,30,177,35.9,-0.35446664690971375,-0.8934983664874154
COHFACE_s39_session2_natural,30,178,35.93333333333333,-0.49083855748176575,-1.2778782121070467
COHFACE_s39_session2_natural,30,179,35.96666666666667,-0.583381175994873,-1.5856203784287448
COHFACE_s39_session2_natural,30,180,36.0,-0.6603425741195679,-1.7800918898558449
COHFACE_s39_session2_natural,30,181,36.03333333333333,-0.7208420038223267,-1.8392560268947156
COHFACE_s39_session2_natural,30,182,36.06666666666667,-0.7665128111839294,-1.7547453183814847
COHFACE_s39_session2_natural,30,183,36.1,-0.7930313944816589,-1.5291207071370152
COHFACE_s39_session2_natural,30,184,36.13333333333333,-0.833673894405365,-1.1729773368714984
COHFACE_s39_session2_natural,30,185,36.166666666666664,-0.9022281765937805,-0.7035890409724155
COHFACE_s39_session2_natural,30,186,36.2,-0.9594928622245789,-0.1463538986194907
COHFACE_s39_session2_natural,30,187,36.233333333333334,-0.6382918357849121,0.46153545919045696
COHFACE_s39_session2_natural,30,188,36.266666666666666,0.4851909279823303,1.0686428948032596
COHFACE_s39_session2_natural,30,189,36.3,1.7193117141723633,1.6123350111757693
COHFACE_s39_session2_natural,30,190,36.333333333333336,2.180391550064087,2.028501863302261
COHFACE_s39_session2_natural,30,191,36.36666666666667,2.0045621395111084,2.264907770838418
COHFACE_s39_session2_natural,30,192,36.4,1.7245001792907715,2.2933682595163876
COHFACE_s39_session2_natural,30,193,36.43333333333333,1.5554124116897583,2.1168680781450413
COHFACE_s39_session2_natural,30,194,36.46666666666667,1.3711118698120117,1.7696943752747798
COHFACE_s39_session2_natural,30,195,36.5,1.068646788597107,1.3103752664868542
COHFACE_s39_session2_natural,30,196,36.53333333333333,0.8287469148635864,0.808472429311844
COHFACE_s39_session2_natural,30,197,36.56666666666667,0.7175964117050171,0.3280929594903044
COHFACE_s39_session2_natural,30,198,36.6,0.6292653679847717,-0.0865794548949145
COHFACE_s39_session2_natural,30,199,36.63333333333333,0.4659745991230011,-0.4180075201892528
COHFACE_s39_session2_natural,30,200,36.666666666666664,0.22529004514217377,-0.6719985828876872
COHFACE_s39_session2_natural,30,201,36.7,-0.021111352369189262,-0.8672477092722982
COHFACE_s39_session2_natural,30,202,36.733333333333334,-0.23966509103775024,-1.023788425749577
COHFACE_s39_session2_natural,30,203,36.766666666666666,-0.4006979465484619,-1.155668112347935
COHFACE_s39_session2_natural,30,204,36.8,-0.5116081833839417,-1.269207390433589
COHFACE_s39_session2_natural,30,205,36.833333333333336,-0.6010121703147888,-1.3645073850845952
COHFACE_s39_session2_natural,30,206,36.86666666666667,-0.6814965605735779,-1.4372623007508385
COHFACE_s39_session2_natural,30,207,36.9,-0.7581056952476501,-1.4795272326265374
COHFACE_s39_session2_natural,30,208,36.93333333333333,-0.8201264142990112,-1.4796404141963655
COHFACE_s39_session2_natural,30,209,36.96666666666667,-0.8730834126472473,-1.4222540084641022
COHFACE_s39_session2_natural,30,210,37.0,-0.9250475764274597,-1.289570564270645
COHFACE_s39_session2_natural,30,211,37.03333333333333,-0.9906553030014038,-1.064560010398563
COHFACE_s39_session2_natural,30,212,37.06666666666667,-1.056903600692749,-0.7362377974623543
COHFACE_s39_session2_natural,30,213,37.1,-1.0208890438079834,-0.30612109576916086
COHFACE_s39_session2_natural,30,214,37.13333333333333,-0.34139955043792725,0.20602084684464667
COHFACE_s39_session2_natural,30,215,37.166666666666664,1.0317354202270508,0.7596038236601598
COHFACE_s39_session2_natural,30,216,37.2,2.024322986602783,1.2960657753877296
COHFACE_s39_session2_natural,30,217,37.233333333333334,2.1174261569976807,1.747940923729178
COHFACE_s39_session2_natural,30,218,37.266666666666666,1.8093723058700562,2.052740050663827
COHFACE_s39_session2_natural,30,219,37.3,1.5771108865737915,2.167825147153744
COHFACE_s39_session2_natural,30,220,37.333333333333336,1.427031397819519,2.08116202669542
COHFACE_s39_session2_natural,30,221,37.36666666666667,1.1636234521865845,1.8138347533979673
COHFACE_s39_session2_natural,30,222,37.4,0.8724960684776306,1.4135320523556767
COHFACE_s39_session2_natural,30,223,37.43333333333333,0.7098938822746277,0.9418120240055065
COHFACE_s39_session2_natural,30,224,37.46666666666667,0.6240449547767639,0.4597519104880938
COHFACE_s39_session2_natural,30,225,37.5,0.4933578670024872,0.01656047852699524
COHFACE_s39_session2_natural,30,226,37.53333333333333,0.2836596667766571,-0.3555127495416476
COHFACE_s39_session2_natural,30,227,37.56666666666667,0.025568317621946335,-0.639345107693773
COHFACE_s39_session2_natural,30,228,37.6,-0.21865522861480713,-0.8272003607569487
COHFACE_s39_session2_natural,30,229,37.63333333333333,-0.40699130296707153,-0.9159560340041885
COHFACE_s39_session2_natural,30,230,37.666666666666664,-0.5430428981781006,-0.9064471425672893
COHFACE_s39_session2_natural,30,231,37.7,-0.6476117968559265,-0.8066652352792665
COHFACE_s39_session2_natural,30,232,37.733333333333334,-0.7276318073272705,-0.6362036302855473
COHFACE_s39_session2_natural,30,233,37.766666666666666,-0.8053297996520996,-0.42850604773436396
COHFACE_s39_session2_natural,30,234,37.8,-0.8755655288696289,-0.22782135511480872
COHFACE_s39_session2_natural,30,235,37.833333333333336,-0.9512298107147217,-0.07992292282990028
COHFACE_s39_session2_natural,30,236,37.86666666666667,-1.0214494466781616,-0.019366269540089225
COHFACE_s39_session2_natural,30,237,37.9,-1.1023662090301514,-0.058620592506896954
COHFACE_s39_session2_natural,30,238,37.93333333333333,-1.1648833751678467,-0.18359551128235713
COHFACE_s39_session2_natural,30,239,37.96666666666667,-1.2038925886154175,-0.3569862256660158
COHFACE_s39_session2_natural,31,0,31.0,1.6922167539596558,-0.14023657677768975
COHFACE_s39_session2_natural,31,1,31.033333333333335,1.3837946653366089,-0.24193365461125782
COHFACE_s39_session2_natural,31,2,31.066666666666666,1.1694844961166382,-0.35246751790304964
COHFACE_s39_session2_natural,31,3,31.1,1.0031191110610962,-0.47891828353762356
COHFACE_s39_session2_natural,31,4,31.133333333333333,0.7817469835281372,-0.6173082382959333
COHFACE_s39_session2_natural,31,5,31.166666666666668,0.6092163324356079,-0.7532836166683671
COHFACE_s39_session2_natural,31,6,31.2,0.5423114895820618,-0.8667865714844647
COHFACE_s39_session2_natural,31,7,31.233333333333334,0.4809313118457794,-0.937948422848835
COHFACE_s39_session2_natural,31,8,31.266666666666666,0.3353515863418579,-0.9510213718851419
COHFACE_s39_session2_natural,31,9,31.3,0.12065713107585907,-0.8949742457644587
COHFACE_s39_session2_natural,31,10,31.333333333333332,-0.11315757781267166,-0.7624298597075757
COHFACE_s39_session2_natural,31,11,31.366666666666667,-0.3275637924671173,-0.5501187018241779
COHFACE_s39_session2_natural,31,12,31.4,-0.4911908507347107,-0.262272833206102
COHFACE_s39_session2_natural,31,13,31.433333333333334,-0.6074496507644653,0.08469642241913276
COHFACE_s39_session2_natural,31,14,31.466666666666665,-0.691761314868927,0.4595059330027737
COHFACE_s39_session2_natural,31,15,31.5,-0.758345901966095,0.818086733039289
COHFACE_s39_session2_natural,31,16,31.533333333333335,-0.8187652230262756,1.1112893681862102
COHFACE_s39_session2_natural,31,17,31.566666666666666,-0.8853978514671326,1.296094014316909
COHFACE_s39_session2_natural,31,18,31.6,-0.9387391805648804,1.3456063313603335
COHFACE_s39_session2_natural,31,19,31.633333333333333,-0.9926890730857849,1.2537564957656508
COHFACE_s39_session2_natural,31,20,31.666666666666668,-1.0445090532302856,1.034864527248767
COHFACE_s39_session2_natural,31,21,31.7,-1.1119744777679443,0.7208584019528308
COHFACE_s39_session2_natural,31,22,31.733333333333334,-1.0922616720199585,0.3565860971362389
COHFACE_s39_session2_natural,31,23,31.766666666666666,-0.47404026985168457,-0.008460733310674122
COHFACE_s39_session2_natural,31,24,31.8,0.7739643454551697,-0.3307658517879485
COHFACE_s39_session2_natural,31,25,31.833333333333332,1.718719244003296,-0.5807842416826737
COHFACE_s39_session2_natural,31,26,31.866666666666667,1.8689908981323242,-0.7444855334870001
COHFACE_s39_session2_natural,31,27,31.9,1.6000263690948486,-0.8192908613264376
COHFACE_s39_session2_natural,31,28,31.933333333333334,1.3518314361572266,-0.8088753878133529
COHFACE_s39_session2_natural,31,29,31.966666666666665,1.210687518119812,-0.7210844113896911
COHFACE_s39_session2_natural,31,30,32.0,1.0174833536148071,-0.5694836502524715
COHFACE_s39_session2_natural,31,31,32.03333333333333,0.7802096605300903,-0.37544390036998654
COHFACE_s39_session2_natural,31,32,32.06666666666667,0.6324200630187988,-0.16740593772445223
COHFACE_s39_session2_natural,31,33,32.1,0.5519196391105652,0.023443530572027492
COHFACE_s39_session2_natural,31,34,32.13333333333333,0.440849244594574,0.16904704698326709
COHFACE_s39_session2_natural,31,35,32.166666666666664,0.26051998138427734,0.2490464657425213
COHFACE_s39_session2_natural,31,36,32.2,0.029043272137641907,0.252836237333047
COHFACE_s39_session2_natural,31,37,32.233333333333334,-0.1954355090856552,0.18010942191300733
COHFACE_s39_session2_natural,31,38,32.266666666666666,-0.3876308500766754,0.041493111722195095
COHFACE_s39_session2_natural,31,39,32.3,-0.5333706736564636,-0.14056912091730484
COHFACE_s39_session2_natural,31,40,32.333333333333336,-0.6297566294670105,-0.33265696424821933
COHFACE_s39_session2_natural,31,41,32.36666666666667,-0.7108014822006226,-0.49543946320711957
COHFACE_s39_session2_natural,31,42,32.4,-0.7784269452095032,-0.5932202299236532
COHFACE_s39_session2_natural,31,43,32.43333333333333,-0.8366524577140808,-0.6046907072727337
COHFACE_s39_session2_natural,31,44,32.46666666666667,-0.9014915227890015,-0.5295070877800027
COHFACE_s39_session2_natural,31,45,32.5,-0.9651616811752319,-0.3864270294411104
COHFACE_s39_session2_natural,31,46,32.53333333333333,-1.018679141998291,-0.20299772621653783
COHFACE_s39_session2_natural,31,47,32.56666666666667,-1.0640137195587158,-0.0017532325154205426
COHFACE_s39_session2_natural,31,48,32.6,-1.1164422035217285,0.2095349080580793
COHFACE_s39_session2_natural,31,49,32.63333333333333,-1.1720575094223022,0.43762372464083543
COHFACE_s39_session2_natural,31,50,32.666666666666664,-1.0132825374603271,0.6929584667036576
COHFACE_s39_session2_natural,31,51,32.7,-0.13184545934200287,0.9734778576796884
COHFACE_s39_session2_natural,31,52,32.733333333333334,1.1454800367355347,1.251464826542365
COHFACE_s39_session2_natural,31,53,32.766666666666666,1.8205337524414062,1.471272577005833
COHFACE_s39_session2_natural,31,54,32.8,1.741362452507019,1.5618912394550475
COHFACE_s39_session2_natural,31,55,32.833333333333336,1.4152613878250122,1.4617791806460305
COHFACE_s39_session2_natural,31,56,32.86666666666667,1.1906545162200928,1.1462668479883162
COHFACE_s39_session2_natural,31,57,32.9,1.0252659320831299,0.6445292690087573
COHFACE_s39_session2_natural,31,58,32.93333333333333,0.8028368949890137,0.03677479252073595
COHFACE_s39_session2_natural,31,59,32.96666666666667,0.6247335076332092,-0.568440215588359
COHFACE_s39_session2_natural,31,60,33.0,0.5457223653793335,-1.0668627358211131
COHFACE_s39_session2_natural,31,61,33.03333333333333,0.4814757704734802,-1.386679520122537
COHFACE_s39_session2_natural,31,62,33.06666666666667,0.34585651755332947,-1.50157432063963
COHFACE_s39_session2_natural,31,63,33.1,0.1375194638967514,-1.4271666553865048
COHFACE_s39_session2_natural,31,64,33.13333333333333,-0.0927562415599823,-1.2072269134831628
COHFACE_s39_session2_natural,31,65,33.166666666666664,-0.31540945172309875,-0.89843232501647
COHFACE_s39_session2_natural,31,66,33.2,-0.47927671670913696,-0.5588541514503643
COHFACE_s39_session2_natural,31,67,33.233333333333334,-0.5862316489219666,-0.2403611921955806
COHFACE_s39_session2_natural,31,68,33.266666666666666,-0.6751551628112793,0.016756812951111904
COHFACE_s39_session2_natural,31,69,33.3,-0.7477769255638123,0.18750280066468294
COHFACE_s39_session2_natural,31,70,33.333333333333336,-0.7978994846343994,0.2633074758560312
COHFACE_s39_session2_natural,31,71,33.36666666666667,-0.8540912866592407,0.2500111349230234
COHFACE_s39_session2_natural,31,72,33.4,-0.9229817986488342,0.16422760943845802
COHFACE_s39_session2_natural,31,73,33.43333333333333,-0.9819919466972351,0.03059084532444841
COHFACE_s39_session2_natural,31,74,33.46666666666667,-1.0428917407989502,-0.11969908503952387
COHFACE_s39_session2_natural,31,75,33.5,-1.0871853828430176,-0.25116982786346714
COHFACE_s39_session2_natural,31,76,33.53333333333333,-1.1292850971221924,-0.32922802607864365
COHFACE_s39_session2_natural,31,77,33.56666666666667,-1.1856369972229004,-0.3278210536346352
COHFACE_s39_session2_natural,31,78,33.6,-1.1665968894958496,-0.23689604909789594
COHFACE_s39_session2_natural,31,79,33.63333333333333,-0.5991706252098083,-0.06612453096938394
COHFACE_s39_session2_natural,31,80,33.666666666666664,0.6396421790122986,0.15741515693213995
COHFACE_s39_session2_natural,31,81,33.7,1.6229898929595947,0.39717497529702556
COHFACE_s39_session2_natural,31,82,33.733333333333334,1.7800192832946777,0.6174226342564593
COHFACE_s39_session2_natural,31,83,33.766666666666666,1.4797321557998657,0.7914123394756475
COHFACE_s39_session2_natural,31,84,33.8,1.177170991897583,0.9043690481180261
COHFACE_s39_session2_natural,31,85,33.833333333333336,0.9834544062614441,0.9512925738235075
COHFACE_s39_session2_natural,31,86,33.86666666666667,0.785622239112854,0.9324060567061618
COHFACE_s39_session2_natural,31,87,33.9,0.6021223068237305,0.849773061427939
COHFACE_s39_session2_natural,31,88,33.93333333333333,0.517474353313446,0.7067783611607991
COHFACE_s39_session2_natural,31,89,33.96666666666667,0.48145976662635803,0.5096690188524683
COHFACE_s39_session2_natural,31,90,34.0,0.3746970295906067,0.26929381040637307
COHFACE_s39_session2_natural,31,91,34.03333333333333,0.1849517673254013,0.0018424069913389636
COHFACE_s39_session2_natural,31,92,34.06666666666667,-0.039062608033418655,-0.2713637959647124
COHFACE_s39_session2_natural,31,93,34.1,-0.26333320140838623,-0.5247157646180894
COHFACE_s39_session2_natural,31,94,34.13333333333333,-0.44105222821235657,-0.73056040281225
COHFACE_s39_session2_natural,31,95,34.166666666666664,-0.558736264705658,-0.8640316116760531
COHFACE_s39_session2_natural,31,96,34.2,-0.642519474029541,-0.9098810796162823
COHFACE_s39_session2_natural,31,97,34.233333333333334,-0.7051486968994141,-0.8682772836604131
COHFACE_s39_session2_natural,31,98,34.266666666666666,-0.7564562559127808,-0.7559393651618218
COHFACE_s39_session2_natural,31,99,34.3,-0.8014865517616272,-0.6011507049919735
COHFACE_s39_session2_natural,31,100,34.333333333333336,-0.8514650464057922,-0.43491123482666016
COHFACE_s39_session2_natural,31,101,34.36666666666667,-0.9036213755607605,-0.2825554604437972
COHFACE_s39_session2_natural,31,102,34.4,-0.952142596244812,-0.15880634461065454
COHFACE_s39_session2_natural,31,103,34.43333333333333,-0.9993507266044617,-0.06685742458293947
COHFACE_s39_session2_natural,31,104,34.46666666666667,-1.0596579313278198,-0.0011862789772494296
COHFACE_s39_session2_natural,31,105,34.5,-1.1215345859527588,0.04699573784557221
COHFACE_s39_session2_natural,31,106,34.53333333333333,-0.9680601358413696,0.0847252319293056
COHFACE_s39_session2_natural,31,107,34.56666666666667,-0.0872635692358017,0.11608962083678709
COHFACE_s39_session2_natural,31,108,34.6,1.1457523107528687,0.1448942108432447
COHFACE_s39_session2_natural,31,109,34.63333333333333,1.7574561834335327,0.17766591189176084
COHFACE_s39_session2_natural,31,110,34.666666666666664,1.6356886625289917,0.22355717120808055
COHFACE_s39_session2_natural,31,111,34.7,1.2665269374847412,0.2905640289379301
COHFACE_s39_session2_natural,31,112,34.733333333333334,0.9652469158172607,0.380092835187129
COHFACE_s39_session2_natural,31,113,34.766666666666666,0.7414887547492981,0.48273580948706435
COHFACE_s39_session2_natural,31,114,34.8,0.5522559285163879,0.5772896698087805
COHFACE_s39_session2_natural,31,115,34.833333333333336,0.48142772912979126,0.6339999850248476
COHFACE_s39_session2_natural,31,116,34.86666666666667,0.5030621290206909,0.6224333630110873
COHFACE_s39_session2_natural,31,117,34.9,0.47923386096954346,0.5226446667529009
COHFACE_s39_session2_natural,31,118,34.93333333333333,0.33105993270874023,0.3349877439960208
COHFACE_s39_session2_natural,31,119,34.96666666666667,0.10816651582717896,0.08278566303424997
COHFACE_s39_session2_natural,31,120,35.0,-0.12516778707504272,-0.1941229511064177
COHFACE_s39_session2_natural,31,121,35.03333333333333,-0.31837198138237,-0.4514154248223361
COHFACE_s39_session2_natural,31,122,35.06666666666667,-0.46404778957366943,-0.6518005362842877
COHFACE_s39_session2_natural,31,123,35.1,-0.5591205954551697,-0.7715186265637086
COHFACE_s39_session2_natural,31,124,35.13333333333333,-0.6190114617347717,-0.8012434547856355
COHFACE_s39_session2_natural,31,125,35.166666666666664,-0.6607429385185242,-0.7439339408651428
COHFACE_s39_session2_natural,31,126,35.2,-0.6952202320098877,-0.612394883891589
COHFACE_s39_session2_natural,31,127,35.233333333333334,-0.732499897480011,-0.4272560542327849
COHFACE_s39_session2_natural,31,128,35.266666666666666,-0.7813253998756409,-0.21409818588056032
COHFACE_s39_session2_natural,31,129,35.3,-0.8367485404014587,0.0012226998979397094
COHFACE_s39_session2_natural,31,130,35.333333333333336,-0.908713698387146,0.19740900822939242
COHFACE_s39_session2_natural,31,131,35.36666666666667,-0.9679640531539917,0.35972634044723134
COHFACE_s39_session2_natural,31,132,35.4,-0.6496294736862183,0.4785782029090395
COHFACE_s39_session2_natural,31,133,35.43333333333333,0.41630038619041443,0.547498491098558
COHFACE_s39_session2_natural,31,134,35.46666666666667,1.5581988096237183,0.5640326791476321
COHFACE_s39_session2_natural,31,135,35.5,1.9475537538528442,0.5341226794783692
COHFACE_s39_session2_natural,31,136,35.53333333333333,1.7123137712478638,0.4764659788905355
COHFACE_s39_session2_natural,31,137,35.56666666666667,1.3736740350723267,0.42139568540890165
COHFACE_s39_session2_natural,31,138,35.6,1.1434943675994873,0.4013139761854519
COHFACE_s39_session2_natural,31,139,35.63333333333333,0.9350452423095703,0.4352951424326364
COHFACE_s39_session2_natural,31,140,35.666666666666664,0.7149061560630798,0.515561085956169
COHFACE_s39_session2_natural,31,141,35.7,0.6123069524765015,0.6043416276536929
COHFACE_s39_session2_natural,31,142,35.733333333333334,0.5811765193939209,0.6447981271513653
COHFACE_s39_session2_natural,31,143,35.766666666666666,0.49327778816223145,0.5820558297873936
COHFACE_s39_session2_natural,31,144,35.8,0.3209393322467804,0.3846901648593058
COHFACE_s39_session2_natural,31,145,35.833333333333336,0.0859716534614563,0.05684601428392204
COHFACE_s39_session2_natural,31,146,35.86666666666667,-0.15881237387657166,-0.3632748193790291
COHFACE_s39_session2_natural,31,147,35.9,-0.35446664690971375,-0.8158574536127863
COHFACE_s39_session2_natural,31,148,35.93333333333333,-0.49083855748176575,-1.2363397648191352
COHFACE_s39_session2_natural,31,149,35.96666666666667,-0.583381175994873,-1.5701393028330588
COHFACE_s39_session2_natural,31,150,36.0,-0.6603425741195679,-1.7809010785815698
COHFACE_s39_session2_natural,31,151,36.03333333333333,-0.7208420038223267,-1.851415643960193
COHFACE_s39_session2_natural,31,152,36.06666666666667,-0.7665128111839294,-1.7798453299975565
COHFACE_s39_session2_natural,31,153,36.1,-0.7930313944816589,-1.5750873955141755
COHFACE_s39_session2_natural,31,154,36.13333333333333,-0.833673894405365,-1.2532701444063572
COHFACE_s39_session2_natural,31,155,36.166666666666664,-0.9022281765937805,-0.8353771588444977
COHFACE_s39_session2_natural,31,156,36.2,-0.9594928622245789,-0.34615959193511375
COHFACE_s39_session2_natural,31,157,36.233333333333334,-0.6382918357849121,0.18516076773747978
COHFACE_s39_session2_natural,31,158,36.266666666666666,0.4851909279823303,0.7234613863519321
COHFACE_s39_session2_natural,31,159,36.3,1.7193117141723633,1.2280298852773706
COHFACE_s39_session2_natural,31,160,36.333333333333336,2.180391550064087,1.6559769832014717
COHFACE_s39_session2_natural,31,161,36.36666666666667,2.0045621395111084,1.9679155993727104
COHFACE_s39_session2_natural,31,162,36.4,1.7245001792907715,2.1341333893595653
COHFACE_s39_session2_natural,31,163,36.43333333333333,1.5554124116897583,2.1398704039867256
COHFACE_s39_session2_natural,31,164,36.46666666666667,1.3711118698120117,1.9888363537232803
COHFACE_s39_session2_natural,31,165,36.5,1.068646788597107,1.70389501170115
COHFACE_s39_session2_natural,31,166,36.53333333333333,0.8287469148635864,1.32330010960932
COHFACE_s39_session2_natural,31,167,36.56666666666667,0.7175964117050171,0.8919910452163726
COHFACE_s39_session2_natural,31,168,36.6,0.6292653679847717,0.4508315388135182
COHFACE_s39_session2_natural,31,169,36.63333333333333,0.4659745991230011,0.029008546176784257
COHFACE_s39_session2_natural,31,170,36.666666666666664,0.22529004514217377,-0.3569103614728246
COHFACE_s39_session2_natural,31,171,36.7,-0.021111352369189262,-0.6981409788070191
COHFACE_s39_session2_natural,31,172,36.733333333333334,-0.23966509103775024,-0.9874724760707064
COHFACE_s39_session2_natural,31,173,36.766666666666666,-0.4006979465484619,-1.2162505540261084
COHFACE_s39_session2_natural,31,174,36.8,-0.5116081833839417,-1.3759069944386333
COHFACE_s39_session2_natural,31,175,36.833333333333336,-0.6010121703147888,-1.461815383780593
COHFACE_s39_session2_natural,31,176,36.86666666666667,-0.6814965605735779,-1.4762140306255862
COHFACE_s39_session2_natural,31,177,36.9,-0.7581056952476501,-1.4281604144794862
COHFACE_s39_session2_natural,31,178,36.93333333333333,-0.8201264142990112,-1.3302976966156186
COHFACE_s39_session2_natural,31,179,36.96666666666667,-0.8730834126472473,-1.1938204613668058
COHFACE_s39_session2_natural,31,180,37.0,-0.9250475764274597,-1.0240424682951346
COHFACE_s39_session2_natural,31,181,37.03333333333333,-0.9906553030014038,-0.8187854439668695
COHFACE_s39_session2_natural,31,182,37.06666666666667,-1.056903600692749,-0.5703979803889311
COHFACE_s39_session2_natural,31,183,37.1,-1.0208890438079834,-0.2707670424586878
COHFACE_s39_session2_natural,31,184,37.13333333333333,-0.34139955043792725,0.08190015062027639
COHFACE_s39_session2_natural,31,185,37.166666666666664,1.0317354202270508,0.4762079829308729
COHFACE_s39_session2_natural,31,186,37.2,2.024322986602783,0.883269237075312
COHFACE_s39_session2_natural,31,187,37.233333333333334,2.1174261569976807,1.2579372331148906
COHFACE_s39_session2_natural,31,188,37.266666666666666,1.8093723058700562,1.5469466853660088
COHFACE_s39_session2_natural,31,189,37.3,1.5771108865737915,1.7022461600708416
COHFACE_s39_session2_natural,31,190,37.333333333333336,1.427031397819519,1.694886110816738
COHFACE_s39_session2_natural,31,191,37.36666666666667,1.1636234521865845,1.5240379589941078
COHFACE_s39_session2_natural,31,192,37.4,0.8724960684776306,1.2177860120080692
COHFACE_s39_session2_natural,31,193,37.43333333333333,0.7098938822746277,0.8256288493685447
COHFACE_s39_session2_natural,31,194,37.46666666666667,0.6240449547767639,0.40527106078395037
COHFACE_s39_session2_natural,31,195,37.5,0.4933578670024872,0.008236773541500616
COHFACE_s39_session2_natural,31,196,37.53333333333333,0.2836596667766571,-0.3300786324804094
COHFACE_s39_session2_natural,31,197,37.56666666666667,0.025568317621946335,-0.5921957048989831
COHFACE_s39_session2_natural,31,198,37.6,-0.21865522861480713,-0.7736642686075124
COHFACE_s39_session2_natural,31,199,37.63333333333333,-0.40699130296707153,-0.876971378857513
COHFACE_s39_session2_natural,31,200,37.666666666666664,-0.5430428981781006,-0.908615312529961
COHFACE_s39_session2_natural,31,201,37.7,-0.6476117968559265,-0.8797324359413454
COHFACE_s39_session2_natural,31,202,37.733333333333334,-0.7276318073272705,-0.8078252307285254
COHFACE_s39_session2_natural,31,203,37.766666666666666,-0.8053297996520996,-0.716467530170027
COHFACE_s39_session2_natural,31,204,37.8,-0.8755655288696289,-0.6308259092257219
COHFACE_s39_session2_natural,31,205,37.833333333333336,-0.9512298107147217,-0.5694026438604193
COHFACE_s39_session2_natural,31,206,37.86666666666667,-1.0214494466781616,-0.5357723631292196
COHFACE_s39_session2_natural,31,207,37.9,-1.1023662090301514,-0.5156402749318819
COHFACE_s39_session2_natural,31,208,37.93333333333333,-1.1648833751678467,-0.48234100626455095
COHFACE_s39_session2_natural,31,209,37.96666666666667,-1.2038925886154175,-0.408949213453795
COHFACE_s39_session2_natural,31,210,38.0,-1.2425974607467651,-0.28063552388156804
COHFACE_s39_session2_natural,31,211,38.03333333333333,-1.2980846166610718,-0.10036188125988141
COHFACE_s39_session2_natural,31,212,38.06666666666667,-1.3165643215179443,0.11448626956689052
COHFACE_s39_session2_natural,31,213,38.1,-0.8543314933776855,0.34096116542204147
COHFACE_s39_session2_natural,31,214,38.13333333333333,0.450473427772522,0.5584561593809386
COHFACE_s39_session2_natural,31,215,38.166666666666664,1.6940582990646362,0.750964310231994
COHFACE_s39_session2_natural,31,216,38.2,2.009718656539917,0.9039174101643843
COHFACE_s39_session2_natural,31,217,38.233333333333334,1.7025935649871826,1.000407108486067
COHFACE_s39_session2_natural,31,218,38.266666666666666,1.370182991027832,1.0224288921656801
COHFACE_s39_session2_natural,31,219,38.3,1.190045952796936,0.95863455794748
COHFACE_s39_session2_natural,31,220,38.333333333333336,0.981692910194397,0.813442316862188
COHFACE_s39_session2_natural,31,221,38.36666666666667,0.7194059491157532,0.6096845037552028
COHFACE_s39_session2_natural,31,222,38.4,0.5612875819206238,0.38180054637809574
COHFACE_s39_session2_natural,31,223,38.43333333333333,0.48599159717559814,0.16377756375247934
COHFACE_s39_session2_natural,31,224,38.46666666666667,0.3755457401275635,-0.02113778211058827
COHFACE_s39_session2_natural,31,225,38.5,0.17676880955696106,-0.1641904427641378
COHFACE_s39_session2_natural,31,226,38.53333333333333,-0.07189051061868668,-0.26797094249970815
COHFACE_s39_session2_natural,31,227,38.56666666666667,-0.322487473487854,-0.33976588172977945
COHFACE_s39_session2_natural,31,228,38.6,-0.5237625241279602,-0.38602141997671285
COHFACE_s39_session2_natural,31,229,38.63333333333333,-0.6697425842285156,-0.4106318807410724
COHFACE_s39_session2_natural,31,230,38.666666666666664,-0.7856491208076477,-0.4161414391500133
COHFACE_s39_session2_natural,31,231,38.7,-0.8692241311073303,-0.40501313383340215
COHFACE_s39_session2_natural,31,232,38.733333333333334,-0.9283623695373535,-0.37968988220555394
COHFACE_s39_session2_natural,31,233,38.766666666666666,-0.9879329800605774,-0.3425325670948032
COHFACE_s39_session2_natural,31,234,38.8,-1.0574480295181274,-0.2967177905101307
COHFACE_s39_session2_natural,31,235,38.833333333333336,-1.130982518196106,-0.24745617755411856
COHFACE_s39_session2_natural,31,236,38.86666666666667,-1.1957896947860718,-0.20181160239459117
COHFACE_s39_session2_natural,31,237,38.9,-1.2520134449005127,-0.16623197845810553
COHFACE_s39_session2_natural,31,238,38.93333333333333,-1.3080130815505981,-0.14311652192798205
COHFACE_s39_session2_natural,31,239,38.96666666666667,-1.3425543308258057,-0.1290618541470558
COHFACE_s39_session2_natural,32,0,32.0,1.0174833536148071,-0.1356546245016807
COHFACE_s39_session2_natural,32,1,32.03333333333333,0.7802096605300903,-0.3923912505076819
COHFACE_s39_session2_natural,32,2,32.06666666666667,0.6324200630187988,-0.6160013115452222
COHFACE_s39_session2_natural,32,3,32.1,0.5519196391105652,-0.7783063349906011
COHFACE_s39_session2_natural,32,4,32.13333333333333,0.440849244594574,-0.8609488848222775
COHFACE_s39_session2_natural,32,5,32.166666666666664,0.26051998138427734,-0.8607511256668041
COHFACE_s39_session2_natural,32,6,32.2,0.029043272137641907,-0.7924087498738137
COHFACE_s39_session2_natural,32,7,32.233333333333334,-0.1954355090856552,-0.6856050353605134
COHFACE_s39_session2_natural,32,8,32.266666666666666,-0.3876308500766754,-0.576037801843077
COHFACE_s39_session2_natural,32,9,32.3,-0.5333706736564636,-0.49328912138290404
COHFACE_s39_session2_natural,32,10,32.333333333333336,-0.6297566294670105,-0.4505831906984067
COHFACE_s39_session2_natural,32,11,32.36666666666667,-0.7108014822006226,-0.440976644170087
COHFACE_s39_session2_natural,32,12,32.4,-0.7784269452095032,-0.44158161570422094
COHFACE_s39_session2_natural,32,13,32.43333333333333,-0.8366524577140808,-0.42360689478813496
COHFACE_s39_session2_natural,32,14,32.46666666666667,-0.9014915227890015,-0.36332158162366684
COHFACE_s39_session2_natural,32,15,32.5,-0.9651616811752319,-0.24884022660006425
COHFACE_s39_session2_natural,32,16,32.53333333333333,-1.018679141998291,-0.08009561934239764
COHFACE_s39_session2_natural,32,17,32.56666666666667,-1.0640137195587158,0.13659457675028705
COHFACE_s39_session2_natural,32,18,32.6,-1.1164422035217285,0.39448830477411456
COHFACE_s39_session2_natural,32,19,32.63333333333333,-1.1720575094223022,0.6876697402553743
COHFACE_s39_session2_natural,32,20,32.666666666666664,-1.0132825374603271,1.0058720808143313
COHFACE_s39_session2_natural,32,21,32.7,-0.13184545934200287,1.3259380137810408
COHFACE_s39_session2_natural,32,22,32.733333333333334,1.1454800367355347,1.6057583689400465
COHFACE_s39_session2_natural,32,23,32.766666666666666,1.8205337524414062,1.786288666872533
COHFACE_s39_session2_natural,32,24,32.8,1.741362452507019,1.8043518535892593
COHFACE_s39_session2_natural,32,25,32.833333333333336,1.4152613878250122,1.6138467226022573
COHFACE_s39_session2_natural,32,26,32.86666666666667,1.1906545162200928,1.2073410827046975
COHFACE_s39_session2_natural,32,27,32.9,1.0252659320831299,0.6273833587726994
COHFACE_s39_session2_natural,32,28,32.93333333333333,0.8028368949890137,-0.03995314611719011
COHFACE_s39_session2_natural,32,29,32.96666666666667,0.6247335076332092,-0.6882432396606782
COHFACE_s39_session2_natural,32,30,33.0,0.5457223653793335,-1.2200614161285626
COHFACE_s39_session2_natural,32,31,33.03333333333333,0.4814757704734802,-1.5689986392006523
COHFACE_s39_session2_natural,32,32,33.06666666666667,0.34585651755332947,-1.7075387808162696
COHFACE_s39_session2_natural,32,33,33.1,0.1375194638967514,-1.6434446612362705
COHFACE_s39_session2_natural,32,34,33.13333333333333,-0.0927562415599823,-1.411252435453406
COHFACE_s39_session2_natural,32,35,33.166666666666664,-0.31540945172309875,-1.063506643772975
COHFACE_s39_session2_natural,32,36,33.2,-0.47927671670913696,-0.6625912018815793
COHFACE_s39_session2_natural,32,37,33.233333333333334,-0.5862316489219666,-0.271954098851656
COHFACE_s39_session2_natural,32,38,33.266666666666666,-0.6751551628112793,0.05353912558928039
COHFACE_s39_session2_natural,32,39,33.3,-0.7477769255638123,0.27609196801654756
COHFACE_s39_session2_natural,32,40,33.333333333333336,-0.7978994846343994,0.37927797007188735
COHFACE_s39_session2_natural,32,41,33.36666666666667,-0.8540912866592407,0.36683023926982744
COHFACE_s39_session2_natural,32,42,33.4,-0.9229817986488342,0.25800038868736236
COHFACE_s39_session2_natural,32,43,33.43333333333333,-0.9819919466972351,0.08317039869314008
COHFACE_s39_session2_natural,32,44,33.46666666666667,-1.0428917407989502,-0.11884205756070106
COHFACE_s39_session2_natural,32,45,33.5,-1.0871853828430176,-0.3035947104799198
COHFACE_s39_session2_natural,32,46,33.53333333333333,-1.1292850971221924,-0.4263944020989438
COHFACE_s39_session2_natural,32,47,33.56666666666667,-1.1856369972229004,-0.45069628590460276
COHFACE_s39_session2_natural,32,48,33.6,-1.1665968894958496,-0.35739998504161946
COHFACE_s39_session2_natural,32,49,33.63333333333333,-0.5991706252098083,-0.15135334613597617
COHFACE_s39_session2_natural,32,50,33.666666666666664,0.6396421790122986,0.138249177351721
COHFACE_s39_session2_natural,32,51,33.7,1.6229898929595947,0.4644874801232623
COHFACE_s39_session2_natural,32,52,33.733333333333334,1.7800192832946777,0.7739471125862764
COHFACE_s39_session2_natural,32,53,33.766666666666666,1.4797321557998657,1.0181470456630388
COHFACE_s39_session2_natural,32,54,33.8,1.177170991897583,1.1615427347848089
COHFACE_s39_session2_natural,32,55,33.833333333333336,0.9834544062614441,1.1851411153732319
COHFACE_s39_session2_natural,32,56,33.86666666666667,0.785622239112854,1.0871248730958176
COHFACE_s39_session2_natural,32,57,33.9,0.6021223068237305,0.8821786956459498
COHFACE_s39_session2_natural,32,58,33.93333333333333,0.517474353313446,0.5994653206658094
COHFACE_s39_session2_natural,32,59,33.96666666666667,0.48145976662635803,0.27789854374316864
COHFACE_s39_session2_natural,32,60,34.0,0.3746970295906067,-0.04149402566758666
COHFACE_s39_session2_natural,32,61,34.03333333333333,0.1849517673254013,-0.32394632081886654
COHFACE_s39_session2_natural,32,62,34.06666666666667,-0.039062608033418655,-0.5467524595889447
COHFACE_s39_session2_natural,32,63,34.1,-0.26333320140838623,-0.7004989015015605
COHFACE_s39_session2_natural,32,64,34.13333333333333,-0.44105222821235657,-0.7866735014262557
COHFACE_s39_session2_natural,32,65,34.166666666666664,-0.558736264705658,-0.814171686884231
COHFACE_s39_session2_natural,32,66,34.2,-0.642519474029541,-0.7958510623945446
COHFACE_s39_session2_natural,32,67,34.233333333333334,-0.7051486968994141,-0.7446504517765317
COHFACE_s39_session2_natural,32,68,34.266666666666666,-0.7564562559127808,-0.6695819799994398
COHFACE_s39_session2_natural,32,69,34.3,-0.8014865517616272,-0.5736056237188509
COHFACE_s39_session2_natural,32,70,34.333333333333336,-0.8514650464057922,-0.45527624615738077
COHFACE_s39_session2_natural,32,71,34.36666666666667,-0.9036213755607605,-0.3137308961986171
COHFACE_s39_session2_natural,32,72,34.4,-0.952142596244812,-0.15383890783292958
COHFACE_s39_session2_natural,32,73,34.43333333333333,-0.9993507266044617,0.011982901532724318
COHFACE_s39_session2_natural,32,74,34.46666666666667,-1.0596579313278198,0.16589662183951528
COHFACE_s39_session2_natural,32,75,34.5,-1.1215345859527588,0.28879233084521905
COHFACE_s39_session2_natural,32,76,34.53333333333333,-0.9680601358413696,0.36517256307291673
COHFACE_s39_session2_natural,32,77,34.56666666666667,-0.0872635692358017,0.3885139490359519
COHFACE_s39_session2_natural,32,78,34.6,1.1457523107528687,0.3654063826525349
COHFACE_s39_session2_natural,32,79,34.63333333333333,1.7574561834335327,0.31533502587282336
COHFACE_s39_session2_natural,32,80,34.666666666666664,1.6356886625289917,0.264660365428808
COHFACE_s39_session2_natural,32,81,34.7,1.2665269374847412,0.23687439986245068
COHFACE_s39_session2_natural,32,82,34.733333333333334,0.9652469158172607,0.24350317765636728
COHFACE_s39_session2_natural,32,83,34.766666666666666,0.7414887547492981,0.27963547185697607
COHFACE_s39_session2_natural,32,84,34.8,0.5522559285163879,0.32553201146658955
COHFACE_s39_session2_natural,32,85,34.833333333333336,0.48142772912979126,0.35328143390460304
COHFACE_s39_session2_natural,32,86,34.86666666666667,0.5030621290206909,0.3364663997726967
COHFACE_s39_session2_natural,32,87,34.9,0.47923386096954346,0.26004997863783924
COHFACE_s39_session2_natural,32,88,34.93333333333333,0.33105993270874023,0.12640770847641636
COHFACE_s39_session2_natural,32,89,34.96666666666667,0.10816651582717896,-0.04584824772648842
COHFACE_s39_session2_natural,32,90,35.0,-0.12516778707504272,-0.22941744933273478
COHFACE_s39_session2_natural,32,91,35.03333333333333,-0.31837198138237,-0.3974017560887555
COHFACE_s39_session2_natural,32,92,35.06666666666667,-0.46404778957366943,-0.5292188471548084
COHFACE_s39_session2_natural,32,93,35.1,-0.5591205954551697,-0.6119670864608564
COHFACE_s39_session2_natural,32,94,35.13333333333333,-0.6190114617347717,-0.6391906107421244
COHFACE_s39_session2_natural,32,95,35.166666666666664,-0.6607429385185242,-0.609927947820706
COHFACE_s39_session2_natural,32,96,35.2,-0.6952202320098877,-0.5291398378247493
COHFACE_s39_session2_natural,32,97,35.233333333333334,-0.732499897480011,-0.4080878387179274
COHFACE_s39_session2_natural,32,98,35.266666666666666,-0.7813253998756409,-0.2624196097568493
COHFACE_s39_session2_natural,32,99,35.3,-0.8367485404014587,-0.10748826784804605
COHFACE_s39_session2_natural,32,100,35.333333333333336,-0.908713698387146,0.04650724390154621
COHFACE_s39_session2_natural,32,101,35.36666666666667,-0.9679640531539917,0.1958369219724111
COHFACE_s39_session2_natural,32,102,35.4,-0.6496294736862183,0.3398875747391027
COHFACE_s39_session2_natural,32,103,35.43333333333333,0.41630038619041443,0.4760065641584318
COHFACE_s39_session2_natural,32,104,35.46666666666667,1.5581988096237183,0.5971061434322409
COHFACE_s39_session2_natural,32,105,35.5,1.9475537538528442,0.6944448791397294
COHFACE_s39_session2_natural,32,106,35.53333333333333,1.7123137712478638,0.7633753934432125
COHFACE_s39_session2_natural,32,107,35.56666666666667,1.3736740350723267,0.8067508955170895
COHFACE_s39_session2_natural,32,108,35.6,1.1434943675994873,0.8321272837333996
COHFACE_s39_session2_natural,32,109,35.63333333333333,0.9350452423095703,0.8436196339275702
COHFACE_s39_session2_natural,32,110,35.666666666666664,0.7149061560630798,0.8336814816931389
COHFACE_s39_session2_natural,32,111,35.7,0.6123069524765015,0.7810812934292003
COHFACE_s39_session2_natural,32,112,35.733333333333334,0.5811765193939209,0.6579879034821995
COHFACE_s39_session2_natural,32,113,35.766666666666666,0.49327778816223145,0.4433814759957261
COHFACE_s39_session2_natural,32,114,35.8,0.3209393322467804,0.13559503443042092
COHFACE_s39_session2_natural,32,115,35.833333333333336,0.0859716534614563,-0.2431452085304593
COHFACE_s39_session2_natural,32,116,35.86666666666667,-0.15881237387657166,-0.6524120984847678
COHFACE_s39_session2_natural,32,117,35.9,-0.35446664690971375,-1.0458608003874612
COHFACE_s39_session2_natural,32,118,35.93333333333333,-0.49083855748176575,-1.3837917937726816
COHFACE_s39_session2_natural,32,119,35.96666666666667,-0.583381175994873,-1.6407325091219616
COHFACE_s39_session2_natural,32,120,36.0,-0.6603425741195679,-1.8058533764921885
COHFACE_s39_session2_natural,32,121,36.03333333333333,-0.7208420038223267,-1.8774423363511135
COHFACE_s39_session2_natural,32,122,36.06666666666667,-0.7665128111839294,-1.855064068857752
COHFACE_s39_session2_natural,32,123,36.1,-0.7930313944816589,-1.7335715974067214
COHFACE_s39_session2_natural,32,124,36.13333333333333,-0.833673894405365,-1.5018750709737
COHFACE_s39_session2_natural,32,125,36.166666666666664,-0.9022281765937805,-1.147426519109053
COHFACE_s39_session2_natural,32,126,36.2,-0.9594928622245789,-0.6655985864553722
COHFACE_s39_session2_natural,32,127,36.233333333333334,-0.6382918357849121,-0.07098600459462981
COHFACE_s39_session2_natural,32,128,36.266666666666666,0.4851909279823303,0.5947245962389257
COHFACE_s39_session2_natural,32,129,36.3,1.7193117141723633,1.2637558884169455
COHFACE_s39_session2_natural,32,130,36.333333333333336,2.180391550064087,1.8537563563502846
COHFACE_s39_session2_natural,32,131,36.36666666666667,2.0045621395111084,2.2862755668093198
COHFACE_s39_session2_natural,32,132,36.4,1.7245001792907715,2.505585684929806
COHFACE_s39_session2_natural,32,133,36.43333333333333,1.5554124116897583,2.4915532256659447
COHFACE_s39_session2_natural,32,134,36.46666666666667,1.3711118698120117,2.2630571513550715
COHFACE_s39_session2_natural,32,135,36.5,1.068646788597107,1.871640238515966
COHFACE_s39_session2_natural,32,136,36.53333333333333,0.8287469148635864,1.3872837092831882
COHFACE_s39_session2_natural,32,137,36.56666666666667,0.7175964117050171,0.8801597636989925
COHFACE_s39_session2_natural,32,138,36.6,0.6292653679847717,0.40434236355898673
COHFACE_s39_session2_natural,32,139,36.63333333333333,0.4659745991230011,-0.010472862938160625
COHFACE_s39_session2_natural,32,140,36.666666666666664,0.22529004514217377,-0.35685703575722433
COHFACE_s39_session2_natural,32,141,36.7,-0.021111352369189262,-0.6402122676507018
COHFACE_s39_session2_natural,32,142,36.733333333333334,-0.23966509103775024,-0.8686602690320269
COHFACE_s39_session2_natural,32,143,36.766666666666666,-0.4006979465484619,-1.0479195832436319
COHFACE_s39_session2_natural,32,144,36.8,-0.5116081833839417,-1.1817957721705576
COHFACE_s39_session2_natural,32,145,36.833333333333336,-0.6010121703147888,-1.2745806501572154
COHFACE_s39_session2_natural,32,146,36.86666666666667,-0.6814965605735779,-1.331849921430862
COHFACE_s39_session2_natural,32,147,36.9,-0.7581056952476501,-1.358938470019969
COHFACE_s39_session2_natural,32,148,36.93333333333333,-0.8201264142990112,-1.3581909745720666
COHFACE_s39_session2_natural,32,149,36.96666666666667,-0.8730834126472473,-1.3264014030850133
COHFACE_s39_session2_natural,32,150,37.0,-0.9250475764274597,-1.2536606947922087
COHFACE_s39_session2_natural,32,151,37.03333333333333,-0.9906553030014038,-1.124482684476963
COHFACE_s39_session2_natural,32,152,37.06666666666667,-1.056903600692749,-0.9215273831069208
COHFACE_s39_session2_natural,32,153,37.1,-1.0208890438079834,-0.631509602971185
COHFACE_s39_session2_natural,32,154,37.13333333333333,-0.34139955043792725,-0.25210955606139684
COHFACE_s39_session2_natural,32,155,37.166666666666664,1.0317354202270508,0.20184493092964353
COHFACE_s39_session2_natural,32,156,37.2,2.024322986602783,0.6948711041328339
COHFACE_s39_session2_natural,32,157,37.233333333333334,2.1174261569976807,1.172111388615175
COHFACE_s39_session2_natural,32,158,37.266666666666666,1.8093723058700562,1.5673268187213827
COHFACE_s39_session2_natural,32,159,37.3,1.5771108865737915,1.8174586041868017
COHFACE_s39_session2_natural,32,160,37.333333333333336,1.427031397819519,1.8795797533151772
COHFACE_s39_session2_natural,32,161,37.36666666666667,1.1636234521865845,1.7435554617903086
COHFACE_s39_session2_natural,32,162,37.4,0.8724960684776306,1.4355138566906362
COHFACE_s39_session2_natural,32,163,37.43333333333333,0.7098938822746277,1.0112254385135113
COHFACE_s39_session2_natural,32,164,37.46666666666667,0.6240449547767639,0.5416369701938039
COHFACE_s39_session2_natural,32,165,37.5,0.4933578670024872,0.09516011884379487
COHFACE_s39_session2_natural,32,166,37.53333333333333,0.2836596667766571,-0.276891229292674
COHFACE_s39_session2_natural,32,167,37.56666666666667,0.025568317621946335,-0.5466253535004958
COHFACE_s39_session2_natural,32,168,37.6,-0.21865522861480713,-0.7078162607925713
COHFACE_s39_session2_natural,32,169,37.63333333333333,-0.40699130296707153,-0.7706514075409217
COHFACE_s39_session2_natural,32,170,37.666666666666664,-0.5430428981781006,-0.756961971435891
COHFACE_s39_session2_natural,32,171,37.7,-0.6476117968559265,-0.6965542993792057
COHFACE_s39_session2_natural,32,172,37.733333333333334,-0.7276318073272705,-0.6232697929408678
COHFACE_s39_session2_natural,32,173,37.766666666666666,-0.8053297996520996,-0.5694107901965713
COHFACE_s39_session2_natural,32,174,37.8,-0.8755655288696289,-0.5581755223404488
COHFACE_s39_session2_natural,32,175,37.833333333333336,-0.9512298107147217,-0.5956072630876921
COHFACE_s39_session2_natural,32,176,37.86666666666667,-1.0214494466781616,-0.6657573229567993
COHFACE_s39_session2_natural,32,177,37.9,-1.1023662090301514,-0.7332427166936512
COHFACE_s39_session2_natural,32,178,37.93333333333333,-1.1648833751678467,-0.7546414349061829
COHFACE_s39_session2_natural,32,179,37.96666666666667,-1.2038925886154175,-0.6952157476354686
COHFACE_s39_session2_natural,32,180,38.0,-1.2425974607467651,-0.5432453810662579
COHFACE_s39_session2_natural,32,181,38.03333333333333,-1.2980846166610718,-0.31434172177941766
COHFACE_s39_session2_natural,32,182,38.06666666666667,-1.3165643215179443,-0.04357295028390215
COHFACE_s39_session2_natural,32,183,38.1,-0.8543314933776855,0.2295946141386051
COHFACE_s39_session2_natural,32,184,38.13333333333333,0.450473427772522,0.47466781229407823
COHFACE_s39_session2_natural,32,185,38.166666666666664,1.6940582990646362,0.6748911352201162
COHFACE_s39_session2_natural,32,186,38.2,2.009718656539917,0.8230415205405717
COHFACE_s39_session2_natural,32,187,38.233333333333334,1.7025935649871826,0.9142477329608784
COHFACE_s39_session2_natural,32,188,38.266666666666666,1.370182991027832,0.9432029414123626
COHFACE_s39_session2_natural,32,189,38.3,1.190045952796936,0.9083869502950666
COHFACE_s39_session2_natural,32,190,38.333333333333336,0.981692910194397,0.8184891611017953
COHFACE_s39_session2_natural,32,191,38.36666666666667,0.7194059491157532,0.6933589227440268
COHFACE_s39_session2_natural,32,192,38.4,0.5612875819206238,0.557079453986491
COHFACE_s39_session2_natural,32,193,38.43333333333333,0.48599159717559814,0.4280840496392787
COHFACE_s39_session2_natural,32,194,38.46666666666667,0.3755457401275635,0.31313192828685554
COHFACE_s39_session2_natural,32,195,38.5,0.17676880955696106,0.2083393762391844
COHFACE_s39_session2_natural,32,196,38.53333333333333,-0.07189051061868668,0.10545254532107387
COHFACE_s39_session2_natural,32,197,38.56666666666667,-0.322487473487854,-0.0012794626221008121
COHFACE_s39_session2_natural,32,198,38.6,-0.5237625241279602,-0.11149384649850355
COHFACE_s39_session2_natural,32,199,38.63333333333333,-0.6697425842285156,-0.21923914435718184
COHFACE_s39_session2_natural,32,200,38.666666666666664,-0.7856491208076477,-0.3158479343735065
COHFACE_s39_session2_natural,32,201,38.7,-0.8692241311073303,-0.39267662689382027
COHFACE_s39_session2_natural,32,202,38.733333333333334,-0.9283623695373535,-0.44256890576001623
COHFACE_s39_session2_natural,32,203,38.766666666666666,-0.9879329800605774,-0.4606882376435477
COHFACE_s39_session2_natural,32,204,38.8,-1.0574480295181274,-0.4458944315002117
COHFACE_s39_session2_natural,32,205,38.833333333333336,-1.130982518196106,-0.4027889945370353
COHFACE_s39_session2_natural,32,206,38.86666666666667,-1.1957896947860718,-0.34294041724509994
COHFACE_s39_session2_natural,32,207,38.9,-1.2520134449005127,-0.2833821374227529
COHFACE_s39_session2_natural,32,208,38.93333333333333,-1.3080130815505981,-0.24207404363271193
COHFACE_s39_session2_natural,32,209,38.96666666666667,-1.3425543308258057,-0.23220428417988687
COHFACE_s39_session2_natural,32,210,39.0,-1.3665428161621094,-0.25802635101149923
COHFACE_s39_session2_natural,32,211,39.03333333333333,-1.402605414390564,-0.31383573685276195
COHFACE_s39_session2_natural,32,212,39.06666666666667,-1.375590443611145,-0.38564753134974594
COHFACE_s39_session2_natural,32,213,39.1,-0.7597871422767639,-0.4540946723285725
COHFACE_s39_session2_natural,32,214,39.13333333333333,0.6398823857307434,-0.4978821904419969
COHFACE_s39_session2_natural,32,215,39.166666666666664,1.7792507410049438,-0.49794674270579803
COHFACE_s39_session2_natural,32,216,39.2,1.9533185958862305,-0.4416558601713276
COHFACE_s39_session2_natural,32,217,39.233333333333334,1.5768706798553467,-0.32536259922917654
COHFACE_s39_session2_natural,32,218,39.266666666666666,1.211936593055725,-0.15428600789170946
COHFACE_s39_session2_natural,32,219,39.3,0.9929344058036804,0.05947709901472359
COHFACE_s39_session2_natural,32,220,39.333333333333336,0.7763984203338623,0.2987625909727337
COHFACE_s39_session2_natural,32,221,39.36666666666667,0.5697427988052368,0.5416928848892533
COHFACE_s39_session2_natural,32,222,39.4,0.48624783754348755,0.7617361758964685
COHFACE_s39_session2_natural,32,223,39.43333333333333,0.44600561261177063,0.9299830147934889
COHFACE_s39_session2_natural,32,224,39.46666666666667,0.34106844663619995,1.020493908342201
COHFACE_s39_session2_natural,32,225,39.5,0.14265982806682587,1.0167765522186125
COHFACE_s39_session2_natural,32,226,39.53333333333333,-0.10356542468070984,0.9163044895043045
COHFACE_s39_session2_natural,32,227,39.56666666666667,-0.3399583101272583,0.7309487361627521
COHFACE_s39_session2_natural,32,228,39.6,-0.5392316579818726,0.48321736947924854
COHFACE_s39_session2_natural,32,229,39.63333333333333,-0.6794628500938416,0.20013053245170184
COHFACE_s39_session2_natural,32,230,39.666666666666664,-0.7806848883628845,-0.09247880787468786
COHFACE_s39_session2_natural,32,231,39.7,-0.8441948294639587,-0.372806945628336
COHFACE_s39_session2_natural,32,232,39.733333333333334,-0.8868230581283569,-0.6221908743236844
COHFACE_s39_session2_natural,32,233,39.766666666666666,-0.9417977929115295,-0.8219280400199933
COHFACE_s39_session2_natural,32,234,39.8,-0.9950430393218994,-0.9511950424537022
COHFACE_s39_session2_natural,32,235,39.833333333333336,-1.045469880104065,-0.9891844344847582
COHFACE_s39_session2_natural,32,236,39.86666666666667,-1.1066418886184692,-0.9215510971219611
COHFACE_s39_session2_natural,32,237,39.9,-1.164819359779358,-0.7478873454289242
COHFACE_s39_session2_natural,32,238,39.93333333333333,-1.216767430305481,-0.4859838620248832
COHFACE_s39_session2_natural,32,239,39.96666666666667,-1.2691320180892944,-0.17043175252092121
COHFACE_s39_session2_natural,33,0,33.0,0.5457223653793335,-0.019516438633011838
COHFACE_s39_session2_natural,33,1,33.03333333333333,0.4814757704734802,-0.19419694463317816
COHFACE_s39_session2_natural,33,2,33.06666666666667,0.34585651755332947,-0.3369456701576364
COHFACE_s39_session2_natural,33,3,33.1,0.1375194638967514,-0.4243021527115064
COHFACE_s39_session2_natural,33,4,33.13333333333333,-0.0927562415599823,-0.44993362837099715
COHFACE_s39_session2_natural,33,5,33.166666666666664,-0.31540945172309875,-0.42679475487539853
COHFACE_s39_session2_natural,33,6,33.2,-0.47927671670913696,-0.3822014330285398
COHFACE_s39_session2_natural,33,7,33.233333333333334,-0.5862316489219666,-0.34679174882946306
COHFACE_s39_session2_natural,33,8,33.266666666666666,-0.6751551628112793,-0.3422463011385703
COHFACE_s39_session2_natural,33,9,33.3,-0.7477769255638123,-0.37414758874242543
COHFACE_s39_session2_natural,33,10,33.333333333333336,-0.7978994846343994,-0.43338475746372995
COHFACE_s39_session2_natural,33,11,33.36666666666667,-0.8540912866592407,-0.5041292102866081
COHFACE_s39_session2_natural,33,12,33.4,-0.9229817986488342,-0.5725032871472254
COHFACE_s39_session2_natural,33,13,33.43333333333333,-0.9819919466972351,-0.6302884962382587
COHFACE_s39_session2_natural,33,14,33.46666666666667,-1.0428917407989502,-0.672246862236628
COHFACE_s39_session2_natural,33,15,33.5,-1.0871853828430176,-0.6904386158357909
COHFACE_s39_session2_natural,33,16,33.53333333333333,-1.1292850971221924,-0.6706989492902625
COHFACE_s39_session2_natural,33,17,33.56666666666667,-1.1856369972229004,-0.5945186896546811
COHFACE_s39_session2_natural,33,18,33.6,-1.1665968894958496,-0.44571029269508705
COHFACE_s39_session2_natural,33,19,33.63333333333333,-0.5991706252098083,-0.2181971639889632
COHFACE_s39_session2_natural,33,20,33.666666666666664,0.6396421790122986,0.07903586480009112
COHFACE_s39_session2_natural,33,21,33.7,1.6229898929595947,0.42176721596387495
COHFACE_s39_session2_natural,33,22,33.733333333333334,1.7800192832946777,0.7744873061444351
COHFACE_s39_session2_natural,33,23,33.766666666666666,1.4797321557998657,1.0963343601894986
COHFACE_s39_session2_natural,33,24,33.8,1.177170991897583,1.3471705785314527
COHFACE_s39_session2_natural,33,25,33.833333333333336,0.9834544062614441,1.4932249936536441
COHFACE_s39_session2_natural,33,26,33.86666666666667,0.785622239112854,1.5125595880559541
COHFACE_s39_session2_natural,33,27,33.9,0.6021223068237305,1.400004799349246
COHFACE_s39_session2_natural,33,28,33.93333333333333,0.517474353313446,1.1696126180995994
COHFACE_s39_session2_natural,33,29,33.96666666666667,0.48145976662635803,0.8523961687306305
COHFACE_s39_session2_natural,33,30,34.0,0.3746970295906067,0.4894496153279127
COHFACE_s39_session2_natural,33,31,34.03333333333333,0.1849517673254013,0.1232586943920544
COHFACE_s39_session2_natural,33,32,34.06666666666667,-0.039062608033418655,-0.20953362648218105
COHFACE_s39_session2_natural,33,33,34.1,-0.26333320140838623,-0.48229275930758575
COHFACE_s39_session2_natural,33,34,34.13333333333333,-0.44105222821235657,-0.6798680049644166
COHFACE_s39_session2_natural,33,35,34.166666666666664,-0.558736264705658,-0.7985425080474385
COHFACE_s39_session2_natural,33,36,34.2,-0.642519474029541,-0.8448871636313676
COHFACE_s39_session2_natural,33,37,34.233333333333334,-0.7051486968994141,-0.8330979989006188
COHFACE_s39_session2_natural,33,38,34.266666666666666,-0.7564562559127808,-0.7807835148719396
COHFACE_s39_session2_natural,33,39,34.3,-0.8014865517616272,-0.7043575016512327
COHFACE_s39_session2_natural,33,40,34.333333333333336,-0.8514650464057922,-0.6158625399669507
COHFACE_s39_session2_natural,33,41,34.36666666666667,-0.9036213755607605,-0.5222801146015922
COHFACE_s39_session2_natural,33,42,34.4,-0.952142596244812,-0.4265819135709036
COHFACE_s39_session2_natural,33,43,34.43333333333333,-0.9993507266044617,-0.32905599662555596
COHFACE_s39_session2_natural,33,44,34.46666666666667,-1.0596579313278198,-0.22875276115216184
COHFACE_s39_session2_natural,33,45,34.5,-1.1215345859527588,-0.12566481054455983
COHFACE_s39_session2_natural,33,46,34.53333333333333,-0.9680601358413696,-0.022647643701119383
COHFACE_s39_session2_natural,33,47,34.56666666666667,-0.0872635692358017,0.07506130635287436
COHFACE_s39_session2_natural,33,48,34.6,1.1457523107528687,0.1629178305272764
COHFACE_s39_session2_natural,33,49,34.63333333333333,1.7574561834335327,0.2402456491683876
COHFACE_s39_session2_natural,33,50,34.666666666666664,1.6356886625289917,0.31083437582620577
COHFACE_s39_session2_natural,33,51,34.7,1.2665269374847412,0.38021922106388145
COHFACE_s39_session2_natural,33,52,34.733333333333334,0.9652469158172607,0.45090070110426717
COHFACE_s39_session2_natural,33,53,34.766666666666666,0.7414887547492981,0.5177349493774769
COHFACE_s39_session2_natural,33,54,34.8,0.5522559285163879,0.565645628010789
COHFACE_s39_session2_natural,33,55,34.833333333333336,0.48142772912979126,0.5713749961267554
COHFACE_s39_session2_natural,33,56,34.86666666666667,0.5030621290206909,0.51034351519083
COHFACE_s39_session2_natural,33,57,34.9,0.47923386096954346,0.36746568623770587
COHFACE_s39_session2_natural,33,58,34.93333333333333,0.33105993270874023,0.1470552271540437
COHFACE_s39_session2_natural,33,59,34.96666666666667,0.10816651582717896,-0.12439468249346025
COHFACE_s39_session2_natural,33,60,35.0,-0.12516778707504272,-0.4050149751886667
COHFACE_s39_session2_natural,33,61,35.03333333333333,-0.31837198138237,-0.6505128889398106
COHFACE_s39_session2_natural,33,62,35.06666666666667,-0.46404778957366943,-0.8265550587643904
COHFACE_s39_session2_natural,33,63,35.1,-0.5591205954551697,-0.9151002923815005
COHFACE_s39_session2_natural,33,64,35.13333333333333,-0.6190114617347717,-0.9136553052513829
COHFACE_s39_session2_natural,33,65,35.166666666666664,-0.6607429385185242,-0.8304274375029103
COHFACE_s39_session2_natural,33,66,35.2,-0.6952202320098877,-0.6790554964934337
COHFACE_s39_session2_natural,33,67,35.233333333333334,-0.732499897480011,-0.4748074852227744
COHFACE_s39_session2_natural,33,68,35.266666666666666,-0.7813253998756409,-0.23230636274109348
COHFACE_s39_session2_natural,33,69,35.3,-0.8367485404014587,0.03545877890656307
COHFACE_s39_session2_natural,33,70,35.333333333333336,-0.908713698387146,0.3161710421893711
COHFACE_s39_session2_natural,33,71,35.36666666666667,-0.9679640531539917,0.5948035044599471
COHFACE_s39_session2_natural,33,72,35.4,-0.6496294736862183,0.8498084843932396
COHFACE_s39_session2_natural,33,73,35.43333333333333,0.41630038619041443,1.052954740220081
COHFACE_s39_session2_natural,33,74,35.46666666666667,1.5581988096237183,1.1756056811846276
COHFACE_s39_session2_natural,33,75,35.5,1.9475537538528442,1.199939214896356
COHFACE_s39_session2_natural,33,76,35.53333333333333,1.7123137712478638,1.1291615165323812
COHFACE_s39_session2_natural,33,77,35.56666666666667,1.3736740350723267,0.9896556927134402
COHFACE_s39_session2_natural,33,78,35.6,1.1434943675994873,0.8218220662777774
COHFACE_s39_session2_natural,33,79,35.63333333333333,0.9350452423095703,0.6628917516580289
COHFACE_s39_session2_natural,33,80,35.666666666666664,0.7149061560630798,0.5301640682357763
COHFACE_s39_session2_natural,33,81,35.7,0.6123069524765015,0.413665258096297
COHFACE_s39_session2_natural,33,82,35.733333333333334,0.5811765193939209,0.28242175415531406
COHFACE_s39_session2_natural,33,83,35.766666666666666,0.49327778816223145,0.10110219550678698
COHFACE_s39_session2_natural,33,84,35.8,0.3209393322467804,-0.15190636804238855
COHFACE_s39_session2_natural,33,85,35.833333333333336,0.0859716534614563,-0.4741776369341497
COHFACE_s39_session2_natural,33,86,35.86666666666667,-0.15881237387657166,-0.8403575797920468
COHFACE_s39_session2_natural,33,87,35.9,-0.35446664690971375,-1.2115951174691864
COHFACE_s39_session2_natural,33,88,35.93333333333333,-0.49083855748176575,-1.5469489202010813
COHFACE_s39_session2_natural,33,89,35.96666666666667,-0.583381175994873,-1.8114333468250934
COHFACE_s39_session2_natural,33,90,36.0,-0.6603425741195679,-1.978660812949997
COHFACE_s39_session2_natural,33,91,36.03333333333333,-0.7208420038223267,-2.029513512211086
COHFACE_s39_session2_natural,33,92,36.06666666666667,-0.7665128111839294,-1.950216026837977
COHFACE_s39_session2_natural,33,93,36.1,-0.7930313944816589,-1.7325641886989582
COHFACE_s39_session2_natural,33,94,36.13333333333333,-0.833673894405365,-1.376507033683311
COHFACE_s39_session2_natural,33,95,36.166666666666664,-0.9022281765937805,-0.8933628892876891
COHFACE_s39_session2_natural,33,96,36.2,-0.9594928622245789,-0.3082957066467215
COHFACE_s39_session2_natural,33,97,36.233333333333334,-0.6382918357849121,0.3385582687159036
COHFACE_s39_session2_natural,33,98,36.266666666666666,0.4851909279823303,0.9935329796797316
COHFACE_s39_session2_natural,33,99,36.3,1.7193117141723633,1.5949562720163128
COHFACE_s39_session2_natural,33,100,36.333333333333336,2.180391550064087,2.0824406925305072
COHFACE_s39_session2_natural,33,101,36.36666666666667,2.0045621395111084,2.4072374466627204
COHFACE_s39_session2_natural,33,102,36.4,1.7245001792907715,2.5403326190962603
COHFACE_s39_session2_natural,33,103,36.43333333333333,1.5554124116897583,2.4763025845060707
COHFACE_s39_session2_natural,33,104,36.46666666666667,1.3711118698120117,2.2328886825318106
COHFACE_s39_session2_natural,33,105,36.5,1.068646788597107,1.8471350646544071
COHFACE_s39_session2_natural,33,106,36.53333333333333,0.8287469148635864,1.3684338465469288
COHFACE_s39_session2_natural,33,107,36.56666666666667,0.7175964117050171,0.8490071194758301
COHFACE_s39_session2_natural,33,108,36.6,0.6292653679847717,0.3343617900831561
COHFACE_s39_session2_natural,33,109,36.63333333333333,0.4659745991230011,-0.14261600686558867
COHFACE_s39_session2_natural,33,110,36.666666666666664,0.22529004514217377,-0.562357913524318
COHFACE_s39_session2_natural,33,111,36.7,-0.021111352369189262,-0.9157702831929688
COHFACE_s39_session2_natural,33,112,36.733333333333334,-0.23966509103775024,-1.2007329776178037
COHFACE_s39_session2_natural,33,113,36.766666666666666,-0.4006979465484619,-1.4195825613770752
COHFACE_s39_session2_natural,33,114,36.8,-0.5116081833839417,-1.5771617365791717
COHFACE_s39_session2_natural,33,115,36.833333333333336,-0.6010121703147888,-1.6783249473830577
COHFACE_s39_session2_natural,33,116,36.86666666666667,-0.6814965605735779,-1.7251798002815009
COHFACE_s39_session2_natural,33,117,36.9,-0.7581056952476501,-1.7156563898744168
COHFACE_s39_session2_natural,33,118,36.93333333333333,-0.8201264142990112,-1.644236283317031
COHFACE_s39_session2_natural,33,119,36.96666666666667,-0.8730834126472473,-1.5039664822168457
COHFACE_s39_session2_natural,33,120,37.0,-0.9250475764274597,-1.2883099631422046
COHFACE_s39_session2_natural,33,121,37.03333333333333,-0.9906553030014038,-0.9924011877346869
COHFACE_s39_session2_natural,33,122,37.06666666666667,-1.056903600692749,-0.6148303200816314
COHFACE_s39_session2_natural,33,123,37.1,-1.0208890438079834,-0.161352889363922
COHFACE_s39_session2_natural,33,124,37.13333333333333,-0.34139955043792725,0.3498872715611814
COHFACE_s39_session2_natural,33,125,37.166666666666664,1.0317354202270508,0.8843181815635134
COHFACE_s39_session2_natural,33,126,37.2,2.024322986602783,1.3914132265711896
COHFACE_s39_session2_natural,33,127,37.233333333333334,2.1174261569976807,1.8114634746943068
COHFACE_s39_session2_natural,33,128,37.266666666666666,1.8093723058700562,2.0875785836118372
COHFACE_s39_session2_natural,33,129,37.3,1.5771108865737915,2.179241977940359
COHFACE_s39_session2_natural,33,130,37.333333333333336,1.427031397819519,2.0728016803688636
COHFACE_s39_session2_natural,33,131,37.36666666666667,1.1636234521865845,1.7854482421237925
COHFACE_s39_session2_natural,33,132,37.4,0.8724960684776306,1.361786663483338
COHFACE_s39_session2_natural,33,133,37.43333333333333,0.7098938822746277,0.8642940685718795
COHFACE_s39_session2_natural,33,134,37.46666666666667,0.6240449547767639,0.35982311857032767
COHFACE_s39_session2_natural,33,135,37.5,0.4933578670024872,-0.09483252009603399
COHFACE_s39_session2_natural,33,136,37.53333333333333,0.2836596667766571,-0.46379054595437086
COHFACE_s39_session2_natural,33,137,37.56666666666667,0.025568317621946335,-0.7352060024067785
COHFACE_s39_session2_natural,33,138,37.6,-0.21865522861480713,-0.916385929820443
COHFACE_s39_session2_natural,33,139,37.63333333333333,-0.40699130296707153,-1.0247935390691199
COHFACE_s39_session2_natural,33,140,37.666666666666664,-0.5430428981781006,-1.0797152769699965
COHFACE_s39_session2_natural,33,141,37.7,-0.6476117968559265,-1.097298404758669
COHFACE_s39_session2_natural,33,142,37.733333333333334,-0.7276318073272705,-1.0889906369148066
COHFACE_s39_session2_natural,33,143,37.766666666666666,-0.8053297996520996,-1.0616359392140304
COHFACE_s39_session2_natural,33,144,37.8,-0.8755655288696289,-1.0172653057293162
COHFACE_s39_session2_natural,33,145,37.833333333333336,-0.9512298107147217,-0.9521174200680603
COHFACE_s39_session2_natural,33,146,37.86666666666667,-1.0214494466781616,-0.856654365907804
COHFACE_s39_session2_natural,33,147,37.9,-1.1023662090301514,-0.7189991736836738
COHFACE_s39_session2_natural,33,148,37.93333333333333,-1.1648833751678467,-0.5320201469125817
COHFACE_s39_session2_natural,33,149,37.96666666666667,-1.2038925886154175,-0.30090342986667373
COHFACE_s39_session2_natural,33,150,38.0,-1.2425974607467651,-0.04630007898716661
COHFACE_s39_session2_natural,33,151,38.03333333333333,-1.2980846166610718,0.20037973825810818
COHFACE_s39_session2_natural,33,152,38.06666666666667,-1.3165643215179443,0.408598512590018
COHFACE_s39_session2_natural,33,153,38.1,-0.8543314933776855,0.5615542898953396
COHFACE_s39_session2_natural,33,154,38.13333333333333,0.450473427772522,0.6625726904830621
COHFACE_s39_session2_natural,33,155,38.166666666666664,1.6940582990646362,0.7302698189748966
COHFACE_s39_session2_natural,33,156,38.2,2.009718656539917,0.7847882580948481
COHFACE_s39_session2_natural,33,157,38.233333333333334,1.7025935649871826,0.8337439213797114
COHFACE_s39_session2_natural,33,158,38.266666666666666,1.370182991027832,0.8672010553333451
COHFACE_s39_session2_natural,33,159,38.3,1.190045952796936,0.8650456421039484
COHFACE_s39_session2_natural,33,160,38.333333333333336,0.981692910194397,0.8112045146784067
COHFACE_s39_session2_natural,33,161,38.36666666666667,0.7194059491157532,0.7044665416041708
COHFACE_s39_session2_natural,33,162,38.4,0.5612875819206238,0.5593550989242746
COHFACE_s39_session2_natural,33,163,38.43333333333333,0.48599159717559814,0.39821909034430325
COHFACE_s39_session2_natural,33,164,38.46666666666667,0.3755457401275635,0.2407183416737064
COHFACE_s39_session2_natural,33,165,38.5,0.17676880955696106,0.09701673094331562
COHFACE_s39_session2_natural,33,166,38.53333333333333,-0.07189051061868668,-0.03236957892642146
COHFACE_s39_session2_natural,33,167,38.56666666666667,-0.322487473487854,-0.15147932002321096
COHFACE_s39_session2_natural,33,168,38.6,-0.5237625241279602,-0.2627785583902462
COHFACE_s39_session2_natural,33,169,38.63333333333333,-0.6697425842285156,-0.3638696362947493
COHFACE_s39_session2_natural,33,170,38.666666666666664,-0.7856491208076477,-0.4479593484486108
COHFACE_s39_session2_natural,33,171,38.7,-0.8692241311073303,-0.5064476121976289
COHFACE_s39_session2_natural,33,172,38.733333333333334,-0.9283623695373535,-0.5320126393920671
COHFACE_s39_session2_natural,33,173,38.766666666666666,-0.9879329800605774,-0.5216568988870545
COHFACE_s39_session2_natural,33,174,38.8,-1.0574480295181274,-0.479152281506318
COHFACE_s39_session2_natural,33,175,38.833333333333336,-1.130982518196106,-0.41556207395447
COHFACE_s39_session2_natural,33,176,38.86666666666667,-1.1957896947860718,-0.346558987705471
COHFACE_s39_session2_natural,33,177,38.9,-1.2520134449005127,-0.28684822771197854
COHFACE_s39_session2_natural,33,178,38.93333333333333,-1.3080130815505981,-0.24439156829842193
COHFACE_s39_session2_natural,33,179,38.96666666666667,-1.3425543308258057,-0.21798878925842483
COHFACE_s39_session2_natural,33,180,39.0,-1.3665428161621094,-0.1997120857439133
COHFACE_s39_session2_natural,33,181,39.03333333333333,-1.402605414390564,-0.18042160010592245
COHFACE_s39_session2_natural,33,182,39.06666666666667,-1.375590443611145,-0.15478136314222246
COHFACE_s39_session2_natural,33,183,39.1,-0.7597871422767639,-0.12293017371557105
COHFACE_s39_session2_natural,33,184,39.13333333333333,0.6398823857307434,-0.08851116284011079
COHFACE_s39_session2_natural,33,185,39.166666666666664,1.7792507410049438,-0.055029435761900225
COHFACE_s39_session2_natural,33,186,39.2,1.9533185958862305,-0.022866975553206888
COHFACE_s39_session2_natural,33,187,39.233333333333334,1.5768706798553467,0.011790784532772023
COHFACE_s39_session2_natural,33,188,39.266666666666666,1.211936593055725,0.056004323463622205
COHFACE_s39_session2_natural,33,189,39.3,0.9929344058036804,0.11745306672023574
COHFACE_s39_session2_natural,33,190,39.333333333333336,0.7763984203338623,0.20046489522825137
COHFACE_s39_session2_natural,33,191,39.36666666666667,0.5697427988052368,0.30160843951822813
COHFACE_s39_session2_natural,33,192,39.4,0.48624783754348755,0.4071255628064516
COHFACE_s39_session2_natural,33,193,39.43333333333333,0.44600561261177063,0.49468815870275584
COHFACE_s39_session2_natural,33,194,39.46666666666667,0.34106844663619995,0.5396735863754722
COHFACE_s39_session2_natural,33,195,39.5,0.14265982806682587,0.523261858104341
COHFACE_s39_session2_natural,33,196,39.53333333333333,-0.10356542468070984,0.43868631779222195
COHFACE_s39_session2_natural,33,197,39.56666666666667,-0.3399583101272583,0.29319445414381295
COHFACE_s39_session2_natural,33,198,39.6,-0.5392316579818726,0.10551241345026531
COHFACE_s39_session2_natural,33,199,39.63333333333333,-0.6794628500938416,-0.09947478913265918
COHFACE_s39_session2_natural,33,200,39.666666666666664,-0.7806848883628845,-0.2963700346491698
COHFACE_s39_session2_natural,33,201,39.7,-0.8441948294639587,-0.4631859641781071
COHFACE_s39_session2_natural,33,202,39.733333333333334,-0.8868230581283569,-0.582629333422188
COHFACE_s39_session2_natural,33,203,39.766666666666666,-0.9417977929115295,-0.6414579775533024
COHFACE_s39_session2_natural,33,204,39.8,-0.9950430393218994,-0.6300764097086957
COHFACE_s39_session2_natural,33,205,39.833333333333336,-1.045469880104065,-0.5443654286666081
COHFACE_s39_session2_natural,33,206,39.86666666666667,-1.1066418886184692,-0.38943517118312015
COHFACE_s39_session2_natural,33,207,39.9,-1.164819359779358,-0.18242484478535764
COHFACE_s39_session2_natural,33,208,39.93333333333333,-1.216767430305481,0.048956602609920234
COHFACE_s39_session2_natural,33,209,39.96666666666667,-1.2691320180892944,0.2729398702367081
COHFACE_s39_session2_natural,33,210,40.0,-1.324266791343689,0.46214814476294425
COHFACE_s39_session2_natural,33,211,40.03333333333333,-1.0811963081359863,0.5993737002691403
COHFACE_s39_session2_natural,33,212,40.06666666666667,-0.006667076610028744,0.6787590392844923
COHFACE_s39_session2_natural,33,213,40.1,1.3747148513793945,0.7038901011980209
COHFACE_s39_session2_natural,33,214,40.13333333333333,1.9570177793502808,0.6847562408859176
COHFACE_s39_session2_natural,33,215,40.166666666666664,1.7165573835372925,0.6342040063638387
COHFACE_s39_session2_natural,33,216,40.2,1.2705143690109253,0.5640829366275043
COHFACE_s39_session2_natural,33,217,40.233333333333334,0.9523399472236633,0.48186570337019013
COHFACE_s39_session2_natural,33,218,40.266666666666666,0.7209272980690002,0.38896299866106643
COHFACE_s39_session2_natural,33,219,40.3,0.5121418237686157,0.28167260579703596
COHFACE_s39_session2_natural,33,220,40.333333333333336,0.4377906322479248,0.15469043498804683
COHFACE_s39_session2_natural,33,221,40.36666666666667,0.4534519612789154,0.005676764262217636
COHFACE_s39_session2_natural,33,222,40.4,0.40131163597106934,-0.16164555291435062
COHFACE_s39_session2_natural,33,223,40.43333333333333,0.23465801775455475,-0.33763420853207815
COHFACE_s39_session2_natural,33,224,40.46666666666667,-0.0163873378187418,-0.5092974366714916
COHFACE_s39_session2_natural,33,225,40.5,-0.28009945154190063,-0.6625579360657292
COHFACE_s39_session2_natural,33,226,40.53333333333333,-0.5040177702903748,-0.7823808509888976
COHFACE_s39_session2_natural,33,227,40.56666666666667,-0.666139543056488,-0.8516408143329368
COHFACE_s39_session2_natural,33,228,40.6,-0.7683383822441101,-0.8515535418772101
COHFACE_s39_session2_natural,33,229,40.63333333333333,-0.8421450853347778,-0.7658571249193445
COHFACE_s39_session2_natural,33,230,40.666666666666664,-0.8877358436584473,-0.5879133990330634
COHFACE_s39_session2_natural,33,231,40.7,-0.9327821135520935,-0.3273033073618658
COHFACE_s39_session2_natural,33,232,40.733333333333334,-0.9845861792564392,-0.012654114495008043
COHFACE_s39_session2_natural,33,233,40.766666666666666,-1.0339081287384033,0.3105841420035342
COHFACE_s39_session2_natural,33,234,40.8,-1.0925178527832031,0.5870251659780982
COHFACE_s39_session2_natural,33,235,40.833333333333336,-1.1523607969284058,0.761921219175397
COHFACE_s39_session2_natural,33,236,40.86666666666667,-1.2233330011367798,0.7942732294361133
COHFACE_s39_session2_natural,33,237,40.9,-1.2444710731506348,0.6699834740110778
COHFACE_s39_session2_natural,33,238,40.93333333333333,-0.6997841000556946,0.4100846346568302
COHFACE_s39_session2_natural,33,239,40.96666666666667,0.7000455260276794,0.06885372000193157
COHFACE_s39_session2_natural,34,0,34.0,0.3746970295906067,0.018554520057805363
COHFACE_s39_session2_natural,34,1,34.03333333333333,0.1849517673254013,-0.4199067234284853
COHFACE_s39_session2_natural,34,2,34.06666666666667,-0.039062608033418655,-0.8220870348509491
COHFACE_s39_session2_natural,34,3,34.1,-0.26333320140838623,-1.1532441007250405
COHFACE_s39_session2_natural,34,4,34.13333333333333,-0.44105222821235657,-1.385692424589008
COHFACE_s39_session2_natural,34,5,34.166666666666664,-0.558736264705658,-1.5035205175065092
COHFACE_s39_session2_natural,34,6,34.2,-0.642519474029541,-1.5055426042420184
COHFACE_s39_session2_natural,34,7,34.233333333333334,-0.7051486968994141,-1.404830656772832
COHFACE_s39_session2_natural,34,8,34.266666666666666,-0.7564562559127808,-1.2249946259016748
COHFACE_s39_session2_natural,34,9,34.3,-0.8014865517616272,-0.9949504345979032
COHFACE_s39_session2_natural,34,10,34.333333333333336,-0.8514650464057922,-0.7442128368420169
COHFACE_s39_session2_natural,34,11,34.36666666666667,-0.9036213755607605,-0.4996655944818351
COHFACE_s39_session2_natural,34,12,34.4,-0.952142596244812,-0.2832121641591713
COHFACE_s39_session2_natural,34,13,34.43333333333333,-0.9993507266044617,-0.1093584083874119
COHFACE_s39_session2_natural,34,14,34.46666666666667,-1.0596579313278198,0.016867572000739083
COHFACE_s39_session2_natural,34,15,34.5,-1.1215345859527588,0.10025306447241289
COHFACE_s39_session2_natural,34,16,34.53333333333333,-0.9680601358413696,0.1535494971396132
COHFACE_s39_session2_natural,34,17,34.56666666666667,-0.0872635692358017,0.19424050735325668
COHFACE_s39_session2_natural,34,18,34.6,1.1457523107528687,0.2404962513012548
COHFACE_s39_session2_natural,34,19,34.63333333333333,1.7574561834335327,0.30640338496430464
COHFACE_s39_session2_natural,34,20,34.666666666666664,1.6356886625289917,0.3973710265364865
COHFACE_s39_session2_natural,34,21,34.7,1.2665269374847412,0.5076036122564993
COHFACE_s39_session2_natural,34,22,34.733333333333334,0.9652469158172607,0.6210807036115293
COHFACE_s39_session2_natural,34,23,34.766666666666666,0.7414887547492981,0.7158370887409107
COHFACE_s39_session2_natural,34,24,34.8,0.5522559285163879,0.7698191027827089
COHFACE_s39_session2_natural,34,25,34.833333333333336,0.48142772912979126,0.7663800410767232
COHFACE_s39_session2_natural,34,26,34.86666666666667,0.5030621290206909,0.6985222571379542
COHFACE_s39_session2_natural,34,27,34.9,0.47923386096954346,0.5714609453610389
COHFACE_s39_session2_natural,34,28,34.93333333333333,0.33105993270874023,0.40213451589471055
COHFACE_s39_session2_natural,34,29,34.96666666666667,0.10816651582717896,0.21438364566761473
COHFACE_s39_session2_natural,34,30,35.0,-0.12516778707504272,0.03131968625999738
COHFACE_s39_session2_natural,34,31,35.03333333333333,-0.31837198138237,-0.1310537109310046
COHFACE_s39_session2_natural,34,32,35.06666666666667,-0.46404778957366943,-0.26577683797860235
COHFACE_s39_session2_natural,34,33,35.1,-0.5591205954551697,-0.3723526804696937
COHFACE_s39_session2_natural,34,34,35.13333333333333,-0.6190114617347717,-0.4520375698261516
COHFACE_s39_session2_natural,34,35,35.166666666666664,-0.6607429385185242,-0.5039077550322429
COHFACE_s39_session2_natural,34,36,35.2,-0.6952202320098877,-0.5234061692608821
COHFACE_s39_session2_natural,34,37,35.233333333333334,-0.732499897480011,-0.5032801442047056
COHFACE_s39_session2_natural,34,38,35.266666666666666,-0.7813253998756409,-0.4357268434639472
COHFACE_s39_session2_natural,34,39,35.3,-0.8367485404014587,-0.3149002653329482
COHFACE_s39_session2_natural,34,40,35.333333333333336,-0.908713698387146,-0.14015908765972368
COHFACE_s39_session2_natural,34,41,35.36666666666667,-0.9679640531539917,0.07945854577325173
COHFACE_s39_session2_natural,34,42,35.4,-0.6496294736862183,0.32107916660462743
COHFACE_s39_session2_natural,34,43,35.43333333333333,0.41630038619041443,0.547862872510411
COHFACE_s39_session2_natural,34,44,35.46666666666667,1.5581988096237183,0.7161694158920852
COHFACE_s39_session2_natural,34,45,35.5,1.9475537538528442,0.7895265694066849
COHFACE_s39_session2_natural,34,46,35.53333333333333,1.7123137712478638,0.7536960428949819
COHFACE_s39_session2_natural,34,47,35.56666666666667,1.3736740350723267,0.6246170666355999
COHFACE_s39_session2_natural,34,48,35.6,1.1434943675994873,0.4438983405375306
COHFACE_s39_session2_natural,34,49,35.63333333333333,0.9350452423095703,0.262889911460065
COHFACE_s39_session2_natural,34,50,35.666666666666664,0.7149061560630798,0.1221707128738125
COHFACE_s39_session2_natural,34,51,35.7,0.6123069524765015,0.03569851547540735
COHFACE_s39_session2_natural,34,52,35.733333333333334,0.5811765193939209,-0.01317266679573896
COHFACE_s39_session2_natural,34,53,35.766666666666666,0.49327778816223145,-0.06235271414078915
COHFACE_s39_session2_natural,34,54,35.8,0.3209393322467804,-0.1535877788736918
COHFACE_s39_session2_natural,34,55,35.833333333333336,0.0859716534614563,-0.31545239066830666
COHFACE_s39_session2_natural,34,56,35.86666666666667,-0.15881237387657166,-0.5530213846112705
COHFACE_s39_session2_natural,34,57,35.9,-0.35446664690971375,-0.8458874842605201
COHFACE_s39_session2_natural,34,58,35.93333333333333,-0.49083855748176575,-1.1532625980635491
COHFACE_s39_session2_natural,34,59,35.96666666666667,-0.583381175994873,-1.4238836644216257
COHFACE_s39_session2_natural,34,60,36.0,-0.6603425741195679,-1.6078988659493516
COHFACE_s39_session2_natural,34,61,36.03333333333333,-0.7208420038223267,-1.6674938417768064
COHFACE_s39_session2_natural,34,62,36.06666666666667,-0.7665128111839294,-1.5832447444038429
COHFACE_s39_session2_natural,34,63,36.1,-0.7930313944816589,-1.354708869274501
COHFACE_s39_session2_natural,34,64,36.13333333333333,-0.833673894405365,-0.9964281977798257
COHFACE_s39_session2_natural,34,65,36.166666666666664,-0.9022281765937805,-0.5326930170146867
COHFACE_s39_session2_natural,34,66,36.2,-0.9594928622245789,0.005576309964367825
COHFACE_s39_session2_natural,34,67,36.233333333333334,-0.6382918357849121,0.5808080789953451
COHFACE_s39_session2_natural,34,68,36.266666666666666,0.4851909279823303,1.1477934095334206
COHFACE_s39_session2_natural,34,69,36.3,1.7193117141723633,1.6552409988186247
COHFACE_s39_session2_natural,34,70,36.333333333333336,2.180391550064087,2.051489561791559
COHFACE_s39_session2_natural,34,71,36.36666666666667,2.0045621395111084,2.2929933926237256
COHFACE_s39_session2_natural,34,72,36.4,1.7245001792907715,2.352774258234847
COHFACE_s39_session2_natural,34,73,36.43333333333333,1.5554124116897583,2.226411036196464
COHFACE_s39_session2_natural,34,74,36.46666666666667,1.3711118698120117,1.9341113456177044
COHFACE_s39_session2_natural,34,75,36.5,1.068646788597107,1.517945916326058
COHFACE_s39_session2_natural,34,76,36.53333333333333,0.8287469148635864,1.0335767109125964
COHFACE_s39_session2_natural,34,77,36.56666666666667,0.7175964117050171,0.5375225737489119
COHFACE_s39_session2_natural,34,78,36.6,0.6292653679847717,0.07441550539354914
COHFACE_s39_session2_natural,34,79,36.63333333333333,0.4659745991230011,-0.329936776664831
COHFACE_s39_session2_natural,34,80,36.666666666666664,0.22529004514217377,-0.6672639853752446
COHFACE_s39_session2_natural,34,81,36.7,-0.021111352369189262,-0.9400509043971899
COHFACE_s39_session2_natural,34,82,36.733333333333334,-0.23966509103775024,-1.1543903648899412
COHFACE_s39_session2_natural,34,83,36.766666666666666,-0.4006979465484619,-1.316118218785871
COHFACE_s39_session2_natural,34,84,36.8,-0.5116081833839417,-1.4302993400457438
COHFACE_s39_session2_natural,34,85,36.833333333333336,-0.6010121703147888,-1.5016396931595288
COHFACE_s39_session2_natural,34,86,36.86666666666667,-0.6814965605735779,-1.5338680071100042
COHFACE_s39_session2_natural,34,87,36.9,-0.7581056952476501,-1.5280378886810153
COHFACE_s39_session2_natural,34,88,36.93333333333333,-0.8201264142990112,-1.4807551239169432
COHFACE_s39_session2_natural,34,89,36.96666666666667,-0.8730834126472473,-1.38336021555519
COHFACE_s39_session2_natural,34,90,37.0,-0.9250475764274597,-1.2228557633428059
COHFACE_s39_session2_natural,34,91,37.03333333333333,-0.9906553030014038,-0.9849979617991338
COHFACE_s39_session2_natural,34,92,37.06666666666667,-1.056903600692749,-0.6593534099042668
COHFACE_s39_session2_natural,34,93,37.1,-1.0208890438079834,-0.24540934317604107
COHFACE_s39_session2_natural,34,94,37.13333333333333,-0.34139955043792725,0.24175260011748373
COHFACE_s39_session2_natural,34,95,37.166666666666664,1.0317354202270508,0.7680713050366007
COHFACE_s39_session2_natural,34,96,37.2,2.024322986602783,1.2813164058972069
COHFACE_s39_session2_natural,34,97,37.233333333333334,2.1174261569976807,1.7175180137132298
COHFACE_s39_session2_natural,34,98,37.266666666666666,1.8093723058700562,2.0131026902121776
COHFACE_s39_session2_natural,34,99,37.3,1.5771108865737915,2.1203805025490654
COHFACE_s39_session2_natural,34,100,37.333333333333336,1.427031397819519,2.021292141033217
COHFACE_s39_session2_natural,34,101,37.36666666666667,1.1636234521865845,1.7337067530018284
COHFACE_s39_session2_natural,34,102,37.4,0.8724960684776306,1.3074034567266908
COHFACE_s39_session2_natural,34,103,37.43333333333333,0.7098938822746277,0.8111003780500783
COHFACE_s39_session2_natural,34,104,37.46666666666667,0.6240449547767639,0.31485790666325475
COHFACE_s39_session2_natural,34,105,37.5,0.4933578670024872,-0.12637972302674527
COHFACE_s39_session2_natural,34,106,37.53333333333333,0.2836596667766571,-0.4822550434591148
COHFACE_s39_session2_natural,34,107,37.56666666666667,0.025568317621946335,-0.7463108633850208
COHFACE_s39_session2_natural,34,108,37.6,-0.21865522861480713,-0.9273745453820474
COHFACE_s39_session2_natural,34,109,37.63333333333333,-0.40699130296707153,-1.0392560116479377
COHFACE_s39_session2_natural,34,110,37.666666666666664,-0.5430428981781006,-1.094196259557138
COHFACE_s39_session2_natural,34,111,37.7,-0.6476117968559265,-1.101608196673199
COHFACE_s39_session2_natural,34,112,37.733333333333334,-0.7276318073272705,-1.070227627876929
COHFACE_s39_session2_natural,34,113,37.766666666666666,-0.8053297996520996,-1.0102569669907053
COHFACE_s39_session2_natural,34,114,37.8,-0.8755655288696289,-0.9325278002864021
COHFACE_s39_session2_natural,34,115,37.833333333333336,-0.9512298107147217,-0.8442098962383017
COHFACE_s39_session2_natural,34,116,37.86666666666667,-1.0214494466781616,-0.7440887381205987
COHFACE_s39_session2_natural,34,117,37.9,-1.1023662090301514,-0.6219610936808911
COHFACE_s39_session2_natural,34,118,37.93333333333333,-1.1648833751678467,-0.464317266887607
COHFACE_s39_session2_natural,34,119,37.96666666666667,-1.2038925886154175,-0.2638575360456835
COHFACE_s39_session2_natural,34,120,38.0,-1.2425974607467651,-0.027021918961631433
COHFACE_s39_session2_natural,34,121,38.03333333333333,-1.2980846166610718,0.22559700544581
COHFACE_s39_session2_natural,34,122,38.06666666666667,-1.3165643215179443,0.46632079330031834
COHFACE_s39_session2_natural,34,123,38.1,-0.8543314933776855,0.6702875203171393
COHFACE_s39_session2_natural,34,124,38.13333333333333,0.450473427772522,0.8222666701692088
COHFACE_s39_session2_natural,34,125,38.166666666666664,1.6940582990646362,0.9172337605590919
COHFACE_s39_session2_natural,34,126,38.2,2.009718656539917,0.9560475747526285
COHFACE_s39_session2_natural,34,127,38.233333333333334,1.7025935649871826,0.9407760253411983
COHFACE_s39_session2_natural,34,128,38.266666666666666,1.370182991027832,0.8739697164630021
COHFACE_s39_session2_natural,34,129,38.3,1.190045952796936,0.7624233759043866
COHFACE_s39_session2_natural,34,130,38.333333333333336,0.981692910194397,0.6212022941916853
COHFACE_s39_session2_natural,34,131,38.36666666666667,0.7194059491157532,0.4725138488607889
COHFACE_s39_session2_natural,34,132,38.4,0.5612875819206238,0.3383426749941288
COHFACE_s39_session2_natural,34,133,38.43333333333333,0.48599159717559814,0.23134072082175866
COHFACE_s39_session2_natural,34,134,38.46666666666667,0.3755457401275635,0.1500249617705068
COHFACE_s39_session2_natural,34,135,38.5,0.17676880955696106,0.08139272724116417
COHFACE_s39_session2_natural,34,136,38.53333333333333,-0.07189051061868668,0.009330416092688747
COHFACE_s39_session2_natural,34,137,38.56666666666667,-0.322487473487854,-0.07616852416739746
COHFACE_s39_session2_natural,34,138,38.6,-0.5237625241279602,-0.17397886572765991
COHFACE_s39_session2_natural,34,139,38.63333333333333,-0.6697425842285156,-0.27308759975075897
COHFACE_s39_session2_natural,34,140,38.666666666666664,-0.7856491208076477,-0.3584053960023218
COHFACE_s39_session2_natural,34,141,38.7,-0.8692241311073303,-0.417375230920952
COHFACE_s39_session2_natural,34,142,38.733333333333334,-0.9283623695373535,-0.444396335982033
COHFACE_s39_session2_natural,34,143,38.766666666666666,-0.9879329800605774,-0.44216276086640816
COHFACE_s39_session2_natural,34,144,38.8,-1.0574480295181274,-0.42033173803801616
COHFACE_s39_session2_natural,34,145,38.833333333333336,-1.130982518196106,-0.3922720603599055
COHFACE_s39_session2_natural,34,146,38.86666666666667,-1.1957896947860718,-0.370753114782699
COHFACE_s39_session2_natural,34,147,38.9,-1.2520134449005127,-0.3637661323507027
COHFACE_s39_session2_natural,34,148,38.93333333333333,-1.3080130815505981,-0.37205253461373405
COHFACE_s39_session2_natural,34,149,38.96666666666667,-1.3425543308258057,-0.3895733925332055
COHFACE_s39_session2_natural,34,150,39.0,-1.3665428161621094,-0.40673868031524235
COHFACE_s39_session2_natural,34,151,39.03333333333333,-1.402605414390564,-0.41469227669835407
COHFACE_s39_session2_natural,34,152,39.06666666666667,-1.375590443611145,-0.40849691858938375
COHFACE_s39_session2_natural,34,153,39.1,-0.7597871422767639,-0.38786450811629886
COHFACE_s39_session2_natural,34,154,39.13333333333333,0.6398823857307434,-0.35550944095737935
COHFACE_s39_session2_natural,34,155,39.166666666666664,1.7792507410049438,-0.31431982962380195
COHFACE_s39_session2_natural,34,156,39.2,1.9533185958862305,-0.26475345982486154
COHFACE_s39_session2_natural,34,157,39.233333333333334,1.5768706798553467,-0.20346191477498807
COHFACE_s39_session2_natural,34,158,39.266666666666666,1.211936593055725,-0.12369271244723296
COHFACE_s39_session2_natural,34,159,39.3,0.9929344058036804,-0.01767511844911589
COHFACE_s39_session2_natural,34,160,39.333333333333336,0.7763984203338623,0.11927179350070229
COHFACE_s39_session2_natural,34,161,39.36666666666667,0.5697427988052368,0.2841718694854921
COHFACE_s39_session2_natural,34,162,39.4,0.48624783754348755,0.4638214796931191
COHFACE_s39_session2_natural,34,163,39.43333333333333,0.44600561261177063,0.6363715812994553
COHFACE_s39_session2_natural,34,164,39.46666666666667,0.34106844663619995,0.7767280639042836
COHFACE_s39_session2_natural,34,165,39.5,0.14265982806682587,0.8630228869745923
COHFACE_s39_session2_natural,34,166,39.53333333333333,-0.10356542468070984,0.881365083670258
COHFACE_s39_session2_natural,34,167,39.56666666666667,-0.3399583101272583,0.8277701388847815
COHFACE_s39_session2_natural,34,168,39.6,-0.5392316579818726,0.7077571401510625
COHFACE_s39_session2_natural,34,169,39.63333333333333,-0.6794628500938416,0.5347466714548178
COHFACE_s39_session2_natural,34,170,39.666666666666664,-0.7806848883628845,0.32816777278343845
COHFACE_s39_session2_natural,34,171,39.7,-0.8441948294639587,0.11164861316342814
COHFACE_s39_session2_natural,34,172,39.733333333333334,-0.8868230581283569,-0.08874406939608752
COHFACE_s39_session2_natural,34,173,39.766666666666666,-0.9417977929115295,-0.24673344371926786
COHFACE_s39_session2_natural,34,174,39.8,-0.9950430393218994,-0.33953470551889664
COHFACE_s39_session2_natural,34,175,39.833333333333336,-1.045469880104065,-0.3534468889253881
COHFACE_s39_session2_natural,34,176,39.86666666666667,-1.1066418886184692,-0.2896774066986813
COHFACE_s39_session2_natural,34,177,39.9,-1.164819359779358,-0.16691862756106535
COHFACE_s39_session2_natural,34,178,39.93333333333333,-1.216767430305481,-0.017691967769327663
COHFACE_s39_session2_natural,34,179,39.96666666666667,-1.2691320180892944,0.12131298697426267
COHFACE_s39_session2_natural,34,180,40.0,-1.324266791343689,0.22058910384673583
COHFACE_s39_session2_natural,34,181,40.03333333333333,-1.0811963081359863,0.265318711902258
COHFACE_s39_session2_natural,34,182,40.06666666666667,-0.006667076610028744,0.2567310170899736
COHFACE_s39_session2_natural,34,183,40.1,1.3747148513793945,0.20884247362020944
COHFACE_s39_session2_natural,34,184,40.13333333333333,1.9570177793502808,0.1427361975477299
COHFACE_s39_session2_natural,34,185,40.166666666666664,1.7165573835372925,0.07946656381980546
COHFACE_s39_session2_natural,34,186,40.2,1.2705143690109253,0.032801200876631964
COHFACE_s39_session2_natural,34,187,40.233333333333334,0.9523399472236633,0.004071710190571728
COHFACE_s39_session2_natural,34,188,40.266666666666666,0.7209272980690002,-0.018364328324503812
COHFACE_s39_session2_natural,34,189,40.3,0.5121418237686157,-0.05404366491491968
COHFACE_s39_session2_natural,34,190,40.333333333333336,0.4377906322479248,-0.12148673976915134
COHFACE_s39_session2_natural,34,191,40.36666666666667,0.4534519612789154,-0.22961911368659113
COHFACE_s39_session2_natural,34,192,40.4,0.40131163597106934,-0.3738735308698015
COHFACE_s39_session2_natural,34,193,40.43333333333333,0.23465801775455475,-0.5387887297879047
COHFACE_s39_session2_natural,34,194,40.46666666666667,-0.0163873378187418,-0.7049385615977671
COHFACE_s39_session2_natural,34,195,40.5,-0.28009945154190063,-0.85555285723649
COHFACE_s39_session2_natural,34,196,40.53333333333333,-0.5040177702903748,-0.9792222375602265
COHFACE_s39_session2_natural,34,197,40.56666666666667,-0.666139543056488,-1.0683242977604206
COHFACE_s39_session2_natural,34,198,40.6,-0.7683383822441101,-1.115583227870467
COHFACE_s39_session2_natural,34,199,40.63333333333333,-0.8421450853347778,-1.1117768490587032
COHFACE_s39_session2_natural,34,200,40.666666666666664,-0.8877358436584473,-1.046047971158756
COHFACE_s39_session2_natural,34,201,40.7,-0.9327821135520935,-0.9083479858663551
COHFACE_s39_session2_natural,34,202,40.733333333333334,-0.9845861792564392,-0.692876870252743
COHFACE_s39_session2_natural,34,203,40.766666666666666,-1.0339081287384033,-0.40167328346636877
COHFACE_s39_session2_natural,34,204,40.8,-1.0925178527832031,-0.04768017397862953
COHFACE_s39_session2_natural,34,205,40.833333333333336,-1.1523607969284058,0.34367625010357067
COHFACE_s39_session2_natural,34,206,40.86666666666667,-1.2233330011367798,0.7357016110290259
COHFACE_s39_session2_natural,34,207,40.9,-1.2444710731506348,1.0853448580425529
COHFACE_s39_session2_natural,34,208,40.93333333333333,-0.6997841000556946,1.351236984061921
COHFACE_s39_session2_natural,34,209,40.96666666666667,0.7000455260276794,1.5026461342259125
COHFACE_s39_session2_natural,34,210,41.0,1.9213714599609375,1.5265196301297175
COHFACE_s39_session2_natural,34,211,41.03333333333333,2.164842367172241,1.430617957765481
COHFACE_s39_session2_natural,34,212,41.06666666666667,1.7914530038833618,1.2424065560157633
COHFACE_s39_session2_natural,34,213,41.1,1.3976303339004517,1.0042762534631178
COHFACE_s39_session2_natural,34,214,41.13333333333333,1.167210578918457,0.7652386146096753
COHFACE_s39_session2_natural,34,215,41.166666666666664,0.945662260055542,0.569427414742247
COHFACE_s39_session2_natural,34,216,41.2,0.7054581046104431,0.44395014753194456
COHFACE_s39_session2_natural,34,217,41.233333333333334,0.5730736255645752,0.3909527437427819
COHFACE_s39_session2_natural,34,218,41.266666666666666,0.5215898752212524,0.38837066329787734
COHFACE_s39_session2_natural,34,219,41.3,0.4321538507938385,0.399951547484931
COHFACE_s39_session2_natural,34,220,41.333333333333336,0.2539544105529785,0.3897142279816413
COHFACE_s39_session2_natural,34,221,41.36666666666667,-0.003416314022615552,0.33342439632656906
COHFACE_s39_session2_natural,34,222,41.4,-0.2675127685070038,0.222470784677038
COHFACE_s39_session2_natural,34,223,41.43333333333333,-0.48614656925201416,0.06088199144471691
COHFACE_s39_session2_natural,34,224,41.46666666666667,-0.6449375152587891,-0.14028122531127657
COHFACE_s39_session2_natural,34,225,41.5,-0.7513799667358398,-0.3669240398595086
COHFACE_s39_session2_natural,34,226,41.53333333333333,-0.8219999670982361,-0.6026746998571346
COHFACE_s39_session2_natural,34,227,41.56666666666667,-0.8786240816116333,-0.8277690742223337
COHFACE_s39_session2_natural,34,228,41.6,-0.9315330982208252,-1.0187882489794249
COHFACE_s39_session2_natural,34,229,41.63333333333333,-0.9741452932357788,-1.1511577675891642
COHFACE_s39_session2_natural,34,230,41.666666666666664,-1.012481927871704,-1.204213264504502
COHFACE_s39_session2_natural,34,231,41.7,-1.0716201066970825,-1.166948480080401
COHFACE_s39_session2_natural,34,232,41.733333333333334,-1.156860589981079,-1.042389596791905
COHFACE_s39_session2_natural,34,233,41.766666666666666,-1.1174510717391968,-0.849244398492882
COHFACE_s39_session2_natural,34,234,41.8,-0.334625780582428,-0.619991526704141
COHFACE_s39_session2_natural,34,235,41.833333333333336,1.2026005983352661,-0.3948572474617315
COHFACE_s39_session2_natural,34,236,41.86666666666667,2.269587516784668,-0.21185439626506686
COHFACE_s39_session2_natural,34,237,41.9,2.3372609615325928,-0.09498148989311357
COHFACE_s39_session2_natural,34,238,41.93333333333333,1.9676347970962524,-0.04523807535687736
COHFACE_s39_session2_natural,34,239,41.96666666666667,1.665666103363037,-0.03962319815351724
COHFACE_s39_session2_natural,35,0,35.0,-0.12516778707504272,-0.03511307275961458
COHFACE_s39_session2_natural,35,1,35.03333333333333,-0.31837198138237,-0.23773974252705263
COHFACE_s39_session2_natural,35,2,35.06666666666667,-0.46404778957366943,-0.40466016320842013
COHFACE_s39_session2_natural,35,3,35.1,-0.5591205954551697,-0.5091794004180263
COHFACE_s39_session2_natural,35,4,35.13333333333333,-0.6190114617347717,-0.5393735248402134
COHFACE_s39_session2_natural,35,5,35.166666666666664,-0.6607429385185242,-0.49945946797822416
COHFACE_s39_session2_natural,35,6,35.2,-0.6952202320098877,-0.406251501975122
COHFACE_s39_session2_natural,35,7,35.233333333333334,-0.732499897480011,-0.2827758453020842
COHFACE_s39_session2_natural,35,8,35.266666666666666,-0.7813253998756409,-0.15147125261336658
COHFACE_s39_session2_natural,35,9,35.3,-0.8367485404014587,-0.028833953337133702
COHFACE_s39_session2_natural,35,10,35.333333333333336,-0.908713698387146,0.0768586252193653
COHFACE_s39_session2_natural,35,11,35.36666666666667,-0.9679640531539917,0.16392889663288626
COHFACE_s39_session2_natural,35,12,35.4,-0.6496294736862183,0.23315888907765533
COHFACE_s39_session2_natural,35,13,35.43333333333333,0.41630038619041443,0.2843261269549989
COHFACE_s39_session2_natural,35,14,35.46666666666667,1.5581988096237183,0.31609486748240684
COHFACE_s39_session2_natural,35,15,35.5,1.9475537538528442,0.32932373094332573
COHFACE_s39_session2_natural,35,16,35.53333333333333,1.7123137712478638,0.33093982559138035
COHFACE_s39_session2_natural,35,17,35.56666666666667,1.3736740350723267,0.33444745797073483
COHFACE_s39_session2_natural,35,18,35.6,1.1434943675994873,0.35494295779091767
COHFACE_s39_session2_natural,35,19,35.63333333333333,0.9350452423095703,0.40017187793165315
COHFACE_s39_session2_natural,35,20,35.666666666666664,0.7149061560630798,0.46240619258185595
COHFACE_s39_session2_natural,35,21,35.7,0.6123069524765015,0.5164797797391641
COHFACE_s39_session2_natural,35,22,35.733333333333334,0.5811765193939209,0.5264008361226015
COHFACE_s39_session2_natural,35,23,35.766666666666666,0.49327778816223145,0.45817425165843223
COHFACE_s39_session2_natural,35,24,35.8,0.3209393322467804,0.2927612838097879
COHFACE_s39_session2_natural,35,25,35.833333333333336,0.0859716534614563,0.03316992960776101
COHFACE_s39_session2_natural,35,26,35.86666666666667,-0.15881237387657166,-0.2963189830232205
COHFACE_s39_session2_natural,35,27,35.9,-0.35446664690971375,-0.6565188050514081
COHFACE_s39_session2_natural,35,28,35.93333333333333,-0.49083855748176575,-1.0018755502028143
COHFACE_s39_session2_natural,35,29,35.96666666666667,-0.583381175994873,-1.2887919190418484
COHFACE_s39_session2_natural,35,30,36.0,-0.6603425741195679,-1.482261568705575
COHFACE_s39_session2_natural,35,31,36.03333333333333,-0.7208420038223267,-1.5598404309321388
COHFACE_s39_session2_natural,35,32,36.06666666666667,-0.7665128111839294,-1.5126543097695475
COHFACE_s39_session2_natural,35,33,36.1,-0.7930313944816589,-1.3438371145136385
COHFACE_s39_session2_natural,35,34,36.13333333333333,-0.833673894405365,-1.0652542102139966
COHFACE_s39_session2_natural,35,35,36.166666666666664,-0.9022281765937805,-0.6938923714592514
COHFACE_s39_session2_natural,35,36,36.2,-0.9594928622245789,-0.2498329423093927
COHFACE_s39_session2_natural,35,37,36.233333333333334,-0.6382918357849121,0.24288395656660586
COHFACE_s39_session2_natural,35,38,36.266666666666666,0.4851909279823303,0.7533936521364571
COHFACE_s39_session2_natural,35,39,36.3,1.7193117141723633,1.2419999792940641
COHFACE_s39_session2_natural,35,40,36.333333333333336,2.180391550064087,1.6617564840185763
COHFACE_s39_session2_natural,35,41,36.36666666666667,2.0045621395111084,1.9644536476386065
COHFACE_s39_session2_natural,35,42,36.4,1.7245001792907715,2.1096301536944875
COHFACE_s39_session2_natural,35,43,36.43333333333333,1.5554124116897583,2.073947224009366
COHFACE_s39_session2_natural,35,44,36.46666666666667,1.3711118698120117,1.8582319018345939
COHFACE_s39_session2_natural,35,45,36.5,1.068646788597107,1.489912849435224
COHFACE_s39_session2_natural,35,46,36.53333333333333,0.8287469148635864,1.0190173529441247
COHFACE_s39_session2_natural,35,47,36.56666666666667,0.7175964117050171,0.5075533111995103
COHFACE_s39_session2_natural,35,48,36.6,0.6292653679847717,0.015334623240021265
COHFACE_s39_session2_natural,35,49,36.63333333333333,0.4659745991230011,-0.4124413497281477
COHFACE_s39_session2_natural,35,50,36.666666666666664,0.22529004514217377,-0.7516109086007311
COHFACE_s39_session2_natural,35,51,36.7,-0.021111352369189262,-0.9984767952116237
COHFACE_s39_session2_natural,35,52,36.733333333333334,-0.23966509103775024,-1.164219237642268
COHFACE_s39_session2_natural,35,53,36.766666666666666,-0.4006979465484619,-1.2673082650673397
COHFACE_s39_session2_natural,35,54,36.8,-0.5116081833839417,-1.3261585116483523
COHFACE_s39_session2_natural,35,55,36.833333333333336,-0.6010121703147888,-1.3532141848996648
COHFACE_s39_session2_natural,35,56,36.86666666666667,-0.6814965605735779,-1.3515259425476271
COHFACE_s39_session2_natural,35,57,36.9,-0.7581056952476501,-1.3148451205834912
COHFACE_s39_session2_natural,35,58,36.93333333333333,-0.8201264142990112,-1.2312105705974574
COHFACE_s39_session2_natural,35,59,36.96666666666667,-0.8730834126472473,-1.0884799448086724
COHFACE_s39_session2_natural,35,60,37.0,-0.9250475764274597,-0.8794708367987163
COHFACE_s39_session2_natural,35,61,37.03333333333333,-0.9906553030014038,-0.6049270098584725
COHFACE_s39_session2_natural,35,62,37.06666666666667,-1.056903600692749,-0.27407355537406497
COHFACE_s39_session2_natural,35,63,37.1,-1.0208890438079834,0.09618018985219545
COHFACE_s39_session2_natural,35,64,37.13333333333333,-0.34139955043792725,0.48230399632586285
COHFACE_s39_session2_natural,35,65,37.166666666666664,1.0317354202270508,0.8553562662218707
COHFACE_s39_session2_natural,35,66,37.2,2.024322986602783,1.1831672639187005
COHFACE_s39_session2_natural,35,67,37.233333333333334,2.1174261569976807,1.4343413649138363
COHFACE_s39_session2_natural,35,68,37.266666666666666,1.8093723058700562,1.5837989515579896
COHFACE_s39_session2_natural,35,69,37.3,1.5771108865737915,1.6181255017026104
COHFACE_s39_session2_natural,35,70,37.333333333333336,1.427031397819519,1.538381194870769
COHFACE_s39_session2_natural,35,71,37.36666666666667,1.1636234521865845,1.3589400538724987
COHFACE_s39_session2_natural,35,72,37.4,0.8724960684776306,1.102984601428878
COHFACE_s39_session2_natural,35,73,37.43333333333333,0.7098938822746277,0.7968116802460423
COHFACE_s39_session2_natural,35,74,37.46666666666667,0.6240449547767639,0.46497510575432005
COHFACE_s39_session2_natural,35,75,37.5,0.4933578670024872,0.12749406898781776
COHFACE_s39_session2_natural,35,76,37.53333333333333,0.2836596667766571,-0.20006082688261834
COHFACE_s39_session2_natural,35,77,37.56666666666667,0.025568317621946335,-0.5037505156398702
COHFACE_s39_session2_natural,35,78,37.6,-0.21865522861480713,-0.7679099736966553
COHFACE_s39_session2_natural,35,79,37.63333333333333,-0.40699130296707153,-0.9745318351872191
COHFACE_s39_session2_natural,35,80,37.666666666666664,-0.5430428981781006,-1.1070195176861717
COHFACE_s39_session2_natural,35,81,37.7,-0.6476117968559265,-1.1568032694806842
COHFACE_s39_session2_natural,35,82,37.733333333333334,-0.7276318073272705,-1.1290943232499768
COHFACE_s39_session2_natural,35,83,37.766666666666666,-0.8053297996520996,-1.043925857183778
COHFACE_s39_session2_natural,35,84,37.8,-0.8755655288696289,-0.9306141169724325
COHFACE_s39_session2_natural,35,85,37.833333333333336,-0.9512298107147217,-0.81718077809229
COHFACE_s39_session2_natural,35,86,37.86666666666667,-1.0214494466781616,-0.7195573883252584
COHFACE_s39_session2_natural,35,87,37.9,-1.1023662090301514,-0.6362779628032551
COHFACE_s39_session2_natural,35,88,37.93333333333333,-1.1648833751678467,-0.5516839282257056
COHFACE_s39_session2_natural,35,89,37.96666666666667,-1.2038925886154175,-0.44583743119677427
COHFACE_s39_session2_natural,35,90,38.0,-1.2425974607467651,-0.30532467909274863
COHFACE_s39_session2_natural,35,91,38.03333333333333,-1.2980846166610718,-0.12879518877042564
COHFACE_s39_session2_natural,35,92,38.06666666666667,-1.3165643215179443,0.07496737259937669
COHFACE_s39_session2_natural,35,93,38.1,-0.8543314933776855,0.2934337861394985
COHFACE_s39_session2_natural,35,94,38.13333333333333,0.450473427772522,0.5155646657189513
COHFACE_s39_session2_natural,35,95,38.166666666666664,1.6940582990646362,0.7319217652520373
COHFACE_s39_session2_natural,35,96,38.2,2.009718656539917,0.9303700794726675
COHFACE_s39_session2_natural,35,97,38.233333333333334,1.7025935649871826,1.0922177645338051
COHFACE_s39_session2_natural,35,98,38.266666666666666,1.370182991027832,1.1938817136435937
COHFACE_s39_session2_natural,35,99,38.3,1.190045952796936,1.2150161188725281
COHFACE_s39_session2_natural,35,100,38.333333333333336,0.981692910194397,1.1482880382118907
COHFACE_s39_session2_natural,35,101,38.36666666666667,0.7194059491157532,1.0038867923720978
COHFACE_s39_session2_natural,35,102,38.4,0.5612875819206238,0.8059234172945664
COHFACE_s39_session2_natural,35,103,38.43333333333333,0.48599159717559814,0.5837131922183516
COHFACE_s39_session2_natural,35,104,38.46666666666667,0.3755457401275635,0.3631246244493815
COHFACE_s39_session2_natural,35,105,38.5,0.17676880955696106,0.16153152462319695
COHFACE_s39_session2_natural,35,106,38.53333333333333,-0.07189051061868668,-0.012944224688730792
COHFACE_s39_session2_natural,35,107,38.56666666666667,-0.322487473487854,-0.15927846036384619
COHFACE_s39_session2_natural,35,108,38.6,-0.5237625241279602,-0.2803719428776313
COHFACE_s39_session2_natural,35,109,38.63333333333333,-0.6697425842285156,-0.3801505730593988
COHFACE_s39_session2_natural,35,110,38.666666666666664,-0.7856491208076477,-0.4614642445931677
COHFACE_s39_session2_natural,35,111,38.7,-0.8692241311073303,-0.5249953197491783
COHFACE_s39_session2_natural,35,112,38.733333333333334,-0.9283623695373535,-0.569488927315318
COHFACE_s39_session2_natural,35,113,38.766666666666666,-0.9879329800605774,-0.5934313922774568
COHFACE_s39_session2_natural,35,114,38.8,-1.0574480295181274,-0.5974302206480575
COHFACE_s39_session2_natural,35,115,38.833333333333336,-1.130982518196106,-0.5857335687607854
COHFACE_s39_session2_natural,35,116,38.86666666666667,-1.1957896947860718,-0.5655342317489631
COHFACE_s39_session2_natural,35,117,38.9,-1.2520134449005127,-0.544069195072714
COHFACE_s39_session2_natural,35,118,38.93333333333333,-1.3080130815505981,-0.5252426708050533
COHFACE_s39_session2_natural,35,119,38.96666666666667,-1.3425543308258057,-0.5080756304047337
COHFACE_s39_session2_natural,35,120,39.0,-1.3665428161621094,-0.48796783223957346
COHFACE_s39_session2_natural,35,121,39.03333333333333,-1.402605414390564,-0.45970030194306205
COHFACE_s39_session2_natural,35,122,39.06666666666667,-1.375590443611145,-0.42002607817809967
COHFACE_s39_session2_natural,35,123,39.1,-0.7597871422767639,-0.36832783337958613
COHFACE_s39_session2_natural,35,124,39.13333333333333,0.6398823857307434,-0.30557160398796196
COHFACE_s39_session2_natural,35,125,39.166666666666664,1.7792507410049438,-0.23291862788509682
COHFACE_s39_session2_natural,35,126,39.2,1.9533185958862305,-0.15083578057722577
COHFACE_s39_session2_natural,35,127,39.233333333333334,1.5768706798553467,-0.058574815135170384
COHFACE_s39_session2_natural,35,128,39.266666666666666,1.211936593055725,0.046065827298349474
COHFACE_s39_session2_natural,35,129,39.3,0.9929344058036804,0.16607680152168774
COHFACE_s39_session2_natural,35,130,39.333333333333336,0.7763984203338623,0.30289180022020074
COHFACE_s39_session2_natural,35,131,39.36666666666667,0.5697427988052368,0.4526914321016801
COHFACE_s39_session2_natural,35,132,39.4,0.48624783754348755,0.6035167781421616
COHFACE_s39_session2_natural,35,133,39.43333333333333,0.44600561261177063,0.7358144966627498
COHFACE_s39_session2_natural,35,134,39.46666666666667,0.34106844663619995,0.8270030061953474
COHFACE_s39_session2_natural,35,135,39.5,0.14265982806682587,0.8580750913569066
COHFACE_s39_session2_natural,35,136,39.53333333333333,-0.10356542468070984,0.8194392194148691
COHFACE_s39_session2_natural,35,137,39.56666666666667,-0.3399583101272583,0.7139445860457835
COHFACE_s39_session2_natural,35,138,39.6,-0.5392316579818726,0.5561621954174458
COHFACE_s39_session2_natural,35,139,39.63333333333333,-0.6794628500938416,0.36824955111614605
COHFACE_s39_session2_natural,35,140,39.666666666666664,-0.7806848883628845,0.17407588764448265
COHFACE_s39_session2_natural,35,141,39.7,-0.8441948294639587,-0.00591096632542618
COHFACE_s39_session2_natural,35,142,39.733333333333334,-0.8868230581283569,-0.1570236534868309
COHFACE_s39_session2_natural,35,143,39.766666666666666,-0.9417977929115295,-0.26957831227304063
COHFACE_s39_session2_natural,35,144,39.8,-0.9950430393218994,-0.3369225329569422
COHFACE_s39_session2_natural,35,145,39.833333333333336,-1.045469880104065,-0.35486947131895097
COHFACE_s39_session2_natural,35,146,39.86666666666667,-1.1066418886184692,-0.32348698651773616
COHFACE_s39_session2_natural,35,147,39.9,-1.164819359779358,-0.249608646793551
COHFACE_s39_session2_natural,35,148,39.93333333333333,-1.216767430305481,-0.14725951453426642
COHFACE_s39_session2_natural,35,149,39.96666666666667,-1.2691320180892944,-0.03456402477804317
COHFACE_s39_session2_natural,35,150,40.0,-1.324266791343689,0.07129231192022221
COHFACE_s39_session2_natural,35,151,40.03333333333333,-1.0811963081359863,0.15788277443636128
COHFACE_s39_session2_natural,35,152,40.06666666666667,-0.006667076610028744,0.21856609362411833
COHFACE_s39_session2_natural,35,153,40.1,1.3747148513793945,0.2515452488163995
COHFACE_s39_session2_natural,35,154,40.13333333333333,1.9570177793502808,0.2582335416169214
COHFACE_s39_session2_natural,35,155,40.166666666666664,1.7165573835372925,0.24142393208432578
COHFACE_s39_session2_natural,35,156,40.2,1.2705143690109253,0.20352620212000416
COHFACE_s39_session2_natural,35,157,40.233333333333334,0.9523399472236633,0.14543112627858412
COHFACE_s39_session2_natural,35,158,40.266666666666666,0.7209272980690002,0.06658505433546162
COHFACE_s39_session2_natural,35,159,40.3,0.5121418237686157,-0.03357732804899535
COHFACE_s39_session2_natural,35,160,40.333333333333336,0.4377906322479248,-0.15338552817191642
COHFACE_s39_session2_natural,35,161,40.36666666666667,0.4534519612789154,-0.2871351114917359
COHFACE_s39_session2_natural,35,162,40.4,0.40131163597106934,-0.4252558383556262
COHFACE_s39_session2_natural,35,163,40.43333333333333,0.23465801775455475,-0.5568746126068247
COHFACE_s39_session2_natural,35,164,40.46666666666667,-0.0163873378187418,-0.6730140884180598
COHFACE_s39_session2_natural,35,165,40.5,-0.28009945154190063,-0.7677841823736252
COHFACE_s39_session2_natural,35,166,40.53333333333333,-0.5040177702903748,-0.8368412574469642
COHFACE_s39_session2_natural,35,167,40.56666666666667,-0.666139543056488,-0.87496935428171
COHFACE_s39_session2_natural,35,168,40.6,-0.7683383822441101,-0.8751593243044101
COHFACE_s39_session2_natural,35,169,40.63333333333333,-0.8421450853347778,-0.8300150711184161
COHFACE_s39_session2_natural,35,170,40.666666666666664,-0.8877358436584473,-0.7343743854490996
COHFACE_s39_session2_natural,35,171,40.7,-0.9327821135520935,-0.5873553965992646
COHFACE_s39_session2_natural,35,172,40.733333333333334,-0.9845861792564392,-0.39309238947342284
COHFACE_s39_session2_natural,35,173,40.766666666666666,-1.0339081287384033,-0.16078911055841902
COHFACE_s39_session2_natural,35,174,40.8,-1.0925178527832031,0.09516507907405229
COHFACE_s39_session2_natural,35,175,40.833333333333336,-1.1523607969284058,0.3553214813372173
COHFACE_s39_session2_natural,35,176,40.86666666666667,-1.2233330011367798,0.5968430087322173
COHFACE_s39_session2_natural,35,177,40.9,-1.2444710731506348,0.7975791961492477
COHFACE_s39_session2_natural,35,178,40.93333333333333,-0.6997841000556946,0.9413777392894941
COHFACE_s39_session2_natural,35,179,40.96666666666667,0.7000455260276794,1.0218533876260119
COHFACE_s39_session2_natural,35,180,41.0,1.9213714599609375,1.0425209204910246
COHFACE_s39_session2_natural,35,181,41.03333333333333,2.164842367172241,1.0136997554766247
COHFACE_s39_session2_natural,35,182,41.06666666666667,1.7914530038833618,0.9488481803162118
COHFACE_s39_session2_natural,35,183,41.1,1.3976303339004517,0.8627614943358352
COHFACE_s39_session2_natural,35,184,41.13333333333333,1.167210578918457,0.7712047292022803
COHFACE_s39_session2_natural,35,185,41.166666666666664,0.945662260055542,0.6893319293144488
COHFACE_s39_session2_natural,35,186,41.2,0.7054581046104431,0.6274658902420881
COHFACE_s39_session2_natural,35,187,41.233333333333334,0.5730736255645752,0.5860333525932959
COHFACE_s39_session2_natural,35,188,41.266666666666666,0.5215898752212524,0.5533990749112493
COHFACE_s39_session2_natural,35,189,41.3,0.4321538507938385,0.5090813557669306
COHFACE_s39_session2_natural,35,190,41.333333333333336,0.2539544105529785,0.4310520370292178
COHFACE_s39_session2_natural,35,191,41.36666666666667,-0.003416314022615552,0.30309061508827834
COHFACE_s39_session2_natural,35,192,41.4,-0.2675127685070038,0.11905100863610711
COHFACE_s39_session2_natural,35,193,41.43333333333333,-0.48614656925201416,-0.11645464203283537
COHFACE_s39_session2_natural,35,194,41.46666666666667,-0.6449375152587891,-0.3899577863633662
COHFACE_s39_session2_natural,35,195,41.5,-0.7513799667358398,-0.6824829691675706
COHFACE_s39_session2_natural,35,196,41.53333333333333,-0.8219999670982361,-0.9733130111008303
COHFACE_s39_session2_natural,35,197,41.56666666666667,-0.8786240816116333,-1.2430322736845165
COHFACE_s39_session2_natural,35,198,41.6,-0.9315330982208252,-1.4746603204728774
COHFACE_s39_session2_natural,35,199,41.63333333333333,-0.9741452932357788,-1.652394882722537
COHFACE_s39_session2_natural,35,200,41.666666666666664,-1.012481927871704,-1.7590917518282212
COHFACE_s39_session2_natural,35,201,41.7,-1.0716201066970825,-1.7749304574764253
COHFACE_s39_session2_natural,35,202,41.733333333333334,-1.156860589981079,-1.67949217235033
COHFACE_s39_session2_natural,35,203,41.766666666666666,-1.1174510717391968,-1.4577252502270475
COHFACE_s39_session2_natural,35,204,41.8,-0.334625780582428,-1.1079558742609952
COHFACE_s39_session2_natural,35,205,41.833333333333336,1.2026005983352661,-0.648465089247608
COHFACE_s39_session2_natural,35,206,41.86666666666667,2.269587516784668,-0.11913745435612216
COHFACE_s39_session2_natural,35,207,41.9,2.3372609615325928,0.4235934145463871
COHFACE_s39_session2_natural,35,208,41.93333333333333,1.9676347970962524,0.9175248628149296
COHFACE_s39_session2_natural,35,209,41.96666666666667,1.665666103363037,1.3077099185553427
COHFACE_s39_session2_natural,35,210,42.0,1.4878029823303223,1.5572866864510324
COHFACE_s39_session2_natural,35,211,42.03333333333333,1.2455971240997314,1.6529639239291376
COHFACE_s39_session2_natural,35,212,42.06666666666667,0.9496496319770813,1.604853942283418
COHFACE_s39_session2_natural,35,213,42.1,0.7532587647438049,1.4422918684502593
COHFACE_s39_session2_natural,35,214,42.13333333333333,0.6543907523155212,1.2069312510599999
COHFACE_s39_session2_natural,35,215,42.166666666666664,0.5421993732452393,0.9437017394669434
COHFACE_s39_session2_natural,35,216,42.2,0.3334299623966217,0.6911591006035246
COHFACE_s39_session2_natural,35,217,42.233333333333334,0.05974135920405388,0.47414284876932905
COHFACE_s39_session2_natural,35,218,42.266666666666666,-0.2065969854593277,0.30136122942107335
COHFACE_s39_session2_natural,35,219,42.3,-0.42652788758277893,0.1682607879701676
COHFACE_s39_session2_natural,35,220,42.333333333333336,-0.5793137550354004,0.06277680033210506
COHFACE_s39_session2_natural,35,221,42.36666666666667,-0.6850516200065613,-0.02926890803550665
COHFACE_s39_session2_natural,35,222,42.4,-0.7750160694122314,-0.12042813654744501
COHFACE_s39_session2_natural,35,223,42.43333333333333,-0.8510326743125916,-0.21886421926206145
COHFACE_s39_session2_natural,35,224,42.46666666666667,-0.9137579798698425,-0.3262443503781783
COHFACE_s39_session2_natural,35,225,42.5,-0.9802945256233215,-0.43710759638023317
COHFACE_s39_session2_natural,35,226,42.53333333333333,-1.0475516319274902,-0.540208079581207
COHFACE_s39_session2_natural,35,227,42.56666666666667,-1.1034551858901978,-0.6211367468657601
COHFACE_s39_session2_natural,35,228,42.6,-1.1571327447891235,-0.665056741255244
COHFACE_s39_session2_natural,35,229,42.63333333333333,-1.2219558954238892,-0.6589795237541162
COHFACE_s39_session2_natural,35,230,42.666666666666664,-1.2755054235458374,-0.5939892677115609
COHFACE_s39_session2_natural,35,231,42.7,-0.8844530582427979,-0.4681959339508313
COHFACE_s39_session2_natural,35,232,42.733333333333334,0.4653981029987335,-0.2904059669233841
COHFACE_s39_session2_natural,35,233,42.766666666666666,1.919674038887024,-0.08301854577680011
COHFACE_s39_session2_natural,35,234,42.8,2.388280153274536,0.11843021309430879
COHFACE_s39_session2_natural,35,235,42.833333333333336,2.097761392593384,0.2713222404125044
COHFACE_s39_session2_natural,35,236,42.86666666666667,1.714892029762268,0.3376849183781423
COHFACE_s39_session2_natural,35,237,42.9,1.4898687601089478,0.298183709327194
COHFACE_s39_session2_natural,35,238,42.93333333333333,1.284398078918457,0.16202981755546658
COHFACE_s39_session2_natural,35,239,42.96666666666667,0.9955286383628845,-0.03301914008428668
COHFACE_s39_session2_natural,36,0,36.0,-0.6603425741195679,-0.017826138161534128
COHFACE_s39_session2_natural,36,1,36.03333333333333,-0.7208420038223267,-0.07270504831661627
COHFACE_s39_session2_natural,36,2,36.06666666666667,-0.7665128111839294,-0.09920365449588658
COHFACE_s39_session2_natural,36,3,36.1,-0.7930313944816589,-0.07678389973865656
COHFACE_s39_session2_natural,36,4,36.13333333333333,-0.833673894405365,0.004743688410421939
COHFACE_s39_session2_natural,36,5,36.166666666666664,-0.9022281765937805,0.1433509999658619
COHFACE_s39_session2_natural,36,6,36.2,-0.9594928622245789,0.3255562997643376
COHFACE_s39_session2_natural,36,7,36.233333333333334,-0.6382918357849121,0.5291373883251153
COHFACE_s39_session2_natural,36,8,36.266666666666666,0.4851909279823303,0.7269844620517305
COHFACE_s39_session2_natural,36,9,36.3,1.7193117141723633,0.8915192678326617
COHFACE_s39_session2_natural,36,10,36.333333333333336,2.180391550064087,0.9991981505642274
COHFACE_s39_session2_natural,36,11,36.36666666666667,2.0045621395111084,1.0345014187937278
COHFACE_s39_session2_natural,36,12,36.4,1.7245001792907715,0.9926877307543358
COHFACE_s39_session2_natural,36,13,36.43333333333333,1.5554124116897583,0.8806096335976157
COHFACE_s39_session2_natural,36,14,36.46666666666667,1.3711118698120117,0.7151148806736686
COHFACE_s39_session2_natural,36,15,36.5,1.068646788597107,0.5189794029349514
COHFACE_s39_session2_natural,36,16,36.53333333333333,0.8287469148635864,0.31496010869742475
COHFACE_s39_session2_natural,36,17,36.56666666666667,0.7175964117050171,0.11958190689995886
COHFACE_s39_session2_natural,36,18,36.6,0.6292653679847717,-0.060710443437999875
COHFACE_s39_session2_natural,36,19,36.63333333333333,0.4659745991230011,-0.2287817880535821
COHFACE_s39_session2_natural,36,20,36.666666666666664,0.22529004514217377,-0.39156051979295853
COHFACE_s39_session2_natural,36,21,36.7,-0.021111352369189262,-0.5532490049048066
COHFACE_s39_session2_natural,36,22,36.733333333333334,-0.23966509103775024,-0.7109045321347663
COHFACE_s39_session2_natural,36,23,36.766666666666666,-0.4006979465484619,-0.8546599945202433
COHFACE_s39_session2_natural,36,24,36.8,-0.5116081833839417,-0.9716225073841339
COHFACE_s39_session2_natural,36,25,36.833333333333336,-0.6010121703147888,-1.050357226131852
COHFACE_s39_session2_natural,36,26,36.86666666666667,-0.6814965605735779,-1.0835348475156648
COHFACE_s39_session2_natural,36,27,36.9,-0.7581056952476501,-1.06828732531901
COHFACE_s39_session2_natural,36,28,36.93333333333333,-0.8201264142990112,-1.0049313021915696
COHFACE_s39_session2_natural,36,29,36.96666666666667,-0.8730834126472473,-0.8949629936490534
COHFACE_s39_session2_natural,36,30,37.0,-0.9250475764274597,-0.7393712587243766
COHFACE_s39_session2_natural,36,31,37.03333333333333,-0.9906553030014038,-0.5382530107891716
COHFACE_s39_session2_natural,36,32,37.06666666666667,-1.056903600692749,-0.2921480889231087
COHFACE_s39_session2_natural,36,33,37.1,-1.0208890438079834,-0.0047540339150764395
COHFACE_s39_session2_natural,36,34,37.13333333333333,-0.34139955043792725,0.3138471196568762
COHFACE_s39_session2_natural,36,35,37.166666666666664,1.0317354202270508,0.64464092634044
COHFACE_s39_session2_natural,36,36,37.2,2.024322986602783,0.9591962411288782
COHFACE_s39_session2_natural,36,37,37.233333333333334,2.1174261569976807,1.2224328210246094
COHFACE_s39_session2_natural,36,38,37.266666666666666,1.8093723058700562,1.3989247706306398
COHFACE_s39_session2_natural,36,39,37.3,1.5771108865737915,1.4613953380741533
COHFACE_s39_session2_natural,36,40,37.333333333333336,1.427031397819519,1.3983932212080035
COHFACE_s39_session2_natural,36,41,37.36666666666667,1.1636234521865845,1.217933286052944
COHFACE_s39_session2_natural,36,42,37.4,0.8724960684776306,0.9457442887689168
COHFACE_s39_session2_natural,36,43,37.43333333333333,0.7098938822746277,0.6190262359218044
COHFACE_s39_session2_natural,36,44,37.46666666666667,0.6240449547767639,0.27767629327514803
COHFACE_s39_session2_natural,36,45,37.5,0.4933578670024872,-0.04449015894284093
COHFACE_s39_session2_natural,36,46,37.53333333333333,0.2836596667766571,-0.325289450034301
COHFACE_s39_session2_natural,36,47,37.56666666666667,0.025568317621946335,-0.5541685447115974
COHFACE_s39_session2_natural,36,48,37.6,-0.21865522861480713,-0.7277442795176271
COHFACE_s39_session2_natural,36,49,37.63333333333333,-0.40699130296707153,-0.8449127174609989
COHFACE_s39_session2_natural,36,50,37.666666666666664,-0.5430428981781006,-0.9050598915414824
COHFACE_s39_session2_natural,36,51,37.7,-0.6476117968559265,-0.9099392668216773
COHFACE_s39_session2_natural,36,52,37.733333333333334,-0.7276318073272705,-0.8670075946674901
COHFACE_s39_session2_natural,36,53,37.766666666666666,-0.8053297996520996,-0.7909116605929967
COHFACE_s39_session2_natural,36,54,37.8,-0.8755655288696289,-0.7007500678015145
COHFACE_s39_session2_natural,36,55,37.833333333333336,-0.9512298107147217,-0.6133936634852601
COHFACE_s39_session2_natural,36,56,37.86666666666667,-1.0214494466781616,-0.5362463394024743
COHFACE_s39_session2_natural,36,57,37.9,-1.1023662090301514,-0.4640972042913472
COHFACE_s39_session2_natural,36,58,37.93333333333333,-1.1648833751678467,-0.3827465379910685
COHFACE_s39_session2_natural,36,59,37.96666666666667,-1.2038925886154175,-0.27791728508896246
COHFACE_s39_session2_natural,36,60,38.0,-1.2425974607467651,-0.14426766654058823
COHFACE_s39_session2_natural,36,61,38.03333333333333,-1.2980846166610718,0.011018838060335549
COHFACE_s39_session2_natural,36,62,38.06666666666667,-1.3165643215179443,0.17184642562726085
COHFACE_s39_session2_natural,36,63,38.1,-0.8543314933776855,0.3209965496107473
COHFACE_s39_session2_natural,36,64,38.13333333333333,0.450473427772522,0.4468975319413307
COHFACE_s39_session2_natural,36,65,38.166666666666664,1.6940582990646362,0.5457141687715351
COHFACE_s39_session2_natural,36,66,38.2,2.009718656539917,0.6188844166253522
COHFACE_s39_session2_natural,36,67,38.233333333333334,1.7025935649871826,0.6693198739167737
COHFACE_s39_session2_natural,36,68,38.266666666666666,1.370182991027832,0.6995819857992551
COHFACE_s39_session2_natural,36,69,38.3,1.190045952796936,0.7126705506027518
COHFACE_s39_session2_natural,36,70,38.333333333333336,0.981692910194397,0.7129393838136321
COHFACE_s39_session2_natural,36,71,38.36666666666667,0.7194059491157532,0.7042770124459254
COHFACE_s39_session2_natural,36,72,38.4,0.5612875819206238,0.6859686991773015
COHFACE_s39_session2_natural,36,73,38.43333333333333,0.48599159717559814,0.6499880653339134
COHFACE_s39_session2_natural,36,74,38.46666666666667,0.3755457401275635,0.5831174050701664
COHFACE_s39_session2_natural,36,75,38.5,0.17676880955696106,0.47384466559186506
COHFACE_s39_session2_natural,36,76,38.53333333333333,-0.07189051061868668,0.3203970864031526
COHFACE_s39_session2_natural,36,77,38.56666666666667,-0.322487473487854,0.13503941031671443
COHFACE_s39_session2_natural,36,78,38.6,-0.5237625241279602,-0.05826843521459431
COHFACE_s39_session2_natural,36,79,38.63333333333333,-0.6697425842285156,-0.23196229520699338
COHFACE_s39_session2_natural,36,80,38.666666666666664,-0.7856491208076477,-0.3646216127865901
COHFACE_s39_session2_natural,36,81,38.7,-0.8692241311073303,-0.4476515023843933
COHFACE_s39_session2_natural,36,82,38.733333333333334,-0.9283623695373535,-0.48641004873566407
COHFACE_s39_session2_natural,36,83,38.766666666666666,-0.9879329800605774,-0.4963921122282711
COHFACE_s39_session2_natural,36,84,38.8,-1.0574480295181274,-0.4968340951570133
COHFACE_s39_session2_natural,36,85,38.833333333333336,-1.130982518196106,-0.504170525394227
COHFACE_s39_session2_natural,36,86,38.86666666666667,-1.1957896947860718,-0.5270224995611554
COHFACE_s39_session2_natural,36,87,38.9,-1.2520134449005127,-0.5637874836231067
COHFACE_s39_session2_natural,36,88,38.93333333333333,-1.3080130815505981,-0.6036740170916162
COHFACE_s39_session2_natural,36,89,38.96666666666667,-1.3425543308258057,-0.6312858099031996
COHFACE_s39_session2_natural,36,90,39.0,-1.3665428161621094,-0.6331473360542337
COHFACE_s39_session2_natural,36,91,39.03333333333333,-1.402605414390564,-0.6032592272374657
COHFACE_s39_session2_natural,36,92,39.06666666666667,-1.375590443611145,-0.545260027585222
COHFACE_s39_session2_natural,36,93,39.1,-0.7597871422767639,-0.4705449791057917
COHFACE_s39_session2_natural,36,94,39.13333333333333,0.6398823857307434,-0.39340800717188135
COHFACE_s39_session2_natural,36,95,39.166666666666664,1.7792507410049438,-0.32509911525091534
COHFACE_s39_session2_natural,36,96,39.2,1.9533185958862305,-0.26859491309380445
COHFACE_s39_session2_natural,36,97,39.233333333333334,1.5768706798553467,-0.21559255328084678
COHFACE_s39_session2_natural,36,98,39.266666666666666,1.211936593055725,-0.14721286920605525
COHFACE_s39_session2_natural,36,99,39.3,0.9929344058036804,-0.039463730794528445
COHFACE_s39_session2_natural,36,100,39.333333333333336,0.7763984203338623,0.12707867688165583
COHFACE_s39_session2_natural,36,101,39.36666666666667,0.5697427988052368,0.3563451432893668
COHFACE_s39_session2_natural,36,102,39.4,0.48624783754348755,0.6295056282980006
COHFACE_s39_session2_natural,36,103,39.43333333333333,0.44600561261177063,0.9058106894599266
COHFACE_s39_session2_natural,36,104,39.46666666666667,0.34106844663619995,1.1325293659701092
COHFACE_s39_session2_natural,36,105,39.5,0.14265982806682587,1.2604350148337464
COHFACE_s39_session2_natural,36,106,39.53333333333333,-0.10356542468070984,1.258534016742327
COHFACE_s39_session2_natural,36,107,39.56666666666667,-0.3399583101272583,1.1224566177381945
COHFACE_s39_session2_natural,36,108,39.6,-0.5392316579818726,0.874587376831121
COHFACE_s39_session2_natural,36,109,39.63333333333333,-0.6794628500938416,0.5575106951265298
COHFACE_s39_session2_natural,36,110,39.666666666666664,-0.7806848883628845,0.2233795506460181
COHFACE_s39_session2_natural,36,111,39.7,-0.8441948294639587,-0.07820965469799371
COHFACE_s39_session2_natural,36,112,39.733333333333334,-0.8868230581283569,-0.3106095819938941
COHFACE_s39_session2_natural,36,113,39.766666666666666,-0.9417977929115295,-0.4556376880847129
COHFACE_s39_session2_natural,36,114,39.8,-0.9950430393218994,-0.5133141718511026
COHFACE_s39_session2_natural,36,115,39.833333333333336,-1.045469880104065,-0.49760371249069363
COHFACE_s39_session2_natural,36,116,39.86666666666667,-1.1066418886184692,-0.43078094894762897
COHFACE_s39_session2_natural,36,117,39.9,-1.164819359779358,-0.33802733291938974
COHFACE_s39_session2_natural,36,118,39.93333333333333,-1.216767430305481,-0.24246358317293393
COHFACE_s39_session2_natural,36,119,39.96666666666667,-1.2691320180892944,-0.16056718901226222
COHFACE_s39_session2_natural,36,120,40.0,-1.324266791343689,-0.09904556058436416
COHFACE_s39_session2_natural,36,121,40.03333333333333,-1.0811963081359863,-0.05483478966633524
COHFACE_s39_session2_natural,36,122,40.06666666666667,-0.006667076610028744,-0.01852534680698173
COHFACE_s39_session2_natural,36,123,40.1,1.3747148513793945,0.02041832878905812
COHFACE_s39_session2_natural,36,124,40.13333333333333,1.9570177793502808,0.06884290132953352
COHFACE_s39_session2_natural,36,125,40.166666666666664,1.7165573835372925,0.1269627719306435
COHFACE_s39_session2_natural,36,126,40.2,1.2705143690109253,0.1877426677158566
COHFACE_s39_session2_natural,36,127,40.233333333333334,0.9523399472236633,0.23831015812465445
COHFACE_s39_session2_natural,36,128,40.266666666666666,0.7209272980690002,0.26275964375709937
COHFACE_s39_session2_natural,36,129,40.3,0.5121418237686157,0.24578647575736873
COHFACE_s39_session2_natural,36,130,40.333333333333336,0.4377906322479248,0.1767885667354923
COHFACE_s39_session2_natural,36,131,40.36666666666667,0.4534519612789154,0.0537283933819958
COHFACE_s39_session2_natural,36,132,40.4,0.40131163597106934,-0.1148126870164796
COHFACE_s39_session2_natural,36,133,40.43333333333333,0.23465801775455475,-0.31087022153962623
COHFACE_s39_session2_natural,36,134,40.46666666666667,-0.0163873378187418,-0.5112848173018182
COHFACE_s39_session2_natural,36,135,40.5,-0.28009945154190063,-0.6926969315530005
COHFACE_s39_session2_natural,36,136,40.53333333333333,-0.5040177702903748,-0.8352665915202687
COHFACE_s39_session2_natural,36,137,40.56666666666667,-0.666139543056488,-0.9244614001341624
COHFACE_s39_session2_natural,36,138,40.6,-0.7683383822441101,-0.9515116210332786
COHFACE_s39_session2_natural,36,139,40.63333333333333,-0.8421450853347778,-0.9134080185766318
COHFACE_s39_session2_natural,36,140,40.666666666666664,-0.8877358436584473,-0.8127452358639645
COHFACE_s39_session2_natural,36,141,40.7,-0.9327821135520935,-0.657178812268037
COHFACE_s39_session2_natural,36,142,40.733333333333334,-0.9845861792564392,-0.4584298462060022
COHFACE_s39_session2_natural,36,143,40.766666666666666,-1.0339081287384033,-0.23120643136975175
COHFACE_s39_session2_natural,36,144,40.8,-1.0925178527832031,0.007613567214490411
COHFACE_s39_session2_natural,36,145,40.833333333333336,-1.1523607969284058,0.23977845211659055
COHFACE_s39_session2_natural,36,146,40.86666666666667,-1.2233330011367798,0.44728000436152415
COHFACE_s39_session2_natural,36,147,40.9,-1.2444710731506348,0.6153377608359806
COHFACE_s39_session2_natural,36,148,40.93333333333333,-0.6997841000556946,0.7358943204116457
COHFACE_s39_session2_natural,36,149,40.96666666666667,0.7000455260276794,0.8095740840530642
COHFACE_s39_session2_natural,36,150,41.0,1.9213714599609375,0.8444833422578972
COHFACE_s39_session2_natural,36,151,41.03333333333333,2.164842367172241,0.8522708616268485
COHFACE_s39_session2_natural,36,152,41.06666666666667,1.7914530038833618,0.8440412117446979
COHFACE_s39_session2_natural,36,153,41.1,1.3976303339004517,0.8285900706801635
COHFACE_s39_session2_natural,36,154,41.13333333333333,1.167210578918457,0.8125172748662357
COHFACE_s39_session2_natural,36,155,41.166666666666664,0.945662260055542,0.7996100317358363
COHFACE_s39_session2_natural,36,156,41.2,0.7054581046104431,0.7884161109582022
COHFACE_s39_session2_natural,36,157,41.233333333333334,0.5730736255645752,0.7700901811911591
COHFACE_s39_session2_natural,36,158,41.266666666666666,0.5215898752212524,0.7297045990829885
COHFACE_s39_session2_natural,36,159,41.3,0.4321538507938385,0.6519949428916394
COHFACE_s39_session2_natural,36,160,41.333333333333336,0.2539544105529785,0.5285653022845033
COHFACE_s39_session2_natural,36,161,41.36666666666667,-0.003416314022615552,0.36168505804706197
COHFACE_s39_session2_natural,36,162,41.4,-0.2675127685070038,0.16219787307837502
COHFACE_s39_session2_natural,36,163,41.43333333333333,-0.48614656925201416,-0.05670412132436871
COHFACE_s39_session2_natural,36,164,41.46666666666667,-0.6449375152587891,-0.28568991763498175
COHFACE_s39_session2_natural,36,165,41.5,-0.7513799667358398,-0.5217984351158264
COHFACE_s39_session2_natural,36,166,41.53333333333333,-0.8219999670982361,-0.7659344659050736
COHFACE_s39_session2_natural,36,167,41.56666666666667,-0.8786240816116333,-1.0167698746859841
COHFACE_s39_session2_natural,36,168,41.6,-0.9315330982208252,-1.2641902693849671
COHFACE_s39_session2_natural,36,169,41.63333333333333,-0.9741452932357788,-1.4855912313451194
COHFACE_s39_session2_natural,36,170,41.666666666666664,-1.012481927871704,-1.6471414436888594
COHFACE_s39_session2_natural,36,171,41.7,-1.0716201066970825,-1.7102737467849525
COHFACE_s39_session2_natural,36,172,41.733333333333334,-1.156860589981079,-1.641882495004444
COHFACE_s39_session2_natural,36,173,41.766666666666666,-1.1174510717391968,-1.4254358507189442
COHFACE_s39_session2_natural,36,174,41.8,-0.334625780582428,-1.069628793225205
COHFACE_s39_session2_natural,36,175,41.833333333333336,1.2026005983352661,-0.6113332120998272
COHFACE_s39_session2_natural,36,176,41.86666666666667,2.269587516784668,-0.11060670410338495
COHFACE_s39_session2_natural,36,177,41.9,2.3372609615325928,0.3621823656413584
COHFACE_s39_session2_natural,36,178,41.93333333333333,1.9676347970962524,0.7437619404856017
COHFACE_s39_session2_natural,36,179,41.96666666666667,1.665666103363037,0.9939835954805738
COHFACE_s39_session2_natural,36,180,42.0,1.4878029823303223,1.104522569196194
COHFACE_s39_session2_natural,36,181,42.03333333333333,1.2455971240997314,1.0971370685428705
COHFACE_s39_session2_natural,36,182,42.06666666666667,0.9496496319770813,1.012788506222926
COHFACE_s39_session2_natural,36,183,42.1,0.7532587647438049,0.8963508642864239
COHFACE_s39_session2_natural,36,184,42.13333333333333,0.6543907523155212,0.7823688390468398
COHFACE_s39_session2_natural,36,185,42.166666666666664,0.5421993732452393,0.6863112185745959
COHFACE_s39_session2_natural,36,186,42.2,0.3334299623966217,0.604243941686886
COHFACE_s39_session2_natural,36,187,42.233333333333334,0.05974135920405388,0.5210216204021905
COHFACE_s39_session2_natural,36,188,42.266666666666666,-0.2065969854593277,0.4227977895267881
COHFACE_s39_session2_natural,36,189,42.3,-0.42652788758277893,0.30681336897667605
COHFACE_s39_session2_natural,36,190,42.333333333333336,-0.5793137550354004,0.18290445269204852
COHFACE_s39_session2_natural,36,191,42.36666666666667,-0.6850516200065613,0.06647318990588542
COHFACE_s39_session2_natural,36,192,42.4,-0.7750160694122314,-0.03154420765312998
COHFACE_s39_session2_natural,36,193,42.43333333333333,-0.8510326743125916,-0.11045001617431316
COHFACE_s39_session2_natural,36,194,42.46666666666667,-0.9137579798698425,-0.17807843151118485
COHFACE_s39_session2_natural,36,195,42.5,-0.9802945256233215,-0.2440779459721001
COHFACE_s39_session2_natural,36,196,42.53333333333333,-1.0475516319274902,-0.3130480509866765
COHFACE_s39_session2_natural,36,197,42.56666666666667,-1.1034551858901978,-0.38102758113588475
COHFACE_s39_session2_natural,36,198,42.6,-1.1571327447891235,-0.4360028009966084
COHFACE_s39_session2_natural,36,199,42.63333333333333,-1.2219558954238892,-0.4611519506590009
COHFACE_s39_session2_natural,36,200,42.666666666666664,-1.2755054235458374,-0.439452964216488
COHFACE_s39_session2_natural,36,201,42.7,-0.8844530582427979,-0.35892178861614915
COHFACE_s39_session2_natural,36,202,42.733333333333334,0.4653981029987335,-0.21767016622359042
COHFACE_s39_session2_natural,36,203,42.766666666666666,1.919674038887024,-0.02728655020515214
COHFACE_s39_session2_natural,36,204,42.8,2.388280153274536,0.1872727626719596
COHFACE_s39_session2_natural,36,205,42.833333333333336,2.097761392593384,0.3923047962281398
COHFACE_s39_session2_natural,36,206,42.86666666666667,1.714892029762268,0.5536012838539481
COHFACE_s39_session2_natural,36,207,42.9,1.4898687601089478,0.6453080074861889
COHFACE_s39_session2_natural,36,208,42.93333333333333,1.284398078918457,0.6555370012173799
COHFACE_s39_session2_natural,36,209,42.96666666666667,0.9955286383628845,0.5865196261638672
COHFACE_s39_session2_natural,36,210,43.0,0.78232342004776,0.45067309665909866
COHFACE_s39_session2_natural,36,211,43.03333333333333,0.6931596994400024,0.266057545775697
COHFACE_s39_session2_natural,36,212,43.06666666666667,0.5855482220649719,0.05316216481982089
COHFACE_s39_session2_natural,36,213,43.1,0.38353654742240906,-0.16756524820138533
COHFACE_s39_session2_natural,36,214,43.13333333333333,0.12110551446676254,-0.3783131156731162
COHFACE_s39_session2_natural,36,215,43.166666666666664,-0.147346630692482,-0.566176645114554
COHFACE_s39_session2_natural,36,216,43.2,-0.3910737633705139,-0.723928433338665
COHFACE_s39_session2_natural,36,217,43.233333333333334,-0.5735808610916138,-0.8487299320487421
COHFACE_s39_session2_natural,36,218,43.266666666666666,-0.6971258521080017,-0.9396066183823913
COHFACE_s39_session2_natural,36,219,43.3,-0.7966344356536865,-0.9954102140730536
COHFACE_s39_session2_natural,36,220,43.333333333333336,-0.8733236193656921,-1.0144946224710452
COHFACE_s39_session2_natural,36,221,43.36666666666667,-0.9452727437019348,-0.9957320976331923
COHFACE_s39_session2_natural,36,222,43.4,-1.021369457244873,-0.9390602221888846
COHFACE_s39_session2_natural,36,223,43.43333333333333,-1.0907564163208008,-0.8440882489317609
COHFACE_s39_session2_natural,36,224,43.46666666666667,-1.148117184638977,-0.7076064889473253
COHFACE_s39_session2_natural,36,225,43.5,-1.1935957670211792,-0.5227380444951796
COHFACE_s39_session2_natural,36,226,43.53333333333333,-1.244887351989746,-0.2817830758601273
COHFACE_s39_session2_natural,36,227,43.56666666666667,-1.316724419593811,0.0176462574991789
COHFACE_s39_session2_natural,36,228,43.6,-1.3696653842926025,0.3658081338654474
COHFACE_s39_session2_natural,36,229,43.63333333333333,-1.0370787382125854,0.7369416766519101
COHFACE_s39_session2_natural,36,230,43.666666666666664,0.23730026185512543,1.091358799410653
COHFACE_s39_session2_natural,36,231,43.7,1.7276228666305542,1.3840584501003281
COHFACE_s39_session2_natural,36,232,43.733333333333334,2.273078441619873,1.5766919784259514
COHFACE_s39_session2_natural,36,233,43.766666666666666,1.984545111656189,1.6474823921046315
COHFACE_s39_session2_natural,36,234,43.8,1.549967885017395,1.5949346414397063
COHFACE_s39_session2_natural,36,235,43.833333333333336,1.2829089164733887,1.4346912877588374
COHFACE_s39_session2_natural,36,236,43.86666666666667,1.0669974088668823,1.1921121485720803
COHFACE_s39_session2_natural,36,237,43.9,0.8110998868942261,0.8943525420657863
COHFACE_s39_session2_natural,36,238,43.93333333333333,0.6557518839836121,0.5647462301834113
COHFACE_s39_session2_natural,36,239,43.96666666666667,0.6011614799499512,0.22075966337765687
COHFACE_s39_session2_natural,37,0,37.0,-0.9250475764274597,0.15485792342769925
COHFACE_s39_session2_natural,37,1,37.03333333333333,-0.9906553030014038,0.15688665887821687
COHFACE_s39_session2_natural,37,2,37.06666666666667,-1.056903600692749,0.16816919991311907
COHFACE_s39_session2_natural,37,3,37.1,-1.0208890438079834,0.19973314075113663
COHFACE_s39_session2_natural,37,4,37.13333333333333,-0.34139955043792725,0.26053919833169675
COHFACE_s39_session2_natural,37,5,37.166666666666664,1.0317354202270508,0.35445854684073574
COHFACE_s39_session2_natural,37,6,37.2,2.024322986602783,0.4768965967478018
COHFACE_s39_session2_natural,37,7,37.233333333333334,2.1174261569976807,0.6129894554420339
COHFACE_s39_session2_natural,37,8,37.266666666666666,1.8093723058700562,0.7388902949058618
COHFACE_s39_session2_natural,37,9,37.3,1.5771108865737915,0.8263454316333089
COHFACE_s39_session2_natural,37,10,37.333333333333336,1.427031397819519,0.8493659268880446
COHFACE_s39_session2_natural,37,11,37.36666666666667,1.1636234521865845,0.7910150009390273
COHFACE_s39_session2_natural,37,12,37.4,0.8724960684776306,0.6483441948223357
COHFACE_s39_session2_natural,37,13,37.43333333333333,0.7098938822746277,0.4338610922256188
COHFACE_s39_session2_natural,37,14,37.46666666666667,0.6240449547767639,0.1724619378812266
COHFACE_s39_session2_natural,37,15,37.5,0.4933578670024872,-0.10554067994603322
COHFACE_s39_session2_natural,37,16,37.53333333333333,0.2836596667766571,-0.3719973502339798
COHFACE_s39_session2_natural,37,17,37.56666666666667,0.025568317621946335,-0.6052015206222506
COHFACE_s39_session2_natural,37,18,37.6,-0.21865522861480713,-0.7900788267060477
COHFACE_s39_session2_natural,37,19,37.63333333333333,-0.40699130296707153,-0.9169230773989793
COHFACE_s39_session2_natural,37,20,37.666666666666664,-0.5430428981781006,-0.9813702093385092
COHFACE_s39_session2_natural,37,21,37.7,-0.6476117968559265,-0.985948001021256
COHFACE_s39_session2_natural,37,22,37.733333333333334,-0.7276318073272705,-0.9415406248885587
COHFACE_s39_session2_natural,37,23,37.766666666666666,-0.8053297996520996,-0.8664775385295435
COHFACE_s39_session2_natural,37,24,37.8,-0.8755655288696289,-0.7817103573821111
COHFACE_s39_session2_natural,37,25,37.833333333333336,-0.9512298107147217,-0.7028243409798625
COHFACE_s39_session2_natural,37,26,37.86666666666667,-1.0214494466781616,-0.6326228269411827
COHFACE_s39_session2_natural,37,27,37.9,-1.1023662090301514,-0.5591902205097086
COHFACE_s39_session2_natural,37,28,37.93333333333333,-1.1648833751678467,-0.46189035046846605
COHFACE_s39_session2_natural,37,29,37.96666666666667,-1.2038925886154175,-0.3229093242131836
COHFACE_s39_session2_natural,37,30,38.0,-1.2425974607467651,-0.1378731313849245
COHFACE_s39_session2_natural,37,31,38.03333333333333,-1.2980846166610718,0.0809559338503925
COHFACE_s39_session2_natural,37,32,38.06666666666667,-1.3165643215179443,0.3106108877898376
COHFACE_s39_session2_natural,37,33,38.1,-0.8543314933776855,0.5280898647152431
COHFACE_s39_session2_natural,37,34,38.13333333333333,0.450473427772522,0.7185025272177821
COHFACE_s39_session2_natural,37,35,38.166666666666664,1.6940582990646362,0.8756966819557293
COHFACE_s39_session2_natural,37,36,38.2,2.009718656539917,0.9962703780822756
COHFACE_s39_session2_natural,37,37,38.233333333333334,1.7025935649871826,1.0729546219477575
COHFACE_s39_session2_natural,37,38,38.266666666666666,1.370182991027832,1.0936520187855283
COHFACE_s39_session2_natural,37,39,38.3,1.190045952796936,1.0477608785757277
COHFACE_s39_session2_natural,37,40,38.333333333333336,0.981692910194397,0.9351669020410871
COHFACE_s39_session2_natural,37,41,38.36666666666667,0.7194059491157532,0.7707709061281006
COHFACE_s39_session2_natural,37,42,38.4,0.5612875819206238,0.5811110845406317
COHFACE_s39_session2_natural,37,43,38.43333333333333,0.48599159717559814,0.3954377362558692
COHFACE_s39_session2_natural,37,44,38.46666666666667,0.3755457401275635,0.23630138339653187
COHFACE_s39_session2_natural,37,45,38.5,0.17676880955696106,0.11381354059173326
COHFACE_s39_session2_natural,37,46,38.53333333333333,-0.07189051061868668,0.025277875427743724
COHFACE_s39_session2_natural,37,47,38.56666666666667,-0.322487473487854,-0.04063688875672612
COHFACE_s39_session2_natural,37,48,38.6,-0.5237625241279602,-0.0976959720539741
COHFACE_s39_session2_natural,37,49,38.63333333333333,-0.6697425842285156,-0.156620770553458
COHFACE_s39_session2_natural,37,50,38.666666666666664,-0.7856491208076477,-0.22200600453785432
COHFACE_s39_session2_natural,37,51,38.7,-0.8692241311073303,-0.29197855662457983
COHFACE_s39_session2_natural,37,52,38.733333333333334,-0.9283623695373535,-0.3602465829522086
COHFACE_s39_session2_natural,37,53,38.766666666666666,-0.9879329800605774,-0.41978526878260136
COHFACE_s39_session2_natural,37,54,38.8,-1.0574480295181274,-0.4667747317965344
COHFACE_s39_session2_natural,37,55,38.833333333333336,-1.130982518196106,-0.5029074523555354
COHFACE_s39_session2_natural,37,56,38.86666666666667,-1.1957896947860718,-0.5345426370889365
COHFACE_s39_session2_natural,37,57,38.9,-1.2520134449005127,-0.5687573636304338
COHFACE_s39_session2_natural,37,58,38.93333333333333,-1.3080130815505981,-0.6085103270139272
COHFACE_s39_session2_natural,37,59,38.96666666666667,-1.3425543308258057,-0.6500834134223861
COHFACE_s39_session2_natural,37,60,39.0,-1.3665428161621094,-0.6845294072443527
COHFACE_s39_session2_natural,37,61,39.03333333333333,-1.402605414390564,-0.7021290776161693
COHFACE_s39_session2_natural,37,62,39.06666666666667,-1.375590443611145,-0.6969069957001494
COHFACE_s39_session2_natural,37,63,39.1,-0.7597871422767639,-0.6684174043684578
COHFACE_s39_session2_natural,37,64,39.13333333333333,0.6398823857307434,-0.6201101052462876
COHFACE_s39_session2_natural,37,65,39.166666666666664,1.7792507410049438,-0.5556857330659704
COHFACE_s39_session2_natural,37,66,39.2,1.9533185958862305,-0.47536945955071963
COHFACE_s39_session2_natural,37,67,39.233333333333334,1.5768706798553467,-0.37366742703627626
COHFACE_s39_session2_natural,37,68,39.266666666666666,1.211936593055725,-0.23998994830039813
COHFACE_s39_session2_natural,37,69,39.3,0.9929344058036804,-0.06297181279624291
COHFACE_s39_session2_natural,37,70,39.333333333333336,0.7763984203338623,0.16235537735249123
COHFACE_s39_session2_natural,37,71,39.36666666666667,0.5697427988052368,0.42753785695249885
COHFACE_s39_session2_natural,37,72,39.4,0.48624783754348755,0.7079061049301638
COHFACE_s39_session2_natural,37,73,39.43333333333333,0.44600561261177063,0.9665875241440713
COHFACE_s39_session2_natural,37,74,39.46666666666667,0.34106844663619995,1.1640419301337217
COHFACE_s39_session2_natural,37,75,39.5,0.14265982806682587,1.2687569955110032
COHFACE_s39_session2_natural,37,76,39.53333333333333,-0.10356542468070984,1.2649834476553807
COHFACE_s39_session2_natural,37,77,39.56666666666667,-0.3399583101272583,1.155676270513454
COHFACE_s39_session2_natural,37,78,39.6,-0.5392316579818726,0.9607154379909882
COHFACE_s39_session2_natural,37,79,39.63333333333333,-0.6794628500938416,0.7114930007954587
COHFACE_s39_session2_natural,37,80,39.666666666666664,-0.7806848883628845,0.4435697242262093
COHFACE_s39_session2_natural,37,81,39.7,-0.8441948294639587,0.18949165963862302
COHFACE_s39_session2_natural,37,82,39.733333333333334,-0.8868230581283569,-0.026217488448086766
COHFACE_s39_session2_natural,37,83,39.766666666666666,-0.9417977929115295,-0.1888678362001491
COHFACE_s39_session2_natural,37,84,39.8,-0.9950430393218994,-0.29293997772254715
COHFACE_s39_session2_natural,37,85,39.833333333333336,-1.045469880104065,-0.34071701795410225
COHFACE_s39_session2_natural,37,86,39.86666666666667,-1.1066418886184692,-0.34127797905915136
COHFACE_s39_session2_natural,37,87,39.9,-1.164819359779358,-0.309295902466262
COHFACE_s39_session2_natural,37,88,39.93333333333333,-1.216767430305481,-0.2622402206306993
COHFACE_s39_session2_natural,37,89,39.96666666666667,-1.2691320180892944,-0.2156884131499774
COHFACE_s39_session2_natural,37,90,40.0,-1.324266791343689,-0.17885643515465063
COHFACE_s39_session2_natural,37,91,40.03333333333333,-1.0811963081359863,-0.15315596213613786
COHFACE_s39_session2_natural,37,92,40.06666666666667,-0.006667076610028744,-0.13407874097479122
COHFACE_s39_session2_natural,37,93,40.1,1.3747148513793945,-0.11424635534601921
COHFACE_s39_session2_natural,37,94,40.13333333333333,1.9570177793502808,-0.08610667713951795
COHFACE_s39_session2_natural,37,95,40.166666666666664,1.7165573835372925,-0.04452632298816601
COHFACE_s39_session2_natural,37,96,40.2,1.2705143690109253,0.010476166440446522
COHFACE_s39_session2_natural,37,97,40.233333333333334,0.9523399472236633,0.07172011926398529
COHFACE_s39_session2_natural,37,98,40.266666666666666,0.7209272980690002,0.12479961032555076
COHFACE_s39_session2_natural,37,99,40.3,0.5121418237686157,0.15066590562798618
COHFACE_s39_session2_natural,37,100,40.333333333333336,0.4377906322479248,0.13068403311536916
COHFACE_s39_session2_natural,37,101,40.36666666666667,0.4534519612789154,0.05270208139627589
COHFACE_s39_session2_natural,37,102,40.4,0.40131163597106934,-0.08460891387905857
COHFACE_s39_session2_natural,37,103,40.43333333333333,0.23465801775455475,-0.2713273213452889
COHFACE_s39_session2_natural,37,104,40.46666666666667,-0.0163873378187418,-0.48906183938093456
COHFACE_s39_session2_natural,37,105,40.5,-0.28009945154190063,-0.714116311524648
COHFACE_s39_session2_natural,37,106,40.53333333333333,-0.5040177702903748,-0.9194128964542436
COHFACE_s39_session2_natural,37,107,40.56666666666667,-0.666139543056488,-1.0761699809241603
COHFACE_s39_session2_natural,37,108,40.6,-0.7683383822441101,-1.1572386208715657
COHFACE_s39_session2_natural,37,109,40.63333333333333,-0.8421450853347778,-1.1425320264801375
COHFACE_s39_session2_natural,37,110,40.666666666666664,-0.8877358436584473,-1.0245766719622325
COHFACE_s39_session2_natural,37,111,40.7,-0.9327821135520935,-0.8111778400041818
COHFACE_s39_session2_natural,37,112,40.733333333333334,-0.9845861792564392,-0.5237111370366281
COHFACE_s39_session2_natural,37,113,40.766666666666666,-1.0339081287384033,-0.19214104495097278
COHFACE_s39_session2_natural,37,114,40.8,-1.0925178527832031,0.15071314687698648
COHFACE_s39_session2_natural,37,115,40.833333333333336,-1.1523607969284058,0.47369832318991756
COHFACE_s39_session2_natural,37,116,40.86666666666667,-1.2233330011367798,0.7504262802863259
COHFACE_s39_session2_natural,37,117,40.9,-1.2444710731506348,0.9618332526950469
COHFACE_s39_session2_natural,37,118,40.93333333333333,-0.6997841000556946,1.0984277538141838
COHFACE_s39_session2_natural,37,119,40.96666666666667,0.7000455260276794,1.1612787859490885
COHFACE_s39_session2_natural,37,120,41.0,1.9213714599609375,1.1607753406869779
COHFACE_s39_session2_natural,37,121,41.03333333333333,2.164842367172241,1.1133943794529269
COHFACE_s39_session2_natural,37,122,41.06666666666667,1.7914530038833618,1.0379766640492085
COHFACE_s39_session2_natural,37,123,41.1,1.3976303339004517,0.952797430002562
COHFACE_s39_session2_natural,37,124,41.13333333333333,1.167210578918457,0.872967645067925
COHFACE_s39_session2_natural,37,125,41.166666666666664,0.945662260055542,0.8070206360270772
COHFACE_s39_session2_natural,37,126,41.2,0.7054581046104431,0.753554698472428
COHFACE_s39_session2_natural,37,127,41.233333333333334,0.5730736255645752,0.7009123340452381
COHFACE_s39_session2_natural,37,128,41.266666666666666,0.5215898752212524,0.631962095425458
COHFACE_s39_session2_natural,37,129,41.3,0.4321538507938385,0.5324559418032148
COHFACE_s39_session2_natural,37,130,41.333333333333336,0.2539544105529785,0.3979965611316533
COHFACE_s39_session2_natural,37,131,41.36666666666667,-0.003416314022615552,0.23467337628612112
COHFACE_s39_session2_natural,37,132,41.4,-0.2675127685070038,0.05277465827996765
COHFACE_s39_session2_natural,37,133,41.43333333333333,-0.48614656925201416,-0.14193260975700628
COHFACE_s39_session2_natural,37,134,41.46666666666667,-0.6449375152587891,-0.353228380866438
COHFACE_s39_session2_natural,37,135,41.5,-0.7513799667358398,-0.5921464332778251
COHFACE_s39_session2_natural,37,136,41.53333333333333,-0.8219999670982361,-0.8683120117567348
COHFACE_s39_session2_natural,37,137,41.56666666666667,-0.8786240816116333,-1.1794319868648095
COHFACE_s39_session2_natural,37,138,41.6,-0.9315330982208252,-1.504029632327696
COHFACE_s39_session2_natural,37,139,41.63333333333333,-0.9741452932357788,-1.800775260016327
COHFACE_s39_session2_natural,37,140,41.666666666666664,-1.012481927871704,-2.015344479651742
COHFACE_s39_session2_natural,37,141,41.7,-1.0716201066970825,-2.093225633300908
COHFACE_s39_session2_natural,37,142,41.733333333333334,-1.156860589981079,-1.9946673399056785
COHFACE_s39_session2_natural,37,143,41.766666666666666,-1.1174510717391968,-1.7071140085668117
COHFACE_s39_session2_natural,37,144,41.8,-0.334625780582428,-1.2515578353084982
COHFACE_s39_session2_natural,37,145,41.833333333333336,1.2026005983352661,-0.6810356213528191
COHFACE_s39_session2_natural,37,146,41.86666666666667,2.269587516784668,-0.07093801602238368
COHFACE_s39_session2_natural,37,147,41.9,2.3372609615325928,0.497370270141315
COHFACE_s39_session2_natural,37,148,41.93333333333333,1.9676347970962524,0.9553836406783796
COHFACE_s39_session2_natural,37,149,41.96666666666667,1.665666103363037,1.2625714005501814
COHFACE_s39_session2_natural,37,150,42.0,1.4878029823303223,1.4124551588931
COHFACE_s39_session2_natural,37,151,42.03333333333333,1.2455971240997314,1.428020731966875
COHFACE_s39_session2_natural,37,152,42.06666666666667,0.9496496319770813,1.3495139485045982
COHFACE_s39_session2_natural,37,153,42.1,0.7532587647438049,1.2202482987873433
COHFACE_s39_session2_natural,37,154,42.13333333333333,0.6543907523155212,1.0750550840961637
COHFACE_s39_session2_natural,37,155,42.166666666666664,0.5421993732452393,0.9337605833789614
COHFACE_s39_session2_natural,37,156,42.2,0.3334299623966217,0.8009010287801692
COHFACE_s39_session2_natural,37,157,42.233333333333334,0.05974135920405388,0.6714448828577058
COHFACE_s39_session2_natural,37,158,42.266666666666666,-0.2065969854593277,0.5393103214134112
COHFACE_s39_session2_natural,37,159,42.3,-0.42652788758277893,0.4034664347097341
COHFACE_s39_session2_natural,37,160,42.333333333333336,-0.5793137550354004,0.2681079749828268
COHFACE_s39_session2_natural,37,161,42.36666666666667,-0.6850516200065613,0.13789132518376446
COHFACE_s39_session2_natural,37,162,42.4,-0.7750160694122314,0.013183567713387486
COHFACE_s39_session2_natural,37,163,42.43333333333333,-0.8510326743125916,-0.10987084951779078
COHFACE_s39_session2_natural,37,164,42.46666666666667,-0.9137579798698425,-0.23440604672808912
COHFACE_s39_session2_natural,37,165,42.5,-0.9802945256233215,-0.3575430037811053
COHFACE_s39_session2_natural,37,166,42.53333333333333,-1.0475516319274902,-0.4691537325830255
COHFACE_s39_session2_natural,37,167,42.56666666666667,-1.1034551858901978,-0.5552184035127429
COHFACE_s39_session2_natural,37,168,42.6,-1.1571327447891235,-0.6026223870759158
COHFACE_s39_session2_natural,37,169,42.63333333333333,-1.2219558954238892,-0.6018349230988718
COHFACE_s39_session2_natural,37,170,42.666666666666664,-1.2755054235458374,-0.5470000601366491
COHFACE_s39_session2_natural,37,171,42.7,-0.8844530582427979,-0.4359564850630688
COHFACE_s39_session2_natural,37,172,42.733333333333334,0.4653981029987335,-0.2723141757070893
COHFACE_s39_session2_natural,37,173,42.766666666666666,1.919674038887024,-0.0689730872842352
COHFACE_s39_session2_natural,37,174,42.8,2.388280153274536,0.14974124403752204
COHFACE_s39_session2_natural,37,175,42.833333333333336,2.097761392593384,0.3502400960875249
COHFACE_s39_session2_natural,37,176,42.86666666666667,1.714892029762268,0.49694845533003473
COHFACE_s39_session2_natural,37,177,42.9,1.4898687601089478,0.5623264086016915
COHFACE_s39_session2_natural,37,178,42.93333333333333,1.284398078918457,0.5349533416086231
COHFACE_s39_session2_natural,37,179,42.96666666666667,0.9955286383628845,0.4217343429777569
COHFACE_s39_session2_natural,37,180,43.0,0.78232342004776,0.2441026463542257
COHFACE_s39_session2_natural,37,181,43.03333333333333,0.6931596994400024,0.03127701473376886
COHFACE_s39_session2_natural,37,182,43.06666666666667,0.5855482220649719,-0.18668239263255837
COHFACE_s39_session2_natural,37,183,43.1,0.38353654742240906,-0.38495354743421395
COHFACE_s39_session2_natural,37,184,43.13333333333333,0.12110551446676254,-0.5482533804700503
COHFACE_s39_session2_natural,37,185,43.166666666666664,-0.147346630692482,-0.6719397739659195
COHFACE_s39_session2_natural,37,186,43.2,-0.3910737633705139,-0.7592623573955399
COHFACE_s39_session2_natural,37,187,43.233333333333334,-0.5735808610916138,-0.8159555713745915
COHFACE_s39_session2_natural,37,188,43.266666666666666,-0.6971258521080017,-0.8449293560685389
COHFACE_s39_session2_natural,37,189,43.3,-0.7966344356536865,-0.8440277653846783
COHFACE_s39_session2_natural,37,190,43.333333333333336,-0.8733236193656921,-0.8082638955659113
COHFACE_s39_session2_natural,37,191,43.36666666666667,-0.9452727437019348,-0.7349540754088851
COHFACE_s39_session2_natural,37,192,43.4,-1.021369457244873,-0.6274332404125387
COHFACE_s39_session2_natural,37,193,43.43333333333333,-1.0907564163208008,-0.4935074248777508
COHFACE_s39_session2_natural,37,194,43.46666666666667,-1.148117184638977,-0.3392647329588396
COHFACE_s39_session2_natural,37,195,43.5,-1.1935957670211792,-0.1632209491040405
COHFACE_s39_session2_natural,37,196,43.53333333333333,-1.244887351989746,0.04414247942212092
COHFACE_s39_session2_natural,37,197,43.56666666666667,-1.316724419593811,0.2939410310339711
COHFACE_s39_session2_natural,37,198,43.6,-1.3696653842926025,0.5882390396678805
COHFACE_s39_session2_natural,37,199,43.63333333333333,-1.0370787382125854,0.9106920561545321
COHFACE_s39_session2_natural,37,200,43.666666666666664,0.23730026185512543,1.2242416525873585
COHFACE_s39_session2_natural,37,201,43.7,1.7276228666305542,1.4786286845481387
COHFACE_s39_session2_natural,37,202,43.733333333333334,2.273078441619873,1.6252426646392395
COHFACE_s39_session2_natural,37,203,43.766666666666666,1.984545111656189,1.6327418310585748
COHFACE_s39_session2_natural,37,204,43.8,1.549967885017395,1.4967737894235935
COHFACE_s39_session2_natural,37,205,43.833333333333336,1.2829089164733887,1.2403787074056758
COHFACE_s39_session2_natural,37,206,43.86666666666667,1.0669974088668823,0.9058345825588986
COHFACE_s39_session2_natural,37,207,43.9,0.8110998868942261,0.5417722041492818
COHFACE_s39_session2_natural,37,208,43.93333333333333,0.6557518839836121,0.19043073971535704
COHFACE_s39_session2_natural,37,209,43.96666666666667,0.6011614799499512,-0.12060559191346955
COHFACE_s39_session2_natural,37,210,44.0,0.5149762630462646,-0.3794389313483281
COHFACE_s39_session2_natural,37,211,44.03333333333333,0.33488720655441284,-0.5841275427695268
COHFACE_s39_session2_natural,37,212,44.06666666666667,0.07934201508760452,-0.7348453574607288
COHFACE_s39_session2_natural,37,213,44.1,-0.1772920787334442,-0.8299552409661902
COHFACE_s39_session2_natural,37,214,44.13333333333333,-0.3993688225746155,-0.8683030331598216
COHFACE_s39_session2_natural,37,215,44.166666666666664,-0.5689048767089844,-0.8545465722908825
COHFACE_s39_session2_natural,37,216,44.2,-0.6891670823097229,-0.8018761186987785
COHFACE_s39_session2_natural,37,217,44.233333333333334,-0.7657281756401062,-0.7286714559968577
COHFACE_s39_session2_natural,37,218,44.266666666666666,-0.8222882151603699,-0.6507158336561251
COHFACE_s39_session2_natural,37,219,44.3,-0.8762381076812744,-0.574526152620743
COHFACE_s39_session2_natural,37,220,44.333333333333336,-0.9279299974441528,-0.4969091318663824
COHFACE_s39_session2_natural,37,221,44.36666666666667,-0.9814475178718567,-0.41127688829254067
COHFACE_s39_session2_natural,37,222,44.4,-1.0358777046203613,-0.31584775555232436
COHFACE_s39_session2_natural,37,223,44.43333333333333,-1.103214979171753,-0.21730592715176564
COHFACE_s39_session2_natural,37,224,44.46666666666667,-1.175756573677063,-0.1275846154465023
COHFACE_s39_session2_natural,37,225,44.5,-1.241396427154541,-0.056888404733350564
COHFACE_s39_session2_natural,37,226,44.53333333333333,-1.007021188735962,-0.007916383748363938
COHFACE_s39_session2_natural,37,227,44.56666666666667,0.13241112232208252,0.025557619319660923
COHFACE_s39_session2_natural,37,228,44.6,1.5850856304168701,0.05553154874277344
COHFACE_s39_session2_natural,37,229,44.63333333333333,2.1605827808380127,0.09414477873768268
COHFACE_s39_session2_natural,37,230,44.666666666666664,1.8747718334197998,0.14852302940733392
COHFACE_s39_session2_natural,37,231,44.7,1.4108896255493164,0.21830212222964712
COHFACE_s39_session2_natural,37,232,44.733333333333334,1.0969427824020386,0.2962575066547616
COHFACE_s39_session2_natural,37,233,44.766666666666666,0.8519666194915771,0.3707989214580346
COHFACE_s39_session2_natural,37,234,44.8,0.621722936630249,0.42858426197521193
COHFACE_s39_session2_natural,37,235,44.833333333333336,0.5416389107704163,0.4565233206979802
COHFACE_s39_session2_natural,37,236,44.86666666666667,0.5683175921440125,0.444081734925888
COHFACE_s39_session2_natural,37,237,44.9,0.513102650642395,0.3868383378970815
COHFACE_s39_session2_natural,37,238,44.93333333333333,0.3230211138725281,0.2899859027500481
COHFACE_s39_session2_natural,37,239,44.96666666666667,0.04757101833820343,0.16889594833688584
COHFACE_s39_session2_natural,38,0,38.0,-1.2425974607467651,-0.02299808913831025
COHFACE_s39_session2_natural,38,1,38.03333333333333,-1.2980846166610718,-0.07468087002309573
COHFACE_s39_session2_natural,38,2,38.06666666666667,-1.3165643215179443,-0.11986551096992049
COHFACE_s39_session2_natural,38,3,38.1,-0.8543314933776855,-0.15093013214907802
COHFACE_s39_session2_natural,38,4,38.13333333333333,0.450473427772522,-0.15561229007265218
COHFACE_s39_session2_natural,38,5,38.166666666666664,1.6940582990646362,-0.12181868070256764
COHFACE_s39_session2_natural,38,6,38.2,2.009718656539917,-0.045152049991660434
COHFACE_s39_session2_natural,38,7,38.233333333333334,1.7025935649871826,0.06598571064547736
COHFACE_s39_session2_natural,38,8,38.266666666666666,1.370182991027832,0.1919763940110704
COHFACE_s39_session2_natural,38,9,38.3,1.190045952796936,0.3102314379530816
COHFACE_s39_session2_natural,38,10,38.333333333333336,0.981692910194397,0.40504049742500664
COHFACE_s39_session2_natural,38,11,38.36666666666667,0.7194059491157532,0.4724924320491198
COHFACE_s39_session2_natural,38,12,38.4,0.5612875819206238,0.5178815874860583
COHFACE_s39_session2_natural,38,13,38.43333333333333,0.48599159717559814,0.5485142826511306
COHFACE_s39_session2_natural,38,14,38.46666666666667,0.3755457401275635,0.5671078739880647
COHFACE_s39_session2_natural,38,15,38.5,0.17676880955696106,0.5694032381662777
COHFACE_s39_session2_natural,38,16,38.53333333333333,-0.07189051061868668,0.5463096230118134
COHFACE_s39_session2_natural,38,17,38.56666666666667,-0.322487473487854,0.4882802645485402
COHFACE_s39_session2_natural,38,18,38.6,-0.5237625241279602,0.3891604552693037
COHFACE_s39_session2_natural,38,19,38.63333333333333,-0.6697425842285156,0.24821198008690065
COHFACE_s39_session2_natural,38,20,38.666666666666664,-0.7856491208076477,0.07090545501139751
COHFACE_s39_session2_natural,38,21,38.7,-0.8692241311073303,-0.13042702591556934
COHFACE_s39_session2_natural,38,22,38.733333333333334,-0.9283623695373535,-0.33638189974111243
COHFACE_s39_session2_natural,38,23,38.766666666666666,-0.9879329800605774,-0.5224424345818116
COHFACE_s39_session2_natural,38,24,38.8,-1.0574480295181274,-0.664290207855055
COHFACE_s39_session2_natural,38,25,38.833333333333336,-1.130982518196106,-0.7453576416012764
COHFACE_s39_session2_natural,38,26,38.86666666666667,-1.1957896947860718,-0.763221337159997
COHFACE_s39_session2_natural,38,27,38.9,-1.2520134449005127,-0.7311993152032477
COHFACE_s39_session2_natural,38,28,38.93333333333333,-1.3080130815505981,-0.6739780997147482
COHFACE_s39_session2_natural,38,29,38.96666666666667,-1.3425543308258057,-0.6193506272637328
COHFACE_s39_session2_natural,38,30,39.0,-1.3665428161621094,-0.5897636859783809
COHFACE_s39_session2_natural,38,31,39.03333333333333,-1.402605414390564,-0.5966251723038772
COHFACE_s39_session2_natural,38,32,39.06666666666667,-1.375590443611145,-0.638155572363905
COHFACE_s39_session2_natural,38,33,39.1,-0.7597871422767639,-0.6999602557081818
COHFACE_s39_session2_natural,38,34,39.13333333333333,0.6398823857307434,-0.7575934741275757
COHFACE_s39_session2_natural,38,35,39.166666666666664,1.7792507410049438,-0.7810239763838456
COHFACE_s39_session2_natural,38,36,39.2,1.9533185958862305,-0.7406507413346792
COHFACE_s39_session2_natural,38,37,39.233333333333334,1.5768706798553467,-0.6137295897190217
COHFACE_s39_session2_natural,38,38,39.266666666666666,1.211936593055725,-0.3897910161228306
COHFACE_s39_session2_natural,38,39,39.3,0.9929344058036804,-0.07409159760249698
COHFACE_s39_session2_natural,38,40,39.333333333333336,0.7763984203338623,0.3111499301419476
COHFACE_s39_session2_natural,38,41,39.36666666666667,0.5697427988052368,0.7278815129291656
COHFACE_s39_session2_natural,38,42,39.4,0.48624783754348755,1.1264741587616158
COHFACE_s39_session2_natural,38,43,39.43333333333333,0.44600561261177063,1.453768750002349
COHFACE_s39_session2_natural,38,44,39.46666666666667,0.34106844663619995,1.6638189604777867
COHFACE_s39_session2_natural,38,45,39.5,0.14265982806682587,1.728186800510502
COHFACE_s39_session2_natural,38,46,39.53333333333333,-0.10356542468070984,1.6421845358896432
COHFACE_s39_session2_natural,38,47,39.56666666666667,-0.3399583101272583,1.4249248477650027
COHFACE_s39_session2_natural,38,48,39.6,-0.5392316579818726,1.113539164978925
COHFACE_s39_session2_natural,38,49,39.63333333333333,-0.6794628500938416,0.7540369361490552
COHFACE_s39_session2_natural,38,50,39.666666666666664,-0.7806848883628845,0.39195741122641115
COHFACE_s39_session2_natural,38,51,39.7,-0.8441948294639587,0.06525524634274917
COHFACE_s39_session2_natural,38,52,39.733333333333334,-0.8868230581283569,-0.19954410935884295
COHFACE_s39_session2_natural,38,53,39.766666666666666,-0.9417977929115295,-0.3882705249205842
COHFACE_s39_session2_natural,38,54,39.8,-0.9950430393218994,-0.49829318393286615
COHFACE_s39_session2_natural,38,55,39.833333333333336,-1.045469880104065,-0.5371207864935048
COHFACE_s39_session2_natural,38,56,39.86666666666667,-1.1066418886184692,-0.5208166899492159
COHFACE_s39_session2_natural,38,57,39.9,-1.164819359779358,-0.47161895227337913
COHFACE_s39_session2_natural,38,58,39.93333333333333,-1.216767430305481,-0.4137061862738557
COHFACE_s39_session2_natural,38,59,39.96666666666667,-1.2691320180892944,-0.3670720617461224
COHFACE_s39_session2_natural,38,60,40.0,-1.324266791343689,-0.34165210792623063
COHFACE_s39_session2_natural,38,61,40.03333333333333,-1.0811963081359863,-0.334818563241475
COHFACE_s39_session2_natural,38,62,40.06666666666667,-0.006667076610028744,-0.3336027198663009
COHFACE_s39_session2_natural,38,63,40.1,1.3747148513793945,-0.3204371945900557
COHFACE_s39_session2_natural,38,64,40.13333333333333,1.9570177793502808,-0.2801898726947445
COHFACE_s39_session2_natural,38,65,40.166666666666664,1.7165573835372925,-0.206442300918969
COHFACE_s39_session2_natural,38,66,40.2,1.2705143690109253,-0.10519661480999284
COHFACE_s39_session2_natural,38,67,40.233333333333334,0.9523399472236633,0.005293936814527745
COHFACE_s39_session2_natural,38,68,40.266666666666666,0.7209272980690002,0.09865097069979233
COHFACE_s39_session2_natural,38,69,40.3,0.5121418237686157,0.14727859453660952
COHFACE_s39_session2_natural,38,70,40.333333333333336,0.4377906322479248,0.13027458168692094
COHFACE_s39_session2_natural,38,71,40.36666666666667,0.4534519612789154,0.04017993501305471
COHFACE_s39_session2_natural,38,72,40.4,0.40131163597106934,-0.11395952482132653
COHFACE_s39_session2_natural,38,73,40.43333333333333,0.23465801775455475,-0.3088253889793382
COHFACE_s39_session2_natural,38,74,40.46666666666667,-0.0163873378187418,-0.5132961533561481
COHFACE_s39_session2_natural,38,75,40.5,-0.28009945154190063,-0.6959934235809285
COHFACE_s39_session2_natural,38,76,40.53333333333333,-0.5040177702903748,-0.8312022270708275
COHFACE_s39_session2_natural,38,77,40.56666666666667,-0.666139543056488,-0.9022272005674254
COHFACE_s39_session2_natural,38,78,40.6,-0.7683383822441101,-0.9022883338445055
COHFACE_s39_session2_natural,38,79,40.63333333333333,-0.8421450853347778,-0.8333247799436826
COHFACE_s39_session2_natural,38,80,40.666666666666664,-0.8877358436584473,-0.7033372957612797
COHFACE_s39_session2_natural,38,81,40.7,-0.9327821135520935,-0.5232569513890546
COHFACE_s39_session2_natural,38,82,40.733333333333334,-0.9845861792564392,-0.30448991314471563
COHFACE_s39_session2_natural,38,83,40.766666666666666,-1.0339081287384033,-0.05806485607952861
COHFACE_s39_session2_natural,38,84,40.8,-1.0925178527832031,0.20437181320456532
COHFACE_s39_session2_natural,38,85,40.833333333333336,-1.1523607969284058,0.468560971663542
COHFACE_s39_session2_natural,38,86,40.86666666666667,-1.2233330011367798,0.7164878907465829
COHFACE_s39_session2_natural,38,87,40.9,-1.2444710731506348,0.9277626134499478
COHFACE_s39_session2_natural,38,88,40.93333333333333,-0.6997841000556946,1.083476196551069
COHFACE_s39_session2_natural,38,89,40.96666666666667,0.7000455260276794,1.1706895910199815
COHFACE_s39_session2_natural,38,90,41.0,1.9213714599609375,1.1854557808922368
COHFACE_s39_session2_natural,38,91,41.03333333333333,2.164842367172241,1.1335989913031974
COHFACE_s39_session2_natural,38,92,41.06666666666667,1.7914530038833618,1.0300651560982328
COHFACE_s39_session2_natural,38,93,41.1,1.3976303339004517,0.8976207300706168
COHFACE_s39_session2_natural,38,94,41.13333333333333,1.167210578918457,0.7638165871196436
COHFACE_s39_session2_natural,38,95,41.166666666666664,0.945662260055542,0.6545054096478173
COHFACE_s39_session2_natural,38,96,41.2,0.7054581046104431,0.5849151547854194
COHFACE_s39_session2_natural,38,97,41.233333333333334,0.5730736255645752,0.5526778802767863
COHFACE_s39_session2_natural,38,98,41.266666666666666,0.5215898752212524,0.5375191427527629
COHFACE_s39_session2_natural,38,99,41.3,0.4321538507938385,0.5088249052883499
COHFACE_s39_session2_natural,38,100,41.333333333333336,0.2539544105529785,0.437316407622016
COHFACE_s39_session2_natural,38,101,41.36666666666667,-0.003416314022615552,0.3046263468153341
COHFACE_s39_session2_natural,38,102,41.4,-0.2675127685070038,0.10682947619873434
COHFACE_s39_session2_natural,38,103,41.43333333333333,-0.48614656925201416,-0.14774020570035967
COHFACE_s39_session2_natural,38,104,41.46666666666667,-0.6449375152587891,-0.44347224695533305
COHFACE_s39_session2_natural,38,105,41.5,-0.7513799667358398,-0.7621132139983363
COHFACE_s39_session2_natural,38,106,41.53333333333333,-0.8219999670982361,-1.0849612849719676
COHFACE_s39_session2_natural,38,107,41.56666666666667,-0.8786240816116333,-1.39215862918469
COHFACE_s39_session2_natural,38,108,41.6,-0.9315330982208252,-1.660292510278546
COHFACE_s39_session2_natural,38,109,41.63333333333333,-0.9741452932357788,-1.8606409930592478
COHFACE_s39_session2_natural,38,110,41.666666666666664,-1.012481927871704,-1.9604741167396516
COHFACE_s39_session2_natural,38,111,41.7,-1.0716201066970825,-1.9286284733600334
COHFACE_s39_session2_natural,38,112,41.733333333333334,-1.156860589981079,-1.7444717019389884
COHFACE_s39_session2_natural,38,113,41.766666666666666,-1.1174510717391968,-1.4074290530211635
COHFACE_s39_session2_natural,38,114,41.8,-0.334625780582428,-0.9434190882385703
COHFACE_s39_session2_natural,38,115,41.833333333333336,1.2026005983352661,-0.40492193652224323
COHFACE_s39_session2_natural,38,116,41.86666666666667,2.269587516784668,0.1371846729291864
COHFACE_s39_session2_natural,38,117,41.9,2.3372609615325928,0.609231228651638
COHFACE_s39_session2_natural,38,118,41.93333333333333,1.9676347970962524,0.9535260284752645
COHFACE_s39_session2_natural,38,119,41.96666666666667,1.665666103363037,1.143519720950916
COHFACE_s39_session2_natural,38,120,42.0,1.4878029823303223,1.1890494200519324
COHFACE_s39_session2_natural,38,121,42.03333333333333,1.2455971240997314,1.1293209798759936
COHFACE_s39_session2_natural,38,122,42.06666666666667,0.9496496319770813,1.017091453146782
COHFACE_s39_session2_natural,38,123,42.1,0.7532587647438049,0.9011004630976911
COHFACE_s39_session2_natural,38,124,42.13333333333333,0.6543907523155212,0.8127861262856672
COHFACE_s39_session2_natural,38,125,42.166666666666664,0.5421993732452393,0.7603696769933429
COHFACE_s39_session2_natural,38,126,42.2,0.3334299623966217,0.7314900867396587
COHFACE_s39_session2_natural,38,127,42.233333333333334,0.05974135920405388,0.7033667314108983
COHFACE_s39_session2_natural,38,128,42.266666666666666,-0.2065969854593277,0.6556994731745979
COHFACE_s39_session2_natural,38,129,42.3,-0.42652788758277893,0.5794138394996268
COHFACE_s39_session2_natural,38,130,42.333333333333336,-0.5793137550354004,0.4770327143488417
COHFACE_s39_session2_natural,38,131,42.36666666666667,-0.6850516200065613,0.3561396671665052
COHFACE_s39_session2_natural,38,132,42.4,-0.7750160694122314,0.22187567274996206
COHFACE_s39_session2_natural,38,133,42.43333333333333,-0.8510326743125916,0.07440338924851456
COHFACE_s39_session2_natural,38,134,42.46666666666667,-0.9137579798698425,-0.08731148876939343
COHFACE_s39_session2_natural,38,135,42.5,-0.9802945256233215,-0.2590782950553715
COHFACE_s39_session2_natural,38,136,42.53333333333333,-1.0475516319274902,-0.4274308880877165
COHFACE_s39_session2_natural,38,137,42.56666666666667,-1.1034551858901978,-0.5706565798918194
COHFACE_s39_session2_natural,38,138,42.6,-1.1571327447891235,-0.6641972007712241
COHFACE_s39_session2_natural,38,139,42.63333333333333,-1.2219558954238892,-0.6875727530779872
COHFACE_s39_session2_natural,38,140,42.666666666666664,-1.2755054235458374,-0.6301193992486918
COHFACE_s39_session2_natural,38,141,42.7,-0.8844530582427979,-0.4942583770548114
COHFACE_s39_session2_natural,38,142,42.733333333333334,0.4653981029987335,-0.29615109234478604
COHFACE_s39_session2_natural,38,143,42.766666666666666,1.919674038887024,-0.06390560707028614
COHFACE_s39_session2_natural,38,144,42.8,2.388280153274536,0.1666667548706295
COHFACE_s39_session2_natural,38,145,42.833333333333336,2.097761392593384,0.3586646703234751
COHFACE_s39_session2_natural,38,146,42.86666666666667,1.714892029762268,0.48216100444353194
COHFACE_s39_session2_natural,38,147,42.9,1.4898687601089478,0.521404671680371
COHFACE_s39_session2_natural,38,148,42.93333333333333,1.284398078918457,0.4779636412933579
COHFACE_s39_session2_natural,38,149,42.96666666666667,0.9955286383628845,0.3679162300213694
COHFACE_s39_session2_natural,38,150,43.0,0.78232342004776,0.2146977677711071
COHFACE_s39_session2_natural,38,151,43.03333333333333,0.6931596994400024,0.04161517363104242
COHFACE_s39_session2_natural,38,152,43.06666666666667,0.5855482220649719,-0.13310980441669584
COHFACE_s39_session2_natural,38,153,43.1,0.38353654742240906,-0.2984423127712301
COHFACE_s39_session2_natural,38,154,43.13333333333333,0.12110551446676254,-0.4503950319144486
COHFACE_s39_session2_natural,38,155,43.166666666666664,-0.147346630692482,-0.5899333331410723
COHFACE_s39_session2_natural,38,156,43.2,-0.3910737633705139,-0.7192180595534734
COHFACE_s39_session2_natural,38,157,43.233333333333334,-0.5735808610916138,-0.8371377996340595
COHFACE_s39_session2_natural,38,158,43.266666666666666,-0.6971258521080017,-0.9358441803572595
COHFACE_s39_session2_natural,38,159,43.3,-0.7966344356536865,-1.0002738512293936
COHFACE_s39_session2_natural,38,160,43.333333333333336,-0.8733236193656921,-1.011871336296504
COHFACE_s39_session2_natural,38,161,43.36666666666667,-0.9452727437019348,-0.9555426419332526
COHFACE_s39_session2_natural,38,162,43.4,-1.021369457244873,-0.8261678190645483
COHFACE_s39_session2_natural,38,163,43.43333333333333,-1.0907564163208008,-0.630527737330698
COHFACE_s39_session2_natural,38,164,43.46666666666667,-1.148117184638977,-0.38364009345105565
COHFACE_s39_session2_natural,38,165,43.5,-1.1935957670211792,-0.10253823635283907
COHFACE_s39_session2_natural,38,166,43.53333333333333,-1.244887351989746,0.19806899628579372
COHFACE_s39_session2_natural,38,167,43.56666666666667,-1.316724419593811,0.5057835200061906
COHFACE_s39_session2_natural,38,168,43.6,-1.3696653842926025,0.8072665803584771
COHFACE_s39_session2_natural,38,169,43.63333333333333,-1.0370787382125854,1.0851142614774671
COHFACE_s39_session2_natural,38,170,43.666666666666664,0.23730026185512543,1.317460790606313
COHFACE_s39_session2_natural,38,171,43.7,1.7276228666305542,1.4807261406997898
COHFACE_s39_session2_natural,38,172,43.733333333333334,2.273078441619873,1.5545081072343425
COHFACE_s39_session2_natural,38,173,43.766666666666666,1.984545111656189,1.5269324033172669
COHFACE_s39_session2_natural,38,174,43.8,1.549967885017395,1.3982631677942123
COHFACE_s39_session2_natural,38,175,43.833333333333336,1.2829089164733887,1.18107468836274
COHFACE_s39_session2_natural,38,176,43.86666666666667,1.0669974088668823,0.8971949189254348
COHFACE_s39_session2_natural,38,177,43.9,0.8110998868942261,0.5732160189926506
COHFACE_s39_session2_natural,38,178,43.93333333333333,0.6557518839836121,0.2361999489571142
COHFACE_s39_session2_natural,38,179,43.96666666666667,0.6011614799499512,-0.08951061576306925
COHFACE_s39_session2_natural,38,180,44.0,0.5149762630462646,-0.38351460951293237
COHFACE_s39_session2_natural,38,181,44.03333333333333,0.33488720655441284,-0.6284433828494487
COHFACE_s39_session2_natural,38,182,44.06666666666667,0.07934201508760452,-0.8088620125363707
COHFACE_s39_session2_natural,38,183,44.1,-0.1772920787334442,-0.9127791107616972
COHFACE_s39_session2_natural,38,184,44.13333333333333,-0.3993688225746155,-0.9360951902769836
COHFACE_s39_session2_natural,38,185,44.166666666666664,-0.5689048767089844,-0.8868787505313469
COHFACE_s39_session2_natural,38,186,44.2,-0.6891670823097229,-0.7854477752040392
COHFACE_s39_session2_natural,38,187,44.233333333333334,-0.7657281756401062,-0.6587241945541024
COHFACE_s39_session2_natural,38,188,44.266666666666666,-0.8222882151603699,-0.5314707006615667
COHFACE_s39_session2_natural,38,189,44.3,-0.8762381076812744,-0.4194728684549275
COHFACE_s39_session2_natural,38,190,44.333333333333336,-0.9279299974441528,-0.32828789157599236
COHFACE_s39_session2_natural,38,191,44.36666666666667,-0.9814475178718567,-0.2570808177549373
COHFACE_s39_session2_natural,38,192,44.4,-1.0358777046203613,-0.2035126374840203
COHFACE_s39_session2_natural,38,193,44.43333333333333,-1.103214979171753,-0.16557265040543553
COHFACE_s39_session2_natural,38,194,44.46666666666667,-1.175756573677063,-0.13988638333965647
COHFACE_s39_session2_natural,38,195,44.5,-1.241396427154541,-0.1195011752366231
COHFACE_s39_session2_natural,38,196,44.53333333333333,-1.007021188735962,-0.09400575180052381
COHFACE_s39_session2_natural,38,197,44.56666666666667,0.13241112232208252,-0.05238112472962787
COHFACE_s39_session2_natural,38,198,44.6,1.5850856304168701,0.012889081651092083
COHFACE_s39_session2_natural,38,199,44.63333333333333,2.1605827808380127,0.10244757385494918
COHFACE_s39_session2_natural,38,200,44.666666666666664,1.8747718334197998,0.20903603071176402
COHFACE_s39_session2_natural,38,201,44.7,1.4108896255493164,0.31924294567602257
COHFACE_s39_session2_natural,38,202,44.733333333333334,1.0969427824020386,0.4169049186639057
COHFACE_s39_session2_natural,38,203,44.766666666666666,0.8519666194915771,0.48624754133085535
COHFACE_s39_session2_natural,38,204,44.8,0.621722936630249,0.5136092830542957
COHFACE_s39_session2_natural,38,205,44.833333333333336,0.5416389107704163,0.48834032556973234
COHFACE_s39_session2_natural,38,206,44.86666666666667,0.5683175921440125,0.40468848150822556
COHFACE_s39_session2_natural,38,207,44.9,0.513102650642395,0.26548140583669855
COHFACE_s39_session2_natural,38,208,44.93333333333333,0.3230211138725281,0.08545538724676625
COHFACE_s39_session2_natural,38,209,44.96666666666667,0.04757101833820343,-0.10927176956108411
COHFACE_s39_session2_natural,38,210,45.0,-0.230377197265625,-0.28654362638942266
COHFACE_s39_session2_natural,38,211,45.03333333333333,-0.4615016281604767,-0.4158978119675762
COHFACE_s39_session2_natural,38,212,45.06666666666667,-0.6224063634872437,-0.47561989883713396
COHFACE_s39_session2_natural,38,213,45.1,-0.7270232439041138,-0.45727052593385087
COHFACE_s39_session2_natural,38,214,45.13333333333333,-0.7972269058227539,-0.3667605889427055
COHFACE_s39_session2_natural,38,215,45.166666666666664,-0.8511447310447693,-0.2218875387608202
COHFACE_s39_session2_natural,38,216,45.2,-0.8973280191421509,-0.04762843058573064
COHFACE_s39_session2_natural,38,217,45.233333333333334,-0.9450645446777344,0.12871942984510723
COHFACE_s39_session2_natural,38,218,45.266666666666666,-1.0049874782562256,0.2812692270097188
COHFACE_s39_session2_natural,38,219,45.3,-1.0769526958465576,0.38830309162069404
COHFACE_s39_session2_natural,38,220,45.333333333333336,-1.1630898714065552,0.43480628064651355
COHFACE_s39_session2_natural,38,221,45.36666666666667,-1.2156145572662354,0.41499295312697404
COHFACE_s39_session2_natural,38,222,45.4,-0.769827663898468,0.33405699113418624
COHFACE_s39_session2_natural,38,223,45.43333333333333,0.5986313223838806,0.20794369415343467
COHFACE_s39_session2_natural,38,224,45.46666666666667,1.916663408279419,0.06057652776200311
COHFACE_s39_session2_natural,38,225,45.5,2.256456136703491,-0.08084515167000701
COHFACE_s39_session2_natural,38,226,45.53333333333333,1.9154144525527954,-0.1910669000504889
COHFACE_s39_session2_natural,38,227,45.56666666666667,1.5088448524475098,-0.25121051803104577
COHFACE_s39_session2_natural,38,228,45.6,1.2573511600494385,-0.2518969880091391
COHFACE_s39_session2_natural,38,229,45.63333333333333,1.0305184125900269,-0.1950688937048744
COHFACE_s39_session2_natural,38,230,45.666666666666664,0.756701648235321,-0.09418847171886877
COHFACE_s39_session2_natural,38,231,45.7,0.6009212732315063,0.028019081947696846
COHFACE_s39_session2_natural,38,232,45.733333333333334,0.5502702593803406,0.1447442628493542
COHFACE_s39_session2_natural,38,233,45.766666666666666,0.4507136344909668,0.2321173819050845
COHFACE_s39_session2_natural,38,234,45.8,0.24417009949684143,0.2751906200327636
COHFACE_s39_session2_natural,38,235,45.833333333333336,-0.019558032974600792,0.2700136177888351
COHFACE_s39_session2_natural,38,236,45.86666666666667,-0.2933267056941986,0.22155224283659755
COHFACE_s39_session2_natural,38,237,45.9,-0.5122807621955872,0.13979335153901798
COHFACE_s39_session2_natural,38,238,45.93333333333333,-0.6610792279243469,0.036437396232334135
COHFACE_s39_session2_natural,38,239,45.96666666666667,-0.7603956460952759,-0.07689423607178172
COHFACE_s39_session2_natural,39,0,39.0,-1.3665428161621094,-0.08028051393212712
COHFACE_s39_session2_natural,39,1,39.03333333333333,-1.402605414390564,-0.533950107586922
COHFACE_s39_session2_natural,39,2,39.06666666666667,-1.375590443611145,-0.9321929073215842
COHFACE_s39_session2_natural,39,3,39.1,-0.7597871422767639,-1.232773292075292
COHFACE_s39_session2_natural,39,4,39.13333333333333,0.6398823857307434,-1.4131662499326139
COHFACE_s39_session2_natural,39,5,39.166666666666664,1.7792507410049438,-1.471661005051023
COHFACE_s39_session2_natural,39,6,39.2,1.9533185958862305,-1.4215130137897452
COHFACE_s39_session2_natural,39,7,39.233333333333334,1.5768706798553467,-1.282078359894234
COHFACE_s39_session2_natural,39,8,39.266666666666666,1.211936593055725,-1.071612740586907
COHFACE_s39_session2_natural,39,9,39.3,0.9929344058036804,-0.8044604895497653
COHFACE_s39_session2_natural,39,10,39.333333333333336,0.7763984203338623,-0.49293443963975314
COHFACE_s39_session2_natural,39,11,39.36666666666667,0.5697427988052368,-0.15196970081966885
COHFACE_s39_session2_natural,39,12,39.4,0.48624783754348755,0.19699185690998636
COHFACE_s39_session2_natural,39,13,39.43333333333333,0.44600561261177063,0.5259635396243882
COHFACE_s39_session2_natural,39,14,39.46666666666667,0.34106844663619995,0.8044021684101673
COHFACE_s39_session2_natural,39,15,39.5,0.14265982806682587,1.0047919495617235
COHFACE_s39_session2_natural,39,16,39.53333333333333,-0.10356542468070984,1.1074332626827468
COHFACE_s39_session2_natural,39,17,39.56666666666667,-0.3399583101272583,1.103498616365796
COHFACE_s39_session2_natural,39,18,39.6,-0.5392316579818726,0.9962037823142278
COHFACE_s39_session2_natural,39,19,39.63333333333333,-0.6794628500938416,0.800190729670955
COHFACE_s39_session2_natural,39,20,39.666666666666664,-0.7806848883628845,0.5397049233467833
COHFACE_s39_session2_natural,39,21,39.7,-0.8441948294639587,0.24643875899964524
COHFACE_s39_session2_natural,39,22,39.733333333333334,-0.8868230581283569,-0.04264417622440419
COHFACE_s39_session2_natural,39,23,39.766666666666666,-0.9417977929115295,-0.2883274841386681
COHFACE_s39_session2_natural,39,24,39.8,-0.9950430393218994,-0.45450268805032606
COHFACE_s39_session2_natural,39,25,39.833333333333336,-1.045469880104065,-0.5162527007407489
COHFACE_s39_session2_natural,39,26,39.86666666666667,-1.1066418886184692,-0.4681680691493983
COHFACE_s39_session2_natural,39,27,39.9,-1.164819359779358,-0.328335694213054
COHFACE_s39_session2_natural,39,28,39.93333333333333,-1.216767430305481,-0.13456929471520981
COHFACE_s39_session2_natural,39,29,39.96666666666667,-1.2691320180892944,0.06664348593603528
COHFACE_s39_session2_natural,39,30,40.0,-1.324266791343689,0.23385862601858354
COHFACE_s39_session2_natural,39,31,40.03333333333333,-1.0811963081359863,0.34117997884938256
COHFACE_s39_session2_natural,39,32,40.06666666666667,-0.006667076610028744,0.3823079659450097
COHFACE_s39_session2_natural,39,33,40.1,1.3747148513793945,0.36842174808441613
COHFACE_s39_session2_natural,39,34,40.13333333333333,1.9570177793502808,0.32160213931226017
COHFACE_s39_session2_natural,39,35,40.166666666666664,1.7165573835372925,0.2656859606623735
COHFACE_s39_session2_natural,39,36,40.2,1.2705143690109253,0.21716630400549014
COHFACE_s39_session2_natural,39,37,40.233333333333334,0.9523399472236633,0.17935856919644683
COHFACE_s39_session2_natural,39,38,40.266666666666666,0.7209272980690002,0.14220396608877214
COHFACE_s39_session2_natural,39,39,40.3,0.5121418237686157,0.08791018431293927
COHFACE_s39_session2_natural,39,40,40.333333333333336,0.4377906322479248,0.00013709950047048936
COHFACE_s39_session2_natural,39,41,40.36666666666667,0.4534519612789154,-0.12740417576015525
COHFACE_s39_session2_natural,39,42,40.4,0.40131163597106934,-0.2872574661430305
COHFACE_s39_session2_natural,39,43,40.43333333333333,0.23465801775455475,-0.46128982742938046
COHFACE_s39_session2_natural,39,44,40.46666666666667,-0.0163873378187418,-0.628033175259395
COHFACE_s39_session2_natural,39,45,40.5,-0.28009945154190063,-0.76922174650199
COHFACE_s39_session2_natural,39,46,40.53333333333333,-0.5040177702903748,-0.8721628860924061
COHFACE_s39_session2_natural,39,47,40.56666666666667,-0.666139543056488,-0.9284672121881946
COHFACE_s39_session2_natural,39,48,40.6,-0.7683383822441101,-0.9320608893222453
COHFACE_s39_session2_natural,39,49,40.63333333333333,-0.8421450853347778,-0.8788226477088709
COHFACE_s39_session2_natural,39,50,40.666666666666664,-0.8877358436584473,-0.7676547309083057
COHFACE_s39_session2_natural,39,51,40.7,-0.9327821135520935,-0.6011590794635594
COHFACE_s39_session2_natural,39,52,40.733333333333334,-0.9845861792564392,-0.38513871408345596
COHFACE_s39_session2_natural,39,53,40.766666666666666,-1.0339081287384033,-0.12819628508936112
COHFACE_s39_session2_natural,39,54,40.8,-1.0925178527832031,0.15684614038729147
COHFACE_s39_session2_natural,39,55,40.833333333333336,-1.1523607969284058,0.4497184925061169
COHFACE_s39_session2_natural,39,56,40.86666666666667,-1.2233330011367798,0.720275979744961
COHFACE_s39_session2_natural,39,57,40.9,-1.2444710731506348,0.9305835672549349
COHFACE_s39_session2_natural,39,58,40.93333333333333,-0.6997841000556946,1.0432949583497912
COHFACE_s39_session2_natural,39,59,40.96666666666667,0.7000455260276794,1.0340627591345288
COHFACE_s39_session2_natural,39,60,41.0,1.9213714599609375,0.9022838260502817
COHFACE_s39_session2_natural,39,61,41.03333333333333,2.164842367172241,0.6748856984232567
COHFACE_s39_session2_natural,39,62,41.06666666666667,1.7914530038833618,0.4022934314339401
COHFACE_s39_session2_natural,39,63,41.1,1.3976303339004517,0.14902502539090956
COHFACE_s39_session2_natural,39,64,41.13333333333333,1.167210578918457,-0.01982037317945136
COHFACE_s39_session2_natural,39,65,41.166666666666664,0.945662260055542,-0.055869991795444586
COHFACE_s39_session2_natural,39,66,41.2,0.7054581046104431,0.05539706059680989
COHFACE_s39_session2_natural,39,67,41.233333333333334,0.5730736255645752,0.28575374556388833
COHFACE_s39_session2_natural,39,68,41.266666666666666,0.5215898752212524,0.5701042264507111
COHFACE_s39_session2_natural,39,69,41.3,0.4321538507938385,0.8266323991753073
COHFACE_s39_session2_natural,39,70,41.333333333333336,0.2539544105529785,0.9826713006033682
COHFACE_s39_session2_natural,39,71,41.36666666666667,-0.003416314022615552,0.9945432040391762
COHFACE_s39_session2_natural,39,72,41.4,-0.2675127685070038,0.8539055524246902
COHFACE_s39_session2_natural,39,73,41.43333333333333,-0.48614656925201416,0.5810586665115913
COHFACE_s39_session2_natural,39,74,41.46666666666667,-0.6449375152587891,0.21150826571411252
COHFACE_s39_session2_natural,39,75,41.5,-0.7513799667358398,-0.21654939893839573
COHFACE_s39_session2_natural,39,76,41.53333333333333,-0.8219999670982361,-0.6686604919170026
COHFACE_s39_session2_natural,39,77,41.56666666666667,-0.8786240816116333,-1.1136238288379319
COHFACE_s39_session2_natural,39,78,41.6,-0.9315330982208252,-1.5189878267816006
COHFACE_s39_session2_natural,39,79,41.63333333333333,-0.9741452932357788,-1.847081904694659
COHFACE_s39_session2_natural,39,80,41.666666666666664,-1.012481927871704,-2.0553366202476484
COHFACE_s39_session2_natural,39,81,41.7,-1.0716201066970825,-2.102295092638495
COHFACE_s39_session2_natural,39,82,41.733333333333334,-1.156860589981079,-1.9580980394820156
COHFACE_s39_session2_natural,39,83,41.766666666666666,-1.1174510717391968,-1.6162202993089527
COHFACE_s39_session2_natural,39,84,41.8,-0.334625780582428,-1.1022652838595375
COHFACE_s39_session2_natural,39,85,41.833333333333336,1.2026005983352661,-0.47575089133945186
COHFACE_s39_session2_natural,39,86,41.86666666666667,2.269587516784668,0.17783103440211814
COHFACE_s39_session2_natural,39,87,41.9,2.3372609615325928,0.7644038146052032
COHFACE_s39_session2_natural,39,88,41.93333333333333,1.9676347970962524,1.2036813036645249
COHFACE_s39_session2_natural,39,89,41.96666666666667,1.665666103363037,1.4489362995437396
COHFACE_s39_session2_natural,39,90,42.0,1.4878029823303223,1.496777801623938
COHFACE_s39_session2_natural,39,91,42.03333333333333,1.2455971240997314,1.3835371752603183
COHFACE_s39_session2_natural,39,92,42.06666666666667,0.9496496319770813,1.170751407580865
COHFACE_s39_session2_natural,39,93,42.1,0.7532587647438049,0.9261873096203519
COHFACE_s39_session2_natural,39,94,42.13333333333333,0.6543907523155212,0.7065775259415537
COHFACE_s39_session2_natural,39,95,42.166666666666664,0.5421993732452393,0.5458805909475412
COHFACE_s39_session2_natural,39,96,42.2,0.3334299623966217,0.45116102553667764
COHFACE_s39_session2_natural,39,97,42.233333333333334,0.05974135920405388,0.40650636973294463
COHFACE_s39_session2_natural,39,98,42.266666666666666,-0.2065969854593277,0.38270094535714416
COHFACE_s39_session2_natural,39,99,42.3,-0.42652788758277893,0.34828657289955717
COHFACE_s39_session2_natural,39,100,42.333333333333336,-0.5793137550354004,0.2780866209716957
COHFACE_s39_session2_natural,39,101,42.36666666666667,-0.6850516200065613,0.15787121930030965
COHFACE_s39_session2_natural,39,102,42.4,-0.7750160694122314,-0.01351452699374814
COHFACE_s39_session2_natural,39,103,42.43333333333333,-0.8510326743125916,-0.22314292107237002
COHFACE_s39_session2_natural,39,104,42.46666666666667,-0.9137579798698425,-0.4453199606802687
COHFACE_s39_session2_natural,39,105,42.5,-0.9802945256233215,-0.64761424809322
COHFACE_s39_session2_natural,39,106,42.53333333333333,-1.0475516319274902,-0.8008155176019766
COHFACE_s39_session2_natural,39,107,42.56666666666667,-1.1034551858901978,-0.8878567260698709
COHFACE_s39_session2_natural,39,108,42.6,-1.1571327447891235,-0.9062986428633626
COHFACE_s39_session2_natural,39,109,42.63333333333333,-1.2219558954238892,-0.8629568322005444
COHFACE_s39_session2_natural,39,110,42.666666666666664,-1.2755054235458374,-0.7647951975451991
COHFACE_s39_session2_natural,39,111,42.7,-0.8844530582427979,-0.6129013268103345
COHFACE_s39_session2_natural,39,112,42.733333333333334,0.4653981029987335,-0.40382962334654154
COHFACE_s39_session2_natural,39,113,42.766666666666666,1.919674038887024,-0.13736977701770522
COHFACE_s39_session2_natural,39,114,42.8,2.388280153274536,0.17410841030453095
COHFACE_s39_session2_natural,39,115,42.833333333333336,2.097761392593384,0.50053249927792
COHFACE_s39_session2_natural,39,116,42.86666666666667,1.714892029762268,0.79713884367988
COHFACE_s39_session2_natural,39,117,42.9,1.4898687601089478,1.0154468440798206
COHFACE_s39_session2_natural,39,118,42.93333333333333,1.284398078918457,1.1175177342064877
COHFACE_s39_session2_natural,39,119,42.96666666666667,0.9955286383628845,1.0870439524679492
COHFACE_s39_session2_natural,39,120,43.0,0.78232342004776,0.9332133858288338
COHFACE_s39_session2_natural,39,121,43.03333333333333,0.6931596994400024,0.6870999322107262
COHFACE_s39_session2_natural,39,122,43.06666666666667,0.5855482220649719,0.3924479718785869
COHFACE_s39_session2_natural,39,123,43.1,0.38353654742240906,0.09359360596059646
COHFACE_s39_session2_natural,39,124,43.13333333333333,0.12110551446676254,-0.17577237153901665
COHFACE_s39_session2_natural,39,125,43.166666666666664,-0.147346630692482,-0.3990415765594113
COHFACE_s39_session2_natural,39,126,43.2,-0.3910737633705139,-0.5760208359901146
COHFACE_s39_session2_natural,39,127,43.233333333333334,-0.5735808610916138,-0.715991668033276
COHFACE_s39_session2_natural,39,128,43.266666666666666,-0.6971258521080017,-0.8283704790736341
COHFACE_s39_session2_natural,39,129,43.3,-0.7966344356536865,-0.9159917662814302
COHFACE_s39_session2_natural,39,130,43.333333333333336,-0.8733236193656921,-0.9743051477137431
COHFACE_s39_session2_natural,39,131,43.36666666666667,-0.9452727437019348,-0.9958243586490818
COHFACE_s39_session2_natural,39,132,43.4,-1.021369457244873,-0.9753457018920677
COHFACE_s39_session2_natural,39,133,43.43333333333333,-1.0907564163208008,-0.9112103856844248
COHFACE_s39_session2_natural,39,134,43.46666666666667,-1.148117184638977,-0.8021436766134267
COHFACE_s39_session2_natural,39,135,43.5,-1.1935957670211792,-0.6437006862837034
COHFACE_s39_session2_natural,39,136,43.53333333333333,-1.244887351989746,-0.42869271630375827
COHFACE_s39_session2_natural,39,137,43.56666666666667,-1.316724419593811,-0.15274020742370495
COHFACE_s39_session2_natural,39,138,43.6,-1.3696653842926025,0.1776386187807457
COHFACE_s39_session2_natural,39,139,43.63333333333333,-1.0370787382125854,0.5391140081050335
COHFACE_s39_session2_natural,39,140,43.666666666666664,0.23730026185512543,0.892052180259388
COHFACE_s39_session2_natural,39,141,43.7,1.7276228666305542,1.188623092269756
COHFACE_s39_session2_natural,39,142,43.733333333333334,2.273078441619873,1.3854423778756142
COHFACE_s39_session2_natural,39,143,43.766666666666666,1.984545111656189,1.4551476685900555
COHFACE_s39_session2_natural,39,144,43.8,1.549967885017395,1.3923424778311453
COHFACE_s39_session2_natural,39,145,43.833333333333336,1.2829089164733887,1.2126209283991118
COHFACE_s39_session2_natural,39,146,43.86666666666667,1.0669974088668823,0.9463948368657326
COHFACE_s39_session2_natural,39,147,43.9,0.8110998868942261,0.630620028979148
COHFACE_s39_session2_natural,39,148,43.93333333333333,0.6557518839836121,0.3012425157405421
COHFACE_s39_session2_natural,39,149,43.96666666666667,0.6011614799499512,-0.011770881996075566
COHFACE_s39_session2_natural,39,150,44.0,0.5149762630462646,-0.28586616712324386
COHFACE_s39_session2_natural,39,151,44.03333333333333,0.33488720655441284,-0.5042696391271362
COHFACE_s39_session2_natural,39,152,44.06666666666667,0.07934201508760452,-0.6537652132123427
COHFACE_s39_session2_natural,39,153,44.1,-0.1772920787334442,-0.7250022060044609
COHFACE_s39_session2_natural,39,154,44.13333333333333,-0.3993688225746155,-0.7162627887470502
COHFACE_s39_session2_natural,39,155,44.166666666666664,-0.5689048767089844,-0.6379880444636922
COHFACE_s39_session2_natural,39,156,44.2,-0.6891670823097229,-0.5132687187820291
COHFACE_s39_session2_natural,39,157,44.233333333333334,-0.7657281756401062,-0.37152925349554045
COHFACE_s39_session2_natural,39,158,44.266666666666666,-0.8222882151603699,-0.23824120044872707
COHFACE_s39_session2_natural,39,159,44.3,-0.8762381076812744,-0.12754860135345436
COHFACE_s39_session2_natural,39,160,44.333333333333336,-0.9279299974441528,-0.042800008761303264
COHFACE_s39_session2_natural,39,161,44.36666666666667,-0.9814475178718567,0.016287714915573417
COHFACE_s39_session2_natural,39,162,44.4,-1.0358777046203613,0.046647261376783634
COHFACE_s39_session2_natural,39,163,44.43333333333333,-1.103214979171753,0.04178763810445515
COHFACE_s39_session2_natural,39,164,44.46666666666667,-1.175756573677063,-0.0009696657200719567
COHFACE_s39_session2_natural,39,165,44.5,-1.241396427154541,-0.07204832762300939
COHFACE_s39_session2_natural,39,166,44.53333333333333,-1.007021188735962,-0.14682866259168137
COHFACE_s39_session2_natural,39,167,44.56666666666667,0.13241112232208252,-0.1913231838363938
COHFACE_s39_session2_natural,39,168,44.6,1.5850856304168701,-0.1743255062603159
COHFACE_s39_session2_natural,39,169,44.63333333333333,2.1605827808380127,-0.08078467553428233
COHFACE_s39_session2_natural,39,170,44.666666666666664,1.8747718334197998,0.07966906373456657
COHFACE_s39_session2_natural,39,171,44.7,1.4108896255493164,0.27310752983064407
COHFACE_s39_session2_natural,39,172,44.733333333333334,1.0969427824020386,0.45054962771805235
COHFACE_s39_session2_natural,39,173,44.766666666666666,0.8519666194915771,0.5621031853180681
COHFACE_s39_session2_natural,39,174,44.8,0.621722936630249,0.5705568762868232
COHFACE_s39_session2_natural,39,175,44.833333333333336,0.5416389107704163,0.4605595055617175
COHFACE_s39_session2_natural,39,176,44.86666666666667,0.5683175921440125,0.24267547067438144
COHFACE_s39_session2_natural,39,177,44.9,0.513102650642395,-0.04702889986554947
COHFACE_s39_session2_natural,39,178,44.93333333333333,0.3230211138725281,-0.3528047205573179
COHFACE_s39_session2_natural,39,179,44.96666666666667,0.04757101833820343,-0.6118619696770534
COHFACE_s39_session2_natural,39,180,45.0,-0.230377197265625,-0.7715226281955747
COHFACE_s39_session2_natural,39,181,45.03333333333333,-0.4615016281604767,-0.8043372492642438
COHFACE_s39_session2_natural,39,182,45.06666666666667,-0.6224063634872437,-0.7146795633996829
COHFACE_s39_session2_natural,39,183,45.1,-0.7270232439041138,-0.5344009796280489
COHFACE_s39_session2_natural,39,184,45.13333333333333,-0.7972269058227539,-0.31008473320332225
COHFACE_s39_session2_natural,39,185,45.166666666666664,-0.8511447310447693,-0.08769761936208516
COHFACE_s39_session2_natural,39,186,45.2,-0.8973280191421509,0.09930840770783764
COHFACE_s39_session2_natural,39,187,45.233333333333334,-0.9450645446777344,0.23489234389401323
COHFACE_s39_session2_natural,39,188,45.266666666666666,-1.0049874782562256,0.3184691975747927
COHFACE_s39_session2_natural,39,189,45.3,-1.0769526958465576,0.3589408957402906
COHFACE_s39_session2_natural,39,190,45.333333333333336,-1.1630898714065552,0.3679389519467927
COHFACE_s39_session2_natural,39,191,45.36666666666667,-1.2156145572662354,0.3544804767353126
COHFACE_s39_session2_natural,39,192,45.4,-0.769827663898468,0.32226679801362595
COHFACE_s39_session2_natural,39,193,45.43333333333333,0.5986313223838806,0.27025298016753185
COHFACE_s39_session2_natural,39,194,45.46666666666667,1.916663408279419,0.19642173185970746
COHFACE_s39_session2_natural,39,195,45.5,2.256456136703491,0.10340246355671255
COHFACE_s39_session2_natural,39,196,45.53333333333333,1.9154144525527954,0.0030155965170065597
COHFACE_s39_session2_natural,39,197,45.56666666666667,1.5088448524475098,-0.08334985004926311
COHFACE_s39_session2_natural,39,198,45.6,1.2573511600494385,-0.1294919475238898
COHFACE_s39_session2_natural,39,199,45.63333333333333,1.0305184125900269,-0.1125011910764494
COHFACE_s39_session2_natural,39,200,45.666666666666664,0.756701648235321,-0.02107439174264382
COHFACE_s39_session2_natural,39,201,45.7,0.6009212732315063,0.1390577895556989
COHFACE_s39_session2_natural,39,202,45.733333333333334,0.5502702593803406,0.3448561220796426
COHFACE_s39_session2_natural,39,203,45.766666666666666,0.4507136344909668,0.5612106669972277
COHFACE_s39_session2_natural,39,204,45.8,0.24417009949684143,0.749371127769971
COHFACE_s39_session2_natural,39,205,45.833333333333336,-0.019558032974600792,0.8750242206096684
COHFACE_s39_session2_natural,39,206,45.86666666666667,-0.2933267056941986,0.9139574859909109
COHFACE_s39_session2_natural,39,207,45.9,-0.5122807621955872,0.8551876173133128
COHFACE_s39_session2_natural,39,208,45.93333333333333,-0.6610792279243469,0.7015729712751807
COHFACE_s39_session2_natural,39,209,45.96666666666667,-0.7603956460952759,0.46748655640018105
COHFACE_s39_session2_natural,39,210,46.0,-0.8457801938056946,0.17396750844211276
COHFACE_s39_session2_natural,39,211,46.03333333333333,-0.9162881374359131,-0.15667081915011957
COHFACE_s39_session2_natural,39,212,46.06666666666667,-0.9786291122436523,-0.5041382975606253
COHFACE_s39_session2_natural,39,213,46.1,-1.0372228622436523,-0.8497744867299275
COHFACE_s39_session2_natural,39,214,46.13333333333333,-1.0880180597305298,-1.173188112348197
COHFACE_s39_session2_natural,39,215,46.166666666666664,-1.1441937685012817,-1.4486647519460965
COHFACE_s39_session2_natural,39,216,46.2,-1.2079600095748901,-1.644380390840872
COHFACE_s39_session2_natural,39,217,46.233333333333334,-1.2607088088989258,-1.726131704277765
COHFACE_s39_session2_natural,39,218,46.266666666666666,-0.890538215637207,-1.6652410881426112
COHFACE_s39_session2_natural,39,219,46.3,0.4456052780151367,-1.448331615174138
COHFACE_s39_session2_natural,39,220,46.333333333333336,1.9149659872055054,-1.085431367359896
COHFACE_s39_session2_natural,39,221,46.36666666666667,2.408041000366211,-0.6128072312846807
COHFACE_s39_session2_natural,39,222,46.4,2.129676580429077,-0.08830390887743428
COHFACE_s39_session2_natural,39,223,46.43333333333333,1.7682173252105713,0.4201976307317153
COHFACE_s39_session2_natural,39,224,46.46666666666667,1.5781837701797485,0.8492805520297323
COHFACE_s39_session2_natural,39,225,46.5,1.3871574401855469,1.1521781580401942
COHFACE_s39_session2_natural,39,226,46.53333333333333,1.060976266860962,1.3052106015338487
COHFACE_s39_session2_natural,39,227,46.56666666666667,0.7853660583496094,1.3078965093270203
COHFACE_s39_session2_natural,39,228,46.6,0.6480013132095337,1.1777985771131982
COHFACE_s39_session2_natural,39,229,46.63333333333333,0.5415908694267273,0.9424959779513106
COHFACE_s39_session2_natural,39,230,46.666666666666664,0.361085444688797,0.6328375249855837
COHFACE_s39_session2_natural,39,231,46.7,0.10254573822021484,0.2811265221176081
COHFACE_s39_session2_natural,39,232,46.733333333333334,-0.18659599125385284,-0.07638889835140349
COHFACE_s39_session2_natural,39,233,46.766666666666666,-0.42966654896736145,-0.3974984177032641
COHFACE_s39_session2_natural,39,234,46.8,-0.6047113537788391,-0.637043686973874
COHFACE_s39_session2_natural,39,235,46.833333333333336,-0.7348859310150146,-0.7555944506383362
COHFACE_s39_session2_natural,39,236,46.86666666666667,-0.8334177136421204,-0.730198813619603
COHFACE_s39_session2_natural,39,237,46.9,-0.914526641368866,-0.5620665194027706
COHFACE_s39_session2_natural,39,238,46.93333333333333,-1.0043790340423584,-0.2779840063030554
COHFACE_s39_session2_natural,39,239,46.96666666666667,-1.0813723802566528,0.07443478344253042
COHFACE_s39_session2_natural,40,0,40.0,-1.324266791343689,0.1882274139945549
COHFACE_s39_session2_natural,40,1,40.03333333333333,-1.0811963081359863,-0.1447569540314975
COHFACE_s39_session2_natural,40,2,40.06666666666667,-0.006667076610028744,-0.432919320548801
COHFACE_s39_session2_natural,40,3,40.1,1.3747148513793945,-0.6351287255124429
COHFACE_s39_session2_natural,40,4,40.13333333333333,1.9570177793502808,-0.7256541427030011
COHFACE_s39_session2_natural,40,5,40.166666666666664,1.7165573835372925,-0.7001469746517208
COHFACE_s39_session2_natural,40,6,40.2,1.2705143690109253,-0.5775188323174555
COHFACE_s39_session2_natural,40,7,40.233333333333334,0.9523399472236633,-0.3963234348379978
COHFACE_s39_session2_natural,40,8,40.266666666666666,0.7209272980690002,-0.20626245890664685
COHFACE_s39_session2_natural,40,9,40.3,0.5121418237686157,-0.05702332014645479
COHFACE_s39_session2_natural,40,10,40.333333333333336,0.4377906322479248,0.012858930917734978
COHFACE_s39_session2_natural,40,11,40.36666666666667,0.4534519612789154,-0.015468052029310281
COHFACE_s39_session2_natural,40,12,40.4,0.40131163597106934,-0.13758760369469186
COHFACE_s39_session2_natural,40,13,40.43333333333333,0.23465801775455475,-0.32837511196171437
COHFACE_s39_session2_natural,40,14,40.46666666666667,-0.0163873378187418,-0.5495892202155503
COHFACE_s39_session2_natural,40,15,40.5,-0.28009945154190063,-0.7595234089326667
COHFACE_s39_session2_natural,40,16,40.53333333333333,-0.5040177702903748,-0.9218372864825939
COHFACE_s39_session2_natural,40,17,40.56666666666667,-0.666139543056488,-1.0119121166524752
COHFACE_s39_session2_natural,40,18,40.6,-0.7683383822441101,-1.0199791784159444
COHFACE_s39_session2_natural,40,19,40.63333333333333,-0.8421450853347778,-0.950584448208108
COHFACE_s39_session2_natural,40,20,40.666666666666664,-0.8877358436584473,-0.8182934289000174
COHFACE_s39_session2_natural,40,21,40.7,-0.9327821135520935,-0.6406840150042292
COHFACE_s39_session2_natural,40,22,40.733333333333334,-0.9845861792564392,-0.43148595645471155
COHFACE_s39_session2_natural,40,23,40.766666666666666,-1.0339081287384033,-0.19747283227163126
COHFACE_s39_session2_natural,40,24,40.8,-1.0925178527832031,0.05900159964263783
COHFACE_s39_session2_natural,40,25,40.833333333333336,-1.1523607969284058,0.33330055672039494
COHFACE_s39_session2_natural,40,26,40.86666666666667,-1.2233330011367798,0.6119764180440609
COHFACE_s39_session2_natural,40,27,40.9,-1.2444710731506348,0.8709860227783705
COHFACE_s39_session2_natural,40,28,40.93333333333333,-0.6997841000556946,1.080327886184659
COHFACE_s39_session2_natural,40,29,40.96666666666667,0.7000455260276794,1.2129853217129831
COHFACE_s39_session2_natural,40,30,41.0,1.9213714599609375,1.2540494001980689
COHFACE_s39_session2_natural,40,31,41.03333333333333,2.164842367172241,1.2064775069047187
COHFACE_s39_session2_natural,40,32,41.06666666666667,1.7914530038833618,1.0920543823546902
COHFACE_s39_session2_natural,40,33,41.1,1.3976303339004517,0.9475485527945834
COHFACE_s39_session2_natural,40,34,41.13333333333333,1.167210578918457,0.8159252229057622
COHFACE_s39_session2_natural,40,35,41.166666666666664,0.945662260055542,0.7331018514292679
COHFACE_s39_session2_natural,40,36,41.2,0.7054581046104431,0.7137935387218306
COHFACE_s39_session2_natural,40,37,41.233333333333334,0.5730736255645752,0.7429710637409221
COHFACE_s39_session2_natural,40,38,41.266666666666666,0.5215898752212524,0.778789829316834
COHFACE_s39_session2_natural,40,39,41.3,0.4321538507938385,0.7676947619550503
COHFACE_s39_session2_natural,40,40,41.333333333333336,0.2539544105529785,0.6653162437468397
COHFACE_s39_session2_natural,40,41,41.36666666666667,-0.003416314022615552,0.45307772805164576
COHFACE_s39_session2_natural,40,42,41.4,-0.2675127685070038,0.14337065238044228
COHFACE_s39_session2_natural,40,43,41.43333333333333,-0.48614656925201416,-0.2272950608960746
COHFACE_s39_session2_natural,40,44,41.46666666666667,-0.6449375152587891,-0.6125009714048282
COHFACE_s39_session2_natural,40,45,41.5,-0.7513799667358398,-0.9707418024768925
COHFACE_s39_session2_natural,40,46,41.53333333333333,-0.8219999670982361,-1.274928627679792
COHFACE_s39_session2_natural,40,47,41.56666666666667,-0.8786240816116333,-1.5136435008796574
COHFACE_s39_session2_natural,40,48,41.6,-0.9315330982208252,-1.6851418333096786
COHFACE_s39_session2_natural,40,49,41.63333333333333,-0.9741452932357788,-1.788112706933802
COHFACE_s39_session2_natural,40,50,41.666666666666664,-1.012481927871704,-1.81405972685438
COHFACE_s39_session2_natural,40,51,41.7,-1.0716201066970825,-1.7451546007665777
COHFACE_s39_session2_natural,40,52,41.733333333333334,-1.156860589981079,-1.5593857521982013
COHFACE_s39_session2_natural,40,53,41.766666666666666,-1.1174510717391968,-1.2420848950343784
COHFACE_s39_session2_natural,40,54,41.8,-0.334625780582428,-0.7998366292205977
COHFACE_s39_session2_natural,40,55,41.833333333333336,1.2026005983352661,-0.2704345846825583
COHFACE_s39_session2_natural,40,56,41.86666666666667,2.269587516784668,0.27757974110709205
COHFACE_s39_session2_natural,40,57,41.9,2.3372609615325928,0.7589012413080279
COHFACE_s39_session2_natural,40,58,41.93333333333333,1.9676347970962524,1.0957200089448376
COHFACE_s39_session2_natural,40,59,41.96666666666667,1.665666103363037,1.24291387708185
COHFACE_s39_session2_natural,40,60,42.0,1.4878029823303223,1.2029237959508081
COHFACE_s39_session2_natural,40,61,42.03333333333333,1.2455971240997314,1.023412244934547
COHFACE_s39_session2_natural,40,62,42.06666666666667,0.9496496319770813,0.7795670891226827
COHFACE_s39_session2_natural,40,63,42.1,0.7532587647438049,0.5496037796273531
COHFACE_s39_session2_natural,40,64,42.13333333333333,0.6543907523155212,0.3921859328478796
COHFACE_s39_session2_natural,40,65,42.166666666666664,0.5421993732452393,0.33151704421431144
COHFACE_s39_session2_natural,40,66,42.2,0.3334299623966217,0.35404856771280385
COHFACE_s39_session2_natural,40,67,42.233333333333334,0.05974135920405388,0.4182521155983573
COHFACE_s39_session2_natural,40,68,42.266666666666666,-0.2065969854593277,0.47352799824967845
COHFACE_s39_session2_natural,40,69,42.3,-0.42652788758277893,0.4796190331850741
COHFACE_s39_session2_natural,40,70,42.333333333333336,-0.5793137550354004,0.4182334003473543
COHFACE_s39_session2_natural,40,71,42.36666666666667,-0.6850516200065613,0.2936917325603976
COHFACE_s39_session2_natural,40,72,42.4,-0.7750160694122314,0.12569742850888943
COHFACE_s39_session2_natural,40,73,42.43333333333333,-0.8510326743125916,-0.059636704097905856
COHFACE_s39_session2_natural,40,74,42.46666666666667,-0.9137579798698425,-0.2363708780686792
COHFACE_s39_session2_natural,40,75,42.5,-0.9802945256233215,-0.38256528647430676
COHFACE_s39_session2_natural,40,76,42.53333333333333,-1.0475516319274902,-0.48258966285173704
COHFACE_s39_session2_natural,40,77,42.56666666666667,-1.1034551858901978,-0.5284955277121031
COHFACE_s39_session2_natural,40,78,42.6,-1.1571327447891235,-0.520021311419072
COHFACE_s39_session2_natural,40,79,42.63333333333333,-1.2219558954238892,-0.4626811594670703
COHFACE_s39_session2_natural,40,80,42.666666666666664,-1.2755054235458374,-0.36434287052201236
COHFACE_s39_session2_natural,40,81,42.7,-0.8844530582427979,-0.2319278792296574
COHFACE_s39_session2_natural,40,82,42.733333333333334,0.4653981029987335,-0.07027256122667085
COHFACE_s39_session2_natural,40,83,42.766666666666666,1.919674038887024,0.11579046357972816
COHFACE_s39_session2_natural,40,84,42.8,2.388280153274536,0.3171070938631925
COHFACE_s39_session2_natural,40,85,42.833333333333336,2.097761392593384,0.5164193749793087
COHFACE_s39_session2_natural,40,86,42.86666666666667,1.714892029762268,0.6881531690071621
COHFACE_s39_session2_natural,40,87,42.9,1.4898687601089478,0.8029992709603706
COHFACE_s39_session2_natural,40,88,42.93333333333333,1.284398078918457,0.8355625861100487
COHFACE_s39_session2_natural,40,89,42.96666666666667,0.9955286383628845,0.771528789825407
COHFACE_s39_session2_natural,40,90,43.0,0.78232342004776,0.6115488842002634
COHFACE_s39_session2_natural,40,91,43.03333333333333,0.6931596994400024,0.3711283989287852
COHFACE_s39_session2_natural,40,92,43.06666666666667,0.5855482220649719,0.07730537092143006
COHFACE_s39_session2_natural,40,93,43.1,0.38353654742240906,-0.2365770542861457
COHFACE_s39_session2_natural,40,94,43.13333333333333,0.12110551446676254,-0.5366740322232137
COHFACE_s39_session2_natural,40,95,43.166666666666664,-0.147346630692482,-0.793849552344477
COHFACE_s39_session2_natural,40,96,43.2,-0.3910737633705139,-0.987374794223151
COHFACE_s39_session2_natural,40,97,43.233333333333334,-0.5735808610916138,-1.1065717533172637
COHFACE_s39_session2_natural,40,98,43.266666666666666,-0.6971258521080017,-1.1504178285119322
COHFACE_s39_session2_natural,40,99,43.3,-0.7966344356536865,-1.1257934555407443
COHFACE_s39_session2_natural,40,100,43.333333333333336,-0.8733236193656921,-1.0454537202214156
COHFACE_s39_session2_natural,40,101,43.36666666666667,-0.9452727437019348,-0.926232017332028
COHFACE_s39_session2_natural,40,102,43.4,-1.021369457244873,-0.7865984982782073
COHFACE_s39_session2_natural,40,103,43.43333333333333,-1.0907564163208008,-0.6423605091020301
COHFACE_s39_session2_natural,40,104,43.46666666666667,-1.148117184638977,-0.5011333096862659
COHFACE_s39_session2_natural,40,105,43.5,-1.1935957670211792,-0.3584590178852397
COHFACE_s39_session2_natural,40,106,43.53333333333333,-1.244887351989746,-0.19875049114873328
COHFACE_s39_session2_natural,40,107,43.56666666666667,-1.316724419593811,-0.002212643445857457
COHFACE_s39_session2_natural,40,108,43.6,-1.3696653842926025,0.244291146565609
COHFACE_s39_session2_natural,40,109,43.63333333333333,-1.0370787382125854,0.5371213364728944
COHFACE_s39_session2_natural,40,110,43.666666666666664,0.23730026185512543,0.85172183026443
COHFACE_s39_session2_natural,40,111,43.7,1.7276228666305542,1.1471951305458363
COHFACE_s39_session2_natural,40,112,43.733333333333334,2.273078441619873,1.3777333892114905
COHFACE_s39_session2_natural,40,113,43.766666666666666,1.984545111656189,1.505559101191085
COHFACE_s39_session2_natural,40,114,43.8,1.549967885017395,1.5101619542093632
COHFACE_s39_session2_natural,40,115,43.833333333333336,1.2829089164733887,1.3914092237069755
COHFACE_s39_session2_natural,40,116,43.86666666666667,1.0669974088668823,1.1670866417015802
COHFACE_s39_session2_natural,40,117,43.9,0.8110998868942261,0.8670786545168855
COHFACE_s39_session2_natural,40,118,43.93333333333333,0.6557518839836121,0.5265344432064447
COHFACE_s39_session2_natural,40,119,43.96666666666667,0.6011614799499512,0.17994060338016915
COHFACE_s39_session2_natural,40,120,44.0,0.5149762630462646,-0.1423433827906901
COHFACE_s39_session2_natural,40,121,44.03333333333333,0.33488720655441284,-0.41476252504904637
COHFACE_s39_session2_natural,40,122,44.06666666666667,0.07934201508760452,-0.6164385535500083
COHFACE_s39_session2_natural,40,123,44.1,-0.1772920787334442,-0.7330997299527412
COHFACE_s39_session2_natural,40,124,44.13333333333333,-0.3993688225746155,-0.7615702016837488
COHFACE_s39_session2_natural,40,125,44.166666666666664,-0.5689048767089844,-0.7137707933591295
COHFACE_s39_session2_natural,40,126,44.2,-0.6891670823097229,-0.6158423132513331
COHFACE_s39_session2_natural,40,127,44.233333333333334,-0.7657281756401062,-0.500504254758622
COHFACE_s39_session2_natural,40,128,44.266666666666666,-0.8222882151603699,-0.39579098878659613
COHFACE_s39_session2_natural,40,129,44.3,-0.8762381076812744,-0.31656482286233356
COHFACE_s39_session2_natural,40,130,44.333333333333336,-0.9279299974441528,-0.2634532931394863
COHFACE_s39_session2_natural,40,131,44.36666666666667,-0.9814475178718567,-0.22860272754162128
COHFACE_s39_session2_natural,40,132,44.4,-1.0358777046203613,-0.20306770117225867
COHFACE_s39_session2_natural,40,133,44.43333333333333,-1.103214979171753,-0.1805320996968152
COHFACE_s39_session2_natural,40,134,44.46666666666667,-1.175756573677063,-0.15657825772977793
COHFACE_s39_session2_natural,40,135,44.5,-1.241396427154541,-0.1267746449797479
COHFACE_s39_session2_natural,40,136,44.53333333333333,-1.007021188735962,-0.08625179532273775
COHFACE_s39_session2_natural,40,137,44.56666666666667,0.13241112232208252,-0.030701138279342087
COHFACE_s39_session2_natural,40,138,44.6,1.5850856304168701,0.04216656248990469
COHFACE_s39_session2_natural,40,139,44.63333333333333,2.1605827808380127,0.13110070811536972
COHFACE_s39_session2_natural,40,140,44.666666666666664,1.8747718334197998,0.23001289239192102
COHFACE_s39_session2_natural,40,141,44.7,1.4108896255493164,0.3275214774823194
COHFACE_s39_session2_natural,40,142,44.733333333333334,1.0969427824020386,0.4079250881342641
COHFACE_s39_session2_natural,40,143,44.766666666666666,0.8519666194915771,0.4536525704686292
COHFACE_s39_session2_natural,40,144,44.8,0.621722936630249,0.4486284484706188
COHFACE_s39_session2_natural,40,145,44.833333333333336,0.5416389107704163,0.3819631745155089
COHFACE_s39_session2_natural,40,146,44.86666666666667,0.5683175921440125,0.25184132790272495
COHFACE_s39_session2_natural,40,147,44.9,0.513102650642395,0.06899895682750344
COHFACE_s39_session2_natural,40,148,44.93333333333333,0.3230211138725281,-0.14252785221403041
COHFACE_s39_session2_natural,40,149,44.96666666666667,0.04757101833820343,-0.3497664198543379
COHFACE_s39_session2_natural,40,150,45.0,-0.230377197265625,-0.5193971663513592
COHFACE_s39_session2_natural,40,151,45.03333333333333,-0.4615016281604767,-0.6264571207747407
COHFACE_s39_session2_natural,40,152,45.06666666666667,-0.6224063634872437,-0.6594061488772549
COHFACE_s39_session2_natural,40,153,45.1,-0.7270232439041138,-0.6204714990823397
COHFACE_s39_session2_natural,40,154,45.13333333333333,-0.7972269058227539,-0.5222966448213596
COHFACE_s39_session2_natural,40,155,45.166666666666664,-0.8511447310447693,-0.3828642065654855
COHFACE_s39_session2_natural,40,156,45.2,-0.8973280191421509,-0.22088638574601208
COHFACE_s39_session2_natural,40,157,45.233333333333334,-0.9450645446777344,-0.05323216419193446
COHFACE_s39_session2_natural,40,158,45.266666666666666,-1.0049874782562256,0.10548102797522418
COHFACE_s39_session2_natural,40,159,45.3,-1.0769526958465576,0.24232752737448826
COHFACE_s39_session2_natural,40,160,45.333333333333336,-1.1630898714065552,0.3460176949088316
COHFACE_s39_session2_natural,40,161,45.36666666666667,-1.2156145572662354,0.40803634247135073
COHFACE_s39_session2_natural,40,162,45.4,-0.769827663898468,0.4245084944570535
COHFACE_s39_session2_natural,40,163,45.43333333333333,0.5986313223838806,0.39768826859860473
COHFACE_s39_session2_natural,40,164,45.46666666666667,1.916663408279419,0.3362899439125677
COHFACE_s39_session2_natural,40,165,45.5,2.256456136703491,0.2546711171384441
COHFACE_s39_session2_natural,40,166,45.53333333333333,1.9154144525527954,0.1713304801081997
COHFACE_s39_session2_natural,40,167,45.56666666666667,1.5088448524475098,0.10691431123589999
COHFACE_s39_session2_natural,40,168,45.6,1.2573511600494385,0.08126366538199317
COHFACE_s39_session2_natural,40,169,45.63333333333333,1.0305184125900269,0.10900388634309806
COHFACE_s39_session2_natural,40,170,45.666666666666664,0.756701648235321,0.1943263492910935
COHFACE_s39_session2_natural,40,171,45.7,0.6009212732315063,0.3270186620559662
COHFACE_s39_session2_natural,40,172,45.733333333333334,0.5502702593803406,0.4821153745798042
COHFACE_s39_session2_natural,40,173,45.766666666666666,0.4507136344909668,0.6242340602432581
COHFACE_s39_session2_natural,40,174,45.8,0.24417009949684143,0.7154032115578002
COHFACE_s39_session2_natural,40,175,45.833333333333336,-0.019558032974600792,0.723782688600792
COHFACE_s39_session2_natural,40,176,45.86666666666667,-0.2933267056941986,0.6311157228807743
COHFACE_s39_session2_natural,40,177,45.9,-0.5122807621955872,0.43760378400820876
COHFACE_s39_session2_natural,40,178,45.93333333333333,-0.6610792279243469,0.16281600312409422
COHFACE_s39_session2_natural,40,179,45.96666666666667,-0.7603956460952759,-0.15862234087686672
COHFACE_s39_session2_natural,40,180,46.0,-0.8457801938056946,-0.486066942334253
COHFACE_s39_session2_natural,40,181,46.03333333333333,-0.9162881374359131,-0.7834829239961326
COHFACE_s39_session2_natural,40,182,46.06666666666667,-0.9786291122436523,-1.0269818998668518
COHFACE_s39_session2_natural,40,183,46.1,-1.0372228622436523,-1.20589393703818
COHFACE_s39_session2_natural,40,184,46.13333333333333,-1.0880180597305298,-1.3179495876145402
COHFACE_s39_session2_natural,40,185,46.166666666666664,-1.1441937685012817,-1.362495857645424
COHFACE_s39_session2_natural,40,186,46.2,-1.2079600095748901,-1.3357314064910673
COHFACE_s39_session2_natural,40,187,46.233333333333334,-1.2607088088989258,-1.229932096924901
COHFACE_s39_session2_natural,40,188,46.266666666666666,-0.890538215637207,-1.036829189873952
COHFACE_s39_session2_natural,40,189,46.3,0.4456052780151367,-0.7538847839077946
COHFACE_s39_session2_natural,40,190,46.333333333333336,1.9149659872055054,-0.39078642868152075
COHFACE_s39_session2_natural,40,191,46.36666666666667,2.408041000366211,0.02714067672533312
COHFACE_s39_session2_natural,40,192,46.4,2.129676580429077,0.46084230751075084
COHFACE_s39_session2_natural,40,193,46.43333333333333,1.7682173252105713,0.8645383042849734
COHFACE_s39_session2_natural,40,194,46.46666666666667,1.5781837701797485,1.1950519058793767
COHFACE_s39_session2_natural,40,195,46.5,1.3871574401855469,1.4199119161104559
COHFACE_s39_session2_natural,40,196,46.53333333333333,1.060976266860962,1.522181655868743
COHFACE_s39_session2_natural,40,197,46.56666666666667,0.7853660583496094,1.501692655148879
COHFACE_s39_session2_natural,40,198,46.6,0.6480013132095337,1.3726762857305068
COHFACE_s39_session2_natural,40,199,46.63333333333333,0.5415908694267273,1.158308274042685
COHFACE_s39_session2_natural,40,200,46.666666666666664,0.361085444688797,0.8846320769915152
COHFACE_s39_session2_natural,40,201,46.7,0.10254573822021484,0.5770908646064958
COHFACE_s39_session2_natural,40,202,46.733333333333334,-0.18659599125385284,0.2603808539670615
COHFACE_s39_session2_natural,40,203,46.766666666666666,-0.42966654896736145,-0.04081006939673133
COHFACE_s39_session2_natural,40,204,46.8,-0.6047113537788391,-0.30298312579031816
COHFACE_s39_session2_natural,40,205,46.833333333333336,-0.7348859310150146,-0.5074614082518314
COHFACE_s39_session2_natural,40,206,46.86666666666667,-0.8334177136421204,-0.6443980966007893
COHFACE_s39_session2_natural,40,207,46.9,-0.914526641368866,-0.7143541757518708
COHFACE_s39_session2_natural,40,208,46.93333333333333,-1.0043790340423584,-0.7264348895200465
COHFACE_s39_session2_natural,40,209,46.96666666666667,-1.0813723802566528,-0.6945112988151453
COHFACE_s39_session2_natural,40,210,47.0,-1.153241515159607,-0.6340330404723208
COHFACE_s39_session2_natural,40,211,47.03333333333333,-1.2333256006240845,-0.560648128614384
COHFACE_s39_session2_natural,40,212,47.06666666666667,-1.3112797737121582,-0.4894457204260773
COHFACE_s39_session2_natural,40,213,47.1,-1.357414960861206,-0.432700496284867
COHFACE_s39_session2_natural,40,214,47.13333333333333,-1.4031338691711426,-0.395858494329687
COHFACE_s39_session2_natural,40,215,47.166666666666664,-1.4590213298797607,-0.37411519338382754
COHFACE_s39_session2_natural,40,216,47.2,-1.5170546770095825,-0.35256066126619406
COHFACE_s39_session2_natural,40,217,47.233333333333334,-1.4758356809616089,-0.3110625324661042
COHFACE_s39_session2_natural,40,218,47.266666666666666,-0.7055330276489258,-0.232214638248986
COHFACE_s39_session2_natural,40,219,47.3,0.8622633814811707,-0.10884472324686074
COHFACE_s39_session2_natural,40,220,47.333333333333336,1.9715741872787476,0.0520346035384362
COHFACE_s39_session2_natural,40,221,47.36666666666667,2.029447317123413,0.2301072221979488
COHFACE_s39_session2_natural,40,222,47.4,1.6089138984680176,0.39692968057531663
COHFACE_s39_session2_natural,40,223,47.43333333333333,1.2614026069641113,0.5237592477553252
COHFACE_s39_session2_natural,40,224,47.46666666666667,1.059342861175537,0.5898675700057726
COHFACE_s39_session2_natural,40,225,47.5,0.8104273080825806,0.5886441268069128
COHFACE_s39_session2_natural,40,226,47.53333333333333,0.5493574738502502,0.5284984161702749
COHFACE_s39_session2_natural,40,227,47.56666666666667,0.40664416551589966,0.42741997920382024
COHFACE_s39_session2_natural,40,228,47.6,0.31579896807670593,0.3043195423621112
COHFACE_s39_session2_natural,40,229,47.63333333333333,0.17124411463737488,0.1729005477967604
COHFACE_s39_session2_natural,40,230,47.666666666666664,-0.04173688217997551,0.0414847089418858
COHFACE_s39_session2_natural,40,231,47.7,-0.30027660727500916,-0.08278584169344057
COHFACE_s39_session2_natural,40,232,47.733333333333334,-0.5563502311706543,-0.19017252596082143
COHFACE_s39_session2_natural,40,233,47.766666666666666,-0.7674736380577087,-0.26889220934961194
COHFACE_s39_session2_natural,40,234,47.8,-0.9222611784934998,-0.3096956221777124
COHFACE_s39_session2_natural,40,235,47.833333333333336,-1.0329792499542236,-0.3105006934023999
COHFACE_s39_session2_natural,40,236,47.86666666666667,-1.1179155111312866,-0.277226284022022
COHFACE_s39_session2_natural,40,237,47.9,-1.1889839172363281,-0.2202091585907052
COHFACE_s39_session2_natural,40,238,47.93333333333333,-1.2486186027526855,-0.14902336045241113
COHFACE_s39_session2_natural,40,239,47.96666666666667,-1.3176051378250122,-0.06950432340073412
COHFACE_s39_session2_natural,41,0,41.0,1.9213714599609375,0.2680174103937128
COHFACE_s39_session2_natural,41,1,41.03333333333333,2.164842367172241,0.22717566097975886
COHFACE_s39_session2_natural,41,2,41.06666666666667,1.7914530038833618,0.19242555790139734
COHFACE_s39_session2_natural,41,3,41.1,1.3976303339004517,0.17730322764615195
COHFACE_s39_session2_natural,41,4,41.13333333333333,1.167210578918457,0.19766648225203323
COHFACE_s39_session2_natural,41,5,41.166666666666664,0.945662260055542,0.26560092665917623
COHFACE_s39_session2_natural,41,6,41.2,0.7054581046104431,0.3806251672203816
COHFACE_s39_session2_natural,41,7,41.233333333333334,0.5730736255645752,0.5238681352768539
COHFACE_s39_session2_natural,41,8,41.266666666666666,0.5215898752212524,0.6600279710642223
COHFACE_s39_session2_natural,41,9,41.3,0.4321538507938385,0.747540859616244
COHFACE_s39_session2_natural,41,10,41.333333333333336,0.2539544105529785,0.7522118449573209
COHFACE_s39_session2_natural,41,11,41.36666666666667,-0.003416314022615552,0.657447880838106
COHFACE_s39_session2_natural,41,12,41.4,-0.2675127685070038,0.46693771874993123
COHFACE_s39_session2_natural,41,13,41.43333333333333,-0.48614656925201416,0.20031965525444742
COHFACE_s39_session2_natural,41,14,41.46666666666667,-0.6449375152587891,-0.11469073437546314
COHFACE_s39_session2_natural,41,15,41.5,-0.7513799667358398,-0.44985434401148505
COHFACE_s39_session2_natural,41,16,41.53333333333333,-0.8219999670982361,-0.7809487369555479
COHFACE_s39_session2_natural,41,17,41.56666666666667,-0.8786240816116333,-1.0884109192032738
COHFACE_s39_session2_natural,41,18,41.6,-0.9315330982208252,-1.354958689337877
COHFACE_s39_session2_natural,41,19,41.63333333333333,-0.9741452932357788,-1.562202876421886
COHFACE_s39_session2_natural,41,20,41.666666666666664,-1.012481927871704,-1.6884908791447313
COHFACE_s39_session2_natural,41,21,41.7,-1.0716201066970825,-1.709620980124099
COHFACE_s39_session2_natural,41,22,41.733333333333334,-1.156860589981079,-1.6029575025754252
COHFACE_s39_session2_natural,41,23,41.766666666666666,-1.1174510717391968,-1.3542655230390785
COHFACE_s39_session2_natural,41,24,41.8,-0.334625780582428,-0.9655359779684717
COHFACE_s39_session2_natural,41,25,41.833333333333336,1.2026005983352661,-0.4611716142390622
COHFACE_s39_session2_natural,41,26,41.86666666666667,2.269587516784668,0.11058847388547076
COHFACE_s39_session2_natural,41,27,41.9,2.3372609615325928,0.6832897024465789
COHFACE_s39_session2_natural,41,28,41.93333333333333,1.9676347970962524,1.1846494833166947
COHFACE_s39_session2_natural,41,29,41.96666666666667,1.665666103363037,1.5523451636359402
COHFACE_s39_session2_natural,41,30,42.0,1.4878029823303223,1.7480114672564622
COHFACE_s39_session2_natural,41,31,42.03333333333333,1.2455971240997314,1.7648026367188696
COHFACE_s39_session2_natural,41,32,42.06666666666667,0.9496496319770813,1.6265371457630449
COHFACE_s39_session2_natural,41,33,42.1,0.7532587647438049,1.379372999016172
COHFACE_s39_session2_natural,41,34,42.13333333333333,0.6543907523155212,1.0786528321675035
COHFACE_s39_session2_natural,41,35,42.166666666666664,0.5421993732452393,0.7745640757366444
COHFACE_s39_session2_natural,41,36,42.2,0.3334299623966217,0.501124182797896
COHFACE_s39_session2_natural,41,37,42.233333333333334,0.05974135920405388,0.2722772210967944
COHFACE_s39_session2_natural,41,38,42.266666666666666,-0.2065969854593277,0.08562079861138605
COHFACE_s39_session2_natural,41,39,42.3,-0.42652788758277893,-0.06958297439042402
COHFACE_s39_session2_natural,41,40,42.333333333333336,-0.5793137550354004,-0.2050859938957791
COHFACE_s39_session2_natural,41,41,42.36666666666667,-0.6850516200065613,-0.3300757603162657
COHFACE_s39_session2_natural,41,42,42.4,-0.7750160694122314,-0.45031037133629165
COHFACE_s39_session2_natural,41,43,42.43333333333333,-0.8510326743125916,-0.5668934764649121
COHFACE_s39_session2_natural,41,44,42.46666666666667,-0.9137579798698425,-0.6739587435481778
COHFACE_s39_session2_natural,41,45,42.5,-0.9802945256233215,-0.7578496884304708
COHFACE_s39_session2_natural,41,46,42.53333333333333,-1.0475516319274902,-0.8004043063818957
COHFACE_s39_session2_natural,41,47,42.56666666666667,-1.1034551858901978,-0.7858234425429848
COHFACE_s39_session2_natural,41,48,42.6,-1.1571327447891235,-0.7073047978020635
COHFACE_s39_session2_natural,41,49,42.63333333333333,-1.2219558954238892,-0.5692678015318179
COHFACE_s39_session2_natural,41,50,42.666666666666664,-1.2755054235458374,-0.3843353842937235
COHFACE_s39_session2_natural,41,51,42.7,-0.8844530582427979,-0.16813967140471311
COHFACE_s39_session2_natural,41,52,42.733333333333334,0.4653981029987335,0.064011946895477
COHFACE_s39_session2_natural,41,53,42.766666666666666,1.919674038887024,0.2967166996626986
COHFACE_s39_session2_natural,41,54,42.8,2.388280153274536,0.5116761173438041
COHFACE_s39_session2_natural,41,55,42.833333333333336,2.097761392593384,0.6860792138882846
COHFACE_s39_session2_natural,41,56,42.86666666666667,1.714892029762268,0.7953448666489304
COHFACE_s39_session2_natural,41,57,42.9,1.4898687601089478,0.8202967346738629
COHFACE_s39_session2_natural,41,58,42.93333333333333,1.284398078918457,0.7548775245428712
COHFACE_s39_session2_natural,41,59,42.96666666666667,0.9955286383628845,0.609378418284642
COHFACE_s39_session2_natural,41,60,43.0,0.78232342004776,0.4074526131586556
COHFACE_s39_session2_natural,41,61,43.03333333333333,0.6931596994400024,0.17922456051116448
COHFACE_s39_session2_natural,41,62,43.06666666666667,0.5855482220649719,-0.04627988493477792
COHFACE_s39_session2_natural,41,63,43.1,0.38353654742240906,-0.2473726852815038
COHFACE_s39_session2_natural,41,64,43.13333333333333,0.12110551446676254,-0.41341361809247135
COHFACE_s39_session2_natural,41,65,43.166666666666664,-0.147346630692482,-0.5450550508319815
COHFACE_s39_session2_natural,41,66,43.2,-0.3910737633705139,-0.6507587198749667
COHFACE_s39_session2_natural,41,67,43.233333333333334,-0.5735808610916138,-0.7406471471625974
COHFACE_s39_session2_natural,41,68,43.266666666666666,-0.6971258521080017,-0.8201811486369912
COHFACE_s39_session2_natural,41,69,43.3,-0.7966344356536865,-0.8866259175051043
COHFACE_s39_session2_natural,41,70,43.333333333333336,-0.8733236193656921,-0.9300413311592928
COHFACE_s39_session2_natural,41,71,43.36666666666667,-0.9452727437019348,-0.9379625415115346
COHFACE_s39_session2_natural,41,72,43.4,-1.021369457244873,-0.900520591182364
COHFACE_s39_session2_natural,41,73,43.43333333333333,-1.0907564163208008,-0.8127144246087529
COHFACE_s39_session2_natural,41,74,43.46666666666667,-1.148117184638977,-0.6734187870906041
COHFACE_s39_session2_natural,41,75,43.5,-1.1935957670211792,-0.48355655078209553
COHFACE_s39_session2_natural,41,76,43.53333333333333,-1.244887351989746,-0.24587505575707078
COHFACE_s39_session2_natural,41,77,43.56666666666667,-1.316724419593811,0.03318432029396284
COHFACE_s39_session2_natural,41,78,43.6,-1.3696653842926025,0.34075217080351444
COHFACE_s39_session2_natural,41,79,43.63333333333333,-1.0370787382125854,0.6559727401603375
COHFACE_s39_session2_natural,41,80,43.666666666666664,0.23730026185512543,0.9515524803331505
COHFACE_s39_session2_natural,41,81,43.7,1.7276228666305542,1.198855482933531
COHFACE_s39_session2_natural,41,82,43.733333333333334,2.273078441619873,1.3744620258692835
COHFACE_s39_session2_natural,41,83,43.766666666666666,1.984545111656189,1.464692958221001
COHFACE_s39_session2_natural,41,84,43.8,1.549967885017395,1.465917057605064
COHFACE_s39_session2_natural,41,85,43.833333333333336,1.2829089164733887,1.3814288666741994
COHFACE_s39_session2_natural,41,86,43.86666666666667,1.0669974088668823,1.2179291332128994
COHFACE_s39_session2_natural,41,87,43.9,0.8110998868942261,0.9843604364904875
COHFACE_s39_session2_natural,41,88,43.93333333333333,0.6557518839836121,0.6932347857007009
COHFACE_s39_session2_natural,41,89,43.96666666666667,0.6011614799499512,0.36243552773524157
COHFACE_s39_session2_natural,41,90,44.0,0.5149762630462646,0.01585781489955881
COHFACE_s39_session2_natural,41,91,44.03333333333333,0.33488720655441284,-0.3174733805364654
COHFACE_s39_session2_natural,41,92,44.06666666666667,0.07934201508760452,-0.6060846522023883
COHFACE_s39_session2_natural,41,93,44.1,-0.1772920787334442,-0.8210290939948032
COHFACE_s39_session2_natural,41,94,44.13333333333333,-0.3993688225746155,-0.9426143018164418
COHFACE_s39_session2_natural,41,95,44.166666666666664,-0.5689048767089844,-0.9664701881689091
COHFACE_s39_session2_natural,41,96,44.2,-0.6891670823097229,-0.9054870645755803
COHFACE_s39_session2_natural,41,97,44.233333333333334,-0.7657281756401062,-0.7855091798899406
COHFACE_s39_session2_natural,41,98,44.266666666666666,-0.8222882151603699,-0.636340790068496
COHFACE_s39_session2_natural,41,99,44.3,-0.8762381076812744,-0.48283072031820223
COHFACE_s39_session2_natural,41,100,44.333333333333336,-0.9279299974441528,-0.34071237831298473
COHFACE_s39_session2_natural,41,101,44.36666666666667,-0.9814475178718567,-0.2183157171717484
COHFACE_s39_session2_natural,41,102,44.4,-1.0358777046203613,-0.1207271222613386
COHFACE_s39_session2_natural,41,103,44.43333333333333,-1.103214979171753,-0.05157987827163368
COHFACE_s39_session2_natural,41,104,44.46666666666667,-1.175756573677063,-0.011066817982565154
COHFACE_s39_session2_natural,41,105,44.5,-1.241396427154541,0.006975511297230638
COHFACE_s39_session2_natural,41,106,44.53333333333333,-1.007021188735962,0.015339577472682869
COHFACE_s39_session2_natural,41,107,44.56666666666667,0.13241112232208252,0.029820912284382533
COHFACE_s39_session2_natural,41,108,44.6,1.5850856304168701,0.06307454052677547
COHFACE_s39_session2_natural,41,109,44.63333333333333,2.1605827808380127,0.11886365767611909
COHFACE_s39_session2_natural,41,110,44.666666666666664,1.8747718334197998,0.18963685537257285
COHFACE_s39_session2_natural,41,111,44.7,1.4108896255493164,0.25885151130311657
COHFACE_s39_session2_natural,41,112,44.733333333333334,1.0969427824020386,0.30701273482529706
COHFACE_s39_session2_natural,41,113,44.766666666666666,0.8519666194915771,0.31842413863999425
COHFACE_s39_session2_natural,41,114,44.8,0.621722936630249,0.2854517163235535
COHFACE_s39_session2_natural,41,115,44.833333333333336,0.5416389107704163,0.20899570100435597
COHFACE_s39_session2_natural,41,116,44.86666666666667,0.5683175921440125,0.0966473983386999
COHFACE_s39_session2_natural,41,117,44.9,0.513102650642395,-0.03897970785198459
COHFACE_s39_session2_natural,41,118,44.93333333333333,0.3230211138725281,-0.18114562706388232
COHFACE_s39_session2_natural,41,119,44.96666666666667,0.04757101833820343,-0.3105443386914376
COHFACE_s39_session2_natural,41,120,45.0,-0.230377197265625,-0.4084517303531498
COHFACE_s39_session2_natural,41,121,45.03333333333333,-0.4615016281604767,-0.46057166137762423
COHFACE_s39_session2_natural,41,122,45.06666666666667,-0.6224063634872437,-0.45995874981984247
COHFACE_s39_session2_natural,41,123,45.1,-0.7270232439041138,-0.4079506038277311
COHFACE_s39_session2_natural,41,124,45.13333333333333,-0.7972269058227539,-0.3129979331728194
COHFACE_s39_session2_natural,41,125,45.166666666666664,-0.8511447310447693,-0.18817987403804154
COHFACE_s39_session2_natural,41,126,45.2,-0.8973280191421509,-0.04872053745209956
COHFACE_s39_session2_natural,41,127,45.233333333333334,-0.9450645446777344,0.08954026250588769
COHFACE_s39_session2_natural,41,128,45.266666666666666,-1.0049874782562256,0.2109803206383043
COHFACE_s39_session2_natural,41,129,45.3,-1.0769526958465576,0.3014692784970981
COHFACE_s39_session2_natural,41,130,45.333333333333336,-1.1630898714065552,0.3507767927450477
COHFACE_s39_session2_natural,41,131,45.36666666666667,-1.2156145572662354,0.35550302109227383
COHFACE_s39_session2_natural,41,132,45.4,-0.769827663898468,0.32092612227918293
COHFACE_s39_session2_natural,41,133,45.43333333333333,0.5986313223838806,0.26033290438855466
COHFACE_s39_session2_natural,41,134,45.46666666666667,1.916663408279419,0.1917321219624858
COHFACE_s39_session2_natural,41,135,45.5,2.256456136703491,0.13327155222250966
COHFACE_s39_session2_natural,41,136,45.53333333333333,1.9154144525527954,0.09910636031648228
COHFACE_s39_session2_natural,41,137,45.56666666666667,1.5088448524475098,0.09686070087520232
COHFACE_s39_session2_natural,41,138,45.6,1.2573511600494385,0.1268470103355576
COHFACE_s39_session2_natural,41,139,45.63333333333333,1.0305184125900269,0.18261043090235526
COHFACE_s39_session2_natural,41,140,45.666666666666664,0.756701648235321,0.25245574642784496
COHFACE_s39_session2_natural,41,141,45.7,0.6009212732315063,0.32191198094095524
COHFACE_s39_session2_natural,41,142,45.733333333333334,0.5502702593803406,0.3769774878770094
COHFACE_s39_session2_natural,41,143,45.766666666666666,0.4507136344909668,0.40740663973374996
COHFACE_s39_session2_natural,41,144,45.8,0.24417009949684143,0.40875074018072155
COHFACE_s39_session2_natural,41,145,45.833333333333336,-0.019558032974600792,0.3821674979337131
COHFACE_s39_session2_natural,41,146,45.86666666666667,-0.2933267056941986,0.3322933067421717
COHFACE_s39_session2_natural,41,147,45.9,-0.5122807621955872,0.2644376183027627
COHFACE_s39_session2_natural,41,148,45.93333333333333,-0.6610792279243469,0.18204157140521005
COHFACE_s39_session2_natural,41,149,45.96666666666667,-0.7603956460952759,0.08471001353642381
COHFACE_s39_session2_natural,41,150,46.0,-0.8457801938056946,-0.03266123063789446
COHFACE_s39_session2_natural,41,151,46.03333333333333,-0.9162881374359131,-0.17853016819014506
COHFACE_s39_session2_natural,41,152,46.06666666666667,-0.9786291122436523,-0.36018538634902614
COHFACE_s39_session2_natural,41,153,46.1,-1.0372228622436523,-0.5768492409051168
COHFACE_s39_session2_natural,41,154,46.13333333333333,-1.0880180597305298,-0.8137411165468921
COHFACE_s39_session2_natural,41,155,46.166666666666664,-1.1441937685012817,-1.041170679565704
COHFACE_s39_session2_natural,41,156,46.2,-1.2079600095748901,-1.2201552408539587
COHFACE_s39_session2_natural,41,157,46.233333333333334,-1.2607088088989258,-1.3123434266398035
COHFACE_s39_session2_natural,41,158,46.266666666666666,-0.890538215637207,-1.2901589235562976
COHFACE_s39_session2_natural,41,159,46.3,0.4456052780151367,-1.1436520791390181
COHFACE_s39_session2_natural,41,160,46.333333333333336,1.9149659872055054,-0.8824924312437962
COHFACE_s39_session2_natural,41,161,46.36666666666667,2.408041000366211,-0.5334347038874351
COHFACE_s39_session2_natural,41,162,46.4,2.129676580429077,-0.13459327714426617
COHFACE_s39_session2_natural,41,163,46.43333333333333,1.7682173252105713,0.2717116590073394
COHFACE_s39_session2_natural,41,164,46.46666666666667,1.5781837701797485,0.6455190353420809
COHFACE_s39_session2_natural,41,165,46.5,1.3871574401855469,0.9537005309867387
COHFACE_s39_session2_natural,41,166,46.53333333333333,1.060976266860962,1.172320750648973
COHFACE_s39_session2_natural,41,167,46.56666666666667,0.7853660583496094,1.2878342184806726
COHFACE_s39_session2_natural,41,168,46.6,0.6480013132095337,1.2975172915856397
COHFACE_s39_session2_natural,41,169,46.63333333333333,0.5415908694267273,1.2088307844898936
COHFACE_s39_session2_natural,41,170,46.666666666666664,0.361085444688797,1.0378863527087958
COHFACE_s39_session2_natural,41,171,46.7,0.10254573822021484,0.8077356107452897
COHFACE_s39_session2_natural,41,172,46.733333333333334,-0.18659599125385284,0.5465187968708816
COHFACE_s39_session2_natural,41,173,46.766666666666666,-0.42966654896736145,0.28446413323965275
COHFACE_s39_session2_natural,41,174,46.8,-0.6047113537788391,0.048854137818431495
COHFACE_s39_session2_natural,41,175,46.833333333333336,-0.7348859310150146,-0.14223317113083964
COHFACE_s39_session2_natural,41,176,46.86666666666667,-0.8334177136421204,-0.2844498035764784
COHFACE_s39_session2_natural,41,177,46.9,-0.914526641368866,-0.38674597311760317
COHFACE_s39_session2_natural,41,178,46.93333333333333,-1.0043790340423584,-0.4654746173302695
COHFACE_s39_session2_natural,41,179,46.96666666666667,-1.0813723802566528,-0.5360524079304847
COHFACE_s39_session2_natural,41,180,47.0,-1.153241515159607,-0.606560373231524
COHFACE_s39_session2_natural,41,181,47.03333333333333,-1.2333256006240845,-0.6759111055698824
COHFACE_s39_session2_natural,41,182,47.06666666666667,-1.3112797737121582,-0.7357442167353135
COHFACE_s39_session2_natural,41,183,47.1,-1.357414960861206,-0.7732501901571733
COHFACE_s39_session2_natural,41,184,47.13333333333333,-1.4031338691711426,-0.7734336600827988
COHFACE_s39_session2_natural,41,185,47.166666666666664,-1.4590213298797607,-0.7215951362684073
COHFACE_s39_session2_natural,41,186,47.2,-1.5170546770095825,-0.6071107294838866
COHFACE_s39_session2_natural,41,187,47.233333333333334,-1.4758356809616089,-0.4280805922961439
COHFACE_s39_session2_natural,41,188,47.266666666666666,-0.7055330276489258,-0.19488406825938942
COHFACE_s39_session2_natural,41,189,47.3,0.8622633814811707,0.06959187319285681
COHFACE_s39_session2_natural,41,190,47.333333333333336,1.9715741872787476,0.33402234083043836
COHFACE_s39_session2_natural,41,191,47.36666666666667,2.029447317123413,0.5660445672656631
COHFACE_s39_session2_natural,41,192,47.4,1.6089138984680176,0.7405625827407234
COHFACE_s39_session2_natural,41,193,47.43333333333333,1.2614026069641113,0.8461026721503657
COHFACE_s39_session2_natural,41,194,47.46666666666667,1.059342861175537,0.8869583049162494
COHFACE_s39_session2_natural,41,195,47.5,0.8104273080825806,0.8801394240302153
COHFACE_s39_session2_natural,41,196,47.53333333333333,0.5493574738502502,0.8477636978559119
COHFACE_s39_session2_natural,41,197,47.56666666666667,0.40664416551589966,0.8074055583505014
COHFACE_s39_session2_natural,41,198,47.6,0.31579896807670593,0.7645237643583492
COHFACE_s39_session2_natural,41,199,47.63333333333333,0.17124411463737488,0.7109783945419659
COHFACE_s39_session2_natural,41,200,47.666666666666664,-0.04173688217997551,0.630922003425051
COHFACE_s39_session2_natural,41,201,47.7,-0.30027660727500916,0.5110082677013595
COHFACE_s39_session2_natural,41,202,47.733333333333334,-0.5563502311706543,0.34854846747904966
COHFACE_s39_session2_natural,41,203,47.766666666666666,-0.7674736380577087,0.15228940049936582
COHFACE_s39_session2_natural,41,204,47.8,-0.9222611784934998,-0.06375091363178291
COHFACE_s39_session2_natural,41,205,47.833333333333336,-1.0329792499542236,-0.287627708719269
COHFACE_s39_session2_natural,41,206,47.86666666666667,-1.1179155111312866,-0.5122810023671075
COHFACE_s39_session2_natural,41,207,47.9,-1.1889839172363281,-0.7325736312545789
COHFACE_s39_session2_natural,41,208,47.93333333333333,-1.2486186027526855,-0.9400261908960112
COHFACE_s39_session2_natural,41,209,47.96666666666667,-1.3176051378250122,-1.1201360746347753
COHFACE_s39_session2_natural,41,210,48.0,-1.3956074714660645,-1.2544841915573803
COHFACE_s39_session2_natural,41,211,48.03333333333333,-1.470615267753601,-1.3259520468706125
COHFACE_s39_session2_natural,41,212,48.06666666666667,-1.5447742938995361,-1.3236739393556336
COHFACE_s39_session2_natural,41,213,48.1,-1.590461015701294,-1.245339326229941
COHFACE_s39_session2_natural,41,214,48.13333333333333,-1.6314399242401123,-1.0966420942200952
COHFACE_s39_session2_natural,41,215,48.166666666666664,-1.6705611944198608,-0.8891890778614436
COHFACE_s39_session2_natural,41,216,48.2,-1.7025402784347534,-0.6381051010722066
COHFACE_s39_session2_natural,41,217,48.233333333333334,-1.6513928174972534,-0.3597806667537795
COHFACE_s39_session2_natural,41,218,48.266666666666666,-0.9382908344268799,-0.06991799370672885
COHFACE_s39_session2_natural,41,219,48.3,0.5390446782112122,0.21775835483387723
COHFACE_s39_session2_natural,41,220,48.333333333333336,1.627441644668579,0.4916605932189004
COHFACE_s39_session2_natural,41,221,48.36666666666667,1.7192797660827637,0.7412587707447523
COHFACE_s39_session2_natural,41,222,48.4,1.3108205795288086,0.9553626981297163
COHFACE_s39_session2_natural,41,223,48.43333333333333,0.9335559606552124,1.1208594945429826
COHFACE_s39_session2_natural,41,224,48.46666666666667,0.7123279571533203,1.2228587020960922
COHFACE_s39_session2_natural,41,225,48.5,0.5053680539131165,1.2466578364539946
COHFACE_s39_session2_natural,41,226,48.53333333333333,0.32138770818710327,1.181379707469096
COHFACE_s39_session2_natural,41,227,48.56666666666667,0.27478811144828796,1.0244907758694342
COHFACE_s39_session2_natural,41,228,48.6,0.25887060165405273,0.7856718216037046
COHFACE_s39_session2_natural,41,229,48.63333333333333,0.14717566967010498,0.48816452498987556
COHFACE_s39_session2_natural,41,230,48.666666666666664,-0.06439613550901413,0.1662592014722482
COHFACE_s39_session2_natural,41,231,48.7,-0.3166104853153229,-0.14101173996899405
COHFACE_s39_session2_natural,41,232,48.733333333333334,-0.5569907426834106,-0.3981939732525337
COHFACE_s39_session2_natural,41,233,48.766666666666666,-0.7466559410095215,-0.5807847569621222
COHFACE_s39_session2_natural,41,234,48.8,-0.8938690423965454,-0.6788289874369334
COHFACE_s39_session2_natural,41,235,48.833333333333336,-0.9954273700714111,-0.6956236895032303
COHFACE_s39_session2_natural,41,236,48.86666666666667,-1.0499696731567383,-0.6429854767210531
COHFACE_s39_session2_natural,41,237,48.9,-1.0988112688064575,-0.5360492392461099
COHFACE_s39_session2_natural,41,238,48.93333333333333,-1.1509515047073364,-0.38985180055490704
COHFACE_s39_session2_natural,41,239,48.96666666666667,-1.192715048789978,-0.21820316808004941
COHFACE_s39_session2_natural,42,0,42.0,1.4878029823303223,-0.06634823195390405
COHFACE_s39_session2_natural,42,1,42.03333333333333,1.2455971240997314,-0.33075499396219
COHFACE_s39_session2_natural,42,2,42.06666666666667,0.9496496319770813,-0.5314095491242841
COHFACE_s39_session2_natural,42,3,42.1,0.7532587647438049,-0.6216284667956573
COHFACE_s39_session2_natural,42,4,42.13333333333333,0.6543907523155212,-0.5830189224798212
COHFACE_s39_session2_natural,42,5,42.166666666666664,0.5421993732452393,-0.430031827928757
COHFACE_s39_session2_natural,42,6,42.2,0.3334299623966217,-0.20480118022594923
COHFACE_s39_session2_natural,42,7,42.233333333333334,0.05974135920405388,0.0364453923165942
COHFACE_s39_session2_natural,42,8,42.266666666666666,-0.2065969854593277,0.2403927257600417
COHFACE_s39_session2_natural,42,9,42.3,-0.42652788758277893,0.370419923453563
COHFACE_s39_session2_natural,42,10,42.333333333333336,-0.5793137550354004,0.41237756170123574
COHFACE_s39_session2_natural,42,11,42.36666666666667,-0.6850516200065613,0.3719655135679925
COHFACE_s39_session2_natural,42,12,42.4,-0.7750160694122314,0.26758698910742695
COHFACE_s39_session2_natural,42,13,42.43333333333333,-0.8510326743125916,0.12367779768750882
COHFACE_s39_session2_natural,42,14,42.46666666666667,-0.9137579798698425,-0.03326639468270746
COHFACE_s39_session2_natural,42,15,42.5,-0.9802945256233215,-0.17708804588172636
COHFACE_s39_session2_natural,42,16,42.53333333333333,-1.0475516319274902,-0.2844961910634315
COHFACE_s39_session2_natural,42,17,42.56666666666667,-1.1034551858901978,-0.3379219942052252
COHFACE_s39_session2_natural,42,18,42.6,-1.1571327447891235,-0.3276518665248452
COHFACE_s39_session2_natural,42,19,42.63333333333333,-1.2219558954238892,-0.2522412561781964
COHFACE_s39_session2_natural,42,20,42.666666666666664,-1.2755054235458374,-0.11729786373135512
COHFACE_s39_session2_natural,42,21,42.7,-0.8844530582427979,0.06616106569877057
COHFACE_s39_session2_natural,42,22,42.733333333333334,0.4653981029987335,0.2824197837275185
COHFACE_s39_session2_natural,42,23,42.766666666666666,1.919674038887024,0.5105413006336956
COHFACE_s39_session2_natural,42,24,42.8,2.388280153274536,0.7239285414709602
COHFACE_s39_session2_natural,42,25,42.833333333333336,2.097761392593384,0.8921363356820302
COHFACE_s39_session2_natural,42,26,42.86666666666667,1.714892029762268,0.9861597252280878
COHFACE_s39_session2_natural,42,27,42.9,1.4898687601089478,0.9859096007593688
COHFACE_s39_session2_natural,42,28,42.93333333333333,1.284398078918457,0.8861399990673124
COHFACE_s39_session2_natural,42,29,42.96666666666667,0.9955286383628845,0.6973735698234311
COHFACE_s39_session2_natural,42,30,43.0,0.78232342004776,0.44194252723204475
COHFACE_s39_session2_natural,42,31,43.03333333333333,0.6931596994400024,0.14827371999193165
COHFACE_s39_session2_natural,42,32,43.06666666666667,0.5855482220649719,-0.15417951071788033
COHFACE_s39_session2_natural,42,33,43.1,0.38353654742240906,-0.43914585892451885
COHFACE_s39_session2_natural,42,34,43.13333333333333,0.12110551446676254,-0.6870458241651483
COHFACE_s39_session2_natural,42,35,43.166666666666664,-0.147346630692482,-0.8870499942763054
COHFACE_s39_session2_natural,42,36,43.2,-0.3910737633705139,-1.0367127924882942
COHFACE_s39_session2_natural,42,37,43.233333333333334,-0.5735808610916138,-1.1391189752669992
COHFACE_s39_session2_natural,42,38,43.266666666666666,-0.6971258521080017,-1.1988183220083783
COHFACE_s39_session2_natural,42,39,43.3,-0.7966344356536865,-1.2186328711514873
COHFACE_s39_session2_natural,42,40,43.333333333333336,-0.8733236193656921,-1.1989635187062018
COHFACE_s39_session2_natural,42,41,43.36666666666667,-0.9452727437019348,-1.1393995741157463
COHFACE_s39_session2_natural,42,42,43.4,-1.021369457244873,-1.0403288464617912
COHFACE_s39_session2_natural,42,43,43.43333333333333,-1.0907564163208008,-0.9021882379913283
COHFACE_s39_session2_natural,42,44,43.46666666666667,-1.148117184638977,-0.7227880220289067
COHFACE_s39_session2_natural,42,45,43.5,-1.1935957670211792,-0.4958727523011769
COHFACE_s39_session2_natural,42,46,43.53333333333333,-1.244887351989746,-0.21375299266601444
COHFACE_s39_session2_natural,42,47,43.56666666666667,-1.316724419593811,0.12593433720467212
COHFACE_s39_session2_natural,42,48,43.6,-1.3696653842926025,0.5121835607520351
COHFACE_s39_session2_natural,42,49,43.63333333333333,-1.0370787382125854,0.9156851098817999
COHFACE_s39_session2_natural,42,50,43.666666666666664,0.23730026185512543,1.2908398538716728
COHFACE_s39_session2_natural,42,51,43.7,1.7276228666305542,1.5856426505729357
COHFACE_s39_session2_natural,42,52,43.733333333333334,2.273078441619873,1.7560813992789104
COHFACE_s39_session2_natural,42,53,43.766666666666666,1.984545111656189,1.7788417867549637
COHFACE_s39_session2_natural,42,54,43.8,1.549967885017395,1.6568475634720408
COHFACE_s39_session2_natural,42,55,43.833333333333336,1.2829089164733887,1.4159053230267007
COHFACE_s39_session2_natural,42,56,43.86666666666667,1.0669974088668823,1.0950548577421877
COHFACE_s39_session2_natural,42,57,43.9,0.8110998868942261,0.7355229155660951
COHFACE_s39_session2_natural,42,58,43.93333333333333,0.6557518839836121,0.37236272780326757
COHFACE_s39_session2_natural,42,59,43.96666666666667,0.6011614799499512,0.030580750483731833
COHFACE_s39_session2_natural,42,60,44.0,0.5149762630462646,-0.2742152150626498
COHFACE_s39_session2_natural,42,61,44.03333333333333,0.33488720655441284,-0.5319508944343437
COHFACE_s39_session2_natural,42,62,44.06666666666667,0.07934201508760452,-0.7336944461757643
COHFACE_s39_session2_natural,42,63,44.1,-0.1772920787334442,-0.8698967428087034
COHFACE_s39_session2_natural,42,64,44.13333333333333,-0.3993688225746155,-0.9329004855379435
COHFACE_s39_session2_natural,42,65,44.166666666666664,-0.5689048767089844,-0.9221926722045867
COHFACE_s39_session2_natural,42,66,44.2,-0.6891670823097229,-0.8480160874142334
COHFACE_s39_session2_natural,42,67,44.233333333333334,-0.7657281756401062,-0.7294732004246435
COHFACE_s39_session2_natural,42,68,44.266666666666666,-0.8222882151603699,-0.5878426295560679
COHFACE_s39_session2_natural,42,69,44.3,-0.8762381076812744,-0.44018545294014616
COHFACE_s39_session2_natural,42,70,44.333333333333336,-0.9279299974441528,-0.2979774405979147
COHFACE_s39_session2_natural,42,71,44.36666666666667,-0.9814475178718567,-0.17076398251191666
COHFACE_s39_session2_natural,42,72,44.4,-1.0358777046203613,-0.06972162358712615
COHFACE_s39_session2_natural,42,73,44.43333333333333,-1.103214979171753,-0.005728707651154595
COHFACE_s39_session2_natural,42,74,44.46666666666667,-1.175756573677063,0.017629710169947663
COHFACE_s39_session2_natural,42,75,44.5,-1.241396427154541,0.009978985826746434
COHFACE_s39_session2_natural,42,76,44.53333333333333,-1.007021188735962,-0.006677365193987447
COHFACE_s39_session2_natural,42,77,44.56666666666667,0.13241112232208252,-0.006133095925370827
COHFACE_s39_session2_natural,42,78,44.6,1.5850856304168701,0.030668248504777187
COHFACE_s39_session2_natural,42,79,44.63333333333333,2.1605827808380127,0.10705562591112605
COHFACE_s39_session2_natural,42,80,44.666666666666664,1.8747718334197998,0.20921034857736953
COHFACE_s39_session2_natural,42,81,44.7,1.4108896255493164,0.3123852245022291
COHFACE_s39_session2_natural,42,82,44.733333333333334,1.0969427824020386,0.391092622686326
COHFACE_s39_session2_natural,42,83,44.766666666666666,0.8519666194915771,0.4276800926791201
COHFACE_s39_session2_natural,42,84,44.8,0.621722936630249,0.41534554430229426
COHFACE_s39_session2_natural,42,85,44.833333333333336,0.5416389107704163,0.35571786178620235
COHFACE_s39_session2_natural,42,86,44.86666666666667,0.5683175921440125,0.2548336277256641
COHFACE_s39_session2_natural,42,87,44.9,0.513102650642395,0.12149647748530708
COHFACE_s39_session2_natural,42,88,44.93333333333333,0.3230211138725281,-0.03176116698300642
COHFACE_s39_session2_natural,42,89,44.96666666666667,0.04757101833820343,-0.188080022523789
COHFACE_s39_session2_natural,42,90,45.0,-0.230377197265625,-0.3279682506195196
COHFACE_s39_session2_natural,42,91,45.03333333333333,-0.4615016281604767,-0.4325165801421662
COHFACE_s39_session2_natural,42,92,45.06666666666667,-0.6224063634872437,-0.4867088967402436
COHFACE_s39_session2_natural,42,93,45.1,-0.7270232439041138,-0.48217166200442413
COHFACE_s39_session2_natural,42,94,45.13333333333333,-0.7972269058227539,-0.4189548465622731
COHFACE_s39_session2_natural,42,95,45.166666666666664,-0.8511447310447693,-0.3059674602709026
COHFACE_s39_session2_natural,42,96,45.2,-0.8973280191421509,-0.16023274824871458
COHFACE_s39_session2_natural,42,97,45.233333333333334,-0.9450645446777344,-0.005321797042233476
COHFACE_s39_session2_natural,42,98,45.266666666666666,-1.0049874782562256,0.1314491653467209
COHFACE_s39_session2_natural,42,99,45.3,-1.0769526958465576,0.2238504338360876
COHFACE_s39_session2_natural,42,100,45.333333333333336,-1.1630898714065552,0.2531939448124019
COHFACE_s39_session2_natural,42,101,45.36666666666667,-1.2156145572662354,0.21434226444123616
COHFACE_s39_session2_natural,42,102,45.4,-0.769827663898468,0.1187203452065625
COHFACE_s39_session2_natural,42,103,45.43333333333333,0.5986313223838806,-0.007326499977633811
COHFACE_s39_session2_natural,42,104,45.46666666666667,1.916663408279419,-0.12883565486330842
COHFACE_s39_session2_natural,42,105,45.5,2.256456136703491,-0.2113127410603067
COHFACE_s39_session2_natural,42,106,45.53333333333333,1.9154144525527954,-0.2293192897395938
COHFACE_s39_session2_natural,42,107,45.56666666666667,1.5088448524475098,-0.1715089715554323
COHFACE_s39_session2_natural,42,108,45.6,1.2573511600494385,-0.04114924962814036
COHFACE_s39_session2_natural,42,109,45.63333333333333,1.0305184125900269,0.14659089741855288
COHFACE_s39_session2_natural,42,110,45.666666666666664,0.756701648235321,0.3686210712710273
COHFACE_s39_session2_natural,42,111,45.7,0.6009212732315063,0.5978739124741312
COHFACE_s39_session2_natural,42,112,45.733333333333334,0.5502702593803406,0.8067482117443697
COHFACE_s39_session2_natural,42,113,45.766666666666666,0.4507136344909668,0.969783880379513
COHFACE_s39_session2_natural,42,114,45.8,0.24417009949684143,1.0650403518602247
COHFACE_s39_session2_natural,42,115,45.833333333333336,-0.019558032974600792,1.074268061557883
COHFACE_s39_session2_natural,42,116,45.86666666666667,-0.2933267056941986,0.9837025571596595
COHFACE_s39_session2_natural,42,117,45.9,-0.5122807621955872,0.7875443240639725
COHFACE_s39_session2_natural,42,118,45.93333333333333,-0.6610792279243469,0.4932896483482308
COHFACE_s39_session2_natural,42,119,45.96666666666667,-0.7603956460952759,0.12493127990026111
COHFACE_s39_session2_natural,42,120,46.0,-0.8457801938056946,-0.27975071200201473
COHFACE_s39_session2_natural,42,121,46.03333333333333,-0.9162881374359131,-0.6778767541285433
COHFACE_s39_session2_natural,42,122,46.06666666666667,-0.9786291122436523,-1.0317563831638283
COHFACE_s39_session2_natural,42,123,46.1,-1.0372228622436523,-1.3152448791991502
COHFACE_s39_session2_natural,42,124,46.13333333333333,-1.0880180597305298,-1.514183528343266
COHFACE_s39_session2_natural,42,125,46.166666666666664,-1.1441937685012817,-1.6231417803326427
COHFACE_s39_session2_natural,42,126,46.2,-1.2079600095748901,-1.6414399324493054
COHFACE_s39_session2_natural,42,127,46.233333333333334,-1.2607088088989258,-1.5699654912504424
COHFACE_s39_session2_natural,42,128,46.266666666666666,-0.890538215637207,-1.4094478483650976
COHFACE_s39_session2_natural,42,129,46.3,0.4456052780151367,-1.1607872098433774
COHFACE_s39_session2_natural,42,130,46.333333333333336,1.9149659872055054,-0.827648015756481
COHFACE_s39_session2_natural,42,131,46.36666666666667,2.408041000366211,-0.42047892426469635
COHFACE_s39_session2_natural,42,132,46.4,2.129676580429077,0.04003431325232591
COHFACE_s39_session2_natural,42,133,46.43333333333333,1.7682173252105713,0.5221442719984699
COHFACE_s39_session2_natural,42,134,46.46666666666667,1.5781837701797485,0.985475490923205
COHFACE_s39_session2_natural,42,135,46.5,1.3871574401855469,1.3859221486415918
COHFACE_s39_session2_natural,42,136,46.53333333333333,1.060976266860962,1.682023891017989
COHFACE_s39_session2_natural,42,137,46.56666666666667,0.7853660583496094,1.841772713687043
COHFACE_s39_session2_natural,42,138,46.6,0.6480013132095337,1.8479883394573786
COHFACE_s39_session2_natural,42,139,46.63333333333333,0.5415908694267273,1.7005720714611856
COHFACE_s39_session2_natural,42,140,46.666666666666664,0.361085444688797,1.4161348808132028
COHFACE_s39_session2_natural,42,141,46.7,0.10254573822021484,1.0269268409171892
COHFACE_s39_session2_natural,42,142,46.733333333333334,-0.18659599125385284,0.5793542985560384
COHFACE_s39_session2_natural,42,143,46.766666666666666,-0.42966654896736145,0.12987424043419685
COHFACE_s39_session2_natural,42,144,46.8,-0.6047113537788391,-0.2639667707450865
COHFACE_s39_session2_natural,42,145,46.833333333333336,-0.7348859310150146,-0.5566020348444155
COHFACE_s39_session2_natural,42,146,46.86666666666667,-0.8334177136421204,-0.7269328390675375
COHFACE_s39_session2_natural,42,147,46.9,-0.914526641368866,-0.7839629617000975
COHFACE_s39_session2_natural,42,148,46.93333333333333,-1.0043790340423584,-0.762021529865024
COHFACE_s39_session2_natural,42,149,46.96666666666667,-1.0813723802566528,-0.7073760515085233
COHFACE_s39_session2_natural,42,150,47.0,-1.153241515159607,-0.662443067560091
COHFACE_s39_session2_natural,42,151,47.03333333333333,-1.2333256006240845,-0.6540908462840984
COHFACE_s39_session2_natural,42,152,47.06666666666667,-1.3112797737121582,-0.6885822792926396
COHFACE_s39_session2_natural,42,153,47.1,-1.357414960861206,-0.751914061962666
COHFACE_s39_session2_natural,42,154,47.13333333333333,-1.4031338691711426,-0.8141846096598828
COHFACE_s39_session2_natural,42,155,47.166666666666664,-1.4590213298797607,-0.8378949412266584
COHFACE_s39_session2_natural,42,156,47.2,-1.5170546770095825,-0.7893367009740544
COHFACE_s39_session2_natural,42,157,47.233333333333334,-1.4758356809616089,-0.6499882427460768
COHFACE_s39_session2_natural,42,158,47.266666666666666,-0.7055330276489258,-0.42357668987929303
COHFACE_s39_session2_natural,42,159,47.3,0.8622633814811707,-0.13563020488165514
COHFACE_s39_session2_natural,42,160,47.333333333333336,1.9715741872787476,0.1743438623151838
COHFACE_s39_session2_natural,42,161,47.36666666666667,2.029447317123413,0.464586872626516
COHFACE_s39_session2_natural,42,162,47.4,1.6089138984680176,0.7020269287967911
COHFACE_s39_session2_natural,42,163,47.43333333333333,1.2614026069641113,0.8688972708448239
COHFACE_s39_session2_natural,42,164,47.46666666666667,1.059342861175537,0.963901889087663
COHFACE_s39_session2_natural,42,165,47.5,0.8104273080825806,0.9986898430573132
COHFACE_s39_session2_natural,42,166,47.53333333333333,0.5493574738502502,0.991009585870073
COHFACE_s39_session2_natural,42,167,47.56666666666667,0.40664416551589966,0.9564665910908667
COHFACE_s39_session2_natural,42,168,47.6,0.31579896807670593,0.9021180661764172
COHFACE_s39_session2_natural,42,169,47.63333333333333,0.17124411463737488,0.825422433801664
COHFACE_s39_session2_natural,42,170,47.666666666666664,-0.04173688217997551,0.7195615597820502
COHFACE_s39_session2_natural,42,171,47.7,-0.30027660727500916,0.5818775052781572
COHFACE_s39_session2_natural,42,172,47.733333333333334,-0.5563502311706543,0.4191345415004224
COHFACE_s39_session2_natural,42,173,47.766666666666666,-0.7674736380577087,0.24493809516002693
COHFACE_s39_session2_natural,42,174,47.8,-0.9222611784934998,0.07099807480280004
COHFACE_s39_session2_natural,42,175,47.833333333333336,-1.0329792499542236,-0.10068103111297866
COHFACE_s39_session2_natural,42,176,47.86666666666667,-1.1179155111312866,-0.27839656734823476
COHFACE_s39_session2_natural,42,177,47.9,-1.1889839172363281,-0.4734899737595609
COHFACE_s39_session2_natural,42,178,47.93333333333333,-1.2486186027526855,-0.6902285575159323
COHFACE_s39_session2_natural,42,179,47.96666666666667,-1.3176051378250122,-0.9194462860336734
COHFACE_s39_session2_natural,42,180,48.0,-1.3956074714660645,-1.1392912587551713
COHFACE_s39_session2_natural,42,181,48.03333333333333,-1.470615267753601,-1.3215071951407733
COHFACE_s39_session2_natural,42,182,48.06666666666667,-1.5447742938995361,-1.4390801066027765
COHFACE_s39_session2_natural,42,183,48.1,-1.590461015701294,-1.4718921673784957
COHFACE_s39_session2_natural,42,184,48.13333333333333,-1.6314399242401123,-1.4097435457009773
COHFACE_s39_session2_natural,42,185,48.166666666666664,-1.6705611944198608,-1.253954436555185
COHFACE_s39_session2_natural,42,186,48.2,-1.7025402784347534,-1.0181369710679884
COHFACE_s39_session2_natural,42,187,48.233333333333334,-1.6513928174972534,-0.7271019253818128
COHFACE_s39_session2_natural,42,188,48.266666666666666,-0.9382908344268799,-0.41251948799812804
COHFACE_s39_session2_natural,42,189,48.3,0.5390446782112122,-0.10538460021550573
COHFACE_s39_session2_natural,42,190,48.333333333333336,1.627441644668579,0.17247497444206694
COHFACE_s39_session2_natural,42,191,48.36666666666667,1.7192797660827637,0.4143231047527504
COHFACE_s39_session2_natural,42,192,48.4,1.3108205795288086,0.6290061487056099
COHFACE_s39_session2_natural,42,193,48.43333333333333,0.9335559606552124,0.8351495803656552
COHFACE_s39_session2_natural,42,194,48.46666666666667,0.7123279571533203,1.0504646518862213
COHFACE_s39_session2_natural,42,195,48.5,0.5053680539131165,1.279777578037721
COHFACE_s39_session2_natural,42,196,48.53333333333333,0.32138770818710327,1.5070035866785292
COHFACE_s39_session2_natural,42,197,48.56666666666667,0.27478811144828796,1.695668300720667
COHFACE_s39_session2_natural,42,198,48.6,0.25887060165405273,1.7989795386048386
COHFACE_s39_session2_natural,42,199,48.63333333333333,0.14717566967010498,1.775764103482124
COHFACE_s39_session2_natural,42,200,48.666666666666664,-0.06439613550901413,1.6055858847031126
COHFACE_s39_session2_natural,42,201,48.7,-0.3166104853153229,1.2966158631407274
COHFACE_s39_session2_natural,42,202,48.733333333333334,-0.5569907426834106,0.8832534914002634
COHFACE_s39_session2_natural,42,203,48.766666666666666,-0.7466559410095215,0.4154633560154727
COHFACE_s39_session2_natural,42,204,48.8,-0.8938690423965454,-0.05433089249926245
COHFACE_s39_session2_natural,42,205,48.833333333333336,-0.9954273700714111,-0.48084014177081935
COHFACE_s39_session2_natural,42,206,48.86666666666667,-1.0499696731567383,-0.8299545113381405
COHFACE_s39_session2_natural,42,207,48.9,-1.0988112688064575,-1.0794041976434317
COHFACE_s39_session2_natural,42,208,48.93333333333333,-1.1509515047073364,-1.2190571765915232
COHFACE_s39_session2_natural,42,209,48.96666666666667,-1.192715048789978,-1.2519087521896575
COHFACE_s39_session2_natural,42,210,49.0,-1.2411562204360962,-1.194566530356476
COHFACE_s39_session2_natural,42,211,49.03333333333333,-1.2989013195037842,-1.0751387947292996
COHFACE_s39_session2_natural,42,212,49.06666666666667,-1.3500968217849731,-0.9273728213881227
COHFACE_s39_session2_natural,42,213,49.1,-1.3983938694000244,-0.7821800328030584
COHFACE_s39_session2_natural,42,214,49.13333333333333,-1.4564751386642456,-0.6599052481611298
COHFACE_s39_session2_natural,42,215,49.166666666666664,-1.3312327861785889,-0.5668624296322382
COHFACE_s39_session2_natural,42,216,49.2,-0.4135088324546814,-0.4971152448198135
COHFACE_s39_session2_natural,42,217,49.233333333333334,1.04060697555542,-0.4373223807615176
COHFACE_s39_session2_natural,42,218,49.266666666666666,1.847708821296692,-0.37134104086625724
COHFACE_s39_session2_natural,42,219,49.3,1.7453498840332031,-0.28296350948903404
COHFACE_s39_session2_natural,42,220,49.333333333333336,1.318138837814331,-0.15812570091666256
COHFACE_s39_session2_natural,42,221,49.36666666666667,1.0094444751739502,0.011169656302682431
COHFACE_s39_session2_natural,42,222,49.4,0.8194590210914612,0.22158730622895548
COHFACE_s39_session2_natural,42,223,49.43333333333333,0.5948841571807861,0.45501031408616
COHFACE_s39_session2_natural,42,224,49.46666666666667,0.40736478567123413,0.6796218571403905
COHFACE_s39_session2_natural,42,225,49.5,0.34010761976242065,0.8558568497940697
COHFACE_s39_session2_natural,42,226,49.53333333333333,0.29610222578048706,0.9458305501475346
COHFACE_s39_session2_natural,42,227,49.56666666666667,0.17811395227909088,0.9237162398535625
COHFACE_s39_session2_natural,42,228,49.6,-0.025386985391378403,0.7835241046652788
COHFACE_s39_session2_natural,42,229,49.63333333333333,-0.28642481565475464,0.5412604332546928
COHFACE_s39_session2_natural,42,230,49.666666666666664,-0.5345556735992432,0.23122552045158823
COHFACE_s39_session2_natural,42,231,49.7,-0.7244290709495544,-0.10121335031868924
COHFACE_s39_session2_natural,42,232,49.733333333333334,-0.8628507256507874,-0.40791513584328143
COHFACE_s39_session2_natural,42,233,49.766666666666666,-0.9577473402023315,-0.6459826882544766
COHFACE_s39_session2_natural,42,234,49.8,-1.0257891416549683,-0.7845149818082607
COHFACE_s39_session2_natural,42,235,49.833333333333336,-1.0720524787902832,-0.8088593667306316
COHFACE_s39_session2_natural,42,236,49.86666666666667,-1.1148568391799927,-0.7213701060458498
COHFACE_s39_session2_natural,42,237,49.9,-1.1638104915618896,-0.5387130145941511
COHFACE_s39_session2_natural,42,238,49.93333333333333,-1.2152782678604126,-0.2871104020829482
COHFACE_s39_session2_natural,42,239,49.96666666666667,-1.275953769683838,0.0023343418456728948
COHFACE_s39_session2_natural,43,0,43.0,0.78232342004776,-0.12781734719460097
COHFACE_s39_session2_natural,43,1,43.03333333333333,0.6931596994400024,-0.5821431310916776
COHFACE_s39_session2_natural,43,2,43.06666666666667,0.5855482220649719,-0.9857214499947717
COHFACE_s39_session2_natural,43,3,43.1,0.38353654742240906,-1.2990877928164295
COHFACE_s39_session2_natural,43,4,43.13333333333333,0.12110551446676254,-1.5027349321623702
COHFACE_s39_session2_natural,43,5,43.166666666666664,-0.147346630692482,-1.5996455318756362
COHFACE_s39_session2_natural,43,6,43.2,-0.3910737633705139,-1.6105295305781056
COHFACE_s39_session2_natural,43,7,43.233333333333334,-0.5735808610916138,-1.5640355950097105
COHFACE_s39_session2_natural,43,8,43.266666666666666,-0.6971258521080017,-1.4863259582829143
COHFACE_s39_session2_natural,43,9,43.3,-0.7966344356536865,-1.3942120277881873
COHFACE_s39_session2_natural,43,10,43.333333333333336,-0.8733236193656921,-1.293984424852111
COHFACE_s39_session2_natural,43,11,43.36666666666667,-0.9452727437019348,-1.1848289042920093
COHFACE_s39_session2_natural,43,12,43.4,-1.021369457244873,-1.0628555564486102
COHFACE_s39_session2_natural,43,13,43.43333333333333,-1.0907564163208008,-0.921988160798787
COHFACE_s39_session2_natural,43,14,43.46666666666667,-1.148117184638977,-0.7518986285319493
COHFACE_s39_session2_natural,43,15,43.5,-1.1935957670211792,-0.5369365604048347
COHFACE_s39_session2_natural,43,16,43.53333333333333,-1.244887351989746,-0.25976256258845304
COHFACE_s39_session2_natural,43,17,43.56666666666667,-1.316724419593811,0.09005726191522719
COHFACE_s39_session2_natural,43,18,43.6,-1.3696653842926025,0.5058980418880361
COHFACE_s39_session2_natural,43,19,43.63333333333333,-1.0370787382125854,0.9576772319320489
COHFACE_s39_session2_natural,43,20,43.666666666666664,0.23730026185512543,1.393800124287585
COHFACE_s39_session2_natural,43,21,43.7,1.7276228666305542,1.75252850681775
COHFACE_s39_session2_natural,43,22,43.733333333333334,2.273078441619873,1.9789064628367994
COHFACE_s39_session2_natural,43,23,43.766666666666666,1.984545111656189,2.0401499588209435
COHFACE_s39_session2_natural,43,24,43.8,1.549967885017395,1.9332573102111745
COHFACE_s39_session2_natural,43,25,43.833333333333336,1.2829089164733887,1.6827318459516458
COHFACE_s39_session2_natural,43,26,43.86666666666667,1.0669974088668823,1.3309812454248644
COHFACE_s39_session2_natural,43,27,43.9,0.8110998868942261,0.9263433146297656
COHFACE_s39_session2_natural,43,28,43.93333333333333,0.6557518839836121,0.5128553194613642
COHFACE_s39_session2_natural,43,29,43.96666666666667,0.6011614799499512,0.12401994868090781
COHFACE_s39_session2_natural,43,30,44.0,0.5149762630462646,-0.21817873237100374
COHFACE_s39_session2_natural,43,31,44.03333333333333,0.33488720655441284,-0.4994130426567208
COHFACE_s39_session2_natural,43,32,44.06666666666667,0.07934201508760452,-0.7079365369884539
COHFACE_s39_session2_natural,43,33,44.1,-0.1772920787334442,-0.8332627886486605
COHFACE_s39_session2_natural,43,34,44.13333333333333,-0.3993688225746155,-0.870258032904863
COHFACE_s39_session2_natural,43,35,44.166666666666664,-0.5689048767089844,-0.8252762600374622
COHFACE_s39_session2_natural,43,36,44.2,-0.6891670823097229,-0.7187963623203779
COHFACE_s39_session2_natural,43,37,44.233333333333334,-0.7657281756401062,-0.5812817823878443
COHFACE_s39_session2_natural,43,38,44.266666666666666,-0.8222882151603699,-0.44397702027350894
COHFACE_s39_session2_natural,43,39,44.3,-0.8762381076812744,-0.33012585239360587
COHFACE_s39_session2_natural,43,40,44.333333333333336,-0.9279299974441528,-0.25153824119856927
COHFACE_s39_session2_natural,43,41,44.36666666666667,-0.9814475178718567,-0.2110879349792781
COHFACE_s39_session2_natural,43,42,44.4,-1.0358777046203613,-0.206996299904229
COHFACE_s39_session2_natural,43,43,44.43333333333333,-1.103214979171753,-0.23403332952635297
COHFACE_s39_session2_natural,43,44,44.46666666666667,-1.175756573677063,-0.28115508958977586
COHFACE_s39_session2_natural,43,45,44.5,-1.241396427154541,-0.32949127035897957
COHFACE_s39_session2_natural,43,46,44.53333333333333,-1.007021188735962,-0.3542078458522922
COHFACE_s39_session2_natural,43,47,44.56666666666667,0.13241112232208252,-0.33049046865948795
COHFACE_s39_session2_natural,43,48,44.6,1.5850856304168701,-0.24161077218933102
COHFACE_s39_session2_natural,43,49,44.63333333333333,2.1605827808380127,-0.08619924105334661
COHFACE_s39_session2_natural,43,50,44.666666666666664,1.8747718334197998,0.11836131664454788
COHFACE_s39_session2_natural,43,51,44.7,1.4108896255493164,0.33848597344416903
COHFACE_s39_session2_natural,43,52,44.733333333333334,1.0969427824020386,0.532352075209515
COHFACE_s39_session2_natural,43,53,44.766666666666666,0.8519666194915771,0.6601867419405784
COHFACE_s39_session2_natural,43,54,44.8,0.621722936630249,0.6931680471127833
COHFACE_s39_session2_natural,43,55,44.833333333333336,0.5416389107704163,0.6189655472635821
COHFACE_s39_session2_natural,43,56,44.86666666666667,0.5683175921440125,0.44452040222026595
COHFACE_s39_session2_natural,43,57,44.9,0.513102650642395,0.19697670998143033
COHFACE_s39_session2_natural,43,58,44.93333333333333,0.3230211138725281,-0.07898938434173204
COHFACE_s39_session2_natural,43,59,44.96666666666667,0.04757101833820343,-0.3302161399902476
COHFACE_s39_session2_natural,43,60,45.0,-0.230377197265625,-0.5093050711395067
COHFACE_s39_session2_natural,43,61,45.03333333333333,-0.4615016281604767,-0.5880882778325837
COHFACE_s39_session2_natural,43,62,45.06666666666667,-0.6224063634872437,-0.5640076323684678
COHFACE_s39_session2_natural,43,63,45.1,-0.7270232439041138,-0.45711256928802807
COHFACE_s39_session2_natural,43,64,45.13333333333333,-0.7972269058227539,-0.30033854971809165
COHFACE_s39_session2_natural,43,65,45.166666666666664,-0.8511447310447693,-0.1284928028395327
COHFACE_s39_session2_natural,43,66,45.2,-0.8973280191421509,0.02942662740270515
COHFACE_s39_session2_natural,43,67,45.233333333333334,-0.9450645446777344,0.15313176058283806
COHFACE_s39_session2_natural,43,68,45.266666666666666,-1.0049874782562256,0.2308143312332231
COHFACE_s39_session2_natural,43,69,45.3,-1.0769526958465576,0.2584003378347676
COHFACE_s39_session2_natural,43,70,45.333333333333336,-1.1630898714065552,0.23941124725992938
COHFACE_s39_session2_natural,43,71,45.36666666666667,-1.2156145572662354,0.1845872815103689
COHFACE_s39_session2_natural,43,72,45.4,-0.769827663898468,0.11005639826951163
COHFACE_s39_session2_natural,43,73,45.43333333333333,0.5986313223838806,0.033964682897602065
COHFACE_s39_session2_natural,43,74,45.46666666666667,1.916663408279419,-0.02721967017650819
COHFACE_s39_session2_natural,43,75,45.5,2.256456136703491,-0.0612341782795798
COHFACE_s39_session2_natural,43,76,45.53333333333333,1.9154144525527954,-0.06088315425681572
COHFACE_s39_session2_natural,43,77,45.56666666666667,1.5088448524475098,-0.023979450836322757
COHFACE_s39_session2_natural,43,78,45.6,1.2573511600494385,0.04659169708917544
COHFACE_s39_session2_natural,43,79,45.63333333333333,1.0305184125900269,0.14249521637323814
COHFACE_s39_session2_natural,43,80,45.666666666666664,0.756701648235321,0.25028450289116616
COHFACE_s39_session2_natural,43,81,45.7,0.6009212732315063,0.3537726636513736
COHFACE_s39_session2_natural,43,82,45.733333333333334,0.5502702593803406,0.4384445192774716
COHFACE_s39_session2_natural,43,83,45.766666666666666,0.4507136344909668,0.49591906468113683
COHFACE_s39_session2_natural,43,84,45.8,0.24417009949684143,0.5254927046663169
COHFACE_s39_session2_natural,43,85,45.833333333333336,-0.019558032974600792,0.5312130954797502
COHFACE_s39_session2_natural,43,86,45.86666666666667,-0.2933267056941986,0.5162725197767566
COHFACE_s39_session2_natural,43,87,45.9,-0.5122807621955872,0.47862239366039033
COHFACE_s39_session2_natural,43,88,45.93333333333333,-0.6610792279243469,0.4103484067486599
COHFACE_s39_session2_natural,43,89,45.96666666666667,-0.7603956460952759,0.30038137803358184
COHFACE_s39_session2_natural,43,90,46.0,-0.8457801938056946,0.1385465989381127
COHFACE_s39_session2_natural,43,91,46.03333333333333,-0.9162881374359131,-0.08052627074082486
COHFACE_s39_session2_natural,43,92,46.06666666666667,-0.9786291122436523,-0.3537324779613887
COHFACE_s39_session2_natural,43,93,46.1,-1.0372228622436523,-0.6659260010751419
COHFACE_s39_session2_natural,43,94,46.13333333333333,-1.0880180597305298,-0.9878635476197067
COHFACE_s39_session2_natural,43,95,46.166666666666664,-1.1441937685012817,-1.2781067505784363
COHFACE_s39_session2_natural,43,96,46.2,-1.2079600095748901,-1.489858772164517
COHFACE_s39_session2_natural,43,97,46.233333333333334,-1.2607088088989258,-1.581046569288986
COHFACE_s39_session2_natural,43,98,46.266666666666666,-0.890538215637207,-1.5244198206327428
COHFACE_s39_session2_natural,43,99,46.3,0.4456052780151367,-1.3145936378754723
COHFACE_s39_session2_natural,43,100,46.333333333333336,1.9149659872055054,-0.970167651770872
COHFACE_s39_session2_natural,43,101,46.36666666666667,2.408041000366211,-0.5304252866902023
COHFACE_s39_session2_natural,43,102,46.4,2.129676580429077,-0.04724833276471883
COHFACE_s39_session2_natural,43,103,46.43333333333333,1.7682173252105713,0.4257204032705564
COHFACE_s39_session2_natural,43,104,46.46666666666667,1.5781837701797485,0.8430446415564614
COHFACE_s39_session2_natural,43,105,46.5,1.3871574401855469,1.1730559651693175
COHFACE_s39_session2_natural,43,106,46.53333333333333,1.060976266860962,1.3981579692199753
COHFACE_s39_session2_natural,43,107,46.56666666666667,0.7853660583496094,1.5118710594886533
COHFACE_s39_session2_natural,43,108,46.6,0.6480013132095337,1.51520229387639
COHFACE_s39_session2_natural,43,109,46.63333333333333,0.5415908694267273,1.4141795166951563
COHFACE_s39_session2_natural,43,110,46.666666666666664,0.361085444688797,1.219814444556786
COHFACE_s39_session2_natural,43,111,46.7,0.10254573822021484,0.9504899322553627
COHFACE_s39_session2_natural,43,112,46.733333333333334,-0.18659599125385284,0.6342688580488505
COHFACE_s39_session2_natural,43,113,46.766666666666666,-0.42966654896736145,0.30729558854909556
COHFACE_s39_session2_natural,43,114,46.8,-0.6047113537788391,0.006508738179863567
COHFACE_s39_session2_natural,43,115,46.833333333333336,-0.7348859310150146,-0.2408447930107257
COHFACE_s39_session2_natural,43,116,46.86666666666667,-0.8334177136421204,-0.42508868131534305
COHFACE_s39_session2_natural,43,117,46.9,-0.914526641368866,-0.5542649680467109
COHFACE_s39_session2_natural,43,118,46.93333333333333,-1.0043790340423584,-0.6463867722642093
COHFACE_s39_session2_natural,43,119,46.96666666666667,-1.0813723802566528,-0.718788432838201
COHFACE_s39_session2_natural,43,120,47.0,-1.153241515159607,-0.7806529741556762
COHFACE_s39_session2_natural,43,121,47.03333333333333,-1.2333256006240845,-0.8316200318196454
COHFACE_s39_session2_natural,43,122,47.06666666666667,-1.3112797737121582,-0.8648010821301532
COHFACE_s39_session2_natural,43,123,47.1,-1.357414960861206,-0.8703122415877664
COHFACE_s39_session2_natural,43,124,47.13333333333333,-1.4031338691711426,-0.8372018492970709
COHFACE_s39_session2_natural,43,125,47.166666666666664,-1.4590213298797607,-0.7547410965026097
COHFACE_s39_session2_natural,43,126,47.2,-1.5170546770095825,-0.6150393542792824
COHFACE_s39_session2_natural,43,127,47.233333333333334,-1.4758356809616089,-0.41743615328258366
COHFACE_s39_session2_natural,43,128,47.266666666666666,-0.7055330276489258,-0.1727972850022105
COHFACE_s39_session2_natural,43,129,47.3,0.8622633814811707,0.0952815278597986
COHFACE_s39_session2_natural,43,130,47.333333333333336,1.9715741872787476,0.3542525712451728
COHFACE_s39_session2_natural,43,131,47.36666666666667,2.029447317123413,0.5708017028105391
COHFACE_s39_session2_natural,43,132,47.4,1.6089138984680176,0.7206578552219325
COHFACE_s39_session2_natural,43,133,47.43333333333333,1.2614026069641113,0.7962155503063925
COHFACE_s39_session2_natural,43,134,47.46666666666667,1.059342861175537,0.8086180011388308
COHFACE_s39_session2_natural,43,135,47.5,0.8104273080825806,0.7828208348390591
COHFACE_s39_session2_natural,43,136,47.53333333333333,0.5493574738502502,0.7469393166526274
COHFACE_s39_session2_natural,43,137,47.56666666666667,0.40664416551589966,0.7199504891630507
COHFACE_s39_session2_natural,43,138,47.6,0.31579896807670593,0.703349193766577
COHFACE_s39_session2_natural,43,139,47.63333333333333,0.17124411463737488,0.6814021833172197
COHFACE_s39_session2_natural,43,140,47.666666666666664,-0.04173688217997551,0.630822320756239
COHFACE_s39_session2_natural,43,141,47.7,-0.30027660727500916,0.5351656640261213
COHFACE_s39_session2_natural,43,142,47.733333333333334,-0.5563502311706543,0.3951064351728636
COHFACE_s39_session2_natural,43,143,47.766666666666666,-0.7674736380577087,0.2274494793507913
COHFACE_s39_session2_natural,43,144,47.8,-0.9222611784934998,0.053919009858606565
COHFACE_s39_session2_natural,43,145,47.833333333333336,-1.0329792499542236,-0.11168998714288225
COHFACE_s39_session2_natural,43,146,47.86666666666667,-1.1179155111312866,-0.2693368917805252
COHFACE_s39_session2_natural,43,147,47.9,-1.1889839172363281,-0.4289296621821225
COHFACE_s39_session2_natural,43,148,47.93333333333333,-1.2486186027526855,-0.6008182667882417
COHFACE_s39_session2_natural,43,149,47.96666666666667,-1.3176051378250122,-0.7870946080488925
COHFACE_s39_session2_natural,43,150,48.0,-1.3956074714660645,-0.9778472798750428
COHFACE_s39_session2_natural,43,151,48.03333333333333,-1.470615267753601,-1.1525754869669766
COHFACE_s39_session2_natural,43,152,48.06666666666667,-1.5447742938995361,-1.2850600439706708
COHFACE_s39_session2_natural,43,153,48.1,-1.590461015701294,-1.3499988641391976
COHFACE_s39_session2_natural,43,154,48.13333333333333,-1.6314399242401123,-1.329900054813716
COHFACE_s39_session2_natural,43,155,48.166666666666664,-1.6705611944198608,-1.2205087637700134
COHFACE_s39_session2_natural,43,156,48.2,-1.7025402784347534,-1.0328281968026731
COHFACE_s39_session2_natural,43,157,48.233333333333334,-1.6513928174972534,-0.7903021860636584
COHFACE_s39_session2_natural,43,158,48.266666666666666,-0.9382908344268799,-0.5213517729135716
COHFACE_s39_session2_natural,43,159,48.3,0.5390446782112122,-0.24971646041645415
COHFACE_s39_session2_natural,43,160,48.333333333333336,1.627441644668579,0.013258780075876397
COHFACE_s39_session2_natural,43,161,48.36666666666667,1.7192797660827637,0.2705634625246204
COHFACE_s39_session2_natural,43,162,48.4,1.3108205795288086,0.5345270418195378
COHFACE_s39_session2_natural,43,163,48.43333333333333,0.9335559606552124,0.8170320950563914
COHFACE_s39_session2_natural,43,164,48.46666666666667,0.7123279571533203,1.1190044102070056
COHFACE_s39_session2_natural,43,165,48.5,0.5053680539131165,1.423334340480079
COHFACE_s39_session2_natural,43,166,48.53333333333333,0.32138770818710327,1.6941248976930712
COHFACE_s39_session2_natural,43,167,48.56666666666667,0.27478811144828796,1.883131787807938
COHFACE_s39_session2_natural,43,168,48.6,0.25887060165405273,1.941995117865916
COHFACE_s39_session2_natural,43,169,48.63333333333333,0.14717566967010498,1.8368624520011647
COHFACE_s39_session2_natural,43,170,48.666666666666664,-0.06439613550901413,1.5607924800151336
COHFACE_s39_session2_natural,43,171,48.7,-0.3166104853153229,1.1394669665477504
COHFACE_s39_session2_natural,43,172,48.733333333333334,-0.5569907426834106,0.6275603614380458
COHFACE_s39_session2_natural,43,173,48.766666666666666,-0.7466559410095215,0.09642843490206668
COHFACE_s39_session2_natural,43,174,48.8,-0.8938690423965454,-0.3826269402842966
COHFACE_s39_session2_natural,43,175,48.833333333333336,-0.9954273700714111,-0.7537149139039798
COHFACE_s39_session2_natural,43,176,48.86666666666667,-1.0499696731567383,-0.9861898286494654
COHFACE_s39_session2_natural,43,177,48.9,-1.0988112688064575,-1.0777265791953403
COHFACE_s39_session2_natural,43,178,48.93333333333333,-1.1509515047073364,-1.05124085366614
COHFACE_s39_session2_natural,43,179,48.96666666666667,-1.192715048789978,-0.9471107237436222
COHFACE_s39_session2_natural,43,180,49.0,-1.2411562204360962,-0.8128211440855014
COHFACE_s39_session2_natural,43,181,49.03333333333333,-1.2989013195037842,-0.6921816315751177
COHFACE_s39_session2_natural,43,182,49.06666666666667,-1.3500968217849731,-0.6155199811987208
COHFACE_s39_session2_natural,43,183,49.1,-1.3983938694000244,-0.592370212251782
COHFACE_s39_session2_natural,43,184,49.13333333333333,-1.4564751386642456,-0.6096045594153335
COHFACE_s39_session2_natural,43,185,49.166666666666664,-1.3312327861785889,-0.6375600889711486
COHFACE_s39_session2_natural,43,186,49.2,-0.4135088324546814,-0.6425102406180234
COHFACE_s39_session2_natural,43,187,49.233333333333334,1.04060697555542,-0.5993943230004156
COHFACE_s39_session2_natural,43,188,49.266666666666666,1.847708821296692,-0.4985005360850336
COHFACE_s39_session2_natural,43,189,49.3,1.7453498840332031,-0.3440512548129094
COHFACE_s39_session2_natural,43,190,49.333333333333336,1.318138837814331,-0.14816694709541886
COHFACE_s39_session2_natural,43,191,49.36666666666667,1.0094444751739502,0.07406041320321329
COHFACE_s39_session2_natural,43,192,49.4,0.8194590210914612,0.30557023421799007
COHFACE_s39_session2_natural,43,193,49.43333333333333,0.5948841571807861,0.5259863907179141
COHFACE_s39_session2_natural,43,194,49.46666666666667,0.40736478567123413,0.7110196575169567
COHFACE_s39_session2_natural,43,195,49.5,0.34010761976242065,0.8345471699140058
COHFACE_s39_session2_natural,43,196,49.53333333333333,0.29610222578048706,0.8735288085069569
COHFACE_s39_session2_natural,43,197,49.56666666666667,0.17811395227909088,0.8142905086545172
COHFACE_s39_session2_natural,43,198,49.6,-0.025386985391378403,0.657512373864103
COHFACE_s39_session2_natural,43,199,49.63333333333333,-0.28642481565475464,0.4195181345210941
COHFACE_s39_session2_natural,43,200,49.666666666666664,-0.5345556735992432,0.1294436584883978
COHFACE_s39_session2_natural,43,201,49.7,-0.7244290709495544,-0.17612784402966553
COHFACE_s39_session2_natural,43,202,49.733333333333334,-0.8628507256507874,-0.45906409682363747
COHFACE_s39_session2_natural,43,203,49.766666666666666,-0.9577473402023315,-0.6848685026859801
COHFACE_s39_session2_natural,43,204,49.8,-1.0257891416549683,-0.8266334057808135
COHFACE_s39_session2_natural,43,205,49.833333333333336,-1.0720524787902832,-0.8675784828668527
COHFACE_s39_session2_natural,43,206,49.86666666666667,-1.1148568391799927,-0.8021358446054575
COHFACE_s39_session2_natural,43,207,49.9,-1.1638104915618896,-0.6357685300380979
COHFACE_s39_session2_natural,43,208,49.93333333333333,-1.2152782678604126,-0.38407165026557993
COHFACE_s39_session2_natural,43,209,49.96666666666667,-1.275953769683838,-0.07187611491930264
COHFACE_s39_session2_natural,43,210,50.0,-1.355493426322937,0.26739642061603663
COHFACE_s39_session2_natural,43,211,50.03333333333333,-1.3728841543197632,0.5932108112807762
COHFACE_s39_session2_natural,43,212,50.06666666666667,-0.8380776643753052,0.8625878005991255
COHFACE_s39_session2_natural,43,213,50.1,0.5438967943191528,1.03910236008011
COHFACE_s39_session2_natural,43,214,50.13333333333333,1.7645342350006104,1.1031625881494593
COHFACE_s39_session2_natural,43,215,50.166666666666664,2.041553497314453,1.0576174780263436
COHFACE_s39_session2_natural,43,216,50.2,1.7243080139160156,0.9248706298454119
COHFACE_s39_session2_natural,43,217,50.233333333333334,1.383474349975586,0.7370074834226321
COHFACE_s39_session2_natural,43,218,50.266666666666666,1.1846333742141724,0.5245664441765947
COHFACE_s39_session2_natural,43,219,50.3,0.9738622307777405,0.3095318980744034
COHFACE_s39_session2_natural,43,220,50.333333333333336,0.6970509886741638,0.10418794599509656
COHFACE_s39_session2_natural,43,221,50.36666666666667,0.5141595602035522,-0.08626563822147806
COHFACE_s39_session2_natural,43,222,50.4,0.43042439222335815,-0.2597714108529991
COHFACE_s39_session2_natural,43,223,50.43333333333333,0.3396272361278534,-0.41344416553391283
COHFACE_s39_session2_natural,43,224,50.46666666666667,0.16105946898460388,-0.5409758263539596
COHFACE_s39_session2_natural,43,225,50.5,-0.08625471591949463,-0.6330967825225006
COHFACE_s39_session2_natural,43,226,50.53333333333333,-0.34977465867996216,-0.6813135629667647
COHFACE_s39_session2_natural,43,227,50.56666666666667,-0.5729723572731018,-0.6825673051760457
COHFACE_s39_session2_natural,43,228,50.6,-0.7432130575180054,-0.6409771650522083
COHFACE_s39_session2_natural,43,229,50.63333333333333,-0.8582067489624023,-0.5645600345377818
COHFACE_s39_session2_natural,43,230,50.666666666666664,-0.9388192892074585,-0.4593858628920294
COHFACE_s39_session2_natural,43,231,50.7,-1.0075817108154297,-0.3267743724457577
COHFACE_s39_session2_natural,43,232,50.733333333333334,-1.0653908252716064,-0.16722534445269763
COHFACE_s39_session2_natural,43,233,50.766666666666666,-1.1242889165878296,0.010868584662377369
COHFACE_s39_session2_natural,43,234,50.8,-1.1840837001800537,0.18463046286549886
COHFACE_s39_session2_natural,43,235,50.833333333333336,-1.2297065258026123,0.3190021915041826
COHFACE_s39_session2_natural,43,236,50.86666666666667,-1.2777312994003296,0.37870696815091187
COHFACE_s39_session2_natural,43,237,50.9,-1.339976191520691,0.3437704135850746
COHFACE_s39_session2_natural,43,238,50.93333333333333,-1.3881611824035645,0.22027116762668547
COHFACE_s39_session2_natural,43,239,50.96666666666667,-1.0838065147399902,0.040860519283669024
COHFACE_s39_session2_natural,44,0,44.0,0.5149762630462646,-0.03748772954800063
COHFACE_s39_session2_natural,44,1,44.03333333333333,0.33488720655441284,-0.3903822264475616
COHFACE_s39_session2_natural,44,2,44.06666666666667,0.07934201508760452,-0.6871120363640556
COHFACE_s39_session2_natural,44,3,44.1,-0.1772920787334442,-0.8829266904167106
COHFACE_s39_session2_natural,44,4,44.13333333333333,-0.3993688225746155,-0.9535753746195192
COHFACE_s39_session2_natural,44,5,44.166666666666664,-0.5689048767089844,-0.9020810487299149
COHFACE_s39_session2_natural,44,6,44.2,-0.6891670823097229,-0.7578056024782188
COHFACE_s39_session2_natural,44,7,44.233333333333334,-0.7657281756401062,-0.5658416410999599
COHFACE_s39_session2_natural,44,8,44.266666666666666,-0.8222882151603699,-0.3707706758907543
COHFACE_s39_session2_natural,44,9,44.3,-0.8762381076812744,-0.2031567150396765
COHFACE_s39_session2_natural,44,10,44.333333333333336,-0.9279299974441528,-0.07534998847221629
COHFACE_s39_session2_natural,44,11,44.36666666666667,-0.9814475178718567,0.013330236174054683
COHFACE_s39_session2_natural,44,12,44.4,-1.0358777046203613,0.06816545616539829
COHFACE_s39_session2_natural,44,13,44.43333333333333,-1.103214979171753,0.09441582052966761
COHFACE_s39_session2_natural,44,14,44.46666666666667,-1.175756573677063,0.09835678821725492
COHFACE_s39_session2_natural,44,15,44.5,-1.241396427154541,0.09022193375924108
COHFACE_s39_session2_natural,44,16,44.53333333333333,-1.007021188735962,0.08473244117813708
COHFACE_s39_session2_natural,44,17,44.56666666666667,0.13241112232208252,0.09783326567215343
COHFACE_s39_session2_natural,44,18,44.6,1.5850856304168701,0.1408229437177972
COHFACE_s39_session2_natural,44,19,44.63333333333333,2.1605827808380127,0.2145132198060182
COHFACE_s39_session2_natural,44,20,44.666666666666664,1.8747718334197998,0.3067418300105968
COHFACE_s39_session2_natural,44,21,44.7,1.4108896255493164,0.39544951180622195
COHFACE_s39_session2_natural,44,22,44.733333333333334,1.0969427824020386,0.4563045170917165
COHFACE_s39_session2_natural,44,23,44.766666666666666,0.8519666194915771,0.4708531218403974
COHFACE_s39_session2_natural,44,24,44.8,0.621722936630249,0.4309689438861738
COHFACE_s39_session2_natural,44,25,44.833333333333336,0.5416389107704163,0.3382095675609772
COHFACE_s39_session2_natural,44,26,44.86666666666667,0.5683175921440125,0.20047861084044116
COHFACE_s39_session2_natural,44,27,44.9,0.513102650642395,0.02962354659094143
COHFACE_s39_session2_natural,44,28,44.93333333333333,0.3230211138725281,-0.15901371282693977
COHFACE_s39_session2_natural,44,29,44.96666666666667,0.04757101833820343,-0.34685766949238284
COHFACE_s39_session2_natural,44,30,45.0,-0.230377197265625,-0.5134878651690198
COHFACE_s39_session2_natural,44,31,45.03333333333333,-0.4615016281604767,-0.6387535995544834
COHFACE_s39_session2_natural,44,32,45.06666666666667,-0.6224063634872437,-0.7051375356370926
COHFACE_s39_session2_natural,44,33,45.1,-0.7270232439041138,-0.7005525811209143
COHFACE_s39_session2_natural,44,34,45.13333333333333,-0.7972269058227539,-0.6213584668158818
COHFACE_s39_session2_natural,44,35,45.166666666666664,-0.8511447310447693,-0.4745590398964635
COHFACE_s39_session2_natural,44,36,45.2,-0.8973280191421509,-0.2781431115048076
COHFACE_s39_session2_natural,44,37,45.233333333333334,-0.9450645446777344,-0.059143709725524636
COHFACE_s39_session2_natural,44,38,45.266666666666666,-1.0049874782562256,0.15048622739218528
COHFACE_s39_session2_natural,44,39,45.3,-1.0769526958465576,0.3196527237272113
COHFACE_s39_session2_natural,44,40,45.333333333333336,-1.1630898714065552,0.42446981071456374
COHFACE_s39_session2_natural,44,41,45.36666666666667,-1.2156145572662354,0.45355929104181036
COHFACE_s39_session2_natural,44,42,45.4,-0.769827663898468,0.4105847023451531
COHFACE_s39_session2_natural,44,43,45.43333333333333,0.5986313223838806,0.31309266136120256
COHFACE_s39_session2_natural,44,44,45.46666666666667,1.916663408279419,0.18827460779223265
COHFACE_s39_session2_natural,44,45,45.5,2.256456136703491,0.06742352670193033
COHFACE_s39_session2_natural,44,46,45.53333333333333,1.9154144525527954,-0.019276801192949236
COHFACE_s39_session2_natural,44,47,45.56666666666667,1.5088448524475098,-0.047008806780023775
COHFACE_s39_session2_natural,44,48,45.6,1.2573511600494385,0.00011017537044630266
COHFACE_s39_session2_natural,44,49,45.63333333333333,1.0305184125900269,0.12576082670476782
COHFACE_s39_session2_natural,44,50,45.666666666666664,0.756701648235321,0.3187515940145995
COHFACE_s39_session2_natural,44,51,45.7,0.6009212732315063,0.5521797759072862
COHFACE_s39_session2_natural,44,52,45.733333333333334,0.5502702593803406,0.7859799485752879
COHFACE_s39_session2_natural,44,53,45.766666666666666,0.4507136344909668,0.9733198511430359
COHFACE_s39_session2_natural,44,54,45.8,0.24417009949684143,1.0692082487674632
COHFACE_s39_session2_natural,44,55,45.833333333333336,-0.019558032974600792,1.0388676985026455
COHFACE_s39_session2_natural,44,56,45.86666666666667,-0.2933267056941986,0.8649148938387665
COHFACE_s39_session2_natural,44,57,45.9,-0.5122807621955872,0.5533304730508454
COHFACE_s39_session2_natural,44,58,45.93333333333333,-0.6610792279243469,0.13641486380787293
COHFACE_s39_session2_natural,44,59,45.96666666666667,-0.7603956460952759,-0.3308413423905561
COHFACE_s39_session2_natural,44,60,46.0,-0.8457801938056946,-0.7828293113465121
COHFACE_s39_session2_natural,44,61,46.03333333333333,-0.9162881374359131,-1.1608928023183427
COHFACE_s39_session2_natural,44,62,46.06666666666667,-0.9786291122436523,-1.4289133065617967
COHFACE_s39_session2_natural,44,63,46.1,-1.0372228622436523,-1.5792810212981625
COHFACE_s39_session2_natural,44,64,46.13333333333333,-1.0880180597305298,-1.6270418002231923
COHFACE_s39_session2_natural,44,65,46.166666666666664,-1.1441937685012817,-1.5965027330130697
COHFACE_s39_session2_natural,44,66,46.2,-1.2079600095748901,-1.5072337631450123
COHFACE_s39_session2_natural,44,67,46.233333333333334,-1.2607088088989258,-1.3652180147126127
COHFACE_s39_session2_natural,44,68,46.266666666666666,-0.890538215637207,-1.1621477930811093
COHFACE_s39_session2_natural,44,69,46.3,0.4456052780151367,-0.8826600830540452
COHFACE_s39_session2_natural,44,70,46.333333333333336,1.9149659872055054,-0.5162460104642561
COHFACE_s39_session2_natural,44,71,46.36666666666667,2.408041000366211,-0.06866770072744255
COHFACE_s39_session2_natural,44,72,46.4,2.129676580429077,0.43212310025608264
COHFACE_s39_session2_natural,44,73,46.43333333333333,1.7682173252105713,0.9381648999259138
COHFACE_s39_session2_natural,44,74,46.46666666666667,1.5781837701797485,1.3907476710761468
COHFACE_s39_session2_natural,44,75,46.5,1.3871574401855469,1.7332604707537511
COHFACE_s39_session2_natural,44,76,46.53333333333333,1.060976266860962,1.924020751904555
COHFACE_s39_session2_natural,44,77,46.56666666666667,0.7853660583496094,1.9458744197842024
COHFACE_s39_session2_natural,44,78,46.6,0.6480013132095337,1.8090342108421158
COHFACE_s39_session2_natural,44,79,46.63333333333333,0.5415908694267273,1.5453398005594643
COHFACE_s39_session2_natural,44,80,46.666666666666664,0.361085444688797,1.1971575115617819
COHFACE_s39_session2_natural,44,81,46.7,0.10254573822021484,0.8074105308610743
COHFACE_s39_session2_natural,44,82,46.733333333333334,-0.18659599125385284,0.4144982276832183
COHFACE_s39_session2_natural,44,83,46.766666666666666,-0.42966654896736145,0.050668447781671636
COHFACE_s39_session2_natural,44,84,46.8,-0.6047113537788391,-0.2596704662231075
COHFACE_s39_session2_natural,44,85,46.833333333333336,-0.7348859310150146,-0.5031110132274784
COHFACE_s39_session2_natural,44,86,46.86666666666667,-0.8334177136421204,-0.679645567698937
COHFACE_s39_session2_natural,44,87,46.9,-0.914526641368866,-0.8008442970142302
COHFACE_s39_session2_natural,44,88,46.93333333333333,-1.0043790340423584,-0.8833055043601054
COHFACE_s39_session2_natural,44,89,46.96666666666667,-1.0813723802566528,-0.9408742900651088
COHFACE_s39_session2_natural,44,90,47.0,-1.153241515159607,-0.9801332193117696
COHFACE_s39_session2_natural,44,91,47.03333333333333,-1.2333256006240845,-1.00105209704047
COHFACE_s39_session2_natural,44,92,47.06666666666667,-1.3112797737121582,-1.0007077713362154
COHFACE_s39_session2_natural,44,93,47.1,-1.357414960861206,-0.9761488810611683
COHFACE_s39_session2_natural,44,94,47.13333333333333,-1.4031338691711426,-0.9244536173920834
COHFACE_s39_session2_natural,44,95,47.166666666666664,-1.4590213298797607,-0.8413247063047891
COHFACE_s39_session2_natural,44,96,47.2,-1.5170546770095825,-0.720866881703857
COHFACE_s39_session2_natural,44,97,47.233333333333334,-1.4758356809616089,-0.5579671407102959
COHFACE_s39_session2_natural,44,98,47.266666666666666,-0.7055330276489258,-0.35238869944446083
COHFACE_s39_session2_natural,44,99,47.3,0.8622633814811707,-0.11212148369960855
COHFACE_s39_session2_natural,44,100,47.333333333333336,1.9715741872787476,0.14621882105316703
COHFACE_s39_session2_natural,44,101,47.36666666666667,2.029447317123413,0.4005756162314958
COHFACE_s39_session2_natural,44,102,47.4,1.6089138984680176,0.6291476945648483
COHFACE_s39_session2_natural,44,103,47.43333333333333,1.2614026069641113,0.8165048217371241
COHFACE_s39_session2_natural,44,104,47.46666666666667,1.059342861175537,0.9578747270783556
COHFACE_s39_session2_natural,44,105,47.5,0.8104273080825806,1.059613104028421
COHFACE_s39_session2_natural,44,106,47.53333333333333,0.5493574738502502,1.1345053691833478
COHFACE_s39_session2_natural,44,107,47.56666666666667,0.40664416551589966,1.1927052207048723
COHFACE_s39_session2_natural,44,108,47.6,0.31579896807670593,1.2327022738370974
COHFACE_s39_session2_natural,44,109,47.63333333333333,0.17124411463737488,1.2384921385977437
COHFACE_s39_session2_natural,44,110,47.666666666666664,-0.04173688217997551,1.1862706261352562
COHFACE_s39_session2_natural,44,111,47.7,-0.30027660727500916,1.057621731871665
COHFACE_s39_session2_natural,44,112,47.733333333333334,-0.5563502311706543,0.8506182748607777
COHFACE_s39_session2_natural,44,113,47.766666666666666,-0.7674736380577087,0.5808810392811014
COHFACE_s39_session2_natural,44,114,47.8,-0.9222611784934998,0.272454589039162
COHFACE_s39_session2_natural,44,115,47.833333333333336,-1.0329792499542236,-0.053809240727639616
COHFACE_s39_session2_natural,44,116,47.86666666666667,-1.1179155111312866,-0.38602057352234115
COHFACE_s39_session2_natural,44,117,47.9,-1.1889839172363281,-0.7184635051637714
COHFACE_s39_session2_natural,44,118,47.93333333333333,-1.2486186027526855,-1.044018202241795
COHFACE_s39_session2_natural,44,119,47.96666666666667,-1.3176051378250122,-1.3482296694863654
COHFACE_s39_session2_natural,44,120,48.0,-1.3956074714660645,-1.6089522426598968
COHFACE_s39_session2_natural,44,121,48.03333333333333,-1.470615267753601,-1.800910571042668
COHFACE_s39_session2_natural,44,122,48.06666666666667,-1.5447742938995361,-1.9018506539870357
COHFACE_s39_session2_natural,44,123,48.1,-1.590461015701294,-1.8973089258959759
COHFACE_s39_session2_natural,44,124,48.13333333333333,-1.6314399242401123,-1.7830871487051712
COHFACE_s39_session2_natural,44,125,48.166666666666664,-1.6705611944198608,-1.5659916200955837
COHFACE_s39_session2_natural,44,126,48.2,-1.7025402784347534,-1.263061719706122
COHFACE_s39_session2_natural,44,127,48.233333333333334,-1.6513928174972534,-0.898779886738474
COHFACE_s39_session2_natural,44,128,48.266666666666666,-0.9382908344268799,-0.500320881386023
COHFACE_s39_session2_natural,44,129,48.3,0.5390446782112122,-0.09231394632874085
COHFACE_s39_session2_natural,44,130,48.333333333333336,1.627441644668579,0.30662466467361726
COHFACE_s39_session2_natural,44,131,48.36666666666667,1.7192797660827637,0.6841199103487272
COHFACE_s39_session2_natural,44,132,48.4,1.3108205795288086,1.0315772620472528
COHFACE_s39_session2_natural,44,133,48.43333333333333,0.9335559606552124,1.340975029352088
COHFACE_s39_session2_natural,44,134,48.46666666666667,0.7123279571533203,1.602390397629875
COHFACE_s39_session2_natural,44,135,48.5,0.5053680539131165,1.802713872909836
COHFACE_s39_session2_natural,44,136,48.53333333333333,0.32138770818710327,1.9259173353683015
COHFACE_s39_session2_natural,44,137,48.56666666666667,0.27478811144828796,1.9554539701136262
COHFACE_s39_session2_natural,44,138,48.6,0.25887060165405273,1.878741578024949
COHFACE_s39_session2_natural,44,139,48.63333333333333,0.14717566967010498,1.6924300899879148
COHFACE_s39_session2_natural,44,140,48.666666666666664,-0.06439613550901413,1.4062268606226156
COHFACE_s39_session2_natural,44,141,48.7,-0.3166104853153229,1.04317710922668
COHFACE_s39_session2_natural,44,142,48.733333333333334,-0.5569907426834106,0.6356754624533687
COHFACE_s39_session2_natural,44,143,48.766666666666666,-0.7466559410095215,0.21865241058925455
COHFACE_s39_session2_natural,44,144,48.8,-0.8938690423965454,-0.176851787323257
COHFACE_s39_session2_natural,44,145,48.833333333333336,-0.9954273700714111,-0.526809800390091
COHFACE_s39_session2_natural,44,146,48.86666666666667,-1.0499696731567383,-0.8137846166998213
COHFACE_s39_session2_natural,44,147,48.9,-1.0988112688064575,-1.0253870427226393
COHFACE_s39_session2_natural,44,148,48.93333333333333,-1.1509515047073364,-1.1542663322053583
COHFACE_s39_session2_natural,44,149,48.96666666666667,-1.192715048789978,-1.2002649058972268
COHFACE_s39_session2_natural,44,150,49.0,-1.2411562204360962,-1.1729125523911554
COHFACE_s39_session2_natural,44,151,49.03333333333333,-1.2989013195037842,-1.0913728856633884
COHFACE_s39_session2_natural,44,152,49.06666666666667,-1.3500968217849731,-0.9801723227185889
COHFACE_s39_session2_natural,44,153,49.1,-1.3983938694000244,-0.8618838785925593
COHFACE_s39_session2_natural,44,154,49.13333333333333,-1.4564751386642456,-0.7505283408291377
COHFACE_s39_session2_natural,44,155,49.166666666666664,-1.3312327861785889,-0.6494917391536222
COHFACE_s39_session2_natural,44,156,49.2,-0.4135088324546814,-0.5546238174865524
COHFACE_s39_session2_natural,44,157,49.233333333333334,1.04060697555542,-0.4594454264179511
COHFACE_s39_session2_natural,44,158,49.266666666666666,1.847708821296692,-0.35828375276012786
COHFACE_s39_session2_natural,44,159,49.3,1.7453498840332031,-0.24575793967075404
COHFACE_s39_session2_natural,44,160,49.333333333333336,1.318138837814331,-0.1153691994384127
COHFACE_s39_session2_natural,44,161,49.36666666666667,1.0094444751739502,0.03874379353463709
COHFACE_s39_session2_natural,44,162,49.4,0.8194590210914612,0.21667089168311457
COHFACE_s39_session2_natural,44,163,49.43333333333333,0.5948841571807861,0.408188003488094
COHFACE_s39_session2_natural,44,164,49.46666666666667,0.40736478567123413,0.5923623917022758
COHFACE_s39_session2_natural,44,165,49.5,0.34010761976242065,0.7416600611345112
COHFACE_s39_session2_natural,44,166,49.53333333333333,0.29610222578048706,0.8287868816162551
COHFACE_s39_session2_natural,44,167,49.56666666666667,0.17811395227909088,0.8339040394169377
COHFACE_s39_session2_natural,44,168,49.6,-0.025386985391378403,0.7498696910622497
COHFACE_s39_session2_natural,44,169,49.63333333333333,-0.28642481565475464,0.584060202503173
COHFACE_s39_session2_natural,44,170,49.666666666666664,-0.5345556735992432,0.35712948625773633
COHFACE_s39_session2_natural,44,171,49.7,-0.7244290709495544,0.10006252649402175
COHFACE_s39_session2_natural,44,172,49.733333333333334,-0.8628507256507874,-0.1499970224633796
COHFACE_s39_session2_natural,44,173,49.766666666666666,-0.9577473402023315,-0.35572459138194695
COHFACE_s39_session2_natural,44,174,49.8,-1.0257891416549683,-0.4872777141570783
COHFACE_s39_session2_natural,44,175,49.833333333333336,-1.0720524787902832,-0.5294897589323296
COHFACE_s39_session2_natural,44,176,49.86666666666667,-1.1148568391799927,-0.4850350233861075
COHFACE_s39_session2_natural,44,177,49.9,-1.1638104915618896,-0.3712293675745599
COHFACE_s39_session2_natural,44,178,49.93333333333333,-1.2152782678604126,-0.21199794451902282
COHFACE_s39_session2_natural,44,179,49.96666666666667,-1.275953769683838,-0.029831300569701708
COHFACE_s39_session2_natural,44,180,50.0,-1.355493426322937,0.15784395181144087
COHFACE_s39_session2_natural,44,181,50.03333333333333,-1.3728841543197632,0.3371687173851784
COHFACE_s39_session2_natural,44,182,50.06666666666667,-0.8380776643753052,0.4945923763042997
COHFACE_s39_session2_natural,44,183,50.1,0.5438967943191528,0.6159804281521782
COHFACE_s39_session2_natural,44,184,50.13333333333333,1.7645342350006104,0.6887729428479673
COHFACE_s39_session2_natural,44,185,50.166666666666664,2.041553497314453,0.7044427082007487
COHFACE_s39_session2_natural,44,186,50.2,1.7243080139160156,0.6590101340080258
COHFACE_s39_session2_natural,44,187,50.233333333333334,1.383474349975586,0.5522108582995946
COHFACE_s39_session2_natural,44,188,50.266666666666666,1.1846333742141724,0.3874211654632995
COHFACE_s39_session2_natural,44,189,50.3,0.9738622307777405,0.17325111559806083
COHFACE_s39_session2_natural,44,190,50.333333333333336,0.6970509886741638,-0.07488012727926456
COHFACE_s39_session2_natural,44,191,50.36666666666667,0.5141595602035522,-0.33562417463864636
COHFACE_s39_session2_natural,44,192,50.4,0.43042439222335815,-0.5849550550053199
COHFACE_s39_session2_natural,44,193,50.43333333333333,0.3396272361278534,-0.7992903830839987
COHFACE_s39_session2_natural,44,194,50.46666666666667,0.16105946898460388,-0.9569517735091028
COHFACE_s39_session2_natural,44,195,50.5,-0.08625471591949463,-1.0391436514315417
COHFACE_s39_session2_natural,44,196,50.53333333333333,-0.34977465867996216,-1.0326430334642624
COHFACE_s39_session2_natural,44,197,50.56666666666667,-0.5729723572731018,-0.9344153686906649
COHFACE_s39_session2_natural,44,198,50.6,-0.7432130575180054,-0.7550105958355225
COHFACE_s39_session2_natural,44,199,50.63333333333333,-0.8582067489624023,-0.5169011263381301
COHFACE_s39_session2_natural,44,200,50.666666666666664,-0.9388192892074585,-0.24781620157106085
COHFACE_s39_session2_natural,44,201,50.7,-1.0075817108154297,0.0263509381920363
COHFACE_s39_session2_natural,44,202,50.733333333333334,-1.0653908252716064,0.28415749762168896
COHFACE_s39_session2_natural,44,203,50.766666666666666,-1.1242889165878296,0.5059921673067169
COHFACE_s39_session2_natural,44,204,50.8,-1.1840837001800537,0.6706407834440635
COHFACE_s39_session2_natural,44,205,50.833333333333336,-1.2297065258026123,0.7567402880814141
COHFACE_s39_session2_natural,44,206,50.86666666666667,-1.2777312994003296,0.7502929432794787
COHFACE_s39_session2_natural,44,207,50.9,-1.339976191520691,0.6533856483036091
COHFACE_s39_session2_natural,44,208,50.93333333333333,-1.3881611824035645,0.487348194002946
COHFACE_s39_session2_natural,44,209,50.96666666666667,-1.0838065147399902,0.2872025549625515
COHFACE_s39_session2_natural,44,210,51.0,0.13088983297348022,0.09059335868500915
COHFACE_s39_session2_natural,44,211,51.03333333333333,1.6014355421066284,-0.07197114572066723
COHFACE_s39_session2_natural,44,212,51.06666666666667,2.2013533115386963,-0.18100062012782617
COHFACE_s39_session2_natural,44,213,51.1,1.9904541969299316,-0.22666649455711407
COHFACE_s39_session2_natural,44,214,51.13333333333333,1.6174331903457642,-0.20613819794912303
COHFACE_s39_session2_natural,44,215,51.166666666666664,1.3996480703353882,-0.12308951750185552
COHFACE_s39_session2_natural,44,216,51.2,1.2301119565963745,0.010264285523524161
COHFACE_s39_session2_natural,44,217,51.233333333333334,0.955798864364624,0.17130723674020137
COHFACE_s39_session2_natural,44,218,51.266666666666666,0.6992608308792114,0.3286669020361101
COHFACE_s39_session2_natural,44,219,51.3,0.5634014010429382,0.4485395645444166
COHFACE_s39_session2_natural,44,220,51.333333333333336,0.46837663650512695,0.5035510997961644
COHFACE_s39_session2_natural,44,221,51.36666666666667,0.319305956363678,0.4801074866409773
COHFACE_s39_session2_natural,44,222,51.4,0.08356960862874985,0.3811964856460758
COHFACE_s39_session2_natural,44,223,51.43333333333333,-0.183649480342865,0.22421018660439312
COHFACE_s39_session2_natural,44,224,51.46666666666667,-0.4243500530719757,0.035427222911275556
COHFACE_s39_session2_natural,44,225,51.5,-0.605095624923706,-0.1564242678191816
COHFACE_s39_session2_natural,44,226,51.53333333333333,-0.730306088924408,-0.32542430943104916
COHFACE_s39_session2_natural,44,227,51.56666666666667,-0.8236173391342163,-0.45157090745768136
COHFACE_s39_session2_natural,44,228,51.6,-0.9050625562667847,-0.5221029452810366
COHFACE_s39_session2_natural,44,229,51.63333333333333,-0.9793977737426758,-0.531880513064719
COHFACE_s39_session2_natural,44,230,51.666666666666664,-1.0384238958358765,-0.48306073674047834
COHFACE_s39_session2_natural,44,231,51.7,-1.1019818782806396,-0.3840694849130298
COHFACE_s39_session2_natural,44,232,51.733333333333334,-1.1689668893814087,-0.24876035573925417
COHFACE_s39_session2_natural,44,233,51.766666666666666,-1.2296104431152344,-0.09666623131804677
COHFACE_s39_session2_natural,44,234,51.8,-1.2796368598937988,0.046878443398854316
COHFACE_s39_session2_natural,44,235,51.833333333333336,-1.324346899986267,0.15354742109883546
COHFACE_s39_session2_natural,44,236,51.86666666666667,-1.3659822940826416,0.19894756128070218
COHFACE_s39_session2_natural,44,237,51.9,-1.399018406867981,0.17142769277386954
COHFACE_s39_session2_natural,44,238,51.93333333333333,-1.0160049200057983,0.0783589952206992
COHFACE_s39_session2_natural,44,239,51.96666666666667,0.2913301885128021,-0.05393373636759266
COHFACE_s39_session2_natural,45,0,45.0,-0.230377197265625,0.012898716698061736
COHFACE_s39_session2_natural,45,1,45.03333333333333,-0.4615016281604767,-0.07432160981261424
COHFACE_s39_session2_natural,45,2,45.06666666666667,-0.6224063634872437,-0.16327695683472424
COHFACE_s39_session2_natural,45,3,45.1,-0.7270232439041138,-0.25211871037472705
COHFACE_s39_session2_natural,45,4,45.13333333333333,-0.7972269058227539,-0.3368252802839801
COHFACE_s39_session2_natural,45,5,45.166666666666664,-0.8511447310447693,-0.4124732021393383
COHFACE_s39_session2_natural,45,6,45.2,-0.8973280191421509,-0.47511880751774865
COHFACE_s39_session2_natural,45,7,45.233333333333334,-0.9450645446777344,-0.5227823427193847
COHFACE_s39_session2_natural,45,8,45.266666666666666,-1.0049874782562256,-0.5547579908125659
COHFACE_s39_session2_natural,45,9,45.3,-1.0769526958465576,-0.5699574577881856
COHFACE_s39_session2_natural,45,10,45.333333333333336,-1.1630898714065552,-0.5661912294903028
COHFACE_s39_session2_natural,45,11,45.36666666666667,-1.2156145572662354,-0.5418156626356336
COHFACE_s39_session2_natural,45,12,45.4,-0.769827663898468,-0.4988623260931281
COHFACE_s39_session2_natural,45,13,45.43333333333333,0.5986313223838806,-0.4447751741933452
COHFACE_s39_session2_natural,45,14,45.46666666666667,1.916663408279419,-0.39032251044112887
COHFACE_s39_session2_natural,45,15,45.5,2.256456136703491,-0.34381171762121293
COHFACE_s39_session2_natural,45,16,45.53333333333333,1.9154144525527954,-0.3045613769527455
COHFACE_s39_session2_natural,45,17,45.56666666666667,1.5088448524475098,-0.2597528260710337
COHFACE_s39_session2_natural,45,18,45.6,1.2573511600494385,-0.1873775819354577
COHFACE_s39_session2_natural,45,19,45.63333333333333,1.0305184125900269,-0.06484615412462694
COHFACE_s39_session2_natural,45,20,45.666666666666664,0.756701648235321,0.12027639091237868
COHFACE_s39_session2_natural,45,21,45.7,0.6009212732315063,0.3623228146031596
COHFACE_s39_session2_natural,45,22,45.733333333333334,0.5502702593803406,0.6361242940676278
COHFACE_s39_session2_natural,45,23,45.766666666666666,0.4507136344909668,0.9027407477888681
COHFACE_s39_session2_natural,45,24,45.8,0.24417009949684143,1.1194026729135347
COHFACE_s39_session2_natural,45,25,45.833333333333336,-0.019558032974600792,1.2492840077079639
COHFACE_s39_session2_natural,45,26,45.86666666666667,-0.2933267056941986,1.2682305804164224
COHFACE_s39_session2_natural,45,27,45.9,-0.5122807621955872,1.167991573630055
COHFACE_s39_session2_natural,45,28,45.93333333333333,-0.6610792279243469,0.9565229661680689
COHFACE_s39_session2_natural,45,29,45.96666666666667,-0.7603956460952759,0.6557064820560151
COHFACE_s39_session2_natural,45,30,46.0,-0.8457801938056946,0.29669616234328894
COHFACE_s39_session2_natural,45,31,46.03333333333333,-0.9162881374359131,-0.08619139647143358
COHFACE_s39_session2_natural,45,32,46.06666666666667,-0.9786291122436523,-0.4609868924906333
COHFACE_s39_session2_natural,45,33,46.1,-1.0372228622436523,-0.8009060540541212
COHFACE_s39_session2_natural,45,34,46.13333333333333,-1.0880180597305298,-1.0842668826320285
COHFACE_s39_session2_natural,45,35,46.166666666666664,-1.1441937685012817,-1.2930875716474892
COHFACE_s39_session2_natural,45,36,46.2,-1.2079600095748901,-1.4120505108890267
COHFACE_s39_session2_natural,45,37,46.233333333333334,-1.2607088088989258,-1.4286042350039918
COHFACE_s39_session2_natural,45,38,46.266666666666666,-0.890538215637207,-1.334437614229074
COHFACE_s39_session2_natural,45,39,46.3,0.4456052780151367,-1.1282151708752968
COHFACE_s39_session2_natural,45,40,46.333333333333336,1.9149659872055054,-0.8187428855989743
COHFACE_s39_session2_natural,45,41,46.36666666666667,2.408041000366211,-0.4270504065244795
COHFACE_s39_session2_natural,45,42,46.4,2.129676580429077,0.014052711021241143
COHFACE_s39_session2_natural,45,43,46.43333333333333,1.7682173252105713,0.4633734471259846
COHFACE_s39_session2_natural,45,44,46.46666666666667,1.5781837701797485,0.87672644948654
COHFACE_s39_session2_natural,45,45,46.5,1.3871574401855469,1.2128787202935754
COHFACE_s39_session2_natural,45,46,46.53333333333333,1.060976266860962,1.4393658648425922
COHFACE_s39_session2_natural,45,47,46.56666666666667,0.7853660583496094,1.537679419734256
COHFACE_s39_session2_natural,45,48,46.6,0.6480013132095337,1.5060286122563846
COHFACE_s39_session2_natural,45,49,46.63333333333333,0.5415908694267273,1.3577734706327544
COHFACE_s39_session2_natural,45,50,46.666666666666664,0.361085444688797,1.1164558785985335
COHFACE_s39_session2_natural,45,51,46.7,0.10254573822021484,0.8108142078268675
COHFACE_s39_session2_natural,45,52,46.733333333333334,-0.18659599125385284,0.471942338618922
COHFACE_s39_session2_natural,45,53,46.766666666666666,-0.42966654896736145,0.1316180900624698
COHFACE_s39_session2_natural,45,54,46.8,-0.6047113537788391,-0.18065736710297184
COHFACE_s39_session2_natural,45,55,46.833333333333336,-0.7348859310150146,-0.4428820797668853
COHFACE_s39_session2_natural,45,56,46.86666666666667,-0.8334177136421204,-0.6458315789128881
COHFACE_s39_session2_natural,45,57,46.9,-0.914526641368866,-0.7944667776054511
COHFACE_s39_session2_natural,45,58,46.93333333333333,-1.0043790340423584,-0.9034057280740777
COHFACE_s39_session2_natural,45,59,46.96666666666667,-1.0813723802566528,-0.9883971881069982
COHFACE_s39_session2_natural,45,60,47.0,-1.153241515159607,-1.0586237329145234
COHFACE_s39_session2_natural,45,61,47.03333333333333,-1.2333256006240845,-1.1138318353402674
COHFACE_s39_session2_natural,45,62,47.06666666666667,-1.3112797737121582,-1.1461121599014013
COHFACE_s39_session2_natural,45,63,47.1,-1.357414960861206,-1.1431502216881826
COHFACE_s39_session2_natural,45,64,47.13333333333333,-1.4031338691711426,-1.0910822865862682
COHFACE_s39_session2_natural,45,65,47.166666666666664,-1.4590213298797607,-0.9776003644496893
COHFACE_s39_session2_natural,45,66,47.2,-1.5170546770095825,-0.7958116461908606
COHFACE_s39_session2_natural,45,67,47.233333333333334,-1.4758356809616089,-0.5478129028812444
COHFACE_s39_session2_natural,45,68,47.266666666666666,-0.7055330276489258,-0.2466111654916769
COHFACE_s39_session2_natural,45,69,47.3,0.8622633814811707,0.08437669186017027
COHFACE_s39_session2_natural,45,70,47.333333333333336,1.9715741872787476,0.41464019983570055
COHFACE_s39_session2_natural,45,71,47.36666666666667,2.029447317123413,0.7125975242689446
COHFACE_s39_session2_natural,45,72,47.4,1.6089138984680176,0.9530276661811936
COHFACE_s39_session2_natural,45,73,47.43333333333333,1.2614026069641113,1.1234562078467372
COHFACE_s39_session2_natural,45,74,47.46666666666667,1.059342861175537,1.2268753281213158
COHFACE_s39_session2_natural,45,75,47.5,0.8104273080825806,1.2791073530840864
COHFACE_s39_session2_natural,45,76,47.53333333333333,0.5493574738502502,1.3008516092475908
COHFACE_s39_session2_natural,45,77,47.56666666666667,0.40664416551589966,1.3068869965335537
COHFACE_s39_session2_natural,45,78,47.6,0.31579896807670593,1.2972913542385998
COHFACE_s39_session2_natural,45,79,47.63333333333333,0.17124411463737488,1.2559258413716636
COHFACE_s39_session2_natural,45,80,47.666666666666664,-0.04173688217997551,1.15839885953021
COHFACE_s39_session2_natural,45,81,47.7,-0.30027660727500916,0.9860820258482107
COHFACE_s39_session2_natural,45,82,47.733333333333334,-0.5563502311706543,0.7377779977513523
COHFACE_s39_session2_natural,45,83,47.766666666666666,-0.7674736380577087,0.43128443815844025
COHFACE_s39_session2_natural,45,84,47.8,-0.9222611784934998,0.09452556767482731
COHFACE_s39_session2_natural,45,85,47.833333333333336,-1.0329792499542236,-0.24654945123034216
COHFACE_s39_session2_natural,45,86,47.86666666666667,-1.1179155111312866,-0.5752638161995178
COHFACE_s39_session2_natural,45,87,47.9,-1.1889839172363281,-0.8836338718958735
COHFACE_s39_session2_natural,45,88,47.93333333333333,-1.2486186027526855,-1.1665904039789818
COHFACE_s39_session2_natural,45,89,47.96666666666667,-1.3176051378250122,-1.4161569089677963
COHFACE_s39_session2_natural,45,90,48.0,-1.3956074714660645,-1.6189551420464434
COHFACE_s39_session2_natural,45,91,48.03333333333333,-1.470615267753601,-1.7572379329437484
COHFACE_s39_session2_natural,45,92,48.06666666666667,-1.5447742938995361,-1.8122275524183429
COHFACE_s39_session2_natural,45,93,48.1,-1.590461015701294,-1.768647576192271
COHFACE_s39_session2_natural,45,94,48.13333333333333,-1.6314399242401123,-1.6194521881764739
COHFACE_s39_session2_natural,45,95,48.166666666666664,-1.6705611944198608,-1.3696180739828894
COHFACE_s39_session2_natural,45,96,48.2,-1.7025402784347534,-1.0378413348637627
COHFACE_s39_session2_natural,45,97,48.233333333333334,-1.6513928174972534,-0.6551320197169049
COHFACE_s39_session2_natural,45,98,48.266666666666666,-0.9382908344268799,-0.2597163866259315
COHFACE_s39_session2_natural,45,99,48.3,0.5390446782112122,0.11121764149055384
COHFACE_s39_session2_natural,45,100,48.333333333333336,1.627441644668579,0.43063426611518807
COHFACE_s39_session2_natural,45,101,48.36666666666667,1.7192797660827637,0.6881703992519533
COHFACE_s39_session2_natural,45,102,48.4,1.3108205795288086,0.891176969989174
COHFACE_s39_session2_natural,45,103,48.43333333333333,0.9335559606552124,1.059358373927386
COHFACE_s39_session2_natural,45,104,48.46666666666667,0.7123279571533203,1.214459002799351
COHFACE_s39_session2_natural,45,105,48.5,0.5053680539131165,1.3685393595533781
COHFACE_s39_session2_natural,45,106,48.53333333333333,0.32138770818710327,1.5155300513937906
COHFACE_s39_session2_natural,45,107,48.56666666666667,0.27478811144828796,1.630036892333023
COHFACE_s39_session2_natural,45,108,48.6,0.25887060165405273,1.6745769073870318
COHFACE_s39_session2_natural,45,109,48.63333333333333,0.14717566967010498,1.6128156204180422
COHFACE_s39_session2_natural,45,110,48.666666666666664,-0.06439613550901413,1.4237208369668422
COHFACE_s39_session2_natural,45,111,48.7,-0.3166104853153229,1.1109731296444514
COHFACE_s39_session2_natural,45,112,48.733333333333334,-0.5569907426834106,0.7037993287015203
COHFACE_s39_session2_natural,45,113,48.766666666666666,-0.7466559410095215,0.24916527726183454
COHFACE_s39_session2_natural,45,114,48.8,-0.8938690423965454,-0.20065435362043907
COHFACE_s39_session2_natural,45,115,48.833333333333336,-0.9954273700714111,-0.5995185101872075
COHFACE_s39_session2_natural,45,116,48.86666666666667,-1.0499696731567383,-0.9144027271192453
COHFACE_s39_session2_natural,45,117,48.9,-1.0988112688064575,-1.127832889839736
COHFACE_s39_session2_natural,45,118,48.93333333333333,-1.1509515047073364,-1.237300597411497
COHFACE_s39_session2_natural,45,119,48.96666666666667,-1.192715048789978,-1.2528735842788072
COHFACE_s39_session2_natural,45,120,49.0,-1.2411562204360962,-1.1933779776559739
COHFACE_s39_session2_natural,45,121,49.03333333333333,-1.2989013195037842,-1.0813132505601506
COHFACE_s39_session2_natural,45,122,49.06666666666667,-1.3500968217849731,-0.9373726913501725
COHFACE_s39_session2_natural,45,123,49.1,-1.3983938694000244,-0.7763811600203657
COHFACE_s39_session2_natural,45,124,49.13333333333333,-1.4564751386642456,-0.6065264737045581
COHFACE_s39_session2_natural,45,125,49.166666666666664,-1.3312327861785889,-0.4322506308263017
COHFACE_s39_session2_natural,45,126,49.2,-0.4135088324546814,-0.2586373552547804
COHFACE_s39_session2_natural,45,127,49.233333333333334,1.04060697555542,-0.09375433679213314
COHFACE_s39_session2_natural,45,128,49.266666666666666,1.847708821296692,0.05318062902087543
COHFACE_s39_session2_natural,45,129,49.3,1.7453498840332031,0.17663238130297343
COHFACE_s39_session2_natural,45,130,49.333333333333336,1.318138837814331,0.2786540269051513
COHFACE_s39_session2_natural,45,131,49.36666666666667,1.0094444751739502,0.3681824095676635
COHFACE_s39_session2_natural,45,132,49.4,0.8194590210914612,0.45554102463894897
COHFACE_s39_session2_natural,45,133,49.43333333333333,0.5948841571807861,0.5455064071351194
COHFACE_s39_session2_natural,45,134,49.46666666666667,0.40736478567123413,0.632804774253762
COHFACE_s39_session2_natural,45,135,49.5,0.34010761976242065,0.7020324051399254
COHFACE_s39_session2_natural,45,136,49.53333333333333,0.29610222578048706,0.7318339282401439
COHFACE_s39_session2_natural,45,137,49.56666666666667,0.17811395227909088,0.7015179669684762
COHFACE_s39_session2_natural,45,138,49.6,-0.025386985391378403,0.5973984140360886
COHFACE_s39_session2_natural,45,139,49.63333333333333,-0.28642481565475464,0.416753870610334
COHFACE_s39_session2_natural,45,140,49.666666666666664,-0.5345556735992432,0.16927147639505039
COHFACE_s39_session2_natural,45,141,49.7,-0.7244290709495544,-0.122843184561135
COHFACE_s39_session2_natural,45,142,49.733333333333334,-0.8628507256507874,-0.4257001222869529
COHFACE_s39_session2_natural,45,143,49.766666666666666,-0.9577473402023315,-0.6966423619269512
COHFACE_s39_session2_natural,45,144,49.8,-1.0257891416549683,-0.8905572943689253
COHFACE_s39_session2_natural,45,145,49.833333333333336,-1.0720524787902832,-0.9692819494191253
COHFACE_s39_session2_natural,45,146,49.86666666666667,-1.1148568391799927,-0.9115130429186501
COHFACE_s39_session2_natural,45,147,49.9,-1.1638104915618896,-0.7195268218286612
COHFACE_s39_session2_natural,45,148,49.93333333333333,-1.2152782678604126,-0.4201724906679557
COHFACE_s39_session2_natural,45,149,49.96666666666667,-1.275953769683838,-0.06006546014274822
COHFACE_s39_session2_natural,45,150,50.0,-1.355493426322937,0.3031556558296926
COHFACE_s39_session2_natural,45,151,50.03333333333333,-1.3728841543197632,0.6114397782738054
COHFACE_s39_session2_natural,45,152,50.06666666666667,-0.8380776643753052,0.8177678590892143
COHFACE_s39_session2_natural,45,153,50.1,0.5438967943191528,0.8971066919407277
COHFACE_s39_session2_natural,45,154,50.13333333333333,1.7645342350006104,0.8530821952536081
COHFACE_s39_session2_natural,45,155,50.166666666666664,2.041553497314453,0.7158108629557927
COHFACE_s39_session2_natural,45,156,50.2,1.7243080139160156,0.5302833002422683
COHFACE_s39_session2_natural,45,157,50.233333333333334,1.383474349975586,0.3402669760687926
COHFACE_s39_session2_natural,45,158,50.266666666666666,1.1846333742141724,0.1750316812691021
COHFACE_s39_session2_natural,45,159,50.3,0.9738622307777405,0.04385197758247028
COHFACE_s39_session2_natural,45,160,50.333333333333336,0.6970509886741638,-0.06173836529344246
COHFACE_s39_session2_natural,45,161,50.36666666666667,0.5141595602035522,-0.16125638010713514
COHFACE_s39_session2_natural,45,162,50.4,0.43042439222335815,-0.276748193467656
COHFACE_s39_session2_natural,45,163,50.43333333333333,0.3396272361278534,-0.4233838618845135
COHFACE_s39_session2_natural,45,164,50.46666666666667,0.16105946898460388,-0.6008960785000819
COHFACE_s39_session2_natural,45,165,50.5,-0.08625471591949463,-0.7893791235390905
COHFACE_s39_session2_natural,45,166,50.53333333333333,-0.34977465867996216,-0.9526051593528345
COHFACE_s39_session2_natural,45,167,50.56666666666667,-0.5729723572731018,-1.0485087633486505
COHFACE_s39_session2_natural,45,168,50.6,-0.7432130575180054,-1.041846962773611
COHFACE_s39_session2_natural,45,169,50.63333333333333,-0.8582067489624023,-0.9128711677052926
COHFACE_s39_session2_natural,45,170,50.666666666666664,-0.9388192892074585,-0.6601439139470023
COHFACE_s39_session2_natural,45,171,50.7,-1.0075817108154297,-0.3005646835758451
COHFACE_s39_session2_natural,45,172,50.733333333333334,-1.0653908252716064,0.13014273585258826
COHFACE_s39_session2_natural,45,173,50.766666666666666,-1.1242889165878296,0.5772125371852043
COHFACE_s39_session2_natural,45,174,50.8,-1.1840837001800537,0.9714732150990507
COHFACE_s39_session2_natural,45,175,50.833333333333336,-1.2297065258026123,1.2428642966361447
COHFACE_s39_session2_natural,45,176,50.86666666666667,-1.2777312994003296,1.3409651088686139
COHFACE_s39_session2_natural,45,177,50.9,-1.339976191520691,1.2538938798720336
COHFACE_s39_session2_natural,45,178,50.93333333333333,-1.3881611824035645,1.015033840555504
COHFACE_s39_session2_natural,45,179,50.96666666666667,-1.0838065147399902,0.6923576548816587
COHFACE_s39_session2_natural,45,180,51.0,0.13088983297348022,0.3650086842037889
COHFACE_s39_session2_natural,45,181,51.03333333333333,1.6014355421066284,0.09889378136274768
COHFACE_s39_session2_natural,45,182,51.06666666666667,2.2013533115386963,-0.06814503823921852
COHFACE_s39_session2_natural,45,183,51.1,1.9904541969299316,-0.1281960781991353
COHFACE_s39_session2_natural,45,184,51.13333333333333,1.6174331903457642,-0.09602604612605961
COHFACE_s39_session2_natural,45,185,51.166666666666664,1.3996480703353882,0.00039100227219602407
COHFACE_s39_session2_natural,45,186,51.2,1.2301119565963745,0.12668794256238985
COHFACE_s39_session2_natural,45,187,51.233333333333334,0.955798864364624,0.24577804126653646
COHFACE_s39_session2_natural,45,188,51.266666666666666,0.6992608308792114,0.32094847138270205
COHFACE_s39_session2_natural,45,189,51.3,0.5634014010429382,0.3207676881151887
COHFACE_s39_session2_natural,45,190,51.333333333333336,0.46837663650512695,0.22551988544245202
COHFACE_s39_session2_natural,45,191,51.36666666666667,0.319305956363678,0.03264092838969824
COHFACE_s39_session2_natural,45,192,51.4,0.08356960862874985,-0.24106179077340928
COHFACE_s39_session2_natural,45,193,51.43333333333333,-0.183649480342865,-0.5612185585567677
COHFACE_s39_session2_natural,45,194,51.46666666666667,-0.4243500530719757,-0.8819417835522226
COHFACE_s39_session2_natural,45,195,51.5,-0.605095624923706,-1.155618126562534
COHFACE_s39_session2_natural,45,196,51.53333333333333,-0.730306088924408,-1.3441169534491746
COHFACE_s39_session2_natural,45,197,51.56666666666667,-0.8236173391342163,-1.4275521113770293
COHFACE_s39_session2_natural,45,198,51.6,-0.9050625562667847,-1.407268483757581
COHFACE_s39_session2_natural,45,199,51.63333333333333,-0.9793977737426758,-1.3019375735620549
COHFACE_s39_session2_natural,45,200,51.666666666666664,-1.0384238958358765,-1.138243008734783
COHFACE_s39_session2_natural,45,201,51.7,-1.1019818782806396,-0.9399422680178309
COHFACE_s39_session2_natural,45,202,51.733333333333334,-1.1689668893814087,-0.7202950442726765
COHFACE_s39_session2_natural,45,203,51.766666666666666,-1.2296104431152344,-0.48136070273358483
COHFACE_s39_session2_natural,45,204,51.8,-1.2796368598937988,-0.21948119702613714
COHFACE_s39_session2_natural,45,205,51.833333333333336,-1.324346899986267,0.06721316112193984
COHFACE_s39_session2_natural,45,206,51.86666666666667,-1.3659822940826416,0.3733054282306677
COHFACE_s39_session2_natural,45,207,51.9,-1.399018406867981,0.6842074159477809
COHFACE_s39_session2_natural,45,208,51.93333333333333,-1.0160049200057983,0.9775469772496396
COHFACE_s39_session2_natural,45,209,51.96666666666667,0.2913301885128021,1.22694295988948
COHFACE_s39_session2_natural,45,210,52.0,1.706869125366211,1.4075389346167284
COHFACE_s39_session2_natural,45,211,52.03333333333333,2.162616491317749,1.5025462720228129
COHFACE_s39_session2_natural,45,212,52.06666666666667,1.8578294515609741,1.5090175427260022
COHFACE_s39_session2_natural,45,213,52.1,1.4571529626846313,1.4401420084060486
COHFACE_s39_session2_natural,45,214,52.13333333333333,1.224459171295166,1.3218573698668454
COHFACE_s39_session2_natural,45,215,52.166666666666664,1.0314151048660278,1.183748345089551
COHFACE_s39_session2_natural,45,216,52.2,0.7690161466598511,1.047213615271933
COHFACE_s39_session2_natural,45,217,52.233333333333334,0.5833543539047241,0.9162050713452029
COHFACE_s39_session2_natural,45,218,52.266666666666666,0.5187234282493591,0.7758531272533313
COHFACE_s39_session2_natural,45,219,52.3,0.4416659474372864,0.600986187651721
COHFACE_s39_session2_natural,45,220,52.333333333333336,0.26556429266929626,0.37095705238932014
COHFACE_s39_session2_natural,45,221,52.36666666666667,0.011092015542089939,0.08305737793782664
COHFACE_s39_session2_natural,45,222,52.4,-0.2681853175163269,-0.2426161952345295
COHFACE_s39_session2_natural,45,223,52.43333333333333,-0.49069443345069885,-0.5690679085429083
COHFACE_s39_session2_natural,45,224,52.46666666666667,-0.6516311764717102,-0.8551907448597144
COHFACE_s39_session2_natural,45,225,52.5,-0.7734787464141846,-1.0682416333446496
COHFACE_s39_session2_natural,45,226,52.53333333333333,-0.8616816997528076,-1.1904234556831164
COHFACE_s39_session2_natural,45,227,52.56666666666667,-0.9266969561576843,-1.2186548897326333
COHFACE_s39_session2_natural,45,228,52.6,-0.9847142696380615,-1.160631493781478
COHFACE_s39_session2_natural,45,229,52.63333333333333,-1.0464147329330444,-1.0309498338038585
COHFACE_s39_session2_natural,45,230,52.666666666666664,-1.1140081882476807,-0.8484919610920586
COHFACE_s39_session2_natural,45,231,52.7,-1.1853808164596558,-0.6341013584937072
COHFACE_s39_session2_natural,45,232,52.733333333333334,-1.2547197341918945,-0.4084348607285168
COHFACE_s39_session2_natural,45,233,52.766666666666666,-1.3070522546768188,-0.19125408353294004
COHFACE_s39_session2_natural,45,234,52.8,-1.3507853746414185,-0.0023195481866439167
COHFACE_s39_session2_natural,45,235,52.833333333333336,-1.3927249908447266,0.13823393740172144
COHFACE_s39_session2_natural,45,236,52.86666666666667,-1.4328230619430542,0.21271290084380623
COHFACE_s39_session2_natural,45,237,52.9,-1.2251585721969604,0.21223394014074037
COHFACE_s39_session2_natural,45,238,52.93333333333333,-0.15480896830558777,0.1432321629011488
COHFACE_s39_session2_natural,45,239,52.96666666666667,1.3201404809951782,0.029073642057672225
COHFACE_s39_session2_natural,46,0,46.0,-0.8457801938056946,-0.08403450477762425
COHFACE_s39_session2_natural,46,1,46.03333333333333,-0.9162881374359131,-0.4201804595134648
COHFACE_s39_session2_natural,46,2,46.06666666666667,-0.9786291122436523,-0.7314706970529935
COHFACE_s39_session2_natural,46,3,46.1,-1.0372228622436523,-0.997181425273829
COHFACE_s39_session2_natural,46,4,46.13333333333333,-1.0880180597305298,-1.199310036738102
COHFACE_s39_session2_natural,46,5,46.166666666666664,-1.1441937685012817,-1.323799562150767
COHFACE_s39_session2_natural,46,6,46.2,-1.2079600095748901,-1.3607776408329406
COHFACE_s39_session2_natural,46,7,46.233333333333334,-1.2607088088989258,-1.3043628139740269
COHFACE_s39_session2_natural,46,8,46.266666666666666,-0.890538215637207,-1.1534109806501807
COHFACE_s39_session2_natural,46,9,46.3,0.4456052780151367,-0.913936064840459
COHFACE_s39_session2_natural,46,10,46.333333333333336,1.9149659872055054,-0.6020609570121588
COHFACE_s39_session2_natural,46,11,46.36666666666667,2.408041000366211,-0.24495342566239467
COHFACE_s39_session2_natural,46,12,46.4,2.129676580429077,0.12219089262072161
COHFACE_s39_session2_natural,46,13,46.43333333333333,1.7682173252105713,0.46272848477979117
COHFACE_s39_session2_natural,46,14,46.46666666666667,1.5781837701797485,0.7459235310258822
COHFACE_s39_session2_natural,46,15,46.5,1.3871574401855469,0.9518428171924183
COHFACE_s39_session2_natural,46,16,46.53333333333333,1.060976266860962,1.072526338279627
COHFACE_s39_session2_natural,46,17,46.56666666666667,0.7853660583496094,1.1101832255034216
COHFACE_s39_session2_natural,46,18,46.6,0.6480013132095337,1.0733606992977747
COHFACE_s39_session2_natural,46,19,46.63333333333333,0.5415908694267273,0.9721745880506504
COHFACE_s39_session2_natural,46,20,46.666666666666664,0.361085444688797,0.8151512626412947
COHFACE_s39_session2_natural,46,21,46.7,0.10254573822021484,0.6102276184615848
COHFACE_s39_session2_natural,46,22,46.733333333333334,-0.18659599125385284,0.369009397505605
COHFACE_s39_session2_natural,46,23,46.766666666666666,-0.42966654896736145,0.1100310096398173
COHFACE_s39_session2_natural,46,24,46.8,-0.6047113537788391,-0.14256416045283277
COHFACE_s39_session2_natural,46,25,46.833333333333336,-0.7348859310150146,-0.3647705523903352
COHFACE_s39_session2_natural,46,26,46.86666666666667,-0.8334177136421204,-0.5393889773640697
COHFACE_s39_session2_natural,46,27,46.9,-0.914526641368866,-0.6596084829428065
COHFACE_s39_session2_natural,46,28,46.93333333333333,-1.0043790340423584,-0.728063014387951
COHFACE_s39_session2_natural,46,29,46.96666666666667,-1.0813723802566528,-0.7531471594685771
COHFACE_s39_session2_natural,46,30,47.0,-1.153241515159607,-0.7455553606903234
COHFACE_s39_session2_natural,46,31,47.03333333333333,-1.2333256006240845,-0.7166147376379004
COHFACE_s39_session2_natural,46,32,47.06666666666667,-1.3112797737121582,-0.6774726196726125
COHFACE_s39_session2_natural,46,33,47.1,-1.357414960861206,-0.6370774010999457
COHFACE_s39_session2_natural,46,34,47.13333333333333,-1.4031338691711426,-0.5984297043976138
COHFACE_s39_session2_natural,46,35,47.166666666666664,-1.4590213298797607,-0.5550627962461158
COHFACE_s39_session2_natural,46,36,47.2,-1.5170546770095825,-0.4906683569913383
COHFACE_s39_session2_natural,46,37,47.233333333333334,-1.4758356809616089,-0.383536349501036
COHFACE_s39_session2_natural,46,38,47.266666666666666,-0.7055330276489258,-0.21491087136898496
COHFACE_s39_session2_natural,46,39,47.3,0.8622633814811707,0.02188610794894829
COHFACE_s39_session2_natural,46,40,47.333333333333336,1.9715741872787476,0.31532925374628995
COHFACE_s39_session2_natural,46,41,47.36666666666667,2.029447317123413,0.6352613253337321
COHFACE_s39_session2_natural,46,42,47.4,1.6089138984680176,0.9388299626556604
COHFACE_s39_session2_natural,46,43,47.43333333333333,1.2614026069641113,1.181258427877202
COHFACE_s39_session2_natural,46,44,47.46666666666667,1.059342861175537,1.3281541686334621
COHFACE_s39_session2_natural,46,45,47.5,0.8104273080825806,1.3650050065571169
COHFACE_s39_session2_natural,46,46,47.53333333333333,0.5493574738502502,1.2997301419766352
COHFACE_s39_session2_natural,46,47,47.56666666666667,0.40664416551589966,1.1568604113735335
COHFACE_s39_session2_natural,46,48,47.6,0.31579896807670593,0.9666593535504677
COHFACE_s39_session2_natural,46,49,47.63333333333333,0.17124411463737488,0.7554023380776452
COHFACE_s39_session2_natural,46,50,47.666666666666664,-0.04173688217997551,0.5411426390850895
COHFACE_s39_session2_natural,46,51,47.7,-0.30027660727500916,0.33457456848989925
COHFACE_s39_session2_natural,46,52,47.733333333333334,-0.5563502311706543,0.14115970680408482
COHFACE_s39_session2_natural,46,53,47.766666666666666,-0.7674736380577087,-0.03884809849865735
COHFACE_s39_session2_natural,46,54,47.8,-0.9222611784934998,-0.21197849318619572
COHFACE_s39_session2_natural,46,55,47.833333333333336,-1.0329792499542236,-0.39107372853145617
COHFACE_s39_session2_natural,46,56,47.86666666666667,-1.1179155111312866,-0.5901432003148196
COHFACE_s39_session2_natural,46,57,47.9,-1.1889839172363281,-0.815902563827152
COHFACE_s39_session2_natural,46,58,47.93333333333333,-1.2486186027526855,-1.0607210915925704
COHFACE_s39_session2_natural,46,59,47.96666666666667,-1.3176051378250122,-1.3016685743457412
COHFACE_s39_session2_natural,46,60,48.0,-1.3956074714660645,-1.5066526679228378
COHFACE_s39_session2_natural,46,61,48.03333333333333,-1.470615267753601,-1.644233982289934
COHFACE_s39_session2_natural,46,62,48.06666666666667,-1.5447742938995361,-1.6920016079844957
COHFACE_s39_session2_natural,46,63,48.1,-1.590461015701294,-1.640272184656516
COHFACE_s39_session2_natural,46,64,48.13333333333333,-1.6314399242401123,-1.4916048033141451
COHFACE_s39_session2_natural,46,65,48.166666666666664,-1.6705611944198608,-1.258733888633064
COHFACE_s39_session2_natural,46,66,48.2,-1.7025402784347534,-0.9622344609260602
COHFACE_s39_session2_natural,46,67,48.233333333333334,-1.6513928174972534,-0.6271542096403829
COHFACE_s39_session2_natural,46,68,48.266666666666666,-0.9382908344268799,-0.27801253492269595
COHFACE_s39_session2_natural,46,69,48.3,0.5390446782112122,0.06664415931610082
COHFACE_s39_session2_natural,46,70,48.333333333333336,1.627441644668579,0.39774135664001836
COHFACE_s39_session2_natural,46,71,48.36666666666667,1.7192797660827637,0.7152865546676112
COHFACE_s39_session2_natural,46,72,48.4,1.3108205795288086,1.023943936731848
COHFACE_s39_session2_natural,46,73,48.43333333333333,0.9335559606552124,1.326256481703372
COHFACE_s39_session2_natural,46,74,48.46666666666667,0.7123279571533203,1.6159712992545825
COHFACE_s39_session2_natural,46,75,48.5,0.5053680539131165,1.8738979643422888
COHFACE_s39_session2_natural,46,76,48.53333333333333,0.32138770818710327,2.0683820936937742
COHFACE_s39_session2_natural,46,77,48.56666666666667,0.27478811144828796,2.1613541501880587
COHFACE_s39_session2_natural,46,78,48.6,0.25887060165405273,2.1187578454761504
COHFACE_s39_session2_natural,46,79,48.63333333333333,0.14717566967010498,1.9220208532507363
COHFACE_s39_session2_natural,46,80,48.666666666666664,-0.06439613550901413,1.5764006882744357
COHFACE_s39_session2_natural,46,81,48.7,-0.3166104853153229,1.1128724254780453
COHFACE_s39_session2_natural,46,82,48.733333333333334,-0.5569907426834106,0.5824123268390317
COHFACE_s39_session2_natural,46,83,48.766666666666666,-0.7466559410095215,0.04454318481913951
COHFACE_s39_session2_natural,46,84,48.8,-0.8938690423965454,-0.445382878883879
COHFACE_s39_session2_natural,46,85,48.833333333333336,-0.9954273700714111,-0.8456019171927208
COHFACE_s39_session2_natural,46,86,48.86666666666667,-1.0499696731567383,-1.132418722245008
COHFACE_s39_session2_natural,46,87,48.9,-1.0988112688064575,-1.300959086039968
COHFACE_s39_session2_natural,46,88,48.93333333333333,-1.1509515047073364,-1.3634800314899702
COHFACE_s39_session2_natural,46,89,48.96666666666667,-1.192715048789978,-1.3453118281830376
COHFACE_s39_session2_natural,46,90,49.0,-1.2411562204360962,-1.2784511794744295
COHFACE_s39_session2_natural,46,91,49.03333333333333,-1.2989013195037842,-1.193773138267141
COHFACE_s39_session2_natural,46,92,49.06666666666667,-1.3500968217849731,-1.113586909273586
COHFACE_s39_session2_natural,46,93,49.1,-1.3983938694000244,-1.046610726864491
COHFACE_s39_session2_natural,46,94,49.13333333333333,-1.4564751386642456,-0.9873447579061945
COHFACE_s39_session2_natural,46,95,49.166666666666664,-1.3312327861785889,-0.9205773183374205
COHFACE_s39_session2_natural,46,96,49.2,-0.4135088324546814,-0.8292888020012311
COHFACE_s39_session2_natural,46,97,49.233333333333334,1.04060697555542,-0.7021439208353135
COHFACE_s39_session2_natural,46,98,49.266666666666666,1.847708821296692,-0.536894730844568
COHFACE_s39_session2_natural,46,99,49.3,1.7453498840332031,-0.3386804487105643
COHFACE_s39_session2_natural,46,100,49.333333333333336,1.318138837814331,-0.11581933902028728
COHFACE_s39_session2_natural,46,101,49.36666666666667,1.0094444751739502,0.12294910907364767
COHFACE_s39_session2_natural,46,102,49.4,0.8194590210914612,0.36817131914831447
COHFACE_s39_session2_natural,46,103,49.43333333333333,0.5948841571807861,0.6079153991392883
COHFACE_s39_session2_natural,46,104,49.46666666666667,0.40736478567123413,0.8268410699581428
COHFACE_s39_session2_natural,46,105,49.5,0.34010761976242065,1.007134496446588
COHFACE_s39_session2_natural,46,106,49.53333333333333,0.29610222578048706,1.131020348864018
COHFACE_s39_session2_natural,46,107,49.56666666666667,0.17811395227909088,1.183858923812168
COHFACE_s39_session2_natural,46,108,49.6,-0.025386985391378403,1.1567018845374542
COHFACE_s39_session2_natural,46,109,49.63333333333333,-0.28642481565475464,1.0477763443639276
COHFACE_s39_session2_natural,46,110,49.666666666666664,-0.5345556735992432,0.8633866419272853
COHFACE_s39_session2_natural,46,111,49.7,-0.7244290709495544,0.6188874625093007
COHFACE_s39_session2_natural,46,112,49.733333333333334,-0.8628507256507874,0.33911823817365927
COHFACE_s39_session2_natural,46,113,49.766666666666666,-0.9577473402023315,0.05652377970295039
COHFACE_s39_session2_natural,46,114,49.8,-1.0257891416549683,-0.19419253095333525
COHFACE_s39_session2_natural,46,115,49.833333333333336,-1.0720524787902832,-0.3838172240537453
COHFACE_s39_session2_natural,46,116,49.86666666666667,-1.1148568391799927,-0.495521240177529
COHFACE_s39_session2_natural,46,117,49.9,-1.1638104915618896,-0.5275204783763954
COHFACE_s39_session2_natural,46,118,49.93333333333333,-1.2152782678604126,-0.4906548596805389
COHFACE_s39_session2_natural,46,119,49.96666666666667,-1.275953769683838,-0.40305749704401617
COHFACE_s39_session2_natural,46,120,50.0,-1.355493426322937,-0.28506712613388857
COHFACE_s39_session2_natural,46,121,50.03333333333333,-1.3728841543197632,-0.15614268160184033
COHFACE_s39_session2_natural,46,122,50.06666666666667,-0.8380776643753052,-0.03328202847126726
COHFACE_s39_session2_natural,46,123,50.1,0.5438967943191528,0.07036441736927719
COHFACE_s39_session2_natural,46,124,50.13333333333333,1.7645342350006104,0.14658648129955532
COHFACE_s39_session2_natural,46,125,50.166666666666664,2.041553497314453,0.19161460718096893
COHFACE_s39_session2_natural,46,126,50.2,1.7243080139160156,0.20386038928885974
COHFACE_s39_session2_natural,46,127,50.233333333333334,1.383474349975586,0.18164728696049962
COHFACE_s39_session2_natural,46,128,50.266666666666666,1.1846333742141724,0.12292195184049548
COHFACE_s39_session2_natural,46,129,50.3,0.9738622307777405,0.027275321247218706
COHFACE_s39_session2_natural,46,130,50.333333333333336,0.6970509886741638,-0.10144308439705751
COHFACE_s39_session2_natural,46,131,50.36666666666667,0.5141595602035522,-0.25402047261141136
COHFACE_s39_session2_natural,46,132,50.4,0.43042439222335815,-0.41657575042266387
COHFACE_s39_session2_natural,46,133,50.43333333333333,0.3396272361278534,-0.5717094844755497
COHFACE_s39_session2_natural,46,134,50.46666666666667,0.16105946898460388,-0.699393301113673
COHFACE_s39_session2_natural,46,135,50.5,-0.08625471591949463,-0.7785003011401679
COHFACE_s39_session2_natural,46,136,50.53333333333333,-0.34977465867996216,-0.7901802281607774
COHFACE_s39_session2_natural,46,137,50.56666666666667,-0.5729723572731018,-0.7227140001102608
COHFACE_s39_session2_natural,46,138,50.6,-0.7432130575180054,-0.575360144739389
COHFACE_s39_session2_natural,46,139,50.63333333333333,-0.8582067489624023,-0.35855528717438745
COHFACE_s39_session2_natural,46,140,50.666666666666664,-0.9388192892074585,-0.09061343366320815
COHFACE_s39_session2_natural,46,141,50.7,-1.0075817108154297,0.20597370038948548
COHFACE_s39_session2_natural,46,142,50.733333333333334,-1.0653908252716064,0.5055920978078705
COHFACE_s39_session2_natural,46,143,50.766666666666666,-1.1242889165878296,0.7780755928409748
COHFACE_s39_session2_natural,46,144,50.8,-1.1840837001800537,0.9886823840852661
COHFACE_s39_session2_natural,46,145,50.833333333333336,-1.2297065258026123,1.103719584940292
COHFACE_s39_session2_natural,46,146,50.86666666666667,-1.2777312994003296,1.1015656118106414
COHFACE_s39_session2_natural,46,147,50.9,-1.339976191520691,0.9833182089729366
COHFACE_s39_session2_natural,46,148,50.93333333333333,-1.3881611824035645,0.7757750951612465
COHFACE_s39_session2_natural,46,149,50.96666666666667,-1.0838065147399902,0.5235905019903648
COHFACE_s39_session2_natural,46,150,51.0,0.13088983297348022,0.27463973084368065
COHFACE_s39_session2_natural,46,151,51.03333333333333,1.6014355421066284,0.06675745317636443
COHFACE_s39_session2_natural,46,152,51.06666666666667,2.2013533115386963,-0.07860951858476702
COHFACE_s39_session2_natural,46,153,51.1,1.9904541969299316,-0.156009394989845
COHFACE_s39_session2_natural,46,154,51.13333333333333,1.6174331903457642,-0.17233308066536696
COHFACE_s39_session2_natural,46,155,51.166666666666664,1.3996480703353882,-0.14311633553192543
COHFACE_s39_session2_natural,46,156,51.2,1.2301119565963745,-0.08989328821164758
COHFACE_s39_session2_natural,46,157,51.233333333333334,0.955798864364624,-0.03774210663806004
COHFACE_s39_session2_natural,46,158,51.266666666666666,0.6992608308792114,-0.01171539626216522
COHFACE_s39_session2_natural,46,159,51.3,0.5634014010429382,-0.03197651702646087
COHFACE_s39_session2_natural,46,160,51.333333333333336,0.46837663650512695,-0.10910127542880411
COHFACE_s39_session2_natural,46,161,51.36666666666667,0.319305956363678,-0.24152576073902302
COHFACE_s39_session2_natural,46,162,51.4,0.08356960862874985,-0.4159037687034314
COHFACE_s39_session2_natural,46,163,51.43333333333333,-0.183649480342865,-0.6097192654362728
COHFACE_s39_session2_natural,46,164,51.46666666666667,-0.4243500530719757,-0.7953570298132315
COHFACE_s39_session2_natural,46,165,51.5,-0.605095624923706,-0.9452187846258626
COHFACE_s39_session2_natural,46,166,51.53333333333333,-0.730306088924408,-1.0371857234525472
COHFACE_s39_session2_natural,46,167,51.56666666666667,-0.8236173391342163,-1.0590829614856303
COHFACE_s39_session2_natural,46,168,51.6,-0.9050625562667847,-1.0106546931709561
COHFACE_s39_session2_natural,46,169,51.63333333333333,-0.9793977737426758,-0.9020947451846004
COHFACE_s39_session2_natural,46,170,51.666666666666664,-1.0384238958358765,-0.7492325730941082
COHFACE_s39_session2_natural,46,171,51.7,-1.1019818782806396,-0.5669716782975734
COHFACE_s39_session2_natural,46,172,51.733333333333334,-1.1689668893814087,-0.36394688490255234
COHFACE_s39_session2_natural,46,173,51.766666666666666,-1.2296104431152344,-0.14118780335231484
COHFACE_s39_session2_natural,46,174,51.8,-1.2796368598937988,0.10466769022697268
COHFACE_s39_session2_natural,46,175,51.833333333333336,-1.324346899986267,0.3755334196607589
COHFACE_s39_session2_natural,46,176,51.86666666666667,-1.3659822940826416,0.666115595896768
COHFACE_s39_session2_natural,46,177,51.9,-1.399018406867981,0.960367344382565
COHFACE_s39_session2_natural,46,178,51.93333333333333,-1.0160049200057983,1.2314958739805049
COHFACE_s39_session2_natural,46,179,51.96666666666667,0.2913301885128021,1.4460982636101922
COHFACE_s39_session2_natural,46,180,52.0,1.706869125366211,1.571999406324415
COHFACE_s39_session2_natural,46,181,52.03333333333333,2.162616491317749,1.5879731654095806
COHFACE_s39_session2_natural,46,182,52.06666666666667,1.8578294515609741,1.4920959054507257
COHFACE_s39_session2_natural,46,183,52.1,1.4571529626846313,1.3050138910988345
COHFACE_s39_session2_natural,46,184,52.13333333333333,1.224459171295166,1.065676874134208
COHFACE_s39_session2_natural,46,185,52.166666666666664,1.0314151048660278,0.8197684961036724
COHFACE_s39_session2_natural,46,186,52.2,0.7690161466598511,0.6041708894965067
COHFACE_s39_session2_natural,46,187,52.233333333333334,0.5833543539047241,0.43335393664279287
COHFACE_s39_session2_natural,46,188,52.266666666666666,0.5187234282493591,0.294249449487041
COHFACE_s39_session2_natural,46,189,52.3,0.4416659474372864,0.15319390896440058
COHFACE_s39_session2_natural,46,190,52.333333333333336,0.26556429266929626,-0.02774427827280392
COHFACE_s39_session2_natural,46,191,52.36666666666667,0.011092015542089939,-0.27298612951827345
COHFACE_s39_session2_natural,46,192,52.4,-0.2681853175163269,-0.5823728392847939
COHFACE_s39_session2_natural,46,193,52.43333333333333,-0.49069443345069885,-0.9306935909085848
COHFACE_s39_session2_natural,46,194,52.46666666666667,-0.6516311764717102,-1.276180164882308
COHFACE_s39_session2_natural,46,195,52.5,-0.7734787464141846,-1.5728315336492895
COHFACE_s39_session2_natural,46,196,52.53333333333333,-0.8616816997528076,-1.7814699656957993
COHFACE_s39_session2_natural,46,197,52.56666666666667,-0.9266969561576843,-1.8768008613778628
COHFACE_s39_session2_natural,46,198,52.6,-0.9847142696380615,-1.850175440273106
COHFACE_s39_session2_natural,46,199,52.63333333333333,-1.0464147329330444,-1.7088800629232384
COHFACE_s39_session2_natural,46,200,52.666666666666664,-1.1140081882476807,-1.4726737997095332
COHFACE_s39_session2_natural,46,201,52.7,-1.1853808164596558,-1.1683629279712193
COHFACE_s39_session2_natural,46,202,52.733333333333334,-1.2547197341918945,-0.8242044838811563
COHFACE_s39_session2_natural,46,203,52.766666666666666,-1.3070522546768188,-0.4663780114932073
COHFACE_s39_session2_natural,46,204,52.8,-1.3507853746414185,-0.11828900387399499
COHFACE_s39_session2_natural,46,205,52.833333333333336,-1.3927249908447266,0.19878482204917486
COHFACE_s39_session2_natural,46,206,52.86666666666667,-1.4328230619430542,0.46617670942718104
COHFACE_s39_session2_natural,46,207,52.9,-1.2251585721969604,0.6706897573561801
COHFACE_s39_session2_natural,46,208,52.93333333333333,-0.15480896830558777,0.8084351890146888
COHFACE_s39_session2_natural,46,209,52.96666666666667,1.3201404809951782,0.8866680382391788
COHFACE_s39_session2_natural,46,210,53.0,2.0349879264831543,0.921799692512163
COHFACE_s39_session2_natural,46,211,53.03333333333333,1.8546587228775024,0.934417171361646
COHFACE_s39_session2_natural,46,212,53.06666666666667,1.4130995273590088,0.9438818383266216
COHFACE_s39_session2_natural,46,213,53.1,1.0914181470870972,0.9646316650688013
COHFACE_s39_session2_natural,46,214,53.13333333333333,0.8592208027839661,1.0042148947572245
COHFACE_s39_session2_natural,46,215,53.166666666666664,0.6169829368591309,1.06169445366855
COHFACE_s39_session2_natural,46,216,53.2,0.4746699929237366,1.1260124631090351
COHFACE_s39_session2_natural,46,217,53.233333333333334,0.4502652585506439,1.17587483541605
COHFACE_s39_session2_natural,46,218,53.266666666666666,0.40611574053764343,1.1833515305094777
COHFACE_s39_session2_natural,46,219,53.3,0.2695356607437134,1.1216495602663812
COHFACE_s39_session2_natural,46,220,53.333333333333336,0.03953218460083008,0.974346080632191
COHFACE_s39_session2_natural,46,221,53.36666666666667,-0.22256255149841309,0.7415609251711122
COHFACE_s39_session2_natural,46,222,53.4,-0.4506444036960602,0.44008245686757247
COHFACE_s39_session2_natural,46,223,53.43333333333333,-0.6300768852233887,0.09812009960568091
COHFACE_s39_session2_natural,46,224,53.46666666666667,-0.7575772404670715,-0.25169028782729375
COHFACE_s39_session2_natural,46,225,53.5,-0.8433781266212463,-0.5773952583757088
COHFACE_s39_session2_natural,46,226,53.53333333333333,-0.8950700759887695,-0.850203211907873
COHFACE_s39_session2_natural,46,227,53.56666666666667,-0.9386110901832581,-1.046233316468144
COHFACE_s39_session2_natural,46,228,53.6,-0.9837054014205933,-1.1491657730151035
COHFACE_s39_session2_natural,46,229,53.63333333333333,-1.0319864749908447,-1.153405025963221
COHFACE_s39_session2_natural,46,230,53.666666666666664,-1.0808600187301636,-1.0660879941084116
COHFACE_s39_session2_natural,46,231,53.7,-1.1370036602020264,-0.9065580365955989
COHFACE_s39_session2_natural,46,232,53.733333333333334,-1.189047932624817,-0.703204717183607
COHFACE_s39_session2_natural,46,233,53.766666666666666,-1.2409640550613403,-0.4886937150727937
COHFACE_s39_session2_natural,46,234,53.8,-1.3022640943527222,-0.29478887917742536
COHFACE_s39_session2_natural,46,235,53.833333333333336,-1.2654168605804443,-0.1475126990856319
COHFACE_s39_session2_natural,46,236,53.86666666666667,-0.5780166387557983,-0.06303942733356586
COHFACE_s39_session2_natural,46,237,53.9,0.8609662652015686,-0.044794032041770696
COHFACE_s39_session2_natural,46,238,53.93333333333333,1.9217077493667603,-0.08255513695311101
COHFACE_s39_session2_natural,46,239,53.96666666666667,1.9870753288269043,-0.1543618920997042
COHFACE_s39_session2_natural,47,0,47.0,-1.153241515159607,-0.1817254342119095
COHFACE_s39_session2_natural,47,1,47.03333333333333,-1.2333256006240845,-0.4551117666381734
COHFACE_s39_session2_natural,47,2,47.06666666666667,-1.3112797737121582,-0.6771330920074582
COHFACE_s39_session2_natural,47,3,47.1,-1.357414960861206,-0.8146346294154336
COHFACE_s39_session2_natural,47,4,47.13333333333333,-1.4031338691711426,-0.8529083323649211
COHFACE_s39_session2_natural,47,5,47.166666666666664,-1.4590213298797607,-0.7956785002123329
COHFACE_s39_session2_natural,47,6,47.2,-1.5170546770095825,-0.6592601660284346
COHFACE_s39_session2_natural,47,7,47.233333333333334,-1.4758356809616089,-0.46546518906774625
COHFACE_s39_session2_natural,47,8,47.266666666666666,-0.7055330276489258,-0.23700660498399276
COHFACE_s39_session2_natural,47,9,47.3,0.8622633814811707,0.004094397280577956
COHFACE_s39_session2_natural,47,10,47.333333333333336,1.9715741872787476,0.23672441306778708
COHFACE_s39_session2_natural,47,11,47.36666666666667,2.029447317123413,0.44132573315111157
COHFACE_s39_session2_natural,47,12,47.4,1.6089138984680176,0.6018881898787216
COHFACE_s39_session2_natural,47,13,47.43333333333333,1.2614026069641113,0.7090761634208036
COHFACE_s39_session2_natural,47,14,47.46666666666667,1.059342861175537,0.7633671011768999
COHFACE_s39_session2_natural,47,15,47.5,0.8104273080825806,0.776205209057114
COHFACE_s39_session2_natural,47,16,47.53333333333333,0.5493574738502502,0.7667231869484703
COHFACE_s39_session2_natural,47,17,47.56666666666667,0.40664416551589966,0.7533178538788805
COHFACE_s39_session2_natural,47,18,47.6,0.31579896807670593,0.7435235403054269
COHFACE_s39_session2_natural,47,19,47.63333333333333,0.17124411463737488,0.7285989222394369
COHFACE_s39_session2_natural,47,20,47.666666666666664,-0.04173688217997551,0.687468550147948
COHFACE_s39_session2_natural,47,21,47.7,-0.30027660727500916,0.5986467347520524
COHFACE_s39_session2_natural,47,22,47.733333333333334,-0.5563502311706543,0.4525916385738948
COHFACE_s39_session2_natural,47,23,47.766666666666666,-0.7674736380577087,0.2562965063702502
COHFACE_s39_session2_natural,47,24,47.8,-0.9222611784934998,0.02842928589281773
COHFACE_s39_session2_natural,47,25,47.833333333333336,-1.0329792499542236,-0.20967459519281467
COHFACE_s39_session2_natural,47,26,47.86666666666667,-1.1179155111312866,-0.4410235612486923
COHFACE_s39_session2_natural,47,27,47.9,-1.1889839172363281,-0.6555845957749851
COHFACE_s39_session2_natural,47,28,47.93333333333333,-1.2486186027526855,-0.8494971221477116
COHFACE_s39_session2_natural,47,29,47.96666666666667,-1.3176051378250122,-1.0228039757054816
COHFACE_s39_session2_natural,47,30,48.0,-1.3956074714660645,-1.176627059015204
COHFACE_s39_session2_natural,47,31,48.03333333333333,-1.470615267753601,-1.3097920833351204
COHFACE_s39_session2_natural,47,32,48.06666666666667,-1.5447742938995361,-1.415438880393525
COHFACE_s39_session2_natural,47,33,48.1,-1.590461015701294,-1.479239866648543
COHFACE_s39_session2_natural,47,34,48.13333333333333,-1.6314399242401123,-1.4808944466893252
COHFACE_s39_session2_natural,47,35,48.166666666666664,-1.6705611944198608,-1.3991920551773143
COHFACE_s39_session2_natural,47,36,48.2,-1.7025402784347534,-1.2189533416399763
COHFACE_s39_session2_natural,47,37,48.233333333333334,-1.6513928174972534,-0.9370695654531016
COHFACE_s39_session2_natural,47,38,48.266666666666666,-0.9382908344268799,-0.5655121693459704
COHFACE_s39_session2_natural,47,39,48.3,0.5390446782112122,-0.13067327050816785
COHFACE_s39_session2_natural,47,40,48.333333333333336,1.627441644668579,0.3305369490552006
COHFACE_s39_session2_natural,47,41,48.36666666666667,1.7192797660827637,0.7768966154684341
COHFACE_s39_session2_natural,47,42,48.4,1.3108205795288086,1.1700614983523758
COHFACE_s39_session2_natural,47,43,48.43333333333333,0.9335559606552124,1.481014073837294
COHFACE_s39_session2_natural,47,44,48.46666666666667,0.7123279571533203,1.6938890173077936
COHFACE_s39_session2_natural,47,45,48.5,0.5053680539131165,1.8059769590689787
COHFACE_s39_session2_natural,47,46,48.53333333333333,0.32138770818710327,1.8243334722544813
COHFACE_s39_session2_natural,47,47,48.56666666666667,0.27478811144828796,1.7608971011058356
COHFACE_s39_session2_natural,47,48,48.6,0.25887060165405273,1.628271288521898
COHFACE_s39_session2_natural,47,49,48.63333333333333,0.14717566967010498,1.4374886592387894
COHFACE_s39_session2_natural,47,50,48.666666666666664,-0.06439613550901413,1.197890427606914
COHFACE_s39_session2_natural,47,51,48.7,-0.3166104853153229,0.9182451699579746
COHFACE_s39_session2_natural,47,52,48.733333333333334,-0.5569907426834106,0.6078196954056222
COHFACE_s39_session2_natural,47,53,48.766666666666666,-0.7466559410095215,0.2767582081277482
COHFACE_s39_session2_natural,47,54,48.8,-0.8938690423965454,-0.06354280874011228
COHFACE_s39_session2_natural,47,55,48.833333333333336,-0.9954273700714111,-0.39908995198905545
COHFACE_s39_session2_natural,47,56,48.86666666666667,-1.0499696731567383,-0.7115987531398521
COHFACE_s39_session2_natural,47,57,48.9,-1.0988112688064575,-0.9785887254635603
COHFACE_s39_session2_natural,47,58,48.93333333333333,-1.1509515047073364,-1.1767981575607012
COHFACE_s39_session2_natural,47,59,48.96666666666667,-1.192715048789978,-1.288329180966852
COHFACE_s39_session2_natural,47,60,49.0,-1.2411562204360962,-1.3070864852585613
COHFACE_s39_session2_natural,47,61,49.03333333333333,-1.2989013195037842,-1.242499981359596
COHFACE_s39_session2_natural,47,62,49.06666666666667,-1.3500968217849731,-1.1184362652018023
COHFACE_s39_session2_natural,47,63,49.1,-1.3983938694000244,-0.9673020437517303
COHFACE_s39_session2_natural,47,64,49.13333333333333,-1.4564751386642456,-0.8216210577134314
COHFACE_s39_session2_natural,47,65,49.166666666666664,-1.3312327861785889,-0.7061779923131424
COHFACE_s39_session2_natural,47,66,49.2,-0.4135088324546814,-0.632541186014658
COHFACE_s39_session2_natural,47,67,49.233333333333334,1.04060697555542,-0.5960771672228329
COHFACE_s39_session2_natural,47,68,49.266666666666666,1.847708821296692,-0.5753416586798827
COHFACE_s39_session2_natural,47,69,49.3,1.7453498840332031,-0.5349202618486159
COHFACE_s39_session2_natural,47,70,49.333333333333336,1.318138837814331,-0.43370321971963643
COHFACE_s39_session2_natural,47,71,49.36666666666667,1.0094444751739502,-0.23890095837139938
COHFACE_s39_session2_natural,47,72,49.4,0.8194590210914612,0.05833371522826049
COHFACE_s39_session2_natural,47,73,49.43333333333333,0.5948841571807861,0.4331565382024485
COHFACE_s39_session2_natural,47,74,49.46666666666667,0.40736478567123413,0.8292154033987966
COHFACE_s39_session2_natural,47,75,49.5,0.34010761976242065,1.1734117165449132
COHFACE_s39_session2_natural,47,76,49.53333333333333,0.29610222578048706,1.3978450683124783
COHFACE_s39_session2_natural,47,77,49.56666666666667,0.17811395227909088,1.4600671962461877
COHFACE_s39_session2_natural,47,78,49.6,-0.025386985391378403,1.3536394546550476
COHFACE_s39_session2_natural,47,79,49.63333333333333,-0.28642481565475464,1.1058325040962445
COHFACE_s39_session2_natural,47,80,49.666666666666664,-0.5345556735992432,0.7656114917377969
COHFACE_s39_session2_natural,47,81,49.7,-0.7244290709495544,0.388856540759641
COHFACE_s39_session2_natural,47,82,49.733333333333334,-0.8628507256507874,0.026799541885627078
COHFACE_s39_session2_natural,47,83,49.766666666666666,-0.9577473402023315,-0.2801800847004388
COHFACE_s39_session2_natural,47,84,49.8,-1.0257891416549683,-0.5045709671276701
COHFACE_s39_session2_natural,47,85,49.833333333333336,-1.0720524787902832,-0.6317897661641383
COHFACE_s39_session2_natural,47,86,49.86666666666667,-1.1148568391799927,-0.6595651654763975
COHFACE_s39_session2_natural,47,87,49.9,-1.1638104915618896,-0.5966336432252812
COHFACE_s39_session2_natural,47,88,49.93333333333333,-1.2152782678604126,-0.46055185983430685
COHFACE_s39_session2_natural,47,89,49.96666666666667,-1.275953769683838,-0.2750601066421292
COHFACE_s39_session2_natural,47,90,50.0,-1.355493426322937,-0.06773628842479319
COHFACE_s39_session2_natural,47,91,50.03333333333333,-1.3728841543197632,0.13205346263578757
COHFACE_s39_session2_natural,47,92,50.06666666666667,-0.8380776643753052,0.2961295231032882
COHFACE_s39_session2_natural,47,93,50.1,0.5438967943191528,0.4022634818945507
COHFACE_s39_session2_natural,47,94,50.13333333333333,1.7645342350006104,0.439019227004962
COHFACE_s39_session2_natural,47,95,50.166666666666664,2.041553497314453,0.4073498763847421
COHFACE_s39_session2_natural,47,96,50.2,1.7243080139160156,0.31763925833237755
COHFACE_s39_session2_natural,47,97,50.233333333333334,1.383474349975586,0.1844064604606176
COHFACE_s39_session2_natural,47,98,50.266666666666666,1.1846333742141724,0.022357267768324553
COHFACE_s39_session2_natural,47,99,50.3,0.9738622307777405,-0.1543293682795109
COHFACE_s39_session2_natural,47,100,50.333333333333336,0.6970509886741638,-0.33103255681002786
COHFACE_s39_session2_natural,47,101,50.36666666666667,0.5141595602035522,-0.4929633391170759
COHFACE_s39_session2_natural,47,102,50.4,0.43042439222335815,-0.6271669094378687
COHFACE_s39_session2_natural,47,103,50.43333333333333,0.3396272361278534,-0.7239599255352289
COHFACE_s39_session2_natural,47,104,50.46666666666667,0.16105946898460388,-0.776089521477227
COHFACE_s39_session2_natural,47,105,50.5,-0.08625471591949463,-0.7766934485538471
COHFACE_s39_session2_natural,47,106,50.53333333333333,-0.34977465867996216,-0.7188220992707655
COHFACE_s39_session2_natural,47,107,50.56666666666667,-0.5729723572731018,-0.5979350859388106
COHFACE_s39_session2_natural,47,108,50.6,-0.7432130575180054,-0.4153540691085855
COHFACE_s39_session2_natural,47,109,50.63333333333333,-0.8582067489624023,-0.17921435619908876
COHFACE_s39_session2_natural,47,110,50.666666666666664,-0.9388192892074585,0.09760993753120953
COHFACE_s39_session2_natural,47,111,50.7,-1.0075817108154297,0.39928340472031243
COHFACE_s39_session2_natural,47,112,50.733333333333334,-1.0653908252716064,0.7050325990706591
COHFACE_s39_session2_natural,47,113,50.766666666666666,-1.1242889165878296,0.9841670689952379
COHFACE_s39_session2_natural,47,114,50.8,-1.1840837001800537,1.1940436688338019
COHFACE_s39_session2_natural,47,115,50.833333333333336,-1.2297065258026123,1.287426946361757
COHFACE_s39_session2_natural,47,116,50.86666666666667,-1.2777312994003296,1.229186606299069
COHFACE_s39_session2_natural,47,117,50.9,-1.339976191520691,1.014136618890888
COHFACE_s39_session2_natural,47,118,50.93333333333333,-1.3881611824035645,0.6751554169111931
COHFACE_s39_session2_natural,47,119,50.96666666666667,-1.0838065147399902,0.27556730111125083
COHFACE_s39_session2_natural,47,120,51.0,0.13088983297348022,-0.11101376500072838
COHFACE_s39_session2_natural,47,121,51.03333333333333,1.6014355421066284,-0.42304749613285303
COHFACE_s39_session2_natural,47,122,51.06666666666667,2.2013533115386963,-0.6252298089207312
COHFACE_s39_session2_natural,47,123,51.1,1.9904541969299316,-0.7101802725188906
COHFACE_s39_session2_natural,47,124,51.13333333333333,1.6174331903457642,-0.6910017104855796
COHFACE_s39_session2_natural,47,125,51.166666666666664,1.3996480703353882,-0.5918484698028355
COHFACE_s39_session2_natural,47,126,51.2,1.2301119565963745,-0.4414611983422424
COHFACE_s39_session2_natural,47,127,51.233333333333334,0.955798864364624,-0.2700286012987253
COHFACE_s39_session2_natural,47,128,51.266666666666666,0.6992608308792114,-0.10729535520274502
COHFACE_s39_session2_natural,47,129,51.3,0.5634014010429382,0.019780595657808167
COHFACE_s39_session2_natural,47,130,51.333333333333336,0.46837663650512695,0.09003438669952919
COHFACE_s39_session2_natural,47,131,51.36666666666667,0.319305956363678,0.09103281851846509
COHFACE_s39_session2_natural,47,132,51.4,0.08356960862874985,0.021366033767381696
COHFACE_s39_session2_natural,47,133,51.43333333333333,-0.183649480342865,-0.10804007909276223
COHFACE_s39_session2_natural,47,134,51.46666666666667,-0.4243500530719757,-0.2743983342182201
COHFACE_s39_session2_natural,47,135,51.5,-0.605095624923706,-0.44632393230447903
COHFACE_s39_session2_natural,47,136,51.53333333333333,-0.730306088924408,-0.5898319302508257
COHFACE_s39_session2_natural,47,137,51.56666666666667,-0.8236173391342163,-0.6756259003562306
COHFACE_s39_session2_natural,47,138,51.6,-0.9050625562667847,-0.6857003063072533
COHFACE_s39_session2_natural,47,139,51.63333333333333,-0.9793977737426758,-0.6172945762706002
COHFACE_s39_session2_natural,47,140,51.666666666666664,-1.0384238958358765,-0.4824527331056518
COHFACE_s39_session2_natural,47,141,51.7,-1.1019818782806396,-0.30285460534194214
COHFACE_s39_session2_natural,47,142,51.733333333333334,-1.1689668893814087,-0.10233979922964472
COHFACE_s39_session2_natural,47,143,51.766666666666666,-1.2296104431152344,0.09893532918062148
COHFACE_s39_session2_natural,47,144,51.8,-1.2796368598937988,0.28642931426693063
COHFACE_s39_session2_natural,47,145,51.833333333333336,-1.324346899986267,0.44994804357429263
COHFACE_s39_session2_natural,47,146,51.86666666666667,-1.3659822940826416,0.5814580788909942
COHFACE_s39_session2_natural,47,147,51.9,-1.399018406867981,0.6739811753508522
COHFACE_s39_session2_natural,47,148,51.93333333333333,-1.0160049200057983,0.7223965853583382
COHFACE_s39_session2_natural,47,149,51.96666666666667,0.2913301885128021,0.7257621705498898
COHFACE_s39_session2_natural,47,150,52.0,1.706869125366211,0.6899833720762779
COHFACE_s39_session2_natural,47,151,52.03333333333333,2.162616491317749,0.6293411142545731
COHFACE_s39_session2_natural,47,152,52.06666666666667,1.8578294515609741,0.5654683382233484
COHFACE_s39_session2_natural,47,153,52.1,1.4571529626846313,0.5230207324558752
COHFACE_s39_session2_natural,47,154,52.13333333333333,1.224459171295166,0.5225104444884001
COHFACE_s39_session2_natural,47,155,52.166666666666664,1.0314151048660278,0.5719591086929048
COHFACE_s39_session2_natural,47,156,52.2,0.7690161466598511,0.6597589623832205
COHFACE_s39_session2_natural,47,157,52.233333333333334,0.5833543539047241,0.7518588474002857
COHFACE_s39_session2_natural,47,158,52.266666666666666,0.5187234282493591,0.7968221416400713
COHFACE_s39_session2_natural,47,159,52.3,0.4416659474372864,0.740191271275691
COHFACE_s39_session2_natural,47,160,52.333333333333336,0.26556429266929626,0.5442711373564099
COHFACE_s39_session2_natural,47,161,52.36666666666667,0.011092015542089939,0.20479170966376342
COHFACE_s39_session2_natural,47,162,52.4,-0.2681853175163269,-0.2438045512495644
COHFACE_s39_session2_natural,47,163,52.43333333333333,-0.49069443345069885,-0.7372826346683442
COHFACE_s39_session2_natural,47,164,52.46666666666667,-0.6516311764717102,-1.2002873154945406
COHFACE_s39_session2_natural,47,165,52.5,-0.7734787464141846,-1.5660348490527778
COHFACE_s39_session2_natural,47,166,52.53333333333333,-0.8616816997528076,-1.7897541215025174
COHFACE_s39_session2_natural,47,167,52.56666666666667,-0.9266969561576843,-1.8534617037736598
COHFACE_s39_session2_natural,47,168,52.6,-0.9847142696380615,-1.7637889898335344
COHFACE_s39_session2_natural,47,169,52.63333333333333,-1.0464147329330444,-1.5459877621457447
COHFACE_s39_session2_natural,47,170,52.666666666666664,-1.1140081882476807,-1.2363720649694145
COHFACE_s39_session2_natural,47,171,52.7,-1.1853808164596558,-0.8745443888410415
COHFACE_s39_session2_natural,47,172,52.733333333333334,-1.2547197341918945,-0.4971789595536473
COHFACE_s39_session2_natural,47,173,52.766666666666666,-1.3070522546768188,-0.1352361105674541
COHFACE_s39_session2_natural,47,174,52.8,-1.3507853746414185,0.18542804440375033
COHFACE_s39_session2_natural,47,175,52.833333333333336,-1.3927249908447266,0.4426656939707137
COHFACE_s39_session2_natural,47,176,52.86666666666667,-1.4328230619430542,0.6192150680835141
COHFACE_s39_session2_natural,47,177,52.9,-1.2251585721969604,0.7075455412513083
COHFACE_s39_session2_natural,47,178,52.93333333333333,-0.15480896830558777,0.7154121237586868
COHFACE_s39_session2_natural,47,179,52.96666666666667,1.3201404809951782,0.6671552966554647
COHFACE_s39_session2_natural,47,180,53.0,2.0349879264831543,0.598261462105483
COHFACE_s39_session2_natural,47,181,53.03333333333333,1.8546587228775024,0.5452347146872013
COHFACE_s39_session2_natural,47,182,53.06666666666667,1.4130995273590088,0.5354940591008311
COHFACE_s39_session2_natural,47,183,53.1,1.0914181470870972,0.5813172443394601
COHFACE_s39_session2_natural,47,184,53.13333333333333,0.8592208027839661,0.6788404595031385
COHFACE_s39_session2_natural,47,185,53.166666666666664,0.6169829368591309,0.8104615209786903
COHFACE_s39_session2_natural,47,186,53.2,0.4746699929237366,0.9486651648837592
COHFACE_s39_session2_natural,47,187,53.233333333333334,0.4502652585506439,1.0606032598854558
COHFACE_s39_session2_natural,47,188,53.266666666666666,0.40611574053764343,1.1138003657628437
COHFACE_s39_session2_natural,47,189,53.3,0.2695356607437134,1.0828810182532909
COHFACE_s39_session2_natural,47,190,53.333333333333336,0.03953218460083008,0.9555225341023543
COHFACE_s39_session2_natural,47,191,53.36666666666667,-0.22256255149841309,0.7349365582864107
COHFACE_s39_session2_natural,47,192,53.4,-0.4506444036960602,0.43763969019914056
COHFACE_s39_session2_natural,47,193,53.43333333333333,-0.6300768852233887,0.08819107602029386
COHFACE_s39_session2_natural,47,194,53.46666666666667,-0.7575772404670715,-0.2853946538237949
COHFACE_s39_session2_natural,47,195,53.5,-0.8433781266212463,-0.6528804781094085
COHFACE_s39_session2_natural,47,196,53.53333333333333,-0.8950700759887695,-0.9808696797897192
COHFACE_s39_session2_natural,47,197,53.56666666666667,-0.9386110901832581,-1.233661322753443
COHFACE_s39_session2_natural,47,198,53.6,-0.9837054014205933,-1.3784478586798963
COHFACE_s39_session2_natural,47,199,53.63333333333333,-1.0319864749908447,-1.3936708914817748
COHFACE_s39_session2_natural,47,200,53.666666666666664,-1.0808600187301636,-1.2768364611584344
COHFACE_s39_session2_natural,47,201,53.7,-1.1370036602020264,-1.0480434664224034
COHFACE_s39_session2_natural,47,202,53.733333333333334,-1.189047932624817,-0.747331978898734
COHFACE_s39_session2_natural,47,203,53.766666666666666,-1.2409640550613403,-0.42649693823192764
COHFACE_s39_session2_natural,47,204,53.8,-1.3022640943527222,-0.13799738011150597
COHFACE_s39_session2_natural,47,205,53.833333333333336,-1.2654168605804443,0.07568367872019877
COHFACE_s39_session2_natural,47,206,53.86666666666667,-0.5780166387557983,0.18943659892638717
COHFACE_s39_session2_natural,47,207,53.9,0.8609662652015686,0.19816194088533362
COHFACE_s39_session2_natural,47,208,53.93333333333333,1.9217077493667603,0.11458124156589593
COHFACE_s39_session2_natural,47,209,53.96666666666667,1.9870753288269043,-0.03616655896091983
COHFACE_s39_session2_natural,47,210,54.0,1.535843849182129,-0.22204283005450332
COHFACE_s39_session2_natural,47,211,54.03333333333333,1.1053659915924072,-0.40703686648148335
COHFACE_s39_session2_natural,47,212,54.06666666666667,0.8136780858039856,-0.5517001217580736
COHFACE_s39_session2_natural,47,213,54.1,0.5778136253356934,-0.6144388371972157
COHFACE_s39_session2_natural,47,214,54.13333333333333,0.46932142972946167,-0.5569754600956653
COHFACE_s39_session2_natural,47,215,54.166666666666664,0.5007241368293762,-0.3548251008276374
COHFACE_s39_session2_natural,47,216,54.2,0.5176665186882019,-0.009891623456958994
COHFACE_s39_session2_natural,47,217,54.233333333333334,0.4061317443847656,0.4407025786341564
COHFACE_s39_session2_natural,47,218,54.266666666666666,0.19358310103416443,0.9258774101764543
COHFACE_s39_session2_natural,47,219,54.3,-0.06497262418270111,1.3549191813990582
COHFACE_s39_session2_natural,47,220,54.333333333333336,-0.3059614300727844,1.641539167289389
COHFACE_s39_session2_natural,47,221,54.36666666666667,-0.4978044629096985,1.728835915182273
COHFACE_s39_session2_natural,47,222,54.4,-0.6258012652397156,1.6052589482989725
COHFACE_s39_session2_natural,47,223,54.43333333333333,-0.7049885392189026,1.3054754458719446
COHFACE_s39_session2_natural,47,224,54.46666666666667,-0.7575932741165161,0.8966175038899054
COHFACE_s39_session2_natural,47,225,54.5,-0.7893322110176086,0.4565198957340575
COHFACE_s39_session2_natural,47,226,54.53333333333333,-0.8180286288261414,0.05323172157842683
COHFACE_s39_session2_natural,47,227,54.56666666666667,-0.8537870049476624,-0.26726050122214534
COHFACE_s39_session2_natural,47,228,54.6,-0.9031409621238708,-0.48409175743971045
COHFACE_s39_session2_natural,47,229,54.63333333333333,-0.9618628621101379,-0.5989257083131377
COHFACE_s39_session2_natural,47,230,54.666666666666664,-1.0385839939117432,-0.6310369773825575
COHFACE_s39_session2_natural,47,231,54.7,-1.092613935470581,-0.6107202980719482
COHFACE_s39_session2_natural,47,232,54.733333333333334,-0.6589013934135437,-0.5706221320435149
COHFACE_s39_session2_natural,47,233,54.766666666666666,0.6662408113479614,-0.5361091774503481
COHFACE_s39_session2_natural,47,234,54.8,1.9405397176742554,-0.5181283273410742
COHFACE_s39_session2_natural,47,235,54.833333333333336,2.246767997741699,-0.5122708977174091
COHFACE_s39_session2_natural,47,236,54.86666666666667,1.8665728569030762,-0.50464562264798
COHFACE_s39_session2_natural,47,237,54.9,1.4260225296020508,-0.48116597158380114
COHFACE_s39_session2_natural,47,238,54.93333333333333,1.1485066413879395,-0.43522712816627596
COHFACE_s39_session2_natural,47,239,54.96666666666667,0.9177825450897217,-0.3702318573922859
COHFACE_s39_session2_natural,48,0,48.0,-1.3956074714660645,-0.19974889925139275
COHFACE_s39_session2_natural,48,1,48.03333333333333,-1.470615267753601,-0.6878560809498456
COHFACE_s39_session2_natural,48,2,48.06666666666667,-1.5447742938995361,-1.1280032774099416
COHFACE_s39_session2_natural,48,3,48.1,-1.590461015701294,-1.4836552433266914
COHFACE_s39_session2_natural,48,4,48.13333333333333,-1.6314399242401123,-1.7301440304658684
COHFACE_s39_session2_natural,48,5,48.166666666666664,-1.6705611944198608,-1.8603729997806966
COHFACE_s39_session2_natural,48,6,48.2,-1.7025402784347534,-1.8855715091877019
COHFACE_s39_session2_natural,48,7,48.233333333333334,-1.6513928174972534,-1.828280202225198
COHFACE_s39_session2_natural,48,8,48.266666666666666,-0.9382908344268799,-1.7098737565228088
COHFACE_s39_session2_natural,48,9,48.3,0.5390446782112122,-1.5393336703444593
COHFACE_s39_session2_natural,48,10,48.333333333333336,1.627441644668579,-1.3095692138968877
COHFACE_s39_session2_natural,48,11,48.36666666666667,1.7192797660827637,-1.0031905558463754
COHFACE_s39_session2_natural,48,12,48.4,1.3108205795288086,-0.6047363163791424
COHFACE_s39_session2_natural,48,13,48.43333333333333,0.9335559606552124,-0.11378815350098752
COHFACE_s39_session2_natural,48,14,48.46666666666667,0.7123279571533203,0.4459996778640173
COHFACE_s39_session2_natural,48,15,48.5,0.5053680539131165,1.0249069301818037
COHFACE_s39_session2_natural,48,16,48.53333333333333,0.32138770818710327,1.5534586367073637
COHFACE_s39_session2_natural,48,17,48.56666666666667,0.27478811144828796,1.9563638471140303
COHFACE_s39_session2_natural,48,18,48.6,0.25887060165405273,2.170539700710032
COHFACE_s39_session2_natural,48,19,48.63333333333333,0.14717566967010498,2.1615556075938533
COHFACE_s39_session2_natural,48,20,48.666666666666664,-0.06439613550901413,1.933180981139647
COHFACE_s39_session2_natural,48,21,48.7,-0.3166104853153229,1.52695935476422
COHFACE_s39_session2_natural,48,22,48.733333333333334,-0.5569907426834106,1.0116396312214075
COHFACE_s39_session2_natural,48,23,48.766666666666666,-0.7466559410095215,0.4657963556558678
COHFACE_s39_session2_natural,48,24,48.8,-0.8938690423965454,-0.03976850488350192
COHFACE_s39_session2_natural,48,25,48.833333333333336,-0.9954273700714111,-0.4533871481989999
COHFACE_s39_session2_natural,48,26,48.86666666666667,-1.0499696731567383,-0.7458939600829498
COHFACE_s39_session2_natural,48,27,48.9,-1.0988112688064575,-0.9090268473453854
COHFACE_s39_session2_natural,48,28,48.93333333333333,-1.1509515047073364,-0.9523804591393715
COHFACE_s39_session2_natural,48,29,48.96666666666667,-1.192715048789978,-0.9000132625046577
COHFACE_s39_session2_natural,48,30,49.0,-1.2411562204360962,-0.7859923221793408
COHFACE_s39_session2_natural,48,31,49.03333333333333,-1.2989013195037842,-0.6481202260893225
COHFACE_s39_session2_natural,48,32,49.06666666666667,-1.3500968217849731,-0.5202834562603977
COHFACE_s39_session2_natural,48,33,49.1,-1.3983938694000244,-0.42535247822802474
COHFACE_s39_session2_natural,48,34,49.13333333333333,-1.4564751386642456,-0.37126521094634873
COHFACE_s39_session2_natural,48,35,49.166666666666664,-1.3312327861785889,-0.3519021584682022
COHFACE_s39_session2_natural,48,36,49.2,-0.4135088324546814,-0.3518270445194769
COHFACE_s39_session2_natural,48,37,49.233333333333334,1.04060697555542,-0.35186479489759853
COHFACE_s39_session2_natural,48,38,49.266666666666666,1.847708821296692,-0.33271031779614896
COHFACE_s39_session2_natural,48,39,49.3,1.7453498840332031,-0.2763425390681239
COHFACE_s39_session2_natural,48,40,49.333333333333336,1.318138837814331,-0.16794135950093864
COHFACE_s39_session2_natural,48,41,49.36666666666667,1.0094444751739502,-0.0008342581813608188
COHFACE_s39_session2_natural,48,42,49.4,0.8194590210914612,0.2170928488457859
COHFACE_s39_session2_natural,48,43,49.43333333333333,0.5948841571807861,0.4603424828060395
COHFACE_s39_session2_natural,48,44,49.46666666666667,0.40736478567123413,0.689264214286409
COHFACE_s39_session2_natural,48,45,49.5,0.34010761976242065,0.8591566224971386
COHFACE_s39_session2_natural,48,46,49.53333333333333,0.29610222578048706,0.9318741685585614
COHFACE_s39_session2_natural,48,47,49.56666666666667,0.17811395227909088,0.8862454993795255
COHFACE_s39_session2_natural,48,48,49.6,-0.025386985391378403,0.723603756610344
COHFACE_s39_session2_natural,48,49,49.63333333333333,-0.28642481565475464,0.4663992380664362
COHFACE_s39_session2_natural,48,50,49.666666666666664,-0.5345556735992432,0.15159017224642485
COHFACE_s39_session2_natural,48,51,49.7,-0.7244290709495544,-0.17691322326441455
COHFACE_s39_session2_natural,48,52,49.733333333333334,-0.8628507256507874,-0.47374976848639394
COHFACE_s39_session2_natural,48,53,49.766666666666666,-0.9577473402023315,-0.695950979616628
COHFACE_s39_session2_natural,48,54,49.8,-1.0257891416549683,-0.8076286501580541
COHFACE_s39_session2_natural,48,55,49.833333333333336,-1.0720524787902832,-0.7871054154986729
COHFACE_s39_session2_natural,48,56,49.86666666666667,-1.1148568391799927,-0.6348873507954708
COHFACE_s39_session2_natural,48,57,49.9,-1.1638104915618896,-0.37825113073554073
COHFACE_s39_session2_natural,48,58,49.93333333333333,-1.2152782678604126,-0.06865203888404763
COHFACE_s39_session2_natural,48,59,49.96666666666667,-1.275953769683838,0.22865648812324732
COHFACE_s39_session2_natural,48,60,50.0,-1.355493426322937,0.44974064910847716
COHFACE_s39_session2_natural,48,61,50.03333333333333,-1.3728841543197632,0.5473201917766397
COHFACE_s39_session2_natural,48,62,50.06666666666667,-0.8380776643753052,0.5030823717970553
COHFACE_s39_session2_natural,48,63,50.1,0.5438967943191528,0.3346219700474419
COHFACE_s39_session2_natural,48,64,50.13333333333333,1.7645342350006104,0.09342710932553935
COHFACE_s39_session2_natural,48,65,50.166666666666664,2.041553497314453,-0.1488271558680139
COHFACE_s39_session2_natural,48,66,50.2,1.7243080139160156,-0.3225894315500849
COHFACE_s39_session2_natural,48,67,50.233333333333334,1.383474349975586,-0.38249969542688905
COHFACE_s39_session2_natural,48,68,50.266666666666666,1.1846333742141724,-0.3204942584993468
COHFACE_s39_session2_natural,48,69,50.3,0.9738622307777405,-0.1661997055572473
COHFACE_s39_session2_natural,48,70,50.333333333333336,0.6970509886741638,0.02368877202534598
COHFACE_s39_session2_natural,48,71,50.36666666666667,0.5141595602035522,0.1823821614542384
COHFACE_s39_session2_natural,48,72,50.4,0.43042439222335815,0.2516659919830886
COHFACE_s39_session2_natural,48,73,50.43333333333333,0.3396272361278534,0.19862145711103882
COHFACE_s39_session2_natural,48,74,50.46666666666667,0.16105946898460388,0.026870195091915215
COHFACE_s39_session2_natural,48,75,50.5,-0.08625471591949463,-0.22153946625658957
COHFACE_s39_session2_natural,48,76,50.53333333333333,-0.34977465867996216,-0.4763802699090328
COHFACE_s39_session2_natural,48,77,50.56666666666667,-0.5729723572731018,-0.6600696700188512
COHFACE_s39_session2_natural,48,78,50.6,-0.7432130575180054,-0.7112290199592324
COHFACE_s39_session2_natural,48,79,50.63333333333333,-0.8582067489624023,-0.6008489538085771
COHFACE_s39_session2_natural,48,80,50.666666666666664,-0.9388192892074585,-0.3362085687155471
COHFACE_s39_session2_natural,48,81,50.7,-1.0075817108154297,0.044484474072149165
COHFACE_s39_session2_natural,48,82,50.733333333333334,-1.0653908252716064,0.48044895410570876
COHFACE_s39_session2_natural,48,83,50.766666666666666,-1.1242889165878296,0.8962901851309525
COHFACE_s39_session2_natural,48,84,50.8,-1.1840837001800537,1.2117693515561818
COHFACE_s39_session2_natural,48,85,50.833333333333336,-1.2297065258026123,1.3573682076118279
COHFACE_s39_session2_natural,48,86,50.86666666666667,-1.2777312994003296,1.2943779682734005
COHFACE_s39_session2_natural,48,87,50.9,-1.339976191520691,1.0309478812705088
COHFACE_s39_session2_natural,48,88,50.93333333333333,-1.3881611824035645,0.6236266323814716
COHFACE_s39_session2_natural,48,89,50.96666666666667,-1.0838065147399902,0.16037755546373494
COHFACE_s39_session2_natural,48,90,51.0,0.13088983297348022,-0.26763507193433667
COHFACE_s39_session2_natural,48,91,51.03333333333333,1.6014355421066284,-0.5913966840841414
COHFACE_s39_session2_natural,48,92,51.06666666666667,2.2013533115386963,-0.776295202325275
COHFACE_s39_session2_natural,48,93,51.1,1.9904541969299316,-0.8204786991241222
COHFACE_s39_session2_natural,48,94,51.13333333333333,1.6174331903457642,-0.7451383360606678
COHFACE_s39_session2_natural,48,95,51.166666666666664,1.3996480703353882,-0.5836167019212865
COHFACE_s39_session2_natural,48,96,51.2,1.2301119565963745,-0.3734317124361817
COHFACE_s39_session2_natural,48,97,51.233333333333334,0.955798864364624,-0.15158454361884185
COHFACE_s39_session2_natural,48,98,51.266666666666666,0.6992608308792114,0.04852621643205625
COHFACE_s39_session2_natural,48,99,51.3,0.5634014010429382,0.1998365559538094
COHFACE_s39_session2_natural,48,100,51.333333333333336,0.46837663650512695,0.2835221470699434
COHFACE_s39_session2_natural,48,101,51.36666666666667,0.319305956363678,0.28911231185276537
COHFACE_s39_session2_natural,48,102,51.4,0.08356960862874985,0.21362760856156318
COHFACE_s39_session2_natural,48,103,51.43333333333333,-0.183649480342865,0.06194597688335799
COHFACE_s39_session2_natural,48,104,51.46666666666667,-0.4243500530719757,-0.1508771949554127
COHFACE_s39_session2_natural,48,105,51.5,-0.605095624923706,-0.39743997512666174
COHFACE_s39_session2_natural,48,106,51.53333333333333,-0.730306088924408,-0.6393054240016195
COHFACE_s39_session2_natural,48,107,51.56666666666667,-0.8236173391342163,-0.83353173472851
COHFACE_s39_session2_natural,48,108,51.6,-0.9050625562667847,-0.9427110015376631
COHFACE_s39_session2_natural,48,109,51.63333333333333,-0.9793977737426758,-0.9442129119652356
COHFACE_s39_session2_natural,48,110,51.666666666666664,-1.0384238958358765,-0.834735702387159
COHFACE_s39_session2_natural,48,111,51.7,-1.1019818782806396,-0.6291398451171756
COHFACE_s39_session2_natural,48,112,51.733333333333334,-1.1689668893814087,-0.3556365744044706
COHFACE_s39_session2_natural,48,113,51.766666666666666,-1.2296104431152344,-0.05036990122500034
COHFACE_s39_session2_natural,48,114,51.8,-1.2796368598937988,0.24730404794647262
COHFACE_s39_session2_natural,48,115,51.833333333333336,-1.324346899986267,0.4995855570576787
COHFACE_s39_session2_natural,48,116,51.86666666666667,-1.3659822940826416,0.6758015931177649
COHFACE_s39_session2_natural,48,117,51.9,-1.399018406867981,0.7581121617986528
COHFACE_s39_session2_natural,48,118,51.93333333333333,-1.0160049200057983,0.7456690702894847
COHFACE_s39_session2_natural,48,119,51.96666666666667,0.2913301885128021,0.655728286378793
COHFACE_s39_session2_natural,48,120,52.0,1.706869125366211,0.5212937028231511
COHFACE_s39_session2_natural,48,121,52.03333333333333,2.162616491317749,0.3857875174507628
COHFACE_s39_session2_natural,48,122,52.06666666666667,1.8578294515609741,0.29533165540966105
COHFACE_s39_session2_natural,48,123,52.1,1.4571529626846313,0.2891326913478582
COHFACE_s39_session2_natural,48,124,52.13333333333333,1.224459171295166,0.3890190204185085
COHFACE_s39_session2_natural,48,125,52.166666666666664,1.0314151048660278,0.5901888816768961
COHFACE_s39_session2_natural,48,126,52.2,0.7690161466598511,0.8560757971436039
COHFACE_s39_session2_natural,48,127,52.233333333333334,0.5833543539047241,1.120675139444354
COHFACE_s39_session2_natural,48,128,52.266666666666666,0.5187234282493591,1.3010415561973439
COHFACE_s39_session2_natural,48,129,52.3,0.4416659474372864,1.3193869185711773
COHFACE_s39_session2_natural,48,130,52.333333333333336,0.26556429266929626,1.1284978400356405
COHFACE_s39_session2_natural,48,131,52.36666666666667,0.011092015542089939,0.7300952082803005
COHFACE_s39_session2_natural,48,132,52.4,-0.2681853175163269,0.17727192526257918
COHFACE_s39_session2_natural,48,133,52.43333333333333,-0.49069443345069885,-0.4408336426715092
COHFACE_s39_session2_natural,48,134,52.46666666666667,-0.6516311764717102,-1.0252336970287435
COHFACE_s39_session2_natural,48,135,52.5,-0.7734787464141846,-1.4925327285009464
COHFACE_s39_session2_natural,48,136,52.53333333333333,-0.8616816997528076,-1.7904870525847267
COHFACE_s39_session2_natural,48,137,52.56666666666667,-0.9266969561576843,-1.9014266117999596
COHFACE_s39_session2_natural,48,138,52.6,-0.9847142696380615,-1.8371961527246035
COHFACE_s39_session2_natural,48,139,52.63333333333333,-1.0464147329330444,-1.6308018573708334
COHFACE_s39_session2_natural,48,140,52.666666666666664,-1.1140081882476807,-1.3273855922160238
COHFACE_s39_session2_natural,48,141,52.7,-1.1853808164596558,-0.9747965420145461
COHFACE_s39_session2_natural,48,142,52.733333333333334,-1.2547197341918945,-0.614995992939965
COHFACE_s39_session2_natural,48,143,52.766666666666666,-1.3070522546768188,-0.27913921219506693
COHFACE_s39_session2_natural,48,144,52.8,-1.3507853746414185,0.012112086214533283
COHFACE_s39_session2_natural,48,145,52.833333333333336,-1.3927249908447266,0.24476907674507664
COHFACE_s39_session2_natural,48,146,52.86666666666667,-1.4328230619430542,0.4081373056677489
COHFACE_s39_session2_natural,48,147,52.9,-1.2251585721969604,0.4951015134308548
COHFACE_s39_session2_natural,48,148,52.93333333333333,-0.15480896830558777,0.5059311475239436
COHFACE_s39_session2_natural,48,149,52.96666666666667,1.3201404809951782,0.45226545948844754
COHFACE_s39_session2_natural,48,150,53.0,2.0349879264831543,0.3576086630343866
COHFACE_s39_session2_natural,48,151,53.03333333333333,1.8546587228775024,0.25327626497532496
COHFACE_s39_session2_natural,48,152,53.06666666666667,1.4130995273590088,0.17207105727103633
COHFACE_s39_session2_natural,48,153,53.1,1.0914181470870972,0.14278261549452767
COHFACE_s39_session2_natural,48,154,53.13333333333333,0.8592208027839661,0.1859937981577724
COHFACE_s39_session2_natural,48,155,53.166666666666664,0.6169829368591309,0.3094927932523313
COHFACE_s39_session2_natural,48,156,53.2,0.4746699929237366,0.5031679315844805
COHFACE_s39_session2_natural,48,157,53.233333333333334,0.4502652585506439,0.7363944515844919
COHFACE_s39_session2_natural,48,158,53.266666666666666,0.40611574053764343,0.9616649108267251
COHFACE_s39_session2_natural,48,159,53.3,0.2695356607437134,1.1254679366405789
COHFACE_s39_session2_natural,48,160,53.333333333333336,0.03953218460083008,1.1829133598294828
COHFACE_s39_session2_natural,48,161,53.36666666666667,-0.22256255149841309,1.1097581022544512
COHFACE_s39_session2_natural,48,162,53.4,-0.4506444036960602,0.9068064781831611
COHFACE_s39_session2_natural,48,163,53.43333333333333,-0.6300768852233887,0.5964022905630952
COHFACE_s39_session2_natural,48,164,53.46666666666667,-0.7575772404670715,0.21553904951110497
COHFACE_s39_session2_natural,48,165,53.5,-0.8433781266212463,-0.18936184158148514
COHFACE_s39_session2_natural,48,166,53.53333333333333,-0.8950700759887695,-0.5656219422379797
COHFACE_s39_session2_natural,48,167,53.56666666666667,-0.9386110901832581,-0.859287180254532
COHFACE_s39_session2_natural,48,168,53.6,-0.9837054014205933,-1.0245090505447159
COHFACE_s39_session2_natural,48,169,53.63333333333333,-1.0319864749908447,-1.0353509071140425
COHFACE_s39_session2_natural,48,170,53.666666666666664,-1.0808600187301636,-0.8950484056285277
COHFACE_s39_session2_natural,48,171,53.7,-1.1370036602020264,-0.638084495584105
COHFACE_s39_session2_natural,48,172,53.733333333333334,-1.189047932624817,-0.32334640017255245
COHFACE_s39_session2_natural,48,173,53.766666666666666,-1.2409640550613403,-0.020402887436046766
COHFACE_s39_session2_natural,48,174,53.8,-1.3022640943527222,0.20638363007192537
COHFACE_s39_session2_natural,48,175,53.833333333333336,-1.2654168605804443,0.31107152701686264
COHFACE_s39_session2_natural,48,176,53.86666666666667,-0.5780166387557983,0.27408739544448846
COHFACE_s39_session2_natural,48,177,53.9,0.8609662652015686,0.10454682222770881
COHFACE_s39_session2_natural,48,178,53.93333333333333,1.9217077493667603,-0.16288475916030765
COHFACE_s39_session2_natural,48,179,53.96666666666667,1.9870753288269043,-0.4761126274793718
COHFACE_s39_session2_natural,48,180,54.0,1.535843849182129,-0.7765716446450882
COHFACE_s39_session2_natural,48,181,54.03333333333333,1.1053659915924072,-1.0093537346350836
COHFACE_s39_session2_natural,48,182,54.06666666666667,0.8136780858039856,-1.1295668838214166
COHFACE_s39_session2_natural,48,183,54.1,0.5778136253356934,-1.1049446465802035
COHFACE_s39_session2_natural,48,184,54.13333333333333,0.46932142972946167,-0.9178865201598116
COHFACE_s39_session2_natural,48,185,54.166666666666664,0.5007241368293762,-0.5704557461550104
COHFACE_s39_session2_natural,48,186,54.2,0.5176665186882019,-0.09215661106267932
COHFACE_s39_session2_natural,48,187,54.233333333333334,0.4061317443847656,0.4547497677192038
COHFACE_s39_session2_natural,48,188,54.266666666666666,0.19358310103416443,0.9797849530121904
COHFACE_s39_session2_natural,48,189,54.3,-0.06497262418270111,1.3824870721409308
COHFACE_s39_session2_natural,48,190,54.333333333333336,-0.3059614300727844,1.5800215896750955
COHFACE_s39_session2_natural,48,191,54.36666666666667,-0.4978044629096985,1.5330829405915058
COHFACE_s39_session2_natural,48,192,54.4,-0.6258012652397156,1.2589096263848931
COHFACE_s39_session2_natural,48,193,54.43333333333333,-0.7049885392189026,0.8260290911373501
COHFACE_s39_session2_natural,48,194,54.46666666666667,-0.7575932741165161,0.33303152507699885
COHFACE_s39_session2_natural,48,195,54.5,-0.7893322110176086,-0.12004098036635864
COHFACE_s39_session2_natural,48,196,54.53333333333333,-0.8180286288261414,-0.4566246723277536
COHFACE_s39_session2_natural,48,197,54.56666666666667,-0.8537870049476624,-0.6368357275008953
COHFACE_s39_session2_natural,48,198,54.6,-0.9031409621238708,-0.6580910411599751
COHFACE_s39_session2_natural,48,199,54.63333333333333,-0.9618628621101379,-0.5480405821300895
COHFACE_s39_session2_natural,48,200,54.666666666666664,-1.0385839939117432,-0.3547903033344719
COHFACE_s39_session2_natural,48,201,54.7,-1.092613935470581,-0.13616368177899996
COHFACE_s39_session2_natural,48,202,54.733333333333334,-0.6589013934135437,0.05220766727604011
COHFACE_s39_session2_natural,48,203,54.766666666666666,0.6662408113479614,0.16914228702906192
COHFACE_s39_session2_natural,48,204,54.8,1.9405397176742554,0.19708649326265157
COHFACE_s39_session2_natural,48,205,54.833333333333336,2.246767997741699,0.14404161219429185
COHFACE_s39_session2_natural,48,206,54.86666666666667,1.8665728569030762,0.03717911018035842
COHFACE_s39_session2_natural,48,207,54.9,1.4260225296020508,-0.08837319991202834
COHFACE_s39_session2_natural,48,208,54.93333333333333,1.1485066413879395,-0.19990098695132694
COHFACE_s39_session2_natural,48,209,54.96666666666667,0.9177825450897217,-0.27270614138454946
COHFACE_s39_session2_natural,48,210,55.0,0.6963303685188293,-0.29131435652152504
COHFACE_s39_session2_natural,48,211,55.03333333333333,0.6063979268074036,-0.24950262186689875
COHFACE_s39_session2_natural,48,212,55.06666666666667,0.5901281237602234,-0.15116110863230672
COHFACE_s39_session2_natural,48,213,55.1,0.5127663612365723,-0.010985596204821754
COHFACE_s39_session2_natural,48,214,55.13333333333333,0.32990697026252747,0.14724367054859508
COHFACE_s39_session2_natural,48,215,55.166666666666664,0.06579450517892838,0.2955163712497072
COHFACE_s39_session2_natural,48,216,55.2,-0.21337074041366577,0.4076034961734738
COHFACE_s39_session2_natural,48,217,55.233333333333334,-0.43527132272720337,0.46345264850455264
COHFACE_s39_session2_natural,48,218,55.266666666666666,-0.5903951525688171,0.4514479949045772
COHFACE_s39_session2_natural,48,219,55.3,-0.6928662657737732,0.3699676899324562
COHFACE_s39_session2_natural,48,220,55.333333333333336,-0.7610682249069214,0.2284802058850864
COHFACE_s39_session2_natural,48,221,55.36666666666667,-0.8143294453620911,0.04652601461396287
COHFACE_s39_session2_natural,48,222,55.4,-0.8609130382537842,-0.15046452255658121
COHFACE_s39_session2_natural,48,223,55.43333333333333,-0.9142864346504211,-0.3373464134913015
COHFACE_s39_session2_natural,48,224,55.46666666666667,-0.9709425568580627,-0.4947796047526084
COHFACE_s39_session2_natural,48,225,55.5,-1.0321786403656006,-0.6113132763669242
COHFACE_s39_session2_natural,48,226,55.53333333333333,-1.1183478832244873,-0.6804293340557349
COHFACE_s39_session2_natural,48,227,55.56666666666667,-1.01872718334198,-0.6940220440848338
COHFACE_s39_session2_natural,48,228,55.6,-0.08567822724580765,-0.6377106146111736
COHFACE_s39_session2_natural,48,229,55.63333333333333,1.4625015258789062,-0.49375536767627304
COHFACE_s39_session2_natural,48,230,55.666666666666664,2.3994576930999756,-0.2519634296974691
COHFACE_s39_session2_natural,48,231,55.7,2.3695924282073975,0.07749356453389906
COHFACE_s39_session2_natural,48,232,55.733333333333334,1.9620780944824219,0.45722252567405
COHFACE_s39_session2_natural,48,233,55.766666666666666,1.6646093130111694,0.8261779889274192
COHFACE_s39_session2_natural,48,234,55.8,1.4735348224639893,1.112610090985881
COHFACE_s39_session2_natural,48,235,55.833333333333336,1.2006789445877075,1.2515239038629047
COHFACE_s39_session2_natural,48,236,55.86666666666667,0.9274067282676697,1.2014675790752705
COHFACE_s39_session2_natural,48,237,55.9,0.7906345129013062,0.9566755702313487
COHFACE_s39_session2_natural,48,238,55.93333333333333,0.7147940397262573,0.5512251417423208
COHFACE_s39_session2_natural,48,239,55.96666666666667,0.5826978087425232,0.05325457343454598
COHFACE_s39_session2_natural,49,0,49.0,-1.2411562204360962,-0.02089626141853855
COHFACE_s39_session2_natural,49,1,49.03333333333333,-1.2989013195037842,-0.17329319998225656
COHFACE_s39_session2_natural,49,2,49.06666666666667,-1.3500968217849731,-0.3316090621304873
COHFACE_s39_session2_natural,49,3,49.1,-1.3983938694000244,-0.4952887716700562
COHFACE_s39_session2_natural,49,4,49.13333333333333,-1.4564751386642456,-0.6528935062533651
COHFACE_s39_session2_natural,49,5,49.166666666666664,-1.3312327861785889,-0.784549629598888
COHFACE_s39_session2_natural,49,6,49.2,-0.4135088324546814,-0.8684101483841639
COHFACE_s39_session2_natural,49,7,49.233333333333334,1.04060697555542,-0.8872474649453722
COHFACE_s39_session2_natural,49,8,49.266666666666666,1.847708821296692,-0.8320955648420426
COHFACE_s39_session2_natural,49,9,49.3,1.7453498840332031,-0.7026119374954477
COHFACE_s39_session2_natural,49,10,49.333333333333336,1.318138837814331,-0.506185390350732
COHFACE_s39_session2_natural,49,11,49.36666666666667,1.0094444751739502,-0.25779727661513846
COHFACE_s39_session2_natural,49,12,49.4,0.8194590210914612,0.019700149125987717
COHFACE_s39_session2_natural,49,13,49.43333333333333,0.5948841571807861,0.2969818554853409
COHFACE_s39_session2_natural,49,14,49.46666666666667,0.40736478567123413,0.5423501108527299
COHFACE_s39_session2_natural,49,15,49.5,0.34010761976242065,0.7273423469481838
COHFACE_s39_session2_natural,49,16,49.53333333333333,0.29610222578048706,0.831786509199294
COHFACE_s39_session2_natural,49,17,49.56666666666667,0.17811395227909088,0.8466670644901851
COHFACE_s39_session2_natural,49,18,49.6,-0.025386985391378403,0.7739372298069722
COHFACE_s39_session2_natural,49,19,49.63333333333333,-0.28642481565475464,0.6237303100614103
COHFACE_s39_session2_natural,49,20,49.666666666666664,-0.5345556735992432,0.41114162865621195
COHFACE_s39_session2_natural,49,21,49.7,-0.7244290709495544,0.1550318005961668
COHFACE_s39_session2_natural,49,22,49.733333333333334,-0.8628507256507874,-0.12085960113949942
COHFACE_s39_session2_natural,49,23,49.766666666666666,-0.9577473402023315,-0.38671708993998266
COHFACE_s39_session2_natural,49,24,49.8,-1.0257891416549683,-0.6080076193280022
COHFACE_s39_session2_natural,49,25,49.833333333333336,-1.0720524787902832,-0.7503827735227301
COHFACE_s39_session2_natural,49,26,49.86666666666667,-1.1148568391799927,-0.7869297306964202
COHFACE_s39_session2_natural,49,27,49.9,-1.1638104915618896,-0.7052905246326072
COHFACE_s39_session2_natural,49,28,49.93333333333333,-1.2152782678604126,-0.5123658919389693
COHFACE_s39_session2_natural,49,29,49.96666666666667,-1.275953769683838,-0.23533370273888612
COHFACE_s39_session2_natural,49,30,50.0,-1.355493426322937,0.08144718449869873
COHFACE_s39_session2_natural,49,31,50.03333333333333,-1.3728841543197632,0.3837222197349836
COHFACE_s39_session2_natural,49,32,50.06666666666667,-0.8380776643753052,0.618476518799749
COHFACE_s39_session2_natural,49,33,50.1,0.5438967943191528,0.746928792436509
COHFACE_s39_session2_natural,49,34,50.13333333333333,1.7645342350006104,0.7547747904250216
COHFACE_s39_session2_natural,49,35,50.166666666666664,2.041553497314453,0.6546562296826196
COHFACE_s39_session2_natural,49,36,50.2,1.7243080139160156,0.4795682881528381
COHFACE_s39_session2_natural,49,37,50.233333333333334,1.383474349975586,0.2708224380599606
COHFACE_s39_session2_natural,49,38,50.266666666666666,1.1846333742141724,0.06619667234464542
COHFACE_s39_session2_natural,49,39,50.3,0.9738622307777405,-0.10778625435625157
COHFACE_s39_session2_natural,49,40,50.333333333333336,0.6970509886741638,-0.23893264809483092
COHFACE_s39_session2_natural,49,41,50.36666666666667,0.5141595602035522,-0.32917473551633436
COHFACE_s39_session2_natural,49,42,50.4,0.43042439222335815,-0.39148093336606593
COHFACE_s39_session2_natural,49,43,50.43333333333333,0.3396272361278534,-0.4433292321237507
COHFACE_s39_session2_natural,49,44,50.46666666666667,0.16105946898460388,-0.49793116249960556
COHFACE_s39_session2_natural,49,45,50.5,-0.08625471591949463,-0.556791588490702
COHFACE_s39_session2_natural,49,46,50.53333333333333,-0.34977465867996216,-0.6071431351891925
COHFACE_s39_session2_natural,49,47,50.56666666666667,-0.5729723572731018,-0.6251988129799073
COHFACE_s39_session2_natural,49,48,50.6,-0.7432130575180054,-0.583113892282713
COHFACE_s39_session2_natural,49,49,50.63333333333333,-0.8582067489624023,-0.4566378149917435
COHFACE_s39_session2_natural,49,50,50.666666666666664,-0.9388192892074585,-0.23232909304690297
COHFACE_s39_session2_natural,49,51,50.7,-1.0075817108154297,0.08502847058311212
COHFACE_s39_session2_natural,49,52,50.733333333333334,-1.0653908252716064,0.4653581983009561
COHFACE_s39_session2_natural,49,53,50.766666666666666,-1.1242889165878296,0.8503447028733516
COHFACE_s39_session2_natural,49,54,50.8,-1.1840837001800537,1.160310500739198
COHFACE_s39_session2_natural,49,55,50.833333333333336,-1.2297065258026123,1.3139123540907074
COHFACE_s39_session2_natural,49,56,50.86666666666667,-1.2777312994003296,1.2561403899480985
COHFACE_s39_session2_natural,49,57,50.9,-1.339976191520691,0.9827428245112202
COHFACE_s39_session2_natural,49,58,50.93333333333333,-1.3881611824035645,0.5479224987658758
COHFACE_s39_session2_natural,49,59,50.96666666666667,-1.0838065147399902,0.049121164194661934
COHFACE_s39_session2_natural,49,60,51.0,0.13088983297348022,-0.4051978981452064
COHFACE_s39_session2_natural,49,61,51.03333333333333,1.6014355421066284,-0.7296719503129023
COHFACE_s39_session2_natural,49,62,51.06666666666667,2.2013533115386963,-0.8831538601050102
COHFACE_s39_session2_natural,49,63,51.1,1.9904541969299316,-0.8703809496910648
COHFACE_s39_session2_natural,49,64,51.13333333333333,1.6174331903457642,-0.7284425912371498
COHFACE_s39_session2_natural,49,65,51.166666666666664,1.3996480703353882,-0.5083972418225889
COHFACE_s39_session2_natural,49,66,51.2,1.2301119565963745,-0.2607857418811445
COHFACE_s39_session2_natural,49,67,51.233333333333334,0.955798864364624,-0.027924348046191264
COHFACE_s39_session2_natural,49,68,51.266666666666666,0.6992608308792114,0.15878828901758676
COHFACE_s39_session2_natural,49,69,51.3,0.5634014010429382,0.2794046452192587
COHFACE_s39_session2_natural,49,70,51.333333333333336,0.46837663650512695,0.32506573690216223
COHFACE_s39_session2_natural,49,71,51.36666666666667,0.319305956363678,0.29660463990127617
COHFACE_s39_session2_natural,49,72,51.4,0.08356960862874985,0.20256151033624248
COHFACE_s39_session2_natural,49,73,51.43333333333333,-0.183649480342865,0.057832995646919995
COHFACE_s39_session2_natural,49,74,51.46666666666667,-0.4243500530719757,-0.1168440558528466
COHFACE_s39_session2_natural,49,75,51.5,-0.605095624923706,-0.29592766861636316
COHFACE_s39_session2_natural,49,76,51.53333333333333,-0.730306088924408,-0.4520425764955633
COHFACE_s39_session2_natural,49,77,51.56666666666667,-0.8236173391342163,-0.5609754457263493
COHFACE_s39_session2_natural,49,78,51.6,-0.9050625562667847,-0.6072223237026272
COHFACE_s39_session2_natural,49,79,51.63333333333333,-0.9793977737426758,-0.5876263207497684
COHFACE_s39_session2_natural,49,80,51.666666666666664,-1.0384238958358765,-0.5108164864062213
COHFACE_s39_session2_natural,49,81,51.7,-1.1019818782806396,-0.392113806772477
COHFACE_s39_session2_natural,49,82,51.733333333333334,-1.1689668893814087,-0.24663227888973527
COHFACE_s39_session2_natural,49,83,51.766666666666666,-1.2296104431152344,-0.08468066509350908
COHFACE_s39_session2_natural,49,84,51.8,-1.2796368598937988,0.08840521141165537
COHFACE_s39_session2_natural,49,85,51.833333333333336,-1.324346899986267,0.2689152927348152
COHFACE_s39_session2_natural,49,86,51.86666666666667,-1.3659822940826416,0.4501512670989501
COHFACE_s39_session2_natural,49,87,51.9,-1.399018406867981,0.6187283246871067
COHFACE_s39_session2_natural,49,88,51.93333333333333,-1.0160049200057983,0.753783321142261
COHFACE_s39_session2_natural,49,89,51.96666666666667,0.2913301885128021,0.8304932539939109
COHFACE_s39_session2_natural,49,90,52.0,1.706869125366211,0.8277346589941713
COHFACE_s39_session2_natural,49,91,52.03333333333333,2.162616491317749,0.7376757687316904
COHFACE_s39_session2_natural,49,92,52.06666666666667,1.8578294515609741,0.5735941482752251
COHFACE_s39_session2_natural,49,93,52.1,1.4571529626846313,0.3719026629662728
COHFACE_s39_session2_natural,49,94,52.13333333333333,1.224459171295166,0.18558224529150227
COHFACE_s39_session2_natural,49,95,52.166666666666664,1.0314151048660278,0.06905205144025044
COHFACE_s39_session2_natural,49,96,52.2,0.7690161466598511,0.05839610353536328
COHFACE_s39_session2_natural,49,97,52.233333333333334,0.5833543539047241,0.15436015120407537
COHFACE_s39_session2_natural,49,98,52.266666666666666,0.5187234282493591,0.31656708202407485
COHFACE_s39_session2_natural,49,99,52.3,0.4416659474372864,0.4739534455187474
COHFACE_s39_session2_natural,49,100,52.333333333333336,0.26556429266929626,0.5488650620440393
COHFACE_s39_session2_natural,49,101,52.36666666666667,0.011092015542089939,0.48488426300550214
COHFACE_s39_session2_natural,49,102,52.4,-0.2681853175163269,0.26617376653333696
COHFACE_s39_session2_natural,49,103,52.43333333333333,-0.49069443345069885,-0.07937541637344105
COHFACE_s39_session2_natural,49,104,52.46666666666667,-0.6516311764717102,-0.492090451809248
COHFACE_s39_session2_natural,49,105,52.5,-0.7734787464141846,-0.8995590150255698
COHFACE_s39_session2_natural,49,106,52.53333333333333,-0.8616816997528076,-1.2343457019076693
COHFACE_s39_session2_natural,49,107,52.56666666666667,-0.9266969561576843,-1.4461566363512304
COHFACE_s39_session2_natural,49,108,52.6,-0.9847142696380615,-1.5083988521072234
COHFACE_s39_session2_natural,49,109,52.63333333333333,-1.0464147329330444,-1.4203837626205504
COHFACE_s39_session2_natural,49,110,52.666666666666664,-1.1140081882476807,-1.2051520762371326
COHFACE_s39_session2_natural,49,111,52.7,-1.1853808164596558,-0.9024586817408718
COHFACE_s39_session2_natural,49,112,52.733333333333334,-1.2547197341918945,-0.5588905715907416
COHFACE_s39_session2_natural,49,113,52.766666666666666,-1.3070522546768188,-0.21922865211792075
COHFACE_s39_session2_natural,49,114,52.8,-1.3507853746414185,0.0783580822178645
COHFACE_s39_session2_natural,49,115,52.833333333333336,-1.3927249908447266,0.3042765327652179
COHFACE_s39_session2_natural,49,116,52.86666666666667,-1.4328230619430542,0.439639215819883
COHFACE_s39_session2_natural,49,117,52.9,-1.2251585721969604,0.4801828739653685
COHFACE_s39_session2_natural,49,118,52.93333333333333,-0.15480896830558777,0.4398951114344899
COHFACE_s39_session2_natural,49,119,52.96666666666667,1.3201404809951782,0.3502032194423484
COHFACE_s39_session2_natural,49,120,53.0,2.0349879264831543,0.2528058630567083
COHFACE_s39_session2_natural,49,121,53.03333333333333,1.8546587228775024,0.18842305906025472
COHFACE_s39_session2_natural,49,122,53.06666666666667,1.4130995273590088,0.18609326330560988
COHFACE_s39_session2_natural,49,123,53.1,1.0914181470870972,0.25692933670400486
COHFACE_s39_session2_natural,49,124,53.13333333333333,0.8592208027839661,0.3935112910380993
COHFACE_s39_session2_natural,49,125,53.166666666666664,0.6169829368591309,0.5735108833633269
COHFACE_s39_session2_natural,49,126,53.2,0.4746699929237366,0.7653515540452436
COHFACE_s39_session2_natural,49,127,53.233333333333334,0.4502652585506439,0.9344487069125533
COHFACE_s39_session2_natural,49,128,53.266666666666666,0.40611574053764343,1.049500625490546
COHFACE_s39_session2_natural,49,129,53.3,0.2695356607437134,1.0881866210185742
COHFACE_s39_session2_natural,49,130,53.333333333333336,0.03953218460083008,1.0405520979809637
COHFACE_s39_session2_natural,49,131,53.36666666666667,-0.22256255149841309,0.9082812340488134
COHFACE_s39_session2_natural,49,132,53.4,-0.4506444036960602,0.7003086479707338
COHFACE_s39_session2_natural,49,133,53.43333333333333,-0.6300768852233887,0.4282107356863111
COHFACE_s39_session2_natural,49,134,53.46666666666667,-0.7575772404670715,0.10570820078639472
COHFACE_s39_session2_natural,49,135,53.5,-0.8433781266212463,-0.2464169692784436
COHFACE_s39_session2_natural,49,136,53.53333333333333,-0.8950700759887695,-0.5942882929053743
COHFACE_s39_session2_natural,49,137,53.56666666666667,-0.9386110901832581,-0.8908509550349987
COHFACE_s39_session2_natural,49,138,53.6,-0.9837054014205933,-1.0851756929383158
COHFACE_s39_session2_natural,49,139,53.63333333333333,-1.0319864749908447,-1.1380925656404202
COHFACE_s39_session2_natural,49,140,53.666666666666664,-1.0808600187301636,-1.0371874031767139
COHFACE_s39_session2_natural,49,141,53.7,-1.1370036602020264,-0.8043869418174475
COHFACE_s39_session2_natural,49,142,53.733333333333334,-1.189047932624817,-0.4925121598891819
COHFACE_s39_session2_natural,49,143,53.766666666666666,-1.2409640550613403,-0.1717275478356048
COHFACE_s39_session2_natural,49,144,53.8,-1.3022640943527222,0.08909948596925113
COHFACE_s39_session2_natural,49,145,53.833333333333336,-1.2654168605804443,0.2395113679038377
COHFACE_s39_session2_natural,49,146,53.86666666666667,-0.5780166387557983,0.2579744029040364
COHFACE_s39_session2_natural,49,147,53.9,0.8609662652015686,0.15365213612678186
COHFACE_s39_session2_natural,49,148,53.93333333333333,1.9217077493667603,-0.040206518324269205
COHFACE_s39_session2_natural,49,149,53.96666666666667,1.9870753288269043,-0.27845595791362276
COHFACE_s39_session2_natural,49,150,54.0,1.535843849182129,-0.5164897345717111
COHFACE_s39_session2_natural,49,151,54.03333333333333,1.1053659915924072,-0.7174905860831768
COHFACE_s39_session2_natural,49,152,54.06666666666667,0.8136780858039856,-0.8528766682417829
COHFACE_s39_session2_natural,49,153,54.1,0.5778136253356934,-0.8992373718469295
COHFACE_s39_session2_natural,49,154,54.13333333333333,0.46932142972946167,-0.8371690732030319
COHFACE_s39_session2_natural,49,155,54.166666666666664,0.5007241368293762,-0.6554815478047005
COHFACE_s39_session2_natural,49,156,54.2,0.5176665186882019,-0.3596397385293387
COHFACE_s39_session2_natural,49,157,54.233333333333334,0.4061317443847656,0.02086637084306056
COHFACE_s39_session2_natural,49,158,54.266666666666666,0.19358310103416443,0.4323874361573206
COHFACE_s39_session2_natural,49,159,54.3,-0.06497262418270111,0.8071223117997537
COHFACE_s39_session2_natural,49,160,54.333333333333336,-0.3059614300727844,1.0805022437893215
COHFACE_s39_session2_natural,49,161,54.36666666666667,-0.4978044629096985,1.208839371919503
COHFACE_s39_session2_natural,49,162,54.4,-0.6258012652397156,1.1800230266276703
COHFACE_s39_session2_natural,49,163,54.43333333333333,-0.7049885392189026,1.013707857960033
COHFACE_s39_session2_natural,49,164,54.46666666666667,-0.7575932741165161,0.7523596160897034
COHFACE_s39_session2_natural,49,165,54.5,-0.7893322110176086,0.448199979950909
COHFACE_s39_session2_natural,49,166,54.53333333333333,-0.8180286288261414,0.15179903279783225
COHFACE_s39_session2_natural,49,167,54.56666666666667,-0.8537870049476624,-0.09462711693730844
COHFACE_s39_session2_natural,49,168,54.6,-0.9031409621238708,-0.2604864391950821
COHFACE_s39_session2_natural,49,169,54.63333333333333,-0.9618628621101379,-0.32982889809194244
COHFACE_s39_session2_natural,49,170,54.666666666666664,-1.0385839939117432,-0.30473720973699053
COHFACE_s39_session2_natural,49,171,54.7,-1.092613935470581,-0.20618908833848554
COHFACE_s39_session2_natural,49,172,54.733333333333334,-0.6589013934135437,-0.06931988166618813
COHFACE_s39_session2_natural,49,173,54.766666666666666,0.6662408113479614,0.06666910949717775
COHFACE_s39_session2_natural,49,174,54.8,1.9405397176742554,0.16975614318907326
COHFACE_s39_session2_natural,49,175,54.833333333333336,2.246767997741699,0.22210085396946974
COHFACE_s39_session2_natural,49,176,54.86666666666667,1.8665728569030762,0.22032497799584166
COHFACE_s39_session2_natural,49,177,54.9,1.4260225296020508,0.1711406568817074
COHFACE_s39_session2_natural,49,178,54.93333333333333,1.1485066413879395,0.08683021770957877
COHFACE_s39_session2_natural,49,179,54.96666666666667,0.9177825450897217,-0.016492067822785717
COHFACE_s39_session2_natural,49,180,55.0,0.6963303685188293,-0.11912622598069714
COHFACE_s39_session2_natural,49,181,55.03333333333333,0.6063979268074036,-0.1999521379353238
COHFACE_s39_session2_natural,49,182,55.06666666666667,0.5901281237602234,-0.2412667178364209
COHFACE_s39_session2_natural,49,183,55.1,0.5127663612365723,-0.23356567780978715
COHFACE_s39_session2_natural,49,184,55.13333333333333,0.32990697026252747,-0.1777248041283281
COHFACE_s39_session2_natural,49,185,55.166666666666664,0.06579450517892838,-0.0845726460147446
COHFACE_s39_session2_natural,49,186,55.2,-0.21337074041366577,0.026727499081361
COHFACE_s39_session2_natural,49,187,55.233333333333334,-0.43527132272720337,0.13086109628156142
COHFACE_s39_session2_natural,49,188,55.266666666666666,-0.5903951525688171,0.20020761128253753
COHFACE_s39_session2_natural,49,189,55.3,-0.6928662657737732,0.21140341413620473
COHFACE_s39_session2_natural,49,190,55.333333333333336,-0.7610682249069214,0.15292319356701764
COHFACE_s39_session2_natural,49,191,55.36666666666667,-0.8143294453620911,0.02969730109305978
COHFACE_s39_session2_natural,49,192,55.4,-0.8609130382537842,-0.13800593000217892
COHFACE_s39_session2_natural,49,193,55.43333333333333,-0.9142864346504211,-0.3209106690748623
COHFACE_s39_session2_natural,49,194,55.46666666666667,-0.9709425568580627,-0.48928829741253355
COHFACE_s39_session2_natural,49,195,55.5,-1.0321786403656006,-0.6200046213877074
COHFACE_s39_session2_natural,49,196,55.53333333333333,-1.1183478832244873,-0.6991663600107422
COHFACE_s39_session2_natural,49,197,55.56666666666667,-1.01872718334198,-0.7200466969103502
COHFACE_s39_session2_natural,49,198,55.6,-0.08567822724580765,-0.6793362202917046
COHFACE_s39_session2_natural,49,199,55.63333333333333,1.4625015258789062,-0.5758890595464634
COHFACE_s39_session2_natural,49,200,55.666666666666664,2.3994576930999756,-0.41336088512855257
COHFACE_s39_session2_natural,49,201,55.7,2.3695924282073975,-0.20418453287837438
COHFACE_s39_session2_natural,49,202,55.733333333333334,1.9620780944824219,0.029106173169609402
COHFACE_s39_session2_natural,49,203,55.766666666666666,1.6646093130111694,0.25723241568913474
COHFACE_s39_session2_natural,49,204,55.8,1.4735348224639893,0.45065388437357456
COHFACE_s39_session2_natural,49,205,55.833333333333336,1.2006789445877075,0.5856686210809274
COHFACE_s39_session2_natural,49,206,55.86666666666667,0.9274067282676697,0.6479601318130173
COHFACE_s39_session2_natural,49,207,55.9,0.7906345129013062,0.6338130702326163
COHFACE_s39_session2_natural,49,208,55.93333333333333,0.7147940397262573,0.5499654071587333
COHFACE_s39_session2_natural,49,209,55.96666666666667,0.5826978087425232,0.4126426833925372
COHFACE_s39_session2_natural,49,210,56.0,0.35331887006759644,0.2461191384667589
COHFACE_s39_session2_natural,49,211,56.03333333333333,0.06832465529441833,0.0808645671124131
COHFACE_s39_session2_natural,49,212,56.06666666666667,-0.17996636033058167,-0.04952408715347379
COHFACE_s39_session2_natural,49,213,56.1,-0.37964004278182983,-0.11388971280125272
COHFACE_s39_session2_natural,49,214,56.13333333333333,-0.5208320617675781,-0.09186556256409839
COHFACE_s39_session2_natural,49,215,56.166666666666664,-0.6191075444221497,0.017029529899863175
COHFACE_s39_session2_natural,49,216,56.2,-0.7079510688781738,0.18785381354728065
COHFACE_s39_session2_natural,49,217,56.233333333333334,-0.7845121026039124,0.372697350651759
COHFACE_s39_session2_natural,49,218,56.266666666666666,-0.8511287569999695,0.5125485490659677
COHFACE_s39_session2_natural,49,219,56.3,-0.9088578224182129,0.555298906547597
COHFACE_s39_session2_natural,49,220,56.333333333333336,-0.9652417302131653,0.4729962269287651
COHFACE_s39_session2_natural,49,221,56.36666666666667,-1.0237394571304321,0.27126461918532646
COHFACE_s39_session2_natural,49,222,56.4,-1.0946316719055176,-0.01256253035470011
COHFACE_s39_session2_natural,49,223,56.43333333333333,-1.1575331687927246,-0.32105332066704356
COHFACE_s39_session2_natural,49,224,56.46666666666667,-0.8185410499572754,-0.593037816021347
COHFACE_s39_session2_natural,49,225,56.5,0.48086726665496826,-0.778731023406603
COHFACE_s39_session2_natural,49,226,56.53333333333333,1.979564905166626,-0.8488436331720687
COHFACE_s39_session2_natural,49,227,56.56666666666667,2.525308609008789,-0.7960897426893406
COHFACE_s39_session2_natural,49,228,56.6,2.261932849884033,-0.6314166490000319
COHFACE_s39_session2_natural,49,229,56.63333333333333,1.8782628774642944,-0.3789670452909548
COHFACE_s39_session2_natural,49,230,56.666666666666664,1.6561059951782227,-0.07187169241801986
COHFACE_s39_session2_natural,49,231,56.7,1.444614291191101,0.25159920738432145
COHFACE_s39_session2_natural,49,232,56.733333333333334,1.1263757944107056,0.5521675681881197
COHFACE_s39_session2_natural,49,233,56.766666666666666,0.8810954093933105,0.7933724169388122
COHFACE_s39_session2_natural,49,234,56.8,0.7786723375320435,0.9442566659379155
COHFACE_s39_session2_natural,49,235,56.833333333333336,0.689604640007019,0.9813541653564628
COHFACE_s39_session2_natural,49,236,56.86666666666667,0.5117735266685486,0.8918113060577965
COHFACE_s39_session2_natural,49,237,56.9,0.2439298927783966,0.678509650745907
COHFACE_s39_session2_natural,49,238,56.93333333333333,-0.03661252558231354,0.3644890247870931
COHFACE_s39_session2_natural,49,239,56.96666666666667,-0.2787863314151764,-0.007766767618003262
COHFACE_s39_session2_natural,50,0,50.0,-1.355493426322937,-0.05313025917905215
COHFACE_s39_session2_natural,50,1,50.03333333333333,-1.3728841543197632,-0.2453988840990141
COHFACE_s39_session2_natural,50,2,50.06666666666667,-0.8380776643753052,-0.3917824892607903
COHFACE_s39_session2_natural,50,3,50.1,0.5438967943191528,-0.45657916477433375
COHFACE_s39_session2_natural,50,4,50.13333333333333,1.7645342350006104,-0.42273711243910417
COHFACE_s39_session2_natural,50,5,50.166666666666664,2.041553497314453,-0.2970323275358229
COHFACE_s39_session2_natural,50,6,50.2,1.7243080139160156,-0.10965931390703205
COHFACE_s39_session2_natural,50,7,50.233333333333334,1.383474349975586,0.09291866694914609
COHFACE_s39_session2_natural,50,8,50.266666666666666,1.1846333742141724,0.26042281745924856
COHFACE_s39_session2_natural,50,9,50.3,0.9738622307777405,0.3523683935747543
COHFACE_s39_session2_natural,50,10,50.333333333333336,0.6970509886741638,0.34765032955549335
COHFACE_s39_session2_natural,50,11,50.36666666666667,0.5141595602035522,0.24688171647300847
COHFACE_s39_session2_natural,50,12,50.4,0.43042439222335815,0.0685182515933607
COHFACE_s39_session2_natural,50,13,50.43333333333333,0.3396272361278534,-0.15713197972946424
COHFACE_s39_session2_natural,50,14,50.46666666666667,0.16105946898460388,-0.3927093880366232
COHFACE_s39_session2_natural,50,15,50.5,-0.08625471591949463,-0.597313285376858
COHFACE_s39_session2_natural,50,16,50.53333333333333,-0.34977465867996216,-0.7309174870212901
COHFACE_s39_session2_natural,50,17,50.56666666666667,-0.5729723572731018,-0.7610930739928596
COHFACE_s39_session2_natural,50,18,50.6,-0.7432130575180054,-0.6701804843245099
COHFACE_s39_session2_natural,50,19,50.63333333333333,-0.8582067489624023,-0.45927756270472025
COHFACE_s39_session2_natural,50,20,50.666666666666664,-0.9388192892074585,-0.14770679383815924
COHFACE_s39_session2_natural,50,21,50.7,-1.0075817108154297,0.229910629413429
COHFACE_s39_session2_natural,50,22,50.733333333333334,-1.0653908252716064,0.6262903239576529
COHFACE_s39_session2_natural,50,23,50.766666666666666,-1.1242889165878296,0.9839331661030664
COHFACE_s39_session2_natural,50,24,50.8,-1.1840837001800537,1.24086741380007
COHFACE_s39_session2_natural,50,25,50.833333333333336,-1.2297065258026123,1.3429813093364737
COHFACE_s39_session2_natural,50,26,50.86666666666667,-1.2777312994003296,1.2610314265197768
COHFACE_s39_session2_natural,50,27,50.9,-1.339976191520691,1.0044334153564347
COHFACE_s39_session2_natural,50,28,50.93333333333333,-1.3881611824035645,0.6228303554250558
COHFACE_s39_session2_natural,50,29,50.96666666666667,-1.0838065147399902,0.19218344821884376
COHFACE_s39_session2_natural,50,30,51.0,0.13088983297348022,-0.20838521891215853
COHFACE_s39_session2_natural,50,31,51.03333333333333,1.6014355421066284,-0.517305912119445
COHFACE_s39_session2_natural,50,32,51.06666666666667,2.2013533115386963,-0.7006125415546579
COHFACE_s39_session2_natural,50,33,51.1,1.9904541969299316,-0.7511781572564808
COHFACE_s39_session2_natural,50,34,51.13333333333333,1.6174331903457642,-0.6824305655264225
COHFACE_s39_session2_natural,50,35,51.166666666666664,1.3996480703353882,-0.5220189679344042
COHFACE_s39_session2_natural,50,36,51.2,1.2301119565963745,-0.3073717953158468
COHFACE_s39_session2_natural,50,37,51.233333333333334,0.955798864364624,-0.08165665119946575
COHFACE_s39_session2_natural,50,38,51.266666666666666,0.6992608308792114,0.11176906589273379
COHFACE_s39_session2_natural,50,39,51.3,0.5634014010429382,0.23640270813129743
COHFACE_s39_session2_natural,50,40,51.333333333333336,0.46837663650512695,0.2692038545306908
COHFACE_s39_session2_natural,50,41,51.36666666666667,0.319305956363678,0.20445478951119148
COHFACE_s39_session2_natural,50,42,51.4,0.08356960862874985,0.05383843874285983
COHFACE_s39_session2_natural,50,43,51.43333333333333,-0.183649480342865,-0.15669991597323896
COHFACE_s39_session2_natural,50,44,51.46666666666667,-0.4243500530719757,-0.39207904750927525
COHFACE_s39_session2_natural,50,45,51.5,-0.605095624923706,-0.6140336501583681
COHFACE_s39_session2_natural,50,46,51.53333333333333,-0.730306088924408,-0.7868555731555954
COHFACE_s39_session2_natural,50,47,51.56666666666667,-0.8236173391342163,-0.8821432095091155
COHFACE_s39_session2_natural,50,48,51.6,-0.9050625562667847,-0.8822864452330397
COHFACE_s39_session2_natural,50,49,51.63333333333333,-0.9793977737426758,-0.7826352015100584
COHFACE_s39_session2_natural,50,50,51.666666666666664,-1.0384238958358765,-0.5919977625193534
COHFACE_s39_session2_natural,50,51,51.7,-1.1019818782806396,-0.331201647279382
COHFACE_s39_session2_natural,50,52,51.733333333333334,-1.1689668893814087,-0.030370489991154964
COHFACE_s39_session2_natural,50,53,51.766666666666666,-1.2296104431152344,0.274100602058155
COHFACE_s39_session2_natural,50,54,51.8,-1.2796368598937988,0.5430713038408537
COHFACE_s39_session2_natural,50,55,51.833333333333336,-1.324346899986267,0.739818399491424
COHFACE_s39_session2_natural,50,56,51.86666666666667,-1.3659822940826416,0.836953803739431
COHFACE_s39_session2_natural,50,57,51.9,-1.399018406867981,0.8233437143969917
COHFACE_s39_session2_natural,50,58,51.93333333333333,-1.0160049200057983,0.7084541071183491
COHFACE_s39_session2_natural,50,59,51.96666666666667,0.2913301885128021,0.5222012985191476
COHFACE_s39_session2_natural,50,60,52.0,1.706869125366211,0.3098879637820924
COHFACE_s39_session2_natural,50,61,52.03333333333333,2.162616491317749,0.1233214325578533
COHFACE_s39_session2_natural,50,62,52.06666666666667,1.8578294515609741,0.010113181586627752
COHFACE_s39_session2_natural,50,63,52.1,1.4571529626846313,0.003322272379510623
COHFACE_s39_session2_natural,50,64,52.13333333333333,1.224459171295166,0.11327418290167156
COHFACE_s39_session2_natural,50,65,52.166666666666664,1.0314151048660278,0.32292534384505733
COHFACE_s39_session2_natural,50,66,52.2,0.7690161466598511,0.5878756902519149
COHFACE_s39_session2_natural,50,67,52.233333333333334,0.5833543539047241,0.8422196579961674
COHFACE_s39_session2_natural,50,68,52.266666666666666,0.5187234282493591,1.0112752621382233
COHFACE_s39_session2_natural,50,69,52.3,0.4416659474372864,1.0302608426744877
COHFACE_s39_session2_natural,50,70,52.333333333333336,0.26556429266929626,0.8640332842472059
COHFACE_s39_session2_natural,50,71,52.36666666666667,0.011092015542089939,0.5201466552105717
COHFACE_s39_session2_natural,50,72,52.4,-0.2681853175163269,0.04887426499688476
COHFACE_s39_session2_natural,50,73,52.43333333333333,-0.49069443345069885,-0.47071908387323896
COHFACE_s39_session2_natural,50,74,52.46666666666667,-0.6516311764717102,-0.9529957187026401
COHFACE_s39_session2_natural,50,75,52.5,-0.7734787464141846,-1.327003443669759
COHFACE_s39_session2_natural,50,76,52.53333333333333,-0.8616816997528076,-1.5492892229687054
COHFACE_s39_session2_natural,50,77,52.56666666666667,-0.9266969561576843,-1.6062350774072944
COHFACE_s39_session2_natural,50,78,52.6,-0.9847142696380615,-1.509164534392164
COHFACE_s39_session2_natural,50,79,52.63333333333333,-1.0464147329330444,-1.2871574008273476
COHFACE_s39_session2_natural,50,80,52.666666666666664,-1.1140081882476807,-0.980139930002564
COHFACE_s39_session2_natural,50,81,52.7,-1.1853808164596558,-0.6322109819371325
COHFACE_s39_session2_natural,50,82,52.733333333333334,-1.2547197341918945,-0.2854790285704231
COHFACE_s39_session2_natural,50,83,52.766666666666666,-1.3070522546768188,0.024161315796942036
COHFACE_s39_session2_natural,50,84,52.8,-1.3507853746414185,0.2688038873262878
COHFACE_s39_session2_natural,50,85,52.833333333333336,-1.3927249908447266,0.42932026196484
COHFACE_s39_session2_natural,50,86,52.86666666666667,-1.4328230619430542,0.49716499424213045
COHFACE_s39_session2_natural,50,87,52.9,-1.2251585721969604,0.4774713226753052
COHFACE_s39_session2_natural,50,88,52.93333333333333,-0.15480896830558777,0.3909686481638162
COHFACE_s39_session2_natural,50,89,52.96666666666667,1.3201404809951782,0.27137573635693396
COHFACE_s39_session2_natural,50,90,53.0,2.0349879264831543,0.15748666376061654
COHFACE_s39_session2_natural,50,91,53.03333333333333,1.8546587228775024,0.08298468652702139
COHFACE_s39_session2_natural,50,92,53.06666666666667,1.4130995273590088,0.06877235356173589
COHFACE_s39_session2_natural,50,93,53.1,1.0914181470870972,0.1209346633128426
COHFACE_s39_session2_natural,50,94,53.13333333333333,0.8592208027839661,0.23353471149411226
COHFACE_s39_session2_natural,50,95,53.166666666666664,0.6169829368591309,0.39260408085453624
COHFACE_s39_session2_natural,50,96,53.2,0.4746699929237366,0.5783494405725818
COHFACE_s39_session2_natural,50,97,53.233333333333334,0.4502652585506439,0.765570629162582
COHFACE_s39_session2_natural,50,98,53.266666666666666,0.40611574053764343,0.9246692391109314
COHFACE_s39_session2_natural,50,99,53.3,0.2695356607437134,1.0253294870930298
COHFACE_s39_session2_natural,50,100,53.333333333333336,0.03953218460083008,1.042182208881407
COHFACE_s39_session2_natural,50,101,53.36666666666667,-0.22256255149841309,0.959575664606729
COHFACE_s39_session2_natural,50,102,53.4,-0.4506444036960602,0.7734859895350443
COHFACE_s39_session2_natural,50,103,53.43333333333333,-0.6300768852233887,0.49140193320321846
COHFACE_s39_session2_natural,50,104,53.46666666666667,-0.7575772404670715,0.13275753400101356
COHFACE_s39_session2_natural,50,105,53.5,-0.8433781266212463,-0.2688570367066055
COHFACE_s39_session2_natural,50,106,53.53333333333333,-0.8950700759887695,-0.6642410148779624
COHFACE_s39_session2_natural,50,107,53.56666666666667,-0.9386110901832581,-0.9926117341612418
COHFACE_s39_session2_natural,50,108,53.6,-0.9837054014205933,-1.1934482290072592
COHFACE_s39_session2_natural,50,109,53.63333333333333,-1.0319864749908447,-1.223429481147115
COHFACE_s39_session2_natural,50,110,53.666666666666664,-1.0808600187301636,-1.0719634646826366
COHFACE_s39_session2_natural,50,111,53.7,-1.1370036602020264,-0.7684831399854744
COHFACE_s39_session2_natural,50,112,53.733333333333334,-1.189047932624817,-0.3778418545662853
COHFACE_s39_session2_natural,50,113,53.766666666666666,-1.2409640550613403,0.015080596606607481
COHFACE_s39_session2_natural,50,114,53.8,-1.3022640943527222,0.3264808152411501
COHFACE_s39_session2_natural,50,115,53.833333333333336,-1.2654168605804443,0.4938031941312373
COHFACE_s39_session2_natural,50,116,53.86666666666667,-0.5780166387557983,0.4894099824172604
COHFACE_s39_session2_natural,50,117,53.9,0.8609662652015686,0.32463396445802345
COHFACE_s39_session2_natural,50,118,53.93333333333333,1.9217077493667603,0.043682790561746926
COHFACE_s39_session2_natural,50,119,53.96666666666667,1.9870753288269043,-0.29038274427933813
COHFACE_s39_session2_natural,50,120,54.0,1.535843849182129,-0.6125555685248487
COHFACE_s39_session2_natural,50,121,54.03333333333333,1.1053659915924072,-0.8693679257126885
COHFACE_s39_session2_natural,50,122,54.06666666666667,0.8136780858039856,-1.024467338514993
COHFACE_s39_session2_natural,50,123,54.1,0.5778136253356934,-1.0563970808707552
COHFACE_s39_session2_natural,50,124,54.13333333333333,0.46932142972946167,-0.9536785082741288
COHFACE_s39_session2_natural,50,125,54.166666666666664,0.5007241368293762,-0.7136787476040682
COHFACE_s39_session2_natural,50,126,54.2,0.5176665186882019,-0.34773331087052584
COHFACE_s39_session2_natural,50,127,54.233333333333334,0.4061317443847656,0.11106195786353236
COHFACE_s39_session2_natural,50,128,54.266666666666666,0.19358310103416443,0.6042790694061575
COHFACE_s39_session2_natural,50,129,54.3,-0.06497262418270111,1.054289835122396
COHFACE_s39_session2_natural,50,130,54.333333333333336,-0.3059614300727844,1.3805041471699773
COHFACE_s39_session2_natural,50,131,54.36666666666667,-0.4978044629096985,1.5204760437316491
COHFACE_s39_session2_natural,50,132,54.4,-0.6258012652397156,1.447691288300391
COHFACE_s39_session2_natural,50,133,54.43333333333333,-0.7049885392189026,1.1790286012452573
COHFACE_s39_session2_natural,50,134,54.46666666666667,-0.7575932741165161,0.7694815298066195
COHFACE_s39_session2_natural,50,135,54.5,-0.7893322110176086,0.29723522980712214
COHFACE_s39_session2_natural,50,136,54.53333333333333,-0.8180286288261414,-0.15439013134182697
COHFACE_s39_session2_natural,50,137,54.56666666666667,-0.8537870049476624,-0.5123364246602562
COHFACE_s39_session2_natural,50,138,54.6,-0.9031409621238708,-0.7247800591499314
COHFACE_s39_session2_natural,50,139,54.63333333333333,-0.9618628621101379,-0.768699082634637
COHFACE_s39_session2_natural,50,140,54.666666666666664,-1.0385839939117432,-0.6536902251387127
COHFACE_s39_session2_natural,50,141,54.7,-1.092613935470581,-0.41954036207512063
COHFACE_s39_session2_natural,50,142,54.733333333333334,-0.6589013934135437,-0.12628718634670905
COHFACE_s39_session2_natural,50,143,54.766666666666666,0.6662408113479614,0.16071804362797842
COHFACE_s39_session2_natural,50,144,54.8,1.9405397176742554,0.38533869631833456
COHFACE_s39_session2_natural,50,145,54.833333333333336,2.246767997741699,0.5098714051692468
COHFACE_s39_session2_natural,50,146,54.86666666666667,1.8665728569030762,0.5178741849165325
COHFACE_s39_session2_natural,50,147,54.9,1.4260225296020508,0.41327723289681134
COHFACE_s39_session2_natural,50,148,54.93333333333333,1.1485066413879395,0.21886718576764702
COHFACE_s39_session2_natural,50,149,54.96666666666667,0.9177825450897217,-0.025507752168418062
COHFACE_s39_session2_natural,50,150,55.0,0.6963303685188293,-0.26773879084197616
COHFACE_s39_session2_natural,50,151,55.03333333333333,0.6063979268074036,-0.45377315921820643
COHFACE_s39_session2_natural,50,152,55.06666666666667,0.5901281237602234,-0.541603796060837
COHFACE_s39_session2_natural,50,153,55.1,0.5127663612365723,-0.5129896003132742
COHFACE_s39_session2_natural,50,154,55.13333333333333,0.32990697026252747,-0.37751552473397926
COHFACE_s39_session2_natural,50,155,55.166666666666664,0.06579450517892838,-0.16795770200872173
COHFACE_s39_session2_natural,50,156,55.2,-0.21337074041366577,0.06968358104509483
COHFACE_s39_session2_natural,50,157,55.233333333333334,-0.43527132272720337,0.28689832906222473
COHFACE_s39_session2_natural,50,158,55.266666666666666,-0.5903951525688171,0.4418272064039014
COHFACE_s39_session2_natural,50,159,55.3,-0.6928662657737732,0.5066414996091136
COHFACE_s39_session2_natural,50,160,55.333333333333336,-0.7610682249069214,0.4720618157895924
COHFACE_s39_session2_natural,50,161,55.36666666666667,-0.8143294453620911,0.3469375124048626
COHFACE_s39_session2_natural,50,162,55.4,-0.8609130382537842,0.152788663904211
COHFACE_s39_session2_natural,50,163,55.43333333333333,-0.9142864346504211,-0.08372362884904405
COHFACE_s39_session2_natural,50,164,55.46666666666667,-0.9709425568580627,-0.3364971993193916
COHFACE_s39_session2_natural,50,165,55.5,-1.0321786403656006,-0.5814036290317365
COHFACE_s39_session2_natural,50,166,55.53333333333333,-1.1183478832244873,-0.7935547370300136
COHFACE_s39_session2_natural,50,167,55.56666666666667,-1.01872718334198,-0.9435687558910673
COHFACE_s39_session2_natural,50,168,55.6,-0.08567822724580765,-0.9980448453861089
COHFACE_s39_session2_natural,50,169,55.63333333333333,1.4625015258789062,-0.9276994250124728
COHFACE_s39_session2_natural,50,170,55.666666666666664,2.3994576930999756,-0.7206605300058381
COHFACE_s39_session2_natural,50,171,55.7,2.3695924282073975,-0.3934253568121111
COHFACE_s39_session2_natural,50,172,55.733333333333334,1.9620780944824219,0.007260382368357397
COHFACE_s39_session2_natural,50,173,55.766666666666666,1.6646093130111694,0.41330710864948655
COHFACE_s39_session2_natural,50,174,55.8,1.4735348224639893,0.7516200450558292
COHFACE_s39_session2_natural,50,175,55.833333333333336,1.2006789445877075,0.9620539498841618
COHFACE_s39_session2_natural,50,176,55.86666666666667,0.9274067282676697,1.0116445077501672
COHFACE_s39_session2_natural,50,177,55.9,0.7906345129013062,0.9016244491562196
COHFACE_s39_session2_natural,50,178,55.93333333333333,0.7147940397262573,0.66552837076789
COHFACE_s39_session2_natural,50,179,55.96666666666667,0.5826978087425232,0.35901245544559773
COHFACE_s39_session2_natural,50,180,56.0,0.35331887006759644,0.04514209206638632
COHFACE_s39_session2_natural,50,181,56.03333333333333,0.06832465529441833,-0.21939228395080837
COHFACE_s39_session2_natural,50,182,56.06666666666667,-0.17996636033058167,-0.39323313044913366
COHFACE_s39_session2_natural,50,183,56.1,-0.37964004278182983,-0.4540548997860048
COHFACE_s39_session2_natural,50,184,56.13333333333333,-0.5208320617675781,-0.39918339188213736
COHFACE_s39_session2_natural,50,185,56.166666666666664,-0.6191075444221497,-0.24527227953016548
COHFACE_s39_session2_natural,50,186,56.2,-0.7079510688781738,-0.02683925057549294
COHFACE_s39_session2_natural,50,187,56.233333333333334,-0.7845121026039124,0.2082992252778152
COHFACE_s39_session2_natural,50,188,56.266666666666666,-0.8511287569999695,0.40761756017492506
COHFACE_s39_session2_natural,50,189,56.3,-0.9088578224182129,0.5248405291722634
COHFACE_s39_session2_natural,50,190,56.333333333333336,-0.9652417302131653,0.530003630661691
COHFACE_s39_session2_natural,50,191,56.36666666666667,-1.0237394571304321,0.41569088395063847
COHFACE_s39_session2_natural,50,192,56.4,-1.0946316719055176,0.19830663483345098
COHFACE_s39_session2_natural,50,193,56.43333333333333,-1.1575331687927246,-0.08502270773812155
COHFACE_s39_session2_natural,50,194,56.46666666666667,-0.8185410499572754,-0.38272375304969397
COHFACE_s39_session2_natural,50,195,56.5,0.48086726665496826,-0.6371843306903173
COHFACE_s39_session2_natural,50,196,56.53333333333333,1.979564905166626,-0.794321505137985
COHFACE_s39_session2_natural,50,197,56.56666666666667,2.525308609008789,-0.8132812108135272
COHFACE_s39_session2_natural,50,198,56.6,2.261932849884033,-0.675191620415586
COHFACE_s39_session2_natural,50,199,56.63333333333333,1.8782628774642944,-0.38946357469201326
COHFACE_s39_session2_natural,50,200,56.666666666666664,1.6561059951782227,0.004603249507272263
COHFACE_s39_session2_natural,50,201,56.7,1.444614291191101,0.44289877826029267
COHFACE_s39_session2_natural,50,202,56.733333333333334,1.1263757944107056,0.8482035237768126
COHFACE_s39_session2_natural,50,203,56.766666666666666,0.8810954093933105,1.1458107621181979
COHFACE_s39_session2_natural,50,204,56.8,0.7786723375320435,1.2789209956449312
COHFACE_s39_session2_natural,50,205,56.833333333333336,0.689604640007019,1.2200394327143271
COHFACE_s39_session2_natural,50,206,56.86666666666667,0.5117735266685486,0.9762098826839567
COHFACE_s39_session2_natural,50,207,56.9,0.2439298927783966,0.5872502548828652
COHFACE_s39_session2_natural,50,208,56.93333333333333,-0.03661252558231354,0.1167179779954449
COHFACE_s39_session2_natural,50,209,56.96666666666667,-0.2787863314151764,-0.36300065437032975
COHFACE_s39_session2_natural,50,210,57.0,-0.46073296666145325,-0.7866628376484912
COHFACE_s39_session2_natural,50,211,57.03333333333333,-0.5879771113395691,-1.106837241109065
COHFACE_s39_session2_natural,50,212,57.06666666666667,-0.6799432635307312,-1.2961621094461189
COHFACE_s39_session2_natural,50,213,57.1,-0.7520525455474854,-1.3436124172696582
COHFACE_s39_session2_natural,50,214,57.13333333333333,-0.8214395046234131,-1.2504120145832134
COHFACE_s39_session2_natural,50,215,57.166666666666664,-0.8939811587333679,-1.0298329717188355
COHFACE_s39_session2_natural,50,216,57.2,-0.9773159623146057,-0.7102259632548856
COHFACE_s39_session2_natural,50,217,57.233333333333334,-1.0664798021316528,-0.336570771466239
COHFACE_s39_session2_natural,50,218,57.266666666666666,-1.1419678926467896,0.03386252797650999
COHFACE_s39_session2_natural,50,219,57.3,-1.2015224695205688,0.34254055256517074
COHFACE_s39_session2_natural,50,220,57.333333333333336,-1.241396427154541,0.5442694665669636
COHFACE_s39_session2_natural,50,221,57.36666666666667,-1.2764021158218384,0.6197404457007025
COHFACE_s39_session2_natural,50,222,57.4,-1.3136978149414062,0.5801722766382221
COHFACE_s39_session2_natural,50,223,57.43333333333333,-1.2859783172607422,0.461243226536368
COHFACE_s39_session2_natural,50,224,57.46666666666667,-0.6168336272239685,0.3090060464011161
COHFACE_s39_session2_natural,50,225,57.5,0.9648786187171936,0.1647363160032137
COHFACE_s39_session2_natural,50,226,57.53333333333333,2.256584405899048,0.05546157571169933
COHFACE_s39_session2_natural,50,227,57.56666666666667,2.4392035007476807,-0.00716301625296735
COHFACE_s39_session2_natural,50,228,57.6,2.0241787433624268,-0.02194558477008609
COHFACE_s39_session2_natural,50,229,57.63333333333333,1.6536239385604858,0.00774643685518882
COHFACE_s39_session2_natural,50,230,57.666666666666664,1.4457672834396362,0.07682388161071166
COHFACE_s39_session2_natural,50,231,57.7,1.1954745054244995,0.1774054130124268
COHFACE_s39_session2_natural,50,232,57.733333333333334,0.9133948087692261,0.2958957553311788
COHFACE_s39_session2_natural,50,233,57.766666666666666,0.757534384727478,0.4113213661355564
COHFACE_s39_session2_natural,50,234,57.8,0.6828789114952087,0.4970873066013283
COHFACE_s39_session2_natural,50,235,57.833333333333336,0.5578927397727966,0.526405441632942
COHFACE_s39_session2_natural,50,236,57.86666666666667,0.33280542492866516,0.4799403354213951
COHFACE_s39_session2_natural,50,237,57.9,0.044704582542181015,0.3530532311667871
COHFACE_s39_session2_natural,50,238,57.93333333333333,-0.23265112936496735,0.15957417907368937
COHFACE_s39_session2_natural,50,239,57.96666666666667,-0.46129342913627625,-0.06995802331398242
