recording_id,measurement_id,sample_index,time_seconds,gt_signal,predicted_signal
COHFACE_s20_session3_natural,0,0,0.0,-4.57270622253418,0.038826404043979024
COHFACE_s20_session3_natural,0,1,0.03333333333333333,-2.922454357147217,2.4535593313164274
COHFACE_s20_session3_natural,0,2,0.06666666666666667,1.1340590715408325,4.50156882589093
COHFACE_s20_session3_natural,0,3,0.1,1.5881587266921997,5.907166416634064
COHFACE_s20_session3_natural,0,4,0.13333333333333333,0.6964522004127502,6.548255073396028
COHFACE_s20_session3_natural,0,5,0.16666666666666666,0.547020673751831,6.471779527565073
COHFACE_s20_session3_natural,0,6,0.2,0.5344637036323547,5.855580999044142
COHFACE_s20_session3_natural,0,7,0.23333333333333334,0.4187341332435608,4.93753178135724
COHFACE_s20_session3_natural,0,8,0.26666666666666666,0.2476223260164261,3.9425428491175984
COHFACE_s20_session3_natural,0,9,0.3,0.03795045241713524,3.030768145137022
COHFACE_s20_session3_natural,0,10,0.3333333333333333,-0.13216504454612732,2.277271955609829
COHFACE_s20_session3_natural,0,11,0.36666666666666664,-0.21924012899398804,1.6812903826564376
COHFACE_s20_session3_natural,0,12,0.4,-0.31832870841026306,1.1947780744794285
COHFACE_s20_session3_natural,0,13,0.43333333333333335,-0.4832979142665863,0.7566296540814282
COHFACE_s20_session3_natural,0,14,0.4666666666666667,-0.6207407116889954,0.3206599108599594
COHFACE_s20_session3_natural,0,15,0.5,-0.7338683009147644,-0.1295942550287397
COHFACE_s20_session3_natural,0,16,0.5333333333333333,-0.8930243253707886,-0.5803201918573297
COHFACE_s20_session3_natural,0,17,0.5666666666666667,-1.0781422853469849,-0.9976669636480393
COHFACE_s20_session3_natural,0,18,0.6,-1.2693862915039062,-1.3432250538586985
COHFACE_s20_session3_natural,0,19,0.6333333333333333,-1.2242143154144287,-1.5890158088156985
COHFACE_s20_session3_natural,0,20,0.6666666666666666,-0.43019652366638184,-1.7271013577615513
COHFACE_s20_session3_natural,0,21,0.7,0.5979729890823364,-1.770797704662983
COHFACE_s20_session3_natural,0,22,0.7333333333333333,1.0933252573013306,-1.7474856145527846
COHFACE_s20_session3_natural,0,23,0.7666666666666667,1.3081022500991821,-1.686425054270584
COHFACE_s20_session3_natural,0,24,0.8,1.5147439241409302,-1.6073618062306567
COHFACE_s20_session3_natural,0,25,0.8333333333333334,1.6609642505645752,-1.5154423693503323
COHFACE_s20_session3_natural,0,26,0.8666666666666667,1.6625452041625977,-1.4045112191112796
COHFACE_s20_session3_natural,0,27,0.9,1.5099270343780518,-1.2658746898181217
COHFACE_s20_session3_natural,0,28,0.9333333333333333,1.3077646493911743,-1.0961597668442356
COHFACE_s20_session3_natural,0,29,0.9666666666666667,1.1362823247909546,-0.8992348285554328
COHFACE_s20_session3_natural,0,30,1.0,0.9791024923324585,-0.68303081867778
COHFACE_s20_session3_natural,0,31,1.0333333333333334,0.8178550601005554,-0.45636291541966056
COHFACE_s20_session3_natural,0,32,1.0666666666666667,0.6111392378807068,-0.22887391478338517
COHFACE_s20_session3_natural,0,33,1.1,0.3650563657283783,-0.012642540125392898
COHFACE_s20_session3_natural,0,34,1.1333333333333333,0.16029198467731476,0.1776045144985146
COHFACE_s20_session3_natural,0,35,1.1666666666666667,0.009295953437685966,0.3269473154361951
COHFACE_s20_session3_natural,0,36,1.2,-0.1201186254620552,0.4240649297981972
COHFACE_s20_session3_natural,0,37,1.2333333333333334,-0.2421308010816574,0.46384575470246475
COHFACE_s20_session3_natural,0,38,1.2666666666666666,-0.34828418493270874,0.44739591583271654
COHFACE_s20_session3_natural,0,39,1.3,-0.45626553893089294,0.38054220185516874
COHFACE_s20_session3_natural,0,40,1.3333333333333333,-0.5672934651374817,0.2736468972047398
COHFACE_s20_session3_natural,0,41,1.3666666666666667,-0.6381062865257263,0.14389397975741133
COHFACE_s20_session3_natural,0,42,1.4,-0.5061144828796387,0.01671221500122077
COHFACE_s20_session3_natural,0,43,1.4333333333333333,0.05318344384431839,-0.07846063885266016
COHFACE_s20_session3_natural,0,44,1.4666666666666666,0.8030914068222046,-0.11783987883572875
COHFACE_s20_session3_natural,0,45,1.5,1.382365107536316,-0.09237170010354837
COHFACE_s20_session3_natural,0,46,1.5333333333333334,1.7131763696670532,-0.010340336483109914
COHFACE_s20_session3_natural,0,47,1.5666666666666667,1.8422863483428955,0.10748875625373926
COHFACE_s20_session3_natural,0,48,1.6,1.8147022724151611,0.2364654743782825
COHFACE_s20_session3_natural,0,49,1.6333333333333333,1.604206919670105,0.35540955995130624
COHFACE_s20_session3_natural,0,50,1.6666666666666667,1.279645323753357,0.4501716709202455
COHFACE_s20_session3_natural,0,51,1.7,0.9902925491333008,0.5139926559329875
COHFACE_s20_session3_natural,0,52,1.7333333333333334,0.7925847768783569,0.5462577243417881
COHFACE_s20_session3_natural,0,53,1.7666666666666666,0.6287518739700317,0.5505608158165658
COHFACE_s20_session3_natural,0,54,1.8,0.41779544949531555,0.5323821479124725
COHFACE_s20_session3_natural,0,55,1.8333333333333333,0.14157597720623016,0.49668942927407544
COHFACE_s20_session3_natural,0,56,1.8666666666666667,-0.17063453793525696,0.4461055061206519
COHFACE_s20_session3_natural,0,57,1.9,-0.47491565346717834,0.38054619874630535
COHFACE_s20_session3_natural,0,58,1.9333333333333333,-0.6698074340820312,0.29895984646434476
COHFACE_s20_session3_natural,0,59,1.9666666666666666,-0.7557215094566345,0.20254749411852718
COHFACE_s20_session3_natural,0,60,2.0,-0.7821610569953918,0.09713069729327997
COHFACE_s20_session3_natural,0,61,2.033333333333333,-0.7880483865737915,-0.007804120931895742
COHFACE_s20_session3_natural,0,62,2.066666666666667,-0.7975834012031555,-0.10335461911180846
COHFACE_s20_session3_natural,0,63,2.1,-0.8088887929916382,-0.18561669936060687
COHFACE_s20_session3_natural,0,64,2.1333333333333333,-0.8040224313735962,-0.25636688165909977
COHFACE_s20_session3_natural,0,65,2.1666666666666665,-0.6270726919174194,-0.31885343776956143
COHFACE_s20_session3_natural,0,66,2.2,-0.021408824250102043,-0.37211861797266693
COHFACE_s20_session3_natural,0,67,2.2333333333333334,0.8036431074142456,-0.4092336477499189
COHFACE_s20_session3_natural,0,68,2.2666666666666666,1.420052409172058,-0.4215286783148911
COHFACE_s20_session3_natural,0,69,2.3,1.7248852252960205,-0.40548562666904514
COHFACE_s20_session3_natural,0,70,2.3333333333333335,1.843966007232666,-0.3664312959817359
COHFACE_s20_session3_natural,0,71,2.3666666666666667,1.8054965734481812,-0.3156921582761077
COHFACE_s20_session3_natural,0,72,2.4,1.5795871019363403,-0.2636150316730895
COHFACE_s20_session3_natural,0,73,2.433333333333333,1.2355685234069824,-0.21437514920698872
COHFACE_s20_session3_natural,0,74,2.466666666666667,0.9257870316505432,-0.16622085713020432
COHFACE_s20_session3_natural,0,75,2.5,0.736650824546814,-0.11579157983334794
COHFACE_s20_session3_natural,0,76,2.533333333333333,0.5891707539558411,-0.062379154679364474
COHFACE_s20_session3_natural,0,77,2.566666666666667,0.4099237024784088,-0.009002047916007828
COHFACE_s20_session3_natural,0,78,2.6,0.20656734704971313,0.03963084290904811
COHFACE_s20_session3_natural,0,79,2.6333333333333333,-0.015859073027968407,0.07979767649721135
COHFACE_s20_session3_natural,0,80,2.6666666666666665,-0.23644930124282837,0.10997548484485643
COHFACE_s20_session3_natural,0,81,2.7,-0.42859911918640137,0.13039589620846168
COHFACE_s20_session3_natural,0,82,2.7333333333333334,-0.5567044615745544,0.142016416813017
COHFACE_s20_session3_natural,0,83,2.7666666666666666,-0.6547308564186096,0.1458654051600565
COHFACE_s20_session3_natural,0,84,2.8,-0.7414025068283081,0.14282022496166838
COHFACE_s20_session3_natural,0,85,2.8333333333333335,-0.8102391362190247,0.1333714667052935
COHFACE_s20_session3_natural,0,86,2.8666666666666667,-0.8849055171012878,0.1173997196199018
COHFACE_s20_session3_natural,0,87,2.9,-0.8957415223121643,0.0945407032038004
COHFACE_s20_session3_natural,0,88,2.933333333333333,-0.6691240072250366,0.06535521671678816
COHFACE_s20_session3_natural,0,89,2.966666666666667,-0.024422485381364822,0.032635235964131065
COHFACE_s20_session3_natural,0,90,3.0,0.7881548404693604,0.001706034848245851
COHFACE_s20_session3_natural,0,91,3.033333333333333,1.3838884830474854,-0.021028220544684423
COHFACE_s20_session3_natural,0,92,3.066666666666667,1.6833525896072388,-0.030929763213407385
COHFACE_s20_session3_natural,0,93,3.1,1.785726547241211,-0.027720218892871427
COHFACE_s20_session3_natural,0,94,3.1333333333333333,1.7431730031967163,-0.01567931396739908
COHFACE_s20_session3_natural,0,95,3.1666666666666665,1.508057951927185,-0.0006361778586653094
COHFACE_s20_session3_natural,0,96,3.2,1.1401357650756836,0.014277344803108773
COHFACE_s20_session3_natural,0,97,3.2333333333333334,0.8074060678482056,0.030680222748209092
COHFACE_s20_session3_natural,0,98,3.2666666666666666,0.598376452922821,0.05314593027489452
COHFACE_s20_session3_natural,0,99,3.3,0.4467710852622986,0.08501744592134888
COHFACE_s20_session3_natural,0,100,3.3333333333333335,0.26763930916786194,0.12483582040373785
COHFACE_s20_session3_natural,0,101,3.3666666666666667,0.05746515095233917,0.16558151744975327
COHFACE_s20_session3_natural,0,102,3.4,-0.17085684835910797,0.19681705018906925
COHFACE_s20_session3_natural,0,103,3.433333333333333,-0.3947901129722595,0.2081920153835018
COHFACE_s20_session3_natural,0,104,3.466666666666667,-0.5735266208648682,0.19273055638919742
COHFACE_s20_session3_natural,0,105,3.5,-0.7006439566612244,0.14915492834621896
COHFACE_s20_session3_natural,0,106,3.533333333333333,-0.7975998520851135,0.08297458356454052
COHFACE_s20_session3_natural,0,107,3.566666666666667,-0.8989363312721252,0.00590667511024702
COHFACE_s20_session3_natural,0,108,3.6,-0.9897332191467285,-0.06703547726642027
COHFACE_s20_session3_natural,0,109,3.6333333333333333,-1.0618964433670044,-0.12280156437199317
COHFACE_s20_session3_natural,0,110,3.6666666666666665,-1.0869444608688354,-0.1561598726303347
COHFACE_s20_session3_natural,0,111,3.7,-0.851672887802124,-0.17276392047978892
COHFACE_s20_session3_natural,0,112,3.7333333333333334,-0.15177032351493835,-0.18632377302512929
COHFACE_s20_session3_natural,0,113,3.7666666666666666,0.6970862150192261,-0.21000951768554676
COHFACE_s20_session3_natural,0,114,3.8,1.300403356552124,-0.24701562728571566
COHFACE_s20_session3_natural,0,115,3.8333333333333335,1.6190528869628906,-0.28704552108420023
COHFACE_s20_session3_natural,0,116,3.8666666666666667,1.7334157228469849,-0.3115639108503234
COHFACE_s20_session3_natural,0,117,3.9,1.6598690748214722,-0.30431469577068476
COHFACE_s20_session3_natural,0,118,3.933333333333333,1.394444465637207,-0.260096532453219
COHFACE_s20_session3_natural,0,119,3.966666666666667,1.0044221878051758,-0.18650480016601917
COHFACE_s20_session3_natural,0,120,4.0,0.6598271727561951,-0.09882326382370704
COHFACE_s20_session3_natural,0,121,4.033333333333333,0.4429422616958618,-0.012703402536395587
COHFACE_s20_session3_natural,0,122,4.066666666666666,0.27507466077804565,0.06086370841386614
COHFACE_s20_session3_natural,0,123,4.1,0.08540328592061996,0.11686889072920831
COHFACE_s20_session3_natural,0,124,4.133333333333334,-0.12820446491241455,0.15504807403527898
COHFACE_s20_session3_natural,0,125,4.166666666666667,-0.3583544194698334,0.17792740226852655
COHFACE_s20_session3_natural,0,126,4.2,-0.5835556983947754,0.18926333384111513
COHFACE_s20_session3_natural,0,127,4.233333333333333,-0.770056962966919,0.19298662583425852
COHFACE_s20_session3_natural,0,128,4.266666666666667,-0.8982200026512146,0.1923861539106506
COHFACE_s20_session3_natural,0,129,4.3,-0.9942043423652649,0.18943570727604933
COHFACE_s20_session3_natural,0,130,4.333333333333333,-1.0810983180999756,0.18437631237257396
COHFACE_s20_session3_natural,0,131,4.366666666666666,-1.1509971618652344,0.17576539374595124
COHFACE_s20_session3_natural,0,132,4.4,-1.209434151649475,0.1611924635828702
COHFACE_s20_session3_natural,0,133,4.433333333333334,-1.2553637027740479,0.13863162925671124
COHFACE_s20_session3_natural,0,134,4.466666666666667,-1.1009917259216309,0.10795261697955527
COHFACE_s20_session3_natural,0,135,4.5,-0.4644913375377655,0.07172974849057512
COHFACE_s20_session3_natural,0,136,4.533333333333333,0.4512009918689728,0.03457744296322515
COHFACE_s20_session3_natural,0,137,4.566666666666666,1.1783170700073242,0.0010860011640482117
COHFACE_s20_session3_natural,0,138,4.6,1.575931191444397,-0.02634112253489587
COHFACE_s20_session3_natural,0,139,4.633333333333334,1.7414027452468872,-0.048140240872135864
COHFACE_s20_session3_natural,0,140,4.666666666666667,1.7311595678329468,-0.06637431037489716
COHFACE_s20_session3_natural,0,141,4.7,1.503553867340088,-0.08274247826171531
COHFACE_s20_session3_natural,0,142,4.733333333333333,1.1048529148101807,-0.09708804369561028
COHFACE_s20_session3_natural,0,143,4.766666666666667,0.7315787076950073,-0.10701840334244579
COHFACE_s20_session3_natural,0,144,4.8,0.4870603084564209,-0.1087158863872717
COHFACE_s20_session3_natural,0,145,4.833333333333333,0.3067922294139862,-0.09865663215071056
COHFACE_s20_session3_natural,0,146,4.866666666666666,0.10984195023775101,-0.07552113032325146
COHFACE_s20_session3_natural,0,147,4.9,-0.11562283337116241,-0.04131751866735899
COHFACE_s20_session3_natural,0,148,4.933333333333334,-0.34111231565475464,-0.0010190434530601992
COHFACE_s20_session3_natural,0,149,4.966666666666667,-0.5586230158805847,0.03910686400084272
COHFACE_s20_session3_natural,0,150,5.0,-0.7694393992424011,0.07331631258282989
COHFACE_s20_session3_natural,0,151,5.033333333333333,-0.9385585784912109,0.09712756759041861
COHFACE_s20_session3_natural,0,152,5.066666666666666,-1.0407843589782715,0.10696146551144865
COHFACE_s20_session3_natural,0,153,5.1,-1.1184314489364624,0.09985906101230706
COHFACE_s20_session3_natural,0,154,5.133333333333334,-1.1956833600997925,0.07429677359314366
COHFACE_s20_session3_natural,0,155,5.166666666666667,-1.261053442955017,0.03183345652604952
COHFACE_s20_session3_natural,0,156,5.2,-1.3205198049545288,-0.021899564941859084
COHFACE_s20_session3_natural,0,157,5.233333333333333,-1.3242579698562622,-0.07832586973267294
COHFACE_s20_session3_natural,0,158,5.266666666666667,-1.0595909357070923,-0.12907617037004648
COHFACE_s20_session3_natural,0,159,5.3,-0.31062161922454834,-0.1692031340190778
COHFACE_s20_session3_natural,0,160,5.333333333333333,0.592637300491333,-0.19797621897472115
COHFACE_s20_session3_natural,0,161,5.366666666666666,1.221611738204956,-0.2164950172880478
COHFACE_s20_session3_natural,0,162,5.4,1.5226980447769165,-0.22436117279952636
COHFACE_s20_session3_natural,0,163,5.433333333333334,1.5978502035140991,-0.21877845005565022
COHFACE_s20_session3_natural,0,164,5.466666666666667,1.478654146194458,-0.19698355180193391
COHFACE_s20_session3_natural,0,165,5.5,1.1651097536087036,-0.15961625486410116
COHFACE_s20_session3_natural,0,166,5.533333333333333,0.7834614515304565,-0.11195931643314876
COHFACE_s20_session3_natural,0,167,5.566666666666666,0.5057350993156433,-0.061944788138156584
COHFACE_s20_session3_natural,0,168,5.6,0.3506550192832947,-0.01637401821424902
COHFACE_s20_session3_natural,0,169,5.633333333333334,0.22412234544754028,0.022067189294240994
COHFACE_s20_session3_natural,0,170,5.666666666666667,0.048613548278808594,0.05539806378354688
COHFACE_s20_session3_natural,0,171,5.7,-0.16398964822292328,0.08872522320320833
COHFACE_s20_session3_natural,0,172,5.733333333333333,-0.38806289434432983,0.12757442318910275
COHFACE_s20_session3_natural,0,173,5.766666666666667,-0.6052606701850891,0.17529713100072047
COHFACE_s20_session3_natural,0,174,5.8,-0.7890035510063171,0.23126771067240684
COHFACE_s20_session3_natural,0,175,5.833333333333333,-0.9195461869239807,0.29025629399053215
COHFACE_s20_session3_natural,0,176,5.866666666666666,-1.0015902519226074,0.34320744160178773
COHFACE_s20_session3_natural,0,177,5.9,-1.055416226387024,0.37940102046154817
COHFACE_s20_session3_natural,0,178,5.933333333333334,-1.1120418310165405,0.38943594408551235
COHFACE_s20_session3_natural,0,179,5.966666666666667,-1.1721503734588623,0.3679924834878788
COHFACE_s20_session3_natural,0,180,6.0,-1.2035797834396362,0.3153139390340482
COHFACE_s20_session3_natural,0,181,6.033333333333333,-1.146806001663208,0.23682507193890587
COHFACE_s20_session3_natural,0,182,6.066666666666666,-0.7305417656898499,0.1410899429231594
COHFACE_s20_session3_natural,0,183,6.1,0.10479447990655899,0.037264076874355234
COHFACE_s20_session3_natural,0,184,6.133333333333334,0.9110480546951294,-0.06621500593192522
COHFACE_s20_session3_natural,0,185,6.166666666666667,1.3702199459075928,-0.16088780930307886
COHFACE_s20_session3_natural,0,186,6.2,1.5219075679779053,-0.23706992030781882
COHFACE_s20_session3_natural,0,187,6.233333333333333,1.4937883615493774,-0.2849955623172808
COHFACE_s20_session3_natural,0,188,6.266666666666667,1.2820085287094116,-0.2991398298396801
COHFACE_s20_session3_natural,0,189,6.3,0.9162601828575134,-0.28296015941252267
COHFACE_s20_session3_natural,0,190,6.333333333333333,0.5925961136817932,-0.24944661165584162
COHFACE_s20_session3_natural,0,191,6.366666666666666,0.4124515652656555,-0.21527370281457026
COHFACE_s20_session3_natural,0,192,6.4,0.29843464493751526,-0.1920124908941219
COHFACE_s20_session3_natural,0,193,6.433333333333334,0.15351535379886627,-0.18102993001439777
COHFACE_s20_session3_natural,0,194,6.466666666666667,-0.034822091460227966,-0.17543843086291347
COHFACE_s20_session3_natural,0,195,6.5,-0.23871366679668427,-0.16655360635875943
COHFACE_s20_session3_natural,0,196,6.533333333333333,-0.45661136507987976,-0.14957567127802956
COHFACE_s20_session3_natural,0,197,6.566666666666666,-0.6806763410568237,-0.12495184707833101
COHFACE_s20_session3_natural,0,198,6.6,-0.8635052442550659,-0.09586543296654323
COHFACE_s20_session3_natural,0,199,6.633333333333334,-0.981795608997345,-0.06505675358126721
COHFACE_s20_session3_natural,0,200,6.666666666666667,-1.053884744644165,-0.03363197662741737
COHFACE_s20_session3_natural,0,201,6.7,-1.1143802404403687,-0.00199394744780837
COHFACE_s20_session3_natural,0,202,6.733333333333333,-1.1818747520446777,0.028831189777365786
COHFACE_s20_session3_natural,0,203,6.766666666666667,-1.235939621925354,0.05705569627075711
COHFACE_s20_session3_natural,0,204,6.8,-1.2724000215530396,0.0810782300261734
COHFACE_s20_session3_natural,0,205,6.833333333333333,-1.144500494003296,0.10021035454500059
COHFACE_s20_session3_natural,0,206,6.866666666666666,-0.5465024709701538,0.11449749363272174
COHFACE_s20_session3_natural,0,207,6.9,0.36886048316955566,0.12414364774327896
COHFACE_s20_session3_natural,0,208,6.933333333333334,1.1097028255462646,0.1291762128105174
COHFACE_s20_session3_natural,0,209,6.966666666666667,1.5016436576843262,0.12940560812453375
COHFACE_s20_session3_natural,0,210,7.0,1.6402555704116821,0.12446859196471981
COHFACE_s20_session3_natural,0,211,7.033333333333333,1.602469563484192,0.11388079566151549
COHFACE_s20_session3_natural,0,212,7.066666666666666,1.3757120370864868,0.09720147239508034
COHFACE_s20_session3_natural,0,213,7.1,1.0133891105651855,0.07450644757863756
COHFACE_s20_session3_natural,0,214,7.133333333333334,0.6925081014633179,0.04731075684498162
COHFACE_s20_session3_natural,0,215,7.166666666666667,0.4853476285934448,0.01968162754443644
COHFACE_s20_session3_natural,0,216,7.2,0.33637717366218567,-0.001371827885996304
COHFACE_s20_session3_natural,0,217,7.233333333333333,0.17957612872123718,-0.0073597833162159666
COHFACE_s20_session3_natural,0,218,7.266666666666667,-0.006974531803280115,0.008074335591779684
COHFACE_s20_session3_natural,0,219,7.3,-0.2233242243528366,0.044760361895838305
COHFACE_s20_session3_natural,0,220,7.333333333333333,-0.4461294114589691,0.09364207327425272
COHFACE_s20_session3_natural,0,221,7.366666666666666,-0.6498810052871704,0.13877346224331735
COHFACE_s20_session3_natural,0,222,7.4,-0.8120506405830383,0.1632066506206164
COHFACE_s20_session3_natural,0,223,7.433333333333334,-0.9289823770523071,0.15566050308929985
COHFACE_s20_session3_natural,0,224,7.466666666666667,-1.0095279216766357,0.11471115772192601
COHFACE_s20_session3_natural,0,225,7.5,-1.0771046876907349,0.04904552422599695
COHFACE_s20_session3_natural,0,226,7.533333333333333,-1.1491526365280151,-0.02574691447760108
COHFACE_s20_session3_natural,0,227,7.566666666666666,-1.2258692979812622,-0.09227149780058669
COHFACE_s20_session3_natural,0,228,7.6,-1.2580974102020264,-0.13657108642983132
COHFACE_s20_session3_natural,0,229,7.633333333333334,-1.0084491968154907,-0.1520687772687118
COHFACE_s20_session3_natural,0,230,7.666666666666667,-0.24493037164211273,-0.1411130312539752
COHFACE_s20_session3_natural,0,231,7.7,0.682059109210968,-0.11354202388341282
COHFACE_s20_session3_natural,0,232,7.733333333333333,1.3358839750289917,-0.0825937949976191
COHFACE_s20_session3_natural,0,233,7.766666666666667,1.6507292985916138,-0.0596242833816497
COHFACE_s20_session3_natural,0,234,7.8,1.7328886985778809,-0.04989856593060189
COHFACE_s20_session3_natural,0,235,7.833333333333333,1.62922203540802,-0.05143921286452313
COHFACE_s20_session3_natural,0,236,7.866666666666666,1.337283730506897,-0.057360874784896966
COHFACE_s20_session3_natural,0,237,7.9,0.9508185386657715,-0.06024866821717067
COHFACE_s20_session3_natural,0,238,7.933333333333334,0.6311150193214417,-0.05616181180648403
COHFACE_s20_session3_natural,0,239,7.966666666666667,0.42986658215522766,-0.046240611145603884
COHFACE_s20_session3_natural,1,0,1.0,0.9791024923324585,-0.011167411158604305
COHFACE_s20_session3_natural,1,1,1.0333333333333334,0.8178550601005554,2.5486260090965005
COHFACE_s20_session3_natural,1,2,1.0666666666666667,0.6111392378807068,4.720312530545645
COHFACE_s20_session3_natural,1,3,1.1,0.3650563657283783,6.206989074626871
COHFACE_s20_session3_natural,1,4,1.1333333333333333,0.16029198467731476,6.8700674913910555
COHFACE_s20_session3_natural,1,5,1.1666666666666667,0.009295953437685966,6.748097632492688
COHFACE_s20_session3_natural,1,6,1.2,-0.1201186254620552,6.021126325311487
COHFACE_s20_session3_natural,1,7,1.2333333333333334,-0.2421308010816574,4.939905359724555
COHFACE_s20_session3_natural,1,8,1.2666666666666666,-0.34828418493270874,3.750109773610433
COHFACE_s20_session3_natural,1,9,1.3,-0.45626553893089294,2.636443560248073
COHFACE_s20_session3_natural,1,10,1.3333333333333333,-0.5672934651374817,1.6997507943776184
COHFACE_s20_session3_natural,1,11,1.3666666666666667,-0.6381062865257263,0.9663084429050198
COHFACE_s20_session3_natural,1,12,1.4,-0.5061144828796387,0.4156098852824058
COHFACE_s20_session3_natural,1,13,1.4333333333333333,0.05318344384431839,0.008553617100097527
COHFACE_s20_session3_natural,1,14,1.4666666666666666,0.8030914068222046,-0.29478259605864787
COHFACE_s20_session3_natural,1,15,1.5,1.382365107536316,-0.527747980877571
COHFACE_s20_session3_natural,1,16,1.5333333333333334,1.7131763696670532,-0.7150253503474895
COHFACE_s20_session3_natural,1,17,1.5666666666666667,1.8422863483428955,-0.8720226549251276
COHFACE_s20_session3_natural,1,18,1.6,1.8147022724151611,-1.0050729437852048
COHFACE_s20_session3_natural,1,19,1.6333333333333333,1.604206919670105,-1.1133077579471284
COHFACE_s20_session3_natural,1,20,1.6666666666666667,1.279645323753357,-1.1921044453618355
COHFACE_s20_session3_natural,1,21,1.7,0.9902925491333008,-1.2365941116277226
COHFACE_s20_session3_natural,1,22,1.7333333333333334,0.7925847768783569,-1.2439743675515653
COHFACE_s20_session3_natural,1,23,1.7666666666666666,0.6287518739700317,-1.2145942254073652
COHFACE_s20_session3_natural,1,24,1.8,0.41779544949531555,-1.1523700570869764
COHFACE_s20_session3_natural,1,25,1.8333333333333333,0.14157597720623016,-1.0648626888949808
COHFACE_s20_session3_natural,1,26,1.8666666666666667,-0.17063453793525696,-0.9628629858191423
COHFACE_s20_session3_natural,1,27,1.9,-0.47491565346717834,-0.8589509158995804
COHFACE_s20_session3_natural,1,28,1.9333333333333333,-0.6698074340820312,-0.7645562619266508
COHFACE_s20_session3_natural,1,29,1.9666666666666666,-0.7557215094566345,-0.6860908145414609
COHFACE_s20_session3_natural,1,30,2.0,-0.7821610569953918,-0.6223707866240455
COHFACE_s20_session3_natural,1,31,2.033333333333333,-0.7880483865737915,-0.5658135999563423
COHFACE_s20_session3_natural,1,32,2.066666666666667,-0.7975834012031555,-0.5075398526771281
COHFACE_s20_session3_natural,1,33,2.1,-0.8088887929916382,-0.4431869110887968
COHFACE_s20_session3_natural,1,34,2.1333333333333333,-0.8040224313735962,-0.3748635421348351
COHFACE_s20_session3_natural,1,35,2.1666666666666665,-0.6270726919174194,-0.30724875934411233
COHFACE_s20_session3_natural,1,36,2.2,-0.021408824250102043,-0.24119993044411667
COHFACE_s20_session3_natural,1,37,2.2333333333333334,0.8036431074142456,-0.17105566710827141
COHFACE_s20_session3_natural,1,38,2.2666666666666666,1.420052409172058,-0.08850798018548447
COHFACE_s20_session3_natural,1,39,2.3,1.7248852252960205,0.01011395509780219
COHFACE_s20_session3_natural,1,40,2.3333333333333335,1.843966007232666,0.1193479020288761
COHFACE_s20_session3_natural,1,41,2.3666666666666667,1.8054965734481812,0.22675528171978176
COHFACE_s20_session3_natural,1,42,2.4,1.5795871019363403,0.31979086758364667
COHFACE_s20_session3_natural,1,43,2.433333333333333,1.2355685234069824,0.3916458317671055
COHFACE_s20_session3_natural,1,44,2.466666666666667,0.9257870316505432,0.4421760014291092
COHFACE_s20_session3_natural,1,45,2.5,0.736650824546814,0.4747091436146889
COHFACE_s20_session3_natural,1,46,2.533333333333333,0.5891707539558411,0.49226635119021694
COHFACE_s20_session3_natural,1,47,2.566666666666667,0.4099237024784088,0.49605381045770797
COHFACE_s20_session3_natural,1,48,2.6,0.20656734704971313,0.4863822476188572
COHFACE_s20_session3_natural,1,49,2.6333333333333333,-0.015859073027968407,0.46416039771584383
COHFACE_s20_session3_natural,1,50,2.6666666666666665,-0.23644930124282837,0.4314629982272718
COHFACE_s20_session3_natural,1,51,2.7,-0.42859911918640137,0.3911762032154442
COHFACE_s20_session3_natural,1,52,2.7333333333333334,-0.5567044615745544,0.34642307973371483
COHFACE_s20_session3_natural,1,53,2.7666666666666666,-0.6547308564186096,0.30010818760779473
COHFACE_s20_session3_natural,1,54,2.8,-0.7414025068283081,0.2543287231212746
COHFACE_s20_session3_natural,1,55,2.8333333333333335,-0.8102391362190247,0.20945017939182417
COHFACE_s20_session3_natural,1,56,2.8666666666666667,-0.8849055171012878,0.16344808692838664
COHFACE_s20_session3_natural,1,57,2.9,-0.8957415223121643,0.11256865731735743
COHFACE_s20_session3_natural,1,58,2.933333333333333,-0.6691240072250366,0.0535796914368317
COHFACE_s20_session3_natural,1,59,2.966666666666667,-0.024422485381364822,-0.013425005106263852
COHFACE_s20_session3_natural,1,60,3.0,0.7881548404693604,-0.08335128162474427
COHFACE_s20_session3_natural,1,61,3.033333333333333,1.3838884830474854,-0.14686435387120497
COHFACE_s20_session3_natural,1,62,3.066666666666667,1.6833525896072388,-0.19370536955968043
COHFACE_s20_session3_natural,1,63,3.1,1.785726547241211,-0.21708771209901506
COHFACE_s20_session3_natural,1,64,3.1333333333333333,1.7431730031967163,-0.21652525292056105
COHFACE_s20_session3_natural,1,65,3.1666666666666665,1.508057951927185,-0.197120567990012
COHFACE_s20_session3_natural,1,66,3.2,1.1401357650756836,-0.16600228155233404
COHFACE_s20_session3_natural,1,67,3.2333333333333334,0.8074060678482056,-0.12873519041424392
COHFACE_s20_session3_natural,1,68,3.2666666666666666,0.598376452922821,-0.08798570944170175
COHFACE_s20_session3_natural,1,69,3.3,0.4467710852622986,-0.04460131796704049
COHFACE_s20_session3_natural,1,70,3.3333333333333335,0.26763930916786194,0.0002516089786645338
COHFACE_s20_session3_natural,1,71,3.3666666666666667,0.05746515095233917,0.04341184402368702
COHFACE_s20_session3_natural,1,72,3.4,-0.17085684835910797,0.07929151590937875
COHFACE_s20_session3_natural,1,73,3.433333333333333,-0.3947901129722595,0.10071494667305562
COHFACE_s20_session3_natural,1,74,3.466666666666667,-0.5735266208648682,0.10082865703994386
COHFACE_s20_session3_natural,1,75,3.5,-0.7006439566612244,0.07580708546140118
COHFACE_s20_session3_natural,1,76,3.533333333333333,-0.7975998520851135,0.027625902735589944
COHFACE_s20_session3_natural,1,77,3.566666666666667,-0.8989363312721252,-0.034485542113708835
COHFACE_s20_session3_natural,1,78,3.6,-0.9897332191467285,-0.09550756310100987
COHFACE_s20_session3_natural,1,79,3.6333333333333333,-1.0618964433670044,-0.13964877261302255
COHFACE_s20_session3_natural,1,80,3.6666666666666665,-1.0869444608688354,-0.15740703690409125
COHFACE_s20_session3_natural,1,81,3.7,-0.851672887802124,-0.15093708907185804
COHFACE_s20_session3_natural,1,82,3.7333333333333334,-0.15177032351493835,-0.13352665451577034
COHFACE_s20_session3_natural,1,83,3.7666666666666666,0.6970862150192261,-0.12198286601147057
COHFACE_s20_session3_natural,1,84,3.8,1.300403356552124,-0.1262480540822547
COHFACE_s20_session3_natural,1,85,3.8333333333333335,1.6190528869628906,-0.14351492053107262
COHFACE_s20_session3_natural,1,86,3.8666666666666667,1.7334157228469849,-0.16087790358797677
COHFACE_s20_session3_natural,1,87,3.9,1.6598690748214722,-0.16410065561578918
COHFACE_s20_session3_natural,1,88,3.933333333333333,1.394444465637207,-0.14592123925753453
COHFACE_s20_session3_natural,1,89,3.966666666666667,1.0044221878051758,-0.10851717739000824
COHFACE_s20_session3_natural,1,90,4.0,0.6598271727561951,-0.06016838085477108
COHFACE_s20_session3_natural,1,91,4.033333333333333,0.4429422616958618,-0.010344708522944066
COHFACE_s20_session3_natural,1,92,4.066666666666666,0.27507466077804565,0.03346713327491865
COHFACE_s20_session3_natural,1,93,4.1,0.08540328592061996,0.06703786316545599
COHFACE_s20_session3_natural,1,94,4.133333333333334,-0.12820446491241455,0.08975029875623113
COHFACE_s20_session3_natural,1,95,4.166666666666667,-0.3583544194698334,0.10430023777065645
COHFACE_s20_session3_natural,1,96,4.2,-0.5835556983947754,0.11549488847386581
COHFACE_s20_session3_natural,1,97,4.233333333333333,-0.770056962966919,0.1281799152491505
COHFACE_s20_session3_natural,1,98,4.266666666666667,-0.8982200026512146,0.14494707944038857
COHFACE_s20_session3_natural,1,99,4.3,-0.9942043423652649,0.16461586806181153
COHFACE_s20_session3_natural,1,100,4.333333333333333,-1.0810983180999756,0.18220835347289452
COHFACE_s20_session3_natural,1,101,4.366666666666666,-1.1509971618652344,0.19052868980601434
COHFACE_s20_session3_natural,1,102,4.4,-1.209434151649475,0.18292438533670313
COHFACE_s20_session3_natural,1,103,4.433333333333334,-1.2553637027740479,0.15635722847271216
COHFACE_s20_session3_natural,1,104,4.466666666666667,-1.1009917259216309,0.11352545400146177
COHFACE_s20_session3_natural,1,105,4.5,-0.4644913375377655,0.06276914123207396
COHFACE_s20_session3_natural,1,106,4.533333333333333,0.4512009918689728,0.015216409602708645
COHFACE_s20_session3_natural,1,107,4.566666666666666,1.1783170700073242,-0.019867649864281526
COHFACE_s20_session3_natural,1,108,4.6,1.575931191444397,-0.03901659475775454
COHFACE_s20_session3_natural,1,109,4.633333333333334,1.7414027452468872,-0.04531365609152483
COHFACE_s20_session3_natural,1,110,4.666666666666667,1.7311595678329468,-0.04569950346931446
COHFACE_s20_session3_natural,1,111,4.7,1.503553867340088,-0.046873680177726286
COHFACE_s20_session3_natural,1,112,4.733333333333333,1.1048529148101807,-0.052121573149976445
COHFACE_s20_session3_natural,1,113,4.766666666666667,0.7315787076950073,-0.060245776075755535
COHFACE_s20_session3_natural,1,114,4.8,0.4870603084564209,-0.06666103066592148
COHFACE_s20_session3_natural,1,115,4.833333333333333,0.3067922294139862,-0.06599319538581885
COHFACE_s20_session3_natural,1,116,4.866666666666666,0.10984195023775101,-0.05502475943424186
COHFACE_s20_session3_natural,1,117,4.9,-0.11562283337116241,-0.03463991427945134
COHFACE_s20_session3_natural,1,118,4.933333333333334,-0.34111231565475464,-0.009762460055321914
COHFACE_s20_session3_natural,1,119,4.966666666666667,-0.5586230158805847,0.012737245299583002
COHFACE_s20_session3_natural,1,120,5.0,-0.7694393992424011,0.026937280645074477
COHFACE_s20_session3_natural,1,121,5.033333333333333,-0.9385585784912109,0.02985850948350355
COHFACE_s20_session3_natural,1,122,5.066666666666666,-1.0407843589782715,0.021733679093512964
COHFACE_s20_session3_natural,1,123,5.1,-1.1184314489364624,0.005065474799380028
COHFACE_s20_session3_natural,1,124,5.133333333333334,-1.1956833600997925,-0.016444055935260184
COHFACE_s20_session3_natural,1,125,5.166666666666667,-1.261053442955017,-0.03853313788080741
COHFACE_s20_session3_natural,1,126,5.2,-1.3205198049545288,-0.057017667152836835
COHFACE_s20_session3_natural,1,127,5.233333333333333,-1.3242579698562622,-0.0690862610926169
COHFACE_s20_session3_natural,1,128,5.266666666666667,-1.0595909357070923,-0.0748790620528842
COHFACE_s20_session3_natural,1,129,5.3,-0.31062161922454834,-0.0778969372894653
COHFACE_s20_session3_natural,1,130,5.333333333333333,0.592637300491333,-0.08310064570064528
COHFACE_s20_session3_natural,1,131,5.366666666666666,1.221611738204956,-0.09330018519992934
COHFACE_s20_session3_natural,1,132,5.4,1.5226980447769165,-0.10631553704500853
COHFACE_s20_session3_natural,1,133,5.433333333333334,1.5978502035140991,-0.11543045335264492
COHFACE_s20_session3_natural,1,134,5.466666666666667,1.478654146194458,-0.11321551319836401
COHFACE_s20_session3_natural,1,135,5.5,1.1651097536087036,-0.0960779367765751
COHFACE_s20_session3_natural,1,136,5.533333333333333,0.7834614515304565,-0.06640574682070673
COHFACE_s20_session3_natural,1,137,5.566666666666666,0.5057350993156433,-0.031011273578136156
COHFACE_s20_session3_natural,1,138,5.6,0.3506550192832947,0.0028429258272637493
COHFACE_s20_session3_natural,1,139,5.633333333333334,0.22412234544754028,0.031147887580642842
COHFACE_s20_session3_natural,1,140,5.666666666666667,0.048613548278808594,0.054572390867706315
COHFACE_s20_session3_natural,1,141,5.7,-0.16398964822292328,0.07733972011685755
COHFACE_s20_session3_natural,1,142,5.733333333333333,-0.38806289434432983,0.10456236413634808
COHFACE_s20_session3_natural,1,143,5.766666666666667,-0.6052606701850891,0.13937095542053854
COHFACE_s20_session3_natural,1,144,5.8,-0.7890035510063171,0.1808738154250949
COHFACE_s20_session3_natural,1,145,5.833333333333333,-0.9195461869239807,0.22356013783495593
COHFACE_s20_session3_natural,1,146,5.866666666666666,-1.0015902519226074,0.2584652776191547
COHFACE_s20_session3_natural,1,147,5.9,-1.055416226387024,0.27594896148081494
COHFACE_s20_session3_natural,1,148,5.933333333333334,-1.1120418310165405,0.2691289176469042
COHFACE_s20_session3_natural,1,149,5.966666666666667,-1.1721503734588623,0.2364664953153784
COHFACE_s20_session3_natural,1,150,6.0,-1.2035797834396362,0.18231118587306805
COHFACE_s20_session3_natural,1,151,6.033333333333333,-1.146806001663208,0.11515564026404664
COHFACE_s20_session3_natural,1,152,6.066666666666666,-0.7305417656898499,0.044383036064279666
COHFACE_s20_session3_natural,1,153,6.1,0.10479447990655899,-0.02287998977479847
COHFACE_s20_session3_natural,1,154,6.133333333333334,0.9110480546951294,-0.08295602471283772
COHFACE_s20_session3_natural,1,155,6.166666666666667,1.3702199459075928,-0.13416870937120098
COHFACE_s20_session3_natural,1,156,6.2,1.5219075679779053,-0.17439333265434964
COHFACE_s20_session3_natural,1,157,6.233333333333333,1.4937883615493774,-0.20041998016410323
COHFACE_s20_session3_natural,1,158,6.266666666666667,1.2820085287094116,-0.21026595574631599
COHFACE_s20_session3_natural,1,159,6.3,0.9162601828575134,-0.20645999658959055
COHFACE_s20_session3_natural,1,160,6.333333333333333,0.5925961136817932,-0.1966355078834429
COHFACE_s20_session3_natural,1,161,6.366666666666666,0.4124515652656555,-0.18955348505338643
COHFACE_s20_session3_natural,1,162,6.4,0.29843464493751526,-0.18912058341772622
COHFACE_s20_session3_natural,1,163,6.433333333333334,0.15351535379886627,-0.1915339837749204
COHFACE_s20_session3_natural,1,164,6.466666666666667,-0.034822091460227966,-0.1881648457683783
COHFACE_s20_session3_natural,1,165,6.5,-0.23871366679668427,-0.17187545014875658
COHFACE_s20_session3_natural,1,166,6.533333333333333,-0.45661136507987976,-0.14181399822905
COHFACE_s20_session3_natural,1,167,6.566666666666666,-0.6806763410568237,-0.10327029204996954
COHFACE_s20_session3_natural,1,168,6.6,-0.8635052442550659,-0.06349037737726938
COHFACE_s20_session3_natural,1,169,6.633333333333334,-0.981795608997345,-0.027398349150296212
COHFACE_s20_session3_natural,1,170,6.666666666666667,-1.053884744644165,0.0037959773705389254
COHFACE_s20_session3_natural,1,171,6.7,-1.1143802404403687,0.031219615756738678
COHFACE_s20_session3_natural,1,172,6.733333333333333,-1.1818747520446777,0.056215126541735716
COHFACE_s20_session3_natural,1,173,6.766666666666667,-1.235939621925354,0.07925152744874485
COHFACE_s20_session3_natural,1,174,6.8,-1.2724000215530396,0.10014335559771119
COHFACE_s20_session3_natural,1,175,6.833333333333333,-1.144500494003296,0.11867946180548317
COHFACE_s20_session3_natural,1,176,6.866666666666666,-0.5465024709701538,0.13487331991836152
COHFACE_s20_session3_natural,1,177,6.9,0.36886048316955566,0.14879517480342558
COHFACE_s20_session3_natural,1,178,6.933333333333334,1.1097028255462646,0.16029415244830467
COHFACE_s20_session3_natural,1,179,6.966666666666667,1.5016436576843262,0.1687848511289904
COHFACE_s20_session3_natural,1,180,7.0,1.6402555704116821,0.17309152273649533
COHFACE_s20_session3_natural,1,181,7.033333333333333,1.602469563484192,0.1713958624615716
COHFACE_s20_session3_natural,1,182,7.066666666666666,1.3757120370864868,0.16157489235123323
COHFACE_s20_session3_natural,1,183,7.1,1.0133891105651855,0.14224054904997038
COHFACE_s20_session3_natural,1,184,7.133333333333334,0.6925081014633179,0.11432736929835616
COHFACE_s20_session3_natural,1,185,7.166666666666667,0.4853476285934448,0.08241154660691581
COHFACE_s20_session3_natural,1,186,7.2,0.33637717366218567,0.05460486181859485
COHFACE_s20_session3_natural,1,187,7.233333333333333,0.17957612872123718,0.04016038504676928
COHFACE_s20_session3_natural,1,188,7.266666666666667,-0.006974531803280115,0.04495526324397991
COHFACE_s20_session3_natural,1,189,7.3,-0.2233242243528366,0.06671662765369371
COHFACE_s20_session3_natural,1,190,7.333333333333333,-0.4461294114589691,0.09330335697360079
COHFACE_s20_session3_natural,1,191,7.366666666666666,-0.6498810052871704,0.10644995670511839
COHFACE_s20_session3_natural,1,192,7.4,-0.8120506405830383,0.08965797100038508
COHFACE_s20_session3_natural,1,193,7.433333333333334,-0.9289823770523071,0.03576187110747134
COHFACE_s20_session3_natural,1,194,7.466666666666667,-1.0095279216766357,-0.04979295976338875
COHFACE_s20_session3_natural,1,195,7.5,-1.0771046876907349,-0.15093521362189843
COHFACE_s20_session3_natural,1,196,7.533333333333333,-1.1491526365280151,-0.24656691827052094
COHFACE_s20_session3_natural,1,197,7.566666666666666,-1.2258692979812622,-0.3171045786361344
COHFACE_s20_session3_natural,1,198,7.6,-1.2580974102020264,-0.3496971320418986
COHFACE_s20_session3_natural,1,199,7.633333333333334,-1.0084491968154907,-0.3408901715340417
COHFACE_s20_session3_natural,1,200,7.666666666666667,-0.24493037164211273,-0.29642356689184185
COHFACE_s20_session3_natural,1,201,7.7,0.682059109210968,-0.2285531733764241
COHFACE_s20_session3_natural,1,202,7.733333333333333,1.3358839750289917,-0.15192153775238096
COHFACE_s20_session3_natural,1,203,7.766666666666667,1.6507292985916138,-0.07944117397836498
COHFACE_s20_session3_natural,1,204,7.8,1.7328886985778809,-0.019621002282780756
COHFACE_s20_session3_natural,1,205,7.833333333333333,1.62922203540802,0.0239384716302654
COHFACE_s20_session3_natural,1,206,7.866666666666666,1.337283730506897,0.05132664836988482
COHFACE_s20_session3_natural,1,207,7.9,0.9508185386657715,0.0646591206464808
COHFACE_s20_session3_natural,1,208,7.933333333333334,0.6311150193214417,0.06709166620389449
COHFACE_s20_session3_natural,1,209,7.966666666666667,0.42986658215522766,0.06270387400028504
COHFACE_s20_session3_natural,1,210,8.0,0.2755851745605469,0.056496401207831094
COHFACE_s20_session3_natural,1,211,8.033333333333333,0.10584843903779984,0.05356662391504856
COHFACE_s20_session3_natural,1,212,8.066666666666666,-0.0940990298986435,0.057346457328275785
COHFACE_s20_session3_natural,1,213,8.1,-0.3290988504886627,0.06790646163826958
COHFACE_s20_session3_natural,1,214,8.133333333333333,-0.5619248747825623,0.08175664602026593
COHFACE_s20_session3_natural,1,215,8.166666666666666,-0.7712920904159546,0.09376782418350489
COHFACE_s20_session3_natural,1,216,8.2,-0.9388961791992188,0.10019550546812594
COHFACE_s20_session3_natural,1,217,8.233333333333333,-1.033760666847229,0.10076202213477563
COHFACE_s20_session3_natural,1,218,8.266666666666667,-1.074988603591919,0.0984006945137221
COHFACE_s20_session3_natural,1,219,8.3,-1.128361701965332,0.09694923768297957
COHFACE_s20_session3_natural,1,220,8.333333333333334,-1.2051854133605957,0.09841669013085103
COHFACE_s20_session3_natural,1,221,8.366666666666667,-1.2813668251037598,0.10155060150321214
COHFACE_s20_session3_natural,1,222,8.4,-1.3200010061264038,0.10234243734466424
COHFACE_s20_session3_natural,1,223,8.433333333333334,-1.0580264329910278,0.09588322947975127
COHFACE_s20_session3_natural,1,224,8.466666666666667,-0.26185134053230286,0.07856627133361029
COHFACE_s20_session3_natural,1,225,8.5,0.6509343981742859,0.049827211773466246
COHFACE_s20_session3_natural,1,226,8.533333333333333,1.2473349571228027,0.01284588406828794
COHFACE_s20_session3_natural,1,227,8.566666666666666,1.5307345390319824,-0.026116024728833256
COHFACE_s20_session3_natural,1,228,8.6,1.6133055686950684,-0.05963226003875223
COHFACE_s20_session3_natural,1,229,8.633333333333333,1.5001697540283203,-0.08164773234281009
COHFACE_s20_session3_natural,1,230,8.666666666666666,1.1917057037353516,-0.08962709667609042
COHFACE_s20_session3_natural,1,231,8.7,0.82550448179245,-0.08532753751757835
COHFACE_s20_session3_natural,1,232,8.733333333333333,0.5427801012992859,-0.07372579224066832
COHFACE_s20_session3_natural,1,233,8.766666666666667,0.36652201414108276,-0.06057859542664777
COHFACE_s20_session3_natural,1,234,8.8,0.23223288357257843,-0.05001204926866279
COHFACE_s20_session3_natural,1,235,8.833333333333334,0.07866783440113068,-0.04351969522660217
COHFACE_s20_session3_natural,1,236,8.866666666666667,-0.12059620022773743,-0.04054910494213716
COHFACE_s20_session3_natural,1,237,8.9,-0.3421909809112549,-0.03970997051825903
COHFACE_s20_session3_natural,1,238,8.933333333333334,-0.5590841174125671,-0.03967208589160173
COHFACE_s20_session3_natural,1,239,8.966666666666667,-0.7485660910606384,-0.039515389070022305
COHFACE_s20_session3_natural,2,0,2.0,-0.7821610569953918,0.02309012194338317
COHFACE_s20_session3_natural,2,1,2.033333333333333,-0.7880483865737915,2.4822713576795
COHFACE_s20_session3_natural,2,2,2.066666666666667,-0.7975834012031555,4.554360049106001
COHFACE_s20_session3_natural,2,3,2.1,-0.8088887929916382,5.9452999011550505
COHFACE_s20_session3_natural,2,4,2.1333333333333333,-0.8040224313735962,6.52166935047459
COHFACE_s20_session3_natural,2,5,2.1666666666666665,-0.6270726919174194,6.331206171221085
COHFACE_s20_session3_natural,2,6,2.2,-0.021408824250102043,5.567299937674573
COHFACE_s20_session3_natural,2,7,2.2333333333333334,0.8036431074142456,4.494841358027495
COHFACE_s20_session3_natural,2,8,2.2666666666666666,1.420052409172058,3.368410778987469
COHFACE_s20_session3_natural,2,9,2.3,1.7248852252960205,2.3709987003607886
COHFACE_s20_session3_natural,2,10,2.3333333333333335,1.843966007232666,1.5890410533866246
COHFACE_s20_session3_natural,2,11,2.3666666666666667,1.8054965734481812,1.02363424181889
COHFACE_s20_session3_natural,2,12,2.4,1.5795871019363403,0.6240721464042399
COHFACE_s20_session3_natural,2,13,2.433333333333333,1.2355685234069824,0.3245149454373591
COHFACE_s20_session3_natural,2,14,2.466666666666667,0.9257870316505432,0.06971361764594002
COHFACE_s20_session3_natural,2,15,2.5,0.736650824546814,-0.17416998359178187
COHFACE_s20_session3_natural,2,16,2.533333333333333,0.5891707539558411,-0.41981528209736163
COHFACE_s20_session3_natural,2,17,2.566666666666667,0.4099237024784088,-0.6639401188904952
COHFACE_s20_session3_natural,2,18,2.6,0.20656734704971313,-0.8934673474351259
COHFACE_s20_session3_natural,2,19,2.6333333333333333,-0.015859073027968407,-1.0915985139755238
COHFACE_s20_session3_natural,2,20,2.6666666666666665,-0.23644930124282837,-1.2434762236846988
COHFACE_s20_session3_natural,2,21,2.7,-0.42859911918640137,-1.340410791159972
COHFACE_s20_session3_natural,2,22,2.7333333333333334,-0.5567044615745544,-1.3815380412160487
COHFACE_s20_session3_natural,2,23,2.7666666666666666,-0.6547308564186096,-1.3727602770074705
COHFACE_s20_session3_natural,2,24,2.8,-0.7414025068283081,-1.3241305317331538
COHFACE_s20_session3_natural,2,25,2.8333333333333335,-0.8102391362190247,-1.247268420287014
COHFACE_s20_session3_natural,2,26,2.8666666666666667,-0.8849055171012878,-1.1534932642336406
COHFACE_s20_session3_natural,2,27,2.9,-0.8957415223121643,-1.0523080008380916
COHFACE_s20_session3_natural,2,28,2.933333333333333,-0.6691240072250366,-0.9498818848974068
COHFACE_s20_session3_natural,2,29,2.966666666666667,-0.024422485381364822,-0.8479151868340485
COHFACE_s20_session3_natural,2,30,3.0,0.7881548404693604,-0.7437252458909329
COHFACE_s20_session3_natural,2,31,3.033333333333333,1.3838884830474854,-0.6320964811445412
COHFACE_s20_session3_natural,2,32,3.066666666666667,1.6833525896072388,-0.5084998812941985
COHFACE_s20_session3_natural,2,33,3.1,1.785726547241211,-0.3722403394738709
COHFACE_s20_session3_natural,2,34,3.1333333333333333,1.7431730031967163,-0.227695218347308
COHFACE_s20_session3_natural,2,35,3.1666666666666665,1.508057951927185,-0.08275951984464046
COHFACE_s20_session3_natural,2,36,3.2,1.1401357650756836,0.0543907991400564
COHFACE_s20_session3_natural,2,37,3.2333333333333334,0.8074060678482056,0.17791459891858247
COHFACE_s20_session3_natural,2,38,3.2666666666666666,0.598376452922821,0.2848949087751881
COHFACE_s20_session3_natural,2,39,3.3,0.4467710852622986,0.3743000200080405
COHFACE_s20_session3_natural,2,40,3.3333333333333335,0.26763930916786194,0.44561616558121475
COHFACE_s20_session3_natural,2,41,3.3666666666666667,0.05746515095233917,0.4980879843540028
COHFACE_s20_session3_natural,2,42,3.4,-0.17085684835910797,0.5305935261588298
COHFACE_s20_session3_natural,2,43,3.433333333333333,-0.3947901129722595,0.5417275652525337
COHFACE_s20_session3_natural,2,44,3.466666666666667,-0.5735266208648682,0.530077888517821
COHFACE_s20_session3_natural,2,45,3.5,-0.7006439566612244,0.49515751340492975
COHFACE_s20_session3_natural,2,46,3.533333333333333,-0.7975998520851135,0.4390987125850141
COHFACE_s20_session3_natural,2,47,3.566666666666667,-0.8989363312721252,0.3681602037766272
COHFACE_s20_session3_natural,2,48,3.6,-0.9897332191467285,0.2923115095141537
COHFACE_s20_session3_natural,2,49,3.6333333333333333,-1.0618964433670044,0.22184964047095157
COHFACE_s20_session3_natural,2,50,3.6666666666666665,-1.0869444608688354,0.16233226330718592
COHFACE_s20_session3_natural,2,51,3.7,-0.851672887802124,0.11128459983145655
COHFACE_s20_session3_natural,2,52,3.7333333333333334,-0.15177032351493835,0.059985608083084424
COHFACE_s20_session3_natural,2,53,3.7666666666666666,0.6970862150192261,0.00041765083756426305
COHFACE_s20_session3_natural,2,54,3.8,1.300403356552124,-0.06708436392302825
COHFACE_s20_session3_natural,2,55,3.8333333333333335,1.6190528869628906,-0.1315170415644483
COHFACE_s20_session3_natural,2,56,3.8666666666666667,1.7334157228469849,-0.1764736601513293
COHFACE_s20_session3_natural,2,57,3.9,1.6598690748214722,-0.1894581001272734
COHFACE_s20_session3_natural,2,58,3.933333333333333,1.394444465637207,-0.16890578804421327
COHFACE_s20_session3_natural,2,59,3.966666666666667,1.0044221878051758,-0.12454537416329615
COHFACE_s20_session3_natural,2,60,4.0,0.6598271727561951,-0.07177710638633618
COHFACE_s20_session3_natural,2,61,4.033333333333333,0.4429422616958618,-0.02457289400371496
COHFACE_s20_session3_natural,2,62,4.066666666666666,0.27507466077804565,0.008973168585548006
COHFACE_s20_session3_natural,2,63,4.1,0.08540328592061996,0.027305748445209395
COHFACE_s20_session3_natural,2,64,4.133333333333334,-0.12820446491241455,0.03356130882486109
COHFACE_s20_session3_natural,2,65,4.166666666666667,-0.3583544194698334,0.03310274430032687
COHFACE_s20_session3_natural,2,66,4.2,-0.5835556983947754,0.03155382990384895
COHFACE_s20_session3_natural,2,67,4.233333333333333,-0.770056962966919,0.033423774638444835
COHFACE_s20_session3_natural,2,68,4.266666666666667,-0.8982200026512146,0.04104422478702598
COHFACE_s20_session3_natural,2,69,4.3,-0.9942043423652649,0.053783244110947086
COHFACE_s20_session3_natural,2,70,4.333333333333333,-1.0810983180999756,0.06783303476952625
COHFACE_s20_session3_natural,2,71,4.366666666666666,-1.1509971618652344,0.07698187580543611
COHFACE_s20_session3_natural,2,72,4.4,-1.209434151649475,0.07456621541951712
COHFACE_s20_session3_natural,2,73,4.433333333333334,-1.2553637027740479,0.056251146766454256
COHFACE_s20_session3_natural,2,74,4.466666666666667,-1.1009917259216309,0.022604664468950687
COHFACE_s20_session3_natural,2,75,4.5,-0.4644913375377655,-0.019960285174844876
COHFACE_s20_session3_natural,2,76,4.533333333333333,0.4512009918689728,-0.0609419393780912
COHFACE_s20_session3_natural,2,77,4.566666666666666,1.1783170700073242,-0.08991325758448838
COHFACE_s20_session3_natural,2,78,4.6,1.575931191444397,-0.10101439466949523
COHFACE_s20_session3_natural,2,79,4.633333333333334,1.7414027452468872,-0.09512806135634702
COHFACE_s20_session3_natural,2,80,4.666666666666667,1.7311595678329468,-0.07862895037058687
COHFACE_s20_session3_natural,2,81,4.7,1.503553867340088,-0.05977801436968746
COHFACE_s20_session3_natural,2,82,4.733333333333333,1.1048529148101807,-0.04482203241627136
COHFACE_s20_session3_natural,2,83,4.766666666666667,0.7315787076950073,-0.035558222688180194
COHFACE_s20_session3_natural,2,84,4.8,0.4870603084564209,-0.029265607082226894
COHFACE_s20_session3_natural,2,85,4.833333333333333,0.3067922294139862,-0.020857748801410062
COHFACE_s20_session3_natural,2,86,4.866666666666666,0.10984195023775101,-0.0061099260545935275
COHFACE_s20_session3_natural,2,87,4.9,-0.11562283337116241,0.01571582508695777
COHFACE_s20_session3_natural,2,88,4.933333333333334,-0.34111231565475464,0.04122044579990475
COHFACE_s20_session3_natural,2,89,4.966666666666667,-0.5586230158805847,0.06440695948820321
COHFACE_s20_session3_natural,2,90,5.0,-0.7694393992424011,0.07919629763045276
COHFACE_s20_session3_natural,2,91,5.033333333333333,-0.9385585784912109,0.08123911662028402
COHFACE_s20_session3_natural,2,92,5.066666666666666,-1.0407843589782715,0.06838566210099102
COHFACE_s20_session3_natural,2,93,5.1,-1.1184314489364624,0.04053875265149026
COHFACE_s20_session3_natural,2,94,5.133333333333334,-1.1956833600997925,-0.00013267879062856805
COHFACE_s20_session3_natural,2,95,5.166666666666667,-1.261053442955017,-0.04857809929155392
COHFACE_s20_session3_natural,2,96,5.2,-1.3205198049545288,-0.09694900189033154
COHFACE_s20_session3_natural,2,97,5.233333333333333,-1.3242579698562622,-0.13651816960773827
COHFACE_s20_session3_natural,2,98,5.266666666666667,-1.0595909357070923,-0.16106664248002145
COHFACE_s20_session3_natural,2,99,5.3,-0.31062161922454834,-0.16963745688190654
COHFACE_s20_session3_natural,2,100,5.333333333333333,0.592637300491333,-0.16633244595022945
COHFACE_s20_session3_natural,2,101,5.366666666666666,1.221611738204956,-0.1567598888638406
COHFACE_s20_session3_natural,2,102,5.4,1.5226980447769165,-0.14368280667343117
COHFACE_s20_session3_natural,2,103,5.433333333333334,1.5978502035140991,-0.1254606359287742
COHFACE_s20_session3_natural,2,104,5.466666666666667,1.478654146194458,-0.09847210258071373
COHFACE_s20_session3_natural,2,105,5.5,1.1651097536087036,-0.061278946172645905
COHFACE_s20_session3_natural,2,106,5.533333333333333,0.7834614515304565,-0.017078834784903997
COHFACE_s20_session3_natural,2,107,5.566666666666666,0.5057350993156433,0.027422186853163024
COHFACE_s20_session3_natural,2,108,5.6,0.3506550192832947,0.06575106949319182
COHFACE_s20_session3_natural,2,109,5.633333333333334,0.22412234544754028,0.09525381884528841
COHFACE_s20_session3_natural,2,110,5.666666666666667,0.048613548278808594,0.11828939944835547
COHFACE_s20_session3_natural,2,111,5.7,-0.16398964822292328,0.1406516309726949
COHFACE_s20_session3_natural,2,112,5.733333333333333,-0.38806289434432983,0.1683066242592402
COHFACE_s20_session3_natural,2,113,5.766666666666667,-0.6052606701850891,0.20402601037793303
COHFACE_s20_session3_natural,2,114,5.8,-0.7890035510063171,0.2452525059139183
COHFACE_s20_session3_natural,2,115,5.833333333333333,-0.9195461869239807,0.283979128440566
COHFACE_s20_session3_natural,2,116,5.866666666666666,-1.0015902519226074,0.3088405168196968
COHFACE_s20_session3_natural,2,117,5.9,-1.055416226387024,0.3089327810381283
COHFACE_s20_session3_natural,2,118,5.933333333333334,-1.1120418310165405,0.27807610987148723
COHFACE_s20_session3_natural,2,119,5.966666666666667,-1.1721503734588623,0.2177316947533435
COHFACE_s20_session3_natural,2,120,6.0,-1.2035797834396362,0.13706785224191126
COHFACE_s20_session3_natural,2,121,6.033333333333333,-1.146806001663208,0.04984630757223179
COHFACE_s20_session3_natural,2,122,6.066666666666666,-0.7305417656898499,-0.030559590646889397
COHFACE_s20_session3_natural,2,123,6.1,0.10479447990655899,-0.09553092528921532
COHFACE_s20_session3_natural,2,124,6.133333333333334,0.9110480546951294,-0.14265285413999343
COHFACE_s20_session3_natural,2,125,6.166666666666667,1.3702199459075928,-0.17374244921775095
COHFACE_s20_session3_natural,2,126,6.2,1.5219075679779053,-0.19144954096780895
COHFACE_s20_session3_natural,2,127,6.233333333333333,1.4937883615493774,-0.1974641569168896
COHFACE_s20_session3_natural,2,128,6.266666666666667,1.2820085287094116,-0.19365526967124913
COHFACE_s20_session3_natural,2,129,6.3,0.9162601828575134,-0.1844349945038196
COHFACE_s20_session3_natural,2,130,6.333333333333333,0.5925961136817932,-0.17697658517689435
COHFACE_s20_session3_natural,2,131,6.366666666666666,0.4124515652656555,-0.17758292174802703
COHFACE_s20_session3_natural,2,132,6.4,0.29843464493751526,-0.18671408227081984
COHFACE_s20_session3_natural,2,133,6.433333333333334,0.15351535379886627,-0.1974494620827951
COHFACE_s20_session3_natural,2,134,6.466666666666667,-0.034822091460227966,-0.19941260014185366
COHFACE_s20_session3_natural,2,135,6.5,-0.23871366679668427,-0.18535264928768808
COHFACE_s20_session3_natural,2,136,6.533333333333333,-0.45661136507987976,-0.15537987006727158
COHFACE_s20_session3_natural,2,137,6.566666666666666,-0.6806763410568237,-0.11588767516363109
COHFACE_s20_session3_natural,2,138,6.6,-0.8635052442550659,-0.0746741749692678
COHFACE_s20_session3_natural,2,139,6.633333333333334,-0.981795608997345,-0.036618225727606944
COHFACE_s20_session3_natural,2,140,6.666666666666667,-1.053884744644165,-0.002875751939450414
COHFACE_s20_session3_natural,2,141,6.7,-1.1143802404403687,0.026987432205404685
COHFACE_s20_session3_natural,2,142,6.733333333333333,-1.1818747520446777,0.05266531597077171
COHFACE_s20_session3_natural,2,143,6.766666666666667,-1.235939621925354,0.07277604499075718
COHFACE_s20_session3_natural,2,144,6.8,-1.2724000215530396,0.08641489115801794
COHFACE_s20_session3_natural,2,145,6.833333333333333,-1.144500494003296,0.09475463182412128
COHFACE_s20_session3_natural,2,146,6.866666666666666,-0.5465024709701538,0.10121877874102636
COHFACE_s20_session3_natural,2,147,6.9,0.36886048316955566,0.11019839036563997
COHFACE_s20_session3_natural,2,148,6.933333333333334,1.1097028255462646,0.12512137828564301
COHFACE_s20_session3_natural,2,149,6.966666666666667,1.5016436576843262,0.1466987966649236
COHFACE_s20_session3_natural,2,150,7.0,1.6402555704116821,0.17192788078001373
COHFACE_s20_session3_natural,2,151,7.033333333333333,1.602469563484192,0.19425047555990443
COHFACE_s20_session3_natural,2,152,7.066666666666666,1.3757120370864868,0.20514090636236884
COHFACE_s20_session3_natural,2,153,7.1,1.0133891105651855,0.19707038097055615
COHFACE_s20_session3_natural,2,154,7.133333333333334,0.6925081014633179,0.1671150676949412
COHFACE_s20_session3_natural,2,155,7.166666666666667,0.4853476285934448,0.11972430185965043
COHFACE_s20_session3_natural,2,156,7.2,0.33637717366218567,0.06688456226907899
COHFACE_s20_session3_natural,2,157,7.233333333333333,0.17957612872123718,0.02459515225659177
COHFACE_s20_session3_natural,2,158,7.266666666666667,-0.006974531803280115,0.006276929362696937
COHFACE_s20_session3_natural,2,159,7.3,-0.2233242243528366,0.015844388706988725
COHFACE_s20_session3_natural,2,160,7.333333333333333,-0.4461294114589691,0.04439291836965937
COHFACE_s20_session3_natural,2,161,7.366666666666666,-0.6498810052871704,0.07315959968917363
COHFACE_s20_session3_natural,2,162,7.4,-0.8120506405830383,0.08162546822408348
COHFACE_s20_session3_natural,2,163,7.433333333333334,-0.9289823770523071,0.0563901809568888
COHFACE_s20_session3_natural,2,164,7.466666666666667,-1.0095279216766357,-0.0035028338531700254
COHFACE_s20_session3_natural,2,165,7.5,-1.0771046876907349,-0.08661617207384852
COHFACE_s20_session3_natural,2,166,7.533333333333333,-1.1491526365280151,-0.1737392776461419
COHFACE_s20_session3_natural,2,167,7.566666666666666,-1.2258692979812622,-0.2447161650603919
COHFACE_s20_session3_natural,2,168,7.6,-1.2580974102020264,-0.28481121166639495
COHFACE_s20_session3_natural,2,169,7.633333333333334,-1.0084491968154907,-0.28858952414722744
COHFACE_s20_session3_natural,2,170,7.666666666666667,-0.24493037164211273,-0.260390981968538
COHFACE_s20_session3_natural,2,171,7.7,0.682059109210968,-0.2116499263679613
COHFACE_s20_session3_natural,2,172,7.733333333333333,1.3358839750289917,-0.1562898797652909
COHFACE_s20_session3_natural,2,173,7.766666666666667,1.6507292985916138,-0.10599931743013442
COHFACE_s20_session3_natural,2,174,7.8,1.7328886985778809,-0.06717905381322634
COHFACE_s20_session3_natural,2,175,7.833333333333333,1.62922203540802,-0.04056010377922052
COHFACE_s20_session3_natural,2,176,7.866666666666666,1.337283730506897,-0.023113358352185098
COHFACE_s20_session3_natural,2,177,7.9,0.9508185386657715,-0.010731640302575198
COHFACE_s20_session3_natural,2,178,7.933333333333334,0.6311150193214417,-3.9980065518330134e-05
COHFACE_s20_session3_natural,2,179,7.966666666666667,0.42986658215522766,0.011360846607894406
COHFACE_s20_session3_natural,2,180,8.0,0.2755851745605469,0.02555470051262108
COHFACE_s20_session3_natural,2,181,8.033333333333333,0.10584843903779984,0.04457034757388554
COHFACE_s20_session3_natural,2,182,8.066666666666666,-0.0940990298986435,0.0696011206785276
COHFACE_s20_session3_natural,2,183,8.1,-0.3290988504886627,0.09977441286457375
COHFACE_s20_session3_natural,2,184,8.133333333333333,-0.5619248747825623,0.13168517882671962
COHFACE_s20_session3_natural,2,185,8.166666666666666,-0.7712920904159546,0.16037139272253803
COHFACE_s20_session3_natural,2,186,8.2,-0.9388961791992188,0.18112239503473848
COHFACE_s20_session3_natural,2,187,8.233333333333333,-1.033760666847229,0.19079961553298366
COHFACE_s20_session3_natural,2,188,8.266666666666667,-1.074988603591919,0.1880250878428105
COHFACE_s20_session3_natural,2,189,8.3,-1.128361701965332,0.17273257067319564
COHFACE_s20_session3_natural,2,190,8.333333333333334,-1.2051854133605957,0.14590906176964935
COHFACE_s20_session3_natural,2,191,8.366666666666667,-1.2813668251037598,0.10978737730858205
COHFACE_s20_session3_natural,2,192,8.4,-1.3200010061264038,0.06798547809717485
COHFACE_s20_session3_natural,2,193,8.433333333333334,-1.0580264329910278,0.024917490651821816
COHFACE_s20_session3_natural,2,194,8.466666666666667,-0.26185134053230286,-0.015519864950919268
COHFACE_s20_session3_natural,2,195,8.5,0.6509343981742859,-0.05114076945299846
COHFACE_s20_session3_natural,2,196,8.533333333333333,1.2473349571228027,-0.08156322141325903
COHFACE_s20_session3_natural,2,197,8.566666666666666,1.5307345390319824,-0.10699613832136691
COHFACE_s20_session3_natural,2,198,8.6,1.6133055686950684,-0.12666075304972352
COHFACE_s20_session3_natural,2,199,8.633333333333333,1.5001697540283203,-0.13822588261621277
COHFACE_s20_session3_natural,2,200,8.666666666666666,1.1917057037353516,-0.13880938589681088
COHFACE_s20_session3_natural,2,201,8.7,0.82550448179245,-0.12681240700715496
COHFACE_s20_session3_natural,2,202,8.733333333333333,0.5427801012992859,-0.10326971569705479
COHFACE_s20_session3_natural,2,203,8.766666666666667,0.36652201414108276,-0.0718783863280208
COHFACE_s20_session3_natural,2,204,8.8,0.23223288357257843,-0.03792778999190557
COHFACE_s20_session3_natural,2,205,8.833333333333334,0.07866783440113068,-0.006966686128059658
COHFACE_s20_session3_natural,2,206,8.866666666666667,-0.12059620022773743,0.016327095837552312
COHFACE_s20_session3_natural,2,207,8.9,-0.3421909809112549,0.029174082466719698
COHFACE_s20_session3_natural,2,208,8.933333333333334,-0.5590841174125671,0.03160557013801926
COHFACE_s20_session3_natural,2,209,8.966666666666667,-0.7485660910606384,0.026766170138136283
COHFACE_s20_session3_natural,2,210,9.0,-0.9055482745170593,0.02000714927340154
COHFACE_s20_session3_natural,2,211,9.033333333333333,-1.0113970041275024,0.01670547715373925
COHFACE_s20_session3_natural,2,212,9.066666666666666,-1.0738276243209839,0.019644607671289283
COHFACE_s20_session3_natural,2,213,9.1,-1.1305108070373535,0.02742696273178412
COHFACE_s20_session3_natural,2,214,9.133333333333333,-1.1814219951629639,0.0351419981073191
COHFACE_s20_session3_natural,2,215,9.166666666666666,-1.2210359573364258,0.03719968361563928
COHFACE_s20_session3_natural,2,216,9.2,-1.2056547403335571,0.030535394657426156
COHFACE_s20_session3_natural,2,217,9.233333333333333,-0.8617842793464661,0.01594056289493911
COHFACE_s20_session3_natural,2,218,9.266666666666667,-0.0379098616540432,-0.00313241469877902
COHFACE_s20_session3_natural,2,219,9.3,0.8375344276428223,-0.022857060092896547
COHFACE_s20_session3_natural,2,220,9.333333333333334,1.3549869060516357,-0.040392433997199426
COHFACE_s20_session3_natural,2,221,9.366666666666667,1.5371406078338623,-0.05355141050051995
COHFACE_s20_session3_natural,2,222,9.4,1.5224016904830933,-0.05992173734157669
COHFACE_s20_session3_natural,2,223,9.433333333333334,1.3215237855911255,-0.05716787237404336
COHFACE_s20_session3_natural,2,224,9.466666666666667,0.9647176265716553,-0.04468940185581701
COHFACE_s20_session3_natural,2,225,9.5,0.626355767250061,-0.024957801776397844
COHFACE_s20_session3_natural,2,226,9.533333333333333,0.43840527534484863,-0.002831331461140868
COHFACE_s20_session3_natural,2,227,9.566666666666666,0.34713083505630493,0.017081660503425803
COHFACE_s20_session3_natural,2,228,9.6,0.22862637042999268,0.03296841056376341
COHFACE_s20_session3_natural,2,229,9.633333333333333,0.054064489901065826,0.04593886237391656
COHFACE_s20_session3_natural,2,230,9.666666666666666,-0.1530795395374298,0.05742073884710332
COHFACE_s20_session3_natural,2,231,9.7,-0.37618115544319153,0.06607373325745261
COHFACE_s20_session3_natural,2,232,9.733333333333333,-0.5732631683349609,0.06726078509947105
COHFACE_s20_session3_natural,2,233,9.766666666666667,-0.7340824007987976,0.05624366249112698
COHFACE_s20_session3_natural,2,234,9.8,-0.8579966425895691,0.032916799836208
COHFACE_s20_session3_natural,2,235,9.833333333333334,-0.9357261061668396,0.004091292924704966
COHFACE_s20_session3_natural,2,236,9.866666666666667,-0.9843316674232483,-0.018953626752486796
COHFACE_s20_session3_natural,2,237,9.9,-1.0423240661621094,-0.0263775168358642
COHFACE_s20_session3_natural,2,238,9.933333333333334,-1.1062861680984497,-0.01543656394730999
COHFACE_s20_session3_natural,2,239,9.966666666666667,-1.1470201015472412,0.007623298326450678
COHFACE_s20_session3_natural,3,0,3.0,0.7881548404693604,0.042530526925160676
COHFACE_s20_session3_natural,3,1,3.033333333333333,1.3838884830474854,2.5766483373250106
COHFACE_s20_session3_natural,3,2,3.066666666666667,1.6833525896072388,4.721172901524243
COHFACE_s20_session3_natural,3,3,3.1,1.785726547241211,6.182383356846512
COHFACE_s20_session3_natural,3,4,3.1333333333333333,1.7431730031967163,6.828738162428599
COHFACE_s20_session3_natural,3,5,3.1666666666666665,1.508057951927185,6.708688890610862
COHFACE_s20_session3_natural,3,6,3.2,1.1401357650756836,6.01222463845587
COHFACE_s20_session3_natural,3,7,3.2333333333333334,0.8074060678482056,4.996841222573397
COHFACE_s20_session3_natural,3,8,3.2666666666666666,0.598376452922821,3.9096192358525497
COHFACE_s20_session3_natural,3,9,3.3,0.4467710852622986,2.9304861000663003
COHFACE_s20_session3_natural,3,10,3.3333333333333335,0.26763930916786194,2.148218756893372
COHFACE_s20_session3_natural,3,11,3.3666666666666667,0.05746515095233917,1.567637955482673
COHFACE_s20_session3_natural,3,12,3.4,-0.17085684835910797,1.137434842732448
COHFACE_s20_session3_natural,3,13,3.433333333333333,-0.3947901129722595,0.7848791520269047
COHFACE_s20_session3_natural,3,14,3.466666666666667,-0.5735266208648682,0.4457789266879242
COHFACE_s20_session3_natural,3,15,3.5,-0.7006439566612244,0.08302569058153714
COHFACE_s20_session3_natural,3,16,3.533333333333333,-0.7975998520851135,-0.30788914078824803
COHFACE_s20_session3_natural,3,17,3.566666666666667,-0.8989363312721252,-0.7044254709344081
COHFACE_s20_session3_natural,3,18,3.6,-0.9897332191467285,-1.0697957672183156
COHFACE_s20_session3_natural,3,19,3.6333333333333333,-1.0618964433670044,-1.3684122907434433
COHFACE_s20_session3_natural,3,20,3.6666666666666665,-1.0869444608688354,-1.579064207091886
COHFACE_s20_session3_natural,3,21,3.7,-0.851672887802124,-1.701319508216764
COHFACE_s20_session3_natural,3,22,3.7333333333333334,-0.15177032351493835,-1.7525440802503
COHFACE_s20_session3_natural,3,23,3.7666666666666666,0.6970862150192261,-1.7568910919900822
COHFACE_s20_session3_natural,3,24,3.8,1.300403356552124,-1.7323786110189523
COHFACE_s20_session3_natural,3,25,3.8333333333333335,1.6190528869628906,-1.6837430401768947
COHFACE_s20_session3_natural,3,26,3.8666666666666667,1.7334157228469849,-1.6047466475401706
COHFACE_s20_session3_natural,3,27,3.9,1.6598690748214722,-1.4871153345817454
COHFACE_s20_session3_natural,3,28,3.933333333333333,1.394444465637207,-1.3292931870121092
COHFACE_s20_session3_natural,3,29,3.966666666666667,1.0044221878051758,-1.1393533372221507
COHFACE_s20_session3_natural,3,30,4.0,0.6598271727561951,-0.9316006883078157
COHFACE_s20_session3_natural,3,31,4.033333333333333,0.4429422616958618,-0.7208741837102068
COHFACE_s20_session3_natural,3,32,4.066666666666666,0.27507466077804565,-0.5185840275863783
COHFACE_s20_session3_natural,3,33,4.1,0.08540328592061996,-0.3316596226619216
COHFACE_s20_session3_natural,3,34,4.133333333333334,-0.12820446491241455,-0.1633015068891505
COHFACE_s20_session3_natural,3,35,4.166666666666667,-0.3583544194698334,-0.014031802157172132
COHFACE_s20_session3_natural,3,36,4.2,-0.5835556983947754,0.11753467772689047
COHFACE_s20_session3_natural,3,37,4.233333333333333,-0.770056962966919,0.23386025677007305
COHFACE_s20_session3_natural,3,38,4.266666666666667,-0.8982200026512146,0.3372941289404534
COHFACE_s20_session3_natural,3,39,4.3,-0.9942043423652649,0.42879386594086794
COHFACE_s20_session3_natural,3,40,4.333333333333333,-1.0810983180999756,0.5071151196254001
COHFACE_s20_session3_natural,3,41,4.366666666666666,-1.1509971618652344,0.5689056500538647
COHFACE_s20_session3_natural,3,42,4.4,-1.209434151649475,0.6098413716352808
COHFACE_s20_session3_natural,3,43,4.433333333333334,-1.2553637027740479,0.6265336000000823
COHFACE_s20_session3_natural,3,44,4.466666666666667,-1.1009917259216309,0.6184804279048255
COHFACE_s20_session3_natural,3,45,4.5,-0.4644913375377655,0.5890556063704223
COHFACE_s20_session3_natural,3,46,4.533333333333333,0.4512009918689728,0.5447317460232356
COHFACE_s20_session3_natural,3,47,4.566666666666666,1.1783170700073242,0.49266375925314704
COHFACE_s20_session3_natural,3,48,4.6,1.575931191444397,0.43804040569607205
COHFACE_s20_session3_natural,3,49,4.633333333333334,1.7414027452468872,0.3829541942743057
COHFACE_s20_session3_natural,3,50,4.666666666666667,1.7311595678329468,0.32729570212491715
COHFACE_s20_session3_natural,3,51,4.7,1.503553867340088,0.27067198593447767
COHFACE_s20_session3_natural,3,52,4.733333333333333,1.1048529148101807,0.21402847732986388
COHFACE_s20_session3_natural,3,53,4.766666666666667,0.7315787076950073,0.16020799898637214
COHFACE_s20_session3_natural,3,54,4.8,0.4870603084564209,0.11322387447360215
COHFACE_s20_session3_natural,3,55,4.833333333333333,0.3067922294139862,0.07649138741591027
COHFACE_s20_session3_natural,3,56,4.866666666666666,0.10984195023775101,0.05082292389333734
COHFACE_s20_session3_natural,3,57,4.9,-0.11562283337116241,0.033348756339125867
COHFACE_s20_session3_natural,3,58,4.933333333333334,-0.34111231565475464,0.018259785745121944
COHFACE_s20_session3_natural,3,59,4.966666666666667,-0.5586230158805847,-0.000719945586432397
COHFACE_s20_session3_natural,3,60,5.0,-0.7694393992424011,-0.027456339639136185
COHFACE_s20_session3_natural,3,61,5.033333333333333,-0.9385585784912109,-0.061837006314736626
COHFACE_s20_session3_natural,3,62,5.066666666666666,-1.0407843589782715,-0.10023362648032075
COHFACE_s20_session3_natural,3,63,5.1,-1.1184314489364624,-0.1373370462227827
COHFACE_s20_session3_natural,3,64,5.133333333333334,-1.1956833600997925,-0.16817189189794302
COHFACE_s20_session3_natural,3,65,5.166666666666667,-1.261053442955017,-0.18951640331342096
COHFACE_s20_session3_natural,3,66,5.2,-1.3205198049545288,-0.20067571665245373
COHFACE_s20_session3_natural,3,67,5.233333333333333,-1.3242579698562622,-0.20383405156854012
COHFACE_s20_session3_natural,3,68,5.266666666666667,-1.0595909357070923,-0.20381298373510323
COHFACE_s20_session3_natural,3,69,5.3,-0.31062161922454834,-0.20666525539692857
COHFACE_s20_session3_natural,3,70,5.333333333333333,0.592637300491333,-0.21691129191536404
COHFACE_s20_session3_natural,3,71,5.366666666666666,1.221611738204956,-0.23439189288399404
COHFACE_s20_session3_natural,3,72,5.4,1.5226980447769165,-0.25282324651939586
COHFACE_s20_session3_natural,3,73,5.433333333333334,1.5978502035140991,-0.261779939949524
COHFACE_s20_session3_natural,3,74,5.466666666666667,1.478654146194458,-0.2515943209340679
COHFACE_s20_session3_natural,3,75,5.5,1.1651097536087036,-0.21837458055975928
COHFACE_s20_session3_natural,3,76,5.533333333333333,0.7834614515304565,-0.1660619615814838
COHFACE_s20_session3_natural,3,77,5.566666666666666,0.5057350993156433,-0.10432280986595276
COHFACE_s20_session3_natural,3,78,5.6,0.3506550192832947,-0.043730902892563116
COHFACE_s20_session3_natural,3,79,5.633333333333334,0.22412234544754028,0.008813540236819791
COHFACE_s20_session3_natural,3,80,5.666666666666667,0.048613548278808594,0.05217911639495837
COHFACE_s20_session3_natural,3,81,5.7,-0.16398964822292328,0.09018938723135084
COHFACE_s20_session3_natural,3,82,5.733333333333333,-0.38806289434432983,0.12883510874300444
COHFACE_s20_session3_natural,3,83,5.766666666666667,-0.6052606701850891,0.1729095243383043
COHFACE_s20_session3_natural,3,84,5.8,-0.7890035510063171,0.22333788262156165
COHFACE_s20_session3_natural,3,85,5.833333333333333,-0.9195461869239807,0.27608486451454833
COHFACE_s20_session3_natural,3,86,5.866666666666666,-1.0015902519226074,0.3230340978472516
COHFACE_s20_session3_natural,3,87,5.9,-1.055416226387024,0.35457379085975954
COHFACE_s20_session3_natural,3,88,5.933333333333334,-1.1120418310165405,0.3628504271898126
COHFACE_s20_session3_natural,3,89,5.966666666666667,-1.1721503734588623,0.3442619671748895
COHFACE_s20_session3_natural,3,90,6.0,-1.2035797834396362,0.30014498022821
COHFACE_s20_session3_natural,3,91,6.033333333333333,-1.146806001663208,0.23552998868280797
COHFACE_s20_session3_natural,3,92,6.066666666666666,-0.7305417656898499,0.1567911144849416
COHFACE_s20_session3_natural,3,93,6.1,0.10479447990655899,0.06966858368249433
COHFACE_s20_session3_natural,3,94,6.133333333333334,0.9110480546951294,-0.020882642429806215
COHFACE_s20_session3_natural,3,95,6.166666666666667,1.3702199459075928,-0.10885462056246012
COHFACE_s20_session3_natural,3,96,6.2,1.5219075679779053,-0.18535078959179993
COHFACE_s20_session3_natural,3,97,6.233333333333333,1.4937883615493774,-0.2395745641813916
COHFACE_s20_session3_natural,3,98,6.266666666666667,1.2820085287094116,-0.2634406135185635
COHFACE_s20_session3_natural,3,99,6.3,0.9162601828575134,-0.2571234389962553
COHFACE_s20_session3_natural,3,100,6.333333333333333,0.5925961136817932,-0.23087253473013358
COHFACE_s20_session3_natural,3,101,6.366666666666666,0.4124515652656555,-0.2004350034850047
COHFACE_s20_session3_natural,3,102,6.4,0.29843464493751526,-0.17876754795870445
COHFACE_s20_session3_natural,3,103,6.433333333333334,0.15351535379886627,-0.1700972516616441
COHFACE_s20_session3_natural,3,104,6.466666666666667,-0.034822091460227966,-0.16997478402535415
COHFACE_s20_session3_natural,3,105,6.5,-0.23871366679668427,-0.16991616845028398
COHFACE_s20_session3_natural,3,106,6.533333333333333,-0.45661136507987976,-0.162610755470889
COHFACE_s20_session3_natural,3,107,6.566666666666666,-0.6806763410568237,-0.14463257969385349
COHFACE_s20_session3_natural,3,108,6.6,-0.8635052442550659,-0.11633687581589774
COHFACE_s20_session3_natural,3,109,6.633333333333334,-0.981795608997345,-0.08056069528871766
COHFACE_s20_session3_natural,3,110,6.666666666666667,-1.053884744644165,-0.04146945889514244
COHFACE_s20_session3_natural,3,111,6.7,-1.1143802404403687,-0.003616565691739431
COHFACE_s20_session3_natural,3,112,6.733333333333333,-1.1818747520446777,0.029181923410788936
COHFACE_s20_session3_natural,3,113,6.766666666666667,-1.235939621925354,0.05505044782008189
COHFACE_s20_session3_natural,3,114,6.8,-1.2724000215530396,0.07461998241602441
COHFACE_s20_session3_natural,3,115,6.833333333333333,-1.144500494003296,0.09036435324815527
COHFACE_s20_session3_natural,3,116,6.866666666666666,-0.5465024709701538,0.1050530006663292
COHFACE_s20_session3_natural,3,117,6.9,0.36886048316955566,0.12036525273708917
COHFACE_s20_session3_natural,3,118,6.933333333333334,1.1097028255462646,0.13633504896918405
COHFACE_s20_session3_natural,3,119,6.966666666666667,1.5016436576843262,0.1515023249948101
COHFACE_s20_session3_natural,3,120,7.0,1.6402555704116821,0.163388237171954
COHFACE_s20_session3_natural,3,121,7.033333333333333,1.602469563484192,0.169117963413205
COHFACE_s20_session3_natural,3,122,7.066666666666666,1.3757120370864868,0.16619526735129342
COHFACE_s20_session3_natural,3,123,7.1,1.0133891105651855,0.15344178288318366
COHFACE_s20_session3_natural,3,124,7.133333333333334,0.6925081014633179,0.13199216919497522
COHFACE_s20_session3_natural,3,125,7.166666666666667,0.4853476285934448,0.10597079510623705
COHFACE_s20_session3_natural,3,126,7.2,0.33637717366218567,0.08218073555952998
COHFACE_s20_session3_natural,3,127,7.233333333333333,0.17957612872123718,0.06818163718881702
COHFACE_s20_session3_natural,3,128,7.266666666666667,-0.006974531803280115,0.06883050487016361
COHFACE_s20_session3_natural,3,129,7.3,-0.2233242243528366,0.08263930881640112
COHFACE_s20_session3_natural,3,130,7.333333333333333,-0.4461294114589691,0.10038471317372089
COHFACE_s20_session3_natural,3,131,7.366666666666666,-0.6498810052871704,0.10778287061300877
COHFACE_s20_session3_natural,3,132,7.4,-0.8120506405830383,0.09139912786402107
COHFACE_s20_session3_natural,3,133,7.433333333333334,-0.9289823770523071,0.044639480160371794
COHFACE_s20_session3_natural,3,134,7.466666666666667,-1.0095279216766357,-0.029147660628488746
COHFACE_s20_session3_natural,3,135,7.5,-1.0771046876907349,-0.11748437516942306
COHFACE_s20_session3_natural,3,136,7.533333333333333,-1.1491526365280151,-0.20267721219408194
COHFACE_s20_session3_natural,3,137,7.566666666666666,-1.2258692979812622,-0.26709631626623753
COHFACE_s20_session3_natural,3,138,7.6,-1.2580974102020264,-0.2980282712623165
COHFACE_s20_session3_natural,3,139,7.633333333333334,-1.0084491968154907,-0.2907778231354116
COHFACE_s20_session3_natural,3,140,7.666666666666667,-0.24493037164211273,-0.24933380274276554
COHFACE_s20_session3_natural,3,141,7.7,0.682059109210968,-0.1846063638588353
COHFACE_s20_session3_natural,3,142,7.733333333333333,1.3358839750289917,-0.11094214191086696
COHFACE_s20_session3_natural,3,143,7.766666666666667,1.6507292985916138,-0.04216610044117946
COHFACE_s20_session3_natural,3,144,7.8,1.7328886985778809,0.011469302456611527
COHFACE_s20_session3_natural,3,145,7.833333333333333,1.62922203540802,0.044567036924307656
COHFACE_s20_session3_natural,3,146,7.866666666666666,1.337283730506897,0.05627681228705674
COHFACE_s20_session3_natural,3,147,7.9,0.9508185386657715,0.04937332270101811
COHFACE_s20_session3_natural,3,148,7.933333333333334,0.6311150193214417,0.029598672166014292
COHFACE_s20_session3_natural,3,149,7.966666666666667,0.42986658215522766,0.005234698321729988
COHFACE_s20_session3_natural,3,150,8.0,0.2755851745605469,-0.01405927591884231
COHFACE_s20_session3_natural,3,151,8.033333333333333,0.10584843903779984,-0.01991356148826698
COHFACE_s20_session3_natural,3,152,8.066666666666666,-0.0940990298986435,-0.008641367991116502
COHFACE_s20_session3_natural,3,153,8.1,-0.3290988504886627,0.016742353821363465
COHFACE_s20_session3_natural,3,154,8.133333333333333,-0.5619248747825623,0.047532235602356906
COHFACE_s20_session3_natural,3,155,8.166666666666666,-0.7712920904159546,0.07318126483332146
COHFACE_s20_session3_natural,3,156,8.2,-0.9388961791992188,0.08598090167573073
COHFACE_s20_session3_natural,3,157,8.233333333333333,-1.033760666847229,0.08405758450173698
COHFACE_s20_session3_natural,3,158,8.266666666666667,-1.074988603591919,0.0713185440690557
COHFACE_s20_session3_natural,3,159,8.3,-1.128361701965332,0.05481369622828192
COHFACE_s20_session3_natural,3,160,8.333333333333334,-1.2051854133605957,0.0411972041715446
COHFACE_s20_session3_natural,3,161,8.366666666666667,-1.2813668251037598,0.03402641794551244
COHFACE_s20_session3_natural,3,162,8.4,-1.3200010061264038,0.03278601949871949
COHFACE_s20_session3_natural,3,163,8.433333333333334,-1.0580264329910278,0.033582565686961524
COHFACE_s20_session3_natural,3,164,8.466666666666667,-0.26185134053230286,0.031029548023882633
COHFACE_s20_session3_natural,3,165,8.5,0.6509343981742859,0.020711905782230595
COHFACE_s20_session3_natural,3,166,8.533333333333333,1.2473349571228027,0.0014026698370092428
COHFACE_s20_session3_natural,3,167,8.566666666666666,1.5307345390319824,-0.023902634649351592
COHFACE_s20_session3_natural,3,168,8.6,1.6133055686950684,-0.04872841254692706
COHFACE_s20_session3_natural,3,169,8.633333333333333,1.5001697540283203,-0.06548638657347897
COHFACE_s20_session3_natural,3,170,8.666666666666666,1.1917057037353516,-0.06850328061941652
COHFACE_s20_session3_natural,3,171,8.7,0.82550448179245,-0.05631330018072538
COHFACE_s20_session3_natural,3,172,8.733333333333333,0.5427801012992859,-0.032096525840001
COHFACE_s20_session3_natural,3,173,8.766666666666667,0.36652201414108276,-0.0021212729470536187
COHFACE_s20_session3_natural,3,174,8.8,0.23223288357257843,0.02677149322504362
COHFACE_s20_session3_natural,3,175,8.833333333333334,0.07866783440113068,0.049182942469354854
COHFACE_s20_session3_natural,3,176,8.866666666666667,-0.12059620022773743,0.06197872796363149
COHFACE_s20_session3_natural,3,177,8.9,-0.3421909809112549,0.0642771769404843
COHFACE_s20_session3_natural,3,178,8.933333333333334,-0.5590841174125671,0.05724812342827897
COHFACE_s20_session3_natural,3,179,8.966666666666667,-0.7485660910606384,0.043937241077678144
COHFACE_s20_session3_natural,3,180,9.0,-0.9055482745170593,0.028819153681304988
COHFACE_s20_session3_natural,3,181,9.033333333333333,-1.0113970041275024,0.016671746494754138
COHFACE_s20_session3_natural,3,182,9.066666666666666,-1.0738276243209839,0.010808843467800689
COHFACE_s20_session3_natural,3,183,9.1,-1.1305108070373535,0.011492138654411269
COHFACE_s20_session3_natural,3,184,9.133333333333333,-1.1814219951629639,0.015820680944730513
COHFACE_s20_session3_natural,3,185,9.166666666666666,-1.2210359573364258,0.019628942700190978
COHFACE_s20_session3_natural,3,186,9.2,-1.2056547403335571,0.02004702440475591
COHFACE_s20_session3_natural,3,187,9.233333333333333,-0.8617842793464661,0.01652757560550968
COHFACE_s20_session3_natural,3,188,9.266666666666667,-0.0379098616540432,0.009723055961041937
COHFACE_s20_session3_natural,3,189,9.3,0.8375344276428223,-0.0001994398589383086
COHFACE_s20_session3_natural,3,190,9.333333333333334,1.3549869060516357,-0.013813236598617685
COHFACE_s20_session3_natural,3,191,9.366666666666667,1.5371406078338623,-0.03085489436022915
COHFACE_s20_session3_natural,3,192,9.4,1.5224016904830933,-0.04847758198072977
COHFACE_s20_session3_natural,3,193,9.433333333333334,1.3215237855911255,-0.06150030114690149
COHFACE_s20_session3_natural,3,194,9.466666666666667,0.9647176265716553,-0.06501207233842393
COHFACE_s20_session3_natural,3,195,9.5,0.626355767250061,-0.057410138865614475
COHFACE_s20_session3_natural,3,196,9.533333333333333,0.43840527534484863,-0.04145257384929635
COHFACE_s20_session3_natural,3,197,9.566666666666666,0.34713083505630493,-0.02253083134750906
COHFACE_s20_session3_natural,3,198,9.6,0.22862637042999268,-0.0057441337584969564
COHFACE_s20_session3_natural,3,199,9.633333333333333,0.054064489901065826,0.0057255688545013155
COHFACE_s20_session3_natural,3,200,9.666666666666666,-0.1530795395374298,0.010008873517216965
COHFACE_s20_session3_natural,3,201,9.7,-0.37618115544319153,0.0051323109699418345
COHFACE_s20_session3_natural,3,202,9.733333333333333,-0.5732631683349609,-0.011023447175187426
COHFACE_s20_session3_natural,3,203,9.766666666666667,-0.7340824007987976,-0.038668734634893835
COHFACE_s20_session3_natural,3,204,9.8,-0.8579966425895691,-0.07371635204370487
COHFACE_s20_session3_natural,3,205,9.833333333333334,-0.9357261061668396,-0.1078260741515574
COHFACE_s20_session3_natural,3,206,9.866666666666667,-0.9843316674232483,-0.13180138645983264
COHFACE_s20_session3_natural,3,207,9.9,-1.0423240661621094,-0.14029806622434346
COHFACE_s20_session3_natural,3,208,9.933333333333334,-1.1062861680984497,-0.134441221443615
COHFACE_s20_session3_natural,3,209,9.966666666666667,-1.1470201015472412,-0.12032320157469785
COHFACE_s20_session3_natural,3,210,10.0,-1.0531436204910278,-0.10451623698745109
COHFACE_s20_session3_natural,3,211,10.033333333333333,-0.508625864982605,-0.08991618523474496
COHFACE_s20_session3_natural,3,212,10.066666666666666,0.38738709688186646,-0.07448367388791718
COHFACE_s20_session3_natural,3,213,10.1,1.1441622972488403,-0.05292190900772013
COHFACE_s20_session3_natural,3,214,10.133333333333333,1.5632672309875488,-0.01942962082512658
COHFACE_s20_session3_natural,3,215,10.166666666666666,1.7183144092559814,0.030284603538323115
COHFACE_s20_session3_natural,3,216,10.2,1.6825456619262695,0.09792755141796036
COHFACE_s20_session3_natural,3,217,10.233333333333333,1.452988624572754,0.1815287572467615
COHFACE_s20_session3_natural,3,218,10.266666666666667,1.0879648923873901,0.27406042285774074
COHFACE_s20_session3_natural,3,219,10.3,0.7624151706695557,0.3628222012962752
COHFACE_s20_session3_natural,3,220,10.333333333333334,0.5531550049781799,0.43084498053343867
COHFACE_s20_session3_natural,3,221,10.366666666666667,0.41036009788513184,0.46063619430985125
COHFACE_s20_session3_natural,3,222,10.4,0.2571573555469513,0.4394132963331108
COHFACE_s20_session3_natural,3,223,10.433333333333334,0.06119517609477043,0.3641487574055481
COHFACE_s20_session3_natural,3,224,10.466666666666667,-0.15472634136676788,0.24449360548715532
COHFACE_s20_session3_natural,3,225,10.5,-0.3774162530899048,0.10186044265782514
COHFACE_s20_session3_natural,3,226,10.533333333333333,-0.5867834687232971,-0.03622961263921126
COHFACE_s20_session3_natural,3,227,10.566666666666666,-0.7632392048835754,-0.1452591060097806
COHFACE_s20_session3_natural,3,228,10.6,-0.8948522806167603,-0.21207078236844534
COHFACE_s20_session3_natural,3,229,10.633333333333333,-0.9788313508033752,-0.23782143684437604
COHFACE_s20_session3_natural,3,230,10.666666666666666,-1.0532671213150024,-0.23457719243752592
COHFACE_s20_session3_natural,3,231,10.7,-1.1218156814575195,-0.21863161464200584
COHFACE_s20_session3_natural,3,232,10.733333333333333,-1.1793633699417114,-0.2041179947700211
COHFACE_s20_session3_natural,3,233,10.766666666666667,-1.2043949365615845,-0.19871993011195374
COHFACE_s20_session3_natural,3,234,10.8,-0.9814826846122742,-0.2021011169404779
COHFACE_s20_session3_natural,3,235,10.833333333333334,-0.2510647475719452,-0.20726216393781347
COHFACE_s20_session3_natural,3,236,10.866666666666667,0.6727052330970764,-0.20440076487196898
COHFACE_s20_session3_natural,3,237,10.9,1.3353816270828247,-0.1858661561578094
COHFACE_s20_session3_natural,3,238,10.933333333333334,1.669922947883606,-0.15004516812014854
COHFACE_s20_session3_natural,3,239,10.966666666666667,1.7870358228683472,-0.10232295487262286
COHFACE_s20_session3_natural,4,0,4.0,0.6598271727561951,-0.007067463359257018
COHFACE_s20_session3_natural,4,1,4.033333333333333,0.4429422616958618,2.6592931038501884
COHFACE_s20_session3_natural,4,2,4.066666666666666,0.27507466077804565,4.907570490578953
COHFACE_s20_session3_natural,4,3,4.1,0.08540328592061996,6.42233544743569
COHFACE_s20_session3_natural,4,4,4.133333333333334,-0.12820446491241455,7.065185723474916
COHFACE_s20_session3_natural,4,5,4.166666666666667,-0.3583544194698334,6.893068818387153
COHFACE_s20_session3_natural,4,6,4.2,-0.5835556983947754,6.115067715647362
COHFACE_s20_session3_natural,4,7,4.233333333333333,-0.770056962966919,5.011009481818351
COHFACE_s20_session3_natural,4,8,4.266666666666667,-0.8982200026512146,3.846715480588026
COHFACE_s20_session3_natural,4,9,4.3,-0.9942043423652649,2.8129865428077987
COHFACE_s20_session3_natural,4,10,4.333333333333333,-1.0810983180999756,2.0005915967211703
COHFACE_s20_session3_natural,4,11,4.366666666666666,-1.1509971618652344,1.409450144700297
COHFACE_s20_session3_natural,4,12,4.4,-1.209434151649475,0.9804735661197738
COHFACE_s20_session3_natural,4,13,4.433333333333334,-1.2553637027740479,0.6347633111400499
COHFACE_s20_session3_natural,4,14,4.466666666666667,-1.1009917259216309,0.306634392550286
COHFACE_s20_session3_natural,4,15,4.5,-0.4644913375377655,-0.03782194465502389
COHFACE_s20_session3_natural,4,16,4.533333333333333,0.4512009918689728,-0.3986085046487378
COHFACE_s20_session3_natural,4,17,4.566666666666666,1.1783170700073242,-0.7524106624404543
COHFACE_s20_session3_natural,4,18,4.6,1.575931191444397,-1.0684732369079504
COHFACE_s20_session3_natural,4,19,4.633333333333334,1.7414027452468872,-1.3220820199423613
COHFACE_s20_session3_natural,4,20,4.666666666666667,1.7311595678329468,-1.5012583607150647
COHFACE_s20_session3_natural,4,21,4.7,1.503553867340088,-1.6065989717887825
COHFACE_s20_session3_natural,4,22,4.733333333333333,1.1048529148101807,-1.6468777735474218
COHFACE_s20_session3_natural,4,23,4.766666666666667,0.7315787076950073,-1.6336424111673569
COHFACE_s20_session3_natural,4,24,4.8,0.4870603084564209,-1.577363432535458
COHFACE_s20_session3_natural,4,25,4.833333333333333,0.3067922294139862,-1.486265388425592
COHFACE_s20_session3_natural,4,26,4.866666666666666,0.10984195023775101,-1.3673054444575754
COHFACE_s20_session3_natural,4,27,4.9,-0.11562283337116241,-1.2276912544620322
COHFACE_s20_session3_natural,4,28,4.933333333333334,-0.34111231565475464,-1.0754245536644191
COHFACE_s20_session3_natural,4,29,4.966666666666667,-0.5586230158805847,-0.9184687162480195
COHFACE_s20_session3_natural,4,30,5.0,-0.7694393992424011,-0.7634543126799094
COHFACE_s20_session3_natural,4,31,5.033333333333333,-0.9385585784912109,-0.6151898796410651
COHFACE_s20_session3_natural,4,32,5.066666666666666,-1.0407843589782715,-0.47722563766147863
COHFACE_s20_session3_natural,4,33,5.1,-1.1184314489364624,-0.3524847799821669
COHFACE_s20_session3_natural,4,34,5.133333333333334,-1.1956833600997925,-0.24288401654917235
COHFACE_s20_session3_natural,4,35,5.166666666666667,-1.261053442955017,-0.14800645317336647
COHFACE_s20_session3_natural,4,36,5.2,-1.3205198049545288,-0.06426343147565437
COHFACE_s20_session3_natural,4,37,5.233333333333333,-1.3242579698562622,0.0138984611533369
COHFACE_s20_session3_natural,4,38,5.266666666666667,-1.0595909357070923,0.0908592194623193
COHFACE_s20_session3_natural,4,39,5.3,-0.31062161922454834,0.1668496475150887
COHFACE_s20_session3_natural,4,40,5.333333333333333,0.592637300491333,0.2376052144984778
COHFACE_s20_session3_natural,4,41,5.366666666666666,1.221611738204956,0.2973154915423315
COHFACE_s20_session3_natural,4,42,5.4,1.5226980447769165,0.3427353184769148
COHFACE_s20_session3_natural,4,43,5.433333333333334,1.5978502035140991,0.3751567423841289
COHFACE_s20_session3_natural,4,44,5.466666666666667,1.478654146194458,0.39883830898514455
COHFACE_s20_session3_natural,4,45,5.5,1.1651097536087036,0.4174868522252229
COHFACE_s20_session3_natural,4,46,5.533333333333333,0.7834614515304565,0.43170510252456645
COHFACE_s20_session3_natural,4,47,5.566666666666666,0.5057350993156433,0.43924838337043814
COHFACE_s20_session3_natural,4,48,5.6,0.3506550192832947,0.4375868823427749
COHFACE_s20_session3_natural,4,49,5.633333333333334,0.22412234544754028,0.4266177535482354
COHFACE_s20_session3_natural,4,50,5.666666666666667,0.048613548278808594,0.40965518949592844
COHFACE_s20_session3_natural,4,51,5.7,-0.16398964822292328,0.39228194850926906
COHFACE_s20_session3_natural,4,52,5.733333333333333,-0.38806289434432983,0.3798526920073787
COHFACE_s20_session3_natural,4,53,5.766666666666667,-0.6052606701850891,0.3748917013155684
COHFACE_s20_session3_natural,4,54,5.8,-0.7890035510063171,0.37548098586543993
COHFACE_s20_session3_natural,4,55,5.833333333333333,-0.9195461869239807,0.3752861969005757
COHFACE_s20_session3_natural,4,56,5.866666666666666,-1.0015902519226074,0.36533732208725056
COHFACE_s20_session3_natural,4,57,5.9,-1.055416226387024,0.3370720170635485
COHFACE_s20_session3_natural,4,58,5.933333333333334,-1.1120418310165405,0.28553732369442925
COHFACE_s20_session3_natural,4,59,5.966666666666667,-1.1721503734588623,0.21143823977732384
COHFACE_s20_session3_natural,4,60,6.0,-1.2035797834396362,0.12118448740704622
COHFACE_s20_session3_natural,4,61,6.033333333333333,-1.146806001663208,0.024896622107064382
COHFACE_s20_session3_natural,4,62,6.066666666666666,-0.7305417656898499,-0.06692764137180451
COHFACE_s20_session3_natural,4,63,6.1,0.10479447990655899,-0.1467223462131152
COHFACE_s20_session3_natural,4,64,6.133333333333334,0.9110480546951294,-0.2113985321603902
COHFACE_s20_session3_natural,4,65,6.166666666666667,1.3702199459075928,-0.26121926179536653
COHFACE_s20_session3_natural,4,66,6.2,1.5219075679779053,-0.2971991917634779
COHFACE_s20_session3_natural,4,67,6.233333333333333,1.4937883615493774,-0.3195615919996887
COHFACE_s20_session3_natural,4,68,6.266666666666667,1.2820085287094116,-0.32866184229728046
COHFACE_s20_session3_natural,4,69,6.3,0.9162601828575134,-0.32716950736847494
COHFACE_s20_session3_natural,4,70,6.333333333333333,0.5925961136817932,-0.32059355986072313
COHFACE_s20_session3_natural,4,71,6.366666666666666,0.4124515652656555,-0.31443901142480535
COHFACE_s20_session3_natural,4,72,6.4,0.29843464493751526,-0.30995107008720263
COHFACE_s20_session3_natural,4,73,6.433333333333334,0.15351535379886627,-0.3025761492486198
COHFACE_s20_session3_natural,4,74,6.466666666666667,-0.034822091460227966,-0.28506767371977915
COHFACE_s20_session3_natural,4,75,6.5,-0.23871366679668427,-0.2529693544877817
COHFACE_s20_session3_natural,4,76,6.533333333333333,-0.45661136507987976,-0.20812715950955168
COHFACE_s20_session3_natural,4,77,6.566666666666666,-0.6806763410568237,-0.1575132413706344
COHFACE_s20_session3_natural,4,78,6.6,-0.8635052442550659,-0.10861591307421352
COHFACE_s20_session3_natural,4,79,6.633333333333334,-0.981795608997345,-0.06531847792460123
COHFACE_s20_session3_natural,4,80,6.666666666666667,-1.053884744644165,-0.027106375488043555
COHFACE_s20_session3_natural,4,81,6.7,-1.1143802404403687,0.00868670339425999
COHFACE_s20_session3_natural,4,82,6.733333333333333,-1.1818747520446777,0.04396252506424879
COHFACE_s20_session3_natural,4,83,6.766666666666667,-1.235939621925354,0.07846810127348006
COHFACE_s20_session3_natural,4,84,6.8,-1.2724000215530396,0.1103774553166862
COHFACE_s20_session3_natural,4,85,6.833333333333333,-1.144500494003296,0.1377463007829113
COHFACE_s20_session3_natural,4,86,6.866666666666666,-0.5465024709701538,0.15965623214940583
COHFACE_s20_session3_natural,4,87,6.9,0.36886048316955566,0.17659243915433095
COHFACE_s20_session3_natural,4,88,6.933333333333334,1.1097028255462646,0.1900240599674897
COHFACE_s20_session3_natural,4,89,6.966666666666667,1.5016436576843262,0.2012963874164511
COHFACE_s20_session3_natural,4,90,7.0,1.6402555704116821,0.2102359647043739
COHFACE_s20_session3_natural,4,91,7.033333333333333,1.602469563484192,0.21426424597265684
COHFACE_s20_session3_natural,4,92,7.066666666666666,1.3757120370864868,0.20892550600694676
COHFACE_s20_session3_natural,4,93,7.1,1.0133891105651855,0.19015190343054178
COHFACE_s20_session3_natural,4,94,7.133333333333334,0.6925081014633179,0.1573899034864974
COHFACE_s20_session3_natural,4,95,7.166666666666667,0.4853476285934448,0.11578345611009888
COHFACE_s20_session3_natural,4,96,7.2,0.33637717366218567,0.07576823202966258
COHFACE_s20_session3_natural,4,97,7.233333333333333,0.17957612872123718,0.04955493206742132
COHFACE_s20_session3_natural,4,98,7.266666666666667,-0.006974531803280115,0.045491834708643396
COHFACE_s20_session3_natural,4,99,7.3,-0.2233242243528366,0.06278841976395619
COHFACE_s20_session3_natural,4,100,7.333333333333333,-0.4461294114589691,0.08983324608640043
COHFACE_s20_session3_natural,4,101,7.366666666666666,-0.6498810052871704,0.10801305288991202
COHFACE_s20_session3_natural,4,102,7.4,-0.8120506405830383,0.09953636156020793
COHFACE_s20_session3_natural,4,103,7.433333333333334,-0.9289823770523071,0.05509560638796
COHFACE_s20_session3_natural,4,104,7.466666666666667,-1.0095279216766357,-0.022320625707654137
COHFACE_s20_session3_natural,4,105,7.5,-1.0771046876907349,-0.11859919367542728
COHFACE_s20_session3_natural,4,106,7.533333333333333,-1.1491526365280151,-0.21348905004080387
COHFACE_s20_session3_natural,4,107,7.566666666666666,-1.2258692979812622,-0.28711125451602426
COHFACE_s20_session3_natural,4,108,7.6,-1.2580974102020264,-0.32565175915102
COHFACE_s20_session3_natural,4,109,7.633333333333334,-1.0084491968154907,-0.32456950180176763
COHFACE_s20_session3_natural,4,110,7.666666666666667,-0.24493037164211273,-0.2886580875276274
COHFACE_s20_session3_natural,4,111,7.7,0.682059109210968,-0.22935331398979658
COHFACE_s20_session3_natural,4,112,7.733333333333333,1.3358839750289917,-0.16054251670875896
COHFACE_s20_session3_natural,4,113,7.766666666666667,1.6507292985916138,-0.09452043877257653
COHFACE_s20_session3_natural,4,114,7.8,1.7328886985778809,-0.03946894692368452
COHFACE_s20_session3_natural,4,115,7.833333333333333,1.62922203540802,0.001013402148181537
COHFACE_s20_session3_natural,4,116,7.866666666666666,1.337283730506897,0.026860275101551243
COHFACE_s20_session3_natural,4,117,7.9,0.9508185386657715,0.04010212642019213
COHFACE_s20_session3_natural,4,118,7.933333333333334,0.6311150193214417,0.043950303412527314
COHFACE_s20_session3_natural,4,119,7.966666666666667,0.42986658215522766,0.04251814502180448
COHFACE_s20_session3_natural,4,120,8.0,0.2755851745605469,0.04059879151019259
COHFACE_s20_session3_natural,4,121,8.033333333333333,0.10584843903779984,0.0428464036717382
COHFACE_s20_session3_natural,4,122,8.066666666666666,-0.0940990298986435,0.052337024963870764
COHFACE_s20_session3_natural,4,123,8.1,-0.3290988504886627,0.06926092419144832
COHFACE_s20_session3_natural,4,124,8.133333333333333,-0.5619248747825623,0.09072566356787928
COHFACE_s20_session3_natural,4,125,8.166666666666666,-0.7712920904159546,0.11205106924718841
COHFACE_s20_session3_natural,4,126,8.2,-0.9388961791992188,0.12886386929323054
COHFACE_s20_session3_natural,4,127,8.233333333333333,-1.033760666847229,0.13869596055332722
COHFACE_s20_session3_natural,4,128,8.266666666666667,-1.074988603591919,0.14125744093896095
COHFACE_s20_session3_natural,4,129,8.3,-1.128361701965332,0.13754357783925633
COHFACE_s20_session3_natural,4,130,8.333333333333334,-1.2051854133605957,0.12855976319266813
COHFACE_s20_session3_natural,4,131,8.366666666666667,-1.2813668251037598,0.1144293297372186
COHFACE_s20_session3_natural,4,132,8.4,-1.3200010061264038,0.09422194054494075
COHFACE_s20_session3_natural,4,133,8.433333333333334,-1.0580264329910278,0.06646776769208489
COHFACE_s20_session3_natural,4,134,8.466666666666667,-0.26185134053230286,0.030239573006676797
COHFACE_s20_session3_natural,4,135,8.5,0.6509343981742859,-0.013439873755884292
COHFACE_s20_session3_natural,4,136,8.533333333333333,1.2473349571228027,-0.060514396373216955
COHFACE_s20_session3_natural,4,137,8.566666666666666,1.5307345390319824,-0.10401156089585792
COHFACE_s20_session3_natural,4,138,8.6,1.6133055686950684,-0.13578639888581065
COHFACE_s20_session3_natural,4,139,8.633333333333333,1.5001697540283203,-0.14936190180961528
COHFACE_s20_session3_natural,4,140,8.666666666666666,1.1917057037353516,-0.1425004314546626
COHFACE_s20_session3_natural,4,141,8.7,0.82550448179245,-0.11809793016414713
COHFACE_s20_session3_natural,4,142,8.733333333333333,0.5427801012992859,-0.08293669013896468
COHFACE_s20_session3_natural,4,143,8.766666666666667,0.36652201414108276,-0.04510960964154741
COHFACE_s20_session3_natural,4,144,8.8,0.23223288357257843,-0.011610979869554163
COHFACE_s20_session3_natural,4,145,8.833333333333334,0.07866783440113068,0.012848703881213928
COHFACE_s20_session3_natural,4,146,8.866666666666667,-0.12059620022773743,0.0259787658704613
COHFACE_s20_session3_natural,4,147,8.9,-0.3421909809112549,0.027905074264963917
COHFACE_s20_session3_natural,4,148,8.933333333333334,-0.5590841174125671,0.02136386368080668
COHFACE_s20_session3_natural,4,149,8.966666666666667,-0.7485660910606384,0.01146197138183017
COHFACE_s20_session3_natural,4,150,9.0,-0.9055482745170593,0.004266841733768794
COHFACE_s20_session3_natural,4,151,9.033333333333333,-1.0113970041275024,0.004315127689918265
COHFACE_s20_session3_natural,4,152,9.066666666666666,-1.0738276243209839,0.012170001014701537
COHFACE_s20_session3_natural,4,153,9.1,-1.1305108070373535,0.02362885389065089
COHFACE_s20_session3_natural,4,154,9.133333333333333,-1.1814219951629639,0.03158652049881719
COHFACE_s20_session3_natural,4,155,9.166666666666666,-1.2210359573364258,0.029952068974851344
COHFACE_s20_session3_natural,4,156,9.2,-1.2056547403335571,0.017286610101288104
COHFACE_s20_session3_natural,4,157,9.233333333333333,-0.8617842793464661,-0.002365814935753647
COHFACE_s20_session3_natural,4,158,9.266666666666667,-0.0379098616540432,-0.021976144412284702
COHFACE_s20_session3_natural,4,159,9.3,0.8375344276428223,-0.03540481468153358
COHFACE_s20_session3_natural,4,160,9.333333333333334,1.3549869060516357,-0.039926008804245176
COHFACE_s20_session3_natural,4,161,9.366666666666667,1.5371406078338623,-0.036055625359803965
COHFACE_s20_session3_natural,4,162,9.4,1.5224016904830933,-0.025681660879239704
COHFACE_s20_session3_natural,4,163,9.433333333333334,1.3215237855911255,-0.01066689476270686
COHFACE_s20_session3_natural,4,164,9.466666666666667,0.9647176265716553,0.007018489515921414
COHFACE_s20_session3_natural,4,165,9.5,0.626355767250061,0.024501381668118983
COHFACE_s20_session3_natural,4,166,9.533333333333333,0.43840527534484863,0.038090729609833576
COHFACE_s20_session3_natural,4,167,9.566666666666666,0.34713083505630493,0.0447795481941863
COHFACE_s20_session3_natural,4,168,9.6,0.22862637042999268,0.044021547357911944
COHFACE_s20_session3_natural,4,169,9.633333333333333,0.054064489901065826,0.03798054546536182
COHFACE_s20_session3_natural,4,170,9.666666666666666,-0.1530795395374298,0.029676683692280582
COHFACE_s20_session3_natural,4,171,9.7,-0.37618115544319153,0.02042603618269616
COHFACE_s20_session3_natural,4,172,9.733333333333333,-0.5732631683349609,0.008851159693578655
COHFACE_s20_session3_natural,4,173,9.766666666666667,-0.7340824007987976,-0.007412746642380014
COHFACE_s20_session3_natural,4,174,9.8,-0.8579966425895691,-0.02868521596649545
COHFACE_s20_session3_natural,4,175,9.833333333333334,-0.9357261061668396,-0.05166536974555599
COHFACE_s20_session3_natural,4,176,9.866666666666667,-0.9843316674232483,-0.07081414418334517
COHFACE_s20_session3_natural,4,177,9.9,-1.0423240661621094,-0.08161149216527357
COHFACE_s20_session3_natural,4,178,9.933333333333334,-1.1062861680984497,-0.08314220645801808
COHFACE_s20_session3_natural,4,179,9.966666666666667,-1.1470201015472412,-0.07814818624405903
COHFACE_s20_session3_natural,4,180,10.0,-1.0531436204910278,-0.07083194368993424
COHFACE_s20_session3_natural,4,181,10.033333333333333,-0.508625864982605,-0.06425338671004546
COHFACE_s20_session3_natural,4,182,10.066666666666666,0.38738709688186646,-0.05876304153114215
COHFACE_s20_session3_natural,4,183,10.1,1.1441622972488403,-0.0516313364434537
COHFACE_s20_session3_natural,4,184,10.133333333333333,1.5632672309875488,-0.03749493939715171
COHFACE_s20_session3_natural,4,185,10.166666666666666,1.7183144092559814,-0.009557460054451595
COHFACE_s20_session3_natural,4,186,10.2,1.6825456619262695,0.03815567889738256
COHFACE_s20_session3_natural,4,187,10.233333333333333,1.452988624572754,0.10750932000112413
COHFACE_s20_session3_natural,4,188,10.266666666666667,1.0879648923873901,0.19300092471502384
COHFACE_s20_session3_natural,4,189,10.3,0.7624151706695557,0.2803890461510779
COHFACE_s20_session3_natural,4,190,10.333333333333334,0.5531550049781799,0.3486778232385669
COHFACE_s20_session3_natural,4,191,10.366666666666667,0.41036009788513184,0.3755359738382976
COHFACE_s20_session3_natural,4,192,10.4,0.2571573555469513,0.3446415886238505
COHFACE_s20_session3_natural,4,193,10.433333333333334,0.06119517609477043,0.25241490125852445
COHFACE_s20_session3_natural,4,194,10.466666666666667,-0.15472634136676788,0.11150892789779529
COHFACE_s20_session3_natural,4,195,10.5,-0.3774162530899048,-0.050909341996947716
COHFACE_s20_session3_natural,4,196,10.533333333333333,-0.5867834687232971,-0.20069793986401124
COHFACE_s20_session3_natural,4,197,10.566666666666666,-0.7632392048835754,-0.30807362415949974
COHFACE_s20_session3_natural,4,198,10.6,-0.8948522806167603,-0.3575596123221456
COHFACE_s20_session3_natural,4,199,10.633333333333333,-0.9788313508033752,-0.3512131669341452
COHFACE_s20_session3_natural,4,200,10.666666666666666,-1.0532671213150024,-0.3042541839764905
COHFACE_s20_session3_natural,4,201,10.7,-1.1218156814575195,-0.2369801045731056
COHFACE_s20_session3_natural,4,202,10.733333333333333,-1.1793633699417114,-0.16748839098085008
COHFACE_s20_session3_natural,4,203,10.766666666666667,-1.2043949365615845,-0.10746728966655011
COHFACE_s20_session3_natural,4,204,10.8,-0.9814826846122742,-0.06133788970234212
COHFACE_s20_session3_natural,4,205,10.833333333333334,-0.2510647475719452,-0.028027766217562398
COHFACE_s20_session3_natural,4,206,10.866666666666667,0.6727052330970764,-0.004052890203206078
COHFACE_s20_session3_natural,4,207,10.9,1.3353816270828247,0.013670831539615777
COHFACE_s20_session3_natural,4,208,10.933333333333334,1.669922947883606,0.026543966709457963
COHFACE_s20_session3_natural,4,209,10.966666666666667,1.7870358228683472,0.03481674370100564
COHFACE_s20_session3_natural,4,210,11.0,1.732024073600769,0.03900175633615187
COHFACE_s20_session3_natural,4,211,11.033333333333333,1.4604650735855103,0.04073030000493985
COHFACE_s20_session3_natural,4,212,11.066666666666666,1.057424783706665,0.04237235624387039
COHFACE_s20_session3_natural,4,213,11.1,0.7232128977775574,0.0459317151050304
COHFACE_s20_session3_natural,4,214,11.133333333333333,0.5242617130279541,0.052236669417736484
COHFACE_s20_session3_natural,4,215,11.166666666666666,0.3703179359436035,0.06101362866671339
COHFACE_s20_session3_natural,4,216,11.2,0.1916966587305069,0.0715445719968621
COHFACE_s20_session3_natural,4,217,11.233333333333333,-0.016583669930696487,0.08310106574918005
COHFACE_s20_session3_natural,4,218,11.266666666666667,-0.2465607225894928,0.0946970935221016
COHFACE_s20_session3_natural,4,219,11.3,-0.4884030222892761,0.10448895602701341
COHFACE_s20_session3_natural,4,220,11.333333333333334,-0.7057490348815918,0.10961332874802614
COHFACE_s20_session3_natural,4,221,11.366666666666667,-0.8639498353004456,0.10699071915542689
COHFACE_s20_session3_natural,4,222,11.4,-0.9784196615219116,0.09479941519681652
COHFACE_s20_session3_natural,4,223,11.433333333333334,-1.0661287307739258,0.0736756920110401
COHFACE_s20_session3_natural,4,224,11.466666666666667,-1.1318281888961792,0.04681452969448115
COHFACE_s20_session3_natural,4,225,11.5,-1.2012330293655396,0.018844237746097222
COHFACE_s20_session3_natural,4,226,11.533333333333333,-1.2773815393447876,-0.0059342718827295575
COHFACE_s20_session3_natural,4,227,11.566666666666666,-1.2873282432556152,-0.02501286447327689
COHFACE_s20_session3_natural,4,228,11.6,-0.9626102447509766,-0.038100517840663685
COHFACE_s20_session3_natural,4,229,11.633333333333333,-0.12979364395141602,-0.04637906709434599
COHFACE_s20_session3_natural,4,230,11.666666666666666,0.788278341293335,-0.0511821624325626
COHFACE_s20_session3_natural,4,231,11.7,1.3869349956512451,-0.053016065808611
COHFACE_s20_session3_natural,4,232,11.733333333333333,1.6631544828414917,-0.05151967554281553
COHFACE_s20_session3_natural,4,233,11.766666666666667,1.7364704608917236,-0.04629130855106644
COHFACE_s20_session3_natural,4,234,11.8,1.6221489906311035,-0.037970673443968324
COHFACE_s20_session3_natural,4,235,11.833333333333334,1.296566367149353,-0.028783730862991918
COHFACE_s20_session3_natural,4,236,11.866666666666667,0.8884949684143066,-0.021990319843642987
COHFACE_s20_session3_natural,4,237,11.9,0.5837198495864868,-0.020331880255032908
COHFACE_s20_session3_natural,4,238,11.933333333333334,0.41520997881889343,-0.02438110509638787
COHFACE_s20_session3_natural,4,239,11.966666666666667,0.2789034843444824,-0.031937548871805235
COHFACE_s20_session3_natural,5,0,5.0,-0.7694393992424011,-0.016874581761470383
COHFACE_s20_session3_natural,5,1,5.033333333333333,-0.9385585784912109,2.6258814342292265
COHFACE_s20_session3_natural,5,2,5.066666666666666,-1.0407843589782715,4.845670040484234
COHFACE_s20_session3_natural,5,3,5.1,-1.1184314489364624,6.324620390025618
COHFACE_s20_session3_natural,5,4,5.133333333333334,-1.1956833600997925,6.925307995959465
COHFACE_s20_session3_natural,5,5,5.166666666666667,-1.261053442955017,6.709108729071823
COHFACE_s20_session3_natural,5,6,5.2,-1.3205198049545288,5.891310676487365
COHFACE_s20_session3_natural,5,7,5.233333333333333,-1.3242579698562622,4.756689181334981
COHFACE_s20_session3_natural,5,8,5.266666666666667,-1.0595909357070923,3.5719239482947365
COHFACE_s20_session3_natural,5,9,5.3,-0.31062161922454834,2.524143265756345
COHFACE_s20_session3_natural,5,10,5.333333333333333,0.592637300491333,1.699026826328154
COHFACE_s20_session3_natural,5,11,5.366666666666666,1.221611738204956,1.0952684643481612
COHFACE_s20_session3_natural,5,12,5.4,1.5226980447769165,0.6599903389479616
COHFACE_s20_session3_natural,5,13,5.433333333333334,1.5978502035140991,0.32619256748661724
COHFACE_s20_session3_natural,5,14,5.466666666666667,1.478654146194458,0.03894550845366743
COHFACE_s20_session3_natural,5,15,5.5,1.1651097536087036,-0.23349664880682336
COHFACE_s20_session3_natural,5,16,5.533333333333333,0.7834614515304565,-0.5003551601905841
COHFACE_s20_session3_natural,5,17,5.566666666666666,0.5057350993156433,-0.7549501551960643
COHFACE_s20_session3_natural,5,18,5.6,0.3506550192832947,-0.982594114669906
COHFACE_s20_session3_natural,5,19,5.633333333333334,0.22412234544754028,-1.1673825393431196
COHFACE_s20_session3_natural,5,20,5.666666666666667,0.048613548278808594,-1.2970431179478619
COHFACE_s20_session3_natural,5,21,5.7,-0.16398964822292328,-1.3656320749788635
COHFACE_s20_session3_natural,5,22,5.733333333333333,-0.38806289434432983,-1.374280068660417
COHFACE_s20_session3_natural,5,23,5.766666666666667,-0.6052606701850891,-1.330492702511814
COHFACE_s20_session3_natural,5,24,5.8,-0.7890035510063171,-1.2465444830203019
COHFACE_s20_session3_natural,5,25,5.833333333333333,-0.9195461869239807,-1.1373300756795395
COHFACE_s20_session3_natural,5,26,5.866666666666666,-1.0015902519226074,-1.017864318695962
COHFACE_s20_session3_natural,5,27,5.9,-1.055416226387024,-0.9006913496850135
COHFACE_s20_session3_natural,5,28,5.933333333333334,-1.1120418310165405,-0.7937773484825529
COHFACE_s20_session3_natural,5,29,5.966666666666667,-1.1721503734588623,-0.6996287841371907
COHFACE_s20_session3_natural,5,30,6.0,-1.2035797834396362,-0.6160587376290567
COHFACE_s20_session3_natural,5,31,6.033333333333333,-1.146806001663208,-0.5383687544118738
COHFACE_s20_session3_natural,5,32,6.066666666666666,-0.7305417656898499,-0.4620815782689639
COHFACE_s20_session3_natural,5,33,6.1,0.10479447990655899,-0.38496139302240173
COHFACE_s20_session3_natural,5,34,6.133333333333334,0.9110480546951294,-0.30716527917386804
COHFACE_s20_session3_natural,5,35,6.166666666666667,1.3702199459075928,-0.22946632962312835
COHFACE_s20_session3_natural,5,36,6.2,1.5219075679779053,-0.15125104787626306
COHFACE_s20_session3_natural,5,37,6.233333333333333,1.4937883615493774,-0.07059027612706577
COHFACE_s20_session3_natural,5,38,6.266666666666667,1.2820085287094116,0.013077988556300511
COHFACE_s20_session3_natural,5,39,6.3,0.9162601828575134,0.09585212614847483
COHFACE_s20_session3_natural,5,40,6.333333333333333,0.5925961136817932,0.16926088213197496
COHFACE_s20_session3_natural,5,41,6.366666666666666,0.4124515652656555,0.22453855271323622
COHFACE_s20_session3_natural,5,42,6.4,0.29843464493751526,0.25840808244682734
COHFACE_s20_session3_natural,5,43,6.433333333333334,0.15351535379886627,0.27538722804493043
COHFACE_s20_session3_natural,5,44,6.466666666666667,-0.034822091460227966,0.28452675942708266
COHFACE_s20_session3_natural,5,45,6.5,-0.23871366679668427,0.29329358303459446
COHFACE_s20_session3_natural,5,46,6.533333333333333,-0.45661136507987976,0.3033569727526861
COHFACE_s20_session3_natural,5,47,6.566666666666666,-0.6806763410568237,0.3110832565967684
COHFACE_s20_session3_natural,5,48,6.6,-0.8635052442550659,0.31152529452303784
COHFACE_s20_session3_natural,5,49,6.633333333333334,-0.981795608997345,0.30220594067636714
COHFACE_s20_session3_natural,5,50,6.666666666666667,-1.053884744644165,0.28415124135006214
COHFACE_s20_session3_natural,5,51,6.7,-1.1143802404403687,0.26052742888137576
COHFACE_s20_session3_natural,5,52,6.733333333333333,-1.1818747520446777,0.23485087085839573
COHFACE_s20_session3_natural,5,53,6.766666666666667,-1.235939621925354,0.210218996751712
COHFACE_s20_session3_natural,5,54,6.8,-1.2724000215530396,0.1893782033806203
COHFACE_s20_session3_natural,5,55,6.833333333333333,-1.144500494003296,0.17454511539155473
COHFACE_s20_session3_natural,5,56,6.866666666666666,-0.5465024709701538,0.16664372934999003
COHFACE_s20_session3_natural,5,57,6.9,0.36886048316955566,0.1646654465520133
COHFACE_s20_session3_natural,5,58,6.933333333333334,1.1097028255462646,0.16573288344893544
COHFACE_s20_session3_natural,5,59,6.966666666666667,1.5016436576843262,0.16573285080582384
COHFACE_s20_session3_natural,5,60,7.0,1.6402555704116821,0.1601852282783312
COHFACE_s20_session3_natural,5,61,7.033333333333333,1.602469563484192,0.1452238070396289
COHFACE_s20_session3_natural,5,62,7.066666666666666,1.3757120370864868,0.1186358913713287
COHFACE_s20_session3_natural,5,63,7.1,1.0133891105651855,0.08082070556950315
COHFACE_s20_session3_natural,5,64,7.133333333333334,0.6925081014633179,0.03545464065521892
COHFACE_s20_session3_natural,5,65,7.166666666666667,0.4853476285934448,-0.010465078127584678
COHFACE_s20_session3_natural,5,66,7.2,0.33637717366218567,-0.047690932093458725
COHFACE_s20_session3_natural,5,67,7.233333333333333,0.17957612872123718,-0.06730069008360595
COHFACE_s20_session3_natural,5,68,7.266666666666667,-0.006974531803280115,-0.06450312365870121
COHFACE_s20_session3_natural,5,69,7.3,-0.2233242243528366,-0.04224106288834948
COHFACE_s20_session3_natural,5,70,7.333333333333333,-0.4461294114589691,-0.012234759241740837
COHFACE_s20_session3_natural,5,71,7.366666666666666,-0.6498810052871704,0.008215794061517165
COHFACE_s20_session3_natural,5,72,7.4,-0.8120506405830383,0.002796347414959721
COHFACE_s20_session3_natural,5,73,7.433333333333334,-0.9289823770523071,-0.03705978240199924
COHFACE_s20_session3_natural,5,74,7.466666666666667,-1.0095279216766357,-0.10838388543431762
COHFACE_s20_session3_natural,5,75,7.5,-1.0771046876907349,-0.19726567752970764
COHFACE_s20_session3_natural,5,76,7.533333333333333,-1.1491526365280151,-0.28330821788081234
COHFACE_s20_session3_natural,5,77,7.566666666666666,-1.2258692979812622,-0.34609689579599295
COHFACE_s20_session3_natural,5,78,7.6,-1.2580974102020264,-0.3712995895005157
COHFACE_s20_session3_natural,5,79,7.633333333333334,-1.0084491968154907,-0.3543730646100171
COHFACE_s20_session3_natural,5,80,7.666666666666667,-0.24493037164211273,-0.30093973322871304
COHFACE_s20_session3_natural,5,81,7.7,0.682059109210968,-0.2241472036028605
COHFACE_s20_session3_natural,5,82,7.733333333333333,1.3358839750289917,-0.1401923497156312
COHFACE_s20_session3_natural,5,83,7.766666666666667,1.6507292985916138,-0.06358073963655328
COHFACE_s20_session3_natural,5,84,7.8,1.7328886985778809,-0.003659046508364693
COHFACE_s20_session3_natural,5,85,7.833333333333333,1.62922203540802,0.03658790586807704
COHFACE_s20_session3_natural,5,86,7.866666666666666,1.337283730506897,0.059483699782502585
COHFACE_s20_session3_natural,5,87,7.9,0.9508185386657715,0.07032538553298957
COHFACE_s20_session3_natural,5,88,7.933333333333334,0.6311150193214417,0.07510935477462227
COHFACE_s20_session3_natural,5,89,7.966666666666667,0.42986658215522766,0.07917772777147603
COHFACE_s20_session3_natural,5,90,8.0,0.2755851745605469,0.08663856674915792
COHFACE_s20_session3_natural,5,91,8.033333333333333,0.10584843903779984,0.09983579433239761
COHFACE_s20_session3_natural,5,92,8.066666666666666,-0.0940990298986435,0.11858797189779846
COHFACE_s20_session3_natural,5,93,8.1,-0.3290988504886627,0.13976927256968685
COHFACE_s20_session3_natural,5,94,8.133333333333333,-0.5619248747825623,0.15807976953321012
COHFACE_s20_session3_natural,5,95,8.166666666666666,-0.7712920904159546,0.16815180484242476
COHFACE_s20_session3_natural,5,96,8.2,-0.9388961791992188,0.16693029298505804
COHFACE_s20_session3_natural,5,97,8.233333333333333,-1.033760666847229,0.1547826265101683
COHFACE_s20_session3_natural,5,98,8.266666666666667,-1.074988603591919,0.13472964293507864
COHFACE_s20_session3_natural,5,99,8.3,-1.128361701965332,0.11058485742989381
COHFACE_s20_session3_natural,5,100,8.333333333333334,-1.2051854133605957,0.08533065993037657
COHFACE_s20_session3_natural,5,101,8.366666666666667,-1.2813668251037598,0.060508663932349105
COHFACE_s20_session3_natural,5,102,8.4,-1.3200010061264038,0.036399790019504726
COHFACE_s20_session3_natural,5,103,8.433333333333334,-1.0580264329910278,0.01230006031409964
COHFACE_s20_session3_natural,5,104,8.466666666666667,-0.26185134053230286,-0.01331289786573166
COHFACE_s20_session3_natural,5,105,8.5,0.6509343981742859,-0.04226465720397401
COHFACE_s20_session3_natural,5,106,8.533333333333333,1.2473349571228027,-0.07544769970625925
COHFACE_s20_session3_natural,5,107,8.566666666666666,1.5307345390319824,-0.11125850038293185
COHFACE_s20_session3_natural,5,108,8.6,1.6133055686950684,-0.14481791352695988
COHFACE_s20_session3_natural,5,109,8.633333333333333,1.5001697540283203,-0.1689560587240315
COHFACE_s20_session3_natural,5,110,8.666666666666666,1.1917057037353516,-0.17681395650187895
COHFACE_s20_session3_natural,5,111,8.7,0.82550448179245,-0.164716997605889
COHFACE_s20_session3_natural,5,112,8.733333333333333,0.5427801012992859,-0.13375100703405657
COHFACE_s20_session3_natural,5,113,8.766666666666667,0.36652201414108276,-0.08933965506648468
COHFACE_s20_session3_natural,5,114,8.8,0.23223288357257843,-0.03939675916966803
COHFACE_s20_session3_natural,5,115,8.833333333333334,0.07866783440113068,0.007758454667795514
COHFACE_s20_session3_natural,5,116,8.866666666666667,-0.12059620022773743,0.04503849849205719
COHFACE_s20_session3_natural,5,117,8.9,-0.3421909809112549,0.06782377532528852
COHFACE_s20_session3_natural,5,118,8.933333333333334,-0.5590841174125671,0.07486804843533627
COHFACE_s20_session3_natural,5,119,8.966666666666667,-0.7485660910606384,0.06857896658561272
COHFACE_s20_session3_natural,5,120,9.0,-0.9055482745170593,0.05433700509408821
COHFACE_s20_session3_natural,5,121,9.033333333333333,-1.0113970041275024,0.03886695283124694
COHFACE_s20_session3_natural,5,122,9.066666666666666,-1.0738276243209839,0.028130387776021788
COHFACE_s20_session3_natural,5,123,9.1,-1.1305108070373535,0.025543297979107354
COHFACE_s20_session3_natural,5,124,9.133333333333333,-1.1814219951629639,0.03132215994160724
COHFACE_s20_session3_natural,5,125,9.166666666666666,-1.2210359573364258,0.043159759486006706
COHFACE_s20_session3_natural,5,126,9.2,-1.2056547403335571,0.05746509981816292
COHFACE_s20_session3_natural,5,127,9.233333333333333,-0.8617842793464661,0.07015495490016756
COHFACE_s20_session3_natural,5,128,9.266666666666667,-0.0379098616540432,0.07696469177018012
COHFACE_s20_session3_natural,5,129,9.3,0.8375344276428223,0.0741830298481096
COHFACE_s20_session3_natural,5,130,9.333333333333334,1.3549869060516357,0.060307836724223705
COHFACE_s20_session3_natural,5,131,9.366666666666667,1.5371406078338623,0.0378003132887762
COHFACE_s20_session3_natural,5,132,9.4,1.5224016904830933,0.01323846224933275
COHFACE_s20_session3_natural,5,133,9.433333333333334,1.3215237855911255,-0.005188328889068446
COHFACE_s20_session3_natural,5,134,9.466666666666667,0.9647176265716553,-0.011860912128508603
COHFACE_s20_session3_natural,5,135,9.5,0.626355767250061,-0.006916408154925105
COHFACE_s20_session3_natural,5,136,9.533333333333333,0.43840527534484863,0.003895094322988397
COHFACE_s20_session3_natural,5,137,9.566666666666666,0.34713083505630493,0.01276326832782415
COHFACE_s20_session3_natural,5,138,9.6,0.22862637042999268,0.01428124411844445
COHFACE_s20_session3_natural,5,139,9.633333333333333,0.054064489901065826,0.007603956907034357
COHFACE_s20_session3_natural,5,140,9.666666666666666,-0.1530795395374298,-0.004897844562794057
COHFACE_s20_session3_natural,5,141,9.7,-0.37618115544319153,-0.020785416930517612
COHFACE_s20_session3_natural,5,142,9.733333333333333,-0.5732631683349609,-0.039554663472410094
COHFACE_s20_session3_natural,5,143,9.766666666666667,-0.7340824007987976,-0.0618860772563406
COHFACE_s20_session3_natural,5,144,9.8,-0.8579966425895691,-0.08734195731042607
COHFACE_s20_session3_natural,5,145,9.833333333333334,-0.9357261061668396,-0.1132022767036605
COHFACE_s20_session3_natural,5,146,9.866666666666667,-0.9843316674232483,-0.13567229229756803
COHFACE_s20_session3_natural,5,147,9.9,-1.0423240661621094,-0.15215351841322908
COHFACE_s20_session3_natural,5,148,9.933333333333334,-1.1062861680984497,-0.16235043401259105
COHFACE_s20_session3_natural,5,149,9.966666666666667,-1.1470201015472412,-0.16724364751532025
COHFACE_s20_session3_natural,5,150,10.0,-1.0531436204910278,-0.16708889317576378
COHFACE_s20_session3_natural,5,151,10.033333333333333,-0.508625864982605,-0.1604704871479383
COHFACE_s20_session3_natural,5,152,10.066666666666666,0.38738709688186646,-0.1450790139967979
COHFACE_s20_session3_natural,5,153,10.1,1.1441622972488403,-0.11899120193918543
COHFACE_s20_session3_natural,5,154,10.133333333333333,1.5632672309875488,-0.08091932880070268
COHFACE_s20_session3_natural,5,155,10.166666666666666,1.7183144092559814,-0.029292229069321586
COHFACE_s20_session3_natural,5,156,10.2,1.6825456619262695,0.03826733613719884
COHFACE_s20_session3_natural,5,157,10.233333333333333,1.452988624572754,0.12332010012712356
COHFACE_s20_session3_natural,5,158,10.266666666666667,1.0879648923873901,0.22300816642559695
COHFACE_s20_session3_natural,5,159,10.3,0.7624151706695557,0.32680742322454787
COHFACE_s20_session3_natural,5,160,10.333333333333334,0.5531550049781799,0.4163090383161197
COHFACE_s20_session3_natural,5,161,10.366666666666667,0.41036009788513184,0.4691860581228726
COHFACE_s20_session3_natural,5,162,10.4,0.2571573555469513,0.46632839728886677
COHFACE_s20_session3_natural,5,163,10.433333333333334,0.06119517609477043,0.3994762246630222
COHFACE_s20_session3_natural,5,164,10.466666666666667,-0.15472634136676788,0.2762107723344067
COHFACE_s20_session3_natural,5,165,10.5,-0.3774162530899048,0.11975705388562008
COHFACE_s20_session3_natural,5,166,10.533333333333333,-0.5867834687232971,-0.03745172352155205
COHFACE_s20_session3_natural,5,167,10.566666666666666,-0.7632392048835754,-0.1646906404693519
COHFACE_s20_session3_natural,5,168,10.6,-0.8948522806167603,-0.2432931038323064
COHFACE_s20_session3_natural,5,169,10.633333333333333,-0.9788313508033752,-0.27098980917914584
COHFACE_s20_session3_natural,5,170,10.666666666666666,-1.0532671213150024,-0.2588639751391478
COHFACE_s20_session3_natural,5,171,10.7,-1.1218156814575195,-0.2241578437528603
COHFACE_s20_session3_natural,5,172,10.733333333333333,-1.1793633699417114,-0.18314102840263255
COHFACE_s20_session3_natural,5,173,10.766666666666667,-1.2043949365615845,-0.14653104096741743
COHFACE_s20_session3_natural,5,174,10.8,-0.9814826846122742,-0.11825521963464629
COHFACE_s20_session3_natural,5,175,10.833333333333334,-0.2510647475719452,-0.09718405144299107
COHFACE_s20_session3_natural,5,176,10.866666666666667,0.6727052330970764,-0.08043172336077073
COHFACE_s20_session3_natural,5,177,10.9,1.3353816270828247,-0.06625376914759776
COHFACE_s20_session3_natural,5,178,10.933333333333334,1.669922947883606,-0.05498700061547341
COHFACE_s20_session3_natural,5,179,10.966666666666667,1.7870358228683472,-0.04782217222438312
COHFACE_s20_session3_natural,5,180,11.0,1.732024073600769,-0.04475377735150094
COHFACE_s20_session3_natural,5,181,11.033333333333333,1.4604650735855103,-0.04356966984681177
COHFACE_s20_session3_natural,5,182,11.066666666666666,1.057424783706665,-0.04066839934518873
COHFACE_s20_session3_natural,5,183,11.1,0.7232128977775574,-0.032912100152163046
COHFACE_s20_session3_natural,5,184,11.133333333333333,0.5242617130279541,-0.019059508012496135
COHFACE_s20_session3_natural,5,185,11.166666666666666,0.3703179359436035,9.94481705391397e-05
COHFACE_s20_session3_natural,5,186,11.2,0.1916966587305069,0.02260215305401669
COHFACE_s20_session3_natural,5,187,11.233333333333333,-0.016583669930696487,0.04614355352725993
COHFACE_s20_session3_natural,5,188,11.266666666666667,-0.2465607225894928,0.06822848131993534
COHFACE_s20_session3_natural,5,189,11.3,-0.4884030222892761,0.08591564536416756
COHFACE_s20_session3_natural,5,190,11.333333333333334,-0.7057490348815918,0.09594329239013853
COHFACE_s20_session3_natural,5,191,11.366666666666667,-0.8639498353004456,0.095705007929222
COHFACE_s20_session3_natural,5,192,11.4,-0.9784196615219116,0.08463911925633485
COHFACE_s20_session3_natural,5,193,11.433333333333334,-1.0661287307739258,0.06498302741776422
COHFACE_s20_session3_natural,5,194,11.466666666666667,-1.1318281888961792,0.04117537842113392
COHFACE_s20_session3_natural,5,195,11.5,-1.2012330293655396,0.01813342994844888
COHFACE_s20_session3_natural,5,196,11.533333333333333,-1.2773815393447876,-0.0005905394674357113
COHFACE_s20_session3_natural,5,197,11.566666666666666,-1.2873282432556152,-0.013688324845008072
COHFACE_s20_session3_natural,5,198,11.6,-0.9626102447509766,-0.021582997901685837
COHFACE_s20_session3_natural,5,199,11.633333333333333,-0.12979364395141602,-0.025008250029072157
COHFACE_s20_session3_natural,5,200,11.666666666666666,0.788278341293335,-0.023707380254458597
COHFACE_s20_session3_natural,5,201,11.7,1.3869349956512451,-0.016138081804084877
COHFACE_s20_session3_natural,5,202,11.733333333333333,1.6631544828414917,-0.00036590236833909055
COHFACE_s20_session3_natural,5,203,11.766666666666667,1.7364704608917236,0.02439591630700553
COHFACE_s20_session3_natural,5,204,11.8,1.6221489906311035,0.05642010849479439
COHFACE_s20_session3_natural,5,205,11.833333333333334,1.296566367149353,0.09097082667694253
COHFACE_s20_session3_natural,5,206,11.866666666666667,0.8884949684143066,0.1210771799753583
COHFACE_s20_session3_natural,5,207,11.9,0.5837198495864868,0.13948564359963736
COHFACE_s20_session3_natural,5,208,11.933333333333334,0.41520997881889343,0.1410803972935083
COHFACE_s20_session3_natural,5,209,11.966666666666667,0.2789034843444824,0.12466763707079175
COHFACE_s20_session3_natural,5,210,12.0,0.0979766845703125,0.09320643386210847
COHFACE_s20_session3_natural,5,211,12.033333333333333,-0.1248038038611412,0.05232051648034091
COHFACE_s20_session3_natural,5,212,12.066666666666666,-0.3449741005897522,0.007875853631263762
COHFACE_s20_session3_natural,5,213,12.1,-0.5533202886581421,-0.03602381229437684
COHFACE_s20_session3_natural,5,214,12.133333333333333,-0.7591056823730469,-0.07751980927016168
COHFACE_s20_session3_natural,5,215,12.166666666666666,-0.93996661901474,-0.11587484196391333
COHFACE_s20_session3_natural,5,216,12.2,-1.0556138753890991,-0.1498481225599585
COHFACE_s20_session3_natural,5,217,12.233333333333333,-1.1429359912872314,-0.1770179838598633
COHFACE_s20_session3_natural,5,218,12.266666666666667,-1.2094918489456177,-0.1945647211887797
COHFACE_s20_session3_natural,5,219,12.3,-1.2573069334030151,-0.20075272636234576
COHFACE_s20_session3_natural,5,220,12.333333333333334,-1.2903255224227905,-0.19589983695191074
COHFACE_s20_session3_natural,5,221,12.366666666666667,-1.2237614393234253,-0.18213869758987444
COHFACE_s20_session3_natural,5,222,12.4,-0.7482943534851074,-0.1621951408041073
COHFACE_s20_session3_natural,5,223,12.433333333333334,0.13013888895511627,-0.13803328236983572
COHFACE_s20_session3_natural,5,224,12.466666666666667,0.9494351744651794,-0.11015123747410928
COHFACE_s20_session3_natural,5,225,12.5,1.4207769632339478,-0.07777256016230479
COHFACE_s20_session3_natural,5,226,12.533333333333333,1.4864352941513062,-0.03965870753060464
COHFACE_s20_session3_natural,5,227,12.566666666666666,1.2982213497161865,0.004897433148412306
COHFACE_s20_session3_natural,5,228,12.6,0.972012996673584,0.055157034325133594
COHFACE_s20_session3_natural,5,229,12.633333333333333,0.5855889320373535,0.10823261029388608
COHFACE_s20_session3_natural,5,230,12.666666666666666,0.2970348596572876,0.15890484711687747
COHFACE_s20_session3_natural,5,231,12.7,0.15234611928462982,0.20038371158052976
COHFACE_s20_session3_natural,5,232,12.733333333333333,0.07777855545282364,0.22609805472076197
COHFACE_s20_session3_natural,5,233,12.766666666666667,-0.034575071185827255,0.2319601871577988
COHFACE_s20_session3_natural,5,234,12.8,-0.22280548512935638,0.21807389452599138
COHFACE_s20_session3_natural,5,235,12.833333333333334,-0.4532106816768646,0.18890016514058083
COHFACE_s20_session3_natural,5,236,12.866666666666667,-0.6561883091926575,0.1515524108753623
COHFACE_s20_session3_natural,5,237,12.9,-0.7638814449310303,0.11287811358986347
COHFACE_s20_session3_natural,5,238,12.933333333333334,-0.8244264125823975,0.07676511391636126
COHFACE_s20_session3_natural,5,239,12.966666666666667,-0.9471467137336731,0.04312968672190378
COHFACE_s20_session3_natural,6,0,6.0,-1.2035797834396362,0.029567278285347262
COHFACE_s20_session3_natural,6,1,6.033333333333333,-1.146806001663208,2.545778709734837
COHFACE_s20_session3_natural,6,2,6.066666666666666,-0.7305417656898499,4.665062941223227
COHFACE_s20_session3_natural,6,3,6.1,0.10479447990655899,6.088391798298137
COHFACE_s20_session3_natural,6,4,6.133333333333334,0.9110480546951294,6.684050943031716
COHFACE_s20_session3_natural,6,5,6.166666666666667,1.3702199459075928,6.505794724734767
COHFACE_s20_session3_natural,6,6,6.2,1.5219075679779053,5.752624812151586
COHFACE_s20_session3_natural,6,7,6.233333333333333,1.4937883615493774,4.691261261372611
COHFACE_s20_session3_natural,6,8,6.266666666666667,1.2820085287094116,3.5742006838120197
COHFACE_s20_session3_natural,6,9,6.3,0.9162601828575134,2.580459388198228
COHFACE_s20_session3_natural,6,10,6.333333333333333,0.5925961136817932,1.7926619984226353
COHFACE_s20_session3_natural,6,11,6.366666666666666,0.4124515652656555,1.2092206513581916
COHFACE_s20_session3_natural,6,12,6.4,0.29843464493751526,0.778018134088609
COHFACE_s20_session3_natural,6,13,6.433333333333334,0.15351535379886627,0.43328173780337775
COHFACE_s20_session3_natural,6,14,6.466666666666667,-0.034822091460227966,0.121981869045946
COHFACE_s20_session3_natural,6,15,6.5,-0.23871366679668427,-0.18470270449188858
COHFACE_s20_session3_natural,6,16,6.533333333333333,-0.45661136507987976,-0.4919642192492068
COHFACE_s20_session3_natural,6,17,6.566666666666666,-0.6806763410568237,-0.7883542428550103
COHFACE_s20_session3_natural,6,18,6.6,-0.8635052442550659,-1.0546100932143565
COHFACE_s20_session3_natural,6,19,6.633333333333334,-0.981795608997345,-1.2718530738854934
COHFACE_s20_session3_natural,6,20,6.666666666666667,-1.053884744644165,-1.4276378028964973
COHFACE_s20_session3_natural,6,21,6.7,-1.1143802404403687,-1.5186196063296162
COHFACE_s20_session3_natural,6,22,6.733333333333333,-1.1818747520446777,-1.5495446785169562
COHFACE_s20_session3_natural,6,23,6.766666666666667,-1.235939621925354,-1.5297090874501404
COHFACE_s20_session3_natural,6,24,6.8,-1.2724000215530396,-1.4690208838791372
COHFACE_s20_session3_natural,6,25,6.833333333333333,-1.144500494003296,-1.3755860896489933
COHFACE_s20_session3_natural,6,26,6.866666666666666,-0.5465024709701538,-1.255384837616378
COHFACE_s20_session3_natural,6,27,6.9,0.36886048316955566,-1.1132829183631705
COHFACE_s20_session3_natural,6,28,6.933333333333334,1.1097028255462646,-0.9543485665569281
COHFACE_s20_session3_natural,6,29,6.966666666666667,1.5016436576843262,-0.7848734262446063
COHFACE_s20_session3_natural,6,30,7.0,1.6402555704116821,-0.6128364647247146
COHFACE_s20_session3_natural,6,31,7.033333333333333,1.602469563484192,-0.447617003514233
COHFACE_s20_session3_natural,6,32,7.066666666666666,1.3757120370864868,-0.2987738612430633
COHFACE_s20_session3_natural,6,33,7.1,1.0133891105651855,-0.17388054016819052
COHFACE_s20_session3_natural,6,34,7.133333333333334,0.6925081014633179,-0.07585299506363236
COHFACE_s20_session3_natural,6,35,7.166666666666667,0.4853476285934448,-0.0008607560269741216
COHFACE_s20_session3_natural,6,36,7.2,0.33637717366218567,0.061613181239025615
COHFACE_s20_session3_natural,6,37,7.233333333333333,0.17957612872123718,0.12540419303008316
COHFACE_s20_session3_natural,6,38,7.266666666666667,-0.006974531803280115,0.2014361152737205
COHFACE_s20_session3_natural,6,39,7.3,-0.2233242243528366,0.29122978914246456
COHFACE_s20_session3_natural,6,40,7.333333333333333,-0.4461294114589691,0.3840198187957649
COHFACE_s20_session3_natural,6,41,7.366666666666666,-0.6498810052871704,0.46007568663499787
COHFACE_s20_session3_natural,6,42,7.4,-0.8120506405830383,0.4990514838930534
COHFACE_s20_session3_natural,6,43,7.433333333333334,-0.9289823770523071,0.4889747839526273
COHFACE_s20_session3_natural,6,44,7.466666666666667,-1.0095279216766357,0.43154085913382434
COHFACE_s20_session3_natural,6,45,7.5,-1.0771046876907349,0.3418324172913085
COHFACE_s20_session3_natural,6,46,7.533333333333333,-1.1491526365280151,0.2431576932672361
COHFACE_s20_session3_natural,6,47,7.566666666666666,-1.2258692979812622,0.15935583235979767
COHFACE_s20_session3_natural,6,48,7.6,-1.2580974102020264,0.10750812462291023
COHFACE_s20_session3_natural,6,49,7.633333333333334,-1.0084491968154907,0.09352127530116276
COHFACE_s20_session3_natural,6,50,7.666666666666667,-0.24493037164211273,0.11175892064482554
COHFACE_s20_session3_natural,6,51,7.7,0.682059109210968,0.14835637263773116
COHFACE_s20_session3_natural,6,52,7.733333333333333,1.3358839750289917,0.1866477928532253
COHFACE_s20_session3_natural,6,53,7.766666666666667,1.6507292985916138,0.21259125710650867
COHFACE_s20_session3_natural,6,54,7.8,1.7328886985778809,0.21829779692879375
COHFACE_s20_session3_natural,6,55,7.833333333333333,1.62922203540802,0.20271271885378234
COHFACE_s20_session3_natural,6,56,7.866666666666666,1.337283730506897,0.1698364480069204
COHFACE_s20_session3_natural,6,57,7.9,0.9508185386657715,0.12592964606347892
COHFACE_s20_session3_natural,6,58,7.933333333333334,0.6311150193214417,0.07731664524754363
COHFACE_s20_session3_natural,6,59,7.966666666666667,0.42986658215522766,0.029564051679641774
COHFACE_s20_session3_natural,6,60,8.0,0.2755851745605469,-0.012481950041271332
COHFACE_s20_session3_natural,6,61,8.033333333333333,0.10584843903779984,-0.04490979439395103
COHFACE_s20_session3_natural,6,62,8.066666666666666,-0.0940990298986435,-0.06562103030000992
COHFACE_s20_session3_natural,6,63,8.1,-0.3290988504886627,-0.07521439247994743
COHFACE_s20_session3_natural,6,64,8.133333333333333,-0.5619248747825623,-0.07694623877769301
COHFACE_s20_session3_natural,6,65,8.166666666666666,-0.7712920904159546,-0.07545468934632521
COHFACE_s20_session3_natural,6,66,8.2,-0.9388961791992188,-0.07481615091189765
COHFACE_s20_session3_natural,6,67,8.233333333333333,-1.033760666847229,-0.07697931888321653
COHFACE_s20_session3_natural,6,68,8.266666666666667,-1.074988603591919,-0.08136618255376492
COHFACE_s20_session3_natural,6,69,8.3,-1.128361701965332,-0.08571068696242395
COHFACE_s20_session3_natural,6,70,8.333333333333334,-1.2051854133605957,-0.08755370830803336
COHFACE_s20_session3_natural,6,71,8.366666666666667,-1.2813668251037598,-0.0855982355185393
COHFACE_s20_session3_natural,6,72,8.4,-1.3200010061264038,-0.08039019241377048
COHFACE_s20_session3_natural,6,73,8.433333333333334,-1.0580264329910278,-0.07419243220209656
COHFACE_s20_session3_natural,6,74,8.466666666666667,-0.26185134053230286,-0.07014589065591022
COHFACE_s20_session3_natural,6,75,8.5,0.6509343981742859,-0.07093305100845573
COHFACE_s20_session3_natural,6,76,8.533333333333333,1.2473349571228027,-0.07734227008691193
COHFACE_s20_session3_natural,6,77,8.566666666666666,1.5307345390319824,-0.08731222752865969
COHFACE_s20_session3_natural,6,78,8.6,1.6133055686950684,-0.09602575295418223
COHFACE_s20_session3_natural,6,79,8.633333333333333,1.5001697540283203,-0.0972872040046999
COHFACE_s20_session3_natural,6,80,8.666666666666666,1.1917057037353516,-0.08581078245317733
COHFACE_s20_session3_natural,6,81,8.7,0.82550448179245,-0.05948038984074666
COHFACE_s20_session3_natural,6,82,8.733333333333333,0.5427801012992859,-0.020506480314379367
COHFACE_s20_session3_natural,6,83,8.766666666666667,0.36652201414108276,0.025053414163333614
COHFACE_s20_session3_natural,6,84,8.8,0.23223288357257843,0.06897956667586616
COHFACE_s20_session3_natural,6,85,8.833333333333334,0.07866783440113068,0.10287541724224628
COHFACE_s20_session3_natural,6,86,8.866666666666667,-0.12059620022773743,0.12002020022132087
COHFACE_s20_session3_natural,6,87,8.9,-0.3421909809112549,0.11714323138208153
COHFACE_s20_session3_natural,6,88,8.933333333333334,-0.5590841174125671,0.09581843510402667
COHFACE_s20_session3_natural,6,89,8.966666666666667,-0.7485660910606384,0.06260412555152153
COHFACE_s20_session3_natural,6,90,9.0,-0.9055482745170593,0.027236202550578542
COHFACE_s20_session3_natural,6,91,9.033333333333333,-1.0113970041275024,-0.0008542858042145203
COHFACE_s20_session3_natural,6,92,9.066666666666666,-1.0738276243209839,-0.01630028320412977
COHFACE_s20_session3_natural,6,93,9.1,-1.1305108070373535,-0.019825641830770433
COHFACE_s20_session3_natural,6,94,9.133333333333333,-1.1814219951629639,-0.01701370593285814
COHFACE_s20_session3_natural,6,95,9.166666666666666,-1.2210359573364258,-0.014153811391750148
COHFACE_s20_session3_natural,6,96,9.2,-1.2056547403335571,-0.01389479163646236
COHFACE_s20_session3_natural,6,97,9.233333333333333,-0.8617842793464661,-0.013978239668544645
COHFACE_s20_session3_natural,6,98,9.266666666666667,-0.0379098616540432,-0.009847773169888911
COHFACE_s20_session3_natural,6,99,9.3,0.8375344276428223,0.0012268371079548774
COHFACE_s20_session3_natural,6,100,9.333333333333334,1.3549869060516357,0.01777291120256114
COHFACE_s20_session3_natural,6,101,9.366666666666667,1.5371406078338623,0.03501293083970007
COHFACE_s20_session3_natural,6,102,9.4,1.5224016904830933,0.04783592373703065
COHFACE_s20_session3_natural,6,103,9.433333333333334,1.3215237855911255,0.053258932715947706
COHFACE_s20_session3_natural,6,104,9.466666666666667,0.9647176265716553,0.0508848494644878
COHFACE_s20_session3_natural,6,105,9.5,0.626355767250061,0.04191409215065578
COHFACE_s20_session3_natural,6,106,9.533333333333333,0.43840527534484863,0.028177334637473687
COHFACE_s20_session3_natural,6,107,9.566666666666666,0.34713083505630493,0.011976539965497994
COHFACE_s20_session3_natural,6,108,9.6,0.22862637042999268,-0.0038231292757741416
COHFACE_s20_session3_natural,6,109,9.633333333333333,0.054064489901065826,-0.016558553927131618
COHFACE_s20_session3_natural,6,110,9.666666666666666,-0.1530795395374298,-0.02553453078099009
COHFACE_s20_session3_natural,6,111,9.7,-0.37618115544319153,-0.03343538501258289
COHFACE_s20_session3_natural,6,112,9.733333333333333,-0.5732631683349609,-0.045566448858021844
COHFACE_s20_session3_natural,6,113,9.766666666666667,-0.7340824007987976,-0.06647723603057332
COHFACE_s20_session3_natural,6,114,9.8,-0.8579966425895691,-0.0959755797208254
COHFACE_s20_session3_natural,6,115,9.833333333333334,-0.9357261061668396,-0.12768429831771552
COHFACE_s20_session3_natural,6,116,9.866666666666667,-0.9843316674232483,-0.1515852368236515
COHFACE_s20_session3_natural,6,117,9.9,-1.0423240661621094,-0.15899692206007457
COHFACE_s20_session3_natural,6,118,9.933333333333334,-1.1062861680984497,-0.1467343786576388
COHFACE_s20_session3_natural,6,119,9.966666666666667,-1.1470201015472412,-0.1179666106648343
COHFACE_s20_session3_natural,6,120,10.0,-1.0531436204910278,-0.07982296605395392
COHFACE_s20_session3_natural,6,121,10.033333333333333,-0.508625864982605,-0.03983493949072264
COHFACE_s20_session3_natural,6,122,10.066666666666666,0.38738709688186646,-0.0031890790549162656
COHFACE_s20_session3_natural,6,123,10.1,1.1441622972488403,0.028595284432452944
COHFACE_s20_session3_natural,6,124,10.133333333333333,1.5632672309875488,0.057849156346304886
COHFACE_s20_session3_natural,6,125,10.166666666666666,1.7183144092559814,0.09000663788354964
COHFACE_s20_session3_natural,6,126,10.2,1.6825456619262695,0.13163644065942726
COHFACE_s20_session3_natural,6,127,10.233333333333333,1.452988624572754,0.1870626623674495
COHFACE_s20_session3_natural,6,128,10.266666666666667,1.0879648923873901,0.2544940131323385
COHFACE_s20_session3_natural,6,129,10.3,0.7624151706695557,0.3236617128394819
COHFACE_s20_session3_natural,6,130,10.333333333333334,0.5531550049781799,0.3768096822441296
COHFACE_s20_session3_natural,6,131,10.366666666666667,0.41036009788513184,0.39346774955497543
COHFACE_s20_session3_natural,6,132,10.4,0.2571573555469513,0.35759803992783523
COHFACE_s20_session3_natural,6,133,10.433333333333334,0.06119517609477043,0.26445690167821784
COHFACE_s20_session3_natural,6,134,10.466666666666667,-0.15472634136676788,0.12444244367595528
COHFACE_s20_session3_natural,6,135,10.5,-0.3774162530899048,-0.03801939770367338
COHFACE_s20_session3_natural,6,136,10.533333333333333,-0.5867834687232971,-0.19115708148994243
COHFACE_s20_session3_natural,6,137,10.566666666666666,-0.7632392048835754,-0.30627556903163944
COHFACE_s20_session3_natural,6,138,10.6,-0.8948522806167603,-0.36715859480756313
COHFACE_s20_session3_natural,6,139,10.633333333333333,-0.9788313508033752,-0.37348349175578643
COHFACE_s20_session3_natural,6,140,10.666666666666666,-1.0532671213150024,-0.3373165696315783
COHFACE_s20_session3_natural,6,141,10.7,-1.1218156814575195,-0.27613421815659694
COHFACE_s20_session3_natural,6,142,10.733333333333333,-1.1793633699417114,-0.20645950838306049
COHFACE_s20_session3_natural,6,143,10.766666666666667,-1.2043949365615845,-0.14017069510550284
COHFACE_s20_session3_natural,6,144,10.8,-0.9814826846122742,-0.08369085059645306
COHFACE_s20_session3_natural,6,145,10.833333333333334,-0.2510647475719452,-0.03929695067462337
COHFACE_s20_session3_natural,6,146,10.866666666666667,0.6727052330970764,-0.007257152793634628
COHFACE_s20_session3_natural,6,147,10.9,1.3353816270828247,0.012586004893148728
COHFACE_s20_session3_natural,6,148,10.933333333333334,1.669922947883606,0.020652419871696668
COHFACE_s20_session3_natural,6,149,10.966666666666667,1.7870358228683472,0.018685469351533705
COHFACE_s20_session3_natural,6,150,11.0,1.732024073600769,0.01075255831984267
COHFACE_s20_session3_natural,6,151,11.033333333333333,1.4604650735855103,0.0028023707370407537
COHFACE_s20_session3_natural,6,152,11.066666666666666,1.057424783706665,0.0006512713000717996
COHFACE_s20_session3_natural,6,153,11.1,0.7232128977775574,0.007671181525947016
COHFACE_s20_session3_natural,6,154,11.133333333333333,0.5242617130279541,0.023663294728942554
COHFACE_s20_session3_natural,6,155,11.166666666666666,0.3703179359436035,0.045467849673772855
COHFACE_s20_session3_natural,6,156,11.2,0.1916966587305069,0.06866876454457689
COHFACE_s20_session3_natural,6,157,11.233333333333333,-0.016583669930696487,0.08918844108593413
COHFACE_s20_session3_natural,6,158,11.266666666666667,-0.2465607225894928,0.10398015321438506
COHFACE_s20_session3_natural,6,159,11.3,-0.4884030222892761,0.1109068293395696
COHFACE_s20_session3_natural,6,160,11.333333333333334,-0.7057490348815918,0.10847530118701948
COHFACE_s20_session3_natural,6,161,11.366666666666667,-0.8639498353004456,0.09601738175030336
COHFACE_s20_session3_natural,6,162,11.4,-0.9784196615219116,0.07431633196872418
COHFACE_s20_session3_natural,6,163,11.433333333333334,-1.0661287307739258,0.04610381912764579
COHFACE_s20_session3_natural,6,164,11.466666666666667,-1.1318281888961792,0.015788827125851345
COHFACE_s20_session3_natural,6,165,11.5,-1.2012330293655396,-0.011741665884344487
COHFACE_s20_session3_natural,6,166,11.533333333333333,-1.2773815393447876,-0.03273584547104562
COHFACE_s20_session3_natural,6,167,11.566666666666666,-1.2873282432556152,-0.04572055834011521
COHFACE_s20_session3_natural,6,168,11.6,-0.9626102447509766,-0.05152916527802902
COHFACE_s20_session3_natural,6,169,11.633333333333333,-0.12979364395141602,-0.05222826724831513
COHFACE_s20_session3_natural,6,170,11.666666666666666,0.788278341293335,-0.049596069957817804
COHFACE_s20_session3_natural,6,171,11.7,1.3869349956512451,-0.04402947966707755
COHFACE_s20_session3_natural,6,172,11.733333333333333,1.6631544828414917,-0.034446486480817384
COHFACE_s20_session3_natural,6,173,11.766666666666667,1.7364704608917236,-0.019174033370593938
COHFACE_s20_session3_natural,6,174,11.8,1.6221489906311035,0.002664362457019378
COHFACE_s20_session3_natural,6,175,11.833333333333334,1.296566367149353,0.029973307918724212
COHFACE_s20_session3_natural,6,176,11.866666666666667,0.8884949684143066,0.05937459563704868
COHFACE_s20_session3_natural,6,177,11.9,0.5837198495864868,0.0860055934854732
COHFACE_s20_session3_natural,6,178,11.933333333333334,0.41520997881889343,0.10503994963957358
COHFACE_s20_session3_natural,6,179,11.966666666666667,0.2789034843444824,0.11314028044786928
COHFACE_s20_session3_natural,6,180,12.0,0.0979766845703125,0.10919559886838852
COHFACE_s20_session3_natural,6,181,12.033333333333333,-0.1248038038611412,0.0941470905517154
COHFACE_s20_session3_natural,6,182,12.066666666666666,-0.3449741005897522,0.07010720599924014
COHFACE_s20_session3_natural,6,183,12.1,-0.5533202886581421,0.03931891466069761
COHFACE_s20_session3_natural,6,184,12.133333333333333,-0.7591056823730469,0.003722909760909579
COHFACE_s20_session3_natural,6,185,12.166666666666666,-0.93996661901474,-0.034476780092921704
COHFACE_s20_session3_natural,6,186,12.2,-1.0556138753890991,-0.07187846288347531
COHFACE_s20_session3_natural,6,187,12.233333333333333,-1.1429359912872314,-0.10379970817450972
COHFACE_s20_session3_natural,6,188,12.266666666666667,-1.2094918489456177,-0.12559125777810132
COHFACE_s20_session3_natural,6,189,12.3,-1.2573069334030151,-0.13463438523627402
COHFACE_s20_session3_natural,6,190,12.333333333333334,-1.2903255224227905,-0.13164833907013018
COHFACE_s20_session3_natural,6,191,12.366666666666667,-1.2237614393234253,-0.12034927653410625
COHFACE_s20_session3_natural,6,192,12.4,-0.7482943534851074,-0.10564773740709986
COHFACE_s20_session3_natural,6,193,12.433333333333334,0.13013888895511627,-0.09149313606874897
COHFACE_s20_session3_natural,6,194,12.466666666666667,0.9494351744651794,-0.07946155784773352
COHFACE_s20_session3_natural,6,195,12.5,1.4207769632339478,-0.06852442096292834
COHFACE_s20_session3_natural,6,196,12.533333333333333,1.4864352941513062,-0.055808486922669265
COHFACE_s20_session3_natural,6,197,12.566666666666666,1.2982213497161865,-0.037890606728888915
COHFACE_s20_session3_natural,6,198,12.6,0.972012996673584,-0.012219136142232528
COHFACE_s20_session3_natural,6,199,12.633333333333333,0.5855889320373535,0.021662023039385254
COHFACE_s20_session3_natural,6,200,12.666666666666666,0.2970348596572876,0.061459845864227446
COHFACE_s20_session3_natural,6,201,12.7,0.15234611928462982,0.10237865136240581
COHFACE_s20_session3_natural,6,202,12.733333333333333,0.07777855545282364,0.13824827884913535
COHFACE_s20_session3_natural,6,203,12.766666666666667,-0.034575071185827255,0.16307732072501582
COHFACE_s20_session3_natural,6,204,12.8,-0.22280548512935638,0.17239150439491596
COHFACE_s20_session3_natural,6,205,12.833333333333334,-0.4532106816768646,0.16391117615505998
COHFACE_s20_session3_natural,6,206,12.866666666666667,-0.6561883091926575,0.13757619575133231
COHFACE_s20_session3_natural,6,207,12.9,-0.7638814449310303,0.09535534191548373
COHFACE_s20_session3_natural,6,208,12.933333333333334,-0.8244264125823975,0.0413312459624267
COHFACE_s20_session3_natural,6,209,12.966666666666667,-0.9471467137336731,-0.01803947404596435
COHFACE_s20_session3_natural,6,210,13.0,-1.120827555656433,-0.07445436567209798
COHFACE_s20_session3_natural,6,211,13.033333333333333,-1.2695015668869019,-0.11987055683015259
COHFACE_s20_session3_natural,6,212,13.066666666666666,-1.3955320119857788,-0.1493226269180319
COHFACE_s20_session3_natural,6,213,13.1,-1.4798980951309204,-0.16233626362478876
COHFACE_s20_session3_natural,6,214,13.133333333333333,-1.4727509021759033,-0.1616933725984228
COHFACE_s20_session3_natural,6,215,13.166666666666666,-1.1981865167617798,-0.1504211379024116
COHFACE_s20_session3_natural,6,216,13.2,-0.29644259810447693,-0.12928516448558777
COHFACE_s20_session3_natural,6,217,13.233333333333333,0.7588168978691101,-0.09670100370924166
COHFACE_s20_session3_natural,6,218,13.266666666666667,1.2770928144454956,-0.051119457060995986
COHFACE_s20_session3_natural,6,219,13.3,1.347139835357666,0.005850491627342165
COHFACE_s20_session3_natural,6,220,13.333333333333334,1.2809628248214722,0.06766652670254811
COHFACE_s20_session3_natural,6,221,13.366666666666667,1.0888211727142334,0.12360245853999505
COHFACE_s20_session3_natural,6,222,13.4,0.654911458492279,0.16192616153113218
COHFACE_s20_session3_natural,6,223,13.433333333333334,0.090804822742939,0.17428790405802755
COHFACE_s20_session3_natural,6,224,13.466666666666667,-0.3585767447948456,0.1594073111391068
COHFACE_s20_session3_natural,6,225,13.5,-0.5887431502342224,0.12417107528270412
COHFACE_s20_session3_natural,6,226,13.533333333333333,-0.7130032181739807,0.08117253357913672
COHFACE_s20_session3_natural,6,227,13.566666666666666,-0.8264355063438416,0.043456796909744404
COHFACE_s20_session3_natural,6,228,13.6,-0.9476160407066345,0.019040251960556767
COHFACE_s20_session3_natural,6,229,13.633333333333333,-1.0662111043930054,0.008111741033046104
COHFACE_s20_session3_natural,6,230,13.666666666666666,-1.1819242238998413,0.004066500169243787
COHFACE_s20_session3_natural,6,231,13.7,-1.2899137735366821,-0.0026543538021958943
COHFACE_s20_session3_natural,6,232,13.733333333333333,-1.3415577411651611,-0.019786765580846705
COHFACE_s20_session3_natural,6,233,13.766666666666667,-1.3079463243484497,-0.049264678796463346
COHFACE_s20_session3_natural,6,234,13.8,-1.23749577999115,-0.08557696574002308
COHFACE_s20_session3_natural,6,235,13.833333333333334,-1.178877592086792,-0.11742787748428382
COHFACE_s20_session3_natural,6,236,13.866666666666667,-1.1497125625610352,-0.13229786903425086
COHFACE_s20_session3_natural,6,237,13.9,-1.1461472511291504,-0.12198927223833297
COHFACE_s20_session3_natural,6,238,13.933333333333334,-1.0462764501571655,-0.08659783618123568
COHFACE_s20_session3_natural,6,239,13.966666666666667,-0.41932758688926697,-0.03503155935612208
COHFACE_s20_session3_natural,7,0,7.0,1.6402555704116821,0.01562069694206716
COHFACE_s20_session3_natural,7,1,7.033333333333333,1.602469563484192,2.702602420333694
COHFACE_s20_session3_natural,7,2,7.066666666666666,1.3757120370864868,4.964251601785433
COHFACE_s20_session3_natural,7,3,7.1,1.0133891105651855,6.481314055183909
COHFACE_s20_session3_natural,7,4,7.133333333333334,0.6925081014633179,7.116148973218024
COHFACE_s20_session3_natural,7,5,7.166666666666667,0.4853476285934448,6.93129522279001
COHFACE_s20_session3_natural,7,6,7.2,0.33637717366218567,6.144542149382412
COHFACE_s20_session3_natural,7,7,7.233333333333333,0.17957612872123718,5.044070636743489
COHFACE_s20_session3_natural,7,8,7.266666666666667,-0.006974531803280115,3.8993704857305462
COHFACE_s20_session3_natural,7,9,7.3,-0.2233242243528366,2.896814483844253
COHFACE_s20_session3_natural,7,10,7.333333333333333,-0.4461294114589691,2.1145688500871103
COHFACE_s20_session3_natural,7,11,7.366666666666666,-0.6498810052871704,1.5363078258225575
COHFACE_s20_session3_natural,7,12,7.4,-0.8120506405830383,1.0903561208459651
COHFACE_s20_session3_natural,7,13,7.433333333333334,-0.9289823770523071,0.6948115916605262
COHFACE_s20_session3_natural,7,14,7.466666666666667,-1.0095279216766357,0.2919408335851443
COHFACE_s20_session3_natural,7,15,7.5,-1.0771046876907349,-0.13652676220378818
COHFACE_s20_session3_natural,7,16,7.533333333333333,-1.1491526365280151,-0.5727456746860958
COHFACE_s20_session3_natural,7,17,7.566666666666666,-1.2258692979812622,-0.9781822995451391
COHFACE_s20_session3_natural,7,18,7.6,-1.2580974102020264,-1.3123688636898372
COHFACE_s20_session3_natural,7,19,7.633333333333334,-1.0084491968154907,-1.5476247058102541
COHFACE_s20_session3_natural,7,20,7.666666666666667,-0.24493037164211273,-1.6759607196479043
COHFACE_s20_session3_natural,7,21,7.7,0.682059109210968,-1.7081579067546704
COHFACE_s20_session3_natural,7,22,7.733333333333333,1.3358839750289917,-1.6674853934373035
COHFACE_s20_session3_natural,7,23,7.766666666666667,1.6507292985916138,-1.581414069968934
COHFACE_s20_session3_natural,7,24,7.8,1.7328886985778809,-1.4743765582726664
COHFACE_s20_session3_natural,7,25,7.833333333333333,1.62922203540802,-1.3634491359062104
COHFACE_s20_session3_natural,7,26,7.866666666666666,1.337283730506897,-1.2572321872934824
COHFACE_s20_session3_natural,7,27,7.9,0.9508185386657715,-1.1569679198274663
COHFACE_s20_session3_natural,7,28,7.933333333333334,0.6311150193214417,-1.0586318315252907
COHFACE_s20_session3_natural,7,29,7.966666666666667,0.42986658215522766,-0.9552577771769858
COHFACE_s20_session3_natural,7,30,8.0,0.2755851745605469,-0.8394826371934824
COHFACE_s20_session3_natural,7,31,8.033333333333333,0.10584843903779984,-0.7064428526514774
COHFACE_s20_session3_natural,7,32,8.066666666666666,-0.0940990298986435,-0.5564655686232898
COHFACE_s20_session3_natural,7,33,8.1,-0.3290988504886627,-0.3962093311076623
COHFACE_s20_session3_natural,7,34,8.133333333333333,-0.5619248747825623,-0.2370159320191326
COHFACE_s20_session3_natural,7,35,8.166666666666666,-0.7712920904159546,-0.0906174294720273
COHFACE_s20_session3_natural,7,36,8.2,-0.9388961791992188,0.03568512443283113
COHFACE_s20_session3_natural,7,37,8.233333333333333,-1.033760666847229,0.14147208002832
COHFACE_s20_session3_natural,7,38,8.266666666666667,-1.074988603591919,0.2318484295666951
COHFACE_s20_session3_natural,7,39,8.3,-1.128361701965332,0.31331630435795343
COHFACE_s20_session3_natural,7,40,8.333333333333334,-1.2051854133605957,0.3894435364425545
COHFACE_s20_session3_natural,7,41,8.366666666666667,-1.2813668251037598,0.4586586611081209
COHFACE_s20_session3_natural,7,42,8.4,-1.3200010061264038,0.5149216571085683
COHFACE_s20_session3_natural,7,43,8.433333333333334,-1.0580264329910278,0.5504148524401233
COHFACE_s20_session3_natural,7,44,8.466666666666667,-0.26185134053230286,0.5588300295588676
COHFACE_s20_session3_natural,7,45,8.5,0.6509343981742859,0.538080410291586
COHFACE_s20_session3_natural,7,46,8.533333333333333,1.2473349571228027,0.4916601599742699
COHFACE_s20_session3_natural,7,47,8.566666666666666,1.5307345390319824,0.42823154518345785
COHFACE_s20_session3_natural,7,48,8.6,1.6133055686950684,0.35946303906356103
COHFACE_s20_session3_natural,7,49,8.633333333333333,1.5001697540283203,0.2967313964683798
COHFACE_s20_session3_natural,7,50,8.666666666666666,1.1917057037353516,0.24788127060714524
COHFACE_s20_session3_natural,7,51,8.7,0.82550448179245,0.21537942669451027
COHFACE_s20_session3_natural,7,52,8.733333333333333,0.5427801012992859,0.19660919401826132
COHFACE_s20_session3_natural,7,53,8.766666666666667,0.36652201414108276,0.18594084100034128
COHFACE_s20_session3_natural,7,54,8.8,0.23223288357257843,0.17723663650488755
COHFACE_s20_session3_natural,7,55,8.833333333333334,0.07866783440113068,0.16543969089920355
COHFACE_s20_session3_natural,7,56,8.866666666666667,-0.12059620022773743,0.14698807419190388
COHFACE_s20_session3_natural,7,57,8.9,-0.3421909809112549,0.1198085300313634
COHFACE_s20_session3_natural,7,58,8.933333333333334,-0.5590841174125671,0.08353962493848066
COHFACE_s20_session3_natural,7,59,8.966666666666667,-0.7485660910606384,0.03990935110109576
COHFACE_s20_session3_natural,7,60,9.0,-0.9055482745170593,-0.007204433086545815
COHFACE_s20_session3_natural,7,61,9.033333333333333,-1.0113970041275024,-0.05242660471465249
COHFACE_s20_session3_natural,7,62,9.066666666666666,-1.0738276243209839,-0.09033030020327154
COHFACE_s20_session3_natural,7,63,9.1,-1.1305108070373535,-0.11723064889889294
COHFACE_s20_session3_natural,7,64,9.133333333333333,-1.1814219951629639,-0.1323688310124855
COHFACE_s20_session3_natural,7,65,9.166666666666666,-1.2210359573364258,-0.13774568754643296
COHFACE_s20_session3_natural,7,66,9.2,-1.2056547403335571,-0.1369562208458717
COHFACE_s20_session3_natural,7,67,9.233333333333333,-0.8617842793464661,-0.13406551248073978
COHFACE_s20_session3_natural,7,68,9.266666666666667,-0.0379098616540432,-0.1329233710675593
COHFACE_s20_session3_natural,7,69,9.3,0.8375344276428223,-0.1363878232795243
COHFACE_s20_session3_natural,7,70,9.333333333333334,1.3549869060516357,-0.1450481274268936
COHFACE_s20_session3_natural,7,71,9.366666666666667,1.5371406078338623,-0.15600788134863539
COHFACE_s20_session3_natural,7,72,9.4,1.5224016904830933,-0.16301210610961006
COHFACE_s20_session3_natural,7,73,9.433333333333334,1.3215237855911255,-0.1587049614551199
COHFACE_s20_session3_natural,7,74,9.466666666666667,0.9647176265716553,-0.13813585455805463
COHFACE_s20_session3_natural,7,75,9.5,0.626355767250061,-0.10135295509464039
COHFACE_s20_session3_natural,7,76,9.533333333333333,0.43840527534484863,-0.05341987446951979
COHFACE_s20_session3_natural,7,77,9.566666666666666,0.34713083505630493,-0.0020319938521833484
COHFACE_s20_session3_natural,7,78,9.6,0.22862637042999268,0.04540004873395459
COHFACE_s20_session3_natural,7,79,9.633333333333333,0.054064489901065826,0.08317523695606341
COHFACE_s20_session3_natural,7,80,9.666666666666666,-0.1530795395374298,0.10682731046055027
COHFACE_s20_session3_natural,7,81,9.7,-0.37618115544319153,0.11223057825491169
COHFACE_s20_session3_natural,7,82,9.733333333333333,-0.5732631683349609,0.09616744149916735
COHFACE_s20_session3_natural,7,83,9.766666666666667,-0.7340824007987976,0.05872084828307678
COHFACE_s20_session3_natural,7,84,9.8,-0.8579966425895691,0.005562795402586765
COHFACE_s20_session3_natural,7,85,9.833333333333334,-0.9357261061668396,-0.05252160876736472
COHFACE_s20_session3_natural,7,86,9.866666666666667,-0.9843316674232483,-0.10352012044212965
COHFACE_s20_session3_natural,7,87,9.9,-1.0423240661621094,-0.1392365321462283
COHFACE_s20_session3_natural,7,88,9.933333333333334,-1.1062861680984497,-0.15812075374317153
COHFACE_s20_session3_natural,7,89,9.966666666666667,-1.1470201015472412,-0.1640666389698475
COHFACE_s20_session3_natural,7,90,10.0,-1.0531436204910278,-0.162407334196137
COHFACE_s20_session3_natural,7,91,10.033333333333333,-0.508625864982605,-0.1561749618519669
COHFACE_s20_session3_natural,7,92,10.066666666666666,0.38738709688186646,-0.14467681194693716
COHFACE_s20_session3_natural,7,93,10.1,1.1441622972488403,-0.12417620873231973
COHFACE_s20_session3_natural,7,94,10.133333333333333,1.5632672309875488,-0.0893534634482378
COHFACE_s20_session3_natural,7,95,10.166666666666666,1.7183144092559814,-0.03473105314653926
COHFACE_s20_session3_natural,7,96,10.2,1.6825456619262695,0.043631224169787604
COHFACE_s20_session3_natural,7,97,10.233333333333333,1.452988624572754,0.1455558654209555
COHFACE_s20_session3_natural,7,98,10.266666666666667,1.0879648923873901,0.2637479851975009
COHFACE_s20_session3_natural,7,99,10.3,0.7624151706695557,0.38214771959892063
COHFACE_s20_session3_natural,7,100,10.333333333333334,0.5531550049781799,0.4774874634342287
COHFACE_s20_session3_natural,7,101,10.366666666666667,0.41036009788513184,0.5246257388439424
COHFACE_s20_session3_natural,7,102,10.4,0.2571573555469513,0.5043750963657474
COHFACE_s20_session3_natural,7,103,10.433333333333334,0.06119517609477043,0.41110358228241184
COHFACE_s20_session3_natural,7,104,10.466666666666667,-0.15472634136676788,0.25703549429370254
COHFACE_s20_session3_natural,7,105,10.5,-0.3774162530899048,0.07085011690891074
COHFACE_s20_session3_natural,7,106,10.533333333333333,-0.5867834687232971,-0.11021673605532423
COHFACE_s20_session3_natural,7,107,10.566666666666666,-0.7632392048835754,-0.2525671609895284
COHFACE_s20_session3_natural,7,108,10.6,-0.8948522806167603,-0.33709954261631714
COHFACE_s20_session3_natural,7,109,10.633333333333333,-0.9788313508033752,-0.36296290854953095
COHFACE_s20_session3_natural,7,110,10.666666666666666,-1.0532671213150024,-0.34322714848386093
COHFACE_s20_session3_natural,7,111,10.7,-1.1218156814575195,-0.2966019676588896
COHFACE_s20_session3_natural,7,112,10.733333333333333,-1.1793633699417114,-0.240048859200233
COHFACE_s20_session3_natural,7,113,10.766666666666667,-1.2043949365615845,-0.18471400654969775
COHFACE_s20_session3_natural,7,114,10.8,-0.9814826846122742,-0.13542167479816783
COHFACE_s20_session3_natural,7,115,10.833333333333334,-0.2510647475719452,-0.09276759032592698
COHFACE_s20_session3_natural,7,116,10.866666666666667,0.6727052330970764,-0.05613116556276702
COHFACE_s20_session3_natural,7,117,10.9,1.3353816270828247,-0.02580572212961842
COHFACE_s20_session3_natural,7,118,10.933333333333334,1.669922947883606,-0.0031792647591722062
COHFACE_s20_session3_natural,7,119,10.966666666666667,1.7870358228683472,0.010770569499309091
COHFACE_s20_session3_natural,7,120,11.0,1.732024073600769,0.017193373941592517
COHFACE_s20_session3_natural,7,121,11.033333333333333,1.4604650735855103,0.019688505236624274
COHFACE_s20_session3_natural,7,122,11.066666666666666,1.057424783706665,0.022842945949217274
COHFACE_s20_session3_natural,7,123,11.1,0.7232128977775574,0.03005966848737127
COHFACE_s20_session3_natural,7,124,11.133333333333333,0.5242617130279541,0.04219810816048532
COHFACE_s20_session3_natural,7,125,11.166666666666666,0.3703179359436035,0.057796826194703214
COHFACE_s20_session3_natural,7,126,11.2,0.1916966587305069,0.07439499405416794
COHFACE_s20_session3_natural,7,127,11.233333333333333,-0.016583669930696487,0.08973661803179418
COHFACE_s20_session3_natural,7,128,11.266666666666667,-0.2465607225894928,0.10201026250272477
COHFACE_s20_session3_natural,7,129,11.3,-0.4884030222892761,0.10929638116964205
COHFACE_s20_session3_natural,7,130,11.333333333333334,-0.7057490348815918,0.1091558044186605
COHFACE_s20_session3_natural,7,131,11.366666666666667,-0.8639498353004456,0.09917662679740966
COHFACE_s20_session3_natural,7,132,11.4,-0.9784196615219116,0.078365539326174
COHFACE_s20_session3_natural,7,133,11.433333333333334,-1.0661287307739258,0.04839575057046594
COHFACE_s20_session3_natural,7,134,11.466666666666667,-1.1318281888961792,0.013709979701207041
COHFACE_s20_session3_natural,7,135,11.5,-1.2012330293655396,-0.019791164987948553
COHFACE_s20_session3_natural,7,136,11.533333333333333,-1.2773815393447876,-0.046875431406385705
COHFACE_s20_session3_natural,7,137,11.566666666666666,-1.2873282432556152,-0.06480809669833935
COHFACE_s20_session3_natural,7,138,11.6,-0.9626102447509766,-0.07388242372888934
COHFACE_s20_session3_natural,7,139,11.633333333333333,-0.12979364395141602,-0.07637634907202223
COHFACE_s20_session3_natural,7,140,11.666666666666666,0.788278341293335,-0.07463586204904983
COHFACE_s20_session3_natural,7,141,11.7,1.3869349956512451,-0.06951042365922079
COHFACE_s20_session3_natural,7,142,11.733333333333333,1.6631544828414917,-0.06002082025941716
COHFACE_s20_session3_natural,7,143,11.766666666666667,1.7364704608917236,-0.04429939748454759
COHFACE_s20_session3_natural,7,144,11.8,1.6221489906311035,-0.02114992784194506
COHFACE_s20_session3_natural,7,145,11.833333333333334,1.296566367149353,0.008670512414116422
COHFACE_s20_session3_natural,7,146,11.866666666666667,0.8884949684143066,0.04212922291826218
COHFACE_s20_session3_natural,7,147,11.9,0.5837198495864868,0.07467425317313556
COHFACE_s20_session3_natural,7,148,11.933333333333334,0.41520997881889343,0.1015613294292737
COHFACE_s20_session3_natural,7,149,11.966666666666667,0.2789034843444824,0.11898913213478897
COHFACE_s20_session3_natural,7,150,12.0,0.0979766845703125,0.12459367375572844
COHFACE_s20_session3_natural,7,151,12.033333333333333,-0.1248038038611412,0.11736987271558429
COHFACE_s20_session3_natural,7,152,12.066666666666666,-0.3449741005897522,0.09737229636148623
COHFACE_s20_session3_natural,7,153,12.1,-0.5533202886581421,0.0655821248155729
COHFACE_s20_session3_natural,7,154,12.133333333333333,-0.7591056823730469,0.02420993677765455
COHFACE_s20_session3_natural,7,155,12.166666666666666,-0.93996661901474,-0.02270119981352115
COHFACE_s20_session3_natural,7,156,12.2,-1.0556138753890991,-0.06909557393782285
COHFACE_s20_session3_natural,7,157,12.233333333333333,-1.1429359912872314,-0.107920837936596
COHFACE_s20_session3_natural,7,158,12.266666666666667,-1.2094918489456177,-0.13324390448661388
COHFACE_s20_session3_natural,7,159,12.3,-1.2573069334030151,-0.14237132691628068
COHFACE_s20_session3_natural,7,160,12.333333333333334,-1.2903255224227905,-0.1367142031362696
COHFACE_s20_session3_natural,7,161,12.366666666666667,-1.2237614393234253,-0.12086931935595939
COHFACE_s20_session3_natural,7,162,12.4,-0.7482943534851074,-0.10044281252095623
COHFACE_s20_session3_natural,7,163,12.433333333333334,0.13013888895511627,-0.07981776333836156
COHFACE_s20_session3_natural,7,164,12.466666666666667,0.9494351744651794,-0.06094429406189505
COHFACE_s20_session3_natural,7,165,12.5,1.4207769632339478,-0.04347905929875028
COHFACE_s20_session3_natural,7,166,12.533333333333333,1.4864352941513062,-0.025778185552089154
COHFACE_s20_session3_natural,7,167,12.566666666666666,1.2982213497161865,-0.00596486537186991
COHFACE_s20_session3_natural,7,168,12.6,0.972012996673584,0.01729549628001877
COHFACE_s20_session3_natural,7,169,12.633333333333333,0.5855889320373535,0.044201196670606784
COHFACE_s20_session3_natural,7,170,12.666666666666666,0.2970348596572876,0.07332895999343896
COHFACE_s20_session3_natural,7,171,12.7,0.15234611928462982,0.10148909906080208
COHFACE_s20_session3_natural,7,172,12.733333333333333,0.07777855545282364,0.12420567115697001
COHFACE_s20_session3_natural,7,173,12.766666666666667,-0.034575071185827255,0.13681605391595728
COHFACE_s20_session3_natural,7,174,12.8,-0.22280548512935638,0.13578659975121937
COHFACE_s20_session3_natural,7,175,12.833333333333334,-0.4532106816768646,0.11966553268864893
COHFACE_s20_session3_natural,7,176,12.866666666666667,-0.6561883091926575,0.08932883652326934
COHFACE_s20_session3_natural,7,177,12.9,-0.7638814449310303,0.047679052784307695
COHFACE_s20_session3_natural,7,178,12.933333333333334,-0.8244264125823975,-0.0006848683873435746
COHFACE_s20_session3_natural,7,179,12.966666666666667,-0.9471467137336731,-0.04961723652836518
COHFACE_s20_session3_natural,7,180,13.0,-1.120827555656433,-0.09202027018504796
COHFACE_s20_session3_natural,7,181,13.033333333333333,-1.2695015668869019,-0.12158031089607875
COHFACE_s20_session3_natural,7,182,13.066666666666666,-1.3955320119857788,-0.1350228532950902
COHFACE_s20_session3_natural,7,183,13.1,-1.4798980951309204,-0.13313256834656606
COHFACE_s20_session3_natural,7,184,13.133333333333333,-1.4727509021759033,-0.1194414647339071
COHFACE_s20_session3_natural,7,185,13.166666666666666,-1.1981865167617798,-0.097336212722152
COHFACE_s20_session3_natural,7,186,13.2,-0.29644259810447693,-0.06771063953191829
COHFACE_s20_session3_natural,7,187,13.233333333333333,0.7588168978691101,-0.02902902218040647
COHFACE_s20_session3_natural,7,188,13.266666666666667,1.2770928144454956,0.0201556997131899
COHFACE_s20_session3_natural,7,189,13.3,1.347139835357666,0.07799846339235357
COHFACE_s20_session3_natural,7,190,13.333333333333334,1.2809628248214722,0.13758905587608558
COHFACE_s20_session3_natural,7,191,13.366666666666667,1.0888211727142334,0.18779833132620535
COHFACE_s20_session3_natural,7,192,13.4,0.654911458492279,0.21665127554211538
COHFACE_s20_session3_natural,7,193,13.433333333333334,0.090804822742939,0.21596689192071092
COHFACE_s20_session3_natural,7,194,13.466666666666667,-0.3585767447948456,0.18520506257110161
COHFACE_s20_session3_natural,7,195,13.5,-0.5887431502342224,0.13240692173437502
COHFACE_s20_session3_natural,7,196,13.533333333333333,-0.7130032181739807,0.07113420864590278
COHFACE_s20_session3_natural,7,197,13.566666666666666,-0.8264355063438416,0.014443512543307807
COHFACE_s20_session3_natural,7,198,13.6,-0.9476160407066345,-0.030774756173692214
COHFACE_s20_session3_natural,7,199,13.633333333333333,-1.0662111043930054,-0.06553623064722719
COHFACE_s20_session3_natural,7,200,13.666666666666666,-1.1819242238998413,-0.09578443271911656
COHFACE_s20_session3_natural,7,201,13.7,-1.2899137735366821,-0.12712278086962098
COHFACE_s20_session3_natural,7,202,13.733333333333333,-1.3415577411651611,-0.1605774108670977
COHFACE_s20_session3_natural,7,203,13.766666666666667,-1.3079463243484497,-0.19145354391783623
COHFACE_s20_session3_natural,7,204,13.8,-1.23749577999115,-0.21151188865217413
COHFACE_s20_session3_natural,7,205,13.833333333333334,-1.178877592086792,-0.2131484677543498
COHFACE_s20_session3_natural,7,206,13.866666666666667,-1.1497125625610352,-0.19339134237263889
COHFACE_s20_session3_natural,7,207,13.9,-1.1461472511291504,-0.15566015702627634
COHFACE_s20_session3_natural,7,208,13.933333333333334,-1.0462764501571655,-0.108391167921124
COHFACE_s20_session3_natural,7,209,13.966666666666667,-0.41932758688926697,-0.061319098387555816
COHFACE_s20_session3_natural,7,210,14.0,0.5737401247024536,-0.02154872029123406
COHFACE_s20_session3_natural,7,211,14.033333333333333,1.2183181047439575,0.008448625621865685
COHFACE_s20_session3_natural,7,212,14.066666666666666,1.5068721771240234,0.03027411071672748
COHFACE_s20_session3_natural,7,213,14.1,1.6459124088287354,0.047503531549912714
COHFACE_s20_session3_natural,7,214,14.133333333333333,1.6573494672775269,0.0635744696162265
COHFACE_s20_session3_natural,7,215,14.166666666666666,1.495377540588379,0.08060002785859537
COHFACE_s20_session3_natural,7,216,14.2,1.186650037765503,0.0992096494042106
COHFACE_s20_session3_natural,7,217,14.233333333333333,0.8750817179679871,0.11896180641272461
COHFACE_s20_session3_natural,7,218,14.266666666666667,0.6636642217636108,0.1387734872509374
COHFACE_s20_session3_natural,7,219,14.3,0.5365139842033386,0.15702633708846322
COHFACE_s20_session3_natural,7,220,14.333333333333334,0.40564200282096863,0.17131465071946114
COHFACE_s20_session3_natural,7,221,14.366666666666667,0.24160324037075043,0.17812619553317402
COHFACE_s20_session3_natural,7,222,14.4,0.05079557001590729,0.17300762697569896
COHFACE_s20_session3_natural,7,223,14.433333333333334,-0.17123562097549438,0.1516972475406755
COHFACE_s20_session3_natural,7,224,14.466666666666667,-0.38804641366004944,0.11216519775275868
COHFACE_s20_session3_natural,7,225,14.5,-0.5658937096595764,0.05673440322677811
COHFACE_s20_session3_natural,7,226,14.533333333333333,-0.6828172206878662,-0.007025787489000668
COHFACE_s20_session3_natural,7,227,14.566666666666666,-0.7892505526542664,-0.06761672710370403
COHFACE_s20_session3_natural,7,228,14.6,-0.9023122787475586,-0.11296140637996278
COHFACE_s20_session3_natural,7,229,14.633333333333333,-0.9938337802886963,-0.1344079191059169
COHFACE_s20_session3_natural,7,230,14.666666666666666,-1.0770224332809448,-0.12961474006886975
COHFACE_s20_session3_natural,7,231,14.7,-1.084194302558899,-0.10311157271863908
COHFACE_s20_session3_natural,7,232,14.733333333333333,-0.6928545236587524,-0.06444068498095812
COHFACE_s20_session3_natural,7,233,14.766666666666667,0.18132998049259186,-0.02484444627117267
COHFACE_s20_session3_natural,7,234,14.8,1.0031870603561401,0.006038946431529113
COHFACE_s20_session3_natural,7,235,14.833333333333334,1.4774272441864014,0.02227561378993961
COHFACE_s20_session3_natural,7,236,14.866666666666667,1.7120400667190552,0.02215140729330693
COHFACE_s20_session3_natural,7,237,14.9,1.8020299673080444,0.007500455472954745
COHFACE_s20_session3_natural,7,238,14.933333333333334,1.7159429788589478,-0.017477126297499403
COHFACE_s20_session3_natural,7,239,14.966666666666667,1.4115219116210938,-0.047362843471691896
COHFACE_s20_session3_natural,8,0,8.0,0.2755851745605469,0.01652633860308472
COHFACE_s20_session3_natural,8,1,8.033333333333333,0.10584843903779984,2.600346487103709
COHFACE_s20_session3_natural,8,2,8.066666666666666,-0.0940990298986435,4.7871319378562225
COHFACE_s20_session3_natural,8,3,8.1,-0.3290988504886627,6.275382953965281
COHFACE_s20_session3_natural,8,4,8.133333333333333,-0.5619248747825623,6.92776905061866
COHFACE_s20_session3_natural,8,5,8.166666666666666,-0.7712920904159546,6.7901435506948635
COHFACE_s20_session3_natural,8,6,8.2,-0.9388961791992188,6.053902963750964
COHFACE_s20_session3_natural,8,7,8.233333333333333,-1.033760666847229,4.982016036756914
COHFACE_s20_session3_natural,8,8,8.266666666666667,-1.074988603591919,3.830146650879178
COHFACE_s20_session3_natural,8,9,8.3,-1.128361701965332,2.7880551738438344
COHFACE_s20_session3_natural,8,10,8.333333333333334,-1.2051854133605957,1.9535241072877052
COHFACE_s20_session3_natural,8,11,8.366666666666667,-1.2813668251037598,1.3381200601507657
COHFACE_s20_session3_natural,8,12,8.4,-1.3200010061264038,0.894504233463641
COHFACE_s20_session3_natural,8,13,8.433333333333334,-1.0580264329910278,0.5511104894066108
COHFACE_s20_session3_natural,8,14,8.466666666666667,-0.26185134053230286,0.2420607210981131
COHFACE_s20_session3_natural,8,15,8.5,0.6509343981742859,-0.07439420038550175
COHFACE_s20_session3_natural,8,16,8.533333333333333,1.2473349571228027,-0.4101055489774802
COHFACE_s20_session3_natural,8,17,8.566666666666666,1.5307345390319824,-0.7514070333015377
COHFACE_s20_session3_natural,8,18,8.6,1.6133055686950684,-1.069557148311337
COHFACE_s20_session3_natural,8,19,8.633333333333333,1.5001697540283203,-1.3330782354236403
COHFACE_s20_session3_natural,8,20,8.666666666666666,1.1917057037353516,-1.5183945426203473
COHFACE_s20_session3_natural,8,21,8.7,0.82550448179245,-1.616159776774742
COHFACE_s20_session3_natural,8,22,8.733333333333333,0.5427801012992859,-1.6321515566399922
COHFACE_s20_session3_natural,8,23,8.766666666666667,0.36652201414108276,-1.5834443961900455
COHFACE_s20_session3_natural,8,24,8.8,0.23223288357257843,-1.4921822494979553
COHFACE_s20_session3_natural,8,25,8.833333333333334,0.07866783440113068,-1.3796524460248552
COHFACE_s20_session3_natural,8,26,8.866666666666667,-0.12059620022773743,-1.2622059477609302
COHFACE_s20_session3_natural,8,27,8.9,-0.3421909809112549,-1.1491545713964135
COHFACE_s20_session3_natural,8,28,8.933333333333334,-0.5590841174125671,-1.0423599668187236
COHFACE_s20_session3_natural,8,29,8.966666666666667,-0.7485660910606384,-0.9374765690231562
COHFACE_s20_session3_natural,8,30,9.0,-0.9055482745170593,-0.8267992260960876
COHFACE_s20_session3_natural,8,31,9.033333333333333,-1.0113970041275024,-0.7031327886490814
COHFACE_s20_session3_natural,8,32,9.066666666666666,-1.0738276243209839,-0.5633894547554074
COHFACE_s20_session3_natural,8,33,9.1,-1.1305108070373535,-0.4103600315405681
COHFACE_s20_session3_natural,8,34,9.133333333333333,-1.1814219951629639,-0.25176739795654746
COHFACE_s20_session3_natural,8,35,9.166666666666666,-1.2210359573364258,-0.09718980459246154
COHFACE_s20_session3_natural,8,36,9.2,-1.2056547403335571,0.04510817028858696
COHFACE_s20_session3_natural,8,37,9.233333333333333,-0.8617842793464661,0.1694292598201877
COHFACE_s20_session3_natural,8,38,9.266666666666667,-0.0379098616540432,0.27188702008634097
COHFACE_s20_session3_natural,8,39,9.3,0.8375344276428223,0.34943561141597873
COHFACE_s20_session3_natural,8,40,9.333333333333334,1.3549869060516357,0.40039293872279724
COHFACE_s20_session3_natural,8,41,9.366666666666667,1.5371406078338623,0.42636611366248
COHFACE_s20_session3_natural,8,42,9.4,1.5224016904830933,0.43366029522824173
COHFACE_s20_session3_natural,8,43,9.433333333333334,1.3215237855911255,0.43209540675015956
COHFACE_s20_session3_natural,8,44,9.466666666666667,0.9647176265716553,0.43109846265752205
COHFACE_s20_session3_natural,8,45,9.5,0.626355767250061,0.435337095152779
COHFACE_s20_session3_natural,8,46,9.533333333333333,0.43840527534484863,0.4428999415573971
COHFACE_s20_session3_natural,8,47,9.566666666666666,0.34713083505630493,0.4473392193127814
COHFACE_s20_session3_natural,8,48,9.6,0.22862637042999268,0.4418670925767884
COHFACE_s20_session3_natural,8,49,9.633333333333333,0.054064489901065826,0.42241001825428304
COHFACE_s20_session3_natural,8,50,9.666666666666666,-0.1530795395374298,0.38774981872218245
COHFACE_s20_session3_natural,8,51,9.7,-0.37618115544319153,0.33785586948514695
COHFACE_s20_session3_natural,8,52,9.733333333333333,-0.5732631683349609,0.2729294078778056
COHFACE_s20_session3_natural,8,53,9.766666666666667,-0.7340824007987976,0.1945752442937684
COHFACE_s20_session3_natural,8,54,9.8,-0.8579966425895691,0.10792363993940629
COHFACE_s20_session3_natural,8,55,9.833333333333334,-0.9357261061668396,0.022090576778136334
COHFACE_s20_session3_natural,8,56,9.866666666666667,-0.9843316674232483,-0.05227204944259417
COHFACE_s20_session3_natural,8,57,9.9,-1.0423240661621094,-0.1069947054817314
COHFACE_s20_session3_natural,8,58,9.933333333333334,-1.1062861680984497,-0.13934268877979114
COHFACE_s20_session3_natural,8,59,9.966666666666667,-1.1470201015472412,-0.15211920391788208
COHFACE_s20_session3_natural,8,60,10.0,-1.0531436204910278,-0.15127271369325915
COHFACE_s20_session3_natural,8,61,10.033333333333333,-0.508625864982605,-0.14287152926145347
COHFACE_s20_session3_natural,8,62,10.066666666666666,0.38738709688186646,-0.13097404715017083
COHFACE_s20_session3_natural,8,63,10.1,1.1441622972488403,-0.11667950670505504
COHFACE_s20_session3_natural,8,64,10.133333333333333,1.5632672309875488,-0.0980017188131941
COHFACE_s20_session3_natural,8,65,10.166666666666666,1.7183144092559814,-0.07047257577870322
COHFACE_s20_session3_natural,8,66,10.2,1.6825456619262695,-0.028897627023908225
COHFACE_s20_session3_natural,8,67,10.233333333333333,1.452988624572754,0.02950657860109152
COHFACE_s20_session3_natural,8,68,10.266666666666667,1.0879648923873901,0.10153840453486815
COHFACE_s20_session3_natural,8,69,10.3,0.7624151706695557,0.1759912107955568
COHFACE_s20_session3_natural,8,70,10.333333333333334,0.5531550049781799,0.2349150487886154
COHFACE_s20_session3_natural,8,71,10.366666666666667,0.41036009788513184,0.2584346244718297
COHFACE_s20_session3_natural,8,72,10.4,0.2571573555469513,0.2316667249528552
COHFACE_s20_session3_natural,8,73,10.433333333333334,0.06119517609477043,0.15117223312833808
COHFACE_s20_session3_natural,8,74,10.466666666666667,-0.15472634136676788,0.028335094232714124
COHFACE_s20_session3_natural,8,75,10.5,-0.3774162530899048,-0.11221434762791718
COHFACE_s20_session3_natural,8,76,10.533333333333333,-0.5867834687232971,-0.23970248771413352
COHFACE_s20_session3_natural,8,77,10.566666666666666,-0.7632392048835754,-0.32787686675957584
COHFACE_s20_session3_natural,8,78,10.6,-0.8948522806167603,-0.3641694106983383
COHFACE_s20_session3_natural,8,79,10.633333333333333,-0.9788313508033752,-0.3521596123168413
COHFACE_s20_session3_natural,8,80,10.666666666666666,-1.0532671213150024,-0.30661878252192065
COHFACE_s20_session3_natural,8,81,10.7,-1.1218156814575195,-0.24523761181904208
COHFACE_s20_session3_natural,8,82,10.733333333333333,-1.1793633699417114,-0.18180866778683424
COHFACE_s20_session3_natural,8,83,10.766666666666667,-1.2043949365615845,-0.12323282038832574
COHFACE_s20_session3_natural,8,84,10.8,-0.9814826846122742,-0.07037093641674706
COHFACE_s20_session3_natural,8,85,10.833333333333334,-0.2510647475719452,-0.021371816780635194
COHFACE_s20_session3_natural,8,86,10.866666666666667,0.6727052330970764,0.02460521637988211
COHFACE_s20_session3_natural,8,87,10.9,1.3353816270828247,0.06527896901283102
COHFACE_s20_session3_natural,8,88,10.933333333333334,1.669922947883606,0.09577573202586162
COHFACE_s20_session3_natural,8,89,10.966666666666667,1.7870358228683472,0.11131688369971265
COHFACE_s20_session3_natural,8,90,11.0,1.732024073600769,0.11028117824201521
COHFACE_s20_session3_natural,8,91,11.033333333333333,1.4604650735855103,0.09565670567485446
COHFACE_s20_session3_natural,8,92,11.066666666666666,1.057424783706665,0.07406038911050424
COHFACE_s20_session3_natural,8,93,11.1,0.7232128977775574,0.05311362212460458
COHFACE_s20_session3_natural,8,94,11.133333333333333,0.5242617130279541,0.03882166731770658
COHFACE_s20_session3_natural,8,95,11.166666666666666,0.3703179359436035,0.03422743752327124
COHFACE_s20_session3_natural,8,96,11.2,0.1916966587305069,0.03940951615818355
COHFACE_s20_session3_natural,8,97,11.233333333333333,-0.016583669930696487,0.052019585141496204
COHFACE_s20_session3_natural,8,98,11.266666666666667,-0.2465607225894928,0.06777362307119457
COHFACE_s20_session3_natural,8,99,11.3,-0.4884030222892761,0.08105998009429742
COHFACE_s20_session3_natural,8,100,11.333333333333334,-0.7057490348815918,0.08613753383805452
COHFACE_s20_session3_natural,8,101,11.366666666666667,-0.8639498353004456,0.07898168555836169
COHFACE_s20_session3_natural,8,102,11.4,-0.9784196615219116,0.059068599236752055
COHFACE_s20_session3_natural,8,103,11.433333333333334,-1.0661287307739258,0.03000864987485599
COHFACE_s20_session3_natural,8,104,11.466666666666667,-1.1318281888961792,-0.0015795195855173858
COHFACE_s20_session3_natural,8,105,11.5,-1.2012330293655396,-0.028554101609097937
COHFACE_s20_session3_natural,8,106,11.533333333333333,-1.2773815393447876,-0.04587601227076878
COHFACE_s20_session3_natural,8,107,11.566666666666666,-1.2873282432556152,-0.05207237105805408
COHFACE_s20_session3_natural,8,108,11.6,-0.9626102447509766,-0.04895261275454216
COHFACE_s20_session3_natural,8,109,11.633333333333333,-0.12979364395141602,-0.03998326613305829
COHFACE_s20_session3_natural,8,110,11.666666666666666,0.788278341293335,-0.02834207042293497
COHFACE_s20_session3_natural,8,111,11.7,1.3869349956512451,-0.015655627252833548
COHFACE_s20_session3_natural,8,112,11.733333333333333,1.6631544828414917,-0.0019066888285848899
COHFACE_s20_session3_natural,8,113,11.766666666666667,1.7364704608917236,0.013652971064239237
COHFACE_s20_session3_natural,8,114,11.8,1.6221489906311035,0.03118695076432605
COHFACE_s20_session3_natural,8,115,11.833333333333334,1.296566367149353,0.04930530811775033
COHFACE_s20_session3_natural,8,116,11.866666666666667,0.8884949684143066,0.0650579271613799
COHFACE_s20_session3_natural,8,117,11.9,0.5837198495864868,0.07500968798804046
COHFACE_s20_session3_natural,8,118,11.933333333333334,0.41520997881889343,0.07678939783193622
COHFACE_s20_session3_natural,8,119,11.966666666666667,0.2789034843444824,0.07012212323626278
COHFACE_s20_session3_natural,8,120,12.0,0.0979766845703125,0.056714826317400095
COHFACE_s20_session3_natural,8,121,12.033333333333333,-0.1248038038611412,0.03911725380770797
COHFACE_s20_session3_natural,8,122,12.066666666666666,-0.3449741005897522,0.019252335145869784
COHFACE_s20_session3_natural,8,123,12.1,-0.5533202886581421,-0.0024881898675402246
COHFACE_s20_session3_natural,8,124,12.133333333333333,-0.7591056823730469,-0.02688716637557995
COHFACE_s20_session3_natural,8,125,12.166666666666666,-0.93996661901474,-0.05432380172987448
COHFACE_s20_session3_natural,8,126,12.2,-1.0556138753890991,-0.08304379297330551
COHFACE_s20_session3_natural,8,127,12.233333333333333,-1.1429359912872314,-0.10872409844810926
COHFACE_s20_session3_natural,8,128,12.266666666666667,-1.2094918489456177,-0.12591172040975482
COHFACE_s20_session3_natural,8,129,12.3,-1.2573069334030151,-0.1305295036960469
COHFACE_s20_session3_natural,8,130,12.333333333333334,-1.2903255224227905,-0.12187642641462887
COHFACE_s20_session3_natural,8,131,12.366666666666667,-1.2237614393234253,-0.10290079510169939
COHFACE_s20_session3_natural,8,132,12.4,-0.7482943534851074,-0.07869841804433862
COHFACE_s20_session3_natural,8,133,12.433333333333334,0.13013888895511627,-0.054252550492277216
COHFACE_s20_session3_natural,8,134,12.466666666666667,0.9494351744651794,-0.0326270368809371
COHFACE_s20_session3_natural,8,135,12.5,1.4207769632339478,-0.014287037195641393
COHFACE_s20_session3_natural,8,136,12.533333333333333,1.4864352941513062,0.0024628936841323053
COHFACE_s20_session3_natural,8,137,12.566666666666666,1.2982213497161865,0.02034513749057313
COHFACE_s20_session3_natural,8,138,12.6,0.972012996673584,0.04174140986908835
COHFACE_s20_session3_natural,8,139,12.633333333333333,0.5855889320373535,0.06746066870969562
COHFACE_s20_session3_natural,8,140,12.666666666666666,0.2970348596572876,0.09600458424076407
COHFACE_s20_session3_natural,8,141,12.7,0.15234611928462982,0.12363144214125094
COHFACE_s20_session3_natural,8,142,12.733333333333333,0.07777855545282364,0.14522936487317464
COHFACE_s20_session3_natural,8,143,12.766666666666667,-0.034575071185827255,0.15562527672494197
COHFACE_s20_session3_natural,8,144,12.8,-0.22280548512935638,0.1507568215062694
COHFACE_s20_session3_natural,8,145,12.833333333333334,-0.4532106816768646,0.12831431059378304
COHFACE_s20_session3_natural,8,146,12.866666666666667,-0.6561883091926575,0.08795381200967839
COHFACE_s20_session3_natural,8,147,12.9,-0.7638814449310303,0.03158937212956639
COHFACE_s20_session3_natural,8,148,12.933333333333334,-0.8244264125823975,-0.03586198778616962
COHFACE_s20_session3_natural,8,149,12.966666666666667,-0.9471467137336731,-0.10577046678858859
COHFACE_s20_session3_natural,8,150,13.0,-1.120827555656433,-0.16658392518636853
COHFACE_s20_session3_natural,8,151,13.033333333333333,-1.2695015668869019,-0.2070833100819156
COHFACE_s20_session3_natural,8,152,13.066666666666666,-1.3955320119857788,-0.22070404757039006
COHFACE_s20_session3_natural,8,153,13.1,-1.4798980951309204,-0.20782475569634923
COHFACE_s20_session3_natural,8,154,13.133333333333333,-1.4727509021759033,-0.17415160664490084
COHFACE_s20_session3_natural,8,155,13.166666666666666,-1.1981865167617798,-0.12636421944514303
COHFACE_s20_session3_natural,8,156,13.2,-0.29644259810447693,-0.06836470975961753
COHFACE_s20_session3_natural,8,157,13.233333333333333,0.7588168978691101,-0.0010087186243471326
COHFACE_s20_session3_natural,8,158,13.266666666666667,1.2770928144454956,0.07467965907880635
COHFACE_s20_session3_natural,8,159,13.3,1.347139835357666,0.1535408689772761
COHFACE_s20_session3_natural,8,160,13.333333333333334,1.2809628248214722,0.22459823492899744
COHFACE_s20_session3_natural,8,161,13.366666666666667,1.0888211727142334,0.27303906505261527
COHFACE_s20_session3_natural,8,162,13.4,0.654911458492279,0.2852472839073611
COHFACE_s20_session3_natural,8,163,13.433333333333334,0.090804822742939,0.25479063081415276
COHFACE_s20_session3_natural,8,164,13.466666666666667,-0.3585767447948456,0.1865767797649439
COHFACE_s20_session3_natural,8,165,13.5,-0.5887431502342224,0.09675534869333793
COHFACE_s20_session3_natural,8,166,13.533333333333333,-0.7130032181739807,0.007491800306627281
COHFACE_s20_session3_natural,8,167,13.566666666666666,-0.8264355063438416,-0.0616469405689852
COHFACE_s20_session3_natural,8,168,13.6,-0.9476160407066345,-0.10139608624692893
COHFACE_s20_session3_natural,8,169,13.633333333333333,-1.0662111043930054,-0.11522444952185922
COHFACE_s20_session3_natural,8,170,13.666666666666666,-1.1819242238998413,-0.11548455930837423
COHFACE_s20_session3_natural,8,171,13.7,-1.2899137735366821,-0.1161143169665899
COHFACE_s20_session3_natural,8,172,13.733333333333333,-1.3415577411651611,-0.1258919902001901
COHFACE_s20_session3_natural,8,173,13.766666666666667,-1.3079463243484497,-0.1450146456788541
COHFACE_s20_session3_natural,8,174,13.8,-1.23749577999115,-0.16590005865053756
COHFACE_s20_session3_natural,8,175,13.833333333333334,-1.178877592086792,-0.17738572264042124
COHFACE_s20_session3_natural,8,176,13.866666666666667,-1.1497125625610352,-0.17018716957171925
COHFACE_s20_session3_natural,8,177,13.9,-1.1461472511291504,-0.14107218898724852
COHFACE_s20_session3_natural,8,178,13.933333333333334,-1.0462764501571655,-0.09398575389303654
COHFACE_s20_session3_natural,8,179,13.966666666666667,-0.41932758688926697,-0.03796515568125056
COHFACE_s20_session3_natural,8,180,14.0,0.5737401247024536,0.01670849023893815
COHFACE_s20_session3_natural,8,181,14.033333333333333,1.2183181047439575,0.06203682156072228
COHFACE_s20_session3_natural,8,182,14.066666666666666,1.5068721771240234,0.09411435571091131
COHFACE_s20_session3_natural,8,183,14.1,1.6459124088287354,0.11307032969402739
COHFACE_s20_session3_natural,8,184,14.133333333333333,1.6573494672775269,0.12179878025326922
COHFACE_s20_session3_natural,8,185,14.166666666666666,1.495377540588379,0.12429501228933988
COHFACE_s20_session3_natural,8,186,14.2,1.186650037765503,0.12420631862949003
COHFACE_s20_session3_natural,8,187,14.233333333333333,0.8750817179679871,0.12390941577761852
COHFACE_s20_session3_natural,8,188,14.266666666666667,0.6636642217636108,0.1241996305140406
COHFACE_s20_session3_natural,8,189,14.3,0.5365139842033386,0.12447368954536686
COHFACE_s20_session3_natural,8,190,14.333333333333334,0.40564200282096863,0.12309020934932252
COHFACE_s20_session3_natural,8,191,14.366666666666667,0.24160324037075043,0.11761238566378275
COHFACE_s20_session3_natural,8,192,14.4,0.05079557001590729,0.10497197326496847
COHFACE_s20_session3_natural,8,193,14.433333333333334,-0.17123562097549438,0.08191159696847092
COHFACE_s20_session3_natural,8,194,14.466666666666667,-0.38804641366004944,0.04600340183143175
COHFACE_s20_session3_natural,8,195,14.5,-0.5658937096595764,-0.0028690757030012054
COHFACE_s20_session3_natural,8,196,14.533333333333333,-0.6828172206878662,-0.06116278496606718
COHFACE_s20_session3_natural,8,197,14.566666666666666,-0.7892505526542664,-0.12130880865536019
COHFACE_s20_session3_natural,8,198,14.6,-0.9023122787475586,-0.17297402082678373
COHFACE_s20_session3_natural,8,199,14.633333333333333,-0.9938337802886963,-0.20590100351268814
COHFACE_s20_session3_natural,8,200,14.666666666666666,-1.0770224332809448,-0.2133566571617413
COHFACE_s20_session3_natural,8,201,14.7,-1.084194302558899,-0.19467993643358944
COHFACE_s20_session3_natural,8,202,14.733333333333333,-0.6928545236587524,-0.15571260033966405
COHFACE_s20_session3_natural,8,203,14.766666666666667,0.18132998049259186,-0.1068797305224975
COHFACE_s20_session3_natural,8,204,14.8,1.0031870603561401,-0.059789105195901256
COHFACE_s20_session3_natural,8,205,14.833333333333334,1.4774272441864014,-0.02376530900155557
COHFACE_s20_session3_natural,8,206,14.866666666666667,1.7120400667190552,-0.0034481666605207387
COHFACE_s20_session3_natural,8,207,14.9,1.8020299673080444,0.002061081284240229
COHFACE_s20_session3_natural,8,208,14.933333333333334,1.7159429788589478,-0.0015317422688825555
COHFACE_s20_session3_natural,8,209,14.966666666666667,1.4115219116210938,-0.00580290001341981
COHFACE_s20_session3_natural,8,210,15.0,1.0339412689208984,-0.0025220606228906505
COHFACE_s20_session3_natural,8,211,15.033333333333333,0.7489113807678223,0.013459346596559231
COHFACE_s20_session3_natural,8,212,15.066666666666666,0.5543324947357178,0.042316940846174704
COHFACE_s20_session3_natural,8,213,15.1,0.37622174620628357,0.079156540465077
COHFACE_s20_session3_natural,8,214,15.133333333333333,0.18144525587558746,0.11595484259802138
COHFACE_s20_session3_natural,8,215,15.166666666666666,-0.01709417998790741,0.14483849985924568
COHFACE_s20_session3_natural,8,216,15.2,-0.21892723441123962,0.16105888137941682
COHFACE_s20_session3_natural,8,217,15.233333333333333,-0.4273310601711273,0.16402931450161126
COHFACE_s20_session3_natural,8,218,15.266666666666667,-0.5967631340026855,0.1561346854351428
COHFACE_s20_session3_natural,8,219,15.3,-0.7054361701011658,0.14056366251995225
COHFACE_s20_session3_natural,8,220,15.333333333333334,-0.7637579441070557,0.11980380281453334
COHFACE_s20_session3_natural,8,221,15.366666666666667,-0.8202270269393921,0.09551584942540217
COHFACE_s20_session3_natural,8,222,15.4,-0.9050542712211609,0.06912641317412593
COHFACE_s20_session3_natural,8,223,15.433333333333334,-0.997382640838623,0.04197308115219508
COHFACE_s20_session3_natural,8,224,15.466666666666667,-1.0598872900009155,0.014741648511121558
COHFACE_s20_session3_natural,8,225,15.5,-0.9140705466270447,-0.012922258916804345
COHFACE_s20_session3_natural,8,226,15.533333333333333,-0.278961718082428,-0.04172793339816148
COHFACE_s20_session3_natural,8,227,15.566666666666666,0.5847408175468445,-0.07114266877822159
COHFACE_s20_session3_natural,8,228,15.6,1.1998162269592285,-0.09818823127491103
COHFACE_s20_session3_natural,8,229,15.633333333333333,1.4812066555023193,-0.11806457883053194
COHFACE_s20_session3_natural,8,230,15.666666666666666,1.5456875562667847,-0.12676268494672538
COHFACE_s20_session3_natural,8,231,15.7,1.4512100219726562,-0.12402238904989099
COHFACE_s20_session3_natural,8,232,15.733333333333333,1.184048056602478,-0.11413457376006071
COHFACE_s20_session3_natural,8,233,15.766666666666667,0.8333515524864197,-0.10337106584694883
COHFACE_s20_session3_natural,8,234,15.8,0.5884626507759094,-0.09575836175608544
COHFACE_s20_session3_natural,8,235,15.833333333333334,0.47410812973976135,-0.09058586677359227
COHFACE_s20_session3_natural,8,236,15.866666666666667,0.38706597685813904,-0.08345961688056465
COHFACE_s20_session3_natural,8,237,15.9,0.23566648364067078,-0.06977269598049657
COHFACE_s20_session3_natural,8,238,15.933333333333334,0.031107954680919647,-0.04802178922157057
COHFACE_s20_session3_natural,8,239,15.966666666666667,-0.190396249294281,-0.020988061785137287
COHFACE_s20_session3_natural,9,0,9.0,-0.9055482745170593,0.0035301607964258663
COHFACE_s20_session3_natural,9,1,9.033333333333333,-1.0113970041275024,2.6311747347810046
COHFACE_s20_session3_natural,9,2,9.066666666666666,-1.0738276243209839,4.846709002820757
COHFACE_s20_session3_natural,9,3,9.1,-1.1305108070373535,6.340156747556953
COHFACE_s20_session3_natural,9,4,9.133333333333333,-1.1814219951629639,6.976232217344809
COHFACE_s20_session3_natural,9,5,9.166666666666666,-1.2210359573364258,6.812259330321607
COHFACE_s20_session3_natural,9,6,9.2,-1.2056547403335571,6.05489561827747
COHFACE_s20_session3_natural,9,7,9.233333333333333,-0.8617842793464661,4.978685798567389
COHFACE_s20_session3_natural,9,8,9.266666666666667,-0.0379098616540432,3.84172402067741
COHFACE_s20_session3_natural,9,9,9.3,0.8375344276428223,2.826450853137593
COHFACE_s20_session3_natural,9,10,9.333333333333334,1.3549869060516357,2.017879179541949
COHFACE_s20_session3_natural,9,11,9.366666666666667,1.5371406078338623,1.4159229904394728
COHFACE_s20_session3_natural,9,12,9.4,1.5224016904830933,0.9680822494661238
COHFACE_s20_session3_natural,9,13,9.433333333333334,1.3215237855911255,0.6059505886485484
COHFACE_s20_session3_natural,9,14,9.466666666666667,0.9647176265716553,0.27308028660386774
COHFACE_s20_session3_natural,9,15,9.5,0.626355767250061,-0.06103738431741865
COHFACE_s20_session3_natural,9,16,9.533333333333333,0.43840527534484863,-0.39981832884432766
COHFACE_s20_session3_natural,9,17,9.566666666666666,0.34713083505630493,-0.7269314776704324
COHFACE_s20_session3_natural,9,18,9.6,0.22862637042999268,-1.0174784999081434
COHFACE_s20_session3_natural,9,19,9.633333333333333,0.054064489901065826,-1.2492439741608732
COHFACE_s20_session3_natural,9,20,9.666666666666666,-0.1530795395374298,-1.4109368674307212
COHFACE_s20_session3_natural,9,21,9.7,-0.37618115544319153,-1.5051269509094278
COHFACE_s20_session3_natural,9,22,9.733333333333333,-0.5732631683349609,-1.545287336962173
COHFACE_s20_session3_natural,9,23,9.766666666666667,-0.7340824007987976,-1.5487604055642845
COHFACE_s20_session3_natural,9,24,9.8,-0.8579966425895691,-1.5294177561959108
COHFACE_s20_session3_natural,9,25,9.833333333333334,-0.9357261061668396,-1.4937511017162806
COHFACE_s20_session3_natural,9,26,9.866666666666667,-0.9843316674232483,-1.4416867466627377
COHFACE_s20_session3_natural,9,27,9.9,-1.0423240661621094,-1.3703757340858234
COHFACE_s20_session3_natural,9,28,9.933333333333334,-1.1062861680984497,-1.2778251051832121
COHFACE_s20_session3_natural,9,29,9.966666666666667,-1.1470201015472412,-1.164224012431879
COHFACE_s20_session3_natural,9,30,10.0,-1.0531436204910278,-1.031203416138753
COHFACE_s20_session3_natural,9,31,10.033333333333333,-0.508625864982605,-0.8808442959675223
COHFACE_s20_session3_natural,9,32,10.066666666666666,0.38738709688186646,-0.7156390292134347
COHFACE_s20_session3_natural,9,33,10.1,1.1441622972488403,-0.5389642760716687
COHFACE_s20_session3_natural,9,34,10.133333333333333,1.5632672309875488,-0.35488029652221614
COHFACE_s20_session3_natural,9,35,10.166666666666666,1.7183144092559814,-0.16691279371629833
COHFACE_s20_session3_natural,9,36,10.2,1.6825456619262695,0.022912154660623064
COHFACE_s20_session3_natural,9,37,10.233333333333333,1.452988624572754,0.2130390209176574
COHFACE_s20_session3_natural,9,38,10.266666666666667,1.0879648923873901,0.3992733082387642
COHFACE_s20_session3_natural,9,39,10.3,0.7624151706695557,0.5716613906174625
COHFACE_s20_session3_natural,9,40,10.333333333333334,0.5531550049781799,0.7139749296944657
COHFACE_s20_session3_natural,9,41,10.366666666666667,0.41036009788513184,0.8070735334381777
COHFACE_s20_session3_natural,9,42,10.4,0.2571573555469513,0.8352362271136018
COHFACE_s20_session3_natural,9,43,10.433333333333334,0.06119517609477043,0.7928860266620305
COHFACE_s20_session3_natural,9,44,10.466666666666667,-0.15472634136676788,0.6888208379914378
COHFACE_s20_session3_natural,9,45,10.5,-0.3774162530899048,0.5458112066357257
COHFACE_s20_session3_natural,9,46,10.533333333333333,-0.5867834687232971,0.3947922372829909
COHFACE_s20_session3_natural,9,47,10.566666666666666,-0.7632392048835754,0.265227987400849
COHFACE_s20_session3_natural,9,48,10.6,-0.8948522806167603,0.17598577248266245
COHFACE_s20_session3_natural,9,49,10.633333333333333,-0.9788313508033752,0.13135832651716292
COHFACE_s20_session3_natural,9,50,10.666666666666666,-1.0532671213150024,0.12335766764056537
COHFACE_s20_session3_natural,9,51,10.7,-1.1218156814575195,0.13750542450854386
COHFACE_s20_session3_natural,9,52,10.733333333333333,-1.1793633699417114,0.1586446257437443
COHFACE_s20_session3_natural,9,53,10.766666666666667,-1.2043949365615845,0.17486931085679364
COHFACE_s20_session3_natural,9,54,10.8,-0.9814826846122742,0.17906473283572172
COHFACE_s20_session3_natural,9,55,10.833333333333334,-0.2510647475719452,0.16835791153362478
COHFACE_s20_session3_natural,9,56,10.866666666666667,0.6727052330970764,0.14246713726548094
COHFACE_s20_session3_natural,9,57,10.9,1.3353816270828247,0.10230879466498526
COHFACE_s20_session3_natural,9,58,10.933333333333334,1.669922947883606,0.049858362004342655
COHFACE_s20_session3_natural,9,59,10.966666666666667,1.7870358228683472,-0.010844065039467223
COHFACE_s20_session3_natural,9,60,11.0,1.732024073600769,-0.07288899218038528
COHFACE_s20_session3_natural,9,61,11.033333333333333,1.4604650735855103,-0.12737959041867744
COHFACE_s20_session3_natural,9,62,11.066666666666666,1.057424783706665,-0.16607154763154705
COHFACE_s20_session3_natural,9,63,11.1,0.7232128977775574,-0.18425689903613202
COHFACE_s20_session3_natural,9,64,11.133333333333333,0.5242617130279541,-0.1821673817203402
COHFACE_s20_session3_natural,9,65,11.166666666666666,0.3703179359436035,-0.16428091999953523
COHFACE_s20_session3_natural,9,66,11.2,0.1916966587305069,-0.13729805274842827
COHFACE_s20_session3_natural,9,67,11.233333333333333,-0.016583669930696487,-0.10817249804336453
COHFACE_s20_session3_natural,9,68,11.266666666666667,-0.2465607225894928,-0.0830431486088115
COHFACE_s20_session3_natural,9,69,11.3,-0.4884030222892761,-0.06687398695561819
COHFACE_s20_session3_natural,9,70,11.333333333333334,-0.7057490348815918,-0.06302753947853851
COHFACE_s20_session3_natural,9,71,11.366666666666667,-0.8639498353004456,-0.07231839254445105
COHFACE_s20_session3_natural,9,72,11.4,-0.9784196615219116,-0.09202169352060027
COHFACE_s20_session3_natural,9,73,11.433333333333334,-1.0661287307739258,-0.11589713863154959
COHFACE_s20_session3_natural,9,74,11.466666666666667,-1.1318281888961792,-0.13584217917232608
COHFACE_s20_session3_natural,9,75,11.5,-1.2012330293655396,-0.1446964970214757
COHFACE_s20_session3_natural,9,76,11.533333333333333,-1.2773815393447876,-0.13886102226592464
COHFACE_s20_session3_natural,9,77,11.566666666666666,-1.2873282432556152,-0.11935954554266645
COHFACE_s20_session3_natural,9,78,11.6,-0.9626102447509766,-0.09080883065522254
COHFACE_s20_session3_natural,9,79,11.633333333333333,-0.12979364395141602,-0.058924051434553516
COHFACE_s20_session3_natural,9,80,11.666666666666666,0.788278341293335,-0.02794198473617292
COHFACE_s20_session3_natural,9,81,11.7,1.3869349956512451,0.0007322052226609718
COHFACE_s20_session3_natural,9,82,11.733333333333333,1.6631544828414917,0.028175419309107955
COHFACE_s20_session3_natural,9,83,11.766666666666667,1.7364704608917236,0.05637083297815239
COHFACE_s20_session3_natural,9,84,11.8,1.6221489906311035,0.08636495737073349
COHFACE_s20_session3_natural,9,85,11.833333333333334,1.296566367149353,0.11707496534183662
COHFACE_s20_session3_natural,9,86,11.866666666666667,0.8884949684143066,0.14530158428091777
COHFACE_s20_session3_natural,9,87,11.9,0.5837198495864868,0.16690628434934887
COHFACE_s20_session3_natural,9,88,11.933333333333334,0.41520997881889343,0.178456801048632
COHFACE_s20_session3_natural,9,89,11.966666666666667,0.2789034843444824,0.178386016523809
COHFACE_s20_session3_natural,9,90,12.0,0.0979766845703125,0.16710098485635308
COHFACE_s20_session3_natural,9,91,12.033333333333333,-0.1248038038611412,0.14616306904985912
COHFACE_s20_session3_natural,9,92,12.066666666666666,-0.3449741005897522,0.11714772797572909
COHFACE_s20_session3_natural,9,93,12.1,-0.5533202886581421,0.08098296759982425
COHFACE_s20_session3_natural,9,94,12.133333333333333,-0.7591056823730469,0.038427198412882335
COHFACE_s20_session3_natural,9,95,12.166666666666666,-0.93996661901474,-0.00840549352412662
COHFACE_s20_session3_natural,9,96,12.2,-1.0556138753890991,-0.0547219823775052
COHFACE_s20_session3_natural,9,97,12.233333333333333,-1.1429359912872314,-0.09348123238248131
COHFACE_s20_session3_natural,9,98,12.266666666666667,-1.2094918489456177,-0.1178550682418553
COHFACE_s20_session3_natural,9,99,12.3,-1.2573069334030151,-0.12433327269905688
COHFACE_s20_session3_natural,9,100,12.333333333333334,-1.2903255224227905,-0.11458484296276697
COHFACE_s20_session3_natural,9,101,12.366666666666667,-1.2237614393234253,-0.09500279186374093
COHFACE_s20_session3_natural,9,102,12.4,-0.7482943534851074,-0.07422065119725002
COHFACE_s20_session3_natural,9,103,12.433333333333334,0.13013888895511627,-0.05988404166514278
COHFACE_s20_session3_natural,9,104,12.466666666666667,0.9494351744651794,-0.056065970371509816
COHFACE_s20_session3_natural,9,105,12.5,1.4207769632339478,-0.062150243952823384
COHFACE_s20_session3_natural,9,106,12.533333333333333,1.4864352941513062,-0.07331727141183068
COHFACE_s20_session3_natural,9,107,12.566666666666666,1.2982213497161865,-0.08230064017939245
COHFACE_s20_session3_natural,9,108,12.6,0.972012996673584,-0.08188710032806419
COHFACE_s20_session3_natural,9,109,12.633333333333333,0.5855889320373535,-0.06747720851162348
COHFACE_s20_session3_natural,9,110,12.666666666666666,0.2970348596572876,-0.03881761928712543
COHFACE_s20_session3_natural,9,111,12.7,0.15234611928462982,-0.00014012400185755593
COHFACE_s20_session3_natural,9,112,12.733333333333333,0.07777855545282364,0.041351697921970784
COHFACE_s20_session3_natural,9,113,12.766666666666667,-0.034575071185827255,0.07787067329383121
COHFACE_s20_session3_natural,9,114,12.8,-0.22280548512935638,0.10318470876026926
COHFACE_s20_session3_natural,9,115,12.833333333333334,-0.4532106816768646,0.11370711501264359
COHFACE_s20_session3_natural,9,116,12.866666666666667,-0.6561883091926575,0.10849037217549218
COHFACE_s20_session3_natural,9,117,12.9,-0.7638814449310303,0.08873540065675144
COHFACE_s20_session3_natural,9,118,12.933333333333334,-0.8244264125823975,0.05752636647957691
COHFACE_s20_session3_natural,9,119,12.966666666666667,-0.9471467137336731,0.019905530298892152
COHFACE_s20_session3_natural,9,120,13.0,-1.120827555656433,-0.01743923404437745
COHFACE_s20_session3_natural,9,121,13.033333333333333,-1.2695015668869019,-0.047658969522183306
COHFACE_s20_session3_natural,9,122,13.066666666666666,-1.3955320119857788,-0.06604500298925112
COHFACE_s20_session3_natural,9,123,13.1,-1.4798980951309204,-0.07161838413031148
COHFACE_s20_session3_natural,9,124,13.133333333333333,-1.4727509021759033,-0.06662159452393114
COHFACE_s20_session3_natural,9,125,13.166666666666666,-1.1981865167617798,-0.054035612111843476
COHFACE_s20_session3_natural,9,126,13.2,-0.29644259810447693,-0.03500029306741428
COHFACE_s20_session3_natural,9,127,13.233333333333333,0.7588168978691101,-0.008331791994642224
COHFACE_s20_session3_natural,9,128,13.266666666666667,1.2770928144454956,0.027400115941685472
COHFACE_s20_session3_natural,9,129,13.3,1.347139835357666,0.07085107272445362
COHFACE_s20_session3_natural,9,130,13.333333333333334,1.2809628248214722,0.11609329936010891
COHFACE_s20_session3_natural,9,131,13.366666666666667,1.0888211727142334,0.15327585915939312
COHFACE_s20_session3_natural,9,132,13.4,0.654911458492279,0.17170973050309601
COHFACE_s20_session3_natural,9,133,13.433333333333334,0.090804822742939,0.16420765121875297
COHFACE_s20_session3_natural,9,134,13.466666666666667,-0.3585767447948456,0.1308009587060091
COHFACE_s20_session3_natural,9,135,13.5,-0.5887431502342224,0.07985453232239217
COHFACE_s20_session3_natural,9,136,13.533333333333333,-0.7130032181739807,0.025344466921346592
COHFACE_s20_session3_natural,9,137,13.566666666666666,-0.8264355063438416,-0.019055671613640992
COHFACE_s20_session3_natural,9,138,13.6,-0.9476160407066345,-0.04606781780713122
COHFACE_s20_session3_natural,9,139,13.633333333333333,-1.0662111043930054,-0.05743817554400346
COHFACE_s20_session3_natural,9,140,13.666666666666666,-1.1819242238998413,-0.06174239166672468
COHFACE_s20_session3_natural,9,141,13.7,-1.2899137735366821,-0.06909795440932999
COHFACE_s20_session3_natural,9,142,13.733333333333333,-1.3415577411651611,-0.08581746880618384
COHFACE_s20_session3_natural,9,143,13.766666666666667,-1.3079463243484497,-0.11144608119020628
COHFACE_s20_session3_natural,9,144,13.8,-1.23749577999115,-0.13925371306159673
COHFACE_s20_session3_natural,9,145,13.833333333333334,-1.178877592086792,-0.15971879515174237
COHFACE_s20_session3_natural,9,146,13.866666666666667,-1.1497125625610352,-0.16521575364661562
COHFACE_s20_session3_natural,9,147,13.9,-1.1461472511291504,-0.1535190084534908
COHFACE_s20_session3_natural,9,148,13.933333333333334,-1.0462764501571655,-0.12827727155088414
COHFACE_s20_session3_natural,9,149,13.966666666666667,-0.41932758688926697,-0.09633472791525682
COHFACE_s20_session3_natural,9,150,14.0,0.5737401247024536,-0.06387308589546155
COHFACE_s20_session3_natural,9,151,14.033333333333333,1.2183181047439575,-0.03401030331880739
COHFACE_s20_session3_natural,9,152,14.066666666666666,1.5068721771240234,-0.006897610327578509
COHFACE_s20_session3_natural,9,153,14.1,1.6459124088287354,0.018699433325936866
COHFACE_s20_session3_natural,9,154,14.133333333333333,1.6573494672775269,0.043871924574143385
COHFACE_s20_session3_natural,9,155,14.166666666666666,1.495377540588379,0.06888481160417967
COHFACE_s20_session3_natural,9,156,14.2,1.186650037765503,0.09332688662891396
COHFACE_s20_session3_natural,9,157,14.233333333333333,0.8750817179679871,0.11663959322997672
COHFACE_s20_session3_natural,9,158,14.266666666666667,0.6636642217636108,0.1384495918100284
COHFACE_s20_session3_natural,9,159,14.3,0.5365139842033386,0.15830286499038704
COHFACE_s20_session3_natural,9,160,14.333333333333334,0.40564200282096863,0.17480939641330004
COHFACE_s20_session3_natural,9,161,14.366666666666667,0.24160324037075043,0.18470295831903852
COHFACE_s20_session3_natural,9,162,14.4,0.05079557001590729,0.18264484732394856
COHFACE_s20_session3_natural,9,163,14.433333333333334,-0.17123562097549438,0.16243929909171972
COHFACE_s20_session3_natural,9,164,14.466666666666667,-0.38804641366004944,0.11960418133842073
COHFACE_s20_session3_natural,9,165,14.5,-0.5658937096595764,0.05433594011934006
COHFACE_s20_session3_natural,9,166,14.533333333333333,-0.6828172206878662,-0.026619237299710358
COHFACE_s20_session3_natural,9,167,14.566666666666666,-0.7892505526542664,-0.11045145887399604
COHFACE_s20_session3_natural,9,168,14.6,-0.9023122787475586,-0.1814195752358946
COHFACE_s20_session3_natural,9,169,14.633333333333333,-0.9938337802886963,-0.22565057754670137
COHFACE_s20_session3_natural,9,170,14.666666666666666,-1.0770224332809448,-0.23570811098948793
COHFACE_s20_session3_natural,9,171,14.7,-1.084194302558899,-0.21296598595126523
COHFACE_s20_session3_natural,9,172,14.733333333333333,-0.6928545236587524,-0.16673616004722838
COHFACE_s20_session3_natural,9,173,14.766666666666667,0.18132998049259186,-0.1106180566566319
COHFACE_s20_session3_natural,9,174,14.8,1.0031870603561401,-0.05787813823471882
COHFACE_s20_session3_natural,9,175,14.833333333333334,1.4774272441864014,-0.01790038613337452
COHFACE_s20_session3_natural,9,176,14.866666666666667,1.7120400667190552,0.005341516613577324
COHFACE_s20_session3_natural,9,177,14.9,1.8020299673080444,0.013119614249981417
COHFACE_s20_session3_natural,9,178,14.933333333333334,1.7159429788589478,0.010794399181935258
COHFACE_s20_session3_natural,9,179,14.966666666666667,1.4115219116210938,0.006089188451679547
COHFACE_s20_session3_natural,9,180,15.0,1.0339412689208984,0.007030074748233823
COHFACE_s20_session3_natural,9,181,15.033333333333333,0.7489113807678223,0.019801437135143974
COHFACE_s20_session3_natural,9,182,15.066666666666666,0.5543324947357178,0.046855677272521594
COHFACE_s20_session3_natural,9,183,15.1,0.37622174620628357,0.08585665132234509
COHFACE_s20_session3_natural,9,184,15.133333333333333,0.18144525587558746,0.13026001493474965
COHFACE_s20_session3_natural,9,185,15.166666666666666,-0.01709417998790741,0.1717786394648537
COHFACE_s20_session3_natural,9,186,15.2,-0.21892723441123962,0.20353902981006203
COHFACE_s20_session3_natural,9,187,15.233333333333333,-0.4273310601711273,0.22193395547756478
COHFACE_s20_session3_natural,9,188,15.266666666666667,-0.5967631340026855,0.2262017865542823
COHFACE_s20_session3_natural,9,189,15.3,-0.7054361701011658,0.21658409682119156
COHFACE_s20_session3_natural,9,190,15.333333333333334,-0.7637579441070557,0.19281502618880075
COHFACE_s20_session3_natural,9,191,15.366666666666667,-0.8202270269393921,0.15408537245399154
COHFACE_s20_session3_natural,9,192,15.4,-0.9050542712211609,0.10013998094946355
COHFACE_s20_session3_natural,9,193,15.433333333333334,-0.997382640838623,0.03229995489540024
COHFACE_s20_session3_natural,9,194,15.466666666666667,-1.0598872900009155,-0.04621504308802768
COHFACE_s20_session3_natural,9,195,15.5,-0.9140705466270447,-0.13030585435305111
COHFACE_s20_session3_natural,9,196,15.533333333333333,-0.278961718082428,-0.21292064104023137
COHFACE_s20_session3_natural,9,197,15.566666666666666,0.5847408175468445,-0.28513302938683954
COHFACE_s20_session3_natural,9,198,15.6,1.1998162269592285,-0.3371312037065442
COHFACE_s20_session3_natural,9,199,15.633333333333333,1.4812066555023193,-0.3605899131329749
COHFACE_s20_session3_natural,9,200,15.666666666666666,1.5456875562667847,-0.3518059390148833
COHFACE_s20_session3_natural,9,201,15.7,1.4512100219726562,-0.3138419776260857
COHFACE_s20_session3_natural,9,202,15.733333333333333,1.184048056602478,-0.25578479681921923
COHFACE_s20_session3_natural,9,203,15.766666666666667,0.8333515524864197,-0.18877654891304008
COHFACE_s20_session3_natural,9,204,15.8,0.5884626507759094,-0.12106401457220357
COHFACE_s20_session3_natural,9,205,15.833333333333334,0.47410812973976135,-0.05544067875781215
COHFACE_s20_session3_natural,9,206,15.866666666666667,0.38706597685813904,0.009398502968451704
COHFACE_s20_session3_natural,9,207,15.9,0.23566648364067078,0.07503962495842173
COHFACE_s20_session3_natural,9,208,15.933333333333334,0.031107954680919647,0.1399216971187499
COHFACE_s20_session3_natural,9,209,15.966666666666667,-0.190396249294281,0.19838572989929631
COHFACE_s20_session3_natural,9,210,16.0,-0.41693970561027527,0.24237637724928657
COHFACE_s20_session3_natural,9,211,16.033333333333335,-0.6136264801025391,0.2644564791770951
COHFACE_s20_session3_natural,9,212,16.066666666666666,-0.7545440196990967,0.26061806509496216
COHFACE_s20_session3_natural,9,213,16.1,-0.8325781226158142,0.23201779290573302
COHFACE_s20_session3_natural,9,214,16.133333333333333,-0.8925055265426636,0.18528504954907973
COHFACE_s20_session3_natural,9,215,16.166666666666668,-0.9634336829185486,0.13123802451946887
COHFACE_s20_session3_natural,9,216,16.2,-1.0341724157333374,0.08200352987291244
COHFACE_s20_session3_natural,9,217,16.233333333333334,-1.0920330286026,0.04703080441708588
COHFACE_s20_session3_natural,9,218,16.266666666666666,-1.0326985120773315,0.02932887522215658
COHFACE_s20_session3_natural,9,219,16.3,-0.5410680174827576,0.0238498361355983
COHFACE_s20_session3_natural,9,220,16.333333333333332,0.31473806500434875,0.01954029635940382
COHFACE_s20_session3_natural,9,221,16.366666666666667,1.045320749282837,0.004850355201330659
COHFACE_s20_session3_natural,9,222,16.4,1.4570891857147217,-0.025891310268326386
COHFACE_s20_session3_natural,9,223,16.433333333333334,1.617356777191162,-0.06892729320526202
COHFACE_s20_session3_natural,9,224,16.466666666666665,1.594342589378357,-0.11254670359473533
COHFACE_s20_session3_natural,9,225,16.5,1.406449794769287,-0.14269594668224528
COHFACE_s20_session3_natural,9,226,16.533333333333335,1.0766924619674683,-0.14932690940628549
COHFACE_s20_session3_natural,9,227,16.566666666666666,0.7533248066902161,-0.1299666096116118
COHFACE_s20_session3_natural,9,228,16.6,0.5599563717842102,-0.08937564666830543
COHFACE_s20_session3_natural,9,229,16.633333333333333,0.42767632007598877,-0.03677386296008106
COHFACE_s20_session3_natural,9,230,16.666666666666668,0.2670217454433441,0.017239463685903733
COHFACE_s20_session3_natural,9,231,16.7,0.0699397400021553,0.06296934199709636
COHFACE_s20_session3_natural,9,232,16.733333333333334,-0.14720042049884796,0.09319699018314412
COHFACE_s20_session3_natural,9,233,16.766666666666666,-0.36060231924057007,0.10444705984423325
COHFACE_s20_session3_natural,9,234,16.8,-0.5730078816413879,0.09776462063376795
COHFACE_s20_session3_natural,9,235,16.833333333333332,-0.7573765516281128,0.07827989815401268
COHFACE_s20_session3_natural,9,236,16.866666666666667,-0.8788699507713318,0.05322270720238279
COHFACE_s20_session3_natural,9,237,16.9,-0.9580156803131104,0.02902830660621137
COHFACE_s20_session3_natural,9,238,16.933333333333334,-1.0285073518753052,0.008885241010303153
COHFACE_s20_session3_natural,9,239,16.966666666666665,-1.1030420064926147,-0.0080241313039205
COHFACE_s20_session3_natural,10,0,10.0,-1.0531436204910278,0.025661961850667592
COHFACE_s20_session3_natural,10,1,10.033333333333333,-0.508625864982605,2.590042641155258
COHFACE_s20_session3_natural,10,2,10.066666666666666,0.38738709688186646,4.760078076184967
COHFACE_s20_session3_natural,10,3,10.1,1.1441622972488403,6.238087971496995
COHFACE_s20_session3_natural,10,4,10.133333333333333,1.5632672309875488,6.892472007360041
COHFACE_s20_session3_natural,10,5,10.166666666666666,1.7183144092559814,6.77563830281701
COHFACE_s20_session3_natural,10,6,10.2,1.6825456619262695,6.083780421909759
COHFACE_s20_session3_natural,10,7,10.233333333333333,1.452988624572754,5.079641618085812
COHFACE_s20_session3_natural,10,8,10.266666666666667,1.0879648923873901,4.011201148102975
COHFACE_s20_session3_natural,10,9,10.3,0.7624151706695557,3.05300362522817
COHFACE_s20_session3_natural,10,10,10.333333333333334,0.5531550049781799,2.282966657865752
COHFACE_s20_session3_natural,10,11,10.366666666666667,0.41036009788513184,1.6933172960076723
COHFACE_s20_session3_natural,10,12,10.4,0.2571573555469513,1.2239293546755567
COHFACE_s20_session3_natural,10,13,10.433333333333334,0.06119517609477043,0.8021318775118149
COHFACE_s20_session3_natural,10,14,10.466666666666667,-0.15472634136676788,0.3749999383679479
COHFACE_s20_session3_natural,10,15,10.5,-0.3774162530899048,-0.07429596293601516
COHFACE_s20_session3_natural,10,16,10.533333333333333,-0.5867834687232971,-0.5280501329623201
COHFACE_s20_session3_natural,10,17,10.566666666666666,-0.7632392048835754,-0.9491199304894595
COHFACE_s20_session3_natural,10,18,10.6,-0.8948522806167603,-1.3002190690034328
COHFACE_s20_session3_natural,10,19,10.633333333333333,-0.9788313508033752,-1.5578053549274051
COHFACE_s20_session3_natural,10,20,10.666666666666666,-1.0532671213150024,-1.7164405637310205
COHFACE_s20_session3_natural,10,21,10.7,-1.1218156814575195,-1.7857034805889176
COHFACE_s20_session3_natural,10,22,10.733333333333333,-1.1793633699417114,-1.7837432774872837
COHFACE_s20_session3_natural,10,23,10.766666666666667,-1.2043949365615845,-1.7305159958693719
COHFACE_s20_session3_natural,10,24,10.8,-0.9814826846122742,-1.6427383831932054
COHFACE_s20_session3_natural,10,25,10.833333333333334,-0.2510647475719452,-1.531821049028084
COHFACE_s20_session3_natural,10,26,10.866666666666667,0.6727052330970764,-1.4046873295832032
COHFACE_s20_session3_natural,10,27,10.9,1.3353816270828247,-1.2659980738423409
COHFACE_s20_session3_natural,10,28,10.933333333333334,1.669922947883606,-1.1198865182436395
COHFACE_s20_session3_natural,10,29,10.966666666666667,1.7870358228683472,-0.9701518847879977
COHFACE_s20_session3_natural,10,30,11.0,1.732024073600769,-0.8193805418566624
COHFACE_s20_session3_natural,10,31,11.033333333333333,1.4604650735855103,-0.668360673201951
COHFACE_s20_session3_natural,10,32,11.066666666666666,1.057424783706665,-0.5166439512456592
COHFACE_s20_session3_natural,10,33,11.1,0.7232128977775574,-0.3639325687618375
COHFACE_s20_session3_natural,10,34,11.133333333333333,0.5242617130279541,-0.21131977281843578
COHFACE_s20_session3_natural,10,35,11.166666666666666,0.3703179359436035,-0.06166074806126623
COHFACE_s20_session3_natural,10,36,11.2,0.1916966587305069,0.08087098651382453
COHFACE_s20_session3_natural,10,37,11.233333333333333,-0.016583669930696487,0.21142404714247928
COHFACE_s20_session3_natural,10,38,11.266666666666667,-0.2465607225894928,0.32483927249221367
COHFACE_s20_session3_natural,10,39,11.3,-0.4884030222892761,0.4158785236317423
COHFACE_s20_session3_natural,10,40,11.333333333333334,-0.7057490348815918,0.479853124341364
COHFACE_s20_session3_natural,10,41,11.366666666666667,-0.8639498353004456,0.5139708376894055
COHFACE_s20_session3_natural,10,42,11.4,-0.9784196615219116,0.5189421057586269
COHFACE_s20_session3_natural,10,43,11.433333333333334,-1.0661287307739258,0.49979078157161483
COHFACE_s20_session3_natural,10,44,11.466666666666667,-1.1318281888961792,0.465055044122298
COHFACE_s20_session3_natural,10,45,11.5,-1.2012330293655396,0.42448596673837047
COHFACE_s20_session3_natural,10,46,11.533333333333333,-1.2773815393447876,0.3862897946676475
COHFACE_s20_session3_natural,10,47,11.566666666666666,-1.2873282432556152,0.3552355016133708
COHFACE_s20_session3_natural,10,48,11.6,-0.9626102447509766,0.3323444209704086
COHFACE_s20_session3_natural,10,49,11.633333333333333,-0.12979364395141602,0.31594524147609027
COHFACE_s20_session3_natural,10,50,11.666666666666666,0.788278341293335,0.30330934930157855
COHFACE_s20_session3_natural,10,51,11.7,1.3869349956512451,0.29205023581605255
COHFACE_s20_session3_natural,10,52,11.733333333333333,1.6631544828414917,0.2807900295430133
COHFACE_s20_session3_natural,10,53,11.766666666666667,1.7364704608917236,0.2690162834459679
COHFACE_s20_session3_natural,10,54,11.8,1.6221489906311035,0.2563893969108438
COHFACE_s20_session3_natural,10,55,11.833333333333334,1.296566367149353,0.24197998833179912
COHFACE_s20_session3_natural,10,56,11.866666666666667,0.8884949684143066,0.22398078135118263
COHFACE_s20_session3_natural,10,57,11.9,0.5837198495864868,0.20017908969940762
COHFACE_s20_session3_natural,10,58,11.933333333333334,0.41520997881889343,0.1689129259507196
COHFACE_s20_session3_natural,10,59,11.966666666666667,0.2789034843444824,0.12983375313729767
COHFACE_s20_session3_natural,10,60,12.0,0.0979766845703125,0.08395207377106612
COHFACE_s20_session3_natural,10,61,12.033333333333333,-0.1248038038611412,0.03295804752103454
COHFACE_s20_session3_natural,10,62,12.066666666666666,-0.3449741005897522,-0.02172446892281473
COHFACE_s20_session3_natural,10,63,12.1,-0.5533202886581421,-0.07947425997480136
COHFACE_s20_session3_natural,10,64,12.133333333333333,-0.7591056823730469,-0.14004983479526076
COHFACE_s20_session3_natural,10,65,12.166666666666666,-0.93996661901474,-0.20226004417213897
COHFACE_s20_session3_natural,10,66,12.2,-1.0556138753890991,-0.262638753675169
COHFACE_s20_session3_natural,10,67,12.233333333333333,-1.1429359912872314,-0.31532219148557533
COHFACE_s20_session3_natural,10,68,12.266666666666667,-1.2094918489456177,-0.35354948246192464
COHFACE_s20_session3_natural,10,69,12.3,-1.2573069334030151,-0.37201595335203747
COHFACE_s20_session3_natural,10,70,12.333333333333334,-1.2903255224227905,-0.368706599789153
COHFACE_s20_session3_natural,10,71,12.366666666666667,-1.2237614393234253,-0.34523128853719476
COHFACE_s20_session3_natural,10,72,12.4,-0.7482943534851074,-0.3057526379396084
COHFACE_s20_session3_natural,10,73,12.433333333333334,0.13013888895511627,-0.25543440950642254
COHFACE_s20_session3_natural,10,74,12.466666666666667,0.9494351744651794,-0.19927355537508926
COHFACE_s20_session3_natural,10,75,12.5,1.4207769632339478,-0.1415051273711655
COHFACE_s20_session3_natural,10,76,12.533333333333333,1.4864352941513062,-0.085222129883082
COHFACE_s20_session3_natural,10,77,12.566666666666666,1.2982213497161865,-0.03192580602585707
COHFACE_s20_session3_natural,10,78,12.6,0.972012996673584,0.018688148242890425
COHFACE_s20_session3_natural,10,79,12.633333333333333,0.5855889320373535,0.06810071978482417
COHFACE_s20_session3_natural,10,80,12.666666666666666,0.2970348596572876,0.11742815946334792
COHFACE_s20_session3_natural,10,81,12.7,0.15234611928462982,0.16571319394009915
COHFACE_s20_session3_natural,10,82,12.733333333333333,0.07777855545282364,0.20905539494666153
COHFACE_s20_session3_natural,10,83,12.766666666666667,-0.034575071185827255,0.24114286578890687
COHFACE_s20_session3_natural,10,84,12.8,-0.22280548512935638,0.25497503489429285
COHFACE_s20_session3_natural,10,85,12.833333333333334,-0.4532106816768646,0.2450195457847294
COHFACE_s20_session3_natural,10,86,12.866666666666667,-0.6561883091926575,0.2090602264424739
COHFACE_s20_session3_natural,10,87,12.9,-0.7638814449310303,0.1493819469670441
COHFACE_s20_session3_natural,10,88,12.933333333333334,-0.8244264125823975,0.07322698046913202
COHFACE_s20_session3_natural,10,89,12.966666666666667,-0.9471467137336731,-0.007774318719996292
COHFACE_s20_session3_natural,10,90,13.0,-1.120827555656433,-0.07995199087522255
COHFACE_s20_session3_natural,10,91,13.033333333333333,-1.2695015668869019,-0.13180989766347467
COHFACE_s20_session3_natural,10,92,13.066666666666666,-1.3955320119857788,-0.15812564669894427
COHFACE_s20_session3_natural,10,93,13.1,-1.4798980951309204,-0.16097766223113616
COHFACE_s20_session3_natural,10,94,13.133333333333333,-1.4727509021759033,-0.1467342627758144
COHFACE_s20_session3_natural,10,95,13.166666666666666,-1.1981865167617798,-0.12116254319674306
COHFACE_s20_session3_natural,10,96,13.2,-0.29644259810447693,-0.08615477365619477
COHFACE_s20_session3_natural,10,97,13.233333333333333,0.7588168978691101,-0.04026657602734554
COHFACE_s20_session3_natural,10,98,13.266666666666667,1.2770928144454956,0.017581459321946075
COHFACE_s20_session3_natural,10,99,13.3,1.347139835357666,0.08404010906807646
COHFACE_s20_session3_natural,10,100,13.333333333333334,1.2809628248214722,0.14963510429601753
COHFACE_s20_session3_natural,10,101,13.366666666666667,1.0888211727142334,0.2005514205951683
COHFACE_s20_session3_natural,10,102,13.4,0.654911458492279,0.2233010858215676
COHFACE_s20_session3_natural,10,103,13.433333333333334,0.090804822742939,0.2104034366871973
COHFACE_s20_session3_natural,10,104,13.466666666666667,-0.3585767447948456,0.16448687317488586
COHFACE_s20_session3_natural,10,105,13.5,-0.5887431502342224,0.09843295021067233
COHFACE_s20_session3_natural,10,106,13.533333333333333,-0.7130032181739807,0.03065108810567565
COHFACE_s20_session3_natural,10,107,13.566666666666666,-0.8264355063438416,-0.02282831336517342
COHFACE_s20_session3_natural,10,108,13.6,-0.9476160407066345,-0.0552346872791788
COHFACE_s20_session3_natural,10,109,13.633333333333333,-1.0662111043930054,-0.07074799959033623
COHFACE_s20_session3_natural,10,110,13.666666666666666,-1.1819242238998413,-0.08030185783294494
COHFACE_s20_session3_natural,10,111,13.7,-1.2899137735366821,-0.0946066692172339
COHFACE_s20_session3_natural,10,112,13.733333333333333,-1.3415577411651611,-0.11840286852242547
COHFACE_s20_session3_natural,10,113,13.766666666666667,-1.3079463243484497,-0.1483874064583622
COHFACE_s20_session3_natural,10,114,13.8,-1.23749577999115,-0.17519882508321816
COHFACE_s20_session3_natural,10,115,13.833333333333334,-1.178877592086792,-0.18814405584905164
COHFACE_s20_session3_natural,10,116,13.866666666666667,-1.1497125625610352,-0.18025381016037043
COHFACE_s20_session3_natural,10,117,13.9,-1.1461472511291504,-0.1512335560175064
COHFACE_s20_session3_natural,10,118,13.933333333333334,-1.0462764501571655,-0.10709122116816258
COHFACE_s20_session3_natural,10,119,13.966666666666667,-0.41932758688926697,-0.057026364928558865
COHFACE_s20_session3_natural,10,120,14.0,0.5737401247024536,-0.00953966975367751
COHFACE_s20_session3_natural,10,121,14.033333333333333,1.2183181047439575,0.03016730133012091
COHFACE_s20_session3_natural,10,122,14.066666666666666,1.5068721771240234,0.06063142603044123
COHFACE_s20_session3_natural,10,123,14.1,1.6459124088287354,0.08298360937796855
COHFACE_s20_session3_natural,10,124,14.133333333333333,1.6573494672775269,0.09940045211781057
COHFACE_s20_session3_natural,10,125,14.166666666666666,1.495377540588379,0.11202786105524444
COHFACE_s20_session3_natural,10,126,14.2,1.186650037765503,0.12258570428668154
COHFACE_s20_session3_natural,10,127,14.233333333333333,0.8750817179679871,0.13233258386651847
COHFACE_s20_session3_natural,10,128,14.266666666666667,0.6636642217636108,0.14194425480604905
COHFACE_s20_session3_natural,10,129,14.3,0.5365139842033386,0.15109654592663074
COHFACE_s20_session3_natural,10,130,14.333333333333334,0.40564200282096863,0.1579106068087022
COHFACE_s20_session3_natural,10,131,14.366666666666667,0.24160324037075043,0.15867023878751854
COHFACE_s20_session3_natural,10,132,14.4,0.05079557001590729,0.14822302260648262
COHFACE_s20_session3_natural,10,133,14.433333333333334,-0.17123562097549438,0.12127938250632149
COHFACE_s20_session3_natural,10,134,14.466666666666667,-0.38804641366004944,0.07450853836583576
COHFACE_s20_session3_natural,10,135,14.5,-0.5658937096595764,0.00886249183558671
COHFACE_s20_session3_natural,10,136,14.533333333333333,-0.6828172206878662,-0.06893941966438037
COHFACE_s20_session3_natural,10,137,14.566666666666666,-0.7892505526542664,-0.14687817505018527
COHFACE_s20_session3_natural,10,138,14.6,-0.9023122787475586,-0.2104381948781673
COHFACE_s20_session3_natural,10,139,14.633333333333333,-0.9938337802886963,-0.2469564049198462
COHFACE_s20_session3_natural,10,140,14.666666666666666,-1.0770224332809448,-0.24979713446761992
COHFACE_s20_session3_natural,10,141,14.7,-1.084194302558899,-0.22054431874313232
COHFACE_s20_session3_natural,10,142,14.733333333333333,-0.6928545236587524,-0.16829894698119913
COHFACE_s20_session3_natural,10,143,14.766666666666667,0.18132998049259186,-0.1065122996043068
COHFACE_s20_session3_natural,10,144,14.8,1.0031870603561401,-0.04878868839805372
COHFACE_s20_session3_natural,10,145,14.833333333333334,1.4774272441864014,-0.005238023001494219
COHFACE_s20_session3_natural,10,146,14.866666666666667,1.7120400667190552,0.019698928776693714
COHFACE_s20_session3_natural,10,147,14.9,1.8020299673080444,0.02777472699007271
COHFACE_s20_session3_natural,10,148,14.933333333333334,1.7159429788589478,0.025895565349067264
COHFACE_s20_session3_natural,10,149,14.966666666666667,1.4115219116210938,0.023688799660811194
COHFACE_s20_session3_natural,10,150,15.0,1.0339412689208984,0.030196164973050384
COHFACE_s20_session3_natural,10,151,15.033333333333333,0.7489113807678223,0.05062457274555196
COHFACE_s20_session3_natural,10,152,15.066666666666666,0.5543324947357178,0.08420531465828032
COHFACE_s20_session3_natural,10,153,15.1,0.37622174620628357,0.12407164250148207
COHFACE_s20_session3_natural,10,154,15.133333333333333,0.18144525587558746,0.15966432118085358
COHFACE_s20_session3_natural,10,155,15.166666666666666,-0.01709417998790741,0.18110135203390504
COHFACE_s20_session3_natural,10,156,15.2,-0.21892723441123962,0.18340860791755476
COHFACE_s20_session3_natural,10,157,15.233333333333333,-0.4273310601711273,0.16810705033762055
COHFACE_s20_session3_natural,10,158,15.266666666666667,-0.5967631340026855,0.14135903571329153
COHFACE_s20_session3_natural,10,159,15.3,-0.7054361701011658,0.1102025231773618
COHFACE_s20_session3_natural,10,160,15.333333333333334,-0.7637579441070557,0.07932325063095458
COHFACE_s20_session3_natural,10,161,15.366666666666667,-0.8202270269393921,0.049909013784907696
COHFACE_s20_session3_natural,10,162,15.4,-0.9050542712211609,0.020362580795244882
COHFACE_s20_session3_natural,10,163,15.433333333333334,-0.997382640838623,-0.012377214854022326
COHFACE_s20_session3_natural,10,164,15.466666666666667,-1.0598872900009155,-0.05163847832153587
COHFACE_s20_session3_natural,10,165,15.5,-0.9140705466270447,-0.09969410462763062
COHFACE_s20_session3_natural,10,166,15.533333333333333,-0.278961718082428,-0.15600207547481582
COHFACE_s20_session3_natural,10,167,15.566666666666666,0.5847408175468445,-0.21553831837688633
COHFACE_s20_session3_natural,10,168,15.6,1.1998162269592285,-0.26856524256373676
COHFACE_s20_session3_natural,10,169,15.633333333333333,1.4812066555023193,-0.3029713540329403
COHFACE_s20_session3_natural,10,170,15.666666666666666,1.5456875562667847,-0.3088085208651595
COHFACE_s20_session3_natural,10,171,15.7,1.4512100219726562,-0.28277514273338145
COHFACE_s20_session3_natural,10,172,15.733333333333333,1.184048056602478,-0.22967239919795795
COHFACE_s20_session3_natural,10,173,15.766666666666667,0.8333515524864197,-0.1595222307853486
COHFACE_s20_session3_natural,10,174,15.8,0.5884626507759094,-0.08244032163461062
COHFACE_s20_session3_natural,10,175,15.833333333333334,0.47410812973976135,-0.005166883666619937
COHFACE_s20_session3_natural,10,176,15.866666666666667,0.38706597685813904,0.06880044547837973
COHFACE_s20_session3_natural,10,177,15.9,0.23566648364067078,0.13684123666458375
COHFACE_s20_session3_natural,10,178,15.933333333333334,0.031107954680919647,0.19527169815899517
COHFACE_s20_session3_natural,10,179,15.966666666666667,-0.190396249294281,0.23937764504311912
COHFACE_s20_session3_natural,10,180,16.0,-0.41693970561027527,0.26503776836528087
COHFACE_s20_session3_natural,10,181,16.033333333333335,-0.6136264801025391,0.2704728803418091
COHFACE_s20_session3_natural,10,182,16.066666666666666,-0.7545440196990967,0.2570980519299001
COHFACE_s20_session3_natural,10,183,16.1,-0.8325781226158142,0.2294241614364582
COHFACE_s20_session3_natural,10,184,16.133333333333333,-0.8925055265426636,0.19426734453570327
COHFACE_s20_session3_natural,10,185,16.166666666666668,-0.9634336829185486,0.15931711961934697
COHFACE_s20_session3_natural,10,186,16.2,-1.0341724157333374,0.13106951306958345
COHFACE_s20_session3_natural,10,187,16.233333333333334,-1.0920330286026,0.1124653822305533
COHFACE_s20_session3_natural,10,188,16.266666666666666,-1.0326985120773315,0.10108988465410312
COHFACE_s20_session3_natural,10,189,16.3,-0.5410680174827576,0.08911469631364699
COHFACE_s20_session3_natural,10,190,16.333333333333332,0.31473806500434875,0.06587024221376245
COHFACE_s20_session3_natural,10,191,16.366666666666667,1.045320749282837,0.022705007562445617
COHFACE_s20_session3_natural,10,192,16.4,1.4570891857147217,-0.04197097211275974
COHFACE_s20_session3_natural,10,193,16.433333333333334,1.617356777191162,-0.12039769335067402
COHFACE_s20_session3_natural,10,194,16.466666666666665,1.594342589378357,-0.19768843940576417
COHFACE_s20_session3_natural,10,195,16.5,1.406449794769287,-0.2577030754931719
COHFACE_s20_session3_natural,10,196,16.533333333333335,1.0766924619674683,-0.2893618175219684
COHFACE_s20_session3_natural,10,197,16.566666666666666,0.7533248066902161,-0.28994511203549916
COHFACE_s20_session3_natural,10,198,16.6,0.5599563717842102,-0.26420151737743175
COHFACE_s20_session3_natural,10,199,16.633333333333333,0.42767632007598877,-0.22086217435268035
COHFACE_s20_session3_natural,10,200,16.666666666666668,0.2670217454433441,-0.16916698287374066
COHFACE_s20_session3_natural,10,201,16.7,0.0699397400021553,-0.11698696773023572
COHFACE_s20_session3_natural,10,202,16.733333333333334,-0.14720042049884796,-0.07033058773499468
COHFACE_s20_session3_natural,10,203,16.766666666666666,-0.36060231924057007,-0.03312370493675395
COHFACE_s20_session3_natural,10,204,16.8,-0.5730078816413879,-0.006830093578694801
COHFACE_s20_session3_natural,10,205,16.833333333333332,-0.7573765516281128,0.009575850519729295
COHFACE_s20_session3_natural,10,206,16.866666666666667,-0.8788699507713318,0.018917050705105284
COHFACE_s20_session3_natural,10,207,16.9,-0.9580156803131104,0.024743532772421636
COHFACE_s20_session3_natural,10,208,16.933333333333334,-1.0285073518753052,0.030425380979468387
COHFACE_s20_session3_natural,10,209,16.966666666666665,-1.1030420064926147,0.03858930614449569
COHFACE_s20_session3_natural,10,210,17.0,-1.1796187162399292,0.05069165246956709
COHFACE_s20_session3_natural,10,211,17.033333333333335,-1.1742088794708252,0.06654488124780059
COHFACE_s20_session3_natural,10,212,17.066666666666666,-0.8252745270729065,0.08405714207929768
COHFACE_s20_session3_natural,10,213,17.1,-0.03022749163210392,0.09972969219419014
COHFACE_s20_session3_natural,10,214,17.133333333333333,0.8079412579536438,0.11009912787409
COHFACE_s20_session3_natural,10,215,17.166666666666668,1.3674615621566772,0.11355754117069779
COHFACE_s20_session3_natural,10,216,17.2,1.6525572538375854,0.11146046674552601
COHFACE_s20_session3_natural,10,217,17.233333333333334,1.7404475212097168,0.10763380016469565
COHFACE_s20_session3_natural,10,218,17.266666666666666,1.6447101831436157,0.10633515733957567
COHFACE_s20_session3_natural,10,219,17.3,1.3527966737747192,0.10978477762952661
COHFACE_s20_session3_natural,10,220,17.333333333333332,0.9700862169265747,0.11676901981695403
COHFACE_s20_session3_natural,10,221,17.366666666666667,0.67743980884552,0.12314892633391179
COHFACE_s20_session3_natural,10,222,17.4,0.4863686263561249,0.1237522935760578
COHFACE_s20_session3_natural,10,223,17.433333333333334,0.3107445538043976,0.11430094541557245
COHFACE_s20_session3_natural,10,224,17.466666666666665,0.11606689542531967,0.09249344097254245
COHFACE_s20_session3_natural,10,225,17.5,-0.09951703250408173,0.05835197175947296
COHFACE_s20_session3_natural,10,226,17.533333333333335,-0.33202192187309265,0.014332389342600695
COHFACE_s20_session3_natural,10,227,17.566666666666666,-0.5669394135475159,-0.03464894726514521
COHFACE_s20_session3_natural,10,228,17.6,-0.7732435464859009,-0.08166537547069773
COHFACE_s20_session3_natural,10,229,17.633333333333333,-0.9191509485244751,-0.11923600606002369
COHFACE_s20_session3_natural,10,230,17.666666666666668,-1.0055919885635376,-0.1417410238969055
COHFACE_s20_session3_natural,10,231,17.7,-1.0673474073410034,-0.14775795133603828
COHFACE_s20_session3_natural,10,232,17.733333333333334,-1.1599228382110596,-0.14067442203080868
COHFACE_s20_session3_natural,10,233,17.766666666666666,-1.230480432510376,-0.12670966148647933
COHFACE_s20_session3_natural,10,234,17.8,-1.2681511640548706,-0.11152505752105912
COHFACE_s20_session3_natural,10,235,17.833333333333332,-1.2058029174804688,-0.09783701066484067
COHFACE_s20_session3_natural,10,236,17.866666666666667,-0.7363220453262329,-0.08535955530214322
COHFACE_s20_session3_natural,10,237,17.9,0.12497613579034805,-0.07242009132404659
COHFACE_s20_session3_natural,10,238,17.933333333333334,0.909763514995575,-0.05775078290068325
COHFACE_s20_session3_natural,10,239,17.966666666666665,1.3908627033233643,-0.04139213219211951
COHFACE_s20_session3_natural,11,0,11.0,1.732024073600769,0.0006273161675304584
COHFACE_s20_session3_natural,11,1,11.033333333333333,1.4604650735855103,2.518749034561316
COHFACE_s20_session3_natural,11,2,11.066666666666666,1.057424783706665,4.652262434052813
COHFACE_s20_session3_natural,11,3,11.1,0.7232128977775574,6.109603917441818
COHFACE_s20_session3_natural,11,4,11.133333333333333,0.5242617130279541,6.7593224151576425
COHFACE_s20_session3_natural,11,5,11.166666666666666,0.3703179359436035,6.647265173841968
COHFACE_s20_session3_natural,11,6,11.2,0.1916966587305069,5.958209806768224
COHFACE_s20_session3_natural,11,7,11.233333333333333,-0.016583669930696487,4.943106045668379
COHFACE_s20_session3_natural,11,8,11.266666666666667,-0.2465607225894928,3.843409788460214
COHFACE_s20_session3_natural,11,9,11.3,-0.4884030222892761,2.8366766732330064
COHFACE_s20_session3_natural,11,10,11.333333333333334,-0.7057490348815918,2.0140057236772573
COHFACE_s20_session3_natural,11,11,11.366666666666667,-0.8639498353004456,1.3872945723859407
COHFACE_s20_session3_natural,11,12,11.4,-0.9784196615219116,0.9157804654335859
COHFACE_s20_session3_natural,11,13,11.433333333333334,-1.0661287307739258,0.5384166363111951
COHFACE_s20_session3_natural,11,14,11.466666666666667,-1.1318281888961792,0.20079697491633636
COHFACE_s20_session3_natural,11,15,11.5,-1.2012330293655396,-0.12951119272989697
COHFACE_s20_session3_natural,11,16,11.533333333333333,-1.2773815393447876,-0.4598222554539516
COHFACE_s20_session3_natural,11,17,11.566666666666666,-1.2873282432556152,-0.7780568763655453
COHFACE_s20_session3_natural,11,18,11.6,-0.9626102447509766,-1.0625780014226633
COHFACE_s20_session3_natural,11,19,11.633333333333333,-0.12979364395141602,-1.2919250295308236
COHFACE_s20_session3_natural,11,20,11.666666666666666,0.788278341293335,-1.4517138820433
COHFACE_s20_session3_natural,11,21,11.7,1.3869349956512451,-1.5376348771293717
COHFACE_s20_session3_natural,11,22,11.733333333333333,1.6631544828414917,-1.554906075516815
COHFACE_s20_session3_natural,11,23,11.766666666666667,1.7364704608917236,-1.5154663028729243
COHFACE_s20_session3_natural,11,24,11.8,1.6221489906311035,-1.4344876302371115
COHFACE_s20_session3_natural,11,25,11.833333333333334,1.296566367149353,-1.327400471394822
COHFACE_s20_session3_natural,11,26,11.866666666666667,0.8884949684143066,-1.2077987567782102
COHFACE_s20_session3_natural,11,27,11.9,0.5837198495864868,-1.0860001418735354
COHFACE_s20_session3_natural,11,28,11.933333333333334,0.41520997881889343,-0.9681130269038769
COHFACE_s20_session3_natural,11,29,11.966666666666667,0.2789034843444824,-0.8558463269340274
COHFACE_s20_session3_natural,11,30,12.0,0.0979766845703125,-0.7473930668287976
COHFACE_s20_session3_natural,11,31,12.033333333333333,-0.1248038038611412,-0.6393504305617957
COHFACE_s20_session3_natural,11,32,12.066666666666666,-0.3449741005897522,-0.5290330188272491
COHFACE_s20_session3_natural,11,33,12.1,-0.5533202886581421,-0.41613542975775825
COHFACE_s20_session3_natural,11,34,12.133333333333333,-0.7591056823730469,-0.3028935335194711
COHFACE_s20_session3_natural,11,35,12.166666666666666,-0.93996661901474,-0.19274931403052578
COHFACE_s20_session3_natural,11,36,12.2,-1.0556138753890991,-0.08858671249240535
COHFACE_s20_session3_natural,11,37,12.233333333333333,-1.1429359912872314,0.008101300601708002
COHFACE_s20_session3_natural,11,38,12.266666666666667,-1.2094918489456177,0.0966826438208078
COHFACE_s20_session3_natural,11,39,12.3,-1.2573069334030151,0.17628447586737075
COHFACE_s20_session3_natural,11,40,12.333333333333334,-1.2903255224227905,0.24527890028605248
COHFACE_s20_session3_natural,11,41,12.366666666666667,-1.2237614393234253,0.30189231519372467
COHFACE_s20_session3_natural,11,42,12.4,-0.7482943534851074,0.34547194425691846
COHFACE_s20_session3_natural,11,43,12.433333333333334,0.13013888895511627,0.37735525383164736
COHFACE_s20_session3_natural,11,44,12.466666666666667,0.9494351744651794,0.4005726047336232
COHFACE_s20_session3_natural,11,45,12.5,1.4207769632339478,0.4185020703560005
COHFACE_s20_session3_natural,11,46,12.533333333333333,1.4864352941513062,0.43339261670099655
COHFACE_s20_session3_natural,11,47,12.566666666666666,1.2982213497161865,0.4457156786536333
COHFACE_s20_session3_natural,11,48,12.6,0.972012996673584,0.45451860596387356
COHFACE_s20_session3_natural,11,49,12.633333333333333,0.5855889320373535,0.4581683200313676
COHFACE_s20_session3_natural,11,50,12.666666666666666,0.2970348596572876,0.4548553128175143
COHFACE_s20_session3_natural,11,51,12.7,0.15234611928462982,0.44273676697879805
COHFACE_s20_session3_natural,11,52,12.733333333333333,0.07777855545282364,0.4199944780198954
COHFACE_s20_session3_natural,11,53,12.766666666666667,-0.034575071185827255,0.3850924170058422
COHFACE_s20_session3_natural,11,54,12.8,-0.22280548512935638,0.33723509754945513
COHFACE_s20_session3_natural,11,55,12.833333333333334,-0.4532106816768646,0.2767699655786551
COHFACE_s20_session3_natural,11,56,12.866666666666667,-0.6561883091926575,0.2053148439792321
COHFACE_s20_session3_natural,11,57,12.9,-0.7638814449310303,0.12569725955003624
COHFACE_s20_session3_natural,11,58,12.933333333333334,-0.8244264125823975,0.042035898054034807
COHFACE_s20_session3_natural,11,59,12.966666666666667,-0.9471467137336731,-0.040030501896355306
COHFACE_s20_session3_natural,11,60,13.0,-1.120827555656433,-0.1137359852172129
COHFACE_s20_session3_natural,11,61,13.033333333333333,-1.2695015668869019,-0.17292233012425903
COHFACE_s20_session3_natural,11,62,13.066666666666666,-1.3955320119857788,-0.2143852551388425
COHFACE_s20_session3_natural,11,63,13.1,-1.4798980951309204,-0.2389298212691457
COHFACE_s20_session3_natural,11,64,13.133333333333333,-1.4727509021759033,-0.24998987999502317
COHFACE_s20_session3_natural,11,65,13.166666666666666,-1.1981865167617798,-0.25065489765768056
COHFACE_s20_session3_natural,11,66,13.2,-0.29644259810447693,-0.24136254815576164
COHFACE_s20_session3_natural,11,67,13.233333333333333,0.7588168978691101,-0.22013541790038987
COHFACE_s20_session3_natural,11,68,13.266666666666667,1.2770928144454956,-0.18522613584208222
COHFACE_s20_session3_natural,11,69,13.3,1.347139835357666,-0.13819277009974246
COHFACE_s20_session3_natural,11,70,13.333333333333334,1.2809628248214722,-0.08532371275756832
COHFACE_s20_session3_natural,11,71,13.366666666666667,1.0888211727142334,-0.036525406378189025
COHFACE_s20_session3_natural,11,72,13.4,0.654911458492279,-0.002073257422600728
COHFACE_s20_session3_natural,11,73,13.433333333333334,0.090804822742939,0.011447863630611203
COHFACE_s20_session3_natural,11,74,13.466666666666667,-0.3585767447948456,0.004202667510204794
COHFACE_s20_session3_natural,11,75,13.5,-0.5887431502342224,-0.016446678295077184
COHFACE_s20_session3_natural,11,76,13.533333333333333,-0.7130032181739807,-0.03869692858810684
COHFACE_s20_session3_natural,11,77,13.566666666666666,-0.8264355063438416,-0.05129296212320067
COHFACE_s20_session3_natural,11,78,13.6,-0.9476160407066345,-0.04839362656114255
COHFACE_s20_session3_natural,11,79,13.633333333333333,-1.0662111043930054,-0.03180550982291507
COHFACE_s20_session3_natural,11,80,13.666666666666666,-1.1819242238998413,-0.009536270645107967
COHFACE_s20_session3_natural,11,81,13.7,-1.2899137735366821,0.008378196064866722
COHFACE_s20_session3_natural,11,82,13.733333333333333,-1.3415577411651611,0.014619570563409765
COHFACE_s20_session3_natural,11,83,13.766666666666667,-1.3079463243484497,0.007717977924653043
COHFACE_s20_session3_natural,11,84,13.8,-1.23749577999115,-0.0077623929457140755
COHFACE_s20_session3_natural,11,85,13.833333333333334,-1.178877592086792,-0.023908934602365105
COHFACE_s20_session3_natural,11,86,13.866666666666667,-1.1497125625610352,-0.033512303661294596
COHFACE_s20_session3_natural,11,87,13.9,-1.1461472511291504,-0.03328526335800391
COHFACE_s20_session3_natural,11,88,13.933333333333334,-1.0462764501571655,-0.024591506125523823
COHFACE_s20_session3_natural,11,89,13.966666666666667,-0.41932758688926697,-0.011582211179666686
COHFACE_s20_session3_natural,11,90,14.0,0.5737401247024536,0.0016981833231630966
COHFACE_s20_session3_natural,11,91,14.033333333333333,1.2183181047439575,0.013202654179045458
COHFACE_s20_session3_natural,11,92,14.066666666666666,1.5068721771240234,0.022919165207397414
COHFACE_s20_session3_natural,11,93,14.1,1.6459124088287354,0.03176569588793593
COHFACE_s20_session3_natural,11,94,14.133333333333333,1.6573494672775269,0.04054576494663721
COHFACE_s20_session3_natural,11,95,14.166666666666666,1.495377540588379,0.049619794080649274
COHFACE_s20_session3_natural,11,96,14.2,1.186650037765503,0.0591659874121483
COHFACE_s20_session3_natural,11,97,14.233333333333333,0.8750817179679871,0.06948173233365654
COHFACE_s20_session3_natural,11,98,14.266666666666667,0.6636642217636108,0.08089181807078258
COHFACE_s20_session3_natural,11,99,14.3,0.5365139842033386,0.09322917540345775
COHFACE_s20_session3_natural,11,100,14.333333333333334,0.40564200282096863,0.10517051223833952
COHFACE_s20_session3_natural,11,101,14.366666666666667,0.24160324037075043,0.11381185697074374
COHFACE_s20_session3_natural,11,102,14.4,0.05079557001590729,0.11480448260364488
COHFACE_s20_session3_natural,11,103,14.433333333333334,-0.17123562097549438,0.10323653776553422
COHFACE_s20_session3_natural,11,104,14.466666666666667,-0.38804641366004944,0.07526499754061632
COHFACE_s20_session3_natural,11,105,14.5,-0.5658937096595764,0.030155076653878062
COHFACE_s20_session3_natural,11,106,14.533333333333333,-0.6828172206878662,-0.02810024078554489
COHFACE_s20_session3_natural,11,107,14.566666666666666,-0.7892505526542664,-0.0906146788713571
COHFACE_s20_session3_natural,11,108,14.6,-0.9023122787475586,-0.14549083475876923
COHFACE_s20_session3_natural,11,109,14.633333333333333,-0.9938337802886963,-0.18137053639542108
COHFACE_s20_session3_natural,11,110,14.666666666666666,-1.0770224332809448,-0.1912778370852042
COHFACE_s20_session3_natural,11,111,14.7,-1.084194302558899,-0.17502444706918308
COHFACE_s20_session3_natural,11,112,14.733333333333333,-0.6928545236587524,-0.1390738864253738
COHFACE_s20_session3_natural,11,113,14.766666666666667,0.18132998049259186,-0.09400355026969519
COHFACE_s20_session3_natural,11,114,14.8,1.0031870603561401,-0.05082345983446677
COHFACE_s20_session3_natural,11,115,14.833333333333334,1.4774272441864014,-0.01775135940080389
COHFACE_s20_session3_natural,11,116,14.866666666666667,1.7120400667190552,0.0015376290969776004
COHFACE_s20_session3_natural,11,117,14.9,1.8020299673080444,0.008061969445756614
COHFACE_s20_session3_natural,11,118,14.933333333333334,1.7159429788589478,0.006493943898182797
COHFACE_s20_session3_natural,11,119,14.966666666666667,1.4115219116210938,0.003465907080167357
COHFACE_s20_session3_natural,11,120,15.0,1.0339412689208984,0.00571697662657187
COHFACE_s20_session3_natural,11,121,15.033333333333333,0.7489113807678223,0.018425924729809744
COHFACE_s20_session3_natural,11,122,15.066666666666666,0.5543324947357178,0.04388994727164129
COHFACE_s20_session3_natural,11,123,15.1,0.37622174620628357,0.0807455894177965
COHFACE_s20_session3_natural,11,124,15.133333333333333,0.18144525587558746,0.12416734274057081
COHFACE_s20_session3_natural,11,125,15.166666666666666,-0.01709417998790741,0.16727641198854296
COHFACE_s20_session3_natural,11,126,15.2,-0.21892723441123962,0.2031115825716332
COHFACE_s20_session3_natural,11,127,15.233333333333333,-0.4273310601711273,0.22599532891165636
COHFACE_s20_session3_natural,11,128,15.266666666666667,-0.5967631340026855,0.23180958662007456
COHFACE_s20_session3_natural,11,129,15.3,-0.7054361701011658,0.21780475381902428
COHFACE_s20_session3_natural,11,130,15.333333333333334,-0.7637579441070557,0.18288804687755714
COHFACE_s20_session3_natural,11,131,15.366666666666667,-0.8202270269393921,0.12857279236390967
COHFACE_s20_session3_natural,11,132,15.4,-0.9050542712211609,0.05961514857445869
COHFACE_s20_session3_natural,11,133,15.433333333333334,-0.997382640838623,-0.016816703387429903
COHFACE_s20_session3_natural,11,134,15.466666666666667,-1.0598872900009155,-0.0932746900257808
COHFACE_s20_session3_natural,11,135,15.5,-0.9140705466270447,-0.1639452953523318
COHFACE_s20_session3_natural,11,136,15.533333333333333,-0.278961718082428,-0.2250019745541824
COHFACE_s20_session3_natural,11,137,15.566666666666666,0.5847408175468445,-0.2734441233240444
COHFACE_s20_session3_natural,11,138,15.6,1.1998162269592285,-0.3057761675487268
COHFACE_s20_session3_natural,11,139,15.633333333333333,1.4812066555023193,-0.3180617383413752
COHFACE_s20_session3_natural,11,140,15.666666666666666,1.5456875562667847,-0.30772676995655757
COHFACE_s20_session3_natural,11,141,15.7,1.4512100219726562,-0.2758141659864506
COHFACE_s20_session3_natural,11,142,15.733333333333333,1.184048056602478,-0.22754986636280544
COHFACE_s20_session3_natural,11,143,15.766666666666667,0.8333515524864197,-0.17015059156547419
COHFACE_s20_session3_natural,11,144,15.8,0.5884626507759094,-0.10934719949505127
COHFACE_s20_session3_natural,11,145,15.833333333333334,0.47410812973976135,-0.047479792511361356
COHFACE_s20_session3_natural,11,146,15.866666666666667,0.38706597685813904,0.015509235799590272
COHFACE_s20_session3_natural,11,147,15.9,0.23566648364067078,0.07943036259577924
COHFACE_s20_session3_natural,11,148,15.933333333333334,0.031107954680919647,0.1417665221365105
COHFACE_s20_session3_natural,11,149,15.966666666666667,-0.190396249294281,0.19746441897808711
COHFACE_s20_session3_natural,11,150,16.0,-0.41693970561027527,0.24035575692933098
COHFACE_s20_session3_natural,11,151,16.033333333333335,-0.6136264801025391,0.2650792392229298
COHFACE_s20_session3_natural,11,152,16.066666666666666,-0.7545440196990967,0.2686604384949827
COHFACE_s20_session3_natural,11,153,16.1,-0.8325781226158142,0.2515843014242473
COHFACE_s20_session3_natural,11,154,16.133333333333333,-0.8925055265426636,0.21832774349612896
COHFACE_s20_session3_natural,11,155,16.166666666666668,-0.9634336829185486,0.17699393941202282
COHFACE_s20_session3_natural,11,156,16.2,-1.0341724157333374,0.13752681622417864
COHFACE_s20_session3_natural,11,157,16.233333333333334,-1.0920330286026,0.10841562093782814
COHFACE_s20_session3_natural,11,158,16.266666666666666,-1.0326985120773315,0.09280917754722781
COHFACE_s20_session3_natural,11,159,16.3,-0.5410680174827576,0.08599953552047833
COHFACE_s20_session3_natural,11,160,16.333333333333332,0.31473806500434875,0.07642237832018194
COHFACE_s20_session3_natural,11,161,16.366666666666667,1.045320749282837,0.05081542475674301
COHFACE_s20_session3_natural,11,162,16.4,1.4570891857147217,0.0013420863138921208
COHFACE_s20_session3_natural,11,163,16.433333333333334,1.617356777191162,-0.06939073127478425
COHFACE_s20_session3_natural,11,164,16.466666666666665,1.594342589378357,-0.1485125194796179
COHFACE_s20_session3_natural,11,165,16.5,1.406449794769287,-0.21820663742916963
COHFACE_s20_session3_natural,11,166,16.533333333333335,1.0766924619674683,-0.263021169038882
COHFACE_s20_session3_natural,11,167,16.566666666666666,0.7533248066902161,-0.2751909213880623
COHFACE_s20_session3_natural,11,168,16.6,0.5599563717842102,-0.25593936947463236
COHFACE_s20_session3_natural,11,169,16.633333333333333,0.42767632007598877,-0.21342558518126178
COHFACE_s20_session3_natural,11,170,16.666666666666668,0.2670217454433441,-0.15920112196741845
COHFACE_s20_session3_natural,11,171,16.7,0.0699397400021553,-0.10471392520729315
COHFACE_s20_session3_natural,11,172,16.733333333333334,-0.14720042049884796,-0.05863734957544278
COHFACE_s20_session3_natural,11,173,16.766666666666666,-0.36060231924057007,-0.025323312731790216
COHFACE_s20_session3_natural,11,174,16.8,-0.5730078816413879,-0.004577391718799782
COHFACE_s20_session3_natural,11,175,16.833333333333332,-0.7573765516281128,0.007212083468312943
COHFACE_s20_session3_natural,11,176,16.866666666666667,-0.8788699507713318,0.015085070528947598
COHFACE_s20_session3_natural,11,177,16.9,-0.9580156803131104,0.023574168524239054
COHFACE_s20_session3_natural,11,178,16.933333333333334,-1.0285073518753052,0.03554014304222639
COHFACE_s20_session3_natural,11,179,16.966666666666665,-1.1030420064926147,0.05189800662413895
COHFACE_s20_session3_natural,11,180,17.0,-1.1796187162399292,0.07186948666144002
COHFACE_s20_session3_natural,11,181,17.033333333333335,-1.1742088794708252,0.09332487984558514
COHFACE_s20_session3_natural,11,182,17.066666666666666,-0.8252745270729065,0.11308570824630287
COHFACE_s20_session3_natural,11,183,17.1,-0.03022749163210392,0.12742028010687292
COHFACE_s20_session3_natural,11,184,17.133333333333333,0.8079412579536438,0.13300979617807707
COHFACE_s20_session3_natural,11,185,17.166666666666668,1.3674615621566772,0.12826262625006835
COHFACE_s20_session3_natural,11,186,17.2,1.6525572538375854,0.1142739986351149
COHFACE_s20_session3_natural,11,187,17.233333333333334,1.7404475212097168,0.09462419030460557
COHFACE_s20_session3_natural,11,188,17.266666666666666,1.6447101831436157,0.07391428998128233
COHFACE_s20_session3_natural,11,189,17.3,1.3527966737747192,0.055870506889435366
COHFACE_s20_session3_natural,11,190,17.333333333333332,0.9700862169265747,0.04216754859117771
COHFACE_s20_session3_natural,11,191,17.366666666666667,0.67743980884552,0.032511611132756496
COHFACE_s20_session3_natural,11,192,17.4,0.4863686263561249,0.025428573921273453
COHFACE_s20_session3_natural,11,193,17.433333333333334,0.3107445538043976,0.01876736666887839
COHFACE_s20_session3_natural,11,194,17.466666666666665,0.11606689542531967,0.009717017374820499
COHFACE_s20_session3_natural,11,195,17.5,-0.09951703250408173,-0.004908346310488303
COHFACE_s20_session3_natural,11,196,17.533333333333335,-0.33202192187309265,-0.02745736408139295
COHFACE_s20_session3_natural,11,197,17.566666666666666,-0.5669394135475159,-0.05764033961027092
COHFACE_s20_session3_natural,11,198,17.6,-0.7732435464859009,-0.09141342038419009
COHFACE_s20_session3_natural,11,199,17.633333333333333,-0.9191509485244751,-0.12180686269643291
COHFACE_s20_session3_natural,11,200,17.666666666666668,-1.0055919885635376,-0.14176344582394437
COHFACE_s20_session3_natural,11,201,17.7,-1.0673474073410034,-0.14746486393925992
COHFACE_s20_session3_natural,11,202,17.733333333333334,-1.1599228382110596,-0.13988469327878364
COHFACE_s20_session3_natural,11,203,17.766666666666666,-1.230480432510376,-0.12337424255798139
COHFACE_s20_session3_natural,11,204,17.8,-1.2681511640548706,-0.10251457976134326
COHFACE_s20_session3_natural,11,205,17.833333333333332,-1.2058029174804688,-0.07983052186084091
COHFACE_s20_session3_natural,11,206,17.866666666666667,-0.7363220453262329,-0.05569472959539987
COHFACE_s20_session3_natural,11,207,17.9,0.12497613579034805,-0.029639260274255903
COHFACE_s20_session3_natural,11,208,17.933333333333334,0.909763514995575,-0.0016637274760659705
COHFACE_s20_session3_natural,11,209,17.966666666666665,1.3908627033233643,0.027158424957124373
COHFACE_s20_session3_natural,11,210,18.0,1.6213585138320923,0.05469640572577635
COHFACE_s20_session3_natural,11,211,18.033333333333335,1.6653941869735718,0.07809701724755605
COHFACE_s20_session3_natural,11,212,18.066666666666666,1.5122655630111694,0.09437308829958181
COHFACE_s20_session3_natural,11,213,18.1,1.1679010391235352,0.1013594357368743
COHFACE_s20_session3_natural,11,214,18.133333333333333,0.7895793318748474,0.0988744932438887
COHFACE_s20_session3_natural,11,215,18.166666666666668,0.5197659730911255,0.08943451278373278
COHFACE_s20_session3_natural,11,216,18.2,0.33630305528640747,0.07770871672765305
COHFACE_s20_session3_natural,11,217,18.233333333333334,0.15741829574108124,0.068466661647791
COHFACE_s20_session3_natural,11,218,18.266666666666666,-0.04872117191553116,0.06389797975802959
COHFACE_s20_session3_natural,11,219,18.3,-0.2771996259689331,0.06200582890032461
COHFACE_s20_session3_natural,11,220,18.333333333333332,-0.5099844932556152,0.05745504788684422
COHFACE_s20_session3_natural,11,221,18.366666666666667,-0.7303606271743774,0.04477345966704195
COHFACE_s20_session3_natural,11,222,18.4,-0.9199496507644653,0.022021703556761273
COHFACE_s20_session3_natural,11,223,18.433333333333334,-1.0577383041381836,-0.007564835071454563
COHFACE_s20_session3_natural,11,224,18.466666666666665,-1.137065052986145,-0.0371246431652219
COHFACE_s20_session3_natural,11,225,18.5,-1.2006155252456665,-0.059782738538188517
COHFACE_s20_session3_natural,11,226,18.533333333333335,-1.2568622827529907,-0.07172850601002369
COHFACE_s20_session3_natural,11,227,18.566666666666666,-1.2903666496276855,-0.07276495875548486
COHFACE_s20_session3_natural,11,228,18.6,-1.317061424255371,-0.06468839908862141
COHFACE_s20_session3_natural,11,229,18.633333333333333,-1.2698720693588257,-0.04957564141099288
COHFACE_s20_session3_natural,11,230,18.666666666666668,-0.8129152059555054,-0.029387449882637324
COHFACE_s20_session3_natural,11,231,18.7,0.05469851195812225,-0.006534557150338365
COHFACE_s20_session3_natural,11,232,18.733333333333334,0.8340185284614563,0.01573317099743111
COHFACE_s20_session3_natural,11,233,18.766666666666666,1.2817120552062988,0.03377635873051837
COHFACE_s20_session3_natural,11,234,18.8,1.46622896194458,0.04460819534293125
COHFACE_s20_session3_natural,11,235,18.833333333333332,1.4728573560714722,0.046773139609170754
COHFACE_s20_session3_natural,11,236,18.866666666666667,1.292235255241394,0.04054175974039089
COHFACE_s20_session3_natural,11,237,18.9,0.9570187330245972,0.027477365556614716
COHFACE_s20_session3_natural,11,238,18.933333333333334,0.630999743938446,0.009770180342674042
COHFACE_s20_session3_natural,11,239,18.966666666666665,0.42714935541152954,-0.010279775062745695
COHFACE_s20_session3_natural,12,0,12.0,0.0979766845703125,-0.01744411528288039
COHFACE_s20_session3_natural,12,1,12.033333333333333,-0.1248038038611412,2.6056356059661137
COHFACE_s20_session3_natural,12,2,12.066666666666666,-0.3449741005897522,4.818353070359315
COHFACE_s20_session3_natural,12,3,12.1,-0.5533202886581421,6.310987269671749
COHFACE_s20_session3_natural,12,4,12.133333333333333,-0.7591056823730469,6.947029060049344
COHFACE_s20_session3_natural,12,5,12.166666666666666,-0.93996661901474,6.780620574868898
COHFACE_s20_session3_natural,12,6,12.2,-1.0556138753890991,6.013811643902849
COHFACE_s20_session3_natural,12,7,12.233333333333333,-1.1429359912872314,4.917220036899768
COHFACE_s20_session3_natural,12,8,12.266666666666667,-1.2094918489456177,3.7486053792171985
COHFACE_s20_session3_natural,12,9,12.3,-1.2573069334030151,2.695453970794888
COHFACE_s20_session3_natural,12,10,12.333333333333334,-1.2903255224227905,1.8523018732797063
COHFACE_s20_session3_natural,12,11,12.366666666666667,-1.2237614393234253,1.2295783985689281
COHFACE_s20_session3_natural,12,12,12.4,-0.7482943534851074,0.7820800667261415
COHFACE_s20_session3_natural,12,13,12.433333333333334,0.13013888895511627,0.44288418262434803
COHFACE_s20_session3_natural,12,14,12.466666666666667,0.9494351744651794,0.15136396055806461
COHFACE_s20_session3_natural,12,15,12.5,1.4207769632339478,-0.13060228366431695
COHFACE_s20_session3_natural,12,16,12.533333333333333,1.4864352941513062,-0.4147620792677273
COHFACE_s20_session3_natural,12,17,12.566666666666666,1.2982213497161865,-0.6918624644869001
COHFACE_s20_session3_natural,12,18,12.6,0.972012996673584,-0.9417480554016097
COHFACE_s20_session3_natural,12,19,12.633333333333333,0.5855889320373535,-1.143917545361546
COHFACE_s20_session3_natural,12,20,12.666666666666666,0.2970348596572876,-1.2853740840088952
COHFACE_s20_session3_natural,12,21,12.7,0.15234611928462982,-1.3641262281042874
COHFACE_s20_session3_natural,12,22,12.733333333333333,0.07777855545282364,-1.3883744463363208
COHFACE_s20_session3_natural,12,23,12.766666666666667,-0.034575071185827255,-1.3727819693823857
COHFACE_s20_session3_natural,12,24,12.8,-0.22280548512935638,-1.3338240552700928
COHFACE_s20_session3_natural,12,25,12.833333333333334,-0.4532106816768646,-1.2858478988993334
COHFACE_s20_session3_natural,12,26,12.866666666666667,-0.6561883091926575,-1.2384549435056695
COHFACE_s20_session3_natural,12,27,12.9,-0.7638814449310303,-1.1949945928581727
COHFACE_s20_session3_natural,12,28,12.933333333333334,-0.8244264125823975,-1.151989160879783
COHFACE_s20_session3_natural,12,29,12.966666666666667,-0.9471467137336731,-1.0999807255022227
COHFACE_s20_session3_natural,12,30,13.0,-1.120827555656433,-1.0266913295367839
COHFACE_s20_session3_natural,12,31,13.033333333333333,-1.2695015668869019,-0.9223882010641703
COHFACE_s20_session3_natural,12,32,13.066666666666666,-1.3955320119857788,-0.7851035813774955
COHFACE_s20_session3_natural,12,33,13.1,-1.4798980951309204,-0.6222952794442124
COHFACE_s20_session3_natural,12,34,13.133333333333333,-1.4727509021759033,-0.44746583252994565
COHFACE_s20_session3_natural,12,35,13.166666666666666,-1.1981865167617798,-0.27371801223713926
COHFACE_s20_session3_natural,12,36,13.2,-0.29644259810447693,-0.10839694222285699
COHFACE_s20_session3_natural,12,37,13.233333333333333,0.7588168978691101,0.047823567856979915
COHFACE_s20_session3_natural,12,38,13.266666666666667,1.2770928144454956,0.19735136859468208
COHFACE_s20_session3_natural,12,39,13.3,1.347139835357666,0.3405405421454688
COHFACE_s20_session3_natural,12,40,13.333333333333334,1.2809628248214722,0.4723441444711632
COHFACE_s20_session3_natural,12,41,13.366666666666667,1.0888211727142334,0.5824546472536299
COHFACE_s20_session3_natural,12,42,13.4,0.654911458492279,0.6587595410173224
COHFACE_s20_session3_natural,12,43,13.433333333333334,0.090804822742939,0.6925186329071722
COHFACE_s20_session3_natural,12,44,13.466666666666667,-0.3585767447948456,0.6828332464221087
COHFACE_s20_session3_natural,12,45,13.5,-0.5887431502342224,0.638079994814105
COHFACE_s20_session3_natural,12,46,13.533333333333333,-0.7130032181739807,0.5732350030506974
COHFACE_s20_session3_natural,12,47,13.566666666666666,-0.8264355063438416,0.5040923682336257
COHFACE_s20_session3_natural,12,48,13.6,-0.9476160407066345,0.4412980679932833
COHFACE_s20_session3_natural,12,49,13.633333333333333,-1.0662111043930054,0.38737157554295976
COHFACE_s20_session3_natural,12,50,13.666666666666666,-1.1819242238998413,0.3379519755904232
COHFACE_s20_session3_natural,12,51,13.7,-1.2899137735366821,0.2860181871230144
COHFACE_s20_session3_natural,12,52,13.733333333333333,-1.3415577411651611,0.22665300617240045
COHFACE_s20_session3_natural,12,53,13.766666666666667,-1.3079463243484497,0.16014454859935184
COHFACE_s20_session3_natural,12,54,13.8,-1.23749577999115,0.09213897535422039
COHFACE_s20_session3_natural,12,55,13.833333333333334,-1.178877592086792,0.03089306860719399
COHFACE_s20_session3_natural,12,56,13.866666666666667,-1.1497125625610352,-0.016863874646394755
COHFACE_s20_session3_natural,12,57,13.9,-1.1461472511291504,-0.04913356247853665
COHFACE_s20_session3_natural,12,58,13.933333333333334,-1.0462764501571655,-0.06906918247144027
COHFACE_s20_session3_natural,12,59,13.966666666666667,-0.41932758688926697,-0.08244280666309187
COHFACE_s20_session3_natural,12,60,14.0,0.5737401247024536,-0.09394391069634381
COHFACE_s20_session3_natural,12,61,14.033333333333333,1.2183181047439575,-0.10477640183888323
COHFACE_s20_session3_natural,12,62,14.066666666666666,1.5068721771240234,-0.11275935884497934
COHFACE_s20_session3_natural,12,63,14.1,1.6459124088287354,-0.11429691258000127
COHFACE_s20_session3_natural,12,64,14.133333333333333,1.6573494672775269,-0.1067845997071308
COHFACE_s20_session3_natural,12,65,14.166666666666666,1.495377540588379,-0.09027480977264894
COHFACE_s20_session3_natural,12,66,14.2,1.186650037765503,-0.06780920702492298
COHFACE_s20_session3_natural,12,67,14.233333333333333,0.8750817179679871,-0.044429784232648956
COHFACE_s20_session3_natural,12,68,14.266666666666667,0.6636642217636108,-0.02541594853253915
COHFACE_s20_session3_natural,12,69,14.3,0.5365139842033386,-0.014590081026919326
COHFACE_s20_session3_natural,12,70,14.333333333333334,0.40564200282096863,-0.01344932036035723
COHFACE_s20_session3_natural,12,71,14.366666666666667,0.24160324037075043,-0.021440765495998836
COHFACE_s20_session3_natural,12,72,14.4,0.05079557001590729,-0.03708090015103222
COHFACE_s20_session3_natural,12,73,14.433333333333334,-0.17123562097549438,-0.05911471799594018
COHFACE_s20_session3_natural,12,74,14.466666666666667,-0.38804641366004944,-0.08681991998841634
COHFACE_s20_session3_natural,12,75,14.5,-0.5658937096595764,-0.11909659124357616
COHFACE_s20_session3_natural,12,76,14.533333333333333,-0.6828172206878662,-0.15295632923235805
COHFACE_s20_session3_natural,12,77,14.566666666666666,-0.7892505526542664,-0.18269318791638867
COHFACE_s20_session3_natural,12,78,14.6,-0.9023122787475586,-0.20075552763103133
COHFACE_s20_session3_natural,12,79,14.633333333333333,-0.9938337802886963,-0.2002799540761112
COHFACE_s20_session3_natural,12,80,14.666666666666666,-1.0770224332809448,-0.17808270749767344
COHFACE_s20_session3_natural,12,81,14.7,-1.084194302558899,-0.13644753427582293
COHFACE_s20_session3_natural,12,82,14.733333333333333,-0.6928545236587524,-0.08268326832882775
COHFACE_s20_session3_natural,12,83,14.766666666666667,0.18132998049259186,-0.026679115829327176
COHFACE_s20_session3_natural,12,84,14.8,1.0031870603561401,0.022290521462294557
COHFACE_s20_session3_natural,12,85,14.833333333333334,1.4774272441864014,0.058096913479314595
COHFACE_s20_session3_natural,12,86,14.866666666666667,1.7120400667190552,0.07891728030568002
COHFACE_s20_session3_natural,12,87,14.9,1.8020299673080444,0.08712493169738485
COHFACE_s20_session3_natural,12,88,14.933333333333334,1.7159429788589478,0.08824120871610629
COHFACE_s20_session3_natural,12,89,14.966666666666667,1.4115219116210938,0.08918046536332931
COHFACE_s20_session3_natural,12,90,15.0,1.0339412689208984,0.09608065312221259
COHFACE_s20_session3_natural,12,91,15.033333333333333,0.7489113807678223,0.11221801677067608
COHFACE_s20_session3_natural,12,92,15.066666666666666,0.5543324947357178,0.13663032233601669
COHFACE_s20_session3_natural,12,93,15.1,0.37622174620628357,0.16408800239332183
COHFACE_s20_session3_natural,12,94,15.133333333333333,0.18144525587558746,0.18685096120866498
COHFACE_s20_session3_natural,12,95,15.166666666666666,-0.01709417998790741,0.1978358993381075
COHFACE_s20_session3_natural,12,96,15.2,-0.21892723441123962,0.19357595981800513
COHFACE_s20_session3_natural,12,97,15.233333333333333,-0.4273310601711273,0.17506245062877443
COHFACE_s20_session3_natural,12,98,15.266666666666667,-0.5967631340026855,0.14603456991144062
COHFACE_s20_session3_natural,12,99,15.3,-0.7054361701011658,0.1102099312188977
COHFACE_s20_session3_natural,12,100,15.333333333333334,-0.7637579441070557,0.06954460666277823
COHFACE_s20_session3_natural,12,101,15.366666666666667,-0.8202270269393921,0.02449871517312134
COHFACE_s20_session3_natural,12,102,15.4,-0.9050542712211609,-0.024554619722709756
COHFACE_s20_session3_natural,12,103,15.433333333333334,-0.997382640838623,-0.07643807765724481
COHFACE_s20_session3_natural,12,104,15.466666666666667,-1.0598872900009155,-0.12938988415945843
COHFACE_s20_session3_natural,12,105,15.5,-0.9140705466270447,-0.18149498811374598
COHFACE_s20_session3_natural,12,106,15.533333333333333,-0.278961718082428,-0.23026774421157928
COHFACE_s20_session3_natural,12,107,15.566666666666666,0.5847408175468445,-0.2714940910353806
COHFACE_s20_session3_natural,12,108,15.6,1.1998162269592285,-0.2987181050162966
COHFACE_s20_session3_natural,12,109,15.633333333333333,1.4812066555023193,-0.3047569006610355
COHFACE_s20_session3_natural,12,110,15.666666666666666,1.5456875562667847,-0.2849846364332216
COHFACE_s20_session3_natural,12,111,15.7,1.4512100219726562,-0.24028417548097025
COHFACE_s20_session3_natural,12,112,15.733333333333333,1.184048056602478,-0.17729789540791008
COHFACE_s20_session3_natural,12,113,15.766666666666667,0.8333515524864197,-0.10538896086871237
COHFACE_s20_session3_natural,12,114,15.8,0.5884626507759094,-0.032385829510131275
COHFACE_s20_session3_natural,12,115,15.833333333333334,0.47410812973976135,0.037764774432087596
COHFACE_s20_session3_natural,12,116,15.866666666666667,0.38706597685813904,0.10413712943648029
COHFACE_s20_session3_natural,12,117,15.9,0.23566648364067078,0.16613680031095415
COHFACE_s20_session3_natural,12,118,15.933333333333334,0.031107954680919647,0.22131472160121926
COHFACE_s20_session3_natural,12,119,15.966666666666667,-0.190396249294281,0.26506524256305225
COHFACE_s20_session3_natural,12,120,16.0,-0.41693970561027527,0.29201259159398646
COHFACE_s20_session3_natural,12,121,16.033333333333335,-0.6136264801025391,0.2979433726688558
COHFACE_s20_session3_natural,12,122,16.066666666666666,-0.7545440196990967,0.2813236109880116
COHFACE_s20_session3_natural,12,123,16.1,-0.8325781226158142,0.24410545379989126
COHFACE_s20_session3_natural,12,124,16.133333333333333,-0.8925055265426636,0.1918334975645917
COHFACE_s20_session3_natural,12,125,16.166666666666668,-0.9634336829185486,0.13294098346934471
COHFACE_s20_session3_natural,12,126,16.2,-1.0341724157333374,0.07699309188675278
COHFACE_s20_session3_natural,12,127,16.233333333333334,-1.0920330286026,0.03185587942769046
COHFACE_s20_session3_natural,12,128,16.266666666666666,-1.0326985120773315,0.0004694339244338782
COHFACE_s20_session3_natural,12,129,16.3,-0.5410680174827576,-0.021144187375628332
COHFACE_s20_session3_natural,12,130,16.333333333333332,0.31473806500434875,-0.04259170060897704
COHFACE_s20_session3_natural,12,131,16.366666666666667,1.045320749282837,-0.07389580882572101
COHFACE_s20_session3_natural,12,132,16.4,1.4570891857147217,-0.11883066565662422
COHFACE_s20_session3_natural,12,133,16.433333333333334,1.617356777191162,-0.17124701048741273
COHFACE_s20_session3_natural,12,134,16.466666666666665,1.594342589378357,-0.2172523889010934
COHFACE_s20_session3_natural,12,135,16.5,1.406449794769287,-0.24212731927863254
COHFACE_s20_session3_natural,12,136,16.533333333333335,1.0766924619674683,-0.23754441539629315
COHFACE_s20_session3_natural,12,137,16.566666666666666,0.7533248066902161,-0.2046710145795102
COHFACE_s20_session3_natural,12,138,16.6,0.5599563717842102,-0.15223345308793615
COHFACE_s20_session3_natural,12,139,16.633333333333333,0.42767632007598877,-0.09214398391859105
COHFACE_s20_session3_natural,12,140,16.666666666666668,0.2670217454433441,-0.03568289160010183
COHFACE_s20_session3_natural,12,141,16.7,0.0699397400021553,0.008615460228361425
COHFACE_s20_session3_natural,12,142,16.733333333333334,-0.14720042049884796,0.035809169791392446
COHFACE_s20_session3_natural,12,143,16.766666666666666,-0.36060231924057007,0.04485670948293324
COHFACE_s20_session3_natural,12,144,16.8,-0.5730078816413879,0.03847750097833879
COHFACE_s20_session3_natural,12,145,16.833333333333332,-0.7573765516281128,0.022181929302144
COHFACE_s20_session3_natural,12,146,16.866666666666667,-0.8788699507713318,0.0024969283035650583
COHFACE_s20_session3_natural,12,147,16.9,-0.9580156803131104,-0.01486524007061316
COHFACE_s20_session3_natural,12,148,16.933333333333334,-1.0285073518753052,-0.026026682491777687
COHFACE_s20_session3_natural,12,149,16.966666666666665,-1.1030420064926147,-0.028917481270570904
COHFACE_s20_session3_natural,12,150,17.0,-1.1796187162399292,-0.022813981496380583
COHFACE_s20_session3_natural,12,151,17.033333333333335,-1.1742088794708252,-0.008219862700837787
COHFACE_s20_session3_natural,12,152,17.066666666666666,-0.8252745270729065,0.012924620099241323
COHFACE_s20_session3_natural,12,153,17.1,-0.03022749163210392,0.037442682076288133
COHFACE_s20_session3_natural,12,154,17.133333333333333,0.8079412579536438,0.0619538151219601
COHFACE_s20_session3_natural,12,155,17.166666666666668,1.3674615621566772,0.08425690573127205
COHFACE_s20_session3_natural,12,156,17.2,1.6525572538375854,0.10407425604538176
COHFACE_s20_session3_natural,12,157,17.233333333333334,1.7404475212097168,0.12250351617530748
COHFACE_s20_session3_natural,12,158,17.266666666666666,1.6447101831436157,0.14047062917360129
COHFACE_s20_session3_natural,12,159,17.3,1.3527966737747192,0.15725725188198428
COHFACE_s20_session3_natural,12,160,17.333333333333332,0.9700862169265747,0.170120290697615
COHFACE_s20_session3_natural,12,161,17.366666666666667,0.67743980884552,0.17517314405878437
COHFACE_s20_session3_natural,12,162,17.4,0.4863686263561249,0.16871330094406814
COHFACE_s20_session3_natural,12,163,17.433333333333334,0.3107445538043976,0.1479849557389163
COHFACE_s20_session3_natural,12,164,17.466666666666665,0.11606689542531967,0.11124406408512669
COHFACE_s20_session3_natural,12,165,17.5,-0.09951703250408173,0.05793620711951286
COHFACE_s20_session3_natural,12,166,17.533333333333335,-0.33202192187309265,-0.010287935992816709
COHFACE_s20_session3_natural,12,167,17.566666666666666,-0.5669394135475159,-0.08803323672456297
COHFACE_s20_session3_natural,12,168,17.6,-0.7732435464859009,-0.16549043810721634
COHFACE_s20_session3_natural,12,169,17.633333333333333,-0.9191509485244751,-0.23007709981100613
COHFACE_s20_session3_natural,12,170,17.666666666666668,-1.0055919885635376,-0.2704456126240132
COHFACE_s20_session3_natural,12,171,17.7,-1.0673474073410034,-0.2809645225167843
COHFACE_s20_session3_natural,12,172,17.733333333333334,-1.1599228382110596,-0.2637902845234617
COHFACE_s20_session3_natural,12,173,17.766666666666666,-1.230480432510376,-0.2269086401816502
COHFACE_s20_session3_natural,12,174,17.8,-1.2681511640548706,-0.17959575409013595
COHFACE_s20_session3_natural,12,175,17.833333333333332,-1.2058029174804688,-0.12863163706370354
COHFACE_s20_session3_natural,12,176,17.866666666666667,-0.7363220453262329,-0.07724662510990588
COHFACE_s20_session3_natural,12,177,17.9,0.12497613579034805,-0.026233373256703368
COHFACE_s20_session3_natural,12,178,17.933333333333334,0.909763514995575,0.02431316385566878
COHFACE_s20_session3_natural,12,179,17.966666666666665,1.3908627033233643,0.07364897271091943
COHFACE_s20_session3_natural,12,180,18.0,1.6213585138320923,0.11978372913378942
COHFACE_s20_session3_natural,12,181,18.033333333333335,1.6653941869735718,0.15963748937508643
COHFACE_s20_session3_natural,12,182,18.066666666666666,1.5122655630111694,0.18979465166367548
COHFACE_s20_session3_natural,12,183,18.1,1.1679010391235352,0.20759290187332405
COHFACE_s20_session3_natural,12,184,18.133333333333333,0.7895793318748474,0.2121613918595858
COHFACE_s20_session3_natural,12,185,18.166666666666668,0.5197659730911255,0.20490520024837108
COHFACE_s20_session3_natural,12,186,18.2,0.33630305528640747,0.18896796162420867
COHFACE_s20_session3_natural,12,187,18.233333333333334,0.15741829574108124,0.16761617656872704
COHFACE_s20_session3_natural,12,188,18.266666666666666,-0.04872117191553116,0.1422475604855057
COHFACE_s20_session3_natural,12,189,18.3,-0.2771996259689331,0.1113085333565595
COHFACE_s20_session3_natural,12,190,18.333333333333332,-0.5099844932556152,0.07121180367265317
COHFACE_s20_session3_natural,12,191,18.366666666666667,-0.7303606271743774,0.019174463152662725
COHFACE_s20_session3_natural,12,192,18.4,-0.9199496507644653,-0.04368383076578887
COHFACE_s20_session3_natural,12,193,18.433333333333334,-1.0577383041381836,-0.111238567550569
COHFACE_s20_session3_natural,12,194,18.466666666666665,-1.137065052986145,-0.17427171439637382
COHFACE_s20_session3_natural,12,195,18.5,-1.2006155252456665,-0.22423658683171546
COHFACE_s20_session3_natural,12,196,18.533333333333335,-1.2568622827529907,-0.2563089560095731
COHFACE_s20_session3_natural,12,197,18.566666666666666,-1.2903666496276855,-0.26978827474530825
COHFACE_s20_session3_natural,12,198,18.6,-1.317061424255371,-0.26627713775231954
COHFACE_s20_session3_natural,12,199,18.633333333333333,-1.2698720693588257,-0.24776707150486751
COHFACE_s20_session3_natural,12,200,18.666666666666668,-0.8129152059555054,-0.21605165570766338
COHFACE_s20_session3_natural,12,201,18.7,0.05469851195812225,-0.17315507670405816
COHFACE_s20_session3_natural,12,202,18.733333333333334,0.8340185284614563,-0.12178023790388998
COHFACE_s20_session3_natural,12,203,18.766666666666666,1.2817120552062988,-0.0652276130080813
COHFACE_s20_session3_natural,12,204,18.8,1.46622896194458,-0.006886456452546112
COHFACE_s20_session3_natural,12,205,18.833333333333332,1.4728573560714722,0.050286383824010385
COHFACE_s20_session3_natural,12,206,18.866666666666667,1.292235255241394,0.10399876147591625
COHFACE_s20_session3_natural,12,207,18.9,0.9570187330245972,0.15258941403245116
COHFACE_s20_session3_natural,12,208,18.933333333333334,0.630999743938446,0.1949583607724596
COHFACE_s20_session3_natural,12,209,18.966666666666665,0.42714935541152954,0.23058091914955783
COHFACE_s20_session3_natural,12,210,19.0,0.29892870783805847,0.25938737724904964
COHFACE_s20_session3_natural,12,211,19.033333333333335,0.16291041672229767,0.2811599458416259
COHFACE_s20_session3_natural,12,212,19.066666666666666,-0.008769555017352104,0.29447199102832117
COHFACE_s20_session3_natural,12,213,19.1,-0.21324574947357178,0.29580427491622757
COHFACE_s20_session3_natural,12,214,19.133333333333333,-0.4312175512313843,0.279765797548691
COHFACE_s20_session3_natural,12,215,19.166666666666668,-0.6397119760513306,0.24088971740069567
COHFACE_s20_session3_natural,12,216,19.2,-0.8152124881744385,0.17637165269185354
COHFACE_s20_session3_natural,12,217,19.233333333333334,-0.9475831389427185,0.08822303572747364
COHFACE_s20_session3_natural,12,218,19.266666666666666,-1.0236986875534058,-0.016513866583248115
COHFACE_s20_session3_natural,12,219,19.3,-1.0748815536499023,-0.12750757104668622
COHFACE_s20_session3_natural,12,220,19.333333333333332,-1.1299673318862915,-0.23328077526587296
COHFACE_s20_session3_natural,12,221,19.366666666666667,-1.1772308349609375,-0.322163823668679
COHFACE_s20_session3_natural,12,222,19.4,-1.215807318687439,-0.38243842106254067
COHFACE_s20_session3_natural,12,223,19.433333333333334,-1.168519139289856,-0.403574302889213
COHFACE_s20_session3_natural,12,224,19.466666666666665,-0.7499082684516907,-0.3793903174976707
COHFACE_s20_session3_natural,12,225,19.5,0.081426240503788,-0.31160099198138425
COHFACE_s20_session3_natural,12,226,19.533333333333335,0.8783177137374878,-0.21108417079921776
COHFACE_s20_session3_natural,12,227,19.566666666666666,1.3527307510375977,-0.09540302508384876
COHFACE_s20_session3_natural,12,228,19.6,1.5546132326126099,0.01622818909466569
COHFACE_s20_session3_natural,12,229,19.633333333333333,1.5933709144592285,0.10773752157452078
COHFACE_s20_session3_natural,12,230,19.666666666666668,1.461164951324463,0.16893132755308396
COHFACE_s20_session3_natural,12,231,19.7,1.154660701751709,0.19628831027295565
COHFACE_s20_session3_natural,12,232,19.733333333333334,0.8171716332435608,0.1926313277174018
COHFACE_s20_session3_natural,12,233,19.766666666666666,0.5846255421638489,0.1660668186606401
COHFACE_s20_session3_natural,12,234,19.8,0.42241474986076355,0.1281389372822066
COHFACE_s20_session3_natural,12,235,19.833333333333332,0.2673511207103729,0.0911691076841653
COHFACE_s20_session3_natural,12,236,19.866666666666667,0.08554326742887497,0.0651547862413926
COHFACE_s20_session3_natural,12,237,19.9,-0.1365455538034439,0.05505854688370063
COHFACE_s20_session3_natural,12,238,19.933333333333334,-0.3749954402446747,0.059464895823118646
COHFACE_s20_session3_natural,12,239,19.966666666666665,-0.5899288654327393,0.07122832342480886
COHFACE_s20_session3_natural,13,0,13.0,-1.120827555656433,-0.003738688549075223
COHFACE_s20_session3_natural,13,1,13.033333333333333,-1.2695015668869019,2.568840037251742
COHFACE_s20_session3_natural,13,2,13.066666666666666,-1.3955320119857788,4.745514816624689
COHFACE_s20_session3_natural,13,3,13.1,-1.4798980951309204,6.226030516786322
COHFACE_s20_session3_natural,13,4,13.133333333333333,-1.4727509021759033,6.875855631828594
COHFACE_s20_session3_natural,13,5,13.166666666666666,-1.1981865167617798,6.744485011707613
COHFACE_s20_session3_natural,13,6,13.2,-0.29644259810447693,6.026074454028319
COHFACE_s20_session3_natural,13,7,13.233333333333333,0.7588168978691101,4.9834787679050265
COHFACE_s20_session3_natural,13,8,13.266666666666667,1.2770928144454956,3.868323492765255
COHFACE_s20_session3_natural,13,9,13.3,1.347139835357666,2.8631631118080185
COHFACE_s20_session3_natural,13,10,13.333333333333334,1.2809628248214722,2.0576494249655672
COHFACE_s20_session3_natural,13,11,13.366666666666667,1.0888211727142334,1.456838363762251
COHFACE_s20_session3_natural,13,12,13.4,0.654911458492279,1.010491080439614
COHFACE_s20_session3_natural,13,13,13.433333333333334,0.090804822742939,0.6489636222035181
COHFACE_s20_session3_natural,13,14,13.466666666666667,-0.3585767447948456,0.31323723403559073
COHFACE_s20_session3_natural,13,15,13.5,-0.5887431502342224,-0.02828836882275107
COHFACE_s20_session3_natural,13,16,13.533333333333333,-0.7130032181739807,-0.3777321682179247
COHFACE_s20_session3_natural,13,17,13.566666666666666,-0.8264355063438416,-0.716841241776479
COHFACE_s20_session3_natural,13,18,13.6,-0.9476160407066345,-1.0206573456774837
COHFACE_s20_session3_natural,13,19,13.633333333333333,-1.0662111043930054,-1.2690923317278735
COHFACE_s20_session3_natural,13,20,13.666666666666666,-1.1819242238998413,-1.4526167026332468
COHFACE_s20_session3_natural,13,21,13.7,-1.2899137735366821,-1.5719463783073704
COHFACE_s20_session3_natural,13,22,13.733333333333333,-1.3415577411651611,-1.6340031868338902
COHFACE_s20_session3_natural,13,23,13.766666666666667,-1.3079463243484497,-1.6471338646146017
COHFACE_s20_session3_natural,13,24,13.8,-1.23749577999115,-1.6180945594435137
COHFACE_s20_session3_natural,13,25,13.833333333333334,-1.178877592086792,-1.5518923359462533
COHFACE_s20_session3_natural,13,26,13.866666666666667,-1.1497125625610352,-1.4536742597234025
COHFACE_s20_session3_natural,13,27,13.9,-1.1461472511291504,-1.3305712082919798
COHFACE_s20_session3_natural,13,28,13.933333333333334,-1.0462764501571655,-1.1916254916685323
COHFACE_s20_session3_natural,13,29,13.966666666666667,-0.41932758688926697,-1.0455126972131599
COHFACE_s20_session3_natural,13,30,14.0,0.5737401247024536,-0.8976464859663175
COHFACE_s20_session3_natural,13,31,14.033333333333333,1.2183181047439575,-0.7489065376391237
COHFACE_s20_session3_natural,13,32,14.066666666666666,1.5068721771240234,-0.5969919734742213
COHFACE_s20_session3_natural,13,33,14.1,1.6459124088287354,-0.43947407541989925
COHFACE_s20_session3_natural,13,34,14.133333333333333,1.6573494672775269,-0.27662589389522296
COHFACE_s20_session3_natural,13,35,14.166666666666666,1.495377540588379,-0.11250329139031932
COHFACE_s20_session3_natural,13,36,14.2,1.186650037765503,0.04598619996231301
COHFACE_s20_session3_natural,13,37,14.233333333333333,0.8750817179679871,0.19113642421520108
COHFACE_s20_session3_natural,13,38,14.266666666666667,0.6636642217636108,0.31640411927672135
COHFACE_s20_session3_natural,13,39,14.3,0.5365139842033386,0.4174742636465481
COHFACE_s20_session3_natural,13,40,14.333333333333334,0.40564200282096863,0.49227014158037646
COHFACE_s20_session3_natural,13,41,14.366666666666667,0.24160324037075043,0.5402940655208179
COHFACE_s20_session3_natural,13,42,14.4,0.05079557001590729,0.5619516931066785
COHFACE_s20_session3_natural,13,43,14.433333333333334,-0.17123562097549438,0.5584103423356509
COHFACE_s20_session3_natural,13,44,14.466666666666667,-0.38804641366004944,0.5321214341180389
COHFACE_s20_session3_natural,13,45,14.5,-0.5658937096595764,0.48761633991515646
COHFACE_s20_session3_natural,13,46,14.533333333333333,-0.6828172206878662,0.4318550616665347
COHFACE_s20_session3_natural,13,47,14.566666666666666,-0.7892505526542664,0.37351480036966767
COHFACE_s20_session3_natural,13,48,14.6,-0.9023122787475586,0.3211672228847804
COHFACE_s20_session3_natural,13,49,14.633333333333333,-0.9938337802886963,0.28098480639206297
COHFACE_s20_session3_natural,13,50,14.666666666666666,-1.0770224332809448,0.2550055478043614
COHFACE_s20_session3_natural,13,51,14.7,-1.084194302558899,0.24080772972357856
COHFACE_s20_session3_natural,13,52,14.733333333333333,-0.6928545236587524,0.232753402555665
COHFACE_s20_session3_natural,13,53,14.766666666666667,0.18132998049259186,0.22415940937984088
COHFACE_s20_session3_natural,13,54,14.8,1.0031870603561401,0.2093530804650209
COHFACE_s20_session3_natural,13,55,14.833333333333334,1.4774272441864014,0.18486676550784975
COHFACE_s20_session3_natural,13,56,14.866666666666667,1.7120400667190552,0.14981261621802455
COHFACE_s20_session3_natural,13,57,14.9,1.8020299673080444,0.10592686293598655
COHFACE_s20_session3_natural,13,58,14.933333333333334,1.7159429788589478,0.05741406966566263
COHFACE_s20_session3_natural,13,59,14.966666666666667,1.4115219116210938,0.010277908668833447
COHFACE_s20_session3_natural,13,60,15.0,1.0339412689208984,-0.028979964146697207
COHFACE_s20_session3_natural,13,61,15.033333333333333,0.7489113807678223,-0.05502834611011168
COHFACE_s20_session3_natural,13,62,15.066666666666666,0.5543324947357178,-0.06544503164814182
COHFACE_s20_session3_natural,13,63,15.1,0.37622174620628357,-0.06205725068914421
COHFACE_s20_session3_natural,13,64,15.133333333333333,0.18144525587558746,-0.050876481915181876
COHFACE_s20_session3_natural,13,65,15.166666666666666,-0.01709417998790741,-0.03990275451604597
COHFACE_s20_session3_natural,13,66,15.2,-0.21892723441123962,-0.03575008912673518
COHFACE_s20_session3_natural,13,67,15.233333333333333,-0.4273310601711273,-0.041268849696177716
COHFACE_s20_session3_natural,13,68,15.266666666666667,-0.5967631340026855,-0.055463371595174685
COHFACE_s20_session3_natural,13,69,15.3,-0.7054361701011658,-0.07513455675774584
COHFACE_s20_session3_natural,13,70,15.333333333333334,-0.7637579441070557,-0.09674903455414696
COHFACE_s20_session3_natural,13,71,15.366666666666667,-0.8202270269393921,-0.11753728727808299
COHFACE_s20_session3_natural,13,72,15.4,-0.9050542712211609,-0.1359764992629637
COHFACE_s20_session3_natural,13,73,15.433333333333334,-0.997382640838623,-0.15227421636340635
COHFACE_s20_session3_natural,13,74,15.466666666666667,-1.0598872900009155,-0.16868268150765112
COHFACE_s20_session3_natural,13,75,15.5,-0.9140705466270447,-0.18869282264948944
COHFACE_s20_session3_natural,13,76,15.533333333333333,-0.278961718082428,-0.21468917990422842
COHFACE_s20_session3_natural,13,77,15.566666666666666,0.5847408175468445,-0.2450760042665081
COHFACE_s20_session3_natural,13,78,15.6,1.1998162269592285,-0.2728918227609376
COHFACE_s20_session3_natural,13,79,15.633333333333333,1.4812066555023193,-0.2875009910586219
COHFACE_s20_session3_natural,13,80,15.666666666666666,1.5456875562667847,-0.27905054356973846
COHFACE_s20_session3_natural,13,81,15.7,1.4512100219726562,-0.24326405128037956
COHFACE_s20_session3_natural,13,82,15.733333333333333,1.184048056602478,-0.18345866158171775
COHFACE_s20_session3_natural,13,83,15.766666666666667,0.8333515524864197,-0.10837116957938817
COHFACE_s20_session3_natural,13,84,15.8,0.5884626507759094,-0.027621626369412462
COHFACE_s20_session3_natural,13,85,15.833333333333334,0.47410812973976135,0.051620925914403065
COHFACE_s20_session3_natural,13,86,15.866666666666667,0.38706597685813904,0.12489206685952858
COHFACE_s20_session3_natural,13,87,15.9,0.23566648364067078,0.1887126022078756
COHFACE_s20_session3_natural,13,88,15.933333333333334,0.031107954680919647,0.23924647147232025
COHFACE_s20_session3_natural,13,89,15.966666666666667,-0.190396249294281,0.27268212744887343
COHFACE_s20_session3_natural,13,90,16.0,-0.41693970561027527,0.28679160159634753
COHFACE_s20_session3_natural,13,91,16.033333333333335,-0.6136264801025391,0.282139513795251
COHFACE_s20_session3_natural,13,92,16.066666666666666,-0.7545440196990967,0.2621264432714246
COHFACE_s20_session3_natural,13,93,16.1,-0.8325781226158142,0.23221634139800282
COHFACE_s20_session3_natural,13,94,16.133333333333333,-0.8925055265426636,0.19889977768492934
COHFACE_s20_session3_natural,13,95,16.166666666666668,-0.9634336829185486,0.16848461069218987
COHFACE_s20_session3_natural,13,96,16.2,-1.0341724157333374,0.14559674696783592
COHFACE_s20_session3_natural,13,97,16.233333333333334,-1.0920330286026,0.1314841626237468
COHFACE_s20_session3_natural,13,98,16.266666666666666,-1.0326985120773315,0.12262489462051802
COHFACE_s20_session3_natural,13,99,16.3,-0.5410680174827576,0.11064972934195096
COHFACE_s20_session3_natural,13,100,16.333333333333332,0.31473806500434875,0.08479017540111357
COHFACE_s20_session3_natural,13,101,16.366666666666667,1.045320749282837,0.03693569857778015
COHFACE_s20_session3_natural,13,102,16.4,1.4570891857147217,-0.033013188723442305
COHFACE_s20_session3_natural,13,103,16.433333333333334,1.617356777191162,-0.11510070256319742
COHFACE_s20_session3_natural,13,104,16.466666666666665,1.594342589378357,-0.19248223290762478
COHFACE_s20_session3_natural,13,105,16.5,1.406449794769287,-0.24828247364361886
COHFACE_s20_session3_natural,13,106,16.533333333333335,1.0766924619674683,-0.2721933428001361
COHFACE_s20_session3_natural,13,107,16.566666666666666,0.7533248066902161,-0.2632426091009118
COHFACE_s20_session3_natural,13,108,16.6,0.5599563717842102,-0.228128624383266
COHFACE_s20_session3_natural,13,109,16.633333333333333,0.42767632007598877,-0.1773673058099512
COHFACE_s20_session3_natural,13,110,16.666666666666668,0.2670217454433441,-0.12186389949458028
COHFACE_s20_session3_natural,13,111,16.7,0.0699397400021553,-0.0709806754744847
COHFACE_s20_session3_natural,13,112,16.733333333333334,-0.14720042049884796,-0.031641015638129384
COHFACE_s20_session3_natural,13,113,16.766666666666666,-0.36060231924057007,-0.007642562455295706
COHFACE_s20_session3_natural,13,114,16.8,-0.5730078816413879,0.0009031859667544802
COHFACE_s20_session3_natural,13,115,16.833333333333332,-0.7573765516281128,-0.0025967456125543624
COHFACE_s20_session3_natural,13,116,16.866666666666667,-0.8788699507713318,-0.012402478301011823
COHFACE_s20_session3_natural,13,117,16.9,-0.9580156803131104,-0.022170877994385718
COHFACE_s20_session3_natural,13,118,16.933333333333334,-1.0285073518753052,-0.02648740338186796
COHFACE_s20_session3_natural,13,119,16.966666666666665,-1.1030420064926147,-0.021802931658320635
COHFACE_s20_session3_natural,13,120,17.0,-1.1796187162399292,-0.006882862193119114
COHFACE_s20_session3_natural,13,121,17.033333333333335,-1.1742088794708252,0.016978008914790073
COHFACE_s20_session3_natural,13,122,17.066666666666666,-0.8252745270729065,0.0460660071132023
COHFACE_s20_session3_natural,13,123,17.1,-0.03022749163210392,0.07507238756644395
COHFACE_s20_session3_natural,13,124,17.133333333333333,0.8079412579536438,0.0987455248361546
COHFACE_s20_session3_natural,13,125,17.166666666666668,1.3674615621566772,0.11382446466700166
COHFACE_s20_session3_natural,13,126,17.2,1.6525572538375854,0.120228589550473
COHFACE_s20_session3_natural,13,127,17.233333333333334,1.7404475212097168,0.12067315143989713
COHFACE_s20_session3_natural,13,128,17.266666666666666,1.6447101831436157,0.11878776174991743
COHFACE_s20_session3_natural,13,129,17.3,1.3527966737747192,0.1168215115766121
COHFACE_s20_session3_natural,13,130,17.333333333333332,0.9700862169265747,0.11435408735662231
COHFACE_s20_session3_natural,13,131,17.366666666666667,0.67743980884552,0.1087384263382542
COHFACE_s20_session3_natural,13,132,17.4,0.4863686263561249,0.09668416722132689
COHFACE_s20_session3_natural,13,133,17.433333333333334,0.3107445538043976,0.07568599542375413
COHFACE_s20_session3_natural,13,134,17.466666666666665,0.11606689542531967,0.04463371022817004
COHFACE_s20_session3_natural,13,135,17.5,-0.09951703250408173,0.00400100199730408
COHFACE_s20_session3_natural,13,136,17.533333333333335,-0.33202192187309265,-0.04373866799067729
COHFACE_s20_session3_natural,13,137,17.566666666666666,-0.5669394135475159,-0.09350303353898023
COHFACE_s20_session3_natural,13,138,17.6,-0.7732435464859009,-0.13769678723772966
COHFACE_s20_session3_natural,13,139,17.633333333333333,-0.9191509485244751,-0.1679267131142414
COHFACE_s20_session3_natural,13,140,17.666666666666668,-1.0055919885635376,-0.1780641644393365
COHFACE_s20_session3_natural,13,141,17.7,-1.0673474073410034,-0.16699498791317324
COHFACE_s20_session3_natural,13,142,17.733333333333334,-1.1599228382110596,-0.1391368128513895
COHFACE_s20_session3_natural,13,143,17.766666666666666,-1.230480432510376,-0.10214219201792758
COHFACE_s20_session3_natural,13,144,17.8,-1.2681511640548706,-0.06332997384076898
COHFACE_s20_session3_natural,13,145,17.833333333333332,-1.2058029174804688,-0.02727939047553056
COHFACE_s20_session3_natural,13,146,17.866666666666667,-0.7363220453262329,0.004359071899948431
COHFACE_s20_session3_natural,13,147,17.9,0.12497613579034805,0.031702779291390176
COHFACE_s20_session3_natural,13,148,17.933333333333334,0.909763514995575,0.055437358002253884
COHFACE_s20_session3_natural,13,149,17.966666666666665,1.3908627033233643,0.0761352135288547
COHFACE_s20_session3_natural,13,150,18.0,1.6213585138320923,0.09395016560987188
COHFACE_s20_session3_natural,13,151,18.033333333333335,1.6653941869735718,0.10843038407411239
COHFACE_s20_session3_natural,13,152,18.066666666666666,1.5122655630111694,0.11849408681916522
COHFACE_s20_session3_natural,13,153,18.1,1.1679010391235352,0.12281751546969455
COHFACE_s20_session3_natural,13,154,18.133333333333333,0.7895793318748474,0.12062937515674474
COHFACE_s20_session3_natural,13,155,18.166666666666668,0.5197659730911255,0.11241142125747332
COHFACE_s20_session3_natural,13,156,18.2,0.33630305528640747,0.09978310248275982
COHFACE_s20_session3_natural,13,157,18.233333333333334,0.15741829574108124,0.08427862847408459
COHFACE_s20_session3_natural,13,158,18.266666666666666,-0.04872117191553116,0.06568909709167979
COHFACE_s20_session3_natural,13,159,18.3,-0.2771996259689331,0.04135200192584083
COHFACE_s20_session3_natural,13,160,18.333333333333332,-0.5099844932556152,0.0074617024019535405
COHFACE_s20_session3_natural,13,161,18.366666666666667,-0.7303606271743774,-0.03788125354778517
COHFACE_s20_session3_natural,13,162,18.4,-0.9199496507644653,-0.09176836318884427
COHFACE_s20_session3_natural,13,163,18.433333333333334,-1.0577383041381836,-0.14607720402323912
COHFACE_s20_session3_natural,13,164,18.466666666666665,-1.137065052986145,-0.1904636174979072
COHFACE_s20_session3_natural,13,165,18.5,-1.2006155252456665,-0.21717448966281103
COHFACE_s20_session3_natural,13,166,18.533333333333335,-1.2568622827529907,-0.22442453752336008
COHFACE_s20_session3_natural,13,167,18.566666666666666,-1.2903666496276855,-0.21592135546814933
COHFACE_s20_session3_natural,13,168,18.6,-1.317061424255371,-0.19730340070943994
COHFACE_s20_session3_natural,13,169,18.633333333333333,-1.2698720693588257,-0.17264473865460603
COHFACE_s20_session3_natural,13,170,18.666666666666668,-0.8129152059555054,-0.14333385120496553
COHFACE_s20_session3_natural,13,171,18.7,0.05469851195812225,-0.10915172760455959
COHFACE_s20_session3_natural,13,172,18.733333333333334,0.8340185284614563,-0.06998890527067773
COHFACE_s20_session3_natural,13,173,18.766666666666666,1.2817120552062988,-0.0268827395809822
COHFACE_s20_session3_natural,13,174,18.8,1.46622896194458,0.017964931482275924
COHFACE_s20_session3_natural,13,175,18.833333333333332,1.4728573560714722,0.06176433298240507
COHFACE_s20_session3_natural,13,176,18.866666666666667,1.292235255241394,0.10181472090168879
COHFACE_s20_session3_natural,13,177,18.9,0.9570187330245972,0.13613057896385988
COHFACE_s20_session3_natural,13,178,18.933333333333334,0.630999743938446,0.1640613572301581
COHFACE_s20_session3_natural,13,179,18.966666666666665,0.42714935541152954,0.18676362631873933
COHFACE_s20_session3_natural,13,180,19.0,0.29892870783805847,0.20702767564238492
COHFACE_s20_session3_natural,13,181,19.033333333333335,0.16291041672229767,0.22800882152564386
COHFACE_s20_session3_natural,13,182,19.066666666666666,-0.008769555017352104,0.25113604717754245
COHFACE_s20_session3_natural,13,183,19.1,-0.21324574947357178,0.274273364802814
COHFACE_s20_session3_natural,13,184,19.133333333333333,-0.4312175512313843,0.29133490920231736
COHFACE_s20_session3_natural,13,185,19.166666666666668,-0.6397119760513306,0.29386073200632573
COHFACE_s20_session3_natural,13,186,19.2,-0.8152124881744385,0.2739529526574507
COHFACE_s20_session3_natural,13,187,19.233333333333334,-0.9475831389427185,0.2271394556349117
COHFACE_s20_session3_natural,13,188,19.266666666666666,-1.0236986875534058,0.1537755560819673
COHFACE_s20_session3_natural,13,189,19.3,-1.0748815536499023,0.05867244641850325
COHFACE_s20_session3_natural,13,190,19.333333333333332,-1.1299673318862915,-0.04994353660986557
COHFACE_s20_session3_natural,13,191,19.366666666666667,-1.1772308349609375,-0.16091582132082424
COHFACE_s20_session3_natural,13,192,19.4,-1.215807318687439,-0.26053682966971836
COHFACE_s20_session3_natural,13,193,19.433333333333334,-1.168519139289856,-0.3345139285714778
COHFACE_s20_session3_natural,13,194,19.466666666666665,-0.7499082684516907,-0.37205094503601677
COHFACE_s20_session3_natural,13,195,19.5,0.081426240503788,-0.3701852825675021
COHFACE_s20_session3_natural,13,196,19.533333333333335,0.8783177137374878,-0.33536152039618966
COHFACE_s20_session3_natural,13,197,19.566666666666666,1.3527307510375977,-0.2805952108462775
COHFACE_s20_session3_natural,13,198,19.6,1.5546132326126099,-0.2197366254502691
COHFACE_s20_session3_natural,13,199,19.633333333333333,1.5933709144592285,-0.16239751381379913
COHFACE_s20_session3_natural,13,200,19.666666666666668,1.461164951324463,-0.11207175961454616
COHFACE_s20_session3_natural,13,201,19.7,1.154660701751709,-0.06746569527123399
COHFACE_s20_session3_natural,13,202,19.733333333333334,0.8171716332435608,-0.025532868201892257
COHFACE_s20_session3_natural,13,203,19.766666666666666,0.5846255421638489,0.015476691335975979
COHFACE_s20_session3_natural,13,204,19.8,0.42241474986076355,0.05423198194646033
COHFACE_s20_session3_natural,13,205,19.833333333333332,0.2673511207103729,0.08641628807858408
COHFACE_s20_session3_natural,13,206,19.866666666666667,0.08554326742887497,0.10652366609205699
COHFACE_s20_session3_natural,13,207,19.9,-0.1365455538034439,0.11049178461538871
COHFACE_s20_session3_natural,13,208,19.933333333333334,-0.3749954402446747,0.09796582907102357
COHFACE_s20_session3_natural,13,209,19.966666666666665,-0.5899288654327393,0.07311259319236962
COHFACE_s20_session3_natural,13,210,20.0,-0.7836431860923767,0.043489601662444706
COHFACE_s20_session3_natural,13,211,20.033333333333335,-0.9404277205467224,0.0174041509260617
COHFACE_s20_session3_natural,13,212,20.066666666666666,-1.0324268341064453,0.0010884858403454997
COHFACE_s20_session3_natural,13,213,20.1,-1.0937045812606812,-0.002828412730385287
COHFACE_s20_session3_natural,13,214,20.133333333333333,-1.1619071960449219,0.005040057180622158
COHFACE_s20_session3_natural,13,215,20.166666666666668,-1.2396037578582764,0.022420645108477414
COHFACE_s20_session3_natural,13,216,20.2,-1.2954964637756348,0.04683339134363436
COHFACE_s20_session3_natural,13,217,20.233333333333334,-1.2133783102035522,0.07587999205610405
COHFACE_s20_session3_natural,13,218,20.266666666666666,-0.6913641691207886,0.10640314062876204
COHFACE_s20_session3_natural,13,219,20.3,0.18137115240097046,0.13357241680768592
COHFACE_s20_session3_natural,13,220,20.333333333333332,0.9350503087043762,0.15114289718873808
COHFACE_s20_session3_natural,13,221,20.366666666666667,1.3836579322814941,0.1533272189882437
COHFACE_s20_session3_natural,13,222,20.4,1.5875905752182007,0.13743254908110308
COHFACE_s20_session3_natural,13,223,20.433333333333334,1.618863582611084,0.10564802965354515
COHFACE_s20_session3_natural,13,224,20.466666666666665,1.4604074954986572,0.06479287957367214
COHFACE_s20_session3_natural,13,225,20.5,1.1285505294799805,0.024064436463247733
COHFACE_s20_session3_natural,13,226,20.533333333333335,0.7862445712089539,-0.00806975005907437
COHFACE_s20_session3_natural,13,227,20.566666666666666,0.5424013733863831,-0.02647290942286619
COHFACE_s20_session3_natural,13,228,20.6,0.3845216631889343,-0.030772085220001296
COHFACE_s20_session3_natural,13,229,20.633333333333333,0.22362007200717926,-0.025620236876142476
COHFACE_s20_session3_natural,13,230,20.666666666666668,0.01687127910554409,-0.019680868433909638
COHFACE_s20_session3_natural,13,231,20.7,-0.21289990842342377,-0.02300787146453748
COHFACE_s20_session3_natural,13,232,20.733333333333334,-0.44230881333351135,-0.043018549160613755
COHFACE_s20_session3_natural,13,233,20.766666666666666,-0.6718165278434753,-0.08036348418343808
COHFACE_s20_session3_natural,13,234,20.8,-0.8818589448928833,-0.12682925872601253
COHFACE_s20_session3_natural,13,235,20.833333333333332,-1.0284826755523682,-0.16707432823093024
COHFACE_s20_session3_natural,13,236,20.866666666666667,-1.1151707172393799,-0.18425827359004657
COHFACE_s20_session3_natural,13,237,20.9,-1.1838921308517456,-0.16738285408627376
COHFACE_s20_session3_natural,13,238,20.933333333333334,-1.2567552328109741,-0.11682178695146335
COHFACE_s20_session3_natural,13,239,20.966666666666665,-1.3263412714004517,-0.04512358931160934
COHFACE_s20_session3_natural,14,0,14.0,0.5737401247024536,0.023446843485311616
COHFACE_s20_session3_natural,14,1,14.033333333333333,1.2183181047439575,2.645062604574929
COHFACE_s20_session3_natural,14,2,14.066666666666666,1.5068721771240234,4.862576284965032
COHFACE_s20_session3_natural,14,3,14.1,1.6459124088287354,6.371331417944727
COHFACE_s20_session3_natural,14,4,14.133333333333333,1.6573494672775269,7.036182142256042
COHFACE_s20_session3_natural,14,5,14.166666666666666,1.495377540588379,6.9086202868161575
COHFACE_s20_session3_natural,14,6,14.2,1.186650037765503,6.1849549178612975
COHFACE_s20_session3_natural,14,7,14.233333333333333,0.8750817179679871,5.128717477018968
COHFACE_s20_session3_natural,14,8,14.266666666666667,0.6636642217636108,3.9910956672792195
COHFACE_s20_session3_natural,14,9,14.3,0.5365139842033386,2.954798001846713
COHFACE_s20_session3_natural,14,10,14.333333333333334,0.40564200282096863,2.111704569997797
COHFACE_s20_session3_natural,14,11,14.366666666666667,0.24160324037075043,1.4711965522698744
COHFACE_s20_session3_natural,14,12,14.4,0.05079557001590729,0.9878033822898582
COHFACE_s20_session3_natural,14,13,14.433333333333334,-0.17123562097549438,0.5946790212089657
COHFACE_s20_session3_natural,14,14,14.466666666666667,-0.38804641366004944,0.23207717774162223
COHFACE_s20_session3_natural,14,15,14.5,-0.5658937096595764,-0.13518770280416387
COHFACE_s20_session3_natural,14,16,14.533333333333333,-0.6828172206878662,-0.5127072136544963
COHFACE_s20_session3_natural,14,17,14.566666666666666,-0.7892505526542664,-0.8818999056349914
COHFACE_s20_session3_natural,14,18,14.6,-0.9023122787475586,-1.2118155911022992
COHFACE_s20_session3_natural,14,19,14.633333333333333,-0.9938337802886963,-1.472442039122851
COHFACE_s20_session3_natural,14,20,14.666666666666666,-1.0770224332809448,-1.645091602939941
COHFACE_s20_session3_natural,14,21,14.7,-1.084194302558899,-1.7270642204409996
COHFACE_s20_session3_natural,14,22,14.733333333333333,-0.6928545236587524,-1.730155537479416
COHFACE_s20_session3_natural,14,23,14.766666666666667,0.18132998049259186,-1.6748081808663207
COHFACE_s20_session3_natural,14,24,14.8,1.0031870603561401,-1.58290030411399
COHFACE_s20_session3_natural,14,25,14.833333333333334,1.4774272441864014,-1.4719481178483709
COHFACE_s20_session3_natural,14,26,14.866666666666667,1.7120400667190552,-1.3521808876186072
COHFACE_s20_session3_natural,14,27,14.9,1.8020299673080444,-1.2265083903715734
COHFACE_s20_session3_natural,14,28,14.933333333333334,1.7159429788589478,-1.0926301061604715
COHFACE_s20_session3_natural,14,29,14.966666666666667,1.4115219116210938,-0.9462895274263353
COHFACE_s20_session3_natural,14,30,15.0,1.0339412689208984,-0.7845619615363838
COHFACE_s20_session3_natural,14,31,15.033333333333333,0.7489113807678223,-0.608191177975246
COHFACE_s20_session3_natural,14,32,15.066666666666666,0.5543324947357178,-0.42247823759859626
COHFACE_s20_session3_natural,14,33,15.1,0.37622174620628357,-0.23667021968446827
COHFACE_s20_session3_natural,14,34,15.133333333333333,0.18144525587558746,-0.061947040709506435
COHFACE_s20_session3_natural,14,35,15.166666666666666,-0.01709417998790741,0.09153695547413855
COHFACE_s20_session3_natural,14,36,15.2,-0.21892723441123962,0.2173192112220087
COHFACE_s20_session3_natural,14,37,15.233333333333333,-0.4273310601711273,0.3135443829057801
COHFACE_s20_session3_natural,14,38,15.266666666666667,-0.5967631340026855,0.3817522279538971
COHFACE_s20_session3_natural,14,39,15.3,-0.7054361701011658,0.4246792865455258
COHFACE_s20_session3_natural,14,40,15.333333333333334,-0.7637579441070557,0.44480263977314893
COHFACE_s20_session3_natural,14,41,15.366666666666667,-0.8202270269393921,0.4444698454493251
COHFACE_s20_session3_natural,14,42,15.4,-0.9050542712211609,0.42677555715947496
COHFACE_s20_session3_natural,14,43,15.433333333333334,-0.997382640838623,0.3956470069959165
COHFACE_s20_session3_natural,14,44,15.466666666666667,-1.0598872900009155,0.35481134078086596
COHFACE_s20_session3_natural,14,45,15.5,-0.9140705466270447,0.30687817112087545
COHFACE_s20_session3_natural,14,46,15.533333333333333,-0.278961718082428,0.25380464210915693
COHFACE_s20_session3_natural,14,47,15.566666666666666,0.5847408175468445,0.19862263910089858
COHFACE_s20_session3_natural,14,48,15.6,1.1998162269592285,0.14685871528692312
COHFACE_s20_session3_natural,14,49,15.633333333333333,1.4812066555023193,0.10594350128909927
COHFACE_s20_session3_natural,14,50,15.666666666666666,1.5456875562667847,0.08244893506506916
COHFACE_s20_session3_natural,14,51,15.7,1.4512100219726562,0.07891547264305844
COHFACE_s20_session3_natural,14,52,15.733333333333333,1.184048056602478,0.09264455482847407
COHFACE_s20_session3_natural,14,53,15.766666666666667,0.8333515524864197,0.11746663863257438
COHFACE_s20_session3_natural,14,54,15.8,0.5884626507759094,0.14703410739600178
COHFACE_s20_session3_natural,14,55,15.833333333333334,0.47410812973976135,0.17697996368662683
COHFACE_s20_session3_natural,14,56,15.866666666666667,0.38706597685813904,0.20467754146860181
COHFACE_s20_session3_natural,14,57,15.9,0.23566648364067078,0.22761389212345645
COHFACE_s20_session3_natural,14,58,15.933333333333334,0.031107954680919647,0.24222818161120285
COHFACE_s20_session3_natural,14,59,15.966666666666667,-0.190396249294281,0.24423236368932416
COHFACE_s20_session3_natural,14,60,16.0,-0.41693970561027527,0.23004536416689816
COHFACE_s20_session3_natural,14,61,16.033333333333335,-0.6136264801025391,0.19823893216523902
COHFACE_s20_session3_natural,14,62,16.066666666666666,-0.7545440196990967,0.15027843689305428
COHFACE_s20_session3_natural,14,63,16.1,-0.8325781226158142,0.09057010101427092
COHFACE_s20_session3_natural,14,64,16.133333333333333,-0.8925055265426636,0.025996201667289023
COHFACE_s20_session3_natural,14,65,16.166666666666668,-0.9634336829185486,-0.035153417461163926
COHFACE_s20_session3_natural,14,66,16.2,-1.0341724157333374,-0.08506798485495445
COHFACE_s20_session3_natural,14,67,16.233333333333334,-1.0920330286026,-0.11897983759084432
COHFACE_s20_session3_natural,14,68,16.266666666666666,-1.0326985120773315,-0.13752896219719735
COHFACE_s20_session3_natural,14,69,16.3,-0.5410680174827576,-0.14743938549874488
COHFACE_s20_session3_natural,14,70,16.333333333333332,0.31473806500434875,-0.1592008307814703
COHFACE_s20_session3_natural,14,71,16.366666666666667,1.045320749282837,-0.18191044807295764
COHFACE_s20_session3_natural,14,72,16.4,1.4570891857147217,-0.21767150212668543
COHFACE_s20_session3_natural,14,73,16.433333333333334,1.617356777191162,-0.2590698878154616
COHFACE_s20_session3_natural,14,74,16.466666666666665,1.594342589378357,-0.2918158721078645
COHFACE_s20_session3_natural,14,75,16.5,1.406449794769287,-0.3014101450637846
COHFACE_s20_session3_natural,14,76,16.533333333333335,1.0766924619674683,-0.279896110534465
COHFACE_s20_session3_natural,14,77,16.566666666666666,0.7533248066902161,-0.22876373573001038
COHFACE_s20_session3_natural,14,78,16.6,0.5599563717842102,-0.15720364308784862
COHFACE_s20_session3_natural,14,79,16.633333333333333,0.42767632007598877,-0.07805421002241561
COHFACE_s20_session3_natural,14,80,16.666666666666668,0.2670217454433441,-0.004070192834583545
COHFACE_s20_session3_natural,14,81,16.7,0.0699397400021553,0.05448896808013719
COHFACE_s20_session3_natural,14,82,16.733333333333334,-0.14720042049884796,0.09119519637660378
COHFACE_s20_session3_natural,14,83,16.766666666666666,-0.36060231924057007,0.10410564203020493
COHFACE_s20_session3_natural,14,84,16.8,-0.5730078816413879,0.09570228169941934
COHFACE_s20_session3_natural,14,85,16.833333333333332,-0.7573765516281128,0.07191257581998206
COHFACE_s20_session3_natural,14,86,16.866666666666667,-0.8788699507713318,0.04045734417092894
COHFACE_s20_session3_natural,14,87,16.9,-0.9580156803131104,0.009207958699742674
COHFACE_s20_session3_natural,14,88,16.933333333333334,-1.0285073518753052,-0.014994281837642665
COHFACE_s20_session3_natural,14,89,16.966666666666665,-1.1030420064926147,-0.02715430095947538
COHFACE_s20_session3_natural,14,90,17.0,-1.1796187162399292,-0.024886985665848828
COHFACE_s20_session3_natural,14,91,17.033333333333335,-1.1742088794708252,-0.009158572572919734
COHFACE_s20_session3_natural,14,92,17.066666666666666,-0.8252745270729065,0.015458837471394093
COHFACE_s20_session3_natural,14,93,17.1,-0.03022749163210392,0.04170004543978881
COHFACE_s20_session3_natural,14,94,17.133333333333333,0.8079412579536438,0.061954907327994996
COHFACE_s20_session3_natural,14,95,17.166666666666668,1.3674615621566772,0.07137650209746751
COHFACE_s20_session3_natural,14,96,17.2,1.6525572538375854,0.07018056805714457
COHFACE_s20_session3_natural,14,97,17.233333333333334,1.7404475212097168,0.0636263407084923
COHFACE_s20_session3_natural,14,98,17.266666666666666,1.6447101831436157,0.05947929127094379
COHFACE_s20_session3_natural,14,99,17.3,1.3527966737747192,0.06430472046028861
COHFACE_s20_session3_natural,14,100,17.333333333333332,0.9700862169265747,0.08050392676729552
COHFACE_s20_session3_natural,14,101,17.366666666666667,0.67743980884552,0.10533602025207495
COHFACE_s20_session3_natural,14,102,17.4,0.4863686263561249,0.13188235540701412
COHFACE_s20_session3_natural,14,103,17.433333333333334,0.3107445538043976,0.15104245295789995
COHFACE_s20_session3_natural,14,104,17.466666666666665,0.11606689542531967,0.15377918616870354
COHFACE_s20_session3_natural,14,105,17.5,-0.09951703250408173,0.13340048317846182
COHFACE_s20_session3_natural,14,106,17.533333333333335,-0.33202192187309265,0.08782709835671407
COHFACE_s20_session3_natural,14,107,17.566666666666666,-0.5669394135475159,0.021361380544801967
COHFACE_s20_session3_natural,14,108,17.6,-0.7732435464859009,-0.055106343352782604
COHFACE_s20_session3_natural,14,109,17.633333333333333,-0.9191509485244751,-0.12643799811695927
COHFACE_s20_session3_natural,14,110,17.666666666666668,-1.0055919885635376,-0.1779546333486778
COHFACE_s20_session3_natural,14,111,17.7,-1.0673474073410034,-0.2006228502198156
COHFACE_s20_session3_natural,14,112,17.733333333333334,-1.1599228382110596,-0.19385054638894283
COHFACE_s20_session3_natural,14,113,17.766666666666666,-1.230480432510376,-0.16417962693385688
COHFACE_s20_session3_natural,14,114,17.8,-1.2681511640548706,-0.12121556646178042
COHFACE_s20_session3_natural,14,115,17.833333333333332,-1.2058029174804688,-0.07400385119953519
COHFACE_s20_session3_natural,14,116,17.866666666666667,-0.7363220453262329,-0.029618177817527326
COHFACE_s20_session3_natural,14,117,17.9,0.12497613579034805,0.006824403219993756
COHFACE_s20_session3_natural,14,118,17.933333333333334,0.909763514995575,0.03219715825675458
COHFACE_s20_session3_natural,14,119,17.966666666666665,1.3908627033233643,0.045906471378674506
COHFACE_s20_session3_natural,14,120,18.0,1.6213585138320923,0.050333172996428685
COHFACE_s20_session3_natural,14,121,18.033333333333335,1.6653941869735718,0.05035531494863021
COHFACE_s20_session3_natural,14,122,18.066666666666666,1.5122655630111694,0.05178985153108744
COHFACE_s20_session3_natural,14,123,18.1,1.1679010391235352,0.05938475752443374
COHFACE_s20_session3_natural,14,124,18.133333333333333,0.7895793318748474,0.07520671568826202
COHFACE_s20_session3_natural,14,125,18.166666666666668,0.5197659730911255,0.09788798891117571
COHFACE_s20_session3_natural,14,126,18.2,0.33630305528640747,0.12267149890820601
COHFACE_s20_session3_natural,14,127,18.233333333333334,0.15741829574108124,0.14202371777669143
COHFACE_s20_session3_natural,14,128,18.266666666666666,-0.04872117191553116,0.1468881482554612
COHFACE_s20_session3_natural,14,129,18.3,-0.2771996259689331,0.12890259151109973
COHFACE_s20_session3_natural,14,130,18.333333333333332,-0.5099844932556152,0.0835394503837089
COHFACE_s20_session3_natural,14,131,18.366666666666667,-0.7303606271743774,0.013183205855069904
COHFACE_s20_session3_natural,14,132,18.4,-0.9199496507644653,-0.0717042579629088
COHFACE_s20_session3_natural,14,133,18.433333333333334,-1.0577383041381836,-0.15490905211552575
COHFACE_s20_session3_natural,14,134,18.466666666666665,-1.137065052986145,-0.22004178111825085
COHFACE_s20_session3_natural,14,135,18.5,-1.2006155252456665,-0.2568016376192953
COHFACE_s20_session3_natural,14,136,18.533333333333335,-1.2568622827529907,-0.26428812607166435
COHFACE_s20_session3_natural,14,137,18.566666666666666,-1.2903666496276855,-0.24928560223327811
COHFACE_s20_session3_natural,14,138,18.6,-1.317061424255371,-0.2210905105699675
COHFACE_s20_session3_natural,14,139,18.633333333333333,-1.2698720693588257,-0.18680758767403643
COHFACE_s20_session3_natural,14,140,18.666666666666668,-0.8129152059555054,-0.14972807804397517
COHFACE_s20_session3_natural,14,141,18.7,0.05469851195812225,-0.11043448507240222
COHFACE_s20_session3_natural,14,142,18.733333333333334,0.8340185284614563,-0.06874481223081334
COHFACE_s20_session3_natural,14,143,18.766666666666666,1.2817120552062988,-0.02497848046073489
COHFACE_s20_session3_natural,14,144,18.8,1.46622896194458,0.01983823202106094
COHFACE_s20_session3_natural,14,145,18.833333333333332,1.4728573560714722,0.0643664408682472
COHFACE_s20_session3_natural,14,146,18.866666666666667,1.292235255241394,0.10740909963065828
COHFACE_s20_session3_natural,14,147,18.9,0.9570187330245972,0.14822624323724787
COHFACE_s20_session3_natural,14,148,18.933333333333334,0.630999743938446,0.18670280045123114
COHFACE_s20_session3_natural,14,149,18.966666666666665,0.42714935541152954,0.22327974293025415
COHFACE_s20_session3_natural,14,150,19.0,0.29892870783805847,0.2584310507875478
COHFACE_s20_session3_natural,14,151,19.033333333333335,0.16291041672229767,0.2916135492395112
COHFACE_s20_session3_natural,14,152,19.066666666666666,-0.008769555017352104,0.32009891236723986
COHFACE_s20_session3_natural,14,153,19.1,-0.21324574947357178,0.3384823053266848
COHFACE_s20_session3_natural,14,154,19.133333333333333,-0.4312175512313843,0.33950038299322355
COHFACE_s20_session3_natural,14,155,19.166666666666668,-0.6397119760513306,0.31612204026683727
COHFACE_s20_session3_natural,14,156,19.2,-0.8152124881744385,0.2640967935489915
COHFACE_s20_session3_natural,14,157,19.233333333333334,-0.9475831389427185,0.18374987444165006
COHFACE_s20_session3_natural,14,158,19.266666666666666,-1.0236986875534058,0.08015111358494476
COHFACE_s20_session3_natural,14,159,19.3,-1.0748815536499023,-0.03813654587540104
COHFACE_s20_session3_natural,14,160,19.333333333333332,-1.1299673318862915,-0.160395511323644
COHFACE_s20_session3_natural,14,161,19.366666666666667,-1.1772308349609375,-0.2741249893911955
COHFACE_s20_session3_natural,14,162,19.4,-1.215807318687439,-0.3653152752814041
COHFACE_s20_session3_natural,14,163,19.433333333333334,-1.168519139289856,-0.4205949768463783
COHFACE_s20_session3_natural,14,164,19.466666666666665,-0.7499082684516907,-0.43158029607848336
COHFACE_s20_session3_natural,14,165,19.5,0.081426240503788,-0.39905864788262135
COHFACE_s20_session3_natural,14,166,19.533333333333335,0.8783177137374878,-0.33373731530408507
COHFACE_s20_session3_natural,14,167,19.566666666666666,1.3527307510375977,-0.25225281323111615
COHFACE_s20_session3_natural,14,168,19.6,1.5546132326126099,-0.17067340189330896
COHFACE_s20_session3_natural,14,169,19.633333333333333,1.5933709144592285,-0.0995328151342691
COHFACE_s20_session3_natural,14,170,19.666666666666668,1.461164951324463,-0.042624315053425274
COHFACE_s20_session3_natural,14,171,19.7,1.154660701751709,0.001239247695125552
COHFACE_s20_session3_natural,14,172,19.733333333333334,0.8171716332435608,0.035457486689181264
COHFACE_s20_session3_natural,14,173,19.766666666666666,0.5846255421638489,0.06321173371677909
COHFACE_s20_session3_natural,14,174,19.8,0.42241474986076355,0.08586980045648981
COHFACE_s20_session3_natural,14,175,19.833333333333332,0.2673511207103729,0.10236830313978279
COHFACE_s20_session3_natural,14,176,19.866666666666667,0.08554326742887497,0.10974315221245988
COHFACE_s20_session3_natural,14,177,19.9,-0.1365455538034439,0.10483723740960928
COHFACE_s20_session3_natural,14,178,19.933333333333334,-0.3749954402446747,0.08659176037100705
COHFACE_s20_session3_natural,14,179,19.966666666666665,-0.5899288654327393,0.05773945818325489
COHFACE_s20_session3_natural,14,180,20.0,-0.7836431860923767,0.02483128993584519
COHFACE_s20_session3_natural,14,181,20.033333333333335,-0.9404277205467224,-0.0035992507825872745
COHFACE_s20_session3_natural,14,182,20.066666666666666,-1.0324268341064453,-0.01981457477311435
COHFACE_s20_session3_natural,14,183,20.1,-1.0937045812606812,-0.01915018280116091
COHFACE_s20_session3_natural,14,184,20.133333333333333,-1.1619071960449219,-0.0008596957365453245
COHFACE_s20_session3_natural,14,185,20.166666666666668,-1.2396037578582764,0.03235864873114649
COHFACE_s20_session3_natural,14,186,20.2,-1.2954964637756348,0.07532024239041304
COHFACE_s20_session3_natural,14,187,20.233333333333334,-1.2133783102035522,0.12104416528945652
COHFACE_s20_session3_natural,14,188,20.266666666666666,-0.6913641691207886,0.16117907874024054
COHFACE_s20_session3_natural,14,189,20.3,0.18137115240097046,0.1868856778461092
COHFACE_s20_session3_natural,14,190,20.333333333333332,0.9350503087043762,0.19085999533289166
COHFACE_s20_session3_natural,14,191,20.366666666666667,1.3836579322814941,0.17027972046697903
COHFACE_s20_session3_natural,14,192,20.4,1.5875905752182007,0.12925177247127997
COHFACE_s20_session3_natural,14,193,20.433333333333334,1.618863582611084,0.07888331058662125
COHFACE_s20_session3_natural,14,194,20.466666666666665,1.4604074954986572,0.034065883292718285
COHFACE_s20_session3_natural,14,195,20.5,1.1285505294799805,0.008009977573537145
COHFACE_s20_session3_natural,14,196,20.533333333333335,0.7862445712089539,0.007215431798742896
COHFACE_s20_session3_natural,14,197,20.566666666666666,0.5424013733863831,0.02941857919945459
COHFACE_s20_session3_natural,14,198,20.6,0.3845216631889343,0.0649231045941143
COHFACE_s20_session3_natural,14,199,20.633333333333333,0.22362007200717926,0.09971994641253672
COHFACE_s20_session3_natural,14,200,20.666666666666668,0.01687127910554409,0.1188091541091889
COHFACE_s20_session3_natural,14,201,20.7,-0.21289990842342377,0.10934154468919138
COHFACE_s20_session3_natural,14,202,20.733333333333334,-0.44230881333351135,0.0638390405963485
COHFACE_s20_session3_natural,14,203,20.766666666666666,-0.6718165278434753,-0.016769150707184766
COHFACE_s20_session3_natural,14,204,20.8,-0.8818589448928833,-0.12163861264939642
COHFACE_s20_session3_natural,14,205,20.833333333333332,-1.0284826755523682,-0.2316871342762747
COHFACE_s20_session3_natural,14,206,20.866666666666667,-1.1151707172393799,-0.3248389048689852
COHFACE_s20_session3_natural,14,207,20.9,-1.1838921308517456,-0.3830883925547941
COHFACE_s20_session3_natural,14,208,20.933333333333334,-1.2567552328109741,-0.39818908680845244
COHFACE_s20_session3_natural,14,209,20.966666666666665,-1.3263412714004517,-0.3732449677782012
COHFACE_s20_session3_natural,14,210,21.0,-1.372418999671936,-0.3198263243199821
COHFACE_s20_session3_natural,14,211,21.033333333333335,-1.2770192623138428,-0.25258335098615176
COHFACE_s20_session3_natural,14,212,21.066666666666666,-0.7498012185096741,-0.18397145786302793
COHFACE_s20_session3_natural,14,213,21.1,0.12542077898979187,-0.12093401027294977
COHFACE_s20_session3_natural,14,214,21.133333333333333,0.901084840297699,-0.06430971378206746
COHFACE_s20_session3_natural,14,215,21.166666666666668,1.3743369579315186,-0.010746836395650345
COHFACE_s20_session3_natural,14,216,21.2,1.6111071109771729,0.04393865156104733
COHFACE_s20_session3_natural,14,217,21.233333333333334,1.6734141111373901,0.10151878569638785
COHFACE_s20_session3_natural,14,218,21.266666666666666,1.524320125579834,0.15969018542744468
COHFACE_s20_session3_natural,14,219,21.3,1.198259949684143,0.21271493265877003
COHFACE_s20_session3_natural,14,220,21.333333333333332,0.8450521230697632,0.25392434505106765
COHFACE_s20_session3_natural,14,221,21.366666666666667,0.5759304165840149,0.27863511457684653
COHFACE_s20_session3_natural,14,222,21.4,0.3956623375415802,0.2857793602320547
COHFACE_s20_session3_natural,14,223,21.433333333333334,0.2316153347492218,0.27734754066751455
COHFACE_s20_session3_natural,14,224,21.466666666666665,0.03650125861167908,0.2562360996149583
COHFACE_s20_session3_natural,14,225,21.5,-0.18634510040283203,0.22420446604041178
COHFACE_s20_session3_natural,14,226,21.533333333333335,-0.41223806142807007,0.18148654868746578
COHFACE_s20_session3_natural,14,227,21.566666666666666,-0.6239437460899353,0.1283157125006757
COHFACE_s20_session3_natural,14,228,21.6,-0.8188437223434448,0.06711871859615015
COHFACE_s20_session3_natural,14,229,21.633333333333333,-0.9673365950584412,0.003530643990190769
COHFACE_s20_session3_natural,14,230,21.666666666666668,-1.061418890953064,-0.05479016284522702
COHFACE_s20_session3_natural,14,231,21.7,-1.1389589309692383,-0.10094917105155059
COHFACE_s20_session3_natural,14,232,21.733333333333334,-1.2086684703826904,-0.1313957006177066
COHFACE_s20_session3_natural,14,233,21.766666666666666,-1.2736103534698486,-0.14662407993826873
COHFACE_s20_session3_natural,14,234,21.8,-1.334303617477417,-0.14978909687431755
COHFACE_s20_session3_natural,14,235,21.833333333333332,-1.3373831510543823,-0.1444989259557855
COHFACE_s20_session3_natural,14,236,21.866666666666667,-1.0015326738357544,-0.13327546241182545
COHFACE_s20_session3_natural,14,237,21.9,-0.18197281658649445,-0.117316927530626
COHFACE_s20_session3_natural,14,238,21.933333333333334,0.699679970741272,-0.097174462677423
COHFACE_s20_session3_natural,14,239,21.966666666666665,1.302618384361267,-0.07349128281949445
COHFACE_s20_session3_natural,15,0,15.0,1.0339412689208984,0.04952880160235519
COHFACE_s20_session3_natural,15,1,15.033333333333333,0.7489113807678223,2.7201861090198767
COHFACE_s20_session3_natural,15,2,15.066666666666666,0.5543324947357178,4.977777614131617
COHFACE_s20_session3_natural,15,3,15.1,0.37622174620628357,6.510766102161013
COHFACE_s20_session3_natural,15,4,15.133333333333333,0.18144525587558746,7.179365382610295
COHFACE_s20_session3_natural,15,5,15.166666666666666,-0.01709417998790741,7.034140428938128
COHFACE_s20_session3_natural,15,6,15.2,-0.21892723441123962,6.275060829410524
COHFACE_s20_session3_natural,15,7,15.233333333333333,-0.4273310601711273,5.173238153752405
COHFACE_s20_session3_natural,15,8,15.266666666666667,-0.5967631340026855,3.989088575613707
COHFACE_s20_session3_natural,15,9,15.3,-0.7054361701011658,2.913409515355795
COHFACE_s20_session3_natural,15,10,15.333333333333334,-0.7637579441070557,2.0431959465702962
COHFACE_s20_session3_natural,15,11,15.366666666666667,-0.8202270269393921,1.3897908901568874
COHFACE_s20_session3_natural,15,12,15.4,-0.9050542712211609,0.9073329798749452
COHFACE_s20_session3_natural,15,13,15.433333333333334,-0.997382640838623,0.5267313664802644
COHFACE_s20_session3_natural,15,14,15.466666666666667,-1.0598872900009155,0.1839571596049641
COHFACE_s20_session3_natural,15,15,15.5,-0.9140705466270447,-0.1624819460318998
COHFACE_s20_session3_natural,15,16,15.533333333333333,-0.278961718082428,-0.5252598570892126
COHFACE_s20_session3_natural,15,17,15.566666666666666,0.5847408175468445,-0.8911652742625471
COHFACE_s20_session3_natural,15,18,15.6,1.1998162269592285,-1.2304743970259833
COHFACE_s20_session3_natural,15,19,15.633333333333333,1.4812066555023193,-1.509575855988355
COHFACE_s20_session3_natural,15,20,15.666666666666666,1.5456875562667847,-1.703079586624696
COHFACE_s20_session3_natural,15,21,15.7,1.4512100219726562,-1.8015132140920187
COHFACE_s20_session3_natural,15,22,15.733333333333333,1.184048056602478,-1.8120202636263818
COHFACE_s20_session3_natural,15,23,15.766666666666667,0.8333515524864197,-1.7525029298856092
COHFACE_s20_session3_natural,15,24,15.8,0.5884626507759094,-1.6431711672388676
COHFACE_s20_session3_natural,15,25,15.833333333333334,0.47410812973976135,-1.500545630628203
COHFACE_s20_session3_natural,15,26,15.866666666666667,0.38706597685813904,-1.3362063772095698
COHFACE_s20_session3_natural,15,27,15.9,0.23566648364067078,-1.158766962843935
COHFACE_s20_session3_natural,15,28,15.933333333333334,0.031107954680919647,-0.9760839600450963
COHFACE_s20_session3_natural,15,29,15.966666666666667,-0.190396249294281,-0.7958147150474078
COHFACE_s20_session3_natural,15,30,16.0,-0.41693970561027527,-0.624411116688178
COHFACE_s20_session3_natural,15,31,16.033333333333335,-0.6136264801025391,-0.4658389474593374
COHFACE_s20_session3_natural,15,32,16.066666666666666,-0.7545440196990967,-0.3210737928451993
COHFACE_s20_session3_natural,15,33,16.1,-0.8325781226158142,-0.18854118385024232
COHFACE_s20_session3_natural,15,34,16.133333333333333,-0.8925055265426636,-0.06520928775292209
COHFACE_s20_session3_natural,15,35,16.166666666666668,-0.9634336829185486,0.051914902245586786
COHFACE_s20_session3_natural,15,36,16.2,-1.0341724157333374,0.16404426370491407
COHFACE_s20_session3_natural,15,37,16.233333333333334,-1.0920330286026,0.268943619497929
COHFACE_s20_session3_natural,15,38,16.266666666666666,-1.0326985120773315,0.36003793287431196
COHFACE_s20_session3_natural,15,39,16.3,-0.5410680174827576,0.4272332057422281
COHFACE_s20_session3_natural,15,40,16.333333333333332,0.31473806500434875,0.4600172519423397
COHFACE_s20_session3_natural,15,41,16.366666666666667,1.045320749282837,0.45223357491957755
COHFACE_s20_session3_natural,15,42,16.4,1.4570891857147217,0.4064164910064241
COHFACE_s20_session3_natural,15,43,16.433333333333334,1.617356777191162,0.3350379358949065
COHFACE_s20_session3_natural,15,44,16.466666666666665,1.594342589378357,0.2573304207725354
COHFACE_s20_session3_natural,15,45,16.5,1.406449794769287,0.1928569731696161
COHFACE_s20_session3_natural,15,46,16.533333333333335,1.0766924619674683,0.15505991694927518
COHFACE_s20_session3_natural,15,47,16.566666666666666,0.7533248066902161,0.14797534290584727
COHFACE_s20_session3_natural,15,48,16.6,0.5599563717842102,0.16695024046244497
COHFACE_s20_session3_natural,15,49,16.633333333333333,0.42767632007598877,0.2017496549501489
COHFACE_s20_session3_natural,15,50,16.666666666666668,0.2670217454433441,0.2399802110807465
COHFACE_s20_session3_natural,15,51,16.7,0.0699397400021553,0.2698111293630601
COHFACE_s20_session3_natural,15,52,16.733333333333334,-0.14720042049884796,0.28199099168175273
COHFACE_s20_session3_natural,15,53,16.766666666666666,-0.36060231924057007,0.2713913913423546
COHFACE_s20_session3_natural,15,54,16.8,-0.5730078816413879,0.23791215615052616
COHFACE_s20_session3_natural,15,55,16.833333333333332,-0.7573765516281128,0.1863102534610477
COHFACE_s20_session3_natural,15,56,16.866666666666667,-0.8788699507713318,0.12487923857076612
COHFACE_s20_session3_natural,15,57,16.9,-0.9580156803131104,0.06345698234115359
COHFACE_s20_session3_natural,15,58,16.933333333333334,-1.0285073518753052,0.011355375911717537
COHFACE_s20_session3_natural,15,59,16.966666666666665,-1.1030420064926147,-0.024438763067860504
COHFACE_s20_session3_natural,15,60,17.0,-1.1796187162399292,-0.040652411087672015
COHFACE_s20_session3_natural,15,61,17.033333333333335,-1.1742088794708252,-0.03853058826845296
COHFACE_s20_session3_natural,15,62,17.066666666666666,-0.8252745270729065,-0.023691983900248462
COHFACE_s20_session3_natural,15,63,17.1,-0.03022749163210392,-0.004697798071892099
COHFACE_s20_session3_natural,15,64,17.133333333333333,0.8079412579536438,0.00952266151050894
COHFACE_s20_session3_natural,15,65,17.166666666666668,1.3674615621566772,0.012567692481102049
COHFACE_s20_session3_natural,15,66,17.2,1.6525572538375854,0.0025763532518573366
COHFACE_s20_session3_natural,15,67,17.233333333333334,1.7404475212097168,-0.01757233070767567
COHFACE_s20_session3_natural,15,68,17.266666666666666,1.6447101831436157,-0.04191028085213083
COHFACE_s20_session3_natural,15,69,17.3,1.3527966737747192,-0.06394206326867408
COHFACE_s20_session3_natural,15,70,17.333333333333332,0.9700862169265747,-0.07878802714372721
COHFACE_s20_session3_natural,15,71,17.366666666666667,0.67743980884552,-0.08411979954608452
COHFACE_s20_session3_natural,15,72,17.4,0.4863686263561249,-0.08020859777477432
COHFACE_s20_session3_natural,15,73,17.433333333333334,0.3107445538043976,-0.06990618166745345
COHFACE_s20_session3_natural,15,74,17.466666666666665,0.11606689542531967,-0.058640440463789634
COHFACE_s20_session3_natural,15,75,17.5,-0.09951703250408173,-0.05360012661723874
COHFACE_s20_session3_natural,15,76,17.533333333333335,-0.33202192187309265,-0.06147120762809652
COHFACE_s20_session3_natural,15,77,17.566666666666666,-0.5669394135475159,-0.08524951824633328
COHFACE_s20_session3_natural,15,78,17.6,-0.7732435464859009,-0.12179541757953438
COHFACE_s20_session3_natural,15,79,17.633333333333333,-0.9191509485244751,-0.16191889436437687
COHFACE_s20_session3_natural,15,80,17.666666666666668,-1.0055919885635376,-0.19352381508781794
COHFACE_s20_session3_natural,15,81,17.7,-1.0673474073410034,-0.20637829798121463
COHFACE_s20_session3_natural,15,82,17.733333333333334,-1.1599228382110596,-0.19576730070981072
COHFACE_s20_session3_natural,15,83,17.766666666666666,-1.230480432510376,-0.1629941388693648
COHFACE_s20_session3_natural,15,84,17.8,-1.2681511640548706,-0.1132715272215062
COHFACE_s20_session3_natural,15,85,17.833333333333332,-1.2058029174804688,-0.05333507683915846
COHFACE_s20_session3_natural,15,86,17.866666666666667,-0.7363220453262329,0.00978916480402213
COHFACE_s20_session3_natural,15,87,17.9,0.12497613579034805,0.06929273129050034
COHFACE_s20_session3_natural,15,88,17.933333333333334,0.909763514995575,0.11924299623259307
COHFACE_s20_session3_natural,15,89,17.966666666666665,1.3908627033233643,0.15551606451187477
COHFACE_s20_session3_natural,15,90,18.0,1.6213585138320923,0.17651664486974283
COHFACE_s20_session3_natural,15,91,18.033333333333335,1.6653941869735718,0.1832229220497906
COHFACE_s20_session3_natural,15,92,18.066666666666666,1.5122655630111694,0.17854975460639746
COHFACE_s20_session3_natural,15,93,18.1,1.1679010391235352,0.1664264538439182
COHFACE_s20_session3_natural,15,94,18.133333333333333,0.7895793318748474,0.15096656853507714
COHFACE_s20_session3_natural,15,95,18.166666666666668,0.5197659730911255,0.13574195673398065
COHFACE_s20_session3_natural,15,96,18.2,0.33630305528640747,0.12286226873675564
COHFACE_s20_session3_natural,15,97,18.233333333333334,0.15741829574108124,0.11177442707520106
COHFACE_s20_session3_natural,15,98,18.266666666666666,-0.04872117191553116,0.09844099658112251
COHFACE_s20_session3_natural,15,99,18.3,-0.2771996259689331,0.07602961770434055
COHFACE_s20_session3_natural,15,100,18.333333333333332,-0.5099844932556152,0.03769730857443262
COHFACE_s20_session3_natural,15,101,18.366666666666667,-0.7303606271743774,-0.019352847790901042
COHFACE_s20_session3_natural,15,102,18.4,-0.9199496507644653,-0.09071585653682537
COHFACE_s20_session3_natural,15,103,18.433333333333334,-1.0577383041381836,-0.1648063748556174
COHFACE_s20_session3_natural,15,104,18.466666666666665,-1.137065052986145,-0.22669494133601334
COHFACE_s20_session3_natural,15,105,18.5,-1.2006155252456665,-0.26395988403811427
COHFACE_s20_session3_natural,15,106,18.533333333333335,-1.2568622827529907,-0.27121891221444194
COHFACE_s20_session3_natural,15,107,18.566666666666666,-1.2903666496276855,-0.25080957378385493
COHFACE_s20_session3_natural,15,108,18.6,-1.317061424255371,-0.20999051490119594
COHFACE_s20_session3_natural,15,109,18.633333333333333,-1.2698720693588257,-0.1573069754388058
COHFACE_s20_session3_natural,15,110,18.666666666666668,-0.8129152059555054,-0.1002836587722432
COHFACE_s20_session3_natural,15,111,18.7,0.05469851195812225,-0.04470024401291785
COHFACE_s20_session3_natural,15,112,18.733333333333334,0.8340185284614563,0.005363727954413995
COHFACE_s20_session3_natural,15,113,18.766666666666666,1.2817120552062988,0.047392180284245765
COHFACE_s20_session3_natural,15,114,18.8,1.46622896194458,0.0803272398700238
COHFACE_s20_session3_natural,15,115,18.833333333333332,1.4728573560714722,0.10434723620820434
COHFACE_s20_session3_natural,15,116,18.866666666666667,1.292235255241394,0.1205912153355461
COHFACE_s20_session3_natural,15,117,18.9,0.9570187330245972,0.13110428962995274
COHFACE_s20_session3_natural,15,118,18.933333333333334,0.630999743938446,0.13902403932826735
COHFACE_s20_session3_natural,15,119,18.966666666666665,0.42714935541152954,0.14855409232168912
COHFACE_s20_session3_natural,15,120,19.0,0.29892870783805847,0.16410766571013827
COHFACE_s20_session3_natural,15,121,19.033333333333335,0.16291041672229767,0.18841467922175137
COHFACE_s20_session3_natural,15,122,19.066666666666666,-0.008769555017352104,0.22021421751375236
COHFACE_s20_session3_natural,15,123,19.1,-0.21324574947357178,0.2528307852633024
COHFACE_s20_session3_natural,15,124,19.133333333333333,-0.4312175512313843,0.27488505245928896
COHFACE_s20_session3_natural,15,125,19.166666666666668,-0.6397119760513306,0.27346941434099464
COHFACE_s20_session3_natural,15,126,19.2,-0.8152124881744385,0.23872781831570414
COHFACE_s20_session3_natural,15,127,19.233333333333334,-0.9475831389427185,0.16779974357642358
COHFACE_s20_session3_natural,15,128,19.266666666666666,-1.0236986875534058,0.06627748777127526
COHFACE_s20_session3_natural,15,129,19.3,-1.0748815536499023,-0.05326865525647817
COHFACE_s20_session3_natural,15,130,19.333333333333332,-1.1299673318862915,-0.17439000714204697
COHFACE_s20_session3_natural,15,131,19.366666666666667,-1.1772308349609375,-0.27971604839960323
COHFACE_s20_session3_natural,15,132,19.4,-1.215807318687439,-0.3533856236190859
COHFACE_s20_session3_natural,15,133,19.433333333333334,-1.168519139289856,-0.38385067880733303
COHFACE_s20_session3_natural,15,134,19.466666666666665,-0.7499082684516907,-0.36728548342606493
COHFACE_s20_session3_natural,15,135,19.5,0.081426240503788,-0.31006315644158067
COHFACE_s20_session3_natural,15,136,19.533333333333335,0.8783177137374878,-0.2279444480211283
COHFACE_s20_session3_natural,15,137,19.566666666666666,1.3527307510375977,-0.14105296878577528
COHFACE_s20_session3_natural,15,138,19.6,1.5546132326126099,-0.06676457945734054
COHFACE_s20_session3_natural,15,139,19.633333333333333,1.5933709144592285,-0.014408386613607625
COHFACE_s20_session3_natural,15,140,19.666666666666668,1.461164951324463,0.01581218600587467
COHFACE_s20_session3_natural,15,141,19.7,1.154660701751709,0.030191951944931416
COHFACE_s20_session3_natural,15,142,19.733333333333334,0.8171716332435608,0.037317746364906264
COHFACE_s20_session3_natural,15,143,19.766666666666666,0.5846255421638489,0.04427002052880052
COHFACE_s20_session3_natural,15,144,19.8,0.42241474986076355,0.05428008963266591
COHFACE_s20_session3_natural,15,145,19.833333333333332,0.2673511207103729,0.06607073804911409
COHFACE_s20_session3_natural,15,146,19.866666666666667,0.08554326742887497,0.07479587928752308
COHFACE_s20_session3_natural,15,147,19.9,-0.1365455538034439,0.07434031741350978
COHFACE_s20_session3_natural,15,148,19.933333333333334,-0.3749954402446747,0.060319434663596794
COHFACE_s20_session3_natural,15,149,19.966666666666665,-0.5899288654327393,0.032623314644483856
COHFACE_s20_session3_natural,15,150,20.0,-0.7836431860923767,-0.003720552593079145
COHFACE_s20_session3_natural,15,151,20.033333333333335,-0.9404277205467224,-0.03989956857709139
COHFACE_s20_session3_natural,15,152,20.066666666666666,-1.0324268341064453,-0.06619003764353008
COHFACE_s20_session3_natural,15,153,20.1,-1.0937045812606812,-0.07488065826857807
COHFACE_s20_session3_natural,15,154,20.133333333333333,-1.1619071960449219,-0.06212725262373035
COHFACE_s20_session3_natural,15,155,20.166666666666668,-1.2396037578582764,-0.028551149013426768
COHFACE_s20_session3_natural,15,156,20.2,-1.2954964637756348,0.021015169125251556
COHFACE_s20_session3_natural,15,157,20.233333333333334,-1.2133783102035522,0.07824851802647792
COHFACE_s20_session3_natural,15,158,20.266666666666666,-0.6913641691207886,0.13250466383979911
COHFACE_s20_session3_natural,15,159,20.3,0.18137115240097046,0.17269997376547383
COHFACE_s20_session3_natural,15,160,20.333333333333332,0.9350503087043762,0.1900032231638486
COHFACE_s20_session3_natural,15,161,20.366666666666667,1.3836579322814941,0.1807984840489108
COHFACE_s20_session3_natural,15,162,20.4,1.5875905752182007,0.14865334740163053
COHFACE_s20_session3_natural,15,163,20.433333333333334,1.618863582611084,0.1039208104639323
COHFACE_s20_session3_natural,15,164,20.466666666666665,1.4604074954986572,0.06053697755854281
COHFACE_s20_session3_natural,15,165,20.5,1.1285505294799805,0.031144043432711696
COHFACE_s20_session3_natural,15,166,20.533333333333335,0.7862445712089539,0.022848913194411492
COHFACE_s20_session3_natural,15,167,20.566666666666666,0.5424013733863831,0.035558558268069404
COHFACE_s20_session3_natural,15,168,20.6,0.3845216631889343,0.06289399733830929
COHFACE_s20_session3_natural,15,169,20.633333333333333,0.22362007200717926,0.09415183131427866
COHFACE_s20_session3_natural,15,170,20.666666666666668,0.01687127910554409,0.1162262400935302
COHFACE_s20_session3_natural,15,171,20.7,-0.21289990842342377,0.1157624646467129
COHFACE_s20_session3_natural,15,172,20.733333333333334,-0.44230881333351135,0.08226050382621815
COHFACE_s20_session3_natural,15,173,20.766666666666666,-0.6718165278434753,0.011974899130378809
COHFACE_s20_session3_natural,15,174,20.8,-0.8818589448928833,-0.088925789474719
COHFACE_s20_session3_natural,15,175,20.833333333333332,-1.0284826755523682,-0.2040375825769606
COHFACE_s20_session3_natural,15,176,20.866666666666667,-1.1151707172393799,-0.31030071235023143
COHFACE_s20_session3_natural,15,177,20.9,-1.1838921308517456,-0.38456407699427847
COHFACE_s20_session3_natural,15,178,20.933333333333334,-1.2567552328109741,-0.4106095946767386
COHFACE_s20_session3_natural,15,179,20.966666666666665,-1.3263412714004517,-0.38383726832178816
COHFACE_s20_session3_natural,15,180,21.0,-1.372418999671936,-0.31199323265958945
COHFACE_s20_session3_natural,15,181,21.033333333333335,-1.2770192623138428,-0.21204364241979756
COHFACE_s20_session3_natural,15,182,21.066666666666666,-0.7498012185096741,-0.10454973437996998
COHFACE_s20_session3_natural,15,183,21.1,0.12542077898979187,-0.007517511726108076
COHFACE_s20_session3_natural,15,184,21.133333333333333,0.901084840297699,0.06818507497210163
COHFACE_s20_session3_natural,15,185,21.166666666666668,1.3743369579315186,0.12031955434904103
COHFACE_s20_session3_natural,15,186,21.2,1.6111071109771729,0.1534450751350646
COHFACE_s20_session3_natural,15,187,21.233333333333334,1.6734141111373901,0.17494632135927107
COHFACE_s20_session3_natural,15,188,21.266666666666666,1.524320125579834,0.19090054089832306
COHFACE_s20_session3_natural,15,189,21.3,1.198259949684143,0.2036114148597329
COHFACE_s20_session3_natural,15,190,21.333333333333332,0.8450521230697632,0.21164997920313988
COHFACE_s20_session3_natural,15,191,21.366666666666667,0.5759304165840149,0.2118743353103038
COHFACE_s20_session3_natural,15,192,21.4,0.3956623375415802,0.20184336824401936
COHFACE_s20_session3_natural,15,193,21.433333333333334,0.2316153347492218,0.1810383676419346
COHFACE_s20_session3_natural,15,194,21.466666666666665,0.03650125861167908,0.15046953370238994
COHFACE_s20_session3_natural,15,195,21.5,-0.18634510040283203,0.11158302927095169
COHFACE_s20_session3_natural,15,196,21.533333333333335,-0.41223806142807007,0.06577860055022021
COHFACE_s20_session3_natural,15,197,21.566666666666666,-0.6239437460899353,0.015063160441515903
COHFACE_s20_session3_natural,15,198,21.6,-0.8188437223434448,-0.0369284193154424
COHFACE_s20_session3_natural,15,199,21.633333333333333,-0.9673365950584412,-0.08487726718786633
COHFACE_s20_session3_natural,15,200,21.666666666666668,-1.061418890953064,-0.12320351713512528
COHFACE_s20_session3_natural,15,201,21.7,-1.1389589309692383,-0.14815196606190692
COHFACE_s20_session3_natural,15,202,21.733333333333334,-1.2086684703826904,-0.1591402316886252
COHFACE_s20_session3_natural,15,203,21.766666666666666,-1.2736103534698486,-0.15850598990740722
COHFACE_s20_session3_natural,15,204,21.8,-1.334303617477417,-0.14996197548187237
COHFACE_s20_session3_natural,15,205,21.833333333333332,-1.3373831510543823,-0.13689210765114446
COHFACE_s20_session3_natural,15,206,21.866666666666667,-1.0015326738357544,-0.12144314742029741
COHFACE_s20_session3_natural,15,207,21.9,-0.18197281658649445,-0.10454243362930309
COHFACE_s20_session3_natural,15,208,21.933333333333334,0.699679970741272,-0.08630348150946116
COHFACE_s20_session3_natural,15,209,21.966666666666665,1.302618384361267,-0.06627218535822278
COHFACE_s20_session3_natural,15,210,22.0,1.6245697736740112,-0.043515917461774106
COHFACE_s20_session3_natural,15,211,22.033333333333335,1.7484757900238037,-0.016899594899395767
COHFACE_s20_session3_natural,15,212,22.066666666666666,1.686901569366455,0.014442398200778651
COHFACE_s20_session3_natural,15,213,22.1,1.4182326793670654,0.05078746470207432
COHFACE_s20_session3_natural,15,214,22.133333333333333,1.0466711521148682,0.09172351538239013
COHFACE_s20_session3_natural,15,215,22.166666666666668,0.7412207722663879,0.13584144133338324
COHFACE_s20_session3_natural,15,216,22.2,0.5337967872619629,0.17984497704088562
COHFACE_s20_session3_natural,15,217,22.233333333333334,0.3748878240585327,0.21737941424807866
COHFACE_s20_session3_natural,15,218,22.266666666666666,0.19985659420490265,0.23870395534146086
COHFACE_s20_session3_natural,15,219,22.3,-0.016443690285086632,0.23254066583797298
COHFACE_s20_session3_natural,15,220,22.333333333333332,-0.250570684671402,0.1905321889032498
COHFACE_s20_session3_natural,15,221,22.366666666666667,-0.476447194814682,0.11297287393058392
COHFACE_s20_session3_natural,15,222,22.4,-0.672236442565918,0.01276943013308848
COHFACE_s20_session3_natural,15,223,22.433333333333334,-0.8392559289932251,-0.08577741667518872
COHFACE_s20_session3_natural,15,224,22.466666666666665,-0.9648663997650146,-0.15486363300533532
COHFACE_s20_session3_natural,15,225,22.5,-1.0519084930419922,-0.17513244947484918
COHFACE_s20_session3_natural,15,226,22.533333333333335,-1.1227461099624634,-0.1449778736588105
COHFACE_s20_session3_natural,15,227,22.566666666666666,-1.1826817989349365,-0.0809260597589476
COHFACE_s20_session3_natural,15,228,22.6,-1.2465862035751343,-0.009137959208334986
COHFACE_s20_session3_natural,15,229,22.633333333333333,-1.2921946048736572,0.0458046293544152
COHFACE_s20_session3_natural,15,230,22.666666666666668,-1.15055251121521,0.06863601953876797
COHFACE_s20_session3_natural,15,231,22.7,-0.5366957187652588,0.05565589206116699
COHFACE_s20_session3_natural,15,232,22.733333333333334,0.3561965227127075,0.013025310009934184
COHFACE_s20_session3_natural,15,233,22.766666666666666,1.0523278713226318,-0.04638264226435211
COHFACE_s20_session3_natural,15,234,22.8,1.418380856513977,-0.10611588284876591
COHFACE_s20_session3_natural,15,235,22.833333333333332,1.5544568300247192,-0.14930429661445058
COHFACE_s20_session3_natural,15,236,22.866666666666667,1.5159296989440918,-0.16240480796287043
COHFACE_s20_session3_natural,15,237,22.9,1.278714895248413,-0.1392591707077133
COHFACE_s20_session3_natural,15,238,22.933333333333334,0.9347209334373474,-0.08385562980434266
COHFACE_s20_session3_natural,15,239,22.966666666666665,0.6427003145217896,-0.009925732556940922
COHFACE_s20_session3_natural,16,0,16.0,-0.41693970561027527,0.017176618029991063
COHFACE_s20_session3_natural,16,1,16.033333333333335,-0.6136264801025391,2.6811848805564673
COHFACE_s20_session3_natural,16,2,16.066666666666666,-0.7545440196990967,4.925397204259506
COHFACE_s20_session3_natural,16,3,16.1,-0.8325781226158142,6.434371611077053
COHFACE_s20_session3_natural,16,4,16.133333333333333,-0.8925055265426636,7.071010407485324
COHFACE_s20_session3_natural,16,5,16.166666666666668,-0.9634336829185486,6.894423620663799
COHFACE_s20_session3_natural,16,6,16.2,-1.0341724157333374,6.115312410737762
COHFACE_s20_session3_natural,16,7,16.233333333333334,-1.0920330286026,5.012670238508109
COHFACE_s20_session3_natural,16,8,16.266666666666666,-1.0326985120773315,3.847785731664939
COHFACE_s20_session3_natural,16,9,16.3,-0.5410680174827576,2.804002656394253
COHFACE_s20_session3_natural,16,10,16.333333333333332,0.31473806500434875,1.9649561044058936
COHFACE_s20_session3_natural,16,11,16.366666666666667,1.045320749282837,1.3282996568074987
COHFACE_s20_session3_natural,16,12,16.4,1.4570891857147217,0.8408879642183181
COHFACE_s20_session3_natural,16,13,16.433333333333334,1.617356777191162,0.43762370795844346
COHFACE_s20_session3_natural,16,14,16.466666666666665,1.594342589378357,0.06969612601151878
COHFACE_s20_session3_natural,16,15,16.5,1.406449794769287,-0.2840334345315534
COHFACE_s20_session3_natural,16,16,16.533333333333335,1.0766924619674683,-0.6203231060771828
COHFACE_s20_session3_natural,16,17,16.566666666666666,0.7533248066902161,-0.9224303299115163
COHFACE_s20_session3_natural,16,18,16.6,0.5599563717842102,-1.171601839663024
COHFACE_s20_session3_natural,16,19,16.633333333333333,0.42767632007598877,-1.3551974112840233
COHFACE_s20_session3_natural,16,20,16.666666666666668,0.2670217454433441,-1.4703160861547582
COHFACE_s20_session3_natural,16,21,16.7,0.0699397400021553,-1.5234124118272518
COHFACE_s20_session3_natural,16,22,16.733333333333334,-0.14720042049884796,-1.5271076190681339
COHFACE_s20_session3_natural,16,23,16.766666666666666,-0.36060231924057007,-1.4957333802256798
COHFACE_s20_session3_natural,16,24,16.8,-0.5730078816413879,-1.4413192407121422
COHFACE_s20_session3_natural,16,25,16.833333333333332,-0.7573765516281128,-1.371397988090447
COHFACE_s20_session3_natural,16,26,16.866666666666667,-0.8788699507713318,-1.2889648741236754
COHFACE_s20_session3_natural,16,27,16.9,-0.9580156803131104,-1.1938669042820684
COHFACE_s20_session3_natural,16,28,16.933333333333334,-1.0285073518753052,-1.08456896896154
COHFACE_s20_session3_natural,16,29,16.966666666666665,-1.1030420064926147,-0.9596337516814077
COHFACE_s20_session3_natural,16,30,17.0,-1.1796187162399292,-0.8188534444974526
COHFACE_s20_session3_natural,16,31,17.033333333333335,-1.1742088794708252,-0.6642260777711125
COHFACE_s20_session3_natural,16,32,17.066666666666666,-0.8252745270729065,-0.5006759903065854
COHFACE_s20_session3_natural,16,33,17.1,-0.03022749163210392,-0.3359810873288567
COHFACE_s20_session3_natural,16,34,17.133333333333333,0.8079412579536438,-0.17937113661163445
COHFACE_s20_session3_natural,16,35,17.166666666666668,1.3674615621566772,-0.038952447659061695
COHFACE_s20_session3_natural,16,36,17.2,1.6525572538375854,0.08086361169881749
COHFACE_s20_session3_natural,16,37,17.233333333333334,1.7404475212097168,0.18039433467419544
COHFACE_s20_session3_natural,16,38,17.266666666666666,1.6447101831436157,0.2635374329879483
COHFACE_s20_session3_natural,16,39,17.3,1.3527966737747192,0.3351891493354812
COHFACE_s20_session3_natural,16,40,17.333333333333332,0.9700862169265747,0.39872420019663873
COHFACE_s20_session3_natural,16,41,17.366666666666667,0.67743980884552,0.4546609976689513
COHFACE_s20_session3_natural,16,42,17.4,0.4863686263561249,0.5005549750614745
COHFACE_s20_session3_natural,16,43,17.433333333333334,0.3107445538043976,0.5315321553757778
COHFACE_s20_session3_natural,16,44,17.466666666666665,0.11606689542531967,0.5413196465943861
COHFACE_s20_session3_natural,16,45,17.5,-0.09951703250408173,0.5241971094264991
COHFACE_s20_session3_natural,16,46,17.533333333333335,-0.33202192187309265,0.47789273790789244
COHFACE_s20_session3_natural,16,47,17.566666666666666,-0.5669394135475159,0.40634922164611936
COHFACE_s20_session3_natural,16,48,17.6,-0.7732435464859009,0.3205342787053448
COHFACE_s20_session3_natural,16,49,17.633333333333333,-0.9191509485244751,0.23596035767630924
COHFACE_s20_session3_natural,16,50,17.666666666666668,-1.0055919885635376,0.16739208460985172
COHFACE_s20_session3_natural,16,51,17.7,-1.0673474073410034,0.12326433718305906
COHFACE_s20_session3_natural,16,52,17.733333333333334,-1.1599228382110596,0.1030657170658785
COHFACE_s20_session3_natural,16,53,17.766666666666666,-1.230480432510376,0.0993143970693038
COHFACE_s20_session3_natural,16,54,17.8,-1.2681511640548706,0.10246408348338024
COHFACE_s20_session3_natural,16,55,17.833333333333332,-1.2058029174804688,0.10515391340994472
COHFACE_s20_session3_natural,16,56,17.866666666666667,-0.7363220453262329,0.10363059124825413
COHFACE_s20_session3_natural,16,57,17.9,0.12497613579034805,0.09687162314870537
COHFACE_s20_session3_natural,16,58,17.933333333333334,0.909763514995575,0.08509352479296811
COHFACE_s20_session3_natural,16,59,17.966666666666665,1.3908627033233643,0.06884396812214355
COHFACE_s20_session3_natural,16,60,18.0,1.6213585138320923,0.0489822095343952
COHFACE_s20_session3_natural,16,61,18.033333333333335,1.6653941869735718,0.027164003014368714
COHFACE_s20_session3_natural,16,62,18.066666666666666,1.5122655630111694,0.006136549580280958
COHFACE_s20_session3_natural,16,63,18.1,1.1679010391235352,-0.010673362313650556
COHFACE_s20_session3_natural,16,64,18.133333333333333,0.7895793318748474,-0.020259677601758223
COHFACE_s20_session3_natural,16,65,18.166666666666668,0.5197659730911255,-0.021393334965513877
COHFACE_s20_session3_natural,16,66,18.2,0.33630305528640747,-0.01579745990255113
COHFACE_s20_session3_natural,16,67,18.233333333333334,0.15741829574108124,-0.008758359097022338
COHFACE_s20_session3_natural,16,68,18.266666666666666,-0.04872117191553116,-0.008612396481566371
COHFACE_s20_session3_natural,16,69,18.3,-0.2771996259689331,-0.024575798273531707
COHFACE_s20_session3_natural,16,70,18.333333333333332,-0.5099844932556152,-0.06308449770215603
COHFACE_s20_session3_natural,16,71,18.366666666666667,-0.7303606271743774,-0.12395816922458593
COHFACE_s20_session3_natural,16,72,18.4,-0.9199496507644653,-0.19853199987882492
COHFACE_s20_session3_natural,16,73,18.433333333333334,-1.0577383041381836,-0.2715059970306727
COHFACE_s20_session3_natural,16,74,18.466666666666665,-1.137065052986145,-0.32638854867733014
COHFACE_s20_session3_natural,16,75,18.5,-1.2006155252456665,-0.3520336670046967
COHFACE_s20_session3_natural,16,76,18.533333333333335,-1.2568622827529907,-0.3465426029509039
COHFACE_s20_session3_natural,16,77,18.566666666666666,-1.2903666496276855,-0.3161886950091074
COHFACE_s20_session3_natural,16,78,18.6,-1.317061424255371,-0.27061285821644854
COHFACE_s20_session3_natural,16,79,18.633333333333333,-1.2698720693588257,-0.21803617102271367
COHFACE_s20_session3_natural,16,80,18.666666666666668,-0.8129152059555054,-0.16320287789144972
COHFACE_s20_session3_natural,16,81,18.7,0.05469851195812225,-0.10799534224141814
COHFACE_s20_session3_natural,16,82,18.733333333333334,0.8340185284614563,-0.053081102569418136
COHFACE_s20_session3_natural,16,83,18.766666666666666,1.2817120552062988,0.0008851993987024809
COHFACE_s20_session3_natural,16,84,18.8,1.46622896194458,0.05300760679988087
COHFACE_s20_session3_natural,16,85,18.833333333333332,1.4728573560714722,0.10248510100541475
COHFACE_s20_session3_natural,16,86,18.866666666666667,1.292235255241394,0.14894641406612508
COHFACE_s20_session3_natural,16,87,18.9,0.9570187330245972,0.19247585709658388
COHFACE_s20_session3_natural,16,88,18.933333333333334,0.630999743938446,0.2333910581891754
COHFACE_s20_session3_natural,16,89,18.966666666666665,0.42714935541152954,0.27192824621465106
COHFACE_s20_session3_natural,16,90,19.0,0.29892870783805847,0.307785947208428
COHFACE_s20_session3_natural,16,91,19.033333333333335,0.16291041672229767,0.33938727096460247
COHFACE_s20_session3_natural,16,92,19.066666666666666,-0.008769555017352104,0.36305449919578897
COHFACE_s20_session3_natural,16,93,19.1,-0.21324574947357178,0.3727542918468213
COHFACE_s20_session3_natural,16,94,19.133333333333333,-0.4312175512313843,0.3611381243569529
COHFACE_s20_session3_natural,16,95,19.166666666666668,-0.6397119760513306,0.3219846399675392
COHFACE_s20_session3_natural,16,96,19.2,-0.8152124881744385,0.253087093851345
COHFACE_s20_session3_natural,16,97,19.233333333333334,-0.9475831389427185,0.15795977608074832
COHFACE_s20_session3_natural,16,98,19.266666666666666,-1.0236986875534058,0.045203584271838175
COHFACE_s20_session3_natural,16,99,19.3,-1.0748815536499023,-0.07407712220883657
COHFACE_s20_session3_natural,16,100,19.333333333333332,-1.1299673318862915,-0.1888188875923771
COHFACE_s20_session3_natural,16,101,19.366666666666667,-1.1772308349609375,-0.28870541351201073
COHFACE_s20_session3_natural,16,102,19.4,-1.215807318687439,-0.36359507068121366
COHFACE_s20_session3_natural,16,103,19.433333333333334,-1.168519139289856,-0.4040510967961662
COHFACE_s20_session3_natural,16,104,19.466666666666665,-0.7499082684516907,-0.4042482708195983
COHFACE_s20_session3_natural,16,105,19.5,0.081426240503788,-0.36571269829623093
COHFACE_s20_session3_natural,16,106,19.533333333333335,0.8783177137374878,-0.29865704846583957
COHFACE_s20_session3_natural,16,107,19.566666666666666,1.3527307510375977,-0.21887233578619
COHFACE_s20_session3_natural,16,108,19.6,1.5546132326126099,-0.14161837746230937
COHFACE_s20_session3_natural,16,109,19.633333333333333,1.5933709144592285,-0.07635745362426291
COHFACE_s20_session3_natural,16,110,19.666666666666668,1.461164951324463,-0.025074892244577384
COHFACE_s20_session3_natural,16,111,19.7,1.154660701751709,0.01585368814763134
COHFACE_s20_session3_natural,16,112,19.733333333333334,0.8171716332435608,0.05190888157609371
COHFACE_s20_session3_natural,16,113,19.766666666666666,0.5846255421638489,0.08660597148793045
COHFACE_s20_session3_natural,16,114,19.8,0.42241474986076355,0.11904944306007084
COHFACE_s20_session3_natural,16,115,19.833333333333332,0.2673511207103729,0.143747434357448
COHFACE_s20_session3_natural,16,116,19.866666666666667,0.08554326742887497,0.15280710252663285
COHFACE_s20_session3_natural,16,117,19.9,-0.1365455538034439,0.1397265667695747
COHFACE_s20_session3_natural,16,118,19.933333333333334,-0.3749954402446747,0.10319800259746155
COHFACE_s20_session3_natural,16,119,19.966666666666665,-0.5899288654327393,0.049097967187234914
COHFACE_s20_session3_natural,16,120,20.0,-0.7836431860923767,-0.010507019590029983
COHFACE_s20_session3_natural,16,121,20.033333333333335,-0.9404277205467224,-0.06111041632300007
COHFACE_s20_session3_natural,16,122,20.066666666666666,-1.0324268341064453,-0.09055433196799904
COHFACE_s20_session3_natural,16,123,20.1,-1.0937045812606812,-0.09260942950312408
COHFACE_s20_session3_natural,16,124,20.133333333333333,-1.1619071960449219,-0.06801407979840186
COHFACE_s20_session3_natural,16,125,20.166666666666668,-1.2396037578582764,-0.02319059778616135
COHFACE_s20_session3_natural,16,126,20.2,-1.2954964637756348,0.03213095854809816
COHFACE_s20_session3_natural,16,127,20.233333333333334,-1.2133783102035522,0.0871460348059295
COHFACE_s20_session3_natural,16,128,20.266666666666666,-0.6913641691207886,0.13158870566864247
COHFACE_s20_session3_natural,16,129,20.3,0.18137115240097046,0.15706457277719874
COHFACE_s20_session3_natural,16,130,20.333333333333332,0.9350503087043762,0.1586514090782666
COHFACE_s20_session3_natural,16,131,20.366666666666667,1.3836579322814941,0.13675136492970894
COHFACE_s20_session3_natural,16,132,20.4,1.5875905752182007,0.09826378508559669
COHFACE_s20_session3_natural,16,133,20.433333333333334,1.618863582611084,0.05574054822380874
COHFACE_s20_session3_natural,16,134,20.466666666666665,1.4604074954986572,0.023900150682768857
COHFACE_s20_session3_natural,16,135,20.5,1.1285505294799805,0.014473712234984887
COHFACE_s20_session3_natural,16,136,20.533333333333335,0.7862445712089539,0.031794292617410846
COHFACE_s20_session3_natural,16,137,20.566666666666666,0.5424013733863831,0.07135870133721355
COHFACE_s20_session3_natural,16,138,20.6,0.3845216631889343,0.12153060499282894
COHFACE_s20_session3_natural,16,139,20.633333333333333,0.22362007200717926,0.1667259680702884
COHFACE_s20_session3_natural,16,140,20.666666666666668,0.01687127910554409,0.19064923279663254
COHFACE_s20_session3_natural,16,141,20.7,-0.21289990842342377,0.17943851797688978
COHFACE_s20_session3_natural,16,142,20.733333333333334,-0.44230881333351135,0.12507478790463109
COHFACE_s20_session3_natural,16,143,20.766666666666666,-0.6718165278434753,0.02868772394756366
COHFACE_s20_session3_natural,16,144,20.8,-0.8818589448928833,-0.09773369160595155
COHFACE_s20_session3_natural,16,145,20.833333333333332,-1.0284826755523682,-0.23290691105257505
COHFACE_s20_session3_natural,16,146,20.866666666666667,-1.1151707172393799,-0.3513963747675448
COHFACE_s20_session3_natural,16,147,20.9,-1.1838921308517456,-0.4306950165421928
COHFACE_s20_session3_natural,16,148,20.933333333333334,-1.2567552328109741,-0.45756909696926246
COHFACE_s20_session3_natural,16,149,20.966666666666665,-1.3263412714004517,-0.4312843233961475
COHFACE_s20_session3_natural,16,150,21.0,-1.372418999671936,-0.3626430192970297
COHFACE_s20_session3_natural,16,151,21.033333333333335,-1.2770192623138428,-0.2694659727511701
COHFACE_s20_session3_natural,16,152,21.066666666666666,-0.7498012185096741,-0.17051449359184598
COHFACE_s20_session3_natural,16,153,21.1,0.12542077898979187,-0.0802278222885894
COHFACE_s20_session3_natural,16,154,21.133333333333333,0.901084840297699,-0.005912469276948594
COHFACE_s20_session3_natural,16,155,21.166666666666668,1.3743369579315186,0.052214077760347054
COHFACE_s20_session3_natural,16,156,21.2,1.6111071109771729,0.09872324432077627
COHFACE_s20_session3_natural,16,157,21.233333333333334,1.6734141111373901,0.13959643636473473
COHFACE_s20_session3_natural,16,158,21.266666666666666,1.524320125579834,0.17914849203502659
COHFACE_s20_session3_natural,16,159,21.3,1.198259949684143,0.2183514034786482
COHFACE_s20_session3_natural,16,160,21.333333333333332,0.8450521230697632,0.25489230474910374
COHFACE_s20_session3_natural,16,161,21.366666666666667,0.5759304165840149,0.2844466670854264
COHFACE_s20_session3_natural,16,162,21.4,0.3956623375415802,0.3021924840563373
COHFACE_s20_session3_natural,16,163,21.433333333333334,0.2316153347492218,0.3037877440253102
COHFACE_s20_session3_natural,16,164,21.466666666666665,0.03650125861167908,0.28574198988257865
COHFACE_s20_session3_natural,16,165,21.5,-0.18634510040283203,0.24577702083047262
COHFACE_s20_session3_natural,16,166,21.533333333333335,-0.41223806142807007,0.18382530576907702
COHFACE_s20_session3_natural,16,167,21.566666666666666,-0.6239437460899353,0.10359639823178986
COHFACE_s20_session3_natural,16,168,21.6,-0.8188437223434448,0.013605662606471657
COHFACE_s20_session3_natural,16,169,21.633333333333333,-0.9673365950584412,-0.0737590837969832
COHFACE_s20_session3_natural,16,170,21.666666666666668,-1.061418890953064,-0.14554005901566958
COHFACE_s20_session3_natural,16,171,21.7,-1.1389589309692383,-0.19258760444333284
COHFACE_s20_session3_natural,16,172,21.733333333333334,-1.2086684703826904,-0.21263299180455655
COHFACE_s20_session3_natural,16,173,21.766666666666666,-1.2736103534698486,-0.21024365011264265
COHFACE_s20_session3_natural,16,174,21.8,-1.334303617477417,-0.193922705253832
COHFACE_s20_session3_natural,16,175,21.833333333333332,-1.3373831510543823,-0.17236251492098012
COHFACE_s20_session3_natural,16,176,21.866666666666667,-1.0015326738357544,-0.15175843680911758
COHFACE_s20_session3_natural,16,177,21.9,-0.18197281658649445,-0.134777532150772
COHFACE_s20_session3_natural,16,178,21.933333333333334,0.699679970741272,-0.12071832753892596
COHFACE_s20_session3_natural,16,179,21.966666666666665,1.302618384361267,-0.10622093327473933
COHFACE_s20_session3_natural,16,180,22.0,1.6245697736740112,-0.08633957799637479
COHFACE_s20_session3_natural,16,181,22.033333333333335,1.7484757900238037,-0.05606463396915194
COHFACE_s20_session3_natural,16,182,22.066666666666666,1.686901569366455,-0.012030363764138763
COHFACE_s20_session3_natural,16,183,22.1,1.4182326793670654,0.04617967214451317
COHFACE_s20_session3_natural,16,184,22.133333333333333,1.0466711521148682,0.11538928595410662
COHFACE_s20_session3_natural,16,185,22.166666666666668,0.7412207722663879,0.18864474535906942
COHFACE_s20_session3_natural,16,186,22.2,0.5337967872619629,0.25537321360505577
COHFACE_s20_session3_natural,16,187,22.233333333333334,0.3748878240585327,0.3022183699818468
COHFACE_s20_session3_natural,16,188,22.266666666666666,0.19985659420490265,0.31512481766215766
COHFACE_s20_session3_natural,16,189,22.3,-0.016443690285086632,0.28298134826017024
COHFACE_s20_session3_natural,16,190,22.333333333333332,-0.250570684671402,0.20236013981412687
COHFACE_s20_session3_natural,16,191,22.366666666666667,-0.476447194814682,0.08176838631709661
COHFACE_s20_session3_natural,16,192,22.4,-0.672236442565918,-0.05710034767003863
COHFACE_s20_session3_natural,16,193,22.433333333333334,-0.8392559289932251,-0.18341826273565798
COHFACE_s20_session3_natural,16,194,22.466666666666665,-0.9648663997650146,-0.2668623549629847
COHFACE_s20_session3_natural,16,195,22.5,-1.0519084930419922,-0.28956442879570615
COHFACE_s20_session3_natural,16,196,22.533333333333335,-1.1227461099624634,-0.2539743396154538
COHFACE_s20_session3_natural,16,197,22.566666666666666,-1.1826817989349365,-0.1812554131499886
COHFACE_s20_session3_natural,16,198,22.6,-1.2465862035751343,-0.1008950761430559
COHFACE_s20_session3_natural,16,199,22.633333333333333,-1.2921946048736572,-0.03794932049365273
COHFACE_s20_session3_natural,16,200,22.666666666666668,-1.15055251121521,-0.004556674132816111
COHFACE_s20_session3_natural,16,201,22.7,-0.5366957187652588,0.0015391436765925695
COHFACE_s20_session3_natural,16,202,22.733333333333334,0.3561965227127075,-0.007371864688247843
COHFACE_s20_session3_natural,16,203,22.766666666666666,1.0523278713226318,-0.015995711997375536
COHFACE_s20_session3_natural,16,204,22.8,1.418380856513977,-0.012522921439449556
COHFACE_s20_session3_natural,16,205,22.833333333333332,1.5544568300247192,0.007442352998047099
COHFACE_s20_session3_natural,16,206,22.866666666666667,1.5159296989440918,0.040098064354279574
COHFACE_s20_session3_natural,16,207,22.9,1.278714895248413,0.0754599226996387
COHFACE_s20_session3_natural,16,208,22.933333333333334,0.9347209334373474,0.10147679971747497
COHFACE_s20_session3_natural,16,209,22.966666666666665,0.6427003145217896,0.1090531665913944
COHFACE_s20_session3_natural,16,210,23.0,0.46752089262008667,0.09590841456317409
COHFACE_s20_session3_natural,16,211,23.033333333333335,0.34760016202926636,0.06717323516645216
COHFACE_s20_session3_natural,16,212,23.066666666666666,0.198884978890419,0.03233836159231317
COHFACE_s20_session3_natural,16,213,23.1,0.008110249415040016,0.0004573199003245418
COHFACE_s20_session3_natural,16,214,23.133333333333333,-0.20834648609161377,-0.023470838920951143
COHFACE_s20_session3_natural,16,215,23.166666666666668,-0.4249267280101776,-0.03904358203203171
COHFACE_s20_session3_natural,16,216,23.2,-0.6242895722389221,-0.04842522585592203
COHFACE_s20_session3_natural,16,217,23.233333333333334,-0.8026803135871887,-0.0539683661936902
COHFACE_s20_session3_natural,16,218,23.266666666666666,-0.9414487481117249,-0.05727853336347483
COHFACE_s20_session3_natural,16,219,23.3,-1.018980622291565,-0.05974350974931225
COHFACE_s20_session3_natural,16,220,23.333333333333332,-1.0630656480789185,-0.06319415893182485
COHFACE_s20_session3_natural,16,221,23.366666666666667,-1.1092092990875244,-0.06943761009556669
COHFACE_s20_session3_natural,16,222,23.4,-1.171318769454956,-0.07872122508109211
COHFACE_s20_session3_natural,16,223,23.433333333333334,-1.2243707180023193,-0.08839247603062692
COHFACE_s20_session3_natural,16,224,23.466666666666665,-1.1943165063858032,-0.09295918467878193
COHFACE_s20_session3_natural,16,225,23.5,-0.7973528504371643,-0.08574236376700957
COHFACE_s20_session3_natural,16,226,23.533333333333335,0.02788843959569931,-0.06135423008208303
COHFACE_s20_session3_natural,16,227,23.566666666666666,0.8436852693557739,-0.017973584905778696
COHFACE_s20_session3_natural,16,228,23.6,1.3474609851837158,0.04119860343690421
COHFACE_s20_session3_natural,16,229,23.633333333333333,1.5743584632873535,0.10757797290210601
COHFACE_s20_session3_natural,16,230,23.666666666666668,1.6307041645050049,0.1683696187885434
COHFACE_s20_session3_natural,16,231,23.7,1.518449306488037,0.2096728360134133
COHFACE_s20_session3_natural,16,232,23.733333333333334,1.221587061882019,0.22101082658748533
COHFACE_s20_session3_natural,16,233,23.766666666666666,0.8873916268348694,0.19961965102103385
COHFACE_s20_session3_natural,16,234,23.8,0.6630631685256958,0.15242030736197457
COHFACE_s20_session3_natural,16,235,23.833333333333332,0.5242123603820801,0.09427567969418056
COHFACE_s20_session3_natural,16,236,23.866666666666667,0.38089868426322937,0.042656912607662814
COHFACE_s20_session3_natural,16,237,23.9,0.19132612645626068,0.010651816657308001
COHFACE_s20_session3_natural,16,238,23.933333333333334,-0.025180019438266754,0.001483774234211688
COHFACE_s20_session3_natural,16,239,23.966666666666665,-0.241817906498909,0.007366300533033903
COHFACE_s20_session3_natural,17,0,17.0,-1.1796187162399292,0.026449065605684503
COHFACE_s20_session3_natural,17,1,17.033333333333335,-1.1742088794708252,2.653470523237285
COHFACE_s20_session3_natural,17,2,17.066666666666666,-0.8252745270729065,4.8750708971837895
COHFACE_s20_session3_natural,17,3,17.1,-0.03022749163210392,6.384843680536048
COHFACE_s20_session3_natural,17,4,17.133333333333333,0.8079412579536438,7.045358984511665
COHFACE_s20_session3_natural,17,5,17.166666666666668,1.3674615621566772,6.9063539942766985
COHFACE_s20_session3_natural,17,6,17.2,1.6525572538375854,6.1642937044601585
COHFACE_s20_session3_natural,17,7,17.233333333333334,1.7404475212097168,5.085350621349246
COHFACE_s20_session3_natural,17,8,17.266666666666666,1.6447101831436157,3.925080804826516
COHFACE_s20_session3_natural,17,9,17.3,1.3527966737747192,2.8707607748915613
COHFACE_s20_session3_natural,17,10,17.333333333333332,0.9700862169265747,2.017863793032819
COHFACE_s20_session3_natural,17,11,17.366666666666667,0.67743980884552,1.3782182161920549
COHFACE_s20_session3_natural,17,12,17.4,0.4863686263561249,0.9079909151985696
COHFACE_s20_session3_natural,17,13,17.433333333333334,0.3107445538043976,0.540922187326789
COHFACE_s20_session3_natural,17,14,17.466666666666665,0.11606689542531967,0.21563659063185753
COHFACE_s20_session3_natural,17,15,17.5,-0.09951703250408173,-0.10809218260807307
COHFACE_s20_session3_natural,17,16,17.533333333333335,-0.33202192187309265,-0.44418417451978187
COHFACE_s20_session3_natural,17,17,17.566666666666666,-0.5669394135475159,-0.7835657585629368
COHFACE_s20_session3_natural,17,18,17.6,-0.7732435464859009,-1.1025658025913285
COHFACE_s20_session3_natural,17,19,17.633333333333333,-0.9191509485244751,-1.3732401579547602
COHFACE_s20_session3_natural,17,20,17.666666666666668,-1.0055919885635376,-1.5728598040096198
COHFACE_s20_session3_natural,17,21,17.7,-1.0673474073410034,-1.6902042327522673
COHFACE_s20_session3_natural,17,22,17.733333333333334,-1.1599228382110596,-1.7271055463922156
COHFACE_s20_session3_natural,17,23,17.766666666666666,-1.230480432510376,-1.695354552824768
COHFACE_s20_session3_natural,17,24,17.8,-1.2681511640548706,-1.6112320073347555
COHFACE_s20_session3_natural,17,25,17.833333333333332,-1.2058029174804688,-1.4907751934390026
COHFACE_s20_session3_natural,17,26,17.866666666666667,-0.7363220453262329,-1.3474173333033415
COHFACE_s20_session3_natural,17,27,17.9,0.12497613579034805,-1.1915294758822221
COHFACE_s20_session3_natural,17,28,17.933333333333334,0.909763514995575,-1.0306663240625586
COHFACE_s20_session3_natural,17,29,17.966666666666665,1.3908627033233643,-0.8698428934072193
COHFACE_s20_session3_natural,17,30,18.0,1.6213585138320923,-0.7118309353541685
COHFACE_s20_session3_natural,17,31,18.033333333333335,1.6653941869735718,-0.557696027916505
COHFACE_s20_session3_natural,17,32,18.066666666666666,1.5122655630111694,-0.40760609093195443
COHFACE_s20_session3_natural,17,33,18.1,1.1679010391235352,-0.2616764791142425
COHFACE_s20_session3_natural,17,34,18.133333333333333,0.7895793318748474,-0.12061337354492287
COHFACE_s20_session3_natural,17,35,18.166666666666668,0.5197659730911255,0.013830719461467574
COHFACE_s20_session3_natural,17,36,18.2,0.33630305528640747,0.13835267843085658
COHFACE_s20_session3_natural,17,37,18.233333333333334,0.15741829574108124,0.2474923492013974
COHFACE_s20_session3_natural,17,38,18.266666666666666,-0.04872117191553116,0.3334785718504224
COHFACE_s20_session3_natural,17,39,18.3,-0.2771996259689331,0.38747080652768556
COHFACE_s20_session3_natural,17,40,18.333333333333332,-0.5099844932556152,0.4026597486467966
COHFACE_s20_session3_natural,17,41,18.366666666666667,-0.7303606271743774,0.3783728006426813
COHFACE_s20_session3_natural,17,42,18.4,-0.9199496507644653,0.32295078816606243
COHFACE_s20_session3_natural,17,43,18.433333333333334,-1.0577383041381836,0.25300039492896814
COHFACE_s20_session3_natural,17,44,18.466666666666665,-1.137065052986145,0.18836148851475168
COHFACE_s20_session3_natural,17,45,18.5,-1.2006155252456665,0.144916594749524
COHFACE_s20_session3_natural,17,46,18.533333333333335,-1.2568622827529907,0.12931083711981384
COHFACE_s20_session3_natural,17,47,18.566666666666666,-1.2903666496276855,0.1387015130441218
COHFACE_s20_session3_natural,17,48,18.6,-1.317061424255371,0.16487913279493682
COHFACE_s20_session3_natural,17,49,18.633333333333333,-1.2698720693588257,0.1991121553857924
COHFACE_s20_session3_natural,17,50,18.666666666666668,-0.8129152059555054,0.2347837592100662
COHFACE_s20_session3_natural,17,51,18.7,0.05469851195812225,0.2675649610952909
COHFACE_s20_session3_natural,17,52,18.733333333333334,0.8340185284614563,0.29445064321245706
COHFACE_s20_session3_natural,17,53,18.766666666666666,1.2817120552062988,0.31294594476736914
COHFACE_s20_session3_natural,17,54,18.8,1.46622896194458,0.32096452306923184
COHFACE_s20_session3_natural,17,55,18.833333333333332,1.4728573560714722,0.3173175453090257
COHFACE_s20_session3_natural,17,56,18.866666666666667,1.292235255241394,0.30236711958707935
COHFACE_s20_session3_natural,17,57,18.9,0.9570187330245972,0.27844459395034543
COHFACE_s20_session3_natural,17,58,18.933333333333334,0.630999743938446,0.2497716898647024
COHFACE_s20_session3_natural,17,59,18.966666666666665,0.42714935541152954,0.22173543633816706
COHFACE_s20_session3_natural,17,60,19.0,0.29892870783805847,0.1994648159054053
COHFACE_s20_session3_natural,17,61,19.033333333333335,0.16291041672229767,0.18587369297657746
COHFACE_s20_session3_natural,17,62,19.066666666666666,-0.008769555017352104,0.179727583459511
COHFACE_s20_session3_natural,17,63,19.1,-0.21324574947357178,0.17466191025920716
COHFACE_s20_session3_natural,17,64,19.133333333333333,-0.4312175512313843,0.160086568627909
COHFACE_s20_session3_natural,17,65,19.166666666666668,-0.6397119760513306,0.12426997876640437
COHFACE_s20_session3_natural,17,66,19.2,-0.8152124881744385,0.058722430357612404
COHFACE_s20_session3_natural,17,67,19.233333333333334,-0.9475831389427185,-0.037980228107108785
COHFACE_s20_session3_natural,17,68,19.266666666666666,-1.0236986875534058,-0.15878104599080423
COHFACE_s20_session3_natural,17,69,19.3,-1.0748815536499023,-0.2897224716107708
COHFACE_s20_session3_natural,17,70,19.333333333333332,-1.1299673318862915,-0.4133102397034561
COHFACE_s20_session3_natural,17,71,19.366666666666667,-1.1772308349609375,-0.5118489811889573
COHFACE_s20_session3_natural,17,72,19.4,-1.215807318687439,-0.5702353963691001
COHFACE_s20_session3_natural,17,73,19.433333333333334,-1.168519139289856,-0.5788846927519335
COHFACE_s20_session3_natural,17,74,19.466666666666665,-0.7499082684516907,-0.536721543408521
COHFACE_s20_session3_natural,17,75,19.5,0.081426240503788,-0.452629386895984
COHFACE_s20_session3_natural,17,76,19.533333333333335,0.8783177137374878,-0.34352895738049344
COHFACE_s20_session3_natural,17,77,19.566666666666666,1.3527307510375977,-0.22898875317211176
COHFACE_s20_session3_natural,17,78,19.6,1.5546132326126099,-0.12483876046132744
COHFACE_s20_session3_natural,17,79,19.633333333333333,1.5933709144592285,-0.03921954150172474
COHFACE_s20_session3_natural,17,80,19.666666666666668,1.461164951324463,0.0273794178136781
COHFACE_s20_session3_natural,17,81,19.7,1.154660701751709,0.07919891959095723
COHFACE_s20_session3_natural,17,82,19.733333333333334,0.8171716332435608,0.12149651451093364
COHFACE_s20_session3_natural,17,83,19.766666666666666,0.5846255421638489,0.15758037532811725
COHFACE_s20_session3_natural,17,84,19.8,0.42241474986076355,0.18732694082109252
COHFACE_s20_session3_natural,17,85,19.833333333333332,0.2673511207103729,0.20736514959291993
COHFACE_s20_session3_natural,17,86,19.866666666666667,0.08554326742887497,0.2127322700146785
COHFACE_s20_session3_natural,17,87,19.9,-0.1365455538034439,0.19943005330112268
COHFACE_s20_session3_natural,17,88,19.933333333333334,-0.3749954402446747,0.16691513897417942
COHFACE_s20_session3_natural,17,89,19.966666666666665,-0.5899288654327393,0.11944948329398924
COHFACE_s20_session3_natural,17,90,20.0,-0.7836431860923767,0.06566695578448592
COHFACE_s20_session3_natural,17,91,20.033333333333335,-0.9404277205467224,0.01649544723523167
COHFACE_s20_session3_natural,17,92,20.066666666666666,-1.0324268341064453,-0.0177179455349351
COHFACE_s20_session3_natural,17,93,20.1,-1.0937045812606812,-0.029783259277653303
COHFACE_s20_session3_natural,17,94,20.133333333333333,-1.1619071960449219,-0.01718439836601434
COHFACE_s20_session3_natural,17,95,20.166666666666668,-1.2396037578582764,0.017583596619422357
COHFACE_s20_session3_natural,17,96,20.2,-1.2954964637756348,0.06748410359778212
COHFACE_s20_session3_natural,17,97,20.233333333333334,-1.2133783102035522,0.12185901112872852
COHFACE_s20_session3_natural,17,98,20.266666666666666,-0.6913641691207886,0.16791110918821203
COHFACE_s20_session3_natural,17,99,20.3,0.18137115240097046,0.193151503900113
COHFACE_s20_session3_natural,17,100,20.333333333333332,0.9350503087043762,0.18880089627510677
COHFACE_s20_session3_natural,17,101,20.366666666666667,1.3836579322814941,0.15322545924171754
COHFACE_s20_session3_natural,17,102,20.4,1.5875905752182007,0.09376384101352314
COHFACE_s20_session3_natural,17,103,20.433333333333334,1.618863582611084,0.02543856312931942
COHFACE_s20_session3_natural,17,104,20.466666666666665,1.4604074954986572,-0.033700641985687625
COHFACE_s20_session3_natural,17,105,20.5,1.1285505294799805,-0.068939111331065
COHFACE_s20_session3_natural,17,106,20.533333333333335,0.7862445712089539,-0.07388294782311969
COHFACE_s20_session3_natural,17,107,20.566666666666666,0.5424013733863831,-0.051599467849058264
COHFACE_s20_session3_natural,17,108,20.6,0.3845216631889343,-0.01217688197797548
COHFACE_s20_session3_natural,17,109,20.633333333333333,0.22362007200717926,0.03083397930616046
COHFACE_s20_session3_natural,17,110,20.666666666666668,0.01687127910554409,0.06316078171726598
COHFACE_s20_session3_natural,17,111,20.7,-0.21289990842342377,0.07176596860606121
COHFACE_s20_session3_natural,17,112,20.733333333333334,-0.44230881333351135,0.04707371691332111
COHFACE_s20_session3_natural,17,113,20.766666666666666,-0.6718165278434753,-0.01407551510273985
COHFACE_s20_session3_natural,17,114,20.8,-0.8818589448928833,-0.10572978566745965
COHFACE_s20_session3_natural,17,115,20.833333333333332,-1.0284826755523682,-0.21228768341632942
COHFACE_s20_session3_natural,17,116,20.866666666666667,-1.1151707172393799,-0.3114389602195337
COHFACE_s20_session3_natural,17,117,20.9,-1.1838921308517456,-0.38017120091731654
COHFACE_s20_session3_natural,17,118,20.933333333333334,-1.2567552328109741,-0.4016670531340894
COHFACE_s20_session3_natural,17,119,20.966666666666665,-1.3263412714004517,-0.37026791173166573
COHFACE_s20_session3_natural,17,120,21.0,-1.372418999671936,-0.29260185531025396
COHFACE_s20_session3_natural,17,121,21.033333333333335,-1.2770192623138428,-0.18477233895674933
COHFACE_s20_session3_natural,17,122,21.066666666666666,-0.7498012185096741,-0.06706687865167066
COHFACE_s20_session3_natural,17,123,21.1,0.12542077898979187,0.04170676407251735
COHFACE_s20_session3_natural,17,124,21.133333333333333,0.901084840297699,0.128485261706118
COHFACE_s20_session3_natural,17,125,21.166666666666668,1.3743369579315186,0.18787169039916066
COHFACE_s20_session3_natural,17,126,21.2,1.6111071109771729,0.2215708319412798
COHFACE_s20_session3_natural,17,127,21.233333333333334,1.6734141111373901,0.2359041775152314
COHFACE_s20_session3_natural,17,128,21.266666666666666,1.524320125579834,0.23858839087484876
COHFACE_s20_session3_natural,17,129,21.3,1.198259949684143,0.23611397564065395
COHFACE_s20_session3_natural,17,130,21.333333333333332,0.8450521230697632,0.2324994691926528
COHFACE_s20_session3_natural,17,131,21.366666666666667,0.5759304165840149,0.22927034001167476
COHFACE_s20_session3_natural,17,132,21.4,0.3956623375415802,0.2258556676680881
COHFACE_s20_session3_natural,17,133,21.433333333333334,0.2316153347492218,0.21970538514551471
COHFACE_s20_session3_natural,17,134,21.466666666666665,0.03650125861167908,0.20624993717936976
COHFACE_s20_session3_natural,17,135,21.5,-0.18634510040283203,0.17954145948418065
COHFACE_s20_session3_natural,17,136,21.533333333333335,-0.41223806142807007,0.13424714619117253
COHFACE_s20_session3_natural,17,137,21.566666666666666,-0.6239437460899353,0.06863339320686564
COHFACE_s20_session3_natural,17,138,21.6,-0.8188437223434448,-0.012990097530709685
COHFACE_s20_session3_natural,17,139,21.633333333333333,-0.9673365950584412,-0.10015659377909582
COHFACE_s20_session3_natural,17,140,21.666666666666668,-1.061418890953064,-0.17910456279722092
COHFACE_s20_session3_natural,17,141,21.7,-1.1389589309692383,-0.23745237060644603
COHFACE_s20_session3_natural,17,142,21.733333333333334,-1.2086684703826904,-0.2683264214859145
COHFACE_s20_session3_natural,17,143,21.766666666666666,-1.2736103534698486,-0.27190674297486755
COHFACE_s20_session3_natural,17,144,21.8,-1.334303617477417,-0.25405782325906645
COHFACE_s20_session3_natural,17,145,21.833333333333332,-1.3373831510543823,-0.22333145837253554
COHFACE_s20_session3_natural,17,146,21.866666666666667,-1.0015326738357544,-0.1879087888434702
COHFACE_s20_session3_natural,17,147,21.9,-0.18197281658649445,-0.15338321264818144
COHFACE_s20_session3_natural,17,148,21.933333333333334,0.699679970741272,-0.12166866358490531
COHFACE_s20_session3_natural,17,149,21.966666666666665,1.302618384361267,-0.09108584269138953
COHFACE_s20_session3_natural,17,150,22.0,1.6245697736740112,-0.05761690564872281
COHFACE_s20_session3_natural,17,151,22.033333333333335,1.7484757900238037,-0.01701855879857041
COHFACE_s20_session3_natural,17,152,22.066666666666666,1.686901569366455,0.033086332637915855
COHFACE_s20_session3_natural,17,153,22.1,1.4182326793670654,0.09211633923075144
COHFACE_s20_session3_natural,17,154,22.133333333333333,1.0466711521148682,0.15660544585219052
COHFACE_s20_session3_natural,17,155,22.166666666666668,0.7412207722663879,0.22072879238452217
COHFACE_s20_session3_natural,17,156,22.2,0.5337967872619629,0.27657325929739507
COHFACE_s20_session3_natural,17,157,22.233333333333334,0.3748878240585327,0.31422082651938216
COHFACE_s20_session3_natural,17,158,22.266666666666666,0.19985659420490265,0.32249579009036633
COHFACE_s20_session3_natural,17,159,22.3,-0.016443690285086632,0.2913249114865212
COHFACE_s20_session3_natural,17,160,22.333333333333332,-0.250570684671402,0.21581765472350756
COHFACE_s20_session3_natural,17,161,22.366666666666667,-0.476447194814682,0.10079047611805
COHFACE_s20_session3_natural,17,162,22.4,-0.672236442565918,-0.03668628520032299
COHFACE_s20_session3_natural,17,163,22.433333333333334,-0.8392559289932251,-0.169307534614199
COHFACE_s20_session3_natural,17,164,22.466666666666665,-0.9648663997650146,-0.26727588311726236
COHFACE_s20_session3_natural,17,165,22.5,-1.0519084930419922,-0.30952501476170663
COHFACE_s20_session3_natural,17,166,22.533333333333335,-1.1227461099624634,-0.29239966033525905
COHFACE_s20_session3_natural,17,167,22.566666666666666,-1.1826817989349365,-0.2300224381623697
COHFACE_s20_session3_natural,17,168,22.6,-1.2465862035751343,-0.1464550737698841
COHFACE_s20_session3_natural,17,169,22.633333333333333,-1.2921946048736572,-0.06540809139976282
COHFACE_s20_session3_natural,17,170,22.666666666666668,-1.15055251121521,-0.00305284539352406
COHFACE_s20_session3_natural,17,171,22.7,-0.5366957187652588,0.034360980649258646
COHFACE_s20_session3_natural,17,172,22.733333333333334,0.3561965227127075,0.04915374369581907
COHFACE_s20_session3_natural,17,173,22.766666666666666,1.0523278713226318,0.048863571088784974
COHFACE_s20_session3_natural,17,174,22.8,1.418380856513977,0.042319446583984684
COHFACE_s20_session3_natural,17,175,22.833333333333332,1.5544568300247192,0.03616429940643619
COHFACE_s20_session3_natural,17,176,22.866666666666667,1.5159296989440918,0.03268859165871716
COHFACE_s20_session3_natural,17,177,22.9,1.278714895248413,0.029721442362300555
COHFACE_s20_session3_natural,17,178,22.933333333333334,0.9347209334373474,0.022845800137292767
COHFACE_s20_session3_natural,17,179,22.966666666666665,0.6427003145217896,0.009115518258968395
COHFACE_s20_session3_natural,17,180,23.0,0.46752089262008667,-0.009822283532421476
COHFACE_s20_session3_natural,17,181,23.033333333333335,0.34760016202926636,-0.0274716038521545
COHFACE_s20_session3_natural,17,182,23.066666666666666,0.198884978890419,-0.035709206187969904
COHFACE_s20_session3_natural,17,183,23.1,0.008110249415040016,-0.029647040715966046
COHFACE_s20_session3_natural,17,184,23.133333333333333,-0.20834648609161377,-0.010900522985792674
COHFACE_s20_session3_natural,17,185,23.166666666666668,-0.4249267280101776,0.013043473227317665
COHFACE_s20_session3_natural,17,186,23.2,-0.6242895722389221,0.03278809746136723
COHFACE_s20_session3_natural,17,187,23.233333333333334,-0.8026803135871887,0.041436267158339535
COHFACE_s20_session3_natural,17,188,23.266666666666666,-0.9414487481117249,0.03686446791344677
COHFACE_s20_session3_natural,17,189,23.3,-1.018980622291565,0.021328372479819037
COHFACE_s20_session3_natural,17,190,23.333333333333332,-1.0630656480789185,-0.00036846408446114694
COHFACE_s20_session3_natural,17,191,23.366666666666667,-1.1092092990875244,-0.02253022393702691
COHFACE_s20_session3_natural,17,192,23.4,-1.171318769454956,-0.03933553050959139
COHFACE_s20_session3_natural,17,193,23.433333333333334,-1.2243707180023193,-0.04512614418718887
COHFACE_s20_session3_natural,17,194,23.466666666666665,-1.1943165063858032,-0.03496273480539065
COHFACE_s20_session3_natural,17,195,23.5,-0.7973528504371643,-0.005710942162142814
COHFACE_s20_session3_natural,17,196,23.533333333333335,0.02788843959569931,0.04275175123518563
COHFACE_s20_session3_natural,17,197,23.566666666666666,0.8436852693557739,0.10680027308236699
COHFACE_s20_session3_natural,17,198,23.6,1.3474609851837158,0.17894005105143673
COHFACE_s20_session3_natural,17,199,23.633333333333333,1.5743584632873535,0.24812091687618731
COHFACE_s20_session3_natural,17,200,23.666666666666668,1.6307041645050049,0.3006688092714745
COHFACE_s20_session3_natural,17,201,23.7,1.518449306488037,0.3223905053526016
COHFACE_s20_session3_natural,17,202,23.733333333333334,1.221587061882019,0.30200171992921526
COHFACE_s20_session3_natural,17,203,23.766666666666666,0.8873916268348694,0.23509122525667692
COHFACE_s20_session3_natural,17,204,23.8,0.6630631685256958,0.1270955179792809
COHFACE_s20_session3_natural,17,205,23.833333333333332,0.5242123603820801,-0.006313707580259609
COHFACE_s20_session3_natural,17,206,23.866666666666667,0.38089868426322937,-0.14230560499333822
COHFACE_s20_session3_natural,17,207,23.9,0.19132612645626068,-0.256970580830551
COHFACE_s20_session3_natural,17,208,23.933333333333334,-0.025180019438266754,-0.33247001053119407
COHFACE_s20_session3_natural,17,209,23.966666666666665,-0.241817906498909,-0.36236934236411145
COHFACE_s20_session3_natural,17,210,24.0,-0.46300920844078064,-0.35253961733772904
COHFACE_s20_session3_natural,17,211,24.033333333333335,-0.6607993841171265,-0.31699247346855275
COHFACE_s20_session3_natural,17,212,24.066666666666666,-0.8060727119445801,-0.27100187989690955
COHFACE_s20_session3_natural,17,213,24.1,-0.9068822264671326,-0.22543562124231425
COHFACE_s20_session3_natural,17,214,24.133333333333333,-0.9746813774108887,-0.18481484859602024
COHFACE_s20_session3_natural,17,215,24.166666666666668,-1.0392693281173706,-0.14884684192533293
COHFACE_s20_session3_natural,17,216,24.2,-1.1085011959075928,-0.11545907955283434
COHFACE_s20_session3_natural,17,217,24.233333333333334,-1.1699519157409668,-0.08332058768013922
COHFACE_s20_session3_natural,17,218,24.266666666666666,-1.1660983562469482,-0.052817068936856386
COHFACE_s20_session3_natural,17,219,24.3,-0.851401150226593,-0.025553592325352804
COHFACE_s20_session3_natural,17,220,24.333333333333332,-0.0755147710442543,-0.0030708790159188425
COHFACE_s20_session3_natural,17,221,24.366666666666667,0.771480917930603,0.01441470807613372
COHFACE_s20_session3_natural,17,222,24.4,1.334689974784851,0.028566256046187136
COHFACE_s20_session3_natural,17,223,24.433333333333334,1.6125397682189941,0.04248157262339979
COHFACE_s20_session3_natural,17,224,24.466666666666665,1.6992197036743164,0.05954123241823639
COHFACE_s20_session3_natural,17,225,24.5,1.6076487302780151,0.08221606441598729
COHFACE_s20_session3_natural,17,226,24.533333333333335,1.3228164911270142,0.11134375066911895
COHFACE_s20_session3_natural,17,227,24.566666666666666,0.9668090343475342,0.14590291016465998
COHFACE_s20_session3_natural,17,228,24.6,0.6906554698944092,0.1829594403213021
COHFACE_s20_session3_natural,17,229,24.633333333333333,0.5040141940116882,0.21755793169470422
COHFACE_s20_session3_natural,17,230,24.666666666666668,0.3433513939380646,0.24283519274452095
COHFACE_s20_session3_natural,17,231,24.7,0.1681060940027237,0.25103496666479896
COHFACE_s20_session3_natural,17,232,24.733333333333334,-0.03871680051088333,0.23588025958277722
COHFACE_s20_session3_natural,17,233,24.766666666666666,-0.2748858630657196,0.19584340634962222
COHFACE_s20_session3_natural,17,234,24.8,-0.5171810388565063,0.13672348734587764
COHFACE_s20_session3_natural,17,235,24.833333333333332,-0.7273222804069519,0.07150091024602859
COHFACE_s20_session3_natural,17,236,24.866666666666667,-0.8888167142868042,0.016375531740978288
COHFACE_s20_session3_natural,17,237,24.9,-0.9974650144577026,-0.015933175715082133
COHFACE_s20_session3_natural,17,238,24.933333333333334,-1.066351056098938,-0.022295049284760567
COHFACE_s20_session3_natural,17,239,24.966666666666665,-1.1331621408462524,-0.010986751991252328
COHFACE_s20_session3_natural,18,0,18.0,1.6213585138320923,0.017111622031225997
COHFACE_s20_session3_natural,18,1,18.033333333333335,1.6653941869735718,2.639197491866912
COHFACE_s20_session3_natural,18,2,18.066666666666666,1.5122655630111694,4.85498491380941
COHFACE_s20_session3_natural,18,3,18.1,1.1679010391235352,6.358280663761503
COHFACE_s20_session3_natural,18,4,18.133333333333333,0.7895793318748474,7.013130565432582
COHFACE_s20_session3_natural,18,5,18.166666666666668,0.5197659730911255,6.870791828553984
COHFACE_s20_session3_natural,18,6,18.2,0.33630305528640747,6.1273892694992576
COHFACE_s20_session3_natural,18,7,18.233333333333334,0.15741829574108124,5.045703977574269
COHFACE_s20_session3_natural,18,8,18.266666666666666,-0.04872117191553116,3.875459412174684
COHFACE_s20_session3_natural,18,9,18.3,-0.2771996259689331,2.7980790478674775
COHFACE_s20_session3_natural,18,10,18.333333333333332,-0.5099844932556152,1.9063264986904198
COHFACE_s20_session3_natural,18,11,18.366666666666667,-0.7303606271743774,1.2148661483866272
COHFACE_s20_session3_natural,18,12,18.4,-0.9199496507644653,0.6887625759271874
COHFACE_s20_session3_natural,18,13,18.433333333333334,-1.0577383041381836,0.2749713613539719
COHFACE_s20_session3_natural,18,14,18.466666666666665,-1.137065052986145,-0.07404316315636937
COHFACE_s20_session3_natural,18,15,18.5,-1.2006155252456665,-0.3885981150892758
COHFACE_s20_session3_natural,18,16,18.533333333333335,-1.2568622827529907,-0.6801658541272256
COHFACE_s20_session3_natural,18,17,18.566666666666666,-1.2903666496276855,-0.945482962180294
COHFACE_s20_session3_natural,18,18,18.6,-1.317061424255371,-1.172868478377544
COHFACE_s20_session3_natural,18,19,18.633333333333333,-1.2698720693588257,-1.3489515850167955
COHFACE_s20_session3_natural,18,20,18.666666666666668,-0.8129152059555054,-1.4644853425062576
COHFACE_s20_session3_natural,18,21,18.7,0.05469851195812225,-1.5177693721225944
COHFACE_s20_session3_natural,18,22,18.733333333333334,0.8340185284614563,-1.5148402263379313
COHFACE_s20_session3_natural,18,23,18.766666666666666,1.2817120552062988,-1.4668944822121024
COHFACE_s20_session3_natural,18,24,18.8,1.46622896194458,-1.3864741347970027
COHFACE_s20_session3_natural,18,25,18.833333333333332,1.4728573560714722,-1.2841532818338743
COHFACE_s20_session3_natural,18,26,18.866666666666667,1.292235255241394,-1.1667858307385843
COHFACE_s20_session3_natural,18,27,18.9,0.9570187330245972,-1.037420491268675
COHFACE_s20_session3_natural,18,28,18.933333333333334,0.630999743938446,-0.8964163754960348
COHFACE_s20_session3_natural,18,29,18.966666666666665,0.42714935541152954,-0.7431993829074431
COHFACE_s20_session3_natural,18,30,19.0,0.29892870783805847,-0.5782272457220234
COHFACE_s20_session3_natural,18,31,19.033333333333335,0.16291041672229767,-0.4047981676316049
COHFACE_s20_session3_natural,18,32,19.066666666666666,-0.008769555017352104,-0.2302350767673796
COHFACE_s20_session3_natural,18,33,19.1,-0.21324574947357178,-0.06587486297183498
COHFACE_s20_session3_natural,18,34,19.133333333333333,-0.4312175512313843,0.07454640551209599
COHFACE_s20_session3_natural,18,35,19.166666666666668,-0.6397119760513306,0.17797552558638813
COHFACE_s20_session3_natural,18,36,19.2,-0.8152124881744385,0.23568321093277364
COHFACE_s20_session3_natural,18,37,19.233333333333334,-0.9475831389427185,0.24602328866135925
COHFACE_s20_session3_natural,18,38,19.266666666666666,-1.0236986875534058,0.2150654788836005
COHFACE_s20_session3_natural,18,39,19.3,-1.0748815536499023,0.15497422964220578
COHFACE_s20_session3_natural,18,40,19.333333333333332,-1.1299673318862915,0.0814330333744584
COHFACE_s20_session3_natural,18,41,19.366666666666667,-1.1772308349609375,0.0115572422416026
COHFACE_s20_session3_natural,18,42,19.4,-1.215807318687439,-0.03788307455252336
COHFACE_s20_session3_natural,18,43,19.433333333333334,-1.168519139289856,-0.05322234400674819
COHFACE_s20_session3_natural,18,44,19.466666666666665,-0.7499082684516907,-0.027691154299637016
COHFACE_s20_session3_natural,18,45,19.5,0.081426240503788,0.03572179487721641
COHFACE_s20_session3_natural,18,46,19.533333333333335,0.8783177137374878,0.12462770374348398
COHFACE_s20_session3_natural,18,47,19.566666666666666,1.3527307510375977,0.22136771942608202
COHFACE_s20_session3_natural,18,48,19.6,1.5546132326126099,0.3090052777747666
COHFACE_s20_session3_natural,18,49,19.633333333333333,1.5933709144592285,0.37611262685433783
COHFACE_s20_session3_natural,18,50,19.666666666666668,1.461164951324463,0.41841962606958066
COHFACE_s20_session3_natural,18,51,19.7,1.154660701751709,0.43746420089592114
COHFACE_s20_session3_natural,18,52,19.733333333333334,0.8171716332435608,0.4375938209368652
COHFACE_s20_session3_natural,18,53,19.766666666666666,0.5846255421638489,0.42282229922474174
COHFACE_s20_session3_natural,18,54,19.8,0.42241474986076355,0.3947432093635763
COHFACE_s20_session3_natural,18,55,19.833333333333332,0.2673511207103729,0.35221188349743565
COHFACE_s20_session3_natural,18,56,19.866666666666667,0.08554326742887497,0.2928724351313035
COHFACE_s20_session3_natural,18,57,19.9,-0.1365455538034439,0.21587489614410926
COHFACE_s20_session3_natural,18,58,19.933333333333334,-0.3749954402446747,0.12448563963694455
COHFACE_s20_session3_natural,18,59,19.966666666666665,-0.5899288654327393,0.027125476424675304
COHFACE_s20_session3_natural,18,60,20.0,-0.7836431860923767,-0.06403959571342567
COHFACE_s20_session3_natural,18,61,20.033333333333335,-0.9404277205467224,-0.1365901697391629
COHFACE_s20_session3_natural,18,62,20.066666666666666,-1.0324268341064453,-0.18177785344210445
COHFACE_s20_session3_natural,18,63,20.1,-1.0937045812606812,-0.19690656264599038
COHFACE_s20_session3_natural,18,64,20.133333333333333,-1.1619071960449219,-0.18525853916181817
COHFACE_s20_session3_natural,18,65,20.166666666666668,-1.2396037578582764,-0.15418567699572527
COHFACE_s20_session3_natural,18,66,20.2,-1.2954964637756348,-0.11277393010136937
COHFACE_s20_session3_natural,18,67,20.233333333333334,-1.2133783102035522,-0.07018114279535219
COHFACE_s20_session3_natural,18,68,20.266666666666666,-0.6913641691207886,-0.03477966005383632
COHFACE_s20_session3_natural,18,69,20.3,0.18137115240097046,-0.013440985150097628
COHFACE_s20_session3_natural,18,70,20.333333333333332,0.9350503087043762,-0.010312317103697392
COHFACE_s20_session3_natural,18,71,20.366666666666667,1.3836579322814941,-0.02516464230820983
COHFACE_s20_session3_natural,18,72,20.4,1.5875905752182007,-0.05224468275114789
COHFACE_s20_session3_natural,18,73,20.433333333333334,1.618863582611084,-0.08084625025110591
COHFACE_s20_session3_natural,18,74,20.466666666666665,1.4604074954986572,-0.0981578493274714
COHFACE_s20_session3_natural,18,75,20.5,1.1285505294799805,-0.09360062700543853
COHFACE_s20_session3_natural,18,76,20.533333333333335,0.7862445712089539,-0.06268845956618799
COHFACE_s20_session3_natural,18,77,20.566666666666666,0.5424013733863831,-0.008568739244451958
COHFACE_s20_session3_natural,18,78,20.6,0.3845216631889343,0.0589711483680155
COHFACE_s20_session3_natural,18,79,20.633333333333333,0.22362007200717926,0.12578694657752534
COHFACE_s20_session3_natural,18,80,20.666666666666668,0.01687127910554409,0.17586505658988777
COHFACE_s20_session3_natural,18,81,20.7,-0.21289990842342377,0.1939734264484398
COHFACE_s20_session3_natural,18,82,20.733333333333334,-0.44230881333351135,0.16889722253079148
COHFACE_s20_session3_natural,18,83,20.766666666666666,-0.6718165278434753,0.09711028857836439
COHFACE_s20_session3_natural,18,84,20.8,-0.8818589448928833,-0.014351260976197983
COHFACE_s20_session3_natural,18,85,20.833333333333332,-1.0284826755523682,-0.1476094236362358
COHFACE_s20_session3_natural,18,86,20.866666666666667,-1.1151707172393799,-0.27735581149310734
COHFACE_s20_session3_natural,18,87,20.9,-1.1838921308517456,-0.3773664713801754
COHFACE_s20_session3_natural,18,88,20.933333333333334,-1.2567552328109741,-0.4278401458771977
COHFACE_s20_session3_natural,18,89,20.966666666666665,-1.3263412714004517,-0.4206852003299089
COHFACE_s20_session3_natural,18,90,21.0,-1.372418999671936,-0.3608486129876947
COHFACE_s20_session3_natural,18,91,21.033333333333335,-1.2770192623138428,-0.2635891859222405
COHFACE_s20_session3_natural,18,92,21.066666666666666,-0.7498012185096741,-0.14913296621052713
COHFACE_s20_session3_natural,18,93,21.1,0.12542077898979187,-0.036815722459564645
COHFACE_s20_session3_natural,18,94,21.133333333333333,0.901084840297699,0.05942346440271247
COHFACE_s20_session3_natural,18,95,21.166666666666668,1.3743369579315186,0.1331224540987734
COHFACE_s20_session3_natural,18,96,21.2,1.6111071109771729,0.1847788661537489
COHFACE_s20_session3_natural,18,97,21.233333333333334,1.6734141111373901,0.219372502184352
COHFACE_s20_session3_natural,18,98,21.266666666666666,1.524320125579834,0.24313679266552296
COHFACE_s20_session3_natural,18,99,21.3,1.198259949684143,0.2608722392510339
COHFACE_s20_session3_natural,18,100,21.333333333333332,0.8450521230697632,0.27459394740399906
COHFACE_s20_session3_natural,18,101,21.366666666666667,0.5759304165840149,0.28352405490026494
COHFACE_s20_session3_natural,18,102,21.4,0.3956623375415802,0.2848502113872676
COHFACE_s20_session3_natural,18,103,21.433333333333334,0.2316153347492218,0.2746256677505027
COHFACE_s20_session3_natural,18,104,21.466666666666665,0.03650125861167908,0.24865425238518662
COHFACE_s20_session3_natural,18,105,21.5,-0.18634510040283203,0.20365185897086244
COHFACE_s20_session3_natural,18,106,21.533333333333335,-0.41223806142807007,0.13888588706249366
COHFACE_s20_session3_natural,18,107,21.566666666666666,-0.6239437460899353,0.05786916314094776
COHFACE_s20_session3_natural,18,108,21.6,-0.8188437223434448,-0.03097691681160419
COHFACE_s20_session3_natural,18,109,21.633333333333333,-0.9673365950584412,-0.11571718963750234
COHFACE_s20_session3_natural,18,110,21.666666666666668,-1.061418890953064,-0.1843075831061211
COHFACE_s20_session3_natural,18,111,21.7,-1.1389589309692383,-0.22858678515294895
COHFACE_s20_session3_natural,18,112,21.733333333333334,-1.2086684703826904,-0.2468110313025755
COHFACE_s20_session3_natural,18,113,21.766666666666666,-1.2736103534698486,-0.24339222217974593
COHFACE_s20_session3_natural,18,114,21.8,-1.334303617477417,-0.22619092372459543
COHFACE_s20_session3_natural,18,115,21.833333333333332,-1.3373831510543823,-0.2030650587729673
COHFACE_s20_session3_natural,18,116,21.866666666666667,-1.0015326738357544,-0.17934108419934913
COHFACE_s20_session3_natural,18,117,21.9,-0.18197281658649445,-0.1568692033309073
COHFACE_s20_session3_natural,18,118,21.933333333333334,0.699679970741272,-0.13436612675168186
COHFACE_s20_session3_natural,18,119,21.966666666666665,1.302618384361267,-0.1084026095228129
COHFACE_s20_session3_natural,18,120,22.0,1.6245697736740112,-0.07462730672281265
COHFACE_s20_session3_natural,18,121,22.033333333333335,1.7484757900238037,-0.029116533462726635
COHFACE_s20_session3_natural,18,122,22.066666666666666,1.686901569366455,0.030295188723942636
COHFACE_s20_session3_natural,18,123,22.1,1.4182326793670654,0.1029587192663126
COHFACE_s20_session3_natural,18,124,22.133333333333333,1.0466711521148682,0.18474074649415062
COHFACE_s20_session3_natural,18,125,22.166666666666668,0.7412207722663879,0.26767794721409444
COHFACE_s20_session3_natural,18,126,22.2,0.5337967872619629,0.34000979819785926
COHFACE_s20_session3_natural,18,127,22.233333333333334,0.3748878240585327,0.3870043290069044
COHFACE_s20_session3_natural,18,128,22.266666666666666,0.19985659420490265,0.39324094725716585
COHFACE_s20_session3_natural,18,129,22.3,-0.016443690285086632,0.3467215293367924
COHFACE_s20_session3_natural,18,130,22.333333333333332,-0.250570684671402,0.24419308856567695
COHFACE_s20_session3_natural,18,131,22.366666666666667,-0.476447194814682,0.09578418740098522
COHFACE_s20_session3_natural,18,132,22.4,-0.672236442565918,-0.07376143221661371
COHFACE_s20_session3_natural,18,133,22.433333333333334,-0.8392559289932251,-0.22957783881246246
COHFACE_s20_session3_natural,18,134,22.466666666666665,-0.9648663997650146,-0.3371488932015317
COHFACE_s20_session3_natural,18,135,22.5,-1.0519084930419922,-0.3753382224800546
COHFACE_s20_session3_natural,18,136,22.533333333333335,-1.1227461099624634,-0.34514580548539325
COHFACE_s20_session3_natural,18,137,22.566666666666666,-1.1826817989349365,-0.268326006243498
COHFACE_s20_session3_natural,18,138,22.6,-1.2465862035751343,-0.17652372003596742
COHFACE_s20_session3_natural,18,139,22.633333333333333,-1.2921946048736572,-0.09779643230099105
COHFACE_s20_session3_natural,18,140,22.666666666666668,-1.15055251121521,-0.04757217104592855
COHFACE_s20_session3_natural,18,141,22.7,-0.5366957187652588,-0.026826318633143206
COHFACE_s20_session3_natural,18,142,22.733333333333334,0.3561965227127075,-0.026092226744957873
COHFACE_s20_session3_natural,18,143,22.766666666666666,1.0523278713226318,-0.03195650716100666
COHFACE_s20_session3_natural,18,144,22.8,1.418380856513977,-0.03290041837225116
COHFACE_s20_session3_natural,18,145,22.833333333333332,1.5544568300247192,-0.02277834503356636
COHFACE_s20_session3_natural,18,146,22.866666666666667,1.5159296989440918,-0.0016861780710168647
COHFACE_s20_session3_natural,18,147,22.9,1.278714895248413,0.025274161239571786
COHFACE_s20_session3_natural,18,148,22.933333333333334,0.9347209334373474,0.05074705028619003
COHFACE_s20_session3_natural,18,149,22.966666666666665,0.6427003145217896,0.06859547384285207
COHFACE_s20_session3_natural,18,150,23.0,0.46752089262008667,0.07661070974898891
COHFACE_s20_session3_natural,18,151,23.033333333333335,0.34760016202926636,0.07691425779567083
COHFACE_s20_session3_natural,18,152,23.066666666666666,0.198884978890419,0.07388583485301281
COHFACE_s20_session3_natural,18,153,23.1,0.008110249415040016,0.07116032897054667
COHFACE_s20_session3_natural,18,154,23.133333333333333,-0.20834648609161377,0.06973226729034031
COHFACE_s20_session3_natural,18,155,23.166666666666668,-0.4249267280101776,0.06820461620959432
COHFACE_s20_session3_natural,18,156,23.2,-0.6242895722389221,0.064541810423882
COHFACE_s20_session3_natural,18,157,23.233333333333334,-0.8026803135871887,0.05768699699112274
COHFACE_s20_session3_natural,18,158,23.266666666666666,-0.9414487481117249,0.04787672066192281
COHFACE_s20_session3_natural,18,159,23.3,-1.018980622291565,0.035808954340310784
COHFACE_s20_session3_natural,18,160,23.333333333333332,-1.0630656480789185,0.02178792481952697
COHFACE_s20_session3_natural,18,161,23.366666666666667,-1.1092092990875244,0.005850249812820827
COHFACE_s20_session3_natural,18,162,23.4,-1.171318769454956,-0.011183917225143124
COHFACE_s20_session3_natural,18,163,23.433333333333334,-1.2243707180023193,-0.026717935548778604
COHFACE_s20_session3_natural,18,164,23.466666666666665,-1.1943165063858032,-0.0363353951464814
COHFACE_s20_session3_natural,18,165,23.5,-0.7973528504371643,-0.03482915985804776
COHFACE_s20_session3_natural,18,166,23.533333333333335,0.02788843959569931,-0.01781010440804543
COHFACE_s20_session3_natural,18,167,23.566666666666666,0.8436852693557739,0.016661825881555046
COHFACE_s20_session3_natural,18,168,23.6,1.3474609851837158,0.0666614997518677
COHFACE_s20_session3_natural,18,169,23.633333333333333,1.5743584632873535,0.12534820467373567
COHFACE_s20_session3_natural,18,170,23.666666666666668,1.6307041645050049,0.18085672224744698
COHFACE_s20_session3_natural,18,171,23.7,1.518449306488037,0.21794388531139486
COHFACE_s20_session3_natural,18,172,23.733333333333334,1.221587061882019,0.22159868065300248
COHFACE_s20_session3_natural,18,173,23.766666666666666,0.8873916268348694,0.18177386607536553
COHFACE_s20_session3_natural,18,174,23.8,0.6630631685256958,0.09766740880806711
COHFACE_s20_session3_natural,18,175,23.833333333333332,0.5242123603820801,-0.020138342868372745
COHFACE_s20_session3_natural,18,176,23.866666666666667,0.38089868426322937,-0.15090681316549887
COHFACE_s20_session3_natural,18,177,23.9,0.19132612645626068,-0.2686015664243024
COHFACE_s20_session3_natural,18,178,23.933333333333334,-0.025180019438266754,-0.34929189295422175
COHFACE_s20_session3_natural,18,179,23.966666666666665,-0.241817906498909,-0.3786153830091089
COHFACE_s20_session3_natural,18,180,24.0,-0.46300920844078064,-0.35600542202623
COHFACE_s20_session3_natural,18,181,24.033333333333335,-0.6607993841171265,-0.2934945009460976
COHFACE_s20_session3_natural,18,182,24.066666666666666,-0.8060727119445801,-0.20996336010308153
COHFACE_s20_session3_natural,18,183,24.1,-0.9068822264671326,-0.12420800929074365
COHFACE_s20_session3_natural,18,184,24.133333333333333,-0.9746813774108887,-0.049974982506285515
COHFACE_s20_session3_natural,18,185,24.166666666666668,-1.0392693281173706,0.0058573618289973674
COHFACE_s20_session3_natural,18,186,24.2,-1.1085011959075928,0.04245611144302609
COHFACE_s20_session3_natural,18,187,24.233333333333334,-1.1699519157409668,0.06279953427027182
COHFACE_s20_session3_natural,18,188,24.266666666666666,-1.1660983562469482,0.07128262711794213
COHFACE_s20_session3_natural,18,189,24.3,-0.851401150226593,0.07206372929942556
COHFACE_s20_session3_natural,18,190,24.333333333333332,-0.0755147710442543,0.06856052081710164
COHFACE_s20_session3_natural,18,191,24.366666666666667,0.771480917930603,0.06390948143486645
COHFACE_s20_session3_natural,18,192,24.4,1.334689974784851,0.061633633943415964
COHFACE_s20_session3_natural,18,193,24.433333333333334,1.6125397682189941,0.06566980808718591
COHFACE_s20_session3_natural,18,194,24.466666666666665,1.6992197036743164,0.07949485851956355
COHFACE_s20_session3_natural,18,195,24.5,1.6076487302780151,0.10483046304416516
COHFACE_s20_session3_natural,18,196,24.533333333333335,1.3228164911270142,0.14066142441132023
COHFACE_s20_session3_natural,18,197,24.566666666666666,0.9668090343475342,0.18299784750097622
COHFACE_s20_session3_natural,18,198,24.6,0.6906554698944092,0.22529640371288903
COHFACE_s20_session3_natural,18,199,24.633333333333333,0.5040141940116882,0.2592021190429264
COHFACE_s20_session3_natural,18,200,24.666666666666668,0.3433513939380646,0.2754917603692914
COHFACE_s20_session3_natural,18,201,24.7,0.1681060940027237,0.2654727492964167
COHFACE_s20_session3_natural,18,202,24.733333333333334,-0.03871680051088333,0.22312370181972951
COHFACE_s20_session3_natural,18,203,24.766666666666666,-0.2748858630657196,0.14772047753958975
COHFACE_s20_session3_natural,18,204,24.8,-0.5171810388565063,0.045831998412496994
COHFACE_s20_session3_natural,18,205,24.833333333333332,-0.7273222804069519,-0.06882898027321595
COHFACE_s20_session3_natural,18,206,24.866666666666667,-0.8888167142868042,-0.17850917221955553
COHFACE_s20_session3_natural,18,207,24.9,-0.9974650144577026,-0.2665964335884921
COHFACE_s20_session3_natural,18,208,24.933333333333334,-1.066351056098938,-0.32234372316231963
COHFACE_s20_session3_natural,18,209,24.966666666666665,-1.1331621408462524,-0.34259004803151294
COHFACE_s20_session3_natural,18,210,25.0,-1.1970336437225342,-0.33006924918659003
COHFACE_s20_session3_natural,18,211,25.033333333333335,-1.2519960403442383,-0.2902026062559296
COHFACE_s20_session3_natural,18,212,25.066666666666666,-1.274647831916809,-0.22868265539931476
COHFACE_s20_session3_natural,18,213,25.1,-1.080439567565918,-0.15093467462974197
COHFACE_s20_session3_natural,18,214,25.133333333333333,-0.41372019052505493,-0.06308365967362886
COHFACE_s20_session3_natural,18,215,25.166666666666668,0.4794602692127228,0.0267266961654073
COHFACE_s20_session3_natural,18,216,25.2,1.1585142612457275,0.1077330206635107
COHFACE_s20_session3_natural,18,217,25.233333333333334,1.5207548141479492,0.1672644629264761
COHFACE_s20_session3_natural,18,218,25.266666666666666,1.6532654762268066,0.1929874730210216
COHFACE_s20_session3_natural,18,219,25.3,1.612836241722107,0.17652489586155332
COHFACE_s20_session3_natural,18,220,25.333333333333332,1.3898992538452148,0.1176405271408571
COHFACE_s20_session3_natural,18,221,25.366666666666667,1.0364773273468018,0.02732748959467241
COHFACE_s20_session3_natural,18,222,25.4,0.7048097848892212,-0.07240049870888962
COHFACE_s20_session3_natural,18,223,25.433333333333334,0.4772123694419861,-0.15359696482440074
COHFACE_s20_session3_natural,18,224,25.466666666666665,0.32904061675071716,-0.19173785845375513
COHFACE_s20_session3_natural,18,225,25.5,0.17158910632133484,-0.17563447485435293
COHFACE_s20_session3_natural,18,226,25.533333333333335,-0.038082778453826904,-0.112202181529466
COHFACE_s20_session3_natural,18,227,25.566666666666666,-0.26419806480407715,-0.022475102565965896
COHFACE_s20_session3_natural,18,228,25.6,-0.4973946213722229,0.06859669788044714
COHFACE_s20_session3_natural,18,229,25.633333333333333,-0.7204797863960266,0.14170044986651112
COHFACE_s20_session3_natural,18,230,25.666666666666668,-0.9020900130271912,0.18726001514454133
COHFACE_s20_session3_natural,18,231,25.7,-1.0312081575393677,0.20437170304943775
COHFACE_s20_session3_natural,18,232,25.733333333333334,-1.119658350944519,0.19757667637147994
COHFACE_s20_session3_natural,18,233,25.766666666666666,-1.1882396936416626,0.17396036844894205
COHFACE_s20_session3_natural,18,234,25.8,-1.2572575807571411,0.1412953968756494
COHFACE_s20_session3_natural,18,235,25.833333333333332,-1.3232617378234863,0.10672397529997878
COHFACE_s20_session3_natural,18,236,25.866666666666667,-1.3748397827148438,0.07555354885528819
COHFACE_s20_session3_natural,18,237,25.9,-1.3097496032714844,0.050367042740904984
COHFACE_s20_session3_natural,18,238,25.933333333333334,-0.8131293058395386,0.03081500109820353
COHFACE_s20_session3_natural,18,239,25.966666666666665,0.08027347177267075,0.014196920232647956
COHFACE_s20_session3_natural,19,0,19.0,0.29892870783805847,0.011381944393304144
COHFACE_s20_session3_natural,19,1,19.033333333333335,0.16291041672229767,2.7351009090942107
COHFACE_s20_session3_natural,19,2,19.066666666666666,-0.008769555017352104,5.0416430957133995
COHFACE_s20_session3_natural,19,3,19.1,-0.21324574947357178,6.614308291596816
COHFACE_s20_session3_natural,19,4,19.133333333333333,-0.4312175512313843,7.308975981480904
COHFACE_s20_session3_natural,19,5,19.166666666666668,-0.6397119760513306,7.172238123763181
COHFACE_s20_session3_natural,19,6,19.2,-0.8152124881744385,6.400014261322343
COHFACE_s20_session3_natural,19,7,19.233333333333334,-0.9475831389427185,5.259956277978434
COHFACE_s20_session3_natural,19,8,19.266666666666666,-1.0236986875534058,4.011523674994794
COHFACE_s20_session3_natural,19,9,19.3,-1.0748815536499023,2.84920721941892
COHFACE_s20_session3_natural,19,10,19.333333333333332,-1.1299673318862915,1.8795885970656805
COHFACE_s20_session3_natural,19,11,19.366666666666667,-1.1772308349609375,1.1292282884457787
COHFACE_s20_session3_natural,19,12,19.4,-1.215807318687439,0.5711063310092447
COHFACE_s20_session3_natural,19,13,19.433333333333334,-1.168519139289856,0.15479322622123864
COHFACE_s20_session3_natural,19,14,19.466666666666665,-0.7499082684516907,-0.1704631904448593
COHFACE_s20_session3_natural,19,15,19.5,0.081426240503788,-0.44346148765237814
COHFACE_s20_session3_natural,19,16,19.533333333333335,0.8783177137374878,-0.687459477114601
COHFACE_s20_session3_natural,19,17,19.566666666666666,1.3527307510375977,-0.9111580812003708
COHFACE_s20_session3_natural,19,18,19.6,1.5546132326126099,-1.1117344731549648
COHFACE_s20_session3_natural,19,19,19.633333333333333,1.5933709144592285,-1.2794197718517182
COHFACE_s20_session3_natural,19,20,19.666666666666668,1.461164951324463,-1.4030097031517086
COHFACE_s20_session3_natural,19,21,19.7,1.154660701751709,-1.4747053929634082
COHFACE_s20_session3_natural,19,22,19.733333333333334,0.8171716332435608,-1.4929078043211579
COHFACE_s20_session3_natural,19,23,19.766666666666666,0.5846255421638489,-1.4627069341421495
COHFACE_s20_session3_natural,19,24,19.8,0.42241474986076355,-1.394575341119925
COHFACE_s20_session3_natural,19,25,19.833333333333332,0.2673511207103729,-1.3019397774565022
COHFACE_s20_session3_natural,19,26,19.866666666666667,0.08554326742887497,-1.1982178807615376
COHFACE_s20_session3_natural,19,27,19.9,-0.1365455538034439,-1.093894836713153
COHFACE_s20_session3_natural,19,28,19.933333333333334,-0.3749954402446747,-0.9943545588770583
COHFACE_s20_session3_natural,19,29,19.966666666666665,-0.5899288654327393,-0.899204990960793
COHFACE_s20_session3_natural,19,30,20.0,-0.7836431860923767,-0.8034627782840603
COHFACE_s20_session3_natural,19,31,20.033333333333335,-0.9404277205467224,-0.7002353389977614
COHFACE_s20_session3_natural,19,32,20.066666666666666,-1.0324268341064453,-0.5838186605122802
COHFACE_s20_session3_natural,19,33,20.1,-1.0937045812606812,-0.4519453200341709
COHFACE_s20_session3_natural,19,34,20.133333333333333,-1.1619071960449219,-0.30649648373987265
COHFACE_s20_session3_natural,19,35,20.166666666666668,-1.2396037578582764,-0.15288998756931824
COHFACE_s20_session3_natural,19,36,20.2,-1.2954964637756348,0.0010812173779050221
COHFACE_s20_session3_natural,19,37,20.233333333333334,-1.2133783102035522,0.14629106222900207
COHFACE_s20_session3_natural,19,38,20.266666666666666,-0.6913641691207886,0.2731575817410954
COHFACE_s20_session3_natural,19,39,20.3,0.18137115240097046,0.3728518269313411
COHFACE_s20_session3_natural,19,40,20.333333333333332,0.9350503087043762,0.4392446724201012
COHFACE_s20_session3_natural,19,41,20.366666666666667,1.3836579322814941,0.47126224536025
COHFACE_s20_session3_natural,19,42,20.4,1.5875905752182007,0.47445037305823373
COHFACE_s20_session3_natural,19,43,20.433333333333334,1.618863582611084,0.46035466960995525
COHFACE_s20_session3_natural,19,44,20.466666666666665,1.4604074954986572,0.4432549651469142
COHFACE_s20_session3_natural,19,45,20.5,1.1285505294799805,0.4353913139969722
COHFACE_s20_session3_natural,19,46,20.533333333333335,0.7862445712089539,0.4429924515549104
COHFACE_s20_session3_natural,19,47,20.566666666666666,0.5424013733863831,0.46498446944147726
COHFACE_s20_session3_natural,19,48,20.6,0.3845216631889343,0.4942427787208064
COHFACE_s20_session3_natural,19,49,20.633333333333333,0.22362007200717926,0.5197205420196418
COHFACE_s20_session3_natural,19,50,20.666666666666668,0.01687127910554409,0.5283401100556502
COHFACE_s20_session3_natural,19,51,20.7,-0.21289990842342377,0.5069896844547372
COHFACE_s20_session3_natural,19,52,20.733333333333334,-0.44230881333351135,0.4454122553289488
COHFACE_s20_session3_natural,19,53,20.766666666666666,-0.6718165278434753,0.3398992235548749
COHFACE_s20_session3_natural,19,54,20.8,-0.8818589448928833,0.19640227349958791
COHFACE_s20_session3_natural,19,55,20.833333333333332,-1.0284826755523682,0.031152771279584837
COHFACE_s20_session3_natural,19,56,20.866666666666667,-1.1151707172393799,-0.13224311444512774
COHFACE_s20_session3_natural,19,57,20.9,-1.1838921308517456,-0.26858273936030824
COHFACE_s20_session3_natural,19,58,20.933333333333334,-1.2567552328109741,-0.35769956998039376
COHFACE_s20_session3_natural,19,59,20.966666666666665,-1.3263412714004517,-0.38961590384186406
COHFACE_s20_session3_natural,19,60,21.0,-1.372418999671936,-0.36666399783200904
COHFACE_s20_session3_natural,19,61,21.033333333333335,-1.2770192623138428,-0.3021857223044048
COHFACE_s20_session3_natural,19,62,21.066666666666666,-0.7498012185096741,-0.21629918121721814
COHFACE_s20_session3_natural,19,63,21.1,0.12542077898979187,-0.1299480665234814
COHFACE_s20_session3_natural,19,64,21.133333333333333,0.901084840297699,-0.05917392918942562
COHFACE_s20_session3_natural,19,65,21.166666666666668,1.3743369579315186,-0.011666429429085277
COHFACE_s20_session3_natural,19,66,21.2,1.6111071109771729,0.013332760371035476
COHFACE_s20_session3_natural,19,67,21.233333333333334,1.6734141111373901,0.02224870615846562
COHFACE_s20_session3_natural,19,68,21.266666666666666,1.524320125579834,0.023186754574241235
COHFACE_s20_session3_natural,19,69,21.3,1.198259949684143,0.022667416579774148
COHFACE_s20_session3_natural,19,70,21.333333333333332,0.8450521230697632,0.02425776078645639
COHFACE_s20_session3_natural,19,71,21.366666666666667,0.5759304165840149,0.028979751828160767
COHFACE_s20_session3_natural,19,72,21.4,0.3956623375415802,0.03631929031450745
COHFACE_s20_session3_natural,19,73,21.433333333333334,0.2316153347492218,0.04462638811300603
COHFACE_s20_session3_natural,19,74,21.466666666666665,0.03650125861167908,0.050771685703774876
COHFACE_s20_session3_natural,19,75,21.5,-0.18634510040283203,0.05004813018733788
COHFACE_s20_session3_natural,19,76,21.533333333333335,-0.41223806142807007,0.03736707130853437
COHFACE_s20_session3_natural,19,77,21.566666666666666,-0.6239437460899353,0.009744109394048815
COHFACE_s20_session3_natural,19,78,21.6,-0.8188437223434448,-0.03127052330355719
COHFACE_s20_session3_natural,19,79,21.633333333333333,-0.9673365950584412,-0.07901138548397808
COHFACE_s20_session3_natural,19,80,21.666666666666668,-1.061418890953064,-0.1237449325370331
COHFACE_s20_session3_natural,19,81,21.7,-1.1389589309692383,-0.15640224055992621
COHFACE_s20_session3_natural,19,82,21.733333333333334,-1.2086684703826904,-0.1719259226918062
COHFACE_s20_session3_natural,19,83,21.766666666666666,-1.2736103534698486,-0.17043672165692203
COHFACE_s20_session3_natural,19,84,21.8,-1.334303617477417,-0.15594533914316533
COHFACE_s20_session3_natural,19,85,21.833333333333332,-1.3373831510543823,-0.13382025826080018
COHFACE_s20_session3_natural,19,86,21.866666666666667,-1.0015326738357544,-0.1085291984857595
COHFACE_s20_session3_natural,19,87,21.9,-0.18197281658649445,-0.08247194333301766
COHFACE_s20_session3_natural,19,88,21.933333333333334,0.699679970741272,-0.05586097476593411
COHFACE_s20_session3_natural,19,89,21.966666666666665,1.302618384361267,-0.027215274016924307
COHFACE_s20_session3_natural,19,90,22.0,1.6245697736740112,0.005801241877735583
COHFACE_s20_session3_natural,19,91,22.033333333333335,1.7484757900238037,0.04529017281875046
COHFACE_s20_session3_natural,19,92,22.066666666666666,1.686901569366455,0.0920780713318867
COHFACE_s20_session3_natural,19,93,22.1,1.4182326793670654,0.1451385159258804
COHFACE_s20_session3_natural,19,94,22.133333333333333,1.0466711521148682,0.20147830405648437
COHFACE_s20_session3_natural,19,95,22.166666666666668,0.7412207722663879,0.2560563749658642
COHFACE_s20_session3_natural,19,96,22.2,0.5337967872619629,0.3014785114668718
COHFACE_s20_session3_natural,19,97,22.233333333333334,0.3748878240585327,0.3278660071871627
COHFACE_s20_session3_natural,19,98,22.266666666666666,0.19985659420490265,0.32383914346919906
COHFACE_s20_session3_natural,19,99,22.3,-0.016443690285086632,0.2794113968116519
COHFACE_s20_session3_natural,19,100,22.333333333333332,-0.250570684671402,0.19058153192972122
COHFACE_s20_session3_natural,19,101,22.366666666666667,-0.476447194814682,0.06400455219404125
COHFACE_s20_session3_natural,19,102,22.4,-0.672236442565918,-0.08087448948312982
COHFACE_s20_session3_natural,19,103,22.433333333333334,-0.8392559289932251,-0.21472415626951907
COHFACE_s20_session3_natural,19,104,22.466666666666665,-0.9648663997650146,-0.3070477514076359
COHFACE_s20_session3_natural,19,105,22.5,-1.0519084930419922,-0.3380188848064398
COHFACE_s20_session3_natural,19,106,22.533333333333335,-1.1227461099624634,-0.30713753020858464
COHFACE_s20_session3_natural,19,107,22.566666666666666,-1.1826817989349365,-0.23288271790519308
COHFACE_s20_session3_natural,19,108,22.6,-1.2465862035751343,-0.1435044073949983
COHFACE_s20_session3_natural,19,109,22.633333333333333,-1.2921946048736572,-0.06501457820124198
COHFACE_s20_session3_natural,19,110,22.666666666666668,-1.15055251121521,-0.012774781677516063
COHFACE_s20_session3_natural,19,111,22.7,-0.5366957187652588,0.010690547844372766
COHFACE_s20_session3_natural,19,112,22.733333333333334,0.3561965227127075,0.012653743384488637
COHFACE_s20_session3_natural,19,113,22.766666666666666,1.0523278713226318,0.0046403337772050555
COHFACE_s20_session3_natural,19,114,22.8,1.418380856513977,-0.002902543625355788
COHFACE_s20_session3_natural,19,115,22.833333333333332,1.5544568300247192,-0.004025969973740735
COHFACE_s20_session3_natural,19,116,22.866666666666667,1.5159296989440918,0.0017323399914449774
COHFACE_s20_session3_natural,19,117,22.9,1.278714895248413,0.010536054877313147
COHFACE_s20_session3_natural,19,118,22.933333333333334,0.9347209334373474,0.01702686887562187
COHFACE_s20_session3_natural,19,119,22.966666666666665,0.6427003145217896,0.017695579449052062
COHFACE_s20_session3_natural,19,120,23.0,0.46752089262008667,0.013223515928057426
COHFACE_s20_session3_natural,19,121,23.033333333333335,0.34760016202926636,0.008260798002729237
COHFACE_s20_session3_natural,19,122,23.066666666666666,0.198884978890419,0.008560277922875718
COHFACE_s20_session3_natural,19,123,23.1,0.008110249415040016,0.017221096779932017
COHFACE_s20_session3_natural,19,124,23.133333333333333,-0.20834648609161377,0.03252672157214281
COHFACE_s20_session3_natural,19,125,23.166666666666668,-0.4249267280101776,0.048836630178767576
COHFACE_s20_session3_natural,19,126,23.2,-0.6242895722389221,0.059801412994896185
COHFACE_s20_session3_natural,19,127,23.233333333333334,-0.8026803135871887,0.061599478343800765
COHFACE_s20_session3_natural,19,128,23.266666666666666,-0.9414487481117249,0.05425079038180913
COHFACE_s20_session3_natural,19,129,23.3,-1.018980622291565,0.04071297533278131
COHFACE_s20_session3_natural,19,130,23.333333333333332,-1.0630656480789185,0.024921768528324294
COHFACE_s20_session3_natural,19,131,23.366666666666667,-1.1092092990875244,0.010271099842687002
COHFACE_s20_session3_natural,19,132,23.4,-1.171318769454956,-0.0007696824385174369
COHFACE_s20_session3_natural,19,133,23.433333333333334,-1.2243707180023193,-0.006220149558105805
COHFACE_s20_session3_natural,19,134,23.466666666666665,-1.1943165063858032,-0.004018804961914047
COHFACE_s20_session3_natural,19,135,23.5,-0.7973528504371643,0.008192946049140892
COHFACE_s20_session3_natural,19,136,23.533333333333335,0.02788843959569931,0.032700323709617826
COHFACE_s20_session3_natural,19,137,23.566666666666666,0.8436852693557739,0.07063270903243918
COHFACE_s20_session3_natural,19,138,23.6,1.3474609851837158,0.12015882437387806
COHFACE_s20_session3_natural,19,139,23.633333333333333,1.5743584632873535,0.1744878954691993
COHFACE_s20_session3_natural,19,140,23.666666666666668,1.6307041645050049,0.22108447755115385
COHFACE_s20_session3_natural,19,141,23.7,1.518449306488037,0.24360688883707257
COHFACE_s20_session3_natural,19,142,23.733333333333334,1.221587061882019,0.22670395584731398
COHFACE_s20_session3_natural,19,143,23.766666666666666,0.8873916268348694,0.16198605639803287
COHFACE_s20_session3_natural,19,144,23.8,0.6630631685256958,0.052639913758460576
COHFACE_s20_session3_natural,19,145,23.833333333333332,0.5242123603820801,-0.08542999308503686
COHFACE_s20_session3_natural,19,146,23.866666666666667,0.38089868426322937,-0.22680768744891988
COHFACE_s20_session3_natural,19,147,23.9,0.19132612645626068,-0.34342190339781414
COHFACE_s20_session3_natural,19,148,23.933333333333334,-0.025180019438266754,-0.41291638609163933
COHFACE_s20_session3_natural,19,149,23.966666666666665,-0.241817906498909,-0.4254703513721663
COHFACE_s20_session3_natural,19,150,24.0,-0.46300920844078064,-0.3860845514092213
COHFACE_s20_session3_natural,19,151,24.033333333333335,-0.6607993841171265,-0.31113411945386193
COHFACE_s20_session3_natural,19,152,24.066666666666666,-0.8060727119445801,-0.22108831313209198
COHFACE_s20_session3_natural,19,153,24.1,-0.9068822264671326,-0.1333194619320085
COHFACE_s20_session3_natural,19,154,24.133333333333333,-0.9746813774108887,-0.05809487026342882
COHFACE_s20_session3_natural,19,155,24.166666666666668,-1.0392693281173706,0.0015858380501631234
COHFACE_s20_session3_natural,19,156,24.2,-1.1085011959075928,0.04751524598552491
COHFACE_s20_session3_natural,19,157,24.233333333333334,-1.1699519157409668,0.08301136521268024
COHFACE_s20_session3_natural,19,158,24.266666666666666,-1.1660983562469482,0.11043750534055503
COHFACE_s20_session3_natural,19,159,24.3,-0.851401150226593,0.13032382277332907
COHFACE_s20_session3_natural,19,160,24.333333333333332,-0.0755147710442543,0.142030621877156
COHFACE_s20_session3_natural,19,161,24.366666666666667,0.771480917930603,0.14520667380247862
COHFACE_s20_session3_natural,19,162,24.4,1.334689974784851,0.14101346247376284
COHFACE_s20_session3_natural,19,163,24.433333333333334,1.6125397682189941,0.13236372972254246
COHFACE_s20_session3_natural,19,164,24.466666666666665,1.6992197036743164,0.12314018588246754
COHFACE_s20_session3_natural,19,165,24.5,1.6076487302780151,0.11699230850596119
COHFACE_s20_session3_natural,19,166,24.533333333333335,1.3228164911270142,0.11638902340501292
COHFACE_s20_session3_natural,19,167,24.566666666666666,0.9668090343475342,0.12216677124556001
COHFACE_s20_session3_natural,19,168,24.6,0.6906554698944092,0.13327800773638954
COHFACE_s20_session3_natural,19,169,24.633333333333333,0.5040141940116882,0.14636269777010086
COHFACE_s20_session3_natural,19,170,24.666666666666668,0.3433513939380646,0.15531315410040625
COHFACE_s20_session3_natural,19,171,24.7,0.1681060940027237,0.15164146022683936
COHFACE_s20_session3_natural,19,172,24.733333333333334,-0.03871680051088333,0.12647634718716544
COHFACE_s20_session3_natural,19,173,24.766666666666666,-0.2748858630657196,0.07415460758689743
COHFACE_s20_session3_natural,19,174,24.8,-0.5171810388565063,-0.003971462989756376
COHFACE_s20_session3_natural,19,175,24.833333333333332,-0.7273222804069519,-0.0977132920433608
COHFACE_s20_session3_natural,19,176,24.866666666666667,-0.8888167142868042,-0.1898600913856261
COHFACE_s20_session3_natural,19,177,24.9,-0.9974650144577026,-0.2613558595774622
COHFACE_s20_session3_natural,19,178,24.933333333333334,-1.066351056098938,-0.29735458194445336
COHFACE_s20_session3_natural,19,179,24.966666666666665,-1.1331621408462524,-0.29106899653798834
COHFACE_s20_session3_natural,19,180,25.0,-1.1970336437225342,-0.24413018031574263
COHFACE_s20_session3_natural,19,181,25.033333333333335,-1.2519960403442383,-0.1645147856070869
COHFACE_s20_session3_natural,19,182,25.066666666666666,-1.274647831916809,-0.06386755153514508
COHFACE_s20_session3_natural,19,183,25.1,-1.080439567565918,0.04462307739134998
COHFACE_s20_session3_natural,19,184,25.133333333333333,-0.41372019052505493,0.14756454977457054
COHFACE_s20_session3_natural,19,185,25.166666666666668,0.4794602692127228,0.23220754860583454
COHFACE_s20_session3_natural,19,186,25.2,1.1585142612457275,0.28715303233772277
COHFACE_s20_session3_natural,19,187,25.233333333333334,1.5207548141479492,0.30319203590587906
COHFACE_s20_session3_natural,19,188,25.266666666666666,1.6532654762268066,0.27459336724673405
COHFACE_s20_session3_natural,19,189,25.3,1.612836241722107,0.20110384604810663
COHFACE_s20_session3_natural,19,190,25.333333333333332,1.3898992538452148,0.0904239002215285
COHFACE_s20_session3_natural,19,191,25.366666666666667,1.0364773273468018,-0.04012096491063976
COHFACE_s20_session3_natural,19,192,25.4,0.7048097848892212,-0.16494336065668513
COHFACE_s20_session3_natural,19,193,25.433333333333334,0.4772123694419861,-0.2562061804570965
COHFACE_s20_session3_natural,19,194,25.466666666666665,0.32904061675071716,-0.29332369928385865
COHFACE_s20_session3_natural,19,195,25.5,0.17158910632133484,-0.2715847330833759
COHFACE_s20_session3_natural,19,196,25.533333333333335,-0.038082778453826904,-0.2045515636050927
COHFACE_s20_session3_natural,19,197,25.566666666666666,-0.26419806480407715,-0.11789100827139291
COHFACE_s20_session3_natural,19,198,25.6,-0.4973946213722229,-0.03805889480276841
COHFACE_s20_session3_natural,19,199,25.633333333333333,-0.7204797863960266,0.017335686654787547
COHFACE_s20_session3_natural,19,200,25.666666666666668,-0.9020900130271912,0.043032852075503926
COHFACE_s20_session3_natural,19,201,25.7,-1.0312081575393677,0.04394110124851665
COHFACE_s20_session3_natural,19,202,25.733333333333334,-1.119658350944519,0.030356855528885743
COHFACE_s20_session3_natural,19,203,25.766666666666666,-1.1882396936416626,0.013332087196613412
COHFACE_s20_session3_natural,19,204,25.8,-1.2572575807571411,0.0013976115345737676
COHFACE_s20_session3_natural,19,205,25.833333333333332,-1.3232617378234863,-0.0012873581916500573
COHFACE_s20_session3_natural,19,206,25.866666666666667,-1.3748397827148438,0.004596442195498426
COHFACE_s20_session3_natural,19,207,25.9,-1.3097496032714844,0.014593982299180795
COHFACE_s20_session3_natural,19,208,25.933333333333334,-0.8131293058395386,0.022869916728488305
COHFACE_s20_session3_natural,19,209,25.966666666666665,0.08027347177267075,0.0250230905297538
COHFACE_s20_session3_natural,19,210,26.0,0.8922744393348694,0.020060097635320816
COHFACE_s20_session3_natural,19,211,26.033333333333335,1.3984874486923218,0.010626513165853892
COHFACE_s20_session3_natural,19,212,26.066666666666666,1.6485884189605713,0.0015315987460248956
COHFACE_s20_session3_natural,19,213,26.1,1.6953661441802979,-0.002509855540891785
COHFACE_s20_session3_natural,19,214,26.133333333333333,1.545045256614685,0.0012516757870482133
COHFACE_s20_session3_natural,19,215,26.166666666666668,1.1969754695892334,0.012845914122949316
COHFACE_s20_session3_natural,19,216,26.2,0.8012964129447937,0.02992486348874532
COHFACE_s20_session3_natural,19,217,26.233333333333334,0.5305443406105042,0.04866602183852248
COHFACE_s20_session3_natural,19,218,26.266666666666666,0.3621003329753876,0.06472757915179352
COHFACE_s20_session3_natural,19,219,26.3,0.21713986992835999,0.07410328712150532
COHFACE_s20_session3_natural,19,220,26.333333333333332,0.034121617674827576,0.07399278418545535
COHFACE_s20_session3_natural,19,221,26.366666666666667,-0.18001312017440796,0.0637434266914331
COHFACE_s20_session3_natural,19,222,26.4,-0.40925732254981995,0.045588728512180085
COHFACE_s20_session3_natural,19,223,26.433333333333334,-0.6445947289466858,0.024651612147414896
COHFACE_s20_session3_natural,19,224,26.466666666666665,-0.8605738878250122,0.00781587318011869
COHFACE_s20_session3_natural,19,225,26.5,-1.0259712934494019,0.001576938869847039
COHFACE_s20_session3_natural,19,226,26.533333333333335,-1.1318776607513428,0.009559378192472528
COHFACE_s20_session3_natural,19,227,26.566666666666666,-1.1939789056777954,0.030609952344281304
COHFACE_s20_session3_natural,19,228,26.6,-1.2442147731781006,0.05809661431356028
COHFACE_s20_session3_natural,19,229,26.633333333333333,-1.2972009181976318,0.08069138301060563
COHFACE_s20_session3_natural,19,230,26.666666666666668,-1.3356951475143433,0.0848301684523297
COHFACE_s20_session3_natural,19,231,26.7,-1.3249413967132568,0.05888417990781923
COHFACE_s20_session3_natural,19,232,26.733333333333334,-1.0104583501815796,-0.0016096693481375361
COHFACE_s20_session3_natural,19,233,26.766666666666666,-0.20832177996635437,-0.08945968063400145
COHFACE_s20_session3_natural,19,234,26.8,0.7044145464897156,-0.18474864847262004
COHFACE_s20_session3_natural,19,235,26.833333333333332,1.3320550918579102,-0.2592375056996973
COHFACE_s20_session3_natural,19,236,26.866666666666667,1.6550110578536987,-0.2857594092840442
COHFACE_s20_session3_natural,19,237,26.9,1.7586283683776855,-0.24908613444851424
COHFACE_s20_session3_natural,19,238,26.933333333333334,1.6812118291854858,-0.15327205367073976
COHFACE_s20_session3_natural,19,239,26.966666666666665,1.4000353813171387,-0.02173769903255408
COHFACE_s20_session3_natural,20,0,20.0,-0.7836431860923767,-0.008385335608127834
COHFACE_s20_session3_natural,20,1,20.033333333333335,-0.9404277205467224,2.4868603817391137
COHFACE_s20_session3_natural,20,2,20.066666666666666,-1.0324268341064453,4.605670943046952
COHFACE_s20_session3_natural,20,3,20.1,-1.0937045812606812,6.062539249782892
COHFACE_s20_session3_natural,20,4,20.133333333333333,-1.1619071960449219,6.728595229810757
COHFACE_s20_session3_natural,20,5,20.166666666666668,-1.2396037578582764,6.647946240995175
COHFACE_s20_session3_natural,20,6,20.2,-1.2954964637756348,5.999501093825007
COHFACE_s20_session3_natural,20,7,20.233333333333334,-1.2133783102035522,5.025408914919426
COHFACE_s20_session3_natural,20,8,20.266666666666666,-0.6913641691207886,3.9574680703955263
COHFACE_s20_session3_natural,20,9,20.3,0.18137115240097046,2.9653983335279044
COHFACE_s20_session3_natural,20,10,20.333333333333332,0.9350503087043762,2.1368994142855446
COHFACE_s20_session3_natural,20,11,20.366666666666667,1.3836579322814941,1.4864772605927834
COHFACE_s20_session3_natural,20,12,20.4,1.5875905752182007,0.9817019159563178
COHFACE_s20_session3_natural,20,13,20.433333333333334,1.618863582611084,0.5732643540710747
COHFACE_s20_session3_natural,20,14,20.466666666666665,1.4604074954986572,0.21816575266345734
COHFACE_s20_session3_natural,20,15,20.5,1.1285505294799805,-0.10879573180869544
COHFACE_s20_session3_natural,20,16,20.533333333333335,0.7862445712089539,-0.41431383507927905
COHFACE_s20_session3_natural,20,17,20.566666666666666,0.5424013733863831,-0.6924551628113872
COHFACE_s20_session3_natural,20,18,20.6,0.3845216631889343,-0.9328388597475327
COHFACE_s20_session3_natural,20,19,20.633333333333333,0.22362007200717926,-1.1281064443907003
COHFACE_s20_session3_natural,20,20,20.666666666666668,0.01687127910554409,-1.2785247051051407
COHFACE_s20_session3_natural,20,21,20.7,-0.21289990842342377,-1.3922750376305681
COHFACE_s20_session3_natural,20,22,20.733333333333334,-0.44230881333351135,-1.4814469703640212
COHFACE_s20_session3_natural,20,23,20.766666666666666,-0.6718165278434753,-1.5556356365928505
COHFACE_s20_session3_natural,20,24,20.8,-0.8818589448928833,-1.6163180679940516
COHFACE_s20_session3_natural,20,25,20.833333333333332,-1.0284826755523682,-1.655002647944571
COHFACE_s20_session3_natural,20,26,20.866666666666667,-1.1151707172393799,-1.6563594019302847
COHFACE_s20_session3_natural,20,27,20.9,-1.1838921308517456,-1.6050104006493848
COHFACE_s20_session3_natural,20,28,20.933333333333334,-1.2567552328109741,-1.4927330615498222
COHFACE_s20_session3_natural,20,29,20.966666666666665,-1.3263412714004517,-1.3226195492921786
COHFACE_s20_session3_natural,20,30,21.0,-1.372418999671936,-1.108449901124207
COHFACE_s20_session3_natural,20,31,21.033333333333335,-1.2770192623138428,-0.8700838931683335
COHFACE_s20_session3_natural,20,32,21.066666666666666,-0.7498012185096741,-0.6275130010951622
COHFACE_s20_session3_natural,20,33,21.1,0.12542077898979187,-0.3963332150406339
COHFACE_s20_session3_natural,20,34,21.133333333333333,0.901084840297699,-0.18591711795769153
COHFACE_s20_session3_natural,20,35,21.166666666666668,1.3743369579315186,0.00010648643071346428
COHFACE_s20_session3_natural,20,36,21.2,1.6111071109771729,0.16207205152583254
COHFACE_s20_session3_natural,20,37,21.233333333333334,1.6734141111373901,0.30204368363748185
COHFACE_s20_session3_natural,20,38,21.266666666666666,1.524320125579834,0.4218185379096042
COHFACE_s20_session3_natural,20,39,21.3,1.198259949684143,0.5217605604542669
COHFACE_s20_session3_natural,20,40,21.333333333333332,0.8450521230697632,0.6007593381510249
COHFACE_s20_session3_natural,20,41,21.366666666666667,0.5759304165840149,0.6570832613632558
COHFACE_s20_session3_natural,20,42,21.4,0.3956623375415802,0.6893994555018841
COHFACE_s20_session3_natural,20,43,21.433333333333334,0.2316153347492218,0.6972209542780307
COHFACE_s20_session3_natural,20,44,21.466666666666665,0.03650125861167908,0.6806715422208961
COHFACE_s20_session3_natural,20,45,21.5,-0.18634510040283203,0.6401952657228795
COHFACE_s20_session3_natural,20,46,21.533333333333335,-0.41223806142807007,0.5769935201668894
COHFACE_s20_session3_natural,20,47,21.566666666666666,-0.6239437460899353,0.49431810681306143
COHFACE_s20_session3_natural,20,48,21.6,-0.8188437223434448,0.39869957749216045
COHFACE_s20_session3_natural,20,49,21.633333333333333,-0.9673365950584412,0.29974071472467356
COHFACE_s20_session3_natural,20,50,21.666666666666668,-1.061418890953064,0.20789025931955923
COHFACE_s20_session3_natural,20,51,21.7,-1.1389589309692383,0.1310950795113845
COHFACE_s20_session3_natural,20,52,21.733333333333334,-1.2086684703826904,0.07226784474717886
COHFACE_s20_session3_natural,20,53,21.766666666666666,-1.2736103534698486,0.029168199155548226
COHFACE_s20_session3_natural,20,54,21.8,-1.334303617477417,-0.003364092337525812
COHFACE_s20_session3_natural,20,55,21.833333333333332,-1.3373831510543823,-0.030408386899476468
COHFACE_s20_session3_natural,20,56,21.866666666666667,-1.0015326738357544,-0.05486314417231982
COHFACE_s20_session3_natural,20,57,21.9,-0.18197281658649445,-0.07689977636376812
COHFACE_s20_session3_natural,20,58,21.933333333333334,0.699679970741272,-0.09459441075208475
COHFACE_s20_session3_natural,20,59,21.966666666666665,1.302618384361267,-0.10497931576771918
COHFACE_s20_session3_natural,20,60,22.0,1.6245697736740112,-0.10504337385369367
COHFACE_s20_session3_natural,20,61,22.033333333333335,1.7484757900238037,-0.09261112857556492
COHFACE_s20_session3_natural,20,62,22.066666666666666,1.686901569366455,-0.06707008844395704
COHFACE_s20_session3_natural,20,63,22.1,1.4182326793670654,-0.02981513548975878
COHFACE_s20_session3_natural,20,64,22.133333333333333,1.0466711521148682,0.01561032252056751
COHFACE_s20_session3_natural,20,65,22.166666666666668,0.7412207722663879,0.06350279836373131
COHFACE_s20_session3_natural,20,66,22.2,0.5337967872619629,0.1059771355284976
COHFACE_s20_session3_natural,20,67,22.233333333333334,0.3748878240585327,0.13316525830310486
COHFACE_s20_session3_natural,20,68,22.266666666666666,0.19985659420490265,0.13432992224629714
COHFACE_s20_session3_natural,20,69,22.3,-0.016443690285086632,0.10055898458766048
COHFACE_s20_session3_natural,20,70,22.333333333333332,-0.250570684671402,0.028840003162006987
COHFACE_s20_session3_natural,20,71,22.366666666666667,-0.476447194814682,-0.07397158039318558
COHFACE_s20_session3_natural,20,72,22.4,-0.672236442565918,-0.18966575234410746
COHFACE_s20_session3_natural,20,73,22.433333333333334,-0.8392559289932251,-0.29184295831416207
COHFACE_s20_session3_natural,20,74,22.466666666666665,-0.9648663997650146,-0.35418870980159406
COHFACE_s20_session3_natural,20,75,22.5,-1.0519084930419922,-0.3610933389744449
COHFACE_s20_session3_natural,20,76,22.533333333333335,-1.1227461099624634,-0.314761456545093
COHFACE_s20_session3_natural,20,77,22.566666666666666,-1.1826817989349365,-0.23379757246588717
COHFACE_s20_session3_natural,20,78,22.6,-1.2465862035751343,-0.14408902446416058
COHFACE_s20_session3_natural,20,79,22.633333333333333,-1.2921946048736572,-0.06807144054875784
COHFACE_s20_session3_natural,20,80,22.666666666666668,-1.15055251121521,-0.018003075318810517
COHFACE_s20_session3_natural,20,81,22.7,-0.5366957187652588,0.005169838795882773
COHFACE_s20_session3_natural,20,82,22.733333333333334,0.3561965227127075,0.008848069210251143
COHFACE_s20_session3_natural,20,83,22.766666666666666,1.0523278713226318,0.004092222771678945
COHFACE_s20_session3_natural,20,84,22.8,1.418380856513977,0.001177400488074124
COHFACE_s20_session3_natural,20,85,22.833333333333332,1.5544568300247192,0.006512421076528251
COHFACE_s20_session3_natural,20,86,22.866666666666667,1.5159296989440918,0.0213452038079112
COHFACE_s20_session3_natural,20,87,22.9,1.278714895248413,0.0423035749174864
COHFACE_s20_session3_natural,20,88,22.933333333333334,0.9347209334373474,0.06358064061925577
COHFACE_s20_session3_natural,20,89,22.966666666666665,0.6427003145217896,0.08005019951394145
COHFACE_s20_session3_natural,20,90,23.0,0.46752089262008667,0.08983172922766262
COHFACE_s20_session3_natural,20,91,23.033333333333335,0.34760016202926636,0.09477705302841052
COHFACE_s20_session3_natural,20,92,23.066666666666666,0.198884978890419,0.09861272505865311
COHFACE_s20_session3_natural,20,93,23.1,0.008110249415040016,0.10409016033696411
COHFACE_s20_session3_natural,20,94,23.133333333333333,-0.20834648609161377,0.1111097423593356
COHFACE_s20_session3_natural,20,95,23.166666666666668,-0.4249267280101776,0.11694433858065056
COHFACE_s20_session3_natural,20,96,23.2,-0.6242895722389221,0.11801756576930413
COHFACE_s20_session3_natural,20,97,23.233333333333334,-0.8026803135871887,0.11165170647898193
COHFACE_s20_session3_natural,20,98,23.266666666666666,-0.9414487481117249,0.09670515921878155
COHFACE_s20_session3_natural,20,99,23.3,-1.018980622291565,0.07328660358038672
COHFACE_s20_session3_natural,20,100,23.333333333333332,-1.0630656480789185,0.04245599592864433
COHFACE_s20_session3_natural,20,101,23.366666666666667,-1.1092092990875244,0.006540108580478542
COHFACE_s20_session3_natural,20,102,23.4,-1.171318769454956,-0.03020662307938745
COHFACE_s20_session3_natural,20,103,23.433333333333334,-1.2243707180023193,-0.06147209924459395
COHFACE_s20_session3_natural,20,104,23.466666666666665,-1.1943165063858032,-0.07987592391025651
COHFACE_s20_session3_natural,20,105,23.5,-0.7973528504371643,-0.07886590038396964
COHFACE_s20_session3_natural,20,106,23.533333333333335,0.02788843959569931,-0.05475158645984155
COHFACE_s20_session3_natural,20,107,23.566666666666666,0.8436852693557739,-0.00816607884642595
COHFACE_s20_session3_natural,20,108,23.6,1.3474609851837158,0.05524533727636867
COHFACE_s20_session3_natural,20,109,23.633333333333333,1.5743584632873535,0.12482483351612081
COHFACE_s20_session3_natural,20,110,23.666666666666668,1.6307041645050049,0.18580205875798725
COHFACE_s20_session3_natural,20,111,23.7,1.518449306488037,0.22158305360167208
COHFACE_s20_session3_natural,20,112,23.733333333333334,1.221587061882019,0.21751848738018933
COHFACE_s20_session3_natural,20,113,23.766666666666666,0.8873916268348694,0.16540905658463584
COHFACE_s20_session3_natural,20,114,23.8,0.6630631685256958,0.06734751456363049
COHFACE_s20_session3_natural,20,115,23.833333333333332,0.5242123603820801,-0.06268646025837316
COHFACE_s20_session3_natural,20,116,23.866666666666667,0.38089868426322937,-0.2006884946513973
COHFACE_s20_session3_natural,20,117,23.9,0.19132612645626068,-0.3182156632482819
COHFACE_s20_session3_natural,20,118,23.933333333333334,-0.025180019438266754,-0.3905525688482306
COHFACE_s20_session3_natural,20,119,23.966666666666665,-0.241817906498909,-0.4046979087039933
COHFACE_s20_session3_natural,20,120,24.0,-0.46300920844078064,-0.36345734357028026
COHFACE_s20_session3_natural,20,121,24.033333333333335,-0.6607993841171265,-0.28323875472547716
COHFACE_s20_session3_natural,20,122,24.066666666666666,-0.8060727119445801,-0.18680855981279978
COHFACE_s20_session3_natural,20,123,24.1,-0.9068822264671326,-0.09515026999058393
COHFACE_s20_session3_natural,20,124,24.133333333333333,-0.9746813774108887,-0.0220437186913247
COHFACE_s20_session3_natural,20,125,24.166666666666668,-1.0392693281173706,0.027518405431289843
COHFACE_s20_session3_natural,20,126,24.2,-1.1085011959075928,0.055823100068117686
COHFACE_s20_session3_natural,20,127,24.233333333333334,-1.1699519157409668,0.06927003070550222
COHFACE_s20_session3_natural,20,128,24.266666666666666,-1.1660983562469482,0.07503967428893196
COHFACE_s20_session3_natural,20,129,24.3,-0.851401150226593,0.07874523113759303
COHFACE_s20_session3_natural,20,130,24.333333333333332,-0.0755147710442543,0.0835469741180695
COHFACE_s20_session3_natural,20,131,24.366666666666667,0.771480917930603,0.09050698179745789
COHFACE_s20_session3_natural,20,132,24.4,1.334689974784851,0.09953888041788646
COHFACE_s20_session3_natural,20,133,24.433333333333334,1.6125397682189941,0.11029012203545199
COHFACE_s20_session3_natural,20,134,24.466666666666665,1.6992197036743164,0.12259875834633135
COHFACE_s20_session3_natural,20,135,24.5,1.6076487302780151,0.13652903107163597
COHFACE_s20_session3_natural,20,136,24.533333333333335,1.3228164911270142,0.15216361183200358
COHFACE_s20_session3_natural,20,137,24.566666666666666,0.9668090343475342,0.16926432372873412
COHFACE_s20_session3_natural,20,138,24.6,0.6906554698944092,0.1867566008859096
COHFACE_s20_session3_natural,20,139,24.633333333333333,0.5040141940116882,0.2020174767983931
COHFACE_s20_session3_natural,20,140,24.666666666666668,0.3433513939380646,0.2102669326616296
COHFACE_s20_session3_natural,20,141,24.7,0.1681060940027237,0.20471956555482523
COHFACE_s20_session3_natural,20,142,24.733333333333334,-0.03871680051088333,0.17813435964132374
COHFACE_s20_session3_natural,20,143,24.766666666666666,-0.2748858630657196,0.12573393246625936
COHFACE_s20_session3_natural,20,144,24.8,-0.5171810388565063,0.04836298955482886
COHFACE_s20_session3_natural,20,145,24.833333333333332,-0.7273222804069519,-0.045932484635736695
COHFACE_s20_session3_natural,20,146,24.866666666666667,-0.8888167142868042,-0.1432397316101853
COHFACE_s20_session3_natural,20,147,24.9,-0.9974650144577026,-0.22776361578873977
COHFACE_s20_session3_natural,20,148,24.933333333333334,-1.066351056098938,-0.2864310305118747
COHFACE_s20_session3_natural,20,149,24.966666666666665,-1.1331621408462524,-0.3117074937478798
COHFACE_s20_session3_natural,20,150,25.0,-1.1970336437225342,-0.30180050546063253
COHFACE_s20_session3_natural,20,151,25.033333333333335,-1.2519960403442383,-0.25933072485845976
COHFACE_s20_session3_natural,20,152,25.066666666666666,-1.274647831916809,-0.19000183943151697
COHFACE_s20_session3_natural,20,153,25.1,-1.080439567565918,-0.1019705874688112
COHFACE_s20_session3_natural,20,154,25.133333333333333,-0.41372019052505493,-0.005646897256993383
COHFACE_s20_session3_natural,20,155,25.166666666666668,0.4794602692127228,0.08673149365182402
COHFACE_s20_session3_natural,20,156,25.2,1.1585142612457275,0.1621315944218795
COHFACE_s20_session3_natural,20,157,25.233333333333334,1.5207548141479492,0.20835321852131947
COHFACE_s20_session3_natural,20,158,25.266666666666666,1.6532654762268066,0.21618387035704237
COHFACE_s20_session3_natural,20,159,25.3,1.612836241722107,0.18202204299276442
COHFACE_s20_session3_natural,20,160,25.333333333333332,1.3898992538452148,0.1105306641588828
COHFACE_s20_session3_natural,20,161,25.366666666666667,1.0364773273468018,0.016095193521081304
COHFACE_s20_session3_natural,20,162,25.4,0.7048097848892212,-0.07874121740022115
COHFACE_s20_session3_natural,20,163,25.433333333333334,0.4772123694419861,-0.14902156597372254
COHFACE_s20_session3_natural,20,164,25.466666666666665,0.32904061675071716,-0.17612222109505146
COHFACE_s20_session3_natural,20,165,25.5,0.17158910632133484,-0.15561633885618514
COHFACE_s20_session3_natural,20,166,25.533333333333335,-0.038082778453826904,-0.09943662828290024
COHFACE_s20_session3_natural,20,167,25.566666666666666,-0.26419806480407715,-0.0301962140139056
COHFACE_s20_session3_natural,20,168,25.6,-0.4973946213722229,0.02909255412788879
COHFACE_s20_session3_natural,20,169,25.633333333333333,-0.7204797863960266,0.06353251738086249
COHFACE_s20_session3_natural,20,170,25.666666666666668,-0.9020900130271912,0.06917482365933728
COHFACE_s20_session3_natural,20,171,25.7,-1.0312081575393677,0.05092913148492768
COHFACE_s20_session3_natural,20,172,25.733333333333334,-1.119658350944519,0.018466009910588072
COHFACE_s20_session3_natural,20,173,25.766666666666666,-1.1882396936416626,-0.01763310419074366
COHFACE_s20_session3_natural,20,174,25.8,-1.2572575807571411,-0.04865300083606534
COHFACE_s20_session3_natural,20,175,25.833333333333332,-1.3232617378234863,-0.06945998258758264
COHFACE_s20_session3_natural,20,176,25.866666666666667,-1.3748397827148438,-0.07913224725439397
COHFACE_s20_session3_natural,20,177,25.9,-1.3097496032714844,-0.08027102123909383
COHFACE_s20_session3_natural,20,178,25.933333333333334,-0.8131293058395386,-0.0770797471633956
COHFACE_s20_session3_natural,20,179,25.966666666666665,0.08027347177267075,-0.0729335491857792
COHFACE_s20_session3_natural,20,180,26.0,0.8922744393348694,-0.06850844381533437
COHFACE_s20_session3_natural,20,181,26.033333333333335,1.3984874486923218,-0.06133544783687136
COHFACE_s20_session3_natural,20,182,26.066666666666666,1.6485884189605713,-0.04698182031042647
COHFACE_s20_session3_natural,20,183,26.1,1.6953661441802979,-0.021282462731865702
COHFACE_s20_session3_natural,20,184,26.133333333333333,1.545045256614685,0.017437813284379208
COHFACE_s20_session3_natural,20,185,26.166666666666668,1.1969754695892334,0.06711480886433825
COHFACE_s20_session3_natural,20,186,26.2,0.8012964129447937,0.12202307664854796
COHFACE_s20_session3_natural,20,187,26.233333333333334,0.5305443406105042,0.1739198993717865
COHFACE_s20_session3_natural,20,188,26.266666666666666,0.3621003329753876,0.21380043757436842
COHFACE_s20_session3_natural,20,189,26.3,0.21713986992835999,0.23392480774991675
COHFACE_s20_session3_natural,20,190,26.333333333333332,0.034121617674827576,0.22985502932229454
COHFACE_s20_session3_natural,20,191,26.366666666666667,-0.18001312017440796,0.2021050795066023
COHFACE_s20_session3_natural,20,192,26.4,-0.40925732254981995,0.15676970222330147
COHFACE_s20_session3_natural,20,193,26.433333333333334,-0.6445947289466858,0.10452872925567971
COHFACE_s20_session3_natural,20,194,26.466666666666665,-0.8605738878250122,0.05796418803655632
COHFACE_s20_session3_natural,20,195,26.5,-1.0259712934494019,0.02793231149054325
COHFACE_s20_session3_natural,20,196,26.533333333333335,-1.1318776607513428,0.0202866096145737
COHFACE_s20_session3_natural,20,197,26.566666666666666,-1.1939789056777954,0.03409802300641747
COHFACE_s20_session3_natural,20,198,26.6,-1.2442147731781006,0.06170396372302326
COHFACE_s20_session3_natural,20,199,26.633333333333333,-1.2972009181976318,0.09022260973782013
COHFACE_s20_session3_natural,20,200,26.666666666666668,-1.3356951475143433,0.10418159840117666
COHFACE_s20_session3_natural,20,201,26.7,-1.3249413967132568,0.08918323516620957
COHFACE_s20_session3_natural,20,202,26.733333333333334,-1.0104583501815796,0.03633541506336015
COHFACE_s20_session3_natural,20,203,26.766666666666666,-0.20832177996635437,-0.05360755083189307
COHFACE_s20_session3_natural,20,204,26.8,0.7044145464897156,-0.1682757206467295
COHFACE_s20_session3_natural,20,205,26.833333333333332,1.3320550918579102,-0.28562756734572253
COHFACE_s20_session3_natural,20,206,26.866666666666667,1.6550110578536987,-0.37995644336111956
COHFACE_s20_session3_natural,20,207,26.9,1.7586283683776855,-0.42990305052821887
COHFACE_s20_session3_natural,20,208,26.933333333333334,1.6812118291854858,-0.42505951288018773
COHFACE_s20_session3_natural,20,209,26.966666666666665,1.4000353813171387,-0.3683504899726385
COHFACE_s20_session3_natural,20,210,27.0,1.0206021070480347,-0.2737719382993691
COHFACE_s20_session3_natural,20,211,27.033333333333335,0.7231963872909546,-0.16135742506588782
COHFACE_s20_session3_natural,20,212,27.066666666666666,0.5339614748954773,-0.051746951641926116
COHFACE_s20_session3_natural,20,213,27.1,0.3774815499782562,0.03814963579943729
COHFACE_s20_session3_natural,20,214,27.133333333333333,0.2105196863412857,0.09789928033393894
COHFACE_s20_session3_natural,20,215,27.166666666666668,0.014112873002886772,0.12467356531083892
COHFACE_s20_session3_natural,20,216,27.2,-0.21534542739391327,0.1227305197115352
COHFACE_s20_session3_natural,20,217,27.233333333333334,-0.457550048828125,0.10128851911612816
COHFACE_s20_session3_natural,20,218,27.266666666666666,-0.663253128528595,0.07132709540302255
COHFACE_s20_session3_natural,20,219,27.3,-0.8187448978424072,0.04243677389534627
COHFACE_s20_session3_natural,20,220,27.333333333333332,-0.9243630766868591,0.02092678887683918
COHFACE_s20_session3_natural,20,221,27.366666666666667,-0.9900131821632385,0.009727564086734633
COHFACE_s20_session3_natural,20,222,27.4,-1.0622340440750122,0.009518002751357581
COHFACE_s20_session3_natural,20,223,27.433333333333334,-1.1372133493423462,0.01989626462316291
COHFACE_s20_session3_natural,20,224,27.466666666666665,-1.1943823099136353,0.03985208857234118
COHFACE_s20_session3_natural,20,225,27.5,-1.2067910432815552,0.06763307883799474
COHFACE_s20_session3_natural,20,226,27.533333333333335,-0.9683329463005066,0.10045153755856637
COHFACE_s20_session3_natural,20,227,27.566666666666666,-0.24526797235012054,0.13432179859241036
COHFACE_s20_session3_natural,20,228,27.6,0.6257382035255432,0.16407719933516646
COHFACE_s20_session3_natural,20,229,27.633333333333333,1.222212791442871,0.1835993994014471
COHFACE_s20_session3_natural,20,230,27.666666666666668,1.497147798538208,0.1865089850375064
COHFACE_s20_session3_natural,20,231,27.7,1.562345027923584,0.16767693600254693
COHFACE_s20_session3_natural,20,232,27.733333333333334,1.4532438516616821,0.12557115875790922
COHFACE_s20_session3_natural,20,233,27.766666666666666,1.1758880615234375,0.06464076866391727
COHFACE_s20_session3_natural,20,234,27.8,0.8470200896263123,-0.0038480311206189844
COHFACE_s20_session3_natural,20,235,27.833333333333332,0.5873675346374512,-0.06394704007428202
COHFACE_s20_session3_natural,20,236,27.866666666666667,0.42525550723075867,-0.10005830861888725
COHFACE_s20_session3_natural,20,237,27.9,0.2928025722503662,-0.10293383492160998
COHFACE_s20_session3_natural,20,238,27.933333333333334,0.12244828045368195,-0.0738387832527163
COHFACE_s20_session3_natural,20,239,27.966666666666665,-0.08405348658561707,-0.024746196015360603
COHFACE_s20_session3_natural,21,0,21.0,-1.372418999671936,0.021885602824880227
COHFACE_s20_session3_natural,21,1,21.033333333333335,-1.2770192623138428,2.6436109211623826
COHFACE_s20_session3_natural,21,2,21.066666666666666,-0.7498012185096741,4.8613116930420714
COHFACE_s20_session3_natural,21,3,21.1,0.12542077898979187,6.369425149027172
COHFACE_s20_session3_natural,21,4,21.133333333333333,0.901084840297699,7.031025537292189
COHFACE_s20_session3_natural,21,5,21.166666666666668,1.3743369579315186,6.895810681318108
COHFACE_s20_session3_natural,21,6,21.2,1.6111071109771729,6.159530973204518
COHFACE_s20_session3_natural,21,7,21.233333333333334,1.6734141111373901,5.087080870139948
COHFACE_s20_session3_natural,21,8,21.266666666666666,1.524320125579834,3.9326252478745363
COHFACE_s20_session3_natural,21,9,21.3,1.198259949684143,2.882583163217998
COHFACE_s20_session3_natural,21,10,21.333333333333332,0.8450521230697632,2.032549984755954
COHFACE_s20_session3_natural,21,11,21.366666666666667,0.5759304165840149,1.395353190669169
COHFACE_s20_session3_natural,21,12,21.4,0.3956623375415802,0.9284714723629706
COHFACE_s20_session3_natural,21,13,21.433333333333334,0.2316153347492218,0.5666486958627075
COHFACE_s20_session3_natural,21,14,21.466666666666665,0.03650125861167908,0.24875984862997905
COHFACE_s20_session3_natural,21,15,21.5,-0.18634510040283203,-0.06622644819462732
COHFACE_s20_session3_natural,21,16,21.533333333333335,-0.41223806142807007,-0.3941991043120763
COHFACE_s20_session3_natural,21,17,21.566666666666666,-0.6239437460899353,-0.728889330028286
COHFACE_s20_session3_natural,21,18,21.6,-0.8188437223434448,-1.049375778966319
COHFACE_s20_session3_natural,21,19,21.633333333333333,-0.9673365950584412,-1.3292214362871966
COHFACE_s20_session3_natural,21,20,21.666666666666668,-1.061418890953064,-1.5451076643525292
COHFACE_s20_session3_natural,21,21,21.7,-1.1389589309692383,-1.6832553297564827
COHFACE_s20_session3_natural,21,22,21.733333333333334,-1.2086684703826904,-1.7422516434172401
COHFACE_s20_session3_natural,21,23,21.766666666666666,-1.2736103534698486,-1.731740085230035
COHFACE_s20_session3_natural,21,24,21.8,-1.334303617477417,-1.6679298579728234
COHFACE_s20_session3_natural,21,25,21.833333333333332,-1.3373831510543823,-1.5680886282450848
COHFACE_s20_session3_natural,21,26,21.866666666666667,-1.0015326738357544,-1.4461657526184961
COHFACE_s20_session3_natural,21,27,21.9,-0.18197281658649445,-1.3106861006451258
COHFACE_s20_session3_natural,21,28,21.933333333333334,0.699679970741272,-1.16488437890509
COHFACE_s20_session3_natural,21,29,21.966666666666665,1.302618384361267,-1.0083639610245347
COHFACE_s20_session3_natural,21,30,22.0,1.6245697736740112,-0.839500491791406
COHFACE_s20_session3_natural,21,31,22.033333333333335,1.7484757900238037,-0.6578884234947012
COHFACE_s20_session3_natural,21,32,22.066666666666666,1.686901569366455,-0.466014885209153
COHFACE_s20_session3_natural,21,33,22.1,1.4182326793670654,-0.269523292857898
COHFACE_s20_session3_natural,21,34,22.133333333333333,1.0466711521148682,-0.07625166868232744
COHFACE_s20_session3_natural,21,35,22.166666666666668,0.7412207722663879,0.10499234330631019
COHFACE_s20_session3_natural,21,36,22.2,0.5337967872619629,0.2650300338494097
COHFACE_s20_session3_natural,21,37,22.233333333333334,0.3748878240585327,0.3942382197558789
COHFACE_s20_session3_natural,21,38,22.266666666666666,0.19985659420490265,0.48270720828842
COHFACE_s20_session3_natural,21,39,22.3,-0.016443690285086632,0.5218500243406801
COHFACE_s20_session3_natural,21,40,22.333333333333332,-0.250570684671402,0.5079572562162558
COHFACE_s20_session3_natural,21,41,22.366666666666667,-0.476447194814682,0.4466339009282704
COHFACE_s20_session3_natural,21,42,22.4,-0.672236442565918,0.35549085066221203
COHFACE_s20_session3_natural,21,43,22.433333333333334,-0.8392559289932251,0.2620958853099335
COHFACE_s20_session3_natural,21,44,22.466666666666665,-0.9648663997650146,0.19591220726469538
COHFACE_s20_session3_natural,21,45,22.5,-1.0519084930419922,0.17670047736260328
COHFACE_s20_session3_natural,21,46,22.533333333333335,-1.1227461099624634,0.20563452556456777
COHFACE_s20_session3_natural,21,47,22.566666666666666,-1.1826817989349365,0.265090650743541
COHFACE_s20_session3_natural,21,48,22.6,-1.2465862035751343,0.3273733281647804
COHFACE_s20_session3_natural,21,49,22.633333333333333,-1.2921946048736572,0.3667740458920252
COHFACE_s20_session3_natural,21,50,22.666666666666668,-1.15055251121521,0.3686393908214996
COHFACE_s20_session3_natural,21,51,22.7,-0.5366957187652588,0.3324148830984011
COHFACE_s20_session3_natural,21,52,22.733333333333334,0.3561965227127075,0.26911553640993746
COHFACE_s20_session3_natural,21,53,22.766666666666666,1.0523278713226318,0.19559906328903168
COHFACE_s20_session3_natural,21,54,22.8,1.418380856513977,0.12832854979711897
COHFACE_s20_session3_natural,21,55,22.833333333333332,1.5544568300247192,0.07854986509592937
COHFACE_s20_session3_natural,21,56,22.866666666666667,1.5159296989440918,0.04976863276033267
COHFACE_s20_session3_natural,21,57,22.9,1.278714895248413,0.03778330751674617
COHFACE_s20_session3_natural,21,58,22.933333333333334,0.9347209334373474,0.03333144155580492
COHFACE_s20_session3_natural,21,59,22.966666666666665,0.6427003145217896,0.026725911491871354
COHFACE_s20_session3_natural,21,60,23.0,0.46752089262008667,0.0124314483901379
COHFACE_s20_session3_natural,21,61,23.033333333333335,0.34760016202926636,-0.008982367082629138
COHFACE_s20_session3_natural,21,62,23.066666666666666,0.198884978890419,-0.032438274111598664
COHFACE_s20_session3_natural,21,63,23.1,0.008110249415040016,-0.05204101817721344
COHFACE_s20_session3_natural,21,64,23.133333333333333,-0.20834648609161377,-0.06434554053199018
COHFACE_s20_session3_natural,21,65,23.166666666666668,-0.4249267280101776,-0.06945997406415794
COHFACE_s20_session3_natural,21,66,23.2,-0.6242895722389221,-0.07000393704254304
COHFACE_s20_session3_natural,21,67,23.233333333333334,-0.8026803135871887,-0.0692871879769552
COHFACE_s20_session3_natural,21,68,23.266666666666666,-0.9414487481117249,-0.07005954950983702
COHFACE_s20_session3_natural,21,69,23.3,-1.018980622291565,-0.07419205350935885
COHFACE_s20_session3_natural,21,70,23.333333333333332,-1.0630656480789185,-0.08270617313590653
COHFACE_s20_session3_natural,21,71,23.366666666666667,-1.1092092990875244,-0.0954279791271112
COHFACE_s20_session3_natural,21,72,23.4,-1.171318769454956,-0.1102455131095441
COHFACE_s20_session3_natural,21,73,23.433333333333334,-1.2243707180023193,-0.12265980319718256
COHFACE_s20_session3_natural,21,74,23.466666666666665,-1.1943165063858032,-0.12628458222240785
COHFACE_s20_session3_natural,21,75,23.5,-0.7973528504371643,-0.1143836297023967
COHFACE_s20_session3_natural,21,76,23.533333333333335,0.02788843959569931,-0.08203876829407501
COHFACE_s20_session3_natural,21,77,23.566666666666666,0.8436852693557739,-0.028364356229007792
COHFACE_s20_session3_natural,21,78,23.6,1.3474609851837158,0.041776377732976655
COHFACE_s20_session3_natural,21,79,23.633333333333333,1.5743584632873535,0.11714129549879777
COHFACE_s20_session3_natural,21,80,23.666666666666668,1.6307041645050049,0.18131455451794085
COHFACE_s20_session3_natural,21,81,23.7,1.518449306488037,0.2162150402680106
COHFACE_s20_session3_natural,21,82,23.733333333333334,1.221587061882019,0.2073375831939833
COHFACE_s20_session3_natural,21,83,23.766666666666666,0.8873916268348694,0.14904471539602307
COHFACE_s20_session3_natural,21,84,23.8,0.6630631685256958,0.04788536218208515
COHFACE_s20_session3_natural,21,85,23.833333333333332,0.5242123603820801,-0.07757116489733037
COHFACE_s20_session3_natural,21,86,23.866666666666667,0.38089868426322937,-0.20085209823115896
COHFACE_s20_session3_natural,21,87,23.9,0.19132612645626068,-0.2947852036803818
COHFACE_s20_session3_natural,21,88,23.933333333333334,-0.025180019438266754,-0.33961573748607937
COHFACE_s20_session3_natural,21,89,23.966666666666665,-0.241817906498909,-0.32906072414165094
COHFACE_s20_session3_natural,21,90,24.0,-0.46300920844078064,-0.27162753925289124
COHFACE_s20_session3_natural,21,91,24.033333333333335,-0.6607993841171265,-0.18643510873237185
COHFACE_s20_session3_natural,21,92,24.066666666666666,-0.8060727119445801,-0.09570086600201134
COHFACE_s20_session3_natural,21,93,24.1,-0.9068822264671326,-0.01769565578213713
COHFACE_s20_session3_natural,21,94,24.133333333333333,-0.9746813774108887,0.03716608011752508
COHFACE_s20_session3_natural,21,95,24.166666666666668,-1.0392693281173706,0.06679134847855207
COHFACE_s20_session3_natural,21,96,24.2,-1.1085011959075928,0.07551378331559828
COHFACE_s20_session3_natural,21,97,24.233333333333334,-1.1699519157409668,0.07113402838599989
COHFACE_s20_session3_natural,21,98,24.266666666666666,-1.1660983562469482,0.061967586260407756
COHFACE_s20_session3_natural,21,99,24.3,-0.851401150226593,0.054657111495138674
COHFACE_s20_session3_natural,21,100,24.333333333333332,-0.0755147710442543,0.05313046412088949
COHFACE_s20_session3_natural,21,101,24.366666666666667,0.771480917930603,0.058653976889114445
COHFACE_s20_session3_natural,21,102,24.4,1.334689974784851,0.07053482555291878
COHFACE_s20_session3_natural,21,103,24.433333333333334,1.6125397682189941,0.08692538717355175
COHFACE_s20_session3_natural,21,104,24.466666666666665,1.6992197036743164,0.10546692274467015
COHFACE_s20_session3_natural,21,105,24.5,1.6076487302780151,0.12382694696314064
COHFACE_s20_session3_natural,21,106,24.533333333333335,1.3228164911270142,0.14018483343119664
COHFACE_s20_session3_natural,21,107,24.566666666666666,0.9668090343475342,0.1534984558809451
COHFACE_s20_session3_natural,21,108,24.6,0.6906554698944092,0.1632574008224888
COHFACE_s20_session3_natural,21,109,24.633333333333333,0.5040141940116882,0.16861616283061678
COHFACE_s20_session3_natural,21,110,24.666666666666668,0.3433513939380646,0.16728399984189093
COHFACE_s20_session3_natural,21,111,24.7,0.1681060940027237,0.15501552701424723
COHFACE_s20_session3_natural,21,112,24.733333333333334,-0.03871680051088333,0.12656854946787582
COHFACE_s20_session3_natural,21,113,24.766666666666666,-0.2748858630657196,0.07826550481032674
COHFACE_s20_session3_natural,21,114,24.8,-0.5171810388565063,0.011047287897078551
COHFACE_s20_session3_natural,21,115,24.833333333333332,-0.7273222804069519,-0.06786439969621934
COHFACE_s20_session3_natural,21,116,24.866666666666667,-0.8888167142868042,-0.14605196219036098
COHFACE_s20_session3_natural,21,117,24.9,-0.9974650144577026,-0.20949203138236297
COHFACE_s20_session3_natural,21,118,24.933333333333334,-1.066351056098938,-0.24679085744498616
COHFACE_s20_session3_natural,21,119,24.966666666666665,-1.1331621408462524,-0.2518799646775354
COHFACE_s20_session3_natural,21,120,25.0,-1.1970336437225342,-0.22434073219222206
COHFACE_s20_session3_natural,21,121,25.033333333333335,-1.2519960403442383,-0.1681771084876897
COHFACE_s20_session3_natural,21,122,25.066666666666666,-1.274647831916809,-0.09033692486105746
COHFACE_s20_session3_natural,21,123,25.1,-1.080439567565918,0.0002630795282508664
COHFACE_s20_session3_natural,21,124,25.133333333333333,-0.41372019052505493,0.09315459363627755
COHFACE_s20_session3_natural,21,125,25.166666666666668,0.4794602692127228,0.17653698048270153
COHFACE_s20_session3_natural,21,126,25.2,1.1585142612457275,0.23775757956596077
COHFACE_s20_session3_natural,21,127,25.233333333333334,1.5207548141479492,0.2644871471489484
COHFACE_s20_session3_natural,21,128,25.266666666666666,1.6532654762268066,0.24696818399132195
COHFACE_s20_session3_natural,21,129,25.3,1.612836241722107,0.18137779930650927
COHFACE_s20_session3_natural,21,130,25.333333333333332,1.3898992538452148,0.07352945908436301
COHFACE_s20_session3_natural,21,131,25.366666666666667,1.0364773273468018,-0.05892109738732851
COHFACE_s20_session3_natural,21,132,25.4,0.7048097848892212,-0.18814645105690533
COHFACE_s20_session3_natural,21,133,25.433333333333334,0.4772123694419861,-0.2830155443800015
COHFACE_s20_session3_natural,21,134,25.466666666666665,0.32904061675071716,-0.3196146537193959
COHFACE_s20_session3_natural,21,135,25.5,0.17158910632133484,-0.29083110054316025
COHFACE_s20_session3_natural,21,136,25.533333333333335,-0.038082778453826904,-0.20955238528966602
COHFACE_s20_session3_natural,21,137,25.566666666666666,-0.26419806480407715,-0.10301076299900706
COHFACE_s20_session3_natural,21,138,25.6,-0.4973946213722229,-0.001470452158310005
COHFACE_s20_session3_natural,21,139,25.633333333333333,-0.7204797863960266,0.07213234249537569
COHFACE_s20_session3_natural,21,140,25.666666666666668,-0.9020900130271912,0.10712663790507788
COHFACE_s20_session3_natural,21,141,25.7,-1.0312081575393677,0.10467905149019356
COHFACE_s20_session3_natural,21,142,25.733333333333334,-1.119658350944519,0.07440366825394289
COHFACE_s20_session3_natural,21,143,25.766666666666666,-1.1882396936416626,0.03013223795628939
COHFACE_s20_session3_natural,21,144,25.8,-1.2572575807571411,-0.014117311476584677
COHFACE_s20_session3_natural,21,145,25.833333333333332,-1.3232617378234863,-0.047538088082302116
COHFACE_s20_session3_natural,21,146,25.866666666666667,-1.3748397827148438,-0.06472219939907681
COHFACE_s20_session3_natural,21,147,25.9,-1.3097496032714844,-0.06595433699444536
COHFACE_s20_session3_natural,21,148,25.933333333333334,-0.8131293058395386,-0.05555442278217414
COHFACE_s20_session3_natural,21,149,25.966666666666665,0.08027347177267075,-0.03916713474529869
COHFACE_s20_session3_natural,21,150,26.0,0.8922744393348694,-0.021357825209814593
COHFACE_s20_session3_natural,21,151,26.033333333333335,1.3984874486923218,-0.004517249192793581
COHFACE_s20_session3_natural,21,152,26.066666666666666,1.6485884189605713,0.010848222024852317
COHFACE_s20_session3_natural,21,153,26.1,1.6953661441802979,0.025163127262548112
COHFACE_s20_session3_natural,21,154,26.133333333333333,1.545045256614685,0.03899937439849861
COHFACE_s20_session3_natural,21,155,26.166666666666668,1.1969754695892334,0.052813017951722725
COHFACE_s20_session3_natural,21,156,26.2,0.8012964129447937,0.06696698656319892
COHFACE_s20_session3_natural,21,157,26.233333333333334,0.5305443406105042,0.08160461962397697
COHFACE_s20_session3_natural,21,158,26.266666666666666,0.3621003329753876,0.09626261945169752
COHFACE_s20_session3_natural,21,159,26.3,0.21713986992835999,0.10955849139809756
COHFACE_s20_session3_natural,21,160,26.333333333333332,0.034121617674827576,0.11938254329018336
COHFACE_s20_session3_natural,21,161,26.366666666666667,-0.18001312017440796,0.12371672456134444
COHFACE_s20_session3_natural,21,162,26.4,-0.40925732254981995,0.12174775636661195
COHFACE_s20_session3_natural,21,163,26.433333333333334,-0.6445947289466858,0.11466780748883218
COHFACE_s20_session3_natural,21,164,26.466666666666665,-0.8605738878250122,0.10565973764446546
COHFACE_s20_session3_natural,21,165,26.5,-1.0259712934494019,0.09895927786531585
COHFACE_s20_session3_natural,21,166,26.533333333333335,-1.1318776607513428,0.0983042415084286
COHFACE_s20_session3_natural,21,167,26.566666666666666,-1.1939789056777954,0.10523448412286428
COHFACE_s20_session3_natural,21,168,26.6,-1.2442147731781006,0.11759014441991983
COHFACE_s20_session3_natural,21,169,26.633333333333333,-1.2972009181976318,0.12862279955237244
COHFACE_s20_session3_natural,21,170,26.666666666666668,-1.3356951475143433,0.12753505951544064
COHFACE_s20_session3_natural,21,171,26.7,-1.3249413967132568,0.10222862707317315
COHFACE_s20_session3_natural,21,172,26.733333333333334,-1.0104583501815796,0.04397536115520983
COHFACE_s20_session3_natural,21,173,26.766666666666666,-0.20832177996635437,-0.047734526801573515
COHFACE_s20_session3_natural,21,174,26.8,0.7044145464897156,-0.1626376572881373
COHFACE_s20_session3_natural,21,175,26.833333333333332,1.3320550918579102,-0.28122619759866685
COHFACE_s20_session3_natural,21,176,26.866666666666667,1.6550110578536987,-0.380219481638454
COHFACE_s20_session3_natural,21,177,26.9,1.7586283683776855,-0.43971720842711054
COHFACE_s20_session3_natural,21,178,26.933333333333334,1.6812118291854858,-0.4487981095158262
COHFACE_s20_session3_natural,21,179,26.966666666666665,1.4000353813171387,-0.40735225057337077
COHFACE_s20_session3_natural,21,180,27.0,1.0206021070480347,-0.3244343248616914
COHFACE_s20_session3_natural,21,181,27.033333333333335,0.7231963872909546,-0.21511194402388456
COHFACE_s20_session3_natural,21,182,27.066666666666666,0.5339614748954773,-0.0971941157611849
COHFACE_s20_session3_natural,21,183,27.1,0.3774815499782562,0.012042419947918789
COHFACE_s20_session3_natural,21,184,27.133333333333333,0.2105196863412857,0.09903119098160118
COHFACE_s20_session3_natural,21,185,27.166666666666668,0.014112873002886772,0.15624503302327042
COHFACE_s20_session3_natural,21,186,27.2,-0.21534542739391327,0.1829132275278196
COHFACE_s20_session3_natural,21,187,27.233333333333334,-0.457550048828125,0.1839915704269577
COHFACE_s20_session3_natural,21,188,27.266666666666666,-0.663253128528595,0.16788587566376634
COHFACE_s20_session3_natural,21,189,27.3,-0.8187448978424072,0.14379043325759858
COHFACE_s20_session3_natural,21,190,27.333333333333332,-0.9243630766868591,0.11952808854228687
COHFACE_s20_session3_natural,21,191,27.366666666666667,-0.9900131821632385,0.10041559488705078
COHFACE_s20_session3_natural,21,192,27.4,-1.0622340440750122,0.0890740258855309
COHFACE_s20_session3_natural,21,193,27.433333333333334,-1.1372133493423462,0.08573564617461782
COHFACE_s20_session3_natural,21,194,27.466666666666665,-1.1943823099136353,0.08874637403978904
COHFACE_s20_session3_natural,21,195,27.5,-1.2067910432815552,0.09526664456305219
COHFACE_s20_session3_natural,21,196,27.533333333333335,-0.9683329463005066,0.10217446067419866
COHFACE_s20_session3_natural,21,197,27.566666666666666,-0.24526797235012054,0.1068929025277557
COHFACE_s20_session3_natural,21,198,27.6,0.6257382035255432,0.10765925282312273
COHFACE_s20_session3_natural,21,199,27.633333333333333,1.222212791442871,0.10303105762961755
COHFACE_s20_session3_natural,21,200,27.666666666666668,1.497147798538208,0.091164800157948
COHFACE_s20_session3_natural,21,201,27.7,1.562345027923584,0.06985513118473119
COHFACE_s20_session3_natural,21,202,27.733333333333334,1.4532438516616821,0.037842727027325024
COHFACE_s20_session3_natural,21,203,27.766666666666666,1.1758880615234375,-0.0032399196473126826
COHFACE_s20_session3_natural,21,204,27.8,0.8470200896263123,-0.047832168365498424
COHFACE_s20_session3_natural,21,205,27.833333333333332,0.5873675346374512,-0.0876334007767746
COHFACE_s20_session3_natural,21,206,27.866666666666667,0.42525550723075867,-0.11481139632607845
COHFACE_s20_session3_natural,21,207,27.9,0.2928025722503662,-0.12541352672477413
COHFACE_s20_session3_natural,21,208,27.933333333333334,0.12244828045368195,-0.12082168075887384
COHFACE_s20_session3_natural,21,209,27.966666666666665,-0.08405348658561707,-0.1063166457088007
COHFACE_s20_session3_natural,21,210,28.0,-0.29688724875450134,-0.08779112488635951
COHFACE_s20_session3_natural,21,211,28.033333333333335,-0.5171069502830505,-0.06881742147663203
COHFACE_s20_session3_natural,21,212,28.066666666666666,-0.7273057699203491,-0.049699842246948366
COHFACE_s20_session3_natural,21,213,28.1,-0.8877133131027222,-0.02862190286903337
COHFACE_s20_session3_natural,21,214,28.133333333333333,-0.9813674092292786,-0.003870112119937506
COHFACE_s20_session3_natural,21,215,28.166666666666668,-1.0063742399215698,0.024126043817324257
COHFACE_s20_session3_natural,21,216,28.2,-0.960115373134613,0.05176795474900173
COHFACE_s20_session3_natural,21,217,28.233333333333334,-1.017325520515442,0.0725120336536598
COHFACE_s20_session3_natural,21,218,28.266666666666666,-1.2067745923995972,0.07824447050553009
COHFACE_s20_session3_natural,21,219,28.3,-1.3362056016921997,0.061643707001737304
COHFACE_s20_session3_natural,21,220,28.333333333333332,-1.0926671028137207,0.01927572925180077
COHFACE_s20_session3_natural,21,221,28.366666666666667,-0.33485445380210876,-0.0453453050202554
COHFACE_s20_session3_natural,21,222,28.4,0.4581834673881531,-0.12029540683232869
COHFACE_s20_session3_natural,21,223,28.433333333333334,0.962214469909668,-0.18697920359312442
COHFACE_s20_session3_natural,21,224,28.466666666666665,1.213295340538025,-0.2252665329698071
COHFACE_s20_session3_natural,21,225,28.5,1.290596604347229,-0.22023105945028054
COHFACE_s20_session3_natural,21,226,28.533333333333335,1.2168772220611572,-0.16756280870322005
COHFACE_s20_session3_natural,21,227,28.566666666666666,0.9881105422973633,-0.07533056092323562
COHFACE_s20_session3_natural,21,228,28.6,0.719285249710083,0.038211631102563884
COHFACE_s20_session3_natural,21,229,28.633333333333333,0.5602280497550964,0.1493396976353376
COHFACE_s20_session3_natural,21,230,28.666666666666668,0.45059990882873535,0.23447900309055197
COHFACE_s20_session3_natural,21,231,28.7,0.325038880109787,0.27575322322803886
COHFACE_s20_session3_natural,21,232,28.733333333333334,0.1638326197862625,0.2656959027584592
COHFACE_s20_session3_natural,21,233,28.766666666666666,-0.04783189296722412,0.21000417223576037
COHFACE_s20_session3_natural,21,234,28.8,-0.26185959577560425,0.12694806595507527
COHFACE_s20_session3_natural,21,235,28.833333333333332,-0.4716549813747406,0.04258069801743686
COHFACE_s20_session3_natural,21,236,28.866666666666667,-0.6975150108337402,-0.017548729097084076
COHFACE_s20_session3_natural,21,237,28.9,-0.8858112692832947,-0.03752775564127775
COHFACE_s20_session3_natural,21,238,28.933333333333334,-1.0275275707244873,-0.01724230139446868
COHFACE_s20_session3_natural,21,239,28.966666666666665,-1.182607650756836,0.027479163292793696
COHFACE_s20_session3_natural,22,0,22.0,1.6245697736740112,0.01472712349905531
COHFACE_s20_session3_natural,22,1,22.033333333333335,1.7484757900238037,2.666318856767047
COHFACE_s20_session3_natural,22,2,22.066666666666666,1.686901569366455,4.914751915183227
COHFACE_s20_session3_natural,22,3,22.1,1.4182326793670654,6.455562098655493
COHFACE_s20_session3_natural,22,4,22.133333333333333,1.0466711521148682,7.153150598081865
COHFACE_s20_session3_natural,22,5,22.166666666666668,0.7412207722663879,7.05709338953871
COHFACE_s20_session3_natural,22,6,22.2,0.5337967872619629,6.359341563340334
COHFACE_s20_session3_natural,22,7,22.233333333333334,0.3748878240585327,5.316175846087999
COHFACE_s20_session3_natural,22,8,22.266666666666666,0.19985659420490265,4.1695871190168265
COHFACE_s20_session3_natural,22,9,22.3,-0.016443690285086632,3.0939922553782226
COHFACE_s20_session3_natural,22,10,22.333333333333332,-0.250570684671402,2.178251549650942
COHFACE_s20_session3_natural,22,11,22.366666666666667,-0.476447194814682,1.4383696675982391
COHFACE_s20_session3_natural,22,12,22.4,-0.672236442565918,0.8471693656386295
COHFACE_s20_session3_natural,22,13,22.433333333333334,-0.8392559289932251,0.36505258463953927
COHFACE_s20_session3_natural,22,14,22.466666666666665,-0.9648663997650146,-0.040030732635763455
COHFACE_s20_session3_natural,22,15,22.5,-1.0519084930419922,-0.3870820453571517
COHFACE_s20_session3_natural,22,16,22.533333333333335,-1.1227461099624634,-0.6860577777150386
COHFACE_s20_session3_natural,22,17,22.566666666666666,-1.1826817989349365,-0.9429577311622829
COHFACE_s20_session3_natural,22,18,22.6,-1.2465862035751343,-1.1614320231548003
COHFACE_s20_session3_natural,22,19,22.633333333333333,-1.2921946048736572,-1.342072713057356
COHFACE_s20_session3_natural,22,20,22.666666666666668,-1.15055251121521,-1.482228153292388
COHFACE_s20_session3_natural,22,21,22.7,-0.5366957187652588,-1.5774380508898103
COHFACE_s20_session3_natural,22,22,22.733333333333334,0.3561965227127075,-1.6238391790041555
COHFACE_s20_session3_natural,22,23,22.766666666666666,1.0523278713226318,-1.6203650522826587
COHFACE_s20_session3_natural,22,24,22.8,1.418380856513977,-1.5699268130797335
COHFACE_s20_session3_natural,22,25,22.833333333333332,1.5544568300247192,-1.479437720342115
COHFACE_s20_session3_natural,22,26,22.866666666666667,1.5159296989440918,-1.3589830842080772
COHFACE_s20_session3_natural,22,27,22.9,1.278714895248413,-1.2203539156016343
COHFACE_s20_session3_natural,22,28,22.933333333333334,0.9347209334373474,-1.0748232975827965
COHFACE_s20_session3_natural,22,29,22.966666666666665,0.6427003145217896,-0.9303277352498508
COHFACE_s20_session3_natural,22,30,23.0,0.46752089262008667,-0.7893255304440491
COHFACE_s20_session3_natural,22,31,23.033333333333335,0.34760016202926636,-0.6490783650969083
COHFACE_s20_session3_natural,22,32,23.066666666666666,0.198884978890419,-0.5047860703005416
COHFACE_s20_session3_natural,22,33,23.1,0.008110249415040016,-0.35393304152253163
COHFACE_s20_session3_natural,22,34,23.133333333333333,-0.20834648609161377,-0.19919774566407966
COHFACE_s20_session3_natural,22,35,23.166666666666668,-0.4249267280101776,-0.048197438370444184
COHFACE_s20_session3_natural,22,36,23.2,-0.6242895722389221,0.08938785068968741
COHFACE_s20_session3_natural,22,37,23.233333333333334,-0.8026803135871887,0.20509155484298264
COHFACE_s20_session3_natural,22,38,23.266666666666666,-0.9414487481117249,0.29348399511259293
COHFACE_s20_session3_natural,22,39,23.3,-1.018980622291565,0.35238326275571813
COHFACE_s20_session3_natural,22,40,23.333333333333332,-1.0630656480789185,0.3826246428221732
COHFACE_s20_session3_natural,22,41,23.366666666666667,-1.1092092990875244,0.3884347538990477
COHFACE_s20_session3_natural,22,42,23.4,-1.171318769454956,0.3780582329509086
COHFACE_s20_session3_natural,22,43,23.433333333333334,-1.2243707180023193,0.36322991279035305
COHFACE_s20_session3_natural,22,44,23.466666666666665,-1.1943165063858032,0.356667043022283
COHFACE_s20_session3_natural,22,45,23.5,-0.7973528504371643,0.3683195436951256
COHFACE_s20_session3_natural,22,46,23.533333333333335,0.02788843959569931,0.4021735297028549
COHFACE_s20_session3_natural,22,47,23.566666666666666,0.8436852693557739,0.455084691437989
COHFACE_s20_session3_natural,22,48,23.6,1.3474609851837158,0.517678250274773
COHFACE_s20_session3_natural,22,49,23.633333333333333,1.5743584632873535,0.5762307499714767
COHFACE_s20_session3_natural,22,50,23.666666666666668,1.6307041645050049,0.6147117023561609
COHFACE_s20_session3_natural,22,51,23.7,1.518449306488037,0.6171091307919812
COHFACE_s20_session3_natural,22,52,23.733333333333334,1.221587061882019,0.5705453693233457
COHFACE_s20_session3_natural,22,53,23.766666666666666,0.8873916268348694,0.46915060005922454
COHFACE_s20_session3_natural,22,54,23.8,0.6630631685256958,0.31763656915065425
COHFACE_s20_session3_natural,22,55,23.833333333333332,0.5242123603820801,0.13280827134107923
COHFACE_s20_session3_natural,22,56,23.866666666666667,0.38089868426322937,-0.05849786390293511
COHFACE_s20_session3_natural,22,57,23.9,0.19132612645626068,-0.22538179449051274
COHFACE_s20_session3_natural,22,58,23.933333333333334,-0.025180019438266754,-0.3414304078084353
COHFACE_s20_session3_natural,22,59,23.966666666666665,-0.241817906498909,-0.3929098147575211
COHFACE_s20_session3_natural,22,60,24.0,-0.46300920844078064,-0.3829162994096931
COHFACE_s20_session3_natural,22,61,24.033333333333335,-0.6607993841171265,-0.3291728318262875
COHFACE_s20_session3_natural,22,62,24.066666666666666,-0.8060727119445801,-0.2565629601360649
COHFACE_s20_session3_natural,22,63,24.1,-0.9068822264671326,-0.18829083715493453
COHFACE_s20_session3_natural,22,64,24.133333333333333,-0.9746813774108887,-0.13946554232231456
COHFACE_s20_session3_natural,22,65,24.166666666666668,-1.0392693281173706,-0.11481761392636454
COHFACE_s20_session3_natural,22,66,24.2,-1.1085011959075928,-0.11021813278507626
COHFACE_s20_session3_natural,22,67,24.233333333333334,-1.1699519157409668,-0.11650661670456244
COHFACE_s20_session3_natural,22,68,24.266666666666666,-1.1660983562469482,-0.12379465051637897
COHFACE_s20_session3_natural,22,69,24.3,-0.851401150226593,-0.12471160043032176
COHFACE_s20_session3_natural,22,70,24.333333333333332,-0.0755147710442543,-0.11576507152444589
COHFACE_s20_session3_natural,22,71,24.366666666666667,0.771480917930603,-0.0968655807087811
COHFACE_s20_session3_natural,22,72,24.4,1.334689974784851,-0.06982237112073961
COHFACE_s20_session3_natural,22,73,24.433333333333334,1.6125397682189941,-0.03686954449491251
COHFACE_s20_session3_natural,22,74,24.466666666666665,1.6992197036743164,0.00010279151775533825
COHFACE_s20_session3_natural,22,75,24.5,1.6076487302780151,0.03956531084873767
COHFACE_s20_session3_natural,22,76,24.533333333333335,1.3228164911270142,0.07994709065260919
COHFACE_s20_session3_natural,22,77,24.566666666666666,0.9668090343475342,0.119142369738208
COHFACE_s20_session3_natural,22,78,24.6,0.6906554698944092,0.1540463153020676
COHFACE_s20_session3_natural,22,79,24.633333333333333,0.5040141940116882,0.18016191743807294
COHFACE_s20_session3_natural,22,80,24.666666666666668,0.3433513939380646,0.19153906812196486
COHFACE_s20_session3_natural,22,81,24.7,0.1681060940027237,0.18157401511521257
COHFACE_s20_session3_natural,22,82,24.733333333333334,-0.03871680051088333,0.14509532331636876
COHFACE_s20_session3_natural,22,83,24.766666666666666,-0.2748858630657196,0.0814360881728905
COHFACE_s20_session3_natural,22,84,24.8,-0.5171810388565063,-0.002901037793292113
COHFACE_s20_session3_natural,22,85,24.833333333333332,-0.7273222804069519,-0.09392466986883836
COHFACE_s20_session3_natural,22,86,24.866666666666667,-0.8888167142868042,-0.17333430377656117
COHFACE_s20_session3_natural,22,87,24.9,-0.9974650144577026,-0.22436590801295417
COHFACE_s20_session3_natural,22,88,24.933333333333334,-1.066351056098938,-0.23743594491299636
COHFACE_s20_session3_natural,22,89,24.966666666666665,-1.1331621408462524,-0.21249750242647106
COHFACE_s20_session3_natural,22,90,25.0,-1.1970336437225342,-0.1572653109431581
COHFACE_s20_session3_natural,22,91,25.033333333333335,-1.2519960403442383,-0.08311060293371071
COHFACE_s20_session3_natural,22,92,25.066666666666666,-1.274647831916809,-0.0012081754526761356
COHFACE_s20_session3_natural,22,93,25.1,-1.080439567565918,0.0794647143162346
COHFACE_s20_session3_natural,22,94,25.133333333333333,-0.41372019052505493,0.15212165336837064
COHFACE_s20_session3_natural,22,95,25.166666666666668,0.4794602692127228,0.2109963919974868
COHFACE_s20_session3_natural,22,96,25.2,1.1585142612457275,0.2501133809846349
COHFACE_s20_session3_natural,22,97,25.233333333333334,1.5207548141479492,0.26287641190647004
COHFACE_s20_session3_natural,22,98,25.266666666666666,1.6532654762268066,0.24300438736842966
COHFACE_s20_session3_natural,22,99,25.3,1.612836241722107,0.18693641892415847
COHFACE_s20_session3_natural,22,100,25.333333333333332,1.3898992538452148,0.09721886062435955
COHFACE_s20_session3_natural,22,101,25.366666666666667,1.0364773273468018,-0.01455196423695736
COHFACE_s20_session3_natural,22,102,25.4,0.7048097848892212,-0.12752793208583466
COHFACE_s20_session3_natural,22,103,25.433333333333334,0.4772123694419861,-0.21606402189147364
COHFACE_s20_session3_natural,22,104,25.466666666666665,0.32904061675071716,-0.2584338122666773
COHFACE_s20_session3_natural,22,105,25.5,0.17158910632133484,-0.24614854724286858
COHFACE_s20_session3_natural,22,106,25.533333333333335,-0.038082778453826904,-0.1883092861191344
COHFACE_s20_session3_natural,22,107,25.566666666666666,-0.26419806480407715,-0.10751577725641964
COHFACE_s20_session3_natural,22,108,25.6,-0.4973946213722229,-0.029675540619444444
COHFACE_s20_session3_natural,22,109,25.633333333333333,-0.7204797863960266,0.025806641761747004
COHFACE_s20_session3_natural,22,110,25.666666666666668,-0.9020900130271912,0.0506873418019393
COHFACE_s20_session3_natural,22,111,25.7,-1.0312081575393677,0.04719249022510682
COHFACE_s20_session3_natural,22,112,25.733333333333334,-1.119658350944519,0.0243833286628511
COHFACE_s20_session3_natural,22,113,25.766666666666666,-1.1882396936416626,-0.006089571630301705
COHFACE_s20_session3_natural,22,114,25.8,-1.2572575807571411,-0.03362080519388213
COHFACE_s20_session3_natural,22,115,25.833333333333332,-1.3232617378234863,-0.05125471572024193
COHFACE_s20_session3_natural,22,116,25.866666666666667,-1.3748397827148438,-0.056922852549445936
COHFACE_s20_session3_natural,22,117,25.9,-1.3097496032714844,-0.05294446160757268
COHFACE_s20_session3_natural,22,118,25.933333333333334,-0.8131293058395386,-0.04394151321898792
COHFACE_s20_session3_natural,22,119,25.966666666666665,0.08027347177267075,-0.03412556595570302
COHFACE_s20_session3_natural,22,120,26.0,0.8922744393348694,-0.025314659559247624
COHFACE_s20_session3_natural,22,121,26.033333333333335,1.3984874486923218,-0.016636388287954943
COHFACE_s20_session3_natural,22,122,26.066666666666666,1.6485884189605713,-0.005819656196144928
COHFACE_s20_session3_natural,22,123,26.1,1.6953661441802979,0.008971091255395603
COHFACE_s20_session3_natural,22,124,26.133333333333333,1.545045256614685,0.027949957099529937
COHFACE_s20_session3_natural,22,125,26.166666666666668,1.1969754695892334,0.049704728741633654
COHFACE_s20_session3_natural,22,126,26.2,0.8012964129447937,0.07199158529911044
COHFACE_s20_session3_natural,22,127,26.233333333333334,0.5305443406105042,0.09251282154056305
COHFACE_s20_session3_natural,22,128,26.266666666666666,0.3621003329753876,0.10922791369388482
COHFACE_s20_session3_natural,22,129,26.3,0.21713986992835999,0.12039402621010575
COHFACE_s20_session3_natural,22,130,26.333333333333332,0.034121617674827576,0.12477048574772258
COHFACE_s20_session3_natural,22,131,26.366666666666667,-0.18001312017440796,0.12214182816665546
COHFACE_s20_session3_natural,22,132,26.4,-0.40925732254981995,0.11384461449691621
COHFACE_s20_session3_natural,22,133,26.433333333333334,-0.6445947289466858,0.10277972175204107
COHFACE_s20_session3_natural,22,134,26.466666666666665,-0.8605738878250122,0.09267814008537405
COHFACE_s20_session3_natural,22,135,26.5,-1.0259712934494019,0.08689262785522774
COHFACE_s20_session3_natural,22,136,26.533333333333335,-1.1318776607513428,0.08726174967282899
COHFACE_s20_session3_natural,22,137,26.566666666666666,-1.1939789056777954,0.09340189941508686
COHFACE_s20_session3_natural,22,138,26.6,-1.2442147731781006,0.10232219022349055
COHFACE_s20_session3_natural,22,139,26.633333333333333,-1.2972009181976318,0.10819173893882963
COHFACE_s20_session3_natural,22,140,26.666666666666668,-1.3356951475143433,0.10268432718204253
COHFACE_s20_session3_natural,22,141,26.7,-1.3249413967132568,0.07674863356036206
COHFACE_s20_session3_natural,22,142,26.733333333333334,-1.0104583501815796,0.024052498667155055
COHFACE_s20_session3_natural,22,143,26.766666666666666,-0.20832177996635437,-0.055031709698682915
COHFACE_s20_session3_natural,22,144,26.8,0.7044145464897156,-0.1511599462618604
COHFACE_s20_session3_natural,22,145,26.833333333333332,1.3320550918579102,-0.24740334272717662
COHFACE_s20_session3_natural,22,146,26.866666666666667,1.6550110578536987,-0.32421432113108467
COHFACE_s20_session3_natural,22,147,26.9,1.7586283683776855,-0.36568853942118057
COHFACE_s20_session3_natural,22,148,26.933333333333334,1.6812118291854858,-0.36416113306055425
COHFACE_s20_session3_natural,22,149,26.966666666666665,1.4000353813171387,-0.3214030965870044
COHFACE_s20_session3_natural,22,150,27.0,1.0206021070480347,-0.24684672027354046
COHFACE_s20_session3_natural,22,151,27.033333333333335,0.7231963872909546,-0.15456464140772772
COHFACE_s20_session3_natural,22,152,27.066666666666666,0.5339614748954773,-0.060220202837582434
COHFACE_s20_session3_natural,22,153,27.1,0.3774815499782562,0.021837590506957914
COHFACE_s20_session3_natural,22,154,27.133333333333333,0.2105196863412857,0.08125750842674159
COHFACE_s20_session3_natural,22,155,27.166666666666668,0.014112873002886772,0.11354779956796167
COHFACE_s20_session3_natural,22,156,27.2,-0.21534542739391327,0.12038192901634714
COHFACE_s20_session3_natural,22,157,27.233333333333334,-0.457550048828125,0.1081247747001265
COHFACE_s20_session3_natural,22,158,27.266666666666666,-0.663253128528595,0.08517085359599896
COHFACE_s20_session3_natural,22,159,27.3,-0.8187448978424072,0.05927183490746569
COHFACE_s20_session3_natural,22,160,27.333333333333332,-0.9243630766868591,0.035970786504221926
COHFACE_s20_session3_natural,22,161,27.366666666666667,-0.9900131821632385,0.018532637426238466
COHFACE_s20_session3_natural,22,162,27.4,-1.0622340440750122,0.008791853602296474
COHFACE_s20_session3_natural,22,163,27.433333333333334,-1.1372133493423462,0.007899790366016131
COHFACE_s20_session3_natural,22,164,27.466666666666665,-1.1943823099136353,0.01641525240742089
COHFACE_s20_session3_natural,22,165,27.5,-1.2067910432815552,0.033923245243715344
COHFACE_s20_session3_natural,22,166,27.533333333333335,-0.9683329463005066,0.0586374883072593
COHFACE_s20_session3_natural,22,167,27.566666666666666,-0.24526797235012054,0.0872542314072144
COHFACE_s20_session3_natural,22,168,27.6,0.6257382035255432,0.11507913477804017
COHFACE_s20_session3_natural,22,169,27.633333333333333,1.222212791442871,0.1364032820280563
COHFACE_s20_session3_natural,22,170,27.666666666666668,1.497147798538208,0.145254541748375
COHFACE_s20_session3_natural,22,171,27.7,1.562345027923584,0.13672932270916904
COHFACE_s20_session3_natural,22,172,27.733333333333334,1.4532438516616821,0.10885459983422197
COHFACE_s20_session3_natural,22,173,27.766666666666666,1.1758880615234375,0.0643553396299565
COHFACE_s20_session3_natural,22,174,27.8,0.8470200896263123,0.011186830726451552
COHFACE_s20_session3_natural,22,175,27.833333333333332,0.5873675346374512,-0.03909561701817222
COHFACE_s20_session3_natural,22,176,27.866666666666667,0.42525550723075867,-0.07489177763448938
COHFACE_s20_session3_natural,22,177,27.9,0.2928025722503662,-0.08848304819955223
COHFACE_s20_session3_natural,22,178,27.933333333333334,0.12244828045368195,-0.07836257863840354
COHFACE_s20_session3_natural,22,179,27.966666666666665,-0.08405348658561707,-0.048892949122097275
COHFACE_s20_session3_natural,22,180,28.0,-0.29688724875450134,-0.007894724927530142
COHFACE_s20_session3_natural,22,181,28.033333333333335,-0.5171069502830505,0.03613849200435989
COHFACE_s20_session3_natural,22,182,28.066666666666666,-0.7273057699203491,0.0758853490697706
COHFACE_s20_session3_natural,22,183,28.1,-0.8877133131027222,0.10589920690628375
COHFACE_s20_session3_natural,22,184,28.133333333333333,-0.9813674092292786,0.12263208312200792
COHFACE_s20_session3_natural,22,185,28.166666666666668,-1.0063742399215698,0.12423122656851035
COHFACE_s20_session3_natural,22,186,28.2,-0.960115373134613,0.11024665232252595
COHFACE_s20_session3_natural,22,187,28.233333333333334,-1.017325520515442,0.08120611249071043
COHFACE_s20_session3_natural,22,188,28.266666666666666,-1.2067745923995972,0.03816908370771649
COHFACE_s20_session3_natural,22,189,28.3,-1.3362056016921997,-0.01732354351015549
COHFACE_s20_session3_natural,22,190,28.333333333333332,-1.0926671028137207,-0.08244996494884572
COHFACE_s20_session3_natural,22,191,28.366666666666667,-0.33485445380210876,-0.1516131705586789
COHFACE_s20_session3_natural,22,192,28.4,0.4581834673881531,-0.2154356598611908
COHFACE_s20_session3_natural,22,193,28.433333333333334,0.962214469909668,-0.26172825523831456
COHFACE_s20_session3_natural,22,194,28.466666666666665,1.213295340538025,-0.27877127637134574
COHFACE_s20_session3_natural,22,195,28.5,1.290596604347229,-0.2595580928899435
COHFACE_s20_session3_natural,22,196,28.533333333333335,1.2168772220611572,-0.20483429826640223
COHFACE_s20_session3_natural,22,197,28.566666666666666,0.9881105422973633,-0.12340685035092121
COHFACE_s20_session3_natural,22,198,28.6,0.719285249710083,-0.02983025249638683
COHFACE_s20_session3_natural,22,199,28.633333333333333,0.5602280497550964,0.059146326431546235
COHFACE_s20_session3_natural,22,200,28.666666666666668,0.45059990882873535,0.1280211224243565
COHFACE_s20_session3_natural,22,201,28.7,0.325038880109787,0.16532551067130313
COHFACE_s20_session3_natural,22,202,28.733333333333334,0.1638326197862625,0.16573734292051115
COHFACE_s20_session3_natural,22,203,28.766666666666666,-0.04783189296722412,0.13138275891882775
COHFACE_s20_session3_natural,22,204,28.8,-0.26185959577560425,0.07173813405831621
COHFACE_s20_session3_natural,22,205,28.833333333333332,-0.4716549813747406,0.0015285399047508179
COHFACE_s20_session3_natural,22,206,28.866666666666667,-0.6975150108337402,-0.06315272872544668
COHFACE_s20_session3_natural,22,207,28.9,-0.8858112692832947,-0.10919431965918028
COHFACE_s20_session3_natural,22,208,28.933333333333334,-1.0275275707244873,-0.12954112976654858
COHFACE_s20_session3_natural,22,209,28.966666666666665,-1.182607650756836,-0.12385987529794008
COHFACE_s20_session3_natural,22,210,29.0,-1.3734071254730225,-0.096997197145031
COHFACE_s20_session3_natural,22,211,29.033333333333335,-1.5104875564575195,-0.056476938202758384
COHFACE_s20_session3_natural,22,212,29.066666666666666,-1.5594884157180786,-0.010279963334538516
COHFACE_s20_session3_natural,22,213,29.1,-1.527350902557373,0.03458076670231665
COHFACE_s20_session3_natural,22,214,29.133333333333333,-1.3124009370803833,0.07285156291464275
COHFACE_s20_session3_natural,22,215,29.166666666666668,-0.8541678190231323,0.10151262050163154
COHFACE_s20_session3_natural,22,216,29.2,-0.24978022277355194,0.1199382436256096
COHFACE_s20_session3_natural,22,217,29.233333333333334,0.27497583627700806,0.12949772590362246
COHFACE_s20_session3_natural,22,218,29.266666666666666,0.5063938498497009,0.13257318035618634
COHFACE_s20_session3_natural,22,219,29.3,0.46262985467910767,0.131369128234529
COHFACE_s20_session3_natural,22,220,29.333333333333332,0.2570585608482361,0.12700429181864095
COHFACE_s20_session3_natural,22,221,29.366666666666667,-0.04951164126396179,0.1191749289835817
COHFACE_s20_session3_natural,22,222,29.4,-0.30802789330482483,0.10638891945753914
COHFACE_s20_session3_natural,22,223,29.433333333333334,-0.3944936692714691,0.0866116467798342
COHFACE_s20_session3_natural,22,224,29.466666666666665,-0.3753083348274231,0.05820119941943741
COHFACE_s20_session3_natural,22,225,29.5,-0.3987836241722107,0.02106475102878705
COHFACE_s20_session3_natural,22,226,29.533333333333335,-0.49613481760025024,-0.02216567854421795
COHFACE_s20_session3_natural,22,227,29.566666666666666,-0.664685845375061,-0.06547316351162301
COHFACE_s20_session3_natural,22,228,29.6,-0.878252387046814,-0.10010185146607269
COHFACE_s20_session3_natural,22,229,29.633333333333333,-1.0587427616119385,-0.11694839191107871
COHFACE_s20_session3_natural,22,230,29.666666666666668,-1.1551223993301392,-0.11006578768395589
COHFACE_s20_session3_natural,22,231,29.7,-1.1898947954177856,-0.07966055426920157
COHFACE_s20_session3_natural,22,232,29.733333333333334,-1.19794762134552,-0.032944134311417454
COHFACE_s20_session3_natural,22,233,29.766666666666666,-1.1794952154159546,0.017804089473729464
COHFACE_s20_session3_natural,22,234,29.8,-1.174480676651001,0.05918943202501846
COHFACE_s20_session3_natural,22,235,29.833333333333332,-1.1789188385009766,0.0808948496654425
COHFACE_s20_session3_natural,22,236,29.866666666666667,-1.1731384992599487,0.07833874754987943
COHFACE_s20_session3_natural,22,237,29.9,-0.9534210562705994,0.052977515773231475
COHFACE_s20_session3_natural,22,238,29.933333333333334,-0.14159303903579712,0.010750497034126975
COHFACE_s20_session3_natural,22,239,29.966666666666665,0.8537967205047607,-0.04001999702387215
COHFACE_s20_session3_natural,23,0,23.0,0.46752089262008667,-0.024562766335026055
COHFACE_s20_session3_natural,23,1,23.033333333333335,0.34760016202926636,2.5485084955451676
COHFACE_s20_session3_natural,23,2,23.066666666666666,0.198884978890419,4.7283607799135146
COHFACE_s20_session3_natural,23,3,23.1,0.008110249415040016,6.216683297384571
COHFACE_s20_session3_natural,23,4,23.133333333333333,-0.20834648609161377,6.879273877375274
COHFACE_s20_session3_natural,23,5,23.166666666666668,-0.4249267280101776,6.7633721805794735
COHFACE_s20_session3_natural,23,6,23.2,-0.6242895722389221,6.058003754788278
COHFACE_s20_session3_natural,23,7,23.233333333333334,-0.8026803135871887,5.019155715573705
COHFACE_s20_session3_natural,23,8,23.266666666666666,-0.9414487481117249,3.8923851108412295
COHFACE_s20_session3_natural,23,9,23.3,-1.018980622291565,2.85791948224151
COHFACE_s20_session3_natural,23,10,23.333333333333332,-1.0630656480789185,2.008849365418008
COHFACE_s20_session3_natural,23,11,23.366666666666667,-1.1092092990875244,1.359552998671307
COHFACE_s20_session3_natural,23,12,23.4,-1.171318769454956,0.8728832731129859
COHFACE_s20_session3_natural,23,13,23.433333333333334,-1.2243707180023193,0.4921970017764119
COHFACE_s20_session3_natural,23,14,23.466666666666665,-1.1943165063858032,0.16706920221719268
COHFACE_s20_session3_natural,23,15,23.5,-0.7973528504371643,-0.13290171456995278
COHFACE_s20_session3_natural,23,16,23.533333333333335,0.02788843959569931,-0.4161610278832388
COHFACE_s20_session3_natural,23,17,23.566666666666666,0.8436852693557739,-0.6754839692078489
COHFACE_s20_session3_natural,23,18,23.6,1.3474609851837158,-0.8978472924194191
COHFACE_s20_session3_natural,23,19,23.633333333333333,1.5743584632873535,-1.0738275412460572
COHFACE_s20_session3_natural,23,20,23.666666666666668,1.6307041645050049,-1.2033867313299091
COHFACE_s20_session3_natural,23,21,23.7,1.518449306488037,-1.2962840989083735
COHFACE_s20_session3_natural,23,22,23.733333333333334,1.221587061882019,-1.3674822660476753
COHFACE_s20_session3_natural,23,23,23.766666666666666,0.8873916268348694,-1.4299649047839422
COHFACE_s20_session3_natural,23,24,23.8,0.6630631685256958,-1.4882928115301697
COHFACE_s20_session3_natural,23,25,23.833333333333332,0.5242123603820801,-1.535742456770573
COHFACE_s20_session3_natural,23,26,23.866666666666667,0.38089868426322937,-1.5563505358302774
COHFACE_s20_session3_natural,23,27,23.9,0.19132612645626068,-1.5312339485241304
COHFACE_s20_session3_natural,23,28,23.933333333333334,-0.025180019438266754,-1.4468040720032143
COHFACE_s20_session3_natural,23,29,23.966666666666665,-0.241817906498909,-1.3014342304340158
COHFACE_s20_session3_natural,23,30,24.0,-0.46300920844078064,-1.1073138088364896
COHFACE_s20_session3_natural,23,31,24.033333333333335,-0.6607993841171265,-0.886326189973639
COHFACE_s20_session3_natural,23,32,24.066666666666666,-0.8060727119445801,-0.6622500620730077
COHFACE_s20_session3_natural,23,33,24.1,-0.9068822264671326,-0.45360940092231516
COHFACE_s20_session3_natural,23,34,24.133333333333333,-0.9746813774108887,-0.2702000363651408
COHFACE_s20_session3_natural,23,35,24.166666666666668,-1.0392693281173706,-0.11353270037969851
COHFACE_s20_session3_natural,23,36,24.2,-1.1085011959075928,0.02022655049251065
COHFACE_s20_session3_natural,23,37,24.233333333333334,-1.1699519157409668,0.13654201517594727
COHFACE_s20_session3_natural,23,38,24.266666666666666,-1.1660983562469482,0.23953571370336432
COHFACE_s20_session3_natural,23,39,24.3,-0.851401150226593,0.3307155715647064
COHFACE_s20_session3_natural,23,40,24.333333333333332,-0.0755147710442543,0.40944605360844055
COHFACE_s20_session3_natural,23,41,24.366666666666667,0.771480917930603,0.4743745767765127
COHFACE_s20_session3_natural,23,42,24.4,1.334689974784851,0.5247681835613807
COHFACE_s20_session3_natural,23,43,24.433333333333334,1.6125397682189941,0.5610784814512269
COHFACE_s20_session3_natural,23,44,24.466666666666665,1.6992197036743164,0.5847251125002925
COHFACE_s20_session3_natural,23,45,24.5,1.6076487302780151,0.597575230023849
COHFACE_s20_session3_natural,23,46,24.533333333333335,1.3228164911270142,0.6015712859670493
COHFACE_s20_session3_natural,23,47,24.566666666666666,0.9668090343475342,0.5985383047100635
COHFACE_s20_session3_natural,23,48,24.6,0.6906554698944092,0.5897944853902378
COHFACE_s20_session3_natural,23,49,24.633333333333333,0.5040141940116882,0.5752354152114176
COHFACE_s20_session3_natural,23,50,24.666666666666668,0.3433513939380646,0.5521616617730126
COHFACE_s20_session3_natural,23,51,24.7,0.1681060940027237,0.514791917416134
COHFACE_s20_session3_natural,23,52,24.733333333333334,-0.03871680051088333,0.45550154552540983
COHFACE_s20_session3_natural,23,53,24.766666666666666,-0.2748858630657196,0.36802854200817864
COHFACE_s20_session3_natural,23,54,24.8,-0.5171810388565063,0.25149958696996777
COHFACE_s20_session3_natural,23,55,24.833333333333332,-0.7273222804069519,0.11314021561270934
COHFACE_s20_session3_natural,23,56,24.866666666666667,-0.8888167142868042,-0.0321507746891127
COHFACE_s20_session3_natural,23,57,24.9,-0.9974650144577026,-0.16552247818534482
COHFACE_s20_session3_natural,23,58,24.933333333333334,-1.066351056098938,-0.2693131661473603
COHFACE_s20_session3_natural,23,59,24.966666666666665,-1.1331621408462524,-0.3310585993273741
COHFACE_s20_session3_natural,23,60,25.0,-1.1970336437225342,-0.3452090905496897
COHFACE_s20_session3_natural,23,61,25.033333333333335,-1.2519960403442383,-0.31317064633477554
COHFACE_s20_session3_natural,23,62,25.066666666666666,-1.274647831916809,-0.2426381160172456
COHFACE_s20_session3_natural,23,63,25.1,-1.080439567565918,-0.14652774677580002
COHFACE_s20_session3_natural,23,64,25.133333333333333,-0.41372019052505493,-0.04137538378421188
COHFACE_s20_session3_natural,23,65,25.166666666666668,0.4794602692127228,0.0548100088397639
COHFACE_s20_session3_natural,23,66,25.2,1.1585142612457275,0.12490353268315636
COHFACE_s20_session3_natural,23,67,25.233333333333334,1.5207548141479492,0.15486068620582244
COHFACE_s20_session3_natural,23,68,25.266666666666666,1.6532654762268066,0.13580984658201817
COHFACE_s20_session3_natural,23,69,25.3,1.612836241722107,0.06639312488226211
COHFACE_s20_session3_natural,23,70,25.333333333333332,1.3898992538452148,-0.044766330482592466
COHFACE_s20_session3_natural,23,71,25.366666666666667,1.0364773273468018,-0.1777537716714867
COHFACE_s20_session3_natural,23,72,25.4,0.7048097848892212,-0.30343529393265145
COHFACE_s20_session3_natural,23,73,25.433333333333334,0.4772123694419861,-0.3903977321561088
COHFACE_s20_session3_natural,23,74,25.466666666666665,0.32904061675071716,-0.4153709315818208
COHFACE_s20_session3_natural,23,75,25.5,0.17158910632133484,-0.37255663025253094
COHFACE_s20_session3_natural,23,76,25.533333333333335,-0.038082778453826904,-0.27641423882361976
COHFACE_s20_session3_natural,23,77,25.566666666666666,-0.26419806480407715,-0.1555322473518006
COHFACE_s20_session3_natural,23,78,25.6,-0.4973946213722229,-0.040955010608919304
COHFACE_s20_session3_natural,23,79,25.633333333333333,-0.7204797863960266,0.04428210978027794
COHFACE_s20_session3_natural,23,80,25.666666666666668,-0.9020900130271912,0.08991600733410676
COHFACE_s20_session3_natural,23,81,25.7,-1.0312081575393677,0.09767227400049362
COHFACE_s20_session3_natural,23,82,25.733333333333334,-1.119658350944519,0.07748112859730805
COHFACE_s20_session3_natural,23,83,25.766666666666666,-1.1882396936416626,0.042958206580606
COHFACE_s20_session3_natural,23,84,25.8,-1.2572575807571411,0.007317596096472259
COHFACE_s20_session3_natural,23,85,25.833333333333332,-1.3232617378234863,-0.01977924515642755
COHFACE_s20_session3_natural,23,86,25.866666666666667,-1.3748397827148438,-0.03392954031228835
COHFACE_s20_session3_natural,23,87,25.9,-1.3097496032714844,-0.035759830888398396
COHFACE_s20_session3_natural,23,88,25.933333333333334,-0.8131293058395386,-0.028934146693174
COHFACE_s20_session3_natural,23,89,25.966666666666665,0.08027347177267075,-0.017458986735701267
COHFACE_s20_session3_natural,23,90,26.0,0.8922744393348694,-0.0036746648302098898
COHFACE_s20_session3_natural,23,91,26.033333333333335,1.3984874486923218,0.012188532364924197
COHFACE_s20_session3_natural,23,92,26.066666666666666,1.6485884189605713,0.031057385930764035
COHFACE_s20_session3_natural,23,93,26.1,1.6953661441802979,0.05364117158593744
COHFACE_s20_session3_natural,23,94,26.133333333333333,1.545045256614685,0.07959403798672857
COHFACE_s20_session3_natural,23,95,26.166666666666668,1.1969754695892334,0.10752117124872013
COHFACE_s20_session3_natural,23,96,26.2,0.8012964129447937,0.1354483323588914
COHFACE_s20_session3_natural,23,97,26.233333333333334,0.5305443406105042,0.1611516835285337
COHFACE_s20_session3_natural,23,98,26.266666666666666,0.3621003329753876,0.18210816284385573
COHFACE_s20_session3_natural,23,99,26.3,0.21713986992835999,0.19539082877571454
COHFACE_s20_session3_natural,23,100,26.333333333333332,0.034121617674827576,0.1980746103178062
COHFACE_s20_session3_natural,23,101,26.366666666666667,-0.18001312017440796,0.1883926284411025
COHFACE_s20_session3_natural,23,102,26.4,-0.40925732254981995,0.16717811906562344
COHFACE_s20_session3_natural,23,103,26.433333333333334,-0.6445947289466858,0.1386397197858921
COHFACE_s20_session3_natural,23,104,26.466666666666665,-0.8605738878250122,0.10971998741436578
COHFACE_s20_session3_natural,23,105,26.5,-1.0259712934494019,0.08802846502079581
COHFACE_s20_session3_natural,23,106,26.533333333333335,-1.1318776607513428,0.07910042559355923
COHFACE_s20_session3_natural,23,107,26.566666666666666,-1.1939789056777954,0.08400707154833968
COHFACE_s20_session3_natural,23,108,26.6,-1.2442147731781006,0.09803620013704344
COHFACE_s20_session3_natural,23,109,26.633333333333333,-1.2972009181976318,0.11081281755706211
COHFACE_s20_session3_natural,23,110,26.666666666666668,-1.3356951475143433,0.10821319814687304
COHFACE_s20_session3_natural,23,111,26.7,-1.3249413967132568,0.07625407810438767
COHFACE_s20_session3_natural,23,112,26.733333333333334,-1.0104583501815796,0.006310033351311607
COHFACE_s20_session3_natural,23,113,26.766666666666666,-0.20832177996635437,-0.10010856783726366
COHFACE_s20_session3_natural,23,114,26.8,0.7044145464897156,-0.22935249300144578
COHFACE_s20_session3_natural,23,115,26.833333333333332,1.3320550918579102,-0.35804506178779494
COHFACE_s20_session3_natural,23,116,26.866666666666667,1.6550110578536987,-0.45959026367433387
COHFACE_s20_session3_natural,23,117,26.9,1.7586283683776855,-0.5122983404093547
COHFACE_s20_session3_natural,23,118,26.933333333333334,1.6812118291854858,-0.5056691860373462
COHFACE_s20_session3_natural,23,119,26.966666666666665,1.4000353813171387,-0.4424047530091877
COHFACE_s20_session3_natural,23,120,27.0,1.0206021070480347,-0.3362499539871437
COHFACE_s20_session3_natural,23,121,27.033333333333335,0.7231963872909546,-0.20762888294356677
COHFACE_s20_session3_natural,23,122,27.066666666666666,0.5339614748954773,-0.07880379962567094
COHFACE_s20_session3_natural,23,123,27.1,0.3774815499782562,0.030747366402556816
COHFACE_s20_session3_natural,23,124,27.133333333333333,0.2105196863412857,0.10816579522297981
COHFACE_s20_session3_natural,23,125,27.166666666666668,0.014112873002886772,0.14932071975805045
COHFACE_s20_session3_natural,23,126,27.2,-0.21534542739391327,0.15847965211417886
COHFACE_s20_session3_natural,23,127,27.233333333333334,-0.457550048828125,0.14567582066266319
COHFACE_s20_session3_natural,23,128,27.266666666666666,-0.663253128528595,0.12280701954742324
COHFACE_s20_session3_natural,23,129,27.3,-0.8187448978424072,0.09997881900961195
COHFACE_s20_session3_natural,23,130,27.333333333333332,-0.9243630766868591,0.08341406317978524
COHFACE_s20_session3_natural,23,131,27.366666666666667,-0.9900131821632385,0.07540411017343025
COHFACE_s20_session3_natural,23,132,27.4,-1.0622340440750122,0.07567329921824452
COHFACE_s20_session3_natural,23,133,27.433333333333334,-1.1372133493423462,0.08293815349566093
COHFACE_s20_session3_natural,23,134,27.466666666666665,-1.1943823099136353,0.09579171535949248
COHFACE_s20_session3_natural,23,135,27.5,-1.2067910432815552,0.11281761880293156
COHFACE_s20_session3_natural,23,136,27.533333333333335,-0.9683329463005066,0.13230691263881664
COHFACE_s20_session3_natural,23,137,27.566666666666666,-0.24526797235012054,0.15195301543430192
COHFACE_s20_session3_natural,23,138,27.6,0.6257382035255432,0.16868361649873478
COHFACE_s20_session3_natural,23,139,27.633333333333333,1.222212791442871,0.1786773560993646
COHFACE_s20_session3_natural,23,140,27.666666666666668,1.497147798538208,0.17773096584471323
COHFACE_s20_session3_natural,23,141,27.7,1.562345027923584,0.1622288702419001
COHFACE_s20_session3_natural,23,142,27.733333333333334,1.4532438516616821,0.13071232671488248
COHFACE_s20_session3_natural,23,143,27.766666666666666,1.1758880615234375,0.08545414602340873
COHFACE_s20_session3_natural,23,144,27.8,0.8470200896263123,0.03292362458786953
COHFACE_s20_session3_natural,23,145,27.833333333333332,0.5873675346374512,-0.01771133474003942
COHFACE_s20_session3_natural,23,146,27.866666666666667,0.42525550723075867,-0.05766282908371652
COHFACE_s20_session3_natural,23,147,27.9,0.2928025722503662,-0.08156941052694806
COHFACE_s20_session3_natural,23,148,27.933333333333334,0.12244828045368195,-0.08878628755377634
COHFACE_s20_session3_natural,23,149,27.966666666666665,-0.08405348658561707,-0.08235331436444075
COHFACE_s20_session3_natural,23,150,28.0,-0.29688724875450134,-0.06669965390325591
COHFACE_s20_session3_natural,23,151,28.033333333333335,-0.5171069502830505,-0.04585942782499724
COHFACE_s20_session3_natural,23,152,28.066666666666666,-0.7273057699203491,-0.02311181752423618
COHFACE_s20_session3_natural,23,153,28.1,-0.8877133131027222,-0.0015694426034578168
COHFACE_s20_session3_natural,23,154,28.133333333333333,-0.9813674092292786,0.01532319780138682
COHFACE_s20_session3_natural,23,155,28.166666666666668,-1.0063742399215698,0.023999022510550732
COHFACE_s20_session3_natural,23,156,28.2,-0.960115373134613,0.02152415610446389
COHFACE_s20_session3_natural,23,157,28.233333333333334,-1.017325520515442,0.00627383360928538
COHFACE_s20_session3_natural,23,158,28.266666666666666,-1.2067745923995972,-0.021904151261682787
COHFACE_s20_session3_natural,23,159,28.3,-1.3362056016921997,-0.06183678630388444
COHFACE_s20_session3_natural,23,160,28.333333333333332,-1.0926671028137207,-0.1108154732850212
COHFACE_s20_session3_natural,23,161,28.366666666666667,-0.33485445380210876,-0.16372423509439868
COHFACE_s20_session3_natural,23,162,28.4,0.4581834673881531,-0.21231942862606556
COHFACE_s20_session3_natural,23,163,28.433333333333334,0.962214469909668,-0.24602423013912159
COHFACE_s20_session3_natural,23,164,28.466666666666665,1.213295340538025,-0.25465352967905147
COHFACE_s20_session3_natural,23,165,28.5,1.290596604347229,-0.23197607873560866
COHFACE_s20_session3_natural,23,166,28.533333333333335,1.2168772220611572,-0.1783710602444013
COHFACE_s20_session3_natural,23,167,28.566666666666666,0.9881105422973633,-0.10136737814124343
COHFACE_s20_session3_natural,23,168,28.6,0.719285249710083,-0.01401204363535519
COHFACE_s20_session3_natural,23,169,28.633333333333333,0.5602280497550964,0.06807312890100747
COHFACE_s20_session3_natural,23,170,28.666666666666668,0.45059990882873535,0.12996775618573234
COHFACE_s20_session3_natural,23,171,28.7,0.325038880109787,0.16048525169917047
COHFACE_s20_session3_natural,23,172,28.733333333333334,0.1638326197862625,0.15469700760993593
COHFACE_s20_session3_natural,23,173,28.766666666666666,-0.04783189296722412,0.11555851382140032
COHFACE_s20_session3_natural,23,174,28.8,-0.26185959577560425,0.05386460322332967
COHFACE_s20_session3_natural,23,175,28.833333333333332,-0.4716549813747406,-0.014139937988778996
COHFACE_s20_session3_natural,23,176,28.866666666666667,-0.6975150108337402,-0.07117154774318718
COHFACE_s20_session3_natural,23,177,28.9,-0.8858112692832947,-0.10379621023176325
COHFACE_s20_session3_natural,23,178,28.933333333333334,-1.0275275707244873,-0.10579837590426967
COHFACE_s20_session3_natural,23,179,28.966666666666665,-1.182607650756836,-0.07875455959757653
COHFACE_s20_session3_natural,23,180,29.0,-1.3734071254730225,-0.030029806167430544
COHFACE_s20_session3_natural,23,181,29.033333333333335,-1.5104875564575195,0.030432809185075925
COHFACE_s20_session3_natural,23,182,29.066666666666666,-1.5594884157180786,0.09312988559662735
COHFACE_s20_session3_natural,23,183,29.1,-1.527350902557373,0.15105048758306167
COHFACE_s20_session3_natural,23,184,29.133333333333333,-1.3124009370803833,0.200479849349739
COHFACE_s20_session3_natural,23,185,29.166666666666668,-0.8541678190231323,0.24050449916402425
COHFACE_s20_session3_natural,23,186,29.2,-0.24978022277355194,0.27141426295387117
COHFACE_s20_session3_natural,23,187,29.233333333333334,0.27497583627700806,0.2926106587721282
COHFACE_s20_session3_natural,23,188,29.266666666666666,0.5063938498497009,0.30107794014277295
COHFACE_s20_session3_natural,23,189,29.3,0.46262985467910767,0.29147016744137666
COHFACE_s20_session3_natural,23,190,29.333333333333332,0.2570585608482361,0.2581238131211234
COHFACE_s20_session3_natural,23,191,29.366666666666667,-0.04951164126396179,0.19820686627023618
COHFACE_s20_session3_natural,23,192,29.4,-0.30802789330482483,0.11444738546063005
COHFACE_s20_session3_natural,23,193,29.433333333333334,-0.3944936692714691,0.015931559880182737
COHFACE_s20_session3_natural,23,194,29.466666666666665,-0.3753083348274231,-0.08362469154511042
COHFACE_s20_session3_natural,23,195,29.5,-0.3987836241722107,-0.1694209675454124
COHFACE_s20_session3_natural,23,196,29.533333333333335,-0.49613481760025024,-0.22929352732130454
COHFACE_s20_session3_natural,23,197,29.566666666666666,-0.664685845375061,-0.25612330625172386
COHFACE_s20_session3_natural,23,198,29.6,-0.878252387046814,-0.24864523764875554
COHFACE_s20_session3_natural,23,199,29.633333333333333,-1.0587427616119385,-0.21144495563757076
COHFACE_s20_session3_natural,23,200,29.666666666666668,-1.1551223993301392,-0.15482090364883877
COHFACE_s20_session3_natural,23,201,29.7,-1.1898947954177856,-0.09421662202767177
COHFACE_s20_session3_natural,23,202,29.733333333333334,-1.19794762134552,-0.04815448459195261
COHFACE_s20_session3_natural,23,203,29.766666666666666,-1.1794952154159546,-0.03392617758702376
COHFACE_s20_session3_natural,23,204,29.8,-1.174480676651001,-0.06177549971319945
COHFACE_s20_session3_natural,23,205,29.833333333333332,-1.1789188385009766,-0.1298210640974075
COHFACE_s20_session3_natural,23,206,29.866666666666667,-1.1731384992599487,-0.22230700179625246
COHFACE_s20_session3_natural,23,207,29.9,-0.9534210562705994,-0.3128043090079906
COHFACE_s20_session3_natural,23,208,29.933333333333334,-0.14159303903579712,-0.3721412777468895
COHFACE_s20_session3_natural,23,209,29.966666666666665,0.8537967205047607,-0.3784494413015595
COHFACE_s20_session3_natural,23,210,30.0,1.459682822227478,-0.3247730876160874
COHFACE_s20_session3_natural,23,211,30.033333333333335,1.785117268562317,-0.22034345688762652
COHFACE_s20_session3_natural,23,212,30.066666666666666,1.9626022577285767,-0.08541534982176653
COHFACE_s20_session3_natural,23,213,30.1,1.9671145677566528,0.05669996321780534
COHFACE_s20_session3_natural,23,214,30.133333333333333,1.7513823509216309,0.1862507240079231
COHFACE_s20_session3_natural,23,215,30.166666666666668,1.4018386602401733,0.2901701580643319
COHFACE_s20_session3_natural,23,216,30.2,1.0971788167953491,0.3618343885002179
COHFACE_s20_session3_natural,23,217,30.233333333333334,0.8966220021247864,0.3989813856339124
COHFACE_s20_session3_natural,23,218,30.266666666666666,0.733423113822937,0.40168500422169856
COHFACE_s20_session3_natural,23,219,30.3,0.5512611865997314,0.37167455294901275
COHFACE_s20_session3_natural,23,220,30.333333333333332,0.3279537260532379,0.3130909831203499
COHFACE_s20_session3_natural,23,221,30.366666666666667,0.07745742797851562,0.23364661888123703
COHFACE_s20_session3_natural,23,222,30.4,-0.17448806762695312,0.1447423624961781
COHFACE_s20_session3_natural,23,223,30.433333333333334,-0.4172773063182831,0.05967414603176435
COHFACE_s20_session3_natural,23,224,30.466666666666665,-0.6031033396720886,-0.009651896067341712
COHFACE_s20_session3_natural,23,225,30.5,-0.738561749458313,-0.055935394376839205
COHFACE_s20_session3_natural,23,226,30.533333333333335,-0.8500096201896667,-0.07791733015602707
COHFACE_s20_session3_natural,23,227,30.566666666666666,-0.9296905398368835,-0.07938872031231808
COHFACE_s20_session3_natural,23,228,30.6,-1.022735357284546,-0.0667596380782228
COHFACE_s20_session3_natural,23,229,30.633333333333333,-1.0930458307266235,-0.04692660186275864
COHFACE_s20_session3_natural,23,230,30.666666666666668,-1.0845153331756592,-0.026287403700717686
COHFACE_s20_session3_natural,23,231,30.7,-0.7644001841545105,-0.010387901978246745
COHFACE_s20_session3_natural,23,232,30.733333333333334,0.05764630064368248,-0.003318672668061636
COHFACE_s20_session3_natural,23,233,30.766666666666666,0.882319450378418,-0.0066711255859245545
COHFACE_s20_session3_natural,23,234,30.8,1.3462011814117432,-0.01876278000047038
COHFACE_s20_session3_natural,23,235,30.833333333333332,1.5341598987579346,-0.03506220179607051
COHFACE_s20_session3_natural,23,236,30.866666666666667,1.5514596700668335,-0.049999255079579114
COHFACE_s20_session3_natural,23,237,30.9,1.3994836807250977,-0.05934424006088177
COHFACE_s20_session3_natural,23,238,30.933333333333334,1.1118435859680176,-0.06195006276840689
COHFACE_s20_session3_natural,23,239,30.966666666666665,0.8265995979309082,-0.06001441839543174
COHFACE_s20_session3_natural,24,0,24.0,-0.46300920844078064,-0.026446801714299438
COHFACE_s20_session3_natural,24,1,24.033333333333335,-0.6607993841171265,2.488557043403034
COHFACE_s20_session3_natural,24,2,24.066666666666666,-0.8060727119445801,4.613975214244225
COHFACE_s20_session3_natural,24,3,24.1,-0.9068822264671326,6.05505711365614
COHFACE_s20_session3_natural,24,4,24.133333333333333,-0.9746813774108887,6.680261270747339
COHFACE_s20_session3_natural,24,5,24.166666666666668,-1.0392693281173706,6.538696992051455
COHFACE_s20_session3_natural,24,6,24.2,-1.1085011959075928,5.820854867791886
COHFACE_s20_session3_natural,24,7,24.233333333333334,-1.1699519157409668,4.783971028078655
COHFACE_s20_session3_natural,24,8,24.266666666666666,-1.1660983562469482,3.6743509557925074
COHFACE_s20_session3_natural,24,9,24.3,-0.851401150226593,2.6718671550044433
COHFACE_s20_session3_natural,24,10,24.333333333333332,-0.0755147710442543,1.8675614579146773
COHFACE_s20_session3_natural,24,11,24.366666666666667,0.771480917930603,1.2717416910084731
COHFACE_s20_session3_natural,24,12,24.4,1.334689974784851,0.8412474516904652
COHFACE_s20_session3_natural,24,13,24.433333333333334,1.6125397682189941,0.5121165244789279
COHFACE_s20_session3_natural,24,14,24.466666666666665,1.6992197036743164,0.22666948308016283
COHFACE_s20_session3_natural,24,15,24.5,1.6076487302780151,-0.05070949651636657
COHFACE_s20_session3_natural,24,16,24.533333333333335,1.3228164911270142,-0.32982748952934915
COHFACE_s20_session3_natural,24,17,24.566666666666666,0.9668090343475342,-0.6003116056551974
COHFACE_s20_session3_natural,24,18,24.6,0.6906554698944092,-0.8423061895713444
COHFACE_s20_session3_natural,24,19,24.633333333333333,0.5040141940116882,-1.037731638765122
COHFACE_s20_session3_natural,24,20,24.666666666666668,0.3433513939380646,-1.1783994686831538
COHFACE_s20_session3_natural,24,21,24.7,0.1681060940027237,-1.2687428550950164
COHFACE_s20_session3_natural,24,22,24.733333333333334,-0.03871680051088333,-1.3228164340046806
COHFACE_s20_session3_natural,24,23,24.766666666666666,-0.2748858630657196,-1.357280516221728
COHFACE_s20_session3_natural,24,24,24.8,-0.5171810388565063,-1.3837481669769565
COHFACE_s20_session3_natural,24,25,24.833333333333332,-0.7273222804069519,-1.4041402828804137
COHFACE_s20_session3_natural,24,26,24.866666666666667,-0.8888167142868042,-1.4110472186543752
COHFACE_s20_session3_natural,24,27,24.9,-0.9974650144577026,-1.3923201901147062
COHFACE_s20_session3_natural,24,28,24.933333333333334,-1.066351056098938,-1.336827414304991
COHFACE_s20_session3_natural,24,29,24.966666666666665,-1.1331621408462524,-1.238170986238468
COHFACE_s20_session3_natural,24,30,25.0,-1.1970336437225342,-1.0953812965689964
COHFACE_s20_session3_natural,24,31,25.033333333333335,-1.2519960403442383,-0.9119809481497195
COHFACE_s20_session3_natural,24,32,25.066666666666666,-1.274647831916809,-0.695215251711084
COHFACE_s20_session3_natural,24,33,25.1,-1.080439567565918,-0.45607100875651874
COHFACE_s20_session3_natural,24,34,25.133333333333333,-0.41372019052505493,-0.20948817441548434
COHFACE_s20_session3_natural,24,35,25.166666666666668,0.4794602692127228,0.026205413258387204
COHFACE_s20_session3_natural,24,36,25.2,1.1585142612457275,0.23111647170155136
COHFACE_s20_session3_natural,24,37,25.233333333333334,1.5207548141479492,0.3866751532814643
COHFACE_s20_session3_natural,24,38,25.266666666666666,1.6532654762268066,0.47915504395239444
COHFACE_s20_session3_natural,24,39,25.3,1.612836241722107,0.5033847409431865
COHFACE_s20_session3_natural,24,40,25.333333333333332,1.3898992538452148,0.46595206273509093
COHFACE_s20_session3_natural,24,41,25.366666666666667,1.0364773273468018,0.3865027499593989
COHFACE_s20_session3_natural,24,42,25.4,0.7048097848892212,0.29514639320684577
COHFACE_s20_session3_natural,24,43,25.433333333333334,0.4772123694419861,0.22486331512080052
COHFACE_s20_session3_natural,24,44,25.466666666666665,0.32904061675071716,0.20063316574733422
COHFACE_s20_session3_natural,24,45,25.5,0.17158910632133484,0.2299853254535142
COHFACE_s20_session3_natural,24,46,25.533333333333335,-0.038082778453826904,0.3002621182323784
COHFACE_s20_session3_natural,24,47,25.566666666666666,-0.26419806480407715,0.3847129518938676
COHFACE_s20_session3_natural,24,48,25.6,-0.4973946213722229,0.45400621143302267
COHFACE_s20_session3_natural,24,49,25.633333333333333,-0.7204797863960266,0.4865960193181075
COHFACE_s20_session3_natural,24,50,25.666666666666668,-0.9020900130271912,0.4736088366431778
COHFACE_s20_session3_natural,24,51,25.7,-1.0312081575393677,0.4183568872506959
COHFACE_s20_session3_natural,24,52,25.733333333333334,-1.119658350944519,0.33283079530237614
COHFACE_s20_session3_natural,24,53,25.766666666666666,-1.1882396936416626,0.23323871481466418
COHFACE_s20_session3_natural,24,54,25.8,-1.2572575807571411,0.1356662055965312
COHFACE_s20_session3_natural,24,55,25.833333333333332,-1.3232617378234863,0.052416369867221625
COHFACE_s20_session3_natural,24,56,25.866666666666667,-1.3748397827148438,-0.010280068014553348
COHFACE_s20_session3_natural,24,57,25.9,-1.3097496032714844,-0.052459399292759695
COHFACE_s20_session3_natural,24,58,25.933333333333334,-0.8131293058395386,-0.07849886654096483
COHFACE_s20_session3_natural,24,59,25.966666666666665,0.08027347177267075,-0.0940568095779645
COHFACE_s20_session3_natural,24,60,26.0,0.8922744393348694,-0.1033781862072947
COHFACE_s20_session3_natural,24,61,26.033333333333335,1.3984874486923218,-0.10812358196682498
COHFACE_s20_session3_natural,24,62,26.066666666666666,1.6485884189605713,-0.10789512686113824
COHFACE_s20_session3_natural,24,63,26.1,1.6953661441802979,-0.1016770745272509
COHFACE_s20_session3_natural,24,64,26.133333333333333,1.545045256614685,-0.08910636717785728
COHFACE_s20_session3_natural,24,65,26.166666666666668,1.1969754695892334,-0.07092735695785295
COHFACE_s20_session3_natural,24,66,26.2,0.8012964129447937,-0.04876006864702568
COHFACE_s20_session3_natural,24,67,26.233333333333334,0.5305443406105042,-0.024748403475678884
COHFACE_s20_session3_natural,24,68,26.266666666666666,0.3621003329753876,-0.0014072929383357308
COHFACE_s20_session3_natural,24,69,26.3,0.21713986992835999,0.018502546197842452
COHFACE_s20_session3_natural,24,70,26.333333333333332,0.034121617674827576,0.032384717968079346
COHFACE_s20_session3_natural,24,71,26.366666666666667,-0.18001312017440796,0.03855380766701888
COHFACE_s20_session3_natural,24,72,26.4,-0.40925732254981995,0.03700888443417634
COHFACE_s20_session3_natural,24,73,26.433333333333334,-0.6445947289466858,0.02978664371234919
COHFACE_s20_session3_natural,24,74,26.466666666666665,-0.8605738878250122,0.020653789585970445
COHFACE_s20_session3_natural,24,75,26.5,-1.0259712934494019,0.014221736963646871
COHFACE_s20_session3_natural,24,76,26.533333333333335,-1.1318776607513428,0.01471674447180938
COHFACE_s20_session3_natural,24,77,26.566666666666666,-1.1939789056777954,0.024568128509403094
COHFACE_s20_session3_natural,24,78,26.6,-1.2442147731781006,0.04289569346447568
COHFACE_s20_session3_natural,24,79,26.633333333333333,-1.2972009181976318,0.06425234387121571
COHFACE_s20_session3_natural,24,80,26.666666666666668,-1.3356951475143433,0.07857037096477107
COHFACE_s20_session3_natural,24,81,26.7,-1.3249413967132568,0.07334058799164304
COHFACE_s20_session3_natural,24,82,26.733333333333334,-1.0104583501815796,0.03802628390795081
COHFACE_s20_session3_natural,24,83,26.766666666666666,-0.20832177996635437,-0.030826192606255597
COHFACE_s20_session3_natural,24,84,26.8,0.7044145464897156,-0.12624653939475755
COHFACE_s20_session3_natural,24,85,26.833333333333332,1.3320550918579102,-0.23128641858117824
COHFACE_s20_session3_natural,24,86,26.866666666666667,1.6550110578536987,-0.32349900836115736
COHFACE_s20_session3_natural,24,87,26.9,1.7586283683776855,-0.3816653342519999
COHFACE_s20_session3_natural,24,88,26.933333333333334,1.6812118291854858,-0.39194668172849095
COHFACE_s20_session3_natural,24,89,26.966666666666665,1.4000353813171387,-0.3512000715955587
COHFACE_s20_session3_natural,24,90,27.0,1.0206021070480347,-0.26691587432799296
COHFACE_s20_session3_natural,24,91,27.033333333333335,0.7231963872909546,-0.15469231815444828
COHFACE_s20_session3_natural,24,92,27.066666666666666,0.5339614748954773,-0.03436686114530271
COHFACE_s20_session3_natural,24,93,27.1,0.3774815499782562,0.0744201981796623
COHFACE_s20_session3_natural,24,94,27.133333333333333,0.2105196863412857,0.15638108945135135
COHFACE_s20_session3_natural,24,95,27.166666666666668,0.014112873002886772,0.2033769109073551
COHFACE_s20_session3_natural,24,96,27.2,-0.21534542739391327,0.21504691423504738
COHFACE_s20_session3_natural,24,97,27.233333333333334,-0.457550048828125,0.19724557988612823
COHFACE_s20_session3_natural,24,98,27.266666666666666,-0.663253128528595,0.15914290030732975
COHFACE_s20_session3_natural,24,99,27.3,-0.8187448978424072,0.1103600410454512
COHFACE_s20_session3_natural,24,100,27.333333333333332,-0.9243630766868591,0.05933768838548377
COHFACE_s20_session3_natural,24,101,27.366666666666667,-0.9900131821632385,0.013224305439869855
COHFACE_s20_session3_natural,24,102,27.4,-1.0622340440750122,-0.021599467564434312
COHFACE_s20_session3_natural,24,103,27.433333333333334,-1.1372133493423462,-0.03964281245946631
COHFACE_s20_session3_natural,24,104,27.466666666666665,-1.1943823099136353,-0.037488073207823644
COHFACE_s20_session3_natural,24,105,27.5,-1.2067910432815552,-0.015256176155223546
COHFACE_s20_session3_natural,24,106,27.533333333333335,-0.9683329463005066,0.02277759035292866
COHFACE_s20_session3_natural,24,107,27.566666666666666,-0.24526797235012054,0.06895437409769252
COHFACE_s20_session3_natural,24,108,27.6,0.6257382035255432,0.11401315229011348
COHFACE_s20_session3_natural,24,109,27.633333333333333,1.222212791442871,0.14902449585816613
COHFACE_s20_session3_natural,24,110,27.666666666666668,1.497147798538208,0.1668972223075962
COHFACE_s20_session3_natural,24,111,27.7,1.562345027923584,0.163467273904785
COHFACE_s20_session3_natural,24,112,27.733333333333334,1.4532438516616821,0.13841333204605127
COHFACE_s20_session3_natural,24,113,27.766666666666666,1.1758880615234375,0.09589482465222443
COHFACE_s20_session3_natural,24,114,27.8,0.8470200896263123,0.044230217804888644
COHFACE_s20_session3_natural,24,115,27.833333333333332,0.5873675346374512,-0.006029899465543366
COHFACE_s20_session3_natural,24,116,27.866666666666667,0.42525550723075867,-0.04526353862379943
COHFACE_s20_session3_natural,24,117,27.9,0.2928025722503662,-0.06769365602382282
COHFACE_s20_session3_natural,24,118,27.933333333333334,0.12244828045368195,-0.07249137590129978
COHFACE_s20_session3_natural,24,119,27.966666666666665,-0.08405348658561707,-0.06259718581380858
COHFACE_s20_session3_natural,24,120,28.0,-0.29688724875450134,-0.042330068528025046
COHFACE_s20_session3_natural,24,121,28.033333333333335,-0.5171069502830505,-0.015522527666498986
COHFACE_s20_session3_natural,24,122,28.066666666666666,-0.7273057699203491,0.01491458390957648
COHFACE_s20_session3_natural,24,123,28.1,-0.8877133131027222,0.046410101906145175
COHFACE_s20_session3_natural,24,124,28.133333333333333,-0.9813674092292786,0.07605303295285343
COHFACE_s20_session3_natural,24,125,28.166666666666668,-1.0063742399215698,0.10033601379307654
COHFACE_s20_session3_natural,24,126,28.2,-0.960115373134613,0.11520300555153355
COHFACE_s20_session3_natural,24,127,28.233333333333334,-1.017325520515442,0.1160902144557139
COHFACE_s20_session3_natural,24,128,28.266666666666666,-1.2067745923995972,0.0981027133611031
COHFACE_s20_session3_natural,24,129,28.3,-1.3362056016921997,0.056980957591849325
COHFACE_s20_session3_natural,24,130,28.333333333333332,-1.0926671028137207,-0.008658753173896996
COHFACE_s20_session3_natural,24,131,28.366666666666667,-0.33485445380210876,-0.09436156190951546
COHFACE_s20_session3_natural,24,132,28.4,0.4581834673881531,-0.18798400902878953
COHFACE_s20_session3_natural,24,133,28.433333333333334,0.962214469909668,-0.27099081157616245
COHFACE_s20_session3_natural,24,134,28.466666666666665,1.213295340538025,-0.3233579304681415
COHFACE_s20_session3_natural,24,135,28.5,1.290596604347229,-0.33027911146040156
COHFACE_s20_session3_natural,24,136,28.533333333333335,1.2168772220611572,-0.2876137642168338
COHFACE_s20_session3_natural,24,137,28.566666666666666,0.9881105422973633,-0.20363224317730053
COHFACE_s20_session3_natural,24,138,28.6,0.719285249710083,-0.09669522386024605
COHFACE_s20_session3_natural,24,139,28.633333333333333,0.5602280497550964,0.009656001941120146
COHFACE_s20_session3_natural,24,140,28.666666666666668,0.45059990882873535,0.09241579983627354
COHFACE_s20_session3_natural,24,141,28.7,0.325038880109787,0.13446527850614037
COHFACE_s20_session3_natural,24,142,28.733333333333334,0.1638326197862625,0.12873534047604884
COHFACE_s20_session3_natural,24,143,28.766666666666666,-0.04783189296722412,0.08025260378605628
COHFACE_s20_session3_natural,24,144,28.8,-0.26185959577560425,0.005095180342089126
COHFACE_s20_session3_natural,24,145,28.833333333333332,-0.4716549813747406,-0.07407703776576968
COHFACE_s20_session3_natural,24,146,28.866666666666667,-0.6975150108337402,-0.13483396669889594
COHFACE_s20_session3_natural,24,147,28.9,-0.8858112692832947,-0.1616855628228536
COHFACE_s20_session3_natural,24,148,28.933333333333334,-1.0275275707244873,-0.14999217753502656
COHFACE_s20_session3_natural,24,149,28.966666666666665,-1.182607650756836,-0.10561863538671767
COHFACE_s20_session3_natural,24,150,29.0,-1.3734071254730225,-0.04104462740782131
COHFACE_s20_session3_natural,24,151,29.033333333333335,-1.5104875564575195,0.029762761268523123
COHFACE_s20_session3_natural,24,152,29.066666666666666,-1.5594884157180786,0.09547283294105445
COHFACE_s20_session3_natural,24,153,29.1,-1.527350902557373,0.14946025869581306
COHFACE_s20_session3_natural,24,154,29.133333333333333,-1.3124009370803833,0.18992508606389152
COHFACE_s20_session3_natural,24,155,29.166666666666668,-0.8541678190231323,0.2186959602834045
COHFACE_s20_session3_natural,24,156,29.2,-0.24978022277355194,0.23929742283091626
COHFACE_s20_session3_natural,24,157,29.233333333333334,0.27497583627700806,0.25474355923641756
COHFACE_s20_session3_natural,24,158,29.266666666666666,0.5063938498497009,0.26568732029718123
COHFACE_s20_session3_natural,24,159,29.3,0.46262985467910767,0.26968090707741826
COHFACE_s20_session3_natural,24,160,29.333333333333332,0.2570585608482361,0.2619619637840153
COHFACE_s20_session3_natural,24,161,29.366666666666667,-0.04951164126396179,0.23748844170670302
COHFACE_s20_session3_natural,24,162,29.4,-0.30802789330482483,0.19333650725177182
COHFACE_s20_session3_natural,24,163,29.433333333333334,-0.3944936692714691,0.13045145350984885
COHFACE_s20_session3_natural,24,164,29.466666666666665,-0.3753083348274231,0.05418570386458078
COHFACE_s20_session3_natural,24,165,29.5,-0.3987836241722107,-0.026329846883486177
COHFACE_s20_session3_natural,24,166,29.533333333333335,-0.49613481760025024,-0.09962799211039745
COHFACE_s20_session3_natural,24,167,29.566666666666666,-0.664685845375061,-0.1539213540937228
COHFACE_s20_session3_natural,24,168,29.6,-0.878252387046814,-0.17971903157730515
COHFACE_s20_session3_natural,24,169,29.633333333333333,-1.0587427616119385,-0.17296968271570398
COHFACE_s20_session3_natural,24,170,29.666666666666668,-1.1551223993301392,-0.13797194164301954
COHFACE_s20_session3_natural,24,171,29.7,-1.1898947954177856,-0.08853675252808699
COHFACE_s20_session3_natural,24,172,29.733333333333334,-1.19794762134552,-0.04583613054941667
COHFACE_s20_session3_natural,24,173,29.766666666666666,-1.1794952154159546,-0.03246768480046223
COHFACE_s20_session3_natural,24,174,29.8,-1.174480676651001,-0.06420970427931251
COHFACE_s20_session3_natural,24,175,29.833333333333332,-1.1789188385009766,-0.1425804700662035
COHFACE_s20_session3_natural,24,176,29.866666666666667,-1.1731384992599487,-0.25156454438271436
COHFACE_s20_session3_natural,24,177,29.9,-0.9534210562705994,-0.36065619230436535
COHFACE_s20_session3_natural,24,178,29.933333333333334,-0.14159303903579712,-0.43414210625822913
COHFACE_s20_session3_natural,24,179,29.966666666666665,0.8537967205047607,-0.44366551285053296
COHFACE_s20_session3_natural,24,180,30.0,1.459682822227478,-0.3786745496037353
COHFACE_s20_session3_natural,24,181,30.033333333333335,1.785117268562317,-0.24967405476062282
COHFACE_s20_session3_natural,24,182,30.066666666666666,1.9626022577285767,-0.08308872978445131
COHFACE_s20_session3_natural,24,183,30.1,1.9671145677566528,0.08890843697042304
COHFACE_s20_session3_natural,24,184,30.133333333333333,1.7513823509216309,0.23841323758913335
COHFACE_s20_session3_natural,24,185,30.166666666666668,1.4018386602401733,0.34771232514003403
COHFACE_s20_session3_natural,24,186,30.2,1.0971788167953491,0.4099673438405047
COHFACE_s20_session3_natural,24,187,30.233333333333334,0.8966220021247864,0.4261750616356143
COHFACE_s20_session3_natural,24,188,30.266666666666666,0.733423113822937,0.40122159689917003
COHFACE_s20_session3_natural,24,189,30.3,0.5512611865997314,0.3414512250342541
COHFACE_s20_session3_natural,24,190,30.333333333333332,0.3279537260532379,0.25454648046625206
COHFACE_s20_session3_natural,24,191,30.366666666666667,0.07745742797851562,0.1506782965891082
COHFACE_s20_session3_natural,24,192,30.4,-0.17448806762695312,0.0429155196324385
COHFACE_s20_session3_natural,24,193,30.433333333333334,-0.4172773063182831,-0.05454133246092808
COHFACE_s20_session3_natural,24,194,30.466666666666665,-0.6031033396720886,-0.129907245243374
COHFACE_s20_session3_natural,24,195,30.5,-0.738561749458313,-0.17713466186939078
COHFACE_s20_session3_natural,24,196,30.533333333333335,-0.8500096201896667,-0.19695817567135354
COHFACE_s20_session3_natural,24,197,30.566666666666666,-0.9296905398368835,-0.19508334982284015
COHFACE_s20_session3_natural,24,198,30.6,-1.022735357284546,-0.17881497130777696
COHFACE_s20_session3_natural,24,199,30.633333333333333,-1.0930458307266235,-0.1542257613496532
COHFACE_s20_session3_natural,24,200,30.666666666666668,-1.0845153331756592,-0.1250742120718627
COHFACE_s20_session3_natural,24,201,30.7,-0.7644001841545105,-0.09315887511693643
COHFACE_s20_session3_natural,24,202,30.733333333333334,0.05764630064368248,-0.05906974408504795
COHFACE_s20_session3_natural,24,203,30.766666666666666,0.882319450378418,-0.022681923805384172
COHFACE_s20_session3_natural,24,204,30.8,1.3462011814117432,0.01640073727245776
COHFACE_s20_session3_natural,24,205,30.833333333333332,1.5341598987579346,0.05794533327174481
COHFACE_s20_session3_natural,24,206,30.866666666666667,1.5514596700668335,0.09993388015661649
COHFACE_s20_session3_natural,24,207,30.9,1.3994836807250977,0.138164165547849
COHFACE_s20_session3_natural,24,208,30.933333333333334,1.1118435859680176,0.16746107537987276
COHFACE_s20_session3_natural,24,209,30.966666666666665,0.8265995979309082,0.18423206123914398
COHFACE_s20_session3_natural,24,210,31.0,0.6305550932884216,0.18884884515934716
COHFACE_s20_session3_natural,24,211,31.033333333333335,0.5100168585777283,0.18600730521023023
COHFACE_s20_session3_natural,24,212,31.066666666666666,0.39032667875289917,0.1822982995567876
COHFACE_s20_session3_natural,24,213,31.1,0.22744067013263702,0.182049735087514
COHFACE_s20_session3_natural,24,214,31.133333333333333,0.03068801760673523,0.18380819041911745
COHFACE_s20_session3_natural,24,215,31.166666666666668,-0.1903797835111618,0.17953927528331262
COHFACE_s20_session3_natural,24,216,31.2,-0.4079728126525879,0.1568202089818194
COHFACE_s20_session3_natural,24,217,31.233333333333334,-0.5958079695701599,0.10274555654853594
COHFACE_s20_session3_natural,24,218,31.266666666666666,-0.7261118292808533,0.008333328581684844
COHFACE_s20_session3_natural,24,219,31.3,-0.824228823184967,-0.12703883628509338
COHFACE_s20_session3_natural,24,220,31.333333333333332,-0.9054247736930847,-0.29176107775043947
COHFACE_s20_session3_natural,24,221,31.366666666666667,-0.9667519927024841,-0.4604564390135723
COHFACE_s20_session3_natural,24,222,31.4,-1.0246373414993286,-0.5975137401861372
COHFACE_s20_session3_natural,24,223,31.433333333333334,-1.0572441816329956,-0.6669485401583926
COHFACE_s20_session3_natural,24,224,31.466666666666665,-0.9939326047897339,-0.6455813966982903
COHFACE_s20_session3_natural,24,225,31.5,-0.5542836785316467,-0.5329380195218912
COHFACE_s20_session3_natural,24,226,31.533333333333335,0.2735596001148224,-0.35202978961648945
COHFACE_s20_session3_natural,24,227,31.566666666666666,0.9706214070320129,-0.1402086993817861
COHFACE_s20_session3_natural,24,228,31.6,1.347658634185791,0.0646523465232902
COHFACE_s20_session3_natural,24,229,31.633333333333333,1.5071933269500732,0.23505369845544444
COHFACE_s20_session3_natural,24,230,31.666666666666668,1.5004825592041016,0.35762447142900805
COHFACE_s20_session3_natural,24,231,31.7,1.3195970058441162,0.4308339967205628
COHFACE_s20_session3_natural,24,232,31.733333333333334,1.0241920948028564,0.4602828254255766
COHFACE_s20_session3_natural,24,233,31.766666666666666,0.7610977292060852,0.4545742902172686
COHFACE_s20_session3_natural,24,234,31.8,0.5963179469108582,0.4229553690435544
COHFACE_s20_session3_natural,24,235,31.833333333333332,0.4799131453037262,0.3743214192701625
COHFACE_s20_session3_natural,24,236,31.866666666666667,0.3553401827812195,0.31649969739097317
COHFACE_s20_session3_natural,24,237,31.9,0.184533029794693,0.2551499392833885
COHFACE_s20_session3_natural,24,238,31.933333333333334,-0.02788902074098587,0.19267591092053743
COHFACE_s20_session3_natural,24,239,31.966666666666665,-0.2462725192308426,0.1281801040824771
COHFACE_s20_session3_natural,25,0,25.0,-1.1970336437225342,0.018574627789683718
COHFACE_s20_session3_natural,25,1,25.033333333333335,-1.2519960403442383,2.490697342009418
COHFACE_s20_session3_natural,25,2,25.066666666666666,-1.274647831916809,4.594347676685987
COHFACE_s20_session3_natural,25,3,25.1,-1.080439567565918,6.049402333036314
COHFACE_s20_session3_natural,25,4,25.133333333333333,-0.41372019052505493,6.727417687681696
COHFACE_s20_session3_natural,25,5,25.166666666666668,0.4794602692127228,6.667339234218359
COHFACE_s20_session3_natural,25,6,25.2,1.1585142612457275,6.038370995551596
COHFACE_s20_session3_natural,25,7,25.233333333333334,1.5207548141479492,5.0709273232173535
COHFACE_s20_session3_natural,25,8,25.266666666666666,1.6532654762268066,3.986455660697349
COHFACE_s20_session3_natural,25,9,25.3,1.612836241722107,2.9493055046524344
COHFACE_s20_session3_natural,25,10,25.333333333333332,1.3898992538452148,2.0497661438223838
COHFACE_s20_session3_natural,25,11,25.366666666666667,1.0364773273468018,1.3142040886339184
COHFACE_s20_session3_natural,25,12,25.4,0.7048097848892212,0.7296450193904909
COHFACE_s20_session3_natural,25,13,25.433333333333334,0.4772123694419861,0.26838786117510666
COHFACE_s20_session3_natural,25,14,25.466666666666665,0.32904061675071716,-0.09695630261438166
COHFACE_s20_session3_natural,25,15,25.5,0.17158910632133484,-0.38940178156930383
COHFACE_s20_session3_natural,25,16,25.533333333333335,-0.038082778453826904,-0.6289989984769012
COHFACE_s20_session3_natural,25,17,25.566666666666666,-0.26419806480407715,-0.8330797782928159
COHFACE_s20_session3_natural,25,18,25.6,-0.4973946213722229,-1.0136441173540705
COHFACE_s20_session3_natural,25,19,25.633333333333333,-0.7204797863960266,-1.1750433116060697
COHFACE_s20_session3_natural,25,20,25.666666666666668,-0.9020900130271912,-1.3146037736768328
COHFACE_s20_session3_natural,25,21,25.7,-1.0312081575393677,-1.4255492643458825
COHFACE_s20_session3_natural,25,22,25.733333333333334,-1.119658350944519,-1.500228510989892
COHFACE_s20_session3_natural,25,23,25.766666666666666,-1.1882396936416626,-1.5325372524988774
COHFACE_s20_session3_natural,25,24,25.8,-1.2572575807571411,-1.5195654680736372
COHFACE_s20_session3_natural,25,25,25.833333333333332,-1.3232617378234863,-1.4627671581240573
COHFACE_s20_session3_natural,25,26,25.866666666666667,-1.3748397827148438,-1.3683796375784185
COHFACE_s20_session3_natural,25,27,25.9,-1.3097496032714844,-1.2464246643487704
COHFACE_s20_session3_natural,25,28,25.933333333333334,-0.8131293058395386,-1.1082030280365744
COHFACE_s20_session3_natural,25,29,25.966666666666665,0.08027347177267075,-0.9632357763938431
COHFACE_s20_session3_natural,25,30,26.0,0.8922744393348694,-0.8171238537752766
COHFACE_s20_session3_natural,25,31,26.033333333333335,1.3984874486923218,-0.6713742631850457
COHFACE_s20_session3_natural,25,32,26.066666666666666,1.6485884189605713,-0.5251180285254853
COHFACE_s20_session3_natural,25,33,26.1,1.6953661441802979,-0.37757812058764845
COHFACE_s20_session3_natural,25,34,26.133333333333333,1.545045256614685,-0.2298523174237338
COHFACE_s20_session3_natural,25,35,26.166666666666668,1.1969754695892334,-0.08520320147222582
COHFACE_s20_session3_natural,25,36,26.2,0.8012964129447937,0.051861924627277955
COHFACE_s20_session3_natural,25,37,26.233333333333334,0.5305443406105042,0.17675857376874146
COHFACE_s20_session3_natural,25,38,26.266666666666666,0.3621003329753876,0.2855326378887551
COHFACE_s20_session3_natural,25,39,26.3,0.21713986992835999,0.3751405742643894
COHFACE_s20_session3_natural,25,40,26.333333333333332,0.034121617674827576,0.4437755911373845
COHFACE_s20_session3_natural,25,41,26.366666666666667,-0.18001312017440796,0.49150138903770313
COHFACE_s20_session3_natural,25,42,26.4,-0.40925732254981995,0.520825575822648
COHFACE_s20_session3_natural,25,43,26.433333333333334,-0.6445947289466858,0.5365360782212464
COHFACE_s20_session3_natural,25,44,26.466666666666665,-0.8605738878250122,0.5445771218166395
COHFACE_s20_session3_natural,25,45,26.5,-1.0259712934494019,0.5504236412788261
COHFACE_s20_session3_natural,25,46,26.533333333333335,-1.1318776607513428,0.5576065076958446
COHFACE_s20_session3_natural,25,47,26.566666666666666,-1.1939789056777954,0.5667062656520524
COHFACE_s20_session3_natural,25,48,26.6,-1.2442147731781006,0.5747098186163331
COHFACE_s20_session3_natural,25,49,26.633333333333333,-1.2972009181976318,0.5746359743414508
COHFACE_s20_session3_natural,25,50,26.666666666666668,-1.3356951475143433,0.5558847056745516
COHFACE_s20_session3_natural,25,51,26.7,-1.3249413967132568,0.5062072903098559
COHFACE_s20_session3_natural,25,52,26.733333333333334,-1.0104583501815796,0.4157753188405219
COHFACE_s20_session3_natural,25,53,26.766666666666666,-0.20832177996635437,0.28238790518566403
COHFACE_s20_session3_natural,25,54,26.8,0.7044145464897156,0.1152089924952816
COHFACE_s20_session3_natural,25,55,26.833333333333332,1.3320550918579102,-0.06568544171453097
COHFACE_s20_session3_natural,25,56,26.866666666666667,1.6550110578536987,-0.23444416894768266
COHFACE_s20_session3_natural,25,57,26.9,1.7586283683776855,-0.3668749285613559
COHFACE_s20_session3_natural,25,58,26.933333333333334,1.6812118291854858,-0.4465921939165537
COHFACE_s20_session3_natural,25,59,26.966666666666665,1.4000353813171387,-0.46765925308318523
COHFACE_s20_session3_natural,25,60,27.0,1.0206021070480347,-0.43428929808778544
COHFACE_s20_session3_natural,25,61,27.033333333333335,0.7231963872909546,-0.3594363747530159
COHFACE_s20_session3_natural,25,62,27.066666666666666,0.5339614748954773,-0.26254614718951286
COHFACE_s20_session3_natural,25,63,27.1,0.3774815499782562,-0.16538409265719076
COHFACE_s20_session3_natural,25,64,27.133333333333333,0.2105196863412857,-0.08636937590920458
COHFACE_s20_session3_natural,25,65,27.166666666666668,0.014112873002886772,-0.035945455639735197
COHFACE_s20_session3_natural,25,66,27.2,-0.21534542739391327,-0.015180025099091105
COHFACE_s20_session3_natural,25,67,27.233333333333334,-0.457550048828125,-0.017719958062479953
COHFACE_s20_session3_natural,25,68,27.266666666666666,-0.663253128528595,-0.033601493213172746
COHFACE_s20_session3_natural,25,69,27.3,-0.8187448978424072,-0.0529864023049554
COHFACE_s20_session3_natural,25,70,27.333333333333332,-0.9243630766868591,-0.06842302745374185
COHFACE_s20_session3_natural,25,71,27.366666666666667,-0.9900131821632385,-0.07530490201414095
COHFACE_s20_session3_natural,25,72,27.4,-1.0622340440750122,-0.07124986810046782
COHFACE_s20_session3_natural,25,73,27.433333333333334,-1.1372133493423462,-0.05545892781283816
COHFACE_s20_session3_natural,25,74,27.466666666666665,-1.1943823099136353,-0.028546697412048808
COHFACE_s20_session3_natural,25,75,27.5,-1.2067910432815552,0.0073927481033502366
COHFACE_s20_session3_natural,25,76,27.533333333333335,-0.9683329463005066,0.04885501288945433
COHFACE_s20_session3_natural,25,77,27.566666666666666,-0.24526797235012054,0.09118260038337339
COHFACE_s20_session3_natural,25,78,27.6,0.6257382035255432,0.12883335680527458
COHFACE_s20_session3_natural,25,79,27.633333333333333,1.222212791442871,0.1556128424414199
COHFACE_s20_session3_natural,25,80,27.666666666666668,1.497147798538208,0.16520071629518643
COHFACE_s20_session3_natural,25,81,27.7,1.562345027923584,0.15247885714938542
COHFACE_s20_session3_natural,25,82,27.733333333333334,1.4532438516616821,0.11576658902000157
COHFACE_s20_session3_natural,25,83,27.766666666666666,1.1758880615234375,0.05916227315143501
COHFACE_s20_session3_natural,25,84,27.8,0.8470200896263123,-0.006621623959098019
COHFACE_s20_session3_natural,25,85,27.833333333333332,0.5873675346374512,-0.06630136022436575
COHFACE_s20_session3_natural,25,86,27.866666666666667,0.42525550723075867,-0.1047163608724256
COHFACE_s20_session3_natural,25,87,27.9,0.2928025722503662,-0.11213666316277926
COHFACE_s20_session3_natural,25,88,27.933333333333334,0.12244828045368195,-0.08755638662204769
COHFACE_s20_session3_natural,25,89,27.966666666666665,-0.08405348658561707,-0.038433840131101106
COHFACE_s20_session3_natural,25,90,28.0,-0.29688724875450134,0.022593631768670585
COHFACE_s20_session3_natural,25,91,28.033333333333335,-0.5171069502830505,0.08202662755770217
COHFACE_s20_session3_natural,25,92,28.066666666666666,-0.7273057699203491,0.12902311577397438
COHFACE_s20_session3_natural,25,93,28.1,-0.8877133131027222,0.15734574921041639
COHFACE_s20_session3_natural,25,94,28.133333333333333,-0.9813674092292786,0.16571377760567066
COHFACE_s20_session3_natural,25,95,28.166666666666668,-1.0063742399215698,0.1567852175792913
COHFACE_s20_session3_natural,25,96,28.2,-0.960115373134613,0.1351148974635696
COHFACE_s20_session3_natural,25,97,28.233333333333334,-1.017325520515442,0.10469486178914396
COHFACE_s20_session3_natural,25,98,28.266666666666666,-1.2067745923995972,0.0670555669387349
COHFACE_s20_session3_natural,25,99,28.3,-1.3362056016921997,0.02100935635136604
COHFACE_s20_session3_natural,25,100,28.333333333333332,-1.0926671028137207,-0.03543619075115124
COHFACE_s20_session3_natural,25,101,28.366666666666667,-0.33485445380210876,-0.10169581153998382
COHFACE_s20_session3_natural,25,102,28.4,0.4581834673881531,-0.17175586386618832
COHFACE_s20_session3_natural,25,103,28.433333333333334,0.962214469909668,-0.2340121493735815
COHFACE_s20_session3_natural,25,104,28.466666666666665,1.213295340538025,-0.27441347000320043
COHFACE_s20_session3_natural,25,105,28.5,1.290596604347229,-0.2814587231568004
COHFACE_s20_session3_natural,25,106,28.533333333333335,1.2168772220611572,-0.2505781746842308
COHFACE_s20_session3_natural,25,107,28.566666666666666,0.9881105422973633,-0.18599905103591977
COHFACE_s20_session3_natural,25,108,28.6,0.719285249710083,-0.09977999950428197
COHFACE_s20_session3_natural,25,109,28.633333333333333,0.5602280497550964,-0.008973007356856372
COHFACE_s20_session3_natural,25,110,28.666666666666668,0.45059990882873535,0.06803364032195455
COHFACE_s20_session3_natural,25,111,28.7,0.325038880109787,0.11543560462513464
COHFACE_s20_session3_natural,25,112,28.733333333333334,0.1638326197862625,0.1237667476808118
COHFACE_s20_session3_natural,25,113,28.766666666666666,-0.04783189296722412,0.09268263077945074
COHFACE_s20_session3_natural,25,114,28.8,-0.26185959577560425,0.0316093712173018
COHFACE_s20_session3_natural,25,115,28.833333333333332,-0.4716549813747406,-0.04255972471682055
COHFACE_s20_session3_natural,25,116,28.866666666666667,-0.6975150108337402,-0.11029651418201136
COHFACE_s20_session3_natural,25,117,28.9,-0.8858112692832947,-0.15503514430642823
COHFACE_s20_session3_natural,25,118,28.933333333333334,-1.0275275707244873,-0.1673289399885946
COHFACE_s20_session3_natural,25,119,28.966666666666665,-1.182607650756836,-0.14614891477226047
COHFACE_s20_session3_natural,25,120,29.0,-1.3734071254730225,-0.09744073360141833
COHFACE_s20_session3_natural,25,121,29.033333333333335,-1.5104875564575195,-0.031209546163152763
COHFACE_s20_session3_natural,25,122,29.066666666666666,-1.5594884157180786,0.041566575579842766
COHFACE_s20_session3_natural,25,123,29.1,-1.527350902557373,0.1114568692985293
COHFACE_s20_session3_natural,25,124,29.133333333333333,-1.3124009370803833,0.17214351378449302
COHFACE_s20_session3_natural,25,125,29.166666666666668,-0.8541678190231323,0.22075798420829348
COHFACE_s20_session3_natural,25,126,29.2,-0.24978022277355194,0.2569398374722495
COHFACE_s20_session3_natural,25,127,29.233333333333334,0.27497583627700806,0.2810391435555644
COHFACE_s20_session3_natural,25,128,29.266666666666666,0.5063938498497009,0.2924073361031356
COHFACE_s20_session3_natural,25,129,29.3,0.46262985467910767,0.28883302655173465
COHFACE_s20_session3_natural,25,130,29.333333333333332,0.2570585608482361,0.2675857160621163
COHFACE_s20_session3_natural,25,131,29.366666666666667,-0.04951164126396179,0.22751437626145893
COHFACE_s20_session3_natural,25,132,29.4,-0.30802789330482483,0.1708518819294905
COHFACE_s20_session3_natural,25,133,29.433333333333334,-0.3944936692714691,0.10343975649069453
COHFACE_s20_session3_natural,25,134,29.466666666666665,-0.3753083348274231,0.033136865951188504
COHFACE_s20_session3_natural,25,135,29.5,-0.3987836241722107,-0.03250953477744418
COHFACE_s20_session3_natural,25,136,29.533333333333335,-0.49613481760025024,-0.08769502194428014
COHFACE_s20_session3_natural,25,137,29.566666666666666,-0.664685845375061,-0.1281081112850238
COHFACE_s20_session3_natural,25,138,29.6,-0.878252387046814,-0.15002537359932883
COHFACE_s20_session3_natural,25,139,29.633333333333333,-1.0587427616119385,-0.1506917361716563
COHFACE_s20_session3_natural,25,140,29.666666666666668,-1.1551223993301392,-0.13070667193645544
COHFACE_s20_session3_natural,25,141,29.7,-1.1898947954177856,-0.09694755413819106
COHFACE_s20_session3_natural,25,142,29.733333333333334,-1.19794762134552,-0.06339820658078318
COHFACE_s20_session3_natural,25,143,29.766666666666666,-1.1794952154159546,-0.04803474161395704
COHFACE_s20_session3_natural,25,144,29.8,-1.174480676651001,-0.06622212181460696
COHFACE_s20_session3_natural,25,145,29.833333333333332,-1.1789188385009766,-0.12334024897542768
COHFACE_s20_session3_natural,25,146,29.866666666666667,-1.1731384992599487,-0.21014597873235588
COHFACE_s20_session3_natural,25,147,29.9,-0.9534210562705994,-0.3035390768908327
COHFACE_s20_session3_natural,25,148,29.933333333333334,-0.14159303903579712,-0.37342143062986505
COHFACE_s20_session3_natural,25,149,29.966666666666665,0.8537967205047607,-0.393527663541807
COHFACE_s20_session3_natural,25,150,30.0,1.459682822227478,-0.3514552871955048
COHFACE_s20_session3_natural,25,151,30.033333333333335,1.785117268562317,-0.2529013353635302
COHFACE_s20_session3_natural,25,152,30.066666666666666,1.9626022577285767,-0.11831772354188018
COHFACE_s20_session3_natural,25,153,30.1,1.9671145677566528,0.02558705082986118
COHFACE_s20_session3_natural,25,154,30.133333333333333,1.7513823509216309,0.15492276193104615
COHFACE_s20_session3_natural,25,155,30.166666666666668,1.4018386602401733,0.25435228255695363
COHFACE_s20_session3_natural,25,156,30.2,1.0971788167953491,0.31800929223185337
COHFACE_s20_session3_natural,25,157,30.233333333333334,0.8966220021247864,0.3467208183715402
COHFACE_s20_session3_natural,25,158,30.266666666666666,0.733423113822937,0.3440765014475698
COHFACE_s20_session3_natural,25,159,30.3,0.5512611865997314,0.3137653688424244
COHFACE_s20_session3_natural,25,160,30.333333333333332,0.3279537260532379,0.2593279458312506
COHFACE_s20_session3_natural,25,161,30.366666666666667,0.07745742797851562,0.18573315846559849
COHFACE_s20_session3_natural,25,162,30.4,-0.17448806762695312,0.10088353177923484
COHFACE_s20_session3_natural,25,163,30.433333333333334,-0.4172773063182831,0.015243292100106554
COHFACE_s20_session3_natural,25,164,30.466666666666665,-0.6031033396720886,-0.06061882928347524
COHFACE_s20_session3_natural,25,165,30.5,-0.738561749458313,-0.11904459003732101
COHFACE_s20_session3_natural,25,166,30.533333333333335,-0.8500096201896667,-0.15693072656509469
COHFACE_s20_session3_natural,25,167,30.566666666666666,-0.9296905398368835,-0.17517591475012367
COHFACE_s20_session3_natural,25,168,30.6,-1.022735357284546,-0.17676000505777395
COHFACE_s20_session3_natural,25,169,30.633333333333333,-1.0930458307266235,-0.16505668339010385
COHFACE_s20_session3_natural,25,170,30.666666666666668,-1.0845153331756592,-0.1432066612101398
COHFACE_s20_session3_natural,25,171,30.7,-0.7644001841545105,-0.11413674237999308
COHFACE_s20_session3_natural,25,172,30.733333333333334,0.05764630064368248,-0.08045061420600463
COHFACE_s20_session3_natural,25,173,30.766666666666666,0.882319450378418,-0.04400467451075499
COHFACE_s20_session3_natural,25,174,30.8,1.3462011814117432,-0.005723390480505881
COHFACE_s20_session3_natural,25,175,30.833333333333332,1.5341598987579346,0.03376632485622662
COHFACE_s20_session3_natural,25,176,30.866666666666667,1.5514596700668335,0.07298366390203075
COHFACE_s20_session3_natural,25,177,30.9,1.3994836807250977,0.10905332099905987
COHFACE_s20_session3_natural,25,178,30.933333333333334,1.1118435859680176,0.13866902001003445
COHFACE_s20_session3_natural,25,179,30.966666666666665,0.8265995979309082,0.16024964159598945
COHFACE_s20_session3_natural,25,180,31.0,0.6305550932884216,0.17571551278317027
COHFACE_s20_session3_natural,25,181,31.033333333333335,0.5100168585777283,0.1901286657626359
COHFACE_s20_session3_natural,25,182,31.066666666666666,0.39032667875289917,0.20876066606174923
COHFACE_s20_session3_natural,25,183,31.1,0.22744067013263702,0.23302522852442062
COHFACE_s20_session3_natural,25,184,31.133333333333333,0.03068801760673523,0.2577153624794788
COHFACE_s20_session3_natural,25,185,31.166666666666668,-0.1903797835111618,0.27131023540881954
COHFACE_s20_session3_natural,25,186,31.2,-0.4079728126525879,0.2591699751119461
COHFACE_s20_session3_natural,25,187,31.233333333333334,-0.5958079695701599,0.2079664917617854
COHFACE_s20_session3_natural,25,188,31.266666666666666,-0.7261118292808533,0.10993031790357456
COHFACE_s20_session3_natural,25,189,31.3,-0.824228823184967,-0.033512545344929597
COHFACE_s20_session3_natural,25,190,31.333333333333332,-0.9054247736930847,-0.2089417687244605
COHFACE_s20_session3_natural,25,191,31.366666666666667,-0.9667519927024841,-0.3901948799955642
COHFACE_s20_session3_natural,25,192,31.4,-1.0246373414993286,-0.5419649466312265
COHFACE_s20_session3_natural,25,193,31.433333333333334,-1.0572441816329956,-0.6290134239138141
COHFACE_s20_session3_natural,25,194,31.466666666666665,-0.9939326047897339,-0.6285074648426144
COHFACE_s20_session3_natural,25,195,31.5,-0.5542836785316467,-0.5395203150481912
COHFACE_s20_session3_natural,25,196,31.533333333333335,0.2735596001148224,-0.38401925237944873
COHFACE_s20_session3_natural,25,197,31.566666666666666,0.9706214070320129,-0.198126178880877
COHFACE_s20_session3_natural,25,198,31.6,1.347658634185791,-0.018381697696615212
COHFACE_s20_session3_natural,25,199,31.633333333333333,1.5071933269500732,0.12949195504521696
COHFACE_s20_session3_natural,25,200,31.666666666666668,1.5004825592041016,0.2346459732033772
COHFACE_s20_session3_natural,25,201,31.7,1.3195970058441162,0.298415354286474
COHFACE_s20_session3_natural,25,202,31.733333333333334,1.0241920948028564,0.32832269564502803
COHFACE_s20_session3_natural,25,203,31.766666666666666,0.7610977292060852,0.3323660283141759
COHFACE_s20_session3_natural,25,204,31.8,0.5963179469108582,0.31584343326824676
COHFACE_s20_session3_natural,25,205,31.833333333333332,0.4799131453037262,0.2811728944399851
COHFACE_s20_session3_natural,25,206,31.866666666666667,0.3553401827812195,0.22965400968504948
COHFACE_s20_session3_natural,25,207,31.9,0.184533029794693,0.1635755855922512
COHFACE_s20_session3_natural,25,208,31.933333333333334,-0.02788902074098587,0.08759026270656489
COHFACE_s20_session3_natural,25,209,31.966666666666665,-0.2462725192308426,0.009016048123108925
COHFACE_s20_session3_natural,25,210,32.0,-0.45905688405036926,-0.06302693430296545
COHFACE_s20_session3_natural,25,211,32.03333333333333,-0.632087230682373,-0.11960331915265533
COHFACE_s20_session3_natural,25,212,32.06666666666667,-0.7438150644302368,-0.1545043691229897
COHFACE_s20_session3_natural,25,213,32.1,-0.822227954864502,-0.16621973248118466
COHFACE_s20_session3_natural,25,214,32.13333333333333,-0.8994386196136475,-0.158259499066225
COHFACE_s20_session3_natural,25,215,32.166666666666664,-0.9778432846069336,-0.13753985972602742
COHFACE_s20_session3_natural,25,216,32.2,-1.0327644348144531,-0.11166265184756821
COHFACE_s20_session3_natural,25,217,32.233333333333334,-1.0442014932632446,-0.08650459329992387
COHFACE_s20_session3_natural,25,218,32.266666666666666,-0.781247079372406,-0.06509098353551145
COHFACE_s20_session3_natural,25,219,32.3,-0.05186657980084419,-0.04778676606572469
COHFACE_s20_session3_natural,25,220,32.333333333333336,0.7485490441322327,-0.03321526352309518
COHFACE_s20_session3_natural,25,221,32.36666666666667,1.273823857307434,-0.01930021541285096
COHFACE_s20_session3_natural,25,222,32.4,1.5344810485839844,-0.004183013441098833
COHFACE_s20_session3_natural,25,223,32.43333333333333,1.6190282106399536,0.013048753605423841
COHFACE_s20_session3_natural,25,224,32.46666666666667,1.5336493253707886,0.03209131368324488
COHFACE_s20_session3_natural,25,225,32.5,1.2586073875427246,0.051897484804161946
COHFACE_s20_session3_natural,25,226,32.53333333333333,0.9131230115890503,0.07157540420289846
COHFACE_s20_session3_natural,25,227,32.56666666666667,0.6471302509307861,0.09081001021255639
COHFACE_s20_session3_natural,25,228,32.6,0.480118989944458,0.10911793663736774
COHFACE_s20_session3_natural,25,229,32.63333333333333,0.3558095097541809,0.12421871060092456
COHFACE_s20_session3_natural,25,230,32.666666666666664,0.21868787705898285,0.13085810069775378
COHFACE_s20_session3_natural,25,231,32.7,0.02910708077251911,0.1216873144938548
COHFACE_s20_session3_natural,25,232,32.733333333333334,-0.19577309489250183,0.09079408906444095
COHFACE_s20_session3_natural,25,233,32.766666666666666,-0.424375057220459,0.03853490871278991
COHFACE_s20_session3_natural,25,234,32.8,-0.6213747262954712,-0.025391079929087484
COHFACE_s20_session3_natural,25,235,32.833333333333336,-0.7689042091369629,-0.08347069281535449
COHFACE_s20_session3_natural,25,236,32.86666666666667,-0.8832340240478516,-0.11670823954807887
COHFACE_s20_session3_natural,25,237,32.9,-0.9600165486335754,-0.1128392885738273
COHFACE_s20_session3_natural,25,238,32.93333333333333,-1.0202568769454956,-0.07226285452624343
COHFACE_s20_session3_natural,25,239,32.96666666666667,-1.0949150323867798,-0.00870435118166913
COHFACE_s20_session3_natural,26,0,26.0,0.8922744393348694,-0.034423909111371914
COHFACE_s20_session3_natural,26,1,26.033333333333335,1.3984874486923218,2.512705786338025
COHFACE_s20_session3_natural,26,2,26.066666666666666,1.6485884189605713,4.673590973349885
COHFACE_s20_session3_natural,26,3,26.1,1.6953661441802979,6.154531281630315
COHFACE_s20_session3_natural,26,4,26.133333333333333,1.545045256614685,6.8225730969262965
COHFACE_s20_session3_natural,26,5,26.166666666666668,1.1969754695892334,6.722926297887823
COHFACE_s20_session3_natural,26,6,26.2,0.8012964129447937,6.040694499697765
COHFACE_s20_session3_natural,26,7,26.233333333333334,0.5305443406105042,5.027989837294348
COHFACE_s20_session3_natural,26,8,26.266666666666666,0.3621003329753876,3.9280418681056886
COHFACE_s20_session3_natural,26,9,26.3,0.21713986992835999,2.92064322437396
COHFACE_s20_session3_natural,26,10,26.333333333333332,0.034121617674827576,2.0994038529119488
COHFACE_s20_session3_natural,26,11,26.366666666666667,-0.18001312017440796,1.4784892121106459
COHFACE_s20_session3_natural,26,12,26.4,-0.40925732254981995,1.018371456913719
COHFACE_s20_session3_natural,26,13,26.433333333333334,-0.6445947289466858,0.6576462771023719
COHFACE_s20_session3_natural,26,14,26.466666666666665,-0.8605738878250122,0.34012119156248166
COHFACE_s20_session3_natural,26,15,26.5,-1.0259712934494019,0.031023779612899066
COHFACE_s20_session3_natural,26,16,26.533333333333335,-1.1318776607513428,-0.2789066466299307
COHFACE_s20_session3_natural,26,17,26.566666666666666,-1.1939789056777954,-0.5790329085765742
COHFACE_s20_session3_natural,26,18,26.6,-1.2442147731781006,-0.8498643100683634
COHFACE_s20_session3_natural,26,19,26.633333333333333,-1.2972009181976318,-1.074744653177073
COHFACE_s20_session3_natural,26,20,26.666666666666668,-1.3356951475143433,-1.2477944425296483
COHFACE_s20_session3_natural,26,21,26.7,-1.3249413967132568,-1.3753542454500072
COHFACE_s20_session3_natural,26,22,26.733333333333334,-1.0104583501815796,-1.4710915546708343
COHFACE_s20_session3_natural,26,23,26.766666666666666,-0.20832177996635437,-1.5478196651034857
COHFACE_s20_session3_natural,26,24,26.8,0.7044145464897156,-1.6103702508996178
COHFACE_s20_session3_natural,26,25,26.833333333333332,1.3320550918579102,-1.6529727570236041
COHFACE_s20_session3_natural,26,26,26.866666666666667,1.6550110578536987,-1.662054440825489
COHFACE_s20_session3_natural,26,27,26.9,1.7586283683776855,-1.622631296763358
COHFACE_s20_session3_natural,26,28,26.933333333333334,1.6812118291854858,-1.524990602154691
COHFACE_s20_session3_natural,26,29,26.966666666666665,1.4000353813171387,-1.368805850405192
COHFACE_s20_session3_natural,26,30,27.0,1.0206021070480347,-1.1636828332404472
COHFACE_s20_session3_natural,26,31,27.033333333333335,0.7231963872909546,-0.9268942763153403
COHFACE_s20_session3_natural,26,32,27.066666666666666,0.5339614748954773,-0.6795818968506397
COHFACE_s20_session3_natural,26,33,27.1,0.3774815499782562,-0.442439842117301
COHFACE_s20_session3_natural,26,34,27.133333333333333,0.2105196863412857,-0.23175076738474018
COHFACE_s20_session3_natural,26,35,27.166666666666668,0.014112873002886772,-0.056705089399283926
COHFACE_s20_session3_natural,26,36,27.2,-0.21534542739391327,0.08119842785786063
COHFACE_s20_session3_natural,26,37,27.233333333333334,-0.457550048828125,0.18647337443199202
COHFACE_s20_session3_natural,26,38,27.266666666666666,-0.663253128528595,0.26646102491349627
COHFACE_s20_session3_natural,26,39,27.3,-0.8187448978424072,0.3281687713055398
COHFACE_s20_session3_natural,26,40,27.333333333333332,-0.9243630766868591,0.37659675389123987
COHFACE_s20_session3_natural,26,41,27.366666666666667,-0.9900131821632385,0.4150202462963894
COHFACE_s20_session3_natural,26,42,27.4,-1.0622340440750122,0.4463119810105853
COHFACE_s20_session3_natural,26,43,27.433333333333334,-1.1372133493423462,0.47375975380367696
COHFACE_s20_session3_natural,26,44,27.466666666666665,-1.1943823099136353,0.5005691455914701
COHFACE_s20_session3_natural,26,45,27.5,-1.2067910432815552,0.5284931057812422
COHFACE_s20_session3_natural,26,46,27.533333333333335,-0.9683329463005066,0.5566370473481486
COHFACE_s20_session3_natural,26,47,27.566666666666666,-0.24526797235012054,0.5812204511727382
COHFACE_s20_session3_natural,26,48,27.6,0.6257382035255432,0.5963818179219136
COHFACE_s20_session3_natural,26,49,27.633333333333333,1.222212791442871,0.5955992275669271
COHFACE_s20_session3_natural,26,50,27.666666666666668,1.497147798538208,0.5732918518112176
COHFACE_s20_session3_natural,26,51,27.7,1.562345027923584,0.5264116420720738
COHFACE_s20_session3_natural,26,52,27.733333333333334,1.4532438516616821,0.45588516776788246
COHFACE_s20_session3_natural,26,53,27.766666666666666,1.1758880615234375,0.36746111790770386
COHFACE_s20_session3_natural,26,54,27.8,0.8470200896263123,0.27115428680361425
COHFACE_s20_session3_natural,26,55,27.833333333333332,0.5873675346374512,0.17877256277205322
COHFACE_s20_session3_natural,26,56,27.866666666666667,0.42525550723075867,0.10020817380316357
COHFACE_s20_session3_natural,26,57,27.9,0.2928025722503662,0.040301116802548435
COHFACE_s20_session3_natural,26,58,27.933333333333334,0.12244828045368195,-0.0019748056622291062
COHFACE_s20_session3_natural,26,59,27.966666666666665,-0.08405348658561707,-0.03161344744709722
COHFACE_s20_session3_natural,26,60,28.0,-0.29688724875450134,-0.05435684847005331
COHFACE_s20_session3_natural,26,61,28.033333333333335,-0.5171069502830505,-0.07425018489529032
COHFACE_s20_session3_natural,26,62,28.066666666666666,-0.7273057699203491,-0.09301487504661478
COHFACE_s20_session3_natural,26,63,28.1,-0.8877133131027222,-0.11073928443939042
COHFACE_s20_session3_natural,26,64,28.133333333333333,-0.9813674092292786,-0.12685745232365156
COHFACE_s20_session3_natural,26,65,28.166666666666668,-1.0063742399215698,-0.14085619690423745
COHFACE_s20_session3_natural,26,66,28.2,-0.960115373134613,-0.15278146165764378
COHFACE_s20_session3_natural,26,67,28.233333333333334,-1.017325520515442,-0.16377593887229402
COHFACE_s20_session3_natural,26,68,28.266666666666666,-1.2067745923995972,-0.17647312789450306
COHFACE_s20_session3_natural,26,69,28.3,-1.3362056016921997,-0.19462025262939306
COHFACE_s20_session3_natural,26,70,28.333333333333332,-1.0926671028137207,-0.22142702420614604
COHFACE_s20_session3_natural,26,71,28.366666666666667,-0.33485445380210876,-0.2569936741626629
COHFACE_s20_session3_natural,26,72,28.4,0.4581834673881531,-0.29625201226878817
COHFACE_s20_session3_natural,26,73,28.433333333333334,0.962214469909668,-0.3290666713139063
COHFACE_s20_session3_natural,26,74,28.466666666666665,1.213295340538025,-0.34296136924193366
COHFACE_s20_session3_natural,26,75,28.5,1.290596604347229,-0.32733292687619714
COHFACE_s20_session3_natural,26,76,28.533333333333335,1.2168772220611572,-0.27728474859256136
COHFACE_s20_session3_natural,26,77,28.566666666666666,0.9881105422973633,-0.19564532205050048
COHFACE_s20_session3_natural,26,78,28.6,0.719285249710083,-0.09280376300021685
COHFACE_s20_session3_natural,26,79,28.633333333333333,0.5602280497550964,0.015185061911895552
COHFACE_s20_session3_natural,26,80,28.666666666666668,0.45059990882873535,0.10969018844038335
COHFACE_s20_session3_natural,26,81,28.7,0.325038880109787,0.17346029710593586
COHFACE_s20_session3_natural,26,82,28.733333333333334,0.1638326197862625,0.19495559859630726
COHFACE_s20_session3_natural,26,83,28.766666666666666,-0.04783189296722412,0.1719740086045548
COHFACE_s20_session3_natural,26,84,28.8,-0.26185959577560425,0.11298743683677528
COHFACE_s20_session3_natural,26,85,28.833333333333332,-0.4716549813747406,0.03501330609118378
COHFACE_s20_session3_natural,26,86,28.866666666666667,-0.6975150108337402,-0.04158941152765953
COHFACE_s20_session3_natural,26,87,28.9,-0.8858112692832947,-0.09930215615204496
COHFACE_s20_session3_natural,26,88,28.933333333333334,-1.0275275707244873,-0.12793937135846353
COHFACE_s20_session3_natural,26,89,28.966666666666665,-1.182607650756836,-0.12579271118386395
COHFACE_s20_session3_natural,26,90,29.0,-1.3734071254730225,-0.09773523591472441
COHFACE_s20_session3_natural,26,91,29.033333333333335,-1.5104875564575195,-0.05201124791639148
COHFACE_s20_session3_natural,26,92,29.066666666666666,-1.5594884157180786,0.0026887347736505624
COHFACE_s20_session3_natural,26,93,29.1,-1.527350902557373,0.059225608499062915
COHFACE_s20_session3_natural,26,94,29.133333333333333,-1.3124009370803833,0.1130588948055547
COHFACE_s20_session3_natural,26,95,29.166666666666668,-0.8541678190231323,0.16237388504018338
COHFACE_s20_session3_natural,26,96,29.2,-0.24978022277355194,0.20722277025614283
COHFACE_s20_session3_natural,26,97,29.233333333333334,0.27497583627700806,0.24784711930040929
COHFACE_s20_session3_natural,26,98,29.266666666666666,0.5063938498497009,0.28295622421755307
COHFACE_s20_session3_natural,26,99,29.3,0.46262985467910767,0.30902402638847376
COHFACE_s20_session3_natural,26,100,29.333333333333332,0.2570585608482361,0.3210977048895327
COHFACE_s20_session3_natural,26,101,29.366666666666667,-0.04951164126396179,0.3146444098798262
COHFACE_s20_session3_natural,26,102,29.4,-0.30802789330482483,0.28739123573782716
COHFACE_s20_session3_natural,26,103,29.433333333333334,-0.3944936692714691,0.24025996869794114
COHFACE_s20_session3_natural,26,104,29.466666666666665,-0.3753083348274231,0.1771889052164453
COHFACE_s20_session3_natural,26,105,29.5,-0.3987836241722107,0.10435706615705986
COHFACE_s20_session3_natural,26,106,29.533333333333335,-0.49613481760025024,0.029529584422414375
COHFACE_s20_session3_natural,26,107,29.566666666666666,-0.664685845375061,-0.03834925499430933
COHFACE_s20_session3_natural,26,108,29.6,-0.878252387046814,-0.09016163222213018
COHFACE_s20_session3_natural,26,109,29.633333333333333,-1.0587427616119385,-0.11917871514107188
COHFACE_s20_session3_natural,26,110,29.666666666666668,-1.1551223993301392,-0.12476372065212354
COHFACE_s20_session3_natural,26,111,29.7,-1.1898947954177856,-0.11513529202356432
COHFACE_s20_session3_natural,26,112,29.733333333333334,-1.19794762134552,-0.10676719073681692
COHFACE_s20_session3_natural,26,113,29.766666666666666,-1.1794952154159546,-0.11939600179232117
COHFACE_s20_session3_natural,26,114,29.8,-1.174480676651001,-0.16800256584266773
COHFACE_s20_session3_natural,26,115,29.833333333333332,-1.1789188385009766,-0.25507817279155587
COHFACE_s20_session3_natural,26,116,29.866666666666667,-1.1731384992599487,-0.3667963120735077
COHFACE_s20_session3_natural,26,117,29.9,-0.9534210562705994,-0.475339677385754
COHFACE_s20_session3_natural,26,118,29.933333333333334,-0.14159303903579712,-0.5472393430158979
COHFACE_s20_session3_natural,26,119,29.966666666666665,0.8537967205047607,-0.5549119431571026
COHFACE_s20_session3_natural,26,120,30.0,1.459682822227478,-0.48667371639541446
COHFACE_s20_session3_natural,26,121,30.033333333333335,1.785117268562317,-0.35079250131013806
COHFACE_s20_session3_natural,26,122,30.066666666666666,1.9626022577285767,-0.17199743206232274
COHFACE_s20_session3_natural,26,123,30.1,1.9671145677566528,0.017468176096920016
COHFACE_s20_session3_natural,26,124,30.133333333333333,1.7513823509216309,0.18795227789064034
COHFACE_s20_session3_natural,26,125,30.166666666666668,1.4018386602401733,0.31951429049580976
COHFACE_s20_session3_natural,26,126,30.2,1.0971788167953491,0.40400269168532943
COHFACE_s20_session3_natural,26,127,30.233333333333334,0.8966220021247864,0.44270761399534153
COHFACE_s20_session3_natural,26,128,30.266666666666666,0.733423113822937,0.4420228996302656
COHFACE_s20_session3_natural,26,129,30.3,0.5512611865997314,0.409746221659747
COHFACE_s20_session3_natural,26,130,30.333333333333332,0.3279537260532379,0.3533873808027376
COHFACE_s20_session3_natural,26,131,30.366666666666667,0.07745742797851562,0.280183548113622
COHFACE_s20_session3_natural,26,132,30.4,-0.17448806762695312,0.1975537893579192
COHFACE_s20_session3_natural,26,133,30.433333333333334,-0.4172773063182831,0.11287540976691908
COHFACE_s20_session3_natural,26,134,30.466666666666665,-0.6031033396720886,0.032426194589279006
COHFACE_s20_session3_natural,26,135,30.5,-0.738561749458313,-0.03966399510919611
COHFACE_s20_session3_natural,26,136,30.533333333333335,-0.8500096201896667,-0.10135813323731158
COHFACE_s20_session3_natural,26,137,30.566666666666666,-0.9296905398368835,-0.15129912456095704
COHFACE_s20_session3_natural,26,138,30.6,-1.022735357284546,-0.18718024307263256
COHFACE_s20_session3_natural,26,139,30.633333333333333,-1.0930458307266235,-0.20549526713637012
COHFACE_s20_session3_natural,26,140,30.666666666666668,-1.0845153331756592,-0.20301935610362543
COHFACE_s20_session3_natural,26,141,30.7,-0.7644001841545105,-0.1788103046902421
COHFACE_s20_session3_natural,26,142,30.733333333333334,0.05764630064368248,-0.13528143827763928
COHFACE_s20_session3_natural,26,143,30.766666666666666,0.882319450378418,-0.07788509071871826
COHFACE_s20_session3_natural,26,144,30.8,1.3462011814117432,-0.014047140180278136
COHFACE_s20_session3_natural,26,145,30.833333333333332,1.5341598987579346,0.04779278665277793
COHFACE_s20_session3_natural,26,146,30.866666666666667,1.5514596700668335,0.09900297854931306
COHFACE_s20_session3_natural,26,147,30.9,1.3994836807250977,0.13218168839964264
COHFACE_s20_session3_natural,26,148,30.933333333333334,1.1118435859680176,0.14357916959533057
COHFACE_s20_session3_natural,26,149,30.966666666666665,0.8265995979309082,0.13569504658075884
COHFACE_s20_session3_natural,26,150,31.0,0.6305550932884216,0.1181691576579806
COHFACE_s20_session3_natural,26,151,31.033333333333335,0.5100168585777283,0.10527246008657767
COHFACE_s20_session3_natural,26,152,31.066666666666666,0.39032667875289917,0.11005341519446199
COHFACE_s20_session3_natural,26,153,31.1,0.22744067013263702,0.1375333442615955
COHFACE_s20_session3_natural,26,154,31.133333333333333,0.03068801760673523,0.18064059801789328
COHFACE_s20_session3_natural,26,155,31.166666666666668,-0.1903797835111618,0.2214533174145341
COHFACE_s20_session3_natural,26,156,31.2,-0.4079728126525879,0.2371042568706223
COHFACE_s20_session3_natural,26,157,31.233333333333334,-0.5958079695701599,0.20720998328387671
COHFACE_s20_session3_natural,26,158,31.266666666666666,-0.7261118292808533,0.12008268572930401
COHFACE_s20_session3_natural,26,159,31.3,-0.824228823184967,-0.0231209069388303
COHFACE_s20_session3_natural,26,160,31.333333333333332,-0.9054247736930847,-0.20623649027738325
COHFACE_s20_session3_natural,26,161,31.366666666666667,-0.9667519927024841,-0.3985811656157151
COHFACE_s20_session3_natural,26,162,31.4,-1.0246373414993286,-0.5599312386908315
COHFACE_s20_session3_natural,26,163,31.433333333333334,-1.0572441816329956,-0.6509598261936645
COHFACE_s20_session3_natural,26,164,31.466666666666665,-0.9939326047897339,-0.646416528842074
COHFACE_s20_session3_natural,26,165,31.5,-0.5542836785316467,-0.5449422429181207
COHFACE_s20_session3_natural,26,166,31.533333333333335,0.2735596001148224,-0.3698975688970157
COHFACE_s20_session3_natural,26,167,31.566666666666666,0.9706214070320129,-0.16022941687707803
COHFACE_s20_session3_natural,26,168,31.6,1.347658634185791,0.04365935557269853
COHFACE_s20_session3_natural,26,169,31.633333333333333,1.5071933269500732,0.2115053271683258
COHFACE_s20_session3_natural,26,170,31.666666666666668,1.5004825592041016,0.32775687967335787
COHFACE_s20_session3_natural,26,171,31.7,1.3195970058441162,0.38978616941510164
COHFACE_s20_session3_natural,26,172,31.733333333333334,1.0241920948028564,0.40312647147236363
COHFACE_s20_session3_natural,26,173,31.766666666666666,0.7610977292060852,0.37687099947232583
COHFACE_s20_session3_natural,26,174,31.8,0.5963179469108582,0.320829899676655
COHFACE_s20_session3_natural,26,175,31.833333333333332,0.4799131453037262,0.24450316748924367
COHFACE_s20_session3_natural,26,176,31.866666666666667,0.3553401827812195,0.1570581175578487
COHFACE_s20_session3_natural,26,177,31.9,0.184533029794693,0.06745803292687219
COHFACE_s20_session3_natural,26,178,31.933333333333334,-0.02788902074098587,-0.01565167668279407
COHFACE_s20_session3_natural,26,179,31.966666666666665,-0.2462725192308426,-0.0843430723499366
COHFACE_s20_session3_natural,26,180,32.0,-0.45905688405036926,-0.13217898621167748
COHFACE_s20_session3_natural,26,181,32.03333333333333,-0.632087230682373,-0.1553998005113159
COHFACE_s20_session3_natural,26,182,32.06666666666667,-0.7438150644302368,-0.1540512823509865
COHFACE_s20_session3_natural,26,183,32.1,-0.822227954864502,-0.1321886676843766
COHFACE_s20_session3_natural,26,184,32.13333333333333,-0.8994386196136475,-0.09666059692039959
COHFACE_s20_session3_natural,26,185,32.166666666666664,-0.9778432846069336,-0.05486108944043575
COHFACE_s20_session3_natural,26,186,32.2,-1.0327644348144531,-0.012543560254875857
COHFACE_s20_session3_natural,26,187,32.233333333333334,-1.0442014932632446,0.02720858615908495
COHFACE_s20_session3_natural,26,188,32.266666666666666,-0.781247079372406,0.06350762082385794
COHFACE_s20_session3_natural,26,189,32.3,-0.05186657980084419,0.09625339523268564
COHFACE_s20_session3_natural,26,190,32.333333333333336,0.7485490441322327,0.12478225325295016
COHFACE_s20_session3_natural,26,191,32.36666666666667,1.273823857307434,0.1472941344017419
COHFACE_s20_session3_natural,26,192,32.4,1.5344810485839844,0.1611246153616576
COHFACE_s20_session3_natural,26,193,32.43333333333333,1.6190282106399536,0.16353254521478883
COHFACE_s20_session3_natural,26,194,32.46666666666667,1.5336493253707886,0.1528166663315096
COHFACE_s20_session3_natural,26,195,32.5,1.2586073875427246,0.1296395474049461
COHFACE_s20_session3_natural,26,196,32.53333333333333,0.9131230115890503,0.0979453568482844
COHFACE_s20_session3_natural,26,197,32.56666666666667,0.6471302509307861,0.06443721055661503
COHFACE_s20_session3_natural,26,198,32.6,0.480118989944458,0.03603413576447698
COHFACE_s20_session3_natural,26,199,32.63333333333333,0.3558095097541809,0.016003741566850357
COHFACE_s20_session3_natural,26,200,32.666666666666664,0.21868787705898285,0.0007961982302970073
COHFACE_s20_session3_natural,26,201,32.7,0.02910708077251911,-0.02006057995179592
COHFACE_s20_session3_natural,26,202,32.733333333333334,-0.19577309489250183,-0.059900536174413946
COHFACE_s20_session3_natural,26,203,32.766666666666666,-0.424375057220459,-0.1279716865083842
COHFACE_s20_session3_natural,26,204,32.8,-0.6213747262954712,-0.2230426166672388
COHFACE_s20_session3_natural,26,205,32.833333333333336,-0.7689042091369629,-0.3312522681599762
COHFACE_s20_session3_natural,26,206,32.86666666666667,-0.8832340240478516,-0.42964046969202346
COHFACE_s20_session3_natural,26,207,32.9,-0.9600165486335754,-0.49367258686447724
COHFACE_s20_session3_natural,26,208,32.93333333333333,-1.0202568769454956,-0.5052322708516891
COHFACE_s20_session3_natural,26,209,32.96666666666667,-1.0949150323867798,-0.4578266942808497
COHFACE_s20_session3_natural,26,210,33.0,-1.1386131048202515,-0.3575782329354949
COHFACE_s20_session3_natural,26,211,33.03333333333333,-0.9693374633789062,-0.22049035812634415
COHFACE_s20_session3_natural,26,212,33.06666666666667,-0.3471231758594513,-0.0673758055585121
COHFACE_s20_session3_natural,26,213,33.1,0.4981021583080292,0.08191317877993402
COHFACE_s20_session3_natural,26,214,33.13333333333333,1.149802565574646,0.21310464834137988
COHFACE_s20_session3_natural,26,215,33.166666666666664,1.5093753337860107,0.31939634188100885
COHFACE_s20_session3_natural,26,216,33.2,1.6630804538726807,0.4002198957972363
COHFACE_s20_session3_natural,26,217,33.233333333333334,1.665023684501648,0.45795353427296864
COHFACE_s20_session3_natural,26,218,33.266666666666666,1.472108006477356,0.4944647592827507
COHFACE_s20_session3_natural,26,219,33.3,1.1406792402267456,0.5091637582738464
COHFACE_s20_session3_natural,26,220,33.333333333333336,0.831260085105896,0.4992633025212965
COHFACE_s20_session3_natural,26,221,33.36666666666667,0.6272203326225281,0.4617555121883371
COHFACE_s20_session3_natural,26,222,33.4,0.48147761821746826,0.39583267973087055
COHFACE_s20_session3_natural,26,223,33.43333333333333,0.3082331717014313,0.30439386816262615
COHFACE_s20_session3_natural,26,224,33.46666666666667,0.09600050747394562,0.19389589340967714
COHFACE_s20_session3_natural,26,225,33.5,-0.1292831301689148,0.07293317921637874
COHFACE_s20_session3_natural,26,226,33.53333333333333,-0.3589637577533722,-0.04907789018886329
COHFACE_s20_session3_natural,26,227,33.56666666666667,-0.5706200003623962,-0.16204162827915797
COHFACE_s20_session3_natural,26,228,33.6,-0.742884635925293,-0.2548346312947654
COHFACE_s20_session3_natural,26,229,33.63333333333333,-0.8656131625175476,-0.316329940387932
COHFACE_s20_session3_natural,26,230,33.666666666666664,-0.954952597618103,-0.3385963285785188
COHFACE_s20_session3_natural,26,231,33.7,-1.0363215208053589,-0.32081195431965986
COHFACE_s20_session3_natural,26,232,33.733333333333334,-1.1173444986343384,-0.27114459817372444
COHFACE_s20_session3_natural,26,233,33.766666666666666,-1.1760698556900024,-0.20480303291309057
COHFACE_s20_session3_natural,26,234,33.8,-1.1355994939804077,-0.13913110104608428
COHFACE_s20_session3_natural,26,235,33.833333333333336,-0.7158769369125366,-0.08851745516287689
COHFACE_s20_session3_natural,26,236,33.86666666666667,0.11733493953943253,-0.061265940191343064
COHFACE_s20_session3_natural,26,237,33.9,0.8913110494613647,-0.058742750517011666
COHFACE_s20_session3_natural,26,238,33.93333333333333,1.3667863607406616,-0.0761326624285333
COHFACE_s20_session3_natural,26,239,33.96666666666667,1.5978667736053467,-0.10414026146855145
COHFACE_s20_session3_natural,27,0,27.0,1.0206021070480347,-0.024139512114185403
COHFACE_s20_session3_natural,27,1,27.033333333333335,0.7231963872909546,2.5126496979271407
COHFACE_s20_session3_natural,27,2,27.066666666666666,0.5339614748954773,4.65610411064662
COHFACE_s20_session3_natural,27,3,27.1,0.3774815499782562,6.108308739521451
COHFACE_s20_session3_natural,27,4,27.133333333333333,0.2105196863412857,6.735970500238527
COHFACE_s20_session3_natural,27,5,27.166666666666668,0.014112873002886772,6.5881482376467275
COHFACE_s20_session3_natural,27,6,27.2,-0.21534542739391327,5.856846064155347
COHFACE_s20_session3_natural,27,7,27.233333333333334,-0.457550048828125,4.801888042296847
COHFACE_s20_session3_natural,27,8,27.266666666666666,-0.663253128528595,3.672566093735899
COHFACE_s20_session3_natural,27,9,27.3,-0.8187448978424072,2.6514880710398705
COHFACE_s20_session3_natural,27,10,27.333333333333332,-0.9243630766868591,1.8317845701176847
COHFACE_s20_session3_natural,27,11,27.366666666666667,-0.9900131821632385,1.2251702525672854
COHFACE_s20_session3_natural,27,12,27.4,-1.0622340440750122,0.7893700782943242
COHFACE_s20_session3_natural,27,13,27.433333333333334,-1.1372133493423462,0.4608203895594748
COHFACE_s20_session3_natural,27,14,27.466666666666665,-1.1943823099136353,0.18149899616791088
COHFACE_s20_session3_natural,27,15,27.5,-1.2067910432815552,-0.08569858145064724
COHFACE_s20_session3_natural,27,16,27.533333333333335,-0.9683329463005066,-0.35345248185957756
COHFACE_s20_session3_natural,27,17,27.566666666666666,-0.24526797235012054,-0.6154095210472045
COHFACE_s20_session3_natural,27,18,27.6,0.6257382035255432,-0.8559883566605548
COHFACE_s20_session3_natural,27,19,27.633333333333333,1.222212791442871,-1.0601412508499557
COHFACE_s20_session3_natural,27,20,27.666666666666668,1.497147798538208,-1.21971905820128
COHFACE_s20_session3_natural,27,21,27.7,1.562345027923584,-1.3348913052746005
COHFACE_s20_session3_natural,27,22,27.733333333333334,1.4532438516616821,-1.4111747585246133
COHFACE_s20_session3_natural,27,23,27.766666666666666,1.1758880615234375,-1.454406152296088
COHFACE_s20_session3_natural,27,24,27.8,0.8470200896263123,-1.466757185088045
COHFACE_s20_session3_natural,27,25,27.833333333333332,0.5873675346374512,-1.4460518501448132
COHFACE_s20_session3_natural,27,26,27.866666666666667,0.42525550723075867,-1.3884381433597044
COHFACE_s20_session3_natural,27,27,27.9,0.2928025722503662,-1.2923694570191508
COHFACE_s20_session3_natural,27,28,27.933333333333334,0.12244828045368195,-1.1613126202352857
COHFACE_s20_session3_natural,27,29,27.966666666666665,-0.08405348658561707,-1.003754349536076
COHFACE_s20_session3_natural,27,30,28.0,-0.29688724875450134,-0.8309709519738078
COHFACE_s20_session3_natural,27,31,28.033333333333335,-0.5171069502830505,-0.6542270613845718
COHFACE_s20_session3_natural,27,32,28.066666666666666,-0.7273057699203491,-0.4827918326842778
COHFACE_s20_session3_natural,27,33,28.1,-0.8877133131027222,-0.32311513721759355
COHFACE_s20_session3_natural,27,34,28.133333333333333,-0.9813674092292786,-0.1788145980006911
COHFACE_s20_session3_natural,27,35,28.166666666666668,-1.0063742399215698,-0.05110622541878118
COHFACE_s20_session3_natural,27,36,28.2,-0.960115373134613,0.06036347501280783
COHFACE_s20_session3_natural,27,37,28.233333333333334,-1.017325520515442,0.15621095335480378
COHFACE_s20_session3_natural,27,38,28.266666666666666,-1.2067745923995972,0.23585124204459562
COHFACE_s20_session3_natural,27,39,28.3,-1.3362056016921997,0.29675707556563424
COHFACE_s20_session3_natural,27,40,28.333333333333332,-1.0926671028137207,0.3354100575190805
COHFACE_s20_session3_natural,27,41,28.366666666666667,-0.33485445380210876,0.3500025922774877
COHFACE_s20_session3_natural,27,42,28.4,0.4581834673881531,0.3433724143861512
COHFACE_s20_session3_natural,27,43,28.433333333333334,0.962214469909668,0.32396059583596826
COHFACE_s20_session3_natural,27,44,28.466666666666665,1.213295340538025,0.3037873713161993
COHFACE_s20_session3_natural,27,45,28.5,1.290596604347229,0.29442491777145574
COHFACE_s20_session3_natural,27,46,28.533333333333335,1.2168772220611572,0.3030103470832652
COHFACE_s20_session3_natural,27,47,28.566666666666666,0.9881105422973633,0.3299546713989934
COHFACE_s20_session3_natural,27,48,28.6,0.719285249710083,0.368747370244155
COHFACE_s20_session3_natural,27,49,28.633333333333333,0.5602280497550964,0.4073399933038685
COHFACE_s20_session3_natural,27,50,28.666666666666668,0.45059990882873535,0.4306934542307421
COHFACE_s20_session3_natural,27,51,28.7,0.325038880109787,0.42443070866809335
COHFACE_s20_session3_natural,27,52,28.733333333333334,0.1638326197862625,0.3792012042672058
COHFACE_s20_session3_natural,27,53,28.766666666666666,-0.04783189296722412,0.29452388573673893
COHFACE_s20_session3_natural,27,54,28.8,-0.26185959577560425,0.18036067504857795
COHFACE_s20_session3_natural,27,55,28.833333333333332,-0.4716549813747406,0.05516655215701582
COHFACE_s20_session3_natural,27,56,28.866666666666667,-0.6975150108337402,-0.05930081602064569
COHFACE_s20_session3_natural,27,57,28.9,-0.8858112692832947,-0.14444017514385632
COHFACE_s20_session3_natural,27,58,28.933333333333334,-1.0275275707244873,-0.18984138967914788
COHFACE_s20_session3_natural,27,59,28.966666666666665,-1.182607650756836,-0.1949937645540589
COHFACE_s20_session3_natural,27,60,29.0,-1.3734071254730225,-0.167635787942951
COHFACE_s20_session3_natural,27,61,29.033333333333335,-1.5104875564575195,-0.12019488569685902
COHFACE_s20_session3_natural,27,62,29.066666666666666,-1.5594884157180786,-0.06584023686828827
COHFACE_s20_session3_natural,27,63,29.1,-1.527350902557373,-0.015057736628614638
COHFACE_s20_session3_natural,27,64,29.133333333333333,-1.3124009370803833,0.026597750042636516
COHFACE_s20_session3_natural,27,65,29.166666666666668,-0.8541678190231323,0.0589343762113172
COHFACE_s20_session3_natural,27,66,29.2,-0.24978022277355194,0.08546457140205285
COHFACE_s20_session3_natural,27,67,29.233333333333334,0.27497583627700806,0.11020273858862759
COHFACE_s20_session3_natural,27,68,29.266666666666666,0.5063938498497009,0.13435985434769
COHFACE_s20_session3_natural,27,69,29.3,0.46262985467910767,0.15464207027701574
COHFACE_s20_session3_natural,27,70,29.333333333333332,0.2570585608482361,0.16409947163079472
COHFACE_s20_session3_natural,27,71,29.366666666666667,-0.04951164126396179,0.15509976626872968
COHFACE_s20_session3_natural,27,72,29.4,-0.30802789330482483,0.12286826704507378
COHFACE_s20_session3_natural,27,73,29.433333333333334,-0.3944936692714691,0.06787168675854184
COHFACE_s20_session3_natural,27,74,29.466666666666665,-0.3753083348274231,-0.0037726659973093143
COHFACE_s20_session3_natural,27,75,29.5,-0.3987836241722107,-0.08153156443584657
COHFACE_s20_session3_natural,27,76,29.533333333333335,-0.49613481760025024,-0.15250802727322263
COHFACE_s20_session3_natural,27,77,29.566666666666666,-0.664685845375061,-0.2037602329742719
COHFACE_s20_session3_natural,27,78,29.6,-0.878252387046814,-0.2248883732323214
COHFACE_s20_session3_natural,27,79,29.633333333333333,-1.0587427616119385,-0.21102015553069065
COHFACE_s20_session3_natural,27,80,29.666666666666668,-1.1551223993301392,-0.16570753374813657
COHFACE_s20_session3_natural,27,81,29.7,-1.1898947954177856,-0.10235153873310064
COHFACE_s20_session3_natural,27,82,29.733333333333334,-1.19794762134552,-0.042461795009779466
COHFACE_s20_session3_natural,27,83,29.766666666666666,-1.1794952154159546,-0.010003539839155895
COHFACE_s20_session3_natural,27,84,29.8,-1.174480676651001,-0.023126104321490717
COHFACE_s20_session3_natural,27,85,29.833333333333332,-1.1789188385009766,-0.08637253012598724
COHFACE_s20_session3_natural,27,86,29.866666666666667,-1.1731384992599487,-0.18676751339130634
COHFACE_s20_session3_natural,27,87,29.9,-0.9534210562705994,-0.295982082610774
COHFACE_s20_session3_natural,27,88,29.933333333333334,-0.14159303903579712,-0.3786776767994209
COHFACE_s20_session3_natural,27,89,29.966666666666665,0.8537967205047607,-0.4044881710347726
COHFACE_s20_session3_natural,27,90,30.0,1.459682822227478,-0.35877953410463226
COHFACE_s20_session3_natural,27,91,30.033333333333335,1.785117268562317,-0.247285617959004
COHFACE_s20_session3_natural,27,92,30.066666666666666,1.9626022577285767,-0.09279929375259739
COHFACE_s20_session3_natural,27,93,30.1,1.9671145677566528,0.07382104948836261
COHFACE_s20_session3_natural,27,94,30.133333333333333,1.7513823509216309,0.22376306564339643
COHFACE_s20_session3_natural,27,95,30.166666666666668,1.4018386602401733,0.3372706249691115
COHFACE_s20_session3_natural,27,96,30.2,1.0971788167953491,0.40561175933987914
COHFACE_s20_session3_natural,27,97,30.233333333333334,0.8966220021247864,0.42879715090529463
COHFACE_s20_session3_natural,27,98,30.266666666666666,0.733423113822937,0.41159422791519673
COHFACE_s20_session3_natural,27,99,30.3,0.5512611865997314,0.3604727473676481
COHFACE_s20_session3_natural,27,100,30.333333333333332,0.3279537260532379,0.2827536663127615
COHFACE_s20_session3_natural,27,101,30.366666666666667,0.07745742797851562,0.18735007500135603
COHFACE_s20_session3_natural,27,102,30.4,-0.17448806762695312,0.08527466419938894
COHFACE_s20_session3_natural,27,103,30.433333333333334,-0.4172773063182831,-0.011569612182152748
COHFACE_s20_session3_natural,27,104,30.466666666666665,-0.6031033396720886,-0.0930716611156286
COHFACE_s20_session3_natural,27,105,30.5,-0.738561749458313,-0.15330681061725418
COHFACE_s20_session3_natural,27,106,30.533333333333335,-0.8500096201896667,-0.1910026821102096
COHFACE_s20_session3_natural,27,107,30.566666666666666,-0.9296905398368835,-0.20791398454780732
COHFACE_s20_session3_natural,27,108,30.6,-1.022735357284546,-0.2064844564825957
COHFACE_s20_session3_natural,27,109,30.633333333333333,-1.0930458307266235,-0.188530326494248
COHFACE_s20_session3_natural,27,110,30.666666666666668,-1.0845153331756592,-0.1555507669065351
COHFACE_s20_session3_natural,27,111,30.7,-0.7644001841545105,-0.10982356597982189
COHFACE_s20_session3_natural,27,112,30.733333333333334,0.05764630064368248,-0.05502134211868407
COHFACE_s20_session3_natural,27,113,30.766666666666666,0.882319450378418,0.004145057639330239
COHFACE_s20_session3_natural,27,114,30.8,1.3462011814117432,0.06261041030929462
COHFACE_s20_session3_natural,27,115,30.833333333333332,1.5341598987579346,0.11506127870792715
COHFACE_s20_session3_natural,27,116,30.866666666666667,1.5514596700668335,0.15560831949807044
COHFACE_s20_session3_natural,27,117,30.9,1.3994836807250977,0.17823679345429663
COHFACE_s20_session3_natural,27,118,30.933333333333334,1.1118435859680176,0.17893913888123167
COHFACE_s20_session3_natural,27,119,30.966666666666665,0.8265995979309082,0.15891125739554104
COHFACE_s20_session3_natural,27,120,31.0,0.6305550932884216,0.12667556222487314
COHFACE_s20_session3_natural,27,121,31.033333333333335,0.5100168585777283,0.09681820604693024
COHFACE_s20_session3_natural,27,122,31.066666666666666,0.39032667875289917,0.08471458107740273
COHFACE_s20_session3_natural,27,123,31.1,0.22744067013263702,0.09921050677199904
COHFACE_s20_session3_natural,27,124,31.133333333333333,0.03068801760673523,0.1369960013354382
COHFACE_s20_session3_natural,27,125,31.166666666666668,-0.1903797835111618,0.18186425782427001
COHFACE_s20_session3_natural,27,126,31.2,-0.4079728126525879,0.20927074854246555
COHFACE_s20_session3_natural,27,127,31.233333333333334,-0.5958079695701599,0.194000049903484
COHFACE_s20_session3_natural,27,128,31.266666666666666,-0.7261118292808533,0.11833267719492598
COHFACE_s20_session3_natural,27,129,31.3,-0.824228823184967,-0.020998605735700646
COHFACE_s20_session3_natural,27,130,31.333333333333332,-0.9054247736930847,-0.2083820401679459
COHFACE_s20_session3_natural,27,131,31.366666666666667,-0.9667519927024841,-0.40930785411225706
COHFACE_s20_session3_natural,27,132,31.4,-1.0246373414993286,-0.577016912746404
COHFACE_s20_session3_natural,27,133,31.433333333333334,-1.0572441816329956,-0.6661237486271041
COHFACE_s20_session3_natural,27,134,31.466666666666665,-0.9939326047897339,-0.6489374991159275
COHFACE_s20_session3_natural,27,135,31.5,-0.5542836785316467,-0.5267137590661808
COHFACE_s20_session3_natural,27,136,31.533333333333335,0.2735596001148224,-0.3294565330164144
COHFACE_s20_session3_natural,27,137,31.566666666666666,0.9706214070320129,-0.10387489372761001
COHFACE_s20_session3_natural,27,138,31.6,1.347658634185791,0.10401686932612692
COHFACE_s20_session3_natural,27,139,31.633333333333333,1.5071933269500732,0.2625581792851051
COHFACE_s20_session3_natural,27,140,31.666666666666668,1.5004825592041016,0.3591265477500294
COHFACE_s20_session3_natural,27,141,31.7,1.3195970058441162,0.39682589311280264
COHFACE_s20_session3_natural,27,142,31.733333333333334,1.0241920948028564,0.38751358825698035
COHFACE_s20_session3_natural,27,143,31.766666666666666,0.7610977292060852,0.34526310331324694
COHFACE_s20_session3_natural,27,144,31.8,0.5963179469108582,0.28240241773517594
COHFACE_s20_session3_natural,27,145,31.833333333333332,0.4799131453037262,0.20823363626903085
COHFACE_s20_session3_natural,27,146,31.866666666666667,0.3553401827812195,0.12938429900331114
COHFACE_s20_session3_natural,27,147,31.9,0.184533029794693,0.0506729436949762
COHFACE_s20_session3_natural,27,148,31.933333333333334,-0.02788902074098587,-0.024053304802358882
COHFACE_s20_session3_natural,27,149,31.966666666666665,-0.2462725192308426,-0.09119915951250714
COHFACE_s20_session3_natural,27,150,32.0,-0.45905688405036926,-0.14698574438570994
COHFACE_s20_session3_natural,27,151,32.03333333333333,-0.632087230682373,-0.18761150909687288
COHFACE_s20_session3_natural,27,152,32.06666666666667,-0.7438150644302368,-0.21001944541900414
COHFACE_s20_session3_natural,27,153,32.1,-0.822227954864502,-0.21278075018281495
COHFACE_s20_session3_natural,27,154,32.13333333333333,-0.8994386196136475,-0.19644698391456467
COHFACE_s20_session3_natural,27,155,32.166666666666664,-0.9778432846069336,-0.16312139271736617
COHFACE_s20_session3_natural,27,156,32.2,-1.0327644348144531,-0.11568988738951495
COHFACE_s20_session3_natural,27,157,32.233333333333334,-1.0442014932632446,-0.05742549252530706
COHFACE_s20_session3_natural,27,158,32.266666666666666,-0.781247079372406,0.00782531884346173
COHFACE_s20_session3_natural,27,159,32.3,-0.05186657980084419,0.0753173658949203
COHFACE_s20_session3_natural,27,160,32.333333333333336,0.7485490441322327,0.13945748526741072
COHFACE_s20_session3_natural,27,161,32.36666666666667,1.273823857307434,0.19435596696549984
COHFACE_s20_session3_natural,27,162,32.4,1.5344810485839844,0.2346592497748327
COHFACE_s20_session3_natural,27,163,32.43333333333333,1.6190282106399536,0.25643596098277105
COHFACE_s20_session3_natural,27,164,32.46666666666667,1.5336493253707886,0.2581138595638937
COHFACE_s20_session3_natural,27,165,32.5,1.2586073875427246,0.24143011568512499
COHFACE_s20_session3_natural,27,166,32.53333333333333,0.9131230115890503,0.2118442945349362
COHFACE_s20_session3_natural,27,167,32.56666666666667,0.6471302509307861,0.1774819787823625
COHFACE_s20_session3_natural,27,168,32.6,0.480118989944458,0.14612972393768187
COHFACE_s20_session3_natural,27,169,32.63333333333333,0.3558095097541809,0.1210854070961546
COHFACE_s20_session3_natural,27,170,32.666666666666664,0.21868787705898285,0.09804074571511692
COHFACE_s20_session3_natural,27,171,32.7,0.02910708077251911,0.06542808138959945
COHFACE_s20_session3_natural,27,172,32.733333333333334,-0.19577309489250183,0.009143361154291173
COHFACE_s20_session3_natural,27,173,32.766666666666666,-0.424375057220459,-0.07999933387519315
COHFACE_s20_session3_natural,27,174,32.8,-0.6213747262954712,-0.19973855120265344
COHFACE_s20_session3_natural,27,175,32.833333333333336,-0.7689042091369629,-0.33435479361997833
COHFACE_s20_session3_natural,27,176,32.86666666666667,-0.8832340240478516,-0.45836823595309983
COHFACE_s20_session3_natural,27,177,32.9,-0.9600165486335754,-0.5441715819801536
COHFACE_s20_session3_natural,27,178,32.93333333333333,-1.0202568769454956,-0.5703201452104705
COHFACE_s20_session3_natural,27,179,32.96666666666667,-1.0949150323867798,-0.5275411567786935
COHFACE_s20_session3_natural,27,180,33.0,-1.1386131048202515,-0.42091842894527276
COHFACE_s20_session3_natural,27,181,33.03333333333333,-0.9693374633789062,-0.26806302887456435
COHFACE_s20_session3_natural,27,182,33.06666666666667,-0.3471231758594513,-0.0938760757389473
COHFACE_s20_session3_natural,27,183,33.1,0.4981021583080292,0.07662966492372116
COHFACE_s20_session3_natural,27,184,33.13333333333333,1.149802565574646,0.22478893747992482
COHFACE_s20_session3_natural,27,185,33.166666666666664,1.5093753337860107,0.34123913731690625
COHFACE_s20_session3_natural,27,186,33.2,1.6630804538726807,0.42450272554509905
COHFACE_s20_session3_natural,27,187,33.233333333333334,1.665023684501648,0.4768268877268
COHFACE_s20_session3_natural,27,188,33.266666666666666,1.472108006477356,0.500036062448123
COHFACE_s20_session3_natural,27,189,33.3,1.1406792402267456,0.4935819976881305
COHFACE_s20_session3_natural,27,190,33.333333333333336,0.831260085105896,0.45544024391547655
COHFACE_s20_session3_natural,27,191,33.36666666666667,0.6272203326225281,0.38483981012962376
COHFACE_s20_session3_natural,27,192,33.4,0.48147761821746826,0.284804745253747
COHFACE_s20_session3_natural,27,193,33.43333333333333,0.3082331717014313,0.16273827477768021
COHFACE_s20_session3_natural,27,194,33.46666666666667,0.09600050747394562,0.028745065472096487
COHFACE_s20_session3_natural,27,195,33.5,-0.1292831301689148,-0.1069043632489187
COHFACE_s20_session3_natural,27,196,33.53333333333333,-0.3589637577533722,-0.2350742754581466
COHFACE_s20_session3_natural,27,197,33.56666666666667,-0.5706200003623962,-0.3468657656953752
COHFACE_s20_session3_natural,27,198,33.6,-0.742884635925293,-0.43193174763089326
COHFACE_s20_session3_natural,27,199,33.63333333333333,-0.8656131625175476,-0.4787194619897921
COHFACE_s20_session3_natural,27,200,33.666666666666664,-0.954952597618103,-0.4779428485225725
COHFACE_s20_session3_natural,27,201,33.7,-1.0363215208053589,-0.4276712614382984
COHFACE_s20_session3_natural,27,202,33.733333333333334,-1.1173444986343384,-0.3365111436665216
COHFACE_s20_session3_natural,27,203,33.766666666666666,-1.1760698556900024,-0.2221763769764234
COHFACE_s20_session3_natural,27,204,33.8,-1.1355994939804077,-0.10593772894975245
COHFACE_s20_session3_natural,27,205,33.833333333333336,-0.7158769369125366,-0.006096211743464162
COHFACE_s20_session3_natural,27,206,33.86666666666667,0.11733493953943253,0.0665834197431821
COHFACE_s20_session3_natural,27,207,33.9,0.8913110494613647,0.1104441943650033
COHFACE_s20_session3_natural,27,208,33.93333333333333,1.3667863607406616,0.131858754601105
COHFACE_s20_session3_natural,27,209,33.96666666666667,1.5978667736053467,0.1422613650971372
COHFACE_s20_session3_natural,27,210,34.0,1.6470487117767334,0.15409388852595154
COHFACE_s20_session3_natural,27,211,34.03333333333333,1.5153450965881348,0.17659564060495894
COHFACE_s20_session3_natural,27,212,34.06666666666667,1.2076797485351562,0.21261748964852042
COHFACE_s20_session3_natural,27,213,34.1,0.869597852230072,0.25759133235047543
COHFACE_s20_session3_natural,27,214,34.13333333333333,0.6133294701576233,0.30106779495039837
COHFACE_s20_session3_natural,27,215,34.166666666666664,0.4429834187030792,0.33006182399425144
COHFACE_s20_session3_natural,27,216,34.2,0.292012095451355,0.33253795020321
COHFACE_s20_session3_natural,27,217,34.233333333333334,0.10296651721000671,0.29965400052564833
COHFACE_s20_session3_natural,27,218,34.266666666666666,-0.12423565238714218,0.2269152299129779
COHFACE_s20_session3_natural,27,219,34.3,-0.35066381096839905,0.11559008215912965
COHFACE_s20_session3_natural,27,220,34.333333333333336,-0.5646997690200806,-0.024888694814567233
COHFACE_s20_session3_natural,27,221,34.36666666666667,-0.7454289197921753,-0.1749665709580858
COHFACE_s20_session3_natural,27,222,34.4,-0.8853666186332703,-0.30667837580869073
COHFACE_s20_session3_natural,27,223,34.43333333333333,-0.991865873336792,-0.39112156124131303
COHFACE_s20_session3_natural,27,224,34.46666666666667,-1.080439567565918,-0.40937745629388933
COHFACE_s20_session3_natural,27,225,34.5,-1.1507171392440796,-0.36080447797930126
COHFACE_s20_session3_natural,27,226,34.53333333333333,-1.2162355184555054,-0.2634066090483357
COHFACE_s20_session3_natural,27,227,34.56666666666667,-1.2480107545852661,-0.14580896154155307
COHFACE_s20_session3_natural,27,228,34.6,-1.0603567361831665,-0.03569789171593893
COHFACE_s20_session3_natural,27,229,34.63333333333333,-0.40517324209213257,0.04869795319780638
COHFACE_s20_session3_natural,27,230,34.666666666666664,0.451423317193985,0.10078639886897396
COHFACE_s20_session3_natural,27,231,34.7,1.0658564567565918,0.1228773889501477
COHFACE_s20_session3_natural,27,232,34.733333333333334,1.367807388305664,0.12198282224369164
COHFACE_s20_session3_natural,27,233,34.766666666666666,1.4372369050979614,0.1066329661701134
COHFACE_s20_session3_natural,27,234,34.8,1.3219683170318604,0.0852051759872588
COHFACE_s20_session3_natural,27,235,34.833333333333336,1.0413107872009277,0.06495837658416047
COHFACE_s20_session3_natural,27,236,34.86666666666667,0.7142130732536316,0.051030151162023675
COHFACE_s20_session3_natural,27,237,34.9,0.4919019341468811,0.045446795259592505
COHFACE_s20_session3_natural,27,238,34.93333333333333,0.3676995038986206,0.046704225748137124
COHFACE_s20_session3_natural,27,239,34.96666666666667,0.2529909312725067,0.05036249822075985
COHFACE_s20_session3_natural,28,0,28.0,-0.29688724875450134,0.015469707916886732
COHFACE_s20_session3_natural,28,1,28.033333333333335,-0.5171069502830505,2.521838686834273
COHFACE_s20_session3_natural,28,2,28.066666666666666,-0.7273057699203491,4.643481684044383
COHFACE_s20_session3_natural,28,3,28.1,-0.8877133131027222,6.089549229681341
COHFACE_s20_session3_natural,28,4,28.133333333333333,-0.9813674092292786,6.729943192475738
COHFACE_s20_session3_natural,28,5,28.166666666666668,-1.0063742399215698,6.612269569560315
COHFACE_s20_session3_natural,28,6,28.2,-0.960115373134613,5.9226038326393935
COHFACE_s20_session3_natural,28,7,28.233333333333334,-1.017325520515442,4.911237448818357
COHFACE_s20_session3_natural,28,8,28.266666666666666,-1.2067745923995972,3.8158450808605675
COHFACE_s20_session3_natural,28,9,28.3,-1.3362056016921997,2.8076690833251035
COHFACE_s20_session3_natural,28,10,28.333333333333332,-1.0926671028137207,1.971741224931041
COHFACE_s20_session3_natural,28,11,28.366666666666667,-0.33485445380210876,1.3178476667492343
COHFACE_s20_session3_natural,28,12,28.4,0.4581834673881531,0.8095257037891176
COHFACE_s20_session3_natural,28,13,28.433333333333334,0.962214469909668,0.39596963273061936
COHFACE_s20_session3_natural,28,14,28.466666666666665,1.213295340538025,0.035546747145728835
COHFACE_s20_session3_natural,28,15,28.5,1.290596604347229,-0.293575912611736
COHFACE_s20_session3_natural,28,16,28.533333333333335,1.2168772220611572,-0.5941218973749508
COHFACE_s20_session3_natural,28,17,28.566666666666666,0.9881105422973633,-0.8570294312035732
COHFACE_s20_session3_natural,28,18,28.6,0.719285249710083,-1.0707169254366196
COHFACE_s20_session3_natural,28,19,28.633333333333333,0.5602280497550964,-1.228924725376983
COHFACE_s20_session3_natural,28,20,28.666666666666668,0.45059990882873535,-1.3348122148471888
COHFACE_s20_session3_natural,28,21,28.7,0.325038880109787,-1.4000996127134877
COHFACE_s20_session3_natural,28,22,28.733333333333334,0.1638326197862625,-1.4399351491751837
COHFACE_s20_session3_natural,28,23,28.766666666666666,-0.04783189296722412,-1.4661096268399008
COHFACE_s20_session3_natural,28,24,28.8,-0.26185959577560425,-1.4820016291626055
COHFACE_s20_session3_natural,28,25,28.833333333333332,-0.4716549813747406,-1.48169838912603
COHFACE_s20_session3_natural,28,26,28.866666666666667,-0.6975150108337402,-1.4535177778701902
COHFACE_s20_session3_natural,28,27,28.9,-0.8858112692832947,-1.385932320973514
COHFACE_s20_session3_natural,28,28,28.933333333333334,-1.0275275707244873,-1.2729311201409494
COHFACE_s20_session3_natural,28,29,28.966666666666665,-1.182607650756836,-1.1165406601163137
COHFACE_s20_session3_natural,28,30,29.0,-1.3734071254730225,-0.9260129529159663
COHFACE_s20_session3_natural,28,31,29.033333333333335,-1.5104875564575195,-0.7148421613079351
COHFACE_s20_session3_natural,28,32,29.066666666666666,-1.5594884157180786,-0.4973114362108611
COHFACE_s20_session3_natural,28,33,29.1,-1.527350902557373,-0.2858053696862488
COHFACE_s20_session3_natural,28,34,29.133333333333333,-1.3124009370803833,-0.08933980142650387
COHFACE_s20_session3_natural,28,35,29.166666666666668,-0.8541678190231323,0.08676258973970723
COHFACE_s20_session3_natural,28,36,29.2,-0.24978022277355194,0.24022856020955574
COHFACE_s20_session3_natural,28,37,29.233333333333334,0.27497583627700806,0.37046303507164363
COHFACE_s20_session3_natural,28,38,29.266666666666666,0.5063938498497009,0.4770081586004375
COHFACE_s20_session3_natural,28,39,29.3,0.46262985467910767,0.5586209555492427
COHFACE_s20_session3_natural,28,40,29.333333333333332,0.2570585608482361,0.6134705637940768
COHFACE_s20_session3_natural,28,41,29.366666666666667,-0.04951164126396179,0.6402381034319579
COHFACE_s20_session3_natural,28,42,29.4,-0.30802789330482483,0.6392452836678892
COHFACE_s20_session3_natural,28,43,29.433333333333334,-0.3944936692714691,0.6127561472789397
COHFACE_s20_session3_natural,28,44,29.466666666666665,-0.3753083348274231,0.5644178808881113
COHFACE_s20_session3_natural,28,45,29.5,-0.3987836241722107,0.4986480755158425
COHFACE_s20_session3_natural,28,46,29.533333333333335,-0.49613481760025024,0.42078260755278124
COHFACE_s20_session3_natural,28,47,29.566666666666666,-0.664685845375061,0.3379200073987479
COHFACE_s20_session3_natural,28,48,29.6,-0.878252387046814,0.25930837601030055
COHFACE_s20_session3_natural,28,49,29.633333333333333,-1.0587427616119385,0.19484812968303333
COHFACE_s20_session3_natural,28,50,29.666666666666668,-1.1551223993301392,0.15138656125182023
COHFACE_s20_session3_natural,28,51,29.7,-1.1898947954177856,0.12838183644873552
COHFACE_s20_session3_natural,28,52,29.733333333333334,-1.19794762134552,0.11587513769025487
COHFACE_s20_session3_natural,28,53,29.766666666666666,-1.1794952154159546,0.09712105240046909
COHFACE_s20_session3_natural,28,54,29.8,-1.174480676651001,0.05554249038081906
COHFACE_s20_session3_natural,28,55,29.833333333333332,-1.1789188385009766,-0.017106784720208976
COHFACE_s20_session3_natural,28,56,29.866666666666667,-1.1731384992599487,-0.11529990743449348
COHFACE_s20_session3_natural,28,57,29.9,-0.9534210562705994,-0.21973185762687447
COHFACE_s20_session3_natural,28,58,29.933333333333334,-0.14159303903579712,-0.3032334993170807
COHFACE_s20_session3_natural,28,59,29.966666666666665,0.8537967205047607,-0.34057047472279656
COHFACE_s20_session3_natural,28,60,30.0,1.459682822227478,-0.3181072397010955
COHFACE_s20_session3_natural,28,61,30.033333333333335,1.785117268562317,-0.23906058023184837
COHFACE_s20_session3_natural,28,62,30.066666666666666,1.9626022577285767,-0.12207681581922673
COHFACE_s20_session3_natural,28,63,30.1,1.9671145677566528,0.005879863648580656
COHFACE_s20_session3_natural,28,64,30.133333333333333,1.7513823509216309,0.11866577936905412
COHFACE_s20_session3_natural,28,65,30.166666666666668,1.4018386602401733,0.19794189604589515
COHFACE_s20_session3_natural,28,66,30.2,1.0971788167953491,0.23574181311287648
COHFACE_s20_session3_natural,28,67,30.233333333333334,0.8966220021247864,0.23310197535587504
COHFACE_s20_session3_natural,28,68,30.266666666666666,0.733423113822937,0.19686565257956645
COHFACE_s20_session3_natural,28,69,30.3,0.5512611865997314,0.13671491265235847
COHFACE_s20_session3_natural,28,70,30.333333333333332,0.3279537260532379,0.06329880231729804
COHFACE_s20_session3_natural,28,71,30.366666666666667,0.07745742797851562,-0.012905076837254146
COHFACE_s20_session3_natural,28,72,30.4,-0.17448806762695312,-0.08275779324384827
COHFACE_s20_session3_natural,28,73,30.433333333333334,-0.4172773063182831,-0.13992555358447725
COHFACE_s20_session3_natural,28,74,30.466666666666665,-0.6031033396720886,-0.18208559196423268
COHFACE_s20_session3_natural,28,75,30.5,-0.738561749458313,-0.21087271515950434
COHFACE_s20_session3_natural,28,76,30.533333333333335,-0.8500096201896667,-0.22999960787099727
COHFACE_s20_session3_natural,28,77,30.566666666666666,-0.9296905398368835,-0.24217769202514589
COHFACE_s20_session3_natural,28,78,30.6,-1.022735357284546,-0.24665931259618387
COHFACE_s20_session3_natural,28,79,30.633333333333333,-1.0930458307266235,-0.23920309445979251
COHFACE_s20_session3_natural,28,80,30.666666666666668,-1.0845153331756592,-0.21463173542194477
COHFACE_s20_session3_natural,28,81,30.7,-0.7644001841545105,-0.1702838594734858
COHFACE_s20_session3_natural,28,82,30.733333333333334,0.05764630064368248,-0.10816993189927471
COHFACE_s20_session3_natural,28,83,30.766666666666666,0.882319450378418,-0.03472508618780709
COHFACE_s20_session3_natural,28,84,30.8,1.3462011814117432,0.041246111193332484
COHFACE_s20_session3_natural,28,85,30.833333333333332,1.5341598987579346,0.11092686387849633
COHFACE_s20_session3_natural,28,86,30.866666666666667,1.5514596700668335,0.1671871276214772
COHFACE_s20_session3_natural,28,87,30.9,1.3994836807250977,0.20569900794965146
COHFACE_s20_session3_natural,28,88,30.933333333333334,1.1118435859680176,0.22583549241305467
COHFACE_s20_session3_natural,28,89,30.966666666666665,0.8265995979309082,0.2312293748363025
COHFACE_s20_session3_natural,28,90,31.0,0.6305550932884216,0.2292986833034799
COHFACE_s20_session3_natural,28,91,31.033333333333335,0.5100168585777283,0.22907622587631274
COHFACE_s20_session3_natural,28,92,31.066666666666666,0.39032667875289917,0.23753627280466771
COHFACE_s20_session3_natural,28,93,31.1,0.22744067013263702,0.2557914295964232
COHFACE_s20_session3_natural,28,94,31.133333333333333,0.03068801760673523,0.2771511253247429
COHFACE_s20_session3_natural,28,95,31.166666666666668,-0.1903797835111618,0.2883247062667608
COHFACE_s20_session3_natural,28,96,31.2,-0.4079728126525879,0.27323029352333617
COHFACE_s20_session3_natural,28,97,31.233333333333334,-0.5958079695701599,0.21761199877442453
COHFACE_s20_session3_natural,28,98,31.266666666666666,-0.7261118292808533,0.11316491343559551
COHFACE_s20_session3_natural,28,99,31.3,-0.824228823184967,-0.038924860220143145
COHFACE_s20_session3_natural,28,100,31.333333333333332,-0.9054247736930847,-0.22491921718836597
COHFACE_s20_session3_natural,28,101,31.366666666666667,-0.9667519927024841,-0.4172080701273075
COHFACE_s20_session3_natural,28,102,31.4,-1.0246373414993286,-0.577658442472891
COHFACE_s20_session3_natural,28,103,31.433333333333334,-1.0572441816329956,-0.6675748072087047
COHFACE_s20_session3_natural,28,104,31.466666666666665,-0.9939326047897339,-0.66160779911295
COHFACE_s20_session3_natural,28,105,31.5,-0.5542836785316467,-0.5586393257162993
COHFACE_s20_session3_natural,28,106,31.533333333333335,0.2735596001148224,-0.3830602837720581
COHFACE_s20_session3_natural,28,107,31.566666666666666,0.9706214070320129,-0.17513191897813893
COHFACE_s20_session3_natural,28,108,31.6,1.347658634185791,0.02418894590961894
COHFACE_s20_session3_natural,28,109,31.633333333333333,1.5071933269500732,0.18565369883246433
COHFACE_s20_session3_natural,28,110,31.666666666666668,1.5004825592041016,0.2962967394859404
COHFACE_s20_session3_natural,28,111,31.7,1.3195970058441162,0.3567837877141299
COHFACE_s20_session3_natural,28,112,31.733333333333334,1.0241920948028564,0.37529489947734507
COHFACE_s20_session3_natural,28,113,31.766666666666666,0.7610977292060852,0.36166408215775064
COHFACE_s20_session3_natural,28,114,31.8,0.5963179469108582,0.3239284688244558
COHFACE_s20_session3_natural,28,115,31.833333333333332,0.4799131453037262,0.2676143355800974
COHFACE_s20_session3_natural,28,116,31.866666666666667,0.3553401827812195,0.1967781855022087
COHFACE_s20_session3_natural,28,117,31.9,0.184533029794693,0.11549998892351314
COHFACE_s20_session3_natural,28,118,31.933333333333334,-0.02788902074098587,0.029045844623984286
COHFACE_s20_session3_natural,28,119,31.966666666666665,-0.2462725192308426,-0.05557969528834105
COHFACE_s20_session3_natural,28,120,32.0,-0.45905688405036926,-0.13001440931415809
COHFACE_s20_session3_natural,28,121,32.03333333333333,-0.632087230682373,-0.18609778295401316
COHFACE_s20_session3_natural,28,122,32.06666666666667,-0.7438150644302368,-0.21808020395783234
COHFACE_s20_session3_natural,28,123,32.1,-0.822227954864502,-0.22424589911570905
COHFACE_s20_session3_natural,28,124,32.13333333333333,-0.8994386196136475,-0.2069830692314715
COHFACE_s20_session3_natural,28,125,32.166666666666664,-0.9778432846069336,-0.1713554481657325
COHFACE_s20_session3_natural,28,126,32.2,-1.0327644348144531,-0.12316398709654075
COHFACE_s20_session3_natural,28,127,32.233333333333334,-1.0442014932632446,-0.06765220992430342
COHFACE_s20_session3_natural,28,128,32.266666666666666,-0.781247079372406,-0.009300112226224346
COHFACE_s20_session3_natural,28,129,32.3,-0.05186657980084419,0.047753235777382
COHFACE_s20_session3_natural,28,130,32.333333333333336,0.7485490441322327,0.0994509710017499
COHFACE_s20_session3_natural,28,131,32.36666666666667,1.273823857307434,0.14213484444956406
COHFACE_s20_session3_natural,28,132,32.4,1.5344810485839844,0.1731769811057556
COHFACE_s20_session3_natural,28,133,32.43333333333333,1.6190282106399536,0.19141482051876027
COHFACE_s20_session3_natural,28,134,32.46666666666667,1.5336493253707886,0.19729696382184703
COHFACE_s20_session3_natural,28,135,32.5,1.2586073875427246,0.19299708391268713
COHFACE_s20_session3_natural,28,136,32.53333333333333,0.9131230115890503,0.1824036757932447
COHFACE_s20_session3_natural,28,137,32.56666666666667,0.6471302509307861,0.17038837578213784
COHFACE_s20_session3_natural,28,138,32.6,0.480118989944458,0.16090069915569244
COHFACE_s20_session3_natural,28,139,32.63333333333333,0.3558095097541809,0.154268665291631
COHFACE_s20_session3_natural,28,140,32.666666666666664,0.21868787705898285,0.14506301838965333
COHFACE_s20_session3_natural,28,141,32.7,0.02910708077251911,0.12231780812582127
COHFACE_s20_session3_natural,28,142,32.733333333333334,-0.19577309489250183,0.07323258288278604
COHFACE_s20_session3_natural,28,143,32.766666666666666,-0.424375057220459,-0.01044420202617952
COHFACE_s20_session3_natural,28,144,32.8,-0.6213747262954712,-0.12645709811672012
COHFACE_s20_session3_natural,28,145,32.833333333333336,-0.7689042091369629,-0.26017731886225726
COHFACE_s20_session3_natural,28,146,32.86666666666667,-0.8832340240478516,-0.38820999714741916
COHFACE_s20_session3_natural,28,147,32.9,-0.9600165486335754,-0.4855853578192397
COHFACE_s20_session3_natural,28,148,32.93333333333333,-1.0202568769454956,-0.5329753808783932
COHFACE_s20_session3_natural,28,149,32.96666666666667,-1.0949150323867798,-0.521130075924618
COHFACE_s20_session3_natural,28,150,33.0,-1.1386131048202515,-0.45191977679825523
COHFACE_s20_session3_natural,28,151,33.03333333333333,-0.9693374633789062,-0.33687949957754704
COHFACE_s20_session3_natural,28,152,33.06666666666667,-0.3471231758594513,-0.19391092922048836
COHFACE_s20_session3_natural,28,153,33.1,0.4981021583080292,-0.042497575237497955
COHFACE_s20_session3_natural,28,154,33.13333333333333,1.149802565574646,0.10113005109738456
COHFACE_s20_session3_natural,28,155,33.166666666666664,1.5093753337860107,0.22665471326313608
COHFACE_s20_session3_natural,28,156,33.2,1.6630804538726807,0.3292070356066377
COHFACE_s20_session3_natural,28,157,33.233333333333334,1.665023684501648,0.4069076176587669
COHFACE_s20_session3_natural,28,158,33.266666666666666,1.472108006477356,0.4584137228611587
COHFACE_s20_session3_natural,28,159,33.3,1.1406792402267456,0.4818597477407019
COHFACE_s20_session3_natural,28,160,33.333333333333336,0.831260085105896,0.47535700719484136
COHFACE_s20_session3_natural,28,161,33.36666666666667,0.6272203326225281,0.438241866933198
COHFACE_s20_session3_natural,28,162,33.4,0.48147761821746826,0.3720218503509781
COHFACE_s20_session3_natural,28,163,33.43333333333333,0.3082331717014313,0.2803770005556893
COHFACE_s20_session3_natural,28,164,33.46666666666667,0.09600050747394562,0.16828263692618928
COHFACE_s20_session3_natural,28,165,33.5,-0.1292831301689148,0.04111637752370658
COHFACE_s20_session3_natural,28,166,33.53333333333333,-0.3589637577533722,-0.09496750181060468
COHFACE_s20_session3_natural,28,167,33.56666666666667,-0.5706200003623962,-0.23104434541061766
COHFACE_s20_session3_natural,28,168,33.6,-0.742884635925293,-0.353608361715719
COHFACE_s20_session3_natural,28,169,33.63333333333333,-0.8656131625175476,-0.44572085111610915
COHFACE_s20_session3_natural,28,170,33.666666666666664,-0.954952597618103,-0.49195505381167615
COHFACE_s20_session3_natural,28,171,33.7,-1.0363215208053589,-0.48478766494452086
COHFACE_s20_session3_natural,28,172,33.733333333333334,-1.1173444986343384,-0.4284923262152528
COHFACE_s20_session3_natural,28,173,33.766666666666666,-1.1760698556900024,-0.3379014160385069
COHFACE_s20_session3_natural,28,174,33.8,-1.1355994939804077,-0.23276630300030896
COHFACE_s20_session3_natural,28,175,33.833333333333336,-0.7158769369125366,-0.13103803048571142
COHFACE_s20_session3_natural,28,176,33.86666666666667,0.11733493953943253,-0.044152177500841466
COHFACE_s20_session3_natural,28,177,33.9,0.8913110494613647,0.024542367237713778
COHFACE_s20_session3_natural,28,178,33.93333333333333,1.3667863607406616,0.07861717160052165
COHFACE_s20_session3_natural,28,179,33.96666666666667,1.5978667736053467,0.1256639162177671
COHFACE_s20_session3_natural,28,180,34.0,1.6470487117767334,0.17372797056232467
COHFACE_s20_session3_natural,28,181,34.03333333333333,1.5153450965881348,0.22806411929519288
COHFACE_s20_session3_natural,28,182,34.06666666666667,1.2076797485351562,0.28909418498770656
COHFACE_s20_session3_natural,28,183,34.1,0.869597852230072,0.3520746565126514
COHFACE_s20_session3_natural,28,184,34.13333333333333,0.6133294701576233,0.40824645788367936
COHFACE_s20_session3_natural,28,185,34.166666666666664,0.4429834187030792,0.4466154261717005
COHFACE_s20_session3_natural,28,186,34.2,0.292012095451355,0.4555499529198196
COHFACE_s20_session3_natural,28,187,34.233333333333334,0.10296651721000671,0.4241466336104735
COHFACE_s20_session3_natural,28,188,34.266666666666666,-0.12423565238714218,0.34423716987137437
COHFACE_s20_session3_natural,28,189,34.3,-0.35066381096839905,0.21389544474118716
COHFACE_s20_session3_natural,28,190,34.333333333333336,-0.5646997690200806,0.04182311539526929
COHFACE_s20_session3_natural,28,191,34.36666666666667,-0.7454289197921753,-0.150027614849609
COHFACE_s20_session3_natural,28,192,34.4,-0.8853666186332703,-0.3290174822593167
COHFACE_s20_session3_natural,28,193,34.43333333333333,-0.991865873336792,-0.46091694462026644
COHFACE_s20_session3_natural,28,194,34.46666666666667,-1.080439567565918,-0.5223614596228544
COHFACE_s20_session3_natural,28,195,34.5,-1.1507171392440796,-0.5100796346295147
COHFACE_s20_session3_natural,28,196,34.53333333333333,-1.2162355184555054,-0.44131001181979895
COHFACE_s20_session3_natural,28,197,34.56666666666667,-1.2480107545852661,-0.3448881730945036
COHFACE_s20_session3_natural,28,198,34.6,-1.0603567361831665,-0.24831128352940868
COHFACE_s20_session3_natural,28,199,34.63333333333333,-0.40517324209213257,-0.16822431931342796
COHFACE_s20_session3_natural,28,200,34.666666666666664,0.451423317193985,-0.10838160320260122
COHFACE_s20_session3_natural,28,201,34.7,1.0658564567565918,-0.0637609107329766
COHFACE_s20_session3_natural,28,202,34.733333333333334,1.367807388305664,-0.02667751403381447
COHFACE_s20_session3_natural,28,203,34.766666666666666,1.4372369050979614,0.008707510004089317
COHFACE_s20_session3_natural,28,204,34.8,1.3219683170318604,0.04480818283765553
COHFACE_s20_session3_natural,28,205,34.833333333333336,1.0413107872009277,0.08120943792803671
COHFACE_s20_session3_natural,28,206,34.86666666666667,0.7142130732536316,0.1160038628247712
COHFACE_s20_session3_natural,28,207,34.9,0.4919019341468811,0.1469383369514708
COHFACE_s20_session3_natural,28,208,34.93333333333333,0.3676995038986206,0.17218731656288533
COHFACE_s20_session3_natural,28,209,34.96666666666667,0.2529909312725067,0.19084379287008224
COHFACE_s20_session3_natural,28,210,35.0,0.10662243515253067,0.2029572407400955
COHFACE_s20_session3_natural,28,211,35.03333333333333,-0.07162006944417953,0.20888038855198485
COHFACE_s20_session3_natural,28,212,35.06666666666667,-0.2818353772163391,0.20828216310662437
COHFACE_s20_session3_natural,28,213,35.1,-0.5060156583786011,0.19971371680246622
COHFACE_s20_session3_natural,28,214,35.13333333333333,-0.6993511915206909,0.18127134857473465
COHFACE_s20_session3_natural,28,215,35.166666666666664,-0.8328416347503662,0.15196960246974847
COHFACE_s20_session3_natural,28,216,35.2,-0.917751133441925,0.11275735827487465
COHFACE_s20_session3_natural,28,217,35.233333333333334,-0.9764928817749023,0.06629959138002038
COHFACE_s20_session3_natural,28,218,35.266666666666666,-1.0351521968841553,0.01567606577105945
COHFACE_s20_session3_natural,28,219,35.3,-1.1044994592666626,-0.036851611128607055
COHFACE_s20_session3_natural,28,220,35.333333333333336,-1.1512523889541626,-0.08979379587108245
COHFACE_s20_session3_natural,28,221,35.36666666666667,-1.111901879310608,-0.14091799284516632
COHFACE_s20_session3_natural,28,222,35.4,-0.6818456053733826,-0.18549599604753805
COHFACE_s20_session3_natural,28,223,35.43333333333333,0.14871490001678467,-0.2161285403386562
COHFACE_s20_session3_natural,28,224,35.46666666666667,0.8968195915222168,-0.22498882206253415
COHFACE_s20_session3_natural,28,225,35.5,1.3334548473358154,-0.20746176588242277
COHFACE_s20_session3_natural,28,226,35.53333333333333,1.5288406610488892,-0.1648309619293067
COHFACE_s20_session3_natural,28,227,35.56666666666667,1.5511467456817627,-0.1041304085088513
COHFACE_s20_session3_natural,28,228,35.6,1.3722620010375977,-0.03544944718793232
COHFACE_s20_session3_natural,28,229,35.63333333333333,1.0648930072784424,0.031205646562633787
COHFACE_s20_session3_natural,28,230,35.666666666666664,0.7724277973175049,0.087688896449596
COHFACE_s20_session3_natural,28,231,35.7,0.5807555913925171,0.12803344361887808
COHFACE_s20_session3_natural,28,232,35.733333333333334,0.45747536420822144,0.14851879314833577
COHFACE_s20_session3_natural,28,233,35.766666666666666,0.3180069923400879,0.148467089846953
COHFACE_s20_session3_natural,28,234,35.8,0.13826589286327362,0.13125181676469694
COHFACE_s20_session3_natural,28,235,35.833333333333336,-0.08280190825462341,0.10400969635651504
COHFACE_s20_session3_natural,28,236,35.86666666666667,-0.30396851897239685,0.07535528880582854
COHFACE_s20_session3_natural,28,237,35.9,-0.5083870887756348,0.05203017819176379
COHFACE_s20_session3_natural,28,238,35.93333333333333,-0.6882846355438232,0.03624951714010544
COHFACE_s20_session3_natural,28,239,35.96666666666667,-0.8133351802825928,0.025147660286176692
COHFACE_s20_session3_natural,29,0,29.0,-1.3734071254730225,0.024439944507876406
COHFACE_s20_session3_natural,29,1,29.033333333333335,-1.5104875564575195,2.5760470317683555
COHFACE_s20_session3_natural,29,2,29.066666666666666,-1.5594884157180786,4.743858104317488
COHFACE_s20_session3_natural,29,3,29.1,-1.527350902557373,6.2371494420868565
COHFACE_s20_session3_natural,29,4,29.133333333333333,-1.3124009370803833,6.924285459218285
COHFACE_s20_session3_natural,29,5,29.166666666666668,-0.8541678190231323,6.849660208645927
COHFACE_s20_session3_natural,29,6,29.2,-0.24978022277355194,6.1952435223481
COHFACE_s20_session3_natural,29,7,29.233333333333334,0.27497583627700806,5.207872101946866
COHFACE_s20_session3_natural,29,8,29.266666666666666,0.5063938498497009,4.12409780259088
COHFACE_s20_session3_natural,29,9,29.3,0.46262985467910767,3.1170965618025765
COHFACE_s20_session3_natural,29,10,29.333333333333332,0.2570585608482361,2.275859027470195
COHFACE_s20_session3_natural,29,11,29.366666666666667,-0.04951164126396179,1.6135991797164957
COHFACE_s20_session3_natural,29,12,29.4,-0.30802789330482483,1.0940501811176506
COHFACE_s20_session3_natural,29,13,29.433333333333334,-0.3944936692714691,0.6622724475308144
COHFACE_s20_session3_natural,29,14,29.466666666666665,-0.3753083348274231,0.26957792545582016
COHFACE_s20_session3_natural,29,15,29.5,-0.3987836241722107,-0.11243060732121146
COHFACE_s20_session3_natural,29,16,29.533333333333335,-0.49613481760025024,-0.4886397606091745
COHFACE_s20_session3_natural,29,17,29.566666666666666,-0.664685845375061,-0.8450576012801752
COHFACE_s20_session3_natural,29,18,29.6,-0.878252387046814,-1.1578431970701861
COHFACE_s20_session3_natural,29,19,29.633333333333333,-1.0587427616119385,-1.4038188229638042
COHFACE_s20_session3_natural,29,20,29.666666666666668,-1.1551223993301392,-1.5697462827267556
COHFACE_s20_session3_natural,29,21,29.7,-1.1898947954177856,-1.6576820630738436
COHFACE_s20_session3_natural,29,22,29.733333333333334,-1.19794762134552,-1.6844827550550765
COHFACE_s20_session3_natural,29,23,29.766666666666666,-1.1794952154159546,-1.675390335073614
COHFACE_s20_session3_natural,29,24,29.8,-1.174480676651001,-1.6540967484870188
COHFACE_s20_session3_natural,29,25,29.833333333333332,-1.1789188385009766,-1.6333886900111976
COHFACE_s20_session3_natural,29,26,29.866666666666667,-1.1731384992599487,-1.6102907881066366
COHFACE_s20_session3_natural,29,27,29.9,-0.9534210562705994,-1.5678120104879407
COHFACE_s20_session3_natural,29,28,29.933333333333334,-0.14159303903579712,-1.482839414442965
COHFACE_s20_session3_natural,29,29,29.966666666666665,0.8537967205047607,-1.337042199235865
COHFACE_s20_session3_natural,29,30,30.0,1.459682822227478,-1.1258043288575754
COHFACE_s20_session3_natural,29,31,30.033333333333335,1.785117268562317,-0.8609045939318221
COHFACE_s20_session3_natural,29,32,30.066666666666666,1.9626022577285767,-0.5662577284277244
COHFACE_s20_session3_natural,29,33,30.1,1.9671145677566528,-0.26983112967825834
COHFACE_s20_session3_natural,29,34,30.133333333333333,1.7513823509216309,0.003948603486860276
COHFACE_s20_session3_natural,29,35,30.166666666666668,1.4018386602401733,0.2383579442033908
COHFACE_s20_session3_natural,29,36,30.2,1.0971788167953491,0.42452334832806377
COHFACE_s20_session3_natural,29,37,30.233333333333334,0.8966220021247864,0.5589809736652072
COHFACE_s20_session3_natural,29,38,30.266666666666666,0.733423113822937,0.6409609731860545
COHFACE_s20_session3_natural,29,39,30.3,0.5512611865997314,0.6712534807454134
COHFACE_s20_session3_natural,29,40,30.333333333333332,0.3279537260532379,0.6531053877906342
COHFACE_s20_session3_natural,29,41,30.366666666666667,0.07745742797851562,0.5940675890768078
COHFACE_s20_session3_natural,29,42,30.4,-0.17448806762695312,0.5069284966638014
COHFACE_s20_session3_natural,29,43,30.433333333333334,-0.4172773063182831,0.4083170452195624
COHFACE_s20_session3_natural,29,44,30.466666666666665,-0.6031033396720886,0.3150487771500303
COHFACE_s20_session3_natural,29,45,30.5,-0.738561749458313,0.23988884378930495
COHFACE_s20_session3_natural,29,46,30.533333333333335,-0.8500096201896667,0.18900593922453604
COHFACE_s20_session3_natural,29,47,30.566666666666666,-0.9296905398368835,0.16235566892023817
COHFACE_s20_session3_natural,29,48,30.6,-1.022735357284546,0.15610868640966924
COHFACE_s20_session3_natural,29,49,30.633333333333333,-1.0930458307266235,0.1650209768618696
COHFACE_s20_session3_natural,29,50,30.666666666666668,-1.0845153331756592,0.1835641625037678
COHFACE_s20_session3_natural,29,51,30.7,-0.7644001841545105,0.20626735267030982
COHFACE_s20_session3_natural,29,52,30.733333333333334,0.05764630064368248,0.22817546779731196
COHFACE_s20_session3_natural,29,53,30.766666666666666,0.882319450378418,0.24560014403541644
COHFACE_s20_session3_natural,29,54,30.8,1.3462011814117432,0.2565196624654718
COHFACE_s20_session3_natural,29,55,30.833333333333332,1.5341598987579346,0.26000643256023503
COHFACE_s20_session3_natural,29,56,30.866666666666667,1.5514596700668335,0.2550282773523809
COHFACE_s20_session3_natural,29,57,30.9,1.3994836807250977,0.23983785849162184
COHFACE_s20_session3_natural,29,58,30.933333333333334,1.1118435859680176,0.21290402250362883
COHFACE_s20_session3_natural,29,59,30.966666666666665,0.8265995979309082,0.17510532092459727
COHFACE_s20_session3_natural,29,60,31.0,0.6305550932884216,0.13162983159360422
COHFACE_s20_session3_natural,29,61,31.033333333333335,0.5100168585777283,0.09169565209882878
COHFACE_s20_session3_natural,29,62,31.066666666666666,0.39032667875289917,0.06527186858381893
COHFACE_s20_session3_natural,29,63,31.1,0.22744067013263702,0.05793230078768151
COHFACE_s20_session3_natural,29,64,31.133333333333333,0.03068801760673523,0.06658554427448295
COHFACE_s20_session3_natural,29,65,31.166666666666668,-0.1903797835111618,0.07867015714030301
COHFACE_s20_session3_natural,29,66,31.2,-0.4079728126525879,0.07529884256979119
COHFACE_s20_session3_natural,29,67,31.233333333333334,-0.5958079695701599,0.03680969507827339
COHFACE_s20_session3_natural,29,68,31.266666666666666,-0.7261118292808533,-0.05102272961813981
COHFACE_s20_session3_natural,29,69,31.3,-0.824228823184967,-0.19115138147862115
COHFACE_s20_session3_natural,29,70,31.333333333333332,-0.9054247736930847,-0.3708337620691321
COHFACE_s20_session3_natural,29,71,31.366666666666667,-0.9667519927024841,-0.5605452769540323
COHFACE_s20_session3_natural,29,72,31.4,-1.0246373414993286,-0.7187059259611129
COHFACE_s20_session3_natural,29,73,31.433333333333334,-1.0572441816329956,-0.8030597483506934
COHFACE_s20_session3_natural,29,74,31.466666666666665,-0.9939326047897339,-0.7854663189088832
COHFACE_s20_session3_natural,29,75,31.5,-0.5542836785316467,-0.6633377582742667
COHFACE_s20_session3_natural,29,76,31.533333333333335,0.2735596001148224,-0.4613439259488169
COHFACE_s20_session3_natural,29,77,31.566666666666666,0.9706214070320129,-0.22188672621207894
COHFACE_s20_session3_natural,29,78,31.6,1.347658634185791,0.010489329969668181
COHFACE_s20_session3_natural,29,79,31.633333333333333,1.5071933269500732,0.2023498899160744
COHFACE_s20_session3_natural,29,80,31.666666666666668,1.5004825592041016,0.33691350275149323
COHFACE_s20_session3_natural,29,81,31.7,1.3195970058441162,0.4122099920701377
COHFACE_s20_session3_natural,29,82,31.733333333333334,1.0241920948028564,0.4355394672569816
COHFACE_s20_session3_natural,29,83,31.766666666666666,0.7610977292060852,0.41794753201551876
COHFACE_s20_session3_natural,29,84,31.8,0.5963179469108582,0.3706890295527461
COHFACE_s20_session3_natural,29,85,31.833333333333332,0.4799131453037262,0.303766632499877
COHFACE_s20_session3_natural,29,86,31.866666666666667,0.3553401827812195,0.22565385591037473
COHFACE_s20_session3_natural,29,87,31.9,0.184533029794693,0.14339412280534042
COHFACE_s20_session3_natural,29,88,31.933333333333334,-0.02788902074098587,0.06285106157427961
COHFACE_s20_session3_natural,29,89,31.966666666666665,-0.2462725192308426,-0.010835598089391954
COHFACE_s20_session3_natural,29,90,32.0,-0.45905688405036926,-0.07286878045904584
COHFACE_s20_session3_natural,29,91,32.03333333333333,-0.632087230682373,-0.1190164243312332
COHFACE_s20_session3_natural,29,92,32.06666666666667,-0.7438150644302368,-0.14649546518777842
COHFACE_s20_session3_natural,29,93,32.1,-0.822227954864502,-0.1548672685878093
COHFACE_s20_session3_natural,29,94,32.13333333333333,-0.8994386196136475,-0.14614147100357097
COHFACE_s20_session3_natural,29,95,32.166666666666664,-0.9778432846069336,-0.12384470614287456
COHFACE_s20_session3_natural,29,96,32.2,-1.0327644348144531,-0.09164458405415662
COHFACE_s20_session3_natural,29,97,32.233333333333334,-1.0442014932632446,-0.05247333914823939
COHFACE_s20_session3_natural,29,98,32.266666666666666,-0.781247079372406,-0.008597974705016737
COHFACE_s20_session3_natural,29,99,32.3,-0.05186657980084419,0.037706811008572975
COHFACE_s20_session3_natural,29,100,32.333333333333336,0.7485490441322327,0.08356443925411704
COHFACE_s20_session3_natural,29,101,32.36666666666667,1.273823857307434,0.12542519846398295
COHFACE_s20_session3_natural,29,102,32.4,1.5344810485839844,0.1594963263994307
COHFACE_s20_session3_natural,29,103,32.43333333333333,1.6190282106399536,0.18243268668599086
COHFACE_s20_session3_natural,29,104,32.46666666666667,1.5336493253707886,0.1922167650207104
COHFACE_s20_session3_natural,29,105,32.5,1.2586073875427246,0.18921302080833477
COHFACE_s20_session3_natural,29,106,32.53333333333333,0.9131230115890503,0.17694664693379986
COHFACE_s20_session3_natural,29,107,32.56666666666667,0.6471302509307861,0.1616890649098512
COHFACE_s20_session3_natural,29,108,32.6,0.480118989944458,0.15013182388390364
COHFACE_s20_session3_natural,29,109,32.63333333333333,0.3558095097541809,0.1455161554048884
COHFACE_s20_session3_natural,29,110,32.666666666666664,0.21868787705898285,0.14404932784962945
COHFACE_s20_session3_natural,29,111,32.7,0.02910708077251911,0.13409088214213077
COHFACE_s20_session3_natural,29,112,32.733333333333334,-0.19577309489250183,0.09957482896897048
COHFACE_s20_session3_natural,29,113,32.766666666666666,-0.424375057220459,0.026855348731867637
COHFACE_s20_session3_natural,29,114,32.8,-0.6213747262954712,-0.08803523452384103
COHFACE_s20_session3_natural,29,115,32.833333333333336,-0.7689042091369629,-0.2352606546946373
COHFACE_s20_session3_natural,29,116,32.86666666666667,-0.8832340240478516,-0.3920693981213009
COHFACE_s20_session3_natural,29,117,32.9,-0.9600165486335754,-0.5281756548882951
COHFACE_s20_session3_natural,29,118,32.93333333333333,-1.0202568769454956,-0.6136578733987409
COHFACE_s20_session3_natural,29,119,32.96666666666667,-1.0949150323867798,-0.6270522346392919
COHFACE_s20_session3_natural,29,120,33.0,-1.1386131048202515,-0.5614595948835367
COHFACE_s20_session3_natural,29,121,33.03333333333333,-0.9693374633789062,-0.42679052194141065
COHFACE_s20_session3_natural,29,122,33.06666666666667,-0.3471231758594513,-0.24694100798973698
COHFACE_s20_session3_natural,29,123,33.1,0.4981021583080292,-0.052365771960675135
COHFACE_s20_session3_natural,29,124,33.13333333333333,1.149802565574646,0.1290287094920147
COHFACE_s20_session3_natural,29,125,33.166666666666664,1.5093753337860107,0.2785743126851357
COHFACE_s20_session3_natural,29,126,33.2,1.6630804538726807,0.38859367301226955
COHFACE_s20_session3_natural,29,127,33.233333333333334,1.665023684501648,0.45964356613288304
COHFACE_s20_session3_natural,29,128,33.266666666666666,1.472108006477356,0.49574101534310805
COHFACE_s20_session3_natural,29,129,33.3,1.1406792402267456,0.5003798780562566
COHFACE_s20_session3_natural,29,130,33.333333333333336,0.831260085105896,0.4750400370360159
COHFACE_s20_session3_natural,29,131,33.36666666666667,0.6272203326225281,0.420224643699851
COHFACE_s20_session3_natural,29,132,33.4,0.48147761821746826,0.33774300811210534
COHFACE_s20_session3_natural,29,133,33.43333333333333,0.3082331717014313,0.23250079606726656
COHFACE_s20_session3_natural,29,134,33.46666666666667,0.09600050747394562,0.1125800093382934
COHFACE_s20_session3_natural,29,135,33.5,-0.1292831301689148,-0.012279407946445584
COHFACE_s20_session3_natural,29,136,33.53333333333333,-0.3589637577533722,-0.13231401872416604
COHFACE_s20_session3_natural,29,137,33.56666666666667,-0.5706200003623962,-0.23804741226585713
COHFACE_s20_session3_natural,29,138,33.6,-0.742884635925293,-0.3196597204428577
COHFACE_s20_session3_natural,29,139,33.63333333333333,-0.8656131625175476,-0.3673349675200972
COHFACE_s20_session3_natural,29,140,33.666666666666664,-0.954952597618103,-0.3738170412215044
COHFACE_s20_session3_natural,29,141,33.7,-1.0363215208053589,-0.3382145079979795
COHFACE_s20_session3_natural,29,142,33.733333333333334,-1.1173444986343384,-0.26844872519432184
COHFACE_s20_session3_natural,29,143,33.766666666666666,-1.1760698556900024,-0.18013637085637305
COHFACE_s20_session3_natural,29,144,33.8,-1.1355994939804077,-0.09203323462377132
COHFACE_s20_session3_natural,29,145,33.833333333333336,-0.7158769369125366,-0.020311550804724503
COHFACE_s20_session3_natural,29,146,33.86666666666667,0.11733493953943253,0.02591737082838691
COHFACE_s20_session3_natural,29,147,33.9,0.8913110494613647,0.04659801884317354
COHFACE_s20_session3_natural,29,148,33.93333333333333,1.3667863607406616,0.05001267487368411
COHFACE_s20_session3_natural,29,149,33.96666666666667,1.5978667736053467,0.04967693419703763
COHFACE_s20_session3_natural,29,150,34.0,1.6470487117767334,0.05963990731452897
COHFACE_s20_session3_natural,29,151,34.03333333333333,1.5153450965881348,0.08949753402894388
COHFACE_s20_session3_natural,29,152,34.06666666666667,1.2076797485351562,0.1408008741091786
COHFACE_s20_session3_natural,29,153,34.1,0.869597852230072,0.2062855249912155
COHFACE_s20_session3_natural,29,154,34.13333333333333,0.6133294701576233,0.27222419192561853
COHFACE_s20_session3_natural,29,155,34.166666666666664,0.4429834187030792,0.32269652388053494
COHFACE_s20_session3_natural,29,156,34.2,0.292012095451355,0.3436185319293865
COHFACE_s20_session3_natural,29,157,34.233333333333334,0.10296651721000671,0.3249046011258576
COHFACE_s20_session3_natural,29,158,34.266666666666666,-0.12423565238714218,0.2610428935407953
COHFACE_s20_session3_natural,29,159,34.3,-0.35066381096839905,0.15187819023867544
COHFACE_s20_session3_natural,29,160,34.333333333333336,-0.5646997690200806,0.004862482680873173
COHFACE_s20_session3_natural,29,161,34.36666666666667,-0.7454289197921753,-0.1623171292200782
COHFACE_s20_session3_natural,29,162,34.4,-0.8853666186332703,-0.322072625600029
COHFACE_s20_session3_natural,29,163,34.43333333333333,-0.991865873336792,-0.44298672678406636
COHFACE_s20_session3_natural,29,164,34.46666666666667,-1.080439567565918,-0.5003477734523971
COHFACE_s20_session3_natural,29,165,34.5,-1.1507171392440796,-0.4857587325557188
COHFACE_s20_session3_natural,29,166,34.53333333333333,-1.2162355184555054,-0.4101110069161288
COHFACE_s20_session3_natural,29,167,34.56666666666667,-1.2480107545852661,-0.29810025951743685
COHFACE_s20_session3_natural,29,168,34.6,-1.0603567361831665,-0.1778452633617877
COHFACE_s20_session3_natural,29,169,34.63333333333333,-0.40517324209213257,-0.07174149354008251
COHFACE_s20_session3_natural,29,170,34.666666666666664,0.451423317193985,0.007665492991380464
COHFACE_s20_session3_natural,29,171,34.7,1.0658564567565918,0.057220307325221424
COHFACE_s20_session3_natural,29,172,34.733333333333334,1.367807388305664,0.08062123530801649
COHFACE_s20_session3_natural,29,173,34.766666666666666,1.4372369050979614,0.0857515934096593
COHFACE_s20_session3_natural,29,174,34.8,1.3219683170318604,0.08230614462515556
COHFACE_s20_session3_natural,29,175,34.833333333333336,1.0413107872009277,0.07934251987653526
COHFACE_s20_session3_natural,29,176,34.86666666666667,0.7142130732536316,0.08291232037981036
COHFACE_s20_session3_natural,29,177,34.9,0.4919019341468811,0.09474603428490086
COHFACE_s20_session3_natural,29,178,34.93333333333333,0.3676995038986206,0.11282021898067209
COHFACE_s20_session3_natural,29,179,34.96666666666667,0.2529909312725067,0.13352291286860735
COHFACE_s20_session3_natural,29,180,35.0,0.10662243515253067,0.15396662284516177
COHFACE_s20_session3_natural,29,181,35.03333333333333,-0.07162006944417953,0.172879735648862
COHFACE_s20_session3_natural,29,182,35.06666666666667,-0.2818353772163391,0.18974506577261918
COHFACE_s20_session3_natural,29,183,35.1,-0.5060156583786011,0.2032855257732618
COHFACE_s20_session3_natural,29,184,35.13333333333333,-0.6993511915206909,0.2107240931955384
COHFACE_s20_session3_natural,29,185,35.166666666666664,-0.8328416347503662,0.20842267359687544
COHFACE_s20_session3_natural,29,186,35.2,-0.917751133441925,0.19334135109773823
COHFACE_s20_session3_natural,29,187,35.233333333333334,-0.9764928817749023,0.1641946793236611
COHFACE_s20_session3_natural,29,188,35.266666666666666,-1.0351521968841553,0.12163523757759034
COHFACE_s20_session3_natural,29,189,35.3,-1.1044994592666626,0.06773056602997266
COHFACE_s20_session3_natural,29,190,35.333333333333336,-1.1512523889541626,0.005554404014750669
COHFACE_s20_session3_natural,29,191,35.36666666666667,-1.111901879310608,-0.0605542631113691
COHFACE_s20_session3_natural,29,192,35.4,-0.6818456053733826,-0.12438836275746767
COHFACE_s20_session3_natural,29,193,35.43333333333333,0.14871490001678467,-0.1778992504337945
COHFACE_s20_session3_natural,29,194,35.46666666666667,0.8968195915222168,-0.21254990544208632
COHFACE_s20_session3_natural,29,195,35.5,1.3334548473358154,-0.2216546392213573
COHFACE_s20_session3_natural,29,196,35.53333333333333,1.5288406610488892,-0.20240305934933045
COHFACE_s20_session3_natural,29,197,35.56666666666667,1.5511467456817627,-0.15642817334175776
COHFACE_s20_session3_natural,29,198,35.6,1.3722620010375977,-0.0891752295872607
COHFACE_s20_session3_natural,29,199,35.63333333333333,1.0648930072784424,-0.009356137552447694
COHFACE_s20_session3_natural,29,200,35.666666666666664,0.7724277973175049,0.07089742048335064
COHFACE_s20_session3_natural,29,201,35.7,0.5807555913925171,0.13612090202871938
COHFACE_s20_session3_natural,29,202,35.733333333333334,0.45747536420822144,0.16952704434742505
COHFACE_s20_session3_natural,29,203,35.766666666666666,0.3180069923400879,0.1576546596131754
COHFACE_s20_session3_natural,29,204,35.8,0.13826589286327362,0.09615976577964581
COHFACE_s20_session3_natural,29,205,35.833333333333336,-0.08280190825462341,-0.0063155458198091916
COHFACE_s20_session3_natural,29,206,35.86666666666667,-0.30396851897239685,-0.12869557859439318
COHFACE_s20_session3_natural,29,207,35.9,-0.5083870887756348,-0.2428309261387328
COHFACE_s20_session3_natural,29,208,35.93333333333333,-0.6882846355438232,-0.3218764537956725
COHFACE_s20_session3_natural,29,209,35.96666666666667,-0.8133351802825928,-0.34856019546354605
COHFACE_s20_session3_natural,29,210,36.0,-0.8988786935806274,-0.3201181669260558
COHFACE_s20_session3_natural,29,211,36.03333333333333,-0.9785349369049072,-0.2479727182574591
COHFACE_s20_session3_natural,29,212,36.06666666666667,-1.0513321161270142,-0.15252451511265241
COHFACE_s20_session3_natural,29,213,36.1,-1.1147260665893555,-0.055542415316543046
COHFACE_s20_session3_natural,29,214,36.13333333333333,-1.1243846416473389,0.026546980561270216
COHFACE_s20_session3_natural,29,215,36.166666666666664,-0.8446574807167053,0.08591526969493447
COHFACE_s20_session3_natural,29,216,36.2,-0.10932378470897675,0.12242802303042451
COHFACE_s20_session3_natural,29,217,36.233333333333334,0.7206685543060303,0.13996445308551533
COHFACE_s20_session3_natural,29,218,36.266666666666666,1.2959487438201904,0.14264991994490103
COHFACE_s20_session3_natural,29,219,36.3,1.5994724035263062,0.1333150275836975
COHFACE_s20_session3_natural,29,220,36.333333333333336,1.7104920148849487,0.11451770426743904
COHFACE_s20_session3_natural,29,221,36.36666666666667,1.633059024810791,0.09044853501090458
COHFACE_s20_session3_natural,29,222,36.4,1.3608001470565796,0.06756649936075008
COHFACE_s20_session3_natural,29,223,36.43333333333333,1.0056902170181274,0.053011281874327076
COHFACE_s20_session3_natural,29,224,36.46666666666667,0.7379353642463684,0.051687658448102844
COHFACE_s20_session3_natural,29,225,36.5,0.5723815560340881,0.06397465037016457
COHFACE_s20_session3_natural,29,226,36.53333333333333,0.4165768325328827,0.08548136828256675
COHFACE_s20_session3_natural,29,227,36.56666666666667,0.22516806423664093,0.10881411391204121
COHFACE_s20_session3_natural,29,228,36.6,0.006059970706701279,0.1261634584507661
COHFACE_s20_session3_natural,29,229,36.63333333333333,-0.22696366906166077,0.1313716239989702
COHFACE_s20_session3_natural,29,230,36.666666666666664,-0.462597519159317,0.1209282138675372
COHFACE_s20_session3_natural,29,231,36.7,-0.6743361353874207,0.0942649718468612
COHFACE_s20_session3_natural,29,232,36.733333333333334,-0.8314089179039001,0.05396489387968526
COHFACE_s20_session3_natural,29,233,36.766666666666666,-0.9335029125213623,0.005950570549788963
COHFACE_s20_session3_natural,29,234,36.8,-1.0125333070755005,-0.0410479942608117
COHFACE_s20_session3_natural,29,235,36.833333333333336,-1.090279221534729,-0.07742916796362599
COHFACE_s20_session3_natural,29,236,36.86666666666667,-1.1655466556549072,-0.09564040511846526
COHFACE_s20_session3_natural,29,237,36.9,-1.2166224718093872,-0.09268944237820056
COHFACE_s20_session3_natural,29,238,36.93333333333333,-1.1178386211395264,-0.07111395780698881
COHFACE_s20_session3_natural,29,239,36.96666666666667,-0.5914768576622009,-0.038215209039230265
COHFACE_s20_session3_natural,30,0,30.0,1.459682822227478,0.021942672540396106
COHFACE_s20_session3_natural,30,1,30.033333333333335,1.785117268562317,2.6257264038898045
COHFACE_s20_session3_natural,30,2,30.066666666666666,1.9626022577285767,4.8307264258813625
COHFACE_s20_session3_natural,30,3,30.1,1.9671145677566528,6.335702396580756
COHFACE_s20_session3_natural,30,4,30.133333333333333,1.7513823509216309,7.0052211913396505
COHFACE_s20_session3_natural,30,5,30.166666666666668,1.4018386602401733,6.887000055798444
COHFACE_s20_session3_natural,30,6,30.2,1.0971788167953491,6.171575514743406
COHFACE_s20_session3_natural,30,7,30.233333333333334,0.8966220021247864,5.11651769359002
COHFACE_s20_session3_natural,30,8,30.266666666666666,0.733423113822937,3.9683500782236383
COHFACE_s20_session3_natural,30,9,30.3,0.5512611865997314,2.907595844305893
COHFACE_s20_session3_natural,30,10,30.333333333333332,0.3279537260532379,2.0274512448002904
COHFACE_s20_session3_natural,30,11,30.366666666666667,0.07745742797851562,1.3427001401300385
COHFACE_s20_session3_natural,30,12,30.4,-0.17448806762695312,0.8168249638560358
COHFACE_s20_session3_natural,30,13,30.433333333333334,-0.4172773063182831,0.3933553411564853
COHFACE_s20_session3_natural,30,14,30.466666666666665,-0.6031033396720886,0.02108955699438067
COHFACE_s20_session3_natural,30,15,30.5,-0.738561749458313,-0.33142688045519053
COHFACE_s20_session3_natural,30,16,30.533333333333335,-0.8500096201896667,-0.672079131362798
COHFACE_s20_session3_natural,30,17,30.566666666666666,-0.9296905398368835,-0.9894113839970569
COHFACE_s20_session3_natural,30,18,30.6,-1.022735357284546,-1.2615235832732463
COHFACE_s20_session3_natural,30,19,30.633333333333333,-1.0930458307266235,-1.46631364627649
COHFACE_s20_session3_natural,30,20,30.666666666666668,-1.0845153331756592,-1.5900173511617617
COHFACE_s20_session3_natural,30,21,30.7,-0.7644001841545105,-1.6316635116060292
COHFACE_s20_session3_natural,30,22,30.733333333333334,0.05764630064368248,-1.6024773097261555
COHFACE_s20_session3_natural,30,23,30.766666666666666,0.882319450378418,-1.5212121224698938
COHFACE_s20_session3_natural,30,24,30.8,1.3462011814117432,-1.4080501953490872
COHFACE_s20_session3_natural,30,25,30.833333333333332,1.5341598987579346,-1.2798970087788255
COHFACE_s20_session3_natural,30,26,30.866666666666667,1.5514596700668335,-1.1482842295150661
COHFACE_s20_session3_natural,30,27,30.9,1.3994836807250977,-1.019182628945774
COHFACE_s20_session3_natural,30,28,30.933333333333334,1.1118435859680176,-0.8934327814300429
COHFACE_s20_session3_natural,30,29,30.966666666666665,0.8265995979309082,-0.7672738647944449
COHFACE_s20_session3_natural,30,30,31.0,0.6305550932884216,-0.6335707602262028
COHFACE_s20_session3_natural,30,31,31.033333333333335,0.5100168585777283,-0.48465421961467026
COHFACE_s20_session3_natural,30,32,31.066666666666666,0.39032667875289917,-0.3167122087128508
COHFACE_s20_session3_natural,30,33,31.1,0.22744067013263702,-0.13411602228528144
COHFACE_s20_session3_natural,30,34,31.133333333333333,0.03068801760673523,0.04877608507383542
COHFACE_s20_session3_natural,30,35,31.166666666666668,-0.1903797835111618,0.20992184139255754
COHFACE_s20_session3_natural,30,36,31.2,-0.4079728126525879,0.32526896983326437
COHFACE_s20_session3_natural,30,37,31.233333333333334,-0.5958079695701599,0.3753270503026801
COHFACE_s20_session3_natural,30,38,31.266666666666666,-0.7261118292808533,0.3505433152998893
COHFACE_s20_session3_natural,30,39,31.3,-0.824228823184967,0.2548703226071735
COHFACE_s20_session3_natural,30,40,31.333333333333332,-0.9054247736930847,0.10760254510061178
COHFACE_s20_session3_natural,30,41,31.366666666666667,-0.9667519927024841,-0.05730949437721183
COHFACE_s20_session3_natural,30,42,31.4,-1.0246373414993286,-0.19660510836286726
COHFACE_s20_session3_natural,30,43,31.433333333333334,-1.0572441816329956,-0.2688604751192909
COHFACE_s20_session3_natural,30,44,31.466666666666665,-0.9939326047897339,-0.24832495486393028
COHFACE_s20_session3_natural,30,45,31.5,-0.5542836785316467,-0.13470438638928148
COHFACE_s20_session3_natural,30,46,31.533333333333335,0.2735596001148224,0.046777684617275286
COHFACE_s20_session3_natural,30,47,31.566666666666666,0.9706214070320129,0.2554280250577999
COHFACE_s20_session3_natural,30,48,31.6,1.347658634185791,0.44981148251615893
COHFACE_s20_session3_natural,30,49,31.633333333333333,1.5071933269500732,0.5996075902100888
COHFACE_s20_session3_natural,30,50,31.666666666666668,1.5004825592041016,0.6901745835892162
COHFACE_s20_session3_natural,30,51,31.7,1.3195970058441162,0.7204418480241379
COHFACE_s20_session3_natural,30,52,31.733333333333334,1.0241920948028564,0.6975698095789047
COHFACE_s20_session3_natural,30,53,31.766666666666666,0.7610977292060852,0.6317717990234292
COHFACE_s20_session3_natural,30,54,31.8,0.5963179469108582,0.5332004037882089
COHFACE_s20_session3_natural,30,55,31.833333333333332,0.4799131453037262,0.4111040048448737
COHFACE_s20_session3_natural,30,56,31.866666666666667,0.3553401827812195,0.2743476130320404
COHFACE_s20_session3_natural,30,57,31.9,0.184533029794693,0.13219268504714787
COHFACE_s20_session3_natural,30,58,31.933333333333334,-0.02788902074098587,-0.005307273792719542
COHFACE_s20_session3_natural,30,59,31.966666666666665,-0.2462725192308426,-0.1275485581904738
COHFACE_s20_session3_natural,30,60,32.0,-0.45905688405036926,-0.22454182975157377
COHFACE_s20_session3_natural,30,61,32.03333333333333,-0.632087230682373,-0.28903597216532834
COHFACE_s20_session3_natural,30,62,32.06666666666667,-0.7438150644302368,-0.31868812857901496
COHFACE_s20_session3_natural,30,63,32.1,-0.822227954864502,-0.3167934707199874
COHFACE_s20_session3_natural,30,64,32.13333333333333,-0.8994386196136475,-0.29087477393627265
COHFACE_s20_session3_natural,30,65,32.166666666666664,-0.9778432846069336,-0.24988329611822324
COHFACE_s20_session3_natural,30,66,32.2,-1.0327644348144531,-0.20159557843105463
COHFACE_s20_session3_natural,30,67,32.233333333333334,-1.0442014932632446,-0.15146470913267418
COHFACE_s20_session3_natural,30,68,32.266666666666666,-0.781247079372406,-0.10301802440963287
COHFACE_s20_session3_natural,30,69,32.3,-0.05186657980084419,-0.05885296667556773
COHFACE_s20_session3_natural,30,70,32.333333333333336,0.7485490441322327,-0.02117114617396184
COHFACE_s20_session3_natural,30,71,32.36666666666667,1.273823857307434,0.008492371678004772
COHFACE_s20_session3_natural,30,72,32.4,1.5344810485839844,0.029845292343494586
COHFACE_s20_session3_natural,30,73,32.43333333333333,1.6190282106399536,0.04403127746374837
COHFACE_s20_session3_natural,30,74,32.46666666666667,1.5336493253707886,0.05336669322305569
COHFACE_s20_session3_natural,30,75,32.5,1.2586073875427246,0.061053134185031076
COHFACE_s20_session3_natural,30,76,32.53333333333333,0.9131230115890503,0.07094202125080401
COHFACE_s20_session3_natural,30,77,32.56666666666667,0.6471302509307861,0.08677294642470566
COHFACE_s20_session3_natural,30,78,32.6,0.480118989944458,0.11030981824535718
COHFACE_s20_session3_natural,30,79,32.63333333333333,0.3558095097541809,0.1387081471879091
COHFACE_s20_session3_natural,30,80,32.666666666666664,0.21868787705898285,0.162690239157731
COHFACE_s20_session3_natural,30,81,32.7,0.02910708077251911,0.16751079218505094
COHFACE_s20_session3_natural,30,82,32.733333333333334,-0.19577309489250183,0.1375187090363945
COHFACE_s20_session3_natural,30,83,32.766666666666666,-0.424375057220459,0.06293747080915656
COHFACE_s20_session3_natural,30,84,32.8,-0.6213747262954712,-0.054297801324736585
COHFACE_s20_session3_natural,30,85,32.833333333333336,-0.7689042091369629,-0.19878044509246817
COHFACE_s20_session3_natural,30,86,32.86666666666667,-0.8832340240478516,-0.34496648628203175
COHFACE_s20_session3_natural,30,87,32.9,-0.9600165486335754,-0.46401676493538796
COHFACE_s20_session3_natural,30,88,32.93333333333333,-1.0202568769454956,-0.5313055586867655
COHFACE_s20_session3_natural,30,89,32.96666666666667,-1.0949150323867798,-0.5321978075024765
COHFACE_s20_session3_natural,30,90,33.0,-1.1386131048202515,-0.46500929856568807
COHFACE_s20_session3_natural,30,91,33.03333333333333,-0.9693374633789062,-0.34097480159776156
COHFACE_s20_session3_natural,30,92,33.06666666666667,-0.3471231758594513,-0.18111479296485336
COHFACE_s20_session3_natural,30,93,33.1,0.4981021583080292,-0.010359983644086551
COHFACE_s20_session3_natural,30,94,33.13333333333333,1.149802565574646,0.14910914700990982
COHFACE_s20_session3_natural,30,95,33.166666666666664,1.5093753337860107,0.28239653244476487
COHFACE_s20_session3_natural,30,96,33.2,1.6630804538726807,0.38268348100288757
COHFACE_s20_session3_natural,30,97,33.233333333333334,1.665023684501648,0.44899768880929475
COHFACE_s20_session3_natural,30,98,33.266666666666666,1.472108006477356,0.483012616166189
COHFACE_s20_session3_natural,30,99,33.3,1.1406792402267456,0.4867484327856802
COHFACE_s20_session3_natural,30,100,33.333333333333336,0.831260085105896,0.46192466440894564
COHFACE_s20_session3_natural,30,101,33.36666666666667,0.6272203326225281,0.41052478057699565
COHFACE_s20_session3_natural,30,102,33.4,0.48147761821746826,0.33555916968990035
COHFACE_s20_session3_natural,30,103,33.43333333333333,0.3082331717014313,0.24119326091845672
COHFACE_s20_session3_natural,30,104,33.46666666666667,0.09600050747394562,0.13210509938924764
COHFACE_s20_session3_natural,30,105,33.5,-0.1292831301689148,0.012828359493025722
COHFACE_s20_session3_natural,30,106,33.53333333333333,-0.3589637577533722,-0.11168526927129815
COHFACE_s20_session3_natural,30,107,33.56666666666667,-0.5706200003623962,-0.2339468647548292
COHFACE_s20_session3_natural,30,108,33.6,-0.742884635925293,-0.34201362069318486
COHFACE_s20_session3_natural,30,109,33.63333333333333,-0.8656131625175476,-0.4204894561734915
COHFACE_s20_session3_natural,30,110,33.666666666666664,-0.954952597618103,-0.4552860403083753
COHFACE_s20_session3_natural,30,111,33.7,-1.0363215208053589,-0.4398623256645666
COHFACE_s20_session3_natural,30,112,33.733333333333334,-1.1173444986343384,-0.37904293651455445
COHFACE_s20_session3_natural,30,113,33.766666666666666,-1.1760698556900024,-0.28778544724997074
COHFACE_s20_session3_natural,30,114,33.8,-1.1355994939804077,-0.18563813300863774
COHFACE_s20_session3_natural,30,115,33.833333333333336,-0.7158769369125366,-0.09019950977413653
COHFACE_s20_session3_natural,30,116,33.86666666666667,0.11733493953943253,-0.012547447571877498
COHFACE_s20_session3_natural,30,117,33.9,0.8913110494613647,0.044393882519155145
COHFACE_s20_session3_natural,30,118,33.93333333333333,1.3667863607406616,0.08499942167797105
COHFACE_s20_session3_natural,30,119,33.96666666666667,1.5978667736053467,0.11839521179867801
COHFACE_s20_session3_natural,30,120,34.0,1.6470487117767334,0.15489880491231303
COHFACE_s20_session3_natural,30,121,34.03333333333333,1.5153450965881348,0.20218138789563397
COHFACE_s20_session3_natural,30,122,34.06666666666667,1.2076797485351562,0.2622228228883294
COHFACE_s20_session3_natural,30,123,34.1,0.869597852230072,0.33013095149170935
COHFACE_s20_session3_natural,30,124,34.13333333333333,0.6133294701576233,0.395099487216882
COHFACE_s20_session3_natural,30,125,34.166666666666664,0.4429834187030792,0.44275473465117676
COHFACE_s20_session3_natural,30,126,34.2,0.292012095451355,0.457767779961735
COHFACE_s20_session3_natural,30,127,34.233333333333334,0.10296651721000671,0.42621061066294463
COHFACE_s20_session3_natural,30,128,34.266666666666666,-0.12423565238714218,0.33820925065083857
COHFACE_s20_session3_natural,30,129,34.3,-0.35066381096839905,0.1917220114661668
COHFACE_s20_session3_natural,30,130,34.333333333333336,-0.5646997690200806,-0.0030240908251797974
COHFACE_s20_session3_natural,30,131,34.36666666666667,-0.7454289197921753,-0.2209497464372047
COHFACE_s20_session3_natural,30,132,34.4,-0.8853666186332703,-0.4248615579402903
COHFACE_s20_session3_natural,30,133,34.43333333333333,-0.991865873336792,-0.5750446027937287
COHFACE_s20_session3_natural,30,134,34.46666666666667,-1.080439567565918,-0.6426689243260645
COHFACE_s20_session3_natural,30,135,34.5,-1.1507171392440796,-0.6203412542609327
COHFACE_s20_session3_natural,30,136,34.53333333333333,-1.2162355184555054,-0.5238888757007362
COHFACE_s20_session3_natural,30,137,34.56666666666667,-1.2480107545852661,-0.38439588786202167
COHFACE_s20_session3_natural,30,138,34.6,-1.0603567361831665,-0.23538759397049205
COHFACE_s20_session3_natural,30,139,34.63333333333333,-0.40517324209213257,-0.10237471414192278
COHFACE_s20_session3_natural,30,140,34.666666666666664,0.451423317193985,0.00116056171153897
COHFACE_s20_session3_natural,30,141,34.7,1.0658564567565918,0.0722165098392646
COHFACE_s20_session3_natural,30,142,34.733333333333334,1.367807388305664,0.11439661027224615
COHFACE_s20_session3_natural,30,143,34.766666666666666,1.4372369050979614,0.1343285052634248
COHFACE_s20_session3_natural,30,144,34.8,1.3219683170318604,0.13933714145554404
COHFACE_s20_session3_natural,30,145,34.833333333333336,1.0413107872009277,0.13613896208273168
COHFACE_s20_session3_natural,30,146,34.86666666666667,0.7142130732536316,0.13014357042549793
COHFACE_s20_session3_natural,30,147,34.9,0.4919019341468811,0.1252571562841436
COHFACE_s20_session3_natural,30,148,34.93333333333333,0.3676995038986206,0.1241237705839137
COHFACE_s20_session3_natural,30,149,34.96666666666667,0.2529909312725067,0.12844073796674374
COHFACE_s20_session3_natural,30,150,35.0,0.10662243515253067,0.13877103648479933
COHFACE_s20_session3_natural,30,151,35.03333333333333,-0.07162006944417953,0.1536728000473414
COHFACE_s20_session3_natural,30,152,35.06666666666667,-0.2818353772163391,0.16892376491414904
COHFACE_s20_session3_natural,30,153,35.1,-0.5060156583786011,0.17807910782079467
COHFACE_s20_session3_natural,30,154,35.13333333333333,-0.6993511915206909,0.1747777907258127
COHFACE_s20_session3_natural,30,155,35.166666666666664,-0.8328416347503662,0.1557773619649876
COHFACE_s20_session3_natural,30,156,35.2,-0.917751133441925,0.12287600253147425
COHFACE_s20_session3_natural,30,157,35.233333333333334,-0.9764928817749023,0.08231872306080197
COHFACE_s20_session3_natural,30,158,35.266666666666666,-1.0351521968841553,0.04179035775920344
COHFACE_s20_session3_natural,30,159,35.3,-1.1044994592666626,0.0066917688214500155
COHFACE_s20_session3_natural,30,160,35.333333333333336,-1.1512523889541626,-0.022023459394029925
COHFACE_s20_session3_natural,30,161,35.36666666666667,-1.111901879310608,-0.04710647149117692
COHFACE_s20_session3_natural,30,162,35.4,-0.6818456053733826,-0.07197809585855876
COHFACE_s20_session3_natural,30,163,35.43333333333333,0.14871490001678467,-0.09749981372466478
COHFACE_s20_session3_natural,30,164,35.46666666666667,0.8968195915222168,-0.12049534931418433
COHFACE_s20_session3_natural,30,165,35.5,1.3334548473358154,-0.13456730360374655
COHFACE_s20_session3_natural,30,166,35.53333333333333,1.5288406610488892,-0.13233780151801466
COHFACE_s20_session3_natural,30,167,35.56666666666667,1.5511467456817627,-0.10785354560355606
COHFACE_s20_session3_natural,30,168,35.6,1.3722620010375977,-0.058643149159507156
COHFACE_s20_session3_natural,30,169,35.63333333333333,1.0648930072784424,0.012385061158360498
COHFACE_s20_session3_natural,30,170,35.666666666666664,0.7724277973175049,0.09537780623557296
COHFACE_s20_session3_natural,30,171,35.7,0.5807555913925171,0.17337172735521564
COHFACE_s20_session3_natural,30,172,35.733333333333334,0.45747536420822144,0.22485308239644342
COHFACE_s20_session3_natural,30,173,35.766666666666666,0.3180069923400879,0.22936058884782065
COHFACE_s20_session3_natural,30,174,35.8,0.13826589286327362,0.17456864807932593
COHFACE_s20_session3_natural,30,175,35.833333333333336,-0.08280190825462341,0.06200431657031031
COHFACE_s20_session3_natural,30,176,35.86666666666667,-0.30396851897239685,-0.0910438385887934
COHFACE_s20_session3_natural,30,177,35.9,-0.5083870887756348,-0.2543941083836989
COHFACE_s20_session3_natural,30,178,35.93333333333333,-0.6882846355438232,-0.3921331471416279
COHFACE_s20_session3_natural,30,179,35.96666666666667,-0.8133351802825928,-0.4723362770349338
COHFACE_s20_session3_natural,30,180,36.0,-0.8988786935806274,-0.47649926121064895
COHFACE_s20_session3_natural,30,181,36.03333333333333,-0.9785349369049072,-0.4053069112604328
COHFACE_s20_session3_natural,30,182,36.06666666666667,-1.0513321161270142,-0.27809264003800105
COHFACE_s20_session3_natural,30,183,36.1,-1.1147260665893555,-0.12573530444845538
COHFACE_s20_session3_natural,30,184,36.13333333333333,-1.1243846416473389,0.01995650970708256
COHFACE_s20_session3_natural,30,185,36.166666666666664,-0.8446574807167053,0.13548447849761425
COHFACE_s20_session3_natural,30,186,36.2,-0.10932378470897675,0.2099058619701412
COHFACE_s20_session3_natural,30,187,36.233333333333334,0.7206685543060303,0.24361180495363513
COHFACE_s20_session3_natural,30,188,36.266666666666666,1.2959487438201904,0.24384992795681854
COHFACE_s20_session3_natural,30,189,36.3,1.5994724035263062,0.2201122757728876
COHFACE_s20_session3_natural,30,190,36.333333333333336,1.7104920148849487,0.1815524156721307
COHFACE_s20_session3_natural,30,191,36.36666666666667,1.633059024810791,0.1366310019769588
COHFACE_s20_session3_natural,30,192,36.4,1.3608001470565796,0.093537004735767
COHFACE_s20_session3_natural,30,193,36.43333333333333,1.0056902170181274,0.059748302508072525
COHFACE_s20_session3_natural,30,194,36.46666666666667,0.7379353642463684,0.040464125766260156
COHFACE_s20_session3_natural,30,195,36.5,0.5723815560340881,0.03707609050498291
COHFACE_s20_session3_natural,30,196,36.53333333333333,0.4165768325328827,0.04692133522650948
COHFACE_s20_session3_natural,30,197,36.56666666666667,0.22516806423664093,0.06451461035171868
COHFACE_s20_session3_natural,30,198,36.6,0.006059970706701279,0.08339589432303131
COHFACE_s20_session3_natural,30,199,36.63333333333333,-0.22696366906166077,0.09751789182076184
COHFACE_s20_session3_natural,30,200,36.666666666666664,-0.462597519159317,0.10184807202354687
COHFACE_s20_session3_natural,30,201,36.7,-0.6743361353874207,0.09274554552637505
COHFACE_s20_session3_natural,30,202,36.733333333333334,-0.8314089179039001,0.06877496801021865
COHFACE_s20_session3_natural,30,203,36.766666666666666,-0.9335029125213623,0.031809453895963985
COHFACE_s20_session3_natural,30,204,36.8,-1.0125333070755005,-0.012717716922226884
COHFACE_s20_session3_natural,30,205,36.833333333333336,-1.090279221534729,-0.05742921537874207
COHFACE_s20_session3_natural,30,206,36.86666666666667,-1.1655466556549072,-0.0958950152263127
COHFACE_s20_session3_natural,30,207,36.9,-1.2166224718093872,-0.12479366841208524
COHFACE_s20_session3_natural,30,208,36.93333333333333,-1.1178386211395264,-0.14376976002988653
COHFACE_s20_session3_natural,30,209,36.96666666666667,-0.5914768576622009,-0.1532120993920926
COHFACE_s20_session3_natural,30,210,37.0,0.2718798518180847,-0.15176996040668392
COHFACE_s20_session3_natural,30,211,37.03333333333333,1.0264317989349365,-0.13560779324513123
COHFACE_s20_session3_natural,30,212,37.06666666666667,1.4857518672943115,-0.10005450412347265
COHFACE_s20_session3_natural,30,213,37.1,1.7105826139450073,-0.042695710404057896
COHFACE_s20_session3_natural,30,214,37.13333333333333,1.754807710647583,0.03362954600319834
COHFACE_s20_session3_natural,30,215,37.166666666666664,1.6066607236862183,0.11907069617651933
COHFACE_s20_session3_natural,30,216,37.2,1.2803452014923096,0.19678372371341532
COHFACE_s20_session3_natural,30,217,37.233333333333334,0.9309909343719482,0.2450844926670161
COHFACE_s20_session3_natural,30,218,37.266666666666666,0.6751177906990051,0.24226990578256205
COHFACE_s20_session3_natural,30,219,37.3,0.49731168150901794,0.17413690623359288
COHFACE_s20_session3_natural,30,220,37.333333333333336,0.325030654668808,0.042390928584596504
COHFACE_s20_session3_natural,30,221,37.36666666666667,0.12178132683038712,-0.13013295257523266
COHFACE_s20_session3_natural,30,222,37.4,-0.10868152976036072,-0.3021911713947009
COHFACE_s20_session3_natural,30,223,37.43333333333333,-0.35327401757240295,-0.4265111341330894
COHFACE_s20_session3_natural,30,224,37.46666666666667,-0.5870222449302673,-0.46732879405615796
COHFACE_s20_session3_natural,30,225,37.5,-0.7829021215438843,-0.41416212921563716
COHFACE_s20_session3_natural,30,226,37.53333333333333,-0.9217446446418762,-0.28457061547426676
COHFACE_s20_session3_natural,30,227,37.56666666666667,-1.0194910764694214,-0.11509202636697549
COHFACE_s20_session3_natural,30,228,37.6,-1.1080071926116943,0.05386975055413673
COHFACE_s20_session3_natural,30,229,37.63333333333333,-1.1999320983886719,0.19109082099697902
COHFACE_s20_session3_natural,30,230,37.666666666666664,-1.2843557596206665,0.2805557650861402
COHFACE_s20_session3_natural,30,231,37.7,-1.3377372026443481,0.32064796600660106
COHFACE_s20_session3_natural,30,232,37.733333333333334,-1.2281090021133423,0.3195758924897404
COHFACE_s20_session3_natural,30,233,37.766666666666666,-0.6488023400306702,0.29015827547468376
COHFACE_s20_session3_natural,30,234,37.8,0.26345640420913696,0.24577032482137723
COHFACE_s20_session3_natural,30,235,37.833333333333336,1.0240192413330078,0.19781605396312485
COHFACE_s20_session3_natural,30,236,37.86666666666667,1.4718281030654907,0.15426963945948272
COHFACE_s20_session3_natural,30,237,37.9,1.6778029203414917,0.11882871603978772
COHFACE_s20_session3_natural,30,238,37.93333333333333,1.7038142681121826,0.09072031353601835
COHFACE_s20_session3_natural,30,239,37.96666666666667,1.5300016403198242,0.06552847604120068
COHFACE_s20_session3_natural,31,0,31.0,0.6305550932884216,-0.0050114978083125325
COHFACE_s20_session3_natural,31,1,31.033333333333335,0.5100168585777283,2.5821112031438025
COHFACE_s20_session3_natural,31,2,31.066666666666666,0.39032667875289917,4.782284384638831
COHFACE_s20_session3_natural,31,3,31.1,0.22744067013263702,6.2998320619155255
COHFACE_s20_session3_natural,31,4,31.133333333333333,0.03068801760673523,6.996224237023649
COHFACE_s20_session3_natural,31,5,31.166666666666668,-0.1903797835111618,6.907288498887687
COHFACE_s20_session3_natural,31,6,31.2,-0.4079728126525879,6.206148844472547
COHFACE_s20_session3_natural,31,7,31.233333333333334,-0.5958079695701599,5.133002407638071
COHFACE_s20_session3_natural,31,8,31.266666666666666,-0.7261118292808533,3.923232381438642
COHFACE_s20_session3_natural,31,9,31.3,-0.824228823184967,2.7577306587115173
COHFACE_s20_session3_natural,31,10,31.333333333333332,-0.9054247736930847,1.7446368109880432
COHFACE_s20_session3_natural,31,11,31.366666666666667,-0.9667519927024841,0.9277163843673865
COHFACE_s20_session3_natural,31,12,31.4,-1.0246373414993286,0.30782372247811673
COHFACE_s20_session3_natural,31,13,31.433333333333334,-1.0572441816329956,-0.13663309420183656
COHFACE_s20_session3_natural,31,14,31.466666666666665,-0.9939326047897339,-0.4373947789310828
COHFACE_s20_session3_natural,31,15,31.5,-0.5542836785316467,-0.6309394172463866
COHFACE_s20_session3_natural,31,16,31.533333333333335,0.2735596001148224,-0.7547153567725462
COHFACE_s20_session3_natural,31,17,31.566666666666666,0.9706214070320129,-0.8416218382915767
COHFACE_s20_session3_natural,31,18,31.6,1.347658634185791,-0.9140758491593155
COHFACE_s20_session3_natural,31,19,31.633333333333333,1.5071933269500732,-0.9815918165945063
COHFACE_s20_session3_natural,31,20,31.666666666666668,1.5004825592041016,-1.0435685853594023
COHFACE_s20_session3_natural,31,21,31.7,1.3195970058441162,-1.0950779576512932
COHFACE_s20_session3_natural,31,22,31.733333333333334,1.0241920948028564,-1.1320962995298611
COHFACE_s20_session3_natural,31,23,31.766666666666666,0.7610977292060852,-1.1539481574383672
COHFACE_s20_session3_natural,31,24,31.8,0.5963179469108582,-1.1627697073241354
COHFACE_s20_session3_natural,31,25,31.833333333333332,0.4799131453037262,-1.1612819582500893
COHFACE_s20_session3_natural,31,26,31.866666666666667,0.3553401827812195,-1.150604991707669
COHFACE_s20_session3_natural,31,27,31.9,0.184533029794693,-1.1292689181533453
COHFACE_s20_session3_natural,31,28,31.933333333333334,-0.02788902074098587,-1.0935137564105029
COHFACE_s20_session3_natural,31,29,31.966666666666665,-0.2462725192308426,-1.0382954886043234
COHFACE_s20_session3_natural,31,30,32.0,-0.45905688405036926,-0.9585689303285295
COHFACE_s20_session3_natural,31,31,32.03333333333333,-0.632087230682373,-0.8508108012063987
COHFACE_s20_session3_natural,31,32,32.06666666666667,-0.7438150644302368,-0.7146685292338115
COHFACE_s20_session3_natural,31,33,32.1,-0.822227954864502,-0.5541861049459554
COHFACE_s20_session3_natural,31,34,32.13333333333333,-0.8994386196136475,-0.37783202344288574
COHFACE_s20_session3_natural,31,35,32.166666666666664,-0.9778432846069336,-0.19697355540816294
COHFACE_s20_session3_natural,31,36,32.2,-1.0327644348144531,-0.023391137303230627
COHFACE_s20_session3_natural,31,37,32.233333333333334,-1.0442014932632446,0.13296427125046797
COHFACE_s20_session3_natural,31,38,32.266666666666666,-0.781247079372406,0.2651460988682986
COHFACE_s20_session3_natural,31,39,32.3,-0.05186657980084419,0.3693832003632233
COHFACE_s20_session3_natural,31,40,32.333333333333336,0.7485490441322327,0.4448452272188787
COHFACE_s20_session3_natural,31,41,32.36666666666667,1.273823857307434,0.49341168075289765
COHFACE_s20_session3_natural,31,42,32.4,1.5344810485839844,0.5192497440923544
COHFACE_s20_session3_natural,31,43,32.43333333333333,1.6190282106399536,0.5278698386797088
COHFACE_s20_session3_natural,31,44,32.46666666666667,1.5336493253707886,0.5249981075862847
COHFACE_s20_session3_natural,31,45,32.5,1.2586073875427246,0.5159938744301024
COHFACE_s20_session3_natural,31,46,32.53333333333333,0.9131230115890503,0.5058038793093338
COHFACE_s20_session3_natural,31,47,32.56666666666667,0.6471302509307861,0.49855584018128507
COHFACE_s20_session3_natural,31,48,32.6,0.480118989944458,0.49608269431021523
COHFACE_s20_session3_natural,31,49,32.63333333333333,0.3558095097541809,0.49574783923890486
COHFACE_s20_session3_natural,31,50,32.666666666666664,0.21868787705898285,0.4889696794989823
COHFACE_s20_session3_natural,31,51,32.7,0.02910708077251911,0.4620968655707641
COHFACE_s20_session3_natural,31,52,32.733333333333334,-0.19577309489250183,0.40045057270781315
COHFACE_s20_session3_natural,31,53,32.766666666666666,-0.424375057220459,0.294586344952654
COHFACE_s20_session3_natural,31,54,32.8,-0.6213747262954712,0.14601489623687425
COHFACE_s20_session3_natural,31,55,32.833333333333336,-0.7689042091369629,-0.03067709023834776
COHFACE_s20_session3_natural,31,56,32.86666666666667,-0.8832340240478516,-0.21050542669686856
COHFACE_s20_session3_natural,31,57,32.9,-0.9600165486335754,-0.36431195148652373
COHFACE_s20_session3_natural,31,58,32.93333333333333,-1.0202568769454956,-0.4661014182089553
COHFACE_s20_session3_natural,31,59,32.96666666666667,-1.0949150323867798,-0.4993361615409928
COHFACE_s20_session3_natural,31,60,33.0,-1.1386131048202515,-0.46088302784495233
COHFACE_s20_session3_natural,31,61,33.03333333333333,-0.9693374633789062,-0.36182741025996495
COHFACE_s20_session3_natural,31,62,33.06666666666667,-0.3471231758594513,-0.22448874899652038
COHFACE_s20_session3_natural,31,63,33.1,0.4981021583080292,-0.07589388460899427
COHFACE_s20_session3_natural,31,64,33.13333333333333,1.149802565574646,0.059917592156813713
COHFACE_s20_session3_natural,31,65,33.166666666666664,1.5093753337860107,0.16722616730072049
COHFACE_s20_session3_natural,31,66,33.2,1.6630804538726807,0.23962980402377945
COHFACE_s20_session3_natural,31,67,33.233333333333334,1.665023684501648,0.27748880019874206
COHFACE_s20_session3_natural,31,68,33.266666666666666,1.472108006477356,0.2841728221109719
COHFACE_s20_session3_natural,31,69,33.3,1.1406792402267456,0.2633113547682334
COHFACE_s20_session3_natural,31,70,33.333333333333336,0.831260085105896,0.21805874592993482
COHFACE_s20_session3_natural,31,71,33.36666666666667,0.6272203326225281,0.1519979429037551
COHFACE_s20_session3_natural,31,72,33.4,0.48147761821746826,0.07041246405489136
COHFACE_s20_session3_natural,31,73,33.43333333333333,0.3082331717014313,-0.019402464900676986
COHFACE_s20_session3_natural,31,74,33.46666666666667,0.09600050747394562,-0.10935425785626804
COHFACE_s20_session3_natural,31,75,33.5,-0.1292831301689148,-0.1925521964356391
COHFACE_s20_session3_natural,31,76,33.53333333333333,-0.3589637577533722,-0.2643112444596898
COHFACE_s20_session3_natural,31,77,33.56666666666667,-0.5706200003623962,-0.3209715786575669
COHFACE_s20_session3_natural,31,78,33.6,-0.742884635925293,-0.3576720017710978
COHFACE_s20_session3_natural,31,79,33.63333333333333,-0.8656131625175476,-0.36779351193259513
COHFACE_s20_session3_natural,31,80,33.666666666666664,-0.954952597618103,-0.3455483339414825
COHFACE_s20_session3_natural,31,81,33.7,-1.0363215208053589,-0.29033986848847654
COHFACE_s20_session3_natural,31,82,33.733333333333334,-1.1173444986343384,-0.20966757670697234
COHFACE_s20_session3_natural,31,83,33.766666666666666,-1.1760698556900024,-0.118050429671265
COHFACE_s20_session3_natural,31,84,33.8,-1.1355994939804077,-0.03227498183438556
COHFACE_s20_session3_natural,31,85,33.833333333333336,-0.7158769369125366,0.034298588323591325
COHFACE_s20_session3_natural,31,86,33.86666666666667,0.11733493953943253,0.07566111286836343
COHFACE_s20_session3_natural,31,87,33.9,0.8913110494613647,0.09422466525858207
COHFACE_s20_session3_natural,31,88,33.93333333333333,1.3667863607406616,0.09933798642263163
COHFACE_s20_session3_natural,31,89,33.96666666666667,1.5978667736053467,0.10408349846802377
COHFACE_s20_session3_natural,31,90,34.0,1.6470487117767334,0.12120959517895688
COHFACE_s20_session3_natural,31,91,34.03333333333333,1.5153450965881348,0.15910077880213402
COHFACE_s20_session3_natural,31,92,34.06666666666667,1.2076797485351562,0.2189367707111178
COHFACE_s20_session3_natural,31,93,34.1,0.869597852230072,0.2940237058174564
COHFACE_s20_session3_natural,31,94,34.13333333333333,0.6133294701576233,0.37130376423591127
COHFACE_s20_session3_natural,31,95,34.166666666666664,0.4429834187030792,0.4340346435466024
COHFACE_s20_session3_natural,31,96,34.2,0.292012095451355,0.4645172551498253
COHFACE_s20_session3_natural,31,97,34.233333333333334,0.10296651721000671,0.4465698349867164
COHFACE_s20_session3_natural,31,98,34.266666666666666,-0.12423565238714218,0.36844376662561334
COHFACE_s20_session3_natural,31,99,34.3,-0.35066381096839905,0.22694668522350722
COHFACE_s20_session3_natural,31,100,34.333333333333336,-0.5646997690200806,0.03216471239238833
COHFACE_s20_session3_natural,31,101,34.36666666666667,-0.7454289197921753,-0.18985030499373406
COHFACE_s20_session3_natural,31,102,34.4,-0.8853666186332703,-0.4000065704811495
COHFACE_s20_session3_natural,31,103,34.43333333333333,-0.991865873336792,-0.5562762855281284
COHFACE_s20_session3_natural,31,104,34.46666666666667,-1.080439567565918,-0.6277882870101058
COHFACE_s20_session3_natural,31,105,34.5,-1.1507171392440796,-0.6059704996205992
COHFACE_s20_session3_natural,31,106,34.53333333333333,-1.2162355184555054,-0.5066384279858928
COHFACE_s20_session3_natural,31,107,34.56666666666667,-1.2480107545852661,-0.36202620989631656
COHFACE_s20_session3_natural,31,108,34.6,-1.0603567361831665,-0.20771493529010357
COHFACE_s20_session3_natural,31,109,34.63333333333333,-0.40517324209213257,-0.0717130384957996
COHFACE_s20_session3_natural,31,110,34.666666666666664,0.451423317193985,0.030209052663734415
COHFACE_s20_session3_natural,31,111,34.7,1.0658564567565918,0.0937193059420077
COHFACE_s20_session3_natural,31,112,34.733333333333334,1.367807388305664,0.12264738090371716
COHFACE_s20_session3_natural,31,113,34.766666666666666,1.4372369050979614,0.1255465041289253
COHFACE_s20_session3_natural,31,114,34.8,1.3219683170318604,0.11291561443516707
COHFACE_s20_session3_natural,31,115,34.833333333333336,1.0413107872009277,0.09496431071830805
COHFACE_s20_session3_natural,31,116,34.86666666666667,0.7142130732536316,0.07978643715384846
COHFACE_s20_session3_natural,31,117,34.9,0.4919019341468811,0.07221773066085446
COHFACE_s20_session3_natural,31,118,34.93333333333333,0.3676995038986206,0.07376117564502621
COHFACE_s20_session3_natural,31,119,34.96666666666667,0.2529909312725067,0.08352264952766782
COHFACE_s20_session3_natural,31,120,35.0,0.10662243515253067,0.09943556097910705
COHFACE_s20_session3_natural,31,121,35.03333333333333,-0.07162006944417953,0.11891640870449013
COHFACE_s20_session3_natural,31,122,35.06666666666667,-0.2818353772163391,0.13881066744420525
COHFACE_s20_session3_natural,31,123,35.1,-0.5060156583786011,0.15528492657330997
COHFACE_s20_session3_natural,31,124,35.13333333333333,-0.6993511915206909,0.16433356289686918
COHFACE_s20_session3_natural,31,125,35.166666666666664,-0.8328416347503662,0.1628972509321407
COHFACE_s20_session3_natural,31,126,35.2,-0.917751133441925,0.1499023507703924
COHFACE_s20_session3_natural,31,127,35.233333333333334,-0.9764928817749023,0.12643063975007907
COHFACE_s20_session3_natural,31,128,35.266666666666666,-1.0351521968841553,0.09486487486533317
COHFACE_s20_session3_natural,31,129,35.3,-1.1044994592666626,0.057695513415011765
COHFACE_s20_session3_natural,31,130,35.333333333333336,-1.1512523889541626,0.01699399008760778
COHFACE_s20_session3_natural,31,131,35.36666666666667,-1.111901879310608,-0.024990375138235963
COHFACE_s20_session3_natural,31,132,35.4,-0.6818456053733826,-0.06474561970077689
COHFACE_s20_session3_natural,31,133,35.43333333333333,0.14871490001678467,-0.0971662668140748
COHFACE_s20_session3_natural,31,134,35.46666666666667,0.8968195915222168,-0.1166343093572975
COHFACE_s20_session3_natural,31,135,35.5,1.3334548473358154,-0.1189372943762306
COHFACE_s20_session3_natural,31,136,35.53333333333333,1.5288406610488892,-0.10267462869710578
COHFACE_s20_session3_natural,31,137,35.56666666666667,1.5511467456817627,-0.0692544407284714
COHFACE_s20_session3_natural,31,138,35.6,1.3722620010375977,-0.02202061767832755
COHFACE_s20_session3_natural,31,139,35.63333333333333,1.0648930072784424,0.03403680241321728
COHFACE_s20_session3_natural,31,140,35.666666666666664,0.7724277973175049,0.09129576502225976
COHFACE_s20_session3_natural,31,141,35.7,0.5807555913925171,0.13828105642625743
COHFACE_s20_session3_natural,31,142,35.733333333333334,0.45747536420822144,0.16032471362464715
COHFACE_s20_session3_natural,31,143,35.766666666666666,0.3180069923400879,0.143412304050277
COHFACE_s20_session3_natural,31,144,35.8,0.13826589286327362,0.08005486376109149
COHFACE_s20_session3_natural,31,145,35.833333333333336,-0.08280190825462341,-0.0258814062955942
COHFACE_s20_session3_natural,31,146,35.86666666666667,-0.30396851897239685,-0.1580084355766935
COHFACE_s20_session3_natural,31,147,35.9,-0.5083870887756348,-0.2905723584658298
COHFACE_s20_session3_natural,31,148,35.93333333333333,-0.6882846355438232,-0.3948627527143043
COHFACE_s20_session3_natural,31,149,35.96666666666667,-0.8133351802825928,-0.44691130179672
COHFACE_s20_session3_natural,31,150,36.0,-0.8988786935806274,-0.4342666941746163
COHFACE_s20_session3_natural,31,151,36.03333333333333,-0.9785349369049072,-0.3597196782289003
COHFACE_s20_session3_natural,31,152,36.06666666666667,-1.0513321161270142,-0.24032984331227822
COHFACE_s20_session3_natural,31,153,36.1,-1.1147260665893555,-0.10163155822205167
COHFACE_s20_session3_natural,31,154,36.13333333333333,-1.1243846416473389,0.03063810668679749
COHFACE_s20_session3_natural,31,155,36.166666666666664,-0.8446574807167053,0.13749645978868338
COHFACE_s20_session3_natural,31,156,36.2,-0.10932378470897675,0.20966623829702105
COHFACE_s20_session3_natural,31,157,36.233333333333334,0.7206685543060303,0.24644461036325369
COHFACE_s20_session3_natural,31,158,36.266666666666666,1.2959487438201904,0.25248397263518746
COHFACE_s20_session3_natural,31,159,36.3,1.5994724035263062,0.23485388306837449
COHFACE_s20_session3_natural,31,160,36.333333333333336,1.7104920148849487,0.20154278064792275
COHFACE_s20_session3_natural,31,161,36.36666666666667,1.633059024810791,0.16099166751112634
COHFACE_s20_session3_natural,31,162,36.4,1.3608001470565796,0.12158077218524024
COHFACE_s20_session3_natural,31,163,36.43333333333333,1.0056902170181274,0.09041592935785454
COHFACE_s20_session3_natural,31,164,36.46666666666667,0.7379353642463684,0.07170361932684087
COHFACE_s20_session3_natural,31,165,36.5,0.5723815560340881,0.06566484114413246
COHFACE_s20_session3_natural,31,166,36.53333333333333,0.4165768325328827,0.06879218519817928
COHFACE_s20_session3_natural,31,167,36.56666666666667,0.22516806423664093,0.07542236705279198
COHFACE_s20_session3_natural,31,168,36.6,0.006059970706701279,0.07970510104669513
COHFACE_s20_session3_natural,31,169,36.63333333333333,-0.22696366906166077,0.0768973850362577
COHFACE_s20_session3_natural,31,170,36.666666666666664,-0.462597519159317,0.06372196424084088
COHFACE_s20_session3_natural,31,171,36.7,-0.6743361353874207,0.03842138989894227
COHFACE_s20_session3_natural,31,172,36.733333333333334,-0.8314089179039001,0.0011826621637358477
COHFACE_s20_session3_natural,31,173,36.766666666666666,-0.9335029125213623,-0.04511831517724053
COHFACE_s20_session3_natural,31,174,36.8,-1.0125333070755005,-0.0946452955842621
COHFACE_s20_session3_natural,31,175,36.833333333333336,-1.090279221534729,-0.1395414843272999
COHFACE_s20_session3_natural,31,176,36.86666666666667,-1.1655466556549072,-0.17185202146022838
COHFACE_s20_session3_natural,31,177,36.9,-1.2166224718093872,-0.1853769588149903
COHFACE_s20_session3_natural,31,178,36.93333333333333,-1.1178386211395264,-0.17663596938226053
COHFACE_s20_session3_natural,31,179,36.96666666666667,-0.5914768576622009,-0.14493603751301468
COHFACE_s20_session3_natural,31,180,37.0,0.2718798518180847,-0.09201219334242272
COHFACE_s20_session3_natural,31,181,37.03333333333333,1.0264317989349365,-0.0216541723044755
COHFACE_s20_session3_natural,31,182,37.06666666666667,1.4857518672943115,0.060571664286675965
COHFACE_s20_session3_natural,31,183,37.1,1.7105826139450073,0.14757522892542987
COHFACE_s20_session3_natural,31,184,37.13333333333333,1.754807710647583,0.23093549062554283
COHFACE_s20_session3_natural,31,185,37.166666666666664,1.6066607236862183,0.30085062827433967
COHFACE_s20_session3_natural,31,186,37.2,1.2803452014923096,0.3458338815556432
COHFACE_s20_session3_natural,31,187,37.233333333333334,0.9309909343719482,0.3527706461735252
COHFACE_s20_session3_natural,31,188,37.266666666666666,0.6751177906990051,0.30865308731234276
COHFACE_s20_session3_natural,31,189,37.3,0.49731168150901794,0.20510976716441282
COHFACE_s20_session3_natural,31,190,37.333333333333336,0.325030654668808,0.0451218402213511
COHFACE_s20_session3_natural,31,191,37.36666666666667,0.12178132683038712,-0.1513676929326871
COHFACE_s20_session3_natural,31,192,37.4,-0.10868152976036072,-0.3479535284236804
COHFACE_s20_session3_natural,31,193,37.43333333333333,-0.35327401757240295,-0.5012639794113035
COHFACE_s20_session3_natural,31,194,37.46666666666667,-0.5870222449302673,-0.5762608334328313
COHFACE_s20_session3_natural,31,195,37.5,-0.7829021215438843,-0.5592607103371976
COHFACE_s20_session3_natural,31,196,37.53333333333333,-0.9217446446418762,-0.46166149065522893
COHFACE_s20_session3_natural,31,197,37.56666666666667,-1.0194910764694214,-0.3131347892123004
COHFACE_s20_session3_natural,31,198,37.6,-1.1080071926116943,-0.14900220377259202
COHFACE_s20_session3_natural,31,199,37.63333333333333,-1.1999320983886719,0.0012228923477547603
COHFACE_s20_session3_natural,31,200,37.666666666666664,-1.2843557596206665,0.11960899825518206
COHFACE_s20_session3_natural,31,201,37.7,-1.3377372026443481,0.19968660594055287
COHFACE_s20_session3_natural,31,202,37.733333333333334,-1.2281090021133423,0.2429015044979771
COHFACE_s20_session3_natural,31,203,37.766666666666666,-0.6488023400306702,0.25448366478049866
COHFACE_s20_session3_natural,31,204,37.8,0.26345640420913696,0.24064196162082688
COHFACE_s20_session3_natural,31,205,37.833333333333336,1.0240192413330078,0.20761503157766495
COHFACE_s20_session3_natural,31,206,37.86666666666667,1.4718281030654907,0.1619379379565727
COHFACE_s20_session3_natural,31,207,37.9,1.6778029203414917,0.11086898017209687
COHFACE_s20_session3_natural,31,208,37.93333333333333,1.7038142681121826,0.062305882310802446
COHFACE_s20_session3_natural,31,209,37.96666666666667,1.5300016403198242,0.024045218892268922
COHFACE_s20_session3_natural,31,210,38.0,1.1831423044204712,0.0023944486269770627
COHFACE_s20_session3_natural,31,211,38.03333333333333,0.8273406624794006,0.00033503258942756326
COHFACE_s20_session3_natural,31,212,38.06666666666667,0.5770502686500549,0.016010601542212947
COHFACE_s20_session3_natural,31,213,38.1,0.409446120262146,0.042640877173641734
COHFACE_s20_session3_natural,31,214,38.13333333333333,0.26370343565940857,0.07037646624111442
COHFACE_s20_session3_natural,31,215,38.166666666666664,0.08599613606929779,0.08942359488548939
COHFACE_s20_session3_natural,31,216,38.2,-0.1641625612974167,0.09286688146636758
COHFACE_s20_session3_natural,31,217,38.233333333333334,-0.45902392268180847,0.07781967347690648
COHFACE_s20_session3_natural,31,218,38.266666666666666,-0.7435762882232666,0.04485517119491273
COHFACE_s20_session3_natural,31,219,38.3,-0.976344645023346,-0.003087673107618059
COHFACE_s20_session3_natural,31,220,38.333333333333336,-1.1416184902191162,-0.061127161286287736
COHFACE_s20_session3_natural,31,221,38.36666666666667,-1.2467674016952515,-0.12208002093298867
COHFACE_s20_session3_natural,31,222,38.4,-1.3229159116744995,-0.17636272382258422
COHFACE_s20_session3_natural,31,223,38.43333333333333,-1.3872320652008057,-0.21330352275042866
COHFACE_s20_session3_natural,31,224,38.46666666666667,-1.4434459209442139,-0.22383098429106424
COHFACE_s20_session3_natural,31,225,38.5,-1.47517991065979,-0.20324690613702098
COHFACE_s20_session3_natural,31,226,38.53333333333333,-1.3868120908737183,-0.1527110704311191
COHFACE_s20_session3_natural,31,227,38.56666666666667,-0.8714593052864075,-0.07899460752995835
COHFACE_s20_session3_natural,31,228,38.6,0.013297702185809612,0.0069426256625475845
COHFACE_s20_session3_natural,31,229,38.63333333333333,0.7857669591903687,0.09169611120033061
COHFACE_s20_session3_natural,31,230,38.666666666666664,1.218713402748108,0.16117725139488653
COHFACE_s20_session3_natural,31,231,38.7,1.3828344345092773,0.20281953733606847
COHFACE_s20_session3_natural,31,232,38.733333333333334,1.3740569353103638,0.20870737463588815
COHFACE_s20_session3_natural,31,233,38.766666666666666,1.1764315366744995,0.17908606608027874
COHFACE_s20_session3_natural,31,234,38.8,0.8527015447616577,0.12423763808935145
COHFACE_s20_session3_natural,31,235,38.833333333333336,0.5753869414329529,0.06246891850954268
COHFACE_s20_session3_natural,31,236,38.86666666666667,0.4189729392528534,0.013896306545716705
COHFACE_s20_session3_natural,31,237,38.9,0.3086860477924347,-0.007551652873469328
COHFACE_s20_session3_natural,31,238,38.93333333333333,0.17440514266490936,-5.906306837660623e-05
COHFACE_s20_session3_natural,31,239,38.96666666666667,-0.004265529103577137,0.025280509808068674
COHFACE_s20_session3_natural,32,0,32.0,-0.45905688405036926,-0.004576806902954058
COHFACE_s20_session3_natural,32,1,32.03333333333333,-0.632087230682373,2.435452255020169
COHFACE_s20_session3_natural,32,2,32.06666666666667,-0.7438150644302368,4.507882283157891
COHFACE_s20_session3_natural,32,3,32.1,-0.822227954864502,5.933684514521622
COHFACE_s20_session3_natural,32,4,32.13333333333333,-0.8994386196136475,6.586204922587305
COHFACE_s20_session3_natural,32,5,32.166666666666664,-0.9778432846069336,6.50750938216546
COHFACE_s20_session3_natural,32,6,32.2,-1.0327644348144531,5.871858358608199
COHFACE_s20_session3_natural,32,7,32.233333333333334,-1.0442014932632446,4.916543922768318
COHFACE_s20_session3_natural,32,8,32.266666666666666,-0.781247079372406,3.8702464760625808
COHFACE_s20_session3_natural,32,9,32.3,-0.05186657980084419,2.9019527569604007
COHFACE_s20_session3_natural,32,10,32.333333333333336,0.7485490441322327,2.1001842665657913
COHFACE_s20_session3_natural,32,11,32.36666666666667,1.273823857307434,1.4800171153332484
COHFACE_s20_session3_natural,32,12,32.4,1.5344810485839844,1.0074975827264399
COHFACE_s20_session3_natural,32,13,32.43333333333333,1.6190282106399536,0.6289187559758229
COHFACE_s20_session3_natural,32,14,32.46666666666667,1.5336493253707886,0.2951414714458659
COHFACE_s20_session3_natural,32,15,32.5,1.2586073875427246,-0.024050683581727725
COHFACE_s20_session3_natural,32,16,32.53333333333333,0.9131230115890503,-0.3363319884204322
COHFACE_s20_session3_natural,32,17,32.56666666666667,0.6471302509307861,-0.6319092855749266
COHFACE_s20_session3_natural,32,18,32.6,0.480118989944458,-0.8936162761496687
COHFACE_s20_session3_natural,32,19,32.63333333333333,0.3558095097541809,-1.1076616107334696
COHFACE_s20_session3_natural,32,20,32.666666666666664,0.21868787705898285,-1.2709208342111475
COHFACE_s20_session3_natural,32,21,32.7,0.02910708077251911,-1.3921009740580348
COHFACE_s20_session3_natural,32,22,32.733333333333334,-0.19577309489250183,-1.4866692623766677
COHFACE_s20_session3_natural,32,23,32.766666666666666,-0.424375057220459,-1.568261085061426
COHFACE_s20_session3_natural,32,24,32.8,-0.6213747262954712,-1.6410412634399159
COHFACE_s20_session3_natural,32,25,32.833333333333336,-0.7689042091369629,-1.6969580647087699
COHFACE_s20_session3_natural,32,26,32.86666666666667,-0.8832340240478516,-1.7189878070657718
COHFACE_s20_session3_natural,32,27,32.9,-0.9600165486335754,-1.6882542209385476
COHFACE_s20_session3_natural,32,28,32.93333333333333,-1.0202568769454956,-1.5914164076813406
COHFACE_s20_session3_natural,32,29,32.96666666666667,-1.0949150323867798,-1.4253799629425494
COHFACE_s20_session3_natural,32,30,33.0,-1.1386131048202515,-1.1982795457506012
COHFACE_s20_session3_natural,32,31,33.03333333333333,-0.9693374633789062,-0.9273410297639105
COHFACE_s20_session3_natural,32,32,33.06666666666667,-0.3471231758594513,-0.6347887654711958
COHFACE_s20_session3_natural,32,33,33.1,0.4981021583080292,-0.3429964114696198
COHFACE_s20_session3_natural,32,34,33.13333333333333,1.149802565574646,-0.07030276256266474
COHFACE_s20_session3_natural,32,35,33.166666666666664,1.5093753337860107,0.17114508653738697
COHFACE_s20_session3_natural,32,36,33.2,1.6630804538726807,0.3750591593903184
COHFACE_s20_session3_natural,32,37,33.233333333333334,1.665023684501648,0.5389321386553158
COHFACE_s20_session3_natural,32,38,33.266666666666666,1.472108006477356,0.6616179340604512
COHFACE_s20_session3_natural,32,39,33.3,1.1406792402267456,0.7418431203490778
COHFACE_s20_session3_natural,32,40,33.333333333333336,0.831260085105896,0.7782204433231696
COHFACE_s20_session3_natural,32,41,33.36666666666667,0.6272203326225281,0.7704839271534101
COHFACE_s20_session3_natural,32,42,33.4,0.48147761821746826,0.7210701405732022
COHFACE_s20_session3_natural,32,43,33.43333333333333,0.3082331717014313,0.6360551829743065
COHFACE_s20_session3_natural,32,44,33.46666666666667,0.09600050747394562,0.5248631457984354
COHFACE_s20_session3_natural,32,45,33.5,-0.1292831301689148,0.3989937425333875
COHFACE_s20_session3_natural,32,46,33.53333333333333,-0.3589637577533722,0.2707850602092677
COHFACE_s20_session3_natural,32,47,33.56666666666667,-0.5706200003623962,0.15295364339447146
COHFACE_s20_session3_natural,32,48,33.6,-0.742884635925293,0.05823458411591476
COHFACE_s20_session3_natural,32,49,33.63333333333333,-0.8656131625175476,-0.0023383523176591058
COHFACE_s20_session3_natural,32,50,33.666666666666664,-0.954952597618103,-0.02276680448738811
COHFACE_s20_session3_natural,32,51,33.7,-1.0363215208053589,-0.005333300409221999
COHFACE_s20_session3_natural,32,52,33.733333333333334,-1.1173444986343384,0.03864121762567964
COHFACE_s20_session3_natural,32,53,33.766666666666666,-1.1760698556900024,0.09172339877215388
COHFACE_s20_session3_natural,32,54,33.8,-1.1355994939804077,0.1358973100122605
COHFACE_s20_session3_natural,32,55,33.833333333333336,-0.7158769369125366,0.15809426198522125
COHFACE_s20_session3_natural,32,56,33.86666666666667,0.11733493953943253,0.15352771072808033
COHFACE_s20_session3_natural,32,57,33.9,0.8913110494613647,0.12614350267732968
COHFACE_s20_session3_natural,32,58,33.93333333333333,1.3667863607406616,0.08666551074175484
COHFACE_s20_session3_natural,32,59,33.96666666666667,1.5978667736053467,0.04913961535434296
COHFACE_s20_session3_natural,32,60,34.0,1.6470487117767334,0.02686470572170084
COHFACE_s20_session3_natural,32,61,34.03333333333333,1.5153450965881348,0.028576269868930762
COHFACE_s20_session3_natural,32,62,34.06666666666667,1.2076797485351562,0.05585369688818475
COHFACE_s20_session3_natural,32,63,34.1,0.869597852230072,0.1025535557398177
COHFACE_s20_session3_natural,32,64,34.13333333333333,0.6133294701576233,0.15633324164380666
COHFACE_s20_session3_natural,32,65,34.166666666666664,0.4429834187030792,0.20146145289133607
COHFACE_s20_session3_natural,32,66,34.2,0.292012095451355,0.22178775595100453
COHFACE_s20_session3_natural,32,67,34.233333333333334,0.10296651721000671,0.20326232108473652
COHFACE_s20_session3_natural,32,68,34.266666666666666,-0.12423565238714218,0.1363807432826425
COHFACE_s20_session3_natural,32,69,34.3,-0.35066381096839905,0.019285926180200506
COHFACE_s20_session3_natural,32,70,34.333333333333336,-0.5646997690200806,-0.13874000530514027
COHFACE_s20_session3_natural,32,71,34.36666666666667,-0.7454289197921753,-0.31543338714147445
COHFACE_s20_session3_natural,32,72,34.4,-0.8853666186332703,-0.47834600667235366
COHFACE_s20_session3_natural,32,73,34.43333333333333,-0.991865873336792,-0.5935467582372228
COHFACE_s20_session3_natural,32,74,34.46666666666667,-1.080439567565918,-0.6372554024329822
COHFACE_s20_session3_natural,32,75,34.5,-1.1507171392440796,-0.6043482396928977
COHFACE_s20_session3_natural,32,76,34.53333333333333,-1.2162355184555054,-0.5089874172082642
COHFACE_s20_session3_natural,32,77,34.56666666666667,-1.2480107545852661,-0.3773403880605335
COHFACE_s20_session3_natural,32,78,34.6,-1.0603567361831665,-0.2369814669261104
COHFACE_s20_session3_natural,32,79,34.63333333333333,-0.40517324209213257,-0.10881585967600213
COHFACE_s20_session3_natural,32,80,34.666666666666664,0.451423317193985,-0.004438036459220734
COHFACE_s20_session3_natural,32,81,34.7,1.0658564567565918,0.07224798857461301
COHFACE_s20_session3_natural,32,82,34.733333333333334,1.367807388305664,0.12212296241553866
COHFACE_s20_session3_natural,32,83,34.766666666666666,1.4372369050979614,0.148803168643996
COHFACE_s20_session3_natural,32,84,34.8,1.3219683170318604,0.15772501563183336
COHFACE_s20_session3_natural,32,85,34.833333333333336,1.0413107872009277,0.15545341523995396
COHFACE_s20_session3_natural,32,86,34.86666666666667,0.7142130732536316,0.1485646559208032
COHFACE_s20_session3_natural,32,87,34.9,0.4919019341468811,0.1423913469623107
COHFACE_s20_session3_natural,32,88,34.93333333333333,0.3676995038986206,0.14034096070870833
COHFACE_s20_session3_natural,32,89,34.96666666666667,0.2529909312725067,0.14407906545048782
COHFACE_s20_session3_natural,32,90,35.0,0.10662243515253067,0.15407658473017052
COHFACE_s20_session3_natural,32,91,35.03333333333333,-0.07162006944417953,0.1697460317154388
COHFACE_s20_session3_natural,32,92,35.06666666666667,-0.2818353772163391,0.18903912192228345
COHFACE_s20_session3_natural,32,93,35.1,-0.5060156583786011,0.20816921172021993
COHFACE_s20_session3_natural,32,94,35.13333333333333,-0.6993511915206909,0.22214262983281996
COHFACE_s20_session3_natural,32,95,35.166666666666664,-0.8328416347503662,0.22608690788169292
COHFACE_s20_session3_natural,32,96,35.2,-0.917751133441925,0.2166215798643846
COHFACE_s20_session3_natural,32,97,35.233333333333334,-0.9764928817749023,0.19241442378318951
COHFACE_s20_session3_natural,32,98,35.266666666666666,-1.0351521968841553,0.15377525777631074
COHFACE_s20_session3_natural,32,99,35.3,-1.1044994592666626,0.10199369708919319
COHFACE_s20_session3_natural,32,100,35.333333333333336,-1.1512523889541626,0.03932438637515426
COHFACE_s20_session3_natural,32,101,35.36666666666667,-1.111901879310608,-0.030114298081039596
COHFACE_s20_session3_natural,32,102,35.4,-0.6818456053733826,-0.09928006051971733
COHFACE_s20_session3_natural,32,103,35.43333333333333,0.14871490001678467,-0.15828768039482563
COHFACE_s20_session3_natural,32,104,35.46666666666667,0.8968195915222168,-0.19641836314850783
COHFACE_s20_session3_natural,32,105,35.5,1.3334548473358154,-0.2054749505474576
COHFACE_s20_session3_natural,32,106,35.53333333333333,1.5288406610488892,-0.18263415714371461
COHFACE_s20_session3_natural,32,107,35.56666666666667,1.5511467456817627,-0.1311175704831532
COHFACE_s20_session3_natural,32,108,35.6,1.3722620010375977,-0.05883341910703547
COHFACE_s20_session3_natural,32,109,35.63333333333333,1.0648930072784424,0.023311856537076677
COHFACE_s20_session3_natural,32,110,35.666666666666664,0.7724277973175049,0.1021936061431688
COHFACE_s20_session3_natural,32,111,35.7,0.5807555913925171,0.16277715569769605
COHFACE_s20_session3_natural,32,112,35.733333333333334,0.45747536420822144,0.1894568423096292
COHFACE_s20_session3_natural,32,113,35.766666666666666,0.3180069923400879,0.16943121189728197
COHFACE_s20_session3_natural,32,114,35.8,0.13826589286327362,0.09739040461352781
COHFACE_s20_session3_natural,32,115,35.833333333333336,-0.08280190825462341,-0.020650987006776457
COHFACE_s20_session3_natural,32,116,35.86666666666667,-0.30396851897239685,-0.16645746629501845
COHFACE_s20_session3_natural,32,117,35.9,-0.5083870887756348,-0.3124695186182649
COHFACE_s20_session3_natural,32,118,35.93333333333333,-0.6882846355438232,-0.4279958496925108
COHFACE_s20_session3_natural,32,119,35.96666666666667,-0.8133351802825928,-0.4871420967454405
COHFACE_s20_session3_natural,32,120,36.0,-0.8988786935806274,-0.47620834461913036
COHFACE_s20_session3_natural,32,121,36.03333333333333,-0.9785349369049072,-0.39800403967886144
COHFACE_s20_session3_natural,32,122,36.06666666666667,-1.0513321161270142,-0.2709891750366081
COHFACE_s20_session3_natural,32,123,36.1,-1.1147260665893555,-0.12296508490666425
COHFACE_s20_session3_natural,32,124,36.13333333333333,-1.1243846416473389,0.01812325819050078
COHFACE_s20_session3_natural,32,125,36.166666666666664,-0.8446574807167053,0.13200178449512012
COHFACE_s20_session3_natural,32,126,36.2,-0.10932378470897675,0.20932384248976724
COHFACE_s20_session3_natural,32,127,36.233333333333334,0.7206685543060303,0.2501250682094141
COHFACE_s20_session3_natural,32,128,36.266666666666666,1.2959487438201904,0.2597992606354203
COHFACE_s20_session3_natural,32,129,36.3,1.5994724035263062,0.24556104991839975
COHFACE_s20_session3_natural,32,130,36.333333333333336,1.7104920148849487,0.21492717280941515
COHFACE_s20_session3_natural,32,131,36.36666666666667,1.633059024810791,0.17571389686489053
COHFACE_s20_session3_natural,32,132,36.4,1.3608001470565796,0.13607702823988765
COHFACE_s20_session3_natural,32,133,36.43333333333333,1.0056902170181274,0.10358916342410585
COHFACE_s20_session3_natural,32,134,36.46666666666667,0.7379353642463684,0.08357250450882457
COHFACE_s20_session3_natural,32,135,36.5,0.5723815560340881,0.0777755378065742
COHFACE_s20_session3_natural,32,136,36.53333333333333,0.4165768325328827,0.08428385735681163
COHFACE_s20_session3_natural,32,137,36.56666666666667,0.22516806423664093,0.0986185408448723
COHFACE_s20_session3_natural,32,138,36.6,0.006059970706701279,0.11516664673391486
COHFACE_s20_session3_natural,32,139,36.63333333333333,-0.22696366906166077,0.12810180624910708
COHFACE_s20_session3_natural,32,140,36.666666666666664,-0.462597519159317,0.131784953320387
COHFACE_s20_session3_natural,32,141,36.7,-0.6743361353874207,0.12134065597222682
COHFACE_s20_session3_natural,32,142,36.733333333333334,-0.8314089179039001,0.09386340263843712
COHFACE_s20_session3_natural,32,143,36.766666666666666,-0.9335029125213623,0.0498394119193274
COHFACE_s20_session3_natural,32,144,36.8,-1.0125333070755005,-0.0062393269604592945
COHFACE_s20_session3_natural,32,145,36.833333333333336,-1.090279221534729,-0.06678983141519024
COHFACE_s20_session3_natural,32,146,36.86666666666667,-1.1655466556549072,-0.12319411748830657
COHFACE_s20_session3_natural,32,147,36.9,-1.2166224718093872,-0.16777171875381422
COHFACE_s20_session3_natural,32,148,36.93333333333333,-1.1178386211395264,-0.19474043957343742
COHFACE_s20_session3_natural,32,149,36.96666666666667,-0.5914768576622009,-0.20020810245927403
COHFACE_s20_session3_natural,32,150,37.0,0.2718798518180847,-0.18192319925045786
COHFACE_s20_session3_natural,32,151,37.03333333333333,1.0264317989349365,-0.1394602158945388
COHFACE_s20_session3_natural,32,152,37.06666666666667,1.4857518672943115,-0.0748955740187806
COHFACE_s20_session3_natural,32,153,37.1,1.7105826139450073,0.006505305023766057
COHFACE_s20_session3_natural,32,154,37.13333333333333,1.754807710647583,0.09602379052500375
COHFACE_s20_session3_natural,32,155,37.166666666666664,1.6066607236862183,0.18167740065082877
COHFACE_s20_session3_natural,32,156,37.2,1.2803452014923096,0.248701317837781
COHFACE_s20_session3_natural,32,157,37.233333333333334,0.9309909343719482,0.28057571102523976
COHFACE_s20_session3_natural,32,158,37.266666666666666,0.6751177906990051,0.26159455246108465
COHFACE_s20_session3_natural,32,159,37.3,0.49731168150901794,0.1818754577530132
COHFACE_s20_session3_natural,32,160,37.333333333333336,0.325030654668808,0.04401155018639197
COHFACE_s20_session3_natural,32,161,37.36666666666667,0.12178132683038712,-0.1319343284944497
COHFACE_s20_session3_natural,32,162,37.4,-0.10868152976036072,-0.30967691061272307
COHFACE_s20_session3_natural,32,163,37.43333333333333,-0.35327401757240295,-0.44652542478804913
COHFACE_s20_session3_natural,32,164,37.46666666666667,-0.5870222449302673,-0.5084868535813536
COHFACE_s20_session3_natural,32,165,37.5,-0.7829021215438843,-0.4829649493925935
COHFACE_s20_session3_natural,32,166,37.53333333333333,-0.9217446446418762,-0.3823304235746627
COHFACE_s20_session3_natural,32,167,37.56666666666667,-1.0194910764694214,-0.23705557019435658
COHFACE_s20_session3_natural,32,168,37.6,-1.1080071926116943,-0.08297769638885237
COHFACE_s20_session3_natural,32,169,37.63333333333333,-1.1999320983886719,0.05034140656755813
COHFACE_s20_session3_natural,32,170,37.666666666666664,-1.2843557596206665,0.14557487101455877
COHFACE_s20_session3_natural,32,171,37.7,-1.3377372026443481,0.19767798594560154
COHFACE_s20_session3_natural,32,172,37.733333333333334,-1.2281090021133423,0.2105268805336858
COHFACE_s20_session3_natural,32,173,37.766666666666666,-0.6488023400306702,0.1929370036321499
COHFACE_s20_session3_natural,32,174,37.8,0.26345640420913696,0.15568552428562088
COHFACE_s20_session3_natural,32,175,37.833333333333336,1.0240192413330078,0.1097439905956795
COHFACE_s20_session3_natural,32,176,37.86666666666667,1.4718281030654907,0.06513612311227211
COHFACE_s20_session3_natural,32,177,37.9,1.6778029203414917,0.02992593114845969
COHFACE_s20_session3_natural,32,178,37.93333333333333,1.7038142681121826,0.00942519355554811
COHFACE_s20_session3_natural,32,179,37.96666666666667,1.5300016403198242,0.005984044166941918
COHFACE_s20_session3_natural,32,180,38.0,1.1831423044204712,0.019316856513385158
COHFACE_s20_session3_natural,32,181,38.03333333333333,0.8273406624794006,0.04691373153402124
COHFACE_s20_session3_natural,32,182,38.06666666666667,0.5770502686500549,0.0843512944629415
COHFACE_s20_session3_natural,32,183,38.1,0.409446120262146,0.1257677375103791
COHFACE_s20_session3_natural,32,184,38.13333333333333,0.26370343565940857,0.16471651372714527
COHFACE_s20_session3_natural,32,185,38.166666666666664,0.08599613606929779,0.19517224423424892
COHFACE_s20_session3_natural,32,186,38.2,-0.1641625612974167,0.21216325053245744
COHFACE_s20_session3_natural,32,187,38.233333333333334,-0.45902392268180847,0.21173769187811906
COHFACE_s20_session3_natural,32,188,38.266666666666666,-0.7435762882232666,0.19065814120690772
COHFACE_s20_session3_natural,32,189,38.3,-0.976344645023346,0.14668502798356542
COHFACE_s20_session3_natural,32,190,38.333333333333336,-1.1416184902191162,0.07996431982156808
COHFACE_s20_session3_natural,32,191,38.36666666666667,-1.2467674016952515,-0.004952766283362652
COHFACE_s20_session3_natural,32,192,38.4,-1.3229159116744995,-0.09784219039941318
COHFACE_s20_session3_natural,32,193,38.43333333333333,-1.3872320652008057,-0.18367380198710126
COHFACE_s20_session3_natural,32,194,38.46666666666667,-1.4434459209442139,-0.24584822645006152
COHFACE_s20_session3_natural,32,195,38.5,-1.47517991065979,-0.270633479121925
COHFACE_s20_session3_natural,32,196,38.53333333333333,-1.3868120908737183,-0.2510339044791709
COHFACE_s20_session3_natural,32,197,38.56666666666667,-0.8714593052864075,-0.18879115298570123
COHFACE_s20_session3_natural,32,198,38.6,0.013297702185809612,-0.09426975730975116
COHFACE_s20_session3_natural,32,199,38.63333333333333,0.7857669591903687,0.015241035066925946
COHFACE_s20_session3_natural,32,200,38.666666666666664,1.218713402748108,0.1182796660584786
COHFACE_s20_session3_natural,32,201,38.7,1.3828344345092773,0.1928550839074981
COHFACE_s20_session3_natural,32,202,38.733333333333334,1.3740569353103638,0.22086129477166772
COHFACE_s20_session3_natural,32,203,38.766666666666666,1.1764315366744995,0.19267882377427045
COHFACE_s20_session3_natural,32,204,38.8,0.8527015447616577,0.11071102091795303
COHFACE_s20_session3_natural,32,205,38.833333333333336,0.5753869414329529,-0.009661013981233103
COHFACE_s20_session3_natural,32,206,38.86666666666667,0.4189729392528534,-0.14266953815173014
COHFACE_s20_session3_natural,32,207,38.9,0.3086860477924347,-0.2581055680417512
COHFACE_s20_session3_natural,32,208,38.93333333333333,0.17440514266490936,-0.3291880125881182
COHFACE_s20_session3_natural,32,209,38.96666666666667,-0.004265529103577137,-0.34002775636662746
COHFACE_s20_session3_natural,32,210,39.0,-0.20857703685760498,-0.2901524939280605
COHFACE_s20_session3_natural,32,211,39.03333333333333,-0.4272651970386505,-0.19434991854051817
COHFACE_s20_session3_natural,32,212,39.06666666666667,-0.6490576267242432,-0.07777331535005638
COHFACE_s20_session3_natural,32,213,39.1,-0.8394453525543213,0.031933842767922986
COHFACE_s20_session3_natural,32,214,39.13333333333333,-0.9769704341888428,0.11267125527528864
COHFACE_s20_session3_natural,32,215,39.166666666666664,-1.0760754346847534,0.15330157678591783
COHFACE_s20_session3_natural,32,216,39.2,-1.1406633853912354,0.15477929283784375
COHFACE_s20_session3_natural,32,217,39.233333333333334,-1.1867575645446777,0.12708699770541598
COHFACE_s20_session3_natural,32,218,39.266666666666666,-1.2344986200332642,0.08384998399824392
COHFACE_s20_session3_natural,32,219,39.3,-1.2876906394958496,0.03731712786155546
COHFACE_s20_session3_natural,32,220,39.333333333333336,-1.2622061967849731,-0.004266541582185067
COHFACE_s20_session3_natural,32,221,39.36666666666667,-0.8507094979286194,-0.03653210332182456
COHFACE_s20_session3_natural,32,222,39.4,0.00949356984347105,-0.05734032950606081
COHFACE_s20_session3_natural,32,223,39.43333333333333,0.8381931781768799,-0.06536781733335864
COHFACE_s20_session3_natural,32,224,39.46666666666667,1.3423476219177246,-0.05984499532998698
COHFACE_s20_session3_natural,32,225,39.5,1.5745478868484497,-0.04112430537522529
COHFACE_s20_session3_natural,32,226,39.53333333333333,1.6147383451461792,-0.011199557858021373
COHFACE_s20_session3_natural,32,227,39.56666666666667,1.4632235765457153,0.02640764472697296
COHFACE_s20_session3_natural,32,228,39.6,1.1502636671066284,0.06731661102739721
COHFACE_s20_session3_natural,32,229,39.63333333333333,0.822589635848999,0.10701798838899142
COHFACE_s20_session3_natural,32,230,39.666666666666664,0.5966308116912842,0.14131450030426
COHFACE_s20_session3_natural,32,231,39.7,0.45101985335350037,0.16653342783395464
COHFACE_s20_session3_natural,32,232,39.733333333333334,0.3038526475429535,0.1797923383315051
COHFACE_s20_session3_natural,32,233,39.766666666666666,0.10946318507194519,0.17947146646794113
COHFACE_s20_session3_natural,32,234,39.8,-0.1222183108329773,0.16571424241670624
COHFACE_s20_session3_natural,32,235,39.833333333333336,-0.34904995560646057,0.14055542644276398
COHFACE_s20_session3_natural,32,236,39.86666666666667,-0.5653172731399536,0.10739475424322206
COHFACE_s20_session3_natural,32,237,39.9,-0.7649930119514465,0.06991989282075887
COHFACE_s20_session3_natural,32,238,39.93333333333333,-0.926084041595459,0.030974815049011374
COHFACE_s20_session3_natural,32,239,39.96666666666667,-1.030483603477478,-0.007994121911828338
COHFACE_s20_session3_natural,33,0,33.0,-1.1386131048202515,0.0432910795182812
COHFACE_s20_session3_natural,33,1,33.03333333333333,-0.9693374633789062,2.712477923962431
COHFACE_s20_session3_natural,33,2,33.06666666666667,-0.3471231758594513,4.967933390178744
COHFACE_s20_session3_natural,33,3,33.1,0.4981021583080292,6.4991177451160285
COHFACE_s20_session3_natural,33,4,33.13333333333333,1.149802565574646,7.169432992042309
COHFACE_s20_session3_natural,33,5,33.166666666666664,1.5093753337860107,7.033360674440364
COHFACE_s20_session3_natural,33,6,33.2,1.6630804538726807,6.2929837818757495
COHFACE_s20_session3_natural,33,7,33.233333333333334,1.665023684501648,5.217873679020762
COHFACE_s20_session3_natural,33,8,33.266666666666666,1.472108006477356,4.0633060313903675
COHFACE_s20_session3_natural,33,9,33.3,1.1406792402267456,3.0131354517018907
COHFACE_s20_session3_natural,33,10,33.333333333333336,0.831260085105896,2.157962138855462
COHFACE_s20_session3_natural,33,11,33.36666666666667,0.6272203326225281,1.5050195351264408
COHFACE_s20_session3_natural,33,12,33.4,0.48147761821746826,1.00746316326775
COHFACE_s20_session3_natural,33,13,33.43333333333333,0.3082331717014313,0.5985716210046546
COHFACE_s20_session3_natural,33,14,33.46666666666667,0.09600050747394562,0.21953716952105606
COHFACE_s20_session3_natural,33,15,33.5,-0.1292831301689148,-0.16459015787194864
COHFACE_s20_session3_natural,33,16,33.53333333333333,-0.3589637577533722,-0.5605767592110233
COHFACE_s20_session3_natural,33,17,33.56666666666667,-0.5706200003623962,-0.9510140416083843
COHFACE_s20_session3_natural,33,18,33.6,-0.742884635925293,-1.3033831050544544
COHFACE_s20_session3_natural,33,19,33.63333333333333,-0.8656131625175476,-1.581867943141572
COHFACE_s20_session3_natural,33,20,33.666666666666664,-0.954952597618103,-1.7594659625765143
COHFACE_s20_session3_natural,33,21,33.7,-1.0363215208053589,-1.8270700199895857
COHFACE_s20_session3_natural,33,22,33.733333333333334,-1.1173444986343384,-1.796240907649439
COHFACE_s20_session3_natural,33,23,33.766666666666666,-1.1760698556900024,-1.694465990712543
COHFACE_s20_session3_natural,33,24,33.8,-1.1355994939804077,-1.5552603340182973
COHFACE_s20_session3_natural,33,25,33.833333333333336,-0.7158769369125366,-1.407833169793647
COHFACE_s20_session3_natural,33,26,33.86666666666667,0.11733493953943253,-1.2702495340858522
COHFACE_s20_session3_natural,33,27,33.9,0.8913110494613647,-1.1474096950505097
COHFACE_s20_session3_natural,33,28,33.93333333333333,1.3667863607406616,-1.033100994287917
COHFACE_s20_session3_natural,33,29,33.96666666666667,1.5978667736053467,-0.9145782487394586
COHFACE_s20_session3_natural,33,30,34.0,1.6470487117767334,-0.778164796924467
COHFACE_s20_session3_natural,33,31,34.03333333333333,1.5153450965881348,-0.6145781948678648
COHFACE_s20_session3_natural,33,32,34.06666666666667,1.2076797485351562,-0.4227303094757593
COHFACE_s20_session3_natural,33,33,34.1,0.869597852230072,-0.210951553356753
COHFACE_s20_session3_natural,33,34,34.13333333333333,0.6133294701576233,0.004654960106808454
COHFACE_s20_session3_natural,33,35,34.166666666666664,0.4429834187030792,0.203875456908486
COHFACE_s20_session3_natural,33,36,34.2,0.292012095451355,0.3663545597972699
COHFACE_s20_session3_natural,33,37,34.233333333333334,0.10296651721000671,0.47452675178324266
COHFACE_s20_session3_natural,33,38,34.266666666666666,-0.12423565238714218,0.5157659538248813
COHFACE_s20_session3_natural,33,39,34.3,-0.35066381096839905,0.48514535700180933
COHFACE_s20_session3_natural,33,40,34.333333333333336,-0.5646997690200806,0.38933231223644676
COHFACE_s20_session3_natural,33,41,34.36666666666667,-0.7454289197921753,0.24973022386253899
COHFACE_s20_session3_natural,33,42,34.4,-0.8853666186332703,0.10109881325713099
COHFACE_s20_session3_natural,33,43,34.43333333333333,-0.991865873336792,-0.01684324222734623
COHFACE_s20_session3_natural,33,44,34.46666666666667,-1.080439567565918,-0.07258377960426209
COHFACE_s20_session3_natural,33,45,34.5,-1.1507171392440796,-0.05423035191249153
COHFACE_s20_session3_natural,33,46,34.53333333333333,-1.2162355184555054,0.027100591826825022
COHFACE_s20_session3_natural,33,47,34.56666666666667,-1.2480107545852661,0.14356225828752975
COHFACE_s20_session3_natural,33,48,34.6,-1.0603567361831665,0.262457767076868
COHFACE_s20_session3_natural,33,49,34.63333333333333,-0.40517324209213257,0.35709958142305415
COHFACE_s20_session3_natural,33,50,34.666666666666664,0.451423317193985,0.4124075130438247
COHFACE_s20_session3_natural,33,51,34.7,1.0658564567565918,0.42522862360141844
COHFACE_s20_session3_natural,33,52,34.733333333333334,1.367807388305664,0.4015653561991832
COHFACE_s20_session3_natural,33,53,34.766666666666666,1.4372369050979614,0.35276190263992024
COHFACE_s20_session3_natural,33,54,34.8,1.3219683170318604,0.2917897394292632
COHFACE_s20_session3_natural,33,55,34.833333333333336,1.0413107872009277,0.23013425935670248
COHFACE_s20_session3_natural,33,56,34.86666666666667,0.7142130732536316,0.17567885650757625
COHFACE_s20_session3_natural,33,57,34.9,0.4919019341468811,0.1320297936870173
COHFACE_s20_session3_natural,33,58,34.93333333333333,0.3676995038986206,0.09941558482311293
COHFACE_s20_session3_natural,33,59,34.96666666666667,0.2529909312725067,0.07656198557947107
COHFACE_s20_session3_natural,33,60,35.0,0.10662243515253067,0.062252220891564
COHFACE_s20_session3_natural,33,61,35.03333333333333,-0.07162006944417953,0.05547818475515994
COHFACE_s20_session3_natural,33,62,35.06666666666667,-0.2818353772163391,0.05437275075522101
COHFACE_s20_session3_natural,33,63,35.1,-0.5060156583786011,0.05525831485245697
COHFACE_s20_session3_natural,33,64,35.13333333333333,-0.6993511915206909,0.052977039964213025
COHFACE_s20_session3_natural,33,65,35.166666666666664,-0.8328416347503662,0.04252941404404345
COHFACE_s20_session3_natural,33,66,35.2,-0.917751133441925,0.021012424086443
COHFACE_s20_session3_natural,33,67,35.233333333333334,-0.9764928817749023,-0.011357046944618917
COHFACE_s20_session3_natural,33,68,35.266666666666666,-1.0351521968841553,-0.051646418550982814
COHFACE_s20_session3_natural,33,69,35.3,-1.1044994592666626,-0.09556217583551077
COHFACE_s20_session3_natural,33,70,35.333333333333336,-1.1512523889541626,-0.13876156101995193
COHFACE_s20_session3_natural,33,71,35.36666666666667,-1.111901879310608,-0.17739070789638853
COHFACE_s20_session3_natural,33,72,35.4,-0.6818456053733826,-0.2079076007043714
COHFACE_s20_session3_natural,33,73,35.43333333333333,0.14871490001678467,-0.22685491171162506
COHFACE_s20_session3_natural,33,74,35.46666666666667,0.8968195915222168,-0.23113428864327
COHFACE_s20_session3_natural,33,75,35.5,1.3334548473358154,-0.21868462156650273
COHFACE_s20_session3_natural,33,76,35.53333333333333,1.5288406610488892,-0.18893047736585908
COHFACE_s20_session3_natural,33,77,35.56666666666667,1.5511467456817627,-0.1426079296599853
COHFACE_s20_session3_natural,33,78,35.6,1.3722620010375977,-0.08153061379638836
COHFACE_s20_session3_natural,33,79,35.63333333333333,1.0648930072784424,-0.009297258171894501
COHFACE_s20_session3_natural,33,80,35.666666666666664,0.7724277973175049,0.06700045863199995
COHFACE_s20_session3_natural,33,81,35.7,0.5807555913925171,0.1354321250849116
COHFACE_s20_session3_natural,33,82,35.733333333333334,0.45747536420822144,0.1800712207384074
COHFACE_s20_session3_natural,33,83,35.766666666666666,0.3180069923400879,0.18485376310128745
COHFACE_s20_session3_natural,33,84,35.8,0.13826589286327362,0.13938895011053054
COHFACE_s20_session3_natural,33,85,35.833333333333336,-0.08280190825462341,0.04425070619103931
COHFACE_s20_session3_natural,33,86,35.86666666666667,-0.30396851897239685,-0.08664391431590178
COHFACE_s20_session3_natural,33,87,35.9,-0.5083870887756348,-0.22782174135855204
COHFACE_s20_session3_natural,33,88,35.93333333333333,-0.6882846355438232,-0.3481085601496453
COHFACE_s20_session3_natural,33,89,35.96666666666667,-0.8133351802825928,-0.41909936795661085
COHFACE_s20_session3_natural,33,90,36.0,-0.8988786935806274,-0.4235526424131222
COHFACE_s20_session3_natural,33,91,36.03333333333333,-0.9785349369049072,-0.3605578064670272
COHFACE_s20_session3_natural,33,92,36.06666666666667,-1.0513321161270142,-0.24525918321376805
COHFACE_s20_session3_natural,33,93,36.1,-1.1147260665893555,-0.10316224736783845
COHFACE_s20_session3_natural,33,94,36.13333333333333,-1.1243846416473389,0.03836601715706953
COHFACE_s20_session3_natural,33,95,36.166666666666664,-0.8446574807167053,0.15756428780474382
COHFACE_s20_session3_natural,33,96,36.2,-0.10932378470897675,0.24197894320439667
COHFACE_s20_session3_natural,33,97,36.233333333333334,0.7206685543060303,0.28811538461962977
COHFACE_s20_session3_natural,33,98,36.266666666666666,1.2959487438201904,0.2987746231874415
COHFACE_s20_session3_natural,33,99,36.3,1.5994724035263062,0.2803116130058167
COHFACE_s20_session3_natural,33,100,36.333333333333336,1.7104920148849487,0.2410217545042041
COHFACE_s20_session3_natural,33,101,36.36666666666667,1.633059024810791,0.19038088754736446
COHFACE_s20_session3_natural,33,102,36.4,1.3608001470565796,0.1381523596738078
COHFACE_s20_session3_natural,33,103,36.43333333333333,1.0056902170181274,0.0928230599881524
COHFACE_s20_session3_natural,33,104,36.46666666666667,0.7379353642463684,0.05990748198421971
COHFACE_s20_session3_natural,33,105,36.5,0.5723815560340881,0.041185158864529996
COHFACE_s20_session3_natural,33,106,36.53333333333333,0.4165768325328827,0.035263616393743806
COHFACE_s20_session3_natural,33,107,36.56666666666667,0.22516806423664093,0.03882684616761758
COHFACE_s20_session3_natural,33,108,36.6,0.006059970706701279,0.047646277518686525
COHFACE_s20_session3_natural,33,109,36.63333333333333,-0.22696366906166077,0.056948497307238964
COHFACE_s20_session3_natural,33,110,36.666666666666664,-0.462597519159317,0.061468118999739245
COHFACE_s20_session3_natural,33,111,36.7,-0.6743361353874207,0.055919142060233955
COHFACE_s20_session3_natural,33,112,36.733333333333334,-0.8314089179039001,0.03638121889572847
COHFACE_s20_session3_natural,33,113,36.766666666666666,-0.9335029125213623,0.0022466765318221627
COHFACE_s20_session3_natural,33,114,36.8,-1.0125333070755005,-0.04253792152458234
COHFACE_s20_session3_natural,33,115,36.833333333333336,-1.090279221534729,-0.09012894854161475
COHFACE_s20_session3_natural,33,116,36.86666666666667,-1.1655466556549072,-0.1311663659770382
COHFACE_s20_session3_natural,33,117,36.9,-1.2166224718093872,-0.15741130697805655
COHFACE_s20_session3_natural,33,118,36.93333333333333,-1.1178386211395264,-0.16329190339845912
COHFACE_s20_session3_natural,33,119,36.96666666666667,-0.5914768576622009,-0.14611505837264957
COHFACE_s20_session3_natural,33,120,37.0,0.2718798518180847,-0.10563295999489682
COHFACE_s20_session3_natural,33,121,37.03333333333333,1.0264317989349365,-0.04379682744733932
COHFACE_s20_session3_natural,33,122,37.06666666666667,1.4857518672943115,0.03502236554445807
COHFACE_s20_session3_natural,33,123,37.1,1.7105826139450073,0.12365920336837359
COHFACE_s20_session3_natural,33,124,37.13333333333333,1.754807710647583,0.212018287563188
COHFACE_s20_session3_natural,33,125,37.166666666666664,1.6066607236862183,0.28729853375365877
COHFACE_s20_session3_natural,33,126,37.2,1.2803452014923096,0.3345713930530074
COHFACE_s20_session3_natural,33,127,37.233333333333334,0.9309909343719482,0.33804690994999925
COHFACE_s20_session3_natural,33,128,37.266666666666666,0.6751177906990051,0.2839166906397967
COHFACE_s20_session3_natural,33,129,37.3,0.49731168150901794,0.1654709165503364
COHFACE_s20_session3_natural,33,130,37.333333333333336,0.325030654668808,-0.010411214467429148
COHFACE_s20_session3_natural,33,131,37.36666666666667,0.12178132683038712,-0.2187226304636971
COHFACE_s20_session3_natural,33,132,37.4,-0.10868152976036072,-0.4184260803504942
COHFACE_s20_session3_natural,33,133,37.43333333333333,-0.35327401757240295,-0.5635070570189314
COHFACE_s20_session3_natural,33,134,37.46666666666667,-0.5870222449302673,-0.6192228142933878
COHFACE_s20_session3_natural,33,135,37.5,-0.7829021215438843,-0.5751232169224046
COHFACE_s20_session3_natural,33,136,37.53333333333333,-0.9217446446418762,-0.4478181273780588
COHFACE_s20_session3_natural,33,137,37.56666666666667,-1.0194910764694214,-0.2726116099370825
COHFACE_s20_session3_natural,33,138,37.6,-1.1080071926116943,-0.0893633022536326
COHFACE_s20_session3_natural,33,139,37.63333333333333,-1.1999320983886719,0.06983501932364157
COHFACE_s20_session3_natural,33,140,37.666666666666664,-1.2843557596206665,0.18646284414788766
COHFACE_s20_session3_natural,33,141,37.7,-1.3377372026443481,0.2549271068644086
COHFACE_s20_session3_natural,33,142,37.733333333333334,-1.2281090021133423,0.27838099977727027
COHFACE_s20_session3_natural,33,143,37.766666666666666,-0.6488023400306702,0.2641639144218674
COHFACE_s20_session3_natural,33,144,37.8,0.26345640420913696,0.22087479658827502
COHFACE_s20_session3_natural,33,145,37.833333333333336,1.0240192413330078,0.15754183419346007
COHFACE_s20_session3_natural,33,146,37.86666666666667,1.4718281030654907,0.08407852493057436
COHFACE_s20_session3_natural,33,147,37.9,1.6778029203414917,0.01169337671151462
COHFACE_s20_session3_natural,33,148,37.93333333333333,1.7038142681121826,-0.04776225221779677
COHFACE_s20_session3_natural,33,149,37.96666666666667,1.5300016403198242,-0.08371454643265575
COHFACE_s20_session3_natural,33,150,38.0,1.1831423044204712,-0.08944808782234363
COHFACE_s20_session3_natural,33,151,38.03333333333333,0.8273406624794006,-0.06422726059709728
COHFACE_s20_session3_natural,33,152,38.06666666666667,0.5770502686500549,-0.01381926762868707
COHFACE_s20_session3_natural,33,153,38.1,0.409446120262146,0.05107999082736343
COHFACE_s20_session3_natural,33,154,38.13333333333333,0.26370343565940857,0.1179048540332255
COHFACE_s20_session3_natural,33,155,38.166666666666664,0.08599613606929779,0.17532695379895705
COHFACE_s20_session3_natural,33,156,38.2,-0.1641625612974167,0.2150871470816062
COHFACE_s20_session3_natural,33,157,38.233333333333334,-0.45902392268180847,0.23217323201541584
COHFACE_s20_session3_natural,33,158,38.266666666666666,-0.7435762882232666,0.22407956992725894
COHFACE_s20_session3_natural,33,159,38.3,-0.976344645023346,0.19036557851689015
COHFACE_s20_session3_natural,33,160,38.333333333333336,-1.1416184902191162,0.133196713995831
COHFACE_s20_session3_natural,33,161,38.36666666666667,-1.2467674016952515,0.05846391407117432
COHFACE_s20_session3_natural,33,162,38.4,-1.3229159116744995,-0.023711380496928093
COHFACE_s20_session3_natural,33,163,38.43333333333333,-1.3872320652008057,-0.10011822754535185
COHFACE_s20_session3_natural,33,164,38.46666666666667,-1.4434459209442139,-0.15719226105112669
COHFACE_s20_session3_natural,33,165,38.5,-1.47517991065979,-0.18422215004705655
COHFACE_s20_session3_natural,33,166,38.53333333333333,-1.3868120908737183,-0.17573933090512067
COHFACE_s20_session3_natural,33,167,38.56666666666667,-0.8714593052864075,-0.13251197035971182
COHFACE_s20_session3_natural,33,168,38.6,0.013297702185809612,-0.06145417817010174
COHFACE_s20_session3_natural,33,169,38.63333333333333,0.7857669591903687,0.02495969259776092
COHFACE_s20_session3_natural,33,170,38.666666666666664,1.218713402748108,0.10974766034386448
COHFACE_s20_session3_natural,33,171,38.7,1.3828344345092773,0.17354604176529423
COHFACE_s20_session3_natural,33,172,38.733333333333334,1.3740569353103638,0.19827018877755212
COHFACE_s20_session3_natural,33,173,38.766666666666666,1.1764315366744995,0.1718619509523462
COHFACE_s20_session3_natural,33,174,38.8,0.8527015447616577,0.09264785816826751
COHFACE_s20_session3_natural,33,175,38.833333333333336,0.5753869414329529,-0.028525921742901316
COHFACE_s20_session3_natural,33,176,38.86666666666667,0.4189729392528534,-0.16953740779743806
COHFACE_s20_session3_natural,33,177,38.9,0.3086860477924347,-0.3015248034517077
COHFACE_s20_session3_natural,33,178,38.93333333333333,0.17440514266490936,-0.3955639061389758
COHFACE_s20_session3_natural,33,179,38.96666666666667,-0.004265529103577137,-0.4298120259208402
COHFACE_s20_session3_natural,33,180,39.0,-0.20857703685760498,-0.3953918550705048
COHFACE_s20_session3_natural,33,181,39.03333333333333,-0.4272651970386505,-0.2993285517890044
COHFACE_s20_session3_natural,33,182,39.06666666666667,-0.6490576267242432,-0.1630188561167675
COHFACE_s20_session3_natural,33,183,39.1,-0.8394453525543213,-0.015941741661136256
COHFACE_s20_session3_natural,33,184,39.13333333333333,-0.9769704341888428,0.11322756532864575
COHFACE_s20_session3_natural,33,185,39.166666666666664,-1.0760754346847534,0.20428076171069692
COHFACE_s20_session3_natural,33,186,39.2,-1.1406633853912354,0.24898042606167808
COHFACE_s20_session3_natural,33,187,39.233333333333334,-1.1867575645446777,0.24997483105835866
COHFACE_s20_session3_natural,33,188,39.266666666666666,-1.2344986200332642,0.21684998458650478
COHFACE_s20_session3_natural,33,189,39.3,-1.2876906394958496,0.16180607826438526
COHFACE_s20_session3_natural,33,190,39.333333333333336,-1.2622061967849731,0.09677126292988901
COHFACE_s20_session3_natural,33,191,39.36666666666667,-0.8507094979286194,0.032317855038304574
COHFACE_s20_session3_natural,33,192,39.4,0.00949356984347105,-0.02250862569486137
COHFACE_s20_session3_natural,33,193,39.43333333333333,0.8381931781768799,-0.06059621398426713
COHFACE_s20_session3_natural,33,194,39.46666666666667,1.3423476219177246,-0.07773830230420482
COHFACE_s20_session3_natural,33,195,39.5,1.5745478868484497,-0.07351906180254307
COHFACE_s20_session3_natural,33,196,39.53333333333333,1.6147383451461792,-0.05126667274280282
COHFACE_s20_session3_natural,33,197,39.56666666666667,1.4632235765457153,-0.016830658595763437
COHFACE_s20_session3_natural,33,198,39.6,1.1502636671066284,0.023256111490725862
COHFACE_s20_session3_natural,33,199,39.63333333333333,0.822589635848999,0.06329515648771743
COHFACE_s20_session3_natural,33,200,39.666666666666664,0.5966308116912842,0.09900848973598338
COHFACE_s20_session3_natural,33,201,39.7,0.45101985335350037,0.12725996219267693
COHFACE_s20_session3_natural,33,202,39.733333333333334,0.3038526475429535,0.14546561650879147
COHFACE_s20_session3_natural,33,203,39.766666666666666,0.10946318507194519,0.15127876783555524
COHFACE_s20_session3_natural,33,204,39.8,-0.1222183108329773,0.1427887688975233
COHFACE_s20_session3_natural,33,205,39.833333333333336,-0.34904995560646057,0.11909036653718019
COHFACE_s20_session3_natural,33,206,39.86666666666667,-0.5653172731399536,0.08095984731619811
COHFACE_s20_session3_natural,33,207,39.9,-0.7649930119514465,0.03148010615491753
COHFACE_s20_session3_natural,33,208,39.93333333333333,-0.926084041595459,-0.023459739413309116
COHFACE_s20_session3_natural,33,209,39.96666666666667,-1.030483603477478,-0.0750610717921773
COHFACE_s20_session3_natural,33,210,40.0,-1.0932846069335938,-0.11254156860472428
COHFACE_s20_session3_natural,33,211,40.03333333333333,-1.1394859552383423,-0.12555131787839446
COHFACE_s20_session3_natural,33,212,40.06666666666667,-1.208322525024414,-0.10755102548298971
COHFACE_s20_session3_natural,33,213,40.1,-1.286998987197876,-0.05878202696763017
COHFACE_s20_session3_natural,33,214,40.13333333333333,-1.298905372619629,0.012333271364051972
COHFACE_s20_session3_natural,33,215,40.166666666666664,-1.014114260673523,0.08971765889750992
COHFACE_s20_session3_natural,33,216,40.2,-0.241900235414505,0.15193572160848856
COHFACE_s20_session3_natural,33,217,40.233333333333334,0.6515025496482849,0.17610804723396092
COHFACE_s20_session3_natural,33,218,40.266666666666666,1.2778009176254272,0.14342453115179662
COHFACE_s20_session3_natural,33,219,40.3,1.6026095151901245,0.0458205721096802
COHFACE_s20_session3_natural,33,220,40.333333333333336,1.722719669342041,-0.10787324470954864
COHFACE_s20_session3_natural,33,221,40.36666666666667,1.6613924503326416,-0.289431733978233
COHFACE_s20_session3_natural,33,222,40.4,1.3991626501083374,-0.45573672449149044
COHFACE_s20_session3_natural,33,223,40.43333333333333,1.0456912517547607,-0.5611102736289216
COHFACE_s20_session3_natural,33,224,40.46666666666667,0.7417147755622864,-0.5734241170913439
COHFACE_s20_session3_natural,33,225,40.5,0.5287822484970093,-0.48633269786132916
COHFACE_s20_session3_natural,33,226,40.53333333333333,0.35196423530578613,-0.3211080640003336
COHFACE_s20_session3_natural,33,227,40.56666666666667,0.16534769535064697,-0.11711175560169193
COHFACE_s20_session3_natural,33,228,40.6,-0.043714866042137146,0.0835398937991747
COHFACE_s20_session3_natural,33,229,40.63333333333333,-0.27084293961524963,0.24892450209149303
COHFACE_s20_session3_natural,33,230,40.666666666666664,-0.5148837566375732,0.3629783306560664
COHFACE_s20_session3_natural,33,231,40.7,-0.7459476590156555,0.42431282715981056
COHFACE_s20_session3_natural,33,232,40.733333333333334,-0.9399254322052002,0.44129304809670306
COHFACE_s20_session3_natural,33,233,40.766666666666666,-1.0785539150238037,0.4263166055404234
COHFACE_s20_session3_natural,33,234,40.8,-1.1665265560150146,0.391182870567369
COHFACE_s20_session3_natural,33,235,40.833333333333336,-1.2396448850631714,0.3444417269661185
COHFACE_s20_session3_natural,33,236,40.86666666666667,-1.312697410583496,0.29079358565289964
COHFACE_s20_session3_natural,33,237,40.9,-1.3795826435089111,0.23199453404660303
COHFACE_s20_session3_natural,33,238,40.93333333333333,-1.439172387123108,0.16835660304443198
COHFACE_s20_session3_natural,33,239,40.96666666666667,-1.3769971132278442,0.10003019279615114
COHFACE_s20_session3_natural,34,0,34.0,1.6470487117767334,0.027977990642777534
COHFACE_s20_session3_natural,34,1,34.03333333333333,1.5153450965881348,2.6041581107007943
COHFACE_s20_session3_natural,34,2,34.06666666666667,1.2076797485351562,4.791311872886467
COHFACE_s20_session3_natural,34,3,34.1,0.869597852230072,6.294326635721191
COHFACE_s20_session3_natural,34,4,34.13333333333333,0.6133294701576233,6.978110042068001
COHFACE_s20_session3_natural,34,5,34.166666666666664,0.4429834187030792,6.884668892299263
COHFACE_s20_session3_natural,34,6,34.2,0.292012095451355,6.1942697680926075
COHFACE_s20_session3_natural,34,7,34.233333333333334,0.10296651721000671,5.152037974236145
COHFACE_s20_session3_natural,34,8,34.266666666666666,-0.12423565238714218,3.9927684062061104
COHFACE_s20_session3_natural,34,9,34.3,-0.35066381096839905,2.8895710023451344
COHFACE_s20_session3_natural,34,10,34.333333333333336,-0.5646997690200806,1.936579096822403
COHFACE_s20_session3_natural,34,11,34.36666666666667,-0.7454289197921753,1.1607495970818744
COHFACE_s20_session3_natural,34,12,34.4,-0.8853666186332703,0.5482108703193875
COHFACE_s20_session3_natural,34,13,34.43333333333333,-0.991865873336792,0.069604822553356
COHFACE_s20_session3_natural,34,14,34.46666666666667,-1.080439567565918,-0.304588918529593
COHFACE_s20_session3_natural,34,15,34.5,-1.1507171392440796,-0.5989348609184085
COHFACE_s20_session3_natural,34,16,34.53333333333333,-1.2162355184555054,-0.8328860057516694
COHFACE_s20_session3_natural,34,17,34.56666666666667,-1.2480107545852661,-1.0206025650867658
COHFACE_s20_session3_natural,34,18,34.6,-1.0603567361831665,-1.1699279747461053
COHFACE_s20_session3_natural,34,19,34.63333333333333,-0.40517324209213257,-1.282818528078942
COHFACE_s20_session3_natural,34,20,34.666666666666664,0.451423317193985,-1.358337226849446
COHFACE_s20_session3_natural,34,21,34.7,1.0658564567565918,-1.3964517227827704
COHFACE_s20_session3_natural,34,22,34.733333333333334,1.367807388305664,-1.4001896085019556
COHFACE_s20_session3_natural,34,23,34.766666666666666,1.4372369050979614,-1.3752389813480927
COHFACE_s20_session3_natural,34,24,34.8,1.3219683170318604,-1.3278828295138232
COHFACE_s20_session3_natural,34,25,34.833333333333336,1.0413107872009277,-1.2629296779569807
COHFACE_s20_session3_natural,34,26,34.86666666666667,0.7142130732536316,-1.1827937611316146
COHFACE_s20_session3_natural,34,27,34.9,0.4919019341468811,-1.0877993703730118
COHFACE_s20_session3_natural,34,28,34.93333333333333,0.3676995038986206,-0.9770853545659364
COHFACE_s20_session3_natural,34,29,34.96666666666667,0.2529909312725067,-0.84955693246813
COHFACE_s20_session3_natural,34,30,35.0,0.10662243515253067,-0.7048909627962021
COHFACE_s20_session3_natural,34,31,35.03333333333333,-0.07162006944417953,-0.5448551119440905
COHFACE_s20_session3_natural,34,32,35.06666666666667,-0.2818353772163391,-0.37470212158527705
COHFACE_s20_session3_natural,34,33,35.1,-0.5060156583786011,-0.2037455138151316
COHFACE_s20_session3_natural,34,34,35.13333333333333,-0.6993511915206909,-0.04424650328574112
COHFACE_s20_session3_natural,34,35,35.166666666666664,-0.8328416347503662,0.09140756000258005
COHFACE_s20_session3_natural,34,36,35.2,-0.917751133441925,0.19410460485662176
COHFACE_s20_session3_natural,34,37,35.233333333333334,-0.9764928817749023,0.26034467965210356
COHFACE_s20_session3_natural,34,38,35.266666666666666,-1.0351521968841553,0.2925127027342194
COHFACE_s20_session3_natural,34,39,35.3,-1.1044994592666626,0.2973591400100066
COHFACE_s20_session3_natural,34,40,35.333333333333336,-1.1512523889541626,0.2838772571386378
COHFACE_s20_session3_natural,34,41,35.36666666666667,-1.111901879310608,0.2616810423514938
COHFACE_s20_session3_natural,34,42,35.4,-0.6818456053733826,0.24004474591427724
COHFACE_s20_session3_natural,34,43,35.43333333333333,0.14871490001678467,0.22703863112490386
COHFACE_s20_session3_natural,34,44,35.46666666666667,0.8968195915222168,0.22847588898305707
COHFACE_s20_session3_natural,34,45,35.5,1.3334548473358154,0.24708897492683246
COHFACE_s20_session3_natural,34,46,35.53333333333333,1.5288406610488892,0.2825127523219809
COHFACE_s20_session3_natural,34,47,35.56666666666667,1.5511467456817627,0.33206540260088463
COHFACE_s20_session3_natural,34,48,35.6,1.3722620010375977,0.39150259742690807
COHFACE_s20_session3_natural,34,49,35.63333333333333,1.0648930072784424,0.4547616118419085
COHFACE_s20_session3_natural,34,50,35.666666666666664,0.7724277973175049,0.5126383689337152
COHFACE_s20_session3_natural,34,51,35.7,0.5807555913925171,0.5516678342540594
COHFACE_s20_session3_natural,34,52,35.733333333333334,0.45747536420822144,0.5550738592458007
COHFACE_s20_session3_natural,34,53,35.766666666666666,0.3180069923400879,0.506796602277303
COHFACE_s20_session3_natural,34,54,35.8,0.13826589286327362,0.39759608669860463
COHFACE_s20_session3_natural,34,55,35.833333333333336,-0.08280190825462341,0.23062297521341604
COHFACE_s20_session3_natural,34,56,35.86666666666667,-0.30396851897239685,0.023892870521861738
COHFACE_s20_session3_natural,34,57,35.9,-0.5083870887756348,-0.1916949962562837
COHFACE_s20_session3_natural,34,58,35.93333333333333,-0.6882846355438232,-0.37880415305881676
COHFACE_s20_session3_natural,34,59,35.96666666666667,-0.8133351802825928,-0.5032541755635752
COHFACE_s20_session3_natural,34,60,36.0,-0.8988786935806274,-0.5440726961555223
COHFACE_s20_session3_natural,34,61,36.03333333333333,-0.9785349369049072,-0.5003447862946545
COHFACE_s20_session3_natural,34,62,36.06666666666667,-1.0513321161270142,-0.391487519061792
COHFACE_s20_session3_natural,34,63,36.1,-1.1147260665893555,-0.2500625604009908
COHFACE_s20_session3_natural,34,64,36.13333333333333,-1.1243846416473389,-0.11030702086536802
COHFACE_s20_session3_natural,34,65,36.166666666666664,-0.8446574807167053,0.0019854934267309688
COHFACE_s20_session3_natural,34,66,36.2,-0.10932378470897675,0.07410968420427223
COHFACE_s20_session3_natural,34,67,36.233333333333334,0.7206685543060303,0.10528553758172873
COHFACE_s20_session3_natural,34,68,36.266666666666666,1.2959487438201904,0.10230211357898925
COHFACE_s20_session3_natural,34,69,36.3,1.5994724035263062,0.07520441177166608
COHFACE_s20_session3_natural,34,70,36.333333333333336,1.7104920148849487,0.03482522554642754
COHFACE_s20_session3_natural,34,71,36.36666666666667,1.633059024810791,-0.00806412698496554
COHFACE_s20_session3_natural,34,72,36.4,1.3608001470565796,-0.043310279119097086
COHFACE_s20_session3_natural,34,73,36.43333333333333,1.0056902170181274,-0.06265227129670772
COHFACE_s20_session3_natural,34,74,36.46666666666667,0.7379353642463684,-0.06153170397587878
COHFACE_s20_session3_natural,34,75,36.5,0.5723815560340881,-0.040345836612700935
COHFACE_s20_session3_natural,34,76,36.53333333333333,0.4165768325328827,-0.004240063104318934
COHFACE_s20_session3_natural,34,77,36.56666666666667,0.22516806423664093,0.0385159051787635
COHFACE_s20_session3_natural,34,78,36.6,0.006059970706701279,0.07870097926232267
COHFACE_s20_session3_natural,34,79,36.63333333333333,-0.22696366906166077,0.10790597808079398
COHFACE_s20_session3_natural,34,80,36.666666666666664,-0.462597519159317,0.11957590805096104
COHFACE_s20_session3_natural,34,81,36.7,-0.6743361353874207,0.10973262053311884
COHFACE_s20_session3_natural,34,82,36.733333333333334,-0.8314089179039001,0.0778609972493815
COHFACE_s20_session3_natural,34,83,36.766666666666666,-0.9335029125213623,0.027836004152096125
COHFACE_s20_session3_natural,34,84,36.8,-1.0125333070755005,-0.03196409882225311
COHFACE_s20_session3_natural,34,85,36.833333333333336,-1.090279221534729,-0.0901688600557537
COHFACE_s20_session3_natural,34,86,36.86666666666667,-1.1655466556549072,-0.1352698351813507
COHFACE_s20_session3_natural,34,87,36.9,-1.2166224718093872,-0.1584795542700499
COHFACE_s20_session3_natural,34,88,36.93333333333333,-1.1178386211395264,-0.15532224687620882
COHFACE_s20_session3_natural,34,89,36.96666666666667,-0.5914768576622009,-0.1256091545866625
COHFACE_s20_session3_natural,34,90,37.0,0.2718798518180847,-0.07235600042510283
COHFACE_s20_session3_natural,34,91,37.03333333333333,1.0264317989349365,-0.0005461388893450225
COHFACE_s20_session3_natural,34,92,37.06666666666667,1.4857518672943115,0.08361953237433903
COHFACE_s20_session3_natural,34,93,37.1,1.7105826139450073,0.17283204888969525
COHFACE_s20_session3_natural,34,94,37.13333333333333,1.754807710647583,0.2582990269838361
COHFACE_s20_session3_natural,34,95,37.166666666666664,1.6066607236862183,0.3291495410347726
COHFACE_s20_session3_natural,34,96,37.2,1.2803452014923096,0.3720225412706798
COHFACE_s20_session3_natural,34,97,37.233333333333334,0.9309909343719482,0.3716507852692679
COHFACE_s20_session3_natural,34,98,37.266666666666666,0.6751177906990051,0.31368746363653166
COHFACE_s20_session3_natural,34,99,37.3,0.49731168150901794,0.19048855684143343
COHFACE_s20_session3_natural,34,100,37.333333333333336,0.325030654668808,0.008510435924602013
COHFACE_s20_session3_natural,34,101,37.36666666666667,0.12178132683038712,-0.20662862656972078
COHFACE_s20_session3_natural,34,102,37.4,-0.10868152976036072,-0.4124288268166423
COHFACE_s20_session3_natural,34,103,37.43333333333333,-0.35327401757240295,-0.5612899744450073
COHFACE_s20_session3_natural,34,104,37.46666666666667,-0.5870222449302673,-0.6176250971579509
COHFACE_s20_session3_natural,34,105,37.5,-0.7829021215438843,-0.5714726847910291
COHFACE_s20_session3_natural,34,106,37.53333333333333,-0.9217446446418762,-0.4412822698728409
COHFACE_s20_session3_natural,34,107,37.56666666666667,-1.0194910764694214,-0.2649043514622746
COHFACE_s20_session3_natural,34,108,37.6,-1.1080071926116943,-0.08435961715372021
COHFACE_s20_session3_natural,34,109,37.63333333333333,-1.1999320983886719,0.06756198368546423
COHFACE_s20_session3_natural,34,110,37.666666666666664,-1.2843557596206665,0.1736705440683206
COHFACE_s20_session3_natural,34,111,37.7,-1.3377372026443481,0.23149093134051987
COHFACE_s20_session3_natural,34,112,37.733333333333334,-1.2281090021133423,0.248076785503152
COHFACE_s20_session3_natural,34,113,37.766666666666666,-0.6488023400306702,0.23404134330290816
COHFACE_s20_session3_natural,34,114,37.8,0.26345640420913696,0.19933067782878303
COHFACE_s20_session3_natural,34,115,37.833333333333336,1.0240192413330078,0.15168151946527317
COHFACE_s20_session3_natural,34,116,37.86666666666667,1.4718281030654907,0.09725017966776825
COHFACE_s20_session3_natural,34,117,37.9,1.6778029203414917,0.04209614978959287
COHFACE_s20_session3_natural,34,118,37.93333333333333,1.7038142681121826,-0.006795611885212215
COHFACE_s20_session3_natural,34,119,37.96666666666667,1.5300016403198242,-0.04173980666013108
COHFACE_s20_session3_natural,34,120,38.0,1.1831423044204712,-0.05592020725118839
COHFACE_s20_session3_natural,34,121,38.03333333333333,0.8273406624794006,-0.04569836513859645
COHFACE_s20_session3_natural,34,122,38.06666666666667,0.5770502686500549,-0.012508005772610735
COHFACE_s20_session3_natural,34,123,38.1,0.409446120262146,0.03679504144019395
COHFACE_s20_session3_natural,34,124,38.13333333333333,0.26370343565940857,0.09148563200332883
COHFACE_s20_session3_natural,34,125,38.166666666666664,0.08599613606929779,0.13976001537054267
COHFACE_s20_session3_natural,34,126,38.2,-0.1641625612974167,0.17152637227938441
COHFACE_s20_session3_natural,34,127,38.233333333333334,-0.45902392268180847,0.18018741170002317
COHFACE_s20_session3_natural,34,128,38.266666666666666,-0.7435762882232666,0.1632467210474132
COHFACE_s20_session3_natural,34,129,38.3,-0.976344645023346,0.12227685420211871
COHFACE_s20_session3_natural,34,130,38.333333333333336,-1.1416184902191162,0.06276325289536805
COHFACE_s20_session3_natural,34,131,38.36666666666667,-1.2467674016952515,-0.00623913647555226
COHFACE_s20_session3_natural,34,132,38.4,-1.3229159116744995,-0.07318225361093686
COHFACE_s20_session3_natural,34,133,38.43333333333333,-1.3872320652008057,-0.12614206438369602
COHFACE_s20_session3_natural,34,134,38.46666666666667,-1.4434459209442139,-0.15536228828681953
COHFACE_s20_session3_natural,34,135,38.5,-1.47517991065979,-0.15506924557223886
COHFACE_s20_session3_natural,34,136,38.53333333333333,-1.3868120908737183,-0.12400953597429572
COHFACE_s20_session3_natural,34,137,38.56666666666667,-0.8714593052864075,-0.06517922759459853
COHFACE_s20_session3_natural,34,138,38.6,0.013297702185809612,0.014442609741054538
COHFACE_s20_session3_natural,34,139,38.63333333333333,0.7857669591903687,0.10379865493163834
COHFACE_s20_session3_natural,34,140,38.666666666666664,1.218713402748108,0.1877104393290688
COHFACE_s20_session3_natural,34,141,38.7,1.3828344345092773,0.24787831811100372
COHFACE_s20_session3_natural,34,142,38.733333333333334,1.3740569353103638,0.2658656346888308
COHFACE_s20_session3_natural,34,143,38.766666666666666,1.1764315366744995,0.22806994040509856
COHFACE_s20_session3_natural,34,144,38.8,0.8527015447616577,0.1311879860788899
COHFACE_s20_session3_natural,34,145,38.833333333333336,0.5753869414329529,-0.01423817924441944
COHFACE_s20_session3_natural,34,146,38.86666666666667,0.4189729392528534,-0.18410638061001977
COHFACE_s20_session3_natural,34,147,38.9,0.3086860477924347,-0.34531885917451566
COHFACE_s20_session3_natural,34,148,38.93333333333333,0.17440514266490936,-0.4635849937628355
COHFACE_s20_session3_natural,34,149,38.96666666666667,-0.004265529103577137,-0.5123655772801987
COHFACE_s20_session3_natural,34,150,39.0,-0.20857703685760498,-0.48036242896663905
COHFACE_s20_session3_natural,34,151,39.03333333333333,-0.4272651970386505,-0.3750697053297118
COHFACE_s20_session3_natural,34,152,39.06666666666667,-0.6490576267242432,-0.22076581035763676
COHFACE_s20_session3_natural,34,153,39.1,-0.8394453525543213,-0.051183923431072094
COHFACE_s20_session3_natural,34,154,39.13333333333333,-0.9769704341888428,0.10047704213978581
COHFACE_s20_session3_natural,34,155,39.166666666666664,-1.0760754346847534,0.21019935459333622
COHFACE_s20_session3_natural,34,156,39.2,-1.1406633853912354,0.26739488737890926
COHFACE_s20_session3_natural,34,157,39.233333333333334,-1.1867575645446777,0.2741315339787346
COHFACE_s20_session3_natural,34,158,39.266666666666666,-1.2344986200332642,0.24097052106928454
COHFACE_s20_session3_natural,34,159,39.3,-1.2876906394958496,0.18202062389847687
COHFACE_s20_session3_natural,34,160,39.333333333333336,-1.2622061967849731,0.11127318058040245
COHFACE_s20_session3_natural,34,161,39.36666666666667,-0.8507094979286194,0.04086072270421582
COHFACE_s20_session3_natural,34,162,39.4,0.00949356984347105,-0.01941527180976254
COHFACE_s20_session3_natural,34,163,39.43333333333333,0.8381931781768799,-0.0623417385243823
COHFACE_s20_session3_natural,34,164,39.46666666666667,1.3423476219177246,-0.0837996454671723
COHFACE_s20_session3_natural,34,165,39.5,1.5745478868484497,-0.08317178407324219
COHFACE_s20_session3_natural,34,166,39.53333333333333,1.6147383451461792,-0.06309866859922005
COHFACE_s20_session3_natural,34,167,39.56666666666667,1.4632235765457153,-0.028467875211627174
COHFACE_s20_session3_natural,34,168,39.6,1.1502636671066284,0.014875022351350959
COHFACE_s20_session3_natural,34,169,39.63333333333333,0.822589635848999,0.06099858792412047
COHFACE_s20_session3_natural,34,170,39.666666666666664,0.5966308116912842,0.10405760892645234
COHFACE_s20_session3_natural,34,171,39.7,0.45101985335350037,0.13812611094993604
COHFACE_s20_session3_natural,34,172,39.733333333333334,0.3038526475429535,0.15736757116613087
COHFACE_s20_session3_natural,34,173,39.766666666666666,0.10946318507194519,0.15697556122470666
COHFACE_s20_session3_natural,34,174,39.8,-0.1222183108329773,0.13468781040772043
COHFACE_s20_session3_natural,34,175,39.833333333333336,-0.34904995560646057,0.09214837613357076
COHFACE_s20_session3_natural,34,176,39.86666666666667,-0.5653172731399536,0.03537823806706404
COHFACE_s20_session3_natural,34,177,39.9,-0.7649930119514465,-0.02591691620125273
COHFACE_s20_session3_natural,34,178,39.93333333333333,-0.926084041595459,-0.07990050475974468
COHFACE_s20_session3_natural,34,179,39.96666666666667,-1.030483603477478,-0.11454284396829909
COHFACE_s20_session3_natural,34,180,40.0,-1.0932846069335938,-0.11978002563800606
COHFACE_s20_session3_natural,34,181,40.03333333333333,-1.1394859552383423,-0.0898731552996685
COHFACE_s20_session3_natural,34,182,40.06666666666667,-1.208322525024414,-0.025491763722919173
COHFACE_s20_session3_natural,34,183,40.1,-1.286998987197876,0.06530711513681532
COHFACE_s20_session3_natural,34,184,40.13333333333333,-1.298905372619629,0.16760885274103743
COHFACE_s20_session3_natural,34,185,40.166666666666664,-1.014114260673523,0.2613918543230935
COHFACE_s20_session3_natural,34,186,40.2,-0.241900235414505,0.32405379198233286
COHFACE_s20_session3_natural,34,187,40.233333333333334,0.6515025496482849,0.333740206654587
COHFACE_s20_session3_natural,34,188,40.266666666666666,1.2778009176254272,0.27401150155909
COHFACE_s20_session3_natural,34,189,40.3,1.6026095151901245,0.13997904432212524
COHFACE_s20_session3_natural,34,190,40.333333333333336,1.722719669342041,-0.055632900368408345
COHFACE_s20_session3_natural,34,191,40.36666666666667,1.6613924503326416,-0.2800048949942509
COHFACE_s20_session3_natural,34,192,40.4,1.3991626501083374,-0.4852308650131037
COHFACE_s20_session3_natural,34,193,40.43333333333333,1.0456912517547607,-0.6217753779830132
COHFACE_s20_session3_natural,34,194,40.46666666666667,0.7417147755622864,-0.6556781860670975
COHFACE_s20_session3_natural,34,195,40.5,0.5287822484970093,-0.5810207478185327
COHFACE_s20_session3_natural,34,196,40.53333333333333,0.35196423530578613,-0.4211122685679255
COHFACE_s20_session3_natural,34,197,40.56666666666667,0.16534769535064697,-0.2181532055847228
COHFACE_s20_session3_natural,34,198,40.6,-0.043714866042137146,-0.01737231107628954
COHFACE_s20_session3_natural,34,199,40.63333333333333,-0.27084293961524963,0.14635488820906584
COHFACE_s20_session3_natural,34,200,40.666666666666664,-0.5148837566375732,0.2547028309061396
COHFACE_s20_session3_natural,34,201,40.7,-0.7459476590156555,0.3051897035752139
COHFACE_s20_session3_natural,34,202,40.733333333333334,-0.9399254322052002,0.3064464266385518
COHFACE_s20_session3_natural,34,203,40.766666666666666,-1.0785539150238037,0.2723688723999642
COHFACE_s20_session3_natural,34,204,40.8,-1.1665265560150146,0.21720244264720734
COHFACE_s20_session3_natural,34,205,40.833333333333336,-1.2396448850631714,0.15264983435400295
COHFACE_s20_session3_natural,34,206,40.86666666666667,-1.312697410583496,0.08717483613164828
COHFACE_s20_session3_natural,34,207,40.9,-1.3795826435089111,0.026890412927413135
COHFACE_s20_session3_natural,34,208,40.93333333333333,-1.439172387123108,-0.023090812071127037
COHFACE_s20_session3_natural,34,209,40.96666666666667,-1.3769971132278442,-0.05795525722276344
COHFACE_s20_session3_natural,34,210,41.0,-0.8849219679832458,-0.07365269134751752
COHFACE_s20_session3_natural,34,211,41.03333333333333,0.019267389550805092,-0.06822820098112901
COHFACE_s20_session3_natural,34,212,41.06666666666667,0.8372544646263123,-0.0431680623888867
COHFACE_s20_session3_natural,34,213,41.1,1.3294284343719482,-0.003845973637746385
COHFACE_s20_session3_natural,34,214,41.13333333333333,1.5590267181396484,0.041410949522963134
COHFACE_s20_session3_natural,34,215,41.166666666666664,1.6014320850372314,0.08336300743937217
COHFACE_s20_session3_natural,34,216,41.2,1.4490362405776978,0.11404757078193047
COHFACE_s20_session3_natural,34,217,41.233333333333334,1.1208351850509644,0.1281229994445227
COHFACE_s20_session3_natural,34,218,41.266666666666666,0.7791221141815186,0.12314000802125283
COHFACE_s20_session3_natural,34,219,41.3,0.5410839319229126,0.09936126873321242
COHFACE_s20_session3_natural,34,220,41.333333333333336,0.386621356010437,0.059860854869475684
COHFACE_s20_session3_natural,34,221,41.36666666666667,0.24254192411899567,0.010927882982643352
COHFACE_s20_session3_natural,34,222,41.4,0.07263227552175522,-0.03810294367742765
COHFACE_s20_session3_natural,34,223,41.43333333333333,-0.13285671174526215,-0.07655546339518017
COHFACE_s20_session3_natural,34,224,41.46666666666667,-0.36029765009880066,-0.09549935590477825
COHFACE_s20_session3_natural,34,225,41.5,-0.575280487537384,-0.09078351657211456
COHFACE_s20_session3_natural,34,226,41.53333333333333,-0.7708309888839722,-0.06437256975583447
COHFACE_s20_session3_natural,34,227,41.56666666666667,-0.9340463280677795,-0.02341585677490906
COHFACE_s20_session3_natural,34,228,41.6,-1.046128273010254,0.02199180849729833
COHFACE_s20_session3_natural,34,229,41.63333333333333,-1.1013046503067017,0.060814185836244865
COHFACE_s20_session3_natural,34,230,41.666666666666664,-1.1421126127243042,0.0823066709234352
COHFACE_s20_session3_natural,34,231,41.7,-1.1913522481918335,0.07738949366411214
COHFACE_s20_session3_natural,34,232,41.733333333333334,-1.242889165878296,0.04135516504464828
COHFACE_s20_session3_natural,34,233,41.766666666666666,-1.2579903602600098,-0.02229206046290389
COHFACE_s20_session3_natural,34,234,41.8,-1.0502288341522217,-0.0992229345242661
COHFACE_s20_session3_natural,34,235,41.833333333333336,-0.3490087687969208,-0.16605093906171126
COHFACE_s20_session3_natural,34,236,41.86666666666667,0.536390483379364,-0.1976906063958384
COHFACE_s20_session3_natural,34,237,41.9,1.1679751873016357,-0.17788037764462142
COHFACE_s20_session3_natural,34,238,41.93333333333333,1.4903135299682617,-0.1076092868353271
COHFACE_s20_session3_natural,34,239,41.96666666666667,1.583630084991455,-0.0065072594958670085
COHFACE_s20_session3_natural,35,0,35.0,0.10662243515253067,-0.0034119238140884528
COHFACE_s20_session3_natural,35,1,35.03333333333333,-0.07162006944417953,2.702095126963706
COHFACE_s20_session3_natural,35,2,35.06666666666667,-0.2818353772163391,4.993345747014171
COHFACE_s20_session3_natural,35,3,35.1,-0.5060156583786011,6.556505311301526
COHFACE_s20_session3_natural,35,4,35.13333333333333,-0.6993511915206909,7.250007342652882
COHFACE_s20_session3_natural,35,5,35.166666666666664,-0.8328416347503662,7.12247123376974
COHFACE_s20_session3_natural,35,6,35.2,-0.917751133441925,6.37098082043794
COHFACE_s20_session3_natural,35,7,35.233333333333334,-0.9764928817749023,5.262923279046217
COHFACE_s20_session3_natural,35,8,35.266666666666666,-1.0351521968841553,4.055541073349954
COHFACE_s20_session3_natural,35,9,35.3,-1.1044994592666626,2.9390782900768837
COHFACE_s20_session3_natural,35,10,35.333333333333336,-1.1512523889541626,2.0141653546783846
COHFACE_s20_session3_natural,35,11,35.36666666666667,-1.111901879310608,1.3001970406031507
COHFACE_s20_session3_natural,35,12,35.4,-0.6818456053733826,0.7627831893602723
COHFACE_s20_session3_natural,35,13,35.43333333333333,0.14871490001678467,0.346083859534906
COHFACE_s20_session3_natural,35,14,35.46666666666667,0.8968195915222168,-0.001146502518497891
COHFACE_s20_session3_natural,35,15,35.5,1.3334548473358154,-0.31126549117544294
COHFACE_s20_session3_natural,35,16,35.53333333333333,1.5288406610488892,-0.5950593317175059
COHFACE_s20_session3_natural,35,17,35.56666666666667,1.5511467456817627,-0.847099502766171
COHFACE_s20_session3_natural,35,18,35.6,1.3722620010375977,-1.0548322278264344
COHFACE_s20_session3_natural,35,19,35.63333333333333,1.0648930072784424,-1.2078644160218661
COHFACE_s20_session3_natural,35,20,35.666666666666664,0.7724277973175049,-1.30478272925453
COHFACE_s20_session3_natural,35,21,35.7,0.5807555913925171,-1.3556230468482555
COHFACE_s20_session3_natural,35,22,35.733333333333334,0.45747536420822144,-1.379244248406342
COHFACE_s20_session3_natural,35,23,35.766666666666666,0.3180069923400879,-1.3965335818639808
COHFACE_s20_session3_natural,35,24,35.8,0.13826589286327362,-1.4221577643788705
COHFACE_s20_session3_natural,35,25,35.833333333333336,-0.08280190825462341,-1.4583721894070654
COHFACE_s20_session3_natural,35,26,35.86666666666667,-0.30396851897239685,-1.4934959874697868
COHFACE_s20_session3_natural,35,27,35.9,-0.5083870887756348,-1.50570270434784
COHFACE_s20_session3_natural,35,28,35.93333333333333,-0.6882846355438232,-1.4708308483789145
COHFACE_s20_session3_natural,35,29,35.96666666666667,-0.8133351802825928,-1.3714203777226208
COHFACE_s20_session3_natural,35,30,36.0,-0.8988786935806274,-1.2034494155765172
COHFACE_s20_session3_natural,35,31,36.03333333333333,-0.9785349369049072,-0.978007337984186
COHFACE_s20_session3_natural,35,32,36.06666666666667,-1.0513321161270142,-0.7174950019505434
COHFACE_s20_session3_natural,35,33,36.1,-1.1147260665893555,-0.4484868724440068
COHFACE_s20_session3_natural,35,34,36.13333333333333,-1.1243846416473389,-0.19455700933103875
COHFACE_s20_session3_natural,35,35,36.166666666666664,-0.8446574807167053,0.028163404513446427
COHFACE_s20_session3_natural,35,36,36.2,-0.10932378470897675,0.2115989954741549
COHFACE_s20_session3_natural,35,37,36.233333333333334,0.7206685543060303,0.35339578384726106
COHFACE_s20_session3_natural,35,38,36.266666666666666,1.2959487438201904,0.45389489932931526
COHFACE_s20_session3_natural,35,39,36.3,1.5994724035263062,0.5146037110750923
COHFACE_s20_session3_natural,35,40,36.333333333333336,1.7104920148849487,0.538809888266839
COHFACE_s20_session3_natural,35,41,36.36666666666667,1.633059024810791,0.5331655043428624
COHFACE_s20_session3_natural,35,42,36.4,1.3608001470565796,0.5083267182251343
COHFACE_s20_session3_natural,35,43,36.43333333333333,1.0056902170181274,0.47742984329627114
COHFACE_s20_session3_natural,35,44,36.46666666666667,0.7379353642463684,0.452739079132089
COHFACE_s20_session3_natural,35,45,36.5,0.5723815560340881,0.4420939864845336
COHFACE_s20_session3_natural,35,46,36.53333333333333,0.4165768325328827,0.4469274731722182
COHFACE_s20_session3_natural,35,47,36.56666666666667,0.22516806423664093,0.46264298069965404
COHFACE_s20_session3_natural,35,48,36.6,0.006059970706701279,0.4807734294541187
COHFACE_s20_session3_natural,35,49,36.63333333333333,-0.22696366906166077,0.4915970399767933
COHFACE_s20_session3_natural,35,50,36.666666666666664,-0.462597519159317,0.486237315093482
COHFACE_s20_session3_natural,35,51,36.7,-0.6743361353874207,0.45811170473024854
COHFACE_s20_session3_natural,35,52,36.733333333333334,-0.8314089179039001,0.40403115645419524
COHFACE_s20_session3_natural,35,53,36.766666666666666,-0.9335029125213623,0.32504983267458126
COHFACE_s20_session3_natural,35,54,36.8,-1.0125333070755005,0.2266909547736499
COHFACE_s20_session3_natural,35,55,36.833333333333336,-1.090279221534729,0.11812284643041515
COHFACE_s20_session3_natural,35,56,36.86666666666667,-1.1655466556549072,0.010485151365976638
COHFACE_s20_session3_natural,35,57,36.9,-1.2166224718093872,-0.0848818485842214
COHFACE_s20_session3_natural,35,58,36.93333333333333,-1.1178386211395264,-0.1577732117362729
COHFACE_s20_session3_natural,35,59,36.96666666666667,-0.5914768576622009,-0.20009759221006782
COHFACE_s20_session3_natural,35,60,37.0,0.2718798518180847,-0.20685102542214023
COHFACE_s20_session3_natural,35,61,37.03333333333333,1.0264317989349365,-0.17722056211775694
COHFACE_s20_session3_natural,35,62,37.06666666666667,1.4857518672943115,-0.11552368433552637
COHFACE_s20_session3_natural,35,63,37.1,1.7105826139450073,-0.03149211044380039
COHFACE_s20_session3_natural,35,64,37.13333333333333,1.754807710647583,0.06034372689452623
COHFACE_s20_session3_natural,35,65,37.166666666666664,1.6066607236862183,0.1420199382689333
COHFACE_s20_session3_natural,35,66,37.2,1.2803452014923096,0.19401009363327942
COHFACE_s20_session3_natural,35,67,37.233333333333334,0.9309909343719482,0.19772242399328377
COHFACE_s20_session3_natural,35,68,37.266666666666666,0.6751177906990051,0.1392148760818596
COHFACE_s20_session3_natural,35,69,37.3,0.49731168150901794,0.014424107509965561
COHFACE_s20_session3_natural,35,70,37.333333333333336,0.325030654668808,-0.16530807146617876
COHFACE_s20_session3_natural,35,71,37.36666666666667,0.12178132683038712,-0.37058718547067143
COHFACE_s20_session3_natural,35,72,37.4,-0.10868152976036072,-0.5580444628155254
COHFACE_s20_session3_natural,35,73,37.43333333333333,-0.35327401757240295,-0.6823922652853404
COHFACE_s20_session3_natural,35,74,37.46666666666667,-0.5870222449302673,-0.7122546542826085
COHFACE_s20_session3_natural,35,75,37.5,-0.7829021215438843,-0.6417705187994327
COHFACE_s20_session3_natural,35,76,37.53333333333333,-0.9217446446418762,-0.49171174204819595
COHFACE_s20_session3_natural,35,77,37.56666666666667,-1.0194910764694214,-0.2998445595266211
COHFACE_s20_session3_natural,35,78,37.6,-1.1080071926116943,-0.10620828403453605
COHFACE_s20_session3_natural,35,79,37.63333333333333,-1.1999320983886719,0.059029624496804094
COHFACE_s20_session3_natural,35,80,37.666666666666664,-1.2843557596206665,0.1805436982379805
COHFACE_s20_session3_natural,35,81,37.7,-1.3377372026443481,0.2559908637659466
COHFACE_s20_session3_natural,35,82,37.733333333333334,-1.2281090021133423,0.2906564204502671
COHFACE_s20_session3_natural,35,83,37.766666666666666,-0.6488023400306702,0.29218104880933243
COHFACE_s20_session3_natural,35,84,37.8,0.26345640420913696,0.2675550000565493
COHFACE_s20_session3_natural,35,85,37.833333333333336,1.0240192413330078,0.2227442698555132
COHFACE_s20_session3_natural,35,86,37.86666666666667,1.4718281030654907,0.163948215221263
COHFACE_s20_session3_natural,35,87,37.9,1.6778029203414917,0.0989900088340297
COHFACE_s20_session3_natural,35,88,37.93333333333333,1.7038142681121826,0.03764945829847256
COHFACE_s20_session3_natural,35,89,37.96666666666667,1.5300016403198242,-0.009509904235018645
COHFACE_s20_session3_natural,35,90,38.0,1.1831423044204712,-0.03349890300806985
COHFACE_s20_session3_natural,35,91,38.03333333333333,0.8273406624794006,-0.029530102825235358
COHFACE_s20_session3_natural,35,92,38.06666666666667,0.5770502686500549,0.0012768997432016215
COHFACE_s20_session3_natural,35,93,38.1,0.409446120262146,0.05200256063633126
COHFACE_s20_session3_natural,35,94,38.13333333333333,0.26370343565940857,0.11185146080040327
COHFACE_s20_session3_natural,35,95,38.166666666666664,0.08599613606929779,0.16896127366333333
COHFACE_s20_session3_natural,35,96,38.2,-0.1641625612974167,0.2128131455358186
COHFACE_s20_session3_natural,35,97,38.233333333333334,-0.45902392268180847,0.23544516681669328
COHFACE_s20_session3_natural,35,98,38.266666666666666,-0.7435762882232666,0.2316848611764925
COHFACE_s20_session3_natural,35,99,38.3,-0.976344645023346,0.19932391637451355
COHFACE_s20_session3_natural,35,100,38.333333333333336,-1.1416184902191162,0.1399259577646003
COHFACE_s20_session3_natural,35,101,38.36666666666667,-1.2467674016952515,0.060012635969463046
COHFACE_s20_session3_natural,35,102,38.4,-1.3229159116744995,-0.02850185093793494
COHFACE_s20_session3_natural,35,103,38.43333333333333,-1.3872320652008057,-0.1097435957862939
COHFACE_s20_session3_natural,35,104,38.46666666666667,-1.4434459209442139,-0.16722626617485692
COHFACE_s20_session3_natural,35,105,38.5,-1.47517991065979,-0.18796368067717384
COHFACE_s20_session3_natural,35,106,38.53333333333333,-1.3868120908737183,-0.16586637816493602
COHFACE_s20_session3_natural,35,107,38.56666666666667,-0.8714593052864075,-0.10347945679351729
COHFACE_s20_session3_natural,35,108,38.6,0.013297702185809612,-0.0119288314679296
COHFACE_s20_session3_natural,35,109,38.63333333333333,0.7857669591903687,0.09057835220129687
COHFACE_s20_session3_natural,35,110,38.666666666666664,1.218713402748108,0.1814245035633071
COHFACE_s20_session3_natural,35,111,38.7,1.3828344345092773,0.23738712986477714
COHFACE_s20_session3_natural,35,112,38.733333333333334,1.3740569353103638,0.239439383570227
COHFACE_s20_session3_natural,35,113,38.766666666666666,1.1764315366744995,0.17784905746277557
COHFACE_s20_session3_natural,35,114,38.8,0.8527015447616577,0.05618027262680051
COHFACE_s20_session3_natural,35,115,38.833333333333336,0.5753869414329529,-0.10745837550432177
COHFACE_s20_session3_natural,35,116,38.86666666666667,0.4189729392528534,-0.2829984536543523
COHFACE_s20_session3_natural,35,117,38.9,0.3086860477924347,-0.43468575698024686
COHFACE_s20_session3_natural,35,118,38.93333333333333,0.17440514266490936,-0.5295885733479233
COHFACE_s20_session3_natural,35,119,38.96666666666667,-0.004265529103577137,-0.5460562582338372
COHFACE_s20_session3_natural,35,120,39.0,-0.20857703685760498,-0.4797699206302828
COHFACE_s20_session3_natural,35,121,39.03333333333333,-0.4272651970386505,-0.3454610732393028
COHFACE_s20_session3_natural,35,122,39.06666666666667,-0.6490576267242432,-0.17318007911830377
COHFACE_s20_session3_natural,35,123,39.1,-0.8394453525543213,0.0003489080952587527
COHFACE_s20_session3_natural,35,124,39.13333333333333,-0.9769704341888428,0.14239045603772416
COHFACE_s20_session3_natural,35,125,39.166666666666664,-1.0760754346847534,0.23268166763530854
COHFACE_s20_session3_natural,35,126,39.2,-1.1406633853912354,0.2666888879170857
COHFACE_s20_session3_natural,35,127,39.233333333333334,-1.1867575645446777,0.25327851906346655
COHFACE_s20_session3_natural,35,128,39.266666666666666,-1.2344986200332642,0.208832831804327
COHFACE_s20_session3_natural,35,129,39.3,-1.2876906394958496,0.1508342354354098
COHFACE_s20_session3_natural,35,130,39.333333333333336,-1.2622061967849731,0.09336534918947198
COHFACE_s20_session3_natural,35,131,39.36666666666667,-0.8507094979286194,0.04542438044081687
COHFACE_s20_session3_natural,35,132,39.4,0.00949356984347105,0.011403699930727578
COHFACE_s20_session3_natural,35,133,39.43333333333333,0.8381931781768799,-0.007619181214296673
COHFACE_s20_session3_natural,35,134,39.46666666666667,1.3423476219177246,-0.012742477859691034
COHFACE_s20_session3_natural,35,135,39.5,1.5745478868484497,-0.006409511138773695
COHFACE_s20_session3_natural,35,136,39.53333333333333,1.6147383451461792,0.008371496831939997
COHFACE_s20_session3_natural,35,137,39.56666666666667,1.4632235765457153,0.028852607052742035
COHFACE_s20_session3_natural,35,138,39.6,1.1502636671066284,0.053106163293631825
COHFACE_s20_session3_natural,35,139,39.63333333333333,0.822589635848999,0.0798902823837381
COHFACE_s20_session3_natural,35,140,39.666666666666664,0.5966308116912842,0.10780155849068737
COHFACE_s20_session3_natural,35,141,39.7,0.45101985335350037,0.13423646277249404
COHFACE_s20_session3_natural,35,142,39.733333333333334,0.3038526475429535,0.15484539402444958
COHFACE_s20_session3_natural,35,143,39.766666666666666,0.10946318507194519,0.16392080049589763
COHFACE_s20_session3_natural,35,144,39.8,-0.1222183108329773,0.15575114802579773
COHFACE_s20_session3_natural,35,145,39.833333333333336,-0.34904995560646057,0.12659057720459232
COHFACE_s20_session3_natural,35,146,39.86666666666667,-0.5653172731399536,0.07665223605960564
COHFACE_s20_session3_natural,35,147,39.9,-0.7649930119514465,0.011462772417735263
COHFACE_s20_session3_natural,35,148,39.93333333333333,-0.926084041595459,-0.05800481365104301
COHFACE_s20_session3_natural,35,149,39.96666666666667,-1.030483603477478,-0.11681057921881002
COHFACE_s20_session3_natural,35,150,40.0,-1.0932846069335938,-0.14919869333305427
COHFACE_s20_session3_natural,35,151,40.03333333333333,-1.1394859552383423,-0.14288562951749645
COHFACE_s20_session3_natural,35,152,40.06666666666667,-1.208322525024414,-0.09322624207966168
COHFACE_s20_session3_natural,35,153,40.1,-1.286998987197876,-0.0057737162057607
COHFACE_s20_session3_natural,35,154,40.13333333333333,-1.298905372619629,0.10360780178573506
COHFACE_s20_session3_natural,35,155,40.166666666666664,-1.014114260673523,0.2109852942491386
COHFACE_s20_session3_natural,35,156,40.2,-0.241900235414505,0.28838914444911035
COHFACE_s20_session3_natural,35,157,40.233333333333334,0.6515025496482849,0.30916276031442264
COHFACE_s20_session3_natural,35,158,40.266666666666666,1.2778009176254272,0.25435893475864796
COHFACE_s20_session3_natural,35,159,40.3,1.6026095151901245,0.11954572466346022
COHFACE_s20_session3_natural,35,160,40.333333333333336,1.722719669342041,-0.07979230279450737
COHFACE_s20_session3_natural,35,161,40.36666666666667,1.6613924503326416,-0.30737486329350944
COHFACE_s20_session3_natural,35,162,40.4,1.3991626501083374,-0.5128718575296574
COHFACE_s20_session3_natural,35,163,40.43333333333333,1.0456912517547607,-0.6464063892473872
COHFACE_s20_session3_natural,35,164,40.46666666666667,0.7417147755622864,-0.6756454080371871
COHFACE_s20_session3_natural,35,165,40.5,0.5287822484970093,-0.5971456324252379
COHFACE_s20_session3_natural,35,166,40.53333333333333,0.35196423530578613,-0.43616120360984706
COHFACE_s20_session3_natural,35,167,40.56666666666667,0.16534769535064697,-0.23550220704692154
COHFACE_s20_session3_natural,35,168,40.6,-0.043714866042137146,-0.03969671522156059
COHFACE_s20_session3_natural,35,169,40.63333333333333,-0.27084293961524963,0.11788898085972628
COHFACE_s20_session3_natural,35,170,40.666666666666664,-0.5148837566375732,0.2206908009678764
COHFACE_s20_session3_natural,35,171,40.7,-0.7459476590156555,0.26783111657424874
COHFACE_s20_session3_natural,35,172,40.733333333333334,-0.9399254322052002,0.26923398569658186
COHFACE_s20_session3_natural,35,173,40.766666666666666,-1.0785539150238037,0.23989375470564175
COHFACE_s20_session3_natural,35,174,40.8,-1.1665265560150146,0.19509207569514384
COHFACE_s20_session3_natural,35,175,40.833333333333336,-1.2396448850631714,0.14727723137294313
COHFACE_s20_session3_natural,35,176,40.86666666666667,-1.312697410583496,0.10471168389239213
COHFACE_s20_session3_natural,35,177,40.9,-1.3795826435089111,0.07168555881450041
COHFACE_s20_session3_natural,35,178,40.93333333333333,-1.439172387123108,0.049775738049839924
COHFACE_s20_session3_natural,35,179,40.96666666666667,-1.3769971132278442,0.03936354169106314
COHFACE_s20_session3_natural,35,180,41.0,-0.8849219679832458,0.04062990219296831
COHFACE_s20_session3_natural,35,181,41.03333333333333,0.019267389550805092,0.053604290365802616
COHFACE_s20_session3_natural,35,182,41.06666666666667,0.8372544646263123,0.07742619402200958
COHFACE_s20_session3_natural,35,183,41.1,1.3294284343719482,0.10946078363366846
COHFACE_s20_session3_natural,35,184,41.13333333333333,1.5590267181396484,0.14497954534240814
COHFACE_s20_session3_natural,35,185,41.166666666666664,1.6014320850372314,0.17768369629777175
COHFACE_s20_session3_natural,35,186,41.2,1.4490362405776978,0.20069544120586763
COHFACE_s20_session3_natural,35,187,41.233333333333334,1.1208351850509644,0.20742611418291232
COHFACE_s20_session3_natural,35,188,41.266666666666666,0.7791221141815186,0.19225212148790188
COHFACE_s20_session3_natural,35,189,41.3,0.5410839319229126,0.15154697339476914
COHFACE_s20_session3_natural,35,190,41.333333333333336,0.386621356010437,0.08551812954142815
COHFACE_s20_session3_natural,35,191,41.36666666666667,0.24254192411899567,0.0003515037005913421
COHFACE_s20_session3_natural,35,192,41.4,0.07263227552175522,-0.09094091803914006
COHFACE_s20_session3_natural,35,193,41.43333333333333,-0.13285671174526215,-0.1705564765122688
COHFACE_s20_session3_natural,35,194,41.46666666666667,-0.36029765009880066,-0.22073759372711996
COHFACE_s20_session3_natural,35,195,41.5,-0.575280487537384,-0.22932835895322506
COHFACE_s20_session3_natural,35,196,41.53333333333333,-0.7708309888839722,-0.1933751694030325
COHFACE_s20_session3_natural,35,197,41.56666666666667,-0.9340463280677795,-0.11940631284560403
COHFACE_s20_session3_natural,35,198,41.6,-1.046128273010254,-0.021292670279700977
COHFACE_s20_session3_natural,35,199,41.63333333333333,-1.1013046503067017,0.0822798140423599
COHFACE_s20_session3_natural,35,200,41.666666666666664,-1.1421126127243042,0.16982186188898282
COHFACE_s20_session3_natural,35,201,41.7,-1.1913522481918335,0.21943066054978977
COHFACE_s20_session3_natural,35,202,41.733333333333334,-1.242889165878296,0.21281728528203225
COHFACE_s20_session3_natural,35,203,41.766666666666666,-1.2579903602600098,0.14092338371803287
COHFACE_s20_session3_natural,35,204,41.8,-1.0502288341522217,0.009199407737400581
COHFACE_s20_session3_natural,35,205,41.833333333333336,-0.3490087687969208,-0.16044247140627552
COHFACE_s20_session3_natural,35,206,41.86666666666667,0.536390483379364,-0.3332596787227864
COHFACE_s20_session3_natural,35,207,41.9,1.1679751873016357,-0.47067975192575073
COHFACE_s20_session3_natural,35,208,41.93333333333333,1.4903135299682617,-0.541458157568687
COHFACE_s20_session3_natural,35,209,41.96666666666667,1.583630084991455,-0.5304038322739909
COHFACE_s20_session3_natural,35,210,42.0,1.4857436418533325,-0.4414887410035141
COHFACE_s20_session3_natural,35,211,42.03333333333333,1.208017349243164,-0.2949721854851575
COHFACE_s20_session3_natural,35,212,42.06666666666667,0.8710717558860779,-0.12036888911595395
COHFACE_s20_session3_natural,35,213,42.1,0.6100770235061646,0.05192946308032148
COHFACE_s20_session3_natural,35,214,42.13333333333333,0.44853317737579346,0.1975907665674221
COHFACE_s20_session3_natural,35,215,42.166666666666664,0.30304571986198425,0.30194412288189776
COHFACE_s20_session3_natural,35,216,42.2,0.1398962438106537,0.3598789064061877
COHFACE_s20_session3_natural,35,217,42.233333333333334,-0.04833417013287544,0.3732206778472064
COHFACE_s20_session3_natural,35,218,42.266666666666666,-0.2622795104980469,0.3476300672391392
COHFACE_s20_session3_natural,35,219,42.3,-0.48684680461883545,0.2907759202667602
COHFACE_s20_session3_natural,35,220,42.333333333333336,-0.6933156251907349,0.21220164313684736
COHFACE_s20_session3_natural,35,221,42.36666666666667,-0.8366210460662842,0.12385519760709879
COHFACE_s20_session3_natural,35,222,42.4,-0.906239926815033,0.03969757633328127
COHFACE_s20_session3_natural,35,223,42.43333333333333,-0.922337532043457,-0.026503566108133904
COHFACE_s20_session3_natural,35,224,42.46666666666667,-0.9149268865585327,-0.06461451747721109
COHFACE_s20_session3_natural,35,225,42.5,-1.08859121799469,-0.0711249454914284
COHFACE_s20_session3_natural,35,226,42.53333333333333,-1.462548851966858,-0.050132117200748214
COHFACE_s20_session3_natural,35,227,42.56666666666667,-1.823447346687317,-0.011855352614877076
COHFACE_s20_session3_natural,35,228,42.6,-1.9794249534606934,0.030596259102142264
COHFACE_s20_session3_natural,35,229,42.63333333333333,-1.7092081308364868,0.06487096030145287
COHFACE_s20_session3_natural,35,230,42.666666666666664,-0.9954641461372375,0.08227857856500977
COHFACE_s20_session3_natural,35,231,42.7,-0.13081465661525726,0.0793820337005621
COHFACE_s20_session3_natural,35,232,42.733333333333334,0.5024497509002686,0.05820433729561131
COHFACE_s20_session3_natural,35,233,42.766666666666666,0.6799511909484863,0.02521403874297806
COHFACE_s20_session3_natural,35,234,42.8,0.6156597137451172,-0.010664331393492547
COHFACE_s20_session3_natural,35,235,42.833333333333336,0.3864566683769226,-0.04060592289574175
COHFACE_s20_session3_natural,35,236,42.86666666666667,0.02926352620124817,-0.05830922302530677
COHFACE_s20_session3_natural,35,237,42.9,-0.30402615666389465,-0.06151696567870602
COHFACE_s20_session3_natural,35,238,42.93333333333333,-0.5445592403411865,-0.05225025981028598
COHFACE_s20_session3_natural,35,239,42.96666666666667,-0.6613263487815857,-0.035895207509648475
COHFACE_s20_session3_natural,36,0,36.0,-0.8988786935806274,-0.012383662975562752
COHFACE_s20_session3_natural,36,1,36.03333333333333,-0.9785349369049072,2.548126972954172
COHFACE_s20_session3_natural,36,2,36.06666666666667,-1.0513321161270142,4.714552206218273
COHFACE_s20_session3_natural,36,3,36.1,-1.1147260665893555,6.188540414851386
COHFACE_s20_session3_natural,36,4,36.13333333333333,-1.1243846416473389,6.836237561145347
COHFACE_s20_session3_natural,36,5,36.166666666666664,-0.8446574807167053,6.7058163557544805
COHFACE_s20_session3_natural,36,6,36.2,-0.10932378470897675,5.987680058563611
COHFACE_s20_session3_natural,36,7,36.233333333333334,0.7206685543060303,4.939011330017116
COHFACE_s20_session3_natural,36,8,36.266666666666666,1.2959487438201904,3.8057733694907347
COHFACE_s20_session3_natural,36,9,36.3,1.5994724035263062,2.767964150294174
COHFACE_s20_session3_natural,36,10,36.333333333333336,1.7104920148849487,1.9186470677446221
COHFACE_s20_session3_natural,36,11,36.36666666666667,1.633059024810791,1.2729115013274066
COHFACE_s20_session3_natural,36,12,36.4,1.3608001470565796,0.7944608283555048
COHFACE_s20_session3_natural,36,13,36.43333333333333,1.0056902170181274,0.42615876317272955
COHFACE_s20_session3_natural,36,14,36.46666666666667,0.7379353642463684,0.11465770966829317
COHFACE_s20_session3_natural,36,15,36.5,0.5723815560340881,-0.1752598240767229
COHFACE_s20_session3_natural,36,16,36.53333333333333,0.4165768325328827,-0.4566539808311564
COHFACE_s20_session3_natural,36,17,36.56666666666667,0.22516806423664093,-0.7243252309286967
COHFACE_s20_session3_natural,36,18,36.6,0.006059970706701279,-0.9632207955645321
COHFACE_s20_session3_natural,36,19,36.63333333333333,-0.22696366906166077,-1.157784443577485
COHFACE_s20_session3_natural,36,20,36.666666666666664,-0.462597519159317,-1.2991503621865936
COHFACE_s20_session3_natural,36,21,36.7,-0.6743361353874207,-1.3881399354506843
COHFACE_s20_session3_natural,36,22,36.733333333333334,-0.8314089179039001,-1.4336397770016698
COHFACE_s20_session3_natural,36,23,36.766666666666666,-0.9335029125213623,-1.4477636752486922
COHFACE_s20_session3_natural,36,24,36.8,-1.0125333070755005,-1.4405169635150008
COHFACE_s20_session3_natural,36,25,36.833333333333336,-1.090279221534729,-1.4165534110352132
COHFACE_s20_session3_natural,36,26,36.86666666666667,-1.1655466556549072,-1.3749191207119376
COHFACE_s20_session3_natural,36,27,36.9,-1.2166224718093872,-1.3108704725686038
COHFACE_s20_session3_natural,36,28,36.93333333333333,-1.1178386211395264,-1.2183379150020333
COHFACE_s20_session3_natural,36,29,36.96666666666667,-0.5914768576622009,-1.092150618628456
COHFACE_s20_session3_natural,36,30,37.0,0.2718798518180847,-0.9297898098732754
COHFACE_s20_session3_natural,36,31,37.03333333333333,1.0264317989349365,-0.7327232871317777
COHFACE_s20_session3_natural,36,32,37.06666666666667,1.4857518672943115,-0.5073004951080061
COHFACE_s20_session3_natural,36,33,37.1,1.7105826139450073,-0.2650493425994976
COHFACE_s20_session3_natural,36,34,37.13333333333333,1.754807710647583,-0.02226421861592564
COHFACE_s20_session3_natural,36,35,37.166666666666664,1.6066607236862183,0.20107611180669244
COHFACE_s20_session3_natural,36,36,37.2,1.2803452014923096,0.3830134941464652
COHFACE_s20_session3_natural,36,37,37.233333333333334,0.9309909343719482,0.5021681869555265
COHFACE_s20_session3_natural,36,38,37.266666666666666,0.6751177906990051,0.5417109716374012
COHFACE_s20_session3_natural,36,39,37.3,0.49731168150901794,0.49497850860167153
COHFACE_s20_session3_natural,36,40,37.333333333333336,0.325030654668808,0.37152858619734475
COHFACE_s20_session3_natural,36,41,37.36666666666667,0.12178132683038712,0.20043695999312286
COHFACE_s20_session3_natural,36,42,37.4,-0.10868152976036072,0.02671280199172004
COHFACE_s20_session3_natural,36,43,37.43333333333333,-0.35327401757240295,-0.10082204397568438
COHFACE_s20_session3_natural,36,44,37.46666666666667,-0.5870222449302673,-0.1461167878980309
COHFACE_s20_session3_natural,36,45,37.5,-0.7829021215438843,-0.09867691024961761
COHFACE_s20_session3_natural,36,46,37.53333333333333,-0.9217446446418762,0.024103980450443825
COHFACE_s20_session3_natural,36,47,37.56666666666667,-1.0194910764694214,0.18570972386439932
COHFACE_s20_session3_natural,36,48,37.6,-1.1080071926116943,0.3450501634186911
COHFACE_s20_session3_natural,36,49,37.63333333333333,-1.1999320983886719,0.46937364903332945
COHFACE_s20_session3_natural,36,50,37.666666666666664,-1.2843557596206665,0.5408191570196073
COHFACE_s20_session3_natural,36,51,37.7,-1.3377372026443481,0.5563574322651573
COHFACE_s20_session3_natural,36,52,37.733333333333334,-1.2281090021133423,0.5235904053151826
COHFACE_s20_session3_natural,36,53,37.766666666666666,-0.6488023400306702,0.45531647261300934
COHFACE_s20_session3_natural,36,54,37.8,0.26345640420913696,0.3650417597872108
COHFACE_s20_session3_natural,36,55,37.833333333333336,1.0240192413330078,0.26449523805137354
COHFACE_s20_session3_natural,36,56,37.86666666666667,1.4718281030654907,0.1631114821478057
COHFACE_s20_session3_natural,36,57,37.9,1.6778029203414917,0.06868578957709215
COHFACE_s20_session3_natural,36,58,37.93333333333333,1.7038142681121826,-0.011859357786199483
COHFACE_s20_session3_natural,36,59,37.96666666666667,1.5300016403198242,-0.07240771914942815
COHFACE_s20_session3_natural,36,60,38.0,1.1831423044204712,-0.10848000843374996
COHFACE_s20_session3_natural,36,61,38.03333333333333,0.8273406624794006,-0.11850932699299999
COHFACE_s20_session3_natural,36,62,38.06666666666667,0.5770502686500549,-0.10476536438687904
COHFACE_s20_session3_natural,36,63,38.1,0.409446120262146,-0.07328706293369285
COHFACE_s20_session3_natural,36,64,38.13333333333333,0.26370343565940857,-0.03275237051349674
COHFACE_s20_session3_natural,36,65,38.166666666666664,0.08599613606929779,0.007203511730667549
COHFACE_s20_session3_natural,36,66,38.2,-0.1641625612974167,0.037525161829104585
COHFACE_s20_session3_natural,36,67,38.233333333333334,-0.45902392268180847,0.05076406746968698
COHFACE_s20_session3_natural,36,68,38.266666666666666,-0.7435762882232666,0.041817765418902024
COHFACE_s20_session3_natural,36,69,38.3,-0.976344645023346,0.00886823806387654
COHFACE_s20_session3_natural,36,70,38.333333333333336,-1.1416184902191162,-0.04539773787492145
COHFACE_s20_session3_natural,36,71,38.36666666666667,-1.2467674016952515,-0.11293691910882744
COHFACE_s20_session3_natural,36,72,38.4,-1.3229159116744995,-0.18090540982433204
COHFACE_s20_session3_natural,36,73,38.43333333333333,-1.3872320652008057,-0.23419603451888685
COHFACE_s20_session3_natural,36,74,38.46666666666667,-1.4434459209442139,-0.25933015698826023
COHFACE_s20_session3_natural,36,75,38.5,-1.47517991065979,-0.24809948084423356
COHFACE_s20_session3_natural,36,76,38.53333333333333,-1.3868120908737183,-0.1994694615885375
COHFACE_s20_session3_natural,36,77,38.56666666666667,-0.8714593052864075,-0.11933143738089573
COHFACE_s20_session3_natural,36,78,38.6,0.013297702185809612,-0.01890201957808253
COHFACE_s20_session3_natural,36,79,38.63333333333333,0.7857669591903687,0.08702366375720459
COHFACE_s20_session3_natural,36,80,38.666666666666664,1.218713402748108,0.18146806794554007
COHFACE_s20_session3_natural,36,81,38.7,1.3828344345092773,0.24684138551693866
COHFACE_s20_session3_natural,36,82,38.733333333333334,1.3740569353103638,0.2675139656256151
COHFACE_s20_session3_natural,36,83,38.766666666666666,1.1764315366744995,0.2335319585347138
COHFACE_s20_session3_natural,36,84,38.8,0.8527015447616577,0.14444118019196708
COHFACE_s20_session3_natural,36,85,38.833333333333336,0.5753869414329529,0.011508185850191026
COHFACE_s20_session3_natural,36,86,38.86666666666667,0.4189729392528534,-0.1429456571834661
COHFACE_s20_session3_natural,36,87,38.9,0.3086860477924347,-0.2893596326294747
COHFACE_s20_session3_natural,36,88,38.93333333333333,0.17440514266490936,-0.3972792132389948
COHFACE_s20_session3_natural,36,89,38.96666666666667,-0.004265529103577137,-0.44289384137094095
COHFACE_s20_session3_natural,36,90,39.0,-0.20857703685760498,-0.41574304003272367
COHFACE_s20_session3_natural,36,91,39.03333333333333,-0.4272651970386505,-0.3222433757947924
COHFACE_s20_session3_natural,36,92,39.06666666666667,-0.6490576267242432,-0.18424615314945025
COHFACE_s20_session3_natural,36,93,39.1,-0.8394453525543213,-0.03255944908405683
COHFACE_s20_session3_natural,36,94,39.13333333333333,-0.9769704341888428,0.1022633398427484
COHFACE_s20_session3_natural,36,95,39.166666666666664,-1.0760754346847534,0.19815626224022898
COHFACE_s20_session3_natural,36,96,39.2,-1.1406633853912354,0.24579941103164646
COHFACE_s20_session3_natural,36,97,39.233333333333334,-1.1867575645446777,0.24808757078753554
COHFACE_s20_session3_natural,36,98,39.266666666666666,-1.2344986200332642,0.2161398411941373
COHFACE_s20_session3_natural,36,99,39.3,-1.2876906394958496,0.16424172041803486
COHFACE_s20_session3_natural,36,100,39.333333333333336,-1.2622061967849731,0.10579484931612254
COHFACE_s20_session3_natural,36,101,39.36666666666667,-0.8507094979286194,0.051161204335819235
COHFACE_s20_session3_natural,36,102,39.4,0.00949356984347105,0.007095053864167576
COHFACE_s20_session3_natural,36,103,39.43333333333333,0.8381931781768799,-0.023038408838163386
COHFACE_s20_session3_natural,36,104,39.46666666666667,1.3423476219177246,-0.038738817942103425
COHFACE_s20_session3_natural,36,105,39.5,1.5745478868484497,-0.0415471125078765
COHFACE_s20_session3_natural,36,106,39.53333333333333,1.6147383451461792,-0.03393314502071382
COHFACE_s20_session3_natural,36,107,39.56666666666667,1.4632235765457153,-0.0182252113909113
COHFACE_s20_session3_natural,36,108,39.6,1.1502636671066284,0.003934843802938319
COHFACE_s20_session3_natural,36,109,39.63333333333333,0.822589635848999,0.031334696704203774
COHFACE_s20_session3_natural,36,110,39.666666666666664,0.5966308116912842,0.062314961427675924
COHFACE_s20_session3_natural,36,111,39.7,0.45101985335350037,0.09386301009200251
COHFACE_s20_session3_natural,36,112,39.733333333333334,0.3038526475429535,0.12133679710943082
COHFACE_s20_session3_natural,36,113,39.766666666666666,0.10946318507194519,0.13914016147964237
COHFACE_s20_session3_natural,36,114,39.8,-0.1222183108329773,0.14212254507287306
COHFACE_s20_session3_natural,36,115,39.833333333333336,-0.34904995560646057,0.12713270549412006
COHFACE_s20_session3_natural,36,116,39.86666666666667,-0.5653172731399536,0.09425645630183246
COHFACE_s20_session3_natural,36,117,39.9,-0.7649930119514465,0.0475505531815625
COHFACE_s20_session3_natural,36,118,39.93333333333333,-0.926084041595459,-0.004826238826194353
COHFACE_s20_session3_natural,36,119,39.96666666666667,-1.030483603477478,-0.05134874029583469
COHFACE_s20_session3_natural,36,120,40.0,-1.0932846069335938,-0.07913157434488836
COHFACE_s20_session3_natural,36,121,40.03333333333333,-1.1394859552383423,-0.07723671076369482
COHFACE_s20_session3_natural,36,122,40.06666666666667,-1.208322525024414,-0.04039284336294513
COHFACE_s20_session3_natural,36,123,40.1,-1.286998987197876,0.02833054293720836
COHFACE_s20_session3_natural,36,124,40.13333333333333,-1.298905372619629,0.1168690917343409
COHFACE_s20_session3_natural,36,125,40.166666666666664,-1.014114260673523,0.20554506705969194
COHFACE_s20_session3_natural,36,126,40.2,-0.241900235414505,0.27000447592518895
COHFACE_s20_session3_natural,36,127,40.233333333333334,0.6515025496482849,0.28545988023068386
COHFACE_s20_session3_natural,36,128,40.266666666666666,1.2778009176254272,0.23244105179708097
COHFACE_s20_session3_natural,36,129,40.3,1.6026095151901245,0.10390188597649144
COHFACE_s20_session3_natural,36,130,40.333333333333336,1.722719669342041,-0.08809131819116692
COHFACE_s20_session3_natural,36,131,40.36666666666667,1.6613924503326416,-0.30978544785304907
COHFACE_s20_session3_natural,36,132,40.4,1.3991626501083374,-0.5112877341019104
COHFACE_s20_session3_natural,36,133,40.43333333333333,1.0456912517547607,-0.6410860979821851
COHFACE_s20_session3_natural,36,134,40.46666666666667,0.7417147755622864,-0.664453990316287
COHFACE_s20_session3_natural,36,135,40.5,0.5287822484970093,-0.5766819357807942
COHFACE_s20_session3_natural,36,136,40.53333333333333,0.35196423530578613,-0.4041177394821356
COHFACE_s20_session3_natural,36,137,40.56666666666667,0.16534769535064697,-0.19272871195694136
COHFACE_s20_session3_natural,36,138,40.6,-0.043714866042137146,0.00929196036163225
COHFACE_s20_session3_natural,36,139,40.63333333333333,-0.27084293961524963,0.166088687368306
COHFACE_s20_session3_natural,36,140,40.666666666666664,-0.5148837566375732,0.26070583384725127
COHFACE_s20_session3_natural,36,141,40.7,-0.7459476590156555,0.2939661202838301
COHFACE_s20_session3_natural,36,142,40.733333333333334,-0.9399254322052002,0.27882216776140617
COHFACE_s20_session3_natural,36,143,40.766666666666666,-1.0785539150238037,0.2333726140433637
COHFACE_s20_session3_natural,36,144,40.8,-1.1665265560150146,0.1748544862295469
COHFACE_s20_session3_natural,36,145,40.833333333333336,-1.2396448850631714,0.11597156982470389
COHFACE_s20_session3_natural,36,146,40.86666666666667,-1.312697410583496,0.06397160450147908
COHFACE_s20_session3_natural,36,147,40.9,-1.3795826435089111,0.02196486211135759
COHFACE_s20_session3_natural,36,148,40.93333333333333,-1.439172387123108,-0.008780106077541185
COHFACE_s20_session3_natural,36,149,40.96666666666667,-1.3769971132278442,-0.02705895104314272
COHFACE_s20_session3_natural,36,150,41.0,-0.8849219679832458,-0.03144122773244201
COHFACE_s20_session3_natural,36,151,41.03333333333333,0.019267389550805092,-0.021395917944059005
COHFACE_s20_session3_natural,36,152,41.06666666666667,0.8372544646263123,0.0012165664705231201
COHFACE_s20_session3_natural,36,153,41.1,1.3294284343719482,0.031603390010566994
COHFACE_s20_session3_natural,36,154,41.13333333333333,1.5590267181396484,0.06307974119035847
COHFACE_s20_session3_natural,36,155,41.166666666666664,1.6014320850372314,0.08917288023994886
COHFACE_s20_session3_natural,36,156,41.2,1.4490362405776978,0.10549094764820476
COHFACE_s20_session3_natural,36,157,41.233333333333334,1.1208351850509644,0.11027485030583487
COHFACE_s20_session3_natural,36,158,41.266666666666666,0.7791221141815186,0.10368627259821789
COHFACE_s20_session3_natural,36,159,41.3,0.5410839319229126,0.08689943152778426
COHFACE_s20_session3_natural,36,160,41.333333333333336,0.386621356010437,0.06199894435224257
COHFACE_s20_session3_natural,36,161,41.36666666666667,0.24254192411899567,0.0326657841720633
COHFACE_s20_session3_natural,36,162,41.4,0.07263227552175522,0.00457414106510992
COHFACE_s20_session3_natural,36,163,41.43333333333333,-0.13285671174526215,-0.015577297151538303
COHFACE_s20_session3_natural,36,164,41.46666666666667,-0.36029765009880066,-0.022189108008341896
COHFACE_s20_session3_natural,36,165,41.5,-0.575280487537384,-0.012607689357083885
COHFACE_s20_session3_natural,36,166,41.53333333333333,-0.7708309888839722,0.012537723862384876
COHFACE_s20_session3_natural,36,167,41.56666666666667,-0.9340463280677795,0.050341258132373556
COHFACE_s20_session3_natural,36,168,41.6,-1.046128273010254,0.09648444856164048
COHFACE_s20_session3_natural,36,169,41.63333333333333,-1.1013046503067017,0.14461321814101671
COHFACE_s20_session3_natural,36,170,41.666666666666664,-1.1421126127243042,0.1846910020562018
COHFACE_s20_session3_natural,36,171,41.7,-1.1913522481918335,0.20249451829717405
COHFACE_s20_session3_natural,36,172,41.733333333333334,-1.242889165878296,0.1822171734603441
COHFACE_s20_session3_natural,36,173,41.766666666666666,-1.2579903602600098,0.11219180698627487
COHFACE_s20_session3_natural,36,174,41.8,-1.0502288341522217,-0.008546669714042256
COHFACE_s20_session3_natural,36,175,41.833333333333336,-0.3490087687969208,-0.16626430878529494
COHFACE_s20_session3_natural,36,176,41.86666666666667,0.536390483379364,-0.33366141865017784
COHFACE_s20_session3_natural,36,177,41.9,1.1679751873016357,-0.476340757941135
COHFACE_s20_session3_natural,36,178,41.93333333333333,1.4903135299682617,-0.5622655455649183
COHFACE_s20_session3_natural,36,179,41.96666666666667,1.583630084991455,-0.5706646279090525
COHFACE_s20_session3_natural,36,180,42.0,1.4857436418533325,-0.4975831034699964
COHFACE_s20_session3_natural,36,181,42.03333333333333,1.208017349243164,-0.35677405806250767
COHFACE_s20_session3_natural,36,182,42.06666666666667,0.8710717558860779,-0.1757177370199543
COHFACE_s20_session3_natural,36,183,42.1,0.6100770235061646,0.012220231253730103
COHFACE_s20_session3_natural,36,184,42.13333333333333,0.44853317737579346,0.17672411090167617
COHFACE_s20_session3_natural,36,185,42.166666666666664,0.30304571986198425,0.297040173270702
COHFACE_s20_session3_natural,36,186,42.2,0.1398962438106537,0.3640613239268433
COHFACE_s20_session3_natural,36,187,42.233333333333334,-0.04833417013287544,0.37854326024479135
COHFACE_s20_session3_natural,36,188,42.266666666666666,-0.2622795104980469,0.34765717199060236
COHFACE_s20_session3_natural,36,189,42.3,-0.48684680461883545,0.28207703984981947
COHFACE_s20_session3_natural,36,190,42.333333333333336,-0.6933156251907349,0.19453308783221568
COHFACE_s20_session3_natural,36,191,42.36666666666667,-0.8366210460662842,0.09923675769620341
COHFACE_s20_session3_natural,36,192,42.4,-0.906239926815033,0.010835882009958534
COHFACE_s20_session3_natural,36,193,42.43333333333333,-0.922337532043457,-0.05788646579407125
COHFACE_s20_session3_natural,36,194,42.46666666666667,-0.9149268865585327,-0.09890823858396151
COHFACE_s20_session3_natural,36,195,42.5,-1.08859121799469,-0.11085642431483078
COHFACE_s20_session3_natural,36,196,42.53333333333333,-1.462548851966858,-0.09880208884249644
COHFACE_s20_session3_natural,36,197,42.56666666666667,-1.823447346687317,-0.0721153542957568
COHFACE_s20_session3_natural,36,198,42.6,-1.9794249534606934,-0.04132069038670466
COHFACE_s20_session3_natural,36,199,42.63333333333333,-1.7092081308364868,-0.015051257377161958
COHFACE_s20_session3_natural,36,200,42.666666666666664,-0.9954641461372375,0.001971738865082119
COHFACE_s20_session3_natural,36,201,42.7,-0.13081465661525726,0.009434209352563838
COHFACE_s20_session3_natural,36,202,42.733333333333334,0.5024497509002686,0.010490561899310677
COHFACE_s20_session3_natural,36,203,42.766666666666666,0.6799511909484863,0.009894286310623408
COHFACE_s20_session3_natural,36,204,42.8,0.6156597137451172,0.011759900584472193
COHFACE_s20_session3_natural,36,205,42.833333333333336,0.3864566683769226,0.01759375220286752
COHFACE_s20_session3_natural,36,206,42.86666666666667,0.02926352620124817,0.025508174241815052
COHFACE_s20_session3_natural,36,207,42.9,-0.30402615666389465,0.03139047388456088
COHFACE_s20_session3_natural,36,208,42.93333333333333,-0.5445592403411865,0.031778026505726774
COHFACE_s20_session3_natural,36,209,42.96666666666667,-0.6613263487815857,0.026932871862990197
COHFACE_s20_session3_natural,36,210,43.0,-0.7396733164787292,0.022131337360724212
COHFACE_s20_session3_natural,36,211,43.03333333333333,-0.8786723613739014,0.02598652368463147
COHFACE_s20_session3_natural,36,212,43.06666666666667,-1.0711679458618164,0.04635777060895144
COHFACE_s20_session3_natural,36,213,43.1,-1.2596536874771118,0.085857845019775
COHFACE_s20_session3_natural,36,214,43.13333333333333,-1.4005959033966064,0.139103672243629
COHFACE_s20_session3_natural,36,215,43.166666666666664,-1.5188204050064087,0.1927796735723547
COHFACE_s20_session3_natural,36,216,43.2,-1.5912059545516968,0.22820793473882983
COHFACE_s20_session3_natural,36,217,43.233333333333334,-1.6094279289245605,0.22552545288941458
COHFACE_s20_session3_natural,36,218,43.266666666666666,-1.6094608306884766,0.1689869702792913
COHFACE_s20_session3_natural,36,219,43.3,-1.605582594871521,0.053080573180972174
COHFACE_s20_session3_natural,36,220,43.333333333333336,-1.5922681093215942,-0.11195744302827909
COHFACE_s20_session3_natural,36,221,43.36666666666667,-1.5503404140472412,-0.29816026371806464
COHFACE_s20_session3_natural,36,222,43.4,-1.477378487586975,-0.4644596186806981
COHFACE_s20_session3_natural,36,223,43.43333333333333,-1.2208629846572876,-0.5684498064803092
COHFACE_s20_session3_natural,36,224,43.46666666666667,-0.5255386233329773,-0.5812502890881013
COHFACE_s20_session3_natural,36,225,43.5,0.5373044610023499,-0.49837834511047113
COHFACE_s20_session3_natural,36,226,43.53333333333333,1.348259687423706,-0.34098247261384584
COHFACE_s20_session3_natural,36,227,43.56666666666667,1.6583293676376343,-0.14693279841767456
COHFACE_s20_session3_natural,36,228,43.6,1.70919930934906,0.04322999765596291
COHFACE_s20_session3_natural,36,229,43.63333333333333,1.5899126529693604,0.1983730625180611
COHFACE_s20_session3_natural,36,230,43.666666666666664,1.3007245063781738,0.30241619936363795
COHFACE_s20_session3_natural,36,231,43.7,0.9258199334144592,0.3535999184280612
COHFACE_s20_session3_natural,36,232,43.733333333333334,0.5974048376083374,0.36014088453285786
COHFACE_s20_session3_natural,36,233,43.766666666666666,0.3792024552822113,0.335186620510588
COHFACE_s20_session3_natural,36,234,43.8,0.20466528832912445,0.29273076939422493
COHFACE_s20_session3_natural,36,235,43.833333333333336,-0.0035491667222231627,0.2448220815843419
COHFACE_s20_session3_natural,36,236,43.86666666666667,-0.24371173977851868,0.19981027306619795
COHFACE_s20_session3_natural,36,237,43.9,-0.47498977184295654,0.16145032686975286
COHFACE_s20_session3_natural,36,238,43.93333333333333,-0.6786260604858398,0.12892459916691063
COHFACE_s20_session3_natural,36,239,43.96666666666667,-0.8641721606254578,0.09790054609308091
COHFACE_s20_session3_natural,37,0,37.0,0.2718798518180847,0.017856763860802507
COHFACE_s20_session3_natural,37,1,37.03333333333333,1.0264317989349365,2.5772310383887693
COHFACE_s20_session3_natural,37,2,37.06666666666667,1.4857518672943115,4.753569346700432
COHFACE_s20_session3_natural,37,3,37.1,1.7105826139450073,6.255741164288624
COHFACE_s20_session3_natural,37,4,37.13333333333333,1.754807710647583,6.949673204033277
COHFACE_s20_session3_natural,37,5,37.166666666666664,1.6066607236862183,6.874417394792371
COHFACE_s20_session3_natural,37,6,37.2,1.2803452014923096,6.203286097559809
COHFACE_s20_session3_natural,37,7,37.233333333333334,0.9309909343719482,5.171976302453227
COHFACE_s20_session3_natural,37,8,37.266666666666666,0.6751177906990051,4.006504514007013
COHFACE_s20_session3_natural,37,9,37.3,0.49731168150901794,2.875751600392647
COHFACE_s20_session3_natural,37,10,37.333333333333336,0.325030654668808,1.8772201366096224
COHFACE_s20_session3_natural,37,11,37.36666666666667,0.12178132683038712,1.049219661794201
COHFACE_s20_session3_natural,37,12,37.4,-0.10868152976036072,0.3939572501290405
COHFACE_s20_session3_natural,37,13,37.43333333333333,-0.35327401757240295,-0.10312826747130835
COHFACE_s20_session3_natural,37,14,37.46666666666667,-0.5870222449302673,-0.46389578202477044
COHFACE_s20_session3_natural,37,15,37.5,-0.7829021215438843,-0.7149619512559986
COHFACE_s20_session3_natural,37,16,37.53333333333333,-0.9217446446418762,-0.8860153975754692
COHFACE_s20_session3_natural,37,17,37.56666666666667,-1.0194910764694214,-1.0056126442603919
COHFACE_s20_session3_natural,37,18,37.6,-1.1080071926116943,-1.095618255513864
COHFACE_s20_session3_natural,37,19,37.63333333333333,-1.1999320983886719,-1.167778406454064
COHFACE_s20_session3_natural,37,20,37.666666666666664,-1.2843557596206665,-1.2244510832850697
COHFACE_s20_session3_natural,37,21,37.7,-1.3377372026443481,-1.2625385747045712
COHFACE_s20_session3_natural,37,22,37.733333333333334,-1.2281090021133423,-1.2781749181403703
COHFACE_s20_session3_natural,37,23,37.766666666666666,-0.6488023400306702,-1.2700592078199429
COHFACE_s20_session3_natural,37,24,37.8,0.26345640420913696,-1.2404298320243394
COHFACE_s20_session3_natural,37,25,37.833333333333336,1.0240192413330078,-1.1938530000554077
COHFACE_s20_session3_natural,37,26,37.86666666666667,1.4718281030654907,-1.1348731125392715
COHFACE_s20_session3_natural,37,27,37.9,1.6778029203414917,-1.0658387171527932
COHFACE_s20_session3_natural,37,28,37.93333333333333,1.7038142681121826,-0.985851845223697
COHFACE_s20_session3_natural,37,29,37.96666666666667,1.5300016403198242,-0.8911703154065489
COHFACE_s20_session3_natural,37,30,38.0,1.1831423044204712,-0.7769060485456861
COHFACE_s20_session3_natural,37,31,38.03333333333333,0.8273406624794006,-0.6395236266077494
COHFACE_s20_session3_natural,37,32,38.06666666666667,0.5770502686500549,-0.4793582864450209
COHFACE_s20_session3_natural,37,33,38.1,0.409446120262146,-0.30223730934793636
COHFACE_s20_session3_natural,37,34,38.13333333333333,0.26370343565940857,-0.1194756047084561
COHFACE_s20_session3_natural,37,35,38.166666666666664,0.08599613606929779,0.05389992057902053
COHFACE_s20_session3_natural,37,36,38.2,-0.1641625612974167,0.2020747150006727
COHFACE_s20_session3_natural,37,37,38.233333333333334,-0.45902392268180847,0.31152790420212795
COHFACE_s20_session3_natural,37,38,38.266666666666666,-0.7435762882232666,0.37361101348056497
COHFACE_s20_session3_natural,37,39,38.3,-0.976344645023346,0.38647525772295255
COHFACE_s20_session3_natural,37,40,38.333333333333336,-1.1416184902191162,0.35625597399890757
COHFACE_s20_session3_natural,37,41,38.36666666666667,-1.2467674016952515,0.29703834981904614
COHFACE_s20_session3_natural,37,42,38.4,-1.3229159116744995,0.2288342406685845
COHFACE_s20_session3_natural,37,43,38.43333333333333,-1.3872320652008057,0.1732936059382036
COHFACE_s20_session3_natural,37,44,38.46666666666667,-1.4434459209442139,0.1482252278376895
COHFACE_s20_session3_natural,37,45,38.5,-1.47517991065979,0.1631045460098487
COHFACE_s20_session3_natural,37,46,38.53333333333333,-1.3868120908737183,0.2174751999955096
COHFACE_s20_session3_natural,37,47,38.56666666666667,-0.8714593052864075,0.3025538824942784
COHFACE_s20_session3_natural,37,48,38.6,0.013297702185809612,0.40447978038279536
COHFACE_s20_session3_natural,37,49,38.63333333333333,0.7857669591903687,0.5070139697203461
COHFACE_s20_session3_natural,37,50,38.666666666666664,1.218713402748108,0.5927150223081354
COHFACE_s20_session3_natural,37,51,38.7,1.3828344345092773,0.6434434111356477
COHFACE_s20_session3_natural,37,52,38.733333333333334,1.3740569353103638,0.6418322528520786
COHFACE_s20_session3_natural,37,53,38.766666666666666,1.1764315366744995,0.574685693079604
COHFACE_s20_session3_natural,37,54,38.8,0.8527015447616577,0.43774294710017986
COHFACE_s20_session3_natural,37,55,38.833333333333336,0.5753869414329529,0.2399392765752888
COHFACE_s20_session3_natural,37,56,38.86666666666667,0.4189729392528534,0.005000382531374921
COHFACE_s20_session3_natural,37,57,38.9,0.3086860477924347,-0.23115048379654585
COHFACE_s20_session3_natural,37,58,38.93333333333333,0.17440514266490936,-0.42751475257661997
COHFACE_s20_session3_natural,37,59,38.96666666666667,-0.004265529103577137,-0.5484177584789153
COHFACE_s20_session3_natural,37,60,39.0,-0.20857703685760498,-0.5741852004117345
COHFACE_s20_session3_natural,37,61,39.03333333333333,-0.4272651970386505,-0.5079941816292232
COHFACE_s20_session3_natural,37,62,39.06666666666667,-0.6490576267242432,-0.3753366745658809
COHFACE_s20_session3_natural,37,63,39.1,-0.8394453525543213,-0.2153954140189727
COHFACE_s20_session3_natural,37,64,39.13333333333333,-0.9769704341888428,-0.06789809346645796
COHFACE_s20_session3_natural,37,65,39.166666666666664,-1.0760754346847534,0.03851421633340024
COHFACE_s20_session3_natural,37,66,39.2,-1.1406633853912354,0.09190091278950183
COHFACE_s20_session3_natural,37,67,39.233333333333334,-1.1867575645446777,0.09591252476452096
COHFACE_s20_session3_natural,37,68,39.266666666666666,-1.2344986200332642,0.0642825465736908
COHFACE_s20_session3_natural,37,69,39.3,-1.2876906394958496,0.014253498967167207
COHFACE_s20_session3_natural,37,70,39.333333333333336,-1.2622061967849731,-0.03848404342393366
COHFACE_s20_session3_natural,37,71,39.36666666666667,-0.8507094979286194,-0.08236225238272714
COHFACE_s20_session3_natural,37,72,39.4,0.00949356984347105,-0.11045270085755689
COHFACE_s20_session3_natural,37,73,39.43333333333333,0.8381931781768799,-0.11993637578055151
COHFACE_s20_session3_natural,37,74,39.46666666666667,1.3423476219177246,-0.11124621835528695
COHFACE_s20_session3_natural,37,75,39.5,1.5745478868484497,-0.08707476515878113
COHFACE_s20_session3_natural,37,76,39.53333333333333,1.6147383451461792,-0.05128233096678183
COHFACE_s20_session3_natural,37,77,39.56666666666667,1.4632235765457153,-0.00792856634561029
COHFACE_s20_session3_natural,37,78,39.6,1.1502636671066284,0.039191876865446465
COHFACE_s20_session3_natural,37,79,39.63333333333333,0.822589635848999,0.08629017658386819
COHFACE_s20_session3_natural,37,80,39.666666666666664,0.5966308116912842,0.12886450676788597
COHFACE_s20_session3_natural,37,81,39.7,0.45101985335350037,0.1612205726484914
COHFACE_s20_session3_natural,37,82,39.733333333333334,0.3038526475429535,0.1769258969401536
COHFACE_s20_session3_natural,37,83,39.766666666666666,0.10946318507194519,0.17040226148326193
COHFACE_s20_session3_natural,37,84,39.8,-0.1222183108329773,0.1391531780624737
COHFACE_s20_session3_natural,37,85,39.833333333333336,-0.34904995560646057,0.08563294065611028
COHFACE_s20_session3_natural,37,86,39.86666666666667,-0.5653172731399536,0.01781239210607134
COHFACE_s20_session3_natural,37,87,39.9,-0.7649930119514465,-0.05195246327149392
COHFACE_s20_session3_natural,37,88,39.93333333333333,-0.926084041595459,-0.10940924054444984
COHFACE_s20_session3_natural,37,89,39.96666666666667,-1.030483603477478,-0.14143352895369848
COHFACE_s20_session3_natural,37,90,40.0,-1.0932846069335938,-0.13876862374956828
COHFACE_s20_session3_natural,37,91,40.03333333333333,-1.1394859552383423,-0.09793859239162664
COHFACE_s20_session3_natural,37,92,40.06666666666667,-1.208322525024414,-0.02207251351273284
COHFACE_s20_session3_natural,37,93,40.1,-1.286998987197876,0.07930862940054312
COHFACE_s20_session3_natural,37,94,40.13333333333333,-1.298905372619629,0.1911448578455494
COHFACE_s20_session3_natural,37,95,40.166666666666664,-1.014114260673523,0.2939164898613992
COHFACE_s20_session3_natural,37,96,40.2,-0.241900235414505,0.36507565075129633
COHFACE_s20_session3_natural,37,97,40.233333333333334,0.6515025496482849,0.381675801717255
COHFACE_s20_session3_natural,37,98,40.266666666666666,1.2778009176254272,0.3252273620168483
COHFACE_s20_session3_natural,37,99,40.3,1.6026095151901245,0.18880855483067266
COHFACE_s20_session3_natural,37,100,40.333333333333336,1.722719669342041,-0.01565454074491653
COHFACE_s20_session3_natural,37,101,40.36666666666667,1.6613924503326416,-0.2540994651586716
COHFACE_s20_session3_natural,37,102,40.4,1.3991626501083374,-0.4754085481338287
COHFACE_s20_session3_natural,37,103,40.43333333333333,1.0456912517547607,-0.6259169739060716
COHFACE_s20_session3_natural,37,104,40.46666666666667,0.7417147755622864,-0.6683266298356578
COHFACE_s20_session3_natural,37,105,40.5,0.5287822484970093,-0.5958168554673511
COHFACE_s20_session3_natural,37,106,40.53333333333333,0.35196423530578613,-0.4338697360018891
COHFACE_s20_session3_natural,37,107,40.56666666666667,0.16534769535064697,-0.2289879554662653
COHFACE_s20_session3_natural,37,108,40.6,-0.043714866042137146,-0.030687023287387274
COHFACE_s20_session3_natural,37,109,40.63333333333333,-0.27084293961524963,0.12405111676792598
COHFACE_s20_session3_natural,37,110,40.666666666666664,-0.5148837566375732,0.21805908168946753
COHFACE_s20_session3_natural,37,111,40.7,-0.7459476590156555,0.2528880927982888
COHFACE_s20_session3_natural,37,112,40.733333333333334,-0.9399254322052002,0.24253226352000157
COHFACE_s20_session3_natural,37,113,40.766666666666666,-1.0785539150238037,0.20560684124593095
COHFACE_s20_session3_natural,37,114,40.8,-1.1665265560150146,0.15880903851820904
COHFACE_s20_session3_natural,37,115,40.833333333333336,-1.2396448850631714,0.1132936810184369
COHFACE_s20_session3_natural,37,116,40.86666666666667,-1.312697410583496,0.07428273660830739
COHFACE_s20_session3_natural,37,117,40.9,-1.3795826435089111,0.04306049181796803
COHFACE_s20_session3_natural,37,118,40.93333333333333,-1.439172387123108,0.019763661775475654
COHFACE_s20_session3_natural,37,119,40.96666666666667,-1.3769971132278442,0.00536036333317117
COHFACE_s20_session3_natural,37,120,41.0,-0.8849219679832458,0.0019535673504226672
COHFACE_s20_session3_natural,37,121,41.03333333333333,0.019267389550805092,0.01156803522017152
COHFACE_s20_session3_natural,37,122,41.06666666666667,0.8372544646263123,0.03431826473324864
COHFACE_s20_session3_natural,37,123,41.1,1.3294284343719482,0.06708025301931168
COHFACE_s20_session3_natural,37,124,41.13333333333333,1.5590267181396484,0.10350300437147567
COHFACE_s20_session3_natural,37,125,41.166666666666664,1.6014320850372314,0.1354536430378756
COHFACE_s20_session3_natural,37,126,41.2,1.4490362405776978,0.1551176037301035
COHFACE_s20_session3_natural,37,127,41.233333333333334,1.1208351850509644,0.15668596426499867
COHFACE_s20_session3_natural,37,128,41.266666666666666,0.7791221141815186,0.13718513654338638
COHFACE_s20_session3_natural,37,129,41.3,0.5410839319229126,0.09685306594461142
COHFACE_s20_session3_natural,37,130,41.333333333333336,0.386621356010437,0.03965091422928719
COHFACE_s20_session3_natural,37,131,41.36666666666667,0.24254192411899567,-0.02617780333290445
COHFACE_s20_session3_natural,37,132,41.4,0.07263227552175522,-0.08851443722690423
COHFACE_s20_session3_natural,37,133,41.43333333333333,-0.13285671174526215,-0.13372332594214836
COHFACE_s20_session3_natural,37,134,41.46666666666667,-0.36029765009880066,-0.1505180373214588
COHFACE_s20_session3_natural,37,135,41.5,-0.575280487537384,-0.1334363486804344
COHFACE_s20_session3_natural,37,136,41.53333333333333,-0.7708309888839722,-0.0840830583806028
COHFACE_s20_session3_natural,37,137,41.56666666666667,-0.9340463280677795,-0.009864131734531217
COHFACE_s20_session3_natural,37,138,41.6,-1.046128273010254,0.0782388280950719
COHFACE_s20_session3_natural,37,139,41.63333333333333,-1.1013046503067017,0.16689010059334977
COHFACE_s20_session3_natural,37,140,41.666666666666664,-1.1421126127243042,0.24024872687976212
COHFACE_s20_session3_natural,37,141,41.7,-1.1913522481918335,0.28012356495840507
COHFACE_s20_session3_natural,37,142,41.733333333333334,-1.242889165878296,0.2686161159426088
COHFACE_s20_session3_natural,37,143,41.766666666666666,-1.2579903602600098,0.1938548310658326
COHFACE_s20_session3_natural,37,144,41.8,-1.0502288341522217,0.056763759489917694
COHFACE_s20_session3_natural,37,145,41.833333333333336,-0.3490087687969208,-0.12492131640583706
COHFACE_s20_session3_natural,37,146,41.86666666666667,0.536390483379364,-0.3184662360334863
COHFACE_s20_session3_natural,37,147,41.9,1.1679751873016357,-0.4840662166931864
COHFACE_s20_session3_natural,37,148,41.93333333333333,1.4903135299682617,-0.5859986682976185
COHFACE_s20_session3_natural,37,149,41.96666666666667,1.583630084991455,-0.6025911681736208
COHFACE_s20_session3_natural,37,150,42.0,1.4857436418533325,-0.5316041803950173
COHFACE_s20_session3_natural,37,151,42.03333333333333,1.208017349243164,-0.38981874853148346
COHFACE_s20_session3_natural,37,152,42.06666666666667,0.8710717558860779,-0.20736841102838097
COHFACE_s20_session3_natural,37,153,42.1,0.6100770235061646,-0.018723032971853047
COHFACE_s20_session3_natural,37,154,42.13333333333333,0.44853317737579346,0.1464878231595828
COHFACE_s20_session3_natural,37,155,42.166666666666664,0.30304571986198425,0.26944366492761546
COHFACE_s20_session3_natural,37,156,42.2,0.1398962438106537,0.3432152238661133
COHFACE_s20_session3_natural,37,157,42.233333333333334,-0.04833417013287544,0.36982800301338214
COHFACE_s20_session3_natural,37,158,42.266666666666666,-0.2622795104980469,0.3559215667234945
COHFACE_s20_session3_natural,37,159,42.3,-0.48684680461883545,0.30964668545039986
COHFACE_s20_session3_natural,37,160,42.333333333333336,-0.6933156251907349,0.23990074782426715
COHFACE_s20_session3_natural,37,161,42.36666666666667,-0.8366210460662842,0.15705752852041546
COHFACE_s20_session3_natural,37,162,42.4,-0.906239926815033,0.07332707212495744
COHFACE_s20_session3_natural,37,163,42.43333333333333,-0.922337532043457,0.0013757813195248707
COHFACE_s20_session3_natural,37,164,42.46666666666667,-0.9149268865585327,-0.04858069963578789
COHFACE_s20_session3_natural,37,165,42.5,-1.08859121799469,-0.07167788197907836
COHFACE_s20_session3_natural,37,166,42.53333333333333,-1.462548851966858,-0.069746509866327
COHFACE_s20_session3_natural,37,167,42.56666666666667,-1.823447346687317,-0.0504857037448325
COHFACE_s20_session3_natural,37,168,42.6,-1.9794249534606934,-0.024834574360950462
COHFACE_s20_session3_natural,37,169,42.63333333333333,-1.7092081308364868,-0.003533869978587125
COHFACE_s20_session3_natural,37,170,42.666666666666664,-0.9954641461372375,0.005935004790554881
COHFACE_s20_session3_natural,37,171,42.7,-0.13081465661525726,0.0010837734028638722
COHFACE_s20_session3_natural,37,172,42.733333333333334,0.5024497509002686,-0.015567682126165192
COHFACE_s20_session3_natural,37,173,42.766666666666666,0.6799511909484863,-0.037988699924480444
COHFACE_s20_session3_natural,37,174,42.8,0.6156597137451172,-0.05903297694515515
COHFACE_s20_session3_natural,37,175,42.833333333333336,0.3864566683769226,-0.07288872683342336
COHFACE_s20_session3_natural,37,176,42.86666666666667,0.02926352620124817,-0.0766696536799963
COHFACE_s20_session3_natural,37,177,42.9,-0.30402615666389465,-0.0704904486927353
COHFACE_s20_session3_natural,37,178,42.93333333333333,-0.5445592403411865,-0.05604534140060375
COHFACE_s20_session3_natural,37,179,42.96666666666667,-0.6613263487815857,-0.03452754489259391
COHFACE_s20_session3_natural,37,180,43.0,-0.7396733164787292,-0.0052107341013279684
COHFACE_s20_session3_natural,37,181,43.03333333333333,-0.8786723613739014,0.034280340791102835
COHFACE_s20_session3_natural,37,182,43.06666666666667,-1.0711679458618164,0.08602053002805199
COHFACE_s20_session3_natural,37,183,43.1,-1.2596536874771118,0.1491685903040452
COHFACE_s20_session3_natural,37,184,43.13333333333333,-1.4005959033966064,0.21793006570507922
COHFACE_s20_session3_natural,37,185,43.166666666666664,-1.5188204050064087,0.2808892008767781
COHFACE_s20_session3_natural,37,186,43.2,-1.5912059545516968,0.3219280609438641
COHFACE_s20_session3_natural,37,187,43.233333333333334,-1.6094279289245605,0.322806821070841
COHFACE_s20_session3_natural,37,188,43.266666666666666,-1.6094608306884766,0.26770008995522115
COHFACE_s20_session3_natural,37,189,43.3,-1.605582594871521,0.14959220727126485
COHFACE_s20_session3_natural,37,190,43.333333333333336,-1.5922681093215942,-0.023154610309036323
COHFACE_s20_session3_natural,37,191,43.36666666666667,-1.5503404140472412,-0.22355885682512266
COHFACE_s20_session3_natural,37,192,43.4,-1.477378487586975,-0.4098425020273189
COHFACE_s20_session3_natural,37,193,43.43333333333333,-1.2208629846572876,-0.5372441772085204
COHFACE_s20_session3_natural,37,194,43.46666666666667,-0.5255386233329773,-0.573634017660593
COHFACE_s20_session3_natural,37,195,43.5,0.5373044610023499,-0.5113330181362962
COHFACE_s20_session3_natural,37,196,43.53333333333333,1.348259687423706,-0.36913894511674
COHFACE_s20_session3_natural,37,197,43.56666666666667,1.6583293676376343,-0.1839637731181605
COHFACE_s20_session3_natural,37,198,43.6,1.70919930934906,0.0030542359373561825
COHFACE_s20_session3_natural,37,199,43.63333333333333,1.5899126529693604,0.15899175819057584
COHFACE_s20_session3_natural,37,200,43.666666666666664,1.3007245063781738,0.26544610733469964
COHFACE_s20_session3_natural,37,201,43.7,0.9258199334144592,0.3182401238507589
COHFACE_s20_session3_natural,37,202,43.733333333333334,0.5974048376083374,0.32302996952101143
COHFACE_s20_session3_natural,37,203,43.766666666666666,0.3792024552822113,0.29001869255749424
COHFACE_s20_session3_natural,37,204,43.8,0.20466528832912445,0.2300413895124072
COHFACE_s20_session3_natural,37,205,43.833333333333336,-0.0035491667222231627,0.15283652767170677
COHFACE_s20_session3_natural,37,206,43.86666666666667,-0.24371173977851868,0.06721795843914641
COHFACE_s20_session3_natural,37,207,43.9,-0.47498977184295654,-0.017823065134665382
COHFACE_s20_session3_natural,37,208,43.93333333333333,-0.6786260604858398,-0.09244778896171989
COHFACE_s20_session3_natural,37,209,43.96666666666667,-0.8641721606254578,-0.14682432912823798
COHFACE_s20_session3_natural,37,210,44.0,-1.009791374206543,-0.173504696419513
COHFACE_s20_session3_natural,37,211,44.03333333333333,-1.0931693315505981,-0.17009716119436546
COHFACE_s20_session3_natural,37,212,44.06666666666667,-1.1508570909500122,-0.14055337719140903
COHFACE_s20_session3_natural,37,213,44.1,-1.1993062496185303,-0.09407468302938068
COHFACE_s20_session3_natural,37,214,44.13333333333333,-1.2307521104812622,-0.042090132869465474
COHFACE_s20_session3_natural,37,215,44.166666666666664,-1.2419503927230835,0.005082183181993992
COHFACE_s20_session3_natural,37,216,44.2,-1.2379404306411743,0.040278384819346695
COHFACE_s20_session3_natural,37,217,44.233333333333334,-1.0759108066558838,0.05967346335603826
COHFACE_s20_session3_natural,37,218,44.266666666666666,-0.4931128919124603,0.061839988413116095
COHFACE_s20_session3_natural,37,219,44.3,0.5482722520828247,0.04699543458008719
COHFACE_s20_session3_natural,37,220,44.333333333333336,1.3896111249923706,0.01719542909780425
COHFACE_s20_session3_natural,37,221,44.36666666666667,1.6620758771896362,-0.022870669364592918
COHFACE_s20_session3_natural,37,222,44.4,1.7008253335952759,-0.06552862510803496
COHFACE_s20_session3_natural,37,223,44.43333333333333,1.6456818580627441,-0.10107699149872347
COHFACE_s20_session3_natural,37,224,44.46666666666667,1.4169811010360718,-0.12000708279813274
COHFACE_s20_session3_natural,37,225,44.5,1.0685242414474487,-0.11554666024978856
COHFACE_s20_session3_natural,37,226,44.53333333333333,0.7567172646522522,-0.08541279743294349
COHFACE_s20_session3_natural,37,227,44.56666666666667,0.5867910981178284,-0.03223066172862617
COHFACE_s20_session3_natural,37,228,44.6,0.44351041316986084,0.0371031829895537
COHFACE_s20_session3_natural,37,229,44.63333333333333,0.3093612492084503,0.1124504112956287
COHFACE_s20_session3_natural,37,230,44.666666666666664,0.17253601551055908,0.18156766846997582
COHFACE_s20_session3_natural,37,231,44.7,-0.07041789591312408,0.23174870445193552
COHFACE_s20_session3_natural,37,232,44.733333333333334,-0.34854766726493835,0.25257498842773096
COHFACE_s20_session3_natural,37,233,44.766666666666666,-0.559413492679596,0.23956864248992424
COHFACE_s20_session3_natural,37,234,44.8,-0.71548992395401,0.19706379520657508
COHFACE_s20_session3_natural,37,235,44.833333333333336,-0.8315241932868958,0.1379598541942034
COHFACE_s20_session3_natural,37,236,44.86666666666667,-0.9440918564796448,0.0793058687643089
COHFACE_s20_session3_natural,37,237,44.9,-1.057614803314209,0.035201837662547315
COHFACE_s20_session3_natural,37,238,44.93333333333333,-1.1459249258041382,0.010564086865097293
COHFACE_s20_session3_natural,37,239,44.96666666666667,-1.2156014442443848,-0.0006990420884550933
COHFACE_s20_session3_natural,38,0,38.0,1.1831423044204712,-0.01617413406173415
COHFACE_s20_session3_natural,38,1,38.03333333333333,0.8273406624794006,2.590244347466295
COHFACE_s20_session3_natural,38,2,38.06666666666667,0.5770502686500549,4.805497302193175
COHFACE_s20_session3_natural,38,3,38.1,0.409446120262146,6.332207102447567
COHFACE_s20_session3_natural,38,4,38.13333333333333,0.26370343565940857,7.034737539881877
COHFACE_s20_session3_natural,38,5,38.166666666666664,0.08599613606929779,6.956126794914141
COHFACE_s20_session3_natural,38,6,38.2,-0.1641625612974167,6.27874939278484
COHFACE_s20_session3_natural,38,7,38.233333333333334,-0.45902392268180847,5.250630631138763
COHFACE_s20_session3_natural,38,8,38.266666666666666,-0.7435762882232666,4.11006418635063
COHFACE_s20_session3_natural,38,9,38.3,-0.976344645023346,3.0333305181085737
COHFACE_s20_session3_natural,38,10,38.333333333333336,-1.1416184902191162,2.115277959439887
COHFACE_s20_session3_natural,38,11,38.36666666666667,-1.2467674016952515,1.3786920870525805
COHFACE_s20_session3_natural,38,12,38.4,-1.3229159116744995,0.8000872310860805
COHFACE_s20_session3_natural,38,13,38.43333333333333,-1.3872320652008057,0.33816774322697624
COHFACE_s20_session3_natural,38,14,38.46666666666667,-1.4434459209442139,-0.044758621373309895
COHFACE_s20_session3_natural,38,15,38.5,-1.47517991065979,-0.37212278894139916
COHFACE_s20_session3_natural,38,16,38.53333333333333,-1.3868120908737183,-0.6521201409942861
COHFACE_s20_session3_natural,38,17,38.56666666666667,-0.8714593052864075,-0.8829423656358343
COHFACE_s20_session3_natural,38,18,38.6,0.013297702185809612,-1.0603038407857164
COHFACE_s20_session3_natural,38,19,38.63333333333333,0.7857669591903687,-1.1840357012845775
COHFACE_s20_session3_natural,38,20,38.666666666666664,1.218713402748108,-1.2615945424201453
COHFACE_s20_session3_natural,38,21,38.7,1.3828344345092773,-1.3075688700065273
COHFACE_s20_session3_natural,38,22,38.733333333333334,1.3740569353103638,-1.3396294020808024
COHFACE_s20_session3_natural,38,23,38.766666666666666,1.1764315366744995,-1.3725753989158451
COHFACE_s20_session3_natural,38,24,38.8,0.8527015447616577,-1.4127936154178675
COHFACE_s20_session3_natural,38,25,38.833333333333336,0.5753869414329529,-1.4553022056758425
COHFACE_s20_session3_natural,38,26,38.86666666666667,0.4189729392528534,-1.4846174487511004
COHFACE_s20_session3_natural,38,27,38.9,0.3086860477924347,-1.4793709900432375
COHFACE_s20_session3_natural,38,28,38.93333333333333,0.17440514266490936,-1.4193942337004148
COHFACE_s20_session3_natural,38,29,38.96666666666667,-0.004265529103577137,-1.2930864136921525
COHFACE_s20_session3_natural,38,30,39.0,-0.20857703685760498,-1.102493799967843
COHFACE_s20_session3_natural,38,31,39.03333333333333,-0.4272651970386505,-0.8640564799228437
COHFACE_s20_session3_natural,38,32,39.06666666666667,-0.6490576267242432,-0.6045321199731051
COHFACE_s20_session3_natural,38,33,39.1,-0.8394453525543213,-0.3535321197625549
COHFACE_s20_session3_natural,38,34,39.13333333333333,-0.9769704341888428,-0.13547326638721105
COHFACE_s20_session3_natural,38,35,39.166666666666664,-1.0760754346847534,0.03607004491477775
COHFACE_s20_session3_natural,38,36,39.2,-1.1406633853912354,0.15973682463059363
COHFACE_s20_session3_natural,38,37,39.233333333333334,-1.1867575645446777,0.24350259484382503
COHFACE_s20_session3_natural,38,38,39.266666666666666,-1.2344986200332642,0.2994023953765124
COHFACE_s20_session3_natural,38,39,39.3,-1.2876906394958496,0.3384903996043481
COHFACE_s20_session3_natural,38,40,39.333333333333336,-1.2622061967849731,0.36802263943566066
COHFACE_s20_session3_natural,38,41,39.36666666666667,-0.8507094979286194,0.39131325353909197
COHFACE_s20_session3_natural,38,42,39.4,0.00949356984347105,0.4092896350006573
COHFACE_s20_session3_natural,38,43,39.43333333333333,0.8381931781768799,0.42224554895630434
COHFACE_s20_session3_natural,38,44,39.46666666666667,1.3423476219177246,0.43081843279051085
COHFACE_s20_session3_natural,38,45,39.5,1.5745478868484497,0.43613475500854665
COHFACE_s20_session3_natural,38,46,39.53333333333333,1.6147383451461792,0.43958373520717525
COHFACE_s20_session3_natural,38,47,39.56666666666667,1.4632235765457153,0.44258686535561886
COHFACE_s20_session3_natural,38,48,39.6,1.1502636671066284,0.44632355930182593
COHFACE_s20_session3_natural,38,49,39.63333333333333,0.822589635848999,0.4511674458848003
COHFACE_s20_session3_natural,38,50,39.666666666666664,0.5966308116912842,0.45585531977355903
COHFACE_s20_session3_natural,38,51,39.7,0.45101985335350037,0.45682414953143824
COHFACE_s20_session3_natural,38,52,39.733333333333334,0.3038526475429535,0.4482589488773997
COHFACE_s20_session3_natural,38,53,39.766666666666666,0.10946318507194519,0.4231454943766787
COHFACE_s20_session3_natural,38,54,39.8,-0.1222183108329773,0.3752097789227436
COHFACE_s20_session3_natural,38,55,39.833333333333336,-0.34904995560646057,0.30123860144910364
COHFACE_s20_session3_natural,38,56,39.86666666666667,-0.5653172731399536,0.2030623731370911
COHFACE_s20_session3_natural,38,57,39.9,-0.7649930119514465,0.08853692623153822
COHFACE_s20_session3_natural,38,58,39.93333333333333,-0.926084041595459,-0.028862436258839257
COHFACE_s20_session3_natural,38,59,39.96666666666667,-1.030483603477478,-0.13195957464665092
COHFACE_s20_session3_natural,38,60,40.0,-1.0932846069335938,-0.20326466092233736
COHFACE_s20_session3_natural,38,61,40.03333333333333,-1.1394859552383423,-0.22936948032848645
COHFACE_s20_session3_natural,38,62,40.06666666666667,-1.208322525024414,-0.2051495213380176
COHFACE_s20_session3_natural,38,63,40.1,-1.286998987197876,-0.1362557128455346
COHFACE_s20_session3_natural,38,64,40.13333333333333,-1.298905372619629,-0.03904179532628087
COHFACE_s20_session3_natural,38,65,40.166666666666664,-1.014114260673523,0.061897645254757966
COHFACE_s20_session3_natural,38,66,40.2,-0.241900235414505,0.13789406818344505
COHFACE_s20_session3_natural,38,67,40.233333333333334,0.6515025496482849,0.16156408362111624
COHFACE_s20_session3_natural,38,68,40.266666666666666,1.2778009176254272,0.1131880511084534
COHFACE_s20_session3_natural,38,69,40.3,1.6026095151901245,-0.012410198515270428
COHFACE_s20_session3_natural,38,70,40.333333333333336,1.722719669342041,-0.20033020305112367
COHFACE_s20_session3_natural,38,71,40.36666666666667,1.6613924503326416,-0.4146405697455628
COHFACE_s20_session3_natural,38,72,40.4,1.3991626501083374,-0.6050940592874874
COHFACE_s20_session3_natural,38,73,40.43333333333333,1.0456912517547607,-0.7216225090197117
COHFACE_s20_session3_natural,38,74,40.46666666666667,0.7417147755622864,-0.7316764077377378
COHFACE_s20_session3_natural,38,75,40.5,0.5287822484970093,-0.6322351978897889
COHFACE_s20_session3_natural,38,76,40.53333333333333,0.35196423530578613,-0.4501808462564866
COHFACE_s20_session3_natural,38,77,40.56666666666667,0.16534769535064697,-0.23084244290718195
COHFACE_s20_session3_natural,38,78,40.6,-0.043714866042137146,-0.02101619298143666
COHFACE_s20_session3_natural,38,79,40.63333333333333,-0.27084293961524963,0.1449627505817447
COHFACE_s20_session3_natural,38,80,40.666666666666664,-0.5148837566375732,0.2511078212962348
COHFACE_s20_session3_natural,38,81,40.7,-0.7459476590156555,0.29815192521947037
COHFACE_s20_session3_natural,38,82,40.733333333333334,-0.9399254322052002,0.29776272600132797
COHFACE_s20_session3_natural,38,83,40.766666666666666,-1.0785539150238037,0.2658913315368358
COHFACE_s20_session3_natural,38,84,40.8,-1.1665265560150146,0.21745599362377324
COHFACE_s20_session3_natural,38,85,40.833333333333336,-1.2396448850631714,0.163426569198476
COHFACE_s20_session3_natural,38,86,40.86666666666667,-1.312697410583496,0.1104047621784731
COHFACE_s20_session3_natural,38,87,40.9,-1.3795826435089111,0.062038422569821935
COHFACE_s20_session3_natural,38,88,40.93333333333333,-1.439172387123108,0.021101623401026504
COHFACE_s20_session3_natural,38,89,40.96666666666667,-1.3769971132278442,-0.009022519447818924
COHFACE_s20_session3_natural,38,90,41.0,-0.8849219679832458,-0.0242865402641748
COHFACE_s20_session3_natural,38,91,41.03333333333333,0.019267389550805092,-0.02134502847241026
COHFACE_s20_session3_natural,38,92,41.06666666666667,0.8372544646263123,0.0005335776688329733
COHFACE_s20_session3_natural,38,93,41.1,1.3294284343719482,0.03825760228611957
COHFACE_s20_session3_natural,38,94,41.13333333333333,1.5590267181396484,0.08522281128314424
COHFACE_s20_session3_natural,38,95,41.166666666666664,1.6014320850372314,0.1329861225361967
COHFACE_s20_session3_natural,38,96,41.2,1.4490362405776978,0.17327439933968983
COHFACE_s20_session3_natural,38,97,41.233333333333334,1.1208351850509644,0.19925696810396198
COHFACE_s20_session3_natural,38,98,41.266666666666666,0.7791221141815186,0.20591789163883842
COHFACE_s20_session3_natural,38,99,41.3,0.5410839319229126,0.19029746071007034
COHFACE_s20_session3_natural,38,100,41.333333333333336,0.386621356010437,0.15236553742137218
COHFACE_s20_session3_natural,38,101,41.36666666666667,0.24254192411899567,0.09635918136021615
COHFACE_s20_session3_natural,38,102,41.4,0.07263227552175522,0.0313827458558236
COHFACE_s20_session3_natural,38,103,41.43333333333333,-0.13285671174526215,-0.029955765844759598
COHFACE_s20_session3_natural,38,104,41.46666666666667,-0.36029765009880066,-0.07477777441307365
COHFACE_s20_session3_natural,38,105,41.5,-0.575280487537384,-0.0934905767402815
COHFACE_s20_session3_natural,38,106,41.53333333333333,-0.7708309888839722,-0.08193437794088822
COHFACE_s20_session3_natural,38,107,41.56666666666667,-0.9340463280677795,-0.04159362848710742
COHFACE_s20_session3_natural,38,108,41.6,-1.046128273010254,0.02107579014282786
COHFACE_s20_session3_natural,38,109,41.63333333333333,-1.1013046503067017,0.09479974545181714
COHFACE_s20_session3_natural,38,110,41.666666666666664,-1.1421126127243042,0.1631682085057487
COHFACE_s20_session3_natural,38,111,41.7,-1.1913522481918335,0.20553102954991792
COHFACE_s20_session3_natural,38,112,41.733333333333334,-1.242889165878296,0.2007586695830677
COHFACE_s20_session3_natural,38,113,41.766666666666666,-1.2579903602600098,0.1338132193838417
COHFACE_s20_session3_natural,38,114,41.8,-1.0502288341522217,0.0029287793888280638
COHFACE_s20_session3_natural,38,115,41.833333333333336,-0.3490087687969208,-0.17599863527690618
COHFACE_s20_session3_natural,38,116,41.86666666666667,0.536390483379364,-0.3706070758360238
COHFACE_s20_session3_natural,38,117,41.9,1.1679751873016357,-0.5394259974673911
COHFACE_s20_session3_natural,38,118,41.93333333333333,1.4903135299682617,-0.6432044255602818
COHFACE_s20_session3_natural,38,119,41.96666666666667,1.583630084991455,-0.6562080314285809
COHFACE_s20_session3_natural,38,120,42.0,1.4857436418533325,-0.5735634227638801
COHFACE_s20_session3_natural,38,121,42.03333333333333,1.208017349243164,-0.41226725925407665
COHFACE_s20_session3_natural,38,122,42.06666666666667,0.8710717558860779,-0.20557954386332722
COHFACE_s20_session3_natural,38,123,42.1,0.6100770235061646,0.007194631003943692
COHFACE_s20_session3_natural,38,124,42.13333333333333,0.44853317737579346,0.19160871853339942
COHFACE_s20_session3_natural,38,125,42.166666666666664,0.30304571986198425,0.3255082257216814
COHFACE_s20_session3_natural,38,126,42.2,0.1398962438106537,0.4009060769151805
COHFACE_s20_session3_natural,38,127,42.233333333333334,-0.04833417013287544,0.42113758053905354
COHFACE_s20_session3_natural,38,128,42.266666666666666,-0.2622795104980469,0.39598231119819033
COHFACE_s20_session3_natural,38,129,42.3,-0.48684680461883545,0.33749349481876756
COHFACE_s20_session3_natural,38,130,42.333333333333336,-0.6933156251907349,0.2579262391932306
COHFACE_s20_session3_natural,38,131,42.36666666666667,-0.8366210460662842,0.16941749471718487
COHFACE_s20_session3_natural,38,132,42.4,-0.906239926815033,0.08400175338172684
COHFACE_s20_session3_natural,38,133,42.43333333333333,-0.922337532043457,0.012700313014189368
COHFACE_s20_session3_natural,38,134,42.46666666666667,-0.9149268865585327,-0.03643009576453868
COHFACE_s20_session3_natural,38,135,42.5,-1.08859121799469,-0.0602647131809543
COHFACE_s20_session3_natural,38,136,42.53333333333333,-1.462548851966858,-0.06134243428184636
COHFACE_s20_session3_natural,38,137,42.56666666666667,-1.823447346687317,-0.046773020022907515
COHFACE_s20_session3_natural,38,138,42.6,-1.9794249534606934,-0.025697871882135435
COHFACE_s20_session3_natural,38,139,42.63333333333333,-1.7092081308364868,-0.006362901244546949
COHFACE_s20_session3_natural,38,140,42.666666666666664,-0.9954641461372375,0.006067622773734292
COHFACE_s20_session3_natural,38,141,42.7,-0.13081465661525726,0.010264404049100121
COHFACE_s20_session3_natural,38,142,42.733333333333334,0.5024497509002686,0.007988418213661478
COHFACE_s20_session3_natural,38,143,42.766666666666666,0.6799511909484863,0.0023340024688145644
COHFACE_s20_session3_natural,38,144,42.8,0.6156597137451172,-0.0042293714948480185
COHFACE_s20_session3_natural,38,145,42.833333333333336,0.3864566683769226,-0.011133616156376987
COHFACE_s20_session3_natural,38,146,42.86666666666667,0.02926352620124817,-0.01962260081870847
COHFACE_s20_session3_natural,38,147,42.9,-0.30402615666389465,-0.03118065403052313
COHFACE_s20_session3_natural,38,148,42.93333333333333,-0.5445592403411865,-0.04520858873889598
COHFACE_s20_session3_natural,38,149,42.96666666666667,-0.6613263487815857,-0.05730733594737386
COHFACE_s20_session3_natural,38,150,43.0,-0.7396733164787292,-0.05945450205041045
COHFACE_s20_session3_natural,38,151,43.03333333333333,-0.8786723613739014,-0.042519760156932054
COHFACE_s20_session3_natural,38,152,43.06666666666667,-1.0711679458618164,-0.0003348729492831889
COHFACE_s20_session3_natural,38,153,43.1,-1.2596536874771118,0.06642212357711379
COHFACE_s20_session3_natural,38,154,43.13333333333333,-1.4005959033966064,0.14835896073056568
COHFACE_s20_session3_natural,38,155,43.166666666666664,-1.5188204050064087,0.22840769563532362
COHFACE_s20_session3_natural,38,156,43.2,-1.5912059545516968,0.28522491086350876
COHFACE_s20_session3_natural,38,157,43.233333333333334,-1.6094279289245605,0.297726042695503
COHFACE_s20_session3_natural,38,158,43.266666666666666,-1.6094608306884766,0.25011588598388795
COHFACE_s20_session3_natural,38,159,43.3,-1.605582594871521,0.13729551743954782
COHFACE_s20_session3_natural,38,160,43.333333333333336,-1.5922681093215942,-0.030313176267726633
COHFACE_s20_session3_natural,38,161,43.36666666666667,-1.5503404140472412,-0.22501508123623162
COHFACE_s20_session3_natural,38,162,43.4,-1.477378487586975,-0.40609668795396264
COHFACE_s20_session3_natural,38,163,43.43333333333333,-1.2208629846572876,-0.5308568075937279
COHFACE_s20_session3_natural,38,164,43.46666666666667,-0.5255386233329773,-0.5688542802596264
COHFACE_s20_session3_natural,38,165,43.5,0.5373044610023499,-0.5127134164526232
COHFACE_s20_session3_natural,38,166,43.53333333333333,1.348259687423706,-0.37996650617433825
COHFACE_s20_session3_natural,38,167,43.56666666666667,1.6583293676376343,-0.20516707109447938
COHFACE_s20_session3_natural,38,168,43.6,1.70919930934906,-0.026763820404755587
COHFACE_s20_session3_natural,38,169,43.63333333333333,1.5899126529693604,0.12455493633406883
COHFACE_s20_session3_natural,38,170,43.666666666666664,1.3007245063781738,0.23156721707666142
COHFACE_s20_session3_natural,38,171,43.7,0.9258199334144592,0.29000790278892175
COHFACE_s20_session3_natural,38,172,43.733333333333334,0.5974048376083374,0.3044230853335072
COHFACE_s20_session3_natural,38,173,43.766666666666666,0.3792024552822113,0.2834479237367133
COHFACE_s20_session3_natural,38,174,43.8,0.20466528832912445,0.23645414214708527
COHFACE_s20_session3_natural,38,175,43.833333333333336,-0.0035491667222231627,0.17207103272764282
COHFACE_s20_session3_natural,38,176,43.86666666666667,-0.24371173977851868,0.09821490488115618
COHFACE_s20_session3_natural,38,177,43.9,-0.47498977184295654,0.02288235605563558
COHFACE_s20_session3_natural,38,178,43.93333333333333,-0.6786260604858398,-0.04527086733769358
COHFACE_s20_session3_natural,38,179,43.96666666666667,-0.8641721606254578,-0.09742138985794974
COHFACE_s20_session3_natural,38,180,44.0,-1.009791374206543,-0.12629399986020445
COHFACE_s20_session3_natural,38,181,44.03333333333333,-1.0931693315505981,-0.12832293971166353
COHFACE_s20_session3_natural,38,182,44.06666666666667,-1.1508570909500122,-0.10494932014124102
COHFACE_s20_session3_natural,38,183,44.1,-1.1993062496185303,-0.062116899945784426
COHFACE_s20_session3_natural,38,184,44.13333333333333,-1.2307521104812622,-0.008208804112043153
COHFACE_s20_session3_natural,38,185,44.166666666666664,-1.2419503927230835,0.04827577929417723
COHFACE_s20_session3_natural,38,186,44.2,-1.2379404306411743,0.09997283924320192
COHFACE_s20_session3_natural,38,187,44.233333333333334,-1.0759108066558838,0.14048896712546438
COHFACE_s20_session3_natural,38,188,44.266666666666666,-0.4931128919124603,0.16374250362342652
COHFACE_s20_session3_natural,38,189,44.3,0.5482722520828247,0.164228552151935
COHFACE_s20_session3_natural,38,190,44.333333333333336,1.3896111249923706,0.13884411033445032
COHFACE_s20_session3_natural,38,191,44.36666666666667,1.6620758771896362,0.08951104337168964
COHFACE_s20_session3_natural,38,192,44.4,1.7008253335952759,0.02490338637447159
COHFACE_s20_session3_natural,38,193,44.43333333333333,1.6456818580627441,-0.04027982583169959
COHFACE_s20_session3_natural,38,194,44.46666666666667,1.4169811010360718,-0.08889255866803476
COHFACE_s20_session3_natural,38,195,44.5,1.0685242414474487,-0.10658341967705147
COHFACE_s20_session3_natural,38,196,44.53333333333333,0.7567172646522522,-0.08643464475524176
COHFACE_s20_session3_natural,38,197,44.56666666666667,0.5867910981178284,-0.031027928338087252
COHFACE_s20_session3_natural,38,198,44.6,0.44351041316986084,0.04839807375547497
COHFACE_s20_session3_natural,38,199,44.63333333333333,0.3093612492084503,0.13452349635397154
COHFACE_s20_session3_natural,38,200,44.666666666666664,0.17253601551055908,0.20698769374533926
COHFACE_s20_session3_natural,38,201,44.7,-0.07041789591312408,0.24554622456295713
COHFACE_s20_session3_natural,38,202,44.733333333333334,-0.34854766726493835,0.233731781478372
COHFACE_s20_session3_natural,38,203,44.766666666666666,-0.559413492679596,0.1631715634976965
COHFACE_s20_session3_natural,38,204,44.8,-0.71548992395401,0.03759094677486713
COHFACE_s20_session3_natural,38,205,44.833333333333336,-0.8315241932868958,-0.12543140954895912
COHFACE_s20_session3_natural,38,206,44.86666666666667,-0.9440918564796448,-0.29666612585852353
COHFACE_s20_session3_natural,38,207,44.9,-1.057614803314209,-0.4416575376675642
COHFACE_s20_session3_natural,38,208,44.93333333333333,-1.1459249258041382,-0.5297107173821425
COHFACE_s20_session3_natural,38,209,44.96666666666667,-1.2156014442443848,-0.5423801254176787
COHFACE_s20_session3_natural,38,210,45.0,-1.2718812227249146,-0.4783154810125124
COHFACE_s20_session3_natural,38,211,45.03333333333333,-1.1772143840789795,-0.3527291130995787
COHFACE_s20_session3_natural,38,212,45.06666666666667,-0.6364677548408508,-0.19203659965807487
COHFACE_s20_session3_natural,38,213,45.1,0.3908454179763794,-0.026071750634332917
COHFACE_s20_session3_natural,38,214,45.13333333333333,1.2267744541168213,0.11929887162741408
COHFACE_s20_session3_natural,38,215,45.166666666666664,1.4865670204162598,0.22708737836897797
COHFACE_s20_session3_natural,38,216,45.2,1.5011084079742432,0.2907238805019886
COHFACE_s20_session3_natural,38,217,45.233333333333334,1.4021351337432861,0.31254785757631987
COHFACE_s20_session3_natural,38,218,45.266666666666666,1.1415520906448364,0.3005813528496112
COHFACE_s20_session3_natural,38,219,45.3,0.8275547623634338,0.2652347301867824
COHFACE_s20_session3_natural,38,220,45.333333333333336,0.5896730422973633,0.21702964915755762
COHFACE_s20_session3_natural,38,221,45.36666666666667,0.4569813013076782,0.1654412602696404
COHFACE_s20_session3_natural,38,222,45.4,0.35954779386520386,0.11825784833239415
COHFACE_s20_session3_natural,38,223,45.43333333333333,0.23759324848651886,0.08083298951786527
COHFACE_s20_session3_natural,38,224,45.46666666666667,0.08081691712141037,0.055192902480625555
COHFACE_s20_session3_natural,38,225,45.5,-0.14645111560821533,0.03961871432411791
COHFACE_s20_session3_natural,38,226,45.53333333333333,-0.37457549571990967,0.029450401280800072
COHFACE_s20_session3_natural,38,227,45.56666666666667,-0.5620483756065369,0.019236023558390134
COHFACE_s20_session3_natural,38,228,45.6,-0.7185035943984985,0.005329190764129313
COHFACE_s20_session3_natural,38,229,45.63333333333333,-0.8346695899963379,-0.012484589710445478
COHFACE_s20_session3_natural,38,230,45.666666666666664,-0.9135764837265015,-0.031203100897883192
COHFACE_s20_session3_natural,38,231,45.7,-0.9575462937355042,-0.046415631212980396
COHFACE_s20_session3_natural,38,232,45.733333333333334,-1.0027347803115845,-0.054635289499786625
COHFACE_s20_session3_natural,38,233,45.766666666666666,-1.057079553604126,-0.05496185978653171
COHFACE_s20_session3_natural,38,234,45.8,-1.0634691715240479,-0.04937864847746704
COHFACE_s20_session3_natural,38,235,45.833333333333336,-0.8709241151809692,-0.04173303146836487
COHFACE_s20_session3_natural,38,236,45.86666666666667,-0.14300104975700378,-0.03602615784129699
COHFACE_s20_session3_natural,38,237,45.9,0.8701906800270081,-0.034822443996715816
COHFACE_s20_session3_natural,38,238,45.93333333333333,1.4606051445007324,-0.03838949778764078
COHFACE_s20_session3_natural,38,239,45.96666666666667,1.6549698114395142,-0.04477420398462202
COHFACE_s20_session3_natural,39,0,39.0,-0.20857703685760498,-0.017259271426245077
COHFACE_s20_session3_natural,39,1,39.03333333333333,-0.4272651970386505,2.5761134954279337
COHFACE_s20_session3_natural,39,2,39.06666666666667,-0.6490576267242432,4.7671294677483855
COHFACE_s20_session3_natural,39,3,39.1,-0.8394453525543213,6.251297628327002
COHFACE_s20_session3_natural,39,4,39.13333333333333,-0.9769704341888428,6.892443446647018
COHFACE_s20_session3_natural,39,5,39.166666666666664,-1.0760754346847534,6.7406784986355754
COHFACE_s20_session3_natural,39,6,39.2,-1.1406633853912354,5.991909705840963
COHFACE_s20_session3_natural,39,7,39.233333333333334,-1.1867575645446777,4.910969113854776
COHFACE_s20_session3_natural,39,8,39.266666666666666,-1.2344986200332642,3.751732161118692
COHFACE_s20_session3_natural,39,9,39.3,-1.2876906394958496,2.7001716866989356
COHFACE_s20_session3_natural,39,10,39.333333333333336,-1.2622061967849731,1.851434287992367
COHFACE_s20_session3_natural,39,11,39.36666666666667,-0.8507094979286194,1.2180364142323392
COHFACE_s20_session3_natural,39,12,39.4,0.00949356984347105,0.7574699007963355
COHFACE_s20_session3_natural,39,13,39.43333333333333,0.8381931781768799,0.40524054604638043
COHFACE_s20_session3_natural,39,14,39.46666666666667,1.3423476219177246,0.10236080823297394
COHFACE_s20_session3_natural,39,15,39.5,1.5745478868484497,-0.18834904167217273
COHFACE_s20_session3_natural,39,16,39.53333333333333,1.6147383451461792,-0.47789552241730066
COHFACE_s20_session3_natural,39,17,39.56666666666667,1.4632235765457153,-0.7561330877560964
COHFACE_s20_session3_natural,39,18,39.6,1.1502636671066284,-1.0019791125336224
COHFACE_s20_session3_natural,39,19,39.63333333333333,0.822589635848999,-1.1944458544370444
COHFACE_s20_session3_natural,39,20,39.666666666666664,0.5966308116912842,-1.3210437550808867
COHFACE_s20_session3_natural,39,21,39.7,0.45101985335350037,-1.3816533142283611
COHFACE_s20_session3_natural,39,22,39.733333333333334,0.3038526475429535,-1.3876273897717393
COHFACE_s20_session3_natural,39,23,39.766666666666666,0.10946318507194519,-1.3572828278009623
COHFACE_s20_session3_natural,39,24,39.8,-0.1222183108329773,-1.309793167443942
COHFACE_s20_session3_natural,39,25,39.833333333333336,-0.34904995560646057,-1.259616205747399
COHFACE_s20_session3_natural,39,26,39.86666666666667,-0.5653172731399536,-1.213017359622604
COHFACE_s20_session3_natural,39,27,39.9,-0.7649930119514465,-1.1673392414841577
COHFACE_s20_session3_natural,39,28,39.93333333333333,-0.926084041595459,-1.1128299688268262
COHFACE_s20_session3_natural,39,29,39.96666666666667,-1.030483603477478,-1.0362870840705178
COHFACE_s20_session3_natural,39,30,40.0,-1.0932846069335938,-0.9255085688922343
COHFACE_s20_session3_natural,39,31,40.03333333333333,-1.1394859552383423,-0.7734499659917432
COHFACE_s20_session3_natural,39,32,40.06666666666667,-1.208322525024414,-0.5810386144521884
COHFACE_s20_session3_natural,39,33,40.1,-1.286998987197876,-0.3579968718250286
COHFACE_s20_session3_natural,39,34,40.13333333333333,-1.298905372619629,-0.12179070076876582
COHFACE_s20_session3_natural,39,35,40.166666666666664,-1.014114260673523,0.10459046752916544
COHFACE_s20_session3_natural,39,36,40.2,-0.241900235414505,0.2954168643054646
COHFACE_s20_session3_natural,39,37,40.233333333333334,0.6515025496482849,0.4256567444891042
COHFACE_s20_session3_natural,39,38,40.266666666666666,1.2778009176254272,0.47577509892173214
COHFACE_s20_session3_natural,39,39,40.3,1.6026095151901245,0.4381156895459212
COHFACE_s20_session3_natural,39,40,40.333333333333336,1.722719669342041,0.3232261144451032
COHFACE_s20_session3_natural,39,41,40.36666666666667,1.6613924503326416,0.16246078711691006
COHFACE_s20_session3_natural,39,42,40.4,1.3991626501083374,0.002958735274656177
COHFACE_s20_session3_natural,39,43,40.43333333333333,1.0456912517547607,-0.10583573022936704
COHFACE_s20_session3_natural,39,44,40.46666666666667,0.7417147755622864,-0.12942186489538807
COHFACE_s20_session3_natural,39,45,40.5,0.5287822484970093,-0.06090035137989122
COHFACE_s20_session3_natural,39,46,40.53333333333333,0.35196423530578613,0.07756340040262565
COHFACE_s20_session3_natural,39,47,40.56666666666667,0.16534769535064697,0.2449986975196631
COHFACE_s20_session3_natural,39,48,40.6,-0.043714866042137146,0.39782327433739534
COHFACE_s20_session3_natural,39,49,40.63333333333333,-0.27084293961524963,0.503842976379088
COHFACE_s20_session3_natural,39,50,40.666666666666664,-0.5148837566375732,0.5489323041585871
COHFACE_s20_session3_natural,39,51,40.7,-0.7459476590156555,0.5362132382388732
COHFACE_s20_session3_natural,39,52,40.733333333333334,-0.9399254322052002,0.4804264855471021
COHFACE_s20_session3_natural,39,53,40.766666666666666,-1.0785539150238037,0.40065546418732767
COHFACE_s20_session3_natural,39,54,40.8,-1.1665265560150146,0.31402837916155857
COHFACE_s20_session3_natural,39,55,40.833333333333336,-1.2396448850631714,0.23207452088307276
COHFACE_s20_session3_natural,39,56,40.86666666666667,-1.312697410583496,0.16017754783515906
COHFACE_s20_session3_natural,39,57,40.9,-1.3795826435089111,0.0993874345367596
COHFACE_s20_session3_natural,39,58,40.93333333333333,-1.439172387123108,0.0491128250203035
COHFACE_s20_session3_natural,39,59,40.96666666666667,-1.3769971132278442,0.009173840243500757
COHFACE_s20_session3_natural,39,60,41.0,-0.8849219679832458,-0.019660949640305153
COHFACE_s20_session3_natural,39,61,41.03333333333333,0.019267389550805092,-0.036556798460011836
COHFACE_s20_session3_natural,39,62,41.06666666666667,0.8372544646263123,-0.0420201557948621
COHFACE_s20_session3_natural,39,63,41.1,1.3294284343719482,-0.038732148411805396
COHFACE_s20_session3_natural,39,64,41.13333333333333,1.5590267181396484,-0.031201610837211277
COHFACE_s20_session3_natural,39,65,41.166666666666664,1.6014320850372314,-0.024487724101257418
COHFACE_s20_session3_natural,39,66,41.2,1.4490362405776978,-0.022883572770201244
COHFACE_s20_session3_natural,39,67,41.233333333333334,1.1208351850509644,-0.029333481798529112
COHFACE_s20_session3_natural,39,68,41.266666666666666,0.7791221141815186,-0.04549767541512258
COHFACE_s20_session3_natural,39,69,41.3,0.5410839319229126,-0.07167149349144357
COHFACE_s20_session3_natural,39,70,41.333333333333336,0.386621356010437,-0.10601449815380887
COHFACE_s20_session3_natural,39,71,41.36666666666667,0.24254192411899567,-0.14352173157717396
COHFACE_s20_session3_natural,39,72,41.4,0.07263227552175522,-0.17597563759021997
COHFACE_s20_session3_natural,39,73,41.43333333333333,-0.13285671174526215,-0.19381218078955126
COHFACE_s20_session3_natural,39,74,41.46666666666667,-0.36029765009880066,-0.18935000263353638
COHFACE_s20_session3_natural,39,75,41.5,-0.575280487537384,-0.15954138961739955
COHFACE_s20_session3_natural,39,76,41.53333333333333,-0.7708309888839722,-0.10664699937526703
COHFACE_s20_session3_natural,39,77,41.56666666666667,-0.9340463280677795,-0.036832913886359
COHFACE_s20_session3_natural,39,78,41.6,-1.046128273010254,0.041661414055805326
COHFACE_s20_session3_natural,39,79,41.63333333333333,-1.1013046503067017,0.11900790188491621
COHFACE_s20_session3_natural,39,80,41.666666666666664,-1.1421126127243042,0.18293922577040356
COHFACE_s20_session3_natural,39,81,41.7,-1.1913522481918335,0.21849736390474983
COHFACE_s20_session3_natural,39,82,41.733333333333334,-1.242889165878296,0.2104183027784654
COHFACE_s20_session3_natural,39,83,41.766666666666666,-1.2579903602600098,0.14842704934089035
COHFACE_s20_session3_natural,39,84,41.8,-1.0502288341522217,0.03339015802750208
COHFACE_s20_session3_natural,39,85,41.833333333333336,-0.3490087687969208,-0.11904571410573084
COHFACE_s20_session3_natural,39,86,41.86666666666667,0.536390483379364,-0.280022668779825
COHFACE_s20_session3_natural,39,87,41.9,1.1679751873016357,-0.4145211243236856
COHFACE_s20_session3_natural,39,88,41.93333333333333,1.4903135299682617,-0.49132384461210926
COHFACE_s20_session3_natural,39,89,41.96666666666667,1.583630084991455,-0.4919106388538244
COHFACE_s20_session3_natural,39,90,42.0,1.4857436418533325,-0.4151955027370606
COHFACE_s20_session3_natural,39,91,42.03333333333333,1.208017349243164,-0.27704349832508063
COHFACE_s20_session3_natural,39,92,42.06666666666667,0.8710717558860779,-0.10514708673360587
COHFACE_s20_session3_natural,39,93,42.1,0.6100770235061646,0.06895447765191312
COHFACE_s20_session3_natural,39,94,42.13333333333333,0.44853317737579346,0.2179319904725532
COHFACE_s20_session3_natural,39,95,42.166666666666664,0.30304571986198425,0.32398459164231724
COHFACE_s20_session3_natural,39,96,42.2,0.1398962438106537,0.38007157215784343
COHFACE_s20_session3_natural,39,97,42.233333333333334,-0.04833417013287544,0.3877936230350998
COHFACE_s20_session3_natural,39,98,42.266666666666666,-0.2622795104980469,0.3540144577315512
COHFACE_s20_session3_natural,39,99,42.3,-0.48684680461883545,0.28826580449960215
COHFACE_s20_session3_natural,39,100,42.333333333333336,-0.6933156251907349,0.2017262946450227
COHFACE_s20_session3_natural,39,101,42.36666666666667,-0.8366210460662842,0.1070703175515229
COHFACE_s20_session3_natural,39,102,42.4,-0.906239926815033,0.017794066746632854
COHFACE_s20_session3_natural,39,103,42.43333333333333,-0.922337532043457,-0.05381983062740753
COHFACE_s20_session3_natural,39,104,42.46666666666667,-0.9149268865585327,-0.09955857381872454
COHFACE_s20_session3_natural,39,105,42.5,-1.08859121799469,-0.11741056664498978
COHFACE_s20_session3_natural,39,106,42.53333333333333,-1.462548851966858,-0.11168977126129451
COHFACE_s20_session3_natural,39,107,42.56666666666667,-1.823447346687317,-0.09102927681365178
COHFACE_s20_session3_natural,39,108,42.6,-1.9794249534606934,-0.06521975098129786
COHFACE_s20_session3_natural,39,109,42.63333333333333,-1.7092081308364868,-0.04227420709393776
COHFACE_s20_session3_natural,39,110,42.666666666666664,-0.9954641461372375,-0.02670819486068654
COHFACE_s20_session3_natural,39,111,42.7,-0.13081465661525726,-0.019266375682726555
COHFACE_s20_session3_natural,39,112,42.733333333333334,0.5024497509002686,-0.0177522956118675
COHFACE_s20_session3_natural,39,113,42.766666666666666,0.6799511909484863,-0.01845664381093021
COHFACE_s20_session3_natural,39,114,42.8,0.6156597137451172,-0.01779711420408466
COHFACE_s20_session3_natural,39,115,42.833333333333336,0.3864566683769226,-0.013792358146035766
COHFACE_s20_session3_natural,39,116,42.86666666666667,0.02926352620124817,-0.0067597308964891445
COHFACE_s20_session3_natural,39,117,42.9,-0.30402615666389465,0.0013447103183762072
COHFACE_s20_session3_natural,39,118,42.93333333333333,-0.5445592403411865,0.008838738121689614
COHFACE_s20_session3_natural,39,119,42.96666666666667,-0.6613263487815857,0.01645744974878475
COHFACE_s20_session3_natural,39,120,43.0,-0.7396733164787292,0.028297954441960406
COHFACE_s20_session3_natural,39,121,43.03333333333333,-0.8786723613739014,0.05062613643642083
COHFACE_s20_session3_natural,39,122,43.06666666666667,-1.0711679458618164,0.08880442804087776
COHFACE_s20_session3_natural,39,123,43.1,-1.2596536874771118,0.14370585042307732
COHFACE_s20_session3_natural,39,124,43.13333333333333,-1.4005959033966064,0.20924875000452
COHFACE_s20_session3_natural,39,125,43.166666666666664,-1.5188204050064087,0.2720708766885423
COHFACE_s20_session3_natural,39,126,43.2,-1.5912059545516968,0.3134101352386563
COHFACE_s20_session3_natural,39,127,43.233333333333334,-1.6094279289245605,0.3128009846789618
COHFACE_s20_session3_natural,39,128,43.266666666666666,-1.6094608306884766,0.25342002393704377
COHFACE_s20_session3_natural,39,129,43.3,-1.605582594871521,0.1287432041159275
COHFACE_s20_session3_natural,39,130,43.333333333333336,-1.5922681093215942,-0.05119056626378699
COHFACE_s20_session3_natural,39,131,43.36666666666667,-1.5503404140472412,-0.2572642312725348
COHFACE_s20_session3_natural,39,132,43.4,-1.477378487586975,-0.4459847736686248
COHFACE_s20_session3_natural,39,133,43.43333333333333,-1.2208629846572876,-0.5720015841624535
COHFACE_s20_session3_natural,39,134,43.46666666666667,-0.5255386233329773,-0.6039712261896261
COHFACE_s20_session3_natural,39,135,43.5,0.5373044610023499,-0.536056506518483
COHFACE_s20_session3_natural,39,136,43.53333333333333,1.348259687423706,-0.38919373050544603
COHFACE_s20_session3_natural,39,137,43.56666666666667,1.6583293676376343,-0.20188780960581038
COHFACE_s20_session3_natural,39,138,43.6,1.70919930934906,-0.01581889337230599
COHFACE_s20_session3_natural,39,139,43.63333333333333,1.5899126529693604,0.13654424235438345
COHFACE_s20_session3_natural,39,140,43.666666666666664,1.3007245063781738,0.2377994181941787
COHFACE_s20_session3_natural,39,141,43.7,0.9258199334144592,0.28487198206360825
COHFACE_s20_session3_natural,39,142,43.733333333333334,0.5974048376083374,0.28444718105798816
COHFACE_s20_session3_natural,39,143,43.766666666666666,0.3792024552822113,0.2477340805480405
COHFACE_s20_session3_natural,39,144,43.8,0.20466528832912445,0.18662862262949922
COHFACE_s20_session3_natural,39,145,43.833333333333336,-0.0035491667222231627,0.11192072695700005
COHFACE_s20_session3_natural,39,146,43.86666666666667,-0.24371173977851868,0.033195903250342655
COHFACE_s20_session3_natural,39,147,43.9,-0.47498977184295654,-0.04047696065623963
COHFACE_s20_session3_natural,39,148,43.93333333333333,-0.6786260604858398,-0.1002504184948803
COHFACE_s20_session3_natural,39,149,43.96666666666667,-0.8641721606254578,-0.1384259937712557
COHFACE_s20_session3_natural,39,150,44.0,-1.009791374206543,-0.15036992272148342
COHFACE_s20_session3_natural,39,151,44.03333333333333,-1.0931693315505981,-0.13619573379731356
COHFACE_s20_session3_natural,39,152,44.06666666666667,-1.1508570909500122,-0.10093301547307253
COHFACE_s20_session3_natural,39,153,44.1,-1.1993062496185303,-0.05280286687595282
COHFACE_s20_session3_natural,39,154,44.13333333333333,-1.2307521104812622,-0.0004542958915276967
COHFACE_s20_session3_natural,39,155,44.166666666666664,-1.2419503927230835,0.04930415639774573
COHFACE_s20_session3_natural,39,156,44.2,-1.2379404306411743,0.09214643529377646
COHFACE_s20_session3_natural,39,157,44.233333333333334,-1.0759108066558838,0.12528471246340964
COHFACE_s20_session3_natural,39,158,44.266666666666666,-0.4931128919124603,0.1460957499382685
COHFACE_s20_session3_natural,39,159,44.3,0.5482722520828247,0.15172896595905921
COHFACE_s20_session3_natural,39,160,44.333333333333336,1.3896111249923706,0.14026198068597773
COHFACE_s20_session3_natural,39,161,44.36666666666667,1.6620758771896362,0.11270747390206905
COHFACE_s20_session3_natural,39,162,44.4,1.7008253335952759,0.0744333473500431
COHFACE_s20_session3_natural,39,163,44.43333333333333,1.6456818580627441,0.034772142196581826
COHFACE_s20_session3_natural,39,164,44.46666666666667,1.4169811010360718,0.004621966328429732
COHFACE_s20_session3_natural,39,165,44.5,1.0685242414474487,-0.006918830009654442
COHFACE_s20_session3_natural,39,166,44.53333333333333,0.7567172646522522,0.004819907506220189
COHFACE_s20_session3_natural,39,167,44.56666666666667,0.5867910981178284,0.03932814469588873
COHFACE_s20_session3_natural,39,168,44.6,0.44351041316986084,0.09162870759561864
COHFACE_s20_session3_natural,39,169,44.63333333333333,0.3093612492084503,0.15302694529773395
COHFACE_s20_session3_natural,39,170,44.666666666666664,0.17253601551055908,0.21112227717298596
COHFACE_s20_session3_natural,39,171,44.7,-0.07041789591312408,0.2498621240556078
COHFACE_s20_session3_natural,39,172,44.733333333333334,-0.34854766726493835,0.251315527387922
COHFACE_s20_session3_natural,39,173,44.766666666666666,-0.559413492679596,0.2001692527081993
COHFACE_s20_session3_natural,39,174,44.8,-0.71548992395401,0.0899778888920917
COHFACE_s20_session3_natural,39,175,44.833333333333336,-0.8315241932868958,-0.07152722560580732
COHFACE_s20_session3_natural,39,176,44.86666666666667,-0.9440918564796448,-0.2608752645949776
COHFACE_s20_session3_natural,39,177,44.9,-1.057614803314209,-0.44251127913949406
COHFACE_s20_session3_natural,39,178,44.93333333333333,-1.1459249258041382,-0.5772569891772695
COHFACE_s20_session3_natural,39,179,44.96666666666667,-1.2156014442443848,-0.6332899637229622
COHFACE_s20_session3_natural,39,180,45.0,-1.2718812227249146,-0.5959857398716719
COHFACE_s20_session3_natural,39,181,45.03333333333333,-1.1772143840789795,-0.4728293136155509
COHFACE_s20_session3_natural,39,182,45.06666666666667,-0.6364677548408508,-0.29114237225886297
COHFACE_s20_session3_natural,39,183,45.1,0.3908454179763794,-0.08925802398887046
COHFACE_s20_session3_natural,39,184,45.13333333333333,1.2267744541168213,0.09521643879805303
COHFACE_s20_session3_natural,39,185,45.166666666666664,1.4865670204162598,0.2351745377540946
COHFACE_s20_session3_natural,39,186,45.2,1.5011084079742432,0.31846113467019027
COHFACE_s20_session3_natural,39,187,45.233333333333334,1.4021351337432861,0.3466233758616292
COHFACE_s20_session3_natural,39,188,45.266666666666666,1.1415520906448364,0.3300453270316355
COHFACE_s20_session3_natural,39,189,45.3,0.8275547623634338,0.2824693345153195
COHFACE_s20_session3_natural,39,190,45.333333333333336,0.5896730422973633,0.2172511539272098
COHFACE_s20_session3_natural,39,191,45.36666666666667,0.4569813013076782,0.14603001973902902
COHFACE_s20_session3_natural,39,192,45.4,0.35954779386520386,0.07880434291884725
COHFACE_s20_session3_natural,39,193,45.43333333333333,0.23759324848651886,0.023802508662345363
COHFACE_s20_session3_natural,39,194,45.46666666666667,0.08081691712141037,-0.013593933301294082
COHFACE_s20_session3_natural,39,195,45.5,-0.14645111560821533,-0.032224364992935586
COHFACE_s20_session3_natural,39,196,45.53333333333333,-0.37457549571990967,-0.03550760032303899
COHFACE_s20_session3_natural,39,197,45.56666666666667,-0.5620483756065369,-0.029987107497995213
COHFACE_s20_session3_natural,39,198,45.6,-0.7185035943984985,-0.02253155410064921
COHFACE_s20_session3_natural,39,199,45.63333333333333,-0.8346695899963379,-0.01764635156044704
COHFACE_s20_session3_natural,39,200,45.666666666666664,-0.9135764837265015,-0.016266961320006858
COHFACE_s20_session3_natural,39,201,45.7,-0.9575462937355042,-0.016438980867888538
COHFACE_s20_session3_natural,39,202,45.733333333333334,-1.0027347803115845,-0.015202565236779635
COHFACE_s20_session3_natural,39,203,45.766666666666666,-1.057079553604126,-0.010496886082396815
COHFACE_s20_session3_natural,39,204,45.8,-1.0634691715240479,-0.002219392067364769
COHFACE_s20_session3_natural,39,205,45.833333333333336,-0.8709241151809692,0.007755452457404428
COHFACE_s20_session3_natural,39,206,45.86666666666667,-0.14300104975700378,0.016359198074052304
COHFACE_s20_session3_natural,39,207,45.9,0.8701906800270081,0.020570167947201963
COHFACE_s20_session3_natural,39,208,45.93333333333333,1.4606051445007324,0.01879038520723646
COHFACE_s20_session3_natural,39,209,45.96666666666667,1.6549698114395142,0.012013081436496667
COHFACE_s20_session3_natural,39,210,46.0,1.7142385244369507,0.004333449464357991
COHFACE_s20_session3_natural,39,211,46.03333333333333,1.6413671970367432,0.002331452418987706
COHFACE_s20_session3_natural,39,212,46.06666666666667,1.4021762609481812,0.013096746214340238
COHFACE_s20_session3_natural,39,213,46.1,1.0830738544464111,0.04120889747814213
COHFACE_s20_session3_natural,39,214,46.13333333333333,0.836455762386322,0.08562841410226407
COHFACE_s20_session3_natural,39,215,46.166666666666664,0.6935455799102783,0.13775969381996017
COHFACE_s20_session3_natural,39,216,46.2,0.5718134045600891,0.18167833507744327
COHFACE_s20_session3_natural,39,217,46.233333333333334,0.4090591371059418,0.19699928268281558
COHFACE_s20_session3_natural,39,218,46.266666666666666,0.20971275866031647,0.1643756814468471
COHFACE_s20_session3_natural,39,219,46.3,-0.0056241475977003574,0.07282922473350051
COHFACE_s20_session3_natural,39,220,46.333333333333336,-0.22385120391845703,-0.07318568669964232
COHFACE_s20_session3_natural,39,221,46.36666666666667,-0.4405384957790375,-0.25027405973854183
COHFACE_s20_session3_natural,39,222,46.4,-0.6324906945228577,-0.4193763469222404
COHFACE_s20_session3_natural,39,223,46.43333333333333,-0.7585457563400269,-0.5366499654762339
COHFACE_s20_session3_natural,39,224,46.46666666666667,-0.8398570418357849,-0.5684800307675717
COHFACE_s20_session3_natural,39,225,46.5,-0.9182698726654053,-0.503865911687589
COHFACE_s20_session3_natural,39,226,46.53333333333333,-1.0102360248565674,-0.35799217475872047
COHFACE_s20_session3_natural,39,227,46.56666666666667,-1.1050840616226196,-0.16529038941095925
COHFACE_s20_session3_natural,39,228,46.6,-1.0950632095336914,0.03385530508070801
COHFACE_s20_session3_natural,39,229,46.63333333333333,-0.6678476929664612,0.20565740877162725
COHFACE_s20_session3_natural,39,230,46.666666666666664,0.2543413043022156,0.3297737742379089
COHFACE_s20_session3_natural,39,231,46.7,1.0451313257217407,0.3999490692123047
COHFACE_s20_session3_natural,39,232,46.733333333333334,1.4410903453826904,0.42076966691639367
COHFACE_s20_session3_natural,39,233,46.766666666666666,1.6393581628799438,0.40320103155235354
COHFACE_s20_session3_natural,39,234,46.8,1.7203153371810913,0.36056345543132234
COHFACE_s20_session3_natural,39,235,46.833333333333336,1.6285220384597778,0.3054475394864973
COHFACE_s20_session3_natural,39,236,46.86666666666667,1.3698493242263794,0.24752130164779113
COHFACE_s20_session3_natural,39,237,46.9,1.071019172668457,0.19220503105114828
COHFACE_s20_session3_natural,39,238,46.93333333333333,0.8541343212127686,0.14036003348219891
COHFACE_s20_session3_natural,39,239,46.96666666666667,0.6983213424682617,0.0891611025244696
COHFACE_s20_session3_natural,40,0,40.0,-1.0932846069335938,0.009929302756776552
COHFACE_s20_session3_natural,40,1,40.03333333333333,-1.1394859552383423,2.508045258729416
COHFACE_s20_session3_natural,40,2,40.06666666666667,-1.208322525024414,4.634193816524149
COHFACE_s20_session3_natural,40,3,40.1,-1.286998987197876,6.104918285163958
COHFACE_s20_session3_natural,40,4,40.13333333333333,-1.298905372619629,6.788769632691126
COHFACE_s20_session3_natural,40,5,40.166666666666664,-1.014114260673523,6.722120009810433
COHFACE_s20_session3_natural,40,6,40.2,-0.241900235414505,6.071988577229057
COHFACE_s20_session3_natural,40,7,40.233333333333334,0.6515025496482849,5.067054256443299
COHFACE_s20_session3_natural,40,8,40.266666666666666,1.2778009176254272,3.9283364718201024
COHFACE_s20_session3_natural,40,9,40.3,1.6026095151901245,2.8230822574608223
COHFACE_s20_session3_natural,40,10,40.333333333333336,1.722719669342041,1.849953453464748
COHFACE_s20_session3_natural,40,11,40.36666666666667,1.6613924503326416,1.0492825954417573
COHFACE_s20_session3_natural,40,12,40.4,1.3991626501083374,0.42419051959017956
COHFACE_s20_session3_natural,40,13,40.43333333333333,1.0456912517547607,-0.040962799517409665
COHFACE_s20_session3_natural,40,14,40.46666666666667,0.7417147755622864,-0.370845581720802
COHFACE_s20_session3_natural,40,15,40.5,0.5287822484970093,-0.5959112117153753
COHFACE_s20_session3_natural,40,16,40.53333333333333,0.35196423530578613,-0.7499163587172424
COHFACE_s20_session3_natural,40,17,40.56666666666667,0.16534769535064697,-0.8646989101859865
COHFACE_s20_session3_natural,40,18,40.6,-0.043714866042137146,-0.9636217914054164
COHFACE_s20_session3_natural,40,19,40.63333333333333,-0.27084293961524963,-1.0577829097839604
COHFACE_s20_session3_natural,40,20,40.666666666666664,-0.5148837566375732,-1.147077337736419
COHFACE_s20_session3_natural,40,21,40.7,-0.7459476590156555,-1.2245899936828457
COHFACE_s20_session3_natural,40,22,40.733333333333334,-0.9399254322052002,-1.2815703151075657
COHFACE_s20_session3_natural,40,23,40.766666666666666,-1.0785539150238037,-1.3111991837699284
COHFACE_s20_session3_natural,40,24,40.8,-1.1665265560150146,-1.3105184990372227
COHFACE_s20_session3_natural,40,25,40.833333333333336,-1.2396448850631714,-1.2805742715745485
COHFACE_s20_session3_natural,40,26,40.86666666666667,-1.312697410583496,-1.225195294914911
COHFACE_s20_session3_natural,40,27,40.9,-1.3795826435089111,-1.1490554711437166
COHFACE_s20_session3_natural,40,28,40.93333333333333,-1.439172387123108,-1.0558041639928468
COHFACE_s20_session3_natural,40,29,40.96666666666667,-1.3769971132278442,-0.9470138700367852
COHFACE_s20_session3_natural,40,30,41.0,-0.8849219679832458,-0.8223957641344157
COHFACE_s20_session3_natural,40,31,41.03333333333333,0.019267389550805092,-0.6812216091957803
COHFACE_s20_session3_natural,40,32,41.06666666666667,0.8372544646263123,-0.5243409052663659
COHFACE_s20_session3_natural,40,33,41.1,1.3294284343719482,-0.3558366755203899
COHFACE_s20_session3_natural,40,34,41.13333333333333,1.5590267181396484,-0.18344229683832244
COHFACE_s20_session3_natural,40,35,41.166666666666664,1.6014320850372314,-0.017444435298625303
COHFACE_s20_session3_natural,40,36,41.2,1.4490362405776978,0.13133573669845863
COHFACE_s20_session3_natural,40,37,41.233333333333334,1.1208351850509644,0.2534819975634651
COHFACE_s20_session3_natural,40,38,41.266666666666666,0.7791221141815186,0.34230140893445343
COHFACE_s20_session3_natural,40,39,41.3,0.5410839319229126,0.394743435505559
COHFACE_s20_session3_natural,40,40,41.333333333333336,0.386621356010437,0.4123695763152331
COHFACE_s20_session3_natural,40,41,41.36666666666667,0.24254192411899567,0.40220730852041503
COHFACE_s20_session3_natural,40,42,41.4,0.07263227552175522,0.3763914503485966
COHFACE_s20_session3_natural,40,43,41.43333333333333,-0.13285671174526215,0.3495655887530546
COHFACE_s20_session3_natural,40,44,41.46666666666667,-0.36029765009880066,0.334611929916853
COHFACE_s20_session3_natural,40,45,41.5,-0.575280487537384,0.3388719865298488
COHFACE_s20_session3_natural,40,46,41.53333333333333,-0.7708309888839722,0.36289640754973806
COHFACE_s20_session3_natural,40,47,41.56666666666667,-0.9340463280677795,0.40198328819387874
COHFACE_s20_session3_natural,40,48,41.6,-1.046128273010254,0.44873311184545545
COHFACE_s20_session3_natural,40,49,41.63333333333333,-1.1013046503067017,0.49433691001605085
COHFACE_s20_session3_natural,40,50,41.666666666666664,-1.1421126127243042,0.5279602872533733
COHFACE_s20_session3_natural,40,51,41.7,-1.1913522481918335,0.5358274989724071
COHFACE_s20_session3_natural,40,52,41.733333333333334,-1.242889165878296,0.5024040374859899
COHFACE_s20_session3_natural,40,53,41.766666666666666,-1.2579903602600098,0.41480948160952796
COHFACE_s20_session3_natural,40,54,41.8,-1.0502288341522217,0.26913151798759016
COHFACE_s20_session3_natural,40,55,41.833333333333336,-0.3490087687969208,0.07549325534113797
COHFACE_s20_session3_natural,40,56,41.86666666666667,0.536390483379364,-0.14107996873785036
COHFACE_s20_session3_natural,40,57,41.9,1.1679751873016357,-0.3450969306583963
COHFACE_s20_session3_natural,40,58,41.93333333333333,1.4903135299682617,-0.4992052968916216
COHFACE_s20_session3_natural,40,59,41.96666666666667,1.583630084991455,-0.574280144903785
COHFACE_s20_session3_natural,40,60,42.0,1.4857436418533325,-0.5578863882954284
COHFACE_s20_session3_natural,40,61,42.03333333333333,1.208017349243164,-0.45832746715388256
COHFACE_s20_session3_natural,40,62,42.06666666666667,0.8710717558860779,-0.3023426047873127
COHFACE_s20_session3_natural,40,63,42.1,0.6100770235061646,-0.1266270219892367
COHFACE_s20_session3_natural,40,64,42.13333333333333,0.44853317737579346,0.03345035514405698
COHFACE_s20_session3_natural,40,65,42.166666666666664,0.30304571986198425,0.15287178727518513
COHFACE_s20_session3_natural,40,66,42.2,0.1398962438106537,0.22043507907020315
COHFACE_s20_session3_natural,40,67,42.233333333333334,-0.04833417013287544,0.23688644858981336
COHFACE_s20_session3_natural,40,68,42.266666666666666,-0.2622795104980469,0.2104298666758737
COHFACE_s20_session3_natural,40,69,42.3,-0.48684680461883545,0.15260447599349633
COHFACE_s20_session3_natural,40,70,42.333333333333336,-0.6933156251907349,0.07605500182252106
COHFACE_s20_session3_natural,40,71,42.36666666666667,-0.8366210460662842,-0.006168531896564454
COHFACE_s20_session3_natural,40,72,42.4,-0.906239926815033,-0.08115183257329406
COHFACE_s20_session3_natural,40,73,42.43333333333333,-0.922337532043457,-0.13755654825747687
COHFACE_s20_session3_natural,40,74,42.46666666666667,-0.9149268865585327,-0.16784619537948656
COHFACE_s20_session3_natural,40,75,42.5,-1.08859121799469,-0.1701958578784518
COHFACE_s20_session3_natural,40,76,42.53333333333333,-1.462548851966858,-0.14895804571374385
COHFACE_s20_session3_natural,40,77,42.56666666666667,-1.823447346687317,-0.11327909062998738
COHFACE_s20_session3_natural,40,78,42.6,-1.9794249534606934,-0.07428414086775165
COHFACE_s20_session3_natural,40,79,42.63333333333333,-1.7092081308364868,-0.04180724328221612
COHFACE_s20_session3_natural,40,80,42.666666666666664,-0.9954641461372375,-0.02179607724006014
COHFACE_s20_session3_natural,40,81,42.7,-0.13081465661525726,-0.0152126019305172
COHFACE_s20_session3_natural,40,82,42.733333333333334,0.5024497509002686,-0.018608170507812993
COHFACE_s20_session3_natural,40,83,42.766666666666666,0.6799511909484863,-0.025939719312964106
COHFACE_s20_session3_natural,40,84,42.8,0.6156597137451172,-0.03089895862341587
COHFACE_s20_session3_natural,40,85,42.833333333333336,0.3864566683769226,-0.028979688314480483
COHFACE_s20_session3_natural,40,86,42.86666666666667,0.02926352620124817,-0.018578044866967524
COHFACE_s20_session3_natural,40,87,42.9,-0.30402615666389465,-0.0007110251679194344
COHFACE_s20_session3_natural,40,88,42.93333333333333,-0.5445592403411865,0.022477003239265346
COHFACE_s20_session3_natural,40,89,42.96666666666667,-0.6613263487815857,0.0496071252885502
COHFACE_s20_session3_natural,40,90,43.0,-0.7396733164787292,0.08123064487829258
COHFACE_s20_session3_natural,40,91,43.03333333333333,-0.8786723613739014,0.11945894080808087
COHFACE_s20_session3_natural,40,92,43.06666666666667,-1.0711679458618164,0.16613513340938457
COHFACE_s20_session3_natural,40,93,43.1,-1.2596536874771118,0.2204507148894107
COHFACE_s20_session3_natural,40,94,43.13333333333333,-1.4005959033966064,0.2771015445567633
COHFACE_s20_session3_natural,40,95,43.166666666666664,-1.5188204050064087,0.3256720102220153
COHFACE_s20_session3_natural,40,96,43.2,-1.5912059545516968,0.3514124159868949
COHFACE_s20_session3_natural,40,97,43.233333333333334,-1.6094279289245605,0.33750896965988875
COHFACE_s20_session3_natural,40,98,43.266666666666666,-1.6094608306884766,0.26928773312848214
COHFACE_s20_session3_natural,40,99,43.3,-1.605582594871521,0.1404278977720107
COHFACE_s20_session3_natural,40,100,43.333333333333336,-1.5922681093215942,-0.040476445022691106
COHFACE_s20_session3_natural,40,101,43.36666666666667,-1.5503404140472412,-0.24662958407812308
COHFACE_s20_session3_natural,40,102,43.4,-1.477378487586975,-0.4368589444365831
COHFACE_s20_session3_natural,40,103,43.43333333333333,-1.2208629846572876,-0.5674413477257777
COHFACE_s20_session3_natural,40,104,43.46666666666667,-0.5255386233329773,-0.6076187991883086
COHFACE_s20_session3_natural,40,105,43.5,0.5373044610023499,-0.5511131851596665
COHFACE_s20_session3_natural,40,106,43.53333333333333,1.348259687423706,-0.41767112186227706
COHFACE_s20_session3_natural,40,107,43.56666666666667,1.6583293676376343,-0.24420651281008082
COHFACE_s20_session3_natural,40,108,43.6,1.70919930934906,-0.0706223402367999
COHFACE_s20_session3_natural,40,109,43.63333333333333,1.5899126529693604,0.0725593457823046
COHFACE_s20_session3_natural,40,110,43.666666666666664,1.3007245063781738,0.17005959432641413
COHFACE_s20_session3_natural,40,111,43.7,0.9258199334144592,0.22084771048120466
COHFACE_s20_session3_natural,40,112,43.733333333333334,0.5974048376083374,0.23294873056458876
COHFACE_s20_session3_natural,40,113,43.766666666666666,0.3792024552822113,0.21742068362913744
COHFACE_s20_session3_natural,40,114,43.8,0.20466528832912445,0.18396779989946177
COHFACE_s20_session3_natural,40,115,43.833333333333336,-0.0035491667222231627,0.13920356310467968
COHFACE_s20_session3_natural,40,116,43.86666666666667,-0.24371173977851868,0.0873706464800162
COHFACE_s20_session3_natural,40,117,43.9,-0.47498977184295654,0.032475103573933246
COHFACE_s20_session3_natural,40,118,43.93333333333333,-0.6786260604858398,-0.01974974503459147
COHFACE_s20_session3_natural,40,119,43.96666666666667,-0.8641721606254578,-0.06150737540774217
COHFACE_s20_session3_natural,40,120,44.0,-1.009791374206543,-0.08469459996433355
COHFACE_s20_session3_natural,40,121,44.03333333333333,-1.0931693315505981,-0.08388527635996348
COHFACE_s20_session3_natural,40,122,44.06666666666667,-1.1508570909500122,-0.05883726772336334
COHFACE_s20_session3_natural,40,123,44.1,-1.1993062496185303,-0.01504759446016833
COHFACE_s20_session3_natural,40,124,44.13333333333333,-1.2307521104812622,0.03790094296351884
COHFACE_s20_session3_natural,40,125,44.166666666666664,-1.2419503927230835,0.0891563951106801
COHFACE_s20_session3_natural,40,126,44.2,-1.2379404306411743,0.129093834529049
COHFACE_s20_session3_natural,40,127,44.233333333333334,-1.0759108066558838,0.1506223911556599
COHFACE_s20_session3_natural,40,128,44.266666666666666,-0.4931128919124603,0.14955569633003396
COHFACE_s20_session3_natural,40,129,44.3,0.5482722520828247,0.12493636660784455
COHFACE_s20_session3_natural,40,130,44.333333333333336,1.3896111249923706,0.07978580156783757
COHFACE_s20_session3_natural,40,131,44.36666666666667,1.6620758771896362,0.021801842946020826
COHFACE_s20_session3_natural,40,132,44.4,1.7008253335952759,-0.03702570376739054
COHFACE_s20_session3_natural,40,133,44.43333333333333,1.6456818580627441,-0.08260423675941649
COHFACE_s20_session3_natural,40,134,44.46666666666667,1.4169811010360718,-0.10241934375350256
COHFACE_s20_session3_natural,40,135,44.5,1.0685242414474487,-0.08927051083879355
COHFACE_s20_session3_natural,40,136,44.53333333333333,0.7567172646522522,-0.04324142798913939
COHFACE_s20_session3_natural,40,137,44.56666666666667,0.5867910981178284,0.028946712005375467
COHFACE_s20_session3_natural,40,138,44.6,0.44351041316986084,0.11614854811906769
COHFACE_s20_session3_natural,40,139,44.63333333333333,0.3093612492084503,0.2045470932683257
COHFACE_s20_session3_natural,40,140,44.666666666666664,0.17253601551055908,0.27808294491584523
COHFACE_s20_session3_natural,40,141,44.7,-0.07041789591312408,0.31873860087234757
COHFACE_s20_session3_natural,40,142,44.733333333333334,-0.34854766726493835,0.3087224934295092
COHFACE_s20_session3_natural,40,143,44.766666666666666,-0.559413492679596,0.23547211721636557
COHFACE_s20_session3_natural,40,144,44.8,-0.71548992395401,0.0979771850131659
COHFACE_s20_session3_natural,40,145,44.833333333333336,-0.8315241932868958,-0.08888404832102481
COHFACE_s20_session3_natural,40,146,44.86666666666667,-0.9440918564796448,-0.2949665532812962
COHFACE_s20_session3_natural,40,147,44.9,-1.057614803314209,-0.4812196864836346
COHFACE_s20_session3_natural,40,148,44.93333333333333,-1.1459249258041382,-0.6099091669613121
COHFACE_s20_session3_natural,40,149,44.96666666666667,-1.2156014442443848,-0.6550687054907937
COHFACE_s20_session3_natural,40,150,45.0,-1.2718812227249146,-0.6094783510582251
COHFACE_s20_session3_natural,40,151,45.03333333333333,-1.1772143840789795,-0.4858656112771174
COHFACE_s20_session3_natural,40,152,45.06666666666667,-0.6364677548408508,-0.3121467712945478
COHFACE_s20_session3_natural,40,153,45.1,0.3908454179763794,-0.12264340618020306
COHFACE_s20_session3_natural,40,154,45.13333333333333,1.2267744541168213,0.051382274144740094
COHFACE_s20_session3_natural,40,155,45.166666666666664,1.4865670204162598,0.1885270634264371
COHFACE_s20_session3_natural,40,156,45.2,1.5011084079742432,0.27955594277875934
COHFACE_s20_session3_natural,40,157,45.233333333333334,1.4021351337432861,0.3255507812547955
COHFACE_s20_session3_natural,40,158,45.266666666666666,1.1415520906448364,0.33383687262805706
COHFACE_s20_session3_natural,40,159,45.3,0.8275547623634338,0.3140050307285683
COHFACE_s20_session3_natural,40,160,45.333333333333336,0.5896730422973633,0.2755095907338604
COHFACE_s20_session3_natural,40,161,45.36666666666667,0.4569813013076782,0.22693588780160878
COHFACE_s20_session3_natural,40,162,45.4,0.35954779386520386,0.1759775515425003
COHFACE_s20_session3_natural,40,163,45.43333333333333,0.23759324848651886,0.12905267135113346
COHFACE_s20_session3_natural,40,164,45.46666666666667,0.08081691712141037,0.09029693764134396
COHFACE_s20_session3_natural,40,165,45.5,-0.14645111560821533,0.060627468035656676
COHFACE_s20_session3_natural,40,166,45.53333333333333,-0.37457549571990967,0.037840130744034584
COHFACE_s20_session3_natural,40,167,45.56666666666667,-0.5620483756065369,0.018101944411003212
COHFACE_s20_session3_natural,40,168,45.6,-0.7185035943984985,-0.001820207603681808
COHFACE_s20_session3_natural,40,169,45.63333333333333,-0.8346695899963379,-0.02286323915960109
COHFACE_s20_session3_natural,40,170,45.666666666666664,-0.9135764837265015,-0.043440085610922635
COHFACE_s20_session3_natural,40,171,45.7,-0.9575462937355042,-0.060670827545882426
COHFACE_s20_session3_natural,40,172,45.733333333333334,-1.0027347803115845,-0.07221833934645362
COHFACE_s20_session3_natural,40,173,45.766666666666666,-1.057079553604126,-0.07761803498053045
COHFACE_s20_session3_natural,40,174,45.8,-1.0634691715240479,-0.07840849379157225
COHFACE_s20_session3_natural,40,175,45.833333333333336,-0.8709241151809692,-0.07711505152617489
COHFACE_s20_session3_natural,40,176,45.86666666666667,-0.14300104975700378,-0.07572865524306775
COHFACE_s20_session3_natural,40,177,45.9,0.8701906800270081,-0.07446415577283348
COHFACE_s20_session3_natural,40,178,45.93333333333333,1.4606051445007324,-0.07128136451413883
COHFACE_s20_session3_natural,40,179,45.96666666666667,1.6549698114395142,-0.06221280403459531
COHFACE_s20_session3_natural,40,180,46.0,1.7142385244369507,-0.04228848499028198
COHFACE_s20_session3_natural,40,181,46.03333333333333,1.6413671970367432,-0.006852234703923399
COHFACE_s20_session3_natural,40,182,46.06666666666667,1.4021762609481812,0.04681680310506015
COHFACE_s20_session3_natural,40,183,46.1,1.0830738544464111,0.1176639688812123
COHFACE_s20_session3_natural,40,184,46.13333333333333,0.836455762386322,0.19912653310027498
COHFACE_s20_session3_natural,40,185,46.166666666666664,0.6935455799102783,0.27816597810864757
COHFACE_s20_session3_natural,40,186,46.2,0.5718134045600891,0.33589967625121436
COHFACE_s20_session3_natural,40,187,46.233333333333334,0.4090591371059418,0.35056721006348585
COHFACE_s20_session3_natural,40,188,46.266666666666666,0.20971275866031647,0.3030862789394763
COHFACE_s20_session3_natural,40,189,46.3,-0.0056241475977003574,0.18442592227412655
COHFACE_s20_session3_natural,40,190,46.333333333333336,-0.22385120391845703,0.0025686123523152244
COHFACE_s20_session3_natural,40,191,46.36666666666667,-0.4405384957790375,-0.21439915531623402
COHFACE_s20_session3_natural,40,192,46.4,-0.6324906945228577,-0.42242484702097455
COHFACE_s20_session3_natural,40,193,46.43333333333333,-0.7585457563400269,-0.5735606619810428
COHFACE_s20_session3_natural,40,194,46.46666666666667,-0.8398570418357849,-0.6319709871879058
COHFACE_s20_session3_natural,40,195,46.5,-0.9182698726654053,-0.5865384628277566
COHFACE_s20_session3_natural,40,196,46.53333333333333,-1.0102360248565674,-0.45382050216765324
COHFACE_s20_session3_natural,40,197,46.56666666666667,-1.1050840616226196,-0.27015129570604
COHFACE_s20_session3_natural,40,198,46.6,-1.0950632095336914,-0.07752574429615054
COHFACE_s20_session3_natural,40,199,46.63333333333333,-0.6678476929664612,0.08943250169212648
COHFACE_s20_session3_natural,40,200,46.666666666666664,0.2543413043022156,0.21037706194121042
COHFACE_s20_session3_natural,40,201,46.7,1.0451313257217407,0.27947798465507623
COHFACE_s20_session3_natural,40,202,46.733333333333334,1.4410903453826904,0.3014982290970717
COHFACE_s20_session3_natural,40,203,46.766666666666666,1.6393581628799438,0.28679898385546826
COHFACE_s20_session3_natural,40,204,46.8,1.7203153371810913,0.24736604207652846
COHFACE_s20_session3_natural,40,205,46.833333333333336,1.6285220384597778,0.1945568903887358
COHFACE_s20_session3_natural,40,206,46.86666666666667,1.3698493242263794,0.13832684304160012
COHFACE_s20_session3_natural,40,207,46.9,1.071019172668457,0.08726229841394406
COHFACE_s20_session3_natural,40,208,46.93333333333333,0.8541343212127686,0.04859434153775809
COHFACE_s20_session3_natural,40,209,46.96666666666667,0.6983213424682617,0.027548197539555504
COHFACE_s20_session3_natural,40,210,47.0,0.5426154136657715,0.025973617418145772
COHFACE_s20_session3_natural,40,211,47.03333333333333,0.3376287519931793,0.04094561720616643
COHFACE_s20_session3_natural,40,212,47.06666666666667,0.06364892423152924,0.06447387979202643
COHFACE_s20_session3_natural,40,213,47.1,-0.24145559966564178,0.085178654595892
COHFACE_s20_session3_natural,40,214,47.13333333333333,-0.5290133953094482,0.09175207759069476
COHFACE_s20_session3_natural,40,215,47.166666666666664,-0.7873485088348389,0.07685631172314217
COHFACE_s20_session3_natural,40,216,47.2,-0.9969462752342224,0.03962545925104929
COHFACE_s20_session3_natural,40,217,47.233333333333334,-1.1428207159042358,-0.014431227039535777
COHFACE_s20_session3_natural,40,218,47.266666666666666,-1.2502092123031616,-0.07586041235858473
COHFACE_s20_session3_natural,40,219,47.3,-1.3352916240692139,-0.1345296796257155
COHFACE_s20_session3_natural,40,220,47.333333333333336,-1.3938686847686768,-0.18212297423275578
COHFACE_s20_session3_natural,40,221,47.36666666666667,-1.4244252443313599,-0.2131377897548804
COHFACE_s20_session3_natural,40,222,47.4,-1.3314875364303589,-0.22472304334409404
COHFACE_s20_session3_natural,40,223,47.43333333333333,-0.7750056385993958,-0.2161940843352772
COHFACE_s20_session3_natural,40,224,47.46666666666667,0.269360214471817,-0.18874139773365908
COHFACE_s20_session3_natural,40,225,47.5,1.078528642654419,-0.1452610653056892
COHFACE_s20_session3_natural,40,226,47.53333333333333,1.4450591802597046,-0.09002826192294998
COHFACE_s20_session3_natural,40,227,47.56666666666667,1.6302677392959595,-0.028143471475319117
COHFACE_s20_session3_natural,40,228,47.6,1.6888447999954224,0.03502966829493228
COHFACE_s20_session3_natural,40,229,47.63333333333333,1.5468074083328247,0.09414815449794514
COHFACE_s20_session3_natural,40,230,47.666666666666664,1.2465856075286865,0.14387151867517955
COHFACE_s20_session3_natural,40,231,47.7,0.9439018964767456,0.17894730999553787
COHFACE_s20_session3_natural,40,232,47.733333333333334,0.7252219915390015,0.19501833956845865
COHFACE_s20_session3_natural,40,233,47.766666666666666,0.5477699637413025,0.19032298852291077
COHFACE_s20_session3_natural,40,234,47.8,0.36589622497558594,0.16742888574594636
COHFACE_s20_session3_natural,40,235,47.833333333333336,0.17121857404708862,0.13349484666273967
COHFACE_s20_session3_natural,40,236,47.86666666666667,-0.03311764448881149,0.09813850650412953
COHFACE_s20_session3_natural,40,237,47.9,-0.2672199606895447,0.0695148507026574
COHFACE_s20_session3_natural,40,238,47.93333333333333,-0.5000212788581848,0.05064102475754738
COHFACE_s20_session3_natural,40,239,47.96666666666667,-0.7273881435394287,0.038199145290260056
COHFACE_s20_session3_natural,41,0,41.0,-0.8849219679832458,-0.006013162091669779
COHFACE_s20_session3_natural,41,1,41.03333333333333,0.019267389550805092,2.626015635879992
COHFACE_s20_session3_natural,41,2,41.06666666666667,0.8372544646263123,4.854907711837909
COHFACE_s20_session3_natural,41,3,41.1,1.3294284343719482,6.375599779945994
COHFACE_s20_session3_natural,41,4,41.13333333333333,1.5590267181396484,7.051438729575394
COHFACE_s20_session3_natural,41,5,41.166666666666664,1.6014320850372314,6.931847205318861
COHFACE_s20_session3_natural,41,6,41.2,1.4490362405776978,6.211355298400254
COHFACE_s20_session3_natural,41,7,41.233333333333334,1.1208351850509644,5.152338180886887
COHFACE_s20_session3_natural,41,8,41.266666666666666,0.7791221141815186,4.005157106641189
COHFACE_s20_session3_natural,41,9,41.3,0.5410839319229126,2.951907455427732
COHFACE_s20_session3_natural,41,10,41.333333333333336,0.386621356010437,2.08493450685988
COHFACE_s20_session3_natural,41,11,41.36666666666667,0.24254192411899567,1.4168495871531703
COHFACE_s20_session3_natural,41,12,41.4,0.07263227552175522,0.9093712901083872
COHFACE_s20_session3_natural,41,13,41.43333333333333,-0.13285671174526215,0.505947691639285
COHFACE_s20_session3_natural,41,14,41.46666666666667,-0.36029765009880066,0.15693522718900285
COHFACE_s20_session3_natural,41,15,41.5,-0.575280487537384,-0.16734250668281148
COHFACE_s20_session3_natural,41,16,41.53333333333333,-0.7708309888839722,-0.474761210776288
COHFACE_s20_session3_natural,41,17,41.56666666666667,-0.9340463280677795,-0.7570836770699321
COHFACE_s20_session3_natural,41,18,41.6,-1.046128273010254,-0.9991919269340681
COHFACE_s20_session3_natural,41,19,41.63333333333333,-1.1013046503067017,-1.1885988252535347
COHFACE_s20_session3_natural,41,20,41.666666666666664,-1.1421126127243042,-1.322415876271743
COHFACE_s20_session3_natural,41,21,41.7,-1.1913522481918335,-1.409510134165033
COHFACE_s20_session3_natural,41,22,41.733333333333334,-1.242889165878296,-1.4670713480116087
COHFACE_s20_session3_natural,41,23,41.766666666666666,-1.2579903602600098,-1.5130169239823674
COHFACE_s20_session3_natural,41,24,41.8,-1.0502288341522217,-1.5576115695934774
COHFACE_s20_session3_natural,41,25,41.833333333333336,-0.3490087687969208,-1.5982280856647324
COHFACE_s20_session3_natural,41,26,41.86666666666667,0.536390483379364,-1.6197813969572679
COHFACE_s20_session3_natural,41,27,41.9,1.1679751873016357,-1.6006912827731312
COHFACE_s20_session3_natural,41,28,41.93333333333333,1.4903135299682617,-1.5216480563457497
COHFACE_s20_session3_natural,41,29,41.96666666666667,1.583630084991455,-1.3733374629228945
COHFACE_s20_session3_natural,41,30,42.0,1.4857436418533325,-1.1601710545221162
COHFACE_s20_session3_natural,41,31,42.03333333333333,1.208017349243164,-0.8991471839166449
COHFACE_s20_session3_natural,41,32,42.06666666666667,0.8710717558860779,-0.6149514777295335
COHFACE_s20_session3_natural,41,33,42.1,0.6100770235061646,-0.3335535255331735
COHFACE_s20_session3_natural,41,34,42.13333333333333,0.44853317737579346,-0.0766779278846276
COHFACE_s20_session3_natural,41,35,42.166666666666664,0.30304571986198425,0.14121179914819806
COHFACE_s20_session3_natural,41,36,42.2,0.1398962438106537,0.3130001237860182
COHFACE_s20_session3_natural,41,37,42.233333333333334,-0.04833417013287544,0.4369294692080286
COHFACE_s20_session3_natural,41,38,42.266666666666666,-0.2622795104980469,0.5142168521686562
COHFACE_s20_session3_natural,41,39,42.3,-0.48684680461883545,0.5478510161398136
COHFACE_s20_session3_natural,41,40,42.333333333333336,-0.6933156251907349,0.5430407309997192
COHFACE_s20_session3_natural,41,41,42.36666666666667,-0.8366210460662842,0.5084241435702046
COHFACE_s20_session3_natural,41,42,42.4,-0.906239926815033,0.45645888968679554
COHFACE_s20_session3_natural,41,43,42.43333333333333,-0.922337532043457,0.40184510327195583
COHFACE_s20_session3_natural,41,44,42.46666666666667,-0.9149268865585327,0.3581402536242849
COHFACE_s20_session3_natural,41,45,42.5,-1.08859121799469,0.3339823773814643
COHFACE_s20_session3_natural,41,46,42.53333333333333,-1.462548851966858,0.33068785913535464
COHFACE_s20_session3_natural,41,47,42.56666666666667,-1.823447346687317,0.3423492758275064
COHFACE_s20_session3_natural,41,48,42.6,-1.9794249534606934,0.3583986332162869
COHFACE_s20_session3_natural,41,49,42.63333333333333,-1.7092081308364868,0.3675386463293078
COHFACE_s20_session3_natural,41,50,42.666666666666664,-0.9954641461372375,0.3614689436785416
COHFACE_s20_session3_natural,41,51,42.7,-0.13081465661525726,0.33709023272105354
COHFACE_s20_session3_natural,41,52,42.733333333333334,0.5024497509002686,0.29665042227904004
COHFACE_s20_session3_natural,41,53,42.766666666666666,0.6799511909484863,0.24613893926504682
COHFACE_s20_session3_natural,41,54,42.8,0.6156597137451172,0.1927554442468941
COHFACE_s20_session3_natural,41,55,42.833333333333336,0.3864566683769226,0.14245797784996111
COHFACE_s20_session3_natural,41,56,42.86666666666667,0.02926352620124817,0.09852124637297144
COHFACE_s20_session3_natural,41,57,42.9,-0.30402615666389465,0.061627530474585766
COHFACE_s20_session3_natural,41,58,42.93333333333333,-0.5445592403411865,0.03128048849790166
COHFACE_s20_session3_natural,41,59,42.96666666666667,-0.6613263487815857,0.007626753097902781
COHFACE_s20_session3_natural,41,60,43.0,-0.7396733164787292,-0.007478751788037778
COHFACE_s20_session3_natural,41,61,43.03333333333333,-0.8786723613739014,-0.010919556455060238
COHFACE_s20_session3_natural,41,62,43.06666666666667,-1.0711679458618164,-0.00014599293499837924
COHFACE_s20_session3_natural,41,63,43.1,-1.2596536874771118,0.02452723619139063
COHFACE_s20_session3_natural,41,64,43.13333333333333,-1.4005959033966064,0.05823770415127572
COHFACE_s20_session3_natural,41,65,43.166666666666664,-1.5188204050064087,0.09116906839899347
COHFACE_s20_session3_natural,41,66,43.2,-1.5912059545516968,0.10950614243803733
COHFACE_s20_session3_natural,41,67,43.233333333333334,-1.6094279289245605,0.09767977983787818
COHFACE_s20_session3_natural,41,68,43.266666666666666,-1.6094608306884766,0.042136271561670643
COHFACE_s20_session3_natural,41,69,43.3,-1.605582594871521,-0.06331830739040155
COHFACE_s20_session3_natural,41,70,43.333333333333336,-1.5922681093215942,-0.21188341746667752
COHFACE_s20_session3_natural,41,71,43.36666666666667,-1.5503404140472412,-0.3807997294519749
COHFACE_s20_session3_natural,41,72,43.4,-1.477378487586975,-0.5343956687099444
COHFACE_s20_session3_natural,41,73,43.43333333333333,-1.2208629846572876,-0.6341568876350016
COHFACE_s20_session3_natural,41,74,43.46666666666667,-0.5255386233329773,-0.6523373015388377
COHFACE_s20_session3_natural,41,75,43.5,0.5373044610023499,-0.5824577648034909
COHFACE_s20_session3_natural,41,76,43.53333333333333,1.348259687423706,-0.4412057233508135
COHFACE_s20_session3_natural,41,77,43.56666666666667,1.6583293676376343,-0.26099292214621
COHFACE_s20_session3_natural,41,78,43.6,1.70919930934906,-0.07754787763670848
COHFACE_s20_session3_natural,41,79,43.63333333333333,1.5899126529693604,0.08097987445039133
COHFACE_s20_session3_natural,41,80,43.666666666666664,1.3007245063781738,0.19911162625792153
COHFACE_s20_session3_natural,41,81,43.7,0.9258199334144592,0.2731152966194635
COHFACE_s20_session3_natural,41,82,43.733333333333334,0.5974048376083374,0.30663336603850877
COHFACE_s20_session3_natural,41,83,43.766666666666666,0.3792024552822113,0.3059739181006019
COHFACE_s20_session3_natural,41,84,43.8,0.20466528832912445,0.2771662136245193
COHFACE_s20_session3_natural,41,85,43.833333333333336,-0.0035491667222231627,0.2253756743583294
COHFACE_s20_session3_natural,41,86,43.86666666666667,-0.24371173977851868,0.15609627648287627
COHFACE_s20_session3_natural,41,87,43.9,-0.47498977184295654,0.07687251534314479
COHFACE_s20_session3_natural,41,88,43.93333333333333,-0.6786260604858398,-0.0019011588701717502
COHFACE_s20_session3_natural,41,89,43.96666666666667,-0.8641721606254578,-0.0680964992762896
COHFACE_s20_session3_natural,41,90,44.0,-1.009791374206543,-0.11074760155539409
COHFACE_s20_session3_natural,41,91,44.03333333333333,-1.0931693315505981,-0.12339955791697775
COHFACE_s20_session3_natural,41,92,44.06666666666667,-1.1508570909500122,-0.10610781344436318
COHFACE_s20_session3_natural,41,93,44.1,-1.1993062496185303,-0.06495896394791768
COHFACE_s20_session3_natural,41,94,44.13333333333333,-1.2307521104812622,-0.009507840888177084
COHFACE_s20_session3_natural,41,95,44.166666666666664,-1.2419503927230835,0.05023455159119136
COHFACE_s20_session3_natural,41,96,44.2,-1.2379404306411743,0.10564768915036854
COHFACE_s20_session3_natural,41,97,44.233333333333334,-1.0759108066558838,0.14971547329667284
COHFACE_s20_session3_natural,41,98,44.266666666666666,-0.4931128919124603,0.1765049591744063
COHFACE_s20_session3_natural,41,99,44.3,0.5482722520828247,0.18132137908692225
COHFACE_s20_session3_natural,41,100,44.333333333333336,1.3896111249923706,0.1621690573835658
COHFACE_s20_session3_natural,41,101,44.36666666666667,1.6620758771896362,0.12179036515067995
COHFACE_s20_session3_natural,41,102,44.4,1.7008253335952759,0.06872793706513049
COHFACE_s20_session3_natural,41,103,44.43333333333333,1.6456818580627441,0.016128056161714713
COHFACE_s20_session3_natural,41,104,44.46666666666667,1.4169811010360718,-0.02176377472472851
COHFACE_s20_session3_natural,41,105,44.5,1.0685242414474487,-0.03403413526951357
COHFACE_s20_session3_natural,41,106,44.53333333333333,0.7567172646522522,-0.016396285870217388
COHFACE_s20_session3_natural,41,107,44.56666666666667,0.5867910981178284,0.028046013017813908
COHFACE_s20_session3_natural,41,108,44.6,0.44351041316986084,0.09025523706450246
COHFACE_s20_session3_natural,41,109,44.63333333333333,0.3093612492084503,0.15737114625405715
COHFACE_s20_session3_natural,41,110,44.666666666666664,0.17253601551055908,0.21424540909534423
COHFACE_s20_session3_natural,41,111,44.7,-0.07041789591312408,0.24452689681379836
COHFACE_s20_session3_natural,41,112,44.733333333333334,-0.34854766726493835,0.23245830146648574
COHFACE_s20_session3_natural,41,113,44.766666666666666,-0.559413492679596,0.1663659253778433
COHFACE_s20_session3_natural,41,114,44.8,-0.71548992395401,0.04345762131914437
COHFACE_s20_session3_natural,41,115,44.833333333333336,-0.8315241932868958,-0.12597502715034017
COHFACE_s20_session3_natural,41,116,44.86666666666667,-0.9440918564796448,-0.31738163881846765
COHFACE_s20_session3_natural,41,117,44.9,-1.057614803314209,-0.4954698450714136
COHFACE_s20_session3_natural,41,118,44.93333333333333,-1.1459249258041382,-0.6223584047071625
COHFACE_s20_session3_natural,41,119,44.96666666666667,-1.2156014442443848,-0.6682257583958149
COHFACE_s20_session3_natural,41,120,45.0,-1.2718812227249146,-0.6207083141239961
COHFACE_s20_session3_natural,41,121,45.03333333333333,-1.1772143840789795,-0.48918853146341734
COHFACE_s20_session3_natural,41,122,45.06666666666667,-0.6364677548408508,-0.30193321681984536
COHFACE_s20_session3_natural,41,123,45.1,0.3908454179763794,-0.09707192661506459
COHFACE_s20_session3_natural,41,124,45.13333333333333,1.2267744541168213,0.08885211101708927
COHFACE_s20_session3_natural,41,125,45.166666666666664,1.4865670204162598,0.23016445257017393
COHFACE_s20_session3_natural,41,126,45.2,1.5011084079742432,0.31616189079025087
COHFACE_s20_session3_natural,41,127,45.233333333333334,1.4021351337432861,0.34977929712238054
COHFACE_s20_session3_natural,41,128,45.266666666666666,1.1415520906448364,0.3427337094928265
COHFACE_s20_session3_natural,41,129,45.3,0.8275547623634338,0.30982517740182663
COHFACE_s20_session3_natural,41,130,45.333333333333336,0.5896730422973633,0.26452736062945365
COHFACE_s20_session3_natural,41,131,45.36666666666667,0.4569813013076782,0.21675295647499815
COHFACE_s20_session3_natural,41,132,45.4,0.35954779386520386,0.17248834122472329
COHFACE_s20_session3_natural,41,133,45.43333333333333,0.23759324848651886,0.134392349530347
COHFACE_s20_session3_natural,41,134,45.46666666666667,0.08081691712141037,0.10257587849034562
COHFACE_s20_session3_natural,41,135,45.5,-0.14645111560821533,0.07532140148215895
COHFACE_s20_session3_natural,41,136,45.53333333333333,-0.37457549571990967,0.04996511592362763
COHFACE_s20_session3_natural,41,137,45.56666666666667,-0.5620483756065369,0.024141840403453303
COHFACE_s20_session3_natural,41,138,45.6,-0.7185035943984985,-0.002909392623784982
COHFACE_s20_session3_natural,41,139,45.63333333333333,-0.8346695899963379,-0.02968831182950246
COHFACE_s20_session3_natural,41,140,45.666666666666664,-0.9135764837265015,-0.05293272414572456
COHFACE_s20_session3_natural,41,141,45.7,-0.9575462937355042,-0.06912667886129086
COHFACE_s20_session3_natural,41,142,45.733333333333334,-1.0027347803115845,-0.07626261221118029
COHFACE_s20_session3_natural,41,143,45.766666666666666,-1.057079553604126,-0.07493503183096116
COHFACE_s20_session3_natural,41,144,45.8,-1.0634691715240479,-0.0682130858158751
COHFACE_s20_session3_natural,41,145,45.833333333333336,-0.8709241151809692,-0.06037239163174033
COHFACE_s20_session3_natural,41,146,45.86666666666667,-0.14300104975700378,-0.05507132933424622
COHFACE_s20_session3_natural,41,147,45.9,0.8701906800270081,-0.05371172309220567
COHFACE_s20_session3_natural,41,148,45.93333333333333,1.4606051445007324,-0.054537923692906554
COHFACE_s20_session3_natural,41,149,45.96666666666667,1.6549698114395142,-0.05272070848179622
COHFACE_s20_session3_natural,41,150,46.0,1.7142385244369507,-0.041446759540052024
COHFACE_s20_session3_natural,41,151,46.03333333333333,1.6413671970367432,-0.013877613137515066
COHFACE_s20_session3_natural,41,152,46.06666666666667,1.4021762609481812,0.03434348348077399
COHFACE_s20_session3_natural,41,153,46.1,1.0830738544464111,0.10258401129975618
COHFACE_s20_session3_natural,41,154,46.13333333333333,0.836455762386322,0.1834420078820995
COHFACE_s20_session3_natural,41,155,46.166666666666664,0.6935455799102783,0.26241438207609963
COHFACE_s20_session3_natural,41,156,46.2,0.5718134045600891,0.31949217223101567
COHFACE_s20_session3_natural,41,157,46.233333333333334,0.4090591371059418,0.3328565666590396
COHFACE_s20_session3_natural,41,158,46.266666666666666,0.20971275866031647,0.2845297328521367
COHFACE_s20_session3_natural,41,159,46.3,-0.0056241475977003574,0.16714679606531435
COHFACE_s20_session3_natural,41,160,46.333333333333336,-0.22385120391845703,-0.010151858068930994
COHFACE_s20_session3_natural,41,161,46.36666666666667,-0.4405384957790375,-0.21967655262389346
COHFACE_s20_session3_natural,41,162,46.4,-0.6324906945228577,-0.41965952198081224
COHFACE_s20_session3_natural,41,163,46.43333333333333,-0.7585457563400269,-0.5655132739745093
COHFACE_s20_session3_natural,41,164,46.46666666666667,-0.8398570418357849,-0.6242548300166754
COHFACE_s20_session3_natural,41,165,46.5,-0.9182698726654053,-0.5857457071389568
COHFACE_s20_session3_natural,41,166,46.53333333333333,-1.0102360248565674,-0.46526082726638657
COHFACE_s20_session3_natural,41,167,46.56666666666667,-1.1050840616226196,-0.29623224216180727
COHFACE_s20_session3_natural,41,168,46.6,-1.0950632095336914,-0.11733316465683293
COHFACE_s20_session3_natural,41,169,46.63333333333333,-0.6678476929664612,0.03940964789258557
COHFACE_s20_session3_natural,41,170,46.666666666666664,0.2543413043022156,0.154915540095836
COHFACE_s20_session3_natural,41,171,46.7,1.0451313257217407,0.22338945671763072
COHFACE_s20_session3_natural,41,172,46.733333333333334,1.4410903453826904,0.24899994088143063
COHFACE_s20_session3_natural,41,173,46.766666666666666,1.6393581628799438,0.24153836123443975
COHFACE_s20_session3_natural,41,174,46.8,1.7203153371810913,0.21272669357294716
COHFACE_s20_session3_natural,41,175,46.833333333333336,1.6285220384597778,0.17370838481865783
COHFACE_s20_session3_natural,41,176,46.86666666666667,1.3698493242263794,0.13367036123041784
COHFACE_s20_session3_natural,41,177,46.9,1.071019172668457,0.09940327320345521
COHFACE_s20_session3_natural,41,178,46.93333333333333,0.8541343212127686,0.07550356668786234
COHFACE_s20_session3_natural,41,179,46.96666666666667,0.6983213424682617,0.06475457215443753
COHFACE_s20_session3_natural,41,180,47.0,0.5426154136657715,0.06816200048259213
COHFACE_s20_session3_natural,41,181,47.03333333333333,0.3376287519931793,0.08442142817870016
COHFACE_s20_session3_natural,41,182,47.06666666666667,0.06364892423152924,0.10924589814366896
COHFACE_s20_session3_natural,41,183,47.1,-0.24145559966564178,0.1354292290008626
COHFACE_s20_session3_natural,41,184,47.13333333333333,-0.5290133953094482,0.1542535302550627
COHFACE_s20_session3_natural,41,185,47.166666666666664,-0.7873485088348389,0.15797353468266034
COHFACE_s20_session3_natural,41,186,47.2,-0.9969462752342224,0.14222665411736177
COHFACE_s20_session3_natural,41,187,47.233333333333334,-1.1428207159042358,0.10710283918603383
COHFACE_s20_session3_natural,41,188,47.266666666666666,-1.2502092123031616,0.05650557090333046
COHFACE_s20_session3_natural,41,189,47.3,-1.3352916240692139,-0.003456956192590065
COHFACE_s20_session3_natural,41,190,47.333333333333336,-1.3938686847686768,-0.06593469049964394
COHFACE_s20_session3_natural,41,191,47.36666666666667,-1.4244252443313599,-0.12401715864336639
COHFACE_s20_session3_natural,41,192,47.4,-1.3314875364303589,-0.17083311599216017
COHFACE_s20_session3_natural,41,193,47.43333333333333,-0.7750056385993958,-0.19975438567263656
COHFACE_s20_session3_natural,41,194,47.46666666666667,0.269360214471817,-0.20516132167345588
COHFACE_s20_session3_natural,41,195,47.5,1.078528642654419,-0.18365161339642688
COHFACE_s20_session3_natural,41,196,47.53333333333333,1.4450591802597046,-0.13522088014131345
COHFACE_s20_session3_natural,41,197,47.56666666666667,1.6302677392959595,-0.06398276805091134
COHFACE_s20_session3_natural,41,198,47.6,1.6888447999954224,0.021734476932586923
COHFACE_s20_session3_natural,41,199,47.63333333333333,1.5468074083328247,0.10987357246711786
COHFACE_s20_session3_natural,41,200,47.666666666666664,1.2465856075286865,0.18572433104109284
COHFACE_s20_session3_natural,41,201,47.7,0.9439018964767456,0.23379904262024212
COHFACE_s20_session3_natural,41,202,47.733333333333334,0.7252219915390015,0.24076431552052166
COHFACE_s20_session3_natural,41,203,47.766666666666666,0.5477699637413025,0.19926693155924238
COHFACE_s20_session3_natural,41,204,47.8,0.36589622497558594,0.11162730654963346
COHFACE_s20_session3_natural,41,205,47.833333333333336,0.17121857404708862,-0.008347198121855214
COHFACE_s20_session3_natural,41,206,47.86666666666667,-0.03311764448881149,-0.1370746047304727
COHFACE_s20_session3_natural,41,207,47.9,-0.2672199606895447,-0.24691970179403766
COHFACE_s20_session3_natural,41,208,47.93333333333333,-0.5000212788581848,-0.31451623867663225
COHFACE_s20_session3_natural,41,209,47.96666666666667,-0.7273881435394287,-0.3284949870365064
COHFACE_s20_session3_natural,41,210,48.0,-0.9176523685455322,-0.2928779633504621
COHFACE_s20_session3_natural,41,211,48.03333333333333,-1.0204379558563232,-0.2241552270836793
COHFACE_s20_session3_natural,41,212,48.06666666666667,-1.0854705572128296,-0.14366925036871886
COHFACE_s20_session3_natural,41,213,48.1,-1.1718127727508545,-0.06955199512364238
COHFACE_s20_session3_natural,41,214,48.13333333333333,-1.2635812759399414,-0.0118920592877138
COHFACE_s20_session3_natural,41,215,48.166666666666664,-1.335530400276184,0.027701265467159817
COHFACE_s20_session3_natural,41,216,48.2,-1.314121961593628,0.05310087377500455
COHFACE_s20_session3_natural,41,217,48.233333333333334,-0.8878697752952576,0.06926707311513688
COHFACE_s20_session3_natural,41,218,48.266666666666666,0.08035581558942795,0.07871743512881893
COHFACE_s20_session3_natural,41,219,48.3,0.9312050342559814,0.08050343275588033
COHFACE_s20_session3_natural,41,220,48.333333333333336,1.3456001281738281,0.07197404141677056
COHFACE_s20_session3_natural,41,221,48.36666666666667,1.5233403444290161,0.05208001830235831
COHFACE_s20_session3_natural,41,222,48.4,1.5428550243377686,0.024068388406471394
COHFACE_s20_session3_natural,41,223,48.43333333333333,1.3798125982284546,-0.004224642547994251
COHFACE_s20_session3_natural,41,224,48.46666666666667,1.0783886909484863,-0.022734028949370294
COHFACE_s20_session3_natural,41,225,48.5,0.7734570503234863,-0.022846051620465137
COHFACE_s20_session3_natural,41,226,48.53333333333333,0.5609856247901917,-0.0005600740258778873
COHFACE_s20_session3_natural,41,227,48.56666666666667,0.4161815941333771,0.04207123204853345
COHFACE_s20_session3_natural,41,228,48.6,0.269063800573349,0.09733934524725446
COHFACE_s20_session3_natural,41,229,48.63333333333333,0.09736736118793488,0.1535399378432766
COHFACE_s20_session3_natural,41,230,48.666666666666664,-0.09519415348768234,0.19740243886736042
COHFACE_s20_session3_natural,41,231,48.7,-0.31143680214881897,0.2171385532338121
COHFACE_s20_session3_natural,41,232,48.733333333333334,-0.5250115990638733,0.20586966478620122
COHFACE_s20_session3_natural,41,233,48.766666666666666,-0.7142877578735352,0.16457590768854438
COHFACE_s20_session3_natural,41,234,48.8,-0.8702983260154724,0.10307382548349098
COHFACE_s20_session3_natural,41,235,48.833333333333336,-0.9932820796966553,0.03772821122398365
COHFACE_s20_session3_natural,41,236,48.86666666666667,-1.0886489152908325,-0.013991365397655123
COHFACE_s20_session3_natural,41,237,48.9,-1.16304349899292,-0.040161138560940855
COHFACE_s20_session3_natural,41,238,48.93333333333333,-1.2246094942092896,-0.039268205501048536
COHFACE_s20_session3_natural,41,239,48.96666666666667,-1.2819432020187378,-0.020836004274109574
COHFACE_s20_session3_natural,42,0,42.0,1.4857436418533325,-0.007848445517153697
COHFACE_s20_session3_natural,42,1,42.03333333333333,1.208017349243164,2.6204966524250954
COHFACE_s20_session3_natural,42,2,42.06666666666667,0.8710717558860779,4.844307110184735
COHFACE_s20_session3_natural,42,3,42.1,0.6100770235061646,6.357372206527273
COHFACE_s20_session3_natural,42,4,42.13333333333333,0.44853317737579346,7.022640259418045
COHFACE_s20_session3_natural,42,5,42.166666666666664,0.30304571986198425,6.889647079686262
COHFACE_s20_session3_natural,42,6,42.2,0.1398962438106537,6.153138612465193
COHFACE_s20_session3_natural,42,7,42.233333333333334,-0.04833417013287544,5.0757915417385995
COHFACE_s20_session3_natural,42,8,42.266666666666666,-0.2622795104980469,3.908924193631101
COHFACE_s20_session3_natural,42,9,42.3,-0.48684680461883545,2.83694370713488
COHFACE_s20_session3_natural,42,10,42.333333333333336,-0.6933156251907349,1.9558971768605775
COHFACE_s20_session3_natural,42,11,42.36666666666667,-0.8366210460662842,1.282422321985655
COHFACE_s20_session3_natural,42,12,42.4,-0.906239926815033,0.7808630694143811
COHFACE_s20_session3_natural,42,13,42.43333333333333,-0.922337532043457,0.3945311608178285
COHFACE_s20_session3_natural,42,14,42.46666666666667,-0.9149268865585327,0.07061166742172291
COHFACE_s20_session3_natural,42,15,42.5,-1.08859121799469,-0.22602371933176596
COHFACE_s20_session3_natural,42,16,42.53333333333333,-1.462548851966858,-0.5097421973755804
COHFACE_s20_session3_natural,42,17,42.56666666666667,-1.823447346687317,-0.7784632353383019
COHFACE_s20_session3_natural,42,18,42.6,-1.9794249534606934,-1.0211750110440823
COHFACE_s20_session3_natural,42,19,42.63333333333333,-1.7092081308364868,-1.2251932123903997
COHFACE_s20_session3_natural,42,20,42.666666666666664,-0.9954641461372375,-1.3811354120430035
COHFACE_s20_session3_natural,42,21,42.7,-0.13081465661525726,-1.4850234733996968
COHFACE_s20_session3_natural,42,22,42.733333333333334,0.5024497509002686,-1.5379832736946688
COHFACE_s20_session3_natural,42,23,42.766666666666666,0.6799511909484863,-1.5446091903015817
COHFACE_s20_session3_natural,42,24,42.8,0.6156597137451172,-1.511204199738643
COHFACE_s20_session3_natural,42,25,42.833333333333336,0.3864566683769226,-1.4446533945111335
COHFACE_s20_session3_natural,42,26,42.86666666666667,0.02926352620124817,-1.3518036266975937
COHFACE_s20_session3_natural,42,27,42.9,-0.30402615666389465,-1.2387310660783213
COHFACE_s20_session3_natural,42,28,42.93333333333333,-0.5445592403411865,-1.1097168261460404
COHFACE_s20_session3_natural,42,29,42.96666666666667,-0.6613263487815857,-0.9665227716880564
COHFACE_s20_session3_natural,42,30,43.0,-0.7396733164787292,-0.8087800897767312
COHFACE_s20_session3_natural,42,31,43.03333333333333,-0.8786723613739014,-0.6357575953406159
COHFACE_s20_session3_natural,42,32,43.06666666666667,-1.0711679458618164,-0.44886083507973706
COHFACE_s20_session3_natural,42,33,43.1,-1.2596536874771118,-0.2536318133684519
COHFACE_s20_session3_natural,42,34,43.13333333333333,-1.4005959033966064,-0.06026068619710866
COHFACE_s20_session3_natural,42,35,43.166666666666664,-1.5188204050064087,0.11749262857281183
COHFACE_s20_session3_natural,42,36,43.2,-1.5912059545516968,0.26422975627898476
COHFACE_s20_session3_natural,42,37,43.233333333333334,-1.6094279289245605,0.3650235698716749
COHFACE_s20_session3_natural,42,38,43.266666666666666,-1.6094608306884766,0.4080159637090425
COHFACE_s20_session3_natural,42,39,43.3,-1.605582594871521,0.3882529702714185
COHFACE_s20_session3_natural,42,40,43.333333333333336,-1.5922681093215942,0.31226834620197386
COHFACE_s20_session3_natural,42,41,43.36666666666667,-1.5503404140472412,0.2009095396214409
COHFACE_s20_session3_natural,42,42,43.4,-1.477378487586975,0.08706890175269652
COHFACE_s20_session3_natural,42,43,43.43333333333333,-1.2208629846572876,0.006916574718544306
COHFACE_s20_session3_natural,42,44,43.46666666666667,-0.5255386233329773,-0.012517081179416183
COHFACE_s20_session3_natural,42,45,43.5,0.5373044610023499,0.03667141525312372
COHFACE_s20_session3_natural,42,46,43.53333333333333,1.348259687423706,0.1410032519978533
COHFACE_s20_session3_natural,42,47,43.56666666666667,1.6583293676376343,0.2721190001654771
COHFACE_s20_session3_natural,42,48,43.6,1.70919930934906,0.39819511326127666
COHFACE_s20_session3_natural,42,49,43.63333333333333,1.5899126529693604,0.49426097021291016
COHFACE_s20_session3_natural,42,50,43.666666666666664,1.3007245063781738,0.5472776045422579
COHFACE_s20_session3_natural,42,51,43.7,0.9258199334144592,0.5555896014937669
COHFACE_s20_session3_natural,42,52,43.733333333333334,0.5974048376083374,0.5249806526002744
COHFACE_s20_session3_natural,42,53,43.766666666666666,0.3792024552822113,0.4641300967218829
COHFACE_s20_session3_natural,42,54,43.8,0.20466528832912445,0.3814071296372799
COHFACE_s20_session3_natural,42,55,43.833333333333336,-0.0035491667222231627,0.2836828843067187
COHFACE_s20_session3_natural,42,56,43.86666666666667,-0.24371173977851868,0.17693185516204266
COHFACE_s20_session3_natural,42,57,43.9,-0.47498977184295654,0.06779609244048491
COHFACE_s20_session3_natural,42,58,43.93333333333333,-0.6786260604858398,-0.03517218784816796
COHFACE_s20_session3_natural,42,59,43.96666666666667,-0.8641721606254578,-0.12180978310319754
COHFACE_s20_session3_natural,42,60,44.0,-1.009791374206543,-0.1825236420473723
COHFACE_s20_session3_natural,42,61,44.03333333333333,-1.0931693315505981,-0.2114443989473916
COHFACE_s20_session3_natural,42,62,44.06666666666667,-1.1508570909500122,-0.20882966502974554
COHFACE_s20_session3_natural,42,63,44.1,-1.1993062496185303,-0.18125285612073466
COHFACE_s20_session3_natural,42,64,44.13333333333333,-1.2307521104812622,-0.13941429214812048
COHFACE_s20_session3_natural,42,65,44.166666666666664,-1.2419503927230835,-0.09480321918083105
COHFACE_s20_session3_natural,42,66,44.2,-1.2379404306411743,-0.05690094427210606
COHFACE_s20_session3_natural,42,67,44.233333333333334,-1.0759108066558838,-0.031935193875771074
COHFACE_s20_session3_natural,42,68,44.266666666666666,-0.4931128919124603,-0.022945479991769966
COHFACE_s20_session3_natural,42,69,44.3,0.5482722520828247,-0.030136067649793395
COHFACE_s20_session3_natural,42,70,44.333333333333336,1.3896111249923706,-0.05080399565674928
COHFACE_s20_session3_natural,42,71,44.36666666666667,1.6620758771896362,-0.07904337660704233
COHFACE_s20_session3_natural,42,72,44.4,1.7008253335952759,-0.10604273670390185
COHFACE_s20_session3_natural,42,73,44.43333333333333,1.6456818580627441,-0.1216584851767086
COHFACE_s20_session3_natural,42,74,44.46666666666667,1.4169811010360718,-0.11715467320352922
COHFACE_s20_session3_natural,42,75,44.5,1.0685242414474487,-0.08806251031926633
COHFACE_s20_session3_natural,42,76,44.53333333333333,0.7567172646522522,-0.03571760840322025
COHFACE_s20_session3_natural,42,77,44.56666666666667,0.5867910981178284,0.03329915769810175
COHFACE_s20_session3_natural,42,78,44.6,0.44351041316986084,0.10912610914959017
COHFACE_s20_session3_natural,42,79,44.63333333333333,0.3093612492084503,0.18041593321499344
COHFACE_s20_session3_natural,42,80,44.666666666666664,0.17253601551055908,0.23506964409178224
COHFACE_s20_session3_natural,42,81,44.7,-0.07041789591312408,0.2604956953141019
COHFACE_s20_session3_natural,42,82,44.733333333333334,-0.34854766726493835,0.24482188614212824
COHFACE_s20_session3_natural,42,83,44.766666666666666,-0.559413492679596,0.17995520134663553
COHFACE_s20_session3_natural,42,84,44.8,-0.71548992395401,0.06578444609050028
COHFACE_s20_session3_natural,42,85,44.833333333333336,-0.8315241932868958,-0.08655738828109368
COHFACE_s20_session3_natural,42,86,44.86666666666667,-0.9440918564796448,-0.2544889668367765
COHFACE_s20_session3_natural,42,87,44.9,-1.057614803314209,-0.4077836738428624
COHFACE_s20_session3_natural,42,88,44.93333333333333,-1.1459249258041382,-0.5157248819537664
COHFACE_s20_session3_natural,42,89,44.96666666666667,-1.2156014442443848,-0.5554868714733914
COHFACE_s20_session3_natural,42,90,45.0,-1.2718812227249146,-0.5187714738885897
COHFACE_s20_session3_natural,42,91,45.03333333333333,-1.1772143840789795,-0.41408874646968225
COHFACE_s20_session3_natural,42,92,45.06666666666667,-0.6364677548408508,-0.2637382522678302
COHFACE_s20_session3_natural,42,93,45.1,0.3908454179763794,-0.09673438326073956
COHFACE_s20_session3_natural,42,94,45.13333333333333,1.2267744541168213,0.05948709467092095
COHFACE_s20_session3_natural,42,95,45.166666666666664,1.4865670204162598,0.185484124917516
COHFACE_s20_session3_natural,42,96,45.2,1.5011084079742432,0.27239437805747685
COHFACE_s20_session3_natural,42,97,45.233333333333334,1.4021351337432861,0.32060502934061097
COHFACE_s20_session3_natural,42,98,45.266666666666666,1.1415520906448364,0.3360302069094655
COHFACE_s20_session3_natural,42,99,45.3,0.8275547623634338,0.3261754707035926
COHFACE_s20_session3_natural,42,100,45.333333333333336,0.5896730422973633,0.2976811852651081
COHFACE_s20_session3_natural,42,101,45.36666666666667,0.4569813013076782,0.25581583749563874
COHFACE_s20_session3_natural,42,102,45.4,0.35954779386520386,0.20517942905951395
COHFACE_s20_session3_natural,42,103,45.43333333333333,0.23759324848651886,0.15039621358332783
COHFACE_s20_session3_natural,42,104,45.46666666666667,0.08081691712141037,0.0960524509689922
COHFACE_s20_session3_natural,42,105,45.5,-0.14645111560821533,0.04601611686850086
COHFACE_s20_session3_natural,42,106,45.53333333333333,-0.37457549571990967,0.002812794650945802
COHFACE_s20_session3_natural,42,107,45.56666666666667,-0.5620483756065369,-0.03237746863628396
COHFACE_s20_session3_natural,42,108,45.6,-0.7185035943984985,-0.05911390708994792
COHFACE_s20_session3_natural,42,109,45.63333333333333,-0.8346695899963379,-0.07702132969484271
COHFACE_s20_session3_natural,42,110,45.666666666666664,-0.9135764837265015,-0.08563686254846427
COHFACE_s20_session3_natural,42,111,45.7,-0.9575462937355042,-0.08493529295811872
COHFACE_s20_session3_natural,42,112,45.733333333333334,-1.0027347803115845,-0.07612553630732101
COHFACE_s20_session3_natural,42,113,45.766666666666666,-1.057079553604126,-0.06204020600193788
COHFACE_s20_session3_natural,42,114,45.8,-1.0634691715240479,-0.04668234366662775
COHFACE_s20_session3_natural,42,115,45.833333333333336,-0.8709241151809692,-0.03402846530760157
COHFACE_s20_session3_natural,42,116,45.86666666666667,-0.14300104975700378,-0.026617290302903128
COHFACE_s20_session3_natural,42,117,45.9,0.8701906800270081,-0.02452392656558643
COHFACE_s20_session3_natural,42,118,45.93333333333333,1.4606051445007324,-0.025044546668465142
COHFACE_s20_session3_natural,42,119,45.96666666666667,1.6549698114395142,-0.023104301109345048
COHFACE_s20_session3_natural,42,120,46.0,1.7142385244369507,-0.012306864801301064
COHFACE_s20_session3_natural,42,121,46.03333333333333,1.6413671970367432,0.013440996443559082
COHFACE_s20_session3_natural,42,122,46.06666666666667,1.4021762609481812,0.05788489109183063
COHFACE_s20_session3_natural,42,123,46.1,1.0830738544464111,0.12031892457296672
COHFACE_s20_session3_natural,42,124,46.13333333333333,0.836455762386322,0.193982722256764
COHFACE_s20_session3_natural,42,125,46.166666666666664,0.6935455799102783,0.26557735909619967
COHFACE_s20_session3_natural,42,126,46.2,0.5718134045600891,0.31640019139228276
COHFACE_s20_session3_natural,42,127,46.233333333333334,0.4090591371059418,0.32545104830421334
COHFACE_s20_session3_natural,42,128,46.266666666666666,0.20971275866031647,0.2746626368125715
COHFACE_s20_session3_natural,42,129,46.3,-0.0056241475977003574,0.15571039060257824
COHFACE_s20_session3_natural,42,130,46.333333333333336,-0.22385120391845703,-0.023507104442438618
COHFACE_s20_session3_natural,42,131,46.36666666666667,-0.4405384957790375,-0.23594283563741625
COHFACE_s20_session3_natural,42,132,46.4,-0.6324906945228577,-0.43926563055645745
COHFACE_s20_session3_natural,42,133,46.43333333333333,-0.7585457563400269,-0.5872801541196265
COHFACE_s20_session3_natural,42,134,46.46666666666667,-0.8398570418357849,-0.6452349695074503
COHFACE_s20_session3_natural,42,135,46.5,-0.9182698726654053,-0.6021089408548013
COHFACE_s20_session3_natural,42,136,46.53333333333333,-1.0102360248565674,-0.4738084330630615
COHFACE_s20_session3_natural,42,137,46.56666666666667,-1.1050840616226196,-0.29584942823153576
COHFACE_s20_session3_natural,42,138,46.6,-1.0950632095336914,-0.10970865500130889
COHFACE_s20_session3_natural,42,139,46.63333333333333,-0.6678476929664612,0.05021112994352487
COHFACE_s20_session3_natural,42,140,46.666666666666664,0.2543413043022156,0.16395620703256467
COHFACE_s20_session3_natural,42,141,46.7,1.0451313257217407,0.2268169411521439
COHFACE_s20_session3_natural,42,142,46.733333333333334,1.4410903453826904,0.24554450846414108
COHFACE_s20_session3_natural,42,143,46.766666666666666,1.6393581628799438,0.2328141363302038
COHFACE_s20_session3_natural,42,144,46.8,1.7203153371810913,0.20222661529414696
COHFACE_s20_session3_natural,42,145,46.833333333333336,1.6285220384597778,0.16509318022273914
COHFACE_s20_session3_natural,42,146,46.86666666666667,1.3698493242263794,0.129275940203529
COHFACE_s20_session3_natural,42,147,46.9,1.071019172668457,0.09963266863456846
COHFACE_s20_session3_natural,42,148,46.93333333333333,0.8541343212127686,0.0791400493298463
COHFACE_s20_session3_natural,42,149,46.96666666666667,0.6983213424682617,0.06967070837570785
COHFACE_s20_session3_natural,42,150,47.0,0.5426154136657715,0.07179052505862879
COHFACE_s20_session3_natural,42,151,47.03333333333333,0.3376287519931793,0.08374778165629719
COHFACE_s20_session3_natural,42,152,47.06666666666667,0.06364892423152924,0.10065695730427095
COHFACE_s20_session3_natural,42,153,47.1,-0.24145559966564178,0.11503619073390649
COHFACE_s20_session3_natural,42,154,47.13333333333333,-0.5290133953094482,0.1190134970275721
COHFACE_s20_session3_natural,42,155,47.166666666666664,-0.7873485088348389,0.10728773955957915
COHFACE_s20_session3_natural,42,156,47.2,-0.9969462752342224,0.07925642953725383
COHFACE_s20_session3_natural,42,157,47.233333333333334,-1.1428207159042358,0.03912261367586706
COHFACE_s20_session3_natural,42,158,47.266666666666666,-1.2502092123031616,-0.005947354846086503
COHFACE_s20_session3_natural,42,159,47.3,-1.3352916240692139,-0.04841463435992394
COHFACE_s20_session3_natural,42,160,47.333333333333336,-1.3938686847686768,-0.08236388113933395
COHFACE_s20_session3_natural,42,161,47.36666666666667,-1.4244252443313599,-0.10427124233369092
COHFACE_s20_session3_natural,42,162,47.4,-1.3314875364303589,-0.11277926009723839
COHFACE_s20_session3_natural,42,163,47.43333333333333,-0.7750056385993958,-0.10811056499511539
COHFACE_s20_session3_natural,42,164,47.46666666666667,0.269360214471817,-0.09151092373726756
COHFACE_s20_session3_natural,42,165,47.5,1.078528642654419,-0.06472692759889592
COHFACE_s20_session3_natural,42,166,47.53333333333333,1.4450591802597046,-0.029509702600851905
COHFACE_s20_session3_natural,42,167,47.56666666666667,1.6302677392959595,0.012605289187744144
COHFACE_s20_session3_natural,42,168,47.6,1.6888447999954224,0.05986457515729155
COHFACE_s20_session3_natural,42,169,47.63333333333333,1.5468074083328247,0.10910021005172339
COHFACE_s20_session3_natural,42,170,47.666666666666664,1.2465856075286865,0.15427947529910835
COHFACE_s20_session3_natural,42,171,47.7,0.9439018964767456,0.18586404440128082
COHFACE_s20_session3_natural,42,172,47.733333333333334,0.7252219915390015,0.19205220529558192
COHFACE_s20_session3_natural,42,173,47.766666666666666,0.5477699637413025,0.16223702858560765
COHFACE_s20_session3_natural,42,174,47.8,0.36589622497558594,0.09176180261845367
COHFACE_s20_session3_natural,42,175,47.833333333333336,0.17121857404708862,-0.014002988815524677
COHFACE_s20_session3_natural,42,176,47.86666666666667,-0.03311764448881149,-0.1384193678570823
COHFACE_s20_session3_natural,42,177,47.9,-0.2672199606895447,-0.25649174061399077
COHFACE_s20_session3_natural,42,178,47.93333333333333,-0.5000212788581848,-0.3416408281381506
COHFACE_s20_session3_natural,42,179,47.96666666666667,-0.7273881435394287,-0.374186450295413
COHFACE_s20_session3_natural,42,180,48.0,-0.9176523685455322,-0.3480592739937902
COHFACE_s20_session3_natural,42,181,48.03333333333333,-1.0204379558563232,-0.27259041459510336
COHFACE_s20_session3_natural,42,182,48.06666666666667,-1.0854705572128296,-0.1685072732064879
COHFACE_s20_session3_natural,42,183,48.1,-1.1718127727508545,-0.060115680863600404
COHFACE_s20_session3_natural,42,184,48.13333333333333,-1.2635812759399414,0.032698405976997316
COHFACE_s20_session3_natural,42,185,48.166666666666664,-1.335530400276184,0.09929430958520105
COHFACE_s20_session3_natural,42,186,48.2,-1.314121961593628,0.13845099672685718
COHFACE_s20_session3_natural,42,187,48.233333333333334,-0.8878697752952576,0.15478860011144568
COHFACE_s20_session3_natural,42,188,48.266666666666666,0.08035581558942795,0.1539875791463485
COHFACE_s20_session3_natural,42,189,48.3,0.9312050342559814,0.13956372461987251
COHFACE_s20_session3_natural,42,190,48.333333333333336,1.3456001281738281,0.1127072288285803
COHFACE_s20_session3_natural,42,191,48.36666666666667,1.5233403444290161,0.07466856157520552
COHFACE_s20_session3_natural,42,192,48.4,1.5428550243377686,0.029510006892030517
COHFACE_s20_session3_natural,42,193,48.43333333333333,1.3798125982284546,-0.01506323653058302
COHFACE_s20_session3_natural,42,194,48.46666666666667,1.0783886909484863,-0.049435356593350965
COHFACE_s20_session3_natural,42,195,48.5,0.7734570503234863,-0.06515060112555611
COHFACE_s20_session3_natural,42,196,48.53333333333333,0.5609856247901917,-0.057569817867123
COHFACE_s20_session3_natural,42,197,48.56666666666667,0.4161815941333771,-0.027114146313837573
COHFACE_s20_session3_natural,42,198,48.6,0.269063800573349,0.02084905695337982
COHFACE_s20_session3_natural,42,199,48.63333333333333,0.09736736118793488,0.07692134695077191
COHFACE_s20_session3_natural,42,200,48.666666666666664,-0.09519415348768234,0.12911767092787257
COHFACE_s20_session3_natural,42,201,48.7,-0.31143680214881897,0.16503882729693362
COHFACE_s20_session3_natural,42,202,48.733333333333334,-0.5250115990638733,0.174894635103057
COHFACE_s20_session3_natural,42,203,48.766666666666666,-0.7142877578735352,0.1547706384634496
COHFACE_s20_session3_natural,42,204,48.8,-0.8702983260154724,0.10868304539245231
COHFACE_s20_session3_natural,42,205,48.833333333333336,-0.9932820796966553,0.04792560901551737
COHFACE_s20_session3_natural,42,206,48.86666666666667,-1.0886489152908325,-0.01256620670290178
COHFACE_s20_session3_natural,42,207,48.9,-1.16304349899292,-0.05933908263802196
COHFACE_s20_session3_natural,42,208,48.93333333333333,-1.2246094942092896,-0.08448008869989795
COHFACE_s20_session3_natural,42,209,48.96666666666667,-1.2819432020187378,-0.08665080962934606
COHFACE_s20_session3_natural,42,210,49.0,-1.2721282243728638,-0.06920656019122597
COHFACE_s20_session3_natural,42,211,49.03333333333333,-0.887474536895752,-0.0373467703103389
COHFACE_s20_session3_natural,42,212,49.06666666666667,0.02671920508146286,0.0036632934605623424
COHFACE_s20_session3_natural,42,213,49.1,0.8689308762550354,0.04849274984933914
COHFACE_s20_session3_natural,42,214,49.13333333333333,1.2801228761672974,0.090739271218322
COHFACE_s20_session3_natural,42,215,49.166666666666664,1.4241529703140259,0.12228050902172125
COHFACE_s20_session3_natural,42,216,49.2,1.4295709133148193,0.13381114737120903
COHFACE_s20_session3_natural,42,217,49.233333333333334,1.2752153873443604,0.11650588062281012
COHFACE_s20_session3_natural,42,218,49.266666666666666,0.9917335510253906,0.06435330046377652
COHFACE_s20_session3_natural,42,219,49.3,0.7253125905990601,-0.023216282168975057
COHFACE_s20_session3_natural,42,220,49.333333333333336,0.555131196975708,-0.13877918392692418
COHFACE_s20_session3_natural,42,221,49.36666666666667,0.4351034462451935,-0.2653797261759669
COHFACE_s20_session3_natural,42,222,49.4,0.31950560212135315,-0.37779964232318125
COHFACE_s20_session3_natural,42,223,49.43333333333333,0.17452041804790497,-0.44812931580633103
COHFACE_s20_session3_natural,42,224,49.46666666666667,-0.023508505895733833,-0.4548218808263474
COHFACE_s20_session3_natural,42,225,49.5,-0.24760644137859344,-0.39140998050983367
COHFACE_s20_session3_natural,42,226,49.53333333333333,-0.466805100440979,-0.26981280603386887
COHFACE_s20_session3_natural,42,227,49.56666666666667,-0.6670737266540527,-0.11562410867451123
COHFACE_s20_session3_natural,42,228,49.6,-0.818794310092926,0.04187457870999524
COHFACE_s20_session3_natural,42,229,49.63333333333333,-0.9140787720680237,0.17884948435141002
COHFACE_s20_session3_natural,42,230,49.666666666666664,-0.9762787818908691,0.2810805286722104
COHFACE_s20_session3_natural,42,231,49.7,-1.0394586324691772,0.34347730070371113
COHFACE_s20_session3_natural,42,232,49.733333333333334,-1.0959030389785767,0.36760226148303804
COHFACE_s20_session3_natural,42,233,49.766666666666666,-1.1438417434692383,0.3593605569554615
COHFACE_s20_session3_natural,42,234,49.8,-1.1165046691894531,0.3273520250933237
COHFACE_s20_session3_natural,42,235,49.833333333333336,-0.7067782878875732,0.28126149748360296
COHFACE_s20_session3_natural,42,236,49.86666666666667,0.1779375523328781,0.2298648867852871
COHFACE_s20_session3_natural,42,237,49.9,0.963935375213623,0.17906035479452406
COHFACE_s20_session3_natural,42,238,49.93333333333333,1.3738923072814941,0.1307369219527948
COHFACE_s20_session3_natural,42,239,49.96666666666667,1.5561941862106323,0.08306685334621469
COHFACE_s20_session3_natural,43,0,43.0,-0.7396733164787292,0.004543080690581274
COHFACE_s20_session3_natural,43,1,43.03333333333333,-0.8786723613739014,2.586333741622339
COHFACE_s20_session3_natural,43,2,43.06666666666667,-1.0711679458618164,4.7752975137820295
COHFACE_s20_session3_natural,43,3,43.1,-1.2596536874771118,6.2738353363391335
COHFACE_s20_session3_natural,43,4,43.13333333333333,-1.4005959033966064,6.94755134712531
COHFACE_s20_session3_natural,43,5,43.166666666666664,-1.5188204050064087,6.841707843156606
COHFACE_s20_session3_natural,43,6,43.2,-1.5912059545516968,6.140557473420927
COHFACE_s20_session3_natural,43,7,43.233333333333334,-1.6094279289245605,5.092170578785874
COHFACE_s20_session3_natural,43,8,43.266666666666666,-1.6094608306884766,3.9326104746808794
COHFACE_s20_session3_natural,43,9,43.3,-1.605582594871521,2.835195834866995
COHFACE_s20_session3_natural,43,10,43.333333333333336,-1.5922681093215942,1.8942293581189464
COHFACE_s20_session3_natural,43,11,43.36666666666667,-1.5503404140472412,1.1371830508956267
COHFACE_s20_session3_natural,43,12,43.4,-1.477378487586975,0.5505106781319307
COHFACE_s20_session3_natural,43,13,43.43333333333333,-1.2208629846572876,0.10412541264630923
COHFACE_s20_session3_natural,43,14,43.46666666666667,-0.5255386233329773,-0.23372960173791105
COHFACE_s20_session3_natural,43,15,43.5,0.5373044610023499,-0.49117575867042607
COHFACE_s20_session3_natural,43,16,43.53333333333333,1.348259687423706,-0.6920321002434322
COHFACE_s20_session3_natural,43,17,43.56666666666667,1.6583293676376343,-0.8551244625240282
COHFACE_s20_session3_natural,43,18,43.6,1.70919930934906,-0.9925671618068654
COHFACE_s20_session3_natural,43,19,43.63333333333333,1.5899126529693604,-1.1089997226881694
COHFACE_s20_session3_natural,43,20,43.666666666666664,1.3007245063781738,-1.2033302922087297
COHFACE_s20_session3_natural,43,21,43.7,0.9258199334144592,-1.2722754502877955
COHFACE_s20_session3_natural,43,22,43.733333333333334,0.5974048376083374,-1.3137578213632215
COHFACE_s20_session3_natural,43,23,43.766666666666666,0.3792024552822113,-1.328639407031046
COHFACE_s20_session3_natural,43,24,43.8,0.20466528832912445,-1.320459715492193
COHFACE_s20_session3_natural,43,25,43.833333333333336,-0.0035491667222231627,-1.2938405014300536
COHFACE_s20_session3_natural,43,26,43.86666666666667,-0.24371173977851868,-1.252499843806403
COHFACE_s20_session3_natural,43,27,43.9,-0.47498977184295654,-1.1976706592006938
COHFACE_s20_session3_natural,43,28,43.93333333333333,-0.6786260604858398,-1.1275648677543886
COHFACE_s20_session3_natural,43,29,43.96666666666667,-0.8641721606254578,-1.0382425340610106
COHFACE_s20_session3_natural,43,30,44.0,-1.009791374206543,-0.9256512579798136
COHFACE_s20_session3_natural,43,31,44.03333333333333,-1.0931693315505981,-0.7879791953970054
COHFACE_s20_session3_natural,43,32,44.06666666666667,-1.1508570909500122,-0.6272539343721378
COHFACE_s20_session3_natural,43,33,44.1,-1.1993062496185303,-0.4495175444583913
COHFACE_s20_session3_natural,43,34,44.13333333333333,-1.2307521104812622,-0.2637298855973346
COHFACE_s20_session3_natural,43,35,44.166666666666664,-1.2419503927230835,-0.0802197488062794
COHFACE_s20_session3_natural,43,36,44.2,-1.2379404306411743,0.09048129501673467
COHFACE_s20_session3_natural,43,37,44.233333333333334,-1.0759108066558838,0.23819572641702136
COHFACE_s20_session3_natural,43,38,44.266666666666666,-0.4931128919124603,0.35358698197951016
COHFACE_s20_session3_natural,43,39,44.3,0.5482722520828247,0.42938931553092125
COHFACE_s20_session3_natural,43,40,44.333333333333336,1.3896111249923706,0.4626334225334088
COHFACE_s20_session3_natural,43,41,44.36666666666667,1.6620758771896362,0.45707751357240517
COHFACE_s20_session3_natural,43,42,44.4,1.7008253335952759,0.42427820314617537
COHFACE_s20_session3_natural,43,43,44.43333333333333,1.6456818580627441,0.3819261702864677
COHFACE_s20_session3_natural,43,44,44.46666666666667,1.4169811010360718,0.3493720000058834
COHFACE_s20_session3_natural,43,45,44.5,1.0685242414474487,0.34195336513446706
COHFACE_s20_session3_natural,43,46,44.53333333333333,0.7567172646522522,0.3666661844575858
COHFACE_s20_session3_natural,43,47,44.56666666666667,0.5867910981178284,0.42097917739582275
COHFACE_s20_session3_natural,43,48,44.6,0.44351041316986084,0.494446779468728
COHFACE_s20_session3_natural,43,49,44.63333333333333,0.3093612492084503,0.5712238425209503
COHFACE_s20_session3_natural,43,50,44.666666666666664,0.17253601551055908,0.6321308141444767
COHFACE_s20_session3_natural,43,51,44.7,-0.07041789591312408,0.6565605731197958
COHFACE_s20_session3_natural,43,52,44.733333333333334,-0.34854766726493835,0.6254110385630615
COHFACE_s20_session3_natural,43,53,44.766666666666666,-0.559413492679596,0.5256629402597586
COHFACE_s20_session3_natural,43,54,44.8,-0.71548992395401,0.355685181991655
COHFACE_s20_session3_natural,43,55,44.833333333333336,-0.8315241932868958,0.12909648063537238
COHFACE_s20_session3_natural,43,56,44.86666666666667,-0.9440918564796448,-0.12497562762054493
COHFACE_s20_session3_natural,43,57,44.9,-1.057614803314209,-0.3663407936929586
COHFACE_s20_session3_natural,43,58,44.93333333333333,-1.1459249258041382,-0.5525592650958967
COHFACE_s20_session3_natural,43,59,44.96666666666667,-1.2156014442443848,-0.6501794575404402
COHFACE_s20_session3_natural,43,60,45.0,-1.2718812227249146,-0.644952306881239
COHFACE_s20_session3_natural,43,61,45.03333333333333,-1.1772143840789795,-0.5469689088457083
COHFACE_s20_session3_natural,43,62,45.06666666666667,-0.6364677548408508,-0.3878102347802296
COHFACE_s20_session3_natural,43,63,45.1,0.3908454179763794,-0.2099782827114334
COHFACE_s20_session3_natural,43,64,45.13333333333333,1.2267744541168213,-0.05292312451138543
COHFACE_s20_session3_natural,43,65,45.166666666666664,1.4865670204162598,0.058098381177124576
COHFACE_s20_session3_natural,43,66,45.2,1.5011084079742432,0.11613046372549188
COHFACE_s20_session3_natural,43,67,45.233333333333334,1.4021351337432861,0.12945738536513296
COHFACE_s20_session3_natural,43,68,45.266666666666666,1.1415520906448364,0.114303625537269
COHFACE_s20_session3_natural,43,69,45.3,0.8275547623634338,0.08715132395719137
COHFACE_s20_session3_natural,43,70,45.333333333333336,0.5896730422973633,0.05964425672855301
COHFACE_s20_session3_natural,43,71,45.36666666666667,0.4569813013076782,0.03717096464806211
COHFACE_s20_session3_natural,43,72,45.4,0.35954779386520386,0.020342235243216038
COHFACE_s20_session3_natural,43,73,45.43333333333333,0.23759324848651886,0.007554706373615886
COHFACE_s20_session3_natural,43,74,45.46666666666667,0.08081691712141037,-0.002998996139077582
COHFACE_s20_session3_natural,43,75,45.5,-0.14645111560821533,-0.012530074729222457
COHFACE_s20_session3_natural,43,76,45.53333333333333,-0.37457549571990967,-0.021682109093393347
COHFACE_s20_session3_natural,43,77,45.56666666666667,-0.5620483756065369,-0.030611844983422346
COHFACE_s20_session3_natural,43,78,45.6,-0.7185035943984985,-0.0387756164916206
COHFACE_s20_session3_natural,43,79,45.63333333333333,-0.8346695899963379,-0.044751677102712474
COHFACE_s20_session3_natural,43,80,45.666666666666664,-0.9135764837265015,-0.04663904644858649
COHFACE_s20_session3_natural,43,81,45.7,-0.9575462937355042,-0.04313882995548031
COHFACE_s20_session3_natural,43,82,45.733333333333334,-1.0027347803115845,-0.03470953123390275
COHFACE_s20_session3_natural,43,83,45.766666666666666,-1.057079553604126,-0.023891712790075847
COHFACE_s20_session3_natural,43,84,45.8,-1.0634691715240479,-0.014399817901559956
COHFACE_s20_session3_natural,43,85,45.833333333333336,-0.8709241151809692,-0.009414625329036194
COHFACE_s20_session3_natural,43,86,45.86666666666667,-0.14300104975700378,-0.009977144823501897
COHFACE_s20_session3_natural,43,87,45.9,0.8701906800270081,-0.014244889206177759
COHFACE_s20_session3_natural,43,88,45.93333333333333,1.4606051445007324,-0.017821645493576142
COHFACE_s20_session3_natural,43,89,45.96666666666667,1.6549698114395142,-0.014854663748676267
COHFACE_s20_session3_natural,43,90,46.0,1.7142385244369507,0.0005556173114778262
COHFACE_s20_session3_natural,43,91,46.03333333333333,1.6413671970367432,0.0329373190310556
COHFACE_s20_session3_natural,43,92,46.06666666666667,1.4021762609481812,0.0841251424741219
COHFACE_s20_session3_natural,43,93,46.1,1.0830738544464111,0.15204032086444186
COHFACE_s20_session3_natural,43,94,46.13333333333333,0.836455762386322,0.22963351614151534
COHFACE_s20_session3_natural,43,95,46.166666666666664,0.6935455799102783,0.3042713144725378
COHFACE_s20_session3_natural,43,96,46.2,0.5718134045600891,0.35815412910135114
COHFACE_s20_session3_natural,43,97,46.233333333333334,0.4090591371059418,0.3705721332695528
COHFACE_s20_session3_natural,43,98,46.266666666666666,0.20971275866031647,0.3226368706592291
COHFACE_s20_session3_natural,43,99,46.3,-0.0056241475977003574,0.2041986618080924
COHFACE_s20_session3_natural,43,100,46.333333333333336,-0.22385120391845703,0.02101860837709277
COHFACE_s20_session3_natural,43,101,46.36666666666667,-0.4405384957790375,-0.20128433481329586
COHFACE_s20_session3_natural,43,102,46.4,-0.6324906945228577,-0.4201584065148476
COHFACE_s20_session3_natural,43,103,46.43333333333333,-0.7585457563400269,-0.5871371589448916
COHFACE_s20_session3_natural,43,104,46.46666666666667,-0.8398570418357849,-0.6635988685120726
COHFACE_s20_session3_natural,43,105,46.5,-0.9182698726654053,-0.6342933345166415
COHFACE_s20_session3_natural,43,106,46.53333333333333,-1.0102360248565674,-0.5120121434394396
COHFACE_s20_session3_natural,43,107,46.56666666666667,-1.1050840616226196,-0.33124597054576876
COHFACE_s20_session3_natural,43,108,46.6,-1.0950632095336914,-0.1346596109921268
COHFACE_s20_session3_natural,43,109,46.63333333333333,-0.6678476929664612,0.0404877176963182
COHFACE_s20_session3_natural,43,110,46.666666666666664,0.2543413043022156,0.1705369924253459
COHFACE_s20_session3_natural,43,111,46.7,1.0451313257217407,0.24704312036674264
COHFACE_s20_session3_natural,43,112,46.733333333333334,1.4410903453826904,0.2737274801566811
COHFACE_s20_session3_natural,43,113,46.766666666666666,1.6393581628799438,0.2615769083340527
COHFACE_s20_session3_natural,43,114,46.8,1.7203153371810913,0.22426616321179382
COHFACE_s20_session3_natural,43,115,46.833333333333336,1.6285220384597778,0.1749492421813982
COHFACE_s20_session3_natural,43,116,46.86666666666667,1.3698493242263794,0.1245877336350805
COHFACE_s20_session3_natural,43,117,46.9,1.071019172668457,0.08148517784845352
COHFACE_s20_session3_natural,43,118,46.93333333333333,0.8541343212127686,0.05141845980964659
COHFACE_s20_session3_natural,43,119,46.96666666666667,0.6983213424682617,0.0377265560496343
COHFACE_s20_session3_natural,43,120,47.0,0.5426154136657715,0.04099872976799492
COHFACE_s20_session3_natural,43,121,47.03333333333333,0.3376287519931793,0.05851128738097785
COHFACE_s20_session3_natural,43,122,47.06666666666667,0.06364892423152924,0.08403946440847024
COHFACE_s20_session3_natural,43,123,47.1,-0.24145559966564178,0.10874571240173425
COHFACE_s20_session3_natural,43,124,47.13333333333333,-0.5290133953094482,0.12333674879915436
COHFACE_s20_session3_natural,43,125,47.166666666666664,-0.7873485088348389,0.12085358037171479
COHFACE_s20_session3_natural,43,126,47.2,-0.9969462752342224,0.09885400414064131
COHFACE_s20_session3_natural,43,127,47.233333333333334,-1.1428207159042358,0.05990563974890569
COHFACE_s20_session3_natural,43,128,47.266666666666666,-1.2502092123031616,0.010278343989926286
COHFACE_s20_session3_natural,43,129,47.3,-1.3352916240692139,-0.04224642771347049
COHFACE_s20_session3_natural,43,130,47.333333333333336,-1.3938686847686768,-0.09025119189029167
COHFACE_s20_session3_natural,43,131,47.36666666666667,-1.4244252443313599,-0.12759784867762128
COHFACE_s20_session3_natural,43,132,47.4,-1.3314875364303589,-0.14960975824454162
COHFACE_s20_session3_natural,43,133,47.43333333333333,-0.7750056385993958,-0.1531704048533632
COHFACE_s20_session3_natural,43,134,47.46666666666667,0.269360214471817,-0.13702375944559916
COHFACE_s20_session3_natural,43,135,47.5,1.078528642654419,-0.10199951263149847
COHFACE_s20_session3_natural,43,136,47.53333333333333,1.4450591802597046,-0.0508310543025414
COHFACE_s20_session3_natural,43,137,47.56666666666667,1.6302677392959595,0.012353280230133523
COHFACE_s20_session3_natural,43,138,47.6,1.6888447999954224,0.08237658922057274
COHFACE_s20_session3_natural,43,139,47.63333333333333,1.5468074083328247,0.15272003797794848
COHFACE_s20_session3_natural,43,140,47.666666666666664,1.2465856075286865,0.2146646725313347
COHFACE_s20_session3_natural,43,141,47.7,0.9439018964767456,0.2567314988529608
COHFACE_s20_session3_natural,43,142,47.733333333333334,0.7252219915390015,0.2657169468858418
COHFACE_s20_session3_natural,43,143,47.766666666666666,0.5477699637413025,0.2300921524276928
COHFACE_s20_session3_natural,43,144,47.8,0.36589622497558594,0.1450412026150834
COHFACE_s20_session3_natural,43,145,47.833333333333336,0.17121857404708862,0.01696860114296736
COHFACE_s20_session3_natural,43,146,47.86666666666667,-0.03311764448881149,-0.13501962040320278
COHFACE_s20_session3_natural,43,147,47.9,-0.2672199606895447,-0.282231891874588
COHFACE_s20_session3_natural,43,148,47.93333333333333,-0.5000212788581848,-0.39391854439655044
COHFACE_s20_session3_natural,43,149,47.96666666666667,-0.7273881435394287,-0.44686686236826934
COHFACE_s20_session3_natural,43,150,48.0,-0.9176523685455322,-0.4330282863851438
COHFACE_s20_session3_natural,43,151,48.03333333333333,-1.0204379558563232,-0.36145918487498424
COHFACE_s20_session3_natural,43,152,48.06666666666667,-1.0854705572128296,-0.253689028202634
COHFACE_s20_session3_natural,43,153,48.1,-1.1718127727508545,-0.13506352719358125
COHFACE_s20_session3_natural,43,154,48.13333333333333,-1.2635812759399414,-0.02629953563782335
COHFACE_s20_session3_natural,43,155,48.166666666666664,-1.335530400276184,0.06119193330397353
COHFACE_s20_session3_natural,43,156,48.2,-1.314121961593628,0.1249562035864089
COHFACE_s20_session3_natural,43,157,48.233333333333334,-0.8878697752952576,0.16745581687651956
COHFACE_s20_session3_natural,43,158,48.266666666666666,0.08035581558942795,0.19128894733766297
COHFACE_s20_session3_natural,43,159,48.3,0.9312050342559814,0.19654222365580798
COHFACE_s20_session3_natural,43,160,48.333333333333336,1.3456001281738281,0.1815403389156873
COHFACE_s20_session3_natural,43,161,48.36666666666667,1.5233403444290161,0.14605489288182216
COHFACE_s20_session3_natural,43,162,48.4,1.5428550243377686,0.09450894643449906
COHFACE_s20_session3_natural,43,163,48.43333333333333,1.3798125982284546,0.036806807024048795
COHFACE_s20_session3_natural,43,164,48.46666666666667,1.0783886909484863,-0.01390470056669817
COHFACE_s20_session3_natural,43,165,48.5,0.7734570503234863,-0.04531647068017894
COHFACE_s20_session3_natural,43,166,48.53333333333333,0.5609856247901917,-0.04986385346255575
COHFACE_s20_session3_natural,43,167,48.56666666666667,0.4161815941333771,-0.026944473440263392
COHFACE_s20_session3_natural,43,168,48.6,0.269063800573349,0.01697293053881817
COHFACE_s20_session3_natural,43,169,48.63333333333333,0.09736736118793488,0.06993426031776787
COHFACE_s20_session3_natural,43,170,48.666666666666664,-0.09519415348768234,0.1172231460261983
COHFACE_s20_session3_natural,43,171,48.7,-0.31143680214881897,0.14482767814972397
COHFACE_s20_session3_natural,43,172,48.733333333333334,-0.5250115990638733,0.1431659540936607
COHFACE_s20_session3_natural,43,173,48.766666666666666,-0.7142877578735352,0.11020106196543661
COHFACE_s20_session3_natural,43,174,48.8,-0.8702983260154724,0.05276927623980064
COHFACE_s20_session3_natural,43,175,48.833333333333336,-0.9932820796966553,-0.014805708613510733
COHFACE_s20_session3_natural,43,176,48.86666666666667,-1.0886489152908325,-0.0747561225781246
COHFACE_s20_session3_natural,43,177,48.9,-1.16304349899292,-0.11122855314482112
COHFACE_s20_session3_natural,43,178,48.93333333333333,-1.2246094942092896,-0.11480395478558333
COHFACE_s20_session3_natural,43,179,48.96666666666667,-1.2819432020187378,-0.08439550246993789
COHFACE_s20_session3_natural,43,180,49.0,-1.2721282243728638,-0.026254247506302116
COHFACE_s20_session3_natural,43,181,49.03333333333333,-0.887474536895752,0.04871867217095031
COHFACE_s20_session3_natural,43,182,49.06666666666667,0.02671920508146286,0.1278222867850593
COHFACE_s20_session3_natural,43,183,49.1,0.8689308762550354,0.19863604603614177
COHFACE_s20_session3_natural,43,184,49.13333333333333,1.2801228761672974,0.2501442292774357
COHFACE_s20_session3_natural,43,185,49.166666666666664,1.4241529703140259,0.2731775667993092
COHFACE_s20_session3_natural,43,186,49.2,1.4295709133148193,0.2605768176901324
COHFACE_s20_session3_natural,43,187,49.233333333333334,1.2752153873443604,0.2075121899986568
COHFACE_s20_session3_natural,43,188,49.266666666666666,0.9917335510253906,0.11245565540156224
COHFACE_s20_session3_natural,43,189,49.3,0.7253125905990601,-0.020844883191833467
COHFACE_s20_session3_natural,43,190,49.333333333333336,0.555131196975708,-0.18071425465226734
COHFACE_s20_session3_natural,43,191,49.36666666666667,0.4351034462451935,-0.3457557463250929
COHFACE_s20_session3_natural,43,192,49.4,0.31950560212135315,-0.48644319034832595
COHFACE_s20_session3_natural,43,193,49.43333333333333,0.17452041804790497,-0.5717909764648913
COHFACE_s20_session3_natural,43,194,49.46666666666667,-0.023508505895733833,-0.5796244934824459
COHFACE_s20_session3_natural,43,195,49.5,-0.24760644137859344,-0.5056879789571598
COHFACE_s20_session3_natural,43,196,49.53333333333333,-0.466805100440979,-0.3662645633441158
COHFACE_s20_session3_natural,43,197,49.56666666666667,-0.6670737266540527,-0.19219318686023334
COHFACE_s20_session3_natural,43,198,49.6,-0.818794310092926,-0.017479688920099067
COHFACE_s20_session3_natural,43,199,49.63333333333333,-0.9140787720680237,0.13117236581977523
COHFACE_s20_session3_natural,43,200,49.666666666666664,-0.9762787818908691,0.2393647103652211
COHFACE_s20_session3_natural,43,201,49.7,-1.0394586324691772,0.3042476388970982
COHFACE_s20_session3_natural,43,202,49.733333333333334,-1.0959030389785767,0.3305591932100019
COHFACE_s20_session3_natural,43,203,49.766666666666666,-1.1438417434692383,0.3263428481915606
COHFACE_s20_session3_natural,43,204,49.8,-1.1165046691894531,0.2999623104090708
COHFACE_s20_session3_natural,43,205,49.833333333333336,-0.7067782878875732,0.2586349510013614
COHFACE_s20_session3_natural,43,206,49.86666666666667,0.1779375523328781,0.20813349440862833
COHFACE_s20_session3_natural,43,207,49.9,0.963935375213623,0.15327833937281973
COHFACE_s20_session3_natural,43,208,49.93333333333333,1.3738923072814941,0.09872969450525498
COHFACE_s20_session3_natural,43,209,49.96666666666667,1.5561941862106323,0.04942613292576098
COHFACE_s20_session3_natural,43,210,50.0,1.6111071109771729,0.010143185625374687
COHFACE_s20_session3_natural,43,211,50.03333333333333,1.512940764427185,-0.015818163985781303
COHFACE_s20_session3_natural,43,212,50.06666666666667,1.265482783317566,-0.028094838610116957
COHFACE_s20_session3_natural,43,213,50.1,0.9836723804473877,-0.02986449973490471
COHFACE_s20_session3_natural,43,214,50.13333333333333,0.7708551287651062,-0.027055977377383914
COHFACE_s20_session3_natural,43,215,50.166666666666664,0.6264380812644958,-0.026523446934656414
COHFACE_s20_session3_natural,43,216,50.2,0.49284058809280396,-0.034148482455997456
COHFACE_s20_session3_natural,43,217,50.233333333333334,0.31957146525382996,-0.053686665124004565
COHFACE_s20_session3_natural,43,218,50.266666666666666,0.09663452953100204,-0.08637970704891082
COHFACE_s20_session3_natural,43,219,50.3,-0.1549239605665207,-0.1307438344174473
COHFACE_s20_session3_natural,43,220,50.333333333333336,-0.3914553225040436,-0.1821750344992701
COHFACE_s20_session3_natural,43,221,50.36666666666667,-0.594012975692749,-0.23272765008518892
COHFACE_s20_session3_natural,43,222,50.4,-0.7599291205406189,-0.2718495547165692
COHFACE_s20_session3_natural,43,223,50.43333333333333,-0.8870381712913513,-0.28855773321167016
COHFACE_s20_session3_natural,43,224,50.46666666666667,-0.9831953644752502,-0.2746136092572577
COHFACE_s20_session3_natural,43,225,50.5,-1.0683355331420898,-0.22733995517793296
COHFACE_s20_session3_natural,43,226,50.53333333333333,-1.1514829397201538,-0.1505574195249498
COHFACE_s20_session3_natural,43,227,50.56666666666667,-1.2209700345993042,-0.0530896759213611
COHFACE_s20_session3_natural,43,228,50.6,-1.150544285774231,0.05407832760162547
COHFACE_s20_session3_natural,43,229,50.63333333333333,-0.6351420283317566,0.16008470157286328
COHFACE_s20_session3_natural,43,230,50.666666666666664,0.2756675183773041,0.25493136776015557
COHFACE_s20_session3_natural,43,231,50.7,1.0094860792160034,0.32935477853573375
COHFACE_s20_session3_natural,43,232,50.733333333333334,1.4253880977630615,0.37529858659778487
COHFACE_s20_session3_natural,43,233,50.766666666666666,1.6505317687988281,0.38774075959049054
COHFACE_s20_session3_natural,43,234,50.8,1.7078901529312134,0.36695959301364195
COHFACE_s20_session3_natural,43,235,50.833333333333336,1.5712131261825562,0.31929431732171376
COHFACE_s20_session3_natural,43,236,50.86666666666667,1.2834495306015015,0.25518883854900726
COHFACE_s20_session3_natural,43,237,50.9,0.9808563590049744,0.1851509693247965
COHFACE_s20_session3_natural,43,238,50.93333333333333,0.7606860399246216,0.11576146842494803
COHFACE_s20_session3_natural,43,239,50.96666666666667,0.5930984020233154,0.048048475814972715
COHFACE_s20_session3_natural,44,0,44.0,-1.009791374206543,-0.011425331439315595
COHFACE_s20_session3_natural,44,1,44.03333333333333,-1.0931693315505981,2.5125677500046475
COHFACE_s20_session3_natural,44,2,44.06666666666667,-1.1508570909500122,4.656002630537091
COHFACE_s20_session3_natural,44,3,44.1,-1.1993062496185303,6.129906643460358
COHFACE_s20_session3_natural,44,4,44.13333333333333,-1.2307521104812622,6.802979256443832
COHFACE_s20_session3_natural,44,5,44.166666666666664,-1.2419503927230835,6.718161407150055
COHFACE_s20_session3_natural,44,6,44.2,-1.2379404306411743,6.0543768513162055
COHFACE_s20_session3_natural,44,7,44.233333333333334,-1.0759108066558838,5.054708832244314
COHFACE_s20_session3_natural,44,8,44.266666666666666,-0.4931128919124603,3.9526681039661526
COHFACE_s20_session3_natural,44,9,44.3,0.5482722520828247,2.9206642400128153
COHFACE_s20_session3_natural,44,10,44.333333333333336,1.3896111249923706,2.050451983321546
COHFACE_s20_session3_natural,44,11,44.36666666666667,1.6620758771896362,1.362040675486933
COHFACE_s20_session3_natural,44,12,44.4,1.7008253335952759,0.8292711242087167
COHFACE_s20_session3_natural,44,13,44.43333333333333,1.6456818580627441,0.40841535713681365
COHFACE_s20_session3_natural,44,14,44.46666666666667,1.4169811010360718,0.05970669750909584
COHFACE_s20_session3_natural,44,15,44.5,1.0685242414474487,-0.24220499565422987
COHFACE_s20_session3_natural,44,16,44.53333333333333,0.7567172646522522,-0.5074377585919809
COHFACE_s20_session3_natural,44,17,44.56666666666667,0.5867910981178284,-0.7355996488720552
COHFACE_s20_session3_natural,44,18,44.6,0.44351041316986084,-0.9222767189582397
COHFACE_s20_session3_natural,44,19,44.63333333333333,0.3093612492084503,-1.0650368552980456
COHFACE_s20_session3_natural,44,20,44.666666666666664,0.17253601551055908,-1.1675762548167012
COHFACE_s20_session3_natural,44,21,44.7,-0.07041789591312408,-1.2408745969295252
COHFACE_s20_session3_natural,44,22,44.733333333333334,-0.34854766726493835,-1.300723114032044
COHFACE_s20_session3_natural,44,23,44.766666666666666,-0.559413492679596,-1.3621641600315029
COHFACE_s20_session3_natural,44,24,44.8,-0.71548992395401,-1.4329050706360007
COHFACE_s20_session3_natural,44,25,44.833333333333336,-0.8315241932868958,-1.5086292912293162
COHFACE_s20_session3_natural,44,26,44.86666666666667,-0.9440918564796448,-1.572550599888056
COHFACE_s20_session3_natural,44,27,44.9,-1.057614803314209,-1.5998872356277754
COHFACE_s20_session3_natural,44,28,44.93333333333333,-1.1459249258041382,-1.5660067162008415
COHFACE_s20_session3_natural,44,29,44.96666666666667,-1.2156014442443848,-1.4553677651991523
COHFACE_s20_session3_natural,44,30,45.0,-1.2718812227249146,-1.2676401105793513
COHFACE_s20_session3_natural,44,31,45.03333333333333,-1.1772143840789795,-1.0183585369558192
COHFACE_s20_session3_natural,44,32,45.06666666666667,-0.6364677548408508,-0.734123253987876
COHFACE_s20_session3_natural,44,33,45.1,0.3908454179763794,-0.4448936035757587
COHFACE_s20_session3_natural,44,34,45.13333333333333,1.2267744541168213,-0.1766269866793185
COHFACE_s20_session3_natural,44,35,45.166666666666664,1.4865670204162598,0.053413583390934646
COHFACE_s20_session3_natural,44,36,45.2,1.5011084079742432,0.23783425891366738
COHFACE_s20_session3_natural,44,37,45.233333333333334,1.4021351337432861,0.3772642755869274
COHFACE_s20_session3_natural,44,38,45.266666666666666,1.1415520906448364,0.4768893047511689
COHFACE_s20_session3_natural,44,39,45.3,0.8275547623634338,0.543036995669215
COHFACE_s20_session3_natural,44,40,45.333333333333336,0.5896730422973633,0.5811064748227626
COHFACE_s20_session3_natural,44,41,45.36666666666667,0.4569813013076782,0.5952669448414163
COHFACE_s20_session3_natural,44,42,45.4,0.35954779386520386,0.5893673721724522
COHFACE_s20_session3_natural,44,43,45.43333333333333,0.23759324848651886,0.5679305685577944
COHFACE_s20_session3_natural,44,44,45.46666666666667,0.08081691712141037,0.5362916862993197
COHFACE_s20_session3_natural,44,45,45.5,-0.14645111560821533,0.4997381427781404
COHFACE_s20_session3_natural,44,46,45.53333333333333,-0.37457549571990967,0.46236584176072143
COHFACE_s20_session3_natural,44,47,45.56666666666667,-0.5620483756065369,0.4265607383483662
COHFACE_s20_session3_natural,44,48,45.6,-0.7185035943984985,0.3933258762284592
COHFACE_s20_session3_natural,44,49,45.63333333333333,-0.8346695899963379,0.36287182573774984
COHFACE_s20_session3_natural,44,50,45.666666666666664,-0.9135764837265015,0.33479636616405795
COHFACE_s20_session3_natural,44,51,45.7,-0.9575462937355042,0.3077228942466942
COHFACE_s20_session3_natural,44,52,45.733333333333334,-1.0027347803115845,0.2788757502603943
COHFACE_s20_session3_natural,44,53,45.766666666666666,-1.057079553604126,0.24427354188989428
COHFACE_s20_session3_natural,44,54,45.8,-1.0634691715240479,0.19987242935303406
COHFACE_s20_session3_natural,44,55,45.833333333333336,-0.8709241151809692,0.14336535544816087
COHFACE_s20_session3_natural,44,56,45.86666666666667,-0.14300104975700378,0.0758739586615328
COHFACE_s20_session3_natural,44,57,45.9,0.8701906800270081,0.002732323354844607
COHFACE_s20_session3_natural,44,58,45.93333333333333,1.4606051445007324,-0.06704677860202748
COHFACE_s20_session3_natural,44,59,45.96666666666667,1.6549698114395142,-0.12251193576925805
COHFACE_s20_session3_natural,44,60,46.0,1.7142385244369507,-0.15326607220612398
COHFACE_s20_session3_natural,44,61,46.03333333333333,1.6413671970367432,-0.1521313896642138
COHFACE_s20_session3_natural,44,62,46.06666666666667,1.4021762609481812,-0.11740091862090117
COHFACE_s20_session3_natural,44,63,46.1,1.0830738544464111,-0.054178084556475846
COHFACE_s20_session3_natural,44,64,46.13333333333333,0.836455762386322,0.025519827629796217
COHFACE_s20_session3_natural,44,65,46.166666666666664,0.6935455799102783,0.10398973321014031
COHFACE_s20_session3_natural,44,66,46.2,0.5718134045600891,0.16029700505131572
COHFACE_s20_session3_natural,44,67,46.233333333333334,0.4090591371059418,0.1738087315813429
COHFACE_s20_session3_natural,44,68,46.266666666666666,0.20971275866031647,0.12871848027893457
COHFACE_s20_session3_natural,44,69,46.3,-0.0056241475977003574,0.01923605880541246
COHFACE_s20_session3_natural,44,70,46.333333333333336,-0.22385120391845703,-0.1456923977288507
COHFACE_s20_session3_natural,44,71,46.36666666666667,-0.4405384957790375,-0.34035342434135113
COHFACE_s20_session3_natural,44,72,46.4,-0.6324906945228577,-0.5255690502853967
COHFACE_s20_session3_natural,44,73,46.43333333333333,-0.7585457563400269,-0.6584029201302387
COHFACE_s20_session3_natural,44,74,46.46666666666667,-0.8398570418357849,-0.7057085066609498
COHFACE_s20_session3_natural,44,75,46.5,-0.9182698726654053,-0.6557309003069307
COHFACE_s20_session3_natural,44,76,46.53333333333333,-1.0102360248565674,-0.5219176080525121
COHFACE_s20_session3_natural,44,77,46.56666666666667,-1.1050840616226196,-0.33686256105157963
COHFACE_s20_session3_natural,44,78,46.6,-1.0950632095336914,-0.13988445929161475
COHFACE_s20_session3_natural,44,79,46.63333333333333,-0.6678476929664612,0.035123402086826794
COHFACE_s20_session3_natural,44,80,46.666666666666664,0.2543413043022156,0.16673262903856698
COHFACE_s20_session3_natural,44,81,46.7,1.0451313257217407,0.24721295485620287
COHFACE_s20_session3_natural,44,82,46.733333333333334,1.4410903453826904,0.27993236191795956
COHFACE_s20_session3_natural,44,83,46.766666666666666,1.6393581628799438,0.2752755039757477
COHFACE_s20_session3_natural,44,84,46.8,1.7203153371810913,0.2466211514490106
COHFACE_s20_session3_natural,44,85,46.833333333333336,1.6285220384597778,0.2070783516099835
COHFACE_s20_session3_natural,44,86,46.86666666666667,1.3698493242263794,0.16736562871279684
COHFACE_s20_session3_natural,44,87,46.9,1.071019172668457,0.13505151784324487
COHFACE_s20_session3_natural,44,88,46.93333333333333,0.8541343212127686,0.11487674514203569
COHFACE_s20_session3_natural,44,89,46.96666666666667,0.6983213424682617,0.10933240849402169
COHFACE_s20_session3_natural,44,90,47.0,0.5426154136657715,0.11863880684459742
COHFACE_s20_session3_natural,44,91,47.03333333333333,0.3376287519931793,0.13997149752487054
COHFACE_s20_session3_natural,44,92,47.06666666666667,0.06364892423152924,0.16683046720739253
COHFACE_s20_session3_natural,44,93,47.1,-0.24145559966564178,0.1898492029275031
COHFACE_s20_session3_natural,44,94,47.13333333333333,-0.5290133953094482,0.19948263304493205
COHFACE_s20_session3_natural,44,95,47.166666666666664,-0.7873485088348389,0.18953482944251934
COHFACE_s20_session3_natural,44,96,47.2,-0.9969462752342224,0.15956900432508445
COHFACE_s20_session3_natural,44,97,47.233333333333334,-1.1428207159042358,0.11467629459126223
COHFACE_s20_session3_natural,44,98,47.266666666666666,-1.2502092123031616,0.0627288513056262
COHFACE_s20_session3_natural,44,99,47.3,-1.3352916240692139,0.010841605903338328
COHFACE_s20_session3_natural,44,100,47.333333333333336,-1.3938686847686768,-0.03691247450221706
COHFACE_s20_session3_natural,44,101,47.36666666666667,-1.4244252443313599,-0.07948700288834154
COHFACE_s20_session3_natural,44,102,47.4,-1.3314875364303589,-0.11700661224636907
COHFACE_s20_session3_natural,44,103,47.43333333333333,-0.7750056385993958,-0.14852870726028486
COHFACE_s20_session3_natural,44,104,47.46666666666667,0.269360214471817,-0.17080243531516606
COHFACE_s20_session3_natural,44,105,47.5,1.078528642654419,-0.1786111988350927
COHFACE_s20_session3_natural,44,106,47.53333333333333,1.4450591802597046,-0.16647339006661266
COHFACE_s20_session3_natural,44,107,47.56666666666667,1.6302677392959595,-0.1309971414031295
COHFACE_s20_session3_natural,44,108,47.6,1.6888447999954224,-0.07307679619710337
COHFACE_s20_session3_natural,44,109,47.63333333333333,1.5468074083328247,0.0007285589559617603
COHFACE_s20_session3_natural,44,110,47.666666666666664,1.2465856075286865,0.07806543082716692
COHFACE_s20_session3_natural,44,111,47.7,0.9439018964767456,0.14220819826570463
COHFACE_s20_session3_natural,44,112,47.733333333333334,0.7252219915390015,0.17525884669739308
COHFACE_s20_session3_natural,44,113,47.766666666666666,0.5477699637413025,0.16293656185447936
COHFACE_s20_session3_natural,44,114,47.8,0.36589622497558594,0.09986200490795014
COHFACE_s20_session3_natural,44,115,47.833333333333336,0.17121857404708862,-0.0066161562394716055
COHFACE_s20_session3_natural,44,116,47.86666666666667,-0.03311764448881149,-0.13609063595663107
COHFACE_s20_session3_natural,44,117,47.9,-0.2672199606895447,-0.25934765961954814
COHFACE_s20_session3_natural,44,118,47.93333333333333,-0.5000212788581848,-0.3465242511146271
COHFACE_s20_session3_natural,44,119,47.96666666666667,-0.7273881435394287,-0.37652021283396664
COHFACE_s20_session3_natural,44,120,48.0,-0.9176523685455322,-0.3438056788362555
COHFACE_s20_session3_natural,44,121,48.03333333333333,-1.0204379558563232,-0.259471459755078
COHFACE_s20_session3_natural,44,122,48.06666666666667,-1.0854705572128296,-0.14612582979730923
COHFACE_s20_session3_natural,44,123,48.1,-1.1718127727508545,-0.029295997111014438
COHFACE_s20_session3_natural,44,124,48.13333333333333,-1.2635812759399414,0.07064614611716875
COHFACE_s20_session3_natural,44,125,48.166666666666664,-1.335530400276184,0.14283539675727425
COHFACE_s20_session3_natural,44,126,48.2,-1.314121961593628,0.18558294326198851
COHFACE_s20_session3_natural,44,127,48.233333333333334,-0.8878697752952576,0.20271771533374197
COHFACE_s20_session3_natural,44,128,48.266666666666666,0.08035581558942795,0.19917694203244685
COHFACE_s20_session3_natural,44,129,48.3,0.9312050342559814,0.17824364758678168
COHFACE_s20_session3_natural,44,130,48.333333333333336,1.3456001281738281,0.1415819478500357
COHFACE_s20_session3_natural,44,131,48.36666666666667,1.5233403444290161,0.09151647458710377
COHFACE_s20_session3_natural,44,132,48.4,1.5428550243377686,0.033639690551985374
COHFACE_s20_session3_natural,44,133,48.43333333333333,1.3798125982284546,-0.022330163514983344
COHFACE_s20_session3_natural,44,134,48.46666666666667,1.0783886909484863,-0.06428715551840233
COHFACE_s20_session3_natural,44,135,48.5,0.7734570503234863,-0.0812823584093684
COHFACE_s20_session3_natural,44,136,48.53333333333333,0.5609856247901917,-0.06720607056217388
COHFACE_s20_session3_natural,44,137,48.56666666666667,0.4161815941333771,-0.02310457227721489
COHFACE_s20_session3_natural,44,138,48.6,0.269063800573349,0.04255818402950476
COHFACE_s20_session3_natural,44,139,48.63333333333333,0.09736736118793488,0.11557555056341053
COHFACE_s20_session3_natural,44,140,48.666666666666664,-0.09519415348768234,0.17911497580920427
COHFACE_s20_session3_natural,44,141,48.7,-0.31143680214881897,0.21767866914181558
COHFACE_s20_session3_natural,44,142,48.733333333333334,-0.5250115990638733,0.22114064200704742
COHFACE_s20_session3_natural,44,143,48.766666666666666,-0.7142877578735352,0.1878032743766263
COHFACE_s20_session3_natural,44,144,48.8,-0.8702983260154724,0.12526817396389708
COHFACE_s20_session3_natural,44,145,48.833333333333336,-0.9932820796966553,0.04835270772815357
COHFACE_s20_session3_natural,44,146,48.86666666666667,-1.0886489152908325,-0.025545423080108286
COHFACE_s20_session3_natural,44,147,48.9,-1.16304349899292,-0.08186098321336754
COHFACE_s20_session3_natural,44,148,48.93333333333333,-1.2246094942092896,-0.11260522009430625
COHFACE_s20_session3_natural,44,149,48.96666666666667,-1.2819432020187378,-0.11680376434928305
COHFACE_s20_session3_natural,44,150,49.0,-1.2721282243728638,-0.09808815644009006
COHFACE_s20_session3_natural,44,151,49.03333333333333,-0.887474536895752,-0.06162298536938635
COHFACE_s20_session3_natural,44,152,49.06666666666667,0.02671920508146286,-0.012464057443280102
COHFACE_s20_session3_natural,44,153,49.1,0.8689308762550354,0.04403850619924871
COHFACE_s20_session3_natural,44,154,49.13333333333333,1.2801228761672974,0.10072487743321555
COHFACE_s20_session3_natural,44,155,49.166666666666664,1.4241529703140259,0.14756024817492808
COHFACE_s20_session3_natural,44,156,49.2,1.4295709133148193,0.17209422340657937
COHFACE_s20_session3_natural,44,157,49.233333333333334,1.2752153873443604,0.16161101102636272
COHFACE_s20_session3_natural,44,158,49.266666666666666,0.9917335510253906,0.1065598547771596
COHFACE_s20_session3_natural,44,159,49.3,0.7253125905990601,0.004593253000287542
COHFACE_s20_session3_natural,44,160,49.333333333333336,0.555131196975708,-0.13579304671795117
COHFACE_s20_session3_natural,44,161,49.36666666666667,0.4351034462451935,-0.29362481441974037
COHFACE_s20_session3_natural,44,162,49.4,0.31950560212135315,-0.43784642107080113
COHFACE_s20_session3_natural,44,163,49.43333333333333,0.17452041804790497,-0.534798060464344
COHFACE_s20_session3_natural,44,164,49.46666666666667,-0.023508505895733833,-0.5590304468514359
COHFACE_s20_session3_natural,44,165,49.5,-0.24760644137859344,-0.5028232712278381
COHFACE_s20_session3_natural,44,166,49.53333333333333,-0.466805100440979,-0.3791929667712473
COHFACE_s20_session3_natural,44,167,49.56666666666667,-0.6670737266540527,-0.21622651251691452
COHFACE_s20_session3_natural,44,168,49.6,-0.818794310092926,-0.045956022353605984
COHFACE_s20_session3_natural,44,169,49.63333333333333,-0.9140787720680237,0.10578166310186922
COHFACE_s20_session3_natural,44,170,49.666666666666664,-0.9762787818908691,0.22397298161069426
COHFACE_s20_session3_natural,44,171,49.7,-1.0394586324691772,0.30349807707930426
COHFACE_s20_session3_natural,44,172,49.733333333333334,-1.0959030389785767,0.345485601212339
COHFACE_s20_session3_natural,44,173,49.766666666666666,-1.1438417434692383,0.3538959781462888
COHFACE_s20_session3_natural,44,174,49.8,-1.1165046691894531,0.3336717091393099
COHFACE_s20_session3_natural,44,175,49.833333333333336,-0.7067782878875732,0.29021824415923564
COHFACE_s20_session3_natural,44,176,49.86666666666667,0.1779375523328781,0.22954926152377375
COHFACE_s20_session3_natural,44,177,49.9,0.963935375213623,0.15868701565547022
COHFACE_s20_session3_natural,44,178,49.93333333333333,1.3738923072814941,0.08596590043710796
COHFACE_s20_session3_natural,44,179,49.96666666666667,1.5561941862106323,0.020732482573438567
COHFACE_s20_session3_natural,44,180,50.0,1.6111071109771729,-0.02798927047087866
COHFACE_s20_session3_natural,44,181,50.03333333333333,1.512940764427185,-0.05373236808228084
COHFACE_s20_session3_natural,44,182,50.06666666666667,1.265482783317566,-0.05474458268584906
COHFACE_s20_session3_natural,44,183,50.1,0.9836723804473877,-0.034765746301774605
COHFACE_s20_session3_natural,44,184,50.13333333333333,0.7708551287651062,-0.0018210346605408642
COHFACE_s20_session3_natural,44,185,50.166666666666664,0.6264380812644958,0.03436028764448682
COHFACE_s20_session3_natural,44,186,50.2,0.49284058809280396,0.06490531348610543
COHFACE_s20_session3_natural,44,187,50.233333333333334,0.31957146525382996,0.08317170874095751
COHFACE_s20_session3_natural,44,188,50.266666666666666,0.09663452953100204,0.08486957159138506
COHFACE_s20_session3_natural,44,189,50.3,-0.1549239605665207,0.06784625514091877
COHFACE_s20_session3_natural,44,190,50.333333333333336,-0.3914553225040436,0.032442098996291746
COHFACE_s20_session3_natural,44,191,50.36666666666667,-0.594012975692749,-0.017519147840851193
COHFACE_s20_session3_natural,44,192,50.4,-0.7599291205406189,-0.07395523566899506
COHFACE_s20_session3_natural,44,193,50.43333333333333,-0.8870381712913513,-0.12506083755708308
COHFACE_s20_session3_natural,44,194,50.46666666666667,-0.9831953644752502,-0.15757959632853974
COHFACE_s20_session3_natural,44,195,50.5,-1.0683355331420898,-0.16017804924022594
COHFACE_s20_session3_natural,44,196,50.53333333333333,-1.1514829397201538,-0.12662726033681257
COHFACE_s20_session3_natural,44,197,50.56666666666667,-1.2209700345993042,-0.05770490310352867
COHFACE_s20_session3_natural,44,198,50.6,-1.150544285774231,0.03837629382609616
COHFACE_s20_session3_natural,44,199,50.63333333333333,-0.6351420283317566,0.14652415608010103
COHFACE_s20_session3_natural,44,200,50.666666666666664,0.2756675183773041,0.24601955167473546
COHFACE_s20_session3_natural,44,201,50.7,1.0094860792160034,0.31288555178664684
COHFACE_s20_session3_natural,44,202,50.733333333333334,1.4253880977630615,0.3241249254681187
COHFACE_s20_session3_natural,44,203,50.766666666666666,1.6505317687988281,0.26392687188651787
COHFACE_s20_session3_natural,44,204,50.8,1.7078901529312134,0.13043580599510227
COHFACE_s20_session3_natural,44,205,50.833333333333336,1.5712131261825562,-0.05965678743918803
COHFACE_s20_session3_natural,44,206,50.86666666666667,1.2834495306015015,-0.2715238486412048
COHFACE_s20_session3_natural,44,207,50.9,0.9808563590049744,-0.45910239774256645
COHFACE_s20_session3_natural,44,208,50.93333333333333,0.7606860399246216,-0.5775905037625649
COHFACE_s20_session3_natural,44,209,50.96666666666667,0.5930984020233154,-0.5977646465221629
COHFACE_s20_session3_natural,44,210,51.0,0.4172520041465759,-0.516200281398543
COHFACE_s20_session3_natural,44,211,51.03333333333333,0.22091929614543915,-0.3563350469535009
COHFACE_s20_session3_natural,44,212,51.06666666666667,0.002091158414259553,-0.1597629104856111
COHFACE_s20_session3_natural,44,213,51.1,-0.22628848254680634,0.027982244434138832
COHFACE_s20_session3_natural,44,214,51.13333333333333,-0.4572536051273346,0.17105501564337994
COHFACE_s20_session3_natural,44,215,51.166666666666664,-0.6668019890785217,0.2515744308704108
COHFACE_s20_session3_natural,44,216,51.2,-0.8150643110275269,0.27063065597411795
COHFACE_s20_session3_natural,44,217,51.233333333333334,-0.8997597694396973,0.24310427527501668
COHFACE_s20_session3_natural,44,218,51.266666666666666,-0.9739485383033752,0.1895308139301625
COHFACE_s20_session3_natural,44,219,51.3,-1.0624563694000244,0.1287581349376903
COHFACE_s20_session3_natural,44,220,51.333333333333336,-1.1575514078140259,0.07390477475797806
COHFACE_s20_session3_natural,44,221,51.36666666666667,-1.2339799404144287,0.031971230435741634
COHFACE_s20_session3_natural,44,222,51.4,-1.1579054594039917,0.005619912694591804
COHFACE_s20_session3_natural,44,223,51.43333333333333,-0.6254505515098572,-0.004905409414403315
COHFACE_s20_session3_natural,44,224,51.46666666666667,0.2601957321166992,-0.0008699533941265132
COHFACE_s20_session3_natural,44,225,51.5,0.9593407511711121,0.015034308822774357
COHFACE_s20_session3_natural,44,226,51.53333333333333,1.3625952005386353,0.03878224514019493
COHFACE_s20_session3_natural,44,227,51.56666666666667,1.5740044116973877,0.06564213811404887
COHFACE_s20_session3_natural,44,228,51.6,1.6164180040359497,0.09104939828063556
COHFACE_s20_session3_natural,44,229,51.63333333333333,1.4691685438156128,0.11105127083206853
COHFACE_s20_session3_natural,44,230,51.666666666666664,1.175402283668518,0.12215385219875768
COHFACE_s20_session3_natural,44,231,51.7,0.8812078833580017,0.12119236106956034
COHFACE_s20_session3_natural,44,232,51.733333333333334,0.6851056814193726,0.10601543134339206
COHFACE_s20_session3_natural,44,233,51.766666666666666,0.549367368221283,0.0770673729996862
COHFACE_s20_session3_natural,44,234,51.8,0.40618544816970825,0.0388494525329342
COHFACE_s20_session3_natural,44,235,51.833333333333336,0.2337973564863205,-0.0002446642409129761
COHFACE_s20_session3_natural,44,236,51.86666666666667,0.02671097032725811,-0.030443471768573756
COHFACE_s20_session3_natural,44,237,51.9,-0.20363660156726837,-0.044624291796188834
COHFACE_s20_session3_natural,44,238,51.93333333333333,-0.42529726028442383,-0.041769730859715436
COHFACE_s20_session3_natural,44,239,51.96666666666667,-0.6138488054275513,-0.02779460082647221
COHFACE_s20_session3_natural,45,0,45.0,-1.2718812227249146,-0.009215018347004823
COHFACE_s20_session3_natural,45,1,45.03333333333333,-1.1772143840789795,2.589206675361022
COHFACE_s20_session3_natural,45,2,45.06666666666667,-0.6364677548408508,4.787924874346876
COHFACE_s20_session3_natural,45,3,45.1,0.3908454179763794,6.283750766983051
COHFACE_s20_session3_natural,45,4,45.13333333333333,1.2267744541168213,6.939975837032029
COHFACE_s20_session3_natural,45,5,45.166666666666664,1.4865670204162598,6.804780761283414
COHFACE_s20_session3_natural,45,6,45.2,1.5011084079742432,6.07198443252857
COHFACE_s20_session3_natural,45,7,45.233333333333334,1.4021351337432861,5.005449530260814
COHFACE_s20_session3_natural,45,8,45.266666666666666,1.1415520906448364,3.8596159408375796
COHFACE_s20_session3_natural,45,9,45.3,0.8275547623634338,2.821725783615998
COHFACE_s20_session3_natural,45,10,45.333333333333336,0.5896730422973633,1.9873774529887147
COHFACE_s20_session3_natural,45,11,45.36666666666667,0.4569813013076782,1.3676224854518617
COHFACE_s20_session3_natural,45,12,45.4,0.35954779386520386,0.9166513598793992
COHFACE_s20_session3_natural,45,13,45.43333333333333,0.23759324848651886,0.5659539619058402
COHFACE_s20_session3_natural,45,14,45.46666666666667,0.08081691712141037,0.2531814861618915
COHFACE_s20_session3_natural,45,15,45.5,-0.14645111560821533,-0.06070699504831058
COHFACE_s20_session3_natural,45,16,45.53333333333333,-0.37457549571990967,-0.3869174909579411
COHFACE_s20_session3_natural,45,17,45.56666666666667,-0.5620483756065369,-0.7139445896318232
COHFACE_s20_session3_natural,45,18,45.6,-0.7185035943984985,-1.0177226464578084
COHFACE_s20_session3_natural,45,19,45.63333333333333,-0.8346695899963379,-1.2724453716751298
COHFACE_s20_session3_natural,45,20,45.666666666666664,-0.9135764837265015,-1.4590518908875447
COHFACE_s20_session3_natural,45,21,45.7,-0.9575462937355042,-1.5699039781665867
COHFACE_s20_session3_natural,45,22,45.733333333333334,-1.0027347803115845,-1.6093411136495805
COHFACE_s20_session3_natural,45,23,45.766666666666666,-1.057079553604126,-1.5907063525441423
COHFACE_s20_session3_natural,45,24,45.8,-1.0634691715240479,-1.531282914479218
COHFACE_s20_session3_natural,45,25,45.833333333333336,-0.8709241151809692,-1.4470733740877288
COHFACE_s20_session3_natural,45,26,45.86666666666667,-0.14300104975700378,-1.3491319075638768
COHFACE_s20_session3_natural,45,27,45.9,0.8701906800270081,-1.2423087108330975
COHFACE_s20_session3_natural,45,28,45.93333333333333,1.4606051445007324,-1.1262005344935324
COHFACE_s20_session3_natural,45,29,45.96666666666667,1.6549698114395142,-0.9973585946261619
COHFACE_s20_session3_natural,45,30,46.0,1.7142385244369507,-0.8517098511013632
COHFACE_s20_session3_natural,45,31,46.03333333333333,1.6413671970367432,-0.6865601748199747
COHFACE_s20_session3_natural,45,32,46.06666666666667,1.4021762609481812,-0.5020715060739755
COHFACE_s20_session3_natural,45,33,46.1,1.0830738544464111,-0.30237233268381786
COHFACE_s20_session3_natural,45,34,46.13333333333333,0.836455762386322,-0.09634539283506344
COHFACE_s20_session3_natural,45,35,46.166666666666664,0.6935455799102783,0.10213758560228318
COHFACE_s20_session3_natural,45,36,46.2,0.5718134045600891,0.2749341618047565
COHFACE_s20_session3_natural,45,37,46.233333333333334,0.4090591371059418,0.401782219469539
COHFACE_s20_session3_natural,45,38,46.266666666666666,0.20971275866031647,0.4643135651751852
COHFACE_s20_session3_natural,45,39,46.3,-0.0056241475977003574,0.4517959565892537
COHFACE_s20_session3_natural,45,40,46.333333333333336,-0.22385120391845703,0.36722572650077556
COHFACE_s20_session3_natural,45,41,46.36666666666667,-0.4405384957790375,0.23102392765413482
COHFACE_s20_session3_natural,45,42,46.4,-0.6324906945228577,0.07919059195300801
COHFACE_s20_session3_natural,45,43,46.43333333333333,-0.7585457563400269,-0.045476607616066735
COHFACE_s20_session3_natural,45,44,46.46666666666667,-0.8398570418357849,-0.10674388954508192
COHFACE_s20_session3_natural,45,45,46.5,-0.9182698726654053,-0.0872093960355452
COHFACE_s20_session3_natural,45,46,46.53333333333333,-1.0102360248565674,0.00644451039410591
COHFACE_s20_session3_natural,45,47,46.56666666666667,-1.1050840616226196,0.14769953956406712
COHFACE_s20_session3_natural,45,48,46.6,-1.0950632095336914,0.3011695096516739
COHFACE_s20_session3_natural,45,49,46.63333333333333,-0.6678476929664612,0.43429227152237604
COHFACE_s20_session3_natural,45,50,46.666666666666664,0.2543413043022156,0.5249587407441759
COHFACE_s20_session3_natural,45,51,46.7,1.0451313257217407,0.5638402483277439
COHFACE_s20_session3_natural,45,52,46.733333333333334,1.4410903453826904,0.5527603756735312
COHFACE_s20_session3_natural,45,53,46.766666666666666,1.6393581628799438,0.5011831229013249
COHFACE_s20_session3_natural,45,54,46.8,1.7203153371810913,0.4224534972979601
COHFACE_s20_session3_natural,45,55,46.833333333333336,1.6285220384597778,0.33066088619234646
COHFACE_s20_session3_natural,45,56,46.86666666666667,1.3698493242263794,0.23844517837992643
COHFACE_s20_session3_natural,45,57,46.9,1.071019172668457,0.15576290275500823
COHFACE_s20_session3_natural,45,58,46.93333333333333,0.8541343212127686,0.0893970709307676
COHFACE_s20_session3_natural,45,59,46.96666666666667,0.6983213424682617,0.042830844319510494
COHFACE_s20_session3_natural,45,60,47.0,0.5426154136657715,0.016128520971834252
COHFACE_s20_session3_natural,45,61,47.03333333333333,0.3376287519931793,0.005778285874014074
COHFACE_s20_session3_natural,45,62,47.06666666666667,0.06364892423152924,0.004924718041127549
COHFACE_s20_session3_natural,45,63,47.1,-0.24145559966564178,0.004584028958156967
COHFACE_s20_session3_natural,45,64,47.13333333333333,-0.5290133953094482,-0.004029987716992038
COHFACE_s20_session3_natural,45,65,47.166666666666664,-0.7873485088348389,-0.026757815634840774
COHFACE_s20_session3_natural,45,66,47.2,-0.9969462752342224,-0.06456931999118012
COHFACE_s20_session3_natural,45,67,47.233333333333334,-1.1428207159042358,-0.11346847120067576
COHFACE_s20_session3_natural,45,68,47.266666666666666,-1.2502092123031616,-0.1661995676885265
COHFACE_s20_session3_natural,45,69,47.3,-1.3352916240692139,-0.2147000930454003
COHFACE_s20_session3_natural,45,70,47.333333333333336,-1.3938686847686768,-0.25204045864548585
COHFACE_s20_session3_natural,45,71,47.36666666666667,-1.4244252443313599,-0.2732345318729938
COHFACE_s20_session3_natural,45,72,47.4,-1.3314875364303589,-0.2752192933760933
COHFACE_s20_session3_natural,45,73,47.43333333333333,-0.7750056385993958,-0.25671507460231463
COHFACE_s20_session3_natural,45,74,47.46666666666667,0.269360214471817,-0.21828489143666094
COHFACE_s20_session3_natural,45,75,47.5,1.078528642654419,-0.1623417576117687
COHFACE_s20_session3_natural,45,76,47.53333333333333,1.4450591802597046,-0.09282054307927153
COHFACE_s20_session3_natural,45,77,47.56666666666667,1.6302677392959595,-0.014659755166762396
COHFACE_s20_session3_natural,45,78,47.6,1.6888447999954224,0.06640009010690479
COHFACE_s20_session3_natural,45,79,47.63333333333333,1.5468074083328247,0.14335347976480323
COHFACE_s20_session3_natural,45,80,47.666666666666664,1.2465856075286865,0.20715705415226401
COHFACE_s20_session3_natural,45,81,47.7,0.9439018964767456,0.24666374272959424
COHFACE_s20_session3_natural,45,82,47.733333333333334,0.7252219915390015,0.2502568493049306
COHFACE_s20_session3_natural,45,83,47.766666666666666,0.5477699637413025,0.20934763001965628
COHFACE_s20_session3_natural,45,84,47.8,0.36589622497558594,0.12267372099056999
COHFACE_s20_session3_natural,45,85,47.833333333333336,0.17121857404708862,-0.0005406051923996747
COHFACE_s20_session3_natural,45,86,47.86666666666667,-0.03311764448881149,-0.1404399900888179
COHFACE_s20_session3_natural,45,87,47.9,-0.2672199606895447,-0.27031224426126677
COHFACE_s20_session3_natural,45,88,47.93333333333333,-0.5000212788581848,-0.3636695947021242
COHFACE_s20_session3_natural,45,89,47.96666666666667,-0.7273881435394287,-0.4023475857837867
COHFACE_s20_session3_natural,45,90,48.0,-0.9176523685455322,-0.38219692658919424
COHFACE_s20_session3_natural,45,91,48.03333333333333,-1.0204379558563232,-0.3135482044965908
COHFACE_s20_session3_natural,45,92,48.06666666666667,-1.0854705572128296,-0.21624203930538485
COHFACE_s20_session3_natural,45,93,48.1,-1.1718127727508545,-0.11185110266531799
COHFACE_s20_session3_natural,45,94,48.13333333333333,-1.2635812759399414,-0.01678522067679369
COHFACE_s20_session3_natural,45,95,48.166666666666664,-1.335530400276184,0.060991747948116896
COHFACE_s20_session3_natural,45,96,48.2,-1.314121961593628,0.12097163402380949
COHFACE_s20_session3_natural,45,97,48.233333333333334,-0.8878697752952576,0.1661951411887903
COHFACE_s20_session3_natural,45,98,48.266666666666666,0.08035581558942795,0.1988698304436156
COHFACE_s20_session3_natural,45,99,48.3,0.9312050342559814,0.21784432288278888
COHFACE_s20_session3_natural,45,100,48.333333333333336,1.3456001281738281,0.21917042619358762
COHFACE_s20_session3_natural,45,101,48.36666666666667,1.5233403444290161,0.1992925059971609
COHFACE_s20_session3_natural,45,102,48.4,1.5428550243377686,0.15883588622735106
COHFACE_s20_session3_natural,45,103,48.43333333333333,1.3798125982284546,0.10458608066376417
COHFACE_s20_session3_natural,45,104,48.46666666666667,1.0783886909484863,0.04846571686673972
COHFACE_s20_session3_natural,45,105,48.5,0.7734570503234863,0.004093801017688324
COHFACE_s20_session3_natural,45,106,48.53333333333333,0.5609856247901917,-0.017450928196885793
COHFACE_s20_session3_natural,45,107,48.56666666666667,0.4161815941333771,-0.011069685129131849
COHFACE_s20_session3_natural,45,108,48.6,0.269063800573349,0.02063612494331433
COHFACE_s20_session3_natural,45,109,48.63333333333333,0.09736736118793488,0.06764076799459333
COHFACE_s20_session3_natural,45,110,48.666666666666664,-0.09519415348768234,0.11477491281301645
COHFACE_s20_session3_natural,45,111,48.7,-0.31143680214881897,0.14578442577567866
COHFACE_s20_session3_natural,45,112,48.733333333333334,-0.5250115990638733,0.14833926418979246
COHFACE_s20_session3_natural,45,113,48.766666666666666,-0.7142877578735352,0.1184186099051192
COHFACE_s20_session3_natural,45,114,48.8,-0.8702983260154724,0.0622051083967451
COHFACE_s20_session3_natural,45,115,48.833333333333336,-0.9932820796966553,-0.005677201183658703
COHFACE_s20_session3_natural,45,116,48.86666666666667,-1.0886489152908325,-0.06709608488573086
COHFACE_s20_session3_natural,45,117,48.9,-1.16304349899292,-0.10639854742808394
COHFACE_s20_session3_natural,45,118,48.93333333333333,-1.2246094942092896,-0.11482836238968223
COHFACE_s20_session3_natural,45,119,48.96666666666667,-1.2819432020187378,-0.09174893052728408
COHFACE_s20_session3_natural,45,120,49.0,-1.2721282243728638,-0.0429765659102558
COHFACE_s20_session3_natural,45,121,49.03333333333333,-0.887474536895752,0.02203946518790727
COHFACE_s20_session3_natural,45,122,49.06666666666667,0.02671920508146286,0.09253397567998803
COHFACE_s20_session3_natural,45,123,49.1,0.8689308762550354,0.15767078120562256
COHFACE_s20_session3_natural,45,124,49.13333333333333,1.2801228761672974,0.20711591605752047
COHFACE_s20_session3_natural,45,125,49.166666666666664,1.4241529703140259,0.23156244178352195
COHFACE_s20_session3_natural,45,126,49.2,1.4295709133148193,0.2234049899441247
COHFACE_s20_session3_natural,45,127,49.233333333333334,1.2752153873443604,0.1774406624445478
COHFACE_s20_session3_natural,45,128,49.266666666666666,0.9917335510253906,0.09174936350420608
COHFACE_s20_session3_natural,45,129,49.3,0.7253125905990601,-0.030766442453498914
COHFACE_s20_session3_natural,45,130,49.333333333333336,0.555131196975708,-0.18011008357059224
COHFACE_s20_session3_natural,45,131,49.36666666666667,0.4351034462451935,-0.337353768923911
COHFACE_s20_session3_natural,45,132,49.4,0.31950560212135315,-0.47560652121327357
COHFACE_s20_session3_natural,45,133,49.43333333333333,0.17452041804790497,-0.5656423978197209
COHFACE_s20_session3_natural,45,134,49.46666666666667,-0.023508505895733833,-0.5852002169600886
COHFACE_s20_session3_natural,45,135,49.5,-0.24760644137859344,-0.5277577781509354
COHFACE_s20_session3_natural,45,136,49.53333333333333,-0.466805100440979,-0.4057196534597757
COHFACE_s20_session3_natural,45,137,49.56666666666667,-0.6670737266540527,-0.2456928072434428
COHFACE_s20_session3_natural,45,138,49.6,-0.818794310092926,-0.07850172440409339
COHFACE_s20_session3_natural,45,139,49.63333333333333,-0.9140787720680237,0.07032218783153664
COHFACE_s20_session3_natural,45,140,49.666666666666664,-0.9762787818908691,0.18538963554454868
COHFACE_s20_session3_natural,45,141,49.7,-1.0394586324691772,0.2613221808619739
COHFACE_s20_session3_natural,45,142,49.733333333333334,-1.0959030389785767,0.29982492855340936
COHFACE_s20_session3_natural,45,143,49.766666666666666,-1.1438417434692383,0.30636009200174646
COHFACE_s20_session3_natural,45,144,49.8,-1.1165046691894531,0.2877263809406557
COHFACE_s20_session3_natural,45,145,49.833333333333336,-0.7067782878875732,0.25072884962772096
COHFACE_s20_session3_natural,45,146,49.86666666666667,0.1779375523328781,0.20172044356283575
COHFACE_s20_session3_natural,45,147,49.9,0.963935375213623,0.1467926467147248
COHFACE_s20_session3_natural,45,148,49.93333333333333,1.3738923072814941,0.09222139285593488
COHFACE_s20_session3_natural,45,149,49.96666666666667,1.5561941862106323,0.04452274032315154
COHFACE_s20_session3_natural,45,150,50.0,1.6111071109771729,0.009553452735284594
COHFACE_s20_session3_natural,45,151,50.03333333333333,1.512940764427185,-0.00925083492634807
COHFACE_s20_session3_natural,45,152,50.06666666666667,1.265482783317566,-0.012456241082824508
COHFACE_s20_session3_natural,45,153,50.1,0.9836723804473877,-0.004695293040307599
COHFACE_s20_session3_natural,45,154,50.13333333333333,0.7708551287651062,0.007193376326528807
COHFACE_s20_session3_natural,45,155,50.166666666666664,0.6264380812644958,0.0169842552803717
COHFACE_s20_session3_natural,45,156,50.2,0.49284058809280396,0.021212440755639994
COHFACE_s20_session3_natural,45,157,50.233333333333334,0.31957146525382996,0.01952354598744281
COHFACE_s20_session3_natural,45,158,50.266666666666666,0.09663452953100204,0.013400657365129557
COHFACE_s20_session3_natural,45,159,50.3,-0.1549239605665207,0.004513513425238782
COHFACE_s20_session3_natural,45,160,50.333333333333336,-0.3914553225040436,-0.006050691288566129
COHFACE_s20_session3_natural,45,161,50.36666666666667,-0.594012975692749,-0.017315146287546303
COHFACE_s20_session3_natural,45,162,50.4,-0.7599291205406189,-0.027384278283391864
COHFACE_s20_session3_natural,45,163,50.43333333333333,-0.8870381712913513,-0.03290831236546286
COHFACE_s20_session3_natural,45,164,50.46666666666667,-0.9831953644752502,-0.029518992000742504
COHFACE_s20_session3_natural,45,165,50.5,-1.0683355331420898,-0.012888620861572879
COHFACE_s20_session3_natural,45,166,50.53333333333333,-1.1514829397201538,0.020191395213903392
COHFACE_s20_session3_natural,45,167,50.56666666666667,-1.2209700345993042,0.07090635892692919
COHFACE_s20_session3_natural,45,168,50.6,-1.150544285774231,0.13731557492596747
COHFACE_s20_session3_natural,45,169,50.63333333333333,-0.6351420283317566,0.2127015561647744
COHFACE_s20_session3_natural,45,170,50.666666666666664,0.2756675183773041,0.2839055306215246
COHFACE_s20_session3_natural,45,171,50.7,1.0094860792160034,0.33119936173842535
COHFACE_s20_session3_natural,45,172,50.733333333333334,1.4253880977630615,0.33136693220901176
COHFACE_s20_session3_natural,45,173,50.766666666666666,1.6505317687988281,0.2644273106252588
COHFACE_s20_session3_natural,45,174,50.8,1.7078901529312134,0.12226854860836195
COHFACE_s20_session3_natural,45,175,50.833333333333336,1.5712131261825562,-0.08425069667619574
COHFACE_s20_session3_natural,45,176,50.86666666666667,1.2834495306015015,-0.3232630285370037
COHFACE_s20_session3_natural,45,177,50.9,0.9808563590049744,-0.5470310543196402
COHFACE_s20_session3_natural,45,178,50.93333333333333,0.7606860399246216,-0.7040608012725921
COHFACE_s20_session3_natural,45,179,50.96666666666667,0.5930984020233154,-0.7549898748035224
COHFACE_s20_session3_natural,45,180,51.0,0.4172520041465759,-0.6862499600849497
COHFACE_s20_session3_natural,45,181,51.03333333333333,0.22091929614543915,-0.5152161783411767
COHFACE_s20_session3_natural,45,182,51.06666666666667,0.002091158414259553,-0.28408196275115416
COHFACE_s20_session3_natural,45,183,51.1,-0.22628848254680634,-0.04511837992821769
COHFACE_s20_session3_natural,45,184,51.13333333333333,-0.4572536051273346,0.15599834907680082
COHFACE_s20_session3_natural,45,185,51.166666666666664,-0.6668019890785217,0.2917710081155843
COHFACE_s20_session3_natural,45,186,51.2,-0.8150643110275269,0.35579745080037467
COHFACE_s20_session3_natural,45,187,51.233333333333334,-0.8997597694396973,0.358087838064764
COHFACE_s20_session3_natural,45,188,51.266666666666666,-0.9739485383033752,0.3167916180219893
COHFACE_s20_session3_natural,45,189,51.3,-1.0624563694000244,0.25065218408966644
COHFACE_s20_session3_natural,45,190,51.333333333333336,-1.1575514078140259,0.17482825954635745
COHFACE_s20_session3_natural,45,191,51.36666666666667,-1.2339799404144287,0.10028173294771914
COHFACE_s20_session3_natural,45,192,51.4,-1.1579054594039917,0.035041750006089147
COHFACE_s20_session3_natural,45,193,51.43333333333333,-0.6254505515098572,-0.014750123224955326
COHFACE_s20_session3_natural,45,194,51.46666666666667,0.2601957321166992,-0.045007836188042216
COHFACE_s20_session3_natural,45,195,51.5,0.9593407511711121,-0.05457734616061757
COHFACE_s20_session3_natural,45,196,51.53333333333333,1.3625952005386353,-0.045641767462832175
COHFACE_s20_session3_natural,45,197,51.56666666666667,1.5740044116973877,-0.022925595752394258
COHFACE_s20_session3_natural,45,198,51.6,1.6164180040359497,0.007972242329355375
COHFACE_s20_session3_natural,45,199,51.63333333333333,1.4691685438156128,0.042041444055288084
COHFACE_s20_session3_natural,45,200,51.666666666666664,1.175402283668518,0.0752523154143205
COHFACE_s20_session3_natural,45,201,51.7,0.8812078833580017,0.10395212054391136
COHFACE_s20_session3_natural,45,202,51.733333333333334,0.6851056814193726,0.12423496707816649
COHFACE_s20_session3_natural,45,203,51.766666666666666,0.549367368221283,0.13226285113334613
COHFACE_s20_session3_natural,45,204,51.8,0.40618544816970825,0.12551094576875874
COHFACE_s20_session3_natural,45,205,51.833333333333336,0.2337973564863205,0.10395488264091866
COHFACE_s20_session3_natural,45,206,51.86666666666667,0.02671097032725811,0.07032077910700596
COHFACE_s20_session3_natural,45,207,51.9,-0.20363660156726837,0.02941594148080666
COHFACE_s20_session3_natural,45,208,51.93333333333333,-0.42529726028442383,-0.012692595072748237
COHFACE_s20_session3_natural,45,209,51.96666666666667,-0.6138488054275513,-0.04903447665183584
COHFACE_s20_session3_natural,45,210,52.0,-0.754124104976654,-0.07198534603647298
COHFACE_s20_session3_natural,45,211,52.03333333333333,-0.8573708534240723,-0.07437523598096447
COHFACE_s20_session3_natural,45,212,52.06666666666667,-0.9420992136001587,-0.05177660056587412
COHFACE_s20_session3_natural,45,213,52.1,-1.014163613319397,-0.00511220059681832
COHFACE_s20_session3_natural,45,214,52.13333333333333,-1.0808100700378418,0.0577937755121381
COHFACE_s20_session3_natural,45,215,52.166666666666664,-1.120827555656433,0.12259879302977443
COHFACE_s20_session3_natural,45,216,52.2,-0.9912153482437134,0.1706305001048043
COHFACE_s20_session3_natural,45,217,52.233333333333334,-0.4108382761478424,0.18227945134810944
COHFACE_s20_session3_natural,45,218,52.266666666666666,0.43865230679512024,0.14143972617741404
COHFACE_s20_session3_natural,45,219,52.3,1.0756138563156128,0.04103391452263522
COHFACE_s20_session3_natural,45,220,52.333333333333336,1.4027032852172852,-0.11144522714339322
COHFACE_s20_session3_natural,45,221,52.36666666666667,1.5405577421188354,-0.2911289398213802
COHFACE_s20_session3_natural,45,222,52.4,1.522574543952942,-0.45898642949944224
COHFACE_s20_session3_natural,45,223,52.43333333333333,1.321474313735962,-0.5721981684004228
COHFACE_s20_session3_natural,45,224,52.46666666666667,1.0250238180160522,-0.5984267617005742
COHFACE_s20_session3_natural,45,225,52.5,0.7709868550300598,-0.5274174311967609
COHFACE_s20_session3_natural,45,226,52.53333333333333,0.6145728230476379,-0.3741895319567717
COHFACE_s20_session3_natural,45,227,52.56666666666667,0.4867803454399109,-0.17256557419330457
COHFACE_s20_session3_natural,45,228,52.6,0.3351173400878906,0.0370554617691842
COHFACE_s20_session3_natural,45,229,52.63333333333333,0.14864079654216766,0.21947782540914276
COHFACE_s20_session3_natural,45,230,52.666666666666664,-0.06765125691890717,0.3518162534860009
COHFACE_s20_session3_natural,45,231,52.7,-0.2751246392726898,0.4253596793810094
COHFACE_s20_session3_natural,45,232,52.733333333333334,-0.4926517903804779,0.4437272305235605
COHFACE_s20_session3_natural,45,233,52.766666666666666,-0.6937767267227173,0.4190744709624501
COHFACE_s20_session3_natural,45,234,52.8,-0.8273906707763672,0.3676300169990133
COHFACE_s20_session3_natural,45,235,52.833333333333336,-0.916293740272522,0.305400120511857
COHFACE_s20_session3_natural,45,236,52.86666666666667,-1.001680850982666,0.24467479979875334
COHFACE_s20_session3_natural,45,237,52.9,-1.0811312198638916,0.19187692057715772
COHFACE_s20_session3_natural,45,238,52.93333333333333,-1.148535132408142,0.14710130055706255
COHFACE_s20_session3_natural,45,239,52.96666666666667,-1.150058388710022,0.10537435378958558
COHFACE_s20_session3_natural,46,0,46.0,1.7142385244369507,0.01840037164545198
COHFACE_s20_session3_natural,46,1,46.03333333333333,1.6413671970367432,2.5047125333283025
COHFACE_s20_session3_natural,46,2,46.06666666666667,1.4021762609481812,4.617663353126277
COHFACE_s20_session3_natural,46,3,46.1,1.0830738544464111,6.073956636091468
COHFACE_s20_session3_natural,46,4,46.13333333333333,0.836455762386322,6.743567142255629
COHFACE_s20_session3_natural,46,5,46.166666666666664,0.6935455799102783,6.665229950166467
COHFACE_s20_session3_natural,46,6,46.2,0.5718134045600891,6.008543879440493
COHFACE_s20_session3_natural,46,7,46.233333333333334,0.4090591371059418,5.004292281638902
COHFACE_s20_session3_natural,46,8,46.266666666666666,0.20971275866031647,3.8745304106524263
COHFACE_s20_session3_natural,46,9,46.3,-0.0056241475977003574,2.7857622174000856
COHFACE_s20_session3_natural,46,10,46.333333333333336,-0.22385120391845703,1.8333936051082314
COHFACE_s20_session3_natural,46,11,46.36666666666667,-0.4405384957790375,1.0518955533662848
COHFACE_s20_session3_natural,46,12,46.4,-0.6324906945228577,0.4372627165854888
COHFACE_s20_session3_natural,46,13,46.43333333333333,-0.7585457563400269,-0.031725202692449925
COHFACE_s20_session3_natural,46,14,46.46666666666667,-0.8398570418357849,-0.38077572494566053
COHFACE_s20_session3_natural,46,15,46.5,-0.9182698726654053,-0.635562018955717
COHFACE_s20_session3_natural,46,16,46.53333333333333,-1.0102360248565674,-0.820642390274686
COHFACE_s20_session3_natural,46,17,46.56666666666667,-1.1050840616226196,-0.9575867923755282
COHFACE_s20_session3_natural,46,18,46.6,-1.0950632095336914,-1.0619159676549936
COHFACE_s20_session3_natural,46,19,46.63333333333333,-0.6678476929664612,-1.1414083020548724
COHFACE_s20_session3_natural,46,20,46.666666666666664,0.2543413043022156,-1.197555117820626
COHFACE_s20_session3_natural,46,21,46.7,1.0451313257217407,-1.2292512576954366
COHFACE_s20_session3_natural,46,22,46.733333333333334,1.4410903453826904,-1.2363623881868842
COHFACE_s20_session3_natural,46,23,46.766666666666666,1.6393581628799438,-1.2213543064159378
COHFACE_s20_session3_natural,46,24,46.8,1.7203153371810913,-1.188720358724387
COHFACE_s20_session3_natural,46,25,46.833333333333336,1.6285220384597778,-1.1431966943566592
COHFACE_s20_session3_natural,46,26,46.86666666666667,1.3698493242263794,-1.0879517530696488
COHFACE_s20_session3_natural,46,27,46.9,1.071019172668457,-1.023467247101163
COHFACE_s20_session3_natural,46,28,46.93333333333333,0.8541343212127686,-0.9474217449772466
COHFACE_s20_session3_natural,46,29,46.96666666666667,0.6983213424682617,-0.8556928739303102
COHFACE_s20_session3_natural,46,30,47.0,0.5426154136657715,-0.7443901260494952
COHFACE_s20_session3_natural,46,31,47.03333333333333,0.3376287519931793,-0.6124165038945694
COHFACE_s20_session3_natural,46,32,47.06666666666667,0.06364892423152924,-0.4635208850583234
COHFACE_s20_session3_natural,46,33,47.1,-0.24145559966564178,-0.30665598111661535
COHFACE_s20_session3_natural,46,34,47.13333333333333,-0.5290133953094482,-0.15409915260228263
COHFACE_s20_session3_natural,46,35,47.166666666666664,-0.7873485088348389,-0.01799069524741827
COHFACE_s20_session3_natural,46,36,47.2,-0.9969462752342224,0.09302838490641757
COHFACE_s20_session3_natural,46,37,47.233333333333334,-1.1428207159042358,0.17541061955664955
COHFACE_s20_session3_natural,46,38,47.266666666666666,-1.2502092123031616,0.23010983335255342
COHFACE_s20_session3_natural,46,39,47.3,-1.3352916240692139,0.26081160042576096
COHFACE_s20_session3_natural,46,40,47.333333333333336,-1.3938686847686768,0.2724270182479408
COHFACE_s20_session3_natural,46,41,47.36666666666667,-1.4244252443313599,0.27061562019180385
COHFACE_s20_session3_natural,46,42,47.4,-1.3314875364303589,0.26200924458059116
COHFACE_s20_session3_natural,46,43,47.43333333333333,-0.7750056385993958,0.2542101832368062
COHFACE_s20_session3_natural,46,44,47.46666666666667,0.269360214471817,0.25497716974834167
COHFACE_s20_session3_natural,46,45,47.5,1.078528642654419,0.270761922891696
COHFACE_s20_session3_natural,46,46,47.53333333333333,1.4450591802597046,0.3051658545400195
COHFACE_s20_session3_natural,46,47,47.56666666666667,1.6302677392959595,0.3578032555293483
COHFACE_s20_session3_natural,46,48,47.6,1.6888447999954224,0.4237432939567591
COHFACE_s20_session3_natural,46,49,47.63333333333333,1.5468074083328247,0.49346718247044546
COHFACE_s20_session3_natural,46,50,47.666666666666664,1.2465856075286865,0.5533217003503625
COHFACE_s20_session3_natural,46,51,47.7,0.9439018964767456,0.586766889475184
COHFACE_s20_session3_natural,46,52,47.733333333333334,0.7252219915390015,0.5769966072901117
COHFACE_s20_session3_natural,46,53,47.766666666666666,0.5477699637413025,0.5111927181807647
COHFACE_s20_session3_natural,46,54,47.8,0.36589622497558594,0.38559427384774414
COHFACE_s20_session3_natural,46,55,47.833333333333336,0.17121857404708862,0.20946645895382554
COHFACE_s20_session3_natural,46,56,47.86666666666667,-0.03311764448881149,0.005826160732419333
COHFACE_s20_session3_natural,46,57,47.9,-0.2672199606895447,-0.19239460565043068
COHFACE_s20_session3_natural,46,58,47.93333333333333,-0.5000212788581848,-0.3504750371846731
COHFACE_s20_session3_natural,46,59,47.96666666666667,-0.7273881435394287,-0.4420825441073674
COHFACE_s20_session3_natural,46,60,48.0,-0.9176523685455322,-0.4576747939572435
COHFACE_s20_session3_natural,46,61,48.03333333333333,-1.0204379558563232,-0.40731723473409287
COHFACE_s20_session3_natural,46,62,48.06666666666667,-1.0854705572128296,-0.3163057470513235
COHFACE_s20_session3_natural,46,63,48.1,-1.1718127727508545,-0.2153531934525046
COHFACE_s20_session3_natural,46,64,48.13333333333333,-1.2635812759399414,-0.1297786838780251
COHFACE_s20_session3_natural,46,65,48.166666666666664,-1.335530400276184,-0.07249301067855744
COHFACE_s20_session3_natural,46,66,48.2,-1.314121961593628,-0.04326338006798463
COHFACE_s20_session3_natural,46,67,48.233333333333334,-0.8878697752952576,-0.033370027070633246
COHFACE_s20_session3_natural,46,68,48.266666666666666,0.08035581558942795,-0.03241283168809278
COHFACE_s20_session3_natural,46,69,48.3,0.9312050342559814,-0.03363444280493485
COHFACE_s20_session3_natural,46,70,48.333333333333336,1.3456001281738281,-0.035530141547498256
COHFACE_s20_session3_natural,46,71,48.36666666666667,1.5233403444290161,-0.039821051415046875
COHFACE_s20_session3_natural,46,72,48.4,1.5428550243377686,-0.04783717006670836
COHFACE_s20_session3_natural,46,73,48.43333333333333,1.3798125982284546,-0.05786319182598259
COHFACE_s20_session3_natural,46,74,48.46666666666667,1.0783886909484863,-0.06482471178828454
COHFACE_s20_session3_natural,46,75,48.5,0.7734570503234863,-0.061999252598690824
COHFACE_s20_session3_natural,46,76,48.53333333333333,0.5609856247901917,-0.04354452478663272
COHFACE_s20_session3_natural,46,77,48.56666666666667,0.4161815941333771,-0.00676866680904683
COHFACE_s20_session3_natural,46,78,48.6,0.269063800573349,0.04633499333971019
COHFACE_s20_session3_natural,46,79,48.63333333333333,0.09736736118793488,0.10842699762878918
COHFACE_s20_session3_natural,46,80,48.666666666666664,-0.09519415348768234,0.1673747812846721
COHFACE_s20_session3_natural,46,81,48.7,-0.31143680214881897,0.2085457196494451
COHFACE_s20_session3_natural,46,82,48.733333333333334,-0.5250115990638733,0.21888603378250657
COHFACE_s20_session3_natural,46,83,48.766666666666666,-0.7142877578735352,0.1917394356896433
COHFACE_s20_session3_natural,46,84,48.8,-0.8702983260154724,0.130347782761356
COHFACE_s20_session3_natural,46,85,48.833333333333336,-0.9932820796966553,0.04803198815554993
COHFACE_s20_session3_natural,46,86,48.86666666666667,-1.0886489152908325,-0.035456100014709176
COHFACE_s20_session3_natural,46,87,48.9,-1.16304349899292,-0.09994627653567507
COHFACE_s20_session3_natural,46,88,48.93333333333333,-1.2246094942092896,-0.13064530745327002
COHFACE_s20_session3_natural,46,89,48.96666666666667,-1.2819432020187378,-0.12150177882795156
COHFACE_s20_session3_natural,46,90,49.0,-1.2721282243728638,-0.07545700929937256
COHFACE_s20_session3_natural,46,91,49.03333333333333,-0.887474536895752,-0.002407864402861873
COHFACE_s20_session3_natural,46,92,49.06666666666667,0.02671920508146286,0.08377447552393391
COHFACE_s20_session3_natural,46,93,49.1,0.8689308762550354,0.1681031704250437
COHFACE_s20_session3_natural,46,94,49.13333333333333,1.2801228761672974,0.2365872156634989
COHFACE_s20_session3_natural,46,95,49.166666666666664,1.4241529703140259,0.2773845860345912
COHFACE_s20_session3_natural,46,96,49.2,1.4295709133148193,0.2812057921192358
COHFACE_s20_session3_natural,46,97,49.233333333333334,1.2752153873443604,0.24153591247512546
COHFACE_s20_session3_natural,46,98,49.266666666666666,0.9917335510253906,0.15539958255555822
COHFACE_s20_session3_natural,46,99,49.3,0.7253125905990601,0.02520322685603628
COHFACE_s20_session3_natural,46,100,49.333333333333336,0.555131196975708,-0.13849699923465797
COHFACE_s20_session3_natural,46,101,49.36666666666667,0.4351034462451935,-0.314751488641229
COHFACE_s20_session3_natural,46,102,49.4,0.31950560212135315,-0.473206479176217
COHFACE_s20_session3_natural,46,103,49.43333333333333,0.17452041804790497,-0.5804417878136979
COHFACE_s20_session3_natural,46,104,49.46666666666667,-0.023508505895733833,-0.6105689589692991
COHFACE_s20_session3_natural,46,105,49.5,-0.24760644137859344,-0.5553440792468848
COHFACE_s20_session3_natural,46,106,49.53333333333333,-0.466805100440979,-0.4279940158424146
COHFACE_s20_session3_natural,46,107,49.56666666666667,-0.6670737266540527,-0.25800873392203777
COHFACE_s20_session3_natural,46,108,49.6,-0.818794310092926,-0.079847087160285
COHFACE_s20_session3_natural,46,109,49.63333333333333,-0.9140787720680237,0.07790462544761917
COHFACE_s20_session3_natural,46,110,49.666666666666664,-0.9762787818908691,0.19809377890616295
COHFACE_s20_session3_natural,46,111,49.7,-1.0394586324691772,0.2748973472426244
COHFACE_s20_session3_natural,46,112,49.733333333333334,-1.0959030389785767,0.310602431114423
COHFACE_s20_session3_natural,46,113,49.766666666666666,-1.1438417434692383,0.3120284131749185
COHFACE_s20_session3_natural,46,114,49.8,-1.1165046691894531,0.28790223734956116
COHFACE_s20_session3_natural,46,115,49.833333333333336,-0.7067782878875732,0.2471187350209175
COHFACE_s20_session3_natural,46,116,49.86666666666667,0.1779375523328781,0.1975752446757848
COHFACE_s20_session3_natural,46,117,49.9,0.963935375213623,0.1456381271542345
COHFACE_s20_session3_natural,46,118,49.93333333333333,1.3738923072814941,0.09631198794099928
COHFACE_s20_session3_natural,46,119,49.96666666666667,1.5561941862106323,0.05376012744734002
COHFACE_s20_session3_natural,46,120,50.0,1.6111071109771729,0.021476547647955098
COHFACE_s20_session3_natural,46,121,50.03333333333333,1.512940764427185,0.0016723993424214369
COHFACE_s20_session3_natural,46,122,50.06666666666667,1.265482783317566,-0.005693571109484772
COHFACE_s20_session3_natural,46,123,50.1,0.9836723804473877,-0.0032382915920532497
COHFACE_s20_session3_natural,46,124,50.13333333333333,0.7708551287651062,0.004725759970547851
COHFACE_s20_session3_natural,46,125,50.166666666666664,0.6264380812644958,0.01382374757989351
COHFACE_s20_session3_natural,46,126,50.2,0.49284058809280396,0.020918355141249113
COHFACE_s20_session3_natural,46,127,50.233333333333334,0.31957146525382996,0.024242282352108298
COHFACE_s20_session3_natural,46,128,50.266666666666666,0.09663452953100204,0.022515450244935332
COHFACE_s20_session3_natural,46,129,50.3,-0.1549239605665207,0.014097457930988754
COHFACE_s20_session3_natural,46,130,50.333333333333336,-0.3914553225040436,-0.0027448092534962634
COHFACE_s20_session3_natural,46,131,50.36666666666667,-0.594012975692749,-0.028260047273969212
COHFACE_s20_session3_natural,46,132,50.4,-0.7599291205406189,-0.0593089546892345
COHFACE_s20_session3_natural,46,133,50.43333333333333,-0.8870381712913513,-0.08861733323229837
COHFACE_s20_session3_natural,46,134,50.46666666666667,-0.9831953644752502,-0.10599122080137988
COHFACE_s20_session3_natural,46,135,50.5,-1.0683355331420898,-0.1010533529508936
COHFACE_s20_session3_natural,46,136,50.53333333333333,-1.1514829397201538,-0.06626272306705991
COHFACE_s20_session3_natural,46,137,50.56666666666667,-1.2209700345993042,0.0008025605417079832
COHFACE_s20_session3_natural,46,138,50.6,-1.150544285774231,0.09596670156868457
COHFACE_s20_session3_natural,46,139,50.63333333333333,-0.6351420283317566,0.20735599735383636
COHFACE_s20_session3_natural,46,140,50.666666666666664,0.2756675183773041,0.3149569163228463
COHFACE_s20_session3_natural,46,141,50.7,1.0094860792160034,0.39213752829828263
COHFACE_s20_session3_natural,46,142,50.733333333333334,1.4253880977630615,0.41045639178806703
COHFACE_s20_session3_natural,46,143,50.766666666666666,1.6505317687988281,0.34770531156156625
COHFACE_s20_session3_natural,46,144,50.8,1.7078901529312134,0.19701316166511385
COHFACE_s20_session3_natural,46,145,50.833333333333336,1.5712131261825562,-0.026616337312572208
COHFACE_s20_session3_natural,46,146,50.86666666666667,1.2834495306015015,-0.28568670875476826
COHFACE_s20_session3_natural,46,147,50.9,0.9808563590049744,-0.5271372873288435
COHFACE_s20_session3_natural,46,148,50.93333333333333,0.7606860399246216,-0.6960064484701789
COHFACE_s20_session3_natural,46,149,50.96666666666667,0.5930984020233154,-0.752129107876653
COHFACE_s20_session3_natural,46,150,51.0,0.4172520041465759,-0.6836627698427007
COHFACE_s20_session3_natural,46,151,51.03333333333333,0.22091929614543915,-0.5113114331480806
COHFACE_s20_session3_natural,46,152,51.06666666666667,0.002091158414259553,-0.2809110354544847
COHFACE_s20_session3_natural,46,153,51.1,-0.22628848254680634,-0.04747731449106693
COHFACE_s20_session3_natural,46,154,51.13333333333333,-0.4572536051273346,0.14236973233301736
COHFACE_s20_session3_natural,46,155,51.166666666666664,-0.6668019890785217,0.26248212236080615
COHFACE_s20_session3_natural,46,156,51.2,-0.8150643110275269,0.30996600753316317
COHFACE_s20_session3_natural,46,157,51.233333333333334,-0.8997597694396973,0.2995388700751648
COHFACE_s20_session3_natural,46,158,51.266666666666666,-0.9739485383033752,0.25368961465517187
COHFACE_s20_session3_natural,46,159,51.3,-1.0624563694000244,0.1936051977189726
COHFACE_s20_session3_natural,46,160,51.333333333333336,-1.1575514078140259,0.13412398025094935
COHFACE_s20_session3_natural,46,161,51.36666666666667,-1.2339799404144287,0.08318706222639967
COHFACE_s20_session3_natural,46,162,51.4,-1.1579054594039917,0.044021628951121015
COHFACE_s20_session3_natural,46,163,51.43333333333333,-0.6254505515098572,0.017615973614911178
COHFACE_s20_session3_natural,46,164,51.46666666666667,0.2601957321166992,0.003958318930225839
COHFACE_s20_session3_natural,46,165,51.5,0.9593407511711121,0.0020418265517501604
COHFACE_s20_session3_natural,46,166,51.53333333333333,1.3625952005386353,0.009614359870364877
COHFACE_s20_session3_natural,46,167,51.56666666666667,1.5740044116973877,0.023526304429251358
COHFACE_s20_session3_natural,46,168,51.6,1.6164180040359497,0.040594217716584516
COHFACE_s20_session3_natural,46,169,51.63333333333333,1.4691685438156128,0.05816911897055331
COHFACE_s20_session3_natural,46,170,51.666666666666664,1.175402283668518,0.07385580022672619
COHFACE_s20_session3_natural,46,171,51.7,0.8812078833580017,0.08475774664166641
COHFACE_s20_session3_natural,46,172,51.733333333333334,0.6851056814193726,0.08730521650206292
COHFACE_s20_session3_natural,46,173,51.766666666666666,0.549367368221283,0.07838802178604622
COHFACE_s20_session3_natural,46,174,51.8,0.40618544816970825,0.05724089112330762
COHFACE_s20_session3_natural,46,175,51.833333333333336,0.2337973564863205,0.026623572617812986
COHFACE_s20_session3_natural,46,176,51.86666666666667,0.02671097032725811,-0.007650527483379419
COHFACE_s20_session3_natural,46,177,51.9,-0.20363660156726837,-0.03844630004420156
COHFACE_s20_session3_natural,46,178,51.93333333333333,-0.42529726028442383,-0.059029708803489955
COHFACE_s20_session3_natural,46,179,51.96666666666667,-0.6138488054275513,-0.0638391418994274
COHFACE_s20_session3_natural,46,180,52.0,-0.754124104976654,-0.048612735652256746
COHFACE_s20_session3_natural,46,181,52.03333333333333,-0.8573708534240723,-0.010953834081463122
COHFACE_s20_session3_natural,46,182,52.06666666666667,-0.9420992136001587,0.048225888182748096
COHFACE_s20_session3_natural,46,183,52.1,-1.014163613319397,0.12311817915329583
COHFACE_s20_session3_natural,46,184,52.13333333333333,-1.0808100700378418,0.2024076504540543
COHFACE_s20_session3_natural,46,185,52.166666666666664,-1.120827555656433,0.2702112474048654
COHFACE_s20_session3_natural,46,186,52.2,-0.9912153482437134,0.3083191834825272
COHFACE_s20_session3_natural,46,187,52.233333333333334,-0.4108382761478424,0.2992363648825046
COHFACE_s20_session3_natural,46,188,52.266666666666666,0.43865230679512024,0.23001252952208742
COHFACE_s20_session3_natural,46,189,52.3,1.0756138563156128,0.09704558566154707
COHFACE_s20_session3_natural,46,190,52.333333333333336,1.4027032852172852,-0.08896702933229497
COHFACE_s20_session3_natural,46,191,52.36666666666667,1.5405577421188354,-0.30046737971242327
COHFACE_s20_session3_natural,46,192,52.4,1.522574543952942,-0.496225073694472
COHFACE_s20_session3_natural,46,193,52.43333333333333,1.321474313735962,-0.6317025688805576
COHFACE_s20_session3_natural,46,194,52.46666666666667,1.0250238180160522,-0.6734766413820672
COHFACE_s20_session3_natural,46,195,52.5,0.7709868550300598,-0.6110408881917829
COHFACE_s20_session3_natural,46,196,52.53333333333333,0.6145728230476379,-0.46011958404984504
COHFACE_s20_session3_natural,46,197,52.56666666666667,0.4867803454399109,-0.25618327303443666
COHFACE_s20_session3_natural,46,198,52.6,0.3351173400878906,-0.04199348608602825
COHFACE_s20_session3_natural,46,199,52.63333333333333,0.14864079654216766,0.1446871120048473
COHFACE_s20_session3_natural,46,200,52.666666666666664,-0.06765125691890717,0.27887472932744145
COHFACE_s20_session3_natural,46,201,52.7,-0.2751246392726898,0.3507846310857461
COHFACE_s20_session3_natural,46,202,52.733333333333334,-0.4926517903804779,0.36421542961736
COHFACE_s20_session3_natural,46,203,52.766666666666666,-0.6937767267227173,0.33260708838180136
COHFACE_s20_session3_natural,46,204,52.8,-0.8273906707763672,0.27409441547472635
COHFACE_s20_session3_natural,46,205,52.833333333333336,-0.916293740272522,0.2065436476165791
COHFACE_s20_session3_natural,46,206,52.86666666666667,-1.001680850982666,0.14355099766446772
COHFACE_s20_session3_natural,46,207,52.9,-1.0811312198638916,0.09234248389667642
COHFACE_s20_session3_natural,46,208,52.93333333333333,-1.148535132408142,0.0540158733610295
COHFACE_s20_session3_natural,46,209,52.96666666666667,-1.150058388710022,0.025711186121746325
COHFACE_s20_session3_natural,46,210,53.0,-0.827736496925354,0.003540020923927708
COHFACE_s20_session3_natural,46,211,53.03333333333333,-0.04784012585878372,-0.015075542640322548
COHFACE_s20_session3_natural,46,212,53.06666666666667,0.7530942559242249,-0.030470174564461647
COHFACE_s20_session3_natural,46,213,53.1,1.2636466026306152,-0.04123333367899351
COHFACE_s20_session3_natural,46,214,53.13333333333333,1.5236120223999023,-0.045643768736339164
COHFACE_s20_session3_natural,46,215,53.166666666666664,1.602173089981079,-0.04337598288841126
COHFACE_s20_session3_natural,46,216,53.2,1.5177576541900635,-0.03681992785013865
COHFACE_s20_session3_natural,46,217,53.233333333333334,1.2679448127746582,-0.03141135705989222
COHFACE_s20_session3_natural,46,218,53.266666666666666,0.9496986865997314,-0.034510722739525046
COHFACE_s20_session3_natural,46,219,53.3,0.6819849610328674,-0.052805869033547136
COHFACE_s20_session3_natural,46,220,53.333333333333336,0.49004101753234863,-0.08899204692416632
COHFACE_s20_session3_natural,46,221,53.36666666666667,0.32448717951774597,-0.13918687945548278
COHFACE_s20_session3_natural,46,222,53.4,0.1449107676744461,-0.19262175629520117
COHFACE_s20_session3_natural,46,223,53.43333333333333,-0.07169417291879654,-0.23434655598804852
COHFACE_s20_session3_natural,46,224,53.46666666666667,-0.2957673966884613,-0.25019769253820623
COHFACE_s20_session3_natural,46,225,53.5,-0.5182185173034668,-0.231834258727825
COHFACE_s20_session3_natural,46,226,53.53333333333333,-0.714345395565033,-0.17920698501882903
COHFACE_s20_session3_natural,46,227,53.56666666666667,-0.8630276322364807,-0.09917928170713701
COHFACE_s20_session3_natural,46,228,53.6,-0.9642652869224548,-0.0016878983941096349
COHFACE_s20_session3_natural,46,229,53.63333333333333,-1.0444978475570679,0.103558743327306
COHFACE_s20_session3_natural,46,230,53.666666666666664,-1.1254385709762573,0.20795455730190351
COHFACE_s20_session3_natural,46,231,53.7,-1.2115339040756226,0.30298948612182486
COHFACE_s20_session3_natural,46,232,53.733333333333334,-1.2705061435699463,0.37933341410757687
COHFACE_s20_session3_natural,46,233,53.766666666666666,-1.1667242050170898,0.42754849340233236
COHFACE_s20_session3_natural,46,234,53.8,-0.6001308560371399,0.4403173918704413
COHFACE_s20_session3_natural,46,235,53.833333333333336,0.2802785634994507,0.4147140201439437
COHFACE_s20_session3_natural,46,236,53.86666666666667,0.9944919347763062,0.35308187924455553
COHFACE_s20_session3_natural,46,237,53.9,1.4191960096359253,0.2621460785349918
COHFACE_s20_session3_natural,46,238,53.93333333333333,1.6480203866958618,0.15105848098792746
COHFACE_s20_session3_natural,46,239,53.96666666666667,1.7199859619140625,0.029596523750859385
COHFACE_s20_session3_natural,47,0,47.0,0.5426154136657715,-0.016516493276221258
COHFACE_s20_session3_natural,47,1,47.03333333333333,0.3376287519931793,2.6029539186653787
COHFACE_s20_session3_natural,47,2,47.06666666666667,0.06364892423152924,4.821773612623326
COHFACE_s20_session3_natural,47,3,47.1,-0.24145559966564178,6.335631379352144
COHFACE_s20_session3_natural,47,4,47.13333333333333,-0.5290133953094482,7.0064879147733405
COHFACE_s20_session3_natural,47,5,47.166666666666664,-0.7873485088348389,6.880467602023187
COHFACE_s20_session3_natural,47,6,47.2,-0.9969462752342224,6.148202958867925
COHFACE_s20_session3_natural,47,7,47.233333333333334,-1.1428207159042358,5.069533746802679
COHFACE_s20_session3_natural,47,8,47.266666666666666,-1.2502092123031616,3.8954044851137675
COHFACE_s20_session3_natural,47,9,47.3,-1.3352916240692139,2.8122377241256036
COHFACE_s20_session3_natural,47,10,47.333333333333336,-1.3938686847686768,1.9193984539362954
COHFACE_s20_session3_natural,47,11,47.36666666666667,-1.4244252443313599,1.2367578284485536
COHFACE_s20_session3_natural,47,12,47.4,-1.3314875364303589,0.7308677372770316
COHFACE_s20_session3_natural,47,13,47.43333333333333,-0.7750056385993958,0.3461245911321132
COHFACE_s20_session3_natural,47,14,47.46666666666667,0.269360214471817,0.030298601321068194
COHFACE_s20_session3_natural,47,15,47.5,1.078528642654419,-0.2508516527490119
COHFACE_s20_session3_natural,47,16,47.53333333333333,1.4450591802597046,-0.5101936724095301
COHFACE_s20_session3_natural,47,17,47.56666666666667,1.6302677392959595,-0.7441619438861173
COHFACE_s20_session3_natural,47,18,47.6,1.6888447999954224,-0.9418182809961057
COHFACE_s20_session3_natural,47,19,47.63333333333333,1.5468074083328247,-1.0939985819823534
COHFACE_s20_session3_natural,47,20,47.666666666666664,1.2465856075286865,-1.1995396402108505
COHFACE_s20_session3_natural,47,21,47.7,0.9439018964767456,-1.2669796900564583
COHFACE_s20_session3_natural,47,22,47.733333333333334,0.7252219915390015,-1.3116292347517011
COHFACE_s20_session3_natural,47,23,47.766666666666666,0.5477699637413025,-1.3493516939377899
COHFACE_s20_session3_natural,47,24,47.8,0.36589622497558594,-1.3895506944866896
COHFACE_s20_session3_natural,47,25,47.833333333333336,0.17121857404708862,-1.430310828039269
COHFACE_s20_session3_natural,47,26,47.86666666666667,-0.03311764448881149,-1.4580294582289373
COHFACE_s20_session3_natural,47,27,47.9,-0.2672199606895447,-1.4522390152237554
COHFACE_s20_session3_natural,47,28,47.93333333333333,-0.5000212788581848,-1.3941000255270526
COHFACE_s20_session3_natural,47,29,47.96666666666667,-0.7273881435394287,-1.275040909155547
COHFACE_s20_session3_natural,47,30,48.0,-0.9176523685455322,-1.1013131316491704
COHFACE_s20_session3_natural,47,31,48.03333333333333,-1.0204379558563232,-0.8919435489379242
COHFACE_s20_session3_natural,47,32,48.06666666666667,-1.0854705572128296,-0.6713352394196288
COHFACE_s20_session3_natural,47,33,48.1,-1.1718127727508545,-0.460729994579563
COHFACE_s20_session3_natural,47,34,48.13333333333333,-1.2635812759399414,-0.2725603636957194
COHFACE_s20_session3_natural,47,35,48.166666666666664,-1.335530400276184,-0.10940586400889596
COHFACE_s20_session3_natural,47,36,48.2,-1.314121961593628,0.03298091801095321
COHFACE_s20_session3_natural,47,37,48.233333333333334,-0.8878697752952576,0.16050059761644397
COHFACE_s20_session3_natural,47,38,48.266666666666666,0.08035581558942795,0.27587054644868936
COHFACE_s20_session3_natural,47,39,48.3,0.9312050342559814,0.37630118027585674
COHFACE_s20_session3_natural,47,40,48.333333333333336,1.3456001281738281,0.45470191460330933
COHFACE_s20_session3_natural,47,41,48.36666666666667,1.5233403444290161,0.5037355291296345
COHFACE_s20_session3_natural,47,42,48.4,1.5428550243377686,0.5204984462605324
COHFACE_s20_session3_natural,47,43,48.43333333333333,1.3798125982284546,0.5092600374664614
COHFACE_s20_session3_natural,47,44,48.46666666666667,1.0783886909484863,0.4809449386417473
COHFACE_s20_session3_natural,47,45,48.5,0.7734570503234863,0.44986724481215035
COHFACE_s20_session3_natural,47,46,48.53333333333333,0.5609856247901917,0.42932914017213086
COHFACE_s20_session3_natural,47,47,48.56666666666667,0.4161815941333771,0.42773553763330885
COHFACE_s20_session3_natural,47,48,48.6,0.269063800573349,0.4462388244489446
COHFACE_s20_session3_natural,47,49,48.63333333333333,0.09736736118793488,0.47824307487222373
COHFACE_s20_session3_natural,47,50,48.666666666666664,-0.09519415348768234,0.5107699807505044
COHFACE_s20_session3_natural,47,51,48.7,-0.31143680214881897,0.5275633641527093
COHFACE_s20_session3_natural,47,52,48.733333333333334,-0.5250115990638733,0.5135214977470752
COHFACE_s20_session3_natural,47,53,48.766666666666666,-0.7142877578735352,0.4594667586601266
COHFACE_s20_session3_natural,47,54,48.8,-0.8702983260154724,0.36566420194572563
COHFACE_s20_session3_natural,47,55,48.833333333333336,-0.9932820796966553,0.24254487932469107
COHFACE_s20_session3_natural,47,56,48.86666666666667,-1.0886489152908325,0.10812953863969511
COHFACE_s20_session3_natural,47,57,48.9,-1.16304349899292,-0.016874994386764083
COHFACE_s20_session3_natural,47,58,48.93333333333333,-1.2246094942092896,-0.1143460947874462
COHFACE_s20_session3_natural,47,59,48.96666666666667,-1.2819432020187378,-0.172520646621175
COHFACE_s20_session3_natural,47,60,49.0,-1.2721282243728638,-0.18750673320356057
COHFACE_s20_session3_natural,47,61,49.03333333333333,-0.887474536895752,-0.1629430732335788
COHFACE_s20_session3_natural,47,62,49.06666666666667,0.02671920508146286,-0.10864921697893586
COHFACE_s20_session3_natural,47,63,49.1,0.8689308762550354,-0.03886262857293524
COHFACE_s20_session3_natural,47,64,49.13333333333333,1.2801228761672974,0.02973651842653337
COHFACE_s20_session3_natural,47,65,49.166666666666664,1.4241529703140259,0.08018086920881526
COHFACE_s20_session3_natural,47,66,49.2,1.4295709133148193,0.09742321297017255
COHFACE_s20_session3_natural,47,67,49.233333333333334,1.2752153873443604,0.07042642925184625
COHFACE_s20_session3_natural,47,68,49.266666666666666,0.9917335510253906,-0.005819619595025895
COHFACE_s20_session3_natural,47,69,49.3,0.7253125905990601,-0.12819266270603805
COHFACE_s20_session3_natural,47,70,49.333333333333336,0.555131196975708,-0.28349587294312967
COHFACE_s20_session3_natural,47,71,49.36666666666667,0.4351034462451935,-0.44787498044825524
COHFACE_s20_session3_natural,47,72,49.4,0.31950560212135315,-0.5895560396685093
COHFACE_s20_session3_natural,47,73,49.43333333333333,0.17452041804790497,-0.6760802850411209
COHFACE_s20_session3_natural,47,74,49.46666666666667,-0.023508505895733833,-0.6844693334635572
COHFACE_s20_session3_natural,47,75,49.5,-0.24760644137859344,-0.6098912275905647
COHFACE_s20_session3_natural,47,76,49.53333333333333,-0.466805100440979,-0.4678950132840873
COHFACE_s20_session3_natural,47,77,49.56666666666667,-0.6670737266540527,-0.28831743107929253
COHFACE_s20_session3_natural,47,78,49.6,-0.818794310092926,-0.10412869285520551
COHFACE_s20_session3_natural,47,79,49.63333333333333,-0.9140787720680237,0.05852974188032159
COHFACE_s20_session3_natural,47,80,49.666666666666664,-0.9762787818908691,0.18483604917375526
COHFACE_s20_session3_natural,47,81,49.7,-1.0394586324691772,0.2703714554046884
COHFACE_s20_session3_natural,47,82,49.733333333333334,-1.0959030389785767,0.3175431862378014
COHFACE_s20_session3_natural,47,83,49.766666666666666,-1.1438417434692383,0.3320779048652013
COHFACE_s20_session3_natural,47,84,49.8,-1.1165046691894531,0.3207667938924687
COHFACE_s20_session3_natural,47,85,49.833333333333336,-0.7067782878875732,0.29026468483007367
COHFACE_s20_session3_natural,47,86,49.86666666666667,0.1779375523328781,0.24653747579023436
COHFACE_s20_session3_natural,47,87,49.9,0.963935375213623,0.19492596534584739
COHFACE_s20_session3_natural,47,88,49.93333333333333,1.3738923072814941,0.1407679504444297
COHFACE_s20_session3_natural,47,89,49.96666666666667,1.5561941862106323,0.09005985551023545
COHFACE_s20_session3_natural,47,90,50.0,1.6111071109771729,0.049318482047953874
COHFACE_s20_session3_natural,47,91,50.03333333333333,1.512940764427185,0.024187892763338003
COHFACE_s20_session3_natural,47,92,50.06666666666667,1.265482783317566,0.017394685529843627
COHFACE_s20_session3_natural,47,93,50.1,0.9836723804473877,0.027411759045013438
COHFACE_s20_session3_natural,47,94,50.13333333333333,0.7708551287651062,0.048809437550641405
COHFACE_s20_session3_natural,47,95,50.166666666666664,0.6264380812644958,0.07409830177321401
COHFACE_s20_session3_natural,47,96,50.2,0.49284058809280396,0.09587648503644125
COHFACE_s20_session3_natural,47,97,50.233333333333334,0.31957146525382996,0.108094542729856
COHFACE_s20_session3_natural,47,98,50.266666666666666,0.09663452953100204,0.10627890023994738
COHFACE_s20_session3_natural,47,99,50.3,-0.1549239605665207,0.08756853019913809
COHFACE_s20_session3_natural,47,100,50.333333333333336,-0.3914553225040436,0.05141714865604114
COHFACE_s20_session3_natural,47,101,50.36666666666667,-0.594012975692749,0.0009296617423837777
COHFACE_s20_session3_natural,47,102,50.4,-0.7599291205406189,-0.05613842791655108
COHFACE_s20_session3_natural,47,103,50.43333333333333,-0.8870381712913513,-0.10788987808652417
COHFACE_s20_session3_natural,47,104,50.46666666666667,-0.9831953644752502,-0.1406885406399745
COHFACE_s20_session3_natural,47,105,50.5,-1.0683355331420898,-0.1426882844195127
COHFACE_s20_session3_natural,47,106,50.53333333333333,-1.1514829397201538,-0.10708679956291502
COHFACE_s20_session3_natural,47,107,50.56666666666667,-1.2209700345993042,-0.03405325042967727
COHFACE_s20_session3_natural,47,108,50.6,-1.150544285774231,0.06867961201323693
COHFACE_s20_session3_natural,47,109,50.63333333333333,-0.6351420283317566,0.18592065956493978
COHFACE_s20_session3_natural,47,110,50.666666666666664,0.2756675183773041,0.29566234985109596
COHFACE_s20_session3_natural,47,111,50.7,1.0094860792160034,0.37107879808421435
COHFACE_s20_session3_natural,47,112,50.733333333333334,1.4253880977630615,0.3850282839882948
COHFACE_s20_session3_natural,47,113,50.766666666666666,1.6505317687988281,0.31725531493325076
COHFACE_s20_session3_natural,47,114,50.8,1.7078901529312134,0.16257831886833024
COHFACE_s20_session3_natural,47,115,50.833333333333336,1.5712131261825562,-0.06316815866765754
COHFACE_s20_session3_natural,47,116,50.86666666666667,1.2834495306015015,-0.32261271761617116
COHFACE_s20_session3_natural,47,117,50.9,0.9808563590049744,-0.5634324442451852
COHFACE_s20_session3_natural,47,118,50.93333333333333,0.7606860399246216,-0.7314501654341488
COHFACE_s20_session3_natural,47,119,50.96666666666667,0.5930984020233154,-0.7868312422342403
COHFACE_s20_session3_natural,47,120,51.0,0.4172520041465759,-0.7174399773726409
COHFACE_s20_session3_natural,47,121,51.03333333333333,0.22091929614543915,-0.5433161754887528
COHFACE_s20_session3_natural,47,122,51.06666666666667,0.002091158414259553,-0.3097390028453998
COHFACE_s20_session3_natural,47,123,51.1,-0.22628848254680634,-0.07163939038247666
COHFACE_s20_session3_natural,47,124,51.13333333333333,-0.4572536051273346,0.12390868720056059
COHFACE_s20_session3_natural,47,125,51.166666666666664,-0.6668019890785217,0.2499571781030908
COHFACE_s20_session3_natural,47,126,51.2,-0.8150643110275269,0.3028309812183727
COHFACE_s20_session3_natural,47,127,51.233333333333334,-0.8997597694396973,0.2969286931152839
COHFACE_s20_session3_natural,47,128,51.266666666666666,-0.9739485383033752,0.2551939562024244
COHFACE_s20_session3_natural,47,129,51.3,-1.0624563694000244,0.1999574641697994
COHFACE_s20_session3_natural,47,130,51.333333333333336,-1.1575514078140259,0.1473457038685257
COHFACE_s20_session3_natural,47,131,51.36666666666667,-1.2339799404144287,0.10598227314910771
COHFACE_s20_session3_natural,47,132,51.4,-1.1579054594039917,0.07865159741959123
COHFACE_s20_session3_natural,47,133,51.43333333333333,-0.6254505515098572,0.0648333928470038
COHFACE_s20_session3_natural,47,134,51.46666666666667,0.2601957321166992,0.0626086946610009
COHFACE_s20_session3_natural,47,135,51.5,0.9593407511711121,0.06959933187423227
COHFACE_s20_session3_natural,47,136,51.53333333333333,1.3625952005386353,0.08338449692536098
COHFACE_s20_session3_natural,47,137,51.56666666666667,1.5740044116973877,0.10183345635515173
COHFACE_s20_session3_natural,47,138,51.6,1.6164180040359497,0.12325390559147541
COHFACE_s20_session3_natural,47,139,51.63333333333333,1.4691685438156128,0.14594229609056103
COHFACE_s20_session3_natural,47,140,51.666666666666664,1.175402283668518,0.16713802082292525
COHFACE_s20_session3_natural,47,141,51.7,0.8812078833580017,0.18211542967904618
COHFACE_s20_session3_natural,47,142,51.733333333333334,0.6851056814193726,0.18443207032008976
COHFACE_s20_session3_natural,47,143,51.766666666666666,0.549367368221283,0.16778858010349795
COHFACE_s20_session3_natural,47,144,51.8,0.40618544816970825,0.12879980277116362
COHFACE_s20_session3_natural,47,145,51.833333333333336,0.2337973564863205,0.06917141955559629
COHFACE_s20_session3_natural,47,146,51.86666666666667,0.02671097032725811,-0.003924252852479693
COHFACE_s20_session3_natural,47,147,51.9,-0.20363660156726837,-0.07932848580507107
COHFACE_s20_session3_natural,47,148,51.93333333333333,-0.42529726028442383,-0.14420154236181945
COHFACE_s20_session3_natural,47,149,51.96666666666667,-0.6138488054275513,-0.18608100198596436
COHFACE_s20_session3_natural,47,150,52.0,-0.754124104976654,-0.19468163849468856
COHFACE_s20_session3_natural,47,151,52.03333333333333,-0.8573708534240723,-0.16411636173084596
COHFACE_s20_session3_natural,47,152,52.06666666666667,-0.9420992136001587,-0.0954542887165339
COHFACE_s20_session3_natural,47,153,52.1,-1.014163613319397,0.001632394473658663
COHFACE_s20_session3_natural,47,154,52.13333333333333,-1.0808100700378418,0.1094452838102306
COHFACE_s20_session3_natural,47,155,52.166666666666664,-1.120827555656433,0.2052747616870344
COHFACE_s20_session3_natural,47,156,52.2,-0.9912153482437134,0.2657748865710623
COHFACE_s20_session3_natural,47,157,52.233333333333334,-0.4108382761478424,0.27129990198662945
COHFACE_s20_session3_natural,47,158,52.266666666666666,0.43865230679512024,0.20973831439491228
COHFACE_s20_session3_natural,47,159,52.3,1.0756138563156128,0.08024250554284836
COHFACE_s20_session3_natural,47,160,52.333333333333336,1.4027032852172852,-0.10330149449626518
COHFACE_s20_session3_natural,47,161,52.36666666666667,1.5405577421188354,-0.31094398264595263
COHFACE_s20_session3_natural,47,162,52.4,1.522574543952942,-0.500576951393866
COHFACE_s20_session3_natural,47,163,52.43333333333333,1.321474313735962,-0.6285550389226169
COHFACE_s20_session3_natural,47,164,52.46666666666667,1.0250238180160522,-0.6638950519629541
COHFACE_s20_session3_natural,47,165,52.5,0.7709868550300598,-0.5992377112197632
COHFACE_s20_session3_natural,47,166,52.53333333333333,0.6145728230476379,-0.4527774199015287
COHFACE_s20_session3_natural,47,167,52.56666666666667,0.4867803454399109,-0.26037145133596307
COHFACE_s20_session3_natural,47,168,52.6,0.3351173400878906,-0.06243875076187351
COHFACE_s20_session3_natural,47,169,52.63333333333333,0.14864079654216766,0.10771762847990653
COHFACE_s20_session3_natural,47,170,52.666666666666664,-0.06765125691890717,0.23010191637776112
COHFACE_s20_session3_natural,47,171,52.7,-0.2751246392726898,0.29876322369950487
COHFACE_s20_session3_natural,47,172,52.733333333333334,-0.4926517903804779,0.3191606393770224
COHFACE_s20_session3_natural,47,173,52.766666666666666,-0.6937767267227173,0.30405415416108855
COHFACE_s20_session3_natural,47,174,52.8,-0.8273906707763672,0.26899500118998404
COHFACE_s20_session3_natural,47,175,52.833333333333336,-0.916293740272522,0.22807781748669173
COHFACE_s20_session3_natural,47,176,52.86666666666667,-1.001680850982666,0.190780564181508
COHFACE_s20_session3_natural,47,177,52.9,-1.0811312198638916,0.1608007306277891
COHFACE_s20_session3_natural,47,178,52.93333333333333,-1.148535132408142,0.1371828502257561
COHFACE_s20_session3_natural,47,179,52.96666666666667,-1.150058388710022,0.11699703892493202
COHFACE_s20_session3_natural,47,180,53.0,-0.827736496925354,0.09809868629329394
COHFACE_s20_session3_natural,47,181,53.03333333333333,-0.04784012585878372,0.08062543058697734
COHFACE_s20_session3_natural,47,182,53.06666666666667,0.7530942559242249,0.0668354681679351
COHFACE_s20_session3_natural,47,183,53.1,1.2636466026306152,0.05985259586922786
COHFACE_s20_session3_natural,47,184,53.13333333333333,1.5236120223999023,0.06212089964859916
COHFACE_s20_session3_natural,47,185,53.166666666666664,1.602173089981079,0.07402453415202082
COHFACE_s20_session3_natural,47,186,53.2,1.5177576541900635,0.09277969980919706
COHFACE_s20_session3_natural,47,187,53.233333333333334,1.2679448127746582,0.11178312323514367
COHFACE_s20_session3_natural,47,188,53.266666666666666,0.9496986865997314,0.12103463624742629
COHFACE_s20_session3_natural,47,189,53.3,0.6819849610328674,0.10935700063631978
COHFACE_s20_session3_natural,47,190,53.333333333333336,0.49004101753234863,0.06838744443313893
COHFACE_s20_session3_natural,47,191,53.36666666666667,0.32448717951774597,-0.002932065715955165
COHFACE_s20_session3_natural,47,192,53.4,0.1449107676744461,-0.09553657415911292
COHFACE_s20_session3_natural,47,193,53.43333333333333,-0.07169417291879654,-0.1910690632441507
COHFACE_s20_session3_natural,47,194,53.46666666666667,-0.2957673966884613,-0.26683507164383974
COHFACE_s20_session3_natural,47,195,53.5,-0.5182185173034668,-0.30311253185218123
COHFACE_s20_session3_natural,47,196,53.53333333333333,-0.714345395565033,-0.28937096956495134
COHFACE_s20_session3_natural,47,197,53.56666666666667,-0.8630276322364807,-0.22652358825552024
COHFACE_s20_session3_natural,47,198,53.6,-0.9642652869224548,-0.12525000116142912
COHFACE_s20_session3_natural,47,199,53.63333333333333,-1.0444978475570679,-0.0028342692234421835
COHFACE_s20_session3_natural,47,200,53.666666666666664,-1.1254385709762573,0.11951122593211695
COHFACE_s20_session3_natural,47,201,53.7,-1.2115339040756226,0.21888900527668628
COHFACE_s20_session3_natural,47,202,53.733333333333334,-1.2705061435699463,0.27366817402487775
COHFACE_s20_session3_natural,47,203,53.766666666666666,-1.1667242050170898,0.26779715197021886
COHFACE_s20_session3_natural,47,204,53.8,-0.6001308560371399,0.19577823684660373
COHFACE_s20_session3_natural,47,205,53.833333333333336,0.2802785634994507,0.0664219206920807
COHFACE_s20_session3_natural,47,206,53.86666666666667,0.9944919347763062,-0.09671657464866745
COHFACE_s20_session3_natural,47,207,53.9,1.4191960096359253,-0.25944840436418215
COHFACE_s20_session3_natural,47,208,53.93333333333333,1.6480203866958618,-0.38523127262819773
COHFACE_s20_session3_natural,47,209,53.96666666666667,1.7199859619140625,-0.44534515016085413
COHFACE_s20_session3_natural,47,210,54.0,1.6036964654922485,-0.4272804208580243
COHFACE_s20_session3_natural,47,211,54.03333333333333,1.3196381330490112,-0.33788435406423295
COHFACE_s20_session3_natural,47,212,54.06666666666667,0.9949448108673096,-0.20005334374213052
COHFACE_s20_session3_natural,47,213,54.1,0.7415912747383118,-0.04467215817297723
COHFACE_s20_session3_natural,47,214,54.13333333333333,0.5622124671936035,0.09867649354651484
COHFACE_s20_session3_natural,47,215,54.166666666666664,0.3865390121936798,0.20872638702639426
COHFACE_s20_session3_natural,47,216,54.2,0.1776164174079895,0.2753291777803258
COHFACE_s20_session3_natural,47,217,54.233333333333334,-0.06725601851940155,0.2982227912616999
COHFACE_s20_session3_natural,47,218,54.266666666666666,-0.3046766519546509,0.2835244335616069
COHFACE_s20_session3_natural,47,219,54.3,-0.5297544598579407,0.24017828381710898
COHFACE_s20_session3_natural,47,220,54.333333333333336,-0.7350622415542603,0.17793771760053112
COHFACE_s20_session3_natural,47,221,54.36666666666667,-0.8847326040267944,0.10707650005738445
COHFACE_s20_session3_natural,47,222,54.4,-1.0067529678344727,0.03866041714272348
COHFACE_s20_session3_natural,47,223,54.43333333333333,-1.1141496896743774,-0.016149661979863127
COHFACE_s20_session3_natural,47,224,54.46666666666667,-1.1999403238296509,-0.0482936868840384
COHFACE_s20_session3_natural,47,225,54.5,-1.2759571075439453,-0.053570076011953384
COHFACE_s20_session3_natural,47,226,54.53333333333333,-1.333167314529419,-0.0342979191486813
COHFACE_s20_session3_natural,47,227,54.56666666666667,-1.157732605934143,0.0012458794468183897
COHFACE_s20_session3_natural,47,228,54.6,-0.45179444551467896,0.041372884945051425
COHFACE_s20_session3_natural,47,229,54.63333333333333,0.44798147678375244,0.07420838177345326
COHFACE_s20_session3_natural,47,230,54.666666666666664,1.094914436340332,0.09037170070752781
COHFACE_s20_session3_natural,47,231,54.7,1.4475294351577759,0.08469930396473635
COHFACE_s20_session3_natural,47,232,54.733333333333334,1.6074758768081665,0.0572206362543386
COHFACE_s20_session3_natural,47,233,54.766666666666666,1.6088838577270508,0.013529006208238516
COHFACE_s20_session3_natural,47,234,54.8,1.420406460762024,-0.0358767570348138
COHFACE_s20_session3_natural,47,235,54.833333333333336,1.100760579109192,-0.07790869678196072
COHFACE_s20_session3_natural,47,236,54.86666666666667,0.813927412033081,-0.10075550686046651
COHFACE_s20_session3_natural,47,237,54.9,0.6211435794830322,-0.09805039646995764
COHFACE_s20_session3_natural,47,238,54.93333333333333,0.47425633668899536,-0.07151334910612583
COHFACE_s20_session3_natural,47,239,54.96666666666667,0.3000485301017761,-0.030711585785198052
COHFACE_s20_session3_natural,48,0,48.0,-0.9176523685455322,-0.02612760060948924
COHFACE_s20_session3_natural,48,1,48.03333333333333,-1.0204379558563232,2.5030750340349943
COHFACE_s20_session3_natural,48,2,48.06666666666667,-1.0854705572128296,4.641431732312981
COHFACE_s20_session3_natural,48,3,48.1,-1.1718127727508545,6.093509179876372
COHFACE_s20_session3_natural,48,4,48.13333333333333,-1.2635812759399414,6.727785690278769
COHFACE_s20_session3_natural,48,5,48.166666666666664,-1.335530400276184,6.593957562779213
COHFACE_s20_session3_natural,48,6,48.2,-1.314121961593628,5.8831402117414315
COHFACE_s20_session3_natural,48,7,48.233333333333334,-0.8878697752952576,4.852485550526188
COHFACE_s20_session3_natural,48,8,48.266666666666666,0.08035581558942795,3.7468604277412654
COHFACE_s20_session3_natural,48,9,48.3,0.9312050342559814,2.7432055722370183
COHFACE_s20_session3_natural,48,10,48.333333333333336,1.3456001281738281,1.92887533421704
COHFACE_s20_session3_natural,48,11,48.36666666666667,1.5233403444290161,1.3113487500649919
COHFACE_s20_session3_natural,48,12,48.4,1.5428550243377686,0.8473210802139997
COHFACE_s20_session3_natural,48,13,48.43333333333333,1.3798125982284546,0.47635687177309494
COHFACE_s20_session3_natural,48,14,48.46666666666667,1.0783886909484863,0.14743632996684547
COHFACE_s20_session3_natural,48,15,48.5,0.7734570503234863,-0.16716993530513402
COHFACE_s20_session3_natural,48,16,48.53333333333333,0.5609856247901917,-0.47056140288685655
COHFACE_s20_session3_natural,48,17,48.56666666666667,0.4161815941333771,-0.7487132607464846
COHFACE_s20_session3_natural,48,18,48.6,0.269063800573349,-0.9819063340275467
COHFACE_s20_session3_natural,48,19,48.63333333333333,0.09736736118793488,-1.1555125392341126
COHFACE_s20_session3_natural,48,20,48.666666666666664,-0.09519415348768234,-1.2666840062339118
COHFACE_s20_session3_natural,48,21,48.7,-0.31143680214881897,-1.3251762622059855
COHFACE_s20_session3_natural,48,22,48.733333333333334,-0.5250115990638733,-1.3487019136340805
COHFACE_s20_session3_natural,48,23,48.766666666666666,-0.7142877578735352,-1.35526000087917
COHFACE_s20_session3_natural,48,24,48.8,-0.8702983260154724,-1.3559903959242092
COHFACE_s20_session3_natural,48,25,48.833333333333336,-0.9932820796966553,-1.3516351532354323
COHFACE_s20_session3_natural,48,26,48.86666666666667,-1.0886489152908325,-1.3337353982178333
COHFACE_s20_session3_natural,48,27,48.9,-1.16304349899292,-1.2893648958292816
COHFACE_s20_session3_natural,48,28,48.93333333333333,-1.2246094942092896,-1.206810434975929
COHFACE_s20_session3_natural,48,29,48.96666666666667,-1.2819432020187378,-1.0797754199893248
COHFACE_s20_session3_natural,48,30,49.0,-1.2721282243728638,-0.9090927122135732
COHFACE_s20_session3_natural,48,31,49.03333333333333,-0.887474536895752,-0.7024152130310093
COHFACE_s20_session3_natural,48,32,49.06666666666667,0.02671920508146286,-0.47289775744213935
COHFACE_s20_session3_natural,48,33,49.1,0.8689308762550354,-0.23756102782714272
COHFACE_s20_session3_natural,48,34,49.13333333333333,1.2801228761672974,-0.015488774597266854
COHFACE_s20_session3_natural,48,35,49.166666666666664,1.4241529703140259,0.17422565070420332
COHFACE_s20_session3_natural,48,36,49.2,1.4295709133148193,0.3146999667092823
COHFACE_s20_session3_natural,48,37,49.233333333333334,1.2752153873443604,0.3934185526521103
COHFACE_s20_session3_natural,48,38,49.266666666666666,0.9917335510253906,0.404287051863899
COHFACE_s20_session3_natural,48,39,49.3,0.7253125905990601,0.3497553119381339
COHFACE_s20_session3_natural,48,40,49.333333333333336,0.555131196975708,0.2428616665243275
COHFACE_s20_session3_natural,48,41,49.36666666666667,0.4351034462451935,0.10805887919915172
COHFACE_s20_session3_natural,48,42,49.4,0.31950560212135315,-0.02129089988807928
COHFACE_s20_session3_natural,48,43,49.43333333333333,0.17452041804790497,-0.11017816994905977
COHFACE_s20_session3_natural,48,44,49.46666666666667,-0.023508505895733833,-0.132466256486971
COHFACE_s20_session3_natural,48,45,49.5,-0.24760644137859344,-0.08011268462138467
COHFACE_s20_session3_natural,48,46,49.53333333333333,-0.466805100440979,0.03394437894877801
COHFACE_s20_session3_natural,48,47,49.56666666666667,-0.6670737266540527,0.18124470440234117
COHFACE_s20_session3_natural,48,48,49.6,-0.818794310092926,0.3286858735406826
COHFACE_s20_session3_natural,48,49,49.63333333333333,-0.9140787720680237,0.4489652214195251
COHFACE_s20_session3_natural,48,50,49.666666666666664,-0.9762787818908691,0.5262451479530345
COHFACE_s20_session3_natural,48,51,49.7,-1.0394586324691772,0.5564801804369748
COHFACE_s20_session3_natural,48,52,49.733333333333334,-1.0959030389785767,0.5444050329679294
COHFACE_s20_session3_natural,48,53,49.766666666666666,-1.1438417434692383,0.4995868090673219
COHFACE_s20_session3_natural,48,54,49.8,-1.1165046691894531,0.4330415985533354
COHFACE_s20_session3_natural,48,55,49.833333333333336,-0.7067782878875732,0.35488692513357245
COHFACE_s20_session3_natural,48,56,49.86666666666667,0.1779375523328781,0.27307873542376243
COHFACE_s20_session3_natural,48,57,49.9,0.963935375213623,0.1932261851327482
COHFACE_s20_session3_natural,48,58,49.93333333333333,1.3738923072814941,0.1192603550535405
COHFACE_s20_session3_natural,48,59,49.96666666666667,1.5561941862106323,0.0543321292811609
COHFACE_s20_session3_natural,48,60,50.0,1.6111071109771729,0.0011040199860302032
COHFACE_s20_session3_natural,48,61,50.03333333333333,1.512940764427185,-0.038950991326773446
COHFACE_s20_session3_natural,48,62,50.06666666666667,1.265482783317566,-0.06660076024289535
COHFACE_s20_session3_natural,48,63,50.1,0.9836723804473877,-0.08504598694985221
COHFACE_s20_session3_natural,48,64,50.13333333333333,0.7708551287651062,-0.09870656047213822
COHFACE_s20_session3_natural,48,65,50.166666666666664,0.6264380812644958,-0.1112884846067171
COHFACE_s20_session3_natural,48,66,50.2,0.49284058809280396,-0.1244634626552547
COHFACE_s20_session3_natural,48,67,50.233333333333334,0.31957146525382996,-0.1380324656912987
COHFACE_s20_session3_natural,48,68,50.266666666666666,0.09663452953100204,-0.1512149668012185
COHFACE_s20_session3_natural,48,69,50.3,-0.1549239605665207,-0.16378884598606314
COHFACE_s20_session3_natural,48,70,50.333333333333336,-0.3914553225040436,-0.1760371785558728
COHFACE_s20_session3_natural,48,71,50.36666666666667,-0.594012975692749,-0.18753129737559696
COHFACE_s20_session3_natural,48,72,50.4,-0.7599291205406189,-0.1957745499591152
COHFACE_s20_session3_natural,48,73,50.43333333333333,-0.8870381712913513,-0.1958745663424
COHFACE_s20_session3_natural,48,74,50.46666666666667,-0.9831953644752502,-0.18159006843263512
COHFACE_s20_session3_natural,48,75,50.5,-1.0683355331420898,-0.14711353284929235
COHFACE_s20_session3_natural,48,76,50.53333333333333,-1.1514829397201538,-0.08868730713830902
COHFACE_s20_session3_natural,48,77,50.56666666666667,-1.2209700345993042,-0.005714429261226066
COHFACE_s20_session3_natural,48,78,50.6,-1.150544285774231,0.09818092901390435
COHFACE_s20_session3_natural,48,79,50.63333333333333,-0.6351420283317566,0.21360873573779648
COHFACE_s20_session3_natural,48,80,50.666666666666664,0.2756675183773041,0.32385916417860333
COHFACE_s20_session3_natural,48,81,50.7,1.0094860792160034,0.40503203921948483
COHFACE_s20_session3_natural,48,82,50.733333333333334,1.4253880977630615,0.42971921533067153
COHFACE_s20_session3_natural,48,83,50.766666666666666,1.6505317687988281,0.374696446784893
COHFACE_s20_session3_natural,48,84,50.8,1.7078901529312134,0.23061361578825076
COHFACE_s20_session3_natural,48,85,50.833333333333336,1.5712131261825562,0.009751499813059044
COHFACE_s20_session3_natural,48,86,50.86666666666667,1.2834495306015015,-0.25210076880107246
COHFACE_s20_session3_natural,48,87,50.9,0.9808563590049744,-0.5018303377818754
COHFACE_s20_session3_natural,48,88,50.93333333333333,0.7606860399246216,-0.6826802388180266
COHFACE_s20_session3_natural,48,89,50.96666666666667,0.5930984020233154,-0.7515935383830642
COHFACE_s20_session3_natural,48,90,51.0,0.4172520041465759,-0.6936618556539654
COHFACE_s20_session3_natural,48,91,51.03333333333333,0.22091929614543915,-0.527176956304179
COHFACE_s20_session3_natural,48,92,51.06666666666667,0.002091158414259553,-0.2967118318717878
COHFACE_s20_session3_natural,48,93,51.1,-0.22628848254680634,-0.05727956330743787
COHFACE_s20_session3_natural,48,94,51.13333333333333,-0.4572536051273346,0.14342662128552097
COHFACE_s20_session3_natural,48,95,51.166666666666664,-0.6668019890785217,0.2774570540709571
COHFACE_s20_session3_natural,48,96,51.2,-0.8150643110275269,0.33980295870595856
COHFACE_s20_session3_natural,48,97,51.233333333333334,-0.8997597694396973,0.34315932321635767
COHFACE_s20_session3_natural,48,98,51.266666666666666,-0.9739485383033752,0.30836023816939345
COHFACE_s20_session3_natural,48,99,51.3,-1.0624563694000244,0.2553484842143176
COHFACE_s20_session3_natural,48,100,51.333333333333336,-1.1575514078140259,0.19800046507837893
COHFACE_s20_session3_natural,48,101,51.36666666666667,-1.2339799404144287,0.14348938671814063
COHFACE_s20_session3_natural,48,102,51.4,-1.1579054594039917,0.09460178568694966
COHFACE_s20_session3_natural,48,103,51.43333333333333,-0.6254505515098572,0.0525854206824724
COHFACE_s20_session3_natural,48,104,51.46666666666667,0.2601957321166992,0.01885151623459589
COHFACE_s20_session3_natural,48,105,51.5,0.9593407511711121,-0.0047492796053544865
COHFACE_s20_session3_natural,48,106,51.53333333333333,1.3625952005386353,-0.01643506818745583
COHFACE_s20_session3_natural,48,107,51.56666666666667,1.5740044116973877,-0.015096575994858861
COHFACE_s20_session3_natural,48,108,51.6,1.6164180040359497,-0.0008335018944777245
COHFACE_s20_session3_natural,48,109,51.63333333333333,1.4691685438156128,0.024360027808620698
COHFACE_s20_session3_natural,48,110,51.666666666666664,1.175402283668518,0.05579980480006852
COHFACE_s20_session3_natural,48,111,51.7,0.8812078833580017,0.08586627510748523
COHFACE_s20_session3_natural,48,112,51.733333333333334,0.6851056814193726,0.10525133864277232
COHFACE_s20_session3_natural,48,113,51.766666666666666,0.549367368221283,0.1059513300879929
COHFACE_s20_session3_natural,48,114,51.8,0.40618544816970825,0.08478002344316905
COHFACE_s20_session3_natural,48,115,51.833333333333336,0.2337973564863205,0.04528519659151423
COHFACE_s20_session3_natural,48,116,51.86666666666667,0.02671097032725811,-0.003244131976252302
COHFACE_s20_session3_natural,48,117,51.9,-0.20363660156726837,-0.04907465899012707
COHFACE_s20_session3_natural,48,118,51.93333333333333,-0.42529726028442383,-0.08151333499171026
COHFACE_s20_session3_natural,48,119,51.96666666666667,-0.6138488054275513,-0.09270043484058424
COHFACE_s20_session3_natural,48,120,52.0,-0.754124104976654,-0.07776556323305624
COHFACE_s20_session3_natural,48,121,52.03333333333333,-0.8573708534240723,-0.03491420657802455
COHFACE_s20_session3_natural,48,122,52.06666666666667,-0.9420992136001587,0.03356364527525009
COHFACE_s20_session3_natural,48,123,52.1,-1.014163613319397,0.1199427031830007
COHFACE_s20_session3_natural,48,124,52.13333333333333,-1.0808100700378418,0.21064338548538175
COHFACE_s20_session3_natural,48,125,52.166666666666664,-1.120827555656433,0.2874746104466735
COHFACE_s20_session3_natural,48,126,52.2,-0.9912153482437134,0.3302709117211569
COHFACE_s20_session3_natural,48,127,52.233333333333334,-0.4108382761478424,0.3202949636398268
COHFACE_s20_session3_natural,48,128,52.266666666666666,0.43865230679512024,0.24434738466416267
COHFACE_s20_session3_natural,48,129,52.3,1.0756138563156128,0.09978667048390887
COHFACE_s20_session3_natural,48,130,52.333333333333336,1.4027032852172852,-0.1004759924190235
COHFACE_s20_session3_natural,48,131,52.36666666666667,1.5405577421188354,-0.32577554880411635
COHFACE_s20_session3_natural,48,132,52.4,1.522574543952942,-0.5317362599602714
COHFACE_s20_session3_natural,48,133,52.43333333333333,1.321474313735962,-0.6717424724602737
COHFACE_s20_session3_natural,48,134,52.46666666666667,1.0250238180160522,-0.7121908659722663
COHFACE_s20_session3_natural,48,135,52.5,0.7709868550300598,-0.6443599284903451
COHFACE_s20_session3_natural,48,136,52.53333333333333,0.6145728230476379,-0.48693843911991097
COHFACE_s20_session3_natural,48,137,52.56666666666667,0.4867803454399109,-0.27828301442881115
COHFACE_s20_session3_natural,48,138,52.6,0.3351173400878906,-0.06281549678140877
COHFACE_s20_session3_natural,48,139,52.63333333333333,0.14864079654216766,0.12182609450656445
COHFACE_s20_session3_natural,48,140,52.666666666666664,-0.06765125691890717,0.2523488718690961
COHFACE_s20_session3_natural,48,141,52.7,-0.2751246392726898,0.3213780029063196
COHFACE_s20_session3_natural,48,142,52.733333333333334,-0.4926517903804779,0.3347757117062132
COHFACE_s20_session3_natural,48,143,52.766666666666666,-0.6937767267227173,0.3068778819048791
COHFACE_s20_session3_natural,48,144,52.8,-0.8273906707763672,0.2552518549113364
COHFACE_s20_session3_natural,48,145,52.833333333333336,-0.916293740272522,0.19599986300732206
COHFACE_s20_session3_natural,48,146,52.86666666666667,-1.001680850982666,0.1404669911871339
COHFACE_s20_session3_natural,48,147,52.9,-1.0811312198638916,0.0940572725885215
COHFACE_s20_session3_natural,48,148,52.93333333333333,-1.148535132408142,0.05723785905971643
COHFACE_s20_session3_natural,48,149,52.96666666666667,-1.150058388710022,0.02796193299921403
COHFACE_s20_session3_natural,48,150,53.0,-0.827736496925354,0.004228007309433245
COHFACE_s20_session3_natural,48,151,53.03333333333333,-0.04784012585878372,-0.014349653520417427
COHFACE_s20_session3_natural,48,152,53.06666666666667,0.7530942559242249,-0.026353901009739056
COHFACE_s20_session3_natural,48,153,53.1,1.2636466026306152,-0.02942610320464166
COHFACE_s20_session3_natural,48,154,53.13333333333333,1.5236120223999023,-0.0216062756280226
COHFACE_s20_session3_natural,48,155,53.166666666666664,1.602173089981079,-0.0027343288931805866
COHFACE_s20_session3_natural,48,156,53.2,1.5177576541900635,0.024361825694543274
COHFACE_s20_session3_natural,48,157,53.233333333333334,1.2679448127746582,0.05329527923916826
COHFACE_s20_session3_natural,48,158,53.266666666666666,0.9496986865997314,0.07484163945777816
COHFACE_s20_session3_natural,48,159,53.3,0.6819849610328674,0.07943385402393499
COHFACE_s20_session3_natural,48,160,53.333333333333336,0.49004101753234863,0.06094110361505584
COHFACE_s20_session3_natural,48,161,53.36666666666667,0.32448717951774597,0.020153526043613125
COHFACE_s20_session3_natural,48,162,53.4,0.1449107676744461,-0.033917351731011604
COHFACE_s20_session3_natural,48,163,53.43333333333333,-0.07169417291879654,-0.0860553650000114
COHFACE_s20_session3_natural,48,164,53.46666666666667,-0.2957673966884613,-0.11976162619303675
COHFACE_s20_session3_natural,48,165,53.5,-0.5182185173034668,-0.12297624629491462
COHFACE_s20_session3_natural,48,166,53.53333333333333,-0.714345395565033,-0.09166203508862983
COHFACE_s20_session3_natural,48,167,53.56666666666667,-0.8630276322364807,-0.029549060002724628
COHFACE_s20_session3_natural,48,168,53.6,-0.9642652869224548,0.054665352504525526
COHFACE_s20_session3_natural,48,169,53.63333333333333,-1.0444978475570679,0.14958038158101114
COHFACE_s20_session3_natural,48,170,53.666666666666664,-1.1254385709762573,0.24125729621237227
COHFACE_s20_session3_natural,48,171,53.7,-1.2115339040756226,0.3125729598410336
COHFACE_s20_session3_natural,48,172,53.733333333333334,-1.2705061435699463,0.34422313930400045
COHFACE_s20_session3_natural,48,173,53.766666666666666,-1.1667242050170898,0.3187591618846375
COHFACE_s20_session3_natural,48,174,53.8,-0.6001308560371399,0.2268554560863457
COHFACE_s20_session3_natural,48,175,53.833333333333336,0.2802785634994507,0.0732214290972416
COHFACE_s20_session3_natural,48,176,53.86666666666667,0.9944919347763062,-0.120776132583455
COHFACE_s20_session3_natural,48,177,53.9,1.4191960096359253,-0.31969653187598984
COHFACE_s20_session3_natural,48,178,53.93333333333333,1.6480203866958618,-0.48196115805853357
COHFACE_s20_session3_natural,48,179,53.96666666666667,1.7199859619140625,-0.5712203947290585
COHFACE_s20_session3_natural,48,180,54.0,1.6036964654922485,-0.5674336190184988
COHFACE_s20_session3_natural,48,181,54.03333333333333,1.3196381330490112,-0.4733516058250213
COHFACE_s20_session3_natural,48,182,54.06666666666667,0.9949448108673096,-0.3134126637482706
COHFACE_s20_session3_natural,48,183,54.1,0.7415912747383118,-0.12518585536382165
COHFACE_s20_session3_natural,48,184,54.13333333333333,0.5622124671936035,0.052888984329058246
COHFACE_s20_session3_natural,48,185,54.166666666666664,0.3865390121936798,0.19203344063486968
COHFACE_s20_session3_natural,48,186,54.2,0.1776164174079895,0.27811302400034926
COHFACE_s20_session3_natural,48,187,54.233333333333334,-0.06725601851940155,0.3105828885668033
COHFACE_s20_session3_natural,48,188,54.266666666666666,-0.3046766519546509,0.2975646362965966
COHFACE_s20_session3_natural,48,189,54.3,-0.5297544598579407,0.2502787210289211
COHFACE_s20_session3_natural,48,190,54.333333333333336,-0.7350622415542603,0.17958405523639773
COHFACE_s20_session3_natural,48,191,54.36666666666667,-0.8847326040267944,0.09558048622989518
COHFACE_s20_session3_natural,48,192,54.4,-1.0067529678344727,0.008920737271599593
COHFACE_s20_session3_natural,48,193,54.43333333333333,-1.1141496896743774,-0.06863564744542167
COHFACE_s20_session3_natural,48,194,54.46666666666667,-1.1999403238296509,-0.12583425781637544
COHFACE_s20_session3_natural,48,195,54.5,-1.2759571075439453,-0.15499890255180754
COHFACE_s20_session3_natural,48,196,54.53333333333333,-1.333167314529419,-0.1545273951514552
COHFACE_s20_session3_natural,48,197,54.56666666666667,-1.157732605934143,-0.12911014390841147
COHFACE_s20_session3_natural,48,198,54.6,-0.45179444551467896,-0.08761393598410071
COHFACE_s20_session3_natural,48,199,54.63333333333333,0.44798147678375244,-0.040053609537699
COHFACE_s20_session3_natural,48,200,54.666666666666664,1.094914436340332,0.0048141146679675
COHFACE_s20_session3_natural,48,201,54.7,1.4475294351577759,0.040709724108119204
COHFACE_s20_session3_natural,48,202,54.733333333333334,1.6074758768081665,0.06427819755903408
COHFACE_s20_session3_natural,48,203,54.766666666666666,1.6088838577270508,0.07532653241802828
COHFACE_s20_session3_natural,48,204,54.8,1.420406460762024,0.07672016043380217
COHFACE_s20_session3_natural,48,205,54.833333333333336,1.100760579109192,0.07335885985457852
COHFACE_s20_session3_natural,48,206,54.86666666666667,0.813927412033081,0.07026160917668767
COHFACE_s20_session3_natural,48,207,54.9,0.6211435794830322,0.07074585104123682
COHFACE_s20_session3_natural,48,208,54.93333333333333,0.47425633668899536,0.07585551684975142
COHFACE_s20_session3_natural,48,209,54.96666666666667,0.3000485301017761,0.08530117791835913
COHFACE_s20_session3_natural,48,210,55.0,0.09735912829637527,0.09887362452445018
COHFACE_s20_session3_natural,48,211,55.03333333333333,-0.12998302280902863,0.11683542250430283
COHFACE_s20_session3_natural,48,212,55.06666666666667,-0.33863386511802673,0.13879573261863917
COHFACE_s20_session3_natural,48,213,55.1,-0.5226649045944214,0.16199800287997038
COHFACE_s20_session3_natural,48,214,55.13333333333333,-0.7077499032020569,0.18044332120155382
COHFACE_s20_session3_natural,48,215,55.166666666666664,-0.8603845238685608,0.18560822789445222
COHFACE_s20_session3_natural,48,216,55.2,-0.9513707756996155,0.16838028805855115
COHFACE_s20_session3_natural,48,217,55.233333333333334,-1.020775556564331,0.12125028250984037
COHFACE_s20_session3_natural,48,218,55.266666666666666,-1.0903698205947876,0.04025536816281434
COHFACE_s20_session3_natural,48,219,55.3,-1.1631423234939575,-0.07302844943658812
COHFACE_s20_session3_natural,48,220,55.333333333333336,-1.1619977951049805,-0.20910676908238007
COHFACE_s20_session3_natural,48,221,55.36666666666667,-0.8017004132270813,-0.3487788384307932
COHFACE_s20_session3_natural,48,222,55.4,0.005689438432455063,-0.4646672263346507
COHFACE_s20_session3_natural,48,223,55.43333333333333,0.7722713351249695,-0.5281969059642139
COHFACE_s20_session3_natural,48,224,55.46666666666667,1.2133694887161255,-0.520166051215151
COHFACE_s20_session3_natural,48,225,55.5,1.4065732955932617,-0.4392398822189576
COHFACE_s20_session3_natural,48,226,55.53333333333333,1.4473812580108643,-0.30303979784448287
COHFACE_s20_session3_natural,48,227,55.56666666666667,1.313899040222168,-0.1408980574921877
COHFACE_s20_session3_natural,48,228,55.6,1.0128209590911865,0.01737640534011332
COHFACE_s20_session3_natural,48,229,55.63333333333333,0.7005939483642578,0.15031199706518145
COHFACE_s20_session3_natural,48,230,55.666666666666664,0.4939110279083252,0.24758335950829571
COHFACE_s20_session3_natural,48,231,55.7,0.36434000730514526,0.3078095626501837
COHFACE_s20_session3_natural,48,232,55.733333333333334,0.23578999936580658,0.33465906906860415
COHFACE_s20_session3_natural,48,233,55.766666666666666,0.06867992877960205,0.333951263455325
COHFACE_s20_session3_natural,48,234,55.8,-0.13308726251125336,0.3124125412717234
COHFACE_s20_session3_natural,48,235,55.833333333333336,-0.3664237856864929,0.2771510046391987
COHFACE_s20_session3_natural,48,236,55.86666666666667,-0.6003119945526123,0.2348018680544049
COHFACE_s20_session3_natural,48,237,55.9,-0.7786533236503601,0.1902000560132206
COHFACE_s20_session3_natural,48,238,55.93333333333333,-0.893790066242218,0.14527081090414873
COHFACE_s20_session3_natural,48,239,55.96666666666667,-0.9844469428062439,0.09899561036085627
COHFACE_s20_session3_natural,49,0,49.0,-1.2721282243728638,0.01832197321608386
COHFACE_s20_session3_natural,49,1,49.03333333333333,-0.887474536895752,2.5568195844494315
COHFACE_s20_session3_natural,49,2,49.06666666666667,0.02671920508146286,4.711442025761568
COHFACE_s20_session3_natural,49,3,49.1,0.8689308762550354,6.1903334055690244
COHFACE_s20_session3_natural,49,4,49.13333333333333,1.2801228761672974,6.858808132267997
COHFACE_s20_session3_natural,49,5,49.166666666666664,1.4241529703140259,6.756078126590622
COHFACE_s20_session3_natural,49,6,49.2,1.4295709133148193,6.057555938506221
COHFACE_s20_session3_natural,49,7,49.233333333333334,1.2752153873443604,5.004028815611472
COHFACE_s20_session3_natural,49,8,49.266666666666666,0.9917335510253906,3.8292569515774035
COHFACE_s20_session3_natural,49,9,49.3,0.7253125905990601,2.7098587633333775
COHFACE_s20_session3_natural,49,10,49.333333333333336,0.555131196975708,1.7468218648909222
COHFACE_s20_session3_natural,49,11,49.36666666666667,0.4351034462451935,0.9743667314154689
COHFACE_s20_session3_natural,49,12,49.4,0.31950560212135315,0.38334271844325185
COHFACE_s20_session3_natural,49,13,49.43333333333333,0.17452041804790497,-0.05494850103662395
COHFACE_s20_session3_natural,49,14,49.46666666666667,-0.023508505895733833,-0.3733641147911717
COHFACE_s20_session3_natural,49,15,49.5,-0.24760644137859344,-0.6029527716483364
COHFACE_s20_session3_natural,49,16,49.53333333333333,-0.466805100440979,-0.7716590698512683
COHFACE_s20_session3_natural,49,17,49.56666666666667,-0.6670737266540527,-0.9025649620598905
COHFACE_s20_session3_natural,49,18,49.6,-0.818794310092926,-1.0108563239410309
COHFACE_s20_session3_natural,49,19,49.63333333333333,-0.9140787720680237,-1.1024183771103686
COHFACE_s20_session3_natural,49,20,49.666666666666664,-0.9762787818908691,-1.1759735454588223
COHFACE_s20_session3_natural,49,21,49.7,-1.0394586324691772,-1.2274093063776828
COHFACE_s20_session3_natural,49,22,49.733333333333334,-1.0959030389785767,-1.2535959389361981
COHFACE_s20_session3_natural,49,23,49.766666666666666,-1.1438417434692383,-1.2540691207758312
COHFACE_s20_session3_natural,49,24,49.8,-1.1165046691894531,-1.2307511240186422
COHFACE_s20_session3_natural,49,25,49.833333333333336,-0.7067782878875732,-1.1868967562290456
COHFACE_s20_session3_natural,49,26,49.86666666666667,0.1779375523328781,-1.1261490907405336
COHFACE_s20_session3_natural,49,27,49.9,0.963935375213623,-1.051785355635599
COHFACE_s20_session3_natural,49,28,49.93333333333333,1.3738923072814941,-0.9659629416319704
COHFACE_s20_session3_natural,49,29,49.96666666666667,1.5561941862106323,-0.8691308176708412
COHFACE_s20_session3_natural,49,30,50.0,1.6111071109771729,-0.7601878533608227
COHFACE_s20_session3_natural,49,31,50.03333333333333,1.512940764427185,-0.6377980775945697
COHFACE_s20_session3_natural,49,32,50.06666666666667,1.265482783317566,-0.5023976852409537
COHFACE_s20_session3_natural,49,33,50.1,0.9836723804473877,-0.3576631120865018
COHFACE_s20_session3_natural,49,34,50.13333333333333,0.7708551287651062,-0.21039088175827508
COHFACE_s20_session3_natural,49,35,50.166666666666664,0.6264380812644958,-0.06879702248745234
COHFACE_s20_session3_natural,49,36,50.2,0.49284058809280396,0.05960531262462221
COHFACE_s20_session3_natural,49,37,50.233333333333334,0.31957146525382996,0.16916033038255035
COHFACE_s20_session3_natural,49,38,50.266666666666666,0.09663452953100204,0.2558924225883126
COHFACE_s20_session3_natural,49,39,50.3,-0.1549239605665207,0.3169278762431292
COHFACE_s20_session3_natural,49,40,50.333333333333336,-0.3914553225040436,0.3507833526802294
COHFACE_s20_session3_natural,49,41,50.36666666666667,-0.594012975692749,0.3588922217747634
COHFACE_s20_session3_natural,49,42,50.4,-0.7599291205406189,0.34731281347813403
COHFACE_s20_session3_natural,49,43,50.43333333333333,-0.8870381712913513,0.32693574164215955
COHFACE_s20_session3_natural,49,44,50.46666666666667,-0.9831953644752502,0.3114090819088481
COHFACE_s20_session3_natural,49,45,50.5,-1.0683355331420898,0.31356027486753124
COHFACE_s20_session3_natural,49,46,50.53333333333333,-1.1514829397201538,0.3419447346720129
COHFACE_s20_session3_natural,49,47,50.56666666666667,-1.2209700345993042,0.39872226548162976
COHFACE_s20_session3_natural,49,48,50.6,-1.150544285774231,0.47881951814067036
COHFACE_s20_session3_natural,49,49,50.63333333333333,-0.6351420283317566,0.5696137220323358
COHFACE_s20_session3_natural,49,50,50.666666666666664,0.2756675183773041,0.6510110080874136
COHFACE_s20_session3_natural,49,51,50.7,1.0094860792160034,0.6969878717025433
COHFACE_s20_session3_natural,49,52,50.733333333333334,1.4253880977630615,0.6800303610509248
COHFACE_s20_session3_natural,49,53,50.766666666666666,1.6505317687988281,0.5787868571412316
COHFACE_s20_session3_natural,49,54,50.8,1.7078901529312134,0.38708651332468136
COHFACE_s20_session3_natural,49,55,50.833333333333336,1.5712131261825562,0.12074333866770769
COHFACE_s20_session3_natural,49,56,50.86666666666667,1.2834495306015015,-0.1814454783821182
COHFACE_s20_session3_natural,49,57,50.9,0.9808563590049744,-0.4644676982791319
COHFACE_s20_session3_natural,49,58,50.93333333333333,0.7606860399246216,-0.6710148297539666
COHFACE_s20_session3_natural,49,59,50.96666666666667,0.5930984020233154,-0.7588360363442519
COHFACE_s20_session3_natural,49,60,51.0,0.4172520041465759,-0.7151495302598213
COHFACE_s20_session3_natural,49,61,51.03333333333333,0.22091929614543915,-0.5615852427186676
COHFACE_s20_session3_natural,49,62,51.06666666666667,0.002091158414259553,-0.3466885488667674
COHFACE_s20_session3_natural,49,63,51.1,-0.22628848254680634,-0.12876103620340137
COHFACE_s20_session3_natural,49,64,51.13333333333333,-0.4572536051273346,0.043401714987722516
COHFACE_s20_session3_natural,49,65,51.166666666666664,-0.6668019890785217,0.14358787372625548
COHFACE_s20_session3_natural,49,66,51.2,-0.8150643110275269,0.17081800181642487
COHFACE_s20_session3_natural,49,67,51.233333333333334,-0.8997597694396973,0.1429520542611649
COHFACE_s20_session3_natural,49,68,51.266666666666666,-0.9739485383033752,0.08606663109400534
COHFACE_s20_session3_natural,49,69,51.3,-1.0624563694000244,0.02463886453032106
COHFACE_s20_session3_natural,49,70,51.333333333333336,-1.1575514078140259,-0.024372577411919373
COHFACE_s20_session3_natural,49,71,51.36666666666667,-1.2339799404144287,-0.053027084680208364
COHFACE_s20_session3_natural,49,72,51.4,-1.1579054594039917,-0.060818703824213755
COHFACE_s20_session3_natural,49,73,51.43333333333333,-0.6254505515098572,-0.05192048802125129
COHFACE_s20_session3_natural,49,74,51.46666666666667,0.2601957321166992,-0.03264087730560917
COHFACE_s20_session3_natural,49,75,51.5,0.9593407511711121,-0.009527676349474377
COHFACE_s20_session3_natural,49,76,51.53333333333333,1.3625952005386353,0.012079244965491532
COHFACE_s20_session3_natural,49,77,51.56666666666667,1.5740044116973877,0.029189365752915978
COHFACE_s20_session3_natural,49,78,51.6,1.6164180040359497,0.04161493974759323
COHFACE_s20_session3_natural,49,79,51.63333333333333,1.4691685438156128,0.05117198736776314
COHFACE_s20_session3_natural,49,80,51.666666666666664,1.175402283668518,0.05973504809166749
COHFACE_s20_session3_natural,49,81,51.7,0.8812078833580017,0.06721586107016557
COHFACE_s20_session3_natural,49,82,51.733333333333334,0.6851056814193726,0.07087081876797387
COHFACE_s20_session3_natural,49,83,51.766666666666666,0.549367368221283,0.06663145717104364
COHFACE_s20_session3_natural,49,84,51.8,0.40618544816970825,0.05175153530821434
COHFACE_s20_session3_natural,49,85,51.833333333333336,0.2337973564863205,0.027069381213632934
COHFACE_s20_session3_natural,49,86,51.86666666666667,0.02671097032725811,-0.0025383528858687696
COHFACE_s20_session3_natural,49,87,51.9,-0.20363660156726837,-0.029642307159364365
COHFACE_s20_session3_natural,49,88,51.93333333333333,-0.42529726028442383,-0.046518203520019355
COHFACE_s20_session3_natural,49,89,51.96666666666667,-0.6138488054275513,-0.04681361157360753
COHFACE_s20_session3_natural,49,90,52.0,-0.754124104976654,-0.02634937982839795
COHFACE_s20_session3_natural,49,91,52.03333333333333,-0.8573708534240723,0.016235197767343813
COHFACE_s20_session3_natural,49,92,52.06666666666667,-0.9420992136001587,0.07857771277430714
COHFACE_s20_session3_natural,49,93,52.1,-1.014163613319397,0.15384922552827054
COHFACE_s20_session3_natural,49,94,52.13333333333333,-1.0808100700378418,0.23078529392401453
COHFACE_s20_session3_natural,49,95,52.166666666666664,-1.120827555656433,0.2946458645471239
COHFACE_s20_session3_natural,49,96,52.2,-0.9912153482437134,0.32882552441094126
COHFACE_s20_session3_natural,49,97,52.233333333333334,-0.4108382761478424,0.31700098252353426
COHFACE_s20_session3_natural,49,98,52.266666666666666,0.43865230679512024,0.24634284347378504
COHFACE_s20_session3_natural,49,99,52.3,1.0756138563156128,0.11232849444948999
COHFACE_s20_session3_natural,49,100,52.333333333333336,1.4027032852172852,-0.07570908438037778
COHFACE_s20_session3_natural,49,101,52.36666666666667,1.5405577421188354,-0.2912327088606326
COHFACE_s20_session3_natural,49,102,52.4,1.522574543952942,-0.49321265897242833
COHFACE_s20_session3_natural,49,103,52.43333333333333,1.321474313735962,-0.6366025110008026
COHFACE_s20_session3_natural,49,104,52.46666666666667,1.0250238180160522,-0.6873062511387519
COHFACE_s20_session3_natural,49,105,52.5,0.7709868550300598,-0.6345005369696269
COHFACE_s20_session3_natural,49,106,52.53333333333333,0.6145728230476379,-0.49402984038247694
COHFACE_s20_session3_natural,49,107,52.56666666666667,0.4867803454399109,-0.30147501524512366
COHFACE_s20_session3_natural,49,108,52.6,0.3351173400878906,-0.09898783394009569
COHFACE_s20_session3_natural,49,109,52.63333333333333,0.14864079654216766,0.07750269841831645
COHFACE_s20_session3_natural,49,110,52.666666666666664,-0.06765125691890717,0.20594199974229108
COHFACE_s20_session3_natural,49,111,52.7,-0.2751246392726898,0.2796896282939988
COHFACE_s20_session3_natural,49,112,52.733333333333334,-0.4926517903804779,0.30459035106383714
COHFACE_s20_session3_natural,49,113,52.766666666666666,-0.6937767267227173,0.29389339684752286
COHFACE_s20_session3_natural,49,114,52.8,-0.8273906707763672,0.26288554917217477
COHFACE_s20_session3_natural,49,115,52.833333333333336,-0.916293740272522,0.22445339413610013
COHFACE_s20_session3_natural,49,116,52.86666666666667,-1.001680850982666,0.18642195520891167
COHFACE_s20_session3_natural,49,117,52.9,-1.0811312198638916,0.15117840292036577
COHFACE_s20_session3_natural,49,118,52.93333333333333,-1.148535132408142,0.11741331554500503
COHFACE_s20_session3_natural,49,119,52.96666666666667,-1.150058388710022,0.08299843646837969
COHFACE_s20_session3_natural,49,120,53.0,-0.827736496925354,0.047562407777711306
COHFACE_s20_session3_natural,49,121,53.03333333333333,-0.04784012585878372,0.013595050972475185
COHFACE_s20_session3_natural,49,122,53.06666666666667,0.7530942559242249,-0.01416911173393067
COHFACE_s20_session3_natural,49,123,53.1,1.2636466026306152,-0.030455905230987516
COHFACE_s20_session3_natural,49,124,53.13333333333333,1.5236120223999023,-0.031382914332582036
COHFACE_s20_session3_natural,49,125,53.166666666666664,1.602173089981079,-0.0160596849995687
COHFACE_s20_session3_natural,49,126,53.2,1.5177576541900635,0.012354366853647335
COHFACE_s20_session3_natural,49,127,53.233333333333334,1.2679448127746582,0.046331793231557256
COHFACE_s20_session3_natural,49,128,53.266666666666666,0.9496986865997314,0.07486982504319867
COHFACE_s20_session3_natural,49,129,53.3,0.6819849610328674,0.0860475463639783
COHFACE_s20_session3_natural,49,130,53.333333333333336,0.49004101753234863,0.07097705604009759
COHFACE_s20_session3_natural,49,131,53.36666666666667,0.32448717951774597,0.027836928173698473
COHFACE_s20_session3_natural,49,132,53.4,0.1449107676744461,-0.03591429490029932
COHFACE_s20_session3_natural,49,133,53.43333333333333,-0.07169417291879654,-0.10463665811700817
COHFACE_s20_session3_natural,49,134,53.46666666666667,-0.2957673966884613,-0.15897817134453393
COHFACE_s20_session3_natural,49,135,53.5,-0.5182185173034668,-0.1819652886595481
COHFACE_s20_session3_natural,49,136,53.53333333333333,-0.714345395565033,-0.1638857438759189
COHFACE_s20_session3_natural,49,137,53.56666666666667,-0.8630276322364807,-0.10392962775849657
COHFACE_s20_session3_natural,49,138,53.6,-0.9642652869224548,-0.009038027723015787
COHFACE_s20_session3_natural,49,139,53.63333333333333,-1.0444978475570679,0.10780395840872593
COHFACE_s20_session3_natural,49,140,53.666666666666664,-1.1254385709762573,0.22836270007968404
COHFACE_s20_session3_natural,49,141,53.7,-1.2115339040756226,0.3297185488352561
COHFACE_s20_session3_natural,49,142,53.733333333333334,-1.2705061435699463,0.3865188983661058
COHFACE_s20_session3_natural,49,143,53.766666666666666,-1.1667242050170898,0.3761963137490523
COHFACE_s20_session3_natural,49,144,53.8,-0.6001308560371399,0.28634787432642655
COHFACE_s20_session3_natural,49,145,53.833333333333336,0.2802785634994507,0.12149051531073729
COHFACE_s20_session3_natural,49,146,53.86666666666667,0.9944919347763062,-0.09408615806680949
COHFACE_s20_session3_natural,49,147,53.9,1.4191960096359253,-0.3195382808791236
COHFACE_s20_session3_natural,49,148,53.93333333333333,1.6480203866958618,-0.5068440245161174
COHFACE_s20_session3_natural,49,149,53.96666666666667,1.7199859619140625,-0.6140023304250131
COHFACE_s20_session3_natural,49,150,54.0,1.6036964654922485,-0.6177301806405456
COHFACE_s20_session3_natural,49,151,54.03333333333333,1.3196381330490112,-0.5207945102318031
COHFACE_s20_session3_natural,49,152,54.06666666666667,0.9949448108673096,-0.35070219555735094
COHFACE_s20_session3_natural,49,153,54.1,0.7415912747383118,-0.14995907391111837
COHFACE_s20_session3_natural,49,154,54.13333333333333,0.5622124671936035,0.03794548047734471
COHFACE_s20_session3_natural,49,155,54.166666666666664,0.3865390121936798,0.18080192740858653
COHFACE_s20_session3_natural,49,156,54.2,0.1776164174079895,0.2637918952384693
COHFACE_s20_session3_natural,49,157,54.233333333333334,-0.06725601851940155,0.2886303855656946
COHFACE_s20_session3_natural,49,158,54.266666666666666,-0.3046766519546509,0.26795381000988067
COHFACE_s20_session3_natural,49,159,54.3,-0.5297544598579407,0.2184587406876441
COHFACE_s20_session3_natural,49,160,54.333333333333336,-0.7350622415542603,0.15579650392753694
COHFACE_s20_session3_natural,49,161,54.36666666666667,-0.8847326040267944,0.09244568343883158
COHFACE_s20_session3_natural,49,162,54.4,-1.0067529678344727,0.03773244186510452
COHFACE_s20_session3_natural,49,163,54.43333333333333,-1.1141496896743774,-0.0017994009808897202
COHFACE_s20_session3_natural,49,164,54.46666666666667,-1.1999403238296509,-0.02275293388139613
COHFACE_s20_session3_natural,49,165,54.5,-1.2759571075439453,-0.02563347992344833
COHFACE_s20_session3_natural,49,166,54.53333333333333,-1.333167314529419,-0.014888125603154475
COHFACE_s20_session3_natural,49,167,54.56666666666667,-1.157732605934143,0.002473151606987218
COHFACE_s20_session3_natural,49,168,54.6,-0.45179444551467896,0.019241167216878505
COHFACE_s20_session3_natural,49,169,54.63333333333333,0.44798147678375244,0.030109284502365188
COHFACE_s20_session3_natural,49,170,54.666666666666664,1.094914436340332,0.032533383103295586
COHFACE_s20_session3_natural,49,171,54.7,1.4475294351577759,0.026379050973332555
COHFACE_s20_session3_natural,49,172,54.733333333333334,1.6074758768081665,0.013222254479014851
COHFACE_s20_session3_natural,49,173,54.766666666666666,1.6088838577270508,-0.00391053166919085
COHFACE_s20_session3_natural,49,174,54.8,1.420406460762024,-0.020531417781277553
COHFACE_s20_session3_natural,49,175,54.833333333333336,1.100760579109192,-0.03127372155580051
COHFACE_s20_session3_natural,49,176,54.86666666666667,0.813927412033081,-0.031459290677285735
COHFACE_s20_session3_natural,49,177,54.9,0.6211435794830322,-0.018936581396230733
COHFACE_s20_session3_natural,49,178,54.93333333333333,0.47425633668899536,0.005118181567758593
COHFACE_s20_session3_natural,49,179,54.96666666666667,0.3000485301017761,0.03717171428750509
COHFACE_s20_session3_natural,49,180,55.0,0.09735912829637527,0.07338393906209921
COHFACE_s20_session3_natural,49,181,55.03333333333333,-0.12998302280902863,0.11113494021322487
COHFACE_s20_session3_natural,49,182,55.06666666666667,-0.33863386511802673,0.14899300544747626
COHFACE_s20_session3_natural,49,183,55.1,-0.5226649045944214,0.18537583596562404
COHFACE_s20_session3_natural,49,184,55.13333333333333,-0.7077499032020569,0.21692182308692987
COHFACE_s20_session3_natural,49,185,55.166666666666664,-0.8603845238685608,0.23751228343293243
COHFACE_s20_session3_natural,49,186,55.2,-0.9513707756996155,0.23836570461631143
COHFACE_s20_session3_natural,49,187,55.233333333333334,-1.020775556564331,0.20927507870235385
COHFACE_s20_session3_natural,49,188,55.266666666666666,-1.0903698205947876,0.1411359408358628
COHFACE_s20_session3_natural,49,189,55.3,-1.1631423234939575,0.029915017985266232
COHFACE_s20_session3_natural,49,190,55.333333333333336,-1.1619977951049805,-0.11851367782685099
COHFACE_s20_session3_natural,49,191,55.36666666666667,-0.8017004132270813,-0.28479384095283256
COHFACE_s20_session3_natural,49,192,55.4,0.005689438432455063,-0.4372211892068611
COHFACE_s20_session3_natural,49,193,55.43333333333333,0.7722713351249695,-0.5397861301396891
COHFACE_s20_session3_natural,49,194,55.46666666666667,1.2133694887161255,-0.564911466182836
COHFACE_s20_session3_natural,49,195,55.5,1.4065732955932617,-0.5046036369880057
COHFACE_s20_session3_natural,49,196,55.53333333333333,1.4473812580108643,-0.37382316488037176
COHFACE_s20_session3_natural,49,197,55.56666666666667,1.313899040222168,-0.20423202980318544
COHFACE_s20_session3_natural,49,198,55.6,1.0128209590911865,-0.03215087808631891
COHFACE_s20_session3_natural,49,199,55.63333333333333,0.7005939483642578,0.11263633729754902
COHFACE_s20_session3_natural,49,200,55.666666666666664,0.4939110279083252,0.2126942109198621
COHFACE_s20_session3_natural,49,201,55.7,0.36434000730514526,0.26313442385615504
COHFACE_s20_session3_natural,49,202,55.733333333333334,0.23578999936580658,0.26866080916757823
COHFACE_s20_session3_natural,49,203,55.766666666666666,0.06867992877960205,0.24001426214830757
COHFACE_s20_session3_natural,49,204,55.8,-0.13308726251125336,0.1909729145778726
COHFACE_s20_session3_natural,49,205,55.833333333333336,-0.3664237856864929,0.1357780683275541
COHFACE_s20_session3_natural,49,206,55.86666666666667,-0.6003119945526123,0.08668574626379712
COHFACE_s20_session3_natural,49,207,55.9,-0.7786533236503601,0.051896639903028556
COHFACE_s20_session3_natural,49,208,55.93333333333333,-0.893790066242218,0.03446917093367286
COHFACE_s20_session3_natural,49,209,55.96666666666667,-0.9844469428062439,0.03257916523031906
COHFACE_s20_session3_natural,49,210,56.0,-1.0557373762130737,0.040860312738614755
COHFACE_s20_session3_natural,49,211,56.03333333333333,-1.1004894971847534,0.052157293603899986
COHFACE_s20_session3_natural,49,212,56.06666666666667,-1.1441216468811035,0.05922546069437068
COHFACE_s20_session3_natural,49,213,56.1,-1.1693178415298462,0.056310357731477606
COHFACE_s20_session3_natural,49,214,56.13333333333333,-1.0128297805786133,0.040585078110149365
COHFACE_s20_session3_natural,49,215,56.166666666666664,-0.37618115544319153,0.013109491597378684
COHFACE_s20_session3_natural,49,216,56.2,0.4801684021949768,-0.021300384006328905
COHFACE_s20_session3_natural,49,217,56.233333333333334,1.1110613346099854,-0.05566745327746168
COHFACE_s20_session3_natural,49,218,56.266666666666666,1.4574843645095825,-0.08345870569322573
COHFACE_s20_session3_natural,49,219,56.3,1.6125397682189941,-0.10096165050580883
COHFACE_s20_session3_natural,49,220,56.333333333333336,1.5985502004623413,-0.1081677952151305
COHFACE_s20_session3_natural,49,221,56.36666666666667,1.3995660543441772,-0.10774026290422978
COHFACE_s20_session3_natural,49,222,56.4,1.0903115272521973,-0.10284709735779948
COHFACE_s20_session3_natural,49,223,56.43333333333333,0.8135486841201782,-0.09531889187202061
COHFACE_s20_session3_natural,49,224,56.46666666666667,0.6332970261573792,-0.08517822114578438
COHFACE_s20_session3_natural,49,225,56.5,0.48604750633239746,-0.07145732469475925
COHFACE_s20_session3_natural,49,226,56.53333333333333,0.2966561019420624,-0.05326696849748552
COHFACE_s20_session3_natural,49,227,56.56666666666667,0.055464278906583786,-0.030128159726022452
COHFACE_s20_session3_natural,49,228,56.6,-0.19573192298412323,-0.001643709961344467
COHFACE_s20_session3_natural,49,229,56.63333333333333,-0.4263594448566437,0.03254369698465761
COHFACE_s20_session3_natural,49,230,56.666666666666664,-0.648851752281189,0.0719108896674329
COHFACE_s20_session3_natural,49,231,56.7,-0.8411250710487366,0.11380777535200336
COHFACE_s20_session3_natural,49,232,56.733333333333334,-0.9558665752410889,0.1529483932963412
COHFACE_s20_session3_natural,49,233,56.766666666666666,-1.0284003019332886,0.18243418475196177
COHFACE_s20_session3_natural,49,234,56.8,-1.1204075813293457,0.19596056907118056
COHFACE_s20_session3_natural,49,235,56.833333333333336,-1.253848671913147,0.18994822585014365
COHFACE_s20_session3_natural,49,236,56.86666666666667,-1.3967258930206299,0.1644839754375389
COHFACE_s20_session3_natural,49,237,56.9,-1.4715240001678467,0.12282890348447013
COHFACE_s20_session3_natural,49,238,56.93333333333333,-1.152816891670227,0.07006280040704924
COHFACE_s20_session3_natural,49,239,56.96666666666667,-0.2938735783100128,0.011770215023467744
COHFACE_s20_session3_natural,50,0,50.0,1.6111071109771729,-0.01999149850563511
COHFACE_s20_session3_natural,50,1,50.03333333333333,1.512940764427185,2.5307848790553504
COHFACE_s20_session3_natural,50,2,50.06666666666667,1.265482783317566,4.690180315859903
COHFACE_s20_session3_natural,50,3,50.1,0.9836723804473877,6.1620434075266255
COHFACE_s20_session3_natural,50,4,50.13333333333333,0.7708551287651062,6.813736301656816
COHFACE_s20_session3_natural,50,5,50.166666666666664,0.6264380812644958,6.693215268365061
COHFACE_s20_session3_natural,50,6,50.2,0.49284058809280396,5.989166960315945
COHFACE_s20_session3_natural,50,7,50.233333333333334,0.31957146525382996,4.955929742171338
COHFACE_s20_session3_natural,50,8,50.266666666666666,0.09663452953100204,3.8359606823256645
COHFACE_s20_session3_natural,50,9,50.3,-0.1549239605665207,2.805335805098354
COHFACE_s20_session3_natural,50,10,50.333333333333336,-0.3914553225040436,1.9531707386080064
COHFACE_s20_session3_natural,50,11,50.36666666666667,-0.594012975692749,1.2918250695975209
COHFACE_s20_session3_natural,50,12,50.4,-0.7599291205406189,0.7855366388949914
COHFACE_s20_session3_natural,50,13,50.43333333333333,-0.8870381712913513,0.3826276051533247
COHFACE_s20_session3_natural,50,14,50.46666666666667,-0.9831953644752502,0.039907968042735525
COHFACE_s20_session3_natural,50,15,50.5,-1.0683355331420898,-0.26563531522809003
COHFACE_s20_session3_natural,50,16,50.53333333333333,-1.1514829397201538,-0.536808509689872
COHFACE_s20_session3_natural,50,17,50.56666666666667,-1.2209700345993042,-0.76354671706404
COHFACE_s20_session3_natural,50,18,50.6,-1.150544285774231,-0.9330826973880495
COHFACE_s20_session3_natural,50,19,50.63333333333333,-0.6351420283317566,-1.0395292621175847
COHFACE_s20_session3_natural,50,20,50.666666666666664,0.2756675183773041,-1.0902563496900641
COHFACE_s20_session3_natural,50,21,50.7,1.0094860792160034,-1.1070140058929463
COHFACE_s20_session3_natural,50,22,50.733333333333334,1.4253880977630615,-1.1209236516484986
COHFACE_s20_session3_natural,50,23,50.766666666666666,1.6505317687988281,-1.1624343252663087
COHFACE_s20_session3_natural,50,24,50.8,1.7078901529312134,-1.249538764171531
COHFACE_s20_session3_natural,50,25,50.833333333333336,1.5712131261825562,-1.3787811867935178
COHFACE_s20_session3_natural,50,26,50.86666666666667,1.2834495306015015,-1.5229946822016607
COHFACE_s20_session3_natural,50,27,50.9,0.9808563590049744,-1.637595548496702
COHFACE_s20_session3_natural,50,28,50.93333333333333,0.7606860399246216,-1.6743916926602493
COHFACE_s20_session3_natural,50,29,50.96666666666667,0.5930984020233154,-1.5986304385904335
COHFACE_s20_session3_natural,50,30,51.0,0.4172520041465759,-1.4024741924151254
COHFACE_s20_session3_natural,50,31,51.03333333333333,0.22091929614543915,-1.1086642143665542
COHFACE_s20_session3_natural,50,32,51.06666666666667,0.002091158414259553,-0.7627229541793052
COHFACE_s20_session3_natural,50,33,51.1,-0.22628848254680634,-0.4176419959305245
COHFACE_s20_session3_natural,50,34,51.13333333333333,-0.4572536051273346,-0.11789304868746
COHFACE_s20_session3_natural,50,35,51.166666666666664,-0.6668019890785217,0.11114863554614063
COHFACE_s20_session3_natural,50,36,51.2,-0.8150643110275269,0.26549745269079195
COHFACE_s20_session3_natural,50,37,51.233333333333334,-0.8997597694396973,0.3575025230790448
COHFACE_s20_session3_natural,50,38,51.266666666666666,-0.9739485383033752,0.40703695746621116
COHFACE_s20_session3_natural,50,39,51.3,-1.0624563694000244,0.4331470731699716
COHFACE_s20_session3_natural,50,40,51.333333333333336,-1.1575514078140259,0.44908794095037574
COHFACE_s20_session3_natural,50,41,51.36666666666667,-1.2339799404144287,0.46144036126754445
COHFACE_s20_session3_natural,50,42,51.4,-1.1579054594039917,0.4720522194474812
COHFACE_s20_session3_natural,50,43,51.43333333333333,-0.6254505515098572,0.4807239516596986
COHFACE_s20_session3_natural,50,44,51.46666666666667,0.2601957321166992,0.48702943863793097
COHFACE_s20_session3_natural,50,45,51.5,0.9593407511711121,0.4908408228188015
COHFACE_s20_session3_natural,50,46,51.53333333333333,1.3625952005386353,0.492124659148057
COHFACE_s20_session3_natural,50,47,51.56666666666667,1.5740044116973877,0.49075586357210876
COHFACE_s20_session3_natural,50,48,51.6,1.6164180040359497,0.48648263540402414
COHFACE_s20_session3_natural,50,49,51.63333333333333,1.4691685438156128,0.4786255015910471
COHFACE_s20_session3_natural,50,50,51.666666666666664,1.175402283668518,0.4653264237910437
COHFACE_s20_session3_natural,50,51,51.7,0.8812078833580017,0.442864904632663
COHFACE_s20_session3_natural,50,52,51.733333333333334,0.6851056814193726,0.40594686219894943
COHFACE_s20_session3_natural,50,53,51.766666666666666,0.549367368221283,0.34946875327581156
COHFACE_s20_session3_natural,50,54,51.8,0.40618544816970825,0.27121147762710773
COHFACE_s20_session3_natural,50,55,51.833333333333336,0.2337973564863205,0.17408076536620404
COHFACE_s20_session3_natural,50,56,51.86666666666667,0.02671097032725811,0.06663895159742378
COHFACE_s20_session3_natural,50,57,51.9,-0.20363660156726837,-0.03835392404559493
COHFACE_s20_session3_natural,50,58,51.93333333333333,-0.42529726028442383,-0.12659518591221527
COHFACE_s20_session3_natural,50,59,51.96666666666667,-0.6138488054275513,-0.18498466977799238
COHFACE_s20_session3_natural,50,60,52.0,-0.754124104976654,-0.20400188467364244
COHFACE_s20_session3_natural,50,61,52.03333333333333,-0.8573708534240723,-0.1798588516105988
COHFACE_s20_session3_natural,50,62,52.06666666666667,-0.9420992136001587,-0.11627800343080234
COHFACE_s20_session3_natural,50,63,52.1,-1.014163613319397,-0.02513656062078608
COHFACE_s20_session3_natural,50,64,52.13333333333333,-1.0808100700378418,0.07474833764533148
COHFACE_s20_session3_natural,50,65,52.166666666666664,-1.120827555656433,0.1606452218800254
COHFACE_s20_session3_natural,50,66,52.2,-0.9912153482437134,0.20981000845848807
COHFACE_s20_session3_natural,50,67,52.233333333333334,-0.4108382761478424,0.2032596520657768
COHFACE_s20_session3_natural,50,68,52.266666666666666,0.43865230679512024,0.12933680679401555
COHFACE_s20_session3_natural,50,69,52.3,1.0756138563156128,-0.012416178404399382
COHFACE_s20_session3_natural,50,70,52.333333333333336,1.4027032852172852,-0.20745774682490187
COHFACE_s20_session3_natural,50,71,52.36666666666667,1.5405577421188354,-0.4247568387623488
COHFACE_s20_session3_natural,50,72,52.4,1.522574543952942,-0.6208396049826161
COHFACE_s20_session3_natural,50,73,52.43333333333333,1.321474313735962,-0.7507209284749303
COHFACE_s20_session3_natural,50,74,52.46666666666667,1.0250238180160522,-0.7824422331947634
COHFACE_s20_session3_natural,50,75,52.5,0.7709868550300598,-0.7083576680582149
COHFACE_s20_session3_natural,50,76,52.53333333333333,0.6145728230476379,-0.5473086961372486
COHFACE_s20_session3_natural,50,77,52.56666666666667,0.4867803454399109,-0.33675504219375063
COHFACE_s20_session3_natural,50,78,52.6,0.3351173400878906,-0.11936438641944609
COHFACE_s20_session3_natural,50,79,52.63333333333333,0.14864079654216766,0.06925482116396495
COHFACE_s20_session3_natural,50,80,52.666666666666664,-0.06765125691890717,0.20738707052942654
COHFACE_s20_session3_natural,50,81,52.7,-0.2751246392726898,0.2883418436186522
COHFACE_s20_session3_natural,50,82,52.733333333333334,-0.4926517903804779,0.31777034698539247
COHFACE_s20_session3_natural,50,83,52.766666666666666,-0.6937767267227173,0.30912110566318013
COHFACE_s20_session3_natural,50,84,52.8,-0.8273906707763672,0.27861227582160136
COHFACE_s20_session3_natural,50,85,52.833333333333336,-0.916293740272522,0.24070839810380637
COHFACE_s20_session3_natural,50,86,52.86666666666667,-1.001680850982666,0.20498888225054893
COHFACE_s20_session3_natural,50,87,52.9,-1.0811312198638916,0.17511957172674636
COHFACE_s20_session3_natural,50,88,52.93333333333333,-1.148535132408142,0.15004617893211275
COHFACE_s20_session3_natural,50,89,52.96666666666667,-1.150058388710022,0.12669502278373784
COHFACE_s20_session3_natural,50,90,53.0,-0.827736496925354,0.10286100559617732
COHFACE_s20_session3_natural,50,91,53.03333333333333,-0.04784012585878372,0.07899331903057567
COHFACE_s20_session3_natural,50,92,53.06666666666667,0.7530942559242249,0.058292977582163605
COHFACE_s20_session3_natural,50,93,53.1,1.2636466026306152,0.045393272055137456
COHFACE_s20_session3_natural,50,94,53.13333333333333,1.5236120223999023,0.04434690428666173
COHFACE_s20_session3_natural,50,95,53.166666666666664,1.602173089981079,0.056616275668784743
COHFACE_s20_session3_natural,50,96,53.2,1.5177576541900635,0.07953853064579443
COHFACE_s20_session3_natural,50,97,53.233333333333334,1.2679448127746582,0.10569379282939674
COHFACE_s20_session3_natural,50,98,53.266666666666666,0.9496986865997314,0.1237904547505284
COHFACE_s20_session3_natural,50,99,53.3,0.6819849610328674,0.12154032265816576
COHFACE_s20_session3_natural,50,100,53.333333333333336,0.49004101753234863,0.0901223320581328
COHFACE_s20_session3_natural,50,101,53.36666666666667,0.32448717951774597,0.028676351170074017
COHFACE_s20_session3_natural,50,102,53.4,0.1449107676744461,-0.053344846313845694
COHFACE_s20_session3_natural,50,103,53.43333333333333,-0.07169417291879654,-0.13765576771069182
COHFACE_s20_session3_natural,50,104,53.46666666666667,-0.2957673966884613,-0.20252954665609157
COHFACE_s20_session3_natural,50,105,53.5,-0.5182185173034668,-0.23001044391665576
COHFACE_s20_session3_natural,50,106,53.53333333333333,-0.714345395565033,-0.2113880264076287
COHFACE_s20_session3_natural,50,107,53.56666666666667,-0.8630276322364807,-0.14831838467726877
COHFACE_s20_session3_natural,50,108,53.6,-0.9642652869224548,-0.05032254100063122
COHFACE_s20_session3_natural,50,109,53.63333333333333,-1.0444978475570679,0.06814251445010806
COHFACE_s20_session3_natural,50,110,53.666666666666664,-1.1254385709762573,0.18888446115452123
COHFACE_s20_session3_natural,50,111,53.7,-1.2115339040756226,0.2901430337183103
COHFACE_s20_session3_natural,50,112,53.733333333333334,-1.2705061435699463,0.3480164147657291
COHFACE_s20_session3_natural,50,113,53.766666666666666,-1.1667242050170898,0.34082613278140966
COHFACE_s20_session3_natural,50,114,53.8,-0.6001308560371399,0.25603577539883127
COHFACE_s20_session3_natural,50,115,53.833333333333336,0.2802785634994507,0.09723092707442998
COHFACE_s20_session3_natural,50,116,53.86666666666667,0.9944919347763062,-0.11223483888691599
COHFACE_s20_session3_natural,50,117,53.9,1.4191960096359253,-0.3316523093188886
COHFACE_s20_session3_natural,50,118,53.93333333333333,1.6480203866958618,-0.5121619569985321
COHFACE_s20_session3_natural,50,119,53.96666666666667,1.7199859619140625,-0.6106443847198364
COHFACE_s20_session3_natural,50,120,54.0,1.6036964654922485,-0.6034887282694927
COHFACE_s20_session3_natural,50,121,54.03333333333333,1.3196381330490112,-0.4945282243511205
COHFACE_s20_session3_natural,50,122,54.06666666666667,0.9949448108673096,-0.31340121525257947
COHFACE_s20_session3_natural,50,123,54.1,0.7415912747383118,-0.10480318568760853
COHFACE_s20_session3_natural,50,124,54.13333333333333,0.5622124671936035,0.08653896287492019
COHFACE_s20_session3_natural,50,125,54.166666666666664,0.3865390121936798,0.22855704287637815
COHFACE_s20_session3_natural,50,126,54.2,0.1776164174079895,0.3076412727059931
COHFACE_s20_session3_natural,50,127,54.233333333333334,-0.06725601851940155,0.32701791066563674
COHFACE_s20_session3_natural,50,128,54.266666666666666,-0.3046766519546509,0.3003793029426618
COHFACE_s20_session3_natural,50,129,54.3,-0.5297544598579407,0.2446243876663494
COHFACE_s20_session3_natural,50,130,54.333333333333336,-0.7350622415542603,0.17483275462343595
COHFACE_s20_session3_natural,50,131,54.36666666666667,-0.8847326040267944,0.10261372788205837
COHFACE_s20_session3_natural,50,132,54.4,-1.0067529678344727,0.03682065450580487
COHFACE_s20_session3_natural,50,133,54.43333333333333,-1.1141496896743774,-0.015452235819639577
COHFACE_s20_session3_natural,50,134,54.46666666666667,-1.1999403238296509,-0.04907850034752854
COHFACE_s20_session3_natural,50,135,54.5,-1.2759571075439453,-0.062205752344310764
COHFACE_s20_session3_natural,50,136,54.53333333333333,-1.333167314529419,-0.057242892967236066
COHFACE_s20_session3_natural,50,137,54.56666666666667,-1.157732605934143,-0.04014926868116848
COHFACE_s20_session3_natural,50,138,54.6,-0.45179444551467896,-0.01806338485194673
COHFACE_s20_session3_natural,50,139,54.63333333333333,0.44798147678375244,0.003286458980505071
COHFACE_s20_session3_natural,50,140,54.666666666666664,1.094914436340332,0.020883977288241047
COHFACE_s20_session3_natural,50,141,54.7,1.4475294351577759,0.03402539119623157
COHFACE_s20_session3_natural,50,142,54.733333333333334,1.6074758768081665,0.043002981349806776
COHFACE_s20_session3_natural,50,143,54.766666666666666,1.6088838577270508,0.048033371766451845
COHFACE_s20_session3_natural,50,144,54.8,1.420406460762024,0.04895755737284486
COHFACE_s20_session3_natural,50,145,54.833333333333336,1.100760579109192,0.045449898465114165
COHFACE_s20_session3_natural,50,146,54.86666666666667,0.813927412033081,0.03736931118301556
COHFACE_s20_session3_natural,50,147,54.9,0.6211435794830322,0.02525567731872578
COHFACE_s20_session3_natural,50,148,54.93333333333333,0.47425633668899536,0.011138949565364292
COHFACE_s20_session3_natural,50,149,54.96666666666667,0.3000485301017761,-0.0005757271597794611
COHFACE_s20_session3_natural,50,150,55.0,0.09735912829637527,-0.0030752223668898317
COHFACE_s20_session3_natural,50,151,55.03333333333333,-0.12998302280902863,0.011106236616251632
COHFACE_s20_session3_natural,50,152,55.06666666666667,-0.33863386511802673,0.04675913967417345
COHFACE_s20_session3_natural,50,153,55.1,-0.5226649045944214,0.1026028974619933
COHFACE_s20_session3_natural,50,154,55.13333333333333,-0.7077499032020569,0.16954792971480498
COHFACE_s20_session3_natural,50,155,55.166666666666664,-0.8603845238685608,0.23149966982558043
COHFACE_s20_session3_natural,50,156,55.2,-0.9513707756996155,0.2684531188673172
COHFACE_s20_session3_natural,50,157,55.233333333333334,-1.020775556564331,0.2609955483172407
COHFACE_s20_session3_natural,50,158,55.266666666666666,-1.0903698205947876,0.19545020623486914
COHFACE_s20_session3_natural,50,159,55.3,-1.1631423234939575,0.06909731433729144
COHFACE_s20_session3_natural,50,160,55.333333333333336,-1.1619977951049805,-0.10555020734486446
COHFACE_s20_session3_natural,50,161,55.36666666666667,-0.8017004132270813,-0.29955983007627
COHFACE_s20_session3_natural,50,162,55.4,0.005689438432455063,-0.47227237665726407
COHFACE_s20_session3_natural,50,163,55.43333333333333,0.7722713351249695,-0.5827232523080346
COHFACE_s20_session3_natural,50,164,55.46666666666667,1.2133694887161255,-0.6039728186298348
COHFACE_s20_session3_natural,50,165,55.5,1.4065732955932617,-0.5331728378130994
COHFACE_s20_session3_natural,50,166,55.53333333333333,1.4473812580108643,-0.39185473189374503
COHFACE_s20_session3_natural,50,167,55.56666666666667,1.313899040222168,-0.21646975753888856
COHFACE_s20_session3_natural,50,168,55.6,1.0128209590911865,-0.044666898571176054
COHFACE_s20_session3_natural,50,169,55.63333333333333,0.7005939483642578,0.09559747534105129
COHFACE_s20_session3_natural,50,170,55.666666666666664,0.4939110279083252,0.1902503130704967
COHFACE_s20_session3_natural,50,171,55.7,0.36434000730514526,0.23749180471056927
COHFACE_s20_session3_natural,50,172,55.733333333333334,0.23578999936580658,0.24371505847803804
COHFACE_s20_session3_natural,50,173,55.766666666666666,0.06867992877960205,0.21975485526264393
COHFACE_s20_session3_natural,50,174,55.8,-0.13308726251125336,0.17833631691784682
COHFACE_s20_session3_natural,50,175,55.833333333333336,-0.3664237856864929,0.13212999215406396
COHFACE_s20_session3_natural,50,176,55.86666666666667,-0.6003119945526123,0.09181008672521664
COHFACE_s20_session3_natural,50,177,55.9,-0.7786533236503601,0.06432816388279658
COHFACE_s20_session3_natural,50,178,55.93333333333333,-0.893790066242218,0.052087305176115546
COHFACE_s20_session3_natural,50,179,55.96666666666667,-0.9844469428062439,0.05340336151518073
COHFACE_s20_session3_natural,50,180,56.0,-1.0557373762130737,0.06389312228970595
COHFACE_s20_session3_natural,50,181,56.03333333333333,-1.1004894971847534,0.0780029557092801
COHFACE_s20_session3_natural,50,182,56.06666666666667,-1.1441216468811035,0.09022630402959383
COHFACE_s20_session3_natural,50,183,56.1,-1.1693178415298462,0.09613126206774196
COHFACE_s20_session3_natural,50,184,56.13333333333333,-1.0128297805786133,0.09341469355949178
COHFACE_s20_session3_natural,50,185,56.166666666666664,-0.37618115544319153,0.08275502091019019
COHFACE_s20_session3_natural,50,186,56.2,0.4801684021949768,0.06774121934846854
COHFACE_s20_session3_natural,50,187,56.233333333333334,1.1110613346099854,0.05331256532016342
COHFACE_s20_session3_natural,50,188,56.266666666666666,1.4574843645095825,0.04314336654024092
COHFACE_s20_session3_natural,50,189,56.3,1.6125397682189941,0.03740623361616428
COHFACE_s20_session3_natural,50,190,56.333333333333336,1.5985502004623413,0.03238970649134256
COHFACE_s20_session3_natural,50,191,56.36666666666667,1.3995660543441772,0.022443535025474838
COHFACE_s20_session3_natural,50,192,56.4,1.0903115272521973,0.003310902514038881
COHFACE_s20_session3_natural,50,193,56.43333333333333,0.8135486841201782,-0.024980258550508172
COHFACE_s20_session3_natural,50,194,56.46666666666667,0.6332970261573792,-0.05723386866796638
COHFACE_s20_session3_natural,50,195,56.5,0.48604750633239746,-0.08457747455414474
COHFACE_s20_session3_natural,50,196,56.53333333333333,0.2966561019420624,-0.09737221842309618
COHFACE_s20_session3_natural,50,197,56.56666666666667,0.055464278906583786,-0.0881134310057623
COHFACE_s20_session3_natural,50,198,56.6,-0.19573192298412323,-0.05357714066490709
COHFACE_s20_session3_natural,50,199,56.63333333333333,-0.4263594448566437,0.0036492729389292623
COHFACE_s20_session3_natural,50,200,56.666666666666664,-0.648851752281189,0.07406622100378747
COHFACE_s20_session3_natural,50,201,56.7,-0.8411250710487366,0.14111883132040418
COHFACE_s20_session3_natural,50,202,56.733333333333334,-0.9558665752410889,0.18319089921675583
COHFACE_s20_session3_natural,50,203,56.766666666666666,-1.0284003019332886,0.1786036900414547
COHFACE_s20_session3_natural,50,204,56.8,-1.1204075813293457,0.11297911554171995
COHFACE_s20_session3_natural,50,205,56.833333333333336,-1.253848671913147,-0.013455148842918107
COHFACE_s20_session3_natural,50,206,56.86666666666667,-1.3967258930206299,-0.18189150829037704
COHFACE_s20_session3_natural,50,207,56.9,-1.4715240001678467,-0.35700502381155297
COHFACE_s20_session3_natural,50,208,56.93333333333333,-1.152816891670227,-0.495816673007898
COHFACE_s20_session3_natural,50,209,56.96666666666667,-0.2938735783100128,-0.5610678608910864
COHFACE_s20_session3_natural,50,210,57.0,0.569540798664093,-0.5338305534064846
COHFACE_s20_session3_natural,50,211,57.03333333333333,1.1299502849578857,-0.41957988300857635
COHFACE_s20_session3_natural,50,212,57.06666666666667,1.480185627937317,-0.245121066520928
COHFACE_s20_session3_natural,50,213,57.1,1.6142195463180542,-0.04840500000556237
COHFACE_s20_session3_natural,50,214,57.13333333333333,1.4132181406021118,0.13373521788789
COHFACE_s20_session3_natural,50,215,57.166666666666664,0.9714036583900452,0.2748471444229298
COHFACE_s20_session3_natural,50,216,57.2,0.517913281917572,0.3624245494048399
COHFACE_s20_session3_natural,50,217,57.233333333333334,0.13642969727516174,0.3961772905433376
COHFACE_s20_session3_natural,50,218,57.266666666666666,-0.19883616268634796,0.38348640451091737
COHFACE_s20_session3_natural,50,219,57.3,-0.4553021490573883,0.3349304647083544
COHFACE_s20_session3_natural,50,220,57.333333333333336,-0.5640822052955627,0.2617607802245844
COHFACE_s20_session3_natural,50,221,57.36666666666667,-0.7038716673851013,0.17549090605464354
COHFACE_s20_session3_natural,50,222,57.4,-0.9801241159439087,0.08828877187407223
COHFACE_s20_session3_natural,50,223,57.43333333333333,-1.3232946395874023,0.012523878253019849
COHFACE_s20_session3_natural,50,224,57.46666666666667,-1.6318821907043457,-0.04116882993375357
COHFACE_s20_session3_natural,50,225,57.5,-1.8463298082351685,-0.06651221702380646
COHFACE_s20_session3_natural,50,226,57.53333333333333,-2.021920919418335,-0.06339467880264958
COHFACE_s20_session3_natural,50,227,57.56666666666667,-2.196976900100708,-0.03780138474032957
COHFACE_s20_session3_natural,50,228,57.6,-2.334864377975464,1.993954061264066e-05
COHFACE_s20_session3_natural,50,229,57.63333333333333,-2.45257830619812,0.038187007999859385
COHFACE_s20_session3_natural,50,230,57.666666666666664,-2.5239098072052,0.06575165000261182
COHFACE_s20_session3_natural,50,231,57.7,-2.464871644973755,0.07491623352413795
COHFACE_s20_session3_natural,50,232,57.733333333333334,-2.124558448791504,0.06279334871540898
COHFACE_s20_session3_natural,50,233,57.766666666666666,-1.4091839790344238,0.03235813923824747
COHFACE_s20_session3_natural,50,234,57.8,-0.756767213344574,-0.008006432927247063
COHFACE_s20_session3_natural,50,235,57.833333333333336,-0.3045448958873749,-0.04677155417627752
COHFACE_s20_session3_natural,50,236,57.86666666666667,0.08833461254835129,-0.07296771187663681
COHFACE_s20_session3_natural,50,237,57.9,0.35480496287345886,-0.08008642745653731
COHFACE_s20_session3_natural,50,238,57.93333333333333,0.42008453607559204,-0.06855447867358909
COHFACE_s20_session3_natural,50,239,57.96666666666667,0.297487735748291,-0.045615575646860064
